run_id,video,video_sha256,config_id,pts_ms,cls,confidence,x1,y1,x2,y2,area_px,width_px,height_px,aspect,abstained,abstain_reason,usable,seat_state,track_id,event_id,crop_id,crop_config,fallback_reason,crop_native_px,magnification,slice_index,merged_from,calibration_version,pose_source
corpus_01,01.Candidate was found using a mobile phone in the examination hall..mkv,b842b03e5784d867e93770560d88150a526250df69077cd3065edbbd4c842098,dfine_native,53620.0,monitor_or_bezel,0.8392,979.95,582.21,1079.94,716.52,13430.3,99.99,134.32,0.744,False,,True,unattributed,1,evt_01-P01_desk_work_surface_0001,0471e78e41e1c3f2,native_source_context_fallback,no_pose_observation,54793.1,2.46,,1,01/e1/v1,
corpus_01,01.Candidate was found using a mobile phone in the examination hall..mkv,b842b03e5784d867e93770560d88150a526250df69077cd3065edbbd4c842098,dfine_native,53620.0,phone,0.6103,1056.89,554.85,1078.65,583.6,625.4,21.75,28.75,0.757,False,,True,unattributed,1,evt_01-P01_desk_work_surface_0001,0471e78e41e1c3f2,native_source_context_fallback,no_pose_observation,54793.1,2.46,,1,01/e1/v1,
corpus_01,01.Candidate was found using a mobile phone in the examination hall..mkv,b842b03e5784d867e93770560d88150a526250df69077cd3065edbbd4c842098,dfine_native,53620.0,unknown_object,0.377,870.0,534.01,910.95,701.35,6853.3,40.96,167.34,0.245,False,,True,unattributed,1,evt_01-P01_desk_work_surface_0001,0471e78e41e1c3f2,native_source_context_fallback,no_pose_observation,54793.1,2.46,,1,01/e1/v1,
corpus_01,01.Candidate was found using a mobile phone in the examination hall..mkv,b842b03e5784d867e93770560d88150a526250df69077cd3065edbbd4c842098,dfine_native,53620.0,unknown_object,0.485,881.53,456.14,1031.16,598.6,21316.6,149.63,142.46,1.05,False,,True,unattributed,1,evt_01-P01_desk_work_surface_0001,0471e78e41e1c3f2,native_source_context_fallback,no_pose_observation,54793.1,2.46,,1,01/e1/v1,
corpus_01,01.Candidate was found using a mobile phone in the examination hall..mkv,b842b03e5784d867e93770560d88150a526250df69077cd3065edbbd4c842098,dfine_native,53620.0,unknown_object,0.3355,869.98,534.41,984.16,715.93,20724.0,114.17,181.52,0.629,False,,True,unattributed,1,evt_01-P01_desk_work_surface_0001,0471e78e41e1c3f2,native_source_context_fallback,no_pose_observation,54793.1,2.46,,1,01/e1/v1,
corpus_01,01.Candidate was found using a mobile phone in the examination hall..mkv,b842b03e5784d867e93770560d88150a526250df69077cd3065edbbd4c842098,dfine_native,53620.0,unknown_object,0.2727,869.68,456.27,1079.94,716.02,54616.6,210.27,259.75,0.809,False,,True,unattributed,1,evt_01-P01_desk_work_surface_0001,0471e78e41e1c3f2,native_source_context_fallback,no_pose_observation,54793.1,2.46,,1,01/e1/v1,
corpus_01,01.Candidate was found using a mobile phone in the examination hall..mkv,b842b03e5784d867e93770560d88150a526250df69077cd3065edbbd4c842098,dfine_native,53620.0,unknown_object,0.2768,869.96,535.52,894.99,675.28,3497.9,25.03,139.76,0.179,False,,True,unattributed,1,evt_01-P01_desk_work_surface_0001,0471e78e41e1c3f2,native_source_context_fallback,no_pose_observation,54793.1,2.46,,1,01/e1/v1,
corpus_01,01.Candidate was found using a mobile phone in the examination hall..mkv,b842b03e5784d867e93770560d88150a526250df69077cd3065edbbd4c842098,dfine_native,53620.0,unknown_object,0.2918,881.54,456.26,957.8,598.31,10832.9,76.26,142.05,0.537,False,,True,unattributed,1,evt_01-P01_desk_work_surface_0001,0471e78e41e1c3f2,native_source_context_fallback,no_pose_observation,54793.1,2.46,,1,01/e1/v1,
corpus_01,01.Candidate was found using a mobile phone in the examination hall..mkv,b842b03e5784d867e93770560d88150a526250df69077cd3065edbbd4c842098,dfine_native,53620.0,unknown_object,0.3081,925.69,456.1,1030.66,514.71,6152.4,104.98,58.61,1.791,False,,True,unattributed,1,evt_01-P01_desk_work_surface_0001,0471e78e41e1c3f2,native_source_context_fallback,no_pose_observation,54793.1,2.46,,1,01/e1/v1,
corpus_01,01.Candidate was found using a mobile phone in the examination hall..mkv,b842b03e5784d867e93770560d88150a526250df69077cd3065edbbd4c842098,dfine_native,53620.0,unknown_object,0.2558,881.66,456.14,1049.73,598.53,23931.1,168.07,142.39,1.18,False,,True,unattributed,1,evt_01-P01_desk_work_surface_0001,0471e78e41e1c3f2,native_source_context_fallback,no_pose_observation,54793.1,2.46,,1,01/e1/v1,
corpus_01,01.Candidate was found using a mobile phone in the examination hall..mkv,b842b03e5784d867e93770560d88150a526250df69077cd3065edbbd4c842098,dfine_native,53620.0,unknown_object,0.2835,881.78,456.28,935.31,598.2,7596.7,53.53,141.92,0.377,False,,True,unattributed,1,evt_01-P01_desk_work_surface_0001,0471e78e41e1c3f2,native_source_context_fallback,no_pose_observation,54793.1,2.46,,1,01/e1/v1,
corpus_01,01.Candidate was found using a mobile phone in the examination hall..mkv,b842b03e5784d867e93770560d88150a526250df69077cd3065edbbd4c842098,dfine_native,53620.0,unknown_object,0.2701,881.92,456.21,997.56,596.47,16219.9,115.64,140.27,0.824,False,,True,unattributed,1,evt_01-P01_desk_work_surface_0001,0471e78e41e1c3f2,native_source_context_fallback,no_pose_observation,54793.1,2.46,,1,01/e1/v1,
corpus_01,01.Candidate was found using a mobile phone in the examination hall..mkv,b842b03e5784d867e93770560d88150a526250df69077cd3065edbbd4c842098,dfine_native,53620.0,unknown_object,0.2643,925.85,456.19,1000.28,514.41,4333.5,74.43,58.22,1.278,False,,True,unattributed,1,evt_01-P01_desk_work_surface_0001,0471e78e41e1c3f2,native_source_context_fallback,no_pose_observation,54793.1,2.46,,1,01/e1/v1,
corpus_01,01.Candidate was found using a mobile phone in the examination hall..mkv,b842b03e5784d867e93770560d88150a526250df69077cd3065edbbd4c842098,dfine_native,53620.0,unknown_object,0.7969,649.86,406.22,725.47,536.7,9866.7,75.61,130.49,0.579,False,,True,unattributed,2,evt_01-P01_desk_work_surface_0001,d8856ff8f231780b,native_source_context_fallback,wrist_confidence_below_floor,24133.7,2.71,,1,01/e1/v1,rtmpose_baseline
corpus_01,01.Candidate was found using a mobile phone in the examination hall..mkv,b842b03e5784d867e93770560d88150a526250df69077cd3065edbbd4c842098,dfine_native,53620.0,unknown_object,0.7633,698.76,397.86,752.03,538.53,7494.5,53.27,140.68,0.379,False,,True,unattributed,2,evt_01-P01_desk_work_surface_0001,d8856ff8f231780b,native_source_context_fallback,wrist_confidence_below_floor,24133.7,2.71,,1,01/e1/v1,rtmpose_baseline
corpus_01,01.Candidate was found using a mobile phone in the examination hall..mkv,b842b03e5784d867e93770560d88150a526250df69077cd3065edbbd4c842098,dfine_native,53620.0,unknown_object,0.4723,724.34,397.69,748.95,429.82,790.7,24.61,32.12,0.766,False,,True,unattributed,2,evt_01-P01_desk_work_surface_0001,d8856ff8f231780b,native_source_context_fallback,wrist_confidence_below_floor,24133.7,2.71,,1,01/e1/v1,rtmpose_baseline
corpus_01,01.Candidate was found using a mobile phone in the examination hall..mkv,b842b03e5784d867e93770560d88150a526250df69077cd3065edbbd4c842098,dfine_native,53620.0,unknown_object,0.4685,649.93,365.48,667.32,401.1,619.4,17.39,35.61,0.488,False,,True,unattributed,2,evt_01-P01_desk_work_surface_0001,d8856ff8f231780b,native_source_context_fallback,wrist_confidence_below_floor,24133.7,2.71,,1,01/e1/v1,rtmpose_baseline
corpus_01,01.Candidate was found using a mobile phone in the examination hall..mkv,b842b03e5784d867e93770560d88150a526250df69077cd3065edbbd4c842098,dfine_native,53620.0,unknown_object,0.3261,649.79,397.98,751.41,538.04,14234.1,101.63,140.06,0.726,False,,True,unattributed,2,evt_01-P01_desk_work_surface_0001,d8856ff8f231780b,native_source_context_fallback,wrist_confidence_below_floor,24133.7,2.71,,1,01/e1/v1,rtmpose_baseline
corpus_01,01.Candidate was found using a mobile phone in the examination hall..mkv,b842b03e5784d867e93770560d88150a526250df69077cd3065edbbd4c842098,dfine_native,53620.0,unknown_object,0.2953,649.98,406.84,696.28,537.02,6027.4,46.3,130.17,0.356,False,,True,unattributed,2,evt_01-P01_desk_work_surface_0001,d8856ff8f231780b,native_source_context_fallback,wrist_confidence_below_floor,24133.7,2.71,,1,01/e1/v1,rtmpose_baseline
corpus_01,01.Candidate was found using a mobile phone in the examination hall..mkv,b842b03e5784d867e93770560d88150a526250df69077cd3065edbbd4c842098,dfine_native,53620.0,unknown_object,0.252,733.62,371.15,752.13,404.46,616.5,18.51,33.31,0.556,False,,True,unattributed,2,evt_01-P01_desk_work_surface_0001,d8856ff8f231780b,native_source_context_fallback,wrist_confidence_below_floor,24133.7,2.71,,1,01/e1/v1,rtmpose_baseline
corpus_01,01.Candidate was found using a mobile phone in the examination hall..mkv,b842b03e5784d867e93770560d88150a526250df69077cd3065edbbd4c842098,dfine_native,53620.0,unknown_object,0.2719,724.77,370.34,752.06,429.73,1620.8,27.29,59.38,0.46,False,,True,unattributed,2,evt_01-P01_desk_work_surface_0001,d8856ff8f231780b,native_source_context_fallback,wrist_confidence_below_floor,24133.7,2.71,,1,01/e1/v1,rtmpose_baseline
corpus_01,01.Candidate was found using a mobile phone in the examination hall..mkv,b842b03e5784d867e93770560d88150a526250df69077cd3065edbbd4c842098,dfine_native,53620.0,unknown_object,0.4034,649.89,368.82,660.53,377.88,96.4,10.64,9.06,1.174,True,object footprint 96 px is under the 120 px floor for a call,False,unattributed,2,evt_01-P01_desk_work_surface_0001,d8856ff8f231780b,native_source_context_fallback,wrist_confidence_below_floor,24133.7,2.71,,1,01/e1/v1,rtmpose_baseline
corpus_01,01.Candidate was found using a mobile phone in the examination hall..mkv,b842b03e5784d867e93770560d88150a526250df69077cd3065edbbd4c842098,dfine_native,54140.0,unknown_object,0.7661,651.98,406.03,725.7,487.42,6000.4,73.72,81.4,0.906,False,,True,unattributed,2,evt_01-P02_desk_work_surface_0009,6acb64a553686e50,native_source_context_fallback,wrist_confidence_below_floor,18669.3,3.45,,1,01/e1/v1,rtmpose_baseline
corpus_01,01.Candidate was found using a mobile phone in the examination hall..mkv,b842b03e5784d867e93770560d88150a526250df69077cd3065edbbd4c842098,dfine_native,54140.0,unknown_object,0.3665,652.03,399.85,751.85,487.59,8757.4,99.82,87.73,1.138,False,,True,unattributed,2,evt_01-P02_desk_work_surface_0009,6acb64a553686e50,native_source_context_fallback,wrist_confidence_below_floor,18669.3,3.45,,1,01/e1/v1,rtmpose_baseline
corpus_01,01.Candidate was found using a mobile phone in the examination hall..mkv,b842b03e5784d867e93770560d88150a526250df69077cd3065edbbd4c842098,dfine_native,54140.0,unknown_object,0.3682,725.73,397.95,748.43,428.8,700.1,22.7,30.85,0.736,False,,True,unattributed,2,evt_01-P02_desk_work_surface_0009,6acb64a553686e50,native_source_context_fallback,wrist_confidence_below_floor,18669.3,3.45,,1,01/e1/v1,rtmpose_baseline
corpus_01,01.Candidate was found using a mobile phone in the examination hall..mkv,b842b03e5784d867e93770560d88150a526250df69077cd3065edbbd4c842098,dfine_native,54140.0,unknown_object,0.3584,651.93,365.16,671.03,399.41,654.4,19.11,34.25,0.558,False,,True,unattributed,2,evt_01-P02_desk_work_surface_0009,6acb64a553686e50,native_source_context_fallback,wrist_confidence_below_floor,18669.3,3.45,,1,01/e1/v1,rtmpose_baseline
corpus_01,01.Candidate was found using a mobile phone in the examination hall..mkv,b842b03e5784d867e93770560d88150a526250df69077cd3065edbbd4c842098,dfine_native,54140.0,unknown_object,0.3022,652.08,406.53,694.85,487.25,3453.3,42.78,80.73,0.53,False,,True,unattributed,2,evt_01-P02_desk_work_surface_0009,6acb64a553686e50,native_source_context_fallback,wrist_confidence_below_floor,18669.3,3.45,,1,01/e1/v1,rtmpose_baseline
corpus_01,01.Candidate was found using a mobile phone in the examination hall..mkv,b842b03e5784d867e93770560d88150a526250df69077cd3065edbbd4c842098,dfine_native,54140.0,unknown_object,0.4183,651.88,364.9,671.34,420.93,1090.3,19.46,56.03,0.347,False,,True,unattributed,2,evt_01-P02_desk_work_surface_0009,6acb64a553686e50,native_source_context_fallback,wrist_confidence_below_floor,18669.3,3.45,,1,01/e1/v1,rtmpose_baseline
corpus_01,01.Candidate was found using a mobile phone in the examination hall..mkv,b842b03e5784d867e93770560d88150a526250df69077cd3065edbbd4c842098,dfine_native,54140.0,unknown_object,0.3002,692.36,397.86,752.02,486.98,5316.9,59.66,89.12,0.669,False,,True,unattributed,2,evt_01-P02_desk_work_surface_0009,6acb64a553686e50,native_source_context_fallback,wrist_confidence_below_floor,18669.3,3.45,,1,01/e1/v1,rtmpose_baseline
corpus_01,01.Candidate was found using a mobile phone in the examination hall..mkv,b842b03e5784d867e93770560d88150a526250df69077cd3065edbbd4c842098,dfine_native,54140.0,insufficient_visual_evidence,0.0,37.37,690.22,85.37,720.0,1429.4,48.0,29.78,1.612,True,"native footprint 48x30 px is under the 32 px floor; magnifying it 13.3x adds interpolation, not detail",False,unattributed,3,evt_01-P02_desk_work_surface_0009,be24e28f5da403ec,pose_hand_context,,1429.4,13.33,,1,01/e1/v1,rtmpose_baseline
corpus_01,01.Candidate was found using a mobile phone in the examination hall..mkv,b842b03e5784d867e93770560d88150a526250df69077cd3065edbbd4c842098,dfine_native,54140.0,monitor_or_bezel,0.8769,980.13,586.0,1056.03,714.98,9788.7,75.89,128.98,0.588,False,,True,unattributed,1,evt_01-P02_desk_work_surface_0009,fc3f0b3b157f709b,native_source_context_fallback,wrist_confidence_below_floor,47546.7,2.47,,1,01/e1/v1,rtmpose_baseline
corpus_01,01.Candidate was found using a mobile phone in the examination hall..mkv,b842b03e5784d867e93770560d88150a526250df69077cd3065edbbd4c842098,dfine_native,54140.0,unknown_object,0.6248,881.94,457.21,1029.25,599.77,20999.3,147.31,142.55,1.033,False,,True,unattributed,1,evt_01-P02_desk_work_surface_0009,fc3f0b3b157f709b,native_source_context_fallback,wrist_confidence_below_floor,47546.7,2.47,,1,01/e1/v1,rtmpose_baseline
corpus_01,01.Candidate was found using a mobile phone in the examination hall..mkv,b842b03e5784d867e93770560d88150a526250df69077cd3065edbbd4c842098,dfine_native,54140.0,phone,0.4412,1037.18,567.1,1056.13,592.83,487.4,18.95,25.72,0.737,False,,True,unattributed,1,evt_01-P02_desk_work_surface_0009,fc3f0b3b157f709b,native_source_context_fallback,wrist_confidence_below_floor,47546.7,2.47,,1,01/e1/v1,rtmpose_baseline
corpus_01,01.Candidate was found using a mobile phone in the examination hall..mkv,b842b03e5784d867e93770560d88150a526250df69077cd3065edbbd4c842098,dfine_native,54140.0,unknown_object,0.4325,871.84,540.08,894.79,671.59,3017.6,22.95,131.51,0.174,False,,True,unattributed,1,evt_01-P02_desk_work_surface_0009,fc3f0b3b157f709b,native_source_context_fallback,wrist_confidence_below_floor,47546.7,2.47,,1,01/e1/v1,rtmpose_baseline
corpus_01,01.Candidate was found using a mobile phone in the examination hall..mkv,b842b03e5784d867e93770560d88150a526250df69077cd3065edbbd4c842098,dfine_native,54140.0,unknown_object,0.3694,882.05,457.26,955.91,599.59,10512.6,73.86,142.33,0.519,False,,True,unattributed,1,evt_01-P02_desk_work_surface_0009,fc3f0b3b157f709b,native_source_context_fallback,wrist_confidence_below_floor,47546.7,2.47,,1,01/e1/v1,rtmpose_baseline
corpus_01,01.Candidate was found using a mobile phone in the examination hall..mkv,b842b03e5784d867e93770560d88150a526250df69077cd3065edbbd4c842098,dfine_native,54140.0,unknown_object,0.3227,1003.07,560.18,1056.0,618.02,3061.9,52.93,57.85,0.915,False,,True,unattributed,1,evt_01-P02_desk_work_surface_0009,fc3f0b3b157f709b,native_source_context_fallback,wrist_confidence_below_floor,47546.7,2.47,,1,01/e1/v1,rtmpose_baseline
corpus_01,01.Candidate was found using a mobile phone in the examination hall..mkv,b842b03e5784d867e93770560d88150a526250df69077cd3065edbbd4c842098,dfine_native,54140.0,unknown_object,0.2877,882.1,457.22,939.73,599.26,8185.9,57.63,142.05,0.406,False,,True,unattributed,1,evt_01-P02_desk_work_surface_0009,fc3f0b3b157f709b,native_source_context_fallback,wrist_confidence_below_floor,47546.7,2.47,,1,01/e1/v1,rtmpose_baseline
corpus_01,01.Candidate was found using a mobile phone in the examination hall..mkv,b842b03e5784d867e93770560d88150a526250df69077cd3065edbbd4c842098,dfine_native,54140.0,unknown_object,0.3676,871.81,457.53,1055.78,714.47,47269.5,183.97,256.94,0.716,False,,True,unattributed,1,evt_01-P02_desk_work_surface_0009,fc3f0b3b157f709b,native_source_context_fallback,wrist_confidence_below_floor,47546.7,2.47,,1,01/e1/v1,rtmpose_baseline
corpus_01,01.Candidate was found using a mobile phone in the examination hall..mkv,b842b03e5784d867e93770560d88150a526250df69077cd3065edbbd4c842098,dfine_native,54140.0,unknown_object,0.2859,922.55,457.14,1029.97,546.0,9544.6,107.42,88.86,1.209,False,,True,unattributed,1,evt_01-P02_desk_work_surface_0009,fc3f0b3b157f709b,native_source_context_fallback,wrist_confidence_below_floor,47546.7,2.47,,1,01/e1/v1,rtmpose_baseline
corpus_01,01.Candidate was found using a mobile phone in the examination hall..mkv,b842b03e5784d867e93770560d88150a526250df69077cd3065edbbd4c842098,dfine_native,54140.0,unknown_object,0.4279,925.5,457.11,1029.89,514.88,6030.6,104.38,57.77,1.807,False,,True,unattributed,1,evt_01-P02_desk_work_surface_0009,fc3f0b3b157f709b,native_source_context_fallback,wrist_confidence_below_floor,47546.7,2.47,,1,01/e1/v1,rtmpose_baseline
corpus_01,01.Candidate was found using a mobile phone in the examination hall..mkv,b842b03e5784d867e93770560d88150a526250df69077cd3065edbbd4c842098,dfine_native,54140.0,unknown_object,0.349,871.78,539.22,895.5,695.97,3718.7,23.72,156.75,0.151,False,,True,unattributed,1,evt_01-P02_desk_work_surface_0009,fc3f0b3b157f709b,native_source_context_fallback,wrist_confidence_below_floor,47546.7,2.47,,1,01/e1/v1,rtmpose_baseline
corpus_01,01.Candidate was found using a mobile phone in the examination hall..mkv,b842b03e5784d867e93770560d88150a526250df69077cd3065edbbd4c842098,dfine_native,54140.0,unknown_object,0.3974,925.76,457.12,1004.69,514.55,4533.0,78.93,57.43,1.375,False,,True,unattributed,1,evt_01-P02_desk_work_surface_0009,fc3f0b3b157f709b,native_source_context_fallback,wrist_confidence_below_floor,47546.7,2.47,,1,01/e1/v1,rtmpose_baseline
corpus_01,01.Candidate was found using a mobile phone in the examination hall..mkv,b842b03e5784d867e93770560d88150a526250df69077cd3065edbbd4c842098,dfine_native,54140.0,unknown_object,0.2725,922.77,457.18,1007.23,542.41,7199.1,84.46,85.24,0.991,False,,True,unattributed,1,evt_01-P02_desk_work_surface_0009,fc3f0b3b157f709b,native_source_context_fallback,wrist_confidence_below_floor,47546.7,2.47,,1,01/e1/v1,rtmpose_baseline
corpus_01,01.Candidate was found using a mobile phone in the examination hall..mkv,b842b03e5784d867e93770560d88150a526250df69077cd3065edbbd4c842098,dfine_native,54140.0,unknown_object,0.2506,871.84,537.74,910.98,700.31,6362.4,39.14,162.57,0.241,False,,True,unattributed,1,evt_01-P02_desk_work_surface_0009,fc3f0b3b157f709b,native_source_context_fallback,wrist_confidence_below_floor,47546.7,2.47,,1,01/e1/v1,rtmpose_baseline
corpus_01,01.Candidate was found using a mobile phone in the examination hall..mkv,b842b03e5784d867e93770560d88150a526250df69077cd3065edbbd4c842098,dfine_native,54140.0,unknown_object,0.2807,882.26,457.15,935.64,576.51,6370.9,53.38,119.36,0.447,False,,True,unattributed,1,evt_01-P02_desk_work_surface_0009,fc3f0b3b157f709b,native_source_context_fallback,wrist_confidence_below_floor,47546.7,2.47,,1,01/e1/v1,rtmpose_baseline
corpus_01,01.Candidate was found using a mobile phone in the examination hall..mkv,b842b03e5784d867e93770560d88150a526250df69077cd3065edbbd4c842098,dfine_native,54140.0,unknown_object,0.2523,871.94,540.45,983.99,714.95,19551.7,112.05,174.5,0.642,False,,True,unattributed,1,evt_01-P02_desk_work_surface_0009,fc3f0b3b157f709b,native_source_context_fallback,wrist_confidence_below_floor,47546.7,2.47,,1,01/e1/v1,rtmpose_baseline
corpus_01,01.Candidate was found using a mobile phone in the examination hall..mkv,b842b03e5784d867e93770560d88150a526250df69077cd3065edbbd4c842098,dfine_native,54140.0,unknown_object,0.2686,926.02,457.06,1005.72,486.24,2325.1,79.7,29.17,2.732,False,,True,unattributed,1,evt_01-P02_desk_work_surface_0009,fc3f0b3b157f709b,native_source_context_fallback,wrist_confidence_below_floor,47546.7,2.47,,1,01/e1/v1,rtmpose_baseline
corpus_01,01.Candidate was found using a mobile phone in the examination hall..mkv,b842b03e5784d867e93770560d88150a526250df69077cd3065edbbd4c842098,dfine_native,54140.0,unknown_object,0.3147,881.89,457.25,1004.64,600.11,17534.9,122.75,142.86,0.859,False,,True,unattributed,1,evt_01-P02_desk_work_surface_0009,fc3f0b3b157f709b,native_source_context_fallback,wrist_confidence_below_floor,47546.7,2.47,,1,01/e1/v1,rtmpose_baseline
corpus_01,01.Candidate was found using a mobile phone in the examination hall..mkv,b842b03e5784d867e93770560d88150a526250df69077cd3065edbbd4c842098,dfine_native,54140.0,unknown_object,0.3168,882.21,457.19,933.63,599.59,7321.2,51.41,142.4,0.361,False,,True,unattributed,1,evt_01-P02_desk_work_surface_0009,fc3f0b3b157f709b,native_source_context_fallback,wrist_confidence_below_floor,47546.7,2.47,,1,01/e1/v1,rtmpose_baseline
corpus_01,01.Candidate was found using a mobile phone in the examination hall..mkv,b842b03e5784d867e93770560d88150a526250df69077cd3065edbbd4c842098,dfine_native,54620.0,unknown_object,0.4336,142.56,544.38,269.45,669.45,15869.9,126.89,125.07,1.015,False,,True,unattributed,4,evt_01-P01_desk_work_surface_0001,235afe13070ce83d,native_source_context_fallback,wrist_confidence_below_floor,22781.4,3.68,,1,01/e1/v1,rtmpose_baseline
corpus_01,01.Candidate was found using a mobile phone in the examination hall..mkv,b842b03e5784d867e93770560d88150a526250df69077cd3065edbbd4c842098,dfine_native,54620.0,phone,0.291,226.28,544.14,269.91,606.59,2725.1,43.63,62.45,0.699,False,,True,unattributed,4,evt_01-P01_desk_work_surface_0001,235afe13070ce83d,native_source_context_fallback,wrist_confidence_below_floor,22781.4,3.68,,1,01/e1/v1,rtmpose_baseline
corpus_01,01.Candidate was found using a mobile phone in the examination hall..mkv,b842b03e5784d867e93770560d88150a526250df69077cd3065edbbd4c842098,dfine_native,54620.0,phone,0.2755,226.96,544.1,270.08,673.18,5565.3,43.11,129.08,0.334,False,,True,unattributed,4,evt_01-P01_desk_work_surface_0001,235afe13070ce83d,native_source_context_fallback,wrist_confidence_below_floor,22781.4,3.68,,1,01/e1/v1,rtmpose_baseline
corpus_01,01.Candidate was found using a mobile phone in the examination hall..mkv,b842b03e5784d867e93770560d88150a526250df69077cd3065edbbd4c842098,dfine_native,54620.0,monitor_or_bezel,0.8534,980.06,582.67,1080.12,713.12,13053.8,100.06,130.45,0.767,False,,True,unattributed,1,evt_01-P01_desk_work_surface_0001,25fa009d93035fc2,native_source_context_fallback,wrist_confidence_below_floor,51439.2,2.49,,1,01/e1/v1,rtmpose_baseline
corpus_01,01.Candidate was found using a mobile phone in the examination hall..mkv,b842b03e5784d867e93770560d88150a526250df69077cd3065edbbd4c842098,dfine_native,54620.0,phone,0.5719,1036.61,562.39,1080.25,588.84,1153.9,43.63,26.45,1.65,False,,True,unattributed,1,evt_01-P01_desk_work_surface_0001,25fa009d93035fc2,native_source_context_fallback,wrist_confidence_below_floor,51439.2,2.49,,1,01/e1/v1,rtmpose_baseline
corpus_01,01.Candidate was found using a mobile phone in the examination hall..mkv,b842b03e5784d867e93770560d88150a526250df69077cd3065edbbd4c842098,dfine_native,54620.0,unknown_object,0.3368,882.35,457.22,1003.93,604.17,17866.7,121.59,146.94,0.827,False,,True,unattributed,1,evt_01-P01_desk_work_surface_0001,25fa009d93035fc2,native_source_context_fallback,wrist_confidence_below_floor,51439.2,2.49,,1,01/e1/v1,rtmpose_baseline
corpus_01,01.Candidate was found using a mobile phone in the examination hall..mkv,b842b03e5784d867e93770560d88150a526250df69077cd3065edbbd4c842098,dfine_native,54620.0,unknown_object,0.4148,882.13,457.23,1031.02,605.8,22120.5,148.89,148.57,1.002,False,,True,unattributed,1,evt_01-P01_desk_work_surface_0001,25fa009d93035fc2,native_source_context_fallback,wrist_confidence_below_floor,51439.2,2.49,,1,01/e1/v1,rtmpose_baseline
corpus_01,01.Candidate was found using a mobile phone in the examination hall..mkv,b842b03e5784d867e93770560d88150a526250df69077cd3065edbbd4c842098,dfine_native,54620.0,unknown_object,0.2793,878.85,558.98,894.79,653.73,1510.0,15.94,94.74,0.168,False,,True,unattributed,1,evt_01-P01_desk_work_surface_0001,25fa009d93035fc2,native_source_context_fallback,wrist_confidence_below_floor,51439.2,2.49,,1,01/e1/v1,rtmpose_baseline
corpus_01,01.Candidate was found using a mobile phone in the examination hall..mkv,b842b03e5784d867e93770560d88150a526250df69077cd3065edbbd4c842098,dfine_native,54620.0,unknown_object,0.3606,882.38,457.22,937.25,601.16,7896.9,54.86,143.94,0.381,False,,True,unattributed,1,evt_01-P01_desk_work_surface_0001,25fa009d93035fc2,native_source_context_fallback,wrist_confidence_below_floor,51439.2,2.49,,1,01/e1/v1,rtmpose_baseline
corpus_01,01.Candidate was found using a mobile phone in the examination hall..mkv,b842b03e5784d867e93770560d88150a526250df69077cd3065edbbd4c842098,dfine_native,54620.0,unknown_object,0.3415,925.59,457.11,1031.31,514.7,6087.8,105.72,57.59,1.836,False,,True,unattributed,1,evt_01-P01_desk_work_surface_0001,25fa009d93035fc2,native_source_context_fallback,wrist_confidence_below_floor,51439.2,2.49,,1,01/e1/v1,rtmpose_baseline
corpus_01,01.Candidate was found using a mobile phone in the examination hall..mkv,b842b03e5784d867e93770560d88150a526250df69077cd3065edbbd4c842098,dfine_native,54620.0,unknown_object,0.262,922.27,457.27,1004.67,545.62,7279.4,82.39,88.35,0.933,False,,True,unattributed,1,evt_01-P01_desk_work_surface_0001,25fa009d93035fc2,native_source_context_fallback,wrist_confidence_below_floor,51439.2,2.49,,1,01/e1/v1,rtmpose_baseline
corpus_01,01.Candidate was found using a mobile phone in the examination hall..mkv,b842b03e5784d867e93770560d88150a526250df69077cd3065edbbd4c842098,dfine_native,54620.0,unknown_object,0.3727,925.76,457.14,1005.21,514.31,4542.6,79.45,57.17,1.39,False,,True,unattributed,1,evt_01-P01_desk_work_surface_0001,25fa009d93035fc2,native_source_context_fallback,wrist_confidence_below_floor,51439.2,2.49,,1,01/e1/v1,rtmpose_baseline
corpus_01,01.Candidate was found using a mobile phone in the examination hall..mkv,b842b03e5784d867e93770560d88150a526250df69077cd3065edbbd4c842098,dfine_native,54620.0,unknown_object,0.8126,654.95,405.43,724.79,531.42,8799.6,69.84,125.99,0.554,False,,True,unattributed,2,evt_01-P01_desk_work_surface_0001,e66c33d77dda99c7,native_source_context_fallback,wrist_confidence_below_floor,21896.8,2.76,,1,01/e1/v1,rtmpose_baseline
corpus_01,01.Candidate was found using a mobile phone in the examination hall..mkv,b842b03e5784d867e93770560d88150a526250df69077cd3065edbbd4c842098,dfine_native,54620.0,unknown_object,0.6845,698.97,397.1,751.09,533.31,7098.5,52.12,136.2,0.383,False,,True,unattributed,2,evt_01-P01_desk_work_surface_0001,e66c33d77dda99c7,native_source_context_fallback,wrist_confidence_below_floor,21896.8,2.76,,1,01/e1/v1,rtmpose_baseline
corpus_01,01.Candidate was found using a mobile phone in the examination hall..mkv,b842b03e5784d867e93770560d88150a526250df69077cd3065edbbd4c842098,dfine_native,54620.0,unknown_object,0.3656,727.95,372.07,751.02,428.26,1296.3,23.07,56.18,0.411,False,,True,unattributed,2,evt_01-P01_desk_work_surface_0001,e66c33d77dda99c7,native_source_context_fallback,wrist_confidence_below_floor,21896.8,2.76,,1,01/e1/v1,rtmpose_baseline
corpus_01,01.Candidate was found using a mobile phone in the examination hall..mkv,b842b03e5784d867e93770560d88150a526250df69077cd3065edbbd4c842098,dfine_native,54620.0,unknown_object,0.3311,654.86,397.74,750.81,533.13,12990.1,95.95,135.39,0.709,False,,True,unattributed,2,evt_01-P01_desk_work_surface_0001,e66c33d77dda99c7,native_source_context_fallback,wrist_confidence_below_floor,21896.8,2.76,,1,01/e1/v1,rtmpose_baseline
corpus_01,01.Candidate was found using a mobile phone in the examination hall..mkv,b842b03e5784d867e93770560d88150a526250df69077cd3065edbbd4c842098,dfine_native,54620.0,mouse,0.4613,654.99,368.95,660.37,376.72,41.8,5.38,7.77,0.693,True,object footprint 42 px is under the 120 px floor for a call,False,unattributed,2,evt_01-P01_desk_work_surface_0001,e66c33d77dda99c7,native_source_context_fallback,wrist_confidence_below_floor,21896.8,2.76,,1,01/e1/v1,rtmpose_baseline
corpus_01,01.Candidate was found using a mobile phone in the examination hall..mkv,b842b03e5784d867e93770560d88150a526250df69077cd3065edbbd4c842098,dfine_native,54620.0,unknown_object,0.4281,727.82,397.89,748.42,428.6,632.8,20.61,30.71,0.671,False,,True,unattributed,2,evt_01-P01_desk_work_surface_0001,e66c33d77dda99c7,native_source_context_fallback,wrist_confidence_below_floor,21896.8,2.76,,1,01/e1/v1,rtmpose_baseline
corpus_01,01.Candidate was found using a mobile phone in the examination hall..mkv,b842b03e5784d867e93770560d88150a526250df69077cd3065edbbd4c842098,dfine_native,54620.0,unknown_object,0.2515,654.97,370.22,751.2,533.31,15694.7,96.24,163.08,0.59,False,,True,unattributed,2,evt_01-P01_desk_work_surface_0001,e66c33d77dda99c7,native_source_context_fallback,wrist_confidence_below_floor,21896.8,2.76,,1,01/e1/v1,rtmpose_baseline
corpus_01,01.Candidate was found using a mobile phone in the examination hall..mkv,b842b03e5784d867e93770560d88150a526250df69077cd3065edbbd4c842098,dfine_native,54620.0,unknown_object,0.4302,654.95,365.82,676.89,397.05,685.2,21.94,31.23,0.702,False,,True,unattributed,2,evt_01-P01_desk_work_surface_0001,e66c33d77dda99c7,native_source_context_fallback,wrist_confidence_below_floor,21896.8,2.76,,1,01/e1/v1,rtmpose_baseline
corpus_01,01.Candidate was found using a mobile phone in the examination hall..mkv,b842b03e5784d867e93770560d88150a526250df69077cd3065edbbd4c842098,dfine_native,54620.0,unknown_object,0.2612,735.63,372.67,751.08,403.25,472.6,15.46,30.58,0.505,False,,True,unattributed,2,evt_01-P01_desk_work_surface_0001,e66c33d77dda99c7,native_source_context_fallback,wrist_confidence_below_floor,21896.8,2.76,,1,01/e1/v1,rtmpose_baseline
corpus_01,01.Candidate was found using a mobile phone in the examination hall..mkv,b842b03e5784d867e93770560d88150a526250df69077cd3065edbbd4c842098,dfine_native,54620.0,unknown_object,0.4615,694.22,372.27,751.36,533.39,9207.0,57.14,161.12,0.355,False,,True,unattributed,2,evt_01-P01_desk_work_surface_0001,e66c33d77dda99c7,native_source_context_fallback,wrist_confidence_below_floor,21896.8,2.76,,1,01/e1/v1,rtmpose_baseline
corpus_01,01.Candidate was found using a mobile phone in the examination hall..mkv,b842b03e5784d867e93770560d88150a526250df69077cd3065edbbd4c842098,dfine_native,54620.0,unknown_object,0.2677,701.52,476.08,751.08,533.74,2856.9,49.55,57.66,0.859,False,,True,unattributed,2,evt_01-P01_desk_work_surface_0001,e66c33d77dda99c7,native_source_context_fallback,wrist_confidence_below_floor,21896.8,2.76,,1,01/e1/v1,rtmpose_baseline
corpus_01,01.Candidate was found using a mobile phone in the examination hall..mkv,b842b03e5784d867e93770560d88150a526250df69077cd3065edbbd4c842098,dfine_native,54620.0,unknown_object,0.2766,702.35,397.7,750.92,501.65,5048.7,48.57,103.95,0.467,False,,True,unattributed,2,evt_01-P01_desk_work_surface_0001,e66c33d77dda99c7,native_source_context_fallback,wrist_confidence_below_floor,21896.8,2.76,,1,01/e1/v1,rtmpose_baseline
corpus_01,01.Candidate was found using a mobile phone in the examination hall..mkv,b842b03e5784d867e93770560d88150a526250df69077cd3065edbbd4c842098,dfine_native,54620.0,unknown_object,0.2733,654.95,365.71,676.97,417.13,1132.3,22.02,51.42,0.428,False,,True,unattributed,2,evt_01-P01_desk_work_surface_0001,e66c33d77dda99c7,native_source_context_fallback,wrist_confidence_below_floor,21896.8,2.76,,1,01/e1/v1,rtmpose_baseline
corpus_01,01.Candidate was found using a mobile phone in the examination hall..mkv,b842b03e5784d867e93770560d88150a526250df69077cd3065edbbd4c842098,dfine_native,54660.0,monitor_or_bezel,0.4925,274.09,624.1,334.92,719.4,5796.6,60.83,95.3,0.638,False,,True,unattributed,4,evt_01-P02_upper_body_0011,86e583386632d89f,pose_hand_context,,8840.3,5.93,,1,01/e1/v1,rtmpose_baseline
corpus_01,01.Candidate was found using a mobile phone in the examination hall..mkv,b842b03e5784d867e93770560d88150a526250df69077cd3065edbbd4c842098,dfine_native,54660.0,phone,0.334,275.55,642.41,294.57,663.85,407.8,19.02,21.44,0.887,False,,True,unattributed,4,evt_01-P02_upper_body_0011,86e583386632d89f,pose_hand_context,,8840.3,5.93,,1,01/e1/v1,rtmpose_baseline
corpus_01,01.Candidate was found using a mobile phone in the examination hall..mkv,b842b03e5784d867e93770560d88150a526250df69077cd3065edbbd4c842098,dfine_native,54660.0,phone,0.2518,272.97,642.34,297.04,686.39,1060.2,24.07,44.05,0.546,False,,True,unattributed,4,evt_01-P02_upper_body_0011,86e583386632d89f,pose_hand_context,,8840.3,5.93,,1,01/e1/v1,rtmpose_baseline
corpus_01,01.Candidate was found using a mobile phone in the examination hall..mkv,b842b03e5784d867e93770560d88150a526250df69077cd3065edbbd4c842098,dfine_native,54660.0,monitor_or_bezel,0.3267,227.01,623.96,334.99,719.57,10325.0,107.98,95.62,1.129,False,,True,unattributed,4,evt_01-P02_upper_body_0011,86e583386632d89f,pose_hand_context,,8840.3,5.93,,1,01/e1/v1,rtmpose_baseline
corpus_01,01.Candidate was found using a mobile phone in the examination hall..mkv,b842b03e5784d867e93770560d88150a526250df69077cd3065edbbd4c842098,dfine_native,54660.0,monitor_or_bezel,0.3276,227.16,631.17,305.67,719.29,6918.1,78.5,88.12,0.891,False,,True,unattributed,4,evt_01-P02_upper_body_0011,86e583386632d89f,pose_hand_context,,8840.3,5.93,,1,01/e1/v1,rtmpose_baseline
corpus_01,01.Candidate was found using a mobile phone in the examination hall..mkv,b842b03e5784d867e93770560d88150a526250df69077cd3065edbbd4c842098,dfine_native,54660.0,phone,0.3378,273.54,642.42,294.75,672.7,642.0,21.21,30.28,0.7,False,,True,unattributed,4,evt_01-P02_upper_body_0011,86e583386632d89f,pose_hand_context,,8840.3,5.93,,1,01/e1/v1,rtmpose_baseline
corpus_01,01.Candidate was found using a mobile phone in the examination hall..mkv,b842b03e5784d867e93770560d88150a526250df69077cd3065edbbd4c842098,dfine_native,54660.0,unknown_object,0.7719,654.95,405.68,724.89,535.87,9104.3,69.93,130.19,0.537,False,,True,unattributed,2,evt_01-P02_upper_body_0011,aa0027717c6c2df5,native_source_context_fallback,wrist_confidence_below_floor,22296.6,2.72,,1,01/e1/v1,rtmpose_baseline
corpus_01,01.Candidate was found using a mobile phone in the examination hall..mkv,b842b03e5784d867e93770560d88150a526250df69077cd3065edbbd4c842098,dfine_native,54660.0,unknown_object,0.6768,698.08,396.95,750.69,537.43,7391.3,52.62,140.48,0.375,False,,True,unattributed,2,evt_01-P02_upper_body_0011,aa0027717c6c2df5,native_source_context_fallback,wrist_confidence_below_floor,22296.6,2.72,,1,01/e1/v1,rtmpose_baseline
corpus_01,01.Candidate was found using a mobile phone in the examination hall..mkv,b842b03e5784d867e93770560d88150a526250df69077cd3065edbbd4c842098,dfine_native,54660.0,unknown_object,0.3796,727.99,372.68,750.74,428.25,1264.6,22.76,55.57,0.409,False,,True,unattributed,2,evt_01-P02_upper_body_0011,aa0027717c6c2df5,native_source_context_fallback,wrist_confidence_below_floor,22296.6,2.72,,1,01/e1/v1,rtmpose_baseline
corpus_01,01.Candidate was found using a mobile phone in the examination hall..mkv,b842b03e5784d867e93770560d88150a526250df69077cd3065edbbd4c842098,dfine_native,54660.0,unknown_object,0.4325,727.82,397.8,748.33,428.51,629.9,20.51,30.7,0.668,False,,True,unattributed,2,evt_01-P02_upper_body_0011,aa0027717c6c2df5,native_source_context_fallback,wrist_confidence_below_floor,22296.6,2.72,,1,01/e1/v1,rtmpose_baseline
corpus_01,01.Candidate was found using a mobile phone in the examination hall..mkv,b842b03e5784d867e93770560d88150a526250df69077cd3065edbbd4c842098,dfine_native,54660.0,unknown_object,0.2597,730.2,372.31,750.78,405.15,676.0,20.59,32.84,0.627,False,,True,unattributed,2,evt_01-P02_upper_body_0011,aa0027717c6c2df5,native_source_context_fallback,wrist_confidence_below_floor,22296.6,2.72,,1,01/e1/v1,rtmpose_baseline
corpus_01,01.Candidate was found using a mobile phone in the examination hall..mkv,b842b03e5784d867e93770560d88150a526250df69077cd3065edbbd4c842098,dfine_native,54660.0,unknown_object,0.275,654.98,373.29,750.73,537.09,15683.5,95.75,163.8,0.585,False,,True,unattributed,2,evt_01-P02_upper_body_0011,aa0027717c6c2df5,native_source_context_fallback,wrist_confidence_below_floor,22296.6,2.72,,1,01/e1/v1,rtmpose_baseline
corpus_01,01.Candidate was found using a mobile phone in the examination hall..mkv,b842b03e5784d867e93770560d88150a526250df69077cd3065edbbd4c842098,dfine_native,54660.0,unknown_object,0.4948,694.26,372.57,750.91,537.33,9332.5,56.65,164.75,0.344,False,,True,unattributed,2,evt_01-P02_upper_body_0011,aa0027717c6c2df5,native_source_context_fallback,wrist_confidence_below_floor,22296.6,2.72,,1,01/e1/v1,rtmpose_baseline
corpus_01,01.Candidate was found using a mobile phone in the examination hall..mkv,b842b03e5784d867e93770560d88150a526250df69077cd3065edbbd4c842098,dfine_native,54660.0,unknown_object,0.2839,655.0,406.44,695.19,535.53,5186.9,40.18,129.08,0.311,False,,True,unattributed,2,evt_01-P02_upper_body_0011,aa0027717c6c2df5,native_source_context_fallback,wrist_confidence_below_floor,22296.6,2.72,,1,01/e1/v1,rtmpose_baseline
corpus_01,01.Candidate was found using a mobile phone in the examination hall..mkv,b842b03e5784d867e93770560d88150a526250df69077cd3065edbbd4c842098,dfine_native,54660.0,unknown_object,0.3653,654.92,365.66,677.31,396.4,688.4,22.4,30.74,0.729,False,,True,unattributed,2,evt_01-P02_upper_body_0011,aa0027717c6c2df5,native_source_context_fallback,wrist_confidence_below_floor,22296.6,2.72,,1,01/e1/v1,rtmpose_baseline
corpus_01,01.Candidate was found using a mobile phone in the examination hall..mkv,b842b03e5784d867e93770560d88150a526250df69077cd3065edbbd4c842098,dfine_native,54660.0,unknown_object,0.2606,654.83,398.13,750.46,537.0,13279.7,95.63,138.87,0.689,False,,True,unattributed,2,evt_01-P02_upper_body_0011,aa0027717c6c2df5,native_source_context_fallback,wrist_confidence_below_floor,22296.6,2.72,,1,01/e1/v1,rtmpose_baseline
corpus_01,01.Candidate was found using a mobile phone in the examination hall..mkv,b842b03e5784d867e93770560d88150a526250df69077cd3065edbbd4c842098,dfine_native,54660.0,unknown_object,0.2537,691.41,450.14,725.74,483.99,1162.1,34.34,33.85,1.014,False,,True,unattributed,2,evt_01-P02_upper_body_0011,aa0027717c6c2df5,native_source_context_fallback,wrist_confidence_below_floor,22296.6,2.72,,1,01/e1/v1,rtmpose_baseline
corpus_01,01.Candidate was found using a mobile phone in the examination hall..mkv,b842b03e5784d867e93770560d88150a526250df69077cd3065edbbd4c842098,dfine_native,54660.0,unknown_object,0.3133,654.93,368.83,660.52,377.45,48.2,5.59,8.62,0.649,True,object footprint 48 px is under the 120 px floor for a call,False,unattributed,2,evt_01-P02_upper_body_0011,aa0027717c6c2df5,native_source_context_fallback,wrist_confidence_below_floor,22296.6,2.72,,1,01/e1/v1,rtmpose_baseline
corpus_01,01.Candidate was found using a mobile phone in the examination hall..mkv,b842b03e5784d867e93770560d88150a526250df69077cd3065edbbd4c842098,dfine_native,54660.0,unknown_object,0.2634,702.86,476.23,750.8,537.79,2951.1,47.93,61.56,0.779,False,,True,unattributed,2,evt_01-P02_upper_body_0011,aa0027717c6c2df5,native_source_context_fallback,wrist_confidence_below_floor,22296.6,2.72,,1,01/e1/v1,rtmpose_baseline
corpus_01,01.Candidate was found using a mobile phone in the examination hall..mkv,b842b03e5784d867e93770560d88150a526250df69077cd3065edbbd4c842098,dfine_native,54660.0,unknown_object,0.3072,1034.93,562.09,1078.99,591.49,1295.4,44.07,29.4,1.499,False,,True,unattributed,1,evt_01-P02_upper_body_0011,c5ce92da05307051,native_source_context_fallback,wrist_confidence_below_floor,50038.4,2.52,,1,01/e1/v1,rtmpose_baseline
corpus_01,01.Candidate was found using a mobile phone in the examination hall..mkv,b842b03e5784d867e93770560d88150a526250df69077cd3065edbbd4c842098,dfine_native,54660.0,unknown_object,0.2831,880.89,564.79,894.69,649.43,1168.0,13.8,84.64,0.163,False,,True,unattributed,1,evt_01-P02_upper_body_0011,c5ce92da05307051,native_source_context_fallback,wrist_confidence_below_floor,50038.4,2.52,,1,01/e1/v1,rtmpose_baseline
corpus_01,01.Candidate was found using a mobile phone in the examination hall..mkv,b842b03e5784d867e93770560d88150a526250df69077cd3065edbbd4c842098,dfine_native,54660.0,unknown_object,0.4648,882.25,457.27,1030.39,605.18,21910.1,148.13,147.91,1.002,False,,True,unattributed,1,evt_01-P02_upper_body_0011,c5ce92da05307051,native_source_context_fallback,wrist_confidence_below_floor,50038.4,2.52,,1,01/e1/v1,rtmpose_baseline
corpus_01,01.Candidate was found using a mobile phone in the examination hall..mkv,b842b03e5784d867e93770560d88150a526250df69077cd3065edbbd4c842098,dfine_native,54660.0,unknown_object,0.3305,922.37,457.16,1031.36,543.71,9433.0,108.98,86.55,1.259,False,,True,unattributed,1,evt_01-P02_upper_body_0011,c5ce92da05307051,native_source_context_fallback,wrist_confidence_below_floor,50038.4,2.52,,1,01/e1/v1,rtmpose_baseline
corpus_01,01.Candidate was found using a mobile phone in the examination hall..mkv,b842b03e5784d867e93770560d88150a526250df69077cd3065edbbd4c842098,dfine_native,54660.0,unknown_object,0.2623,882.36,457.33,968.89,604.65,12747.6,86.53,147.32,0.587,False,,True,unattributed,1,evt_01-P02_upper_body_0011,c5ce92da05307051,native_source_context_fallback,wrist_confidence_below_floor,50038.4,2.52,,1,01/e1/v1,rtmpose_baseline
corpus_01,01.Candidate was found using a mobile phone in the examination hall..mkv,b842b03e5784d867e93770560d88150a526250df69077cd3065edbbd4c842098,dfine_native,54660.0,unknown_object,0.2834,882.33,457.3,1007.46,605.41,18534.0,125.14,148.11,0.845,False,,True,unattributed,1,evt_01-P02_upper_body_0011,c5ce92da05307051,native_source_context_fallback,wrist_confidence_below_floor,50038.4,2.52,,1,01/e1/v1,rtmpose_baseline
corpus_01,01.Candidate was found using a mobile phone in the examination hall..mkv,b842b03e5784d867e93770560d88150a526250df69077cd3065edbbd4c842098,dfine_native,54660.0,unknown_object,0.3995,882.44,457.24,937.41,601.06,7906.0,54.97,143.82,0.382,False,,True,unattributed,1,evt_01-P02_upper_body_0011,c5ce92da05307051,native_source_context_fallback,wrist_confidence_below_floor,50038.4,2.52,,1,01/e1/v1,rtmpose_baseline
corpus_01,01.Candidate was found using a mobile phone in the examination hall..mkv,b842b03e5784d867e93770560d88150a526250df69077cd3065edbbd4c842098,dfine_native,54660.0,monitor_or_bezel,0.4486,979.66,583.26,1078.9,710.52,12629.8,99.24,127.26,0.78,False,,True,unattributed,1,evt_01-P02_upper_body_0011,c5ce92da05307051,native_source_context_fallback,wrist_confidence_below_floor,50038.4,2.52,,1,01/e1/v1,rtmpose_baseline
corpus_01,01.Candidate was found using a mobile phone in the examination hall..mkv,b842b03e5784d867e93770560d88150a526250df69077cd3065edbbd4c842098,dfine_native,54660.0,unknown_object,0.3945,925.71,457.14,1004.77,514.72,4552.5,79.06,57.58,1.373,False,,True,unattributed,1,evt_01-P02_upper_body_0011,c5ce92da05307051,native_source_context_fallback,wrist_confidence_below_floor,50038.4,2.52,,1,01/e1/v1,rtmpose_baseline
corpus_01,01.Candidate was found using a mobile phone in the examination hall..mkv,b842b03e5784d867e93770560d88150a526250df69077cd3065edbbd4c842098,dfine_native,54660.0,unknown_object,0.3946,925.41,457.11,1031.07,515.12,6129.3,105.66,58.01,1.821,False,,True,unattributed,1,evt_01-P02_upper_body_0011,c5ce92da05307051,native_source_context_fallback,wrist_confidence_below_floor,50038.4,2.52,,1,01/e1/v1,rtmpose_baseline
corpus_01,01.Candidate was found using a mobile phone in the examination hall..mkv,b842b03e5784d867e93770560d88150a526250df69077cd3065edbbd4c842098,dfine_native,54660.0,unknown_object,0.2811,882.5,457.32,997.59,600.96,16531.7,115.09,143.64,0.801,False,,True,unattributed,1,evt_01-P02_upper_body_0011,c5ce92da05307051,native_source_context_fallback,wrist_confidence_below_floor,50038.4,2.52,,1,01/e1/v1,rtmpose_baseline
corpus_01,01.Candidate was found using a mobile phone in the examination hall..mkv,b842b03e5784d867e93770560d88150a526250df69077cd3065edbbd4c842098,dfine_native,54660.0,unknown_object,0.2779,880.82,457.41,934.72,681.12,12058.2,53.9,223.71,0.241,False,,True,unattributed,1,evt_01-P02_upper_body_0011,c5ce92da05307051,native_source_context_fallback,wrist_confidence_below_floor,50038.4,2.52,,1,01/e1/v1,rtmpose_baseline
corpus_01,01.Candidate was found using a mobile phone in the examination hall..mkv,b842b03e5784d867e93770560d88150a526250df69077cd3065edbbd4c842098,dfine_native,54660.0,unknown_object,0.325,922.58,457.24,1004.96,544.24,7166.7,82.37,87.0,0.947,False,,True,unattributed,1,evt_01-P02_upper_body_0011,c5ce92da05307051,native_source_context_fallback,wrist_confidence_below_floor,50038.4,2.52,,1,01/e1/v1,rtmpose_baseline
corpus_01,01.Candidate was found using a mobile phone in the examination hall..mkv,b842b03e5784d867e93770560d88150a526250df69077cd3065edbbd4c842098,dfine_native,54660.0,unknown_object,0.2866,880.83,457.19,1034.59,677.78,33916.8,153.75,220.59,0.697,False,,True,unattributed,1,evt_01-P02_upper_body_0011,c5ce92da05307051,native_source_context_fallback,wrist_confidence_below_floor,50038.4,2.52,,1,01/e1/v1,rtmpose_baseline
corpus_01,01.Candidate was found using a mobile phone in the examination hall..mkv,b842b03e5784d867e93770560d88150a526250df69077cd3065edbbd4c842098,dfine_native,54660.0,unknown_object,0.2605,882.53,457.26,933.52,576.32,6071.4,50.99,119.06,0.428,False,,True,unattributed,1,evt_01-P02_upper_body_0011,c5ce92da05307051,native_source_context_fallback,wrist_confidence_below_floor,50038.4,2.52,,1,01/e1/v1,rtmpose_baseline
corpus_01,01.Candidate was found using a mobile phone in the examination hall..mkv,b842b03e5784d867e93770560d88150a526250df69077cd3065edbbd4c842098,dfine_native,55140.0,unknown_object,0.4054,887.32,458.18,1022.47,609.1,20398.0,135.16,150.92,0.896,False,,True,unattributed,1,evt_01-P02_desk_work_surface_0009,8c7b05a129d12f2d,native_source_context_fallback,wrist_confidence_below_floor,42156.9,2.62,,1,01/e1/v1,rtmpose_baseline
corpus_01,01.Candidate was found using a mobile phone in the examination hall..mkv,b842b03e5784d867e93770560d88150a526250df69077cd3065edbbd4c842098,dfine_native,55140.0,unknown_object,0.5361,886.65,458.09,1058.81,700.39,41712.2,172.15,242.3,0.711,False,,True,unattributed,1,evt_01-P02_desk_work_surface_0009,8c7b05a129d12f2d,native_source_context_fallback,wrist_confidence_below_floor,42156.9,2.62,,1,01/e1/v1,rtmpose_baseline
corpus_01,01.Candidate was found using a mobile phone in the examination hall..mkv,b842b03e5784d867e93770560d88150a526250df69077cd3065edbbd4c842098,dfine_native,55140.0,unknown_object,0.3731,981.38,585.86,1058.76,701.5,8948.3,77.38,115.64,0.669,False,,True,unattributed,1,evt_01-P02_desk_work_surface_0009,8c7b05a129d12f2d,native_source_context_fallback,wrist_confidence_below_floor,42156.9,2.62,,1,01/e1/v1,rtmpose_baseline
corpus_01,01.Candidate was found using a mobile phone in the examination hall..mkv,b842b03e5784d867e93770560d88150a526250df69077cd3065edbbd4c842098,dfine_native,55140.0,unknown_object,0.3539,1005.69,560.27,1058.85,614.57,2886.3,53.16,54.3,0.979,False,,True,unattributed,1,evt_01-P02_desk_work_surface_0009,8c7b05a129d12f2d,native_source_context_fallback,wrist_confidence_below_floor,42156.9,2.62,,1,01/e1/v1,rtmpose_baseline
corpus_01,01.Candidate was found using a mobile phone in the examination hall..mkv,b842b03e5784d867e93770560d88150a526250df69077cd3065edbbd4c842098,dfine_native,55140.0,unknown_object,0.3345,1033.66,575.02,1058.92,594.06,480.9,25.27,19.03,1.328,False,,True,unattributed,1,evt_01-P02_desk_work_surface_0009,8c7b05a129d12f2d,native_source_context_fallback,wrist_confidence_below_floor,42156.9,2.62,,1,01/e1/v1,rtmpose_baseline
corpus_01,01.Candidate was found using a mobile phone in the examination hall..mkv,b842b03e5784d867e93770560d88150a526250df69077cd3065edbbd4c842098,dfine_native,55140.0,unknown_object,0.3789,887.83,458.19,1006.01,601.96,16990.0,118.18,143.76,0.822,False,,True,unattributed,1,evt_01-P02_desk_work_surface_0009,8c7b05a129d12f2d,native_source_context_fallback,wrist_confidence_below_floor,42156.9,2.62,,1,01/e1/v1,rtmpose_baseline
corpus_01,01.Candidate was found using a mobile phone in the examination hall..mkv,b842b03e5784d867e93770560d88150a526250df69077cd3065edbbd4c842098,dfine_native,55140.0,unknown_object,0.3215,886.45,458.12,1030.23,671.29,30649.1,143.78,213.17,0.674,False,,True,unattributed,1,evt_01-P02_desk_work_surface_0009,8c7b05a129d12f2d,native_source_context_fallback,wrist_confidence_below_floor,42156.9,2.62,,1,01/e1/v1,rtmpose_baseline
corpus_01,01.Candidate was found using a mobile phone in the examination hall..mkv,b842b03e5784d867e93770560d88150a526250df69077cd3065edbbd4c842098,dfine_native,55140.0,unknown_object,0.3062,887.17,458.11,1032.87,605.97,21540.7,145.69,147.85,0.985,False,,True,unattributed,1,evt_01-P02_desk_work_surface_0009,8c7b05a129d12f2d,native_source_context_fallback,wrist_confidence_below_floor,42156.9,2.62,,1,01/e1/v1,rtmpose_baseline
corpus_01,01.Candidate was found using a mobile phone in the examination hall..mkv,b842b03e5784d867e93770560d88150a526250df69077cd3065edbbd4c842098,dfine_native,55140.0,unknown_object,0.2524,886.75,458.39,1004.9,671.76,25208.9,118.15,213.37,0.554,False,,True,unattributed,1,evt_01-P02_desk_work_surface_0009,8c7b05a129d12f2d,native_source_context_fallback,wrist_confidence_below_floor,42156.9,2.62,,1,01/e1/v1,rtmpose_baseline
corpus_01,01.Candidate was found using a mobile phone in the examination hall..mkv,b842b03e5784d867e93770560d88150a526250df69077cd3065edbbd4c842098,dfine_native,55140.0,unknown_object,0.2913,886.42,458.19,1058.83,671.17,36718.9,172.41,212.98,0.81,False,,True,unattributed,1,evt_01-P02_desk_work_surface_0009,8c7b05a129d12f2d,native_source_context_fallback,wrist_confidence_below_floor,42156.9,2.62,,1,01/e1/v1,rtmpose_baseline
corpus_01,01.Candidate was found using a mobile phone in the examination hall..mkv,b842b03e5784d867e93770560d88150a526250df69077cd3065edbbd4c842098,dfine_native,55140.0,unknown_object,0.4956,645.09,404.96,731.59,490.46,7395.4,86.49,85.5,1.012,False,,True,unattributed,2,evt_01-P02_desk_work_surface_0009,a9a9a33e4bf00a46,pose_hand_context,,2304.0,13.33,,1,01/e1/v1,rtmpose_baseline
corpus_01,01.Candidate was found using a mobile phone in the examination hall..mkv,b842b03e5784d867e93770560d88150a526250df69077cd3065edbbd4c842098,dfine_native,55140.0,unknown_object,0.5414,645.05,405.52,694.0,490.24,4147.2,48.96,84.71,0.578,False,,True,unattributed,2,evt_01-P02_desk_work_surface_0009,a9a9a33e4bf00a46,pose_hand_context,,2304.0,13.33,,1,01/e1/v1,rtmpose_baseline
corpus_01,01.Candidate was found using a mobile phone in the examination hall..mkv,b842b03e5784d867e93770560d88150a526250df69077cd3065edbbd4c842098,dfine_native,55140.0,unknown_object,0.514,692.68,423.61,710.23,443.7,352.5,17.55,20.09,0.874,False,,True,unattributed,2,evt_01-P02_desk_work_surface_0009,a9a9a33e4bf00a46,pose_hand_context,,2304.0,13.33,,1,01/e1/v1,rtmpose_baseline
corpus_01,01.Candidate was found using a mobile phone in the examination hall..mkv,b842b03e5784d867e93770560d88150a526250df69077cd3065edbbd4c842098,dfine_native,55140.0,unknown_object,0.3729,645.04,395.44,740.93,490.4,9105.7,95.89,94.96,1.01,False,,True,unattributed,2,evt_01-P02_desk_work_surface_0009,a9a9a33e4bf00a46,pose_hand_context,,2304.0,13.33,,1,01/e1/v1,rtmpose_baseline
corpus_01,01.Candidate was found using a mobile phone in the examination hall..mkv,b842b03e5784d867e93770560d88150a526250df69077cd3065edbbd4c842098,dfine_native,55140.0,unknown_object,0.4619,645.01,405.67,740.94,490.49,8135.5,95.92,84.81,1.131,False,,True,unattributed,2,evt_01-P02_desk_work_surface_0009,a9a9a33e4bf00a46,pose_hand_context,,2304.0,13.33,,1,01/e1/v1,rtmpose_baseline
corpus_01,01.Candidate was found using a mobile phone in the examination hall..mkv,b842b03e5784d867e93770560d88150a526250df69077cd3065edbbd4c842098,dfine_native,55140.0,unknown_object,0.3532,692.21,423.35,710.42,451.06,504.4,18.21,27.7,0.657,False,,True,unattributed,2,evt_01-P02_desk_work_surface_0009,a9a9a33e4bf00a46,pose_hand_context,,2304.0,13.33,,1,01/e1/v1,rtmpose_baseline
corpus_01,01.Candidate was found using a mobile phone in the examination hall..mkv,b842b03e5784d867e93770560d88150a526250df69077cd3065edbbd4c842098,dfine_native,55140.0,unknown_object,0.2664,690.69,395.13,740.97,457.52,3136.9,50.28,62.39,0.806,False,,True,unattributed,2,evt_01-P02_desk_work_surface_0009,a9a9a33e4bf00a46,pose_hand_context,,2304.0,13.33,,1,01/e1/v1,rtmpose_baseline
corpus_01,01.Candidate was found using a mobile phone in the examination hall..mkv,b842b03e5784d867e93770560d88150a526250df69077cd3065edbbd4c842098,dfine_native,55140.0,unknown_object,0.2506,645.0,395.05,667.91,428.75,772.3,22.91,33.7,0.68,False,,True,unattributed,2,evt_01-P02_desk_work_surface_0009,a9a9a33e4bf00a46,pose_hand_context,,2304.0,13.33,,1,01/e1/v1,rtmpose_baseline
corpus_01,01.Candidate was found using a mobile phone in the examination hall..mkv,b842b03e5784d867e93770560d88150a526250df69077cd3065edbbd4c842098,dfine_native,55140.0,unknown_object,0.2802,690.3,395.27,740.91,486.91,4638.0,50.61,91.64,0.552,False,,True,unattributed,2,evt_01-P02_desk_work_surface_0009,a9a9a33e4bf00a46,pose_hand_context,,2304.0,13.33,,1,01/e1/v1,rtmpose_baseline
corpus_01,01.Candidate was found using a mobile phone in the examination hall..mkv,b842b03e5784d867e93770560d88150a526250df69077cd3065edbbd4c842098,dfine_native,55140.0,unknown_object,0.4596,692.35,412.51,711.57,443.56,596.7,19.22,31.04,0.619,False,,True,unattributed,2,evt_01-P02_desk_work_surface_0009,a9a9a33e4bf00a46,pose_hand_context,,2304.0,13.33,,1,01/e1/v1,rtmpose_baseline
corpus_01,01.Candidate was found using a mobile phone in the examination hall..mkv,b842b03e5784d867e93770560d88150a526250df69077cd3065edbbd4c842098,dfine_native,55140.0,unknown_object,0.3658,689.63,395.13,716.56,443.88,1312.7,26.93,48.74,0.553,False,,True,unattributed,2,evt_01-P02_desk_work_surface_0009,a9a9a33e4bf00a46,pose_hand_context,,2304.0,13.33,,1,01/e1/v1,rtmpose_baseline
corpus_01,01.Candidate was found using a mobile phone in the examination hall..mkv,b842b03e5784d867e93770560d88150a526250df69077cd3065edbbd4c842098,dfine_native,55140.0,unknown_object,0.3931,666.36,395.06,741.01,484.93,6708.3,74.65,89.87,0.831,False,,True,unattributed,2,evt_01-P02_desk_work_surface_0009,a9a9a33e4bf00a46,pose_hand_context,,2304.0,13.33,,1,01/e1/v1,rtmpose_baseline
corpus_01,01.Candidate was found using a mobile phone in the examination hall..mkv,b842b03e5784d867e93770560d88150a526250df69077cd3065edbbd4c842098,dfine_native,55140.0,unknown_object,0.3711,666.68,395.06,716.86,443.93,2452.1,50.18,48.87,1.027,False,,True,unattributed,2,evt_01-P02_desk_work_surface_0009,a9a9a33e4bf00a46,pose_hand_context,,2304.0,13.33,,1,01/e1/v1,rtmpose_baseline
corpus_01,01.Candidate was found using a mobile phone in the examination hall..mkv,b842b03e5784d867e93770560d88150a526250df69077cd3065edbbd4c842098,dfine_native,55140.0,unknown_object,0.3434,666.64,395.05,741.0,457.08,4612.5,74.36,62.03,1.199,False,,True,unattributed,2,evt_01-P02_desk_work_surface_0009,a9a9a33e4bf00a46,pose_hand_context,,2304.0,13.33,,1,01/e1/v1,rtmpose_baseline
corpus_01,01.Candidate was found using a mobile phone in the examination hall..mkv,b842b03e5784d867e93770560d88150a526250df69077cd3065edbbd4c842098,dfine_native,55140.0,unknown_object,0.2837,692.87,407.78,740.95,457.64,2397.8,48.09,49.86,0.964,False,,True,unattributed,2,evt_01-P02_desk_work_surface_0009,a9a9a33e4bf00a46,pose_hand_context,,2304.0,13.33,,1,01/e1/v1,rtmpose_baseline
corpus_01,01.Candidate was found using a mobile phone in the examination hall..mkv,b842b03e5784d867e93770560d88150a526250df69077cd3065edbbd4c842098,dfine_native,55140.0,unknown_object,0.3756,645.06,395.26,694.07,490.17,4651.6,49.01,94.9,0.516,False,,True,unattributed,2,evt_01-P02_desk_work_surface_0009,a9a9a33e4bf00a46,pose_hand_context,,2304.0,13.33,,1,01/e1/v1,rtmpose_baseline
corpus_01,01.Candidate was found using a mobile phone in the examination hall..mkv,b842b03e5784d867e93770560d88150a526250df69077cd3065edbbd4c842098,dfine_native,55140.0,unknown_object,0.3694,645.07,405.6,723.43,490.29,6636.4,78.36,84.69,0.925,False,,True,unattributed,2,evt_01-P02_desk_work_surface_0009,a9a9a33e4bf00a46,pose_hand_context,,2304.0,13.33,,1,01/e1/v1,rtmpose_baseline
corpus_01,01.Candidate was found using a mobile phone in the examination hall..mkv,b842b03e5784d867e93770560d88150a526250df69077cd3065edbbd4c842098,dfine_native,55140.0,unknown_object,0.2693,645.1,395.24,725.67,490.34,7662.7,80.58,95.1,0.847,False,,True,unattributed,2,evt_01-P02_desk_work_surface_0009,a9a9a33e4bf00a46,pose_hand_context,,2304.0,13.33,,1,01/e1/v1,rtmpose_baseline
corpus_01,01.Candidate was found using a mobile phone in the examination hall..mkv,b842b03e5784d867e93770560d88150a526250df69077cd3065edbbd4c842098,dfine_native,55140.0,unknown_object,0.2524,691.96,411.84,713.06,452.02,848.1,21.11,40.18,0.525,False,,True,unattributed,2,evt_01-P02_desk_work_surface_0009,a9a9a33e4bf00a46,pose_hand_context,,2304.0,13.33,,1,01/e1/v1,rtmpose_baseline
corpus_01,01.Candidate was found using a mobile phone in the examination hall..mkv,b842b03e5784d867e93770560d88150a526250df69077cd3065edbbd4c842098,dfine_native,55140.0,monitor_or_bezel,0.8255,394.0,471.21,421.99,522.18,1426.5,27.99,50.96,0.549,False,,True,unattributed,4,evt_01-P02_desk_work_surface_0009,c382bf27a410069c,native_source_context_fallback,wrist_confidence_below_floor,49951.3,2.6,,1,01/e1/v1,rtmpose_baseline
corpus_01,01.Candidate was found using a mobile phone in the examination hall..mkv,b842b03e5784d867e93770560d88150a526250df69077cd3065edbbd4c842098,dfine_native,55140.0,mouse,0.837,413.26,515.17,429.33,530.17,240.9,16.07,15.0,1.072,False,,True,unattributed,4,evt_01-P02_desk_work_surface_0009,c382bf27a410069c,native_source_context_fallback,wrist_confidence_below_floor,49951.3,2.6,,1,01/e1/v1,rtmpose_baseline
corpus_01,01.Candidate was found using a mobile phone in the examination hall..mkv,b842b03e5784d867e93770560d88150a526250df69077cd3065edbbd4c842098,dfine_native,55140.0,keyboard,0.6559,393.99,527.28,418.93,554.4,676.3,24.94,27.11,0.92,False,,True,unattributed,4,evt_01-P02_desk_work_surface_0009,c382bf27a410069c,native_source_context_fallback,wrist_confidence_below_floor,49951.3,2.6,,1,01/e1/v1,rtmpose_baseline
corpus_01,01.Candidate was found using a mobile phone in the examination hall..mkv,b842b03e5784d867e93770560d88150a526250df69077cd3065edbbd4c842098,dfine_native,55140.0,monitor_or_bezel,0.3568,393.92,471.32,422.24,554.48,2355.7,28.33,83.16,0.341,False,,True,unattributed,4,evt_01-P02_desk_work_surface_0009,c382bf27a410069c,native_source_context_fallback,wrist_confidence_below_floor,49951.3,2.6,,1,01/e1/v1,rtmpose_baseline
corpus_01,01.Candidate was found using a mobile phone in the examination hall..mkv,b842b03e5784d867e93770560d88150a526250df69077cd3065edbbd4c842098,dfine_native,55140.0,monitor_or_bezel,0.2564,541.57,471.07,596.79,516.48,2507.5,55.22,45.41,1.216,False,,True,unattributed,4,evt_01-P02_desk_work_surface_0009,c382bf27a410069c,native_source_context_fallback,wrist_confidence_below_floor,49951.3,2.6,,1,01/e1/v1,rtmpose_baseline
corpus_01,01.Candidate was found using a mobile phone in the examination hall..mkv,b842b03e5784d867e93770560d88150a526250df69077cd3065edbbd4c842098,dfine_native,55140.0,monitor_or_bezel,0.3627,394.02,471.21,421.96,522.19,1424.7,27.94,50.99,0.548,False,,True,unattributed,4,evt_01-P02_desk_work_surface_0009,c382bf27a410069c,native_source_context_fallback,wrist_confidence_below_floor,49951.3,2.6,,1,01/e1/v1,rtmpose_baseline
corpus_01,01.Candidate was found using a mobile phone in the examination hall..mkv,b842b03e5784d867e93770560d88150a526250df69077cd3065edbbd4c842098,dfine_native,55140.0,stationery,0.2568,551.37,543.49,577.68,575.62,844.9,26.3,32.12,0.819,False,,True,unattributed,4,evt_01-P02_desk_work_surface_0009,c382bf27a410069c,native_source_context_fallback,wrist_confidence_below_floor,49951.3,2.6,,1,01/e1/v1,rtmpose_baseline
corpus_01,01.Candidate was found using a mobile phone in the examination hall..mkv,b842b03e5784d867e93770560d88150a526250df69077cd3065edbbd4c842098,dfine_native,55140.0,stationery,0.2565,487.5,542.18,576.67,594.65,4678.2,89.17,52.46,1.7,False,,True,unattributed,4,evt_01-P02_desk_work_surface_0009,c382bf27a410069c,native_source_context_fallback,wrist_confidence_below_floor,49951.3,2.6,,1,01/e1/v1,rtmpose_baseline
corpus_01,01.Candidate was found using a mobile phone in the examination hall..mkv,b842b03e5784d867e93770560d88150a526250df69077cd3065edbbd4c842098,dfine_native,55140.0,keyboard,0.2509,394.01,535.64,408.12,551.48,223.6,14.11,15.84,0.891,False,,True,unattributed,4,evt_01-P02_desk_work_surface_0009,c382bf27a410069c,native_source_context_fallback,wrist_confidence_below_floor,49951.3,2.6,,1,01/e1/v1,rtmpose_baseline
corpus_01,01.Candidate was found using a mobile phone in the examination hall..mkv,b842b03e5784d867e93770560d88150a526250df69077cd3065edbbd4c842098,dfine_native,55620.0,unknown_object,0.4461,765.08,634.56,783.83,677.01,796.0,18.75,42.45,0.442,False,,True,unattributed,4,evt_01-P01_desk_work_surface_0001,00494f6f7d030de8,pose_hand_context,,25659.6,3.23,,1,01/e1/v1,rtmpose_baseline
corpus_01,01.Candidate was found using a mobile phone in the examination hall..mkv,b842b03e5784d867e93770560d88150a526250df69077cd3065edbbd4c842098,dfine_native,55620.0,unknown_object,0.2631,765.18,649.06,783.54,676.83,510.1,18.37,27.77,0.661,False,,True,unattributed,4,evt_01-P01_desk_work_surface_0001,00494f6f7d030de8,pose_hand_context,,25659.6,3.23,,1,01/e1/v1,rtmpose_baseline
corpus_01,01.Candidate was found using a mobile phone in the examination hall..mkv,b842b03e5784d867e93770560d88150a526250df69077cd3065edbbd4c842098,dfine_native,55620.0,unknown_object,0.2987,980.61,585.69,1059.95,695.65,8724.4,79.34,109.96,0.722,False,,True,unattributed,1,evt_01-P01_desk_work_surface_0001,85ed2f58dac0cb02,native_source_context_fallback,wrist_confidence_below_floor,40377.8,2.67,,1,01/e1/v1,rtmpose_baseline
corpus_01,01.Candidate was found using a mobile phone in the examination hall..mkv,b842b03e5784d867e93770560d88150a526250df69077cd3065edbbd4c842098,dfine_native,55620.0,unknown_object,0.3223,891.36,456.23,1011.66,603.29,17691.3,120.3,147.06,0.818,False,,True,unattributed,1,evt_01-P01_desk_work_surface_0001,85ed2f58dac0cb02,native_source_context_fallback,wrist_confidence_below_floor,40377.8,2.67,,1,01/e1/v1,rtmpose_baseline
corpus_01,01.Candidate was found using a mobile phone in the examination hall..mkv,b842b03e5784d867e93770560d88150a526250df69077cd3065edbbd4c842098,dfine_native,55620.0,unknown_object,0.5972,890.77,456.16,1059.53,668.87,35898.0,168.76,212.71,0.793,False,,True,unattributed,1,evt_01-P01_desk_work_surface_0001,85ed2f58dac0cb02,native_source_context_fallback,wrist_confidence_below_floor,40377.8,2.67,,1,01/e1/v1,rtmpose_baseline
corpus_01,01.Candidate was found using a mobile phone in the examination hall..mkv,b842b03e5784d867e93770560d88150a526250df69077cd3065edbbd4c842098,dfine_native,55620.0,unknown_object,0.3037,891.34,456.2,1006.83,599.07,16498.6,115.49,142.86,0.808,False,,True,unattributed,1,evt_01-P01_desk_work_surface_0001,85ed2f58dac0cb02,native_source_context_fallback,wrist_confidence_below_floor,40377.8,2.67,,1,01/e1/v1,rtmpose_baseline
corpus_01,01.Candidate was found using a mobile phone in the examination hall..mkv,b842b03e5784d867e93770560d88150a526250df69077cd3065edbbd4c842098,dfine_native,55620.0,unknown_object,0.289,925.51,456.13,1006.5,515.44,4803.5,80.98,59.31,1.365,False,,True,unattributed,1,evt_01-P01_desk_work_surface_0001,85ed2f58dac0cb02,native_source_context_fallback,wrist_confidence_below_floor,40377.8,2.67,,1,01/e1/v1,rtmpose_baseline
corpus_01,01.Candidate was found using a mobile phone in the examination hall..mkv,b842b03e5784d867e93770560d88150a526250df69077cd3065edbbd4c842098,dfine_native,55620.0,unknown_object,0.3304,890.68,456.18,1011.26,666.82,25399.9,120.58,210.65,0.572,False,,True,unattributed,1,evt_01-P01_desk_work_surface_0001,85ed2f58dac0cb02,native_source_context_fallback,wrist_confidence_below_floor,40377.8,2.67,,1,01/e1/v1,rtmpose_baseline
corpus_01,01.Candidate was found using a mobile phone in the examination hall..mkv,b842b03e5784d867e93770560d88150a526250df69077cd3065edbbd4c842098,dfine_native,55620.0,unknown_object,0.26,1006.0,560.24,1060.04,614.55,2935.1,54.04,54.31,0.995,False,,True,unattributed,1,evt_01-P01_desk_work_surface_0001,85ed2f58dac0cb02,native_source_context_fallback,wrist_confidence_below_floor,40377.8,2.67,,1,01/e1/v1,rtmpose_baseline
corpus_01,01.Candidate was found using a mobile phone in the examination hall..mkv,b842b03e5784d867e93770560d88150a526250df69077cd3065edbbd4c842098,dfine_native,55620.0,unknown_object,0.2746,891.36,456.2,1059.63,609.48,25793.4,168.27,153.28,1.098,False,,True,unattributed,1,evt_01-P01_desk_work_surface_0001,85ed2f58dac0cb02,native_source_context_fallback,wrist_confidence_below_floor,40377.8,2.67,,1,01/e1/v1,rtmpose_baseline
corpus_01,01.Candidate was found using a mobile phone in the examination hall..mkv,b842b03e5784d867e93770560d88150a526250df69077cd3065edbbd4c842098,dfine_native,55620.0,unknown_object,0.3793,890.83,456.2,1060.44,694.82,40471.8,169.61,238.62,0.711,False,,True,unattributed,1,evt_01-P01_desk_work_surface_0001,85ed2f58dac0cb02,native_source_context_fallback,wrist_confidence_below_floor,40377.8,2.67,,1,01/e1/v1,rtmpose_baseline
corpus_01,01.Candidate was found using a mobile phone in the examination hall..mkv,b842b03e5784d867e93770560d88150a526250df69077cd3065edbbd4c842098,dfine_native,55620.0,unknown_object,0.4861,651.03,406.04,693.89,488.87,3549.9,42.86,82.83,0.517,False,,True,unattributed,2,evt_01-P01_desk_work_surface_0001,afd934de3ca2e11f,pose_hand_context,,2304.0,13.33,,1,01/e1/v1,rtmpose_baseline
corpus_01,01.Candidate was found using a mobile phone in the examination hall..mkv,b842b03e5784d867e93770560d88150a526250df69077cd3065edbbd4c842098,dfine_native,55620.0,unknown_object,0.265,651.06,400.0,746.87,489.12,8538.9,95.81,89.12,1.075,False,,True,unattributed,2,evt_01-P01_desk_work_surface_0001,afd934de3ca2e11f,pose_hand_context,,2304.0,13.33,,1,01/e1/v1,rtmpose_baseline
corpus_01,01.Candidate was found using a mobile phone in the examination hall..mkv,b842b03e5784d867e93770560d88150a526250df69077cd3065edbbd4c842098,dfine_native,55620.0,unknown_object,0.3727,650.96,394.27,746.94,489.09,9101.3,95.99,94.82,1.012,False,,True,unattributed,2,evt_01-P01_desk_work_surface_0001,afd934de3ca2e11f,pose_hand_context,,2304.0,13.33,,1,01/e1/v1,rtmpose_baseline
corpus_01,01.Candidate was found using a mobile phone in the examination hall..mkv,b842b03e5784d867e93770560d88150a526250df69077cd3065edbbd4c842098,dfine_native,55620.0,unknown_object,0.3606,664.05,394.13,734.77,486.49,6532.2,70.72,92.36,0.766,False,,True,unattributed,2,evt_01-P01_desk_work_surface_0001,afd934de3ca2e11f,pose_hand_context,,2304.0,13.33,,1,01/e1/v1,rtmpose_baseline
corpus_01,01.Candidate was found using a mobile phone in the examination hall..mkv,b842b03e5784d867e93770560d88150a526250df69077cd3065edbbd4c842098,dfine_native,55620.0,unknown_object,0.3108,693.1,419.36,713.89,441.4,458.4,20.8,22.04,0.944,False,,True,unattributed,2,evt_01-P01_desk_work_surface_0001,afd934de3ca2e11f,pose_hand_context,,2304.0,13.33,,1,01/e1/v1,rtmpose_baseline
corpus_01,01.Candidate was found using a mobile phone in the examination hall..mkv,b842b03e5784d867e93770560d88150a526250df69077cd3065edbbd4c842098,dfine_native,55620.0,unknown_object,0.3088,715.03,397.83,746.96,488.89,2907.9,31.93,91.07,0.351,False,,True,unattributed,2,evt_01-P01_desk_work_surface_0001,afd934de3ca2e11f,pose_hand_context,,2304.0,13.33,,1,01/e1/v1,rtmpose_baseline
corpus_01,01.Candidate was found using a mobile phone in the examination hall..mkv,b842b03e5784d867e93770560d88150a526250df69077cd3065edbbd4c842098,dfine_native,55620.0,unknown_object,0.3126,664.65,394.07,733.85,452.07,4013.6,69.2,58.0,1.193,False,,True,unattributed,2,evt_01-P01_desk_work_surface_0001,afd934de3ca2e11f,pose_hand_context,,2304.0,13.33,,1,01/e1/v1,rtmpose_baseline
corpus_01,01.Candidate was found using a mobile phone in the examination hall..mkv,b842b03e5784d867e93770560d88150a526250df69077cd3065edbbd4c842098,dfine_native,55620.0,unknown_object,0.2616,693.02,409.05,714.41,441.81,700.6,21.39,32.76,0.653,False,,True,unattributed,2,evt_01-P01_desk_work_surface_0001,afd934de3ca2e11f,pose_hand_context,,2304.0,13.33,,1,01/e1/v1,rtmpose_baseline
corpus_01,01.Candidate was found using a mobile phone in the examination hall..mkv,b842b03e5784d867e93770560d88150a526250df69077cd3065edbbd4c842098,dfine_native,55620.0,unknown_object,0.2574,692.91,394.11,733.33,449.15,2225.1,40.42,55.05,0.734,False,,True,unattributed,2,evt_01-P01_desk_work_surface_0001,afd934de3ca2e11f,pose_hand_context,,2304.0,13.33,,1,01/e1/v1,rtmpose_baseline
corpus_01,01.Candidate was found using a mobile phone in the examination hall..mkv,b842b03e5784d867e93770560d88150a526250df69077cd3065edbbd4c842098,dfine_native,55620.0,unknown_object,0.2617,664.67,394.05,733.19,445.72,3540.2,68.52,51.67,1.326,False,,True,unattributed,2,evt_01-P01_desk_work_surface_0001,afd934de3ca2e11f,pose_hand_context,,2304.0,13.33,,1,01/e1/v1,rtmpose_baseline
corpus_01,01.Candidate was found using a mobile phone in the examination hall..mkv,b842b03e5784d867e93770560d88150a526250df69077cd3065edbbd4c842098,dfine_native,55620.0,unknown_object,0.2542,705.94,397.71,746.94,488.95,3740.6,41.0,91.24,0.449,False,,True,unattributed,2,evt_01-P01_desk_work_surface_0001,afd934de3ca2e11f,pose_hand_context,,2304.0,13.33,,1,01/e1/v1,rtmpose_baseline
corpus_01,01.Candidate was found using a mobile phone in the examination hall..mkv,b842b03e5784d867e93770560d88150a526250df69077cd3065edbbd4c842098,dfine_native,55620.0,unknown_object,0.314,651.05,394.18,693.91,488.81,4055.5,42.86,94.63,0.453,False,,True,unattributed,2,evt_01-P01_desk_work_surface_0001,afd934de3ca2e11f,pose_hand_context,,2304.0,13.33,,1,01/e1/v1,rtmpose_baseline
corpus_01,01.Candidate was found using a mobile phone in the examination hall..mkv,b842b03e5784d867e93770560d88150a526250df69077cd3065edbbd4c842098,dfine_native,55620.0,unknown_object,0.3012,651.07,405.77,719.0,488.94,5650.0,67.93,83.17,0.817,False,,True,unattributed,2,evt_01-P01_desk_work_surface_0001,afd934de3ca2e11f,pose_hand_context,,2304.0,13.33,,1,01/e1/v1,rtmpose_baseline
corpus_01,01.Candidate was found using a mobile phone in the examination hall..mkv,b842b03e5784d867e93770560d88150a526250df69077cd3065edbbd4c842098,dfine_native,55660.0,unknown_object,0.552,722.0,370.24,746.11,430.33,1448.9,24.11,60.09,0.401,False,,True,unattributed,2,evt_01-P02_upper_body_0011,14c04e253527aee7,native_source_context_fallback,wrist_confidence_below_floor,16381.1,3.5,,1,01/e1/v1,rtmpose_baseline
corpus_01,01.Candidate was found using a mobile phone in the examination hall..mkv,b842b03e5784d867e93770560d88150a526250df69077cd3065edbbd4c842098,dfine_native,55660.0,unknown_object,0.5207,649.96,406.28,694.78,484.47,3504.5,44.82,78.19,0.573,False,,True,unattributed,2,evt_01-P02_upper_body_0011,14c04e253527aee7,native_source_context_fallback,wrist_confidence_below_floor,16381.1,3.5,,1,01/e1/v1,rtmpose_baseline
corpus_01,01.Candidate was found using a mobile phone in the examination hall..mkv,b842b03e5784d867e93770560d88150a526250df69077cd3065edbbd4c842098,dfine_native,55660.0,unknown_object,0.4306,649.95,363.47,671.57,401.1,813.3,21.62,37.63,0.574,False,,True,unattributed,2,evt_01-P02_upper_body_0011,14c04e253527aee7,native_source_context_fallback,wrist_confidence_below_floor,16381.1,3.5,,1,01/e1/v1,rtmpose_baseline
corpus_01,01.Candidate was found using a mobile phone in the examination hall..mkv,b842b03e5784d867e93770560d88150a526250df69077cd3065edbbd4c842098,dfine_native,55660.0,unknown_object,0.4904,649.91,406.24,731.53,484.71,6404.6,81.63,78.46,1.04,False,,True,unattributed,2,evt_01-P02_upper_body_0011,14c04e253527aee7,native_source_context_fallback,wrist_confidence_below_floor,16381.1,3.5,,1,01/e1/v1,rtmpose_baseline
corpus_01,01.Candidate was found using a mobile phone in the examination hall..mkv,b842b03e5784d867e93770560d88150a526250df69077cd3065edbbd4c842098,dfine_native,55660.0,unknown_object,0.3213,649.93,368.78,660.48,377.62,93.2,10.55,8.84,1.193,True,object footprint 93 px is under the 120 px floor for a call,False,unattributed,2,evt_01-P02_upper_body_0011,14c04e253527aee7,native_source_context_fallback,wrist_confidence_below_floor,16381.1,3.5,,1,01/e1/v1,rtmpose_baseline
corpus_01,01.Candidate was found using a mobile phone in the examination hall..mkv,b842b03e5784d867e93770560d88150a526250df69077cd3065edbbd4c842098,dfine_native,55660.0,unknown_object,0.3215,710.48,341.14,733.84,364.21,538.8,23.36,23.06,1.013,False,,True,unattributed,2,evt_01-P02_upper_body_0011,14c04e253527aee7,native_source_context_fallback,wrist_confidence_below_floor,16381.1,3.5,,1,01/e1/v1,rtmpose_baseline
corpus_01,01.Candidate was found using a mobile phone in the examination hall..mkv,b842b03e5784d867e93770560d88150a526250df69077cd3065edbbd4c842098,dfine_native,55660.0,unknown_object,0.2823,723.24,398.36,746.07,431.22,750.2,22.83,32.85,0.695,False,,True,unattributed,2,evt_01-P02_upper_body_0011,14c04e253527aee7,native_source_context_fallback,wrist_confidence_below_floor,16381.1,3.5,,1,01/e1/v1,rtmpose_baseline
corpus_01,01.Candidate was found using a mobile phone in the examination hall..mkv,b842b03e5784d867e93770560d88150a526250df69077cd3065edbbd4c842098,dfine_native,55660.0,unknown_object,0.3996,649.87,363.13,671.68,422.34,1291.4,21.81,59.21,0.368,False,,True,unattributed,2,evt_01-P02_upper_body_0011,14c04e253527aee7,native_source_context_fallback,wrist_confidence_below_floor,16381.1,3.5,,1,01/e1/v1,rtmpose_baseline
corpus_01,01.Candidate was found using a mobile phone in the examination hall..mkv,b842b03e5784d867e93770560d88150a526250df69077cd3065edbbd4c842098,dfine_native,55660.0,unknown_object,0.3801,649.9,406.05,741.02,484.79,7174.6,91.12,78.74,1.157,False,,True,unattributed,2,evt_01-P02_upper_body_0011,14c04e253527aee7,native_source_context_fallback,wrist_confidence_below_floor,16381.1,3.5,,1,01/e1/v1,rtmpose_baseline
corpus_01,01.Candidate was found using a mobile phone in the examination hall..mkv,b842b03e5784d867e93770560d88150a526250df69077cd3065edbbd4c842098,dfine_native,55660.0,unknown_object,0.3149,692.29,398.88,746.01,484.76,4613.8,53.73,85.88,0.626,False,,True,unattributed,2,evt_01-P02_upper_body_0011,14c04e253527aee7,native_source_context_fallback,wrist_confidence_below_floor,16381.1,3.5,,1,01/e1/v1,rtmpose_baseline
corpus_01,01.Candidate was found using a mobile phone in the examination hall..mkv,b842b03e5784d867e93770560d88150a526250df69077cd3065edbbd4c842098,dfine_native,55660.0,unknown_object,0.4003,722.17,370.11,746.09,405.29,841.6,23.93,35.17,0.68,False,,True,unattributed,2,evt_01-P02_upper_body_0011,14c04e253527aee7,native_source_context_fallback,wrist_confidence_below_floor,16381.1,3.5,,1,01/e1/v1,rtmpose_baseline
corpus_01,01.Candidate was found using a mobile phone in the examination hall..mkv,b842b03e5784d867e93770560d88150a526250df69077cd3065edbbd4c842098,dfine_native,55660.0,unknown_object,0.3924,692.06,370.83,746.12,484.47,6144.0,54.06,113.65,0.476,False,,True,unattributed,2,evt_01-P02_upper_body_0011,14c04e253527aee7,native_source_context_fallback,wrist_confidence_below_floor,16381.1,3.5,,1,01/e1/v1,rtmpose_baseline
corpus_01,01.Candidate was found using a mobile phone in the examination hall..mkv,b842b03e5784d867e93770560d88150a526250df69077cd3065edbbd4c842098,dfine_native,55660.0,unknown_object,0.3957,649.95,406.43,727.66,484.58,6073.3,77.71,78.15,0.994,False,,True,unattributed,2,evt_01-P02_upper_body_0011,14c04e253527aee7,native_source_context_fallback,wrist_confidence_below_floor,16381.1,3.5,,1,01/e1/v1,rtmpose_baseline
corpus_01,01.Candidate was found using a mobile phone in the examination hall..mkv,b842b03e5784d867e93770560d88150a526250df69077cd3065edbbd4c842098,dfine_native,55660.0,unknown_object,0.2718,649.9,405.67,744.91,484.8,7518.6,95.01,79.13,1.201,False,,True,unattributed,2,evt_01-P02_upper_body_0011,14c04e253527aee7,native_source_context_fallback,wrist_confidence_below_floor,16381.1,3.5,,1,01/e1/v1,rtmpose_baseline
corpus_01,01.Candidate was found using a mobile phone in the examination hall..mkv,b842b03e5784d867e93770560d88150a526250df69077cd3065edbbd4c842098,dfine_native,55660.0,phone,0.4418,778.36,647.32,795.7,675.18,483.1,17.34,27.87,0.622,False,,True,unattributed,4,evt_01-P02_upper_body_0011,2fcf37e7bc43b658,pose_hand_context,,13573.5,4.65,,1,01/e1/v1,rtmpose_baseline
corpus_01,01.Candidate was found using a mobile phone in the examination hall..mkv,b842b03e5784d867e93770560d88150a526250df69077cd3065edbbd4c842098,dfine_native,55660.0,monitor_or_bezel,0.4686,980.6,586.14,1059.97,693.65,8533.1,79.37,107.51,0.738,False,,True,unattributed,1,evt_01-P02_upper_body_0011,73c0caac6b078721,native_source_context_fallback,wrist_confidence_below_floor,40114.3,2.68,,1,01/e1/v1,rtmpose_baseline
corpus_01,01.Candidate was found using a mobile phone in the examination hall..mkv,b842b03e5784d867e93770560d88150a526250df69077cd3065edbbd4c842098,dfine_native,55660.0,unknown_object,0.419,892.23,456.19,1008.13,605.82,17340.9,115.89,149.63,0.775,False,,True,unattributed,1,evt_01-P02_upper_body_0011,73c0caac6b078721,native_source_context_fallback,wrist_confidence_below_floor,40114.3,2.68,,1,01/e1/v1,rtmpose_baseline
corpus_01,01.Candidate was found using a mobile phone in the examination hall..mkv,b842b03e5784d867e93770560d88150a526250df69077cd3065edbbd4c842098,dfine_native,55660.0,unknown_object,0.4961,891.71,456.15,1059.46,666.76,35329.0,167.75,210.6,0.797,False,,True,unattributed,1,evt_01-P02_upper_body_0011,73c0caac6b078721,native_source_context_fallback,wrist_confidence_below_floor,40114.3,2.68,,1,01/e1/v1,rtmpose_baseline
corpus_01,01.Candidate was found using a mobile phone in the examination hall..mkv,b842b03e5784d867e93770560d88150a526250df69077cd3065edbbd4c842098,dfine_native,55660.0,unknown_object,0.3837,925.42,456.13,1006.41,515.05,4772.4,81.0,58.92,1.375,False,,True,unattributed,1,evt_01-P02_upper_body_0011,73c0caac6b078721,native_source_context_fallback,wrist_confidence_below_floor,40114.3,2.68,,1,01/e1/v1,rtmpose_baseline
corpus_01,01.Candidate was found using a mobile phone in the examination hall..mkv,b842b03e5784d867e93770560d88150a526250df69077cd3065edbbd4c842098,dfine_native,55660.0,unknown_object,0.2727,892.13,456.23,934.76,601.02,6172.1,42.63,144.79,0.294,False,,True,unattributed,1,evt_01-P02_upper_body_0011,73c0caac6b078721,native_source_context_fallback,wrist_confidence_below_floor,40114.3,2.68,,1,01/e1/v1,rtmpose_baseline
corpus_01,01.Candidate was found using a mobile phone in the examination hall..mkv,b842b03e5784d867e93770560d88150a526250df69077cd3065edbbd4c842098,dfine_native,55660.0,unknown_object,0.2541,925.79,456.08,1005.9,486.26,2417.7,80.1,30.18,2.654,False,,True,unattributed,1,evt_01-P02_upper_body_0011,73c0caac6b078721,native_source_context_fallback,wrist_confidence_below_floor,40114.3,2.68,,1,01/e1/v1,rtmpose_baseline
corpus_01,01.Candidate was found using a mobile phone in the examination hall..mkv,b842b03e5784d867e93770560d88150a526250df69077cd3065edbbd4c842098,dfine_native,55660.0,unknown_object,0.2526,892.17,456.33,933.06,576.54,4915.8,40.89,120.21,0.34,False,,True,unattributed,1,evt_01-P02_upper_body_0011,73c0caac6b078721,native_source_context_fallback,wrist_confidence_below_floor,40114.3,2.68,,1,01/e1/v1,rtmpose_baseline
corpus_01,01.Candidate was found using a mobile phone in the examination hall..mkv,b842b03e5784d867e93770560d88150a526250df69077cd3065edbbd4c842098,dfine_native,55660.0,unknown_object,0.2656,892.6,456.25,1006.44,576.11,13645.5,113.84,119.86,0.95,False,,True,unattributed,1,evt_01-P02_upper_body_0011,73c0caac6b078721,native_source_context_fallback,wrist_confidence_below_floor,40114.3,2.68,,1,01/e1/v1,rtmpose_baseline
corpus_01,01.Candidate was found using a mobile phone in the examination hall..mkv,b842b03e5784d867e93770560d88150a526250df69077cd3065edbbd4c842098,dfine_native,55660.0,unknown_object,0.2889,891.76,456.24,1007.45,666.76,24356.5,115.69,210.53,0.55,False,,True,unattributed,1,evt_01-P02_upper_body_0011,73c0caac6b078721,native_source_context_fallback,wrist_confidence_below_floor,40114.3,2.68,,1,01/e1/v1,rtmpose_baseline
corpus_01,01.Candidate was found using a mobile phone in the examination hall..mkv,b842b03e5784d867e93770560d88150a526250df69077cd3065edbbd4c842098,dfine_native,55660.0,unknown_object,0.2716,925.24,456.09,1028.39,515.54,6132.6,103.15,59.45,1.735,False,,True,unattributed,1,evt_01-P02_upper_body_0011,73c0caac6b078721,native_source_context_fallback,wrist_confidence_below_floor,40114.3,2.68,,1,01/e1/v1,rtmpose_baseline
corpus_01,01.Candidate was found using a mobile phone in the examination hall..mkv,b842b03e5784d867e93770560d88150a526250df69077cd3065edbbd4c842098,dfine_native,55660.0,unknown_object,0.2933,1005.58,559.96,1060.04,614.04,2945.4,54.47,54.08,1.007,False,,True,unattributed,1,evt_01-P02_upper_body_0011,73c0caac6b078721,native_source_context_fallback,wrist_confidence_below_floor,40114.3,2.68,,1,01/e1/v1,rtmpose_baseline
corpus_01,01.Candidate was found using a mobile phone in the examination hall..mkv,b842b03e5784d867e93770560d88150a526250df69077cd3065edbbd4c842098,dfine_native,55660.0,unknown_object,0.3353,891.86,455.9,1059.66,691.44,39522.2,167.8,235.53,0.712,False,,True,unattributed,1,evt_01-P02_upper_body_0011,73c0caac6b078721,native_source_context_fallback,wrist_confidence_below_floor,40114.3,2.68,,1,01/e1/v1,rtmpose_baseline
corpus_01,01.Candidate was found using a mobile phone in the examination hall..mkv,b842b03e5784d867e93770560d88150a526250df69077cd3065edbbd4c842098,dfine_native,56140.0,unknown_object,0.3599,726.97,677.99,807.86,719.07,3322.9,80.89,41.08,1.969,False,,True,unattributed,4,evt_01-P02_desk_work_surface_0009,4ceb5237975ea359,pose_hand_context,,47475.8,2.8,,1,01/e1/v1,rtmpose_baseline
corpus_01,01.Candidate was found using a mobile phone in the examination hall..mkv,b842b03e5784d867e93770560d88150a526250df69077cd3065edbbd4c842098,dfine_native,56140.0,unknown_object,0.2595,699.92,530.66,789.67,585.74,4944.3,89.76,55.08,1.629,False,,True,unattributed,4,evt_01-P02_desk_work_surface_0009,4ceb5237975ea359,pose_hand_context,,47475.8,2.8,,1,01/e1/v1,rtmpose_baseline
corpus_01,01.Candidate was found using a mobile phone in the examination hall..mkv,b842b03e5784d867e93770560d88150a526250df69077cd3065edbbd4c842098,dfine_native,56140.0,unknown_object,0.3749,726.94,699.84,788.78,719.52,1216.9,61.84,19.68,3.142,False,,True,unattributed,4,evt_01-P02_desk_work_surface_0009,4ceb5237975ea359,pose_hand_context,,47475.8,2.8,,1,01/e1/v1,rtmpose_baseline
corpus_01,01.Candidate was found using a mobile phone in the examination hall..mkv,b842b03e5784d867e93770560d88150a526250df69077cd3065edbbd4c842098,dfine_native,56140.0,unknown_object,0.2638,656.01,576.23,700.66,645.59,3096.8,44.65,69.36,0.644,False,,True,unattributed,4,evt_01-P02_desk_work_surface_0009,4ceb5237975ea359,pose_hand_context,,47475.8,2.8,,1,01/e1/v1,rtmpose_baseline
corpus_01,01.Candidate was found using a mobile phone in the examination hall..mkv,b842b03e5784d867e93770560d88150a526250df69077cd3065edbbd4c842098,dfine_native,56140.0,unknown_object,0.3241,655.97,512.75,789.75,645.56,17767.8,133.78,132.82,1.007,False,,True,unattributed,4,evt_01-P02_desk_work_surface_0009,4ceb5237975ea359,pose_hand_context,,47475.8,2.8,,1,01/e1/v1,rtmpose_baseline
corpus_01,01.Candidate was found using a mobile phone in the examination hall..mkv,b842b03e5784d867e93770560d88150a526250df69077cd3065edbbd4c842098,dfine_native,56140.0,unknown_object,0.545,990.9,580.08,1082.93,642.6,5754.0,92.03,62.52,1.472,False,,True,unattributed,1,evt_01-P02_desk_work_surface_0009,9fc00bffaa72b25b,pose_hand_context,,8975.7,6.76,,1,01/e1/v1,rtmpose_baseline
corpus_01,01.Candidate was found using a mobile phone in the examination hall..mkv,b842b03e5784d867e93770560d88150a526250df69077cd3065edbbd4c842098,dfine_native,56140.0,unknown_object,0.418,1035.93,573.43,1061.54,594.85,548.4,25.61,21.42,1.195,False,,True,unattributed,1,evt_01-P02_desk_work_surface_0009,9fc00bffaa72b25b,pose_hand_context,,8975.7,6.76,,1,01/e1/v1,rtmpose_baseline
corpus_01,01.Candidate was found using a mobile phone in the examination hall..mkv,b842b03e5784d867e93770560d88150a526250df69077cd3065edbbd4c842098,dfine_native,56140.0,unknown_object,0.3049,1035.83,573.29,1082.63,594.98,1014.9,46.8,21.69,2.158,False,,True,unattributed,1,evt_01-P02_desk_work_surface_0009,9fc00bffaa72b25b,pose_hand_context,,8975.7,6.76,,1,01/e1/v1,rtmpose_baseline
corpus_01,01.Candidate was found using a mobile phone in the examination hall..mkv,b842b03e5784d867e93770560d88150a526250df69077cd3065edbbd4c842098,dfine_native,56140.0,unknown_object,0.4537,990.76,547.09,1083.06,642.47,8803.6,92.3,95.38,0.968,False,,True,unattributed,1,evt_01-P02_desk_work_surface_0009,9fc00bffaa72b25b,pose_hand_context,,8975.7,6.76,,1,01/e1/v1,rtmpose_baseline
corpus_01,01.Candidate was found using a mobile phone in the examination hall..mkv,b842b03e5784d867e93770560d88150a526250df69077cd3065edbbd4c842098,dfine_native,56140.0,unknown_object,0.4746,990.72,560.9,1082.93,642.52,7525.6,92.21,81.61,1.13,False,,True,unattributed,1,evt_01-P02_desk_work_surface_0009,9fc00bffaa72b25b,pose_hand_context,,8975.7,6.76,,1,01/e1/v1,rtmpose_baseline
corpus_01,01.Candidate was found using a mobile phone in the examination hall..mkv,b842b03e5784d867e93770560d88150a526250df69077cd3065edbbd4c842098,dfine_native,56140.0,unknown_object,0.3403,693.53,417.1,722.47,451.97,1009.4,28.94,34.87,0.83,False,,True,unattributed,5,evt_01-P02_desk_work_surface_0009,a0e6126e98ed7f44,pose_hand_context,,2304.0,13.33,,1,01/e1/v1,rtmpose_baseline
corpus_01,01.Candidate was found using a mobile phone in the examination hall..mkv,b842b03e5784d867e93770560d88150a526250df69077cd3065edbbd4c842098,dfine_native,56140.0,unknown_object,0.5033,652.01,406.1,694.26,490.04,3547.0,42.25,83.94,0.503,False,,True,unattributed,5,evt_01-P02_desk_work_surface_0009,a0e6126e98ed7f44,pose_hand_context,,2304.0,13.33,,1,01/e1/v1,rtmpose_baseline
corpus_01,01.Candidate was found using a mobile phone in the examination hall..mkv,b842b03e5784d867e93770560d88150a526250df69077cd3065edbbd4c842098,dfine_native,56140.0,unknown_object,0.4883,661.84,395.06,746.96,488.18,7926.2,85.12,93.12,0.914,False,,True,unattributed,5,evt_01-P02_desk_work_surface_0009,a0e6126e98ed7f44,pose_hand_context,,2304.0,13.33,,1,01/e1/v1,rtmpose_baseline
corpus_01,01.Candidate was found using a mobile phone in the examination hall..mkv,b842b03e5784d867e93770560d88150a526250df69077cd3065edbbd4c842098,dfine_native,56140.0,unknown_object,0.3991,690.78,451.58,735.53,486.85,1578.5,44.75,35.28,1.268,False,,True,unattributed,5,evt_01-P02_desk_work_surface_0009,a0e6126e98ed7f44,pose_hand_context,,2304.0,13.33,,1,01/e1/v1,rtmpose_baseline
corpus_01,01.Candidate was found using a mobile phone in the examination hall..mkv,b842b03e5784d867e93770560d88150a526250df69077cd3065edbbd4c842098,dfine_native,56140.0,unknown_object,0.3225,652.14,405.49,746.97,490.09,8022.0,94.83,84.59,1.121,False,,True,unattributed,5,evt_01-P02_desk_work_surface_0009,a0e6126e98ed7f44,pose_hand_context,,2304.0,13.33,,1,01/e1/v1,rtmpose_baseline
corpus_01,01.Candidate was found using a mobile phone in the examination hall..mkv,b842b03e5784d867e93770560d88150a526250df69077cd3065edbbd4c842098,dfine_native,56140.0,unknown_object,0.2685,694.98,418.69,722.25,442.02,636.2,27.27,23.33,1.169,False,,True,unattributed,5,evt_01-P02_desk_work_surface_0009,a0e6126e98ed7f44,pose_hand_context,,2304.0,13.33,,1,01/e1/v1,rtmpose_baseline
corpus_01,01.Candidate was found using a mobile phone in the examination hall..mkv,b842b03e5784d867e93770560d88150a526250df69077cd3065edbbd4c842098,dfine_native,56140.0,unknown_object,0.2695,692.3,406.62,728.98,452.59,1686.1,36.68,45.97,0.798,False,,True,unattributed,5,evt_01-P02_desk_work_surface_0009,a0e6126e98ed7f44,pose_hand_context,,2304.0,13.33,,1,01/e1/v1,rtmpose_baseline
corpus_01,01.Candidate was found using a mobile phone in the examination hall..mkv,b842b03e5784d867e93770560d88150a526250df69077cd3065edbbd4c842098,dfine_native,56140.0,unknown_object,0.2877,693.13,406.8,722.84,442.1,1048.5,29.71,35.3,0.842,False,,True,unattributed,5,evt_01-P02_desk_work_surface_0009,a0e6126e98ed7f44,pose_hand_context,,2304.0,13.33,,1,01/e1/v1,rtmpose_baseline
corpus_01,01.Candidate was found using a mobile phone in the examination hall..mkv,b842b03e5784d867e93770560d88150a526250df69077cd3065edbbd4c842098,dfine_native,56140.0,unknown_object,0.2623,693.04,405.85,722.79,450.53,1329.3,29.76,44.67,0.666,False,,True,unattributed,5,evt_01-P02_desk_work_surface_0009,a0e6126e98ed7f44,pose_hand_context,,2304.0,13.33,,1,01/e1/v1,rtmpose_baseline
corpus_01,01.Candidate was found using a mobile phone in the examination hall..mkv,b842b03e5784d867e93770560d88150a526250df69077cd3065edbbd4c842098,dfine_native,56140.0,unknown_object,0.3893,690.71,407.17,745.78,487.26,4411.7,55.08,80.1,0.688,False,,True,unattributed,5,evt_01-P02_desk_work_surface_0009,a0e6126e98ed7f44,pose_hand_context,,2304.0,13.33,,1,01/e1/v1,rtmpose_baseline
corpus_01,01.Candidate was found using a mobile phone in the examination hall..mkv,b842b03e5784d867e93770560d88150a526250df69077cd3065edbbd4c842098,dfine_native,56620.0,unknown_object,0.6811,698.79,495.2,757.27,584.98,5250.3,58.48,89.78,0.651,False,,True,unattributed,4,evt_01-P01_desk_work_surface_0001,10fdd921eb491ef3,pose_hand_context,,54125.7,2.66,,1,01/e1/v1,rtmpose_baseline
corpus_01,01.Candidate was found using a mobile phone in the examination hall..mkv,b842b03e5784d867e93770560d88150a526250df69077cd3065edbbd4c842098,dfine_native,56620.0,unknown_object,0.5751,674.99,576.78,700.64,645.63,1765.9,25.65,68.85,0.373,False,,True,unattributed,4,evt_01-P01_desk_work_surface_0001,10fdd921eb491ef3,pose_hand_context,,54125.7,2.66,,1,01/e1/v1,rtmpose_baseline
corpus_01,01.Candidate was found using a mobile phone in the examination hall..mkv,b842b03e5784d867e93770560d88150a526250df69077cd3065edbbd4c842098,dfine_native,56620.0,bag,0.4921,727.08,700.18,788.51,719.8,1205.6,61.43,19.63,3.13,False,,True,unattributed,4,evt_01-P01_desk_work_surface_0001,10fdd921eb491ef3,pose_hand_context,,54125.7,2.66,,1,01/e1/v1,rtmpose_baseline
corpus_01,01.Candidate was found using a mobile phone in the examination hall..mkv,b842b03e5784d867e93770560d88150a526250df69077cd3065edbbd4c842098,dfine_native,56620.0,unknown_object,0.3448,694.19,495.02,785.01,585.2,8189.4,90.82,90.18,1.007,False,,True,unattributed,4,evt_01-P01_desk_work_surface_0001,10fdd921eb491ef3,pose_hand_context,,54125.7,2.66,,1,01/e1/v1,rtmpose_baseline
corpus_01,01.Candidate was found using a mobile phone in the examination hall..mkv,b842b03e5784d867e93770560d88150a526250df69077cd3065edbbd4c842098,dfine_native,56620.0,bag,0.3973,727.07,668.09,824.97,719.16,4999.6,97.9,51.07,1.917,False,,True,unattributed,4,evt_01-P01_desk_work_surface_0001,10fdd921eb491ef3,pose_hand_context,,54125.7,2.66,,1,01/e1/v1,rtmpose_baseline
corpus_01,01.Candidate was found using a mobile phone in the examination hall..mkv,b842b03e5784d867e93770560d88150a526250df69077cd3065edbbd4c842098,dfine_native,56620.0,unknown_object,0.3379,674.98,498.93,701.02,645.68,3820.7,26.03,146.76,0.177,False,,True,unattributed,4,evt_01-P01_desk_work_surface_0001,10fdd921eb491ef3,pose_hand_context,,54125.7,2.66,,1,01/e1/v1,rtmpose_baseline
corpus_01,01.Candidate was found using a mobile phone in the examination hall..mkv,b842b03e5784d867e93770560d88150a526250df69077cd3065edbbd4c842098,dfine_native,56620.0,unknown_object,0.2804,674.99,524.74,700.7,645.68,3109.1,25.71,120.94,0.213,False,,True,unattributed,4,evt_01-P01_desk_work_surface_0001,10fdd921eb491ef3,pose_hand_context,,54125.7,2.66,,1,01/e1/v1,rtmpose_baseline
corpus_01,01.Candidate was found using a mobile phone in the examination hall..mkv,b842b03e5784d867e93770560d88150a526250df69077cd3065edbbd4c842098,dfine_native,56620.0,phone,0.2628,814.34,651.76,825.09,667.05,164.3,10.74,15.29,0.703,False,,True,unattributed,4,evt_01-P01_desk_work_surface_0001,10fdd921eb491ef3,pose_hand_context,,54125.7,2.66,,1,01/e1/v1,rtmpose_baseline
corpus_01,01.Candidate was found using a mobile phone in the examination hall..mkv,b842b03e5784d867e93770560d88150a526250df69077cd3065edbbd4c842098,dfine_native,56620.0,unknown_object,0.2967,677.46,494.82,783.33,584.88,9535.7,105.88,90.07,1.176,False,,True,unattributed,4,evt_01-P01_desk_work_surface_0001,10fdd921eb491ef3,pose_hand_context,,54125.7,2.66,,1,01/e1/v1,rtmpose_baseline
corpus_01,01.Candidate was found using a mobile phone in the examination hall..mkv,b842b03e5784d867e93770560d88150a526250df69077cd3065edbbd4c842098,dfine_native,56620.0,unknown_object,0.8111,650.01,406.76,745.56,489.55,7909.9,95.54,82.79,1.154,False,,True,unattributed,5,evt_01-P01_desk_work_surface_0001,5d708bed411ddbd4,native_source_context_fallback,wrist_confidence_below_floor,17350.1,3.44,,1,01/e1/v1,rtmpose_baseline
corpus_01,01.Candidate was found using a mobile phone in the examination hall..mkv,b842b03e5784d867e93770560d88150a526250df69077cd3065edbbd4c842098,dfine_native,56620.0,unknown_object,0.4945,723.56,369.3,745.95,446.37,1725.5,22.39,77.06,0.291,False,,True,unattributed,5,evt_01-P01_desk_work_surface_0001,5d708bed411ddbd4,native_source_context_fallback,wrist_confidence_below_floor,17350.1,3.44,,1,01/e1/v1,rtmpose_baseline
corpus_01,01.Candidate was found using a mobile phone in the examination hall..mkv,b842b03e5784d867e93770560d88150a526250df69077cd3065edbbd4c842098,dfine_native,56620.0,unknown_object,0.4019,724.07,369.45,745.93,411.24,913.4,21.85,41.79,0.523,False,,True,unattributed,5,evt_01-P01_desk_work_surface_0001,5d708bed411ddbd4,native_source_context_fallback,wrist_confidence_below_floor,17350.1,3.44,,1,01/e1/v1,rtmpose_baseline
corpus_01,01.Candidate was found using a mobile phone in the examination hall..mkv,b842b03e5784d867e93770560d88150a526250df69077cd3065edbbd4c842098,dfine_native,56620.0,unknown_object,0.3971,649.97,365.03,668.31,401.12,661.7,18.34,36.09,0.508,False,,True,unattributed,5,evt_01-P01_desk_work_surface_0001,5d708bed411ddbd4,native_source_context_fallback,wrist_confidence_below_floor,17350.1,3.44,,1,01/e1/v1,rtmpose_baseline
corpus_01,01.Candidate was found using a mobile phone in the examination hall..mkv,b842b03e5784d867e93770560d88150a526250df69077cd3065edbbd4c842098,dfine_native,56620.0,unknown_object,0.4238,649.99,406.84,695.38,489.52,3752.3,45.38,82.68,0.549,False,,True,unattributed,5,evt_01-P01_desk_work_surface_0001,5d708bed411ddbd4,native_source_context_fallback,wrist_confidence_below_floor,17350.1,3.44,,1,01/e1/v1,rtmpose_baseline
corpus_01,01.Candidate was found using a mobile phone in the examination hall..mkv,b842b03e5784d867e93770560d88150a526250df69077cd3065edbbd4c842098,dfine_native,56620.0,mouse,0.3184,649.98,368.85,660.42,377.64,91.8,10.44,8.79,1.187,True,object footprint 92 px is under the 120 px floor for a call,False,unattributed,5,evt_01-P01_desk_work_surface_0001,5d708bed411ddbd4,native_source_context_fallback,wrist_confidence_below_floor,17350.1,3.44,,1,01/e1/v1,rtmpose_baseline
corpus_01,01.Candidate was found using a mobile phone in the examination hall..mkv,b842b03e5784d867e93770560d88150a526250df69077cd3065edbbd4c842098,dfine_native,56620.0,unknown_object,0.3084,691.44,451.33,745.67,489.73,2082.7,54.23,38.41,1.412,False,,True,unattributed,5,evt_01-P01_desk_work_surface_0001,5d708bed411ddbd4,native_source_context_fallback,wrist_confidence_below_floor,17350.1,3.44,,1,01/e1/v1,rtmpose_baseline
corpus_01,01.Candidate was found using a mobile phone in the examination hall..mkv,b842b03e5784d867e93770560d88150a526250df69077cd3065edbbd4c842098,dfine_native,56620.0,unknown_object,0.3059,691.46,369.58,745.99,487.07,6406.9,54.53,117.5,0.464,False,,True,unattributed,5,evt_01-P01_desk_work_surface_0001,5d708bed411ddbd4,native_source_context_fallback,wrist_confidence_below_floor,17350.1,3.44,,1,01/e1/v1,rtmpose_baseline
corpus_01,01.Candidate was found using a mobile phone in the examination hall..mkv,b842b03e5784d867e93770560d88150a526250df69077cd3065edbbd4c842098,dfine_native,56620.0,unknown_object,0.535,991.93,582.58,1071.94,632.75,4014.0,80.01,50.17,1.595,False,,True,unattributed,1,evt_01-P01_desk_work_surface_0001,bcdb3f458162318f,native_source_context_fallback,wrist_confidence_below_floor,17711.7,3.59,,1,01/e1/v1,rtmpose_baseline
corpus_01,01.Candidate was found using a mobile phone in the examination hall..mkv,b842b03e5784d867e93770560d88150a526250df69077cd3065edbbd4c842098,dfine_native,56620.0,unknown_object,0.2741,1001.74,549.02,1028.63,572.9,642.1,26.89,23.88,1.126,False,,True,unattributed,1,evt_01-P01_desk_work_surface_0001,bcdb3f458162318f,native_source_context_fallback,wrist_confidence_below_floor,17711.7,3.59,,1,01/e1/v1,rtmpose_baseline
corpus_01,01.Candidate was found using a mobile phone in the examination hall..mkv,b842b03e5784d867e93770560d88150a526250df69077cd3065edbbd4c842098,dfine_native,56620.0,unknown_object,0.2564,974.05,455.22,1072.08,632.09,17339.2,98.03,176.88,0.554,False,,True,unattributed,1,evt_01-P01_desk_work_surface_0001,bcdb3f458162318f,native_source_context_fallback,wrist_confidence_below_floor,17711.7,3.59,,1,01/e1/v1,rtmpose_baseline
corpus_01,01.Candidate was found using a mobile phone in the examination hall..mkv,b842b03e5784d867e93770560d88150a526250df69077cd3065edbbd4c842098,dfine_native,56660.0,unknown_object,0.6771,698.05,495.07,758.79,585.11,5469.7,60.74,90.05,0.675,False,,True,unattributed,4,evt_01-P02_upper_body_0011,115fe3ed4539f5cc,pose_hand_context,,53255.4,2.69,,1,01/e1/v1,rtmpose_baseline
corpus_01,01.Candidate was found using a mobile phone in the examination hall..mkv,b842b03e5784d867e93770560d88150a526250df69077cd3065edbbd4c842098,dfine_native,56660.0,bag,0.5211,727.17,700.19,788.49,719.9,1208.5,61.31,19.71,3.111,False,,True,unattributed,4,evt_01-P02_upper_body_0011,115fe3ed4539f5cc,pose_hand_context,,53255.4,2.69,,1,01/e1/v1,rtmpose_baseline
corpus_01,01.Candidate was found using a mobile phone in the examination hall..mkv,b842b03e5784d867e93770560d88150a526250df69077cd3065edbbd4c842098,dfine_native,56660.0,unknown_object,0.5348,675.99,576.71,700.69,645.63,1702.0,24.69,68.92,0.358,False,,True,unattributed,4,evt_01-P02_upper_body_0011,115fe3ed4539f5cc,pose_hand_context,,53255.4,2.69,,1,01/e1/v1,rtmpose_baseline
corpus_01,01.Candidate was found using a mobile phone in the examination hall..mkv,b842b03e5784d867e93770560d88150a526250df69077cd3065edbbd4c842098,dfine_native,56660.0,unknown_object,0.3187,691.86,494.8,786.03,585.33,8526.0,94.17,90.54,1.04,False,,True,unattributed,4,evt_01-P02_upper_body_0011,115fe3ed4539f5cc,pose_hand_context,,53255.4,2.69,,1,01/e1/v1,rtmpose_baseline
corpus_01,01.Candidate was found using a mobile phone in the examination hall..mkv,b842b03e5784d867e93770560d88150a526250df69077cd3065edbbd4c842098,dfine_native,56660.0,unknown_object,0.314,675.97,497.73,701.18,645.73,3730.7,25.21,148.0,0.17,False,,True,unattributed,4,evt_01-P02_upper_body_0011,115fe3ed4539f5cc,pose_hand_context,,53255.4,2.69,,1,01/e1/v1,rtmpose_baseline
corpus_01,01.Candidate was found using a mobile phone in the examination hall..mkv,b842b03e5784d867e93770560d88150a526250df69077cd3065edbbd4c842098,dfine_native,56660.0,phone,0.3701,813.96,650.31,825.85,666.5,192.4,11.89,16.18,0.735,False,,True,unattributed,4,evt_01-P02_upper_body_0011,115fe3ed4539f5cc,pose_hand_context,,53255.4,2.69,,1,01/e1/v1,rtmpose_baseline
corpus_01,01.Candidate was found using a mobile phone in the examination hall..mkv,b842b03e5784d867e93770560d88150a526250df69077cd3065edbbd4c842098,dfine_native,56660.0,unknown_object,0.2505,677.58,494.58,759.13,585.31,7398.6,81.55,90.73,0.899,False,,True,unattributed,4,evt_01-P02_upper_body_0011,115fe3ed4539f5cc,pose_hand_context,,53255.4,2.69,,1,01/e1/v1,rtmpose_baseline
corpus_01,01.Candidate was found using a mobile phone in the examination hall..mkv,b842b03e5784d867e93770560d88150a526250df69077cd3065edbbd4c842098,dfine_native,56660.0,unknown_object,0.2993,679.73,494.62,786.4,585.2,9662.2,106.68,90.57,1.178,False,,True,unattributed,4,evt_01-P02_upper_body_0011,115fe3ed4539f5cc,pose_hand_context,,53255.4,2.69,,1,01/e1/v1,rtmpose_baseline
corpus_01,01.Candidate was found using a mobile phone in the examination hall..mkv,b842b03e5784d867e93770560d88150a526250df69077cd3065edbbd4c842098,dfine_native,56660.0,unknown_object,0.2798,676.05,495.25,758.41,645.74,12394.6,82.36,150.49,0.547,False,,True,unattributed,4,evt_01-P02_upper_body_0011,115fe3ed4539f5cc,pose_hand_context,,53255.4,2.69,,1,01/e1/v1,rtmpose_baseline
corpus_01,01.Candidate was found using a mobile phone in the examination hall..mkv,b842b03e5784d867e93770560d88150a526250df69077cd3065edbbd4c842098,dfine_native,56660.0,bag,0.6037,648.05,406.1,694.73,491.32,3978.1,46.68,85.22,0.548,False,,True,unattributed,5,evt_01-P02_upper_body_0011,1861526bb972af12,pose_hand_context,,2304.0,13.33,,1,01/e1/v1,rtmpose_baseline
corpus_01,01.Candidate was found using a mobile phone in the examination hall..mkv,b842b03e5784d867e93770560d88150a526250df69077cd3065edbbd4c842098,dfine_native,56660.0,unknown_object,0.3125,688.24,396.42,743.48,490.02,5170.4,55.24,93.61,0.59,False,,True,unattributed,5,evt_01-P02_upper_body_0011,1861526bb972af12,pose_hand_context,,2304.0,13.33,,1,01/e1/v1,rtmpose_baseline
corpus_01,01.Candidate was found using a mobile phone in the examination hall..mkv,b842b03e5784d867e93770560d88150a526250df69077cd3065edbbd4c842098,dfine_native,56660.0,unknown_object,0.3787,691.34,451.45,742.05,489.47,1928.1,50.71,38.02,1.334,False,,True,unattributed,5,evt_01-P02_upper_body_0011,1861526bb972af12,pose_hand_context,,2304.0,13.33,,1,01/e1/v1,rtmpose_baseline
corpus_01,01.Candidate was found using a mobile phone in the examination hall..mkv,b842b03e5784d867e93770560d88150a526250df69077cd3065edbbd4c842098,dfine_native,56660.0,unknown_object,0.2818,702.15,418.99,729.09,452.31,897.6,26.94,33.32,0.808,False,,True,unattributed,5,evt_01-P02_upper_body_0011,1861526bb972af12,pose_hand_context,,2304.0,13.33,,1,01/e1/v1,rtmpose_baseline
corpus_01,01.Candidate was found using a mobile phone in the examination hall..mkv,b842b03e5784d867e93770560d88150a526250df69077cd3065edbbd4c842098,dfine_native,56660.0,unknown_object,0.2777,703.12,419.02,729.08,440.66,561.7,25.96,21.63,1.2,False,,True,unattributed,5,evt_01-P02_upper_body_0011,1861526bb972af12,pose_hand_context,,2304.0,13.33,,1,01/e1/v1,rtmpose_baseline
corpus_01,01.Candidate was found using a mobile phone in the examination hall..mkv,b842b03e5784d867e93770560d88150a526250df69077cd3065edbbd4c842098,dfine_native,56660.0,unknown_object,0.461,662.66,396.17,743.4,490.44,7611.0,80.74,94.27,0.856,False,,True,unattributed,5,evt_01-P02_upper_body_0011,1861526bb972af12,pose_hand_context,,2304.0,13.33,,1,01/e1/v1,rtmpose_baseline
corpus_01,01.Candidate was found using a mobile phone in the examination hall..mkv,b842b03e5784d867e93770560d88150a526250df69077cd3065edbbd4c842098,dfine_native,56660.0,unknown_object,0.4556,691.43,421.37,743.55,489.44,3547.9,52.12,68.07,0.766,False,,True,unattributed,5,evt_01-P02_upper_body_0011,1861526bb972af12,pose_hand_context,,2304.0,13.33,,1,01/e1/v1,rtmpose_baseline
corpus_01,01.Candidate was found using a mobile phone in the examination hall..mkv,b842b03e5784d867e93770560d88150a526250df69077cd3065edbbd4c842098,dfine_native,56660.0,unknown_object,0.3405,691.58,427.86,743.29,489.12,3168.2,51.71,61.27,0.844,False,,True,unattributed,5,evt_01-P02_upper_body_0011,1861526bb972af12,pose_hand_context,,2304.0,13.33,,1,01/e1/v1,rtmpose_baseline
corpus_01,01.Candidate was found using a mobile phone in the examination hall..mkv,b842b03e5784d867e93770560d88150a526250df69077cd3065edbbd4c842098,dfine_native,56660.0,unknown_object,0.2535,686.12,396.14,737.64,455.16,3040.5,51.52,59.02,0.873,False,,True,unattributed,5,evt_01-P02_upper_body_0011,1861526bb972af12,pose_hand_context,,2304.0,13.33,,1,01/e1/v1,rtmpose_baseline
corpus_01,01.Candidate was found using a mobile phone in the examination hall..mkv,b842b03e5784d867e93770560d88150a526250df69077cd3065edbbd4c842098,dfine_native,56660.0,unknown_object,0.3059,648.15,396.09,743.94,491.31,9121.1,95.8,95.21,1.006,False,,True,unattributed,5,evt_01-P02_upper_body_0011,1861526bb972af12,pose_hand_context,,2304.0,13.33,,1,01/e1/v1,rtmpose_baseline
corpus_01,01.Candidate was found using a mobile phone in the examination hall..mkv,b842b03e5784d867e93770560d88150a526250df69077cd3065edbbd4c842098,dfine_native,56660.0,unknown_object,0.2819,693.01,419.28,730.05,456.19,1367.1,37.04,36.91,1.003,False,,True,unattributed,5,evt_01-P02_upper_body_0011,1861526bb972af12,pose_hand_context,,2304.0,13.33,,1,01/e1/v1,rtmpose_baseline
corpus_01,01.Candidate was found using a mobile phone in the examination hall..mkv,b842b03e5784d867e93770560d88150a526250df69077cd3065edbbd4c842098,dfine_native,56660.0,unknown_object,0.2911,662.97,396.05,738.49,455.11,4460.1,75.52,59.06,1.279,False,,True,unattributed,5,evt_01-P02_upper_body_0011,1861526bb972af12,pose_hand_context,,2304.0,13.33,,1,01/e1/v1,rtmpose_baseline
corpus_01,01.Candidate was found using a mobile phone in the examination hall..mkv,b842b03e5784d867e93770560d88150a526250df69077cd3065edbbd4c842098,dfine_native,56660.0,unknown_object,0.3033,648.06,396.12,694.66,491.26,4434.1,46.61,95.14,0.49,False,,True,unattributed,5,evt_01-P02_upper_body_0011,1861526bb972af12,pose_hand_context,,2304.0,13.33,,1,01/e1/v1,rtmpose_baseline
corpus_01,01.Candidate was found using a mobile phone in the examination hall..mkv,b842b03e5784d867e93770560d88150a526250df69077cd3065edbbd4c842098,dfine_native,56660.0,unknown_object,0.6816,992.39,584.49,1064.91,631.81,3431.8,72.51,47.33,1.532,False,,True,unattributed,1,evt_01-P02_upper_body_0011,f6523d5d4e0ddc64,native_source_context_fallback,wrist_confidence_below_floor,15343.9,3.62,,1,01/e1/v1,rtmpose_baseline
corpus_01,01.Candidate was found using a mobile phone in the examination hall..mkv,b842b03e5784d867e93770560d88150a526250df69077cd3065edbbd4c842098,dfine_native,56660.0,unknown_object,0.2642,993.43,584.54,1064.94,631.8,3379.2,71.5,47.26,1.513,False,,True,unattributed,1,evt_01-P02_upper_body_0011,f6523d5d4e0ddc64,native_source_context_fallback,wrist_confidence_below_floor,15343.9,3.62,,1,01/e1/v1,rtmpose_baseline
corpus_01,01.Candidate was found using a mobile phone in the examination hall..mkv,b842b03e5784d867e93770560d88150a526250df69077cd3065edbbd4c842098,dfine_native,56660.0,unknown_object,0.266,1001.36,549.01,1028.52,568.99,542.6,27.16,19.98,1.359,False,,True,unattributed,1,evt_01-P02_upper_body_0011,f6523d5d4e0ddc64,native_source_context_fallback,wrist_confidence_below_floor,15343.9,3.62,,1,01/e1/v1,rtmpose_baseline
corpus_01,01.Candidate was found using a mobile phone in the examination hall..mkv,b842b03e5784d867e93770560d88150a526250df69077cd3065edbbd4c842098,dfine_native,57140.0,unknown_object,0.2841,994.0,588.43,1050.87,631.89,2471.6,56.87,43.46,1.309,False,,True,unattributed,6,evt_01-P02_desk_work_surface_0009,13355075c688925b,native_source_context_fallback,no_pose_observation,14465.4,3.86,,1,01/e1/v1,
corpus_01,01.Candidate was found using a mobile phone in the examination hall..mkv,b842b03e5784d867e93770560d88150a526250df69077cd3065edbbd4c842098,dfine_native,57140.0,unknown_object,0.2941,994.87,562.73,1014.83,623.64,1215.8,19.96,60.9,0.328,False,,True,unattributed,6,evt_01-P02_desk_work_surface_0009,13355075c688925b,native_source_context_fallback,no_pose_observation,14465.4,3.86,,1,01/e1/v1,
corpus_01,01.Candidate was found using a mobile phone in the examination hall..mkv,b842b03e5784d867e93770560d88150a526250df69077cd3065edbbd4c842098,dfine_native,57140.0,unknown_object,0.7633,696.37,491.34,762.9,584.91,6225.7,66.54,93.57,0.711,False,,True,unattributed,4,evt_01-P02_desk_work_surface_0009,5558f34bb3b71b41,pose_hand_context,,52725.7,2.77,,1,01/e1/v1,rtmpose_baseline
corpus_01,01.Candidate was found using a mobile phone in the examination hall..mkv,b842b03e5784d867e93770560d88150a526250df69077cd3065edbbd4c842098,dfine_native,57140.0,unknown_object,0.5533,679.01,576.52,700.64,645.48,1491.8,21.63,68.96,0.314,False,,True,unattributed,4,evt_01-P02_desk_work_surface_0009,5558f34bb3b71b41,pose_hand_context,,52725.7,2.77,,1,01/e1/v1,rtmpose_baseline
corpus_01,01.Candidate was found using a mobile phone in the examination hall..mkv,b842b03e5784d867e93770560d88150a526250df69077cd3065edbbd4c842098,dfine_native,57140.0,bag,0.361,726.85,700.22,788.17,719.9,1207.0,61.33,19.68,3.116,False,,True,unattributed,4,evt_01-P02_desk_work_surface_0009,5558f34bb3b71b41,pose_hand_context,,52725.7,2.77,,1,01/e1/v1,rtmpose_baseline
corpus_01,01.Candidate was found using a mobile phone in the examination hall..mkv,b842b03e5784d867e93770560d88150a526250df69077cd3065edbbd4c842098,dfine_native,57140.0,unknown_object,0.2531,679.04,618.24,700.17,645.5,576.0,21.13,27.26,0.775,False,,True,unattributed,4,evt_01-P02_desk_work_surface_0009,5558f34bb3b71b41,pose_hand_context,,52725.7,2.77,,1,01/e1/v1,rtmpose_baseline
corpus_01,01.Candidate was found using a mobile phone in the examination hall..mkv,b842b03e5784d867e93770560d88150a526250df69077cd3065edbbd4c842098,dfine_native,57140.0,unknown_object,0.3436,678.98,492.93,701.36,645.43,3411.5,22.37,152.5,0.147,False,,True,unattributed,4,evt_01-P02_desk_work_surface_0009,5558f34bb3b71b41,pose_hand_context,,52725.7,2.77,,1,01/e1/v1,rtmpose_baseline
corpus_01,01.Candidate was found using a mobile phone in the examination hall..mkv,b842b03e5784d867e93770560d88150a526250df69077cd3065edbbd4c842098,dfine_native,57140.0,unknown_object,0.3335,679.15,491.37,762.57,645.62,12866.3,83.41,154.25,0.541,False,,True,unattributed,4,evt_01-P02_desk_work_surface_0009,5558f34bb3b71b41,pose_hand_context,,52725.7,2.77,,1,01/e1/v1,rtmpose_baseline
corpus_01,01.Candidate was found using a mobile phone in the examination hall..mkv,b842b03e5784d867e93770560d88150a526250df69077cd3065edbbd4c842098,dfine_native,57140.0,unknown_object,0.5804,651.22,405.66,746.22,492.31,8231.1,95.0,86.65,1.096,False,,True,unattributed,5,evt_01-P02_desk_work_surface_0009,f75af14eb9abe4b3,pose_hand_context,,2304.0,13.33,,1,01/e1/v1,rtmpose_baseline
corpus_01,01.Candidate was found using a mobile phone in the examination hall..mkv,b842b03e5784d867e93770560d88150a526250df69077cd3065edbbd4c842098,dfine_native,57140.0,unknown_object,0.5726,651.03,406.4,694.44,492.23,3725.8,43.41,85.83,0.506,False,,True,unattributed,5,evt_01-P02_desk_work_surface_0009,f75af14eb9abe4b3,pose_hand_context,,2304.0,13.33,,1,01/e1/v1,rtmpose_baseline
corpus_01,01.Candidate was found using a mobile phone in the examination hall..mkv,b842b03e5784d867e93770560d88150a526250df69077cd3065edbbd4c842098,dfine_native,57140.0,unknown_object,0.4752,662.33,397.04,739.13,457.25,4623.8,76.8,60.21,1.276,False,,True,unattributed,5,evt_01-P02_desk_work_surface_0009,f75af14eb9abe4b3,pose_hand_context,,2304.0,13.33,,1,01/e1/v1,rtmpose_baseline
corpus_01,01.Candidate was found using a mobile phone in the examination hall..mkv,b842b03e5784d867e93770560d88150a526250df69077cd3065edbbd4c842098,dfine_native,57140.0,unknown_object,0.3481,690.59,451.44,743.34,488.67,1964.0,52.75,37.23,1.417,False,,True,unattributed,5,evt_01-P02_desk_work_surface_0009,f75af14eb9abe4b3,pose_hand_context,,2304.0,13.33,,1,01/e1/v1,rtmpose_baseline
corpus_01,01.Candidate was found using a mobile phone in the examination hall..mkv,b842b03e5784d867e93770560d88150a526250df69077cd3065edbbd4c842098,dfine_native,57140.0,unknown_object,0.3494,651.08,397.3,746.85,492.36,9104.9,95.77,95.07,1.007,False,,True,unattributed,5,evt_01-P02_desk_work_surface_0009,f75af14eb9abe4b3,pose_hand_context,,2304.0,13.33,,1,01/e1/v1,rtmpose_baseline
corpus_01,01.Candidate was found using a mobile phone in the examination hall..mkv,b842b03e5784d867e93770560d88150a526250df69077cd3065edbbd4c842098,dfine_native,57140.0,unknown_object,0.4724,702.63,419.78,729.48,451.99,864.7,26.84,32.21,0.833,False,,True,unattributed,5,evt_01-P02_desk_work_surface_0009,f75af14eb9abe4b3,pose_hand_context,,2304.0,13.33,,1,01/e1/v1,rtmpose_baseline
corpus_01,01.Candidate was found using a mobile phone in the examination hall..mkv,b842b03e5784d867e93770560d88150a526250df69077cd3065edbbd4c842098,dfine_native,57140.0,unknown_object,0.2835,717.33,427.09,742.86,453.43,672.4,25.53,26.34,0.969,False,,True,unattributed,5,evt_01-P02_desk_work_surface_0009,f75af14eb9abe4b3,pose_hand_context,,2304.0,13.33,,1,01/e1/v1,rtmpose_baseline
corpus_01,01.Candidate was found using a mobile phone in the examination hall..mkv,b842b03e5784d867e93770560d88150a526250df69077cd3065edbbd4c842098,dfine_native,57140.0,unknown_object,0.4364,703.19,419.76,729.35,441.68,573.3,26.15,21.92,1.193,False,,True,unattributed,5,evt_01-P02_desk_work_surface_0009,f75af14eb9abe4b3,pose_hand_context,,2304.0,13.33,,1,01/e1/v1,rtmpose_baseline
corpus_01,01.Candidate was found using a mobile phone in the examination hall..mkv,b842b03e5784d867e93770560d88150a526250df69077cd3065edbbd4c842098,dfine_native,57140.0,unknown_object,0.4226,692.59,419.61,730.35,457.27,1422.1,37.76,37.66,1.003,False,,True,unattributed,5,evt_01-P02_desk_work_surface_0009,f75af14eb9abe4b3,pose_hand_context,,2304.0,13.33,,1,01/e1/v1,rtmpose_baseline
corpus_01,01.Candidate was found using a mobile phone in the examination hall..mkv,b842b03e5784d867e93770560d88150a526250df69077cd3065edbbd4c842098,dfine_native,57140.0,unknown_object,0.4818,690.75,419.51,743.86,488.5,3664.2,53.12,68.98,0.77,False,,True,unattributed,5,evt_01-P02_desk_work_surface_0009,f75af14eb9abe4b3,pose_hand_context,,2304.0,13.33,,1,01/e1/v1,rtmpose_baseline
corpus_01,01.Candidate was found using a mobile phone in the examination hall..mkv,b842b03e5784d867e93770560d88150a526250df69077cd3065edbbd4c842098,dfine_native,57140.0,unknown_object,0.2578,704.2,436.31,719.71,452.1,244.9,15.51,15.79,0.982,False,,True,unattributed,5,evt_01-P02_desk_work_surface_0009,f75af14eb9abe4b3,pose_hand_context,,2304.0,13.33,,1,01/e1/v1,rtmpose_baseline
corpus_01,01.Candidate was found using a mobile phone in the examination hall..mkv,b842b03e5784d867e93770560d88150a526250df69077cd3065edbbd4c842098,dfine_native,57140.0,unknown_object,0.2982,692.45,419.52,742.72,458.7,1969.3,50.26,39.18,1.283,False,,True,unattributed,5,evt_01-P02_desk_work_surface_0009,f75af14eb9abe4b3,pose_hand_context,,2304.0,13.33,,1,01/e1/v1,rtmpose_baseline
corpus_01,01.Candidate was found using a mobile phone in the examination hall..mkv,b842b03e5784d867e93770560d88150a526250df69077cd3065edbbd4c842098,dfine_native,57140.0,unknown_object,0.4391,661.88,397.12,745.68,489.17,7713.6,83.8,92.05,0.91,False,,True,unattributed,5,evt_01-P02_desk_work_surface_0009,f75af14eb9abe4b3,pose_hand_context,,2304.0,13.33,,1,01/e1/v1,rtmpose_baseline
corpus_01,01.Candidate was found using a mobile phone in the examination hall..mkv,b842b03e5784d867e93770560d88150a526250df69077cd3065edbbd4c842098,dfine_native,57140.0,unknown_object,0.3085,651.04,397.29,694.52,492.2,4126.8,43.48,94.9,0.458,False,,True,unattributed,5,evt_01-P02_desk_work_surface_0009,f75af14eb9abe4b3,pose_hand_context,,2304.0,13.33,,1,01/e1/v1,rtmpose_baseline
corpus_01,01.Candidate was found using a mobile phone in the examination hall..mkv,b842b03e5784d867e93770560d88150a526250df69077cd3065edbbd4c842098,dfine_native,57620.0,unknown_object,0.5199,651.23,405.97,746.64,490.41,8055.7,95.4,84.44,1.13,False,,True,unattributed,5,evt_01-P03_desk_work_surface_0014,10018b3bb1b0cf52,pose_hand_context,,2304.0,13.33,,1,01/e1/v1,rtmpose_baseline
corpus_01,01.Candidate was found using a mobile phone in the examination hall..mkv,b842b03e5784d867e93770560d88150a526250df69077cd3065edbbd4c842098,dfine_native,57620.0,unknown_object,0.5762,651.03,406.71,694.61,490.28,3641.7,43.58,83.57,0.521,False,,True,unattributed,5,evt_01-P03_desk_work_surface_0014,10018b3bb1b0cf52,pose_hand_context,,2304.0,13.33,,1,01/e1/v1,rtmpose_baseline
corpus_01,01.Candidate was found using a mobile phone in the examination hall..mkv,b842b03e5784d867e93770560d88150a526250df69077cd3065edbbd4c842098,dfine_native,57620.0,unknown_object,0.3883,690.66,451.52,743.77,488.89,1984.9,53.11,37.38,1.421,False,,True,unattributed,5,evt_01-P03_desk_work_surface_0014,10018b3bb1b0cf52,pose_hand_context,,2304.0,13.33,,1,01/e1/v1,rtmpose_baseline
corpus_01,01.Candidate was found using a mobile phone in the examination hall..mkv,b842b03e5784d867e93770560d88150a526250df69077cd3065edbbd4c842098,dfine_native,57620.0,unknown_object,0.3986,702.7,419.21,729.25,451.92,868.3,26.55,32.71,0.812,False,,True,unattributed,5,evt_01-P03_desk_work_surface_0014,10018b3bb1b0cf52,pose_hand_context,,2304.0,13.33,,1,01/e1/v1,rtmpose_baseline
corpus_01,01.Candidate was found using a mobile phone in the examination hall..mkv,b842b03e5784d867e93770560d88150a526250df69077cd3065edbbd4c842098,dfine_native,57620.0,unknown_object,0.2905,660.39,395.03,742.81,458.38,5221.4,82.43,63.35,1.301,False,,True,unattributed,5,evt_01-P03_desk_work_surface_0014,10018b3bb1b0cf52,pose_hand_context,,2304.0,13.33,,1,01/e1/v1,rtmpose_baseline
corpus_01,01.Candidate was found using a mobile phone in the examination hall..mkv,b842b03e5784d867e93770560d88150a526250df69077cd3065edbbd4c842098,dfine_native,57620.0,unknown_object,0.3606,651.11,395.25,746.88,490.39,9112.4,95.77,95.15,1.007,False,,True,unattributed,5,evt_01-P03_desk_work_surface_0014,10018b3bb1b0cf52,pose_hand_context,,2304.0,13.33,,1,01/e1/v1,rtmpose_baseline
corpus_01,01.Candidate was found using a mobile phone in the examination hall..mkv,b842b03e5784d867e93770560d88150a526250df69077cd3065edbbd4c842098,dfine_native,57620.0,unknown_object,0.2856,691.19,427.9,743.98,488.45,3196.5,52.79,60.55,0.872,False,,True,unattributed,5,evt_01-P03_desk_work_surface_0014,10018b3bb1b0cf52,pose_hand_context,,2304.0,13.33,,1,01/e1/v1,rtmpose_baseline
corpus_01,01.Candidate was found using a mobile phone in the examination hall..mkv,b842b03e5784d867e93770560d88150a526250df69077cd3065edbbd4c842098,dfine_native,57620.0,unknown_object,0.2949,689.29,395.49,744.48,488.33,5124.3,55.19,92.85,0.594,False,,True,unattributed,5,evt_01-P03_desk_work_surface_0014,10018b3bb1b0cf52,pose_hand_context,,2304.0,13.33,,1,01/e1/v1,rtmpose_baseline
corpus_01,01.Candidate was found using a mobile phone in the examination hall..mkv,b842b03e5784d867e93770560d88150a526250df69077cd3065edbbd4c842098,dfine_native,57620.0,unknown_object,0.4726,690.92,420.53,744.18,488.41,3615.3,53.26,67.88,0.785,False,,True,unattributed,5,evt_01-P03_desk_work_surface_0014,10018b3bb1b0cf52,pose_hand_context,,2304.0,13.33,,1,01/e1/v1,rtmpose_baseline
corpus_01,01.Candidate was found using a mobile phone in the examination hall..mkv,b842b03e5784d867e93770560d88150a526250df69077cd3065edbbd4c842098,dfine_native,57620.0,unknown_object,0.2671,703.16,425.99,741.95,453.84,1080.3,38.79,27.85,1.393,False,,True,unattributed,5,evt_01-P03_desk_work_surface_0014,10018b3bb1b0cf52,pose_hand_context,,2304.0,13.33,,1,01/e1/v1,rtmpose_baseline
corpus_01,01.Candidate was found using a mobile phone in the examination hall..mkv,b842b03e5784d867e93770560d88150a526250df69077cd3065edbbd4c842098,dfine_native,57620.0,unknown_object,0.2785,691.3,428.45,743.66,487.88,3111.7,52.36,59.43,0.881,False,,True,unattributed,5,evt_01-P03_desk_work_surface_0014,10018b3bb1b0cf52,pose_hand_context,,2304.0,13.33,,1,01/e1/v1,rtmpose_baseline
corpus_01,01.Candidate was found using a mobile phone in the examination hall..mkv,b842b03e5784d867e93770560d88150a526250df69077cd3065edbbd4c842098,dfine_native,57620.0,unknown_object,0.3699,703.33,419.42,729.01,441.95,578.6,25.69,22.53,1.14,False,,True,unattributed,5,evt_01-P03_desk_work_surface_0014,10018b3bb1b0cf52,pose_hand_context,,2304.0,13.33,,1,01/e1/v1,rtmpose_baseline
corpus_01,01.Candidate was found using a mobile phone in the examination hall..mkv,b842b03e5784d867e93770560d88150a526250df69077cd3065edbbd4c842098,dfine_native,57620.0,unknown_object,0.4665,659.93,395.11,745.11,488.59,7962.6,85.18,93.48,0.911,False,,True,unattributed,5,evt_01-P03_desk_work_surface_0014,10018b3bb1b0cf52,pose_hand_context,,2304.0,13.33,,1,01/e1/v1,rtmpose_baseline
corpus_01,01.Candidate was found using a mobile phone in the examination hall..mkv,b842b03e5784d867e93770560d88150a526250df69077cd3065edbbd4c842098,dfine_native,57620.0,unknown_object,0.2535,651.04,406.48,693.79,458.53,2224.8,42.75,52.05,0.821,False,,True,unattributed,5,evt_01-P03_desk_work_surface_0014,10018b3bb1b0cf52,pose_hand_context,,2304.0,13.33,,1,01/e1/v1,rtmpose_baseline
corpus_01,01.Candidate was found using a mobile phone in the examination hall..mkv,b842b03e5784d867e93770560d88150a526250df69077cd3065edbbd4c842098,dfine_native,57620.0,unknown_object,0.2524,692.58,405.77,741.55,456.3,2474.1,48.96,50.53,0.969,False,,True,unattributed,5,evt_01-P03_desk_work_surface_0014,10018b3bb1b0cf52,pose_hand_context,,2304.0,13.33,,1,01/e1/v1,rtmpose_baseline
corpus_01,01.Candidate was found using a mobile phone in the examination hall..mkv,b842b03e5784d867e93770560d88150a526250df69077cd3065edbbd4c842098,dfine_native,57620.0,unknown_object,0.3129,660.88,395.05,737.27,456.6,4700.8,76.38,61.54,1.241,False,,True,unattributed,5,evt_01-P03_desk_work_surface_0014,10018b3bb1b0cf52,pose_hand_context,,2304.0,13.33,,1,01/e1/v1,rtmpose_baseline
corpus_01,01.Candidate was found using a mobile phone in the examination hall..mkv,b842b03e5784d867e93770560d88150a526250df69077cd3065edbbd4c842098,dfine_native,57620.0,unknown_object,0.2893,703.07,395.11,735.82,441.84,1529.9,32.74,46.72,0.701,False,,True,unattributed,5,evt_01-P03_desk_work_surface_0014,10018b3bb1b0cf52,pose_hand_context,,2304.0,13.33,,1,01/e1/v1,rtmpose_baseline
corpus_01,01.Candidate was found using a mobile phone in the examination hall..mkv,b842b03e5784d867e93770560d88150a526250df69077cd3065edbbd4c842098,dfine_native,57620.0,unknown_object,0.2891,702.24,395.09,736.17,451.6,1917.2,33.93,56.51,0.6,False,,True,unattributed,5,evt_01-P03_desk_work_surface_0014,10018b3bb1b0cf52,pose_hand_context,,2304.0,13.33,,1,01/e1/v1,rtmpose_baseline
corpus_01,01.Candidate was found using a mobile phone in the examination hall..mkv,b842b03e5784d867e93770560d88150a526250df69077cd3065edbbd4c842098,dfine_native,57620.0,unknown_object,0.3282,651.03,395.37,694.8,490.26,4153.9,43.77,94.89,0.461,False,,True,unattributed,5,evt_01-P03_desk_work_surface_0014,10018b3bb1b0cf52,pose_hand_context,,2304.0,13.33,,1,01/e1/v1,rtmpose_baseline
corpus_01,01.Candidate was found using a mobile phone in the examination hall..mkv,b842b03e5784d867e93770560d88150a526250df69077cd3065edbbd4c842098,dfine_native,57620.0,unknown_object,0.3778,690.82,405.37,744.65,488.47,4473.2,53.83,83.1,0.648,False,,True,unattributed,5,evt_01-P03_desk_work_surface_0014,10018b3bb1b0cf52,pose_hand_context,,2304.0,13.33,,1,01/e1/v1,rtmpose_baseline
corpus_01,01.Candidate was found using a mobile phone in the examination hall..mkv,b842b03e5784d867e93770560d88150a526250df69077cd3065edbbd4c842098,dfine_native,57620.0,unknown_object,0.2946,692.03,420.18,743.79,461.31,2128.9,51.76,41.13,1.259,False,,True,unattributed,5,evt_01-P03_desk_work_surface_0014,10018b3bb1b0cf52,pose_hand_context,,2304.0,13.33,,1,01/e1/v1,rtmpose_baseline
corpus_01,01.Candidate was found using a mobile phone in the examination hall..mkv,b842b03e5784d867e93770560d88150a526250df69077cd3065edbbd4c842098,dfine_native,57620.0,monitor_or_bezel,0.8177,979.38,590.29,1045.84,712.41,8117.2,66.47,122.13,0.544,False,,True,unattributed,7,evt_01-P03_desk_work_surface_0014,54a4289636beba65,native_source_context_fallback,no_pose_observation,34916.6,2.51,,1,01/e1/v1,
corpus_01,01.Candidate was found using a mobile phone in the examination hall..mkv,b842b03e5784d867e93770560d88150a526250df69077cd3065edbbd4c842098,dfine_native,57620.0,unknown_object,0.4045,1002.05,562.23,1045.8,620.02,2528.5,43.75,57.8,0.757,False,,True,unattributed,7,evt_01-P03_desk_work_surface_0014,54a4289636beba65,native_source_context_fallback,no_pose_observation,34916.6,2.51,,1,01/e1/v1,
corpus_01,01.Candidate was found using a mobile phone in the examination hall..mkv,b842b03e5784d867e93770560d88150a526250df69077cd3065edbbd4c842098,dfine_native,57620.0,monitor_or_bezel,0.2755,979.9,657.27,1045.85,712.7,3655.3,65.95,55.43,1.19,False,,True,unattributed,7,evt_01-P03_desk_work_surface_0014,54a4289636beba65,native_source_context_fallback,no_pose_observation,34916.6,2.51,,1,01/e1/v1,
corpus_01,01.Candidate was found using a mobile phone in the examination hall..mkv,b842b03e5784d867e93770560d88150a526250df69077cd3065edbbd4c842098,dfine_native,57620.0,unknown_object,0.2829,1020.38,459.68,1045.91,541.85,2097.3,25.53,82.17,0.311,False,,True,unattributed,7,evt_01-P03_desk_work_surface_0014,54a4289636beba65,native_source_context_fallback,no_pose_observation,34916.6,2.51,,1,01/e1/v1,
corpus_01,01.Candidate was found using a mobile phone in the examination hall..mkv,b842b03e5784d867e93770560d88150a526250df69077cd3065edbbd4c842098,dfine_native,57620.0,unknown_object,0.3238,979.5,562.56,1045.82,712.06,9913.6,66.31,149.5,0.444,False,,True,unattributed,7,evt_01-P03_desk_work_surface_0014,54a4289636beba65,native_source_context_fallback,no_pose_observation,34916.6,2.51,,1,01/e1/v1,
corpus_01,01.Candidate was found using a mobile phone in the examination hall..mkv,b842b03e5784d867e93770560d88150a526250df69077cd3065edbbd4c842098,dfine_native,57620.0,monitor_or_bezel,0.2584,936.48,590.03,1045.86,712.62,13409.7,109.38,122.59,0.892,False,,True,unattributed,7,evt_01-P03_desk_work_surface_0014,54a4289636beba65,native_source_context_fallback,no_pose_observation,34916.6,2.51,,1,01/e1/v1,
corpus_01,01.Candidate was found using a mobile phone in the examination hall..mkv,b842b03e5784d867e93770560d88150a526250df69077cd3065edbbd4c842098,dfine_native,57620.0,monitor_or_bezel,0.3139,912.38,589.85,1045.81,712.8,16405.9,133.43,122.96,1.085,False,,True,unattributed,7,evt_01-P03_desk_work_surface_0014,54a4289636beba65,native_source_context_fallback,no_pose_observation,34916.6,2.51,,1,01/e1/v1,
corpus_01,01.Candidate was found using a mobile phone in the examination hall..mkv,b842b03e5784d867e93770560d88150a526250df69077cd3065edbbd4c842098,dfine_native,57620.0,bag,0.4362,957.0,343.13,1040.5,423.1,6676.9,83.5,79.97,1.044,False,,True,unattributed,8,evt_01-P03_desk_work_surface_0014,6e92c084fae52411,native_source_context_fallback,no_pose_observation,38285.2,2.25,,1,01/e1/v1,
corpus_01,01.Candidate was found using a mobile phone in the examination hall..mkv,b842b03e5784d867e93770560d88150a526250df69077cd3065edbbd4c842098,dfine_native,57620.0,unknown_object,0.4019,996.1,589.95,1046.01,627.91,1894.8,49.91,37.96,1.315,False,,True,unattributed,8,evt_01-P03_desk_work_surface_0014,6e92c084fae52411,native_source_context_fallback,no_pose_observation,38285.2,2.25,,1,01/e1/v1,
corpus_01,01.Candidate was found using a mobile phone in the examination hall..mkv,b842b03e5784d867e93770560d88150a526250df69077cd3065edbbd4c842098,dfine_native,57620.0,bag,0.4471,993.1,421.35,1031.73,490.82,2683.4,38.63,69.47,0.556,False,,True,unattributed,8,evt_01-P03_desk_work_surface_0014,6e92c084fae52411,native_source_context_fallback,no_pose_observation,38285.2,2.25,,1,01/e1/v1,
corpus_01,01.Candidate was found using a mobile phone in the examination hall..mkv,b842b03e5784d867e93770560d88150a526250df69077cd3065edbbd4c842098,dfine_native,57620.0,unknown_object,0.3713,1020.55,458.31,1045.99,541.34,2111.6,25.43,83.03,0.306,False,,True,unattributed,8,evt_01-P03_desk_work_surface_0014,6e92c084fae52411,native_source_context_fallback,no_pose_observation,38285.2,2.25,,1,01/e1/v1,
corpus_01,01.Candidate was found using a mobile phone in the examination hall..mkv,b842b03e5784d867e93770560d88150a526250df69077cd3065edbbd4c842098,dfine_native,57620.0,unknown_object,0.3402,995.72,562.69,1045.99,627.54,3259.5,50.26,64.85,0.775,False,,True,unattributed,8,evt_01-P03_desk_work_surface_0014,6e92c084fae52411,native_source_context_fallback,no_pose_observation,38285.2,2.25,,1,01/e1/v1,
corpus_01,01.Candidate was found using a mobile phone in the examination hall..mkv,b842b03e5784d867e93770560d88150a526250df69077cd3065edbbd4c842098,dfine_native,57620.0,bag,0.303,957.14,343.1,1033.04,375.4,2451.3,75.9,32.3,2.35,False,,True,unattributed,8,evt_01-P03_desk_work_surface_0014,6e92c084fae52411,native_source_context_fallback,no_pose_observation,38285.2,2.25,,1,01/e1/v1,
corpus_01,01.Candidate was found using a mobile phone in the examination hall..mkv,b842b03e5784d867e93770560d88150a526250df69077cd3065edbbd4c842098,dfine_native,57620.0,unknown_object,0.3314,1026.0,371.57,1046.01,484.24,2254.3,20.01,112.67,0.178,False,,True,unattributed,8,evt_01-P03_desk_work_surface_0014,6e92c084fae52411,native_source_context_fallback,no_pose_observation,38285.2,2.25,,1,01/e1/v1,
corpus_01,01.Candidate was found using a mobile phone in the examination hall..mkv,b842b03e5784d867e93770560d88150a526250df69077cd3065edbbd4c842098,dfine_native,57620.0,unknown_object,0.3596,1001.1,562.61,1045.94,621.75,2651.4,44.84,59.13,0.758,False,,True,unattributed,8,evt_01-P03_desk_work_surface_0014,6e92c084fae52411,native_source_context_fallback,no_pose_observation,38285.2,2.25,,1,01/e1/v1,
corpus_01,01.Candidate was found using a mobile phone in the examination hall..mkv,b842b03e5784d867e93770560d88150a526250df69077cd3065edbbd4c842098,dfine_native,57620.0,bag,0.3982,913.75,343.11,1040.69,437.55,11987.1,126.93,94.44,1.344,False,,True,unattributed,8,evt_01-P03_desk_work_surface_0014,6e92c084fae52411,native_source_context_fallback,no_pose_observation,38285.2,2.25,,1,01/e1/v1,
corpus_01,01.Candidate was found using a mobile phone in the examination hall..mkv,b842b03e5784d867e93770560d88150a526250df69077cd3065edbbd4c842098,dfine_native,57620.0,unknown_object,0.6229,697.47,494.19,759.95,585.09,5679.9,62.48,90.91,0.687,False,,True,unattributed,4,evt_01-P03_desk_work_surface_0014,e32e934da49e09dd,pose_hand_context,,52567.6,2.74,,1,01/e1/v1,rtmpose_baseline
corpus_01,01.Candidate was found using a mobile phone in the examination hall..mkv,b842b03e5784d867e93770560d88150a526250df69077cd3065edbbd4c842098,dfine_native,57620.0,unknown_object,0.5579,676.0,576.79,700.62,645.52,1692.8,24.63,68.73,0.358,False,,True,unattributed,4,evt_01-P03_desk_work_surface_0014,e32e934da49e09dd,pose_hand_context,,52567.6,2.74,,1,01/e1/v1,rtmpose_baseline
corpus_01,01.Candidate was found using a mobile phone in the examination hall..mkv,b842b03e5784d867e93770560d88150a526250df69077cd3065edbbd4c842098,dfine_native,57620.0,unknown_object,0.5299,697.03,494.06,778.1,585.19,7387.3,81.07,91.13,0.89,False,,True,unattributed,4,evt_01-P03_desk_work_surface_0014,e32e934da49e09dd,pose_hand_context,,52567.6,2.74,,1,01/e1/v1,rtmpose_baseline
corpus_01,01.Candidate was found using a mobile phone in the examination hall..mkv,b842b03e5784d867e93770560d88150a526250df69077cd3065edbbd4c842098,dfine_native,57620.0,bag,0.5077,726.98,700.13,788.33,720.02,1220.6,61.35,19.9,3.084,False,,True,unattributed,4,evt_01-P03_desk_work_surface_0014,e32e934da49e09dd,pose_hand_context,,52567.6,2.74,,1,01/e1/v1,rtmpose_baseline
corpus_01,01.Candidate was found using a mobile phone in the examination hall..mkv,b842b03e5784d867e93770560d88150a526250df69077cd3065edbbd4c842098,dfine_native,57620.0,unknown_object,0.454,676.0,495.74,701.2,645.59,3775.9,25.2,149.85,0.168,False,,True,unattributed,4,evt_01-P03_desk_work_surface_0014,e32e934da49e09dd,pose_hand_context,,52567.6,2.74,,1,01/e1/v1,rtmpose_baseline
corpus_01,01.Candidate was found using a mobile phone in the examination hall..mkv,b842b03e5784d867e93770560d88150a526250df69077cd3065edbbd4c842098,dfine_native,57620.0,phone,0.3114,811.69,646.72,823.11,663.17,187.6,11.41,16.44,0.694,False,,True,unattributed,4,evt_01-P03_desk_work_surface_0014,e32e934da49e09dd,pose_hand_context,,52567.6,2.74,,1,01/e1/v1,rtmpose_baseline
corpus_01,01.Candidate was found using a mobile phone in the examination hall..mkv,b842b03e5784d867e93770560d88150a526250df69077cd3065edbbd4c842098,dfine_native,57620.0,unknown_object,0.2596,688.19,493.84,779.67,585.17,8355.0,91.47,91.34,1.002,False,,True,unattributed,4,evt_01-P03_desk_work_surface_0014,e32e934da49e09dd,pose_hand_context,,52567.6,2.74,,1,01/e1/v1,rtmpose_baseline
corpus_01,01.Candidate was found using a mobile phone in the examination hall..mkv,b842b03e5784d867e93770560d88150a526250df69077cd3065edbbd4c842098,dfine_native,57620.0,unknown_object,0.3279,678.43,493.89,760.04,585.29,7459.2,81.61,91.4,0.893,False,,True,unattributed,4,evt_01-P03_desk_work_surface_0014,e32e934da49e09dd,pose_hand_context,,52567.6,2.74,,1,01/e1/v1,rtmpose_baseline
corpus_01,01.Candidate was found using a mobile phone in the examination hall..mkv,b842b03e5784d867e93770560d88150a526250df69077cd3065edbbd4c842098,dfine_native,57620.0,unknown_object,0.3173,676.01,494.25,758.0,645.7,12416.7,81.99,151.44,0.541,False,,True,unattributed,4,evt_01-P03_desk_work_surface_0014,e32e934da49e09dd,pose_hand_context,,52567.6,2.74,,1,01/e1/v1,rtmpose_baseline
corpus_01,01.Candidate was found using a mobile phone in the examination hall..mkv,b842b03e5784d867e93770560d88150a526250df69077cd3065edbbd4c842098,dfine_native,57620.0,unknown_object,0.2993,676.12,494.07,776.98,645.73,15296.4,100.86,151.66,0.665,False,,True,unattributed,4,evt_01-P03_desk_work_surface_0014,e32e934da49e09dd,pose_hand_context,,52567.6,2.74,,1,01/e1/v1,rtmpose_baseline
corpus_01,01.Candidate was found using a mobile phone in the examination hall..mkv,b842b03e5784d867e93770560d88150a526250df69077cd3065edbbd4c842098,dfine_native,57620.0,unknown_object,0.4495,993.19,587.25,1052.08,631.77,2621.3,58.89,44.51,1.323,False,,True,unattributed,6,evt_01-P03_desk_work_surface_0014,ef46d85844a996ed,native_source_context_fallback,no_pose_observation,14043.5,3.78,,1,01/e1/v1,
corpus_01,01.Candidate was found using a mobile phone in the examination hall..mkv,b842b03e5784d867e93770560d88150a526250df69077cd3065edbbd4c842098,dfine_native,57620.0,unknown_object,0.3421,1002.35,560.33,1052.11,619.43,2940.6,49.76,59.09,0.842,False,,True,unattributed,6,evt_01-P03_desk_work_surface_0014,ef46d85844a996ed,native_source_context_fallback,no_pose_observation,14043.5,3.78,,1,01/e1/v1,
corpus_01,01.Candidate was found using a mobile phone in the examination hall..mkv,b842b03e5784d867e93770560d88150a526250df69077cd3065edbbd4c842098,dfine_native,57620.0,unknown_object,0.3156,991.88,560.37,1052.13,631.7,4297.8,60.25,71.33,0.845,False,,True,unattributed,6,evt_01-P03_desk_work_surface_0014,ef46d85844a996ed,native_source_context_fallback,no_pose_observation,14043.5,3.78,,1,01/e1/v1,
corpus_01,01.Candidate was found using a mobile phone in the examination hall..mkv,b842b03e5784d867e93770560d88150a526250df69077cd3065edbbd4c842098,dfine_native,57620.0,unknown_object,0.3353,1002.62,580.03,1052.05,619.26,1938.8,49.43,39.23,1.26,False,,True,unattributed,6,evt_01-P03_desk_work_surface_0014,ef46d85844a996ed,native_source_context_fallback,no_pose_observation,14043.5,3.78,,1,01/e1/v1,
corpus_01,01.Candidate was found using a mobile phone in the examination hall..mkv,b842b03e5784d867e93770560d88150a526250df69077cd3065edbbd4c842098,dfine_native,57660.0,bag,0.462,956.76,343.11,1040.32,422.97,6673.6,83.56,79.86,1.046,False,,True,unattributed,8,evt_01-P02_upper_body_0011,00d7743f301bd3b2,native_source_context_fallback,no_pose_observation,38134.8,2.26,,1,01/e1/v1,
corpus_01,01.Candidate was found using a mobile phone in the examination hall..mkv,b842b03e5784d867e93770560d88150a526250df69077cd3065edbbd4c842098,dfine_native,57660.0,unknown_object,0.472,1026.3,372.67,1045.88,482.98,2159.5,19.58,110.31,0.177,False,,True,unattributed,8,evt_01-P02_upper_body_0011,00d7743f301bd3b2,native_source_context_fallback,no_pose_observation,38134.8,2.26,,1,01/e1/v1,
corpus_01,01.Candidate was found using a mobile phone in the examination hall..mkv,b842b03e5784d867e93770560d88150a526250df69077cd3065edbbd4c842098,dfine_native,57660.0,unknown_object,0.4223,1020.29,458.27,1045.8,541.3,2118.2,25.51,83.03,0.307,False,,True,unattributed,8,evt_01-P02_upper_body_0011,00d7743f301bd3b2,native_source_context_fallback,no_pose_observation,38134.8,2.26,,1,01/e1/v1,
corpus_01,01.Candidate was found using a mobile phone in the examination hall..mkv,b842b03e5784d867e93770560d88150a526250df69077cd3065edbbd4c842098,dfine_native,57660.0,unknown_object,0.4283,1001.09,562.33,1045.86,621.28,2639.4,44.78,58.95,0.76,False,,True,unattributed,8,evt_01-P02_upper_body_0011,00d7743f301bd3b2,native_source_context_fallback,no_pose_observation,38134.8,2.26,,1,01/e1/v1,
corpus_01,01.Candidate was found using a mobile phone in the examination hall..mkv,b842b03e5784d867e93770560d88150a526250df69077cd3065edbbd4c842098,dfine_native,57660.0,bag,0.321,957.02,343.09,1032.38,375.4,2434.5,75.36,32.31,2.333,False,,True,unattributed,8,evt_01-P02_upper_body_0011,00d7743f301bd3b2,native_source_context_fallback,no_pose_observation,38134.8,2.26,,1,01/e1/v1,
corpus_01,01.Candidate was found using a mobile phone in the examination hall..mkv,b842b03e5784d867e93770560d88150a526250df69077cd3065edbbd4c842098,dfine_native,57660.0,unknown_object,0.2714,996.7,589.55,1045.83,625.88,1784.8,49.13,36.33,1.352,False,,True,unattributed,8,evt_01-P02_upper_body_0011,00d7743f301bd3b2,native_source_context_fallback,no_pose_observation,38134.8,2.26,,1,01/e1/v1,
corpus_01,01.Candidate was found using a mobile phone in the examination hall..mkv,b842b03e5784d867e93770560d88150a526250df69077cd3065edbbd4c842098,dfine_native,57660.0,bag,0.3981,993.04,421.02,1031.65,490.49,2681.7,38.61,69.46,0.556,False,,True,unattributed,8,evt_01-P02_upper_body_0011,00d7743f301bd3b2,native_source_context_fallback,no_pose_observation,38134.8,2.26,,1,01/e1/v1,
corpus_01,01.Candidate was found using a mobile phone in the examination hall..mkv,b842b03e5784d867e93770560d88150a526250df69077cd3065edbbd4c842098,dfine_native,57660.0,unknown_object,0.3101,1020.24,372.67,1045.92,543.47,4385.2,25.67,170.8,0.15,False,,True,unattributed,8,evt_01-P02_upper_body_0011,00d7743f301bd3b2,native_source_context_fallback,no_pose_observation,38134.8,2.26,,1,01/e1/v1,
corpus_01,01.Candidate was found using a mobile phone in the examination hall..mkv,b842b03e5784d867e93770560d88150a526250df69077cd3065edbbd4c842098,dfine_native,57660.0,bag,0.3847,913.51,343.08,1040.53,436.64,11885.1,127.02,93.57,1.358,False,,True,unattributed,8,evt_01-P02_upper_body_0011,00d7743f301bd3b2,native_source_context_fallback,no_pose_observation,38134.8,2.26,,1,01/e1/v1,
corpus_01,01.Candidate was found using a mobile phone in the examination hall..mkv,b842b03e5784d867e93770560d88150a526250df69077cd3065edbbd4c842098,dfine_native,57660.0,unknown_object,0.2988,1030.74,373.45,1045.9,455.32,1240.9,15.16,81.87,0.185,False,,True,unattributed,8,evt_01-P02_upper_body_0011,00d7743f301bd3b2,native_source_context_fallback,no_pose_observation,38134.8,2.26,,1,01/e1/v1,
corpus_01,01.Candidate was found using a mobile phone in the examination hall..mkv,b842b03e5784d867e93770560d88150a526250df69077cd3065edbbd4c842098,dfine_native,57660.0,unknown_object,0.5376,693.44,494.08,776.6,585.09,7568.8,83.16,91.01,0.914,False,,True,unattributed,4,evt_01-P02_upper_body_0011,38fd051371601eab,pose_hand_context,,53032.1,2.72,,1,01/e1/v1,rtmpose_baseline
corpus_01,01.Candidate was found using a mobile phone in the examination hall..mkv,b842b03e5784d867e93770560d88150a526250df69077cd3065edbbd4c842098,dfine_native,57660.0,unknown_object,0.5399,675.0,576.76,700.68,645.38,1762.0,25.68,68.62,0.374,False,,True,unattributed,4,evt_01-P02_upper_body_0011,38fd051371601eab,pose_hand_context,,53032.1,2.72,,1,01/e1/v1,rtmpose_baseline
corpus_01,01.Candidate was found using a mobile phone in the examination hall..mkv,b842b03e5784d867e93770560d88150a526250df69077cd3065edbbd4c842098,dfine_native,57660.0,unknown_object,0.5717,698.15,494.27,758.14,585.0,5443.0,59.99,90.74,0.661,False,,True,unattributed,4,evt_01-P02_upper_body_0011,38fd051371601eab,pose_hand_context,,53032.1,2.72,,1,01/e1/v1,rtmpose_baseline
corpus_01,01.Candidate was found using a mobile phone in the examination hall..mkv,b842b03e5784d867e93770560d88150a526250df69077cd3065edbbd4c842098,dfine_native,57660.0,bag,0.4643,726.6,700.16,788.25,719.72,1206.4,61.66,19.57,3.151,False,,True,unattributed,4,evt_01-P02_upper_body_0011,38fd051371601eab,pose_hand_context,,53032.1,2.72,,1,01/e1/v1,rtmpose_baseline
corpus_01,01.Candidate was found using a mobile phone in the examination hall..mkv,b842b03e5784d867e93770560d88150a526250df69077cd3065edbbd4c842098,dfine_native,57660.0,unknown_object,0.3978,680.03,494.13,759.91,585.24,7276.8,79.87,91.11,0.877,False,,True,unattributed,4,evt_01-P02_upper_body_0011,38fd051371601eab,pose_hand_context,,53032.1,2.72,,1,01/e1/v1,rtmpose_baseline
corpus_01,01.Candidate was found using a mobile phone in the examination hall..mkv,b842b03e5784d867e93770560d88150a526250df69077cd3065edbbd4c842098,dfine_native,57660.0,unknown_object,0.4524,675.0,495.46,701.07,645.41,3907.9,26.06,149.95,0.174,False,,True,unattributed,4,evt_01-P02_upper_body_0011,38fd051371601eab,pose_hand_context,,53032.1,2.72,,1,01/e1/v1,rtmpose_baseline
corpus_01,01.Candidate was found using a mobile phone in the examination hall..mkv,b842b03e5784d867e93770560d88150a526250df69077cd3065edbbd4c842098,dfine_native,57660.0,unknown_object,0.2704,675.02,616.21,700.3,645.4,737.6,25.27,29.18,0.866,False,,True,unattributed,4,evt_01-P02_upper_body_0011,38fd051371601eab,pose_hand_context,,53032.1,2.72,,1,01/e1/v1,rtmpose_baseline
corpus_01,01.Candidate was found using a mobile phone in the examination hall..mkv,b842b03e5784d867e93770560d88150a526250df69077cd3065edbbd4c842098,dfine_native,57660.0,phone,0.2605,811.47,647.43,823.07,662.78,178.1,11.6,15.35,0.756,False,,True,unattributed,4,evt_01-P02_upper_body_0011,38fd051371601eab,pose_hand_context,,53032.1,2.72,,1,01/e1/v1,rtmpose_baseline
corpus_01,01.Candidate was found using a mobile phone in the examination hall..mkv,b842b03e5784d867e93770560d88150a526250df69077cd3065edbbd4c842098,dfine_native,57660.0,unknown_object,0.3162,675.09,494.14,758.97,645.54,12698.3,83.87,151.4,0.554,False,,True,unattributed,4,evt_01-P02_upper_body_0011,38fd051371601eab,pose_hand_context,,53032.1,2.72,,1,01/e1/v1,rtmpose_baseline
corpus_01,01.Candidate was found using a mobile phone in the examination hall..mkv,b842b03e5784d867e93770560d88150a526250df69077cd3065edbbd4c842098,dfine_native,57660.0,unknown_object,0.2601,675.14,493.79,779.71,645.59,15873.6,104.57,151.8,0.689,False,,True,unattributed,4,evt_01-P02_upper_body_0011,38fd051371601eab,pose_hand_context,,53032.1,2.72,,1,01/e1/v1,rtmpose_baseline
corpus_01,01.Candidate was found using a mobile phone in the examination hall..mkv,b842b03e5784d867e93770560d88150a526250df69077cd3065edbbd4c842098,dfine_native,57660.0,unknown_object,0.3646,675.73,493.87,780.34,584.98,9530.5,104.6,91.11,1.148,False,,True,unattributed,4,evt_01-P02_upper_body_0011,38fd051371601eab,pose_hand_context,,53032.1,2.72,,1,01/e1/v1,rtmpose_baseline
corpus_01,01.Candidate was found using a mobile phone in the examination hall..mkv,b842b03e5784d867e93770560d88150a526250df69077cd3065edbbd4c842098,dfine_native,57660.0,unknown_object,0.493,992.7,587.42,1052.08,631.77,2633.8,59.38,44.35,1.339,False,,True,unattributed,6,evt_01-P02_upper_body_0011,9f9abdf258ebd2bb,native_source_context_fallback,no_pose_observation,14277.0,3.78,,1,01/e1/v1,
corpus_01,01.Candidate was found using a mobile phone in the examination hall..mkv,b842b03e5784d867e93770560d88150a526250df69077cd3065edbbd4c842098,dfine_native,57660.0,unknown_object,0.3161,1002.41,560.26,1052.11,619.43,2940.4,49.7,59.17,0.84,False,,True,unattributed,6,evt_01-P02_upper_body_0011,9f9abdf258ebd2bb,native_source_context_fallback,no_pose_observation,14277.0,3.78,,1,01/e1/v1,
corpus_01,01.Candidate was found using a mobile phone in the examination hall..mkv,b842b03e5784d867e93770560d88150a526250df69077cd3065edbbd4c842098,dfine_native,57660.0,unknown_object,0.3498,1009.91,580.12,1052.12,613.54,1410.7,42.21,33.42,1.263,False,,True,unattributed,6,evt_01-P02_upper_body_0011,9f9abdf258ebd2bb,native_source_context_fallback,no_pose_observation,14277.0,3.78,,1,01/e1/v1,
corpus_01,01.Candidate was found using a mobile phone in the examination hall..mkv,b842b03e5784d867e93770560d88150a526250df69077cd3065edbbd4c842098,dfine_native,57660.0,unknown_object,0.3178,1002.33,579.99,1052.23,619.55,1974.2,49.91,39.56,1.262,False,,True,unattributed,6,evt_01-P02_upper_body_0011,9f9abdf258ebd2bb,native_source_context_fallback,no_pose_observation,14277.0,3.78,,1,01/e1/v1,
corpus_01,01.Candidate was found using a mobile phone in the examination hall..mkv,b842b03e5784d867e93770560d88150a526250df69077cd3065edbbd4c842098,dfine_native,57660.0,unknown_object,0.5497,651.24,406.13,746.73,490.39,8046.8,95.49,84.27,1.133,False,,True,unattributed,5,evt_01-P02_upper_body_0011,be2aacb9678d821e,pose_hand_context,,2304.0,13.33,,1,01/e1/v1,rtmpose_baseline
corpus_01,01.Candidate was found using a mobile phone in the examination hall..mkv,b842b03e5784d867e93770560d88150a526250df69077cd3065edbbd4c842098,dfine_native,57660.0,unknown_object,0.5628,651.03,406.79,694.79,490.33,3655.1,43.76,83.53,0.524,False,,True,unattributed,5,evt_01-P02_upper_body_0011,be2aacb9678d821e,pose_hand_context,,2304.0,13.33,,1,01/e1/v1,rtmpose_baseline
corpus_01,01.Candidate was found using a mobile phone in the examination hall..mkv,b842b03e5784d867e93770560d88150a526250df69077cd3065edbbd4c842098,dfine_native,57660.0,unknown_object,0.3581,690.91,451.47,743.78,488.75,1971.1,52.87,37.28,1.418,False,,True,unattributed,5,evt_01-P02_upper_body_0011,be2aacb9678d821e,pose_hand_context,,2304.0,13.33,,1,01/e1/v1,rtmpose_baseline
corpus_01,01.Candidate was found using a mobile phone in the examination hall..mkv,b842b03e5784d867e93770560d88150a526250df69077cd3065edbbd4c842098,dfine_native,57660.0,unknown_object,0.2694,715.65,426.16,742.22,453.33,721.8,26.57,27.17,0.978,False,,True,unattributed,5,evt_01-P02_upper_body_0011,be2aacb9678d821e,pose_hand_context,,2304.0,13.33,,1,01/e1/v1,rtmpose_baseline
corpus_01,01.Candidate was found using a mobile phone in the examination hall..mkv,b842b03e5784d867e93770560d88150a526250df69077cd3065edbbd4c842098,dfine_native,57660.0,unknown_object,0.3335,651.13,395.3,746.89,490.38,9105.1,95.76,95.08,1.007,False,,True,unattributed,5,evt_01-P02_upper_body_0011,be2aacb9678d821e,pose_hand_context,,2304.0,13.33,,1,01/e1/v1,rtmpose_baseline
corpus_01,01.Candidate was found using a mobile phone in the examination hall..mkv,b842b03e5784d867e93770560d88150a526250df69077cd3065edbbd4c842098,dfine_native,57660.0,unknown_object,0.3395,702.22,418.8,728.73,451.61,869.8,26.51,32.81,0.808,False,,True,unattributed,5,evt_01-P02_upper_body_0011,be2aacb9678d821e,pose_hand_context,,2304.0,13.33,,1,01/e1/v1,rtmpose_baseline
corpus_01,01.Candidate was found using a mobile phone in the examination hall..mkv,b842b03e5784d867e93770560d88150a526250df69077cd3065edbbd4c842098,dfine_native,57660.0,unknown_object,0.3277,660.58,395.04,737.39,456.98,4757.9,76.81,61.94,1.24,False,,True,unattributed,5,evt_01-P02_upper_body_0011,be2aacb9678d821e,pose_hand_context,,2304.0,13.33,,1,01/e1/v1,rtmpose_baseline
corpus_01,01.Candidate was found using a mobile phone in the examination hall..mkv,b842b03e5784d867e93770560d88150a526250df69077cd3065edbbd4c842098,dfine_native,57660.0,unknown_object,0.3043,691.37,427.04,744.31,488.4,3249.1,52.95,61.37,0.863,False,,True,unattributed,5,evt_01-P02_upper_body_0011,be2aacb9678d821e,pose_hand_context,,2304.0,13.33,,1,01/e1/v1,rtmpose_baseline
corpus_01,01.Candidate was found using a mobile phone in the examination hall..mkv,b842b03e5784d867e93770560d88150a526250df69077cd3065edbbd4c842098,dfine_native,57660.0,unknown_object,0.4529,690.97,417.18,744.34,488.71,3817.8,53.38,71.53,0.746,False,,True,unattributed,5,evt_01-P02_upper_body_0011,be2aacb9678d821e,pose_hand_context,,2304.0,13.33,,1,01/e1/v1,rtmpose_baseline
corpus_01,01.Candidate was found using a mobile phone in the examination hall..mkv,b842b03e5784d867e93770560d88150a526250df69077cd3065edbbd4c842098,dfine_native,57660.0,unknown_object,0.267,690.83,406.6,744.92,488.76,4444.5,54.09,82.16,0.658,False,,True,unattributed,5,evt_01-P02_upper_body_0011,be2aacb9678d821e,pose_hand_context,,2304.0,13.33,,1,01/e1/v1,rtmpose_baseline
corpus_01,01.Candidate was found using a mobile phone in the examination hall..mkv,b842b03e5784d867e93770560d88150a526250df69077cd3065edbbd4c842098,dfine_native,57660.0,unknown_object,0.3325,703.25,419.27,728.38,441.92,569.3,25.13,22.65,1.109,False,,True,unattributed,5,evt_01-P02_upper_body_0011,be2aacb9678d821e,pose_hand_context,,2304.0,13.33,,1,01/e1/v1,rtmpose_baseline
corpus_01,01.Candidate was found using a mobile phone in the examination hall..mkv,b842b03e5784d867e93770560d88150a526250df69077cd3065edbbd4c842098,dfine_native,57660.0,unknown_object,0.438,659.88,395.11,744.57,488.53,7910.7,84.69,93.41,0.907,False,,True,unattributed,5,evt_01-P02_upper_body_0011,be2aacb9678d821e,pose_hand_context,,2304.0,13.33,,1,01/e1/v1,rtmpose_baseline
corpus_01,01.Candidate was found using a mobile phone in the examination hall..mkv,b842b03e5784d867e93770560d88150a526250df69077cd3065edbbd4c842098,dfine_native,57660.0,unknown_object,0.2725,728.14,395.19,746.99,447.24,981.3,18.85,52.05,0.362,False,,True,unattributed,5,evt_01-P02_upper_body_0011,be2aacb9678d821e,pose_hand_context,,2304.0,13.33,,1,01/e1/v1,rtmpose_baseline
corpus_01,01.Candidate was found using a mobile phone in the examination hall..mkv,b842b03e5784d867e93770560d88150a526250df69077cd3065edbbd4c842098,dfine_native,57660.0,unknown_object,0.2762,708.3,395.07,735.83,423.45,781.3,27.53,28.38,0.97,False,,True,unattributed,5,evt_01-P02_upper_body_0011,be2aacb9678d821e,pose_hand_context,,2304.0,13.33,,1,01/e1/v1,rtmpose_baseline
corpus_01,01.Candidate was found using a mobile phone in the examination hall..mkv,b842b03e5784d867e93770560d88150a526250df69077cd3065edbbd4c842098,dfine_native,57660.0,unknown_object,0.2606,651.07,406.53,693.95,463.89,2459.9,42.89,57.36,0.748,False,,True,unattributed,5,evt_01-P02_upper_body_0011,be2aacb9678d821e,pose_hand_context,,2304.0,13.33,,1,01/e1/v1,rtmpose_baseline
corpus_01,01.Candidate was found using a mobile phone in the examination hall..mkv,b842b03e5784d867e93770560d88150a526250df69077cd3065edbbd4c842098,dfine_native,57660.0,unknown_object,0.3322,692.59,418.92,742.66,458.48,1980.8,50.06,39.56,1.265,False,,True,unattributed,5,evt_01-P02_upper_body_0011,be2aacb9678d821e,pose_hand_context,,2304.0,13.33,,1,01/e1/v1,rtmpose_baseline
corpus_01,01.Candidate was found using a mobile phone in the examination hall..mkv,b842b03e5784d867e93770560d88150a526250df69077cd3065edbbd4c842098,dfine_native,57660.0,unknown_object,0.2944,651.03,395.34,695.12,490.22,4182.9,44.09,94.88,0.465,False,,True,unattributed,5,evt_01-P02_upper_body_0011,be2aacb9678d821e,pose_hand_context,,2304.0,13.33,,1,01/e1/v1,rtmpose_baseline
corpus_01,01.Candidate was found using a mobile phone in the examination hall..mkv,b842b03e5784d867e93770560d88150a526250df69077cd3065edbbd4c842098,dfine_native,57660.0,monitor_or_bezel,0.824,979.29,590.62,1046.08,712.46,8137.5,66.79,121.84,0.548,False,,True,unattributed,7,evt_01-P02_upper_body_0011,c5eda715e80ba734,native_source_context_fallback,no_pose_observation,35063.8,2.52,,1,01/e1/v1,
corpus_01,01.Candidate was found using a mobile phone in the examination hall..mkv,b842b03e5784d867e93770560d88150a526250df69077cd3065edbbd4c842098,dfine_native,57660.0,monitor_or_bezel,0.2861,979.95,656.87,1046.06,712.73,3693.1,66.11,55.86,1.183,False,,True,unattributed,7,evt_01-P02_upper_body_0011,c5eda715e80ba734,native_source_context_fallback,no_pose_observation,35063.8,2.52,,1,01/e1/v1,
corpus_01,01.Candidate was found using a mobile phone in the examination hall..mkv,b842b03e5784d867e93770560d88150a526250df69077cd3065edbbd4c842098,dfine_native,57660.0,unknown_object,0.4345,1002.31,562.13,1046.06,619.88,2526.7,43.75,57.75,0.758,False,,True,unattributed,7,evt_01-P02_upper_body_0011,c5eda715e80ba734,native_source_context_fallback,no_pose_observation,35063.8,2.52,,1,01/e1/v1,
corpus_01,01.Candidate was found using a mobile phone in the examination hall..mkv,b842b03e5784d867e93770560d88150a526250df69077cd3065edbbd4c842098,dfine_native,57660.0,unknown_object,0.2841,979.43,562.51,1046.09,712.08,9970.3,66.66,149.57,0.446,False,,True,unattributed,7,evt_01-P02_upper_body_0011,c5eda715e80ba734,native_source_context_fallback,no_pose_observation,35063.8,2.52,,1,01/e1/v1,
corpus_01,01.Candidate was found using a mobile phone in the examination hall..mkv,b842b03e5784d867e93770560d88150a526250df69077cd3065edbbd4c842098,dfine_native,57660.0,monitor_or_bezel,0.337,915.88,590.16,1046.07,712.75,15960.2,130.19,122.59,1.062,False,,True,unattributed,7,evt_01-P02_upper_body_0011,c5eda715e80ba734,native_source_context_fallback,no_pose_observation,35063.8,2.52,,1,01/e1/v1,
corpus_01,01.Candidate was found using a mobile phone in the examination hall..mkv,b842b03e5784d867e93770560d88150a526250df69077cd3065edbbd4c842098,dfine_native,58140.0,unknown_object,0.5346,992.82,587.44,1051.95,631.79,2622.3,59.12,44.35,1.333,False,,True,unattributed,6,evt_01-P02_desk_work_surface_0009,076d6829804413e9,native_source_context_fallback,no_pose_observation,14143.5,3.84,,1,01/e1/v1,
corpus_01,01.Candidate was found using a mobile phone in the examination hall..mkv,b842b03e5784d867e93770560d88150a526250df69077cd3065edbbd4c842098,dfine_native,58140.0,phone,0.3729,1015.1,518.36,1024.51,532.09,129.1,9.41,13.72,0.685,False,,True,unattributed,6,evt_01-P02_desk_work_surface_0009,076d6829804413e9,native_source_context_fallback,no_pose_observation,14143.5,3.84,,1,01/e1/v1,
corpus_01,01.Candidate was found using a mobile phone in the examination hall..mkv,b842b03e5784d867e93770560d88150a526250df69077cd3065edbbd4c842098,dfine_native,58140.0,unknown_object,0.3154,992.4,465.04,1052.09,631.11,9912.8,59.69,166.07,0.359,False,,True,unattributed,6,evt_01-P02_desk_work_surface_0009,076d6829804413e9,native_source_context_fallback,no_pose_observation,14143.5,3.84,,1,01/e1/v1,
corpus_01,01.Candidate was found using a mobile phone in the examination hall..mkv,b842b03e5784d867e93770560d88150a526250df69077cd3065edbbd4c842098,dfine_native,58140.0,unknown_object,0.2541,1019.58,465.18,1051.96,561.89,3131.1,32.38,96.71,0.335,False,,True,unattributed,6,evt_01-P02_desk_work_surface_0009,076d6829804413e9,native_source_context_fallback,no_pose_observation,14143.5,3.84,,1,01/e1/v1,
corpus_01,01.Candidate was found using a mobile phone in the examination hall..mkv,b842b03e5784d867e93770560d88150a526250df69077cd3065edbbd4c842098,dfine_native,58140.0,unknown_object,0.3826,992.75,560.64,1052.07,631.59,4208.3,59.32,70.95,0.836,False,,True,unattributed,6,evt_01-P02_desk_work_surface_0009,076d6829804413e9,native_source_context_fallback,no_pose_observation,14143.5,3.84,,1,01/e1/v1,
corpus_01,01.Candidate was found using a mobile phone in the examination hall..mkv,b842b03e5784d867e93770560d88150a526250df69077cd3065edbbd4c842098,dfine_native,58140.0,unknown_object,0.6744,649.03,406.76,694.49,495.34,4026.8,45.46,88.58,0.513,False,,True,unattributed,5,evt_01-P02_desk_work_surface_0009,5950c89fac658d94,pose_hand_context,,2304.0,13.33,,1,01/e1/v1,rtmpose_baseline
corpus_01,01.Candidate was found using a mobile phone in the examination hall..mkv,b842b03e5784d867e93770560d88150a526250df69077cd3065edbbd4c842098,dfine_native,58140.0,bag,0.2509,715.78,425.74,742.26,452.72,714.3,26.48,26.97,0.982,False,,True,unattributed,5,evt_01-P02_desk_work_surface_0009,5950c89fac658d94,pose_hand_context,,2304.0,13.33,,1,01/e1/v1,rtmpose_baseline
corpus_01,01.Candidate was found using a mobile phone in the examination hall..mkv,b842b03e5784d867e93770560d88150a526250df69077cd3065edbbd4c842098,dfine_native,58140.0,unknown_object,0.3338,703.3,436.37,717.43,450.24,195.9,14.13,13.87,1.019,False,,True,unattributed,5,evt_01-P02_desk_work_surface_0009,5950c89fac658d94,pose_hand_context,,2304.0,13.33,,1,01/e1/v1,rtmpose_baseline
corpus_01,01.Candidate was found using a mobile phone in the examination hall..mkv,b842b03e5784d867e93770560d88150a526250df69077cd3065edbbd4c842098,dfine_native,58140.0,unknown_object,0.3258,649.07,406.05,744.41,495.3,8509.0,95.34,89.25,1.068,False,,True,unattributed,5,evt_01-P02_desk_work_surface_0009,5950c89fac658d94,pose_hand_context,,2304.0,13.33,,1,01/e1/v1,rtmpose_baseline
corpus_01,01.Candidate was found using a mobile phone in the examination hall..mkv,b842b03e5784d867e93770560d88150a526250df69077cd3065edbbd4c842098,dfine_native,58140.0,unknown_object,0.2664,691.93,459.81,729.7,487.13,1031.7,37.77,27.32,1.383,False,,True,unattributed,5,evt_01-P02_desk_work_surface_0009,5950c89fac658d94,pose_hand_context,,2304.0,13.33,,1,01/e1/v1,rtmpose_baseline
corpus_01,01.Candidate was found using a mobile phone in the examination hall..mkv,b842b03e5784d867e93770560d88150a526250df69077cd3065edbbd4c842098,dfine_native,58140.0,unknown_object,0.2754,686.26,400.17,735.01,457.9,2814.3,48.75,57.73,0.844,False,,True,unattributed,5,evt_01-P02_desk_work_surface_0009,5950c89fac658d94,pose_hand_context,,2304.0,13.33,,1,01/e1/v1,rtmpose_baseline
corpus_01,01.Candidate was found using a mobile phone in the examination hall..mkv,b842b03e5784d867e93770560d88150a526250df69077cd3065edbbd4c842098,dfine_native,58140.0,unknown_object,0.2848,691.35,450.73,741.89,488.86,1926.6,50.54,38.12,1.326,False,,True,unattributed,5,evt_01-P02_desk_work_surface_0009,5950c89fac658d94,pose_hand_context,,2304.0,13.33,,1,01/e1/v1,rtmpose_baseline
corpus_01,01.Candidate was found using a mobile phone in the examination hall..mkv,b842b03e5784d867e93770560d88150a526250df69077cd3065edbbd4c842098,dfine_native,58140.0,unknown_object,0.2564,691.45,446.33,744.93,495.28,2617.8,53.48,48.95,1.092,False,,True,unattributed,5,evt_01-P02_desk_work_surface_0009,5950c89fac658d94,pose_hand_context,,2304.0,13.33,,1,01/e1/v1,rtmpose_baseline
corpus_01,01.Candidate was found using a mobile phone in the examination hall..mkv,b842b03e5784d867e93770560d88150a526250df69077cd3065edbbd4c842098,dfine_native,58140.0,unknown_object,0.2845,660.67,400.08,741.4,457.93,4670.0,80.73,57.85,1.396,False,,True,unattributed,5,evt_01-P02_desk_work_surface_0009,5950c89fac658d94,pose_hand_context,,2304.0,13.33,,1,01/e1/v1,rtmpose_baseline
corpus_01,01.Candidate was found using a mobile phone in the examination hall..mkv,b842b03e5784d867e93770560d88150a526250df69077cd3065edbbd4c842098,dfine_native,58140.0,unknown_object,0.2847,649.02,400.32,744.85,495.3,9102.1,95.83,94.98,1.009,False,,True,unattributed,5,evt_01-P02_desk_work_surface_0009,5950c89fac658d94,pose_hand_context,,2304.0,13.33,,1,01/e1/v1,rtmpose_baseline
corpus_01,01.Candidate was found using a mobile phone in the examination hall..mkv,b842b03e5784d867e93770560d88150a526250df69077cd3065edbbd4c842098,dfine_native,58140.0,unknown_object,0.2519,649.06,406.79,694.5,495.21,4017.7,45.44,88.42,0.514,False,,True,unattributed,5,evt_01-P02_desk_work_surface_0009,5950c89fac658d94,pose_hand_context,,2304.0,13.33,,1,01/e1/v1,rtmpose_baseline
corpus_01,01.Candidate was found using a mobile phone in the examination hall..mkv,b842b03e5784d867e93770560d88150a526250df69077cd3065edbbd4c842098,dfine_native,58140.0,unknown_object,0.2921,692.67,419.31,728.0,457.98,1366.4,35.33,38.67,0.914,False,,True,unattributed,5,evt_01-P02_desk_work_surface_0009,5950c89fac658d94,pose_hand_context,,2304.0,13.33,,1,01/e1/v1,rtmpose_baseline
corpus_01,01.Candidate was found using a mobile phone in the examination hall..mkv,b842b03e5784d867e93770560d88150a526250df69077cd3065edbbd4c842098,dfine_native,58140.0,unknown_object,0.2946,649.05,400.16,694.76,495.35,4350.7,45.7,95.2,0.48,False,,True,unattributed,5,evt_01-P02_desk_work_surface_0009,5950c89fac658d94,pose_hand_context,,2304.0,13.33,,1,01/e1/v1,rtmpose_baseline
corpus_01,01.Candidate was found using a mobile phone in the examination hall..mkv,b842b03e5784d867e93770560d88150a526250df69077cd3065edbbd4c842098,dfine_native,58140.0,unknown_object,0.4691,674.0,576.75,700.76,645.41,1837.9,26.76,68.67,0.39,False,,True,unattributed,4,evt_01-P02_desk_work_surface_0009,9e06d2590a307834,pose_hand_context,,52535.8,2.69,,1,01/e1/v1,rtmpose_baseline
corpus_01,01.Candidate was found using a mobile phone in the examination hall..mkv,b842b03e5784d867e93770560d88150a526250df69077cd3065edbbd4c842098,dfine_native,58140.0,unknown_object,0.5709,698.64,499.14,755.38,585.0,4871.8,56.74,85.86,0.661,False,,True,unattributed,4,evt_01-P02_desk_work_surface_0009,9e06d2590a307834,pose_hand_context,,52535.8,2.69,,1,01/e1/v1,rtmpose_baseline
corpus_01,01.Candidate was found using a mobile phone in the examination hall..mkv,b842b03e5784d867e93770560d88150a526250df69077cd3065edbbd4c842098,dfine_native,58140.0,bag,0.4325,727.14,700.43,788.48,719.68,1181.1,61.34,19.26,3.185,False,,True,unattributed,4,evt_01-P02_desk_work_surface_0009,9e06d2590a307834,pose_hand_context,,52535.8,2.69,,1,01/e1/v1,rtmpose_baseline
corpus_01,01.Candidate was found using a mobile phone in the examination hall..mkv,b842b03e5784d867e93770560d88150a526250df69077cd3065edbbd4c842098,dfine_native,58140.0,unknown_object,0.2777,674.0,500.39,700.86,645.48,3896.6,26.86,145.09,0.185,False,,True,unattributed,4,evt_01-P02_desk_work_surface_0009,9e06d2590a307834,pose_hand_context,,52535.8,2.69,,1,01/e1/v1,rtmpose_baseline
corpus_01,01.Candidate was found using a mobile phone in the examination hall..mkv,b842b03e5784d867e93770560d88150a526250df69077cd3065edbbd4c842098,dfine_native,58140.0,unknown_object,0.4641,681.46,499.07,755.66,585.18,6389.7,74.21,86.11,0.862,False,,True,unattributed,4,evt_01-P02_desk_work_surface_0009,9e06d2590a307834,pose_hand_context,,52535.8,2.69,,1,01/e1/v1,rtmpose_baseline
corpus_01,01.Candidate was found using a mobile phone in the examination hall..mkv,b842b03e5784d867e93770560d88150a526250df69077cd3065edbbd4c842098,dfine_native,58140.0,unknown_object,0.2521,698.26,499.14,775.67,584.97,6643.7,77.4,85.83,0.902,False,,True,unattributed,4,evt_01-P02_desk_work_surface_0009,9e06d2590a307834,pose_hand_context,,52535.8,2.69,,1,01/e1/v1,rtmpose_baseline
corpus_01,01.Candidate was found using a mobile phone in the examination hall..mkv,b842b03e5784d867e93770560d88150a526250df69077cd3065edbbd4c842098,dfine_native,58140.0,unknown_object,0.3253,673.9,499.13,754.17,645.64,11758.9,80.26,146.5,0.548,False,,True,unattributed,4,evt_01-P02_desk_work_surface_0009,9e06d2590a307834,pose_hand_context,,52535.8,2.69,,1,01/e1/v1,rtmpose_baseline
corpus_01,01.Candidate was found using a mobile phone in the examination hall..mkv,b842b03e5784d867e93770560d88150a526250df69077cd3065edbbd4c842098,dfine_native,58140.0,monitor_or_bezel,0.8805,980.1,589.21,1047.87,713.28,8407.9,67.77,124.07,0.546,False,,True,unattributed,7,evt_01-P02_desk_work_surface_0009,c1449f2c781d86ac,native_source_context_fallback,no_pose_observation,34478.1,2.54,,1,01/e1/v1,
corpus_01,01.Candidate was found using a mobile phone in the examination hall..mkv,b842b03e5784d867e93770560d88150a526250df69077cd3065edbbd4c842098,dfine_native,58140.0,unknown_object,0.4287,1019.29,463.19,1047.89,561.33,2806.9,28.6,98.14,0.291,False,,True,unattributed,7,evt_01-P02_desk_work_surface_0009,c1449f2c781d86ac,native_source_context_fallback,no_pose_observation,34478.1,2.54,,1,01/e1/v1,
corpus_01,01.Candidate was found using a mobile phone in the examination hall..mkv,b842b03e5784d867e93770560d88150a526250df69077cd3065edbbd4c842098,dfine_native,58140.0,unknown_object,0.3648,1019.52,463.15,1047.86,533.34,1988.6,28.33,70.19,0.404,False,,True,unattributed,7,evt_01-P02_desk_work_surface_0009,c1449f2c781d86ac,native_source_context_fallback,no_pose_observation,34478.1,2.54,,1,01/e1/v1,
corpus_01,01.Candidate was found using a mobile phone in the examination hall..mkv,b842b03e5784d867e93770560d88150a526250df69077cd3065edbbd4c842098,dfine_native,58140.0,unknown_object,0.3985,1002.13,561.13,1047.87,619.31,2661.2,45.74,58.18,0.786,False,,True,unattributed,7,evt_01-P02_desk_work_surface_0009,c1449f2c781d86ac,native_source_context_fallback,no_pose_observation,34478.1,2.54,,1,01/e1/v1,
corpus_01,01.Candidate was found using a mobile phone in the examination hall..mkv,b842b03e5784d867e93770560d88150a526250df69077cd3065edbbd4c842098,dfine_native,58140.0,unknown_object,0.253,1001.39,463.31,1047.92,618.89,7239.3,46.53,155.58,0.299,False,,True,unattributed,7,evt_01-P02_desk_work_surface_0009,c1449f2c781d86ac,native_source_context_fallback,no_pose_observation,34478.1,2.54,,1,01/e1/v1,
corpus_01,01.Candidate was found using a mobile phone in the examination hall..mkv,b842b03e5784d867e93770560d88150a526250df69077cd3065edbbd4c842098,dfine_native,58140.0,bag,0.2793,911.19,656.89,977.87,702.22,3022.5,66.68,45.33,1.471,False,,True,unattributed,7,evt_01-P02_desk_work_surface_0009,c1449f2c781d86ac,native_source_context_fallback,no_pose_observation,34478.1,2.54,,1,01/e1/v1,
corpus_01,01.Candidate was found using a mobile phone in the examination hall..mkv,b842b03e5784d867e93770560d88150a526250df69077cd3065edbbd4c842098,dfine_native,58140.0,phone,0.2636,1003.81,518.37,1024.67,547.24,602.1,20.86,28.86,0.723,False,,True,unattributed,7,evt_01-P02_desk_work_surface_0009,c1449f2c781d86ac,native_source_context_fallback,no_pose_observation,34478.1,2.54,,1,01/e1/v1,
corpus_01,01.Candidate was found using a mobile phone in the examination hall..mkv,b842b03e5784d867e93770560d88150a526250df69077cd3065edbbd4c842098,dfine_native,58620.0,phone,0.6524,1015.31,505.54,1030.26,530.85,378.7,14.96,25.32,0.591,False,,True,unattributed,6,evt_01-P03_upper_body_0018,352196567e9ed251,native_source_context_fallback,no_pose_observation,14518.5,3.89,,1,01/e1/v1,
corpus_01,01.Candidate was found using a mobile phone in the examination hall..mkv,b842b03e5784d867e93770560d88150a526250df69077cd3065edbbd4c842098,dfine_native,58620.0,unknown_object,0.4846,994.64,585.13,1053.91,629.8,2647.5,59.27,44.67,1.327,False,,True,unattributed,6,evt_01-P03_upper_body_0018,352196567e9ed251,native_source_context_fallback,no_pose_observation,14518.5,3.89,,1,01/e1/v1,
corpus_01,01.Candidate was found using a mobile phone in the examination hall..mkv,b842b03e5784d867e93770560d88150a526250df69077cd3065edbbd4c842098,dfine_native,58620.0,phone,0.3484,994.63,465.08,1030.23,487.3,791.0,35.6,22.22,1.602,False,,True,unattributed,6,evt_01-P03_upper_body_0018,352196567e9ed251,native_source_context_fallback,no_pose_observation,14518.5,3.89,,1,01/e1/v1,
corpus_01,01.Candidate was found using a mobile phone in the examination hall..mkv,b842b03e5784d867e93770560d88150a526250df69077cd3065edbbd4c842098,dfine_native,58620.0,unknown_object,0.3236,993.29,560.72,1053.94,629.71,4184.2,60.65,68.99,0.879,False,,True,unattributed,6,evt_01-P03_upper_body_0018,352196567e9ed251,native_source_context_fallback,no_pose_observation,14518.5,3.89,,1,01/e1/v1,
corpus_01,01.Candidate was found using a mobile phone in the examination hall..mkv,b842b03e5784d867e93770560d88150a526250df69077cd3065edbbd4c842098,dfine_native,58620.0,unknown_object,0.3511,1010.78,581.25,1053.88,611.72,1312.9,43.09,30.46,1.415,False,,True,unattributed,6,evt_01-P03_upper_body_0018,352196567e9ed251,native_source_context_fallback,no_pose_observation,14518.5,3.89,,1,01/e1/v1,
corpus_01,01.Candidate was found using a mobile phone in the examination hall..mkv,b842b03e5784d867e93770560d88150a526250df69077cd3065edbbd4c842098,dfine_native,58620.0,phone,0.4332,995.01,465.07,1030.69,530.82,2346.1,35.68,65.75,0.543,False,,True,unattributed,6,evt_01-P03_upper_body_0018,352196567e9ed251,native_source_context_fallback,no_pose_observation,14518.5,3.89,,1,01/e1/v1,
corpus_01,01.Candidate was found using a mobile phone in the examination hall..mkv,b842b03e5784d867e93770560d88150a526250df69077cd3065edbbd4c842098,dfine_native,58620.0,unknown_object,0.3707,1002.15,560.6,1053.92,619.86,3067.7,51.77,59.26,0.874,False,,True,unattributed,6,evt_01-P03_upper_body_0018,352196567e9ed251,native_source_context_fallback,no_pose_observation,14518.5,3.89,,1,01/e1/v1,
corpus_01,01.Candidate was found using a mobile phone in the examination hall..mkv,b842b03e5784d867e93770560d88150a526250df69077cd3065edbbd4c842098,dfine_native,58620.0,phone,0.2529,994.2,465.09,1030.65,495.33,1102.3,36.45,30.24,1.205,False,,True,unattributed,6,evt_01-P03_upper_body_0018,352196567e9ed251,native_source_context_fallback,no_pose_observation,14518.5,3.89,,1,01/e1/v1,
corpus_01,01.Candidate was found using a mobile phone in the examination hall..mkv,b842b03e5784d867e93770560d88150a526250df69077cd3065edbbd4c842098,dfine_native,58620.0,phone,0.2793,1014.63,465.19,1031.0,530.92,1075.9,16.37,65.72,0.249,False,,True,unattributed,6,evt_01-P03_upper_body_0018,352196567e9ed251,native_source_context_fallback,no_pose_observation,14518.5,3.89,,1,01/e1/v1,
corpus_01,01.Candidate was found using a mobile phone in the examination hall..mkv,b842b03e5784d867e93770560d88150a526250df69077cd3065edbbd4c842098,dfine_native,58620.0,unknown_object,0.2909,1002.19,581.12,1053.92,620.13,2018.0,51.73,39.01,1.326,False,,True,unattributed,6,evt_01-P03_upper_body_0018,352196567e9ed251,native_source_context_fallback,no_pose_observation,14518.5,3.89,,1,01/e1/v1,
corpus_01,01.Candidate was found using a mobile phone in the examination hall..mkv,b842b03e5784d867e93770560d88150a526250df69077cd3065edbbd4c842098,dfine_native,58620.0,phone,0.3593,999.78,479.66,1030.38,530.73,1562.6,30.6,51.07,0.599,False,,True,unattributed,6,evt_01-P03_upper_body_0018,352196567e9ed251,native_source_context_fallback,no_pose_observation,14518.5,3.89,,1,01/e1/v1,
corpus_01,01.Candidate was found using a mobile phone in the examination hall..mkv,b842b03e5784d867e93770560d88150a526250df69077cd3065edbbd4c842098,dfine_native,58620.0,unknown_object,0.5312,672.99,576.62,700.81,645.46,1914.9,27.82,68.83,0.404,False,,True,unattributed,4,evt_01-P03_upper_body_0018,a37c948dd6043680,pose_hand_context,,53122.5,2.66,,1,01/e1/v1,rtmpose_baseline
corpus_01,01.Candidate was found using a mobile phone in the examination hall..mkv,b842b03e5784d867e93770560d88150a526250df69077cd3065edbbd4c842098,dfine_native,58620.0,bag,0.4578,727.1,700.33,788.66,719.72,1194.0,61.56,19.4,3.174,False,,True,unattributed,4,evt_01-P03_upper_body_0018,a37c948dd6043680,pose_hand_context,,53122.5,2.66,,1,01/e1/v1,rtmpose_baseline
corpus_01,01.Candidate was found using a mobile phone in the examination hall..mkv,b842b03e5784d867e93770560d88150a526250df69077cd3065edbbd4c842098,dfine_native,58620.0,unknown_object,0.3762,699.18,499.07,780.45,585.14,6995.2,81.27,86.07,0.944,False,,True,unattributed,4,evt_01-P03_upper_body_0018,a37c948dd6043680,pose_hand_context,,53122.5,2.66,,1,01/e1/v1,rtmpose_baseline
corpus_01,01.Candidate was found using a mobile phone in the examination hall..mkv,b842b03e5784d867e93770560d88150a526250df69077cd3065edbbd4c842098,dfine_native,58620.0,unknown_object,0.2697,677.34,498.87,753.51,585.38,6589.0,76.17,86.51,0.88,False,,True,unattributed,4,evt_01-P03_upper_body_0018,a37c948dd6043680,pose_hand_context,,53122.5,2.66,,1,01/e1/v1,rtmpose_baseline
corpus_01,01.Candidate was found using a mobile phone in the examination hall..mkv,b842b03e5784d867e93770560d88150a526250df69077cd3065edbbd4c842098,dfine_native,58620.0,unknown_object,0.567,699.34,499.07,753.47,585.06,4654.9,54.13,85.99,0.63,False,,True,unattributed,4,evt_01-P03_upper_body_0018,a37c948dd6043680,pose_hand_context,,53122.5,2.66,,1,01/e1/v1,rtmpose_baseline
corpus_01,01.Candidate was found using a mobile phone in the examination hall..mkv,b842b03e5784d867e93770560d88150a526250df69077cd3065edbbd4c842098,dfine_native,58620.0,unknown_object,0.2823,673.02,500.65,700.91,645.47,4038.7,27.89,144.82,0.193,False,,True,unattributed,4,evt_01-P03_upper_body_0018,a37c948dd6043680,pose_hand_context,,53122.5,2.66,,1,01/e1/v1,rtmpose_baseline
corpus_01,01.Candidate was found using a mobile phone in the examination hall..mkv,b842b03e5784d867e93770560d88150a526250df69077cd3065edbbd4c842098,dfine_native,58620.0,unknown_object,0.3176,672.91,498.99,752.32,645.61,11643.2,79.41,146.61,0.542,False,,True,unattributed,4,evt_01-P03_upper_body_0018,a37c948dd6043680,pose_hand_context,,53122.5,2.66,,1,01/e1/v1,rtmpose_baseline
corpus_01,01.Candidate was found using a mobile phone in the examination hall..mkv,b842b03e5784d867e93770560d88150a526250df69077cd3065edbbd4c842098,dfine_native,58620.0,unknown_object,0.6418,657.01,406.66,694.58,492.28,3216.9,37.57,85.62,0.439,False,,True,unattributed,5,evt_01-P03_upper_body_0018,c29d9321ecbb033a,pose_hand_context,,2304.0,13.33,,1,01/e1/v1,rtmpose_baseline
corpus_01,01.Candidate was found using a mobile phone in the examination hall..mkv,b842b03e5784d867e93770560d88150a526250df69077cd3065edbbd4c842098,dfine_native,58620.0,unknown_object,0.3756,657.1,405.98,750.96,492.45,8116.0,93.86,86.47,1.085,False,,True,unattributed,5,evt_01-P03_upper_body_0018,c29d9321ecbb033a,pose_hand_context,,2304.0,13.33,,1,01/e1/v1,rtmpose_baseline
corpus_01,01.Candidate was found using a mobile phone in the examination hall..mkv,b842b03e5784d867e93770560d88150a526250df69077cd3065edbbd4c842098,dfine_native,58620.0,unknown_object,0.3979,701.28,419.66,727.27,450.31,796.8,26.0,30.65,0.848,False,,True,unattributed,5,evt_01-P03_upper_body_0018,c29d9321ecbb033a,pose_hand_context,,2304.0,13.33,,1,01/e1/v1,rtmpose_baseline
corpus_01,01.Candidate was found using a mobile phone in the examination hall..mkv,b842b03e5784d867e93770560d88150a526250df69077cd3065edbbd4c842098,dfine_native,58620.0,unknown_object,0.3884,660.28,397.07,735.68,458.06,4598.8,75.4,60.99,1.236,False,,True,unattributed,5,evt_01-P03_upper_body_0018,c29d9321ecbb033a,pose_hand_context,,2304.0,13.33,,1,01/e1/v1,rtmpose_baseline
corpus_01,01.Candidate was found using a mobile phone in the examination hall..mkv,b842b03e5784d867e93770560d88150a526250df69077cd3065edbbd4c842098,dfine_native,58620.0,unknown_object,0.274,660.57,397.06,735.12,450.11,3955.4,74.56,53.05,1.405,False,,True,unattributed,5,evt_01-P03_upper_body_0018,c29d9321ecbb033a,pose_hand_context,,2304.0,13.33,,1,01/e1/v1,rtmpose_baseline
corpus_01,01.Candidate was found using a mobile phone in the examination hall..mkv,b842b03e5784d867e93770560d88150a526250df69077cd3065edbbd4c842098,dfine_native,58620.0,unknown_object,0.2717,727.8,397.18,753.0,446.89,1252.8,25.2,49.71,0.507,False,,True,unattributed,5,evt_01-P03_upper_body_0018,c29d9321ecbb033a,pose_hand_context,,2304.0,13.33,,1,01/e1/v1,rtmpose_baseline
corpus_01,01.Candidate was found using a mobile phone in the examination hall..mkv,b842b03e5784d867e93770560d88150a526250df69077cd3065edbbd4c842098,dfine_native,58620.0,unknown_object,0.2623,702.45,419.79,727.3,441.52,539.7,24.84,21.73,1.143,False,,True,unattributed,5,evt_01-P03_upper_body_0018,c29d9321ecbb033a,pose_hand_context,,2304.0,13.33,,1,01/e1/v1,rtmpose_baseline
corpus_01,01.Candidate was found using a mobile phone in the examination hall..mkv,b842b03e5784d867e93770560d88150a526250df69077cd3065edbbd4c842098,dfine_native,58620.0,unknown_object,0.2897,691.05,419.86,743.04,488.36,3560.9,51.99,68.49,0.759,False,,True,unattributed,5,evt_01-P03_upper_body_0018,c29d9321ecbb033a,pose_hand_context,,2304.0,13.33,,1,01/e1/v1,rtmpose_baseline
corpus_01,01.Candidate was found using a mobile phone in the examination hall..mkv,b842b03e5784d867e93770560d88150a526250df69077cd3065edbbd4c842098,dfine_native,58620.0,unknown_object,0.2628,692.58,418.66,728.46,458.38,1425.2,35.88,39.72,0.903,False,,True,unattributed,5,evt_01-P03_upper_body_0018,c29d9321ecbb033a,pose_hand_context,,2304.0,13.33,,1,01/e1/v1,rtmpose_baseline
corpus_01,01.Candidate was found using a mobile phone in the examination hall..mkv,b842b03e5784d867e93770560d88150a526250df69077cd3065edbbd4c842098,dfine_native,58620.0,unknown_object,0.414,657.13,406.43,744.38,492.22,7485.8,87.25,85.79,1.017,False,,True,unattributed,5,evt_01-P03_upper_body_0018,c29d9321ecbb033a,pose_hand_context,,2304.0,13.33,,1,01/e1/v1,rtmpose_baseline
corpus_01,01.Candidate was found using a mobile phone in the examination hall..mkv,b842b03e5784d867e93770560d88150a526250df69077cd3065edbbd4c842098,dfine_native,58620.0,unknown_object,0.2871,657.04,397.31,694.75,492.2,3579.3,37.72,94.89,0.398,False,,True,unattributed,5,evt_01-P03_upper_body_0018,c29d9321ecbb033a,pose_hand_context,,2304.0,13.33,,1,01/e1/v1,rtmpose_baseline
corpus_01,01.Candidate was found using a mobile phone in the examination hall..mkv,b842b03e5784d867e93770560d88150a526250df69077cd3065edbbd4c842098,dfine_native,58660.0,unknown_object,0.4741,995.08,586.88,1053.03,629.82,2488.2,57.95,42.93,1.35,False,,True,unattributed,6,evt_01-P02_upper_body_0011,4d7f3b3875be23ed,native_source_context_fallback,no_pose_observation,14826.5,3.82,,1,01/e1/v1,
corpus_01,01.Candidate was found using a mobile phone in the examination hall..mkv,b842b03e5784d867e93770560d88150a526250df69077cd3065edbbd4c842098,dfine_native,58660.0,unknown_object,0.4707,994.39,462.14,1031.0,530.68,2509.5,36.61,68.54,0.534,False,,True,unattributed,6,evt_01-P02_upper_body_0011,4d7f3b3875be23ed,native_source_context_fallback,no_pose_observation,14826.5,3.82,,1,01/e1/v1,
corpus_01,01.Candidate was found using a mobile phone in the examination hall..mkv,b842b03e5784d867e93770560d88150a526250df69077cd3065edbbd4c842098,dfine_native,58660.0,phone,0.3449,994.25,462.08,1030.54,488.11,944.8,36.29,26.04,1.394,False,,True,unattributed,6,evt_01-P02_upper_body_0011,4d7f3b3875be23ed,native_source_context_fallback,no_pose_observation,14826.5,3.82,,1,01/e1/v1,
corpus_01,01.Candidate was found using a mobile phone in the examination hall..mkv,b842b03e5784d867e93770560d88150a526250df69077cd3065edbbd4c842098,dfine_native,58660.0,unknown_object,0.3507,1013.11,581.65,1053.05,609.98,1131.3,39.94,28.32,1.41,False,,True,unattributed,6,evt_01-P02_upper_body_0011,4d7f3b3875be23ed,native_source_context_fallback,no_pose_observation,14826.5,3.82,,1,01/e1/v1,
corpus_01,01.Candidate was found using a mobile phone in the examination hall..mkv,b842b03e5784d867e93770560d88150a526250df69077cd3065edbbd4c842098,dfine_native,58660.0,phone,0.4159,1015.3,505.49,1030.68,530.72,387.7,15.37,25.22,0.609,False,,True,unattributed,6,evt_01-P02_upper_body_0011,4d7f3b3875be23ed,native_source_context_fallback,no_pose_observation,14826.5,3.82,,1,01/e1/v1,
corpus_01,01.Candidate was found using a mobile phone in the examination hall..mkv,b842b03e5784d867e93770560d88150a526250df69077cd3065edbbd4c842098,dfine_native,58660.0,unknown_object,0.4282,1002.22,560.19,1053.07,620.16,3049.4,50.85,59.97,0.848,False,,True,unattributed,6,evt_01-P02_upper_body_0011,4d7f3b3875be23ed,native_source_context_fallback,no_pose_observation,14826.5,3.82,,1,01/e1/v1,
corpus_01,01.Candidate was found using a mobile phone in the examination hall..mkv,b842b03e5784d867e93770560d88150a526250df69077cd3065edbbd4c842098,dfine_native,58660.0,unknown_object,0.3223,992.53,560.28,1053.11,629.74,4207.5,60.58,69.45,0.872,False,,True,unattributed,6,evt_01-P02_upper_body_0011,4d7f3b3875be23ed,native_source_context_fallback,no_pose_observation,14826.5,3.82,,1,01/e1/v1,
corpus_01,01.Candidate was found using a mobile phone in the examination hall..mkv,b842b03e5784d867e93770560d88150a526250df69077cd3065edbbd4c842098,dfine_native,58660.0,phone,0.2845,999.16,480.23,1030.62,530.67,1586.7,31.46,50.44,0.624,False,,True,unattributed,6,evt_01-P02_upper_body_0011,4d7f3b3875be23ed,native_source_context_fallback,no_pose_observation,14826.5,3.82,,1,01/e1/v1,
corpus_01,01.Candidate was found using a mobile phone in the examination hall..mkv,b842b03e5784d867e93770560d88150a526250df69077cd3065edbbd4c842098,dfine_native,58660.0,unknown_object,0.7127,697.77,497.06,754.8,585.08,5019.5,57.02,88.02,0.648,False,,True,unattributed,4,evt_01-P02_upper_body_0011,5b5235bba376459e,pose_hand_context,,54411.5,2.62,,1,01/e1/v1,rtmpose_baseline
corpus_01,01.Candidate was found using a mobile phone in the examination hall..mkv,b842b03e5784d867e93770560d88150a526250df69077cd3065edbbd4c842098,dfine_native,58660.0,unknown_object,0.6344,671.0,576.43,700.68,645.39,2046.7,29.68,68.96,0.43,False,,True,unattributed,4,evt_01-P02_upper_body_0011,5b5235bba376459e,pose_hand_context,,54411.5,2.62,,1,01/e1/v1,rtmpose_baseline
corpus_01,01.Candidate was found using a mobile phone in the examination hall..mkv,b842b03e5784d867e93770560d88150a526250df69077cd3065edbbd4c842098,dfine_native,58660.0,unknown_object,0.4812,671.01,498.51,700.76,645.41,4370.0,29.75,146.9,0.203,False,,True,unattributed,4,evt_01-P02_upper_body_0011,5b5235bba376459e,pose_hand_context,,54411.5,2.62,,1,01/e1/v1,rtmpose_baseline
corpus_01,01.Candidate was found using a mobile phone in the examination hall..mkv,b842b03e5784d867e93770560d88150a526250df69077cd3065edbbd4c842098,dfine_native,58660.0,bag,0.4316,727.05,700.46,788.5,719.85,1191.5,61.45,19.39,3.17,False,,True,unattributed,4,evt_01-P02_upper_body_0011,5b5235bba376459e,pose_hand_context,,54411.5,2.62,,1,01/e1/v1,rtmpose_baseline
corpus_01,01.Candidate was found using a mobile phone in the examination hall..mkv,b842b03e5784d867e93770560d88150a526250df69077cd3065edbbd4c842098,dfine_native,58660.0,unknown_object,0.3074,670.99,497.14,754.46,645.5,12383.5,83.47,148.36,0.563,False,,True,unattributed,4,evt_01-P02_upper_body_0011,5b5235bba376459e,pose_hand_context,,54411.5,2.62,,1,01/e1/v1,rtmpose_baseline
corpus_01,01.Candidate was found using a mobile phone in the examination hall..mkv,b842b03e5784d867e93770560d88150a526250df69077cd3065edbbd4c842098,dfine_native,58660.0,unknown_object,0.6363,657.02,406.81,694.55,491.29,3170.4,37.53,84.47,0.444,False,,True,unattributed,5,evt_01-P02_upper_body_0011,a5184d281692ae52,pose_hand_context,,2304.0,13.33,,1,01/e1/v1,rtmpose_baseline
corpus_01,01.Candidate was found using a mobile phone in the examination hall..mkv,b842b03e5784d867e93770560d88150a526250df69077cd3065edbbd4c842098,dfine_native,58660.0,unknown_object,0.4057,657.04,406.25,752.9,491.51,8172.7,95.86,85.26,1.124,False,,True,unattributed,5,evt_01-P02_upper_body_0011,a5184d281692ae52,pose_hand_context,,2304.0,13.33,,1,01/e1/v1,rtmpose_baseline
corpus_01,01.Candidate was found using a mobile phone in the examination hall..mkv,b842b03e5784d867e93770560d88150a526250df69077cd3065edbbd4c842098,dfine_native,58660.0,unknown_object,0.4473,660.1,396.05,735.85,458.29,4714.5,75.74,62.24,1.217,False,,True,unattributed,5,evt_01-P02_upper_body_0011,a5184d281692ae52,pose_hand_context,,2304.0,13.33,,1,01/e1/v1,rtmpose_baseline
corpus_01,01.Candidate was found using a mobile phone in the examination hall..mkv,b842b03e5784d867e93770560d88150a526250df69077cd3065edbbd4c842098,dfine_native,58660.0,unknown_object,0.4035,701.2,419.96,727.6,450.41,803.9,26.4,30.45,0.867,False,,True,unattributed,5,evt_01-P02_upper_body_0011,a5184d281692ae52,pose_hand_context,,2304.0,13.33,,1,01/e1/v1,rtmpose_baseline
corpus_01,01.Candidate was found using a mobile phone in the examination hall..mkv,b842b03e5784d867e93770560d88150a526250df69077cd3065edbbd4c842098,dfine_native,58660.0,unknown_object,0.2726,727.82,396.18,753.0,446.71,1272.0,25.17,50.53,0.498,False,,True,unattributed,5,evt_01-P02_upper_body_0011,a5184d281692ae52,pose_hand_context,,2304.0,13.33,,1,01/e1/v1,rtmpose_baseline
corpus_01,01.Candidate was found using a mobile phone in the examination hall..mkv,b842b03e5784d867e93770560d88150a526250df69077cd3065edbbd4c842098,dfine_native,58660.0,unknown_object,0.3114,691.01,419.26,742.98,487.81,3562.4,51.97,68.55,0.758,False,,True,unattributed,5,evt_01-P02_upper_body_0011,a5184d281692ae52,pose_hand_context,,2304.0,13.33,,1,01/e1/v1,rtmpose_baseline
corpus_01,01.Candidate was found using a mobile phone in the examination hall..mkv,b842b03e5784d867e93770560d88150a526250df69077cd3065edbbd4c842098,dfine_native,58660.0,unknown_object,0.3141,702.04,419.92,727.47,441.65,552.7,25.43,21.73,1.17,False,,True,unattributed,5,evt_01-P02_upper_body_0011,a5184d281692ae52,pose_hand_context,,2304.0,13.33,,1,01/e1/v1,rtmpose_baseline
corpus_01,01.Candidate was found using a mobile phone in the examination hall..mkv,b842b03e5784d867e93770560d88150a526250df69077cd3065edbbd4c842098,dfine_native,58660.0,unknown_object,0.4106,657.1,406.6,742.53,491.24,7230.4,85.42,84.64,1.009,False,,True,unattributed,5,evt_01-P02_upper_body_0011,a5184d281692ae52,pose_hand_context,,2304.0,13.33,,1,01/e1/v1,rtmpose_baseline
corpus_01,01.Candidate was found using a mobile phone in the examination hall..mkv,b842b03e5784d867e93770560d88150a526250df69077cd3065edbbd4c842098,dfine_native,58660.0,unknown_object,0.2843,657.03,396.38,694.87,491.17,3586.6,37.84,94.79,0.399,False,,True,unattributed,5,evt_01-P02_upper_body_0011,a5184d281692ae52,pose_hand_context,,2304.0,13.33,,1,01/e1/v1,rtmpose_baseline
corpus_01,01.Candidate was found using a mobile phone in the examination hall..mkv,b842b03e5784d867e93770560d88150a526250df69077cd3065edbbd4c842098,dfine_native,58660.0,unknown_object,0.3246,692.65,419.76,728.14,458.42,1372.0,35.49,38.66,0.918,False,,True,unattributed,5,evt_01-P02_upper_body_0011,a5184d281692ae52,pose_hand_context,,2304.0,13.33,,1,01/e1/v1,rtmpose_baseline
corpus_01,01.Candidate was found using a mobile phone in the examination hall..mkv,b842b03e5784d867e93770560d88150a526250df69077cd3065edbbd4c842098,dfine_native,58660.0,unknown_object,0.2751,659.08,396.08,742.64,488.73,7741.6,83.56,92.65,0.902,False,,True,unattributed,5,evt_01-P02_upper_body_0011,a5184d281692ae52,pose_hand_context,,2304.0,13.33,,1,01/e1/v1,rtmpose_baseline
corpus_01,01.Candidate was found using a mobile phone in the examination hall..mkv,b842b03e5784d867e93770560d88150a526250df69077cd3065edbbd4c842098,dfine_native,58820.0,phone,0.5631,1015.16,505.81,1030.8,530.64,388.4,15.64,24.83,0.63,False,,True,unattributed,6,evt_01-P06_upper_body_0046,8c7436e6873ec719,native_source_context_fallback,no_pose_observation,15983.9,3.73,,1,01/e1/v1,
corpus_01,01.Candidate was found using a mobile phone in the examination hall..mkv,b842b03e5784d867e93770560d88150a526250df69077cd3065edbbd4c842098,dfine_native,58820.0,unknown_object,0.4938,994.29,586.92,1050.88,630.78,2481.6,56.59,43.85,1.29,False,,True,unattributed,6,evt_01-P06_upper_body_0046,8c7436e6873ec719,native_source_context_fallback,no_pose_observation,15983.9,3.73,,1,01/e1/v1,
corpus_01,01.Candidate was found using a mobile phone in the examination hall..mkv,b842b03e5784d867e93770560d88150a526250df69077cd3065edbbd4c842098,dfine_native,58820.0,phone,0.5232,996.2,460.18,1031.07,530.55,2454.1,34.87,70.37,0.496,False,,True,unattributed,6,evt_01-P06_upper_body_0046,8c7436e6873ec719,native_source_context_fallback,no_pose_observation,15983.9,3.73,,1,01/e1/v1,
corpus_01,01.Candidate was found using a mobile phone in the examination hall..mkv,b842b03e5784d867e93770560d88150a526250df69077cd3065edbbd4c842098,dfine_native,58820.0,unknown_object,0.4066,1013.12,582.67,1050.87,609.88,1027.3,37.75,27.21,1.387,False,,True,unattributed,6,evt_01-P06_upper_body_0046,8c7436e6873ec719,native_source_context_fallback,no_pose_observation,15983.9,3.73,,1,01/e1/v1,
corpus_01,01.Candidate was found using a mobile phone in the examination hall..mkv,b842b03e5784d867e93770560d88150a526250df69077cd3065edbbd4c842098,dfine_native,58820.0,phone,0.2694,995.69,460.09,1030.5,486.27,911.3,34.81,26.18,1.329,False,,True,unattributed,6,evt_01-P06_upper_body_0046,8c7436e6873ec719,native_source_context_fallback,no_pose_observation,15983.9,3.73,,1,01/e1/v1,
corpus_01,01.Candidate was found using a mobile phone in the examination hall..mkv,b842b03e5784d867e93770560d88150a526250df69077cd3065edbbd4c842098,dfine_native,58820.0,unknown_object,0.3696,993.05,560.51,1050.95,630.39,4046.3,57.91,69.88,0.829,False,,True,unattributed,6,evt_01-P06_upper_body_0046,8c7436e6873ec719,native_source_context_fallback,no_pose_observation,15983.9,3.73,,1,01/e1/v1,
corpus_01,01.Candidate was found using a mobile phone in the examination hall..mkv,b842b03e5784d867e93770560d88150a526250df69077cd3065edbbd4c842098,dfine_native,58820.0,unknown_object,0.322,1002.45,560.52,1050.87,620.12,2886.0,48.42,59.6,0.812,False,,True,unattributed,6,evt_01-P06_upper_body_0046,8c7436e6873ec719,native_source_context_fallback,no_pose_observation,15983.9,3.73,,1,01/e1/v1,
corpus_01,01.Candidate was found using a mobile phone in the examination hall..mkv,b842b03e5784d867e93770560d88150a526250df69077cd3065edbbd4c842098,dfine_native,58820.0,phone,0.258,1000.95,480.15,1030.75,530.53,1501.2,29.8,50.37,0.592,False,,True,unattributed,6,evt_01-P06_upper_body_0046,8c7436e6873ec719,native_source_context_fallback,no_pose_observation,15983.9,3.73,,1,01/e1/v1,
corpus_01,01.Candidate was found using a mobile phone in the examination hall..mkv,b842b03e5784d867e93770560d88150a526250df69077cd3065edbbd4c842098,dfine_native,58820.0,unknown_object,0.4974,657.12,405.8,751.11,490.5,7962.0,93.99,84.71,1.11,False,,True,unattributed,5,evt_01-P06_upper_body_0046,a7b334565498ecd6,pose_hand_context,,2304.0,13.33,,1,01/e1/v1,rtmpose_baseline
corpus_01,01.Candidate was found using a mobile phone in the examination hall..mkv,b842b03e5784d867e93770560d88150a526250df69077cd3065edbbd4c842098,dfine_native,58820.0,unknown_object,0.6257,657.02,406.27,694.49,490.32,3148.9,37.46,84.05,0.446,False,,True,unattributed,5,evt_01-P06_upper_body_0046,a7b334565498ecd6,pose_hand_context,,2304.0,13.33,,1,01/e1/v1,rtmpose_baseline
corpus_01,01.Candidate was found using a mobile phone in the examination hall..mkv,b842b03e5784d867e93770560d88150a526250df69077cd3065edbbd4c842098,dfine_native,58820.0,unknown_object,0.3848,702.02,419.43,727.67,450.41,794.8,25.65,30.98,0.828,False,,True,unattributed,5,evt_01-P06_upper_body_0046,a7b334565498ecd6,pose_hand_context,,2304.0,13.33,,1,01/e1/v1,rtmpose_baseline
corpus_01,01.Candidate was found using a mobile phone in the examination hall..mkv,b842b03e5784d867e93770560d88150a526250df69077cd3065edbbd4c842098,dfine_native,58820.0,unknown_object,0.4686,660.12,395.04,735.6,458.13,4762.1,75.48,63.09,1.196,False,,True,unattributed,5,evt_01-P06_upper_body_0046,a7b334565498ecd6,pose_hand_context,,2304.0,13.33,,1,01/e1/v1,rtmpose_baseline
corpus_01,01.Candidate was found using a mobile phone in the examination hall..mkv,b842b03e5784d867e93770560d88150a526250df69077cd3065edbbd4c842098,dfine_native,58820.0,bag,0.311,691.24,451.41,742.87,487.92,1884.7,51.63,36.5,1.414,False,,True,unattributed,5,evt_01-P06_upper_body_0046,a7b334565498ecd6,pose_hand_context,,2304.0,13.33,,1,01/e1/v1,rtmpose_baseline
corpus_01,01.Candidate was found using a mobile phone in the examination hall..mkv,b842b03e5784d867e93770560d88150a526250df69077cd3065edbbd4c842098,dfine_native,58820.0,unknown_object,0.2727,714.71,425.69,742.05,453.39,757.0,27.33,27.69,0.987,False,,True,unattributed,5,evt_01-P06_upper_body_0046,a7b334565498ecd6,pose_hand_context,,2304.0,13.33,,1,01/e1/v1,rtmpose_baseline
corpus_01,01.Candidate was found using a mobile phone in the examination hall..mkv,b842b03e5784d867e93770560d88150a526250df69077cd3065edbbd4c842098,dfine_native,58820.0,unknown_object,0.315,704.1,419.7,727.49,441.57,511.7,23.39,21.88,1.069,False,,True,unattributed,5,evt_01-P06_upper_body_0046,a7b334565498ecd6,pose_hand_context,,2304.0,13.33,,1,01/e1/v1,rtmpose_baseline
corpus_01,01.Candidate was found using a mobile phone in the examination hall..mkv,b842b03e5784d867e93770560d88150a526250df69077cd3065edbbd4c842098,dfine_native,58820.0,unknown_object,0.265,692.01,446.0,753.02,490.48,2713.7,61.01,44.48,1.372,False,,True,unattributed,5,evt_01-P06_upper_body_0046,a7b334565498ecd6,pose_hand_context,,2304.0,13.33,,1,01/e1/v1,rtmpose_baseline
corpus_01,01.Candidate was found using a mobile phone in the examination hall..mkv,b842b03e5784d867e93770560d88150a526250df69077cd3065edbbd4c842098,dfine_native,58820.0,unknown_object,0.2976,727.92,395.17,753.0,446.86,1296.4,25.08,51.69,0.485,False,,True,unattributed,5,evt_01-P06_upper_body_0046,a7b334565498ecd6,pose_hand_context,,2304.0,13.33,,1,01/e1/v1,rtmpose_baseline
corpus_01,01.Candidate was found using a mobile phone in the examination hall..mkv,b842b03e5784d867e93770560d88150a526250df69077cd3065edbbd4c842098,dfine_native,58820.0,unknown_object,0.2623,691.4,395.34,752.97,489.71,5810.6,61.58,94.36,0.653,False,,True,unattributed,5,evt_01-P06_upper_body_0046,a7b334565498ecd6,pose_hand_context,,2304.0,13.33,,1,01/e1/v1,rtmpose_baseline
corpus_01,01.Candidate was found using a mobile phone in the examination hall..mkv,b842b03e5784d867e93770560d88150a526250df69077cd3065edbbd4c842098,dfine_native,58820.0,unknown_object,0.4597,657.09,406.05,743.02,490.26,7235.9,85.93,84.21,1.02,False,,True,unattributed,5,evt_01-P06_upper_body_0046,a7b334565498ecd6,pose_hand_context,,2304.0,13.33,,1,01/e1/v1,rtmpose_baseline
corpus_01,01.Candidate was found using a mobile phone in the examination hall..mkv,b842b03e5784d867e93770560d88150a526250df69077cd3065edbbd4c842098,dfine_native,58820.0,unknown_object,0.3356,692.55,418.33,728.73,458.36,1448.5,36.18,40.03,0.904,False,,True,unattributed,5,evt_01-P06_upper_body_0046,a7b334565498ecd6,pose_hand_context,,2304.0,13.33,,1,01/e1/v1,rtmpose_baseline
corpus_01,01.Candidate was found using a mobile phone in the examination hall..mkv,b842b03e5784d867e93770560d88150a526250df69077cd3065edbbd4c842098,dfine_native,58820.0,unknown_object,0.2887,657.06,395.25,694.71,490.32,3579.0,37.65,95.07,0.396,False,,True,unattributed,5,evt_01-P06_upper_body_0046,a7b334565498ecd6,pose_hand_context,,2304.0,13.33,,1,01/e1/v1,rtmpose_baseline
corpus_01,01.Candidate was found using a mobile phone in the examination hall..mkv,b842b03e5784d867e93770560d88150a526250df69077cd3065edbbd4c842098,dfine_native,58820.0,phone,0.717,1015.34,505.85,1030.96,530.66,387.5,15.62,24.81,0.629,False,,True,unattributed,7,evt_01-P06_upper_body_0046,b31e39825881cc28,native_source_context_fallback,no_pose_observation,34532.9,2.52,,1,01/e1/v1,
corpus_01,01.Candidate was found using a mobile phone in the examination hall..mkv,b842b03e5784d867e93770560d88150a526250df69077cd3065edbbd4c842098,dfine_native,58820.0,monitor_or_bezel,0.8835,979.89,588.82,1051.09,713.36,8867.3,71.2,124.54,0.572,False,,True,unattributed,7,evt_01-P06_upper_body_0046,b31e39825881cc28,native_source_context_fallback,no_pose_observation,34532.9,2.52,,1,01/e1/v1,
corpus_01,01.Candidate was found using a mobile phone in the examination hall..mkv,b842b03e5784d867e93770560d88150a526250df69077cd3065edbbd4c842098,dfine_native,58820.0,unknown_object,0.5106,1002.34,560.06,1051.09,620.75,2958.8,48.76,60.69,0.803,False,,True,unattributed,7,evt_01-P06_upper_body_0046,b31e39825881cc28,native_source_context_fallback,no_pose_observation,34532.9,2.52,,1,01/e1/v1,
corpus_01,01.Candidate was found using a mobile phone in the examination hall..mkv,b842b03e5784d867e93770560d88150a526250df69077cd3065edbbd4c842098,dfine_native,58820.0,monitor_or_bezel,0.2615,980.2,656.7,1051.08,713.59,4033.1,70.89,56.89,1.246,False,,True,unattributed,7,evt_01-P06_upper_body_0046,b31e39825881cc28,native_source_context_fallback,no_pose_observation,34532.9,2.52,,1,01/e1/v1,
corpus_01,01.Candidate was found using a mobile phone in the examination hall..mkv,b842b03e5784d867e93770560d88150a526250df69077cd3065edbbd4c842098,dfine_native,58820.0,bag,0.2913,915.45,657.81,979.51,702.19,2843.4,64.07,44.38,1.443,False,,True,unattributed,7,evt_01-P06_upper_body_0046,b31e39825881cc28,native_source_context_fallback,no_pose_observation,34532.9,2.52,,1,01/e1/v1,
corpus_01,01.Candidate was found using a mobile phone in the examination hall..mkv,b842b03e5784d867e93770560d88150a526250df69077cd3065edbbd4c842098,dfine_native,58820.0,phone,0.2778,1003.26,488.97,1012.7,503.01,132.6,9.45,14.04,0.673,False,,True,unattributed,7,evt_01-P06_upper_body_0046,b31e39825881cc28,native_source_context_fallback,no_pose_observation,34532.9,2.52,,1,01/e1/v1,
corpus_01,01.Candidate was found using a mobile phone in the examination hall..mkv,b842b03e5784d867e93770560d88150a526250df69077cd3065edbbd4c842098,dfine_native,58820.0,phone,0.2773,1000.47,480.67,1031.05,530.53,1524.7,30.58,49.86,0.613,False,,True,unattributed,7,evt_01-P06_upper_body_0046,b31e39825881cc28,native_source_context_fallback,no_pose_observation,34532.9,2.52,,1,01/e1/v1,
corpus_01,01.Candidate was found using a mobile phone in the examination hall..mkv,b842b03e5784d867e93770560d88150a526250df69077cd3065edbbd4c842098,dfine_native,58820.0,phone,0.2753,1003.45,488.34,1031.03,530.68,1167.7,27.58,42.34,0.651,False,,True,unattributed,7,evt_01-P06_upper_body_0046,b31e39825881cc28,native_source_context_fallback,no_pose_observation,34532.9,2.52,,1,01/e1/v1,
corpus_01,01.Candidate was found using a mobile phone in the examination hall..mkv,b842b03e5784d867e93770560d88150a526250df69077cd3065edbbd4c842098,dfine_native,58820.0,unknown_object,0.5074,671.99,576.8,700.77,645.58,1979.1,28.77,68.78,0.418,False,,True,unattributed,4,evt_01-P06_upper_body_0046,c564f5e07b46444a,pose_hand_context,,53302.0,2.65,,1,01/e1/v1,rtmpose_baseline
corpus_01,01.Candidate was found using a mobile phone in the examination hall..mkv,b842b03e5784d867e93770560d88150a526250df69077cd3065edbbd4c842098,dfine_native,58820.0,bag,0.4218,727.1,700.5,788.54,719.94,1194.4,61.44,19.44,3.16,False,,True,unattributed,4,evt_01-P06_upper_body_0046,c564f5e07b46444a,pose_hand_context,,53302.0,2.65,,1,01/e1/v1,rtmpose_baseline
corpus_01,01.Candidate was found using a mobile phone in the examination hall..mkv,b842b03e5784d867e93770560d88150a526250df69077cd3065edbbd4c842098,dfine_native,58820.0,unknown_object,0.3672,699.2,499.1,779.22,585.25,6893.7,80.02,86.15,0.929,False,,True,unattributed,4,evt_01-P06_upper_body_0046,c564f5e07b46444a,pose_hand_context,,53302.0,2.65,,1,01/e1/v1,rtmpose_baseline
corpus_01,01.Candidate was found using a mobile phone in the examination hall..mkv,b842b03e5784d867e93770560d88150a526250df69077cd3065edbbd4c842098,dfine_native,58820.0,unknown_object,0.5503,699.43,499.04,753.11,585.2,4625.6,53.68,86.17,0.623,False,,True,unattributed,4,evt_01-P06_upper_body_0046,c564f5e07b46444a,pose_hand_context,,53302.0,2.65,,1,01/e1/v1,rtmpose_baseline
corpus_01,01.Candidate was found using a mobile phone in the examination hall..mkv,b842b03e5784d867e93770560d88150a526250df69077cd3065edbbd4c842098,dfine_native,58820.0,unknown_object,0.2891,672.01,500.64,700.93,645.6,4192.4,28.92,144.96,0.2,False,,True,unattributed,4,evt_01-P06_upper_body_0046,c564f5e07b46444a,pose_hand_context,,53302.0,2.65,,1,01/e1/v1,rtmpose_baseline
corpus_01,01.Candidate was found using a mobile phone in the examination hall..mkv,b842b03e5784d867e93770560d88150a526250df69077cd3065edbbd4c842098,dfine_native,58820.0,unknown_object,0.3089,673.05,498.97,752.64,585.47,6884.2,79.59,86.49,0.92,False,,True,unattributed,4,evt_01-P06_upper_body_0046,c564f5e07b46444a,pose_hand_context,,53302.0,2.65,,1,01/e1/v1,rtmpose_baseline
corpus_01,01.Candidate was found using a mobile phone in the examination hall..mkv,b842b03e5784d867e93770560d88150a526250df69077cd3065edbbd4c842098,dfine_native,58820.0,unknown_object,0.3281,671.91,499.05,751.94,645.67,11733.0,80.03,146.61,0.546,False,,True,unattributed,4,evt_01-P06_upper_body_0046,c564f5e07b46444a,pose_hand_context,,53302.0,2.65,,1,01/e1/v1,rtmpose_baseline
corpus_01,01.Candidate was found using a mobile phone in the examination hall..mkv,b842b03e5784d867e93770560d88150a526250df69077cd3065edbbd4c842098,dfine_native,59340.0,unknown_object,0.4572,659.88,395.06,741.94,457.92,5158.1,82.06,62.86,1.306,False,,True,unattributed,5,evt_01-P03_upper_body_0019,b0672f2d390e92fb,pose_hand_context,,2304.0,13.33,,1,01/e1/v1,rtmpose_baseline
corpus_01,01.Candidate was found using a mobile phone in the examination hall..mkv,b842b03e5784d867e93770560d88150a526250df69077cd3065edbbd4c842098,dfine_native,59340.0,unknown_object,0.5675,658.03,406.25,694.57,490.29,3071.2,36.55,84.04,0.435,False,,True,unattributed,5,evt_01-P03_upper_body_0019,b0672f2d390e92fb,pose_hand_context,,2304.0,13.33,,1,01/e1/v1,rtmpose_baseline
corpus_01,01.Candidate was found using a mobile phone in the examination hall..mkv,b842b03e5784d867e93770560d88150a526250df69077cd3065edbbd4c842098,dfine_native,59340.0,unknown_object,0.3447,691.18,451.2,743.27,487.91,1912.3,52.09,36.71,1.419,False,,True,unattributed,5,evt_01-P03_upper_body_0019,b0672f2d390e92fb,pose_hand_context,,2304.0,13.33,,1,01/e1/v1,rtmpose_baseline
corpus_01,01.Candidate was found using a mobile phone in the examination hall..mkv,b842b03e5784d867e93770560d88150a526250df69077cd3065edbbd4c842098,dfine_native,59340.0,unknown_object,0.3069,700.39,419.88,727.51,450.58,832.5,27.12,30.7,0.883,False,,True,unattributed,5,evt_01-P03_upper_body_0019,b0672f2d390e92fb,pose_hand_context,,2304.0,13.33,,1,01/e1/v1,rtmpose_baseline
corpus_01,01.Candidate was found using a mobile phone in the examination hall..mkv,b842b03e5784d867e93770560d88150a526250df69077cd3065edbbd4c842098,dfine_native,59340.0,unknown_object,0.3942,658.08,405.9,753.98,490.41,8105.2,95.91,84.51,1.135,False,,True,unattributed,5,evt_01-P03_upper_body_0019,b0672f2d390e92fb,pose_hand_context,,2304.0,13.33,,1,01/e1/v1,rtmpose_baseline
corpus_01,01.Candidate was found using a mobile phone in the examination hall..mkv,b842b03e5784d867e93770560d88150a526250df69077cd3065edbbd4c842098,dfine_native,59340.0,unknown_object,0.4038,692.54,420.14,742.61,459.0,1945.8,50.07,38.86,1.288,False,,True,unattributed,5,evt_01-P03_upper_body_0019,b0672f2d390e92fb,pose_hand_context,,2304.0,13.33,,1,01/e1/v1,rtmpose_baseline
corpus_01,01.Candidate was found using a mobile phone in the examination hall..mkv,b842b03e5784d867e93770560d88150a526250df69077cd3065edbbd4c842098,dfine_native,59340.0,unknown_object,0.2788,727.37,395.11,754.0,447.15,1386.2,26.63,52.05,0.512,False,,True,unattributed,5,evt_01-P03_upper_body_0019,b0672f2d390e92fb,pose_hand_context,,2304.0,13.33,,1,01/e1/v1,rtmpose_baseline
corpus_01,01.Candidate was found using a mobile phone in the examination hall..mkv,b842b03e5784d867e93770560d88150a526250df69077cd3065edbbd4c842098,dfine_native,59340.0,unknown_object,0.2685,691.59,426.95,743.06,487.3,3106.4,51.47,60.35,0.853,False,,True,unattributed,5,evt_01-P03_upper_body_0019,b0672f2d390e92fb,pose_hand_context,,2304.0,13.33,,1,01/e1/v1,rtmpose_baseline
corpus_01,01.Candidate was found using a mobile phone in the examination hall..mkv,b842b03e5784d867e93770560d88150a526250df69077cd3065edbbd4c842098,dfine_native,59340.0,unknown_object,0.4141,692.57,419.52,728.36,457.94,1375.0,35.79,38.41,0.932,False,,True,unattributed,5,evt_01-P03_upper_body_0019,b0672f2d390e92fb,pose_hand_context,,2304.0,13.33,,1,01/e1/v1,rtmpose_baseline
corpus_01,01.Candidate was found using a mobile phone in the examination hall..mkv,b842b03e5784d867e93770560d88150a526250df69077cd3065edbbd4c842098,dfine_native,59340.0,unknown_object,0.497,691.02,420.18,743.94,487.59,3567.1,52.92,67.41,0.785,False,,True,unattributed,5,evt_01-P03_upper_body_0019,b0672f2d390e92fb,pose_hand_context,,2304.0,13.33,,1,01/e1/v1,rtmpose_baseline
corpus_01,01.Candidate was found using a mobile phone in the examination hall..mkv,b842b03e5784d867e93770560d88150a526250df69077cd3065edbbd4c842098,dfine_native,59340.0,unknown_object,0.4567,659.5,395.05,744.4,488.09,7899.2,84.9,93.04,0.913,False,,True,unattributed,5,evt_01-P03_upper_body_0019,b0672f2d390e92fb,pose_hand_context,,2304.0,13.33,,1,01/e1/v1,rtmpose_baseline
corpus_01,01.Candidate was found using a mobile phone in the examination hall..mkv,b842b03e5784d867e93770560d88150a526250df69077cd3065edbbd4c842098,dfine_native,59340.0,unknown_object,0.356,658.07,406.08,743.07,490.31,7159.7,85.0,84.23,1.009,False,,True,unattributed,5,evt_01-P03_upper_body_0019,b0672f2d390e92fb,pose_hand_context,,2304.0,13.33,,1,01/e1/v1,rtmpose_baseline
corpus_01,01.Candidate was found using a mobile phone in the examination hall..mkv,b842b03e5784d867e93770560d88150a526250df69077cd3065edbbd4c842098,dfine_native,59340.0,unknown_object,0.2573,702.08,419.78,727.4,440.7,529.7,25.32,20.92,1.21,False,,True,unattributed,5,evt_01-P03_upper_body_0019,b0672f2d390e92fb,pose_hand_context,,2304.0,13.33,,1,01/e1/v1,rtmpose_baseline
corpus_01,01.Candidate was found using a mobile phone in the examination hall..mkv,b842b03e5784d867e93770560d88150a526250df69077cd3065edbbd4c842098,dfine_native,59340.0,phone,0.427,995.76,460.07,1031.65,530.76,2536.7,35.88,70.69,0.508,False,,True,unattributed,6,evt_01-P03_upper_body_0019,b712ac46cdf1b522,native_source_context_fallback,no_pose_observation,16501.2,3.71,,1,01/e1/v1,
corpus_01,01.Candidate was found using a mobile phone in the examination hall..mkv,b842b03e5784d867e93770560d88150a526250df69077cd3065edbbd4c842098,dfine_native,59340.0,phone,0.4797,999.87,479.77,1031.4,530.61,1602.8,31.52,50.84,0.62,False,,True,unattributed,6,evt_01-P03_upper_body_0019,b712ac46cdf1b522,native_source_context_fallback,no_pose_observation,16501.2,3.71,,1,01/e1/v1,
corpus_01,01.Candidate was found using a mobile phone in the examination hall..mkv,b842b03e5784d867e93770560d88150a526250df69077cd3065edbbd4c842098,dfine_native,59340.0,unknown_object,0.3921,993.14,588.35,1049.93,631.84,2469.7,56.79,43.49,1.306,False,,True,unattributed,6,evt_01-P03_upper_body_0019,b712ac46cdf1b522,native_source_context_fallback,no_pose_observation,16501.2,3.71,,1,01/e1/v1,
corpus_01,01.Candidate was found using a mobile phone in the examination hall..mkv,b842b03e5784d867e93770560d88150a526250df69077cd3065edbbd4c842098,dfine_native,59340.0,phone,0.536,1015.39,505.99,1031.46,530.58,395.3,16.07,24.59,0.654,False,,True,unattributed,6,evt_01-P03_upper_body_0019,b712ac46cdf1b522,native_source_context_fallback,no_pose_observation,16501.2,3.71,,1,01/e1/v1,
corpus_01,01.Candidate was found using a mobile phone in the examination hall..mkv,b842b03e5784d867e93770560d88150a526250df69077cd3065edbbd4c842098,dfine_native,59340.0,phone,0.4135,1004.37,506.1,1031.5,530.62,665.4,27.14,24.52,1.107,False,,True,unattributed,6,evt_01-P03_upper_body_0019,b712ac46cdf1b522,native_source_context_fallback,no_pose_observation,16501.2,3.71,,1,01/e1/v1,
corpus_01,01.Candidate was found using a mobile phone in the examination hall..mkv,b842b03e5784d867e93770560d88150a526250df69077cd3065edbbd4c842098,dfine_native,59340.0,unknown_object,0.4037,1002.21,560.37,1049.94,620.25,2857.7,47.72,59.88,0.797,False,,True,unattributed,6,evt_01-P03_upper_body_0019,b712ac46cdf1b522,native_source_context_fallback,no_pose_observation,16501.2,3.71,,1,01/e1/v1,
corpus_01,01.Candidate was found using a mobile phone in the examination hall..mkv,b842b03e5784d867e93770560d88150a526250df69077cd3065edbbd4c842098,dfine_native,59340.0,unknown_object,0.3414,1011.81,583.46,1049.89,610.86,1043.7,38.08,27.41,1.39,False,,True,unattributed,6,evt_01-P03_upper_body_0019,b712ac46cdf1b522,native_source_context_fallback,no_pose_observation,16501.2,3.71,,1,01/e1/v1,
corpus_01,01.Candidate was found using a mobile phone in the examination hall..mkv,b842b03e5784d867e93770560d88150a526250df69077cd3065edbbd4c842098,dfine_native,59340.0,unknown_object,0.4206,993.08,560.4,1049.97,631.46,4042.4,56.89,71.06,0.801,False,,True,unattributed,6,evt_01-P03_upper_body_0019,b712ac46cdf1b522,native_source_context_fallback,no_pose_observation,16501.2,3.71,,1,01/e1/v1,
corpus_01,01.Candidate was found using a mobile phone in the examination hall..mkv,b842b03e5784d867e93770560d88150a526250df69077cd3065edbbd4c842098,dfine_native,59340.0,phone,0.2684,995.93,460.08,1030.51,484.33,838.8,34.58,24.26,1.426,False,,True,unattributed,6,evt_01-P03_upper_body_0019,b712ac46cdf1b522,native_source_context_fallback,no_pose_observation,16501.2,3.71,,1,01/e1/v1,
corpus_01,01.Candidate was found using a mobile phone in the examination hall..mkv,b842b03e5784d867e93770560d88150a526250df69077cd3065edbbd4c842098,dfine_native,59340.0,phone,0.2889,1004.15,507.1,1016.8,528.28,267.9,12.65,21.18,0.597,False,,True,unattributed,6,evt_01-P03_upper_body_0019,b712ac46cdf1b522,native_source_context_fallback,no_pose_observation,16501.2,3.71,,1,01/e1/v1,
corpus_01,01.Candidate was found using a mobile phone in the examination hall..mkv,b842b03e5784d867e93770560d88150a526250df69077cd3065edbbd4c842098,dfine_native,59340.0,unknown_object,0.2623,980.72,560.26,1049.88,631.84,4950.1,69.16,71.58,0.966,False,,True,unattributed,6,evt_01-P03_upper_body_0019,b712ac46cdf1b522,native_source_context_fallback,no_pose_observation,16501.2,3.71,,1,01/e1/v1,
corpus_01,01.Candidate was found using a mobile phone in the examination hall..mkv,b842b03e5784d867e93770560d88150a526250df69077cd3065edbbd4c842098,dfine_native,59340.0,unknown_object,0.6446,699.32,496.2,756.25,584.92,5050.7,56.93,88.72,0.642,False,,True,unattributed,4,evt_01-P03_upper_body_0019,c0e51b55825e8c7c,pose_hand_context,,56116.9,2.55,,1,01/e1/v1,rtmpose_baseline
corpus_01,01.Candidate was found using a mobile phone in the examination hall..mkv,b842b03e5784d867e93770560d88150a526250df69077cd3065edbbd4c842098,dfine_native,59340.0,unknown_object,0.6433,666.01,576.32,700.74,645.35,2397.7,34.73,69.03,0.503,False,,True,unattributed,4,evt_01-P03_upper_body_0019,c0e51b55825e8c7c,pose_hand_context,,56116.9,2.55,,1,01/e1/v1,rtmpose_baseline
corpus_01,01.Candidate was found using a mobile phone in the examination hall..mkv,b842b03e5784d867e93770560d88150a526250df69077cd3065edbbd4c842098,dfine_native,59340.0,unknown_object,0.3877,698.86,496.04,791.49,585.11,8250.7,92.63,89.07,1.04,False,,True,unattributed,4,evt_01-P03_upper_body_0019,c0e51b55825e8c7c,pose_hand_context,,56116.9,2.55,,1,01/e1/v1,rtmpose_baseline
corpus_01,01.Candidate was found using a mobile phone in the examination hall..mkv,b842b03e5784d867e93770560d88150a526250df69077cd3065edbbd4c842098,dfine_native,59340.0,bag,0.3673,726.91,699.93,789.04,719.63,1224.2,62.13,19.7,3.153,False,,True,unattributed,4,evt_01-P03_upper_body_0019,c0e51b55825e8c7c,pose_hand_context,,56116.9,2.55,,1,01/e1/v1,rtmpose_baseline
corpus_01,01.Candidate was found using a mobile phone in the examination hall..mkv,b842b03e5784d867e93770560d88150a526250df69077cd3065edbbd4c842098,dfine_native,59340.0,unknown_object,0.4076,666.02,498.85,701.03,645.31,5126.8,35.0,146.47,0.239,False,,True,unattributed,4,evt_01-P03_upper_body_0019,c0e51b55825e8c7c,pose_hand_context,,56116.9,2.55,,1,01/e1/v1,rtmpose_baseline
corpus_01,01.Candidate was found using a mobile phone in the examination hall..mkv,b842b03e5784d867e93770560d88150a526250df69077cd3065edbbd4c842098,dfine_native,59340.0,unknown_object,0.2692,681.14,495.77,756.78,585.06,6753.7,75.64,89.29,0.847,False,,True,unattributed,4,evt_01-P03_upper_body_0019,c0e51b55825e8c7c,pose_hand_context,,56116.9,2.55,,1,01/e1/v1,rtmpose_baseline
corpus_01,01.Candidate was found using a mobile phone in the examination hall..mkv,b842b03e5784d867e93770560d88150a526250df69077cd3065edbbd4c842098,dfine_native,59340.0,unknown_object,0.3119,686.34,495.95,795.1,585.22,9709.3,108.76,89.27,1.218,False,,True,unattributed,4,evt_01-P03_upper_body_0019,c0e51b55825e8c7c,pose_hand_context,,56116.9,2.55,,1,01/e1/v1,rtmpose_baseline
corpus_01,01.Candidate was found using a mobile phone in the examination hall..mkv,b842b03e5784d867e93770560d88150a526250df69077cd3065edbbd4c842098,dfine_native,59340.0,phone,0.284,812.98,653.96,825.25,667.61,167.5,12.27,13.65,0.899,False,,True,unattributed,4,evt_01-P03_upper_body_0019,c0e51b55825e8c7c,pose_hand_context,,56116.9,2.55,,1,01/e1/v1,rtmpose_baseline
corpus_01,01.Candidate was found using a mobile phone in the examination hall..mkv,b842b03e5784d867e93770560d88150a526250df69077cd3065edbbd4c842098,dfine_native,59340.0,unknown_object,0.2547,667.86,495.73,755.95,584.99,7863.3,88.1,89.26,0.987,False,,True,unattributed,4,evt_01-P03_upper_body_0019,c0e51b55825e8c7c,pose_hand_context,,56116.9,2.55,,1,01/e1/v1,rtmpose_baseline
corpus_01,01.Candidate was found using a mobile phone in the examination hall..mkv,b842b03e5784d867e93770560d88150a526250df69077cd3065edbbd4c842098,dfine_native,59340.0,unknown_object,0.2892,680.6,495.82,794.62,584.97,10164.6,114.02,89.15,1.279,False,,True,unattributed,4,evt_01-P03_upper_body_0019,c0e51b55825e8c7c,pose_hand_context,,56116.9,2.55,,1,01/e1/v1,rtmpose_baseline
corpus_01,01.Candidate was found using a mobile phone in the examination hall..mkv,b842b03e5784d867e93770560d88150a526250df69077cd3065edbbd4c842098,dfine_native,59340.0,unknown_object,0.3188,665.94,496.13,753.78,645.26,13099.0,87.83,149.13,0.589,False,,True,unattributed,4,evt_01-P03_upper_body_0019,c0e51b55825e8c7c,pose_hand_context,,56116.9,2.55,,1,01/e1/v1,rtmpose_baseline
corpus_01,01.Candidate was found using a mobile phone in the examination hall..mkv,b842b03e5784d867e93770560d88150a526250df69077cd3065edbbd4c842098,dfine_native,59340.0,monitor_or_bezel,0.8766,979.92,588.75,1051.12,713.22,8863.0,71.21,124.47,0.572,False,,True,unattributed,7,evt_01-P03_upper_body_0019,dc1f3a61f7162519,native_source_context_fallback,no_pose_observation,35139.1,2.52,,1,01/e1/v1,
corpus_01,01.Candidate was found using a mobile phone in the examination hall..mkv,b842b03e5784d867e93770560d88150a526250df69077cd3065edbbd4c842098,dfine_native,59340.0,phone,0.6875,1015.25,505.93,1031.19,530.45,390.8,15.94,24.52,0.65,False,,True,unattributed,7,evt_01-P03_upper_body_0019,dc1f3a61f7162519,native_source_context_fallback,no_pose_observation,35139.1,2.52,,1,01/e1/v1,
corpus_01,01.Candidate was found using a mobile phone in the examination hall..mkv,b842b03e5784d867e93770560d88150a526250df69077cd3065edbbd4c842098,dfine_native,59340.0,monitor_or_bezel,0.3105,980.17,656.85,1051.1,713.6,4025.0,70.93,56.75,1.25,False,,True,unattributed,7,evt_01-P03_upper_body_0019,dc1f3a61f7162519,native_source_context_fallback,no_pose_observation,35139.1,2.52,,1,01/e1/v1,
corpus_01,01.Candidate was found using a mobile phone in the examination hall..mkv,b842b03e5784d867e93770560d88150a526250df69077cd3065edbbd4c842098,dfine_native,59340.0,unknown_object,0.4674,1002.31,560.31,1051.1,620.3,2926.7,48.79,59.99,0.813,False,,True,unattributed,7,evt_01-P03_upper_body_0019,dc1f3a61f7162519,native_source_context_fallback,no_pose_observation,35139.1,2.52,,1,01/e1/v1,
corpus_01,01.Candidate was found using a mobile phone in the examination hall..mkv,b842b03e5784d867e93770560d88150a526250df69077cd3065edbbd4c842098,dfine_native,59340.0,phone,0.5552,1000.31,480.75,1031.26,530.2,1530.6,30.95,49.45,0.626,False,,True,unattributed,7,evt_01-P03_upper_body_0019,dc1f3a61f7162519,native_source_context_fallback,no_pose_observation,35139.1,2.52,,1,01/e1/v1,
corpus_01,01.Candidate was found using a mobile phone in the examination hall..mkv,b842b03e5784d867e93770560d88150a526250df69077cd3065edbbd4c842098,dfine_native,59340.0,bag,0.3877,914.34,657.9,979.63,703.07,2949.4,65.29,45.17,1.445,False,,True,unattributed,7,evt_01-P03_upper_body_0019,dc1f3a61f7162519,native_source_context_fallback,no_pose_observation,35139.1,2.52,,1,01/e1/v1,
corpus_01,01.Candidate was found using a mobile phone in the examination hall..mkv,b842b03e5784d867e93770560d88150a526250df69077cd3065edbbd4c842098,dfine_native,59340.0,bag,0.3862,913.69,657.68,983.74,713.59,3917.1,70.06,55.91,1.253,False,,True,unattributed,7,evt_01-P03_upper_body_0019,dc1f3a61f7162519,native_source_context_fallback,no_pose_observation,35139.1,2.52,,1,01/e1/v1,
corpus_01,01.Candidate was found using a mobile phone in the examination hall..mkv,b842b03e5784d867e93770560d88150a526250df69077cd3065edbbd4c842098,dfine_native,59820.0,unknown_object,0.5021,656.08,406.32,751.8,490.51,8058.1,95.71,84.19,1.137,False,,True,unattributed,5,evt_01-P06_upper_body_0046,12e3a2971ed0e8a8,pose_hand_context,,2304.0,13.33,,1,01/e1/v1,rtmpose_baseline
corpus_01,01.Candidate was found using a mobile phone in the examination hall..mkv,b842b03e5784d867e93770560d88150a526250df69077cd3065edbbd4c842098,dfine_native,59820.0,unknown_object,0.5959,656.01,406.79,694.45,490.38,3213.1,38.44,83.59,0.46,False,,True,unattributed,5,evt_01-P06_upper_body_0046,12e3a2971ed0e8a8,pose_hand_context,,2304.0,13.33,,1,01/e1/v1,rtmpose_baseline
corpus_01,01.Candidate was found using a mobile phone in the examination hall..mkv,b842b03e5784d867e93770560d88150a526250df69077cd3065edbbd4c842098,dfine_native,59820.0,unknown_object,0.336,691.21,450.71,742.27,487.55,1881.2,51.06,36.84,1.386,False,,True,unattributed,5,evt_01-P06_upper_body_0046,12e3a2971ed0e8a8,pose_hand_context,,2304.0,13.33,,1,01/e1/v1,rtmpose_baseline
corpus_01,01.Candidate was found using a mobile phone in the examination hall..mkv,b842b03e5784d867e93770560d88150a526250df69077cd3065edbbd4c842098,dfine_native,59820.0,unknown_object,0.512,659.74,395.03,735.66,458.37,4808.1,75.92,63.33,1.199,False,,True,unattributed,5,evt_01-P06_upper_body_0046,12e3a2971ed0e8a8,pose_hand_context,,2304.0,13.33,,1,01/e1/v1,rtmpose_baseline
corpus_01,01.Candidate was found using a mobile phone in the examination hall..mkv,b842b03e5784d867e93770560d88150a526250df69077cd3065edbbd4c842098,dfine_native,59820.0,unknown_object,0.3044,715.15,425.21,742.68,453.82,787.8,27.53,28.62,0.962,False,,True,unattributed,5,evt_01-P06_upper_body_0046,12e3a2971ed0e8a8,pose_hand_context,,2304.0,13.33,,1,01/e1/v1,rtmpose_baseline
corpus_01,01.Candidate was found using a mobile phone in the examination hall..mkv,b842b03e5784d867e93770560d88150a526250df69077cd3065edbbd4c842098,dfine_native,59820.0,unknown_object,0.312,727.36,395.14,752.0,447.06,1279.2,24.64,51.92,0.474,False,,True,unattributed,5,evt_01-P06_upper_body_0046,12e3a2971ed0e8a8,pose_hand_context,,2304.0,13.33,,1,01/e1/v1,rtmpose_baseline
corpus_01,01.Candidate was found using a mobile phone in the examination hall..mkv,b842b03e5784d867e93770560d88150a526250df69077cd3065edbbd4c842098,dfine_native,59820.0,unknown_object,0.3721,692.76,420.74,743.15,459.46,1950.8,50.39,38.72,1.301,False,,True,unattributed,5,evt_01-P06_upper_body_0046,12e3a2971ed0e8a8,pose_hand_context,,2304.0,13.33,,1,01/e1/v1,rtmpose_baseline
corpus_01,01.Candidate was found using a mobile phone in the examination hall..mkv,b842b03e5784d867e93770560d88150a526250df69077cd3065edbbd4c842098,dfine_native,59820.0,unknown_object,0.3415,691.29,426.62,743.17,487.39,3153.3,51.89,60.77,0.854,False,,True,unattributed,5,evt_01-P06_upper_body_0046,12e3a2971ed0e8a8,pose_hand_context,,2304.0,13.33,,1,01/e1/v1,rtmpose_baseline
corpus_01,01.Candidate was found using a mobile phone in the examination hall..mkv,b842b03e5784d867e93770560d88150a526250df69077cd3065edbbd4c842098,dfine_native,59820.0,unknown_object,0.3332,700.43,419.92,727.11,451.58,844.9,26.69,31.66,0.843,False,,True,unattributed,5,evt_01-P06_upper_body_0046,12e3a2971ed0e8a8,pose_hand_context,,2304.0,13.33,,1,01/e1/v1,rtmpose_baseline
corpus_01,01.Candidate was found using a mobile phone in the examination hall..mkv,b842b03e5784d867e93770560d88150a526250df69077cd3065edbbd4c842098,dfine_native,59820.0,unknown_object,0.2683,691.12,415.14,743.68,487.48,3802.2,52.56,72.34,0.727,False,,True,unattributed,5,evt_01-P06_upper_body_0046,12e3a2971ed0e8a8,pose_hand_context,,2304.0,13.33,,1,01/e1/v1,rtmpose_baseline
corpus_01,01.Candidate was found using a mobile phone in the examination hall..mkv,b842b03e5784d867e93770560d88150a526250df69077cd3065edbbd4c842098,dfine_native,59820.0,unknown_object,0.2536,659.39,395.05,743.98,458.97,5407.5,84.6,63.92,1.323,False,,True,unattributed,5,evt_01-P06_upper_body_0046,12e3a2971ed0e8a8,pose_hand_context,,2304.0,13.33,,1,01/e1/v1,rtmpose_baseline
corpus_01,01.Candidate was found using a mobile phone in the examination hall..mkv,b842b03e5784d867e93770560d88150a526250df69077cd3065edbbd4c842098,dfine_native,59820.0,unknown_object,0.4504,659.63,395.04,744.06,487.21,7781.7,84.43,92.16,0.916,False,,True,unattributed,5,evt_01-P06_upper_body_0046,12e3a2971ed0e8a8,pose_hand_context,,2304.0,13.33,,1,01/e1/v1,rtmpose_baseline
corpus_01,01.Candidate was found using a mobile phone in the examination hall..mkv,b842b03e5784d867e93770560d88150a526250df69077cd3065edbbd4c842098,dfine_native,59820.0,unknown_object,0.2559,691.56,405.67,733.25,458.37,2196.9,41.69,52.7,0.791,False,,True,unattributed,5,evt_01-P06_upper_body_0046,12e3a2971ed0e8a8,pose_hand_context,,2304.0,13.33,,1,01/e1/v1,rtmpose_baseline
corpus_01,01.Candidate was found using a mobile phone in the examination hall..mkv,b842b03e5784d867e93770560d88150a526250df69077cd3065edbbd4c842098,dfine_native,59820.0,unknown_object,0.3307,700.74,419.81,727.09,442.06,586.1,26.34,22.25,1.184,False,,True,unattributed,5,evt_01-P06_upper_body_0046,12e3a2971ed0e8a8,pose_hand_context,,2304.0,13.33,,1,01/e1/v1,rtmpose_baseline
corpus_01,01.Candidate was found using a mobile phone in the examination hall..mkv,b842b03e5784d867e93770560d88150a526250df69077cd3065edbbd4c842098,dfine_native,59820.0,unknown_object,0.3612,656.08,406.3,742.53,490.04,7239.4,86.45,83.74,1.032,False,,True,unattributed,5,evt_01-P06_upper_body_0046,12e3a2971ed0e8a8,pose_hand_context,,2304.0,13.33,,1,01/e1/v1,rtmpose_baseline
corpus_01,01.Candidate was found using a mobile phone in the examination hall..mkv,b842b03e5784d867e93770560d88150a526250df69077cd3065edbbd4c842098,dfine_native,59820.0,unknown_object,0.3713,692.55,419.79,727.46,458.48,1350.3,34.9,38.69,0.902,False,,True,unattributed,5,evt_01-P06_upper_body_0046,12e3a2971ed0e8a8,pose_hand_context,,2304.0,13.33,,1,01/e1/v1,rtmpose_baseline
corpus_01,01.Candidate was found using a mobile phone in the examination hall..mkv,b842b03e5784d867e93770560d88150a526250df69077cd3065edbbd4c842098,dfine_native,59820.0,unknown_object,0.6717,698.75,495.29,757.68,585.18,5297.8,58.94,89.89,0.656,False,,True,unattributed,4,evt_01-P06_upper_body_0046,76e715022a2634d7,pose_hand_context,,56105.4,2.56,,1,01/e1/v1,rtmpose_baseline
corpus_01,01.Candidate was found using a mobile phone in the examination hall..mkv,b842b03e5784d867e93770560d88150a526250df69077cd3065edbbd4c842098,dfine_native,59820.0,unknown_object,0.6383,665.02,575.78,700.78,645.44,2490.9,35.76,69.66,0.513,False,,True,unattributed,4,evt_01-P06_upper_body_0046,76e715022a2634d7,pose_hand_context,,56105.4,2.56,,1,01/e1/v1,rtmpose_baseline
corpus_01,01.Candidate was found using a mobile phone in the examination hall..mkv,b842b03e5784d867e93770560d88150a526250df69077cd3065edbbd4c842098,dfine_native,59820.0,bag,0.3958,726.96,700.15,788.64,719.73,1207.9,61.68,19.58,3.15,False,,True,unattributed,4,evt_01-P06_upper_body_0046,76e715022a2634d7,pose_hand_context,,56105.4,2.56,,1,01/e1/v1,rtmpose_baseline
corpus_01,01.Candidate was found using a mobile phone in the examination hall..mkv,b842b03e5784d867e93770560d88150a526250df69077cd3065edbbd4c842098,dfine_native,59820.0,unknown_object,0.4142,696.13,495.21,795.58,585.46,8974.8,99.45,90.24,1.102,False,,True,unattributed,4,evt_01-P06_upper_body_0046,76e715022a2634d7,pose_hand_context,,56105.4,2.56,,1,01/e1/v1,rtmpose_baseline
corpus_01,01.Candidate was found using a mobile phone in the examination hall..mkv,b842b03e5784d867e93770560d88150a526250df69077cd3065edbbd4c842098,dfine_native,59820.0,unknown_object,0.2546,664.99,538.31,700.87,645.37,3841.6,35.88,107.06,0.335,False,,True,unattributed,4,evt_01-P06_upper_body_0046,76e715022a2634d7,pose_hand_context,,56105.4,2.56,,1,01/e1/v1,rtmpose_baseline
corpus_01,01.Candidate was found using a mobile phone in the examination hall..mkv,b842b03e5784d867e93770560d88150a526250df69077cd3065edbbd4c842098,dfine_native,59820.0,unknown_object,0.4285,665.02,497.93,701.02,645.39,5309.5,36.01,147.46,0.244,False,,True,unattributed,4,evt_01-P06_upper_body_0046,76e715022a2634d7,pose_hand_context,,56105.4,2.56,,1,01/e1/v1,rtmpose_baseline
corpus_01,01.Candidate was found using a mobile phone in the examination hall..mkv,b842b03e5784d867e93770560d88150a526250df69077cd3065edbbd4c842098,dfine_native,59820.0,unknown_object,0.309,683.32,495.03,795.34,585.37,10120.4,112.02,90.35,1.24,False,,True,unattributed,4,evt_01-P06_upper_body_0046,76e715022a2634d7,pose_hand_context,,56105.4,2.56,,1,01/e1/v1,rtmpose_baseline
corpus_01,01.Candidate was found using a mobile phone in the examination hall..mkv,b842b03e5784d867e93770560d88150a526250df69077cd3065edbbd4c842098,dfine_native,59820.0,unknown_object,0.329,664.98,495.37,758.13,645.41,13976.1,93.15,150.04,0.621,False,,True,unattributed,4,evt_01-P06_upper_body_0046,76e715022a2634d7,pose_hand_context,,56105.4,2.56,,1,01/e1/v1,rtmpose_baseline
corpus_01,01.Candidate was found using a mobile phone in the examination hall..mkv,b842b03e5784d867e93770560d88150a526250df69077cd3065edbbd4c842098,dfine_native,59820.0,unknown_object,0.351,1015.48,492.23,1033.41,530.75,690.6,17.93,38.52,0.465,False,,True,unattributed,6,evt_01-P06_upper_body_0046,c5516ffd0ba2dfe8,pose_hand_context,,7708.8,7.29,,1,01/e1/v1,rtmpose_baseline
corpus_01,01.Candidate was found using a mobile phone in the examination hall..mkv,b842b03e5784d867e93770560d88150a526250df69077cd3065edbbd4c842098,dfine_native,59820.0,unknown_object,0.5837,1015.25,461.44,1043.2,530.94,1942.1,27.95,69.49,0.402,False,,True,unattributed,6,evt_01-P06_upper_body_0046,c5516ffd0ba2dfe8,pose_hand_context,,7708.8,7.29,,1,01/e1/v1,rtmpose_baseline
corpus_01,01.Candidate was found using a mobile phone in the examination hall..mkv,b842b03e5784d867e93770560d88150a526250df69077cd3065edbbd4c842098,dfine_native,59820.0,unknown_object,0.351,1015.48,492.23,1033.41,530.75,690.6,17.93,38.52,0.465,False,,True,unattributed,7,evt_01-P06_upper_body_0046,c5516ffd0ba2dfe8,pose_hand_context,,7708.8,7.29,,1,01/e1/v1,rtmpose_baseline
corpus_01,01.Candidate was found using a mobile phone in the examination hall..mkv,b842b03e5784d867e93770560d88150a526250df69077cd3065edbbd4c842098,dfine_native,59820.0,unknown_object,0.5837,1015.25,461.44,1043.2,530.94,1942.1,27.95,69.49,0.402,False,,True,unattributed,7,evt_01-P06_upper_body_0046,c5516ffd0ba2dfe8,pose_hand_context,,7708.8,7.29,,1,01/e1/v1,rtmpose_baseline
corpus_01,01.Candidate was found using a mobile phone in the examination hall..mkv,b842b03e5784d867e93770560d88150a526250df69077cd3065edbbd4c842098,dfine_native,59860.0,unknown_object,0.5898,1015.19,461.62,1043.11,530.88,1934.0,27.92,69.26,0.403,False,,True,unattributed,6,evt_01-P02_upper_body_0012,03721f82baea14df,pose_hand_context,,8118.0,7.1,,1,01/e1/v1,rtmpose_baseline
corpus_01,01.Candidate was found using a mobile phone in the examination hall..mkv,b842b03e5784d867e93770560d88150a526250df69077cd3065edbbd4c842098,dfine_native,59860.0,unknown_object,0.5898,1015.19,461.62,1043.11,530.88,1934.0,27.92,69.26,0.403,False,,True,unattributed,7,evt_01-P02_upper_body_0012,03721f82baea14df,pose_hand_context,,8118.0,7.1,,1,01/e1/v1,rtmpose_baseline
corpus_01,01.Candidate was found using a mobile phone in the examination hall..mkv,b842b03e5784d867e93770560d88150a526250df69077cd3065edbbd4c842098,dfine_native,59860.0,unknown_object,0.5598,696.46,494.07,795.34,585.44,9034.0,98.88,91.36,1.082,False,,True,unattributed,4,evt_01-P02_upper_body_0012,75550b45ac50a41e,pose_hand_context,,57061.8,2.53,,1,01/e1/v1,rtmpose_baseline
corpus_01,01.Candidate was found using a mobile phone in the examination hall..mkv,b842b03e5784d867e93770560d88150a526250df69077cd3065edbbd4c842098,dfine_native,59860.0,unknown_object,0.5972,699.19,494.1,759.0,585.19,5448.4,59.81,91.09,0.657,False,,True,unattributed,4,evt_01-P02_upper_body_0012,75550b45ac50a41e,pose_hand_context,,57061.8,2.53,,1,01/e1/v1,rtmpose_baseline
corpus_01,01.Candidate was found using a mobile phone in the examination hall..mkv,b842b03e5784d867e93770560d88150a526250df69077cd3065edbbd4c842098,dfine_native,59860.0,unknown_object,0.5018,663.01,495.75,701.05,645.56,5700.0,38.05,149.82,0.254,False,,True,unattributed,4,evt_01-P02_upper_body_0012,75550b45ac50a41e,pose_hand_context,,57061.8,2.53,,1,01/e1/v1,rtmpose_baseline
corpus_01,01.Candidate was found using a mobile phone in the examination hall..mkv,b842b03e5784d867e93770560d88150a526250df69077cd3065edbbd4c842098,dfine_native,59860.0,unknown_object,0.608,663.03,575.72,700.75,645.59,2635.3,37.72,69.87,0.54,False,,True,unattributed,4,evt_01-P02_upper_body_0012,75550b45ac50a41e,pose_hand_context,,57061.8,2.53,,1,01/e1/v1,rtmpose_baseline
corpus_01,01.Candidate was found using a mobile phone in the examination hall..mkv,b842b03e5784d867e93770560d88150a526250df69077cd3065edbbd4c842098,dfine_native,59860.0,bag,0.4129,726.92,700.25,788.97,719.91,1220.0,62.05,19.66,3.156,False,,True,unattributed,4,evt_01-P02_upper_body_0012,75550b45ac50a41e,pose_hand_context,,57061.8,2.53,,1,01/e1/v1,rtmpose_baseline
corpus_01,01.Candidate was found using a mobile phone in the examination hall..mkv,b842b03e5784d867e93770560d88150a526250df69077cd3065edbbd4c842098,dfine_native,59860.0,unknown_object,0.3251,680.91,493.71,795.76,585.5,10542.1,114.85,91.79,1.251,False,,True,unattributed,4,evt_01-P02_upper_body_0012,75550b45ac50a41e,pose_hand_context,,57061.8,2.53,,1,01/e1/v1,rtmpose_baseline
corpus_01,01.Candidate was found using a mobile phone in the examination hall..mkv,b842b03e5784d867e93770560d88150a526250df69077cd3065edbbd4c842098,dfine_native,59860.0,unknown_object,0.2893,684.62,493.95,759.02,585.26,6792.8,74.4,91.3,0.815,False,,True,unattributed,4,evt_01-P02_upper_body_0012,75550b45ac50a41e,pose_hand_context,,57061.8,2.53,,1,01/e1/v1,rtmpose_baseline
corpus_01,01.Candidate was found using a mobile phone in the examination hall..mkv,b842b03e5784d867e93770560d88150a526250df69077cd3065edbbd4c842098,dfine_native,59860.0,unknown_object,0.2905,662.89,494.24,754.47,645.47,13849.1,91.58,151.22,0.606,False,,True,unattributed,4,evt_01-P02_upper_body_0012,75550b45ac50a41e,pose_hand_context,,57061.8,2.53,,1,01/e1/v1,rtmpose_baseline
corpus_01,01.Candidate was found using a mobile phone in the examination hall..mkv,b842b03e5784d867e93770560d88150a526250df69077cd3065edbbd4c842098,dfine_native,59860.0,unknown_object,0.2781,662.96,493.85,793.85,645.52,19852.2,130.89,151.67,0.863,False,,True,unattributed,4,evt_01-P02_upper_body_0012,75550b45ac50a41e,pose_hand_context,,57061.8,2.53,,1,01/e1/v1,rtmpose_baseline
corpus_01,01.Candidate was found using a mobile phone in the examination hall..mkv,b842b03e5784d867e93770560d88150a526250df69077cd3065edbbd4c842098,dfine_native,59860.0,unknown_object,0.6263,651.09,406.75,746.67,495.41,8473.8,95.58,88.66,1.078,False,,True,unattributed,5,evt_01-P02_upper_body_0012,ba666ef4f7b03d81,pose_hand_context,,2304.0,13.33,,1,01/e1/v1,rtmpose_baseline
corpus_01,01.Candidate was found using a mobile phone in the examination hall..mkv,b842b03e5784d867e93770560d88150a526250df69077cd3065edbbd4c842098,dfine_native,59860.0,unknown_object,0.5989,651.02,407.2,694.55,495.33,3836.4,43.53,88.13,0.494,False,,True,unattributed,5,evt_01-P02_upper_body_0012,ba666ef4f7b03d81,pose_hand_context,,2304.0,13.33,,1,01/e1/v1,rtmpose_baseline
corpus_01,01.Candidate was found using a mobile phone in the examination hall..mkv,b842b03e5784d867e93770560d88150a526250df69077cd3065edbbd4c842098,dfine_native,59860.0,unknown_object,0.4328,659.8,400.03,739.23,457.97,4602.2,79.43,57.94,1.371,False,,True,unattributed,5,evt_01-P02_upper_body_0012,ba666ef4f7b03d81,pose_hand_context,,2304.0,13.33,,1,01/e1/v1,rtmpose_baseline
corpus_01,01.Candidate was found using a mobile phone in the examination hall..mkv,b842b03e5784d867e93770560d88150a526250df69077cd3065edbbd4c842098,dfine_native,59860.0,unknown_object,0.331,700.07,419.89,727.12,451.29,849.1,27.04,31.4,0.861,False,,True,unattributed,5,evt_01-P02_upper_body_0012,ba666ef4f7b03d81,pose_hand_context,,2304.0,13.33,,1,01/e1/v1,rtmpose_baseline
corpus_01,01.Candidate was found using a mobile phone in the examination hall..mkv,b842b03e5784d867e93770560d88150a526250df69077cd3065edbbd4c842098,dfine_native,59860.0,unknown_object,0.3165,714.98,425.12,742.31,453.66,780.1,27.33,28.54,0.958,False,,True,unattributed,5,evt_01-P02_upper_body_0012,ba666ef4f7b03d81,pose_hand_context,,2304.0,13.33,,1,01/e1/v1,rtmpose_baseline
corpus_01,01.Candidate was found using a mobile phone in the examination hall..mkv,b842b03e5784d867e93770560d88150a526250df69077cd3065edbbd4c842098,dfine_native,59860.0,unknown_object,0.324,686.36,400.13,734.98,457.8,2804.5,48.63,57.68,0.843,False,,True,unattributed,5,evt_01-P02_upper_body_0012,ba666ef4f7b03d81,pose_hand_context,,2304.0,13.33,,1,01/e1/v1,rtmpose_baseline
corpus_01,01.Candidate was found using a mobile phone in the examination hall..mkv,b842b03e5784d867e93770560d88150a526250df69077cd3065edbbd4c842098,dfine_native,59860.0,unknown_object,0.2741,727.49,400.34,746.99,447.45,918.6,19.5,47.11,0.414,False,,True,unattributed,5,evt_01-P02_upper_body_0012,ba666ef4f7b03d81,pose_hand_context,,2304.0,13.33,,1,01/e1/v1,rtmpose_baseline
corpus_01,01.Candidate was found using a mobile phone in the examination hall..mkv,b842b03e5784d867e93770560d88150a526250df69077cd3065edbbd4c842098,dfine_native,59860.0,unknown_object,0.2605,700.58,419.86,727.1,441.82,582.4,26.52,21.96,1.207,False,,True,unattributed,5,evt_01-P02_upper_body_0012,ba666ef4f7b03d81,pose_hand_context,,2304.0,13.33,,1,01/e1/v1,rtmpose_baseline
corpus_01,01.Candidate was found using a mobile phone in the examination hall..mkv,b842b03e5784d867e93770560d88150a526250df69077cd3065edbbd4c842098,dfine_native,59860.0,unknown_object,0.266,692.84,420.44,742.37,458.75,1897.9,49.54,38.31,1.293,False,,True,unattributed,5,evt_01-P02_upper_body_0012,ba666ef4f7b03d81,pose_hand_context,,2304.0,13.33,,1,01/e1/v1,rtmpose_baseline
corpus_01,01.Candidate was found using a mobile phone in the examination hall..mkv,b842b03e5784d867e93770560d88150a526250df69077cd3065edbbd4c842098,dfine_native,59860.0,unknown_object,0.3764,692.68,419.61,727.44,457.89,1330.7,34.76,38.28,0.908,False,,True,unattributed,5,evt_01-P02_upper_body_0012,ba666ef4f7b03d81,pose_hand_context,,2304.0,13.33,,1,01/e1/v1,rtmpose_baseline
corpus_01,01.Candidate was found using a mobile phone in the examination hall..mkv,b842b03e5784d867e93770560d88150a526250df69077cd3065edbbd4c842098,dfine_native,59860.0,unknown_object,0.2751,691.96,405.88,733.25,457.69,2139.0,41.29,51.81,0.797,False,,True,unattributed,5,evt_01-P02_upper_body_0012,ba666ef4f7b03d81,pose_hand_context,,2304.0,13.33,,1,01/e1/v1,rtmpose_baseline
corpus_01,01.Candidate was found using a mobile phone in the examination hall..mkv,b842b03e5784d867e93770560d88150a526250df69077cd3065edbbd4c842098,dfine_native,59860.0,unknown_object,0.4459,659.31,400.01,743.97,488.06,7454.7,84.67,88.05,0.962,False,,True,unattributed,5,evt_01-P02_upper_body_0012,ba666ef4f7b03d81,pose_hand_context,,2304.0,13.33,,1,01/e1/v1,rtmpose_baseline
corpus_01,01.Candidate was found using a mobile phone in the examination hall..mkv,b842b03e5784d867e93770560d88150a526250df69077cd3065edbbd4c842098,dfine_native,60340.0,unknown_object,0.5315,650.11,406.42,745.09,494.38,8354.6,94.99,87.95,1.08,False,,True,unattributed,5,evt_01-P03_upper_body_0019,0a15c0e5bd864299,pose_hand_context,,2304.0,13.33,,1,01/e1/v1,rtmpose_baseline
corpus_01,01.Candidate was found using a mobile phone in the examination hall..mkv,b842b03e5784d867e93770560d88150a526250df69077cd3065edbbd4c842098,dfine_native,60340.0,unknown_object,0.6457,650.02,406.89,694.41,494.32,3881.4,44.39,87.43,0.508,False,,True,unattributed,5,evt_01-P03_upper_body_0019,0a15c0e5bd864299,pose_hand_context,,2304.0,13.33,,1,01/e1/v1,rtmpose_baseline
corpus_01,01.Candidate was found using a mobile phone in the examination hall..mkv,b842b03e5784d867e93770560d88150a526250df69077cd3065edbbd4c842098,dfine_native,60340.0,unknown_object,0.4482,700.73,420.76,727.57,450.48,797.3,26.83,29.71,0.903,False,,True,unattributed,5,evt_01-P03_upper_body_0019,0a15c0e5bd864299,pose_hand_context,,2304.0,13.33,,1,01/e1/v1,rtmpose_baseline
corpus_01,01.Candidate was found using a mobile phone in the examination hall..mkv,b842b03e5784d867e93770560d88150a526250df69077cd3065edbbd4c842098,dfine_native,60340.0,unknown_object,0.3461,650.07,399.29,745.86,494.37,9108.1,95.79,95.09,1.007,False,,True,unattributed,5,evt_01-P03_upper_body_0019,0a15c0e5bd864299,pose_hand_context,,2304.0,13.33,,1,01/e1/v1,rtmpose_baseline
corpus_01,01.Candidate was found using a mobile phone in the examination hall..mkv,b842b03e5784d867e93770560d88150a526250df69077cd3065edbbd4c842098,dfine_native,60340.0,bag,0.3264,691.31,450.98,741.98,487.79,1865.0,50.67,36.81,1.377,False,,True,unattributed,5,evt_01-P03_upper_body_0019,0a15c0e5bd864299,pose_hand_context,,2304.0,13.33,,1,01/e1/v1,rtmpose_baseline
corpus_01,01.Candidate was found using a mobile phone in the examination hall..mkv,b842b03e5784d867e93770560d88150a526250df69077cd3065edbbd4c842098,dfine_native,60340.0,unknown_object,0.3291,660.06,399.04,740.08,452.74,4297.5,80.02,53.7,1.49,False,,True,unattributed,5,evt_01-P03_upper_body_0019,0a15c0e5bd864299,pose_hand_context,,2304.0,13.33,,1,01/e1/v1,rtmpose_baseline
corpus_01,01.Candidate was found using a mobile phone in the examination hall..mkv,b842b03e5784d867e93770560d88150a526250df69077cd3065edbbd4c842098,dfine_native,60340.0,unknown_object,0.2822,706.12,406.95,733.69,423.73,462.5,27.57,16.78,1.643,False,,True,unattributed,5,evt_01-P03_upper_body_0019,0a15c0e5bd864299,pose_hand_context,,2304.0,13.33,,1,01/e1/v1,rtmpose_baseline
corpus_01,01.Candidate was found using a mobile phone in the examination hall..mkv,b842b03e5784d867e93770560d88150a526250df69077cd3065edbbd4c842098,dfine_native,60340.0,unknown_object,0.2916,688.3,399.13,734.64,451.3,2417.4,46.34,52.17,0.888,False,,True,unattributed,5,evt_01-P03_upper_body_0019,0a15c0e5bd864299,pose_hand_context,,2304.0,13.33,,1,01/e1/v1,rtmpose_baseline
corpus_01,01.Candidate was found using a mobile phone in the examination hall..mkv,b842b03e5784d867e93770560d88150a526250df69077cd3065edbbd4c842098,dfine_native,60340.0,unknown_object,0.2822,727.28,399.18,745.98,447.04,894.9,18.7,47.85,0.391,False,,True,unattributed,5,evt_01-P03_upper_body_0019,0a15c0e5bd864299,pose_hand_context,,2304.0,13.33,,1,01/e1/v1,rtmpose_baseline
corpus_01,01.Candidate was found using a mobile phone in the examination hall..mkv,b842b03e5784d867e93770560d88150a526250df69077cd3065edbbd4c842098,dfine_native,60340.0,unknown_object,0.3115,691.35,422.02,742.96,488.03,3406.5,51.61,66.01,0.782,False,,True,unattributed,5,evt_01-P03_upper_body_0019,0a15c0e5bd864299,pose_hand_context,,2304.0,13.33,,1,01/e1/v1,rtmpose_baseline
corpus_01,01.Candidate was found using a mobile phone in the examination hall..mkv,b842b03e5784d867e93770560d88150a526250df69077cd3065edbbd4c842098,dfine_native,60340.0,unknown_object,0.3542,659.48,399.07,743.55,487.68,7449.0,84.06,88.61,0.949,False,,True,unattributed,5,evt_01-P03_upper_body_0019,0a15c0e5bd864299,pose_hand_context,,2304.0,13.33,,1,01/e1/v1,rtmpose_baseline
corpus_01,01.Candidate was found using a mobile phone in the examination hall..mkv,b842b03e5784d867e93770560d88150a526250df69077cd3065edbbd4c842098,dfine_native,60340.0,unknown_object,0.3259,692.27,399.12,734.28,450.77,2170.3,42.02,51.65,0.813,False,,True,unattributed,5,evt_01-P03_upper_body_0019,0a15c0e5bd864299,pose_hand_context,,2304.0,13.33,,1,01/e1/v1,rtmpose_baseline
corpus_01,01.Candidate was found using a mobile phone in the examination hall..mkv,b842b03e5784d867e93770560d88150a526250df69077cd3065edbbd4c842098,dfine_native,60340.0,unknown_object,0.2515,660.15,399.05,687.87,415.11,445.2,27.73,16.06,1.727,False,,True,unattributed,5,evt_01-P03_upper_body_0019,0a15c0e5bd864299,pose_hand_context,,2304.0,13.33,,1,01/e1/v1,rtmpose_baseline
corpus_01,01.Candidate was found using a mobile phone in the examination hall..mkv,b842b03e5784d867e93770560d88150a526250df69077cd3065edbbd4c842098,dfine_native,60340.0,unknown_object,0.2814,695.0,406.13,733.05,450.72,1696.3,38.04,44.59,0.853,False,,True,unattributed,5,evt_01-P03_upper_body_0019,0a15c0e5bd864299,pose_hand_context,,2304.0,13.33,,1,01/e1/v1,rtmpose_baseline
corpus_01,01.Candidate was found using a mobile phone in the examination hall..mkv,b842b03e5784d867e93770560d88150a526250df69077cd3065edbbd4c842098,dfine_native,60340.0,unknown_object,0.3338,660.25,399.05,734.57,450.41,3816.9,74.32,51.36,1.447,False,,True,unattributed,5,evt_01-P03_upper_body_0019,0a15c0e5bd864299,pose_hand_context,,2304.0,13.33,,1,01/e1/v1,rtmpose_baseline
corpus_01,01.Candidate was found using a mobile phone in the examination hall..mkv,b842b03e5784d867e93770560d88150a526250df69077cd3065edbbd4c842098,dfine_native,60340.0,unknown_object,0.3132,700.98,420.74,727.57,441.61,555.1,26.59,20.88,1.274,False,,True,unattributed,5,evt_01-P03_upper_body_0019,0a15c0e5bd864299,pose_hand_context,,2304.0,13.33,,1,01/e1/v1,rtmpose_baseline
corpus_01,01.Candidate was found using a mobile phone in the examination hall..mkv,b842b03e5784d867e93770560d88150a526250df69077cd3065edbbd4c842098,dfine_native,60340.0,unknown_object,0.2537,700.01,399.03,733.8,450.84,1750.9,33.79,51.81,0.652,False,,True,unattributed,5,evt_01-P03_upper_body_0019,0a15c0e5bd864299,pose_hand_context,,2304.0,13.33,,1,01/e1/v1,rtmpose_baseline
corpus_01,01.Candidate was found using a mobile phone in the examination hall..mkv,b842b03e5784d867e93770560d88150a526250df69077cd3065edbbd4c842098,dfine_native,60340.0,unknown_object,0.2958,684.8,399.1,734.3,450.22,2530.6,49.5,51.13,0.968,False,,True,unattributed,5,evt_01-P03_upper_body_0019,0a15c0e5bd864299,pose_hand_context,,2304.0,13.33,,1,01/e1/v1,rtmpose_baseline
corpus_01,01.Candidate was found using a mobile phone in the examination hall..mkv,b842b03e5784d867e93770560d88150a526250df69077cd3065edbbd4c842098,dfine_native,60340.0,unknown_object,0.2609,659.79,399.06,744.45,452.57,4530.6,84.66,53.51,1.582,False,,True,unattributed,5,evt_01-P03_upper_body_0019,0a15c0e5bd864299,pose_hand_context,,2304.0,13.33,,1,01/e1/v1,rtmpose_baseline
corpus_01,01.Candidate was found using a mobile phone in the examination hall..mkv,b842b03e5784d867e93770560d88150a526250df69077cd3065edbbd4c842098,dfine_native,60340.0,unknown_object,0.3007,659.02,399.08,743.31,487.76,7475.4,84.29,88.69,0.95,False,,True,unattributed,5,evt_01-P03_upper_body_0019,0a15c0e5bd864299,pose_hand_context,,2304.0,13.33,,1,01/e1/v1,rtmpose_baseline
corpus_01,01.Candidate was found using a mobile phone in the examination hall..mkv,b842b03e5784d867e93770560d88150a526250df69077cd3065edbbd4c842098,dfine_native,60340.0,unknown_object,0.3409,650.05,399.12,694.69,494.36,4252.1,44.65,95.24,0.469,False,,True,unattributed,5,evt_01-P03_upper_body_0019,0a15c0e5bd864299,pose_hand_context,,2304.0,13.33,,1,01/e1/v1,rtmpose_baseline
corpus_01,01.Candidate was found using a mobile phone in the examination hall..mkv,b842b03e5784d867e93770560d88150a526250df69077cd3065edbbd4c842098,dfine_native,60340.0,unknown_object,0.6152,693.85,495.13,758.54,585.18,5825.6,64.69,90.05,0.718,False,,True,unattributed,4,evt_01-P03_upper_body_0019,0e6eb70cb5f34406,pose_hand_context,,56343.4,2.55,,1,01/e1/v1,rtmpose_baseline
corpus_01,01.Candidate was found using a mobile phone in the examination hall..mkv,b842b03e5784d867e93770560d88150a526250df69077cd3065edbbd4c842098,dfine_native,60340.0,unknown_object,0.628,665.01,576.35,700.63,645.51,2463.6,35.62,69.16,0.515,False,,True,unattributed,4,evt_01-P03_upper_body_0019,0e6eb70cb5f34406,pose_hand_context,,56343.4,2.55,,1,01/e1/v1,rtmpose_baseline
corpus_01,01.Candidate was found using a mobile phone in the examination hall..mkv,b842b03e5784d867e93770560d88150a526250df69077cd3065edbbd4c842098,dfine_native,60340.0,unknown_object,0.3542,678.57,494.87,759.15,585.34,7291.0,80.59,90.47,0.891,False,,True,unattributed,4,evt_01-P03_upper_body_0019,0e6eb70cb5f34406,pose_hand_context,,56343.4,2.55,,1,01/e1/v1,rtmpose_baseline
corpus_01,01.Candidate was found using a mobile phone in the examination hall..mkv,b842b03e5784d867e93770560d88150a526250df69077cd3065edbbd4c842098,dfine_native,60340.0,unknown_object,0.4124,665.01,498.19,700.83,645.5,5275.8,35.81,147.31,0.243,False,,True,unattributed,4,evt_01-P03_upper_body_0019,0e6eb70cb5f34406,pose_hand_context,,56343.4,2.55,,1,01/e1/v1,rtmpose_baseline
corpus_01,01.Candidate was found using a mobile phone in the examination hall..mkv,b842b03e5784d867e93770560d88150a526250df69077cd3065edbbd4c842098,dfine_native,60340.0,bag,0.4039,727.03,700.58,788.53,719.91,1188.8,61.5,19.33,3.182,False,,True,unattributed,4,evt_01-P03_upper_body_0019,0e6eb70cb5f34406,pose_hand_context,,56343.4,2.55,,1,01/e1/v1,rtmpose_baseline
corpus_01,01.Candidate was found using a mobile phone in the examination hall..mkv,b842b03e5784d867e93770560d88150a526250df69077cd3065edbbd4c842098,dfine_native,60340.0,unknown_object,0.261,664.99,526.48,700.72,645.3,4246.1,35.74,118.81,0.301,False,,True,unattributed,4,evt_01-P03_upper_body_0019,0e6eb70cb5f34406,pose_hand_context,,56343.4,2.55,,1,01/e1/v1,rtmpose_baseline
corpus_01,01.Candidate was found using a mobile phone in the examination hall..mkv,b842b03e5784d867e93770560d88150a526250df69077cd3065edbbd4c842098,dfine_native,60340.0,unknown_object,0.3291,693.57,494.98,784.31,585.39,8203.6,90.74,90.41,1.004,False,,True,unattributed,4,evt_01-P03_upper_body_0019,0e6eb70cb5f34406,pose_hand_context,,56343.4,2.55,,1,01/e1/v1,rtmpose_baseline
corpus_01,01.Candidate was found using a mobile phone in the examination hall..mkv,b842b03e5784d867e93770560d88150a526250df69077cd3065edbbd4c842098,dfine_native,60340.0,unknown_object,0.3153,681.5,494.91,785.05,585.43,9373.5,103.55,90.52,1.144,False,,True,unattributed,4,evt_01-P03_upper_body_0019,0e6eb70cb5f34406,pose_hand_context,,56343.4,2.55,,1,01/e1/v1,rtmpose_baseline
corpus_01,01.Candidate was found using a mobile phone in the examination hall..mkv,b842b03e5784d867e93770560d88150a526250df69077cd3065edbbd4c842098,dfine_native,60340.0,unknown_object,0.3717,666.67,494.78,758.16,585.09,8261.9,91.49,90.31,1.013,False,,True,unattributed,4,evt_01-P03_upper_body_0019,0e6eb70cb5f34406,pose_hand_context,,56343.4,2.55,,1,01/e1/v1,rtmpose_baseline
corpus_01,01.Candidate was found using a mobile phone in the examination hall..mkv,b842b03e5784d867e93770560d88150a526250df69077cd3065edbbd4c842098,dfine_native,60340.0,unknown_object,0.3648,664.9,495.07,758.12,645.4,14012.5,93.21,150.33,0.62,False,,True,unattributed,4,evt_01-P03_upper_body_0019,0e6eb70cb5f34406,pose_hand_context,,56343.4,2.55,,1,01/e1/v1,rtmpose_baseline
corpus_01,01.Candidate was found using a mobile phone in the examination hall..mkv,b842b03e5784d867e93770560d88150a526250df69077cd3065edbbd4c842098,dfine_native,60340.0,stationery,0.3932,998.0,493.83,1036.46,556.41,2407.3,38.46,62.59,0.615,False,,True,unattributed,7,evt_01-P03_upper_body_0019,e32f42d6c4b70339,pose_hand_context,,8508.2,6.94,,1,01/e1/v1,rtmpose_baseline
corpus_01,01.Candidate was found using a mobile phone in the examination hall..mkv,b842b03e5784d867e93770560d88150a526250df69077cd3065edbbd4c842098,dfine_native,60340.0,unknown_object,0.3023,997.12,470.86,1040.65,556.37,3722.4,43.53,85.51,0.509,False,,True,unattributed,7,evt_01-P03_upper_body_0019,e32f42d6c4b70339,pose_hand_context,,8508.2,6.94,,1,01/e1/v1,rtmpose_baseline
corpus_01,01.Candidate was found using a mobile phone in the examination hall..mkv,b842b03e5784d867e93770560d88150a526250df69077cd3065edbbd4c842098,dfine_native,60340.0,unknown_object,0.4214,1021.52,494.27,1035.99,531.86,543.6,14.46,37.58,0.385,False,,True,unattributed,7,evt_01-P03_upper_body_0019,e32f42d6c4b70339,pose_hand_context,,8508.2,6.94,,1,01/e1/v1,rtmpose_baseline
corpus_01,01.Candidate was found using a mobile phone in the examination hall..mkv,b842b03e5784d867e93770560d88150a526250df69077cd3065edbbd4c842098,dfine_native,60340.0,unknown_object,0.2834,1012.04,494.07,1036.01,556.03,1484.9,23.96,61.97,0.387,False,,True,unattributed,7,evt_01-P03_upper_body_0019,e32f42d6c4b70339,pose_hand_context,,8508.2,6.94,,1,01/e1/v1,rtmpose_baseline
corpus_01,01.Candidate was found using a mobile phone in the examination hall..mkv,b842b03e5784d867e93770560d88150a526250df69077cd3065edbbd4c842098,dfine_native,60340.0,stationery,0.3932,998.0,493.83,1036.46,556.41,2407.3,38.46,62.59,0.615,False,,True,unattributed,6,evt_01-P03_upper_body_0019,e32f42d6c4b70339,pose_hand_context,,8508.2,6.94,,1,01/e1/v1,rtmpose_baseline
corpus_01,01.Candidate was found using a mobile phone in the examination hall..mkv,b842b03e5784d867e93770560d88150a526250df69077cd3065edbbd4c842098,dfine_native,60340.0,unknown_object,0.3023,997.12,470.86,1040.65,556.37,3722.4,43.53,85.51,0.509,False,,True,unattributed,6,evt_01-P03_upper_body_0019,e32f42d6c4b70339,pose_hand_context,,8508.2,6.94,,1,01/e1/v1,rtmpose_baseline
corpus_01,01.Candidate was found using a mobile phone in the examination hall..mkv,b842b03e5784d867e93770560d88150a526250df69077cd3065edbbd4c842098,dfine_native,60340.0,unknown_object,0.4214,1021.52,494.27,1035.99,531.86,543.6,14.46,37.58,0.385,False,,True,unattributed,6,evt_01-P03_upper_body_0019,e32f42d6c4b70339,pose_hand_context,,8508.2,6.94,,1,01/e1/v1,rtmpose_baseline
corpus_01,01.Candidate was found using a mobile phone in the examination hall..mkv,b842b03e5784d867e93770560d88150a526250df69077cd3065edbbd4c842098,dfine_native,60340.0,unknown_object,0.2834,1012.04,494.07,1036.01,556.03,1484.9,23.96,61.97,0.387,False,,True,unattributed,6,evt_01-P03_upper_body_0019,e32f42d6c4b70339,pose_hand_context,,8508.2,6.94,,1,01/e1/v1,rtmpose_baseline
corpus_01,01.Candidate was found using a mobile phone in the examination hall..mkv,b842b03e5784d867e93770560d88150a526250df69077cd3065edbbd4c842098,dfine_native,60380.0,unknown_object,0.7067,649.03,407.04,694.43,495.29,4006.9,45.41,88.25,0.515,False,,True,unattributed,5,evt_01-P01_desk_work_surface_0002,3a8d7ab918471617,pose_hand_context,,2304.0,13.33,,1,01/e1/v1,rtmpose_baseline
corpus_01,01.Candidate was found using a mobile phone in the examination hall..mkv,b842b03e5784d867e93770560d88150a526250df69077cd3065edbbd4c842098,dfine_native,60380.0,unknown_object,0.4089,701.64,420.81,727.18,450.44,756.7,25.54,29.63,0.862,False,,True,unattributed,5,evt_01-P01_desk_work_surface_0002,3a8d7ab918471617,pose_hand_context,,2304.0,13.33,,1,01/e1/v1,rtmpose_baseline
corpus_01,01.Candidate was found using a mobile phone in the examination hall..mkv,b842b03e5784d867e93770560d88150a526250df69077cd3065edbbd4c842098,dfine_native,60380.0,unknown_object,0.4862,649.06,406.47,744.49,495.43,8489.5,95.43,88.96,1.073,False,,True,unattributed,5,evt_01-P01_desk_work_surface_0002,3a8d7ab918471617,pose_hand_context,,2304.0,13.33,,1,01/e1/v1,rtmpose_baseline
corpus_01,01.Candidate was found using a mobile phone in the examination hall..mkv,b842b03e5784d867e93770560d88150a526250df69077cd3065edbbd4c842098,dfine_native,60380.0,unknown_object,0.3416,691.44,451.36,742.12,488.24,1869.0,50.68,36.88,1.374,False,,True,unattributed,5,evt_01-P01_desk_work_surface_0002,3a8d7ab918471617,pose_hand_context,,2304.0,13.33,,1,01/e1/v1,rtmpose_baseline
corpus_01,01.Candidate was found using a mobile phone in the examination hall..mkv,b842b03e5784d867e93770560d88150a526250df69077cd3065edbbd4c842098,dfine_native,60380.0,unknown_object,0.2892,702.24,420.82,727.17,441.57,517.0,24.93,20.74,1.202,False,,True,unattributed,5,evt_01-P01_desk_work_surface_0002,3a8d7ab918471617,pose_hand_context,,2304.0,13.33,,1,01/e1/v1,rtmpose_baseline
corpus_01,01.Candidate was found using a mobile phone in the examination hall..mkv,b842b03e5784d867e93770560d88150a526250df69077cd3065edbbd4c842098,dfine_native,60380.0,unknown_object,0.274,659.12,400.04,743.64,458.36,4928.2,84.51,58.31,1.449,False,,True,unattributed,5,evt_01-P01_desk_work_surface_0002,3a8d7ab918471617,pose_hand_context,,2304.0,13.33,,1,01/e1/v1,rtmpose_baseline
corpus_01,01.Candidate was found using a mobile phone in the examination hall..mkv,b842b03e5784d867e93770560d88150a526250df69077cd3065edbbd4c842098,dfine_native,60380.0,unknown_object,0.3179,727.52,400.2,744.99,447.11,819.5,17.47,46.91,0.372,False,,True,unattributed,5,evt_01-P01_desk_work_surface_0002,3a8d7ab918471617,pose_hand_context,,2304.0,13.33,,1,01/e1/v1,rtmpose_baseline
corpus_01,01.Candidate was found using a mobile phone in the examination hall..mkv,b842b03e5784d867e93770560d88150a526250df69077cd3065edbbd4c842098,dfine_native,60380.0,unknown_object,0.2636,702.21,406.93,733.26,441.55,1074.9,31.05,34.62,0.897,False,,True,unattributed,5,evt_01-P01_desk_work_surface_0002,3a8d7ab918471617,pose_hand_context,,2304.0,13.33,,1,01/e1/v1,rtmpose_baseline
corpus_01,01.Candidate was found using a mobile phone in the examination hall..mkv,b842b03e5784d867e93770560d88150a526250df69077cd3065edbbd4c842098,dfine_native,60380.0,unknown_object,0.3455,706.17,407.01,733.72,423.93,466.2,27.55,16.92,1.628,False,,True,unattributed,5,evt_01-P01_desk_work_surface_0002,3a8d7ab918471617,pose_hand_context,,2304.0,13.33,,1,01/e1/v1,rtmpose_baseline
corpus_01,01.Candidate was found using a mobile phone in the examination hall..mkv,b842b03e5784d867e93770560d88150a526250df69077cd3065edbbd4c842098,dfine_native,60380.0,unknown_object,0.2722,649.05,400.25,744.96,495.37,9123.7,95.92,95.12,1.008,False,,True,unattributed,5,evt_01-P01_desk_work_surface_0002,3a8d7ab918471617,pose_hand_context,,2304.0,13.33,,1,01/e1/v1,rtmpose_baseline
corpus_01,01.Candidate was found using a mobile phone in the examination hall..mkv,b842b03e5784d867e93770560d88150a526250df69077cd3065edbbd4c842098,dfine_native,60380.0,unknown_object,0.2696,659.63,400.03,736.99,456.67,4382.3,77.37,56.64,1.366,False,,True,unattributed,5,evt_01-P01_desk_work_surface_0002,3a8d7ab918471617,pose_hand_context,,2304.0,13.33,,1,01/e1/v1,rtmpose_baseline
corpus_01,01.Candidate was found using a mobile phone in the examination hall..mkv,b842b03e5784d867e93770560d88150a526250df69077cd3065edbbd4c842098,dfine_native,60380.0,unknown_object,0.2792,691.45,421.01,743.21,489.02,3520.6,51.76,68.02,0.761,False,,True,unattributed,5,evt_01-P01_desk_work_surface_0002,3a8d7ab918471617,pose_hand_context,,2304.0,13.33,,1,01/e1/v1,rtmpose_baseline
corpus_01,01.Candidate was found using a mobile phone in the examination hall..mkv,b842b03e5784d867e93770560d88150a526250df69077cd3065edbbd4c842098,dfine_native,60380.0,unknown_object,0.2521,659.98,400.03,688.06,414.57,408.4,28.08,14.54,1.931,False,,True,unattributed,5,evt_01-P01_desk_work_surface_0002,3a8d7ab918471617,pose_hand_context,,2304.0,13.33,,1,01/e1/v1,rtmpose_baseline
corpus_01,01.Candidate was found using a mobile phone in the examination hall..mkv,b842b03e5784d867e93770560d88150a526250df69077cd3065edbbd4c842098,dfine_native,60380.0,unknown_object,0.3053,701.16,406.92,732.39,450.72,1368.0,31.23,43.81,0.713,False,,True,unattributed,5,evt_01-P01_desk_work_surface_0002,3a8d7ab918471617,pose_hand_context,,2304.0,13.33,,1,01/e1/v1,rtmpose_baseline
corpus_01,01.Candidate was found using a mobile phone in the examination hall..mkv,b842b03e5784d867e93770560d88150a526250df69077cd3065edbbd4c842098,dfine_native,60380.0,unknown_object,0.2837,700.7,400.18,734.06,450.69,1685.2,33.36,50.51,0.66,False,,True,unattributed,5,evt_01-P01_desk_work_surface_0002,3a8d7ab918471617,pose_hand_context,,2304.0,13.33,,1,01/e1/v1,rtmpose_baseline
corpus_01,01.Candidate was found using a mobile phone in the examination hall..mkv,b842b03e5784d867e93770560d88150a526250df69077cd3065edbbd4c842098,dfine_native,60380.0,unknown_object,0.6366,690.2,491.22,762.44,585.19,6788.8,72.24,93.97,0.769,False,,True,unattributed,4,evt_01-P01_desk_work_surface_0002,7e9468fc339cbcff,pose_hand_context,,57315.8,2.55,,1,01/e1/v1,rtmpose_baseline
corpus_01,01.Candidate was found using a mobile phone in the examination hall..mkv,b842b03e5784d867e93770560d88150a526250df69077cd3065edbbd4c842098,dfine_native,60380.0,unknown_object,0.6107,665.02,576.47,700.61,645.6,2460.5,35.59,69.13,0.515,False,,True,unattributed,4,evt_01-P01_desk_work_surface_0002,7e9468fc339cbcff,pose_hand_context,,57315.8,2.55,,1,01/e1/v1,rtmpose_baseline
corpus_01,01.Candidate was found using a mobile phone in the examination hall..mkv,b842b03e5784d867e93770560d88150a526250df69077cd3065edbbd4c842098,dfine_native,60380.0,bag,0.5387,726.82,700.34,788.8,719.83,1208.2,61.98,19.49,3.18,False,,True,unattributed,4,evt_01-P01_desk_work_surface_0002,7e9468fc339cbcff,pose_hand_context,,57315.8,2.55,,1,01/e1/v1,rtmpose_baseline
corpus_01,01.Candidate was found using a mobile phone in the examination hall..mkv,b842b03e5784d867e93770560d88150a526250df69077cd3065edbbd4c842098,dfine_native,60380.0,unknown_object,0.4601,665.02,493.7,700.8,645.6,5434.7,35.78,151.9,0.236,False,,True,unattributed,4,evt_01-P01_desk_work_surface_0002,7e9468fc339cbcff,pose_hand_context,,57315.8,2.55,,1,01/e1/v1,rtmpose_baseline
corpus_01,01.Candidate was found using a mobile phone in the examination hall..mkv,b842b03e5784d867e93770560d88150a526250df69077cd3065edbbd4c842098,dfine_native,60380.0,unknown_object,0.3732,665.92,491.23,762.35,585.18,9058.7,96.43,93.94,1.026,False,,True,unattributed,4,evt_01-P01_desk_work_surface_0002,7e9468fc339cbcff,pose_hand_context,,57315.8,2.55,,1,01/e1/v1,rtmpose_baseline
corpus_01,01.Candidate was found using a mobile phone in the examination hall..mkv,b842b03e5784d867e93770560d88150a526250df69077cd3065edbbd4c842098,dfine_native,60380.0,unknown_object,0.4012,664.93,491.26,762.57,645.53,15063.3,97.64,154.27,0.633,False,,True,unattributed,4,evt_01-P01_desk_work_surface_0002,7e9468fc339cbcff,pose_hand_context,,57315.8,2.55,,1,01/e1/v1,rtmpose_baseline
corpus_01,01.Candidate was found using a mobile phone in the examination hall..mkv,b842b03e5784d867e93770560d88150a526250df69077cd3065edbbd4c842098,dfine_native,60380.0,phone,0.449,1023.14,496.22,1036.51,531.87,476.8,13.38,35.65,0.375,False,,True,unattributed,6,evt_01-P01_desk_work_surface_0002,d39dee0b45774dbc,pose_hand_context,,10342.9,6.29,,1,01/e1/v1,rtmpose_baseline
corpus_01,01.Candidate was found using a mobile phone in the examination hall..mkv,b842b03e5784d867e93770560d88150a526250df69077cd3065edbbd4c842098,dfine_native,60380.0,phone,0.449,1023.14,496.22,1036.51,531.87,476.8,13.38,35.65,0.375,False,,True,unattributed,7,evt_01-P01_desk_work_surface_0002,d39dee0b45774dbc,pose_hand_context,,10342.9,6.29,,1,01/e1/v1,rtmpose_baseline
corpus_01,01.Candidate was found using a mobile phone in the examination hall..mkv,b842b03e5784d867e93770560d88150a526250df69077cd3065edbbd4c842098,dfine_native,60820.0,unknown_object,0.2654,990.0,448.19,1114.83,572.65,15534.8,124.82,124.45,1.003,False,,True,unattributed,6,evt_01-P06_upper_body_0046,63953a418a82a873,pose_hand_context,,16073.2,5.05,,1,01/e1/v1,rtmpose_baseline
corpus_01,01.Candidate was found using a mobile phone in the examination hall..mkv,b842b03e5784d867e93770560d88150a526250df69077cd3065edbbd4c842098,dfine_native,60820.0,unknown_object,0.4604,1026.69,448.27,1114.85,569.06,10649.2,88.16,120.8,0.73,False,,True,unattributed,6,evt_01-P06_upper_body_0046,63953a418a82a873,pose_hand_context,,16073.2,5.05,,1,01/e1/v1,rtmpose_baseline
corpus_01,01.Candidate was found using a mobile phone in the examination hall..mkv,b842b03e5784d867e93770560d88150a526250df69077cd3065edbbd4c842098,dfine_native,60820.0,unknown_object,0.523,656.12,406.49,745.46,490.31,7488.3,89.34,83.82,1.066,False,,True,unattributed,5,evt_01-P06_upper_body_0046,9568f0a8ec999db0,pose_hand_context,,2304.0,13.33,,1,01/e1/v1,rtmpose_baseline
corpus_01,01.Candidate was found using a mobile phone in the examination hall..mkv,b842b03e5784d867e93770560d88150a526250df69077cd3065edbbd4c842098,dfine_native,60820.0,unknown_object,0.4065,691.21,451.12,742.16,488.03,1880.6,50.95,36.91,1.381,False,,True,unattributed,5,evt_01-P06_upper_body_0046,9568f0a8ec999db0,pose_hand_context,,2304.0,13.33,,1,01/e1/v1,rtmpose_baseline
corpus_01,01.Candidate was found using a mobile phone in the examination hall..mkv,b842b03e5784d867e93770560d88150a526250df69077cd3065edbbd4c842098,dfine_native,60820.0,unknown_object,0.4329,659.48,395.02,736.33,456.25,4706.0,76.85,61.24,1.255,False,,True,unattributed,5,evt_01-P06_upper_body_0046,9568f0a8ec999db0,pose_hand_context,,2304.0,13.33,,1,01/e1/v1,rtmpose_baseline
corpus_01,01.Candidate was found using a mobile phone in the examination hall..mkv,b842b03e5784d867e93770560d88150a526250df69077cd3065edbbd4c842098,dfine_native,60820.0,unknown_object,0.5534,656.01,406.86,694.28,490.4,3197.4,38.28,83.54,0.458,False,,True,unattributed,5,evt_01-P06_upper_body_0046,9568f0a8ec999db0,pose_hand_context,,2304.0,13.33,,1,01/e1/v1,rtmpose_baseline
corpus_01,01.Candidate was found using a mobile phone in the examination hall..mkv,b842b03e5784d867e93770560d88150a526250df69077cd3065edbbd4c842098,dfine_native,60820.0,unknown_object,0.3324,714.65,425.13,741.49,453.02,748.5,26.84,27.89,0.962,False,,True,unattributed,5,evt_01-P06_upper_body_0046,9568f0a8ec999db0,pose_hand_context,,2304.0,13.33,,1,01/e1/v1,rtmpose_baseline
corpus_01,01.Candidate was found using a mobile phone in the examination hall..mkv,b842b03e5784d867e93770560d88150a526250df69077cd3065edbbd4c842098,dfine_native,60820.0,unknown_object,0.4417,701.31,420.29,726.67,450.94,777.3,25.36,30.65,0.827,False,,True,unattributed,5,evt_01-P06_upper_body_0046,9568f0a8ec999db0,pose_hand_context,,2304.0,13.33,,1,01/e1/v1,rtmpose_baseline
corpus_01,01.Candidate was found using a mobile phone in the examination hall..mkv,b842b03e5784d867e93770560d88150a526250df69077cd3065edbbd4c842098,dfine_native,60820.0,unknown_object,0.4469,656.02,406.02,752.02,490.54,8113.7,95.99,84.52,1.136,False,,True,unattributed,5,evt_01-P06_upper_body_0046,9568f0a8ec999db0,pose_hand_context,,2304.0,13.33,,1,01/e1/v1,rtmpose_baseline
corpus_01,01.Candidate was found using a mobile phone in the examination hall..mkv,b842b03e5784d867e93770560d88150a526250df69077cd3065edbbd4c842098,dfine_native,60820.0,unknown_object,0.2835,702.94,437.08,717.37,451.25,204.5,14.44,14.17,1.019,False,,True,unattributed,5,evt_01-P06_upper_body_0046,9568f0a8ec999db0,pose_hand_context,,2304.0,13.33,,1,01/e1/v1,rtmpose_baseline
corpus_01,01.Candidate was found using a mobile phone in the examination hall..mkv,b842b03e5784d867e93770560d88150a526250df69077cd3065edbbd4c842098,dfine_native,60820.0,unknown_object,0.2737,701.49,422.04,741.31,453.52,1253.5,39.81,31.49,1.264,False,,True,unattributed,5,evt_01-P06_upper_body_0046,9568f0a8ec999db0,pose_hand_context,,2304.0,13.33,,1,01/e1/v1,rtmpose_baseline
corpus_01,01.Candidate was found using a mobile phone in the examination hall..mkv,b842b03e5784d867e93770560d88150a526250df69077cd3065edbbd4c842098,dfine_native,60820.0,unknown_object,0.3227,659.03,395.09,743.64,483.96,7518.7,84.61,88.86,0.952,False,,True,unattributed,5,evt_01-P06_upper_body_0046,9568f0a8ec999db0,pose_hand_context,,2304.0,13.33,,1,01/e1/v1,rtmpose_baseline
corpus_01,01.Candidate was found using a mobile phone in the examination hall..mkv,b842b03e5784d867e93770560d88150a526250df69077cd3065edbbd4c842098,dfine_native,60820.0,unknown_object,0.2862,701.84,420.37,726.5,441.39,518.5,24.66,21.03,1.173,False,,True,unattributed,5,evt_01-P06_upper_body_0046,9568f0a8ec999db0,pose_hand_context,,2304.0,13.33,,1,01/e1/v1,rtmpose_baseline
corpus_01,01.Candidate was found using a mobile phone in the examination hall..mkv,b842b03e5784d867e93770560d88150a526250df69077cd3065edbbd4c842098,dfine_native,60820.0,unknown_object,0.3045,700.73,405.92,729.87,450.98,1313.2,29.15,45.06,0.647,False,,True,unattributed,5,evt_01-P06_upper_body_0046,9568f0a8ec999db0,pose_hand_context,,2304.0,13.33,,1,01/e1/v1,rtmpose_baseline
corpus_01,01.Candidate was found using a mobile phone in the examination hall..mkv,b842b03e5784d867e93770560d88150a526250df69077cd3065edbbd4c842098,dfine_native,60820.0,unknown_object,0.2524,727.49,395.19,752.0,446.77,1264.1,24.51,51.58,0.475,False,,True,unattributed,5,evt_01-P06_upper_body_0046,9568f0a8ec999db0,pose_hand_context,,2304.0,13.33,,1,01/e1/v1,rtmpose_baseline
corpus_01,01.Candidate was found using a mobile phone in the examination hall..mkv,b842b03e5784d867e93770560d88150a526250df69077cd3065edbbd4c842098,dfine_native,60820.0,unknown_object,0.268,706.05,405.88,733.9,423.91,502.3,27.85,18.03,1.544,False,,True,unattributed,5,evt_01-P06_upper_body_0046,9568f0a8ec999db0,pose_hand_context,,2304.0,13.33,,1,01/e1/v1,rtmpose_baseline
corpus_01,01.Candidate was found using a mobile phone in the examination hall..mkv,b842b03e5784d867e93770560d88150a526250df69077cd3065edbbd4c842098,dfine_native,60820.0,unknown_object,0.3086,659.49,395.01,745.29,487.75,7957.5,85.81,92.74,0.925,False,,True,unattributed,5,evt_01-P06_upper_body_0046,9568f0a8ec999db0,pose_hand_context,,2304.0,13.33,,1,01/e1/v1,rtmpose_baseline
corpus_01,01.Candidate was found using a mobile phone in the examination hall..mkv,b842b03e5784d867e93770560d88150a526250df69077cd3065edbbd4c842098,dfine_native,60820.0,unknown_object,0.3675,690.96,406.34,743.05,487.8,4243.2,52.09,81.46,0.639,False,,True,unattributed,5,evt_01-P06_upper_body_0046,9568f0a8ec999db0,pose_hand_context,,2304.0,13.33,,1,01/e1/v1,rtmpose_baseline
corpus_01,01.Candidate was found using a mobile phone in the examination hall..mkv,b842b03e5784d867e93770560d88150a526250df69077cd3065edbbd4c842098,dfine_native,60820.0,unknown_object,0.4515,691.26,421.51,742.93,487.76,3423.5,51.67,66.26,0.78,False,,True,unattributed,5,evt_01-P06_upper_body_0046,9568f0a8ec999db0,pose_hand_context,,2304.0,13.33,,1,01/e1/v1,rtmpose_baseline
corpus_01,01.Candidate was found using a mobile phone in the examination hall..mkv,b842b03e5784d867e93770560d88150a526250df69077cd3065edbbd4c842098,dfine_native,60820.0,unknown_object,0.2503,683.03,395.14,734.62,451.37,2901.1,51.59,56.23,0.917,False,,True,unattributed,5,evt_01-P06_upper_body_0046,9568f0a8ec999db0,pose_hand_context,,2304.0,13.33,,1,01/e1/v1,rtmpose_baseline
corpus_01,01.Candidate was found using a mobile phone in the examination hall..mkv,b842b03e5784d867e93770560d88150a526250df69077cd3065edbbd4c842098,dfine_native,60820.0,unknown_object,0.269,659.86,395.07,687.81,416.12,588.2,27.95,21.05,1.328,False,,True,unattributed,5,evt_01-P06_upper_body_0046,9568f0a8ec999db0,pose_hand_context,,2304.0,13.33,,1,01/e1/v1,rtmpose_baseline
corpus_01,01.Candidate was found using a mobile phone in the examination hall..mkv,b842b03e5784d867e93770560d88150a526250df69077cd3065edbbd4c842098,dfine_native,60820.0,monitor_or_bezel,0.848,979.93,582.59,1068.03,719.11,12026.5,88.09,136.52,0.645,False,,True,unattributed,4,evt_01-P06_upper_body_0046,99173e5dfd942e2f,pose_hand_context,,38431.6,2.65,,1,01/e1/v1,rtmpose_baseline
corpus_01,01.Candidate was found using a mobile phone in the examination hall..mkv,b842b03e5784d867e93770560d88150a526250df69077cd3065edbbd4c842098,dfine_native,60820.0,monitor_or_bezel,0.3161,980.04,582.45,1068.0,718.95,12007.3,87.96,136.51,0.644,False,,True,unattributed,4,evt_01-P06_upper_body_0046,99173e5dfd942e2f,pose_hand_context,,38431.6,2.65,,1,01/e1/v1,rtmpose_baseline
corpus_01,01.Candidate was found using a mobile phone in the examination hall..mkv,b842b03e5784d867e93770560d88150a526250df69077cd3065edbbd4c842098,dfine_native,60820.0,monitor_or_bezel,0.2625,1002.11,560.76,1067.98,621.36,3991.6,65.87,60.6,1.087,False,,True,unattributed,4,evt_01-P06_upper_body_0046,99173e5dfd942e2f,pose_hand_context,,38431.6,2.65,,1,01/e1/v1,rtmpose_baseline
corpus_01,01.Candidate was found using a mobile phone in the examination hall..mkv,b842b03e5784d867e93770560d88150a526250df69077cd3065edbbd4c842098,dfine_native,60860.0,monitor_or_bezel,0.868,979.78,584.03,1062.02,719.97,11180.0,82.24,135.94,0.605,False,,True,unattributed,4,evt_01-P02_upper_body_0012,4000fd0a1fd17d9b,pose_hand_context,,36887.2,2.72,,1,01/e1/v1,rtmpose_baseline
corpus_01,01.Candidate was found using a mobile phone in the examination hall..mkv,b842b03e5784d867e93770560d88150a526250df69077cd3065edbbd4c842098,dfine_native,60860.0,unknown_object,0.3092,1002.07,563.3,1061.94,621.4,3478.4,59.87,58.1,1.031,False,,True,unattributed,4,evt_01-P02_upper_body_0012,4000fd0a1fd17d9b,pose_hand_context,,36887.2,2.72,,1,01/e1/v1,rtmpose_baseline
corpus_01,01.Candidate was found using a mobile phone in the examination hall..mkv,b842b03e5784d867e93770560d88150a526250df69077cd3065edbbd4c842098,dfine_native,60860.0,monitor_or_bezel,0.2535,979.94,583.76,1061.97,719.74,11155.8,82.04,135.99,0.603,False,,True,unattributed,4,evt_01-P02_upper_body_0012,4000fd0a1fd17d9b,pose_hand_context,,36887.2,2.72,,1,01/e1/v1,rtmpose_baseline
corpus_01,01.Candidate was found using a mobile phone in the examination hall..mkv,b842b03e5784d867e93770560d88150a526250df69077cd3065edbbd4c842098,dfine_native,60860.0,unknown_object,0.3308,990.78,448.17,1115.94,577.08,16133.8,125.16,128.9,0.971,False,,True,unattributed,6,evt_01-P02_upper_body_0012,7bcc5806af69d4b2,pose_hand_context,,16920.8,4.92,,1,01/e1/v1,rtmpose_baseline
corpus_01,01.Candidate was found using a mobile phone in the examination hall..mkv,b842b03e5784d867e93770560d88150a526250df69077cd3065edbbd4c842098,dfine_native,60860.0,unknown_object,0.3391,1010.02,448.21,1115.89,576.99,13633.8,105.86,128.79,0.822,False,,True,unattributed,6,evt_01-P02_upper_body_0012,7bcc5806af69d4b2,pose_hand_context,,16920.8,4.92,,1,01/e1/v1,rtmpose_baseline
corpus_01,01.Candidate was found using a mobile phone in the examination hall..mkv,b842b03e5784d867e93770560d88150a526250df69077cd3065edbbd4c842098,dfine_native,60860.0,unknown_object,0.3379,1019.67,448.27,1115.96,576.81,12376.6,96.29,128.54,0.749,False,,True,unattributed,6,evt_01-P02_upper_body_0012,7bcc5806af69d4b2,pose_hand_context,,16920.8,4.92,,1,01/e1/v1,rtmpose_baseline
corpus_01,01.Candidate was found using a mobile phone in the examination hall..mkv,b842b03e5784d867e93770560d88150a526250df69077cd3065edbbd4c842098,dfine_native,60860.0,unknown_object,0.327,1011.85,448.2,1115.97,577.05,13415.2,104.12,128.85,0.808,False,,True,unattributed,6,evt_01-P02_upper_body_0012,7bcc5806af69d4b2,pose_hand_context,,16920.8,4.92,,1,01/e1/v1,rtmpose_baseline
corpus_01,01.Candidate was found using a mobile phone in the examination hall..mkv,b842b03e5784d867e93770560d88150a526250df69077cd3065edbbd4c842098,dfine_native,60860.0,unknown_object,0.5379,656.1,406.41,745.92,490.36,7541.0,89.82,83.96,1.07,False,,True,unattributed,5,evt_01-P02_upper_body_0012,8c797a6633f0d272,pose_hand_context,,2304.0,13.33,,1,01/e1/v1,rtmpose_baseline
corpus_01,01.Candidate was found using a mobile phone in the examination hall..mkv,b842b03e5784d867e93770560d88150a526250df69077cd3065edbbd4c842098,dfine_native,60860.0,unknown_object,0.4147,691.19,451.05,742.13,488.06,1885.3,50.94,37.01,1.377,False,,True,unattributed,5,evt_01-P02_upper_body_0012,8c797a6633f0d272,pose_hand_context,,2304.0,13.33,,1,01/e1/v1,rtmpose_baseline
corpus_01,01.Candidate was found using a mobile phone in the examination hall..mkv,b842b03e5784d867e93770560d88150a526250df69077cd3065edbbd4c842098,dfine_native,60860.0,unknown_object,0.4371,659.5,395.02,735.35,457.09,4707.8,75.85,62.07,1.222,False,,True,unattributed,5,evt_01-P02_upper_body_0012,8c797a6633f0d272,pose_hand_context,,2304.0,13.33,,1,01/e1/v1,rtmpose_baseline
corpus_01,01.Candidate was found using a mobile phone in the examination hall..mkv,b842b03e5784d867e93770560d88150a526250df69077cd3065edbbd4c842098,dfine_native,60860.0,unknown_object,0.5728,656.01,406.88,694.28,490.41,3196.9,38.27,83.54,0.458,False,,True,unattributed,5,evt_01-P02_upper_body_0012,8c797a6633f0d272,pose_hand_context,,2304.0,13.33,,1,01/e1/v1,rtmpose_baseline
corpus_01,01.Candidate was found using a mobile phone in the examination hall..mkv,b842b03e5784d867e93770560d88150a526250df69077cd3065edbbd4c842098,dfine_native,60860.0,unknown_object,0.3154,714.42,425.21,741.54,453.0,753.6,27.12,27.79,0.976,False,,True,unattributed,5,evt_01-P02_upper_body_0012,8c797a6633f0d272,pose_hand_context,,2304.0,13.33,,1,01/e1/v1,rtmpose_baseline
corpus_01,01.Candidate was found using a mobile phone in the examination hall..mkv,b842b03e5784d867e93770560d88150a526250df69077cd3065edbbd4c842098,dfine_native,60860.0,unknown_object,0.4392,701.2,420.28,726.71,451.08,785.9,25.52,30.8,0.829,False,,True,unattributed,5,evt_01-P02_upper_body_0012,8c797a6633f0d272,pose_hand_context,,2304.0,13.33,,1,01/e1/v1,rtmpose_baseline
corpus_01,01.Candidate was found using a mobile phone in the examination hall..mkv,b842b03e5784d867e93770560d88150a526250df69077cd3065edbbd4c842098,dfine_native,60860.0,unknown_object,0.4223,656.03,405.94,752.04,490.55,8124.0,96.01,84.61,1.135,False,,True,unattributed,5,evt_01-P02_upper_body_0012,8c797a6633f0d272,pose_hand_context,,2304.0,13.33,,1,01/e1/v1,rtmpose_baseline
corpus_01,01.Candidate was found using a mobile phone in the examination hall..mkv,b842b03e5784d867e93770560d88150a526250df69077cd3065edbbd4c842098,dfine_native,60860.0,unknown_object,0.2663,702.83,437.01,717.4,451.27,207.6,14.57,14.25,1.022,False,,True,unattributed,5,evt_01-P02_upper_body_0012,8c797a6633f0d272,pose_hand_context,,2304.0,13.33,,1,01/e1/v1,rtmpose_baseline
corpus_01,01.Candidate was found using a mobile phone in the examination hall..mkv,b842b03e5784d867e93770560d88150a526250df69077cd3065edbbd4c842098,dfine_native,60860.0,unknown_object,0.4434,659.17,395.08,743.8,487.89,7854.1,84.63,92.81,0.912,False,,True,unattributed,5,evt_01-P02_upper_body_0012,8c797a6633f0d272,pose_hand_context,,2304.0,13.33,,1,01/e1/v1,rtmpose_baseline
corpus_01,01.Candidate was found using a mobile phone in the examination hall..mkv,b842b03e5784d867e93770560d88150a526250df69077cd3065edbbd4c842098,dfine_native,60860.0,unknown_object,0.4027,691.01,407.15,742.62,487.8,4162.6,51.61,80.65,0.64,False,,True,unattributed,5,evt_01-P02_upper_body_0012,8c797a6633f0d272,pose_hand_context,,2304.0,13.33,,1,01/e1/v1,rtmpose_baseline
corpus_01,01.Candidate was found using a mobile phone in the examination hall..mkv,b842b03e5784d867e93770560d88150a526250df69077cd3065edbbd4c842098,dfine_native,60860.0,unknown_object,0.3009,701.73,420.35,726.53,441.45,523.4,24.8,21.1,1.175,False,,True,unattributed,5,evt_01-P02_upper_body_0012,8c797a6633f0d272,pose_hand_context,,2304.0,13.33,,1,01/e1/v1,rtmpose_baseline
corpus_01,01.Candidate was found using a mobile phone in the examination hall..mkv,b842b03e5784d867e93770560d88150a526250df69077cd3065edbbd4c842098,dfine_native,60860.0,unknown_object,0.5049,691.26,419.1,742.62,487.87,3532.7,51.37,68.77,0.747,False,,True,unattributed,5,evt_01-P02_upper_body_0012,8c797a6633f0d272,pose_hand_context,,2304.0,13.33,,1,01/e1/v1,rtmpose_baseline
corpus_01,01.Candidate was found using a mobile phone in the examination hall..mkv,b842b03e5784d867e93770560d88150a526250df69077cd3065edbbd4c842098,dfine_native,60860.0,unknown_object,0.2702,700.61,420.72,741.32,453.65,1340.6,40.71,32.93,1.236,False,,True,unattributed,5,evt_01-P02_upper_body_0012,8c797a6633f0d272,pose_hand_context,,2304.0,13.33,,1,01/e1/v1,rtmpose_baseline
corpus_01,01.Candidate was found using a mobile phone in the examination hall..mkv,b842b03e5784d867e93770560d88150a526250df69077cd3065edbbd4c842098,dfine_native,60860.0,unknown_object,0.2508,693.48,395.1,734.41,451.22,2297.2,40.93,56.12,0.729,False,,True,unattributed,5,evt_01-P02_upper_body_0012,8c797a6633f0d272,pose_hand_context,,2304.0,13.33,,1,01/e1/v1,rtmpose_baseline
corpus_01,01.Candidate was found using a mobile phone in the examination hall..mkv,b842b03e5784d867e93770560d88150a526250df69077cd3065edbbd4c842098,dfine_native,60860.0,unknown_object,0.2552,727.37,395.19,752.0,446.77,1270.7,24.64,51.58,0.478,False,,True,unattributed,5,evt_01-P02_upper_body_0012,8c797a6633f0d272,pose_hand_context,,2304.0,13.33,,1,01/e1/v1,rtmpose_baseline
corpus_01,01.Candidate was found using a mobile phone in the examination hall..mkv,b842b03e5784d867e93770560d88150a526250df69077cd3065edbbd4c842098,dfine_native,60860.0,unknown_object,0.2861,659.77,395.05,687.52,416.21,587.2,27.76,21.16,1.312,False,,True,unattributed,5,evt_01-P02_upper_body_0012,8c797a6633f0d272,pose_hand_context,,2304.0,13.33,,1,01/e1/v1,rtmpose_baseline
corpus_01,01.Candidate was found using a mobile phone in the examination hall..mkv,b842b03e5784d867e93770560d88150a526250df69077cd3065edbbd4c842098,dfine_native,60860.0,unknown_object,0.2739,683.02,395.12,734.58,451.91,2928.4,51.56,56.79,0.908,False,,True,unattributed,5,evt_01-P02_upper_body_0012,8c797a6633f0d272,pose_hand_context,,2304.0,13.33,,1,01/e1/v1,rtmpose_baseline
corpus_01,01.Candidate was found using a mobile phone in the examination hall..mkv,b842b03e5784d867e93770560d88150a526250df69077cd3065edbbd4c842098,dfine_native,61340.0,unknown_object,0.5313,657.15,406.51,745.86,491.36,7526.5,88.71,84.85,1.045,False,,True,unattributed,5,evt_01-P03_upper_body_0019,057681aa98e6d5c2,pose_hand_context,,2304.0,13.33,,1,01/e1/v1,rtmpose_baseline
corpus_01,01.Candidate was found using a mobile phone in the examination hall..mkv,b842b03e5784d867e93770560d88150a526250df69077cd3065edbbd4c842098,dfine_native,61340.0,unknown_object,0.5524,657.03,406.98,694.49,491.35,3160.4,37.46,84.37,0.444,False,,True,unattributed,5,evt_01-P03_upper_body_0019,057681aa98e6d5c2,pose_hand_context,,2304.0,13.33,,1,01/e1/v1,rtmpose_baseline
corpus_01,01.Candidate was found using a mobile phone in the examination hall..mkv,b842b03e5784d867e93770560d88150a526250df69077cd3065edbbd4c842098,dfine_native,61340.0,unknown_object,0.2773,691.27,451.09,742.23,487.79,1870.7,50.96,36.71,1.388,False,,True,unattributed,5,evt_01-P03_upper_body_0019,057681aa98e6d5c2,pose_hand_context,,2304.0,13.33,,1,01/e1/v1,rtmpose_baseline
corpus_01,01.Candidate was found using a mobile phone in the examination hall..mkv,b842b03e5784d867e93770560d88150a526250df69077cd3065edbbd4c842098,dfine_native,61340.0,unknown_object,0.4974,659.33,396.05,744.35,487.76,7796.9,85.02,91.71,0.927,False,,True,unattributed,5,evt_01-P03_upper_body_0019,057681aa98e6d5c2,pose_hand_context,,2304.0,13.33,,1,01/e1/v1,rtmpose_baseline
corpus_01,01.Candidate was found using a mobile phone in the examination hall..mkv,b842b03e5784d867e93770560d88150a526250df69077cd3065edbbd4c842098,dfine_native,61340.0,unknown_object,0.3215,657.07,406.64,753.11,491.49,8148.5,96.04,84.85,1.132,False,,True,unattributed,5,evt_01-P03_upper_body_0019,057681aa98e6d5c2,pose_hand_context,,2304.0,13.33,,1,01/e1/v1,rtmpose_baseline
corpus_01,01.Candidate was found using a mobile phone in the examination hall..mkv,b842b03e5784d867e93770560d88150a526250df69077cd3065edbbd4c842098,dfine_native,61340.0,unknown_object,0.278,727.34,396.17,753.0,446.75,1297.6,25.65,50.58,0.507,False,,True,unattributed,5,evt_01-P03_upper_body_0019,057681aa98e6d5c2,pose_hand_context,,2304.0,13.33,,1,01/e1/v1,rtmpose_baseline
corpus_01,01.Candidate was found using a mobile phone in the examination hall..mkv,b842b03e5784d867e93770560d88150a526250df69077cd3065edbbd4c842098,dfine_native,61340.0,unknown_object,0.3742,691.29,421.08,743.2,487.65,3455.3,51.91,66.57,0.78,False,,True,unattributed,5,evt_01-P03_upper_body_0019,057681aa98e6d5c2,pose_hand_context,,2304.0,13.33,,1,01/e1/v1,rtmpose_baseline
corpus_01,01.Candidate was found using a mobile phone in the examination hall..mkv,b842b03e5784d867e93770560d88150a526250df69077cd3065edbbd4c842098,dfine_native,61340.0,unknown_object,0.259,692.75,419.9,741.79,458.21,1879.2,49.04,38.32,1.28,False,,True,unattributed,5,evt_01-P03_upper_body_0019,057681aa98e6d5c2,pose_hand_context,,2304.0,13.33,,1,01/e1/v1,rtmpose_baseline
corpus_01,01.Candidate was found using a mobile phone in the examination hall..mkv,b842b03e5784d867e93770560d88150a526250df69077cd3065edbbd4c842098,dfine_native,61340.0,unknown_object,0.3084,1015.21,455.92,1051.61,536.94,2949.3,36.4,81.02,0.449,False,,True,unattributed,7,evt_01-P03_upper_body_0019,7d3e26cb470d9643,pose_hand_context,,14146.7,5.38,,1,01/e1/v1,rtmpose_baseline
corpus_01,01.Candidate was found using a mobile phone in the examination hall..mkv,b842b03e5784d867e93770560d88150a526250df69077cd3065edbbd4c842098,dfine_native,61340.0,unknown_object,0.3097,1033.02,454.6,1108.78,569.06,8671.7,75.76,114.47,0.662,False,,True,unattributed,7,evt_01-P03_upper_body_0019,7d3e26cb470d9643,pose_hand_context,,14146.7,5.38,,1,01/e1/v1,rtmpose_baseline
corpus_01,01.Candidate was found using a mobile phone in the examination hall..mkv,b842b03e5784d867e93770560d88150a526250df69077cd3065edbbd4c842098,dfine_native,61340.0,unknown_object,0.2631,1013.64,454.75,1051.01,545.04,3374.3,37.37,90.29,0.414,False,,True,unattributed,7,evt_01-P03_upper_body_0019,7d3e26cb470d9643,pose_hand_context,,14146.7,5.38,,1,01/e1/v1,rtmpose_baseline
corpus_01,01.Candidate was found using a mobile phone in the examination hall..mkv,b842b03e5784d867e93770560d88150a526250df69077cd3065edbbd4c842098,dfine_native,61340.0,unknown_object,0.4568,1017.46,454.17,1108.94,571.31,10715.8,91.48,117.14,0.781,False,,True,unattributed,7,evt_01-P03_upper_body_0019,7d3e26cb470d9643,pose_hand_context,,14146.7,5.38,,1,01/e1/v1,rtmpose_baseline
corpus_01,01.Candidate was found using a mobile phone in the examination hall..mkv,b842b03e5784d867e93770560d88150a526250df69077cd3065edbbd4c842098,dfine_native,61340.0,unknown_object,0.5269,755.98,624.24,895.3,719.06,13209.5,139.32,94.81,1.469,False,,True,unattributed,4,evt_01-P03_upper_body_0019,b210890c79cb41f3,pose_hand_context,,14645.6,4.12,,1,01/e1/v1,rtmpose_baseline
corpus_01,01.Candidate was found using a mobile phone in the examination hall..mkv,b842b03e5784d867e93770560d88150a526250df69077cd3065edbbd4c842098,dfine_native,61340.0,unknown_object,0.4621,876.44,640.96,894.23,680.83,709.5,17.8,39.87,0.446,False,,True,unattributed,4,evt_01-P03_upper_body_0019,b210890c79cb41f3,pose_hand_context,,14645.6,4.12,,1,01/e1/v1,rtmpose_baseline
corpus_01,01.Candidate was found using a mobile phone in the examination hall..mkv,b842b03e5784d867e93770560d88150a526250df69077cd3065edbbd4c842098,dfine_native,61340.0,unknown_object,0.4615,847.67,676.76,868.14,719.78,880.8,20.48,43.02,0.476,False,,True,unattributed,4,evt_01-P03_upper_body_0019,b210890c79cb41f3,pose_hand_context,,14645.6,4.12,,1,01/e1/v1,rtmpose_baseline
corpus_01,01.Candidate was found using a mobile phone in the examination hall..mkv,b842b03e5784d867e93770560d88150a526250df69077cd3065edbbd4c842098,dfine_native,61380.0,bag,0.3055,740.98,700.03,784.55,719.77,860.1,43.57,19.74,2.207,False,,True,unattributed,4,evt_01-P01_desk_work_surface_0002,00ea3336ad5e2d94,pose_hand_context,,11358.0,4.8,,1,01/e1/v1,rtmpose_baseline
corpus_01,01.Candidate was found using a mobile phone in the examination hall..mkv,b842b03e5784d867e93770560d88150a526250df69077cd3065edbbd4c842098,dfine_native,61380.0,unknown_object,0.2769,840.32,671.11,867.87,719.65,1337.2,27.55,48.54,0.567,False,,True,unattributed,4,evt_01-P01_desk_work_surface_0002,00ea3336ad5e2d94,pose_hand_context,,11358.0,4.8,,1,01/e1/v1,rtmpose_baseline
corpus_01,01.Candidate was found using a mobile phone in the examination hall..mkv,b842b03e5784d867e93770560d88150a526250df69077cd3065edbbd4c842098,dfine_native,61380.0,unknown_object,0.2724,1027.06,450.1,1051.81,479.47,726.8,24.75,29.36,0.843,False,,True,unattributed,7,evt_01-P01_desk_work_surface_0002,9e82a369dd1c3bd2,pose_hand_context,,16507.1,4.98,,1,01/e1/v1,rtmpose_baseline
corpus_01,01.Candidate was found using a mobile phone in the examination hall..mkv,b842b03e5784d867e93770560d88150a526250df69077cd3065edbbd4c842098,dfine_native,61380.0,unknown_object,0.4953,1015.36,450.31,1052.41,538.55,3269.0,37.05,88.23,0.42,False,,True,unattributed,7,evt_01-P01_desk_work_surface_0002,9e82a369dd1c3bd2,pose_hand_context,,16507.1,4.98,,1,01/e1/v1,rtmpose_baseline
corpus_01,01.Candidate was found using a mobile phone in the examination hall..mkv,b842b03e5784d867e93770560d88150a526250df69077cd3065edbbd4c842098,dfine_native,61380.0,unknown_object,0.5059,1015.18,450.1,1053.69,538.62,3408.7,38.51,88.52,0.435,False,,True,unattributed,7,evt_01-P01_desk_work_surface_0002,9e82a369dd1c3bd2,pose_hand_context,,16507.1,4.98,,1,01/e1/v1,rtmpose_baseline
corpus_01,01.Candidate was found using a mobile phone in the examination hall..mkv,b842b03e5784d867e93770560d88150a526250df69077cd3065edbbd4c842098,dfine_native,61380.0,unknown_object,0.4614,1016.6,450.14,1112.84,576.11,12124.1,96.25,125.97,0.764,False,,True,unattributed,7,evt_01-P01_desk_work_surface_0002,9e82a369dd1c3bd2,pose_hand_context,,16507.1,4.98,,1,01/e1/v1,rtmpose_baseline
corpus_01,01.Candidate was found using a mobile phone in the examination hall..mkv,b842b03e5784d867e93770560d88150a526250df69077cd3065edbbd4c842098,dfine_native,61380.0,unknown_object,0.266,1018.93,450.21,1112.82,566.65,10933.8,93.9,116.44,0.806,False,,True,unattributed,7,evt_01-P01_desk_work_surface_0002,9e82a369dd1c3bd2,pose_hand_context,,16507.1,4.98,,1,01/e1/v1,rtmpose_baseline
corpus_01,01.Candidate was found using a mobile phone in the examination hall..mkv,b842b03e5784d867e93770560d88150a526250df69077cd3065edbbd4c842098,dfine_native,61380.0,unknown_object,0.3421,1012.1,450.12,1052.19,569.67,4792.2,40.08,119.55,0.335,False,,True,unattributed,7,evt_01-P01_desk_work_surface_0002,9e82a369dd1c3bd2,pose_hand_context,,16507.1,4.98,,1,01/e1/v1,rtmpose_baseline
corpus_01,01.Candidate was found using a mobile phone in the examination hall..mkv,b842b03e5784d867e93770560d88150a526250df69077cd3065edbbd4c842098,dfine_native,61380.0,unknown_object,0.5353,657.12,406.48,746.64,490.36,7509.1,89.52,83.88,1.067,False,,True,unattributed,5,evt_01-P01_desk_work_surface_0002,cd9a3f1dba609a0a,pose_hand_context,,2304.0,13.33,,1,01/e1/v1,rtmpose_baseline
corpus_01,01.Candidate was found using a mobile phone in the examination hall..mkv,b842b03e5784d867e93770560d88150a526250df69077cd3065edbbd4c842098,dfine_native,61380.0,unknown_object,0.5622,657.02,406.96,694.45,490.36,3121.9,37.43,83.4,0.449,False,,True,unattributed,5,evt_01-P01_desk_work_surface_0002,cd9a3f1dba609a0a,pose_hand_context,,2304.0,13.33,,1,01/e1/v1,rtmpose_baseline
corpus_01,01.Candidate was found using a mobile phone in the examination hall..mkv,b842b03e5784d867e93770560d88150a526250df69077cd3065edbbd4c842098,dfine_native,61380.0,unknown_object,0.336,691.08,451.13,743.73,488.13,1948.3,52.65,37.0,1.423,False,,True,unattributed,5,evt_01-P01_desk_work_surface_0002,cd9a3f1dba609a0a,pose_hand_context,,2304.0,13.33,,1,01/e1/v1,rtmpose_baseline
corpus_01,01.Candidate was found using a mobile phone in the examination hall..mkv,b842b03e5784d867e93770560d88150a526250df69077cd3065edbbd4c842098,dfine_native,61380.0,unknown_object,0.4207,657.02,405.96,752.95,490.52,8111.6,95.93,84.55,1.135,False,,True,unattributed,5,evt_01-P01_desk_work_surface_0002,cd9a3f1dba609a0a,pose_hand_context,,2304.0,13.33,,1,01/e1/v1,rtmpose_baseline
corpus_01,01.Candidate was found using a mobile phone in the examination hall..mkv,b842b03e5784d867e93770560d88150a526250df69077cd3065edbbd4c842098,dfine_native,61380.0,unknown_object,0.5535,659.51,395.09,744.18,487.46,7820.7,84.67,92.37,0.917,False,,True,unattributed,5,evt_01-P01_desk_work_surface_0002,cd9a3f1dba609a0a,pose_hand_context,,2304.0,13.33,,1,01/e1/v1,rtmpose_baseline
corpus_01,01.Candidate was found using a mobile phone in the examination hall..mkv,b842b03e5784d867e93770560d88150a526250df69077cd3065edbbd4c842098,dfine_native,61380.0,unknown_object,0.2969,701.37,420.44,727.69,451.14,808.0,26.32,30.7,0.857,False,,True,unattributed,5,evt_01-P01_desk_work_surface_0002,cd9a3f1dba609a0a,pose_hand_context,,2304.0,13.33,,1,01/e1/v1,rtmpose_baseline
corpus_01,01.Candidate was found using a mobile phone in the examination hall..mkv,b842b03e5784d867e93770560d88150a526250df69077cd3065edbbd4c842098,dfine_native,61380.0,unknown_object,0.2632,727.23,395.15,752.99,446.88,1332.8,25.76,51.73,0.498,False,,True,unattributed,5,evt_01-P01_desk_work_surface_0002,cd9a3f1dba609a0a,pose_hand_context,,2304.0,13.33,,1,01/e1/v1,rtmpose_baseline
corpus_01,01.Candidate was found using a mobile phone in the examination hall..mkv,b842b03e5784d867e93770560d88150a526250df69077cd3065edbbd4c842098,dfine_native,61380.0,unknown_object,0.2526,657.09,395.39,753.0,490.44,9116.3,95.91,95.05,1.009,False,,True,unattributed,5,evt_01-P01_desk_work_surface_0002,cd9a3f1dba609a0a,pose_hand_context,,2304.0,13.33,,1,01/e1/v1,rtmpose_baseline
corpus_01,01.Candidate was found using a mobile phone in the examination hall..mkv,b842b03e5784d867e93770560d88150a526250df69077cd3065edbbd4c842098,dfine_native,61380.0,unknown_object,0.3763,691.27,421.56,744.22,487.75,3505.5,52.96,66.19,0.8,False,,True,unattributed,5,evt_01-P01_desk_work_surface_0002,cd9a3f1dba609a0a,pose_hand_context,,2304.0,13.33,,1,01/e1/v1,rtmpose_baseline
corpus_01,01.Candidate was found using a mobile phone in the examination hall..mkv,b842b03e5784d867e93770560d88150a526250df69077cd3065edbbd4c842098,dfine_native,61380.0,unknown_object,0.253,706.17,406.53,733.63,423.62,469.6,27.46,17.1,1.606,False,,True,unattributed,5,evt_01-P01_desk_work_surface_0002,cd9a3f1dba609a0a,pose_hand_context,,2304.0,13.33,,1,01/e1/v1,rtmpose_baseline
corpus_01,01.Candidate was found using a mobile phone in the examination hall..mkv,b842b03e5784d867e93770560d88150a526250df69077cd3065edbbd4c842098,dfine_native,61380.0,unknown_object,0.2579,692.95,420.32,741.83,457.98,1841.1,48.88,37.66,1.298,False,,True,unattributed,5,evt_01-P01_desk_work_surface_0002,cd9a3f1dba609a0a,pose_hand_context,,2304.0,13.33,,1,01/e1/v1,rtmpose_baseline
corpus_01,01.Candidate was found using a mobile phone in the examination hall..mkv,b842b03e5784d867e93770560d88150a526250df69077cd3065edbbd4c842098,dfine_native,61820.0,unknown_object,0.7279,1015.39,437.01,1130.89,580.75,16602.3,115.5,143.75,0.803,False,,True,unattributed,7,evt_01-P06_upper_body_0046,5f9647dbd662408c,pose_hand_context,,30053.7,3.69,,1,01/e1/v1,rtmpose_baseline
corpus_01,01.Candidate was found using a mobile phone in the examination hall..mkv,b842b03e5784d867e93770560d88150a526250df69077cd3065edbbd4c842098,dfine_native,61820.0,unknown_object,0.6691,1018.04,579.82,1130.83,607.28,3097.0,112.79,27.46,4.108,False,,True,unattributed,7,evt_01-P06_upper_body_0046,5f9647dbd662408c,pose_hand_context,,30053.7,3.69,,1,01/e1/v1,rtmpose_baseline
corpus_01,01.Candidate was found using a mobile phone in the examination hall..mkv,b842b03e5784d867e93770560d88150a526250df69077cd3065edbbd4c842098,dfine_native,61820.0,unknown_object,0.7311,1012.5,575.79,1076.92,607.55,2045.7,64.42,31.76,2.029,False,,True,unattributed,7,evt_01-P06_upper_body_0046,5f9647dbd662408c,pose_hand_context,,30053.7,3.69,,1,01/e1/v1,rtmpose_baseline
corpus_01,01.Candidate was found using a mobile phone in the examination hall..mkv,b842b03e5784d867e93770560d88150a526250df69077cd3065edbbd4c842098,dfine_native,61820.0,unknown_object,0.3633,981.65,484.96,1018.0,525.83,1485.3,36.35,40.86,0.889,False,,True,unattributed,7,evt_01-P06_upper_body_0046,5f9647dbd662408c,pose_hand_context,,30053.7,3.69,,1,01/e1/v1,rtmpose_baseline
corpus_01,01.Candidate was found using a mobile phone in the examination hall..mkv,b842b03e5784d867e93770560d88150a526250df69077cd3065edbbd4c842098,dfine_native,61820.0,unknown_object,0.3057,1011.93,575.98,1076.86,607.59,2052.1,64.93,31.6,2.055,False,,True,unattributed,7,evt_01-P06_upper_body_0046,5f9647dbd662408c,pose_hand_context,,30053.7,3.69,,1,01/e1/v1,rtmpose_baseline
corpus_01,01.Candidate was found using a mobile phone in the examination hall..mkv,b842b03e5784d867e93770560d88150a526250df69077cd3065edbbd4c842098,dfine_native,61820.0,unknown_object,0.5529,605.07,624.88,657.97,718.69,4962.6,52.9,93.81,0.564,False,,True,unattributed,4,evt_01-P06_upper_body_0046,8708bcea15e98283,pose_hand_context,,9204.5,6.66,,1,01/e1/v1,rtmpose_baseline
corpus_01,01.Candidate was found using a mobile phone in the examination hall..mkv,b842b03e5784d867e93770560d88150a526250df69077cd3065edbbd4c842098,dfine_native,61820.0,unknown_object,0.2565,604.21,624.31,639.63,668.94,1580.8,35.42,44.63,0.794,False,,True,unattributed,4,evt_01-P06_upper_body_0046,8708bcea15e98283,pose_hand_context,,9204.5,6.66,,1,01/e1/v1,rtmpose_baseline
corpus_01,01.Candidate was found using a mobile phone in the examination hall..mkv,b842b03e5784d867e93770560d88150a526250df69077cd3065edbbd4c842098,dfine_native,61820.0,unknown_object,0.2814,603.62,624.13,626.66,668.8,1029.6,23.05,44.68,0.516,False,,True,unattributed,4,evt_01-P06_upper_body_0046,8708bcea15e98283,pose_hand_context,,9204.5,6.66,,1,01/e1/v1,rtmpose_baseline
corpus_01,01.Candidate was found using a mobile phone in the examination hall..mkv,b842b03e5784d867e93770560d88150a526250df69077cd3065edbbd4c842098,dfine_native,61820.0,unknown_object,0.4815,659.97,397.02,734.69,454.07,4262.2,74.72,57.04,1.31,False,,True,unattributed,5,evt_01-P06_upper_body_0046,88ed3d6af0930f4b,pose_hand_context,,2304.0,13.33,,1,01/e1/v1,rtmpose_baseline
corpus_01,01.Candidate was found using a mobile phone in the examination hall..mkv,b842b03e5784d867e93770560d88150a526250df69077cd3065edbbd4c842098,dfine_native,61820.0,unknown_object,0.5671,656.04,407.04,695.45,492.35,3361.9,39.41,85.31,0.462,False,,True,unattributed,5,evt_01-P06_upper_body_0046,88ed3d6af0930f4b,pose_hand_context,,2304.0,13.33,,1,01/e1/v1,rtmpose_baseline
corpus_01,01.Candidate was found using a mobile phone in the examination hall..mkv,b842b03e5784d867e93770560d88150a526250df69077cd3065edbbd4c842098,dfine_native,61820.0,unknown_object,0.2709,714.75,425.34,736.54,451.38,567.3,21.79,26.04,0.837,False,,True,unattributed,5,evt_01-P06_upper_body_0046,88ed3d6af0930f4b,pose_hand_context,,2304.0,13.33,,1,01/e1/v1,rtmpose_baseline
corpus_01,01.Candidate was found using a mobile phone in the examination hall..mkv,b842b03e5784d867e93770560d88150a526250df69077cd3065edbbd4c842098,dfine_native,61820.0,unknown_object,0.4078,700.93,419.84,726.71,450.53,791.1,25.78,30.69,0.84,False,,True,unattributed,5,evt_01-P06_upper_body_0046,88ed3d6af0930f4b,pose_hand_context,,2304.0,13.33,,1,01/e1/v1,rtmpose_baseline
corpus_01,01.Candidate was found using a mobile phone in the examination hall..mkv,b842b03e5784d867e93770560d88150a526250df69077cd3065edbbd4c842098,dfine_native,61820.0,unknown_object,0.4559,656.0,406.79,704.76,492.4,4174.6,48.76,85.62,0.57,False,,True,unattributed,5,evt_01-P06_upper_body_0046,88ed3d6af0930f4b,pose_hand_context,,2304.0,13.33,,1,01/e1/v1,rtmpose_baseline
corpus_01,01.Candidate was found using a mobile phone in the examination hall..mkv,b842b03e5784d867e93770560d88150a526250df69077cd3065edbbd4c842098,dfine_native,61820.0,unknown_object,0.3192,702.78,436.72,717.32,450.59,201.8,14.54,13.87,1.048,False,,True,unattributed,5,evt_01-P06_upper_body_0046,88ed3d6af0930f4b,pose_hand_context,,2304.0,13.33,,1,01/e1/v1,rtmpose_baseline
corpus_01,01.Candidate was found using a mobile phone in the examination hall..mkv,b842b03e5784d867e93770560d88150a526250df69077cd3065edbbd4c842098,dfine_native,61820.0,unknown_object,0.2637,659.47,397.1,735.61,463.05,5021.8,76.14,65.95,1.154,False,,True,unattributed,5,evt_01-P06_upper_body_0046,88ed3d6af0930f4b,pose_hand_context,,2304.0,13.33,,1,01/e1/v1,rtmpose_baseline
corpus_01,01.Candidate was found using a mobile phone in the examination hall..mkv,b842b03e5784d867e93770560d88150a526250df69077cd3065edbbd4c842098,dfine_native,61820.0,unknown_object,0.3228,690.61,397.12,734.26,451.05,2354.2,43.65,53.93,0.809,False,,True,unattributed,5,evt_01-P06_upper_body_0046,88ed3d6af0930f4b,pose_hand_context,,2304.0,13.33,,1,01/e1/v1,rtmpose_baseline
corpus_01,01.Candidate was found using a mobile phone in the examination hall..mkv,b842b03e5784d867e93770560d88150a526250df69077cd3065edbbd4c842098,dfine_native,61820.0,unknown_object,0.2899,727.06,397.08,751.98,435.26,951.4,24.92,38.18,0.653,False,,True,unattributed,5,evt_01-P06_upper_body_0046,88ed3d6af0930f4b,pose_hand_context,,2304.0,13.33,,1,01/e1/v1,rtmpose_baseline
corpus_01,01.Candidate was found using a mobile phone in the examination hall..mkv,b842b03e5784d867e93770560d88150a526250df69077cd3065edbbd4c842098,dfine_native,61820.0,unknown_object,0.3027,676.58,397.1,734.47,450.79,3108.0,57.89,53.69,1.078,False,,True,unattributed,5,evt_01-P06_upper_body_0046,88ed3d6af0930f4b,pose_hand_context,,2304.0,13.33,,1,01/e1/v1,rtmpose_baseline
corpus_01,01.Candidate was found using a mobile phone in the examination hall..mkv,b842b03e5784d867e93770560d88150a526250df69077cd3065edbbd4c842098,dfine_native,61820.0,unknown_object,0.287,678.09,397.12,734.3,450.18,2982.0,56.2,53.06,1.059,False,,True,unattributed,5,evt_01-P06_upper_body_0046,88ed3d6af0930f4b,pose_hand_context,,2304.0,13.33,,1,01/e1/v1,rtmpose_baseline
corpus_01,01.Candidate was found using a mobile phone in the examination hall..mkv,b842b03e5784d867e93770560d88150a526250df69077cd3065edbbd4c842098,dfine_native,61820.0,unknown_object,0.3707,659.55,397.03,735.32,480.61,6332.9,75.77,83.58,0.907,False,,True,unattributed,5,evt_01-P06_upper_body_0046,88ed3d6af0930f4b,pose_hand_context,,2304.0,13.33,,1,01/e1/v1,rtmpose_baseline
corpus_01,01.Candidate was found using a mobile phone in the examination hall..mkv,b842b03e5784d867e93770560d88150a526250df69077cd3065edbbd4c842098,dfine_native,61820.0,unknown_object,0.2776,692.68,418.91,727.68,460.39,1452.2,35.0,41.49,0.844,False,,True,unattributed,5,evt_01-P06_upper_body_0046,88ed3d6af0930f4b,pose_hand_context,,2304.0,13.33,,1,01/e1/v1,rtmpose_baseline
corpus_01,01.Candidate was found using a mobile phone in the examination hall..mkv,b842b03e5784d867e93770560d88150a526250df69077cd3065edbbd4c842098,dfine_native,61820.0,unknown_object,0.2597,656.05,397.39,695.64,492.26,3756.1,39.59,94.88,0.417,False,,True,unattributed,5,evt_01-P06_upper_body_0046,88ed3d6af0930f4b,pose_hand_context,,2304.0,13.33,,1,01/e1/v1,rtmpose_baseline
corpus_01,01.Candidate was found using a mobile phone in the examination hall..mkv,b842b03e5784d867e93770560d88150a526250df69077cd3065edbbd4c842098,dfine_native,61860.0,unknown_object,0.5074,660.1,397.02,735.0,458.65,4616.5,74.9,61.63,1.215,False,,True,unattributed,5,evt_01-P02_upper_body_0012,10683caf0ee5739d,pose_hand_context,,2304.0,13.33,,1,01/e1/v1,rtmpose_baseline
corpus_01,01.Candidate was found using a mobile phone in the examination hall..mkv,b842b03e5784d867e93770560d88150a526250df69077cd3065edbbd4c842098,dfine_native,61860.0,unknown_object,0.6083,657.02,407.04,696.12,492.35,3335.8,39.1,85.31,0.458,False,,True,unattributed,5,evt_01-P02_upper_body_0012,10683caf0ee5739d,pose_hand_context,,2304.0,13.33,,1,01/e1/v1,rtmpose_baseline
corpus_01,01.Candidate was found using a mobile phone in the examination hall..mkv,b842b03e5784d867e93770560d88150a526250df69077cd3065edbbd4c842098,dfine_native,61860.0,unknown_object,0.2726,703.04,436.8,717.15,451.0,200.3,14.11,14.19,0.994,False,,True,unattributed,5,evt_01-P02_upper_body_0012,10683caf0ee5739d,pose_hand_context,,2304.0,13.33,,1,01/e1/v1,rtmpose_baseline
corpus_01,01.Candidate was found using a mobile phone in the examination hall..mkv,b842b03e5784d867e93770560d88150a526250df69077cd3065edbbd4c842098,dfine_native,61860.0,unknown_object,0.2556,657.07,406.46,752.79,492.43,8229.1,95.72,85.97,1.113,False,,True,unattributed,5,evt_01-P02_upper_body_0012,10683caf0ee5739d,pose_hand_context,,2304.0,13.33,,1,01/e1/v1,rtmpose_baseline
corpus_01,01.Candidate was found using a mobile phone in the examination hall..mkv,b842b03e5784d867e93770560d88150a526250df69077cd3065edbbd4c842098,dfine_native,61860.0,unknown_object,0.4467,656.99,406.93,703.55,492.51,3984.4,46.56,85.58,0.544,False,,True,unattributed,5,evt_01-P02_upper_body_0012,10683caf0ee5739d,pose_hand_context,,2304.0,13.33,,1,01/e1/v1,rtmpose_baseline
corpus_01,01.Candidate was found using a mobile phone in the examination hall..mkv,b842b03e5784d867e93770560d88150a526250df69077cd3065edbbd4c842098,dfine_native,61860.0,unknown_object,0.3003,727.05,397.06,752.98,433.98,957.6,25.94,36.92,0.703,False,,True,unattributed,5,evt_01-P02_upper_body_0012,10683caf0ee5739d,pose_hand_context,,2304.0,13.33,,1,01/e1/v1,rtmpose_baseline
corpus_01,01.Candidate was found using a mobile phone in the examination hall..mkv,b842b03e5784d867e93770560d88150a526250df69077cd3065edbbd4c842098,dfine_native,61860.0,unknown_object,0.3252,701.26,420.2,727.1,451.57,810.6,25.84,31.36,0.824,False,,True,unattributed,5,evt_01-P02_upper_body_0012,10683caf0ee5739d,pose_hand_context,,2304.0,13.33,,1,01/e1/v1,rtmpose_baseline
corpus_01,01.Candidate was found using a mobile phone in the examination hall..mkv,b842b03e5784d867e93770560d88150a526250df69077cd3065edbbd4c842098,dfine_native,61860.0,unknown_object,0.2863,692.57,420.16,727.81,461.88,1470.4,35.24,41.73,0.844,False,,True,unattributed,5,evt_01-P02_upper_body_0012,10683caf0ee5739d,pose_hand_context,,2304.0,13.33,,1,01/e1/v1,rtmpose_baseline
corpus_01,01.Candidate was found using a mobile phone in the examination hall..mkv,b842b03e5784d867e93770560d88150a526250df69077cd3065edbbd4c842098,dfine_native,61860.0,unknown_object,0.2543,657.04,406.82,728.95,492.33,6149.3,71.91,85.51,0.841,False,,True,unattributed,5,evt_01-P02_upper_body_0012,10683caf0ee5739d,pose_hand_context,,2304.0,13.33,,1,01/e1/v1,rtmpose_baseline
corpus_01,01.Candidate was found using a mobile phone in the examination hall..mkv,b842b03e5784d867e93770560d88150a526250df69077cd3065edbbd4c842098,dfine_native,61860.0,unknown_object,0.3543,570.0,617.41,597.65,719.11,2812.2,27.65,101.7,0.272,False,,True,unattributed,4,evt_01-P02_upper_body_0012,28d3395401cd57b4,pose_hand_context,,11123.3,5.9,,1,01/e1/v1,rtmpose_baseline
corpus_01,01.Candidate was found using a mobile phone in the examination hall..mkv,b842b03e5784d867e93770560d88150a526250df69077cd3065edbbd4c842098,dfine_native,61860.0,unknown_object,0.2747,569.99,672.62,592.25,719.34,1039.7,22.25,46.72,0.476,False,,True,unattributed,4,evt_01-P02_upper_body_0012,28d3395401cd57b4,pose_hand_context,,11123.3,5.9,,1,01/e1/v1,rtmpose_baseline
corpus_01,01.Candidate was found using a mobile phone in the examination hall..mkv,b842b03e5784d867e93770560d88150a526250df69077cd3065edbbd4c842098,dfine_native,61860.0,unknown_object,0.277,570.01,617.25,629.27,719.26,6045.8,59.27,102.01,0.581,False,,True,unattributed,4,evt_01-P02_upper_body_0012,28d3395401cd57b4,pose_hand_context,,11123.3,5.9,,1,01/e1/v1,rtmpose_baseline
corpus_01,01.Candidate was found using a mobile phone in the examination hall..mkv,b842b03e5784d867e93770560d88150a526250df69077cd3065edbbd4c842098,dfine_native,61860.0,unknown_object,0.6703,1010.88,574.81,1076.31,606.91,2100.1,65.43,32.1,2.039,False,,True,unattributed,7,evt_01-P02_upper_body_0012,fabdc5617c7a2159,pose_hand_context,,29487.8,3.73,,1,01/e1/v1,rtmpose_baseline
corpus_01,01.Candidate was found using a mobile phone in the examination hall..mkv,b842b03e5784d867e93770560d88150a526250df69077cd3065edbbd4c842098,dfine_native,61860.0,unknown_object,0.4794,1018.36,579.89,1129.82,606.61,2977.6,111.45,26.72,4.172,False,,True,unattributed,7,evt_01-P02_upper_body_0012,fabdc5617c7a2159,pose_hand_context,,29487.8,3.73,,1,01/e1/v1,rtmpose_baseline
corpus_01,01.Candidate was found using a mobile phone in the examination hall..mkv,b842b03e5784d867e93770560d88150a526250df69077cd3065edbbd4c842098,dfine_native,61860.0,unknown_object,0.3226,981.04,484.94,1018.25,528.18,1608.4,37.2,43.23,0.861,False,,True,unattributed,7,evt_01-P02_upper_body_0012,fabdc5617c7a2159,pose_hand_context,,29487.8,3.73,,1,01/e1/v1,rtmpose_baseline
corpus_01,01.Candidate was found using a mobile phone in the examination hall..mkv,b842b03e5784d867e93770560d88150a526250df69077cd3065edbbd4c842098,dfine_native,61860.0,unknown_object,0.716,1015.34,436.52,1129.87,579.36,16359.7,114.53,142.84,0.802,False,,True,unattributed,7,evt_01-P02_upper_body_0012,fabdc5617c7a2159,pose_hand_context,,29487.8,3.73,,1,01/e1/v1,rtmpose_baseline
corpus_01,01.Candidate was found using a mobile phone in the examination hall..mkv,b842b03e5784d867e93770560d88150a526250df69077cd3065edbbd4c842098,dfine_native,61860.0,unknown_object,0.2591,958.77,435.35,1129.96,581.64,25042.5,171.19,146.29,1.17,False,,True,unattributed,7,evt_01-P02_upper_body_0012,fabdc5617c7a2159,pose_hand_context,,29487.8,3.73,,1,01/e1/v1,rtmpose_baseline
corpus_01,01.Candidate was found using a mobile phone in the examination hall..mkv,b842b03e5784d867e93770560d88150a526250df69077cd3065edbbd4c842098,dfine_native,61860.0,unknown_object,0.2791,1008.33,574.78,1076.34,606.91,2185.5,68.01,32.14,2.116,False,,True,unattributed,7,evt_01-P02_upper_body_0012,fabdc5617c7a2159,pose_hand_context,,29487.8,3.73,,1,01/e1/v1,rtmpose_baseline
corpus_01,01.Candidate was found using a mobile phone in the examination hall..mkv,b842b03e5784d867e93770560d88150a526250df69077cd3065edbbd4c842098,dfine_native,62340.0,mouse,0.8542,639.44,368.73,660.43,377.8,190.3,20.99,9.07,2.315,False,,True,unattributed,5,evt_01-P03_upper_body_0019,75cb701708e89682,native_source_context_fallback,wrist_confidence_below_floor,6739.4,5.92,,1,01/e1/v1,rtmpose_baseline
corpus_01,01.Candidate was found using a mobile phone in the examination hall..mkv,b842b03e5784d867e93770560d88150a526250df69077cd3065edbbd4c842098,dfine_native,62340.0,unknown_object,0.4528,634.95,365.18,666.48,412.7,1498.4,31.54,47.51,0.664,False,,True,unattributed,5,evt_01-P03_upper_body_0019,75cb701708e89682,native_source_context_fallback,wrist_confidence_below_floor,6739.4,5.92,,1,01/e1/v1,rtmpose_baseline
corpus_01,01.Candidate was found using a mobile phone in the examination hall..mkv,b842b03e5784d867e93770560d88150a526250df69077cd3065edbbd4c842098,dfine_native,62340.0,unknown_object,0.2572,691.18,317.97,730.96,346.89,1150.4,39.78,28.92,1.375,False,,True,unattributed,5,evt_01-P03_upper_body_0019,75cb701708e89682,native_source_context_fallback,wrist_confidence_below_floor,6739.4,5.92,,1,01/e1/v1,rtmpose_baseline
corpus_01,01.Candidate was found using a mobile phone in the examination hall..mkv,b842b03e5784d867e93770560d88150a526250df69077cd3065edbbd4c842098,dfine_native,62340.0,unknown_object,0.7756,1015.33,436.26,1130.89,576.41,16196.5,115.56,140.16,0.825,False,,True,unattributed,7,evt_01-P03_upper_body_0019,9673b7cb4cb83d9a,pose_hand_context,,34819.6,3.43,,1,01/e1/v1,rtmpose_baseline
corpus_01,01.Candidate was found using a mobile phone in the examination hall..mkv,b842b03e5784d867e93770560d88150a526250df69077cd3065edbbd4c842098,dfine_native,62340.0,unknown_object,0.528,1008.9,579.56,1130.82,613.89,4185.3,121.92,34.33,3.551,False,,True,unattributed,7,evt_01-P03_upper_body_0019,9673b7cb4cb83d9a,pose_hand_context,,34819.6,3.43,,1,01/e1/v1,rtmpose_baseline
corpus_01,01.Candidate was found using a mobile phone in the examination hall..mkv,b842b03e5784d867e93770560d88150a526250df69077cd3065edbbd4c842098,dfine_native,62340.0,unknown_object,0.4113,1025.93,570.61,1071.54,597.35,1219.4,45.61,26.74,1.706,False,,True,unattributed,7,evt_01-P03_upper_body_0019,9673b7cb4cb83d9a,pose_hand_context,,34819.6,3.43,,1,01/e1/v1,rtmpose_baseline
corpus_01,01.Candidate was found using a mobile phone in the examination hall..mkv,b842b03e5784d867e93770560d88150a526250df69077cd3065edbbd4c842098,dfine_native,62340.0,unknown_object,0.3035,1027.06,428.16,1130.58,479.73,5337.7,103.52,51.56,2.008,False,,True,unattributed,7,evt_01-P03_upper_body_0019,9673b7cb4cb83d9a,pose_hand_context,,34819.6,3.43,,1,01/e1/v1,rtmpose_baseline
corpus_01,01.Candidate was found using a mobile phone in the examination hall..mkv,b842b03e5784d867e93770560d88150a526250df69077cd3065edbbd4c842098,dfine_native,62340.0,unknown_object,0.3728,970.94,484.69,1018.31,530.16,2154.0,47.37,45.47,1.042,False,,True,unattributed,7,evt_01-P03_upper_body_0019,9673b7cb4cb83d9a,pose_hand_context,,34819.6,3.43,,1,01/e1/v1,rtmpose_baseline
corpus_01,01.Candidate was found using a mobile phone in the examination hall..mkv,b842b03e5784d867e93770560d88150a526250df69077cd3065edbbd4c842098,dfine_native,62340.0,unknown_object,0.3358,961.74,428.25,1031.44,485.51,3990.8,69.7,57.25,1.217,False,,True,unattributed,7,evt_01-P03_upper_body_0019,9673b7cb4cb83d9a,pose_hand_context,,34819.6,3.43,,1,01/e1/v1,rtmpose_baseline
corpus_01,01.Candidate was found using a mobile phone in the examination hall..mkv,b842b03e5784d867e93770560d88150a526250df69077cd3065edbbd4c842098,dfine_native,62340.0,unknown_object,0.2675,944.26,428.21,1031.16,485.98,5020.8,86.9,57.77,1.504,False,,True,unattributed,7,evt_01-P03_upper_body_0019,9673b7cb4cb83d9a,pose_hand_context,,34819.6,3.43,,1,01/e1/v1,rtmpose_baseline
corpus_01,01.Candidate was found using a mobile phone in the examination hall..mkv,b842b03e5784d867e93770560d88150a526250df69077cd3065edbbd4c842098,dfine_native,62340.0,unknown_object,0.2766,1008.88,579.43,1130.83,613.93,4206.3,121.95,34.49,3.535,False,,True,unattributed,7,evt_01-P03_upper_body_0019,9673b7cb4cb83d9a,pose_hand_context,,34819.6,3.43,,1,01/e1/v1,rtmpose_baseline
corpus_01,01.Candidate was found using a mobile phone in the examination hall..mkv,b842b03e5784d867e93770560d88150a526250df69077cd3065edbbd4c842098,dfine_native,62340.0,unknown_object,0.2591,1004.76,436.42,1130.93,611.64,22106.8,126.17,175.22,0.72,False,,True,unattributed,7,evt_01-P03_upper_body_0019,9673b7cb4cb83d9a,pose_hand_context,,34819.6,3.43,,1,01/e1/v1,rtmpose_baseline
corpus_01,01.Candidate was found using a mobile phone in the examination hall..mkv,b842b03e5784d867e93770560d88150a526250df69077cd3065edbbd4c842098,dfine_native,62340.0,unknown_object,0.3407,1016.37,429.2,1130.85,581.25,17407.3,114.49,152.05,0.753,False,,True,unattributed,7,evt_01-P03_upper_body_0019,9673b7cb4cb83d9a,pose_hand_context,,34819.6,3.43,,1,01/e1/v1,rtmpose_baseline
corpus_01,01.Candidate was found using a mobile phone in the examination hall..mkv,b842b03e5784d867e93770560d88150a526250df69077cd3065edbbd4c842098,dfine_native,62340.0,unknown_object,0.3097,1002.17,570.65,1071.5,614.44,3035.5,69.33,43.78,1.584,False,,True,unattributed,7,evt_01-P03_upper_body_0019,9673b7cb4cb83d9a,pose_hand_context,,34819.6,3.43,,1,01/e1/v1,rtmpose_baseline
corpus_01,01.Candidate was found using a mobile phone in the examination hall..mkv,b842b03e5784d867e93770560d88150a526250df69077cd3065edbbd4c842098,dfine_native,62340.0,unknown_object,0.2526,961.53,428.32,1032.38,531.65,7320.8,70.85,103.32,0.686,False,,True,unattributed,7,evt_01-P03_upper_body_0019,9673b7cb4cb83d9a,pose_hand_context,,34819.6,3.43,,1,01/e1/v1,rtmpose_baseline
corpus_01,01.Candidate was found using a mobile phone in the examination hall..mkv,b842b03e5784d867e93770560d88150a526250df69077cd3065edbbd4c842098,dfine_native,62340.0,unknown_object,0.3181,1026.56,576.6,1102.11,596.9,1533.6,75.54,20.3,3.721,False,,True,unattributed,7,evt_01-P03_upper_body_0019,9673b7cb4cb83d9a,pose_hand_context,,34819.6,3.43,,1,01/e1/v1,rtmpose_baseline
corpus_01,01.Candidate was found using a mobile phone in the examination hall..mkv,b842b03e5784d867e93770560d88150a526250df69077cd3065edbbd4c842098,dfine_native,62340.0,unknown_object,0.3428,515.14,623.91,592.25,719.39,7362.9,77.11,95.49,0.808,False,,True,unattributed,4,evt_01-P03_upper_body_0019,aea27f278211d5dd,pose_hand_context,,14248.4,4.16,,1,01/e1/v1,rtmpose_baseline
corpus_01,01.Candidate was found using a mobile phone in the examination hall..mkv,b842b03e5784d867e93770560d88150a526250df69077cd3065edbbd4c842098,dfine_native,62340.0,unknown_object,0.2911,515.23,624.03,592.21,719.31,7334.3,76.98,95.28,0.808,False,,True,unattributed,4,evt_01-P03_upper_body_0019,aea27f278211d5dd,pose_hand_context,,14248.4,4.16,,1,01/e1/v1,rtmpose_baseline
corpus_01,01.Candidate was found using a mobile phone in the examination hall..mkv,b842b03e5784d867e93770560d88150a526250df69077cd3065edbbd4c842098,dfine_native,62340.0,unknown_object,0.3418,567.5,683.73,592.09,719.67,884.0,24.6,35.94,0.684,False,,True,unattributed,4,evt_01-P03_upper_body_0019,aea27f278211d5dd,pose_hand_context,,14248.4,4.16,,1,01/e1/v1,rtmpose_baseline
corpus_01,01.Candidate was found using a mobile phone in the examination hall..mkv,b842b03e5784d867e93770560d88150a526250df69077cd3065edbbd4c842098,dfine_native,62380.0,mouse,0.8772,639.46,368.7,660.39,377.86,191.6,20.93,9.16,2.286,False,,True,unattributed,5,evt_01-P01_desk_work_surface_0002,55180441bedd5087,native_source_context_fallback,wrist_confidence_below_floor,6986.5,5.92,,1,01/e1/v1,rtmpose_baseline
corpus_01,01.Candidate was found using a mobile phone in the examination hall..mkv,b842b03e5784d867e93770560d88150a526250df69077cd3065edbbd4c842098,dfine_native,62380.0,unknown_object,0.4383,635.96,365.11,667.07,412.63,1478.6,31.11,47.52,0.655,False,,True,unattributed,5,evt_01-P01_desk_work_surface_0002,55180441bedd5087,native_source_context_fallback,wrist_confidence_below_floor,6986.5,5.92,,1,01/e1/v1,rtmpose_baseline
corpus_01,01.Candidate was found using a mobile phone in the examination hall..mkv,b842b03e5784d867e93770560d88150a526250df69077cd3065edbbd4c842098,dfine_native,62380.0,unknown_object,0.273,676.98,356.58,732.05,412.64,3087.4,55.07,56.06,0.982,False,,True,unattributed,5,evt_01-P01_desk_work_surface_0002,55180441bedd5087,native_source_context_fallback,wrist_confidence_below_floor,6986.5,5.92,,1,01/e1/v1,rtmpose_baseline
corpus_01,01.Candidate was found using a mobile phone in the examination hall..mkv,b842b03e5784d867e93770560d88150a526250df69077cd3065edbbd4c842098,dfine_native,62380.0,unknown_object,0.2583,691.42,317.81,731.97,345.9,1139.4,40.55,28.1,1.443,False,,True,unattributed,5,evt_01-P01_desk_work_surface_0002,55180441bedd5087,native_source_context_fallback,wrist_confidence_below_floor,6986.5,5.92,,1,01/e1/v1,rtmpose_baseline
corpus_01,01.Candidate was found using a mobile phone in the examination hall..mkv,b842b03e5784d867e93770560d88150a526250df69077cd3065edbbd4c842098,dfine_native,62380.0,mouse,0.8548,639.34,368.8,660.51,377.96,193.9,21.17,9.16,2.312,False,,True,unattributed,10,evt_01-P01_desk_work_surface_0002,55d6f17c8344f12c,native_source_context_fallback,wrist_confidence_below_floor,14896.0,4.16,,1,01/e1/v1,rtmpose_baseline
corpus_01,01.Candidate was found using a mobile phone in the examination hall..mkv,b842b03e5784d867e93770560d88150a526250df69077cd3065edbbd4c842098,dfine_native,62380.0,unknown_object,0.3741,636.95,407.5,690.33,458.85,2740.9,53.38,51.35,1.04,False,,True,unattributed,10,evt_01-P01_desk_work_surface_0002,55d6f17c8344f12c,native_source_context_fallback,wrist_confidence_below_floor,14896.0,4.16,,1,01/e1/v1,rtmpose_baseline
corpus_01,01.Candidate was found using a mobile phone in the examination hall..mkv,b842b03e5784d867e93770560d88150a526250df69077cd3065edbbd4c842098,dfine_native,62380.0,unknown_object,0.5022,619.92,364.68,667.01,430.42,3095.7,47.09,65.74,0.716,False,,True,unattributed,10,evt_01-P01_desk_work_surface_0002,55d6f17c8344f12c,native_source_context_fallback,wrist_confidence_below_floor,14896.0,4.16,,1,01/e1/v1,rtmpose_baseline
corpus_01,01.Candidate was found using a mobile phone in the examination hall..mkv,b842b03e5784d867e93770560d88150a526250df69077cd3065edbbd4c842098,dfine_native,62380.0,unknown_object,0.7615,1015.34,436.36,1128.89,566.77,14808.5,113.55,130.41,0.871,False,,True,unattributed,7,evt_01-P01_desk_work_surface_0002,7408a8cf0d9e5d58,pose_hand_context,,34447.4,3.45,,1,01/e1/v1,rtmpose_baseline
corpus_01,01.Candidate was found using a mobile phone in the examination hall..mkv,b842b03e5784d867e93770560d88150a526250df69077cd3065edbbd4c842098,dfine_native,62380.0,unknown_object,0.4856,1010.47,579.42,1128.82,612.91,3964.4,118.34,33.5,3.533,False,,True,unattributed,7,evt_01-P01_desk_work_surface_0002,7408a8cf0d9e5d58,pose_hand_context,,34447.4,3.45,,1,01/e1/v1,rtmpose_baseline
corpus_01,01.Candidate was found using a mobile phone in the examination hall..mkv,b842b03e5784d867e93770560d88150a526250df69077cd3065edbbd4c842098,dfine_native,62380.0,unknown_object,0.3417,1026.87,429.17,1128.56,479.99,5167.6,101.69,50.82,2.001,False,,True,unattributed,7,evt_01-P01_desk_work_surface_0002,7408a8cf0d9e5d58,pose_hand_context,,34447.4,3.45,,1,01/e1/v1,rtmpose_baseline
corpus_01,01.Candidate was found using a mobile phone in the examination hall..mkv,b842b03e5784d867e93770560d88150a526250df69077cd3065edbbd4c842098,dfine_native,62380.0,unknown_object,0.4096,961.15,429.23,1031.61,486.36,4024.8,70.45,57.13,1.233,False,,True,unattributed,7,evt_01-P01_desk_work_surface_0002,7408a8cf0d9e5d58,pose_hand_context,,34447.4,3.45,,1,01/e1/v1,rtmpose_baseline
corpus_01,01.Candidate was found using a mobile phone in the examination hall..mkv,b842b03e5784d867e93770560d88150a526250df69077cd3065edbbd4c842098,dfine_native,62380.0,unknown_object,0.478,970.26,484.56,1018.21,530.23,2190.0,47.95,45.67,1.05,False,,True,unattributed,7,evt_01-P01_desk_work_surface_0002,7408a8cf0d9e5d58,pose_hand_context,,34447.4,3.45,,1,01/e1/v1,rtmpose_baseline
corpus_01,01.Candidate was found using a mobile phone in the examination hall..mkv,b842b03e5784d867e93770560d88150a526250df69077cd3065edbbd4c842098,dfine_native,62380.0,unknown_object,0.4145,1024.07,571.21,1069.79,598.32,1239.5,45.71,27.12,1.686,False,,True,unattributed,7,evt_01-P01_desk_work_surface_0002,7408a8cf0d9e5d58,pose_hand_context,,34447.4,3.45,,1,01/e1/v1,rtmpose_baseline
corpus_01,01.Candidate was found using a mobile phone in the examination hall..mkv,b842b03e5784d867e93770560d88150a526250df69077cd3065edbbd4c842098,dfine_native,62380.0,unknown_object,0.2873,944.32,429.21,1031.26,486.55,4985.7,86.94,57.35,1.516,False,,True,unattributed,7,evt_01-P01_desk_work_surface_0002,7408a8cf0d9e5d58,pose_hand_context,,34447.4,3.45,,1,01/e1/v1,rtmpose_baseline
corpus_01,01.Candidate was found using a mobile phone in the examination hall..mkv,b842b03e5784d867e93770560d88150a526250df69077cd3065edbbd4c842098,dfine_native,62380.0,unknown_object,0.2866,980.35,429.37,1031.81,486.48,2938.5,51.46,57.1,0.901,False,,True,unattributed,7,evt_01-P01_desk_work_surface_0002,7408a8cf0d9e5d58,pose_hand_context,,34447.4,3.45,,1,01/e1/v1,rtmpose_baseline
corpus_01,01.Candidate was found using a mobile phone in the examination hall..mkv,b842b03e5784d867e93770560d88150a526250df69077cd3065edbbd4c842098,dfine_native,62380.0,unknown_object,0.2926,1004.87,436.43,1128.83,611.03,21641.7,123.95,174.59,0.71,False,,True,unattributed,7,evt_01-P01_desk_work_surface_0002,7408a8cf0d9e5d58,pose_hand_context,,34447.4,3.45,,1,01/e1/v1,rtmpose_baseline
corpus_01,01.Candidate was found using a mobile phone in the examination hall..mkv,b842b03e5784d867e93770560d88150a526250df69077cd3065edbbd4c842098,dfine_native,62380.0,unknown_object,0.2959,1016.79,429.32,1128.83,580.5,16939.2,112.04,151.18,0.741,False,,True,unattributed,7,evt_01-P01_desk_work_surface_0002,7408a8cf0d9e5d58,pose_hand_context,,34447.4,3.45,,1,01/e1/v1,rtmpose_baseline
corpus_01,01.Candidate was found using a mobile phone in the examination hall..mkv,b842b03e5784d867e93770560d88150a526250df69077cd3065edbbd4c842098,dfine_native,62380.0,unknown_object,0.254,1015.54,436.44,1128.9,566.23,14713.3,113.37,129.79,0.873,False,,True,unattributed,7,evt_01-P01_desk_work_surface_0002,7408a8cf0d9e5d58,pose_hand_context,,34447.4,3.45,,1,01/e1/v1,rtmpose_baseline
corpus_01,01.Candidate was found using a mobile phone in the examination hall..mkv,b842b03e5784d867e93770560d88150a526250df69077cd3065edbbd4c842098,dfine_native,62380.0,unknown_object,0.3906,1024.68,576.54,1102.29,597.7,1642.8,77.61,21.17,3.666,False,,True,unattributed,7,evt_01-P01_desk_work_surface_0002,7408a8cf0d9e5d58,pose_hand_context,,34447.4,3.45,,1,01/e1/v1,rtmpose_baseline
corpus_01,01.Candidate was found using a mobile phone in the examination hall..mkv,b842b03e5784d867e93770560d88150a526250df69077cd3065edbbd4c842098,dfine_native,62380.0,unknown_object,0.3255,1004.01,571.09,1069.77,612.88,2747.9,65.76,41.79,1.574,False,,True,unattributed,7,evt_01-P01_desk_work_surface_0002,7408a8cf0d9e5d58,pose_hand_context,,34447.4,3.45,,1,01/e1/v1,rtmpose_baseline
corpus_01,01.Candidate was found using a mobile phone in the examination hall..mkv,b842b03e5784d867e93770560d88150a526250df69077cd3065edbbd4c842098,dfine_native,62380.0,unknown_object,0.2746,961.63,429.3,1032.19,530.74,7158.3,70.57,101.44,0.696,False,,True,unattributed,7,evt_01-P01_desk_work_surface_0002,7408a8cf0d9e5d58,pose_hand_context,,34447.4,3.45,,1,01/e1/v1,rtmpose_baseline
corpus_01,01.Candidate was found using a mobile phone in the examination hall..mkv,b842b03e5784d867e93770560d88150a526250df69077cd3065edbbd4c842098,dfine_native,62380.0,unknown_object,0.3057,515.1,624.1,591.88,718.96,7283.1,76.78,94.86,0.809,False,,True,unattributed,4,evt_01-P01_desk_work_surface_0002,b4a7c0490a197006,pose_hand_context,,13393.3,4.26,,1,01/e1/v1,rtmpose_baseline
corpus_01,01.Candidate was found using a mobile phone in the examination hall..mkv,b842b03e5784d867e93770560d88150a526250df69077cd3065edbbd4c842098,dfine_native,62380.0,unknown_object,0.3294,564.48,684.31,592.0,719.78,975.9,27.52,35.46,0.776,False,,True,unattributed,4,evt_01-P01_desk_work_surface_0002,b4a7c0490a197006,pose_hand_context,,13393.3,4.26,,1,01/e1/v1,rtmpose_baseline
corpus_01,01.Candidate was found using a mobile phone in the examination hall..mkv,b842b03e5784d867e93770560d88150a526250df69077cd3065edbbd4c842098,dfine_native,62380.0,unknown_object,0.2654,607.19,628.75,635.95,669.13,1161.3,28.75,40.39,0.712,False,,True,unattributed,4,evt_01-P01_desk_work_surface_0002,b4a7c0490a197006,pose_hand_context,,13393.3,4.26,,1,01/e1/v1,rtmpose_baseline
corpus_01,01.Candidate was found using a mobile phone in the examination hall..mkv,b842b03e5784d867e93770560d88150a526250df69077cd3065edbbd4c842098,dfine_native,62380.0,mouse,0.7946,639.21,368.84,660.5,378.05,196.1,21.29,9.21,2.311,False,,True,unattributed,9,evt_01-P01_desk_work_surface_0002,e70214643370335b,native_source_context_fallback,wrist_confidence_below_floor,16993.7,3.39,,1,01/e1/v1,rtmpose_baseline
corpus_01,01.Candidate was found using a mobile phone in the examination hall..mkv,b842b03e5784d867e93770560d88150a526250df69077cd3065edbbd4c842098,dfine_native,62380.0,unknown_object,0.5593,629.96,407.24,689.95,493.63,5182.7,59.99,86.39,0.694,False,,True,unattributed,9,evt_01-P01_desk_work_surface_0002,e70214643370335b,native_source_context_fallback,wrist_confidence_below_floor,16993.7,3.39,,1,01/e1/v1,rtmpose_baseline
corpus_01,01.Candidate was found using a mobile phone in the examination hall..mkv,b842b03e5784d867e93770560d88150a526250df69077cd3065edbbd4c842098,dfine_native,62380.0,unknown_object,0.5209,624.96,364.83,666.98,426.68,2599.3,42.02,61.86,0.679,False,,True,unattributed,9,evt_01-P01_desk_work_surface_0002,e70214643370335b,native_source_context_fallback,wrist_confidence_below_floor,16993.7,3.39,,1,01/e1/v1,rtmpose_baseline
corpus_01,01.Candidate was found using a mobile phone in the examination hall..mkv,b842b03e5784d867e93770560d88150a526250df69077cd3065edbbd4c842098,dfine_native,62820.0,stationery,0.7594,1014.58,580.87,1057.45,607.83,1155.8,42.87,26.96,1.59,False,,True,unattributed,7,evt_01-P06_upper_body_0046,221354b10c45df1e,pose_hand_context,,35993.7,3.37,,1,01/e1/v1,rtmpose_baseline
corpus_01,01.Candidate was found using a mobile phone in the examination hall..mkv,b842b03e5784d867e93770560d88150a526250df69077cd3065edbbd4c842098,dfine_native,62820.0,unknown_object,0.4982,1001.85,578.46,1128.82,620.74,5368.4,126.97,42.28,3.003,False,,True,unattributed,7,evt_01-P06_upper_body_0046,221354b10c45df1e,pose_hand_context,,35993.7,3.37,,1,01/e1/v1,rtmpose_baseline
corpus_01,01.Candidate was found using a mobile phone in the examination hall..mkv,b842b03e5784d867e93770560d88150a526250df69077cd3065edbbd4c842098,dfine_native,62820.0,unknown_object,0.6199,1014.67,435.76,1128.86,579.78,16445.0,114.19,144.02,0.793,False,,True,unattributed,7,evt_01-P06_upper_body_0046,221354b10c45df1e,pose_hand_context,,35993.7,3.37,,1,01/e1/v1,rtmpose_baseline
corpus_01,01.Candidate was found using a mobile phone in the examination hall..mkv,b842b03e5784d867e93770560d88150a526250df69077cd3065edbbd4c842098,dfine_native,62820.0,unknown_object,0.3462,1004.08,436.07,1128.81,605.28,21106.2,124.73,169.22,0.737,False,,True,unattributed,7,evt_01-P06_upper_body_0046,221354b10c45df1e,pose_hand_context,,35993.7,3.37,,1,01/e1/v1,rtmpose_baseline
corpus_01,01.Candidate was found using a mobile phone in the examination hall..mkv,b842b03e5784d867e93770560d88150a526250df69077cd3065edbbd4c842098,dfine_native,62820.0,unknown_object,0.2641,942.47,432.18,1031.55,486.18,4810.2,89.08,54.0,1.65,False,,True,unattributed,7,evt_01-P06_upper_body_0046,221354b10c45df1e,pose_hand_context,,35993.7,3.37,,1,01/e1/v1,rtmpose_baseline
corpus_01,01.Candidate was found using a mobile phone in the examination hall..mkv,b842b03e5784d867e93770560d88150a526250df69077cd3065edbbd4c842098,dfine_native,62820.0,unknown_object,0.3844,964.15,484.39,1018.62,532.32,2610.5,54.47,47.92,1.137,False,,True,unattributed,7,evt_01-P06_upper_body_0046,221354b10c45df1e,pose_hand_context,,35993.7,3.37,,1,01/e1/v1,rtmpose_baseline
corpus_01,01.Candidate was found using a mobile phone in the examination hall..mkv,b842b03e5784d867e93770560d88150a526250df69077cd3065edbbd4c842098,dfine_native,62820.0,stationery,0.307,997.08,580.81,1057.47,621.61,2463.6,60.39,40.79,1.48,False,,True,unattributed,7,evt_01-P06_upper_body_0046,221354b10c45df1e,pose_hand_context,,35993.7,3.37,,1,01/e1/v1,rtmpose_baseline
corpus_01,01.Candidate was found using a mobile phone in the examination hall..mkv,b842b03e5784d867e93770560d88150a526250df69077cd3065edbbd4c842098,dfine_native,62820.0,unknown_object,0.332,940.41,432.27,1032.34,532.63,9225.8,91.93,100.36,0.916,False,,True,unattributed,7,evt_01-P06_upper_body_0046,221354b10c45df1e,pose_hand_context,,35993.7,3.37,,1,01/e1/v1,rtmpose_baseline
corpus_01,01.Candidate was found using a mobile phone in the examination hall..mkv,b842b03e5784d867e93770560d88150a526250df69077cd3065edbbd4c842098,dfine_native,62820.0,unknown_object,0.2751,1015.25,435.98,1128.87,566.72,14855.9,113.63,130.74,0.869,False,,True,unattributed,7,evt_01-P06_upper_body_0046,221354b10c45df1e,pose_hand_context,,35993.7,3.37,,1,01/e1/v1,rtmpose_baseline
corpus_01,01.Candidate was found using a mobile phone in the examination hall..mkv,b842b03e5784d867e93770560d88150a526250df69077cd3065edbbd4c842098,dfine_native,62820.0,unknown_object,0.255,951.69,432.31,1032.03,531.88,8000.2,80.34,99.58,0.807,False,,True,unattributed,7,evt_01-P06_upper_body_0046,221354b10c45df1e,pose_hand_context,,35993.7,3.37,,1,01/e1/v1,rtmpose_baseline
corpus_01,01.Candidate was found using a mobile phone in the examination hall..mkv,b842b03e5784d867e93770560d88150a526250df69077cd3065edbbd4c842098,dfine_native,62820.0,mouse,0.579,642.91,368.95,660.43,377.23,145.2,17.52,8.29,2.115,False,,True,unattributed,5,evt_01-P06_upper_body_0046,801ab4eecd58f659,native_source_context_fallback,wrist_confidence_below_floor,8559.4,5.66,,1,01/e1/v1,rtmpose_baseline
corpus_01,01.Candidate was found using a mobile phone in the examination hall..mkv,b842b03e5784d867e93770560d88150a526250df69077cd3065edbbd4c842098,dfine_native,62820.0,unknown_object,0.5776,709.83,315.29,739.12,414.48,2904.6,29.28,99.18,0.295,False,,True,unattributed,5,evt_01-P06_upper_body_0046,801ab4eecd58f659,native_source_context_fallback,wrist_confidence_below_floor,8559.4,5.66,,1,01/e1/v1,rtmpose_baseline
corpus_01,01.Candidate was found using a mobile phone in the examination hall..mkv,b842b03e5784d867e93770560d88150a526250df69077cd3065edbbd4c842098,dfine_native,62820.0,unknown_object,0.4218,642.94,365.26,669.7,390.69,680.6,26.76,25.43,1.052,False,,True,unattributed,5,evt_01-P06_upper_body_0046,801ab4eecd58f659,native_source_context_fallback,wrist_confidence_below_floor,8559.4,5.66,,1,01/e1/v1,rtmpose_baseline
corpus_01,01.Candidate was found using a mobile phone in the examination hall..mkv,b842b03e5784d867e93770560d88150a526250df69077cd3065edbbd4c842098,dfine_native,62820.0,unknown_object,0.3428,642.95,387.87,719.39,416.76,2208.2,76.44,28.89,2.646,False,,True,unattributed,5,evt_01-P06_upper_body_0046,801ab4eecd58f659,native_source_context_fallback,wrist_confidence_below_floor,8559.4,5.66,,1,01/e1/v1,rtmpose_baseline
corpus_01,01.Candidate was found using a mobile phone in the examination hall..mkv,b842b03e5784d867e93770560d88150a526250df69077cd3065edbbd4c842098,dfine_native,62820.0,unknown_object,0.3017,710.62,315.84,739.06,404.13,2510.7,28.44,88.29,0.322,False,,True,unattributed,5,evt_01-P06_upper_body_0046,801ab4eecd58f659,native_source_context_fallback,wrist_confidence_below_floor,8559.4,5.66,,1,01/e1/v1,rtmpose_baseline
corpus_01,01.Candidate was found using a mobile phone in the examination hall..mkv,b842b03e5784d867e93770560d88150a526250df69077cd3065edbbd4c842098,dfine_native,62820.0,unknown_object,0.2902,710.19,315.41,739.1,405.89,2615.8,28.91,90.48,0.32,False,,True,unattributed,5,evt_01-P06_upper_body_0046,801ab4eecd58f659,native_source_context_fallback,wrist_confidence_below_floor,8559.4,5.66,,1,01/e1/v1,rtmpose_baseline
corpus_01,01.Candidate was found using a mobile phone in the examination hall..mkv,b842b03e5784d867e93770560d88150a526250df69077cd3065edbbd4c842098,dfine_native,62820.0,unknown_object,0.2757,694.56,314.47,739.14,415.98,4525.0,44.58,101.5,0.439,False,,True,unattributed,5,evt_01-P06_upper_body_0046,801ab4eecd58f659,native_source_context_fallback,wrist_confidence_below_floor,8559.4,5.66,,1,01/e1/v1,rtmpose_baseline
corpus_01,01.Candidate was found using a mobile phone in the examination hall..mkv,b842b03e5784d867e93770560d88150a526250df69077cd3065edbbd4c842098,dfine_native,62820.0,unknown_object,0.2647,643.21,314.93,739.23,416.28,9731.3,96.02,101.34,0.947,False,,True,unattributed,5,evt_01-P06_upper_body_0046,801ab4eecd58f659,native_source_context_fallback,wrist_confidence_below_floor,8559.4,5.66,,1,01/e1/v1,rtmpose_baseline
corpus_01,01.Candidate was found using a mobile phone in the examination hall..mkv,b842b03e5784d867e93770560d88150a526250df69077cd3065edbbd4c842098,dfine_native,62820.0,unknown_object,0.3421,661.52,534.29,712.66,671.77,7030.3,51.14,137.48,0.372,False,,True,unattributed,4,evt_01-P06_upper_body_0046,bc152d83d87a30b6,pose_hand_context,,19544.0,4.58,,1,01/e1/v1,rtmpose_baseline
corpus_01,01.Candidate was found using a mobile phone in the examination hall..mkv,b842b03e5784d867e93770560d88150a526250df69077cd3065edbbd4c842098,dfine_native,62820.0,unknown_object,0.2705,660.94,534.1,764.73,671.79,14289.6,103.78,137.69,0.754,False,,True,unattributed,4,evt_01-P06_upper_body_0046,bc152d83d87a30b6,pose_hand_context,,19544.0,4.58,,1,01/e1/v1,rtmpose_baseline
corpus_01,01.Candidate was found using a mobile phone in the examination hall..mkv,b842b03e5784d867e93770560d88150a526250df69077cd3065edbbd4c842098,dfine_native,62820.0,unknown_object,0.2941,724.03,369.67,747.9,406.99,890.9,23.87,37.32,0.64,False,,True,unattributed,9,evt_01-P06_upper_body_0046,fec58d5f8963d82a,native_source_context_fallback,wrist_confidence_below_floor,16990.1,3.56,,1,01/e1/v1,rtmpose_baseline
corpus_01,01.Candidate was found using a mobile phone in the examination hall..mkv,b842b03e5784d867e93770560d88150a526250df69077cd3065edbbd4c842098,dfine_native,62820.0,unknown_object,0.275,723.03,369.65,747.91,445.85,1895.4,24.87,76.21,0.326,False,,True,unattributed,9,evt_01-P06_upper_body_0046,fec58d5f8963d82a,native_source_context_fallback,wrist_confidence_below_floor,16990.1,3.56,,1,01/e1/v1,rtmpose_baseline
corpus_01,01.Candidate was found using a mobile phone in the examination hall..mkv,b842b03e5784d867e93770560d88150a526250df69077cd3065edbbd4c842098,dfine_native,62820.0,unknown_object,0.2672,725.22,399.15,747.88,444.34,1024.1,22.66,45.18,0.502,False,,True,unattributed,9,evt_01-P06_upper_body_0046,fec58d5f8963d82a,native_source_context_fallback,wrist_confidence_below_floor,16990.1,3.56,,1,01/e1/v1,rtmpose_baseline
corpus_01,01.Candidate was found using a mobile phone in the examination hall..mkv,b842b03e5784d867e93770560d88150a526250df69077cd3065edbbd4c842098,dfine_native,62820.0,unknown_object,0.4401,651.9,365.73,669.79,389.87,431.8,17.89,24.13,0.741,False,,True,unattributed,9,evt_01-P06_upper_body_0046,fec58d5f8963d82a,native_source_context_fallback,wrist_confidence_below_floor,16990.1,3.56,,1,01/e1/v1,rtmpose_baseline
corpus_01,01.Candidate was found using a mobile phone in the examination hall..mkv,b842b03e5784d867e93770560d88150a526250df69077cd3065edbbd4c842098,dfine_native,62860.0,unknown_object,0.857,1015.16,436.23,1127.87,579.99,16203.7,112.71,143.76,0.784,False,,True,unattributed,7,evt_01-P02_upper_body_0012,3f7998749f9cf25b,pose_hand_context,,34663.0,3.44,,1,01/e1/v1,rtmpose_baseline
corpus_01,01.Candidate was found using a mobile phone in the examination hall..mkv,b842b03e5784d867e93770560d88150a526250df69077cd3065edbbd4c842098,dfine_native,62860.0,unknown_object,0.671,995.55,583.27,1056.99,619.78,2243.1,61.44,36.51,1.683,False,,True,unattributed,7,evt_01-P02_upper_body_0012,3f7998749f9cf25b,pose_hand_context,,34663.0,3.44,,1,01/e1/v1,rtmpose_baseline
corpus_01,01.Candidate was found using a mobile phone in the examination hall..mkv,b842b03e5784d867e93770560d88150a526250df69077cd3065edbbd4c842098,dfine_native,62860.0,unknown_object,0.5506,1003.1,578.71,1127.8,619.05,5029.7,124.7,40.33,3.092,False,,True,unattributed,7,evt_01-P02_upper_body_0012,3f7998749f9cf25b,pose_hand_context,,34663.0,3.44,,1,01/e1/v1,rtmpose_baseline
corpus_01,01.Candidate was found using a mobile phone in the examination hall..mkv,b842b03e5784d867e93770560d88150a526250df69077cd3065edbbd4c842098,dfine_native,62860.0,unknown_object,0.4895,963.16,484.45,1018.19,532.42,2640.1,55.03,47.97,1.147,False,,True,unattributed,7,evt_01-P02_upper_body_0012,3f7998749f9cf25b,pose_hand_context,,34663.0,3.44,,1,01/e1/v1,rtmpose_baseline
corpus_01,01.Candidate was found using a mobile phone in the examination hall..mkv,b842b03e5784d867e93770560d88150a526250df69077cd3065edbbd4c842098,dfine_native,62860.0,unknown_object,0.3048,946.19,434.16,1031.57,485.89,4416.9,85.38,51.73,1.651,False,,True,unattributed,7,evt_01-P02_upper_body_0012,3f7998749f9cf25b,pose_hand_context,,34663.0,3.44,,1,01/e1/v1,rtmpose_baseline
corpus_01,01.Candidate was found using a mobile phone in the examination hall..mkv,b842b03e5784d867e93770560d88150a526250df69077cd3065edbbd4c842098,dfine_native,62860.0,unknown_object,0.3061,1001.81,560.32,1127.81,618.71,7356.0,125.99,58.38,2.158,False,,True,unattributed,7,evt_01-P02_upper_body_0012,3f7998749f9cf25b,pose_hand_context,,34663.0,3.44,,1,01/e1/v1,rtmpose_baseline
corpus_01,01.Candidate was found using a mobile phone in the examination hall..mkv,b842b03e5784d867e93770560d88150a526250df69077cd3065edbbd4c842098,dfine_native,62860.0,unknown_object,0.2786,946.42,434.26,1032.66,533.47,8554.7,86.23,99.2,0.869,False,,True,unattributed,7,evt_01-P02_upper_body_0012,3f7998749f9cf25b,pose_hand_context,,34663.0,3.44,,1,01/e1/v1,rtmpose_baseline
corpus_01,01.Candidate was found using a mobile phone in the examination hall..mkv,b842b03e5784d867e93770560d88150a526250df69077cd3065edbbd4c842098,dfine_native,62860.0,unknown_object,0.3476,994.63,583.33,1057.26,619.84,2285.8,62.62,36.5,1.716,False,,True,unattributed,7,evt_01-P02_upper_body_0012,3f7998749f9cf25b,pose_hand_context,,34663.0,3.44,,1,01/e1/v1,rtmpose_baseline
corpus_01,01.Candidate was found using a mobile phone in the examination hall..mkv,b842b03e5784d867e93770560d88150a526250df69077cd3065edbbd4c842098,dfine_native,62860.0,unknown_object,0.281,961.95,484.46,1018.47,614.85,7370.5,56.52,130.4,0.433,False,,True,unattributed,7,evt_01-P02_upper_body_0012,3f7998749f9cf25b,pose_hand_context,,34663.0,3.44,,1,01/e1/v1,rtmpose_baseline
corpus_01,01.Candidate was found using a mobile phone in the examination hall..mkv,b842b03e5784d867e93770560d88150a526250df69077cd3065edbbd4c842098,dfine_native,62860.0,bag,0.2799,652.04,532.17,707.97,646.39,6387.5,55.92,114.22,0.49,False,,True,unattributed,4,evt_01-P02_upper_body_0012,4d0675f76ce0e780,pose_hand_context,,20834.0,4.43,,1,01/e1/v1,rtmpose_baseline
corpus_01,01.Candidate was found using a mobile phone in the examination hall..mkv,b842b03e5784d867e93770560d88150a526250df69077cd3065edbbd4c842098,dfine_native,62860.0,unknown_object,0.3837,684.18,532.13,762.95,585.52,4205.6,78.77,53.39,1.475,False,,True,unattributed,4,evt_01-P02_upper_body_0012,4d0675f76ce0e780,pose_hand_context,,20834.0,4.43,,1,01/e1/v1,rtmpose_baseline
corpus_01,01.Candidate was found using a mobile phone in the examination hall..mkv,b842b03e5784d867e93770560d88150a526250df69077cd3065edbbd4c842098,dfine_native,62860.0,unknown_object,0.2506,724.92,369.42,748.1,406.91,869.0,23.18,37.49,0.618,False,,True,unattributed,9,evt_01-P02_upper_body_0012,e3d965dea6cc52d1,native_source_context_fallback,wrist_confidence_below_floor,17391.0,3.5,,1,01/e1/v1,rtmpose_baseline
corpus_01,01.Candidate was found using a mobile phone in the examination hall..mkv,b842b03e5784d867e93770560d88150a526250df69077cd3065edbbd4c842098,dfine_native,62860.0,unknown_object,0.2885,723.89,369.44,748.1,444.91,1827.4,24.21,75.47,0.321,False,,True,unattributed,9,evt_01-P02_upper_body_0012,e3d965dea6cc52d1,native_source_context_fallback,wrist_confidence_below_floor,17391.0,3.5,,1,01/e1/v1,rtmpose_baseline
corpus_01,01.Candidate was found using a mobile phone in the examination hall..mkv,b842b03e5784d867e93770560d88150a526250df69077cd3065edbbd4c842098,dfine_native,62860.0,unknown_object,0.3136,708.77,341.27,726.05,358.79,302.8,17.29,17.52,0.987,False,,True,unattributed,9,evt_01-P02_upper_body_0012,e3d965dea6cc52d1,native_source_context_fallback,wrist_confidence_below_floor,17391.0,3.5,,1,01/e1/v1,rtmpose_baseline
corpus_01,01.Candidate was found using a mobile phone in the examination hall..mkv,b842b03e5784d867e93770560d88150a526250df69077cd3065edbbd4c842098,dfine_native,62860.0,unknown_object,0.3892,651.91,365.39,670.26,390.72,464.9,18.35,25.33,0.724,False,,True,unattributed,9,evt_01-P02_upper_body_0012,e3d965dea6cc52d1,native_source_context_fallback,wrist_confidence_below_floor,17391.0,3.5,,1,01/e1/v1,rtmpose_baseline
corpus_01,01.Candidate was found using a mobile phone in the examination hall..mkv,b842b03e5784d867e93770560d88150a526250df69077cd3065edbbd4c842098,dfine_native,62860.0,unknown_object,0.2975,689.74,331.59,709.36,353.68,433.3,19.62,22.09,0.888,False,,True,unattributed,9,evt_01-P02_upper_body_0012,e3d965dea6cc52d1,native_source_context_fallback,wrist_confidence_below_floor,17391.0,3.5,,1,01/e1/v1,rtmpose_baseline
corpus_01,01.Candidate was found using a mobile phone in the examination hall..mkv,b842b03e5784d867e93770560d88150a526250df69077cd3065edbbd4c842098,dfine_native,62860.0,unknown_object,0.3674,708.73,337.34,730.76,359.01,477.3,22.03,21.67,1.016,False,,True,unattributed,9,evt_01-P02_upper_body_0012,e3d965dea6cc52d1,native_source_context_fallback,wrist_confidence_below_floor,17391.0,3.5,,1,01/e1/v1,rtmpose_baseline
corpus_01,01.Candidate was found using a mobile phone in the examination hall..mkv,b842b03e5784d867e93770560d88150a526250df69077cd3065edbbd4c842098,dfine_native,62860.0,unknown_object,0.2505,690.04,331.34,726.7,359.14,1019.0,36.66,27.8,1.319,False,,True,unattributed,9,evt_01-P02_upper_body_0012,e3d965dea6cc52d1,native_source_context_fallback,wrist_confidence_below_floor,17391.0,3.5,,1,01/e1/v1,rtmpose_baseline
corpus_01,01.Candidate was found using a mobile phone in the examination hall..mkv,b842b03e5784d867e93770560d88150a526250df69077cd3065edbbd4c842098,dfine_native,62860.0,unknown_object,0.2935,655.35,331.73,709.96,366.68,1908.8,54.61,34.95,1.562,False,,True,unattributed,9,evt_01-P02_upper_body_0012,e3d965dea6cc52d1,native_source_context_fallback,wrist_confidence_below_floor,17391.0,3.5,,1,01/e1/v1,rtmpose_baseline
corpus_01,01.Candidate was found using a mobile phone in the examination hall..mkv,b842b03e5784d867e93770560d88150a526250df69077cd3065edbbd4c842098,dfine_native,63340.0,unknown_object,0.5569,957.55,484.53,1017.51,531.95,2843.0,59.96,47.42,1.264,False,,True,unattributed,7,evt_01-P03_upper_body_0019,24332faae3befd76,pose_hand_context,,40618.4,3.18,,1,01/e1/v1,rtmpose_baseline
corpus_01,01.Candidate was found using a mobile phone in the examination hall..mkv,b842b03e5784d867e93770560d88150a526250df69077cd3065edbbd4c842098,dfine_native,63340.0,unknown_object,0.5922,1015.07,436.68,1136.85,566.25,15779.6,121.78,129.57,0.94,False,,True,unattributed,7,evt_01-P03_upper_body_0019,24332faae3befd76,pose_hand_context,,40618.4,3.18,,1,01/e1/v1,rtmpose_baseline
corpus_01,01.Candidate was found using a mobile phone in the examination hall..mkv,b842b03e5784d867e93770560d88150a526250df69077cd3065edbbd4c842098,dfine_native,63340.0,unknown_object,0.4063,991.26,578.6,1136.86,636.25,8392.7,145.6,57.64,2.526,False,,True,unattributed,7,evt_01-P03_upper_body_0019,24332faae3befd76,pose_hand_context,,40618.4,3.18,,1,01/e1/v1,rtmpose_baseline
corpus_01,01.Candidate was found using a mobile phone in the examination hall..mkv,b842b03e5784d867e93770560d88150a526250df69077cd3065edbbd4c842098,dfine_native,63340.0,unknown_object,0.3445,935.59,435.15,1031.35,486.34,4901.6,95.76,51.19,1.871,False,,True,unattributed,7,evt_01-P03_upper_body_0019,24332faae3befd76,pose_hand_context,,40618.4,3.18,,1,01/e1/v1,rtmpose_baseline
corpus_01,01.Candidate was found using a mobile phone in the examination hall..mkv,b842b03e5784d867e93770560d88150a526250df69077cd3065edbbd4c842098,dfine_native,63340.0,unknown_object,0.291,1026.44,435.07,1135.14,480.05,4889.2,108.7,44.98,2.417,False,,True,unattributed,7,evt_01-P03_upper_body_0019,24332faae3befd76,pose_hand_context,,40618.4,3.18,,1,01/e1/v1,rtmpose_baseline
corpus_01,01.Candidate was found using a mobile phone in the examination hall..mkv,b842b03e5784d867e93770560d88150a526250df69077cd3065edbbd4c842098,dfine_native,63340.0,unknown_object,0.3456,1003.83,436.69,1136.83,604.09,22263.8,133.0,167.4,0.795,False,,True,unattributed,7,evt_01-P03_upper_body_0019,24332faae3befd76,pose_hand_context,,40618.4,3.18,,1,01/e1/v1,rtmpose_baseline
corpus_01,01.Candidate was found using a mobile phone in the examination hall..mkv,b842b03e5784d867e93770560d88150a526250df69077cd3065edbbd4c842098,dfine_native,63340.0,unknown_object,0.2541,1015.02,436.63,1136.85,566.9,15871.2,121.83,130.28,0.935,False,,True,unattributed,7,evt_01-P03_upper_body_0019,24332faae3befd76,pose_hand_context,,40618.4,3.18,,1,01/e1/v1,rtmpose_baseline
corpus_01,01.Candidate was found using a mobile phone in the examination hall..mkv,b842b03e5784d867e93770560d88150a526250df69077cd3065edbbd4c842098,dfine_native,63340.0,unknown_object,0.5774,707.66,558.12,804.19,586.34,2724.3,96.53,28.22,3.42,False,,True,unattributed,4,evt_01-P03_upper_body_0019,8c2733e017393639,pose_hand_context,,20534.9,4.47,,1,01/e1/v1,rtmpose_baseline
corpus_01,01.Candidate was found using a mobile phone in the examination hall..mkv,b842b03e5784d867e93770560d88150a526250df69077cd3065edbbd4c842098,dfine_native,63340.0,bag,0.493,672.43,558.28,704.56,679.68,3899.9,32.13,121.39,0.265,False,,True,unattributed,4,evt_01-P03_upper_body_0019,8c2733e017393639,pose_hand_context,,20534.9,4.47,,1,01/e1/v1,rtmpose_baseline
corpus_01,01.Candidate was found using a mobile phone in the examination hall..mkv,b842b03e5784d867e93770560d88150a526250df69077cd3065edbbd4c842098,dfine_native,63340.0,monitor_or_bezel,0.4046,656.95,366.24,677.59,384.88,384.8,20.64,18.64,1.107,False,,True,unattributed,9,evt_01-P03_upper_body_0019,c30f76042b5728b8,native_source_context_fallback,wrist_confidence_below_floor,18649.5,3.43,,1,01/e1/v1,rtmpose_baseline
corpus_01,01.Candidate was found using a mobile phone in the examination hall..mkv,b842b03e5784d867e93770560d88150a526250df69077cd3065edbbd4c842098,dfine_native,63340.0,unknown_object,0.4965,730.53,369.34,756.95,433.85,1704.5,26.42,64.51,0.41,False,,True,unattributed,9,evt_01-P03_upper_body_0019,c30f76042b5728b8,native_source_context_fallback,wrist_confidence_below_floor,18649.5,3.43,,1,01/e1/v1,rtmpose_baseline
corpus_01,01.Candidate was found using a mobile phone in the examination hall..mkv,b842b03e5784d867e93770560d88150a526250df69077cd3065edbbd4c842098,dfine_native,63340.0,unknown_object,0.3637,730.67,369.38,756.93,403.29,890.8,26.26,33.92,0.774,False,,True,unattributed,9,evt_01-P03_upper_body_0019,c30f76042b5728b8,native_source_context_fallback,wrist_confidence_below_floor,18649.5,3.43,,1,01/e1/v1,rtmpose_baseline
corpus_01,01.Candidate was found using a mobile phone in the examination hall..mkv,b842b03e5784d867e93770560d88150a526250df69077cd3065edbbd4c842098,dfine_native,63340.0,bag,0.3109,695.42,451.05,747.41,485.82,1807.7,51.99,34.77,1.495,False,,True,unattributed,9,evt_01-P03_upper_body_0019,c30f76042b5728b8,native_source_context_fallback,wrist_confidence_below_floor,18649.5,3.43,,1,01/e1/v1,rtmpose_baseline
corpus_01,01.Candidate was found using a mobile phone in the examination hall..mkv,b842b03e5784d867e93770560d88150a526250df69077cd3065edbbd4c842098,dfine_native,63340.0,unknown_object,0.2937,706.27,451.04,743.34,462.28,416.9,37.07,11.25,3.296,False,,True,unattributed,9,evt_01-P03_upper_body_0019,c30f76042b5728b8,native_source_context_fallback,wrist_confidence_below_floor,18649.5,3.43,,1,01/e1/v1,rtmpose_baseline
corpus_01,01.Candidate was found using a mobile phone in the examination hall..mkv,b842b03e5784d867e93770560d88150a526250df69077cd3065edbbd4c842098,dfine_native,63380.0,bag,0.4011,737.1,700.18,782.62,712.04,540.1,45.52,11.86,3.836,False,,True,unattributed,4,evt_01-P01_desk_work_surface_0002,1c77acde358bd26c,pose_hand_context,,21685.5,4.35,,1,01/e1/v1,rtmpose_baseline
corpus_01,01.Candidate was found using a mobile phone in the examination hall..mkv,b842b03e5784d867e93770560d88150a526250df69077cd3065edbbd4c842098,dfine_native,63380.0,bag,0.3359,679.32,565.2,704.13,646.02,2004.8,24.81,80.82,0.307,False,,True,unattributed,4,evt_01-P01_desk_work_surface_0002,1c77acde358bd26c,pose_hand_context,,21685.5,4.35,,1,01/e1/v1,rtmpose_baseline
corpus_01,01.Candidate was found using a mobile phone in the examination hall..mkv,b842b03e5784d867e93770560d88150a526250df69077cd3065edbbd4c842098,dfine_native,63380.0,bag,0.4082,679.52,565.08,705.87,678.11,2978.8,26.35,113.03,0.233,False,,True,unattributed,4,evt_01-P01_desk_work_surface_0002,1c77acde358bd26c,pose_hand_context,,21685.5,4.35,,1,01/e1/v1,rtmpose_baseline
corpus_01,01.Candidate was found using a mobile phone in the examination hall..mkv,b842b03e5784d867e93770560d88150a526250df69077cd3065edbbd4c842098,dfine_native,63380.0,monitor_or_bezel,0.2987,657.96,366.2,678.64,383.28,353.2,20.68,17.08,1.211,False,,True,unattributed,9,evt_01-P01_desk_work_surface_0002,6c59d5387e958263,native_source_context_fallback,wrist_confidence_below_floor,18759.9,3.42,,1,01/e1/v1,rtmpose_baseline
corpus_01,01.Candidate was found using a mobile phone in the examination hall..mkv,b842b03e5784d867e93770560d88150a526250df69077cd3065edbbd4c842098,dfine_native,63380.0,unknown_object,0.3841,731.68,369.36,757.98,433.92,1698.3,26.31,64.56,0.407,False,,True,unattributed,9,evt_01-P01_desk_work_surface_0002,6c59d5387e958263,native_source_context_fallback,wrist_confidence_below_floor,18759.9,3.42,,1,01/e1/v1,rtmpose_baseline
corpus_01,01.Candidate was found using a mobile phone in the examination hall..mkv,b842b03e5784d867e93770560d88150a526250df69077cd3065edbbd4c842098,dfine_native,63380.0,unknown_object,0.3545,733.51,398.84,757.98,434.12,863.0,24.47,35.28,0.694,False,,True,unattributed,9,evt_01-P01_desk_work_surface_0002,6c59d5387e958263,native_source_context_fallback,wrist_confidence_below_floor,18759.9,3.42,,1,01/e1/v1,rtmpose_baseline
corpus_01,01.Candidate was found using a mobile phone in the examination hall..mkv,b842b03e5784d867e93770560d88150a526250df69077cd3065edbbd4c842098,dfine_native,63380.0,unknown_object,0.3359,731.86,369.41,757.95,404.52,916.1,26.09,35.11,0.743,False,,True,unattributed,9,evt_01-P01_desk_work_surface_0002,6c59d5387e958263,native_source_context_fallback,wrist_confidence_below_floor,18759.9,3.42,,1,01/e1/v1,rtmpose_baseline
corpus_01,01.Candidate was found using a mobile phone in the examination hall..mkv,b842b03e5784d867e93770560d88150a526250df69077cd3065edbbd4c842098,dfine_native,63380.0,phone,0.3173,703.69,451.21,743.74,462.34,445.8,40.05,11.13,3.598,False,,True,unattributed,9,evt_01-P01_desk_work_surface_0002,6c59d5387e958263,native_source_context_fallback,wrist_confidence_below_floor,18759.9,3.42,,1,01/e1/v1,rtmpose_baseline
corpus_01,01.Candidate was found using a mobile phone in the examination hall..mkv,b842b03e5784d867e93770560d88150a526250df69077cd3065edbbd4c842098,dfine_native,63380.0,bag,0.259,696.47,451.27,748.43,485.75,1791.8,51.96,34.48,1.507,False,,True,unattributed,9,evt_01-P01_desk_work_surface_0002,6c59d5387e958263,native_source_context_fallback,wrist_confidence_below_floor,18759.9,3.42,,1,01/e1/v1,rtmpose_baseline
corpus_01,01.Candidate was found using a mobile phone in the examination hall..mkv,b842b03e5784d867e93770560d88150a526250df69077cd3065edbbd4c842098,dfine_native,63380.0,unknown_object,0.6141,957.09,484.31,1017.76,531.39,2857.0,60.68,47.08,1.289,False,,True,unattributed,7,evt_01-P01_desk_work_surface_0002,9fba296d9d830f30,pose_hand_context,,41152.2,3.15,,1,01/e1/v1,rtmpose_baseline
corpus_01,01.Candidate was found using a mobile phone in the examination hall..mkv,b842b03e5784d867e93770560d88150a526250df69077cd3065edbbd4c842098,dfine_native,63380.0,unknown_object,0.5722,1015.19,436.64,1138.88,566.38,16047.8,123.69,129.75,0.953,False,,True,unattributed,7,evt_01-P01_desk_work_surface_0002,9fba296d9d830f30,pose_hand_context,,41152.2,3.15,,1,01/e1/v1,rtmpose_baseline
corpus_01,01.Candidate was found using a mobile phone in the examination hall..mkv,b842b03e5784d867e93770560d88150a526250df69077cd3065edbbd4c842098,dfine_native,63380.0,unknown_object,0.5145,939.77,436.16,1030.63,487.72,4684.7,90.87,51.56,1.763,False,,True,unattributed,7,evt_01-P01_desk_work_surface_0002,9fba296d9d830f30,pose_hand_context,,41152.2,3.15,,1,01/e1/v1,rtmpose_baseline
corpus_01,01.Candidate was found using a mobile phone in the examination hall..mkv,b842b03e5784d867e93770560d88150a526250df69077cd3065edbbd4c842098,dfine_native,63380.0,unknown_object,0.3538,990.08,578.22,1138.85,638.32,8940.2,148.77,60.1,2.475,False,,True,unattributed,7,evt_01-P01_desk_work_surface_0002,9fba296d9d830f30,pose_hand_context,,41152.2,3.15,,1,01/e1/v1,rtmpose_baseline
corpus_01,01.Candidate was found using a mobile phone in the examination hall..mkv,b842b03e5784d867e93770560d88150a526250df69077cd3065edbbd4c842098,dfine_native,63380.0,unknown_object,0.3892,980.59,436.23,1031.78,486.94,2595.9,51.19,50.72,1.009,False,,True,unattributed,7,evt_01-P01_desk_work_surface_0002,9fba296d9d830f30,pose_hand_context,,41152.2,3.15,,1,01/e1/v1,rtmpose_baseline
corpus_01,01.Candidate was found using a mobile phone in the examination hall..mkv,b842b03e5784d867e93770560d88150a526250df69077cd3065edbbd4c842098,dfine_native,63380.0,unknown_object,0.3135,936.06,436.08,968.39,458.13,712.8,32.33,22.05,1.467,False,,True,unattributed,7,evt_01-P01_desk_work_surface_0002,9fba296d9d830f30,pose_hand_context,,41152.2,3.15,,1,01/e1/v1,rtmpose_baseline
corpus_01,01.Candidate was found using a mobile phone in the examination hall..mkv,b842b03e5784d867e93770560d88150a526250df69077cd3065edbbd4c842098,dfine_native,63380.0,unknown_object,0.2606,936.04,436.11,968.54,464.97,938.3,32.5,28.87,1.126,False,,True,unattributed,7,evt_01-P01_desk_work_surface_0002,9fba296d9d830f30,pose_hand_context,,41152.2,3.15,,1,01/e1/v1,rtmpose_baseline
corpus_01,01.Candidate was found using a mobile phone in the examination hall..mkv,b842b03e5784d867e93770560d88150a526250df69077cd3065edbbd4c842098,dfine_native,63380.0,unknown_object,0.2995,980.97,436.17,1031.17,469.39,1667.8,50.2,33.22,1.511,False,,True,unattributed,7,evt_01-P01_desk_work_surface_0002,9fba296d9d830f30,pose_hand_context,,41152.2,3.15,,1,01/e1/v1,rtmpose_baseline
corpus_01,01.Candidate was found using a mobile phone in the examination hall..mkv,b842b03e5784d867e93770560d88150a526250df69077cd3065edbbd4c842098,dfine_native,63380.0,unknown_object,0.3136,937.67,436.23,1031.0,526.49,8424.2,93.33,90.26,1.034,False,,True,unattributed,7,evt_01-P01_desk_work_surface_0002,9fba296d9d830f30,pose_hand_context,,41152.2,3.15,,1,01/e1/v1,rtmpose_baseline
corpus_01,01.Candidate was found using a mobile phone in the examination hall..mkv,b842b03e5784d867e93770560d88150a526250df69077cd3065edbbd4c842098,dfine_native,63380.0,unknown_object,0.3293,1015.4,436.35,1138.89,584.59,18306.7,123.49,148.24,0.833,False,,True,unattributed,7,evt_01-P01_desk_work_surface_0002,9fba296d9d830f30,pose_hand_context,,41152.2,3.15,,1,01/e1/v1,rtmpose_baseline
corpus_01,01.Candidate was found using a mobile phone in the examination hall..mkv,b842b03e5784d867e93770560d88150a526250df69077cd3065edbbd4c842098,dfine_native,63380.0,unknown_object,0.2587,1015.04,436.62,1138.84,566.19,16040.5,123.8,129.56,0.956,False,,True,unattributed,7,evt_01-P01_desk_work_surface_0002,9fba296d9d830f30,pose_hand_context,,41152.2,3.15,,1,01/e1/v1,rtmpose_baseline
corpus_01,01.Candidate was found using a mobile phone in the examination hall..mkv,b842b03e5784d867e93770560d88150a526250df69077cd3065edbbd4c842098,dfine_native,63380.0,unknown_object,0.2651,950.07,436.24,1032.02,530.78,7747.6,81.95,94.54,0.867,False,,True,unattributed,7,evt_01-P01_desk_work_surface_0002,9fba296d9d830f30,pose_hand_context,,41152.2,3.15,,1,01/e1/v1,rtmpose_baseline
corpus_01,01.Candidate was found using a mobile phone in the examination hall..mkv,b842b03e5784d867e93770560d88150a526250df69077cd3065edbbd4c842098,dfine_native,63500.0,phone,0.4221,704.26,451.24,749.96,462.35,507.6,45.7,11.11,4.114,False,,True,unattributed,9,evt_01-P01_upper_body_0006,5c64565791f65a95,native_source_context_fallback,wrist_confidence_below_floor,19108.2,3.39,,1,01/e1/v1,rtmpose_baseline
corpus_01,01.Candidate was found using a mobile phone in the examination hall..mkv,b842b03e5784d867e93770560d88150a526250df69077cd3065edbbd4c842098,dfine_native,63500.0,unknown_object,0.443,718.48,340.55,744.22,363.07,579.6,25.74,22.52,1.143,False,,True,unattributed,9,evt_01-P01_upper_body_0006,5c64565791f65a95,native_source_context_fallback,wrist_confidence_below_floor,19108.2,3.39,,1,01/e1/v1,rtmpose_baseline
corpus_01,01.Candidate was found using a mobile phone in the examination hall..mkv,b842b03e5784d867e93770560d88150a526250df69077cd3065edbbd4c842098,dfine_native,63500.0,unknown_object,0.4475,717.89,340.27,744.38,383.9,1155.5,26.48,43.63,0.607,False,,True,unattributed,9,evt_01-P01_upper_body_0006,5c64565791f65a95,native_source_context_fallback,wrist_confidence_below_floor,19108.2,3.39,,1,01/e1/v1,rtmpose_baseline
corpus_01,01.Candidate was found using a mobile phone in the examination hall..mkv,b842b03e5784d867e93770560d88150a526250df69077cd3065edbbd4c842098,dfine_native,63500.0,unknown_object,0.2869,736.41,369.27,762.01,430.84,1575.6,25.59,61.56,0.416,False,,True,unattributed,9,evt_01-P01_upper_body_0006,5c64565791f65a95,native_source_context_fallback,wrist_confidence_below_floor,19108.2,3.39,,1,01/e1/v1,rtmpose_baseline
corpus_01,01.Candidate was found using a mobile phone in the examination hall..mkv,b842b03e5784d867e93770560d88150a526250df69077cd3065edbbd4c842098,dfine_native,63500.0,bag,0.2967,692.84,450.9,753.01,488.02,2233.9,60.17,37.13,1.621,False,,True,unattributed,9,evt_01-P01_upper_body_0006,5c64565791f65a95,native_source_context_fallback,wrist_confidence_below_floor,19108.2,3.39,,1,01/e1/v1,rtmpose_baseline
corpus_01,01.Candidate was found using a mobile phone in the examination hall..mkv,b842b03e5784d867e93770560d88150a526250df69077cd3065edbbd4c842098,dfine_native,63500.0,unknown_object,0.2579,709.92,339.5,744.59,384.51,1560.7,34.67,45.01,0.77,False,,True,unattributed,9,evt_01-P01_upper_body_0006,5c64565791f65a95,native_source_context_fallback,wrist_confidence_below_floor,19108.2,3.39,,1,01/e1/v1,rtmpose_baseline
corpus_01,01.Candidate was found using a mobile phone in the examination hall..mkv,b842b03e5784d867e93770560d88150a526250df69077cd3065edbbd4c842098,dfine_native,63500.0,unknown_object,0.2651,710.19,340.24,744.34,363.53,795.3,34.15,23.29,1.466,False,,True,unattributed,9,evt_01-P01_upper_body_0006,5c64565791f65a95,native_source_context_fallback,wrist_confidence_below_floor,19108.2,3.39,,1,01/e1/v1,rtmpose_baseline
corpus_01,01.Candidate was found using a mobile phone in the examination hall..mkv,b842b03e5784d867e93770560d88150a526250df69077cd3065edbbd4c842098,dfine_native,63500.0,bag,0.4453,726.88,700.06,788.54,719.61,1205.6,61.67,19.55,3.154,False,,True,unattributed,4,evt_01-P01_upper_body_0006,ac1335e3382ff960,pose_hand_context,,22082.5,4.14,,1,01/e1/v1,rtmpose_baseline
corpus_01,01.Candidate was found using a mobile phone in the examination hall..mkv,b842b03e5784d867e93770560d88150a526250df69077cd3065edbbd4c842098,dfine_native,63500.0,bag,0.3229,688.48,577.63,713.04,675.33,2399.3,24.56,97.7,0.251,False,,True,unattributed,4,evt_01-P01_upper_body_0006,ac1335e3382ff960,pose_hand_context,,22082.5,4.14,,1,01/e1/v1,rtmpose_baseline
corpus_01,01.Candidate was found using a mobile phone in the examination hall..mkv,b842b03e5784d867e93770560d88150a526250df69077cd3065edbbd4c842098,dfine_native,63500.0,unknown_object,0.6469,1015.35,436.52,1142.79,579.82,18263.0,127.44,143.3,0.889,False,,True,unattributed,7,evt_01-P01_upper_body_0006,da5d6e8c8c042a26,pose_hand_context,,43397.2,3.07,,1,01/e1/v1,rtmpose_baseline
corpus_01,01.Candidate was found using a mobile phone in the examination hall..mkv,b842b03e5784d867e93770560d88150a526250df69077cd3065edbbd4c842098,dfine_native,63500.0,unknown_object,0.3742,990.48,577.79,1142.84,642.06,9793.5,152.36,64.28,2.37,False,,True,unattributed,7,evt_01-P01_upper_body_0006,da5d6e8c8c042a26,pose_hand_context,,43397.2,3.07,,1,01/e1/v1,rtmpose_baseline
corpus_01,01.Candidate was found using a mobile phone in the examination hall..mkv,b842b03e5784d867e93770560d88150a526250df69077cd3065edbbd4c842098,dfine_native,63500.0,unknown_object,0.5502,957.23,484.37,1017.85,530.98,2825.8,60.63,46.61,1.301,False,,True,unattributed,7,evt_01-P01_upper_body_0006,da5d6e8c8c042a26,pose_hand_context,,43397.2,3.07,,1,01/e1/v1,rtmpose_baseline
corpus_01,01.Candidate was found using a mobile phone in the examination hall..mkv,b842b03e5784d867e93770560d88150a526250df69077cd3065edbbd4c842098,dfine_native,63500.0,unknown_object,0.3356,1004.66,436.23,1142.82,603.57,23118.7,138.15,167.34,0.826,False,,True,unattributed,7,evt_01-P01_upper_body_0006,da5d6e8c8c042a26,pose_hand_context,,43397.2,3.07,,1,01/e1/v1,rtmpose_baseline
corpus_01,01.Candidate was found using a mobile phone in the examination hall..mkv,b842b03e5784d867e93770560d88150a526250df69077cd3065edbbd4c842098,dfine_native,63500.0,unknown_object,0.4112,935.76,435.17,1031.21,487.37,4982.7,95.46,52.2,1.829,False,,True,unattributed,7,evt_01-P01_upper_body_0006,da5d6e8c8c042a26,pose_hand_context,,43397.2,3.07,,1,01/e1/v1,rtmpose_baseline
corpus_01,01.Candidate was found using a mobile phone in the examination hall..mkv,b842b03e5784d867e93770560d88150a526250df69077cd3065edbbd4c842098,dfine_native,63500.0,unknown_object,0.2869,989.92,436.56,1142.82,641.81,31382.0,152.9,205.25,0.745,False,,True,unattributed,7,evt_01-P01_upper_body_0006,da5d6e8c8c042a26,pose_hand_context,,43397.2,3.07,,1,01/e1/v1,rtmpose_baseline
corpus_01,01.Candidate was found using a mobile phone in the examination hall..mkv,b842b03e5784d867e93770560d88150a526250df69077cd3065edbbd4c842098,dfine_native,63500.0,unknown_object,0.3032,935.4,435.22,1031.7,529.7,9097.8,96.29,94.48,1.019,False,,True,unattributed,7,evt_01-P01_upper_body_0006,da5d6e8c8c042a26,pose_hand_context,,43397.2,3.07,,1,01/e1/v1,rtmpose_baseline
corpus_01,01.Candidate was found using a mobile phone in the examination hall..mkv,b842b03e5784d867e93770560d88150a526250df69077cd3065edbbd4c842098,dfine_native,63820.0,unknown_object,0.3941,476.08,624.06,564.95,719.22,8457.5,88.88,95.16,0.934,False,,True,unattributed,4,evt_01-P06_upper_body_0046,03051f3f13879f27,pose_hand_context,,13626.0,4.01,,1,01/e1/v1,rtmpose_baseline
corpus_01,01.Candidate was found using a mobile phone in the examination hall..mkv,b842b03e5784d867e93770560d88150a526250df69077cd3065edbbd4c842098,dfine_native,63820.0,unknown_object,0.2702,476.04,630.32,547.25,719.14,6325.5,71.22,88.82,0.802,False,,True,unattributed,4,evt_01-P06_upper_body_0046,03051f3f13879f27,pose_hand_context,,13626.0,4.01,,1,01/e1/v1,rtmpose_baseline
corpus_01,01.Candidate was found using a mobile phone in the examination hall..mkv,b842b03e5784d867e93770560d88150a526250df69077cd3065edbbd4c842098,dfine_native,63820.0,phone,0.4285,717.4,452.15,751.99,464.17,415.6,34.59,12.02,2.878,False,,True,unattributed,9,evt_01-P06_upper_body_0046,956da4fadbe9ce26,native_source_context_fallback,wrist_confidence_below_floor,17796.3,3.39,,1,01/e1/v1,rtmpose_baseline
corpus_01,01.Candidate was found using a mobile phone in the examination hall..mkv,b842b03e5784d867e93770560d88150a526250df69077cd3065edbbd4c842098,dfine_native,63820.0,unknown_object,0.3046,732.9,341.15,757.26,360.59,473.8,24.36,19.45,1.253,False,,True,unattributed,9,evt_01-P06_upper_body_0046,956da4fadbe9ce26,native_source_context_fallback,wrist_confidence_below_floor,17796.3,3.39,,1,01/e1/v1,rtmpose_baseline
corpus_01,01.Candidate was found using a mobile phone in the examination hall..mkv,b842b03e5784d867e93770560d88150a526250df69077cd3065edbbd4c842098,dfine_native,63820.0,unknown_object,0.4344,748.3,369.43,771.09,431.43,1412.7,22.79,62.0,0.368,False,,True,unattributed,9,evt_01-P06_upper_body_0046,956da4fadbe9ce26,native_source_context_fallback,wrist_confidence_below_floor,17796.3,3.39,,1,01/e1/v1,rtmpose_baseline
corpus_01,01.Candidate was found using a mobile phone in the examination hall..mkv,b842b03e5784d867e93770560d88150a526250df69077cd3065edbbd4c842098,dfine_native,63820.0,unknown_object,0.3405,747.93,336.38,771.1,431.72,2209.5,23.17,95.34,0.243,False,,True,unattributed,9,evt_01-P06_upper_body_0046,956da4fadbe9ce26,native_source_context_fallback,wrist_confidence_below_floor,17796.3,3.39,,1,01/e1/v1,rtmpose_baseline
corpus_01,01.Candidate was found using a mobile phone in the examination hall..mkv,b842b03e5784d867e93770560d88150a526250df69077cd3065edbbd4c842098,dfine_native,63820.0,unknown_object,0.5614,1005.23,436.54,1147.87,599.15,23195.3,142.64,162.61,0.877,False,,True,unattributed,7,evt_01-P06_upper_body_0046,98aa1545ef08ca80,pose_hand_context,,47271.5,2.94,,1,01/e1/v1,rtmpose_baseline
corpus_01,01.Candidate was found using a mobile phone in the examination hall..mkv,b842b03e5784d867e93770560d88150a526250df69077cd3065edbbd4c842098,dfine_native,63820.0,unknown_object,0.3269,957.86,484.36,1017.94,527.77,2608.3,60.08,43.41,1.384,False,,True,unattributed,7,evt_01-P06_upper_body_0046,98aa1545ef08ca80,pose_hand_context,,47271.5,2.94,,1,01/e1/v1,rtmpose_baseline
corpus_01,01.Candidate was found using a mobile phone in the examination hall..mkv,b842b03e5784d867e93770560d88150a526250df69077cd3065edbbd4c842098,dfine_native,63820.0,unknown_object,0.2982,1001.85,436.45,1147.8,615.89,26189.1,145.94,179.45,0.813,False,,True,unattributed,7,evt_01-P06_upper_body_0046,98aa1545ef08ca80,pose_hand_context,,47271.5,2.94,,1,01/e1/v1,rtmpose_baseline
corpus_01,01.Candidate was found using a mobile phone in the examination hall..mkv,b842b03e5784d867e93770560d88150a526250df69077cd3065edbbd4c842098,dfine_native,63820.0,unknown_object,0.3323,989.19,578.18,1147.83,651.46,11624.0,158.64,73.27,2.165,False,,True,unattributed,7,evt_01-P06_upper_body_0046,98aa1545ef08ca80,pose_hand_context,,47271.5,2.94,,1,01/e1/v1,rtmpose_baseline
corpus_01,01.Candidate was found using a mobile phone in the examination hall..mkv,b842b03e5784d867e93770560d88150a526250df69077cd3065edbbd4c842098,dfine_native,63820.0,unknown_object,0.3106,931.63,435.16,1031.58,486.8,5161.7,99.96,51.64,1.936,False,,True,unattributed,7,evt_01-P06_upper_body_0046,98aa1545ef08ca80,pose_hand_context,,47271.5,2.94,,1,01/e1/v1,rtmpose_baseline
corpus_01,01.Candidate was found using a mobile phone in the examination hall..mkv,b842b03e5784d867e93770560d88150a526250df69077cd3065edbbd4c842098,dfine_native,63820.0,unknown_object,0.3952,931.19,435.08,1032.45,529.12,9521.8,101.26,94.03,1.077,False,,True,unattributed,7,evt_01-P06_upper_body_0046,98aa1545ef08ca80,pose_hand_context,,47271.5,2.94,,1,01/e1/v1,rtmpose_baseline
corpus_01,01.Candidate was found using a mobile phone in the examination hall..mkv,b842b03e5784d867e93770560d88150a526250df69077cd3065edbbd4c842098,dfine_native,63820.0,unknown_object,0.3702,969.61,436.63,1147.79,642.03,36601.0,178.19,205.41,0.867,False,,True,unattributed,7,evt_01-P06_upper_body_0046,98aa1545ef08ca80,pose_hand_context,,47271.5,2.94,,1,01/e1/v1,rtmpose_baseline
corpus_01,01.Candidate was found using a mobile phone in the examination hall..mkv,b842b03e5784d867e93770560d88150a526250df69077cd3065edbbd4c842098,dfine_native,63820.0,unknown_object,0.5541,988.77,436.64,1147.78,649.07,33777.7,159.01,212.43,0.749,False,,True,unattributed,7,evt_01-P06_upper_body_0046,98aa1545ef08ca80,pose_hand_context,,47271.5,2.94,,1,01/e1/v1,rtmpose_baseline
corpus_01,01.Candidate was found using a mobile phone in the examination hall..mkv,b842b03e5784d867e93770560d88150a526250df69077cd3065edbbd4c842098,dfine_native,63860.0,unknown_object,0.4431,476.04,624.35,564.45,719.08,8375.0,88.41,94.73,0.933,False,,True,unattributed,4,evt_01-P03_desk_work_surface_0015,7da8e6c0fb10d431,pose_hand_context,,13323.5,4.05,,1,01/e1/v1,rtmpose_baseline
corpus_01,01.Candidate was found using a mobile phone in the examination hall..mkv,b842b03e5784d867e93770560d88150a526250df69077cd3065edbbd4c842098,dfine_native,63860.0,unknown_object,0.2685,515.11,624.22,564.8,705.19,4022.8,49.68,80.97,0.614,False,,True,unattributed,4,evt_01-P03_desk_work_surface_0015,7da8e6c0fb10d431,pose_hand_context,,13323.5,4.05,,1,01/e1/v1,rtmpose_baseline
corpus_01,01.Candidate was found using a mobile phone in the examination hall..mkv,b842b03e5784d867e93770560d88150a526250df69077cd3065edbbd4c842098,dfine_native,63860.0,monitor_or_bezel,0.2534,476.01,680.7,508.77,718.55,1240.2,32.76,37.85,0.866,False,,True,unattributed,4,evt_01-P03_desk_work_surface_0015,7da8e6c0fb10d431,pose_hand_context,,13323.5,4.05,,1,01/e1/v1,rtmpose_baseline
corpus_01,01.Candidate was found using a mobile phone in the examination hall..mkv,b842b03e5784d867e93770560d88150a526250df69077cd3065edbbd4c842098,dfine_native,63860.0,unknown_object,0.2563,476.1,624.33,621.23,719.35,13790.9,145.13,95.02,1.527,False,,True,unattributed,4,evt_01-P03_desk_work_surface_0015,7da8e6c0fb10d431,pose_hand_context,,13323.5,4.05,,1,01/e1/v1,rtmpose_baseline
corpus_01,01.Candidate was found using a mobile phone in the examination hall..mkv,b842b03e5784d867e93770560d88150a526250df69077cd3065edbbd4c842098,dfine_native,63860.0,unknown_object,0.2695,476.01,635.72,545.66,719.06,5804.7,69.65,83.34,0.836,False,,True,unattributed,4,evt_01-P03_desk_work_surface_0015,7da8e6c0fb10d431,pose_hand_context,,13323.5,4.05,,1,01/e1/v1,rtmpose_baseline
corpus_01,01.Candidate was found using a mobile phone in the examination hall..mkv,b842b03e5784d867e93770560d88150a526250df69077cd3065edbbd4c842098,dfine_native,63860.0,phone,0.6275,718.68,452.46,752.57,464.75,416.4,33.89,12.29,2.758,False,,True,unattributed,9,evt_01-P03_desk_work_surface_0015,a5b89ed25688f378,native_source_context_fallback,wrist_confidence_below_floor,17476.9,3.42,,1,01/e1/v1,rtmpose_baseline
corpus_01,01.Candidate was found using a mobile phone in the examination hall..mkv,b842b03e5784d867e93770560d88150a526250df69077cd3065edbbd4c842098,dfine_native,63860.0,unknown_object,0.2588,752.05,336.44,771.14,372.26,683.6,19.08,35.83,0.533,False,,True,unattributed,9,evt_01-P03_desk_work_surface_0015,a5b89ed25688f378,native_source_context_fallback,wrist_confidence_below_floor,17476.9,3.42,,1,01/e1/v1,rtmpose_baseline
corpus_01,01.Candidate was found using a mobile phone in the examination hall..mkv,b842b03e5784d867e93770560d88150a526250df69077cd3065edbbd4c842098,dfine_native,63860.0,unknown_object,0.2992,749.46,369.59,771.14,430.52,1321.3,21.68,60.93,0.356,False,,True,unattributed,9,evt_01-P03_desk_work_surface_0015,a5b89ed25688f378,native_source_context_fallback,wrist_confidence_below_floor,17476.9,3.42,,1,01/e1/v1,rtmpose_baseline
corpus_01,01.Candidate was found using a mobile phone in the examination hall..mkv,b842b03e5784d867e93770560d88150a526250df69077cd3065edbbd4c842098,dfine_native,63860.0,unknown_object,0.31,749.19,336.44,771.13,430.68,2067.8,21.94,94.25,0.233,False,,True,unattributed,9,evt_01-P03_desk_work_surface_0015,a5b89ed25688f378,native_source_context_fallback,wrist_confidence_below_floor,17476.9,3.42,,1,01/e1/v1,rtmpose_baseline
corpus_01,01.Candidate was found using a mobile phone in the examination hall..mkv,b842b03e5784d867e93770560d88150a526250df69077cd3065edbbd4c842098,dfine_native,63860.0,unknown_object,0.6611,1002.7,437.29,1147.83,605.97,24480.0,145.13,168.68,0.86,False,,True,unattributed,7,evt_01-P03_desk_work_surface_0015,ff3226c83ee22aef,pose_hand_context,,46820.3,2.96,,1,01/e1/v1,rtmpose_baseline
corpus_01,01.Candidate was found using a mobile phone in the examination hall..mkv,b842b03e5784d867e93770560d88150a526250df69077cd3065edbbd4c842098,dfine_native,63860.0,unknown_object,0.4159,957.36,484.44,1017.76,529.63,2729.5,60.4,45.19,1.336,False,,True,unattributed,7,evt_01-P03_desk_work_surface_0015,ff3226c83ee22aef,pose_hand_context,,46820.3,2.96,,1,01/e1/v1,rtmpose_baseline
corpus_01,01.Candidate was found using a mobile phone in the examination hall..mkv,b842b03e5784d867e93770560d88150a526250df69077cd3065edbbd4c842098,dfine_native,63860.0,unknown_object,0.3112,989.36,578.39,1147.87,650.2,11381.8,158.51,71.8,2.208,False,,True,unattributed,7,evt_01-P03_desk_work_surface_0015,ff3226c83ee22aef,pose_hand_context,,46820.3,2.96,,1,01/e1/v1,rtmpose_baseline
corpus_01,01.Candidate was found using a mobile phone in the examination hall..mkv,b842b03e5784d867e93770560d88150a526250df69077cd3065edbbd4c842098,dfine_native,63860.0,unknown_object,0.3024,931.54,436.16,1031.55,488.41,5225.4,100.01,52.25,1.914,False,,True,unattributed,7,evt_01-P03_desk_work_surface_0015,ff3226c83ee22aef,pose_hand_context,,46820.3,2.96,,1,01/e1/v1,rtmpose_baseline
corpus_01,01.Candidate was found using a mobile phone in the examination hall..mkv,b842b03e5784d867e93770560d88150a526250df69077cd3065edbbd4c842098,dfine_native,63860.0,unknown_object,0.3421,931.3,436.16,1032.2,529.8,9448.7,100.91,93.64,1.078,False,,True,unattributed,7,evt_01-P03_desk_work_surface_0015,ff3226c83ee22aef,pose_hand_context,,46820.3,2.96,,1,01/e1/v1,rtmpose_baseline
corpus_01,01.Candidate was found using a mobile phone in the examination hall..mkv,b842b03e5784d867e93770560d88150a526250df69077cd3065edbbd4c842098,dfine_native,63860.0,unknown_object,0.2547,1026.88,436.15,1093.37,479.91,2909.4,66.49,43.76,1.519,False,,True,unattributed,7,evt_01-P03_desk_work_surface_0015,ff3226c83ee22aef,pose_hand_context,,46820.3,2.96,,1,01/e1/v1,rtmpose_baseline
corpus_01,01.Candidate was found using a mobile phone in the examination hall..mkv,b842b03e5784d867e93770560d88150a526250df69077cd3065edbbd4c842098,dfine_native,63860.0,unknown_object,0.387,988.96,437.36,1147.87,648.3,33519.0,158.9,210.94,0.753,False,,True,unattributed,7,evt_01-P03_desk_work_surface_0015,ff3226c83ee22aef,pose_hand_context,,46820.3,2.96,,1,01/e1/v1,rtmpose_baseline
corpus_01,01.Candidate was found using a mobile phone in the examination hall..mkv,b842b03e5784d867e93770560d88150a526250df69077cd3065edbbd4c842098,dfine_native,64020.0,phone,0.324,723.06,452.84,753.98,466.85,433.2,30.91,14.01,2.206,False,,True,unattributed,9,evt_01-P06_desk_work_surface_0043,04624ac6c69b85d2,native_source_context_fallback,wrist_confidence_below_floor,16505.1,3.41,,1,01/e1/v1,rtmpose_baseline
corpus_01,01.Candidate was found using a mobile phone in the examination hall..mkv,b842b03e5784d867e93770560d88150a526250df69077cd3065edbbd4c842098,dfine_native,64020.0,unknown_object,0.2825,738.21,341.24,763.11,383.6,1054.5,24.9,42.36,0.588,False,,True,unattributed,9,evt_01-P06_desk_work_surface_0043,04624ac6c69b85d2,native_source_context_fallback,wrist_confidence_below_floor,16505.1,3.41,,1,01/e1/v1,rtmpose_baseline
corpus_01,01.Candidate was found using a mobile phone in the examination hall..mkv,b842b03e5784d867e93770560d88150a526250df69077cd3065edbbd4c842098,dfine_native,64020.0,unknown_object,0.2634,732.64,418.7,771.51,460.49,1624.5,38.87,41.79,0.93,False,,True,unattributed,9,evt_01-P06_desk_work_surface_0043,04624ac6c69b85d2,native_source_context_fallback,wrist_confidence_below_floor,16505.1,3.41,,1,01/e1/v1,rtmpose_baseline
corpus_01,01.Candidate was found using a mobile phone in the examination hall..mkv,b842b03e5784d867e93770560d88150a526250df69077cd3065edbbd4c842098,dfine_native,64020.0,unknown_object,0.2952,478.99,626.8,547.63,719.03,6330.8,68.64,92.23,0.744,False,,True,unattributed,4,evt_01-P06_desk_work_surface_0043,9af31f435fcf7a11,pose_hand_context,,11648.1,4.28,,1,01/e1/v1,rtmpose_baseline
corpus_01,01.Candidate was found using a mobile phone in the examination hall..mkv,b842b03e5784d867e93770560d88150a526250df69077cd3065edbbd4c842098,dfine_native,64020.0,unknown_object,0.3778,478.99,624.32,564.04,719.13,8063.1,85.05,94.8,0.897,False,,True,unattributed,4,evt_01-P06_desk_work_surface_0043,9af31f435fcf7a11,pose_hand_context,,11648.1,4.28,,1,01/e1/v1,rtmpose_baseline
corpus_01,01.Candidate was found using a mobile phone in the examination hall..mkv,b842b03e5784d867e93770560d88150a526250df69077cd3065edbbd4c842098,dfine_native,64020.0,unknown_object,0.2813,515.47,624.33,564.01,705.07,3918.9,48.54,80.74,0.601,False,,True,unattributed,4,evt_01-P06_desk_work_surface_0043,9af31f435fcf7a11,pose_hand_context,,11648.1,4.28,,1,01/e1/v1,rtmpose_baseline
corpus_01,01.Candidate was found using a mobile phone in the examination hall..mkv,b842b03e5784d867e93770560d88150a526250df69077cd3065edbbd4c842098,dfine_native,64020.0,unknown_object,0.3523,479.03,676.03,545.0,719.22,2849.5,65.97,43.19,1.527,False,,True,unattributed,4,evt_01-P06_desk_work_surface_0043,9af31f435fcf7a11,pose_hand_context,,11648.1,4.28,,1,01/e1/v1,rtmpose_baseline
corpus_01,01.Candidate was found using a mobile phone in the examination hall..mkv,b842b03e5784d867e93770560d88150a526250df69077cd3065edbbd4c842098,dfine_native,64020.0,unknown_object,0.298,478.99,633.8,545.51,719.06,5671.5,66.52,85.26,0.78,False,,True,unattributed,4,evt_01-P06_desk_work_surface_0043,9af31f435fcf7a11,pose_hand_context,,11648.1,4.28,,1,01/e1/v1,rtmpose_baseline
corpus_01,01.Candidate was found using a mobile phone in the examination hall..mkv,b842b03e5784d867e93770560d88150a526250df69077cd3065edbbd4c842098,dfine_native,64020.0,unknown_object,0.6811,1013.6,437.67,1146.82,591.55,20498.5,133.22,153.87,0.866,False,,True,unattributed,7,evt_01-P06_desk_work_surface_0043,f0d03d7c148afb27,pose_hand_context,,46535.1,2.97,,1,01/e1/v1,rtmpose_baseline
corpus_01,01.Candidate was found using a mobile phone in the examination hall..mkv,b842b03e5784d867e93770560d88150a526250df69077cd3065edbbd4c842098,dfine_native,64020.0,unknown_object,0.4356,931.38,437.16,1032.0,530.37,9378.6,100.62,93.2,1.08,False,,True,unattributed,7,evt_01-P06_desk_work_surface_0043,f0d03d7c148afb27,pose_hand_context,,46535.1,2.97,,1,01/e1/v1,rtmpose_baseline
corpus_01,01.Candidate was found using a mobile phone in the examination hall..mkv,b842b03e5784d867e93770560d88150a526250df69077cd3065edbbd4c842098,dfine_native,64020.0,unknown_object,0.3142,989.25,578.62,1146.85,652.38,11624.4,157.6,73.76,2.137,False,,True,unattributed,7,evt_01-P06_desk_work_surface_0043,f0d03d7c148afb27,pose_hand_context,,46535.1,2.97,,1,01/e1/v1,rtmpose_baseline
corpus_01,01.Candidate was found using a mobile phone in the examination hall..mkv,b842b03e5784d867e93770560d88150a526250df69077cd3065edbbd4c842098,dfine_native,64020.0,unknown_object,0.3961,988.35,437.73,1146.89,651.17,33839.6,158.54,213.44,0.743,False,,True,unattributed,7,evt_01-P06_desk_work_surface_0043,f0d03d7c148afb27,pose_hand_context,,46535.1,2.97,,1,01/e1/v1,rtmpose_baseline
corpus_01,01.Candidate was found using a mobile phone in the examination hall..mkv,b842b03e5784d867e93770560d88150a526250df69077cd3065edbbd4c842098,dfine_native,64020.0,unknown_object,0.3591,956.57,484.51,1017.63,530.56,2811.6,61.06,46.05,1.326,False,,True,unattributed,7,evt_01-P06_desk_work_surface_0043,f0d03d7c148afb27,pose_hand_context,,46535.1,2.97,,1,01/e1/v1,rtmpose_baseline
corpus_01,01.Candidate was found using a mobile phone in the examination hall..mkv,b842b03e5784d867e93770560d88150a526250df69077cd3065edbbd4c842098,dfine_native,64020.0,unknown_object,0.2539,932.53,437.14,1031.39,489.38,5165.1,98.87,52.24,1.892,False,,True,unattributed,7,evt_01-P06_desk_work_surface_0043,f0d03d7c148afb27,pose_hand_context,,46535.1,2.97,,1,01/e1/v1,rtmpose_baseline
corpus_01,01.Candidate was found using a mobile phone in the examination hall..mkv,b842b03e5784d867e93770560d88150a526250df69077cd3065edbbd4c842098,dfine_native,64340.0,unknown_object,0.6076,1005.73,438.36,1143.84,599.34,22233.2,138.11,160.98,0.858,False,,True,unattributed,7,evt_01-P03_upper_body_0019,5e67cf09cc85d7b5,pose_hand_context,,46096.1,2.98,,1,01/e1/v1,rtmpose_baseline
corpus_01,01.Candidate was found using a mobile phone in the examination hall..mkv,b842b03e5784d867e93770560d88150a526250df69077cd3065edbbd4c842098,dfine_native,64340.0,unknown_object,0.4885,930.25,438.23,1032.24,531.68,9530.6,101.98,93.45,1.091,False,,True,unattributed,7,evt_01-P03_upper_body_0019,5e67cf09cc85d7b5,pose_hand_context,,46096.1,2.98,,1,01/e1/v1,rtmpose_baseline
corpus_01,01.Candidate was found using a mobile phone in the examination hall..mkv,b842b03e5784d867e93770560d88150a526250df69077cd3065edbbd4c842098,dfine_native,64340.0,unknown_object,0.2927,989.21,579.03,1143.87,651.42,11194.2,154.65,72.38,2.137,False,,True,unattributed,7,evt_01-P03_upper_body_0019,5e67cf09cc85d7b5,pose_hand_context,,46096.1,2.98,,1,01/e1/v1,rtmpose_baseline
corpus_01,01.Candidate was found using a mobile phone in the examination hall..mkv,b842b03e5784d867e93770560d88150a526250df69077cd3065edbbd4c842098,dfine_native,64340.0,unknown_object,0.3988,1004.53,438.3,1143.83,605.76,23327.5,139.3,167.46,0.832,False,,True,unattributed,7,evt_01-P03_upper_body_0019,5e67cf09cc85d7b5,pose_hand_context,,46096.1,2.98,,1,01/e1/v1,rtmpose_baseline
corpus_01,01.Candidate was found using a mobile phone in the examination hall..mkv,b842b03e5784d867e93770560d88150a526250df69077cd3065edbbd4c842098,dfine_native,64340.0,unknown_object,0.3378,988.13,438.34,1143.95,650.7,33088.1,155.81,212.36,0.734,False,,True,unattributed,7,evt_01-P03_upper_body_0019,5e67cf09cc85d7b5,pose_hand_context,,46096.1,2.98,,1,01/e1/v1,rtmpose_baseline
corpus_01,01.Candidate was found using a mobile phone in the examination hall..mkv,b842b03e5784d867e93770560d88150a526250df69077cd3065edbbd4c842098,dfine_native,64340.0,bag,0.3028,699.95,454.36,754.38,489.85,1931.6,54.43,35.49,1.534,False,,True,unattributed,9,evt_01-P03_upper_body_0019,5f902a8273829479,native_source_context_fallback,wrist_confidence_below_floor,15658.4,3.39,,1,01/e1/v1,rtmpose_baseline
corpus_01,01.Candidate was found using a mobile phone in the examination hall..mkv,b842b03e5784d867e93770560d88150a526250df69077cd3065edbbd4c842098,dfine_native,64340.0,unknown_object,0.2535,687.47,471.55,706.19,490.98,363.8,18.73,19.42,0.964,False,,True,unattributed,9,evt_01-P03_upper_body_0019,5f902a8273829479,native_source_context_fallback,wrist_confidence_below_floor,15658.4,3.39,,1,01/e1/v1,rtmpose_baseline
corpus_01,01.Candidate was found using a mobile phone in the examination hall..mkv,b842b03e5784d867e93770560d88150a526250df69077cd3065edbbd4c842098,dfine_native,64340.0,unknown_object,0.3959,484.04,623.92,566.12,719.67,7858.4,82.08,95.75,0.857,False,,True,unattributed,4,evt_01-P03_upper_body_0019,79ccb6fea0bee3e8,pose_hand_context,,10735.3,4.48,,1,01/e1/v1,rtmpose_baseline
corpus_01,01.Candidate was found using a mobile phone in the examination hall..mkv,b842b03e5784d867e93770560d88150a526250df69077cd3065edbbd4c842098,dfine_native,64340.0,unknown_object,0.2553,515.41,623.92,566.41,705.67,4169.6,51.0,81.75,0.624,False,,True,unattributed,4,evt_01-P03_upper_body_0019,79ccb6fea0bee3e8,pose_hand_context,,10735.3,4.48,,1,01/e1/v1,rtmpose_baseline
corpus_01,01.Candidate was found using a mobile phone in the examination hall..mkv,b842b03e5784d867e93770560d88150a526250df69077cd3065edbbd4c842098,dfine_native,64340.0,phone,0.3332,484.02,683.84,509.24,716.2,816.3,25.23,32.36,0.78,False,,True,unattributed,4,evt_01-P03_upper_body_0019,79ccb6fea0bee3e8,pose_hand_context,,10735.3,4.48,,1,01/e1/v1,rtmpose_baseline
corpus_01,01.Candidate was found using a mobile phone in the examination hall..mkv,b842b03e5784d867e93770560d88150a526250df69077cd3065edbbd4c842098,dfine_native,64340.0,unknown_object,0.2668,484.07,636.48,548.33,719.51,5335.1,64.26,83.02,0.774,False,,True,unattributed,4,evt_01-P03_upper_body_0019,79ccb6fea0bee3e8,pose_hand_context,,10735.3,4.48,,1,01/e1/v1,rtmpose_baseline
corpus_01,01.Candidate was found using a mobile phone in the examination hall..mkv,b842b03e5784d867e93770560d88150a526250df69077cd3065edbbd4c842098,dfine_native,64340.0,phone,0.273,484.02,684.62,507.99,705.1,490.8,23.97,20.48,1.171,False,,True,unattributed,4,evt_01-P03_upper_body_0019,79ccb6fea0bee3e8,pose_hand_context,,10735.3,4.48,,1,01/e1/v1,rtmpose_baseline
corpus_01,01.Candidate was found using a mobile phone in the examination hall..mkv,b842b03e5784d867e93770560d88150a526250df69077cd3065edbbd4c842098,dfine_native,64380.0,unknown_object,0.5822,1005.7,438.36,1143.8,597.19,21935.6,138.11,158.83,0.87,False,,True,unattributed,7,evt_01-P01_desk_work_surface_0002,1f614a383f284659,pose_hand_context,,45403.1,3.0,,1,01/e1/v1,rtmpose_baseline
corpus_01,01.Candidate was found using a mobile phone in the examination hall..mkv,b842b03e5784d867e93770560d88150a526250df69077cd3065edbbd4c842098,dfine_native,64380.0,unknown_object,0.5659,931.21,438.27,1031.79,531.38,9365.2,100.58,93.11,1.08,False,,True,unattributed,7,evt_01-P01_desk_work_surface_0002,1f614a383f284659,pose_hand_context,,45403.1,3.0,,1,01/e1/v1,rtmpose_baseline
corpus_01,01.Candidate was found using a mobile phone in the examination hall..mkv,b842b03e5784d867e93770560d88150a526250df69077cd3065edbbd4c842098,dfine_native,64380.0,unknown_object,0.3624,989.52,579.01,1143.84,650.4,11017.5,154.32,71.39,2.162,False,,True,unattributed,7,evt_01-P01_desk_work_surface_0002,1f614a383f284659,pose_hand_context,,45403.1,3.0,,1,01/e1/v1,rtmpose_baseline
corpus_01,01.Candidate was found using a mobile phone in the examination hall..mkv,b842b03e5784d867e93770560d88150a526250df69077cd3065edbbd4c842098,dfine_native,64380.0,unknown_object,0.2817,931.38,438.18,1031.21,488.31,5004.3,99.84,50.13,1.992,False,,True,unattributed,7,evt_01-P01_desk_work_surface_0002,1f614a383f284659,pose_hand_context,,45403.1,3.0,,1,01/e1/v1,rtmpose_baseline
corpus_01,01.Candidate was found using a mobile phone in the examination hall..mkv,b842b03e5784d867e93770560d88150a526250df69077cd3065edbbd4c842098,dfine_native,64380.0,unknown_object,0.4627,989.0,438.45,1143.86,649.5,32683.6,154.86,211.05,0.734,False,,True,unattributed,7,evt_01-P01_desk_work_surface_0002,1f614a383f284659,pose_hand_context,,45403.1,3.0,,1,01/e1/v1,rtmpose_baseline
corpus_01,01.Candidate was found using a mobile phone in the examination hall..mkv,b842b03e5784d867e93770560d88150a526250df69077cd3065edbbd4c842098,dfine_native,64380.0,unknown_object,0.2805,1004.4,438.29,1143.79,606.9,23502.5,139.39,168.61,0.827,False,,True,unattributed,7,evt_01-P01_desk_work_surface_0002,1f614a383f284659,pose_hand_context,,45403.1,3.0,,1,01/e1/v1,rtmpose_baseline
corpus_01,01.Candidate was found using a mobile phone in the examination hall..mkv,b842b03e5784d867e93770560d88150a526250df69077cd3065edbbd4c842098,dfine_native,64380.0,unknown_object,0.5881,736.93,341.47,762.07,377.79,913.1,25.14,36.32,0.692,False,,True,unattributed,9,evt_01-P01_desk_work_surface_0002,2a887bc96d9c6848,native_source_context_fallback,wrist_confidence_below_floor,15665.2,3.39,,1,01/e1/v1,rtmpose_baseline
corpus_01,01.Candidate was found using a mobile phone in the examination hall..mkv,b842b03e5784d867e93770560d88150a526250df69077cd3065edbbd4c842098,dfine_native,64380.0,unknown_object,0.3077,699.73,454.34,754.29,489.2,1901.6,54.56,34.85,1.566,False,,True,unattributed,9,evt_01-P01_desk_work_surface_0002,2a887bc96d9c6848,native_source_context_fallback,wrist_confidence_below_floor,15665.2,3.39,,1,01/e1/v1,rtmpose_baseline
corpus_01,01.Candidate was found using a mobile phone in the examination hall..mkv,b842b03e5784d867e93770560d88150a526250df69077cd3065edbbd4c842098,dfine_native,64380.0,unknown_object,0.2883,734.15,341.35,762.55,400.7,1685.2,28.39,59.35,0.478,False,,True,unattributed,9,evt_01-P01_desk_work_surface_0002,2a887bc96d9c6848,native_source_context_fallback,wrist_confidence_below_floor,15665.2,3.39,,1,01/e1/v1,rtmpose_baseline
corpus_01,01.Candidate was found using a mobile phone in the examination hall..mkv,b842b03e5784d867e93770560d88150a526250df69077cd3065edbbd4c842098,dfine_native,64380.0,unknown_object,0.3454,742.39,341.87,761.93,376.92,684.9,19.54,35.05,0.558,False,,True,unattributed,9,evt_01-P01_desk_work_surface_0002,2a887bc96d9c6848,native_source_context_fallback,wrist_confidence_below_floor,15665.2,3.39,,1,01/e1/v1,rtmpose_baseline
corpus_01,01.Candidate was found using a mobile phone in the examination hall..mkv,b842b03e5784d867e93770560d88150a526250df69077cd3065edbbd4c842098,dfine_native,64380.0,unknown_object,0.3815,484.02,624.34,566.41,719.49,7839.0,82.39,95.15,0.866,False,,True,unattributed,4,evt_01-P01_desk_work_surface_0002,f845b57d9612df30,pose_hand_context,,10558.7,4.52,,1,01/e1/v1,rtmpose_baseline
corpus_01,01.Candidate was found using a mobile phone in the examination hall..mkv,b842b03e5784d867e93770560d88150a526250df69077cd3065edbbd4c842098,dfine_native,64380.0,unknown_object,0.272,515.26,624.24,566.5,705.56,4166.8,51.24,81.32,0.63,False,,True,unattributed,4,evt_01-P01_desk_work_surface_0002,f845b57d9612df30,pose_hand_context,,10558.7,4.52,,1,01/e1/v1,rtmpose_baseline
corpus_01,01.Candidate was found using a mobile phone in the examination hall..mkv,b842b03e5784d867e93770560d88150a526250df69077cd3065edbbd4c842098,dfine_native,64380.0,phone,0.3861,484.02,683.73,509.2,716.23,818.6,25.18,32.51,0.775,False,,True,unattributed,4,evt_01-P01_desk_work_surface_0002,f845b57d9612df30,pose_hand_context,,10558.7,4.52,,1,01/e1/v1,rtmpose_baseline
corpus_01,01.Candidate was found using a mobile phone in the examination hall..mkv,b842b03e5784d867e93770560d88150a526250df69077cd3065edbbd4c842098,dfine_native,64380.0,phone,0.2865,484.03,684.51,507.98,705.24,496.4,23.95,20.73,1.156,False,,True,unattributed,4,evt_01-P01_desk_work_surface_0002,f845b57d9612df30,pose_hand_context,,10558.7,4.52,,1,01/e1/v1,rtmpose_baseline
corpus_01,01.Candidate was found using a mobile phone in the examination hall..mkv,b842b03e5784d867e93770560d88150a526250df69077cd3065edbbd4c842098,dfine_native,64380.0,unknown_object,0.2528,484.04,636.74,547.26,719.33,5221.2,63.22,82.59,0.765,False,,True,unattributed,4,evt_01-P01_desk_work_surface_0002,f845b57d9612df30,pose_hand_context,,10558.7,4.52,,1,01/e1/v1,rtmpose_baseline
corpus_01,01.Candidate was found using a mobile phone in the examination hall..mkv,b842b03e5784d867e93770560d88150a526250df69077cd3065edbbd4c842098,dfine_native,64500.0,phone,0.3933,724.82,454.05,754.38,466.17,358.1,29.56,12.12,2.44,False,,True,unattributed,9,evt_01-P01_upper_body_0006,0147c0897919cb2b,native_source_context_fallback,wrist_confidence_below_floor,15854.8,3.4,,1,01/e1/v1,rtmpose_baseline
corpus_01,01.Candidate was found using a mobile phone in the examination hall..mkv,b842b03e5784d867e93770560d88150a526250df69077cd3065edbbd4c842098,dfine_native,64500.0,unknown_object,0.479,741.43,342.09,759.71,362.85,379.7,18.28,20.77,0.88,False,,True,unattributed,9,evt_01-P01_upper_body_0006,0147c0897919cb2b,native_source_context_fallback,wrist_confidence_below_floor,15854.8,3.4,,1,01/e1/v1,rtmpose_baseline
corpus_01,01.Candidate was found using a mobile phone in the examination hall..mkv,b842b03e5784d867e93770560d88150a526250df69077cd3065edbbd4c842098,dfine_native,64500.0,unknown_object,0.2561,740.07,341.89,759.98,375.54,670.0,19.91,33.65,0.592,False,,True,unattributed,9,evt_01-P01_upper_body_0006,0147c0897919cb2b,native_source_context_fallback,wrist_confidence_below_floor,15854.8,3.4,,1,01/e1/v1,rtmpose_baseline
corpus_01,01.Candidate was found using a mobile phone in the examination hall..mkv,b842b03e5784d867e93770560d88150a526250df69077cd3065edbbd4c842098,dfine_native,64500.0,bag,0.2517,700.09,454.36,754.76,488.94,1890.6,54.67,34.58,1.581,False,,True,unattributed,9,evt_01-P01_upper_body_0006,0147c0897919cb2b,native_source_context_fallback,wrist_confidence_below_floor,15854.8,3.4,,1,01/e1/v1,rtmpose_baseline
corpus_01,01.Candidate was found using a mobile phone in the examination hall..mkv,b842b03e5784d867e93770560d88150a526250df69077cd3065edbbd4c842098,dfine_native,64500.0,unknown_object,0.3033,737.34,426.03,760.5,452.04,602.5,23.16,26.02,0.89,False,,True,unattributed,9,evt_01-P01_upper_body_0006,0147c0897919cb2b,native_source_context_fallback,wrist_confidence_below_floor,15854.8,3.4,,1,01/e1/v1,rtmpose_baseline
corpus_01,01.Candidate was found using a mobile phone in the examination hall..mkv,b842b03e5784d867e93770560d88150a526250df69077cd3065edbbd4c842098,dfine_native,64500.0,unknown_object,0.3516,736.62,423.99,772.29,456.95,1175.7,35.67,32.96,1.082,False,,True,unattributed,9,evt_01-P01_upper_body_0006,0147c0897919cb2b,native_source_context_fallback,wrist_confidence_below_floor,15854.8,3.4,,1,01/e1/v1,rtmpose_baseline
corpus_01,01.Candidate was found using a mobile phone in the examination hall..mkv,b842b03e5784d867e93770560d88150a526250df69077cd3065edbbd4c842098,dfine_native,64500.0,unknown_object,0.2775,703.47,461.72,751.24,483.26,1029.0,47.77,21.54,2.218,False,,True,unattributed,9,evt_01-P01_upper_body_0006,0147c0897919cb2b,native_source_context_fallback,wrist_confidence_below_floor,15854.8,3.4,,1,01/e1/v1,rtmpose_baseline
corpus_01,01.Candidate was found using a mobile phone in the examination hall..mkv,b842b03e5784d867e93770560d88150a526250df69077cd3065edbbd4c842098,dfine_native,64500.0,unknown_object,0.3878,479.99,627.79,546.59,719.19,6087.5,66.6,91.4,0.729,False,,True,unattributed,4,evt_01-P01_upper_body_0006,9c1d63353a9a7910,pose_hand_context,,10773.4,4.42,,1,01/e1/v1,rtmpose_baseline
corpus_01,01.Candidate was found using a mobile phone in the examination hall..mkv,b842b03e5784d867e93770560d88150a526250df69077cd3065edbbd4c842098,dfine_native,64500.0,unknown_object,0.3926,480.0,624.22,564.46,719.33,8033.1,84.46,95.11,0.888,False,,True,unattributed,4,evt_01-P01_upper_body_0006,9c1d63353a9a7910,pose_hand_context,,10773.4,4.42,,1,01/e1/v1,rtmpose_baseline
corpus_01,01.Candidate was found using a mobile phone in the examination hall..mkv,b842b03e5784d867e93770560d88150a526250df69077cd3065edbbd4c842098,dfine_native,64500.0,unknown_object,0.3336,587.15,626.86,625.01,717.15,3418.3,37.86,90.29,0.419,False,,True,unattributed,4,evt_01-P01_upper_body_0006,9c1d63353a9a7910,pose_hand_context,,10773.4,4.42,,1,01/e1/v1,rtmpose_baseline
corpus_01,01.Candidate was found using a mobile phone in the examination hall..mkv,b842b03e5784d867e93770560d88150a526250df69077cd3065edbbd4c842098,dfine_native,64500.0,unknown_object,0.7189,1003.07,438.29,1141.89,610.09,23849.7,138.82,171.8,0.808,False,,True,unattributed,7,evt_01-P01_upper_body_0006,9f16883afc7b43df,pose_hand_context,,45403.1,3.0,,1,01/e1/v1,rtmpose_baseline
corpus_01,01.Candidate was found using a mobile phone in the examination hall..mkv,b842b03e5784d867e93770560d88150a526250df69077cd3065edbbd4c842098,dfine_native,64500.0,unknown_object,0.486,929.18,438.21,1031.58,532.9,9696.5,102.4,94.69,1.081,False,,True,unattributed,7,evt_01-P01_upper_body_0006,9f16883afc7b43df,pose_hand_context,,45403.1,3.0,,1,01/e1/v1,rtmpose_baseline
corpus_01,01.Candidate was found using a mobile phone in the examination hall..mkv,b842b03e5784d867e93770560d88150a526250df69077cd3065edbbd4c842098,dfine_native,64500.0,unknown_object,0.4642,989.24,579.07,1141.87,650.42,10890.6,152.63,71.35,2.139,False,,True,unattributed,7,evt_01-P01_upper_body_0006,9f16883afc7b43df,pose_hand_context,,45403.1,3.0,,1,01/e1/v1,rtmpose_baseline
corpus_01,01.Candidate was found using a mobile phone in the examination hall..mkv,b842b03e5784d867e93770560d88150a526250df69077cd3065edbbd4c842098,dfine_native,64500.0,unknown_object,0.2667,955.34,484.35,1017.64,532.13,2976.8,62.3,47.78,1.304,False,,True,unattributed,7,evt_01-P01_upper_body_0006,9f16883afc7b43df,pose_hand_context,,45403.1,3.0,,1,01/e1/v1,rtmpose_baseline
corpus_01,01.Candidate was found using a mobile phone in the examination hall..mkv,b842b03e5784d867e93770560d88150a526250df69077cd3065edbbd4c842098,dfine_native,64500.0,unknown_object,0.2756,964.35,438.51,1141.88,646.39,36905.4,177.53,207.88,0.854,False,,True,unattributed,7,evt_01-P01_upper_body_0006,9f16883afc7b43df,pose_hand_context,,45403.1,3.0,,1,01/e1/v1,rtmpose_baseline
corpus_01,01.Candidate was found using a mobile phone in the examination hall..mkv,b842b03e5784d867e93770560d88150a526250df69077cd3065edbbd4c842098,dfine_native,64500.0,unknown_object,0.3863,989.1,438.26,1141.88,648.65,32142.6,152.78,210.39,0.726,False,,True,unattributed,7,evt_01-P01_upper_body_0006,9f16883afc7b43df,pose_hand_context,,45403.1,3.0,,1,01/e1/v1,rtmpose_baseline
corpus_01,01.Candidate was found using a mobile phone in the examination hall..mkv,b842b03e5784d867e93770560d88150a526250df69077cd3065edbbd4c842098,dfine_native,64820.0,unknown_object,0.8179,1003.14,442.27,1146.92,607.64,23779.3,143.79,165.38,0.869,False,,True,unattributed,7,evt_01-P06_upper_body_0046,0db8abc5a79e0a0c,pose_hand_context,,46371.3,2.97,,1,01/e1/v1,rtmpose_baseline
corpus_01,01.Candidate was found using a mobile phone in the examination hall..mkv,b842b03e5784d867e93770560d88150a526250df69077cd3065edbbd4c842098,dfine_native,64820.0,unknown_object,0.4181,933.08,442.17,1031.81,532.08,8877.2,98.74,89.91,1.098,False,,True,unattributed,7,evt_01-P06_upper_body_0046,0db8abc5a79e0a0c,pose_hand_context,,46371.3,2.97,,1,01/e1/v1,rtmpose_baseline
corpus_01,01.Candidate was found using a mobile phone in the examination hall..mkv,b842b03e5784d867e93770560d88150a526250df69077cd3065edbbd4c842098,dfine_native,64820.0,unknown_object,0.338,934.48,442.13,1031.28,487.76,4418.0,96.8,45.64,2.121,False,,True,unattributed,7,evt_01-P06_upper_body_0046,0db8abc5a79e0a0c,pose_hand_context,,46371.3,2.97,,1,01/e1/v1,rtmpose_baseline
corpus_01,01.Candidate was found using a mobile phone in the examination hall..mkv,b842b03e5784d867e93770560d88150a526250df69077cd3065edbbd4c842098,dfine_native,64820.0,unknown_object,0.3071,956.06,484.04,1017.75,530.89,2890.5,61.7,46.85,1.317,False,,True,unattributed,7,evt_01-P06_upper_body_0046,0db8abc5a79e0a0c,pose_hand_context,,46371.3,2.97,,1,01/e1/v1,rtmpose_baseline
corpus_01,01.Candidate was found using a mobile phone in the examination hall..mkv,b842b03e5784d867e93770560d88150a526250df69077cd3065edbbd4c842098,dfine_native,64820.0,unknown_object,0.4125,989.15,578.52,1146.86,656.32,12269.5,157.71,77.8,2.027,False,,True,unattributed,7,evt_01-P06_upper_body_0046,0db8abc5a79e0a0c,pose_hand_context,,46371.3,2.97,,1,01/e1/v1,rtmpose_baseline
corpus_01,01.Candidate was found using a mobile phone in the examination hall..mkv,b842b03e5784d867e93770560d88150a526250df69077cd3065edbbd4c842098,dfine_native,64820.0,unknown_object,0.316,988.43,442.39,1146.85,654.29,33566.2,158.41,211.89,0.748,False,,True,unattributed,7,evt_01-P06_upper_body_0046,0db8abc5a79e0a0c,pose_hand_context,,46371.3,2.97,,1,01/e1/v1,rtmpose_baseline
corpus_01,01.Candidate was found using a mobile phone in the examination hall..mkv,b842b03e5784d867e93770560d88150a526250df69077cd3065edbbd4c842098,dfine_native,64820.0,unknown_object,0.355,738.08,391.8,774.04,457.6,2366.7,35.97,65.8,0.547,False,,True,unattributed,9,evt_01-P06_upper_body_0046,25328baaa9348741,native_source_context_fallback,wrist_confidence_below_floor,17307.2,3.4,,1,01/e1/v1,rtmpose_baseline
corpus_01,01.Candidate was found using a mobile phone in the examination hall..mkv,b842b03e5784d867e93770560d88150a526250df69077cd3065edbbd4c842098,dfine_native,64820.0,bag,0.2992,708.83,453.7,765.73,489.33,2026.9,56.9,35.62,1.597,False,,True,unattributed,9,evt_01-P06_upper_body_0046,25328baaa9348741,native_source_context_fallback,wrist_confidence_below_floor,17307.2,3.4,,1,01/e1/v1,rtmpose_baseline
corpus_01,01.Candidate was found using a mobile phone in the examination hall..mkv,b842b03e5784d867e93770560d88150a526250df69077cd3065edbbd4c842098,dfine_native,64820.0,unknown_object,0.4823,739.36,424.8,772.79,456.02,1043.8,33.43,31.22,1.071,False,,True,unattributed,9,evt_01-P06_upper_body_0046,25328baaa9348741,native_source_context_fallback,wrist_confidence_below_floor,17307.2,3.4,,1,01/e1/v1,rtmpose_baseline
corpus_01,01.Candidate was found using a mobile phone in the examination hall..mkv,b842b03e5784d867e93770560d88150a526250df69077cd3065edbbd4c842098,dfine_native,64820.0,unknown_object,0.2662,749.27,369.05,780.0,411.38,1300.7,30.73,42.33,0.726,False,,True,unattributed,9,evt_01-P06_upper_body_0046,25328baaa9348741,native_source_context_fallback,wrist_confidence_below_floor,17307.2,3.4,,1,01/e1/v1,rtmpose_baseline
corpus_01,01.Candidate was found using a mobile phone in the examination hall..mkv,b842b03e5784d867e93770560d88150a526250df69077cd3065edbbd4c842098,dfine_native,64820.0,unknown_object,0.2832,738.1,424.31,774.3,457.94,1217.3,36.2,33.63,1.077,False,,True,unattributed,9,evt_01-P06_upper_body_0046,25328baaa9348741,native_source_context_fallback,wrist_confidence_below_floor,17307.2,3.4,,1,01/e1/v1,rtmpose_baseline
corpus_01,01.Candidate was found using a mobile phone in the examination hall..mkv,b842b03e5784d867e93770560d88150a526250df69077cd3065edbbd4c842098,dfine_native,64820.0,unknown_object,0.4331,738.33,392.02,759.79,429.24,798.5,21.45,37.22,0.576,False,,True,unattributed,9,evt_01-P06_upper_body_0046,25328baaa9348741,native_source_context_fallback,wrist_confidence_below_floor,17307.2,3.4,,1,01/e1/v1,rtmpose_baseline
corpus_01,01.Candidate was found using a mobile phone in the examination hall..mkv,b842b03e5784d867e93770560d88150a526250df69077cd3065edbbd4c842098,dfine_native,64820.0,unknown_object,0.2693,726.54,453.86,757.09,465.54,356.8,30.54,11.68,2.615,False,,True,unattributed,9,evt_01-P06_upper_body_0046,25328baaa9348741,native_source_context_fallback,wrist_confidence_below_floor,17307.2,3.4,,1,01/e1/v1,rtmpose_baseline
corpus_01,01.Candidate was found using a mobile phone in the examination hall..mkv,b842b03e5784d867e93770560d88150a526250df69077cd3065edbbd4c842098,dfine_native,64820.0,unknown_object,0.304,749.01,369.13,780.07,463.07,2917.2,31.06,93.94,0.331,False,,True,unattributed,9,evt_01-P06_upper_body_0046,25328baaa9348741,native_source_context_fallback,wrist_confidence_below_floor,17307.2,3.4,,1,01/e1/v1,rtmpose_baseline
corpus_01,01.Candidate was found using a mobile phone in the examination hall..mkv,b842b03e5784d867e93770560d88150a526250df69077cd3065edbbd4c842098,dfine_native,64820.0,bag,0.4309,454.0,676.47,509.4,719.42,2378.7,55.39,42.94,1.29,False,,True,unattributed,4,evt_01-P06_upper_body_0046,95530d5f766f3c24,pose_hand_context,,14811.5,3.94,,1,01/e1/v1,rtmpose_baseline
corpus_01,01.Candidate was found using a mobile phone in the examination hall..mkv,b842b03e5784d867e93770560d88150a526250df69077cd3065edbbd4c842098,dfine_native,64820.0,bag,0.412,454.09,631.21,530.51,719.06,6713.2,76.41,87.85,0.87,False,,True,unattributed,4,evt_01-P06_upper_body_0046,95530d5f766f3c24,pose_hand_context,,14811.5,3.94,,1,01/e1/v1,rtmpose_baseline
corpus_01,01.Candidate was found using a mobile phone in the examination hall..mkv,b842b03e5784d867e93770560d88150a526250df69077cd3065edbbd4c842098,dfine_native,64820.0,bag,0.4425,454.28,625.19,572.55,719.21,11119.9,118.27,94.02,1.258,False,,True,unattributed,4,evt_01-P06_upper_body_0046,95530d5f766f3c24,pose_hand_context,,14811.5,3.94,,1,01/e1/v1,rtmpose_baseline
corpus_01,01.Candidate was found using a mobile phone in the examination hall..mkv,b842b03e5784d867e93770560d88150a526250df69077cd3065edbbd4c842098,dfine_native,64820.0,bag,0.2509,454.12,652.02,529.6,719.18,5068.8,75.47,67.16,1.124,False,,True,unattributed,4,evt_01-P06_upper_body_0046,95530d5f766f3c24,pose_hand_context,,14811.5,3.94,,1,01/e1/v1,rtmpose_baseline
corpus_01,01.Candidate was found using a mobile phone in the examination hall..mkv,b842b03e5784d867e93770560d88150a526250df69077cd3065edbbd4c842098,dfine_native,64860.0,unknown_object,0.8921,1003.68,442.3,1145.94,606.97,23424.5,142.26,164.67,0.864,False,,True,unattributed,7,evt_01-P03_desk_work_surface_0015,8cc44bc5ebf0ebf4,pose_hand_context,,45881.6,2.99,,1,01/e1/v1,rtmpose_baseline
corpus_01,01.Candidate was found using a mobile phone in the examination hall..mkv,b842b03e5784d867e93770560d88150a526250df69077cd3065edbbd4c842098,dfine_native,64860.0,unknown_object,0.5602,989.04,579.01,1145.87,655.42,11984.5,156.83,76.42,2.052,False,,True,unattributed,7,evt_01-P03_desk_work_surface_0015,8cc44bc5ebf0ebf4,pose_hand_context,,45881.6,2.99,,1,01/e1/v1,rtmpose_baseline
corpus_01,01.Candidate was found using a mobile phone in the examination hall..mkv,b842b03e5784d867e93770560d88150a526250df69077cd3065edbbd4c842098,dfine_native,64860.0,unknown_object,0.4091,932.74,442.19,1032.05,530.45,8764.4,99.31,88.25,1.125,False,,True,unattributed,7,evt_01-P03_desk_work_surface_0015,8cc44bc5ebf0ebf4,pose_hand_context,,45881.6,2.99,,1,01/e1/v1,rtmpose_baseline
corpus_01,01.Candidate was found using a mobile phone in the examination hall..mkv,b842b03e5784d867e93770560d88150a526250df69077cd3065edbbd4c842098,dfine_native,64860.0,unknown_object,0.3084,933.92,442.13,1031.37,487.65,4436.0,97.46,45.52,2.141,False,,True,unattributed,7,evt_01-P03_desk_work_surface_0015,8cc44bc5ebf0ebf4,pose_hand_context,,45881.6,2.99,,1,01/e1/v1,rtmpose_baseline
corpus_01,01.Candidate was found using a mobile phone in the examination hall..mkv,b842b03e5784d867e93770560d88150a526250df69077cd3065edbbd4c842098,dfine_native,64860.0,unknown_object,0.2777,955.85,484.07,1017.9,528.66,2767.2,62.05,44.6,1.391,False,,True,unattributed,7,evt_01-P03_desk_work_surface_0015,8cc44bc5ebf0ebf4,pose_hand_context,,45881.6,2.99,,1,01/e1/v1,rtmpose_baseline
corpus_01,01.Candidate was found using a mobile phone in the examination hall..mkv,b842b03e5784d867e93770560d88150a526250df69077cd3065edbbd4c842098,dfine_native,64860.0,unknown_object,0.3273,987.27,442.35,1145.83,653.43,33469.9,158.57,211.08,0.751,False,,True,unattributed,7,evt_01-P03_desk_work_surface_0015,8cc44bc5ebf0ebf4,pose_hand_context,,45881.6,2.99,,1,01/e1/v1,rtmpose_baseline
corpus_01,01.Candidate was found using a mobile phone in the examination hall..mkv,b842b03e5784d867e93770560d88150a526250df69077cd3065edbbd4c842098,dfine_native,64860.0,bag,0.3491,451.01,676.45,509.37,719.31,2501.4,58.36,42.86,1.362,False,,True,unattributed,4,evt_01-P03_desk_work_surface_0015,ac3c86dc5b90c859,pose_hand_context,,15154.8,3.93,,1,01/e1/v1,rtmpose_baseline
corpus_01,01.Candidate was found using a mobile phone in the examination hall..mkv,b842b03e5784d867e93770560d88150a526250df69077cd3065edbbd4c842098,dfine_native,64860.0,bag,0.425,451.16,632.08,527.41,718.99,6627.5,76.25,86.92,0.877,False,,True,unattributed,4,evt_01-P03_desk_work_surface_0015,ac3c86dc5b90c859,pose_hand_context,,15154.8,3.93,,1,01/e1/v1,rtmpose_baseline
corpus_01,01.Candidate was found using a mobile phone in the examination hall..mkv,b842b03e5784d867e93770560d88150a526250df69077cd3065edbbd4c842098,dfine_native,64860.0,bag,0.3697,451.38,626.13,577.36,719.27,11733.0,125.98,93.14,1.353,False,,True,unattributed,4,evt_01-P03_desk_work_surface_0015,ac3c86dc5b90c859,pose_hand_context,,15154.8,3.93,,1,01/e1/v1,rtmpose_baseline
corpus_01,01.Candidate was found using a mobile phone in the examination hall..mkv,b842b03e5784d867e93770560d88150a526250df69077cd3065edbbd4c842098,dfine_native,64860.0,bag,0.2561,451.39,635.74,580.81,719.4,10827.4,129.42,83.66,1.547,False,,True,unattributed,4,evt_01-P03_desk_work_surface_0015,ac3c86dc5b90c859,pose_hand_context,,15154.8,3.93,,1,01/e1/v1,rtmpose_baseline
corpus_01,01.Candidate was found using a mobile phone in the examination hall..mkv,b842b03e5784d867e93770560d88150a526250df69077cd3065edbbd4c842098,dfine_native,64860.0,unknown_object,0.4608,748.83,368.91,778.95,459.77,2736.6,30.12,90.86,0.331,False,,True,unattributed,9,evt_01-P03_desk_work_surface_0015,cb2b8eb4df3889aa,native_source_context_fallback,wrist_confidence_below_floor,17537.4,3.38,,1,01/e1/v1,rtmpose_baseline
corpus_01,01.Candidate was found using a mobile phone in the examination hall..mkv,b842b03e5784d867e93770560d88150a526250df69077cd3065edbbd4c842098,dfine_native,64860.0,unknown_object,0.4133,739.03,425.56,770.24,457.77,1005.7,31.22,32.22,0.969,False,,True,unattributed,9,evt_01-P03_desk_work_surface_0015,cb2b8eb4df3889aa,native_source_context_fallback,wrist_confidence_below_floor,17537.4,3.38,,1,01/e1/v1,rtmpose_baseline
corpus_01,01.Candidate was found using a mobile phone in the examination hall..mkv,b842b03e5784d867e93770560d88150a526250df69077cd3065edbbd4c842098,dfine_native,64860.0,unknown_object,0.3107,748.99,368.93,778.94,414.08,1352.7,29.96,45.16,0.663,False,,True,unattributed,9,evt_01-P03_desk_work_surface_0015,cb2b8eb4df3889aa,native_source_context_fallback,wrist_confidence_below_floor,17537.4,3.38,,1,01/e1/v1,rtmpose_baseline
corpus_01,01.Candidate was found using a mobile phone in the examination hall..mkv,b842b03e5784d867e93770560d88150a526250df69077cd3065edbbd4c842098,dfine_native,64860.0,unknown_object,0.3374,726.9,454.1,756.63,465.19,329.8,29.74,11.09,2.681,False,,True,unattributed,9,evt_01-P03_desk_work_surface_0015,cb2b8eb4df3889aa,native_source_context_fallback,wrist_confidence_below_floor,17537.4,3.38,,1,01/e1/v1,rtmpose_baseline
corpus_01,01.Candidate was found using a mobile phone in the examination hall..mkv,b842b03e5784d867e93770560d88150a526250df69077cd3065edbbd4c842098,dfine_native,64860.0,unknown_object,0.2747,708.72,462.43,754.9,483.56,975.8,46.18,21.13,2.185,False,,True,unattributed,9,evt_01-P03_desk_work_surface_0015,cb2b8eb4df3889aa,native_source_context_fallback,wrist_confidence_below_floor,17537.4,3.38,,1,01/e1/v1,rtmpose_baseline
corpus_01,01.Candidate was found using a mobile phone in the examination hall..mkv,b842b03e5784d867e93770560d88150a526250df69077cd3065edbbd4c842098,dfine_native,65020.0,bag,0.4926,436.03,673.52,509.46,719.28,3361.0,73.44,45.77,1.605,False,,True,unattributed,4,evt_01-P06_desk_work_surface_0043,36beb967d8b0357c,pose_hand_context,,18396.5,3.64,,1,01/e1/v1,rtmpose_baseline
corpus_01,01.Candidate was found using a mobile phone in the examination hall..mkv,b842b03e5784d867e93770560d88150a526250df69077cd3065edbbd4c842098,dfine_native,65020.0,bag,0.3312,436.09,615.47,523.38,718.98,9035.1,87.29,103.51,0.843,False,,True,unattributed,4,evt_01-P06_desk_work_surface_0043,36beb967d8b0357c,pose_hand_context,,18396.5,3.64,,1,01/e1/v1,rtmpose_baseline
corpus_01,01.Candidate was found using a mobile phone in the examination hall..mkv,b842b03e5784d867e93770560d88150a526250df69077cd3065edbbd4c842098,dfine_native,65020.0,bag,0.2693,436.0,643.19,510.6,719.13,5664.6,74.6,75.93,0.982,False,,True,unattributed,4,evt_01-P06_desk_work_surface_0043,36beb967d8b0357c,pose_hand_context,,18396.5,3.64,,1,01/e1/v1,rtmpose_baseline
corpus_01,01.Candidate was found using a mobile phone in the examination hall..mkv,b842b03e5784d867e93770560d88150a526250df69077cd3065edbbd4c842098,dfine_native,65020.0,bag,0.2633,441.8,615.15,514.17,655.56,2924.5,72.37,40.41,1.791,False,,True,unattributed,4,evt_01-P06_desk_work_surface_0043,36beb967d8b0357c,pose_hand_context,,18396.5,3.64,,1,01/e1/v1,rtmpose_baseline
corpus_01,01.Candidate was found using a mobile phone in the examination hall..mkv,b842b03e5784d867e93770560d88150a526250df69077cd3065edbbd4c842098,dfine_native,65020.0,bag,0.2842,436.17,635.29,524.26,719.12,7385.0,88.09,83.83,1.051,False,,True,unattributed,4,evt_01-P06_desk_work_surface_0043,36beb967d8b0357c,pose_hand_context,,18396.5,3.64,,1,01/e1/v1,rtmpose_baseline
corpus_01,01.Candidate was found using a mobile phone in the examination hall..mkv,b842b03e5784d867e93770560d88150a526250df69077cd3065edbbd4c842098,dfine_native,65020.0,unknown_object,0.6508,1008.93,450.23,1141.88,599.63,19862.8,132.95,149.4,0.89,False,,True,unattributed,7,evt_01-P06_desk_work_surface_0043,9f30ae84999ea078,pose_hand_context,,45667.7,2.99,,1,01/e1/v1,rtmpose_baseline
corpus_01,01.Candidate was found using a mobile phone in the examination hall..mkv,b842b03e5784d867e93770560d88150a526250df69077cd3065edbbd4c842098,dfine_native,65020.0,unknown_object,0.5917,935.34,450.25,1031.56,530.85,7755.5,96.22,80.6,1.194,False,,True,unattributed,7,evt_01-P06_desk_work_surface_0043,9f30ae84999ea078,pose_hand_context,,45667.7,2.99,,1,01/e1/v1,rtmpose_baseline
corpus_01,01.Candidate was found using a mobile phone in the examination hall..mkv,b842b03e5784d867e93770560d88150a526250df69077cd3065edbbd4c842098,dfine_native,65020.0,stationery,0.3192,1066.53,546.08,1083.97,557.02,190.8,17.44,10.94,1.594,False,,True,unattributed,7,evt_01-P06_desk_work_surface_0043,9f30ae84999ea078,pose_hand_context,,45667.7,2.99,,1,01/e1/v1,rtmpose_baseline
corpus_01,01.Candidate was found using a mobile phone in the examination hall..mkv,b842b03e5784d867e93770560d88150a526250df69077cd3065edbbd4c842098,dfine_native,65020.0,unknown_object,0.2747,985.81,578.53,1141.83,662.11,13040.1,156.02,83.58,1.867,False,,True,unattributed,7,evt_01-P06_desk_work_surface_0043,9f30ae84999ea078,pose_hand_context,,45667.7,2.99,,1,01/e1/v1,rtmpose_baseline
corpus_01,01.Candidate was found using a mobile phone in the examination hall..mkv,b842b03e5784d867e93770560d88150a526250df69077cd3065edbbd4c842098,dfine_native,65020.0,unknown_object,0.2703,956.97,485.01,1017.6,522.69,2284.1,60.63,37.67,1.609,False,,True,unattributed,7,evt_01-P06_desk_work_surface_0043,9f30ae84999ea078,pose_hand_context,,45667.7,2.99,,1,01/e1/v1,rtmpose_baseline
corpus_01,01.Candidate was found using a mobile phone in the examination hall..mkv,b842b03e5784d867e93770560d88150a526250df69077cd3065edbbd4c842098,dfine_native,65020.0,unknown_object,0.3901,937.86,450.22,1030.43,487.87,3485.3,92.57,37.65,2.459,False,,True,unattributed,7,evt_01-P06_desk_work_surface_0043,9f30ae84999ea078,pose_hand_context,,45667.7,2.99,,1,01/e1/v1,rtmpose_baseline
corpus_01,01.Candidate was found using a mobile phone in the examination hall..mkv,b842b03e5784d867e93770560d88150a526250df69077cd3065edbbd4c842098,dfine_native,65020.0,unknown_object,0.3568,956.64,484.69,1018.3,530.9,2849.6,61.67,46.21,1.334,False,,True,unattributed,7,evt_01-P06_desk_work_surface_0043,9f30ae84999ea078,pose_hand_context,,45667.7,2.99,,1,01/e1/v1,rtmpose_baseline
corpus_01,01.Candidate was found using a mobile phone in the examination hall..mkv,b842b03e5784d867e93770560d88150a526250df69077cd3065edbbd4c842098,dfine_native,65020.0,stationery,0.3246,1066.55,544.87,1084.43,559.24,257.0,17.89,14.37,1.245,False,,True,unattributed,7,evt_01-P06_desk_work_surface_0043,9f30ae84999ea078,pose_hand_context,,45667.7,2.99,,1,01/e1/v1,rtmpose_baseline
corpus_01,01.Candidate was found using a mobile phone in the examination hall..mkv,b842b03e5784d867e93770560d88150a526250df69077cd3065edbbd4c842098,dfine_native,65020.0,unknown_object,0.4154,747.9,369.03,778.89,404.84,1110.1,30.99,35.82,0.865,False,,True,unattributed,9,evt_01-P06_desk_work_surface_0043,b5a0c0f7bdf128ed,native_source_context_fallback,wrist_confidence_below_floor,18207.9,3.32,,1,01/e1/v1,rtmpose_baseline
corpus_01,01.Candidate was found using a mobile phone in the examination hall..mkv,b842b03e5784d867e93770560d88150a526250df69077cd3065edbbd4c842098,dfine_native,65020.0,unknown_object,0.4578,747.81,368.86,778.98,456.25,2723.3,31.16,87.39,0.357,False,,True,unattributed,9,evt_01-P06_desk_work_surface_0043,b5a0c0f7bdf128ed,native_source_context_fallback,wrist_confidence_below_floor,18207.9,3.32,,1,01/e1/v1,rtmpose_baseline
corpus_01,01.Candidate was found using a mobile phone in the examination hall..mkv,b842b03e5784d867e93770560d88150a526250df69077cd3065edbbd4c842098,dfine_native,65020.0,unknown_object,0.2794,758.05,403.59,778.99,456.21,1101.6,20.94,52.62,0.398,False,,True,unattributed,9,evt_01-P06_desk_work_surface_0043,b5a0c0f7bdf128ed,native_source_context_fallback,wrist_confidence_below_floor,18207.9,3.32,,1,01/e1/v1,rtmpose_baseline
corpus_01,01.Candidate was found using a mobile phone in the examination hall..mkv,b842b03e5784d867e93770560d88150a526250df69077cd3065edbbd4c842098,dfine_native,65020.0,unknown_object,0.3637,747.96,368.97,778.91,415.07,1426.9,30.95,46.1,0.671,False,,True,unattributed,9,evt_01-P06_desk_work_surface_0043,b5a0c0f7bdf128ed,native_source_context_fallback,wrist_confidence_below_floor,18207.9,3.32,,1,01/e1/v1,rtmpose_baseline
corpus_01,01.Candidate was found using a mobile phone in the examination hall..mkv,b842b03e5784d867e93770560d88150a526250df69077cd3065edbbd4c842098,dfine_native,65020.0,unknown_object,0.2702,747.9,369.01,778.9,430.11,1894.1,31.0,61.09,0.507,False,,True,unattributed,9,evt_01-P06_desk_work_surface_0043,b5a0c0f7bdf128ed,native_source_context_fallback,wrist_confidence_below_floor,18207.9,3.32,,1,01/e1/v1,rtmpose_baseline
corpus_01,01.Candidate was found using a mobile phone in the examination hall..mkv,b842b03e5784d867e93770560d88150a526250df69077cd3065edbbd4c842098,dfine_native,65020.0,unknown_object,0.335,738.63,424.95,769.68,457.0,995.1,31.05,32.05,0.969,False,,True,unattributed,9,evt_01-P06_desk_work_surface_0043,b5a0c0f7bdf128ed,native_source_context_fallback,wrist_confidence_below_floor,18207.9,3.32,,1,01/e1/v1,rtmpose_baseline
corpus_01,01.Candidate was found using a mobile phone in the examination hall..mkv,b842b03e5784d867e93770560d88150a526250df69077cd3065edbbd4c842098,dfine_native,65020.0,phone,0.3069,727.26,454.47,756.93,464.77,305.4,29.66,10.3,2.88,False,,True,unattributed,9,evt_01-P06_desk_work_surface_0043,b5a0c0f7bdf128ed,native_source_context_fallback,wrist_confidence_below_floor,18207.9,3.32,,1,01/e1/v1,rtmpose_baseline
corpus_01,01.Candidate was found using a mobile phone in the examination hall..mkv,b842b03e5784d867e93770560d88150a526250df69077cd3065edbbd4c842098,dfine_native,65020.0,unknown_object,0.2874,707.48,462.46,756.09,484.02,1048.0,48.62,21.56,2.255,False,,True,unattributed,9,evt_01-P06_desk_work_surface_0043,b5a0c0f7bdf128ed,native_source_context_fallback,wrist_confidence_below_floor,18207.9,3.32,,1,01/e1/v1,rtmpose_baseline
corpus_01,01.Candidate was found using a mobile phone in the examination hall..mkv,b842b03e5784d867e93770560d88150a526250df69077cd3065edbbd4c842098,dfine_native,65020.0,unknown_object,0.3827,728.47,423.73,770.83,458.67,1480.2,42.36,34.94,1.212,False,,True,unattributed,9,evt_01-P06_desk_work_surface_0043,b5a0c0f7bdf128ed,native_source_context_fallback,wrist_confidence_below_floor,18207.9,3.32,,1,01/e1/v1,rtmpose_baseline
corpus_01,01.Candidate was found using a mobile phone in the examination hall..mkv,b842b03e5784d867e93770560d88150a526250df69077cd3065edbbd4c842098,dfine_native,65020.0,unknown_object,0.3811,728.57,422.88,771.1,458.64,1520.8,42.53,35.76,1.19,False,,True,unattributed,9,evt_01-P06_desk_work_surface_0043,b5a0c0f7bdf128ed,native_source_context_fallback,wrist_confidence_below_floor,18207.9,3.32,,1,01/e1/v1,rtmpose_baseline
corpus_01,01.Candidate was found using a mobile phone in the examination hall..mkv,b842b03e5784d867e93770560d88150a526250df69077cd3065edbbd4c842098,dfine_native,65060.0,unknown_object,0.6021,1006.98,456.2,1141.88,602.79,19774.3,134.9,146.59,0.92,False,,True,unattributed,7,evt_01-P02_desk_work_surface_0010,3405ba00b8bd3731,pose_hand_context,,44125.2,3.05,,1,01/e1/v1,rtmpose_baseline
corpus_01,01.Candidate was found using a mobile phone in the examination hall..mkv,b842b03e5784d867e93770560d88150a526250df69077cd3065edbbd4c842098,dfine_native,65060.0,unknown_object,0.5204,937.33,456.2,1031.15,532.29,7138.3,93.82,76.08,1.233,False,,True,unattributed,7,evt_01-P02_desk_work_surface_0010,3405ba00b8bd3731,pose_hand_context,,44125.2,3.05,,1,01/e1/v1,rtmpose_baseline
corpus_01,01.Candidate was found using a mobile phone in the examination hall..mkv,b842b03e5784d867e93770560d88150a526250df69077cd3065edbbd4c842098,dfine_native,65060.0,unknown_object,0.3053,956.54,484.5,1017.71,529.59,2758.0,61.17,45.09,1.357,False,,True,unattributed,7,evt_01-P02_desk_work_surface_0010,3405ba00b8bd3731,pose_hand_context,,44125.2,3.05,,1,01/e1/v1,rtmpose_baseline
corpus_01,01.Candidate was found using a mobile phone in the examination hall..mkv,b842b03e5784d867e93770560d88150a526250df69077cd3065edbbd4c842098,dfine_native,65060.0,unknown_object,0.3405,986.21,578.54,1141.85,664.75,13417.0,155.64,86.21,1.805,False,,True,unattributed,7,evt_01-P02_desk_work_surface_0010,3405ba00b8bd3731,pose_hand_context,,44125.2,3.05,,1,01/e1/v1,rtmpose_baseline
corpus_01,01.Candidate was found using a mobile phone in the examination hall..mkv,b842b03e5784d867e93770560d88150a526250df69077cd3065edbbd4c842098,dfine_native,65060.0,unknown_object,0.2997,938.26,456.12,1030.33,489.3,3054.6,92.07,33.18,2.775,False,,True,unattributed,7,evt_01-P02_desk_work_surface_0010,3405ba00b8bd3731,pose_hand_context,,44125.2,3.05,,1,01/e1/v1,rtmpose_baseline
corpus_01,01.Candidate was found using a mobile phone in the examination hall..mkv,b842b03e5784d867e93770560d88150a526250df69077cd3065edbbd4c842098,dfine_native,65060.0,unknown_object,0.3664,984.76,456.36,1141.82,664.56,32700.7,157.06,208.21,0.754,False,,True,unattributed,7,evt_01-P02_desk_work_surface_0010,3405ba00b8bd3731,pose_hand_context,,44125.2,3.05,,1,01/e1/v1,rtmpose_baseline
corpus_01,01.Candidate was found using a mobile phone in the examination hall..mkv,b842b03e5784d867e93770560d88150a526250df69077cd3065edbbd4c842098,dfine_native,65060.0,unknown_object,0.4779,746.98,368.91,778.06,452.46,2596.7,31.08,83.55,0.372,False,,True,unattributed,9,evt_01-P02_desk_work_surface_0010,7ccf9c0776efe5da,native_source_context_fallback,no_pose_observation,18073.1,3.35,,1,01/e1/v1,
corpus_01,01.Candidate was found using a mobile phone in the examination hall..mkv,b842b03e5784d867e93770560d88150a526250df69077cd3065edbbd4c842098,dfine_native,65060.0,unknown_object,0.3232,747.11,368.93,778.06,413.67,1384.6,30.95,44.74,0.692,False,,True,unattributed,9,evt_01-P02_desk_work_surface_0010,7ccf9c0776efe5da,native_source_context_fallback,no_pose_observation,18073.1,3.35,,1,01/e1/v1,
corpus_01,01.Candidate was found using a mobile phone in the examination hall..mkv,b842b03e5784d867e93770560d88150a526250df69077cd3065edbbd4c842098,dfine_native,65060.0,bag,0.4716,435.02,673.17,509.07,718.96,3390.7,74.05,45.79,1.617,False,,True,unattributed,4,evt_01-P02_desk_work_surface_0010,d6ff19b2e1a9525d,pose_hand_context,,17994.4,3.7,,1,01/e1/v1,rtmpose_baseline
corpus_01,01.Candidate was found using a mobile phone in the examination hall..mkv,b842b03e5784d867e93770560d88150a526250df69077cd3065edbbd4c842098,dfine_native,65060.0,unknown_object,0.3036,435.33,615.05,606.96,719.04,17847.5,171.62,103.99,1.65,False,,True,unattributed,4,evt_01-P02_desk_work_surface_0010,d6ff19b2e1a9525d,pose_hand_context,,17994.4,3.7,,1,01/e1/v1,rtmpose_baseline
corpus_01,01.Candidate was found using a mobile phone in the examination hall..mkv,b842b03e5784d867e93770560d88150a526250df69077cd3065edbbd4c842098,dfine_native,65060.0,bag,0.2505,440.84,615.17,515.58,655.25,2995.6,74.74,40.08,1.865,False,,True,unattributed,4,evt_01-P02_desk_work_surface_0010,d6ff19b2e1a9525d,pose_hand_context,,17994.4,3.7,,1,01/e1/v1,rtmpose_baseline
corpus_01,01.Candidate was found using a mobile phone in the examination hall..mkv,b842b03e5784d867e93770560d88150a526250df69077cd3065edbbd4c842098,dfine_native,65060.0,bag,0.2972,435.14,615.31,525.05,718.76,9301.3,89.91,103.45,0.869,False,,True,unattributed,4,evt_01-P02_desk_work_surface_0010,d6ff19b2e1a9525d,pose_hand_context,,17994.4,3.7,,1,01/e1/v1,rtmpose_baseline
corpus_01,01.Candidate was found using a mobile phone in the examination hall..mkv,b842b03e5784d867e93770560d88150a526250df69077cd3065edbbd4c842098,dfine_native,65060.0,bag,0.2791,435.16,633.66,526.72,718.83,7797.8,91.56,85.17,1.075,False,,True,unattributed,4,evt_01-P02_desk_work_surface_0010,d6ff19b2e1a9525d,pose_hand_context,,17994.4,3.7,,1,01/e1/v1,rtmpose_baseline
corpus_01,01.Candidate was found using a mobile phone in the examination hall..mkv,b842b03e5784d867e93770560d88150a526250df69077cd3065edbbd4c842098,dfine_native,65060.0,bag,0.2785,435.04,648.93,509.59,718.78,5207.2,74.55,69.85,1.067,False,,True,unattributed,4,evt_01-P02_desk_work_surface_0010,d6ff19b2e1a9525d,pose_hand_context,,17994.4,3.7,,1,01/e1/v1,rtmpose_baseline
corpus_01,01.Candidate was found using a mobile phone in the examination hall..mkv,b842b03e5784d867e93770560d88150a526250df69077cd3065edbbd4c842098,dfine_native,65340.0,bag,0.5642,433.02,673.6,508.41,719.33,3447.9,75.4,45.73,1.649,False,,True,unattributed,4,evt_01-P03_upper_body_0019,60eb5f09853ddfcb,pose_hand_context,,16294.4,3.8,,1,01/e1/v1,rtmpose_baseline
corpus_01,01.Candidate was found using a mobile phone in the examination hall..mkv,b842b03e5784d867e93770560d88150a526250df69077cd3065edbbd4c842098,dfine_native,65340.0,unknown_object,0.271,524.94,659.51,591.84,719.43,4009.2,66.9,59.92,1.116,False,,True,unattributed,4,evt_01-P03_upper_body_0019,60eb5f09853ddfcb,pose_hand_context,,16294.4,3.8,,1,01/e1/v1,rtmpose_baseline
corpus_01,01.Candidate was found using a mobile phone in the examination hall..mkv,b842b03e5784d867e93770560d88150a526250df69077cd3065edbbd4c842098,dfine_native,65340.0,bag,0.3394,455.06,635.64,524.29,701.24,4542.2,69.24,65.6,1.055,False,,True,unattributed,4,evt_01-P03_upper_body_0019,60eb5f09853ddfcb,pose_hand_context,,16294.4,3.8,,1,01/e1/v1,rtmpose_baseline
corpus_01,01.Candidate was found using a mobile phone in the examination hall..mkv,b842b03e5784d867e93770560d88150a526250df69077cd3065edbbd4c842098,dfine_native,65340.0,bag,0.3497,433.16,635.57,523.93,719.0,7572.9,90.77,83.43,1.088,False,,True,unattributed,4,evt_01-P03_upper_body_0019,60eb5f09853ddfcb,pose_hand_context,,16294.4,3.8,,1,01/e1/v1,rtmpose_baseline
corpus_01,01.Candidate was found using a mobile phone in the examination hall..mkv,b842b03e5784d867e93770560d88150a526250df69077cd3065edbbd4c842098,dfine_native,65340.0,unknown_object,0.4665,745.39,368.76,776.96,449.66,2554.3,31.57,80.91,0.39,False,,True,unattributed,9,evt_01-P03_upper_body_0019,c36ac0edd7bbcb45,native_source_context_fallback,wrist_confidence_below_floor,18149.0,3.38,,1,01/e1/v1,rtmpose_baseline
corpus_01,01.Candidate was found using a mobile phone in the examination hall..mkv,b842b03e5784d867e93770560d88150a526250df69077cd3065edbbd4c842098,dfine_native,65340.0,unknown_object,0.4001,745.52,368.95,776.92,404.8,1125.8,31.4,35.85,0.876,False,,True,unattributed,9,evt_01-P03_upper_body_0019,c36ac0edd7bbcb45,native_source_context_fallback,wrist_confidence_below_floor,18149.0,3.38,,1,01/e1/v1,rtmpose_baseline
corpus_01,01.Candidate was found using a mobile phone in the examination hall..mkv,b842b03e5784d867e93770560d88150a526250df69077cd3065edbbd4c842098,dfine_native,65340.0,phone,0.3489,718.94,329.39,737.34,355.6,482.2,18.4,26.21,0.702,False,,True,unattributed,9,evt_01-P03_upper_body_0019,c36ac0edd7bbcb45,native_source_context_fallback,wrist_confidence_below_floor,18149.0,3.38,,1,01/e1/v1,rtmpose_baseline
corpus_01,01.Candidate was found using a mobile phone in the examination hall..mkv,b842b03e5784d867e93770560d88150a526250df69077cd3065edbbd4c842098,dfine_native,65340.0,unknown_object,0.266,745.62,368.81,776.95,419.54,1589.4,31.33,50.73,0.618,False,,True,unattributed,9,evt_01-P03_upper_body_0019,c36ac0edd7bbcb45,native_source_context_fallback,wrist_confidence_below_floor,18149.0,3.38,,1,01/e1/v1,rtmpose_baseline
corpus_01,01.Candidate was found using a mobile phone in the examination hall..mkv,b842b03e5784d867e93770560d88150a526250df69077cd3065edbbd4c842098,dfine_native,65340.0,bag,0.2883,704.81,453.7,765.28,491.61,2292.8,60.47,37.91,1.595,False,,True,unattributed,9,evt_01-P03_upper_body_0019,c36ac0edd7bbcb45,native_source_context_fallback,wrist_confidence_below_floor,18149.0,3.38,,1,01/e1/v1,rtmpose_baseline
corpus_01,01.Candidate was found using a mobile phone in the examination hall..mkv,b842b03e5784d867e93770560d88150a526250df69077cd3065edbbd4c842098,dfine_native,65340.0,unknown_object,0.2549,701.76,368.16,776.99,491.93,9310.6,75.23,123.77,0.608,False,,True,unattributed,9,evt_01-P03_upper_body_0019,c36ac0edd7bbcb45,native_source_context_fallback,wrist_confidence_below_floor,18149.0,3.38,,1,01/e1/v1,rtmpose_baseline
corpus_01,01.Candidate was found using a mobile phone in the examination hall..mkv,b842b03e5784d867e93770560d88150a526250df69077cd3065edbbd4c842098,dfine_native,65340.0,unknown_object,0.7906,1014.25,492.35,1115.99,595.06,10449.8,101.74,102.71,0.991,False,,True,unattributed,7,evt_01-P03_upper_body_0019,f31b8c0b07887148,pose_hand_context,,39521.4,3.22,,1,01/e1/v1,rtmpose_baseline
corpus_01,01.Candidate was found using a mobile phone in the examination hall..mkv,b842b03e5784d867e93770560d88150a526250df69077cd3065edbbd4c842098,dfine_native,65340.0,unknown_object,0.4256,982.45,579.06,1115.92,689.99,14804.8,133.46,110.93,1.203,False,,True,unattributed,7,evt_01-P03_upper_body_0019,f31b8c0b07887148,pose_hand_context,,39521.4,3.22,,1,01/e1/v1,rtmpose_baseline
corpus_01,01.Candidate was found using a mobile phone in the examination hall..mkv,b842b03e5784d867e93770560d88150a526250df69077cd3065edbbd4c842098,dfine_native,65340.0,unknown_object,0.2556,956.52,492.14,1019.54,538.56,2925.3,63.02,46.42,1.358,False,,True,unattributed,7,evt_01-P03_upper_body_0019,f31b8c0b07887148,pose_hand_context,,39521.4,3.22,,1,01/e1/v1,rtmpose_baseline
corpus_01,01.Candidate was found using a mobile phone in the examination hall..mkv,b842b03e5784d867e93770560d88150a526250df69077cd3065edbbd4c842098,dfine_native,65340.0,unknown_object,0.4666,982.13,492.5,1115.93,690.09,26438.3,133.8,197.6,0.677,False,,True,unattributed,7,evt_01-P03_upper_body_0019,f31b8c0b07887148,pose_hand_context,,39521.4,3.22,,1,01/e1/v1,rtmpose_baseline
corpus_01,01.Candidate was found using a mobile phone in the examination hall..mkv,b842b03e5784d867e93770560d88150a526250df69077cd3065edbbd4c842098,dfine_native,65380.0,bag,0.492,430.03,673.56,509.08,719.35,3619.3,79.05,45.79,1.727,False,,True,unattributed,4,evt_01-P01_desk_work_surface_0002,d6afd8482b968e7f,pose_hand_context,,16547.3,3.72,,1,01/e1/v1,rtmpose_baseline
corpus_01,01.Candidate was found using a mobile phone in the examination hall..mkv,b842b03e5784d867e93770560d88150a526250df69077cd3065edbbd4c842098,dfine_native,65380.0,unknown_object,0.2759,523.76,659.2,592.08,719.61,4127.1,68.32,60.41,1.131,False,,True,unattributed,4,evt_01-P01_desk_work_surface_0002,d6afd8482b968e7f,pose_hand_context,,16547.3,3.72,,1,01/e1/v1,rtmpose_baseline
corpus_01,01.Candidate was found using a mobile phone in the examination hall..mkv,b842b03e5784d867e93770560d88150a526250df69077cd3065edbbd4c842098,dfine_native,65380.0,bag,0.398,430.15,633.81,525.42,719.19,8134.3,95.27,85.38,1.116,False,,True,unattributed,4,evt_01-P01_desk_work_surface_0002,d6afd8482b968e7f,pose_hand_context,,16547.3,3.72,,1,01/e1/v1,rtmpose_baseline
corpus_01,01.Candidate was found using a mobile phone in the examination hall..mkv,b842b03e5784d867e93770560d88150a526250df69077cd3065edbbd4c842098,dfine_native,65380.0,bag,0.319,429.98,623.06,535.45,719.34,10156.0,105.48,96.29,1.095,False,,True,unattributed,4,evt_01-P01_desk_work_surface_0002,d6afd8482b968e7f,pose_hand_context,,16547.3,3.72,,1,01/e1/v1,rtmpose_baseline
corpus_01,01.Candidate was found using a mobile phone in the examination hall..mkv,b842b03e5784d867e93770560d88150a526250df69077cd3065edbbd4c842098,dfine_native,65380.0,unknown_object,0.3221,745.52,368.83,777.03,413.63,1411.5,31.51,44.8,0.703,False,,True,unattributed,9,evt_01-P01_desk_work_surface_0002,df08df712e21537e,native_source_context_fallback,wrist_confidence_below_floor,18073.7,3.4,,1,01/e1/v1,rtmpose_baseline
corpus_01,01.Candidate was found using a mobile phone in the examination hall..mkv,b842b03e5784d867e93770560d88150a526250df69077cd3065edbbd4c842098,dfine_native,65380.0,unknown_object,0.3604,705.19,453.91,764.84,491.34,2232.3,59.65,37.42,1.594,False,,True,unattributed,9,evt_01-P01_desk_work_surface_0002,df08df712e21537e,native_source_context_fallback,wrist_confidence_below_floor,18073.7,3.4,,1,01/e1/v1,rtmpose_baseline
corpus_01,01.Candidate was found using a mobile phone in the examination hall..mkv,b842b03e5784d867e93770560d88150a526250df69077cd3065edbbd4c842098,dfine_native,65380.0,unknown_object,0.3716,745.58,368.75,777.06,449.56,2543.5,31.48,80.81,0.39,False,,True,unattributed,9,evt_01-P01_desk_work_surface_0002,df08df712e21537e,native_source_context_fallback,wrist_confidence_below_floor,18073.7,3.4,,1,01/e1/v1,rtmpose_baseline
corpus_01,01.Candidate was found using a mobile phone in the examination hall..mkv,b842b03e5784d867e93770560d88150a526250df69077cd3065edbbd4c842098,dfine_native,65380.0,unknown_object,0.8573,1014.68,501.35,1112.99,600.06,9705.3,98.32,98.71,0.996,False,,True,unattributed,7,evt_01-P01_desk_work_surface_0002,fd62b30097355245,pose_hand_context,,38439.5,3.26,,1,01/e1/v1,rtmpose_baseline
corpus_01,01.Candidate was found using a mobile phone in the examination hall..mkv,b842b03e5784d867e93770560d88150a526250df69077cd3065edbbd4c842098,dfine_native,65380.0,unknown_object,0.4338,981.81,578.97,1112.9,695.81,15316.0,131.09,116.84,1.122,False,,True,unattributed,7,evt_01-P01_desk_work_surface_0002,fd62b30097355245,pose_hand_context,,38439.5,3.26,,1,01/e1/v1,rtmpose_baseline
corpus_01,01.Candidate was found using a mobile phone in the examination hall..mkv,b842b03e5784d867e93770560d88150a526250df69077cd3065edbbd4c842098,dfine_native,65380.0,unknown_object,0.2852,981.88,501.37,1112.94,695.76,25476.7,131.06,194.39,0.674,False,,True,unattributed,7,evt_01-P01_desk_work_surface_0002,fd62b30097355245,pose_hand_context,,38439.5,3.26,,1,01/e1/v1,rtmpose_baseline
corpus_01,01.Candidate was found using a mobile phone in the examination hall..mkv,b842b03e5784d867e93770560d88150a526250df69077cd3065edbbd4c842098,dfine_native,65500.0,unknown_object,0.4524,719.47,423.17,746.82,454.2,848.9,27.36,31.03,0.882,False,,True,unattributed,9,evt_01-P01_upper_body_0006,542f118178e600fa,pose_hand_context,,4472.9,9.57,,1,01/e1/v1,rtmpose_baseline
corpus_01,01.Candidate was found using a mobile phone in the examination hall..mkv,b842b03e5784d867e93770560d88150a526250df69077cd3065edbbd4c842098,dfine_native,65500.0,bag,0.3904,701.62,454.51,760.71,491.54,2188.0,59.09,37.03,1.596,False,,True,unattributed,9,evt_01-P01_upper_body_0006,542f118178e600fa,pose_hand_context,,4472.9,9.57,,1,01/e1/v1,rtmpose_baseline
corpus_01,01.Candidate was found using a mobile phone in the examination hall..mkv,b842b03e5784d867e93770560d88150a526250df69077cd3065edbbd4c842098,dfine_native,65500.0,unknown_object,0.2974,737.32,421.0,761.01,456.93,851.0,23.69,35.93,0.659,False,,True,unattributed,9,evt_01-P01_upper_body_0006,542f118178e600fa,pose_hand_context,,4472.9,9.57,,1,01/e1/v1,rtmpose_baseline
corpus_01,01.Candidate was found using a mobile phone in the examination hall..mkv,b842b03e5784d867e93770560d88150a526250df69077cd3065edbbd4c842098,dfine_native,65500.0,bag,0.2707,697.33,454.14,760.83,491.73,2386.9,63.5,37.59,1.689,False,,True,unattributed,9,evt_01-P01_upper_body_0006,542f118178e600fa,pose_hand_context,,4472.9,9.57,,1,01/e1/v1,rtmpose_baseline
corpus_01,01.Candidate was found using a mobile phone in the examination hall..mkv,b842b03e5784d867e93770560d88150a526250df69077cd3065edbbd4c842098,dfine_native,65500.0,unknown_object,0.5301,980.16,584.79,1058.01,719.06,10452.5,77.85,134.27,0.58,False,,True,unattributed,7,evt_01-P01_upper_body_0006,b02ebbc2e515f977,pose_hand_context,,32174.8,3.18,,1,01/e1/v1,rtmpose_baseline
corpus_01,01.Candidate was found using a mobile phone in the examination hall..mkv,b842b03e5784d867e93770560d88150a526250df69077cd3065edbbd4c842098,dfine_native,65500.0,unknown_object,0.3161,856.97,559.56,1057.96,719.39,32126.6,200.99,159.84,1.257,False,,True,unattributed,7,evt_01-P01_upper_body_0006,b02ebbc2e515f977,pose_hand_context,,32174.8,3.18,,1,01/e1/v1,rtmpose_baseline
corpus_01,01.Candidate was found using a mobile phone in the examination hall..mkv,b842b03e5784d867e93770560d88150a526250df69077cd3065edbbd4c842098,dfine_native,65500.0,bag,0.6595,726.84,700.43,788.25,719.63,1179.0,61.41,19.2,3.198,False,,True,unattributed,4,evt_01-P01_upper_body_0006,d2f945064cb43b73,pose_hand_context,,25546.0,3.69,,1,01/e1/v1,rtmpose_baseline
corpus_01,01.Candidate was found using a mobile phone in the examination hall..mkv,b842b03e5784d867e93770560d88150a526250df69077cd3065edbbd4c842098,dfine_native,65500.0,bag,0.3485,682.35,636.86,701.32,683.11,877.7,18.97,46.26,0.41,False,,True,unattributed,4,evt_01-P01_upper_body_0006,d2f945064cb43b73,pose_hand_context,,25546.0,3.69,,1,01/e1/v1,rtmpose_baseline
corpus_01,01.Candidate was found using a mobile phone in the examination hall..mkv,b842b03e5784d867e93770560d88150a526250df69077cd3065edbbd4c842098,dfine_native,65500.0,bag,0.4187,674.21,573.47,701.74,683.18,3020.6,27.53,109.72,0.251,False,,True,unattributed,4,evt_01-P01_upper_body_0006,d2f945064cb43b73,pose_hand_context,,25546.0,3.69,,1,01/e1/v1,rtmpose_baseline
corpus_01,01.Candidate was found using a mobile phone in the examination hall..mkv,b842b03e5784d867e93770560d88150a526250df69077cd3065edbbd4c842098,dfine_native,65580.0,bag,0.7806,728.11,700.22,788.37,719.34,1151.9,60.26,19.11,3.153,False,,True,unattributed,4,evt_01-P03_upper_body_0020,2c2d064deed77fe6,pose_hand_context,,31829.2,3.19,,1,01/e1/v1,rtmpose_baseline
corpus_01,01.Candidate was found using a mobile phone in the examination hall..mkv,b842b03e5784d867e93770560d88150a526250df69077cd3065edbbd4c842098,dfine_native,65580.0,bag,0.3091,664.41,562.07,696.75,651.06,2877.9,32.34,88.99,0.363,False,,True,unattributed,4,evt_01-P03_upper_body_0020,2c2d064deed77fe6,pose_hand_context,,31829.2,3.19,,1,01/e1/v1,rtmpose_baseline
corpus_01,01.Candidate was found using a mobile phone in the examination hall..mkv,b842b03e5784d867e93770560d88150a526250df69077cd3065edbbd4c842098,dfine_native,65580.0,bag,0.2849,676.35,607.9,700.86,688.14,1966.7,24.51,80.24,0.305,False,,True,unattributed,4,evt_01-P03_upper_body_0020,2c2d064deed77fe6,pose_hand_context,,31829.2,3.19,,1,01/e1/v1,rtmpose_baseline
corpus_01,01.Candidate was found using a mobile phone in the examination hall..mkv,b842b03e5784d867e93770560d88150a526250df69077cd3065edbbd4c842098,dfine_native,65580.0,bag,0.3044,616.32,561.48,700.43,689.73,10788.1,84.11,128.26,0.656,False,,True,unattributed,4,evt_01-P03_upper_body_0020,2c2d064deed77fe6,pose_hand_context,,31829.2,3.19,,1,01/e1/v1,rtmpose_baseline
corpus_01,01.Candidate was found using a mobile phone in the examination hall..mkv,b842b03e5784d867e93770560d88150a526250df69077cd3065edbbd4c842098,dfine_native,65580.0,bag,0.4762,664.06,562.1,701.16,687.83,4665.5,37.11,125.73,0.295,False,,True,unattributed,4,evt_01-P03_upper_body_0020,2c2d064deed77fe6,pose_hand_context,,31829.2,3.19,,1,01/e1/v1,rtmpose_baseline
corpus_01,01.Candidate was found using a mobile phone in the examination hall..mkv,b842b03e5784d867e93770560d88150a526250df69077cd3065edbbd4c842098,dfine_native,65580.0,unknown_object,0.6153,980.16,585.54,1055.02,719.26,10010.9,74.86,133.72,0.56,False,,True,unattributed,7,evt_01-P03_upper_body_0020,dd69cac9761d21f4,pose_hand_context,,31278.6,3.21,,1,01/e1/v1,rtmpose_baseline
corpus_01,01.Candidate was found using a mobile phone in the examination hall..mkv,b842b03e5784d867e93770560d88150a526250df69077cd3065edbbd4c842098,dfine_native,65580.0,unknown_object,0.2721,872.66,639.4,917.82,680.54,1858.2,45.16,41.14,1.098,False,,True,unattributed,7,evt_01-P03_upper_body_0020,dd69cac9761d21f4,pose_hand_context,,31278.6,3.21,,1,01/e1/v1,rtmpose_baseline
corpus_01,01.Candidate was found using a mobile phone in the examination hall..mkv,b842b03e5784d867e93770560d88150a526250df69077cd3065edbbd4c842098,dfine_native,65580.0,unknown_object,0.3634,855.81,562.4,1054.96,719.37,31259.4,199.15,156.96,1.269,False,,True,unattributed,7,evt_01-P03_upper_body_0020,dd69cac9761d21f4,pose_hand_context,,31278.6,3.21,,1,01/e1/v1,rtmpose_baseline
corpus_01,01.Candidate was found using a mobile phone in the examination hall..mkv,b842b03e5784d867e93770560d88150a526250df69077cd3065edbbd4c842098,dfine_native,65580.0,unknown_object,0.319,856.02,584.47,1054.93,719.36,26830.8,198.91,134.89,1.475,False,,True,unattributed,7,evt_01-P03_upper_body_0020,dd69cac9761d21f4,pose_hand_context,,31278.6,3.21,,1,01/e1/v1,rtmpose_baseline
corpus_01,01.Candidate was found using a mobile phone in the examination hall..mkv,b842b03e5784d867e93770560d88150a526250df69077cd3065edbbd4c842098,dfine_native,65580.0,unknown_object,0.3317,670.04,399.21,765.89,494.4,9123.2,95.85,95.18,1.007,False,,True,unattributed,9,evt_01-P03_upper_body_0020,e80473dc2e0a37e8,pose_hand_context,,4292.9,9.77,,1,01/e1/v1,rtmpose_baseline
corpus_01,01.Candidate was found using a mobile phone in the examination hall..mkv,b842b03e5784d867e93770560d88150a526250df69077cd3065edbbd4c842098,dfine_native,65580.0,unknown_object,0.2995,719.73,423.3,746.95,453.9,832.9,27.22,30.6,0.89,False,,True,unattributed,9,evt_01-P03_upper_body_0020,e80473dc2e0a37e8,pose_hand_context,,4292.9,9.77,,1,01/e1/v1,rtmpose_baseline
corpus_01,01.Candidate was found using a mobile phone in the examination hall..mkv,b842b03e5784d867e93770560d88150a526250df69077cd3065edbbd4c842098,dfine_native,65580.0,unknown_object,0.3744,698.3,454.22,763.47,492.68,2506.3,65.17,38.46,1.695,False,,True,unattributed,9,evt_01-P03_upper_body_0020,e80473dc2e0a37e8,pose_hand_context,,4292.9,9.77,,1,01/e1/v1,rtmpose_baseline
corpus_01,01.Candidate was found using a mobile phone in the examination hall..mkv,b842b03e5784d867e93770560d88150a526250df69077cd3065edbbd4c842098,dfine_native,65580.0,unknown_object,0.2777,691.96,453.57,765.07,493.99,2954.8,73.11,40.42,1.809,False,,True,unattributed,9,evt_01-P03_upper_body_0020,e80473dc2e0a37e8,pose_hand_context,,4292.9,9.77,,1,01/e1/v1,rtmpose_baseline
corpus_01,01.Candidate was found using a mobile phone in the examination hall..mkv,b842b03e5784d867e93770560d88150a526250df69077cd3065edbbd4c842098,dfine_native,65820.0,unknown_object,0.5059,672.02,404.37,695.49,493.24,2086.0,23.47,88.87,0.264,False,,True,unattributed,9,evt_01-P06_upper_body_0046,3b87aa21b49d3bff,pose_hand_context,,2304.0,13.33,,1,01/e1/v1,rtmpose_baseline
corpus_01,01.Candidate was found using a mobile phone in the examination hall..mkv,b842b03e5784d867e93770560d88150a526250df69077cd3065edbbd4c842098,dfine_native,65820.0,unknown_object,0.3852,689.1,398.19,767.89,492.88,7460.2,78.79,94.69,0.832,False,,True,unattributed,9,evt_01-P06_upper_body_0046,3b87aa21b49d3bff,pose_hand_context,,2304.0,13.33,,1,01/e1/v1,rtmpose_baseline
corpus_01,01.Candidate was found using a mobile phone in the examination hall..mkv,b842b03e5784d867e93770560d88150a526250df69077cd3065edbbd4c842098,dfine_native,65820.0,unknown_object,0.2963,719.62,422.91,747.04,453.18,829.7,27.41,30.27,0.906,False,,True,unattributed,9,evt_01-P06_upper_body_0046,3b87aa21b49d3bff,pose_hand_context,,2304.0,13.33,,1,01/e1/v1,rtmpose_baseline
corpus_01,01.Candidate was found using a mobile phone in the examination hall..mkv,b842b03e5784d867e93770560d88150a526250df69077cd3065edbbd4c842098,dfine_native,65820.0,unknown_object,0.2771,672.0,398.34,695.85,493.35,2265.5,23.84,95.01,0.251,False,,True,unattributed,9,evt_01-P06_upper_body_0046,3b87aa21b49d3bff,pose_hand_context,,2304.0,13.33,,1,01/e1/v1,rtmpose_baseline
corpus_01,01.Candidate was found using a mobile phone in the examination hall..mkv,b842b03e5784d867e93770560d88150a526250df69077cd3065edbbd4c842098,dfine_native,65820.0,monitor_or_bezel,0.3519,982.5,595.7,1034.92,687.58,4816.1,52.42,91.88,0.571,False,,True,unattributed,7,evt_01-P06_upper_body_0046,7107d343b9b7fcc8,native_source_context_fallback,wrist_confidence_below_floor,28615.7,3.67,,1,01/e1/v1,rtmpose_baseline
corpus_01,01.Candidate was found using a mobile phone in the examination hall..mkv,b842b03e5784d867e93770560d88150a526250df69077cd3065edbbd4c842098,dfine_native,65820.0,unknown_object,0.8269,683.51,521.38,817.46,588.13,8941.5,133.95,66.75,2.007,False,,True,unattributed,4,evt_01-P06_upper_body_0046,f51ccfb84cb148fd,pose_hand_context,,51003.1,2.48,,1,01/e1/v1,rtmpose_baseline
corpus_01,01.Candidate was found using a mobile phone in the examination hall..mkv,b842b03e5784d867e93770560d88150a526250df69077cd3065edbbd4c842098,dfine_native,65820.0,unknown_object,0.4399,822.08,522.31,836.95,663.24,2096.3,14.87,140.93,0.106,False,,True,unattributed,4,evt_01-P06_upper_body_0046,f51ccfb84cb148fd,pose_hand_context,,51003.1,2.48,,1,01/e1/v1,rtmpose_baseline
corpus_01,01.Candidate was found using a mobile phone in the examination hall..mkv,b842b03e5784d867e93770560d88150a526250df69077cd3065edbbd4c842098,dfine_native,65820.0,bag,0.4878,726.72,700.36,788.55,719.55,1186.5,61.82,19.19,3.221,False,,True,unattributed,4,evt_01-P06_upper_body_0046,f51ccfb84cb148fd,pose_hand_context,,51003.1,2.48,,1,01/e1/v1,rtmpose_baseline
corpus_01,01.Candidate was found using a mobile phone in the examination hall..mkv,b842b03e5784d867e93770560d88150a526250df69077cd3065edbbd4c842098,dfine_native,65860.0,unknown_object,0.8488,684.04,518.11,817.33,588.14,9334.9,133.29,70.04,1.903,False,,True,unattributed,4,evt_01-P03_desk_work_surface_0015,03eec975195ef49b,pose_hand_context,,53547.8,2.41,,1,01/e1/v1,rtmpose_baseline
corpus_01,01.Candidate was found using a mobile phone in the examination hall..mkv,b842b03e5784d867e93770560d88150a526250df69077cd3065edbbd4c842098,dfine_native,65860.0,unknown_object,0.4764,820.8,520.92,833.98,659.2,1822.0,13.18,138.28,0.095,False,,True,unattributed,4,evt_01-P03_desk_work_surface_0015,03eec975195ef49b,pose_hand_context,,53547.8,2.41,,1,01/e1/v1,rtmpose_baseline
corpus_01,01.Candidate was found using a mobile phone in the examination hall..mkv,b842b03e5784d867e93770560d88150a526250df69077cd3065edbbd4c842098,dfine_native,65860.0,bag,0.4364,726.78,700.46,788.73,719.77,1195.9,61.95,19.3,3.21,False,,True,unattributed,4,evt_01-P03_desk_work_surface_0015,03eec975195ef49b,pose_hand_context,,53547.8,2.41,,1,01/e1/v1,rtmpose_baseline
corpus_01,01.Candidate was found using a mobile phone in the examination hall..mkv,b842b03e5784d867e93770560d88150a526250df69077cd3065edbbd4c842098,dfine_native,65860.0,bag,0.2615,636.59,615.96,788.41,718.82,15616.1,151.82,102.86,1.476,False,,True,unattributed,4,evt_01-P03_desk_work_surface_0015,03eec975195ef49b,pose_hand_context,,53547.8,2.41,,1,01/e1/v1,rtmpose_baseline
corpus_01,01.Candidate was found using a mobile phone in the examination hall..mkv,b842b03e5784d867e93770560d88150a526250df69077cd3065edbbd4c842098,dfine_native,65860.0,unknown_object,0.5179,673.01,404.38,695.6,493.23,2007.1,22.59,88.85,0.254,False,,True,unattributed,9,evt_01-P03_desk_work_surface_0015,b4468a92abada0e6,pose_hand_context,,2304.0,13.33,,1,01/e1/v1,rtmpose_baseline
corpus_01,01.Candidate was found using a mobile phone in the examination hall..mkv,b842b03e5784d867e93770560d88150a526250df69077cd3065edbbd4c842098,dfine_native,65860.0,unknown_object,0.4584,689.32,398.19,768.84,492.97,7537.3,79.52,94.78,0.839,False,,True,unattributed,9,evt_01-P03_desk_work_surface_0015,b4468a92abada0e6,pose_hand_context,,2304.0,13.33,,1,01/e1/v1,rtmpose_baseline
corpus_01,01.Candidate was found using a mobile phone in the examination hall..mkv,b842b03e5784d867e93770560d88150a526250df69077cd3065edbbd4c842098,dfine_native,65860.0,unknown_object,0.3195,719.6,422.8,747.33,453.46,850.2,27.74,30.65,0.905,False,,True,unattributed,9,evt_01-P03_desk_work_surface_0015,b4468a92abada0e6,pose_hand_context,,2304.0,13.33,,1,01/e1/v1,rtmpose_baseline
corpus_01,01.Candidate was found using a mobile phone in the examination hall..mkv,b842b03e5784d867e93770560d88150a526250df69077cd3065edbbd4c842098,dfine_native,65860.0,unknown_object,0.3483,691.59,454.1,764.06,493.39,2847.4,72.47,39.29,1.845,False,,True,unattributed,9,evt_01-P03_desk_work_surface_0015,b4468a92abada0e6,pose_hand_context,,2304.0,13.33,,1,01/e1/v1,rtmpose_baseline
corpus_01,01.Candidate was found using a mobile phone in the examination hall..mkv,b842b03e5784d867e93770560d88150a526250df69077cd3065edbbd4c842098,dfine_native,65860.0,unknown_object,0.378,673.06,398.31,768.91,493.52,9125.5,95.85,95.21,1.007,False,,True,unattributed,9,evt_01-P03_desk_work_surface_0015,b4468a92abada0e6,pose_hand_context,,2304.0,13.33,,1,01/e1/v1,rtmpose_baseline
corpus_01,01.Candidate was found using a mobile phone in the examination hall..mkv,b842b03e5784d867e93770560d88150a526250df69077cd3065edbbd4c842098,dfine_native,65860.0,unknown_object,0.2905,691.63,422.84,768.98,493.09,5432.9,77.34,70.24,1.101,False,,True,unattributed,9,evt_01-P03_desk_work_surface_0015,b4468a92abada0e6,pose_hand_context,,2304.0,13.33,,1,01/e1/v1,rtmpose_baseline
corpus_01,01.Candidate was found using a mobile phone in the examination hall..mkv,b842b03e5784d867e93770560d88150a526250df69077cd3065edbbd4c842098,dfine_native,65860.0,unknown_object,0.2597,673.0,404.35,768.78,493.38,8526.7,95.78,89.03,1.076,False,,True,unattributed,9,evt_01-P03_desk_work_surface_0015,b4468a92abada0e6,pose_hand_context,,2304.0,13.33,,1,01/e1/v1,rtmpose_baseline
corpus_01,01.Candidate was found using a mobile phone in the examination hall..mkv,b842b03e5784d867e93770560d88150a526250df69077cd3065edbbd4c842098,dfine_native,65860.0,unknown_object,0.266,673.0,398.45,696.14,493.35,2195.2,23.13,94.9,0.244,False,,True,unattributed,9,evt_01-P03_desk_work_surface_0015,b4468a92abada0e6,pose_hand_context,,2304.0,13.33,,1,01/e1/v1,rtmpose_baseline
corpus_01,01.Candidate was found using a mobile phone in the examination hall..mkv,b842b03e5784d867e93770560d88150a526250df69077cd3065edbbd4c842098,dfine_native,65860.0,unknown_object,0.2641,690.44,398.12,755.83,454.79,3705.9,65.39,56.67,1.154,False,,True,unattributed,9,evt_01-P03_desk_work_surface_0015,b4468a92abada0e6,pose_hand_context,,2304.0,13.33,,1,01/e1/v1,rtmpose_baseline
corpus_01,01.Candidate was found using a mobile phone in the examination hall..mkv,b842b03e5784d867e93770560d88150a526250df69077cd3065edbbd4c842098,dfine_native,65860.0,unknown_object,0.285,690.24,398.13,768.84,464.68,5230.3,78.6,66.55,1.181,False,,True,unattributed,9,evt_01-P03_desk_work_surface_0015,b4468a92abada0e6,pose_hand_context,,2304.0,13.33,,1,01/e1/v1,rtmpose_baseline
corpus_01,01.Candidate was found using a mobile phone in the examination hall..mkv,b842b03e5784d867e93770560d88150a526250df69077cd3065edbbd4c842098,dfine_native,65860.0,unknown_object,0.2522,691.64,453.83,768.92,493.7,3081.0,77.28,39.87,1.938,False,,True,unattributed,9,evt_01-P03_desk_work_surface_0015,b4468a92abada0e6,pose_hand_context,,2304.0,13.33,,1,01/e1/v1,rtmpose_baseline
corpus_01,01.Candidate was found using a mobile phone in the examination hall..mkv,b842b03e5784d867e93770560d88150a526250df69077cd3065edbbd4c842098,dfine_native,65860.0,unknown_object,0.3826,982.67,596.76,1032.99,685.66,4473.0,50.32,88.9,0.566,False,,True,unattributed,7,evt_01-P03_desk_work_surface_0015,cb817ad0edd9f927,native_source_context_fallback,wrist_confidence_below_floor,28193.8,3.7,,1,01/e1/v1,rtmpose_baseline
corpus_01,01.Candidate was found using a mobile phone in the examination hall..mkv,b842b03e5784d867e93770560d88150a526250df69077cd3065edbbd4c842098,dfine_native,66020.0,unknown_object,0.4733,671.0,404.38,695.13,494.1,2164.3,24.12,89.72,0.269,False,,True,unattributed,9,evt_01-P06_desk_work_surface_0043,16a51a694cd410a7,pose_hand_context,,2458.2,12.91,,1,01/e1/v1,rtmpose_baseline
corpus_01,01.Candidate was found using a mobile phone in the examination hall..mkv,b842b03e5784d867e93770560d88150a526250df69077cd3065edbbd4c842098,dfine_native,66020.0,unknown_object,0.4744,689.79,399.15,766.82,493.62,7277.5,77.03,94.48,0.815,False,,True,unattributed,9,evt_01-P06_desk_work_surface_0043,16a51a694cd410a7,pose_hand_context,,2458.2,12.91,,1,01/e1/v1,rtmpose_baseline
corpus_01,01.Candidate was found using a mobile phone in the examination hall..mkv,b842b03e5784d867e93770560d88150a526250df69077cd3065edbbd4c842098,dfine_native,66020.0,unknown_object,0.3508,719.71,421.32,747.04,453.7,884.9,27.34,32.37,0.844,False,,True,unattributed,9,evt_01-P06_desk_work_surface_0043,16a51a694cd410a7,pose_hand_context,,2458.2,12.91,,1,01/e1/v1,rtmpose_baseline
corpus_01,01.Candidate was found using a mobile phone in the examination hall..mkv,b842b03e5784d867e93770560d88150a526250df69077cd3065edbbd4c842098,dfine_native,66020.0,unknown_object,0.3074,691.74,453.27,763.74,494.07,2937.3,72.01,40.79,1.765,False,,True,unattributed,9,evt_01-P06_desk_work_surface_0043,16a51a694cd410a7,pose_hand_context,,2458.2,12.91,,1,01/e1/v1,rtmpose_baseline
corpus_01,01.Candidate was found using a mobile phone in the examination hall..mkv,b842b03e5784d867e93770560d88150a526250df69077cd3065edbbd4c842098,dfine_native,66020.0,unknown_object,0.2658,724.65,421.63,746.88,442.61,466.4,22.23,20.98,1.059,False,,True,unattributed,9,evt_01-P06_desk_work_surface_0043,16a51a694cd410a7,pose_hand_context,,2458.2,12.91,,1,01/e1/v1,rtmpose_baseline
corpus_01,01.Candidate was found using a mobile phone in the examination hall..mkv,b842b03e5784d867e93770560d88150a526250df69077cd3065edbbd4c842098,dfine_native,66020.0,unknown_object,0.3122,691.57,420.68,766.48,493.58,5461.2,74.91,72.9,1.028,False,,True,unattributed,9,evt_01-P06_desk_work_surface_0043,16a51a694cd410a7,pose_hand_context,,2458.2,12.91,,1,01/e1/v1,rtmpose_baseline
corpus_01,01.Candidate was found using a mobile phone in the examination hall..mkv,b842b03e5784d867e93770560d88150a526250df69077cd3065edbbd4c842098,dfine_native,66020.0,unknown_object,0.2981,671.05,399.28,766.86,494.48,9121.0,95.81,95.19,1.007,False,,True,unattributed,9,evt_01-P06_desk_work_surface_0043,16a51a694cd410a7,pose_hand_context,,2458.2,12.91,,1,01/e1/v1,rtmpose_baseline
corpus_01,01.Candidate was found using a mobile phone in the examination hall..mkv,b842b03e5784d867e93770560d88150a526250df69077cd3065edbbd4c842098,dfine_native,66020.0,unknown_object,0.306,671.01,399.29,695.71,494.31,2347.4,24.7,95.02,0.26,False,,True,unattributed,9,evt_01-P06_desk_work_surface_0043,16a51a694cd410a7,pose_hand_context,,2458.2,12.91,,1,01/e1/v1,rtmpose_baseline
corpus_01,01.Candidate was found using a mobile phone in the examination hall..mkv,b842b03e5784d867e93770560d88150a526250df69077cd3065edbbd4c842098,dfine_native,66020.0,unknown_object,0.8263,684.18,513.14,817.65,588.29,10030.4,133.47,75.15,1.776,False,,True,unattributed,4,evt_01-P06_desk_work_surface_0043,5891194e12019601,pose_hand_context,,60558.7,2.18,,1,01/e1/v1,rtmpose_baseline
corpus_01,01.Candidate was found using a mobile phone in the examination hall..mkv,b842b03e5784d867e93770560d88150a526250df69077cd3065edbbd4c842098,dfine_native,66020.0,bag,0.312,726.54,700.38,789.2,719.85,1219.8,62.65,19.47,3.218,False,,True,unattributed,4,evt_01-P06_desk_work_surface_0043,5891194e12019601,pose_hand_context,,60558.7,2.18,,1,01/e1/v1,rtmpose_baseline
corpus_01,01.Candidate was found using a mobile phone in the examination hall..mkv,b842b03e5784d867e93770560d88150a526250df69077cd3065edbbd4c842098,dfine_native,66020.0,unknown_object,0.301,560.94,513.36,700.08,600.28,12094.0,139.15,86.91,1.601,False,,True,unattributed,4,evt_01-P06_desk_work_surface_0043,5891194e12019601,pose_hand_context,,60558.7,2.18,,1,01/e1/v1,rtmpose_baseline
corpus_01,01.Candidate was found using a mobile phone in the examination hall..mkv,b842b03e5784d867e93770560d88150a526250df69077cd3065edbbd4c842098,dfine_native,66020.0,unknown_object,0.5681,1016.08,436.98,1126.85,602.56,18342.3,110.77,165.58,0.669,False,,True,unattributed,7,evt_01-P06_desk_work_surface_0043,e634b7c6b12774cc,pose_hand_context,,43739.5,3.06,,1,01/e1/v1,rtmpose_baseline
corpus_01,01.Candidate was found using a mobile phone in the examination hall..mkv,b842b03e5784d867e93770560d88150a526250df69077cd3065edbbd4c842098,dfine_native,66020.0,unknown_object,0.3225,990.17,578.22,1126.87,643.44,8914.9,136.7,65.22,2.096,False,,True,unattributed,7,evt_01-P06_desk_work_surface_0043,e634b7c6b12774cc,pose_hand_context,,43739.5,3.06,,1,01/e1/v1,rtmpose_baseline
corpus_01,01.Candidate was found using a mobile phone in the examination hall..mkv,b842b03e5784d867e93770560d88150a526250df69077cd3065edbbd4c842098,dfine_native,66020.0,unknown_object,0.4554,993.59,516.6,1045.33,605.73,4612.2,51.75,89.13,0.581,False,,True,unattributed,7,evt_01-P06_desk_work_surface_0043,e634b7c6b12774cc,pose_hand_context,,43739.5,3.06,,1,01/e1/v1,rtmpose_baseline
corpus_01,01.Candidate was found using a mobile phone in the examination hall..mkv,b842b03e5784d867e93770560d88150a526250df69077cd3065edbbd4c842098,dfine_native,66020.0,unknown_object,0.2543,924.97,435.12,1031.71,491.38,6004.4,106.74,56.25,1.897,False,,True,unattributed,7,evt_01-P06_desk_work_surface_0043,e634b7c6b12774cc,pose_hand_context,,43739.5,3.06,,1,01/e1/v1,rtmpose_baseline
corpus_01,01.Candidate was found using a mobile phone in the examination hall..mkv,b842b03e5784d867e93770560d88150a526250df69077cd3065edbbd4c842098,dfine_native,66020.0,unknown_object,0.3354,918.08,435.14,1031.9,548.78,12934.3,113.82,113.64,1.002,False,,True,unattributed,7,evt_01-P06_desk_work_surface_0043,e634b7c6b12774cc,pose_hand_context,,43739.5,3.06,,1,01/e1/v1,rtmpose_baseline
corpus_01,01.Candidate was found using a mobile phone in the examination hall..mkv,b842b03e5784d867e93770560d88150a526250df69077cd3065edbbd4c842098,dfine_native,66020.0,unknown_object,0.2668,980.94,516.39,1046.25,637.4,7902.9,65.31,121.01,0.54,False,,True,unattributed,7,evt_01-P06_desk_work_surface_0043,e634b7c6b12774cc,pose_hand_context,,43739.5,3.06,,1,01/e1/v1,rtmpose_baseline
corpus_01,01.Candidate was found using a mobile phone in the examination hall..mkv,b842b03e5784d867e93770560d88150a526250df69077cd3065edbbd4c842098,dfine_native,66020.0,unknown_object,0.3168,919.45,515.81,1046.86,634.72,15151.2,127.41,118.91,1.071,False,,True,unattributed,7,evt_01-P06_desk_work_surface_0043,e634b7c6b12774cc,pose_hand_context,,43739.5,3.06,,1,01/e1/v1,rtmpose_baseline
corpus_01,01.Candidate was found using a mobile phone in the examination hall..mkv,b842b03e5784d867e93770560d88150a526250df69077cd3065edbbd4c842098,dfine_native,66020.0,unknown_object,0.3839,990.59,436.92,1126.95,642.96,28094.5,136.36,206.04,0.662,False,,True,unattributed,7,evt_01-P06_desk_work_surface_0043,e634b7c6b12774cc,pose_hand_context,,43739.5,3.06,,1,01/e1/v1,rtmpose_baseline
corpus_01,01.Candidate was found using a mobile phone in the examination hall..mkv,b842b03e5784d867e93770560d88150a526250df69077cd3065edbbd4c842098,dfine_native,66060.0,unknown_object,0.7667,682.87,516.96,811.9,588.17,9187.4,129.03,71.2,1.812,False,,True,unattributed,4,evt_01-P02_desk_work_surface_0010,1cbdb549ffeb8cb8,pose_hand_context,,59376.9,2.18,,1,01/e1/v1,rtmpose_baseline
corpus_01,01.Candidate was found using a mobile phone in the examination hall..mkv,b842b03e5784d867e93770560d88150a526250df69077cd3065edbbd4c842098,dfine_native,66060.0,bag,0.3598,726.78,700.11,788.9,719.58,1209.6,62.12,19.47,3.19,False,,True,unattributed,4,evt_01-P02_desk_work_surface_0010,1cbdb549ffeb8cb8,pose_hand_context,,59376.9,2.18,,1,01/e1/v1,rtmpose_baseline
corpus_01,01.Candidate was found using a mobile phone in the examination hall..mkv,b842b03e5784d867e93770560d88150a526250df69077cd3065edbbd4c842098,dfine_native,66060.0,unknown_object,0.303,639.91,576.33,700.73,645.45,4204.4,60.82,69.12,0.88,False,,True,unattributed,4,evt_01-P02_desk_work_surface_0010,1cbdb549ffeb8cb8,pose_hand_context,,59376.9,2.18,,1,01/e1/v1,rtmpose_baseline
corpus_01,01.Candidate was found using a mobile phone in the examination hall..mkv,b842b03e5784d867e93770560d88150a526250df69077cd3065edbbd4c842098,dfine_native,66060.0,unknown_object,0.2853,603.15,574.97,700.43,667.36,8987.4,97.28,92.39,1.053,False,,True,unattributed,4,evt_01-P02_desk_work_surface_0010,1cbdb549ffeb8cb8,pose_hand_context,,59376.9,2.18,,1,01/e1/v1,rtmpose_baseline
corpus_01,01.Candidate was found using a mobile phone in the examination hall..mkv,b842b03e5784d867e93770560d88150a526250df69077cd3065edbbd4c842098,dfine_native,66060.0,unknown_object,0.2573,563.41,517.83,700.72,645.9,17586.2,137.31,128.07,1.072,False,,True,unattributed,4,evt_01-P02_desk_work_surface_0010,1cbdb549ffeb8cb8,pose_hand_context,,59376.9,2.18,,1,01/e1/v1,rtmpose_baseline
corpus_01,01.Candidate was found using a mobile phone in the examination hall..mkv,b842b03e5784d867e93770560d88150a526250df69077cd3065edbbd4c842098,dfine_native,66060.0,unknown_object,0.5238,824.65,653.53,890.89,718.03,4272.4,66.24,64.5,1.027,False,,True,unattributed,7,evt_01-P02_desk_work_surface_0010,bbe9e1e78de2de28,pose_hand_context,,37820.2,3.06,,1,01/e1/v1,rtmpose_baseline
corpus_01,01.Candidate was found using a mobile phone in the examination hall..mkv,b842b03e5784d867e93770560d88150a526250df69077cd3065edbbd4c842098,dfine_native,66060.0,phone,0.5126,979.97,599.08,1027.99,719.65,5789.9,48.02,120.57,0.398,False,,True,unattributed,7,evt_01-P02_desk_work_surface_0010,bbe9e1e78de2de28,pose_hand_context,,37820.2,3.06,,1,01/e1/v1,rtmpose_baseline
corpus_01,01.Candidate was found using a mobile phone in the examination hall..mkv,b842b03e5784d867e93770560d88150a526250df69077cd3065edbbd4c842098,dfine_native,66060.0,unknown_object,0.4117,853.96,538.11,1027.67,672.17,23287.4,173.71,134.06,1.296,False,,True,unattributed,7,evt_01-P02_desk_work_surface_0010,bbe9e1e78de2de28,pose_hand_context,,37820.2,3.06,,1,01/e1/v1,rtmpose_baseline
corpus_01,01.Candidate was found using a mobile phone in the examination hall..mkv,b842b03e5784d867e93770560d88150a526250df69077cd3065edbbd4c842098,dfine_native,66060.0,unknown_object,0.4047,672.01,403.42,695.34,494.17,2117.3,23.33,90.75,0.257,False,,True,unattributed,9,evt_01-P02_desk_work_surface_0010,c6e65f7ed42b8630,pose_hand_context,,2344.5,13.22,,1,01/e1/v1,rtmpose_baseline
corpus_01,01.Candidate was found using a mobile phone in the examination hall..mkv,b842b03e5784d867e93770560d88150a526250df69077cd3065edbbd4c842098,dfine_native,66060.0,unknown_object,0.328,691.58,453.24,763.84,494.28,2965.5,72.26,41.04,1.761,False,,True,unattributed,9,evt_01-P02_desk_work_surface_0010,c6e65f7ed42b8630,pose_hand_context,,2344.5,13.22,,1,01/e1/v1,rtmpose_baseline
corpus_01,01.Candidate was found using a mobile phone in the examination hall..mkv,b842b03e5784d867e93770560d88150a526250df69077cd3065edbbd4c842098,dfine_native,66060.0,unknown_object,0.2713,719.81,421.13,747.54,453.42,895.6,27.73,32.29,0.859,False,,True,unattributed,9,evt_01-P02_desk_work_surface_0010,c6e65f7ed42b8630,pose_hand_context,,2344.5,13.22,,1,01/e1/v1,rtmpose_baseline
corpus_01,01.Candidate was found using a mobile phone in the examination hall..mkv,b842b03e5784d867e93770560d88150a526250df69077cd3065edbbd4c842098,dfine_native,66060.0,unknown_object,0.3038,672.01,399.26,695.7,494.34,2251.8,23.68,95.08,0.249,False,,True,unattributed,9,evt_01-P02_desk_work_surface_0010,c6e65f7ed42b8630,pose_hand_context,,2344.5,13.22,,1,01/e1/v1,rtmpose_baseline
corpus_01,01.Candidate was found using a mobile phone in the examination hall..mkv,b842b03e5784d867e93770560d88150a526250df69077cd3065edbbd4c842098,dfine_native,66380.0,unknown_object,0.5389,883.0,477.98,1044.62,646.53,27239.4,161.62,168.54,0.959,False,,True,unattributed,7,evt_01-P01_desk_work_surface_0002,6e83494e473e432e,pose_hand_context,,59102.5,2.62,,1,01/e1/v1,rtmpose_baseline
corpus_01,01.Candidate was found using a mobile phone in the examination hall..mkv,b842b03e5784d867e93770560d88150a526250df69077cd3065edbbd4c842098,dfine_native,66380.0,unknown_object,0.6872,980.25,579.3,1127.89,718.67,20577.8,147.64,139.38,1.059,False,,True,unattributed,7,evt_01-P01_desk_work_surface_0002,6e83494e473e432e,pose_hand_context,,59102.5,2.62,,1,01/e1/v1,rtmpose_baseline
corpus_01,01.Candidate was found using a mobile phone in the examination hall..mkv,b842b03e5784d867e93770560d88150a526250df69077cd3065edbbd4c842098,dfine_native,66380.0,unknown_object,0.3966,689.04,400.23,765.91,494.85,7273.5,76.87,94.62,0.812,False,,True,unattributed,9,evt_01-P01_desk_work_surface_0002,8549b2b5e737bc43,pose_hand_context,,2304.0,13.33,,1,01/e1/v1,rtmpose_baseline
corpus_01,01.Candidate was found using a mobile phone in the examination hall..mkv,b842b03e5784d867e93770560d88150a526250df69077cd3065edbbd4c842098,dfine_native,66380.0,bag,0.4251,670.0,403.76,695.1,495.31,2298.3,25.1,91.55,0.274,False,,True,unattributed,9,evt_01-P01_desk_work_surface_0002,8549b2b5e737bc43,pose_hand_context,,2304.0,13.33,,1,01/e1/v1,rtmpose_baseline
corpus_01,01.Candidate was found using a mobile phone in the examination hall..mkv,b842b03e5784d867e93770560d88150a526250df69077cd3065edbbd4c842098,dfine_native,66380.0,bag,0.2931,691.72,454.12,764.17,494.98,2959.8,72.45,40.86,1.773,False,,True,unattributed,9,evt_01-P01_desk_work_surface_0002,8549b2b5e737bc43,pose_hand_context,,2304.0,13.33,,1,01/e1/v1,rtmpose_baseline
corpus_01,01.Candidate was found using a mobile phone in the examination hall..mkv,b842b03e5784d867e93770560d88150a526250df69077cd3065edbbd4c842098,dfine_native,66380.0,unknown_object,0.2676,719.63,421.02,746.97,453.46,886.9,27.34,32.44,0.843,False,,True,unattributed,9,evt_01-P01_desk_work_surface_0002,8549b2b5e737bc43,pose_hand_context,,2304.0,13.33,,1,01/e1/v1,rtmpose_baseline
corpus_01,01.Candidate was found using a mobile phone in the examination hall..mkv,b842b03e5784d867e93770560d88150a526250df69077cd3065edbbd4c842098,dfine_native,66380.0,unknown_object,0.3425,587.3,518.4,623.99,662.09,5272.6,36.7,143.69,0.255,False,,True,unattributed,4,evt_01-P01_desk_work_surface_0002,b26f33bc8d9db396,native_source_context_fallback,wrist_confidence_below_floor,66418.0,2.03,,1,01/e1/v1,rtmpose_baseline
corpus_01,01.Candidate was found using a mobile phone in the examination hall..mkv,b842b03e5784d867e93770560d88150a526250df69077cd3065edbbd4c842098,dfine_native,66380.0,monitor_or_bezel,0.4948,309.03,592.34,383.3,716.5,9221.7,74.27,124.17,0.598,False,,True,unattributed,4,evt_01-P01_desk_work_surface_0002,b26f33bc8d9db396,native_source_context_fallback,wrist_confidence_below_floor,66418.0,2.03,,1,01/e1/v1,rtmpose_baseline
corpus_01,01.Candidate was found using a mobile phone in the examination hall..mkv,b842b03e5784d867e93770560d88150a526250df69077cd3065edbbd4c842098,dfine_native,66380.0,unknown_object,0.4804,524.36,540.54,595.77,637.03,6890.0,71.41,96.48,0.74,False,,True,unattributed,4,evt_01-P01_desk_work_surface_0002,b26f33bc8d9db396,native_source_context_fallback,wrist_confidence_below_floor,66418.0,2.03,,1,01/e1/v1,rtmpose_baseline
corpus_01,01.Candidate was found using a mobile phone in the examination hall..mkv,b842b03e5784d867e93770560d88150a526250df69077cd3065edbbd4c842098,dfine_native,66380.0,unknown_object,0.2554,587.57,518.28,624.0,616.95,3595.0,36.43,98.67,0.369,False,,True,unattributed,4,evt_01-P01_desk_work_surface_0002,b26f33bc8d9db396,native_source_context_fallback,wrist_confidence_below_floor,66418.0,2.03,,1,01/e1/v1,rtmpose_baseline
corpus_01,01.Candidate was found using a mobile phone in the examination hall..mkv,b842b03e5784d867e93770560d88150a526250df69077cd3065edbbd4c842098,dfine_native,66380.0,unknown_object,0.3406,523.18,539.92,619.2,709.51,16285.0,96.02,169.59,0.566,False,,True,unattributed,4,evt_01-P01_desk_work_surface_0002,b26f33bc8d9db396,native_source_context_fallback,wrist_confidence_below_floor,66418.0,2.03,,1,01/e1/v1,rtmpose_baseline
corpus_01,01.Candidate was found using a mobile phone in the examination hall..mkv,b842b03e5784d867e93770560d88150a526250df69077cd3065edbbd4c842098,dfine_native,66380.0,monitor_or_bezel,0.2623,309.06,592.72,365.63,716.02,6975.6,56.58,123.3,0.459,False,,True,unattributed,4,evt_01-P01_desk_work_surface_0002,b26f33bc8d9db396,native_source_context_fallback,wrist_confidence_below_floor,66418.0,2.03,,1,01/e1/v1,rtmpose_baseline
corpus_01,01.Candidate was found using a mobile phone in the examination hall..mkv,b842b03e5784d867e93770560d88150a526250df69077cd3065edbbd4c842098,dfine_native,66380.0,unknown_object,0.2672,533.62,508.08,623.88,655.33,13289.8,90.25,147.25,0.613,False,,True,unattributed,4,evt_01-P01_desk_work_surface_0002,b26f33bc8d9db396,native_source_context_fallback,wrist_confidence_below_floor,66418.0,2.03,,1,01/e1/v1,rtmpose_baseline
corpus_01,01.Candidate was found using a mobile phone in the examination hall..mkv,b842b03e5784d867e93770560d88150a526250df69077cd3065edbbd4c842098,dfine_native,66380.0,unknown_object,0.283,524.1,540.12,621.41,660.71,11733.7,97.3,120.59,0.807,False,,True,unattributed,4,evt_01-P01_desk_work_surface_0002,b26f33bc8d9db396,native_source_context_fallback,wrist_confidence_below_floor,66418.0,2.03,,1,01/e1/v1,rtmpose_baseline
corpus_01,01.Candidate was found using a mobile phone in the examination hall..mkv,b842b03e5784d867e93770560d88150a526250df69077cd3065edbbd4c842098,dfine_native,66380.0,keyboard,0.2742,318.57,674.45,383.92,717.0,2780.5,65.35,42.55,1.536,False,,True,unattributed,4,evt_01-P01_desk_work_surface_0002,b26f33bc8d9db396,native_source_context_fallback,wrist_confidence_below_floor,66418.0,2.03,,1,01/e1/v1,rtmpose_baseline
corpus_01,01.Candidate was found using a mobile phone in the examination hall..mkv,b842b03e5784d867e93770560d88150a526250df69077cd3065edbbd4c842098,dfine_native,66500.0,unknown_object,0.5417,688.26,399.2,767.87,494.01,7548.2,79.61,94.81,0.84,False,,True,unattributed,9,evt_01-P01_upper_body_0006,49ed198602138e42,pose_hand_context,,2304.0,13.33,,1,01/e1/v1,rtmpose_baseline
corpus_01,01.Candidate was found using a mobile phone in the examination hall..mkv,b842b03e5784d867e93770560d88150a526250df69077cd3065edbbd4c842098,dfine_native,66500.0,unknown_object,0.4079,672.01,404.17,695.15,494.29,2085.3,23.14,90.12,0.257,False,,True,unattributed,9,evt_01-P01_upper_body_0006,49ed198602138e42,pose_hand_context,,2304.0,13.33,,1,01/e1/v1,rtmpose_baseline
corpus_01,01.Candidate was found using a mobile phone in the examination hall..mkv,b842b03e5784d867e93770560d88150a526250df69077cd3065edbbd4c842098,dfine_native,66500.0,unknown_object,0.2839,692.19,454.13,763.67,494.06,2854.3,71.48,39.93,1.79,False,,True,unattributed,9,evt_01-P01_upper_body_0006,49ed198602138e42,pose_hand_context,,2304.0,13.33,,1,01/e1/v1,rtmpose_baseline
corpus_01,01.Candidate was found using a mobile phone in the examination hall..mkv,b842b03e5784d867e93770560d88150a526250df69077cd3065edbbd4c842098,dfine_native,66500.0,unknown_object,0.2826,719.76,420.68,746.56,453.37,876.1,26.79,32.7,0.82,False,,True,unattributed,9,evt_01-P01_upper_body_0006,49ed198602138e42,pose_hand_context,,2304.0,13.33,,1,01/e1/v1,rtmpose_baseline
corpus_01,01.Candidate was found using a mobile phone in the examination hall..mkv,b842b03e5784d867e93770560d88150a526250df69077cd3065edbbd4c842098,dfine_native,66500.0,unknown_object,0.3007,719.75,409.46,754.28,453.32,1514.0,34.53,43.85,0.787,False,,True,unattributed,9,evt_01-P01_upper_body_0006,49ed198602138e42,pose_hand_context,,2304.0,13.33,,1,01/e1/v1,rtmpose_baseline
corpus_01,01.Candidate was found using a mobile phone in the examination hall..mkv,b842b03e5784d867e93770560d88150a526250df69077cd3065edbbd4c842098,dfine_native,66500.0,unknown_object,0.2799,672.02,399.25,695.51,494.47,2236.7,23.49,95.22,0.247,False,,True,unattributed,9,evt_01-P01_upper_body_0006,49ed198602138e42,pose_hand_context,,2304.0,13.33,,1,01/e1/v1,rtmpose_baseline
corpus_01,01.Candidate was found using a mobile phone in the examination hall..mkv,b842b03e5784d867e93770560d88150a526250df69077cd3065edbbd4c842098,dfine_native,66500.0,unknown_object,0.3471,691.54,410.57,767.85,494.07,6371.6,76.3,83.5,0.914,False,,True,unattributed,9,evt_01-P01_upper_body_0006,49ed198602138e42,pose_hand_context,,2304.0,13.33,,1,01/e1/v1,rtmpose_baseline
corpus_01,01.Candidate was found using a mobile phone in the examination hall..mkv,b842b03e5784d867e93770560d88150a526250df69077cd3065edbbd4c842098,dfine_native,66500.0,mouse,0.4835,278.47,679.72,297.13,702.25,420.4,18.66,22.53,0.828,False,,True,unattributed,4,evt_01-P01_upper_body_0006,4ea568cd79e0e9d0,pose_hand_context,,15385.3,3.96,,1,01/e1/v1,rtmpose_baseline
corpus_01,01.Candidate was found using a mobile phone in the examination hall..mkv,b842b03e5784d867e93770560d88150a526250df69077cd3065edbbd4c842098,dfine_native,66500.0,keyboard,0.387,253.0,641.09,339.39,719.21,6749.2,86.39,78.12,1.106,False,,True,unattributed,4,evt_01-P01_upper_body_0006,4ea568cd79e0e9d0,pose_hand_context,,15385.3,3.96,,1,01/e1/v1,rtmpose_baseline
corpus_01,01.Candidate was found using a mobile phone in the examination hall..mkv,b842b03e5784d867e93770560d88150a526250df69077cd3065edbbd4c842098,dfine_native,66500.0,keyboard,0.5389,253.02,625.23,339.47,719.1,8115.1,86.46,93.86,0.921,False,,True,unattributed,4,evt_01-P01_upper_body_0006,4ea568cd79e0e9d0,pose_hand_context,,15385.3,3.96,,1,01/e1/v1,rtmpose_baseline
corpus_01,01.Candidate was found using a mobile phone in the examination hall..mkv,b842b03e5784d867e93770560d88150a526250df69077cd3065edbbd4c842098,dfine_native,66500.0,phone,0.4082,253.02,625.63,295.34,674.7,2076.9,42.32,49.07,0.862,False,,True,unattributed,4,evt_01-P01_upper_body_0006,4ea568cd79e0e9d0,pose_hand_context,,15385.3,3.96,,1,01/e1/v1,rtmpose_baseline
corpus_01,01.Candidate was found using a mobile phone in the examination hall..mkv,b842b03e5784d867e93770560d88150a526250df69077cd3065edbbd4c842098,dfine_native,66500.0,phone,0.265,253.09,633.68,294.7,674.54,1700.3,41.61,40.86,1.018,False,,True,unattributed,4,evt_01-P01_upper_body_0006,4ea568cd79e0e9d0,pose_hand_context,,15385.3,3.96,,1,01/e1/v1,rtmpose_baseline
corpus_01,01.Candidate was found using a mobile phone in the examination hall..mkv,b842b03e5784d867e93770560d88150a526250df69077cd3065edbbd4c842098,dfine_native,66500.0,unknown_object,0.4612,882.99,481.2,1033.59,642.76,24330.9,150.6,161.56,0.932,False,,True,unattributed,7,evt_01-P01_upper_body_0006,8f57a13b660d1ec1,pose_hand_context,,54503.6,2.74,,1,01/e1/v1,rtmpose_baseline
corpus_01,01.Candidate was found using a mobile phone in the examination hall..mkv,b842b03e5784d867e93770560d88150a526250df69077cd3065edbbd4c842098,dfine_native,66500.0,unknown_object,0.4465,980.02,579.39,1115.9,712.92,18143.1,135.88,133.52,1.018,False,,True,unattributed,7,evt_01-P01_upper_body_0006,8f57a13b660d1ec1,pose_hand_context,,54503.6,2.74,,1,01/e1/v1,rtmpose_baseline
corpus_01,01.Candidate was found using a mobile phone in the examination hall..mkv,b842b03e5784d867e93770560d88150a526250df69077cd3065edbbd4c842098,dfine_native,66500.0,unknown_object,0.2748,883.01,622.51,912.52,630.8,244.7,29.52,8.29,3.56,False,,True,unattributed,7,evt_01-P01_upper_body_0006,8f57a13b660d1ec1,pose_hand_context,,54503.6,2.74,,1,01/e1/v1,rtmpose_baseline
corpus_01,01.Candidate was found using a mobile phone in the examination hall..mkv,b842b03e5784d867e93770560d88150a526250df69077cd3065edbbd4c842098,dfine_native,66500.0,unknown_object,0.2808,983.92,535.57,1019.37,639.41,3681.5,35.45,103.85,0.341,False,,True,unattributed,7,evt_01-P01_upper_body_0006,8f57a13b660d1ec1,pose_hand_context,,54503.6,2.74,,1,01/e1/v1,rtmpose_baseline
corpus_01,01.Candidate was found using a mobile phone in the examination hall..mkv,b842b03e5784d867e93770560d88150a526250df69077cd3065edbbd4c842098,dfine_native,66500.0,unknown_object,0.4232,979.67,481.52,1115.99,712.85,31534.7,136.32,231.33,0.589,False,,True,unattributed,7,evt_01-P01_upper_body_0006,8f57a13b660d1ec1,pose_hand_context,,54503.6,2.74,,1,01/e1/v1,rtmpose_baseline
corpus_01,01.Candidate was found using a mobile phone in the examination hall..mkv,b842b03e5784d867e93770560d88150a526250df69077cd3065edbbd4c842098,dfine_native,66580.0,unknown_object,0.5081,1006.31,472.24,1119.95,609.31,15577.8,113.65,137.07,0.829,False,,True,unattributed,7,evt_01-P03_upper_body_0020,0b10710a82968c28,pose_hand_context,,60152.5,2.61,,1,01/e1/v1,rtmpose_baseline
corpus_01,01.Candidate was found using a mobile phone in the examination hall..mkv,b842b03e5784d867e93770560d88150a526250df69077cd3065edbbd4c842098,dfine_native,66580.0,unknown_object,0.6393,979.73,579.17,1119.89,715.5,19108.7,140.16,136.34,1.028,False,,True,unattributed,7,evt_01-P03_upper_body_0020,0b10710a82968c28,pose_hand_context,,60152.5,2.61,,1,01/e1/v1,rtmpose_baseline
corpus_01,01.Candidate was found using a mobile phone in the examination hall..mkv,b842b03e5784d867e93770560d88150a526250df69077cd3065edbbd4c842098,dfine_native,66580.0,unknown_object,0.3837,979.69,472.33,1119.92,715.79,34138.2,140.23,243.45,0.576,False,,True,unattributed,7,evt_01-P03_upper_body_0020,0b10710a82968c28,pose_hand_context,,60152.5,2.61,,1,01/e1/v1,rtmpose_baseline
corpus_01,01.Candidate was found using a mobile phone in the examination hall..mkv,b842b03e5784d867e93770560d88150a526250df69077cd3065edbbd4c842098,dfine_native,66580.0,unknown_object,0.453,688.74,400.26,766.87,494.85,7390.1,78.12,94.59,0.826,False,,True,unattributed,9,evt_01-P03_upper_body_0020,4775e99c2c778860,pose_hand_context,,2304.0,13.33,,1,01/e1/v1,rtmpose_baseline
corpus_01,01.Candidate was found using a mobile phone in the examination hall..mkv,b842b03e5784d867e93770560d88150a526250df69077cd3065edbbd4c842098,dfine_native,66580.0,bag,0.4024,671.0,404.36,695.18,495.29,2197.8,24.17,90.92,0.266,False,,True,unattributed,9,evt_01-P03_upper_body_0020,4775e99c2c778860,pose_hand_context,,2304.0,13.33,,1,01/e1/v1,rtmpose_baseline
corpus_01,01.Candidate was found using a mobile phone in the examination hall..mkv,b842b03e5784d867e93770560d88150a526250df69077cd3065edbbd4c842098,dfine_native,66580.0,unknown_object,0.2543,691.71,453.93,764.32,494.67,2957.9,72.61,40.74,1.782,False,,True,unattributed,9,evt_01-P03_upper_body_0020,4775e99c2c778860,pose_hand_context,,2304.0,13.33,,1,01/e1/v1,rtmpose_baseline
corpus_01,01.Candidate was found using a mobile phone in the examination hall..mkv,b842b03e5784d867e93770560d88150a526250df69077cd3065edbbd4c842098,dfine_native,66580.0,unknown_object,0.2602,719.75,409.45,754.58,453.19,1523.1,34.83,43.74,0.796,False,,True,unattributed,9,evt_01-P03_upper_body_0020,4775e99c2c778860,pose_hand_context,,2304.0,13.33,,1,01/e1/v1,rtmpose_baseline
corpus_01,01.Candidate was found using a mobile phone in the examination hall..mkv,b842b03e5784d867e93770560d88150a526250df69077cd3065edbbd4c842098,dfine_native,66580.0,unknown_object,0.3187,227.95,657.32,315.82,717.24,5266.2,87.87,59.93,1.466,False,,True,unattributed,4,evt_01-P03_upper_body_0020,62391876cbd7ef0c,native_source_context_fallback,wrist_confidence_below_floor,38764.8,2.83,,1,01/e1/v1,rtmpose_baseline
corpus_01,01.Candidate was found using a mobile phone in the examination hall..mkv,b842b03e5784d867e93770560d88150a526250df69077cd3065edbbd4c842098,dfine_native,66580.0,unknown_object,0.286,228.05,545.98,453.86,716.64,38535.0,225.81,170.65,1.323,False,,True,unattributed,4,evt_01-P03_upper_body_0020,62391876cbd7ef0c,native_source_context_fallback,wrist_confidence_below_floor,38764.8,2.83,,1,01/e1/v1,rtmpose_baseline
corpus_01,01.Candidate was found using a mobile phone in the examination hall..mkv,b842b03e5784d867e93770560d88150a526250df69077cd3065edbbd4c842098,dfine_native,66580.0,unknown_object,0.2867,227.94,546.4,316.44,716.61,15062.0,88.49,170.21,0.52,False,,True,unattributed,4,evt_01-P03_upper_body_0020,62391876cbd7ef0c,native_source_context_fallback,wrist_confidence_below_floor,38764.8,2.83,,1,01/e1/v1,rtmpose_baseline
corpus_01,01.Candidate was found using a mobile phone in the examination hall..mkv,b842b03e5784d867e93770560d88150a526250df69077cd3065edbbd4c842098,dfine_native,66820.0,unknown_object,0.8788,690.32,486.28,807.41,587.93,11901.5,117.09,101.64,1.152,False,,True,unattributed,7,evt_01-P06_upper_body_0046,4fc26df5c438c715,pose_hand_context,,59840.0,2.5,,1,01/e1/v1,rtmpose_baseline
corpus_01,01.Candidate was found using a mobile phone in the examination hall..mkv,b842b03e5784d867e93770560d88150a526250df69077cd3065edbbd4c842098,dfine_native,66820.0,unknown_object,0.4238,727.04,700.28,788.79,719.8,1205.2,61.75,19.52,3.163,False,,True,unattributed,7,evt_01-P06_upper_body_0046,4fc26df5c438c715,pose_hand_context,,59840.0,2.5,,1,01/e1/v1,rtmpose_baseline
corpus_01,01.Candidate was found using a mobile phone in the examination hall..mkv,b842b03e5784d867e93770560d88150a526250df69077cd3065edbbd4c842098,dfine_native,66820.0,unknown_object,0.3801,815.05,618.87,868.9,634.05,817.8,53.85,15.19,3.546,False,,True,unattributed,7,evt_01-P06_upper_body_0046,4fc26df5c438c715,pose_hand_context,,59840.0,2.5,,1,01/e1/v1,rtmpose_baseline
corpus_01,01.Candidate was found using a mobile phone in the examination hall..mkv,b842b03e5784d867e93770560d88150a526250df69077cd3065edbbd4c842098,dfine_native,66820.0,unknown_object,0.3605,811.27,646.53,945.71,719.21,9771.3,134.44,72.68,1.85,False,,True,unattributed,7,evt_01-P06_upper_body_0046,4fc26df5c438c715,pose_hand_context,,59840.0,2.5,,1,01/e1/v1,rtmpose_baseline
corpus_01,01.Candidate was found using a mobile phone in the examination hall..mkv,b842b03e5784d867e93770560d88150a526250df69077cd3065edbbd4c842098,dfine_native,66820.0,unknown_object,0.2868,811.35,646.61,849.89,717.58,2734.7,38.53,70.97,0.543,False,,True,unattributed,7,evt_01-P06_upper_body_0046,4fc26df5c438c715,pose_hand_context,,59840.0,2.5,,1,01/e1/v1,rtmpose_baseline
corpus_01,01.Candidate was found using a mobile phone in the examination hall..mkv,b842b03e5784d867e93770560d88150a526250df69077cd3065edbbd4c842098,dfine_native,66820.0,unknown_object,0.3004,814.38,618.59,869.5,645.48,1482.2,55.13,26.89,2.05,False,,True,unattributed,7,evt_01-P06_upper_body_0046,4fc26df5c438c715,pose_hand_context,,59840.0,2.5,,1,01/e1/v1,rtmpose_baseline
corpus_01,01.Candidate was found using a mobile phone in the examination hall..mkv,b842b03e5784d867e93770560d88150a526250df69077cd3065edbbd4c842098,dfine_native,66820.0,unknown_object,0.2759,727.3,646.64,839.92,719.35,8188.2,112.62,72.71,1.549,False,,True,unattributed,7,evt_01-P06_upper_body_0046,4fc26df5c438c715,pose_hand_context,,59840.0,2.5,,1,01/e1/v1,rtmpose_baseline
corpus_01,01.Candidate was found using a mobile phone in the examination hall..mkv,b842b03e5784d867e93770560d88150a526250df69077cd3065edbbd4c842098,dfine_native,66820.0,bag,0.4069,196.68,548.33,359.06,693.45,23564.6,162.38,145.12,1.119,False,,True,unattributed,4,evt_01-P06_upper_body_0046,cad6784b160d635a,native_source_context_fallback,wrist_confidence_below_floor,45526.7,2.38,,1,01/e1/v1,rtmpose_baseline
corpus_01,01.Candidate was found using a mobile phone in the examination hall..mkv,b842b03e5784d867e93770560d88150a526250df69077cd3065edbbd4c842098,dfine_native,66820.0,bag,0.5672,668.0,403.77,695.51,496.4,2548.2,27.51,92.63,0.297,False,,True,unattributed,9,evt_01-P06_upper_body_0046,e349b4fe423b35e4,pose_hand_context,,2304.0,13.33,,1,01/e1/v1,rtmpose_baseline
corpus_01,01.Candidate was found using a mobile phone in the examination hall..mkv,b842b03e5784d867e93770560d88150a526250df69077cd3065edbbd4c842098,dfine_native,66820.0,unknown_object,0.4355,689.23,401.21,763.96,495.88,7074.4,74.73,94.66,0.789,False,,True,unattributed,9,evt_01-P06_upper_body_0046,e349b4fe423b35e4,pose_hand_context,,2304.0,13.33,,1,01/e1/v1,rtmpose_baseline
corpus_01,01.Candidate was found using a mobile phone in the examination hall..mkv,b842b03e5784d867e93770560d88150a526250df69077cd3065edbbd4c842098,dfine_native,66820.0,unknown_object,0.2966,692.08,454.08,763.5,496.11,3001.9,71.42,42.03,1.699,False,,True,unattributed,9,evt_01-P06_upper_body_0046,e349b4fe423b35e4,pose_hand_context,,2304.0,13.33,,1,01/e1/v1,rtmpose_baseline
corpus_01,01.Candidate was found using a mobile phone in the examination hall..mkv,b842b03e5784d867e93770560d88150a526250df69077cd3065edbbd4c842098,dfine_native,66820.0,unknown_object,0.2578,689.55,401.11,763.64,464.29,4681.2,74.09,63.18,1.173,False,,True,unattributed,9,evt_01-P06_upper_body_0046,e349b4fe423b35e4,pose_hand_context,,2304.0,13.33,,1,01/e1/v1,rtmpose_baseline
corpus_01,01.Candidate was found using a mobile phone in the examination hall..mkv,b842b03e5784d867e93770560d88150a526250df69077cd3065edbbd4c842098,dfine_native,66860.0,unknown_object,0.5721,1006.25,470.96,1121.89,611.08,16203.2,115.64,140.12,0.825,False,,True,unattributed,7,evt_01-P03_desk_work_surface_0015,062f90ce73a9e01e,pose_hand_context,,63117.9,2.52,,1,01/e1/v1,rtmpose_baseline
corpus_01,01.Candidate was found using a mobile phone in the examination hall..mkv,b842b03e5784d867e93770560d88150a526250df69077cd3065edbbd4c842098,dfine_native,66860.0,unknown_object,0.3461,965.81,484.47,1018.23,539.87,2904.5,52.42,55.4,0.946,False,,True,unattributed,7,evt_01-P03_desk_work_surface_0015,062f90ce73a9e01e,pose_hand_context,,63117.9,2.52,,1,01/e1/v1,rtmpose_baseline
corpus_01,01.Candidate was found using a mobile phone in the examination hall..mkv,b842b03e5784d867e93770560d88150a526250df69077cd3065edbbd4c842098,dfine_native,66860.0,unknown_object,0.4858,979.97,471.0,1121.89,718.89,35180.2,141.92,247.89,0.573,False,,True,unattributed,7,evt_01-P03_desk_work_surface_0015,062f90ce73a9e01e,pose_hand_context,,63117.9,2.52,,1,01/e1/v1,rtmpose_baseline
corpus_01,01.Candidate was found using a mobile phone in the examination hall..mkv,b842b03e5784d867e93770560d88150a526250df69077cd3065edbbd4c842098,dfine_native,66860.0,unknown_object,0.6543,980.08,578.52,1121.89,718.55,19856.8,141.81,140.02,1.013,False,,True,unattributed,7,evt_01-P03_desk_work_surface_0015,062f90ce73a9e01e,pose_hand_context,,63117.9,2.52,,1,01/e1/v1,rtmpose_baseline
corpus_01,01.Candidate was found using a mobile phone in the examination hall..mkv,b842b03e5784d867e93770560d88150a526250df69077cd3065edbbd4c842098,dfine_native,66860.0,unknown_object,0.5582,868.06,471.21,990.16,549.15,9516.3,122.1,77.94,1.567,False,,True,unattributed,7,evt_01-P03_desk_work_surface_0015,062f90ce73a9e01e,pose_hand_context,,63117.9,2.52,,1,01/e1/v1,rtmpose_baseline
corpus_01,01.Candidate was found using a mobile phone in the examination hall..mkv,b842b03e5784d867e93770560d88150a526250df69077cd3065edbbd4c842098,dfine_native,66860.0,unknown_object,0.3197,949.72,471.11,1028.31,540.89,5484.7,78.6,69.78,1.126,False,,True,unattributed,7,evt_01-P03_desk_work_surface_0015,062f90ce73a9e01e,pose_hand_context,,63117.9,2.52,,1,01/e1/v1,rtmpose_baseline
corpus_01,01.Candidate was found using a mobile phone in the examination hall..mkv,b842b03e5784d867e93770560d88150a526250df69077cd3065edbbd4c842098,dfine_native,66860.0,unknown_object,0.2771,868.1,471.5,990.41,642.7,20939.2,122.31,171.2,0.714,False,,True,unattributed,7,evt_01-P03_desk_work_surface_0015,062f90ce73a9e01e,pose_hand_context,,63117.9,2.52,,1,01/e1/v1,rtmpose_baseline
corpus_01,01.Candidate was found using a mobile phone in the examination hall..mkv,b842b03e5784d867e93770560d88150a526250df69077cd3065edbbd4c842098,dfine_native,66860.0,unknown_object,0.2647,868.11,471.42,987.41,678.19,24669.0,119.31,206.77,0.577,False,,True,unattributed,7,evt_01-P03_desk_work_surface_0015,062f90ce73a9e01e,pose_hand_context,,63117.9,2.52,,1,01/e1/v1,rtmpose_baseline
corpus_01,01.Candidate was found using a mobile phone in the examination hall..mkv,b842b03e5784d867e93770560d88150a526250df69077cd3065edbbd4c842098,dfine_native,66860.0,bag,0.6879,669.0,404.05,695.45,497.4,2468.7,26.44,93.35,0.283,False,,True,unattributed,9,evt_01-P03_desk_work_surface_0015,216399273aeebc4f,pose_hand_context,,2468.1,12.88,,1,01/e1/v1,rtmpose_baseline
corpus_01,01.Candidate was found using a mobile phone in the examination hall..mkv,b842b03e5784d867e93770560d88150a526250df69077cd3065edbbd4c842098,dfine_native,66860.0,unknown_object,0.3042,691.94,453.56,764.55,497.05,3158.0,72.61,43.49,1.669,False,,True,unattributed,9,evt_01-P03_desk_work_surface_0015,216399273aeebc4f,pose_hand_context,,2468.1,12.88,,1,01/e1/v1,rtmpose_baseline
corpus_01,01.Candidate was found using a mobile phone in the examination hall..mkv,b842b03e5784d867e93770560d88150a526250df69077cd3065edbbd4c842098,dfine_native,66860.0,monitor_or_bezel,0.5666,196.04,546.21,334.95,704.86,22037.3,138.91,158.64,0.876,False,,True,unattributed,4,evt_01-P03_desk_work_surface_0015,ebf26ff0bb9e105f,native_source_context_fallback,wrist_confidence_below_floor,45052.8,2.44,,1,01/e1/v1,rtmpose_baseline
corpus_01,01.Candidate was found using a mobile phone in the examination hall..mkv,b842b03e5784d867e93770560d88150a526250df69077cd3065edbbd4c842098,dfine_native,66860.0,phone,0.3352,276.12,641.97,296.12,663.44,429.4,19.99,21.47,0.931,False,,True,unattributed,4,evt_01-P03_desk_work_surface_0015,ebf26ff0bb9e105f,native_source_context_fallback,wrist_confidence_below_floor,45052.8,2.44,,1,01/e1/v1,rtmpose_baseline
corpus_01,01.Candidate was found using a mobile phone in the examination hall..mkv,b842b03e5784d867e93770560d88150a526250df69077cd3065edbbd4c842098,dfine_native,66860.0,monitor_or_bezel,0.3766,196.27,546.26,302.53,634.53,9378.9,106.26,88.26,1.204,False,,True,unattributed,4,evt_01-P03_desk_work_surface_0015,ebf26ff0bb9e105f,native_source_context_fallback,wrist_confidence_below_floor,45052.8,2.44,,1,01/e1/v1,rtmpose_baseline
corpus_01,01.Candidate was found using a mobile phone in the examination hall..mkv,b842b03e5784d867e93770560d88150a526250df69077cd3065edbbd4c842098,dfine_native,66860.0,phone,0.2885,262.15,630.16,303.23,663.34,1362.8,41.08,33.18,1.238,False,,True,unattributed,4,evt_01-P03_desk_work_surface_0015,ebf26ff0bb9e105f,native_source_context_fallback,wrist_confidence_below_floor,45052.8,2.44,,1,01/e1/v1,rtmpose_baseline
corpus_01,01.Candidate was found using a mobile phone in the examination hall..mkv,b842b03e5784d867e93770560d88150a526250df69077cd3065edbbd4c842098,dfine_native,66860.0,unknown_object,0.2699,73.02,623.29,159.42,716.98,8094.6,86.4,93.69,0.922,False,,True,unattributed,4,evt_01-P03_desk_work_surface_0015,ebf26ff0bb9e105f,native_source_context_fallback,wrist_confidence_below_floor,45052.8,2.44,,1,01/e1/v1,rtmpose_baseline
corpus_01,01.Candidate was found using a mobile phone in the examination hall..mkv,b842b03e5784d867e93770560d88150a526250df69077cd3065edbbd4c842098,dfine_native,66860.0,monitor_or_bezel,0.4048,195.93,546.13,304.14,661.95,12531.4,108.2,115.81,0.934,False,,True,unattributed,4,evt_01-P03_desk_work_surface_0015,ebf26ff0bb9e105f,native_source_context_fallback,wrist_confidence_below_floor,45052.8,2.44,,1,01/e1/v1,rtmpose_baseline
corpus_01,01.Candidate was found using a mobile phone in the examination hall..mkv,b842b03e5784d867e93770560d88150a526250df69077cd3065edbbd4c842098,dfine_native,67020.0,unknown_object,0.8118,758.71,486.01,851.9,611.93,11734.7,93.19,125.93,0.74,False,,True,unattributed,7,evt_01-P06_desk_work_surface_0043,040ea37a2cff8053,pose_hand_context,,56040.5,2.67,,1,01/e1/v1,rtmpose_baseline
corpus_01,01.Candidate was found using a mobile phone in the examination hall..mkv,b842b03e5784d867e93770560d88150a526250df69077cd3065edbbd4c842098,dfine_native,67020.0,unknown_object,0.5671,682.96,486.13,777.07,588.26,9611.3,94.11,102.13,0.921,False,,True,unattributed,7,evt_01-P06_desk_work_surface_0043,040ea37a2cff8053,pose_hand_context,,56040.5,2.67,,1,01/e1/v1,rtmpose_baseline
corpus_01,01.Candidate was found using a mobile phone in the examination hall..mkv,b842b03e5784d867e93770560d88150a526250df69077cd3065edbbd4c842098,dfine_native,67020.0,unknown_object,0.5126,669.01,486.4,700.73,645.78,5056.2,31.72,159.38,0.199,False,,True,unattributed,7,evt_01-P06_desk_work_surface_0043,040ea37a2cff8053,pose_hand_context,,56040.5,2.67,,1,01/e1/v1,rtmpose_baseline
corpus_01,01.Candidate was found using a mobile phone in the examination hall..mkv,b842b03e5784d867e93770560d88150a526250df69077cd3065edbbd4c842098,dfine_native,67020.0,unknown_object,0.3546,767.67,611.78,830.05,626.36,909.8,62.38,14.58,4.278,False,,True,unattributed,7,evt_01-P06_desk_work_surface_0043,040ea37a2cff8053,pose_hand_context,,56040.5,2.67,,1,01/e1/v1,rtmpose_baseline
corpus_01,01.Candidate was found using a mobile phone in the examination hall..mkv,b842b03e5784d867e93770560d88150a526250df69077cd3065edbbd4c842098,dfine_native,67020.0,unknown_object,0.4103,726.59,700.12,788.8,719.94,1233.3,62.21,19.83,3.138,False,,True,unattributed,7,evt_01-P06_desk_work_surface_0043,040ea37a2cff8053,pose_hand_context,,56040.5,2.67,,1,01/e1/v1,rtmpose_baseline
corpus_01,01.Candidate was found using a mobile phone in the examination hall..mkv,b842b03e5784d867e93770560d88150a526250df69077cd3065edbbd4c842098,dfine_native,67020.0,unknown_object,0.4877,669.01,576.15,700.62,645.81,2202.2,31.61,69.66,0.454,False,,True,unattributed,7,evt_01-P06_desk_work_surface_0043,040ea37a2cff8053,pose_hand_context,,56040.5,2.67,,1,01/e1/v1,rtmpose_baseline
corpus_01,01.Candidate was found using a mobile phone in the examination hall..mkv,b842b03e5784d867e93770560d88150a526250df69077cd3065edbbd4c842098,dfine_native,67020.0,unknown_object,0.2878,685.01,485.78,845.31,588.55,16475.0,160.3,102.77,1.56,False,,True,unattributed,7,evt_01-P06_desk_work_surface_0043,040ea37a2cff8053,pose_hand_context,,56040.5,2.67,,1,01/e1/v1,rtmpose_baseline
corpus_01,01.Candidate was found using a mobile phone in the examination hall..mkv,b842b03e5784d867e93770560d88150a526250df69077cd3065edbbd4c842098,dfine_native,67020.0,unknown_object,0.308,668.99,562.99,700.82,646.01,2642.1,31.83,83.02,0.383,False,,True,unattributed,7,evt_01-P06_desk_work_surface_0043,040ea37a2cff8053,pose_hand_context,,56040.5,2.67,,1,01/e1/v1,rtmpose_baseline
corpus_01,01.Candidate was found using a mobile phone in the examination hall..mkv,b842b03e5784d867e93770560d88150a526250df69077cd3065edbbd4c842098,dfine_native,67020.0,unknown_object,0.318,714.65,486.11,776.96,588.02,6350.5,62.31,101.92,0.611,False,,True,unattributed,7,evt_01-P06_desk_work_surface_0043,040ea37a2cff8053,pose_hand_context,,56040.5,2.67,,1,01/e1/v1,rtmpose_baseline
corpus_01,01.Candidate was found using a mobile phone in the examination hall..mkv,b842b03e5784d867e93770560d88150a526250df69077cd3065edbbd4c842098,dfine_native,67020.0,unknown_object,0.3368,669.14,485.97,777.39,645.79,17300.0,108.25,159.81,0.677,False,,True,unattributed,7,evt_01-P06_desk_work_surface_0043,040ea37a2cff8053,pose_hand_context,,56040.5,2.67,,1,01/e1/v1,rtmpose_baseline
corpus_01,01.Candidate was found using a mobile phone in the examination hall..mkv,b842b03e5784d867e93770560d88150a526250df69077cd3065edbbd4c842098,dfine_native,67020.0,unknown_object,0.2748,668.99,486.34,699.81,598.0,3440.7,30.81,111.66,0.276,False,,True,unattributed,7,evt_01-P06_desk_work_surface_0043,040ea37a2cff8053,pose_hand_context,,56040.5,2.67,,1,01/e1/v1,rtmpose_baseline
corpus_01,01.Candidate was found using a mobile phone in the examination hall..mkv,b842b03e5784d867e93770560d88150a526250df69077cd3065edbbd4c842098,dfine_native,67020.0,monitor_or_bezel,0.6277,196.16,552.42,241.99,671.42,5453.3,45.83,119.0,0.385,False,,True,unattributed,4,evt_01-P06_desk_work_surface_0043,6074e50ce1b9816f,native_source_context_fallback,wrist_confidence_below_floor,39126.5,2.75,,1,01/e1/v1,rtmpose_baseline
corpus_01,01.Candidate was found using a mobile phone in the examination hall..mkv,b842b03e5784d867e93770560d88150a526250df69077cd3065edbbd4c842098,dfine_native,67020.0,unknown_object,0.4117,108.63,590.95,237.94,715.39,16091.8,129.31,124.44,1.039,False,,True,unattributed,4,evt_01-P06_desk_work_surface_0043,6074e50ce1b9816f,native_source_context_fallback,wrist_confidence_below_floor,39126.5,2.75,,1,01/e1/v1,rtmpose_baseline
corpus_01,01.Candidate was found using a mobile phone in the examination hall..mkv,b842b03e5784d867e93770560d88150a526250df69077cd3065edbbd4c842098,dfine_native,67020.0,monitor_or_bezel,0.2629,96.27,549.21,169.2,587.97,2826.7,72.93,38.76,1.882,False,,True,unattributed,4,evt_01-P06_desk_work_surface_0043,6074e50ce1b9816f,native_source_context_fallback,wrist_confidence_below_floor,39126.5,2.75,,1,01/e1/v1,rtmpose_baseline
corpus_01,01.Candidate was found using a mobile phone in the examination hall..mkv,b842b03e5784d867e93770560d88150a526250df69077cd3065edbbd4c842098,dfine_native,67020.0,unknown_object,0.2815,10.18,549.27,240.61,716.73,38588.2,230.43,167.46,1.376,False,,True,unattributed,4,evt_01-P06_desk_work_surface_0043,6074e50ce1b9816f,native_source_context_fallback,wrist_confidence_below_floor,39126.5,2.75,,1,01/e1/v1,rtmpose_baseline
corpus_01,01.Candidate was found using a mobile phone in the examination hall..mkv,b842b03e5784d867e93770560d88150a526250df69077cd3065edbbd4c842098,dfine_native,67020.0,unknown_object,0.4479,673.99,404.47,695.36,492.25,1875.8,21.37,87.78,0.243,False,,True,unattributed,9,evt_01-P06_desk_work_surface_0043,8d2331ddb7d37619,pose_hand_context,,2540.2,12.7,,1,01/e1/v1,rtmpose_baseline
corpus_01,01.Candidate was found using a mobile phone in the examination hall..mkv,b842b03e5784d867e93770560d88150a526250df69077cd3065edbbd4c842098,dfine_native,67020.0,unknown_object,0.3912,690.12,397.24,769.87,492.08,7563.5,79.75,94.84,0.841,False,,True,unattributed,9,evt_01-P06_desk_work_surface_0043,8d2331ddb7d37619,pose_hand_context,,2540.2,12.7,,1,01/e1/v1,rtmpose_baseline
corpus_01,01.Candidate was found using a mobile phone in the examination hall..mkv,b842b03e5784d867e93770560d88150a526250df69077cd3065edbbd4c842098,dfine_native,67020.0,unknown_object,0.4094,689.84,397.13,751.79,492.21,5890.3,61.95,95.08,0.652,False,,True,unattributed,9,evt_01-P06_desk_work_surface_0043,8d2331ddb7d37619,pose_hand_context,,2540.2,12.7,,1,01/e1/v1,rtmpose_baseline
corpus_01,01.Candidate was found using a mobile phone in the examination hall..mkv,b842b03e5784d867e93770560d88150a526250df69077cd3065edbbd4c842098,dfine_native,67020.0,unknown_object,0.3289,689.74,397.08,751.28,464.87,4172.2,61.55,67.79,0.908,False,,True,unattributed,9,evt_01-P06_desk_work_surface_0043,8d2331ddb7d37619,pose_hand_context,,2540.2,12.7,,1,01/e1/v1,rtmpose_baseline
corpus_01,01.Candidate was found using a mobile phone in the examination hall..mkv,b842b03e5784d867e93770560d88150a526250df69077cd3065edbbd4c842098,dfine_native,67020.0,unknown_object,0.2667,674.0,397.3,695.5,492.31,2043.1,21.51,95.0,0.226,False,,True,unattributed,9,evt_01-P06_desk_work_surface_0043,8d2331ddb7d37619,pose_hand_context,,2540.2,12.7,,1,01/e1/v1,rtmpose_baseline
corpus_01,01.Candidate was found using a mobile phone in the examination hall..mkv,b842b03e5784d867e93770560d88150a526250df69077cd3065edbbd4c842098,dfine_native,67060.0,unknown_object,0.5713,731.15,342.93,750.54,375.75,636.1,19.38,32.82,0.591,False,,True,unattributed,9,evt_01-P02_desk_work_surface_0010,1481c69ad7fb2a14,native_source_context_fallback,wrist_confidence_below_floor,14211.4,3.39,,1,01/e1/v1,rtmpose_baseline
corpus_01,01.Candidate was found using a mobile phone in the examination hall..mkv,b842b03e5784d867e93770560d88150a526250df69077cd3065edbbd4c842098,dfine_native,67060.0,unknown_object,0.4217,694.42,453.9,759.3,492.75,2520.9,64.88,38.85,1.67,False,,True,unattributed,9,evt_01-P02_desk_work_surface_0010,1481c69ad7fb2a14,native_source_context_fallback,wrist_confidence_below_floor,14211.4,3.39,,1,01/e1/v1,rtmpose_baseline
corpus_01,01.Candidate was found using a mobile phone in the examination hall..mkv,b842b03e5784d867e93770560d88150a526250df69077cd3065edbbd4c842098,dfine_native,67060.0,monitor_or_bezel,0.3837,666.94,403.91,695.6,492.51,2539.0,28.66,88.6,0.323,False,,True,unattributed,9,evt_01-P02_desk_work_surface_0010,1481c69ad7fb2a14,native_source_context_fallback,wrist_confidence_below_floor,14211.4,3.39,,1,01/e1/v1,rtmpose_baseline
corpus_01,01.Candidate was found using a mobile phone in the examination hall..mkv,b842b03e5784d867e93770560d88150a526250df69077cd3065edbbd4c842098,dfine_native,67060.0,monitor_or_bezel,0.3407,666.96,388.46,695.47,492.32,2960.4,28.51,103.85,0.274,False,,True,unattributed,9,evt_01-P02_desk_work_surface_0010,1481c69ad7fb2a14,native_source_context_fallback,wrist_confidence_below_floor,14211.4,3.39,,1,01/e1/v1,rtmpose_baseline
corpus_01,01.Candidate was found using a mobile phone in the examination hall..mkv,b842b03e5784d867e93770560d88150a526250df69077cd3065edbbd4c842098,dfine_native,67060.0,unknown_object,0.2801,666.95,365.58,683.99,385.16,333.6,17.04,19.58,0.87,False,,True,unattributed,9,evt_01-P02_desk_work_surface_0010,1481c69ad7fb2a14,native_source_context_fallback,wrist_confidence_below_floor,14211.4,3.39,,1,01/e1/v1,rtmpose_baseline
corpus_01,01.Candidate was found using a mobile phone in the examination hall..mkv,b842b03e5784d867e93770560d88150a526250df69077cd3065edbbd4c842098,dfine_native,67060.0,unknown_object,0.5265,103.1,589.37,212.88,715.56,13853.0,109.78,126.19,0.87,False,,True,unattributed,4,evt_01-P02_desk_work_surface_0010,82e78c982300587f,native_source_context_fallback,wrist_confidence_below_floor,36104.1,3.01,,1,01/e1/v1,rtmpose_baseline
corpus_01,01.Candidate was found using a mobile phone in the examination hall..mkv,b842b03e5784d867e93770560d88150a526250df69077cd3065edbbd4c842098,dfine_native,67060.0,unknown_object,0.2951,0.05,588.29,212.82,716.98,27380.3,212.76,128.69,1.653,False,,True,unattributed,4,evt_01-P02_desk_work_surface_0010,82e78c982300587f,native_source_context_fallback,wrist_confidence_below_floor,36104.1,3.01,,1,01/e1/v1,rtmpose_baseline
corpus_01,01.Candidate was found using a mobile phone in the examination hall..mkv,b842b03e5784d867e93770560d88150a526250df69077cd3065edbbd4c842098,dfine_native,67060.0,unknown_object,0.4499,0.12,548.27,213.14,716.9,35919.3,213.01,168.62,1.263,False,,True,unattributed,4,evt_01-P02_desk_work_surface_0010,82e78c982300587f,native_source_context_fallback,wrist_confidence_below_floor,36104.1,3.01,,1,01/e1/v1,rtmpose_baseline
corpus_01,01.Candidate was found using a mobile phone in the examination hall..mkv,b842b03e5784d867e93770560d88150a526250df69077cd3065edbbd4c842098,dfine_native,67060.0,unknown_object,0.2671,-0.01,611.13,55.84,716.97,5911.6,55.85,105.84,0.528,False,,True,unattributed,4,evt_01-P02_desk_work_surface_0010,82e78c982300587f,native_source_context_fallback,wrist_confidence_below_floor,36104.1,3.01,,1,01/e1/v1,rtmpose_baseline
corpus_01,01.Candidate was found using a mobile phone in the examination hall..mkv,b842b03e5784d867e93770560d88150a526250df69077cd3065edbbd4c842098,dfine_native,67060.0,unknown_object,0.2933,96.19,548.23,212.99,715.53,19540.9,116.8,167.3,0.698,False,,True,unattributed,4,evt_01-P02_desk_work_surface_0010,82e78c982300587f,native_source_context_fallback,wrist_confidence_below_floor,36104.1,3.01,,1,01/e1/v1,rtmpose_baseline
corpus_01,01.Candidate was found using a mobile phone in the examination hall..mkv,b842b03e5784d867e93770560d88150a526250df69077cd3065edbbd4c842098,dfine_native,67060.0,unknown_object,0.6543,758.61,608.99,825.71,626.22,1155.8,67.1,17.23,3.896,False,,True,unattributed,7,evt_01-P02_desk_work_surface_0010,ce1ed4536028c62d,pose_hand_context,,57495.1,2.65,,1,01/e1/v1,rtmpose_baseline
corpus_01,01.Candidate was found using a mobile phone in the examination hall..mkv,b842b03e5784d867e93770560d88150a526250df69077cd3065edbbd4c842098,dfine_native,67060.0,unknown_object,0.5653,683.0,482.65,771.49,588.33,9351.3,88.49,105.68,0.837,False,,True,unattributed,7,evt_01-P02_desk_work_surface_0010,ce1ed4536028c62d,pose_hand_context,,57495.1,2.65,,1,01/e1/v1,rtmpose_baseline
corpus_01,01.Candidate was found using a mobile phone in the examination hall..mkv,b842b03e5784d867e93770560d88150a526250df69077cd3065edbbd4c842098,dfine_native,67060.0,unknown_object,0.4679,662.03,482.63,700.74,645.55,6306.6,38.71,162.93,0.238,False,,True,unattributed,7,evt_01-P02_desk_work_surface_0010,ce1ed4536028c62d,pose_hand_context,,57495.1,2.65,,1,01/e1/v1,rtmpose_baseline
corpus_01,01.Candidate was found using a mobile phone in the examination hall..mkv,b842b03e5784d867e93770560d88150a526250df69077cd3065edbbd4c842098,dfine_native,67060.0,unknown_object,0.4113,726.57,700.1,788.58,719.89,1226.8,62.01,19.79,3.134,False,,True,unattributed,7,evt_01-P02_desk_work_surface_0010,ce1ed4536028c62d,pose_hand_context,,57495.1,2.65,,1,01/e1/v1,rtmpose_baseline
corpus_01,01.Candidate was found using a mobile phone in the examination hall..mkv,b842b03e5784d867e93770560d88150a526250df69077cd3065edbbd4c842098,dfine_native,67060.0,unknown_object,0.4335,662.04,567.81,700.76,645.82,3021.3,38.73,78.01,0.496,False,,True,unattributed,7,evt_01-P02_desk_work_surface_0010,ce1ed4536028c62d,pose_hand_context,,57495.1,2.65,,1,01/e1/v1,rtmpose_baseline
corpus_01,01.Candidate was found using a mobile phone in the examination hall..mkv,b842b03e5784d867e93770560d88150a526250df69077cd3065edbbd4c842098,dfine_native,67060.0,unknown_object,0.3106,682.11,482.01,842.1,588.51,17040.5,160.0,106.5,1.502,False,,True,unattributed,7,evt_01-P02_desk_work_surface_0010,ce1ed4536028c62d,pose_hand_context,,57495.1,2.65,,1,01/e1/v1,rtmpose_baseline
corpus_01,01.Candidate was found using a mobile phone in the examination hall..mkv,b842b03e5784d867e93770560d88150a526250df69077cd3065edbbd4c842098,dfine_native,67060.0,unknown_object,0.4847,662.06,482.39,771.29,645.84,17854.4,109.23,163.45,0.668,False,,True,unattributed,7,evt_01-P02_desk_work_surface_0010,ce1ed4536028c62d,pose_hand_context,,57495.1,2.65,,1,01/e1/v1,rtmpose_baseline
corpus_01,01.Candidate was found using a mobile phone in the examination hall..mkv,b842b03e5784d867e93770560d88150a526250df69077cd3065edbbd4c842098,dfine_native,67060.0,unknown_object,0.2502,662.05,576.13,700.53,645.73,2678.0,38.48,69.6,0.553,False,,True,unattributed,7,evt_01-P02_desk_work_surface_0010,ce1ed4536028c62d,pose_hand_context,,57495.1,2.65,,1,01/e1/v1,rtmpose_baseline
corpus_01,01.Candidate was found using a mobile phone in the examination hall..mkv,b842b03e5784d867e93770560d88150a526250df69077cd3065edbbd4c842098,dfine_native,67060.0,unknown_object,0.2526,662.03,482.13,843.34,645.66,29647.9,181.31,163.52,1.109,False,,True,unattributed,7,evt_01-P02_desk_work_surface_0010,ce1ed4536028c62d,pose_hand_context,,57495.1,2.65,,1,01/e1/v1,rtmpose_baseline
corpus_01,01.Candidate was found using a mobile phone in the examination hall..mkv,b842b03e5784d867e93770560d88150a526250df69077cd3065edbbd4c842098,dfine_native,67380.0,unknown_object,0.4616,707.25,612.2,777.78,639.35,1915.0,70.52,27.15,2.597,False,,True,unattributed,7,evt_01-P01_desk_work_surface_0002,6cce58dfda4a78b0,pose_hand_context,,46820.3,2.96,,1,01/e1/v1,rtmpose_baseline
corpus_01,01.Candidate was found using a mobile phone in the examination hall..mkv,b842b03e5784d867e93770560d88150a526250df69077cd3065edbbd4c842098,dfine_native,67380.0,unknown_object,0.7109,638.05,491.12,700.59,645.47,9652.7,62.54,154.34,0.405,False,,True,unattributed,7,evt_01-P01_desk_work_surface_0002,6cce58dfda4a78b0,pose_hand_context,,46820.3,2.96,,1,01/e1/v1,rtmpose_baseline
corpus_01,01.Candidate was found using a mobile phone in the examination hall..mkv,b842b03e5784d867e93770560d88150a526250df69077cd3065edbbd4c842098,dfine_native,67380.0,unknown_object,0.3127,703.75,490.62,811.12,638.96,15925.8,107.37,148.33,0.724,False,,True,unattributed,7,evt_01-P01_desk_work_surface_0002,6cce58dfda4a78b0,pose_hand_context,,46820.3,2.96,,1,01/e1/v1,rtmpose_baseline
corpus_01,01.Candidate was found using a mobile phone in the examination hall..mkv,b842b03e5784d867e93770560d88150a526250df69077cd3065edbbd4c842098,dfine_native,67380.0,unknown_object,0.4435,638.04,534.57,700.43,645.6,6927.8,62.4,111.03,0.562,False,,True,unattributed,7,evt_01-P01_desk_work_surface_0002,6cce58dfda4a78b0,pose_hand_context,,46820.3,2.96,,1,01/e1/v1,rtmpose_baseline
corpus_01,01.Candidate was found using a mobile phone in the examination hall..mkv,b842b03e5784d867e93770560d88150a526250df69077cd3065edbbd4c842098,dfine_native,67380.0,unknown_object,0.2571,707.47,565.68,777.15,639.42,5138.1,69.68,73.73,0.945,False,,True,unattributed,7,evt_01-P01_desk_work_surface_0002,6cce58dfda4a78b0,pose_hand_context,,46820.3,2.96,,1,01/e1/v1,rtmpose_baseline
corpus_01,01.Candidate was found using a mobile phone in the examination hall..mkv,b842b03e5784d867e93770560d88150a526250df69077cd3065edbbd4c842098,dfine_native,67380.0,unknown_object,0.2804,638.2,490.35,810.18,642.94,26241.9,171.98,152.59,1.127,False,,True,unattributed,7,evt_01-P01_desk_work_surface_0002,6cce58dfda4a78b0,pose_hand_context,,46820.3,2.96,,1,01/e1/v1,rtmpose_baseline
corpus_01,01.Candidate was found using a mobile phone in the examination hall..mkv,b842b03e5784d867e93770560d88150a526250df69077cd3065edbbd4c842098,dfine_native,67380.0,unknown_object,0.3289,707.08,501.84,781.42,639.52,10234.8,74.34,137.68,0.54,False,,True,unattributed,7,evt_01-P01_desk_work_surface_0002,6cce58dfda4a78b0,pose_hand_context,,46820.3,2.96,,1,01/e1/v1,rtmpose_baseline
corpus_01,01.Candidate was found using a mobile phone in the examination hall..mkv,b842b03e5784d867e93770560d88150a526250df69077cd3065edbbd4c842098,dfine_native,67380.0,unknown_object,0.3644,664.9,365.63,683.58,386.27,385.4,18.67,20.64,0.905,False,,True,unattributed,9,evt_01-P01_desk_work_surface_0002,83e9a9f99fac3df3,native_source_context_fallback,wrist_confidence_below_floor,12893.0,3.53,,1,01/e1/v1,rtmpose_baseline
corpus_01,01.Candidate was found using a mobile phone in the examination hall..mkv,b842b03e5784d867e93770560d88150a526250df69077cd3065edbbd4c842098,dfine_native,67380.0,unknown_object,0.3755,664.98,404.27,695.19,485.55,2455.9,30.21,81.28,0.372,False,,True,unattributed,9,evt_01-P01_desk_work_surface_0002,83e9a9f99fac3df3,native_source_context_fallback,wrist_confidence_below_floor,12893.0,3.53,,1,01/e1/v1,rtmpose_baseline
corpus_01,01.Candidate was found using a mobile phone in the examination hall..mkv,b842b03e5784d867e93770560d88150a526250df69077cd3065edbbd4c842098,dfine_native,67380.0,unknown_object,0.3131,726.14,305.15,760.91,396.54,3177.6,34.77,91.39,0.38,False,,True,unattributed,9,evt_01-P01_desk_work_surface_0002,83e9a9f99fac3df3,native_source_context_fallback,wrist_confidence_below_floor,12893.0,3.53,,1,01/e1/v1,rtmpose_baseline
corpus_01,01.Candidate was found using a mobile phone in the examination hall..mkv,b842b03e5784d867e93770560d88150a526250df69077cd3065edbbd4c842098,dfine_native,67380.0,monitor_or_bezel,0.3129,664.97,388.37,695.16,485.38,2928.7,30.19,97.01,0.311,False,,True,unattributed,9,evt_01-P01_desk_work_surface_0002,83e9a9f99fac3df3,native_source_context_fallback,wrist_confidence_below_floor,12893.0,3.53,,1,01/e1/v1,rtmpose_baseline
corpus_01,01.Candidate was found using a mobile phone in the examination hall..mkv,b842b03e5784d867e93770560d88150a526250df69077cd3065edbbd4c842098,dfine_native,67380.0,unknown_object,0.2626,726.15,305.12,760.86,374.92,2422.2,34.7,69.8,0.497,False,,True,unattributed,9,evt_01-P01_desk_work_surface_0002,83e9a9f99fac3df3,native_source_context_fallback,wrist_confidence_below_floor,12893.0,3.53,,1,01/e1/v1,rtmpose_baseline
corpus_01,01.Candidate was found using a mobile phone in the examination hall..mkv,b842b03e5784d867e93770560d88150a526250df69077cd3065edbbd4c842098,dfine_native,67500.0,keyboard,0.374,666.01,404.76,690.55,416.0,275.9,24.55,11.24,2.184,False,,True,unattributed,9,evt_01-P01_upper_body_0006,142ab09c19d6829e,native_source_context_fallback,wrist_confidence_below_floor,7871.7,5.75,,1,01/e1/v1,rtmpose_baseline
corpus_01,01.Candidate was found using a mobile phone in the examination hall..mkv,b842b03e5784d867e93770560d88150a526250df69077cd3065edbbd4c842098,dfine_native,67500.0,unknown_object,0.3229,726.64,305.15,762.11,375.44,2493.7,35.47,70.3,0.505,False,,True,unattributed,9,evt_01-P01_upper_body_0006,142ab09c19d6829e,native_source_context_fallback,wrist_confidence_below_floor,7871.7,5.75,,1,01/e1/v1,rtmpose_baseline
corpus_01,01.Candidate was found using a mobile phone in the examination hall..mkv,b842b03e5784d867e93770560d88150a526250df69077cd3065edbbd4c842098,dfine_native,67500.0,unknown_object,0.2619,745.08,369.68,762.1,402.75,562.8,17.02,33.07,0.515,False,,True,unattributed,9,evt_01-P01_upper_body_0006,142ab09c19d6829e,native_source_context_fallback,wrist_confidence_below_floor,7871.7,5.75,,1,01/e1/v1,rtmpose_baseline
corpus_01,01.Candidate was found using a mobile phone in the examination hall..mkv,b842b03e5784d867e93770560d88150a526250df69077cd3065edbbd4c842098,dfine_native,67500.0,unknown_object,0.3082,694.88,397.61,761.97,415.87,1225.3,67.09,18.26,3.673,False,,True,unattributed,9,evt_01-P01_upper_body_0006,142ab09c19d6829e,native_source_context_fallback,wrist_confidence_below_floor,7871.7,5.75,,1,01/e1/v1,rtmpose_baseline
corpus_01,01.Candidate was found using a mobile phone in the examination hall..mkv,b842b03e5784d867e93770560d88150a526250df69077cd3065edbbd4c842098,dfine_native,67500.0,unknown_object,0.2709,666.0,388.56,680.63,412.98,357.1,14.63,24.42,0.599,False,,True,unattributed,9,evt_01-P01_upper_body_0006,142ab09c19d6829e,native_source_context_fallback,wrist_confidence_below_floor,7871.7,5.75,,1,01/e1/v1,rtmpose_baseline
corpus_01,01.Candidate was found using a mobile phone in the examination hall..mkv,b842b03e5784d867e93770560d88150a526250df69077cd3065edbbd4c842098,dfine_native,67500.0,unknown_object,0.2661,738.53,331.94,762.15,402.42,1664.3,23.61,70.48,0.335,False,,True,unattributed,9,evt_01-P01_upper_body_0006,142ab09c19d6829e,native_source_context_fallback,wrist_confidence_below_floor,7871.7,5.75,,1,01/e1/v1,rtmpose_baseline
corpus_01,01.Candidate was found using a mobile phone in the examination hall..mkv,b842b03e5784d867e93770560d88150a526250df69077cd3065edbbd4c842098,dfine_native,67500.0,unknown_object,0.4522,726.42,305.09,762.16,402.59,3484.8,35.74,97.5,0.367,False,,True,unattributed,9,evt_01-P01_upper_body_0006,142ab09c19d6829e,native_source_context_fallback,wrist_confidence_below_floor,7871.7,5.75,,1,01/e1/v1,rtmpose_baseline
corpus_01,01.Candidate was found using a mobile phone in the examination hall..mkv,b842b03e5784d867e93770560d88150a526250df69077cd3065edbbd4c842098,dfine_native,67500.0,bag,0.363,896.68,654.82,982.78,719.4,5559.7,86.1,64.57,1.333,False,,True,unattributed,7,evt_01-P01_upper_body_0006,33f21d1f1c9f6f07,pose_hand_context,,29368.8,2.93,,1,01/e1/v1,rtmpose_baseline
corpus_01,01.Candidate was found using a mobile phone in the examination hall..mkv,b842b03e5784d867e93770560d88150a526250df69077cd3065edbbd4c842098,dfine_native,67500.0,unknown_object,0.2799,980.11,634.4,996.0,718.71,1339.5,15.89,84.31,0.188,False,,True,unattributed,7,evt_01-P01_upper_body_0006,33f21d1f1c9f6f07,pose_hand_context,,29368.8,2.93,,1,01/e1/v1,rtmpose_baseline
corpus_01,01.Candidate was found using a mobile phone in the examination hall..mkv,b842b03e5784d867e93770560d88150a526250df69077cd3065edbbd4c842098,dfine_native,67580.0,unknown_object,0.2911,726.93,305.12,762.99,374.72,2509.3,36.06,69.59,0.518,False,,True,unattributed,9,evt_01-P03_upper_body_0020,959fae493952876e,native_source_context_fallback,wrist_confidence_below_floor,8304.6,5.62,,1,01/e1/v1,rtmpose_baseline
corpus_01,01.Candidate was found using a mobile phone in the examination hall..mkv,b842b03e5784d867e93770560d88150a526250df69077cd3065edbbd4c842098,dfine_native,67580.0,keyboard,0.3925,666.97,404.82,691.31,419.0,345.1,24.35,14.17,1.718,False,,True,unattributed,9,evt_01-P03_upper_body_0020,959fae493952876e,native_source_context_fallback,wrist_confidence_below_floor,8304.6,5.62,,1,01/e1/v1,rtmpose_baseline
corpus_01,01.Candidate was found using a mobile phone in the examination hall..mkv,b842b03e5784d867e93770560d88150a526250df69077cd3065edbbd4c842098,dfine_native,67580.0,unknown_object,0.2809,666.97,388.55,680.6,411.94,318.6,13.62,23.38,0.583,False,,True,unattributed,9,evt_01-P03_upper_body_0020,959fae493952876e,native_source_context_fallback,wrist_confidence_below_floor,8304.6,5.62,,1,01/e1/v1,rtmpose_baseline
corpus_01,01.Candidate was found using a mobile phone in the examination hall..mkv,b842b03e5784d867e93770560d88150a526250df69077cd3065edbbd4c842098,dfine_native,67580.0,unknown_object,0.4585,726.78,305.17,763.05,418.1,4096.3,36.27,112.93,0.321,False,,True,unattributed,9,evt_01-P03_upper_body_0020,959fae493952876e,native_source_context_fallback,wrist_confidence_below_floor,8304.6,5.62,,1,01/e1/v1,rtmpose_baseline
corpus_01,01.Candidate was found using a mobile phone in the examination hall..mkv,b842b03e5784d867e93770560d88150a526250df69077cd3065edbbd4c842098,dfine_native,67580.0,unknown_object,0.3309,744.93,369.24,763.04,418.14,885.5,18.11,48.91,0.37,False,,True,unattributed,9,evt_01-P03_upper_body_0020,959fae493952876e,native_source_context_fallback,wrist_confidence_below_floor,8304.6,5.62,,1,01/e1/v1,rtmpose_baseline
corpus_01,01.Candidate was found using a mobile phone in the examination hall..mkv,b842b03e5784d867e93770560d88150a526250df69077cd3065edbbd4c842098,dfine_native,67580.0,unknown_object,0.2987,731.74,343.05,751.29,376.27,649.3,19.54,33.22,0.588,False,,True,unattributed,9,evt_01-P03_upper_body_0020,959fae493952876e,native_source_context_fallback,wrist_confidence_below_floor,8304.6,5.62,,1,01/e1/v1,rtmpose_baseline
corpus_01,01.Candidate was found using a mobile phone in the examination hall..mkv,b842b03e5784d867e93770560d88150a526250df69077cd3065edbbd4c842098,dfine_native,67820.0,phone,0.5543,597.36,674.69,660.26,702.24,1732.5,62.89,27.55,2.283,False,,True,unattributed,7,evt_01-P06_upper_body_0046,46dd5368b21b13ef,pose_hand_context,,33246.6,3.07,,1,01/e1/v1,rtmpose_baseline
corpus_01,01.Candidate was found using a mobile phone in the examination hall..mkv,b842b03e5784d867e93770560d88150a526250df69077cd3065edbbd4c842098,dfine_native,67820.0,phone,0.512,593.0,673.85,662.85,705.95,2242.3,69.85,32.1,2.176,False,,True,unattributed,7,evt_01-P06_upper_body_0046,46dd5368b21b13ef,pose_hand_context,,33246.6,3.07,,1,01/e1/v1,rtmpose_baseline
corpus_01,01.Candidate was found using a mobile phone in the examination hall..mkv,b842b03e5784d867e93770560d88150a526250df69077cd3065edbbd4c842098,dfine_native,67820.0,unknown_object,0.3242,597.39,560.3,709.13,669.29,12177.7,111.74,108.99,1.025,False,,True,unattributed,7,evt_01-P06_upper_body_0046,46dd5368b21b13ef,pose_hand_context,,33246.6,3.07,,1,01/e1/v1,rtmpose_baseline
corpus_01,01.Candidate was found using a mobile phone in the examination hall..mkv,b842b03e5784d867e93770560d88150a526250df69077cd3065edbbd4c842098,dfine_native,67820.0,unknown_object,0.254,587.05,560.16,692.79,669.03,11512.6,105.75,108.87,0.971,False,,True,unattributed,7,evt_01-P06_upper_body_0046,46dd5368b21b13ef,pose_hand_context,,33246.6,3.07,,1,01/e1/v1,rtmpose_baseline
corpus_01,01.Candidate was found using a mobile phone in the examination hall..mkv,b842b03e5784d867e93770560d88150a526250df69077cd3065edbbd4c842098,dfine_native,67820.0,bag,0.5522,669.01,403.9,695.24,497.16,2445.3,26.22,93.26,0.281,False,,True,unattributed,9,evt_01-P06_upper_body_0046,6d7481f05545a0c6,pose_hand_context,,2304.0,13.33,,1,01/e1/v1,rtmpose_baseline
corpus_01,01.Candidate was found using a mobile phone in the examination hall..mkv,b842b03e5784d867e93770560d88150a526250df69077cd3065edbbd4c842098,dfine_native,67820.0,bag,0.294,698.93,453.54,764.0,491.07,2442.5,65.07,37.54,1.733,False,,True,unattributed,9,evt_01-P06_upper_body_0046,6d7481f05545a0c6,pose_hand_context,,2304.0,13.33,,1,01/e1/v1,rtmpose_baseline
corpus_01,01.Candidate was found using a mobile phone in the examination hall..mkv,b842b03e5784d867e93770560d88150a526250df69077cd3065edbbd4c842098,dfine_native,67860.0,unknown_object,0.4368,669.01,404.12,695.1,496.37,2406.6,26.09,92.25,0.283,False,,True,unattributed,9,evt_01-P03_desk_work_surface_0015,57a0c564d89d8895,pose_hand_context,,2304.0,13.33,,1,01/e1/v1,rtmpose_baseline
corpus_01,01.Candidate was found using a mobile phone in the examination hall..mkv,b842b03e5784d867e93770560d88150a526250df69077cd3065edbbd4c842098,dfine_native,67860.0,unknown_object,0.4571,689.22,401.14,764.98,495.68,7161.6,75.76,94.54,0.801,False,,True,unattributed,9,evt_01-P03_desk_work_surface_0015,57a0c564d89d8895,pose_hand_context,,2304.0,13.33,,1,01/e1/v1,rtmpose_baseline
corpus_01,01.Candidate was found using a mobile phone in the examination hall..mkv,b842b03e5784d867e93770560d88150a526250df69077cd3065edbbd4c842098,dfine_native,67860.0,unknown_object,0.3689,700.83,454.12,762.56,490.95,2273.5,61.73,36.83,1.676,False,,True,unattributed,9,evt_01-P03_desk_work_surface_0015,57a0c564d89d8895,pose_hand_context,,2304.0,13.33,,1,01/e1/v1,rtmpose_baseline
corpus_01,01.Candidate was found using a mobile phone in the examination hall..mkv,b842b03e5784d867e93770560d88150a526250df69077cd3065edbbd4c842098,dfine_native,67860.0,unknown_object,0.2762,718.18,401.1,751.67,452.0,1704.7,33.49,50.9,0.658,False,,True,unattributed,9,evt_01-P03_desk_work_surface_0015,57a0c564d89d8895,pose_hand_context,,2304.0,13.33,,1,01/e1/v1,rtmpose_baseline
corpus_01,01.Candidate was found using a mobile phone in the examination hall..mkv,b842b03e5784d867e93770560d88150a526250df69077cd3065edbbd4c842098,dfine_native,67860.0,unknown_object,0.4598,572.7,676.39,650.89,708.54,2513.8,78.19,32.15,2.432,False,,True,unattributed,7,evt_01-P03_desk_work_surface_0015,de8e63433dfcddff,pose_hand_context,,31867.0,3.12,,1,01/e1/v1,rtmpose_baseline
corpus_01,01.Candidate was found using a mobile phone in the examination hall..mkv,b842b03e5784d867e93770560d88150a526250df69077cd3065edbbd4c842098,dfine_native,67860.0,unknown_object,0.3552,574.77,687.99,647.86,708.43,1494.1,73.09,20.44,3.576,False,,True,unattributed,7,evt_01-P03_desk_work_surface_0015,de8e63433dfcddff,pose_hand_context,,31867.0,3.12,,1,01/e1/v1,rtmpose_baseline
corpus_01,01.Candidate was found using a mobile phone in the examination hall..mkv,b842b03e5784d867e93770560d88150a526250df69077cd3065edbbd4c842098,dfine_native,67860.0,unknown_object,0.2554,516.1,674.21,650.67,719.7,6122.0,134.56,45.49,2.958,False,,True,unattributed,7,evt_01-P03_desk_work_surface_0015,de8e63433dfcddff,pose_hand_context,,31867.0,3.12,,1,01/e1/v1,rtmpose_baseline
corpus_01,01.Candidate was found using a mobile phone in the examination hall..mkv,b842b03e5784d867e93770560d88150a526250df69077cd3065edbbd4c842098,dfine_native,68020.0,unknown_object,0.45,665.99,403.94,694.86,498.28,2724.2,28.87,94.35,0.306,False,,True,unattributed,9,evt_01-P06_desk_work_surface_0043,25de09719466e593,pose_hand_context,,2304.0,13.33,,1,01/e1/v1,rtmpose_baseline
corpus_01,01.Candidate was found using a mobile phone in the examination hall..mkv,b842b03e5784d867e93770560d88150a526250df69077cd3065edbbd4c842098,dfine_native,68020.0,unknown_object,0.5895,690.02,403.27,761.97,493.22,6471.8,71.95,89.95,0.8,False,,True,unattributed,9,evt_01-P06_desk_work_surface_0043,25de09719466e593,pose_hand_context,,2304.0,13.33,,1,01/e1/v1,rtmpose_baseline
corpus_01,01.Candidate was found using a mobile phone in the examination hall..mkv,b842b03e5784d867e93770560d88150a526250df69077cd3065edbbd4c842098,dfine_native,68020.0,unknown_object,0.2649,719.3,411.74,747.58,445.04,941.7,28.28,33.3,0.849,False,,True,unattributed,9,evt_01-P06_desk_work_surface_0043,25de09719466e593,pose_hand_context,,2304.0,13.33,,1,01/e1/v1,rtmpose_baseline
corpus_01,01.Candidate was found using a mobile phone in the examination hall..mkv,b842b03e5784d867e93770560d88150a526250df69077cd3065edbbd4c842098,dfine_native,68020.0,unknown_object,0.3264,719.53,422.57,743.23,444.94,530.2,23.69,22.38,1.059,False,,True,unattributed,9,evt_01-P06_desk_work_surface_0043,25de09719466e593,pose_hand_context,,2304.0,13.33,,1,01/e1/v1,rtmpose_baseline
corpus_01,01.Candidate was found using a mobile phone in the examination hall..mkv,b842b03e5784d867e93770560d88150a526250df69077cd3065edbbd4c842098,dfine_native,68020.0,unknown_object,0.2979,701.61,453.93,761.23,490.85,2201.2,59.62,36.92,1.615,False,,True,unattributed,9,evt_01-P06_desk_work_surface_0043,25de09719466e593,pose_hand_context,,2304.0,13.33,,1,01/e1/v1,rtmpose_baseline
corpus_01,01.Candidate was found using a mobile phone in the examination hall..mkv,b842b03e5784d867e93770560d88150a526250df69077cd3065edbbd4c842098,dfine_native,68020.0,unknown_object,0.355,692.14,413.25,761.99,491.16,5442.5,69.86,77.91,0.897,False,,True,unattributed,9,evt_01-P06_desk_work_surface_0043,25de09719466e593,pose_hand_context,,2304.0,13.33,,1,01/e1/v1,rtmpose_baseline
corpus_01,01.Candidate was found using a mobile phone in the examination hall..mkv,b842b03e5784d867e93770560d88150a526250df69077cd3065edbbd4c842098,dfine_native,68020.0,unknown_object,0.2506,708.67,454.54,760.31,464.67,523.1,51.63,10.13,5.096,False,,True,unattributed,9,evt_01-P06_desk_work_surface_0043,25de09719466e593,pose_hand_context,,2304.0,13.33,,1,01/e1/v1,rtmpose_baseline
corpus_01,01.Candidate was found using a mobile phone in the examination hall..mkv,b842b03e5784d867e93770560d88150a526250df69077cd3065edbbd4c842098,dfine_native,68020.0,unknown_object,0.293,508.65,694.07,580.24,709.48,1103.3,71.6,15.41,4.646,False,,True,unattributed,7,evt_01-P06_desk_work_surface_0043,dec7284f7f473d13,pose_hand_context,,13165.3,5.39,,1,01/e1/v1,rtmpose_baseline
corpus_01,01.Candidate was found using a mobile phone in the examination hall..mkv,b842b03e5784d867e93770560d88150a526250df69077cd3065edbbd4c842098,dfine_native,68020.0,unknown_object,0.259,585.55,661.72,625.01,719.21,2268.7,39.46,57.5,0.686,False,,True,unattributed,7,evt_01-P06_desk_work_surface_0043,dec7284f7f473d13,pose_hand_context,,13165.3,5.39,,1,01/e1/v1,rtmpose_baseline
corpus_01,01.Candidate was found using a mobile phone in the examination hall..mkv,b842b03e5784d867e93770560d88150a526250df69077cd3065edbbd4c842098,dfine_native,68060.0,unknown_object,0.4036,663.99,403.81,694.63,498.3,2894.9,30.64,94.49,0.324,False,,True,unattributed,9,evt_01-P02_desk_work_surface_0010,094dbdd360f11edf,pose_hand_context,,2304.0,13.33,,1,01/e1/v1,rtmpose_baseline
corpus_01,01.Candidate was found using a mobile phone in the examination hall..mkv,b842b03e5784d867e93770560d88150a526250df69077cd3065edbbd4c842098,dfine_native,68060.0,unknown_object,0.4009,701.13,453.53,759.8,491.72,2240.5,58.67,38.19,1.537,False,,True,unattributed,9,evt_01-P02_desk_work_surface_0010,094dbdd360f11edf,pose_hand_context,,2304.0,13.33,,1,01/e1/v1,rtmpose_baseline
corpus_01,01.Candidate was found using a mobile phone in the examination hall..mkv,b842b03e5784d867e93770560d88150a526250df69077cd3065edbbd4c842098,dfine_native,68060.0,unknown_object,0.3382,718.62,412.67,751.42,445.59,1079.6,32.8,32.91,0.997,False,,True,unattributed,9,evt_01-P02_desk_work_surface_0010,094dbdd360f11edf,pose_hand_context,,2304.0,13.33,,1,01/e1/v1,rtmpose_baseline
corpus_01,01.Candidate was found using a mobile phone in the examination hall..mkv,b842b03e5784d867e93770560d88150a526250df69077cd3065edbbd4c842098,dfine_native,68060.0,unknown_object,0.4102,690.53,403.25,759.94,493.36,6255.1,69.42,90.11,0.77,False,,True,unattributed,9,evt_01-P02_desk_work_surface_0010,094dbdd360f11edf,pose_hand_context,,2304.0,13.33,,1,01/e1/v1,rtmpose_baseline
corpus_01,01.Candidate was found using a mobile phone in the examination hall..mkv,b842b03e5784d867e93770560d88150a526250df69077cd3065edbbd4c842098,dfine_native,68060.0,unknown_object,0.4078,718.72,423.64,742.79,445.48,525.7,24.07,21.84,1.102,False,,True,unattributed,9,evt_01-P02_desk_work_surface_0010,094dbdd360f11edf,pose_hand_context,,2304.0,13.33,,1,01/e1/v1,rtmpose_baseline
corpus_01,01.Candidate was found using a mobile phone in the examination hall..mkv,b842b03e5784d867e93770560d88150a526250df69077cd3065edbbd4c842098,dfine_native,68060.0,unknown_object,0.2524,690.58,403.02,752.37,448.91,2835.0,61.79,45.88,1.347,False,,True,unattributed,9,evt_01-P02_desk_work_surface_0010,094dbdd360f11edf,pose_hand_context,,2304.0,13.33,,1,01/e1/v1,rtmpose_baseline
corpus_01,01.Candidate was found using a mobile phone in the examination hall..mkv,b842b03e5784d867e93770560d88150a526250df69077cd3065edbbd4c842098,dfine_native,68060.0,unknown_object,0.2594,734.44,415.44,760.0,457.01,1062.7,25.56,41.57,0.615,False,,True,unattributed,9,evt_01-P02_desk_work_surface_0010,094dbdd360f11edf,pose_hand_context,,2304.0,13.33,,1,01/e1/v1,rtmpose_baseline
corpus_01,01.Candidate was found using a mobile phone in the examination hall..mkv,b842b03e5784d867e93770560d88150a526250df69077cd3065edbbd4c842098,dfine_native,68060.0,unknown_object,0.3294,718.46,403.11,752.25,445.56,1433.9,33.78,42.44,0.796,False,,True,unattributed,9,evt_01-P02_desk_work_surface_0010,094dbdd360f11edf,pose_hand_context,,2304.0,13.33,,1,01/e1/v1,rtmpose_baseline
corpus_01,01.Candidate was found using a mobile phone in the examination hall..mkv,b842b03e5784d867e93770560d88150a526250df69077cd3065edbbd4c842098,dfine_native,68060.0,unknown_object,0.265,664.03,403.23,759.91,498.38,9123.3,95.88,95.15,1.008,False,,True,unattributed,9,evt_01-P02_desk_work_surface_0010,094dbdd360f11edf,pose_hand_context,,2304.0,13.33,,1,01/e1/v1,rtmpose_baseline
corpus_01,01.Candidate was found using a mobile phone in the examination hall..mkv,b842b03e5784d867e93770560d88150a526250df69077cd3065edbbd4c842098,dfine_native,68060.0,unknown_object,0.2571,690.51,402.99,753.12,484.34,5093.3,62.61,81.35,0.77,False,,True,unattributed,9,evt_01-P02_desk_work_surface_0010,094dbdd360f11edf,pose_hand_context,,2304.0,13.33,,1,01/e1/v1,rtmpose_baseline
corpus_01,01.Candidate was found using a mobile phone in the examination hall..mkv,b842b03e5784d867e93770560d88150a526250df69077cd3065edbbd4c842098,dfine_native,68060.0,unknown_object,0.2963,692.09,413.58,759.95,492.93,5384.5,67.85,79.35,0.855,False,,True,unattributed,9,evt_01-P02_desk_work_surface_0010,094dbdd360f11edf,pose_hand_context,,2304.0,13.33,,1,01/e1/v1,rtmpose_baseline
corpus_01,01.Candidate was found using a mobile phone in the examination hall..mkv,b842b03e5784d867e93770560d88150a526250df69077cd3065edbbd4c842098,dfine_native,68060.0,unknown_object,0.2605,718.73,411.93,743.68,445.39,834.6,24.95,33.46,0.746,False,,True,unattributed,9,evt_01-P02_desk_work_surface_0010,094dbdd360f11edf,pose_hand_context,,2304.0,13.33,,1,01/e1/v1,rtmpose_baseline
corpus_01,01.Candidate was found using a mobile phone in the examination hall..mkv,b842b03e5784d867e93770560d88150a526250df69077cd3065edbbd4c842098,dfine_native,68060.0,unknown_object,0.6221,497.99,695.17,564.62,709.77,972.5,66.63,14.6,4.565,False,,True,unattributed,7,evt_01-P02_desk_work_surface_0010,3c3a2a8df32f0b2a,pose_hand_context,,13452.5,5.38,,1,01/e1/v1,rtmpose_baseline
corpus_01,01.Candidate was found using a mobile phone in the examination hall..mkv,b842b03e5784d867e93770560d88150a526250df69077cd3065edbbd4c842098,dfine_native,68060.0,unknown_object,0.3945,512.1,659.36,564.66,687.1,1457.8,52.56,27.74,1.895,False,,True,unattributed,7,evt_01-P02_desk_work_surface_0010,3c3a2a8df32f0b2a,pose_hand_context,,13452.5,5.38,,1,01/e1/v1,rtmpose_baseline
corpus_01,01.Candidate was found using a mobile phone in the examination hall..mkv,b842b03e5784d867e93770560d88150a526250df69077cd3065edbbd4c842098,dfine_native,68060.0,unknown_object,0.3271,498.02,684.7,570.89,702.76,1316.1,72.87,18.06,4.035,False,,True,unattributed,7,evt_01-P02_desk_work_surface_0010,3c3a2a8df32f0b2a,pose_hand_context,,13452.5,5.38,,1,01/e1/v1,rtmpose_baseline
corpus_01,01.Candidate was found using a mobile phone in the examination hall..mkv,b842b03e5784d867e93770560d88150a526250df69077cd3065edbbd4c842098,dfine_native,68060.0,unknown_object,0.2502,497.94,686.12,571.76,710.16,1774.7,73.82,24.04,3.071,False,,True,unattributed,7,evt_01-P02_desk_work_surface_0010,3c3a2a8df32f0b2a,pose_hand_context,,13452.5,5.38,,1,01/e1/v1,rtmpose_baseline
corpus_01,01.Candidate was found using a mobile phone in the examination hall..mkv,b842b03e5784d867e93770560d88150a526250df69077cd3065edbbd4c842098,dfine_native,68060.0,unknown_object,0.3375,498.07,685.03,572.18,719.35,2543.5,74.11,34.32,2.16,False,,True,unattributed,7,evt_01-P02_desk_work_surface_0010,3c3a2a8df32f0b2a,pose_hand_context,,13452.5,5.38,,1,01/e1/v1,rtmpose_baseline
corpus_01,01.Candidate was found using a mobile phone in the examination hall..mkv,b842b03e5784d867e93770560d88150a526250df69077cd3065edbbd4c842098,dfine_native,68060.0,unknown_object,0.2524,498.03,684.64,547.43,702.19,866.9,49.4,17.55,2.815,False,,True,unattributed,7,evt_01-P02_desk_work_surface_0010,3c3a2a8df32f0b2a,pose_hand_context,,13452.5,5.38,,1,01/e1/v1,rtmpose_baseline
corpus_01,01.Candidate was found using a mobile phone in the examination hall..mkv,b842b03e5784d867e93770560d88150a526250df69077cd3065edbbd4c842098,dfine_native,68380.0,unknown_object,0.2821,388.05,705.22,419.98,711.8,210.3,31.93,6.59,4.849,False,,True,unattributed,7,evt_01-P01_desk_work_surface_0002,01120932a5f16b79,pose_hand_context,,5394.7,7.69,,1,01/e1/v1,rtmpose_baseline
corpus_01,01.Candidate was found using a mobile phone in the examination hall..mkv,b842b03e5784d867e93770560d88150a526250df69077cd3065edbbd4c842098,dfine_native,68380.0,unknown_object,0.3148,388.06,624.18,483.95,719.53,9144.5,95.9,95.36,1.006,False,,True,unattributed,7,evt_01-P01_desk_work_surface_0002,01120932a5f16b79,pose_hand_context,,5394.7,7.69,,1,01/e1/v1,rtmpose_baseline
corpus_01,01.Candidate was found using a mobile phone in the examination hall..mkv,b842b03e5784d867e93770560d88150a526250df69077cd3065edbbd4c842098,dfine_native,68380.0,unknown_object,0.3136,388.0,668.97,442.8,705.53,2004.2,54.81,36.57,1.499,False,,True,unattributed,7,evt_01-P01_desk_work_surface_0002,01120932a5f16b79,pose_hand_context,,5394.7,7.69,,1,01/e1/v1,rtmpose_baseline
corpus_01,01.Candidate was found using a mobile phone in the examination hall..mkv,b842b03e5784d867e93770560d88150a526250df69077cd3065edbbd4c842098,dfine_native,68380.0,unknown_object,0.3168,388.0,668.78,442.77,718.6,2728.3,54.77,49.81,1.1,False,,True,unattributed,7,evt_01-P01_desk_work_surface_0002,01120932a5f16b79,pose_hand_context,,5394.7,7.69,,1,01/e1/v1,rtmpose_baseline
corpus_01,01.Candidate was found using a mobile phone in the examination hall..mkv,b842b03e5784d867e93770560d88150a526250df69077cd3065edbbd4c842098,dfine_native,68380.0,unknown_object,0.261,388.0,624.1,442.85,718.94,5202.1,54.85,94.84,0.578,False,,True,unattributed,7,evt_01-P01_desk_work_surface_0002,01120932a5f16b79,pose_hand_context,,5394.7,7.69,,1,01/e1/v1,rtmpose_baseline
corpus_01,01.Candidate was found using a mobile phone in the examination hall..mkv,b842b03e5784d867e93770560d88150a526250df69077cd3065edbbd4c842098,dfine_native,68380.0,bag,0.5875,646.04,403.22,695.45,492.25,4398.7,49.41,89.02,0.555,False,,True,unattributed,9,evt_01-P01_desk_work_surface_0002,1bab054de0854444,pose_hand_context,,2304.0,13.33,,1,01/e1/v1,rtmpose_baseline
corpus_01,01.Candidate was found using a mobile phone in the examination hall..mkv,b842b03e5784d867e93770560d88150a526250df69077cd3065edbbd4c842098,dfine_native,68380.0,unknown_object,0.3323,693.98,454.24,741.97,492.76,1848.4,47.99,38.52,1.246,False,,True,unattributed,9,evt_01-P01_desk_work_surface_0002,1bab054de0854444,pose_hand_context,,2304.0,13.33,,1,01/e1/v1,rtmpose_baseline
corpus_01,01.Candidate was found using a mobile phone in the examination hall..mkv,b842b03e5784d867e93770560d88150a526250df69077cd3065edbbd4c842098,dfine_native,68380.0,unknown_object,0.293,690.73,397.09,740.93,454.17,2865.8,50.2,57.09,0.879,False,,True,unattributed,9,evt_01-P01_desk_work_surface_0002,1bab054de0854444,pose_hand_context,,2304.0,13.33,,1,01/e1/v1,rtmpose_baseline
corpus_01,01.Candidate was found using a mobile phone in the examination hall..mkv,b842b03e5784d867e93770560d88150a526250df69077cd3065edbbd4c842098,dfine_native,68380.0,bag,0.2675,646.04,405.23,694.95,492.22,4255.3,48.92,86.99,0.562,False,,True,unattributed,9,evt_01-P01_desk_work_surface_0002,1bab054de0854444,pose_hand_context,,2304.0,13.33,,1,01/e1/v1,rtmpose_baseline
corpus_01,01.Candidate was found using a mobile phone in the examination hall..mkv,b842b03e5784d867e93770560d88150a526250df69077cd3065edbbd4c842098,dfine_native,68380.0,bag,0.4613,646.02,397.21,695.78,492.3,4731.1,49.76,95.09,0.523,False,,True,unattributed,9,evt_01-P01_desk_work_surface_0002,1bab054de0854444,pose_hand_context,,2304.0,13.33,,1,01/e1/v1,rtmpose_baseline
corpus_01,01.Candidate was found using a mobile phone in the examination hall..mkv,b842b03e5784d867e93770560d88150a526250df69077cd3065edbbd4c842098,dfine_native,68500.0,unknown_object,0.3401,332.03,647.97,407.83,699.76,3925.4,75.8,51.79,1.464,False,,True,unattributed,7,evt_01-P01_upper_body_0006,11e5eb3610f0308a,pose_hand_context,,8567.4,6.91,,1,01/e1/v1,rtmpose_baseline
corpus_01,01.Candidate was found using a mobile phone in the examination hall..mkv,b842b03e5784d867e93770560d88150a526250df69077cd3065edbbd4c842098,dfine_native,68500.0,unknown_object,0.3295,328.04,623.25,423.91,718.42,9123.3,95.87,95.17,1.007,False,,True,unattributed,7,evt_01-P01_upper_body_0006,11e5eb3610f0308a,pose_hand_context,,8567.4,6.91,,1,01/e1/v1,rtmpose_baseline
corpus_01,01.Candidate was found using a mobile phone in the examination hall..mkv,b842b03e5784d867e93770560d88150a526250df69077cd3065edbbd4c842098,dfine_native,68500.0,unknown_object,0.27,333.65,648.37,407.01,692.55,3240.8,73.36,44.18,1.66,False,,True,unattributed,7,evt_01-P01_upper_body_0006,11e5eb3610f0308a,pose_hand_context,,8567.4,6.91,,1,01/e1/v1,rtmpose_baseline
corpus_01,01.Candidate was found using a mobile phone in the examination hall..mkv,b842b03e5784d867e93770560d88150a526250df69077cd3065edbbd4c842098,dfine_native,68500.0,unknown_object,0.2546,328.03,647.19,413.4,718.33,6072.9,85.37,71.14,1.2,False,,True,unattributed,7,evt_01-P01_upper_body_0006,11e5eb3610f0308a,pose_hand_context,,8567.4,6.91,,1,01/e1/v1,rtmpose_baseline
corpus_01,01.Candidate was found using a mobile phone in the examination hall..mkv,b842b03e5784d867e93770560d88150a526250df69077cd3065edbbd4c842098,dfine_native,68500.0,unknown_object,0.6062,693.38,453.45,778.68,499.85,3958.1,85.3,46.4,1.838,False,,True,unattributed,9,evt_01-P01_upper_body_0006,66156c5ee618a120,native_source_context_fallback,wrist_confidence_below_floor,17518.9,3.23,,1,01/e1/v1,rtmpose_baseline
corpus_01,01.Candidate was found using a mobile phone in the examination hall..mkv,b842b03e5784d867e93770560d88150a526250df69077cd3065edbbd4c842098,dfine_native,68500.0,unknown_object,0.5937,693.28,453.95,763.9,498.83,3169.1,70.61,44.88,1.573,False,,True,unattributed,9,evt_01-P01_upper_body_0006,66156c5ee618a120,native_source_context_fallback,wrist_confidence_below_floor,17518.9,3.23,,1,01/e1/v1,rtmpose_baseline
corpus_01,01.Candidate was found using a mobile phone in the examination hall..mkv,b842b03e5784d867e93770560d88150a526250df69077cd3065edbbd4c842098,dfine_native,68500.0,unknown_object,0.4159,749.61,336.4,778.91,405.39,2021.2,29.3,68.99,0.425,False,,True,unattributed,9,evt_01-P01_upper_body_0006,66156c5ee618a120,native_source_context_fallback,wrist_confidence_below_floor,17518.9,3.23,,1,01/e1/v1,rtmpose_baseline
corpus_01,01.Candidate was found using a mobile phone in the examination hall..mkv,b842b03e5784d867e93770560d88150a526250df69077cd3065edbbd4c842098,dfine_native,68500.0,unknown_object,0.3865,753.78,403.3,778.39,451.01,1174.0,24.6,47.72,0.516,False,,True,unattributed,9,evt_01-P01_upper_body_0006,66156c5ee618a120,native_source_context_fallback,wrist_confidence_below_floor,17518.9,3.23,,1,01/e1/v1,rtmpose_baseline
corpus_01,01.Candidate was found using a mobile phone in the examination hall..mkv,b842b03e5784d867e93770560d88150a526250df69077cd3065edbbd4c842098,dfine_native,68500.0,unknown_object,0.4027,753.75,403.6,777.46,434.92,742.6,23.71,31.32,0.757,False,,True,unattributed,9,evt_01-P01_upper_body_0006,66156c5ee618a120,native_source_context_fallback,wrist_confidence_below_floor,17518.9,3.23,,1,01/e1/v1,rtmpose_baseline
corpus_01,01.Candidate was found using a mobile phone in the examination hall..mkv,b842b03e5784d867e93770560d88150a526250df69077cd3065edbbd4c842098,dfine_native,68500.0,unknown_object,0.444,749.81,336.29,779.05,454.3,3450.6,29.24,118.01,0.248,False,,True,unattributed,9,evt_01-P01_upper_body_0006,66156c5ee618a120,native_source_context_fallback,wrist_confidence_below_floor,17518.9,3.23,,1,01/e1/v1,rtmpose_baseline
corpus_01,01.Candidate was found using a mobile phone in the examination hall..mkv,b842b03e5784d867e93770560d88150a526250df69077cd3065edbbd4c842098,dfine_native,68500.0,unknown_object,0.4067,750.05,336.39,778.91,373.56,1072.8,28.86,37.18,0.776,False,,True,unattributed,9,evt_01-P01_upper_body_0006,66156c5ee618a120,native_source_context_fallback,wrist_confidence_below_floor,17518.9,3.23,,1,01/e1/v1,rtmpose_baseline
corpus_01,01.Candidate was found using a mobile phone in the examination hall..mkv,b842b03e5784d867e93770560d88150a526250df69077cd3065edbbd4c842098,dfine_native,68500.0,unknown_object,0.4494,693.51,403.29,778.88,499.38,8202.7,85.37,96.09,0.888,False,,True,unattributed,9,evt_01-P01_upper_body_0006,66156c5ee618a120,native_source_context_fallback,wrist_confidence_below_floor,17518.9,3.23,,1,01/e1/v1,rtmpose_baseline
corpus_01,01.Candidate was found using a mobile phone in the examination hall..mkv,b842b03e5784d867e93770560d88150a526250df69077cd3065edbbd4c842098,dfine_native,68500.0,unknown_object,0.2604,683.03,353.23,710.33,410.48,1563.0,27.3,57.25,0.477,False,,True,unattributed,9,evt_01-P01_upper_body_0006,66156c5ee618a120,native_source_context_fallback,wrist_confidence_below_floor,17518.9,3.23,,1,01/e1/v1,rtmpose_baseline
corpus_01,01.Candidate was found using a mobile phone in the examination hall..mkv,b842b03e5784d867e93770560d88150a526250df69077cd3065edbbd4c842098,dfine_native,68500.0,unknown_object,0.2552,754.72,370.73,779.01,453.84,2018.0,24.28,83.11,0.292,False,,True,unattributed,9,evt_01-P01_upper_body_0006,66156c5ee618a120,native_source_context_fallback,wrist_confidence_below_floor,17518.9,3.23,,1,01/e1/v1,rtmpose_baseline
corpus_01,01.Candidate was found using a mobile phone in the examination hall..mkv,b842b03e5784d867e93770560d88150a526250df69077cd3065edbbd4c842098,dfine_native,68500.0,unknown_object,0.335,682.92,408.75,696.46,499.69,1232.1,13.55,90.94,0.149,False,,True,unattributed,9,evt_01-P01_upper_body_0006,66156c5ee618a120,native_source_context_fallback,wrist_confidence_below_floor,17518.9,3.23,,1,01/e1/v1,rtmpose_baseline
corpus_01,01.Candidate was found using a mobile phone in the examination hall..mkv,b842b03e5784d867e93770560d88150a526250df69077cd3065edbbd4c842098,dfine_native,68500.0,unknown_object,0.2571,748.51,336.15,778.96,434.82,3004.4,30.45,98.67,0.309,False,,True,unattributed,9,evt_01-P01_upper_body_0006,66156c5ee618a120,native_source_context_fallback,wrist_confidence_below_floor,17518.9,3.23,,1,01/e1/v1,rtmpose_baseline
corpus_01,01.Candidate was found using a mobile phone in the examination hall..mkv,b842b03e5784d867e93770560d88150a526250df69077cd3065edbbd4c842098,dfine_native,68500.0,unknown_object,0.3151,693.99,454.11,762.51,489.9,2452.0,68.52,35.79,1.915,False,,True,unattributed,9,evt_01-P01_upper_body_0006,66156c5ee618a120,native_source_context_fallback,wrist_confidence_below_floor,17518.9,3.23,,1,01/e1/v1,rtmpose_baseline
corpus_01,01.Candidate was found using a mobile phone in the examination hall..mkv,b842b03e5784d867e93770560d88150a526250df69077cd3065edbbd4c842098,dfine_native,68580.0,unknown_object,0.3309,298.03,624.28,394.74,719.02,9162.8,96.72,94.74,1.021,False,,True,unattributed,7,evt_01-P03_upper_body_0020,0d00321a78c38c4c,pose_hand_context,,9240.4,6.6,,1,01/e1/v1,rtmpose_baseline
corpus_01,01.Candidate was found using a mobile phone in the examination hall..mkv,b842b03e5784d867e93770560d88150a526250df69077cd3065edbbd4c842098,dfine_native,68580.0,unknown_object,0.2521,298.03,649.71,380.94,718.61,5711.1,82.9,68.89,1.203,False,,True,unattributed,7,evt_01-P03_upper_body_0020,0d00321a78c38c4c,pose_hand_context,,9240.4,6.6,,1,01/e1/v1,rtmpose_baseline
corpus_01,01.Candidate was found using a mobile phone in the examination hall..mkv,b842b03e5784d867e93770560d88150a526250df69077cd3065edbbd4c842098,dfine_native,68580.0,stationery,0.4741,646.01,368.78,660.12,377.35,121.0,14.11,8.57,1.646,False,,True,unattributed,9,evt_01-P03_upper_body_0020,f3e6d4748d50e040,pose_hand_context,,2304.0,13.33,,1,01/e1/v1,rtmpose_baseline
corpus_01,01.Candidate was found using a mobile phone in the examination hall..mkv,b842b03e5784d867e93770560d88150a526250df69077cd3065edbbd4c842098,dfine_native,68580.0,unknown_object,0.4911,645.99,405.0,694.34,453.52,2345.6,48.35,48.51,0.997,False,,True,unattributed,9,evt_01-P03_upper_body_0020,f3e6d4748d50e040,pose_hand_context,,2304.0,13.33,,1,01/e1/v1,rtmpose_baseline
corpus_01,01.Candidate was found using a mobile phone in the examination hall..mkv,b842b03e5784d867e93770560d88150a526250df69077cd3065edbbd4c842098,dfine_native,68580.0,unknown_object,0.2699,646.03,365.0,683.75,427.09,2342.2,37.72,62.09,0.607,False,,True,unattributed,9,evt_01-P03_upper_body_0020,f3e6d4748d50e040,pose_hand_context,,2304.0,13.33,,1,01/e1/v1,rtmpose_baseline
corpus_01,01.Candidate was found using a mobile phone in the examination hall..mkv,b842b03e5784d867e93770560d88150a526250df69077cd3065edbbd4c842098,dfine_native,68580.0,unknown_object,0.324,646.03,358.13,712.57,427.83,4637.7,66.54,69.69,0.955,False,,True,unattributed,9,evt_01-P03_upper_body_0020,f3e6d4748d50e040,pose_hand_context,,2304.0,13.33,,1,01/e1/v1,rtmpose_baseline
corpus_01,01.Candidate was found using a mobile phone in the examination hall..mkv,b842b03e5784d867e93770560d88150a526250df69077cd3065edbbd4c842098,dfine_native,68580.0,unknown_object,0.2836,646.02,358.24,713.12,453.13,6368.0,67.11,94.89,0.707,False,,True,unattributed,9,evt_01-P03_upper_body_0020,f3e6d4748d50e040,pose_hand_context,,2304.0,13.33,,1,01/e1/v1,rtmpose_baseline
corpus_01,01.Candidate was found using a mobile phone in the examination hall..mkv,b842b03e5784d867e93770560d88150a526250df69077cd3065edbbd4c842098,dfine_native,68820.0,monitor_or_bezel,0.4168,174.98,497.1,202.11,542.22,1224.2,27.13,45.12,0.601,False,,True,unattributed,13,evt_01-P06_upper_body_0046,613967ce0dada8b1,native_source_context_fallback,no_pose_observation,18162.7,4.14,,1,01/e1/v1,
corpus_01,01.Candidate was found using a mobile phone in the examination hall..mkv,b842b03e5784d867e93770560d88150a526250df69077cd3065edbbd4c842098,dfine_native,68820.0,monitor_or_bezel,0.3247,196.25,590.97,258.1,651.9,3769.0,61.85,60.93,1.015,False,,True,unattributed,13,evt_01-P06_upper_body_0046,613967ce0dada8b1,native_source_context_fallback,no_pose_observation,18162.7,4.14,,1,01/e1/v1,
corpus_01,01.Candidate was found using a mobile phone in the examination hall..mkv,b842b03e5784d867e93770560d88150a526250df69077cd3065edbbd4c842098,dfine_native,68820.0,monitor_or_bezel,0.2895,196.26,579.82,292.91,651.76,6952.8,96.65,71.94,1.344,False,,True,unattributed,13,evt_01-P06_upper_body_0046,613967ce0dada8b1,native_source_context_fallback,no_pose_observation,18162.7,4.14,,1,01/e1/v1,
corpus_01,01.Candidate was found using a mobile phone in the examination hall..mkv,b842b03e5784d867e93770560d88150a526250df69077cd3065edbbd4c842098,dfine_native,68820.0,monitor_or_bezel,0.4243,206.3,624.16,260.18,671.72,2562.9,53.89,47.56,1.133,False,,True,unattributed,11,evt_01-P06_upper_body_0046,9decca29f10fcf8c,pose_hand_context,,5758.3,7.58,,1,01/e1/v1,rtmpose_baseline
corpus_01,01.Candidate was found using a mobile phone in the examination hall..mkv,b842b03e5784d867e93770560d88150a526250df69077cd3065edbbd4c842098,dfine_native,68820.0,monitor_or_bezel,0.3017,204.66,624.16,272.12,687.7,4286.5,67.46,63.54,1.062,False,,True,unattributed,11,evt_01-P06_upper_body_0046,9decca29f10fcf8c,pose_hand_context,,5758.3,7.58,,1,01/e1/v1,rtmpose_baseline
corpus_01,01.Candidate was found using a mobile phone in the examination hall..mkv,b842b03e5784d867e93770560d88150a526250df69077cd3065edbbd4c842098,dfine_native,68820.0,unknown_object,0.4405,648.0,404.58,693.68,439.61,1600.3,45.69,35.03,1.304,False,,True,unattributed,9,evt_01-P06_upper_body_0046,c52663a591aeb708,pose_hand_context,,3278.7,11.18,,1,01/e1/v1,rtmpose_baseline
corpus_01,01.Candidate was found using a mobile phone in the examination hall..mkv,b842b03e5784d867e93770560d88150a526250df69077cd3065edbbd4c842098,dfine_native,68820.0,stationery,0.2585,648.0,368.92,659.96,377.69,104.9,11.96,8.77,1.364,True,object footprint 105 px is under the 120 px floor for a call,False,unattributed,9,evt_01-P06_upper_body_0046,c52663a591aeb708,pose_hand_context,,3278.7,11.18,,1,01/e1/v1,rtmpose_baseline
corpus_01,01.Candidate was found using a mobile phone in the examination hall..mkv,b842b03e5784d867e93770560d88150a526250df69077cd3065edbbd4c842098,dfine_native,68820.0,unknown_object,0.5057,648.02,364.86,694.21,439.32,3439.3,46.19,74.45,0.62,False,,True,unattributed,9,evt_01-P06_upper_body_0046,c52663a591aeb708,pose_hand_context,,3278.7,11.18,,1,01/e1/v1,rtmpose_baseline
corpus_01,01.Candidate was found using a mobile phone in the examination hall..mkv,b842b03e5784d867e93770560d88150a526250df69077cd3065edbbd4c842098,dfine_native,68820.0,unknown_object,0.3485,648.0,365.37,683.3,409.33,1551.6,35.3,43.96,0.803,False,,True,unattributed,9,evt_01-P06_upper_body_0046,c52663a591aeb708,pose_hand_context,,3278.7,11.18,,1,01/e1/v1,rtmpose_baseline
corpus_01,01.Candidate was found using a mobile phone in the examination hall..mkv,b842b03e5784d867e93770560d88150a526250df69077cd3065edbbd4c842098,dfine_native,68820.0,phone,0.2559,648.5,388.24,674.96,410.27,583.0,26.46,22.03,1.201,False,,True,unattributed,9,evt_01-P06_upper_body_0046,c52663a591aeb708,pose_hand_context,,3278.7,11.18,,1,01/e1/v1,rtmpose_baseline
corpus_01,01.Candidate was found using a mobile phone in the examination hall..mkv,b842b03e5784d867e93770560d88150a526250df69077cd3065edbbd4c842098,dfine_native,68820.0,unknown_object,0.304,648.08,344.48,705.03,438.78,5369.8,56.95,94.3,0.604,False,,True,unattributed,9,evt_01-P06_upper_body_0046,c52663a591aeb708,pose_hand_context,,3278.7,11.18,,1,01/e1/v1,rtmpose_baseline
corpus_01,01.Candidate was found using a mobile phone in the examination hall..mkv,b842b03e5784d867e93770560d88150a526250df69077cd3065edbbd4c842098,dfine_native,68820.0,unknown_object,0.3182,648.0,344.41,705.39,410.01,3765.2,57.39,65.6,0.875,False,,True,unattributed,9,evt_01-P06_upper_body_0046,c52663a591aeb708,pose_hand_context,,3278.7,11.18,,1,01/e1/v1,rtmpose_baseline
corpus_01,01.Candidate was found using a mobile phone in the examination hall..mkv,b842b03e5784d867e93770560d88150a526250df69077cd3065edbbd4c842098,dfine_native,68820.0,unknown_object,0.3017,648.01,346.54,714.84,438.99,6178.4,66.83,92.44,0.723,False,,True,unattributed,9,evt_01-P06_upper_body_0046,c52663a591aeb708,pose_hand_context,,3278.7,11.18,,1,01/e1/v1,rtmpose_baseline
corpus_01,01.Candidate was found using a mobile phone in the examination hall..mkv,b842b03e5784d867e93770560d88150a526250df69077cd3065edbbd4c842098,dfine_native,68820.0,unknown_object,0.2568,253.16,706.04,286.01,719.99,458.1,32.84,13.95,2.354,False,,True,unattributed,12,evt_01-P06_upper_body_0046,dc63ffb73d1d313e,pose_hand_context,,2660.0,11.9,,1,01/e1/v1,rtmpose_baseline
corpus_01,01.Candidate was found using a mobile phone in the examination hall..mkv,b842b03e5784d867e93770560d88150a526250df69077cd3065edbbd4c842098,dfine_native,68820.0,monitor_or_bezel,0.3483,206.27,624.14,260.84,671.74,2597.4,54.57,47.6,1.146,False,,True,unattributed,12,evt_01-P06_upper_body_0046,dc63ffb73d1d313e,pose_hand_context,,2660.0,11.9,,1,01/e1/v1,rtmpose_baseline
corpus_01,01.Candidate was found using a mobile phone in the examination hall..mkv,b842b03e5784d867e93770560d88150a526250df69077cd3065edbbd4c842098,dfine_native,68820.0,unknown_object,0.2504,253.18,706.01,286.0,719.99,458.9,32.82,13.98,2.348,False,,True,unattributed,12,evt_01-P06_upper_body_0046,dc63ffb73d1d313e,pose_hand_context,,2660.0,11.9,,1,01/e1/v1,rtmpose_baseline
corpus_01,01.Candidate was found using a mobile phone in the examination hall..mkv,b842b03e5784d867e93770560d88150a526250df69077cd3065edbbd4c842098,dfine_native,68820.0,unknown_object,0.2568,253.16,706.04,286.01,719.99,458.1,32.84,13.95,2.354,False,,True,unattributed,7,evt_01-P06_upper_body_0046,dc63ffb73d1d313e,pose_hand_context,,2660.0,11.9,,1,01/e1/v1,rtmpose_baseline
corpus_01,01.Candidate was found using a mobile phone in the examination hall..mkv,b842b03e5784d867e93770560d88150a526250df69077cd3065edbbd4c842098,dfine_native,68820.0,monitor_or_bezel,0.3483,206.27,624.14,260.84,671.74,2597.4,54.57,47.6,1.146,False,,True,unattributed,7,evt_01-P06_upper_body_0046,dc63ffb73d1d313e,pose_hand_context,,2660.0,11.9,,1,01/e1/v1,rtmpose_baseline
corpus_01,01.Candidate was found using a mobile phone in the examination hall..mkv,b842b03e5784d867e93770560d88150a526250df69077cd3065edbbd4c842098,dfine_native,68820.0,unknown_object,0.2504,253.18,706.01,286.0,719.99,458.9,32.82,13.98,2.348,False,,True,unattributed,7,evt_01-P06_upper_body_0046,dc63ffb73d1d313e,pose_hand_context,,2660.0,11.9,,1,01/e1/v1,rtmpose_baseline
corpus_01,01.Candidate was found using a mobile phone in the examination hall..mkv,b842b03e5784d867e93770560d88150a526250df69077cd3065edbbd4c842098,dfine_native,68860.0,unknown_object,0.3986,178.28,624.11,304.74,692.73,8677.5,126.46,68.62,1.843,False,,True,unattributed,7,evt_01-P03_desk_work_surface_0015,e6ce921ad99504be,pose_hand_context,,10997.5,4.89,,1,01/e1/v1,rtmpose_baseline
corpus_01,01.Candidate was found using a mobile phone in the examination hall..mkv,b842b03e5784d867e93770560d88150a526250df69077cd3065edbbd4c842098,dfine_native,68860.0,unknown_object,0.4029,174.33,686.99,259.72,719.29,2757.7,85.38,32.3,2.644,False,,True,unattributed,7,evt_01-P03_desk_work_surface_0015,e6ce921ad99504be,pose_hand_context,,10997.5,4.89,,1,01/e1/v1,rtmpose_baseline
corpus_01,01.Candidate was found using a mobile phone in the examination hall..mkv,b842b03e5784d867e93770560d88150a526250df69077cd3065edbbd4c842098,dfine_native,68860.0,unknown_object,0.3428,174.01,624.04,304.96,718.99,12433.9,130.95,94.95,1.379,False,,True,unattributed,7,evt_01-P03_desk_work_surface_0015,e6ce921ad99504be,pose_hand_context,,10997.5,4.89,,1,01/e1/v1,rtmpose_baseline
corpus_01,01.Candidate was found using a mobile phone in the examination hall..mkv,b842b03e5784d867e93770560d88150a526250df69077cd3065edbbd4c842098,dfine_native,68860.0,phone,0.3901,206.6,624.13,304.96,690.09,6488.9,98.37,65.97,1.491,False,,True,unattributed,7,evt_01-P03_desk_work_surface_0015,e6ce921ad99504be,pose_hand_context,,10997.5,4.89,,1,01/e1/v1,rtmpose_baseline
corpus_01,01.Candidate was found using a mobile phone in the examination hall..mkv,b842b03e5784d867e93770560d88150a526250df69077cd3065edbbd4c842098,dfine_native,68860.0,phone,0.2899,174.0,624.17,304.92,692.75,8978.4,130.91,68.58,1.909,False,,True,unattributed,7,evt_01-P03_desk_work_surface_0015,e6ce921ad99504be,pose_hand_context,,10997.5,4.89,,1,01/e1/v1,rtmpose_baseline
corpus_01,01.Candidate was found using a mobile phone in the examination hall..mkv,b842b03e5784d867e93770560d88150a526250df69077cd3065edbbd4c842098,dfine_native,68860.0,unknown_object,0.267,174.15,624.09,304.89,701.48,10117.9,130.74,77.39,1.689,False,,True,unattributed,7,evt_01-P03_desk_work_surface_0015,e6ce921ad99504be,pose_hand_context,,10997.5,4.89,,1,01/e1/v1,rtmpose_baseline
corpus_01,01.Candidate was found using a mobile phone in the examination hall..mkv,b842b03e5784d867e93770560d88150a526250df69077cd3065edbbd4c842098,dfine_native,68860.0,mouse,0.8071,639.21,368.82,659.99,378.13,193.4,20.77,9.31,2.232,False,,True,unattributed,9,evt_01-P03_desk_work_surface_0015,ee7053ce2720b469,pose_hand_context,,3075.8,11.54,,1,01/e1/v1,rtmpose_baseline
corpus_01,01.Candidate was found using a mobile phone in the examination hall..mkv,b842b03e5784d867e93770560d88150a526250df69077cd3065edbbd4c842098,dfine_native,68860.0,bag,0.3196,637.54,404.87,682.93,452.43,2158.8,45.39,47.56,0.954,False,,True,unattributed,9,evt_01-P03_desk_work_surface_0015,ee7053ce2720b469,pose_hand_context,,3075.8,11.54,,1,01/e1/v1,rtmpose_baseline
corpus_01,01.Candidate was found using a mobile phone in the examination hall..mkv,b842b03e5784d867e93770560d88150a526250df69077cd3065edbbd4c842098,dfine_native,68860.0,monitor_or_bezel,0.5569,603.41,364.14,682.89,406.96,3403.2,79.47,42.82,1.856,False,,True,unattributed,9,evt_01-P03_desk_work_surface_0015,ee7053ce2720b469,pose_hand_context,,3075.8,11.54,,1,01/e1/v1,rtmpose_baseline
corpus_01,01.Candidate was found using a mobile phone in the examination hall..mkv,b842b03e5784d867e93770560d88150a526250df69077cd3065edbbd4c842098,dfine_native,68860.0,unknown_object,0.447,587.03,357.17,682.93,452.38,9130.5,95.9,95.21,1.007,False,,True,unattributed,9,evt_01-P03_desk_work_surface_0015,ee7053ce2720b469,pose_hand_context,,3075.8,11.54,,1,01/e1/v1,rtmpose_baseline
corpus_01,01.Candidate was found using a mobile phone in the examination hall..mkv,b842b03e5784d867e93770560d88150a526250df69077cd3065edbbd4c842098,dfine_native,69020.0,mouse,0.7491,639.27,368.76,660.09,378.14,195.4,20.83,9.38,2.22,False,,True,unattributed,9,evt_01-P06_desk_work_surface_0043,609945b949b29784,pose_hand_context,,3192.2,11.33,,1,01/e1/v1,rtmpose_baseline
corpus_01,01.Candidate was found using a mobile phone in the examination hall..mkv,b842b03e5784d867e93770560d88150a526250df69077cd3065edbbd4c842098,dfine_native,69020.0,unknown_object,0.3526,603.24,364.33,681.95,407.79,3420.2,78.7,43.46,1.811,False,,True,unattributed,9,evt_01-P06_desk_work_surface_0043,609945b949b29784,pose_hand_context,,3192.2,11.33,,1,01/e1/v1,rtmpose_baseline
corpus_01,01.Candidate was found using a mobile phone in the examination hall..mkv,b842b03e5784d867e93770560d88150a526250df69077cd3065edbbd4c842098,dfine_native,69020.0,unknown_object,0.48,585.99,362.33,681.96,457.41,9124.2,95.97,95.08,1.009,False,,True,unattributed,9,evt_01-P06_desk_work_surface_0043,609945b949b29784,pose_hand_context,,3192.2,11.33,,1,01/e1/v1,rtmpose_baseline
corpus_01,01.Candidate was found using a mobile phone in the examination hall..mkv,b842b03e5784d867e93770560d88150a526250df69077cd3065edbbd4c842098,dfine_native,69020.0,unknown_object,0.3581,115.93,680.47,181.78,719.32,2558.3,65.85,38.85,1.695,False,,True,unattributed,7,evt_01-P06_desk_work_surface_0043,c53cf9adcf41927a,pose_hand_context,,14757.8,4.19,,1,01/e1/v1,rtmpose_baseline
corpus_01,01.Candidate was found using a mobile phone in the examination hall..mkv,b842b03e5784d867e93770560d88150a526250df69077cd3065edbbd4c842098,dfine_native,69060.0,unknown_object,0.4854,114.98,619.3,170.0,683.68,3541.7,55.01,64.38,0.854,False,,True,unattributed,7,evt_01-P02_desk_work_surface_0010,000c87e80cfa7e05,pose_hand_context,,15459.0,4.16,,1,01/e1/v1,rtmpose_baseline
corpus_01,01.Candidate was found using a mobile phone in the examination hall..mkv,b842b03e5784d867e93770560d88150a526250df69077cd3065edbbd4c842098,dfine_native,69060.0,unknown_object,0.3225,156.52,619.66,232.85,697.62,5950.6,76.33,77.96,0.979,False,,True,unattributed,7,evt_01-P02_desk_work_surface_0010,000c87e80cfa7e05,pose_hand_context,,15459.0,4.16,,1,01/e1/v1,rtmpose_baseline
corpus_01,01.Candidate was found using a mobile phone in the examination hall..mkv,b842b03e5784d867e93770560d88150a526250df69077cd3065edbbd4c842098,dfine_native,69060.0,unknown_object,0.2759,102.67,619.27,170.47,717.74,6676.0,67.79,98.47,0.688,False,,True,unattributed,7,evt_01-P02_desk_work_surface_0010,000c87e80cfa7e05,pose_hand_context,,15459.0,4.16,,1,01/e1/v1,rtmpose_baseline
corpus_01,01.Candidate was found using a mobile phone in the examination hall..mkv,b842b03e5784d867e93770560d88150a526250df69077cd3065edbbd4c842098,dfine_native,69060.0,unknown_object,0.2731,111.67,619.16,232.77,700.63,9866.2,121.1,81.47,1.486,False,,True,unattributed,7,evt_01-P02_desk_work_surface_0010,000c87e80cfa7e05,pose_hand_context,,15459.0,4.16,,1,01/e1/v1,rtmpose_baseline
corpus_01,01.Candidate was found using a mobile phone in the examination hall..mkv,b842b03e5784d867e93770560d88150a526250df69077cd3065edbbd4c842098,dfine_native,69060.0,unknown_object,0.3105,114.24,619.2,201.75,683.88,5660.0,87.51,64.68,1.353,False,,True,unattributed,7,evt_01-P02_desk_work_surface_0010,000c87e80cfa7e05,pose_hand_context,,15459.0,4.16,,1,01/e1/v1,rtmpose_baseline
corpus_01,01.Candidate was found using a mobile phone in the examination hall..mkv,b842b03e5784d867e93770560d88150a526250df69077cd3065edbbd4c842098,dfine_native,69060.0,unknown_object,0.3728,84.86,619.13,170.02,684.74,5588.3,85.17,65.62,1.298,False,,True,unattributed,7,evt_01-P02_desk_work_surface_0010,000c87e80cfa7e05,pose_hand_context,,15459.0,4.16,,1,01/e1/v1,rtmpose_baseline
corpus_01,01.Candidate was found using a mobile phone in the examination hall..mkv,b842b03e5784d867e93770560d88150a526250df69077cd3065edbbd4c842098,dfine_native,69060.0,unknown_object,0.3373,101.25,619.03,232.9,718.94,13152.8,131.64,99.91,1.318,False,,True,unattributed,7,evt_01-P02_desk_work_surface_0010,000c87e80cfa7e05,pose_hand_context,,15459.0,4.16,,1,01/e1/v1,rtmpose_baseline
corpus_01,01.Candidate was found using a mobile phone in the examination hall..mkv,b842b03e5784d867e93770560d88150a526250df69077cd3065edbbd4c842098,dfine_native,69060.0,unknown_object,0.2606,84.42,619.09,169.43,717.93,8401.9,85.01,98.84,0.86,False,,True,unattributed,7,evt_01-P02_desk_work_surface_0010,000c87e80cfa7e05,pose_hand_context,,15459.0,4.16,,1,01/e1/v1,rtmpose_baseline
corpus_01,01.Candidate was found using a mobile phone in the examination hall..mkv,b842b03e5784d867e93770560d88150a526250df69077cd3065edbbd4c842098,dfine_native,69060.0,unknown_object,0.3031,80.48,619.08,232.87,719.03,15231.2,152.39,99.95,1.525,False,,True,unattributed,7,evt_01-P02_desk_work_surface_0010,000c87e80cfa7e05,pose_hand_context,,15459.0,4.16,,1,01/e1/v1,rtmpose_baseline
corpus_01,01.Candidate was found using a mobile phone in the examination hall..mkv,b842b03e5784d867e93770560d88150a526250df69077cd3065edbbd4c842098,dfine_native,69060.0,mouse,0.7667,639.27,368.81,660.09,378.09,193.2,20.82,9.28,2.244,False,,True,unattributed,9,evt_01-P02_desk_work_surface_0010,dd2a6998b9bf971e,pose_hand_context,,3062.5,11.56,,1,01/e1/v1,rtmpose_baseline
corpus_01,01.Candidate was found using a mobile phone in the examination hall..mkv,b842b03e5784d867e93770560d88150a526250df69077cd3065edbbd4c842098,dfine_native,69060.0,monitor_or_bezel,0.4674,603.16,364.33,679.91,408.12,3360.6,76.75,43.79,1.753,False,,True,unattributed,9,evt_01-P02_desk_work_surface_0010,dd2a6998b9bf971e,pose_hand_context,,3062.5,11.56,,1,01/e1/v1,rtmpose_baseline
corpus_01,01.Candidate was found using a mobile phone in the examination hall..mkv,b842b03e5784d867e93770560d88150a526250df69077cd3065edbbd4c842098,dfine_native,69060.0,unknown_object,0.4464,583.99,362.32,679.99,457.39,9126.7,96.0,95.07,1.01,False,,True,unattributed,9,evt_01-P02_desk_work_surface_0010,dd2a6998b9bf971e,pose_hand_context,,3062.5,11.56,,1,01/e1/v1,rtmpose_baseline
corpus_01,01.Candidate was found using a mobile phone in the examination hall..mkv,b842b03e5784d867e93770560d88150a526250df69077cd3065edbbd4c842098,dfine_native,69060.0,monitor_or_bezel,0.306,584.03,362.52,620.9,429.37,2464.7,36.87,66.85,0.551,False,,True,unattributed,9,evt_01-P02_desk_work_surface_0010,dd2a6998b9bf971e,pose_hand_context,,3062.5,11.56,,1,01/e1/v1,rtmpose_baseline
corpus_01,01.Candidate was found using a mobile phone in the examination hall..mkv,b842b03e5784d867e93770560d88150a526250df69077cd3065edbbd4c842098,dfine_native,69060.0,unknown_object,0.2721,584.01,426.01,620.37,457.58,1147.5,36.35,31.57,1.152,False,,True,unattributed,9,evt_01-P02_desk_work_surface_0010,dd2a6998b9bf971e,pose_hand_context,,3062.5,11.56,,1,01/e1/v1,rtmpose_baseline
corpus_01,01.Candidate was found using a mobile phone in the examination hall..mkv,b842b03e5784d867e93770560d88150a526250df69077cd3065edbbd4c842098,dfine_native,69220.0,mouse,0.6071,639.26,368.75,660.14,378.17,196.6,20.88,9.42,2.217,False,,True,unattributed,9,evt_01-P05_desk_work_surface_0034,37bf12158f5966e0,pose_hand_context,,3278.7,11.18,,1,01/e1/v1,rtmpose_baseline
corpus_01,01.Candidate was found using a mobile phone in the examination hall..mkv,b842b03e5784d867e93770560d88150a526250df69077cd3065edbbd4c842098,dfine_native,69220.0,unknown_object,0.3162,603.4,364.41,673.95,409.25,3164.1,70.55,44.85,1.573,False,,True,unattributed,9,evt_01-P05_desk_work_surface_0034,37bf12158f5966e0,pose_hand_context,,3278.7,11.18,,1,01/e1/v1,rtmpose_baseline
corpus_01,01.Candidate was found using a mobile phone in the examination hall..mkv,b842b03e5784d867e93770560d88150a526250df69077cd3065edbbd4c842098,dfine_native,69220.0,unknown_object,0.3162,578.1,410.6,630.72,430.32,1037.4,52.62,19.72,2.669,False,,True,unattributed,9,evt_01-P05_desk_work_surface_0034,37bf12158f5966e0,pose_hand_context,,3278.7,11.18,,1,01/e1/v1,rtmpose_baseline
corpus_01,01.Candidate was found using a mobile phone in the examination hall..mkv,b842b03e5784d867e93770560d88150a526250df69077cd3065edbbd4c842098,dfine_native,69220.0,unknown_object,0.3399,578.02,398.34,630.96,430.12,1682.3,52.94,31.78,1.666,False,,True,unattributed,9,evt_01-P05_desk_work_surface_0034,37bf12158f5966e0,pose_hand_context,,3278.7,11.18,,1,01/e1/v1,rtmpose_baseline
corpus_01,01.Candidate was found using a mobile phone in the examination hall..mkv,b842b03e5784d867e93770560d88150a526250df69077cd3065edbbd4c842098,dfine_native,69220.0,unknown_object,0.2965,578.08,425.6,620.08,457.52,1341.0,42.0,31.93,1.315,False,,True,unattributed,9,evt_01-P05_desk_work_surface_0034,37bf12158f5966e0,pose_hand_context,,3278.7,11.18,,1,01/e1/v1,rtmpose_baseline
corpus_01,01.Candidate was found using a mobile phone in the examination hall..mkv,b842b03e5784d867e93770560d88150a526250df69077cd3065edbbd4c842098,dfine_native,69220.0,unknown_object,0.3976,578.0,362.38,674.0,457.32,9113.0,95.99,94.93,1.011,False,,True,unattributed,9,evt_01-P05_desk_work_surface_0034,37bf12158f5966e0,pose_hand_context,,3278.7,11.18,,1,01/e1/v1,rtmpose_baseline
corpus_01,01.Candidate was found using a mobile phone in the examination hall..mkv,b842b03e5784d867e93770560d88150a526250df69077cd3065edbbd4c842098,dfine_native,69220.0,unknown_object,0.2646,578.24,363.33,673.92,430.19,6396.7,95.68,66.86,1.431,False,,True,unattributed,9,evt_01-P05_desk_work_surface_0034,37bf12158f5966e0,pose_hand_context,,3278.7,11.18,,1,01/e1/v1,rtmpose_baseline
corpus_01,01.Candidate was found using a mobile phone in the examination hall..mkv,b842b03e5784d867e93770560d88150a526250df69077cd3065edbbd4c842098,dfine_native,69220.0,unknown_object,0.3475,614.24,368.78,660.52,380.22,529.4,46.28,11.44,4.046,False,,True,unattributed,9,evt_01-P05_desk_work_surface_0034,37bf12158f5966e0,pose_hand_context,,3278.7,11.18,,1,01/e1/v1,rtmpose_baseline
corpus_01,01.Candidate was found using a mobile phone in the examination hall..mkv,b842b03e5784d867e93770560d88150a526250df69077cd3065edbbd4c842098,dfine_native,69220.0,unknown_object,0.4596,40.99,624.48,113.23,719.11,6835.8,72.23,94.63,0.763,False,,True,unattributed,7,evt_01-P05_desk_work_surface_0034,e25b84c463805e20,pose_hand_context,,10949.7,4.88,,1,01/e1/v1,rtmpose_baseline
corpus_01,01.Candidate was found using a mobile phone in the examination hall..mkv,b842b03e5784d867e93770560d88150a526250df69077cd3065edbbd4c842098,dfine_native,69220.0,unknown_object,0.3571,41.08,624.04,172.0,719.23,12462.1,130.92,95.19,1.375,False,,True,unattributed,7,evt_01-P05_desk_work_surface_0034,e25b84c463805e20,pose_hand_context,,10949.7,4.88,,1,01/e1/v1,rtmpose_baseline
corpus_01,01.Candidate was found using a mobile phone in the examination hall..mkv,b842b03e5784d867e93770560d88150a526250df69077cd3065edbbd4c842098,dfine_native,69380.0,unknown_object,0.2991,-0.05,529.41,195.96,715.83,36540.5,196.01,186.42,1.051,False,,True,unattributed,7,evt_01-P01_desk_work_surface_0002,c0d3d2fe46c17c19,native_source_context_fallback,wrist_confidence_below_floor,37015.3,3.26,,1,01/e1/v1,rtmpose_baseline
corpus_01,01.Candidate was found using a mobile phone in the examination hall..mkv,b842b03e5784d867e93770560d88150a526250df69077cd3065edbbd4c842098,dfine_native,69380.0,unknown_object,0.2579,88.75,529.25,195.88,640.03,11867.7,107.13,110.78,0.967,False,,True,unattributed,7,evt_01-P01_desk_work_surface_0002,c0d3d2fe46c17c19,native_source_context_fallback,wrist_confidence_below_floor,37015.3,3.26,,1,01/e1/v1,rtmpose_baseline
corpus_01,01.Candidate was found using a mobile phone in the examination hall..mkv,b842b03e5784d867e93770560d88150a526250df69077cd3065edbbd4c842098,dfine_native,69380.0,mouse,0.8517,639.26,368.75,660.23,378.18,197.7,20.96,9.43,2.223,False,,True,unattributed,9,evt_01-P01_desk_work_surface_0002,d4004fa4f8369c41,pose_hand_context,,3299.4,11.14,,1,01/e1/v1,rtmpose_baseline
corpus_01,01.Candidate was found using a mobile phone in the examination hall..mkv,b842b03e5784d867e93770560d88150a526250df69077cd3065edbbd4c842098,dfine_native,69380.0,monitor_or_bezel,0.411,603.07,363.88,684.0,425.99,5026.8,80.93,62.11,1.303,False,,True,unattributed,9,evt_01-P01_desk_work_surface_0002,d4004fa4f8369c41,pose_hand_context,,3299.4,11.14,,1,01/e1/v1,rtmpose_baseline
corpus_01,01.Candidate was found using a mobile phone in the examination hall..mkv,b842b03e5784d867e93770560d88150a526250df69077cd3065edbbd4c842098,dfine_native,69380.0,monitor_or_bezel,0.455,629.7,361.89,689.87,422.93,3673.3,60.17,61.04,0.986,False,,True,unattributed,9,evt_01-P01_desk_work_surface_0002,d4004fa4f8369c41,pose_hand_context,,3299.4,11.14,,1,01/e1/v1,rtmpose_baseline
corpus_01,01.Candidate was found using a mobile phone in the examination hall..mkv,b842b03e5784d867e93770560d88150a526250df69077cd3065edbbd4c842098,dfine_native,69380.0,unknown_object,0.5071,637.52,405.05,689.9,456.43,2692.0,52.39,51.39,1.02,False,,True,unattributed,9,evt_01-P01_desk_work_surface_0002,d4004fa4f8369c41,pose_hand_context,,3299.4,11.14,,1,01/e1/v1,rtmpose_baseline
corpus_01,01.Candidate was found using a mobile phone in the examination hall..mkv,b842b03e5784d867e93770560d88150a526250df69077cd3065edbbd4c842098,dfine_native,69380.0,unknown_object,0.3823,594.02,427.08,619.04,455.86,720.3,25.02,28.78,0.869,False,,True,unattributed,9,evt_01-P01_desk_work_surface_0002,d4004fa4f8369c41,pose_hand_context,,3299.4,11.14,,1,01/e1/v1,rtmpose_baseline
corpus_01,01.Candidate was found using a mobile phone in the examination hall..mkv,b842b03e5784d867e93770560d88150a526250df69077cd3065edbbd4c842098,dfine_native,69380.0,monitor_or_bezel,0.5092,644.86,361.91,689.92,412.58,2283.1,45.06,50.67,0.889,False,,True,unattributed,9,evt_01-P01_desk_work_surface_0002,d4004fa4f8369c41,pose_hand_context,,3299.4,11.14,,1,01/e1/v1,rtmpose_baseline
corpus_01,01.Candidate was found using a mobile phone in the examination hall..mkv,b842b03e5784d867e93770560d88150a526250df69077cd3065edbbd4c842098,dfine_native,69380.0,unknown_object,0.4019,594.02,361.21,689.81,456.2,9098.9,95.79,94.99,1.008,False,,True,unattributed,9,evt_01-P01_desk_work_surface_0002,d4004fa4f8369c41,pose_hand_context,,3299.4,11.14,,1,01/e1/v1,rtmpose_baseline
corpus_01,01.Candidate was found using a mobile phone in the examination hall..mkv,b842b03e5784d867e93770560d88150a526250df69077cd3065edbbd4c842098,dfine_native,69380.0,monitor_or_bezel,0.3014,628.05,361.83,689.96,414.72,3274.9,61.92,52.89,1.171,False,,True,unattributed,9,evt_01-P01_desk_work_surface_0002,d4004fa4f8369c41,pose_hand_context,,3299.4,11.14,,1,01/e1/v1,rtmpose_baseline
corpus_01,01.Candidate was found using a mobile phone in the examination hall..mkv,b842b03e5784d867e93770560d88150a526250df69077cd3065edbbd4c842098,dfine_native,69380.0,unknown_object,0.2567,618.78,412.68,648.57,454.75,1253.3,29.79,42.07,0.708,False,,True,unattributed,9,evt_01-P01_desk_work_surface_0002,d4004fa4f8369c41,pose_hand_context,,3299.4,11.14,,1,01/e1/v1,rtmpose_baseline
corpus_01,01.Candidate was found using a mobile phone in the examination hall..mkv,b842b03e5784d867e93770560d88150a526250df69077cd3065edbbd4c842098,dfine_native,69380.0,unknown_object,0.2829,602.2,361.04,688.79,367.53,562.1,86.59,6.49,13.338,False,,True,unattributed,9,evt_01-P01_desk_work_surface_0002,d4004fa4f8369c41,pose_hand_context,,3299.4,11.14,,1,01/e1/v1,rtmpose_baseline
corpus_01,01.Candidate was found using a mobile phone in the examination hall..mkv,b842b03e5784d867e93770560d88150a526250df69077cd3065edbbd4c842098,dfine_native,69380.0,unknown_object,0.3036,603.78,364.74,682.66,380.72,1260.2,78.88,15.98,4.937,False,,True,unattributed,9,evt_01-P01_desk_work_surface_0002,d4004fa4f8369c41,pose_hand_context,,3299.4,11.14,,1,01/e1/v1,rtmpose_baseline
corpus_01,01.Candidate was found using a mobile phone in the examination hall..mkv,b842b03e5784d867e93770560d88150a526250df69077cd3065edbbd4c842098,dfine_native,69500.0,stationery,0.7742,38.24,560.59,99.85,623.91,3901.5,61.61,63.32,0.973,False,,True,unattributed,7,evt_01-P01_upper_body_0006,3522d6561483e82d,native_source_context_fallback,wrist_confidence_below_floor,32108.5,3.42,,1,01/e1/v1,rtmpose_baseline
corpus_01,01.Candidate was found using a mobile phone in the examination hall..mkv,b842b03e5784d867e93770560d88150a526250df69077cd3065edbbd4c842098,dfine_native,69500.0,unknown_object,0.4624,5.15,618.07,174.01,717.8,16840.2,168.86,99.73,1.693,False,,True,unattributed,14,evt_01-P01_upper_body_0006,3d71d4d1b4eee1fc,native_source_context_fallback,wrist_confidence_below_floor,17075.7,3.78,,1,01/e1/v1,rtmpose_baseline
corpus_01,01.Candidate was found using a mobile phone in the examination hall..mkv,b842b03e5784d867e93770560d88150a526250df69077cd3065edbbd4c842098,dfine_native,69500.0,stationery,0.7431,38.19,560.59,95.85,624.6,3691.1,57.67,64.01,0.901,False,,True,unattributed,15,evt_01-P01_upper_body_0006,4151119075254674,native_source_context_fallback,no_pose_observation,6194.2,4.83,,1,01/e1/v1,
corpus_01,01.Candidate was found using a mobile phone in the examination hall..mkv,b842b03e5784d867e93770560d88150a526250df69077cd3065edbbd4c842098,dfine_native,69500.0,stationery,0.2756,10.35,618.99,95.89,663.8,3833.5,85.55,44.81,1.909,False,,True,unattributed,15,evt_01-P01_upper_body_0006,4151119075254674,native_source_context_fallback,no_pose_observation,6194.2,4.83,,1,01/e1/v1,
corpus_01,01.Candidate was found using a mobile phone in the examination hall..mkv,b842b03e5784d867e93770560d88150a526250df69077cd3065edbbd4c842098,dfine_native,69500.0,stationery,0.3185,0.55,559.48,96.04,663.72,9953.6,95.49,104.24,0.916,False,,True,unattributed,15,evt_01-P01_upper_body_0006,4151119075254674,native_source_context_fallback,no_pose_observation,6194.2,4.83,,1,01/e1/v1,
corpus_01,01.Candidate was found using a mobile phone in the examination hall..mkv,b842b03e5784d867e93770560d88150a526250df69077cd3065edbbd4c842098,dfine_native,69500.0,stationery,0.4545,10.45,560.04,96.04,663.69,8871.7,85.59,103.65,0.826,False,,True,unattributed,15,evt_01-P01_upper_body_0006,4151119075254674,native_source_context_fallback,no_pose_observation,6194.2,4.83,,1,01/e1/v1,
corpus_01,01.Candidate was found using a mobile phone in the examination hall..mkv,b842b03e5784d867e93770560d88150a526250df69077cd3065edbbd4c842098,dfine_native,69500.0,stationery,0.4344,39.24,574.01,93.84,623.69,2712.4,54.6,49.68,1.099,False,,True,unattributed,15,evt_01-P01_upper_body_0006,4151119075254674,native_source_context_fallback,no_pose_observation,6194.2,4.83,,1,01/e1/v1,
corpus_01,01.Candidate was found using a mobile phone in the examination hall..mkv,b842b03e5784d867e93770560d88150a526250df69077cd3065edbbd4c842098,dfine_native,69500.0,stationery,0.8145,38.49,561.04,96.02,624.14,3630.5,57.53,63.1,0.912,False,,True,unattributed,16,evt_01-P01_upper_body_0006,4b0d7eb91f4d5f98,native_source_context_fallback,no_pose_observation,9045.1,3.42,,1,01/e1/v1,
corpus_01,01.Candidate was found using a mobile phone in the examination hall..mkv,b842b03e5784d867e93770560d88150a526250df69077cd3065edbbd4c842098,dfine_native,69500.0,mouse,0.8672,639.34,368.67,660.3,378.0,195.5,20.95,9.33,2.246,False,,True,unattributed,9,evt_01-P01_upper_body_0006,5395bfb5ce127735,pose_hand_context,,3633.7,10.62,,1,01/e1/v1,rtmpose_baseline
corpus_01,01.Candidate was found using a mobile phone in the examination hall..mkv,b842b03e5784d867e93770560d88150a526250df69077cd3065edbbd4c842098,dfine_native,69500.0,phone,0.3291,655.24,351.18,710.07,396.15,2466.2,54.83,44.98,1.219,False,,True,unattributed,9,evt_01-P01_upper_body_0006,5395bfb5ce127735,pose_hand_context,,3633.7,10.62,,1,01/e1/v1,rtmpose_baseline
corpus_01,01.Candidate was found using a mobile phone in the examination hall..mkv,b842b03e5784d867e93770560d88150a526250df69077cd3065edbbd4c842098,dfine_native,69500.0,unknown_object,0.4976,639.16,405.74,694.11,443.54,2077.3,54.95,37.8,1.454,False,,True,unattributed,9,evt_01-P01_upper_body_0006,5395bfb5ce127735,pose_hand_context,,3633.7,10.62,,1,01/e1/v1,rtmpose_baseline
corpus_01,01.Candidate was found using a mobile phone in the examination hall..mkv,b842b03e5784d867e93770560d88150a526250df69077cd3065edbbd4c842098,dfine_native,69500.0,monitor_or_bezel,0.7611,637.06,350.69,710.04,417.36,4865.7,72.99,66.67,1.095,False,,True,unattributed,9,evt_01-P01_upper_body_0006,5395bfb5ce127735,pose_hand_context,,3633.7,10.62,,1,01/e1/v1,rtmpose_baseline
corpus_01,01.Candidate was found using a mobile phone in the examination hall..mkv,b842b03e5784d867e93770560d88150a526250df69077cd3065edbbd4c842098,dfine_native,69500.0,monitor_or_bezel,0.4061,637.02,350.82,710.18,443.04,6746.6,73.16,92.22,0.793,False,,True,unattributed,9,evt_01-P01_upper_body_0006,5395bfb5ce127735,pose_hand_context,,3633.7,10.62,,1,01/e1/v1,rtmpose_baseline
corpus_01,01.Candidate was found using a mobile phone in the examination hall..mkv,b842b03e5784d867e93770560d88150a526250df69077cd3065edbbd4c842098,dfine_native,69500.0,monitor_or_bezel,0.2821,637.06,350.38,710.01,436.44,6277.9,72.95,86.05,0.848,False,,True,unattributed,9,evt_01-P01_upper_body_0006,5395bfb5ce127735,pose_hand_context,,3633.7,10.62,,1,01/e1/v1,rtmpose_baseline
corpus_01,01.Candidate was found using a mobile phone in the examination hall..mkv,b842b03e5784d867e93770560d88150a526250df69077cd3065edbbd4c842098,dfine_native,69580.0,mouse,0.6069,639.55,368.85,660.14,378.02,188.7,20.59,9.16,2.246,False,,True,unattributed,9,evt_01-P03_upper_body_0020,3ec40d3b5bb1368d,pose_hand_context,,3772.4,10.42,,1,01/e1/v1,rtmpose_baseline
corpus_01,01.Candidate was found using a mobile phone in the examination hall..mkv,b842b03e5784d867e93770560d88150a526250df69077cd3065edbbd4c842098,dfine_native,69580.0,unknown_object,0.3008,638.77,406.14,693.94,445.44,2167.7,55.17,39.29,1.404,False,,True,unattributed,9,evt_01-P03_upper_body_0020,3ec40d3b5bb1368d,pose_hand_context,,3772.4,10.42,,1,01/e1/v1,rtmpose_baseline
corpus_01,01.Candidate was found using a mobile phone in the examination hall..mkv,b842b03e5784d867e93770560d88150a526250df69077cd3065edbbd4c842098,dfine_native,69580.0,unknown_object,0.607,638.03,350.16,710.17,445.05,6845.1,72.14,94.89,0.76,False,,True,unattributed,9,evt_01-P03_upper_body_0020,3ec40d3b5bb1368d,pose_hand_context,,3772.4,10.42,,1,01/e1/v1,rtmpose_baseline
corpus_01,01.Candidate was found using a mobile phone in the examination hall..mkv,b842b03e5784d867e93770560d88150a526250df69077cd3065edbbd4c842098,dfine_native,69580.0,unknown_object,0.3104,638.06,350.08,709.6,398.08,3434.4,71.54,48.0,1.49,False,,True,unattributed,9,evt_01-P03_upper_body_0020,3ec40d3b5bb1368d,pose_hand_context,,3772.4,10.42,,1,01/e1/v1,rtmpose_baseline
corpus_01,01.Candidate was found using a mobile phone in the examination hall..mkv,b842b03e5784d867e93770560d88150a526250df69077cd3065edbbd4c842098,dfine_native,69580.0,unknown_object,0.2566,638.0,364.66,694.39,444.78,4517.9,56.39,80.12,0.704,False,,True,unattributed,9,evt_01-P03_upper_body_0020,3ec40d3b5bb1368d,pose_hand_context,,3772.4,10.42,,1,01/e1/v1,rtmpose_baseline
corpus_01,01.Candidate was found using a mobile phone in the examination hall..mkv,b842b03e5784d867e93770560d88150a526250df69077cd3065edbbd4c842098,dfine_native,69580.0,unknown_object,0.5535,21.34,559.38,100.46,624.3,5136.2,79.12,64.92,1.219,False,,True,unattributed,7,evt_01-P03_upper_body_0020,e9cf698d94b8b2e9,native_source_context_fallback,no_pose_observation,24338.3,3.51,,1,01/e1/v1,
corpus_01,01.Candidate was found using a mobile phone in the examination hall..mkv,b842b03e5784d867e93770560d88150a526250df69077cd3065edbbd4c842098,dfine_native,69820.0,unknown_object,0.6896,0.08,625.75,79.55,718.7,7386.9,79.47,92.95,0.855,False,,True,unattributed,14,evt_01-P06_upper_body_0046,08eeead62b32ad13,native_source_context_fallback,no_pose_observation,8315.4,6.16,,1,01/e1/v1,
corpus_01,01.Candidate was found using a mobile phone in the examination hall..mkv,b842b03e5784d867e93770560d88150a526250df69077cd3065edbbd4c842098,dfine_native,69820.0,unknown_object,0.2655,0.08,629.08,78.85,718.59,7050.1,78.77,89.51,0.88,False,,True,unattributed,14,evt_01-P06_upper_body_0046,08eeead62b32ad13,native_source_context_fallback,no_pose_observation,8315.4,6.16,,1,01/e1/v1,
corpus_01,01.Candidate was found using a mobile phone in the examination hall..mkv,b842b03e5784d867e93770560d88150a526250df69077cd3065edbbd4c842098,dfine_native,69820.0,unknown_object,0.3051,30.48,615.06,95.9,643.79,1879.2,65.42,28.72,2.278,False,,True,unattributed,14,evt_01-P06_upper_body_0046,08eeead62b32ad13,native_source_context_fallback,no_pose_observation,8315.4,6.16,,1,01/e1/v1,
corpus_01,01.Candidate was found using a mobile phone in the examination hall..mkv,b842b03e5784d867e93770560d88150a526250df69077cd3065edbbd4c842098,dfine_native,69820.0,unknown_object,0.2817,19.05,631.09,79.37,718.42,5268.2,60.32,87.33,0.691,False,,True,unattributed,14,evt_01-P06_upper_body_0046,08eeead62b32ad13,native_source_context_fallback,no_pose_observation,8315.4,6.16,,1,01/e1/v1,
corpus_01,01.Candidate was found using a mobile phone in the examination hall..mkv,b842b03e5784d867e93770560d88150a526250df69077cd3065edbbd4c842098,dfine_native,69820.0,unknown_object,0.2543,21.9,615.08,95.91,644.1,2147.2,74.01,29.01,2.551,False,,True,unattributed,14,evt_01-P06_upper_body_0046,08eeead62b32ad13,native_source_context_fallback,no_pose_observation,8315.4,6.16,,1,01/e1/v1,
corpus_01,01.Candidate was found using a mobile phone in the examination hall..mkv,b842b03e5784d867e93770560d88150a526250df69077cd3065edbbd4c842098,dfine_native,69820.0,unknown_object,0.6938,0.08,616.3,80.16,718.66,8197.0,80.08,102.36,0.782,False,,True,unattributed,14,evt_01-P06_upper_body_0046,08eeead62b32ad13,native_source_context_fallback,no_pose_observation,8315.4,6.16,,1,01/e1/v1,
corpus_01,01.Candidate was found using a mobile phone in the examination hall..mkv,b842b03e5784d867e93770560d88150a526250df69077cd3065edbbd4c842098,dfine_native,69820.0,unknown_object,0.2646,0.04,645.24,78.88,718.75,5795.1,78.83,73.51,1.072,False,,True,unattributed,14,evt_01-P06_upper_body_0046,08eeead62b32ad13,native_source_context_fallback,no_pose_observation,8315.4,6.16,,1,01/e1/v1,
corpus_01,01.Candidate was found using a mobile phone in the examination hall..mkv,b842b03e5784d867e93770560d88150a526250df69077cd3065edbbd4c842098,dfine_native,69820.0,unknown_object,0.3291,0.09,616.48,78.95,700.17,6599.5,78.85,83.69,0.942,False,,True,unattributed,14,evt_01-P06_upper_body_0046,08eeead62b32ad13,native_source_context_fallback,no_pose_observation,8315.4,6.16,,1,01/e1/v1,
corpus_01,01.Candidate was found using a mobile phone in the examination hall..mkv,b842b03e5784d867e93770560d88150a526250df69077cd3065edbbd4c842098,dfine_native,69820.0,mouse,0.5704,639.54,368.9,660.25,378.01,188.7,20.71,9.11,2.273,False,,True,unattributed,9,evt_01-P06_upper_body_0046,2987c73f281beb24,pose_hand_context,,3445.7,10.9,,1,01/e1/v1,rtmpose_baseline
corpus_01,01.Candidate was found using a mobile phone in the examination hall..mkv,b842b03e5784d867e93770560d88150a526250df69077cd3065edbbd4c842098,dfine_native,69820.0,unknown_object,0.3282,690.25,360.48,733.98,444.5,3674.6,43.73,84.02,0.52,False,,True,unattributed,9,evt_01-P06_upper_body_0046,2987c73f281beb24,pose_hand_context,,3445.7,10.9,,1,01/e1/v1,rtmpose_baseline
corpus_01,01.Candidate was found using a mobile phone in the examination hall..mkv,b842b03e5784d867e93770560d88150a526250df69077cd3065edbbd4c842098,dfine_native,69820.0,unknown_object,0.3563,639.41,405.21,694.5,444.53,2166.3,55.09,39.32,1.401,False,,True,unattributed,9,evt_01-P06_upper_body_0046,2987c73f281beb24,pose_hand_context,,3445.7,10.9,,1,01/e1/v1,rtmpose_baseline
corpus_01,01.Candidate was found using a mobile phone in the examination hall..mkv,b842b03e5784d867e93770560d88150a526250df69077cd3065edbbd4c842098,dfine_native,69820.0,monitor_or_bezel,0.2993,657.18,351.65,711.29,397.79,2496.9,54.11,46.15,1.173,False,,True,unattributed,9,evt_01-P06_upper_body_0046,2987c73f281beb24,pose_hand_context,,3445.7,10.9,,1,01/e1/v1,rtmpose_baseline
corpus_01,01.Candidate was found using a mobile phone in the examination hall..mkv,b842b03e5784d867e93770560d88150a526250df69077cd3065edbbd4c842098,dfine_native,69820.0,unknown_object,0.2535,637.99,364.8,683.23,442.87,3531.9,45.24,78.07,0.58,False,,True,unattributed,9,evt_01-P06_upper_body_0046,2987c73f281beb24,pose_hand_context,,3445.7,10.9,,1,01/e1/v1,rtmpose_baseline
corpus_01,01.Candidate was found using a mobile phone in the examination hall..mkv,b842b03e5784d867e93770560d88150a526250df69077cd3065edbbd4c842098,dfine_native,69820.0,unknown_object,0.2502,638.09,349.8,685.11,442.94,4379.1,47.02,93.14,0.505,False,,True,unattributed,9,evt_01-P06_upper_body_0046,2987c73f281beb24,pose_hand_context,,3445.7,10.9,,1,01/e1/v1,rtmpose_baseline
corpus_01,01.Candidate was found using a mobile phone in the examination hall..mkv,b842b03e5784d867e93770560d88150a526250df69077cd3065edbbd4c842098,dfine_native,69820.0,unknown_object,0.3002,638.07,349.18,701.45,443.85,6000.8,63.39,94.67,0.67,False,,True,unattributed,9,evt_01-P06_upper_body_0046,2987c73f281beb24,pose_hand_context,,3445.7,10.9,,1,01/e1/v1,rtmpose_baseline
corpus_01,01.Candidate was found using a mobile phone in the examination hall..mkv,b842b03e5784d867e93770560d88150a526250df69077cd3065edbbd4c842098,dfine_native,69820.0,unknown_object,0.5087,638.02,349.21,711.25,443.94,6937.6,73.24,94.73,0.773,False,,True,unattributed,9,evt_01-P06_upper_body_0046,2987c73f281beb24,pose_hand_context,,3445.7,10.9,,1,01/e1/v1,rtmpose_baseline
corpus_01,01.Candidate was found using a mobile phone in the examination hall..mkv,b842b03e5784d867e93770560d88150a526250df69077cd3065edbbd4c842098,dfine_native,69820.0,unknown_object,0.257,638.04,349.16,710.96,399.89,3699.1,72.92,50.73,1.438,False,,True,unattributed,9,evt_01-P06_upper_body_0046,2987c73f281beb24,pose_hand_context,,3445.7,10.9,,1,01/e1/v1,rtmpose_baseline
corpus_01,01.Candidate was found using a mobile phone in the examination hall..mkv,b842b03e5784d867e93770560d88150a526250df69077cd3065edbbd4c842098,dfine_native,69860.0,mouse,0.8215,640.22,368.81,660.2,377.72,178.0,19.98,8.91,2.242,False,,True,unattributed,9,evt_01-P03_desk_work_surface_0015,593cabf673dc56e5,pose_hand_context,,3504.6,10.81,,1,01/e1/v1,rtmpose_baseline
corpus_01,01.Candidate was found using a mobile phone in the examination hall..mkv,b842b03e5784d867e93770560d88150a526250df69077cd3065edbbd4c842098,dfine_native,69860.0,monitor_or_bezel,0.3108,658.3,352.09,711.54,396.49,2363.4,53.23,44.4,1.199,False,,True,unattributed,9,evt_01-P03_desk_work_surface_0015,593cabf673dc56e5,pose_hand_context,,3504.6,10.81,,1,01/e1/v1,rtmpose_baseline
corpus_01,01.Candidate was found using a mobile phone in the examination hall..mkv,b842b03e5784d867e93770560d88150a526250df69077cd3065edbbd4c842098,dfine_native,69860.0,phone,0.4806,659.63,396.91,681.81,408.23,251.0,22.18,11.32,1.96,False,,True,unattributed,9,evt_01-P03_desk_work_surface_0015,593cabf673dc56e5,pose_hand_context,,3504.6,10.81,,1,01/e1/v1,rtmpose_baseline
corpus_01,01.Candidate was found using a mobile phone in the examination hall..mkv,b842b03e5784d867e93770560d88150a526250df69077cd3065edbbd4c842098,dfine_native,69860.0,unknown_object,0.3924,640.23,405.88,694.28,443.54,2035.8,54.05,37.66,1.435,False,,True,unattributed,9,evt_01-P03_desk_work_surface_0015,593cabf673dc56e5,pose_hand_context,,3504.6,10.81,,1,01/e1/v1,rtmpose_baseline
corpus_01,01.Candidate was found using a mobile phone in the examination hall..mkv,b842b03e5784d867e93770560d88150a526250df69077cd3065edbbd4c842098,dfine_native,69860.0,monitor_or_bezel,0.2504,657.81,351.99,711.53,407.17,2964.3,53.73,55.17,0.974,False,,True,unattributed,9,evt_01-P03_desk_work_surface_0015,593cabf673dc56e5,pose_hand_context,,3504.6,10.81,,1,01/e1/v1,rtmpose_baseline
corpus_01,01.Candidate was found using a mobile phone in the examination hall..mkv,b842b03e5784d867e93770560d88150a526250df69077cd3065edbbd4c842098,dfine_native,69860.0,unknown_object,0.2821,639.98,390.53,681.61,418.96,1183.6,41.63,28.43,1.464,False,,True,unattributed,9,evt_01-P03_desk_work_surface_0015,593cabf673dc56e5,pose_hand_context,,3504.6,10.81,,1,01/e1/v1,rtmpose_baseline
corpus_01,01.Candidate was found using a mobile phone in the examination hall..mkv,b842b03e5784d867e93770560d88150a526250df69077cd3065edbbd4c842098,dfine_native,69860.0,monitor_or_bezel,0.7934,640.1,351.85,711.6,418.83,4789.3,71.5,66.99,1.067,False,,True,unattributed,9,evt_01-P03_desk_work_surface_0015,593cabf673dc56e5,pose_hand_context,,3504.6,10.81,,1,01/e1/v1,rtmpose_baseline
corpus_01,01.Candidate was found using a mobile phone in the examination hall..mkv,b842b03e5784d867e93770560d88150a526250df69077cd3065edbbd4c842098,dfine_native,70020.0,unknown_object,0.761,692.15,454.12,771.04,566.43,8860.3,78.89,112.31,0.702,False,,True,unattributed,9,evt_01-P06_desk_work_surface_0043,6f12c715cf0cb853,native_source_context_fallback,no_pose_observation,29456.6,2.39,,1,01/e1/v1,
corpus_01,01.Candidate was found using a mobile phone in the examination hall..mkv,b842b03e5784d867e93770560d88150a526250df69077cd3065edbbd4c842098,dfine_native,70020.0,monitor_or_bezel,0.5089,661.82,351.79,711.35,394.37,2109.0,49.53,42.58,1.163,False,,True,unattributed,9,evt_01-P06_desk_work_surface_0043,6f12c715cf0cb853,native_source_context_fallback,no_pose_observation,29456.6,2.39,,1,01/e1/v1,
corpus_01,01.Candidate was found using a mobile phone in the examination hall..mkv,b842b03e5784d867e93770560d88150a526250df69077cd3065edbbd4c842098,dfine_native,70020.0,unknown_object,0.3315,746.9,335.9,771.22,432.23,2342.2,24.32,96.33,0.252,False,,True,unattributed,9,evt_01-P06_desk_work_surface_0043,6f12c715cf0cb853,native_source_context_fallback,no_pose_observation,29456.6,2.39,,1,01/e1/v1,
corpus_01,01.Candidate was found using a mobile phone in the examination hall..mkv,b842b03e5784d867e93770560d88150a526250df69077cd3065edbbd4c842098,dfine_native,70020.0,unknown_object,0.5525,693.37,403.36,771.31,566.19,12692.2,77.95,162.83,0.479,False,,True,unattributed,9,evt_01-P06_desk_work_surface_0043,6f12c715cf0cb853,native_source_context_fallback,no_pose_observation,29456.6,2.39,,1,01/e1/v1,
corpus_01,01.Candidate was found using a mobile phone in the examination hall..mkv,b842b03e5784d867e93770560d88150a526250df69077cd3065edbbd4c842098,dfine_native,70020.0,unknown_object,0.2773,661.01,405.68,694.35,524.25,3952.7,33.34,118.57,0.281,False,,True,unattributed,9,evt_01-P06_desk_work_surface_0043,6f12c715cf0cb853,native_source_context_fallback,no_pose_observation,29456.6,2.39,,1,01/e1/v1,
corpus_01,01.Candidate was found using a mobile phone in the examination hall..mkv,b842b03e5784d867e93770560d88150a526250df69077cd3065edbbd4c842098,dfine_native,70020.0,keyboard,0.409,660.97,390.29,688.96,416.74,740.6,27.99,26.46,1.058,False,,True,unattributed,9,evt_01-P06_desk_work_surface_0043,6f12c715cf0cb853,native_source_context_fallback,no_pose_observation,29456.6,2.39,,1,01/e1/v1,
corpus_01,01.Candidate was found using a mobile phone in the examination hall..mkv,b842b03e5784d867e93770560d88150a526250df69077cd3065edbbd4c842098,dfine_native,70020.0,unknown_object,0.3217,746.56,336.24,771.16,372.01,880.0,24.6,35.77,0.688,False,,True,unattributed,9,evt_01-P06_desk_work_surface_0043,6f12c715cf0cb853,native_source_context_fallback,no_pose_observation,29456.6,2.39,,1,01/e1/v1,
corpus_01,01.Candidate was found using a mobile phone in the examination hall..mkv,b842b03e5784d867e93770560d88150a526250df69077cd3065edbbd4c842098,dfine_native,70020.0,unknown_object,0.3858,753.83,369.47,771.19,434.21,1123.9,17.36,64.74,0.268,False,,True,unattributed,9,evt_01-P06_desk_work_surface_0043,6f12c715cf0cb853,native_source_context_fallback,no_pose_observation,29456.6,2.39,,1,01/e1/v1,
corpus_01,01.Candidate was found using a mobile phone in the examination hall..mkv,b842b03e5784d867e93770560d88150a526250df69077cd3065edbbd4c842098,dfine_native,70020.0,unknown_object,0.2564,753.37,403.57,771.23,446.2,761.3,17.86,42.63,0.419,False,,True,unattributed,9,evt_01-P06_desk_work_surface_0043,6f12c715cf0cb853,native_source_context_fallback,no_pose_observation,29456.6,2.39,,1,01/e1/v1,
corpus_01,01.Candidate was found using a mobile phone in the examination hall..mkv,b842b03e5784d867e93770560d88150a526250df69077cd3065edbbd4c842098,dfine_native,70020.0,monitor_or_bezel,0.3332,660.93,404.94,694.53,561.83,5272.6,33.61,156.89,0.214,False,,True,unattributed,9,evt_01-P06_desk_work_surface_0043,6f12c715cf0cb853,native_source_context_fallback,no_pose_observation,29456.6,2.39,,1,01/e1/v1,
corpus_01,01.Candidate was found using a mobile phone in the examination hall..mkv,b842b03e5784d867e93770560d88150a526250df69077cd3065edbbd4c842098,dfine_native,70020.0,unknown_object,0.3403,755.16,369.68,771.17,405.15,567.9,16.01,35.47,0.452,False,,True,unattributed,9,evt_01-P06_desk_work_surface_0043,6f12c715cf0cb853,native_source_context_fallback,no_pose_observation,29456.6,2.39,,1,01/e1/v1,
corpus_01,01.Candidate was found using a mobile phone in the examination hall..mkv,b842b03e5784d867e93770560d88150a526250df69077cd3065edbbd4c842098,dfine_native,70020.0,unknown_object,0.3147,746.41,336.17,771.16,405.56,1717.5,24.75,69.39,0.357,False,,True,unattributed,9,evt_01-P06_desk_work_surface_0043,6f12c715cf0cb853,native_source_context_fallback,no_pose_observation,29456.6,2.39,,1,01/e1/v1,
corpus_01,01.Candidate was found using a mobile phone in the examination hall..mkv,b842b03e5784d867e93770560d88150a526250df69077cd3065edbbd4c842098,dfine_native,70020.0,unknown_object,0.2928,753.5,403.85,771.12,432.88,511.6,17.62,29.03,0.607,False,,True,unattributed,9,evt_01-P06_desk_work_surface_0043,6f12c715cf0cb853,native_source_context_fallback,no_pose_observation,29456.6,2.39,,1,01/e1/v1,
corpus_01,01.Candidate was found using a mobile phone in the examination hall..mkv,b842b03e5784d867e93770560d88150a526250df69077cd3065edbbd4c842098,dfine_native,70020.0,unknown_object,0.4314,692.47,454.0,767.26,490.76,2748.7,74.79,36.75,2.035,False,,True,unattributed,9,evt_01-P06_desk_work_surface_0043,6f12c715cf0cb853,native_source_context_fallback,no_pose_observation,29456.6,2.39,,1,01/e1/v1,
corpus_01,01.Candidate was found using a mobile phone in the examination hall..mkv,b842b03e5784d867e93770560d88150a526250df69077cd3065edbbd4c842098,dfine_native,70020.0,unknown_object,0.256,692.78,403.71,770.98,491.44,6860.8,78.2,87.73,0.891,False,,True,unattributed,9,evt_01-P06_desk_work_surface_0043,6f12c715cf0cb853,native_source_context_fallback,no_pose_observation,29456.6,2.39,,1,01/e1/v1,
corpus_01,01.Candidate was found using a mobile phone in the examination hall..mkv,b842b03e5784d867e93770560d88150a526250df69077cd3065edbbd4c842098,dfine_native,70020.0,monitor_or_bezel,0.3753,661.08,351.51,711.64,416.61,3291.2,50.56,65.09,0.777,False,,True,unattributed,9,evt_01-P06_desk_work_surface_0043,6f12c715cf0cb853,native_source_context_fallback,no_pose_observation,29456.6,2.39,,1,01/e1/v1,
corpus_01,01.Candidate was found using a mobile phone in the examination hall..mkv,b842b03e5784d867e93770560d88150a526250df69077cd3065edbbd4c842098,dfine_native,70220.0,monitor_or_bezel,0.6366,660.22,350.69,713.01,392.81,2223.5,52.79,42.12,1.253,False,,True,unattributed,9,evt_01-P05_desk_work_surface_0034,93155b1f2a72b3a1,native_source_context_fallback,no_pose_observation,30312.0,2.39,,1,01/e1/v1,
corpus_01,01.Candidate was found using a mobile phone in the examination hall..mkv,b842b03e5784d867e93770560d88150a526250df69077cd3065edbbd4c842098,dfine_native,70220.0,unknown_object,0.7172,692.08,454.54,771.83,568.44,9083.3,79.75,113.9,0.7,False,,True,unattributed,9,evt_01-P05_desk_work_surface_0034,93155b1f2a72b3a1,native_source_context_fallback,no_pose_observation,30312.0,2.39,,1,01/e1/v1,
corpus_01,01.Candidate was found using a mobile phone in the examination hall..mkv,b842b03e5784d867e93770560d88150a526250df69077cd3065edbbd4c842098,dfine_native,70220.0,unknown_object,0.3455,756.36,369.68,771.91,404.57,542.6,15.55,34.89,0.446,False,,True,unattributed,9,evt_01-P05_desk_work_surface_0034,93155b1f2a72b3a1,native_source_context_fallback,no_pose_observation,30312.0,2.39,,1,01/e1/v1,
corpus_01,01.Candidate was found using a mobile phone in the examination hall..mkv,b842b03e5784d867e93770560d88150a526250df69077cd3065edbbd4c842098,dfine_native,70220.0,unknown_object,0.4843,693.5,405.15,772.02,568.34,12814.0,78.52,163.19,0.481,False,,True,unattributed,9,evt_01-P05_desk_work_surface_0034,93155b1f2a72b3a1,native_source_context_fallback,no_pose_observation,30312.0,2.39,,1,01/e1/v1,
corpus_01,01.Candidate was found using a mobile phone in the examination hall..mkv,b842b03e5784d867e93770560d88150a526250df69077cd3065edbbd4c842098,dfine_native,70220.0,unknown_object,0.3916,754.81,369.44,771.94,435.56,1132.4,17.13,66.11,0.259,False,,True,unattributed,9,evt_01-P05_desk_work_surface_0034,93155b1f2a72b3a1,native_source_context_fallback,no_pose_observation,30312.0,2.39,,1,01/e1/v1,
corpus_01,01.Candidate was found using a mobile phone in the examination hall..mkv,b842b03e5784d867e93770560d88150a526250df69077cd3065edbbd4c842098,dfine_native,70220.0,unknown_object,0.3031,747.88,336.35,771.9,372.17,860.2,24.02,35.81,0.671,False,,True,unattributed,9,evt_01-P05_desk_work_surface_0034,93155b1f2a72b3a1,native_source_context_fallback,no_pose_observation,30312.0,2.39,,1,01/e1/v1,
corpus_01,01.Candidate was found using a mobile phone in the examination hall..mkv,b842b03e5784d867e93770560d88150a526250df69077cd3065edbbd4c842098,dfine_native,70220.0,unknown_object,0.3113,748.12,336.29,771.98,434.43,2340.8,23.85,98.14,0.243,False,,True,unattributed,9,evt_01-P05_desk_work_surface_0034,93155b1f2a72b3a1,native_source_context_fallback,no_pose_observation,30312.0,2.39,,1,01/e1/v1,
corpus_01,01.Candidate was found using a mobile phone in the examination hall..mkv,b842b03e5784d867e93770560d88150a526250df69077cd3065edbbd4c842098,dfine_native,70220.0,unknown_object,0.3665,692.33,454.16,766.17,490.87,2711.3,73.85,36.71,2.011,False,,True,unattributed,9,evt_01-P05_desk_work_surface_0034,93155b1f2a72b3a1,native_source_context_fallback,no_pose_observation,30312.0,2.39,,1,01/e1/v1,
corpus_01,01.Candidate was found using a mobile phone in the examination hall..mkv,b842b03e5784d867e93770560d88150a526250df69077cd3065edbbd4c842098,dfine_native,70220.0,unknown_object,0.3039,748.18,336.39,771.95,405.14,1634.1,23.77,68.75,0.346,False,,True,unattributed,9,evt_01-P05_desk_work_surface_0034,93155b1f2a72b3a1,native_source_context_fallback,no_pose_observation,30312.0,2.39,,1,01/e1/v1,
corpus_01,01.Candidate was found using a mobile phone in the examination hall..mkv,b842b03e5784d867e93770560d88150a526250df69077cd3065edbbd4c842098,dfine_native,70220.0,unknown_object,0.6246,692.87,369.58,771.98,568.28,15718.8,79.11,198.7,0.398,False,,True,unattributed,9,evt_01-P05_desk_work_surface_0034,93155b1f2a72b3a1,native_source_context_fallback,no_pose_observation,30312.0,2.39,,1,01/e1/v1,
corpus_01,01.Candidate was found using a mobile phone in the examination hall..mkv,b842b03e5784d867e93770560d88150a526250df69077cd3065edbbd4c842098,dfine_native,70220.0,unknown_object,0.2675,657.94,404.95,694.86,539.81,4979.0,36.92,134.86,0.274,False,,True,unattributed,9,evt_01-P05_desk_work_surface_0034,93155b1f2a72b3a1,native_source_context_fallback,no_pose_observation,30312.0,2.39,,1,01/e1/v1,
corpus_01,01.Candidate was found using a mobile phone in the examination hall..mkv,b842b03e5784d867e93770560d88150a526250df69077cd3065edbbd4c842098,dfine_native,70220.0,monitor_or_bezel,0.2576,658.1,350.42,713.0,421.36,3895.4,54.91,70.95,0.774,False,,True,unattributed,9,evt_01-P05_desk_work_surface_0034,93155b1f2a72b3a1,native_source_context_fallback,no_pose_observation,30312.0,2.39,,1,01/e1/v1,
corpus_01,01.Candidate was found using a mobile phone in the examination hall..mkv,b842b03e5784d867e93770560d88150a526250df69077cd3065edbbd4c842098,dfine_native,70500.0,mouse,0.5234,646.0,368.8,660.08,377.08,116.6,14.08,8.28,1.7,True,object footprint 117 px is under the 120 px floor for a call,False,unattributed,9,evt_01-P01_upper_body_0006,38cc48898557d70c,pose_hand_context,,4147.4,9.94,,1,01/e1/v1,rtmpose_baseline
corpus_01,01.Candidate was found using a mobile phone in the examination hall..mkv,b842b03e5784d867e93770560d88150a526250df69077cd3065edbbd4c842098,dfine_native,70500.0,unknown_object,0.3561,646.01,365.47,683.29,406.74,1538.4,37.28,41.27,0.903,False,,True,unattributed,9,evt_01-P01_upper_body_0006,38cc48898557d70c,pose_hand_context,,4147.4,9.94,,1,01/e1/v1,rtmpose_baseline
corpus_01,01.Candidate was found using a mobile phone in the examination hall..mkv,b842b03e5784d867e93770560d88150a526250df69077cd3065edbbd4c842098,dfine_native,70500.0,unknown_object,0.3004,645.99,406.25,694.32,441.56,1706.6,48.33,35.31,1.369,False,,True,unattributed,9,evt_01-P01_upper_body_0006,38cc48898557d70c,pose_hand_context,,4147.4,9.94,,1,01/e1/v1,rtmpose_baseline
corpus_01,01.Candidate was found using a mobile phone in the examination hall..mkv,b842b03e5784d867e93770560d88150a526250df69077cd3065edbbd4c842098,dfine_native,70500.0,unknown_object,0.2555,693.45,362.64,741.98,441.6,3832.8,48.54,78.96,0.615,False,,True,unattributed,9,evt_01-P01_upper_body_0006,38cc48898557d70c,pose_hand_context,,4147.4,9.94,,1,01/e1/v1,rtmpose_baseline
corpus_01,01.Candidate was found using a mobile phone in the examination hall..mkv,b842b03e5784d867e93770560d88150a526250df69077cd3065edbbd4c842098,dfine_native,70500.0,unknown_object,0.2538,646.0,365.44,696.73,441.23,3844.9,50.73,75.79,0.669,False,,True,unattributed,9,evt_01-P01_upper_body_0006,38cc48898557d70c,pose_hand_context,,4147.4,9.94,,1,01/e1/v1,rtmpose_baseline
corpus_01,01.Candidate was found using a mobile phone in the examination hall..mkv,b842b03e5784d867e93770560d88150a526250df69077cd3065edbbd4c842098,dfine_native,70500.0,unknown_object,0.2582,646.02,348.73,714.25,440.79,6281.5,68.23,92.06,0.741,False,,True,unattributed,9,evt_01-P01_upper_body_0006,38cc48898557d70c,pose_hand_context,,4147.4,9.94,,1,01/e1/v1,rtmpose_baseline
corpus_01,01.Candidate was found using a mobile phone in the examination hall..mkv,b842b03e5784d867e93770560d88150a526250df69077cd3065edbbd4c842098,dfine_native,71220.0,unknown_object,0.3224,639.34,181.73,663.22,234.2,1252.9,23.88,52.47,0.455,False,,True,unattributed,17,evt_01-P05_desk_work_surface_0034,88710af28ed05cd0,native_source_context_fallback,wrist_confidence_below_floor,4158.3,6.77,,1,01/e1/v1,rtmpose_baseline
corpus_01,01.Candidate was found using a mobile phone in the examination hall..mkv,b842b03e5784d867e93770560d88150a526250df69077cd3065edbbd4c842098,dfine_native,71220.0,unknown_object,0.3325,576.22,158.15,668.12,253.76,8787.7,91.91,95.61,0.961,False,,True,unattributed,17,evt_01-P05_desk_work_surface_0034,88710af28ed05cd0,native_source_context_fallback,wrist_confidence_below_floor,4158.3,6.77,,1,01/e1/v1,rtmpose_baseline
corpus_01,01.Candidate was found using a mobile phone in the examination hall..mkv,b842b03e5784d867e93770560d88150a526250df69077cd3065edbbd4c842098,dfine_native,71220.0,unknown_object,0.7562,629.92,406.25,694.64,566.73,10386.8,64.72,160.48,0.403,False,,True,unattributed,9,evt_01-P05_desk_work_surface_0034,e0968401a682c7ff,native_source_context_fallback,wrist_confidence_below_floor,34891.3,2.32,,1,01/e1/v1,rtmpose_baseline
corpus_01,01.Candidate was found using a mobile phone in the examination hall..mkv,b842b03e5784d867e93770560d88150a526250df69077cd3065edbbd4c842098,dfine_native,71220.0,unknown_object,0.7416,694.49,451.92,755.86,569.38,7209.3,61.37,117.46,0.523,False,,True,unattributed,9,evt_01-P05_desk_work_surface_0034,e0968401a682c7ff,native_source_context_fallback,wrist_confidence_below_floor,34891.3,2.32,,1,01/e1/v1,rtmpose_baseline
corpus_01,01.Candidate was found using a mobile phone in the examination hall..mkv,b842b03e5784d867e93770560d88150a526250df69077cd3065edbbd4c842098,dfine_native,71220.0,stationery,0.5216,629.92,365.47,647.46,395.63,529.2,17.54,30.16,0.582,False,,True,unattributed,9,evt_01-P05_desk_work_surface_0034,e0968401a682c7ff,native_source_context_fallback,wrist_confidence_below_floor,34891.3,2.32,,1,01/e1/v1,rtmpose_baseline
corpus_01,01.Candidate was found using a mobile phone in the examination hall..mkv,b842b03e5784d867e93770560d88150a526250df69077cd3065edbbd4c842098,dfine_native,71220.0,unknown_object,0.4388,713.55,367.95,755.93,426.81,2495.4,42.39,58.87,0.72,False,,True,unattributed,9,evt_01-P05_desk_work_surface_0034,e0968401a682c7ff,native_source_context_fallback,wrist_confidence_below_floor,34891.3,2.32,,1,01/e1/v1,rtmpose_baseline
corpus_01,01.Candidate was found using a mobile phone in the examination hall..mkv,b842b03e5784d867e93770560d88150a526250df69077cd3065edbbd4c842098,dfine_native,71220.0,unknown_object,0.483,697.08,398.86,755.94,569.26,10030.4,58.87,170.39,0.345,False,,True,unattributed,9,evt_01-P05_desk_work_surface_0034,e0968401a682c7ff,native_source_context_fallback,wrist_confidence_below_floor,34891.3,2.32,,1,01/e1/v1,rtmpose_baseline
corpus_01,01.Candidate was found using a mobile phone in the examination hall..mkv,b842b03e5784d867e93770560d88150a526250df69077cd3065edbbd4c842098,dfine_native,71220.0,unknown_object,0.4038,713.71,367.91,755.88,402.23,1447.2,42.17,34.32,1.229,False,,True,unattributed,9,evt_01-P05_desk_work_surface_0034,e0968401a682c7ff,native_source_context_fallback,wrist_confidence_below_floor,34891.3,2.32,,1,01/e1/v1,rtmpose_baseline
corpus_01,01.Candidate was found using a mobile phone in the examination hall..mkv,b842b03e5784d867e93770560d88150a526250df69077cd3065edbbd4c842098,dfine_native,71220.0,stationery,0.3625,633.96,384.19,647.88,395.96,163.8,13.92,11.76,1.184,False,,True,unattributed,9,evt_01-P05_desk_work_surface_0034,e0968401a682c7ff,native_source_context_fallback,wrist_confidence_below_floor,34891.3,2.32,,1,01/e1/v1,rtmpose_baseline
corpus_01,01.Candidate was found using a mobile phone in the examination hall..mkv,b842b03e5784d867e93770560d88150a526250df69077cd3065edbbd4c842098,dfine_native,71220.0,unknown_object,0.2674,703.51,336.8,731.74,369.44,921.4,28.23,32.64,0.865,False,,True,unattributed,9,evt_01-P05_desk_work_surface_0034,e0968401a682c7ff,native_source_context_fallback,wrist_confidence_below_floor,34891.3,2.32,,1,01/e1/v1,rtmpose_baseline
corpus_01,01.Candidate was found using a mobile phone in the examination hall..mkv,b842b03e5784d867e93770560d88150a526250df69077cd3065edbbd4c842098,dfine_native,71220.0,unknown_object,0.2897,730.13,398.78,755.96,428.67,772.2,25.83,29.89,0.864,False,,True,unattributed,9,evt_01-P05_desk_work_surface_0034,e0968401a682c7ff,native_source_context_fallback,wrist_confidence_below_floor,34891.3,2.32,,1,01/e1/v1,rtmpose_baseline
corpus_01,01.Candidate was found using a mobile phone in the examination hall..mkv,b842b03e5784d867e93770560d88150a526250df69077cd3065edbbd4c842098,dfine_native,71220.0,unknown_object,0.2992,724.81,369.45,755.91,400.59,968.5,31.09,31.15,0.998,False,,True,unattributed,9,evt_01-P05_desk_work_surface_0034,e0968401a682c7ff,native_source_context_fallback,wrist_confidence_below_floor,34891.3,2.32,,1,01/e1/v1,rtmpose_baseline
corpus_01,01.Candidate was found using a mobile phone in the examination hall..mkv,b842b03e5784d867e93770560d88150a526250df69077cd3065edbbd4c842098,dfine_native,71220.0,unknown_object,0.3104,632.38,402.07,755.77,568.96,20594.2,123.4,166.9,0.739,False,,True,unattributed,9,evt_01-P05_desk_work_surface_0034,e0968401a682c7ff,native_source_context_fallback,wrist_confidence_below_floor,34891.3,2.32,,1,01/e1/v1,rtmpose_baseline
corpus_01,01.Candidate was found using a mobile phone in the examination hall..mkv,b842b03e5784d867e93770560d88150a526250df69077cd3065edbbd4c842098,dfine_native,71220.0,unknown_object,0.3177,694.28,452.21,755.81,505.24,3263.1,61.53,53.03,1.16,False,,True,unattributed,9,evt_01-P05_desk_work_surface_0034,e0968401a682c7ff,native_source_context_fallback,wrist_confidence_below_floor,34891.3,2.32,,1,01/e1/v1,rtmpose_baseline
corpus_01,01.Candidate was found using a mobile phone in the examination hall..mkv,b842b03e5784d867e93770560d88150a526250df69077cd3065edbbd4c842098,dfine_native,71220.0,unknown_object,0.2846,725.18,369.32,755.93,426.24,1750.4,30.75,56.92,0.54,False,,True,unattributed,9,evt_01-P05_desk_work_surface_0034,e0968401a682c7ff,native_source_context_fallback,wrist_confidence_below_floor,34891.3,2.32,,1,01/e1/v1,rtmpose_baseline
corpus_01,01.Candidate was found using a mobile phone in the examination hall..mkv,b842b03e5784d867e93770560d88150a526250df69077cd3065edbbd4c842098,dfine_native,71220.0,unknown_object,0.2591,629.88,398.75,643.21,421.57,304.2,13.33,22.82,0.584,False,,True,unattributed,9,evt_01-P05_desk_work_surface_0034,e0968401a682c7ff,native_source_context_fallback,wrist_confidence_below_floor,34891.3,2.32,,1,01/e1/v1,rtmpose_baseline
corpus_01,01.Candidate was found using a mobile phone in the examination hall..mkv,b842b03e5784d867e93770560d88150a526250df69077cd3065edbbd4c842098,dfine_native,71220.0,unknown_object,0.3465,698.75,367.7,756.01,568.96,11523.0,57.26,201.25,0.284,False,,True,unattributed,9,evt_01-P05_desk_work_surface_0034,e0968401a682c7ff,native_source_context_fallback,wrist_confidence_below_floor,34891.3,2.32,,1,01/e1/v1,rtmpose_baseline
corpus_01,01.Candidate was found using a mobile phone in the examination hall..mkv,b842b03e5784d867e93770560d88150a526250df69077cd3065edbbd4c842098,dfine_native,71220.0,unknown_object,0.322,699.75,343.21,755.95,568.71,12674.0,56.21,225.49,0.249,False,,True,unattributed,9,evt_01-P05_desk_work_surface_0034,e0968401a682c7ff,native_source_context_fallback,wrist_confidence_below_floor,34891.3,2.32,,1,01/e1/v1,rtmpose_baseline
corpus_01,01.Candidate was found using a mobile phone in the examination hall..mkv,b842b03e5784d867e93770560d88150a526250df69077cd3065edbbd4c842098,dfine_native,71220.0,unknown_object,0.2788,703.98,336.75,755.98,427.14,4700.8,52.0,90.39,0.575,False,,True,unattributed,9,evt_01-P05_desk_work_surface_0034,e0968401a682c7ff,native_source_context_fallback,wrist_confidence_below_floor,34891.3,2.32,,1,01/e1/v1,rtmpose_baseline
corpus_01,01.Candidate was found using a mobile phone in the examination hall..mkv,b842b03e5784d867e93770560d88150a526250df69077cd3065edbbd4c842098,dfine_native,71220.0,unknown_object,0.3213,680.84,317.72,733.02,350.29,1699.2,52.18,32.56,1.602,False,,True,unattributed,9,evt_01-P05_desk_work_surface_0034,e0968401a682c7ff,native_source_context_fallback,wrist_confidence_below_floor,34891.3,2.32,,1,01/e1/v1,rtmpose_baseline
corpus_01,01.Candidate was found using a mobile phone in the examination hall..mkv,b842b03e5784d867e93770560d88150a526250df69077cd3065edbbd4c842098,dfine_native,71220.0,unknown_object,0.2541,703.83,336.89,755.92,402.37,3411.2,52.09,65.49,0.795,False,,True,unattributed,9,evt_01-P05_desk_work_surface_0034,e0968401a682c7ff,native_source_context_fallback,wrist_confidence_below_floor,34891.3,2.32,,1,01/e1/v1,rtmpose_baseline
corpus_01,01.Candidate was found using a mobile phone in the examination hall..mkv,b842b03e5784d867e93770560d88150a526250df69077cd3065edbbd4c842098,dfine_native,71500.0,phone,0.3965,584.19,207.92,609.86,252.77,1150.9,25.66,44.85,0.572,False,,True,unattributed,17,evt_01-P01_upper_body_0006,90ee45a13b0872da,native_source_context_fallback,no_pose_observation,3300.8,6.99,,1,01/e1/v1,
corpus_01,01.Candidate was found using a mobile phone in the examination hall..mkv,b842b03e5784d867e93770560d88150a526250df69077cd3065edbbd4c842098,dfine_native,71500.0,phone,0.5306,638.88,181.72,663.52,234.55,1301.6,24.63,52.84,0.466,False,,True,unattributed,17,evt_01-P01_upper_body_0006,90ee45a13b0872da,native_source_context_fallback,no_pose_observation,3300.8,6.99,,1,01/e1/v1,
corpus_01,01.Candidate was found using a mobile phone in the examination hall..mkv,b842b03e5784d867e93770560d88150a526250df69077cd3065edbbd4c842098,dfine_native,71500.0,monitor_or_bezel,0.442,583.02,157.04,668.02,252.59,8121.7,85.0,95.55,0.89,False,,True,unattributed,17,evt_01-P01_upper_body_0006,90ee45a13b0872da,native_source_context_fallback,no_pose_observation,3300.8,6.99,,1,01/e1/v1,
corpus_01,01.Candidate was found using a mobile phone in the examination hall..mkv,b842b03e5784d867e93770560d88150a526250df69077cd3065edbbd4c842098,dfine_native,71500.0,monitor_or_bezel,0.5891,571.0,313.6,603.05,361.0,1519.2,32.05,47.4,0.676,False,,True,unattributed,9,evt_01-P01_upper_body_0006,f7bf6872d96738c2,pose_hand_context,,11794.0,5.89,,1,01/e1/v1,rtmpose_baseline
corpus_01,01.Candidate was found using a mobile phone in the examination hall..mkv,b842b03e5784d867e93770560d88150a526250df69077cd3065edbbd4c842098,dfine_native,71500.0,unknown_object,0.2863,571.01,338.81,620.37,417.93,3904.9,49.35,79.12,0.624,False,,True,unattributed,9,evt_01-P01_upper_body_0006,f7bf6872d96738c2,pose_hand_context,,11794.0,5.89,,1,01/e1/v1,rtmpose_baseline
corpus_01,01.Candidate was found using a mobile phone in the examination hall..mkv,b842b03e5784d867e93770560d88150a526250df69077cd3065edbbd4c842098,dfine_native,71500.0,monitor_or_bezel,0.2707,571.05,313.57,658.75,418.09,9165.8,87.69,104.52,0.839,False,,True,unattributed,9,evt_01-P01_upper_body_0006,f7bf6872d96738c2,pose_hand_context,,11794.0,5.89,,1,01/e1/v1,rtmpose_baseline
corpus_01,01.Candidate was found using a mobile phone in the examination hall..mkv,b842b03e5784d867e93770560d88150a526250df69077cd3065edbbd4c842098,dfine_native,71500.0,monitor_or_bezel,0.3507,571.04,313.68,620.69,418.07,5182.5,49.65,104.39,0.476,False,,True,unattributed,9,evt_01-P01_upper_body_0006,f7bf6872d96738c2,pose_hand_context,,11794.0,5.89,,1,01/e1/v1,rtmpose_baseline
corpus_01,01.Candidate was found using a mobile phone in the examination hall..mkv,b842b03e5784d867e93770560d88150a526250df69077cd3065edbbd4c842098,dfine_native,71500.0,monitor_or_bezel,0.3019,571.08,313.5,647.04,418.05,7941.9,75.96,104.55,0.727,False,,True,unattributed,9,evt_01-P01_upper_body_0006,f7bf6872d96738c2,pose_hand_context,,11794.0,5.89,,1,01/e1/v1,rtmpose_baseline
corpus_01,01.Candidate was found using a mobile phone in the examination hall..mkv,b842b03e5784d867e93770560d88150a526250df69077cd3065edbbd4c842098,dfine_native,72220.0,insufficient_visual_evidence,0.0,687.12,152.67,710.66,206.47,1266.5,23.54,53.8,0.438,True,"native footprint 24x54 px is under the 32 px floor; magnifying it 11.9x adds interpolation, not detail",False,unattributed,18,evt_01-P05_desk_work_surface_0034,9ab2370f09b1d38c,native_source_context_fallback,no_pose_observation,1266.5,11.9,,1,01/e1/v1,
corpus_01,01.Candidate was found using a mobile phone in the examination hall..mkv,b842b03e5784d867e93770560d88150a526250df69077cd3065edbbd4c842098,dfine_native,72220.0,insufficient_visual_evidence,0.0,618.01,160.79,649.41,247.14,2711.4,31.4,86.35,0.364,True,"native footprint 31x86 px is under the 32 px floor; magnifying it 7.4x adds interpolation, not detail",False,unattributed,17,evt_01-P05_desk_work_surface_0034,9bedff32cf1afa49,native_source_context_fallback,wrist_confidence_below_floor,2711.4,7.41,,1,01/e1/v1,rtmpose_baseline
corpus_01,01.Candidate was found using a mobile phone in the examination hall..mkv,b842b03e5784d867e93770560d88150a526250df69077cd3065edbbd4c842098,dfine_native,72220.0,monitor_or_bezel,0.2872,568.99,313.78,619.58,413.38,5038.7,50.59,99.6,0.508,False,,True,unattributed,9,evt_01-P05_desk_work_surface_0034,da21efe8337edc6a,pose_hand_context,,14118.2,5.39,,1,01/e1/v1,rtmpose_baseline
corpus_01,01.Candidate was found using a mobile phone in the examination hall..mkv,b842b03e5784d867e93770560d88150a526250df69077cd3065edbbd4c842098,dfine_native,72220.0,unknown_object,0.3909,597.66,323.65,626.98,356.15,952.9,29.32,32.5,0.902,False,,True,unattributed,9,evt_01-P05_desk_work_surface_0034,da21efe8337edc6a,pose_hand_context,,14118.2,5.39,,1,01/e1/v1,rtmpose_baseline
corpus_01,01.Candidate was found using a mobile phone in the examination hall..mkv,b842b03e5784d867e93770560d88150a526250df69077cd3065edbbd4c842098,dfine_native,72220.0,unknown_object,0.3565,569.01,313.42,644.57,413.61,7571.1,75.57,100.19,0.754,False,,True,unattributed,9,evt_01-P05_desk_work_surface_0034,da21efe8337edc6a,pose_hand_context,,14118.2,5.39,,1,01/e1/v1,rtmpose_baseline
corpus_01,01.Candidate was found using a mobile phone in the examination hall..mkv,b842b03e5784d867e93770560d88150a526250df69077cd3065edbbd4c842098,dfine_native,72220.0,monitor_or_bezel,0.2556,569.16,313.37,625.52,364.32,2871.9,56.36,50.95,1.106,False,,True,unattributed,9,evt_01-P05_desk_work_surface_0034,da21efe8337edc6a,pose_hand_context,,14118.2,5.39,,1,01/e1/v1,rtmpose_baseline
corpus_01,01.Candidate was found using a mobile phone in the examination hall..mkv,b842b03e5784d867e93770560d88150a526250df69077cd3065edbbd4c842098,dfine_native,72500.0,unknown_object,0.5627,660.99,405.74,694.45,443.59,1266.8,33.46,37.86,0.884,False,,True,unattributed,9,evt_01-P01_upper_body_0006,81e278ad53f493bd,pose_hand_context,,14175.3,5.38,,1,01/e1/v1,rtmpose_baseline
corpus_01,01.Candidate was found using a mobile phone in the examination hall..mkv,b842b03e5784d867e93770560d88150a526250df69077cd3065edbbd4c842098,dfine_native,72500.0,unknown_object,0.6198,726.47,336.64,779.97,404.35,3622.3,53.5,67.71,0.79,False,,True,unattributed,9,evt_01-P01_upper_body_0006,81e278ad53f493bd,pose_hand_context,,14175.3,5.38,,1,01/e1/v1,rtmpose_baseline
corpus_01,01.Candidate was found using a mobile phone in the examination hall..mkv,b842b03e5784d867e93770560d88150a526250df69077cd3065edbbd4c842098,dfine_native,72500.0,unknown_object,0.4676,726.73,368.97,779.92,404.08,1867.3,53.18,35.11,1.515,False,,True,unattributed,9,evt_01-P01_upper_body_0006,81e278ad53f493bd,pose_hand_context,,14175.3,5.38,,1,01/e1/v1,rtmpose_baseline
corpus_01,01.Candidate was found using a mobile phone in the examination hall..mkv,b842b03e5784d867e93770560d88150a526250df69077cd3065edbbd4c842098,dfine_native,72500.0,unknown_object,0.3451,724.53,368.76,779.95,442.62,4094.0,55.42,73.87,0.75,False,,True,unattributed,9,evt_01-P01_upper_body_0006,81e278ad53f493bd,pose_hand_context,,14175.3,5.38,,1,01/e1/v1,rtmpose_baseline
corpus_01,01.Candidate was found using a mobile phone in the examination hall..mkv,b842b03e5784d867e93770560d88150a526250df69077cd3065edbbd4c842098,dfine_native,72500.0,unknown_object,0.5032,723.56,398.6,779.94,443.38,2524.5,56.37,44.78,1.259,False,,True,unattributed,9,evt_01-P01_upper_body_0006,81e278ad53f493bd,pose_hand_context,,14175.3,5.38,,1,01/e1/v1,rtmpose_baseline
corpus_01,01.Candidate was found using a mobile phone in the examination hall..mkv,b842b03e5784d867e93770560d88150a526250df69077cd3065edbbd4c842098,dfine_native,72500.0,unknown_object,0.3099,747.22,336.62,779.96,372.81,1185.1,32.75,36.19,0.905,False,,True,unattributed,9,evt_01-P01_upper_body_0006,81e278ad53f493bd,pose_hand_context,,14175.3,5.38,,1,01/e1/v1,rtmpose_baseline
corpus_01,01.Candidate was found using a mobile phone in the examination hall..mkv,b842b03e5784d867e93770560d88150a526250df69077cd3065edbbd4c842098,dfine_native,72500.0,unknown_object,0.474,723.2,336.46,779.98,442.59,6026.8,56.78,106.14,0.535,False,,True,unattributed,9,evt_01-P01_upper_body_0006,81e278ad53f493bd,pose_hand_context,,14175.3,5.38,,1,01/e1/v1,rtmpose_baseline
corpus_01,01.Candidate was found using a mobile phone in the examination hall..mkv,b842b03e5784d867e93770560d88150a526250df69077cd3065edbbd4c842098,dfine_native,72500.0,unknown_object,0.2738,725.55,335.04,779.97,415.17,4360.5,54.42,80.13,0.679,False,,True,unattributed,9,evt_01-P01_upper_body_0006,81e278ad53f493bd,pose_hand_context,,14175.3,5.38,,1,01/e1/v1,rtmpose_baseline
corpus_01,01.Candidate was found using a mobile phone in the examination hall..mkv,b842b03e5784d867e93770560d88150a526250df69077cd3065edbbd4c842098,dfine_native,72500.0,insufficient_visual_evidence,0.0,617.69,163.03,647.51,246.68,2494.4,29.82,83.65,0.356,True,"native footprint 30x84 px is under the 32 px floor; magnifying it 7.7x adds interpolation, not detail",False,unattributed,17,evt_01-P01_upper_body_0006,c4e9ad198a8eae0c,native_source_context_fallback,wrist_confidence_below_floor,2494.4,7.65,,1,01/e1/v1,rtmpose_baseline
corpus_01,01.Candidate was found using a mobile phone in the examination hall..mkv,b842b03e5784d867e93770560d88150a526250df69077cd3065edbbd4c842098,dfine_native,73220.0,unknown_object,0.5378,597.83,310.89,636.78,343.81,1282.3,38.95,32.92,1.183,False,,True,unattributed,9,evt_01-P05_desk_work_surface_0034,b9d395d936a48172,pose_hand_context,,10120.4,6.36,,1,01/e1/v1,rtmpose_baseline
corpus_01,01.Candidate was found using a mobile phone in the examination hall..mkv,b842b03e5784d867e93770560d88150a526250df69077cd3065edbbd4c842098,dfine_native,73220.0,unknown_object,0.3047,575.0,313.43,615.75,396.23,3373.9,40.75,82.8,0.492,False,,True,unattributed,9,evt_01-P05_desk_work_surface_0034,b9d395d936a48172,pose_hand_context,,10120.4,6.36,,1,01/e1/v1,rtmpose_baseline
corpus_01,01.Candidate was found using a mobile phone in the examination hall..mkv,b842b03e5784d867e93770560d88150a526250df69077cd3065edbbd4c842098,dfine_native,73220.0,unknown_object,0.4373,635.59,323.15,658.65,366.25,993.6,23.05,43.1,0.535,False,,True,unattributed,9,evt_01-P05_desk_work_surface_0034,b9d395d936a48172,pose_hand_context,,10120.4,6.36,,1,01/e1/v1,rtmpose_baseline
corpus_01,01.Candidate was found using a mobile phone in the examination hall..mkv,b842b03e5784d867e93770560d88150a526250df69077cd3065edbbd4c842098,dfine_native,73220.0,unknown_object,0.6621,612.05,297.16,676.0,395.87,6312.4,63.95,98.71,0.648,False,,True,unattributed,9,evt_01-P05_desk_work_surface_0034,b9d395d936a48172,pose_hand_context,,10120.4,6.36,,1,01/e1/v1,rtmpose_baseline
corpus_01,01.Candidate was found using a mobile phone in the examination hall..mkv,b842b03e5784d867e93770560d88150a526250df69077cd3065edbbd4c842098,dfine_native,73220.0,monitor_or_bezel,0.339,575.0,313.55,603.05,361.21,1336.8,28.05,47.65,0.589,False,,True,unattributed,9,evt_01-P05_desk_work_surface_0034,b9d395d936a48172,pose_hand_context,,10120.4,6.36,,1,01/e1/v1,rtmpose_baseline
corpus_01,01.Candidate was found using a mobile phone in the examination hall..mkv,b842b03e5784d867e93770560d88150a526250df69077cd3065edbbd4c842098,dfine_native,73220.0,unknown_object,0.2869,639.04,363.99,660.62,396.44,700.2,21.58,32.45,0.665,False,,True,unattributed,9,evt_01-P05_desk_work_surface_0034,b9d395d936a48172,pose_hand_context,,10120.4,6.36,,1,01/e1/v1,rtmpose_baseline
corpus_01,01.Candidate was found using a mobile phone in the examination hall..mkv,b842b03e5784d867e93770560d88150a526250df69077cd3065edbbd4c842098,dfine_native,73220.0,unknown_object,0.4223,639.27,363.76,675.87,396.48,1197.5,36.6,32.72,1.119,False,,True,unattributed,9,evt_01-P05_desk_work_surface_0034,b9d395d936a48172,pose_hand_context,,10120.4,6.36,,1,01/e1/v1,rtmpose_baseline
corpus_01,01.Candidate was found using a mobile phone in the examination hall..mkv,b842b03e5784d867e93770560d88150a526250df69077cd3065edbbd4c842098,dfine_native,73220.0,monitor_or_bezel,0.2691,574.99,313.42,639.47,367.03,3456.8,64.48,53.61,1.203,False,,True,unattributed,9,evt_01-P05_desk_work_surface_0034,b9d395d936a48172,pose_hand_context,,10120.4,6.36,,1,01/e1/v1,rtmpose_baseline
corpus_01,01.Candidate was found using a mobile phone in the examination hall..mkv,b842b03e5784d867e93770560d88150a526250df69077cd3065edbbd4c842098,dfine_native,73220.0,unknown_object,0.2911,637.31,323.6,657.97,345.62,455.0,20.66,22.02,0.938,False,,True,unattributed,9,evt_01-P05_desk_work_surface_0034,b9d395d936a48172,pose_hand_context,,10120.4,6.36,,1,01/e1/v1,rtmpose_baseline
corpus_01,01.Candidate was found using a mobile phone in the examination hall..mkv,b842b03e5784d867e93770560d88150a526250df69077cd3065edbbd4c842098,dfine_native,73220.0,unknown_object,0.3612,639.05,343.26,675.96,396.18,1954.0,36.92,52.93,0.698,False,,True,unattributed,9,evt_01-P05_desk_work_surface_0034,b9d395d936a48172,pose_hand_context,,10120.4,6.36,,1,01/e1/v1,rtmpose_baseline
corpus_01,01.Candidate was found using a mobile phone in the examination hall..mkv,b842b03e5784d867e93770560d88150a526250df69077cd3065edbbd4c842098,dfine_native,73220.0,unknown_object,0.3037,633.66,308.14,658.75,366.24,1457.7,25.09,58.1,0.432,False,,True,unattributed,9,evt_01-P05_desk_work_surface_0034,b9d395d936a48172,pose_hand_context,,10120.4,6.36,,1,01/e1/v1,rtmpose_baseline
corpus_01,01.Candidate was found using a mobile phone in the examination hall..mkv,b842b03e5784d867e93770560d88150a526250df69077cd3065edbbd4c842098,dfine_native,73220.0,monitor_or_bezel,0.2934,575.07,313.4,640.02,379.91,4319.8,64.95,66.51,0.976,False,,True,unattributed,9,evt_01-P05_desk_work_surface_0034,b9d395d936a48172,pose_hand_context,,10120.4,6.36,,1,01/e1/v1,rtmpose_baseline
corpus_01,01.Candidate was found using a mobile phone in the examination hall..mkv,b842b03e5784d867e93770560d88150a526250df69077cd3065edbbd4c842098,dfine_native,73220.0,unknown_object,0.2922,638.09,320.01,675.9,395.91,2869.8,37.81,75.89,0.498,False,,True,unattributed,9,evt_01-P05_desk_work_surface_0034,b9d395d936a48172,pose_hand_context,,10120.4,6.36,,1,01/e1/v1,rtmpose_baseline
corpus_01,01.Candidate was found using a mobile phone in the examination hall..mkv,b842b03e5784d867e93770560d88150a526250df69077cd3065edbbd4c842098,dfine_native,73220.0,unknown_object,0.2905,653.52,331.47,676.01,395.06,1429.6,22.48,63.59,0.354,False,,True,unattributed,9,evt_01-P05_desk_work_surface_0034,b9d395d936a48172,pose_hand_context,,10120.4,6.36,,1,01/e1/v1,rtmpose_baseline
corpus_01,01.Candidate was found using a mobile phone in the examination hall..mkv,b842b03e5784d867e93770560d88150a526250df69077cd3065edbbd4c842098,dfine_native,73220.0,unknown_object,0.746,608.27,166.62,645.08,247.75,2986.1,36.81,81.12,0.454,False,,True,unattributed,17,evt_01-P05_desk_work_surface_0034,fe9112957651495a,native_source_context_fallback,no_pose_observation,2930.7,8.05,,1,01/e1/v1,
corpus_01,01.Candidate was found using a mobile phone in the examination hall..mkv,b842b03e5784d867e93770560d88150a526250df69077cd3065edbbd4c842098,dfine_native,73220.0,unknown_object,0.2536,639.42,181.64,662.37,221.71,919.6,22.95,40.08,0.573,False,,True,unattributed,17,evt_01-P05_desk_work_surface_0034,fe9112957651495a,native_source_context_fallback,no_pose_observation,2930.7,8.05,,1,01/e1/v1,
corpus_01,01.Candidate was found using a mobile phone in the examination hall..mkv,b842b03e5784d867e93770560d88150a526250df69077cd3065edbbd4c842098,dfine_native,73220.0,unknown_object,0.3057,583.42,207.97,610.43,254.59,1259.0,27.01,46.61,0.579,False,,True,unattributed,17,evt_01-P05_desk_work_surface_0034,fe9112957651495a,native_source_context_fallback,no_pose_observation,2930.7,8.05,,1,01/e1/v1,
corpus_01,01.Candidate was found using a mobile phone in the examination hall..mkv,b842b03e5784d867e93770560d88150a526250df69077cd3065edbbd4c842098,dfine_native,73220.0,unknown_object,0.6737,608.25,159.78,645.35,247.86,3267.5,37.1,88.09,0.421,False,,True,unattributed,17,evt_01-P05_desk_work_surface_0034,fe9112957651495a,native_source_context_fallback,no_pose_observation,2930.7,8.05,,1,01/e1/v1,
corpus_01,01.Candidate was found using a mobile phone in the examination hall..mkv,b842b03e5784d867e93770560d88150a526250df69077cd3065edbbd4c842098,dfine_native,73220.0,monitor_or_bezel,0.2944,578.31,159.2,667.38,254.31,8470.6,89.07,95.1,0.937,False,,True,unattributed,17,evt_01-P05_desk_work_surface_0034,fe9112957651495a,native_source_context_fallback,no_pose_observation,2930.7,8.05,,1,01/e1/v1,
corpus_01,01.Candidate was found using a mobile phone in the examination hall..mkv,b842b03e5784d867e93770560d88150a526250df69077cd3065edbbd4c842098,dfine_native,73500.0,keyboard,0.4903,592.64,321.83,636.55,346.51,1083.7,43.92,24.68,1.78,False,,True,unattributed,9,evt_01-P01_upper_body_0006,3c59806dcf0fad56,pose_hand_context,,7180.9,7.55,,1,01/e1/v1,rtmpose_baseline
corpus_01,01.Candidate was found using a mobile phone in the examination hall..mkv,b842b03e5784d867e93770560d88150a526250df69077cd3065edbbd4c842098,dfine_native,73500.0,unknown_object,0.4054,569.01,313.53,615.28,390.57,3565.1,46.28,77.04,0.601,False,,True,unattributed,9,evt_01-P01_upper_body_0006,3c59806dcf0fad56,pose_hand_context,,7180.9,7.55,,1,01/e1/v1,rtmpose_baseline
corpus_01,01.Candidate was found using a mobile phone in the examination hall..mkv,b842b03e5784d867e93770560d88150a526250df69077cd3065edbbd4c842098,dfine_native,73500.0,unknown_object,0.3971,569.01,313.52,602.97,361.01,1612.5,33.96,47.49,0.715,False,,True,unattributed,9,evt_01-P01_upper_body_0006,3c59806dcf0fad56,pose_hand_context,,7180.9,7.55,,1,01/e1/v1,rtmpose_baseline
corpus_01,01.Candidate was found using a mobile phone in the examination hall..mkv,b842b03e5784d867e93770560d88150a526250df69077cd3065edbbd4c842098,dfine_native,73500.0,unknown_object,0.3045,603.26,364.3,641.57,390.88,1018.2,38.31,26.58,1.441,False,,True,unattributed,9,evt_01-P01_upper_body_0006,3c59806dcf0fad56,pose_hand_context,,7180.9,7.55,,1,01/e1/v1,rtmpose_baseline
corpus_01,01.Candidate was found using a mobile phone in the examination hall..mkv,b842b03e5784d867e93770560d88150a526250df69077cd3065edbbd4c842098,dfine_native,73500.0,unknown_object,0.3944,569.02,313.43,641.37,390.64,5586.1,72.35,77.21,0.937,False,,True,unattributed,9,evt_01-P01_upper_body_0006,3c59806dcf0fad56,pose_hand_context,,7180.9,7.55,,1,01/e1/v1,rtmpose_baseline
corpus_01,01.Candidate was found using a mobile phone in the examination hall..mkv,b842b03e5784d867e93770560d88150a526250df69077cd3065edbbd4c842098,dfine_native,73500.0,unknown_object,0.2924,636.1,310.58,664.0,390.33,2224.9,27.9,79.75,0.35,False,,True,unattributed,9,evt_01-P01_upper_body_0006,3c59806dcf0fad56,pose_hand_context,,7180.9,7.55,,1,01/e1/v1,rtmpose_baseline
corpus_01,01.Candidate was found using a mobile phone in the examination hall..mkv,b842b03e5784d867e93770560d88150a526250df69077cd3065edbbd4c842098,dfine_native,73500.0,unknown_object,0.2989,603.65,364.21,639.39,379.9,560.8,35.74,15.69,2.277,False,,True,unattributed,9,evt_01-P01_upper_body_0006,3c59806dcf0fad56,pose_hand_context,,7180.9,7.55,,1,01/e1/v1,rtmpose_baseline
corpus_01,01.Candidate was found using a mobile phone in the examination hall..mkv,b842b03e5784d867e93770560d88150a526250df69077cd3065edbbd4c842098,dfine_native,73500.0,unknown_object,0.2823,635.96,310.18,661.35,390.2,2031.9,25.39,80.02,0.317,False,,True,unattributed,9,evt_01-P01_upper_body_0006,3c59806dcf0fad56,pose_hand_context,,7180.9,7.55,,1,01/e1/v1,rtmpose_baseline
corpus_01,01.Candidate was found using a mobile phone in the examination hall..mkv,b842b03e5784d867e93770560d88150a526250df69077cd3065edbbd4c842098,dfine_native,73500.0,phone,0.3256,639.43,181.81,654.98,220.15,596.3,15.55,38.34,0.406,False,,True,unattributed,17,evt_01-P01_upper_body_0006,4e30ec986dc2fb7f,native_source_context_fallback,wrist_confidence_below_floor,5328.9,6.97,,1,01/e1/v1,rtmpose_baseline
corpus_01,01.Candidate was found using a mobile phone in the examination hall..mkv,b842b03e5784d867e93770560d88150a526250df69077cd3065edbbd4c842098,dfine_native,73500.0,phone,0.3376,573.94,173.4,639.5,265.42,6032.3,65.55,92.02,0.712,False,,True,unattributed,17,evt_01-P01_upper_body_0006,4e30ec986dc2fb7f,native_source_context_fallback,wrist_confidence_below_floor,5328.9,6.97,,1,01/e1/v1,rtmpose_baseline
corpus_01,01.Candidate was found using a mobile phone in the examination hall..mkv,b842b03e5784d867e93770560d88150a526250df69077cd3065edbbd4c842098,dfine_native,73500.0,phone,0.2905,574.41,195.25,611.49,265.48,2604.3,37.08,70.24,0.528,False,,True,unattributed,17,evt_01-P01_upper_body_0006,4e30ec986dc2fb7f,native_source_context_fallback,wrist_confidence_below_floor,5328.9,6.97,,1,01/e1/v1,rtmpose_baseline
corpus_01,01.Candidate was found using a mobile phone in the examination hall..mkv,b842b03e5784d867e93770560d88150a526250df69077cd3065edbbd4c842098,dfine_native,73500.0,phone,0.257,574.44,195.01,628.59,265.62,3823.9,54.15,70.61,0.767,False,,True,unattributed,17,evt_01-P01_upper_body_0006,4e30ec986dc2fb7f,native_source_context_fallback,wrist_confidence_below_floor,5328.9,6.97,,1,01/e1/v1,rtmpose_baseline
corpus_01,01.Candidate was found using a mobile phone in the examination hall..mkv,b842b03e5784d867e93770560d88150a526250df69077cd3065edbbd4c842098,dfine_native,73500.0,phone,0.2926,567.64,170.06,646.16,265.51,7494.7,78.52,95.45,0.823,False,,True,unattributed,17,evt_01-P01_upper_body_0006,4e30ec986dc2fb7f,native_source_context_fallback,wrist_confidence_below_floor,5328.9,6.97,,1,01/e1/v1,rtmpose_baseline
corpus_01,01.Candidate was found using a mobile phone in the examination hall..mkv,b842b03e5784d867e93770560d88150a526250df69077cd3065edbbd4c842098,dfine_native,74420.0,monitor_or_bezel,0.6653,600.64,330.68,646.93,357.27,1231.1,46.29,26.59,1.741,False,,True,unattributed,9,evt_01-P05_desk_work_surface_0035,2ac1a69f7153fc5d,pose_hand_context,,2304.0,13.33,,1,01/e1/v1,rtmpose_baseline
corpus_01,01.Candidate was found using a mobile phone in the examination hall..mkv,b842b03e5784d867e93770560d88150a526250df69077cd3065edbbd4c842098,dfine_native,74420.0,unknown_object,0.4734,645.07,358.79,684.98,403.86,1798.6,39.91,45.06,0.886,False,,True,unattributed,9,evt_01-P05_desk_work_surface_0035,2ac1a69f7153fc5d,pose_hand_context,,2304.0,13.33,,1,01/e1/v1,rtmpose_baseline
corpus_01,01.Candidate was found using a mobile phone in the examination hall..mkv,b842b03e5784d867e93770560d88150a526250df69077cd3065edbbd4c842098,dfine_native,74420.0,unknown_object,0.2705,589.01,308.13,643.12,360.09,2810.9,54.11,51.95,1.041,False,,True,unattributed,9,evt_01-P05_desk_work_surface_0035,2ac1a69f7153fc5d,pose_hand_context,,2304.0,13.33,,1,01/e1/v1,rtmpose_baseline
corpus_01,01.Candidate was found using a mobile phone in the examination hall..mkv,b842b03e5784d867e93770560d88150a526250df69077cd3065edbbd4c842098,dfine_native,74420.0,unknown_object,0.3116,614.83,371.04,645.83,380.06,279.7,30.99,9.03,3.434,False,,True,unattributed,9,evt_01-P05_desk_work_surface_0035,2ac1a69f7153fc5d,pose_hand_context,,2304.0,13.33,,1,01/e1/v1,rtmpose_baseline
corpus_01,01.Candidate was found using a mobile phone in the examination hall..mkv,b842b03e5784d867e93770560d88150a526250df69077cd3065edbbd4c842098,dfine_native,74420.0,unknown_object,0.323,642.63,308.24,684.98,403.6,4038.1,42.35,95.35,0.444,False,,True,unattributed,9,evt_01-P05_desk_work_surface_0035,2ac1a69f7153fc5d,pose_hand_context,,2304.0,13.33,,1,01/e1/v1,rtmpose_baseline
corpus_01,01.Candidate was found using a mobile phone in the examination hall..mkv,b842b03e5784d867e93770560d88150a526250df69077cd3065edbbd4c842098,dfine_native,74940.0,unknown_object,0.512,587.81,322.11,640.05,371.17,2562.6,52.24,49.05,1.065,False,,True,unattributed,9,evt_01-P01_desk_work_surface_0003,bdd304dc44972606,pose_hand_context,,3740.5,10.46,,1,01/e1/v1,rtmpose_baseline
corpus_01,01.Candidate was found using a mobile phone in the examination hall..mkv,b842b03e5784d867e93770560d88150a526250df69077cd3065edbbd4c842098,dfine_native,74940.0,unknown_object,0.3395,586.05,322.15,681.91,417.66,9155.3,95.86,95.5,1.004,False,,True,unattributed,9,evt_01-P01_desk_work_surface_0003,bdd304dc44972606,pose_hand_context,,3740.5,10.46,,1,01/e1/v1,rtmpose_baseline
corpus_01,01.Candidate was found using a mobile phone in the examination hall..mkv,b842b03e5784d867e93770560d88150a526250df69077cd3065edbbd4c842098,dfine_native,74940.0,unknown_object,0.4591,586.02,322.18,644.13,417.53,5540.3,58.11,95.35,0.609,False,,True,unattributed,9,evt_01-P01_desk_work_surface_0003,bdd304dc44972606,pose_hand_context,,3740.5,10.46,,1,01/e1/v1,rtmpose_baseline
corpus_01,01.Candidate was found using a mobile phone in the examination hall..mkv,b842b03e5784d867e93770560d88150a526250df69077cd3065edbbd4c842098,dfine_native,74940.0,unknown_object,0.3114,588.42,322.06,632.29,341.02,831.5,43.87,18.96,2.314,False,,True,unattributed,9,evt_01-P01_desk_work_surface_0003,bdd304dc44972606,pose_hand_context,,3740.5,10.46,,1,01/e1/v1,rtmpose_baseline
corpus_01,01.Candidate was found using a mobile phone in the examination hall..mkv,b842b03e5784d867e93770560d88150a526250df69077cd3065edbbd4c842098,dfine_native,74940.0,unknown_object,0.2672,630.52,322.14,681.96,379.27,2939.3,51.44,57.14,0.9,False,,True,unattributed,9,evt_01-P01_desk_work_surface_0003,bdd304dc44972606,pose_hand_context,,3740.5,10.46,,1,01/e1/v1,rtmpose_baseline
corpus_01,01.Candidate was found using a mobile phone in the examination hall..mkv,b842b03e5784d867e93770560d88150a526250df69077cd3065edbbd4c842098,dfine_native,74940.0,unknown_object,0.2639,630.64,322.1,681.95,367.66,2338.3,51.31,45.57,1.126,False,,True,unattributed,9,evt_01-P01_desk_work_surface_0003,bdd304dc44972606,pose_hand_context,,3740.5,10.46,,1,01/e1/v1,rtmpose_baseline
corpus_01,01.Candidate was found using a mobile phone in the examination hall..mkv,b842b03e5784d867e93770560d88150a526250df69077cd3065edbbd4c842098,dfine_native,74940.0,unknown_object,0.2537,586.03,322.12,649.16,417.64,6030.7,63.13,95.53,0.661,False,,True,unattributed,9,evt_01-P01_desk_work_surface_0003,bdd304dc44972606,pose_hand_context,,3740.5,10.46,,1,01/e1/v1,rtmpose_baseline
corpus_01,01.Candidate was found using a mobile phone in the examination hall..mkv,b842b03e5784d867e93770560d88150a526250df69077cd3065edbbd4c842098,dfine_native,75420.0,unknown_object,0.5199,549.02,313.19,627.99,421.51,8554.1,78.97,108.32,0.729,False,,True,unattributed,9,evt_01-P05_desk_work_surface_0035,e9b3c6ad6e711642,pose_hand_context,,16332.8,5.01,,1,01/e1/v1,rtmpose_baseline
corpus_01,01.Candidate was found using a mobile phone in the examination hall..mkv,b842b03e5784d867e93770560d88150a526250df69077cd3065edbbd4c842098,dfine_native,75420.0,unknown_object,0.2737,549.07,313.38,603.34,400.17,4710.8,54.27,86.8,0.625,False,,True,unattributed,9,evt_01-P05_desk_work_surface_0035,e9b3c6ad6e711642,pose_hand_context,,16332.8,5.01,,1,01/e1/v1,rtmpose_baseline
corpus_01,01.Candidate was found using a mobile phone in the examination hall..mkv,b842b03e5784d867e93770560d88150a526250df69077cd3065edbbd4c842098,dfine_native,75420.0,unknown_object,0.3597,549.04,294.21,630.07,421.32,10299.0,81.02,127.11,0.637,False,,True,unattributed,9,evt_01-P05_desk_work_surface_0035,e9b3c6ad6e711642,pose_hand_context,,16332.8,5.01,,1,01/e1/v1,rtmpose_baseline
corpus_01,01.Candidate was found using a mobile phone in the examination hall..mkv,b842b03e5784d867e93770560d88150a526250df69077cd3065edbbd4c842098,dfine_native,75420.0,unknown_object,0.2696,549.13,312.3,676.81,421.64,13960.6,127.68,109.34,1.168,False,,True,unattributed,9,evt_01-P05_desk_work_surface_0035,e9b3c6ad6e711642,pose_hand_context,,16332.8,5.01,,1,01/e1/v1,rtmpose_baseline
corpus_01,01.Candidate was found using a mobile phone in the examination hall..mkv,b842b03e5784d867e93770560d88150a526250df69077cd3065edbbd4c842098,dfine_native,75940.0,unknown_object,0.4899,642.18,405.86,689.96,440.68,1663.9,47.78,34.82,1.372,False,,True,unattributed,9,evt_01-P01_desk_work_surface_0003,8bfc1031befa88ed,pose_hand_context,,23494.8,4.18,,1,01/e1/v1,rtmpose_baseline
corpus_01,01.Candidate was found using a mobile phone in the examination hall..mkv,b842b03e5784d867e93770560d88150a526250df69077cd3065edbbd4c842098,dfine_native,75940.0,monitor_or_bezel,0.3681,555.4,313.36,603.07,360.94,2268.3,47.67,47.58,1.002,False,,True,unattributed,9,evt_01-P01_desk_work_surface_0003,8bfc1031befa88ed,pose_hand_context,,23494.8,4.18,,1,01/e1/v1,rtmpose_baseline
corpus_01,01.Candidate was found using a mobile phone in the examination hall..mkv,b842b03e5784d867e93770560d88150a526250df69077cd3065edbbd4c842098,dfine_native,75940.0,monitor_or_bezel,0.5403,537.02,313.56,628.31,431.1,10730.2,91.29,117.54,0.777,False,,True,unattributed,9,evt_01-P01_desk_work_surface_0003,8bfc1031befa88ed,pose_hand_context,,23494.8,4.18,,1,01/e1/v1,rtmpose_baseline
corpus_01,01.Candidate was found using a mobile phone in the examination hall..mkv,b842b03e5784d867e93770560d88150a526250df69077cd3065edbbd4c842098,dfine_native,75940.0,unknown_object,0.3181,608.2,405.62,689.85,440.85,2876.5,81.65,35.23,2.318,False,,True,unattributed,9,evt_01-P01_desk_work_surface_0003,8bfc1031befa88ed,pose_hand_context,,23494.8,4.18,,1,01/e1/v1,rtmpose_baseline
corpus_01,01.Candidate was found using a mobile phone in the examination hall..mkv,b842b03e5784d867e93770560d88150a526250df69077cd3065edbbd4c842098,dfine_native,75940.0,unknown_object,0.2614,537.0,333.87,628.32,430.95,8865.4,91.32,97.08,0.941,False,,True,unattributed,9,evt_01-P01_desk_work_surface_0003,8bfc1031befa88ed,pose_hand_context,,23494.8,4.18,,1,01/e1/v1,rtmpose_baseline
corpus_01,01.Candidate was found using a mobile phone in the examination hall..mkv,b842b03e5784d867e93770560d88150a526250df69077cd3065edbbd4c842098,dfine_native,75980.0,unknown_object,0.6756,713.64,400.08,782.28,431.79,2176.6,68.64,31.71,2.164,False,,True,unattributed,9,evt_01-P04_desk_work_surface_0026,3aea290c2dfbc7aa,pose_hand_context,,23061.5,4.21,,1,01/e1/v1,rtmpose_baseline
corpus_01,01.Candidate was found using a mobile phone in the examination hall..mkv,b842b03e5784d867e93770560d88150a526250df69077cd3065edbbd4c842098,dfine_native,75980.0,unknown_object,0.5282,713.61,368.88,792.06,431.3,4896.9,78.45,62.42,1.257,False,,True,unattributed,9,evt_01-P04_desk_work_surface_0026,3aea290c2dfbc7aa,pose_hand_context,,23061.5,4.21,,1,01/e1/v1,rtmpose_baseline
corpus_01,01.Candidate was found using a mobile phone in the examination hall..mkv,b842b03e5784d867e93770560d88150a526250df69077cd3065edbbd4c842098,dfine_native,75980.0,unknown_object,0.4517,759.0,334.1,796.7,371.7,1416.9,37.69,37.59,1.003,False,,True,unattributed,9,evt_01-P04_desk_work_surface_0026,3aea290c2dfbc7aa,pose_hand_context,,23061.5,4.21,,1,01/e1/v1,rtmpose_baseline
corpus_01,01.Candidate was found using a mobile phone in the examination hall..mkv,b842b03e5784d867e93770560d88150a526250df69077cd3065edbbd4c842098,dfine_native,75980.0,unknown_object,0.5579,723.85,369.43,790.98,407.44,2551.4,67.13,38.01,1.766,False,,True,unattributed,9,evt_01-P04_desk_work_surface_0026,3aea290c2dfbc7aa,pose_hand_context,,23061.5,4.21,,1,01/e1/v1,rtmpose_baseline
corpus_01,01.Candidate was found using a mobile phone in the examination hall..mkv,b842b03e5784d867e93770560d88150a526250df69077cd3065edbbd4c842098,dfine_native,75980.0,stationery,0.4009,750.55,357.03,772.54,362.38,117.6,21.99,5.35,4.11,True,object footprint 118 px is under the 120 px floor for a call,False,unattributed,9,evt_01-P04_desk_work_surface_0026,3aea290c2dfbc7aa,pose_hand_context,,23061.5,4.21,,1,01/e1/v1,rtmpose_baseline
corpus_01,01.Candidate was found using a mobile phone in the examination hall..mkv,b842b03e5784d867e93770560d88150a526250df69077cd3065edbbd4c842098,dfine_native,75980.0,unknown_object,0.6281,649.08,405.82,694.33,431.93,1181.5,45.25,26.11,1.733,False,,True,unattributed,9,evt_01-P04_desk_work_surface_0026,3aea290c2dfbc7aa,pose_hand_context,,23061.5,4.21,,1,01/e1/v1,rtmpose_baseline
corpus_01,01.Candidate was found using a mobile phone in the examination hall..mkv,b842b03e5784d867e93770560d88150a526250df69077cd3065edbbd4c842098,dfine_native,75980.0,unknown_object,0.3207,758.38,304.4,800.9,372.74,2905.7,42.52,68.34,0.622,False,,True,unattributed,9,evt_01-P04_desk_work_surface_0026,3aea290c2dfbc7aa,pose_hand_context,,23061.5,4.21,,1,01/e1/v1,rtmpose_baseline
corpus_01,01.Candidate was found using a mobile phone in the examination hall..mkv,b842b03e5784d867e93770560d88150a526250df69077cd3065edbbd4c842098,dfine_native,75980.0,unknown_object,0.2806,724.85,369.7,791.68,431.05,4100.0,66.84,61.34,1.09,False,,True,unattributed,9,evt_01-P04_desk_work_surface_0026,3aea290c2dfbc7aa,pose_hand_context,,23061.5,4.21,,1,01/e1/v1,rtmpose_baseline
corpus_01,01.Candidate was found using a mobile phone in the examination hall..mkv,b842b03e5784d867e93770560d88150a526250df69077cd3065edbbd4c842098,dfine_native,75980.0,unknown_object,0.4317,748.89,333.87,796.83,372.62,1857.4,47.94,38.75,1.237,False,,True,unattributed,9,evt_01-P04_desk_work_surface_0026,3aea290c2dfbc7aa,pose_hand_context,,23061.5,4.21,,1,01/e1/v1,rtmpose_baseline
corpus_01,01.Candidate was found using a mobile phone in the examination hall..mkv,b842b03e5784d867e93770560d88150a526250df69077cd3065edbbd4c842098,dfine_native,75980.0,stationery,0.3659,727.69,355.94,751.9,362.94,169.4,24.21,7.0,3.459,False,,True,unattributed,9,evt_01-P04_desk_work_surface_0026,3aea290c2dfbc7aa,pose_hand_context,,23061.5,4.21,,1,01/e1/v1,rtmpose_baseline
corpus_01,01.Candidate was found using a mobile phone in the examination hall..mkv,b842b03e5784d867e93770560d88150a526250df69077cd3065edbbd4c842098,dfine_native,75980.0,monitor_or_bezel,0.3687,715.83,284.28,778.77,353.94,4384.8,62.94,69.67,0.903,False,,True,unattributed,9,evt_01-P04_desk_work_surface_0026,3aea290c2dfbc7aa,pose_hand_context,,23061.5,4.21,,1,01/e1/v1,rtmpose_baseline
corpus_01,01.Candidate was found using a mobile phone in the examination hall..mkv,b842b03e5784d867e93770560d88150a526250df69077cd3065edbbd4c842098,dfine_native,75980.0,stationery,0.5248,729.67,356.99,772.49,363.17,264.9,42.82,6.19,6.923,False,,True,unattributed,9,evt_01-P04_desk_work_surface_0026,3aea290c2dfbc7aa,pose_hand_context,,23061.5,4.21,,1,01/e1/v1,rtmpose_baseline
corpus_01,01.Candidate was found using a mobile phone in the examination hall..mkv,b842b03e5784d867e93770560d88150a526250df69077cd3065edbbd4c842098,dfine_native,75980.0,unknown_object,0.2872,746.91,302.57,800.74,373.5,3818.6,53.84,70.93,0.759,False,,True,unattributed,9,evt_01-P04_desk_work_surface_0026,3aea290c2dfbc7aa,pose_hand_context,,23061.5,4.21,,1,01/e1/v1,rtmpose_baseline
corpus_01,01.Candidate was found using a mobile phone in the examination hall..mkv,b842b03e5784d867e93770560d88150a526250df69077cd3065edbbd4c842098,dfine_native,75980.0,unknown_object,0.2941,760.66,333.86,796.4,363.48,1059.0,35.74,29.63,1.206,False,,True,unattributed,9,evt_01-P04_desk_work_surface_0026,3aea290c2dfbc7aa,pose_hand_context,,23061.5,4.21,,1,01/e1/v1,rtmpose_baseline
corpus_01,01.Candidate was found using a mobile phone in the examination hall..mkv,b842b03e5784d867e93770560d88150a526250df69077cd3065edbbd4c842098,dfine_native,75980.0,unknown_object,0.2763,727.08,370.59,783.53,403.38,1850.9,56.45,32.79,1.722,False,,True,unattributed,9,evt_01-P04_desk_work_surface_0026,3aea290c2dfbc7aa,pose_hand_context,,23061.5,4.21,,1,01/e1/v1,rtmpose_baseline
corpus_01,01.Candidate was found using a mobile phone in the examination hall..mkv,b842b03e5784d867e93770560d88150a526250df69077cd3065edbbd4c842098,dfine_native,75980.0,unknown_object,0.3783,713.7,368.17,791.51,408.63,3148.6,77.82,40.46,1.923,False,,True,unattributed,9,evt_01-P04_desk_work_surface_0026,3aea290c2dfbc7aa,pose_hand_context,,23061.5,4.21,,1,01/e1/v1,rtmpose_baseline
corpus_01,01.Candidate was found using a mobile phone in the examination hall..mkv,b842b03e5784d867e93770560d88150a526250df69077cd3065edbbd4c842098,dfine_native,75980.0,unknown_object,0.2526,712.74,309.73,800.74,429.91,10576.1,88.0,120.18,0.732,False,,True,unattributed,9,evt_01-P04_desk_work_surface_0026,3aea290c2dfbc7aa,pose_hand_context,,23061.5,4.21,,1,01/e1/v1,rtmpose_baseline
corpus_01,01.Candidate was found using a mobile phone in the examination hall..mkv,b842b03e5784d867e93770560d88150a526250df69077cd3065edbbd4c842098,dfine_native,75980.0,stationery,0.4073,720.52,355.23,774.83,366.31,602.2,54.31,11.09,4.898,False,,True,unattributed,9,evt_01-P04_desk_work_surface_0026,3aea290c2dfbc7aa,pose_hand_context,,23061.5,4.21,,1,01/e1/v1,rtmpose_baseline
corpus_01,01.Candidate was found using a mobile phone in the examination hall..mkv,b842b03e5784d867e93770560d88150a526250df69077cd3065edbbd4c842098,dfine_native,75980.0,unknown_object,0.2745,711.68,292.57,800.86,430.34,12286.1,89.18,137.77,0.647,False,,True,unattributed,9,evt_01-P04_desk_work_surface_0026,3aea290c2dfbc7aa,pose_hand_context,,23061.5,4.21,,1,01/e1/v1,rtmpose_baseline
corpus_01,01.Candidate was found using a mobile phone in the examination hall..mkv,b842b03e5784d867e93770560d88150a526250df69077cd3065edbbd4c842098,dfine_native,75980.0,unknown_object,0.2692,711.19,334.25,798.6,430.65,8426.6,87.41,96.4,0.907,False,,True,unattributed,9,evt_01-P04_desk_work_surface_0026,3aea290c2dfbc7aa,pose_hand_context,,23061.5,4.21,,1,01/e1/v1,rtmpose_baseline
corpus_01,01.Candidate was found using a mobile phone in the examination hall..mkv,b842b03e5784d867e93770560d88150a526250df69077cd3065edbbd4c842098,dfine_native,75980.0,monitor_or_bezel,0.2726,716.93,296.86,774.69,353.89,3293.7,57.75,57.03,1.013,False,,True,unattributed,9,evt_01-P04_desk_work_surface_0026,3aea290c2dfbc7aa,pose_hand_context,,23061.5,4.21,,1,01/e1/v1,rtmpose_baseline
corpus_01,01.Candidate was found using a mobile phone in the examination hall..mkv,b842b03e5784d867e93770560d88150a526250df69077cd3065edbbd4c842098,dfine_native,75980.0,unknown_object,0.2581,760.8,333.55,796.4,349.83,579.4,35.6,16.28,2.187,False,,True,unattributed,9,evt_01-P04_desk_work_surface_0026,3aea290c2dfbc7aa,pose_hand_context,,23061.5,4.21,,1,01/e1/v1,rtmpose_baseline
corpus_01,01.Candidate was found using a mobile phone in the examination hall..mkv,b842b03e5784d867e93770560d88150a526250df69077cd3065edbbd4c842098,dfine_native,75980.0,stationery,0.2578,726.3,352.43,751.75,362.83,264.7,25.45,10.4,2.447,False,,True,unattributed,9,evt_01-P04_desk_work_surface_0026,3aea290c2dfbc7aa,pose_hand_context,,23061.5,4.21,,1,01/e1/v1,rtmpose_baseline
corpus_01,01.Candidate was found using a mobile phone in the examination hall..mkv,b842b03e5784d867e93770560d88150a526250df69077cd3065edbbd4c842098,dfine_native,76420.0,bag,0.4272,734.34,446.76,799.23,477.77,2012.6,64.88,31.02,2.092,False,,True,unattributed,9,evt_01-P05_desk_work_surface_0035,9dcc6d7eaf748e0a,pose_hand_context,,24661.6,4.08,,1,01/e1/v1,rtmpose_baseline
corpus_01,01.Candidate was found using a mobile phone in the examination hall..mkv,b842b03e5784d867e93770560d88150a526250df69077cd3065edbbd4c842098,dfine_native,76420.0,bag,0.406,670.0,405.81,694.47,477.38,1751.0,24.47,71.56,0.342,False,,True,unattributed,9,evt_01-P05_desk_work_surface_0035,9dcc6d7eaf748e0a,pose_hand_context,,24661.6,4.08,,1,01/e1/v1,rtmpose_baseline
corpus_01,01.Candidate was found using a mobile phone in the examination hall..mkv,b842b03e5784d867e93770560d88150a526250df69077cd3065edbbd4c842098,dfine_native,76420.0,unknown_object,0.3956,716.13,401.8,775.92,427.64,1545.1,59.8,25.84,2.314,False,,True,unattributed,9,evt_01-P05_desk_work_surface_0035,9dcc6d7eaf748e0a,pose_hand_context,,24661.6,4.08,,1,01/e1/v1,rtmpose_baseline
corpus_01,01.Candidate was found using a mobile phone in the examination hall..mkv,b842b03e5784d867e93770560d88150a526250df69077cd3065edbbd4c842098,dfine_native,76420.0,bag,0.3118,732.86,334.03,821.84,474.9,12535.7,88.98,140.88,0.632,False,,True,unattributed,9,evt_01-P05_desk_work_surface_0035,9dcc6d7eaf748e0a,pose_hand_context,,24661.6,4.08,,1,01/e1/v1,rtmpose_baseline
corpus_01,01.Candidate was found using a mobile phone in the examination hall..mkv,b842b03e5784d867e93770560d88150a526250df69077cd3065edbbd4c842098,dfine_native,76420.0,unknown_object,0.2859,750.74,333.59,816.79,414.75,5360.5,66.05,81.16,0.814,False,,True,unattributed,9,evt_01-P05_desk_work_surface_0035,9dcc6d7eaf748e0a,pose_hand_context,,24661.6,4.08,,1,01/e1/v1,rtmpose_baseline
corpus_01,01.Candidate was found using a mobile phone in the examination hall..mkv,b842b03e5784d867e93770560d88150a526250df69077cd3065edbbd4c842098,dfine_native,76420.0,bag,0.3582,772.18,338.68,820.24,466.03,6121.8,48.07,127.35,0.377,False,,True,unattributed,9,evt_01-P05_desk_work_surface_0035,9dcc6d7eaf748e0a,pose_hand_context,,24661.6,4.08,,1,01/e1/v1,rtmpose_baseline
corpus_01,01.Candidate was found using a mobile phone in the examination hall..mkv,b842b03e5784d867e93770560d88150a526250df69077cd3065edbbd4c842098,dfine_native,76420.0,bag,0.4599,754.66,334.76,820.32,466.33,8639.1,65.66,131.57,0.499,False,,True,unattributed,9,evt_01-P05_desk_work_surface_0035,9dcc6d7eaf748e0a,pose_hand_context,,24661.6,4.08,,1,01/e1/v1,rtmpose_baseline
corpus_01,01.Candidate was found using a mobile phone in the examination hall..mkv,b842b03e5784d867e93770560d88150a526250df69077cd3065edbbd4c842098,dfine_native,76420.0,unknown_object,0.3221,750.22,334.37,796.27,412.48,3597.1,46.05,78.11,0.59,False,,True,unattributed,9,evt_01-P05_desk_work_surface_0035,9dcc6d7eaf748e0a,pose_hand_context,,24661.6,4.08,,1,01/e1/v1,rtmpose_baseline
corpus_01,01.Candidate was found using a mobile phone in the examination hall..mkv,b842b03e5784d867e93770560d88150a526250df69077cd3065edbbd4c842098,dfine_native,76420.0,bag,0.3063,734.37,446.56,824.68,477.83,2823.6,90.31,31.27,2.888,False,,True,unattributed,9,evt_01-P05_desk_work_surface_0035,9dcc6d7eaf748e0a,pose_hand_context,,24661.6,4.08,,1,01/e1/v1,rtmpose_baseline
corpus_01,01.Candidate was found using a mobile phone in the examination hall..mkv,b842b03e5784d867e93770560d88150a526250df69077cd3065edbbd4c842098,dfine_native,76420.0,bag,0.2981,738.01,333.96,820.77,465.86,10916.0,82.76,131.9,0.627,False,,True,unattributed,9,evt_01-P05_desk_work_surface_0035,9dcc6d7eaf748e0a,pose_hand_context,,24661.6,4.08,,1,01/e1/v1,rtmpose_baseline
corpus_01,01.Candidate was found using a mobile phone in the examination hall..mkv,b842b03e5784d867e93770560d88150a526250df69077cd3065edbbd4c842098,dfine_native,76420.0,unknown_object,0.2904,750.63,334.96,795.07,404.92,3109.1,44.44,69.96,0.635,False,,True,unattributed,9,evt_01-P05_desk_work_surface_0035,9dcc6d7eaf748e0a,pose_hand_context,,24661.6,4.08,,1,01/e1/v1,rtmpose_baseline
corpus_01,01.Candidate was found using a mobile phone in the examination hall..mkv,b842b03e5784d867e93770560d88150a526250df69077cd3065edbbd4c842098,dfine_native,76500.0,bag,0.2941,740.51,445.84,800.52,479.77,2036.3,60.0,33.94,1.768,False,,True,unattributed,9,evt_01-P01_upper_body_0007,d95e0fe029164d59,pose_hand_context,,25850.2,3.98,,1,01/e1/v1,rtmpose_baseline
corpus_01,01.Candidate was found using a mobile phone in the examination hall..mkv,b842b03e5784d867e93770560d88150a526250df69077cd3065edbbd4c842098,dfine_native,76500.0,bag,0.3432,740.62,445.6,824.77,479.85,2882.6,84.15,34.25,2.457,False,,True,unattributed,9,evt_01-P01_upper_body_0007,d95e0fe029164d59,pose_hand_context,,25850.2,3.98,,1,01/e1/v1,rtmpose_baseline
corpus_01,01.Candidate was found using a mobile phone in the examination hall..mkv,b842b03e5784d867e93770560d88150a526250df69077cd3065edbbd4c842098,dfine_native,76500.0,bag,0.4863,759.08,333.49,821.8,463.73,8169.0,62.72,130.24,0.482,False,,True,unattributed,9,evt_01-P01_upper_body_0007,d95e0fe029164d59,pose_hand_context,,25850.2,3.98,,1,01/e1/v1,rtmpose_baseline
corpus_01,01.Candidate was found using a mobile phone in the examination hall..mkv,b842b03e5784d867e93770560d88150a526250df69077cd3065edbbd4c842098,dfine_native,76500.0,bag,0.3609,671.01,403.66,694.82,479.31,1801.3,23.81,75.65,0.315,False,,True,unattributed,9,evt_01-P01_upper_body_0007,d95e0fe029164d59,pose_hand_context,,25850.2,3.98,,1,01/e1/v1,rtmpose_baseline
corpus_01,01.Candidate was found using a mobile phone in the examination hall..mkv,b842b03e5784d867e93770560d88150a526250df69077cd3065edbbd4c842098,dfine_native,76500.0,bag,0.3022,692.21,428.87,749.22,479.73,2900.0,57.02,50.86,1.121,False,,True,unattributed,9,evt_01-P01_upper_body_0007,d95e0fe029164d59,pose_hand_context,,25850.2,3.98,,1,01/e1/v1,rtmpose_baseline
corpus_01,01.Candidate was found using a mobile phone in the examination hall..mkv,b842b03e5784d867e93770560d88150a526250df69077cd3065edbbd4c842098,dfine_native,76500.0,bag,0.3142,758.96,333.55,827.17,478.65,9897.7,68.21,145.1,0.47,False,,True,unattributed,9,evt_01-P01_upper_body_0007,d95e0fe029164d59,pose_hand_context,,25850.2,3.98,,1,01/e1/v1,rtmpose_baseline
corpus_01,01.Candidate was found using a mobile phone in the examination hall..mkv,b842b03e5784d867e93770560d88150a526250df69077cd3065edbbd4c842098,dfine_native,76500.0,bag,0.2802,741.53,333.9,825.35,478.94,12157.4,83.82,145.03,0.578,False,,True,unattributed,9,evt_01-P01_upper_body_0007,d95e0fe029164d59,pose_hand_context,,25850.2,3.98,,1,01/e1/v1,rtmpose_baseline
corpus_01,01.Candidate was found using a mobile phone in the examination hall..mkv,b842b03e5784d867e93770560d88150a526250df69077cd3065edbbd4c842098,dfine_native,76500.0,unknown_object,0.3039,712.4,406.89,773.46,435.41,1741.6,61.05,28.53,2.14,False,,True,unattributed,9,evt_01-P01_upper_body_0007,d95e0fe029164d59,pose_hand_context,,25850.2,3.98,,1,01/e1/v1,rtmpose_baseline
corpus_01,01.Candidate was found using a mobile phone in the examination hall..mkv,b842b03e5784d867e93770560d88150a526250df69077cd3065edbbd4c842098,dfine_native,76940.0,phone,0.4777,639.06,368.92,659.02,378.25,186.1,19.95,9.32,2.14,False,,True,unattributed,9,evt_01-P01_desk_work_surface_0003,73cf7ab46a760cec,pose_hand_context,,26134.0,3.96,,1,01/e1/v1,rtmpose_baseline
corpus_01,01.Candidate was found using a mobile phone in the examination hall..mkv,b842b03e5784d867e93770560d88150a526250df69077cd3065edbbd4c842098,dfine_native,76940.0,bag,0.3921,633.67,408.23,698.21,481.11,4703.7,64.54,72.88,0.886,False,,True,unattributed,9,evt_01-P01_desk_work_surface_0003,73cf7ab46a760cec,pose_hand_context,,26134.0,3.96,,1,01/e1/v1,rtmpose_baseline
corpus_01,01.Candidate was found using a mobile phone in the examination hall..mkv,b842b03e5784d867e93770560d88150a526250df69077cd3065edbbd4c842098,dfine_native,76940.0,unknown_object,0.3144,588.01,320.24,676.32,430.56,9742.3,88.31,110.32,0.8,False,,True,unattributed,9,evt_01-P01_desk_work_surface_0003,73cf7ab46a760cec,pose_hand_context,,26134.0,3.96,,1,01/e1/v1,rtmpose_baseline
corpus_01,01.Candidate was found using a mobile phone in the examination hall..mkv,b842b03e5784d867e93770560d88150a526250df69077cd3065edbbd4c842098,dfine_native,76940.0,unknown_object,0.2567,607.91,451.48,639.51,481.69,954.6,31.6,30.21,1.046,False,,True,unattributed,9,evt_01-P01_desk_work_surface_0003,73cf7ab46a760cec,pose_hand_context,,26134.0,3.96,,1,01/e1/v1,rtmpose_baseline
corpus_01,01.Candidate was found using a mobile phone in the examination hall..mkv,b842b03e5784d867e93770560d88150a526250df69077cd3065edbbd4c842098,dfine_native,76940.0,unknown_object,0.3238,588.75,407.97,699.21,481.47,8119.2,110.46,73.5,1.503,False,,True,unattributed,9,evt_01-P01_desk_work_surface_0003,73cf7ab46a760cec,pose_hand_context,,26134.0,3.96,,1,01/e1/v1,rtmpose_baseline
corpus_01,01.Candidate was found using a mobile phone in the examination hall..mkv,b842b03e5784d867e93770560d88150a526250df69077cd3065edbbd4c842098,dfine_native,76940.0,bag,0.2657,633.18,407.8,710.8,481.44,5716.2,77.63,73.64,1.054,False,,True,unattributed,9,evt_01-P01_desk_work_surface_0003,73cf7ab46a760cec,pose_hand_context,,26134.0,3.96,,1,01/e1/v1,rtmpose_baseline
corpus_01,01.Candidate was found using a mobile phone in the examination hall..mkv,b842b03e5784d867e93770560d88150a526250df69077cd3065edbbd4c842098,dfine_native,76940.0,unknown_object,0.3703,588.02,320.23,676.65,463.67,12714.0,88.64,143.44,0.618,False,,True,unattributed,9,evt_01-P01_desk_work_surface_0003,73cf7ab46a760cec,pose_hand_context,,26134.0,3.96,,1,01/e1/v1,rtmpose_baseline
corpus_01,01.Candidate was found using a mobile phone in the examination hall..mkv,b842b03e5784d867e93770560d88150a526250df69077cd3065edbbd4c842098,dfine_native,76980.0,mouse,0.4012,639.01,368.97,659.05,378.42,189.2,20.04,9.44,2.122,False,,True,unattributed,9,evt_01-P04_desk_work_surface_0026,0367ccb78cbbacf8,pose_hand_context,,26712.6,3.92,,1,01/e1/v1,rtmpose_baseline
corpus_01,01.Candidate was found using a mobile phone in the examination hall..mkv,b842b03e5784d867e93770560d88150a526250df69077cd3065edbbd4c842098,dfine_native,76980.0,unknown_object,0.3118,633.13,411.56,696.18,482.24,4456.4,63.05,70.68,0.892,False,,True,unattributed,9,evt_01-P04_desk_work_surface_0026,0367ccb78cbbacf8,pose_hand_context,,26712.6,3.92,,1,01/e1/v1,rtmpose_baseline
corpus_01,01.Candidate was found using a mobile phone in the examination hall..mkv,b842b03e5784d867e93770560d88150a526250df69077cd3065edbbd4c842098,dfine_native,76980.0,unknown_object,0.2655,586.93,319.24,678.89,430.64,10244.4,91.96,111.4,0.825,False,,True,unattributed,9,evt_01-P04_desk_work_surface_0026,0367ccb78cbbacf8,pose_hand_context,,26712.6,3.92,,1,01/e1/v1,rtmpose_baseline
corpus_01,01.Candidate was found using a mobile phone in the examination hall..mkv,b842b03e5784d867e93770560d88150a526250df69077cd3065edbbd4c842098,dfine_native,76980.0,unknown_object,0.2678,607.83,451.19,639.5,482.82,1001.8,31.67,31.63,1.001,False,,True,unattributed,9,evt_01-P04_desk_work_surface_0026,0367ccb78cbbacf8,pose_hand_context,,26712.6,3.92,,1,01/e1/v1,rtmpose_baseline
corpus_01,01.Candidate was found using a mobile phone in the examination hall..mkv,b842b03e5784d867e93770560d88150a526250df69077cd3065edbbd4c842098,dfine_native,76980.0,unknown_object,0.3088,586.83,319.2,678.18,463.6,13190.4,91.35,144.39,0.633,False,,True,unattributed,9,evt_01-P04_desk_work_surface_0026,0367ccb78cbbacf8,pose_hand_context,,26712.6,3.92,,1,01/e1/v1,rtmpose_baseline
corpus_01,01.Candidate was found using a mobile phone in the examination hall..mkv,b842b03e5784d867e93770560d88150a526250df69077cd3065edbbd4c842098,dfine_native,76980.0,unknown_object,0.2651,589.84,408.56,696.33,482.46,7869.0,106.49,73.9,1.441,False,,True,unattributed,9,evt_01-P04_desk_work_surface_0026,0367ccb78cbbacf8,pose_hand_context,,26712.6,3.92,,1,01/e1/v1,rtmpose_baseline
corpus_01,01.Candidate was found using a mobile phone in the examination hall..mkv,b842b03e5784d867e93770560d88150a526250df69077cd3065edbbd4c842098,dfine_native,77420.0,unknown_object,0.7906,780.67,334.43,825.82,492.68,7145.0,45.15,158.25,0.285,False,,True,unattributed,9,evt_01-P05_desk_work_surface_0035,c6928d0fe12dbece,pose_hand_context,,29646.0,3.72,,1,01/e1/v1,rtmpose_baseline
corpus_01,01.Candidate was found using a mobile phone in the examination hall..mkv,b842b03e5784d867e93770560d88150a526250df69077cd3065edbbd4c842098,dfine_native,77420.0,unknown_object,0.5292,794.43,333.47,848.93,434.92,5528.5,54.49,101.45,0.537,False,,True,unattributed,9,evt_01-P05_desk_work_surface_0035,c6928d0fe12dbece,pose_hand_context,,29646.0,3.72,,1,01/e1/v1,rtmpose_baseline
corpus_01,01.Candidate was found using a mobile phone in the examination hall..mkv,b842b03e5784d867e93770560d88150a526250df69077cd3065edbbd4c842098,dfine_native,77420.0,unknown_object,0.5316,706.9,420.67,750.88,465.36,1965.6,43.98,44.69,0.984,False,,True,unattributed,9,evt_01-P05_desk_work_surface_0035,c6928d0fe12dbece,pose_hand_context,,29646.0,3.72,,1,01/e1/v1,rtmpose_baseline
corpus_01,01.Candidate was found using a mobile phone in the examination hall..mkv,b842b03e5784d867e93770560d88150a526250df69077cd3065edbbd4c842098,dfine_native,77420.0,unknown_object,0.2969,817.01,377.6,848.92,434.8,1825.2,31.91,57.2,0.558,False,,True,unattributed,9,evt_01-P05_desk_work_surface_0035,c6928d0fe12dbece,pose_hand_context,,29646.0,3.72,,1,01/e1/v1,rtmpose_baseline
corpus_01,01.Candidate was found using a mobile phone in the examination hall..mkv,b842b03e5784d867e93770560d88150a526250df69077cd3065edbbd4c842098,dfine_native,77420.0,unknown_object,0.2701,781.49,333.95,848.92,454.23,8110.7,67.43,120.28,0.561,False,,True,unattributed,9,evt_01-P05_desk_work_surface_0035,c6928d0fe12dbece,pose_hand_context,,29646.0,3.72,,1,01/e1/v1,rtmpose_baseline
corpus_01,01.Candidate was found using a mobile phone in the examination hall..mkv,b842b03e5784d867e93770560d88150a526250df69077cd3065edbbd4c842098,dfine_native,77420.0,unknown_object,0.3287,816.06,333.82,848.89,434.77,3313.8,32.83,100.95,0.325,False,,True,unattributed,9,evt_01-P05_desk_work_surface_0035,c6928d0fe12dbece,pose_hand_context,,29646.0,3.72,,1,01/e1/v1,rtmpose_baseline
corpus_01,01.Candidate was found using a mobile phone in the examination hall..mkv,b842b03e5784d867e93770560d88150a526250df69077cd3065edbbd4c842098,dfine_native,77500.0,mouse,0.5607,639.09,368.89,658.23,378.04,175.2,19.15,9.15,2.093,False,,True,unattributed,9,evt_01-P01_upper_body_0007,5abceb2ac73ca5b7,pose_hand_context,,28446.2,3.79,,1,01/e1/v1,rtmpose_baseline
corpus_01,01.Candidate was found using a mobile phone in the examination hall..mkv,b842b03e5784d867e93770560d88150a526250df69077cd3065edbbd4c842098,dfine_native,77500.0,bag,0.3979,631.97,418.91,687.58,485.19,3686.4,55.61,66.28,0.839,False,,True,unattributed,9,evt_01-P01_upper_body_0007,5abceb2ac73ca5b7,pose_hand_context,,28446.2,3.79,,1,01/e1/v1,rtmpose_baseline
corpus_01,01.Candidate was found using a mobile phone in the examination hall..mkv,b842b03e5784d867e93770560d88150a526250df69077cd3065edbbd4c842098,dfine_native,77500.0,unknown_object,0.2782,586.0,318.26,687.28,430.7,11387.7,101.28,112.44,0.901,False,,True,unattributed,9,evt_01-P01_upper_body_0007,5abceb2ac73ca5b7,pose_hand_context,,28446.2,3.79,,1,01/e1/v1,rtmpose_baseline
corpus_01,01.Candidate was found using a mobile phone in the examination hall..mkv,b842b03e5784d867e93770560d88150a526250df69077cd3065edbbd4c842098,dfine_native,77500.0,unknown_object,0.2633,585.97,318.26,688.36,479.13,16471.8,102.39,160.88,0.636,False,,True,unattributed,9,evt_01-P01_upper_body_0007,5abceb2ac73ca5b7,pose_hand_context,,28446.2,3.79,,1,01/e1/v1,rtmpose_baseline
corpus_01,01.Candidate was found using a mobile phone in the examination hall..mkv,b842b03e5784d867e93770560d88150a526250df69077cd3065edbbd4c842098,dfine_native,77500.0,unknown_object,0.3609,710.14,429.29,752.2,448.19,794.9,42.06,18.9,2.225,False,,True,unattributed,9,evt_01-P01_upper_body_0007,5abceb2ac73ca5b7,pose_hand_context,,28446.2,3.79,,1,01/e1/v1,rtmpose_baseline
corpus_01,01.Candidate was found using a mobile phone in the examination hall..mkv,b842b03e5784d867e93770560d88150a526250df69077cd3065edbbd4c842098,dfine_native,77500.0,unknown_object,0.255,586.37,451.72,639.24,485.91,1807.7,52.87,34.19,1.546,False,,True,unattributed,9,evt_01-P01_upper_body_0007,5abceb2ac73ca5b7,pose_hand_context,,28446.2,3.79,,1,01/e1/v1,rtmpose_baseline
corpus_01,01.Candidate was found using a mobile phone in the examination hall..mkv,b842b03e5784d867e93770560d88150a526250df69077cd3065edbbd4c842098,dfine_native,77500.0,unknown_object,0.2663,607.66,451.94,639.52,485.3,1062.6,31.85,33.36,0.955,False,,True,unattributed,9,evt_01-P01_upper_body_0007,5abceb2ac73ca5b7,pose_hand_context,,28446.2,3.79,,1,01/e1/v1,rtmpose_baseline
corpus_01,01.Candidate was found using a mobile phone in the examination hall..mkv,b842b03e5784d867e93770560d88150a526250df69077cd3065edbbd4c842098,dfine_native,77500.0,unknown_object,0.2606,586.69,418.73,686.93,485.63,6706.1,100.24,66.9,1.498,False,,True,unattributed,9,evt_01-P01_upper_body_0007,5abceb2ac73ca5b7,pose_hand_context,,28446.2,3.79,,1,01/e1/v1,rtmpose_baseline
corpus_01,01.Candidate was found using a mobile phone in the examination hall..mkv,b842b03e5784d867e93770560d88150a526250df69077cd3065edbbd4c842098,dfine_native,77540.0,unknown_object,0.6316,775.09,335.25,826.3,493.25,8090.5,51.21,158.0,0.324,False,,True,unattributed,9,evt_01-P03_desk_work_surface_0016,9b9b0756948b0f5a,pose_hand_context,,29852.9,3.7,,1,01/e1/v1,rtmpose_baseline
corpus_01,01.Candidate was found using a mobile phone in the examination hall..mkv,b842b03e5784d867e93770560d88150a526250df69077cd3065edbbd4c842098,dfine_native,77540.0,unknown_object,0.4973,791.73,335.21,846.99,434.26,5474.0,55.26,99.05,0.558,False,,True,unattributed,9,evt_01-P03_desk_work_surface_0016,9b9b0756948b0f5a,pose_hand_context,,29852.9,3.7,,1,01/e1/v1,rtmpose_baseline
corpus_01,01.Candidate was found using a mobile phone in the examination hall..mkv,b842b03e5784d867e93770560d88150a526250df69077cd3065edbbd4c842098,dfine_native,77540.0,unknown_object,0.3272,710.62,430.56,755.32,446.93,731.5,44.7,16.37,2.731,False,,True,unattributed,9,evt_01-P03_desk_work_surface_0016,9b9b0756948b0f5a,pose_hand_context,,29852.9,3.7,,1,01/e1/v1,rtmpose_baseline
corpus_01,01.Candidate was found using a mobile phone in the examination hall..mkv,b842b03e5784d867e93770560d88150a526250df69077cd3065edbbd4c842098,dfine_native,77540.0,unknown_object,0.2978,792.12,335.19,843.71,411.71,3947.7,51.59,76.53,0.674,False,,True,unattributed,9,evt_01-P03_desk_work_surface_0016,9b9b0756948b0f5a,pose_hand_context,,29852.9,3.7,,1,01/e1/v1,rtmpose_baseline
corpus_01,01.Candidate was found using a mobile phone in the examination hall..mkv,b842b03e5784d867e93770560d88150a526250df69077cd3065edbbd4c842098,dfine_native,77540.0,unknown_object,0.2792,816.97,378.85,846.95,434.41,1665.3,29.97,55.56,0.539,False,,True,unattributed,9,evt_01-P03_desk_work_surface_0016,9b9b0756948b0f5a,pose_hand_context,,29852.9,3.7,,1,01/e1/v1,rtmpose_baseline
corpus_01,01.Candidate was found using a mobile phone in the examination hall..mkv,b842b03e5784d867e93770560d88150a526250df69077cd3065edbbd4c842098,dfine_native,77540.0,unknown_object,0.3274,816.04,335.4,847.12,434.12,3068.8,31.08,98.72,0.315,False,,True,unattributed,9,evt_01-P03_desk_work_surface_0016,9b9b0756948b0f5a,pose_hand_context,,29852.9,3.7,,1,01/e1/v1,rtmpose_baseline
corpus_01,01.Candidate was found using a mobile phone in the examination hall..mkv,b842b03e5784d867e93770560d88150a526250df69077cd3065edbbd4c842098,dfine_native,77540.0,unknown_object,0.2502,819.33,335.37,844.39,411.63,1911.2,25.06,76.26,0.329,False,,True,unattributed,9,evt_01-P03_desk_work_surface_0016,9b9b0756948b0f5a,pose_hand_context,,29852.9,3.7,,1,01/e1/v1,rtmpose_baseline
corpus_01,01.Candidate was found using a mobile phone in the examination hall..mkv,b842b03e5784d867e93770560d88150a526250df69077cd3065edbbd4c842098,dfine_native,77940.0,unknown_object,0.5406,667.16,425.48,734.46,444.67,1291.8,67.31,19.19,3.507,False,,True,unattributed,9,evt_01-P01_desk_work_surface_0003,4488b8cb51dd240e,pose_hand_context,,33087.6,3.52,,1,01/e1/v1,rtmpose_baseline
corpus_01,01.Candidate was found using a mobile phone in the examination hall..mkv,b842b03e5784d867e93770560d88150a526250df69077cd3065edbbd4c842098,dfine_native,77940.0,unknown_object,0.4889,627.58,437.78,668.34,528.4,3693.6,40.76,90.61,0.45,False,,True,unattributed,9,evt_01-P01_desk_work_surface_0003,4488b8cb51dd240e,pose_hand_context,,33087.6,3.52,,1,01/e1/v1,rtmpose_baseline
corpus_01,01.Candidate was found using a mobile phone in the examination hall..mkv,b842b03e5784d867e93770560d88150a526250df69077cd3065edbbd4c842098,dfine_native,77940.0,unknown_object,0.3294,579.99,347.45,645.38,474.75,8324.0,65.39,127.3,0.514,False,,True,unattributed,9,evt_01-P01_desk_work_surface_0003,4488b8cb51dd240e,pose_hand_context,,33087.6,3.52,,1,01/e1/v1,rtmpose_baseline
corpus_01,01.Candidate was found using a mobile phone in the examination hall..mkv,b842b03e5784d867e93770560d88150a526250df69077cd3065edbbd4c842098,dfine_native,77940.0,unknown_object,0.3465,608.51,450.97,639.76,496.86,1433.8,31.24,45.89,0.681,False,,True,unattributed,9,evt_01-P01_desk_work_surface_0003,4488b8cb51dd240e,pose_hand_context,,33087.6,3.52,,1,01/e1/v1,rtmpose_baseline
corpus_01,01.Candidate was found using a mobile phone in the examination hall..mkv,b842b03e5784d867e93770560d88150a526250df69077cd3065edbbd4c842098,dfine_native,77940.0,unknown_object,0.3223,590.33,437.7,668.22,528.44,7067.4,77.89,90.74,0.858,False,,True,unattributed,9,evt_01-P01_desk_work_surface_0003,4488b8cb51dd240e,pose_hand_context,,33087.6,3.52,,1,01/e1/v1,rtmpose_baseline
corpus_01,01.Candidate was found using a mobile phone in the examination hall..mkv,b842b03e5784d867e93770560d88150a526250df69077cd3065edbbd4c842098,dfine_native,77940.0,unknown_object,0.3396,580.31,451.26,639.54,527.98,4544.2,59.23,76.72,0.772,False,,True,unattributed,9,evt_01-P01_desk_work_surface_0003,4488b8cb51dd240e,pose_hand_context,,33087.6,3.52,,1,01/e1/v1,rtmpose_baseline
corpus_01,01.Candidate was found using a mobile phone in the examination hall..mkv,b842b03e5784d867e93770560d88150a526250df69077cd3065edbbd4c842098,dfine_native,77940.0,unknown_object,0.4524,580.2,437.56,668.03,528.42,7980.0,87.83,90.86,0.967,False,,True,unattributed,9,evt_01-P01_desk_work_surface_0003,4488b8cb51dd240e,pose_hand_context,,33087.6,3.52,,1,01/e1/v1,rtmpose_baseline
corpus_01,01.Candidate was found using a mobile phone in the examination hall..mkv,b842b03e5784d867e93770560d88150a526250df69077cd3065edbbd4c842098,dfine_native,77940.0,unknown_object,0.2962,580.03,426.0,619.95,472.68,1863.6,39.93,46.68,0.855,False,,True,unattributed,9,evt_01-P01_desk_work_surface_0003,4488b8cb51dd240e,pose_hand_context,,33087.6,3.52,,1,01/e1/v1,rtmpose_baseline
corpus_01,01.Candidate was found using a mobile phone in the examination hall..mkv,b842b03e5784d867e93770560d88150a526250df69077cd3065edbbd4c842098,dfine_native,77940.0,unknown_object,0.2576,579.98,347.48,645.48,430.0,5404.8,65.5,82.52,0.794,False,,True,unattributed,9,evt_01-P01_desk_work_surface_0003,4488b8cb51dd240e,pose_hand_context,,33087.6,3.52,,1,01/e1/v1,rtmpose_baseline
corpus_01,01.Candidate was found using a mobile phone in the examination hall..mkv,b842b03e5784d867e93770560d88150a526250df69077cd3065edbbd4c842098,dfine_native,77940.0,unknown_object,0.2856,579.99,347.51,645.45,526.65,11726.2,65.46,179.14,0.365,False,,True,unattributed,9,evt_01-P01_desk_work_surface_0003,4488b8cb51dd240e,pose_hand_context,,33087.6,3.52,,1,01/e1/v1,rtmpose_baseline
corpus_01,01.Candidate was found using a mobile phone in the examination hall..mkv,b842b03e5784d867e93770560d88150a526250df69077cd3065edbbd4c842098,dfine_native,77980.0,unknown_object,0.5349,578.07,451.62,639.53,532.06,4944.0,61.46,80.44,0.764,False,,True,unattributed,9,evt_01-P04_desk_work_surface_0026,b87cefe41c4fb67b,pose_hand_context,,34998.9,3.42,,1,01/e1/v1,rtmpose_baseline
corpus_01,01.Candidate was found using a mobile phone in the examination hall..mkv,b842b03e5784d867e93770560d88150a526250df69077cd3065edbbd4c842098,dfine_native,77980.0,unknown_object,0.5869,666.5,425.54,736.0,447.73,1542.4,69.5,22.19,3.132,False,,True,unattributed,9,evt_01-P04_desk_work_surface_0026,b87cefe41c4fb67b,pose_hand_context,,34998.9,3.42,,1,01/e1/v1,rtmpose_baseline
corpus_01,01.Candidate was found using a mobile phone in the examination hall..mkv,b842b03e5784d867e93770560d88150a526250df69077cd3065edbbd4c842098,dfine_native,77980.0,unknown_object,0.5204,577.99,346.57,645.2,474.61,8605.8,67.21,128.04,0.525,False,,True,unattributed,9,evt_01-P04_desk_work_surface_0026,b87cefe41c4fb67b,pose_hand_context,,34998.9,3.42,,1,01/e1/v1,rtmpose_baseline
corpus_01,01.Candidate was found using a mobile phone in the examination hall..mkv,b842b03e5784d867e93770560d88150a526250df69077cd3065edbbd4c842098,dfine_native,77980.0,bag,0.3882,627.0,438.94,667.2,532.52,3762.5,40.2,93.58,0.43,False,,True,unattributed,9,evt_01-P04_desk_work_surface_0026,b87cefe41c4fb67b,pose_hand_context,,34998.9,3.42,,1,01/e1/v1,rtmpose_baseline
corpus_01,01.Candidate was found using a mobile phone in the examination hall..mkv,b842b03e5784d867e93770560d88150a526250df69077cd3065edbbd4c842098,dfine_native,77980.0,unknown_object,0.3293,578.03,510.26,615.98,533.07,865.4,37.94,22.81,1.664,False,,True,unattributed,9,evt_01-P04_desk_work_surface_0026,b87cefe41c4fb67b,pose_hand_context,,34998.9,3.42,,1,01/e1/v1,rtmpose_baseline
corpus_01,01.Candidate was found using a mobile phone in the examination hall..mkv,b842b03e5784d867e93770560d88150a526250df69077cd3065edbbd4c842098,dfine_native,77980.0,unknown_object,0.4039,577.98,346.56,645.11,430.12,5608.6,67.12,83.56,0.803,False,,True,unattributed,9,evt_01-P04_desk_work_surface_0026,b87cefe41c4fb67b,pose_hand_context,,34998.9,3.42,,1,01/e1/v1,rtmpose_baseline
corpus_01,01.Candidate was found using a mobile phone in the examination hall..mkv,b842b03e5784d867e93770560d88150a526250df69077cd3065edbbd4c842098,dfine_native,77980.0,unknown_object,0.3011,578.02,346.85,620.28,429.84,3507.3,42.26,82.99,0.509,False,,True,unattributed,9,evt_01-P04_desk_work_surface_0026,b87cefe41c4fb67b,pose_hand_context,,34998.9,3.42,,1,01/e1/v1,rtmpose_baseline
corpus_01,01.Candidate was found using a mobile phone in the examination hall..mkv,b842b03e5784d867e93770560d88150a526250df69077cd3065edbbd4c842098,dfine_native,77980.0,unknown_object,0.3011,578.03,346.27,666.07,475.26,11355.2,88.03,128.99,0.682,False,,True,unattributed,9,evt_01-P04_desk_work_surface_0026,b87cefe41c4fb67b,pose_hand_context,,34998.9,3.42,,1,01/e1/v1,rtmpose_baseline
corpus_01,01.Candidate was found using a mobile phone in the examination hall..mkv,b842b03e5784d867e93770560d88150a526250df69077cd3065edbbd4c842098,dfine_native,77980.0,unknown_object,0.2726,578.15,439.74,666.73,532.61,8226.6,88.58,92.87,0.954,False,,True,unattributed,9,evt_01-P04_desk_work_surface_0026,b87cefe41c4fb67b,pose_hand_context,,34998.9,3.42,,1,01/e1/v1,rtmpose_baseline
corpus_01,01.Candidate was found using a mobile phone in the examination hall..mkv,b842b03e5784d867e93770560d88150a526250df69077cd3065edbbd4c842098,dfine_native,77980.0,unknown_object,0.3636,577.99,346.72,645.65,530.52,12434.8,67.65,183.8,0.368,False,,True,unattributed,9,evt_01-P04_desk_work_surface_0026,b87cefe41c4fb67b,pose_hand_context,,34998.9,3.42,,1,01/e1/v1,rtmpose_baseline
corpus_01,01.Candidate was found using a mobile phone in the examination hall..mkv,b842b03e5784d867e93770560d88150a526250df69077cd3065edbbd4c842098,dfine_native,77980.0,unknown_object,0.3198,578.04,425.83,619.82,473.65,1998.0,41.78,47.82,0.874,False,,True,unattributed,9,evt_01-P04_desk_work_surface_0026,b87cefe41c4fb67b,pose_hand_context,,34998.9,3.42,,1,01/e1/v1,rtmpose_baseline
corpus_01,01.Candidate was found using a mobile phone in the examination hall..mkv,b842b03e5784d867e93770560d88150a526250df69077cd3065edbbd4c842098,dfine_native,77980.0,unknown_object,0.2796,577.94,346.32,666.74,531.09,16406.8,88.8,184.77,0.481,False,,True,unattributed,9,evt_01-P04_desk_work_surface_0026,b87cefe41c4fb67b,pose_hand_context,,34998.9,3.42,,1,01/e1/v1,rtmpose_baseline
corpus_01,01.Candidate was found using a mobile phone in the examination hall..mkv,b842b03e5784d867e93770560d88150a526250df69077cd3065edbbd4c842098,dfine_native,77980.0,bag,0.2776,626.84,370.38,668.29,532.13,6703.9,41.44,161.75,0.256,False,,True,unattributed,9,evt_01-P04_desk_work_surface_0026,b87cefe41c4fb67b,pose_hand_context,,34998.9,3.42,,1,01/e1/v1,rtmpose_baseline
corpus_01,01.Candidate was found using a mobile phone in the examination hall..mkv,b842b03e5784d867e93770560d88150a526250df69077cd3065edbbd4c842098,dfine_native,78420.0,unknown_object,0.7396,581.75,430.3,669.72,564.84,11835.5,87.97,134.55,0.654,False,,True,unattributed,9,evt_01-P05_desk_work_surface_0035,f185c960580a4e49,pose_hand_context,,38698.8,3.25,,1,01/e1/v1,rtmpose_baseline
corpus_01,01.Candidate was found using a mobile phone in the examination hall..mkv,b842b03e5784d867e93770560d88150a526250df69077cd3065edbbd4c842098,dfine_native,78420.0,unknown_object,0.4314,581.06,510.92,615.85,565.14,1886.3,34.79,54.22,0.642,False,,True,unattributed,9,evt_01-P05_desk_work_surface_0035,f185c960580a4e49,pose_hand_context,,38698.8,3.25,,1,01/e1/v1,rtmpose_baseline
corpus_01,01.Candidate was found using a mobile phone in the examination hall..mkv,b842b03e5784d867e93770560d88150a526250df69077cd3065edbbd4c842098,dfine_native,78420.0,unknown_object,0.3295,583.56,499.84,662.02,564.89,5104.0,78.46,65.05,1.206,False,,True,unattributed,9,evt_01-P05_desk_work_surface_0035,f185c960580a4e49,pose_hand_context,,38698.8,3.25,,1,01/e1/v1,rtmpose_baseline
corpus_01,01.Candidate was found using a mobile phone in the examination hall..mkv,b842b03e5784d867e93770560d88150a526250df69077cd3065edbbd4c842098,dfine_native,78420.0,unknown_object,0.2629,581.0,369.12,681.73,474.67,10632.2,100.73,105.55,0.954,False,,True,unattributed,9,evt_01-P05_desk_work_surface_0035,f185c960580a4e49,pose_hand_context,,38698.8,3.25,,1,01/e1/v1,rtmpose_baseline
corpus_01,01.Candidate was found using a mobile phone in the examination hall..mkv,b842b03e5784d867e93770560d88150a526250df69077cd3065edbbd4c842098,dfine_native,78420.0,unknown_object,0.2617,607.74,451.89,639.25,495.16,1363.2,31.5,43.27,0.728,False,,True,unattributed,9,evt_01-P05_desk_work_surface_0035,f185c960580a4e49,pose_hand_context,,38698.8,3.25,,1,01/e1/v1,rtmpose_baseline
corpus_01,01.Candidate was found using a mobile phone in the examination hall..mkv,b842b03e5784d867e93770560d88150a526250df69077cd3065edbbd4c842098,dfine_native,78420.0,unknown_object,0.3255,581.08,510.92,615.49,550.78,1371.7,34.41,39.86,0.863,False,,True,unattributed,9,evt_01-P05_desk_work_surface_0035,f185c960580a4e49,pose_hand_context,,38698.8,3.25,,1,01/e1/v1,rtmpose_baseline
corpus_01,01.Candidate was found using a mobile phone in the examination hall..mkv,b842b03e5784d867e93770560d88150a526250df69077cd3065edbbd4c842098,dfine_native,78420.0,unknown_object,0.3087,685.76,462.36,751.49,478.39,1053.6,65.73,16.03,4.101,False,,True,unattributed,9,evt_01-P05_desk_work_surface_0035,f185c960580a4e49,pose_hand_context,,38698.8,3.25,,1,01/e1/v1,rtmpose_baseline
corpus_01,01.Candidate was found using a mobile phone in the examination hall..mkv,b842b03e5784d867e93770560d88150a526250df69077cd3065edbbd4c842098,dfine_native,78420.0,unknown_object,0.2918,581.02,425.84,620.33,472.26,1824.8,39.31,46.42,0.847,False,,True,unattributed,9,evt_01-P05_desk_work_surface_0035,f185c960580a4e49,pose_hand_context,,38698.8,3.25,,1,01/e1/v1,rtmpose_baseline
corpus_01,01.Candidate was found using a mobile phone in the examination hall..mkv,b842b03e5784d867e93770560d88150a526250df69077cd3065edbbd4c842098,dfine_native,78420.0,unknown_object,0.2554,587.87,528.88,661.98,565.45,2710.3,74.12,36.57,2.027,False,,True,unattributed,9,evt_01-P05_desk_work_surface_0035,f185c960580a4e49,pose_hand_context,,38698.8,3.25,,1,01/e1/v1,rtmpose_baseline
corpus_01,01.Candidate was found using a mobile phone in the examination hall..mkv,b842b03e5784d867e93770560d88150a526250df69077cd3065edbbd4c842098,dfine_native,78420.0,unknown_object,0.3215,581.21,509.76,661.83,565.61,4502.7,80.62,55.85,1.444,False,,True,unattributed,9,evt_01-P05_desk_work_surface_0035,f185c960580a4e49,pose_hand_context,,38698.8,3.25,,1,01/e1/v1,rtmpose_baseline
corpus_01,01.Candidate was found using a mobile phone in the examination hall..mkv,b842b03e5784d867e93770560d88150a526250df69077cd3065edbbd4c842098,dfine_native,78420.0,unknown_object,0.3253,677.76,457.77,751.68,478.69,1546.3,73.93,20.92,3.534,False,,True,unattributed,9,evt_01-P05_desk_work_surface_0035,f185c960580a4e49,pose_hand_context,,38698.8,3.25,,1,01/e1/v1,rtmpose_baseline
corpus_01,01.Candidate was found using a mobile phone in the examination hall..mkv,b842b03e5784d867e93770560d88150a526250df69077cd3065edbbd4c842098,dfine_native,78500.0,unknown_object,0.7359,791.15,498.37,849.93,574.58,4478.9,58.78,76.2,0.771,False,,True,unattributed,9,evt_01-P01_upper_body_0007,190a783a5bbb81b6,pose_hand_context,,40120.1,3.2,,1,01/e1/v1,rtmpose_baseline
corpus_01,01.Candidate was found using a mobile phone in the examination hall..mkv,b842b03e5784d867e93770560d88150a526250df69077cd3065edbbd4c842098,dfine_native,78500.0,unknown_object,0.505,816.05,376.67,849.53,434.94,1950.9,33.48,58.27,0.575,False,,True,unattributed,9,evt_01-P01_upper_body_0007,190a783a5bbb81b6,pose_hand_context,,40120.1,3.2,,1,01/e1/v1,rtmpose_baseline
corpus_01,01.Candidate was found using a mobile phone in the examination hall..mkv,b842b03e5784d867e93770560d88150a526250df69077cd3065edbbd4c842098,dfine_native,78500.0,unknown_object,0.5329,649.01,459.76,672.98,569.86,2639.7,23.98,110.1,0.218,False,,True,unattributed,9,evt_01-P01_upper_body_0007,190a783a5bbb81b6,pose_hand_context,,40120.1,3.2,,1,01/e1/v1,rtmpose_baseline
corpus_01,01.Candidate was found using a mobile phone in the examination hall..mkv,b842b03e5784d867e93770560d88150a526250df69077cd3065edbbd4c842098,dfine_native,78500.0,unknown_object,0.4485,773.89,376.52,826.6,492.25,6100.6,52.71,115.73,0.455,False,,True,unattributed,9,evt_01-P01_upper_body_0007,190a783a5bbb81b6,pose_hand_context,,40120.1,3.2,,1,01/e1/v1,rtmpose_baseline
corpus_01,01.Candidate was found using a mobile phone in the examination hall..mkv,b842b03e5784d867e93770560d88150a526250df69077cd3065edbbd4c842098,dfine_native,78500.0,bag,0.3265,810.56,498.89,849.89,574.72,2982.4,39.33,75.83,0.519,False,,True,unattributed,9,evt_01-P01_upper_body_0007,190a783a5bbb81b6,pose_hand_context,,40120.1,3.2,,1,01/e1/v1,rtmpose_baseline
corpus_01,01.Candidate was found using a mobile phone in the examination hall..mkv,b842b03e5784d867e93770560d88150a526250df69077cd3065edbbd4c842098,dfine_native,78500.0,unknown_object,0.5069,773.62,376.46,848.74,493.12,8763.3,75.12,116.67,0.644,False,,True,unattributed,9,evt_01-P01_upper_body_0007,190a783a5bbb81b6,pose_hand_context,,40120.1,3.2,,1,01/e1/v1,rtmpose_baseline
corpus_01,01.Candidate was found using a mobile phone in the examination hall..mkv,b842b03e5784d867e93770560d88150a526250df69077cd3065edbbd4c842098,dfine_native,78500.0,unknown_object,0.5086,814.67,376.32,849.65,453.81,2709.9,34.97,77.49,0.451,False,,True,unattributed,9,evt_01-P01_upper_body_0007,190a783a5bbb81b6,pose_hand_context,,40120.1,3.2,,1,01/e1/v1,rtmpose_baseline
corpus_01,01.Candidate was found using a mobile phone in the examination hall..mkv,b842b03e5784d867e93770560d88150a526250df69077cd3065edbbd4c842098,dfine_native,78500.0,unknown_object,0.3286,816.55,395.28,849.46,434.86,1302.6,32.91,39.58,0.831,False,,True,unattributed,9,evt_01-P01_upper_body_0007,190a783a5bbb81b6,pose_hand_context,,40120.1,3.2,,1,01/e1/v1,rtmpose_baseline
corpus_01,01.Candidate was found using a mobile phone in the examination hall..mkv,b842b03e5784d867e93770560d88150a526250df69077cd3065edbbd4c842098,dfine_native,78500.0,unknown_object,0.2833,773.96,376.33,849.66,453.62,5850.8,75.7,77.29,0.979,False,,True,unattributed,9,evt_01-P01_upper_body_0007,190a783a5bbb81b6,pose_hand_context,,40120.1,3.2,,1,01/e1/v1,rtmpose_baseline
corpus_01,01.Candidate was found using a mobile phone in the examination hall..mkv,b842b03e5784d867e93770560d88150a526250df69077cd3065edbbd4c842098,dfine_native,78500.0,unknown_object,0.2927,790.92,513.02,816.01,571.96,1479.0,25.09,58.94,0.426,False,,True,unattributed,9,evt_01-P01_upper_body_0007,190a783a5bbb81b6,pose_hand_context,,40120.1,3.2,,1,01/e1/v1,rtmpose_baseline
corpus_01,01.Candidate was found using a mobile phone in the examination hall..mkv,b842b03e5784d867e93770560d88150a526250df69077cd3065edbbd4c842098,dfine_native,78500.0,unknown_object,0.3188,649.04,392.15,672.72,569.38,4195.1,23.67,177.23,0.134,False,,True,unattributed,9,evt_01-P01_upper_body_0007,190a783a5bbb81b6,pose_hand_context,,40120.1,3.2,,1,01/e1/v1,rtmpose_baseline
corpus_01,01.Candidate was found using a mobile phone in the examination hall..mkv,b842b03e5784d867e93770560d88150a526250df69077cd3065edbbd4c842098,dfine_native,78500.0,stationery,0.2591,686.37,454.78,753.58,487.51,2199.6,67.21,32.73,2.053,False,,True,unattributed,9,evt_01-P01_upper_body_0007,190a783a5bbb81b6,pose_hand_context,,40120.1,3.2,,1,01/e1/v1,rtmpose_baseline
corpus_01,01.Candidate was found using a mobile phone in the examination hall..mkv,b842b03e5784d867e93770560d88150a526250df69077cd3065edbbd4c842098,dfine_native,78500.0,unknown_object,0.2724,649.02,460.12,672.77,538.12,1852.0,23.74,78.0,0.304,False,,True,unattributed,9,evt_01-P01_upper_body_0007,190a783a5bbb81b6,pose_hand_context,,40120.1,3.2,,1,01/e1/v1,rtmpose_baseline
corpus_01,01.Candidate was found using a mobile phone in the examination hall..mkv,b842b03e5784d867e93770560d88150a526250df69077cd3065edbbd4c842098,dfine_native,78500.0,unknown_object,0.2881,815.39,395.4,849.38,453.83,1986.5,34.0,58.43,0.582,False,,True,unattributed,9,evt_01-P01_upper_body_0007,190a783a5bbb81b6,pose_hand_context,,40120.1,3.2,,1,01/e1/v1,rtmpose_baseline
corpus_01,01.Candidate was found using a mobile phone in the examination hall..mkv,b842b03e5784d867e93770560d88150a526250df69077cd3065edbbd4c842098,dfine_native,78500.0,unknown_object,0.2882,776.43,376.91,849.28,571.38,14168.7,72.86,194.48,0.375,False,,True,unattributed,9,evt_01-P01_upper_body_0007,190a783a5bbb81b6,pose_hand_context,,40120.1,3.2,,1,01/e1/v1,rtmpose_baseline
corpus_01,01.Candidate was found using a mobile phone in the examination hall..mkv,b842b03e5784d867e93770560d88150a526250df69077cd3065edbbd4c842098,dfine_native,78540.0,unknown_object,0.7089,791.9,498.43,849.91,580.66,4770.1,58.01,82.22,0.706,False,,True,unattributed,9,evt_01-P03_desk_work_surface_0016,f25d9bff7c11b1f2,pose_hand_context,,40925.3,3.16,,1,01/e1/v1,rtmpose_baseline
corpus_01,01.Candidate was found using a mobile phone in the examination hall..mkv,b842b03e5784d867e93770560d88150a526250df69077cd3065edbbd4c842098,dfine_native,78540.0,unknown_object,0.5417,815.91,379.33,849.57,434.69,1863.7,33.66,55.37,0.608,False,,True,unattributed,9,evt_01-P03_desk_work_surface_0016,f25d9bff7c11b1f2,pose_hand_context,,40925.3,3.16,,1,01/e1/v1,rtmpose_baseline
corpus_01,01.Candidate was found using a mobile phone in the examination hall..mkv,b842b03e5784d867e93770560d88150a526250df69077cd3065edbbd4c842098,dfine_native,78540.0,unknown_object,0.5521,777.13,379.31,826.91,483.02,5162.4,49.78,103.7,0.48,False,,True,unattributed,9,evt_01-P03_desk_work_surface_0016,f25d9bff7c11b1f2,pose_hand_context,,40925.3,3.16,,1,01/e1/v1,rtmpose_baseline
corpus_01,01.Candidate was found using a mobile phone in the examination hall..mkv,b842b03e5784d867e93770560d88150a526250df69077cd3065edbbd4c842098,dfine_native,78540.0,unknown_object,0.4395,688.26,454.71,753.5,493.48,2529.6,65.24,38.77,1.683,False,,True,unattributed,9,evt_01-P03_desk_work_surface_0016,f25d9bff7c11b1f2,pose_hand_context,,40925.3,3.16,,1,01/e1/v1,rtmpose_baseline
corpus_01,01.Candidate was found using a mobile phone in the examination hall..mkv,b842b03e5784d867e93770560d88150a526250df69077cd3065edbbd4c842098,dfine_native,78540.0,unknown_object,0.3695,647.01,420.68,673.57,572.05,4021.5,26.57,151.37,0.176,False,,True,unattributed,9,evt_01-P03_desk_work_surface_0016,f25d9bff7c11b1f2,pose_hand_context,,40925.3,3.16,,1,01/e1/v1,rtmpose_baseline
corpus_01,01.Candidate was found using a mobile phone in the examination hall..mkv,b842b03e5784d867e93770560d88150a526250df69077cd3065edbbd4c842098,dfine_native,78540.0,unknown_object,0.4626,810.5,499.03,849.9,580.56,3212.6,39.41,81.53,0.483,False,,True,unattributed,9,evt_01-P03_desk_work_surface_0016,f25d9bff7c11b1f2,pose_hand_context,,40925.3,3.16,,1,01/e1/v1,rtmpose_baseline
corpus_01,01.Candidate was found using a mobile phone in the examination hall..mkv,b842b03e5784d867e93770560d88150a526250df69077cd3065edbbd4c842098,dfine_native,78540.0,unknown_object,0.2814,647.02,534.32,664.42,571.1,640.0,17.4,36.78,0.473,False,,True,unattributed,9,evt_01-P03_desk_work_surface_0016,f25d9bff7c11b1f2,pose_hand_context,,40925.3,3.16,,1,01/e1/v1,rtmpose_baseline
corpus_01,01.Candidate was found using a mobile phone in the examination hall..mkv,b842b03e5784d867e93770560d88150a526250df69077cd3065edbbd4c842098,dfine_native,78540.0,unknown_object,0.3241,647.03,423.43,673.66,571.31,3938.0,26.63,147.88,0.18,False,,True,unattributed,9,evt_01-P03_desk_work_surface_0016,f25d9bff7c11b1f2,pose_hand_context,,40925.3,3.16,,1,01/e1/v1,rtmpose_baseline
corpus_01,01.Candidate was found using a mobile phone in the examination hall..mkv,b842b03e5784d867e93770560d88150a526250df69077cd3065edbbd4c842098,dfine_native,78540.0,unknown_object,0.3637,647.01,385.34,674.78,571.81,5178.4,27.77,186.48,0.149,False,,True,unattributed,9,evt_01-P03_desk_work_surface_0016,f25d9bff7c11b1f2,pose_hand_context,,40925.3,3.16,,1,01/e1/v1,rtmpose_baseline
corpus_01,01.Candidate was found using a mobile phone in the examination hall..mkv,b842b03e5784d867e93770560d88150a526250df69077cd3065edbbd4c842098,dfine_native,78540.0,unknown_object,0.3127,647.01,458.5,673.24,571.14,2954.6,26.23,112.64,0.233,False,,True,unattributed,9,evt_01-P03_desk_work_surface_0016,f25d9bff7c11b1f2,pose_hand_context,,40925.3,3.16,,1,01/e1/v1,rtmpose_baseline
corpus_01,01.Candidate was found using a mobile phone in the examination hall..mkv,b842b03e5784d867e93770560d88150a526250df69077cd3065edbbd4c842098,dfine_native,78540.0,unknown_object,0.452,814.72,379.15,849.59,453.95,2608.3,34.87,74.79,0.466,False,,True,unattributed,9,evt_01-P03_desk_work_surface_0016,f25d9bff7c11b1f2,pose_hand_context,,40925.3,3.16,,1,01/e1/v1,rtmpose_baseline
corpus_01,01.Candidate was found using a mobile phone in the examination hall..mkv,b842b03e5784d867e93770560d88150a526250df69077cd3065edbbd4c842098,dfine_native,78540.0,unknown_object,0.2989,778.3,379.2,849.45,436.09,4048.0,71.15,56.89,1.251,False,,True,unattributed,9,evt_01-P03_desk_work_surface_0016,f25d9bff7c11b1f2,pose_hand_context,,40925.3,3.16,,1,01/e1/v1,rtmpose_baseline
corpus_01,01.Candidate was found using a mobile phone in the examination hall..mkv,b842b03e5784d867e93770560d88150a526250df69077cd3065edbbd4c842098,dfine_native,78540.0,unknown_object,0.322,791.41,512.87,816.07,572.74,1476.4,24.66,59.87,0.412,False,,True,unattributed,9,evt_01-P03_desk_work_surface_0016,f25d9bff7c11b1f2,pose_hand_context,,40925.3,3.16,,1,01/e1/v1,rtmpose_baseline
corpus_01,01.Candidate was found using a mobile phone in the examination hall..mkv,b842b03e5784d867e93770560d88150a526250df69077cd3065edbbd4c842098,dfine_native,78540.0,unknown_object,0.5202,776.82,379.28,849.11,483.24,7515.4,72.29,103.96,0.695,False,,True,unattributed,9,evt_01-P03_desk_work_surface_0016,f25d9bff7c11b1f2,pose_hand_context,,40925.3,3.16,,1,01/e1/v1,rtmpose_baseline
corpus_01,01.Candidate was found using a mobile phone in the examination hall..mkv,b842b03e5784d867e93770560d88150a526250df69077cd3065edbbd4c842098,dfine_native,78540.0,unknown_object,0.3092,816.45,395.47,849.5,434.76,1298.6,33.05,39.29,0.841,False,,True,unattributed,9,evt_01-P03_desk_work_surface_0016,f25d9bff7c11b1f2,pose_hand_context,,40925.3,3.16,,1,01/e1/v1,rtmpose_baseline
corpus_01,01.Candidate was found using a mobile phone in the examination hall..mkv,b842b03e5784d867e93770560d88150a526250df69077cd3065edbbd4c842098,dfine_native,78540.0,unknown_object,0.2638,780.02,379.79,849.29,573.21,13400.0,69.28,193.43,0.358,False,,True,unattributed,9,evt_01-P03_desk_work_surface_0016,f25d9bff7c11b1f2,pose_hand_context,,40925.3,3.16,,1,01/e1/v1,rtmpose_baseline
corpus_01,01.Candidate was found using a mobile phone in the examination hall..mkv,b842b03e5784d867e93770560d88150a526250df69077cd3065edbbd4c842098,dfine_native,78540.0,unknown_object,0.2529,647.01,422.21,673.69,538.28,3096.9,26.68,116.07,0.23,False,,True,unattributed,9,evt_01-P03_desk_work_surface_0016,f25d9bff7c11b1f2,pose_hand_context,,40925.3,3.16,,1,01/e1/v1,rtmpose_baseline
corpus_01,01.Candidate was found using a mobile phone in the examination hall..mkv,b842b03e5784d867e93770560d88150a526250df69077cd3065edbbd4c842098,dfine_native,78940.0,unknown_object,0.7507,635.8,423.4,669.22,620.34,6582.0,33.42,196.94,0.17,False,,True,unattributed,9,evt_01-P01_desk_work_surface_0003,c57197ad2bcf4746,pose_hand_context,,41918.5,3.13,,1,01/e1/v1,rtmpose_baseline
corpus_01,01.Candidate was found using a mobile phone in the examination hall..mkv,b842b03e5784d867e93770560d88150a526250df69077cd3065edbbd4c842098,dfine_native,78940.0,bag,0.7422,810.63,502.85,840.15,623.65,3566.1,29.52,120.8,0.244,False,,True,unattributed,9,evt_01-P01_desk_work_surface_0003,c57197ad2bcf4746,pose_hand_context,,41918.5,3.13,,1,01/e1/v1,rtmpose_baseline
corpus_01,01.Candidate was found using a mobile phone in the examination hall..mkv,b842b03e5784d867e93770560d88150a526250df69077cd3065edbbd4c842098,dfine_native,78940.0,bag,0.5802,790.29,502.85,840.15,623.63,6021.4,49.86,120.78,0.413,False,,True,unattributed,9,evt_01-P01_desk_work_surface_0003,c57197ad2bcf4746,pose_hand_context,,41918.5,3.13,,1,01/e1/v1,rtmpose_baseline
corpus_01,01.Candidate was found using a mobile phone in the examination hall..mkv,b842b03e5784d867e93770560d88150a526250df69077cd3065edbbd4c842098,dfine_native,78940.0,unknown_object,0.3835,635.85,422.92,669.03,569.39,4859.5,33.18,146.47,0.227,False,,True,unattributed,9,evt_01-P01_desk_work_surface_0003,c57197ad2bcf4746,pose_hand_context,,41918.5,3.13,,1,01/e1/v1,rtmpose_baseline
corpus_01,01.Candidate was found using a mobile phone in the examination hall..mkv,b842b03e5784d867e93770560d88150a526250df69077cd3065edbbd4c842098,dfine_native,78940.0,unknown_object,0.327,635.73,531.83,668.44,620.87,2912.8,32.71,89.04,0.367,False,,True,unattributed,9,evt_01-P01_desk_work_surface_0003,c57197ad2bcf4746,pose_hand_context,,41918.5,3.13,,1,01/e1/v1,rtmpose_baseline
corpus_01,01.Candidate was found using a mobile phone in the examination hall..mkv,b842b03e5784d867e93770560d88150a526250df69077cd3065edbbd4c842098,dfine_native,78940.0,unknown_object,0.2664,635.81,423.07,668.0,538.45,3714.1,32.19,115.37,0.279,False,,True,unattributed,9,evt_01-P01_desk_work_surface_0003,c57197ad2bcf4746,pose_hand_context,,41918.5,3.13,,1,01/e1/v1,rtmpose_baseline
corpus_01,01.Candidate was found using a mobile phone in the examination hall..mkv,b842b03e5784d867e93770560d88150a526250df69077cd3065edbbd4c842098,dfine_native,78940.0,unknown_object,0.2668,635.74,483.98,669.13,621.09,4578.2,33.39,137.11,0.244,False,,True,unattributed,9,evt_01-P01_desk_work_surface_0003,c57197ad2bcf4746,pose_hand_context,,41918.5,3.13,,1,01/e1/v1,rtmpose_baseline
corpus_01,01.Candidate was found using a mobile phone in the examination hall..mkv,b842b03e5784d867e93770560d88150a526250df69077cd3065edbbd4c842098,dfine_native,78940.0,unknown_object,0.289,789.39,512.98,815.57,572.85,1567.8,26.19,59.87,0.437,False,,True,unattributed,9,evt_01-P01_desk_work_surface_0003,c57197ad2bcf4746,pose_hand_context,,41918.5,3.13,,1,01/e1/v1,rtmpose_baseline
corpus_01,01.Candidate was found using a mobile phone in the examination hall..mkv,b842b03e5784d867e93770560d88150a526250df69077cd3065edbbd4c842098,dfine_native,78940.0,unknown_object,0.2644,789.2,420.34,827.96,572.41,5894.4,38.76,152.06,0.255,False,,True,unattributed,9,evt_01-P01_desk_work_surface_0003,c57197ad2bcf4746,pose_hand_context,,41918.5,3.13,,1,01/e1/v1,rtmpose_baseline
corpus_01,01.Candidate was found using a mobile phone in the examination hall..mkv,b842b03e5784d867e93770560d88150a526250df69077cd3065edbbd4c842098,dfine_native,78980.0,unknown_object,0.8366,629.04,425.72,667.18,620.34,7423.1,38.14,194.62,0.196,False,,True,unattributed,9,evt_01-P04_desk_work_surface_0026,b45377b156476b3e,pose_hand_context,,42049.6,3.12,,1,01/e1/v1,rtmpose_baseline
corpus_01,01.Candidate was found using a mobile phone in the examination hall..mkv,b842b03e5784d867e93770560d88150a526250df69077cd3065edbbd4c842098,dfine_native,78980.0,bag,0.5646,787.14,424.17,827.46,483.22,2380.4,40.31,59.05,0.683,False,,True,unattributed,9,evt_01-P04_desk_work_surface_0026,b45377b156476b3e,pose_hand_context,,42049.6,3.12,,1,01/e1/v1,rtmpose_baseline
corpus_01,01.Candidate was found using a mobile phone in the examination hall..mkv,b842b03e5784d867e93770560d88150a526250df69077cd3065edbbd4c842098,dfine_native,78980.0,bag,0.7711,810.85,504.66,833.94,627.64,2839.6,23.09,122.97,0.188,False,,True,unattributed,9,evt_01-P04_desk_work_surface_0026,b45377b156476b3e,pose_hand_context,,42049.6,3.12,,1,01/e1/v1,rtmpose_baseline
corpus_01,01.Candidate was found using a mobile phone in the examination hall..mkv,b842b03e5784d867e93770560d88150a526250df69077cd3065edbbd4c842098,dfine_native,78980.0,stationery,0.4853,669.93,488.32,698.39,530.3,1194.8,28.46,41.98,0.678,False,,True,unattributed,9,evt_01-P04_desk_work_surface_0026,b45377b156476b3e,pose_hand_context,,42049.6,3.12,,1,01/e1/v1,rtmpose_baseline
corpus_01,01.Candidate was found using a mobile phone in the examination hall..mkv,b842b03e5784d867e93770560d88150a526250df69077cd3065edbbd4c842098,dfine_native,78980.0,bag,0.3248,789.23,513.03,815.84,573.14,1599.4,26.61,60.11,0.443,False,,True,unattributed,9,evt_01-P04_desk_work_surface_0026,b45377b156476b3e,pose_hand_context,,42049.6,3.12,,1,01/e1/v1,rtmpose_baseline
corpus_01,01.Candidate was found using a mobile phone in the examination hall..mkv,b842b03e5784d867e93770560d88150a526250df69077cd3065edbbd4c842098,dfine_native,78980.0,bag,0.3406,789.64,504.8,833.93,627.86,5449.9,44.28,123.07,0.36,False,,True,unattributed,9,evt_01-P04_desk_work_surface_0026,b45377b156476b3e,pose_hand_context,,42049.6,3.12,,1,01/e1/v1,rtmpose_baseline
corpus_01,01.Candidate was found using a mobile phone in the examination hall..mkv,b842b03e5784d867e93770560d88150a526250df69077cd3065edbbd4c842098,dfine_native,78980.0,unknown_object,0.2599,629.03,480.19,666.9,620.68,5319.6,37.87,140.49,0.27,False,,True,unattributed,9,evt_01-P04_desk_work_surface_0026,b45377b156476b3e,pose_hand_context,,42049.6,3.12,,1,01/e1/v1,rtmpose_baseline
corpus_01,01.Candidate was found using a mobile phone in the examination hall..mkv,b842b03e5784d867e93770560d88150a526250df69077cd3065edbbd4c842098,dfine_native,78980.0,bag,0.2873,629.07,426.11,666.47,538.18,4191.4,37.4,112.07,0.334,False,,True,unattributed,9,evt_01-P04_desk_work_surface_0026,b45377b156476b3e,pose_hand_context,,42049.6,3.12,,1,01/e1/v1,rtmpose_baseline
corpus_01,01.Candidate was found using a mobile phone in the examination hall..mkv,b842b03e5784d867e93770560d88150a526250df69077cd3065edbbd4c842098,dfine_native,78980.0,unknown_object,0.3265,629.01,525.21,666.55,620.75,3586.5,37.54,95.54,0.393,False,,True,unattributed,9,evt_01-P04_desk_work_surface_0026,b45377b156476b3e,pose_hand_context,,42049.6,3.12,,1,01/e1/v1,rtmpose_baseline
corpus_01,01.Candidate was found using a mobile phone in the examination hall..mkv,b842b03e5784d867e93770560d88150a526250df69077cd3065edbbd4c842098,dfine_native,78980.0,stationery,0.3158,669.74,488.09,721.84,545.92,3013.3,52.11,57.83,0.901,False,,True,unattributed,9,evt_01-P04_desk_work_surface_0026,b45377b156476b3e,pose_hand_context,,42049.6,3.12,,1,01/e1/v1,rtmpose_baseline
corpus_01,01.Candidate was found using a mobile phone in the examination hall..mkv,b842b03e5784d867e93770560d88150a526250df69077cd3065edbbd4c842098,dfine_native,79420.0,unknown_object,0.3544,541.93,539.21,606.01,676.52,8798.9,64.08,137.31,0.467,False,,True,unattributed,9,evt_01-P05_desk_work_surface_0035,84f0b5c23f578507,pose_hand_context,,44318.7,3.04,,1,01/e1/v1,rtmpose_baseline
corpus_01,01.Candidate was found using a mobile phone in the examination hall..mkv,b842b03e5784d867e93770560d88150a526250df69077cd3065edbbd4c842098,dfine_native,79420.0,stationery,0.2892,565.14,532.94,621.79,586.58,3038.8,56.65,53.64,1.056,False,,True,unattributed,9,evt_01-P05_desk_work_surface_0035,84f0b5c23f578507,pose_hand_context,,44318.7,3.04,,1,01/e1/v1,rtmpose_baseline
corpus_01,01.Candidate was found using a mobile phone in the examination hall..mkv,b842b03e5784d867e93770560d88150a526250df69077cd3065edbbd4c842098,dfine_native,79420.0,unknown_object,0.3357,730.19,470.15,752.98,584.01,2594.9,22.79,113.86,0.2,False,,True,unattributed,9,evt_01-P05_desk_work_surface_0035,84f0b5c23f578507,pose_hand_context,,44318.7,3.04,,1,01/e1/v1,rtmpose_baseline
corpus_01,01.Candidate was found using a mobile phone in the examination hall..mkv,b842b03e5784d867e93770560d88150a526250df69077cd3065edbbd4c842098,dfine_native,79420.0,unknown_object,0.2917,542.03,469.64,593.23,564.45,4854.4,51.2,94.81,0.54,False,,True,unattributed,9,evt_01-P05_desk_work_surface_0035,84f0b5c23f578507,pose_hand_context,,44318.7,3.04,,1,01/e1/v1,rtmpose_baseline
corpus_01,01.Candidate was found using a mobile phone in the examination hall..mkv,b842b03e5784d867e93770560d88150a526250df69077cd3065edbbd4c842098,dfine_native,79420.0,unknown_object,0.2617,542.12,508.02,593.4,565.48,2946.3,51.28,57.46,0.892,False,,True,unattributed,9,evt_01-P05_desk_work_surface_0035,84f0b5c23f578507,pose_hand_context,,44318.7,3.04,,1,01/e1/v1,rtmpose_baseline
corpus_01,01.Candidate was found using a mobile phone in the examination hall..mkv,b842b03e5784d867e93770560d88150a526250df69077cd3065edbbd4c842098,dfine_native,79420.0,unknown_object,0.261,541.97,508.55,614.54,676.47,12185.3,72.57,167.92,0.432,False,,True,unattributed,9,evt_01-P05_desk_work_surface_0035,84f0b5c23f578507,pose_hand_context,,44318.7,3.04,,1,01/e1/v1,rtmpose_baseline
corpus_01,01.Candidate was found using a mobile phone in the examination hall..mkv,b842b03e5784d867e93770560d88150a526250df69077cd3065edbbd4c842098,dfine_native,79420.0,stationery,0.2712,565.5,534.99,617.9,579.47,2330.6,52.4,44.48,1.178,False,,True,unattributed,9,evt_01-P05_desk_work_surface_0035,84f0b5c23f578507,pose_hand_context,,44318.7,3.04,,1,01/e1/v1,rtmpose_baseline
corpus_01,01.Candidate was found using a mobile phone in the examination hall..mkv,b842b03e5784d867e93770560d88150a526250df69077cd3065edbbd4c842098,dfine_native,79500.0,unknown_object,0.5626,718.24,478.26,740.27,589.45,2449.3,22.03,111.19,0.198,False,,True,unattributed,9,evt_01-P01_upper_body_0007,7eac7081edfe6178,pose_hand_context,,44884.7,3.02,,1,01/e1/v1,rtmpose_baseline
corpus_01,01.Candidate was found using a mobile phone in the examination hall..mkv,b842b03e5784d867e93770560d88150a526250df69077cd3065edbbd4c842098,dfine_native,79500.0,unknown_object,0.3169,557.17,541.07,604.12,588.5,2226.5,46.94,47.43,0.99,False,,True,unattributed,9,evt_01-P01_upper_body_0007,7eac7081edfe6178,pose_hand_context,,44884.7,3.02,,1,01/e1/v1,rtmpose_baseline
corpus_01,01.Candidate was found using a mobile phone in the examination hall..mkv,b842b03e5784d867e93770560d88150a526250df69077cd3065edbbd4c842098,dfine_native,79500.0,unknown_object,0.4674,528.95,540.71,601.63,688.5,10740.9,72.68,147.79,0.492,False,,True,unattributed,9,evt_01-P01_upper_body_0007,7eac7081edfe6178,pose_hand_context,,44884.7,3.02,,1,01/e1/v1,rtmpose_baseline
corpus_01,01.Candidate was found using a mobile phone in the examination hall..mkv,b842b03e5784d867e93770560d88150a526250df69077cd3065edbbd4c842098,dfine_native,79500.0,unknown_object,0.2503,718.85,478.21,740.28,539.73,1318.4,21.43,61.52,0.348,False,,True,unattributed,9,evt_01-P01_upper_body_0007,7eac7081edfe6178,pose_hand_context,,44884.7,3.02,,1,01/e1/v1,rtmpose_baseline
corpus_01,01.Candidate was found using a mobile phone in the examination hall..mkv,b842b03e5784d867e93770560d88150a526250df69077cd3065edbbd4c842098,dfine_native,79540.0,bag,0.3854,526.03,541.83,598.84,691.46,10894.6,72.81,149.63,0.487,False,,True,unattributed,9,evt_01-P03_desk_work_surface_0016,8bf8cbd629dee8c5,pose_hand_context,,43322.3,3.07,,1,01/e1/v1,rtmpose_baseline
corpus_01,01.Candidate was found using a mobile phone in the examination hall..mkv,b842b03e5784d867e93770560d88150a526250df69077cd3065edbbd4c842098,dfine_native,79540.0,unknown_object,0.3393,555.01,541.31,604.02,606.81,3210.4,49.01,65.51,0.748,False,,True,unattributed,9,evt_01-P03_desk_work_surface_0016,8bf8cbd629dee8c5,pose_hand_context,,43322.3,3.07,,1,01/e1/v1,rtmpose_baseline
corpus_01,01.Candidate was found using a mobile phone in the examination hall..mkv,b842b03e5784d867e93770560d88150a526250df69077cd3065edbbd4c842098,dfine_native,79540.0,unknown_object,0.3426,532.98,485.76,580.55,562.9,3670.0,47.57,77.14,0.617,False,,True,unattributed,9,evt_01-P03_desk_work_surface_0016,8bf8cbd629dee8c5,pose_hand_context,,43322.3,3.07,,1,01/e1/v1,rtmpose_baseline
corpus_01,01.Candidate was found using a mobile phone in the examination hall..mkv,b842b03e5784d867e93770560d88150a526250df69077cd3065edbbd4c842098,dfine_native,79540.0,unknown_object,0.2653,526.02,485.3,579.93,583.34,5286.3,53.92,98.04,0.55,False,,True,unattributed,9,evt_01-P03_desk_work_surface_0016,8bf8cbd629dee8c5,pose_hand_context,,43322.3,3.07,,1,01/e1/v1,rtmpose_baseline
corpus_01,01.Candidate was found using a mobile phone in the examination hall..mkv,b842b03e5784d867e93770560d88150a526250df69077cd3065edbbd4c842098,dfine_native,79940.0,unknown_object,0.4302,499.53,575.25,651.79,683.49,16482.1,152.26,108.25,1.407,False,,True,unattributed,9,evt_01-P01_desk_work_surface_0003,69e175d70f405a8f,pose_hand_context,,27010.2,3.43,,1,01/e1/v1,rtmpose_baseline
corpus_01,01.Candidate was found using a mobile phone in the examination hall..mkv,b842b03e5784d867e93770560d88150a526250df69077cd3065edbbd4c842098,dfine_native,79940.0,phone,0.3174,465.99,575.23,515.59,647.8,3599.7,49.6,72.58,0.683,False,,True,unattributed,9,evt_01-P01_desk_work_surface_0003,69e175d70f405a8f,pose_hand_context,,27010.2,3.43,,1,01/e1/v1,rtmpose_baseline
corpus_01,01.Candidate was found using a mobile phone in the examination hall..mkv,b842b03e5784d867e93770560d88150a526250df69077cd3065edbbd4c842098,dfine_native,79980.0,stationery,0.3091,452.01,655.51,536.89,712.68,4852.7,84.88,57.17,1.485,False,,True,unattributed,9,evt_01-P04_desk_work_surface_0026,6dbfe88e23c4f19e,pose_hand_context,,26453.0,3.36,,1,01/e1/v1,rtmpose_baseline
corpus_01,01.Candidate was found using a mobile phone in the examination hall..mkv,b842b03e5784d867e93770560d88150a526250df69077cd3065edbbd4c842098,dfine_native,79980.0,unknown_object,0.3372,491.3,580.28,641.93,691.06,16687.4,150.63,110.78,1.36,False,,True,unattributed,9,evt_01-P04_desk_work_surface_0026,6dbfe88e23c4f19e,pose_hand_context,,26453.0,3.36,,1,01/e1/v1,rtmpose_baseline
corpus_01,01.Candidate was found using a mobile phone in the examination hall..mkv,b842b03e5784d867e93770560d88150a526250df69077cd3065edbbd4c842098,dfine_native,80420.0,unknown_object,0.415,321.02,627.81,411.75,718.96,8269.5,90.73,91.14,0.995,False,,True,unattributed,9,evt_01-P05_desk_work_surface_0035,b276b66e760bafd2,pose_hand_context,,14298.4,4.14,,1,01/e1/v1,rtmpose_baseline
corpus_01,01.Candidate was found using a mobile phone in the examination hall..mkv,b842b03e5784d867e93770560d88150a526250df69077cd3065edbbd4c842098,dfine_native,80500.0,unknown_object,0.4072,310.92,624.3,420.75,719.43,10448.4,109.83,95.13,1.155,False,,True,unattributed,9,evt_01-P01_upper_body_0007,6cbdc754738a46fd,pose_hand_context,,8126.6,5.28,,1,01/e1/v1,rtmpose_baseline
corpus_01,01.Candidate was found using a mobile phone in the examination hall..mkv,b842b03e5784d867e93770560d88150a526250df69077cd3065edbbd4c842098,dfine_native,80500.0,unknown_object,0.4179,310.98,651.07,386.42,719.34,5150.1,75.44,68.27,1.105,False,,True,unattributed,9,evt_01-P01_upper_body_0007,6cbdc754738a46fd,pose_hand_context,,8126.6,5.28,,1,01/e1/v1,rtmpose_baseline
corpus_01,01.Candidate was found using a mobile phone in the examination hall..mkv,b842b03e5784d867e93770560d88150a526250df69077cd3065edbbd4c842098,dfine_native,80500.0,unknown_object,0.2953,300.2,624.0,420.85,719.19,11485.1,120.65,95.19,1.267,False,,True,unattributed,9,evt_01-P01_upper_body_0007,6cbdc754738a46fd,pose_hand_context,,8126.6,5.28,,1,01/e1/v1,rtmpose_baseline
corpus_01,01.Candidate was found using a mobile phone in the examination hall..mkv,b842b03e5784d867e93770560d88150a526250df69077cd3065edbbd4c842098,dfine_native,80500.0,unknown_object,0.2571,310.43,627.41,392.77,719.18,7555.5,82.34,91.76,0.897,False,,True,unattributed,9,evt_01-P01_upper_body_0007,6cbdc754738a46fd,pose_hand_context,,8126.6,5.28,,1,01/e1/v1,rtmpose_baseline
corpus_01,01.Candidate was found using a mobile phone in the examination hall..mkv,b842b03e5784d867e93770560d88150a526250df69077cd3065edbbd4c842098,dfine_native,80500.0,unknown_object,0.2837,311.08,624.3,409.62,719.35,9366.7,98.54,95.05,1.037,False,,True,unattributed,9,evt_01-P01_upper_body_0007,6cbdc754738a46fd,pose_hand_context,,8126.6,5.28,,1,01/e1/v1,rtmpose_baseline
corpus_01,01.Candidate was found using a mobile phone in the examination hall..mkv,b842b03e5784d867e93770560d88150a526250df69077cd3065edbbd4c842098,dfine_native,80500.0,unknown_object,0.3437,300.06,624.06,387.79,718.91,8321.7,87.73,94.85,0.925,False,,True,unattributed,9,evt_01-P01_upper_body_0007,6cbdc754738a46fd,pose_hand_context,,8126.6,5.28,,1,01/e1/v1,rtmpose_baseline
corpus_01,01.Candidate was found using a mobile phone in the examination hall..mkv,b842b03e5784d867e93770560d88150a526250df69077cd3065edbbd4c842098,dfine_native,80500.0,unknown_object,0.2522,309.65,647.32,392.48,719.4,5970.6,82.83,72.08,1.149,False,,True,unattributed,9,evt_01-P01_upper_body_0007,6cbdc754738a46fd,pose_hand_context,,8126.6,5.28,,1,01/e1/v1,rtmpose_baseline
corpus_01,01.Candidate was found using a mobile phone in the examination hall..mkv,b842b03e5784d867e93770560d88150a526250df69077cd3065edbbd4c842098,dfine_native,80540.0,unknown_object,0.4479,326.33,526.92,457.03,629.4,13394.1,130.7,102.48,1.275,False,,True,unattributed,9,evt_01-P03_desk_work_surface_0016,ea273c6a1265ed0d,native_source_context_fallback,no_pose_observation,35339.7,3.34,,1,01/e1/v1,
corpus_01,01.Candidate was found using a mobile phone in the examination hall..mkv,b842b03e5784d867e93770560d88150a526250df69077cd3065edbbd4c842098,dfine_native,80540.0,unknown_object,0.3584,322.82,526.3,507.48,715.19,34881.4,184.67,188.89,0.978,False,,True,unattributed,9,evt_01-P03_desk_work_surface_0016,ea273c6a1265ed0d,native_source_context_fallback,no_pose_observation,35339.7,3.34,,1,01/e1/v1,
corpus_01,01.Candidate was found using a mobile phone in the examination hall..mkv,b842b03e5784d867e93770560d88150a526250df69077cd3065edbbd4c842098,dfine_native,80540.0,unknown_object,0.253,328.96,527.34,455.07,616.78,11279.9,126.12,89.44,1.41,False,,True,unattributed,9,evt_01-P03_desk_work_surface_0016,ea273c6a1265ed0d,native_source_context_fallback,no_pose_observation,35339.7,3.34,,1,01/e1/v1,
corpus_01,01.Candidate was found using a mobile phone in the examination hall..mkv,b842b03e5784d867e93770560d88150a526250df69077cd3065edbbd4c842098,dfine_native,80940.0,unknown_object,0.3102,214.32,595.12,277.07,700.67,6623.8,62.76,105.55,0.595,False,,True,unattributed,9,evt_01-P01_desk_work_surface_0003,f5f72f3579b74937,native_source_context_fallback,no_pose_observation,19180.7,4.19,,1,01/e1/v1,
corpus_01,01.Candidate was found using a mobile phone in the examination hall..mkv,b842b03e5784d867e93770560d88150a526250df69077cd3065edbbd4c842098,dfine_native,80940.0,unknown_object,0.4665,280.12,694.18,356.55,717.52,1783.5,76.43,23.33,3.276,False,,True,unattributed,9,evt_01-P01_desk_work_surface_0003,f5f72f3579b74937,native_source_context_fallback,no_pose_observation,19180.7,4.19,,1,01/e1/v1,
corpus_01,01.Candidate was found using a mobile phone in the examination hall..mkv,b842b03e5784d867e93770560d88150a526250df69077cd3065edbbd4c842098,dfine_native,80940.0,unknown_object,0.2603,213.08,593.29,365.97,717.1,18929.0,152.89,123.8,1.235,False,,True,unattributed,9,evt_01-P01_desk_work_surface_0003,f5f72f3579b74937,native_source_context_fallback,no_pose_observation,19180.7,4.19,,1,01/e1/v1,
corpus_01,01.Candidate was found using a mobile phone in the examination hall..mkv,b842b03e5784d867e93770560d88150a526250df69077cd3065edbbd4c842098,dfine_native,80940.0,unknown_object,0.2579,257.55,593.9,365.97,697.32,11211.4,108.41,103.41,1.048,False,,True,unattributed,9,evt_01-P01_desk_work_surface_0003,f5f72f3579b74937,native_source_context_fallback,no_pose_observation,19180.7,4.19,,1,01/e1/v1,
corpus_01,01.Candidate was found using a mobile phone in the examination hall..mkv,b842b03e5784d867e93770560d88150a526250df69077cd3065edbbd4c842098,dfine_native,80940.0,unknown_object,0.3519,213.49,593.46,366.06,699.9,16239.9,152.57,106.44,1.433,False,,True,unattributed,9,evt_01-P01_desk_work_surface_0003,f5f72f3579b74937,native_source_context_fallback,no_pose_observation,19180.7,4.19,,1,01/e1/v1,
corpus_01,01.Candidate was found using a mobile phone in the examination hall..mkv,b842b03e5784d867e93770560d88150a526250df69077cd3065edbbd4c842098,dfine_native,80980.0,unknown_object,0.6995,204.78,594.13,355.96,717.96,18719.8,151.18,123.83,1.221,False,,True,unattributed,9,evt_01-P04_desk_work_surface_0026,66771097af49150f,native_source_context_fallback,no_pose_observation,19045.2,4.19,,1,01/e1/v1,
corpus_01,01.Candidate was found using a mobile phone in the examination hall..mkv,b842b03e5784d867e93770560d88150a526250df69077cd3065edbbd4c842098,dfine_native,80980.0,unknown_object,0.4346,206.05,595.8,273.18,694.8,6644.8,67.12,98.99,0.678,False,,True,unattributed,9,evt_01-P04_desk_work_surface_0026,66771097af49150f,native_source_context_fallback,no_pose_observation,19045.2,4.19,,1,01/e1/v1,
corpus_01,01.Candidate was found using a mobile phone in the examination hall..mkv,b842b03e5784d867e93770560d88150a526250df69077cd3065edbbd4c842098,dfine_native,80980.0,unknown_object,0.4424,268.82,699.84,341.57,718.52,1359.3,72.75,18.69,3.893,False,,True,unattributed,9,evt_01-P04_desk_work_surface_0026,66771097af49150f,native_source_context_fallback,no_pose_observation,19045.2,4.19,,1,01/e1/v1,
corpus_01,01.Candidate was found using a mobile phone in the examination hall..mkv,b842b03e5784d867e93770560d88150a526250df69077cd3065edbbd4c842098,dfine_native,80980.0,unknown_object,0.361,206.03,594.34,356.09,700.64,15951.3,150.06,106.3,1.412,False,,True,unattributed,9,evt_01-P04_desk_work_surface_0026,66771097af49150f,native_source_context_fallback,no_pose_observation,19045.2,4.19,,1,01/e1/v1,
corpus_01,01.Candidate was found using a mobile phone in the examination hall..mkv,b842b03e5784d867e93770560d88150a526250df69077cd3065edbbd4c842098,dfine_native,80980.0,unknown_object,0.339,205.77,595.3,273.16,718.13,8277.9,67.39,122.83,0.549,False,,True,unattributed,9,evt_01-P04_desk_work_surface_0026,66771097af49150f,native_source_context_fallback,no_pose_observation,19045.2,4.19,,1,01/e1/v1,
corpus_01,01.Candidate was found using a mobile phone in the examination hall..mkv,b842b03e5784d867e93770560d88150a526250df69077cd3065edbbd4c842098,dfine_native,80980.0,unknown_object,0.3128,240.27,594.27,355.97,717.97,14312.1,115.7,123.7,0.935,False,,True,unattributed,9,evt_01-P04_desk_work_surface_0026,66771097af49150f,native_source_context_fallback,no_pose_observation,19045.2,4.19,,1,01/e1/v1,
corpus_01,01.Candidate was found using a mobile phone in the examination hall..mkv,b842b03e5784d867e93770560d88150a526250df69077cd3065edbbd4c842098,dfine_native,81420.0,monitor_or_bezel,0.4815,207.14,624.21,238.96,671.39,1501.5,31.82,47.19,0.674,False,,True,unattributed,9,evt_01-P05_desk_work_surface_0035,5465043bfa330230,native_source_context_fallback,no_pose_observation,11255.8,3.47,,1,01/e1/v1,
corpus_01,01.Candidate was found using a mobile phone in the examination hall..mkv,b842b03e5784d867e93770560d88150a526250df69077cd3065edbbd4c842098,dfine_native,81420.0,unknown_object,0.4109,164.66,692.62,237.62,719.73,1978.2,72.96,27.11,2.691,False,,True,unattributed,9,evt_01-P05_desk_work_surface_0035,5465043bfa330230,native_source_context_fallback,no_pose_observation,11255.8,3.47,,1,01/e1/v1,
corpus_01,01.Candidate was found using a mobile phone in the examination hall..mkv,b842b03e5784d867e93770560d88150a526250df69077cd3065edbbd4c842098,dfine_native,81420.0,monitor_or_bezel,0.3948,206.87,624.1,238.97,694.31,2254.0,32.1,70.22,0.457,False,,True,unattributed,9,evt_01-P05_desk_work_surface_0035,5465043bfa330230,native_source_context_fallback,no_pose_observation,11255.8,3.47,,1,01/e1/v1,
corpus_01,01.Candidate was found using a mobile phone in the examination hall..mkv,b842b03e5784d867e93770560d88150a526250df69077cd3065edbbd4c842098,dfine_native,81420.0,unknown_object,0.3016,56.08,658.96,168.85,719.57,6834.7,112.77,60.61,1.861,False,,True,unattributed,19,evt_01-P05_desk_work_surface_0035,8b2fe0173b88e467,native_source_context_fallback,no_pose_observation,6908.6,5.64,,1,01/e1/v1,
corpus_01,01.Candidate was found using a mobile phone in the examination hall..mkv,b842b03e5784d867e93770560d88150a526250df69077cd3065edbbd4c842098,dfine_native,81420.0,unknown_object,0.3315,56.96,659.17,149.22,719.16,5534.8,92.26,59.99,1.538,False,,True,unattributed,19,evt_01-P05_desk_work_surface_0035,8b2fe0173b88e467,native_source_context_fallback,no_pose_observation,6908.6,5.64,,1,01/e1/v1,
corpus_01,01.Candidate was found using a mobile phone in the examination hall..mkv,b842b03e5784d867e93770560d88150a526250df69077cd3065edbbd4c842098,dfine_native,81500.0,unknown_object,0.4555,157.36,701.38,217.86,719.64,1105.0,60.5,18.26,3.313,False,,True,unattributed,9,evt_01-P01_upper_body_0007,ae826232a0ffec3d,native_source_context_fallback,no_pose_observation,9820.9,3.59,,1,01/e1/v1,
corpus_01,01.Candidate was found using a mobile phone in the examination hall..mkv,b842b03e5784d867e93770560d88150a526250df69077cd3065edbbd4c842098,dfine_native,81500.0,unknown_object,0.3862,71.27,699.74,134.59,719.66,1260.9,63.32,19.91,3.18,False,,True,unattributed,9,evt_01-P01_upper_body_0007,ae826232a0ffec3d,native_source_context_fallback,no_pose_observation,9820.9,3.59,,1,01/e1/v1,
corpus_01,01.Candidate was found using a mobile phone in the examination hall..mkv,b842b03e5784d867e93770560d88150a526250df69077cd3065edbbd4c842098,dfine_native,81500.0,unknown_object,0.2983,40.31,665.91,142.13,719.28,5433.9,101.82,53.37,1.908,False,,True,unattributed,9,evt_01-P01_upper_body_0007,ae826232a0ffec3d,native_source_context_fallback,no_pose_observation,9820.9,3.59,,1,01/e1/v1,
corpus_01,01.Candidate was found using a mobile phone in the examination hall..mkv,b842b03e5784d867e93770560d88150a526250df69077cd3065edbbd4c842098,dfine_native,81500.0,unknown_object,0.2895,40.03,624.06,75.84,642.25,651.3,35.81,18.19,1.969,False,,True,unattributed,19,evt_01-P01_upper_body_0007,d4f9fb054db4fe6f,native_source_context_fallback,no_pose_observation,5707.0,6.1,,1,01/e1/v1,
corpus_01,01.Candidate was found using a mobile phone in the examination hall..mkv,b842b03e5784d867e93770560d88150a526250df69077cd3065edbbd4c842098,dfine_native,81500.0,unknown_object,0.2673,70.76,699.59,138.05,719.63,1348.3,67.29,20.04,3.358,False,,True,unattributed,19,evt_01-P01_upper_body_0007,d4f9fb054db4fe6f,native_source_context_fallback,no_pose_observation,5707.0,6.1,,1,01/e1/v1,
corpus_01,01.Candidate was found using a mobile phone in the examination hall..mkv,b842b03e5784d867e93770560d88150a526250df69077cd3065edbbd4c842098,dfine_native,92100.0,unknown_object,0.7498,420.24,581.07,540.3,718.64,16516.8,120.05,137.58,0.873,False,,True,unattributed,20,evt_01-P01_desk_work_surface_0004,86b0c4045365dd48,pose_hand_context,,64060.1,2.23,,1,01/e1/v1,rtmpose_baseline
corpus_01,01.Candidate was found using a mobile phone in the examination hall..mkv,b842b03e5784d867e93770560d88150a526250df69077cd3065edbbd4c842098,dfine_native,92100.0,mouse,0.6946,413.52,515.08,429.3,530.04,236.0,15.77,14.96,1.054,False,,True,unattributed,20,evt_01-P01_desk_work_surface_0004,86b0c4045365dd48,pose_hand_context,,64060.1,2.23,,1,01/e1/v1,rtmpose_baseline
corpus_01,01.Candidate was found using a mobile phone in the examination hall..mkv,b842b03e5784d867e93770560d88150a526250df69077cd3065edbbd4c842098,dfine_native,92100.0,phone,0.6362,536.5,552.6,581.7,611.36,2656.2,45.2,58.76,0.769,False,,True,unattributed,20,evt_01-P01_desk_work_surface_0004,86b0c4045365dd48,pose_hand_context,,64060.1,2.23,,1,01/e1/v1,rtmpose_baseline
corpus_01,01.Candidate was found using a mobile phone in the examination hall..mkv,b842b03e5784d867e93770560d88150a526250df69077cd3065edbbd4c842098,dfine_native,92100.0,keyboard,0.3697,406.01,699.09,428.86,718.81,450.6,22.85,19.73,1.158,False,,True,unattributed,20,evt_01-P01_desk_work_surface_0004,86b0c4045365dd48,pose_hand_context,,64060.1,2.23,,1,01/e1/v1,rtmpose_baseline
corpus_01,01.Candidate was found using a mobile phone in the examination hall..mkv,b842b03e5784d867e93770560d88150a526250df69077cd3065edbbd4c842098,dfine_native,92100.0,monitor_or_bezel,0.2711,406.06,496.61,537.24,623.37,16628.8,131.18,126.76,1.035,False,,True,unattributed,20,evt_01-P01_desk_work_surface_0004,86b0c4045365dd48,pose_hand_context,,64060.1,2.23,,1,01/e1/v1,rtmpose_baseline
corpus_01,01.Candidate was found using a mobile phone in the examination hall..mkv,b842b03e5784d867e93770560d88150a526250df69077cd3065edbbd4c842098,dfine_native,92100.0,phone,0.2763,567.59,589.87,580.94,611.48,288.5,13.35,21.61,0.618,False,,True,unattributed,20,evt_01-P01_desk_work_surface_0004,86b0c4045365dd48,pose_hand_context,,64060.1,2.23,,1,01/e1/v1,rtmpose_baseline
corpus_01,01.Candidate was found using a mobile phone in the examination hall..mkv,b842b03e5784d867e93770560d88150a526250df69077cd3065edbbd4c842098,dfine_native,92100.0,unknown_object,0.2987,420.35,674.1,508.65,719.37,3997.0,88.29,45.27,1.95,False,,True,unattributed,20,evt_01-P01_desk_work_surface_0004,86b0c4045365dd48,pose_hand_context,,64060.1,2.23,,1,01/e1/v1,rtmpose_baseline
corpus_01,01.Candidate was found using a mobile phone in the examination hall..mkv,b842b03e5784d867e93770560d88150a526250df69077cd3065edbbd4c842098,dfine_native,92100.0,phone,0.2749,567.53,589.71,581.0,611.5,293.3,13.46,21.79,0.618,False,,True,unattributed,20,evt_01-P01_desk_work_surface_0004,86b0c4045365dd48,pose_hand_context,,64060.1,2.23,,1,01/e1/v1,rtmpose_baseline
corpus_01,01.Candidate was found using a mobile phone in the examination hall..mkv,b842b03e5784d867e93770560d88150a526250df69077cd3065edbbd4c842098,dfine_native,92100.0,phone,0.2522,534.67,552.27,564.13,594.09,1231.8,29.46,41.82,0.704,False,,True,unattributed,20,evt_01-P01_desk_work_surface_0004,86b0c4045365dd48,pose_hand_context,,64060.1,2.23,,1,01/e1/v1,rtmpose_baseline
corpus_01,01.Candidate was found using a mobile phone in the examination hall..mkv,b842b03e5784d867e93770560d88150a526250df69077cd3065edbbd4c842098,dfine_native,92100.0,phone,0.3397,537.73,552.68,609.48,619.12,4767.2,71.75,66.45,1.08,False,,True,unattributed,20,evt_01-P01_desk_work_surface_0004,86b0c4045365dd48,pose_hand_context,,64060.1,2.23,,1,01/e1/v1,rtmpose_baseline
corpus_01,01.Candidate was found using a mobile phone in the examination hall..mkv,b842b03e5784d867e93770560d88150a526250df69077cd3065edbbd4c842098,dfine_native,92620.0,unknown_object,0.5469,25.09,609.16,159.9,718.23,14704.7,134.82,109.07,1.236,False,,True,unattributed,21,evt_01-P01_upper_body_0008,adb76b05b002c296,native_source_context_fallback,wrist_confidence_below_floor,14863.9,4.75,,1,01/e1/v1,rtmpose_baseline
corpus_01,01.Candidate was found using a mobile phone in the examination hall..mkv,b842b03e5784d867e93770560d88150a526250df69077cd3065edbbd4c842098,dfine_native,92620.0,unknown_object,0.2903,113.06,608.91,159.97,714.87,4970.4,46.91,105.95,0.443,False,,True,unattributed,21,evt_01-P01_upper_body_0008,adb76b05b002c296,native_source_context_fallback,wrist_confidence_below_floor,14863.9,4.75,,1,01/e1/v1,rtmpose_baseline
corpus_01,01.Candidate was found using a mobile phone in the examination hall..mkv,b842b03e5784d867e93770560d88150a526250df69077cd3065edbbd4c842098,dfine_native,92620.0,stationery,0.3701,404.34,701.44,428.87,718.89,427.9,24.52,17.45,1.405,False,,True,unattributed,20,evt_01-P01_upper_body_0008,dc6659d20355692e,pose_hand_context,,47050.4,2.33,,1,01/e1/v1,rtmpose_baseline
corpus_01,01.Candidate was found using a mobile phone in the examination hall..mkv,b842b03e5784d867e93770560d88150a526250df69077cd3065edbbd4c842098,dfine_native,92620.0,monitor_or_bezel,0.4024,392.38,548.06,519.65,623.72,9629.0,127.27,75.66,1.682,False,,True,unattributed,20,evt_01-P01_upper_body_0008,dc6659d20355692e,pose_hand_context,,47050.4,2.33,,1,01/e1/v1,rtmpose_baseline
corpus_01,01.Candidate was found using a mobile phone in the examination hall..mkv,b842b03e5784d867e93770560d88150a526250df69077cd3065edbbd4c842098,dfine_native,92620.0,unknown_object,0.4891,420.17,573.89,529.17,718.59,15772.8,109.0,144.7,0.753,False,,True,unattributed,20,evt_01-P01_upper_body_0008,dc6659d20355692e,pose_hand_context,,47050.4,2.33,,1,01/e1/v1,rtmpose_baseline
corpus_01,01.Candidate was found using a mobile phone in the examination hall..mkv,b842b03e5784d867e93770560d88150a526250df69077cd3065edbbd4c842098,dfine_native,92620.0,keyboard,0.3887,387.05,660.19,413.16,700.28,1046.7,26.11,40.09,0.651,False,,True,unattributed,20,evt_01-P01_upper_body_0008,dc6659d20355692e,pose_hand_context,,47050.4,2.33,,1,01/e1/v1,rtmpose_baseline
corpus_01,01.Candidate was found using a mobile phone in the examination hall..mkv,b842b03e5784d867e93770560d88150a526250df69077cd3065edbbd4c842098,dfine_native,92620.0,mouse,0.2959,483.77,606.83,505.0,621.17,304.6,21.23,14.35,1.48,False,,True,unattributed,20,evt_01-P01_upper_body_0008,dc6659d20355692e,pose_hand_context,,47050.4,2.33,,1,01/e1/v1,rtmpose_baseline
corpus_01,01.Candidate was found using a mobile phone in the examination hall..mkv,b842b03e5784d867e93770560d88150a526250df69077cd3065edbbd4c842098,dfine_native,92620.0,unknown_object,0.3541,419.75,548.03,661.42,718.83,41275.3,241.67,170.79,1.415,False,,True,unattributed,20,evt_01-P01_upper_body_0008,dc6659d20355692e,pose_hand_context,,47050.4,2.33,,1,01/e1/v1,rtmpose_baseline
corpus_01,01.Candidate was found using a mobile phone in the examination hall..mkv,b842b03e5784d867e93770560d88150a526250df69077cd3065edbbd4c842098,dfine_native,92620.0,unknown_object,0.3546,420.3,674.05,506.86,719.41,3926.4,86.56,45.36,1.908,False,,True,unattributed,20,evt_01-P01_upper_body_0008,dc6659d20355692e,pose_hand_context,,47050.4,2.33,,1,01/e1/v1,rtmpose_baseline
corpus_01,01.Candidate was found using a mobile phone in the examination hall..mkv,b842b03e5784d867e93770560d88150a526250df69077cd3065edbbd4c842098,dfine_native,92620.0,keyboard,0.4506,387.03,659.37,417.07,715.2,1677.3,30.04,55.83,0.538,False,,True,unattributed,20,evt_01-P01_upper_body_0008,dc6659d20355692e,pose_hand_context,,47050.4,2.33,,1,01/e1/v1,rtmpose_baseline
corpus_01,01.Candidate was found using a mobile phone in the examination hall..mkv,b842b03e5784d867e93770560d88150a526250df69077cd3065edbbd4c842098,dfine_native,92620.0,mouse,0.2755,493.2,589.23,526.04,615.84,874.0,32.83,26.62,1.234,False,,True,unattributed,20,evt_01-P01_upper_body_0008,dc6659d20355692e,pose_hand_context,,47050.4,2.33,,1,01/e1/v1,rtmpose_baseline
corpus_01,01.Candidate was found using a mobile phone in the examination hall..mkv,b842b03e5784d867e93770560d88150a526250df69077cd3065edbbd4c842098,dfine_native,92620.0,monitor_or_bezel,0.2636,387.34,547.93,521.62,660.1,15062.2,134.27,112.18,1.197,False,,True,unattributed,20,evt_01-P01_upper_body_0008,dc6659d20355692e,pose_hand_context,,47050.4,2.33,,1,01/e1/v1,rtmpose_baseline
corpus_01,01.Candidate was found using a mobile phone in the examination hall..mkv,b842b03e5784d867e93770560d88150a526250df69077cd3065edbbd4c842098,dfine_native,92620.0,unknown_object,0.336,420.45,635.3,522.11,718.99,8507.4,101.65,83.69,1.215,False,,True,unattributed,20,evt_01-P01_upper_body_0008,dc6659d20355692e,pose_hand_context,,47050.4,2.33,,1,01/e1/v1,rtmpose_baseline
corpus_01,01.Candidate was found using a mobile phone in the examination hall..mkv,b842b03e5784d867e93770560d88150a526250df69077cd3065edbbd4c842098,dfine_native,93100.0,unknown_object,0.3284,373.0,582.14,460.09,621.94,3465.6,87.08,39.8,2.188,False,,True,unattributed,20,evt_01-P01_desk_work_surface_0004,25019a54fd9f9aa6,pose_hand_context,,35205.1,2.5,,1,01/e1/v1,rtmpose_baseline
corpus_01,01.Candidate was found using a mobile phone in the examination hall..mkv,b842b03e5784d867e93770560d88150a526250df69077cd3065edbbd4c842098,dfine_native,93100.0,keyboard,0.4561,373.03,660.11,412.81,712.28,2074.8,39.77,52.17,0.762,False,,True,unattributed,20,evt_01-P01_desk_work_surface_0004,25019a54fd9f9aa6,pose_hand_context,,35205.1,2.5,,1,01/e1/v1,rtmpose_baseline
corpus_01,01.Candidate was found using a mobile phone in the examination hall..mkv,b842b03e5784d867e93770560d88150a526250df69077cd3065edbbd4c842098,dfine_native,93100.0,monitor_or_bezel,0.4587,373.0,659.19,417.79,719.3,2692.0,44.78,60.11,0.745,False,,True,unattributed,20,evt_01-P01_desk_work_surface_0004,25019a54fd9f9aa6,pose_hand_context,,35205.1,2.5,,1,01/e1/v1,rtmpose_baseline
corpus_01,01.Candidate was found using a mobile phone in the examination hall..mkv,b842b03e5784d867e93770560d88150a526250df69077cd3065edbbd4c842098,dfine_native,93100.0,unknown_object,0.4789,420.1,674.01,498.76,719.52,3579.0,78.66,45.5,1.729,False,,True,unattributed,20,evt_01-P01_desk_work_surface_0004,25019a54fd9f9aa6,pose_hand_context,,35205.1,2.5,,1,01/e1/v1,rtmpose_baseline
corpus_01,01.Candidate was found using a mobile phone in the examination hall..mkv,b842b03e5784d867e93770560d88150a526250df69077cd3065edbbd4c842098,dfine_native,93100.0,unknown_object,0.4181,420.33,643.84,504.3,719.04,6315.0,83.97,75.2,1.117,False,,True,unattributed,20,evt_01-P01_desk_work_surface_0004,25019a54fd9f9aa6,pose_hand_context,,35205.1,2.5,,1,01/e1/v1,rtmpose_baseline
corpus_01,01.Candidate was found using a mobile phone in the examination hall..mkv,b842b03e5784d867e93770560d88150a526250df69077cd3065edbbd4c842098,dfine_native,93100.0,stationery,0.4018,403.74,701.83,428.77,719.05,431.0,25.03,17.22,1.454,False,,True,unattributed,20,evt_01-P01_desk_work_surface_0004,25019a54fd9f9aa6,pose_hand_context,,35205.1,2.5,,1,01/e1/v1,rtmpose_baseline
corpus_01,01.Candidate was found using a mobile phone in the examination hall..mkv,b842b03e5784d867e93770560d88150a526250df69077cd3065edbbd4c842098,dfine_native,93100.0,unknown_object,0.4608,420.08,607.48,505.95,718.57,9538.9,85.87,111.09,0.773,False,,True,unattributed,20,evt_01-P01_desk_work_surface_0004,25019a54fd9f9aa6,pose_hand_context,,35205.1,2.5,,1,01/e1/v1,rtmpose_baseline
corpus_01,01.Candidate was found using a mobile phone in the examination hall..mkv,b842b03e5784d867e93770560d88150a526250df69077cd3065edbbd4c842098,dfine_native,93100.0,unknown_object,0.3105,420.09,582.26,627.32,718.89,28315.4,207.23,136.64,1.517,False,,True,unattributed,20,evt_01-P01_desk_work_surface_0004,25019a54fd9f9aa6,pose_hand_context,,35205.1,2.5,,1,01/e1/v1,rtmpose_baseline
corpus_01,01.Candidate was found using a mobile phone in the examination hall..mkv,b842b03e5784d867e93770560d88150a526250df69077cd3065edbbd4c842098,dfine_native,93100.0,keyboard,0.3477,373.1,672.32,411.19,711.28,1484.1,38.09,38.96,0.978,False,,True,unattributed,20,evt_01-P01_desk_work_surface_0004,25019a54fd9f9aa6,pose_hand_context,,35205.1,2.5,,1,01/e1/v1,rtmpose_baseline
corpus_01,01.Candidate was found using a mobile phone in the examination hall..mkv,b842b03e5784d867e93770560d88150a526250df69077cd3065edbbd4c842098,dfine_native,93100.0,unknown_object,0.296,420.54,673.9,498.23,701.84,2171.2,77.69,27.95,2.78,False,,True,unattributed,20,evt_01-P01_desk_work_surface_0004,25019a54fd9f9aa6,pose_hand_context,,35205.1,2.5,,1,01/e1/v1,rtmpose_baseline
corpus_01,01.Candidate was found using a mobile phone in the examination hall..mkv,b842b03e5784d867e93770560d88150a526250df69077cd3065edbbd4c842098,dfine_native,93100.0,unknown_object,0.2538,420.71,643.56,504.2,701.39,4828.6,83.5,57.83,1.444,False,,True,unattributed,20,evt_01-P01_desk_work_surface_0004,25019a54fd9f9aa6,pose_hand_context,,35205.1,2.5,,1,01/e1/v1,rtmpose_baseline
corpus_01,01.Candidate was found using a mobile phone in the examination hall..mkv,b842b03e5784d867e93770560d88150a526250df69077cd3065edbbd4c842098,dfine_native,93100.0,unknown_object,0.4185,419.73,582.93,509.02,718.73,12125.4,89.29,135.79,0.658,False,,True,unattributed,20,evt_01-P01_desk_work_surface_0004,25019a54fd9f9aa6,pose_hand_context,,35205.1,2.5,,1,01/e1/v1,rtmpose_baseline
corpus_01,01.Candidate was found using a mobile phone in the examination hall..mkv,b842b03e5784d867e93770560d88150a526250df69077cd3065edbbd4c842098,dfine_native,93100.0,unknown_object,0.255,420.31,607.87,505.83,700.58,7928.1,85.52,92.7,0.923,False,,True,unattributed,20,evt_01-P01_desk_work_surface_0004,25019a54fd9f9aa6,pose_hand_context,,35205.1,2.5,,1,01/e1/v1,rtmpose_baseline
corpus_01,01.Candidate was found using a mobile phone in the examination hall..mkv,b842b03e5784d867e93770560d88150a526250df69077cd3065edbbd4c842098,dfine_native,93100.0,unknown_object,0.6777,191.48,569.2,311.16,717.14,17704.9,119.68,147.94,0.809,False,,True,unattributed,22,evt_01-P01_desk_work_surface_0004,7afee83f4be7385b,native_source_context_fallback,no_pose_observation,18139.9,4.28,,1,01/e1/v1,
corpus_01,01.Candidate was found using a mobile phone in the examination hall..mkv,b842b03e5784d867e93770560d88150a526250df69077cd3065edbbd4c842098,dfine_native,93100.0,unknown_object,0.4041,193.37,569.21,302.73,682.04,12339.7,109.36,112.84,0.969,False,,True,unattributed,22,evt_01-P01_desk_work_surface_0004,7afee83f4be7385b,native_source_context_fallback,no_pose_observation,18139.9,4.28,,1,01/e1/v1,
corpus_01,01.Candidate was found using a mobile phone in the examination hall..mkv,b842b03e5784d867e93770560d88150a526250df69077cd3065edbbd4c842098,dfine_native,93100.0,phone,0.2957,274.9,633.92,303.15,665.21,884.1,28.26,31.29,0.903,False,,True,unattributed,22,evt_01-P01_desk_work_surface_0004,7afee83f4be7385b,native_source_context_fallback,no_pose_observation,18139.9,4.28,,1,01/e1/v1,
corpus_01,01.Candidate was found using a mobile phone in the examination hall..mkv,b842b03e5784d867e93770560d88150a526250df69077cd3065edbbd4c842098,dfine_native,93100.0,phone,0.4027,264.59,632.57,303.2,665.84,1284.2,38.61,33.26,1.161,False,,True,unattributed,22,evt_01-P01_desk_work_surface_0004,7afee83f4be7385b,native_source_context_fallback,no_pose_observation,18139.9,4.28,,1,01/e1/v1,
corpus_01,01.Candidate was found using a mobile phone in the examination hall..mkv,b842b03e5784d867e93770560d88150a526250df69077cd3065edbbd4c842098,dfine_native,93100.0,monitor_or_bezel,0.2508,271.42,569.15,313.01,635.44,2757.2,41.59,66.29,0.627,False,,True,unattributed,22,evt_01-P01_desk_work_surface_0004,7afee83f4be7385b,native_source_context_fallback,no_pose_observation,18139.9,4.28,,1,01/e1/v1,
corpus_01,01.Candidate was found using a mobile phone in the examination hall..mkv,b842b03e5784d867e93770560d88150a526250df69077cd3065edbbd4c842098,dfine_native,93100.0,unknown_object,0.2611,192.53,569.22,312.83,682.07,13575.5,120.3,112.85,1.066,False,,True,unattributed,22,evt_01-P01_desk_work_surface_0004,7afee83f4be7385b,native_source_context_fallback,no_pose_observation,18139.9,4.28,,1,01/e1/v1,
corpus_01,01.Candidate was found using a mobile phone in the examination hall..mkv,b842b03e5784d867e93770560d88150a526250df69077cd3065edbbd4c842098,dfine_native,93620.0,unknown_object,0.7634,549.58,510.3,668.02,628.09,13950.7,118.44,117.79,1.006,False,,True,unattributed,20,evt_01-P01_upper_body_0008,5d8ef9fb8d6af50a,pose_hand_context,,60178.9,2.23,,1,01/e1/v1,rtmpose_baseline
corpus_01,01.Candidate was found using a mobile phone in the examination hall..mkv,b842b03e5784d867e93770560d88150a526250df69077cd3065edbbd4c842098,dfine_native,93620.0,unknown_object,0.6547,482.09,535.14,639.82,717.83,28815.3,157.73,182.69,0.863,False,,True,unattributed,20,evt_01-P01_upper_body_0008,5d8ef9fb8d6af50a,pose_hand_context,,60178.9,2.23,,1,01/e1/v1,rtmpose_baseline
corpus_01,01.Candidate was found using a mobile phone in the examination hall..mkv,b842b03e5784d867e93770560d88150a526250df69077cd3065edbbd4c842098,dfine_native,93620.0,keyboard,0.4919,435.96,541.97,521.68,616.19,6362.0,85.72,74.22,1.155,False,,True,unattributed,20,evt_01-P01_upper_body_0008,5d8ef9fb8d6af50a,pose_hand_context,,60178.9,2.23,,1,01/e1/v1,rtmpose_baseline
corpus_01,01.Candidate was found using a mobile phone in the examination hall..mkv,b842b03e5784d867e93770560d88150a526250df69077cd3065edbbd4c842098,dfine_native,93620.0,monitor_or_bezel,0.4203,423.91,510.09,536.66,615.75,11911.9,112.74,105.66,1.067,False,,True,unattributed,20,evt_01-P01_upper_body_0008,5d8ef9fb8d6af50a,pose_hand_context,,60178.9,2.23,,1,01/e1/v1,rtmpose_baseline
corpus_01,01.Candidate was found using a mobile phone in the examination hall..mkv,b842b03e5784d867e93770560d88150a526250df69077cd3065edbbd4c842098,dfine_native,93620.0,unknown_object,0.2701,548.5,510.31,616.11,541.73,2124.3,67.61,31.42,2.152,False,,True,unattributed,20,evt_01-P01_upper_body_0008,5d8ef9fb8d6af50a,pose_hand_context,,60178.9,2.23,,1,01/e1/v1,rtmpose_baseline
corpus_01,01.Candidate was found using a mobile phone in the examination hall..mkv,b842b03e5784d867e93770560d88150a526250df69077cd3065edbbd4c842098,dfine_native,93620.0,monitor_or_bezel,0.352,382.35,509.98,536.71,615.95,16357.4,154.36,105.97,1.457,False,,True,unattributed,20,evt_01-P01_upper_body_0008,5d8ef9fb8d6af50a,pose_hand_context,,60178.9,2.23,,1,01/e1/v1,rtmpose_baseline
corpus_01,01.Candidate was found using a mobile phone in the examination hall..mkv,b842b03e5784d867e93770560d88150a526250df69077cd3065edbbd4c842098,dfine_native,93620.0,unknown_object,0.3122,482.85,535.37,667.9,718.49,33886.5,185.05,183.12,1.011,False,,True,unattributed,20,evt_01-P01_upper_body_0008,5d8ef9fb8d6af50a,pose_hand_context,,60178.9,2.23,,1,01/e1/v1,rtmpose_baseline
corpus_01,01.Candidate was found using a mobile phone in the examination hall..mkv,b842b03e5784d867e93770560d88150a526250df69077cd3065edbbd4c842098,dfine_native,93620.0,monitor_or_bezel,0.6058,435.17,530.99,512.93,616.62,6659.0,77.76,85.64,0.908,False,,True,unattributed,23,evt_01-P01_upper_body_0008,6dda818546703860,native_source_context_fallback,wrist_confidence_below_floor,29499.8,3.1,,1,01/e1/v1,rtmpose_baseline
corpus_01,01.Candidate was found using a mobile phone in the examination hall..mkv,b842b03e5784d867e93770560d88150a526250df69077cd3065edbbd4c842098,dfine_native,93620.0,monitor_or_bezel,0.4852,435.23,530.84,513.14,638.77,8408.9,77.91,107.93,0.722,False,,True,unattributed,23,evt_01-P01_upper_body_0008,6dda818546703860,native_source_context_fallback,wrist_confidence_below_floor,29499.8,3.1,,1,01/e1/v1,rtmpose_baseline
corpus_01,01.Candidate was found using a mobile phone in the examination hall..mkv,b842b03e5784d867e93770560d88150a526250df69077cd3065edbbd4c842098,dfine_native,93620.0,keyboard,0.2839,461.07,567.93,513.13,639.3,3715.6,52.06,71.37,0.729,False,,True,unattributed,23,evt_01-P01_upper_body_0008,6dda818546703860,native_source_context_fallback,wrist_confidence_below_floor,29499.8,3.1,,1,01/e1/v1,rtmpose_baseline
corpus_01,01.Candidate was found using a mobile phone in the examination hall..mkv,b842b03e5784d867e93770560d88150a526250df69077cd3065edbbd4c842098,dfine_native,93620.0,keyboard,0.2566,473.34,569.66,513.11,635.88,2633.5,39.77,66.22,0.6,False,,True,unattributed,23,evt_01-P01_upper_body_0008,6dda818546703860,native_source_context_fallback,wrist_confidence_below_floor,29499.8,3.1,,1,01/e1/v1,rtmpose_baseline
corpus_01,01.Candidate was found using a mobile phone in the examination hall..mkv,b842b03e5784d867e93770560d88150a526250df69077cd3065edbbd4c842098,dfine_native,93620.0,keyboard,0.2633,464.11,567.96,513.19,645.9,3824.8,49.08,77.93,0.63,False,,True,unattributed,23,evt_01-P01_upper_body_0008,6dda818546703860,native_source_context_fallback,wrist_confidence_below_floor,29499.8,3.1,,1,01/e1/v1,rtmpose_baseline
corpus_01,01.Candidate was found using a mobile phone in the examination hall..mkv,b842b03e5784d867e93770560d88150a526250df69077cd3065edbbd4c842098,dfine_native,93620.0,monitor_or_bezel,0.3211,435.01,530.81,513.26,655.62,9766.9,78.25,124.81,0.627,False,,True,unattributed,23,evt_01-P01_upper_body_0008,6dda818546703860,native_source_context_fallback,wrist_confidence_below_floor,29499.8,3.1,,1,01/e1/v1,rtmpose_baseline
corpus_01,01.Candidate was found using a mobile phone in the examination hall..mkv,b842b03e5784d867e93770560d88150a526250df69077cd3065edbbd4c842098,dfine_native,93620.0,monitor_or_bezel,0.3664,371.24,511.24,512.94,618.35,15178.2,141.71,107.11,1.323,False,,True,unattributed,23,evt_01-P01_upper_body_0008,6dda818546703860,native_source_context_fallback,wrist_confidence_below_floor,29499.8,3.1,,1,01/e1/v1,rtmpose_baseline
corpus_01,01.Candidate was found using a mobile phone in the examination hall..mkv,b842b03e5784d867e93770560d88150a526250df69077cd3065edbbd4c842098,dfine_native,93620.0,monitor_or_bezel,0.2947,371.07,511.13,513.16,643.27,18775.3,142.09,132.14,1.075,False,,True,unattributed,23,evt_01-P01_upper_body_0008,6dda818546703860,native_source_context_fallback,wrist_confidence_below_floor,29499.8,3.1,,1,01/e1/v1,rtmpose_baseline
corpus_01,01.Candidate was found using a mobile phone in the examination hall..mkv,b842b03e5784d867e93770560d88150a526250df69077cd3065edbbd4c842098,dfine_native,93660.0,unknown_object,0.2792,381.94,533.99,412.2,615.48,2465.7,30.26,81.49,0.371,False,,True,unattributed,23,evt_01-P04_desk_work_surface_0027,7ef433fc39b0410e,native_source_context_fallback,wrist_confidence_below_floor,29274.0,3.05,,1,01/e1/v1,rtmpose_baseline
corpus_01,01.Candidate was found using a mobile phone in the examination hall..mkv,b842b03e5784d867e93770560d88150a526250df69077cd3065edbbd4c842098,dfine_native,93660.0,unknown_object,0.3446,382.44,508.02,520.9,611.72,14358.7,138.46,103.7,1.335,False,,True,unattributed,23,evt_01-P04_desk_work_surface_0027,7ef433fc39b0410e,native_source_context_fallback,wrist_confidence_below_floor,29274.0,3.05,,1,01/e1/v1,rtmpose_baseline
corpus_01,01.Candidate was found using a mobile phone in the examination hall..mkv,b842b03e5784d867e93770560d88150a526250df69077cd3065edbbd4c842098,dfine_native,93660.0,monitor_or_bezel,0.2667,445.22,508.92,521.08,608.82,7577.9,75.86,99.89,0.759,False,,True,unattributed,23,evt_01-P04_desk_work_surface_0027,7ef433fc39b0410e,native_source_context_fallback,wrist_confidence_below_floor,29274.0,3.05,,1,01/e1/v1,rtmpose_baseline
corpus_01,01.Candidate was found using a mobile phone in the examination hall..mkv,b842b03e5784d867e93770560d88150a526250df69077cd3065edbbd4c842098,dfine_native,93660.0,unknown_object,0.2761,382.13,508.02,521.22,716.64,29016.4,139.09,208.62,0.667,False,,True,unattributed,23,evt_01-P04_desk_work_surface_0027,7ef433fc39b0410e,native_source_context_fallback,wrist_confidence_below_floor,29274.0,3.05,,1,01/e1/v1,rtmpose_baseline
corpus_01,01.Candidate was found using a mobile phone in the examination hall..mkv,b842b03e5784d867e93770560d88150a526250df69077cd3065edbbd4c842098,dfine_native,93660.0,unknown_object,0.2575,382.41,508.18,521.09,634.32,17493.8,138.69,126.14,1.099,False,,True,unattributed,23,evt_01-P04_desk_work_surface_0027,7ef433fc39b0410e,native_source_context_fallback,wrist_confidence_below_floor,29274.0,3.05,,1,01/e1/v1,rtmpose_baseline
corpus_01,01.Candidate was found using a mobile phone in the examination hall..mkv,b842b03e5784d867e93770560d88150a526250df69077cd3065edbbd4c842098,dfine_native,93660.0,unknown_object,0.2781,382.17,508.31,521.25,716.7,28984.7,139.09,208.39,0.667,False,,True,unattributed,23,evt_01-P04_desk_work_surface_0027,7ef433fc39b0410e,native_source_context_fallback,wrist_confidence_below_floor,29274.0,3.05,,1,01/e1/v1,rtmpose_baseline
corpus_01,01.Candidate was found using a mobile phone in the examination hall..mkv,b842b03e5784d867e93770560d88150a526250df69077cd3065edbbd4c842098,dfine_native,93660.0,unknown_object,0.6908,489.97,533.11,644.54,716.06,28278.8,154.57,182.95,0.845,False,,True,unattributed,20,evt_01-P04_desk_work_surface_0027,95c8fc45c3aa0544,native_source_context_fallback,wrist_confidence_below_floor,42803.3,2.79,,1,01/e1/v1,rtmpose_baseline
corpus_01,01.Candidate was found using a mobile phone in the examination hall..mkv,b842b03e5784d867e93770560d88150a526250df69077cd3065edbbd4c842098,dfine_native,93660.0,unknown_object,0.6925,604.57,531.05,700.57,645.55,10992.0,96.0,114.5,0.838,False,,True,unattributed,20,evt_01-P04_desk_work_surface_0027,95c8fc45c3aa0544,native_source_context_fallback,wrist_confidence_below_floor,42803.3,2.79,,1,01/e1/v1,rtmpose_baseline
corpus_01,01.Candidate was found using a mobile phone in the examination hall..mkv,b842b03e5784d867e93770560d88150a526250df69077cd3065edbbd4c842098,dfine_native,93660.0,unknown_object,0.4555,687.49,533.75,710.0,554.87,475.5,22.51,21.13,1.065,False,,True,unattributed,20,evt_01-P04_desk_work_surface_0027,95c8fc45c3aa0544,native_source_context_fallback,wrist_confidence_below_floor,42803.3,2.79,,1,01/e1/v1,rtmpose_baseline
corpus_01,01.Candidate was found using a mobile phone in the examination hall..mkv,b842b03e5784d867e93770560d88150a526250df69077cd3065edbbd4c842098,dfine_native,93660.0,unknown_object,0.4265,482.3,632.91,708.74,716.94,19027.8,226.44,84.03,2.695,False,,True,unattributed,20,evt_01-P04_desk_work_surface_0027,95c8fc45c3aa0544,native_source_context_fallback,wrist_confidence_below_floor,42803.3,2.79,,1,01/e1/v1,rtmpose_baseline
corpus_01,01.Candidate was found using a mobile phone in the examination hall..mkv,b842b03e5784d867e93770560d88150a526250df69077cd3065edbbd4c842098,dfine_native,93660.0,unknown_object,0.4458,536.56,530.99,700.26,645.75,18787.3,163.7,114.76,1.426,False,,True,unattributed,20,evt_01-P04_desk_work_surface_0027,95c8fc45c3aa0544,native_source_context_fallback,wrist_confidence_below_floor,42803.3,2.79,,1,01/e1/v1,rtmpose_baseline
corpus_01,01.Candidate was found using a mobile phone in the examination hall..mkv,b842b03e5784d867e93770560d88150a526250df69077cd3065edbbd4c842098,dfine_native,93660.0,unknown_object,0.2693,481.03,611.08,523.32,714.24,4362.7,42.29,103.16,0.41,False,,True,unattributed,20,evt_01-P04_desk_work_surface_0027,95c8fc45c3aa0544,native_source_context_fallback,wrist_confidence_below_floor,42803.3,2.79,,1,01/e1/v1,rtmpose_baseline
corpus_01,01.Candidate was found using a mobile phone in the examination hall..mkv,b842b03e5784d867e93770560d88150a526250df69077cd3065edbbd4c842098,dfine_native,93660.0,unknown_object,0.423,481.23,611.25,709.2,716.62,24020.1,227.97,105.36,2.164,False,,True,unattributed,20,evt_01-P04_desk_work_surface_0027,95c8fc45c3aa0544,native_source_context_fallback,wrist_confidence_below_floor,42803.3,2.79,,1,01/e1/v1,rtmpose_baseline
corpus_01,01.Candidate was found using a mobile phone in the examination hall..mkv,b842b03e5784d867e93770560d88150a526250df69077cd3065edbbd4c842098,dfine_native,93660.0,keyboard,0.2901,481.03,532.9,521.22,601.34,2750.9,40.19,68.45,0.587,False,,True,unattributed,20,evt_01-P04_desk_work_surface_0027,95c8fc45c3aa0544,native_source_context_fallback,wrist_confidence_below_floor,42803.3,2.79,,1,01/e1/v1,rtmpose_baseline
corpus_01,01.Candidate was found using a mobile phone in the examination hall..mkv,b842b03e5784d867e93770560d88150a526250df69077cd3065edbbd4c842098,dfine_native,93660.0,unknown_object,0.2874,615.41,633.42,708.64,716.83,7776.9,93.23,83.41,1.118,False,,True,unattributed,20,evt_01-P04_desk_work_surface_0027,95c8fc45c3aa0544,native_source_context_fallback,wrist_confidence_below_floor,42803.3,2.79,,1,01/e1/v1,rtmpose_baseline
corpus_01,01.Candidate was found using a mobile phone in the examination hall..mkv,b842b03e5784d867e93770560d88150a526250df69077cd3065edbbd4c842098,dfine_native,93660.0,keyboard,0.3807,481.05,541.87,520.83,598.69,2260.6,39.79,56.82,0.7,False,,True,unattributed,20,evt_01-P04_desk_work_surface_0027,95c8fc45c3aa0544,native_source_context_fallback,wrist_confidence_below_floor,42803.3,2.79,,1,01/e1/v1,rtmpose_baseline
corpus_01,01.Candidate was found using a mobile phone in the examination hall..mkv,b842b03e5784d867e93770560d88150a526250df69077cd3065edbbd4c842098,dfine_native,93660.0,unknown_object,0.3206,483.25,531.36,700.86,716.56,40301.7,217.61,185.2,1.175,False,,True,unattributed,20,evt_01-P04_desk_work_surface_0027,95c8fc45c3aa0544,native_source_context_fallback,wrist_confidence_below_floor,42803.3,2.79,,1,01/e1/v1,rtmpose_baseline
corpus_01,01.Candidate was found using a mobile phone in the examination hall..mkv,b842b03e5784d867e93770560d88150a526250df69077cd3065edbbd4c842098,dfine_native,94100.0,monitor_or_bezel,0.4222,432.0,673.27,504.11,718.75,3279.9,72.12,45.48,1.586,False,,True,unattributed,23,evt_01-P01_desk_work_surface_0004,9db944323245ec94,pose_hand_context,,20603.8,3.7,,1,01/e1/v1,rtmpose_baseline
corpus_01,01.Candidate was found using a mobile phone in the examination hall..mkv,b842b03e5784d867e93770560d88150a526250df69077cd3065edbbd4c842098,dfine_native,94100.0,unknown_object,0.3199,545.27,600.06,604.97,719.12,7107.9,59.7,119.06,0.501,False,,True,unattributed,23,evt_01-P01_desk_work_surface_0004,9db944323245ec94,pose_hand_context,,20603.8,3.7,,1,01/e1/v1,rtmpose_baseline
corpus_01,01.Candidate was found using a mobile phone in the examination hall..mkv,b842b03e5784d867e93770560d88150a526250df69077cd3065edbbd4c842098,dfine_native,94100.0,monitor_or_bezel,0.3568,431.95,600.15,504.65,718.48,8603.0,72.7,118.33,0.614,False,,True,unattributed,23,evt_01-P01_desk_work_surface_0004,9db944323245ec94,pose_hand_context,,20603.8,3.7,,1,01/e1/v1,rtmpose_baseline
corpus_01,01.Candidate was found using a mobile phone in the examination hall..mkv,b842b03e5784d867e93770560d88150a526250df69077cd3065edbbd4c842098,dfine_native,94100.0,monitor_or_bezel,0.2753,431.93,600.17,504.29,703.19,7454.0,72.36,103.02,0.702,False,,True,unattributed,23,evt_01-P01_desk_work_surface_0004,9db944323245ec94,pose_hand_context,,20603.8,3.7,,1,01/e1/v1,rtmpose_baseline
corpus_01,01.Candidate was found using a mobile phone in the examination hall..mkv,b842b03e5784d867e93770560d88150a526250df69077cd3065edbbd4c842098,dfine_native,94100.0,unknown_object,0.7595,692.34,438.67,742.94,576.63,6979.9,50.59,137.96,0.367,False,,True,unattributed,20,evt_01-P01_desk_work_surface_0004,b6c885fe93a4d710,pose_hand_context,,79912.8,2.26,,1,01/e1/v1,rtmpose_baseline
corpus_01,01.Candidate was found using a mobile phone in the examination hall..mkv,b842b03e5784d867e93770560d88150a526250df69077cd3065edbbd4c842098,dfine_native,94100.0,unknown_object,0.4137,459.01,550.07,504.21,710.12,7235.0,45.2,160.05,0.282,False,,True,unattributed,20,evt_01-P01_desk_work_surface_0004,b6c885fe93a4d710,pose_hand_context,,79912.8,2.26,,1,01/e1/v1,rtmpose_baseline
corpus_01,01.Candidate was found using a mobile phone in the examination hall..mkv,b842b03e5784d867e93770560d88150a526250df69077cd3065edbbd4c842098,dfine_native,94100.0,unknown_object,0.31,576.06,438.57,694.7,522.45,9950.6,118.64,83.87,1.415,False,,True,unattributed,20,evt_01-P01_desk_work_surface_0004,b6c885fe93a4d710,pose_hand_context,,79912.8,2.26,,1,01/e1/v1,rtmpose_baseline
corpus_01,01.Candidate was found using a mobile phone in the examination hall..mkv,b842b03e5784d867e93770560d88150a526250df69077cd3065edbbd4c842098,dfine_native,94100.0,unknown_object,0.3582,695.08,438.59,742.94,507.29,3287.5,47.86,68.69,0.697,False,,True,unattributed,20,evt_01-P01_desk_work_surface_0004,b6c885fe93a4d710,pose_hand_context,,79912.8,2.26,,1,01/e1/v1,rtmpose_baseline
corpus_01,01.Candidate was found using a mobile phone in the examination hall..mkv,b842b03e5784d867e93770560d88150a526250df69077cd3065edbbd4c842098,dfine_native,94100.0,unknown_object,0.2594,459.02,551.13,493.43,657.69,3666.3,34.4,106.56,0.323,False,,True,unattributed,20,evt_01-P01_desk_work_surface_0004,b6c885fe93a4d710,pose_hand_context,,79912.8,2.26,,1,01/e1/v1,rtmpose_baseline
corpus_01,01.Candidate was found using a mobile phone in the examination hall..mkv,b842b03e5784d867e93770560d88150a526250df69077cd3065edbbd4c842098,dfine_native,94100.0,unknown_object,0.2608,575.94,452.38,639.28,516.83,4082.6,63.34,64.45,0.983,False,,True,unattributed,20,evt_01-P01_desk_work_surface_0004,b6c885fe93a4d710,pose_hand_context,,79912.8,2.26,,1,01/e1/v1,rtmpose_baseline
corpus_01,01.Candidate was found using a mobile phone in the examination hall..mkv,b842b03e5784d867e93770560d88150a526250df69077cd3065edbbd4c842098,dfine_native,94100.0,unknown_object,0.2693,639.62,438.63,695.28,510.74,4013.8,55.66,72.11,0.772,False,,True,unattributed,20,evt_01-P01_desk_work_surface_0004,b6c885fe93a4d710,pose_hand_context,,79912.8,2.26,,1,01/e1/v1,rtmpose_baseline
corpus_01,01.Candidate was found using a mobile phone in the examination hall..mkv,b842b03e5784d867e93770560d88150a526250df69077cd3065edbbd4c842098,dfine_native,94100.0,unknown_object,0.2728,578.74,438.69,742.9,578.0,22871.0,164.17,139.32,1.178,False,,True,unattributed,20,evt_01-P01_desk_work_surface_0004,b6c885fe93a4d710,pose_hand_context,,79912.8,2.26,,1,01/e1/v1,rtmpose_baseline
corpus_01,01.Candidate was found using a mobile phone in the examination hall..mkv,b842b03e5784d867e93770560d88150a526250df69077cd3065edbbd4c842098,dfine_native,94100.0,unknown_object,0.265,572.8,438.79,656.42,537.16,8226.3,83.62,98.37,0.85,False,,True,unattributed,20,evt_01-P01_desk_work_surface_0004,b6c885fe93a4d710,pose_hand_context,,79912.8,2.26,,1,01/e1/v1,rtmpose_baseline
corpus_01,01.Candidate was found using a mobile phone in the examination hall..mkv,b842b03e5784d867e93770560d88150a526250df69077cd3065edbbd4c842098,dfine_native,94620.0,unknown_object,0.5501,707.98,449.78,738.92,506.4,1751.4,30.93,56.62,0.546,False,,True,unattributed,23,evt_01-P01_upper_body_0008,32d51cf4abbecb61,native_source_context_fallback,no_pose_observation,27151.6,3.61,,1,01/e1/v1,
corpus_01,01.Candidate was found using a mobile phone in the examination hall..mkv,b842b03e5784d867e93770560d88150a526250df69077cd3065edbbd4c842098,dfine_native,94620.0,unknown_object,0.5242,691.53,404.94,738.92,453.34,2293.5,47.39,48.4,0.979,False,,True,unattributed,23,evt_01-P01_upper_body_0008,32d51cf4abbecb61,native_source_context_fallback,no_pose_observation,27151.6,3.61,,1,01/e1/v1,
corpus_01,01.Candidate was found using a mobile phone in the examination hall..mkv,b842b03e5784d867e93770560d88150a526250df69077cd3065edbbd4c842098,dfine_native,94620.0,unknown_object,0.5029,612.31,415.17,719.79,566.32,16246.3,107.48,151.16,0.711,False,,True,unattributed,23,evt_01-P01_upper_body_0008,32d51cf4abbecb61,native_source_context_fallback,no_pose_observation,27151.6,3.61,,1,01/e1/v1,
corpus_01,01.Candidate was found using a mobile phone in the examination hall..mkv,b842b03e5784d867e93770560d88150a526250df69077cd3065edbbd4c842098,dfine_native,94620.0,unknown_object,0.623,610.02,391.78,720.12,566.16,19198.7,110.1,174.37,0.631,False,,True,unattributed,23,evt_01-P01_upper_body_0008,32d51cf4abbecb61,native_source_context_fallback,no_pose_observation,27151.6,3.61,,1,01/e1/v1,
corpus_01,01.Candidate was found using a mobile phone in the examination hall..mkv,b842b03e5784d867e93770560d88150a526250df69077cd3065edbbd4c842098,dfine_native,94620.0,unknown_object,0.3065,686.17,390.15,738.97,452.58,3295.8,52.8,62.42,0.846,False,,True,unattributed,23,evt_01-P01_upper_body_0008,32d51cf4abbecb61,native_source_context_fallback,no_pose_observation,27151.6,3.61,,1,01/e1/v1,
corpus_01,01.Candidate was found using a mobile phone in the examination hall..mkv,b842b03e5784d867e93770560d88150a526250df69077cd3065edbbd4c842098,dfine_native,94620.0,unknown_object,0.3207,693.89,431.33,720.39,460.16,763.8,26.5,28.82,0.919,False,,True,unattributed,23,evt_01-P01_upper_body_0008,32d51cf4abbecb61,native_source_context_fallback,no_pose_observation,27151.6,3.61,,1,01/e1/v1,
corpus_01,01.Candidate was found using a mobile phone in the examination hall..mkv,b842b03e5784d867e93770560d88150a526250df69077cd3065edbbd4c842098,dfine_native,94620.0,unknown_object,0.3314,691.45,404.55,739.09,506.83,4872.6,47.64,102.28,0.466,False,,True,unattributed,23,evt_01-P01_upper_body_0008,32d51cf4abbecb61,native_source_context_fallback,no_pose_observation,27151.6,3.61,,1,01/e1/v1,
corpus_01,01.Candidate was found using a mobile phone in the examination hall..mkv,b842b03e5784d867e93770560d88150a526250df69077cd3065edbbd4c842098,dfine_native,94620.0,unknown_object,0.2732,708.47,449.76,738.9,476.77,821.9,30.43,27.01,1.127,False,,True,unattributed,23,evt_01-P01_upper_body_0008,32d51cf4abbecb61,native_source_context_fallback,no_pose_observation,27151.6,3.61,,1,01/e1/v1,
corpus_01,01.Candidate was found using a mobile phone in the examination hall..mkv,b842b03e5784d867e93770560d88150a526250df69077cd3065edbbd4c842098,dfine_native,94620.0,unknown_object,0.3522,586.51,490.41,616.66,565.58,2266.0,30.15,75.17,0.401,False,,True,unattributed,23,evt_01-P01_upper_body_0008,32d51cf4abbecb61,native_source_context_fallback,no_pose_observation,27151.6,3.61,,1,01/e1/v1,
corpus_01,01.Candidate was found using a mobile phone in the examination hall..mkv,b842b03e5784d867e93770560d88150a526250df69077cd3065edbbd4c842098,dfine_native,94620.0,unknown_object,0.3321,621.16,390.63,681.17,437.7,2824.8,60.01,47.07,1.275,False,,True,unattributed,23,evt_01-P01_upper_body_0008,32d51cf4abbecb61,native_source_context_fallback,no_pose_observation,27151.6,3.61,,1,01/e1/v1,
corpus_01,01.Candidate was found using a mobile phone in the examination hall..mkv,b842b03e5784d867e93770560d88150a526250df69077cd3065edbbd4c842098,dfine_native,94620.0,unknown_object,0.3315,691.87,404.94,738.83,433.67,1349.3,46.96,28.73,1.634,False,,True,unattributed,23,evt_01-P01_upper_body_0008,32d51cf4abbecb61,native_source_context_fallback,no_pose_observation,27151.6,3.61,,1,01/e1/v1,
corpus_01,01.Candidate was found using a mobile phone in the examination hall..mkv,b842b03e5784d867e93770560d88150a526250df69077cd3065edbbd4c842098,dfine_native,94620.0,unknown_object,0.3009,585.92,426.74,620.57,464.95,1323.7,34.64,38.21,0.907,False,,True,unattributed,23,evt_01-P01_upper_body_0008,32d51cf4abbecb61,native_source_context_fallback,no_pose_observation,27151.6,3.61,,1,01/e1/v1,
corpus_01,01.Candidate was found using a mobile phone in the examination hall..mkv,b842b03e5784d867e93770560d88150a526250df69077cd3065edbbd4c842098,dfine_native,94620.0,unknown_object,0.502,627.35,416.5,718.74,566.08,13670.8,91.39,149.58,0.611,False,,True,unattributed,23,evt_01-P01_upper_body_0008,32d51cf4abbecb61,native_source_context_fallback,no_pose_observation,27151.6,3.61,,1,01/e1/v1,
corpus_01,01.Candidate was found using a mobile phone in the examination hall..mkv,b842b03e5784d867e93770560d88150a526250df69077cd3065edbbd4c842098,dfine_native,94620.0,unknown_object,0.2569,686.37,390.07,729.51,416.22,1128.0,43.14,26.15,1.65,False,,True,unattributed,23,evt_01-P01_upper_body_0008,32d51cf4abbecb61,native_source_context_fallback,no_pose_observation,27151.6,3.61,,1,01/e1/v1,
corpus_01,01.Candidate was found using a mobile phone in the examination hall..mkv,b842b03e5784d867e93770560d88150a526250df69077cd3065edbbd4c842098,dfine_native,94620.0,unknown_object,0.3647,588.6,526.17,738.52,566.91,6108.0,149.92,40.74,3.68,False,,True,unattributed,23,evt_01-P01_upper_body_0008,32d51cf4abbecb61,native_source_context_fallback,no_pose_observation,27151.6,3.61,,1,01/e1/v1,
corpus_01,01.Candidate was found using a mobile phone in the examination hall..mkv,b842b03e5784d867e93770560d88150a526250df69077cd3065edbbd4c842098,dfine_native,94620.0,unknown_object,0.2687,589.2,527.4,689.78,566.9,3972.8,100.59,39.5,2.547,False,,True,unattributed,23,evt_01-P01_upper_body_0008,32d51cf4abbecb61,native_source_context_fallback,no_pose_observation,27151.6,3.61,,1,01/e1/v1,
corpus_01,01.Candidate was found using a mobile phone in the examination hall..mkv,b842b03e5784d867e93770560d88150a526250df69077cd3065edbbd4c842098,dfine_native,94620.0,unknown_object,0.2901,619.78,391.0,737.94,566.07,20686.2,118.16,175.07,0.675,False,,True,unattributed,23,evt_01-P01_upper_body_0008,32d51cf4abbecb61,native_source_context_fallback,no_pose_observation,27151.6,3.61,,1,01/e1/v1,
corpus_01,01.Candidate was found using a mobile phone in the examination hall..mkv,b842b03e5784d867e93770560d88150a526250df69077cd3065edbbd4c842098,dfine_native,94620.0,unknown_object,0.3613,628.22,412.17,691.91,483.36,4533.8,63.69,71.19,0.895,False,,True,unattributed,25,evt_01-P01_upper_body_0008,4ba0c4be5964f03b,native_source_context_fallback,no_pose_observation,6983.2,7.01,,1,01/e1/v1,
corpus_01,01.Candidate was found using a mobile phone in the examination hall..mkv,b842b03e5784d867e93770560d88150a526250df69077cd3065edbbd4c842098,dfine_native,94620.0,unknown_object,0.3103,596.01,427.23,621.15,455.57,712.3,25.13,28.34,0.887,False,,True,unattributed,25,evt_01-P01_upper_body_0008,4ba0c4be5964f03b,native_source_context_fallback,no_pose_observation,6983.2,7.01,,1,01/e1/v1,
corpus_01,01.Candidate was found using a mobile phone in the examination hall..mkv,b842b03e5784d867e93770560d88150a526250df69077cd3065edbbd4c842098,dfine_native,94620.0,unknown_object,0.7644,610.15,472.07,673.91,561.05,5673.0,63.76,88.98,0.717,False,,True,unattributed,24,evt_01-P01_upper_body_0008,65f95c2461713bcc,pose_hand_context,,11008.2,6.1,,1,01/e1/v1,rtmpose_baseline
corpus_01,01.Candidate was found using a mobile phone in the examination hall..mkv,b842b03e5784d867e93770560d88150a526250df69077cd3065edbbd4c842098,dfine_native,94620.0,unknown_object,0.4216,585.8,486.17,616.77,570.41,2608.5,30.97,84.24,0.368,False,,True,unattributed,24,evt_01-P01_upper_body_0008,65f95c2461713bcc,pose_hand_context,,11008.2,6.1,,1,01/e1/v1,rtmpose_baseline
corpus_01,01.Candidate was found using a mobile phone in the examination hall..mkv,b842b03e5784d867e93770560d88150a526250df69077cd3065edbbd4c842098,dfine_native,94620.0,unknown_object,0.4921,610.23,471.74,673.86,543.31,4553.9,63.63,71.57,0.889,False,,True,unattributed,24,evt_01-P01_upper_body_0008,65f95c2461713bcc,pose_hand_context,,11008.2,6.1,,1,01/e1/v1,rtmpose_baseline
corpus_01,01.Candidate was found using a mobile phone in the examination hall..mkv,b842b03e5784d867e93770560d88150a526250df69077cd3065edbbd4c842098,dfine_native,94620.0,unknown_object,0.3468,610.67,474.57,636.42,528.52,1389.6,25.76,53.95,0.477,False,,True,unattributed,24,evt_01-P01_upper_body_0008,65f95c2461713bcc,pose_hand_context,,11008.2,6.1,,1,01/e1/v1,rtmpose_baseline
corpus_01,01.Candidate was found using a mobile phone in the examination hall..mkv,b842b03e5784d867e93770560d88150a526250df69077cd3065edbbd4c842098,dfine_native,94620.0,unknown_object,0.3155,585.33,527.55,673.81,575.72,4261.9,88.47,48.17,1.837,False,,True,unattributed,24,evt_01-P01_upper_body_0008,65f95c2461713bcc,pose_hand_context,,11008.2,6.1,,1,01/e1/v1,rtmpose_baseline
corpus_01,01.Candidate was found using a mobile phone in the examination hall..mkv,b842b03e5784d867e93770560d88150a526250df69077cd3065edbbd4c842098,dfine_native,94620.0,unknown_object,0.3058,610.25,471.92,673.93,574.63,6539.6,63.67,102.7,0.62,False,,True,unattributed,24,evt_01-P01_upper_body_0008,65f95c2461713bcc,pose_hand_context,,11008.2,6.1,,1,01/e1/v1,rtmpose_baseline
corpus_01,01.Candidate was found using a mobile phone in the examination hall..mkv,b842b03e5784d867e93770560d88150a526250df69077cd3065edbbd4c842098,dfine_native,94620.0,unknown_object,0.6068,489.27,540.34,583.43,651.68,10483.3,94.16,111.34,0.846,False,,True,unattributed,26,evt_01-P01_upper_body_0008,aa8dddfe4ce6ab00,pose_hand_context,,68392.7,2.45,,1,01/e1/v1,rtmpose_baseline
corpus_01,01.Candidate was found using a mobile phone in the examination hall..mkv,b842b03e5784d867e93770560d88150a526250df69077cd3065edbbd4c842098,dfine_native,94620.0,monitor_or_bezel,0.4253,489.07,392.4,531.62,452.75,2568.2,42.55,60.35,0.705,False,,True,unattributed,26,evt_01-P01_upper_body_0008,aa8dddfe4ce6ab00,pose_hand_context,,68392.7,2.45,,1,01/e1/v1,rtmpose_baseline
corpus_01,01.Candidate was found using a mobile phone in the examination hall..mkv,b842b03e5784d867e93770560d88150a526250df69077cd3065edbbd4c842098,dfine_native,94620.0,unknown_object,0.3901,708.65,447.31,750.98,528.63,3441.9,42.33,81.32,0.521,False,,True,unattributed,26,evt_01-P01_upper_body_0008,aa8dddfe4ce6ab00,pose_hand_context,,68392.7,2.45,,1,01/e1/v1,rtmpose_baseline
corpus_01,01.Candidate was found using a mobile phone in the examination hall..mkv,b842b03e5784d867e93770560d88150a526250df69077cd3065edbbd4c842098,dfine_native,94620.0,unknown_object,0.4032,691.51,404.71,750.74,452.81,2849.5,59.23,48.11,1.231,False,,True,unattributed,26,evt_01-P01_upper_body_0008,aa8dddfe4ce6ab00,pose_hand_context,,68392.7,2.45,,1,01/e1/v1,rtmpose_baseline
corpus_01,01.Candidate was found using a mobile phone in the examination hall..mkv,b842b03e5784d867e93770560d88150a526250df69077cd3065edbbd4c842098,dfine_native,94620.0,unknown_object,0.369,519.06,540.56,584.27,651.62,7242.2,65.21,111.06,0.587,False,,True,unattributed,26,evt_01-P01_upper_body_0008,aa8dddfe4ce6ab00,pose_hand_context,,68392.7,2.45,,1,01/e1/v1,rtmpose_baseline
corpus_01,01.Candidate was found using a mobile phone in the examination hall..mkv,b842b03e5784d867e93770560d88150a526250df69077cd3065edbbd4c842098,dfine_native,94620.0,unknown_object,0.2621,489.02,415.11,534.6,512.04,4418.0,45.58,96.92,0.47,False,,True,unattributed,26,evt_01-P01_upper_body_0008,aa8dddfe4ce6ab00,pose_hand_context,,68392.7,2.45,,1,01/e1/v1,rtmpose_baseline
corpus_01,01.Candidate was found using a mobile phone in the examination hall..mkv,b842b03e5784d867e93770560d88150a526250df69077cd3065edbbd4c842098,dfine_native,94620.0,unknown_object,0.2591,691.13,403.59,750.98,525.79,7313.8,59.85,122.2,0.49,False,,True,unattributed,26,evt_01-P01_upper_body_0008,aa8dddfe4ce6ab00,pose_hand_context,,68392.7,2.45,,1,01/e1/v1,rtmpose_baseline
corpus_01,01.Candidate was found using a mobile phone in the examination hall..mkv,b842b03e5784d867e93770560d88150a526250df69077cd3065edbbd4c842098,dfine_native,94620.0,unknown_object,0.3699,708.82,447.65,750.95,506.98,2499.9,42.13,59.34,0.71,False,,True,unattributed,26,evt_01-P01_upper_body_0008,aa8dddfe4ce6ab00,pose_hand_context,,68392.7,2.45,,1,01/e1/v1,rtmpose_baseline
corpus_01,01.Candidate was found using a mobile phone in the examination hall..mkv,b842b03e5784d867e93770560d88150a526250df69077cd3065edbbd4c842098,dfine_native,94620.0,mouse,0.2675,525.82,464.22,536.72,478.33,153.8,10.9,14.11,0.773,False,,True,unattributed,26,evt_01-P01_upper_body_0008,aa8dddfe4ce6ab00,pose_hand_context,,68392.7,2.45,,1,01/e1/v1,rtmpose_baseline
corpus_01,01.Candidate was found using a mobile phone in the examination hall..mkv,b842b03e5784d867e93770560d88150a526250df69077cd3065edbbd4c842098,dfine_native,94620.0,unknown_object,0.2721,691.99,404.88,749.74,433.73,1666.0,57.75,28.85,2.002,False,,True,unattributed,26,evt_01-P01_upper_body_0008,aa8dddfe4ce6ab00,pose_hand_context,,68392.7,2.45,,1,01/e1/v1,rtmpose_baseline
corpus_01,01.Candidate was found using a mobile phone in the examination hall..mkv,b842b03e5784d867e93770560d88150a526250df69077cd3065edbbd4c842098,dfine_native,94620.0,phone,0.4356,618.4,474.74,630.84,489.99,189.7,12.44,15.25,0.816,False,,True,unattributed,26,evt_01-P01_upper_body_0008,aa8dddfe4ce6ab00,pose_hand_context,,68392.7,2.45,,1,01/e1/v1,rtmpose_baseline
corpus_01,01.Candidate was found using a mobile phone in the examination hall..mkv,b842b03e5784d867e93770560d88150a526250df69077cd3065edbbd4c842098,dfine_native,94620.0,unknown_object,0.6068,489.27,540.34,583.43,651.68,10483.3,94.16,111.34,0.846,False,,True,unattributed,20,evt_01-P01_upper_body_0008,aa8dddfe4ce6ab00,pose_hand_context,,68392.7,2.45,,1,01/e1/v1,rtmpose_baseline
corpus_01,01.Candidate was found using a mobile phone in the examination hall..mkv,b842b03e5784d867e93770560d88150a526250df69077cd3065edbbd4c842098,dfine_native,94620.0,monitor_or_bezel,0.4253,489.07,392.4,531.62,452.75,2568.2,42.55,60.35,0.705,False,,True,unattributed,20,evt_01-P01_upper_body_0008,aa8dddfe4ce6ab00,pose_hand_context,,68392.7,2.45,,1,01/e1/v1,rtmpose_baseline
corpus_01,01.Candidate was found using a mobile phone in the examination hall..mkv,b842b03e5784d867e93770560d88150a526250df69077cd3065edbbd4c842098,dfine_native,94620.0,unknown_object,0.3901,708.65,447.31,750.98,528.63,3441.9,42.33,81.32,0.521,False,,True,unattributed,20,evt_01-P01_upper_body_0008,aa8dddfe4ce6ab00,pose_hand_context,,68392.7,2.45,,1,01/e1/v1,rtmpose_baseline
corpus_01,01.Candidate was found using a mobile phone in the examination hall..mkv,b842b03e5784d867e93770560d88150a526250df69077cd3065edbbd4c842098,dfine_native,94620.0,unknown_object,0.4032,691.51,404.71,750.74,452.81,2849.5,59.23,48.11,1.231,False,,True,unattributed,20,evt_01-P01_upper_body_0008,aa8dddfe4ce6ab00,pose_hand_context,,68392.7,2.45,,1,01/e1/v1,rtmpose_baseline
corpus_01,01.Candidate was found using a mobile phone in the examination hall..mkv,b842b03e5784d867e93770560d88150a526250df69077cd3065edbbd4c842098,dfine_native,94620.0,unknown_object,0.369,519.06,540.56,584.27,651.62,7242.2,65.21,111.06,0.587,False,,True,unattributed,20,evt_01-P01_upper_body_0008,aa8dddfe4ce6ab00,pose_hand_context,,68392.7,2.45,,1,01/e1/v1,rtmpose_baseline
corpus_01,01.Candidate was found using a mobile phone in the examination hall..mkv,b842b03e5784d867e93770560d88150a526250df69077cd3065edbbd4c842098,dfine_native,94620.0,unknown_object,0.2621,489.02,415.11,534.6,512.04,4418.0,45.58,96.92,0.47,False,,True,unattributed,20,evt_01-P01_upper_body_0008,aa8dddfe4ce6ab00,pose_hand_context,,68392.7,2.45,,1,01/e1/v1,rtmpose_baseline
corpus_01,01.Candidate was found using a mobile phone in the examination hall..mkv,b842b03e5784d867e93770560d88150a526250df69077cd3065edbbd4c842098,dfine_native,94620.0,unknown_object,0.2591,691.13,403.59,750.98,525.79,7313.8,59.85,122.2,0.49,False,,True,unattributed,20,evt_01-P01_upper_body_0008,aa8dddfe4ce6ab00,pose_hand_context,,68392.7,2.45,,1,01/e1/v1,rtmpose_baseline
corpus_01,01.Candidate was found using a mobile phone in the examination hall..mkv,b842b03e5784d867e93770560d88150a526250df69077cd3065edbbd4c842098,dfine_native,94620.0,unknown_object,0.3699,708.82,447.65,750.95,506.98,2499.9,42.13,59.34,0.71,False,,True,unattributed,20,evt_01-P01_upper_body_0008,aa8dddfe4ce6ab00,pose_hand_context,,68392.7,2.45,,1,01/e1/v1,rtmpose_baseline
corpus_01,01.Candidate was found using a mobile phone in the examination hall..mkv,b842b03e5784d867e93770560d88150a526250df69077cd3065edbbd4c842098,dfine_native,94620.0,mouse,0.2675,525.82,464.22,536.72,478.33,153.8,10.9,14.11,0.773,False,,True,unattributed,20,evt_01-P01_upper_body_0008,aa8dddfe4ce6ab00,pose_hand_context,,68392.7,2.45,,1,01/e1/v1,rtmpose_baseline
corpus_01,01.Candidate was found using a mobile phone in the examination hall..mkv,b842b03e5784d867e93770560d88150a526250df69077cd3065edbbd4c842098,dfine_native,94620.0,unknown_object,0.2721,691.99,404.88,749.74,433.73,1666.0,57.75,28.85,2.002,False,,True,unattributed,20,evt_01-P01_upper_body_0008,aa8dddfe4ce6ab00,pose_hand_context,,68392.7,2.45,,1,01/e1/v1,rtmpose_baseline
corpus_01,01.Candidate was found using a mobile phone in the examination hall..mkv,b842b03e5784d867e93770560d88150a526250df69077cd3065edbbd4c842098,dfine_native,94620.0,phone,0.4356,618.4,474.74,630.84,489.99,189.7,12.44,15.25,0.816,False,,True,unattributed,20,evt_01-P01_upper_body_0008,aa8dddfe4ce6ab00,pose_hand_context,,68392.7,2.45,,1,01/e1/v1,rtmpose_baseline
corpus_01,01.Candidate was found using a mobile phone in the examination hall..mkv,b842b03e5784d867e93770560d88150a526250df69077cd3065edbbd4c842098,dfine_native,94660.0,unknown_object,0.5609,490.57,540.34,588.38,647.63,10494.9,97.81,107.29,0.912,False,,True,unattributed,20,evt_01-P04_desk_work_surface_0027,534ab31a91aa2d0d,pose_hand_context,,67548.0,2.46,,1,01/e1/v1,rtmpose_baseline
corpus_01,01.Candidate was found using a mobile phone in the examination hall..mkv,b842b03e5784d867e93770560d88150a526250df69077cd3065edbbd4c842098,dfine_native,94660.0,unknown_object,0.4715,518.1,540.62,589.61,647.51,7643.7,71.51,106.89,0.669,False,,True,unattributed,20,evt_01-P04_desk_work_surface_0027,534ab31a91aa2d0d,pose_hand_context,,67548.0,2.46,,1,01/e1/v1,rtmpose_baseline
corpus_01,01.Candidate was found using a mobile phone in the examination hall..mkv,b842b03e5784d867e93770560d88150a526250df69077cd3065edbbd4c842098,dfine_native,94660.0,unknown_object,0.4299,691.1,404.68,749.81,455.91,3007.7,58.71,51.23,1.146,False,,True,unattributed,20,evt_01-P04_desk_work_surface_0027,534ab31a91aa2d0d,pose_hand_context,,67548.0,2.46,,1,01/e1/v1,rtmpose_baseline
corpus_01,01.Candidate was found using a mobile phone in the examination hall..mkv,b842b03e5784d867e93770560d88150a526250df69077cd3065edbbd4c842098,dfine_native,94660.0,monitor_or_bezel,0.4361,490.06,390.44,531.56,452.63,2580.8,41.5,62.19,0.667,False,,True,unattributed,20,evt_01-P04_desk_work_surface_0027,534ab31a91aa2d0d,pose_hand_context,,67548.0,2.46,,1,01/e1/v1,rtmpose_baseline
corpus_01,01.Candidate was found using a mobile phone in the examination hall..mkv,b842b03e5784d867e93770560d88150a526250df69077cd3065edbbd4c842098,dfine_native,94660.0,phone,0.4391,618.27,475.03,631.66,489.59,195.0,13.4,14.56,0.92,False,,True,unattributed,20,evt_01-P04_desk_work_surface_0027,534ab31a91aa2d0d,pose_hand_context,,67548.0,2.46,,1,01/e1/v1,rtmpose_baseline
corpus_01,01.Candidate was found using a mobile phone in the examination hall..mkv,b842b03e5784d867e93770560d88150a526250df69077cd3065edbbd4c842098,dfine_native,94660.0,unknown_object,0.3137,687.1,390.37,749.91,454.9,4053.3,62.81,64.53,0.973,False,,True,unattributed,20,evt_01-P04_desk_work_surface_0027,534ab31a91aa2d0d,pose_hand_context,,67548.0,2.46,,1,01/e1/v1,rtmpose_baseline
corpus_01,01.Candidate was found using a mobile phone in the examination hall..mkv,b842b03e5784d867e93770560d88150a526250df69077cd3065edbbd4c842098,dfine_native,94660.0,unknown_object,0.2603,490.0,415.91,534.56,511.98,4280.4,44.56,96.06,0.464,False,,True,unattributed,20,evt_01-P04_desk_work_surface_0027,534ab31a91aa2d0d,pose_hand_context,,67548.0,2.46,,1,01/e1/v1,rtmpose_baseline
corpus_01,01.Candidate was found using a mobile phone in the examination hall..mkv,b842b03e5784d867e93770560d88150a526250df69077cd3065edbbd4c842098,dfine_native,94660.0,unknown_object,0.3677,710.73,447.63,749.97,525.01,3036.4,39.24,77.38,0.507,False,,True,unattributed,20,evt_01-P04_desk_work_surface_0027,534ab31a91aa2d0d,pose_hand_context,,67548.0,2.46,,1,01/e1/v1,rtmpose_baseline
corpus_01,01.Candidate was found using a mobile phone in the examination hall..mkv,b842b03e5784d867e93770560d88150a526250df69077cd3065edbbd4c842098,dfine_native,94660.0,unknown_object,0.322,691.11,403.75,749.98,523.97,7078.3,58.88,120.23,0.49,False,,True,unattributed,20,evt_01-P04_desk_work_surface_0027,534ab31a91aa2d0d,pose_hand_context,,67548.0,2.46,,1,01/e1/v1,rtmpose_baseline
corpus_01,01.Candidate was found using a mobile phone in the examination hall..mkv,b842b03e5784d867e93770560d88150a526250df69077cd3065edbbd4c842098,dfine_native,94660.0,unknown_object,0.3086,710.98,447.75,749.94,506.77,2299.9,38.97,59.02,0.66,False,,True,unattributed,20,evt_01-P04_desk_work_surface_0027,534ab31a91aa2d0d,pose_hand_context,,67548.0,2.46,,1,01/e1/v1,rtmpose_baseline
corpus_01,01.Candidate was found using a mobile phone in the examination hall..mkv,b842b03e5784d867e93770560d88150a526250df69077cd3065edbbd4c842098,dfine_native,94660.0,unknown_object,0.3523,596.0,427.16,620.7,455.74,706.2,24.7,28.59,0.864,False,,True,unattributed,25,evt_01-P04_desk_work_surface_0027,8947b3c0adfa1d58,native_source_context_fallback,no_pose_observation,7171.1,7.01,,1,01/e1/v1,
corpus_01,01.Candidate was found using a mobile phone in the examination hall..mkv,b842b03e5784d867e93770560d88150a526250df69077cd3065edbbd4c842098,dfine_native,94660.0,unknown_object,0.4064,591.15,491.13,615.06,548.63,1375.2,23.92,57.5,0.416,False,,True,unattributed,24,evt_01-P04_desk_work_surface_0027,d4f9c8f6462ae00e,native_source_context_fallback,no_pose_observation,16002.9,3.93,,1,01/e1/v1,
corpus_01,01.Candidate was found using a mobile phone in the examination hall..mkv,b842b03e5784d867e93770560d88150a526250df69077cd3065edbbd4c842098,dfine_native,94660.0,unknown_object,0.3189,586.88,389.08,659.99,429.88,2982.5,73.11,40.79,1.792,False,,True,unattributed,24,evt_01-P04_desk_work_surface_0027,d4f9c8f6462ae00e,native_source_context_fallback,no_pose_observation,16002.9,3.93,,1,01/e1/v1,
corpus_01,01.Candidate was found using a mobile phone in the examination hall..mkv,b842b03e5784d867e93770560d88150a526250df69077cd3065edbbd4c842098,dfine_native,94660.0,unknown_object,0.2621,586.88,426.99,620.95,463.71,1251.0,34.07,36.72,0.928,False,,True,unattributed,24,evt_01-P04_desk_work_surface_0027,d4f9c8f6462ae00e,native_source_context_fallback,no_pose_observation,16002.9,3.93,,1,01/e1/v1,
corpus_01,01.Candidate was found using a mobile phone in the examination hall..mkv,b842b03e5784d867e93770560d88150a526250df69077cd3065edbbd4c842098,dfine_native,94660.0,unknown_object,0.3611,594.02,524.52,639.22,550.97,1195.9,45.21,26.45,1.709,False,,True,unattributed,24,evt_01-P04_desk_work_surface_0027,d4f9c8f6462ae00e,native_source_context_fallback,no_pose_observation,16002.9,3.93,,1,01/e1/v1,
corpus_01,01.Candidate was found using a mobile phone in the examination hall..mkv,b842b03e5784d867e93770560d88150a526250df69077cd3065edbbd4c842098,dfine_native,94660.0,unknown_object,0.2715,586.79,389.1,660.52,463.76,5504.9,73.73,74.67,0.987,False,,True,unattributed,24,evt_01-P04_desk_work_surface_0027,d4f9c8f6462ae00e,native_source_context_fallback,no_pose_observation,16002.9,3.93,,1,01/e1/v1,
corpus_01,01.Candidate was found using a mobile phone in the examination hall..mkv,b842b03e5784d867e93770560d88150a526250df69077cd3065edbbd4c842098,dfine_native,94660.0,unknown_object,0.2923,592.13,524.28,668.28,550.97,2032.3,76.15,26.69,2.853,False,,True,unattributed,24,evt_01-P04_desk_work_surface_0027,d4f9c8f6462ae00e,native_source_context_fallback,no_pose_observation,16002.9,3.93,,1,01/e1/v1,
corpus_01,01.Candidate was found using a mobile phone in the examination hall..mkv,b842b03e5784d867e93770560d88150a526250df69077cd3065edbbd4c842098,dfine_native,94660.0,phone,0.3183,618.69,474.99,631.7,489.0,182.3,13.01,14.01,0.928,False,,True,unattributed,24,evt_01-P04_desk_work_surface_0027,d4f9c8f6462ae00e,native_source_context_fallback,no_pose_observation,16002.9,3.93,,1,01/e1/v1,
corpus_01,01.Candidate was found using a mobile phone in the examination hall..mkv,b842b03e5784d867e93770560d88150a526250df69077cd3065edbbd4c842098,dfine_native,94660.0,unknown_object,0.3098,590.97,524.27,683.27,550.93,2460.7,92.31,26.66,3.463,False,,True,unattributed,24,evt_01-P04_desk_work_surface_0027,d4f9c8f6462ae00e,native_source_context_fallback,no_pose_observation,16002.9,3.93,,1,01/e1/v1,
corpus_01,01.Candidate was found using a mobile phone in the examination hall..mkv,b842b03e5784d867e93770560d88150a526250df69077cd3065edbbd4c842098,dfine_native,94700.0,unknown_object,0.4657,691.4,404.6,743.94,455.26,2661.7,52.54,50.66,1.037,False,,True,unattributed,20,evt_01-P05_desk_work_surface_0036,2457bb791693b8c3,pose_hand_context,,62110.6,2.57,,1,01/e1/v1,rtmpose_baseline
corpus_01,01.Candidate was found using a mobile phone in the examination hall..mkv,b842b03e5784d867e93770560d88150a526250df69077cd3065edbbd4c842098,dfine_native,94700.0,unknown_object,0.4489,495.42,540.15,591.24,643.1,9864.6,95.82,102.95,0.931,False,,True,unattributed,20,evt_01-P05_desk_work_surface_0036,2457bb791693b8c3,pose_hand_context,,62110.6,2.57,,1,01/e1/v1,rtmpose_baseline
corpus_01,01.Candidate was found using a mobile phone in the examination hall..mkv,b842b03e5784d867e93770560d88150a526250df69077cd3065edbbd4c842098,dfine_native,94700.0,unknown_object,0.3401,494.99,419.36,534.69,511.92,3674.4,39.7,92.56,0.429,False,,True,unattributed,20,evt_01-P05_desk_work_surface_0036,2457bb791693b8c3,pose_hand_context,,62110.6,2.57,,1,01/e1/v1,rtmpose_baseline
corpus_01,01.Candidate was found using a mobile phone in the examination hall..mkv,b842b03e5784d867e93770560d88150a526250df69077cd3065edbbd4c842098,dfine_native,94700.0,unknown_object,0.3144,710.84,448.56,743.97,499.34,1682.4,33.13,50.78,0.652,False,,True,unattributed,20,evt_01-P05_desk_work_surface_0036,2457bb791693b8c3,pose_hand_context,,62110.6,2.57,,1,01/e1/v1,rtmpose_baseline
corpus_01,01.Candidate was found using a mobile phone in the examination hall..mkv,b842b03e5784d867e93770560d88150a526250df69077cd3065edbbd4c842098,dfine_native,94700.0,unknown_object,0.2909,687.33,395.1,743.95,454.1,3340.4,56.62,59.0,0.96,False,,True,unattributed,20,evt_01-P05_desk_work_surface_0036,2457bb791693b8c3,pose_hand_context,,62110.6,2.57,,1,01/e1/v1,rtmpose_baseline
corpus_01,01.Candidate was found using a mobile phone in the examination hall..mkv,b842b03e5784d867e93770560d88150a526250df69077cd3065edbbd4c842098,dfine_native,94700.0,monitor_or_bezel,0.3507,495.1,395.29,531.55,452.43,2082.9,36.45,57.14,0.638,False,,True,unattributed,20,evt_01-P05_desk_work_surface_0036,2457bb791693b8c3,pose_hand_context,,62110.6,2.57,,1,01/e1/v1,rtmpose_baseline
corpus_01,01.Candidate was found using a mobile phone in the examination hall..mkv,b842b03e5784d867e93770560d88150a526250df69077cd3065edbbd4c842098,dfine_native,94700.0,unknown_object,0.3497,518.8,540.56,591.07,642.9,7396.1,72.27,102.34,0.706,False,,True,unattributed,20,evt_01-P05_desk_work_surface_0036,2457bb791693b8c3,pose_hand_context,,62110.6,2.57,,1,01/e1/v1,rtmpose_baseline
corpus_01,01.Candidate was found using a mobile phone in the examination hall..mkv,b842b03e5784d867e93770560d88150a526250df69077cd3065edbbd4c842098,dfine_native,94700.0,unknown_object,0.3893,606.82,471.87,635.75,522.63,1468.4,28.93,50.76,0.57,False,,True,unattributed,20,evt_01-P05_desk_work_surface_0036,2457bb791693b8c3,pose_hand_context,,62110.6,2.57,,1,01/e1/v1,rtmpose_baseline
corpus_01,01.Candidate was found using a mobile phone in the examination hall..mkv,b842b03e5784d867e93770560d88150a526250df69077cd3065edbbd4c842098,dfine_native,94700.0,unknown_object,0.2856,710.82,448.41,743.98,518.67,2329.9,33.16,70.26,0.472,False,,True,unattributed,20,evt_01-P05_desk_work_surface_0036,2457bb791693b8c3,pose_hand_context,,62110.6,2.57,,1,01/e1/v1,rtmpose_baseline
corpus_01,01.Candidate was found using a mobile phone in the examination hall..mkv,b842b03e5784d867e93770560d88150a526250df69077cd3065edbbd4c842098,dfine_native,94700.0,unknown_object,0.3037,495.78,509.1,598.32,642.89,13717.6,102.53,133.79,0.766,False,,True,unattributed,20,evt_01-P05_desk_work_surface_0036,2457bb791693b8c3,pose_hand_context,,62110.6,2.57,,1,01/e1/v1,rtmpose_baseline
corpus_01,01.Candidate was found using a mobile phone in the examination hall..mkv,b842b03e5784d867e93770560d88150a526250df69077cd3065edbbd4c842098,dfine_native,94700.0,unknown_object,0.3091,691.79,403.97,743.98,502.98,5167.9,52.2,99.01,0.527,False,,True,unattributed,20,evt_01-P05_desk_work_surface_0036,2457bb791693b8c3,pose_hand_context,,62110.6,2.57,,1,01/e1/v1,rtmpose_baseline
corpus_01,01.Candidate was found using a mobile phone in the examination hall..mkv,b842b03e5784d867e93770560d88150a526250df69077cd3065edbbd4c842098,dfine_native,94700.0,unknown_object,0.3595,595.16,395.49,742.6,561.28,24442.9,147.44,165.79,0.889,False,,True,unattributed,20,evt_01-P05_desk_work_surface_0036,2457bb791693b8c3,pose_hand_context,,62110.6,2.57,,1,01/e1/v1,rtmpose_baseline
corpus_01,01.Candidate was found using a mobile phone in the examination hall..mkv,b842b03e5784d867e93770560d88150a526250df69077cd3065edbbd4c842098,dfine_native,94700.0,unknown_object,0.2543,518.92,509.17,598.69,643.04,10678.0,79.77,133.87,0.596,False,,True,unattributed,20,evt_01-P05_desk_work_surface_0036,2457bb791693b8c3,pose_hand_context,,62110.6,2.57,,1,01/e1/v1,rtmpose_baseline
corpus_01,01.Candidate was found using a mobile phone in the examination hall..mkv,b842b03e5784d867e93770560d88150a526250df69077cd3065edbbd4c842098,dfine_native,94700.0,unknown_object,0.3344,594.65,471.54,635.59,538.33,2734.8,40.94,66.8,0.613,False,,True,unattributed,20,evt_01-P05_desk_work_surface_0036,2457bb791693b8c3,pose_hand_context,,62110.6,2.57,,1,01/e1/v1,rtmpose_baseline
corpus_01,01.Candidate was found using a mobile phone in the examination hall..mkv,b842b03e5784d867e93770560d88150a526250df69077cd3065edbbd4c842098,dfine_native,94700.0,unknown_object,0.3786,597.07,412.48,742.41,561.9,21715.7,145.34,149.42,0.973,False,,True,unattributed,20,evt_01-P05_desk_work_surface_0036,2457bb791693b8c3,pose_hand_context,,62110.6,2.57,,1,01/e1/v1,rtmpose_baseline
corpus_01,01.Candidate was found using a mobile phone in the examination hall..mkv,b842b03e5784d867e93770560d88150a526250df69077cd3065edbbd4c842098,dfine_native,94700.0,unknown_object,0.3673,595.53,470.55,717.86,563.27,11342.0,122.33,92.72,1.319,False,,True,unattributed,20,evt_01-P05_desk_work_surface_0036,2457bb791693b8c3,pose_hand_context,,62110.6,2.57,,1,01/e1/v1,rtmpose_baseline
corpus_01,01.Candidate was found using a mobile phone in the examination hall..mkv,b842b03e5784d867e93770560d88150a526250df69077cd3065edbbd4c842098,dfine_native,95100.0,unknown_object,0.5344,515.11,540.35,599.96,683.01,12103.9,84.84,142.66,0.595,False,,True,unattributed,20,evt_01-P01_desk_work_surface_0004,19491eed25ce2506,pose_hand_context,,56539.3,2.69,,1,01/e1/v1,rtmpose_baseline
corpus_01,01.Candidate was found using a mobile phone in the examination hall..mkv,b842b03e5784d867e93770560d88150a526250df69077cd3065edbbd4c842098,dfine_native,95100.0,unknown_object,0.274,494.08,448.38,602.27,557.46,11801.7,108.19,109.08,0.992,False,,True,unattributed,20,evt_01-P01_desk_work_surface_0004,19491eed25ce2506,pose_hand_context,,56539.3,2.69,,1,01/e1/v1,rtmpose_baseline
corpus_01,01.Candidate was found using a mobile phone in the examination hall..mkv,b842b03e5784d867e93770560d88150a526250df69077cd3065edbbd4c842098,dfine_native,95100.0,unknown_object,0.2951,494.52,540.14,599.9,683.2,15075.2,105.38,143.06,0.737,False,,True,unattributed,20,evt_01-P01_desk_work_surface_0004,19491eed25ce2506,pose_hand_context,,56539.3,2.69,,1,01/e1/v1,rtmpose_baseline
corpus_01,01.Candidate was found using a mobile phone in the examination hall..mkv,b842b03e5784d867e93770560d88150a526250df69077cd3065edbbd4c842098,dfine_native,95100.0,unknown_object,0.2558,494.13,448.26,601.9,512.88,6963.8,107.76,64.62,1.668,False,,True,unattributed,20,evt_01-P01_desk_work_surface_0004,19491eed25ce2506,pose_hand_context,,56539.3,2.69,,1,01/e1/v1,rtmpose_baseline
corpus_01,01.Candidate was found using a mobile phone in the examination hall..mkv,b842b03e5784d867e93770560d88150a526250df69077cd3065edbbd4c842098,dfine_native,95620.0,unknown_object,0.559,521.04,540.14,594.67,709.84,12494.5,73.63,169.7,0.434,False,,True,unattributed,26,evt_01-P01_upper_body_0008,48b9f50b0d190acd,pose_hand_context,,32826.2,3.53,,1,01/e1/v1,rtmpose_baseline
corpus_01,01.Candidate was found using a mobile phone in the examination hall..mkv,b842b03e5784d867e93770560d88150a526250df69077cd3065edbbd4c842098,dfine_native,95620.0,unknown_object,0.4202,646.92,531.55,702.03,710.76,9876.3,55.11,179.21,0.308,False,,True,unattributed,26,evt_01-P01_upper_body_0008,48b9f50b0d190acd,pose_hand_context,,32826.2,3.53,,1,01/e1/v1,rtmpose_baseline
corpus_01,01.Candidate was found using a mobile phone in the examination hall..mkv,b842b03e5784d867e93770560d88150a526250df69077cd3065edbbd4c842098,dfine_native,95620.0,unknown_object,0.463,521.05,539.38,632.64,711.16,19168.2,111.59,171.78,0.65,False,,True,unattributed,26,evt_01-P01_upper_body_0008,48b9f50b0d190acd,pose_hand_context,,32826.2,3.53,,1,01/e1/v1,rtmpose_baseline
corpus_01,01.Candidate was found using a mobile phone in the examination hall..mkv,b842b03e5784d867e93770560d88150a526250df69077cd3065edbbd4c842098,dfine_native,95620.0,unknown_object,0.3101,646.58,531.17,701.97,587.79,3136.8,55.39,56.63,0.978,False,,True,unattributed,26,evt_01-P01_upper_body_0008,48b9f50b0d190acd,pose_hand_context,,32826.2,3.53,,1,01/e1/v1,rtmpose_baseline
corpus_01,01.Candidate was found using a mobile phone in the examination hall..mkv,b842b03e5784d867e93770560d88150a526250df69077cd3065edbbd4c842098,dfine_native,95620.0,unknown_object,0.3531,556.0,540.19,589.7,617.57,2607.7,33.7,77.38,0.436,False,,True,unattributed,20,evt_01-P01_upper_body_0008,c4a98c8f93f89b62,pose_hand_context,,42115.2,3.12,,1,01/e1/v1,rtmpose_baseline
corpus_01,01.Candidate was found using a mobile phone in the examination hall..mkv,b842b03e5784d867e93770560d88150a526250df69077cd3065edbbd4c842098,dfine_native,95620.0,unknown_object,0.3368,556.0,421.38,607.75,615.48,10043.6,51.75,194.1,0.267,False,,True,unattributed,20,evt_01-P01_upper_body_0008,c4a98c8f93f89b62,pose_hand_context,,42115.2,3.12,,1,01/e1/v1,rtmpose_baseline
corpus_01,01.Candidate was found using a mobile phone in the examination hall..mkv,b842b03e5784d867e93770560d88150a526250df69077cd3065edbbd4c842098,dfine_native,95620.0,unknown_object,0.3187,556.01,423.34,605.91,496.99,3675.1,49.9,73.65,0.678,False,,True,unattributed,20,evt_01-P01_upper_body_0008,c4a98c8f93f89b62,pose_hand_context,,42115.2,3.12,,1,01/e1/v1,rtmpose_baseline
corpus_01,01.Candidate was found using a mobile phone in the examination hall..mkv,b842b03e5784d867e93770560d88150a526250df69077cd3065edbbd4c842098,dfine_native,95660.0,unknown_object,0.2864,559.99,540.14,585.49,613.99,1883.0,25.5,73.86,0.345,False,,True,unattributed,20,evt_01-P04_desk_work_surface_0027,1b8313e4e1b97b70,pose_hand_context,,39315.0,3.23,,1,01/e1/v1,rtmpose_baseline
corpus_01,01.Candidate was found using a mobile phone in the examination hall..mkv,b842b03e5784d867e93770560d88150a526250df69077cd3065edbbd4c842098,dfine_native,95660.0,unknown_object,0.5667,517.02,540.12,594.1,707.9,12932.1,77.08,167.78,0.459,False,,True,unattributed,26,evt_01-P04_desk_work_surface_0027,628c4b68dc11c3fc,pose_hand_context,,32666.9,3.54,,1,01/e1/v1,rtmpose_baseline
corpus_01,01.Candidate was found using a mobile phone in the examination hall..mkv,b842b03e5784d867e93770560d88150a526250df69077cd3065edbbd4c842098,dfine_native,95660.0,stationery,0.3698,602.47,622.99,626.18,653.7,728.2,23.71,30.71,0.772,False,,True,unattributed,26,evt_01-P04_desk_work_surface_0027,628c4b68dc11c3fc,pose_hand_context,,32666.9,3.54,,1,01/e1/v1,rtmpose_baseline
corpus_01,01.Candidate was found using a mobile phone in the examination hall..mkv,b842b03e5784d867e93770560d88150a526250df69077cd3065edbbd4c842098,dfine_native,95660.0,unknown_object,0.2528,650.34,530.49,698.0,627.38,4618.1,47.66,96.89,0.492,False,,True,unattributed,26,evt_01-P04_desk_work_surface_0027,628c4b68dc11c3fc,pose_hand_context,,32666.9,3.54,,1,01/e1/v1,rtmpose_baseline
corpus_01,01.Candidate was found using a mobile phone in the examination hall..mkv,b842b03e5784d867e93770560d88150a526250df69077cd3065edbbd4c842098,dfine_native,95660.0,unknown_object,0.3384,655.68,583.76,698.01,707.6,5241.7,42.33,123.84,0.342,False,,True,unattributed,26,evt_01-P04_desk_work_surface_0027,628c4b68dc11c3fc,pose_hand_context,,32666.9,3.54,,1,01/e1/v1,rtmpose_baseline
corpus_01,01.Candidate was found using a mobile phone in the examination hall..mkv,b842b03e5784d867e93770560d88150a526250df69077cd3065edbbd4c842098,dfine_native,95660.0,unknown_object,0.2772,649.72,530.69,698.01,707.44,8533.6,48.28,176.74,0.273,False,,True,unattributed,26,evt_01-P04_desk_work_surface_0027,628c4b68dc11c3fc,pose_hand_context,,32666.9,3.54,,1,01/e1/v1,rtmpose_baseline
corpus_01,01.Candidate was found using a mobile phone in the examination hall..mkv,b842b03e5784d867e93770560d88150a526250df69077cd3065edbbd4c842098,dfine_native,95660.0,unknown_object,0.3003,517.13,540.13,593.01,707.72,12717.0,75.88,167.59,0.453,False,,True,unattributed,26,evt_01-P04_desk_work_surface_0027,628c4b68dc11c3fc,pose_hand_context,,32666.9,3.54,,1,01/e1/v1,rtmpose_baseline
corpus_01,01.Candidate was found using a mobile phone in the examination hall..mkv,b842b03e5784d867e93770560d88150a526250df69077cd3065edbbd4c842098,dfine_native,95660.0,unknown_object,0.4831,517.07,539.3,625.39,708.59,18337.2,108.32,169.29,0.64,False,,True,unattributed,26,evt_01-P04_desk_work_surface_0027,628c4b68dc11c3fc,pose_hand_context,,32666.9,3.54,,1,01/e1/v1,rtmpose_baseline
corpus_01,01.Candidate was found using a mobile phone in the examination hall..mkv,b842b03e5784d867e93770560d88150a526250df69077cd3065edbbd4c842098,dfine_native,95700.0,unknown_object,0.541,514.56,540.34,592.26,706.69,12925.7,77.7,166.35,0.467,False,,True,unattributed,26,evt_01-P05_desk_work_surface_0036,9fd3aca8051c8b02,pose_hand_context,,31584.4,3.6,,1,01/e1/v1,rtmpose_baseline
corpus_01,01.Candidate was found using a mobile phone in the examination hall..mkv,b842b03e5784d867e93770560d88150a526250df69077cd3065edbbd4c842098,dfine_native,95700.0,unknown_object,0.4506,652.81,530.17,690.96,597.85,2582.1,38.15,67.68,0.564,False,,True,unattributed,26,evt_01-P05_desk_work_surface_0036,9fd3aca8051c8b02,pose_hand_context,,31584.4,3.6,,1,01/e1/v1,rtmpose_baseline
corpus_01,01.Candidate was found using a mobile phone in the examination hall..mkv,b842b03e5784d867e93770560d88150a526250df69077cd3065edbbd4c842098,dfine_native,95700.0,unknown_object,0.2664,514.67,540.45,591.97,706.53,12837.9,77.3,166.08,0.465,False,,True,unattributed,26,evt_01-P05_desk_work_surface_0036,9fd3aca8051c8b02,pose_hand_context,,31584.4,3.6,,1,01/e1/v1,rtmpose_baseline
corpus_01,01.Candidate was found using a mobile phone in the examination hall..mkv,b842b03e5784d867e93770560d88150a526250df69077cd3065edbbd4c842098,dfine_native,95700.0,unknown_object,0.6054,514.3,539.61,617.82,707.18,17346.2,103.52,167.56,0.618,False,,True,unattributed,26,evt_01-P05_desk_work_surface_0036,9fd3aca8051c8b02,pose_hand_context,,31584.4,3.6,,1,01/e1/v1,rtmpose_baseline
corpus_01,01.Candidate was found using a mobile phone in the examination hall..mkv,b842b03e5784d867e93770560d88150a526250df69077cd3065edbbd4c842098,dfine_native,95740.0,unknown_object,0.6511,514.65,540.21,590.32,703.91,12386.7,75.67,163.7,0.462,False,,True,unattributed,26,evt_01-P05_upper_body_0039,4d2b2dc0bdd9275b,pose_hand_context,,30074.5,3.69,,1,01/e1/v1,rtmpose_baseline
corpus_01,01.Candidate was found using a mobile phone in the examination hall..mkv,b842b03e5784d867e93770560d88150a526250df69077cd3065edbbd4c842098,dfine_native,95740.0,unknown_object,0.4067,656.2,532.28,686.97,583.79,1584.9,30.76,51.52,0.597,False,,True,unattributed,26,evt_01-P05_upper_body_0039,4d2b2dc0bdd9275b,pose_hand_context,,30074.5,3.69,,1,01/e1/v1,rtmpose_baseline
corpus_01,01.Candidate was found using a mobile phone in the examination hall..mkv,b842b03e5784d867e93770560d88150a526250df69077cd3065edbbd4c842098,dfine_native,95740.0,unknown_object,0.3839,654.96,532.15,686.99,600.49,2189.0,32.03,68.34,0.469,False,,True,unattributed,26,evt_01-P05_upper_body_0039,4d2b2dc0bdd9275b,pose_hand_context,,30074.5,3.69,,1,01/e1/v1,rtmpose_baseline
corpus_01,01.Candidate was found using a mobile phone in the examination hall..mkv,b842b03e5784d867e93770560d88150a526250df69077cd3065edbbd4c842098,dfine_native,95740.0,unknown_object,0.3122,514.74,540.2,590.9,703.92,12470.0,76.17,163.72,0.465,False,,True,unattributed,26,evt_01-P05_upper_body_0039,4d2b2dc0bdd9275b,pose_hand_context,,30074.5,3.69,,1,01/e1/v1,rtmpose_baseline
corpus_01,01.Candidate was found using a mobile phone in the examination hall..mkv,b842b03e5784d867e93770560d88150a526250df69077cd3065edbbd4c842098,dfine_native,95740.0,unknown_object,0.2857,514.09,533.8,590.77,703.96,13048.3,76.69,170.15,0.451,False,,True,unattributed,26,evt_01-P05_upper_body_0039,4d2b2dc0bdd9275b,pose_hand_context,,30074.5,3.69,,1,01/e1/v1,rtmpose_baseline
corpus_01,01.Candidate was found using a mobile phone in the examination hall..mkv,b842b03e5784d867e93770560d88150a526250df69077cd3065edbbd4c842098,dfine_native,95740.0,unknown_object,0.4811,659.64,449.24,758.91,612.34,16192.1,99.27,163.1,0.609,False,,True,unattributed,20,evt_01-P05_upper_body_0039,8a8e59e075e5afb1,pose_hand_context,,38189.0,3.27,,1,01/e1/v1,rtmpose_baseline
corpus_01,01.Candidate was found using a mobile phone in the examination hall..mkv,b842b03e5784d867e93770560d88150a526250df69077cd3065edbbd4c842098,dfine_native,95740.0,unknown_object,0.4003,671.76,450.95,758.91,612.48,14077.0,87.15,161.53,0.54,False,,True,unattributed,20,evt_01-P05_upper_body_0039,8a8e59e075e5afb1,pose_hand_context,,38189.0,3.27,,1,01/e1/v1,rtmpose_baseline
corpus_01,01.Candidate was found using a mobile phone in the examination hall..mkv,b842b03e5784d867e93770560d88150a526250df69077cd3065edbbd4c842098,dfine_native,96100.0,unknown_object,0.5888,509.31,540.12,587.49,697.78,12326.6,78.19,157.66,0.496,False,,True,unattributed,26,evt_01-P01_desk_work_surface_0004,4d6072c5f99bf614,pose_hand_context,,31237.0,3.62,,1,01/e1/v1,rtmpose_baseline
corpus_01,01.Candidate was found using a mobile phone in the examination hall..mkv,b842b03e5784d867e93770560d88150a526250df69077cd3065edbbd4c842098,dfine_native,96100.0,stationery,0.3202,602.01,631.97,613.77,645.05,153.9,11.76,13.08,0.9,False,,True,unattributed,26,evt_01-P01_desk_work_surface_0004,4d6072c5f99bf614,pose_hand_context,,31237.0,3.62,,1,01/e1/v1,rtmpose_baseline
corpus_01,01.Candidate was found using a mobile phone in the examination hall..mkv,b842b03e5784d867e93770560d88150a526250df69077cd3065edbbd4c842098,dfine_native,96100.0,stationery,0.2857,595.43,631.49,620.19,647.03,384.7,24.76,15.54,1.593,False,,True,unattributed,26,evt_01-P01_desk_work_surface_0004,4d6072c5f99bf614,pose_hand_context,,31237.0,3.62,,1,01/e1/v1,rtmpose_baseline
corpus_01,01.Candidate was found using a mobile phone in the examination hall..mkv,b842b03e5784d867e93770560d88150a526250df69077cd3065edbbd4c842098,dfine_native,96100.0,unknown_object,0.279,533.92,522.16,568.47,563.71,1435.5,34.55,41.55,0.832,False,,True,unattributed,26,evt_01-P01_desk_work_surface_0004,4d6072c5f99bf614,pose_hand_context,,31237.0,3.62,,1,01/e1/v1,rtmpose_baseline
corpus_01,01.Candidate was found using a mobile phone in the examination hall..mkv,b842b03e5784d867e93770560d88150a526250df69077cd3065edbbd4c842098,dfine_native,96100.0,stationery,0.3343,591.15,601.63,614.69,645.68,1037.2,23.54,44.05,0.534,False,,True,unattributed,26,evt_01-P01_desk_work_surface_0004,4d6072c5f99bf614,pose_hand_context,,31237.0,3.62,,1,01/e1/v1,rtmpose_baseline
corpus_01,01.Candidate was found using a mobile phone in the examination hall..mkv,b842b03e5784d867e93770560d88150a526250df69077cd3065edbbd4c842098,dfine_native,96100.0,stationery,0.311,595.12,627.8,613.81,645.62,333.2,18.69,17.83,1.049,False,,True,unattributed,26,evt_01-P01_desk_work_surface_0004,4d6072c5f99bf614,pose_hand_context,,31237.0,3.62,,1,01/e1/v1,rtmpose_baseline
corpus_01,01.Candidate was found using a mobile phone in the examination hall..mkv,b842b03e5784d867e93770560d88150a526250df69077cd3065edbbd4c842098,dfine_native,96100.0,unknown_object,0.3532,508.77,540.07,586.43,697.84,12252.8,77.66,157.77,0.492,False,,True,unattributed,26,evt_01-P01_desk_work_surface_0004,4d6072c5f99bf614,pose_hand_context,,31237.0,3.62,,1,01/e1/v1,rtmpose_baseline
corpus_01,01.Candidate was found using a mobile phone in the examination hall..mkv,b842b03e5784d867e93770560d88150a526250df69077cd3065edbbd4c842098,dfine_native,96100.0,unknown_object,0.3563,508.93,539.86,604.25,698.08,15082.3,95.32,158.22,0.602,False,,True,unattributed,26,evt_01-P01_desk_work_surface_0004,4d6072c5f99bf614,pose_hand_context,,31237.0,3.62,,1,01/e1/v1,rtmpose_baseline
corpus_01,01.Candidate was found using a mobile phone in the examination hall..mkv,b842b03e5784d867e93770560d88150a526250df69077cd3065edbbd4c842098,dfine_native,96100.0,unknown_object,0.302,509.05,522.55,684.75,698.15,30852.8,175.7,175.6,1.001,False,,True,unattributed,26,evt_01-P01_desk_work_surface_0004,4d6072c5f99bf614,pose_hand_context,,31237.0,3.62,,1,01/e1/v1,rtmpose_baseline
corpus_01,01.Candidate was found using a mobile phone in the examination hall..mkv,b842b03e5784d867e93770560d88150a526250df69077cd3065edbbd4c842098,dfine_native,96100.0,unknown_object,0.7957,577.12,423.42,688.14,625.34,22418.4,111.02,201.93,0.55,False,,True,unattributed,20,evt_01-P01_desk_work_surface_0004,f4caf6ee620e8ca6,pose_hand_context,,41501.8,3.14,,1,01/e1/v1,rtmpose_baseline
corpus_01,01.Candidate was found using a mobile phone in the examination hall..mkv,b842b03e5784d867e93770560d88150a526250df69077cd3065edbbd4c842098,dfine_native,96620.0,unknown_object,0.6687,646.56,460.33,769.99,662.06,24898.3,123.42,201.73,0.612,False,,True,unattributed,20,evt_01-P01_upper_body_0008,454d4cd592a5a5cc,pose_hand_context,,41379.7,3.15,,1,01/e1/v1,rtmpose_baseline
corpus_01,01.Candidate was found using a mobile phone in the examination hall..mkv,b842b03e5784d867e93770560d88150a526250df69077cd3065edbbd4c842098,dfine_native,96620.0,unknown_object,0.3436,567.01,460.34,608.44,661.83,8347.4,41.43,201.48,0.206,False,,True,unattributed,20,evt_01-P01_upper_body_0008,454d4cd592a5a5cc,pose_hand_context,,41379.7,3.15,,1,01/e1/v1,rtmpose_baseline
corpus_01,01.Candidate was found using a mobile phone in the examination hall..mkv,b842b03e5784d867e93770560d88150a526250df69077cd3065edbbd4c842098,dfine_native,96620.0,unknown_object,0.304,645.73,460.38,687.1,581.57,5013.3,41.37,121.19,0.341,False,,True,unattributed,20,evt_01-P01_upper_body_0008,454d4cd592a5a5cc,pose_hand_context,,41379.7,3.15,,1,01/e1/v1,rtmpose_baseline
corpus_01,01.Candidate was found using a mobile phone in the examination hall..mkv,b842b03e5784d867e93770560d88150a526250df69077cd3065edbbd4c842098,dfine_native,96620.0,unknown_object,0.2655,667.41,529.76,769.99,662.44,13610.8,102.58,132.68,0.773,False,,True,unattributed,20,evt_01-P01_upper_body_0008,454d4cd592a5a5cc,pose_hand_context,,41379.7,3.15,,1,01/e1/v1,rtmpose_baseline
corpus_01,01.Candidate was found using a mobile phone in the examination hall..mkv,b842b03e5784d867e93770560d88150a526250df69077cd3065edbbd4c842098,dfine_native,96620.0,unknown_object,0.3246,668.11,564.2,769.95,662.44,10005.4,101.84,98.25,1.037,False,,True,unattributed,20,evt_01-P01_upper_body_0008,454d4cd592a5a5cc,pose_hand_context,,41379.7,3.15,,1,01/e1/v1,rtmpose_baseline
corpus_01,01.Candidate was found using a mobile phone in the examination hall..mkv,b842b03e5784d867e93770560d88150a526250df69077cd3065edbbd4c842098,dfine_native,96620.0,unknown_object,0.3362,567.01,508.96,603.36,662.21,5570.3,36.35,153.25,0.237,False,,True,unattributed,20,evt_01-P01_upper_body_0008,454d4cd592a5a5cc,pose_hand_context,,41379.7,3.15,,1,01/e1/v1,rtmpose_baseline
corpus_01,01.Candidate was found using a mobile phone in the examination hall..mkv,b842b03e5784d867e93770560d88150a526250df69077cd3065edbbd4c842098,dfine_native,96620.0,unknown_object,0.572,520.13,539.4,598.84,655.8,9162.6,78.72,116.4,0.676,False,,True,unattributed,26,evt_01-P01_upper_body_0008,c8248db94738d8ff,pose_hand_context,,30157.8,3.69,,1,01/e1/v1,rtmpose_baseline
corpus_01,01.Candidate was found using a mobile phone in the examination hall..mkv,b842b03e5784d867e93770560d88150a526250df69077cd3065edbbd4c842098,dfine_native,96620.0,unknown_object,0.5428,520.18,507.2,603.65,655.74,12400.1,83.48,148.55,0.562,False,,True,unattributed,26,evt_01-P01_upper_body_0008,c8248db94738d8ff,pose_hand_context,,30157.8,3.69,,1,01/e1/v1,rtmpose_baseline
corpus_01,01.Candidate was found using a mobile phone in the examination hall..mkv,b842b03e5784d867e93770560d88150a526250df69077cd3065edbbd4c842098,dfine_native,96620.0,unknown_object,0.3999,645.86,485.7,693.71,581.83,4599.8,47.85,96.13,0.498,False,,True,unattributed,26,evt_01-P01_upper_body_0008,c8248db94738d8ff,pose_hand_context,,30157.8,3.69,,1,01/e1/v1,rtmpose_baseline
corpus_01,01.Candidate was found using a mobile phone in the examination hall..mkv,b842b03e5784d867e93770560d88150a526250df69077cd3065edbbd4c842098,dfine_native,96620.0,unknown_object,0.421,667.57,569.34,694.02,656.63,2308.4,26.44,87.29,0.303,False,,True,unattributed,26,evt_01-P01_upper_body_0008,c8248db94738d8ff,pose_hand_context,,30157.8,3.69,,1,01/e1/v1,rtmpose_baseline
corpus_01,01.Candidate was found using a mobile phone in the examination hall..mkv,b842b03e5784d867e93770560d88150a526250df69077cd3065edbbd4c842098,dfine_native,96620.0,unknown_object,0.3192,534.35,506.96,603.0,563.84,3905.0,68.65,56.88,1.207,False,,True,unattributed,26,evt_01-P01_upper_body_0008,c8248db94738d8ff,pose_hand_context,,30157.8,3.69,,1,01/e1/v1,rtmpose_baseline
corpus_01,01.Candidate was found using a mobile phone in the examination hall..mkv,b842b03e5784d867e93770560d88150a526250df69077cd3065edbbd4c842098,dfine_native,96620.0,unknown_object,0.3211,533.94,485.6,605.95,563.82,5631.8,72.0,78.22,0.921,False,,True,unattributed,26,evt_01-P01_upper_body_0008,c8248db94738d8ff,pose_hand_context,,30157.8,3.69,,1,01/e1/v1,rtmpose_baseline
corpus_01,01.Candidate was found using a mobile phone in the examination hall..mkv,b842b03e5784d867e93770560d88150a526250df69077cd3065edbbd4c842098,dfine_native,96620.0,unknown_object,0.2638,654.17,551.84,684.19,580.31,854.8,30.03,28.47,1.055,False,,True,unattributed,26,evt_01-P01_upper_body_0008,c8248db94738d8ff,pose_hand_context,,30157.8,3.69,,1,01/e1/v1,rtmpose_baseline
corpus_01,01.Candidate was found using a mobile phone in the examination hall..mkv,b842b03e5784d867e93770560d88150a526250df69077cd3065edbbd4c842098,dfine_native,96620.0,unknown_object,0.5128,520.16,485.73,605.99,655.62,14581.0,85.82,169.89,0.505,False,,True,unattributed,26,evt_01-P01_upper_body_0008,c8248db94738d8ff,pose_hand_context,,30157.8,3.69,,1,01/e1/v1,rtmpose_baseline
corpus_01,01.Candidate was found using a mobile phone in the examination hall..mkv,b842b03e5784d867e93770560d88150a526250df69077cd3065edbbd4c842098,dfine_native,96660.0,unknown_object,0.5428,534.98,539.77,598.99,640.17,6426.6,64.01,100.41,0.637,False,,True,unattributed,26,evt_01-P04_desk_work_surface_0027,ac5bc3b3c54d377f,pose_hand_context,,21744.5,4.34,,1,01/e1/v1,rtmpose_baseline
corpus_01,01.Candidate was found using a mobile phone in the examination hall..mkv,b842b03e5784d867e93770560d88150a526250df69077cd3065edbbd4c842098,dfine_native,96660.0,unknown_object,0.5048,535.3,493.21,610.83,564.58,5390.7,75.53,71.37,1.058,False,,True,unattributed,26,evt_01-P04_desk_work_surface_0027,ac5bc3b3c54d377f,pose_hand_context,,21744.5,4.34,,1,01/e1/v1,rtmpose_baseline
corpus_01,01.Candidate was found using a mobile phone in the examination hall..mkv,b842b03e5784d867e93770560d88150a526250df69077cd3065edbbd4c842098,dfine_native,96660.0,unknown_object,0.3149,535.02,540.27,587.36,639.79,5209.4,52.34,99.53,0.526,False,,True,unattributed,26,evt_01-P04_desk_work_surface_0027,ac5bc3b3c54d377f,pose_hand_context,,21744.5,4.34,,1,01/e1/v1,rtmpose_baseline
corpus_01,01.Candidate was found using a mobile phone in the examination hall..mkv,b842b03e5784d867e93770560d88150a526250df69077cd3065edbbd4c842098,dfine_native,96660.0,unknown_object,0.3117,535.52,507.08,604.16,565.32,3997.9,68.64,58.24,1.179,False,,True,unattributed,26,evt_01-P04_desk_work_surface_0027,ac5bc3b3c54d377f,pose_hand_context,,21744.5,4.34,,1,01/e1/v1,rtmpose_baseline
corpus_01,01.Candidate was found using a mobile phone in the examination hall..mkv,b842b03e5784d867e93770560d88150a526250df69077cd3065edbbd4c842098,dfine_native,96660.0,unknown_object,0.4993,592.7,493.19,647.25,609.95,6369.9,54.55,116.76,0.467,False,,True,unattributed,26,evt_01-P04_desk_work_surface_0027,ac5bc3b3c54d377f,pose_hand_context,,21744.5,4.34,,1,01/e1/v1,rtmpose_baseline
corpus_01,01.Candidate was found using a mobile phone in the examination hall..mkv,b842b03e5784d867e93770560d88150a526250df69077cd3065edbbd4c842098,dfine_native,96660.0,unknown_object,0.3527,535.07,493.47,613.26,639.55,11422.4,78.19,146.08,0.535,False,,True,unattributed,26,evt_01-P04_desk_work_surface_0027,ac5bc3b3c54d377f,pose_hand_context,,21744.5,4.34,,1,01/e1/v1,rtmpose_baseline
corpus_01,01.Candidate was found using a mobile phone in the examination hall..mkv,b842b03e5784d867e93770560d88150a526250df69077cd3065edbbd4c842098,dfine_native,96660.0,unknown_object,0.2549,535.05,540.37,578.43,602.43,2692.3,43.38,62.06,0.699,False,,True,unattributed,26,evt_01-P04_desk_work_surface_0027,ac5bc3b3c54d377f,pose_hand_context,,21744.5,4.34,,1,01/e1/v1,rtmpose_baseline
corpus_01,01.Candidate was found using a mobile phone in the examination hall..mkv,b842b03e5784d867e93770560d88150a526250df69077cd3065edbbd4c842098,dfine_native,96660.0,unknown_object,0.258,592.47,493.17,682.26,609.7,10462.9,89.79,116.52,0.771,False,,True,unattributed,26,evt_01-P04_desk_work_surface_0027,ac5bc3b3c54d377f,pose_hand_context,,21744.5,4.34,,1,01/e1/v1,rtmpose_baseline
corpus_01,01.Candidate was found using a mobile phone in the examination hall..mkv,b842b03e5784d867e93770560d88150a526250df69077cd3065edbbd4c842098,dfine_native,96660.0,unknown_object,0.3361,535.04,509.15,603.63,639.77,8959.5,68.59,130.62,0.525,False,,True,unattributed,26,evt_01-P04_desk_work_surface_0027,ac5bc3b3c54d377f,pose_hand_context,,21744.5,4.34,,1,01/e1/v1,rtmpose_baseline
corpus_01,01.Candidate was found using a mobile phone in the examination hall..mkv,b842b03e5784d867e93770560d88150a526250df69077cd3065edbbd4c842098,dfine_native,96660.0,unknown_object,0.4531,641.48,493.33,682.87,580.89,3624.4,41.39,87.56,0.473,False,,True,unattributed,26,evt_01-P04_desk_work_surface_0027,ac5bc3b3c54d377f,pose_hand_context,,21744.5,4.34,,1,01/e1/v1,rtmpose_baseline
corpus_01,01.Candidate was found using a mobile phone in the examination hall..mkv,b842b03e5784d867e93770560d88150a526250df69077cd3065edbbd4c842098,dfine_native,96660.0,bag,0.3542,561.03,458.36,615.94,659.41,11038.2,54.9,201.05,0.273,False,,True,unattributed,20,evt_01-P04_desk_work_surface_0027,b2c2a6ffb7bd733c,pose_hand_context,,41192.8,3.15,,1,01/e1/v1,rtmpose_baseline
corpus_01,01.Candidate was found using a mobile phone in the examination hall..mkv,b842b03e5784d867e93770560d88150a526250df69077cd3065edbbd4c842098,dfine_native,96660.0,unknown_object,0.2614,561.02,458.15,615.4,545.23,4735.5,54.38,87.09,0.624,False,,True,unattributed,20,evt_01-P04_desk_work_surface_0027,b2c2a6ffb7bd733c,pose_hand_context,,41192.8,3.15,,1,01/e1/v1,rtmpose_baseline
corpus_01,01.Candidate was found using a mobile phone in the examination hall..mkv,b842b03e5784d867e93770560d88150a526250df69077cd3065edbbd4c842098,dfine_native,96660.0,unknown_object,0.379,664.07,458.83,763.98,659.98,20097.6,99.92,201.15,0.497,False,,True,unattributed,20,evt_01-P04_desk_work_surface_0027,b2c2a6ffb7bd733c,pose_hand_context,,41192.8,3.15,,1,01/e1/v1,rtmpose_baseline
corpus_01,01.Candidate was found using a mobile phone in the examination hall..mkv,b842b03e5784d867e93770560d88150a526250df69077cd3065edbbd4c842098,dfine_native,96700.0,bag,0.4351,557.04,508.6,605.67,654.53,7096.9,48.63,145.93,0.333,False,,True,unattributed,20,evt_01-P05_desk_work_surface_0036,2013532c94610ce2,pose_hand_context,,42733.2,3.1,,1,01/e1/v1,rtmpose_baseline
corpus_01,01.Candidate was found using a mobile phone in the examination hall..mkv,b842b03e5784d867e93770560d88150a526250df69077cd3065edbbd4c842098,dfine_native,96700.0,bag,0.2942,557.03,539.73,598.13,654.87,4732.7,41.1,115.15,0.357,False,,True,unattributed,20,evt_01-P05_desk_work_surface_0036,2013532c94610ce2,pose_hand_context,,42733.2,3.1,,1,01/e1/v1,rtmpose_baseline
corpus_01,01.Candidate was found using a mobile phone in the examination hall..mkv,b842b03e5784d867e93770560d88150a526250df69077cd3065edbbd4c842098,dfine_native,96700.0,unknown_object,0.2964,557.04,508.2,605.01,546.33,1829.1,47.98,38.12,1.258,False,,True,unattributed,20,evt_01-P05_desk_work_surface_0036,2013532c94610ce2,pose_hand_context,,42733.2,3.1,,1,01/e1/v1,rtmpose_baseline
corpus_01,01.Candidate was found using a mobile phone in the examination hall..mkv,b842b03e5784d867e93770560d88150a526250df69077cd3065edbbd4c842098,dfine_native,96700.0,unknown_object,0.3831,589.92,449.28,683.11,654.78,19151.2,93.19,205.5,0.454,False,,True,unattributed,20,evt_01-P05_desk_work_surface_0036,2013532c94610ce2,pose_hand_context,,42733.2,3.1,,1,01/e1/v1,rtmpose_baseline
corpus_01,01.Candidate was found using a mobile phone in the examination hall..mkv,b842b03e5784d867e93770560d88150a526250df69077cd3065edbbd4c842098,dfine_native,96700.0,unknown_object,0.2816,557.07,508.36,605.12,576.06,3253.2,48.05,67.7,0.71,False,,True,unattributed,20,evt_01-P05_desk_work_surface_0036,2013532c94610ce2,pose_hand_context,,42733.2,3.1,,1,01/e1/v1,rtmpose_baseline
corpus_01,01.Candidate was found using a mobile phone in the examination hall..mkv,b842b03e5784d867e93770560d88150a526250df69077cd3065edbbd4c842098,dfine_native,96700.0,unknown_object,0.2754,557.03,449.11,605.65,498.74,2413.2,48.62,49.63,0.98,False,,True,unattributed,20,evt_01-P05_desk_work_surface_0036,2013532c94610ce2,pose_hand_context,,42733.2,3.1,,1,01/e1/v1,rtmpose_baseline
corpus_01,01.Candidate was found using a mobile phone in the examination hall..mkv,b842b03e5784d867e93770560d88150a526250df69077cd3065edbbd4c842098,dfine_native,96700.0,unknown_object,0.4381,637.05,487.28,677.76,581.82,3848.4,40.71,94.54,0.431,False,,True,unattributed,26,evt_01-P05_desk_work_surface_0036,f3fa2b07d694c3c9,pose_hand_context,,20181.0,4.51,,1,01/e1/v1,rtmpose_baseline
corpus_01,01.Candidate was found using a mobile phone in the examination hall..mkv,b842b03e5784d867e93770560d88150a526250df69077cd3065edbbd4c842098,dfine_native,96700.0,unknown_object,0.3815,536.19,487.29,615.86,564.56,6156.3,79.67,77.27,1.031,False,,True,unattributed,26,evt_01-P05_desk_work_surface_0036,f3fa2b07d694c3c9,pose_hand_context,,20181.0,4.51,,1,01/e1/v1,rtmpose_baseline
corpus_01,01.Candidate was found using a mobile phone in the examination hall..mkv,b842b03e5784d867e93770560d88150a526250df69077cd3065edbbd4c842098,dfine_native,96700.0,unknown_object,0.2839,535.98,539.73,596.38,627.75,5315.7,60.39,88.02,0.686,False,,True,unattributed,26,evt_01-P05_desk_work_surface_0036,f3fa2b07d694c3c9,pose_hand_context,,20181.0,4.51,,1,01/e1/v1,rtmpose_baseline
corpus_01,01.Candidate was found using a mobile phone in the examination hall..mkv,b842b03e5784d867e93770560d88150a526250df69077cd3065edbbd4c842098,dfine_native,96700.0,unknown_object,0.2519,536.0,540.08,579.93,627.26,3829.6,43.93,87.18,0.504,False,,True,unattributed,26,evt_01-P05_desk_work_surface_0036,f3fa2b07d694c3c9,pose_hand_context,,20181.0,4.51,,1,01/e1/v1,rtmpose_baseline
corpus_01,01.Candidate was found using a mobile phone in the examination hall..mkv,b842b03e5784d867e93770560d88150a526250df69077cd3065edbbd4c842098,dfine_native,96700.0,unknown_object,0.2947,536.29,507.37,605.15,564.92,3963.4,68.87,57.55,1.197,False,,True,unattributed,26,evt_01-P05_desk_work_surface_0036,f3fa2b07d694c3c9,pose_hand_context,,20181.0,4.51,,1,01/e1/v1,rtmpose_baseline
corpus_01,01.Candidate was found using a mobile phone in the examination hall..mkv,b842b03e5784d867e93770560d88150a526250df69077cd3065edbbd4c842098,dfine_native,96700.0,unknown_object,0.2852,536.04,509.65,605.09,627.35,8127.3,69.05,117.69,0.587,False,,True,unattributed,26,evt_01-P05_desk_work_surface_0036,f3fa2b07d694c3c9,pose_hand_context,,20181.0,4.51,,1,01/e1/v1,rtmpose_baseline
corpus_01,01.Candidate was found using a mobile phone in the examination hall..mkv,b842b03e5784d867e93770560d88150a526250df69077cd3065edbbd4c842098,dfine_native,96700.0,unknown_object,0.3729,536.01,487.42,617.6,627.43,11423.9,81.59,140.01,0.583,False,,True,unattributed,26,evt_01-P05_desk_work_surface_0036,f3fa2b07d694c3c9,pose_hand_context,,20181.0,4.51,,1,01/e1/v1,rtmpose_baseline
corpus_01,01.Candidate was found using a mobile phone in the examination hall..mkv,b842b03e5784d867e93770560d88150a526250df69077cd3065edbbd4c842098,dfine_native,96740.0,unknown_object,0.5218,632.96,453.3,756.92,658.22,25400.1,123.95,204.91,0.605,False,,True,unattributed,20,evt_01-P05_upper_body_0039,457bf637bc5c4528,pose_hand_context,,42526.7,3.1,,1,01/e1/v1,rtmpose_baseline
corpus_01,01.Candidate was found using a mobile phone in the examination hall..mkv,b842b03e5784d867e93770560d88150a526250df69077cd3065edbbd4c842098,dfine_native,96740.0,bag,0.4122,551.05,453.42,629.72,656.79,15999.1,78.67,203.37,0.387,False,,True,unattributed,20,evt_01-P05_upper_body_0039,457bf637bc5c4528,pose_hand_context,,42526.7,3.1,,1,01/e1/v1,rtmpose_baseline
corpus_01,01.Candidate was found using a mobile phone in the examination hall..mkv,b842b03e5784d867e93770560d88150a526250df69077cd3065edbbd4c842098,dfine_native,96740.0,bag,0.2853,551.0,539.63,598.45,657.68,5602.0,47.45,118.05,0.402,False,,True,unattributed,20,evt_01-P05_upper_body_0039,457bf637bc5c4528,pose_hand_context,,42526.7,3.1,,1,01/e1/v1,rtmpose_baseline
corpus_01,01.Candidate was found using a mobile phone in the examination hall..mkv,b842b03e5784d867e93770560d88150a526250df69077cd3065edbbd4c842098,dfine_native,96740.0,bag,0.2534,551.1,453.33,671.49,658.04,24644.4,120.39,204.71,0.588,False,,True,unattributed,20,evt_01-P05_upper_body_0039,457bf637bc5c4528,pose_hand_context,,42526.7,3.1,,1,01/e1/v1,rtmpose_baseline
corpus_01,01.Candidate was found using a mobile phone in the examination hall..mkv,b842b03e5784d867e93770560d88150a526250df69077cd3065edbbd4c842098,dfine_native,96740.0,unknown_object,0.4305,662.2,454.5,756.97,658.16,19301.0,94.77,203.67,0.465,False,,True,unattributed,20,evt_01-P05_upper_body_0039,457bf637bc5c4528,pose_hand_context,,42526.7,3.1,,1,01/e1/v1,rtmpose_baseline
corpus_01,01.Candidate was found using a mobile phone in the examination hall..mkv,b842b03e5784d867e93770560d88150a526250df69077cd3065edbbd4c842098,dfine_native,96740.0,unknown_object,0.2895,665.04,470.08,757.04,657.88,17278.7,92.01,187.8,0.49,False,,True,unattributed,20,evt_01-P05_upper_body_0039,457bf637bc5c4528,pose_hand_context,,42526.7,3.1,,1,01/e1/v1,rtmpose_baseline
corpus_01,01.Candidate was found using a mobile phone in the examination hall..mkv,b842b03e5784d867e93770560d88150a526250df69077cd3065edbbd4c842098,dfine_native,96740.0,unknown_object,0.4612,588.06,474.24,643.32,604.02,7171.0,55.26,129.78,0.426,False,,True,unattributed,26,evt_01-P05_upper_body_0039,eedd3f02ec035821,pose_hand_context,,22010.7,4.31,,1,01/e1/v1,rtmpose_baseline
corpus_01,01.Candidate was found using a mobile phone in the examination hall..mkv,b842b03e5784d867e93770560d88150a526250df69077cd3065edbbd4c842098,dfine_native,96740.0,unknown_object,0.4717,632.85,474.58,674.96,581.49,4502.3,42.11,106.91,0.394,False,,True,unattributed,26,evt_01-P05_upper_body_0039,eedd3f02ec035821,pose_hand_context,,22010.7,4.31,,1,01/e1/v1,rtmpose_baseline
corpus_01,01.Candidate was found using a mobile phone in the examination hall..mkv,b842b03e5784d867e93770560d88150a526250df69077cd3065edbbd4c842098,dfine_native,96740.0,unknown_object,0.5015,531.09,474.5,623.48,619.75,13420.1,92.39,145.26,0.636,False,,True,unattributed,26,evt_01-P05_upper_body_0039,eedd3f02ec035821,pose_hand_context,,22010.7,4.31,,1,01/e1/v1,rtmpose_baseline
corpus_01,01.Candidate was found using a mobile phone in the examination hall..mkv,b842b03e5784d867e93770560d88150a526250df69077cd3065edbbd4c842098,dfine_native,96740.0,unknown_object,0.3543,531.03,540.31,581.57,619.67,4010.4,50.54,79.36,0.637,False,,True,unattributed,26,evt_01-P05_upper_body_0039,eedd3f02ec035821,pose_hand_context,,22010.7,4.31,,1,01/e1/v1,rtmpose_baseline
corpus_01,01.Candidate was found using a mobile phone in the examination hall..mkv,b842b03e5784d867e93770560d88150a526250df69077cd3065edbbd4c842098,dfine_native,96740.0,unknown_object,0.4076,533.48,474.41,621.51,563.49,7841.1,88.03,89.07,0.988,False,,True,unattributed,26,evt_01-P05_upper_body_0039,eedd3f02ec035821,pose_hand_context,,22010.7,4.31,,1,01/e1/v1,rtmpose_baseline
corpus_01,01.Candidate was found using a mobile phone in the examination hall..mkv,b842b03e5784d867e93770560d88150a526250df69077cd3065edbbd4c842098,dfine_native,96740.0,unknown_object,0.3001,531.04,474.09,574.97,519.24,1983.1,43.93,45.15,0.973,False,,True,unattributed,26,evt_01-P05_upper_body_0039,eedd3f02ec035821,pose_hand_context,,22010.7,4.31,,1,01/e1/v1,rtmpose_baseline
corpus_01,01.Candidate was found using a mobile phone in the examination hall..mkv,b842b03e5784d867e93770560d88150a526250df69077cd3065edbbd4c842098,dfine_native,96740.0,unknown_object,0.368,530.96,540.05,591.96,620.24,4891.3,61.0,80.19,0.761,False,,True,unattributed,26,evt_01-P05_upper_body_0039,eedd3f02ec035821,pose_hand_context,,22010.7,4.31,,1,01/e1/v1,rtmpose_baseline
corpus_01,01.Candidate was found using a mobile phone in the examination hall..mkv,b842b03e5784d867e93770560d88150a526250df69077cd3065edbbd4c842098,dfine_native,96740.0,unknown_object,0.2816,531.2,474.42,644.22,620.04,16458.7,113.02,145.62,0.776,False,,True,unattributed,26,evt_01-P05_upper_body_0039,eedd3f02ec035821,pose_hand_context,,22010.7,4.31,,1,01/e1/v1,rtmpose_baseline
corpus_01,01.Candidate was found using a mobile phone in the examination hall..mkv,b842b03e5784d867e93770560d88150a526250df69077cd3065edbbd4c842098,dfine_native,96740.0,unknown_object,0.2935,531.05,508.65,605.42,619.81,8268.0,74.38,111.16,0.669,False,,True,unattributed,26,evt_01-P05_upper_body_0039,eedd3f02ec035821,pose_hand_context,,22010.7,4.31,,1,01/e1/v1,rtmpose_baseline
corpus_01,01.Candidate was found using a mobile phone in the examination hall..mkv,b842b03e5784d867e93770560d88150a526250df69077cd3065edbbd4c842098,dfine_native,96740.0,unknown_object,0.297,534.34,507.29,605.19,563.48,3981.2,70.85,56.19,1.261,False,,True,unattributed,26,evt_01-P05_upper_body_0039,eedd3f02ec035821,pose_hand_context,,22010.7,4.31,,1,01/e1/v1,rtmpose_baseline
corpus_01,01.Candidate was found using a mobile phone in the examination hall..mkv,b842b03e5784d867e93770560d88150a526250df69077cd3065edbbd4c842098,dfine_native,97100.0,unknown_object,0.4063,524.03,334.52,684.05,513.93,28709.4,160.02,179.41,0.892,False,,True,unattributed,28,evt_01-P01_desk_work_surface_0004,35d6a1ba598258ff,pose_hand_context,,44487.2,3.03,,1,01/e1/v1,rtmpose_baseline
corpus_01,01.Candidate was found using a mobile phone in the examination hall..mkv,b842b03e5784d867e93770560d88150a526250df69077cd3065edbbd4c842098,dfine_native,97100.0,unknown_object,0.3532,533.54,508.14,616.09,544.72,3019.7,82.55,36.58,2.257,False,,True,unattributed,28,evt_01-P01_desk_work_surface_0004,35d6a1ba598258ff,pose_hand_context,,44487.2,3.03,,1,01/e1/v1,rtmpose_baseline
corpus_01,01.Candidate was found using a mobile phone in the examination hall..mkv,b842b03e5784d867e93770560d88150a526250df69077cd3065edbbd4c842098,dfine_native,97100.0,unknown_object,0.2974,624.61,374.02,703.3,474.88,7937.3,78.7,100.86,0.78,False,,True,unattributed,28,evt_01-P01_desk_work_surface_0004,35d6a1ba598258ff,pose_hand_context,,44487.2,3.03,,1,01/e1/v1,rtmpose_baseline
corpus_01,01.Candidate was found using a mobile phone in the examination hall..mkv,b842b03e5784d867e93770560d88150a526250df69077cd3065edbbd4c842098,dfine_native,97100.0,unknown_object,0.3056,623.7,373.64,703.33,536.25,12947.8,79.63,162.61,0.49,False,,True,unattributed,28,evt_01-P01_desk_work_surface_0004,35d6a1ba598258ff,pose_hand_context,,44487.2,3.03,,1,01/e1/v1,rtmpose_baseline
corpus_01,01.Candidate was found using a mobile phone in the examination hall..mkv,b842b03e5784d867e93770560d88150a526250df69077cd3065edbbd4c842098,dfine_native,97100.0,mouse,0.3673,525.86,464.12,536.64,477.85,148.0,10.78,13.72,0.786,False,,True,unattributed,28,evt_01-P01_desk_work_surface_0004,35d6a1ba598258ff,pose_hand_context,,44487.2,3.03,,1,01/e1/v1,rtmpose_baseline
corpus_01,01.Candidate was found using a mobile phone in the examination hall..mkv,b842b03e5784d867e93770560d88150a526250df69077cd3065edbbd4c842098,dfine_native,97100.0,mouse,0.2518,639.3,368.99,660.53,378.37,199.3,21.23,9.39,2.262,False,,True,unattributed,28,evt_01-P01_desk_work_surface_0004,35d6a1ba598258ff,pose_hand_context,,44487.2,3.03,,1,01/e1/v1,rtmpose_baseline
corpus_01,01.Candidate was found using a mobile phone in the examination hall..mkv,b842b03e5784d867e93770560d88150a526250df69077cd3065edbbd4c842098,dfine_native,97100.0,unknown_object,0.288,613.27,368.87,660.83,380.55,555.2,47.56,11.67,4.074,False,,True,unattributed,28,evt_01-P01_desk_work_surface_0004,35d6a1ba598258ff,pose_hand_context,,44487.2,3.03,,1,01/e1/v1,rtmpose_baseline
corpus_01,01.Candidate was found using a mobile phone in the examination hall..mkv,b842b03e5784d867e93770560d88150a526250df69077cd3065edbbd4c842098,dfine_native,97100.0,unknown_object,0.3839,541.92,374.18,703.52,542.15,27144.9,161.61,167.97,0.962,False,,True,unattributed,28,evt_01-P01_desk_work_surface_0004,35d6a1ba598258ff,pose_hand_context,,44487.2,3.03,,1,01/e1/v1,rtmpose_baseline
corpus_01,01.Candidate was found using a mobile phone in the examination hall..mkv,b842b03e5784d867e93770560d88150a526250df69077cd3065edbbd4c842098,dfine_native,97100.0,unknown_object,0.4063,524.03,334.52,684.05,513.93,28709.4,160.02,179.41,0.892,False,,True,unattributed,27,evt_01-P01_desk_work_surface_0004,35d6a1ba598258ff,pose_hand_context,,44487.2,3.03,,1,01/e1/v1,rtmpose_baseline
corpus_01,01.Candidate was found using a mobile phone in the examination hall..mkv,b842b03e5784d867e93770560d88150a526250df69077cd3065edbbd4c842098,dfine_native,97100.0,unknown_object,0.3532,533.54,508.14,616.09,544.72,3019.7,82.55,36.58,2.257,False,,True,unattributed,27,evt_01-P01_desk_work_surface_0004,35d6a1ba598258ff,pose_hand_context,,44487.2,3.03,,1,01/e1/v1,rtmpose_baseline
corpus_01,01.Candidate was found using a mobile phone in the examination hall..mkv,b842b03e5784d867e93770560d88150a526250df69077cd3065edbbd4c842098,dfine_native,97100.0,unknown_object,0.2974,624.61,374.02,703.3,474.88,7937.3,78.7,100.86,0.78,False,,True,unattributed,27,evt_01-P01_desk_work_surface_0004,35d6a1ba598258ff,pose_hand_context,,44487.2,3.03,,1,01/e1/v1,rtmpose_baseline
corpus_01,01.Candidate was found using a mobile phone in the examination hall..mkv,b842b03e5784d867e93770560d88150a526250df69077cd3065edbbd4c842098,dfine_native,97100.0,unknown_object,0.3056,623.7,373.64,703.33,536.25,12947.8,79.63,162.61,0.49,False,,True,unattributed,27,evt_01-P01_desk_work_surface_0004,35d6a1ba598258ff,pose_hand_context,,44487.2,3.03,,1,01/e1/v1,rtmpose_baseline
corpus_01,01.Candidate was found using a mobile phone in the examination hall..mkv,b842b03e5784d867e93770560d88150a526250df69077cd3065edbbd4c842098,dfine_native,97100.0,mouse,0.3673,525.86,464.12,536.64,477.85,148.0,10.78,13.72,0.786,False,,True,unattributed,27,evt_01-P01_desk_work_surface_0004,35d6a1ba598258ff,pose_hand_context,,44487.2,3.03,,1,01/e1/v1,rtmpose_baseline
corpus_01,01.Candidate was found using a mobile phone in the examination hall..mkv,b842b03e5784d867e93770560d88150a526250df69077cd3065edbbd4c842098,dfine_native,97100.0,mouse,0.2518,639.3,368.99,660.53,378.37,199.3,21.23,9.39,2.262,False,,True,unattributed,27,evt_01-P01_desk_work_surface_0004,35d6a1ba598258ff,pose_hand_context,,44487.2,3.03,,1,01/e1/v1,rtmpose_baseline
corpus_01,01.Candidate was found using a mobile phone in the examination hall..mkv,b842b03e5784d867e93770560d88150a526250df69077cd3065edbbd4c842098,dfine_native,97100.0,unknown_object,0.288,613.27,368.87,660.83,380.55,555.2,47.56,11.67,4.074,False,,True,unattributed,27,evt_01-P01_desk_work_surface_0004,35d6a1ba598258ff,pose_hand_context,,44487.2,3.03,,1,01/e1/v1,rtmpose_baseline
corpus_01,01.Candidate was found using a mobile phone in the examination hall..mkv,b842b03e5784d867e93770560d88150a526250df69077cd3065edbbd4c842098,dfine_native,97100.0,unknown_object,0.3839,541.92,374.18,703.52,542.15,27144.9,161.61,167.97,0.962,False,,True,unattributed,27,evt_01-P01_desk_work_surface_0004,35d6a1ba598258ff,pose_hand_context,,44487.2,3.03,,1,01/e1/v1,rtmpose_baseline
corpus_01,01.Candidate was found using a mobile phone in the examination hall..mkv,b842b03e5784d867e93770560d88150a526250df69077cd3065edbbd4c842098,dfine_native,97100.0,bag,0.5388,809.79,506.31,830.75,647.81,2965.5,20.96,141.5,0.148,False,,True,unattributed,20,evt_01-P01_desk_work_surface_0004,d386ade6d9124438,native_source_context_fallback,wrist_confidence_below_floor,72098.3,1.69,,1,01/e1/v1,rtmpose_baseline
corpus_01,01.Candidate was found using a mobile phone in the examination hall..mkv,b842b03e5784d867e93770560d88150a526250df69077cd3065edbbd4c842098,dfine_native,97100.0,bag,0.6168,759.75,339.31,825.78,483.33,9510.0,66.03,144.03,0.458,False,,True,unattributed,20,evt_01-P01_desk_work_surface_0004,d386ade6d9124438,native_source_context_fallback,wrist_confidence_below_floor,72098.3,1.69,,1,01/e1/v1,rtmpose_baseline
corpus_01,01.Candidate was found using a mobile phone in the examination hall..mkv,b842b03e5784d867e93770560d88150a526250df69077cd3065edbbd4c842098,dfine_native,97100.0,mouse,0.4801,640.2,368.64,660.49,378.24,194.7,20.29,9.6,2.114,False,,True,unattributed,20,evt_01-P01_desk_work_surface_0004,d386ade6d9124438,native_source_context_fallback,wrist_confidence_below_floor,72098.3,1.69,,1,01/e1/v1,rtmpose_baseline
corpus_01,01.Candidate was found using a mobile phone in the examination hall..mkv,b842b03e5784d867e93770560d88150a526250df69077cd3065edbbd4c842098,dfine_native,97100.0,unknown_object,0.4479,639.86,548.84,670.3,622.66,2246.7,30.43,73.82,0.412,False,,True,unattributed,20,evt_01-P01_desk_work_surface_0004,d386ade6d9124438,native_source_context_fallback,wrist_confidence_below_floor,72098.3,1.69,,1,01/e1/v1,rtmpose_baseline
corpus_01,01.Candidate was found using a mobile phone in the examination hall..mkv,b842b03e5784d867e93770560d88150a526250df69077cd3065edbbd4c842098,dfine_native,97100.0,unknown_object,0.2718,640.07,339.3,824.91,483.69,26689.3,184.84,144.39,1.28,False,,True,unattributed,20,evt_01-P01_desk_work_surface_0004,d386ade6d9124438,native_source_context_fallback,wrist_confidence_below_floor,72098.3,1.69,,1,01/e1/v1,rtmpose_baseline
corpus_01,01.Candidate was found using a mobile phone in the examination hall..mkv,b842b03e5784d867e93770560d88150a526250df69077cd3065edbbd4c842098,dfine_native,97100.0,unknown_object,0.2589,800.48,339.19,830.82,420.52,2467.5,30.34,81.33,0.373,False,,True,unattributed,20,evt_01-P01_desk_work_surface_0004,d386ade6d9124438,native_source_context_fallback,wrist_confidence_below_floor,72098.3,1.69,,1,01/e1/v1,rtmpose_baseline
corpus_01,01.Candidate was found using a mobile phone in the examination hall..mkv,b842b03e5784d867e93770560d88150a526250df69077cd3065edbbd4c842098,dfine_native,97100.0,unknown_object,0.2536,811.92,339.24,830.71,420.48,1526.6,18.79,81.24,0.231,False,,True,unattributed,20,evt_01-P01_desk_work_surface_0004,d386ade6d9124438,native_source_context_fallback,wrist_confidence_below_floor,72098.3,1.69,,1,01/e1/v1,rtmpose_baseline
corpus_01,01.Candidate was found using a mobile phone in the examination hall..mkv,b842b03e5784d867e93770560d88150a526250df69077cd3065edbbd4c842098,dfine_native,97100.0,unknown_object,0.3162,639.95,583.73,666.98,622.52,1048.2,27.03,38.79,0.697,False,,True,unattributed,20,evt_01-P01_desk_work_surface_0004,d386ade6d9124438,native_source_context_fallback,wrist_confidence_below_floor,72098.3,1.69,,1,01/e1/v1,rtmpose_baseline
corpus_01,01.Candidate was found using a mobile phone in the examination hall..mkv,b842b03e5784d867e93770560d88150a526250df69077cd3065edbbd4c842098,dfine_native,97100.0,unknown_object,0.2582,639.85,470.17,669.17,622.6,4469.9,29.32,152.43,0.192,False,,True,unattributed,20,evt_01-P01_desk_work_surface_0004,d386ade6d9124438,native_source_context_fallback,wrist_confidence_below_floor,72098.3,1.69,,1,01/e1/v1,rtmpose_baseline
corpus_01,01.Candidate was found using a mobile phone in the examination hall..mkv,b842b03e5784d867e93770560d88150a526250df69077cd3065edbbd4c842098,dfine_native,97620.0,unknown_object,0.3244,641.97,419.79,686.06,570.23,6634.3,44.1,150.44,0.293,False,,True,unattributed,28,evt_01-P01_upper_body_0008,a787e1a036ae9505,native_source_context_fallback,wrist_confidence_below_floor,34442.6,2.15,,1,01/e1/v1,rtmpose_baseline
corpus_01,01.Candidate was found using a mobile phone in the examination hall..mkv,b842b03e5784d867e93770560d88150a526250df69077cd3065edbbd4c842098,dfine_native,97620.0,unknown_object,0.2932,641.96,292.28,685.11,367.25,3235.1,43.15,74.97,0.576,False,,True,unattributed,28,evt_01-P01_upper_body_0008,a787e1a036ae9505,native_source_context_fallback,wrist_confidence_below_floor,34442.6,2.15,,1,01/e1/v1,rtmpose_baseline
corpus_01,01.Candidate was found using a mobile phone in the examination hall..mkv,b842b03e5784d867e93770560d88150a526250df69077cd3065edbbd4c842098,dfine_native,97620.0,unknown_object,0.3855,641.91,365.11,681.49,409.47,1755.4,39.57,44.36,0.892,False,,True,unattributed,28,evt_01-P01_upper_body_0008,a787e1a036ae9505,native_source_context_fallback,wrist_confidence_below_floor,34442.6,2.15,,1,01/e1/v1,rtmpose_baseline
corpus_01,01.Candidate was found using a mobile phone in the examination hall..mkv,b842b03e5784d867e93770560d88150a526250df69077cd3065edbbd4c842098,dfine_native,97620.0,unknown_object,0.2648,641.92,526.1,701.08,588.87,3713.5,59.16,62.77,0.942,False,,True,unattributed,28,evt_01-P01_upper_body_0008,a787e1a036ae9505,native_source_context_fallback,wrist_confidence_below_floor,34442.6,2.15,,1,01/e1/v1,rtmpose_baseline
corpus_01,01.Candidate was found using a mobile phone in the examination hall..mkv,b842b03e5784d867e93770560d88150a526250df69077cd3065edbbd4c842098,dfine_native,97620.0,unknown_object,0.2654,641.98,368.75,660.53,378.41,179.2,18.55,9.66,1.92,False,,True,unattributed,28,evt_01-P01_upper_body_0008,a787e1a036ae9505,native_source_context_fallback,wrist_confidence_below_floor,34442.6,2.15,,1,01/e1/v1,rtmpose_baseline
corpus_01,01.Candidate was found using a mobile phone in the examination hall..mkv,b842b03e5784d867e93770560d88150a526250df69077cd3065edbbd4c842098,dfine_native,97620.0,unknown_object,0.3801,641.78,423.05,700.79,588.22,9746.0,59.01,165.17,0.357,False,,True,unattributed,28,evt_01-P01_upper_body_0008,a787e1a036ae9505,native_source_context_fallback,wrist_confidence_below_floor,34442.6,2.15,,1,01/e1/v1,rtmpose_baseline
corpus_01,01.Candidate was found using a mobile phone in the examination hall..mkv,b842b03e5784d867e93770560d88150a526250df69077cd3065edbbd4c842098,dfine_native,97620.0,unknown_object,0.5708,702.78,365.39,818.97,530.33,19163.4,116.19,164.94,0.704,False,,True,unattributed,20,evt_01-P01_upper_body_0008,f7c2cc977d6ffafc,pose_hand_context,,30618.0,3.66,,1,01/e1/v1,rtmpose_baseline
corpus_01,01.Candidate was found using a mobile phone in the examination hall..mkv,b842b03e5784d867e93770560d88150a526250df69077cd3065edbbd4c842098,dfine_native,97620.0,phone,0.3952,644.0,368.86,660.49,377.93,149.4,16.48,9.07,1.818,False,,True,unattributed,20,evt_01-P01_upper_body_0008,f7c2cc977d6ffafc,pose_hand_context,,30618.0,3.66,,1,01/e1/v1,rtmpose_baseline
corpus_01,01.Candidate was found using a mobile phone in the examination hall..mkv,b842b03e5784d867e93770560d88150a526250df69077cd3065edbbd4c842098,dfine_native,97620.0,unknown_object,0.3304,643.99,365.38,681.37,411.78,1734.3,37.37,46.41,0.805,False,,True,unattributed,20,evt_01-P01_upper_body_0008,f7c2cc977d6ffafc,pose_hand_context,,30618.0,3.66,,1,01/e1/v1,rtmpose_baseline
corpus_01,01.Candidate was found using a mobile phone in the examination hall..mkv,b842b03e5784d867e93770560d88150a526250df69077cd3065edbbd4c842098,dfine_native,97620.0,unknown_object,0.285,644.03,364.65,685.41,529.6,6826.1,41.38,164.95,0.251,False,,True,unattributed,20,evt_01-P01_upper_body_0008,f7c2cc977d6ffafc,pose_hand_context,,30618.0,3.66,,1,01/e1/v1,rtmpose_baseline
corpus_01,01.Candidate was found using a mobile phone in the examination hall..mkv,b842b03e5784d867e93770560d88150a526250df69077cd3065edbbd4c842098,dfine_native,97660.0,unknown_object,0.392,642.91,290.45,685.09,367.45,3247.4,42.17,77.0,0.548,False,,True,unattributed,28,evt_01-P04_desk_work_surface_0027,3dede15876347b86,native_source_context_fallback,wrist_confidence_below_floor,34133.9,2.15,,1,01/e1/v1,rtmpose_baseline
corpus_01,01.Candidate was found using a mobile phone in the examination hall..mkv,b842b03e5784d867e93770560d88150a526250df69077cd3065edbbd4c842098,dfine_native,97660.0,unknown_object,0.275,642.83,290.51,685.24,408.11,4987.8,42.41,117.6,0.361,False,,True,unattributed,28,evt_01-P04_desk_work_surface_0027,3dede15876347b86,native_source_context_fallback,wrist_confidence_below_floor,34133.9,2.15,,1,01/e1/v1,rtmpose_baseline
corpus_01,01.Candidate was found using a mobile phone in the examination hall..mkv,b842b03e5784d867e93770560d88150a526250df69077cd3065edbbd4c842098,dfine_native,97660.0,unknown_object,0.3808,642.86,417.8,687.2,570.04,6749.1,44.33,152.24,0.291,False,,True,unattributed,28,evt_01-P04_desk_work_surface_0027,3dede15876347b86,native_source_context_fallback,wrist_confidence_below_floor,34133.9,2.15,,1,01/e1/v1,rtmpose_baseline
corpus_01,01.Candidate was found using a mobile phone in the examination hall..mkv,b842b03e5784d867e93770560d88150a526250df69077cd3065edbbd4c842098,dfine_native,97660.0,unknown_object,0.4697,704.26,362.41,817.97,526.94,18709.1,113.71,164.53,0.691,False,,True,unattributed,20,evt_01-P04_desk_work_surface_0027,72ee4af00e701c56,pose_hand_context,,30765.2,3.65,,1,01/e1/v1,rtmpose_baseline
corpus_01,01.Candidate was found using a mobile phone in the examination hall..mkv,b842b03e5784d867e93770560d88150a526250df69077cd3065edbbd4c842098,dfine_native,97660.0,mouse,0.4199,642.01,368.85,660.52,378.31,175.1,18.52,9.46,1.958,False,,True,unattributed,20,evt_01-P04_desk_work_surface_0027,72ee4af00e701c56,pose_hand_context,,30765.2,3.65,,1,01/e1/v1,rtmpose_baseline
corpus_01,01.Candidate was found using a mobile phone in the examination hall..mkv,b842b03e5784d867e93770560d88150a526250df69077cd3065edbbd4c842098,dfine_native,97660.0,unknown_object,0.3601,641.99,365.4,680.69,413.05,1843.9,38.69,47.65,0.812,False,,True,unattributed,20,evt_01-P04_desk_work_surface_0027,72ee4af00e701c56,pose_hand_context,,30765.2,3.65,,1,01/e1/v1,rtmpose_baseline
corpus_01,01.Candidate was found using a mobile phone in the examination hall..mkv,b842b03e5784d867e93770560d88150a526250df69077cd3065edbbd4c842098,dfine_native,97660.0,unknown_object,0.2838,642.01,364.96,685.97,526.0,7078.9,43.96,161.04,0.273,False,,True,unattributed,20,evt_01-P04_desk_work_surface_0027,72ee4af00e701c56,pose_hand_context,,30765.2,3.65,,1,01/e1/v1,rtmpose_baseline
corpus_01,01.Candidate was found using a mobile phone in the examination hall..mkv,b842b03e5784d867e93770560d88150a526250df69077cd3065edbbd4c842098,dfine_native,97660.0,unknown_object,0.2517,704.43,362.69,817.96,527.1,18665.7,113.53,164.41,0.691,False,,True,unattributed,20,evt_01-P04_desk_work_surface_0027,72ee4af00e701c56,pose_hand_context,,30765.2,3.65,,1,01/e1/v1,rtmpose_baseline
corpus_01,01.Candidate was found using a mobile phone in the examination hall..mkv,b842b03e5784d867e93770560d88150a526250df69077cd3065edbbd4c842098,dfine_native,97700.0,unknown_object,0.4663,705.29,361.42,812.87,529.35,18067.0,107.59,167.93,0.641,False,,True,unattributed,20,evt_01-P05_desk_work_surface_0036,5edd4160a12216b5,pose_hand_context,,30019.0,3.69,,1,01/e1/v1,rtmpose_baseline
corpus_01,01.Candidate was found using a mobile phone in the examination hall..mkv,b842b03e5784d867e93770560d88150a526250df69077cd3065edbbd4c842098,dfine_native,97700.0,mouse,0.5953,640.18,368.93,660.56,378.09,186.7,20.38,9.16,2.225,False,,True,unattributed,20,evt_01-P05_desk_work_surface_0036,5edd4160a12216b5,pose_hand_context,,30019.0,3.69,,1,01/e1/v1,rtmpose_baseline
corpus_01,01.Candidate was found using a mobile phone in the examination hall..mkv,b842b03e5784d867e93770560d88150a526250df69077cd3065edbbd4c842098,dfine_native,97700.0,unknown_object,0.5271,639.74,365.35,680.15,411.77,1875.9,40.41,46.42,0.87,False,,True,unattributed,20,evt_01-P05_desk_work_surface_0036,5edd4160a12216b5,pose_hand_context,,30019.0,3.69,,1,01/e1/v1,rtmpose_baseline
corpus_01,01.Candidate was found using a mobile phone in the examination hall..mkv,b842b03e5784d867e93770560d88150a526250df69077cd3065edbbd4c842098,dfine_native,97700.0,unknown_object,0.3645,644.95,289.8,684.85,367.36,3094.6,39.9,77.56,0.514,False,,True,unattributed,28,evt_01-P05_desk_work_surface_0036,d039c088a5263511,native_source_context_fallback,wrist_confidence_below_floor,33697.4,2.16,,1,01/e1/v1,rtmpose_baseline
corpus_01,01.Candidate was found using a mobile phone in the examination hall..mkv,b842b03e5784d867e93770560d88150a526250df69077cd3065edbbd4c842098,dfine_native,97700.0,unknown_object,0.5184,644.88,365.89,680.42,405.84,1419.8,35.54,39.95,0.89,False,,True,unattributed,28,evt_01-P05_desk_work_surface_0036,d039c088a5263511,native_source_context_fallback,wrist_confidence_below_floor,33697.4,2.16,,1,01/e1/v1,rtmpose_baseline
corpus_01,01.Candidate was found using a mobile phone in the examination hall..mkv,b842b03e5784d867e93770560d88150a526250df69077cd3065edbbd4c842098,dfine_native,97700.0,unknown_object,0.3649,644.89,416.83,687.67,569.0,6509.1,42.77,152.18,0.281,False,,True,unattributed,28,evt_01-P05_desk_work_surface_0036,d039c088a5263511,native_source_context_fallback,wrist_confidence_below_floor,33697.4,2.16,,1,01/e1/v1,rtmpose_baseline
corpus_01,01.Candidate was found using a mobile phone in the examination hall..mkv,b842b03e5784d867e93770560d88150a526250df69077cd3065edbbd4c842098,dfine_native,97700.0,unknown_object,0.2915,644.88,368.82,660.4,378.03,142.9,15.52,9.21,1.685,False,,True,unattributed,28,evt_01-P05_desk_work_surface_0036,d039c088a5263511,native_source_context_fallback,wrist_confidence_below_floor,33697.4,2.16,,1,01/e1/v1,rtmpose_baseline
corpus_01,01.Candidate was found using a mobile phone in the examination hall..mkv,b842b03e5784d867e93770560d88150a526250df69077cd3065edbbd4c842098,dfine_native,97740.0,unknown_object,0.5162,706.52,361.23,808.85,525.35,16795.0,102.33,164.12,0.624,False,,True,unattributed,20,evt_01-P05_upper_body_0039,8b5a21bfa005a049,pose_hand_context,,28655.7,3.78,,1,01/e1/v1,rtmpose_baseline
corpus_01,01.Candidate was found using a mobile phone in the examination hall..mkv,b842b03e5784d867e93770560d88150a526250df69077cd3065edbbd4c842098,dfine_native,97740.0,mouse,0.5242,640.13,368.94,660.52,378.2,188.8,20.39,9.26,2.201,False,,True,unattributed,20,evt_01-P05_upper_body_0039,8b5a21bfa005a049,pose_hand_context,,28655.7,3.78,,1,01/e1/v1,rtmpose_baseline
corpus_01,01.Candidate was found using a mobile phone in the examination hall..mkv,b842b03e5784d867e93770560d88150a526250df69077cd3065edbbd4c842098,dfine_native,97740.0,unknown_object,0.4494,639.74,365.47,679.67,412.01,1858.7,39.94,46.54,0.858,False,,True,unattributed,20,evt_01-P05_upper_body_0039,8b5a21bfa005a049,pose_hand_context,,28655.7,3.78,,1,01/e1/v1,rtmpose_baseline
corpus_01,01.Candidate was found using a mobile phone in the examination hall..mkv,b842b03e5784d867e93770560d88150a526250df69077cd3065edbbd4c842098,dfine_native,97740.0,unknown_object,0.3173,639.7,365.16,679.88,433.2,2733.3,40.17,68.04,0.59,False,,True,unattributed,20,evt_01-P05_upper_body_0039,8b5a21bfa005a049,pose_hand_context,,28655.7,3.78,,1,01/e1/v1,rtmpose_baseline
corpus_01,01.Candidate was found using a mobile phone in the examination hall..mkv,b842b03e5784d867e93770560d88150a526250df69077cd3065edbbd4c842098,dfine_native,97740.0,unknown_object,0.4896,646.88,365.76,679.85,403.71,1250.8,32.97,37.94,0.869,False,,True,unattributed,28,evt_01-P05_upper_body_0039,bed6c0760f4b439b,native_source_context_fallback,wrist_confidence_below_floor,33069.7,2.17,,1,01/e1/v1,rtmpose_baseline
corpus_01,01.Candidate was found using a mobile phone in the examination hall..mkv,b842b03e5784d867e93770560d88150a526250df69077cd3065edbbd4c842098,dfine_native,97740.0,unknown_object,0.3766,646.87,419.14,688.09,568.68,6164.9,41.22,149.55,0.276,False,,True,unattributed,28,evt_01-P05_upper_body_0039,bed6c0760f4b439b,native_source_context_fallback,wrist_confidence_below_floor,33069.7,2.17,,1,01/e1/v1,rtmpose_baseline
corpus_01,01.Candidate was found using a mobile phone in the examination hall..mkv,b842b03e5784d867e93770560d88150a526250df69077cd3065edbbd4c842098,dfine_native,97740.0,unknown_object,0.2699,646.88,368.8,660.48,378.1,126.5,13.61,9.3,1.463,False,,True,unattributed,28,evt_01-P05_upper_body_0039,bed6c0760f4b439b,native_source_context_fallback,wrist_confidence_below_floor,33069.7,2.17,,1,01/e1/v1,rtmpose_baseline
corpus_01,01.Candidate was found using a mobile phone in the examination hall..mkv,b842b03e5784d867e93770560d88150a526250df69077cd3065edbbd4c842098,dfine_native,97740.0,unknown_object,0.2886,646.97,290.36,684.53,367.61,2901.5,37.56,77.25,0.486,False,,True,unattributed,28,evt_01-P05_upper_body_0039,bed6c0760f4b439b,native_source_context_fallback,wrist_confidence_below_floor,33069.7,2.17,,1,01/e1/v1,rtmpose_baseline
corpus_01,01.Candidate was found using a mobile phone in the examination hall..mkv,b842b03e5784d867e93770560d88150a526250df69077cd3065edbbd4c842098,dfine_native,97740.0,unknown_object,0.277,646.93,290.3,684.65,403.53,4270.9,37.72,113.23,0.333,False,,True,unattributed,28,evt_01-P05_upper_body_0039,bed6c0760f4b439b,native_source_context_fallback,wrist_confidence_below_floor,33069.7,2.17,,1,01/e1/v1,rtmpose_baseline
corpus_01,01.Candidate was found using a mobile phone in the examination hall..mkv,b842b03e5784d867e93770560d88150a526250df69077cd3065edbbd4c842098,dfine_native,97740.0,unknown_object,0.2685,677.18,318.22,711.35,361.51,1478.9,34.17,43.28,0.789,False,,True,unattributed,28,evt_01-P05_upper_body_0039,bed6c0760f4b439b,native_source_context_fallback,wrist_confidence_below_floor,33069.7,2.17,,1,01/e1/v1,rtmpose_baseline
corpus_01,01.Candidate was found using a mobile phone in the examination hall..mkv,b842b03e5784d867e93770560d88150a526250df69077cd3065edbbd4c842098,dfine_native,97740.0,unknown_object,0.2976,646.88,290.46,687.62,568.35,11320.4,40.74,277.89,0.147,False,,True,unattributed,28,evt_01-P05_upper_body_0039,bed6c0760f4b439b,native_source_context_fallback,wrist_confidence_below_floor,33069.7,2.17,,1,01/e1/v1,rtmpose_baseline
corpus_01,01.Candidate was found using a mobile phone in the examination hall..mkv,b842b03e5784d867e93770560d88150a526250df69077cd3065edbbd4c842098,dfine_native,98100.0,unknown_object,0.3676,655.01,365.7,683.39,396.63,877.9,28.39,30.93,0.918,False,,True,unattributed,28,evt_01-P01_desk_work_surface_0004,1a11f8620e36bd52,native_source_context_fallback,wrist_confidence_below_floor,28082.1,2.19,,1,01/e1/v1,rtmpose_baseline
corpus_01,01.Candidate was found using a mobile phone in the examination hall..mkv,b842b03e5784d867e93770560d88150a526250df69077cd3065edbbd4c842098,dfine_native,98100.0,unknown_object,0.2595,655.03,368.96,660.5,377.13,44.7,5.47,8.17,0.67,True,object footprint 45 px is under the 120 px floor for a call,False,unattributed,28,evt_01-P01_desk_work_surface_0004,1a11f8620e36bd52,native_source_context_fallback,wrist_confidence_below_floor,28082.1,2.19,,1,01/e1/v1,rtmpose_baseline
corpus_01,01.Candidate was found using a mobile phone in the examination hall..mkv,b842b03e5784d867e93770560d88150a526250df69077cd3065edbbd4c842098,dfine_native,98100.0,mouse,0.4346,639.32,368.9,660.31,377.5,180.6,20.99,8.6,2.441,False,,True,unattributed,20,evt_01-P01_desk_work_surface_0004,71abbb5fd0c7d14e,pose_hand_context,,33959.1,3.47,,1,01/e1/v1,rtmpose_baseline
corpus_01,01.Candidate was found using a mobile phone in the examination hall..mkv,b842b03e5784d867e93770560d88150a526250df69077cd3065edbbd4c842098,dfine_native,98100.0,unknown_object,0.3039,630.0,363.89,683.91,510.17,7885.7,53.91,146.29,0.368,False,,True,unattributed,20,evt_01-P01_desk_work_surface_0004,71abbb5fd0c7d14e,pose_hand_context,,33959.1,3.47,,1,01/e1/v1,rtmpose_baseline
corpus_01,01.Candidate was found using a mobile phone in the examination hall..mkv,b842b03e5784d867e93770560d88150a526250df69077cd3065edbbd4c842098,dfine_native,98100.0,unknown_object,0.2958,630.03,364.13,683.48,452.69,4734.2,53.45,88.56,0.604,False,,True,unattributed,20,evt_01-P01_desk_work_surface_0004,71abbb5fd0c7d14e,pose_hand_context,,33959.1,3.47,,1,01/e1/v1,rtmpose_baseline
corpus_01,01.Candidate was found using a mobile phone in the examination hall..mkv,b842b03e5784d867e93770560d88150a526250df69077cd3065edbbd4c842098,dfine_native,98100.0,unknown_object,0.3443,630.04,364.54,683.28,427.08,3329.7,53.24,62.54,0.851,False,,True,unattributed,20,evt_01-P01_desk_work_surface_0004,71abbb5fd0c7d14e,pose_hand_context,,33959.1,3.47,,1,01/e1/v1,rtmpose_baseline
corpus_01,01.Candidate was found using a mobile phone in the examination hall..mkv,b842b03e5784d867e93770560d88150a526250df69077cd3065edbbd4c842098,dfine_native,98100.0,unknown_object,0.3016,630.03,368.76,660.49,378.87,307.9,30.46,10.11,3.014,False,,True,unattributed,20,evt_01-P01_desk_work_surface_0004,71abbb5fd0c7d14e,pose_hand_context,,33959.1,3.47,,1,01/e1/v1,rtmpose_baseline
corpus_01,01.Candidate was found using a mobile phone in the examination hall..mkv,b842b03e5784d867e93770560d88150a526250df69077cd3065edbbd4c842098,dfine_native,98100.0,bag,0.7428,703.24,350.38,751.99,434.77,4113.6,48.75,84.39,0.578,False,,True,unattributed,27,evt_01-P01_desk_work_surface_0004,f79b92f495320be0,native_source_context_fallback,wrist_confidence_below_floor,14279.0,4.19,,1,01/e1/v1,rtmpose_baseline
corpus_01,01.Candidate was found using a mobile phone in the examination hall..mkv,b842b03e5784d867e93770560d88150a526250df69077cd3065edbbd4c842098,dfine_native,98100.0,unknown_object,0.2562,656.0,365.77,683.56,396.75,853.8,27.56,30.98,0.89,False,,True,unattributed,27,evt_01-P01_desk_work_surface_0004,f79b92f495320be0,native_source_context_fallback,wrist_confidence_below_floor,14279.0,4.19,,1,01/e1/v1,rtmpose_baseline
corpus_01,01.Candidate was found using a mobile phone in the examination hall..mkv,b842b03e5784d867e93770560d88150a526250df69077cd3065edbbd4c842098,dfine_native,98100.0,bag,0.3608,656.91,348.08,749.65,434.34,8000.8,92.74,86.27,1.075,False,,True,unattributed,27,evt_01-P01_desk_work_surface_0004,f79b92f495320be0,native_source_context_fallback,wrist_confidence_below_floor,14279.0,4.19,,1,01/e1/v1,rtmpose_baseline
corpus_01,01.Candidate was found using a mobile phone in the examination hall..mkv,b842b03e5784d867e93770560d88150a526250df69077cd3065edbbd4c842098,dfine_native,98620.0,unknown_object,0.6713,611.04,351.82,702.94,463.48,10261.7,91.9,111.66,0.823,False,,True,unattributed,28,evt_01-P01_upper_body_0008,1daaddda17c52e86,pose_hand_context,,13174.4,5.58,,1,01/e1/v1,rtmpose_baseline
corpus_01,01.Candidate was found using a mobile phone in the examination hall..mkv,b842b03e5784d867e93770560d88150a526250df69077cd3065edbbd4c842098,dfine_native,98620.0,unknown_object,0.7814,612.84,368.76,660.36,380.38,552.0,47.52,11.62,4.091,False,,True,unattributed,28,evt_01-P01_upper_body_0008,1daaddda17c52e86,pose_hand_context,,13174.4,5.58,,1,01/e1/v1,rtmpose_baseline
corpus_01,01.Candidate was found using a mobile phone in the examination hall..mkv,b842b03e5784d867e93770560d88150a526250df69077cd3065edbbd4c842098,dfine_native,98620.0,unknown_object,0.351,611.04,351.5,700.28,430.35,7036.6,89.24,78.85,1.132,False,,True,unattributed,28,evt_01-P01_upper_body_0008,1daaddda17c52e86,pose_hand_context,,13174.4,5.58,,1,01/e1/v1,rtmpose_baseline
corpus_01,01.Candidate was found using a mobile phone in the examination hall..mkv,b842b03e5784d867e93770560d88150a526250df69077cd3065edbbd4c842098,dfine_native,98620.0,unknown_object,0.2943,782.07,312.16,896.46,474.32,18549.1,114.39,162.16,0.705,False,,True,unattributed,20,evt_01-P01_upper_body_0008,41e6582d3a372e79,pose_hand_context,,29515.2,3.73,,1,01/e1/v1,rtmpose_baseline
corpus_01,01.Candidate was found using a mobile phone in the examination hall..mkv,b842b03e5784d867e93770560d88150a526250df69077cd3065edbbd4c842098,dfine_native,98620.0,unknown_object,0.4596,725.95,324.6,792.2,474.23,9913.1,66.25,149.63,0.443,False,,True,unattributed,20,evt_01-P01_upper_body_0008,41e6582d3a372e79,pose_hand_context,,29515.2,3.73,,1,01/e1/v1,rtmpose_baseline
corpus_01,01.Candidate was found using a mobile phone in the examination hall..mkv,b842b03e5784d867e93770560d88150a526250df69077cd3065edbbd4c842098,dfine_native,98660.0,unknown_object,0.2873,730.0,325.23,794.26,468.16,9185.9,64.26,142.94,0.45,False,,True,unattributed,20,evt_01-P04_desk_work_surface_0027,2dac33bef600f6cd,pose_hand_context,,29247.8,3.74,,1,01/e1/v1,rtmpose_baseline
corpus_01,01.Candidate was found using a mobile phone in the examination hall..mkv,b842b03e5784d867e93770560d88150a526250df69077cd3065edbbd4c842098,dfine_native,98660.0,unknown_object,0.6256,612.06,353.1,702.56,463.89,10027.3,90.5,110.8,0.817,False,,True,unattributed,28,evt_01-P04_desk_work_surface_0027,9661ef173ef7889b,pose_hand_context,,12895.9,5.64,,1,01/e1/v1,rtmpose_baseline
corpus_01,01.Candidate was found using a mobile phone in the examination hall..mkv,b842b03e5784d867e93770560d88150a526250df69077cd3065edbbd4c842098,dfine_native,98660.0,unknown_object,0.76,613.63,368.78,660.34,380.4,542.5,46.7,11.62,4.021,False,,True,unattributed,28,evt_01-P04_desk_work_surface_0027,9661ef173ef7889b,pose_hand_context,,12895.9,5.64,,1,01/e1/v1,rtmpose_baseline
corpus_01,01.Candidate was found using a mobile phone in the examination hall..mkv,b842b03e5784d867e93770560d88150a526250df69077cd3065edbbd4c842098,dfine_native,98660.0,unknown_object,0.2854,612.01,357.96,686.09,430.62,5383.1,74.08,72.66,1.02,False,,True,unattributed,28,evt_01-P04_desk_work_surface_0027,9661ef173ef7889b,pose_hand_context,,12895.9,5.64,,1,01/e1/v1,rtmpose_baseline
corpus_01,01.Candidate was found using a mobile phone in the examination hall..mkv,b842b03e5784d867e93770560d88150a526250df69077cd3065edbbd4c842098,dfine_native,98660.0,unknown_object,0.2702,612.05,352.48,700.0,431.95,6989.8,87.95,79.47,1.107,False,,True,unattributed,28,evt_01-P04_desk_work_surface_0027,9661ef173ef7889b,pose_hand_context,,12895.9,5.64,,1,01/e1/v1,rtmpose_baseline
corpus_01,01.Candidate was found using a mobile phone in the examination hall..mkv,b842b03e5784d867e93770560d88150a526250df69077cd3065edbbd4c842098,dfine_native,98660.0,unknown_object,0.2582,612.22,362.2,699.51,464.0,8885.7,87.28,101.8,0.857,False,,True,unattributed,28,evt_01-P04_desk_work_surface_0027,9661ef173ef7889b,pose_hand_context,,12895.9,5.64,,1,01/e1/v1,rtmpose_baseline
corpus_01,01.Candidate was found using a mobile phone in the examination hall..mkv,b842b03e5784d867e93770560d88150a526250df69077cd3065edbbd4c842098,dfine_native,98660.0,unknown_object,0.2921,612.02,358.93,700.13,463.9,9249.9,88.11,104.98,0.839,False,,True,unattributed,28,evt_01-P04_desk_work_surface_0027,9661ef173ef7889b,pose_hand_context,,12895.9,5.64,,1,01/e1/v1,rtmpose_baseline
corpus_01,01.Candidate was found using a mobile phone in the examination hall..mkv,b842b03e5784d867e93770560d88150a526250df69077cd3065edbbd4c842098,dfine_native,98700.0,unknown_object,0.2881,770.31,334.35,808.42,461.34,4839.0,38.11,126.99,0.3,False,,True,unattributed,20,evt_01-P05_desk_work_surface_0036,2ad256169b21c7cc,pose_hand_context,,27086.6,3.89,,1,01/e1/v1,rtmpose_baseline
corpus_01,01.Candidate was found using a mobile phone in the examination hall..mkv,b842b03e5784d867e93770560d88150a526250df69077cd3065edbbd4c842098,dfine_native,98700.0,unknown_object,0.5466,609.02,353.18,696.55,430.38,6756.6,87.53,77.19,1.134,False,,True,unattributed,28,evt_01-P05_desk_work_surface_0036,62b329a029b43dd8,pose_hand_context,,13815.7,5.44,,1,01/e1/v1,rtmpose_baseline
corpus_01,01.Candidate was found using a mobile phone in the examination hall..mkv,b842b03e5784d867e93770560d88150a526250df69077cd3065edbbd4c842098,dfine_native,98700.0,unknown_object,0.529,609.02,353.3,697.47,469.32,10262.7,88.45,116.03,0.762,False,,True,unattributed,28,evt_01-P05_desk_work_surface_0036,62b329a029b43dd8,pose_hand_context,,13815.7,5.44,,1,01/e1/v1,rtmpose_baseline
corpus_01,01.Candidate was found using a mobile phone in the examination hall..mkv,b842b03e5784d867e93770560d88150a526250df69077cd3065edbbd4c842098,dfine_native,98700.0,unknown_object,0.6381,613.66,368.71,660.41,380.41,547.0,46.76,11.7,3.997,False,,True,unattributed,28,evt_01-P05_desk_work_surface_0036,62b329a029b43dd8,pose_hand_context,,13815.7,5.44,,1,01/e1/v1,rtmpose_baseline
corpus_01,01.Candidate was found using a mobile phone in the examination hall..mkv,b842b03e5784d867e93770560d88150a526250df69077cd3065edbbd4c842098,dfine_native,98700.0,unknown_object,0.3034,609.15,451.62,640.08,471.0,599.5,30.93,19.38,1.596,False,,True,unattributed,28,evt_01-P05_desk_work_surface_0036,62b329a029b43dd8,pose_hand_context,,13815.7,5.44,,1,01/e1/v1,rtmpose_baseline
corpus_01,01.Candidate was found using a mobile phone in the examination hall..mkv,b842b03e5784d867e93770560d88150a526250df69077cd3065edbbd4c842098,dfine_native,98700.0,unknown_object,0.2895,609.03,353.3,697.45,449.99,8548.5,88.41,96.69,0.914,False,,True,unattributed,28,evt_01-P05_desk_work_surface_0036,62b329a029b43dd8,pose_hand_context,,13815.7,5.44,,1,01/e1/v1,rtmpose_baseline
corpus_01,01.Candidate was found using a mobile phone in the examination hall..mkv,b842b03e5784d867e93770560d88150a526250df69077cd3065edbbd4c842098,dfine_native,98740.0,unknown_object,0.3944,742.89,324.26,792.31,451.33,6280.0,49.42,127.07,0.389,False,,True,unattributed,20,evt_01-P05_upper_body_0039,7f211520f099ef83,pose_hand_context,,23907.3,4.14,,1,01/e1/v1,rtmpose_baseline
corpus_01,01.Candidate was found using a mobile phone in the examination hall..mkv,b842b03e5784d867e93770560d88150a526250df69077cd3065edbbd4c842098,dfine_native,98740.0,unknown_object,0.3557,609.0,363.87,683.99,430.43,4991.3,74.99,66.56,1.127,False,,True,unattributed,28,evt_01-P05_upper_body_0039,c8ae2ec04f460524,pose_hand_context,,14636.2,5.29,,1,01/e1/v1,rtmpose_baseline
corpus_01,01.Candidate was found using a mobile phone in the examination hall..mkv,b842b03e5784d867e93770560d88150a526250df69077cd3065edbbd4c842098,dfine_native,98740.0,unknown_object,0.3341,609.01,363.51,684.87,469.23,8019.3,75.86,105.71,0.718,False,,True,unattributed,28,evt_01-P05_upper_body_0039,c8ae2ec04f460524,pose_hand_context,,14636.2,5.29,,1,01/e1/v1,rtmpose_baseline
corpus_01,01.Candidate was found using a mobile phone in the examination hall..mkv,b842b03e5784d867e93770560d88150a526250df69077cd3065edbbd4c842098,dfine_native,98740.0,unknown_object,0.409,613.48,368.81,660.35,380.22,534.9,46.87,11.41,4.107,False,,True,unattributed,28,evt_01-P05_upper_body_0039,c8ae2ec04f460524,pose_hand_context,,14636.2,5.29,,1,01/e1/v1,rtmpose_baseline
corpus_01,01.Candidate was found using a mobile phone in the examination hall..mkv,b842b03e5784d867e93770560d88150a526250df69077cd3065edbbd4c842098,dfine_native,98740.0,unknown_object,0.3002,609.04,351.49,698.74,470.92,10712.4,89.7,119.42,0.751,False,,True,unattributed,28,evt_01-P05_upper_body_0039,c8ae2ec04f460524,pose_hand_context,,14636.2,5.29,,1,01/e1/v1,rtmpose_baseline
corpus_01,01.Candidate was found using a mobile phone in the examination hall..mkv,b842b03e5784d867e93770560d88150a526250df69077cd3065edbbd4c842098,dfine_native,98740.0,unknown_object,0.3208,609.0,361.11,696.11,471.1,9580.7,87.11,109.99,0.792,False,,True,unattributed,28,evt_01-P05_upper_body_0039,c8ae2ec04f460524,pose_hand_context,,14636.2,5.29,,1,01/e1/v1,rtmpose_baseline
corpus_01,01.Candidate was found using a mobile phone in the examination hall..mkv,b842b03e5784d867e93770560d88150a526250df69077cd3065edbbd4c842098,dfine_native,98860.0,phone,0.3189,639.26,368.74,660.29,378.02,195.1,21.03,9.28,2.266,False,,True,unattributed,28,evt_01-P05_upper_body_0040,603f3bd911918cf4,pose_hand_context,,16739.2,4.95,,1,01/e1/v1,rtmpose_baseline
corpus_01,01.Candidate was found using a mobile phone in the examination hall..mkv,b842b03e5784d867e93770560d88150a526250df69077cd3065edbbd4c842098,dfine_native,98860.0,unknown_object,0.2847,614.23,368.69,660.37,380.07,525.2,46.14,11.38,4.053,False,,True,unattributed,28,evt_01-P05_upper_body_0040,603f3bd911918cf4,pose_hand_context,,16739.2,4.95,,1,01/e1/v1,rtmpose_baseline
corpus_01,01.Candidate was found using a mobile phone in the examination hall..mkv,b842b03e5784d867e93770560d88150a526250df69077cd3065edbbd4c842098,dfine_native,98860.0,unknown_object,0.2713,600.01,349.06,704.91,476.67,13386.5,104.91,127.6,0.822,False,,True,unattributed,28,evt_01-P05_upper_body_0040,603f3bd911918cf4,pose_hand_context,,16739.2,4.95,,1,01/e1/v1,rtmpose_baseline
corpus_01,01.Candidate was found using a mobile phone in the examination hall..mkv,b842b03e5784d867e93770560d88150a526250df69077cd3065edbbd4c842098,dfine_native,99100.0,unknown_object,0.5302,760.76,334.98,818.99,445.37,6428.5,58.23,110.39,0.528,False,,True,unattributed,20,evt_01-P01_desk_work_surface_0004,0e91edef3819197e,pose_hand_context,,21656.1,4.35,,1,01/e1/v1,rtmpose_baseline
corpus_01,01.Candidate was found using a mobile phone in the examination hall..mkv,b842b03e5784d867e93770560d88150a526250df69077cd3065edbbd4c842098,dfine_native,99100.0,unknown_object,0.5425,801.18,299.31,897.92,445.34,14127.9,96.75,146.03,0.663,False,,True,unattributed,20,evt_01-P01_desk_work_surface_0004,0e91edef3819197e,pose_hand_context,,21656.1,4.35,,1,01/e1/v1,rtmpose_baseline
corpus_01,01.Candidate was found using a mobile phone in the examination hall..mkv,b842b03e5784d867e93770560d88150a526250df69077cd3065edbbd4c842098,dfine_native,99100.0,unknown_object,0.3142,794.45,299.13,828.53,340.9,1423.6,34.08,41.77,0.816,False,,True,unattributed,20,evt_01-P01_desk_work_surface_0004,0e91edef3819197e,pose_hand_context,,21656.1,4.35,,1,01/e1/v1,rtmpose_baseline
corpus_01,01.Candidate was found using a mobile phone in the examination hall..mkv,b842b03e5784d867e93770560d88150a526250df69077cd3065edbbd4c842098,dfine_native,99100.0,unknown_object,0.2853,773.95,299.12,803.13,337.63,1123.9,29.18,38.52,0.758,False,,True,unattributed,20,evt_01-P01_desk_work_surface_0004,0e91edef3819197e,pose_hand_context,,21656.1,4.35,,1,01/e1/v1,rtmpose_baseline
corpus_01,01.Candidate was found using a mobile phone in the examination hall..mkv,b842b03e5784d867e93770560d88150a526250df69077cd3065edbbd4c842098,dfine_native,99100.0,unknown_object,0.3064,794.44,299.06,869.45,341.06,3150.8,75.01,42.0,1.786,False,,True,unattributed,20,evt_01-P01_desk_work_surface_0004,0e91edef3819197e,pose_hand_context,,21656.1,4.35,,1,01/e1/v1,rtmpose_baseline
corpus_01,01.Candidate was found using a mobile phone in the examination hall..mkv,b842b03e5784d867e93770560d88150a526250df69077cd3065edbbd4c842098,dfine_native,99100.0,unknown_object,0.5144,614.0,368.79,660.39,379.98,519.4,46.38,11.2,4.142,False,,True,unattributed,28,evt_01-P01_desk_work_surface_0004,52d0ea1a20c38507,pose_hand_context,,18873.3,4.66,,1,01/e1/v1,rtmpose_baseline
corpus_01,01.Candidate was found using a mobile phone in the examination hall..mkv,b842b03e5784d867e93770560d88150a526250df69077cd3065edbbd4c842098,dfine_native,99100.0,unknown_object,0.3589,594.03,348.56,681.55,458.77,9645.6,87.52,110.21,0.794,False,,True,unattributed,28,evt_01-P01_desk_work_surface_0004,52d0ea1a20c38507,pose_hand_context,,18873.3,4.66,,1,01/e1/v1,rtmpose_baseline
corpus_01,01.Candidate was found using a mobile phone in the examination hall..mkv,b842b03e5784d867e93770560d88150a526250df69077cd3065edbbd4c842098,dfine_native,99100.0,unknown_object,0.2987,593.96,347.74,682.1,483.29,11946.0,88.13,135.55,0.65,False,,True,unattributed,28,evt_01-P01_desk_work_surface_0004,52d0ea1a20c38507,pose_hand_context,,18873.3,4.66,,1,01/e1/v1,rtmpose_baseline
corpus_01,01.Candidate was found using a mobile phone in the examination hall..mkv,b842b03e5784d867e93770560d88150a526250df69077cd3065edbbd4c842098,dfine_native,99100.0,unknown_object,0.2928,594.0,348.51,681.44,430.26,7147.6,87.43,81.75,1.069,False,,True,unattributed,28,evt_01-P01_desk_work_surface_0004,52d0ea1a20c38507,pose_hand_context,,18873.3,4.66,,1,01/e1/v1,rtmpose_baseline
corpus_01,01.Candidate was found using a mobile phone in the examination hall..mkv,b842b03e5784d867e93770560d88150a526250df69077cd3065edbbd4c842098,dfine_native,99100.0,unknown_object,0.2687,593.99,363.34,681.29,483.41,10482.3,87.3,120.07,0.727,False,,True,unattributed,28,evt_01-P01_desk_work_surface_0004,52d0ea1a20c38507,pose_hand_context,,18873.3,4.66,,1,01/e1/v1,rtmpose_baseline
corpus_01,01.Candidate was found using a mobile phone in the examination hall..mkv,b842b03e5784d867e93770560d88150a526250df69077cd3065edbbd4c842098,dfine_native,99620.0,unknown_object,0.3233,735.98,329.83,777.54,384.72,2280.5,41.55,54.88,0.757,False,,True,unattributed,20,evt_01-P01_upper_body_0008,9657cece28e4f2f5,pose_hand_context,,7807.5,7.24,,1,01/e1/v1,rtmpose_baseline
corpus_01,01.Candidate was found using a mobile phone in the examination hall..mkv,b842b03e5784d867e93770560d88150a526250df69077cd3065edbbd4c842098,dfine_native,99620.0,unknown_object,0.3698,735.98,342.93,777.18,384.75,1723.2,41.2,41.82,0.985,False,,True,unattributed,20,evt_01-P01_upper_body_0008,9657cece28e4f2f5,pose_hand_context,,7807.5,7.24,,1,01/e1/v1,rtmpose_baseline
corpus_01,01.Candidate was found using a mobile phone in the examination hall..mkv,b842b03e5784d867e93770560d88150a526250df69077cd3065edbbd4c842098,dfine_native,99620.0,unknown_object,0.3088,802.55,289.28,831.97,384.58,2804.1,29.42,95.31,0.309,False,,True,unattributed,20,evt_01-P01_upper_body_0008,9657cece28e4f2f5,pose_hand_context,,7807.5,7.24,,1,01/e1/v1,rtmpose_baseline
corpus_01,01.Candidate was found using a mobile phone in the examination hall..mkv,b842b03e5784d867e93770560d88150a526250df69077cd3065edbbd4c842098,dfine_native,99620.0,unknown_object,0.2697,600.09,337.11,708.61,460.11,13347.4,108.52,122.99,0.882,False,,True,unattributed,28,evt_01-P01_upper_body_0008,bc8ab0dbe37b921a,pose_hand_context,,18322.3,4.73,,1,01/e1/v1,rtmpose_baseline
corpus_01,01.Candidate was found using a mobile phone in the examination hall..mkv,b842b03e5784d867e93770560d88150a526250df69077cd3065edbbd4c842098,dfine_native,99620.0,unknown_object,0.3059,612.84,368.84,660.38,380.09,534.5,47.54,11.24,4.229,False,,True,unattributed,28,evt_01-P01_upper_body_0008,bc8ab0dbe37b921a,pose_hand_context,,18322.3,4.73,,1,01/e1/v1,rtmpose_baseline
corpus_01,01.Candidate was found using a mobile phone in the examination hall..mkv,b842b03e5784d867e93770560d88150a526250df69077cd3065edbbd4c842098,dfine_native,99620.0,unknown_object,0.2716,600.24,363.56,678.92,430.33,5253.5,78.68,66.77,1.179,False,,True,unattributed,28,evt_01-P01_upper_body_0008,bc8ab0dbe37b921a,pose_hand_context,,18322.3,4.73,,1,01/e1/v1,rtmpose_baseline
corpus_01,01.Candidate was found using a mobile phone in the examination hall..mkv,b842b03e5784d867e93770560d88150a526250df69077cd3065edbbd4c842098,dfine_native,99620.0,unknown_object,0.3282,600.05,362.66,679.06,468.69,8377.4,79.01,106.03,0.745,False,,True,unattributed,28,evt_01-P01_upper_body_0008,bc8ab0dbe37b921a,pose_hand_context,,18322.3,4.73,,1,01/e1/v1,rtmpose_baseline
corpus_01,01.Candidate was found using a mobile phone in the examination hall..mkv,b842b03e5784d867e93770560d88150a526250df69077cd3065edbbd4c842098,dfine_native,99620.0,unknown_object,0.3504,600.1,337.01,709.51,470.26,14579.0,109.41,133.25,0.821,False,,True,unattributed,28,evt_01-P01_upper_body_0008,bc8ab0dbe37b921a,pose_hand_context,,18322.3,4.73,,1,01/e1/v1,rtmpose_baseline
corpus_01,01.Candidate was found using a mobile phone in the examination hall..mkv,b842b03e5784d867e93770560d88150a526250df69077cd3065edbbd4c842098,dfine_native,99620.0,unknown_object,0.3322,600.11,337.06,709.28,430.18,10165.6,109.16,93.12,1.172,False,,True,unattributed,28,evt_01-P01_upper_body_0008,bc8ab0dbe37b921a,pose_hand_context,,18322.3,4.73,,1,01/e1/v1,rtmpose_baseline
corpus_01,01.Candidate was found using a mobile phone in the examination hall..mkv,b842b03e5784d867e93770560d88150a526250df69077cd3065edbbd4c842098,dfine_native,99660.0,unknown_object,0.3408,601.02,362.75,678.92,430.25,5258.3,77.89,67.51,1.154,False,,True,unattributed,28,evt_01-P04_desk_work_surface_0027,e49a8e5089300fab,pose_hand_context,,17865.0,4.79,,1,01/e1/v1,rtmpose_baseline
corpus_01,01.Candidate was found using a mobile phone in the examination hall..mkv,b842b03e5784d867e93770560d88150a526250df69077cd3065edbbd4c842098,dfine_native,99660.0,unknown_object,0.374,613.68,368.81,660.41,379.99,522.5,46.73,11.18,4.179,False,,True,unattributed,28,evt_01-P04_desk_work_surface_0027,e49a8e5089300fab,pose_hand_context,,17865.0,4.79,,1,01/e1/v1,rtmpose_baseline
corpus_01,01.Candidate was found using a mobile phone in the examination hall..mkv,b842b03e5784d867e93770560d88150a526250df69077cd3065edbbd4c842098,dfine_native,99660.0,unknown_object,0.3816,600.83,361.39,679.29,468.88,8433.9,78.46,107.49,0.73,False,,True,unattributed,28,evt_01-P04_desk_work_surface_0027,e49a8e5089300fab,pose_hand_context,,17865.0,4.79,,1,01/e1/v1,rtmpose_baseline
corpus_01,01.Candidate was found using a mobile phone in the examination hall..mkv,b842b03e5784d867e93770560d88150a526250df69077cd3065edbbd4c842098,dfine_native,99660.0,unknown_object,0.3536,600.89,361.67,678.98,451.26,6995.9,78.09,89.59,0.872,False,,True,unattributed,28,evt_01-P04_desk_work_surface_0027,e49a8e5089300fab,pose_hand_context,,17865.0,4.79,,1,01/e1/v1,rtmpose_baseline
corpus_01,01.Candidate was found using a mobile phone in the examination hall..mkv,b842b03e5784d867e93770560d88150a526250df69077cd3065edbbd4c842098,dfine_native,99660.0,unknown_object,0.4032,738.98,343.18,776.94,385.74,1615.6,37.96,42.56,0.892,False,,True,unattributed,20,evt_01-P04_desk_work_surface_0027,eec7555b71a8b3e9,pose_hand_context,,5947.5,8.3,,1,01/e1/v1,rtmpose_baseline
corpus_01,01.Candidate was found using a mobile phone in the examination hall..mkv,b842b03e5784d867e93770560d88150a526250df69077cd3065edbbd4c842098,dfine_native,99660.0,unknown_object,0.2715,738.99,290.12,777.37,333.8,1675.9,38.37,43.68,0.879,False,,True,unattributed,20,evt_01-P04_desk_work_surface_0027,eec7555b71a8b3e9,pose_hand_context,,5947.5,8.3,,1,01/e1/v1,rtmpose_baseline
corpus_01,01.Candidate was found using a mobile phone in the examination hall..mkv,b842b03e5784d867e93770560d88150a526250df69077cd3065edbbd4c842098,dfine_native,99700.0,unknown_object,0.4361,599.83,362.45,679.28,470.16,8557.0,79.45,107.7,0.738,False,,True,unattributed,28,evt_01-P05_desk_work_surface_0036,8c1234d2ca999cd7,pose_hand_context,,18643.2,4.69,,1,01/e1/v1,rtmpose_baseline
corpus_01,01.Candidate was found using a mobile phone in the examination hall..mkv,b842b03e5784d867e93770560d88150a526250df69077cd3065edbbd4c842098,dfine_native,99700.0,unknown_object,0.3569,600.04,362.9,679.07,430.03,5305.1,79.03,67.12,1.177,False,,True,unattributed,28,evt_01-P05_desk_work_surface_0036,8c1234d2ca999cd7,pose_hand_context,,18643.2,4.69,,1,01/e1/v1,rtmpose_baseline
corpus_01,01.Candidate was found using a mobile phone in the examination hall..mkv,b842b03e5784d867e93770560d88150a526250df69077cd3065edbbd4c842098,dfine_native,99700.0,unknown_object,0.3383,613.46,368.82,660.38,380.28,537.8,46.91,11.46,4.092,False,,True,unattributed,28,evt_01-P05_desk_work_surface_0036,8c1234d2ca999cd7,pose_hand_context,,18643.2,4.69,,1,01/e1/v1,rtmpose_baseline
corpus_01,01.Candidate was found using a mobile phone in the examination hall..mkv,b842b03e5784d867e93770560d88150a526250df69077cd3065edbbd4c842098,dfine_native,99700.0,unknown_object,0.2973,599.87,361.98,678.95,451.56,7084.1,79.08,89.58,0.883,False,,True,unattributed,28,evt_01-P05_desk_work_surface_0036,8c1234d2ca999cd7,pose_hand_context,,18643.2,4.69,,1,01/e1/v1,rtmpose_baseline
corpus_01,01.Candidate was found using a mobile phone in the examination hall..mkv,b842b03e5784d867e93770560d88150a526250df69077cd3065edbbd4c842098,dfine_native,99700.0,unknown_object,0.363,599.82,334.95,709.12,470.71,14837.8,109.3,135.76,0.805,False,,True,unattributed,28,evt_01-P05_desk_work_surface_0036,8c1234d2ca999cd7,pose_hand_context,,18643.2,4.69,,1,01/e1/v1,rtmpose_baseline
corpus_01,01.Candidate was found using a mobile phone in the examination hall..mkv,b842b03e5784d867e93770560d88150a526250df69077cd3065edbbd4c842098,dfine_native,99700.0,unknown_object,0.3545,600.03,335.06,708.85,430.0,10332.2,108.82,94.94,1.146,False,,True,unattributed,28,evt_01-P05_desk_work_surface_0036,8c1234d2ca999cd7,pose_hand_context,,18643.2,4.69,,1,01/e1/v1,rtmpose_baseline
corpus_01,01.Candidate was found using a mobile phone in the examination hall..mkv,b842b03e5784d867e93770560d88150a526250df69077cd3065edbbd4c842098,dfine_native,99700.0,unknown_object,0.3031,599.95,335.23,685.13,429.94,8067.1,85.18,94.71,0.899,False,,True,unattributed,28,evt_01-P05_desk_work_surface_0036,8c1234d2ca999cd7,pose_hand_context,,18643.2,4.69,,1,01/e1/v1,rtmpose_baseline
corpus_01,01.Candidate was found using a mobile phone in the examination hall..mkv,b842b03e5784d867e93770560d88150a526250df69077cd3065edbbd4c842098,dfine_native,99700.0,unknown_object,0.2524,599.82,335.26,685.11,470.7,11552.2,85.29,135.45,0.63,False,,True,unattributed,28,evt_01-P05_desk_work_surface_0036,8c1234d2ca999cd7,pose_hand_context,,18643.2,4.69,,1,01/e1/v1,rtmpose_baseline
corpus_01,01.Candidate was found using a mobile phone in the examination hall..mkv,b842b03e5784d867e93770560d88150a526250df69077cd3065edbbd4c842098,dfine_native,99700.0,unknown_object,0.2888,741.0,341.61,776.88,388.67,1688.3,35.88,47.06,0.762,False,,True,unattributed,20,evt_01-P05_desk_work_surface_0036,be94302681c1b647,pose_hand_context,,4505.1,9.54,,1,01/e1/v1,rtmpose_baseline
corpus_01,01.Candidate was found using a mobile phone in the examination hall..mkv,b842b03e5784d867e93770560d88150a526250df69077cd3065edbbd4c842098,dfine_native,99700.0,unknown_object,0.261,773.97,293.12,807.54,327.83,1165.2,33.57,34.71,0.967,False,,True,unattributed,20,evt_01-P05_desk_work_surface_0036,be94302681c1b647,pose_hand_context,,4505.1,9.54,,1,01/e1/v1,rtmpose_baseline
corpus_01,01.Candidate was found using a mobile phone in the examination hall..mkv,b842b03e5784d867e93770560d88150a526250df69077cd3065edbbd4c842098,dfine_native,99700.0,unknown_object,0.3196,741.0,293.13,778.25,337.74,1661.6,37.25,44.61,0.835,False,,True,unattributed,20,evt_01-P05_desk_work_surface_0036,be94302681c1b647,pose_hand_context,,4505.1,9.54,,1,01/e1/v1,rtmpose_baseline
corpus_01,01.Candidate was found using a mobile phone in the examination hall..mkv,b842b03e5784d867e93770560d88150a526250df69077cd3065edbbd4c842098,dfine_native,99740.0,unknown_object,0.4956,613.2,368.83,660.43,380.09,531.7,47.23,11.26,4.196,False,,True,unattributed,28,evt_01-P06_desk_work_surface_0044,0d98e1cd232f409e,pose_hand_context,,18517.8,4.7,,1,01/e1/v1,rtmpose_baseline
corpus_01,01.Candidate was found using a mobile phone in the examination hall..mkv,b842b03e5784d867e93770560d88150a526250df69077cd3065edbbd4c842098,dfine_native,99740.0,unknown_object,0.2916,599.07,341.37,679.21,467.2,10084.5,80.14,125.83,0.637,False,,True,unattributed,28,evt_01-P06_desk_work_surface_0044,0d98e1cd232f409e,pose_hand_context,,18517.8,4.7,,1,01/e1/v1,rtmpose_baseline
corpus_01,01.Candidate was found using a mobile phone in the examination hall..mkv,b842b03e5784d867e93770560d88150a526250df69077cd3065edbbd4c842098,dfine_native,99740.0,unknown_object,0.2527,599.63,454.25,639.21,472.98,741.7,39.58,18.74,2.113,False,,True,unattributed,28,evt_01-P06_desk_work_surface_0044,0d98e1cd232f409e,pose_hand_context,,18517.8,4.7,,1,01/e1/v1,rtmpose_baseline
corpus_01,01.Candidate was found using a mobile phone in the examination hall..mkv,b842b03e5784d867e93770560d88150a526250df69077cd3065edbbd4c842098,dfine_native,99740.0,unknown_object,0.268,599.16,361.83,678.88,430.43,5468.7,79.72,68.6,1.162,False,,True,unattributed,28,evt_01-P06_desk_work_surface_0044,0d98e1cd232f409e,pose_hand_context,,18517.8,4.7,,1,01/e1/v1,rtmpose_baseline
corpus_01,01.Candidate was found using a mobile phone in the examination hall..mkv,b842b03e5784d867e93770560d88150a526250df69077cd3065edbbd4c842098,dfine_native,99740.0,unknown_object,0.2885,599.07,361.42,679.07,468.16,8539.9,80.01,106.74,0.75,False,,True,unattributed,28,evt_01-P06_desk_work_surface_0044,0d98e1cd232f409e,pose_hand_context,,18517.8,4.7,,1,01/e1/v1,rtmpose_baseline
corpus_01,01.Candidate was found using a mobile phone in the examination hall..mkv,b842b03e5784d867e93770560d88150a526250df69077cd3065edbbd4c842098,dfine_native,99740.0,unknown_object,0.2624,599.15,337.04,709.93,430.52,10356.3,110.78,93.49,1.185,False,,True,unattributed,28,evt_01-P06_desk_work_surface_0044,0d98e1cd232f409e,pose_hand_context,,18517.8,4.7,,1,01/e1/v1,rtmpose_baseline
corpus_01,01.Candidate was found using a mobile phone in the examination hall..mkv,b842b03e5784d867e93770560d88150a526250df69077cd3065edbbd4c842098,dfine_native,99740.0,unknown_object,0.2568,599.03,362.39,679.02,453.12,7257.2,79.99,90.73,0.882,False,,True,unattributed,28,evt_01-P06_desk_work_surface_0044,0d98e1cd232f409e,pose_hand_context,,18517.8,4.7,,1,01/e1/v1,rtmpose_baseline
corpus_01,01.Candidate was found using a mobile phone in the examination hall..mkv,b842b03e5784d867e93770560d88150a526250df69077cd3065edbbd4c842098,dfine_native,99740.0,bag,0.3262,744.98,341.27,776.79,391.6,1601.1,31.81,50.33,0.632,False,,True,unattributed,20,evt_01-P06_desk_work_surface_0044,aa780c5a72eecebe,pose_hand_context,,4149.9,9.93,,1,01/e1/v1,rtmpose_baseline
corpus_01,01.Candidate was found using a mobile phone in the examination hall..mkv,b842b03e5784d867e93770560d88150a526250df69077cd3065edbbd4c842098,dfine_native,99740.0,unknown_object,0.2679,770.8,340.38,819.56,391.59,2496.7,48.76,51.21,0.952,False,,True,unattributed,20,evt_01-P06_desk_work_surface_0044,aa780c5a72eecebe,pose_hand_context,,4149.9,9.93,,1,01/e1/v1,rtmpose_baseline
corpus_01,01.Candidate was found using a mobile phone in the examination hall..mkv,b842b03e5784d867e93770560d88150a526250df69077cd3065edbbd4c842098,dfine_native,99860.0,unknown_object,0.2608,770.17,351.13,820.24,392.58,2075.2,50.07,41.44,1.208,False,,True,unattributed,20,evt_01-P05_upper_body_0040,00108bc942e1fb71,pose_hand_context,,2304.0,13.33,,1,01/e1/v1,rtmpose_baseline
corpus_01,01.Candidate was found using a mobile phone in the examination hall..mkv,b842b03e5784d867e93770560d88150a526250df69077cd3065edbbd4c842098,dfine_native,99860.0,unknown_object,0.2745,802.18,297.16,849.99,392.4,4553.4,47.81,95.24,0.502,False,,True,unattributed,20,evt_01-P05_upper_body_0040,00108bc942e1fb71,pose_hand_context,,2304.0,13.33,,1,01/e1/v1,rtmpose_baseline
corpus_01,01.Candidate was found using a mobile phone in the examination hall..mkv,b842b03e5784d867e93770560d88150a526250df69077cd3065edbbd4c842098,dfine_native,99860.0,unknown_object,0.2928,802.16,297.16,850.01,392.5,4561.8,47.85,95.33,0.502,False,,True,unattributed,20,evt_01-P05_upper_body_0040,00108bc942e1fb71,pose_hand_context,,2304.0,13.33,,1,01/e1/v1,rtmpose_baseline
corpus_01,01.Candidate was found using a mobile phone in the examination hall..mkv,b842b03e5784d867e93770560d88150a526250df69077cd3065edbbd4c842098,dfine_native,99860.0,unknown_object,0.3605,600.04,362.54,679.62,430.37,5398.3,79.58,67.83,1.173,False,,True,unattributed,28,evt_01-P05_upper_body_0040,cfaa82d5b7c21689,pose_hand_context,,18414.5,4.72,,1,01/e1/v1,rtmpose_baseline
corpus_01,01.Candidate was found using a mobile phone in the examination hall..mkv,b842b03e5784d867e93770560d88150a526250df69077cd3065edbbd4c842098,dfine_native,99860.0,unknown_object,0.3941,599.85,361.59,679.84,470.23,8690.5,79.99,108.64,0.736,False,,True,unattributed,28,evt_01-P05_upper_body_0040,cfaa82d5b7c21689,pose_hand_context,,18414.5,4.72,,1,01/e1/v1,rtmpose_baseline
corpus_01,01.Candidate was found using a mobile phone in the examination hall..mkv,b842b03e5784d867e93770560d88150a526250df69077cd3065edbbd4c842098,dfine_native,99860.0,unknown_object,0.4144,599.87,361.53,679.67,451.93,7214.7,79.8,90.41,0.883,False,,True,unattributed,28,evt_01-P05_upper_body_0040,cfaa82d5b7c21689,pose_hand_context,,18414.5,4.72,,1,01/e1/v1,rtmpose_baseline
corpus_01,01.Candidate was found using a mobile phone in the examination hall..mkv,b842b03e5784d867e93770560d88150a526250df69077cd3065edbbd4c842098,dfine_native,99860.0,unknown_object,0.3688,613.22,368.79,660.44,380.12,534.9,47.21,11.33,4.167,False,,True,unattributed,28,evt_01-P05_upper_body_0040,cfaa82d5b7c21689,pose_hand_context,,18414.5,4.72,,1,01/e1/v1,rtmpose_baseline
corpus_01,01.Candidate was found using a mobile phone in the examination hall..mkv,b842b03e5784d867e93770560d88150a526250df69077cd3065edbbd4c842098,dfine_native,99860.0,unknown_object,0.2747,599.94,338.12,709.08,454.13,12661.0,109.14,116.01,0.941,False,,True,unattributed,28,evt_01-P05_upper_body_0040,cfaa82d5b7c21689,pose_hand_context,,18414.5,4.72,,1,01/e1/v1,rtmpose_baseline
corpus_01,01.Candidate was found using a mobile phone in the examination hall..mkv,b842b03e5784d867e93770560d88150a526250df69077cd3065edbbd4c842098,dfine_native,99860.0,unknown_object,0.3069,600.01,338.09,709.34,430.47,10100.1,109.34,92.38,1.184,False,,True,unattributed,28,evt_01-P05_upper_body_0040,cfaa82d5b7c21689,pose_hand_context,,18414.5,4.72,,1,01/e1/v1,rtmpose_baseline
corpus_01,01.Candidate was found using a mobile phone in the examination hall..mkv,b842b03e5784d867e93770560d88150a526250df69077cd3065edbbd4c842098,dfine_native,99860.0,unknown_object,0.2623,599.84,338.07,710.14,471.0,14660.2,110.29,132.92,0.83,False,,True,unattributed,28,evt_01-P05_upper_body_0040,cfaa82d5b7c21689,pose_hand_context,,18414.5,4.72,,1,01/e1/v1,rtmpose_baseline
corpus_01,01.Candidate was found using a mobile phone in the examination hall..mkv,b842b03e5784d867e93770560d88150a526250df69077cd3065edbbd4c842098,dfine_native,100100.0,mouse,0.5208,639.47,368.88,660.3,378.08,191.7,20.83,9.2,2.264,False,,True,unattributed,28,evt_01-P01_desk_work_surface_0004,25e5b3097983c9dc,pose_hand_context,,16225.7,5.02,,1,01/e1/v1,rtmpose_baseline
corpus_01,01.Candidate was found using a mobile phone in the examination hall..mkv,b842b03e5784d867e93770560d88150a526250df69077cd3065edbbd4c842098,dfine_native,100100.0,unknown_object,0.3485,603.93,364.06,680.04,430.36,5046.3,76.11,66.31,1.148,False,,True,unattributed,28,evt_01-P01_desk_work_surface_0004,25e5b3097983c9dc,pose_hand_context,,16225.7,5.02,,1,01/e1/v1,rtmpose_baseline
corpus_01,01.Candidate was found using a mobile phone in the examination hall..mkv,b842b03e5784d867e93770560d88150a526250df69077cd3065edbbd4c842098,dfine_native,100100.0,unknown_object,0.394,604.92,452.58,639.83,471.0,643.3,34.91,18.43,1.895,False,,True,unattributed,28,evt_01-P01_desk_work_surface_0004,25e5b3097983c9dc,pose_hand_context,,16225.7,5.02,,1,01/e1/v1,rtmpose_baseline
corpus_01,01.Candidate was found using a mobile phone in the examination hall..mkv,b842b03e5784d867e93770560d88150a526250df69077cd3065edbbd4c842098,dfine_native,100100.0,unknown_object,0.3645,603.87,363.58,680.09,450.36,6613.9,76.21,86.78,0.878,False,,True,unattributed,28,evt_01-P01_desk_work_surface_0004,25e5b3097983c9dc,pose_hand_context,,16225.7,5.02,,1,01/e1/v1,rtmpose_baseline
corpus_01,01.Candidate was found using a mobile phone in the examination hall..mkv,b842b03e5784d867e93770560d88150a526250df69077cd3065edbbd4c842098,dfine_native,100100.0,unknown_object,0.2839,603.86,363.45,680.11,468.89,8039.7,76.25,105.44,0.723,False,,True,unattributed,28,evt_01-P01_desk_work_surface_0004,25e5b3097983c9dc,pose_hand_context,,16225.7,5.02,,1,01/e1/v1,rtmpose_baseline
corpus_01,01.Candidate was found using a mobile phone in the examination hall..mkv,b842b03e5784d867e93770560d88150a526250df69077cd3065edbbd4c842098,dfine_native,100100.0,bag,0.2964,773.46,342.79,820.08,381.75,1816.5,46.62,38.96,1.197,False,,True,unattributed,20,evt_01-P01_desk_work_surface_0004,30f62560ca72e9e9,pose_hand_context,,2965.9,11.75,,1,01/e1/v1,rtmpose_baseline
corpus_01,01.Candidate was found using a mobile phone in the examination hall..mkv,b842b03e5784d867e93770560d88150a526250df69077cd3065edbbd4c842098,dfine_native,100100.0,bag,0.2765,764.96,330.76,820.41,381.64,2821.1,55.45,50.88,1.09,False,,True,unattributed,20,evt_01-P01_desk_work_surface_0004,30f62560ca72e9e9,pose_hand_context,,2965.9,11.75,,1,01/e1/v1,rtmpose_baseline
corpus_01,01.Candidate was found using a mobile phone in the examination hall..mkv,b842b03e5784d867e93770560d88150a526250df69077cd3065edbbd4c842098,dfine_native,100100.0,stationery,0.2601,764.32,331.66,800.61,346.53,539.9,36.3,14.87,2.44,False,,True,unattributed,20,evt_01-P01_desk_work_surface_0004,30f62560ca72e9e9,pose_hand_context,,2965.9,11.75,,1,01/e1/v1,rtmpose_baseline
corpus_01,01.Candidate was found using a mobile phone in the examination hall..mkv,b842b03e5784d867e93770560d88150a526250df69077cd3065edbbd4c842098,dfine_native,100660.0,mouse,0.381,639.35,368.88,660.38,378.17,195.5,21.03,9.3,2.262,False,,True,unattributed,28,evt_01-P04_desk_work_surface_0027,3de31b26b6a6eeab,pose_hand_context,,14762.2,5.27,,1,01/e1/v1,rtmpose_baseline
corpus_01,01.Candidate was found using a mobile phone in the examination hall..mkv,b842b03e5784d867e93770560d88150a526250df69077cd3065edbbd4c842098,dfine_native,100660.0,unknown_object,0.3792,606.97,363.52,671.98,430.51,4355.0,65.01,66.99,0.971,False,,True,unattributed,28,evt_01-P04_desk_work_surface_0027,3de31b26b6a6eeab,pose_hand_context,,14762.2,5.27,,1,01/e1/v1,rtmpose_baseline
corpus_01,01.Candidate was found using a mobile phone in the examination hall..mkv,b842b03e5784d867e93770560d88150a526250df69077cd3065edbbd4c842098,dfine_native,100660.0,unknown_object,0.4589,614.52,368.89,660.5,380.15,517.6,45.98,11.26,4.084,False,,True,unattributed,28,evt_01-P04_desk_work_surface_0027,3de31b26b6a6eeab,pose_hand_context,,14762.2,5.27,,1,01/e1/v1,rtmpose_baseline
corpus_01,01.Candidate was found using a mobile phone in the examination hall..mkv,b842b03e5784d867e93770560d88150a526250df69077cd3065edbbd4c842098,dfine_native,100660.0,unknown_object,0.4402,606.96,363.28,672.55,453.61,5924.1,65.59,90.32,0.726,False,,True,unattributed,28,evt_01-P04_desk_work_surface_0027,3de31b26b6a6eeab,pose_hand_context,,14762.2,5.27,,1,01/e1/v1,rtmpose_baseline
corpus_01,01.Candidate was found using a mobile phone in the examination hall..mkv,b842b03e5784d867e93770560d88150a526250df69077cd3065edbbd4c842098,dfine_native,100660.0,unknown_object,0.2594,606.97,334.07,709.3,454.0,12271.2,102.32,119.93,0.853,False,,True,unattributed,28,evt_01-P04_desk_work_surface_0027,3de31b26b6a6eeab,pose_hand_context,,14762.2,5.27,,1,01/e1/v1,rtmpose_baseline
corpus_01,01.Candidate was found using a mobile phone in the examination hall..mkv,b842b03e5784d867e93770560d88150a526250df69077cd3065edbbd4c842098,dfine_native,100660.0,unknown_object,0.8111,764.67,321.19,795.84,369.04,1491.5,31.17,47.85,0.651,False,,True,unattributed,20,evt_01-P04_desk_work_surface_0027,88123849d7d7fbfe,pose_hand_context,,11321.0,6.02,,1,01/e1/v1,rtmpose_baseline
corpus_01,01.Candidate was found using a mobile phone in the examination hall..mkv,b842b03e5784d867e93770560d88150a526250df69077cd3065edbbd4c842098,dfine_native,100660.0,bag,0.3689,770.14,344.16,819.42,384.37,1981.6,49.28,40.21,1.225,False,,True,unattributed,20,evt_01-P04_desk_work_surface_0027,88123849d7d7fbfe,pose_hand_context,,11321.0,6.02,,1,01/e1/v1,rtmpose_baseline
corpus_01,01.Candidate was found using a mobile phone in the examination hall..mkv,b842b03e5784d867e93770560d88150a526250df69077cd3065edbbd4c842098,dfine_native,100660.0,bag,0.271,815.83,322.07,849.67,384.34,2107.5,33.84,62.28,0.543,False,,True,unattributed,20,evt_01-P04_desk_work_surface_0027,88123849d7d7fbfe,pose_hand_context,,11321.0,6.02,,1,01/e1/v1,rtmpose_baseline
corpus_01,01.Candidate was found using a mobile phone in the examination hall..mkv,b842b03e5784d867e93770560d88150a526250df69077cd3065edbbd4c842098,dfine_native,100660.0,bag,0.262,798.22,343.93,818.38,376.63,659.2,20.17,32.69,0.617,False,,True,unattributed,20,evt_01-P04_desk_work_surface_0027,88123849d7d7fbfe,pose_hand_context,,11321.0,6.02,,1,01/e1/v1,rtmpose_baseline
corpus_01,01.Candidate was found using a mobile phone in the examination hall..mkv,b842b03e5784d867e93770560d88150a526250df69077cd3065edbbd4c842098,dfine_native,100700.0,unknown_object,0.6907,766.52,321.78,795.79,370.3,1420.0,29.27,48.52,0.603,False,,True,unattributed,20,evt_01-P05_desk_work_surface_0036,7d63985fbac96e6b,pose_hand_context,,11802.6,5.89,,1,01/e1/v1,rtmpose_baseline
corpus_01,01.Candidate was found using a mobile phone in the examination hall..mkv,b842b03e5784d867e93770560d88150a526250df69077cd3065edbbd4c842098,dfine_native,100700.0,bag,0.5953,769.78,343.9,819.13,384.63,2009.7,49.34,40.73,1.212,False,,True,unattributed,20,evt_01-P05_desk_work_surface_0036,7d63985fbac96e6b,pose_hand_context,,11802.6,5.89,,1,01/e1/v1,rtmpose_baseline
corpus_01,01.Candidate was found using a mobile phone in the examination hall..mkv,b842b03e5784d867e93770560d88150a526250df69077cd3065edbbd4c842098,dfine_native,100700.0,bag,0.4352,813.45,320.21,848.92,384.69,2286.9,35.47,64.47,0.55,False,,True,unattributed,20,evt_01-P05_desk_work_surface_0036,7d63985fbac96e6b,pose_hand_context,,11802.6,5.89,,1,01/e1/v1,rtmpose_baseline
corpus_01,01.Candidate was found using a mobile phone in the examination hall..mkv,b842b03e5784d867e93770560d88150a526250df69077cd3065edbbd4c842098,dfine_native,100700.0,bag,0.4124,749.0,333.65,771.12,384.65,1127.9,22.11,51.01,0.434,False,,True,unattributed,20,evt_01-P05_desk_work_surface_0036,7d63985fbac96e6b,pose_hand_context,,11802.6,5.89,,1,01/e1/v1,rtmpose_baseline
corpus_01,01.Candidate was found using a mobile phone in the examination hall..mkv,b842b03e5784d867e93770560d88150a526250df69077cd3065edbbd4c842098,dfine_native,100700.0,bag,0.3687,767.61,321.8,819.42,384.37,3241.8,51.8,62.58,0.828,False,,True,unattributed,20,evt_01-P05_desk_work_surface_0036,7d63985fbac96e6b,pose_hand_context,,11802.6,5.89,,1,01/e1/v1,rtmpose_baseline
corpus_01,01.Candidate was found using a mobile phone in the examination hall..mkv,b842b03e5784d867e93770560d88150a526250df69077cd3065edbbd4c842098,dfine_native,100700.0,bag,0.2679,784.11,344.04,818.76,384.31,1395.2,34.65,40.27,0.86,False,,True,unattributed,20,evt_01-P05_desk_work_surface_0036,7d63985fbac96e6b,pose_hand_context,,11802.6,5.89,,1,01/e1/v1,rtmpose_baseline
corpus_01,01.Candidate was found using a mobile phone in the examination hall..mkv,b842b03e5784d867e93770560d88150a526250df69077cd3065edbbd4c842098,dfine_native,100700.0,unknown_object,0.5712,613.71,368.88,660.56,380.18,529.0,46.84,11.29,4.148,False,,True,unattributed,28,evt_01-P05_desk_work_surface_0036,a5590921a1a16148,pose_hand_context,,14023.3,5.4,,1,01/e1/v1,rtmpose_baseline
corpus_01,01.Candidate was found using a mobile phone in the examination hall..mkv,b842b03e5784d867e93770560d88150a526250df69077cd3065edbbd4c842098,dfine_native,100700.0,unknown_object,0.3684,611.93,364.35,675.83,431.14,4268.1,63.9,66.79,0.957,False,,True,unattributed,28,evt_01-P05_desk_work_surface_0036,a5590921a1a16148,pose_hand_context,,14023.3,5.4,,1,01/e1/v1,rtmpose_baseline
corpus_01,01.Candidate was found using a mobile phone in the examination hall..mkv,b842b03e5784d867e93770560d88150a526250df69077cd3065edbbd4c842098,dfine_native,100700.0,unknown_object,0.3823,611.83,363.95,676.35,451.14,5625.3,64.52,87.18,0.74,False,,True,unattributed,28,evt_01-P05_desk_work_surface_0036,a5590921a1a16148,pose_hand_context,,14023.3,5.4,,1,01/e1/v1,rtmpose_baseline
corpus_01,01.Candidate was found using a mobile phone in the examination hall..mkv,b842b03e5784d867e93770560d88150a526250df69077cd3065edbbd4c842098,dfine_native,100740.0,unknown_object,0.5554,769.24,323.73,795.44,370.71,1230.9,26.2,46.98,0.558,False,,True,unattributed,20,evt_01-P06_desk_work_surface_0044,6d88b8347d050f31,pose_hand_context,,13976.0,5.41,,1,01/e1/v1,rtmpose_baseline
corpus_01,01.Candidate was found using a mobile phone in the examination hall..mkv,b842b03e5784d867e93770560d88150a526250df69077cd3065edbbd4c842098,dfine_native,100740.0,bag,0.4983,769.36,343.95,818.85,387.63,2161.8,49.49,43.68,1.133,False,,True,unattributed,20,evt_01-P06_desk_work_surface_0044,6d88b8347d050f31,pose_hand_context,,13976.0,5.41,,1,01/e1/v1,rtmpose_baseline
corpus_01,01.Candidate was found using a mobile phone in the examination hall..mkv,b842b03e5784d867e93770560d88150a526250df69077cd3065edbbd4c842098,dfine_native,100740.0,bag,0.2991,806.93,317.96,847.56,387.42,2822.2,40.63,69.46,0.585,False,,True,unattributed,20,evt_01-P06_desk_work_surface_0044,6d88b8347d050f31,pose_hand_context,,13976.0,5.41,,1,01/e1/v1,rtmpose_baseline
corpus_01,01.Candidate was found using a mobile phone in the examination hall..mkv,b842b03e5784d867e93770560d88150a526250df69077cd3065edbbd4c842098,dfine_native,100740.0,bag,0.312,783.93,343.94,818.64,387.37,1507.4,34.71,43.42,0.799,False,,True,unattributed,20,evt_01-P06_desk_work_surface_0044,6d88b8347d050f31,pose_hand_context,,13976.0,5.41,,1,01/e1/v1,rtmpose_baseline
corpus_01,01.Candidate was found using a mobile phone in the examination hall..mkv,b842b03e5784d867e93770560d88150a526250df69077cd3065edbbd4c842098,dfine_native,100740.0,bag,0.329,768.86,323.35,819.38,387.5,3240.2,50.52,64.14,0.788,False,,True,unattributed,20,evt_01-P06_desk_work_surface_0044,6d88b8347d050f31,pose_hand_context,,13976.0,5.41,,1,01/e1/v1,rtmpose_baseline
corpus_01,01.Candidate was found using a mobile phone in the examination hall..mkv,b842b03e5784d867e93770560d88150a526250df69077cd3065edbbd4c842098,dfine_native,100740.0,phone,0.4257,614.01,364.35,678.32,431.39,4311.3,64.3,67.05,0.959,False,,True,unattributed,28,evt_01-P06_desk_work_surface_0044,b99eda2b574343f9,pose_hand_context,,13665.6,5.47,,1,01/e1/v1,rtmpose_baseline
corpus_01,01.Candidate was found using a mobile phone in the examination hall..mkv,b842b03e5784d867e93770560d88150a526250df69077cd3065edbbd4c842098,dfine_native,100740.0,unknown_object,0.4713,614.34,368.85,660.46,380.16,521.7,46.12,11.31,4.077,False,,True,unattributed,28,evt_01-P06_desk_work_surface_0044,b99eda2b574343f9,pose_hand_context,,13665.6,5.47,,1,01/e1/v1,rtmpose_baseline
corpus_01,01.Candidate was found using a mobile phone in the examination hall..mkv,b842b03e5784d867e93770560d88150a526250df69077cd3065edbbd4c842098,dfine_native,100740.0,unknown_object,0.3565,613.97,363.87,678.61,446.25,5325.3,64.64,82.38,0.785,False,,True,unattributed,28,evt_01-P06_desk_work_surface_0044,b99eda2b574343f9,pose_hand_context,,13665.6,5.47,,1,01/e1/v1,rtmpose_baseline
corpus_01,01.Candidate was found using a mobile phone in the examination hall..mkv,b842b03e5784d867e93770560d88150a526250df69077cd3065edbbd4c842098,dfine_native,100860.0,mouse,0.7658,639.37,368.78,660.27,378.32,199.4,20.9,9.54,2.191,False,,True,unattributed,28,evt_01-P05_upper_body_0040,b949c91847dfe8a9,pose_hand_context,,13609.6,5.49,,1,01/e1/v1,rtmpose_baseline
corpus_01,01.Candidate was found using a mobile phone in the examination hall..mkv,b842b03e5784d867e93770560d88150a526250df69077cd3065edbbd4c842098,dfine_native,100860.0,unknown_object,0.5424,610.97,363.61,675.01,430.26,4268.6,64.04,66.65,0.961,False,,True,unattributed,28,evt_01-P05_upper_body_0040,b949c91847dfe8a9,pose_hand_context,,13609.6,5.49,,1,01/e1/v1,rtmpose_baseline
corpus_01,01.Candidate was found using a mobile phone in the examination hall..mkv,b842b03e5784d867e93770560d88150a526250df69077cd3065edbbd4c842098,dfine_native,100860.0,unknown_object,0.2913,610.94,363.08,675.7,450.03,5630.8,64.76,86.95,0.745,False,,True,unattributed,28,evt_01-P05_upper_body_0040,b949c91847dfe8a9,pose_hand_context,,13609.6,5.49,,1,01/e1/v1,rtmpose_baseline
corpus_01,01.Candidate was found using a mobile phone in the examination hall..mkv,b842b03e5784d867e93770560d88150a526250df69077cd3065edbbd4c842098,dfine_native,100860.0,unknown_object,0.5304,769.37,324.26,792.08,373.01,1107.4,22.71,48.75,0.466,False,,True,unattributed,20,evt_01-P05_upper_body_0040,c051360ce2ae5ede,pose_hand_context,,10957.9,6.11,,1,01/e1/v1,rtmpose_baseline
corpus_01,01.Candidate was found using a mobile phone in the examination hall..mkv,b842b03e5784d867e93770560d88150a526250df69077cd3065edbbd4c842098,dfine_native,100860.0,unknown_object,0.3048,801.9,315.94,839.64,375.7,2255.1,37.74,59.76,0.632,False,,True,unattributed,20,evt_01-P05_upper_body_0040,c051360ce2ae5ede,pose_hand_context,,10957.9,6.11,,1,01/e1/v1,rtmpose_baseline
corpus_01,01.Candidate was found using a mobile phone in the examination hall..mkv,b842b03e5784d867e93770560d88150a526250df69077cd3065edbbd4c842098,dfine_native,100860.0,unknown_object,0.5304,769.37,324.26,792.08,373.01,1107.4,22.71,48.75,0.466,False,,True,unattributed,29,evt_01-P05_upper_body_0040,c051360ce2ae5ede,pose_hand_context,,10957.9,6.11,,1,01/e1/v1,rtmpose_baseline
corpus_01,01.Candidate was found using a mobile phone in the examination hall..mkv,b842b03e5784d867e93770560d88150a526250df69077cd3065edbbd4c842098,dfine_native,100860.0,unknown_object,0.3048,801.9,315.94,839.64,375.7,2255.1,37.74,59.76,0.632,False,,True,unattributed,29,evt_01-P05_upper_body_0040,c051360ce2ae5ede,pose_hand_context,,10957.9,6.11,,1,01/e1/v1,rtmpose_baseline
corpus_01,01.Candidate was found using a mobile phone in the examination hall..mkv,b842b03e5784d867e93770560d88150a526250df69077cd3065edbbd4c842098,dfine_native,101660.0,unknown_object,0.4461,768.18,329.53,793.08,381.07,1283.2,24.9,51.53,0.483,False,,True,unattributed,29,evt_01-P04_desk_work_surface_0027,04f9924a1d6b1e3a,native_source_context_fallback,no_pose_observation,21206.3,2.86,,1,01/e1/v1,
corpus_01,01.Candidate was found using a mobile phone in the examination hall..mkv,b842b03e5784d867e93770560d88150a526250df69077cd3065edbbd4c842098,dfine_native,101660.0,phone,0.5154,639.25,371.13,659.93,379.98,183.0,20.68,8.85,2.337,False,,True,unattributed,28,evt_01-P04_desk_work_surface_0027,8e0afbc53f33d27d,pose_hand_context,,12135.2,5.81,,1,01/e1/v1,rtmpose_baseline
corpus_01,01.Candidate was found using a mobile phone in the examination hall..mkv,b842b03e5784d867e93770560d88150a526250df69077cd3065edbbd4c842098,dfine_native,101660.0,unknown_object,0.5014,615.95,364.65,674.07,428.41,3705.4,58.11,63.76,0.911,False,,True,unattributed,28,evt_01-P04_desk_work_surface_0027,8e0afbc53f33d27d,pose_hand_context,,12135.2,5.81,,1,01/e1/v1,rtmpose_baseline
corpus_01,01.Candidate was found using a mobile phone in the examination hall..mkv,b842b03e5784d867e93770560d88150a526250df69077cd3065edbbd4c842098,dfine_native,101660.0,unknown_object,0.3764,615.85,364.94,649.58,381.23,549.5,33.73,16.29,2.07,False,,True,unattributed,28,evt_01-P04_desk_work_surface_0027,8e0afbc53f33d27d,pose_hand_context,,12135.2,5.81,,1,01/e1/v1,rtmpose_baseline
corpus_01,01.Candidate was found using a mobile phone in the examination hall..mkv,b842b03e5784d867e93770560d88150a526250df69077cd3065edbbd4c842098,dfine_native,101660.0,unknown_object,0.2518,616.2,318.14,684.54,367.17,3350.5,68.34,49.03,1.394,False,,True,unattributed,28,evt_01-P04_desk_work_surface_0027,8e0afbc53f33d27d,pose_hand_context,,12135.2,5.81,,1,01/e1/v1,rtmpose_baseline
corpus_01,01.Candidate was found using a mobile phone in the examination hall..mkv,b842b03e5784d867e93770560d88150a526250df69077cd3065edbbd4c842098,dfine_native,101660.0,unknown_object,0.2829,675.08,318.12,696.09,352.71,727.0,21.02,34.59,0.608,False,,True,unattributed,28,evt_01-P04_desk_work_surface_0027,8e0afbc53f33d27d,pose_hand_context,,12135.2,5.81,,1,01/e1/v1,rtmpose_baseline
corpus_01,01.Candidate was found using a mobile phone in the examination hall..mkv,b842b03e5784d867e93770560d88150a526250df69077cd3065edbbd4c842098,dfine_native,101860.0,unknown_object,0.2668,729.21,271.35,773.65,288.6,766.7,44.44,17.25,2.576,False,,True,unattributed,29,evt_01-P05_upper_body_0040,01100039534e853c,native_source_context_fallback,no_pose_observation,20068.0,2.99,,1,01/e1/v1,
corpus_01,01.Candidate was found using a mobile phone in the examination hall..mkv,b842b03e5784d867e93770560d88150a526250df69077cd3065edbbd4c842098,dfine_native,101860.0,unknown_object,0.6151,617.97,364.78,673.35,425.35,3354.2,55.38,60.57,0.914,False,,True,unattributed,28,evt_01-P05_upper_body_0040,871786400233c47b,pose_hand_context,,11833.1,5.88,,1,01/e1/v1,rtmpose_baseline
corpus_01,01.Candidate was found using a mobile phone in the examination hall..mkv,b842b03e5784d867e93770560d88150a526250df69077cd3065edbbd4c842098,dfine_native,101860.0,unknown_object,0.3852,618.02,365.18,649.78,381.41,515.5,31.75,16.23,1.956,False,,True,unattributed,28,evt_01-P05_upper_body_0040,871786400233c47b,pose_hand_context,,11833.1,5.88,,1,01/e1/v1,rtmpose_baseline
corpus_01,01.Candidate was found using a mobile phone in the examination hall..mkv,b842b03e5784d867e93770560d88150a526250df69077cd3065edbbd4c842098,dfine_native,101860.0,phone,0.2821,639.34,370.79,660.28,379.9,190.8,20.94,9.11,2.298,False,,True,unattributed,28,evt_01-P05_upper_body_0040,871786400233c47b,pose_hand_context,,11833.1,5.88,,1,01/e1/v1,rtmpose_baseline
corpus_01,01.Candidate was found using a mobile phone in the examination hall..mkv,b842b03e5784d867e93770560d88150a526250df69077cd3065edbbd4c842098,dfine_native,101860.0,unknown_object,0.292,673.62,317.11,695.78,352.86,792.5,22.16,35.75,0.62,False,,True,unattributed,28,evt_01-P05_upper_body_0040,871786400233c47b,pose_hand_context,,11833.1,5.88,,1,01/e1/v1,rtmpose_baseline
corpus_01,01.Candidate was found using a mobile phone in the examination hall..mkv,b842b03e5784d867e93770560d88150a526250df69077cd3065edbbd4c842098,dfine_native,101860.0,unknown_object,0.2552,618.07,365.03,672.99,382.2,943.0,54.93,17.17,3.199,False,,True,unattributed,28,evt_01-P05_upper_body_0040,871786400233c47b,pose_hand_context,,11833.1,5.88,,1,01/e1/v1,rtmpose_baseline
corpus_01,01.Candidate was found using a mobile phone in the examination hall..mkv,b842b03e5784d867e93770560d88150a526250df69077cd3065edbbd4c842098,dfine_native,101860.0,unknown_object,0.2832,618.19,317.11,695.71,366.4,3821.0,77.52,49.29,1.573,False,,True,unattributed,28,evt_01-P05_upper_body_0040,871786400233c47b,pose_hand_context,,11833.1,5.88,,1,01/e1/v1,rtmpose_baseline
corpus_01,01.Candidate was found using a mobile phone in the examination hall..mkv,b842b03e5784d867e93770560d88150a526250df69077cd3065edbbd4c842098,dfine_native,101860.0,unknown_object,0.3347,618.17,317.13,684.12,366.41,3249.9,65.95,49.28,1.338,False,,True,unattributed,28,evt_01-P05_upper_body_0040,871786400233c47b,pose_hand_context,,11833.1,5.88,,1,01/e1/v1,rtmpose_baseline
corpus_01,01.Candidate was found using a mobile phone in the examination hall..mkv,b842b03e5784d867e93770560d88150a526250df69077cd3065edbbd4c842098,dfine_native,102860.0,unknown_object,0.5877,618.02,364.56,673.33,424.5,3315.2,55.31,59.94,0.923,False,,True,unattributed,28,evt_01-P05_upper_body_0040,2644df7a3a7dc854,pose_hand_context,,11754.9,5.9,,1,01/e1/v1,rtmpose_baseline
corpus_01,01.Candidate was found using a mobile phone in the examination hall..mkv,b842b03e5784d867e93770560d88150a526250df69077cd3065edbbd4c842098,dfine_native,102860.0,mouse,0.267,638.25,371.89,650.43,379.33,90.7,12.19,7.44,1.637,True,object footprint 91 px is under the 120 px floor for a call,False,unattributed,28,evt_01-P05_upper_body_0040,2644df7a3a7dc854,pose_hand_context,,11754.9,5.9,,1,01/e1/v1,rtmpose_baseline
corpus_01,01.Candidate was found using a mobile phone in the examination hall..mkv,b842b03e5784d867e93770560d88150a526250df69077cd3065edbbd4c842098,dfine_native,102860.0,mouse,0.3286,638.23,371.22,659.73,379.46,177.1,21.5,8.24,2.61,False,,True,unattributed,28,evt_01-P05_upper_body_0040,2644df7a3a7dc854,pose_hand_context,,11754.9,5.9,,1,01/e1/v1,rtmpose_baseline
corpus_01,01.Candidate was found using a mobile phone in the examination hall..mkv,b842b03e5784d867e93770560d88150a526250df69077cd3065edbbd4c842098,dfine_native,102860.0,unknown_object,0.3482,618.01,364.95,648.57,381.19,496.2,30.56,16.24,1.882,False,,True,unattributed,28,evt_01-P05_upper_body_0040,2644df7a3a7dc854,pose_hand_context,,11754.9,5.9,,1,01/e1/v1,rtmpose_baseline
corpus_01,01.Candidate was found using a mobile phone in the examination hall..mkv,b842b03e5784d867e93770560d88150a526250df69077cd3065edbbd4c842098,dfine_native,102860.0,stationery,0.2605,667.41,338.65,699.7,378.51,1287.1,32.29,39.86,0.81,False,,True,unattributed,28,evt_01-P05_upper_body_0040,2644df7a3a7dc854,pose_hand_context,,11754.9,5.9,,1,01/e1/v1,rtmpose_baseline
corpus_01,01.Candidate was found using a mobile phone in the examination hall..mkv,b842b03e5784d867e93770560d88150a526250df69077cd3065edbbd4c842098,dfine_native,102860.0,unknown_object,0.2593,618.07,317.17,684.05,366.51,3255.2,65.98,49.34,1.337,False,,True,unattributed,28,evt_01-P05_upper_body_0040,2644df7a3a7dc854,pose_hand_context,,11754.9,5.9,,1,01/e1/v1,rtmpose_baseline
corpus_01,01.Candidate was found using a mobile phone in the examination hall..mkv,b842b03e5784d867e93770560d88150a526250df69077cd3065edbbd4c842098,dfine_native,102860.0,unknown_object,0.3019,766.71,329.31,793.27,381.16,1377.2,26.56,51.85,0.512,False,,True,unattributed,29,evt_01-P05_upper_body_0040,d9aec3307cc8f996,native_source_context_fallback,no_pose_observation,20194.4,2.99,,1,01/e1/v1,
corpus_01,01.Candidate was found using a mobile phone in the examination hall..mkv,b842b03e5784d867e93770560d88150a526250df69077cd3065edbbd4c842098,dfine_sahi,53620.0,monitor_or_bezel,0.8392,979.95,582.21,1079.94,716.52,13430.3,99.99,134.32,0.744,False,,True,unattributed,1,evt_01-P01_desk_work_surface_0001,0471e78e41e1c3f2,native_source_context_fallback,no_pose_observation,54793.1,2.46,,1,01/e1/v1,
corpus_01,01.Candidate was found using a mobile phone in the examination hall..mkv,b842b03e5784d867e93770560d88150a526250df69077cd3065edbbd4c842098,dfine_sahi,53620.0,unknown_object,0.6534,979.97,582.17,1080.04,716.48,13440.3,100.07,134.31,0.745,False,,True,unattributed,1,evt_01-P01_desk_work_surface_0001,0471e78e41e1c3f2,native_source_context_fallback,no_pose_observation,54793.1,2.46,,1,01/e1/v1,
corpus_01,01.Candidate was found using a mobile phone in the examination hall..mkv,b842b03e5784d867e93770560d88150a526250df69077cd3065edbbd4c842098,dfine_sahi,53620.0,phone,0.6103,1056.89,554.85,1078.65,583.6,625.4,21.75,28.75,0.757,False,,True,unattributed,1,evt_01-P01_desk_work_surface_0001,0471e78e41e1c3f2,native_source_context_fallback,no_pose_observation,54793.1,2.46,,1,01/e1/v1,
corpus_01,01.Candidate was found using a mobile phone in the examination hall..mkv,b842b03e5784d867e93770560d88150a526250df69077cd3065edbbd4c842098,dfine_sahi,53620.0,unknown_object,0.485,881.53,456.14,1031.16,598.6,21316.6,149.63,142.46,1.05,False,,True,unattributed,1,evt_01-P01_desk_work_surface_0001,0471e78e41e1c3f2,native_source_context_fallback,no_pose_observation,54793.1,2.46,,1,01/e1/v1,
corpus_01,01.Candidate was found using a mobile phone in the examination hall..mkv,b842b03e5784d867e93770560d88150a526250df69077cd3065edbbd4c842098,dfine_sahi,53620.0,unknown_object,0.4688,1019.45,582.27,1079.97,602.9,1249.0,60.52,20.64,2.933,False,,True,unattributed,1,evt_01-P01_desk_work_surface_0001,0471e78e41e1c3f2,native_source_context_fallback,no_pose_observation,54793.1,2.46,,1,01/e1/v1,
corpus_01,01.Candidate was found using a mobile phone in the examination hall..mkv,b842b03e5784d867e93770560d88150a526250df69077cd3065edbbd4c842098,dfine_sahi,53620.0,phone,0.4541,961.94,524.2,995.29,567.55,1445.9,33.35,43.35,0.769,False,,True,unattributed,1,evt_01-P01_desk_work_surface_0001,0471e78e41e1c3f2,native_source_context_fallback,no_pose_observation,54793.1,2.46,,1,01/e1/v1,
corpus_01,01.Candidate was found using a mobile phone in the examination hall..mkv,b842b03e5784d867e93770560d88150a526250df69077cd3065edbbd4c842098,dfine_sahi,53620.0,stationery,0.4178,870.03,570.21,922.64,700.68,6863.3,52.61,130.47,0.403,False,,True,unattributed,1,evt_01-P01_desk_work_surface_0001,0471e78e41e1c3f2,native_source_context_fallback,no_pose_observation,54793.1,2.46,,1,01/e1/v1,
corpus_01,01.Candidate was found using a mobile phone in the examination hall..mkv,b842b03e5784d867e93770560d88150a526250df69077cd3065edbbd4c842098,dfine_sahi,53620.0,unknown_object,0.4086,869.9,570.04,987.78,716.43,17256.8,117.88,146.39,0.805,False,,True,unattributed,1,evt_01-P01_desk_work_surface_0001,0471e78e41e1c3f2,native_source_context_fallback,no_pose_observation,54793.1,2.46,,1,01/e1/v1,
corpus_01,01.Candidate was found using a mobile phone in the examination hall..mkv,b842b03e5784d867e93770560d88150a526250df69077cd3065edbbd4c842098,dfine_sahi,53620.0,unknown_object,0.377,870.0,534.01,910.95,701.35,6853.3,40.96,167.34,0.245,False,,True,unattributed,1,evt_01-P01_desk_work_surface_0001,0471e78e41e1c3f2,native_source_context_fallback,no_pose_observation,54793.1,2.46,,1,01/e1/v1,
corpus_01,01.Candidate was found using a mobile phone in the examination hall..mkv,b842b03e5784d867e93770560d88150a526250df69077cd3065edbbd4c842098,dfine_sahi,53620.0,unknown_object,0.315,1004.75,554.91,1079.88,602.92,3607.2,75.13,48.01,1.565,False,,True,unattributed,1,evt_01-P01_desk_work_surface_0001,0471e78e41e1c3f2,native_source_context_fallback,no_pose_observation,54793.1,2.46,,1,01/e1/v1,
corpus_01,01.Candidate was found using a mobile phone in the examination hall..mkv,b842b03e5784d867e93770560d88150a526250df69077cd3065edbbd4c842098,dfine_sahi,53620.0,unknown_object,0.3081,925.69,456.1,1030.66,514.71,6152.4,104.98,58.61,1.791,False,,True,unattributed,1,evt_01-P01_desk_work_surface_0001,0471e78e41e1c3f2,native_source_context_fallback,no_pose_observation,54793.1,2.46,,1,01/e1/v1,
corpus_01,01.Candidate was found using a mobile phone in the examination hall..mkv,b842b03e5784d867e93770560d88150a526250df69077cd3065edbbd4c842098,dfine_sahi,53620.0,phone,0.3078,992.58,563.56,1013.25,602.95,814.1,20.67,39.38,0.525,False,,True,unattributed,1,evt_01-P01_desk_work_surface_0001,0471e78e41e1c3f2,native_source_context_fallback,no_pose_observation,54793.1,2.46,,1,01/e1/v1,
corpus_01,01.Candidate was found using a mobile phone in the examination hall..mkv,b842b03e5784d867e93770560d88150a526250df69077cd3065edbbd4c842098,dfine_sahi,53620.0,unknown_object,0.2835,881.78,456.28,935.31,598.2,7596.7,53.53,141.92,0.377,False,,True,unattributed,1,evt_01-P01_desk_work_surface_0001,0471e78e41e1c3f2,native_source_context_fallback,no_pose_observation,54793.1,2.46,,1,01/e1/v1,
corpus_01,01.Candidate was found using a mobile phone in the examination hall..mkv,b842b03e5784d867e93770560d88150a526250df69077cd3065edbbd4c842098,dfine_sahi,53620.0,unknown_object,0.2727,869.68,456.27,1079.94,716.02,54616.6,210.27,259.75,0.809,False,,True,unattributed,1,evt_01-P01_desk_work_surface_0001,0471e78e41e1c3f2,native_source_context_fallback,no_pose_observation,54793.1,2.46,,1,01/e1/v1,
corpus_01,01.Candidate was found using a mobile phone in the examination hall..mkv,b842b03e5784d867e93770560d88150a526250df69077cd3065edbbd4c842098,dfine_sahi,53620.0,unknown_object,0.266,921.42,511.78,987.91,602.3,6018.3,66.49,90.52,0.735,False,,True,unattributed,1,evt_01-P01_desk_work_surface_0001,0471e78e41e1c3f2,native_source_context_fallback,no_pose_observation,54793.1,2.46,,1,01/e1/v1,
corpus_01,01.Candidate was found using a mobile phone in the examination hall..mkv,b842b03e5784d867e93770560d88150a526250df69077cd3065edbbd4c842098,dfine_sahi,53620.0,unknown_object,0.2551,903.01,656.52,974.13,698.67,2997.6,71.12,42.15,1.687,False,,True,unattributed,1,evt_01-P01_desk_work_surface_0001,0471e78e41e1c3f2,native_source_context_fallback,no_pose_observation,54793.1,2.46,,1,01/e1/v1,
corpus_01,01.Candidate was found using a mobile phone in the examination hall..mkv,b842b03e5784d867e93770560d88150a526250df69077cd3065edbbd4c842098,dfine_sahi,53620.0,phone,0.2526,961.93,524.45,1013.04,602.16,3971.0,51.11,77.7,0.658,False,,True,unattributed,1,evt_01-P01_desk_work_surface_0001,0471e78e41e1c3f2,native_source_context_fallback,no_pose_observation,54793.1,2.46,,1,01/e1/v1,
corpus_01,01.Candidate was found using a mobile phone in the examination hall..mkv,b842b03e5784d867e93770560d88150a526250df69077cd3065edbbd4c842098,dfine_sahi,53620.0,unknown_object,0.7969,649.86,406.22,725.47,536.7,9866.7,75.61,130.49,0.579,False,,True,unattributed,2,evt_01-P01_desk_work_surface_0001,d8856ff8f231780b,native_source_context_fallback,wrist_confidence_below_floor,24133.7,2.71,,1,01/e1/v1,rtmpose_baseline
corpus_01,01.Candidate was found using a mobile phone in the examination hall..mkv,b842b03e5784d867e93770560d88150a526250df69077cd3065edbbd4c842098,dfine_sahi,53620.0,bag,0.786,630.82,406.95,694.8,537.96,8382.3,63.98,131.01,0.488,False,,True,unattributed,2,evt_01-P01_desk_work_surface_0001,d8856ff8f231780b,native_source_context_fallback,wrist_confidence_below_floor,24133.7,2.71,,1,01/e1/v1,rtmpose_baseline
corpus_01,01.Candidate was found using a mobile phone in the examination hall..mkv,b842b03e5784d867e93770560d88150a526250df69077cd3065edbbd4c842098,dfine_sahi,53620.0,unknown_object,0.7633,698.76,397.86,752.03,538.53,7494.5,53.27,140.68,0.379,False,,True,unattributed,2,evt_01-P01_desk_work_surface_0001,d8856ff8f231780b,native_source_context_fallback,wrist_confidence_below_floor,24133.7,2.71,,1,01/e1/v1,rtmpose_baseline
corpus_01,01.Candidate was found using a mobile phone in the examination hall..mkv,b842b03e5784d867e93770560d88150a526250df69077cd3065edbbd4c842098,dfine_sahi,53620.0,unknown_object,0.6367,630.89,364.94,694.7,435.62,4509.7,63.81,70.67,0.903,False,,True,unattributed,2,evt_01-P01_desk_work_surface_0001,d8856ff8f231780b,native_source_context_fallback,wrist_confidence_below_floor,24133.7,2.71,,1,01/e1/v1,rtmpose_baseline
corpus_01,01.Candidate was found using a mobile phone in the examination hall..mkv,b842b03e5784d867e93770560d88150a526250df69077cd3065edbbd4c842098,dfine_sahi,53620.0,unknown_object,0.6106,630.98,368.91,660.34,378.34,277.0,29.37,9.43,3.113,False,,True,unattributed,2,evt_01-P01_desk_work_surface_0001,d8856ff8f231780b,native_source_context_fallback,wrist_confidence_below_floor,24133.7,2.71,,1,01/e1/v1,rtmpose_baseline
corpus_01,01.Candidate was found using a mobile phone in the examination hall..mkv,b842b03e5784d867e93770560d88150a526250df69077cd3065edbbd4c842098,dfine_sahi,53620.0,unknown_object,0.5478,684.54,451.02,727.19,538.32,3723.4,42.65,87.3,0.489,False,,True,unattributed,2,evt_01-P01_desk_work_surface_0001,d8856ff8f231780b,native_source_context_fallback,wrist_confidence_below_floor,24133.7,2.71,,1,01/e1/v1,rtmpose_baseline
corpus_01,01.Candidate was found using a mobile phone in the examination hall..mkv,b842b03e5784d867e93770560d88150a526250df69077cd3065edbbd4c842098,dfine_sahi,53620.0,unknown_object,0.4723,724.34,397.69,748.95,429.82,790.7,24.61,32.12,0.766,False,,True,unattributed,2,evt_01-P01_desk_work_surface_0001,d8856ff8f231780b,native_source_context_fallback,wrist_confidence_below_floor,24133.7,2.71,,1,01/e1/v1,rtmpose_baseline
corpus_01,01.Candidate was found using a mobile phone in the examination hall..mkv,b842b03e5784d867e93770560d88150a526250df69077cd3065edbbd4c842098,dfine_sahi,53620.0,unknown_object,0.4685,649.93,365.48,667.32,401.1,619.4,17.39,35.61,0.488,False,,True,unattributed,2,evt_01-P01_desk_work_surface_0001,d8856ff8f231780b,native_source_context_fallback,wrist_confidence_below_floor,24133.7,2.71,,1,01/e1/v1,rtmpose_baseline
corpus_01,01.Candidate was found using a mobile phone in the examination hall..mkv,b842b03e5784d867e93770560d88150a526250df69077cd3065edbbd4c842098,dfine_sahi,53620.0,unknown_object,0.4037,703.94,461.47,770.98,538.83,5185.6,67.04,77.35,0.867,False,,True,unattributed,2,evt_01-P01_desk_work_surface_0001,d8856ff8f231780b,native_source_context_fallback,wrist_confidence_below_floor,24133.7,2.71,,1,01/e1/v1,rtmpose_baseline
corpus_01,01.Candidate was found using a mobile phone in the examination hall..mkv,b842b03e5784d867e93770560d88150a526250df69077cd3065edbbd4c842098,dfine_sahi,53620.0,unknown_object,0.4034,649.89,368.82,660.53,377.88,96.4,10.64,9.06,1.174,True,object footprint 96 px is under the 120 px floor for a call,False,unattributed,2,evt_01-P01_desk_work_surface_0001,d8856ff8f231780b,native_source_context_fallback,wrist_confidence_below_floor,24133.7,2.71,,1,01/e1/v1,rtmpose_baseline
corpus_01,01.Candidate was found using a mobile phone in the examination hall..mkv,b842b03e5784d867e93770560d88150a526250df69077cd3065edbbd4c842098,dfine_sahi,53620.0,unknown_object,0.3834,693.9,406.11,726.96,454.9,1613.4,33.06,48.8,0.678,False,,True,unattributed,2,evt_01-P01_desk_work_surface_0001,d8856ff8f231780b,native_source_context_fallback,wrist_confidence_below_floor,24133.7,2.71,,1,01/e1/v1,rtmpose_baseline
corpus_01,01.Candidate was found using a mobile phone in the examination hall..mkv,b842b03e5784d867e93770560d88150a526250df69077cd3065edbbd4c842098,dfine_sahi,53620.0,bag,0.3763,630.87,406.08,665.9,455.3,1724.5,35.04,49.22,0.712,False,,True,unattributed,2,evt_01-P01_desk_work_surface_0001,d8856ff8f231780b,native_source_context_fallback,wrist_confidence_below_floor,24133.7,2.71,,1,01/e1/v1,rtmpose_baseline
corpus_01,01.Candidate was found using a mobile phone in the examination hall..mkv,b842b03e5784d867e93770560d88150a526250df69077cd3065edbbd4c842098,dfine_sahi,53620.0,unknown_object,0.3729,674.97,406.78,694.79,435.98,578.6,19.82,29.2,0.679,False,,True,unattributed,2,evt_01-P01_desk_work_surface_0001,d8856ff8f231780b,native_source_context_fallback,wrist_confidence_below_floor,24133.7,2.71,,1,01/e1/v1,rtmpose_baseline
corpus_01,01.Candidate was found using a mobile phone in the examination hall..mkv,b842b03e5784d867e93770560d88150a526250df69077cd3065edbbd4c842098,dfine_sahi,53620.0,unknown_object,0.3687,674.98,406.92,695.2,537.96,2649.9,20.22,131.04,0.154,False,,True,unattributed,2,evt_01-P01_desk_work_surface_0001,d8856ff8f231780b,native_source_context_fallback,wrist_confidence_below_floor,24133.7,2.71,,1,01/e1/v1,rtmpose_baseline
corpus_01,01.Candidate was found using a mobile phone in the examination hall..mkv,b842b03e5784d867e93770560d88150a526250df69077cd3065edbbd4c842098,dfine_sahi,53620.0,unknown_object,0.3627,639.62,406.6,694.52,435.93,1610.1,54.9,29.33,1.872,False,,True,unattributed,2,evt_01-P01_desk_work_surface_0001,d8856ff8f231780b,native_source_context_fallback,wrist_confidence_below_floor,24133.7,2.71,,1,01/e1/v1,rtmpose_baseline
corpus_01,01.Candidate was found using a mobile phone in the examination hall..mkv,b842b03e5784d867e93770560d88150a526250df69077cd3065edbbd4c842098,dfine_sahi,53620.0,unknown_object,0.314,721.73,346.62,751.43,369.23,671.3,29.7,22.61,1.314,False,,True,unattributed,2,evt_01-P01_desk_work_surface_0001,d8856ff8f231780b,native_source_context_fallback,wrist_confidence_below_floor,24133.7,2.71,,1,01/e1/v1,rtmpose_baseline
corpus_01,01.Candidate was found using a mobile phone in the examination hall..mkv,b842b03e5784d867e93770560d88150a526250df69077cd3065edbbd4c842098,dfine_sahi,53620.0,unknown_object,0.303,630.97,365.12,667.07,420.9,2013.3,36.09,55.78,0.647,False,,True,unattributed,2,evt_01-P01_desk_work_surface_0001,d8856ff8f231780b,native_source_context_fallback,wrist_confidence_below_floor,24133.7,2.71,,1,01/e1/v1,rtmpose_baseline
corpus_01,01.Candidate was found using a mobile phone in the examination hall..mkv,b842b03e5784d867e93770560d88150a526250df69077cd3065edbbd4c842098,dfine_sahi,53620.0,unknown_object,0.2996,631.1,317.9,726.44,435.24,11187.6,95.34,117.34,0.813,False,,True,unattributed,2,evt_01-P01_desk_work_surface_0001,d8856ff8f231780b,native_source_context_fallback,wrist_confidence_below_floor,24133.7,2.71,,1,01/e1/v1,rtmpose_baseline
corpus_01,01.Candidate was found using a mobile phone in the examination hall..mkv,b842b03e5784d867e93770560d88150a526250df69077cd3065edbbd4c842098,dfine_sahi,53620.0,unknown_object,0.2862,691.2,451.01,726.68,486.47,1258.3,35.49,35.46,1.001,False,,True,unattributed,2,evt_01-P01_desk_work_surface_0001,d8856ff8f231780b,native_source_context_fallback,wrist_confidence_below_floor,24133.7,2.71,,1,01/e1/v1,rtmpose_baseline
corpus_01,01.Candidate was found using a mobile phone in the examination hall..mkv,b842b03e5784d867e93770560d88150a526250df69077cd3065edbbd4c842098,dfine_sahi,53620.0,unknown_object,0.2641,706.06,318.53,727.02,340.04,450.9,20.96,21.51,0.975,False,,True,unattributed,2,evt_01-P01_desk_work_surface_0001,d8856ff8f231780b,native_source_context_fallback,wrist_confidence_below_floor,24133.7,2.71,,1,01/e1/v1,rtmpose_baseline
corpus_01,01.Candidate was found using a mobile phone in the examination hall..mkv,b842b03e5784d867e93770560d88150a526250df69077cd3065edbbd4c842098,dfine_sahi,53620.0,unknown_object,0.252,733.62,371.15,752.13,404.46,616.5,18.51,33.31,0.556,False,,True,unattributed,2,evt_01-P01_desk_work_surface_0001,d8856ff8f231780b,native_source_context_fallback,wrist_confidence_below_floor,24133.7,2.71,,1,01/e1/v1,rtmpose_baseline
corpus_01,01.Candidate was found using a mobile phone in the examination hall..mkv,b842b03e5784d867e93770560d88150a526250df69077cd3065edbbd4c842098,dfine_sahi,54140.0,mouse,0.7746,639.69,369.02,660.21,377.27,169.5,20.52,8.26,2.485,False,,True,unattributed,2,evt_01-P02_desk_work_surface_0009,6acb64a553686e50,native_source_context_fallback,wrist_confidence_below_floor,18669.3,3.45,,1,01/e1/v1,rtmpose_baseline
corpus_01,01.Candidate was found using a mobile phone in the examination hall..mkv,b842b03e5784d867e93770560d88150a526250df69077cd3065edbbd4c842098,dfine_sahi,54140.0,unknown_object,0.7661,651.98,406.03,725.7,487.42,6000.4,73.72,81.4,0.906,False,,True,unattributed,2,evt_01-P02_desk_work_surface_0009,6acb64a553686e50,native_source_context_fallback,wrist_confidence_below_floor,18669.3,3.45,,1,01/e1/v1,rtmpose_baseline
corpus_01,01.Candidate was found using a mobile phone in the examination hall..mkv,b842b03e5784d867e93770560d88150a526250df69077cd3065edbbd4c842098,dfine_sahi,54140.0,bag,0.7036,632.4,405.79,694.54,487.43,5073.4,62.15,81.64,0.761,False,,True,unattributed,2,evt_01-P02_desk_work_surface_0009,6acb64a553686e50,native_source_context_fallback,wrist_confidence_below_floor,18669.3,3.45,,1,01/e1/v1,rtmpose_baseline
corpus_01,01.Candidate was found using a mobile phone in the examination hall..mkv,b842b03e5784d867e93770560d88150a526250df69077cd3065edbbd4c842098,dfine_sahi,54140.0,unknown_object,0.6464,676.46,340.59,752.47,406.82,5034.9,76.01,66.24,1.148,False,,True,unattributed,2,evt_01-P02_desk_work_surface_0009,6acb64a553686e50,native_source_context_fallback,wrist_confidence_below_floor,18669.3,3.45,,1,01/e1/v1,rtmpose_baseline
corpus_01,01.Candidate was found using a mobile phone in the examination hall..mkv,b842b03e5784d867e93770560d88150a526250df69077cd3065edbbd4c842098,dfine_sahi,54140.0,unknown_object,0.6218,631.9,365.33,670.67,406.82,1608.7,38.78,41.49,0.935,False,,True,unattributed,2,evt_01-P02_desk_work_surface_0009,6acb64a553686e50,native_source_context_fallback,wrist_confidence_below_floor,18669.3,3.45,,1,01/e1/v1,rtmpose_baseline
corpus_01,01.Candidate was found using a mobile phone in the examination hall..mkv,b842b03e5784d867e93770560d88150a526250df69077cd3065edbbd4c842098,dfine_sahi,54140.0,unknown_object,0.6109,713.14,340.86,752.41,370.65,1169.7,39.27,29.79,1.318,False,,True,unattributed,2,evt_01-P02_desk_work_surface_0009,6acb64a553686e50,native_source_context_fallback,wrist_confidence_below_floor,18669.3,3.45,,1,01/e1/v1,rtmpose_baseline
corpus_01,01.Candidate was found using a mobile phone in the examination hall..mkv,b842b03e5784d867e93770560d88150a526250df69077cd3065edbbd4c842098,dfine_sahi,54140.0,unknown_object,0.4183,651.88,364.9,671.34,420.93,1090.3,19.46,56.03,0.347,False,,True,unattributed,2,evt_01-P02_desk_work_surface_0009,6acb64a553686e50,native_source_context_fallback,wrist_confidence_below_floor,18669.3,3.45,,1,01/e1/v1,rtmpose_baseline
corpus_01,01.Candidate was found using a mobile phone in the examination hall..mkv,b842b03e5784d867e93770560d88150a526250df69077cd3065edbbd4c842098,dfine_sahi,54140.0,unknown_object,0.3837,675.93,405.79,694.36,487.25,1501.5,18.43,81.47,0.226,False,,True,unattributed,2,evt_01-P02_desk_work_surface_0009,6acb64a553686e50,native_source_context_fallback,wrist_confidence_below_floor,18669.3,3.45,,1,01/e1/v1,rtmpose_baseline
corpus_01,01.Candidate was found using a mobile phone in the examination hall..mkv,b842b03e5784d867e93770560d88150a526250df69077cd3065edbbd4c842098,dfine_sahi,54140.0,unknown_object,0.3682,725.73,397.95,748.43,428.8,700.1,22.7,30.85,0.736,False,,True,unattributed,2,evt_01-P02_desk_work_surface_0009,6acb64a553686e50,native_source_context_fallback,wrist_confidence_below_floor,18669.3,3.45,,1,01/e1/v1,rtmpose_baseline
corpus_01,01.Candidate was found using a mobile phone in the examination hall..mkv,b842b03e5784d867e93770560d88150a526250df69077cd3065edbbd4c842098,dfine_sahi,54140.0,unknown_object,0.355,675.79,384.2,772.15,487.53,9956.7,96.36,103.33,0.932,False,,True,unattributed,2,evt_01-P02_desk_work_surface_0009,6acb64a553686e50,native_source_context_fallback,wrist_confidence_below_floor,18669.3,3.45,,1,01/e1/v1,rtmpose_baseline
corpus_01,01.Candidate was found using a mobile phone in the examination hall..mkv,b842b03e5784d867e93770560d88150a526250df69077cd3065edbbd4c842098,dfine_sahi,54140.0,unknown_object,0.3483,631.81,318.49,728.15,406.67,8495.0,96.34,88.18,1.093,False,,True,unattributed,2,evt_01-P02_desk_work_surface_0009,6acb64a553686e50,native_source_context_fallback,wrist_confidence_below_floor,18669.3,3.45,,1,01/e1/v1,rtmpose_baseline
corpus_01,01.Candidate was found using a mobile phone in the examination hall..mkv,b842b03e5784d867e93770560d88150a526250df69077cd3065edbbd4c842098,dfine_sahi,54140.0,unknown_object,0.3434,631.92,384.07,668.05,420.11,1302.1,36.14,36.03,1.003,False,,True,unattributed,2,evt_01-P02_desk_work_surface_0009,6acb64a553686e50,native_source_context_fallback,wrist_confidence_below_floor,18669.3,3.45,,1,01/e1/v1,rtmpose_baseline
corpus_01,01.Candidate was found using a mobile phone in the examination hall..mkv,b842b03e5784d867e93770560d88150a526250df69077cd3065edbbd4c842098,dfine_sahi,54140.0,unknown_object,0.2853,662.33,384.06,728.04,454.97,4659.3,65.71,70.91,0.927,False,,True,unattributed,2,evt_01-P02_desk_work_surface_0009,6acb64a553686e50,native_source_context_fallback,wrist_confidence_below_floor,18669.3,3.45,,1,01/e1/v1,rtmpose_baseline
corpus_01,01.Candidate was found using a mobile phone in the examination hall..mkv,b842b03e5784d867e93770560d88150a526250df69077cd3065edbbd4c842098,dfine_sahi,54140.0,unknown_object,0.2721,742.2,384.31,772.19,466.61,2468.4,29.99,82.3,0.364,False,,True,unattributed,2,evt_01-P02_desk_work_surface_0009,6acb64a553686e50,native_source_context_fallback,wrist_confidence_below_floor,18669.3,3.45,,1,01/e1/v1,rtmpose_baseline
corpus_01,01.Candidate was found using a mobile phone in the examination hall..mkv,b842b03e5784d867e93770560d88150a526250df69077cd3065edbbd4c842098,dfine_sahi,54140.0,unknown_object,0.262,690.71,393.15,704.35,406.99,188.8,13.64,13.84,0.985,False,,True,unattributed,2,evt_01-P02_desk_work_surface_0009,6acb64a553686e50,native_source_context_fallback,wrist_confidence_below_floor,18669.3,3.45,,1,01/e1/v1,rtmpose_baseline
corpus_01,01.Candidate was found using a mobile phone in the examination hall..mkv,b842b03e5784d867e93770560d88150a526250df69077cd3065edbbd4c842098,dfine_sahi,54140.0,insufficient_visual_evidence,0.0,37.37,690.22,85.37,720.0,1429.4,48.0,29.78,1.612,True,"native footprint 48x30 px is under the 32 px floor; magnifying it 13.3x adds interpolation, not detail",False,unattributed,3,evt_01-P02_desk_work_surface_0009,be24e28f5da403ec,pose_hand_context,,1429.4,13.33,,1,01/e1/v1,rtmpose_baseline
corpus_01,01.Candidate was found using a mobile phone in the examination hall..mkv,b842b03e5784d867e93770560d88150a526250df69077cd3065edbbd4c842098,dfine_sahi,54140.0,monitor_or_bezel,0.8769,980.13,586.0,1056.03,714.98,9788.7,75.89,128.98,0.588,False,,True,unattributed,1,evt_01-P02_desk_work_surface_0009,fc3f0b3b157f709b,native_source_context_fallback,wrist_confidence_below_floor,47546.7,2.47,,1,01/e1/v1,rtmpose_baseline
corpus_01,01.Candidate was found using a mobile phone in the examination hall..mkv,b842b03e5784d867e93770560d88150a526250df69077cd3065edbbd4c842098,dfine_sahi,54140.0,unknown_object,0.6248,881.94,457.21,1029.25,599.77,20999.3,147.31,142.55,1.033,False,,True,unattributed,1,evt_01-P02_desk_work_surface_0009,fc3f0b3b157f709b,native_source_context_fallback,wrist_confidence_below_floor,47546.7,2.47,,1,01/e1/v1,rtmpose_baseline
corpus_01,01.Candidate was found using a mobile phone in the examination hall..mkv,b842b03e5784d867e93770560d88150a526250df69077cd3065edbbd4c842098,dfine_sahi,54140.0,unknown_object,0.4657,909.61,509.97,976.04,602.7,6159.9,66.43,92.73,0.716,False,,True,unattributed,1,evt_01-P02_desk_work_surface_0009,fc3f0b3b157f709b,native_source_context_fallback,wrist_confidence_below_floor,47546.7,2.47,,1,01/e1/v1,rtmpose_baseline
corpus_01,01.Candidate was found using a mobile phone in the examination hall..mkv,b842b03e5784d867e93770560d88150a526250df69077cd3065edbbd4c842098,dfine_sahi,54140.0,phone,0.4564,1037.18,567.31,1056.11,591.77,462.9,18.93,24.46,0.774,False,,True,unattributed,1,evt_01-P02_desk_work_surface_0009,fc3f0b3b157f709b,native_source_context_fallback,wrist_confidence_below_floor,47546.7,2.47,,1,01/e1/v1,rtmpose_baseline
corpus_01,01.Candidate was found using a mobile phone in the examination hall..mkv,b842b03e5784d867e93770560d88150a526250df69077cd3065edbbd4c842098,dfine_sahi,54140.0,unknown_object,0.4491,871.87,570.11,976.04,715.25,15118.6,104.16,145.14,0.718,False,,True,unattributed,1,evt_01-P02_desk_work_surface_0009,fc3f0b3b157f709b,native_source_context_fallback,wrist_confidence_below_floor,47546.7,2.47,,1,01/e1/v1,rtmpose_baseline
corpus_01,01.Candidate was found using a mobile phone in the examination hall..mkv,b842b03e5784d867e93770560d88150a526250df69077cd3065edbbd4c842098,dfine_sahi,54140.0,unknown_object,0.4325,871.84,540.08,894.79,671.59,3017.6,22.95,131.51,0.174,False,,True,unattributed,1,evt_01-P02_desk_work_surface_0009,fc3f0b3b157f709b,native_source_context_fallback,wrist_confidence_below_floor,47546.7,2.47,,1,01/e1/v1,rtmpose_baseline
corpus_01,01.Candidate was found using a mobile phone in the examination hall..mkv,b842b03e5784d867e93770560d88150a526250df69077cd3065edbbd4c842098,dfine_sahi,54140.0,unknown_object,0.4279,925.5,457.11,1029.89,514.88,6030.6,104.38,57.77,1.807,False,,True,unattributed,1,evt_01-P02_desk_work_surface_0009,fc3f0b3b157f709b,native_source_context_fallback,wrist_confidence_below_floor,47546.7,2.47,,1,01/e1/v1,rtmpose_baseline
corpus_01,01.Candidate was found using a mobile phone in the examination hall..mkv,b842b03e5784d867e93770560d88150a526250df69077cd3065edbbd4c842098,dfine_sahi,54140.0,unknown_object,0.4064,882.35,457.07,933.19,597.66,7147.7,50.84,140.59,0.362,False,,True,unattributed,1,evt_01-P02_desk_work_surface_0009,fc3f0b3b157f709b,native_source_context_fallback,wrist_confidence_below_floor,47546.7,2.47,,1,01/e1/v1,rtmpose_baseline
corpus_01,01.Candidate was found using a mobile phone in the examination hall..mkv,b842b03e5784d867e93770560d88150a526250df69077cd3065edbbd4c842098,dfine_sahi,54140.0,unknown_object,0.3676,871.81,457.53,1055.78,714.47,47269.5,183.97,256.94,0.716,False,,True,unattributed,1,evt_01-P02_desk_work_surface_0009,fc3f0b3b157f709b,native_source_context_fallback,wrist_confidence_below_floor,47546.7,2.47,,1,01/e1/v1,rtmpose_baseline
corpus_01,01.Candidate was found using a mobile phone in the examination hall..mkv,b842b03e5784d867e93770560d88150a526250df69077cd3065edbbd4c842098,dfine_sahi,54140.0,stationery,0.325,933.96,481.32,975.94,514.96,1412.1,41.98,33.64,1.248,False,,True,unattributed,1,evt_01-P02_desk_work_surface_0009,fc3f0b3b157f709b,native_source_context_fallback,wrist_confidence_below_floor,47546.7,2.47,,1,01/e1/v1,rtmpose_baseline
corpus_01,01.Candidate was found using a mobile phone in the examination hall..mkv,b842b03e5784d867e93770560d88150a526250df69077cd3065edbbd4c842098,dfine_sahi,54140.0,unknown_object,0.3227,1003.07,560.18,1056.0,618.02,3061.9,52.93,57.85,0.915,False,,True,unattributed,1,evt_01-P02_desk_work_surface_0009,fc3f0b3b157f709b,native_source_context_fallback,wrist_confidence_below_floor,47546.7,2.47,,1,01/e1/v1,rtmpose_baseline
corpus_01,01.Candidate was found using a mobile phone in the examination hall..mkv,b842b03e5784d867e93770560d88150a526250df69077cd3065edbbd4c842098,dfine_sahi,54140.0,unknown_object,0.2686,926.02,457.06,1005.72,486.24,2325.1,79.7,29.17,2.732,False,,True,unattributed,1,evt_01-P02_desk_work_surface_0009,fc3f0b3b157f709b,native_source_context_fallback,wrist_confidence_below_floor,47546.7,2.47,,1,01/e1/v1,rtmpose_baseline
corpus_01,01.Candidate was found using a mobile phone in the examination hall..mkv,b842b03e5784d867e93770560d88150a526250df69077cd3065edbbd4c842098,dfine_sahi,54140.0,stationery,0.2522,1018.86,567.33,1056.08,602.99,1327.1,37.21,35.66,1.043,False,,True,unattributed,1,evt_01-P02_desk_work_surface_0009,fc3f0b3b157f709b,native_source_context_fallback,wrist_confidence_below_floor,47546.7,2.47,,1,01/e1/v1,rtmpose_baseline
corpus_01,01.Candidate was found using a mobile phone in the examination hall..mkv,b842b03e5784d867e93770560d88150a526250df69077cd3065edbbd4c842098,dfine_sahi,54620.0,unknown_object,0.5016,143.92,545.23,223.94,635.7,7239.2,80.02,90.46,0.885,False,,True,unattributed,4,evt_01-P01_desk_work_surface_0001,235afe13070ce83d,native_source_context_fallback,wrist_confidence_below_floor,22781.4,3.68,,1,01/e1/v1,rtmpose_baseline
corpus_01,01.Candidate was found using a mobile phone in the examination hall..mkv,b842b03e5784d867e93770560d88150a526250df69077cd3065edbbd4c842098,dfine_sahi,54620.0,phone,0.3898,252.34,615.19,281.11,641.94,769.5,28.77,26.75,1.075,False,,True,unattributed,4,evt_01-P01_desk_work_surface_0001,235afe13070ce83d,native_source_context_fallback,wrist_confidence_below_floor,22781.4,3.68,,1,01/e1/v1,rtmpose_baseline
corpus_01,01.Candidate was found using a mobile phone in the examination hall..mkv,b842b03e5784d867e93770560d88150a526250df69077cd3065edbbd4c842098,dfine_sahi,54620.0,phone,0.3447,235.53,620.21,281.04,674.57,2474.0,45.51,54.36,0.837,False,,True,unattributed,4,evt_01-P01_desk_work_surface_0001,235afe13070ce83d,native_source_context_fallback,wrist_confidence_below_floor,22781.4,3.68,,1,01/e1/v1,rtmpose_baseline
corpus_01,01.Candidate was found using a mobile phone in the examination hall..mkv,b842b03e5784d867e93770560d88150a526250df69077cd3065edbbd4c842098,dfine_sahi,54620.0,unknown_object,0.3273,248.72,665.07,281.1,717.68,1703.6,32.38,52.61,0.615,False,,True,unattributed,4,evt_01-P01_desk_work_surface_0001,235afe13070ce83d,native_source_context_fallback,wrist_confidence_below_floor,22781.4,3.68,,1,01/e1/v1,rtmpose_baseline
corpus_01,01.Candidate was found using a mobile phone in the examination hall..mkv,b842b03e5784d867e93770560d88150a526250df69077cd3065edbbd4c842098,dfine_sahi,54620.0,unknown_object,0.3205,250.25,620.15,280.92,657.09,1133.1,30.67,36.94,0.83,False,,True,unattributed,4,evt_01-P01_desk_work_surface_0001,235afe13070ce83d,native_source_context_fallback,wrist_confidence_below_floor,22781.4,3.68,,1,01/e1/v1,rtmpose_baseline
corpus_01,01.Candidate was found using a mobile phone in the examination hall..mkv,b842b03e5784d867e93770560d88150a526250df69077cd3065edbbd4c842098,dfine_sahi,54620.0,phone,0.291,226.28,544.14,269.91,606.59,2725.1,43.63,62.45,0.699,False,,True,unattributed,4,evt_01-P01_desk_work_surface_0001,235afe13070ce83d,native_source_context_fallback,wrist_confidence_below_floor,22781.4,3.68,,1,01/e1/v1,rtmpose_baseline
corpus_01,01.Candidate was found using a mobile phone in the examination hall..mkv,b842b03e5784d867e93770560d88150a526250df69077cd3065edbbd4c842098,dfine_sahi,54620.0,stationery,0.2838,127.96,544.05,177.69,576.41,1608.9,49.73,32.36,1.537,False,,True,unattributed,4,evt_01-P01_desk_work_surface_0001,235afe13070ce83d,native_source_context_fallback,wrist_confidence_below_floor,22781.4,3.68,,1,01/e1/v1,rtmpose_baseline
corpus_01,01.Candidate was found using a mobile phone in the examination hall..mkv,b842b03e5784d867e93770560d88150a526250df69077cd3065edbbd4c842098,dfine_sahi,54620.0,unknown_object,0.2779,185.16,620.08,272.31,654.23,2975.7,87.14,34.15,2.552,False,,True,unattributed,4,evt_01-P01_desk_work_surface_0001,235afe13070ce83d,native_source_context_fallback,wrist_confidence_below_floor,22781.4,3.68,,1,01/e1/v1,rtmpose_baseline
corpus_01,01.Candidate was found using a mobile phone in the examination hall..mkv,b842b03e5784d867e93770560d88150a526250df69077cd3065edbbd4c842098,dfine_sahi,54620.0,monitor_or_bezel,0.8534,980.06,582.67,1080.12,713.12,13053.8,100.06,130.45,0.767,False,,True,unattributed,1,evt_01-P01_desk_work_surface_0001,25fa009d93035fc2,native_source_context_fallback,wrist_confidence_below_floor,51439.2,2.49,,1,01/e1/v1,rtmpose_baseline
corpus_01,01.Candidate was found using a mobile phone in the examination hall..mkv,b842b03e5784d867e93770560d88150a526250df69077cd3065edbbd4c842098,dfine_sahi,54620.0,stationery,0.7165,882.47,456.97,990.66,598.16,15275.7,108.19,141.19,0.766,False,,True,unattributed,1,evt_01-P01_desk_work_surface_0001,25fa009d93035fc2,native_source_context_fallback,wrist_confidence_below_floor,51439.2,2.49,,1,01/e1/v1,rtmpose_baseline
corpus_01,01.Candidate was found using a mobile phone in the examination hall..mkv,b842b03e5784d867e93770560d88150a526250df69077cd3065edbbd4c842098,dfine_sahi,54620.0,phone,0.5807,879.03,569.14,991.89,713.53,16296.3,112.86,144.39,0.782,False,,True,unattributed,1,evt_01-P01_desk_work_surface_0001,25fa009d93035fc2,native_source_context_fallback,wrist_confidence_below_floor,51439.2,2.49,,1,01/e1/v1,rtmpose_baseline
corpus_01,01.Candidate was found using a mobile phone in the examination hall..mkv,b842b03e5784d867e93770560d88150a526250df69077cd3065edbbd4c842098,dfine_sahi,54620.0,phone,0.5719,1036.61,562.39,1080.25,588.84,1153.9,43.63,26.45,1.65,False,,True,unattributed,1,evt_01-P01_desk_work_surface_0001,25fa009d93035fc2,native_source_context_fallback,wrist_confidence_below_floor,51439.2,2.49,,1,01/e1/v1,rtmpose_baseline
corpus_01,01.Candidate was found using a mobile phone in the examination hall..mkv,b842b03e5784d867e93770560d88150a526250df69077cd3065edbbd4c842098,dfine_sahi,54620.0,unknown_object,0.4238,912.44,510.34,991.97,600.7,7186.1,79.53,90.36,0.88,False,,True,unattributed,1,evt_01-P01_desk_work_surface_0001,25fa009d93035fc2,native_source_context_fallback,wrist_confidence_below_floor,51439.2,2.49,,1,01/e1/v1,rtmpose_baseline
corpus_01,01.Candidate was found using a mobile phone in the examination hall..mkv,b842b03e5784d867e93770560d88150a526250df69077cd3065edbbd4c842098,dfine_sahi,54620.0,unknown_object,0.4201,913.17,555.29,970.88,600.93,2634.1,57.71,45.64,1.264,False,,True,unattributed,1,evt_01-P01_desk_work_surface_0001,25fa009d93035fc2,native_source_context_fallback,wrist_confidence_below_floor,51439.2,2.49,,1,01/e1/v1,rtmpose_baseline
corpus_01,01.Candidate was found using a mobile phone in the examination hall..mkv,b842b03e5784d867e93770560d88150a526250df69077cd3065edbbd4c842098,dfine_sahi,54620.0,unknown_object,0.4148,882.13,457.23,1031.02,605.8,22120.5,148.89,148.57,1.002,False,,True,unattributed,1,evt_01-P01_desk_work_surface_0001,25fa009d93035fc2,native_source_context_fallback,wrist_confidence_below_floor,51439.2,2.49,,1,01/e1/v1,rtmpose_baseline
corpus_01,01.Candidate was found using a mobile phone in the examination hall..mkv,b842b03e5784d867e93770560d88150a526250df69077cd3065edbbd4c842098,dfine_sahi,54620.0,unknown_object,0.3847,878.9,569.13,991.94,713.52,16321.2,113.04,144.39,0.783,False,,True,unattributed,1,evt_01-P01_desk_work_surface_0001,25fa009d93035fc2,native_source_context_fallback,wrist_confidence_below_floor,51439.2,2.49,,1,01/e1/v1,rtmpose_baseline
corpus_01,01.Candidate was found using a mobile phone in the examination hall..mkv,b842b03e5784d867e93770560d88150a526250df69077cd3065edbbd4c842098,dfine_sahi,54620.0,unknown_object,0.3727,925.76,457.14,1005.21,514.31,4542.6,79.45,57.17,1.39,False,,True,unattributed,1,evt_01-P01_desk_work_surface_0001,25fa009d93035fc2,native_source_context_fallback,wrist_confidence_below_floor,51439.2,2.49,,1,01/e1/v1,rtmpose_baseline
corpus_01,01.Candidate was found using a mobile phone in the examination hall..mkv,b842b03e5784d867e93770560d88150a526250df69077cd3065edbbd4c842098,dfine_sahi,54620.0,unknown_object,0.3606,882.38,457.22,937.25,601.16,7896.9,54.86,143.94,0.381,False,,True,unattributed,1,evt_01-P01_desk_work_surface_0001,25fa009d93035fc2,native_source_context_fallback,wrist_confidence_below_floor,51439.2,2.49,,1,01/e1/v1,rtmpose_baseline
corpus_01,01.Candidate was found using a mobile phone in the examination hall..mkv,b842b03e5784d867e93770560d88150a526250df69077cd3065edbbd4c842098,dfine_sahi,54620.0,unknown_object,0.2793,878.85,558.98,894.79,653.73,1510.0,15.94,94.74,0.168,False,,True,unattributed,1,evt_01-P01_desk_work_surface_0001,25fa009d93035fc2,native_source_context_fallback,wrist_confidence_below_floor,51439.2,2.49,,1,01/e1/v1,rtmpose_baseline
corpus_01,01.Candidate was found using a mobile phone in the examination hall..mkv,b842b03e5784d867e93770560d88150a526250df69077cd3065edbbd4c842098,dfine_sahi,54620.0,stationery,0.2679,922.06,481.92,982.85,545.14,3843.0,60.79,63.22,0.962,False,,True,unattributed,1,evt_01-P01_desk_work_surface_0001,25fa009d93035fc2,native_source_context_fallback,wrist_confidence_below_floor,51439.2,2.49,,1,01/e1/v1,rtmpose_baseline
corpus_01,01.Candidate was found using a mobile phone in the examination hall..mkv,b842b03e5784d867e93770560d88150a526250df69077cd3065edbbd4c842098,dfine_sahi,54620.0,unknown_object,0.2537,907.3,569.32,972.94,639.82,4628.1,65.64,70.51,0.931,False,,True,unattributed,1,evt_01-P01_desk_work_surface_0001,25fa009d93035fc2,native_source_context_fallback,wrist_confidence_below_floor,51439.2,2.49,,1,01/e1/v1,rtmpose_baseline
corpus_01,01.Candidate was found using a mobile phone in the examination hall..mkv,b842b03e5784d867e93770560d88150a526250df69077cd3065edbbd4c842098,dfine_sahi,54620.0,phone,0.2527,879.38,656.73,987.39,713.66,6149.2,108.01,56.93,1.897,False,,True,unattributed,1,evt_01-P01_desk_work_surface_0001,25fa009d93035fc2,native_source_context_fallback,wrist_confidence_below_floor,51439.2,2.49,,1,01/e1/v1,rtmpose_baseline
corpus_01,01.Candidate was found using a mobile phone in the examination hall..mkv,b842b03e5784d867e93770560d88150a526250df69077cd3065edbbd4c842098,dfine_sahi,54620.0,unknown_object,0.2508,1005.12,559.33,1079.9,600.84,3104.3,74.77,41.52,1.801,False,,True,unattributed,1,evt_01-P01_desk_work_surface_0001,25fa009d93035fc2,native_source_context_fallback,wrist_confidence_below_floor,51439.2,2.49,,1,01/e1/v1,rtmpose_baseline
corpus_01,01.Candidate was found using a mobile phone in the examination hall..mkv,b842b03e5784d867e93770560d88150a526250df69077cd3065edbbd4c842098,dfine_sahi,54620.0,unknown_object,0.8372,686.3,404.26,771.96,533.57,11077.1,85.66,129.31,0.662,False,,True,unattributed,2,evt_01-P01_desk_work_surface_0001,e66c33d77dda99c7,native_source_context_fallback,wrist_confidence_below_floor,21896.8,2.76,,1,01/e1/v1,rtmpose_baseline
corpus_01,01.Candidate was found using a mobile phone in the examination hall..mkv,b842b03e5784d867e93770560d88150a526250df69077cd3065edbbd4c842098,dfine_sahi,54620.0,unknown_object,0.8126,654.95,405.43,724.79,531.42,8799.6,69.84,125.99,0.554,False,,True,unattributed,2,evt_01-P01_desk_work_surface_0001,e66c33d77dda99c7,native_source_context_fallback,wrist_confidence_below_floor,21896.8,2.76,,1,01/e1/v1,rtmpose_baseline
corpus_01,01.Candidate was found using a mobile phone in the examination hall..mkv,b842b03e5784d867e93770560d88150a526250df69077cd3065edbbd4c842098,dfine_sahi,54620.0,mouse,0.8107,639.55,368.89,660.35,377.73,183.9,20.8,8.84,2.352,False,,True,unattributed,2,evt_01-P01_desk_work_surface_0001,e66c33d77dda99c7,native_source_context_fallback,wrist_confidence_below_floor,21896.8,2.76,,1,01/e1/v1,rtmpose_baseline
corpus_01,01.Candidate was found using a mobile phone in the examination hall..mkv,b842b03e5784d867e93770560d88150a526250df69077cd3065edbbd4c842098,dfine_sahi,54620.0,unknown_object,0.5439,634.04,406.16,694.97,532.63,7706.7,60.93,126.48,0.482,False,,True,unattributed,2,evt_01-P01_desk_work_surface_0001,e66c33d77dda99c7,native_source_context_fallback,wrist_confidence_below_floor,21896.8,2.76,,1,01/e1/v1,rtmpose_baseline
corpus_01,01.Candidate was found using a mobile phone in the examination hall..mkv,b842b03e5784d867e93770560d88150a526250df69077cd3065edbbd4c842098,dfine_sahi,54620.0,unknown_object,0.4727,633.93,365.11,694.65,432.69,4103.3,60.72,67.58,0.898,False,,True,unattributed,2,evt_01-P01_desk_work_surface_0001,e66c33d77dda99c7,native_source_context_fallback,wrist_confidence_below_floor,21896.8,2.76,,1,01/e1/v1,rtmpose_baseline
corpus_01,01.Candidate was found using a mobile phone in the examination hall..mkv,b842b03e5784d867e93770560d88150a526250df69077cd3065edbbd4c842098,dfine_sahi,54620.0,mouse,0.4613,654.99,368.95,660.37,376.72,41.8,5.38,7.77,0.693,True,object footprint 42 px is under the 120 px floor for a call,False,unattributed,2,evt_01-P01_desk_work_surface_0001,e66c33d77dda99c7,native_source_context_fallback,wrist_confidence_below_floor,21896.8,2.76,,1,01/e1/v1,rtmpose_baseline
corpus_01,01.Candidate was found using a mobile phone in the examination hall..mkv,b842b03e5784d867e93770560d88150a526250df69077cd3065edbbd4c842098,dfine_sahi,54620.0,unknown_object,0.4302,654.95,365.82,676.89,397.05,685.2,21.94,31.23,0.702,False,,True,unattributed,2,evt_01-P01_desk_work_surface_0001,e66c33d77dda99c7,native_source_context_fallback,wrist_confidence_below_floor,21896.8,2.76,,1,01/e1/v1,rtmpose_baseline
corpus_01,01.Candidate was found using a mobile phone in the examination hall..mkv,b842b03e5784d867e93770560d88150a526250df69077cd3065edbbd4c842098,dfine_sahi,54620.0,unknown_object,0.4281,727.82,397.89,748.42,428.6,632.8,20.61,30.71,0.671,False,,True,unattributed,2,evt_01-P01_desk_work_surface_0001,e66c33d77dda99c7,native_source_context_fallback,wrist_confidence_below_floor,21896.8,2.76,,1,01/e1/v1,rtmpose_baseline
corpus_01,01.Candidate was found using a mobile phone in the examination hall..mkv,b842b03e5784d867e93770560d88150a526250df69077cd3065edbbd4c842098,dfine_sahi,54620.0,unknown_object,0.3997,676.02,407.54,694.93,527.71,2272.1,18.91,120.17,0.157,False,,True,unattributed,2,evt_01-P01_desk_work_surface_0001,e66c33d77dda99c7,native_source_context_fallback,wrist_confidence_below_floor,21896.8,2.76,,1,01/e1/v1,rtmpose_baseline
corpus_01,01.Candidate was found using a mobile phone in the examination hall..mkv,b842b03e5784d867e93770560d88150a526250df69077cd3065edbbd4c842098,dfine_sahi,54620.0,unknown_object,0.3886,633.99,404.07,668.49,453.0,1687.9,34.5,48.93,0.705,False,,True,unattributed,2,evt_01-P01_desk_work_surface_0001,e66c33d77dda99c7,native_source_context_fallback,wrist_confidence_below_floor,21896.8,2.76,,1,01/e1/v1,rtmpose_baseline
corpus_01,01.Candidate was found using a mobile phone in the examination hall..mkv,b842b03e5784d867e93770560d88150a526250df69077cd3065edbbd4c842098,dfine_sahi,54620.0,unknown_object,0.3448,728.15,347.06,771.95,432.74,3752.4,43.8,85.68,0.511,False,,True,unattributed,2,evt_01-P01_desk_work_surface_0001,e66c33d77dda99c7,native_source_context_fallback,wrist_confidence_below_floor,21896.8,2.76,,1,01/e1/v1,rtmpose_baseline
corpus_01,01.Candidate was found using a mobile phone in the examination hall..mkv,b842b03e5784d867e93770560d88150a526250df69077cd3065edbbd4c842098,dfine_sahi,54620.0,unknown_object,0.3397,676.01,407.09,694.81,432.99,487.1,18.81,25.9,0.726,False,,True,unattributed,2,evt_01-P01_desk_work_surface_0001,e66c33d77dda99c7,native_source_context_fallback,wrist_confidence_below_floor,21896.8,2.76,,1,01/e1/v1,rtmpose_baseline
corpus_01,01.Candidate was found using a mobile phone in the examination hall..mkv,b842b03e5784d867e93770560d88150a526250df69077cd3065edbbd4c842098,dfine_sahi,54620.0,unknown_object,0.316,638.3,405.96,694.78,432.9,1521.7,56.48,26.94,2.097,False,,True,unattributed,2,evt_01-P01_desk_work_surface_0001,e66c33d77dda99c7,native_source_context_fallback,wrist_confidence_below_floor,21896.8,2.76,,1,01/e1/v1,rtmpose_baseline
corpus_01,01.Candidate was found using a mobile phone in the examination hall..mkv,b842b03e5784d867e93770560d88150a526250df69077cd3065edbbd4c842098,dfine_sahi,54620.0,unknown_object,0.2836,685.66,451.67,730.09,533.1,3617.6,44.43,81.43,0.546,False,,True,unattributed,2,evt_01-P01_desk_work_surface_0001,e66c33d77dda99c7,native_source_context_fallback,wrist_confidence_below_floor,21896.8,2.76,,1,01/e1/v1,rtmpose_baseline
corpus_01,01.Candidate was found using a mobile phone in the examination hall..mkv,b842b03e5784d867e93770560d88150a526250df69077cd3065edbbd4c842098,dfine_sahi,54620.0,unknown_object,0.2809,690.93,404.19,730.07,455.87,2022.7,39.14,51.68,0.757,False,,True,unattributed,2,evt_01-P01_desk_work_surface_0001,e66c33d77dda99c7,native_source_context_fallback,wrist_confidence_below_floor,21896.8,2.76,,1,01/e1/v1,rtmpose_baseline
corpus_01,01.Candidate was found using a mobile phone in the examination hall..mkv,b842b03e5784d867e93770560d88150a526250df69077cd3065edbbd4c842098,dfine_sahi,54620.0,unknown_object,0.2766,702.35,397.7,750.92,501.65,5048.7,48.57,103.95,0.467,False,,True,unattributed,2,evt_01-P01_desk_work_surface_0001,e66c33d77dda99c7,native_source_context_fallback,wrist_confidence_below_floor,21896.8,2.76,,1,01/e1/v1,rtmpose_baseline
corpus_01,01.Candidate was found using a mobile phone in the examination hall..mkv,b842b03e5784d867e93770560d88150a526250df69077cd3065edbbd4c842098,dfine_sahi,54620.0,unknown_object,0.2716,676.16,407.54,725.58,485.81,3868.7,49.43,78.27,0.631,False,,True,unattributed,2,evt_01-P01_desk_work_surface_0001,e66c33d77dda99c7,native_source_context_fallback,wrist_confidence_below_floor,21896.8,2.76,,1,01/e1/v1,rtmpose_baseline
corpus_01,01.Candidate was found using a mobile phone in the examination hall..mkv,b842b03e5784d867e93770560d88150a526250df69077cd3065edbbd4c842098,dfine_sahi,54620.0,unknown_object,0.2677,701.52,476.08,751.08,533.74,2856.9,49.55,57.66,0.859,False,,True,unattributed,2,evt_01-P01_desk_work_surface_0001,e66c33d77dda99c7,native_source_context_fallback,wrist_confidence_below_floor,21896.8,2.76,,1,01/e1/v1,rtmpose_baseline
corpus_01,01.Candidate was found using a mobile phone in the examination hall..mkv,b842b03e5784d867e93770560d88150a526250df69077cd3065edbbd4c842098,dfine_sahi,54620.0,unknown_object,0.2612,735.63,372.67,751.08,403.25,472.6,15.46,30.58,0.505,False,,True,unattributed,2,evt_01-P01_desk_work_surface_0001,e66c33d77dda99c7,native_source_context_fallback,wrist_confidence_below_floor,21896.8,2.76,,1,01/e1/v1,rtmpose_baseline
corpus_01,01.Candidate was found using a mobile phone in the examination hall..mkv,b842b03e5784d867e93770560d88150a526250df69077cd3065edbbd4c842098,dfine_sahi,54620.0,unknown_object,0.2604,710.85,318.33,730.01,339.7,409.4,19.16,21.37,0.897,False,,True,unattributed,2,evt_01-P01_desk_work_surface_0001,e66c33d77dda99c7,native_source_context_fallback,wrist_confidence_below_floor,21896.8,2.76,,1,01/e1/v1,rtmpose_baseline
corpus_01,01.Candidate was found using a mobile phone in the examination hall..mkv,b842b03e5784d867e93770560d88150a526250df69077cd3065edbbd4c842098,dfine_sahi,54660.0,monitor_or_bezel,0.6185,273.48,624.41,351.97,719.43,7458.6,78.49,95.02,0.826,False,,True,unattributed,4,evt_01-P02_upper_body_0011,86e583386632d89f,pose_hand_context,,8840.3,5.93,,1,01/e1/v1,rtmpose_baseline
corpus_01,01.Candidate was found using a mobile phone in the examination hall..mkv,b842b03e5784d867e93770560d88150a526250df69077cd3065edbbd4c842098,dfine_sahi,54660.0,phone,0.3907,275.67,642.45,294.59,663.78,403.6,18.93,21.32,0.888,False,,True,unattributed,4,evt_01-P02_upper_body_0011,86e583386632d89f,pose_hand_context,,8840.3,5.93,,1,01/e1/v1,rtmpose_baseline
corpus_01,01.Candidate was found using a mobile phone in the examination hall..mkv,b842b03e5784d867e93770560d88150a526250df69077cd3065edbbd4c842098,dfine_sahi,54660.0,stationery,0.3821,256.03,631.53,303.15,719.17,4129.7,47.12,87.64,0.538,False,,True,unattributed,4,evt_01-P02_upper_body_0011,86e583386632d89f,pose_hand_context,,8840.3,5.93,,1,01/e1/v1,rtmpose_baseline
corpus_01,01.Candidate was found using a mobile phone in the examination hall..mkv,b842b03e5784d867e93770560d88150a526250df69077cd3065edbbd4c842098,dfine_sahi,54660.0,unknown_object,0.3674,273.19,613.25,351.92,708.42,7492.3,78.73,95.17,0.827,False,,True,unattributed,4,evt_01-P02_upper_body_0011,86e583386632d89f,pose_hand_context,,8840.3,5.93,,1,01/e1/v1,rtmpose_baseline
corpus_01,01.Candidate was found using a mobile phone in the examination hall..mkv,b842b03e5784d867e93770560d88150a526250df69077cd3065edbbd4c842098,dfine_sahi,54660.0,monitor_or_bezel,0.3276,227.16,631.17,305.67,719.29,6918.1,78.5,88.12,0.891,False,,True,unattributed,4,evt_01-P02_upper_body_0011,86e583386632d89f,pose_hand_context,,8840.3,5.93,,1,01/e1/v1,rtmpose_baseline
corpus_01,01.Candidate was found using a mobile phone in the examination hall..mkv,b842b03e5784d867e93770560d88150a526250df69077cd3065edbbd4c842098,dfine_sahi,54660.0,phone,0.3209,273.38,642.04,297.01,686.61,1053.5,23.63,44.58,0.53,False,,True,unattributed,4,evt_01-P02_upper_body_0011,86e583386632d89f,pose_hand_context,,8840.3,5.93,,1,01/e1/v1,rtmpose_baseline
corpus_01,01.Candidate was found using a mobile phone in the examination hall..mkv,b842b03e5784d867e93770560d88150a526250df69077cd3065edbbd4c842098,dfine_sahi,54660.0,phone,0.3057,256.05,631.9,302.82,707.92,3555.2,46.77,76.02,0.615,False,,True,unattributed,4,evt_01-P02_upper_body_0011,86e583386632d89f,pose_hand_context,,8840.3,5.93,,1,01/e1/v1,rtmpose_baseline
corpus_01,01.Candidate was found using a mobile phone in the examination hall..mkv,b842b03e5784d867e93770560d88150a526250df69077cd3065edbbd4c842098,dfine_sahi,54660.0,unknown_object,0.2894,209.06,613.11,304.99,708.48,9148.6,95.93,95.37,1.006,False,,True,unattributed,4,evt_01-P02_upper_body_0011,86e583386632d89f,pose_hand_context,,8840.3,5.93,,1,01/e1/v1,rtmpose_baseline
corpus_01,01.Candidate was found using a mobile phone in the examination hall..mkv,b842b03e5784d867e93770560d88150a526250df69077cd3065edbbd4c842098,dfine_sahi,54660.0,unknown_object,0.2752,275.34,634.36,302.42,663.86,798.8,27.08,29.5,0.918,False,,True,unattributed,4,evt_01-P02_upper_body_0011,86e583386632d89f,pose_hand_context,,8840.3,5.93,,1,01/e1/v1,rtmpose_baseline
corpus_01,01.Candidate was found using a mobile phone in the examination hall..mkv,b842b03e5784d867e93770560d88150a526250df69077cd3065edbbd4c842098,dfine_sahi,54660.0,unknown_object,0.2729,273.35,642.34,294.73,672.54,645.6,21.38,30.2,0.708,False,,True,unattributed,4,evt_01-P02_upper_body_0011,86e583386632d89f,pose_hand_context,,8840.3,5.93,,1,01/e1/v1,rtmpose_baseline
corpus_01,01.Candidate was found using a mobile phone in the examination hall..mkv,b842b03e5784d867e93770560d88150a526250df69077cd3065edbbd4c842098,dfine_sahi,54660.0,unknown_object,0.8009,689.25,405.27,771.96,537.56,10940.8,82.71,132.29,0.625,False,,True,unattributed,2,evt_01-P02_upper_body_0011,aa0027717c6c2df5,native_source_context_fallback,wrist_confidence_below_floor,22296.6,2.72,,1,01/e1/v1,rtmpose_baseline
corpus_01,01.Candidate was found using a mobile phone in the examination hall..mkv,b842b03e5784d867e93770560d88150a526250df69077cd3065edbbd4c842098,dfine_sahi,54660.0,unknown_object,0.7719,654.95,405.68,724.89,535.87,9104.3,69.93,130.19,0.537,False,,True,unattributed,2,evt_01-P02_upper_body_0011,aa0027717c6c2df5,native_source_context_fallback,wrist_confidence_below_floor,22296.6,2.72,,1,01/e1/v1,rtmpose_baseline
corpus_01,01.Candidate was found using a mobile phone in the examination hall..mkv,b842b03e5784d867e93770560d88150a526250df69077cd3065edbbd4c842098,dfine_sahi,54660.0,mouse,0.7507,639.62,368.9,660.27,377.51,177.8,20.65,8.61,2.399,False,,True,unattributed,2,evt_01-P02_upper_body_0011,aa0027717c6c2df5,native_source_context_fallback,wrist_confidence_below_floor,22296.6,2.72,,1,01/e1/v1,rtmpose_baseline
corpus_01,01.Candidate was found using a mobile phone in the examination hall..mkv,b842b03e5784d867e93770560d88150a526250df69077cd3065edbbd4c842098,dfine_sahi,54660.0,bag,0.629,635.01,405.99,695.01,536.41,7825.3,60.0,130.42,0.46,False,,True,unattributed,2,evt_01-P02_upper_body_0011,aa0027717c6c2df5,native_source_context_fallback,wrist_confidence_below_floor,22296.6,2.72,,1,01/e1/v1,rtmpose_baseline
corpus_01,01.Candidate was found using a mobile phone in the examination hall..mkv,b842b03e5784d867e93770560d88150a526250df69077cd3065edbbd4c842098,dfine_sahi,54660.0,unknown_object,0.5461,634.89,365.13,695.44,434.48,4199.4,60.55,69.35,0.873,False,,True,unattributed,2,evt_01-P02_upper_body_0011,aa0027717c6c2df5,native_source_context_fallback,wrist_confidence_below_floor,22296.6,2.72,,1,01/e1/v1,rtmpose_baseline
corpus_01,01.Candidate was found using a mobile phone in the examination hall..mkv,b842b03e5784d867e93770560d88150a526250df69077cd3065edbbd4c842098,dfine_sahi,54660.0,unknown_object,0.4325,727.82,397.8,748.33,428.51,629.9,20.51,30.7,0.668,False,,True,unattributed,2,evt_01-P02_upper_body_0011,aa0027717c6c2df5,native_source_context_fallback,wrist_confidence_below_floor,22296.6,2.72,,1,01/e1/v1,rtmpose_baseline
corpus_01,01.Candidate was found using a mobile phone in the examination hall..mkv,b842b03e5784d867e93770560d88150a526250df69077cd3065edbbd4c842098,dfine_sahi,54660.0,unknown_object,0.3653,654.92,365.66,677.31,396.4,688.4,22.4,30.74,0.729,False,,True,unattributed,2,evt_01-P02_upper_body_0011,aa0027717c6c2df5,native_source_context_fallback,wrist_confidence_below_floor,22296.6,2.72,,1,01/e1/v1,rtmpose_baseline
corpus_01,01.Candidate was found using a mobile phone in the examination hall..mkv,b842b03e5784d867e93770560d88150a526250df69077cd3065edbbd4c842098,dfine_sahi,54660.0,bag,0.3516,690.97,405.11,744.16,457.87,2806.5,53.2,52.76,1.008,False,,True,unattributed,2,evt_01-P02_upper_body_0011,aa0027717c6c2df5,native_source_context_fallback,wrist_confidence_below_floor,22296.6,2.72,,1,01/e1/v1,rtmpose_baseline
corpus_01,01.Candidate was found using a mobile phone in the examination hall..mkv,b842b03e5784d867e93770560d88150a526250df69077cd3065edbbd4c842098,dfine_sahi,54660.0,monitor_or_bezel,0.3187,634.92,405.1,669.76,452.73,1659.4,34.84,47.63,0.731,False,,True,unattributed,2,evt_01-P02_upper_body_0011,aa0027717c6c2df5,native_source_context_fallback,wrist_confidence_below_floor,22296.6,2.72,,1,01/e1/v1,rtmpose_baseline
corpus_01,01.Candidate was found using a mobile phone in the examination hall..mkv,b842b03e5784d867e93770560d88150a526250df69077cd3065edbbd4c842098,dfine_sahi,54660.0,unknown_object,0.3173,686.2,451.52,731.05,536.77,3823.0,44.85,85.25,0.526,False,,True,unattributed,2,evt_01-P02_upper_body_0011,aa0027717c6c2df5,native_source_context_fallback,wrist_confidence_below_floor,22296.6,2.72,,1,01/e1/v1,rtmpose_baseline
corpus_01,01.Candidate was found using a mobile phone in the examination hall..mkv,b842b03e5784d867e93770560d88150a526250df69077cd3065edbbd4c842098,dfine_sahi,54660.0,unknown_object,0.3133,654.93,368.83,660.52,377.45,48.2,5.59,8.62,0.649,True,object footprint 48 px is under the 120 px floor for a call,False,unattributed,2,evt_01-P02_upper_body_0011,aa0027717c6c2df5,native_source_context_fallback,wrist_confidence_below_floor,22296.6,2.72,,1,01/e1/v1,rtmpose_baseline
corpus_01,01.Candidate was found using a mobile phone in the examination hall..mkv,b842b03e5784d867e93770560d88150a526250df69077cd3065edbbd4c842098,dfine_sahi,54660.0,unknown_object,0.3101,639.59,405.79,695.41,434.89,1624.4,55.82,29.1,1.918,False,,True,unattributed,2,evt_01-P02_upper_body_0011,aa0027717c6c2df5,native_source_context_fallback,wrist_confidence_below_floor,22296.6,2.72,,1,01/e1/v1,rtmpose_baseline
corpus_01,01.Candidate was found using a mobile phone in the examination hall..mkv,b842b03e5784d867e93770560d88150a526250df69077cd3065edbbd4c842098,dfine_sahi,54660.0,unknown_object,0.2978,676.0,406.28,695.05,534.67,2446.0,19.05,128.39,0.148,False,,True,unattributed,2,evt_01-P02_upper_body_0011,aa0027717c6c2df5,native_source_context_fallback,wrist_confidence_below_floor,22296.6,2.72,,1,01/e1/v1,rtmpose_baseline
corpus_01,01.Candidate was found using a mobile phone in the examination hall..mkv,b842b03e5784d867e93770560d88150a526250df69077cd3065edbbd4c842098,dfine_sahi,54660.0,unknown_object,0.2682,710.95,318.33,731.03,339.18,418.5,20.07,20.85,0.963,False,,True,unattributed,2,evt_01-P02_upper_body_0011,aa0027717c6c2df5,native_source_context_fallback,wrist_confidence_below_floor,22296.6,2.72,,1,01/e1/v1,rtmpose_baseline
corpus_01,01.Candidate was found using a mobile phone in the examination hall..mkv,b842b03e5784d867e93770560d88150a526250df69077cd3065edbbd4c842098,dfine_sahi,54660.0,unknown_object,0.2644,634.87,317.24,730.43,433.68,11127.0,95.56,116.44,0.821,False,,True,unattributed,2,evt_01-P02_upper_body_0011,aa0027717c6c2df5,native_source_context_fallback,wrist_confidence_below_floor,22296.6,2.72,,1,01/e1/v1,rtmpose_baseline
corpus_01,01.Candidate was found using a mobile phone in the examination hall..mkv,b842b03e5784d867e93770560d88150a526250df69077cd3065edbbd4c842098,dfine_sahi,54660.0,unknown_object,0.2634,702.86,476.23,750.8,537.79,2951.1,47.93,61.56,0.779,False,,True,unattributed,2,evt_01-P02_upper_body_0011,aa0027717c6c2df5,native_source_context_fallback,wrist_confidence_below_floor,22296.6,2.72,,1,01/e1/v1,rtmpose_baseline
corpus_01,01.Candidate was found using a mobile phone in the examination hall..mkv,b842b03e5784d867e93770560d88150a526250df69077cd3065edbbd4c842098,dfine_sahi,54660.0,unknown_object,0.2597,730.2,372.31,750.78,405.15,676.0,20.59,32.84,0.627,False,,True,unattributed,2,evt_01-P02_upper_body_0011,aa0027717c6c2df5,native_source_context_fallback,wrist_confidence_below_floor,22296.6,2.72,,1,01/e1/v1,rtmpose_baseline
corpus_01,01.Candidate was found using a mobile phone in the examination hall..mkv,b842b03e5784d867e93770560d88150a526250df69077cd3065edbbd4c842098,dfine_sahi,54660.0,unknown_object,0.2537,691.41,450.14,725.74,483.99,1162.1,34.34,33.85,1.014,False,,True,unattributed,2,evt_01-P02_upper_body_0011,aa0027717c6c2df5,native_source_context_fallback,wrist_confidence_below_floor,22296.6,2.72,,1,01/e1/v1,rtmpose_baseline
corpus_01,01.Candidate was found using a mobile phone in the examination hall..mkv,b842b03e5784d867e93770560d88150a526250df69077cd3065edbbd4c842098,dfine_sahi,54660.0,monitor_or_bezel,0.6107,978.05,581.48,1079.4,710.48,13073.2,101.35,129.0,0.786,False,,True,unattributed,1,evt_01-P02_upper_body_0011,c5ce92da05307051,native_source_context_fallback,wrist_confidence_below_floor,50038.4,2.52,,1,01/e1/v1,rtmpose_baseline
corpus_01,01.Candidate was found using a mobile phone in the examination hall..mkv,b842b03e5784d867e93770560d88150a526250df69077cd3065edbbd4c842098,dfine_sahi,54660.0,stationery,0.5256,882.33,456.99,991.57,598.85,15497.5,109.25,141.86,0.77,False,,True,unattributed,1,evt_01-P02_upper_body_0011,c5ce92da05307051,native_source_context_fallback,wrist_confidence_below_floor,50038.4,2.52,,1,01/e1/v1,rtmpose_baseline
corpus_01,01.Candidate was found using a mobile phone in the examination hall..mkv,b842b03e5784d867e93770560d88150a526250df69077cd3065edbbd4c842098,dfine_sahi,54660.0,unknown_object,0.4893,912.32,509.94,992.03,599.71,7155.5,79.71,89.77,0.888,False,,True,unattributed,1,evt_01-P02_upper_body_0011,c5ce92da05307051,native_source_context_fallback,wrist_confidence_below_floor,50038.4,2.52,,1,01/e1/v1,rtmpose_baseline
corpus_01,01.Candidate was found using a mobile phone in the examination hall..mkv,b842b03e5784d867e93770560d88150a526250df69077cd3065edbbd4c842098,dfine_sahi,54660.0,unknown_object,0.4648,882.25,457.27,1030.39,605.18,21910.1,148.13,147.91,1.002,False,,True,unattributed,1,evt_01-P02_upper_body_0011,c5ce92da05307051,native_source_context_fallback,wrist_confidence_below_floor,50038.4,2.52,,1,01/e1/v1,rtmpose_baseline
corpus_01,01.Candidate was found using a mobile phone in the examination hall..mkv,b842b03e5784d867e93770560d88150a526250df69077cd3065edbbd4c842098,dfine_sahi,54660.0,stationery,0.4194,880.99,568.12,930.39,680.43,5548.1,49.4,112.31,0.44,False,,True,unattributed,1,evt_01-P02_upper_body_0011,c5ce92da05307051,native_source_context_fallback,wrist_confidence_below_floor,50038.4,2.52,,1,01/e1/v1,rtmpose_baseline
corpus_01,01.Candidate was found using a mobile phone in the examination hall..mkv,b842b03e5784d867e93770560d88150a526250df69077cd3065edbbd4c842098,dfine_sahi,54660.0,unknown_object,0.3995,882.44,457.24,937.41,601.06,7906.0,54.97,143.82,0.382,False,,True,unattributed,1,evt_01-P02_upper_body_0011,c5ce92da05307051,native_source_context_fallback,wrist_confidence_below_floor,50038.4,2.52,,1,01/e1/v1,rtmpose_baseline
corpus_01,01.Candidate was found using a mobile phone in the examination hall..mkv,b842b03e5784d867e93770560d88150a526250df69077cd3065edbbd4c842098,dfine_sahi,54660.0,unknown_object,0.3951,1032.41,568.08,1078.99,596.17,1309.0,46.58,28.1,1.658,False,,True,unattributed,1,evt_01-P02_upper_body_0011,c5ce92da05307051,native_source_context_fallback,wrist_confidence_below_floor,50038.4,2.52,,1,01/e1/v1,rtmpose_baseline
corpus_01,01.Candidate was found using a mobile phone in the examination hall..mkv,b842b03e5784d867e93770560d88150a526250df69077cd3065edbbd4c842098,dfine_sahi,54660.0,unknown_object,0.3946,925.41,457.11,1031.07,515.12,6129.3,105.66,58.01,1.821,False,,True,unattributed,1,evt_01-P02_upper_body_0011,c5ce92da05307051,native_source_context_fallback,wrist_confidence_below_floor,50038.4,2.52,,1,01/e1/v1,rtmpose_baseline
corpus_01,01.Candidate was found using a mobile phone in the examination hall..mkv,b842b03e5784d867e93770560d88150a526250df69077cd3065edbbd4c842098,dfine_sahi,54660.0,monitor_or_bezel,0.3332,968.02,656.97,987.5,710.92,1050.9,19.48,53.95,0.361,False,,True,unattributed,1,evt_01-P02_upper_body_0011,c5ce92da05307051,native_source_context_fallback,wrist_confidence_below_floor,50038.4,2.52,,1,01/e1/v1,rtmpose_baseline
corpus_01,01.Candidate was found using a mobile phone in the examination hall..mkv,b842b03e5784d867e93770560d88150a526250df69077cd3065edbbd4c842098,dfine_sahi,54660.0,monitor_or_bezel,0.3271,881.08,568.05,991.53,710.43,15725.7,110.45,142.38,0.776,False,,True,unattributed,1,evt_01-P02_upper_body_0011,c5ce92da05307051,native_source_context_fallback,wrist_confidence_below_floor,50038.4,2.52,,1,01/e1/v1,rtmpose_baseline
corpus_01,01.Candidate was found using a mobile phone in the examination hall..mkv,b842b03e5784d867e93770560d88150a526250df69077cd3065edbbd4c842098,dfine_sahi,54660.0,unknown_object,0.3099,880.97,568.13,991.95,710.55,15805.1,110.98,142.42,0.779,False,,True,unattributed,1,evt_01-P02_upper_body_0011,c5ce92da05307051,native_source_context_fallback,wrist_confidence_below_floor,50038.4,2.52,,1,01/e1/v1,rtmpose_baseline
corpus_01,01.Candidate was found using a mobile phone in the examination hall..mkv,b842b03e5784d867e93770560d88150a526250df69077cd3065edbbd4c842098,dfine_sahi,54660.0,unknown_object,0.2831,880.89,564.79,894.69,649.43,1168.0,13.8,84.64,0.163,False,,True,unattributed,1,evt_01-P02_upper_body_0011,c5ce92da05307051,native_source_context_fallback,wrist_confidence_below_floor,50038.4,2.52,,1,01/e1/v1,rtmpose_baseline
corpus_01,01.Candidate was found using a mobile phone in the examination hall..mkv,b842b03e5784d867e93770560d88150a526250df69077cd3065edbbd4c842098,dfine_sahi,54660.0,phone,0.2716,881.33,657.12,986.78,710.73,5653.1,105.45,53.61,1.967,False,,True,unattributed,1,evt_01-P02_upper_body_0011,c5ce92da05307051,native_source_context_fallback,wrist_confidence_below_floor,50038.4,2.52,,1,01/e1/v1,rtmpose_baseline
corpus_01,01.Candidate was found using a mobile phone in the examination hall..mkv,b842b03e5784d867e93770560d88150a526250df69077cd3065edbbd4c842098,dfine_sahi,54660.0,stationery,0.2693,881.14,568.04,991.76,681.16,12514.7,110.63,113.13,0.978,False,,True,unattributed,1,evt_01-P02_upper_body_0011,c5ce92da05307051,native_source_context_fallback,wrist_confidence_below_floor,50038.4,2.52,,1,01/e1/v1,rtmpose_baseline
corpus_01,01.Candidate was found using a mobile phone in the examination hall..mkv,b842b03e5784d867e93770560d88150a526250df69077cd3065edbbd4c842098,dfine_sahi,54660.0,unknown_object,0.2549,968.22,568.3,1079.4,710.63,15825.5,111.18,142.34,0.781,False,,True,unattributed,1,evt_01-P02_upper_body_0011,c5ce92da05307051,native_source_context_fallback,wrist_confidence_below_floor,50038.4,2.52,,1,01/e1/v1,rtmpose_baseline
corpus_01,01.Candidate was found using a mobile phone in the examination hall..mkv,b842b03e5784d867e93770560d88150a526250df69077cd3065edbbd4c842098,dfine_sahi,55140.0,stationery,0.8026,887.18,458.02,983.7,593.59,13084.4,96.52,135.56,0.712,False,,True,unattributed,1,evt_01-P02_desk_work_surface_0009,8c7b05a129d12f2d,native_source_context_fallback,wrist_confidence_below_floor,42156.9,2.62,,1,01/e1/v1,rtmpose_baseline
corpus_01,01.Candidate was found using a mobile phone in the examination hall..mkv,b842b03e5784d867e93770560d88150a526250df69077cd3065edbbd4c842098,dfine_sahi,55140.0,phone,0.5423,980.35,586.38,1058.95,701.54,9051.9,78.61,115.15,0.683,False,,True,unattributed,1,evt_01-P02_desk_work_surface_0009,8c7b05a129d12f2d,native_source_context_fallback,wrist_confidence_below_floor,42156.9,2.62,,1,01/e1/v1,rtmpose_baseline
corpus_01,01.Candidate was found using a mobile phone in the examination hall..mkv,b842b03e5784d867e93770560d88150a526250df69077cd3065edbbd4c842098,dfine_sahi,55140.0,unknown_object,0.5361,886.65,458.09,1058.81,700.39,41712.2,172.15,242.3,0.711,False,,True,unattributed,1,evt_01-P02_desk_work_surface_0009,8c7b05a129d12f2d,native_source_context_fallback,wrist_confidence_below_floor,42156.9,2.62,,1,01/e1/v1,rtmpose_baseline
corpus_01,01.Candidate was found using a mobile phone in the examination hall..mkv,b842b03e5784d867e93770560d88150a526250df69077cd3065edbbd4c842098,dfine_sahi,55140.0,unknown_object,0.5355,1033.97,575.25,1058.95,593.71,461.3,24.98,18.47,1.353,False,,True,unattributed,1,evt_01-P02_desk_work_surface_0009,8c7b05a129d12f2d,native_source_context_fallback,wrist_confidence_below_floor,42156.9,2.62,,1,01/e1/v1,rtmpose_baseline
corpus_01,01.Candidate was found using a mobile phone in the examination hall..mkv,b842b03e5784d867e93770560d88150a526250df69077cd3065edbbd4c842098,dfine_sahi,55140.0,unknown_object,0.4284,1006.64,560.12,1058.95,594.86,1817.6,52.31,34.75,1.505,False,,True,unattributed,1,evt_01-P02_desk_work_surface_0009,8c7b05a129d12f2d,native_source_context_fallback,wrist_confidence_below_floor,42156.9,2.62,,1,01/e1/v1,rtmpose_baseline
corpus_01,01.Candidate was found using a mobile phone in the examination hall..mkv,b842b03e5784d867e93770560d88150a526250df69077cd3065edbbd4c842098,dfine_sahi,55140.0,unknown_object,0.3789,887.83,458.19,1006.01,601.96,16990.0,118.18,143.76,0.822,False,,True,unattributed,1,evt_01-P02_desk_work_surface_0009,8c7b05a129d12f2d,native_source_context_fallback,wrist_confidence_below_floor,42156.9,2.62,,1,01/e1/v1,rtmpose_baseline
corpus_01,01.Candidate was found using a mobile phone in the examination hall..mkv,b842b03e5784d867e93770560d88150a526250df69077cd3065edbbd4c842098,dfine_sahi,55140.0,unknown_object,0.3731,981.38,585.86,1058.76,701.5,8948.3,77.38,115.64,0.669,False,,True,unattributed,1,evt_01-P02_desk_work_surface_0009,8c7b05a129d12f2d,native_source_context_fallback,wrist_confidence_below_floor,42156.9,2.62,,1,01/e1/v1,rtmpose_baseline
corpus_01,01.Candidate was found using a mobile phone in the examination hall..mkv,b842b03e5784d867e93770560d88150a526250df69077cd3065edbbd4c842098,dfine_sahi,55140.0,monitor_or_bezel,0.339,961.97,585.95,1058.98,701.62,11220.9,97.01,115.67,0.839,False,,True,unattributed,1,evt_01-P02_desk_work_surface_0009,8c7b05a129d12f2d,native_source_context_fallback,wrist_confidence_below_floor,42156.9,2.62,,1,01/e1/v1,rtmpose_baseline
corpus_01,01.Candidate was found using a mobile phone in the examination hall..mkv,b842b03e5784d867e93770560d88150a526250df69077cd3065edbbd4c842098,dfine_sahi,55140.0,bag,0.3036,915.3,509.44,983.99,594.66,5853.1,68.68,85.22,0.806,False,,True,unattributed,1,evt_01-P02_desk_work_surface_0009,8c7b05a129d12f2d,native_source_context_fallback,wrist_confidence_below_floor,42156.9,2.62,,1,01/e1/v1,rtmpose_baseline
corpus_01,01.Candidate was found using a mobile phone in the examination hall..mkv,b842b03e5784d867e93770560d88150a526250df69077cd3065edbbd4c842098,dfine_sahi,55140.0,unknown_object,0.2864,1006.47,574.89,1058.94,614.68,2087.6,52.46,39.79,1.319,False,,True,unattributed,1,evt_01-P02_desk_work_surface_0009,8c7b05a129d12f2d,native_source_context_fallback,wrist_confidence_below_floor,42156.9,2.62,,1,01/e1/v1,rtmpose_baseline
corpus_01,01.Candidate was found using a mobile phone in the examination hall..mkv,b842b03e5784d867e93770560d88150a526250df69077cd3065edbbd4c842098,dfine_sahi,55140.0,unknown_object,0.5414,645.05,405.52,694.0,490.24,4147.2,48.96,84.71,0.578,False,,True,unattributed,2,evt_01-P02_desk_work_surface_0009,a9a9a33e4bf00a46,pose_hand_context,,2304.0,13.33,,1,01/e1/v1,rtmpose_baseline
corpus_01,01.Candidate was found using a mobile phone in the examination hall..mkv,b842b03e5784d867e93770560d88150a526250df69077cd3065edbbd4c842098,dfine_sahi,55140.0,unknown_object,0.514,692.68,423.61,710.23,443.7,352.5,17.55,20.09,0.874,False,,True,unattributed,2,evt_01-P02_desk_work_surface_0009,a9a9a33e4bf00a46,pose_hand_context,,2304.0,13.33,,1,01/e1/v1,rtmpose_baseline
corpus_01,01.Candidate was found using a mobile phone in the examination hall..mkv,b842b03e5784d867e93770560d88150a526250df69077cd3065edbbd4c842098,dfine_sahi,55140.0,unknown_object,0.3931,666.36,395.06,741.01,484.93,6708.3,74.65,89.87,0.831,False,,True,unattributed,2,evt_01-P02_desk_work_surface_0009,a9a9a33e4bf00a46,pose_hand_context,,2304.0,13.33,,1,01/e1/v1,rtmpose_baseline
corpus_01,01.Candidate was found using a mobile phone in the examination hall..mkv,b842b03e5784d867e93770560d88150a526250df69077cd3065edbbd4c842098,dfine_sahi,55140.0,unknown_object,0.3711,666.68,395.06,716.86,443.93,2452.1,50.18,48.87,1.027,False,,True,unattributed,2,evt_01-P02_desk_work_surface_0009,a9a9a33e4bf00a46,pose_hand_context,,2304.0,13.33,,1,01/e1/v1,rtmpose_baseline
corpus_01,01.Candidate was found using a mobile phone in the examination hall..mkv,b842b03e5784d867e93770560d88150a526250df69077cd3065edbbd4c842098,dfine_sahi,55140.0,unknown_object,0.2837,692.87,407.78,740.95,457.64,2397.8,48.09,49.86,0.964,False,,True,unattributed,2,evt_01-P02_desk_work_surface_0009,a9a9a33e4bf00a46,pose_hand_context,,2304.0,13.33,,1,01/e1/v1,rtmpose_baseline
corpus_01,01.Candidate was found using a mobile phone in the examination hall..mkv,b842b03e5784d867e93770560d88150a526250df69077cd3065edbbd4c842098,dfine_sahi,55140.0,unknown_object,0.2524,691.96,411.84,713.06,452.02,848.1,21.11,40.18,0.525,False,,True,unattributed,2,evt_01-P02_desk_work_surface_0009,a9a9a33e4bf00a46,pose_hand_context,,2304.0,13.33,,1,01/e1/v1,rtmpose_baseline
corpus_01,01.Candidate was found using a mobile phone in the examination hall..mkv,b842b03e5784d867e93770560d88150a526250df69077cd3065edbbd4c842098,dfine_sahi,55140.0,unknown_object,0.2506,645.0,395.05,667.91,428.75,772.3,22.91,33.7,0.68,False,,True,unattributed,2,evt_01-P02_desk_work_surface_0009,a9a9a33e4bf00a46,pose_hand_context,,2304.0,13.33,,1,01/e1/v1,rtmpose_baseline
corpus_01,01.Candidate was found using a mobile phone in the examination hall..mkv,b842b03e5784d867e93770560d88150a526250df69077cd3065edbbd4c842098,dfine_sahi,55140.0,mouse,0.837,413.26,515.17,429.33,530.17,240.9,16.07,15.0,1.072,False,,True,unattributed,4,evt_01-P02_desk_work_surface_0009,c382bf27a410069c,native_source_context_fallback,wrist_confidence_below_floor,49951.3,2.6,,1,01/e1/v1,rtmpose_baseline
corpus_01,01.Candidate was found using a mobile phone in the examination hall..mkv,b842b03e5784d867e93770560d88150a526250df69077cd3065edbbd4c842098,dfine_sahi,55140.0,monitor_or_bezel,0.8255,394.0,471.21,421.99,522.18,1426.5,27.99,50.96,0.549,False,,True,unattributed,4,evt_01-P02_desk_work_surface_0009,c382bf27a410069c,native_source_context_fallback,wrist_confidence_below_floor,49951.3,2.6,,1,01/e1/v1,rtmpose_baseline
corpus_01,01.Candidate was found using a mobile phone in the examination hall..mkv,b842b03e5784d867e93770560d88150a526250df69077cd3065edbbd4c842098,dfine_sahi,55140.0,keyboard,0.6559,393.99,527.28,418.93,554.4,676.3,24.94,27.11,0.92,False,,True,unattributed,4,evt_01-P02_desk_work_surface_0009,c382bf27a410069c,native_source_context_fallback,wrist_confidence_below_floor,49951.3,2.6,,1,01/e1/v1,rtmpose_baseline
corpus_01,01.Candidate was found using a mobile phone in the examination hall..mkv,b842b03e5784d867e93770560d88150a526250df69077cd3065edbbd4c842098,dfine_sahi,55140.0,monitor_or_bezel,0.5162,393.93,471.16,475.36,608.47,11181.1,81.43,137.3,0.593,False,,True,unattributed,4,evt_01-P02_desk_work_surface_0009,c382bf27a410069c,native_source_context_fallback,wrist_confidence_below_floor,49951.3,2.6,,1,01/e1/v1,rtmpose_baseline
corpus_01,01.Candidate was found using a mobile phone in the examination hall..mkv,b842b03e5784d867e93770560d88150a526250df69077cd3065edbbd4c842098,dfine_sahi,55140.0,unknown_object,0.5135,559.4,508.68,597.06,525.94,650.2,37.67,17.26,2.182,False,,True,unattributed,4,evt_01-P02_desk_work_surface_0009,c382bf27a410069c,native_source_context_fallback,wrist_confidence_below_floor,49951.3,2.6,,1,01/e1/v1,rtmpose_baseline
corpus_01,01.Candidate was found using a mobile phone in the examination hall..mkv,b842b03e5784d867e93770560d88150a526250df69077cd3065edbbd4c842098,dfine_sahi,55140.0,stationery,0.4275,393.84,692.05,415.09,716.3,515.1,21.24,24.25,0.876,False,,True,unattributed,4,evt_01-P02_desk_work_surface_0009,c382bf27a410069c,native_source_context_fallback,wrist_confidence_below_floor,49951.3,2.6,,1,01/e1/v1,rtmpose_baseline
corpus_01,01.Candidate was found using a mobile phone in the examination hall..mkv,b842b03e5784d867e93770560d88150a526250df69077cd3065edbbd4c842098,dfine_sahi,55140.0,unknown_object,0.3597,454.96,472.54,508.07,563.57,4834.2,53.11,91.03,0.583,False,,True,unattributed,4,evt_01-P02_desk_work_surface_0009,c382bf27a410069c,native_source_context_fallback,wrist_confidence_below_floor,49951.3,2.6,,1,01/e1/v1,rtmpose_baseline
corpus_01,01.Candidate was found using a mobile phone in the examination hall..mkv,b842b03e5784d867e93770560d88150a526250df69077cd3065edbbd4c842098,dfine_sahi,55140.0,keyboard,0.3191,394.02,550.69,415.58,608.88,1255.1,21.57,58.19,0.371,False,,True,unattributed,4,evt_01-P02_desk_work_surface_0009,c382bf27a410069c,native_source_context_fallback,wrist_confidence_below_floor,49951.3,2.6,,1,01/e1/v1,rtmpose_baseline
corpus_01,01.Candidate was found using a mobile phone in the examination hall..mkv,b842b03e5784d867e93770560d88150a526250df69077cd3065edbbd4c842098,dfine_sahi,55140.0,stationery,0.3164,400.38,699.78,427.79,716.99,471.6,27.41,17.21,1.593,False,,True,unattributed,4,evt_01-P02_desk_work_surface_0009,c382bf27a410069c,native_source_context_fallback,wrist_confidence_below_floor,49951.3,2.6,,1,01/e1/v1,rtmpose_baseline
corpus_01,01.Candidate was found using a mobile phone in the examination hall..mkv,b842b03e5784d867e93770560d88150a526250df69077cd3065edbbd4c842098,dfine_sahi,55140.0,unknown_object,0.3102,394.09,578.27,508.05,693.49,13129.7,113.96,115.22,0.989,False,,True,unattributed,4,evt_01-P02_desk_work_surface_0009,c382bf27a410069c,native_source_context_fallback,wrist_confidence_below_floor,49951.3,2.6,,1,01/e1/v1,rtmpose_baseline
corpus_01,01.Candidate was found using a mobile phone in the examination hall..mkv,b842b03e5784d867e93770560d88150a526250df69077cd3065edbbd4c842098,dfine_sahi,55140.0,unknown_object,0.2994,393.96,578.08,418.97,643.48,1636.0,25.01,65.4,0.382,False,,True,unattributed,4,evt_01-P02_desk_work_surface_0009,c382bf27a410069c,native_source_context_fallback,wrist_confidence_below_floor,49951.3,2.6,,1,01/e1/v1,rtmpose_baseline
corpus_01,01.Candidate was found using a mobile phone in the examination hall..mkv,b842b03e5784d867e93770560d88150a526250df69077cd3065edbbd4c842098,dfine_sahi,55140.0,stationery,0.2568,551.37,543.49,577.68,575.62,844.9,26.3,32.12,0.819,False,,True,unattributed,4,evt_01-P02_desk_work_surface_0009,c382bf27a410069c,native_source_context_fallback,wrist_confidence_below_floor,49951.3,2.6,,1,01/e1/v1,rtmpose_baseline
corpus_01,01.Candidate was found using a mobile phone in the examination hall..mkv,b842b03e5784d867e93770560d88150a526250df69077cd3065edbbd4c842098,dfine_sahi,55140.0,stationery,0.2565,487.5,542.18,576.67,594.65,4678.2,89.17,52.46,1.7,False,,True,unattributed,4,evt_01-P02_desk_work_surface_0009,c382bf27a410069c,native_source_context_fallback,wrist_confidence_below_floor,49951.3,2.6,,1,01/e1/v1,rtmpose_baseline
corpus_01,01.Candidate was found using a mobile phone in the examination hall..mkv,b842b03e5784d867e93770560d88150a526250df69077cd3065edbbd4c842098,dfine_sahi,55140.0,monitor_or_bezel,0.2564,541.57,471.07,596.79,516.48,2507.5,55.22,45.41,1.216,False,,True,unattributed,4,evt_01-P02_desk_work_surface_0009,c382bf27a410069c,native_source_context_fallback,wrist_confidence_below_floor,49951.3,2.6,,1,01/e1/v1,rtmpose_baseline
corpus_01,01.Candidate was found using a mobile phone in the examination hall..mkv,b842b03e5784d867e93770560d88150a526250df69077cd3065edbbd4c842098,dfine_sahi,55140.0,keyboard,0.2526,393.99,535.94,408.13,551.03,213.2,14.13,15.09,0.937,False,,True,unattributed,4,evt_01-P02_desk_work_surface_0009,c382bf27a410069c,native_source_context_fallback,wrist_confidence_below_floor,49951.3,2.6,,1,01/e1/v1,rtmpose_baseline
corpus_01,01.Candidate was found using a mobile phone in the examination hall..mkv,b842b03e5784d867e93770560d88150a526250df69077cd3065edbbd4c842098,dfine_sahi,55620.0,unknown_object,0.4461,765.08,634.56,783.83,677.01,796.0,18.75,42.45,0.442,False,,True,unattributed,4,evt_01-P01_desk_work_surface_0001,00494f6f7d030de8,pose_hand_context,,25659.6,3.23,,1,01/e1/v1,rtmpose_baseline
corpus_01,01.Candidate was found using a mobile phone in the examination hall..mkv,b842b03e5784d867e93770560d88150a526250df69077cd3065edbbd4c842098,dfine_sahi,55620.0,unknown_object,0.4081,780.98,624.06,864.19,719.24,7919.3,83.2,95.18,0.874,False,,True,unattributed,4,evt_01-P01_desk_work_surface_0001,00494f6f7d030de8,pose_hand_context,,25659.6,3.23,,1,01/e1/v1,rtmpose_baseline
corpus_01,01.Candidate was found using a mobile phone in the examination hall..mkv,b842b03e5784d867e93770560d88150a526250df69077cd3065edbbd4c842098,dfine_sahi,55620.0,unknown_object,0.3694,765.17,653.57,778.0,676.62,295.8,12.83,23.05,0.557,False,,True,unattributed,4,evt_01-P01_desk_work_surface_0001,00494f6f7d030de8,pose_hand_context,,25659.6,3.23,,1,01/e1/v1,rtmpose_baseline
corpus_01,01.Candidate was found using a mobile phone in the examination hall..mkv,b842b03e5784d867e93770560d88150a526250df69077cd3065edbbd4c842098,dfine_sahi,55620.0,mouse,0.2948,748.55,703.82,777.55,719.97,468.2,29.0,16.15,1.796,False,,True,unattributed,4,evt_01-P01_desk_work_surface_0001,00494f6f7d030de8,pose_hand_context,,25659.6,3.23,,1,01/e1/v1,rtmpose_baseline
corpus_01,01.Candidate was found using a mobile phone in the examination hall..mkv,b842b03e5784d867e93770560d88150a526250df69077cd3065edbbd4c842098,dfine_sahi,55620.0,unknown_object,0.2596,767.32,633.37,777.99,651.34,191.9,10.68,17.97,0.594,False,,True,unattributed,4,evt_01-P01_desk_work_surface_0001,00494f6f7d030de8,pose_hand_context,,25659.6,3.23,,1,01/e1/v1,rtmpose_baseline
corpus_01,01.Candidate was found using a mobile phone in the examination hall..mkv,b842b03e5784d867e93770560d88150a526250df69077cd3065edbbd4c842098,dfine_sahi,55620.0,stationery,0.6265,890.11,456.02,985.85,590.32,12856.6,95.73,134.3,0.713,False,,True,unattributed,1,evt_01-P01_desk_work_surface_0001,85ed2f58dac0cb02,native_source_context_fallback,wrist_confidence_below_floor,40377.8,2.67,,1,01/e1/v1,rtmpose_baseline
corpus_01,01.Candidate was found using a mobile phone in the examination hall..mkv,b842b03e5784d867e93770560d88150a526250df69077cd3065edbbd4c842098,dfine_sahi,55620.0,unknown_object,0.5972,890.77,456.16,1059.53,668.87,35898.0,168.76,212.71,0.793,False,,True,unattributed,1,evt_01-P01_desk_work_surface_0001,85ed2f58dac0cb02,native_source_context_fallback,wrist_confidence_below_floor,40377.8,2.67,,1,01/e1/v1,rtmpose_baseline
corpus_01,01.Candidate was found using a mobile phone in the examination hall..mkv,b842b03e5784d867e93770560d88150a526250df69077cd3065edbbd4c842098,dfine_sahi,55620.0,phone,0.5666,981.04,585.38,1059.89,695.66,8695.1,78.84,110.28,0.715,False,,True,unattributed,1,evt_01-P01_desk_work_surface_0001,85ed2f58dac0cb02,native_source_context_fallback,wrist_confidence_below_floor,40377.8,2.67,,1,01/e1/v1,rtmpose_baseline
corpus_01,01.Candidate was found using a mobile phone in the examination hall..mkv,b842b03e5784d867e93770560d88150a526250df69077cd3065edbbd4c842098,dfine_sahi,55620.0,unknown_object,0.3515,890.0,561.13,985.87,695.61,12893.1,95.88,134.48,0.713,False,,True,unattributed,1,evt_01-P01_desk_work_surface_0001,85ed2f58dac0cb02,native_source_context_fallback,wrist_confidence_below_floor,40377.8,2.67,,1,01/e1/v1,rtmpose_baseline
corpus_01,01.Candidate was found using a mobile phone in the examination hall..mkv,b842b03e5784d867e93770560d88150a526250df69077cd3065edbbd4c842098,dfine_sahi,55620.0,unknown_object,0.3414,1005.59,561.49,1059.93,614.33,2871.3,54.34,52.84,1.028,False,,True,unattributed,1,evt_01-P01_desk_work_surface_0001,85ed2f58dac0cb02,native_source_context_fallback,wrist_confidence_below_floor,40377.8,2.67,,1,01/e1/v1,rtmpose_baseline
corpus_01,01.Candidate was found using a mobile phone in the examination hall..mkv,b842b03e5784d867e93770560d88150a526250df69077cd3065edbbd4c842098,dfine_sahi,55620.0,bag,0.3091,919.01,507.83,985.91,590.78,5549.2,66.9,82.95,0.806,False,,True,unattributed,1,evt_01-P01_desk_work_surface_0001,85ed2f58dac0cb02,native_source_context_fallback,wrist_confidence_below_floor,40377.8,2.67,,1,01/e1/v1,rtmpose_baseline
corpus_01,01.Candidate was found using a mobile phone in the examination hall..mkv,b842b03e5784d867e93770560d88150a526250df69077cd3065edbbd4c842098,dfine_sahi,55620.0,unknown_object,0.2994,1033.68,575.52,1059.95,590.97,405.8,26.27,15.45,1.701,False,,True,unattributed,1,evt_01-P01_desk_work_surface_0001,85ed2f58dac0cb02,native_source_context_fallback,wrist_confidence_below_floor,40377.8,2.67,,1,01/e1/v1,rtmpose_baseline
corpus_01,01.Candidate was found using a mobile phone in the examination hall..mkv,b842b03e5784d867e93770560d88150a526250df69077cd3065edbbd4c842098,dfine_sahi,55620.0,unknown_object,0.2987,980.61,585.69,1059.95,695.65,8724.4,79.34,109.96,0.722,False,,True,unattributed,1,evt_01-P01_desk_work_surface_0001,85ed2f58dac0cb02,native_source_context_fallback,wrist_confidence_below_floor,40377.8,2.67,,1,01/e1/v1,rtmpose_baseline
corpus_01,01.Candidate was found using a mobile phone in the examination hall..mkv,b842b03e5784d867e93770560d88150a526250df69077cd3065edbbd4c842098,dfine_sahi,55620.0,unknown_object,0.289,925.51,456.13,1006.5,515.44,4803.5,80.98,59.31,1.365,False,,True,unattributed,1,evt_01-P01_desk_work_surface_0001,85ed2f58dac0cb02,native_source_context_fallback,wrist_confidence_below_floor,40377.8,2.67,,1,01/e1/v1,rtmpose_baseline
corpus_01,01.Candidate was found using a mobile phone in the examination hall..mkv,b842b03e5784d867e93770560d88150a526250df69077cd3065edbbd4c842098,dfine_sahi,55620.0,monitor_or_bezel,0.2693,964.3,585.11,1059.99,695.72,10583.3,95.68,110.61,0.865,False,,True,unattributed,1,evt_01-P01_desk_work_surface_0001,85ed2f58dac0cb02,native_source_context_fallback,wrist_confidence_below_floor,40377.8,2.67,,1,01/e1/v1,rtmpose_baseline
corpus_01,01.Candidate was found using a mobile phone in the examination hall..mkv,b842b03e5784d867e93770560d88150a526250df69077cd3065edbbd4c842098,dfine_sahi,55620.0,stationery,0.2571,912.66,456.19,957.69,544.96,3996.9,45.03,88.77,0.507,False,,True,unattributed,1,evt_01-P01_desk_work_surface_0001,85ed2f58dac0cb02,native_source_context_fallback,wrist_confidence_below_floor,40377.8,2.67,,1,01/e1/v1,rtmpose_baseline
corpus_01,01.Candidate was found using a mobile phone in the examination hall..mkv,b842b03e5784d867e93770560d88150a526250df69077cd3065edbbd4c842098,dfine_sahi,55620.0,unknown_object,0.4861,651.03,406.04,693.89,488.87,3549.9,42.86,82.83,0.517,False,,True,unattributed,2,evt_01-P01_desk_work_surface_0001,afd934de3ca2e11f,pose_hand_context,,2304.0,13.33,,1,01/e1/v1,rtmpose_baseline
corpus_01,01.Candidate was found using a mobile phone in the examination hall..mkv,b842b03e5784d867e93770560d88150a526250df69077cd3065edbbd4c842098,dfine_sahi,55620.0,unknown_object,0.3727,650.96,394.27,746.94,489.09,9101.3,95.99,94.82,1.012,False,,True,unattributed,2,evt_01-P01_desk_work_surface_0001,afd934de3ca2e11f,pose_hand_context,,2304.0,13.33,,1,01/e1/v1,rtmpose_baseline
corpus_01,01.Candidate was found using a mobile phone in the examination hall..mkv,b842b03e5784d867e93770560d88150a526250df69077cd3065edbbd4c842098,dfine_sahi,55620.0,unknown_object,0.3126,664.65,394.07,733.85,452.07,4013.6,69.2,58.0,1.193,False,,True,unattributed,2,evt_01-P01_desk_work_surface_0001,afd934de3ca2e11f,pose_hand_context,,2304.0,13.33,,1,01/e1/v1,rtmpose_baseline
corpus_01,01.Candidate was found using a mobile phone in the examination hall..mkv,b842b03e5784d867e93770560d88150a526250df69077cd3065edbbd4c842098,dfine_sahi,55620.0,unknown_object,0.3108,693.1,419.36,713.89,441.4,458.4,20.8,22.04,0.944,False,,True,unattributed,2,evt_01-P01_desk_work_surface_0001,afd934de3ca2e11f,pose_hand_context,,2304.0,13.33,,1,01/e1/v1,rtmpose_baseline
corpus_01,01.Candidate was found using a mobile phone in the examination hall..mkv,b842b03e5784d867e93770560d88150a526250df69077cd3065edbbd4c842098,dfine_sahi,55620.0,unknown_object,0.3088,715.03,397.83,746.96,488.89,2907.9,31.93,91.07,0.351,False,,True,unattributed,2,evt_01-P01_desk_work_surface_0001,afd934de3ca2e11f,pose_hand_context,,2304.0,13.33,,1,01/e1/v1,rtmpose_baseline
corpus_01,01.Candidate was found using a mobile phone in the examination hall..mkv,b842b03e5784d867e93770560d88150a526250df69077cd3065edbbd4c842098,dfine_sahi,55660.0,unknown_object,0.7231,664.55,382.06,723.09,441.78,3495.7,58.54,59.72,0.98,False,,True,unattributed,2,evt_01-P02_upper_body_0011,14c04e253527aee7,native_source_context_fallback,wrist_confidence_below_floor,16381.1,3.5,,1,01/e1/v1,rtmpose_baseline
corpus_01,01.Candidate was found using a mobile phone in the examination hall..mkv,b842b03e5784d867e93770560d88150a526250df69077cd3065edbbd4c842098,dfine_sahi,55660.0,mouse,0.7028,639.44,368.91,660.18,377.41,176.4,20.74,8.51,2.438,False,,True,unattributed,2,evt_01-P02_upper_body_0011,14c04e253527aee7,native_source_context_fallback,wrist_confidence_below_floor,16381.1,3.5,,1,01/e1/v1,rtmpose_baseline
corpus_01,01.Candidate was found using a mobile phone in the examination hall..mkv,b842b03e5784d867e93770560d88150a526250df69077cd3065edbbd4c842098,dfine_sahi,55660.0,unknown_object,0.552,722.0,370.24,746.11,430.33,1448.9,24.11,60.09,0.401,False,,True,unattributed,2,evt_01-P02_upper_body_0011,14c04e253527aee7,native_source_context_fallback,wrist_confidence_below_floor,16381.1,3.5,,1,01/e1/v1,rtmpose_baseline
corpus_01,01.Candidate was found using a mobile phone in the examination hall..mkv,b842b03e5784d867e93770560d88150a526250df69077cd3065edbbd4c842098,dfine_sahi,55660.0,unknown_object,0.5295,668.95,407.16,694.23,484.42,1953.4,25.28,77.26,0.327,False,,True,unattributed,2,evt_01-P02_upper_body_0011,14c04e253527aee7,native_source_context_fallback,wrist_confidence_below_floor,16381.1,3.5,,1,01/e1/v1,rtmpose_baseline
corpus_01,01.Candidate was found using a mobile phone in the examination hall..mkv,b842b03e5784d867e93770560d88150a526250df69077cd3065edbbd4c842098,dfine_sahi,55660.0,unknown_object,0.5133,669.04,382.24,744.47,483.98,7675.1,75.44,101.74,0.741,False,,True,unattributed,2,evt_01-P02_upper_body_0011,14c04e253527aee7,native_source_context_fallback,wrist_confidence_below_floor,16381.1,3.5,,1,01/e1/v1,rtmpose_baseline
corpus_01,01.Candidate was found using a mobile phone in the examination hall..mkv,b842b03e5784d867e93770560d88150a526250df69077cd3065edbbd4c842098,dfine_sahi,55660.0,unknown_object,0.5117,633.66,406.48,694.52,484.54,4750.8,60.86,78.06,0.78,False,,True,unattributed,2,evt_01-P02_upper_body_0011,14c04e253527aee7,native_source_context_fallback,wrist_confidence_below_floor,16381.1,3.5,,1,01/e1/v1,rtmpose_baseline
corpus_01,01.Candidate was found using a mobile phone in the examination hall..mkv,b842b03e5784d867e93770560d88150a526250df69077cd3065edbbd4c842098,dfine_sahi,55660.0,unknown_object,0.4953,710.35,341.26,733.97,364.68,553.1,23.62,23.42,1.008,False,,True,unattributed,2,evt_01-P02_upper_body_0011,14c04e253527aee7,native_source_context_fallback,wrist_confidence_below_floor,16381.1,3.5,,1,01/e1/v1,rtmpose_baseline
corpus_01,01.Candidate was found using a mobile phone in the examination hall..mkv,b842b03e5784d867e93770560d88150a526250df69077cd3065edbbd4c842098,dfine_sahi,55660.0,unknown_object,0.4403,629.98,364.89,671.74,404.84,1668.3,41.76,39.95,1.045,False,,True,unattributed,2,evt_01-P02_upper_body_0011,14c04e253527aee7,native_source_context_fallback,wrist_confidence_below_floor,16381.1,3.5,,1,01/e1/v1,rtmpose_baseline
corpus_01,01.Candidate was found using a mobile phone in the examination hall..mkv,b842b03e5784d867e93770560d88150a526250df69077cd3065edbbd4c842098,dfine_sahi,55660.0,unknown_object,0.3996,649.87,363.13,671.68,422.34,1291.4,21.81,59.21,0.368,False,,True,unattributed,2,evt_01-P02_upper_body_0011,14c04e253527aee7,native_source_context_fallback,wrist_confidence_below_floor,16381.1,3.5,,1,01/e1/v1,rtmpose_baseline
corpus_01,01.Candidate was found using a mobile phone in the examination hall..mkv,b842b03e5784d867e93770560d88150a526250df69077cd3065edbbd4c842098,dfine_sahi,55660.0,unknown_object,0.391,629.94,382.05,669.29,453.98,2830.3,39.35,71.92,0.547,False,,True,unattributed,2,evt_01-P02_upper_body_0011,14c04e253527aee7,native_source_context_fallback,wrist_confidence_below_floor,16381.1,3.5,,1,01/e1/v1,rtmpose_baseline
corpus_01,01.Candidate was found using a mobile phone in the examination hall..mkv,b842b03e5784d867e93770560d88150a526250df69077cd3065edbbd4c842098,dfine_sahi,55660.0,unknown_object,0.3723,693.28,408.61,720.1,441.72,888.1,26.82,33.11,0.81,False,,True,unattributed,2,evt_01-P02_upper_body_0011,14c04e253527aee7,native_source_context_fallback,wrist_confidence_below_floor,16381.1,3.5,,1,01/e1/v1,rtmpose_baseline
corpus_01,01.Candidate was found using a mobile phone in the examination hall..mkv,b842b03e5784d867e93770560d88150a526250df69077cd3065edbbd4c842098,dfine_sahi,55660.0,unknown_object,0.3576,711.76,302.19,765.08,404.23,5441.8,53.33,102.04,0.523,False,,True,unattributed,2,evt_01-P02_upper_body_0011,14c04e253527aee7,native_source_context_fallback,wrist_confidence_below_floor,16381.1,3.5,,1,01/e1/v1,rtmpose_baseline
corpus_01,01.Candidate was found using a mobile phone in the examination hall..mkv,b842b03e5784d867e93770560d88150a526250df69077cd3065edbbd4c842098,dfine_sahi,55660.0,unknown_object,0.3401,722.34,369.26,756.46,404.71,1209.6,34.12,35.45,0.963,False,,True,unattributed,2,evt_01-P02_upper_body_0011,14c04e253527aee7,native_source_context_fallback,wrist_confidence_below_floor,16381.1,3.5,,1,01/e1/v1,rtmpose_baseline
corpus_01,01.Candidate was found using a mobile phone in the examination hall..mkv,b842b03e5784d867e93770560d88150a526250df69077cd3065edbbd4c842098,dfine_sahi,55660.0,unknown_object,0.3213,649.93,368.78,660.48,377.62,93.2,10.55,8.84,1.193,True,object footprint 93 px is under the 120 px floor for a call,False,unattributed,2,evt_01-P02_upper_body_0011,14c04e253527aee7,native_source_context_fallback,wrist_confidence_below_floor,16381.1,3.5,,1,01/e1/v1,rtmpose_baseline
corpus_01,01.Candidate was found using a mobile phone in the examination hall..mkv,b842b03e5784d867e93770560d88150a526250df69077cd3065edbbd4c842098,dfine_sahi,55660.0,unknown_object,0.2771,693.32,407.56,743.36,455.87,2417.0,50.04,48.3,1.036,False,,True,unattributed,2,evt_01-P02_upper_body_0011,14c04e253527aee7,native_source_context_fallback,wrist_confidence_below_floor,16381.1,3.5,,1,01/e1/v1,rtmpose_baseline
corpus_01,01.Candidate was found using a mobile phone in the examination hall..mkv,b842b03e5784d867e93770560d88150a526250df69077cd3065edbbd4c842098,dfine_sahi,55660.0,unknown_object,0.2652,629.74,317.9,726.2,404.91,8393.0,96.46,87.01,1.109,False,,True,unattributed,2,evt_01-P02_upper_body_0011,14c04e253527aee7,native_source_context_fallback,wrist_confidence_below_floor,16381.1,3.5,,1,01/e1/v1,rtmpose_baseline
corpus_01,01.Candidate was found using a mobile phone in the examination hall..mkv,b842b03e5784d867e93770560d88150a526250df69077cd3065edbbd4c842098,dfine_sahi,55660.0,unknown_object,0.5111,778.0,647.17,793.91,675.27,447.3,15.92,28.1,0.566,False,,True,unattributed,4,evt_01-P02_upper_body_0011,2fcf37e7bc43b658,pose_hand_context,,13573.5,4.65,,1,01/e1/v1,rtmpose_baseline
corpus_01,01.Candidate was found using a mobile phone in the examination hall..mkv,b842b03e5784d867e93770560d88150a526250df69077cd3065edbbd4c842098,dfine_sahi,55660.0,phone,0.4418,778.36,647.32,795.7,675.18,483.1,17.34,27.87,0.622,False,,True,unattributed,4,evt_01-P02_upper_body_0011,2fcf37e7bc43b658,pose_hand_context,,13573.5,4.65,,1,01/e1/v1,rtmpose_baseline
corpus_01,01.Candidate was found using a mobile phone in the examination hall..mkv,b842b03e5784d867e93770560d88150a526250df69077cd3065edbbd4c842098,dfine_sahi,55660.0,mouse,0.2741,750.63,704.06,784.31,719.72,527.2,33.68,15.65,2.151,False,,True,unattributed,4,evt_01-P02_upper_body_0011,2fcf37e7bc43b658,pose_hand_context,,13573.5,4.65,,1,01/e1/v1,rtmpose_baseline
corpus_01,01.Candidate was found using a mobile phone in the examination hall..mkv,b842b03e5784d867e93770560d88150a526250df69077cd3065edbbd4c842098,dfine_sahi,55660.0,phone,0.5209,981.25,585.4,1060.01,693.62,8523.6,78.76,108.22,0.728,False,,True,unattributed,1,evt_01-P02_upper_body_0011,73c0caac6b078721,native_source_context_fallback,wrist_confidence_below_floor,40114.3,2.68,,1,01/e1/v1,rtmpose_baseline
corpus_01,01.Candidate was found using a mobile phone in the examination hall..mkv,b842b03e5784d867e93770560d88150a526250df69077cd3065edbbd4c842098,dfine_sahi,55660.0,stationery,0.4991,891.25,456.04,986.91,589.54,12770.0,95.66,133.5,0.717,False,,True,unattributed,1,evt_01-P02_upper_body_0011,73c0caac6b078721,native_source_context_fallback,wrist_confidence_below_floor,40114.3,2.68,,1,01/e1/v1,rtmpose_baseline
corpus_01,01.Candidate was found using a mobile phone in the examination hall..mkv,b842b03e5784d867e93770560d88150a526250df69077cd3065edbbd4c842098,dfine_sahi,55660.0,unknown_object,0.4961,891.71,456.15,1059.46,666.76,35329.0,167.75,210.6,0.797,False,,True,unattributed,1,evt_01-P02_upper_body_0011,73c0caac6b078721,native_source_context_fallback,wrist_confidence_below_floor,40114.3,2.68,,1,01/e1/v1,rtmpose_baseline
corpus_01,01.Candidate was found using a mobile phone in the examination hall..mkv,b842b03e5784d867e93770560d88150a526250df69077cd3065edbbd4c842098,dfine_sahi,55660.0,monitor_or_bezel,0.4686,980.6,586.14,1059.97,693.65,8533.1,79.37,107.51,0.738,False,,True,unattributed,1,evt_01-P02_upper_body_0011,73c0caac6b078721,native_source_context_fallback,wrist_confidence_below_floor,40114.3,2.68,,1,01/e1/v1,rtmpose_baseline
corpus_01,01.Candidate was found using a mobile phone in the examination hall..mkv,b842b03e5784d867e93770560d88150a526250df69077cd3065edbbd4c842098,dfine_sahi,55660.0,stationery,0.4238,890.71,560.11,937.24,667.82,5012.0,46.53,107.72,0.432,False,,True,unattributed,1,evt_01-P02_upper_body_0011,73c0caac6b078721,native_source_context_fallback,wrist_confidence_below_floor,40114.3,2.68,,1,01/e1/v1,rtmpose_baseline
corpus_01,01.Candidate was found using a mobile phone in the examination hall..mkv,b842b03e5784d867e93770560d88150a526250df69077cd3065edbbd4c842098,dfine_sahi,55660.0,unknown_object,0.3891,1033.45,575.56,1060.07,589.98,383.6,26.62,14.41,1.847,False,,True,unattributed,1,evt_01-P02_upper_body_0011,73c0caac6b078721,native_source_context_fallback,wrist_confidence_below_floor,40114.3,2.68,,1,01/e1/v1,rtmpose_baseline
corpus_01,01.Candidate was found using a mobile phone in the examination hall..mkv,b842b03e5784d867e93770560d88150a526250df69077cd3065edbbd4c842098,dfine_sahi,55660.0,bag,0.3855,918.42,507.48,987.06,589.81,5650.9,68.64,82.32,0.834,False,,True,unattributed,1,evt_01-P02_upper_body_0011,73c0caac6b078721,native_source_context_fallback,wrist_confidence_below_floor,40114.3,2.68,,1,01/e1/v1,rtmpose_baseline
corpus_01,01.Candidate was found using a mobile phone in the examination hall..mkv,b842b03e5784d867e93770560d88150a526250df69077cd3065edbbd4c842098,dfine_sahi,55660.0,unknown_object,0.3837,925.42,456.13,1006.41,515.05,4772.4,81.0,58.92,1.375,False,,True,unattributed,1,evt_01-P02_upper_body_0011,73c0caac6b078721,native_source_context_fallback,wrist_confidence_below_floor,40114.3,2.68,,1,01/e1/v1,rtmpose_baseline
corpus_01,01.Candidate was found using a mobile phone in the examination hall..mkv,b842b03e5784d867e93770560d88150a526250df69077cd3065edbbd4c842098,dfine_sahi,55660.0,unknown_object,0.3173,1005.04,560.61,1060.07,614.02,2938.8,55.02,53.41,1.03,False,,True,unattributed,1,evt_01-P02_upper_body_0011,73c0caac6b078721,native_source_context_fallback,wrist_confidence_below_floor,40114.3,2.68,,1,01/e1/v1,rtmpose_baseline
corpus_01,01.Candidate was found using a mobile phone in the examination hall..mkv,b842b03e5784d867e93770560d88150a526250df69077cd3065edbbd4c842098,dfine_sahi,55660.0,unknown_object,0.3143,890.87,456.07,987.57,589.77,12927.6,96.7,133.69,0.723,False,,True,unattributed,1,evt_01-P02_upper_body_0011,73c0caac6b078721,native_source_context_fallback,wrist_confidence_below_floor,40114.3,2.68,,1,01/e1/v1,rtmpose_baseline
corpus_01,01.Candidate was found using a mobile phone in the examination hall..mkv,b842b03e5784d867e93770560d88150a526250df69077cd3065edbbd4c842098,dfine_sahi,55660.0,unknown_object,0.2727,892.13,456.23,934.76,601.02,6172.1,42.63,144.79,0.294,False,,True,unattributed,1,evt_01-P02_upper_body_0011,73c0caac6b078721,native_source_context_fallback,wrist_confidence_below_floor,40114.3,2.68,,1,01/e1/v1,rtmpose_baseline
corpus_01,01.Candidate was found using a mobile phone in the examination hall..mkv,b842b03e5784d867e93770560d88150a526250df69077cd3065edbbd4c842098,dfine_sahi,55660.0,unknown_object,0.2618,981.03,560.94,1060.07,693.56,10482.3,79.04,132.62,0.596,False,,True,unattributed,1,evt_01-P02_upper_body_0011,73c0caac6b078721,native_source_context_fallback,wrist_confidence_below_floor,40114.3,2.68,,1,01/e1/v1,rtmpose_baseline
corpus_01,01.Candidate was found using a mobile phone in the examination hall..mkv,b842b03e5784d867e93770560d88150a526250df69077cd3065edbbd4c842098,dfine_sahi,56140.0,unknown_object,0.3749,726.94,699.84,788.78,719.52,1216.9,61.84,19.68,3.142,False,,True,unattributed,4,evt_01-P02_desk_work_surface_0009,4ceb5237975ea359,pose_hand_context,,47475.8,2.8,,1,01/e1/v1,rtmpose_baseline
corpus_01,01.Candidate was found using a mobile phone in the examination hall..mkv,b842b03e5784d867e93770560d88150a526250df69077cd3065edbbd4c842098,dfine_sahi,56140.0,unknown_object,0.3634,683.03,512.34,745.8,585.37,4584.2,62.77,73.03,0.86,False,,True,unattributed,4,evt_01-P02_desk_work_surface_0009,4ceb5237975ea359,pose_hand_context,,47475.8,2.8,,1,01/e1/v1,rtmpose_baseline
corpus_01,01.Candidate was found using a mobile phone in the examination hall..mkv,b842b03e5784d867e93770560d88150a526250df69077cd3065edbbd4c842098,dfine_sahi,56140.0,unknown_object,0.3599,726.97,677.99,807.86,719.07,3322.9,80.89,41.08,1.969,False,,True,unattributed,4,evt_01-P02_desk_work_surface_0009,4ceb5237975ea359,pose_hand_context,,47475.8,2.8,,1,01/e1/v1,rtmpose_baseline
corpus_01,01.Candidate was found using a mobile phone in the examination hall..mkv,b842b03e5784d867e93770560d88150a526250df69077cd3065edbbd4c842098,dfine_sahi,56140.0,unknown_object,0.3559,656.0,576.85,699.42,628.1,2225.3,43.42,51.25,0.847,False,,True,unattributed,4,evt_01-P02_desk_work_surface_0009,4ceb5237975ea359,pose_hand_context,,47475.8,2.8,,1,01/e1/v1,rtmpose_baseline
corpus_01,01.Candidate was found using a mobile phone in the examination hall..mkv,b842b03e5784d867e93770560d88150a526250df69077cd3065edbbd4c842098,dfine_sahi,56140.0,unknown_object,0.3241,655.97,512.75,789.75,645.56,17767.8,133.78,132.82,1.007,False,,True,unattributed,4,evt_01-P02_desk_work_surface_0009,4ceb5237975ea359,pose_hand_context,,47475.8,2.8,,1,01/e1/v1,rtmpose_baseline
corpus_01,01.Candidate was found using a mobile phone in the examination hall..mkv,b842b03e5784d867e93770560d88150a526250df69077cd3065edbbd4c842098,dfine_sahi,56140.0,unknown_object,0.2956,655.99,576.98,699.25,598.6,935.0,43.26,21.61,2.002,False,,True,unattributed,4,evt_01-P02_desk_work_surface_0009,4ceb5237975ea359,pose_hand_context,,47475.8,2.8,,1,01/e1/v1,rtmpose_baseline
corpus_01,01.Candidate was found using a mobile phone in the examination hall..mkv,b842b03e5784d867e93770560d88150a526250df69077cd3065edbbd4c842098,dfine_sahi,56140.0,unknown_object,0.2595,699.92,530.66,789.67,585.74,4944.3,89.76,55.08,1.629,False,,True,unattributed,4,evt_01-P02_desk_work_surface_0009,4ceb5237975ea359,pose_hand_context,,47475.8,2.8,,1,01/e1/v1,rtmpose_baseline
corpus_01,01.Candidate was found using a mobile phone in the examination hall..mkv,b842b03e5784d867e93770560d88150a526250df69077cd3065edbbd4c842098,dfine_sahi,56140.0,unknown_object,0.545,990.9,580.08,1082.93,642.6,5754.0,92.03,62.52,1.472,False,,True,unattributed,1,evt_01-P02_desk_work_surface_0009,9fc00bffaa72b25b,pose_hand_context,,8975.7,6.76,,1,01/e1/v1,rtmpose_baseline
corpus_01,01.Candidate was found using a mobile phone in the examination hall..mkv,b842b03e5784d867e93770560d88150a526250df69077cd3065edbbd4c842098,dfine_sahi,56140.0,unknown_object,0.5128,1035.79,573.35,1061.24,594.99,550.6,25.44,21.64,1.176,False,,True,unattributed,1,evt_01-P02_desk_work_surface_0009,9fc00bffaa72b25b,pose_hand_context,,8975.7,6.76,,1,01/e1/v1,rtmpose_baseline
corpus_01,01.Candidate was found using a mobile phone in the examination hall..mkv,b842b03e5784d867e93770560d88150a526250df69077cd3065edbbd4c842098,dfine_sahi,56140.0,unknown_object,0.374,1007.08,526.13,1102.95,621.49,9141.7,95.87,95.35,1.005,False,,True,unattributed,1,evt_01-P02_desk_work_surface_0009,9fc00bffaa72b25b,pose_hand_context,,8975.7,6.76,,1,01/e1/v1,rtmpose_baseline
corpus_01,01.Candidate was found using a mobile phone in the examination hall..mkv,b842b03e5784d867e93770560d88150a526250df69077cd3065edbbd4c842098,dfine_sahi,56140.0,unknown_object,0.3623,1002.6,573.31,1061.68,621.28,2834.3,59.08,47.97,1.231,False,,True,unattributed,1,evt_01-P02_desk_work_surface_0009,9fc00bffaa72b25b,pose_hand_context,,8975.7,6.76,,1,01/e1/v1,rtmpose_baseline
corpus_01,01.Candidate was found using a mobile phone in the examination hall..mkv,b842b03e5784d867e93770560d88150a526250df69077cd3065edbbd4c842098,dfine_sahi,56140.0,unknown_object,0.3569,1007.13,637.83,1053.48,662.55,1145.5,46.35,24.72,1.875,False,,True,unattributed,1,evt_01-P02_desk_work_surface_0009,9fc00bffaa72b25b,pose_hand_context,,8975.7,6.76,,1,01/e1/v1,rtmpose_baseline
corpus_01,01.Candidate was found using a mobile phone in the examination hall..mkv,b842b03e5784d867e93770560d88150a526250df69077cd3065edbbd4c842098,dfine_sahi,56140.0,unknown_object,0.3517,1079.58,629.59,1101.55,660.3,674.9,21.97,30.71,0.715,False,,True,unattributed,1,evt_01-P02_desk_work_surface_0009,9fc00bffaa72b25b,pose_hand_context,,8975.7,6.76,,1,01/e1/v1,rtmpose_baseline
corpus_01,01.Candidate was found using a mobile phone in the examination hall..mkv,b842b03e5784d867e93770560d88150a526250df69077cd3065edbbd4c842098,dfine_sahi,56140.0,unknown_object,0.3506,966.04,566.99,1061.99,662.67,9180.8,95.95,95.68,1.003,False,,True,unattributed,1,evt_01-P02_desk_work_surface_0009,9fc00bffaa72b25b,pose_hand_context,,8975.7,6.76,,1,01/e1/v1,rtmpose_baseline
corpus_01,01.Candidate was found using a mobile phone in the examination hall..mkv,b842b03e5784d867e93770560d88150a526250df69077cd3065edbbd4c842098,dfine_sahi,56140.0,unknown_object,0.3387,1007.04,526.06,1046.6,571.52,1798.5,39.56,45.46,0.87,False,,True,unattributed,1,evt_01-P02_desk_work_surface_0009,9fc00bffaa72b25b,pose_hand_context,,8975.7,6.76,,1,01/e1/v1,rtmpose_baseline
corpus_01,01.Candidate was found using a mobile phone in the examination hall..mkv,b842b03e5784d867e93770560d88150a526250df69077cd3065edbbd4c842098,dfine_sahi,56140.0,unknown_object,0.3083,1007.01,567.04,1014.01,598.61,221.2,7.01,31.56,0.222,False,,True,unattributed,1,evt_01-P02_desk_work_surface_0009,9fc00bffaa72b25b,pose_hand_context,,8975.7,6.76,,1,01/e1/v1,rtmpose_baseline
corpus_01,01.Candidate was found using a mobile phone in the examination hall..mkv,b842b03e5784d867e93770560d88150a526250df69077cd3065edbbd4c842098,dfine_sahi,56140.0,unknown_object,0.2806,1006.99,595.85,1024.16,607.16,194.0,17.16,11.31,1.518,False,,True,unattributed,1,evt_01-P02_desk_work_surface_0009,9fc00bffaa72b25b,pose_hand_context,,8975.7,6.76,,1,01/e1/v1,rtmpose_baseline
corpus_01,01.Candidate was found using a mobile phone in the examination hall..mkv,b842b03e5784d867e93770560d88150a526250df69077cd3065edbbd4c842098,dfine_sahi,56140.0,unknown_object,0.5033,652.01,406.1,694.26,490.04,3547.0,42.25,83.94,0.503,False,,True,unattributed,5,evt_01-P02_desk_work_surface_0009,a0e6126e98ed7f44,pose_hand_context,,2304.0,13.33,,1,01/e1/v1,rtmpose_baseline
corpus_01,01.Candidate was found using a mobile phone in the examination hall..mkv,b842b03e5784d867e93770560d88150a526250df69077cd3065edbbd4c842098,dfine_sahi,56140.0,unknown_object,0.4883,661.84,395.06,746.96,488.18,7926.2,85.12,93.12,0.914,False,,True,unattributed,5,evt_01-P02_desk_work_surface_0009,a0e6126e98ed7f44,pose_hand_context,,2304.0,13.33,,1,01/e1/v1,rtmpose_baseline
corpus_01,01.Candidate was found using a mobile phone in the examination hall..mkv,b842b03e5784d867e93770560d88150a526250df69077cd3065edbbd4c842098,dfine_sahi,56140.0,unknown_object,0.3991,690.78,451.58,735.53,486.85,1578.5,44.75,35.28,1.268,False,,True,unattributed,5,evt_01-P02_desk_work_surface_0009,a0e6126e98ed7f44,pose_hand_context,,2304.0,13.33,,1,01/e1/v1,rtmpose_baseline
corpus_01,01.Candidate was found using a mobile phone in the examination hall..mkv,b842b03e5784d867e93770560d88150a526250df69077cd3065edbbd4c842098,dfine_sahi,56140.0,unknown_object,0.3403,693.53,417.1,722.47,451.97,1009.4,28.94,34.87,0.83,False,,True,unattributed,5,evt_01-P02_desk_work_surface_0009,a0e6126e98ed7f44,pose_hand_context,,2304.0,13.33,,1,01/e1/v1,rtmpose_baseline
corpus_01,01.Candidate was found using a mobile phone in the examination hall..mkv,b842b03e5784d867e93770560d88150a526250df69077cd3065edbbd4c842098,dfine_sahi,56620.0,unknown_object,0.6811,698.79,495.2,757.27,584.98,5250.3,58.48,89.78,0.651,False,,True,unattributed,4,evt_01-P01_desk_work_surface_0001,10fdd921eb491ef3,pose_hand_context,,54125.7,2.66,,1,01/e1/v1,rtmpose_baseline
corpus_01,01.Candidate was found using a mobile phone in the examination hall..mkv,b842b03e5784d867e93770560d88150a526250df69077cd3065edbbd4c842098,dfine_sahi,56620.0,unknown_object,0.5751,674.99,576.78,700.64,645.63,1765.9,25.65,68.85,0.373,False,,True,unattributed,4,evt_01-P01_desk_work_surface_0001,10fdd921eb491ef3,pose_hand_context,,54125.7,2.66,,1,01/e1/v1,rtmpose_baseline
corpus_01,01.Candidate was found using a mobile phone in the examination hall..mkv,b842b03e5784d867e93770560d88150a526250df69077cd3065edbbd4c842098,dfine_sahi,56620.0,bag,0.4921,727.08,700.18,788.51,719.8,1205.6,61.43,19.63,3.13,False,,True,unattributed,4,evt_01-P01_desk_work_surface_0001,10fdd921eb491ef3,pose_hand_context,,54125.7,2.66,,1,01/e1/v1,rtmpose_baseline
corpus_01,01.Candidate was found using a mobile phone in the examination hall..mkv,b842b03e5784d867e93770560d88150a526250df69077cd3065edbbd4c842098,dfine_sahi,56620.0,bag,0.3973,727.07,668.09,824.97,719.16,4999.6,97.9,51.07,1.917,False,,True,unattributed,4,evt_01-P01_desk_work_surface_0001,10fdd921eb491ef3,pose_hand_context,,54125.7,2.66,,1,01/e1/v1,rtmpose_baseline
corpus_01,01.Candidate was found using a mobile phone in the examination hall..mkv,b842b03e5784d867e93770560d88150a526250df69077cd3065edbbd4c842098,dfine_sahi,56620.0,unknown_object,0.3586,779.97,668.85,825.12,719.47,2285.6,45.15,50.62,0.892,False,,True,unattributed,4,evt_01-P01_desk_work_surface_0001,10fdd921eb491ef3,pose_hand_context,,54125.7,2.66,,1,01/e1/v1,rtmpose_baseline
corpus_01,01.Candidate was found using a mobile phone in the examination hall..mkv,b842b03e5784d867e93770560d88150a526250df69077cd3065edbbd4c842098,dfine_sahi,56620.0,phone,0.3174,813.79,650.78,825.62,666.73,188.7,11.83,15.95,0.742,False,,True,unattributed,4,evt_01-P01_desk_work_surface_0001,10fdd921eb491ef3,pose_hand_context,,54125.7,2.66,,1,01/e1/v1,rtmpose_baseline
corpus_01,01.Candidate was found using a mobile phone in the examination hall..mkv,b842b03e5784d867e93770560d88150a526250df69077cd3065edbbd4c842098,dfine_sahi,56620.0,unknown_object,0.3022,792.23,517.01,824.3,613.17,3083.2,32.06,96.16,0.333,False,,True,unattributed,4,evt_01-P01_desk_work_surface_0001,10fdd921eb491ef3,pose_hand_context,,54125.7,2.66,,1,01/e1/v1,rtmpose_baseline
corpus_01,01.Candidate was found using a mobile phone in the examination hall..mkv,b842b03e5784d867e93770560d88150a526250df69077cd3065edbbd4c842098,dfine_sahi,56620.0,unknown_object,0.2939,674.98,615.59,700.38,645.75,765.8,25.4,30.15,0.842,False,,True,unattributed,4,evt_01-P01_desk_work_surface_0001,10fdd921eb491ef3,pose_hand_context,,54125.7,2.66,,1,01/e1/v1,rtmpose_baseline
corpus_01,01.Candidate was found using a mobile phone in the examination hall..mkv,b842b03e5784d867e93770560d88150a526250df69077cd3065edbbd4c842098,dfine_sahi,56620.0,unknown_object,0.2781,792.01,516.71,914.68,619.63,12625.2,122.67,102.92,1.192,False,,True,unattributed,4,evt_01-P01_desk_work_surface_0001,10fdd921eb491ef3,pose_hand_context,,54125.7,2.66,,1,01/e1/v1,rtmpose_baseline
corpus_01,01.Candidate was found using a mobile phone in the examination hall..mkv,b842b03e5784d867e93770560d88150a526250df69077cd3065edbbd4c842098,dfine_sahi,56620.0,mouse,0.8251,639.58,368.87,660.27,377.54,179.3,20.68,8.67,2.386,False,,True,unattributed,5,evt_01-P01_desk_work_surface_0001,5d708bed411ddbd4,native_source_context_fallback,wrist_confidence_below_floor,17350.1,3.44,,1,01/e1/v1,rtmpose_baseline
corpus_01,01.Candidate was found using a mobile phone in the examination hall..mkv,b842b03e5784d867e93770560d88150a526250df69077cd3065edbbd4c842098,dfine_sahi,56620.0,unknown_object,0.8111,650.01,406.76,745.56,489.55,7909.9,95.54,82.79,1.154,False,,True,unattributed,5,evt_01-P01_desk_work_surface_0001,5d708bed411ddbd4,native_source_context_fallback,wrist_confidence_below_floor,17350.1,3.44,,1,01/e1/v1,rtmpose_baseline
corpus_01,01.Candidate was found using a mobile phone in the examination hall..mkv,b842b03e5784d867e93770560d88150a526250df69077cd3065edbbd4c842098,dfine_sahi,56620.0,unknown_object,0.5764,662.48,385.05,725.91,455.28,4454.0,63.42,70.22,0.903,False,,True,unattributed,5,evt_01-P01_desk_work_surface_0001,5d708bed411ddbd4,native_source_context_fallback,wrist_confidence_below_floor,17350.1,3.44,,1,01/e1/v1,rtmpose_baseline
corpus_01,01.Candidate was found using a mobile phone in the examination hall..mkv,b842b03e5784d867e93770560d88150a526250df69077cd3065edbbd4c842098,dfine_sahi,56620.0,bag,0.574,632.0,406.55,695.04,489.59,5234.2,63.04,83.04,0.759,False,,True,unattributed,5,evt_01-P01_desk_work_surface_0001,5d708bed411ddbd4,native_source_context_fallback,wrist_confidence_below_floor,17350.1,3.44,,1,01/e1/v1,rtmpose_baseline
corpus_01,01.Candidate was found using a mobile phone in the examination hall..mkv,b842b03e5784d867e93770560d88150a526250df69077cd3065edbbd4c842098,dfine_sahi,56620.0,unknown_object,0.5227,629.92,365.1,667.97,407.8,1625.1,38.06,42.7,0.891,False,,True,unattributed,5,evt_01-P01_desk_work_surface_0001,5d708bed411ddbd4,native_source_context_fallback,wrist_confidence_below_floor,17350.1,3.44,,1,01/e1/v1,rtmpose_baseline
corpus_01,01.Candidate was found using a mobile phone in the examination hall..mkv,b842b03e5784d867e93770560d88150a526250df69077cd3065edbbd4c842098,dfine_sahi,56620.0,unknown_object,0.4945,723.56,369.3,745.95,446.37,1725.5,22.39,77.06,0.291,False,,True,unattributed,5,evt_01-P01_desk_work_surface_0001,5d708bed411ddbd4,native_source_context_fallback,wrist_confidence_below_floor,17350.1,3.44,,1,01/e1/v1,rtmpose_baseline
corpus_01,01.Candidate was found using a mobile phone in the examination hall..mkv,b842b03e5784d867e93770560d88150a526250df69077cd3065edbbd4c842098,dfine_sahi,56620.0,unknown_object,0.4497,669.92,406.63,694.97,489.48,2075.2,25.05,82.85,0.302,False,,True,unattributed,5,evt_01-P01_desk_work_surface_0001,5d708bed411ddbd4,native_source_context_fallback,wrist_confidence_below_floor,17350.1,3.44,,1,01/e1/v1,rtmpose_baseline
corpus_01,01.Candidate was found using a mobile phone in the examination hall..mkv,b842b03e5784d867e93770560d88150a526250df69077cd3065edbbd4c842098,dfine_sahi,56620.0,unknown_object,0.4237,721.81,368.88,762.42,407.81,1580.7,40.6,38.93,1.043,False,,True,unattributed,5,evt_01-P01_desk_work_surface_0001,5d708bed411ddbd4,native_source_context_fallback,wrist_confidence_below_floor,17350.1,3.44,,1,01/e1/v1,rtmpose_baseline
corpus_01,01.Candidate was found using a mobile phone in the examination hall..mkv,b842b03e5784d867e93770560d88150a526250df69077cd3065edbbd4c842098,dfine_sahi,56620.0,unknown_object,0.3971,649.97,365.03,668.31,401.12,661.7,18.34,36.09,0.508,False,,True,unattributed,5,evt_01-P01_desk_work_surface_0001,5d708bed411ddbd4,native_source_context_fallback,wrist_confidence_below_floor,17350.1,3.44,,1,01/e1/v1,rtmpose_baseline
corpus_01,01.Candidate was found using a mobile phone in the examination hall..mkv,b842b03e5784d867e93770560d88150a526250df69077cd3065edbbd4c842098,dfine_sahi,56620.0,unknown_object,0.3261,629.92,385.09,666.13,422.47,1353.8,36.22,37.38,0.969,False,,True,unattributed,5,evt_01-P01_desk_work_surface_0001,5d708bed411ddbd4,native_source_context_fallback,wrist_confidence_below_floor,17350.1,3.44,,1,01/e1/v1,rtmpose_baseline
corpus_01,01.Candidate was found using a mobile phone in the examination hall..mkv,b842b03e5784d867e93770560d88150a526250df69077cd3065edbbd4c842098,dfine_sahi,56620.0,unknown_object,0.3097,691.1,451.72,739.42,487.79,1743.3,48.32,36.07,1.34,False,,True,unattributed,5,evt_01-P01_desk_work_surface_0001,5d708bed411ddbd4,native_source_context_fallback,wrist_confidence_below_floor,17350.1,3.44,,1,01/e1/v1,rtmpose_baseline
corpus_01,01.Candidate was found using a mobile phone in the examination hall..mkv,b842b03e5784d867e93770560d88150a526250df69077cd3065edbbd4c842098,dfine_sahi,56620.0,unknown_object,0.3059,691.46,369.58,745.99,487.07,6406.9,54.53,117.5,0.464,False,,True,unattributed,5,evt_01-P01_desk_work_surface_0001,5d708bed411ddbd4,native_source_context_fallback,wrist_confidence_below_floor,17350.1,3.44,,1,01/e1/v1,rtmpose_baseline
corpus_01,01.Candidate was found using a mobile phone in the examination hall..mkv,b842b03e5784d867e93770560d88150a526250df69077cd3065edbbd4c842098,dfine_sahi,56620.0,unknown_object,0.3025,702.86,419.25,728.68,441.61,577.6,25.83,22.36,1.155,False,,True,unattributed,5,evt_01-P01_desk_work_surface_0001,5d708bed411ddbd4,native_source_context_fallback,wrist_confidence_below_floor,17350.1,3.44,,1,01/e1/v1,rtmpose_baseline
corpus_01,01.Candidate was found using a mobile phone in the examination hall..mkv,b842b03e5784d867e93770560d88150a526250df69077cd3065edbbd4c842098,dfine_sahi,56620.0,monitor_or_bezel,0.2955,631.97,406.52,695.04,489.46,5231.6,63.07,82.94,0.76,False,,True,unattributed,5,evt_01-P01_desk_work_surface_0001,5d708bed411ddbd4,native_source_context_fallback,wrist_confidence_below_floor,17350.1,3.44,,1,01/e1/v1,rtmpose_baseline
corpus_01,01.Candidate was found using a mobile phone in the examination hall..mkv,b842b03e5784d867e93770560d88150a526250df69077cd3065edbbd4c842098,dfine_sahi,56620.0,unknown_object,0.2944,694.21,317.27,726.07,346.26,923.4,31.86,28.98,1.099,False,,True,unattributed,5,evt_01-P01_desk_work_surface_0001,5d708bed411ddbd4,native_source_context_fallback,wrist_confidence_below_floor,17350.1,3.44,,1,01/e1/v1,rtmpose_baseline
corpus_01,01.Candidate was found using a mobile phone in the examination hall..mkv,b842b03e5784d867e93770560d88150a526250df69077cd3065edbbd4c842098,dfine_sahi,56620.0,unknown_object,0.292,693.09,418.55,729.78,455.87,1369.0,36.69,37.31,0.983,False,,True,unattributed,5,evt_01-P01_desk_work_surface_0001,5d708bed411ddbd4,native_source_context_fallback,wrist_confidence_below_floor,17350.1,3.44,,1,01/e1/v1,rtmpose_baseline
corpus_01,01.Candidate was found using a mobile phone in the examination hall..mkv,b842b03e5784d867e93770560d88150a526250df69077cd3065edbbd4c842098,dfine_sahi,56620.0,unknown_object,0.2553,736.98,331.35,765.46,370.48,1114.2,28.47,39.13,0.728,False,,True,unattributed,5,evt_01-P01_desk_work_surface_0001,5d708bed411ddbd4,native_source_context_fallback,wrist_confidence_below_floor,17350.1,3.44,,1,01/e1/v1,rtmpose_baseline
corpus_01,01.Candidate was found using a mobile phone in the examination hall..mkv,b842b03e5784d867e93770560d88150a526250df69077cd3065edbbd4c842098,dfine_sahi,56620.0,unknown_object,0.7653,996.34,580.55,1091.85,632.68,4979.0,95.51,52.13,1.832,False,,True,unattributed,1,evt_01-P01_desk_work_surface_0001,bcdb3f458162318f,native_source_context_fallback,wrist_confidence_below_floor,17711.7,3.59,,1,01/e1/v1,rtmpose_baseline
corpus_01,01.Candidate was found using a mobile phone in the examination hall..mkv,b842b03e5784d867e93770560d88150a526250df69077cd3065edbbd4c842098,dfine_sahi,56620.0,unknown_object,0.3864,966.18,506.9,981.14,522.39,231.7,14.95,15.49,0.965,False,,True,unattributed,1,evt_01-P01_desk_work_surface_0001,bcdb3f458162318f,native_source_context_fallback,wrist_confidence_below_floor,17711.7,3.59,,1,01/e1/v1,rtmpose_baseline
corpus_01,01.Candidate was found using a mobile phone in the examination hall..mkv,b842b03e5784d867e93770560d88150a526250df69077cd3065edbbd4c842098,dfine_sahi,56620.0,unknown_object,0.3726,992.4,589.1,1048.97,632.67,2464.8,56.57,43.57,1.298,False,,True,unattributed,1,evt_01-P01_desk_work_surface_0001,bcdb3f458162318f,native_source_context_fallback,wrist_confidence_below_floor,17711.7,3.59,,1,01/e1/v1,rtmpose_baseline
corpus_01,01.Candidate was found using a mobile phone in the examination hall..mkv,b842b03e5784d867e93770560d88150a526250df69077cd3065edbbd4c842098,dfine_sahi,56620.0,unknown_object,0.3459,995.96,455.34,1061.09,515.94,3946.6,65.13,60.6,1.075,False,,True,unattributed,1,evt_01-P01_desk_work_surface_0001,bcdb3f458162318f,native_source_context_fallback,wrist_confidence_below_floor,17711.7,3.59,,1,01/e1/v1,rtmpose_baseline
corpus_01,01.Candidate was found using a mobile phone in the examination hall..mkv,b842b03e5784d867e93770560d88150a526250df69077cd3065edbbd4c842098,dfine_sahi,56620.0,unknown_object,0.2741,1001.74,549.02,1028.63,572.9,642.1,26.89,23.88,1.126,False,,True,unattributed,1,evt_01-P01_desk_work_surface_0001,bcdb3f458162318f,native_source_context_fallback,wrist_confidence_below_floor,17711.7,3.59,,1,01/e1/v1,rtmpose_baseline
corpus_01,01.Candidate was found using a mobile phone in the examination hall..mkv,b842b03e5784d867e93770560d88150a526250df69077cd3065edbbd4c842098,dfine_sahi,56620.0,unknown_object,0.2564,974.05,455.22,1072.08,632.09,17339.2,98.03,176.88,0.554,False,,True,unattributed,1,evt_01-P01_desk_work_surface_0001,bcdb3f458162318f,native_source_context_fallback,wrist_confidence_below_floor,17711.7,3.59,,1,01/e1/v1,rtmpose_baseline
corpus_01,01.Candidate was found using a mobile phone in the examination hall..mkv,b842b03e5784d867e93770560d88150a526250df69077cd3065edbbd4c842098,dfine_sahi,56660.0,unknown_object,0.6771,698.05,495.07,758.79,585.11,5469.7,60.74,90.05,0.675,False,,True,unattributed,4,evt_01-P02_upper_body_0011,115fe3ed4539f5cc,pose_hand_context,,53255.4,2.69,,1,01/e1/v1,rtmpose_baseline
corpus_01,01.Candidate was found using a mobile phone in the examination hall..mkv,b842b03e5784d867e93770560d88150a526250df69077cd3065edbbd4c842098,dfine_sahi,56660.0,unknown_object,0.5348,675.99,576.71,700.69,645.63,1702.0,24.69,68.92,0.358,False,,True,unattributed,4,evt_01-P02_upper_body_0011,115fe3ed4539f5cc,pose_hand_context,,53255.4,2.69,,1,01/e1/v1,rtmpose_baseline
corpus_01,01.Candidate was found using a mobile phone in the examination hall..mkv,b842b03e5784d867e93770560d88150a526250df69077cd3065edbbd4c842098,dfine_sahi,56660.0,bag,0.5211,727.17,700.19,788.49,719.9,1208.5,61.31,19.71,3.111,False,,True,unattributed,4,evt_01-P02_upper_body_0011,115fe3ed4539f5cc,pose_hand_context,,53255.4,2.69,,1,01/e1/v1,rtmpose_baseline
corpus_01,01.Candidate was found using a mobile phone in the examination hall..mkv,b842b03e5784d867e93770560d88150a526250df69077cd3065edbbd4c842098,dfine_sahi,56660.0,unknown_object,0.4583,779.97,670.2,825.18,719.72,2238.5,45.21,49.51,0.913,False,,True,unattributed,4,evt_01-P02_upper_body_0011,115fe3ed4539f5cc,pose_hand_context,,53255.4,2.69,,1,01/e1/v1,rtmpose_baseline
corpus_01,01.Candidate was found using a mobile phone in the examination hall..mkv,b842b03e5784d867e93770560d88150a526250df69077cd3065edbbd4c842098,dfine_sahi,56660.0,phone,0.3701,813.96,650.31,825.85,666.5,192.4,11.89,16.18,0.735,False,,True,unattributed,4,evt_01-P02_upper_body_0011,115fe3ed4539f5cc,pose_hand_context,,53255.4,2.69,,1,01/e1/v1,rtmpose_baseline
corpus_01,01.Candidate was found using a mobile phone in the examination hall..mkv,b842b03e5784d867e93770560d88150a526250df69077cd3065edbbd4c842098,dfine_sahi,56660.0,unknown_object,0.3545,793.32,515.98,825.44,612.21,3090.3,32.11,96.23,0.334,False,,True,unattributed,4,evt_01-P02_upper_body_0011,115fe3ed4539f5cc,pose_hand_context,,53255.4,2.69,,1,01/e1/v1,rtmpose_baseline
corpus_01,01.Candidate was found using a mobile phone in the examination hall..mkv,b842b03e5784d867e93770560d88150a526250df69077cd3065edbbd4c842098,dfine_sahi,56660.0,unknown_object,0.2798,676.05,495.25,758.41,645.74,12394.6,82.36,150.49,0.547,False,,True,unattributed,4,evt_01-P02_upper_body_0011,115fe3ed4539f5cc,pose_hand_context,,53255.4,2.69,,1,01/e1/v1,rtmpose_baseline
corpus_01,01.Candidate was found using a mobile phone in the examination hall..mkv,b842b03e5784d867e93770560d88150a526250df69077cd3065edbbd4c842098,dfine_sahi,56660.0,bag,0.6037,648.05,406.1,694.73,491.32,3978.1,46.68,85.22,0.548,False,,True,unattributed,5,evt_01-P02_upper_body_0011,1861526bb972af12,pose_hand_context,,2304.0,13.33,,1,01/e1/v1,rtmpose_baseline
corpus_01,01.Candidate was found using a mobile phone in the examination hall..mkv,b842b03e5784d867e93770560d88150a526250df69077cd3065edbbd4c842098,dfine_sahi,56660.0,unknown_object,0.461,662.66,396.17,743.4,490.44,7611.0,80.74,94.27,0.856,False,,True,unattributed,5,evt_01-P02_upper_body_0011,1861526bb972af12,pose_hand_context,,2304.0,13.33,,1,01/e1/v1,rtmpose_baseline
corpus_01,01.Candidate was found using a mobile phone in the examination hall..mkv,b842b03e5784d867e93770560d88150a526250df69077cd3065edbbd4c842098,dfine_sahi,56660.0,unknown_object,0.3787,691.34,451.45,742.05,489.47,1928.1,50.71,38.02,1.334,False,,True,unattributed,5,evt_01-P02_upper_body_0011,1861526bb972af12,pose_hand_context,,2304.0,13.33,,1,01/e1/v1,rtmpose_baseline
corpus_01,01.Candidate was found using a mobile phone in the examination hall..mkv,b842b03e5784d867e93770560d88150a526250df69077cd3065edbbd4c842098,dfine_sahi,56660.0,unknown_object,0.3033,648.06,396.12,694.66,491.26,4434.1,46.61,95.14,0.49,False,,True,unattributed,5,evt_01-P02_upper_body_0011,1861526bb972af12,pose_hand_context,,2304.0,13.33,,1,01/e1/v1,rtmpose_baseline
corpus_01,01.Candidate was found using a mobile phone in the examination hall..mkv,b842b03e5784d867e93770560d88150a526250df69077cd3065edbbd4c842098,dfine_sahi,56660.0,unknown_object,0.2819,693.01,419.28,730.05,456.19,1367.1,37.04,36.91,1.003,False,,True,unattributed,5,evt_01-P02_upper_body_0011,1861526bb972af12,pose_hand_context,,2304.0,13.33,,1,01/e1/v1,rtmpose_baseline
corpus_01,01.Candidate was found using a mobile phone in the examination hall..mkv,b842b03e5784d867e93770560d88150a526250df69077cd3065edbbd4c842098,dfine_sahi,56660.0,unknown_object,0.2777,703.12,419.02,729.08,440.66,561.7,25.96,21.63,1.2,False,,True,unattributed,5,evt_01-P02_upper_body_0011,1861526bb972af12,pose_hand_context,,2304.0,13.33,,1,01/e1/v1,rtmpose_baseline
corpus_01,01.Candidate was found using a mobile phone in the examination hall..mkv,b842b03e5784d867e93770560d88150a526250df69077cd3065edbbd4c842098,dfine_sahi,56660.0,unknown_object,0.2535,686.12,396.14,737.64,455.16,3040.5,51.52,59.02,0.873,False,,True,unattributed,5,evt_01-P02_upper_body_0011,1861526bb972af12,pose_hand_context,,2304.0,13.33,,1,01/e1/v1,rtmpose_baseline
corpus_01,01.Candidate was found using a mobile phone in the examination hall..mkv,b842b03e5784d867e93770560d88150a526250df69077cd3065edbbd4c842098,dfine_sahi,56660.0,unknown_object,0.8228,994.03,581.34,1084.05,631.73,4536.8,90.03,50.39,1.786,False,,True,unattributed,1,evt_01-P02_upper_body_0011,f6523d5d4e0ddc64,native_source_context_fallback,wrist_confidence_below_floor,15343.9,3.62,,1,01/e1/v1,rtmpose_baseline
corpus_01,01.Candidate was found using a mobile phone in the examination hall..mkv,b842b03e5784d867e93770560d88150a526250df69077cd3065edbbd4c842098,dfine_sahi,56660.0,phone,0.4241,966.39,504.93,980.53,522.33,246.0,14.14,17.39,0.813,False,,True,unattributed,1,evt_01-P02_upper_body_0011,f6523d5d4e0ddc64,native_source_context_fallback,wrist_confidence_below_floor,15343.9,3.62,,1,01/e1/v1,rtmpose_baseline
corpus_01,01.Candidate was found using a mobile phone in the examination hall..mkv,b842b03e5784d867e93770560d88150a526250df69077cd3065edbbd4c842098,dfine_sahi,56660.0,unknown_object,0.4229,1031.95,575.3,1046.0,597.81,316.1,14.04,22.5,0.624,False,,True,unattributed,1,evt_01-P02_upper_body_0011,f6523d5d4e0ddc64,native_source_context_fallback,wrist_confidence_below_floor,15343.9,3.62,,1,01/e1/v1,rtmpose_baseline
corpus_01,01.Candidate was found using a mobile phone in the examination hall..mkv,b842b03e5784d867e93770560d88150a526250df69077cd3065edbbd4c842098,dfine_sahi,56660.0,unknown_object,0.3653,1004.01,561.7,1015.29,603.54,471.8,11.28,41.85,0.269,False,,True,unattributed,1,evt_01-P02_upper_body_0011,f6523d5d4e0ddc64,native_source_context_fallback,wrist_confidence_below_floor,15343.9,3.62,,1,01/e1/v1,rtmpose_baseline
corpus_01,01.Candidate was found using a mobile phone in the examination hall..mkv,b842b03e5784d867e93770560d88150a526250df69077cd3065edbbd4c842098,dfine_sahi,56660.0,unknown_object,0.3625,1001.02,548.91,1028.6,603.54,1506.5,27.58,54.63,0.505,False,,True,unattributed,1,evt_01-P02_upper_body_0011,f6523d5d4e0ddc64,native_source_context_fallback,wrist_confidence_below_floor,15343.9,3.62,,1,01/e1/v1,rtmpose_baseline
corpus_01,01.Candidate was found using a mobile phone in the examination hall..mkv,b842b03e5784d867e93770560d88150a526250df69077cd3065edbbd4c842098,dfine_sahi,56660.0,unknown_object,0.266,1001.36,549.01,1028.52,568.99,542.6,27.16,19.98,1.359,False,,True,unattributed,1,evt_01-P02_upper_body_0011,f6523d5d4e0ddc64,native_source_context_fallback,wrist_confidence_below_floor,15343.9,3.62,,1,01/e1/v1,rtmpose_baseline
corpus_01,01.Candidate was found using a mobile phone in the examination hall..mkv,b842b03e5784d867e93770560d88150a526250df69077cd3065edbbd4c842098,dfine_sahi,56660.0,unknown_object,0.2547,984.24,562.13,1045.94,631.47,4278.5,61.7,69.34,0.89,False,,True,unattributed,1,evt_01-P02_upper_body_0011,f6523d5d4e0ddc64,native_source_context_fallback,wrist_confidence_below_floor,15343.9,3.62,,1,01/e1/v1,rtmpose_baseline
corpus_01,01.Candidate was found using a mobile phone in the examination hall..mkv,b842b03e5784d867e93770560d88150a526250df69077cd3065edbbd4c842098,dfine_sahi,57140.0,unknown_object,0.3753,994.67,580.12,1069.89,632.66,3952.0,75.22,52.54,1.432,False,,True,unattributed,6,evt_01-P02_desk_work_surface_0009,13355075c688925b,native_source_context_fallback,no_pose_observation,14465.4,3.86,,1,01/e1/v1,
corpus_01,01.Candidate was found using a mobile phone in the examination hall..mkv,b842b03e5784d867e93770560d88150a526250df69077cd3065edbbd4c842098,dfine_sahi,57140.0,unknown_object,0.3651,1018.89,576.5,1069.95,605.6,1486.1,51.07,29.1,1.755,False,,True,unattributed,6,evt_01-P02_desk_work_surface_0009,13355075c688925b,native_source_context_fallback,no_pose_observation,14465.4,3.86,,1,01/e1/v1,
corpus_01,01.Candidate was found using a mobile phone in the examination hall..mkv,b842b03e5784d867e93770560d88150a526250df69077cd3065edbbd4c842098,dfine_sahi,57140.0,unknown_object,0.3018,988.5,562.21,1015.47,623.57,1654.8,26.97,61.36,0.439,False,,True,unattributed,6,evt_01-P02_desk_work_surface_0009,13355075c688925b,native_source_context_fallback,no_pose_observation,14465.4,3.86,,1,01/e1/v1,
corpus_01,01.Candidate was found using a mobile phone in the examination hall..mkv,b842b03e5784d867e93770560d88150a526250df69077cd3065edbbd4c842098,dfine_sahi,57140.0,unknown_object,0.275,1045.18,537.05,1069.98,563.16,647.4,24.8,26.11,0.95,False,,True,unattributed,6,evt_01-P02_desk_work_surface_0009,13355075c688925b,native_source_context_fallback,no_pose_observation,14465.4,3.86,,1,01/e1/v1,
corpus_01,01.Candidate was found using a mobile phone in the examination hall..mkv,b842b03e5784d867e93770560d88150a526250df69077cd3065edbbd4c842098,dfine_sahi,57140.0,unknown_object,0.2642,994.32,596.88,1031.95,632.49,1340.1,37.63,35.61,1.057,False,,True,unattributed,6,evt_01-P02_desk_work_surface_0009,13355075c688925b,native_source_context_fallback,no_pose_observation,14465.4,3.86,,1,01/e1/v1,
corpus_01,01.Candidate was found using a mobile phone in the examination hall..mkv,b842b03e5784d867e93770560d88150a526250df69077cd3065edbbd4c842098,dfine_sahi,57140.0,unknown_object,0.2588,976.44,537.29,1028.93,623.82,4542.1,52.49,86.53,0.607,False,,True,unattributed,6,evt_01-P02_desk_work_surface_0009,13355075c688925b,native_source_context_fallback,no_pose_observation,14465.4,3.86,,1,01/e1/v1,
corpus_01,01.Candidate was found using a mobile phone in the examination hall..mkv,b842b03e5784d867e93770560d88150a526250df69077cd3065edbbd4c842098,dfine_sahi,57140.0,unknown_object,0.7843,679.53,491.24,762.57,584.9,7777.9,83.04,93.67,0.887,False,,True,unattributed,4,evt_01-P02_desk_work_surface_0009,5558f34bb3b71b41,pose_hand_context,,52725.7,2.77,,1,01/e1/v1,rtmpose_baseline
corpus_01,01.Candidate was found using a mobile phone in the examination hall..mkv,b842b03e5784d867e93770560d88150a526250df69077cd3065edbbd4c842098,dfine_sahi,57140.0,unknown_object,0.5533,679.01,576.52,700.64,645.48,1491.8,21.63,68.96,0.314,False,,True,unattributed,4,evt_01-P02_desk_work_surface_0009,5558f34bb3b71b41,pose_hand_context,,52725.7,2.77,,1,01/e1/v1,rtmpose_baseline
corpus_01,01.Candidate was found using a mobile phone in the examination hall..mkv,b842b03e5784d867e93770560d88150a526250df69077cd3065edbbd4c842098,dfine_sahi,57140.0,unknown_object,0.5221,779.99,669.83,824.15,719.33,2186.3,44.16,49.51,0.892,False,,True,unattributed,4,evt_01-P02_desk_work_surface_0009,5558f34bb3b71b41,pose_hand_context,,52725.7,2.77,,1,01/e1/v1,rtmpose_baseline
corpus_01,01.Candidate was found using a mobile phone in the examination hall..mkv,b842b03e5784d867e93770560d88150a526250df69077cd3065edbbd4c842098,dfine_sahi,57140.0,unknown_object,0.3771,780.01,592.19,824.54,719.15,5653.1,44.53,126.95,0.351,False,,True,unattributed,4,evt_01-P02_desk_work_surface_0009,5558f34bb3b71b41,pose_hand_context,,52725.7,2.77,,1,01/e1/v1,rtmpose_baseline
corpus_01,01.Candidate was found using a mobile phone in the examination hall..mkv,b842b03e5784d867e93770560d88150a526250df69077cd3065edbbd4c842098,dfine_sahi,57140.0,bag,0.361,726.85,700.22,788.17,719.9,1207.0,61.33,19.68,3.116,False,,True,unattributed,4,evt_01-P02_desk_work_surface_0009,5558f34bb3b71b41,pose_hand_context,,52725.7,2.77,,1,01/e1/v1,rtmpose_baseline
corpus_01,01.Candidate was found using a mobile phone in the examination hall..mkv,b842b03e5784d867e93770560d88150a526250df69077cd3065edbbd4c842098,dfine_sahi,57140.0,unknown_object,0.3587,795.36,509.87,828.8,605.61,3201.9,33.44,95.74,0.349,False,,True,unattributed,4,evt_01-P02_desk_work_surface_0009,5558f34bb3b71b41,pose_hand_context,,52725.7,2.77,,1,01/e1/v1,rtmpose_baseline
corpus_01,01.Candidate was found using a mobile phone in the examination hall..mkv,b842b03e5784d867e93770560d88150a526250df69077cd3065edbbd4c842098,dfine_sahi,57140.0,unknown_object,0.3576,795.67,491.38,909.87,618.64,14532.8,114.2,127.26,0.897,False,,True,unattributed,4,evt_01-P02_desk_work_surface_0009,5558f34bb3b71b41,pose_hand_context,,52725.7,2.77,,1,01/e1/v1,rtmpose_baseline
corpus_01,01.Candidate was found using a mobile phone in the examination hall..mkv,b842b03e5784d867e93770560d88150a526250df69077cd3065edbbd4c842098,dfine_sahi,57140.0,unknown_object,0.3436,678.98,492.93,701.36,645.43,3411.5,22.37,152.5,0.147,False,,True,unattributed,4,evt_01-P02_desk_work_surface_0009,5558f34bb3b71b41,pose_hand_context,,52725.7,2.77,,1,01/e1/v1,rtmpose_baseline
corpus_01,01.Candidate was found using a mobile phone in the examination hall..mkv,b842b03e5784d867e93770560d88150a526250df69077cd3065edbbd4c842098,dfine_sahi,57140.0,unknown_object,0.3431,795.51,519.93,808.97,607.87,1184.2,13.47,87.94,0.153,False,,True,unattributed,4,evt_01-P02_desk_work_surface_0009,5558f34bb3b71b41,pose_hand_context,,52725.7,2.77,,1,01/e1/v1,rtmpose_baseline
corpus_01,01.Candidate was found using a mobile phone in the examination hall..mkv,b842b03e5784d867e93770560d88150a526250df69077cd3065edbbd4c842098,dfine_sahi,57140.0,unknown_object,0.2531,679.04,618.24,700.17,645.5,576.0,21.13,27.26,0.775,False,,True,unattributed,4,evt_01-P02_desk_work_surface_0009,5558f34bb3b71b41,pose_hand_context,,52725.7,2.77,,1,01/e1/v1,rtmpose_baseline
corpus_01,01.Candidate was found using a mobile phone in the examination hall..mkv,b842b03e5784d867e93770560d88150a526250df69077cd3065edbbd4c842098,dfine_sahi,57140.0,unknown_object,0.5804,651.22,405.66,746.22,492.31,8231.1,95.0,86.65,1.096,False,,True,unattributed,5,evt_01-P02_desk_work_surface_0009,f75af14eb9abe4b3,pose_hand_context,,2304.0,13.33,,1,01/e1/v1,rtmpose_baseline
corpus_01,01.Candidate was found using a mobile phone in the examination hall..mkv,b842b03e5784d867e93770560d88150a526250df69077cd3065edbbd4c842098,dfine_sahi,57140.0,unknown_object,0.5726,651.03,406.4,694.44,492.23,3725.8,43.41,85.83,0.506,False,,True,unattributed,5,evt_01-P02_desk_work_surface_0009,f75af14eb9abe4b3,pose_hand_context,,2304.0,13.33,,1,01/e1/v1,rtmpose_baseline
corpus_01,01.Candidate was found using a mobile phone in the examination hall..mkv,b842b03e5784d867e93770560d88150a526250df69077cd3065edbbd4c842098,dfine_sahi,57140.0,unknown_object,0.4818,690.75,419.51,743.86,488.5,3664.2,53.12,68.98,0.77,False,,True,unattributed,5,evt_01-P02_desk_work_surface_0009,f75af14eb9abe4b3,pose_hand_context,,2304.0,13.33,,1,01/e1/v1,rtmpose_baseline
corpus_01,01.Candidate was found using a mobile phone in the examination hall..mkv,b842b03e5784d867e93770560d88150a526250df69077cd3065edbbd4c842098,dfine_sahi,57140.0,unknown_object,0.4752,662.33,397.04,739.13,457.25,4623.8,76.8,60.21,1.276,False,,True,unattributed,5,evt_01-P02_desk_work_surface_0009,f75af14eb9abe4b3,pose_hand_context,,2304.0,13.33,,1,01/e1/v1,rtmpose_baseline
corpus_01,01.Candidate was found using a mobile phone in the examination hall..mkv,b842b03e5784d867e93770560d88150a526250df69077cd3065edbbd4c842098,dfine_sahi,57140.0,unknown_object,0.4724,702.63,419.78,729.48,451.99,864.7,26.84,32.21,0.833,False,,True,unattributed,5,evt_01-P02_desk_work_surface_0009,f75af14eb9abe4b3,pose_hand_context,,2304.0,13.33,,1,01/e1/v1,rtmpose_baseline
corpus_01,01.Candidate was found using a mobile phone in the examination hall..mkv,b842b03e5784d867e93770560d88150a526250df69077cd3065edbbd4c842098,dfine_sahi,57140.0,unknown_object,0.2835,717.33,427.09,742.86,453.43,672.4,25.53,26.34,0.969,False,,True,unattributed,5,evt_01-P02_desk_work_surface_0009,f75af14eb9abe4b3,pose_hand_context,,2304.0,13.33,,1,01/e1/v1,rtmpose_baseline
corpus_01,01.Candidate was found using a mobile phone in the examination hall..mkv,b842b03e5784d867e93770560d88150a526250df69077cd3065edbbd4c842098,dfine_sahi,57140.0,unknown_object,0.2578,704.2,436.31,719.71,452.1,244.9,15.51,15.79,0.982,False,,True,unattributed,5,evt_01-P02_desk_work_surface_0009,f75af14eb9abe4b3,pose_hand_context,,2304.0,13.33,,1,01/e1/v1,rtmpose_baseline
corpus_01,01.Candidate was found using a mobile phone in the examination hall..mkv,b842b03e5784d867e93770560d88150a526250df69077cd3065edbbd4c842098,dfine_sahi,57620.0,unknown_object,0.5762,651.03,406.71,694.61,490.28,3641.7,43.58,83.57,0.521,False,,True,unattributed,5,evt_01-P03_desk_work_surface_0014,10018b3bb1b0cf52,pose_hand_context,,2304.0,13.33,,1,01/e1/v1,rtmpose_baseline
corpus_01,01.Candidate was found using a mobile phone in the examination hall..mkv,b842b03e5784d867e93770560d88150a526250df69077cd3065edbbd4c842098,dfine_sahi,57620.0,unknown_object,0.5199,651.23,405.97,746.64,490.41,8055.7,95.4,84.44,1.13,False,,True,unattributed,5,evt_01-P03_desk_work_surface_0014,10018b3bb1b0cf52,pose_hand_context,,2304.0,13.33,,1,01/e1/v1,rtmpose_baseline
corpus_01,01.Candidate was found using a mobile phone in the examination hall..mkv,b842b03e5784d867e93770560d88150a526250df69077cd3065edbbd4c842098,dfine_sahi,57620.0,unknown_object,0.4726,690.92,420.53,744.18,488.41,3615.3,53.26,67.88,0.785,False,,True,unattributed,5,evt_01-P03_desk_work_surface_0014,10018b3bb1b0cf52,pose_hand_context,,2304.0,13.33,,1,01/e1/v1,rtmpose_baseline
corpus_01,01.Candidate was found using a mobile phone in the examination hall..mkv,b842b03e5784d867e93770560d88150a526250df69077cd3065edbbd4c842098,dfine_sahi,57620.0,unknown_object,0.3986,702.7,419.21,729.25,451.92,868.3,26.55,32.71,0.812,False,,True,unattributed,5,evt_01-P03_desk_work_surface_0014,10018b3bb1b0cf52,pose_hand_context,,2304.0,13.33,,1,01/e1/v1,rtmpose_baseline
corpus_01,01.Candidate was found using a mobile phone in the examination hall..mkv,b842b03e5784d867e93770560d88150a526250df69077cd3065edbbd4c842098,dfine_sahi,57620.0,unknown_object,0.3129,660.88,395.05,737.27,456.6,4700.8,76.38,61.54,1.241,False,,True,unattributed,5,evt_01-P03_desk_work_surface_0014,10018b3bb1b0cf52,pose_hand_context,,2304.0,13.33,,1,01/e1/v1,rtmpose_baseline
corpus_01,01.Candidate was found using a mobile phone in the examination hall..mkv,b842b03e5784d867e93770560d88150a526250df69077cd3065edbbd4c842098,dfine_sahi,57620.0,unknown_object,0.2893,703.07,395.11,735.82,441.84,1529.9,32.74,46.72,0.701,False,,True,unattributed,5,evt_01-P03_desk_work_surface_0014,10018b3bb1b0cf52,pose_hand_context,,2304.0,13.33,,1,01/e1/v1,rtmpose_baseline
corpus_01,01.Candidate was found using a mobile phone in the examination hall..mkv,b842b03e5784d867e93770560d88150a526250df69077cd3065edbbd4c842098,dfine_sahi,57620.0,monitor_or_bezel,0.8177,979.38,590.29,1045.84,712.41,8117.2,66.47,122.13,0.544,False,,True,unattributed,7,evt_01-P03_desk_work_surface_0014,54a4289636beba65,native_source_context_fallback,no_pose_observation,34916.6,2.51,,1,01/e1/v1,
corpus_01,01.Candidate was found using a mobile phone in the examination hall..mkv,b842b03e5784d867e93770560d88150a526250df69077cd3065edbbd4c842098,dfine_sahi,57620.0,monitor_or_bezel,0.4908,906.86,657.38,987.4,712.81,4464.3,80.55,55.43,1.453,False,,True,unattributed,7,evt_01-P03_desk_work_surface_0014,54a4289636beba65,native_source_context_fallback,no_pose_observation,34916.6,2.51,,1,01/e1/v1,
corpus_01,01.Candidate was found using a mobile phone in the examination hall..mkv,b842b03e5784d867e93770560d88150a526250df69077cd3065edbbd4c842098,dfine_sahi,57620.0,unknown_object,0.4045,1002.05,562.23,1045.8,620.02,2528.5,43.75,57.8,0.757,False,,True,unattributed,7,evt_01-P03_desk_work_surface_0014,54a4289636beba65,native_source_context_fallback,no_pose_observation,34916.6,2.51,,1,01/e1/v1,
corpus_01,01.Candidate was found using a mobile phone in the examination hall..mkv,b842b03e5784d867e93770560d88150a526250df69077cd3065edbbd4c842098,dfine_sahi,57620.0,unknown_object,0.3723,977.18,504.07,1002.47,533.87,753.5,25.28,29.8,0.848,False,,True,unattributed,7,evt_01-P03_desk_work_surface_0014,54a4289636beba65,native_source_context_fallback,no_pose_observation,34916.6,2.51,,1,01/e1/v1,
corpus_01,01.Candidate was found using a mobile phone in the examination hall..mkv,b842b03e5784d867e93770560d88150a526250df69077cd3065edbbd4c842098,dfine_sahi,57620.0,unknown_object,0.3614,1004.66,459.08,1055.08,601.55,7183.6,50.42,142.48,0.354,False,,True,unattributed,7,evt_01-P03_desk_work_surface_0014,54a4289636beba65,native_source_context_fallback,no_pose_observation,34916.6,2.51,,1,01/e1/v1,
corpus_01,01.Candidate was found using a mobile phone in the examination hall..mkv,b842b03e5784d867e93770560d88150a526250df69077cd3065edbbd4c842098,dfine_sahi,57620.0,unknown_object,0.3238,979.5,562.56,1045.82,712.06,9913.6,66.31,149.5,0.444,False,,True,unattributed,7,evt_01-P03_desk_work_surface_0014,54a4289636beba65,native_source_context_fallback,no_pose_observation,34916.6,2.51,,1,01/e1/v1,
corpus_01,01.Candidate was found using a mobile phone in the examination hall..mkv,b842b03e5784d867e93770560d88150a526250df69077cd3065edbbd4c842098,dfine_sahi,57620.0,monitor_or_bezel,0.3129,959.07,570.2,983.01,639.4,1656.2,23.93,69.2,0.346,False,,True,unattributed,7,evt_01-P03_desk_work_surface_0014,54a4289636beba65,native_source_context_fallback,no_pose_observation,34916.6,2.51,,1,01/e1/v1,
corpus_01,01.Candidate was found using a mobile phone in the examination hall..mkv,b842b03e5784d867e93770560d88150a526250df69077cd3065edbbd4c842098,dfine_sahi,57620.0,unknown_object,0.2873,1000.19,492.82,1046.81,571.09,3649.5,46.62,78.28,0.596,False,,True,unattributed,7,evt_01-P03_desk_work_surface_0014,54a4289636beba65,native_source_context_fallback,no_pose_observation,34916.6,2.51,,1,01/e1/v1,
corpus_01,01.Candidate was found using a mobile phone in the examination hall..mkv,b842b03e5784d867e93770560d88150a526250df69077cd3065edbbd4c842098,dfine_sahi,57620.0,monitor_or_bezel,0.2861,958.84,657.45,986.46,712.86,1530.6,27.62,55.41,0.499,False,,True,unattributed,7,evt_01-P03_desk_work_surface_0014,54a4289636beba65,native_source_context_fallback,no_pose_observation,34916.6,2.51,,1,01/e1/v1,
corpus_01,01.Candidate was found using a mobile phone in the examination hall..mkv,b842b03e5784d867e93770560d88150a526250df69077cd3065edbbd4c842098,dfine_sahi,57620.0,unknown_object,0.2829,1020.38,459.68,1045.91,541.85,2097.3,25.53,82.17,0.311,False,,True,unattributed,7,evt_01-P03_desk_work_surface_0014,54a4289636beba65,native_source_context_fallback,no_pose_observation,34916.6,2.51,,1,01/e1/v1,
corpus_01,01.Candidate was found using a mobile phone in the examination hall..mkv,b842b03e5784d867e93770560d88150a526250df69077cd3065edbbd4c842098,dfine_sahi,57620.0,unknown_object,0.282,1015.88,578.9,1055.07,601.96,904.0,39.19,23.07,1.699,False,,True,unattributed,7,evt_01-P03_desk_work_surface_0014,54a4289636beba65,native_source_context_fallback,no_pose_observation,34916.6,2.51,,1,01/e1/v1,
corpus_01,01.Candidate was found using a mobile phone in the examination hall..mkv,b842b03e5784d867e93770560d88150a526250df69077cd3065edbbd4c842098,dfine_sahi,57620.0,monitor_or_bezel,0.2755,979.9,657.27,1045.85,712.7,3655.3,65.95,55.43,1.19,False,,True,unattributed,7,evt_01-P03_desk_work_surface_0014,54a4289636beba65,native_source_context_fallback,no_pose_observation,34916.6,2.51,,1,01/e1/v1,
corpus_01,01.Candidate was found using a mobile phone in the examination hall..mkv,b842b03e5784d867e93770560d88150a526250df69077cd3065edbbd4c842098,dfine_sahi,57620.0,stationery,0.2549,987.07,561.58,1013.53,601.95,1068.1,26.46,40.36,0.656,False,,True,unattributed,7,evt_01-P03_desk_work_surface_0014,54a4289636beba65,native_source_context_fallback,no_pose_observation,34916.6,2.51,,1,01/e1/v1,
corpus_01,01.Candidate was found using a mobile phone in the examination hall..mkv,b842b03e5784d867e93770560d88150a526250df69077cd3065edbbd4c842098,dfine_sahi,57620.0,unknown_object,0.5384,995.35,586.02,1055.98,627.87,2536.9,60.63,41.84,1.449,False,,True,unattributed,8,evt_01-P03_desk_work_surface_0014,6e92c084fae52411,native_source_context_fallback,no_pose_observation,38285.2,2.25,,1,01/e1/v1,
corpus_01,01.Candidate was found using a mobile phone in the examination hall..mkv,b842b03e5784d867e93770560d88150a526250df69077cd3065edbbd4c842098,dfine_sahi,57620.0,bag,0.5178,960.0,343.07,1039.93,422.17,6322.4,79.93,79.1,1.01,False,,True,unattributed,8,evt_01-P03_desk_work_surface_0014,6e92c084fae52411,native_source_context_fallback,no_pose_observation,38285.2,2.25,,1,01/e1/v1,
corpus_01,01.Candidate was found using a mobile phone in the examination hall..mkv,b842b03e5784d867e93770560d88150a526250df69077cd3065edbbd4c842098,dfine_sahi,57620.0,bag,0.4471,993.1,421.35,1031.73,490.82,2683.4,38.63,69.47,0.556,False,,True,unattributed,8,evt_01-P03_desk_work_surface_0014,6e92c084fae52411,native_source_context_fallback,no_pose_observation,38285.2,2.25,,1,01/e1/v1,
corpus_01,01.Candidate was found using a mobile phone in the examination hall..mkv,b842b03e5784d867e93770560d88150a526250df69077cd3065edbbd4c842098,dfine_sahi,57620.0,unknown_object,0.44,1026.85,342.92,1056.11,480.61,4029.0,29.26,137.7,0.212,False,,True,unattributed,8,evt_01-P03_desk_work_surface_0014,6e92c084fae52411,native_source_context_fallback,no_pose_observation,38285.2,2.25,,1,01/e1/v1,
corpus_01,01.Candidate was found using a mobile phone in the examination hall..mkv,b842b03e5784d867e93770560d88150a526250df69077cd3065edbbd4c842098,dfine_sahi,57620.0,bag,0.4352,960.08,343.07,1031.9,375.65,2339.7,71.82,32.58,2.205,False,,True,unattributed,8,evt_01-P03_desk_work_surface_0014,6e92c084fae52411,native_source_context_fallback,no_pose_observation,38285.2,2.25,,1,01/e1/v1,
corpus_01,01.Candidate was found using a mobile phone in the examination hall..mkv,b842b03e5784d867e93770560d88150a526250df69077cd3065edbbd4c842098,dfine_sahi,57620.0,phone,0.3927,900.98,427.44,914.37,447.99,275.3,13.4,20.55,0.652,False,,True,unattributed,8,evt_01-P03_desk_work_surface_0014,6e92c084fae52411,native_source_context_fallback,no_pose_observation,38285.2,2.25,,1,01/e1/v1,
corpus_01,01.Candidate was found using a mobile phone in the examination hall..mkv,b842b03e5784d867e93770560d88150a526250df69077cd3065edbbd4c842098,dfine_sahi,57620.0,unknown_object,0.3713,1020.55,458.31,1045.99,541.34,2111.6,25.43,83.03,0.306,False,,True,unattributed,8,evt_01-P03_desk_work_surface_0014,6e92c084fae52411,native_source_context_fallback,no_pose_observation,38285.2,2.25,,1,01/e1/v1,
corpus_01,01.Candidate was found using a mobile phone in the examination hall..mkv,b842b03e5784d867e93770560d88150a526250df69077cd3065edbbd4c842098,dfine_sahi,57620.0,unknown_object,0.3596,1001.1,562.61,1045.94,621.75,2651.4,44.84,59.13,0.758,False,,True,unattributed,8,evt_01-P03_desk_work_surface_0014,6e92c084fae52411,native_source_context_fallback,no_pose_observation,38285.2,2.25,,1,01/e1/v1,
corpus_01,01.Candidate was found using a mobile phone in the examination hall..mkv,b842b03e5784d867e93770560d88150a526250df69077cd3065edbbd4c842098,dfine_sahi,57620.0,unknown_object,0.6229,697.47,494.19,759.95,585.09,5679.9,62.48,90.91,0.687,False,,True,unattributed,4,evt_01-P03_desk_work_surface_0014,e32e934da49e09dd,pose_hand_context,,52567.6,2.74,,1,01/e1/v1,rtmpose_baseline
corpus_01,01.Candidate was found using a mobile phone in the examination hall..mkv,b842b03e5784d867e93770560d88150a526250df69077cd3065edbbd4c842098,dfine_sahi,57620.0,unknown_object,0.5579,778.98,670.0,823.18,719.46,2185.8,44.2,49.46,0.894,False,,True,unattributed,4,evt_01-P03_desk_work_surface_0014,e32e934da49e09dd,pose_hand_context,,52567.6,2.74,,1,01/e1/v1,rtmpose_baseline
corpus_01,01.Candidate was found using a mobile phone in the examination hall..mkv,b842b03e5784d867e93770560d88150a526250df69077cd3065edbbd4c842098,dfine_sahi,57620.0,unknown_object,0.5579,676.0,576.79,700.62,645.52,1692.8,24.63,68.73,0.358,False,,True,unattributed,4,evt_01-P03_desk_work_surface_0014,e32e934da49e09dd,pose_hand_context,,52567.6,2.74,,1,01/e1/v1,rtmpose_baseline
corpus_01,01.Candidate was found using a mobile phone in the examination hall..mkv,b842b03e5784d867e93770560d88150a526250df69077cd3065edbbd4c842098,dfine_sahi,57620.0,bag,0.5077,726.98,700.13,788.33,720.02,1220.6,61.35,19.9,3.084,False,,True,unattributed,4,evt_01-P03_desk_work_surface_0014,e32e934da49e09dd,pose_hand_context,,52567.6,2.74,,1,01/e1/v1,rtmpose_baseline
corpus_01,01.Candidate was found using a mobile phone in the examination hall..mkv,b842b03e5784d867e93770560d88150a526250df69077cd3065edbbd4c842098,dfine_sahi,57620.0,unknown_object,0.454,676.0,495.74,701.2,645.59,3775.9,25.2,149.85,0.168,False,,True,unattributed,4,evt_01-P03_desk_work_surface_0014,e32e934da49e09dd,pose_hand_context,,52567.6,2.74,,1,01/e1/v1,rtmpose_baseline
corpus_01,01.Candidate was found using a mobile phone in the examination hall..mkv,b842b03e5784d867e93770560d88150a526250df69077cd3065edbbd4c842098,dfine_sahi,57620.0,bag,0.3778,792.47,494.25,909.84,620.0,14759.8,117.37,125.75,0.933,False,,True,unattributed,4,evt_01-P03_desk_work_surface_0014,e32e934da49e09dd,pose_hand_context,,52567.6,2.74,,1,01/e1/v1,rtmpose_baseline
corpus_01,01.Candidate was found using a mobile phone in the examination hall..mkv,b842b03e5784d867e93770560d88150a526250df69077cd3065edbbd4c842098,dfine_sahi,57620.0,unknown_object,0.3328,792.66,513.2,824.88,609.46,3102.3,32.23,96.26,0.335,False,,True,unattributed,4,evt_01-P03_desk_work_surface_0014,e32e934da49e09dd,pose_hand_context,,52567.6,2.74,,1,01/e1/v1,rtmpose_baseline
corpus_01,01.Candidate was found using a mobile phone in the examination hall..mkv,b842b03e5784d867e93770560d88150a526250df69077cd3065edbbd4c842098,dfine_sahi,57620.0,unknown_object,0.3324,778.96,605.25,823.44,719.3,5073.9,44.49,114.05,0.39,False,,True,unattributed,4,evt_01-P03_desk_work_surface_0014,e32e934da49e09dd,pose_hand_context,,52567.6,2.74,,1,01/e1/v1,rtmpose_baseline
corpus_01,01.Candidate was found using a mobile phone in the examination hall..mkv,b842b03e5784d867e93770560d88150a526250df69077cd3065edbbd4c842098,dfine_sahi,57620.0,unknown_object,0.3173,676.01,494.25,758.0,645.7,12416.7,81.99,151.44,0.541,False,,True,unattributed,4,evt_01-P03_desk_work_surface_0014,e32e934da49e09dd,pose_hand_context,,52567.6,2.74,,1,01/e1/v1,rtmpose_baseline
corpus_01,01.Candidate was found using a mobile phone in the examination hall..mkv,b842b03e5784d867e93770560d88150a526250df69077cd3065edbbd4c842098,dfine_sahi,57620.0,phone,0.3114,811.69,646.72,823.11,663.17,187.6,11.41,16.44,0.694,False,,True,unattributed,4,evt_01-P03_desk_work_surface_0014,e32e934da49e09dd,pose_hand_context,,52567.6,2.74,,1,01/e1/v1,rtmpose_baseline
corpus_01,01.Candidate was found using a mobile phone in the examination hall..mkv,b842b03e5784d867e93770560d88150a526250df69077cd3065edbbd4c842098,dfine_sahi,57620.0,unknown_object,0.2822,792.92,522.96,807.99,611.24,1330.6,15.07,88.28,0.171,False,,True,unattributed,4,evt_01-P03_desk_work_surface_0014,e32e934da49e09dd,pose_hand_context,,52567.6,2.74,,1,01/e1/v1,rtmpose_baseline
corpus_01,01.Candidate was found using a mobile phone in the examination hall..mkv,b842b03e5784d867e93770560d88150a526250df69077cd3065edbbd4c842098,dfine_sahi,57620.0,unknown_object,0.6978,975.85,493.3,1046.32,557.52,4525.4,70.47,64.22,1.097,False,,True,unattributed,6,evt_01-P03_desk_work_surface_0014,ef46d85844a996ed,native_source_context_fallback,no_pose_observation,14043.5,3.78,,1,01/e1/v1,
corpus_01,01.Candidate was found using a mobile phone in the examination hall..mkv,b842b03e5784d867e93770560d88150a526250df69077cd3065edbbd4c842098,dfine_sahi,57620.0,stationery,0.6535,982.11,561.2,1013.79,627.09,2087.9,31.69,65.89,0.481,False,,True,unattributed,6,evt_01-P03_desk_work_surface_0014,ef46d85844a996ed,native_source_context_fallback,no_pose_observation,14043.5,3.78,,1,01/e1/v1,
corpus_01,01.Candidate was found using a mobile phone in the examination hall..mkv,b842b03e5784d867e93770560d88150a526250df69077cd3065edbbd4c842098,dfine_sahi,57620.0,unknown_object,0.5167,974.02,467.42,1002.32,518.37,1441.5,28.3,50.94,0.555,False,,True,unattributed,6,evt_01-P03_desk_work_surface_0014,ef46d85844a996ed,native_source_context_fallback,no_pose_observation,14043.5,3.78,,1,01/e1/v1,
corpus_01,01.Candidate was found using a mobile phone in the examination hall..mkv,b842b03e5784d867e93770560d88150a526250df69077cd3065edbbd4c842098,dfine_sahi,57620.0,unknown_object,0.4732,976.44,502.09,1002.48,533.81,825.9,26.04,31.72,0.821,False,,True,unattributed,6,evt_01-P03_desk_work_surface_0014,ef46d85844a996ed,native_source_context_fallback,no_pose_observation,14043.5,3.78,,1,01/e1/v1,
corpus_01,01.Candidate was found using a mobile phone in the examination hall..mkv,b842b03e5784d867e93770560d88150a526250df69077cd3065edbbd4c842098,dfine_sahi,57620.0,unknown_object,0.4495,993.19,587.25,1052.08,631.77,2621.3,58.89,44.51,1.323,False,,True,unattributed,6,evt_01-P03_desk_work_surface_0014,ef46d85844a996ed,native_source_context_fallback,no_pose_observation,14043.5,3.78,,1,01/e1/v1,
corpus_01,01.Candidate was found using a mobile phone in the examination hall..mkv,b842b03e5784d867e93770560d88150a526250df69077cd3065edbbd4c842098,dfine_sahi,57620.0,unknown_object,0.3433,1002.59,575.86,1069.94,619.05,2909.0,67.35,43.19,1.559,False,,True,unattributed,6,evt_01-P03_desk_work_surface_0014,ef46d85844a996ed,native_source_context_fallback,no_pose_observation,14043.5,3.78,,1,01/e1/v1,
corpus_01,01.Candidate was found using a mobile phone in the examination hall..mkv,b842b03e5784d867e93770560d88150a526250df69077cd3065edbbd4c842098,dfine_sahi,57660.0,unknown_object,0.5818,996.47,585.83,1055.9,625.84,2377.6,59.42,40.01,1.485,False,,True,unattributed,8,evt_01-P02_upper_body_0011,00d7743f301bd3b2,native_source_context_fallback,no_pose_observation,38134.8,2.26,,1,01/e1/v1,
corpus_01,01.Candidate was found using a mobile phone in the examination hall..mkv,b842b03e5784d867e93770560d88150a526250df69077cd3065edbbd4c842098,dfine_sahi,57660.0,bag,0.4865,960.05,343.01,1040.07,422.67,6374.4,80.02,79.66,1.005,False,,True,unattributed,8,evt_01-P02_upper_body_0011,00d7743f301bd3b2,native_source_context_fallback,no_pose_observation,38134.8,2.26,,1,01/e1/v1,
corpus_01,01.Candidate was found using a mobile phone in the examination hall..mkv,b842b03e5784d867e93770560d88150a526250df69077cd3065edbbd4c842098,dfine_sahi,57660.0,unknown_object,0.472,1026.3,372.67,1045.88,482.98,2159.5,19.58,110.31,0.177,False,,True,unattributed,8,evt_01-P02_upper_body_0011,00d7743f301bd3b2,native_source_context_fallback,no_pose_observation,38134.8,2.26,,1,01/e1/v1,
corpus_01,01.Candidate was found using a mobile phone in the examination hall..mkv,b842b03e5784d867e93770560d88150a526250df69077cd3065edbbd4c842098,dfine_sahi,57660.0,unknown_object,0.4223,1020.29,458.27,1045.8,541.3,2118.2,25.51,83.03,0.307,False,,True,unattributed,8,evt_01-P02_upper_body_0011,00d7743f301bd3b2,native_source_context_fallback,no_pose_observation,38134.8,2.26,,1,01/e1/v1,
corpus_01,01.Candidate was found using a mobile phone in the examination hall..mkv,b842b03e5784d867e93770560d88150a526250df69077cd3065edbbd4c842098,dfine_sahi,57660.0,bag,0.3991,959.96,343.06,1039.07,375.74,2585.3,79.11,32.68,2.421,False,,True,unattributed,8,evt_01-P02_upper_body_0011,00d7743f301bd3b2,native_source_context_fallback,no_pose_observation,38134.8,2.26,,1,01/e1/v1,
corpus_01,01.Candidate was found using a mobile phone in the examination hall..mkv,b842b03e5784d867e93770560d88150a526250df69077cd3065edbbd4c842098,dfine_sahi,57660.0,bag,0.3981,993.04,421.02,1031.65,490.49,2681.7,38.61,69.46,0.556,False,,True,unattributed,8,evt_01-P02_upper_body_0011,00d7743f301bd3b2,native_source_context_fallback,no_pose_observation,38134.8,2.26,,1,01/e1/v1,
corpus_01,01.Candidate was found using a mobile phone in the examination hall..mkv,b842b03e5784d867e93770560d88150a526250df69077cd3065edbbd4c842098,dfine_sahi,57660.0,unknown_object,0.3519,996.1,467.12,1055.99,625.08,9459.4,59.89,157.96,0.379,False,,True,unattributed,8,evt_01-P02_upper_body_0011,00d7743f301bd3b2,native_source_context_fallback,no_pose_observation,38134.8,2.26,,1,01/e1/v1,
corpus_01,01.Candidate was found using a mobile phone in the examination hall..mkv,b842b03e5784d867e93770560d88150a526250df69077cd3065edbbd4c842098,dfine_sahi,57660.0,unknown_object,0.2708,982.06,561.62,1013.28,625.78,2002.9,31.22,64.16,0.487,False,,True,unattributed,8,evt_01-P02_upper_body_0011,00d7743f301bd3b2,native_source_context_fallback,no_pose_observation,38134.8,2.26,,1,01/e1/v1,
corpus_01,01.Candidate was found using a mobile phone in the examination hall..mkv,b842b03e5784d867e93770560d88150a526250df69077cd3065edbbd4c842098,dfine_sahi,57660.0,unknown_object,0.5717,698.15,494.27,758.14,585.0,5443.0,59.99,90.74,0.661,False,,True,unattributed,4,evt_01-P02_upper_body_0011,38fd051371601eab,pose_hand_context,,53032.1,2.72,,1,01/e1/v1,rtmpose_baseline
corpus_01,01.Candidate was found using a mobile phone in the examination hall..mkv,b842b03e5784d867e93770560d88150a526250df69077cd3065edbbd4c842098,dfine_sahi,57660.0,unknown_object,0.5399,675.0,576.76,700.68,645.38,1762.0,25.68,68.62,0.374,False,,True,unattributed,4,evt_01-P02_upper_body_0011,38fd051371601eab,pose_hand_context,,53032.1,2.72,,1,01/e1/v1,rtmpose_baseline
corpus_01,01.Candidate was found using a mobile phone in the examination hall..mkv,b842b03e5784d867e93770560d88150a526250df69077cd3065edbbd4c842098,dfine_sahi,57660.0,unknown_object,0.4808,777.97,666.37,823.04,719.5,2394.1,45.06,53.13,0.848,False,,True,unattributed,4,evt_01-P02_upper_body_0011,38fd051371601eab,pose_hand_context,,53032.1,2.72,,1,01/e1/v1,rtmpose_baseline
corpus_01,01.Candidate was found using a mobile phone in the examination hall..mkv,b842b03e5784d867e93770560d88150a526250df69077cd3065edbbd4c842098,dfine_sahi,57660.0,bag,0.4643,726.6,700.16,788.25,719.72,1206.4,61.66,19.57,3.151,False,,True,unattributed,4,evt_01-P02_upper_body_0011,38fd051371601eab,pose_hand_context,,53032.1,2.72,,1,01/e1/v1,rtmpose_baseline
corpus_01,01.Candidate was found using a mobile phone in the examination hall..mkv,b842b03e5784d867e93770560d88150a526250df69077cd3065edbbd4c842098,dfine_sahi,57660.0,unknown_object,0.3803,792.5,513.28,824.76,609.73,3111.5,32.26,96.44,0.335,False,,True,unattributed,4,evt_01-P02_upper_body_0011,38fd051371601eab,pose_hand_context,,53032.1,2.72,,1,01/e1/v1,rtmpose_baseline
corpus_01,01.Candidate was found using a mobile phone in the examination hall..mkv,b842b03e5784d867e93770560d88150a526250df69077cd3065edbbd4c842098,dfine_sahi,57660.0,mouse,0.3739,726.43,700.06,788.76,719.72,1225.8,62.33,19.66,3.17,False,,True,unattributed,4,evt_01-P02_upper_body_0011,38fd051371601eab,pose_hand_context,,53032.1,2.72,,1,01/e1/v1,rtmpose_baseline
corpus_01,01.Candidate was found using a mobile phone in the examination hall..mkv,b842b03e5784d867e93770560d88150a526250df69077cd3065edbbd4c842098,dfine_sahi,57660.0,unknown_object,0.3162,675.09,494.14,758.97,645.54,12698.3,83.87,151.4,0.554,False,,True,unattributed,4,evt_01-P02_upper_body_0011,38fd051371601eab,pose_hand_context,,53032.1,2.72,,1,01/e1/v1,rtmpose_baseline
corpus_01,01.Candidate was found using a mobile phone in the examination hall..mkv,b842b03e5784d867e93770560d88150a526250df69077cd3065edbbd4c842098,dfine_sahi,57660.0,unknown_object,0.3069,777.99,596.26,823.42,719.32,5591.1,45.43,123.06,0.369,False,,True,unattributed,4,evt_01-P02_upper_body_0011,38fd051371601eab,pose_hand_context,,53032.1,2.72,,1,01/e1/v1,rtmpose_baseline
corpus_01,01.Candidate was found using a mobile phone in the examination hall..mkv,b842b03e5784d867e93770560d88150a526250df69077cd3065edbbd4c842098,dfine_sahi,57660.0,bag,0.298,792.44,493.93,909.9,619.97,14804.3,117.46,126.04,0.932,False,,True,unattributed,4,evt_01-P02_upper_body_0011,38fd051371601eab,pose_hand_context,,53032.1,2.72,,1,01/e1/v1,rtmpose_baseline
corpus_01,01.Candidate was found using a mobile phone in the examination hall..mkv,b842b03e5784d867e93770560d88150a526250df69077cd3065edbbd4c842098,dfine_sahi,57660.0,unknown_object,0.2704,675.02,616.21,700.3,645.4,737.6,25.27,29.18,0.866,False,,True,unattributed,4,evt_01-P02_upper_body_0011,38fd051371601eab,pose_hand_context,,53032.1,2.72,,1,01/e1/v1,rtmpose_baseline
corpus_01,01.Candidate was found using a mobile phone in the examination hall..mkv,b842b03e5784d867e93770560d88150a526250df69077cd3065edbbd4c842098,dfine_sahi,57660.0,phone,0.2605,811.47,647.43,823.07,662.78,178.1,11.6,15.35,0.756,False,,True,unattributed,4,evt_01-P02_upper_body_0011,38fd051371601eab,pose_hand_context,,53032.1,2.72,,1,01/e1/v1,rtmpose_baseline
corpus_01,01.Candidate was found using a mobile phone in the examination hall..mkv,b842b03e5784d867e93770560d88150a526250df69077cd3065edbbd4c842098,dfine_sahi,57660.0,unknown_object,0.2584,792.69,523.74,806.98,611.71,1257.2,14.29,87.97,0.162,False,,True,unattributed,4,evt_01-P02_upper_body_0011,38fd051371601eab,pose_hand_context,,53032.1,2.72,,1,01/e1/v1,rtmpose_baseline
corpus_01,01.Candidate was found using a mobile phone in the examination hall..mkv,b842b03e5784d867e93770560d88150a526250df69077cd3065edbbd4c842098,dfine_sahi,57660.0,unknown_object,0.6401,975.28,493.37,1046.55,557.54,4573.5,71.28,64.17,1.111,False,,True,unattributed,6,evt_01-P02_upper_body_0011,9f9abdf258ebd2bb,native_source_context_fallback,no_pose_observation,14277.0,3.78,,1,01/e1/v1,
corpus_01,01.Candidate was found using a mobile phone in the examination hall..mkv,b842b03e5784d867e93770560d88150a526250df69077cd3065edbbd4c842098,dfine_sahi,57660.0,stationery,0.625,982.22,561.03,1013.68,626.24,2051.4,31.46,65.21,0.482,False,,True,unattributed,6,evt_01-P02_upper_body_0011,9f9abdf258ebd2bb,native_source_context_fallback,no_pose_observation,14277.0,3.78,,1,01/e1/v1,
corpus_01,01.Candidate was found using a mobile phone in the examination hall..mkv,b842b03e5784d867e93770560d88150a526250df69077cd3065edbbd4c842098,dfine_sahi,57660.0,unknown_object,0.493,992.7,587.42,1052.08,631.77,2633.8,59.38,44.35,1.339,False,,True,unattributed,6,evt_01-P02_upper_body_0011,9f9abdf258ebd2bb,native_source_context_fallback,no_pose_observation,14277.0,3.78,,1,01/e1/v1,
corpus_01,01.Candidate was found using a mobile phone in the examination hall..mkv,b842b03e5784d867e93770560d88150a526250df69077cd3065edbbd4c842098,dfine_sahi,57660.0,unknown_object,0.4463,975.93,501.79,1002.49,534.12,858.5,26.55,32.33,0.821,False,,True,unattributed,6,evt_01-P02_upper_body_0011,9f9abdf258ebd2bb,native_source_context_fallback,no_pose_observation,14277.0,3.78,,1,01/e1/v1,
corpus_01,01.Candidate was found using a mobile phone in the examination hall..mkv,b842b03e5784d867e93770560d88150a526250df69077cd3065edbbd4c842098,dfine_sahi,57660.0,unknown_object,0.4276,974.01,463.43,1002.31,518.62,1561.6,28.3,55.19,0.513,False,,True,unattributed,6,evt_01-P02_upper_body_0011,9f9abdf258ebd2bb,native_source_context_fallback,no_pose_observation,14277.0,3.78,,1,01/e1/v1,
corpus_01,01.Candidate was found using a mobile phone in the examination hall..mkv,b842b03e5784d867e93770560d88150a526250df69077cd3065edbbd4c842098,dfine_sahi,57660.0,unknown_object,0.3688,1002.56,575.75,1069.94,619.22,2929.3,67.38,43.47,1.55,False,,True,unattributed,6,evt_01-P02_upper_body_0011,9f9abdf258ebd2bb,native_source_context_fallback,no_pose_observation,14277.0,3.78,,1,01/e1/v1,
corpus_01,01.Candidate was found using a mobile phone in the examination hall..mkv,b842b03e5784d867e93770560d88150a526250df69077cd3065edbbd4c842098,dfine_sahi,57660.0,unknown_object,0.2598,956.69,462.22,1031.28,535.19,5443.2,74.59,72.98,1.022,False,,True,unattributed,6,evt_01-P02_upper_body_0011,9f9abdf258ebd2bb,native_source_context_fallback,no_pose_observation,14277.0,3.78,,1,01/e1/v1,
corpus_01,01.Candidate was found using a mobile phone in the examination hall..mkv,b842b03e5784d867e93770560d88150a526250df69077cd3065edbbd4c842098,dfine_sahi,57660.0,unknown_object,0.5628,651.03,406.79,694.79,490.33,3655.1,43.76,83.53,0.524,False,,True,unattributed,5,evt_01-P02_upper_body_0011,be2aacb9678d821e,pose_hand_context,,2304.0,13.33,,1,01/e1/v1,rtmpose_baseline
corpus_01,01.Candidate was found using a mobile phone in the examination hall..mkv,b842b03e5784d867e93770560d88150a526250df69077cd3065edbbd4c842098,dfine_sahi,57660.0,unknown_object,0.4529,690.97,417.18,744.34,488.71,3817.8,53.38,71.53,0.746,False,,True,unattributed,5,evt_01-P02_upper_body_0011,be2aacb9678d821e,pose_hand_context,,2304.0,13.33,,1,01/e1/v1,rtmpose_baseline
corpus_01,01.Candidate was found using a mobile phone in the examination hall..mkv,b842b03e5784d867e93770560d88150a526250df69077cd3065edbbd4c842098,dfine_sahi,57660.0,unknown_object,0.3395,702.22,418.8,728.73,451.61,869.8,26.51,32.81,0.808,False,,True,unattributed,5,evt_01-P02_upper_body_0011,be2aacb9678d821e,pose_hand_context,,2304.0,13.33,,1,01/e1/v1,rtmpose_baseline
corpus_01,01.Candidate was found using a mobile phone in the examination hall..mkv,b842b03e5784d867e93770560d88150a526250df69077cd3065edbbd4c842098,dfine_sahi,57660.0,unknown_object,0.3335,651.13,395.3,746.89,490.38,9105.1,95.76,95.08,1.007,False,,True,unattributed,5,evt_01-P02_upper_body_0011,be2aacb9678d821e,pose_hand_context,,2304.0,13.33,,1,01/e1/v1,rtmpose_baseline
corpus_01,01.Candidate was found using a mobile phone in the examination hall..mkv,b842b03e5784d867e93770560d88150a526250df69077cd3065edbbd4c842098,dfine_sahi,57660.0,unknown_object,0.2762,708.3,395.07,735.83,423.45,781.3,27.53,28.38,0.97,False,,True,unattributed,5,evt_01-P02_upper_body_0011,be2aacb9678d821e,pose_hand_context,,2304.0,13.33,,1,01/e1/v1,rtmpose_baseline
corpus_01,01.Candidate was found using a mobile phone in the examination hall..mkv,b842b03e5784d867e93770560d88150a526250df69077cd3065edbbd4c842098,dfine_sahi,57660.0,unknown_object,0.2725,728.14,395.19,746.99,447.24,981.3,18.85,52.05,0.362,False,,True,unattributed,5,evt_01-P02_upper_body_0011,be2aacb9678d821e,pose_hand_context,,2304.0,13.33,,1,01/e1/v1,rtmpose_baseline
corpus_01,01.Candidate was found using a mobile phone in the examination hall..mkv,b842b03e5784d867e93770560d88150a526250df69077cd3065edbbd4c842098,dfine_sahi,57660.0,unknown_object,0.2694,715.65,426.16,742.22,453.33,721.8,26.57,27.17,0.978,False,,True,unattributed,5,evt_01-P02_upper_body_0011,be2aacb9678d821e,pose_hand_context,,2304.0,13.33,,1,01/e1/v1,rtmpose_baseline
corpus_01,01.Candidate was found using a mobile phone in the examination hall..mkv,b842b03e5784d867e93770560d88150a526250df69077cd3065edbbd4c842098,dfine_sahi,57660.0,monitor_or_bezel,0.824,979.29,590.62,1046.08,712.46,8137.5,66.79,121.84,0.548,False,,True,unattributed,7,evt_01-P02_upper_body_0011,c5eda715e80ba734,native_source_context_fallback,no_pose_observation,35063.8,2.52,,1,01/e1/v1,
corpus_01,01.Candidate was found using a mobile phone in the examination hall..mkv,b842b03e5784d867e93770560d88150a526250df69077cd3065edbbd4c842098,dfine_sahi,57660.0,unknown_object,0.5687,999.89,493.13,1046.51,571.22,3640.9,46.62,78.09,0.597,False,,True,unattributed,7,evt_01-P02_upper_body_0011,c5eda715e80ba734,native_source_context_fallback,no_pose_observation,35063.8,2.52,,1,01/e1/v1,
corpus_01,01.Candidate was found using a mobile phone in the examination hall..mkv,b842b03e5784d867e93770560d88150a526250df69077cd3065edbbd4c842098,dfine_sahi,57660.0,monitor_or_bezel,0.5044,907.3,657.32,987.5,712.8,4450.2,80.21,55.48,1.446,False,,True,unattributed,7,evt_01-P02_upper_body_0011,c5eda715e80ba734,native_source_context_fallback,no_pose_observation,35063.8,2.52,,1,01/e1/v1,
corpus_01,01.Candidate was found using a mobile phone in the examination hall..mkv,b842b03e5784d867e93770560d88150a526250df69077cd3065edbbd4c842098,dfine_sahi,57660.0,unknown_object,0.4345,1002.31,562.13,1046.06,619.88,2526.7,43.75,57.75,0.758,False,,True,unattributed,7,evt_01-P02_upper_body_0011,c5eda715e80ba734,native_source_context_fallback,no_pose_observation,35063.8,2.52,,1,01/e1/v1,
corpus_01,01.Candidate was found using a mobile phone in the examination hall..mkv,b842b03e5784d867e93770560d88150a526250df69077cd3065edbbd4c842098,dfine_sahi,57660.0,unknown_object,0.3672,976.98,503.65,1002.44,534.1,775.1,25.46,30.45,0.836,False,,True,unattributed,7,evt_01-P02_upper_body_0011,c5eda715e80ba734,native_source_context_fallback,no_pose_observation,35063.8,2.52,,1,01/e1/v1,
corpus_01,01.Candidate was found using a mobile phone in the examination hall..mkv,b842b03e5784d867e93770560d88150a526250df69077cd3065edbbd4c842098,dfine_sahi,57660.0,monitor_or_bezel,0.3338,959.08,570.2,982.96,639.35,1651.5,23.88,69.15,0.345,False,,True,unattributed,7,evt_01-P02_upper_body_0011,c5eda715e80ba734,native_source_context_fallback,no_pose_observation,35063.8,2.52,,1,01/e1/v1,
corpus_01,01.Candidate was found using a mobile phone in the examination hall..mkv,b842b03e5784d867e93770560d88150a526250df69077cd3065edbbd4c842098,dfine_sahi,57660.0,monitor_or_bezel,0.3202,958.8,657.5,986.58,712.83,1537.1,27.78,55.33,0.502,False,,True,unattributed,7,evt_01-P02_upper_body_0011,c5eda715e80ba734,native_source_context_fallback,no_pose_observation,35063.8,2.52,,1,01/e1/v1,
corpus_01,01.Candidate was found using a mobile phone in the examination hall..mkv,b842b03e5784d867e93770560d88150a526250df69077cd3065edbbd4c842098,dfine_sahi,57660.0,unknown_object,0.3185,1004.55,459.08,1055.1,601.56,7201.8,50.55,142.48,0.355,False,,True,unattributed,7,evt_01-P02_upper_body_0011,c5eda715e80ba734,native_source_context_fallback,no_pose_observation,35063.8,2.52,,1,01/e1/v1,
corpus_01,01.Candidate was found using a mobile phone in the examination hall..mkv,b842b03e5784d867e93770560d88150a526250df69077cd3065edbbd4c842098,dfine_sahi,57660.0,unknown_object,0.291,1016.22,578.83,1055.07,601.97,899.1,38.85,23.14,1.679,False,,True,unattributed,7,evt_01-P02_upper_body_0011,c5eda715e80ba734,native_source_context_fallback,no_pose_observation,35063.8,2.52,,1,01/e1/v1,
corpus_01,01.Candidate was found using a mobile phone in the examination hall..mkv,b842b03e5784d867e93770560d88150a526250df69077cd3065edbbd4c842098,dfine_sahi,57660.0,unknown_object,0.2841,979.43,562.51,1046.09,712.08,9970.3,66.66,149.57,0.446,False,,True,unattributed,7,evt_01-P02_upper_body_0011,c5eda715e80ba734,native_source_context_fallback,no_pose_observation,35063.8,2.52,,1,01/e1/v1,
corpus_01,01.Candidate was found using a mobile phone in the examination hall..mkv,b842b03e5784d867e93770560d88150a526250df69077cd3065edbbd4c842098,dfine_sahi,57660.0,monitor_or_bezel,0.2694,958.86,570.09,987.46,712.5,4073.0,28.6,142.41,0.201,False,,True,unattributed,7,evt_01-P02_upper_body_0011,c5eda715e80ba734,native_source_context_fallback,no_pose_observation,35063.8,2.52,,1,01/e1/v1,
corpus_01,01.Candidate was found using a mobile phone in the examination hall..mkv,b842b03e5784d867e93770560d88150a526250df69077cd3065edbbd4c842098,dfine_sahi,58140.0,unknown_object,0.5346,992.82,587.44,1051.95,631.79,2622.3,59.12,44.35,1.333,False,,True,unattributed,6,evt_01-P02_desk_work_surface_0009,076d6829804413e9,native_source_context_fallback,no_pose_observation,14143.5,3.84,,1,01/e1/v1,
corpus_01,01.Candidate was found using a mobile phone in the examination hall..mkv,b842b03e5784d867e93770560d88150a526250df69077cd3065edbbd4c842098,dfine_sahi,58140.0,unknown_object,0.3735,937.17,537.43,985.9,632.29,4623.5,48.74,94.87,0.514,False,,True,unattributed,6,evt_01-P02_desk_work_surface_0009,076d6829804413e9,native_source_context_fallback,no_pose_observation,14143.5,3.84,,1,01/e1/v1,
corpus_01,01.Candidate was found using a mobile phone in the examination hall..mkv,b842b03e5784d867e93770560d88150a526250df69077cd3065edbbd4c842098,dfine_sahi,58140.0,phone,0.3729,1015.1,518.36,1024.51,532.09,129.1,9.41,13.72,0.685,False,,True,unattributed,6,evt_01-P02_desk_work_surface_0009,076d6829804413e9,native_source_context_fallback,no_pose_observation,14143.5,3.84,,1,01/e1/v1,
corpus_01,01.Candidate was found using a mobile phone in the examination hall..mkv,b842b03e5784d867e93770560d88150a526250df69077cd3065edbbd4c842098,dfine_sahi,58140.0,unknown_object,0.342,1019.28,464.13,1070.92,559.45,4921.7,51.63,95.32,0.542,False,,True,unattributed,6,evt_01-P02_desk_work_surface_0009,076d6829804413e9,native_source_context_fallback,no_pose_observation,14143.5,3.84,,1,01/e1/v1,
corpus_01,01.Candidate was found using a mobile phone in the examination hall..mkv,b842b03e5784d867e93770560d88150a526250df69077cd3065edbbd4c842098,dfine_sahi,58140.0,unknown_object,0.3278,986.3,562.12,1015.43,629.33,1958.1,29.13,67.21,0.433,False,,True,unattributed,6,evt_01-P02_desk_work_surface_0009,076d6829804413e9,native_source_context_fallback,no_pose_observation,14143.5,3.84,,1,01/e1/v1,
corpus_01,01.Candidate was found using a mobile phone in the examination hall..mkv,b842b03e5784d867e93770560d88150a526250df69077cd3065edbbd4c842098,dfine_sahi,58140.0,monitor_or_bezel,0.3276,993.98,596.69,1032.94,632.22,1384.6,38.96,35.54,1.096,False,,True,unattributed,6,evt_01-P02_desk_work_surface_0009,076d6829804413e9,native_source_context_fallback,no_pose_observation,14143.5,3.84,,1,01/e1/v1,
corpus_01,01.Candidate was found using a mobile phone in the examination hall..mkv,b842b03e5784d867e93770560d88150a526250df69077cd3065edbbd4c842098,dfine_sahi,58140.0,monitor_or_bezel,0.3173,1002.22,566.15,1032.98,619.81,1650.6,30.76,53.66,0.573,False,,True,unattributed,6,evt_01-P02_desk_work_surface_0009,076d6829804413e9,native_source_context_fallback,no_pose_observation,14143.5,3.84,,1,01/e1/v1,
corpus_01,01.Candidate was found using a mobile phone in the examination hall..mkv,b842b03e5784d867e93770560d88150a526250df69077cd3065edbbd4c842098,dfine_sahi,58140.0,unknown_object,0.3154,992.4,465.04,1052.09,631.11,9912.8,59.69,166.07,0.359,False,,True,unattributed,6,evt_01-P02_desk_work_surface_0009,076d6829804413e9,native_source_context_fallback,no_pose_observation,14143.5,3.84,,1,01/e1/v1,
corpus_01,01.Candidate was found using a mobile phone in the examination hall..mkv,b842b03e5784d867e93770560d88150a526250df69077cd3065edbbd4c842098,dfine_sahi,58140.0,unknown_object,0.2815,983.55,560.96,1070.99,632.11,6221.5,87.44,71.15,1.229,False,,True,unattributed,6,evt_01-P02_desk_work_surface_0009,076d6829804413e9,native_source_context_fallback,no_pose_observation,14143.5,3.84,,1,01/e1/v1,
corpus_01,01.Candidate was found using a mobile phone in the examination hall..mkv,b842b03e5784d867e93770560d88150a526250df69077cd3065edbbd4c842098,dfine_sahi,58140.0,unknown_object,0.275,1013.24,574.8,1070.99,609.59,2009.0,57.75,34.79,1.66,False,,True,unattributed,6,evt_01-P02_desk_work_surface_0009,076d6829804413e9,native_source_context_fallback,no_pose_observation,14143.5,3.84,,1,01/e1/v1,
corpus_01,01.Candidate was found using a mobile phone in the examination hall..mkv,b842b03e5784d867e93770560d88150a526250df69077cd3065edbbd4c842098,dfine_sahi,58140.0,unknown_object,0.6744,649.03,406.76,694.49,495.34,4026.8,45.46,88.58,0.513,False,,True,unattributed,5,evt_01-P02_desk_work_surface_0009,5950c89fac658d94,pose_hand_context,,2304.0,13.33,,1,01/e1/v1,rtmpose_baseline
corpus_01,01.Candidate was found using a mobile phone in the examination hall..mkv,b842b03e5784d867e93770560d88150a526250df69077cd3065edbbd4c842098,dfine_sahi,58140.0,unknown_object,0.3338,703.3,436.37,717.43,450.24,195.9,14.13,13.87,1.019,False,,True,unattributed,5,evt_01-P02_desk_work_surface_0009,5950c89fac658d94,pose_hand_context,,2304.0,13.33,,1,01/e1/v1,rtmpose_baseline
corpus_01,01.Candidate was found using a mobile phone in the examination hall..mkv,b842b03e5784d867e93770560d88150a526250df69077cd3065edbbd4c842098,dfine_sahi,58140.0,unknown_object,0.2921,692.67,419.31,728.0,457.98,1366.4,35.33,38.67,0.914,False,,True,unattributed,5,evt_01-P02_desk_work_surface_0009,5950c89fac658d94,pose_hand_context,,2304.0,13.33,,1,01/e1/v1,rtmpose_baseline
corpus_01,01.Candidate was found using a mobile phone in the examination hall..mkv,b842b03e5784d867e93770560d88150a526250df69077cd3065edbbd4c842098,dfine_sahi,58140.0,unknown_object,0.2848,691.35,450.73,741.89,488.86,1926.6,50.54,38.12,1.326,False,,True,unattributed,5,evt_01-P02_desk_work_surface_0009,5950c89fac658d94,pose_hand_context,,2304.0,13.33,,1,01/e1/v1,rtmpose_baseline
corpus_01,01.Candidate was found using a mobile phone in the examination hall..mkv,b842b03e5784d867e93770560d88150a526250df69077cd3065edbbd4c842098,dfine_sahi,58140.0,unknown_object,0.2847,649.02,400.32,744.85,495.3,9102.1,95.83,94.98,1.009,False,,True,unattributed,5,evt_01-P02_desk_work_surface_0009,5950c89fac658d94,pose_hand_context,,2304.0,13.33,,1,01/e1/v1,rtmpose_baseline
corpus_01,01.Candidate was found using a mobile phone in the examination hall..mkv,b842b03e5784d867e93770560d88150a526250df69077cd3065edbbd4c842098,dfine_sahi,58140.0,bag,0.2509,715.78,425.74,742.26,452.72,714.3,26.48,26.97,0.982,False,,True,unattributed,5,evt_01-P02_desk_work_surface_0009,5950c89fac658d94,pose_hand_context,,2304.0,13.33,,1,01/e1/v1,rtmpose_baseline
corpus_01,01.Candidate was found using a mobile phone in the examination hall..mkv,b842b03e5784d867e93770560d88150a526250df69077cd3065edbbd4c842098,dfine_sahi,58140.0,unknown_object,0.6028,777.99,605.3,823.05,719.35,5139.0,45.06,114.05,0.395,False,,True,unattributed,4,evt_01-P02_desk_work_surface_0009,9e06d2590a307834,pose_hand_context,,52535.8,2.69,,1,01/e1/v1,rtmpose_baseline
corpus_01,01.Candidate was found using a mobile phone in the examination hall..mkv,b842b03e5784d867e93770560d88150a526250df69077cd3065edbbd4c842098,dfine_sahi,58140.0,unknown_object,0.5709,698.64,499.14,755.38,585.0,4871.8,56.74,85.86,0.661,False,,True,unattributed,4,evt_01-P02_desk_work_surface_0009,9e06d2590a307834,pose_hand_context,,52535.8,2.69,,1,01/e1/v1,rtmpose_baseline
corpus_01,01.Candidate was found using a mobile phone in the examination hall..mkv,b842b03e5784d867e93770560d88150a526250df69077cd3065edbbd4c842098,dfine_sahi,58140.0,unknown_object,0.4691,674.0,576.75,700.76,645.41,1837.9,26.76,68.67,0.39,False,,True,unattributed,4,evt_01-P02_desk_work_surface_0009,9e06d2590a307834,pose_hand_context,,52535.8,2.69,,1,01/e1/v1,rtmpose_baseline
corpus_01,01.Candidate was found using a mobile phone in the examination hall..mkv,b842b03e5784d867e93770560d88150a526250df69077cd3065edbbd4c842098,dfine_sahi,58140.0,bag,0.4325,727.14,700.43,788.48,719.68,1181.1,61.34,19.26,3.185,False,,True,unattributed,4,evt_01-P02_desk_work_surface_0009,9e06d2590a307834,pose_hand_context,,52535.8,2.69,,1,01/e1/v1,rtmpose_baseline
corpus_01,01.Candidate was found using a mobile phone in the examination hall..mkv,b842b03e5784d867e93770560d88150a526250df69077cd3065edbbd4c842098,dfine_sahi,58140.0,unknown_object,0.4179,790.25,518.0,823.57,614.35,3210.1,33.32,96.34,0.346,False,,True,unattributed,4,evt_01-P02_desk_work_surface_0009,9e06d2590a307834,pose_hand_context,,52535.8,2.69,,1,01/e1/v1,rtmpose_baseline
corpus_01,01.Candidate was found using a mobile phone in the examination hall..mkv,b842b03e5784d867e93770560d88150a526250df69077cd3065edbbd4c842098,dfine_sahi,58140.0,unknown_object,0.3756,777.97,669.67,822.71,719.57,2232.2,44.74,49.89,0.897,False,,True,unattributed,4,evt_01-P02_desk_work_surface_0009,9e06d2590a307834,pose_hand_context,,52535.8,2.69,,1,01/e1/v1,rtmpose_baseline
corpus_01,01.Candidate was found using a mobile phone in the examination hall..mkv,b842b03e5784d867e93770560d88150a526250df69077cd3065edbbd4c842098,dfine_sahi,58140.0,unknown_object,0.3253,673.9,499.13,754.17,645.64,11758.9,80.26,146.5,0.548,False,,True,unattributed,4,evt_01-P02_desk_work_surface_0009,9e06d2590a307834,pose_hand_context,,52535.8,2.69,,1,01/e1/v1,rtmpose_baseline
corpus_01,01.Candidate was found using a mobile phone in the examination hall..mkv,b842b03e5784d867e93770560d88150a526250df69077cd3065edbbd4c842098,dfine_sahi,58140.0,unknown_object,0.2901,790.35,498.96,911.91,621.71,14923.0,121.57,122.76,0.99,False,,True,unattributed,4,evt_01-P02_desk_work_surface_0009,9e06d2590a307834,pose_hand_context,,52535.8,2.69,,1,01/e1/v1,rtmpose_baseline
corpus_01,01.Candidate was found using a mobile phone in the examination hall..mkv,b842b03e5784d867e93770560d88150a526250df69077cd3065edbbd4c842098,dfine_sahi,58140.0,monitor_or_bezel,0.8805,980.1,589.21,1047.87,713.28,8407.9,67.77,124.07,0.546,False,,True,unattributed,7,evt_01-P02_desk_work_surface_0009,c1449f2c781d86ac,native_source_context_fallback,no_pose_observation,34478.1,2.54,,1,01/e1/v1,
corpus_01,01.Candidate was found using a mobile phone in the examination hall..mkv,b842b03e5784d867e93770560d88150a526250df69077cd3065edbbd4c842098,dfine_sahi,58140.0,unknown_object,0.4287,1019.29,463.19,1047.89,561.33,2806.9,28.6,98.14,0.291,False,,True,unattributed,7,evt_01-P02_desk_work_surface_0009,c1449f2c781d86ac,native_source_context_fallback,no_pose_observation,34478.1,2.54,,1,01/e1/v1,
corpus_01,01.Candidate was found using a mobile phone in the examination hall..mkv,b842b03e5784d867e93770560d88150a526250df69077cd3065edbbd4c842098,dfine_sahi,58140.0,unknown_object,0.3985,1002.13,561.13,1047.87,619.31,2661.2,45.74,58.18,0.786,False,,True,unattributed,7,evt_01-P02_desk_work_surface_0009,c1449f2c781d86ac,native_source_context_fallback,no_pose_observation,34478.1,2.54,,1,01/e1/v1,
corpus_01,01.Candidate was found using a mobile phone in the examination hall..mkv,b842b03e5784d867e93770560d88150a526250df69077cd3065edbbd4c842098,dfine_sahi,58140.0,monitor_or_bezel,0.3941,980.41,658.38,997.06,713.85,923.7,16.65,55.47,0.3,False,,True,unattributed,7,evt_01-P02_desk_work_surface_0009,c1449f2c781d86ac,native_source_context_fallback,no_pose_observation,34478.1,2.54,,1,01/e1/v1,
corpus_01,01.Candidate was found using a mobile phone in the examination hall..mkv,b842b03e5784d867e93770560d88150a526250df69077cd3065edbbd4c842098,dfine_sahi,58140.0,unknown_object,0.3681,1003.01,463.07,1057.04,603.68,7596.8,54.03,140.61,0.384,False,,True,unattributed,7,evt_01-P02_desk_work_surface_0009,c1449f2c781d86ac,native_source_context_fallback,no_pose_observation,34478.1,2.54,,1,01/e1/v1,
corpus_01,01.Candidate was found using a mobile phone in the examination hall..mkv,b842b03e5784d867e93770560d88150a526250df69077cd3065edbbd4c842098,dfine_sahi,58140.0,monitor_or_bezel,0.3503,960.94,657.25,987.19,713.78,1484.1,26.25,56.53,0.464,False,,True,unattributed,7,evt_01-P02_desk_work_surface_0009,c1449f2c781d86ac,native_source_context_fallback,no_pose_observation,34478.1,2.54,,1,01/e1/v1,
corpus_01,01.Candidate was found using a mobile phone in the examination hall..mkv,b842b03e5784d867e93770560d88150a526250df69077cd3065edbbd4c842098,dfine_sahi,58140.0,bag,0.3122,907.2,657.17,986.85,713.66,4500.3,79.66,56.5,1.41,False,,True,unattributed,7,evt_01-P02_desk_work_surface_0009,c1449f2c781d86ac,native_source_context_fallback,no_pose_observation,34478.1,2.54,,1,01/e1/v1,
corpus_01,01.Candidate was found using a mobile phone in the examination hall..mkv,b842b03e5784d867e93770560d88150a526250df69077cd3065edbbd4c842098,dfine_sahi,58140.0,phone,0.2947,907.2,524.75,914.33,560.5,254.7,7.13,35.75,0.199,False,,True,unattributed,7,evt_01-P02_desk_work_surface_0009,c1449f2c781d86ac,native_source_context_fallback,no_pose_observation,34478.1,2.54,,1,01/e1/v1,
corpus_01,01.Candidate was found using a mobile phone in the examination hall..mkv,b842b03e5784d867e93770560d88150a526250df69077cd3065edbbd4c842098,dfine_sahi,58140.0,phone,0.2636,1003.81,518.37,1024.67,547.24,602.1,20.86,28.86,0.723,False,,True,unattributed,7,evt_01-P02_desk_work_surface_0009,c1449f2c781d86ac,native_source_context_fallback,no_pose_observation,34478.1,2.54,,1,01/e1/v1,
corpus_01,01.Candidate was found using a mobile phone in the examination hall..mkv,b842b03e5784d867e93770560d88150a526250df69077cd3065edbbd4c842098,dfine_sahi,58140.0,keyboard,0.2603,910.36,657.57,982.81,702.7,3269.1,72.44,45.13,1.605,False,,True,unattributed,7,evt_01-P02_desk_work_surface_0009,c1449f2c781d86ac,native_source_context_fallback,no_pose_observation,34478.1,2.54,,1,01/e1/v1,
corpus_01,01.Candidate was found using a mobile phone in the examination hall..mkv,b842b03e5784d867e93770560d88150a526250df69077cd3065edbbd4c842098,dfine_sahi,58620.0,phone,0.7961,1015.3,505.35,1030.8,531.1,399.0,15.49,25.75,0.602,False,,True,unattributed,6,evt_01-P03_upper_body_0018,352196567e9ed251,native_source_context_fallback,no_pose_observation,14518.5,3.89,,1,01/e1/v1,
corpus_01,01.Candidate was found using a mobile phone in the examination hall..mkv,b842b03e5784d867e93770560d88150a526250df69077cd3065edbbd4c842098,dfine_sahi,58620.0,unknown_object,0.4846,994.64,585.13,1053.91,629.8,2647.5,59.27,44.67,1.327,False,,True,unattributed,6,evt_01-P03_upper_body_0018,352196567e9ed251,native_source_context_fallback,no_pose_observation,14518.5,3.89,,1,01/e1/v1,
corpus_01,01.Candidate was found using a mobile phone in the examination hall..mkv,b842b03e5784d867e93770560d88150a526250df69077cd3065edbbd4c842098,dfine_sahi,58620.0,phone,0.4332,995.01,465.07,1030.69,530.82,2346.1,35.68,65.75,0.543,False,,True,unattributed,6,evt_01-P03_upper_body_0018,352196567e9ed251,native_source_context_fallback,no_pose_observation,14518.5,3.89,,1,01/e1/v1,
corpus_01,01.Candidate was found using a mobile phone in the examination hall..mkv,b842b03e5784d867e93770560d88150a526250df69077cd3065edbbd4c842098,dfine_sahi,58620.0,unknown_object,0.3954,1011.56,574.99,1072.95,611.11,2217.2,61.39,36.12,1.7,False,,True,unattributed,6,evt_01-P03_upper_body_0018,352196567e9ed251,native_source_context_fallback,no_pose_observation,14518.5,3.89,,1,01/e1/v1,
corpus_01,01.Candidate was found using a mobile phone in the examination hall..mkv,b842b03e5784d867e93770560d88150a526250df69077cd3065edbbd4c842098,dfine_sahi,58620.0,phone,0.3666,994.22,463.06,1029.98,485.53,803.5,35.76,22.47,1.592,False,,True,unattributed,6,evt_01-P03_upper_body_0018,352196567e9ed251,native_source_context_fallback,no_pose_observation,14518.5,3.89,,1,01/e1/v1,
corpus_01,01.Candidate was found using a mobile phone in the examination hall..mkv,b842b03e5784d867e93770560d88150a526250df69077cd3065edbbd4c842098,dfine_sahi,58620.0,bag,0.3338,938.23,535.55,987.99,630.27,4713.2,49.76,94.72,0.525,False,,True,unattributed,6,evt_01-P03_upper_body_0018,352196567e9ed251,native_source_context_fallback,no_pose_observation,14518.5,3.89,,1,01/e1/v1,
corpus_01,01.Candidate was found using a mobile phone in the examination hall..mkv,b842b03e5784d867e93770560d88150a526250df69077cd3065edbbd4c842098,dfine_sahi,58620.0,phone,0.2808,1014.83,463.28,1031.15,531.23,1109.1,16.32,67.95,0.24,False,,True,unattributed,6,evt_01-P03_upper_body_0018,352196567e9ed251,native_source_context_fallback,no_pose_observation,14518.5,3.89,,1,01/e1/v1,
corpus_01,01.Candidate was found using a mobile phone in the examination hall..mkv,b842b03e5784d867e93770560d88150a526250df69077cd3065edbbd4c842098,dfine_sahi,58620.0,unknown_object,0.2793,981.93,560.61,1073.01,630.55,6370.5,91.08,69.94,1.302,False,,True,unattributed,6,evt_01-P03_upper_body_0018,352196567e9ed251,native_source_context_fallback,no_pose_observation,14518.5,3.89,,1,01/e1/v1,
corpus_01,01.Candidate was found using a mobile phone in the examination hall..mkv,b842b03e5784d867e93770560d88150a526250df69077cd3065edbbd4c842098,dfine_sahi,58620.0,unknown_object,0.2597,1002.3,566.17,1033.98,620.08,1708.1,31.69,53.9,0.588,False,,True,unattributed,6,evt_01-P03_upper_body_0018,352196567e9ed251,native_source_context_fallback,no_pose_observation,14518.5,3.89,,1,01/e1/v1,
corpus_01,01.Candidate was found using a mobile phone in the examination hall..mkv,b842b03e5784d867e93770560d88150a526250df69077cd3065edbbd4c842098,dfine_sahi,58620.0,unknown_object,0.6704,777.97,607.47,823.11,719.46,5055.1,45.14,111.99,0.403,False,,True,unattributed,4,evt_01-P03_upper_body_0018,a37c948dd6043680,pose_hand_context,,53122.5,2.66,,1,01/e1/v1,rtmpose_baseline
corpus_01,01.Candidate was found using a mobile phone in the examination hall..mkv,b842b03e5784d867e93770560d88150a526250df69077cd3065edbbd4c842098,dfine_sahi,58620.0,unknown_object,0.567,699.34,499.07,753.47,585.06,4654.9,54.13,85.99,0.63,False,,True,unattributed,4,evt_01-P03_upper_body_0018,a37c948dd6043680,pose_hand_context,,53122.5,2.66,,1,01/e1/v1,rtmpose_baseline
corpus_01,01.Candidate was found using a mobile phone in the examination hall..mkv,b842b03e5784d867e93770560d88150a526250df69077cd3065edbbd4c842098,dfine_sahi,58620.0,unknown_object,0.5312,672.99,576.62,700.81,645.46,1914.9,27.82,68.83,0.404,False,,True,unattributed,4,evt_01-P03_upper_body_0018,a37c948dd6043680,pose_hand_context,,53122.5,2.66,,1,01/e1/v1,rtmpose_baseline
corpus_01,01.Candidate was found using a mobile phone in the examination hall..mkv,b842b03e5784d867e93770560d88150a526250df69077cd3065edbbd4c842098,dfine_sahi,58620.0,bag,0.4578,727.1,700.33,788.66,719.72,1194.0,61.56,19.4,3.174,False,,True,unattributed,4,evt_01-P03_upper_body_0018,a37c948dd6043680,pose_hand_context,,53122.5,2.66,,1,01/e1/v1,rtmpose_baseline
corpus_01,01.Candidate was found using a mobile phone in the examination hall..mkv,b842b03e5784d867e93770560d88150a526250df69077cd3065edbbd4c842098,dfine_sahi,58620.0,unknown_object,0.4557,777.97,669.57,822.88,719.63,2248.4,44.92,50.06,0.897,False,,True,unattributed,4,evt_01-P03_upper_body_0018,a37c948dd6043680,pose_hand_context,,53122.5,2.66,,1,01/e1/v1,rtmpose_baseline
corpus_01,01.Candidate was found using a mobile phone in the examination hall..mkv,b842b03e5784d867e93770560d88150a526250df69077cd3065edbbd4c842098,dfine_sahi,58620.0,bag,0.3619,790.4,520.06,822.52,616.57,3099.3,32.12,96.5,0.333,False,,True,unattributed,4,evt_01-P03_upper_body_0018,a37c948dd6043680,pose_hand_context,,53122.5,2.66,,1,01/e1/v1,rtmpose_baseline
corpus_01,01.Candidate was found using a mobile phone in the examination hall..mkv,b842b03e5784d867e93770560d88150a526250df69077cd3065edbbd4c842098,dfine_sahi,58620.0,unknown_object,0.359,673.03,576.72,699.71,598.31,575.7,26.67,21.58,1.236,False,,True,unattributed,4,evt_01-P03_upper_body_0018,a37c948dd6043680,pose_hand_context,,53122.5,2.66,,1,01/e1/v1,rtmpose_baseline
corpus_01,01.Candidate was found using a mobile phone in the examination hall..mkv,b842b03e5784d867e93770560d88150a526250df69077cd3065edbbd4c842098,dfine_sahi,58620.0,unknown_object,0.3176,672.91,498.99,752.32,645.61,11643.2,79.41,146.61,0.542,False,,True,unattributed,4,evt_01-P03_upper_body_0018,a37c948dd6043680,pose_hand_context,,53122.5,2.66,,1,01/e1/v1,rtmpose_baseline
corpus_01,01.Candidate was found using a mobile phone in the examination hall..mkv,b842b03e5784d867e93770560d88150a526250df69077cd3065edbbd4c842098,dfine_sahi,58620.0,unknown_object,0.2617,672.98,614.69,700.4,645.55,846.0,27.41,30.86,0.888,False,,True,unattributed,4,evt_01-P03_upper_body_0018,a37c948dd6043680,pose_hand_context,,53122.5,2.66,,1,01/e1/v1,rtmpose_baseline
corpus_01,01.Candidate was found using a mobile phone in the examination hall..mkv,b842b03e5784d867e93770560d88150a526250df69077cd3065edbbd4c842098,dfine_sahi,58620.0,bag,0.252,790.26,518.53,912.86,621.72,12651.9,122.6,103.19,1.188,False,,True,unattributed,4,evt_01-P03_upper_body_0018,a37c948dd6043680,pose_hand_context,,53122.5,2.66,,1,01/e1/v1,rtmpose_baseline
corpus_01,01.Candidate was found using a mobile phone in the examination hall..mkv,b842b03e5784d867e93770560d88150a526250df69077cd3065edbbd4c842098,dfine_sahi,58620.0,unknown_object,0.6418,657.01,406.66,694.58,492.28,3216.9,37.57,85.62,0.439,False,,True,unattributed,5,evt_01-P03_upper_body_0018,c29d9321ecbb033a,pose_hand_context,,2304.0,13.33,,1,01/e1/v1,rtmpose_baseline
corpus_01,01.Candidate was found using a mobile phone in the examination hall..mkv,b842b03e5784d867e93770560d88150a526250df69077cd3065edbbd4c842098,dfine_sahi,58620.0,unknown_object,0.414,657.13,406.43,744.38,492.22,7485.8,87.25,85.79,1.017,False,,True,unattributed,5,evt_01-P03_upper_body_0018,c29d9321ecbb033a,pose_hand_context,,2304.0,13.33,,1,01/e1/v1,rtmpose_baseline
corpus_01,01.Candidate was found using a mobile phone in the examination hall..mkv,b842b03e5784d867e93770560d88150a526250df69077cd3065edbbd4c842098,dfine_sahi,58620.0,unknown_object,0.3979,701.28,419.66,727.27,450.31,796.8,26.0,30.65,0.848,False,,True,unattributed,5,evt_01-P03_upper_body_0018,c29d9321ecbb033a,pose_hand_context,,2304.0,13.33,,1,01/e1/v1,rtmpose_baseline
corpus_01,01.Candidate was found using a mobile phone in the examination hall..mkv,b842b03e5784d867e93770560d88150a526250df69077cd3065edbbd4c842098,dfine_sahi,58620.0,unknown_object,0.274,660.57,397.06,735.12,450.11,3955.4,74.56,53.05,1.405,False,,True,unattributed,5,evt_01-P03_upper_body_0018,c29d9321ecbb033a,pose_hand_context,,2304.0,13.33,,1,01/e1/v1,rtmpose_baseline
corpus_01,01.Candidate was found using a mobile phone in the examination hall..mkv,b842b03e5784d867e93770560d88150a526250df69077cd3065edbbd4c842098,dfine_sahi,58620.0,unknown_object,0.2717,727.8,397.18,753.0,446.89,1252.8,25.2,49.71,0.507,False,,True,unattributed,5,evt_01-P03_upper_body_0018,c29d9321ecbb033a,pose_hand_context,,2304.0,13.33,,1,01/e1/v1,rtmpose_baseline
corpus_01,01.Candidate was found using a mobile phone in the examination hall..mkv,b842b03e5784d867e93770560d88150a526250df69077cd3065edbbd4c842098,dfine_sahi,58660.0,phone,0.6975,1015.31,505.23,1031.16,530.91,407.0,15.85,25.68,0.617,False,,True,unattributed,6,evt_01-P02_upper_body_0011,4d7f3b3875be23ed,native_source_context_fallback,no_pose_observation,14826.5,3.82,,1,01/e1/v1,
corpus_01,01.Candidate was found using a mobile phone in the examination hall..mkv,b842b03e5784d867e93770560d88150a526250df69077cd3065edbbd4c842098,dfine_sahi,58660.0,unknown_object,0.53,1014.03,575.32,1072.93,609.23,1997.1,58.9,33.91,1.737,False,,True,unattributed,6,evt_01-P02_upper_body_0011,4d7f3b3875be23ed,native_source_context_fallback,no_pose_observation,14826.5,3.82,,1,01/e1/v1,
corpus_01,01.Candidate was found using a mobile phone in the examination hall..mkv,b842b03e5784d867e93770560d88150a526250df69077cd3065edbbd4c842098,dfine_sahi,58660.0,unknown_object,0.4741,995.08,586.88,1053.03,629.82,2488.2,57.95,42.93,1.35,False,,True,unattributed,6,evt_01-P02_upper_body_0011,4d7f3b3875be23ed,native_source_context_fallback,no_pose_observation,14826.5,3.82,,1,01/e1/v1,
corpus_01,01.Candidate was found using a mobile phone in the examination hall..mkv,b842b03e5784d867e93770560d88150a526250df69077cd3065edbbd4c842098,dfine_sahi,58660.0,unknown_object,0.4707,994.39,462.14,1031.0,530.68,2509.5,36.61,68.54,0.534,False,,True,unattributed,6,evt_01-P02_upper_body_0011,4d7f3b3875be23ed,native_source_context_fallback,no_pose_observation,14826.5,3.82,,1,01/e1/v1,
corpus_01,01.Candidate was found using a mobile phone in the examination hall..mkv,b842b03e5784d867e93770560d88150a526250df69077cd3065edbbd4c842098,dfine_sahi,58660.0,unknown_object,0.4282,1002.22,560.19,1053.07,620.16,3049.4,50.85,59.97,0.848,False,,True,unattributed,6,evt_01-P02_upper_body_0011,4d7f3b3875be23ed,native_source_context_fallback,no_pose_observation,14826.5,3.82,,1,01/e1/v1,
corpus_01,01.Candidate was found using a mobile phone in the examination hall..mkv,b842b03e5784d867e93770560d88150a526250df69077cd3065edbbd4c842098,dfine_sahi,58660.0,phone,0.4174,999.49,479.96,1031.54,530.81,1630.0,32.05,50.85,0.63,False,,True,unattributed,6,evt_01-P02_upper_body_0011,4d7f3b3875be23ed,native_source_context_fallback,no_pose_observation,14826.5,3.82,,1,01/e1/v1,
corpus_01,01.Candidate was found using a mobile phone in the examination hall..mkv,b842b03e5784d867e93770560d88150a526250df69077cd3065edbbd4c842098,dfine_sahi,58660.0,bag,0.389,938.15,534.37,987.58,629.35,4694.4,49.43,94.98,0.52,False,,True,unattributed,6,evt_01-P02_upper_body_0011,4d7f3b3875be23ed,native_source_context_fallback,no_pose_observation,14826.5,3.82,,1,01/e1/v1,
corpus_01,01.Candidate was found using a mobile phone in the examination hall..mkv,b842b03e5784d867e93770560d88150a526250df69077cd3065edbbd4c842098,dfine_sahi,58660.0,phone,0.3449,994.25,462.08,1030.54,488.11,944.8,36.29,26.04,1.394,False,,True,unattributed,6,evt_01-P02_upper_body_0011,4d7f3b3875be23ed,native_source_context_fallback,no_pose_observation,14826.5,3.82,,1,01/e1/v1,
corpus_01,01.Candidate was found using a mobile phone in the examination hall..mkv,b842b03e5784d867e93770560d88150a526250df69077cd3065edbbd4c842098,dfine_sahi,58660.0,phone,0.2745,998.56,480.03,1015.46,495.67,264.3,16.9,15.64,1.08,False,,True,unattributed,6,evt_01-P02_upper_body_0011,4d7f3b3875be23ed,native_source_context_fallback,no_pose_observation,14826.5,3.82,,1,01/e1/v1,
corpus_01,01.Candidate was found using a mobile phone in the examination hall..mkv,b842b03e5784d867e93770560d88150a526250df69077cd3065edbbd4c842098,dfine_sahi,58660.0,unknown_object,0.7127,697.77,497.06,754.8,585.08,5019.5,57.02,88.02,0.648,False,,True,unattributed,4,evt_01-P02_upper_body_0011,5b5235bba376459e,pose_hand_context,,54411.5,2.62,,1,01/e1/v1,rtmpose_baseline
corpus_01,01.Candidate was found using a mobile phone in the examination hall..mkv,b842b03e5784d867e93770560d88150a526250df69077cd3065edbbd4c842098,dfine_sahi,58660.0,unknown_object,0.6344,671.0,576.43,700.68,645.39,2046.7,29.68,68.96,0.43,False,,True,unattributed,4,evt_01-P02_upper_body_0011,5b5235bba376459e,pose_hand_context,,54411.5,2.62,,1,01/e1/v1,rtmpose_baseline
corpus_01,01.Candidate was found using a mobile phone in the examination hall..mkv,b842b03e5784d867e93770560d88150a526250df69077cd3065edbbd4c842098,dfine_sahi,58660.0,unknown_object,0.6183,777.97,606.98,823.16,719.43,5081.8,45.19,112.45,0.402,False,,True,unattributed,4,evt_01-P02_upper_body_0011,5b5235bba376459e,pose_hand_context,,54411.5,2.62,,1,01/e1/v1,rtmpose_baseline
corpus_01,01.Candidate was found using a mobile phone in the examination hall..mkv,b842b03e5784d867e93770560d88150a526250df69077cd3065edbbd4c842098,dfine_sahi,58660.0,bag,0.4316,727.05,700.46,788.5,719.85,1191.5,61.45,19.39,3.17,False,,True,unattributed,4,evt_01-P02_upper_body_0011,5b5235bba376459e,pose_hand_context,,54411.5,2.62,,1,01/e1/v1,rtmpose_baseline
corpus_01,01.Candidate was found using a mobile phone in the examination hall..mkv,b842b03e5784d867e93770560d88150a526250df69077cd3065edbbd4c842098,dfine_sahi,58660.0,unknown_object,0.4077,671.03,576.64,699.74,598.41,625.1,28.71,21.77,1.319,False,,True,unattributed,4,evt_01-P02_upper_body_0011,5b5235bba376459e,pose_hand_context,,54411.5,2.62,,1,01/e1/v1,rtmpose_baseline
corpus_01,01.Candidate was found using a mobile phone in the examination hall..mkv,b842b03e5784d867e93770560d88150a526250df69077cd3065edbbd4c842098,dfine_sahi,58660.0,unknown_object,0.3688,777.97,669.67,822.98,719.56,2245.3,45.01,49.89,0.902,False,,True,unattributed,4,evt_01-P02_upper_body_0011,5b5235bba376459e,pose_hand_context,,54411.5,2.62,,1,01/e1/v1,rtmpose_baseline
corpus_01,01.Candidate was found using a mobile phone in the examination hall..mkv,b842b03e5784d867e93770560d88150a526250df69077cd3065edbbd4c842098,dfine_sahi,58660.0,monitor_or_bezel,0.3479,790.46,520.16,822.25,616.5,3062.7,31.79,96.33,0.33,False,,True,unattributed,4,evt_01-P02_upper_body_0011,5b5235bba376459e,pose_hand_context,,54411.5,2.62,,1,01/e1/v1,rtmpose_baseline
corpus_01,01.Candidate was found using a mobile phone in the examination hall..mkv,b842b03e5784d867e93770560d88150a526250df69077cd3065edbbd4c842098,dfine_sahi,58660.0,bag,0.3075,790.15,518.71,914.72,620.71,12706.2,124.56,102.01,1.221,False,,True,unattributed,4,evt_01-P02_upper_body_0011,5b5235bba376459e,pose_hand_context,,54411.5,2.62,,1,01/e1/v1,rtmpose_baseline
corpus_01,01.Candidate was found using a mobile phone in the examination hall..mkv,b842b03e5784d867e93770560d88150a526250df69077cd3065edbbd4c842098,dfine_sahi,58660.0,unknown_object,0.3074,670.99,497.14,754.46,645.5,12383.5,83.47,148.36,0.563,False,,True,unattributed,4,evt_01-P02_upper_body_0011,5b5235bba376459e,pose_hand_context,,54411.5,2.62,,1,01/e1/v1,rtmpose_baseline
corpus_01,01.Candidate was found using a mobile phone in the examination hall..mkv,b842b03e5784d867e93770560d88150a526250df69077cd3065edbbd4c842098,dfine_sahi,58660.0,unknown_object,0.6363,657.02,406.81,694.55,491.29,3170.4,37.53,84.47,0.444,False,,True,unattributed,5,evt_01-P02_upper_body_0011,a5184d281692ae52,pose_hand_context,,2304.0,13.33,,1,01/e1/v1,rtmpose_baseline
corpus_01,01.Candidate was found using a mobile phone in the examination hall..mkv,b842b03e5784d867e93770560d88150a526250df69077cd3065edbbd4c842098,dfine_sahi,58660.0,unknown_object,0.4473,660.1,396.05,735.85,458.29,4714.5,75.74,62.24,1.217,False,,True,unattributed,5,evt_01-P02_upper_body_0011,a5184d281692ae52,pose_hand_context,,2304.0,13.33,,1,01/e1/v1,rtmpose_baseline
corpus_01,01.Candidate was found using a mobile phone in the examination hall..mkv,b842b03e5784d867e93770560d88150a526250df69077cd3065edbbd4c842098,dfine_sahi,58660.0,unknown_object,0.4057,657.04,406.25,752.9,491.51,8172.7,95.86,85.26,1.124,False,,True,unattributed,5,evt_01-P02_upper_body_0011,a5184d281692ae52,pose_hand_context,,2304.0,13.33,,1,01/e1/v1,rtmpose_baseline
corpus_01,01.Candidate was found using a mobile phone in the examination hall..mkv,b842b03e5784d867e93770560d88150a526250df69077cd3065edbbd4c842098,dfine_sahi,58660.0,unknown_object,0.4035,701.2,419.96,727.6,450.41,803.9,26.4,30.45,0.867,False,,True,unattributed,5,evt_01-P02_upper_body_0011,a5184d281692ae52,pose_hand_context,,2304.0,13.33,,1,01/e1/v1,rtmpose_baseline
corpus_01,01.Candidate was found using a mobile phone in the examination hall..mkv,b842b03e5784d867e93770560d88150a526250df69077cd3065edbbd4c842098,dfine_sahi,58660.0,unknown_object,0.3114,691.01,419.26,742.98,487.81,3562.4,51.97,68.55,0.758,False,,True,unattributed,5,evt_01-P02_upper_body_0011,a5184d281692ae52,pose_hand_context,,2304.0,13.33,,1,01/e1/v1,rtmpose_baseline
corpus_01,01.Candidate was found using a mobile phone in the examination hall..mkv,b842b03e5784d867e93770560d88150a526250df69077cd3065edbbd4c842098,dfine_sahi,58660.0,unknown_object,0.2726,727.82,396.18,753.0,446.71,1272.0,25.17,50.53,0.498,False,,True,unattributed,5,evt_01-P02_upper_body_0011,a5184d281692ae52,pose_hand_context,,2304.0,13.33,,1,01/e1/v1,rtmpose_baseline
corpus_01,01.Candidate was found using a mobile phone in the examination hall..mkv,b842b03e5784d867e93770560d88150a526250df69077cd3065edbbd4c842098,dfine_sahi,58820.0,phone,0.7927,1015.14,505.97,1031.58,530.91,410.1,16.44,24.94,0.659,False,,True,unattributed,6,evt_01-P06_upper_body_0046,8c7436e6873ec719,native_source_context_fallback,no_pose_observation,15983.9,3.73,,1,01/e1/v1,
corpus_01,01.Candidate was found using a mobile phone in the examination hall..mkv,b842b03e5784d867e93770560d88150a526250df69077cd3065edbbd4c842098,dfine_sahi,58820.0,phone,0.5232,996.2,460.18,1031.07,530.55,2454.1,34.87,70.37,0.496,False,,True,unattributed,6,evt_01-P06_upper_body_0046,8c7436e6873ec719,native_source_context_fallback,no_pose_observation,15983.9,3.73,,1,01/e1/v1,
corpus_01,01.Candidate was found using a mobile phone in the examination hall..mkv,b842b03e5784d867e93770560d88150a526250df69077cd3065edbbd4c842098,dfine_sahi,58820.0,unknown_object,0.4938,994.29,586.92,1050.88,630.78,2481.6,56.59,43.85,1.29,False,,True,unattributed,6,evt_01-P06_upper_body_0046,8c7436e6873ec719,native_source_context_fallback,no_pose_observation,15983.9,3.73,,1,01/e1/v1,
corpus_01,01.Candidate was found using a mobile phone in the examination hall..mkv,b842b03e5784d867e93770560d88150a526250df69077cd3065edbbd4c842098,dfine_sahi,58820.0,unknown_object,0.4468,1014.81,575.13,1070.97,608.53,1876.2,56.16,33.41,1.681,False,,True,unattributed,6,evt_01-P06_upper_body_0046,8c7436e6873ec719,native_source_context_fallback,no_pose_observation,15983.9,3.73,,1,01/e1/v1,
corpus_01,01.Candidate was found using a mobile phone in the examination hall..mkv,b842b03e5784d867e93770560d88150a526250df69077cd3065edbbd4c842098,dfine_sahi,58820.0,unknown_object,0.322,1002.45,560.52,1050.87,620.12,2886.0,48.42,59.6,0.812,False,,True,unattributed,6,evt_01-P06_upper_body_0046,8c7436e6873ec719,native_source_context_fallback,no_pose_observation,15983.9,3.73,,1,01/e1/v1,
corpus_01,01.Candidate was found using a mobile phone in the examination hall..mkv,b842b03e5784d867e93770560d88150a526250df69077cd3065edbbd4c842098,dfine_sahi,58820.0,phone,0.2694,995.69,460.09,1030.5,486.27,911.3,34.81,26.18,1.329,False,,True,unattributed,6,evt_01-P06_upper_body_0046,8c7436e6873ec719,native_source_context_fallback,no_pose_observation,15983.9,3.73,,1,01/e1/v1,
corpus_01,01.Candidate was found using a mobile phone in the examination hall..mkv,b842b03e5784d867e93770560d88150a526250df69077cd3065edbbd4c842098,dfine_sahi,58820.0,unknown_object,0.2656,1020.2,535.11,1050.52,571.3,1097.0,30.31,36.19,0.838,False,,True,unattributed,6,evt_01-P06_upper_body_0046,8c7436e6873ec719,native_source_context_fallback,no_pose_observation,15983.9,3.73,,1,01/e1/v1,
corpus_01,01.Candidate was found using a mobile phone in the examination hall..mkv,b842b03e5784d867e93770560d88150a526250df69077cd3065edbbd4c842098,dfine_sahi,58820.0,stationery,0.2592,1002.86,574.79,1070.98,619.81,3066.4,68.12,45.02,1.513,False,,True,unattributed,6,evt_01-P06_upper_body_0046,8c7436e6873ec719,native_source_context_fallback,no_pose_observation,15983.9,3.73,,1,01/e1/v1,
corpus_01,01.Candidate was found using a mobile phone in the examination hall..mkv,b842b03e5784d867e93770560d88150a526250df69077cd3065edbbd4c842098,dfine_sahi,58820.0,unknown_object,0.6257,657.02,406.27,694.49,490.32,3148.9,37.46,84.05,0.446,False,,True,unattributed,5,evt_01-P06_upper_body_0046,a7b334565498ecd6,pose_hand_context,,2304.0,13.33,,1,01/e1/v1,rtmpose_baseline
corpus_01,01.Candidate was found using a mobile phone in the examination hall..mkv,b842b03e5784d867e93770560d88150a526250df69077cd3065edbbd4c842098,dfine_sahi,58820.0,unknown_object,0.4974,657.12,405.8,751.11,490.5,7962.0,93.99,84.71,1.11,False,,True,unattributed,5,evt_01-P06_upper_body_0046,a7b334565498ecd6,pose_hand_context,,2304.0,13.33,,1,01/e1/v1,rtmpose_baseline
corpus_01,01.Candidate was found using a mobile phone in the examination hall..mkv,b842b03e5784d867e93770560d88150a526250df69077cd3065edbbd4c842098,dfine_sahi,58820.0,unknown_object,0.3848,702.02,419.43,727.67,450.41,794.8,25.65,30.98,0.828,False,,True,unattributed,5,evt_01-P06_upper_body_0046,a7b334565498ecd6,pose_hand_context,,2304.0,13.33,,1,01/e1/v1,rtmpose_baseline
corpus_01,01.Candidate was found using a mobile phone in the examination hall..mkv,b842b03e5784d867e93770560d88150a526250df69077cd3065edbbd4c842098,dfine_sahi,58820.0,bag,0.311,691.24,451.41,742.87,487.92,1884.7,51.63,36.5,1.414,False,,True,unattributed,5,evt_01-P06_upper_body_0046,a7b334565498ecd6,pose_hand_context,,2304.0,13.33,,1,01/e1/v1,rtmpose_baseline
corpus_01,01.Candidate was found using a mobile phone in the examination hall..mkv,b842b03e5784d867e93770560d88150a526250df69077cd3065edbbd4c842098,dfine_sahi,58820.0,unknown_object,0.2976,727.92,395.17,753.0,446.86,1296.4,25.08,51.69,0.485,False,,True,unattributed,5,evt_01-P06_upper_body_0046,a7b334565498ecd6,pose_hand_context,,2304.0,13.33,,1,01/e1/v1,rtmpose_baseline
corpus_01,01.Candidate was found using a mobile phone in the examination hall..mkv,b842b03e5784d867e93770560d88150a526250df69077cd3065edbbd4c842098,dfine_sahi,58820.0,unknown_object,0.2727,714.71,425.69,742.05,453.39,757.0,27.33,27.69,0.987,False,,True,unattributed,5,evt_01-P06_upper_body_0046,a7b334565498ecd6,pose_hand_context,,2304.0,13.33,,1,01/e1/v1,rtmpose_baseline
corpus_01,01.Candidate was found using a mobile phone in the examination hall..mkv,b842b03e5784d867e93770560d88150a526250df69077cd3065edbbd4c842098,dfine_sahi,58820.0,unknown_object,0.265,692.01,446.0,753.02,490.48,2713.7,61.01,44.48,1.372,False,,True,unattributed,5,evt_01-P06_upper_body_0046,a7b334565498ecd6,pose_hand_context,,2304.0,13.33,,1,01/e1/v1,rtmpose_baseline
corpus_01,01.Candidate was found using a mobile phone in the examination hall..mkv,b842b03e5784d867e93770560d88150a526250df69077cd3065edbbd4c842098,dfine_sahi,58820.0,monitor_or_bezel,0.8835,979.89,588.82,1051.09,713.36,8867.3,71.2,124.54,0.572,False,,True,unattributed,7,evt_01-P06_upper_body_0046,b31e39825881cc28,native_source_context_fallback,no_pose_observation,34532.9,2.52,,1,01/e1/v1,
corpus_01,01.Candidate was found using a mobile phone in the examination hall..mkv,b842b03e5784d867e93770560d88150a526250df69077cd3065edbbd4c842098,dfine_sahi,58820.0,phone,0.717,1015.34,505.85,1030.96,530.66,387.5,15.62,24.81,0.629,False,,True,unattributed,7,evt_01-P06_upper_body_0046,b31e39825881cc28,native_source_context_fallback,no_pose_observation,34532.9,2.52,,1,01/e1/v1,
corpus_01,01.Candidate was found using a mobile phone in the examination hall..mkv,b842b03e5784d867e93770560d88150a526250df69077cd3065edbbd4c842098,dfine_sahi,58820.0,unknown_object,0.6106,1017.22,576.82,1060.04,602.87,1115.2,42.82,26.05,1.644,False,,True,unattributed,7,evt_01-P06_upper_body_0046,b31e39825881cc28,native_source_context_fallback,no_pose_observation,34532.9,2.52,,1,01/e1/v1,
corpus_01,01.Candidate was found using a mobile phone in the examination hall..mkv,b842b03e5784d867e93770560d88150a526250df69077cd3065edbbd4c842098,dfine_sahi,58820.0,unknown_object,0.5106,1002.34,560.06,1051.09,620.75,2958.8,48.76,60.69,0.803,False,,True,unattributed,7,evt_01-P06_upper_body_0046,b31e39825881cc28,native_source_context_fallback,no_pose_observation,34532.9,2.52,,1,01/e1/v1,
corpus_01,01.Candidate was found using a mobile phone in the examination hall..mkv,b842b03e5784d867e93770560d88150a526250df69077cd3065edbbd4c842098,dfine_sahi,58820.0,unknown_object,0.4955,1015.33,505.77,1031.24,530.74,397.2,15.9,24.97,0.637,False,,True,unattributed,7,evt_01-P06_upper_body_0046,b31e39825881cc28,native_source_context_fallback,no_pose_observation,34532.9,2.52,,1,01/e1/v1,
corpus_01,01.Candidate was found using a mobile phone in the examination hall..mkv,b842b03e5784d867e93770560d88150a526250df69077cd3065edbbd4c842098,dfine_sahi,58820.0,monitor_or_bezel,0.4852,980.24,658.13,1001.06,713.76,1158.4,20.82,55.63,0.374,False,,True,unattributed,7,evt_01-P06_upper_body_0046,b31e39825881cc28,native_source_context_fallback,no_pose_observation,34532.9,2.52,,1,01/e1/v1,
corpus_01,01.Candidate was found using a mobile phone in the examination hall..mkv,b842b03e5784d867e93770560d88150a526250df69077cd3065edbbd4c842098,dfine_sahi,58820.0,unknown_object,0.3803,978.73,530.78,1001.01,602.7,1602.2,22.28,71.92,0.31,False,,True,unattributed,7,evt_01-P06_upper_body_0046,b31e39825881cc28,native_source_context_fallback,no_pose_observation,34532.9,2.52,,1,01/e1/v1,
corpus_01,01.Candidate was found using a mobile phone in the examination hall..mkv,b842b03e5784d867e93770560d88150a526250df69077cd3065edbbd4c842098,dfine_sahi,58820.0,monitor_or_bezel,0.3573,910.36,657.53,986.6,713.74,4285.3,76.23,56.21,1.356,False,,True,unattributed,7,evt_01-P06_upper_body_0046,b31e39825881cc28,native_source_context_fallback,no_pose_observation,34532.9,2.52,,1,01/e1/v1,
corpus_01,01.Candidate was found using a mobile phone in the examination hall..mkv,b842b03e5784d867e93770560d88150a526250df69077cd3065edbbd4c842098,dfine_sahi,58820.0,unknown_object,0.3425,913.94,658.37,980.67,701.59,2883.9,66.73,43.22,1.544,False,,True,unattributed,7,evt_01-P06_upper_body_0046,b31e39825881cc28,native_source_context_fallback,no_pose_observation,34532.9,2.52,,1,01/e1/v1,
corpus_01,01.Candidate was found using a mobile phone in the examination hall..mkv,b842b03e5784d867e93770560d88150a526250df69077cd3065edbbd4c842098,dfine_sahi,58820.0,bag,0.2913,915.45,657.81,979.51,702.19,2843.4,64.07,44.38,1.443,False,,True,unattributed,7,evt_01-P06_upper_body_0046,b31e39825881cc28,native_source_context_fallback,no_pose_observation,34532.9,2.52,,1,01/e1/v1,
corpus_01,01.Candidate was found using a mobile phone in the examination hall..mkv,b842b03e5784d867e93770560d88150a526250df69077cd3065edbbd4c842098,dfine_sahi,58820.0,monitor_or_bezel,0.2886,963.95,657.26,987.48,713.79,1330.1,23.53,56.53,0.416,False,,True,unattributed,7,evt_01-P06_upper_body_0046,b31e39825881cc28,native_source_context_fallback,no_pose_observation,34532.9,2.52,,1,01/e1/v1,
corpus_01,01.Candidate was found using a mobile phone in the examination hall..mkv,b842b03e5784d867e93770560d88150a526250df69077cd3065edbbd4c842098,dfine_sahi,58820.0,monitor_or_bezel,0.2874,930.14,571.16,985.66,639.56,3797.8,55.52,68.41,0.812,False,,True,unattributed,7,evt_01-P06_upper_body_0046,b31e39825881cc28,native_source_context_fallback,no_pose_observation,34532.9,2.52,,1,01/e1/v1,
corpus_01,01.Candidate was found using a mobile phone in the examination hall..mkv,b842b03e5784d867e93770560d88150a526250df69077cd3065edbbd4c842098,dfine_sahi,58820.0,phone,0.2778,1003.26,488.97,1012.7,503.01,132.6,9.45,14.04,0.673,False,,True,unattributed,7,evt_01-P06_upper_body_0046,b31e39825881cc28,native_source_context_fallback,no_pose_observation,34532.9,2.52,,1,01/e1/v1,
corpus_01,01.Candidate was found using a mobile phone in the examination hall..mkv,b842b03e5784d867e93770560d88150a526250df69077cd3065edbbd4c842098,dfine_sahi,58820.0,phone,0.2773,1000.47,480.67,1031.05,530.53,1524.7,30.58,49.86,0.613,False,,True,unattributed,7,evt_01-P06_upper_body_0046,b31e39825881cc28,native_source_context_fallback,no_pose_observation,34532.9,2.52,,1,01/e1/v1,
corpus_01,01.Candidate was found using a mobile phone in the examination hall..mkv,b842b03e5784d867e93770560d88150a526250df69077cd3065edbbd4c842098,dfine_sahi,58820.0,unknown_object,0.2746,997.31,460.16,1031.27,530.9,2402.7,33.96,70.74,0.48,False,,True,unattributed,7,evt_01-P06_upper_body_0046,b31e39825881cc28,native_source_context_fallback,no_pose_observation,34532.9,2.52,,1,01/e1/v1,
corpus_01,01.Candidate was found using a mobile phone in the examination hall..mkv,b842b03e5784d867e93770560d88150a526250df69077cd3065edbbd4c842098,dfine_sahi,58820.0,unknown_object,0.7839,776.98,606.25,823.32,719.24,5236.5,46.34,112.99,0.41,False,,True,unattributed,4,evt_01-P06_upper_body_0046,c564f5e07b46444a,pose_hand_context,,53302.0,2.65,,1,01/e1/v1,rtmpose_baseline
corpus_01,01.Candidate was found using a mobile phone in the examination hall..mkv,b842b03e5784d867e93770560d88150a526250df69077cd3065edbbd4c842098,dfine_sahi,58820.0,unknown_object,0.5503,699.43,499.04,753.11,585.2,4625.6,53.68,86.17,0.623,False,,True,unattributed,4,evt_01-P06_upper_body_0046,c564f5e07b46444a,pose_hand_context,,53302.0,2.65,,1,01/e1/v1,rtmpose_baseline
corpus_01,01.Candidate was found using a mobile phone in the examination hall..mkv,b842b03e5784d867e93770560d88150a526250df69077cd3065edbbd4c842098,dfine_sahi,58820.0,unknown_object,0.5074,671.99,576.8,700.77,645.58,1979.1,28.77,68.78,0.418,False,,True,unattributed,4,evt_01-P06_upper_body_0046,c564f5e07b46444a,pose_hand_context,,53302.0,2.65,,1,01/e1/v1,rtmpose_baseline
corpus_01,01.Candidate was found using a mobile phone in the examination hall..mkv,b842b03e5784d867e93770560d88150a526250df69077cd3065edbbd4c842098,dfine_sahi,58820.0,unknown_object,0.4377,776.96,669.4,823.16,719.5,2314.8,46.21,50.1,0.922,False,,True,unattributed,4,evt_01-P06_upper_body_0046,c564f5e07b46444a,pose_hand_context,,53302.0,2.65,,1,01/e1/v1,rtmpose_baseline
corpus_01,01.Candidate was found using a mobile phone in the examination hall..mkv,b842b03e5784d867e93770560d88150a526250df69077cd3065edbbd4c842098,dfine_sahi,58820.0,bag,0.4218,727.1,700.5,788.54,719.94,1194.4,61.44,19.44,3.16,False,,True,unattributed,4,evt_01-P06_upper_body_0046,c564f5e07b46444a,pose_hand_context,,53302.0,2.65,,1,01/e1/v1,rtmpose_baseline
corpus_01,01.Candidate was found using a mobile phone in the examination hall..mkv,b842b03e5784d867e93770560d88150a526250df69077cd3065edbbd4c842098,dfine_sahi,58820.0,unknown_object,0.3385,789.88,520.05,822.59,616.81,3164.8,32.71,96.76,0.338,False,,True,unattributed,4,evt_01-P06_upper_body_0046,c564f5e07b46444a,pose_hand_context,,53302.0,2.65,,1,01/e1/v1,rtmpose_baseline
corpus_01,01.Candidate was found using a mobile phone in the examination hall..mkv,b842b03e5784d867e93770560d88150a526250df69077cd3065edbbd4c842098,dfine_sahi,58820.0,unknown_object,0.3281,671.91,499.05,751.94,645.67,11733.0,80.03,146.61,0.546,False,,True,unattributed,4,evt_01-P06_upper_body_0046,c564f5e07b46444a,pose_hand_context,,53302.0,2.65,,1,01/e1/v1,rtmpose_baseline
corpus_01,01.Candidate was found using a mobile phone in the examination hall..mkv,b842b03e5784d867e93770560d88150a526250df69077cd3065edbbd4c842098,dfine_sahi,58820.0,unknown_object,0.2766,672.03,576.97,699.74,598.25,589.6,27.71,21.28,1.302,False,,True,unattributed,4,evt_01-P06_upper_body_0046,c564f5e07b46444a,pose_hand_context,,53302.0,2.65,,1,01/e1/v1,rtmpose_baseline
corpus_01,01.Candidate was found using a mobile phone in the examination hall..mkv,b842b03e5784d867e93770560d88150a526250df69077cd3065edbbd4c842098,dfine_sahi,58820.0,bag,0.2758,789.62,518.55,912.88,621.84,12731.7,123.26,103.29,1.193,False,,True,unattributed,4,evt_01-P06_upper_body_0046,c564f5e07b46444a,pose_hand_context,,53302.0,2.65,,1,01/e1/v1,rtmpose_baseline
corpus_01,01.Candidate was found using a mobile phone in the examination hall..mkv,b842b03e5784d867e93770560d88150a526250df69077cd3065edbbd4c842098,dfine_sahi,59340.0,unknown_object,0.5675,658.03,406.25,694.57,490.29,3071.2,36.55,84.04,0.435,False,,True,unattributed,5,evt_01-P03_upper_body_0019,b0672f2d390e92fb,pose_hand_context,,2304.0,13.33,,1,01/e1/v1,rtmpose_baseline
corpus_01,01.Candidate was found using a mobile phone in the examination hall..mkv,b842b03e5784d867e93770560d88150a526250df69077cd3065edbbd4c842098,dfine_sahi,59340.0,unknown_object,0.497,691.02,420.18,743.94,487.59,3567.1,52.92,67.41,0.785,False,,True,unattributed,5,evt_01-P03_upper_body_0019,b0672f2d390e92fb,pose_hand_context,,2304.0,13.33,,1,01/e1/v1,rtmpose_baseline
corpus_01,01.Candidate was found using a mobile phone in the examination hall..mkv,b842b03e5784d867e93770560d88150a526250df69077cd3065edbbd4c842098,dfine_sahi,59340.0,unknown_object,0.4572,659.88,395.06,741.94,457.92,5158.1,82.06,62.86,1.306,False,,True,unattributed,5,evt_01-P03_upper_body_0019,b0672f2d390e92fb,pose_hand_context,,2304.0,13.33,,1,01/e1/v1,rtmpose_baseline
corpus_01,01.Candidate was found using a mobile phone in the examination hall..mkv,b842b03e5784d867e93770560d88150a526250df69077cd3065edbbd4c842098,dfine_sahi,59340.0,unknown_object,0.4141,692.57,419.52,728.36,457.94,1375.0,35.79,38.41,0.932,False,,True,unattributed,5,evt_01-P03_upper_body_0019,b0672f2d390e92fb,pose_hand_context,,2304.0,13.33,,1,01/e1/v1,rtmpose_baseline
corpus_01,01.Candidate was found using a mobile phone in the examination hall..mkv,b842b03e5784d867e93770560d88150a526250df69077cd3065edbbd4c842098,dfine_sahi,59340.0,unknown_object,0.2788,727.37,395.11,754.0,447.15,1386.2,26.63,52.05,0.512,False,,True,unattributed,5,evt_01-P03_upper_body_0019,b0672f2d390e92fb,pose_hand_context,,2304.0,13.33,,1,01/e1/v1,rtmpose_baseline
corpus_01,01.Candidate was found using a mobile phone in the examination hall..mkv,b842b03e5784d867e93770560d88150a526250df69077cd3065edbbd4c842098,dfine_sahi,59340.0,unknown_object,0.2573,702.08,419.78,727.4,440.7,529.7,25.32,20.92,1.21,False,,True,unattributed,5,evt_01-P03_upper_body_0019,b0672f2d390e92fb,pose_hand_context,,2304.0,13.33,,1,01/e1/v1,rtmpose_baseline
corpus_01,01.Candidate was found using a mobile phone in the examination hall..mkv,b842b03e5784d867e93770560d88150a526250df69077cd3065edbbd4c842098,dfine_sahi,59340.0,unknown_object,0.794,951.01,460.16,1028.9,556.32,7490.1,77.89,96.16,0.81,False,,True,unattributed,6,evt_01-P03_upper_body_0019,b712ac46cdf1b522,native_source_context_fallback,no_pose_observation,16501.2,3.71,,1,01/e1/v1,
corpus_01,01.Candidate was found using a mobile phone in the examination hall..mkv,b842b03e5784d867e93770560d88150a526250df69077cd3065edbbd4c842098,dfine_sahi,59340.0,phone,0.7325,1015.34,505.96,1031.4,530.71,397.6,16.06,24.76,0.649,False,,True,unattributed,6,evt_01-P03_upper_body_0019,b712ac46cdf1b522,native_source_context_fallback,no_pose_observation,16501.2,3.71,,1,01/e1/v1,
corpus_01,01.Candidate was found using a mobile phone in the examination hall..mkv,b842b03e5784d867e93770560d88150a526250df69077cd3065edbbd4c842098,dfine_sahi,59340.0,phone,0.641,999.92,480.15,1031.68,530.79,1608.6,31.76,50.64,0.627,False,,True,unattributed,6,evt_01-P03_upper_body_0019,b712ac46cdf1b522,native_source_context_fallback,no_pose_observation,16501.2,3.71,,1,01/e1/v1,
corpus_01,01.Candidate was found using a mobile phone in the examination hall..mkv,b842b03e5784d867e93770560d88150a526250df69077cd3065edbbd4c842098,dfine_sahi,59340.0,unknown_object,0.4229,1002.05,560.44,1070.92,620.66,4146.5,68.86,60.21,1.144,False,,True,unattributed,6,evt_01-P03_upper_body_0019,b712ac46cdf1b522,native_source_context_fallback,no_pose_observation,16501.2,3.71,,1,01/e1/v1,
corpus_01,01.Candidate was found using a mobile phone in the examination hall..mkv,b842b03e5784d867e93770560d88150a526250df69077cd3065edbbd4c842098,dfine_sahi,59340.0,unknown_object,0.3921,993.14,588.35,1049.93,631.84,2469.7,56.79,43.49,1.306,False,,True,unattributed,6,evt_01-P03_upper_body_0019,b712ac46cdf1b522,native_source_context_fallback,no_pose_observation,16501.2,3.71,,1,01/e1/v1,
corpus_01,01.Candidate was found using a mobile phone in the examination hall..mkv,b842b03e5784d867e93770560d88150a526250df69077cd3065edbbd4c842098,dfine_sahi,59340.0,unknown_object,0.3414,1011.81,583.46,1049.89,610.86,1043.7,38.08,27.41,1.39,False,,True,unattributed,6,evt_01-P03_upper_body_0019,b712ac46cdf1b522,native_source_context_fallback,no_pose_observation,16501.2,3.71,,1,01/e1/v1,
corpus_01,01.Candidate was found using a mobile phone in the examination hall..mkv,b842b03e5784d867e93770560d88150a526250df69077cd3065edbbd4c842098,dfine_sahi,59340.0,phone,0.2889,1004.15,507.1,1016.8,528.28,267.9,12.65,21.18,0.597,False,,True,unattributed,6,evt_01-P03_upper_body_0019,b712ac46cdf1b522,native_source_context_fallback,no_pose_observation,16501.2,3.71,,1,01/e1/v1,
corpus_01,01.Candidate was found using a mobile phone in the examination hall..mkv,b842b03e5784d867e93770560d88150a526250df69077cd3065edbbd4c842098,dfine_sahi,59340.0,unknown_object,0.2742,975.34,535.04,1071.1,631.69,9256.2,95.77,96.65,0.991,False,,True,unattributed,6,evt_01-P03_upper_body_0019,b712ac46cdf1b522,native_source_context_fallback,no_pose_observation,16501.2,3.71,,1,01/e1/v1,
corpus_01,01.Candidate was found using a mobile phone in the examination hall..mkv,b842b03e5784d867e93770560d88150a526250df69077cd3065edbbd4c842098,dfine_sahi,59340.0,phone,0.2684,995.93,460.08,1030.51,484.33,838.8,34.58,24.26,1.426,False,,True,unattributed,6,evt_01-P03_upper_body_0019,b712ac46cdf1b522,native_source_context_fallback,no_pose_observation,16501.2,3.71,,1,01/e1/v1,
corpus_01,01.Candidate was found using a mobile phone in the examination hall..mkv,b842b03e5784d867e93770560d88150a526250df69077cd3065edbbd4c842098,dfine_sahi,59340.0,unknown_object,0.6446,699.32,496.2,756.25,584.92,5050.7,56.93,88.72,0.642,False,,True,unattributed,4,evt_01-P03_upper_body_0019,c0e51b55825e8c7c,pose_hand_context,,56116.9,2.55,,1,01/e1/v1,rtmpose_baseline
corpus_01,01.Candidate was found using a mobile phone in the examination hall..mkv,b842b03e5784d867e93770560d88150a526250df69077cd3065edbbd4c842098,dfine_sahi,59340.0,unknown_object,0.6433,666.01,576.32,700.74,645.35,2397.7,34.73,69.03,0.503,False,,True,unattributed,4,evt_01-P03_upper_body_0019,c0e51b55825e8c7c,pose_hand_context,,56116.9,2.55,,1,01/e1/v1,rtmpose_baseline
corpus_01,01.Candidate was found using a mobile phone in the examination hall..mkv,b842b03e5784d867e93770560d88150a526250df69077cd3065edbbd4c842098,dfine_sahi,59340.0,unknown_object,0.5632,774.97,605.32,823.07,719.36,5484.1,48.09,114.04,0.422,False,,True,unattributed,4,evt_01-P03_upper_body_0019,c0e51b55825e8c7c,pose_hand_context,,56116.9,2.55,,1,01/e1/v1,rtmpose_baseline
corpus_01,01.Candidate was found using a mobile phone in the examination hall..mkv,b842b03e5784d867e93770560d88150a526250df69077cd3065edbbd4c842098,dfine_sahi,59340.0,unknown_object,0.4086,788.28,520.72,820.26,617.89,3107.6,31.98,97.17,0.329,False,,True,unattributed,4,evt_01-P03_upper_body_0019,c0e51b55825e8c7c,pose_hand_context,,56116.9,2.55,,1,01/e1/v1,rtmpose_baseline
corpus_01,01.Candidate was found using a mobile phone in the examination hall..mkv,b842b03e5784d867e93770560d88150a526250df69077cd3065edbbd4c842098,dfine_sahi,59340.0,stationery,0.3874,810.1,645.06,824.74,666.81,318.3,14.64,21.74,0.673,False,,True,unattributed,4,evt_01-P03_upper_body_0019,c0e51b55825e8c7c,pose_hand_context,,56116.9,2.55,,1,01/e1/v1,rtmpose_baseline
corpus_01,01.Candidate was found using a mobile phone in the examination hall..mkv,b842b03e5784d867e93770560d88150a526250df69077cd3065edbbd4c842098,dfine_sahi,59340.0,bag,0.3673,726.91,699.93,789.04,719.63,1224.2,62.13,19.7,3.153,False,,True,unattributed,4,evt_01-P03_upper_body_0019,c0e51b55825e8c7c,pose_hand_context,,56116.9,2.55,,1,01/e1/v1,rtmpose_baseline
corpus_01,01.Candidate was found using a mobile phone in the examination hall..mkv,b842b03e5784d867e93770560d88150a526250df69077cd3065edbbd4c842098,dfine_sahi,59340.0,unknown_object,0.3572,666.02,576.82,699.72,598.25,722.1,33.69,21.43,1.572,False,,True,unattributed,4,evt_01-P03_upper_body_0019,c0e51b55825e8c7c,pose_hand_context,,56116.9,2.55,,1,01/e1/v1,rtmpose_baseline
corpus_01,01.Candidate was found using a mobile phone in the examination hall..mkv,b842b03e5784d867e93770560d88150a526250df69077cd3065edbbd4c842098,dfine_sahi,59340.0,unknown_object,0.3268,774.97,669.69,822.93,719.54,2391.0,47.96,49.85,0.962,False,,True,unattributed,4,evt_01-P03_upper_body_0019,c0e51b55825e8c7c,pose_hand_context,,56116.9,2.55,,1,01/e1/v1,rtmpose_baseline
corpus_01,01.Candidate was found using a mobile phone in the examination hall..mkv,b842b03e5784d867e93770560d88150a526250df69077cd3065edbbd4c842098,dfine_sahi,59340.0,unknown_object,0.3188,665.94,496.13,753.78,645.26,13099.0,87.83,149.13,0.589,False,,True,unattributed,4,evt_01-P03_upper_body_0019,c0e51b55825e8c7c,pose_hand_context,,56116.9,2.55,,1,01/e1/v1,rtmpose_baseline
corpus_01,01.Candidate was found using a mobile phone in the examination hall..mkv,b842b03e5784d867e93770560d88150a526250df69077cd3065edbbd4c842098,dfine_sahi,59340.0,bag,0.3041,788.01,518.51,915.75,620.95,13086.5,127.74,102.45,1.247,False,,True,unattributed,4,evt_01-P03_upper_body_0019,c0e51b55825e8c7c,pose_hand_context,,56116.9,2.55,,1,01/e1/v1,rtmpose_baseline
corpus_01,01.Candidate was found using a mobile phone in the examination hall..mkv,b842b03e5784d867e93770560d88150a526250df69077cd3065edbbd4c842098,dfine_sahi,59340.0,phone,0.284,812.98,653.96,825.25,667.61,167.5,12.27,13.65,0.899,False,,True,unattributed,4,evt_01-P03_upper_body_0019,c0e51b55825e8c7c,pose_hand_context,,56116.9,2.55,,1,01/e1/v1,rtmpose_baseline
corpus_01,01.Candidate was found using a mobile phone in the examination hall..mkv,b842b03e5784d867e93770560d88150a526250df69077cd3065edbbd4c842098,dfine_sahi,59340.0,monitor_or_bezel,0.8766,979.92,588.75,1051.12,713.22,8863.0,71.21,124.47,0.572,False,,True,unattributed,7,evt_01-P03_upper_body_0019,dc1f3a61f7162519,native_source_context_fallback,no_pose_observation,35139.1,2.52,,1,01/e1/v1,
corpus_01,01.Candidate was found using a mobile phone in the examination hall..mkv,b842b03e5784d867e93770560d88150a526250df69077cd3065edbbd4c842098,dfine_sahi,59340.0,phone,0.6875,1015.25,505.93,1031.19,530.45,390.8,15.94,24.52,0.65,False,,True,unattributed,7,evt_01-P03_upper_body_0019,dc1f3a61f7162519,native_source_context_fallback,no_pose_observation,35139.1,2.52,,1,01/e1/v1,
corpus_01,01.Candidate was found using a mobile phone in the examination hall..mkv,b842b03e5784d867e93770560d88150a526250df69077cd3065edbbd4c842098,dfine_sahi,59340.0,unknown_object,0.6743,976.95,532.43,999.98,602.6,1615.8,23.03,70.17,0.328,False,,True,unattributed,7,evt_01-P03_upper_body_0019,dc1f3a61f7162519,native_source_context_fallback,no_pose_observation,35139.1,2.52,,1,01/e1/v1,
corpus_01,01.Candidate was found using a mobile phone in the examination hall..mkv,b842b03e5784d867e93770560d88150a526250df69077cd3065edbbd4c842098,dfine_sahi,59340.0,phone,0.5552,1000.31,480.75,1031.26,530.2,1530.6,30.95,49.45,0.626,False,,True,unattributed,7,evt_01-P03_upper_body_0019,dc1f3a61f7162519,native_source_context_fallback,no_pose_observation,35139.1,2.52,,1,01/e1/v1,
corpus_01,01.Candidate was found using a mobile phone in the examination hall..mkv,b842b03e5784d867e93770560d88150a526250df69077cd3065edbbd4c842098,dfine_sahi,59340.0,unknown_object,0.4674,1002.31,560.31,1051.1,620.3,2926.7,48.79,59.99,0.813,False,,True,unattributed,7,evt_01-P03_upper_body_0019,dc1f3a61f7162519,native_source_context_fallback,no_pose_observation,35139.1,2.52,,1,01/e1/v1,
corpus_01,01.Candidate was found using a mobile phone in the examination hall..mkv,b842b03e5784d867e93770560d88150a526250df69077cd3065edbbd4c842098,dfine_sahi,59340.0,monitor_or_bezel,0.4446,980.51,658.67,1000.07,713.75,1077.6,19.57,55.08,0.355,False,,True,unattributed,7,evt_01-P03_upper_body_0019,dc1f3a61f7162519,native_source_context_fallback,no_pose_observation,35139.1,2.52,,1,01/e1/v1,
corpus_01,01.Candidate was found using a mobile phone in the examination hall..mkv,b842b03e5784d867e93770560d88150a526250df69077cd3065edbbd4c842098,dfine_sahi,59340.0,unknown_object,0.4233,1016.3,577.79,1060.04,602.97,1101.6,43.74,25.19,1.736,False,,True,unattributed,7,evt_01-P03_upper_body_0019,dc1f3a61f7162519,native_source_context_fallback,no_pose_observation,35139.1,2.52,,1,01/e1/v1,
corpus_01,01.Candidate was found using a mobile phone in the examination hall..mkv,b842b03e5784d867e93770560d88150a526250df69077cd3065edbbd4c842098,dfine_sahi,59340.0,monitor_or_bezel,0.4001,905.96,637.38,999.94,713.66,7169.1,93.98,76.29,1.232,False,,True,unattributed,7,evt_01-P03_upper_body_0019,dc1f3a61f7162519,native_source_context_fallback,no_pose_observation,35139.1,2.52,,1,01/e1/v1,
corpus_01,01.Candidate was found using a mobile phone in the examination hall..mkv,b842b03e5784d867e93770560d88150a526250df69077cd3065edbbd4c842098,dfine_sahi,59340.0,bag,0.3877,914.34,657.9,979.63,703.07,2949.4,65.29,45.17,1.445,False,,True,unattributed,7,evt_01-P03_upper_body_0019,dc1f3a61f7162519,native_source_context_fallback,no_pose_observation,35139.1,2.52,,1,01/e1/v1,
corpus_01,01.Candidate was found using a mobile phone in the examination hall..mkv,b842b03e5784d867e93770560d88150a526250df69077cd3065edbbd4c842098,dfine_sahi,59340.0,phone,0.3351,914.01,658.97,975.85,701.25,2614.1,61.84,42.27,1.463,False,,True,unattributed,7,evt_01-P03_upper_body_0019,dc1f3a61f7162519,native_source_context_fallback,no_pose_observation,35139.1,2.52,,1,01/e1/v1,
corpus_01,01.Candidate was found using a mobile phone in the examination hall..mkv,b842b03e5784d867e93770560d88150a526250df69077cd3065edbbd4c842098,dfine_sahi,59340.0,phone,0.3324,1003.89,506.85,1017.06,527.86,276.5,13.16,21.01,0.627,False,,True,unattributed,7,evt_01-P03_upper_body_0019,dc1f3a61f7162519,native_source_context_fallback,no_pose_observation,35139.1,2.52,,1,01/e1/v1,
corpus_01,01.Candidate was found using a mobile phone in the examination hall..mkv,b842b03e5784d867e93770560d88150a526250df69077cd3065edbbd4c842098,dfine_sahi,59340.0,monitor_or_bezel,0.3157,963.95,657.16,987.05,713.77,1307.3,23.09,56.61,0.408,False,,True,unattributed,7,evt_01-P03_upper_body_0019,dc1f3a61f7162519,native_source_context_fallback,no_pose_observation,35139.1,2.52,,1,01/e1/v1,
corpus_01,01.Candidate was found using a mobile phone in the examination hall..mkv,b842b03e5784d867e93770560d88150a526250df69077cd3065edbbd4c842098,dfine_sahi,59340.0,monitor_or_bezel,0.3105,980.17,656.85,1051.1,713.6,4025.0,70.93,56.75,1.25,False,,True,unattributed,7,evt_01-P03_upper_body_0019,dc1f3a61f7162519,native_source_context_fallback,no_pose_observation,35139.1,2.52,,1,01/e1/v1,
corpus_01,01.Candidate was found using a mobile phone in the examination hall..mkv,b842b03e5784d867e93770560d88150a526250df69077cd3065edbbd4c842098,dfine_sahi,59340.0,phone,0.2855,995.72,460.08,1030.48,484.97,865.6,34.77,24.9,1.396,False,,True,unattributed,7,evt_01-P03_upper_body_0019,dc1f3a61f7162519,native_source_context_fallback,no_pose_observation,35139.1,2.52,,1,01/e1/v1,
corpus_01,01.Candidate was found using a mobile phone in the examination hall..mkv,b842b03e5784d867e93770560d88150a526250df69077cd3065edbbd4c842098,dfine_sahi,59820.0,unknown_object,0.5959,656.01,406.79,694.45,490.38,3213.1,38.44,83.59,0.46,False,,True,unattributed,5,evt_01-P06_upper_body_0046,12e3a2971ed0e8a8,pose_hand_context,,2304.0,13.33,,1,01/e1/v1,rtmpose_baseline
corpus_01,01.Candidate was found using a mobile phone in the examination hall..mkv,b842b03e5784d867e93770560d88150a526250df69077cd3065edbbd4c842098,dfine_sahi,59820.0,unknown_object,0.512,659.74,395.03,735.66,458.37,4808.1,75.92,63.33,1.199,False,,True,unattributed,5,evt_01-P06_upper_body_0046,12e3a2971ed0e8a8,pose_hand_context,,2304.0,13.33,,1,01/e1/v1,rtmpose_baseline
corpus_01,01.Candidate was found using a mobile phone in the examination hall..mkv,b842b03e5784d867e93770560d88150a526250df69077cd3065edbbd4c842098,dfine_sahi,59820.0,unknown_object,0.5021,656.08,406.32,751.8,490.51,8058.1,95.71,84.19,1.137,False,,True,unattributed,5,evt_01-P06_upper_body_0046,12e3a2971ed0e8a8,pose_hand_context,,2304.0,13.33,,1,01/e1/v1,rtmpose_baseline
corpus_01,01.Candidate was found using a mobile phone in the examination hall..mkv,b842b03e5784d867e93770560d88150a526250df69077cd3065edbbd4c842098,dfine_sahi,59820.0,unknown_object,0.3721,692.76,420.74,743.15,459.46,1950.8,50.39,38.72,1.301,False,,True,unattributed,5,evt_01-P06_upper_body_0046,12e3a2971ed0e8a8,pose_hand_context,,2304.0,13.33,,1,01/e1/v1,rtmpose_baseline
corpus_01,01.Candidate was found using a mobile phone in the examination hall..mkv,b842b03e5784d867e93770560d88150a526250df69077cd3065edbbd4c842098,dfine_sahi,59820.0,unknown_object,0.336,691.21,450.71,742.27,487.55,1881.2,51.06,36.84,1.386,False,,True,unattributed,5,evt_01-P06_upper_body_0046,12e3a2971ed0e8a8,pose_hand_context,,2304.0,13.33,,1,01/e1/v1,rtmpose_baseline
corpus_01,01.Candidate was found using a mobile phone in the examination hall..mkv,b842b03e5784d867e93770560d88150a526250df69077cd3065edbbd4c842098,dfine_sahi,59820.0,unknown_object,0.3332,700.43,419.92,727.11,451.58,844.9,26.69,31.66,0.843,False,,True,unattributed,5,evt_01-P06_upper_body_0046,12e3a2971ed0e8a8,pose_hand_context,,2304.0,13.33,,1,01/e1/v1,rtmpose_baseline
corpus_01,01.Candidate was found using a mobile phone in the examination hall..mkv,b842b03e5784d867e93770560d88150a526250df69077cd3065edbbd4c842098,dfine_sahi,59820.0,unknown_object,0.312,727.36,395.14,752.0,447.06,1279.2,24.64,51.92,0.474,False,,True,unattributed,5,evt_01-P06_upper_body_0046,12e3a2971ed0e8a8,pose_hand_context,,2304.0,13.33,,1,01/e1/v1,rtmpose_baseline
corpus_01,01.Candidate was found using a mobile phone in the examination hall..mkv,b842b03e5784d867e93770560d88150a526250df69077cd3065edbbd4c842098,dfine_sahi,59820.0,unknown_object,0.3044,715.15,425.21,742.68,453.82,787.8,27.53,28.62,0.962,False,,True,unattributed,5,evt_01-P06_upper_body_0046,12e3a2971ed0e8a8,pose_hand_context,,2304.0,13.33,,1,01/e1/v1,rtmpose_baseline
corpus_01,01.Candidate was found using a mobile phone in the examination hall..mkv,b842b03e5784d867e93770560d88150a526250df69077cd3065edbbd4c842098,dfine_sahi,59820.0,unknown_object,0.6717,698.75,495.29,757.68,585.18,5297.8,58.94,89.89,0.656,False,,True,unattributed,4,evt_01-P06_upper_body_0046,76e715022a2634d7,pose_hand_context,,56105.4,2.56,,1,01/e1/v1,rtmpose_baseline
corpus_01,01.Candidate was found using a mobile phone in the examination hall..mkv,b842b03e5784d867e93770560d88150a526250df69077cd3065edbbd4c842098,dfine_sahi,59820.0,unknown_object,0.6383,665.02,575.78,700.78,645.44,2490.9,35.76,69.66,0.513,False,,True,unattributed,4,evt_01-P06_upper_body_0046,76e715022a2634d7,pose_hand_context,,56105.4,2.56,,1,01/e1/v1,rtmpose_baseline
corpus_01,01.Candidate was found using a mobile phone in the examination hall..mkv,b842b03e5784d867e93770560d88150a526250df69077cd3065edbbd4c842098,dfine_sahi,59820.0,bag,0.4802,787.5,520.93,818.89,617.52,3031.6,31.38,96.59,0.325,False,,True,unattributed,4,evt_01-P06_upper_body_0046,76e715022a2634d7,pose_hand_context,,56105.4,2.56,,1,01/e1/v1,rtmpose_baseline
corpus_01,01.Candidate was found using a mobile phone in the examination hall..mkv,b842b03e5784d867e93770560d88150a526250df69077cd3065edbbd4c842098,dfine_sahi,59820.0,bag,0.3958,726.96,700.15,788.64,719.73,1207.9,61.68,19.58,3.15,False,,True,unattributed,4,evt_01-P06_upper_body_0046,76e715022a2634d7,pose_hand_context,,56105.4,2.56,,1,01/e1/v1,rtmpose_baseline
corpus_01,01.Candidate was found using a mobile phone in the examination hall..mkv,b842b03e5784d867e93770560d88150a526250df69077cd3065edbbd4c842098,dfine_sahi,59820.0,bag,0.3594,787.22,519.91,914.84,619.65,12729.2,127.62,99.74,1.28,False,,True,unattributed,4,evt_01-P06_upper_body_0046,76e715022a2634d7,pose_hand_context,,56105.4,2.56,,1,01/e1/v1,rtmpose_baseline
corpus_01,01.Candidate was found using a mobile phone in the examination hall..mkv,b842b03e5784d867e93770560d88150a526250df69077cd3065edbbd4c842098,dfine_sahi,59820.0,unknown_object,0.329,664.98,495.37,758.13,645.41,13976.1,93.15,150.04,0.621,False,,True,unattributed,4,evt_01-P06_upper_body_0046,76e715022a2634d7,pose_hand_context,,56105.4,2.56,,1,01/e1/v1,rtmpose_baseline
corpus_01,01.Candidate was found using a mobile phone in the examination hall..mkv,b842b03e5784d867e93770560d88150a526250df69077cd3065edbbd4c842098,dfine_sahi,59820.0,unknown_object,0.3276,665.04,576.9,699.64,598.46,746.0,34.6,21.56,1.605,False,,True,unattributed,4,evt_01-P06_upper_body_0046,76e715022a2634d7,pose_hand_context,,56105.4,2.56,,1,01/e1/v1,rtmpose_baseline
corpus_01,01.Candidate was found using a mobile phone in the examination hall..mkv,b842b03e5784d867e93770560d88150a526250df69077cd3065edbbd4c842098,dfine_sahi,59820.0,unknown_object,0.2983,788.1,529.61,804.98,617.77,1488.6,16.88,88.16,0.192,False,,True,unattributed,4,evt_01-P06_upper_body_0046,76e715022a2634d7,pose_hand_context,,56105.4,2.56,,1,01/e1/v1,rtmpose_baseline
corpus_01,01.Candidate was found using a mobile phone in the examination hall..mkv,b842b03e5784d867e93770560d88150a526250df69077cd3065edbbd4c842098,dfine_sahi,59820.0,phone,0.2853,809.76,646.89,824.83,668.71,328.7,15.06,21.82,0.69,False,,True,unattributed,4,evt_01-P06_upper_body_0046,76e715022a2634d7,pose_hand_context,,56105.4,2.56,,1,01/e1/v1,rtmpose_baseline
corpus_01,01.Candidate was found using a mobile phone in the examination hall..mkv,b842b03e5784d867e93770560d88150a526250df69077cd3065edbbd4c842098,dfine_sahi,59820.0,unknown_object,0.6719,1015.57,491.7,1033.32,530.64,691.2,17.75,38.94,0.456,False,,True,unattributed,6,evt_01-P06_upper_body_0046,c5516ffd0ba2dfe8,pose_hand_context,,7708.8,7.29,,1,01/e1/v1,rtmpose_baseline
corpus_01,01.Candidate was found using a mobile phone in the examination hall..mkv,b842b03e5784d867e93770560d88150a526250df69077cd3065edbbd4c842098,dfine_sahi,59820.0,unknown_object,0.5837,1015.25,461.44,1043.2,530.94,1942.1,27.95,69.49,0.402,False,,True,unattributed,6,evt_01-P06_upper_body_0046,c5516ffd0ba2dfe8,pose_hand_context,,7708.8,7.29,,1,01/e1/v1,rtmpose_baseline
corpus_01,01.Candidate was found using a mobile phone in the examination hall..mkv,b842b03e5784d867e93770560d88150a526250df69077cd3065edbbd4c842098,dfine_sahi,59820.0,phone,0.4981,1015.57,493.3,1033.33,530.65,663.3,17.76,37.35,0.476,False,,True,unattributed,6,evt_01-P06_upper_body_0046,c5516ffd0ba2dfe8,pose_hand_context,,7708.8,7.29,,1,01/e1/v1,rtmpose_baseline
corpus_01,01.Candidate was found using a mobile phone in the examination hall..mkv,b842b03e5784d867e93770560d88150a526250df69077cd3065edbbd4c842098,dfine_sahi,59820.0,unknown_object,0.4054,1023.48,442.17,1106.75,537.45,7935.0,83.28,95.29,0.874,False,,True,unattributed,6,evt_01-P06_upper_body_0046,c5516ffd0ba2dfe8,pose_hand_context,,7708.8,7.29,,1,01/e1/v1,rtmpose_baseline
corpus_01,01.Candidate was found using a mobile phone in the examination hall..mkv,b842b03e5784d867e93770560d88150a526250df69077cd3065edbbd4c842098,dfine_sahi,59820.0,bag,0.3653,987.97,442.12,1031.33,484.78,1849.7,43.35,42.66,1.016,False,,True,unattributed,6,evt_01-P06_upper_body_0046,c5516ffd0ba2dfe8,pose_hand_context,,7708.8,7.29,,1,01/e1/v1,rtmpose_baseline
corpus_01,01.Candidate was found using a mobile phone in the examination hall..mkv,b842b03e5784d867e93770560d88150a526250df69077cd3065edbbd4c842098,dfine_sahi,59820.0,unknown_object,0.6719,1015.57,491.7,1033.32,530.64,691.2,17.75,38.94,0.456,False,,True,unattributed,7,evt_01-P06_upper_body_0046,c5516ffd0ba2dfe8,pose_hand_context,,7708.8,7.29,,1,01/e1/v1,rtmpose_baseline
corpus_01,01.Candidate was found using a mobile phone in the examination hall..mkv,b842b03e5784d867e93770560d88150a526250df69077cd3065edbbd4c842098,dfine_sahi,59820.0,unknown_object,0.5837,1015.25,461.44,1043.2,530.94,1942.1,27.95,69.49,0.402,False,,True,unattributed,7,evt_01-P06_upper_body_0046,c5516ffd0ba2dfe8,pose_hand_context,,7708.8,7.29,,1,01/e1/v1,rtmpose_baseline
corpus_01,01.Candidate was found using a mobile phone in the examination hall..mkv,b842b03e5784d867e93770560d88150a526250df69077cd3065edbbd4c842098,dfine_sahi,59820.0,phone,0.4981,1015.57,493.3,1033.33,530.65,663.3,17.76,37.35,0.476,False,,True,unattributed,7,evt_01-P06_upper_body_0046,c5516ffd0ba2dfe8,pose_hand_context,,7708.8,7.29,,1,01/e1/v1,rtmpose_baseline
corpus_01,01.Candidate was found using a mobile phone in the examination hall..mkv,b842b03e5784d867e93770560d88150a526250df69077cd3065edbbd4c842098,dfine_sahi,59820.0,unknown_object,0.4054,1023.48,442.17,1106.75,537.45,7935.0,83.28,95.29,0.874,False,,True,unattributed,7,evt_01-P06_upper_body_0046,c5516ffd0ba2dfe8,pose_hand_context,,7708.8,7.29,,1,01/e1/v1,rtmpose_baseline
corpus_01,01.Candidate was found using a mobile phone in the examination hall..mkv,b842b03e5784d867e93770560d88150a526250df69077cd3065edbbd4c842098,dfine_sahi,59820.0,bag,0.3653,987.97,442.12,1031.33,484.78,1849.7,43.35,42.66,1.016,False,,True,unattributed,7,evt_01-P06_upper_body_0046,c5516ffd0ba2dfe8,pose_hand_context,,7708.8,7.29,,1,01/e1/v1,rtmpose_baseline
corpus_01,01.Candidate was found using a mobile phone in the examination hall..mkv,b842b03e5784d867e93770560d88150a526250df69077cd3065edbbd4c842098,dfine_sahi,59860.0,unknown_object,0.5898,1015.19,461.62,1043.11,530.88,1934.0,27.92,69.26,0.403,False,,True,unattributed,6,evt_01-P02_upper_body_0012,03721f82baea14df,pose_hand_context,,8118.0,7.1,,1,01/e1/v1,rtmpose_baseline
corpus_01,01.Candidate was found using a mobile phone in the examination hall..mkv,b842b03e5784d867e93770560d88150a526250df69077cd3065edbbd4c842098,dfine_sahi,59860.0,stationery,0.5086,1015.32,481.2,1033.55,530.7,902.4,18.23,49.5,0.368,False,,True,unattributed,6,evt_01-P02_upper_body_0012,03721f82baea14df,pose_hand_context,,8118.0,7.1,,1,01/e1/v1,rtmpose_baseline
corpus_01,01.Candidate was found using a mobile phone in the examination hall..mkv,b842b03e5784d867e93770560d88150a526250df69077cd3065edbbd4c842098,dfine_sahi,59860.0,unknown_object,0.4483,1014.73,441.05,1082.96,531.47,6169.5,68.23,90.42,0.755,False,,True,unattributed,6,evt_01-P02_upper_body_0012,03721f82baea14df,pose_hand_context,,8118.0,7.1,,1,01/e1/v1,rtmpose_baseline
corpus_01,01.Candidate was found using a mobile phone in the examination hall..mkv,b842b03e5784d867e93770560d88150a526250df69077cd3065edbbd4c842098,dfine_sahi,59860.0,unknown_object,0.4459,1015.58,488.25,1033.58,530.69,763.6,17.99,42.43,0.424,False,,True,unattributed,6,evt_01-P02_upper_body_0012,03721f82baea14df,pose_hand_context,,8118.0,7.1,,1,01/e1/v1,rtmpose_baseline
corpus_01,01.Candidate was found using a mobile phone in the examination hall..mkv,b842b03e5784d867e93770560d88150a526250df69077cd3065edbbd4c842098,dfine_sahi,59860.0,bag,0.3268,987.61,441.11,1031.41,484.55,1902.5,43.8,43.44,1.008,False,,True,unattributed,6,evt_01-P02_upper_body_0012,03721f82baea14df,pose_hand_context,,8118.0,7.1,,1,01/e1/v1,rtmpose_baseline
corpus_01,01.Candidate was found using a mobile phone in the examination hall..mkv,b842b03e5784d867e93770560d88150a526250df69077cd3065edbbd4c842098,dfine_sahi,59860.0,unknown_object,0.2753,1011.36,560.62,1068.96,576.82,933.4,57.61,16.2,3.555,False,,True,unattributed,6,evt_01-P02_upper_body_0012,03721f82baea14df,pose_hand_context,,8118.0,7.1,,1,01/e1/v1,rtmpose_baseline
corpus_01,01.Candidate was found using a mobile phone in the examination hall..mkv,b842b03e5784d867e93770560d88150a526250df69077cd3065edbbd4c842098,dfine_sahi,59860.0,unknown_object,0.5898,1015.19,461.62,1043.11,530.88,1934.0,27.92,69.26,0.403,False,,True,unattributed,7,evt_01-P02_upper_body_0012,03721f82baea14df,pose_hand_context,,8118.0,7.1,,1,01/e1/v1,rtmpose_baseline
corpus_01,01.Candidate was found using a mobile phone in the examination hall..mkv,b842b03e5784d867e93770560d88150a526250df69077cd3065edbbd4c842098,dfine_sahi,59860.0,stationery,0.5086,1015.32,481.2,1033.55,530.7,902.4,18.23,49.5,0.368,False,,True,unattributed,7,evt_01-P02_upper_body_0012,03721f82baea14df,pose_hand_context,,8118.0,7.1,,1,01/e1/v1,rtmpose_baseline
corpus_01,01.Candidate was found using a mobile phone in the examination hall..mkv,b842b03e5784d867e93770560d88150a526250df69077cd3065edbbd4c842098,dfine_sahi,59860.0,unknown_object,0.4483,1014.73,441.05,1082.96,531.47,6169.5,68.23,90.42,0.755,False,,True,unattributed,7,evt_01-P02_upper_body_0012,03721f82baea14df,pose_hand_context,,8118.0,7.1,,1,01/e1/v1,rtmpose_baseline
corpus_01,01.Candidate was found using a mobile phone in the examination hall..mkv,b842b03e5784d867e93770560d88150a526250df69077cd3065edbbd4c842098,dfine_sahi,59860.0,unknown_object,0.4459,1015.58,488.25,1033.58,530.69,763.6,17.99,42.43,0.424,False,,True,unattributed,7,evt_01-P02_upper_body_0012,03721f82baea14df,pose_hand_context,,8118.0,7.1,,1,01/e1/v1,rtmpose_baseline
corpus_01,01.Candidate was found using a mobile phone in the examination hall..mkv,b842b03e5784d867e93770560d88150a526250df69077cd3065edbbd4c842098,dfine_sahi,59860.0,bag,0.3268,987.61,441.11,1031.41,484.55,1902.5,43.8,43.44,1.008,False,,True,unattributed,7,evt_01-P02_upper_body_0012,03721f82baea14df,pose_hand_context,,8118.0,7.1,,1,01/e1/v1,rtmpose_baseline
corpus_01,01.Candidate was found using a mobile phone in the examination hall..mkv,b842b03e5784d867e93770560d88150a526250df69077cd3065edbbd4c842098,dfine_sahi,59860.0,unknown_object,0.2753,1011.36,560.62,1068.96,576.82,933.4,57.61,16.2,3.555,False,,True,unattributed,7,evt_01-P02_upper_body_0012,03721f82baea14df,pose_hand_context,,8118.0,7.1,,1,01/e1/v1,rtmpose_baseline
corpus_01,01.Candidate was found using a mobile phone in the examination hall..mkv,b842b03e5784d867e93770560d88150a526250df69077cd3065edbbd4c842098,dfine_sahi,59860.0,unknown_object,0.608,663.03,575.72,700.75,645.59,2635.3,37.72,69.87,0.54,False,,True,unattributed,4,evt_01-P02_upper_body_0012,75550b45ac50a41e,pose_hand_context,,57061.8,2.53,,1,01/e1/v1,rtmpose_baseline
corpus_01,01.Candidate was found using a mobile phone in the examination hall..mkv,b842b03e5784d867e93770560d88150a526250df69077cd3065edbbd4c842098,dfine_sahi,59860.0,unknown_object,0.5972,699.19,494.1,759.0,585.19,5448.4,59.81,91.09,0.657,False,,True,unattributed,4,evt_01-P02_upper_body_0012,75550b45ac50a41e,pose_hand_context,,57061.8,2.53,,1,01/e1/v1,rtmpose_baseline
corpus_01,01.Candidate was found using a mobile phone in the examination hall..mkv,b842b03e5784d867e93770560d88150a526250df69077cd3065edbbd4c842098,dfine_sahi,59860.0,mouse,0.4303,726.83,699.93,789.0,719.47,1214.8,62.17,19.54,3.182,False,,True,unattributed,4,evt_01-P02_upper_body_0012,75550b45ac50a41e,pose_hand_context,,57061.8,2.53,,1,01/e1/v1,rtmpose_baseline
corpus_01,01.Candidate was found using a mobile phone in the examination hall..mkv,b842b03e5784d867e93770560d88150a526250df69077cd3065edbbd4c842098,dfine_sahi,59860.0,bag,0.4129,726.92,700.25,788.97,719.91,1220.0,62.05,19.66,3.156,False,,True,unattributed,4,evt_01-P02_upper_body_0012,75550b45ac50a41e,pose_hand_context,,57061.8,2.53,,1,01/e1/v1,rtmpose_baseline
corpus_01,01.Candidate was found using a mobile phone in the examination hall..mkv,b842b03e5784d867e93770560d88150a526250df69077cd3065edbbd4c842098,dfine_sahi,59860.0,unknown_object,0.3664,787.56,520.93,819.04,617.6,3043.3,31.48,96.67,0.326,False,,True,unattributed,4,evt_01-P02_upper_body_0012,75550b45ac50a41e,pose_hand_context,,57061.8,2.53,,1,01/e1/v1,rtmpose_baseline
corpus_01,01.Candidate was found using a mobile phone in the examination hall..mkv,b842b03e5784d867e93770560d88150a526250df69077cd3065edbbd4c842098,dfine_sahi,59860.0,phone,0.3641,809.45,645.82,824.44,668.34,337.5,14.99,22.51,0.666,False,,True,unattributed,4,evt_01-P02_upper_body_0012,75550b45ac50a41e,pose_hand_context,,57061.8,2.53,,1,01/e1/v1,rtmpose_baseline
corpus_01,01.Candidate was found using a mobile phone in the examination hall..mkv,b842b03e5784d867e93770560d88150a526250df69077cd3065edbbd4c842098,dfine_sahi,59860.0,unknown_object,0.2905,662.89,494.24,754.47,645.47,13849.1,91.58,151.22,0.606,False,,True,unattributed,4,evt_01-P02_upper_body_0012,75550b45ac50a41e,pose_hand_context,,57061.8,2.53,,1,01/e1/v1,rtmpose_baseline
corpus_01,01.Candidate was found using a mobile phone in the examination hall..mkv,b842b03e5784d867e93770560d88150a526250df69077cd3065edbbd4c842098,dfine_sahi,59860.0,unknown_object,0.2811,663.03,576.86,699.68,598.52,794.0,36.65,21.67,1.691,False,,True,unattributed,4,evt_01-P02_upper_body_0012,75550b45ac50a41e,pose_hand_context,,57061.8,2.53,,1,01/e1/v1,rtmpose_baseline
corpus_01,01.Candidate was found using a mobile phone in the examination hall..mkv,b842b03e5784d867e93770560d88150a526250df69077cd3065edbbd4c842098,dfine_sahi,59860.0,unknown_object,0.6263,651.09,406.75,746.67,495.41,8473.8,95.58,88.66,1.078,False,,True,unattributed,5,evt_01-P02_upper_body_0012,ba666ef4f7b03d81,pose_hand_context,,2304.0,13.33,,1,01/e1/v1,rtmpose_baseline
corpus_01,01.Candidate was found using a mobile phone in the examination hall..mkv,b842b03e5784d867e93770560d88150a526250df69077cd3065edbbd4c842098,dfine_sahi,59860.0,unknown_object,0.3764,692.68,419.61,727.44,457.89,1330.7,34.76,38.28,0.908,False,,True,unattributed,5,evt_01-P02_upper_body_0012,ba666ef4f7b03d81,pose_hand_context,,2304.0,13.33,,1,01/e1/v1,rtmpose_baseline
corpus_01,01.Candidate was found using a mobile phone in the examination hall..mkv,b842b03e5784d867e93770560d88150a526250df69077cd3065edbbd4c842098,dfine_sahi,59860.0,unknown_object,0.3165,714.98,425.12,742.31,453.66,780.1,27.33,28.54,0.958,False,,True,unattributed,5,evt_01-P02_upper_body_0012,ba666ef4f7b03d81,pose_hand_context,,2304.0,13.33,,1,01/e1/v1,rtmpose_baseline
corpus_01,01.Candidate was found using a mobile phone in the examination hall..mkv,b842b03e5784d867e93770560d88150a526250df69077cd3065edbbd4c842098,dfine_sahi,59860.0,unknown_object,0.2741,727.49,400.34,746.99,447.45,918.6,19.5,47.11,0.414,False,,True,unattributed,5,evt_01-P02_upper_body_0012,ba666ef4f7b03d81,pose_hand_context,,2304.0,13.33,,1,01/e1/v1,rtmpose_baseline
corpus_01,01.Candidate was found using a mobile phone in the examination hall..mkv,b842b03e5784d867e93770560d88150a526250df69077cd3065edbbd4c842098,dfine_sahi,59860.0,unknown_object,0.2605,700.58,419.86,727.1,441.82,582.4,26.52,21.96,1.207,False,,True,unattributed,5,evt_01-P02_upper_body_0012,ba666ef4f7b03d81,pose_hand_context,,2304.0,13.33,,1,01/e1/v1,rtmpose_baseline
corpus_01,01.Candidate was found using a mobile phone in the examination hall..mkv,b842b03e5784d867e93770560d88150a526250df69077cd3065edbbd4c842098,dfine_sahi,60340.0,unknown_object,0.6457,650.02,406.89,694.41,494.32,3881.4,44.39,87.43,0.508,False,,True,unattributed,5,evt_01-P03_upper_body_0019,0a15c0e5bd864299,pose_hand_context,,2304.0,13.33,,1,01/e1/v1,rtmpose_baseline
corpus_01,01.Candidate was found using a mobile phone in the examination hall..mkv,b842b03e5784d867e93770560d88150a526250df69077cd3065edbbd4c842098,dfine_sahi,60340.0,unknown_object,0.4482,700.73,420.76,727.57,450.48,797.3,26.83,29.71,0.903,False,,True,unattributed,5,evt_01-P03_upper_body_0019,0a15c0e5bd864299,pose_hand_context,,2304.0,13.33,,1,01/e1/v1,rtmpose_baseline
corpus_01,01.Candidate was found using a mobile phone in the examination hall..mkv,b842b03e5784d867e93770560d88150a526250df69077cd3065edbbd4c842098,dfine_sahi,60340.0,unknown_object,0.3542,659.48,399.07,743.55,487.68,7449.0,84.06,88.61,0.949,False,,True,unattributed,5,evt_01-P03_upper_body_0019,0a15c0e5bd864299,pose_hand_context,,2304.0,13.33,,1,01/e1/v1,rtmpose_baseline
corpus_01,01.Candidate was found using a mobile phone in the examination hall..mkv,b842b03e5784d867e93770560d88150a526250df69077cd3065edbbd4c842098,dfine_sahi,60340.0,bag,0.3264,691.31,450.98,741.98,487.79,1865.0,50.67,36.81,1.377,False,,True,unattributed,5,evt_01-P03_upper_body_0019,0a15c0e5bd864299,pose_hand_context,,2304.0,13.33,,1,01/e1/v1,rtmpose_baseline
corpus_01,01.Candidate was found using a mobile phone in the examination hall..mkv,b842b03e5784d867e93770560d88150a526250df69077cd3065edbbd4c842098,dfine_sahi,60340.0,unknown_object,0.3259,692.27,399.12,734.28,450.77,2170.3,42.02,51.65,0.813,False,,True,unattributed,5,evt_01-P03_upper_body_0019,0a15c0e5bd864299,pose_hand_context,,2304.0,13.33,,1,01/e1/v1,rtmpose_baseline
corpus_01,01.Candidate was found using a mobile phone in the examination hall..mkv,b842b03e5784d867e93770560d88150a526250df69077cd3065edbbd4c842098,dfine_sahi,60340.0,unknown_object,0.2822,706.12,406.95,733.69,423.73,462.5,27.57,16.78,1.643,False,,True,unattributed,5,evt_01-P03_upper_body_0019,0a15c0e5bd864299,pose_hand_context,,2304.0,13.33,,1,01/e1/v1,rtmpose_baseline
corpus_01,01.Candidate was found using a mobile phone in the examination hall..mkv,b842b03e5784d867e93770560d88150a526250df69077cd3065edbbd4c842098,dfine_sahi,60340.0,unknown_object,0.2822,727.28,399.18,745.98,447.04,894.9,18.7,47.85,0.391,False,,True,unattributed,5,evt_01-P03_upper_body_0019,0a15c0e5bd864299,pose_hand_context,,2304.0,13.33,,1,01/e1/v1,rtmpose_baseline
corpus_01,01.Candidate was found using a mobile phone in the examination hall..mkv,b842b03e5784d867e93770560d88150a526250df69077cd3065edbbd4c842098,dfine_sahi,60340.0,unknown_object,0.2515,660.15,399.05,687.87,415.11,445.2,27.73,16.06,1.727,False,,True,unattributed,5,evt_01-P03_upper_body_0019,0a15c0e5bd864299,pose_hand_context,,2304.0,13.33,,1,01/e1/v1,rtmpose_baseline
corpus_01,01.Candidate was found using a mobile phone in the examination hall..mkv,b842b03e5784d867e93770560d88150a526250df69077cd3065edbbd4c842098,dfine_sahi,60340.0,unknown_object,0.628,665.01,576.35,700.63,645.51,2463.6,35.62,69.16,0.515,False,,True,unattributed,4,evt_01-P03_upper_body_0019,0e6eb70cb5f34406,pose_hand_context,,56343.4,2.55,,1,01/e1/v1,rtmpose_baseline
corpus_01,01.Candidate was found using a mobile phone in the examination hall..mkv,b842b03e5784d867e93770560d88150a526250df69077cd3065edbbd4c842098,dfine_sahi,60340.0,unknown_object,0.6152,693.85,495.13,758.54,585.18,5825.6,64.69,90.05,0.718,False,,True,unattributed,4,evt_01-P03_upper_body_0019,0e6eb70cb5f34406,pose_hand_context,,56343.4,2.55,,1,01/e1/v1,rtmpose_baseline
corpus_01,01.Candidate was found using a mobile phone in the examination hall..mkv,b842b03e5784d867e93770560d88150a526250df69077cd3065edbbd4c842098,dfine_sahi,60340.0,unknown_object,0.581,787.87,521.74,819.96,616.94,3054.5,32.08,95.2,0.337,False,,True,unattributed,4,evt_01-P03_upper_body_0019,0e6eb70cb5f34406,pose_hand_context,,56343.4,2.55,,1,01/e1/v1,rtmpose_baseline
corpus_01,01.Candidate was found using a mobile phone in the examination hall..mkv,b842b03e5784d867e93770560d88150a526250df69077cd3065edbbd4c842098,dfine_sahi,60340.0,unknown_object,0.4276,665.04,576.83,699.6,598.55,750.9,34.56,21.72,1.591,False,,True,unattributed,4,evt_01-P03_upper_body_0019,0e6eb70cb5f34406,pose_hand_context,,56343.4,2.55,,1,01/e1/v1,rtmpose_baseline
corpus_01,01.Candidate was found using a mobile phone in the examination hall..mkv,b842b03e5784d867e93770560d88150a526250df69077cd3065edbbd4c842098,dfine_sahi,60340.0,bag,0.4039,727.03,700.58,788.53,719.91,1188.8,61.5,19.33,3.182,False,,True,unattributed,4,evt_01-P03_upper_body_0019,0e6eb70cb5f34406,pose_hand_context,,56343.4,2.55,,1,01/e1/v1,rtmpose_baseline
corpus_01,01.Candidate was found using a mobile phone in the examination hall..mkv,b842b03e5784d867e93770560d88150a526250df69077cd3065edbbd4c842098,dfine_sahi,60340.0,unknown_object,0.3648,664.9,495.07,758.12,645.4,14012.5,93.21,150.33,0.62,False,,True,unattributed,4,evt_01-P03_upper_body_0019,0e6eb70cb5f34406,pose_hand_context,,56343.4,2.55,,1,01/e1/v1,rtmpose_baseline
corpus_01,01.Candidate was found using a mobile phone in the examination hall..mkv,b842b03e5784d867e93770560d88150a526250df69077cd3065edbbd4c842098,dfine_sahi,60340.0,mouse,0.3317,727.02,700.09,788.49,719.54,1195.7,61.47,19.45,3.16,False,,True,unattributed,4,evt_01-P03_upper_body_0019,0e6eb70cb5f34406,pose_hand_context,,56343.4,2.55,,1,01/e1/v1,rtmpose_baseline
corpus_01,01.Candidate was found using a mobile phone in the examination hall..mkv,b842b03e5784d867e93770560d88150a526250df69077cd3065edbbd4c842098,dfine_sahi,60340.0,unknown_object,0.3235,774.95,669.74,823.98,719.52,2440.5,49.02,49.78,0.985,False,,True,unattributed,4,evt_01-P03_upper_body_0019,0e6eb70cb5f34406,pose_hand_context,,56343.4,2.55,,1,01/e1/v1,rtmpose_baseline
corpus_01,01.Candidate was found using a mobile phone in the examination hall..mkv,b842b03e5784d867e93770560d88150a526250df69077cd3065edbbd4c842098,dfine_sahi,60340.0,unknown_object,0.269,787.58,520.76,915.69,619.78,12685.9,128.11,99.02,1.294,False,,True,unattributed,4,evt_01-P03_upper_body_0019,0e6eb70cb5f34406,pose_hand_context,,56343.4,2.55,,1,01/e1/v1,rtmpose_baseline
corpus_01,01.Candidate was found using a mobile phone in the examination hall..mkv,b842b03e5784d867e93770560d88150a526250df69077cd3065edbbd4c842098,dfine_sahi,60340.0,unknown_object,0.426,1016.06,481.15,1111.94,576.48,9139.3,95.87,95.33,1.006,False,,True,unattributed,7,evt_01-P03_upper_body_0019,e32f42d6c4b70339,pose_hand_context,,8508.2,6.94,,1,01/e1/v1,rtmpose_baseline
corpus_01,01.Candidate was found using a mobile phone in the examination hall..mkv,b842b03e5784d867e93770560d88150a526250df69077cd3065edbbd4c842098,dfine_sahi,60340.0,unknown_object,0.4214,1021.52,494.27,1035.99,531.86,543.6,14.46,37.58,0.385,False,,True,unattributed,7,evt_01-P03_upper_body_0019,e32f42d6c4b70339,pose_hand_context,,8508.2,6.94,,1,01/e1/v1,rtmpose_baseline
corpus_01,01.Candidate was found using a mobile phone in the examination hall..mkv,b842b03e5784d867e93770560d88150a526250df69077cd3065edbbd4c842098,dfine_sahi,60340.0,stationery,0.3936,1029.79,440.07,1070.96,470.36,1247.5,41.18,30.29,1.359,False,,True,unattributed,7,evt_01-P03_upper_body_0019,e32f42d6c4b70339,pose_hand_context,,8508.2,6.94,,1,01/e1/v1,rtmpose_baseline
corpus_01,01.Candidate was found using a mobile phone in the examination hall..mkv,b842b03e5784d867e93770560d88150a526250df69077cd3065edbbd4c842098,dfine_sahi,60340.0,stationery,0.3932,998.0,493.83,1036.46,556.41,2407.3,38.46,62.59,0.615,False,,True,unattributed,7,evt_01-P03_upper_body_0019,e32f42d6c4b70339,pose_hand_context,,8508.2,6.94,,1,01/e1/v1,rtmpose_baseline
corpus_01,01.Candidate was found using a mobile phone in the examination hall..mkv,b842b03e5784d867e93770560d88150a526250df69077cd3065edbbd4c842098,dfine_sahi,60340.0,unknown_object,0.3582,1016.0,494.08,1036.25,567.06,1477.9,20.25,72.98,0.277,False,,True,unattributed,7,evt_01-P03_upper_body_0019,e32f42d6c4b70339,pose_hand_context,,8508.2,6.94,,1,01/e1/v1,rtmpose_baseline
corpus_01,01.Candidate was found using a mobile phone in the examination hall..mkv,b842b03e5784d867e93770560d88150a526250df69077cd3065edbbd4c842098,dfine_sahi,60340.0,unknown_object,0.3349,1021.29,481.17,1062.02,571.34,3672.3,40.73,90.17,0.452,False,,True,unattributed,7,evt_01-P03_upper_body_0019,e32f42d6c4b70339,pose_hand_context,,8508.2,6.94,,1,01/e1/v1,rtmpose_baseline
corpus_01,01.Candidate was found using a mobile phone in the examination hall..mkv,b842b03e5784d867e93770560d88150a526250df69077cd3065edbbd4c842098,dfine_sahi,60340.0,unknown_object,0.306,995.81,493.77,1037.03,575.84,3382.9,41.22,82.07,0.502,False,,True,unattributed,7,evt_01-P03_upper_body_0019,e32f42d6c4b70339,pose_hand_context,,8508.2,6.94,,1,01/e1/v1,rtmpose_baseline
corpus_01,01.Candidate was found using a mobile phone in the examination hall..mkv,b842b03e5784d867e93770560d88150a526250df69077cd3065edbbd4c842098,dfine_sahi,60340.0,phone,0.2752,1029.52,440.04,1085.95,470.17,1700.4,56.43,30.13,1.873,False,,True,unattributed,7,evt_01-P03_upper_body_0019,e32f42d6c4b70339,pose_hand_context,,8508.2,6.94,,1,01/e1/v1,rtmpose_baseline
corpus_01,01.Candidate was found using a mobile phone in the examination hall..mkv,b842b03e5784d867e93770560d88150a526250df69077cd3065edbbd4c842098,dfine_sahi,60340.0,unknown_object,0.426,1016.06,481.15,1111.94,576.48,9139.3,95.87,95.33,1.006,False,,True,unattributed,6,evt_01-P03_upper_body_0019,e32f42d6c4b70339,pose_hand_context,,8508.2,6.94,,1,01/e1/v1,rtmpose_baseline
corpus_01,01.Candidate was found using a mobile phone in the examination hall..mkv,b842b03e5784d867e93770560d88150a526250df69077cd3065edbbd4c842098,dfine_sahi,60340.0,unknown_object,0.4214,1021.52,494.27,1035.99,531.86,543.6,14.46,37.58,0.385,False,,True,unattributed,6,evt_01-P03_upper_body_0019,e32f42d6c4b70339,pose_hand_context,,8508.2,6.94,,1,01/e1/v1,rtmpose_baseline
corpus_01,01.Candidate was found using a mobile phone in the examination hall..mkv,b842b03e5784d867e93770560d88150a526250df69077cd3065edbbd4c842098,dfine_sahi,60340.0,stationery,0.3936,1029.79,440.07,1070.96,470.36,1247.5,41.18,30.29,1.359,False,,True,unattributed,6,evt_01-P03_upper_body_0019,e32f42d6c4b70339,pose_hand_context,,8508.2,6.94,,1,01/e1/v1,rtmpose_baseline
corpus_01,01.Candidate was found using a mobile phone in the examination hall..mkv,b842b03e5784d867e93770560d88150a526250df69077cd3065edbbd4c842098,dfine_sahi,60340.0,stationery,0.3932,998.0,493.83,1036.46,556.41,2407.3,38.46,62.59,0.615,False,,True,unattributed,6,evt_01-P03_upper_body_0019,e32f42d6c4b70339,pose_hand_context,,8508.2,6.94,,1,01/e1/v1,rtmpose_baseline
corpus_01,01.Candidate was found using a mobile phone in the examination hall..mkv,b842b03e5784d867e93770560d88150a526250df69077cd3065edbbd4c842098,dfine_sahi,60340.0,unknown_object,0.3582,1016.0,494.08,1036.25,567.06,1477.9,20.25,72.98,0.277,False,,True,unattributed,6,evt_01-P03_upper_body_0019,e32f42d6c4b70339,pose_hand_context,,8508.2,6.94,,1,01/e1/v1,rtmpose_baseline
corpus_01,01.Candidate was found using a mobile phone in the examination hall..mkv,b842b03e5784d867e93770560d88150a526250df69077cd3065edbbd4c842098,dfine_sahi,60340.0,unknown_object,0.3349,1021.29,481.17,1062.02,571.34,3672.3,40.73,90.17,0.452,False,,True,unattributed,6,evt_01-P03_upper_body_0019,e32f42d6c4b70339,pose_hand_context,,8508.2,6.94,,1,01/e1/v1,rtmpose_baseline
corpus_01,01.Candidate was found using a mobile phone in the examination hall..mkv,b842b03e5784d867e93770560d88150a526250df69077cd3065edbbd4c842098,dfine_sahi,60340.0,unknown_object,0.306,995.81,493.77,1037.03,575.84,3382.9,41.22,82.07,0.502,False,,True,unattributed,6,evt_01-P03_upper_body_0019,e32f42d6c4b70339,pose_hand_context,,8508.2,6.94,,1,01/e1/v1,rtmpose_baseline
corpus_01,01.Candidate was found using a mobile phone in the examination hall..mkv,b842b03e5784d867e93770560d88150a526250df69077cd3065edbbd4c842098,dfine_sahi,60340.0,phone,0.2752,1029.52,440.04,1085.95,470.17,1700.4,56.43,30.13,1.873,False,,True,unattributed,6,evt_01-P03_upper_body_0019,e32f42d6c4b70339,pose_hand_context,,8508.2,6.94,,1,01/e1/v1,rtmpose_baseline
corpus_01,01.Candidate was found using a mobile phone in the examination hall..mkv,b842b03e5784d867e93770560d88150a526250df69077cd3065edbbd4c842098,dfine_sahi,60380.0,unknown_object,0.7067,649.03,407.04,694.43,495.29,4006.9,45.41,88.25,0.515,False,,True,unattributed,5,evt_01-P01_desk_work_surface_0002,3a8d7ab918471617,pose_hand_context,,2304.0,13.33,,1,01/e1/v1,rtmpose_baseline
corpus_01,01.Candidate was found using a mobile phone in the examination hall..mkv,b842b03e5784d867e93770560d88150a526250df69077cd3065edbbd4c842098,dfine_sahi,60380.0,unknown_object,0.4089,701.64,420.81,727.18,450.44,756.7,25.54,29.63,0.862,False,,True,unattributed,5,evt_01-P01_desk_work_surface_0002,3a8d7ab918471617,pose_hand_context,,2304.0,13.33,,1,01/e1/v1,rtmpose_baseline
corpus_01,01.Candidate was found using a mobile phone in the examination hall..mkv,b842b03e5784d867e93770560d88150a526250df69077cd3065edbbd4c842098,dfine_sahi,60380.0,unknown_object,0.3455,706.17,407.01,733.72,423.93,466.2,27.55,16.92,1.628,False,,True,unattributed,5,evt_01-P01_desk_work_surface_0002,3a8d7ab918471617,pose_hand_context,,2304.0,13.33,,1,01/e1/v1,rtmpose_baseline
corpus_01,01.Candidate was found using a mobile phone in the examination hall..mkv,b842b03e5784d867e93770560d88150a526250df69077cd3065edbbd4c842098,dfine_sahi,60380.0,unknown_object,0.3416,691.44,451.36,742.12,488.24,1869.0,50.68,36.88,1.374,False,,True,unattributed,5,evt_01-P01_desk_work_surface_0002,3a8d7ab918471617,pose_hand_context,,2304.0,13.33,,1,01/e1/v1,rtmpose_baseline
corpus_01,01.Candidate was found using a mobile phone in the examination hall..mkv,b842b03e5784d867e93770560d88150a526250df69077cd3065edbbd4c842098,dfine_sahi,60380.0,unknown_object,0.3179,727.52,400.2,744.99,447.11,819.5,17.47,46.91,0.372,False,,True,unattributed,5,evt_01-P01_desk_work_surface_0002,3a8d7ab918471617,pose_hand_context,,2304.0,13.33,,1,01/e1/v1,rtmpose_baseline
corpus_01,01.Candidate was found using a mobile phone in the examination hall..mkv,b842b03e5784d867e93770560d88150a526250df69077cd3065edbbd4c842098,dfine_sahi,60380.0,unknown_object,0.2837,700.7,400.18,734.06,450.69,1685.2,33.36,50.51,0.66,False,,True,unattributed,5,evt_01-P01_desk_work_surface_0002,3a8d7ab918471617,pose_hand_context,,2304.0,13.33,,1,01/e1/v1,rtmpose_baseline
corpus_01,01.Candidate was found using a mobile phone in the examination hall..mkv,b842b03e5784d867e93770560d88150a526250df69077cd3065edbbd4c842098,dfine_sahi,60380.0,unknown_object,0.274,659.12,400.04,743.64,458.36,4928.2,84.51,58.31,1.449,False,,True,unattributed,5,evt_01-P01_desk_work_surface_0002,3a8d7ab918471617,pose_hand_context,,2304.0,13.33,,1,01/e1/v1,rtmpose_baseline
corpus_01,01.Candidate was found using a mobile phone in the examination hall..mkv,b842b03e5784d867e93770560d88150a526250df69077cd3065edbbd4c842098,dfine_sahi,60380.0,unknown_object,0.2521,659.98,400.03,688.06,414.57,408.4,28.08,14.54,1.931,False,,True,unattributed,5,evt_01-P01_desk_work_surface_0002,3a8d7ab918471617,pose_hand_context,,2304.0,13.33,,1,01/e1/v1,rtmpose_baseline
corpus_01,01.Candidate was found using a mobile phone in the examination hall..mkv,b842b03e5784d867e93770560d88150a526250df69077cd3065edbbd4c842098,dfine_sahi,60380.0,unknown_object,0.6366,690.2,491.22,762.44,585.19,6788.8,72.24,93.97,0.769,False,,True,unattributed,4,evt_01-P01_desk_work_surface_0002,7e9468fc339cbcff,pose_hand_context,,57315.8,2.55,,1,01/e1/v1,rtmpose_baseline
corpus_01,01.Candidate was found using a mobile phone in the examination hall..mkv,b842b03e5784d867e93770560d88150a526250df69077cd3065edbbd4c842098,dfine_sahi,60380.0,unknown_object,0.6107,665.02,576.47,700.61,645.6,2460.5,35.59,69.13,0.515,False,,True,unattributed,4,evt_01-P01_desk_work_surface_0002,7e9468fc339cbcff,pose_hand_context,,57315.8,2.55,,1,01/e1/v1,rtmpose_baseline
corpus_01,01.Candidate was found using a mobile phone in the examination hall..mkv,b842b03e5784d867e93770560d88150a526250df69077cd3065edbbd4c842098,dfine_sahi,60380.0,bag,0.5387,726.82,700.34,788.8,719.83,1208.2,61.98,19.49,3.18,False,,True,unattributed,4,evt_01-P01_desk_work_surface_0002,7e9468fc339cbcff,pose_hand_context,,57315.8,2.55,,1,01/e1/v1,rtmpose_baseline
corpus_01,01.Candidate was found using a mobile phone in the examination hall..mkv,b842b03e5784d867e93770560d88150a526250df69077cd3065edbbd4c842098,dfine_sahi,60380.0,unknown_object,0.5111,787.8,523.22,819.45,616.61,2955.8,31.65,93.39,0.339,False,,True,unattributed,4,evt_01-P01_desk_work_surface_0002,7e9468fc339cbcff,pose_hand_context,,57315.8,2.55,,1,01/e1/v1,rtmpose_baseline
corpus_01,01.Candidate was found using a mobile phone in the examination hall..mkv,b842b03e5784d867e93770560d88150a526250df69077cd3065edbbd4c842098,dfine_sahi,60380.0,mouse,0.3673,727.07,700.13,788.44,719.8,1207.2,61.37,19.67,3.12,False,,True,unattributed,4,evt_01-P01_desk_work_surface_0002,7e9468fc339cbcff,pose_hand_context,,57315.8,2.55,,1,01/e1/v1,rtmpose_baseline
corpus_01,01.Candidate was found using a mobile phone in the examination hall..mkv,b842b03e5784d867e93770560d88150a526250df69077cd3065edbbd4c842098,dfine_sahi,60380.0,unknown_object,0.3414,787.38,522.27,915.71,618.5,12349.3,128.33,96.23,1.334,False,,True,unattributed,4,evt_01-P01_desk_work_surface_0002,7e9468fc339cbcff,pose_hand_context,,57315.8,2.55,,1,01/e1/v1,rtmpose_baseline
corpus_01,01.Candidate was found using a mobile phone in the examination hall..mkv,b842b03e5784d867e93770560d88150a526250df69077cd3065edbbd4c842098,dfine_sahi,60380.0,stationery,0.2723,774.02,591.33,813.7,674.93,3317.2,39.68,83.6,0.475,False,,True,unattributed,4,evt_01-P01_desk_work_surface_0002,7e9468fc339cbcff,pose_hand_context,,57315.8,2.55,,1,01/e1/v1,rtmpose_baseline
corpus_01,01.Candidate was found using a mobile phone in the examination hall..mkv,b842b03e5784d867e93770560d88150a526250df69077cd3065edbbd4c842098,dfine_sahi,60380.0,unknown_object,0.255,665.0,492.18,699.71,599.27,3717.0,34.71,107.09,0.324,False,,True,unattributed,4,evt_01-P01_desk_work_surface_0002,7e9468fc339cbcff,pose_hand_context,,57315.8,2.55,,1,01/e1/v1,rtmpose_baseline
corpus_01,01.Candidate was found using a mobile phone in the examination hall..mkv,b842b03e5784d867e93770560d88150a526250df69077cd3065edbbd4c842098,dfine_sahi,60380.0,phone,0.5303,1022.94,496.34,1036.69,532.05,491.1,13.75,35.7,0.385,False,,True,unattributed,6,evt_01-P01_desk_work_surface_0002,d39dee0b45774dbc,pose_hand_context,,10342.9,6.29,,1,01/e1/v1,rtmpose_baseline
corpus_01,01.Candidate was found using a mobile phone in the examination hall..mkv,b842b03e5784d867e93770560d88150a526250df69077cd3065edbbd4c842098,dfine_sahi,60380.0,unknown_object,0.4492,1020.92,496.39,1036.76,531.88,561.9,15.83,35.49,0.446,False,,True,unattributed,6,evt_01-P01_desk_work_surface_0002,d39dee0b45774dbc,pose_hand_context,,10342.9,6.29,,1,01/e1/v1,rtmpose_baseline
corpus_01,01.Candidate was found using a mobile phone in the examination hall..mkv,b842b03e5784d867e93770560d88150a526250df69077cd3065edbbd4c842098,dfine_sahi,60380.0,stationery,0.4257,1029.81,436.19,1113.56,531.53,7985.4,83.75,95.35,0.878,False,,True,unattributed,6,evt_01-P01_desk_work_surface_0002,d39dee0b45774dbc,pose_hand_context,,10342.9,6.29,,1,01/e1/v1,rtmpose_baseline
corpus_01,01.Candidate was found using a mobile phone in the examination hall..mkv,b842b03e5784d867e93770560d88150a526250df69077cd3065edbbd4c842098,dfine_sahi,60380.0,phone,0.3978,1029.84,436.11,1069.91,468.96,1316.2,40.07,32.85,1.22,False,,True,unattributed,6,evt_01-P01_desk_work_surface_0002,d39dee0b45774dbc,pose_hand_context,,10342.9,6.29,,1,01/e1/v1,rtmpose_baseline
corpus_01,01.Candidate was found using a mobile phone in the examination hall..mkv,b842b03e5784d867e93770560d88150a526250df69077cd3065edbbd4c842098,dfine_sahi,60380.0,unknown_object,0.3443,1018.07,496.22,1036.85,565.97,1310.0,18.78,69.75,0.269,False,,True,unattributed,6,evt_01-P01_desk_work_surface_0002,d39dee0b45774dbc,pose_hand_context,,10342.9,6.29,,1,01/e1/v1,rtmpose_baseline
corpus_01,01.Candidate was found using a mobile phone in the examination hall..mkv,b842b03e5784d867e93770560d88150a526250df69077cd3065edbbd4c842098,dfine_sahi,60380.0,unknown_object,0.3429,1046.38,481.42,1114.02,565.47,5685.5,67.64,84.05,0.805,False,,True,unattributed,6,evt_01-P01_desk_work_surface_0002,d39dee0b45774dbc,pose_hand_context,,10342.9,6.29,,1,01/e1/v1,rtmpose_baseline
corpus_01,01.Candidate was found using a mobile phone in the examination hall..mkv,b842b03e5784d867e93770560d88150a526250df69077cd3065edbbd4c842098,dfine_sahi,60380.0,stationery,0.3183,1029.75,436.04,1110.22,470.08,2739.0,80.47,34.04,2.364,False,,True,unattributed,6,evt_01-P01_desk_work_surface_0002,d39dee0b45774dbc,pose_hand_context,,10342.9,6.29,,1,01/e1/v1,rtmpose_baseline
corpus_01,01.Candidate was found using a mobile phone in the examination hall..mkv,b842b03e5784d867e93770560d88150a526250df69077cd3065edbbd4c842098,dfine_sahi,60380.0,stationery,0.2538,1002.04,496.21,1037.15,565.11,2419.2,35.11,68.9,0.51,False,,True,unattributed,6,evt_01-P01_desk_work_surface_0002,d39dee0b45774dbc,pose_hand_context,,10342.9,6.29,,1,01/e1/v1,rtmpose_baseline
corpus_01,01.Candidate was found using a mobile phone in the examination hall..mkv,b842b03e5784d867e93770560d88150a526250df69077cd3065edbbd4c842098,dfine_sahi,60380.0,phone,0.5303,1022.94,496.34,1036.69,532.05,491.1,13.75,35.7,0.385,False,,True,unattributed,7,evt_01-P01_desk_work_surface_0002,d39dee0b45774dbc,pose_hand_context,,10342.9,6.29,,1,01/e1/v1,rtmpose_baseline
corpus_01,01.Candidate was found using a mobile phone in the examination hall..mkv,b842b03e5784d867e93770560d88150a526250df69077cd3065edbbd4c842098,dfine_sahi,60380.0,unknown_object,0.4492,1020.92,496.39,1036.76,531.88,561.9,15.83,35.49,0.446,False,,True,unattributed,7,evt_01-P01_desk_work_surface_0002,d39dee0b45774dbc,pose_hand_context,,10342.9,6.29,,1,01/e1/v1,rtmpose_baseline
corpus_01,01.Candidate was found using a mobile phone in the examination hall..mkv,b842b03e5784d867e93770560d88150a526250df69077cd3065edbbd4c842098,dfine_sahi,60380.0,stationery,0.4257,1029.81,436.19,1113.56,531.53,7985.4,83.75,95.35,0.878,False,,True,unattributed,7,evt_01-P01_desk_work_surface_0002,d39dee0b45774dbc,pose_hand_context,,10342.9,6.29,,1,01/e1/v1,rtmpose_baseline
corpus_01,01.Candidate was found using a mobile phone in the examination hall..mkv,b842b03e5784d867e93770560d88150a526250df69077cd3065edbbd4c842098,dfine_sahi,60380.0,phone,0.3978,1029.84,436.11,1069.91,468.96,1316.2,40.07,32.85,1.22,False,,True,unattributed,7,evt_01-P01_desk_work_surface_0002,d39dee0b45774dbc,pose_hand_context,,10342.9,6.29,,1,01/e1/v1,rtmpose_baseline
corpus_01,01.Candidate was found using a mobile phone in the examination hall..mkv,b842b03e5784d867e93770560d88150a526250df69077cd3065edbbd4c842098,dfine_sahi,60380.0,unknown_object,0.3443,1018.07,496.22,1036.85,565.97,1310.0,18.78,69.75,0.269,False,,True,unattributed,7,evt_01-P01_desk_work_surface_0002,d39dee0b45774dbc,pose_hand_context,,10342.9,6.29,,1,01/e1/v1,rtmpose_baseline
corpus_01,01.Candidate was found using a mobile phone in the examination hall..mkv,b842b03e5784d867e93770560d88150a526250df69077cd3065edbbd4c842098,dfine_sahi,60380.0,unknown_object,0.3429,1046.38,481.42,1114.02,565.47,5685.5,67.64,84.05,0.805,False,,True,unattributed,7,evt_01-P01_desk_work_surface_0002,d39dee0b45774dbc,pose_hand_context,,10342.9,6.29,,1,01/e1/v1,rtmpose_baseline
corpus_01,01.Candidate was found using a mobile phone in the examination hall..mkv,b842b03e5784d867e93770560d88150a526250df69077cd3065edbbd4c842098,dfine_sahi,60380.0,stationery,0.3183,1029.75,436.04,1110.22,470.08,2739.0,80.47,34.04,2.364,False,,True,unattributed,7,evt_01-P01_desk_work_surface_0002,d39dee0b45774dbc,pose_hand_context,,10342.9,6.29,,1,01/e1/v1,rtmpose_baseline
corpus_01,01.Candidate was found using a mobile phone in the examination hall..mkv,b842b03e5784d867e93770560d88150a526250df69077cd3065edbbd4c842098,dfine_sahi,60380.0,stationery,0.2538,1002.04,496.21,1037.15,565.11,2419.2,35.11,68.9,0.51,False,,True,unattributed,7,evt_01-P01_desk_work_surface_0002,d39dee0b45774dbc,pose_hand_context,,10342.9,6.29,,1,01/e1/v1,rtmpose_baseline
corpus_01,01.Candidate was found using a mobile phone in the examination hall..mkv,b842b03e5784d867e93770560d88150a526250df69077cd3065edbbd4c842098,dfine_sahi,60820.0,phone,0.607,1046.98,576.34,1071.99,585.99,241.5,25.01,9.66,2.59,False,,True,unattributed,6,evt_01-P06_upper_body_0046,63953a418a82a873,pose_hand_context,,16073.2,5.05,,1,01/e1/v1,rtmpose_baseline
corpus_01,01.Candidate was found using a mobile phone in the examination hall..mkv,b842b03e5784d867e93770560d88150a526250df69077cd3065edbbd4c842098,dfine_sahi,60820.0,unknown_object,0.5199,1032.0,436.06,1126.83,530.44,8950.2,94.83,94.38,1.005,False,,True,unattributed,6,evt_01-P06_upper_body_0046,63953a418a82a873,pose_hand_context,,16073.2,5.05,,1,01/e1/v1,rtmpose_baseline
corpus_01,01.Candidate was found using a mobile phone in the examination hall..mkv,b842b03e5784d867e93770560d88150a526250df69077cd3065edbbd4c842098,dfine_sahi,60820.0,unknown_object,0.48,1030.98,490.12,1079.94,571.62,3990.4,48.96,81.51,0.601,False,,True,unattributed,6,evt_01-P06_upper_body_0046,63953a418a82a873,pose_hand_context,,16073.2,5.05,,1,01/e1/v1,rtmpose_baseline
corpus_01,01.Candidate was found using a mobile phone in the examination hall..mkv,b842b03e5784d867e93770560d88150a526250df69077cd3065edbbd4c842098,dfine_sahi,60820.0,unknown_object,0.3713,1045.36,490.24,1126.95,581.88,7477.3,81.59,91.64,0.89,False,,True,unattributed,6,evt_01-P06_upper_body_0046,63953a418a82a873,pose_hand_context,,16073.2,5.05,,1,01/e1/v1,rtmpose_baseline
corpus_01,01.Candidate was found using a mobile phone in the examination hall..mkv,b842b03e5784d867e93770560d88150a526250df69077cd3065edbbd4c842098,dfine_sahi,60820.0,unknown_object,0.3089,1047.32,576.54,1102.98,586.02,528.0,55.66,9.49,5.867,False,,True,unattributed,6,evt_01-P06_upper_body_0046,63953a418a82a873,pose_hand_context,,16073.2,5.05,,1,01/e1/v1,rtmpose_baseline
corpus_01,01.Candidate was found using a mobile phone in the examination hall..mkv,b842b03e5784d867e93770560d88150a526250df69077cd3065edbbd4c842098,dfine_sahi,60820.0,unknown_object,0.2668,1031.14,435.08,1122.2,466.35,2847.2,91.07,31.26,2.913,False,,True,unattributed,6,evt_01-P06_upper_body_0046,63953a418a82a873,pose_hand_context,,16073.2,5.05,,1,01/e1/v1,rtmpose_baseline
corpus_01,01.Candidate was found using a mobile phone in the examination hall..mkv,b842b03e5784d867e93770560d88150a526250df69077cd3065edbbd4c842098,dfine_sahi,60820.0,unknown_object,0.2654,990.0,448.19,1114.83,572.65,15534.8,124.82,124.45,1.003,False,,True,unattributed,6,evt_01-P06_upper_body_0046,63953a418a82a873,pose_hand_context,,16073.2,5.05,,1,01/e1/v1,rtmpose_baseline
corpus_01,01.Candidate was found using a mobile phone in the examination hall..mkv,b842b03e5784d867e93770560d88150a526250df69077cd3065edbbd4c842098,dfine_sahi,60820.0,unknown_object,0.2637,1030.07,435.13,1071.94,466.68,1320.8,41.87,31.55,1.327,False,,True,unattributed,6,evt_01-P06_upper_body_0046,63953a418a82a873,pose_hand_context,,16073.2,5.05,,1,01/e1/v1,rtmpose_baseline
corpus_01,01.Candidate was found using a mobile phone in the examination hall..mkv,b842b03e5784d867e93770560d88150a526250df69077cd3065edbbd4c842098,dfine_sahi,60820.0,unknown_object,0.5534,656.01,406.86,694.28,490.4,3197.4,38.28,83.54,0.458,False,,True,unattributed,5,evt_01-P06_upper_body_0046,9568f0a8ec999db0,pose_hand_context,,2304.0,13.33,,1,01/e1/v1,rtmpose_baseline
corpus_01,01.Candidate was found using a mobile phone in the examination hall..mkv,b842b03e5784d867e93770560d88150a526250df69077cd3065edbbd4c842098,dfine_sahi,60820.0,unknown_object,0.523,656.12,406.49,745.46,490.31,7488.3,89.34,83.82,1.066,False,,True,unattributed,5,evt_01-P06_upper_body_0046,9568f0a8ec999db0,pose_hand_context,,2304.0,13.33,,1,01/e1/v1,rtmpose_baseline
corpus_01,01.Candidate was found using a mobile phone in the examination hall..mkv,b842b03e5784d867e93770560d88150a526250df69077cd3065edbbd4c842098,dfine_sahi,60820.0,unknown_object,0.4417,701.31,420.29,726.67,450.94,777.3,25.36,30.65,0.827,False,,True,unattributed,5,evt_01-P06_upper_body_0046,9568f0a8ec999db0,pose_hand_context,,2304.0,13.33,,1,01/e1/v1,rtmpose_baseline
corpus_01,01.Candidate was found using a mobile phone in the examination hall..mkv,b842b03e5784d867e93770560d88150a526250df69077cd3065edbbd4c842098,dfine_sahi,60820.0,unknown_object,0.4065,691.21,451.12,742.16,488.03,1880.6,50.95,36.91,1.381,False,,True,unattributed,5,evt_01-P06_upper_body_0046,9568f0a8ec999db0,pose_hand_context,,2304.0,13.33,,1,01/e1/v1,rtmpose_baseline
corpus_01,01.Candidate was found using a mobile phone in the examination hall..mkv,b842b03e5784d867e93770560d88150a526250df69077cd3065edbbd4c842098,dfine_sahi,60820.0,unknown_object,0.3324,714.65,425.13,741.49,453.02,748.5,26.84,27.89,0.962,False,,True,unattributed,5,evt_01-P06_upper_body_0046,9568f0a8ec999db0,pose_hand_context,,2304.0,13.33,,1,01/e1/v1,rtmpose_baseline
corpus_01,01.Candidate was found using a mobile phone in the examination hall..mkv,b842b03e5784d867e93770560d88150a526250df69077cd3065edbbd4c842098,dfine_sahi,60820.0,unknown_object,0.2835,702.94,437.08,717.37,451.25,204.5,14.44,14.17,1.019,False,,True,unattributed,5,evt_01-P06_upper_body_0046,9568f0a8ec999db0,pose_hand_context,,2304.0,13.33,,1,01/e1/v1,rtmpose_baseline
corpus_01,01.Candidate was found using a mobile phone in the examination hall..mkv,b842b03e5784d867e93770560d88150a526250df69077cd3065edbbd4c842098,dfine_sahi,60820.0,unknown_object,0.269,659.86,395.07,687.81,416.12,588.2,27.95,21.05,1.328,False,,True,unattributed,5,evt_01-P06_upper_body_0046,9568f0a8ec999db0,pose_hand_context,,2304.0,13.33,,1,01/e1/v1,rtmpose_baseline
corpus_01,01.Candidate was found using a mobile phone in the examination hall..mkv,b842b03e5784d867e93770560d88150a526250df69077cd3065edbbd4c842098,dfine_sahi,60820.0,unknown_object,0.268,706.05,405.88,733.9,423.91,502.3,27.85,18.03,1.544,False,,True,unattributed,5,evt_01-P06_upper_body_0046,9568f0a8ec999db0,pose_hand_context,,2304.0,13.33,,1,01/e1/v1,rtmpose_baseline
corpus_01,01.Candidate was found using a mobile phone in the examination hall..mkv,b842b03e5784d867e93770560d88150a526250df69077cd3065edbbd4c842098,dfine_sahi,60820.0,unknown_object,0.2524,727.49,395.19,752.0,446.77,1264.1,24.51,51.58,0.475,False,,True,unattributed,5,evt_01-P06_upper_body_0046,9568f0a8ec999db0,pose_hand_context,,2304.0,13.33,,1,01/e1/v1,rtmpose_baseline
corpus_01,01.Candidate was found using a mobile phone in the examination hall..mkv,b842b03e5784d867e93770560d88150a526250df69077cd3065edbbd4c842098,dfine_sahi,60820.0,unknown_object,0.2503,683.03,395.14,734.62,451.37,2901.1,51.59,56.23,0.917,False,,True,unattributed,5,evt_01-P06_upper_body_0046,9568f0a8ec999db0,pose_hand_context,,2304.0,13.33,,1,01/e1/v1,rtmpose_baseline
corpus_01,01.Candidate was found using a mobile phone in the examination hall..mkv,b842b03e5784d867e93770560d88150a526250df69077cd3065edbbd4c842098,dfine_sahi,60820.0,monitor_or_bezel,0.849,979.77,623.96,1067.96,719.21,8400.0,88.19,95.25,0.926,False,,True,unattributed,4,evt_01-P06_upper_body_0046,99173e5dfd942e2f,pose_hand_context,,38431.6,2.65,,1,01/e1/v1,rtmpose_baseline
corpus_01,01.Candidate was found using a mobile phone in the examination hall..mkv,b842b03e5784d867e93770560d88150a526250df69077cd3065edbbd4c842098,dfine_sahi,60820.0,stationery,0.621,902.24,673.34,937.66,696.98,837.4,35.42,23.64,1.498,False,,True,unattributed,4,evt_01-P06_upper_body_0046,99173e5dfd942e2f,pose_hand_context,,38431.6,2.65,,1,01/e1/v1,rtmpose_baseline
corpus_01,01.Candidate was found using a mobile phone in the examination hall..mkv,b842b03e5784d867e93770560d88150a526250df69077cd3065edbbd4c842098,dfine_sahi,60820.0,unknown_object,0.4499,932.0,659.47,974.93,707.29,2052.7,42.93,47.82,0.898,False,,True,unattributed,4,evt_01-P06_upper_body_0046,99173e5dfd942e2f,pose_hand_context,,38431.6,2.65,,1,01/e1/v1,rtmpose_baseline
corpus_01,01.Candidate was found using a mobile phone in the examination hall..mkv,b842b03e5784d867e93770560d88150a526250df69077cd3065edbbd4c842098,dfine_sahi,60820.0,unknown_object,0.3521,991.48,581.11,1067.97,651.9,5415.3,76.5,70.79,1.081,False,,True,unattributed,4,evt_01-P06_upper_body_0046,99173e5dfd942e2f,pose_hand_context,,38431.6,2.65,,1,01/e1/v1,rtmpose_baseline
corpus_01,01.Candidate was found using a mobile phone in the examination hall..mkv,b842b03e5784d867e93770560d88150a526250df69077cd3065edbbd4c842098,dfine_sahi,60820.0,unknown_object,0.2923,1026.89,576.21,1067.98,600.31,990.5,41.09,24.1,1.705,False,,True,unattributed,4,evt_01-P06_upper_body_0046,99173e5dfd942e2f,pose_hand_context,,38431.6,2.65,,1,01/e1/v1,rtmpose_baseline
corpus_01,01.Candidate was found using a mobile phone in the examination hall..mkv,b842b03e5784d867e93770560d88150a526250df69077cd3065edbbd4c842098,dfine_sahi,60820.0,stationery,0.2912,908.06,628.53,961.66,666.26,2022.4,53.6,37.73,1.421,False,,True,unattributed,4,evt_01-P06_upper_body_0046,99173e5dfd942e2f,pose_hand_context,,38431.6,2.65,,1,01/e1/v1,rtmpose_baseline
corpus_01,01.Candidate was found using a mobile phone in the examination hall..mkv,b842b03e5784d867e93770560d88150a526250df69077cd3065edbbd4c842098,dfine_sahi,60820.0,unknown_object,0.2793,932.16,557.27,1068.03,651.99,12870.4,135.88,94.72,1.434,False,,True,unattributed,4,evt_01-P06_upper_body_0046,99173e5dfd942e2f,pose_hand_context,,38431.6,2.65,,1,01/e1/v1,rtmpose_baseline
corpus_01,01.Candidate was found using a mobile phone in the examination hall..mkv,b842b03e5784d867e93770560d88150a526250df69077cd3065edbbd4c842098,dfine_sahi,60820.0,stationery,0.2675,901.59,672.01,962.55,719.16,2875.0,60.97,47.16,1.293,False,,True,unattributed,4,evt_01-P06_upper_body_0046,99173e5dfd942e2f,pose_hand_context,,38431.6,2.65,,1,01/e1/v1,rtmpose_baseline
corpus_01,01.Candidate was found using a mobile phone in the examination hall..mkv,b842b03e5784d867e93770560d88150a526250df69077cd3065edbbd4c842098,dfine_sahi,60820.0,monitor_or_bezel,0.2625,1002.11,560.76,1067.98,621.36,3991.6,65.87,60.6,1.087,False,,True,unattributed,4,evt_01-P06_upper_body_0046,99173e5dfd942e2f,pose_hand_context,,38431.6,2.65,,1,01/e1/v1,rtmpose_baseline
corpus_01,01.Candidate was found using a mobile phone in the examination hall..mkv,b842b03e5784d867e93770560d88150a526250df69077cd3065edbbd4c842098,dfine_sahi,60820.0,keyboard,0.2546,980.55,563.77,1016.05,631.42,2402.0,35.5,67.66,0.525,False,,True,unattributed,4,evt_01-P06_upper_body_0046,99173e5dfd942e2f,pose_hand_context,,38431.6,2.65,,1,01/e1/v1,rtmpose_baseline
corpus_01,01.Candidate was found using a mobile phone in the examination hall..mkv,b842b03e5784d867e93770560d88150a526250df69077cd3065edbbd4c842098,dfine_sahi,60860.0,monitor_or_bezel,0.8698,979.99,623.99,1061.98,719.15,7802.5,81.99,95.16,0.862,False,,True,unattributed,4,evt_01-P02_upper_body_0012,4000fd0a1fd17d9b,pose_hand_context,,36887.2,2.72,,1,01/e1/v1,rtmpose_baseline
corpus_01,01.Candidate was found using a mobile phone in the examination hall..mkv,b842b03e5784d867e93770560d88150a526250df69077cd3065edbbd4c842098,dfine_sahi,60860.0,unknown_object,0.6181,929.96,659.55,974.52,706.34,2084.9,44.56,46.79,0.952,False,,True,unattributed,4,evt_01-P02_upper_body_0012,4000fd0a1fd17d9b,pose_hand_context,,36887.2,2.72,,1,01/e1/v1,rtmpose_baseline
corpus_01,01.Candidate was found using a mobile phone in the examination hall..mkv,b842b03e5784d867e93770560d88150a526250df69077cd3065edbbd4c842098,dfine_sahi,60860.0,unknown_object,0.3647,1027.53,575.4,1061.97,599.86,842.4,34.44,24.46,1.408,False,,True,unattributed,4,evt_01-P02_upper_body_0012,4000fd0a1fd17d9b,pose_hand_context,,36887.2,2.72,,1,01/e1/v1,rtmpose_baseline
corpus_01,01.Candidate was found using a mobile phone in the examination hall..mkv,b842b03e5784d867e93770560d88150a526250df69077cd3065edbbd4c842098,dfine_sahi,60860.0,unknown_object,0.3355,930.01,624.2,999.52,706.86,5746.1,69.52,82.66,0.841,False,,True,unattributed,4,evt_01-P02_upper_body_0012,4000fd0a1fd17d9b,pose_hand_context,,36887.2,2.72,,1,01/e1/v1,rtmpose_baseline
corpus_01,01.Candidate was found using a mobile phone in the examination hall..mkv,b842b03e5784d867e93770560d88150a526250df69077cd3065edbbd4c842098,dfine_sahi,60860.0,stationery,0.3155,899.5,669.27,958.95,719.14,2964.5,59.45,49.87,1.192,False,,True,unattributed,4,evt_01-P02_upper_body_0012,4000fd0a1fd17d9b,pose_hand_context,,36887.2,2.72,,1,01/e1/v1,rtmpose_baseline
corpus_01,01.Candidate was found using a mobile phone in the examination hall..mkv,b842b03e5784d867e93770560d88150a526250df69077cd3065edbbd4c842098,dfine_sahi,60860.0,unknown_object,0.3131,903.41,626.46,958.43,666.78,2218.2,55.02,40.32,1.365,False,,True,unattributed,4,evt_01-P02_upper_body_0012,4000fd0a1fd17d9b,pose_hand_context,,36887.2,2.72,,1,01/e1/v1,rtmpose_baseline
corpus_01,01.Candidate was found using a mobile phone in the examination hall..mkv,b842b03e5784d867e93770560d88150a526250df69077cd3065edbbd4c842098,dfine_sahi,60860.0,unknown_object,0.3092,1002.07,563.3,1061.94,621.4,3478.4,59.87,58.1,1.031,False,,True,unattributed,4,evt_01-P02_upper_body_0012,4000fd0a1fd17d9b,pose_hand_context,,36887.2,2.72,,1,01/e1/v1,rtmpose_baseline
corpus_01,01.Candidate was found using a mobile phone in the examination hall..mkv,b842b03e5784d867e93770560d88150a526250df69077cd3065edbbd4c842098,dfine_sahi,60860.0,unknown_object,0.3027,911.14,629.23,939.24,654.59,713.1,28.11,25.37,1.108,False,,True,unattributed,4,evt_01-P02_upper_body_0012,4000fd0a1fd17d9b,pose_hand_context,,36887.2,2.72,,1,01/e1/v1,rtmpose_baseline
corpus_01,01.Candidate was found using a mobile phone in the examination hall..mkv,b842b03e5784d867e93770560d88150a526250df69077cd3065edbbd4c842098,dfine_sahi,60860.0,stationery,0.2944,901.2,673.38,936.02,697.04,824.0,34.82,23.66,1.471,False,,True,unattributed,4,evt_01-P02_upper_body_0012,4000fd0a1fd17d9b,pose_hand_context,,36887.2,2.72,,1,01/e1/v1,rtmpose_baseline
corpus_01,01.Candidate was found using a mobile phone in the examination hall..mkv,b842b03e5784d867e93770560d88150a526250df69077cd3065edbbd4c842098,dfine_sahi,60860.0,unknown_object,0.2822,930.06,559.29,1062.0,653.83,12474.2,131.94,94.54,1.396,False,,True,unattributed,4,evt_01-P02_upper_body_0012,4000fd0a1fd17d9b,pose_hand_context,,36887.2,2.72,,1,01/e1/v1,rtmpose_baseline
corpus_01,01.Candidate was found using a mobile phone in the examination hall..mkv,b842b03e5784d867e93770560d88150a526250df69077cd3065edbbd4c842098,dfine_sahi,60860.0,unknown_object,0.27,979.76,563.64,1017.12,632.2,2561.4,37.36,68.56,0.545,False,,True,unattributed,4,evt_01-P02_upper_body_0012,4000fd0a1fd17d9b,pose_hand_context,,36887.2,2.72,,1,01/e1/v1,rtmpose_baseline
corpus_01,01.Candidate was found using a mobile phone in the examination hall..mkv,b842b03e5784d867e93770560d88150a526250df69077cd3065edbbd4c842098,dfine_sahi,60860.0,unknown_object,0.2675,991.32,582.96,1061.97,653.73,5000.4,70.65,70.77,0.998,False,,True,unattributed,4,evt_01-P02_upper_body_0012,4000fd0a1fd17d9b,pose_hand_context,,36887.2,2.72,,1,01/e1/v1,rtmpose_baseline
corpus_01,01.Candidate was found using a mobile phone in the examination hall..mkv,b842b03e5784d867e93770560d88150a526250df69077cd3065edbbd4c842098,dfine_sahi,60860.0,unknown_object,0.627,1036.51,436.74,1126.68,531.44,8539.0,90.16,94.7,0.952,False,,True,unattributed,6,evt_01-P02_upper_body_0012,7bcc5806af69d4b2,pose_hand_context,,16920.8,4.92,,1,01/e1/v1,rtmpose_baseline
corpus_01,01.Candidate was found using a mobile phone in the examination hall..mkv,b842b03e5784d867e93770560d88150a526250df69077cd3065edbbd4c842098,dfine_sahi,60860.0,phone,0.4841,1029.9,436.11,1070.91,467.13,1272.4,41.01,31.03,1.322,False,,True,unattributed,6,evt_01-P02_upper_body_0012,7bcc5806af69d4b2,pose_hand_context,,16920.8,4.92,,1,01/e1/v1,rtmpose_baseline
corpus_01,01.Candidate was found using a mobile phone in the examination hall..mkv,b842b03e5784d867e93770560d88150a526250df69077cd3065edbbd4c842098,dfine_sahi,60860.0,unknown_object,0.3582,1045.23,493.35,1126.95,581.5,7203.1,81.72,88.15,0.927,False,,True,unattributed,6,evt_01-P02_upper_body_0012,7bcc5806af69d4b2,pose_hand_context,,16920.8,4.92,,1,01/e1/v1,rtmpose_baseline
corpus_01,01.Candidate was found using a mobile phone in the examination hall..mkv,b842b03e5784d867e93770560d88150a526250df69077cd3065edbbd4c842098,dfine_sahi,60860.0,unknown_object,0.3391,1010.02,448.21,1115.89,576.99,13633.8,105.86,128.79,0.822,False,,True,unattributed,6,evt_01-P02_upper_body_0012,7bcc5806af69d4b2,pose_hand_context,,16920.8,4.92,,1,01/e1/v1,rtmpose_baseline
corpus_01,01.Candidate was found using a mobile phone in the examination hall..mkv,b842b03e5784d867e93770560d88150a526250df69077cd3065edbbd4c842098,dfine_sahi,60860.0,monitor_or_bezel,0.3224,1036.84,442.37,1070.99,484.45,1437.3,34.15,42.09,0.811,False,,True,unattributed,6,evt_01-P02_upper_body_0012,7bcc5806af69d4b2,pose_hand_context,,16920.8,4.92,,1,01/e1/v1,rtmpose_baseline
corpus_01,01.Candidate was found using a mobile phone in the examination hall..mkv,b842b03e5784d867e93770560d88150a526250df69077cd3065edbbd4c842098,dfine_sahi,60860.0,phone,0.2859,1043.33,576.32,1070.97,588.72,342.9,27.64,12.4,2.229,False,,True,unattributed,6,evt_01-P02_upper_body_0012,7bcc5806af69d4b2,pose_hand_context,,16920.8,4.92,,1,01/e1/v1,rtmpose_baseline
corpus_01,01.Candidate was found using a mobile phone in the examination hall..mkv,b842b03e5784d867e93770560d88150a526250df69077cd3065edbbd4c842098,dfine_sahi,60860.0,stationery,0.2844,1030.01,576.14,1070.96,588.94,524.2,40.95,12.8,3.199,False,,True,unattributed,6,evt_01-P02_upper_body_0012,7bcc5806af69d4b2,pose_hand_context,,16920.8,4.92,,1,01/e1/v1,rtmpose_baseline
corpus_01,01.Candidate was found using a mobile phone in the examination hall..mkv,b842b03e5784d867e93770560d88150a526250df69077cd3065edbbd4c842098,dfine_sahi,60860.0,unknown_object,0.2604,1030.83,436.08,1121.57,466.81,2789.1,90.74,30.74,2.952,False,,True,unattributed,6,evt_01-P02_upper_body_0012,7bcc5806af69d4b2,pose_hand_context,,16920.8,4.92,,1,01/e1/v1,rtmpose_baseline
corpus_01,01.Candidate was found using a mobile phone in the examination hall..mkv,b842b03e5784d867e93770560d88150a526250df69077cd3065edbbd4c842098,dfine_sahi,60860.0,unknown_object,0.2588,1046.0,578.27,1126.93,588.95,864.8,80.93,10.69,7.573,False,,True,unattributed,6,evt_01-P02_upper_body_0012,7bcc5806af69d4b2,pose_hand_context,,16920.8,4.92,,1,01/e1/v1,rtmpose_baseline
corpus_01,01.Candidate was found using a mobile phone in the examination hall..mkv,b842b03e5784d867e93770560d88150a526250df69077cd3065edbbd4c842098,dfine_sahi,60860.0,unknown_object,0.5728,656.01,406.88,694.28,490.41,3196.9,38.27,83.54,0.458,False,,True,unattributed,5,evt_01-P02_upper_body_0012,8c797a6633f0d272,pose_hand_context,,2304.0,13.33,,1,01/e1/v1,rtmpose_baseline
corpus_01,01.Candidate was found using a mobile phone in the examination hall..mkv,b842b03e5784d867e93770560d88150a526250df69077cd3065edbbd4c842098,dfine_sahi,60860.0,unknown_object,0.5379,656.1,406.41,745.92,490.36,7541.0,89.82,83.96,1.07,False,,True,unattributed,5,evt_01-P02_upper_body_0012,8c797a6633f0d272,pose_hand_context,,2304.0,13.33,,1,01/e1/v1,rtmpose_baseline
corpus_01,01.Candidate was found using a mobile phone in the examination hall..mkv,b842b03e5784d867e93770560d88150a526250df69077cd3065edbbd4c842098,dfine_sahi,60860.0,unknown_object,0.4392,701.2,420.28,726.71,451.08,785.9,25.52,30.8,0.829,False,,True,unattributed,5,evt_01-P02_upper_body_0012,8c797a6633f0d272,pose_hand_context,,2304.0,13.33,,1,01/e1/v1,rtmpose_baseline
corpus_01,01.Candidate was found using a mobile phone in the examination hall..mkv,b842b03e5784d867e93770560d88150a526250df69077cd3065edbbd4c842098,dfine_sahi,60860.0,unknown_object,0.4147,691.19,451.05,742.13,488.06,1885.3,50.94,37.01,1.377,False,,True,unattributed,5,evt_01-P02_upper_body_0012,8c797a6633f0d272,pose_hand_context,,2304.0,13.33,,1,01/e1/v1,rtmpose_baseline
corpus_01,01.Candidate was found using a mobile phone in the examination hall..mkv,b842b03e5784d867e93770560d88150a526250df69077cd3065edbbd4c842098,dfine_sahi,60860.0,unknown_object,0.3154,714.42,425.21,741.54,453.0,753.6,27.12,27.79,0.976,False,,True,unattributed,5,evt_01-P02_upper_body_0012,8c797a6633f0d272,pose_hand_context,,2304.0,13.33,,1,01/e1/v1,rtmpose_baseline
corpus_01,01.Candidate was found using a mobile phone in the examination hall..mkv,b842b03e5784d867e93770560d88150a526250df69077cd3065edbbd4c842098,dfine_sahi,60860.0,unknown_object,0.2861,659.77,395.05,687.52,416.21,587.2,27.76,21.16,1.312,False,,True,unattributed,5,evt_01-P02_upper_body_0012,8c797a6633f0d272,pose_hand_context,,2304.0,13.33,,1,01/e1/v1,rtmpose_baseline
corpus_01,01.Candidate was found using a mobile phone in the examination hall..mkv,b842b03e5784d867e93770560d88150a526250df69077cd3065edbbd4c842098,dfine_sahi,60860.0,unknown_object,0.2739,683.02,395.12,734.58,451.91,2928.4,51.56,56.79,0.908,False,,True,unattributed,5,evt_01-P02_upper_body_0012,8c797a6633f0d272,pose_hand_context,,2304.0,13.33,,1,01/e1/v1,rtmpose_baseline
corpus_01,01.Candidate was found using a mobile phone in the examination hall..mkv,b842b03e5784d867e93770560d88150a526250df69077cd3065edbbd4c842098,dfine_sahi,60860.0,unknown_object,0.2663,702.83,437.01,717.4,451.27,207.6,14.57,14.25,1.022,False,,True,unattributed,5,evt_01-P02_upper_body_0012,8c797a6633f0d272,pose_hand_context,,2304.0,13.33,,1,01/e1/v1,rtmpose_baseline
corpus_01,01.Candidate was found using a mobile phone in the examination hall..mkv,b842b03e5784d867e93770560d88150a526250df69077cd3065edbbd4c842098,dfine_sahi,60860.0,unknown_object,0.2552,727.37,395.19,752.0,446.77,1270.7,24.64,51.58,0.478,False,,True,unattributed,5,evt_01-P02_upper_body_0012,8c797a6633f0d272,pose_hand_context,,2304.0,13.33,,1,01/e1/v1,rtmpose_baseline
corpus_01,01.Candidate was found using a mobile phone in the examination hall..mkv,b842b03e5784d867e93770560d88150a526250df69077cd3065edbbd4c842098,dfine_sahi,61340.0,unknown_object,0.5524,657.03,406.98,694.49,491.35,3160.4,37.46,84.37,0.444,False,,True,unattributed,5,evt_01-P03_upper_body_0019,057681aa98e6d5c2,pose_hand_context,,2304.0,13.33,,1,01/e1/v1,rtmpose_baseline
corpus_01,01.Candidate was found using a mobile phone in the examination hall..mkv,b842b03e5784d867e93770560d88150a526250df69077cd3065edbbd4c842098,dfine_sahi,61340.0,unknown_object,0.5313,657.15,406.51,745.86,491.36,7526.5,88.71,84.85,1.045,False,,True,unattributed,5,evt_01-P03_upper_body_0019,057681aa98e6d5c2,pose_hand_context,,2304.0,13.33,,1,01/e1/v1,rtmpose_baseline
corpus_01,01.Candidate was found using a mobile phone in the examination hall..mkv,b842b03e5784d867e93770560d88150a526250df69077cd3065edbbd4c842098,dfine_sahi,61340.0,unknown_object,0.278,727.34,396.17,753.0,446.75,1297.6,25.65,50.58,0.507,False,,True,unattributed,5,evt_01-P03_upper_body_0019,057681aa98e6d5c2,pose_hand_context,,2304.0,13.33,,1,01/e1/v1,rtmpose_baseline
corpus_01,01.Candidate was found using a mobile phone in the examination hall..mkv,b842b03e5784d867e93770560d88150a526250df69077cd3065edbbd4c842098,dfine_sahi,61340.0,unknown_object,0.2773,691.27,451.09,742.23,487.79,1870.7,50.96,36.71,1.388,False,,True,unattributed,5,evt_01-P03_upper_body_0019,057681aa98e6d5c2,pose_hand_context,,2304.0,13.33,,1,01/e1/v1,rtmpose_baseline
corpus_01,01.Candidate was found using a mobile phone in the examination hall..mkv,b842b03e5784d867e93770560d88150a526250df69077cd3065edbbd4c842098,dfine_sahi,61340.0,unknown_object,0.259,692.75,419.9,741.79,458.21,1879.2,49.04,38.32,1.28,False,,True,unattributed,5,evt_01-P03_upper_body_0019,057681aa98e6d5c2,pose_hand_context,,2304.0,13.33,,1,01/e1/v1,rtmpose_baseline
corpus_01,01.Candidate was found using a mobile phone in the examination hall..mkv,b842b03e5784d867e93770560d88150a526250df69077cd3065edbbd4c842098,dfine_sahi,61340.0,unknown_object,0.496,1027.25,439.17,1122.86,534.52,9116.9,95.61,95.35,1.003,False,,True,unattributed,7,evt_01-P03_upper_body_0019,7d3e26cb470d9643,pose_hand_context,,14146.7,5.38,,1,01/e1/v1,rtmpose_baseline
corpus_01,01.Candidate was found using a mobile phone in the examination hall..mkv,b842b03e5784d867e93770560d88150a526250df69077cd3065edbbd4c842098,dfine_sahi,61340.0,unknown_object,0.4746,1015.54,439.62,1070.96,534.0,5230.7,55.42,94.38,0.587,False,,True,unattributed,7,evt_01-P03_upper_body_0019,7d3e26cb470d9643,pose_hand_context,,14146.7,5.38,,1,01/e1/v1,rtmpose_baseline
corpus_01,01.Candidate was found using a mobile phone in the examination hall..mkv,b842b03e5784d867e93770560d88150a526250df69077cd3065edbbd4c842098,dfine_sahi,61340.0,monitor_or_bezel,0.3516,1048.54,491.2,1123.01,565.8,5555.5,74.47,74.6,0.998,False,,True,unattributed,7,evt_01-P03_upper_body_0019,7d3e26cb470d9643,pose_hand_context,,14146.7,5.38,,1,01/e1/v1,rtmpose_baseline
corpus_01,01.Candidate was found using a mobile phone in the examination hall..mkv,b842b03e5784d867e93770560d88150a526250df69077cd3065edbbd4c842098,dfine_sahi,61340.0,unknown_object,0.2864,1027.99,439.08,1070.95,476.5,1608.2,42.97,37.43,1.148,False,,True,unattributed,7,evt_01-P03_upper_body_0019,7d3e26cb470d9643,pose_hand_context,,14146.7,5.38,,1,01/e1/v1,rtmpose_baseline
corpus_01,01.Candidate was found using a mobile phone in the examination hall..mkv,b842b03e5784d867e93770560d88150a526250df69077cd3065edbbd4c842098,dfine_sahi,61340.0,unknown_object,0.2699,1013.85,491.03,1046.16,565.88,2418.2,32.31,74.85,0.432,False,,True,unattributed,7,evt_01-P03_upper_body_0019,7d3e26cb470d9643,pose_hand_context,,14146.7,5.38,,1,01/e1/v1,rtmpose_baseline
corpus_01,01.Candidate was found using a mobile phone in the examination hall..mkv,b842b03e5784d867e93770560d88150a526250df69077cd3065edbbd4c842098,dfine_sahi,61340.0,unknown_object,0.2509,1008.7,561.9,1070.96,586.89,1555.8,62.26,24.99,2.492,False,,True,unattributed,7,evt_01-P03_upper_body_0019,7d3e26cb470d9643,pose_hand_context,,14146.7,5.38,,1,01/e1/v1,rtmpose_baseline
corpus_01,01.Candidate was found using a mobile phone in the examination hall..mkv,b842b03e5784d867e93770560d88150a526250df69077cd3065edbbd4c842098,dfine_sahi,61340.0,unknown_object,0.8395,847.69,676.64,868.23,719.6,882.5,20.54,42.96,0.478,False,,True,unattributed,4,evt_01-P03_upper_body_0019,b210890c79cb41f3,pose_hand_context,,14645.6,4.12,,1,01/e1/v1,rtmpose_baseline
corpus_01,01.Candidate was found using a mobile phone in the examination hall..mkv,b842b03e5784d867e93770560d88150a526250df69077cd3065edbbd4c842098,dfine_sahi,61340.0,unknown_object,0.7558,847.72,676.57,864.83,698.86,381.4,17.11,22.29,0.768,False,,True,unattributed,4,evt_01-P03_upper_body_0019,b210890c79cb41f3,pose_hand_context,,14645.6,4.12,,1,01/e1/v1,rtmpose_baseline
corpus_01,01.Candidate was found using a mobile phone in the examination hall..mkv,b842b03e5784d867e93770560d88150a526250df69077cd3065edbbd4c842098,dfine_sahi,61340.0,unknown_object,0.5269,755.98,624.24,895.3,719.06,13209.5,139.32,94.81,1.469,False,,True,unattributed,4,evt_01-P03_upper_body_0019,b210890c79cb41f3,pose_hand_context,,14645.6,4.12,,1,01/e1/v1,rtmpose_baseline
corpus_01,01.Candidate was found using a mobile phone in the examination hall..mkv,b842b03e5784d867e93770560d88150a526250df69077cd3065edbbd4c842098,dfine_sahi,61340.0,unknown_object,0.4621,876.44,640.96,894.23,680.83,709.5,17.8,39.87,0.446,False,,True,unattributed,4,evt_01-P03_upper_body_0019,b210890c79cb41f3,pose_hand_context,,14645.6,4.12,,1,01/e1/v1,rtmpose_baseline
corpus_01,01.Candidate was found using a mobile phone in the examination hall..mkv,b842b03e5784d867e93770560d88150a526250df69077cd3065edbbd4c842098,dfine_sahi,61380.0,unknown_object,0.8212,840.78,671.44,867.44,719.57,1283.2,26.66,48.14,0.554,False,,True,unattributed,4,evt_01-P01_desk_work_surface_0002,00ea3336ad5e2d94,pose_hand_context,,11358.0,4.8,,1,01/e1/v1,rtmpose_baseline
corpus_01,01.Candidate was found using a mobile phone in the examination hall..mkv,b842b03e5784d867e93770560d88150a526250df69077cd3065edbbd4c842098,dfine_sahi,61380.0,unknown_object,0.5614,735.23,610.2,825.85,705.29,8617.4,90.63,95.09,0.953,False,,True,unattributed,4,evt_01-P01_desk_work_surface_0002,00ea3336ad5e2d94,pose_hand_context,,11358.0,4.8,,1,01/e1/v1,rtmpose_baseline
corpus_01,01.Candidate was found using a mobile phone in the examination hall..mkv,b842b03e5784d867e93770560d88150a526250df69077cd3065edbbd4c842098,dfine_sahi,61380.0,stationery,0.3831,840.43,671.3,867.53,705.59,929.2,27.1,34.29,0.79,False,,True,unattributed,4,evt_01-P01_desk_work_surface_0002,00ea3336ad5e2d94,pose_hand_context,,11358.0,4.8,,1,01/e1/v1,rtmpose_baseline
corpus_01,01.Candidate was found using a mobile phone in the examination hall..mkv,b842b03e5784d867e93770560d88150a526250df69077cd3065edbbd4c842098,dfine_sahi,61380.0,bag,0.3055,740.98,700.03,784.55,719.77,860.1,43.57,19.74,2.207,False,,True,unattributed,4,evt_01-P01_desk_work_surface_0002,00ea3336ad5e2d94,pose_hand_context,,11358.0,4.8,,1,01/e1/v1,rtmpose_baseline
corpus_01,01.Candidate was found using a mobile phone in the examination hall..mkv,b842b03e5784d867e93770560d88150a526250df69077cd3065edbbd4c842098,dfine_sahi,61380.0,unknown_object,0.2792,827.76,634.31,837.13,664.06,278.9,9.37,29.75,0.315,False,,True,unattributed,4,evt_01-P01_desk_work_surface_0002,00ea3336ad5e2d94,pose_hand_context,,11358.0,4.8,,1,01/e1/v1,rtmpose_baseline
corpus_01,01.Candidate was found using a mobile phone in the examination hall..mkv,b842b03e5784d867e93770560d88150a526250df69077cd3065edbbd4c842098,dfine_sahi,61380.0,unknown_object,0.5103,1015.42,440.99,1067.96,533.15,4842.0,52.54,92.16,0.57,False,,True,unattributed,7,evt_01-P01_desk_work_surface_0002,9e82a369dd1c3bd2,pose_hand_context,,16507.1,4.98,,1,01/e1/v1,rtmpose_baseline
corpus_01,01.Candidate was found using a mobile phone in the examination hall..mkv,b842b03e5784d867e93770560d88150a526250df69077cd3065edbbd4c842098,dfine_sahi,61380.0,unknown_object,0.4837,1029.01,438.14,1124.82,533.58,9144.0,95.81,95.44,1.004,False,,True,unattributed,7,evt_01-P01_desk_work_surface_0002,9e82a369dd1c3bd2,pose_hand_context,,16507.1,4.98,,1,01/e1/v1,rtmpose_baseline
corpus_01,01.Candidate was found using a mobile phone in the examination hall..mkv,b842b03e5784d867e93770560d88150a526250df69077cd3065edbbd4c842098,dfine_sahi,61380.0,unknown_object,0.3073,1029.44,494.11,1125.04,582.22,8422.8,95.59,88.11,1.085,False,,True,unattributed,7,evt_01-P01_desk_work_surface_0002,9e82a369dd1c3bd2,pose_hand_context,,16507.1,4.98,,1,01/e1/v1,rtmpose_baseline
corpus_01,01.Candidate was found using a mobile phone in the examination hall..mkv,b842b03e5784d867e93770560d88150a526250df69077cd3065edbbd4c842098,dfine_sahi,61380.0,phone,0.2954,1045.08,576.44,1077.85,589.04,412.9,32.77,12.6,2.601,False,,True,unattributed,7,evt_01-P01_desk_work_surface_0002,9e82a369dd1c3bd2,pose_hand_context,,16507.1,4.98,,1,01/e1/v1,rtmpose_baseline
corpus_01,01.Candidate was found using a mobile phone in the examination hall..mkv,b842b03e5784d867e93770560d88150a526250df69077cd3065edbbd4c842098,dfine_sahi,61380.0,unknown_object,0.2724,1027.06,450.1,1051.81,479.47,726.8,24.75,29.36,0.843,False,,True,unattributed,7,evt_01-P01_desk_work_surface_0002,9e82a369dd1c3bd2,pose_hand_context,,16507.1,4.98,,1,01/e1/v1,rtmpose_baseline
corpus_01,01.Candidate was found using a mobile phone in the examination hall..mkv,b842b03e5784d867e93770560d88150a526250df69077cd3065edbbd4c842098,dfine_sahi,61380.0,unknown_object,0.2565,1007.48,494.14,1067.97,589.68,5778.5,60.48,95.54,0.633,False,,True,unattributed,7,evt_01-P01_desk_work_surface_0002,9e82a369dd1c3bd2,pose_hand_context,,16507.1,4.98,,1,01/e1/v1,rtmpose_baseline
corpus_01,01.Candidate was found using a mobile phone in the examination hall..mkv,b842b03e5784d867e93770560d88150a526250df69077cd3065edbbd4c842098,dfine_sahi,61380.0,unknown_object,0.5622,657.02,406.96,694.45,490.36,3121.9,37.43,83.4,0.449,False,,True,unattributed,5,evt_01-P01_desk_work_surface_0002,cd9a3f1dba609a0a,pose_hand_context,,2304.0,13.33,,1,01/e1/v1,rtmpose_baseline
corpus_01,01.Candidate was found using a mobile phone in the examination hall..mkv,b842b03e5784d867e93770560d88150a526250df69077cd3065edbbd4c842098,dfine_sahi,61380.0,unknown_object,0.5535,659.51,395.09,744.18,487.46,7820.7,84.67,92.37,0.917,False,,True,unattributed,5,evt_01-P01_desk_work_surface_0002,cd9a3f1dba609a0a,pose_hand_context,,2304.0,13.33,,1,01/e1/v1,rtmpose_baseline
corpus_01,01.Candidate was found using a mobile phone in the examination hall..mkv,b842b03e5784d867e93770560d88150a526250df69077cd3065edbbd4c842098,dfine_sahi,61380.0,unknown_object,0.3763,691.27,421.56,744.22,487.75,3505.5,52.96,66.19,0.8,False,,True,unattributed,5,evt_01-P01_desk_work_surface_0002,cd9a3f1dba609a0a,pose_hand_context,,2304.0,13.33,,1,01/e1/v1,rtmpose_baseline
corpus_01,01.Candidate was found using a mobile phone in the examination hall..mkv,b842b03e5784d867e93770560d88150a526250df69077cd3065edbbd4c842098,dfine_sahi,61380.0,unknown_object,0.2969,701.37,420.44,727.69,451.14,808.0,26.32,30.7,0.857,False,,True,unattributed,5,evt_01-P01_desk_work_surface_0002,cd9a3f1dba609a0a,pose_hand_context,,2304.0,13.33,,1,01/e1/v1,rtmpose_baseline
corpus_01,01.Candidate was found using a mobile phone in the examination hall..mkv,b842b03e5784d867e93770560d88150a526250df69077cd3065edbbd4c842098,dfine_sahi,61380.0,unknown_object,0.2632,727.23,395.15,752.99,446.88,1332.8,25.76,51.73,0.498,False,,True,unattributed,5,evt_01-P01_desk_work_surface_0002,cd9a3f1dba609a0a,pose_hand_context,,2304.0,13.33,,1,01/e1/v1,rtmpose_baseline
corpus_01,01.Candidate was found using a mobile phone in the examination hall..mkv,b842b03e5784d867e93770560d88150a526250df69077cd3065edbbd4c842098,dfine_sahi,61380.0,unknown_object,0.253,706.17,406.53,733.63,423.62,469.6,27.46,17.1,1.606,False,,True,unattributed,5,evt_01-P01_desk_work_surface_0002,cd9a3f1dba609a0a,pose_hand_context,,2304.0,13.33,,1,01/e1/v1,rtmpose_baseline
corpus_01,01.Candidate was found using a mobile phone in the examination hall..mkv,b842b03e5784d867e93770560d88150a526250df69077cd3065edbbd4c842098,dfine_sahi,61820.0,unknown_object,0.7311,1012.5,575.79,1076.92,607.55,2045.7,64.42,31.76,2.029,False,,True,unattributed,7,evt_01-P06_upper_body_0046,5f9647dbd662408c,pose_hand_context,,30053.7,3.69,,1,01/e1/v1,rtmpose_baseline
corpus_01,01.Candidate was found using a mobile phone in the examination hall..mkv,b842b03e5784d867e93770560d88150a526250df69077cd3065edbbd4c842098,dfine_sahi,61820.0,unknown_object,0.7279,1015.39,437.01,1130.89,580.75,16602.3,115.5,143.75,0.803,False,,True,unattributed,7,evt_01-P06_upper_body_0046,5f9647dbd662408c,pose_hand_context,,30053.7,3.69,,1,01/e1/v1,rtmpose_baseline
corpus_01,01.Candidate was found using a mobile phone in the examination hall..mkv,b842b03e5784d867e93770560d88150a526250df69077cd3065edbbd4c842098,dfine_sahi,61820.0,unknown_object,0.5844,1033.03,579.64,1130.95,606.88,2668.1,97.92,27.25,3.594,False,,True,unattributed,7,evt_01-P06_upper_body_0046,5f9647dbd662408c,pose_hand_context,,30053.7,3.69,,1,01/e1/v1,rtmpose_baseline
corpus_01,01.Candidate was found using a mobile phone in the examination hall..mkv,b842b03e5784d867e93770560d88150a526250df69077cd3065edbbd4c842098,dfine_sahi,61820.0,unknown_object,0.4954,1032.93,575.97,1102.5,597.59,1503.7,69.57,21.61,3.219,False,,True,unattributed,7,evt_01-P06_upper_body_0046,5f9647dbd662408c,pose_hand_context,,30053.7,3.69,,1,01/e1/v1,rtmpose_baseline
corpus_01,01.Candidate was found using a mobile phone in the examination hall..mkv,b842b03e5784d867e93770560d88150a526250df69077cd3065edbbd4c842098,dfine_sahi,61820.0,unknown_object,0.429,1019.05,584.48,1054.97,607.43,824.7,35.93,22.95,1.565,False,,True,unattributed,7,evt_01-P06_upper_body_0046,5f9647dbd662408c,pose_hand_context,,30053.7,3.69,,1,01/e1/v1,rtmpose_baseline
corpus_01,01.Candidate was found using a mobile phone in the examination hall..mkv,b842b03e5784d867e93770560d88150a526250df69077cd3065edbbd4c842098,dfine_sahi,61820.0,unknown_object,0.4141,956.96,511.02,1054.87,606.93,9389.7,97.9,95.91,1.021,False,,True,unattributed,7,evt_01-P06_upper_body_0046,5f9647dbd662408c,pose_hand_context,,30053.7,3.69,,1,01/e1/v1,rtmpose_baseline
corpus_01,01.Candidate was found using a mobile phone in the examination hall..mkv,b842b03e5784d867e93770560d88150a526250df69077cd3065edbbd4c842098,dfine_sahi,61820.0,unknown_object,0.4006,1014.36,435.04,1054.97,531.07,3899.6,40.61,96.03,0.423,False,,True,unattributed,7,evt_01-P06_upper_body_0046,5f9647dbd662408c,pose_hand_context,,30053.7,3.69,,1,01/e1/v1,rtmpose_baseline
corpus_01,01.Candidate was found using a mobile phone in the examination hall..mkv,b842b03e5784d867e93770560d88150a526250df69077cd3065edbbd4c842098,dfine_sahi,61820.0,stationery,0.3686,1014.73,450.68,1054.96,530.97,3230.0,40.23,80.3,0.501,False,,True,unattributed,7,evt_01-P06_upper_body_0046,5f9647dbd662408c,pose_hand_context,,30053.7,3.69,,1,01/e1/v1,rtmpose_baseline
corpus_01,01.Candidate was found using a mobile phone in the examination hall..mkv,b842b03e5784d867e93770560d88150a526250df69077cd3065edbbd4c842098,dfine_sahi,61820.0,unknown_object,0.3633,981.65,484.96,1018.0,525.83,1485.3,36.35,40.86,0.889,False,,True,unattributed,7,evt_01-P06_upper_body_0046,5f9647dbd662408c,pose_hand_context,,30053.7,3.69,,1,01/e1/v1,rtmpose_baseline
corpus_01,01.Candidate was found using a mobile phone in the examination hall..mkv,b842b03e5784d867e93770560d88150a526250df69077cd3065edbbd4c842098,dfine_sahi,61820.0,unknown_object,0.358,1027.23,435.16,1054.95,479.34,1224.7,27.72,44.18,0.628,False,,True,unattributed,7,evt_01-P06_upper_body_0046,5f9647dbd662408c,pose_hand_context,,30053.7,3.69,,1,01/e1/v1,rtmpose_baseline
corpus_01,01.Candidate was found using a mobile phone in the examination hall..mkv,b842b03e5784d867e93770560d88150a526250df69077cd3065edbbd4c842098,dfine_sahi,61820.0,unknown_object,0.3502,1005.12,561.2,1054.98,607.2,2293.9,49.86,46.01,1.084,False,,True,unattributed,7,evt_01-P06_upper_body_0046,5f9647dbd662408c,pose_hand_context,,30053.7,3.69,,1,01/e1/v1,rtmpose_baseline
corpus_01,01.Candidate was found using a mobile phone in the examination hall..mkv,b842b03e5784d867e93770560d88150a526250df69077cd3065edbbd4c842098,dfine_sahi,61820.0,bag,0.3281,958.45,435.13,1031.59,485.34,3672.0,73.14,50.21,1.457,False,,True,unattributed,7,evt_01-P06_upper_body_0046,5f9647dbd662408c,pose_hand_context,,30053.7,3.69,,1,01/e1/v1,rtmpose_baseline
corpus_01,01.Candidate was found using a mobile phone in the examination hall..mkv,b842b03e5784d867e93770560d88150a526250df69077cd3065edbbd4c842098,dfine_sahi,61820.0,unknown_object,0.3241,1033.03,511.14,1131.0,606.68,9359.4,97.97,95.54,1.025,False,,True,unattributed,7,evt_01-P06_upper_body_0046,5f9647dbd662408c,pose_hand_context,,30053.7,3.69,,1,01/e1/v1,rtmpose_baseline
corpus_01,01.Candidate was found using a mobile phone in the examination hall..mkv,b842b03e5784d867e93770560d88150a526250df69077cd3065edbbd4c842098,dfine_sahi,61820.0,unknown_object,0.3002,1024.05,511.22,1054.98,571.64,1869.1,30.93,60.42,0.512,False,,True,unattributed,7,evt_01-P06_upper_body_0046,5f9647dbd662408c,pose_hand_context,,30053.7,3.69,,1,01/e1/v1,rtmpose_baseline
corpus_01,01.Candidate was found using a mobile phone in the examination hall..mkv,b842b03e5784d867e93770560d88150a526250df69077cd3065edbbd4c842098,dfine_sahi,61820.0,unknown_object,0.682,605.35,603.23,698.85,698.33,8892.5,93.5,95.1,0.983,False,,True,unattributed,4,evt_01-P06_upper_body_0046,8708bcea15e98283,pose_hand_context,,9204.5,6.66,,1,01/e1/v1,rtmpose_baseline
corpus_01,01.Candidate was found using a mobile phone in the examination hall..mkv,b842b03e5784d867e93770560d88150a526250df69077cd3065edbbd4c842098,dfine_sahi,61820.0,unknown_object,0.5529,605.07,624.88,657.97,718.69,4962.6,52.9,93.81,0.564,False,,True,unattributed,4,evt_01-P06_upper_body_0046,8708bcea15e98283,pose_hand_context,,9204.5,6.66,,1,01/e1/v1,rtmpose_baseline
corpus_01,01.Candidate was found using a mobile phone in the examination hall..mkv,b842b03e5784d867e93770560d88150a526250df69077cd3065edbbd4c842098,dfine_sahi,61820.0,unknown_object,0.4017,603.1,603.25,649.35,668.92,3037.7,46.26,65.67,0.704,False,,True,unattributed,4,evt_01-P06_upper_body_0046,8708bcea15e98283,pose_hand_context,,9204.5,6.66,,1,01/e1/v1,rtmpose_baseline
corpus_01,01.Candidate was found using a mobile phone in the examination hall..mkv,b842b03e5784d867e93770560d88150a526250df69077cd3065edbbd4c842098,dfine_sahi,61820.0,unknown_object,0.3983,644.29,603.11,698.82,645.36,2303.9,54.53,42.25,1.291,False,,True,unattributed,4,evt_01-P06_upper_body_0046,8708bcea15e98283,pose_hand_context,,9204.5,6.66,,1,01/e1/v1,rtmpose_baseline
corpus_01,01.Candidate was found using a mobile phone in the examination hall..mkv,b842b03e5784d867e93770560d88150a526250df69077cd3065edbbd4c842098,dfine_sahi,61820.0,unknown_object,0.3152,561.11,673.03,592.14,719.54,1443.0,31.02,46.51,0.667,False,,True,unattributed,4,evt_01-P06_upper_body_0046,8708bcea15e98283,pose_hand_context,,9204.5,6.66,,1,01/e1/v1,rtmpose_baseline
corpus_01,01.Candidate was found using a mobile phone in the examination hall..mkv,b842b03e5784d867e93770560d88150a526250df69077cd3065edbbd4c842098,dfine_sahi,61820.0,unknown_object,0.2814,603.62,624.13,626.66,668.8,1029.6,23.05,44.68,0.516,False,,True,unattributed,4,evt_01-P06_upper_body_0046,8708bcea15e98283,pose_hand_context,,9204.5,6.66,,1,01/e1/v1,rtmpose_baseline
corpus_01,01.Candidate was found using a mobile phone in the examination hall..mkv,b842b03e5784d867e93770560d88150a526250df69077cd3065edbbd4c842098,dfine_sahi,61820.0,unknown_object,0.5671,656.04,407.04,695.45,492.35,3361.9,39.41,85.31,0.462,False,,True,unattributed,5,evt_01-P06_upper_body_0046,88ed3d6af0930f4b,pose_hand_context,,2304.0,13.33,,1,01/e1/v1,rtmpose_baseline
corpus_01,01.Candidate was found using a mobile phone in the examination hall..mkv,b842b03e5784d867e93770560d88150a526250df69077cd3065edbbd4c842098,dfine_sahi,61820.0,unknown_object,0.4815,659.97,397.02,734.69,454.07,4262.2,74.72,57.04,1.31,False,,True,unattributed,5,evt_01-P06_upper_body_0046,88ed3d6af0930f4b,pose_hand_context,,2304.0,13.33,,1,01/e1/v1,rtmpose_baseline
corpus_01,01.Candidate was found using a mobile phone in the examination hall..mkv,b842b03e5784d867e93770560d88150a526250df69077cd3065edbbd4c842098,dfine_sahi,61820.0,unknown_object,0.4078,700.93,419.84,726.71,450.53,791.1,25.78,30.69,0.84,False,,True,unattributed,5,evt_01-P06_upper_body_0046,88ed3d6af0930f4b,pose_hand_context,,2304.0,13.33,,1,01/e1/v1,rtmpose_baseline
corpus_01,01.Candidate was found using a mobile phone in the examination hall..mkv,b842b03e5784d867e93770560d88150a526250df69077cd3065edbbd4c842098,dfine_sahi,61820.0,unknown_object,0.3192,702.78,436.72,717.32,450.59,201.8,14.54,13.87,1.048,False,,True,unattributed,5,evt_01-P06_upper_body_0046,88ed3d6af0930f4b,pose_hand_context,,2304.0,13.33,,1,01/e1/v1,rtmpose_baseline
corpus_01,01.Candidate was found using a mobile phone in the examination hall..mkv,b842b03e5784d867e93770560d88150a526250df69077cd3065edbbd4c842098,dfine_sahi,61820.0,unknown_object,0.2899,727.06,397.08,751.98,435.26,951.4,24.92,38.18,0.653,False,,True,unattributed,5,evt_01-P06_upper_body_0046,88ed3d6af0930f4b,pose_hand_context,,2304.0,13.33,,1,01/e1/v1,rtmpose_baseline
corpus_01,01.Candidate was found using a mobile phone in the examination hall..mkv,b842b03e5784d867e93770560d88150a526250df69077cd3065edbbd4c842098,dfine_sahi,61820.0,unknown_object,0.2709,714.75,425.34,736.54,451.38,567.3,21.79,26.04,0.837,False,,True,unattributed,5,evt_01-P06_upper_body_0046,88ed3d6af0930f4b,pose_hand_context,,2304.0,13.33,,1,01/e1/v1,rtmpose_baseline
corpus_01,01.Candidate was found using a mobile phone in the examination hall..mkv,b842b03e5784d867e93770560d88150a526250df69077cd3065edbbd4c842098,dfine_sahi,61860.0,unknown_object,0.6083,657.02,407.04,696.12,492.35,3335.8,39.1,85.31,0.458,False,,True,unattributed,5,evt_01-P02_upper_body_0012,10683caf0ee5739d,pose_hand_context,,2304.0,13.33,,1,01/e1/v1,rtmpose_baseline
corpus_01,01.Candidate was found using a mobile phone in the examination hall..mkv,b842b03e5784d867e93770560d88150a526250df69077cd3065edbbd4c842098,dfine_sahi,61860.0,unknown_object,0.5074,660.1,397.02,735.0,458.65,4616.5,74.9,61.63,1.215,False,,True,unattributed,5,evt_01-P02_upper_body_0012,10683caf0ee5739d,pose_hand_context,,2304.0,13.33,,1,01/e1/v1,rtmpose_baseline
corpus_01,01.Candidate was found using a mobile phone in the examination hall..mkv,b842b03e5784d867e93770560d88150a526250df69077cd3065edbbd4c842098,dfine_sahi,61860.0,unknown_object,0.3252,701.26,420.2,727.1,451.57,810.6,25.84,31.36,0.824,False,,True,unattributed,5,evt_01-P02_upper_body_0012,10683caf0ee5739d,pose_hand_context,,2304.0,13.33,,1,01/e1/v1,rtmpose_baseline
corpus_01,01.Candidate was found using a mobile phone in the examination hall..mkv,b842b03e5784d867e93770560d88150a526250df69077cd3065edbbd4c842098,dfine_sahi,61860.0,unknown_object,0.3003,727.05,397.06,752.98,433.98,957.6,25.94,36.92,0.703,False,,True,unattributed,5,evt_01-P02_upper_body_0012,10683caf0ee5739d,pose_hand_context,,2304.0,13.33,,1,01/e1/v1,rtmpose_baseline
corpus_01,01.Candidate was found using a mobile phone in the examination hall..mkv,b842b03e5784d867e93770560d88150a526250df69077cd3065edbbd4c842098,dfine_sahi,61860.0,unknown_object,0.2726,703.04,436.8,717.15,451.0,200.3,14.11,14.19,0.994,False,,True,unattributed,5,evt_01-P02_upper_body_0012,10683caf0ee5739d,pose_hand_context,,2304.0,13.33,,1,01/e1/v1,rtmpose_baseline
corpus_01,01.Candidate was found using a mobile phone in the examination hall..mkv,b842b03e5784d867e93770560d88150a526250df69077cd3065edbbd4c842098,dfine_sahi,61860.0,unknown_object,0.2556,657.07,406.46,752.79,492.43,8229.1,95.72,85.97,1.113,False,,True,unattributed,5,evt_01-P02_upper_body_0012,10683caf0ee5739d,pose_hand_context,,2304.0,13.33,,1,01/e1/v1,rtmpose_baseline
corpus_01,01.Candidate was found using a mobile phone in the examination hall..mkv,b842b03e5784d867e93770560d88150a526250df69077cd3065edbbd4c842098,dfine_sahi,61860.0,unknown_object,0.5739,601.66,598.15,694.91,693.19,8862.3,93.25,95.04,0.981,False,,True,unattributed,4,evt_01-P02_upper_body_0012,28d3395401cd57b4,pose_hand_context,,11123.3,5.9,,1,01/e1/v1,rtmpose_baseline
corpus_01,01.Candidate was found using a mobile phone in the examination hall..mkv,b842b03e5784d867e93770560d88150a526250df69077cd3065edbbd4c842098,dfine_sahi,61860.0,unknown_object,0.5319,551.99,624.13,647.78,719.55,9140.4,95.79,95.42,1.004,False,,True,unattributed,4,evt_01-P02_upper_body_0012,28d3395401cd57b4,pose_hand_context,,11123.3,5.9,,1,01/e1/v1,rtmpose_baseline
corpus_01,01.Candidate was found using a mobile phone in the examination hall..mkv,b842b03e5784d867e93770560d88150a526250df69077cd3065edbbd4c842098,dfine_sahi,61860.0,unknown_object,0.3851,552.03,624.73,593.63,719.3,3934.4,41.61,94.56,0.44,False,,True,unattributed,4,evt_01-P02_upper_body_0012,28d3395401cd57b4,pose_hand_context,,11123.3,5.9,,1,01/e1/v1,rtmpose_baseline
corpus_01,01.Candidate was found using a mobile phone in the examination hall..mkv,b842b03e5784d867e93770560d88150a526250df69077cd3065edbbd4c842098,dfine_sahi,61860.0,unknown_object,0.329,639.29,598.11,694.93,645.1,2614.9,55.64,46.99,1.184,False,,True,unattributed,4,evt_01-P02_upper_body_0012,28d3395401cd57b4,pose_hand_context,,11123.3,5.9,,1,01/e1/v1,rtmpose_baseline
corpus_01,01.Candidate was found using a mobile phone in the examination hall..mkv,b842b03e5784d867e93770560d88150a526250df69077cd3065edbbd4c842098,dfine_sahi,61860.0,unknown_object,0.2747,569.99,672.62,592.25,719.34,1039.7,22.25,46.72,0.476,False,,True,unattributed,4,evt_01-P02_upper_body_0012,28d3395401cd57b4,pose_hand_context,,11123.3,5.9,,1,01/e1/v1,rtmpose_baseline
corpus_01,01.Candidate was found using a mobile phone in the examination hall..mkv,b842b03e5784d867e93770560d88150a526250df69077cd3065edbbd4c842098,dfine_sahi,61860.0,unknown_object,0.7169,1032.99,574.27,1076.47,598.23,1041.8,43.48,23.96,1.815,False,,True,unattributed,7,evt_01-P02_upper_body_0012,fabdc5617c7a2159,pose_hand_context,,29487.8,3.73,,1,01/e1/v1,rtmpose_baseline
corpus_01,01.Candidate was found using a mobile phone in the examination hall..mkv,b842b03e5784d867e93770560d88150a526250df69077cd3065edbbd4c842098,dfine_sahi,61860.0,unknown_object,0.716,1015.34,436.52,1129.87,579.36,16359.7,114.53,142.84,0.802,False,,True,unattributed,7,evt_01-P02_upper_body_0012,fabdc5617c7a2159,pose_hand_context,,29487.8,3.73,,1,01/e1/v1,rtmpose_baseline
corpus_01,01.Candidate was found using a mobile phone in the examination hall..mkv,b842b03e5784d867e93770560d88150a526250df69077cd3065edbbd4c842098,dfine_sahi,61860.0,unknown_object,0.6723,1033.05,579.67,1129.94,605.94,2545.0,96.9,26.27,3.689,False,,True,unattributed,7,evt_01-P02_upper_body_0012,fabdc5617c7a2159,pose_hand_context,,29487.8,3.73,,1,01/e1/v1,rtmpose_baseline
corpus_01,01.Candidate was found using a mobile phone in the examination hall..mkv,b842b03e5784d867e93770560d88150a526250df69077cd3065edbbd4c842098,dfine_sahi,61860.0,unknown_object,0.4279,1075.08,577.26,1102.28,583.89,180.3,27.2,6.63,4.103,False,,True,unattributed,7,evt_01-P02_upper_body_0012,fabdc5617c7a2159,pose_hand_context,,29487.8,3.73,,1,01/e1/v1,rtmpose_baseline
corpus_01,01.Candidate was found using a mobile phone in the examination hall..mkv,b842b03e5784d867e93770560d88150a526250df69077cd3065edbbd4c842098,dfine_sahi,61860.0,unknown_object,0.4269,1014.25,435.09,1054.99,531.5,3927.8,40.74,96.41,0.423,False,,True,unattributed,7,evt_01-P02_upper_body_0012,fabdc5617c7a2159,pose_hand_context,,29487.8,3.73,,1,01/e1/v1,rtmpose_baseline
corpus_01,01.Candidate was found using a mobile phone in the examination hall..mkv,b842b03e5784d867e93770560d88150a526250df69077cd3065edbbd4c842098,dfine_sahi,61860.0,unknown_object,0.4034,1027.23,435.1,1054.98,479.08,1220.4,27.75,43.98,0.631,False,,True,unattributed,7,evt_01-P02_upper_body_0012,fabdc5617c7a2159,pose_hand_context,,29487.8,3.73,,1,01/e1/v1,rtmpose_baseline
corpus_01,01.Candidate was found using a mobile phone in the examination hall..mkv,b842b03e5784d867e93770560d88150a526250df69077cd3065edbbd4c842098,dfine_sahi,61860.0,unknown_object,0.3947,1013.3,574.59,1055.0,606.59,1334.6,41.7,32.01,1.303,False,,True,unattributed,7,evt_01-P02_upper_body_0012,fabdc5617c7a2159,pose_hand_context,,29487.8,3.73,,1,01/e1/v1,rtmpose_baseline
corpus_01,01.Candidate was found using a mobile phone in the examination hall..mkv,b842b03e5784d867e93770560d88150a526250df69077cd3065edbbd4c842098,dfine_sahi,61860.0,unknown_object,0.3507,958.97,435.09,1032.04,485.4,3676.1,73.07,50.31,1.452,False,,True,unattributed,7,evt_01-P02_upper_body_0012,fabdc5617c7a2159,pose_hand_context,,29487.8,3.73,,1,01/e1/v1,rtmpose_baseline
corpus_01,01.Candidate was found using a mobile phone in the examination hall..mkv,b842b03e5784d867e93770560d88150a526250df69077cd3065edbbd4c842098,dfine_sahi,61860.0,unknown_object,0.3226,981.04,484.94,1018.25,528.18,1608.4,37.2,43.23,0.861,False,,True,unattributed,7,evt_01-P02_upper_body_0012,fabdc5617c7a2159,pose_hand_context,,29487.8,3.73,,1,01/e1/v1,rtmpose_baseline
corpus_01,01.Candidate was found using a mobile phone in the examination hall..mkv,b842b03e5784d867e93770560d88150a526250df69077cd3065edbbd4c842098,dfine_sahi,61860.0,unknown_object,0.2978,1022.88,511.2,1054.95,571.76,1941.6,32.07,60.55,0.53,False,,True,unattributed,7,evt_01-P02_upper_body_0012,fabdc5617c7a2159,pose_hand_context,,29487.8,3.73,,1,01/e1/v1,rtmpose_baseline
corpus_01,01.Candidate was found using a mobile phone in the examination hall..mkv,b842b03e5784d867e93770560d88150a526250df69077cd3065edbbd4c842098,dfine_sahi,61860.0,unknown_object,0.2844,1033.04,511.13,1129.96,605.7,9165.7,96.92,94.57,1.025,False,,True,unattributed,7,evt_01-P02_upper_body_0012,fabdc5617c7a2159,pose_hand_context,,29487.8,3.73,,1,01/e1/v1,rtmpose_baseline
corpus_01,01.Candidate was found using a mobile phone in the examination hall..mkv,b842b03e5784d867e93770560d88150a526250df69077cd3065edbbd4c842098,dfine_sahi,62340.0,mouse,0.8542,639.44,368.73,660.43,377.8,190.3,20.99,9.07,2.315,False,,True,unattributed,5,evt_01-P03_upper_body_0019,75cb701708e89682,native_source_context_fallback,wrist_confidence_below_floor,6739.4,5.92,,1,01/e1/v1,rtmpose_baseline
corpus_01,01.Candidate was found using a mobile phone in the examination hall..mkv,b842b03e5784d867e93770560d88150a526250df69077cd3065edbbd4c842098,dfine_sahi,62340.0,unknown_object,0.4853,620.99,364.7,666.48,429.05,2927.7,45.49,64.35,0.707,False,,True,unattributed,5,evt_01-P03_upper_body_0019,75cb701708e89682,native_source_context_fallback,wrist_confidence_below_floor,6739.4,5.92,,1,01/e1/v1,rtmpose_baseline
corpus_01,01.Candidate was found using a mobile phone in the examination hall..mkv,b842b03e5784d867e93770560d88150a526250df69077cd3065edbbd4c842098,dfine_sahi,62340.0,phone,0.4523,648.0,368.72,660.63,377.86,115.5,12.63,9.14,1.382,True,object footprint 115 px is under the 120 px floor for a call,False,unattributed,5,evt_01-P03_upper_body_0019,75cb701708e89682,native_source_context_fallback,wrist_confidence_below_floor,6739.4,5.92,,1,01/e1/v1,rtmpose_baseline
corpus_01,01.Candidate was found using a mobile phone in the examination hall..mkv,b842b03e5784d867e93770560d88150a526250df69077cd3065edbbd4c842098,dfine_sahi,62340.0,unknown_object,0.3849,648.0,407.29,693.05,429.78,1013.4,45.06,22.49,2.003,False,,True,unattributed,5,evt_01-P03_upper_body_0019,75cb701708e89682,native_source_context_fallback,wrist_confidence_below_floor,6739.4,5.92,,1,01/e1/v1,rtmpose_baseline
corpus_01,01.Candidate was found using a mobile phone in the examination hall..mkv,b842b03e5784d867e93770560d88150a526250df69077cd3065edbbd4c842098,dfine_sahi,62340.0,unknown_object,0.3837,621.02,287.06,716.95,382.57,9161.9,95.93,95.51,1.004,False,,True,unattributed,5,evt_01-P03_upper_body_0019,75cb701708e89682,native_source_context_fallback,wrist_confidence_below_floor,6739.4,5.92,,1,01/e1/v1,rtmpose_baseline
corpus_01,01.Candidate was found using a mobile phone in the examination hall..mkv,b842b03e5784d867e93770560d88150a526250df69077cd3065edbbd4c842098,dfine_sahi,62340.0,unknown_object,0.3285,648.01,365.5,666.37,382.98,320.9,18.36,17.48,1.051,False,,True,unattributed,5,evt_01-P03_upper_body_0019,75cb701708e89682,native_source_context_fallback,wrist_confidence_below_floor,6739.4,5.92,,1,01/e1/v1,rtmpose_baseline
corpus_01,01.Candidate was found using a mobile phone in the examination hall..mkv,b842b03e5784d867e93770560d88150a526250df69077cd3065edbbd4c842098,dfine_sahi,62340.0,unknown_object,0.326,648.0,365.5,666.45,404.67,722.6,18.45,39.16,0.471,False,,True,unattributed,5,evt_01-P03_upper_body_0019,75cb701708e89682,native_source_context_fallback,wrist_confidence_below_floor,6739.4,5.92,,1,01/e1/v1,rtmpose_baseline
corpus_01,01.Candidate was found using a mobile phone in the examination hall..mkv,b842b03e5784d867e93770560d88150a526250df69077cd3065edbbd4c842098,dfine_sahi,62340.0,unknown_object,0.3002,621.0,364.76,666.32,382.96,824.8,45.32,18.2,2.49,False,,True,unattributed,5,evt_01-P03_upper_body_0019,75cb701708e89682,native_source_context_fallback,wrist_confidence_below_floor,6739.4,5.92,,1,01/e1/v1,rtmpose_baseline
corpus_01,01.Candidate was found using a mobile phone in the examination hall..mkv,b842b03e5784d867e93770560d88150a526250df69077cd3065edbbd4c842098,dfine_sahi,62340.0,unknown_object,0.2843,648.0,288.63,669.48,382.43,2014.5,21.48,93.8,0.229,False,,True,unattributed,5,evt_01-P03_upper_body_0019,75cb701708e89682,native_source_context_fallback,wrist_confidence_below_floor,6739.4,5.92,,1,01/e1/v1,rtmpose_baseline
corpus_01,01.Candidate was found using a mobile phone in the examination hall..mkv,b842b03e5784d867e93770560d88150a526250df69077cd3065edbbd4c842098,dfine_sahi,62340.0,phone,0.2705,688.38,334.0,706.56,355.14,384.4,18.18,21.14,0.86,False,,True,unattributed,5,evt_01-P03_upper_body_0019,75cb701708e89682,native_source_context_fallback,wrist_confidence_below_floor,6739.4,5.92,,1,01/e1/v1,rtmpose_baseline
corpus_01,01.Candidate was found using a mobile phone in the examination hall..mkv,b842b03e5784d867e93770560d88150a526250df69077cd3065edbbd4c842098,dfine_sahi,62340.0,unknown_object,0.2572,691.18,317.97,730.96,346.89,1150.4,39.78,28.92,1.375,False,,True,unattributed,5,evt_01-P03_upper_body_0019,75cb701708e89682,native_source_context_fallback,wrist_confidence_below_floor,6739.4,5.92,,1,01/e1/v1,rtmpose_baseline
corpus_01,01.Candidate was found using a mobile phone in the examination hall..mkv,b842b03e5784d867e93770560d88150a526250df69077cd3065edbbd4c842098,dfine_sahi,62340.0,unknown_object,0.7756,1015.33,436.26,1130.89,576.41,16196.5,115.56,140.16,0.825,False,,True,unattributed,7,evt_01-P03_upper_body_0019,9673b7cb4cb83d9a,pose_hand_context,,34819.6,3.43,,1,01/e1/v1,rtmpose_baseline
corpus_01,01.Candidate was found using a mobile phone in the examination hall..mkv,b842b03e5784d867e93770560d88150a526250df69077cd3065edbbd4c842098,dfine_sahi,62340.0,unknown_object,0.7142,1026.03,579.59,1130.94,614.7,3682.9,104.91,35.11,2.988,False,,True,unattributed,7,evt_01-P03_upper_body_0019,9673b7cb4cb83d9a,pose_hand_context,,34819.6,3.43,,1,01/e1/v1,rtmpose_baseline
corpus_01,01.Candidate was found using a mobile phone in the examination hall..mkv,b842b03e5784d867e93770560d88150a526250df69077cd3065edbbd4c842098,dfine_sahi,62340.0,unknown_object,0.4113,1025.93,570.61,1071.54,597.35,1219.4,45.61,26.74,1.706,False,,True,unattributed,7,evt_01-P03_upper_body_0019,9673b7cb4cb83d9a,pose_hand_context,,34819.6,3.43,,1,01/e1/v1,rtmpose_baseline
corpus_01,01.Candidate was found using a mobile phone in the examination hall..mkv,b842b03e5784d867e93770560d88150a526250df69077cd3065edbbd4c842098,dfine_sahi,62340.0,unknown_object,0.3981,1017.27,510.09,1048.98,571.38,1943.4,31.71,61.29,0.517,False,,True,unattributed,7,evt_01-P03_upper_body_0019,9673b7cb4cb83d9a,pose_hand_context,,34819.6,3.43,,1,01/e1/v1,rtmpose_baseline
corpus_01,01.Candidate was found using a mobile phone in the examination hall..mkv,b842b03e5784d867e93770560d88150a526250df69077cd3065edbbd4c842098,dfine_sahi,62340.0,unknown_object,0.393,961.99,428.2,1031.49,484.92,3942.4,69.5,56.72,1.225,False,,True,unattributed,7,evt_01-P03_upper_body_0019,9673b7cb4cb83d9a,pose_hand_context,,34819.6,3.43,,1,01/e1/v1,rtmpose_baseline
corpus_01,01.Candidate was found using a mobile phone in the examination hall..mkv,b842b03e5784d867e93770560d88150a526250df69077cd3065edbbd4c842098,dfine_sahi,62340.0,unknown_object,0.3774,998.63,575.49,1048.96,614.89,1982.5,50.32,39.4,1.277,False,,True,unattributed,7,evt_01-P03_upper_body_0019,9673b7cb4cb83d9a,pose_hand_context,,34819.6,3.43,,1,01/e1/v1,rtmpose_baseline
corpus_01,01.Candidate was found using a mobile phone in the examination hall..mkv,b842b03e5784d867e93770560d88150a526250df69077cd3065edbbd4c842098,dfine_sahi,62340.0,unknown_object,0.3736,1043.14,510.13,1130.86,566.1,4909.9,87.72,55.97,1.567,False,,True,unattributed,7,evt_01-P03_upper_body_0019,9673b7cb4cb83d9a,pose_hand_context,,34819.6,3.43,,1,01/e1/v1,rtmpose_baseline
corpus_01,01.Candidate was found using a mobile phone in the examination hall..mkv,b842b03e5784d867e93770560d88150a526250df69077cd3065edbbd4c842098,dfine_sahi,62340.0,unknown_object,0.3732,1026.28,575.69,1048.99,597.16,487.6,22.71,21.47,1.058,False,,True,unattributed,7,evt_01-P03_upper_body_0019,9673b7cb4cb83d9a,pose_hand_context,,34819.6,3.43,,1,01/e1/v1,rtmpose_baseline
corpus_01,01.Candidate was found using a mobile phone in the examination hall..mkv,b842b03e5784d867e93770560d88150a526250df69077cd3065edbbd4c842098,dfine_sahi,62340.0,unknown_object,0.3728,970.94,484.69,1018.31,530.16,2154.0,47.37,45.47,1.042,False,,True,unattributed,7,evt_01-P03_upper_body_0019,9673b7cb4cb83d9a,pose_hand_context,,34819.6,3.43,,1,01/e1/v1,rtmpose_baseline
corpus_01,01.Candidate was found using a mobile phone in the examination hall..mkv,b842b03e5784d867e93770560d88150a526250df69077cd3065edbbd4c842098,dfine_sahi,62340.0,stationery,0.3596,1014.52,454.31,1048.93,532.37,2685.8,34.4,78.06,0.441,False,,True,unattributed,7,evt_01-P03_upper_body_0019,9673b7cb4cb83d9a,pose_hand_context,,34819.6,3.43,,1,01/e1/v1,rtmpose_baseline
corpus_01,01.Candidate was found using a mobile phone in the examination hall..mkv,b842b03e5784d867e93770560d88150a526250df69077cd3065edbbd4c842098,dfine_sahi,62340.0,unknown_object,0.344,1026.99,428.11,1130.51,483.0,5681.9,103.51,54.89,1.886,False,,True,unattributed,7,evt_01-P03_upper_body_0019,9673b7cb4cb83d9a,pose_hand_context,,34819.6,3.43,,1,01/e1/v1,rtmpose_baseline
corpus_01,01.Candidate was found using a mobile phone in the examination hall..mkv,b842b03e5784d867e93770560d88150a526250df69077cd3065edbbd4c842098,dfine_sahi,62340.0,unknown_object,0.3408,1014.35,428.12,1048.98,532.39,3610.6,34.63,104.28,0.332,False,,True,unattributed,7,evt_01-P03_upper_body_0019,9673b7cb4cb83d9a,pose_hand_context,,34819.6,3.43,,1,01/e1/v1,rtmpose_baseline
corpus_01,01.Candidate was found using a mobile phone in the examination hall..mkv,b842b03e5784d867e93770560d88150a526250df69077cd3065edbbd4c842098,dfine_sahi,62340.0,unknown_object,0.3016,1026.01,510.2,1131.01,614.41,10941.6,105.0,104.21,1.008,False,,True,unattributed,7,evt_01-P03_upper_body_0019,9673b7cb4cb83d9a,pose_hand_context,,34819.6,3.43,,1,01/e1/v1,rtmpose_baseline
corpus_01,01.Candidate was found using a mobile phone in the examination hall..mkv,b842b03e5784d867e93770560d88150a526250df69077cd3065edbbd4c842098,dfine_sahi,62340.0,unknown_object,0.2896,1027.4,428.12,1048.98,479.06,1099.6,21.59,50.94,0.424,False,,True,unattributed,7,evt_01-P03_upper_body_0019,9673b7cb4cb83d9a,pose_hand_context,,34819.6,3.43,,1,01/e1/v1,rtmpose_baseline
corpus_01,01.Candidate was found using a mobile phone in the examination hall..mkv,b842b03e5784d867e93770560d88150a526250df69077cd3065edbbd4c842098,dfine_sahi,62340.0,unknown_object,0.2588,1004.63,584.69,1030.31,610.37,659.6,25.69,25.68,1.0,False,,True,unattributed,7,evt_01-P03_upper_body_0019,9673b7cb4cb83d9a,pose_hand_context,,34819.6,3.43,,1,01/e1/v1,rtmpose_baseline
corpus_01,01.Candidate was found using a mobile phone in the examination hall..mkv,b842b03e5784d867e93770560d88150a526250df69077cd3065edbbd4c842098,dfine_sahi,62340.0,unknown_object,0.4471,515.79,624.41,575.42,705.98,4864.0,59.63,81.57,0.731,False,,True,unattributed,4,evt_01-P03_upper_body_0019,aea27f278211d5dd,pose_hand_context,,14248.4,4.16,,1,01/e1/v1,rtmpose_baseline
corpus_01,01.Candidate was found using a mobile phone in the examination hall..mkv,b842b03e5784d867e93770560d88150a526250df69077cd3065edbbd4c842098,dfine_sahi,62340.0,unknown_object,0.3418,567.5,683.73,592.09,719.67,884.0,24.6,35.94,0.684,False,,True,unattributed,4,evt_01-P03_upper_body_0019,aea27f278211d5dd,pose_hand_context,,14248.4,4.16,,1,01/e1/v1,rtmpose_baseline
corpus_01,01.Candidate was found using a mobile phone in the examination hall..mkv,b842b03e5784d867e93770560d88150a526250df69077cd3065edbbd4c842098,dfine_sahi,62380.0,mouse,0.8772,639.46,368.7,660.39,377.86,191.6,20.93,9.16,2.286,False,,True,unattributed,5,evt_01-P01_desk_work_surface_0002,55180441bedd5087,native_source_context_fallback,wrist_confidence_below_floor,6986.5,5.92,,1,01/e1/v1,rtmpose_baseline
corpus_01,01.Candidate was found using a mobile phone in the examination hall..mkv,b842b03e5784d867e93770560d88150a526250df69077cd3065edbbd4c842098,dfine_sahi,62380.0,unknown_object,0.4697,622.0,364.74,666.92,428.83,2879.1,44.93,64.09,0.701,False,,True,unattributed,5,evt_01-P01_desk_work_surface_0002,55180441bedd5087,native_source_context_fallback,wrist_confidence_below_floor,6986.5,5.92,,1,01/e1/v1,rtmpose_baseline
corpus_01,01.Candidate was found using a mobile phone in the examination hall..mkv,b842b03e5784d867e93770560d88150a526250df69077cd3065edbbd4c842098,dfine_sahi,62380.0,unknown_object,0.3646,622.0,364.87,666.78,382.97,810.9,44.79,18.11,2.474,False,,True,unattributed,5,evt_01-P01_desk_work_surface_0002,55180441bedd5087,native_source_context_fallback,wrist_confidence_below_floor,6986.5,5.92,,1,01/e1/v1,rtmpose_baseline
corpus_01,01.Candidate was found using a mobile phone in the examination hall..mkv,b842b03e5784d867e93770560d88150a526250df69077cd3065edbbd4c842098,dfine_sahi,62380.0,phone,0.311,650.99,368.72,660.44,377.53,83.3,9.45,8.82,1.072,True,object footprint 83 px is under the 120 px floor for a call,False,unattributed,5,evt_01-P01_desk_work_surface_0002,55180441bedd5087,native_source_context_fallback,wrist_confidence_below_floor,6986.5,5.92,,1,01/e1/v1,rtmpose_baseline
corpus_01,01.Candidate was found using a mobile phone in the examination hall..mkv,b842b03e5784d867e93770560d88150a526250df69077cd3065edbbd4c842098,dfine_sahi,62380.0,unknown_object,0.2951,622.0,287.08,717.95,382.57,9162.3,95.95,95.5,1.005,False,,True,unattributed,5,evt_01-P01_desk_work_surface_0002,55180441bedd5087,native_source_context_fallback,wrist_confidence_below_floor,6986.5,5.92,,1,01/e1/v1,rtmpose_baseline
corpus_01,01.Candidate was found using a mobile phone in the examination hall..mkv,b842b03e5784d867e93770560d88150a526250df69077cd3065edbbd4c842098,dfine_sahi,62380.0,phone,0.2747,688.67,333.27,706.84,355.12,397.0,18.17,21.85,0.832,False,,True,unattributed,5,evt_01-P01_desk_work_surface_0002,55180441bedd5087,native_source_context_fallback,wrist_confidence_below_floor,6986.5,5.92,,1,01/e1/v1,rtmpose_baseline
corpus_01,01.Candidate was found using a mobile phone in the examination hall..mkv,b842b03e5784d867e93770560d88150a526250df69077cd3065edbbd4c842098,dfine_sahi,62380.0,unknown_object,0.273,676.98,356.58,732.05,412.64,3087.4,55.07,56.06,0.982,False,,True,unattributed,5,evt_01-P01_desk_work_surface_0002,55180441bedd5087,native_source_context_fallback,wrist_confidence_below_floor,6986.5,5.92,,1,01/e1/v1,rtmpose_baseline
corpus_01,01.Candidate was found using a mobile phone in the examination hall..mkv,b842b03e5784d867e93770560d88150a526250df69077cd3065edbbd4c842098,dfine_sahi,62380.0,unknown_object,0.2689,691.5,318.45,733.51,345.88,1152.5,42.02,27.43,1.532,False,,True,unattributed,5,evt_01-P01_desk_work_surface_0002,55180441bedd5087,native_source_context_fallback,wrist_confidence_below_floor,6986.5,5.92,,1,01/e1/v1,rtmpose_baseline
corpus_01,01.Candidate was found using a mobile phone in the examination hall..mkv,b842b03e5784d867e93770560d88150a526250df69077cd3065edbbd4c842098,dfine_sahi,62380.0,bag,0.2689,686.45,356.54,717.98,382.93,832.2,31.53,26.39,1.195,False,,True,unattributed,5,evt_01-P01_desk_work_surface_0002,55180441bedd5087,native_source_context_fallback,wrist_confidence_below_floor,6986.5,5.92,,1,01/e1/v1,rtmpose_baseline
corpus_01,01.Candidate was found using a mobile phone in the examination hall..mkv,b842b03e5784d867e93770560d88150a526250df69077cd3065edbbd4c842098,dfine_sahi,62380.0,unknown_object,0.2592,651.01,334.41,666.92,402.14,1077.9,15.92,67.73,0.235,False,,True,unattributed,5,evt_01-P01_desk_work_surface_0002,55180441bedd5087,native_source_context_fallback,wrist_confidence_below_floor,6986.5,5.92,,1,01/e1/v1,rtmpose_baseline
corpus_01,01.Candidate was found using a mobile phone in the examination hall..mkv,b842b03e5784d867e93770560d88150a526250df69077cd3065edbbd4c842098,dfine_sahi,62380.0,unknown_object,0.2526,650.99,290.12,669.42,382.36,1699.5,18.43,92.24,0.2,False,,True,unattributed,5,evt_01-P01_desk_work_surface_0002,55180441bedd5087,native_source_context_fallback,wrist_confidence_below_floor,6986.5,5.92,,1,01/e1/v1,rtmpose_baseline
corpus_01,01.Candidate was found using a mobile phone in the examination hall..mkv,b842b03e5784d867e93770560d88150a526250df69077cd3065edbbd4c842098,dfine_sahi,62380.0,unknown_object,0.2503,622.04,287.13,668.91,350.21,2957.3,46.87,63.09,0.743,False,,True,unattributed,5,evt_01-P01_desk_work_surface_0002,55180441bedd5087,native_source_context_fallback,wrist_confidence_below_floor,6986.5,5.92,,1,01/e1/v1,rtmpose_baseline
corpus_01,01.Candidate was found using a mobile phone in the examination hall..mkv,b842b03e5784d867e93770560d88150a526250df69077cd3065edbbd4c842098,dfine_sahi,62380.0,mouse,0.858,639.21,368.73,660.22,377.97,194.1,21.01,9.24,2.274,False,,True,unattributed,10,evt_01-P01_desk_work_surface_0002,55d6f17c8344f12c,native_source_context_fallback,wrist_confidence_below_floor,14896.0,4.16,,1,01/e1/v1,rtmpose_baseline
corpus_01,01.Candidate was found using a mobile phone in the examination hall..mkv,b842b03e5784d867e93770560d88150a526250df69077cd3065edbbd4c842098,dfine_sahi,62380.0,unknown_object,0.5225,602.63,363.11,666.8,395.87,2102.2,64.17,32.76,1.959,False,,True,unattributed,10,evt_01-P01_desk_work_surface_0002,55d6f17c8344f12c,native_source_context_fallback,wrist_confidence_below_floor,14896.0,4.16,,1,01/e1/v1,rtmpose_baseline
corpus_01,01.Candidate was found using a mobile phone in the examination hall..mkv,b842b03e5784d867e93770560d88150a526250df69077cd3065edbbd4c842098,dfine_sahi,62380.0,unknown_object,0.5022,619.92,364.68,667.01,430.42,3095.7,47.09,65.74,0.716,False,,True,unattributed,10,evt_01-P01_desk_work_surface_0002,55d6f17c8344f12c,native_source_context_fallback,wrist_confidence_below_floor,14896.0,4.16,,1,01/e1/v1,rtmpose_baseline
corpus_01,01.Candidate was found using a mobile phone in the examination hall..mkv,b842b03e5784d867e93770560d88150a526250df69077cd3065edbbd4c842098,dfine_sahi,62380.0,unknown_object,0.4166,661.29,367.12,697.25,413.09,1653.2,35.96,45.97,0.782,False,,True,unattributed,10,evt_01-P01_desk_work_surface_0002,55d6f17c8344f12c,native_source_context_fallback,wrist_confidence_below_floor,14896.0,4.16,,1,01/e1/v1,rtmpose_baseline
corpus_01,01.Candidate was found using a mobile phone in the examination hall..mkv,b842b03e5784d867e93770560d88150a526250df69077cd3065edbbd4c842098,dfine_sahi,62380.0,monitor_or_bezel,0.3896,641.0,367.19,667.02,412.0,1165.8,26.02,44.8,0.581,False,,True,unattributed,10,evt_01-P01_desk_work_surface_0002,55d6f17c8344f12c,native_source_context_fallback,wrist_confidence_below_floor,14896.0,4.16,,1,01/e1/v1,rtmpose_baseline
corpus_01,01.Candidate was found using a mobile phone in the examination hall..mkv,b842b03e5784d867e93770560d88150a526250df69077cd3065edbbd4c842098,dfine_sahi,62380.0,unknown_object,0.385,636.38,407.7,690.53,462.27,2955.0,54.15,54.57,0.992,False,,True,unattributed,10,evt_01-P01_desk_work_surface_0002,55d6f17c8344f12c,native_source_context_fallback,wrist_confidence_below_floor,14896.0,4.16,,1,01/e1/v1,rtmpose_baseline
corpus_01,01.Candidate was found using a mobile phone in the examination hall..mkv,b842b03e5784d867e93770560d88150a526250df69077cd3065edbbd4c842098,dfine_sahi,62380.0,keyboard,0.342,640.94,407.04,689.68,462.32,2694.4,48.74,55.28,0.882,False,,True,unattributed,10,evt_01-P01_desk_work_surface_0002,55d6f17c8344f12c,native_source_context_fallback,wrist_confidence_below_floor,14896.0,4.16,,1,01/e1/v1,rtmpose_baseline
corpus_01,01.Candidate was found using a mobile phone in the examination hall..mkv,b842b03e5784d867e93770560d88150a526250df69077cd3065edbbd4c842098,dfine_sahi,62380.0,unknown_object,0.2894,640.97,365.23,666.82,395.91,793.0,25.84,30.69,0.842,False,,True,unattributed,10,evt_01-P01_desk_work_surface_0002,55d6f17c8344f12c,native_source_context_fallback,wrist_confidence_below_floor,14896.0,4.16,,1,01/e1/v1,rtmpose_baseline
corpus_01,01.Candidate was found using a mobile phone in the examination hall..mkv,b842b03e5784d867e93770560d88150a526250df69077cd3065edbbd4c842098,dfine_sahi,62380.0,unknown_object,0.2692,680.54,356.45,736.92,395.65,2209.8,56.38,39.2,1.438,False,,True,unattributed,10,evt_01-P01_desk_work_surface_0002,55d6f17c8344f12c,native_source_context_fallback,wrist_confidence_below_floor,14896.0,4.16,,1,01/e1/v1,rtmpose_baseline
corpus_01,01.Candidate was found using a mobile phone in the examination hall..mkv,b842b03e5784d867e93770560d88150a526250df69077cd3065edbbd4c842098,dfine_sahi,62380.0,unknown_object,0.7615,1015.34,436.36,1128.89,566.77,14808.5,113.55,130.41,0.871,False,,True,unattributed,7,evt_01-P01_desk_work_surface_0002,7408a8cf0d9e5d58,pose_hand_context,,34447.4,3.45,,1,01/e1/v1,rtmpose_baseline
corpus_01,01.Candidate was found using a mobile phone in the examination hall..mkv,b842b03e5784d867e93770560d88150a526250df69077cd3065edbbd4c842098,dfine_sahi,62380.0,unknown_object,0.6273,1025.01,578.83,1128.93,613.71,3624.8,103.92,34.88,2.979,False,,True,unattributed,7,evt_01-P01_desk_work_surface_0002,7408a8cf0d9e5d58,pose_hand_context,,34447.4,3.45,,1,01/e1/v1,rtmpose_baseline
corpus_01,01.Candidate was found using a mobile phone in the examination hall..mkv,b842b03e5784d867e93770560d88150a526250df69077cd3065edbbd4c842098,dfine_sahi,62380.0,unknown_object,0.5802,1016.99,510.11,1048.0,571.47,1902.8,31.01,61.36,0.505,False,,True,unattributed,7,evt_01-P01_desk_work_surface_0002,7408a8cf0d9e5d58,pose_hand_context,,34447.4,3.45,,1,01/e1/v1,rtmpose_baseline
corpus_01,01.Candidate was found using a mobile phone in the examination hall..mkv,b842b03e5784d867e93770560d88150a526250df69077cd3065edbbd4c842098,dfine_sahi,62380.0,unknown_object,0.478,970.26,484.56,1018.21,530.23,2190.0,47.95,45.67,1.05,False,,True,unattributed,7,evt_01-P01_desk_work_surface_0002,7408a8cf0d9e5d58,pose_hand_context,,34447.4,3.45,,1,01/e1/v1,rtmpose_baseline
corpus_01,01.Candidate was found using a mobile phone in the examination hall..mkv,b842b03e5784d867e93770560d88150a526250df69077cd3065edbbd4c842098,dfine_sahi,62380.0,unknown_object,0.4145,1024.07,571.21,1069.79,598.32,1239.5,45.71,27.12,1.686,False,,True,unattributed,7,evt_01-P01_desk_work_surface_0002,7408a8cf0d9e5d58,pose_hand_context,,34447.4,3.45,,1,01/e1/v1,rtmpose_baseline
corpus_01,01.Candidate was found using a mobile phone in the examination hall..mkv,b842b03e5784d867e93770560d88150a526250df69077cd3065edbbd4c842098,dfine_sahi,62380.0,unknown_object,0.4096,961.15,429.23,1031.61,486.36,4024.8,70.45,57.13,1.233,False,,True,unattributed,7,evt_01-P01_desk_work_surface_0002,7408a8cf0d9e5d58,pose_hand_context,,34447.4,3.45,,1,01/e1/v1,rtmpose_baseline
corpus_01,01.Candidate was found using a mobile phone in the examination hall..mkv,b842b03e5784d867e93770560d88150a526250df69077cd3065edbbd4c842098,dfine_sahi,62380.0,unknown_object,0.4008,1042.66,510.1,1128.94,566.11,4832.9,86.28,56.01,1.54,False,,True,unattributed,7,evt_01-P01_desk_work_surface_0002,7408a8cf0d9e5d58,pose_hand_context,,34447.4,3.45,,1,01/e1/v1,rtmpose_baseline
corpus_01,01.Candidate was found using a mobile phone in the examination hall..mkv,b842b03e5784d867e93770560d88150a526250df69077cd3065edbbd4c842098,dfine_sahi,62380.0,phone,0.3955,1025.01,571.04,1070.04,600.18,1312.5,45.03,29.15,1.545,False,,True,unattributed,7,evt_01-P01_desk_work_surface_0002,7408a8cf0d9e5d58,pose_hand_context,,34447.4,3.45,,1,01/e1/v1,rtmpose_baseline
corpus_01,01.Candidate was found using a mobile phone in the examination hall..mkv,b842b03e5784d867e93770560d88150a526250df69077cd3065edbbd4c842098,dfine_sahi,62380.0,unknown_object,0.3417,1026.87,429.17,1128.56,479.99,5167.6,101.69,50.82,2.001,False,,True,unattributed,7,evt_01-P01_desk_work_surface_0002,7408a8cf0d9e5d58,pose_hand_context,,34447.4,3.45,,1,01/e1/v1,rtmpose_baseline
corpus_01,01.Candidate was found using a mobile phone in the examination hall..mkv,b842b03e5784d867e93770560d88150a526250df69077cd3065edbbd4c842098,dfine_sahi,62380.0,unknown_object,0.3213,1014.52,429.16,1047.98,532.48,3457.1,33.46,103.32,0.324,False,,True,unattributed,7,evt_01-P01_desk_work_surface_0002,7408a8cf0d9e5d58,pose_hand_context,,34447.4,3.45,,1,01/e1/v1,rtmpose_baseline
corpus_01,01.Candidate was found using a mobile phone in the examination hall..mkv,b842b03e5784d867e93770560d88150a526250df69077cd3065edbbd4c842098,dfine_sahi,62380.0,stationery,0.3174,1014.8,455.82,1047.93,532.46,2539.6,33.14,76.64,0.432,False,,True,unattributed,7,evt_01-P01_desk_work_surface_0002,7408a8cf0d9e5d58,pose_hand_context,,34447.4,3.45,,1,01/e1/v1,rtmpose_baseline
corpus_01,01.Candidate was found using a mobile phone in the examination hall..mkv,b842b03e5784d867e93770560d88150a526250df69077cd3065edbbd4c842098,dfine_sahi,62380.0,unknown_object,0.2723,1025.03,510.18,1129.01,613.41,10733.7,103.98,103.23,1.007,False,,True,unattributed,7,evt_01-P01_desk_work_surface_0002,7408a8cf0d9e5d58,pose_hand_context,,34447.4,3.45,,1,01/e1/v1,rtmpose_baseline
corpus_01,01.Candidate was found using a mobile phone in the examination hall..mkv,b842b03e5784d867e93770560d88150a526250df69077cd3065edbbd4c842098,dfine_sahi,62380.0,unknown_object,0.2584,1027.27,429.12,1047.98,479.31,1039.7,20.71,50.2,0.413,False,,True,unattributed,7,evt_01-P01_desk_work_surface_0002,7408a8cf0d9e5d58,pose_hand_context,,34447.4,3.45,,1,01/e1/v1,rtmpose_baseline
corpus_01,01.Candidate was found using a mobile phone in the examination hall..mkv,b842b03e5784d867e93770560d88150a526250df69077cd3065edbbd4c842098,dfine_sahi,62380.0,unknown_object,0.2522,1004.87,574.97,1048.0,613.35,1655.0,43.12,38.38,1.124,False,,True,unattributed,7,evt_01-P01_desk_work_surface_0002,7408a8cf0d9e5d58,pose_hand_context,,34447.4,3.45,,1,01/e1/v1,rtmpose_baseline
corpus_01,01.Candidate was found using a mobile phone in the examination hall..mkv,b842b03e5784d867e93770560d88150a526250df69077cd3065edbbd4c842098,dfine_sahi,62380.0,unknown_object,0.4862,515.87,624.37,575.55,705.73,4856.5,59.69,81.36,0.734,False,,True,unattributed,4,evt_01-P01_desk_work_surface_0002,b4a7c0490a197006,pose_hand_context,,13393.3,4.26,,1,01/e1/v1,rtmpose_baseline
corpus_01,01.Candidate was found using a mobile phone in the examination hall..mkv,b842b03e5784d867e93770560d88150a526250df69077cd3065edbbd4c842098,dfine_sahi,62380.0,unknown_object,0.4216,544.12,667.79,575.96,719.3,1639.8,31.84,51.51,0.618,False,,True,unattributed,4,evt_01-P01_desk_work_surface_0002,b4a7c0490a197006,pose_hand_context,,13393.3,4.26,,1,01/e1/v1,rtmpose_baseline
corpus_01,01.Candidate was found using a mobile phone in the examination hall..mkv,b842b03e5784d867e93770560d88150a526250df69077cd3065edbbd4c842098,dfine_sahi,62380.0,unknown_object,0.3294,564.48,684.31,592.0,719.78,975.9,27.52,35.46,0.776,False,,True,unattributed,4,evt_01-P01_desk_work_surface_0002,b4a7c0490a197006,pose_hand_context,,13393.3,4.26,,1,01/e1/v1,rtmpose_baseline
corpus_01,01.Candidate was found using a mobile phone in the examination hall..mkv,b842b03e5784d867e93770560d88150a526250df69077cd3065edbbd4c842098,dfine_sahi,62380.0,unknown_object,0.2945,607.38,624.36,639.95,668.64,1442.2,32.57,44.28,0.735,False,,True,unattributed,4,evt_01-P01_desk_work_surface_0002,b4a7c0490a197006,pose_hand_context,,13393.3,4.26,,1,01/e1/v1,rtmpose_baseline
corpus_01,01.Candidate was found using a mobile phone in the examination hall..mkv,b842b03e5784d867e93770560d88150a526250df69077cd3065edbbd4c842098,dfine_sahi,62380.0,mouse,0.7956,639.21,368.79,660.37,377.99,194.7,21.16,9.2,2.3,False,,True,unattributed,9,evt_01-P01_desk_work_surface_0002,e70214643370335b,native_source_context_fallback,wrist_confidence_below_floor,16993.7,3.39,,1,01/e1/v1,rtmpose_baseline
corpus_01,01.Candidate was found using a mobile phone in the examination hall..mkv,b842b03e5784d867e93770560d88150a526250df69077cd3065edbbd4c842098,dfine_sahi,62380.0,unknown_object,0.5593,629.96,407.24,689.95,493.63,5182.7,59.99,86.39,0.694,False,,True,unattributed,9,evt_01-P01_desk_work_surface_0002,e70214643370335b,native_source_context_fallback,wrist_confidence_below_floor,16993.7,3.39,,1,01/e1/v1,rtmpose_baseline
corpus_01,01.Candidate was found using a mobile phone in the examination hall..mkv,b842b03e5784d867e93770560d88150a526250df69077cd3065edbbd4c842098,dfine_sahi,62380.0,unknown_object,0.5272,604.92,363.8,667.06,410.8,2920.4,62.14,47.0,1.322,False,,True,unattributed,9,evt_01-P01_desk_work_surface_0002,e70214643370335b,native_source_context_fallback,wrist_confidence_below_floor,16993.7,3.39,,1,01/e1/v1,rtmpose_baseline
corpus_01,01.Candidate was found using a mobile phone in the examination hall..mkv,b842b03e5784d867e93770560d88150a526250df69077cd3065edbbd4c842098,dfine_sahi,62380.0,unknown_object,0.4424,643.9,365.13,666.89,408.06,986.6,22.99,42.92,0.535,False,,True,unattributed,9,evt_01-P01_desk_work_surface_0002,e70214643370335b,native_source_context_fallback,wrist_confidence_below_floor,16993.7,3.39,,1,01/e1/v1,rtmpose_baseline
corpus_01,01.Candidate was found using a mobile phone in the examination hall..mkv,b842b03e5784d867e93770560d88150a526250df69077cd3065edbbd4c842098,dfine_sahi,62380.0,unknown_object,0.4012,661.48,388.06,684.74,413.53,592.5,23.26,25.48,0.913,False,,True,unattributed,9,evt_01-P01_desk_work_surface_0002,e70214643370335b,native_source_context_fallback,wrist_confidence_below_floor,16993.7,3.39,,1,01/e1/v1,rtmpose_baseline
corpus_01,01.Candidate was found using a mobile phone in the examination hall..mkv,b842b03e5784d867e93770560d88150a526250df69077cd3065edbbd4c842098,dfine_sahi,62380.0,unknown_object,0.3231,678.3,356.79,739.95,410.63,3319.4,61.65,53.84,1.145,False,,True,unattributed,9,evt_01-P01_desk_work_surface_0002,e70214643370335b,native_source_context_fallback,wrist_confidence_below_floor,16993.7,3.39,,1,01/e1/v1,rtmpose_baseline
corpus_01,01.Candidate was found using a mobile phone in the examination hall..mkv,b842b03e5784d867e93770560d88150a526250df69077cd3065edbbd4c842098,dfine_sahi,62380.0,unknown_object,0.2684,691.31,317.72,733.54,345.96,1192.3,42.23,28.23,1.496,False,,True,unattributed,9,evt_01-P01_desk_work_surface_0002,e70214643370335b,native_source_context_fallback,wrist_confidence_below_floor,16993.7,3.39,,1,01/e1/v1,rtmpose_baseline
corpus_01,01.Candidate was found using a mobile phone in the examination hall..mkv,b842b03e5784d867e93770560d88150a526250df69077cd3065edbbd4c842098,dfine_sahi,62380.0,unknown_object,0.2656,643.96,388.06,663.77,408.34,402.0,19.82,20.29,0.977,False,,True,unattributed,9,evt_01-P01_desk_work_surface_0002,e70214643370335b,native_source_context_fallback,wrist_confidence_below_floor,16993.7,3.39,,1,01/e1/v1,rtmpose_baseline
corpus_01,01.Candidate was found using a mobile phone in the examination hall..mkv,b842b03e5784d867e93770560d88150a526250df69077cd3065edbbd4c842098,dfine_sahi,62380.0,unknown_object,0.2634,605.09,364.37,665.1,380.5,967.7,60.0,16.13,3.72,False,,True,unattributed,9,evt_01-P01_desk_work_surface_0002,e70214643370335b,native_source_context_fallback,wrist_confidence_below_floor,16993.7,3.39,,1,01/e1/v1,rtmpose_baseline
corpus_01,01.Candidate was found using a mobile phone in the examination hall..mkv,b842b03e5784d867e93770560d88150a526250df69077cd3065edbbd4c842098,dfine_sahi,62380.0,unknown_object,0.2599,604.94,388.08,664.34,464.7,4550.6,59.39,76.62,0.775,False,,True,unattributed,9,evt_01-P01_desk_work_surface_0002,e70214643370335b,native_source_context_fallback,wrist_confidence_below_floor,16993.7,3.39,,1,01/e1/v1,rtmpose_baseline
corpus_01,01.Candidate was found using a mobile phone in the examination hall..mkv,b842b03e5784d867e93770560d88150a526250df69077cd3065edbbd4c842098,dfine_sahi,62820.0,stationery,0.7594,1014.58,580.87,1057.45,607.83,1155.8,42.87,26.96,1.59,False,,True,unattributed,7,evt_01-P06_upper_body_0046,221354b10c45df1e,pose_hand_context,,35993.7,3.37,,1,01/e1/v1,rtmpose_baseline
corpus_01,01.Candidate was found using a mobile phone in the examination hall..mkv,b842b03e5784d867e93770560d88150a526250df69077cd3065edbbd4c842098,dfine_sahi,62820.0,unknown_object,0.7004,1022.04,578.69,1128.92,621.62,4588.9,106.88,42.94,2.489,False,,True,unattributed,7,evt_01-P06_upper_body_0046,221354b10c45df1e,pose_hand_context,,35993.7,3.37,,1,01/e1/v1,rtmpose_baseline
corpus_01,01.Candidate was found using a mobile phone in the examination hall..mkv,b842b03e5784d867e93770560d88150a526250df69077cd3065edbbd4c842098,dfine_sahi,62820.0,unknown_object,0.6757,1022.0,580.62,1058.09,605.04,881.5,36.1,24.42,1.478,False,,True,unattributed,7,evt_01-P06_upper_body_0046,221354b10c45df1e,pose_hand_context,,35993.7,3.37,,1,01/e1/v1,rtmpose_baseline
corpus_01,01.Candidate was found using a mobile phone in the examination hall..mkv,b842b03e5784d867e93770560d88150a526250df69077cd3065edbbd4c842098,dfine_sahi,62820.0,unknown_object,0.6199,1014.67,435.76,1128.86,579.78,16445.0,114.19,144.02,0.793,False,,True,unattributed,7,evt_01-P06_upper_body_0046,221354b10c45df1e,pose_hand_context,,35993.7,3.37,,1,01/e1/v1,rtmpose_baseline
corpus_01,01.Candidate was found using a mobile phone in the examination hall..mkv,b842b03e5784d867e93770560d88150a526250df69077cd3065edbbd4c842098,dfine_sahi,62820.0,unknown_object,0.4806,992.89,582.61,1045.93,621.84,2080.8,53.04,39.23,1.352,False,,True,unattributed,7,evt_01-P06_upper_body_0046,221354b10c45df1e,pose_hand_context,,35993.7,3.37,,1,01/e1/v1,rtmpose_baseline
corpus_01,01.Candidate was found using a mobile phone in the examination hall..mkv,b842b03e5784d867e93770560d88150a526250df69077cd3065edbbd4c842098,dfine_sahi,62820.0,stationery,0.4234,1015.02,457.27,1045.96,537.09,2469.8,30.94,79.82,0.388,False,,True,unattributed,7,evt_01-P06_upper_body_0046,221354b10c45df1e,pose_hand_context,,35993.7,3.37,,1,01/e1/v1,rtmpose_baseline
corpus_01,01.Candidate was found using a mobile phone in the examination hall..mkv,b842b03e5784d867e93770560d88150a526250df69077cd3065edbbd4c842098,dfine_sahi,62820.0,unknown_object,0.409,958.14,432.13,1031.8,486.3,3990.3,73.67,54.17,1.36,False,,True,unattributed,7,evt_01-P06_upper_body_0046,221354b10c45df1e,pose_hand_context,,35993.7,3.37,,1,01/e1/v1,rtmpose_baseline
corpus_01,01.Candidate was found using a mobile phone in the examination hall..mkv,b842b03e5784d867e93770560d88150a526250df69077cd3065edbbd4c842098,dfine_sahi,62820.0,unknown_object,0.4028,1022.42,576.42,1101.39,605.19,2271.9,78.97,28.77,2.745,False,,True,unattributed,7,evt_01-P06_upper_body_0046,221354b10c45df1e,pose_hand_context,,35993.7,3.37,,1,01/e1/v1,rtmpose_baseline
corpus_01,01.Candidate was found using a mobile phone in the examination hall..mkv,b842b03e5784d867e93770560d88150a526250df69077cd3065edbbd4c842098,dfine_sahi,62820.0,unknown_object,0.3844,964.15,484.39,1018.62,532.32,2610.5,54.47,47.92,1.137,False,,True,unattributed,7,evt_01-P06_upper_body_0046,221354b10c45df1e,pose_hand_context,,35993.7,3.37,,1,01/e1/v1,rtmpose_baseline
corpus_01,01.Candidate was found using a mobile phone in the examination hall..mkv,b842b03e5784d867e93770560d88150a526250df69077cd3065edbbd4c842098,dfine_sahi,62820.0,unknown_object,0.332,940.41,432.27,1032.34,532.63,9225.8,91.93,100.36,0.916,False,,True,unattributed,7,evt_01-P06_upper_body_0046,221354b10c45df1e,pose_hand_context,,35993.7,3.37,,1,01/e1/v1,rtmpose_baseline
corpus_01,01.Candidate was found using a mobile phone in the examination hall..mkv,b842b03e5784d867e93770560d88150a526250df69077cd3065edbbd4c842098,dfine_sahi,62820.0,unknown_object,0.3241,1039.46,515.15,1128.91,566.05,4553.4,89.45,50.91,1.757,False,,True,unattributed,7,evt_01-P06_upper_body_0046,221354b10c45df1e,pose_hand_context,,35993.7,3.37,,1,01/e1/v1,rtmpose_baseline
corpus_01,01.Candidate was found using a mobile phone in the examination hall..mkv,b842b03e5784d867e93770560d88150a526250df69077cd3065edbbd4c842098,dfine_sahi,62820.0,unknown_object,0.2888,1022.0,515.19,1129.0,621.5,11375.4,107.0,106.31,1.006,False,,True,unattributed,7,evt_01-P06_upper_body_0046,221354b10c45df1e,pose_hand_context,,35993.7,3.37,,1,01/e1/v1,rtmpose_baseline
corpus_01,01.Candidate was found using a mobile phone in the examination hall..mkv,b842b03e5784d867e93770560d88150a526250df69077cd3065edbbd4c842098,dfine_sahi,62820.0,unknown_object,0.2837,991.49,515.18,1045.94,621.51,5789.4,54.44,106.34,0.512,False,,True,unattributed,7,evt_01-P06_upper_body_0046,221354b10c45df1e,pose_hand_context,,35993.7,3.37,,1,01/e1/v1,rtmpose_baseline
corpus_01,01.Candidate was found using a mobile phone in the examination hall..mkv,b842b03e5784d867e93770560d88150a526250df69077cd3065edbbd4c842098,dfine_sahi,62820.0,mouse,0.791,639.17,368.82,660.51,378.1,197.9,21.35,9.27,2.302,False,,True,unattributed,5,evt_01-P06_upper_body_0046,801ab4eecd58f659,native_source_context_fallback,wrist_confidence_below_floor,8559.4,5.66,,1,01/e1/v1,rtmpose_baseline
corpus_01,01.Candidate was found using a mobile phone in the examination hall..mkv,b842b03e5784d867e93770560d88150a526250df69077cd3065edbbd4c842098,dfine_sahi,62820.0,unknown_object,0.5776,709.83,315.29,739.12,414.48,2904.6,29.28,99.18,0.295,False,,True,unattributed,5,evt_01-P06_upper_body_0046,801ab4eecd58f659,native_source_context_fallback,wrist_confidence_below_floor,8559.4,5.66,,1,01/e1/v1,rtmpose_baseline
corpus_01,01.Candidate was found using a mobile phone in the examination hall..mkv,b842b03e5784d867e93770560d88150a526250df69077cd3065edbbd4c842098,dfine_sahi,62820.0,unknown_object,0.5003,711.56,297.85,754.96,382.43,3670.7,43.4,84.58,0.513,False,,True,unattributed,5,evt_01-P06_upper_body_0046,801ab4eecd58f659,native_source_context_fallback,wrist_confidence_below_floor,8559.4,5.66,,1,01/e1/v1,rtmpose_baseline
corpus_01,01.Candidate was found using a mobile phone in the examination hall..mkv,b842b03e5784d867e93770560d88150a526250df69077cd3065edbbd4c842098,dfine_sahi,62820.0,unknown_object,0.4625,723.48,369.42,754.99,432.5,1988.1,31.51,63.09,0.5,False,,True,unattributed,5,evt_01-P06_upper_body_0046,801ab4eecd58f659,native_source_context_fallback,wrist_confidence_below_floor,8559.4,5.66,,1,01/e1/v1,rtmpose_baseline
corpus_01,01.Candidate was found using a mobile phone in the examination hall..mkv,b842b03e5784d867e93770560d88150a526250df69077cd3065edbbd4c842098,dfine_sahi,62820.0,unknown_object,0.4382,626.0,365.05,669.82,382.94,784.1,43.82,17.89,2.449,False,,True,unattributed,5,evt_01-P06_upper_body_0046,801ab4eecd58f659,native_source_context_fallback,wrist_confidence_below_floor,8559.4,5.66,,1,01/e1/v1,rtmpose_baseline
corpus_01,01.Candidate was found using a mobile phone in the examination hall..mkv,b842b03e5784d867e93770560d88150a526250df69077cd3065edbbd4c842098,dfine_sahi,62820.0,unknown_object,0.4175,626.0,287.12,721.9,382.5,9147.6,95.9,95.39,1.005,False,,True,unattributed,5,evt_01-P06_upper_body_0046,801ab4eecd58f659,native_source_context_fallback,wrist_confidence_below_floor,8559.4,5.66,,1,01/e1/v1,rtmpose_baseline
corpus_01,01.Candidate was found using a mobile phone in the examination hall..mkv,b842b03e5784d867e93770560d88150a526250df69077cd3065edbbd4c842098,dfine_sahi,62820.0,stationery,0.374,625.96,365.07,669.79,400.9,1570.2,43.83,35.83,1.223,False,,True,unattributed,5,evt_01-P06_upper_body_0046,801ab4eecd58f659,native_source_context_fallback,wrist_confidence_below_floor,8559.4,5.66,,1,01/e1/v1,rtmpose_baseline
corpus_01,01.Candidate was found using a mobile phone in the examination hall..mkv,b842b03e5784d867e93770560d88150a526250df69077cd3065edbbd4c842098,dfine_sahi,62820.0,unknown_object,0.3428,642.95,387.87,719.39,416.76,2208.2,76.44,28.89,2.646,False,,True,unattributed,5,evt_01-P06_upper_body_0046,801ab4eecd58f659,native_source_context_fallback,wrist_confidence_below_floor,8559.4,5.66,,1,01/e1/v1,rtmpose_baseline
corpus_01,01.Candidate was found using a mobile phone in the examination hall..mkv,b842b03e5784d867e93770560d88150a526250df69077cd3065edbbd4c842098,dfine_sahi,62820.0,stationery,0.3069,658.99,366.09,669.66,389.8,252.8,10.66,23.71,0.45,False,,True,unattributed,5,evt_01-P06_upper_body_0046,801ab4eecd58f659,native_source_context_fallback,wrist_confidence_below_floor,8559.4,5.66,,1,01/e1/v1,rtmpose_baseline
corpus_01,01.Candidate was found using a mobile phone in the examination hall..mkv,b842b03e5784d867e93770560d88150a526250df69077cd3065edbbd4c842098,dfine_sahi,62820.0,unknown_object,0.2751,659.01,366.3,669.82,382.99,180.3,10.8,16.7,0.647,False,,True,unattributed,5,evt_01-P06_upper_body_0046,801ab4eecd58f659,native_source_context_fallback,wrist_confidence_below_floor,8559.4,5.66,,1,01/e1/v1,rtmpose_baseline
corpus_01,01.Candidate was found using a mobile phone in the examination hall..mkv,b842b03e5784d867e93770560d88150a526250df69077cd3065edbbd4c842098,dfine_sahi,62820.0,unknown_object,0.2647,643.21,314.93,739.23,416.28,9731.3,96.02,101.34,0.947,False,,True,unattributed,5,evt_01-P06_upper_body_0046,801ab4eecd58f659,native_source_context_fallback,wrist_confidence_below_floor,8559.4,5.66,,1,01/e1/v1,rtmpose_baseline
corpus_01,01.Candidate was found using a mobile phone in the examination hall..mkv,b842b03e5784d867e93770560d88150a526250df69077cd3065edbbd4c842098,dfine_sahi,62820.0,unknown_object,0.3448,666.75,525.63,710.83,620.02,4160.3,44.08,94.39,0.467,False,,True,unattributed,4,evt_01-P06_upper_body_0046,bc152d83d87a30b6,pose_hand_context,,19544.0,4.58,,1,01/e1/v1,rtmpose_baseline
corpus_01,01.Candidate was found using a mobile phone in the examination hall..mkv,b842b03e5784d867e93770560d88150a526250df69077cd3065edbbd4c842098,dfine_sahi,62820.0,bag,0.3437,696.46,601.1,713.18,638.42,623.8,16.72,37.32,0.448,False,,True,unattributed,4,evt_01-P06_upper_body_0046,bc152d83d87a30b6,pose_hand_context,,19544.0,4.58,,1,01/e1/v1,rtmpose_baseline
corpus_01,01.Candidate was found using a mobile phone in the examination hall..mkv,b842b03e5784d867e93770560d88150a526250df69077cd3065edbbd4c842098,dfine_sahi,62820.0,unknown_object,0.2921,699.2,582.74,711.99,620.61,484.2,12.79,37.87,0.338,False,,True,unattributed,4,evt_01-P06_upper_body_0046,bc152d83d87a30b6,pose_hand_context,,19544.0,4.58,,1,01/e1/v1,rtmpose_baseline
corpus_01,01.Candidate was found using a mobile phone in the examination hall..mkv,b842b03e5784d867e93770560d88150a526250df69077cd3065edbbd4c842098,dfine_sahi,62820.0,unknown_object,0.2705,660.94,534.1,764.73,671.79,14289.6,103.78,137.69,0.754,False,,True,unattributed,4,evt_01-P06_upper_body_0046,bc152d83d87a30b6,pose_hand_context,,19544.0,4.58,,1,01/e1/v1,rtmpose_baseline
corpus_01,01.Candidate was found using a mobile phone in the examination hall..mkv,b842b03e5784d867e93770560d88150a526250df69077cd3065edbbd4c842098,dfine_sahi,62820.0,unknown_object,0.2608,690.01,623.76,706.11,681.66,932.0,16.1,57.9,0.278,False,,True,unattributed,4,evt_01-P06_upper_body_0046,bc152d83d87a30b6,pose_hand_context,,19544.0,4.58,,1,01/e1/v1,rtmpose_baseline
corpus_01,01.Candidate was found using a mobile phone in the examination hall..mkv,b842b03e5784d867e93770560d88150a526250df69077cd3065edbbd4c842098,dfine_sahi,62820.0,mouse,0.8306,639.1,368.86,660.36,377.96,193.5,21.26,9.1,2.336,False,,True,unattributed,9,evt_01-P06_upper_body_0046,fec58d5f8963d82a,native_source_context_fallback,wrist_confidence_below_floor,16990.1,3.56,,1,01/e1/v1,rtmpose_baseline
corpus_01,01.Candidate was found using a mobile phone in the examination hall..mkv,b842b03e5784d867e93770560d88150a526250df69077cd3065edbbd4c842098,dfine_sahi,62820.0,unknown_object,0.5658,711.01,303.23,767.81,404.55,5754.7,56.79,101.33,0.561,False,,True,unattributed,9,evt_01-P06_upper_body_0046,fec58d5f8963d82a,native_source_context_fallback,wrist_confidence_below_floor,16990.1,3.56,,1,01/e1/v1,rtmpose_baseline
corpus_01,01.Candidate was found using a mobile phone in the examination hall..mkv,b842b03e5784d867e93770560d88150a526250df69077cd3065edbbd4c842098,dfine_sahi,62820.0,unknown_object,0.5075,630.88,384.67,723.52,482.12,9028.4,92.64,97.45,0.951,False,,True,unattributed,9,evt_01-P06_upper_body_0046,fec58d5f8963d82a,native_source_context_fallback,wrist_confidence_below_floor,16990.1,3.56,,1,01/e1/v1,rtmpose_baseline
corpus_01,01.Candidate was found using a mobile phone in the examination hall..mkv,b842b03e5784d867e93770560d88150a526250df69077cd3065edbbd4c842098,dfine_sahi,62820.0,unknown_object,0.4744,672.2,382.46,752.79,482.43,8056.8,80.59,99.97,0.806,False,,True,unattributed,9,evt_01-P06_upper_body_0046,fec58d5f8963d82a,native_source_context_fallback,wrist_confidence_below_floor,16990.1,3.56,,1,01/e1/v1,rtmpose_baseline
corpus_01,01.Candidate was found using a mobile phone in the examination hall..mkv,b842b03e5784d867e93770560d88150a526250df69077cd3065edbbd4c842098,dfine_sahi,62820.0,unknown_object,0.4401,651.9,365.73,669.79,389.87,431.8,17.89,24.13,0.741,False,,True,unattributed,9,evt_01-P06_upper_body_0046,fec58d5f8963d82a,native_source_context_fallback,wrist_confidence_below_floor,16990.1,3.56,,1,01/e1/v1,rtmpose_baseline
corpus_01,01.Candidate was found using a mobile phone in the examination hall..mkv,b842b03e5784d867e93770560d88150a526250df69077cd3065edbbd4c842098,dfine_sahi,62820.0,unknown_object,0.3234,662.4,463.24,686.85,482.98,482.8,24.46,19.74,1.239,False,,True,unattributed,9,evt_01-P06_upper_body_0046,fec58d5f8963d82a,native_source_context_fallback,wrist_confidence_below_floor,16990.1,3.56,,1,01/e1/v1,rtmpose_baseline
corpus_01,01.Candidate was found using a mobile phone in the examination hall..mkv,b842b03e5784d867e93770560d88150a526250df69077cd3065edbbd4c842098,dfine_sahi,62820.0,stationery,0.3046,630.92,365.18,669.73,396.32,1208.9,38.81,31.15,1.246,False,,True,unattributed,9,evt_01-P06_upper_body_0046,fec58d5f8963d82a,native_source_context_fallback,wrist_confidence_below_floor,16990.1,3.56,,1,01/e1/v1,rtmpose_baseline
corpus_01,01.Candidate was found using a mobile phone in the examination hall..mkv,b842b03e5784d867e93770560d88150a526250df69077cd3065edbbd4c842098,dfine_sahi,62820.0,unknown_object,0.2941,724.03,369.67,747.9,406.99,890.9,23.87,37.32,0.64,False,,True,unattributed,9,evt_01-P06_upper_body_0046,fec58d5f8963d82a,native_source_context_fallback,wrist_confidence_below_floor,16990.1,3.56,,1,01/e1/v1,rtmpose_baseline
corpus_01,01.Candidate was found using a mobile phone in the examination hall..mkv,b842b03e5784d867e93770560d88150a526250df69077cd3065edbbd4c842098,dfine_sahi,62820.0,unknown_object,0.2672,725.22,399.15,747.88,444.34,1024.1,22.66,45.18,0.502,False,,True,unattributed,9,evt_01-P06_upper_body_0046,fec58d5f8963d82a,native_source_context_fallback,wrist_confidence_below_floor,16990.1,3.56,,1,01/e1/v1,rtmpose_baseline
corpus_01,01.Candidate was found using a mobile phone in the examination hall..mkv,b842b03e5784d867e93770560d88150a526250df69077cd3065edbbd4c842098,dfine_sahi,62860.0,unknown_object,0.857,1015.16,436.23,1127.87,579.99,16203.7,112.71,143.76,0.784,False,,True,unattributed,7,evt_01-P02_upper_body_0012,3f7998749f9cf25b,pose_hand_context,,34663.0,3.44,,1,01/e1/v1,rtmpose_baseline
corpus_01,01.Candidate was found using a mobile phone in the examination hall..mkv,b842b03e5784d867e93770560d88150a526250df69077cd3065edbbd4c842098,dfine_sahi,62860.0,unknown_object,0.686,1023.04,578.35,1127.94,619.09,4273.6,104.9,40.74,2.575,False,,True,unattributed,7,evt_01-P02_upper_body_0012,3f7998749f9cf25b,pose_hand_context,,34663.0,3.44,,1,01/e1/v1,rtmpose_baseline
corpus_01,01.Candidate was found using a mobile phone in the examination hall..mkv,b842b03e5784d867e93770560d88150a526250df69077cd3065edbbd4c842098,dfine_sahi,62860.0,unknown_object,0.671,995.55,583.27,1056.99,619.78,2243.1,61.44,36.51,1.683,False,,True,unattributed,7,evt_01-P02_upper_body_0012,3f7998749f9cf25b,pose_hand_context,,34663.0,3.44,,1,01/e1/v1,rtmpose_baseline
corpus_01,01.Candidate was found using a mobile phone in the examination hall..mkv,b842b03e5784d867e93770560d88150a526250df69077cd3065edbbd4c842098,dfine_sahi,62860.0,unknown_object,0.4895,963.16,484.45,1018.19,532.42,2640.1,55.03,47.97,1.147,False,,True,unattributed,7,evt_01-P02_upper_body_0012,3f7998749f9cf25b,pose_hand_context,,34663.0,3.44,,1,01/e1/v1,rtmpose_baseline
corpus_01,01.Candidate was found using a mobile phone in the examination hall..mkv,b842b03e5784d867e93770560d88150a526250df69077cd3065edbbd4c842098,dfine_sahi,62860.0,unknown_object,0.4387,1039.15,516.1,1127.9,565.93,4421.8,88.75,49.82,1.781,False,,True,unattributed,7,evt_01-P02_upper_body_0012,3f7998749f9cf25b,pose_hand_context,,34663.0,3.44,,1,01/e1/v1,rtmpose_baseline
corpus_01,01.Candidate was found using a mobile phone in the examination hall..mkv,b842b03e5784d867e93770560d88150a526250df69077cd3065edbbd4c842098,dfine_sahi,62860.0,bag,0.3746,962.32,482.85,1018.75,531.45,2742.3,56.43,48.6,1.161,False,,True,unattributed,7,evt_01-P02_upper_body_0012,3f7998749f9cf25b,pose_hand_context,,34663.0,3.44,,1,01/e1/v1,rtmpose_baseline
corpus_01,01.Candidate was found using a mobile phone in the examination hall..mkv,b842b03e5784d867e93770560d88150a526250df69077cd3065edbbd4c842098,dfine_sahi,62860.0,unknown_object,0.3457,980.85,434.22,1031.95,485.12,2601.2,51.1,50.9,1.004,False,,True,unattributed,7,evt_01-P02_upper_body_0012,3f7998749f9cf25b,pose_hand_context,,34663.0,3.44,,1,01/e1/v1,rtmpose_baseline
corpus_01,01.Candidate was found using a mobile phone in the examination hall..mkv,b842b03e5784d867e93770560d88150a526250df69077cd3065edbbd4c842098,dfine_sahi,62860.0,unknown_object,0.2976,1023.05,516.04,1127.97,618.86,10787.8,104.92,102.82,1.021,False,,True,unattributed,7,evt_01-P02_upper_body_0012,3f7998749f9cf25b,pose_hand_context,,34663.0,3.44,,1,01/e1/v1,rtmpose_baseline
corpus_01,01.Candidate was found using a mobile phone in the examination hall..mkv,b842b03e5784d867e93770560d88150a526250df69077cd3065edbbd4c842098,dfine_sahi,62860.0,unknown_object,0.281,961.95,484.46,1018.47,614.85,7370.5,56.52,130.4,0.433,False,,True,unattributed,7,evt_01-P02_upper_body_0012,3f7998749f9cf25b,pose_hand_context,,34663.0,3.44,,1,01/e1/v1,rtmpose_baseline
corpus_01,01.Candidate was found using a mobile phone in the examination hall..mkv,b842b03e5784d867e93770560d88150a526250df69077cd3065edbbd4c842098,dfine_sahi,62860.0,unknown_object,0.2786,946.42,434.26,1032.66,533.47,8554.7,86.23,99.2,0.869,False,,True,unattributed,7,evt_01-P02_upper_body_0012,3f7998749f9cf25b,pose_hand_context,,34663.0,3.44,,1,01/e1/v1,rtmpose_baseline
corpus_01,01.Candidate was found using a mobile phone in the examination hall..mkv,b842b03e5784d867e93770560d88150a526250df69077cd3065edbbd4c842098,dfine_sahi,62860.0,unknown_object,0.2622,993.51,516.37,1045.94,619.44,5403.8,52.43,103.06,0.509,False,,True,unattributed,7,evt_01-P02_upper_body_0012,3f7998749f9cf25b,pose_hand_context,,34663.0,3.44,,1,01/e1/v1,rtmpose_baseline
corpus_01,01.Candidate was found using a mobile phone in the examination hall..mkv,b842b03e5784d867e93770560d88150a526250df69077cd3065edbbd4c842098,dfine_sahi,62860.0,stationery,0.2591,1014.84,458.8,1046.02,537.67,2459.2,31.18,78.87,0.395,False,,True,unattributed,7,evt_01-P02_upper_body_0012,3f7998749f9cf25b,pose_hand_context,,34663.0,3.44,,1,01/e1/v1,rtmpose_baseline
corpus_01,01.Candidate was found using a mobile phone in the examination hall..mkv,b842b03e5784d867e93770560d88150a526250df69077cd3065edbbd4c842098,dfine_sahi,62860.0,unknown_object,0.2514,1026.45,434.1,1125.01,480.91,4613.1,98.56,46.8,2.106,False,,True,unattributed,7,evt_01-P02_upper_body_0012,3f7998749f9cf25b,pose_hand_context,,34663.0,3.44,,1,01/e1/v1,rtmpose_baseline
corpus_01,01.Candidate was found using a mobile phone in the examination hall..mkv,b842b03e5784d867e93770560d88150a526250df69077cd3065edbbd4c842098,dfine_sahi,62860.0,unknown_object,0.3837,684.18,532.13,762.95,585.52,4205.6,78.77,53.39,1.475,False,,True,unattributed,4,evt_01-P02_upper_body_0012,4d0675f76ce0e780,pose_hand_context,,20834.0,4.43,,1,01/e1/v1,rtmpose_baseline
corpus_01,01.Candidate was found using a mobile phone in the examination hall..mkv,b842b03e5784d867e93770560d88150a526250df69077cd3065edbbd4c842098,dfine_sahi,62860.0,bag,0.2799,652.04,532.17,707.97,646.39,6387.5,55.92,114.22,0.49,False,,True,unattributed,4,evt_01-P02_upper_body_0012,4d0675f76ce0e780,pose_hand_context,,20834.0,4.43,,1,01/e1/v1,rtmpose_baseline
corpus_01,01.Candidate was found using a mobile phone in the examination hall..mkv,b842b03e5784d867e93770560d88150a526250df69077cd3065edbbd4c842098,dfine_sahi,62860.0,mouse,0.8155,639.3,368.86,660.33,377.97,191.6,21.02,9.11,2.307,False,,True,unattributed,9,evt_01-P02_upper_body_0012,e3d965dea6cc52d1,native_source_context_fallback,wrist_confidence_below_floor,17391.0,3.5,,1,01/e1/v1,rtmpose_baseline
corpus_01,01.Candidate was found using a mobile phone in the examination hall..mkv,b842b03e5784d867e93770560d88150a526250df69077cd3065edbbd4c842098,dfine_sahi,62860.0,unknown_object,0.4492,685.83,414.66,746.63,485.02,4277.7,60.8,70.36,0.864,False,,True,unattributed,9,evt_01-P02_upper_body_0012,e3d965dea6cc52d1,native_source_context_fallback,wrist_confidence_below_floor,17391.0,3.5,,1,01/e1/v1,rtmpose_baseline
corpus_01,01.Candidate was found using a mobile phone in the examination hall..mkv,b842b03e5784d867e93770560d88150a526250df69077cd3065edbbd4c842098,dfine_sahi,62860.0,unknown_object,0.4103,712.37,303.22,768.92,405.44,5780.1,56.55,102.22,0.553,False,,True,unattributed,9,evt_01-P02_upper_body_0012,e3d965dea6cc52d1,native_source_context_fallback,wrist_confidence_below_floor,17391.0,3.5,,1,01/e1/v1,rtmpose_baseline
corpus_01,01.Candidate was found using a mobile phone in the examination hall..mkv,b842b03e5784d867e93770560d88150a526250df69077cd3065edbbd4c842098,dfine_sahi,62860.0,stationery,0.4032,631.92,365.2,670.17,395.25,1149.4,38.25,30.05,1.273,False,,True,unattributed,9,evt_01-P02_upper_body_0012,e3d965dea6cc52d1,native_source_context_fallback,wrist_confidence_below_floor,17391.0,3.5,,1,01/e1/v1,rtmpose_baseline
corpus_01,01.Candidate was found using a mobile phone in the examination hall..mkv,b842b03e5784d867e93770560d88150a526250df69077cd3065edbbd4c842098,dfine_sahi,62860.0,unknown_object,0.3892,651.91,365.39,670.26,390.72,464.9,18.35,25.33,0.724,False,,True,unattributed,9,evt_01-P02_upper_body_0012,e3d965dea6cc52d1,native_source_context_fallback,wrist_confidence_below_floor,17391.0,3.5,,1,01/e1/v1,rtmpose_baseline
corpus_01,01.Candidate was found using a mobile phone in the examination hall..mkv,b842b03e5784d867e93770560d88150a526250df69077cd3065edbbd4c842098,dfine_sahi,62860.0,unknown_object,0.3674,708.73,337.34,730.76,359.01,477.3,22.03,21.67,1.016,False,,True,unattributed,9,evt_01-P02_upper_body_0012,e3d965dea6cc52d1,native_source_context_fallback,wrist_confidence_below_floor,17391.0,3.5,,1,01/e1/v1,rtmpose_baseline
corpus_01,01.Candidate was found using a mobile phone in the examination hall..mkv,b842b03e5784d867e93770560d88150a526250df69077cd3065edbbd4c842098,dfine_sahi,62860.0,unknown_object,0.3601,711.29,414.76,745.98,456.34,1442.3,34.69,41.57,0.834,False,,True,unattributed,9,evt_01-P02_upper_body_0012,e3d965dea6cc52d1,native_source_context_fallback,wrist_confidence_below_floor,17391.0,3.5,,1,01/e1/v1,rtmpose_baseline
corpus_01,01.Candidate was found using a mobile phone in the examination hall..mkv,b842b03e5784d867e93770560d88150a526250df69077cd3065edbbd4c842098,dfine_sahi,62860.0,unknown_object,0.3006,632.0,387.29,717.31,484.39,8283.9,85.32,97.1,0.879,False,,True,unattributed,9,evt_01-P02_upper_body_0012,e3d965dea6cc52d1,native_source_context_fallback,wrist_confidence_below_floor,17391.0,3.5,,1,01/e1/v1,rtmpose_baseline
corpus_01,01.Candidate was found using a mobile phone in the examination hall..mkv,b842b03e5784d867e93770560d88150a526250df69077cd3065edbbd4c842098,dfine_sahi,62860.0,unknown_object,0.2975,689.74,331.59,709.36,353.68,433.3,19.62,22.09,0.888,False,,True,unattributed,9,evt_01-P02_upper_body_0012,e3d965dea6cc52d1,native_source_context_fallback,wrist_confidence_below_floor,17391.0,3.5,,1,01/e1/v1,rtmpose_baseline
corpus_01,01.Candidate was found using a mobile phone in the examination hall..mkv,b842b03e5784d867e93770560d88150a526250df69077cd3065edbbd4c842098,dfine_sahi,62860.0,unknown_object,0.2935,655.35,331.73,709.96,366.68,1908.8,54.61,34.95,1.562,False,,True,unattributed,9,evt_01-P02_upper_body_0012,e3d965dea6cc52d1,native_source_context_fallback,wrist_confidence_below_floor,17391.0,3.5,,1,01/e1/v1,rtmpose_baseline
corpus_01,01.Candidate was found using a mobile phone in the examination hall..mkv,b842b03e5784d867e93770560d88150a526250df69077cd3065edbbd4c842098,dfine_sahi,62860.0,unknown_object,0.2885,723.89,369.44,748.1,444.91,1827.4,24.21,75.47,0.321,False,,True,unattributed,9,evt_01-P02_upper_body_0012,e3d965dea6cc52d1,native_source_context_fallback,wrist_confidence_below_floor,17391.0,3.5,,1,01/e1/v1,rtmpose_baseline
corpus_01,01.Candidate was found using a mobile phone in the examination hall..mkv,b842b03e5784d867e93770560d88150a526250df69077cd3065edbbd4c842098,dfine_sahi,62860.0,phone,0.2855,686.25,331.97,693.34,346.63,104.1,7.1,14.67,0.484,True,object footprint 104 px is under the 120 px floor for a call,False,unattributed,9,evt_01-P02_upper_body_0012,e3d965dea6cc52d1,native_source_context_fallback,wrist_confidence_below_floor,17391.0,3.5,,1,01/e1/v1,rtmpose_baseline
corpus_01,01.Candidate was found using a mobile phone in the examination hall..mkv,b842b03e5784d867e93770560d88150a526250df69077cd3065edbbd4c842098,dfine_sahi,62860.0,unknown_object,0.284,631.49,303.21,728.08,404.96,9827.6,96.59,101.74,0.949,False,,True,unattributed,9,evt_01-P02_upper_body_0012,e3d965dea6cc52d1,native_source_context_fallback,wrist_confidence_below_floor,17391.0,3.5,,1,01/e1/v1,rtmpose_baseline
corpus_01,01.Candidate was found using a mobile phone in the examination hall..mkv,b842b03e5784d867e93770560d88150a526250df69077cd3065edbbd4c842098,dfine_sahi,62860.0,unknown_object,0.275,723.18,369.05,760.18,405.69,1355.7,37.0,36.64,1.01,False,,True,unattributed,9,evt_01-P02_upper_body_0012,e3d965dea6cc52d1,native_source_context_fallback,wrist_confidence_below_floor,17391.0,3.5,,1,01/e1/v1,rtmpose_baseline
corpus_01,01.Candidate was found using a mobile phone in the examination hall..mkv,b842b03e5784d867e93770560d88150a526250df69077cd3065edbbd4c842098,dfine_sahi,62860.0,unknown_object,0.258,711.37,322.71,739.57,400.49,2193.5,28.2,77.78,0.363,False,,True,unattributed,9,evt_01-P02_upper_body_0012,e3d965dea6cc52d1,native_source_context_fallback,wrist_confidence_below_floor,17391.0,3.5,,1,01/e1/v1,rtmpose_baseline
corpus_01,01.Candidate was found using a mobile phone in the examination hall..mkv,b842b03e5784d867e93770560d88150a526250df69077cd3065edbbd4c842098,dfine_sahi,62860.0,unknown_object,0.2505,673.04,383.04,727.1,416.99,1835.2,54.06,33.95,1.593,False,,True,unattributed,9,evt_01-P02_upper_body_0012,e3d965dea6cc52d1,native_source_context_fallback,wrist_confidence_below_floor,17391.0,3.5,,1,01/e1/v1,rtmpose_baseline
corpus_01,01.Candidate was found using a mobile phone in the examination hall..mkv,b842b03e5784d867e93770560d88150a526250df69077cd3065edbbd4c842098,dfine_sahi,62860.0,unknown_object,0.2505,690.04,331.34,726.7,359.14,1019.0,36.66,27.8,1.319,False,,True,unattributed,9,evt_01-P02_upper_body_0012,e3d965dea6cc52d1,native_source_context_fallback,wrist_confidence_below_floor,17391.0,3.5,,1,01/e1/v1,rtmpose_baseline
corpus_01,01.Candidate was found using a mobile phone in the examination hall..mkv,b842b03e5784d867e93770560d88150a526250df69077cd3065edbbd4c842098,dfine_sahi,63340.0,unknown_object,0.5922,1015.07,436.68,1136.85,566.25,15779.6,121.78,129.57,0.94,False,,True,unattributed,7,evt_01-P03_upper_body_0019,24332faae3befd76,pose_hand_context,,40618.4,3.18,,1,01/e1/v1,rtmpose_baseline
corpus_01,01.Candidate was found using a mobile phone in the examination hall..mkv,b842b03e5784d867e93770560d88150a526250df69077cd3065edbbd4c842098,dfine_sahi,63340.0,unknown_object,0.5569,957.55,484.53,1017.51,531.95,2843.0,59.96,47.42,1.264,False,,True,unattributed,7,evt_01-P03_upper_body_0019,24332faae3befd76,pose_hand_context,,40618.4,3.18,,1,01/e1/v1,rtmpose_baseline
corpus_01,01.Candidate was found using a mobile phone in the examination hall..mkv,b842b03e5784d867e93770560d88150a526250df69077cd3065edbbd4c842098,dfine_sahi,63340.0,unknown_object,0.5489,990.8,585.97,1048.93,636.69,2948.4,58.13,50.72,1.146,False,,True,unattributed,7,evt_01-P03_upper_body_0019,24332faae3befd76,pose_hand_context,,40618.4,3.18,,1,01/e1/v1,rtmpose_baseline
corpus_01,01.Candidate was found using a mobile phone in the examination hall..mkv,b842b03e5784d867e93770560d88150a526250df69077cd3065edbbd4c842098,dfine_sahi,63340.0,unknown_object,0.4775,1039.89,523.08,1136.92,581.58,5676.4,97.03,58.5,1.659,False,,True,unattributed,7,evt_01-P03_upper_body_0019,24332faae3befd76,pose_hand_context,,40618.4,3.18,,1,01/e1/v1,rtmpose_baseline
corpus_01,01.Candidate was found using a mobile phone in the examination hall..mkv,b842b03e5784d867e93770560d88150a526250df69077cd3065edbbd4c842098,dfine_sahi,63340.0,unknown_object,0.4545,1024.0,577.15,1136.79,636.62,6708.6,112.79,59.48,1.896,False,,True,unattributed,7,evt_01-P03_upper_body_0019,24332faae3befd76,pose_hand_context,,40618.4,3.18,,1,01/e1/v1,rtmpose_baseline
corpus_01,01.Candidate was found using a mobile phone in the examination hall..mkv,b842b03e5784d867e93770560d88150a526250df69077cd3065edbbd4c842098,dfine_sahi,63340.0,unknown_object,0.355,950.02,435.09,1031.91,486.07,4175.7,81.9,50.99,1.606,False,,True,unattributed,7,evt_01-P03_upper_body_0019,24332faae3befd76,pose_hand_context,,40618.4,3.18,,1,01/e1/v1,rtmpose_baseline
corpus_01,01.Candidate was found using a mobile phone in the examination hall..mkv,b842b03e5784d867e93770560d88150a526250df69077cd3065edbbd4c842098,dfine_sahi,63340.0,unknown_object,0.346,1014.96,454.17,1048.95,538.44,2864.1,33.99,84.27,0.403,False,,True,unattributed,7,evt_01-P03_upper_body_0019,24332faae3befd76,pose_hand_context,,40618.4,3.18,,1,01/e1/v1,rtmpose_baseline
corpus_01,01.Candidate was found using a mobile phone in the examination hall..mkv,b842b03e5784d867e93770560d88150a526250df69077cd3065edbbd4c842098,dfine_sahi,63340.0,bag,0.3292,956.42,482.61,1019.02,531.26,3045.1,62.59,48.65,1.287,False,,True,unattributed,7,evt_01-P03_upper_body_0019,24332faae3befd76,pose_hand_context,,40618.4,3.18,,1,01/e1/v1,rtmpose_baseline
corpus_01,01.Candidate was found using a mobile phone in the examination hall..mkv,b842b03e5784d867e93770560d88150a526250df69077cd3065edbbd4c842098,dfine_sahi,63340.0,unknown_object,0.3155,970.97,552.48,995.44,582.11,724.9,24.47,29.63,0.826,False,,True,unattributed,7,evt_01-P03_upper_body_0019,24332faae3befd76,pose_hand_context,,40618.4,3.18,,1,01/e1/v1,rtmpose_baseline
corpus_01,01.Candidate was found using a mobile phone in the examination hall..mkv,b842b03e5784d867e93770560d88150a526250df69077cd3065edbbd4c842098,dfine_sahi,63340.0,unknown_object,0.291,1026.44,435.07,1135.14,480.05,4889.2,108.7,44.98,2.417,False,,True,unattributed,7,evt_01-P03_upper_body_0019,24332faae3befd76,pose_hand_context,,40618.4,3.18,,1,01/e1/v1,rtmpose_baseline
corpus_01,01.Candidate was found using a mobile phone in the examination hall..mkv,b842b03e5784d867e93770560d88150a526250df69077cd3065edbbd4c842098,dfine_sahi,63340.0,unknown_object,0.2819,952.28,435.08,1048.88,537.1,9855.1,96.6,102.02,0.947,False,,True,unattributed,7,evt_01-P03_upper_body_0019,24332faae3befd76,pose_hand_context,,40618.4,3.18,,1,01/e1/v1,rtmpose_baseline
corpus_01,01.Candidate was found using a mobile phone in the examination hall..mkv,b842b03e5784d867e93770560d88150a526250df69077cd3065edbbd4c842098,dfine_sahi,63340.0,unknown_object,0.2782,935.32,560.48,1048.93,636.58,8646.2,113.61,76.1,1.493,False,,True,unattributed,7,evt_01-P03_upper_body_0019,24332faae3befd76,pose_hand_context,,40618.4,3.18,,1,01/e1/v1,rtmpose_baseline
corpus_01,01.Candidate was found using a mobile phone in the examination hall..mkv,b842b03e5784d867e93770560d88150a526250df69077cd3065edbbd4c842098,dfine_sahi,63340.0,unknown_object,0.2689,1024.13,576.29,1101.63,602.61,2039.6,77.5,26.32,2.945,False,,True,unattributed,7,evt_01-P03_upper_body_0019,24332faae3befd76,pose_hand_context,,40618.4,3.18,,1,01/e1/v1,rtmpose_baseline
corpus_01,01.Candidate was found using a mobile phone in the examination hall..mkv,b842b03e5784d867e93770560d88150a526250df69077cd3065edbbd4c842098,dfine_sahi,63340.0,unknown_object,0.258,981.28,435.12,1031.3,468.4,1665.1,50.03,33.28,1.503,False,,True,unattributed,7,evt_01-P03_upper_body_0019,24332faae3befd76,pose_hand_context,,40618.4,3.18,,1,01/e1/v1,rtmpose_baseline
corpus_01,01.Candidate was found using a mobile phone in the examination hall..mkv,b842b03e5784d867e93770560d88150a526250df69077cd3065edbbd4c842098,dfine_sahi,63340.0,unknown_object,0.2573,987.69,569.36,1011.66,619.81,1209.5,23.97,50.45,0.475,False,,True,unattributed,7,evt_01-P03_upper_body_0019,24332faae3befd76,pose_hand_context,,40618.4,3.18,,1,01/e1/v1,rtmpose_baseline
corpus_01,01.Candidate was found using a mobile phone in the examination hall..mkv,b842b03e5784d867e93770560d88150a526250df69077cd3065edbbd4c842098,dfine_sahi,63340.0,unknown_object,0.5774,707.66,558.12,804.19,586.34,2724.3,96.53,28.22,3.42,False,,True,unattributed,4,evt_01-P03_upper_body_0019,8c2733e017393639,pose_hand_context,,20534.9,4.47,,1,01/e1/v1,rtmpose_baseline
corpus_01,01.Candidate was found using a mobile phone in the examination hall..mkv,b842b03e5784d867e93770560d88150a526250df69077cd3065edbbd4c842098,dfine_sahi,63340.0,bag,0.493,672.43,558.28,704.56,679.68,3899.9,32.13,121.39,0.265,False,,True,unattributed,4,evt_01-P03_upper_body_0019,8c2733e017393639,pose_hand_context,,20534.9,4.47,,1,01/e1/v1,rtmpose_baseline
corpus_01,01.Candidate was found using a mobile phone in the examination hall..mkv,b842b03e5784d867e93770560d88150a526250df69077cd3065edbbd4c842098,dfine_sahi,63340.0,unknown_object,0.4902,749.48,550.05,804.16,568.43,1005.4,54.68,18.39,2.974,False,,True,unattributed,4,evt_01-P03_upper_body_0019,8c2733e017393639,pose_hand_context,,20534.9,4.47,,1,01/e1/v1,rtmpose_baseline
corpus_01,01.Candidate was found using a mobile phone in the examination hall..mkv,b842b03e5784d867e93770560d88150a526250df69077cd3065edbbd4c842098,dfine_sahi,63340.0,unknown_object,0.4712,667.33,550.14,703.69,645.48,3466.5,36.36,95.34,0.381,False,,True,unattributed,4,evt_01-P03_upper_body_0019,8c2733e017393639,pose_hand_context,,20534.9,4.47,,1,01/e1/v1,rtmpose_baseline
corpus_01,01.Candidate was found using a mobile phone in the examination hall..mkv,b842b03e5784d867e93770560d88150a526250df69077cd3065edbbd4c842098,dfine_sahi,63340.0,unknown_object,0.3998,722.03,604.28,774.45,645.74,2174.0,52.43,41.47,1.264,False,,True,unattributed,4,evt_01-P03_upper_body_0019,8c2733e017393639,pose_hand_context,,20534.9,4.47,,1,01/e1/v1,rtmpose_baseline
corpus_01,01.Candidate was found using a mobile phone in the examination hall..mkv,b842b03e5784d867e93770560d88150a526250df69077cd3065edbbd4c842098,dfine_sahi,63340.0,unknown_object,0.3167,667.25,550.23,754.79,645.58,8347.0,87.54,95.35,0.918,False,,True,unattributed,4,evt_01-P03_upper_body_0019,8c2733e017393639,pose_hand_context,,20534.9,4.47,,1,01/e1/v1,rtmpose_baseline
corpus_01,01.Candidate was found using a mobile phone in the examination hall..mkv,b842b03e5784d867e93770560d88150a526250df69077cd3065edbbd4c842098,dfine_sahi,63340.0,mouse,0.8107,639.58,368.89,660.25,377.67,181.5,20.67,8.78,2.354,False,,True,unattributed,9,evt_01-P03_upper_body_0019,c30f76042b5728b8,native_source_context_fallback,wrist_confidence_below_floor,18649.5,3.43,,1,01/e1/v1,rtmpose_baseline
corpus_01,01.Candidate was found using a mobile phone in the examination hall..mkv,b842b03e5784d867e93770560d88150a526250df69077cd3065edbbd4c842098,dfine_sahi,63340.0,unknown_object,0.6026,637.25,383.24,730.86,487.49,9757.8,93.61,104.24,0.898,False,,True,unattributed,9,evt_01-P03_upper_body_0019,c30f76042b5728b8,native_source_context_fallback,wrist_confidence_below_floor,18649.5,3.43,,1,01/e1/v1,rtmpose_baseline
corpus_01,01.Candidate was found using a mobile phone in the examination hall..mkv,b842b03e5784d867e93770560d88150a526250df69077cd3065edbbd4c842098,dfine_sahi,63340.0,unknown_object,0.4965,730.53,369.34,756.95,433.85,1704.5,26.42,64.51,0.41,False,,True,unattributed,9,evt_01-P03_upper_body_0019,c30f76042b5728b8,native_source_context_fallback,wrist_confidence_below_floor,18649.5,3.43,,1,01/e1/v1,rtmpose_baseline
corpus_01,01.Candidate was found using a mobile phone in the examination hall..mkv,b842b03e5784d867e93770560d88150a526250df69077cd3065edbbd4c842098,dfine_sahi,63340.0,unknown_object,0.4395,636.95,365.25,677.51,385.08,804.2,40.56,19.83,2.046,False,,True,unattributed,9,evt_01-P03_upper_body_0019,c30f76042b5728b8,native_source_context_fallback,wrist_confidence_below_floor,18649.5,3.43,,1,01/e1/v1,rtmpose_baseline
corpus_01,01.Candidate was found using a mobile phone in the examination hall..mkv,b842b03e5784d867e93770560d88150a526250df69077cd3065edbbd4c842098,dfine_sahi,63340.0,monitor_or_bezel,0.4046,656.95,366.24,677.59,384.88,384.8,20.64,18.64,1.107,False,,True,unattributed,9,evt_01-P03_upper_body_0019,c30f76042b5728b8,native_source_context_fallback,wrist_confidence_below_floor,18649.5,3.43,,1,01/e1/v1,rtmpose_baseline
corpus_01,01.Candidate was found using a mobile phone in the examination hall..mkv,b842b03e5784d867e93770560d88150a526250df69077cd3065edbbd4c842098,dfine_sahi,63340.0,bag,0.3226,730.34,335.79,776.99,405.68,3260.8,46.65,69.89,0.667,False,,True,unattributed,9,evt_01-P03_upper_body_0019,c30f76042b5728b8,native_source_context_fallback,wrist_confidence_below_floor,18649.5,3.43,,1,01/e1/v1,rtmpose_baseline
corpus_01,01.Candidate was found using a mobile phone in the examination hall..mkv,b842b03e5784d867e93770560d88150a526250df69077cd3065edbbd4c842098,dfine_sahi,63340.0,bag,0.3109,695.42,451.05,747.41,485.82,1807.7,51.99,34.77,1.495,False,,True,unattributed,9,evt_01-P03_upper_body_0019,c30f76042b5728b8,native_source_context_fallback,wrist_confidence_below_floor,18649.5,3.43,,1,01/e1/v1,rtmpose_baseline
corpus_01,01.Candidate was found using a mobile phone in the examination hall..mkv,b842b03e5784d867e93770560d88150a526250df69077cd3065edbbd4c842098,dfine_sahi,63340.0,phone,0.3057,687.74,328.05,696.22,342.07,118.9,8.48,14.03,0.604,True,object footprint 119 px is under the 120 px floor for a call,False,unattributed,9,evt_01-P03_upper_body_0019,c30f76042b5728b8,native_source_context_fallback,wrist_confidence_below_floor,18649.5,3.43,,1,01/e1/v1,rtmpose_baseline
corpus_01,01.Candidate was found using a mobile phone in the examination hall..mkv,b842b03e5784d867e93770560d88150a526250df69077cd3065edbbd4c842098,dfine_sahi,63340.0,unknown_object,0.2994,700.96,317.92,732.86,340.2,710.8,31.9,22.28,1.432,False,,True,unattributed,9,evt_01-P03_upper_body_0019,c30f76042b5728b8,native_source_context_fallback,wrist_confidence_below_floor,18649.5,3.43,,1,01/e1/v1,rtmpose_baseline
corpus_01,01.Candidate was found using a mobile phone in the examination hall..mkv,b842b03e5784d867e93770560d88150a526250df69077cd3065edbbd4c842098,dfine_sahi,63340.0,unknown_object,0.2937,706.27,451.04,743.34,462.28,416.9,37.07,11.25,3.296,False,,True,unattributed,9,evt_01-P03_upper_body_0019,c30f76042b5728b8,native_source_context_fallback,wrist_confidence_below_floor,18649.5,3.43,,1,01/e1/v1,rtmpose_baseline
corpus_01,01.Candidate was found using a mobile phone in the examination hall..mkv,b842b03e5784d867e93770560d88150a526250df69077cd3065edbbd4c842098,dfine_sahi,63340.0,unknown_object,0.292,694.11,383.24,758.3,486.57,6632.1,64.18,103.33,0.621,False,,True,unattributed,9,evt_01-P03_upper_body_0019,c30f76042b5728b8,native_source_context_fallback,wrist_confidence_below_floor,18649.5,3.43,,1,01/e1/v1,rtmpose_baseline
corpus_01,01.Candidate was found using a mobile phone in the examination hall..mkv,b842b03e5784d867e93770560d88150a526250df69077cd3065edbbd4c842098,dfine_sahi,63340.0,unknown_object,0.283,675.62,403.0,726.91,485.68,4240.4,51.29,82.68,0.62,False,,True,unattributed,9,evt_01-P03_upper_body_0019,c30f76042b5728b8,native_source_context_fallback,wrist_confidence_below_floor,18649.5,3.43,,1,01/e1/v1,rtmpose_baseline
corpus_01,01.Candidate was found using a mobile phone in the examination hall..mkv,b842b03e5784d867e93770560d88150a526250df69077cd3065edbbd4c842098,dfine_sahi,63340.0,unknown_object,0.2516,681.07,348.24,733.68,405.72,3024.2,52.61,57.48,0.915,False,,True,unattributed,9,evt_01-P03_upper_body_0019,c30f76042b5728b8,native_source_context_fallback,wrist_confidence_below_floor,18649.5,3.43,,1,01/e1/v1,rtmpose_baseline
corpus_01,01.Candidate was found using a mobile phone in the examination hall..mkv,b842b03e5784d867e93770560d88150a526250df69077cd3065edbbd4c842098,dfine_sahi,63380.0,mouse,0.7106,726.53,699.76,788.31,717.88,1119.4,61.78,18.12,3.41,False,,True,unattributed,4,evt_01-P01_desk_work_surface_0002,1c77acde358bd26c,pose_hand_context,,21685.5,4.35,,1,01/e1/v1,rtmpose_baseline
corpus_01,01.Candidate was found using a mobile phone in the examination hall..mkv,b842b03e5784d867e93770560d88150a526250df69077cd3065edbbd4c842098,dfine_sahi,63380.0,unknown_object,0.5555,721.0,610.5,770.11,653.67,2120.2,49.11,43.17,1.138,False,,True,unattributed,4,evt_01-P01_desk_work_surface_0002,1c77acde358bd26c,pose_hand_context,,21685.5,4.35,,1,01/e1/v1,rtmpose_baseline
corpus_01,01.Candidate was found using a mobile phone in the examination hall..mkv,b842b03e5784d867e93770560d88150a526250df69077cd3065edbbd4c842098,dfine_sahi,63380.0,bag,0.4082,679.52,565.08,705.87,678.11,2978.8,26.35,113.03,0.233,False,,True,unattributed,4,evt_01-P01_desk_work_surface_0002,1c77acde358bd26c,pose_hand_context,,21685.5,4.35,,1,01/e1/v1,rtmpose_baseline
corpus_01,01.Candidate was found using a mobile phone in the examination hall..mkv,b842b03e5784d867e93770560d88150a526250df69077cd3065edbbd4c842098,dfine_sahi,63380.0,bag,0.4011,737.1,700.18,782.62,712.04,540.1,45.52,11.86,3.836,False,,True,unattributed,4,evt_01-P01_desk_work_surface_0002,1c77acde358bd26c,pose_hand_context,,21685.5,4.35,,1,01/e1/v1,rtmpose_baseline
corpus_01,01.Candidate was found using a mobile phone in the examination hall..mkv,b842b03e5784d867e93770560d88150a526250df69077cd3065edbbd4c842098,dfine_sahi,63380.0,unknown_object,0.3368,674.64,558.22,705.49,653.56,2940.7,30.84,95.34,0.324,False,,True,unattributed,4,evt_01-P01_desk_work_surface_0002,1c77acde358bd26c,pose_hand_context,,21685.5,4.35,,1,01/e1/v1,rtmpose_baseline
corpus_01,01.Candidate was found using a mobile phone in the examination hall..mkv,b842b03e5784d867e93770560d88150a526250df69077cd3065edbbd4c842098,dfine_sahi,63380.0,unknown_object,0.3057,699.89,622.45,751.92,717.04,4921.0,52.02,94.59,0.55,False,,True,unattributed,4,evt_01-P01_desk_work_surface_0002,1c77acde358bd26c,pose_hand_context,,21685.5,4.35,,1,01/e1/v1,rtmpose_baseline
corpus_01,01.Candidate was found using a mobile phone in the examination hall..mkv,b842b03e5784d867e93770560d88150a526250df69077cd3065edbbd4c842098,dfine_sahi,63380.0,mouse,0.722,639.5,368.82,660.34,377.84,188.0,20.84,9.02,2.31,False,,True,unattributed,9,evt_01-P01_desk_work_surface_0002,6c59d5387e958263,native_source_context_fallback,wrist_confidence_below_floor,18759.9,3.42,,1,01/e1/v1,rtmpose_baseline
corpus_01,01.Candidate was found using a mobile phone in the examination hall..mkv,b842b03e5784d867e93770560d88150a526250df69077cd3065edbbd4c842098,dfine_sahi,63380.0,keyboard,0.4034,637.96,365.23,678.51,383.71,749.6,40.55,18.49,2.194,False,,True,unattributed,9,evt_01-P01_desk_work_surface_0002,6c59d5387e958263,native_source_context_fallback,wrist_confidence_below_floor,18759.9,3.42,,1,01/e1/v1,rtmpose_baseline
corpus_01,01.Candidate was found using a mobile phone in the examination hall..mkv,b842b03e5784d867e93770560d88150a526250df69077cd3065edbbd4c842098,dfine_sahi,63380.0,unknown_object,0.3841,731.68,369.36,757.98,433.92,1698.3,26.31,64.56,0.407,False,,True,unattributed,9,evt_01-P01_desk_work_surface_0002,6c59d5387e958263,native_source_context_fallback,wrist_confidence_below_floor,18759.9,3.42,,1,01/e1/v1,rtmpose_baseline
corpus_01,01.Candidate was found using a mobile phone in the examination hall..mkv,b842b03e5784d867e93770560d88150a526250df69077cd3065edbbd4c842098,dfine_sahi,63380.0,bag,0.3515,732.36,335.65,777.98,405.64,3192.9,45.62,70.0,0.652,False,,True,unattributed,9,evt_01-P01_desk_work_surface_0002,6c59d5387e958263,native_source_context_fallback,wrist_confidence_below_floor,18759.9,3.42,,1,01/e1/v1,rtmpose_baseline
corpus_01,01.Candidate was found using a mobile phone in the examination hall..mkv,b842b03e5784d867e93770560d88150a526250df69077cd3065edbbd4c842098,dfine_sahi,63380.0,unknown_object,0.3269,692.45,450.96,733.93,487.8,1528.3,41.48,36.85,1.126,False,,True,unattributed,9,evt_01-P01_desk_work_surface_0002,6c59d5387e958263,native_source_context_fallback,wrist_confidence_below_floor,18759.9,3.42,,1,01/e1/v1,rtmpose_baseline
corpus_01,01.Candidate was found using a mobile phone in the examination hall..mkv,b842b03e5784d867e93770560d88150a526250df69077cd3065edbbd4c842098,dfine_sahi,63380.0,unknown_object,0.3176,637.95,383.36,714.33,454.26,5415.3,76.38,70.9,1.077,False,,True,unattributed,9,evt_01-P01_desk_work_surface_0002,6c59d5387e958263,native_source_context_fallback,wrist_confidence_below_floor,18759.9,3.42,,1,01/e1/v1,rtmpose_baseline
corpus_01,01.Candidate was found using a mobile phone in the examination hall..mkv,b842b03e5784d867e93770560d88150a526250df69077cd3065edbbd4c842098,dfine_sahi,63380.0,phone,0.3173,703.69,451.21,743.74,462.34,445.8,40.05,11.13,3.598,False,,True,unattributed,9,evt_01-P01_desk_work_surface_0002,6c59d5387e958263,native_source_context_fallback,wrist_confidence_below_floor,18759.9,3.42,,1,01/e1/v1,rtmpose_baseline
corpus_01,01.Candidate was found using a mobile phone in the examination hall..mkv,b842b03e5784d867e93770560d88150a526250df69077cd3065edbbd4c842098,dfine_sahi,63380.0,unknown_object,0.3094,676.24,414.9,722.78,482.4,3141.3,46.54,67.5,0.689,False,,True,unattributed,9,evt_01-P01_desk_work_surface_0002,6c59d5387e958263,native_source_context_fallback,wrist_confidence_below_floor,18759.9,3.42,,1,01/e1/v1,rtmpose_baseline
corpus_01,01.Candidate was found using a mobile phone in the examination hall..mkv,b842b03e5784d867e93770560d88150a526250df69077cd3065edbbd4c842098,dfine_sahi,63380.0,monitor_or_bezel,0.2987,657.96,366.2,678.64,383.28,353.2,20.68,17.08,1.211,False,,True,unattributed,9,evt_01-P01_desk_work_surface_0002,6c59d5387e958263,native_source_context_fallback,wrist_confidence_below_floor,18759.9,3.42,,1,01/e1/v1,rtmpose_baseline
corpus_01,01.Candidate was found using a mobile phone in the examination hall..mkv,b842b03e5784d867e93770560d88150a526250df69077cd3065edbbd4c842098,dfine_sahi,63380.0,unknown_object,0.2914,719.61,403.03,758.5,457.26,2108.8,38.89,54.23,0.717,False,,True,unattributed,9,evt_01-P01_desk_work_surface_0002,6c59d5387e958263,native_source_context_fallback,wrist_confidence_below_floor,18759.9,3.42,,1,01/e1/v1,rtmpose_baseline
corpus_01,01.Candidate was found using a mobile phone in the examination hall..mkv,b842b03e5784d867e93770560d88150a526250df69077cd3065edbbd4c842098,dfine_sahi,63380.0,bag,0.259,696.47,451.27,748.43,485.75,1791.8,51.96,34.48,1.507,False,,True,unattributed,9,evt_01-P01_desk_work_surface_0002,6c59d5387e958263,native_source_context_fallback,wrist_confidence_below_floor,18759.9,3.42,,1,01/e1/v1,rtmpose_baseline
corpus_01,01.Candidate was found using a mobile phone in the examination hall..mkv,b842b03e5784d867e93770560d88150a526250df69077cd3065edbbd4c842098,dfine_sahi,63380.0,unknown_object,0.6141,957.09,484.31,1017.76,531.39,2857.0,60.68,47.08,1.289,False,,True,unattributed,7,evt_01-P01_desk_work_surface_0002,9fba296d9d830f30,pose_hand_context,,41152.2,3.15,,1,01/e1/v1,rtmpose_baseline
corpus_01,01.Candidate was found using a mobile phone in the examination hall..mkv,b842b03e5784d867e93770560d88150a526250df69077cd3065edbbd4c842098,dfine_sahi,63380.0,unknown_object,0.5722,1015.19,436.64,1138.88,566.38,16047.8,123.69,129.75,0.953,False,,True,unattributed,7,evt_01-P01_desk_work_surface_0002,9fba296d9d830f30,pose_hand_context,,41152.2,3.15,,1,01/e1/v1,rtmpose_baseline
corpus_01,01.Candidate was found using a mobile phone in the examination hall..mkv,b842b03e5784d867e93770560d88150a526250df69077cd3065edbbd4c842098,dfine_sahi,63380.0,unknown_object,0.5482,1023.98,577.71,1138.96,638.04,6936.7,114.98,60.33,1.906,False,,True,unattributed,7,evt_01-P01_desk_work_surface_0002,9fba296d9d830f30,pose_hand_context,,41152.2,3.15,,1,01/e1/v1,rtmpose_baseline
corpus_01,01.Candidate was found using a mobile phone in the examination hall..mkv,b842b03e5784d867e93770560d88150a526250df69077cd3065edbbd4c842098,dfine_sahi,63380.0,unknown_object,0.5301,989.84,586.31,1049.94,638.77,3152.9,60.1,52.47,1.145,False,,True,unattributed,7,evt_01-P01_desk_work_surface_0002,9fba296d9d830f30,pose_hand_context,,41152.2,3.15,,1,01/e1/v1,rtmpose_baseline
corpus_01,01.Candidate was found using a mobile phone in the examination hall..mkv,b842b03e5784d867e93770560d88150a526250df69077cd3065edbbd4c842098,dfine_sahi,63380.0,unknown_object,0.5145,939.77,436.16,1030.63,487.72,4684.7,90.87,51.56,1.763,False,,True,unattributed,7,evt_01-P01_desk_work_surface_0002,9fba296d9d830f30,pose_hand_context,,41152.2,3.15,,1,01/e1/v1,rtmpose_baseline
corpus_01,01.Candidate was found using a mobile phone in the examination hall..mkv,b842b03e5784d867e93770560d88150a526250df69077cd3065edbbd4c842098,dfine_sahi,63380.0,unknown_object,0.4066,1014.91,454.27,1049.95,536.12,2868.3,35.04,81.85,0.428,False,,True,unattributed,7,evt_01-P01_desk_work_surface_0002,9fba296d9d830f30,pose_hand_context,,41152.2,3.15,,1,01/e1/v1,rtmpose_baseline
corpus_01,01.Candidate was found using a mobile phone in the examination hall..mkv,b842b03e5784d867e93770560d88150a526250df69077cd3065edbbd4c842098,dfine_sahi,63380.0,unknown_object,0.4044,936.01,525.1,960.21,570.02,1086.9,24.2,44.92,0.539,False,,True,unattributed,7,evt_01-P01_desk_work_surface_0002,9fba296d9d830f30,pose_hand_context,,41152.2,3.15,,1,01/e1/v1,rtmpose_baseline
corpus_01,01.Candidate was found using a mobile phone in the examination hall..mkv,b842b03e5784d867e93770560d88150a526250df69077cd3065edbbd4c842098,dfine_sahi,63380.0,unknown_object,0.3625,1033.72,525.09,1138.28,590.07,6794.5,104.56,64.98,1.609,False,,True,unattributed,7,evt_01-P01_desk_work_surface_0002,9fba296d9d830f30,pose_hand_context,,41152.2,3.15,,1,01/e1/v1,rtmpose_baseline
corpus_01,01.Candidate was found using a mobile phone in the examination hall..mkv,b842b03e5784d867e93770560d88150a526250df69077cd3065edbbd4c842098,dfine_sahi,63380.0,unknown_object,0.3342,936.07,525.14,1049.94,638.58,12917.1,113.87,113.44,1.004,False,,True,unattributed,7,evt_01-P01_desk_work_surface_0002,9fba296d9d830f30,pose_hand_context,,41152.2,3.15,,1,01/e1/v1,rtmpose_baseline
corpus_01,01.Candidate was found using a mobile phone in the examination hall..mkv,b842b03e5784d867e93770560d88150a526250df69077cd3065edbbd4c842098,dfine_sahi,63380.0,unknown_object,0.3135,936.06,436.08,968.39,458.13,712.8,32.33,22.05,1.467,False,,True,unattributed,7,evt_01-P01_desk_work_surface_0002,9fba296d9d830f30,pose_hand_context,,41152.2,3.15,,1,01/e1/v1,rtmpose_baseline
corpus_01,01.Candidate was found using a mobile phone in the examination hall..mkv,b842b03e5784d867e93770560d88150a526250df69077cd3065edbbd4c842098,dfine_sahi,63380.0,unknown_object,0.2995,980.97,436.17,1031.17,469.39,1667.8,50.2,33.22,1.511,False,,True,unattributed,7,evt_01-P01_desk_work_surface_0002,9fba296d9d830f30,pose_hand_context,,41152.2,3.15,,1,01/e1/v1,rtmpose_baseline
corpus_01,01.Candidate was found using a mobile phone in the examination hall..mkv,b842b03e5784d867e93770560d88150a526250df69077cd3065edbbd4c842098,dfine_sahi,63380.0,unknown_object,0.2921,1024.03,576.12,1101.76,604.03,2169.7,77.73,27.91,2.785,False,,True,unattributed,7,evt_01-P01_desk_work_surface_0002,9fba296d9d830f30,pose_hand_context,,41152.2,3.15,,1,01/e1/v1,rtmpose_baseline
corpus_01,01.Candidate was found using a mobile phone in the examination hall..mkv,b842b03e5784d867e93770560d88150a526250df69077cd3065edbbd4c842098,dfine_sahi,63380.0,unknown_object,0.2687,960.22,525.06,985.96,554.31,753.0,25.74,29.26,0.88,False,,True,unattributed,7,evt_01-P01_desk_work_surface_0002,9fba296d9d830f30,pose_hand_context,,41152.2,3.15,,1,01/e1/v1,rtmpose_baseline
corpus_01,01.Candidate was found using a mobile phone in the examination hall..mkv,b842b03e5784d867e93770560d88150a526250df69077cd3065edbbd4c842098,dfine_sahi,63380.0,unknown_object,0.2624,939.54,568.39,1012.18,638.54,5096.4,72.65,70.15,1.036,False,,True,unattributed,7,evt_01-P01_desk_work_surface_0002,9fba296d9d830f30,pose_hand_context,,41152.2,3.15,,1,01/e1/v1,rtmpose_baseline
corpus_01,01.Candidate was found using a mobile phone in the examination hall..mkv,b842b03e5784d867e93770560d88150a526250df69077cd3065edbbd4c842098,dfine_sahi,63380.0,unknown_object,0.2582,1015.71,525.13,1050.0,572.63,1628.5,34.29,47.5,0.722,False,,True,unattributed,7,evt_01-P01_desk_work_surface_0002,9fba296d9d830f30,pose_hand_context,,41152.2,3.15,,1,01/e1/v1,rtmpose_baseline
corpus_01,01.Candidate was found using a mobile phone in the examination hall..mkv,b842b03e5784d867e93770560d88150a526250df69077cd3065edbbd4c842098,dfine_sahi,63500.0,unknown_object,0.4475,717.89,340.27,744.38,383.9,1155.5,26.48,43.63,0.607,False,,True,unattributed,9,evt_01-P01_upper_body_0006,5c64565791f65a95,native_source_context_fallback,wrist_confidence_below_floor,19108.2,3.39,,1,01/e1/v1,rtmpose_baseline
corpus_01,01.Candidate was found using a mobile phone in the examination hall..mkv,b842b03e5784d867e93770560d88150a526250df69077cd3065edbbd4c842098,dfine_sahi,63500.0,unknown_object,0.441,736.83,334.9,782.05,407.63,3288.4,45.21,72.73,0.622,False,,True,unattributed,9,evt_01-P01_upper_body_0006,5c64565791f65a95,native_source_context_fallback,wrist_confidence_below_floor,19108.2,3.39,,1,01/e1/v1,rtmpose_baseline
corpus_01,01.Candidate was found using a mobile phone in the examination hall..mkv,b842b03e5784d867e93770560d88150a526250df69077cd3065edbbd4c842098,dfine_sahi,63500.0,phone,0.4221,704.26,451.24,749.96,462.35,507.6,45.7,11.11,4.114,False,,True,unattributed,9,evt_01-P01_upper_body_0006,5c64565791f65a95,native_source_context_fallback,wrist_confidence_below_floor,19108.2,3.39,,1,01/e1/v1,rtmpose_baseline
corpus_01,01.Candidate was found using a mobile phone in the examination hall..mkv,b842b03e5784d867e93770560d88150a526250df69077cd3065edbbd4c842098,dfine_sahi,63500.0,bag,0.379,691.86,450.69,736.97,490.32,1787.6,45.11,39.62,1.139,False,,True,unattributed,9,evt_01-P01_upper_body_0006,5c64565791f65a95,native_source_context_fallback,wrist_confidence_below_floor,19108.2,3.39,,1,01/e1/v1,rtmpose_baseline
corpus_01,01.Candidate was found using a mobile phone in the examination hall..mkv,b842b03e5784d867e93770560d88150a526250df69077cd3065edbbd4c842098,dfine_sahi,63500.0,bag,0.3473,640.94,372.28,721.14,407.71,2841.4,80.2,35.43,2.264,False,,True,unattributed,9,evt_01-P01_upper_body_0006,5c64565791f65a95,native_source_context_fallback,wrist_confidence_below_floor,19108.2,3.39,,1,01/e1/v1,rtmpose_baseline
corpus_01,01.Candidate was found using a mobile phone in the examination hall..mkv,b842b03e5784d867e93770560d88150a526250df69077cd3065edbbd4c842098,dfine_sahi,63500.0,unknown_object,0.2962,640.88,344.18,681.92,378.45,1406.1,41.04,34.26,1.198,False,,True,unattributed,9,evt_01-P01_upper_body_0006,5c64565791f65a95,native_source_context_fallback,wrist_confidence_below_floor,19108.2,3.39,,1,01/e1/v1,rtmpose_baseline
corpus_01,01.Candidate was found using a mobile phone in the examination hall..mkv,b842b03e5784d867e93770560d88150a526250df69077cd3065edbbd4c842098,dfine_sahi,63500.0,unknown_object,0.295,705.59,384.08,762.44,459.67,4297.6,56.85,75.59,0.752,False,,True,unattributed,9,evt_01-P01_upper_body_0006,5c64565791f65a95,native_source_context_fallback,wrist_confidence_below_floor,19108.2,3.39,,1,01/e1/v1,rtmpose_baseline
corpus_01,01.Candidate was found using a mobile phone in the examination hall..mkv,b842b03e5784d867e93770560d88150a526250df69077cd3065edbbd4c842098,dfine_sahi,63500.0,unknown_object,0.2869,736.41,369.27,762.01,430.84,1575.6,25.59,61.56,0.416,False,,True,unattributed,9,evt_01-P01_upper_body_0006,5c64565791f65a95,native_source_context_fallback,wrist_confidence_below_floor,19108.2,3.39,,1,01/e1/v1,rtmpose_baseline
corpus_01,01.Candidate was found using a mobile phone in the examination hall..mkv,b842b03e5784d867e93770560d88150a526250df69077cd3065edbbd4c842098,dfine_sahi,63500.0,bag,0.2768,740.65,335.09,782.06,374.9,1648.7,41.42,39.81,1.04,False,,True,unattributed,9,evt_01-P01_upper_body_0006,5c64565791f65a95,native_source_context_fallback,wrist_confidence_below_floor,19108.2,3.39,,1,01/e1/v1,rtmpose_baseline
corpus_01,01.Candidate was found using a mobile phone in the examination hall..mkv,b842b03e5784d867e93770560d88150a526250df69077cd3065edbbd4c842098,dfine_sahi,63500.0,unknown_object,0.2582,706.25,317.74,733.42,337.27,530.7,27.17,19.53,1.391,False,,True,unattributed,9,evt_01-P01_upper_body_0006,5c64565791f65a95,native_source_context_fallback,wrist_confidence_below_floor,19108.2,3.39,,1,01/e1/v1,rtmpose_baseline
corpus_01,01.Candidate was found using a mobile phone in the examination hall..mkv,b842b03e5784d867e93770560d88150a526250df69077cd3065edbbd4c842098,dfine_sahi,63500.0,unknown_object,0.6322,691.63,635.07,719.45,719.19,2340.1,27.82,84.12,0.331,False,,True,unattributed,4,evt_01-P01_upper_body_0006,ac1335e3382ff960,pose_hand_context,,22082.5,4.14,,1,01/e1/v1,rtmpose_baseline
corpus_01,01.Candidate was found using a mobile phone in the examination hall..mkv,b842b03e5784d867e93770560d88150a526250df69077cd3065edbbd4c842098,dfine_sahi,63500.0,bag,0.4453,726.88,700.06,788.54,719.61,1205.6,61.67,19.55,3.154,False,,True,unattributed,4,evt_01-P01_upper_body_0006,ac1335e3382ff960,pose_hand_context,,22082.5,4.14,,1,01/e1/v1,rtmpose_baseline
corpus_01,01.Candidate was found using a mobile phone in the examination hall..mkv,b842b03e5784d867e93770560d88150a526250df69077cd3065edbbd4c842098,dfine_sahi,63500.0,bag,0.3229,688.48,577.63,713.04,675.33,2399.3,24.56,97.7,0.251,False,,True,unattributed,4,evt_01-P01_upper_body_0006,ac1335e3382ff960,pose_hand_context,,22082.5,4.14,,1,01/e1/v1,rtmpose_baseline
corpus_01,01.Candidate was found using a mobile phone in the examination hall..mkv,b842b03e5784d867e93770560d88150a526250df69077cd3065edbbd4c842098,dfine_sahi,63500.0,unknown_object,0.3038,692.63,637.21,709.47,664.88,465.9,16.84,27.66,0.609,False,,True,unattributed,4,evt_01-P01_upper_body_0006,ac1335e3382ff960,pose_hand_context,,22082.5,4.14,,1,01/e1/v1,rtmpose_baseline
corpus_01,01.Candidate was found using a mobile phone in the examination hall..mkv,b842b03e5784d867e93770560d88150a526250df69077cd3065edbbd4c842098,dfine_sahi,63500.0,unknown_object,0.2625,686.35,569.22,715.96,664.42,2819.1,29.61,95.19,0.311,False,,True,unattributed,4,evt_01-P01_upper_body_0006,ac1335e3382ff960,pose_hand_context,,22082.5,4.14,,1,01/e1/v1,rtmpose_baseline
corpus_01,01.Candidate was found using a mobile phone in the examination hall..mkv,b842b03e5784d867e93770560d88150a526250df69077cd3065edbbd4c842098,dfine_sahi,63500.0,unknown_object,0.744,1026.02,436.38,1142.96,551.32,13440.6,116.94,114.94,1.017,False,,True,unattributed,7,evt_01-P01_upper_body_0006,da5d6e8c8c042a26,pose_hand_context,,43397.2,3.07,,1,01/e1/v1,rtmpose_baseline
corpus_01,01.Candidate was found using a mobile phone in the examination hall..mkv,b842b03e5784d867e93770560d88150a526250df69077cd3065edbbd4c842098,dfine_sahi,63500.0,unknown_object,0.6629,1025.98,578.31,1142.95,642.63,7523.2,116.97,64.32,1.819,False,,True,unattributed,7,evt_01-P01_upper_body_0006,da5d6e8c8c042a26,pose_hand_context,,43397.2,3.07,,1,01/e1/v1,rtmpose_baseline
corpus_01,01.Candidate was found using a mobile phone in the examination hall..mkv,b842b03e5784d867e93770560d88150a526250df69077cd3065edbbd4c842098,dfine_sahi,63500.0,unknown_object,0.5502,957.23,484.37,1017.85,530.98,2825.8,60.63,46.61,1.301,False,,True,unattributed,7,evt_01-P01_upper_body_0006,da5d6e8c8c042a26,pose_hand_context,,43397.2,3.07,,1,01/e1/v1,rtmpose_baseline
corpus_01,01.Candidate was found using a mobile phone in the examination hall..mkv,b842b03e5784d867e93770560d88150a526250df69077cd3065edbbd4c842098,dfine_sahi,63500.0,unknown_object,0.5152,990.34,586.42,1051.96,642.6,3461.7,61.61,56.19,1.097,False,,True,unattributed,7,evt_01-P01_upper_body_0006,da5d6e8c8c042a26,pose_hand_context,,43397.2,3.07,,1,01/e1/v1,rtmpose_baseline
corpus_01,01.Candidate was found using a mobile phone in the examination hall..mkv,b842b03e5784d867e93770560d88150a526250df69077cd3065edbbd4c842098,dfine_sahi,63500.0,unknown_object,0.4662,1014.81,454.32,1051.95,536.64,3058.1,37.15,82.32,0.451,False,,True,unattributed,7,evt_01-P01_upper_body_0006,da5d6e8c8c042a26,pose_hand_context,,43397.2,3.07,,1,01/e1/v1,rtmpose_baseline
corpus_01,01.Candidate was found using a mobile phone in the examination hall..mkv,b842b03e5784d867e93770560d88150a526250df69077cd3065edbbd4c842098,dfine_sahi,63500.0,unknown_object,0.4494,935.23,435.1,1031.78,486.64,4976.1,96.55,51.54,1.873,False,,True,unattributed,7,evt_01-P01_upper_body_0006,da5d6e8c8c042a26,pose_hand_context,,43397.2,3.07,,1,01/e1/v1,rtmpose_baseline
corpus_01,01.Candidate was found using a mobile phone in the examination hall..mkv,b842b03e5784d867e93770560d88150a526250df69077cd3065edbbd4c842098,dfine_sahi,63500.0,unknown_object,0.4467,1026.02,576.37,1101.51,603.5,2048.4,75.5,27.13,2.783,False,,True,unattributed,7,evt_01-P01_upper_body_0006,da5d6e8c8c042a26,pose_hand_context,,43397.2,3.07,,1,01/e1/v1,rtmpose_baseline
corpus_01,01.Candidate was found using a mobile phone in the examination hall..mkv,b842b03e5784d867e93770560d88150a526250df69077cd3065edbbd4c842098,dfine_sahi,63500.0,unknown_object,0.3748,935.01,526.09,960.38,568.64,1079.2,25.37,42.54,0.596,False,,True,unattributed,7,evt_01-P01_upper_body_0006,da5d6e8c8c042a26,pose_hand_context,,43397.2,3.07,,1,01/e1/v1,rtmpose_baseline
corpus_01,01.Candidate was found using a mobile phone in the examination hall..mkv,b842b03e5784d867e93770560d88150a526250df69077cd3065edbbd4c842098,dfine_sahi,63500.0,unknown_object,0.3747,988.57,569.55,1012.64,614.85,1090.5,24.07,45.3,0.531,False,,True,unattributed,7,evt_01-P01_upper_body_0006,da5d6e8c8c042a26,pose_hand_context,,43397.2,3.07,,1,01/e1/v1,rtmpose_baseline
corpus_01,01.Candidate was found using a mobile phone in the examination hall..mkv,b842b03e5784d867e93770560d88150a526250df69077cd3065edbbd4c842098,dfine_sahi,63500.0,unknown_object,0.3378,1042.35,526.05,1137.9,566.35,3851.3,95.55,40.31,2.371,False,,True,unattributed,7,evt_01-P01_upper_body_0006,da5d6e8c8c042a26,pose_hand_context,,43397.2,3.07,,1,01/e1/v1,rtmpose_baseline
corpus_01,01.Candidate was found using a mobile phone in the examination hall..mkv,b842b03e5784d867e93770560d88150a526250df69077cd3065edbbd4c842098,dfine_sahi,63500.0,unknown_object,0.2869,989.92,436.56,1142.82,641.81,31382.0,152.9,205.25,0.745,False,,True,unattributed,7,evt_01-P01_upper_body_0006,da5d6e8c8c042a26,pose_hand_context,,43397.2,3.07,,1,01/e1/v1,rtmpose_baseline
corpus_01,01.Candidate was found using a mobile phone in the examination hall..mkv,b842b03e5784d867e93770560d88150a526250df69077cd3065edbbd4c842098,dfine_sahi,63500.0,phone,0.2745,1044.07,543.82,1052.0,551.98,64.6,7.93,8.15,0.972,True,object footprint 65 px is under the 120 px floor for a call,False,unattributed,7,evt_01-P01_upper_body_0006,da5d6e8c8c042a26,pose_hand_context,,43397.2,3.07,,1,01/e1/v1,rtmpose_baseline
corpus_01,01.Candidate was found using a mobile phone in the examination hall..mkv,b842b03e5784d867e93770560d88150a526250df69077cd3065edbbd4c842098,dfine_sahi,63500.0,unknown_object,0.268,935.57,526.23,1030.09,640.27,10780.0,94.52,114.04,0.829,False,,True,unattributed,7,evt_01-P01_upper_body_0006,da5d6e8c8c042a26,pose_hand_context,,43397.2,3.07,,1,01/e1/v1,rtmpose_baseline
corpus_01,01.Candidate was found using a mobile phone in the examination hall..mkv,b842b03e5784d867e93770560d88150a526250df69077cd3065edbbd4c842098,dfine_sahi,63500.0,unknown_object,0.2582,935.02,435.05,968.28,454.85,658.5,33.26,19.8,1.68,False,,True,unattributed,7,evt_01-P01_upper_body_0006,da5d6e8c8c042a26,pose_hand_context,,43397.2,3.07,,1,01/e1/v1,rtmpose_baseline
corpus_01,01.Candidate was found using a mobile phone in the examination hall..mkv,b842b03e5784d867e93770560d88150a526250df69077cd3065edbbd4c842098,dfine_sahi,63820.0,unknown_object,0.6378,586.33,649.56,618.65,705.6,1811.4,32.32,56.04,0.577,False,,True,unattributed,4,evt_01-P06_upper_body_0046,03051f3f13879f27,pose_hand_context,,13626.0,4.01,,1,01/e1/v1,rtmpose_baseline
corpus_01,01.Candidate was found using a mobile phone in the examination hall..mkv,b842b03e5784d867e93770560d88150a526250df69077cd3065edbbd4c842098,dfine_sahi,63820.0,unknown_object,0.3941,476.08,624.06,564.95,719.22,8457.5,88.88,95.16,0.934,False,,True,unattributed,4,evt_01-P06_upper_body_0046,03051f3f13879f27,pose_hand_context,,13626.0,4.01,,1,01/e1/v1,rtmpose_baseline
corpus_01,01.Candidate was found using a mobile phone in the examination hall..mkv,b842b03e5784d867e93770560d88150a526250df69077cd3065edbbd4c842098,dfine_sahi,63820.0,bag,0.3183,473.01,680.5,508.89,705.35,891.5,35.88,24.85,1.444,False,,True,unattributed,4,evt_01-P06_upper_body_0046,03051f3f13879f27,pose_hand_context,,13626.0,4.01,,1,01/e1/v1,rtmpose_baseline
corpus_01,01.Candidate was found using a mobile phone in the examination hall..mkv,b842b03e5784d867e93770560d88150a526250df69077cd3065edbbd4c842098,dfine_sahi,63820.0,bag,0.2919,473.06,679.88,545.47,719.26,2851.6,72.41,39.38,1.839,False,,True,unattributed,4,evt_01-P06_upper_body_0046,03051f3f13879f27,pose_hand_context,,13626.0,4.01,,1,01/e1/v1,rtmpose_baseline
corpus_01,01.Candidate was found using a mobile phone in the examination hall..mkv,b842b03e5784d867e93770560d88150a526250df69077cd3065edbbd4c842098,dfine_sahi,63820.0,unknown_object,0.5662,748.98,333.82,791.1,407.66,3109.8,42.12,73.83,0.57,False,,True,unattributed,9,evt_01-P06_upper_body_0046,956da4fadbe9ce26,native_source_context_fallback,wrist_confidence_below_floor,17796.3,3.39,,1,01/e1/v1,rtmpose_baseline
corpus_01,01.Candidate was found using a mobile phone in the examination hall..mkv,b842b03e5784d867e93770560d88150a526250df69077cd3065edbbd4c842098,dfine_sahi,63820.0,unknown_object,0.4849,702.24,460.52,746.32,486.92,1163.4,44.07,26.4,1.67,False,,True,unattributed,9,evt_01-P06_upper_body_0046,956da4fadbe9ce26,native_source_context_fallback,wrist_confidence_below_floor,17796.3,3.39,,1,01/e1/v1,rtmpose_baseline
corpus_01,01.Candidate was found using a mobile phone in the examination hall..mkv,b842b03e5784d867e93770560d88150a526250df69077cd3065edbbd4c842098,dfine_sahi,63820.0,unknown_object,0.4373,653.78,302.13,749.96,370.35,6561.5,96.18,68.22,1.41,False,,True,unattributed,9,evt_01-P06_upper_body_0046,956da4fadbe9ce26,native_source_context_fallback,wrist_confidence_below_floor,17796.3,3.39,,1,01/e1/v1,rtmpose_baseline
corpus_01,01.Candidate was found using a mobile phone in the examination hall..mkv,b842b03e5784d867e93770560d88150a526250df69077cd3065edbbd4c842098,dfine_sahi,63820.0,unknown_object,0.4344,748.3,369.43,771.09,431.43,1412.7,22.79,62.0,0.368,False,,True,unattributed,9,evt_01-P06_upper_body_0046,956da4fadbe9ce26,native_source_context_fallback,wrist_confidence_below_floor,17796.3,3.39,,1,01/e1/v1,rtmpose_baseline
corpus_01,01.Candidate was found using a mobile phone in the examination hall..mkv,b842b03e5784d867e93770560d88150a526250df69077cd3065edbbd4c842098,dfine_sahi,63820.0,phone,0.4285,717.4,452.15,751.99,464.17,415.6,34.59,12.02,2.878,False,,True,unattributed,9,evt_01-P06_upper_body_0046,956da4fadbe9ce26,native_source_context_fallback,wrist_confidence_below_floor,17796.3,3.39,,1,01/e1/v1,rtmpose_baseline
corpus_01,01.Candidate was found using a mobile phone in the examination hall..mkv,b842b03e5784d867e93770560d88150a526250df69077cd3065edbbd4c842098,dfine_sahi,63820.0,unknown_object,0.4267,698.21,349.35,751.74,407.79,3128.6,53.53,58.44,0.916,False,,True,unattributed,9,evt_01-P06_upper_body_0046,956da4fadbe9ce26,native_source_context_fallback,wrist_confidence_below_floor,17796.3,3.39,,1,01/e1/v1,rtmpose_baseline
corpus_01,01.Candidate was found using a mobile phone in the examination hall..mkv,b842b03e5784d867e93770560d88150a526250df69077cd3065edbbd4c842098,dfine_sahi,63820.0,unknown_object,0.3396,653.98,366.83,734.16,407.63,3271.3,80.18,40.8,1.965,False,,True,unattributed,9,evt_01-P06_upper_body_0046,956da4fadbe9ce26,native_source_context_fallback,wrist_confidence_below_floor,17796.3,3.39,,1,01/e1/v1,rtmpose_baseline
corpus_01,01.Candidate was found using a mobile phone in the examination hall..mkv,b842b03e5784d867e93770560d88150a526250df69077cd3065edbbd4c842098,dfine_sahi,63820.0,unknown_object,0.3303,732.74,340.73,757.78,385.02,1109.0,25.04,44.29,0.565,False,,True,unattributed,9,evt_01-P06_upper_body_0046,956da4fadbe9ce26,native_source_context_fallback,wrist_confidence_below_floor,17796.3,3.39,,1,01/e1/v1,rtmpose_baseline
corpus_01,01.Candidate was found using a mobile phone in the examination hall..mkv,b842b03e5784d867e93770560d88150a526250df69077cd3065edbbd4c842098,dfine_sahi,63820.0,unknown_object,0.3046,732.9,341.15,757.26,360.59,473.8,24.36,19.45,1.253,False,,True,unattributed,9,evt_01-P06_upper_body_0046,956da4fadbe9ce26,native_source_context_fallback,wrist_confidence_below_floor,17796.3,3.39,,1,01/e1/v1,rtmpose_baseline
corpus_01,01.Candidate was found using a mobile phone in the examination hall..mkv,b842b03e5784d867e93770560d88150a526250df69077cd3065edbbd4c842098,dfine_sahi,63820.0,unknown_object,0.2908,702.74,384.34,770.68,486.82,6962.3,67.94,102.48,0.663,False,,True,unattributed,9,evt_01-P06_upper_body_0046,956da4fadbe9ce26,native_source_context_fallback,wrist_confidence_below_floor,17796.3,3.39,,1,01/e1/v1,rtmpose_baseline
corpus_01,01.Candidate was found using a mobile phone in the examination hall..mkv,b842b03e5784d867e93770560d88150a526250df69077cd3065edbbd4c842098,dfine_sahi,63820.0,unknown_object,0.6465,1026.01,436.51,1147.91,556.32,14604.7,121.9,119.81,1.017,False,,True,unattributed,7,evt_01-P06_upper_body_0046,98aa1545ef08ca80,pose_hand_context,,47271.5,2.94,,1,01/e1/v1,rtmpose_baseline
corpus_01,01.Candidate was found using a mobile phone in the examination hall..mkv,b842b03e5784d867e93770560d88150a526250df69077cd3065edbbd4c842098,dfine_sahi,63820.0,unknown_object,0.5596,1025.97,578.35,1147.94,651.68,8943.8,121.97,73.33,1.663,False,,True,unattributed,7,evt_01-P06_upper_body_0046,98aa1545ef08ca80,pose_hand_context,,47271.5,2.94,,1,01/e1/v1,rtmpose_baseline
corpus_01,01.Candidate was found using a mobile phone in the examination hall..mkv,b842b03e5784d867e93770560d88150a526250df69077cd3065edbbd4c842098,dfine_sahi,63820.0,unknown_object,0.5541,988.77,436.64,1147.78,649.07,33777.7,159.01,212.43,0.749,False,,True,unattributed,7,evt_01-P06_upper_body_0046,98aa1545ef08ca80,pose_hand_context,,47271.5,2.94,,1,01/e1/v1,rtmpose_baseline
corpus_01,01.Candidate was found using a mobile phone in the examination hall..mkv,b842b03e5784d867e93770560d88150a526250df69077cd3065edbbd4c842098,dfine_sahi,63820.0,unknown_object,0.4475,990.15,586.67,1052.99,651.7,4085.7,62.84,65.02,0.966,False,,True,unattributed,7,evt_01-P06_upper_body_0046,98aa1545ef08ca80,pose_hand_context,,47271.5,2.94,,1,01/e1/v1,rtmpose_baseline
corpus_01,01.Candidate was found using a mobile phone in the examination hall..mkv,b842b03e5784d867e93770560d88150a526250df69077cd3065edbbd4c842098,dfine_sahi,63820.0,unknown_object,0.4142,931.35,435.11,1031.99,486.33,5154.3,100.63,51.22,1.965,False,,True,unattributed,7,evt_01-P06_upper_body_0046,98aa1545ef08ca80,pose_hand_context,,47271.5,2.94,,1,01/e1/v1,rtmpose_baseline
corpus_01,01.Candidate was found using a mobile phone in the examination hall..mkv,b842b03e5784d867e93770560d88150a526250df69077cd3065edbbd4c842098,dfine_sahi,63820.0,unknown_object,0.3948,1015.02,453.24,1052.95,537.78,3205.8,37.92,84.54,0.449,False,,True,unattributed,7,evt_01-P06_upper_body_0046,98aa1545ef08ca80,pose_hand_context,,47271.5,2.94,,1,01/e1/v1,rtmpose_baseline
corpus_01,01.Candidate was found using a mobile phone in the examination hall..mkv,b842b03e5784d867e93770560d88150a526250df69077cd3065edbbd4c842098,dfine_sahi,63820.0,unknown_object,0.3843,1031.54,530.02,1147.85,592.69,7289.8,116.31,62.68,1.856,False,,True,unattributed,7,evt_01-P06_upper_body_0046,98aa1545ef08ca80,pose_hand_context,,47271.5,2.94,,1,01/e1/v1,rtmpose_baseline
corpus_01,01.Candidate was found using a mobile phone in the examination hall..mkv,b842b03e5784d867e93770560d88150a526250df69077cd3065edbbd4c842098,dfine_sahi,63820.0,unknown_object,0.3342,986.38,569.03,1011.65,622.82,1359.2,25.27,53.79,0.47,False,,True,unattributed,7,evt_01-P06_upper_body_0046,98aa1545ef08ca80,pose_hand_context,,47271.5,2.94,,1,01/e1/v1,rtmpose_baseline
corpus_01,01.Candidate was found using a mobile phone in the examination hall..mkv,b842b03e5784d867e93770560d88150a526250df69077cd3065edbbd4c842098,dfine_sahi,63820.0,unknown_object,0.3269,957.86,484.36,1017.94,527.77,2608.3,60.08,43.41,1.384,False,,True,unattributed,7,evt_01-P06_upper_body_0046,98aa1545ef08ca80,pose_hand_context,,47271.5,2.94,,1,01/e1/v1,rtmpose_baseline
corpus_01,01.Candidate was found using a mobile phone in the examination hall..mkv,b842b03e5784d867e93770560d88150a526250df69077cd3065edbbd4c842098,dfine_sahi,63820.0,unknown_object,0.3254,963.82,569.12,1011.9,634.06,3122.0,48.07,64.94,0.74,False,,True,unattributed,7,evt_01-P06_upper_body_0046,98aa1545ef08ca80,pose_hand_context,,47271.5,2.94,,1,01/e1/v1,rtmpose_baseline
corpus_01,01.Candidate was found using a mobile phone in the examination hall..mkv,b842b03e5784d867e93770560d88150a526250df69077cd3065edbbd4c842098,dfine_sahi,63820.0,unknown_object,0.3031,931.01,530.08,962.34,569.71,1241.9,31.34,39.63,0.791,False,,True,unattributed,7,evt_01-P06_upper_body_0046,98aa1545ef08ca80,pose_hand_context,,47271.5,2.94,,1,01/e1/v1,rtmpose_baseline
corpus_01,01.Candidate was found using a mobile phone in the examination hall..mkv,b842b03e5784d867e93770560d88150a526250df69077cd3065edbbd4c842098,dfine_sahi,63820.0,bag,0.2852,957.74,483.05,1018.75,526.26,2635.8,61.01,43.21,1.412,False,,True,unattributed,7,evt_01-P06_upper_body_0046,98aa1545ef08ca80,pose_hand_context,,47271.5,2.94,,1,01/e1/v1,rtmpose_baseline
corpus_01,01.Candidate was found using a mobile phone in the examination hall..mkv,b842b03e5784d867e93770560d88150a526250df69077cd3065edbbd4c842098,dfine_sahi,63860.0,unknown_object,0.5825,586.4,649.13,619.56,706.72,1909.5,33.16,57.59,0.576,False,,True,unattributed,4,evt_01-P03_desk_work_surface_0015,7da8e6c0fb10d431,pose_hand_context,,13323.5,4.05,,1,01/e1/v1,rtmpose_baseline
corpus_01,01.Candidate was found using a mobile phone in the examination hall..mkv,b842b03e5784d867e93770560d88150a526250df69077cd3065edbbd4c842098,dfine_sahi,63860.0,unknown_object,0.4431,476.04,624.35,564.45,719.08,8375.0,88.41,94.73,0.933,False,,True,unattributed,4,evt_01-P03_desk_work_surface_0015,7da8e6c0fb10d431,pose_hand_context,,13323.5,4.05,,1,01/e1/v1,rtmpose_baseline
corpus_01,01.Candidate was found using a mobile phone in the examination hall..mkv,b842b03e5784d867e93770560d88150a526250df69077cd3065edbbd4c842098,dfine_sahi,63860.0,bag,0.3795,472.02,680.24,508.82,706.31,959.4,36.8,26.07,1.412,False,,True,unattributed,4,evt_01-P03_desk_work_surface_0015,7da8e6c0fb10d431,pose_hand_context,,13323.5,4.05,,1,01/e1/v1,rtmpose_baseline
corpus_01,01.Candidate was found using a mobile phone in the examination hall..mkv,b842b03e5784d867e93770560d88150a526250df69077cd3065edbbd4c842098,dfine_sahi,63860.0,monitor_or_bezel,0.2534,476.01,680.7,508.77,718.55,1240.2,32.76,37.85,0.866,False,,True,unattributed,4,evt_01-P03_desk_work_surface_0015,7da8e6c0fb10d431,pose_hand_context,,13323.5,4.05,,1,01/e1/v1,rtmpose_baseline
corpus_01,01.Candidate was found using a mobile phone in the examination hall..mkv,b842b03e5784d867e93770560d88150a526250df69077cd3065edbbd4c842098,dfine_sahi,63860.0,phone,0.6275,718.68,452.46,752.57,464.75,416.4,33.89,12.29,2.758,False,,True,unattributed,9,evt_01-P03_desk_work_surface_0015,a5b89ed25688f378,native_source_context_fallback,wrist_confidence_below_floor,17476.9,3.42,,1,01/e1/v1,rtmpose_baseline
corpus_01,01.Candidate was found using a mobile phone in the examination hall..mkv,b842b03e5784d867e93770560d88150a526250df69077cd3065edbbd4c842098,dfine_sahi,63860.0,unknown_object,0.5752,749.49,333.75,791.99,406.65,3098.1,42.5,72.9,0.583,False,,True,unattributed,9,evt_01-P03_desk_work_surface_0015,a5b89ed25688f378,native_source_context_fallback,wrist_confidence_below_floor,17476.9,3.42,,1,01/e1/v1,rtmpose_baseline
corpus_01,01.Candidate was found using a mobile phone in the examination hall..mkv,b842b03e5784d867e93770560d88150a526250df69077cd3065edbbd4c842098,dfine_sahi,63860.0,unknown_object,0.4272,654.92,302.11,750.97,370.26,6546.0,96.06,68.15,1.41,False,,True,unattributed,9,evt_01-P03_desk_work_surface_0015,a5b89ed25688f378,native_source_context_fallback,wrist_confidence_below_floor,17476.9,3.42,,1,01/e1/v1,rtmpose_baseline
corpus_01,01.Candidate was found using a mobile phone in the examination hall..mkv,b842b03e5784d867e93770560d88150a526250df69077cd3065edbbd4c842098,dfine_sahi,63860.0,unknown_object,0.3604,734.45,340.9,759.2,384.65,1082.9,24.75,43.75,0.566,False,,True,unattributed,9,evt_01-P03_desk_work_surface_0015,a5b89ed25688f378,native_source_context_fallback,wrist_confidence_below_floor,17476.9,3.42,,1,01/e1/v1,rtmpose_baseline
corpus_01,01.Candidate was found using a mobile phone in the examination hall..mkv,b842b03e5784d867e93770560d88150a526250df69077cd3065edbbd4c842098,dfine_sahi,63860.0,unknown_object,0.31,749.19,336.44,771.13,430.68,2067.8,21.94,94.25,0.233,False,,True,unattributed,9,evt_01-P03_desk_work_surface_0015,a5b89ed25688f378,native_source_context_fallback,wrist_confidence_below_floor,17476.9,3.42,,1,01/e1/v1,rtmpose_baseline
corpus_01,01.Candidate was found using a mobile phone in the examination hall..mkv,b842b03e5784d867e93770560d88150a526250df69077cd3065edbbd4c842098,dfine_sahi,63860.0,unknown_object,0.2973,701.84,461.31,746.56,487.06,1151.6,44.72,25.75,1.736,False,,True,unattributed,9,evt_01-P03_desk_work_surface_0015,a5b89ed25688f378,native_source_context_fallback,wrist_confidence_below_floor,17476.9,3.42,,1,01/e1/v1,rtmpose_baseline
corpus_01,01.Candidate was found using a mobile phone in the examination hall..mkv,b842b03e5784d867e93770560d88150a526250df69077cd3065edbbd4c842098,dfine_sahi,63860.0,unknown_object,0.2928,752.04,399.18,777.18,411.65,313.5,25.15,12.47,2.017,False,,True,unattributed,9,evt_01-P03_desk_work_surface_0015,a5b89ed25688f378,native_source_context_fallback,wrist_confidence_below_floor,17476.9,3.42,,1,01/e1/v1,rtmpose_baseline
corpus_01,01.Candidate was found using a mobile phone in the examination hall..mkv,b842b03e5784d867e93770560d88150a526250df69077cd3065edbbd4c842098,dfine_sahi,63860.0,unknown_object,0.2892,719.48,452.23,750.78,464.69,390.2,31.31,12.46,2.512,False,,True,unattributed,9,evt_01-P03_desk_work_surface_0015,a5b89ed25688f378,native_source_context_fallback,wrist_confidence_below_floor,17476.9,3.42,,1,01/e1/v1,rtmpose_baseline
corpus_01,01.Candidate was found using a mobile phone in the examination hall..mkv,b842b03e5784d867e93770560d88150a526250df69077cd3065edbbd4c842098,dfine_sahi,63860.0,unknown_object,0.2664,725.75,384.19,770.98,462.1,3523.7,45.23,77.91,0.581,False,,True,unattributed,9,evt_01-P03_desk_work_surface_0015,a5b89ed25688f378,native_source_context_fallback,wrist_confidence_below_floor,17476.9,3.42,,1,01/e1/v1,rtmpose_baseline
corpus_01,01.Candidate was found using a mobile phone in the examination hall..mkv,b842b03e5784d867e93770560d88150a526250df69077cd3065edbbd4c842098,dfine_sahi,63860.0,unknown_object,0.2588,752.05,336.44,771.14,372.26,683.6,19.08,35.83,0.533,False,,True,unattributed,9,evt_01-P03_desk_work_surface_0015,a5b89ed25688f378,native_source_context_fallback,wrist_confidence_below_floor,17476.9,3.42,,1,01/e1/v1,rtmpose_baseline
corpus_01,01.Candidate was found using a mobile phone in the examination hall..mkv,b842b03e5784d867e93770560d88150a526250df69077cd3065edbbd4c842098,dfine_sahi,63860.0,unknown_object,0.6611,1002.7,437.29,1147.83,605.97,24480.0,145.13,168.68,0.86,False,,True,unattributed,7,evt_01-P03_desk_work_surface_0015,ff3226c83ee22aef,pose_hand_context,,46820.3,2.96,,1,01/e1/v1,rtmpose_baseline
corpus_01,01.Candidate was found using a mobile phone in the examination hall..mkv,b842b03e5784d867e93770560d88150a526250df69077cd3065edbbd4c842098,dfine_sahi,63860.0,unknown_object,0.4853,1025.97,578.07,1147.94,651.73,8984.7,121.97,73.66,1.656,False,,True,unattributed,7,evt_01-P03_desk_work_surface_0015,ff3226c83ee22aef,pose_hand_context,,46820.3,2.96,,1,01/e1/v1,rtmpose_baseline
corpus_01,01.Candidate was found using a mobile phone in the examination hall..mkv,b842b03e5784d867e93770560d88150a526250df69077cd3065edbbd4c842098,dfine_sahi,63860.0,unknown_object,0.4159,957.36,484.44,1017.76,529.63,2729.5,60.4,45.19,1.336,False,,True,unattributed,7,evt_01-P03_desk_work_surface_0015,ff3226c83ee22aef,pose_hand_context,,46820.3,2.96,,1,01/e1/v1,rtmpose_baseline
corpus_01,01.Candidate was found using a mobile phone in the examination hall..mkv,b842b03e5784d867e93770560d88150a526250df69077cd3065edbbd4c842098,dfine_sahi,63860.0,unknown_object,0.4103,990.21,587.02,1052.99,651.7,4060.5,62.79,64.67,0.971,False,,True,unattributed,7,evt_01-P03_desk_work_surface_0015,ff3226c83ee22aef,pose_hand_context,,46820.3,2.96,,1,01/e1/v1,rtmpose_baseline
corpus_01,01.Candidate was found using a mobile phone in the examination hall..mkv,b842b03e5784d867e93770560d88150a526250df69077cd3065edbbd4c842098,dfine_sahi,63860.0,unknown_object,0.3746,931.3,436.16,1031.47,487.86,5179.6,100.18,51.7,1.938,False,,True,unattributed,7,evt_01-P03_desk_work_surface_0015,ff3226c83ee22aef,pose_hand_context,,46820.3,2.96,,1,01/e1/v1,rtmpose_baseline
corpus_01,01.Candidate was found using a mobile phone in the examination hall..mkv,b842b03e5784d867e93770560d88150a526250df69077cd3065edbbd4c842098,dfine_sahi,63860.0,unknown_object,0.3625,1014.97,453.38,1052.96,537.85,3208.6,37.98,84.48,0.45,False,,True,unattributed,7,evt_01-P03_desk_work_surface_0015,ff3226c83ee22aef,pose_hand_context,,46820.3,2.96,,1,01/e1/v1,rtmpose_baseline
corpus_01,01.Candidate was found using a mobile phone in the examination hall..mkv,b842b03e5784d867e93770560d88150a526250df69077cd3065edbbd4c842098,dfine_sahi,63860.0,unknown_object,0.3423,1033.95,530.06,1147.59,582.41,5950.2,113.65,52.36,2.171,False,,True,unattributed,7,evt_01-P03_desk_work_surface_0015,ff3226c83ee22aef,pose_hand_context,,46820.3,2.96,,1,01/e1/v1,rtmpose_baseline
corpus_01,01.Candidate was found using a mobile phone in the examination hall..mkv,b842b03e5784d867e93770560d88150a526250df69077cd3065edbbd4c842098,dfine_sahi,63860.0,bag,0.3328,957.21,483.11,1018.72,526.75,2684.7,61.51,43.65,1.409,False,,True,unattributed,7,evt_01-P03_desk_work_surface_0015,ff3226c83ee22aef,pose_hand_context,,46820.3,2.96,,1,01/e1/v1,rtmpose_baseline
corpus_01,01.Candidate was found using a mobile phone in the examination hall..mkv,b842b03e5784d867e93770560d88150a526250df69077cd3065edbbd4c842098,dfine_sahi,63860.0,unknown_object,0.2778,989.71,569.16,1011.8,615.69,1027.5,22.09,46.52,0.475,False,,True,unattributed,7,evt_01-P03_desk_work_surface_0015,ff3226c83ee22aef,pose_hand_context,,46820.3,2.96,,1,01/e1/v1,rtmpose_baseline
corpus_01,01.Candidate was found using a mobile phone in the examination hall..mkv,b842b03e5784d867e93770560d88150a526250df69077cd3065edbbd4c842098,dfine_sahi,63860.0,unknown_object,0.2547,1026.88,436.15,1093.37,479.91,2909.4,66.49,43.76,1.519,False,,True,unattributed,7,evt_01-P03_desk_work_surface_0015,ff3226c83ee22aef,pose_hand_context,,46820.3,2.96,,1,01/e1/v1,rtmpose_baseline
corpus_01,01.Candidate was found using a mobile phone in the examination hall..mkv,b842b03e5784d867e93770560d88150a526250df69077cd3065edbbd4c842098,dfine_sahi,63860.0,unknown_object,0.2521,962.97,569.35,1011.98,634.47,3192.0,49.02,65.12,0.753,False,,True,unattributed,7,evt_01-P03_desk_work_surface_0015,ff3226c83ee22aef,pose_hand_context,,46820.3,2.96,,1,01/e1/v1,rtmpose_baseline
corpus_01,01.Candidate was found using a mobile phone in the examination hall..mkv,b842b03e5784d867e93770560d88150a526250df69077cd3065edbbd4c842098,dfine_sahi,64020.0,unknown_object,0.5155,752.12,333.93,794.07,406.54,3046.4,41.96,72.61,0.578,False,,True,unattributed,9,evt_01-P06_desk_work_surface_0043,04624ac6c69b85d2,native_source_context_fallback,wrist_confidence_below_floor,16505.1,3.41,,1,01/e1/v1,rtmpose_baseline
corpus_01,01.Candidate was found using a mobile phone in the examination hall..mkv,b842b03e5784d867e93770560d88150a526250df69077cd3065edbbd4c842098,dfine_sahi,64020.0,monitor_or_bezel,0.4912,728.12,301.1,777.1,342.31,2018.4,48.98,41.21,1.188,False,,True,unattributed,9,evt_01-P06_desk_work_surface_0043,04624ac6c69b85d2,native_source_context_fallback,wrist_confidence_below_floor,16505.1,3.41,,1,01/e1/v1,rtmpose_baseline
corpus_01,01.Candidate was found using a mobile phone in the examination hall..mkv,b842b03e5784d867e93770560d88150a526250df69077cd3065edbbd4c842098,dfine_sahi,64020.0,unknown_object,0.4506,698.4,384.16,771.95,487.79,7621.8,73.55,103.63,0.71,False,,True,unattributed,9,evt_01-P06_desk_work_surface_0043,04624ac6c69b85d2,native_source_context_fallback,wrist_confidence_below_floor,16505.1,3.41,,1,01/e1/v1,rtmpose_baseline
corpus_01,01.Candidate was found using a mobile phone in the examination hall..mkv,b842b03e5784d867e93770560d88150a526250df69077cd3065edbbd4c842098,dfine_sahi,64020.0,unknown_object,0.3317,727.06,301.17,794.08,406.56,7063.5,67.02,105.39,0.636,False,,True,unattributed,9,evt_01-P06_desk_work_surface_0043,04624ac6c69b85d2,native_source_context_fallback,wrist_confidence_below_floor,16505.1,3.41,,1,01/e1/v1,rtmpose_baseline
corpus_01,01.Candidate was found using a mobile phone in the examination hall..mkv,b842b03e5784d867e93770560d88150a526250df69077cd3065edbbd4c842098,dfine_sahi,64020.0,phone,0.324,723.06,452.84,753.98,466.85,433.2,30.91,14.01,2.206,False,,True,unattributed,9,evt_01-P06_desk_work_surface_0043,04624ac6c69b85d2,native_source_context_fallback,wrist_confidence_below_floor,16505.1,3.41,,1,01/e1/v1,rtmpose_baseline
corpus_01,01.Candidate was found using a mobile phone in the examination hall..mkv,b842b03e5784d867e93770560d88150a526250df69077cd3065edbbd4c842098,dfine_sahi,64020.0,unknown_object,0.2825,738.21,341.24,763.11,383.6,1054.5,24.9,42.36,0.588,False,,True,unattributed,9,evt_01-P06_desk_work_surface_0043,04624ac6c69b85d2,native_source_context_fallback,wrist_confidence_below_floor,16505.1,3.41,,1,01/e1/v1,rtmpose_baseline
corpus_01,01.Candidate was found using a mobile phone in the examination hall..mkv,b842b03e5784d867e93770560d88150a526250df69077cd3065edbbd4c842098,dfine_sahi,64020.0,unknown_object,0.2634,732.64,418.7,771.51,460.49,1624.5,38.87,41.79,0.93,False,,True,unattributed,9,evt_01-P06_desk_work_surface_0043,04624ac6c69b85d2,native_source_context_fallback,wrist_confidence_below_floor,16505.1,3.41,,1,01/e1/v1,rtmpose_baseline
corpus_01,01.Candidate was found using a mobile phone in the examination hall..mkv,b842b03e5784d867e93770560d88150a526250df69077cd3065edbbd4c842098,dfine_sahi,64020.0,monitor_or_bezel,0.261,774.53,301.11,794.21,335.87,684.1,19.68,34.76,0.566,False,,True,unattributed,9,evt_01-P06_desk_work_surface_0043,04624ac6c69b85d2,native_source_context_fallback,wrist_confidence_below_floor,16505.1,3.41,,1,01/e1/v1,rtmpose_baseline
corpus_01,01.Candidate was found using a mobile phone in the examination hall..mkv,b842b03e5784d867e93770560d88150a526250df69077cd3065edbbd4c842098,dfine_sahi,64020.0,unknown_object,0.2538,659.99,363.55,739.19,406.54,3404.7,79.2,42.99,1.842,False,,True,unattributed,9,evt_01-P06_desk_work_surface_0043,04624ac6c69b85d2,native_source_context_fallback,wrist_confidence_below_floor,16505.1,3.41,,1,01/e1/v1,rtmpose_baseline
corpus_01,01.Candidate was found using a mobile phone in the examination hall..mkv,b842b03e5784d867e93770560d88150a526250df69077cd3065edbbd4c842098,dfine_sahi,64020.0,unknown_object,0.251,734.79,391.09,746.66,406.95,188.1,11.86,15.86,0.748,False,,True,unattributed,9,evt_01-P06_desk_work_surface_0043,04624ac6c69b85d2,native_source_context_fallback,wrist_confidence_below_floor,16505.1,3.41,,1,01/e1/v1,rtmpose_baseline
corpus_01,01.Candidate was found using a mobile phone in the examination hall..mkv,b842b03e5784d867e93770560d88150a526250df69077cd3065edbbd4c842098,dfine_sahi,64020.0,bag,0.4384,473.02,680.32,509.07,710.27,1079.9,36.05,29.96,1.203,False,,True,unattributed,4,evt_01-P06_desk_work_surface_0043,9af31f435fcf7a11,pose_hand_context,,11648.1,4.28,,1,01/e1/v1,rtmpose_baseline
corpus_01,01.Candidate was found using a mobile phone in the examination hall..mkv,b842b03e5784d867e93770560d88150a526250df69077cd3065edbbd4c842098,dfine_sahi,64020.0,unknown_object,0.4017,592.18,646.64,616.93,671.51,615.6,24.75,24.87,0.995,False,,True,unattributed,4,evt_01-P06_desk_work_surface_0043,9af31f435fcf7a11,pose_hand_context,,11648.1,4.28,,1,01/e1/v1,rtmpose_baseline
corpus_01,01.Candidate was found using a mobile phone in the examination hall..mkv,b842b03e5784d867e93770560d88150a526250df69077cd3065edbbd4c842098,dfine_sahi,64020.0,unknown_object,0.3778,478.99,624.32,564.04,719.13,8063.1,85.05,94.8,0.897,False,,True,unattributed,4,evt_01-P06_desk_work_surface_0043,9af31f435fcf7a11,pose_hand_context,,11648.1,4.28,,1,01/e1/v1,rtmpose_baseline
corpus_01,01.Candidate was found using a mobile phone in the examination hall..mkv,b842b03e5784d867e93770560d88150a526250df69077cd3065edbbd4c842098,dfine_sahi,64020.0,unknown_object,0.3523,479.03,676.03,545.0,719.22,2849.5,65.97,43.19,1.527,False,,True,unattributed,4,evt_01-P06_desk_work_surface_0043,9af31f435fcf7a11,pose_hand_context,,11648.1,4.28,,1,01/e1/v1,rtmpose_baseline
corpus_01,01.Candidate was found using a mobile phone in the examination hall..mkv,b842b03e5784d867e93770560d88150a526250df69077cd3065edbbd4c842098,dfine_sahi,64020.0,bag,0.2969,472.99,625.21,545.89,718.96,6833.8,72.9,93.75,0.778,False,,True,unattributed,4,evt_01-P06_desk_work_surface_0043,9af31f435fcf7a11,pose_hand_context,,11648.1,4.28,,1,01/e1/v1,rtmpose_baseline
corpus_01,01.Candidate was found using a mobile phone in the examination hall..mkv,b842b03e5784d867e93770560d88150a526250df69077cd3065edbbd4c842098,dfine_sahi,64020.0,bag,0.2906,473.07,679.9,545.09,719.24,2833.4,72.01,39.34,1.83,False,,True,unattributed,4,evt_01-P06_desk_work_surface_0043,9af31f435fcf7a11,pose_hand_context,,11648.1,4.28,,1,01/e1/v1,rtmpose_baseline
corpus_01,01.Candidate was found using a mobile phone in the examination hall..mkv,b842b03e5784d867e93770560d88150a526250df69077cd3065edbbd4c842098,dfine_sahi,64020.0,unknown_object,0.6811,1013.6,437.67,1146.82,591.55,20498.5,133.22,153.87,0.866,False,,True,unattributed,7,evt_01-P06_desk_work_surface_0043,f0d03d7c148afb27,pose_hand_context,,46535.1,2.97,,1,01/e1/v1,rtmpose_baseline
corpus_01,01.Candidate was found using a mobile phone in the examination hall..mkv,b842b03e5784d867e93770560d88150a526250df69077cd3065edbbd4c842098,dfine_sahi,64020.0,unknown_object,0.4462,1025.91,531.08,1147.04,652.63,14722.6,121.12,121.55,0.997,False,,True,unattributed,7,evt_01-P06_desk_work_surface_0043,f0d03d7c148afb27,pose_hand_context,,46535.1,2.97,,1,01/e1/v1,rtmpose_baseline
corpus_01,01.Candidate was found using a mobile phone in the examination hall..mkv,b842b03e5784d867e93770560d88150a526250df69077cd3065edbbd4c842098,dfine_sahi,64020.0,stationery,0.4452,1026.24,437.9,1052.33,482.29,1158.1,26.09,44.39,0.588,False,,True,unattributed,7,evt_01-P06_desk_work_surface_0043,f0d03d7c148afb27,pose_hand_context,,46535.1,2.97,,1,01/e1/v1,rtmpose_baseline
corpus_01,01.Candidate was found using a mobile phone in the examination hall..mkv,b842b03e5784d867e93770560d88150a526250df69077cd3065edbbd4c842098,dfine_sahi,64020.0,unknown_object,0.4356,931.38,437.16,1032.0,530.37,9378.6,100.62,93.2,1.08,False,,True,unattributed,7,evt_01-P06_desk_work_surface_0043,f0d03d7c148afb27,pose_hand_context,,46535.1,2.97,,1,01/e1/v1,rtmpose_baseline
corpus_01,01.Candidate was found using a mobile phone in the examination hall..mkv,b842b03e5784d867e93770560d88150a526250df69077cd3065edbbd4c842098,dfine_sahi,64020.0,unknown_object,0.4267,1014.81,452.78,1052.98,538.9,3286.8,38.17,86.11,0.443,False,,True,unattributed,7,evt_01-P06_desk_work_surface_0043,f0d03d7c148afb27,pose_hand_context,,46535.1,2.97,,1,01/e1/v1,rtmpose_baseline
corpus_01,01.Candidate was found using a mobile phone in the examination hall..mkv,b842b03e5784d867e93770560d88150a526250df69077cd3065edbbd4c842098,dfine_sahi,64020.0,unknown_object,0.3776,990.22,586.61,1052.98,652.58,4140.0,62.76,65.97,0.951,False,,True,unattributed,7,evt_01-P06_desk_work_surface_0043,f0d03d7c148afb27,pose_hand_context,,46535.1,2.97,,1,01/e1/v1,rtmpose_baseline
corpus_01,01.Candidate was found using a mobile phone in the examination hall..mkv,b842b03e5784d867e93770560d88150a526250df69077cd3065edbbd4c842098,dfine_sahi,64020.0,unknown_object,0.3591,956.57,484.51,1017.63,530.56,2811.6,61.06,46.05,1.326,False,,True,unattributed,7,evt_01-P06_desk_work_surface_0043,f0d03d7c148afb27,pose_hand_context,,46535.1,2.97,,1,01/e1/v1,rtmpose_baseline
corpus_01,01.Candidate was found using a mobile phone in the examination hall..mkv,b842b03e5784d867e93770560d88150a526250df69077cd3065edbbd4c842098,dfine_sahi,64020.0,unknown_object,0.311,948.01,437.1,1031.51,486.3,4108.3,83.5,49.2,1.697,False,,True,unattributed,7,evt_01-P06_desk_work_surface_0043,f0d03d7c148afb27,pose_hand_context,,46535.1,2.97,,1,01/e1/v1,rtmpose_baseline
corpus_01,01.Candidate was found using a mobile phone in the examination hall..mkv,b842b03e5784d867e93770560d88150a526250df69077cd3065edbbd4c842098,dfine_sahi,64020.0,phone,0.2939,1123.55,488.83,1147.0,557.61,1612.7,23.45,68.78,0.341,False,,True,unattributed,7,evt_01-P06_desk_work_surface_0043,f0d03d7c148afb27,pose_hand_context,,46535.1,2.97,,1,01/e1/v1,rtmpose_baseline
corpus_01,01.Candidate was found using a mobile phone in the examination hall..mkv,b842b03e5784d867e93770560d88150a526250df69077cd3065edbbd4c842098,dfine_sahi,64020.0,unknown_object,0.2887,1103.87,629.74,1125.31,652.92,497.0,21.44,23.18,0.925,False,,True,unattributed,7,evt_01-P06_desk_work_surface_0043,f0d03d7c148afb27,pose_hand_context,,46535.1,2.97,,1,01/e1/v1,rtmpose_baseline
corpus_01,01.Candidate was found using a mobile phone in the examination hall..mkv,b842b03e5784d867e93770560d88150a526250df69077cd3065edbbd4c842098,dfine_sahi,64340.0,unknown_object,0.6076,1005.73,438.36,1143.84,599.34,22233.2,138.11,160.98,0.858,False,,True,unattributed,7,evt_01-P03_upper_body_0019,5e67cf09cc85d7b5,pose_hand_context,,46096.1,2.98,,1,01/e1/v1,rtmpose_baseline
corpus_01,01.Candidate was found using a mobile phone in the examination hall..mkv,b842b03e5784d867e93770560d88150a526250df69077cd3065edbbd4c842098,dfine_sahi,64340.0,unknown_object,0.5659,1023.97,578.27,1143.92,651.66,8803.6,119.96,73.39,1.635,False,,True,unattributed,7,evt_01-P03_upper_body_0019,5e67cf09cc85d7b5,pose_hand_context,,46096.1,2.98,,1,01/e1/v1,rtmpose_baseline
corpus_01,01.Candidate was found using a mobile phone in the examination hall..mkv,b842b03e5784d867e93770560d88150a526250df69077cd3065edbbd4c842098,dfine_sahi,64340.0,unknown_object,0.4885,930.25,438.23,1032.24,531.68,9530.6,101.98,93.45,1.091,False,,True,unattributed,7,evt_01-P03_upper_body_0019,5e67cf09cc85d7b5,pose_hand_context,,46096.1,2.98,,1,01/e1/v1,rtmpose_baseline
corpus_01,01.Candidate was found using a mobile phone in the examination hall..mkv,b842b03e5784d867e93770560d88150a526250df69077cd3065edbbd4c842098,dfine_sahi,64340.0,unknown_object,0.4868,1014.75,454.13,1049.94,540.48,3038.4,35.19,86.35,0.407,False,,True,unattributed,7,evt_01-P03_upper_body_0019,5e67cf09cc85d7b5,pose_hand_context,,46096.1,2.98,,1,01/e1/v1,rtmpose_baseline
corpus_01,01.Candidate was found using a mobile phone in the examination hall..mkv,b842b03e5784d867e93770560d88150a526250df69077cd3065edbbd4c842098,dfine_sahi,64340.0,unknown_object,0.4278,1023.98,576.32,1100.63,607.96,2425.1,76.65,31.64,2.423,False,,True,unattributed,7,evt_01-P03_upper_body_0019,5e67cf09cc85d7b5,pose_hand_context,,46096.1,2.98,,1,01/e1/v1,rtmpose_baseline
corpus_01,01.Candidate was found using a mobile phone in the examination hall..mkv,b842b03e5784d867e93770560d88150a526250df69077cd3065edbbd4c842098,dfine_sahi,64340.0,unknown_object,0.3078,989.92,586.81,1049.99,651.47,3884.4,60.07,64.67,0.929,False,,True,unattributed,7,evt_01-P03_upper_body_0019,5e67cf09cc85d7b5,pose_hand_context,,46096.1,2.98,,1,01/e1/v1,rtmpose_baseline
corpus_01,01.Candidate was found using a mobile phone in the examination hall..mkv,b842b03e5784d867e93770560d88150a526250df69077cd3065edbbd4c842098,dfine_sahi,64340.0,unknown_object,0.3064,1024.04,438.19,1090.08,541.2,6803.3,66.04,103.01,0.641,False,,True,unattributed,7,evt_01-P03_upper_body_0019,5e67cf09cc85d7b5,pose_hand_context,,46096.1,2.98,,1,01/e1/v1,rtmpose_baseline
corpus_01,01.Candidate was found using a mobile phone in the examination hall..mkv,b842b03e5784d867e93770560d88150a526250df69077cd3065edbbd4c842098,dfine_sahi,64340.0,phone,0.2905,1123.9,489.24,1143.98,557.44,1369.6,20.08,68.2,0.294,False,,True,unattributed,7,evt_01-P03_upper_body_0019,5e67cf09cc85d7b5,pose_hand_context,,46096.1,2.98,,1,01/e1/v1,rtmpose_baseline
corpus_01,01.Candidate was found using a mobile phone in the examination hall..mkv,b842b03e5784d867e93770560d88150a526250df69077cd3065edbbd4c842098,dfine_sahi,64340.0,stationery,0.2869,990.16,585.21,1049.91,637.25,3109.1,59.75,52.04,1.148,False,,True,unattributed,7,evt_01-P03_upper_body_0019,5e67cf09cc85d7b5,pose_hand_context,,46096.1,2.98,,1,01/e1/v1,rtmpose_baseline
corpus_01,01.Candidate was found using a mobile phone in the examination hall..mkv,b842b03e5784d867e93770560d88150a526250df69077cd3065edbbd4c842098,dfine_sahi,64340.0,unknown_object,0.2721,930.0,532.13,959.34,575.26,1265.4,29.34,43.13,0.68,False,,True,unattributed,7,evt_01-P03_upper_body_0019,5e67cf09cc85d7b5,pose_hand_context,,46096.1,2.98,,1,01/e1/v1,rtmpose_baseline
corpus_01,01.Candidate was found using a mobile phone in the examination hall..mkv,b842b03e5784d867e93770560d88150a526250df69077cd3065edbbd4c842098,dfine_sahi,64340.0,unknown_object,0.2643,1024.73,438.11,1089.07,484.29,2971.3,64.33,46.19,1.393,False,,True,unattributed,7,evt_01-P03_upper_body_0019,5e67cf09cc85d7b5,pose_hand_context,,46096.1,2.98,,1,01/e1/v1,rtmpose_baseline
corpus_01,01.Candidate was found using a mobile phone in the examination hall..mkv,b842b03e5784d867e93770560d88150a526250df69077cd3065edbbd4c842098,dfine_sahi,64340.0,unknown_object,0.5545,752.85,334.07,796.05,407.64,3178.1,43.2,73.57,0.587,False,,True,unattributed,9,evt_01-P03_upper_body_0019,5f902a8273829479,native_source_context_fallback,wrist_confidence_below_floor,15658.4,3.39,,1,01/e1/v1,rtmpose_baseline
corpus_01,01.Candidate was found using a mobile phone in the examination hall..mkv,b842b03e5784d867e93770560d88150a526250df69077cd3065edbbd4c842098,dfine_sahi,64340.0,unknown_object,0.3997,700.12,384.13,772.11,489.31,7572.5,71.99,105.18,0.684,False,,True,unattributed,9,evt_01-P03_upper_body_0019,5f902a8273829479,native_source_context_fallback,wrist_confidence_below_floor,15658.4,3.39,,1,01/e1/v1,rtmpose_baseline
corpus_01,01.Candidate was found using a mobile phone in the examination hall..mkv,b842b03e5784d867e93770560d88150a526250df69077cd3065edbbd4c842098,dfine_sahi,64340.0,monitor_or_bezel,0.3329,732.77,302.11,759.08,346.79,1175.3,26.31,44.67,0.589,False,,True,unattributed,9,evt_01-P03_upper_body_0019,5f902a8273829479,native_source_context_fallback,wrist_confidence_below_floor,15658.4,3.39,,1,01/e1/v1,rtmpose_baseline
corpus_01,01.Candidate was found using a mobile phone in the examination hall..mkv,b842b03e5784d867e93770560d88150a526250df69077cd3065edbbd4c842098,dfine_sahi,64340.0,bag,0.3028,699.95,454.36,754.38,489.85,1931.6,54.43,35.49,1.534,False,,True,unattributed,9,evt_01-P03_upper_body_0019,5f902a8273829479,native_source_context_fallback,wrist_confidence_below_floor,15658.4,3.39,,1,01/e1/v1,rtmpose_baseline
corpus_01,01.Candidate was found using a mobile phone in the examination hall..mkv,b842b03e5784d867e93770560d88150a526250df69077cd3065edbbd4c842098,dfine_sahi,64340.0,unknown_object,0.2892,699.78,454.17,754.24,490.32,1969.0,54.46,36.15,1.506,False,,True,unattributed,9,evt_01-P03_upper_body_0019,5f902a8273829479,native_source_context_fallback,wrist_confidence_below_floor,15658.4,3.39,,1,01/e1/v1,rtmpose_baseline
corpus_01,01.Candidate was found using a mobile phone in the examination hall..mkv,b842b03e5784d867e93770560d88150a526250df69077cd3065edbbd4c842098,dfine_sahi,64340.0,monitor_or_bezel,0.2747,774.58,302.12,795.98,336.21,729.6,21.4,34.09,0.628,False,,True,unattributed,9,evt_01-P03_upper_body_0019,5f902a8273829479,native_source_context_fallback,wrist_confidence_below_floor,15658.4,3.39,,1,01/e1/v1,rtmpose_baseline
corpus_01,01.Candidate was found using a mobile phone in the examination hall..mkv,b842b03e5784d867e93770560d88150a526250df69077cd3065edbbd4c842098,dfine_sahi,64340.0,unknown_object,0.2557,738.98,341.22,762.86,381.78,968.6,23.88,40.56,0.589,False,,True,unattributed,9,evt_01-P03_upper_body_0019,5f902a8273829479,native_source_context_fallback,wrist_confidence_below_floor,15658.4,3.39,,1,01/e1/v1,rtmpose_baseline
corpus_01,01.Candidate was found using a mobile phone in the examination hall..mkv,b842b03e5784d867e93770560d88150a526250df69077cd3065edbbd4c842098,dfine_sahi,64340.0,unknown_object,0.2535,687.47,471.55,706.19,490.98,363.8,18.73,19.42,0.964,False,,True,unattributed,9,evt_01-P03_upper_body_0019,5f902a8273829479,native_source_context_fallback,wrist_confidence_below_floor,15658.4,3.39,,1,01/e1/v1,rtmpose_baseline
corpus_01,01.Candidate was found using a mobile phone in the examination hall..mkv,b842b03e5784d867e93770560d88150a526250df69077cd3065edbbd4c842098,dfine_sahi,64340.0,unknown_object,0.4186,476.03,652.72,547.94,719.07,4770.8,71.91,66.34,1.084,False,,True,unattributed,4,evt_01-P03_upper_body_0019,79ccb6fea0bee3e8,pose_hand_context,,10735.3,4.48,,1,01/e1/v1,rtmpose_baseline
corpus_01,01.Candidate was found using a mobile phone in the examination hall..mkv,b842b03e5784d867e93770560d88150a526250df69077cd3065edbbd4c842098,dfine_sahi,64340.0,phone,0.3332,484.02,683.84,509.24,716.2,816.3,25.23,32.36,0.78,False,,True,unattributed,4,evt_01-P03_upper_body_0019,79ccb6fea0bee3e8,pose_hand_context,,10735.3,4.48,,1,01/e1/v1,rtmpose_baseline
corpus_01,01.Candidate was found using a mobile phone in the examination hall..mkv,b842b03e5784d867e93770560d88150a526250df69077cd3065edbbd4c842098,dfine_sahi,64340.0,bag,0.291,476.02,681.54,509.12,712.32,1018.7,33.1,30.78,1.076,False,,True,unattributed,4,evt_01-P03_upper_body_0019,79ccb6fea0bee3e8,pose_hand_context,,10735.3,4.48,,1,01/e1/v1,rtmpose_baseline
corpus_01,01.Candidate was found using a mobile phone in the examination hall..mkv,b842b03e5784d867e93770560d88150a526250df69077cd3065edbbd4c842098,dfine_sahi,64340.0,unknown_object,0.2553,515.41,623.92,566.41,705.67,4169.6,51.0,81.75,0.624,False,,True,unattributed,4,evt_01-P03_upper_body_0019,79ccb6fea0bee3e8,pose_hand_context,,10735.3,4.48,,1,01/e1/v1,rtmpose_baseline
corpus_01,01.Candidate was found using a mobile phone in the examination hall..mkv,b842b03e5784d867e93770560d88150a526250df69077cd3065edbbd4c842098,dfine_sahi,64380.0,unknown_object,0.6127,1023.97,578.02,1143.93,650.11,8648.6,119.96,72.09,1.664,False,,True,unattributed,7,evt_01-P01_desk_work_surface_0002,1f614a383f284659,pose_hand_context,,45403.1,3.0,,1,01/e1/v1,rtmpose_baseline
corpus_01,01.Candidate was found using a mobile phone in the examination hall..mkv,b842b03e5784d867e93770560d88150a526250df69077cd3065edbbd4c842098,dfine_sahi,64380.0,unknown_object,0.5822,1005.7,438.36,1143.8,597.19,21935.6,138.11,158.83,0.87,False,,True,unattributed,7,evt_01-P01_desk_work_surface_0002,1f614a383f284659,pose_hand_context,,45403.1,3.0,,1,01/e1/v1,rtmpose_baseline
corpus_01,01.Candidate was found using a mobile phone in the examination hall..mkv,b842b03e5784d867e93770560d88150a526250df69077cd3065edbbd4c842098,dfine_sahi,64380.0,unknown_object,0.5659,931.21,438.27,1031.79,531.38,9365.2,100.58,93.11,1.08,False,,True,unattributed,7,evt_01-P01_desk_work_surface_0002,1f614a383f284659,pose_hand_context,,45403.1,3.0,,1,01/e1/v1,rtmpose_baseline
corpus_01,01.Candidate was found using a mobile phone in the examination hall..mkv,b842b03e5784d867e93770560d88150a526250df69077cd3065edbbd4c842098,dfine_sahi,64380.0,unknown_object,0.4922,1014.75,455.05,1050.07,541.01,3036.4,35.32,85.96,0.411,False,,True,unattributed,7,evt_01-P01_desk_work_surface_0002,1f614a383f284659,pose_hand_context,,45403.1,3.0,,1,01/e1/v1,rtmpose_baseline
corpus_01,01.Candidate was found using a mobile phone in the examination hall..mkv,b842b03e5784d867e93770560d88150a526250df69077cd3065edbbd4c842098,dfine_sahi,64380.0,unknown_object,0.3197,1024.03,438.23,1090.13,541.28,6811.7,66.1,103.05,0.641,False,,True,unattributed,7,evt_01-P01_desk_work_surface_0002,1f614a383f284659,pose_hand_context,,45403.1,3.0,,1,01/e1/v1,rtmpose_baseline
corpus_01,01.Candidate was found using a mobile phone in the examination hall..mkv,b842b03e5784d867e93770560d88150a526250df69077cd3065edbbd4c842098,dfine_sahi,64380.0,phone,0.317,1123.76,489.26,1143.98,557.4,1377.9,20.22,68.14,0.297,False,,True,unattributed,7,evt_01-P01_desk_work_surface_0002,1f614a383f284659,pose_hand_context,,45403.1,3.0,,1,01/e1/v1,rtmpose_baseline
corpus_01,01.Candidate was found using a mobile phone in the examination hall..mkv,b842b03e5784d867e93770560d88150a526250df69077cd3065edbbd4c842098,dfine_sahi,64380.0,unknown_object,0.2968,989.92,585.94,1049.98,650.52,3878.9,60.06,64.58,0.93,False,,True,unattributed,7,evt_01-P01_desk_work_surface_0002,1f614a383f284659,pose_hand_context,,45403.1,3.0,,1,01/e1/v1,rtmpose_baseline
corpus_01,01.Candidate was found using a mobile phone in the examination hall..mkv,b842b03e5784d867e93770560d88150a526250df69077cd3065edbbd4c842098,dfine_sahi,64380.0,unknown_object,0.5881,736.93,341.47,762.07,377.79,913.1,25.14,36.32,0.692,False,,True,unattributed,9,evt_01-P01_desk_work_surface_0002,2a887bc96d9c6848,native_source_context_fallback,wrist_confidence_below_floor,15665.2,3.39,,1,01/e1/v1,rtmpose_baseline
corpus_01,01.Candidate was found using a mobile phone in the examination hall..mkv,b842b03e5784d867e93770560d88150a526250df69077cd3065edbbd4c842098,dfine_sahi,64380.0,unknown_object,0.4705,752.73,333.74,796.03,407.63,3199.5,43.3,73.89,0.586,False,,True,unattributed,9,evt_01-P01_desk_work_surface_0002,2a887bc96d9c6848,native_source_context_fallback,wrist_confidence_below_floor,15665.2,3.39,,1,01/e1/v1,rtmpose_baseline
corpus_01,01.Candidate was found using a mobile phone in the examination hall..mkv,b842b03e5784d867e93770560d88150a526250df69077cd3065edbbd4c842098,dfine_sahi,64380.0,unknown_object,0.3772,714.9,341.38,762.08,407.88,3137.6,47.18,66.5,0.709,False,,True,unattributed,9,evt_01-P01_desk_work_surface_0002,2a887bc96d9c6848,native_source_context_fallback,wrist_confidence_below_floor,15665.2,3.39,,1,01/e1/v1,rtmpose_baseline
corpus_01,01.Candidate was found using a mobile phone in the examination hall..mkv,b842b03e5784d867e93770560d88150a526250df69077cd3065edbbd4c842098,dfine_sahi,64380.0,monitor_or_bezel,0.3654,732.93,302.08,760.03,334.75,885.3,27.1,32.67,0.829,False,,True,unattributed,9,evt_01-P01_desk_work_surface_0002,2a887bc96d9c6848,native_source_context_fallback,wrist_confidence_below_floor,15665.2,3.39,,1,01/e1/v1,rtmpose_baseline
corpus_01,01.Candidate was found using a mobile phone in the examination hall..mkv,b842b03e5784d867e93770560d88150a526250df69077cd3065edbbd4c842098,dfine_sahi,64380.0,unknown_object,0.3266,663.96,385.29,732.57,481.04,6569.5,68.61,95.75,0.717,False,,True,unattributed,9,evt_01-P01_desk_work_surface_0002,2a887bc96d9c6848,native_source_context_fallback,wrist_confidence_below_floor,15665.2,3.39,,1,01/e1/v1,rtmpose_baseline
corpus_01,01.Candidate was found using a mobile phone in the examination hall..mkv,b842b03e5784d867e93770560d88150a526250df69077cd3065edbbd4c842098,dfine_sahi,64380.0,unknown_object,0.3077,699.73,454.34,754.29,489.2,1901.6,54.56,34.85,1.566,False,,True,unattributed,9,evt_01-P01_desk_work_surface_0002,2a887bc96d9c6848,native_source_context_fallback,wrist_confidence_below_floor,15665.2,3.39,,1,01/e1/v1,rtmpose_baseline
corpus_01,01.Candidate was found using a mobile phone in the examination hall..mkv,b842b03e5784d867e93770560d88150a526250df69077cd3065edbbd4c842098,dfine_sahi,64380.0,unknown_object,0.285,663.97,358.05,731.8,407.58,3359.1,67.83,49.53,1.369,False,,True,unattributed,9,evt_01-P01_desk_work_surface_0002,2a887bc96d9c6848,native_source_context_fallback,wrist_confidence_below_floor,15665.2,3.39,,1,01/e1/v1,rtmpose_baseline
corpus_01,01.Candidate was found using a mobile phone in the examination hall..mkv,b842b03e5784d867e93770560d88150a526250df69077cd3065edbbd4c842098,dfine_sahi,64380.0,unknown_object,0.26,664.0,430.18,703.91,481.82,2060.8,39.91,51.64,0.773,False,,True,unattributed,9,evt_01-P01_desk_work_surface_0002,2a887bc96d9c6848,native_source_context_fallback,wrist_confidence_below_floor,15665.2,3.39,,1,01/e1/v1,rtmpose_baseline
corpus_01,01.Candidate was found using a mobile phone in the examination hall..mkv,b842b03e5784d867e93770560d88150a526250df69077cd3065edbbd4c842098,dfine_sahi,64380.0,unknown_object,0.5191,476.02,652.67,547.2,719.04,4724.9,71.18,66.38,1.072,False,,True,unattributed,4,evt_01-P01_desk_work_surface_0002,f845b57d9612df30,pose_hand_context,,10558.7,4.52,,1,01/e1/v1,rtmpose_baseline
corpus_01,01.Candidate was found using a mobile phone in the examination hall..mkv,b842b03e5784d867e93770560d88150a526250df69077cd3065edbbd4c842098,dfine_sahi,64380.0,unknown_object,0.3886,587.46,643.96,631.47,719.47,3323.2,44.01,75.51,0.583,False,,True,unattributed,4,evt_01-P01_desk_work_surface_0002,f845b57d9612df30,pose_hand_context,,10558.7,4.52,,1,01/e1/v1,rtmpose_baseline
corpus_01,01.Candidate was found using a mobile phone in the examination hall..mkv,b842b03e5784d867e93770560d88150a526250df69077cd3065edbbd4c842098,dfine_sahi,64380.0,phone,0.3861,484.02,683.73,509.2,716.23,818.6,25.18,32.51,0.775,False,,True,unattributed,4,evt_01-P01_desk_work_surface_0002,f845b57d9612df30,pose_hand_context,,10558.7,4.52,,1,01/e1/v1,rtmpose_baseline
corpus_01,01.Candidate was found using a mobile phone in the examination hall..mkv,b842b03e5784d867e93770560d88150a526250df69077cd3065edbbd4c842098,dfine_sahi,64380.0,bag,0.2858,476.02,681.62,509.15,713.3,1049.3,33.12,31.68,1.046,False,,True,unattributed,4,evt_01-P01_desk_work_surface_0002,f845b57d9612df30,pose_hand_context,,10558.7,4.52,,1,01/e1/v1,rtmpose_baseline
corpus_01,01.Candidate was found using a mobile phone in the examination hall..mkv,b842b03e5784d867e93770560d88150a526250df69077cd3065edbbd4c842098,dfine_sahi,64380.0,unknown_object,0.272,515.26,624.24,566.5,705.56,4166.8,51.24,81.32,0.63,False,,True,unattributed,4,evt_01-P01_desk_work_surface_0002,f845b57d9612df30,pose_hand_context,,10558.7,4.52,,1,01/e1/v1,rtmpose_baseline
corpus_01,01.Candidate was found using a mobile phone in the examination hall..mkv,b842b03e5784d867e93770560d88150a526250df69077cd3065edbbd4c842098,dfine_sahi,64380.0,stationery,0.2582,603.45,644.19,619.69,668.74,398.6,16.23,24.55,0.661,False,,True,unattributed,4,evt_01-P01_desk_work_surface_0002,f845b57d9612df30,pose_hand_context,,10558.7,4.52,,1,01/e1/v1,rtmpose_baseline
corpus_01,01.Candidate was found using a mobile phone in the examination hall..mkv,b842b03e5784d867e93770560d88150a526250df69077cd3065edbbd4c842098,dfine_sahi,64500.0,unknown_object,0.5725,739.73,341.61,759.89,375.87,690.6,20.16,34.26,0.588,False,,True,unattributed,9,evt_01-P01_upper_body_0006,0147c0897919cb2b,native_source_context_fallback,wrist_confidence_below_floor,15854.8,3.4,,1,01/e1/v1,rtmpose_baseline
corpus_01,01.Candidate was found using a mobile phone in the examination hall..mkv,b842b03e5784d867e93770560d88150a526250df69077cd3065edbbd4c842098,dfine_sahi,64500.0,unknown_object,0.5349,751.92,333.62,796.97,407.51,3328.6,45.05,73.89,0.61,False,,True,unattributed,9,evt_01-P01_upper_body_0006,0147c0897919cb2b,native_source_context_fallback,wrist_confidence_below_floor,15854.8,3.4,,1,01/e1/v1,rtmpose_baseline
corpus_01,01.Candidate was found using a mobile phone in the examination hall..mkv,b842b03e5784d867e93770560d88150a526250df69077cd3065edbbd4c842098,dfine_sahi,64500.0,phone,0.3933,724.82,454.05,754.38,466.17,358.1,29.56,12.12,2.44,False,,True,unattributed,9,evt_01-P01_upper_body_0006,0147c0897919cb2b,native_source_context_fallback,wrist_confidence_below_floor,15854.8,3.4,,1,01/e1/v1,rtmpose_baseline
corpus_01,01.Candidate was found using a mobile phone in the examination hall..mkv,b842b03e5784d867e93770560d88150a526250df69077cd3065edbbd4c842098,dfine_sahi,64500.0,unknown_object,0.3516,736.62,423.99,772.29,456.95,1175.7,35.67,32.96,1.082,False,,True,unattributed,9,evt_01-P01_upper_body_0006,0147c0897919cb2b,native_source_context_fallback,wrist_confidence_below_floor,15854.8,3.4,,1,01/e1/v1,rtmpose_baseline
corpus_01,01.Candidate was found using a mobile phone in the examination hall..mkv,b842b03e5784d867e93770560d88150a526250df69077cd3065edbbd4c842098,dfine_sahi,64500.0,unknown_object,0.3006,725.56,454.0,754.56,465.81,342.6,28.99,11.82,2.454,False,,True,unattributed,9,evt_01-P01_upper_body_0006,0147c0897919cb2b,native_source_context_fallback,wrist_confidence_below_floor,15854.8,3.4,,1,01/e1/v1,rtmpose_baseline
corpus_01,01.Candidate was found using a mobile phone in the examination hall..mkv,b842b03e5784d867e93770560d88150a526250df69077cd3065edbbd4c842098,dfine_sahi,64500.0,unknown_object,0.2996,712.24,341.35,760.01,407.56,3163.1,47.77,66.21,0.722,False,,True,unattributed,9,evt_01-P01_upper_body_0006,0147c0897919cb2b,native_source_context_fallback,wrist_confidence_below_floor,15854.8,3.4,,1,01/e1/v1,rtmpose_baseline
corpus_01,01.Candidate was found using a mobile phone in the examination hall..mkv,b842b03e5784d867e93770560d88150a526250df69077cd3065edbbd4c842098,dfine_sahi,64500.0,unknown_object,0.2775,703.47,461.72,751.24,483.26,1029.0,47.77,21.54,2.218,False,,True,unattributed,9,evt_01-P01_upper_body_0006,0147c0897919cb2b,native_source_context_fallback,wrist_confidence_below_floor,15854.8,3.4,,1,01/e1/v1,rtmpose_baseline
corpus_01,01.Candidate was found using a mobile phone in the examination hall..mkv,b842b03e5784d867e93770560d88150a526250df69077cd3065edbbd4c842098,dfine_sahi,64500.0,bag,0.2517,700.09,454.36,754.76,488.94,1890.6,54.67,34.58,1.581,False,,True,unattributed,9,evt_01-P01_upper_body_0006,0147c0897919cb2b,native_source_context_fallback,wrist_confidence_below_floor,15854.8,3.4,,1,01/e1/v1,rtmpose_baseline
corpus_01,01.Candidate was found using a mobile phone in the examination hall..mkv,b842b03e5784d867e93770560d88150a526250df69077cd3065edbbd4c842098,dfine_sahi,64500.0,monitor_or_bezel,0.2512,731.58,302.1,777.82,340.86,1792.6,46.24,38.76,1.193,False,,True,unattributed,9,evt_01-P01_upper_body_0006,0147c0897919cb2b,native_source_context_fallback,wrist_confidence_below_floor,15854.8,3.4,,1,01/e1/v1,rtmpose_baseline
corpus_01,01.Candidate was found using a mobile phone in the examination hall..mkv,b842b03e5784d867e93770560d88150a526250df69077cd3065edbbd4c842098,dfine_sahi,64500.0,unknown_object,0.629,545.16,618.21,631.89,713.39,8254.2,86.73,95.17,0.911,False,,True,unattributed,4,evt_01-P01_upper_body_0006,9c1d63353a9a7910,pose_hand_context,,10773.4,4.42,,1,01/e1/v1,rtmpose_baseline
corpus_01,01.Candidate was found using a mobile phone in the examination hall..mkv,b842b03e5784d867e93770560d88150a526250df69077cd3065edbbd4c842098,dfine_sahi,64500.0,unknown_object,0.3926,480.0,624.22,564.46,719.33,8033.1,84.46,95.11,0.888,False,,True,unattributed,4,evt_01-P01_upper_body_0006,9c1d63353a9a7910,pose_hand_context,,10773.4,4.42,,1,01/e1/v1,rtmpose_baseline
corpus_01,01.Candidate was found using a mobile phone in the examination hall..mkv,b842b03e5784d867e93770560d88150a526250df69077cd3065edbbd4c842098,dfine_sahi,64500.0,unknown_object,0.3336,587.15,626.86,625.01,717.15,3418.3,37.86,90.29,0.419,False,,True,unattributed,4,evt_01-P01_upper_body_0006,9c1d63353a9a7910,pose_hand_context,,10773.4,4.42,,1,01/e1/v1,rtmpose_baseline
corpus_01,01.Candidate was found using a mobile phone in the examination hall..mkv,b842b03e5784d867e93770560d88150a526250df69077cd3065edbbd4c842098,dfine_sahi,64500.0,bag,0.3186,472.03,680.23,509.08,713.28,1224.6,37.05,33.05,1.121,False,,True,unattributed,4,evt_01-P01_upper_body_0006,9c1d63353a9a7910,pose_hand_context,,10773.4,4.42,,1,01/e1/v1,rtmpose_baseline
corpus_01,01.Candidate was found using a mobile phone in the examination hall..mkv,b842b03e5784d867e93770560d88150a526250df69077cd3065edbbd4c842098,dfine_sahi,64500.0,unknown_object,0.7189,1003.07,438.29,1141.89,610.09,23849.7,138.82,171.8,0.808,False,,True,unattributed,7,evt_01-P01_upper_body_0006,9f16883afc7b43df,pose_hand_context,,45403.1,3.0,,1,01/e1/v1,rtmpose_baseline
corpus_01,01.Candidate was found using a mobile phone in the examination hall..mkv,b842b03e5784d867e93770560d88150a526250df69077cd3065edbbd4c842098,dfine_sahi,64500.0,unknown_object,0.6459,1014.81,453.97,1048.93,539.53,2920.1,34.13,85.57,0.399,False,,True,unattributed,7,evt_01-P01_upper_body_0006,9f16883afc7b43df,pose_hand_context,,45403.1,3.0,,1,01/e1/v1,rtmpose_baseline
corpus_01,01.Candidate was found using a mobile phone in the examination hall..mkv,b842b03e5784d867e93770560d88150a526250df69077cd3065edbbd4c842098,dfine_sahi,64500.0,unknown_object,0.6052,1021.98,578.15,1141.98,650.11,8635.4,120.0,71.96,1.667,False,,True,unattributed,7,evt_01-P01_upper_body_0006,9f16883afc7b43df,pose_hand_context,,45403.1,3.0,,1,01/e1/v1,rtmpose_baseline
corpus_01,01.Candidate was found using a mobile phone in the examination hall..mkv,b842b03e5784d867e93770560d88150a526250df69077cd3065edbbd4c842098,dfine_sahi,64500.0,unknown_object,0.486,929.18,438.21,1031.58,532.9,9696.5,102.4,94.69,1.081,False,,True,unattributed,7,evt_01-P01_upper_body_0006,9f16883afc7b43df,pose_hand_context,,45403.1,3.0,,1,01/e1/v1,rtmpose_baseline
corpus_01,01.Candidate was found using a mobile phone in the examination hall..mkv,b842b03e5784d867e93770560d88150a526250df69077cd3065edbbd4c842098,dfine_sahi,64500.0,unknown_object,0.3065,1028.07,532.27,1141.44,588.9,6420.1,113.37,56.63,2.002,False,,True,unattributed,7,evt_01-P01_upper_body_0006,9f16883afc7b43df,pose_hand_context,,45403.1,3.0,,1,01/e1/v1,rtmpose_baseline
corpus_01,01.Candidate was found using a mobile phone in the examination hall..mkv,b842b03e5784d867e93770560d88150a526250df69077cd3065edbbd4c842098,dfine_sahi,64500.0,unknown_object,0.3059,947.72,438.1,1031.21,484.45,3869.6,83.5,46.34,1.802,False,,True,unattributed,7,evt_01-P01_upper_body_0006,9f16883afc7b43df,pose_hand_context,,45403.1,3.0,,1,01/e1/v1,rtmpose_baseline
corpus_01,01.Candidate was found using a mobile phone in the examination hall..mkv,b842b03e5784d867e93770560d88150a526250df69077cd3065edbbd4c842098,dfine_sahi,64500.0,unknown_object,0.2986,1026.84,438.08,1048.99,480.09,930.6,22.15,42.02,0.527,False,,True,unattributed,7,evt_01-P01_upper_body_0006,9f16883afc7b43df,pose_hand_context,,45403.1,3.0,,1,01/e1/v1,rtmpose_baseline
corpus_01,01.Candidate was found using a mobile phone in the examination hall..mkv,b842b03e5784d867e93770560d88150a526250df69077cd3065edbbd4c842098,dfine_sahi,64500.0,unknown_object,0.2797,1003.53,554.15,1045.4,611.73,2410.3,41.86,57.58,0.727,False,,True,unattributed,7,evt_01-P01_upper_body_0006,9f16883afc7b43df,pose_hand_context,,45403.1,3.0,,1,01/e1/v1,rtmpose_baseline
corpus_01,01.Candidate was found using a mobile phone in the examination hall..mkv,b842b03e5784d867e93770560d88150a526250df69077cd3065edbbd4c842098,dfine_sahi,64500.0,unknown_object,0.2761,990.54,585.98,1049.0,649.77,3729.5,58.47,63.79,0.917,False,,True,unattributed,7,evt_01-P01_upper_body_0006,9f16883afc7b43df,pose_hand_context,,45403.1,3.0,,1,01/e1/v1,rtmpose_baseline
corpus_01,01.Candidate was found using a mobile phone in the examination hall..mkv,b842b03e5784d867e93770560d88150a526250df69077cd3065edbbd4c842098,dfine_sahi,64500.0,unknown_object,0.2703,979.35,571.11,1012.39,626.64,1834.1,33.03,55.52,0.595,False,,True,unattributed,7,evt_01-P01_upper_body_0006,9f16883afc7b43df,pose_hand_context,,45403.1,3.0,,1,01/e1/v1,rtmpose_baseline
corpus_01,01.Candidate was found using a mobile phone in the examination hall..mkv,b842b03e5784d867e93770560d88150a526250df69077cd3065edbbd4c842098,dfine_sahi,64500.0,unknown_object,0.2667,955.34,484.35,1017.64,532.13,2976.8,62.3,47.78,1.304,False,,True,unattributed,7,evt_01-P01_upper_body_0006,9f16883afc7b43df,pose_hand_context,,45403.1,3.0,,1,01/e1/v1,rtmpose_baseline
corpus_01,01.Candidate was found using a mobile phone in the examination hall..mkv,b842b03e5784d867e93770560d88150a526250df69077cd3065edbbd4c842098,dfine_sahi,64500.0,unknown_object,0.2614,960.27,532.29,1048.78,640.2,9550.6,88.51,107.91,0.82,False,,True,unattributed,7,evt_01-P01_upper_body_0006,9f16883afc7b43df,pose_hand_context,,45403.1,3.0,,1,01/e1/v1,rtmpose_baseline
corpus_01,01.Candidate was found using a mobile phone in the examination hall..mkv,b842b03e5784d867e93770560d88150a526250df69077cd3065edbbd4c842098,dfine_sahi,64500.0,unknown_object,0.2602,1022.08,438.3,1088.72,541.07,6849.7,66.65,102.77,0.649,False,,True,unattributed,7,evt_01-P01_upper_body_0006,9f16883afc7b43df,pose_hand_context,,45403.1,3.0,,1,01/e1/v1,rtmpose_baseline
corpus_01,01.Candidate was found using a mobile phone in the examination hall..mkv,b842b03e5784d867e93770560d88150a526250df69077cd3065edbbd4c842098,dfine_sahi,64820.0,unknown_object,0.8179,1003.14,442.27,1146.92,607.64,23779.3,143.79,165.38,0.869,False,,True,unattributed,7,evt_01-P06_upper_body_0046,0db8abc5a79e0a0c,pose_hand_context,,46371.3,2.97,,1,01/e1/v1,rtmpose_baseline
corpus_01,01.Candidate was found using a mobile phone in the examination hall..mkv,b842b03e5784d867e93770560d88150a526250df69077cd3065edbbd4c842098,dfine_sahi,64820.0,unknown_object,0.5869,1026.0,578.54,1146.95,656.72,9455.8,120.95,78.18,1.547,False,,True,unattributed,7,evt_01-P06_upper_body_0046,0db8abc5a79e0a0c,pose_hand_context,,46371.3,2.97,,1,01/e1/v1,rtmpose_baseline
corpus_01,01.Candidate was found using a mobile phone in the examination hall..mkv,b842b03e5784d867e93770560d88150a526250df69077cd3065edbbd4c842098,dfine_sahi,64820.0,monitor_or_bezel,0.4789,1040.56,488.89,1146.9,562.73,7852.2,106.35,73.84,1.44,False,,True,unattributed,7,evt_01-P06_upper_body_0046,0db8abc5a79e0a0c,pose_hand_context,,46371.3,2.97,,1,01/e1/v1,rtmpose_baseline
corpus_01,01.Candidate was found using a mobile phone in the examination hall..mkv,b842b03e5784d867e93770560d88150a526250df69077cd3065edbbd4c842098,dfine_sahi,64820.0,stationery,0.4371,1026.29,442.07,1052.13,481.71,1024.2,25.84,39.64,0.652,False,,True,unattributed,7,evt_01-P06_upper_body_0046,0db8abc5a79e0a0c,pose_hand_context,,46371.3,2.97,,1,01/e1/v1,rtmpose_baseline
corpus_01,01.Candidate was found using a mobile phone in the examination hall..mkv,b842b03e5784d867e93770560d88150a526250df69077cd3065edbbd4c842098,dfine_sahi,64820.0,unknown_object,0.4181,933.08,442.17,1031.81,532.08,8877.2,98.74,89.91,1.098,False,,True,unattributed,7,evt_01-P06_upper_body_0046,0db8abc5a79e0a0c,pose_hand_context,,46371.3,2.97,,1,01/e1/v1,rtmpose_baseline
corpus_01,01.Candidate was found using a mobile phone in the examination hall..mkv,b842b03e5784d867e93770560d88150a526250df69077cd3065edbbd4c842098,dfine_sahi,64820.0,unknown_object,0.4136,1079.75,629.68,1101.2,656.66,578.8,21.45,26.98,0.795,False,,True,unattributed,7,evt_01-P06_upper_body_0046,0db8abc5a79e0a0c,pose_hand_context,,46371.3,2.97,,1,01/e1/v1,rtmpose_baseline
corpus_01,01.Candidate was found using a mobile phone in the examination hall..mkv,b842b03e5784d867e93770560d88150a526250df69077cd3065edbbd4c842098,dfine_sahi,64820.0,unknown_object,0.39,1103.8,629.73,1125.36,657.0,588.0,21.56,27.27,0.791,False,,True,unattributed,7,evt_01-P06_upper_body_0046,0db8abc5a79e0a0c,pose_hand_context,,46371.3,2.97,,1,01/e1/v1,rtmpose_baseline
corpus_01,01.Candidate was found using a mobile phone in the examination hall..mkv,b842b03e5784d867e93770560d88150a526250df69077cd3065edbbd4c842098,dfine_sahi,64820.0,unknown_object,0.3813,1014.75,453.44,1052.95,542.55,3404.7,38.2,89.12,0.429,False,,True,unattributed,7,evt_01-P06_upper_body_0046,0db8abc5a79e0a0c,pose_hand_context,,46371.3,2.97,,1,01/e1/v1,rtmpose_baseline
corpus_01,01.Candidate was found using a mobile phone in the examination hall..mkv,b842b03e5784d867e93770560d88150a526250df69077cd3065edbbd4c842098,dfine_sahi,64820.0,unknown_object,0.3337,990.04,586.13,1052.99,656.65,4439.5,62.95,70.52,0.893,False,,True,unattributed,7,evt_01-P06_upper_body_0046,0db8abc5a79e0a0c,pose_hand_context,,46371.3,2.97,,1,01/e1/v1,rtmpose_baseline
corpus_01,01.Candidate was found using a mobile phone in the examination hall..mkv,b842b03e5784d867e93770560d88150a526250df69077cd3065edbbd4c842098,dfine_sahi,64820.0,unknown_object,0.3071,956.06,484.04,1017.75,530.89,2890.5,61.7,46.85,1.317,False,,True,unattributed,7,evt_01-P06_upper_body_0046,0db8abc5a79e0a0c,pose_hand_context,,46371.3,2.97,,1,01/e1/v1,rtmpose_baseline
corpus_01,01.Candidate was found using a mobile phone in the examination hall..mkv,b842b03e5784d867e93770560d88150a526250df69077cd3065edbbd4c842098,dfine_sahi,64820.0,monitor_or_bezel,0.2668,1123.12,489.13,1146.99,562.41,1748.9,23.86,73.28,0.326,False,,True,unattributed,7,evt_01-P06_upper_body_0046,0db8abc5a79e0a0c,pose_hand_context,,46371.3,2.97,,1,01/e1/v1,rtmpose_baseline
corpus_01,01.Candidate was found using a mobile phone in the examination hall..mkv,b842b03e5784d867e93770560d88150a526250df69077cd3065edbbd4c842098,dfine_sahi,64820.0,unknown_object,0.4823,739.36,424.8,772.79,456.02,1043.8,33.43,31.22,1.071,False,,True,unattributed,9,evt_01-P06_upper_body_0046,25328baaa9348741,native_source_context_fallback,wrist_confidence_below_floor,17307.2,3.4,,1,01/e1/v1,rtmpose_baseline
corpus_01,01.Candidate was found using a mobile phone in the examination hall..mkv,b842b03e5784d867e93770560d88150a526250df69077cd3065edbbd4c842098,dfine_sahi,64820.0,monitor_or_bezel,0.4554,729.77,304.06,777.69,343.31,1880.6,47.92,39.24,1.221,False,,True,unattributed,9,evt_01-P06_upper_body_0046,25328baaa9348741,native_source_context_fallback,wrist_confidence_below_floor,17307.2,3.4,,1,01/e1/v1,rtmpose_baseline
corpus_01,01.Candidate was found using a mobile phone in the examination hall..mkv,b842b03e5784d867e93770560d88150a526250df69077cd3065edbbd4c842098,dfine_sahi,64820.0,unknown_object,0.4331,738.33,392.02,759.79,429.24,798.5,21.45,37.22,0.576,False,,True,unattributed,9,evt_01-P06_upper_body_0046,25328baaa9348741,native_source_context_fallback,wrist_confidence_below_floor,17307.2,3.4,,1,01/e1/v1,rtmpose_baseline
corpus_01,01.Candidate was found using a mobile phone in the examination hall..mkv,b842b03e5784d867e93770560d88150a526250df69077cd3065edbbd4c842098,dfine_sahi,64820.0,unknown_object,0.3578,706.21,389.02,778.18,488.96,7193.5,71.98,99.94,0.72,False,,True,unattributed,9,evt_01-P06_upper_body_0046,25328baaa9348741,native_source_context_fallback,wrist_confidence_below_floor,17307.2,3.4,,1,01/e1/v1,rtmpose_baseline
corpus_01,01.Candidate was found using a mobile phone in the examination hall..mkv,b842b03e5784d867e93770560d88150a526250df69077cd3065edbbd4c842098,dfine_sahi,64820.0,unknown_object,0.355,738.08,391.8,774.04,457.6,2366.7,35.97,65.8,0.547,False,,True,unattributed,9,evt_01-P06_upper_body_0046,25328baaa9348741,native_source_context_fallback,wrist_confidence_below_floor,17307.2,3.4,,1,01/e1/v1,rtmpose_baseline
corpus_01,01.Candidate was found using a mobile phone in the examination hall..mkv,b842b03e5784d867e93770560d88150a526250df69077cd3065edbbd4c842098,dfine_sahi,64820.0,unknown_object,0.3026,738.35,343.1,754.1,374.42,493.2,15.75,31.32,0.503,False,,True,unattributed,9,evt_01-P06_upper_body_0046,25328baaa9348741,native_source_context_fallback,wrist_confidence_below_floor,17307.2,3.4,,1,01/e1/v1,rtmpose_baseline
corpus_01,01.Candidate was found using a mobile phone in the examination hall..mkv,b842b03e5784d867e93770560d88150a526250df69077cd3065edbbd4c842098,dfine_sahi,64820.0,bag,0.2992,708.83,453.7,765.73,489.33,2026.9,56.9,35.62,1.597,False,,True,unattributed,9,evt_01-P06_upper_body_0046,25328baaa9348741,native_source_context_fallback,wrist_confidence_below_floor,17307.2,3.4,,1,01/e1/v1,rtmpose_baseline
corpus_01,01.Candidate was found using a mobile phone in the examination hall..mkv,b842b03e5784d867e93770560d88150a526250df69077cd3065edbbd4c842098,dfine_sahi,64820.0,unknown_object,0.2875,726.23,453.92,757.11,465.56,359.2,30.88,11.63,2.655,False,,True,unattributed,9,evt_01-P06_upper_body_0046,25328baaa9348741,native_source_context_fallback,wrist_confidence_below_floor,17307.2,3.4,,1,01/e1/v1,rtmpose_baseline
corpus_01,01.Candidate was found using a mobile phone in the examination hall..mkv,b842b03e5784d867e93770560d88150a526250df69077cd3065edbbd4c842098,dfine_sahi,64820.0,monitor_or_bezel,0.2795,729.78,304.09,759.11,371.94,1990.1,29.33,67.85,0.432,False,,True,unattributed,9,evt_01-P06_upper_body_0046,25328baaa9348741,native_source_context_fallback,wrist_confidence_below_floor,17307.2,3.4,,1,01/e1/v1,rtmpose_baseline
corpus_01,01.Candidate was found using a mobile phone in the examination hall..mkv,b842b03e5784d867e93770560d88150a526250df69077cd3065edbbd4c842098,dfine_sahi,64820.0,unknown_object,0.2737,748.25,333.98,799.35,408.93,3829.4,51.1,74.94,0.682,False,,True,unattributed,9,evt_01-P06_upper_body_0046,25328baaa9348741,native_source_context_fallback,wrist_confidence_below_floor,17307.2,3.4,,1,01/e1/v1,rtmpose_baseline
corpus_01,01.Candidate was found using a mobile phone in the examination hall..mkv,b842b03e5784d867e93770560d88150a526250df69077cd3065edbbd4c842098,dfine_sahi,64820.0,unknown_object,0.2662,749.27,369.05,780.0,411.38,1300.7,30.73,42.33,0.726,False,,True,unattributed,9,evt_01-P06_upper_body_0046,25328baaa9348741,native_source_context_fallback,wrist_confidence_below_floor,17307.2,3.4,,1,01/e1/v1,rtmpose_baseline
corpus_01,01.Candidate was found using a mobile phone in the examination hall..mkv,b842b03e5784d867e93770560d88150a526250df69077cd3065edbbd4c842098,dfine_sahi,64820.0,stationery,0.4652,452.01,676.48,508.88,701.44,1419.4,56.87,24.96,2.278,False,,True,unattributed,4,evt_01-P06_upper_body_0046,95530d5f766f3c24,pose_hand_context,,14811.5,3.94,,1,01/e1/v1,rtmpose_baseline
corpus_01,01.Candidate was found using a mobile phone in the examination hall..mkv,b842b03e5784d867e93770560d88150a526250df69077cd3065edbbd4c842098,dfine_sahi,64820.0,bag,0.4425,454.28,625.19,572.55,719.21,11119.9,118.27,94.02,1.258,False,,True,unattributed,4,evt_01-P06_upper_body_0046,95530d5f766f3c24,pose_hand_context,,14811.5,3.94,,1,01/e1/v1,rtmpose_baseline
corpus_01,01.Candidate was found using a mobile phone in the examination hall..mkv,b842b03e5784d867e93770560d88150a526250df69077cd3065edbbd4c842098,dfine_sahi,64820.0,bag,0.4309,454.0,676.47,509.4,719.42,2378.7,55.39,42.94,1.29,False,,True,unattributed,4,evt_01-P06_upper_body_0046,95530d5f766f3c24,pose_hand_context,,14811.5,3.94,,1,01/e1/v1,rtmpose_baseline
corpus_01,01.Candidate was found using a mobile phone in the examination hall..mkv,b842b03e5784d867e93770560d88150a526250df69077cd3065edbbd4c842098,dfine_sahi,64820.0,unknown_object,0.3053,452.01,606.14,547.83,701.27,9115.3,95.82,95.13,1.007,False,,True,unattributed,4,evt_01-P06_upper_body_0046,95530d5f766f3c24,pose_hand_context,,14811.5,3.94,,1,01/e1/v1,rtmpose_baseline
corpus_01,01.Candidate was found using a mobile phone in the examination hall..mkv,b842b03e5784d867e93770560d88150a526250df69077cd3065edbbd4c842098,dfine_sahi,64860.0,unknown_object,0.8921,1003.68,442.3,1145.94,606.97,23424.5,142.26,164.67,0.864,False,,True,unattributed,7,evt_01-P03_desk_work_surface_0015,8cc44bc5ebf0ebf4,pose_hand_context,,45881.6,2.99,,1,01/e1/v1,rtmpose_baseline
corpus_01,01.Candidate was found using a mobile phone in the examination hall..mkv,b842b03e5784d867e93770560d88150a526250df69077cd3065edbbd4c842098,dfine_sahi,64860.0,monitor_or_bezel,0.5733,1060.6,489.25,1145.82,562.69,6258.4,85.22,73.44,1.16,False,,True,unattributed,7,evt_01-P03_desk_work_surface_0015,8cc44bc5ebf0ebf4,pose_hand_context,,45881.6,2.99,,1,01/e1/v1,rtmpose_baseline
corpus_01,01.Candidate was found using a mobile phone in the examination hall..mkv,b842b03e5784d867e93770560d88150a526250df69077cd3065edbbd4c842098,dfine_sahi,64860.0,unknown_object,0.5602,989.04,579.01,1145.87,655.42,11984.5,156.83,76.42,2.052,False,,True,unattributed,7,evt_01-P03_desk_work_surface_0015,8cc44bc5ebf0ebf4,pose_hand_context,,45881.6,2.99,,1,01/e1/v1,rtmpose_baseline
corpus_01,01.Candidate was found using a mobile phone in the examination hall..mkv,b842b03e5784d867e93770560d88150a526250df69077cd3065edbbd4c842098,dfine_sahi,64860.0,unknown_object,0.42,1014.72,454.81,1052.11,543.02,3298.5,37.39,88.22,0.424,False,,True,unattributed,7,evt_01-P03_desk_work_surface_0015,8cc44bc5ebf0ebf4,pose_hand_context,,45881.6,2.99,,1,01/e1/v1,rtmpose_baseline
corpus_01,01.Candidate was found using a mobile phone in the examination hall..mkv,b842b03e5784d867e93770560d88150a526250df69077cd3065edbbd4c842098,dfine_sahi,64860.0,unknown_object,0.4091,932.74,442.19,1032.05,530.45,8764.4,99.31,88.25,1.125,False,,True,unattributed,7,evt_01-P03_desk_work_surface_0015,8cc44bc5ebf0ebf4,pose_hand_context,,45881.6,2.99,,1,01/e1/v1,rtmpose_baseline
corpus_01,01.Candidate was found using a mobile phone in the examination hall..mkv,b842b03e5784d867e93770560d88150a526250df69077cd3065edbbd4c842098,dfine_sahi,64860.0,unknown_object,0.3292,990.27,586.54,1052.0,655.59,4262.9,61.73,69.06,0.894,False,,True,unattributed,7,evt_01-P03_desk_work_surface_0015,8cc44bc5ebf0ebf4,pose_hand_context,,45881.6,2.99,,1,01/e1/v1,rtmpose_baseline
corpus_01,01.Candidate was found using a mobile phone in the examination hall..mkv,b842b03e5784d867e93770560d88150a526250df69077cd3065edbbd4c842098,dfine_sahi,64860.0,monitor_or_bezel,0.32,1123.08,489.35,1146.07,562.6,1683.9,22.99,73.24,0.314,False,,True,unattributed,7,evt_01-P03_desk_work_surface_0015,8cc44bc5ebf0ebf4,pose_hand_context,,45881.6,2.99,,1,01/e1/v1,rtmpose_baseline
corpus_01,01.Candidate was found using a mobile phone in the examination hall..mkv,b842b03e5784d867e93770560d88150a526250df69077cd3065edbbd4c842098,dfine_sahi,64860.0,stationery,0.2957,1026.47,442.06,1052.01,480.71,987.4,25.54,38.66,0.661,False,,True,unattributed,7,evt_01-P03_desk_work_surface_0015,8cc44bc5ebf0ebf4,pose_hand_context,,45881.6,2.99,,1,01/e1/v1,rtmpose_baseline
corpus_01,01.Candidate was found using a mobile phone in the examination hall..mkv,b842b03e5784d867e93770560d88150a526250df69077cd3065edbbd4c842098,dfine_sahi,64860.0,phone,0.2875,980.6,573.33,1012.66,626.13,1693.1,32.06,52.81,0.607,False,,True,unattributed,7,evt_01-P03_desk_work_surface_0015,8cc44bc5ebf0ebf4,pose_hand_context,,45881.6,2.99,,1,01/e1/v1,rtmpose_baseline
corpus_01,01.Candidate was found using a mobile phone in the examination hall..mkv,b842b03e5784d867e93770560d88150a526250df69077cd3065edbbd4c842098,dfine_sahi,64860.0,unknown_object,0.2777,955.85,484.07,1017.9,528.66,2767.2,62.05,44.6,1.391,False,,True,unattributed,7,evt_01-P03_desk_work_surface_0015,8cc44bc5ebf0ebf4,pose_hand_context,,45881.6,2.99,,1,01/e1/v1,rtmpose_baseline
corpus_01,01.Candidate was found using a mobile phone in the examination hall..mkv,b842b03e5784d867e93770560d88150a526250df69077cd3065edbbd4c842098,dfine_sahi,64860.0,stationery,0.2586,934.0,572.88,1013.36,640.47,5363.5,79.36,67.58,1.174,False,,True,unattributed,7,evt_01-P03_desk_work_surface_0015,8cc44bc5ebf0ebf4,pose_hand_context,,45881.6,2.99,,1,01/e1/v1,rtmpose_baseline
corpus_01,01.Candidate was found using a mobile phone in the examination hall..mkv,b842b03e5784d867e93770560d88150a526250df69077cd3065edbbd4c842098,dfine_sahi,64860.0,bag,0.2582,955.82,483.47,1018.19,530.43,2928.8,62.37,46.96,1.328,False,,True,unattributed,7,evt_01-P03_desk_work_surface_0015,8cc44bc5ebf0ebf4,pose_hand_context,,45881.6,2.99,,1,01/e1/v1,rtmpose_baseline
corpus_01,01.Candidate was found using a mobile phone in the examination hall..mkv,b842b03e5784d867e93770560d88150a526250df69077cd3065edbbd4c842098,dfine_sahi,64860.0,unknown_object,0.2562,1058.82,536.1,1145.9,581.64,3965.9,87.08,45.54,1.912,False,,True,unattributed,7,evt_01-P03_desk_work_surface_0015,8cc44bc5ebf0ebf4,pose_hand_context,,45881.6,2.99,,1,01/e1/v1,rtmpose_baseline
corpus_01,01.Candidate was found using a mobile phone in the examination hall..mkv,b842b03e5784d867e93770560d88150a526250df69077cd3065edbbd4c842098,dfine_sahi,64860.0,stationery,0.4377,449.06,676.41,507.27,703.87,1598.9,58.21,27.47,2.119,False,,True,unattributed,4,evt_01-P03_desk_work_surface_0015,ac3c86dc5b90c859,pose_hand_context,,15154.8,3.93,,1,01/e1/v1,rtmpose_baseline
corpus_01,01.Candidate was found using a mobile phone in the examination hall..mkv,b842b03e5784d867e93770560d88150a526250df69077cd3065edbbd4c842098,dfine_sahi,64860.0,bag,0.425,451.16,632.08,527.41,718.99,6627.5,76.25,86.92,0.877,False,,True,unattributed,4,evt_01-P03_desk_work_surface_0015,ac3c86dc5b90c859,pose_hand_context,,15154.8,3.93,,1,01/e1/v1,rtmpose_baseline
corpus_01,01.Candidate was found using a mobile phone in the examination hall..mkv,b842b03e5784d867e93770560d88150a526250df69077cd3065edbbd4c842098,dfine_sahi,64860.0,unknown_object,0.3854,449.01,604.17,544.88,699.28,9119.4,95.88,95.12,1.008,False,,True,unattributed,4,evt_01-P03_desk_work_surface_0015,ac3c86dc5b90c859,pose_hand_context,,15154.8,3.93,,1,01/e1/v1,rtmpose_baseline
corpus_01,01.Candidate was found using a mobile phone in the examination hall..mkv,b842b03e5784d867e93770560d88150a526250df69077cd3065edbbd4c842098,dfine_sahi,64860.0,bag,0.3491,451.01,676.45,509.37,719.31,2501.4,58.36,42.86,1.362,False,,True,unattributed,4,evt_01-P03_desk_work_surface_0015,ac3c86dc5b90c859,pose_hand_context,,15154.8,3.93,,1,01/e1/v1,rtmpose_baseline
corpus_01,01.Candidate was found using a mobile phone in the examination hall..mkv,b842b03e5784d867e93770560d88150a526250df69077cd3065edbbd4c842098,dfine_sahi,64860.0,unknown_object,0.3162,449.0,647.86,508.95,699.51,3096.6,59.95,51.65,1.161,False,,True,unattributed,4,evt_01-P03_desk_work_surface_0015,ac3c86dc5b90c859,pose_hand_context,,15154.8,3.93,,1,01/e1/v1,rtmpose_baseline
corpus_01,01.Candidate was found using a mobile phone in the examination hall..mkv,b842b03e5784d867e93770560d88150a526250df69077cd3065edbbd4c842098,dfine_sahi,64860.0,unknown_object,0.4608,748.83,368.91,778.95,459.77,2736.6,30.12,90.86,0.331,False,,True,unattributed,9,evt_01-P03_desk_work_surface_0015,cb2b8eb4df3889aa,native_source_context_fallback,wrist_confidence_below_floor,17537.4,3.38,,1,01/e1/v1,rtmpose_baseline
corpus_01,01.Candidate was found using a mobile phone in the examination hall..mkv,b842b03e5784d867e93770560d88150a526250df69077cd3065edbbd4c842098,dfine_sahi,64860.0,unknown_object,0.4133,739.03,425.56,770.24,457.77,1005.7,31.22,32.22,0.969,False,,True,unattributed,9,evt_01-P03_desk_work_surface_0015,cb2b8eb4df3889aa,native_source_context_fallback,wrist_confidence_below_floor,17537.4,3.38,,1,01/e1/v1,rtmpose_baseline
corpus_01,01.Candidate was found using a mobile phone in the examination hall..mkv,b842b03e5784d867e93770560d88150a526250df69077cd3065edbbd4c842098,dfine_sahi,64860.0,monitor_or_bezel,0.3992,729.22,304.05,777.45,342.6,1859.2,48.23,38.55,1.251,False,,True,unattributed,9,evt_01-P03_desk_work_surface_0015,cb2b8eb4df3889aa,native_source_context_fallback,wrist_confidence_below_floor,17537.4,3.38,,1,01/e1/v1,rtmpose_baseline
corpus_01,01.Candidate was found using a mobile phone in the examination hall..mkv,b842b03e5784d867e93770560d88150a526250df69077cd3065edbbd4c842098,dfine_sahi,64860.0,unknown_object,0.3374,726.9,454.1,756.63,465.19,329.8,29.74,11.09,2.681,False,,True,unattributed,9,evt_01-P03_desk_work_surface_0015,cb2b8eb4df3889aa,native_source_context_fallback,wrist_confidence_below_floor,17537.4,3.38,,1,01/e1/v1,rtmpose_baseline
corpus_01,01.Candidate was found using a mobile phone in the examination hall..mkv,b842b03e5784d867e93770560d88150a526250df69077cd3065edbbd4c842098,dfine_sahi,64860.0,unknown_object,0.3119,704.14,343.07,758.03,409.75,3593.6,53.89,66.69,0.808,False,,True,unattributed,9,evt_01-P03_desk_work_surface_0015,cb2b8eb4df3889aa,native_source_context_fallback,wrist_confidence_below_floor,17537.4,3.38,,1,01/e1/v1,rtmpose_baseline
corpus_01,01.Candidate was found using a mobile phone in the examination hall..mkv,b842b03e5784d867e93770560d88150a526250df69077cd3065edbbd4c842098,dfine_sahi,64860.0,unknown_object,0.3097,748.91,368.53,786.71,409.03,1530.6,37.8,40.5,0.933,False,,True,unattributed,9,evt_01-P03_desk_work_surface_0015,cb2b8eb4df3889aa,native_source_context_fallback,wrist_confidence_below_floor,17537.4,3.38,,1,01/e1/v1,rtmpose_baseline
corpus_01,01.Candidate was found using a mobile phone in the examination hall..mkv,b842b03e5784d867e93770560d88150a526250df69077cd3065edbbd4c842098,dfine_sahi,64860.0,unknown_object,0.3026,746.58,304.48,800.06,409.17,5598.8,53.48,104.69,0.511,False,,True,unattributed,9,evt_01-P03_desk_work_surface_0015,cb2b8eb4df3889aa,native_source_context_fallback,wrist_confidence_below_floor,17537.4,3.38,,1,01/e1/v1,rtmpose_baseline
corpus_01,01.Candidate was found using a mobile phone in the examination hall..mkv,b842b03e5784d867e93770560d88150a526250df69077cd3065edbbd4c842098,dfine_sahi,64860.0,monitor_or_bezel,0.3003,729.56,304.1,759.13,373.63,2055.6,29.57,69.53,0.425,False,,True,unattributed,9,evt_01-P03_desk_work_surface_0015,cb2b8eb4df3889aa,native_source_context_fallback,wrist_confidence_below_floor,17537.4,3.38,,1,01/e1/v1,rtmpose_baseline
corpus_01,01.Candidate was found using a mobile phone in the examination hall..mkv,b842b03e5784d867e93770560d88150a526250df69077cd3065edbbd4c842098,dfine_sahi,64860.0,unknown_object,0.2799,737.78,342.96,753.6,374.79,503.5,15.82,31.83,0.497,False,,True,unattributed,9,evt_01-P03_desk_work_surface_0015,cb2b8eb4df3889aa,native_source_context_fallback,wrist_confidence_below_floor,17537.4,3.38,,1,01/e1/v1,rtmpose_baseline
corpus_01,01.Candidate was found using a mobile phone in the examination hall..mkv,b842b03e5784d867e93770560d88150a526250df69077cd3065edbbd4c842098,dfine_sahi,64860.0,unknown_object,0.2747,708.72,462.43,754.9,483.56,975.8,46.18,21.13,2.185,False,,True,unattributed,9,evt_01-P03_desk_work_surface_0015,cb2b8eb4df3889aa,native_source_context_fallback,wrist_confidence_below_floor,17537.4,3.38,,1,01/e1/v1,rtmpose_baseline
corpus_01,01.Candidate was found using a mobile phone in the examination hall..mkv,b842b03e5784d867e93770560d88150a526250df69077cd3065edbbd4c842098,dfine_sahi,65020.0,bag,0.4926,436.03,673.52,509.46,719.28,3361.0,73.44,45.77,1.605,False,,True,unattributed,4,evt_01-P06_desk_work_surface_0043,36beb967d8b0357c,pose_hand_context,,18396.5,3.64,,1,01/e1/v1,rtmpose_baseline
corpus_01,01.Candidate was found using a mobile phone in the examination hall..mkv,b842b03e5784d867e93770560d88150a526250df69077cd3065edbbd4c842098,dfine_sahi,65020.0,unknown_object,0.355,436.02,595.89,534.85,691.59,9458.4,98.83,95.7,1.033,False,,True,unattributed,4,evt_01-P06_desk_work_surface_0043,36beb967d8b0357c,pose_hand_context,,18396.5,3.64,,1,01/e1/v1,rtmpose_baseline
corpus_01,01.Candidate was found using a mobile phone in the examination hall..mkv,b842b03e5784d867e93770560d88150a526250df69077cd3065edbbd4c842098,dfine_sahi,65020.0,stationery,0.3312,483.84,606.97,504.48,621.35,296.9,20.64,14.38,1.435,False,,True,unattributed,4,evt_01-P06_desk_work_surface_0043,36beb967d8b0357c,pose_hand_context,,18396.5,3.64,,1,01/e1/v1,rtmpose_baseline
corpus_01,01.Candidate was found using a mobile phone in the examination hall..mkv,b842b03e5784d867e93770560d88150a526250df69077cd3065edbbd4c842098,dfine_sahi,65020.0,bag,0.3312,436.09,615.47,523.38,718.98,9035.1,87.29,103.51,0.843,False,,True,unattributed,4,evt_01-P06_desk_work_surface_0043,36beb967d8b0357c,pose_hand_context,,18396.5,3.64,,1,01/e1/v1,rtmpose_baseline
corpus_01,01.Candidate was found using a mobile phone in the examination hall..mkv,b842b03e5784d867e93770560d88150a526250df69077cd3065edbbd4c842098,dfine_sahi,65020.0,unknown_object,0.3235,584.38,642.49,607.56,691.47,1135.5,23.18,48.98,0.473,False,,True,unattributed,4,evt_01-P06_desk_work_surface_0043,36beb967d8b0357c,pose_hand_context,,18396.5,3.64,,1,01/e1/v1,rtmpose_baseline
corpus_01,01.Candidate was found using a mobile phone in the examination hall..mkv,b842b03e5784d867e93770560d88150a526250df69077cd3065edbbd4c842098,dfine_sahi,65020.0,unknown_object,0.3016,436.01,648.08,499.25,691.84,2767.2,63.24,43.76,1.445,False,,True,unattributed,4,evt_01-P06_desk_work_surface_0043,36beb967d8b0357c,pose_hand_context,,18396.5,3.64,,1,01/e1/v1,rtmpose_baseline
corpus_01,01.Candidate was found using a mobile phone in the examination hall..mkv,b842b03e5784d867e93770560d88150a526250df69077cd3065edbbd4c842098,dfine_sahi,65020.0,unknown_object,0.301,529.36,624.25,609.65,719.16,7620.6,80.3,94.91,0.846,False,,True,unattributed,4,evt_01-P06_desk_work_surface_0043,36beb967d8b0357c,pose_hand_context,,18396.5,3.64,,1,01/e1/v1,rtmpose_baseline
corpus_01,01.Candidate was found using a mobile phone in the examination hall..mkv,b842b03e5784d867e93770560d88150a526250df69077cd3065edbbd4c842098,dfine_sahi,65020.0,stationery,0.2709,453.38,595.94,481.9,619.83,681.3,28.52,23.89,1.194,False,,True,unattributed,4,evt_01-P06_desk_work_surface_0043,36beb967d8b0357c,pose_hand_context,,18396.5,3.64,,1,01/e1/v1,rtmpose_baseline
corpus_01,01.Candidate was found using a mobile phone in the examination hall..mkv,b842b03e5784d867e93770560d88150a526250df69077cd3065edbbd4c842098,dfine_sahi,65020.0,bag,0.2633,441.8,615.15,514.17,655.56,2924.5,72.37,40.41,1.791,False,,True,unattributed,4,evt_01-P06_desk_work_surface_0043,36beb967d8b0357c,pose_hand_context,,18396.5,3.64,,1,01/e1/v1,rtmpose_baseline
corpus_01,01.Candidate was found using a mobile phone in the examination hall..mkv,b842b03e5784d867e93770560d88150a526250df69077cd3065edbbd4c842098,dfine_sahi,65020.0,unknown_object,0.6666,1022.04,450.34,1141.96,569.24,14258.4,119.92,118.9,1.009,False,,True,unattributed,7,evt_01-P06_desk_work_surface_0043,9f30ae84999ea078,pose_hand_context,,45667.7,2.99,,1,01/e1/v1,rtmpose_baseline
corpus_01,01.Candidate was found using a mobile phone in the examination hall..mkv,b842b03e5784d867e93770560d88150a526250df69077cd3065edbbd4c842098,dfine_sahi,65020.0,unknown_object,0.6372,1014.52,454.23,1048.94,546.75,3184.7,34.42,92.52,0.372,False,,True,unattributed,7,evt_01-P06_desk_work_surface_0043,9f30ae84999ea078,pose_hand_context,,45667.7,2.99,,1,01/e1/v1,rtmpose_baseline
corpus_01,01.Candidate was found using a mobile phone in the examination hall..mkv,b842b03e5784d867e93770560d88150a526250df69077cd3065edbbd4c842098,dfine_sahi,65020.0,unknown_object,0.5917,935.34,450.25,1031.56,530.85,7755.5,96.22,80.6,1.194,False,,True,unattributed,7,evt_01-P06_desk_work_surface_0043,9f30ae84999ea078,pose_hand_context,,45667.7,2.99,,1,01/e1/v1,rtmpose_baseline
corpus_01,01.Candidate was found using a mobile phone in the examination hall..mkv,b842b03e5784d867e93770560d88150a526250df69077cd3065edbbd4c842098,dfine_sahi,65020.0,unknown_object,0.5731,1021.97,579.41,1141.97,662.65,9988.3,120.0,83.24,1.442,False,,True,unattributed,7,evt_01-P06_desk_work_surface_0043,9f30ae84999ea078,pose_hand_context,,45667.7,2.99,,1,01/e1/v1,rtmpose_baseline
corpus_01,01.Candidate was found using a mobile phone in the examination hall..mkv,b842b03e5784d867e93770560d88150a526250df69077cd3065edbbd4c842098,dfine_sahi,65020.0,unknown_object,0.4779,962.71,569.44,1048.77,640.91,6150.5,86.07,71.46,1.204,False,,True,unattributed,7,evt_01-P06_desk_work_surface_0043,9f30ae84999ea078,pose_hand_context,,45667.7,2.99,,1,01/e1/v1,rtmpose_baseline
corpus_01,01.Candidate was found using a mobile phone in the examination hall..mkv,b842b03e5784d867e93770560d88150a526250df69077cd3065edbbd4c842098,dfine_sahi,65020.0,unknown_object,0.4208,937.52,450.05,1031.29,486.34,3402.7,93.77,36.29,2.584,False,,True,unattributed,7,evt_01-P06_desk_work_surface_0043,9f30ae84999ea078,pose_hand_context,,45667.7,2.99,,1,01/e1/v1,rtmpose_baseline
corpus_01,01.Candidate was found using a mobile phone in the examination hall..mkv,b842b03e5784d867e93770560d88150a526250df69077cd3065edbbd4c842098,dfine_sahi,65020.0,unknown_object,0.3743,1036.9,576.82,1100.78,594.13,1106.0,63.88,17.31,3.69,False,,True,unattributed,7,evt_01-P06_desk_work_surface_0043,9f30ae84999ea078,pose_hand_context,,45667.7,2.99,,1,01/e1/v1,rtmpose_baseline
corpus_01,01.Candidate was found using a mobile phone in the examination hall..mkv,b842b03e5784d867e93770560d88150a526250df69077cd3065edbbd4c842098,dfine_sahi,65020.0,unknown_object,0.3568,956.64,484.69,1018.3,530.9,2849.6,61.67,46.21,1.334,False,,True,unattributed,7,evt_01-P06_desk_work_surface_0043,9f30ae84999ea078,pose_hand_context,,45667.7,2.99,,1,01/e1/v1,rtmpose_baseline
corpus_01,01.Candidate was found using a mobile phone in the examination hall..mkv,b842b03e5784d867e93770560d88150a526250df69077cd3065edbbd4c842098,dfine_sahi,65020.0,stationery,0.3246,1066.55,544.87,1084.43,559.24,257.0,17.89,14.37,1.245,False,,True,unattributed,7,evt_01-P06_desk_work_surface_0043,9f30ae84999ea078,pose_hand_context,,45667.7,2.99,,1,01/e1/v1,rtmpose_baseline
corpus_01,01.Candidate was found using a mobile phone in the examination hall..mkv,b842b03e5784d867e93770560d88150a526250df69077cd3065edbbd4c842098,dfine_sahi,65020.0,bag,0.2981,956.51,483.27,1018.66,531.0,2966.5,62.15,47.73,1.302,False,,True,unattributed,7,evt_01-P06_desk_work_surface_0043,9f30ae84999ea078,pose_hand_context,,45667.7,2.99,,1,01/e1/v1,rtmpose_baseline
corpus_01,01.Candidate was found using a mobile phone in the examination hall..mkv,b842b03e5784d867e93770560d88150a526250df69077cd3065edbbd4c842098,dfine_sahi,65020.0,unknown_object,0.2765,1055.42,543.06,1084.82,560.55,514.0,29.4,17.48,1.682,False,,True,unattributed,7,evt_01-P06_desk_work_surface_0043,9f30ae84999ea078,pose_hand_context,,45667.7,2.99,,1,01/e1/v1,rtmpose_baseline
corpus_01,01.Candidate was found using a mobile phone in the examination hall..mkv,b842b03e5784d867e93770560d88150a526250df69077cd3065edbbd4c842098,dfine_sahi,65020.0,unknown_object,0.2703,1026.97,450.08,1048.99,480.14,662.0,22.02,30.06,0.732,False,,True,unattributed,7,evt_01-P06_desk_work_surface_0043,9f30ae84999ea078,pose_hand_context,,45667.7,2.99,,1,01/e1/v1,rtmpose_baseline
corpus_01,01.Candidate was found using a mobile phone in the examination hall..mkv,b842b03e5784d867e93770560d88150a526250df69077cd3065edbbd4c842098,dfine_sahi,65020.0,unknown_object,0.2593,929.0,543.06,961.84,583.19,1318.2,32.85,40.13,0.818,False,,True,unattributed,7,evt_01-P06_desk_work_surface_0043,9f30ae84999ea078,pose_hand_context,,45667.7,2.99,,1,01/e1/v1,rtmpose_baseline
corpus_01,01.Candidate was found using a mobile phone in the examination hall..mkv,b842b03e5784d867e93770560d88150a526250df69077cd3065edbbd4c842098,dfine_sahi,65020.0,monitor_or_bezel,0.6848,727.53,304.08,777.88,343.34,1976.9,50.35,39.26,1.282,False,,True,unattributed,9,evt_01-P06_desk_work_surface_0043,b5a0c0f7bdf128ed,native_source_context_fallback,wrist_confidence_below_floor,18207.9,3.32,,1,01/e1/v1,rtmpose_baseline
corpus_01,01.Candidate was found using a mobile phone in the examination hall..mkv,b842b03e5784d867e93770560d88150a526250df69077cd3065edbbd4c842098,dfine_sahi,65020.0,unknown_object,0.4578,747.81,368.86,778.98,456.25,2723.3,31.16,87.39,0.357,False,,True,unattributed,9,evt_01-P06_desk_work_surface_0043,b5a0c0f7bdf128ed,native_source_context_fallback,wrist_confidence_below_floor,18207.9,3.32,,1,01/e1/v1,rtmpose_baseline
corpus_01,01.Candidate was found using a mobile phone in the examination hall..mkv,b842b03e5784d867e93770560d88150a526250df69077cd3065edbbd4c842098,dfine_sahi,65020.0,monitor_or_bezel,0.4251,727.27,304.09,758.08,371.49,2076.6,30.81,67.39,0.457,False,,True,unattributed,9,evt_01-P06_desk_work_surface_0043,b5a0c0f7bdf128ed,native_source_context_fallback,wrist_confidence_below_floor,18207.9,3.32,,1,01/e1/v1,rtmpose_baseline
corpus_01,01.Candidate was found using a mobile phone in the examination hall..mkv,b842b03e5784d867e93770560d88150a526250df69077cd3065edbbd4c842098,dfine_sahi,65020.0,stationery,0.4179,724.9,343.74,739.16,354.52,153.7,14.26,10.78,1.322,False,,True,unattributed,9,evt_01-P06_desk_work_surface_0043,b5a0c0f7bdf128ed,native_source_context_fallback,wrist_confidence_below_floor,18207.9,3.32,,1,01/e1/v1,rtmpose_baseline
corpus_01,01.Candidate was found using a mobile phone in the examination hall..mkv,b842b03e5784d867e93770560d88150a526250df69077cd3065edbbd4c842098,dfine_sahi,65020.0,unknown_object,0.4154,747.9,369.03,778.89,404.84,1110.1,30.99,35.82,0.865,False,,True,unattributed,9,evt_01-P06_desk_work_surface_0043,b5a0c0f7bdf128ed,native_source_context_fallback,wrist_confidence_below_floor,18207.9,3.32,,1,01/e1/v1,rtmpose_baseline
corpus_01,01.Candidate was found using a mobile phone in the examination hall..mkv,b842b03e5784d867e93770560d88150a526250df69077cd3065edbbd4c842098,dfine_sahi,65020.0,unknown_object,0.3827,728.47,423.73,770.83,458.67,1480.2,42.36,34.94,1.212,False,,True,unattributed,9,evt_01-P06_desk_work_surface_0043,b5a0c0f7bdf128ed,native_source_context_fallback,wrist_confidence_below_floor,18207.9,3.32,,1,01/e1/v1,rtmpose_baseline
corpus_01,01.Candidate was found using a mobile phone in the examination hall..mkv,b842b03e5784d867e93770560d88150a526250df69077cd3065edbbd4c842098,dfine_sahi,65020.0,unknown_object,0.3806,726.06,304.17,798.7,411.05,7763.5,72.64,106.87,0.68,False,,True,unattributed,9,evt_01-P06_desk_work_surface_0043,b5a0c0f7bdf128ed,native_source_context_fallback,wrist_confidence_below_floor,18207.9,3.32,,1,01/e1/v1,rtmpose_baseline
corpus_01,01.Candidate was found using a mobile phone in the examination hall..mkv,b842b03e5784d867e93770560d88150a526250df69077cd3065edbbd4c842098,dfine_sahi,65020.0,mouse,0.3556,724.2,343.76,739.16,354.56,161.5,14.96,10.8,1.386,False,,True,unattributed,9,evt_01-P06_desk_work_surface_0043,b5a0c0f7bdf128ed,native_source_context_fallback,wrist_confidence_below_floor,18207.9,3.32,,1,01/e1/v1,rtmpose_baseline
corpus_01,01.Candidate was found using a mobile phone in the examination hall..mkv,b842b03e5784d867e93770560d88150a526250df69077cd3065edbbd4c842098,dfine_sahi,65020.0,phone,0.3069,727.26,454.47,756.93,464.77,305.4,29.66,10.3,2.88,False,,True,unattributed,9,evt_01-P06_desk_work_surface_0043,b5a0c0f7bdf128ed,native_source_context_fallback,wrist_confidence_below_floor,18207.9,3.32,,1,01/e1/v1,rtmpose_baseline
corpus_01,01.Candidate was found using a mobile phone in the examination hall..mkv,b842b03e5784d867e93770560d88150a526250df69077cd3065edbbd4c842098,dfine_sahi,65020.0,unknown_object,0.2874,707.48,462.46,756.09,484.02,1048.0,48.62,21.56,2.255,False,,True,unattributed,9,evt_01-P06_desk_work_surface_0043,b5a0c0f7bdf128ed,native_source_context_fallback,wrist_confidence_below_floor,18207.9,3.32,,1,01/e1/v1,rtmpose_baseline
corpus_01,01.Candidate was found using a mobile phone in the examination hall..mkv,b842b03e5784d867e93770560d88150a526250df69077cd3065edbbd4c842098,dfine_sahi,65020.0,unknown_object,0.2794,758.05,403.59,778.99,456.21,1101.6,20.94,52.62,0.398,False,,True,unattributed,9,evt_01-P06_desk_work_surface_0043,b5a0c0f7bdf128ed,native_source_context_fallback,wrist_confidence_below_floor,18207.9,3.32,,1,01/e1/v1,rtmpose_baseline
corpus_01,01.Candidate was found using a mobile phone in the examination hall..mkv,b842b03e5784d867e93770560d88150a526250df69077cd3065edbbd4c842098,dfine_sahi,65020.0,monitor_or_bezel,0.2709,728.93,304.06,757.95,334.12,872.6,29.03,30.06,0.966,False,,True,unattributed,9,evt_01-P06_desk_work_surface_0043,b5a0c0f7bdf128ed,native_source_context_fallback,wrist_confidence_below_floor,18207.9,3.32,,1,01/e1/v1,rtmpose_baseline
corpus_01,01.Candidate was found using a mobile phone in the examination hall..mkv,b842b03e5784d867e93770560d88150a526250df69077cd3065edbbd4c842098,dfine_sahi,65020.0,unknown_object,0.2513,662.0,358.82,748.76,411.5,4571.1,86.76,52.69,1.647,False,,True,unattributed,9,evt_01-P06_desk_work_surface_0043,b5a0c0f7bdf128ed,native_source_context_fallback,wrist_confidence_below_floor,18207.9,3.32,,1,01/e1/v1,rtmpose_baseline
corpus_01,01.Candidate was found using a mobile phone in the examination hall..mkv,b842b03e5784d867e93770560d88150a526250df69077cd3065edbbd4c842098,dfine_sahi,65060.0,unknown_object,0.6021,1006.98,456.2,1141.88,602.79,19774.3,134.9,146.59,0.92,False,,True,unattributed,7,evt_01-P02_desk_work_surface_0010,3405ba00b8bd3731,pose_hand_context,,44125.2,3.05,,1,01/e1/v1,rtmpose_baseline
corpus_01,01.Candidate was found using a mobile phone in the examination hall..mkv,b842b03e5784d867e93770560d88150a526250df69077cd3065edbbd4c842098,dfine_sahi,65060.0,unknown_object,0.5949,1014.55,456.15,1049.96,549.37,3300.3,35.4,93.22,0.38,False,,True,unattributed,7,evt_01-P02_desk_work_surface_0010,3405ba00b8bd3731,pose_hand_context,,44125.2,3.05,,1,01/e1/v1,rtmpose_baseline
corpus_01,01.Candidate was found using a mobile phone in the examination hall..mkv,b842b03e5784d867e93770560d88150a526250df69077cd3065edbbd4c842098,dfine_sahi,65060.0,unknown_object,0.5902,1024.7,548.08,1080.1,578.14,1665.8,55.4,30.07,1.842,False,,True,unattributed,7,evt_01-P02_desk_work_surface_0010,3405ba00b8bd3731,pose_hand_context,,44125.2,3.05,,1,01/e1/v1,rtmpose_baseline
corpus_01,01.Candidate was found using a mobile phone in the examination hall..mkv,b842b03e5784d867e93770560d88150a526250df69077cd3065edbbd4c842098,dfine_sahi,65060.0,unknown_object,0.5204,937.33,456.2,1031.15,532.29,7138.3,93.82,76.08,1.233,False,,True,unattributed,7,evt_01-P02_desk_work_surface_0010,3405ba00b8bd3731,pose_hand_context,,44125.2,3.05,,1,01/e1/v1,rtmpose_baseline
corpus_01,01.Candidate was found using a mobile phone in the examination hall..mkv,b842b03e5784d867e93770560d88150a526250df69077cd3065edbbd4c842098,dfine_sahi,65060.0,unknown_object,0.4406,1024.01,578.22,1141.98,665.7,10320.3,117.97,87.48,1.349,False,,True,unattributed,7,evt_01-P02_desk_work_surface_0010,3405ba00b8bd3731,pose_hand_context,,44125.2,3.05,,1,01/e1/v1,rtmpose_baseline
corpus_01,01.Candidate was found using a mobile phone in the examination hall..mkv,b842b03e5784d867e93770560d88150a526250df69077cd3065edbbd4c842098,dfine_sahi,65060.0,unknown_object,0.4188,932.0,548.07,961.73,578.6,907.9,29.73,30.53,0.974,False,,True,unattributed,7,evt_01-P02_desk_work_surface_0010,3405ba00b8bd3731,pose_hand_context,,44125.2,3.05,,1,01/e1/v1,rtmpose_baseline
corpus_01,01.Candidate was found using a mobile phone in the examination hall..mkv,b842b03e5784d867e93770560d88150a526250df69077cd3065edbbd4c842098,dfine_sahi,65060.0,unknown_object,0.3669,985.54,587.48,1050.0,665.64,5037.7,64.46,78.16,0.825,False,,True,unattributed,7,evt_01-P02_desk_work_surface_0010,3405ba00b8bd3731,pose_hand_context,,44125.2,3.05,,1,01/e1/v1,rtmpose_baseline
corpus_01,01.Candidate was found using a mobile phone in the examination hall..mkv,b842b03e5784d867e93770560d88150a526250df69077cd3065edbbd4c842098,dfine_sahi,65060.0,unknown_object,0.3382,937.41,456.06,1030.61,486.44,2831.1,93.2,30.38,3.068,False,,True,unattributed,7,evt_01-P02_desk_work_surface_0010,3405ba00b8bd3731,pose_hand_context,,44125.2,3.05,,1,01/e1/v1,rtmpose_baseline
corpus_01,01.Candidate was found using a mobile phone in the examination hall..mkv,b842b03e5784d867e93770560d88150a526250df69077cd3065edbbd4c842098,dfine_sahi,65060.0,unknown_object,0.3053,956.54,484.5,1017.71,529.59,2758.0,61.17,45.09,1.357,False,,True,unattributed,7,evt_01-P02_desk_work_surface_0010,3405ba00b8bd3731,pose_hand_context,,44125.2,3.05,,1,01/e1/v1,rtmpose_baseline
corpus_01,01.Candidate was found using a mobile phone in the examination hall..mkv,b842b03e5784d867e93770560d88150a526250df69077cd3065edbbd4c842098,dfine_sahi,65060.0,unknown_object,0.2672,932.03,548.17,1049.96,665.54,13841.7,117.93,117.38,1.005,False,,True,unattributed,7,evt_01-P02_desk_work_surface_0010,3405ba00b8bd3731,pose_hand_context,,44125.2,3.05,,1,01/e1/v1,rtmpose_baseline
corpus_01,01.Candidate was found using a mobile phone in the examination hall..mkv,b842b03e5784d867e93770560d88150a526250df69077cd3065edbbd4c842098,dfine_sahi,65060.0,unknown_object,0.265,1037.94,576.7,1100.88,593.83,1077.7,62.94,17.12,3.676,False,,True,unattributed,7,evt_01-P02_desk_work_surface_0010,3405ba00b8bd3731,pose_hand_context,,44125.2,3.05,,1,01/e1/v1,rtmpose_baseline
corpus_01,01.Candidate was found using a mobile phone in the examination hall..mkv,b842b03e5784d867e93770560d88150a526250df69077cd3065edbbd4c842098,dfine_sahi,65060.0,monitor_or_bezel,0.6175,727.06,304.07,777.71,343.89,2017.0,50.65,39.83,1.272,False,,True,unattributed,9,evt_01-P02_desk_work_surface_0010,7ccf9c0776efe5da,native_source_context_fallback,no_pose_observation,18073.1,3.35,,1,01/e1/v1,
corpus_01,01.Candidate was found using a mobile phone in the examination hall..mkv,b842b03e5784d867e93770560d88150a526250df69077cd3065edbbd4c842098,dfine_sahi,65060.0,unknown_object,0.4779,746.98,368.91,778.06,452.46,2596.7,31.08,83.55,0.372,False,,True,unattributed,9,evt_01-P02_desk_work_surface_0010,7ccf9c0776efe5da,native_source_context_fallback,no_pose_observation,18073.1,3.35,,1,01/e1/v1,
corpus_01,01.Candidate was found using a mobile phone in the examination hall..mkv,b842b03e5784d867e93770560d88150a526250df69077cd3065edbbd4c842098,dfine_sahi,65060.0,stationery,0.4065,720.58,332.11,738.86,354.68,412.5,18.28,22.57,0.81,False,,True,unattributed,9,evt_01-P02_desk_work_surface_0010,7ccf9c0776efe5da,native_source_context_fallback,no_pose_observation,18073.1,3.35,,1,01/e1/v1,
corpus_01,01.Candidate was found using a mobile phone in the examination hall..mkv,b842b03e5784d867e93770560d88150a526250df69077cd3065edbbd4c842098,dfine_sahi,65060.0,unknown_object,0.4013,746.04,333.68,798.44,409.67,3981.7,52.4,75.98,0.69,False,,True,unattributed,9,evt_01-P02_desk_work_surface_0010,7ccf9c0776efe5da,native_source_context_fallback,no_pose_observation,18073.1,3.35,,1,01/e1/v1,
corpus_01,01.Candidate was found using a mobile phone in the examination hall..mkv,b842b03e5784d867e93770560d88150a526250df69077cd3065edbbd4c842098,dfine_sahi,65060.0,monitor_or_bezel,0.3935,726.53,304.11,758.07,370.37,2089.7,31.54,66.27,0.476,False,,True,unattributed,9,evt_01-P02_desk_work_surface_0010,7ccf9c0776efe5da,native_source_context_fallback,no_pose_observation,18073.1,3.35,,1,01/e1/v1,
corpus_01,01.Candidate was found using a mobile phone in the examination hall..mkv,b842b03e5784d867e93770560d88150a526250df69077cd3065edbbd4c842098,dfine_sahi,65060.0,unknown_object,0.3544,746.71,368.47,786.46,409.28,1622.4,39.75,40.81,0.974,False,,True,unattributed,9,evt_01-P02_desk_work_surface_0010,7ccf9c0776efe5da,native_source_context_fallback,no_pose_observation,18073.1,3.35,,1,01/e1/v1,
corpus_01,01.Candidate was found using a mobile phone in the examination hall..mkv,b842b03e5784d867e93770560d88150a526250df69077cd3065edbbd4c842098,dfine_sahi,65060.0,stationery,0.3447,724.78,343.68,738.76,354.54,151.7,13.97,10.85,1.288,False,,True,unattributed,9,evt_01-P02_desk_work_surface_0010,7ccf9c0776efe5da,native_source_context_fallback,no_pose_observation,18073.1,3.35,,1,01/e1/v1,
corpus_01,01.Candidate was found using a mobile phone in the examination hall..mkv,b842b03e5784d867e93770560d88150a526250df69077cd3065edbbd4c842098,dfine_sahi,65060.0,unknown_object,0.2603,662.02,359.62,748.31,410.46,4386.7,86.29,50.84,1.697,False,,True,unattributed,9,evt_01-P02_desk_work_surface_0010,7ccf9c0776efe5da,native_source_context_fallback,no_pose_observation,18073.1,3.35,,1,01/e1/v1,
corpus_01,01.Candidate was found using a mobile phone in the examination hall..mkv,b842b03e5784d867e93770560d88150a526250df69077cd3065edbbd4c842098,dfine_sahi,65060.0,unknown_object,0.4989,527.78,624.48,607.41,719.05,7529.1,79.62,94.56,0.842,False,,True,unattributed,4,evt_01-P02_desk_work_surface_0010,d6ff19b2e1a9525d,pose_hand_context,,17994.4,3.7,,1,01/e1/v1,rtmpose_baseline
corpus_01,01.Candidate was found using a mobile phone in the examination hall..mkv,b842b03e5784d867e93770560d88150a526250df69077cd3065edbbd4c842098,dfine_sahi,65060.0,bag,0.4716,435.02,673.17,509.07,718.96,3390.7,74.05,45.79,1.617,False,,True,unattributed,4,evt_01-P02_desk_work_surface_0010,d6ff19b2e1a9525d,pose_hand_context,,17994.4,3.7,,1,01/e1/v1,rtmpose_baseline
corpus_01,01.Candidate was found using a mobile phone in the examination hall..mkv,b842b03e5784d867e93770560d88150a526250df69077cd3065edbbd4c842098,dfine_sahi,65060.0,unknown_object,0.4094,584.33,642.86,607.19,691.42,1110.0,22.86,48.57,0.471,False,,True,unattributed,4,evt_01-P02_desk_work_surface_0010,d6ff19b2e1a9525d,pose_hand_context,,17994.4,3.7,,1,01/e1/v1,rtmpose_baseline
corpus_01,01.Candidate was found using a mobile phone in the examination hall..mkv,b842b03e5784d867e93770560d88150a526250df69077cd3065edbbd4c842098,dfine_sahi,65060.0,unknown_object,0.3036,435.33,615.05,606.96,719.04,17847.5,171.62,103.99,1.65,False,,True,unattributed,4,evt_01-P02_desk_work_surface_0010,d6ff19b2e1a9525d,pose_hand_context,,17994.4,3.7,,1,01/e1/v1,rtmpose_baseline
corpus_01,01.Candidate was found using a mobile phone in the examination hall..mkv,b842b03e5784d867e93770560d88150a526250df69077cd3065edbbd4c842098,dfine_sahi,65060.0,bag,0.2972,435.14,615.31,525.05,718.76,9301.3,89.91,103.45,0.869,False,,True,unattributed,4,evt_01-P02_desk_work_surface_0010,d6ff19b2e1a9525d,pose_hand_context,,17994.4,3.7,,1,01/e1/v1,rtmpose_baseline
corpus_01,01.Candidate was found using a mobile phone in the examination hall..mkv,b842b03e5784d867e93770560d88150a526250df69077cd3065edbbd4c842098,dfine_sahi,65060.0,unknown_object,0.2835,435.02,595.98,531.89,691.2,9224.1,96.87,95.22,1.017,False,,True,unattributed,4,evt_01-P02_desk_work_surface_0010,d6ff19b2e1a9525d,pose_hand_context,,17994.4,3.7,,1,01/e1/v1,rtmpose_baseline
corpus_01,01.Candidate was found using a mobile phone in the examination hall..mkv,b842b03e5784d867e93770560d88150a526250df69077cd3065edbbd4c842098,dfine_sahi,65060.0,stationery,0.2609,453.41,596.04,481.87,619.77,675.7,28.46,23.74,1.199,False,,True,unattributed,4,evt_01-P02_desk_work_surface_0010,d6ff19b2e1a9525d,pose_hand_context,,17994.4,3.7,,1,01/e1/v1,rtmpose_baseline
corpus_01,01.Candidate was found using a mobile phone in the examination hall..mkv,b842b03e5784d867e93770560d88150a526250df69077cd3065edbbd4c842098,dfine_sahi,65060.0,stationery,0.2581,483.74,606.93,504.53,621.38,300.5,20.79,14.45,1.439,False,,True,unattributed,4,evt_01-P02_desk_work_surface_0010,d6ff19b2e1a9525d,pose_hand_context,,17994.4,3.7,,1,01/e1/v1,rtmpose_baseline
corpus_01,01.Candidate was found using a mobile phone in the examination hall..mkv,b842b03e5784d867e93770560d88150a526250df69077cd3065edbbd4c842098,dfine_sahi,65060.0,bag,0.2505,440.84,615.17,515.58,655.25,2995.6,74.74,40.08,1.865,False,,True,unattributed,4,evt_01-P02_desk_work_surface_0010,d6ff19b2e1a9525d,pose_hand_context,,17994.4,3.7,,1,01/e1/v1,rtmpose_baseline
corpus_01,01.Candidate was found using a mobile phone in the examination hall..mkv,b842b03e5784d867e93770560d88150a526250df69077cd3065edbbd4c842098,dfine_sahi,65340.0,bag,0.5642,433.02,673.6,508.41,719.33,3447.9,75.4,45.73,1.649,False,,True,unattributed,4,evt_01-P03_upper_body_0019,60eb5f09853ddfcb,pose_hand_context,,16294.4,3.8,,1,01/e1/v1,rtmpose_baseline
corpus_01,01.Candidate was found using a mobile phone in the examination hall..mkv,b842b03e5784d867e93770560d88150a526250df69077cd3065edbbd4c842098,dfine_sahi,65340.0,bag,0.3497,433.16,635.57,523.93,719.0,7572.9,90.77,83.43,1.088,False,,True,unattributed,4,evt_01-P03_upper_body_0019,60eb5f09853ddfcb,pose_hand_context,,16294.4,3.8,,1,01/e1/v1,rtmpose_baseline
corpus_01,01.Candidate was found using a mobile phone in the examination hall..mkv,b842b03e5784d867e93770560d88150a526250df69077cd3065edbbd4c842098,dfine_sahi,65340.0,monitor_or_bezel,0.3178,432.07,673.5,505.78,703.99,2247.5,73.71,30.49,2.417,False,,True,unattributed,4,evt_01-P03_upper_body_0019,60eb5f09853ddfcb,pose_hand_context,,16294.4,3.8,,1,01/e1/v1,rtmpose_baseline
corpus_01,01.Candidate was found using a mobile phone in the examination hall..mkv,b842b03e5784d867e93770560d88150a526250df69077cd3065edbbd4c842098,dfine_sahi,65340.0,stationery,0.2793,483.77,606.99,504.5,621.3,296.6,20.72,14.31,1.448,False,,True,unattributed,4,evt_01-P03_upper_body_0019,60eb5f09853ddfcb,pose_hand_context,,16294.4,3.8,,1,01/e1/v1,rtmpose_baseline
corpus_01,01.Candidate was found using a mobile phone in the examination hall..mkv,b842b03e5784d867e93770560d88150a526250df69077cd3065edbbd4c842098,dfine_sahi,65340.0,unknown_object,0.271,524.94,659.51,591.84,719.43,4009.2,66.9,59.92,1.116,False,,True,unattributed,4,evt_01-P03_upper_body_0019,60eb5f09853ddfcb,pose_hand_context,,16294.4,3.8,,1,01/e1/v1,rtmpose_baseline
corpus_01,01.Candidate was found using a mobile phone in the examination hall..mkv,b842b03e5784d867e93770560d88150a526250df69077cd3065edbbd4c842098,dfine_sahi,65340.0,stationery,0.2668,432.09,673.2,501.87,697.42,1689.9,69.79,24.21,2.882,False,,True,unattributed,4,evt_01-P03_upper_body_0019,60eb5f09853ddfcb,pose_hand_context,,16294.4,3.8,,1,01/e1/v1,rtmpose_baseline
corpus_01,01.Candidate was found using a mobile phone in the examination hall..mkv,b842b03e5784d867e93770560d88150a526250df69077cd3065edbbd4c842098,dfine_sahi,65340.0,unknown_object,0.2576,529.49,602.31,600.93,697.32,6786.9,71.44,95.0,0.752,False,,True,unattributed,4,evt_01-P03_upper_body_0019,60eb5f09853ddfcb,pose_hand_context,,16294.4,3.8,,1,01/e1/v1,rtmpose_baseline
corpus_01,01.Candidate was found using a mobile phone in the examination hall..mkv,b842b03e5784d867e93770560d88150a526250df69077cd3065edbbd4c842098,dfine_sahi,65340.0,monitor_or_bezel,0.2533,432.05,624.79,527.24,702.67,7412.7,95.18,77.88,1.222,False,,True,unattributed,4,evt_01-P03_upper_body_0019,60eb5f09853ddfcb,pose_hand_context,,16294.4,3.8,,1,01/e1/v1,rtmpose_baseline
corpus_01,01.Candidate was found using a mobile phone in the examination hall..mkv,b842b03e5784d867e93770560d88150a526250df69077cd3065edbbd4c842098,dfine_sahi,65340.0,monitor_or_bezel,0.5046,725.6,304.07,777.88,344.14,2094.7,52.27,40.07,1.304,False,,True,unattributed,9,evt_01-P03_upper_body_0019,c36ac0edd7bbcb45,native_source_context_fallback,wrist_confidence_below_floor,18149.0,3.38,,1,01/e1/v1,rtmpose_baseline
corpus_01,01.Candidate was found using a mobile phone in the examination hall..mkv,b842b03e5784d867e93770560d88150a526250df69077cd3065edbbd4c842098,dfine_sahi,65340.0,unknown_object,0.4665,745.39,368.76,776.96,449.66,2554.3,31.57,80.91,0.39,False,,True,unattributed,9,evt_01-P03_upper_body_0019,c36ac0edd7bbcb45,native_source_context_fallback,wrist_confidence_below_floor,18149.0,3.38,,1,01/e1/v1,rtmpose_baseline
corpus_01,01.Candidate was found using a mobile phone in the examination hall..mkv,b842b03e5784d867e93770560d88150a526250df69077cd3065edbbd4c842098,dfine_sahi,65340.0,unknown_object,0.4597,733.68,342.89,750.75,371.59,490.1,17.08,28.7,0.595,False,,True,unattributed,9,evt_01-P03_upper_body_0019,c36ac0edd7bbcb45,native_source_context_fallback,wrist_confidence_below_floor,18149.0,3.38,,1,01/e1/v1,rtmpose_baseline
corpus_01,01.Candidate was found using a mobile phone in the examination hall..mkv,b842b03e5784d867e93770560d88150a526250df69077cd3065edbbd4c842098,dfine_sahi,65340.0,unknown_object,0.4519,745.01,334.03,797.79,410.36,4028.9,52.78,76.33,0.691,False,,True,unattributed,9,evt_01-P03_upper_body_0019,c36ac0edd7bbcb45,native_source_context_fallback,wrist_confidence_below_floor,18149.0,3.38,,1,01/e1/v1,rtmpose_baseline
corpus_01,01.Candidate was found using a mobile phone in the examination hall..mkv,b842b03e5784d867e93770560d88150a526250df69077cd3065edbbd4c842098,dfine_sahi,65340.0,unknown_object,0.4001,745.52,368.95,776.92,404.8,1125.8,31.4,35.85,0.876,False,,True,unattributed,9,evt_01-P03_upper_body_0019,c36ac0edd7bbcb45,native_source_context_fallback,wrist_confidence_below_floor,18149.0,3.38,,1,01/e1/v1,rtmpose_baseline
corpus_01,01.Candidate was found using a mobile phone in the examination hall..mkv,b842b03e5784d867e93770560d88150a526250df69077cd3065edbbd4c842098,dfine_sahi,65340.0,unknown_object,0.3653,719.64,332.65,737.22,355.35,399.1,17.58,22.7,0.774,False,,True,unattributed,9,evt_01-P03_upper_body_0019,c36ac0edd7bbcb45,native_source_context_fallback,wrist_confidence_below_floor,18149.0,3.38,,1,01/e1/v1,rtmpose_baseline
corpus_01,01.Candidate was found using a mobile phone in the examination hall..mkv,b842b03e5784d867e93770560d88150a526250df69077cd3065edbbd4c842098,dfine_sahi,65340.0,phone,0.3489,718.94,329.39,737.34,355.6,482.2,18.4,26.21,0.702,False,,True,unattributed,9,evt_01-P03_upper_body_0019,c36ac0edd7bbcb45,native_source_context_fallback,wrist_confidence_below_floor,18149.0,3.38,,1,01/e1/v1,rtmpose_baseline
corpus_01,01.Candidate was found using a mobile phone in the examination hall..mkv,b842b03e5784d867e93770560d88150a526250df69077cd3065edbbd4c842098,dfine_sahi,65340.0,unknown_object,0.3086,717.64,330.58,751.12,372.72,1411.3,33.49,42.14,0.795,False,,True,unattributed,9,evt_01-P03_upper_body_0019,c36ac0edd7bbcb45,native_source_context_fallback,wrist_confidence_below_floor,18149.0,3.38,,1,01/e1/v1,rtmpose_baseline
corpus_01,01.Candidate was found using a mobile phone in the examination hall..mkv,b842b03e5784d867e93770560d88150a526250df69077cd3065edbbd4c842098,dfine_sahi,65340.0,bag,0.2883,704.81,453.7,765.28,491.61,2292.8,60.47,37.91,1.595,False,,True,unattributed,9,evt_01-P03_upper_body_0019,c36ac0edd7bbcb45,native_source_context_fallback,wrist_confidence_below_floor,18149.0,3.38,,1,01/e1/v1,rtmpose_baseline
corpus_01,01.Candidate was found using a mobile phone in the examination hall..mkv,b842b03e5784d867e93770560d88150a526250df69077cd3065edbbd4c842098,dfine_sahi,65340.0,unknown_object,0.2829,725.46,304.17,756.21,400.29,2955.5,30.75,96.12,0.32,False,,True,unattributed,9,evt_01-P03_upper_body_0019,c36ac0edd7bbcb45,native_source_context_fallback,wrist_confidence_below_floor,18149.0,3.38,,1,01/e1/v1,rtmpose_baseline
corpus_01,01.Candidate was found using a mobile phone in the examination hall..mkv,b842b03e5784d867e93770560d88150a526250df69077cd3065edbbd4c842098,dfine_sahi,65340.0,unknown_object,0.2549,701.76,368.16,776.99,491.93,9310.6,75.23,123.77,0.608,False,,True,unattributed,9,evt_01-P03_upper_body_0019,c36ac0edd7bbcb45,native_source_context_fallback,wrist_confidence_below_floor,18149.0,3.38,,1,01/e1/v1,rtmpose_baseline
corpus_01,01.Candidate was found using a mobile phone in the examination hall..mkv,b842b03e5784d867e93770560d88150a526250df69077cd3065edbbd4c842098,dfine_sahi,65340.0,unknown_object,0.7906,1014.25,492.35,1115.99,595.06,10449.8,101.74,102.71,0.991,False,,True,unattributed,7,evt_01-P03_upper_body_0019,f31b8c0b07887148,pose_hand_context,,39521.4,3.22,,1,01/e1/v1,rtmpose_baseline
corpus_01,01.Candidate was found using a mobile phone in the examination hall..mkv,b842b03e5784d867e93770560d88150a526250df69077cd3065edbbd4c842098,dfine_sahi,65340.0,unknown_object,0.7672,1079.64,629.57,1101.43,660.45,672.6,21.78,30.88,0.706,False,,True,unattributed,7,evt_01-P03_upper_body_0019,f31b8c0b07887148,pose_hand_context,,39521.4,3.22,,1,01/e1/v1,rtmpose_baseline
corpus_01,01.Candidate was found using a mobile phone in the examination hall..mkv,b842b03e5784d867e93770560d88150a526250df69077cd3065edbbd4c842098,dfine_sahi,65340.0,bag,0.6752,1013.87,492.13,1115.92,595.79,10579.1,102.05,103.66,0.984,False,,True,unattributed,7,evt_01-P03_upper_body_0019,f31b8c0b07887148,pose_hand_context,,39521.4,3.22,,1,01/e1/v1,rtmpose_baseline
corpus_01,01.Candidate was found using a mobile phone in the examination hall..mkv,b842b03e5784d867e93770560d88150a526250df69077cd3065edbbd4c842098,dfine_sahi,65340.0,unknown_object,0.6703,1103.76,632.56,1116.01,648.27,192.4,12.24,15.71,0.779,False,,True,unattributed,7,evt_01-P03_upper_body_0019,f31b8c0b07887148,pose_hand_context,,39521.4,3.22,,1,01/e1/v1,rtmpose_baseline
corpus_01,01.Candidate was found using a mobile phone in the examination hall..mkv,b842b03e5784d867e93770560d88150a526250df69077cd3065edbbd4c842098,dfine_sahi,65340.0,unknown_object,0.5055,1004.02,579.88,1116.02,690.1,12344.3,112.0,110.22,1.016,False,,True,unattributed,7,evt_01-P03_upper_body_0019,f31b8c0b07887148,pose_hand_context,,39521.4,3.22,,1,01/e1/v1,rtmpose_baseline
corpus_01,01.Candidate was found using a mobile phone in the examination hall..mkv,b842b03e5784d867e93770560d88150a526250df69077cd3065edbbd4c842098,dfine_sahi,65340.0,unknown_object,0.4877,982.54,597.62,1029.04,690.54,4320.5,46.5,92.92,0.5,False,,True,unattributed,7,evt_01-P03_upper_body_0019,f31b8c0b07887148,pose_hand_context,,39521.4,3.22,,1,01/e1/v1,rtmpose_baseline
corpus_01,01.Candidate was found using a mobile phone in the examination hall..mkv,b842b03e5784d867e93770560d88150a526250df69077cd3065edbbd4c842098,dfine_sahi,65340.0,unknown_object,0.4031,1014.7,492.1,1028.98,555.55,905.7,14.28,63.45,0.225,False,,True,unattributed,7,evt_01-P03_upper_body_0019,f31b8c0b07887148,pose_hand_context,,39521.4,3.22,,1,01/e1/v1,rtmpose_baseline
corpus_01,01.Candidate was found using a mobile phone in the examination hall..mkv,b842b03e5784d867e93770560d88150a526250df69077cd3065edbbd4c842098,dfine_sahi,65340.0,unknown_object,0.3655,917.04,523.33,1028.56,603.54,8945.5,111.52,80.22,1.39,False,,True,unattributed,7,evt_01-P03_upper_body_0019,f31b8c0b07887148,pose_hand_context,,39521.4,3.22,,1,01/e1/v1,rtmpose_baseline
corpus_01,01.Candidate was found using a mobile phone in the examination hall..mkv,b842b03e5784d867e93770560d88150a526250df69077cd3065edbbd4c842098,dfine_sahi,65340.0,unknown_object,0.2861,1020.66,578.6,1115.93,603.84,2404.7,95.28,25.24,3.775,False,,True,unattributed,7,evt_01-P03_upper_body_0019,f31b8c0b07887148,pose_hand_context,,39521.4,3.22,,1,01/e1/v1,rtmpose_baseline
corpus_01,01.Candidate was found using a mobile phone in the examination hall..mkv,b842b03e5784d867e93770560d88150a526250df69077cd3065edbbd4c842098,dfine_sahi,65340.0,unknown_object,0.2556,956.52,492.14,1019.54,538.56,2925.3,63.02,46.42,1.358,False,,True,unattributed,7,evt_01-P03_upper_body_0019,f31b8c0b07887148,pose_hand_context,,39521.4,3.22,,1,01/e1/v1,rtmpose_baseline
corpus_01,01.Candidate was found using a mobile phone in the examination hall..mkv,b842b03e5784d867e93770560d88150a526250df69077cd3065edbbd4c842098,dfine_sahi,65380.0,bag,0.492,430.03,673.56,509.08,719.35,3619.3,79.05,45.79,1.727,False,,True,unattributed,4,evt_01-P01_desk_work_surface_0002,d6afd8482b968e7f,pose_hand_context,,16547.3,3.72,,1,01/e1/v1,rtmpose_baseline
corpus_01,01.Candidate was found using a mobile phone in the examination hall..mkv,b842b03e5784d867e93770560d88150a526250df69077cd3065edbbd4c842098,dfine_sahi,65380.0,bag,0.398,430.15,633.81,525.42,719.19,8134.3,95.27,85.38,1.116,False,,True,unattributed,4,evt_01-P01_desk_work_surface_0002,d6afd8482b968e7f,pose_hand_context,,16547.3,3.72,,1,01/e1/v1,rtmpose_baseline
corpus_01,01.Candidate was found using a mobile phone in the examination hall..mkv,b842b03e5784d867e93770560d88150a526250df69077cd3065edbbd4c842098,dfine_sahi,65380.0,stationery,0.2911,430.04,673.73,502.68,697.43,1721.9,72.64,23.7,3.065,False,,True,unattributed,4,evt_01-P01_desk_work_surface_0002,d6afd8482b968e7f,pose_hand_context,,16547.3,3.72,,1,01/e1/v1,rtmpose_baseline
corpus_01,01.Candidate was found using a mobile phone in the examination hall..mkv,b842b03e5784d867e93770560d88150a526250df69077cd3065edbbd4c842098,dfine_sahi,65380.0,monitor_or_bezel,0.2782,430.01,624.4,525.8,702.77,7506.6,95.79,78.37,1.222,False,,True,unattributed,4,evt_01-P01_desk_work_surface_0002,d6afd8482b968e7f,pose_hand_context,,16547.3,3.72,,1,01/e1/v1,rtmpose_baseline
corpus_01,01.Candidate was found using a mobile phone in the examination hall..mkv,b842b03e5784d867e93770560d88150a526250df69077cd3065edbbd4c842098,dfine_sahi,65380.0,unknown_object,0.2759,523.76,659.2,592.08,719.61,4127.1,68.32,60.41,1.131,False,,True,unattributed,4,evt_01-P01_desk_work_surface_0002,d6afd8482b968e7f,pose_hand_context,,16547.3,3.72,,1,01/e1/v1,rtmpose_baseline
corpus_01,01.Candidate was found using a mobile phone in the examination hall..mkv,b842b03e5784d867e93770560d88150a526250df69077cd3065edbbd4c842098,dfine_sahi,65380.0,unknown_object,0.6118,733.62,342.82,750.78,373.51,526.5,17.15,30.69,0.559,False,,True,unattributed,9,evt_01-P01_desk_work_surface_0002,df08df712e21537e,native_source_context_fallback,wrist_confidence_below_floor,18073.7,3.4,,1,01/e1/v1,rtmpose_baseline
corpus_01,01.Candidate was found using a mobile phone in the examination hall..mkv,b842b03e5784d867e93770560d88150a526250df69077cd3065edbbd4c842098,dfine_sahi,65380.0,unknown_object,0.5119,745.1,334.11,797.85,409.48,3975.4,52.75,75.37,0.7,False,,True,unattributed,9,evt_01-P01_desk_work_surface_0002,df08df712e21537e,native_source_context_fallback,wrist_confidence_below_floor,18073.7,3.4,,1,01/e1/v1,rtmpose_baseline
corpus_01,01.Candidate was found using a mobile phone in the examination hall..mkv,b842b03e5784d867e93770560d88150a526250df69077cd3065edbbd4c842098,dfine_sahi,65380.0,monitor_or_bezel,0.4285,725.81,304.08,777.83,344.01,2077.3,52.02,39.93,1.303,False,,True,unattributed,9,evt_01-P01_desk_work_surface_0002,df08df712e21537e,native_source_context_fallback,wrist_confidence_below_floor,18073.7,3.4,,1,01/e1/v1,rtmpose_baseline
corpus_01,01.Candidate was found using a mobile phone in the examination hall..mkv,b842b03e5784d867e93770560d88150a526250df69077cd3065edbbd4c842098,dfine_sahi,65380.0,unknown_object,0.3716,745.58,368.75,777.06,449.56,2543.5,31.48,80.81,0.39,False,,True,unattributed,9,evt_01-P01_desk_work_surface_0002,df08df712e21537e,native_source_context_fallback,wrist_confidence_below_floor,18073.7,3.4,,1,01/e1/v1,rtmpose_baseline
corpus_01,01.Candidate was found using a mobile phone in the examination hall..mkv,b842b03e5784d867e93770560d88150a526250df69077cd3065edbbd4c842098,dfine_sahi,65380.0,unknown_object,0.3694,718.5,330.11,751.04,374.12,1431.9,32.54,44.0,0.739,False,,True,unattributed,9,evt_01-P01_desk_work_surface_0002,df08df712e21537e,native_source_context_fallback,wrist_confidence_below_floor,18073.7,3.4,,1,01/e1/v1,rtmpose_baseline
corpus_01,01.Candidate was found using a mobile phone in the examination hall..mkv,b842b03e5784d867e93770560d88150a526250df69077cd3065edbbd4c842098,dfine_sahi,65380.0,unknown_object,0.3604,705.19,453.91,764.84,491.34,2232.3,59.65,37.42,1.594,False,,True,unattributed,9,evt_01-P01_desk_work_surface_0002,df08df712e21537e,native_source_context_fallback,wrist_confidence_below_floor,18073.7,3.4,,1,01/e1/v1,rtmpose_baseline
corpus_01,01.Candidate was found using a mobile phone in the examination hall..mkv,b842b03e5784d867e93770560d88150a526250df69077cd3065edbbd4c842098,dfine_sahi,65380.0,unknown_object,0.3228,745.75,368.75,785.73,408.54,1590.4,39.97,39.78,1.005,False,,True,unattributed,9,evt_01-P01_desk_work_surface_0002,df08df712e21537e,native_source_context_fallback,wrist_confidence_below_floor,18073.7,3.4,,1,01/e1/v1,rtmpose_baseline
corpus_01,01.Candidate was found using a mobile phone in the examination hall..mkv,b842b03e5784d867e93770560d88150a526250df69077cd3065edbbd4c842098,dfine_sahi,65380.0,unknown_object,0.278,701.97,342.31,753.94,409.65,3499.8,51.97,67.34,0.772,False,,True,unattributed,9,evt_01-P01_desk_work_surface_0002,df08df712e21537e,native_source_context_fallback,wrist_confidence_below_floor,18073.7,3.4,,1,01/e1/v1,rtmpose_baseline
corpus_01,01.Candidate was found using a mobile phone in the examination hall..mkv,b842b03e5784d867e93770560d88150a526250df69077cd3065edbbd4c842098,dfine_sahi,65380.0,unknown_object,0.2709,729.83,387.16,757.59,427.58,1121.8,27.76,40.42,0.687,False,,True,unattributed,9,evt_01-P01_desk_work_surface_0002,df08df712e21537e,native_source_context_fallback,wrist_confidence_below_floor,18073.7,3.4,,1,01/e1/v1,rtmpose_baseline
corpus_01,01.Candidate was found using a mobile phone in the examination hall..mkv,b842b03e5784d867e93770560d88150a526250df69077cd3065edbbd4c842098,dfine_sahi,65380.0,bag,0.2594,705.15,454.17,765.88,491.46,2265.3,60.73,37.3,1.628,False,,True,unattributed,9,evt_01-P01_desk_work_surface_0002,df08df712e21537e,native_source_context_fallback,wrist_confidence_below_floor,18073.7,3.4,,1,01/e1/v1,rtmpose_baseline
corpus_01,01.Candidate was found using a mobile phone in the examination hall..mkv,b842b03e5784d867e93770560d88150a526250df69077cd3065edbbd4c842098,dfine_sahi,65380.0,unknown_object,0.8573,1014.68,501.35,1112.99,600.06,9705.3,98.32,98.71,0.996,False,,True,unattributed,7,evt_01-P01_desk_work_surface_0002,fd62b30097355245,pose_hand_context,,38439.5,3.26,,1,01/e1/v1,rtmpose_baseline
corpus_01,01.Candidate was found using a mobile phone in the examination hall..mkv,b842b03e5784d867e93770560d88150a526250df69077cd3065edbbd4c842098,dfine_sahi,65380.0,unknown_object,0.8468,1079.63,629.43,1101.49,660.36,676.4,21.87,30.93,0.707,False,,True,unattributed,7,evt_01-P01_desk_work_surface_0002,fd62b30097355245,pose_hand_context,,38439.5,3.26,,1,01/e1/v1,rtmpose_baseline
corpus_01,01.Candidate was found using a mobile phone in the examination hall..mkv,b842b03e5784d867e93770560d88150a526250df69077cd3065edbbd4c842098,dfine_sahi,65380.0,unknown_object,0.7307,1103.76,635.55,1113.0,648.32,118.0,9.24,12.77,0.724,True,object footprint 118 px is under the 120 px floor for a call,False,unattributed,7,evt_01-P01_desk_work_surface_0002,fd62b30097355245,pose_hand_context,,38439.5,3.26,,1,01/e1/v1,rtmpose_baseline
corpus_01,01.Candidate was found using a mobile phone in the examination hall..mkv,b842b03e5784d867e93770560d88150a526250df69077cd3065edbbd4c842098,dfine_sahi,65380.0,unknown_object,0.5192,1011.52,579.22,1112.8,610.78,3196.1,101.28,31.56,3.209,False,,True,unattributed,7,evt_01-P01_desk_work_surface_0002,fd62b30097355245,pose_hand_context,,38439.5,3.26,,1,01/e1/v1,rtmpose_baseline
corpus_01,01.Candidate was found using a mobile phone in the examination hall..mkv,b842b03e5784d867e93770560d88150a526250df69077cd3065edbbd4c842098,dfine_sahi,65380.0,unknown_object,0.4338,981.81,578.97,1112.9,695.81,15316.0,131.09,116.84,1.122,False,,True,unattributed,7,evt_01-P01_desk_work_surface_0002,fd62b30097355245,pose_hand_context,,38439.5,3.26,,1,01/e1/v1,rtmpose_baseline
corpus_01,01.Candidate was found using a mobile phone in the examination hall..mkv,b842b03e5784d867e93770560d88150a526250df69077cd3065edbbd4c842098,dfine_sahi,65380.0,unknown_object,0.4314,1025.59,555.89,1112.94,600.22,3871.8,87.34,44.33,1.97,False,,True,unattributed,7,evt_01-P01_desk_work_surface_0002,fd62b30097355245,pose_hand_context,,38439.5,3.26,,1,01/e1/v1,rtmpose_baseline
corpus_01,01.Candidate was found using a mobile phone in the examination hall..mkv,b842b03e5784d867e93770560d88150a526250df69077cd3065edbbd4c842098,dfine_sahi,65380.0,unknown_object,0.4312,981.6,598.52,1027.01,696.51,4450.2,45.41,98.0,0.463,False,,True,unattributed,7,evt_01-P01_desk_work_surface_0002,fd62b30097355245,pose_hand_context,,38439.5,3.26,,1,01/e1/v1,rtmpose_baseline
corpus_01,01.Candidate was found using a mobile phone in the examination hall..mkv,b842b03e5784d867e93770560d88150a526250df69077cd3065edbbd4c842098,dfine_sahi,65380.0,unknown_object,0.359,917.03,523.99,1026.84,610.5,9499.9,109.81,86.51,1.269,False,,True,unattributed,7,evt_01-P01_desk_work_surface_0002,fd62b30097355245,pose_hand_context,,38439.5,3.26,,1,01/e1/v1,rtmpose_baseline
corpus_01,01.Candidate was found using a mobile phone in the examination hall..mkv,b842b03e5784d867e93770560d88150a526250df69077cd3065edbbd4c842098,dfine_sahi,65380.0,unknown_object,0.2942,917.43,533.69,970.49,593.54,3175.8,53.06,59.86,0.886,False,,True,unattributed,7,evt_01-P01_desk_work_surface_0002,fd62b30097355245,pose_hand_context,,38439.5,3.26,,1,01/e1/v1,rtmpose_baseline
corpus_01,01.Candidate was found using a mobile phone in the examination hall..mkv,b842b03e5784d867e93770560d88150a526250df69077cd3065edbbd4c842098,dfine_sahi,65380.0,unknown_object,0.2872,917.01,587.09,1026.94,696.37,12013.4,109.93,109.28,1.006,False,,True,unattributed,7,evt_01-P01_desk_work_surface_0002,fd62b30097355245,pose_hand_context,,38439.5,3.26,,1,01/e1/v1,rtmpose_baseline
corpus_01,01.Candidate was found using a mobile phone in the examination hall..mkv,b842b03e5784d867e93770560d88150a526250df69077cd3065edbbd4c842098,dfine_sahi,65380.0,monitor_or_bezel,0.2693,917.12,658.55,985.51,696.65,2605.5,68.4,38.09,1.796,False,,True,unattributed,7,evt_01-P01_desk_work_surface_0002,fd62b30097355245,pose_hand_context,,38439.5,3.26,,1,01/e1/v1,rtmpose_baseline
corpus_01,01.Candidate was found using a mobile phone in the examination hall..mkv,b842b03e5784d867e93770560d88150a526250df69077cd3065edbbd4c842098,dfine_sahi,65380.0,unknown_object,0.2669,1027.7,554.51,1112.95,566.43,1016.3,85.25,11.92,7.151,False,,True,unattributed,7,evt_01-P01_desk_work_surface_0002,fd62b30097355245,pose_hand_context,,38439.5,3.26,,1,01/e1/v1,rtmpose_baseline
corpus_01,01.Candidate was found using a mobile phone in the examination hall..mkv,b842b03e5784d867e93770560d88150a526250df69077cd3065edbbd4c842098,dfine_sahi,65380.0,unknown_object,0.2502,1037.92,576.33,1101.19,592.94,1051.1,63.27,16.61,3.808,False,,True,unattributed,7,evt_01-P01_desk_work_surface_0002,fd62b30097355245,pose_hand_context,,38439.5,3.26,,1,01/e1/v1,rtmpose_baseline
corpus_01,01.Candidate was found using a mobile phone in the examination hall..mkv,b842b03e5784d867e93770560d88150a526250df69077cd3065edbbd4c842098,dfine_sahi,65500.0,unknown_object,0.5914,719.51,423.04,745.98,454.58,835.0,26.47,31.54,0.839,False,,True,unattributed,9,evt_01-P01_upper_body_0006,542f118178e600fa,pose_hand_context,,4472.9,9.57,,1,01/e1/v1,rtmpose_baseline
corpus_01,01.Candidate was found using a mobile phone in the examination hall..mkv,b842b03e5784d867e93770560d88150a526250df69077cd3065edbbd4c842098,dfine_sahi,65500.0,bag,0.3904,701.62,454.51,760.71,491.54,2188.0,59.09,37.03,1.596,False,,True,unattributed,9,evt_01-P01_upper_body_0006,542f118178e600fa,pose_hand_context,,4472.9,9.57,,1,01/e1/v1,rtmpose_baseline
corpus_01,01.Candidate was found using a mobile phone in the examination hall..mkv,b842b03e5784d867e93770560d88150a526250df69077cd3065edbbd4c842098,dfine_sahi,65500.0,unknown_object,0.2974,737.32,421.0,761.01,456.93,851.0,23.69,35.93,0.659,False,,True,unattributed,9,evt_01-P01_upper_body_0006,542f118178e600fa,pose_hand_context,,4472.9,9.57,,1,01/e1/v1,rtmpose_baseline
corpus_01,01.Candidate was found using a mobile phone in the examination hall..mkv,b842b03e5784d867e93770560d88150a526250df69077cd3065edbbd4c842098,dfine_sahi,65500.0,unknown_object,0.6471,980.03,623.8,1057.98,719.22,7437.1,77.94,95.42,0.817,False,,True,unattributed,7,evt_01-P01_upper_body_0006,b02ebbc2e515f977,pose_hand_context,,32174.8,3.18,,1,01/e1/v1,rtmpose_baseline
corpus_01,01.Candidate was found using a mobile phone in the examination hall..mkv,b842b03e5784d867e93770560d88150a526250df69077cd3065edbbd4c842098,dfine_sahi,65500.0,unknown_object,0.5293,945.0,556.25,980.9,604.99,1749.8,35.9,48.74,0.736,False,,True,unattributed,7,evt_01-P01_upper_body_0006,b02ebbc2e515f977,pose_hand_context,,32174.8,3.18,,1,01/e1/v1,rtmpose_baseline
corpus_01,01.Candidate was found using a mobile phone in the examination hall..mkv,b842b03e5784d867e93770560d88150a526250df69077cd3065edbbd4c842098,dfine_sahi,65500.0,unknown_object,0.5048,922.55,555.88,969.97,605.09,2333.3,47.42,49.2,0.964,False,,True,unattributed,7,evt_01-P01_upper_body_0006,b02ebbc2e515f977,pose_hand_context,,32174.8,3.18,,1,01/e1/v1,rtmpose_baseline
corpus_01,01.Candidate was found using a mobile phone in the examination hall..mkv,b842b03e5784d867e93770560d88150a526250df69077cd3065edbbd4c842098,dfine_sahi,65500.0,unknown_object,0.5003,945.09,556.08,1029.95,641.02,7207.6,84.86,84.94,0.999,False,,True,unattributed,7,evt_01-P01_upper_body_0006,b02ebbc2e515f977,pose_hand_context,,32174.8,3.18,,1,01/e1/v1,rtmpose_baseline
corpus_01,01.Candidate was found using a mobile phone in the examination hall..mkv,b842b03e5784d867e93770560d88150a526250df69077cd3065edbbd4c842098,dfine_sahi,65500.0,unknown_object,0.4228,870.61,624.21,917.98,678.71,2581.7,47.37,54.5,0.869,False,,True,unattributed,7,evt_01-P01_upper_body_0006,b02ebbc2e515f977,pose_hand_context,,32174.8,3.18,,1,01/e1/v1,rtmpose_baseline
corpus_01,01.Candidate was found using a mobile phone in the examination hall..mkv,b842b03e5784d867e93770560d88150a526250df69077cd3065edbbd4c842098,dfine_sahi,65500.0,unknown_object,0.3161,856.97,559.56,1057.96,719.39,32126.6,200.99,159.84,1.257,False,,True,unattributed,7,evt_01-P01_upper_body_0006,b02ebbc2e515f977,pose_hand_context,,32174.8,3.18,,1,01/e1/v1,rtmpose_baseline
corpus_01,01.Candidate was found using a mobile phone in the examination hall..mkv,b842b03e5784d867e93770560d88150a526250df69077cd3065edbbd4c842098,dfine_sahi,65500.0,unknown_object,0.314,990.4,585.43,1057.97,651.05,4433.9,67.57,65.62,1.03,False,,True,unattributed,7,evt_01-P01_upper_body_0006,b02ebbc2e515f977,pose_hand_context,,32174.8,3.18,,1,01/e1/v1,rtmpose_baseline
corpus_01,01.Candidate was found using a mobile phone in the examination hall..mkv,b842b03e5784d867e93770560d88150a526250df69077cd3065edbbd4c842098,dfine_sahi,65500.0,unknown_object,0.2534,944.97,591.96,980.98,637.93,1655.6,36.02,45.97,0.784,False,,True,unattributed,7,evt_01-P01_upper_body_0006,b02ebbc2e515f977,pose_hand_context,,32174.8,3.18,,1,01/e1/v1,rtmpose_baseline
corpus_01,01.Candidate was found using a mobile phone in the examination hall..mkv,b842b03e5784d867e93770560d88150a526250df69077cd3065edbbd4c842098,dfine_sahi,65500.0,bag,0.6595,726.84,700.43,788.25,719.63,1179.0,61.41,19.2,3.198,False,,True,unattributed,4,evt_01-P01_upper_body_0006,d2f945064cb43b73,pose_hand_context,,25546.0,3.69,,1,01/e1/v1,rtmpose_baseline
corpus_01,01.Candidate was found using a mobile phone in the examination hall..mkv,b842b03e5784d867e93770560d88150a526250df69077cd3065edbbd4c842098,dfine_sahi,65500.0,bag,0.4187,674.21,573.47,701.74,683.18,3020.6,27.53,109.72,0.251,False,,True,unattributed,4,evt_01-P01_upper_body_0006,d2f945064cb43b73,pose_hand_context,,25546.0,3.69,,1,01/e1/v1,rtmpose_baseline
corpus_01,01.Candidate was found using a mobile phone in the examination hall..mkv,b842b03e5784d867e93770560d88150a526250df69077cd3065edbbd4c842098,dfine_sahi,65500.0,unknown_object,0.3966,625.12,624.07,702.68,683.2,4586.6,77.56,59.13,1.312,False,,True,unattributed,4,evt_01-P01_upper_body_0006,d2f945064cb43b73,pose_hand_context,,25546.0,3.69,,1,01/e1/v1,rtmpose_baseline
corpus_01,01.Candidate was found using a mobile phone in the examination hall..mkv,b842b03e5784d867e93770560d88150a526250df69077cd3065edbbd4c842098,dfine_sahi,65500.0,mouse,0.3777,727.03,699.78,788.68,719.42,1210.3,61.64,19.63,3.14,False,,True,unattributed,4,evt_01-P01_upper_body_0006,d2f945064cb43b73,pose_hand_context,,25546.0,3.69,,1,01/e1/v1,rtmpose_baseline
corpus_01,01.Candidate was found using a mobile phone in the examination hall..mkv,b842b03e5784d867e93770560d88150a526250df69077cd3065edbbd4c842098,dfine_sahi,65500.0,bag,0.3485,682.35,636.86,701.32,683.11,877.7,18.97,46.26,0.41,False,,True,unattributed,4,evt_01-P01_upper_body_0006,d2f945064cb43b73,pose_hand_context,,25546.0,3.69,,1,01/e1/v1,rtmpose_baseline
corpus_01,01.Candidate was found using a mobile phone in the examination hall..mkv,b842b03e5784d867e93770560d88150a526250df69077cd3065edbbd4c842098,dfine_sahi,65500.0,bag,0.2826,675.19,635.75,705.43,660.98,763.3,30.25,25.23,1.199,False,,True,unattributed,4,evt_01-P01_upper_body_0006,d2f945064cb43b73,pose_hand_context,,25546.0,3.69,,1,01/e1/v1,rtmpose_baseline
corpus_01,01.Candidate was found using a mobile phone in the examination hall..mkv,b842b03e5784d867e93770560d88150a526250df69077cd3065edbbd4c842098,dfine_sahi,65500.0,unknown_object,0.2504,671.05,565.4,705.18,660.65,3250.8,34.13,95.25,0.358,False,,True,unattributed,4,evt_01-P01_upper_body_0006,d2f945064cb43b73,pose_hand_context,,25546.0,3.69,,1,01/e1/v1,rtmpose_baseline
corpus_01,01.Candidate was found using a mobile phone in the examination hall..mkv,b842b03e5784d867e93770560d88150a526250df69077cd3065edbbd4c842098,dfine_sahi,65580.0,bag,0.7806,728.11,700.22,788.37,719.34,1151.9,60.26,19.11,3.153,False,,True,unattributed,4,evt_01-P03_upper_body_0020,2c2d064deed77fe6,pose_hand_context,,31829.2,3.19,,1,01/e1/v1,rtmpose_baseline
corpus_01,01.Candidate was found using a mobile phone in the examination hall..mkv,b842b03e5784d867e93770560d88150a526250df69077cd3065edbbd4c842098,dfine_sahi,65580.0,unknown_object,0.5146,721.45,557.03,816.22,588.25,2958.7,94.77,31.22,3.035,False,,True,unattributed,4,evt_01-P03_upper_body_0020,2c2d064deed77fe6,pose_hand_context,,31829.2,3.19,,1,01/e1/v1,rtmpose_baseline
corpus_01,01.Candidate was found using a mobile phone in the examination hall..mkv,b842b03e5784d867e93770560d88150a526250df69077cd3065edbbd4c842098,dfine_sahi,65580.0,unknown_object,0.5043,616.06,623.76,700.64,688.44,5469.8,84.57,64.68,1.308,False,,True,unattributed,4,evt_01-P03_upper_body_0020,2c2d064deed77fe6,pose_hand_context,,31829.2,3.19,,1,01/e1/v1,rtmpose_baseline
corpus_01,01.Candidate was found using a mobile phone in the examination hall..mkv,b842b03e5784d867e93770560d88150a526250df69077cd3065edbbd4c842098,dfine_sahi,65580.0,bag,0.4762,664.06,562.1,701.16,687.83,4665.5,37.11,125.73,0.295,False,,True,unattributed,4,evt_01-P03_upper_body_0020,2c2d064deed77fe6,pose_hand_context,,31829.2,3.19,,1,01/e1/v1,rtmpose_baseline
corpus_01,01.Candidate was found using a mobile phone in the examination hall..mkv,b842b03e5784d867e93770560d88150a526250df69077cd3065edbbd4c842098,dfine_sahi,65580.0,unknown_object,0.3205,661.24,558.14,697.26,652.59,3401.5,36.02,94.44,0.381,False,,True,unattributed,4,evt_01-P03_upper_body_0020,2c2d064deed77fe6,pose_hand_context,,31829.2,3.19,,1,01/e1/v1,rtmpose_baseline
corpus_01,01.Candidate was found using a mobile phone in the examination hall..mkv,b842b03e5784d867e93770560d88150a526250df69077cd3065edbbd4c842098,dfine_sahi,65580.0,unknown_object,0.3105,801.71,557.01,816.41,572.85,232.8,14.7,15.84,0.928,False,,True,unattributed,4,evt_01-P03_upper_body_0020,2c2d064deed77fe6,pose_hand_context,,31829.2,3.19,,1,01/e1/v1,rtmpose_baseline
corpus_01,01.Candidate was found using a mobile phone in the examination hall..mkv,b842b03e5784d867e93770560d88150a526250df69077cd3065edbbd4c842098,dfine_sahi,65580.0,bag,0.3044,616.32,561.48,700.43,689.73,10788.1,84.11,128.26,0.656,False,,True,unattributed,4,evt_01-P03_upper_body_0020,2c2d064deed77fe6,pose_hand_context,,31829.2,3.19,,1,01/e1/v1,rtmpose_baseline
corpus_01,01.Candidate was found using a mobile phone in the examination hall..mkv,b842b03e5784d867e93770560d88150a526250df69077cd3065edbbd4c842098,dfine_sahi,65580.0,bag,0.2849,676.35,607.9,700.86,688.14,1966.7,24.51,80.24,0.305,False,,True,unattributed,4,evt_01-P03_upper_body_0020,2c2d064deed77fe6,pose_hand_context,,31829.2,3.19,,1,01/e1/v1,rtmpose_baseline
corpus_01,01.Candidate was found using a mobile phone in the examination hall..mkv,b842b03e5784d867e93770560d88150a526250df69077cd3065edbbd4c842098,dfine_sahi,65580.0,phone,0.2542,665.72,561.84,679.82,581.75,280.8,14.1,19.91,0.708,False,,True,unattributed,4,evt_01-P03_upper_body_0020,2c2d064deed77fe6,pose_hand_context,,31829.2,3.19,,1,01/e1/v1,rtmpose_baseline
corpus_01,01.Candidate was found using a mobile phone in the examination hall..mkv,b842b03e5784d867e93770560d88150a526250df69077cd3065edbbd4c842098,dfine_sahi,65580.0,unknown_object,0.6153,980.16,585.54,1055.02,719.26,10010.9,74.86,133.72,0.56,False,,True,unattributed,7,evt_01-P03_upper_body_0020,dd69cac9761d21f4,pose_hand_context,,31278.6,3.21,,1,01/e1/v1,rtmpose_baseline
corpus_01,01.Candidate was found using a mobile phone in the examination hall..mkv,b842b03e5784d867e93770560d88150a526250df69077cd3065edbbd4c842098,dfine_sahi,65580.0,unknown_object,0.4827,873.01,639.48,918.11,680.7,1859.4,45.1,41.22,1.094,False,,True,unattributed,7,evt_01-P03_upper_body_0020,dd69cac9761d21f4,pose_hand_context,,31278.6,3.21,,1,01/e1/v1,rtmpose_baseline
corpus_01,01.Candidate was found using a mobile phone in the examination hall..mkv,b842b03e5784d867e93770560d88150a526250df69077cd3065edbbd4c842098,dfine_sahi,65580.0,unknown_object,0.4081,942.98,558.42,987.84,613.93,2489.9,44.86,55.51,0.808,False,,True,unattributed,7,evt_01-P03_upper_body_0020,dd69cac9761d21f4,pose_hand_context,,31278.6,3.21,,1,01/e1/v1,rtmpose_baseline
corpus_01,01.Candidate was found using a mobile phone in the examination hall..mkv,b842b03e5784d867e93770560d88150a526250df69077cd3065edbbd4c842098,dfine_sahi,65580.0,unknown_object,0.3634,855.81,562.4,1054.96,719.37,31259.4,199.15,156.96,1.269,False,,True,unattributed,7,evt_01-P03_upper_body_0020,dd69cac9761d21f4,pose_hand_context,,31278.6,3.21,,1,01/e1/v1,rtmpose_baseline
corpus_01,01.Candidate was found using a mobile phone in the examination hall..mkv,b842b03e5784d867e93770560d88150a526250df69077cd3065edbbd4c842098,dfine_sahi,65580.0,unknown_object,0.3112,990.23,585.56,1054.95,652.96,4362.4,64.72,67.41,0.96,False,,True,unattributed,7,evt_01-P03_upper_body_0020,dd69cac9761d21f4,pose_hand_context,,31278.6,3.21,,1,01/e1/v1,rtmpose_baseline
corpus_01,01.Candidate was found using a mobile phone in the examination hall..mkv,b842b03e5784d867e93770560d88150a526250df69077cd3065edbbd4c842098,dfine_sahi,65580.0,monitor_or_bezel,0.2755,942.99,657.7,986.19,719.37,2664.6,43.2,61.68,0.7,False,,True,unattributed,7,evt_01-P03_upper_body_0020,dd69cac9761d21f4,pose_hand_context,,31278.6,3.21,,1,01/e1/v1,rtmpose_baseline
corpus_01,01.Candidate was found using a mobile phone in the examination hall..mkv,b842b03e5784d867e93770560d88150a526250df69077cd3065edbbd4c842098,dfine_sahi,65580.0,unknown_object,0.583,656.04,384.15,711.21,447.48,3494.2,55.17,63.33,0.871,False,,True,unattributed,9,evt_01-P03_upper_body_0020,e80473dc2e0a37e8,pose_hand_context,,4292.9,9.77,,1,01/e1/v1,rtmpose_baseline
corpus_01,01.Candidate was found using a mobile phone in the examination hall..mkv,b842b03e5784d867e93770560d88150a526250df69077cd3065edbbd4c842098,dfine_sahi,65580.0,unknown_object,0.5122,698.71,448.04,779.89,508.28,4890.2,81.18,60.24,1.348,False,,True,unattributed,9,evt_01-P03_upper_body_0020,e80473dc2e0a37e8,pose_hand_context,,4292.9,9.77,,1,01/e1/v1,rtmpose_baseline
corpus_01,01.Candidate was found using a mobile phone in the examination hall..mkv,b842b03e5784d867e93770560d88150a526250df69077cd3065edbbd4c842098,dfine_sahi,65580.0,unknown_object,0.3645,719.52,423.34,746.95,453.84,836.9,27.44,30.5,0.899,False,,True,unattributed,9,evt_01-P03_upper_body_0020,e80473dc2e0a37e8,pose_hand_context,,4292.9,9.77,,1,01/e1/v1,rtmpose_baseline
corpus_01,01.Candidate was found using a mobile phone in the examination hall..mkv,b842b03e5784d867e93770560d88150a526250df69077cd3065edbbd4c842098,dfine_sahi,65580.0,unknown_object,0.3317,670.04,399.21,765.89,494.4,9123.2,95.85,95.18,1.007,False,,True,unattributed,9,evt_01-P03_upper_body_0020,e80473dc2e0a37e8,pose_hand_context,,4292.9,9.77,,1,01/e1/v1,rtmpose_baseline
corpus_01,01.Candidate was found using a mobile phone in the examination hall..mkv,b842b03e5784d867e93770560d88150a526250df69077cd3065edbbd4c842098,dfine_sahi,65580.0,unknown_object,0.3316,695.1,454.19,751.98,479.88,1460.9,56.87,25.69,2.214,False,,True,unattributed,9,evt_01-P03_upper_body_0020,e80473dc2e0a37e8,pose_hand_context,,4292.9,9.77,,1,01/e1/v1,rtmpose_baseline
corpus_01,01.Candidate was found using a mobile phone in the examination hall..mkv,b842b03e5784d867e93770560d88150a526250df69077cd3065edbbd4c842098,dfine_sahi,65580.0,unknown_object,0.3011,701.2,384.15,751.86,454.43,3560.4,50.66,70.28,0.721,False,,True,unattributed,9,evt_01-P03_upper_body_0020,e80473dc2e0a37e8,pose_hand_context,,4292.9,9.77,,1,01/e1/v1,rtmpose_baseline
corpus_01,01.Candidate was found using a mobile phone in the examination hall..mkv,b842b03e5784d867e93770560d88150a526250df69077cd3065edbbd4c842098,dfine_sahi,65580.0,unknown_object,0.2872,656.06,426.67,723.72,479.54,3577.2,67.66,52.87,1.28,False,,True,unattributed,9,evt_01-P03_upper_body_0020,e80473dc2e0a37e8,pose_hand_context,,4292.9,9.77,,1,01/e1/v1,rtmpose_baseline
corpus_01,01.Candidate was found using a mobile phone in the examination hall..mkv,b842b03e5784d867e93770560d88150a526250df69077cd3065edbbd4c842098,dfine_sahi,65580.0,unknown_object,0.2744,700.91,431.61,721.03,449.02,350.3,20.12,17.41,1.156,False,,True,unattributed,9,evt_01-P03_upper_body_0020,e80473dc2e0a37e8,pose_hand_context,,4292.9,9.77,,1,01/e1/v1,rtmpose_baseline
corpus_01,01.Candidate was found using a mobile phone in the examination hall..mkv,b842b03e5784d867e93770560d88150a526250df69077cd3065edbbd4c842098,dfine_sahi,65580.0,unknown_object,0.2655,719.87,433.26,737.54,453.73,361.7,17.67,20.47,0.863,False,,True,unattributed,9,evt_01-P03_upper_body_0020,e80473dc2e0a37e8,pose_hand_context,,4292.9,9.77,,1,01/e1/v1,rtmpose_baseline
corpus_01,01.Candidate was found using a mobile phone in the examination hall..mkv,b842b03e5784d867e93770560d88150a526250df69077cd3065edbbd4c842098,dfine_sahi,65580.0,unknown_object,0.2644,737.45,423.74,771.36,456.67,1116.7,33.91,32.93,1.03,False,,True,unattributed,9,evt_01-P03_upper_body_0020,e80473dc2e0a37e8,pose_hand_context,,4292.9,9.77,,1,01/e1/v1,rtmpose_baseline
corpus_01,01.Candidate was found using a mobile phone in the examination hall..mkv,b842b03e5784d867e93770560d88150a526250df69077cd3065edbbd4c842098,dfine_sahi,65580.0,unknown_object,0.2565,703.14,454.23,751.94,465.12,531.3,48.8,10.89,4.482,False,,True,unattributed,9,evt_01-P03_upper_body_0020,e80473dc2e0a37e8,pose_hand_context,,4292.9,9.77,,1,01/e1/v1,rtmpose_baseline
corpus_01,01.Candidate was found using a mobile phone in the examination hall..mkv,b842b03e5784d867e93770560d88150a526250df69077cd3065edbbd4c842098,dfine_sahi,65820.0,unknown_object,0.5059,672.02,404.37,695.49,493.24,2086.0,23.47,88.87,0.264,False,,True,unattributed,9,evt_01-P06_upper_body_0046,3b87aa21b49d3bff,pose_hand_context,,2304.0,13.33,,1,01/e1/v1,rtmpose_baseline
corpus_01,01.Candidate was found using a mobile phone in the examination hall..mkv,b842b03e5784d867e93770560d88150a526250df69077cd3065edbbd4c842098,dfine_sahi,65820.0,unknown_object,0.3852,689.1,398.19,767.89,492.88,7460.2,78.79,94.69,0.832,False,,True,unattributed,9,evt_01-P06_upper_body_0046,3b87aa21b49d3bff,pose_hand_context,,2304.0,13.33,,1,01/e1/v1,rtmpose_baseline
corpus_01,01.Candidate was found using a mobile phone in the examination hall..mkv,b842b03e5784d867e93770560d88150a526250df69077cd3065edbbd4c842098,dfine_sahi,65820.0,unknown_object,0.2963,719.62,422.91,747.04,453.18,829.7,27.41,30.27,0.906,False,,True,unattributed,9,evt_01-P06_upper_body_0046,3b87aa21b49d3bff,pose_hand_context,,2304.0,13.33,,1,01/e1/v1,rtmpose_baseline
corpus_01,01.Candidate was found using a mobile phone in the examination hall..mkv,b842b03e5784d867e93770560d88150a526250df69077cd3065edbbd4c842098,dfine_sahi,65820.0,unknown_object,0.4877,890.34,565.74,952.12,611.62,2833.9,61.78,45.87,1.347,False,,True,unattributed,7,evt_01-P06_upper_body_0046,7107d343b9b7fcc8,native_source_context_fallback,wrist_confidence_below_floor,28615.7,3.67,,1,01/e1/v1,rtmpose_baseline
corpus_01,01.Candidate was found using a mobile phone in the examination hall..mkv,b842b03e5784d867e93770560d88150a526250df69077cd3065edbbd4c842098,dfine_sahi,65820.0,stationery,0.4172,982.51,595.05,1036.05,687.6,4955.8,53.55,92.55,0.579,False,,True,unattributed,7,evt_01-P06_upper_body_0046,7107d343b9b7fcc8,native_source_context_fallback,wrist_confidence_below_floor,28615.7,3.67,,1,01/e1/v1,rtmpose_baseline
corpus_01,01.Candidate was found using a mobile phone in the examination hall..mkv,b842b03e5784d867e93770560d88150a526250df69077cd3065edbbd4c842098,dfine_sahi,65820.0,unknown_object,0.4118,983.44,518.2,1036.06,611.39,4903.9,52.62,93.19,0.565,False,,True,unattributed,7,evt_01-P06_upper_body_0046,7107d343b9b7fcc8,native_source_context_fallback,wrist_confidence_below_floor,28615.7,3.67,,1,01/e1/v1,rtmpose_baseline
corpus_01,01.Candidate was found using a mobile phone in the examination hall..mkv,b842b03e5784d867e93770560d88150a526250df69077cd3065edbbd4c842098,dfine_sahi,65820.0,keyboard,0.3897,939.81,590.82,1036.02,687.72,9323.6,96.22,96.9,0.993,False,,True,unattributed,7,evt_01-P06_upper_body_0046,7107d343b9b7fcc8,native_source_context_fallback,wrist_confidence_below_floor,28615.7,3.67,,1,01/e1/v1,rtmpose_baseline
corpus_01,01.Candidate was found using a mobile phone in the examination hall..mkv,b842b03e5784d867e93770560d88150a526250df69077cd3065edbbd4c842098,dfine_sahi,65820.0,unknown_object,0.3781,939.93,590.06,1023.46,639.73,4149.0,83.52,49.67,1.681,False,,True,unattributed,7,evt_01-P06_upper_body_0046,7107d343b9b7fcc8,native_source_context_fallback,wrist_confidence_below_floor,28615.7,3.67,,1,01/e1/v1,rtmpose_baseline
corpus_01,01.Candidate was found using a mobile phone in the examination hall..mkv,b842b03e5784d867e93770560d88150a526250df69077cd3065edbbd4c842098,dfine_sahi,65820.0,stationery,0.3598,939.92,590.04,1023.88,687.55,8187.0,83.96,97.51,0.861,False,,True,unattributed,7,evt_01-P06_upper_body_0046,7107d343b9b7fcc8,native_source_context_fallback,wrist_confidence_below_floor,28615.7,3.67,,1,01/e1/v1,rtmpose_baseline
corpus_01,01.Candidate was found using a mobile phone in the examination hall..mkv,b842b03e5784d867e93770560d88150a526250df69077cd3065edbbd4c842098,dfine_sahi,65820.0,monitor_or_bezel,0.3519,982.5,595.7,1034.92,687.58,4816.1,52.42,91.88,0.571,False,,True,unattributed,7,evt_01-P06_upper_body_0046,7107d343b9b7fcc8,native_source_context_fallback,wrist_confidence_below_floor,28615.7,3.67,,1,01/e1/v1,rtmpose_baseline
corpus_01,01.Candidate was found using a mobile phone in the examination hall..mkv,b842b03e5784d867e93770560d88150a526250df69077cd3065edbbd4c842098,dfine_sahi,65820.0,unknown_object,0.2641,941.07,590.08,993.22,623.43,1739.6,52.16,33.35,1.564,False,,True,unattributed,7,evt_01-P06_upper_body_0046,7107d343b9b7fcc8,native_source_context_fallback,wrist_confidence_below_floor,28615.7,3.67,,1,01/e1/v1,rtmpose_baseline
corpus_01,01.Candidate was found using a mobile phone in the examination hall..mkv,b842b03e5784d867e93770560d88150a526250df69077cd3065edbbd4c842098,dfine_sahi,65820.0,unknown_object,0.8269,683.51,521.38,817.46,588.13,8941.5,133.95,66.75,2.007,False,,True,unattributed,4,evt_01-P06_upper_body_0046,f51ccfb84cb148fd,pose_hand_context,,51003.1,2.48,,1,01/e1/v1,rtmpose_baseline
corpus_01,01.Candidate was found using a mobile phone in the examination hall..mkv,b842b03e5784d867e93770560d88150a526250df69077cd3065edbbd4c842098,dfine_sahi,65820.0,bag,0.4878,726.72,700.36,788.55,719.55,1186.5,61.82,19.19,3.221,False,,True,unattributed,4,evt_01-P06_upper_body_0046,f51ccfb84cb148fd,pose_hand_context,,51003.1,2.48,,1,01/e1/v1,rtmpose_baseline
corpus_01,01.Candidate was found using a mobile phone in the examination hall..mkv,b842b03e5784d867e93770560d88150a526250df69077cd3065edbbd4c842098,dfine_sahi,65820.0,unknown_object,0.4399,822.08,522.31,836.95,663.24,2096.3,14.87,140.93,0.106,False,,True,unattributed,4,evt_01-P06_upper_body_0046,f51ccfb84cb148fd,pose_hand_context,,51003.1,2.48,,1,01/e1/v1,rtmpose_baseline
corpus_01,01.Candidate was found using a mobile phone in the examination hall..mkv,b842b03e5784d867e93770560d88150a526250df69077cd3065edbbd4c842098,dfine_sahi,65820.0,unknown_object,0.4321,726.71,700.14,788.68,719.54,1202.1,61.96,19.4,3.194,False,,True,unattributed,4,evt_01-P06_upper_body_0046,f51ccfb84cb148fd,pose_hand_context,,51003.1,2.48,,1,01/e1/v1,rtmpose_baseline
corpus_01,01.Candidate was found using a mobile phone in the examination hall..mkv,b842b03e5784d867e93770560d88150a526250df69077cd3065edbbd4c842098,dfine_sahi,65820.0,unknown_object,0.2831,682.69,522.22,722.97,553.68,1266.7,40.28,31.45,1.281,False,,True,unattributed,4,evt_01-P06_upper_body_0046,f51ccfb84cb148fd,pose_hand_context,,51003.1,2.48,,1,01/e1/v1,rtmpose_baseline
corpus_01,01.Candidate was found using a mobile phone in the examination hall..mkv,b842b03e5784d867e93770560d88150a526250df69077cd3065edbbd4c842098,dfine_sahi,65820.0,unknown_object,0.2682,578.25,608.54,681.89,720.41,11594.4,103.64,111.87,0.926,False,,True,unattributed,4,evt_01-P06_upper_body_0046,f51ccfb84cb148fd,pose_hand_context,,51003.1,2.48,,1,01/e1/v1,rtmpose_baseline
corpus_01,01.Candidate was found using a mobile phone in the examination hall..mkv,b842b03e5784d867e93770560d88150a526250df69077cd3065edbbd4c842098,dfine_sahi,65860.0,unknown_object,0.8488,684.04,518.11,817.33,588.14,9334.9,133.29,70.04,1.903,False,,True,unattributed,4,evt_01-P03_desk_work_surface_0015,03eec975195ef49b,pose_hand_context,,53547.8,2.41,,1,01/e1/v1,rtmpose_baseline
corpus_01,01.Candidate was found using a mobile phone in the examination hall..mkv,b842b03e5784d867e93770560d88150a526250df69077cd3065edbbd4c842098,dfine_sahi,65860.0,unknown_object,0.6108,569.1,606.05,717.9,722.39,17310.8,148.8,116.34,1.279,False,,True,unattributed,4,evt_01-P03_desk_work_surface_0015,03eec975195ef49b,pose_hand_context,,53547.8,2.41,,1,01/e1/v1,rtmpose_baseline
corpus_01,01.Candidate was found using a mobile phone in the examination hall..mkv,b842b03e5784d867e93770560d88150a526250df69077cd3065edbbd4c842098,dfine_sahi,65860.0,unknown_object,0.5694,572.93,518.18,701.01,629.86,14305.3,128.09,111.68,1.147,False,,True,unattributed,4,evt_01-P03_desk_work_surface_0015,03eec975195ef49b,pose_hand_context,,53547.8,2.41,,1,01/e1/v1,rtmpose_baseline
corpus_01,01.Candidate was found using a mobile phone in the examination hall..mkv,b842b03e5784d867e93770560d88150a526250df69077cd3065edbbd4c842098,dfine_sahi,65860.0,unknown_object,0.4898,819.57,520.8,833.98,629.99,1573.3,14.41,109.19,0.132,False,,True,unattributed,4,evt_01-P03_desk_work_surface_0015,03eec975195ef49b,pose_hand_context,,53547.8,2.41,,1,01/e1/v1,rtmpose_baseline
corpus_01,01.Candidate was found using a mobile phone in the examination hall..mkv,b842b03e5784d867e93770560d88150a526250df69077cd3065edbbd4c842098,dfine_sahi,65860.0,unknown_object,0.4661,684.98,577.05,701.28,630.36,869.4,16.31,53.31,0.306,False,,True,unattributed,4,evt_01-P03_desk_work_surface_0015,03eec975195ef49b,pose_hand_context,,53547.8,2.41,,1,01/e1/v1,rtmpose_baseline
corpus_01,01.Candidate was found using a mobile phone in the examination hall..mkv,b842b03e5784d867e93770560d88150a526250df69077cd3065edbbd4c842098,dfine_sahi,65860.0,unknown_object,0.4509,683.8,518.21,717.96,553.74,1213.6,34.16,35.53,0.961,False,,True,unattributed,4,evt_01-P03_desk_work_surface_0015,03eec975195ef49b,pose_hand_context,,53547.8,2.41,,1,01/e1/v1,rtmpose_baseline
corpus_01,01.Candidate was found using a mobile phone in the examination hall..mkv,b842b03e5784d867e93770560d88150a526250df69077cd3065edbbd4c842098,dfine_sahi,65860.0,bag,0.4364,726.78,700.46,788.73,719.77,1195.9,61.95,19.3,3.21,False,,True,unattributed,4,evt_01-P03_desk_work_surface_0015,03eec975195ef49b,pose_hand_context,,53547.8,2.41,,1,01/e1/v1,rtmpose_baseline
corpus_01,01.Candidate was found using a mobile phone in the examination hall..mkv,b842b03e5784d867e93770560d88150a526250df69077cd3065edbbd4c842098,dfine_sahi,65860.0,unknown_object,0.3455,726.77,700.18,788.65,719.67,1206.2,61.88,19.49,3.175,False,,True,unattributed,4,evt_01-P03_desk_work_surface_0015,03eec975195ef49b,pose_hand_context,,53547.8,2.41,,1,01/e1/v1,rtmpose_baseline
corpus_01,01.Candidate was found using a mobile phone in the examination hall..mkv,b842b03e5784d867e93770560d88150a526250df69077cd3065edbbd4c842098,dfine_sahi,65860.0,unknown_object,0.2857,568.99,518.12,614.11,562.64,2008.6,45.13,44.51,1.014,False,,True,unattributed,4,evt_01-P03_desk_work_surface_0015,03eec975195ef49b,pose_hand_context,,53547.8,2.41,,1,01/e1/v1,rtmpose_baseline
corpus_01,01.Candidate was found using a mobile phone in the examination hall..mkv,b842b03e5784d867e93770560d88150a526250df69077cd3065edbbd4c842098,dfine_sahi,65860.0,bag,0.2615,636.59,615.96,788.41,718.82,15616.1,151.82,102.86,1.476,False,,True,unattributed,4,evt_01-P03_desk_work_surface_0015,03eec975195ef49b,pose_hand_context,,53547.8,2.41,,1,01/e1/v1,rtmpose_baseline
corpus_01,01.Candidate was found using a mobile phone in the examination hall..mkv,b842b03e5784d867e93770560d88150a526250df69077cd3065edbbd4c842098,dfine_sahi,65860.0,unknown_object,0.5179,673.01,404.38,695.6,493.23,2007.1,22.59,88.85,0.254,False,,True,unattributed,9,evt_01-P03_desk_work_surface_0015,b4468a92abada0e6,pose_hand_context,,2304.0,13.33,,1,01/e1/v1,rtmpose_baseline
corpus_01,01.Candidate was found using a mobile phone in the examination hall..mkv,b842b03e5784d867e93770560d88150a526250df69077cd3065edbbd4c842098,dfine_sahi,65860.0,unknown_object,0.4584,689.32,398.19,768.84,492.97,7537.3,79.52,94.78,0.839,False,,True,unattributed,9,evt_01-P03_desk_work_surface_0015,b4468a92abada0e6,pose_hand_context,,2304.0,13.33,,1,01/e1/v1,rtmpose_baseline
corpus_01,01.Candidate was found using a mobile phone in the examination hall..mkv,b842b03e5784d867e93770560d88150a526250df69077cd3065edbbd4c842098,dfine_sahi,65860.0,unknown_object,0.3483,691.59,454.1,764.06,493.39,2847.4,72.47,39.29,1.845,False,,True,unattributed,9,evt_01-P03_desk_work_surface_0015,b4468a92abada0e6,pose_hand_context,,2304.0,13.33,,1,01/e1/v1,rtmpose_baseline
corpus_01,01.Candidate was found using a mobile phone in the examination hall..mkv,b842b03e5784d867e93770560d88150a526250df69077cd3065edbbd4c842098,dfine_sahi,65860.0,unknown_object,0.3195,719.6,422.8,747.33,453.46,850.2,27.74,30.65,0.905,False,,True,unattributed,9,evt_01-P03_desk_work_surface_0015,b4468a92abada0e6,pose_hand_context,,2304.0,13.33,,1,01/e1/v1,rtmpose_baseline
corpus_01,01.Candidate was found using a mobile phone in the examination hall..mkv,b842b03e5784d867e93770560d88150a526250df69077cd3065edbbd4c842098,dfine_sahi,65860.0,phone,0.4424,983.16,595.74,1035.05,685.61,4663.0,51.89,89.87,0.577,False,,True,unattributed,7,evt_01-P03_desk_work_surface_0015,cb817ad0edd9f927,native_source_context_fallback,wrist_confidence_below_floor,28193.8,3.7,,1,01/e1/v1,rtmpose_baseline
corpus_01,01.Candidate was found using a mobile phone in the examination hall..mkv,b842b03e5784d867e93770560d88150a526250df69077cd3065edbbd4c842098,dfine_sahi,65860.0,unknown_object,0.4026,938.88,588.1,1025.38,685.43,8418.9,86.5,97.33,0.889,False,,True,unattributed,7,evt_01-P03_desk_work_surface_0015,cb817ad0edd9f927,native_source_context_fallback,wrist_confidence_below_floor,28193.8,3.7,,1,01/e1/v1,rtmpose_baseline
corpus_01,01.Candidate was found using a mobile phone in the examination hall..mkv,b842b03e5784d867e93770560d88150a526250df69077cd3065edbbd4c842098,dfine_sahi,65860.0,unknown_object,0.3826,982.67,596.76,1032.99,685.66,4473.0,50.32,88.9,0.566,False,,True,unattributed,7,evt_01-P03_desk_work_surface_0015,cb817ad0edd9f927,native_source_context_fallback,wrist_confidence_below_floor,28193.8,3.7,,1,01/e1/v1,rtmpose_baseline
corpus_01,01.Candidate was found using a mobile phone in the examination hall..mkv,b842b03e5784d867e93770560d88150a526250df69077cd3065edbbd4c842098,dfine_sahi,65860.0,unknown_object,0.329,997.76,596.39,1008.31,605.39,94.9,10.55,9.0,1.172,True,object footprint 95 px is under the 120 px floor for a call,False,unattributed,7,evt_01-P03_desk_work_surface_0015,cb817ad0edd9f927,native_source_context_fallback,wrist_confidence_below_floor,28193.8,3.7,,1,01/e1/v1,rtmpose_baseline
corpus_01,01.Candidate was found using a mobile phone in the examination hall..mkv,b842b03e5784d867e93770560d88150a526250df69077cd3065edbbd4c842098,dfine_sahi,65860.0,stationery,0.3145,938.88,595.49,1034.96,685.69,8666.2,96.08,90.2,1.065,False,,True,unattributed,7,evt_01-P03_desk_work_surface_0015,cb817ad0edd9f927,native_source_context_fallback,wrist_confidence_below_floor,28193.8,3.7,,1,01/e1/v1,rtmpose_baseline
corpus_01,01.Candidate was found using a mobile phone in the examination hall..mkv,b842b03e5784d867e93770560d88150a526250df69077cd3065edbbd4c842098,dfine_sahi,65860.0,stationery,0.2597,976.04,588.21,1023.7,640.26,2480.6,47.66,52.05,0.916,False,,True,unattributed,7,evt_01-P03_desk_work_surface_0015,cb817ad0edd9f927,native_source_context_fallback,wrist_confidence_below_floor,28193.8,3.7,,1,01/e1/v1,rtmpose_baseline
corpus_01,01.Candidate was found using a mobile phone in the examination hall..mkv,b842b03e5784d867e93770560d88150a526250df69077cd3065edbbd4c842098,dfine_sahi,66020.0,unknown_object,0.4744,689.79,399.15,766.82,493.62,7277.5,77.03,94.48,0.815,False,,True,unattributed,9,evt_01-P06_desk_work_surface_0043,16a51a694cd410a7,pose_hand_context,,2458.2,12.91,,1,01/e1/v1,rtmpose_baseline
corpus_01,01.Candidate was found using a mobile phone in the examination hall..mkv,b842b03e5784d867e93770560d88150a526250df69077cd3065edbbd4c842098,dfine_sahi,66020.0,unknown_object,0.4733,671.0,404.38,695.13,494.1,2164.3,24.12,89.72,0.269,False,,True,unattributed,9,evt_01-P06_desk_work_surface_0043,16a51a694cd410a7,pose_hand_context,,2458.2,12.91,,1,01/e1/v1,rtmpose_baseline
corpus_01,01.Candidate was found using a mobile phone in the examination hall..mkv,b842b03e5784d867e93770560d88150a526250df69077cd3065edbbd4c842098,dfine_sahi,66020.0,unknown_object,0.3508,719.71,421.32,747.04,453.7,884.9,27.34,32.37,0.844,False,,True,unattributed,9,evt_01-P06_desk_work_surface_0043,16a51a694cd410a7,pose_hand_context,,2458.2,12.91,,1,01/e1/v1,rtmpose_baseline
corpus_01,01.Candidate was found using a mobile phone in the examination hall..mkv,b842b03e5784d867e93770560d88150a526250df69077cd3065edbbd4c842098,dfine_sahi,66020.0,unknown_object,0.3074,691.74,453.27,763.74,494.07,2937.3,72.01,40.79,1.765,False,,True,unattributed,9,evt_01-P06_desk_work_surface_0043,16a51a694cd410a7,pose_hand_context,,2458.2,12.91,,1,01/e1/v1,rtmpose_baseline
corpus_01,01.Candidate was found using a mobile phone in the examination hall..mkv,b842b03e5784d867e93770560d88150a526250df69077cd3065edbbd4c842098,dfine_sahi,66020.0,unknown_object,0.8263,684.18,513.14,817.65,588.29,10030.4,133.47,75.15,1.776,False,,True,unattributed,4,evt_01-P06_desk_work_surface_0043,5891194e12019601,pose_hand_context,,60558.7,2.18,,1,01/e1/v1,rtmpose_baseline
corpus_01,01.Candidate was found using a mobile phone in the examination hall..mkv,b842b03e5784d867e93770560d88150a526250df69077cd3065edbbd4c842098,dfine_sahi,66020.0,unknown_object,0.7439,657.0,605.67,700.62,692.36,3781.4,43.62,86.69,0.503,False,,True,unattributed,4,evt_01-P06_desk_work_surface_0043,5891194e12019601,pose_hand_context,,60558.7,2.18,,1,01/e1/v1,rtmpose_baseline
corpus_01,01.Candidate was found using a mobile phone in the examination hall..mkv,b842b03e5784d867e93770560d88150a526250df69077cd3065edbbd4c842098,dfine_sahi,66020.0,unknown_object,0.6444,533.18,604.17,693.86,718.43,18361.6,160.69,114.27,1.406,False,,True,unattributed,4,evt_01-P06_desk_work_surface_0043,5891194e12019601,pose_hand_context,,60558.7,2.18,,1,01/e1/v1,rtmpose_baseline
corpus_01,01.Candidate was found using a mobile phone in the examination hall..mkv,b842b03e5784d867e93770560d88150a526250df69077cd3065edbbd4c842098,dfine_sahi,66020.0,unknown_object,0.5135,553.85,526.52,693.46,628.19,14195.0,139.61,101.67,1.373,False,,True,unattributed,4,evt_01-P06_desk_work_surface_0043,5891194e12019601,pose_hand_context,,60558.7,2.18,,1,01/e1/v1,rtmpose_baseline
corpus_01,01.Candidate was found using a mobile phone in the examination hall..mkv,b842b03e5784d867e93770560d88150a526250df69077cd3065edbbd4c842098,dfine_sahi,66020.0,unknown_object,0.4156,607.06,604.37,693.92,691.37,7557.3,86.86,87.0,0.998,False,,True,unattributed,4,evt_01-P06_desk_work_surface_0043,5891194e12019601,pose_hand_context,,60558.7,2.18,,1,01/e1/v1,rtmpose_baseline
corpus_01,01.Candidate was found using a mobile phone in the examination hall..mkv,b842b03e5784d867e93770560d88150a526250df69077cd3065edbbd4c842098,dfine_sahi,66020.0,unknown_object,0.3712,817.06,525.11,822.01,615.43,447.6,4.96,90.32,0.055,False,,True,unattributed,4,evt_01-P06_desk_work_surface_0043,5891194e12019601,pose_hand_context,,60558.7,2.18,,1,01/e1/v1,rtmpose_baseline
corpus_01,01.Candidate was found using a mobile phone in the examination hall..mkv,b842b03e5784d867e93770560d88150a526250df69077cd3065edbbd4c842098,dfine_sahi,66020.0,bag,0.312,726.54,700.38,789.2,719.85,1219.8,62.65,19.47,3.218,False,,True,unattributed,4,evt_01-P06_desk_work_surface_0043,5891194e12019601,pose_hand_context,,60558.7,2.18,,1,01/e1/v1,rtmpose_baseline
corpus_01,01.Candidate was found using a mobile phone in the examination hall..mkv,b842b03e5784d867e93770560d88150a526250df69077cd3065edbbd4c842098,dfine_sahi,66020.0,unknown_object,0.2559,528.15,575.69,576.27,627.54,2495.1,48.12,51.85,0.928,False,,True,unattributed,4,evt_01-P06_desk_work_surface_0043,5891194e12019601,pose_hand_context,,60558.7,2.18,,1,01/e1/v1,rtmpose_baseline
corpus_01,01.Candidate was found using a mobile phone in the examination hall..mkv,b842b03e5784d867e93770560d88150a526250df69077cd3065edbbd4c842098,dfine_sahi,66020.0,unknown_object,0.6097,917.98,526.16,1035.84,641.26,13566.6,117.87,115.1,1.024,False,,True,unattributed,7,evt_01-P06_desk_work_surface_0043,e634b7c6b12774cc,pose_hand_context,,43739.5,3.06,,1,01/e1/v1,rtmpose_baseline
corpus_01,01.Candidate was found using a mobile phone in the examination hall..mkv,b842b03e5784d867e93770560d88150a526250df69077cd3065edbbd4c842098,dfine_sahi,66020.0,unknown_object,0.5681,1016.08,436.98,1126.85,602.56,18342.3,110.77,165.58,0.669,False,,True,unattributed,7,evt_01-P06_desk_work_surface_0043,e634b7c6b12774cc,pose_hand_context,,43739.5,3.06,,1,01/e1/v1,rtmpose_baseline
corpus_01,01.Candidate was found using a mobile phone in the examination hall..mkv,b842b03e5784d867e93770560d88150a526250df69077cd3065edbbd4c842098,dfine_sahi,66020.0,unknown_object,0.4905,918.27,435.22,1032.89,551.97,13382.6,114.63,116.75,0.982,False,,True,unattributed,7,evt_01-P06_desk_work_surface_0043,e634b7c6b12774cc,pose_hand_context,,43739.5,3.06,,1,01/e1/v1,rtmpose_baseline
corpus_01,01.Candidate was found using a mobile phone in the examination hall..mkv,b842b03e5784d867e93770560d88150a526250df69077cd3065edbbd4c842098,dfine_sahi,66020.0,unknown_object,0.4788,1009.94,577.95,1127.02,643.82,7712.8,117.09,65.87,1.778,False,,True,unattributed,7,evt_01-P06_desk_work_surface_0043,e634b7c6b12774cc,pose_hand_context,,43739.5,3.06,,1,01/e1/v1,rtmpose_baseline
corpus_01,01.Candidate was found using a mobile phone in the examination hall..mkv,b842b03e5784d867e93770560d88150a526250df69077cd3065edbbd4c842098,dfine_sahi,66020.0,unknown_object,0.4554,993.59,516.6,1045.33,605.73,4612.2,51.75,89.13,0.581,False,,True,unattributed,7,evt_01-P06_desk_work_surface_0043,e634b7c6b12774cc,pose_hand_context,,43739.5,3.06,,1,01/e1/v1,rtmpose_baseline
corpus_01,01.Candidate was found using a mobile phone in the examination hall..mkv,b842b03e5784d867e93770560d88150a526250df69077cd3065edbbd4c842098,dfine_sahi,66020.0,unknown_object,0.4025,937.05,544.53,992.37,598.92,3008.8,55.32,54.39,1.017,False,,True,unattributed,7,evt_01-P06_desk_work_surface_0043,e634b7c6b12774cc,pose_hand_context,,43739.5,3.06,,1,01/e1/v1,rtmpose_baseline
corpus_01,01.Candidate was found using a mobile phone in the examination hall..mkv,b842b03e5784d867e93770560d88150a526250df69077cd3065edbbd4c842098,dfine_sahi,66020.0,unknown_object,0.4008,925.41,435.08,1031.83,487.04,5528.6,106.42,51.95,2.048,False,,True,unattributed,7,evt_01-P06_desk_work_surface_0043,e634b7c6b12774cc,pose_hand_context,,43739.5,3.06,,1,01/e1/v1,rtmpose_baseline
corpus_01,01.Candidate was found using a mobile phone in the examination hall..mkv,b842b03e5784d867e93770560d88150a526250df69077cd3065edbbd4c842098,dfine_sahi,66020.0,unknown_object,0.3834,1009.97,515.97,1046.66,552.94,1356.5,36.69,36.97,0.993,False,,True,unattributed,7,evt_01-P06_desk_work_surface_0043,e634b7c6b12774cc,pose_hand_context,,43739.5,3.06,,1,01/e1/v1,rtmpose_baseline
corpus_01,01.Candidate was found using a mobile phone in the examination hall..mkv,b842b03e5784d867e93770560d88150a526250df69077cd3065edbbd4c842098,dfine_sahi,66020.0,unknown_object,0.3017,1010.04,526.1,1126.93,614.05,10280.2,116.89,87.95,1.329,False,,True,unattributed,7,evt_01-P06_desk_work_surface_0043,e634b7c6b12774cc,pose_hand_context,,43739.5,3.06,,1,01/e1/v1,rtmpose_baseline
corpus_01,01.Candidate was found using a mobile phone in the examination hall..mkv,b842b03e5784d867e93770560d88150a526250df69077cd3065edbbd4c842098,dfine_sahi,66060.0,unknown_object,0.7667,682.87,516.96,811.9,588.17,9187.4,129.03,71.2,1.812,False,,True,unattributed,4,evt_01-P02_desk_work_surface_0010,1cbdb549ffeb8cb8,pose_hand_context,,59376.9,2.18,,1,01/e1/v1,rtmpose_baseline
corpus_01,01.Candidate was found using a mobile phone in the examination hall..mkv,b842b03e5784d867e93770560d88150a526250df69077cd3065edbbd4c842098,dfine_sahi,66060.0,unknown_object,0.6606,537.49,529.04,681.1,627.87,14193.6,143.61,98.83,1.453,False,,True,unattributed,4,evt_01-P02_desk_work_surface_0010,1cbdb549ffeb8cb8,pose_hand_context,,59376.9,2.18,,1,01/e1/v1,rtmpose_baseline
corpus_01,01.Candidate was found using a mobile phone in the examination hall..mkv,b842b03e5784d867e93770560d88150a526250df69077cd3065edbbd4c842098,dfine_sahi,66060.0,bag,0.3598,726.78,700.11,788.9,719.58,1209.6,62.12,19.47,3.19,False,,True,unattributed,4,evt_01-P02_desk_work_surface_0010,1cbdb549ffeb8cb8,pose_hand_context,,59376.9,2.18,,1,01/e1/v1,rtmpose_baseline
corpus_01,01.Candidate was found using a mobile phone in the examination hall..mkv,b842b03e5784d867e93770560d88150a526250df69077cd3065edbbd4c842098,dfine_sahi,66060.0,unknown_object,0.3261,646.97,517.63,699.29,629.96,5877.3,52.32,112.33,0.466,False,,True,unattributed,4,evt_01-P02_desk_work_surface_0010,1cbdb549ffeb8cb8,pose_hand_context,,59376.9,2.18,,1,01/e1/v1,rtmpose_baseline
corpus_01,01.Candidate was found using a mobile phone in the examination hall..mkv,b842b03e5784d867e93770560d88150a526250df69077cd3065edbbd4c842098,dfine_sahi,66060.0,unknown_object,0.303,639.91,576.33,700.73,645.45,4204.4,60.82,69.12,0.88,False,,True,unattributed,4,evt_01-P02_desk_work_surface_0010,1cbdb549ffeb8cb8,pose_hand_context,,59376.9,2.18,,1,01/e1/v1,rtmpose_baseline
corpus_01,01.Candidate was found using a mobile phone in the examination hall..mkv,b842b03e5784d867e93770560d88150a526250df69077cd3065edbbd4c842098,dfine_sahi,66060.0,unknown_object,0.2929,658.92,629.69,704.29,647.3,798.9,45.37,17.61,2.576,False,,True,unattributed,4,evt_01-P02_desk_work_surface_0010,1cbdb549ffeb8cb8,pose_hand_context,,59376.9,2.18,,1,01/e1/v1,rtmpose_baseline
corpus_01,01.Candidate was found using a mobile phone in the examination hall..mkv,b842b03e5784d867e93770560d88150a526250df69077cd3065edbbd4c842098,dfine_sahi,66060.0,unknown_object,0.6172,935.82,538.41,991.24,594.0,3081.2,55.42,55.59,0.997,False,,True,unattributed,7,evt_01-P02_desk_work_surface_0010,bbe9e1e78de2de28,pose_hand_context,,37820.2,3.06,,1,01/e1/v1,rtmpose_baseline
corpus_01,01.Candidate was found using a mobile phone in the examination hall..mkv,b842b03e5784d867e93770560d88150a526250df69077cd3065edbbd4c842098,dfine_sahi,66060.0,unknown_object,0.5518,910.95,537.8,1027.96,639.67,11919.9,117.01,101.87,1.149,False,,True,unattributed,7,evt_01-P02_desk_work_surface_0010,bbe9e1e78de2de28,pose_hand_context,,37820.2,3.06,,1,01/e1/v1,rtmpose_baseline
corpus_01,01.Candidate was found using a mobile phone in the examination hall..mkv,b842b03e5784d867e93770560d88150a526250df69077cd3065edbbd4c842098,dfine_sahi,66060.0,unknown_object,0.5238,824.65,653.53,890.89,718.03,4272.4,66.24,64.5,1.027,False,,True,unattributed,7,evt_01-P02_desk_work_surface_0010,bbe9e1e78de2de28,pose_hand_context,,37820.2,3.06,,1,01/e1/v1,rtmpose_baseline
corpus_01,01.Candidate was found using a mobile phone in the examination hall..mkv,b842b03e5784d867e93770560d88150a526250df69077cd3065edbbd4c842098,dfine_sahi,66060.0,phone,0.5126,979.97,599.08,1027.99,719.65,5789.9,48.02,120.57,0.398,False,,True,unattributed,7,evt_01-P02_desk_work_surface_0010,bbe9e1e78de2de28,pose_hand_context,,37820.2,3.06,,1,01/e1/v1,rtmpose_baseline
corpus_01,01.Candidate was found using a mobile phone in the examination hall..mkv,b842b03e5784d867e93770560d88150a526250df69077cd3065edbbd4c842098,dfine_sahi,66060.0,unknown_object,0.4617,877.63,618.08,920.22,638.14,854.1,42.59,20.06,2.123,False,,True,unattributed,7,evt_01-P02_desk_work_surface_0010,bbe9e1e78de2de28,pose_hand_context,,37820.2,3.06,,1,01/e1/v1,rtmpose_baseline
corpus_01,01.Candidate was found using a mobile phone in the examination hall..mkv,b842b03e5784d867e93770560d88150a526250df69077cd3065edbbd4c842098,dfine_sahi,66060.0,unknown_object,0.4501,854.25,618.14,936.87,678.31,4970.5,82.61,60.17,1.373,False,,True,unattributed,7,evt_01-P02_desk_work_surface_0010,bbe9e1e78de2de28,pose_hand_context,,37820.2,3.06,,1,01/e1/v1,rtmpose_baseline
corpus_01,01.Candidate was found using a mobile phone in the examination hall..mkv,b842b03e5784d867e93770560d88150a526250df69077cd3065edbbd4c842098,dfine_sahi,66060.0,monitor_or_bezel,0.4264,980.41,618.04,1028.0,718.58,4784.7,47.59,100.54,0.473,False,,True,unattributed,7,evt_01-P02_desk_work_surface_0010,bbe9e1e78de2de28,pose_hand_context,,37820.2,3.06,,1,01/e1/v1,rtmpose_baseline
corpus_01,01.Candidate was found using a mobile phone in the examination hall..mkv,b842b03e5784d867e93770560d88150a526250df69077cd3065edbbd4c842098,dfine_sahi,66060.0,unknown_object,0.4207,853.68,539.15,937.01,639.0,8320.6,83.33,99.85,0.835,False,,True,unattributed,7,evt_01-P02_desk_work_surface_0010,bbe9e1e78de2de28,pose_hand_context,,37820.2,3.06,,1,01/e1/v1,rtmpose_baseline
corpus_01,01.Candidate was found using a mobile phone in the examination hall..mkv,b842b03e5784d867e93770560d88150a526250df69077cd3065edbbd4c842098,dfine_sahi,66060.0,monitor_or_bezel,0.3752,911.02,657.2,986.6,720.84,4810.0,75.58,63.64,1.188,False,,True,unattributed,7,evt_01-P02_desk_work_surface_0010,bbe9e1e78de2de28,pose_hand_context,,37820.2,3.06,,1,01/e1/v1,rtmpose_baseline
corpus_01,01.Candidate was found using a mobile phone in the examination hall..mkv,b842b03e5784d867e93770560d88150a526250df69077cd3065edbbd4c842098,dfine_sahi,66060.0,unknown_object,0.3621,855.14,618.17,897.61,651.51,1415.9,42.46,33.34,1.274,False,,True,unattributed,7,evt_01-P02_desk_work_surface_0010,bbe9e1e78de2de28,pose_hand_context,,37820.2,3.06,,1,01/e1/v1,rtmpose_baseline
corpus_01,01.Candidate was found using a mobile phone in the examination hall..mkv,b842b03e5784d867e93770560d88150a526250df69077cd3065edbbd4c842098,dfine_sahi,66060.0,unknown_object,0.3128,990.97,598.67,1027.98,639.4,1507.1,37.01,40.72,0.909,False,,True,unattributed,7,evt_01-P02_desk_work_surface_0010,bbe9e1e78de2de28,pose_hand_context,,37820.2,3.06,,1,01/e1/v1,rtmpose_baseline
corpus_01,01.Candidate was found using a mobile phone in the examination hall..mkv,b842b03e5784d867e93770560d88150a526250df69077cd3065edbbd4c842098,dfine_sahi,66060.0,unknown_object,0.3059,911.04,618.0,1027.92,719.98,11919.2,116.88,101.98,1.146,False,,True,unattributed,7,evt_01-P02_desk_work_surface_0010,bbe9e1e78de2de28,pose_hand_context,,37820.2,3.06,,1,01/e1/v1,rtmpose_baseline
corpus_01,01.Candidate was found using a mobile phone in the examination hall..mkv,b842b03e5784d867e93770560d88150a526250df69077cd3065edbbd4c842098,dfine_sahi,66060.0,stationery,0.2576,980.66,709.69,1027.99,718.93,437.6,47.33,9.25,5.12,False,,True,unattributed,7,evt_01-P02_desk_work_surface_0010,bbe9e1e78de2de28,pose_hand_context,,37820.2,3.06,,1,01/e1/v1,rtmpose_baseline
corpus_01,01.Candidate was found using a mobile phone in the examination hall..mkv,b842b03e5784d867e93770560d88150a526250df69077cd3065edbbd4c842098,dfine_sahi,66060.0,unknown_object,0.4047,672.01,403.42,695.34,494.17,2117.3,23.33,90.75,0.257,False,,True,unattributed,9,evt_01-P02_desk_work_surface_0010,c6e65f7ed42b8630,pose_hand_context,,2344.5,13.22,,1,01/e1/v1,rtmpose_baseline
corpus_01,01.Candidate was found using a mobile phone in the examination hall..mkv,b842b03e5784d867e93770560d88150a526250df69077cd3065edbbd4c842098,dfine_sahi,66060.0,unknown_object,0.328,691.58,453.24,763.84,494.28,2965.5,72.26,41.04,1.761,False,,True,unattributed,9,evt_01-P02_desk_work_surface_0010,c6e65f7ed42b8630,pose_hand_context,,2344.5,13.22,,1,01/e1/v1,rtmpose_baseline
corpus_01,01.Candidate was found using a mobile phone in the examination hall..mkv,b842b03e5784d867e93770560d88150a526250df69077cd3065edbbd4c842098,dfine_sahi,66060.0,unknown_object,0.2713,719.81,421.13,747.54,453.42,895.6,27.73,32.29,0.859,False,,True,unattributed,9,evt_01-P02_desk_work_surface_0010,c6e65f7ed42b8630,pose_hand_context,,2344.5,13.22,,1,01/e1/v1,rtmpose_baseline
corpus_01,01.Candidate was found using a mobile phone in the examination hall..mkv,b842b03e5784d867e93770560d88150a526250df69077cd3065edbbd4c842098,dfine_sahi,66380.0,unknown_object,0.6872,980.25,579.3,1127.89,718.67,20577.8,147.64,139.38,1.059,False,,True,unattributed,7,evt_01-P01_desk_work_surface_0002,6e83494e473e432e,pose_hand_context,,59102.5,2.62,,1,01/e1/v1,rtmpose_baseline
corpus_01,01.Candidate was found using a mobile phone in the examination hall..mkv,b842b03e5784d867e93770560d88150a526250df69077cd3065edbbd4c842098,dfine_sahi,66380.0,monitor_or_bezel,0.643,990.04,584.14,1127.89,718.93,18580.2,137.85,134.79,1.023,False,,True,unattributed,7,evt_01-P01_desk_work_surface_0002,6e83494e473e432e,pose_hand_context,,59102.5,2.62,,1,01/e1/v1,rtmpose_baseline
corpus_01,01.Candidate was found using a mobile phone in the examination hall..mkv,b842b03e5784d867e93770560d88150a526250df69077cd3065edbbd4c842098,dfine_sahi,66380.0,unknown_object,0.606,990.02,478.04,1044.38,612.71,7320.6,54.36,134.67,0.404,False,,True,unattributed,7,evt_01-P01_desk_work_surface_0002,6e83494e473e432e,pose_hand_context,,59102.5,2.62,,1,01/e1/v1,rtmpose_baseline
corpus_01,01.Candidate was found using a mobile phone in the examination hall..mkv,b842b03e5784d867e93770560d88150a526250df69077cd3065edbbd4c842098,dfine_sahi,66380.0,unknown_object,0.5389,883.0,477.98,1044.62,646.53,27239.4,161.62,168.54,0.959,False,,True,unattributed,7,evt_01-P01_desk_work_surface_0002,6e83494e473e432e,pose_hand_context,,59102.5,2.62,,1,01/e1/v1,rtmpose_baseline
corpus_01,01.Candidate was found using a mobile phone in the examination hall..mkv,b842b03e5784d867e93770560d88150a526250df69077cd3065edbbd4c842098,dfine_sahi,66380.0,unknown_object,0.4136,980.36,604.43,1020.98,718.42,4630.3,40.62,113.99,0.356,False,,True,unattributed,7,evt_01-P01_desk_work_surface_0002,6e83494e473e432e,pose_hand_context,,59102.5,2.62,,1,01/e1/v1,rtmpose_baseline
corpus_01,01.Candidate was found using a mobile phone in the examination hall..mkv,b842b03e5784d867e93770560d88150a526250df69077cd3065edbbd4c842098,dfine_sahi,66380.0,unknown_object,0.4074,991.66,478.17,1128.06,613.04,18396.7,136.4,134.88,1.011,False,,True,unattributed,7,evt_01-P01_desk_work_surface_0002,6e83494e473e432e,pose_hand_context,,59102.5,2.62,,1,01/e1/v1,rtmpose_baseline
corpus_01,01.Candidate was found using a mobile phone in the examination hall..mkv,b842b03e5784d867e93770560d88150a526250df69077cd3065edbbd4c842098,dfine_sahi,66380.0,unknown_object,0.3771,1011.55,577.79,1127.9,613.28,4128.6,116.35,35.48,3.279,False,,True,unattributed,7,evt_01-P01_desk_work_surface_0002,6e83494e473e432e,pose_hand_context,,59102.5,2.62,,1,01/e1/v1,rtmpose_baseline
corpus_01,01.Candidate was found using a mobile phone in the examination hall..mkv,b842b03e5784d867e93770560d88150a526250df69077cd3065edbbd4c842098,dfine_sahi,66380.0,monitor_or_bezel,0.376,883.03,642.72,987.17,719.26,7971.4,104.15,76.54,1.361,False,,True,unattributed,7,evt_01-P01_desk_work_surface_0002,6e83494e473e432e,pose_hand_context,,59102.5,2.62,,1,01/e1/v1,rtmpose_baseline
corpus_01,01.Candidate was found using a mobile phone in the examination hall..mkv,b842b03e5784d867e93770560d88150a526250df69077cd3065edbbd4c842098,dfine_sahi,66380.0,unknown_object,0.3421,882.97,584.23,1020.76,718.95,18561.5,137.78,134.72,1.023,False,,True,unattributed,7,evt_01-P01_desk_work_surface_0002,6e83494e473e432e,pose_hand_context,,59102.5,2.62,,1,01/e1/v1,rtmpose_baseline
corpus_01,01.Candidate was found using a mobile phone in the examination hall..mkv,b842b03e5784d867e93770560d88150a526250df69077cd3065edbbd4c842098,dfine_sahi,66380.0,unknown_object,0.3247,1079.66,629.63,1101.45,660.46,671.9,21.79,30.83,0.707,False,,True,unattributed,7,evt_01-P01_desk_work_surface_0002,6e83494e473e432e,pose_hand_context,,59102.5,2.62,,1,01/e1/v1,rtmpose_baseline
corpus_01,01.Candidate was found using a mobile phone in the examination hall..mkv,b842b03e5784d867e93770560d88150a526250df69077cd3065edbbd4c842098,dfine_sahi,66380.0,unknown_object,0.2927,1103.66,629.62,1125.48,660.34,670.2,21.82,30.72,0.71,False,,True,unattributed,7,evt_01-P01_desk_work_surface_0002,6e83494e473e432e,pose_hand_context,,59102.5,2.62,,1,01/e1/v1,rtmpose_baseline
corpus_01,01.Candidate was found using a mobile phone in the examination hall..mkv,b842b03e5784d867e93770560d88150a526250df69077cd3065edbbd4c842098,dfine_sahi,66380.0,unknown_object,0.2716,992.12,544.66,1029.32,613.01,2542.6,37.2,68.35,0.544,False,,True,unattributed,7,evt_01-P01_desk_work_surface_0002,6e83494e473e432e,pose_hand_context,,59102.5,2.62,,1,01/e1/v1,rtmpose_baseline
corpus_01,01.Candidate was found using a mobile phone in the examination hall..mkv,b842b03e5784d867e93770560d88150a526250df69077cd3065edbbd4c842098,dfine_sahi,66380.0,unknown_object,0.2651,919.71,567.46,979.95,612.83,2733.4,60.24,45.37,1.328,False,,True,unattributed,7,evt_01-P01_desk_work_surface_0002,6e83494e473e432e,pose_hand_context,,59102.5,2.62,,1,01/e1/v1,rtmpose_baseline
corpus_01,01.Candidate was found using a mobile phone in the examination hall..mkv,b842b03e5784d867e93770560d88150a526250df69077cd3065edbbd4c842098,dfine_sahi,66380.0,unknown_object,0.2503,941.09,478.23,1020.87,543.21,5183.8,79.78,64.98,1.228,False,,True,unattributed,7,evt_01-P01_desk_work_surface_0002,6e83494e473e432e,pose_hand_context,,59102.5,2.62,,1,01/e1/v1,rtmpose_baseline
corpus_01,01.Candidate was found using a mobile phone in the examination hall..mkv,b842b03e5784d867e93770560d88150a526250df69077cd3065edbbd4c842098,dfine_sahi,66380.0,bag,0.4251,670.0,403.76,695.1,495.31,2298.3,25.1,91.55,0.274,False,,True,unattributed,9,evt_01-P01_desk_work_surface_0002,8549b2b5e737bc43,pose_hand_context,,2304.0,13.33,,1,01/e1/v1,rtmpose_baseline
corpus_01,01.Candidate was found using a mobile phone in the examination hall..mkv,b842b03e5784d867e93770560d88150a526250df69077cd3065edbbd4c842098,dfine_sahi,66380.0,unknown_object,0.3966,689.04,400.23,765.91,494.85,7273.5,76.87,94.62,0.812,False,,True,unattributed,9,evt_01-P01_desk_work_surface_0002,8549b2b5e737bc43,pose_hand_context,,2304.0,13.33,,1,01/e1/v1,rtmpose_baseline
corpus_01,01.Candidate was found using a mobile phone in the examination hall..mkv,b842b03e5784d867e93770560d88150a526250df69077cd3065edbbd4c842098,dfine_sahi,66380.0,bag,0.2931,691.72,454.12,764.17,494.98,2959.8,72.45,40.86,1.773,False,,True,unattributed,9,evt_01-P01_desk_work_surface_0002,8549b2b5e737bc43,pose_hand_context,,2304.0,13.33,,1,01/e1/v1,rtmpose_baseline
corpus_01,01.Candidate was found using a mobile phone in the examination hall..mkv,b842b03e5784d867e93770560d88150a526250df69077cd3065edbbd4c842098,dfine_sahi,66380.0,unknown_object,0.2676,719.63,421.02,746.97,453.46,886.9,27.34,32.44,0.843,False,,True,unattributed,9,evt_01-P01_desk_work_surface_0002,8549b2b5e737bc43,pose_hand_context,,2304.0,13.33,,1,01/e1/v1,rtmpose_baseline
corpus_01,01.Candidate was found using a mobile phone in the examination hall..mkv,b842b03e5784d867e93770560d88150a526250df69077cd3065edbbd4c842098,dfine_sahi,66380.0,unknown_object,0.7364,310.34,507.24,438.28,602.38,12171.5,127.94,95.13,1.345,False,,True,unattributed,4,evt_01-P01_desk_work_surface_0002,b26f33bc8d9db396,native_source_context_fallback,wrist_confidence_below_floor,66418.0,2.03,,1,01/e1/v1,rtmpose_baseline
corpus_01,01.Candidate was found using a mobile phone in the examination hall..mkv,b842b03e5784d867e93770560d88150a526250df69077cd3065edbbd4c842098,dfine_sahi,66380.0,unknown_object,0.5608,524.78,540.62,593.51,623.21,5676.2,68.73,82.59,0.832,False,,True,unattributed,4,evt_01-P01_desk_work_surface_0002,b26f33bc8d9db396,native_source_context_fallback,wrist_confidence_below_floor,66418.0,2.03,,1,01/e1/v1,rtmpose_baseline
corpus_01,01.Candidate was found using a mobile phone in the examination hall..mkv,b842b03e5784d867e93770560d88150a526250df69077cd3065edbbd4c842098,dfine_sahi,66380.0,monitor_or_bezel,0.4948,309.03,592.34,383.3,716.5,9221.7,74.27,124.17,0.598,False,,True,unattributed,4,evt_01-P01_desk_work_surface_0002,b26f33bc8d9db396,native_source_context_fallback,wrist_confidence_below_floor,66418.0,2.03,,1,01/e1/v1,rtmpose_baseline
corpus_01,01.Candidate was found using a mobile phone in the examination hall..mkv,b842b03e5784d867e93770560d88150a526250df69077cd3065edbbd4c842098,dfine_sahi,66380.0,unknown_object,0.419,447.05,507.12,534.48,594.68,7655.4,87.43,87.56,0.998,False,,True,unattributed,4,evt_01-P01_desk_work_surface_0002,b26f33bc8d9db396,native_source_context_fallback,wrist_confidence_below_floor,66418.0,2.03,,1,01/e1/v1,rtmpose_baseline
corpus_01,01.Candidate was found using a mobile phone in the examination hall..mkv,b842b03e5784d867e93770560d88150a526250df69077cd3065edbbd4c842098,dfine_sahi,66380.0,unknown_object,0.3817,447.03,585.94,526.08,624.22,3026.9,79.06,38.29,2.065,False,,True,unattributed,4,evt_01-P01_desk_work_surface_0002,b26f33bc8d9db396,native_source_context_fallback,wrist_confidence_below_floor,66418.0,2.03,,1,01/e1/v1,rtmpose_baseline
corpus_01,01.Candidate was found using a mobile phone in the examination hall..mkv,b842b03e5784d867e93770560d88150a526250df69077cd3065edbbd4c842098,dfine_sahi,66380.0,unknown_object,0.3784,588.38,521.2,623.99,619.95,3517.0,35.62,98.75,0.361,False,,True,unattributed,4,evt_01-P01_desk_work_surface_0002,b26f33bc8d9db396,native_source_context_fallback,wrist_confidence_below_floor,66418.0,2.03,,1,01/e1/v1,rtmpose_baseline
corpus_01,01.Candidate was found using a mobile phone in the examination hall..mkv,b842b03e5784d867e93770560d88150a526250df69077cd3065edbbd4c842098,dfine_sahi,66380.0,keyboard,0.3766,456.23,541.82,521.71,592.98,3350.0,65.48,51.16,1.28,False,,True,unattributed,4,evt_01-P01_desk_work_surface_0002,b26f33bc8d9db396,native_source_context_fallback,wrist_confidence_below_floor,66418.0,2.03,,1,01/e1/v1,rtmpose_baseline
corpus_01,01.Candidate was found using a mobile phone in the examination hall..mkv,b842b03e5784d867e93770560d88150a526250df69077cd3065edbbd4c842098,dfine_sahi,66380.0,unknown_object,0.3566,309.02,605.73,363.87,716.12,6055.7,54.86,110.39,0.497,False,,True,unattributed,4,evt_01-P01_desk_work_surface_0002,b26f33bc8d9db396,native_source_context_fallback,wrist_confidence_below_floor,66418.0,2.03,,1,01/e1/v1,rtmpose_baseline
corpus_01,01.Candidate was found using a mobile phone in the examination hall..mkv,b842b03e5784d867e93770560d88150a526250df69077cd3065edbbd4c842098,dfine_sahi,66380.0,unknown_object,0.3406,523.18,539.92,619.2,709.51,16285.0,96.02,169.59,0.566,False,,True,unattributed,4,evt_01-P01_desk_work_surface_0002,b26f33bc8d9db396,native_source_context_fallback,wrist_confidence_below_floor,66418.0,2.03,,1,01/e1/v1,rtmpose_baseline
corpus_01,01.Candidate was found using a mobile phone in the examination hall..mkv,b842b03e5784d867e93770560d88150a526250df69077cd3065edbbd4c842098,dfine_sahi,66380.0,unknown_object,0.2946,413.25,507.05,485.99,591.85,6169.0,72.74,84.81,0.858,False,,True,unattributed,4,evt_01-P01_desk_work_surface_0002,b26f33bc8d9db396,native_source_context_fallback,wrist_confidence_below_floor,66418.0,2.03,,1,01/e1/v1,rtmpose_baseline
corpus_01,01.Candidate was found using a mobile phone in the examination hall..mkv,b842b03e5784d867e93770560d88150a526250df69077cd3065edbbd4c842098,dfine_sahi,66380.0,unknown_object,0.2866,447.03,598.99,622.84,716.43,20647.4,175.8,117.45,1.497,False,,True,unattributed,4,evt_01-P01_desk_work_surface_0002,b26f33bc8d9db396,native_source_context_fallback,wrist_confidence_below_floor,66418.0,2.03,,1,01/e1/v1,rtmpose_baseline
corpus_01,01.Candidate was found using a mobile phone in the examination hall..mkv,b842b03e5784d867e93770560d88150a526250df69077cd3065edbbd4c842098,dfine_sahi,66380.0,unknown_object,0.2837,533.88,507.23,613.07,563.83,4483.0,79.19,56.61,1.399,False,,True,unattributed,4,evt_01-P01_desk_work_surface_0002,b26f33bc8d9db396,native_source_context_fallback,wrist_confidence_below_floor,66418.0,2.03,,1,01/e1/v1,rtmpose_baseline
corpus_01,01.Candidate was found using a mobile phone in the examination hall..mkv,b842b03e5784d867e93770560d88150a526250df69077cd3065edbbd4c842098,dfine_sahi,66380.0,keyboard,0.2742,318.57,674.45,383.92,717.0,2780.5,65.35,42.55,1.536,False,,True,unattributed,4,evt_01-P01_desk_work_surface_0002,b26f33bc8d9db396,native_source_context_fallback,wrist_confidence_below_floor,66418.0,2.03,,1,01/e1/v1,rtmpose_baseline
corpus_01,01.Candidate was found using a mobile phone in the examination hall..mkv,b842b03e5784d867e93770560d88150a526250df69077cd3065edbbd4c842098,dfine_sahi,66380.0,unknown_object,0.2609,446.99,540.2,623.67,624.2,14842.0,176.68,84.01,2.103,False,,True,unattributed,4,evt_01-P01_desk_work_surface_0002,b26f33bc8d9db396,native_source_context_fallback,wrist_confidence_below_floor,66418.0,2.03,,1,01/e1/v1,rtmpose_baseline
corpus_01,01.Candidate was found using a mobile phone in the examination hall..mkv,b842b03e5784d867e93770560d88150a526250df69077cd3065edbbd4c842098,dfine_sahi,66500.0,unknown_object,0.5417,688.26,399.2,767.87,494.01,7548.2,79.61,94.81,0.84,False,,True,unattributed,9,evt_01-P01_upper_body_0006,49ed198602138e42,pose_hand_context,,2304.0,13.33,,1,01/e1/v1,rtmpose_baseline
corpus_01,01.Candidate was found using a mobile phone in the examination hall..mkv,b842b03e5784d867e93770560d88150a526250df69077cd3065edbbd4c842098,dfine_sahi,66500.0,unknown_object,0.4079,672.01,404.17,695.15,494.29,2085.3,23.14,90.12,0.257,False,,True,unattributed,9,evt_01-P01_upper_body_0006,49ed198602138e42,pose_hand_context,,2304.0,13.33,,1,01/e1/v1,rtmpose_baseline
corpus_01,01.Candidate was found using a mobile phone in the examination hall..mkv,b842b03e5784d867e93770560d88150a526250df69077cd3065edbbd4c842098,dfine_sahi,66500.0,unknown_object,0.3007,719.75,409.46,754.28,453.32,1514.0,34.53,43.85,0.787,False,,True,unattributed,9,evt_01-P01_upper_body_0006,49ed198602138e42,pose_hand_context,,2304.0,13.33,,1,01/e1/v1,rtmpose_baseline
corpus_01,01.Candidate was found using a mobile phone in the examination hall..mkv,b842b03e5784d867e93770560d88150a526250df69077cd3065edbbd4c842098,dfine_sahi,66500.0,unknown_object,0.2839,692.19,454.13,763.67,494.06,2854.3,71.48,39.93,1.79,False,,True,unattributed,9,evt_01-P01_upper_body_0006,49ed198602138e42,pose_hand_context,,2304.0,13.33,,1,01/e1/v1,rtmpose_baseline
corpus_01,01.Candidate was found using a mobile phone in the examination hall..mkv,b842b03e5784d867e93770560d88150a526250df69077cd3065edbbd4c842098,dfine_sahi,66500.0,phone,0.6905,250.0,641.61,339.57,719.62,6987.4,89.57,78.01,1.148,False,,True,unattributed,4,evt_01-P01_upper_body_0006,4ea568cd79e0e9d0,pose_hand_context,,15385.3,3.96,,1,01/e1/v1,rtmpose_baseline
corpus_01,01.Candidate was found using a mobile phone in the examination hall..mkv,b842b03e5784d867e93770560d88150a526250df69077cd3065edbbd4c842098,dfine_sahi,66500.0,keyboard,0.5389,253.02,625.23,339.47,719.1,8115.1,86.46,93.86,0.921,False,,True,unattributed,4,evt_01-P01_upper_body_0006,4ea568cd79e0e9d0,pose_hand_context,,15385.3,3.96,,1,01/e1/v1,rtmpose_baseline
corpus_01,01.Candidate was found using a mobile phone in the examination hall..mkv,b842b03e5784d867e93770560d88150a526250df69077cd3065edbbd4c842098,dfine_sahi,66500.0,mouse,0.4835,278.47,679.72,297.13,702.25,420.4,18.66,22.53,0.828,False,,True,unattributed,4,evt_01-P01_upper_body_0006,4ea568cd79e0e9d0,pose_hand_context,,15385.3,3.96,,1,01/e1/v1,rtmpose_baseline
corpus_01,01.Candidate was found using a mobile phone in the examination hall..mkv,b842b03e5784d867e93770560d88150a526250df69077cd3065edbbd4c842098,dfine_sahi,66500.0,phone,0.4387,321.0,657.82,339.3,715.88,1062.8,18.3,58.07,0.315,False,,True,unattributed,4,evt_01-P01_upper_body_0006,4ea568cd79e0e9d0,pose_hand_context,,15385.3,3.96,,1,01/e1/v1,rtmpose_baseline
corpus_01,01.Candidate was found using a mobile phone in the examination hall..mkv,b842b03e5784d867e93770560d88150a526250df69077cd3065edbbd4c842098,dfine_sahi,66500.0,phone,0.4082,253.02,625.63,295.34,674.7,2076.9,42.32,49.07,0.862,False,,True,unattributed,4,evt_01-P01_upper_body_0006,4ea568cd79e0e9d0,pose_hand_context,,15385.3,3.96,,1,01/e1/v1,rtmpose_baseline
corpus_01,01.Candidate was found using a mobile phone in the examination hall..mkv,b842b03e5784d867e93770560d88150a526250df69077cd3065edbbd4c842098,dfine_sahi,66500.0,unknown_object,0.3684,321.03,624.18,416.96,719.51,9145.0,95.94,95.32,1.006,False,,True,unattributed,4,evt_01-P01_upper_body_0006,4ea568cd79e0e9d0,pose_hand_context,,15385.3,3.96,,1,01/e1/v1,rtmpose_baseline
corpus_01,01.Candidate was found using a mobile phone in the examination hall..mkv,b842b03e5784d867e93770560d88150a526250df69077cd3065edbbd4c842098,dfine_sahi,66500.0,monitor_or_bezel,0.3534,249.96,624.2,340.0,719.5,8581.2,90.05,95.3,0.945,False,,True,unattributed,4,evt_01-P01_upper_body_0006,4ea568cd79e0e9d0,pose_hand_context,,15385.3,3.96,,1,01/e1/v1,rtmpose_baseline
corpus_01,01.Candidate was found using a mobile phone in the examination hall..mkv,b842b03e5784d867e93770560d88150a526250df69077cd3065edbbd4c842098,dfine_sahi,66500.0,unknown_object,0.3387,320.98,658.27,339.46,698.91,751.0,18.48,40.63,0.455,False,,True,unattributed,4,evt_01-P01_upper_body_0006,4ea568cd79e0e9d0,pose_hand_context,,15385.3,3.96,,1,01/e1/v1,rtmpose_baseline
corpus_01,01.Candidate was found using a mobile phone in the examination hall..mkv,b842b03e5784d867e93770560d88150a526250df69077cd3065edbbd4c842098,dfine_sahi,66500.0,unknown_object,0.3262,376.01,603.05,416.97,629.89,1099.5,40.96,26.84,1.526,False,,True,unattributed,4,evt_01-P01_upper_body_0006,4ea568cd79e0e9d0,pose_hand_context,,15385.3,3.96,,1,01/e1/v1,rtmpose_baseline
corpus_01,01.Candidate was found using a mobile phone in the examination hall..mkv,b842b03e5784d867e93770560d88150a526250df69077cd3065edbbd4c842098,dfine_sahi,66500.0,unknown_object,0.321,321.09,614.65,387.01,673.43,3875.1,65.92,58.79,1.121,False,,True,unattributed,4,evt_01-P01_upper_body_0006,4ea568cd79e0e9d0,pose_hand_context,,15385.3,3.96,,1,01/e1/v1,rtmpose_baseline
corpus_01,01.Candidate was found using a mobile phone in the examination hall..mkv,b842b03e5784d867e93770560d88150a526250df69077cd3065edbbd4c842098,dfine_sahi,66500.0,stationery,0.284,250.08,641.61,339.47,698.72,5105.8,89.39,57.12,1.565,False,,True,unattributed,4,evt_01-P01_upper_body_0006,4ea568cd79e0e9d0,pose_hand_context,,15385.3,3.96,,1,01/e1/v1,rtmpose_baseline
corpus_01,01.Candidate was found using a mobile phone in the examination hall..mkv,b842b03e5784d867e93770560d88150a526250df69077cd3065edbbd4c842098,dfine_sahi,66500.0,phone,0.2822,276.66,644.61,298.15,698.77,1164.1,21.49,54.16,0.397,False,,True,unattributed,4,evt_01-P01_upper_body_0006,4ea568cd79e0e9d0,pose_hand_context,,15385.3,3.96,,1,01/e1/v1,rtmpose_baseline
corpus_01,01.Candidate was found using a mobile phone in the examination hall..mkv,b842b03e5784d867e93770560d88150a526250df69077cd3065edbbd4c842098,dfine_sahi,66500.0,unknown_object,0.6639,993.87,481.23,1116.09,611.01,15861.2,122.21,129.78,0.942,False,,True,unattributed,7,evt_01-P01_upper_body_0006,8f57a13b660d1ec1,pose_hand_context,,54503.6,2.74,,1,01/e1/v1,rtmpose_baseline
corpus_01,01.Candidate was found using a mobile phone in the examination hall..mkv,b842b03e5784d867e93770560d88150a526250df69077cd3065edbbd4c842098,dfine_sahi,66500.0,unknown_object,0.5834,1009.05,577.33,1115.91,611.54,3655.6,106.87,34.21,3.124,False,,True,unattributed,7,evt_01-P01_upper_body_0006,8f57a13b660d1ec1,pose_hand_context,,54503.6,2.74,,1,01/e1/v1,rtmpose_baseline
corpus_01,01.Candidate was found using a mobile phone in the examination hall..mkv,b842b03e5784d867e93770560d88150a526250df69077cd3065edbbd4c842098,dfine_sahi,66500.0,unknown_object,0.5439,985.41,583.23,1116.04,713.13,16970.9,130.64,129.91,1.006,False,,True,unattributed,7,evt_01-P01_upper_body_0006,8f57a13b660d1ec1,pose_hand_context,,54503.6,2.74,,1,01/e1/v1,rtmpose_baseline
corpus_01,01.Candidate was found using a mobile phone in the examination hall..mkv,b842b03e5784d867e93770560d88150a526250df69077cd3065edbbd4c842098,dfine_sahi,66500.0,monitor_or_bezel,0.4892,883.06,646.56,988.24,713.29,7018.8,105.18,66.73,1.576,False,,True,unattributed,7,evt_01-P01_upper_body_0006,8f57a13b660d1ec1,pose_hand_context,,54503.6,2.74,,1,01/e1/v1,rtmpose_baseline
corpus_01,01.Candidate was found using a mobile phone in the examination hall..mkv,b842b03e5784d867e93770560d88150a526250df69077cd3065edbbd4c842098,dfine_sahi,66500.0,unknown_object,0.4612,882.99,481.2,1033.59,642.76,24330.9,150.6,161.56,0.932,False,,True,unattributed,7,evt_01-P01_upper_body_0006,8f57a13b660d1ec1,pose_hand_context,,54503.6,2.74,,1,01/e1/v1,rtmpose_baseline
corpus_01,01.Candidate was found using a mobile phone in the examination hall..mkv,b842b03e5784d867e93770560d88150a526250df69077cd3065edbbd4c842098,dfine_sahi,66500.0,unknown_object,0.4488,883.3,481.07,948.39,518.08,2408.7,65.08,37.01,1.758,False,,True,unattributed,7,evt_01-P01_upper_body_0006,8f57a13b660d1ec1,pose_hand_context,,54503.6,2.74,,1,01/e1/v1,rtmpose_baseline
corpus_01,01.Candidate was found using a mobile phone in the examination hall..mkv,b842b03e5784d867e93770560d88150a526250df69077cd3065edbbd4c842098,dfine_sahi,66500.0,unknown_object,0.2885,986.68,637.93,1053.11,661.01,1533.1,66.42,23.08,2.878,False,,True,unattributed,7,evt_01-P01_upper_body_0006,8f57a13b660d1ec1,pose_hand_context,,54503.6,2.74,,1,01/e1/v1,rtmpose_baseline
corpus_01,01.Candidate was found using a mobile phone in the examination hall..mkv,b842b03e5784d867e93770560d88150a526250df69077cd3065edbbd4c842098,dfine_sahi,66500.0,unknown_object,0.2808,983.92,535.57,1019.37,639.41,3681.5,35.45,103.85,0.341,False,,True,unattributed,7,evt_01-P01_upper_body_0006,8f57a13b660d1ec1,pose_hand_context,,54503.6,2.74,,1,01/e1/v1,rtmpose_baseline
corpus_01,01.Candidate was found using a mobile phone in the examination hall..mkv,b842b03e5784d867e93770560d88150a526250df69077cd3065edbbd4c842098,dfine_sahi,66500.0,unknown_object,0.2748,883.01,622.51,912.52,630.8,244.7,29.52,8.29,3.56,False,,True,unattributed,7,evt_01-P01_upper_body_0006,8f57a13b660d1ec1,pose_hand_context,,54503.6,2.74,,1,01/e1/v1,rtmpose_baseline
corpus_01,01.Candidate was found using a mobile phone in the examination hall..mkv,b842b03e5784d867e93770560d88150a526250df69077cd3065edbbd4c842098,dfine_sahi,66500.0,unknown_object,0.2729,883.11,522.18,975.22,611.18,8198.3,92.12,89.0,1.035,False,,True,unattributed,7,evt_01-P01_upper_body_0006,8f57a13b660d1ec1,pose_hand_context,,54503.6,2.74,,1,01/e1/v1,rtmpose_baseline
corpus_01,01.Candidate was found using a mobile phone in the examination hall..mkv,b842b03e5784d867e93770560d88150a526250df69077cd3065edbbd4c842098,dfine_sahi,66500.0,unknown_object,0.2606,883.05,583.29,1013.87,713.34,17012.9,130.83,130.04,1.006,False,,True,unattributed,7,evt_01-P01_upper_body_0006,8f57a13b660d1ec1,pose_hand_context,,54503.6,2.74,,1,01/e1/v1,rtmpose_baseline
corpus_01,01.Candidate was found using a mobile phone in the examination hall..mkv,b842b03e5784d867e93770560d88150a526250df69077cd3065edbbd4c842098,dfine_sahi,66500.0,unknown_object,0.2532,882.99,609.34,933.83,631.35,1119.0,50.84,22.01,2.31,False,,True,unattributed,7,evt_01-P01_upper_body_0006,8f57a13b660d1ec1,pose_hand_context,,54503.6,2.74,,1,01/e1/v1,rtmpose_baseline
corpus_01,01.Candidate was found using a mobile phone in the examination hall..mkv,b842b03e5784d867e93770560d88150a526250df69077cd3065edbbd4c842098,dfine_sahi,66580.0,unknown_object,0.8544,1006.83,472.3,1119.98,609.31,15502.7,113.15,137.01,0.826,False,,True,unattributed,7,evt_01-P03_upper_body_0020,0b10710a82968c28,pose_hand_context,,60152.5,2.61,,1,01/e1/v1,rtmpose_baseline
corpus_01,01.Candidate was found using a mobile phone in the examination hall..mkv,b842b03e5784d867e93770560d88150a526250df69077cd3065edbbd4c842098,dfine_sahi,66580.0,unknown_object,0.6393,979.73,579.17,1119.89,715.5,19108.7,140.16,136.34,1.028,False,,True,unattributed,7,evt_01-P03_upper_body_0020,0b10710a82968c28,pose_hand_context,,60152.5,2.61,,1,01/e1/v1,rtmpose_baseline
corpus_01,01.Candidate was found using a mobile phone in the examination hall..mkv,b842b03e5784d867e93770560d88150a526250df69077cd3065edbbd4c842098,dfine_sahi,66580.0,monitor_or_bezel,0.5043,875.02,647.56,988.0,716.46,7784.3,112.97,68.9,1.64,False,,True,unattributed,7,evt_01-P03_upper_body_0020,0b10710a82968c28,pose_hand_context,,60152.5,2.61,,1,01/e1/v1,rtmpose_baseline
corpus_01,01.Candidate was found using a mobile phone in the examination hall..mkv,b842b03e5784d867e93770560d88150a526250df69077cd3065edbbd4c842098,dfine_sahi,66580.0,unknown_object,0.4786,980.08,609.52,1013.0,716.11,3509.7,32.93,106.59,0.309,False,,True,unattributed,7,evt_01-P03_upper_body_0020,0b10710a82968c28,pose_hand_context,,60152.5,2.61,,1,01/e1/v1,rtmpose_baseline
corpus_01,01.Candidate was found using a mobile phone in the examination hall..mkv,b842b03e5784d867e93770560d88150a526250df69077cd3065edbbd4c842098,dfine_sahi,66580.0,unknown_object,0.3667,1009.72,577.57,1119.93,609.78,3549.8,110.21,32.21,3.422,False,,True,unattributed,7,evt_01-P03_upper_body_0020,0b10710a82968c28,pose_hand_context,,60152.5,2.61,,1,01/e1/v1,rtmpose_baseline
corpus_01,01.Candidate was found using a mobile phone in the examination hall..mkv,b842b03e5784d867e93770560d88150a526250df69077cd3065edbbd4c842098,dfine_sahi,66580.0,unknown_object,0.3014,875.07,472.1,933.39,515.6,2537.1,58.32,43.5,1.341,False,,True,unattributed,7,evt_01-P03_upper_body_0020,0b10710a82968c28,pose_hand_context,,60152.5,2.61,,1,01/e1/v1,rtmpose_baseline
corpus_01,01.Candidate was found using a mobile phone in the examination hall..mkv,b842b03e5784d867e93770560d88150a526250df69077cd3065edbbd4c842098,dfine_sahi,66580.0,unknown_object,0.453,688.74,400.26,766.87,494.85,7390.1,78.12,94.59,0.826,False,,True,unattributed,9,evt_01-P03_upper_body_0020,4775e99c2c778860,pose_hand_context,,2304.0,13.33,,1,01/e1/v1,rtmpose_baseline
corpus_01,01.Candidate was found using a mobile phone in the examination hall..mkv,b842b03e5784d867e93770560d88150a526250df69077cd3065edbbd4c842098,dfine_sahi,66580.0,bag,0.4024,671.0,404.36,695.18,495.29,2197.8,24.17,90.92,0.266,False,,True,unattributed,9,evt_01-P03_upper_body_0020,4775e99c2c778860,pose_hand_context,,2304.0,13.33,,1,01/e1/v1,rtmpose_baseline
corpus_01,01.Candidate was found using a mobile phone in the examination hall..mkv,b842b03e5784d867e93770560d88150a526250df69077cd3065edbbd4c842098,dfine_sahi,66580.0,unknown_object,0.2602,719.75,409.45,754.58,453.19,1523.1,34.83,43.74,0.796,False,,True,unattributed,9,evt_01-P03_upper_body_0020,4775e99c2c778860,pose_hand_context,,2304.0,13.33,,1,01/e1/v1,rtmpose_baseline
corpus_01,01.Candidate was found using a mobile phone in the examination hall..mkv,b842b03e5784d867e93770560d88150a526250df69077cd3065edbbd4c842098,dfine_sahi,66580.0,unknown_object,0.2543,691.71,453.93,764.32,494.67,2957.9,72.61,40.74,1.782,False,,True,unattributed,9,evt_01-P03_upper_body_0020,4775e99c2c778860,pose_hand_context,,2304.0,13.33,,1,01/e1/v1,rtmpose_baseline
corpus_01,01.Candidate was found using a mobile phone in the examination hall..mkv,b842b03e5784d867e93770560d88150a526250df69077cd3065edbbd4c842098,dfine_sahi,66580.0,unknown_object,0.4997,327.28,545.99,453.97,642.13,12180.0,126.69,96.14,1.318,False,,True,unattributed,4,evt_01-P03_upper_body_0020,62391876cbd7ef0c,native_source_context_fallback,wrist_confidence_below_floor,38764.8,2.83,,1,01/e1/v1,rtmpose_baseline
corpus_01,01.Candidate was found using a mobile phone in the examination hall..mkv,b842b03e5784d867e93770560d88150a526250df69077cd3065edbbd4c842098,dfine_sahi,66580.0,unknown_object,0.3979,227.99,633.26,316.39,717.04,7406.5,88.4,83.78,1.055,False,,True,unattributed,4,evt_01-P03_upper_body_0020,62391876cbd7ef0c,native_source_context_fallback,wrist_confidence_below_floor,38764.8,2.83,,1,01/e1/v1,rtmpose_baseline
corpus_01,01.Candidate was found using a mobile phone in the examination hall..mkv,b842b03e5784d867e93770560d88150a526250df69077cd3065edbbd4c842098,dfine_sahi,66580.0,unknown_object,0.3693,228.13,546.23,337.47,642.93,10573.1,109.34,96.7,1.131,False,,True,unattributed,4,evt_01-P03_upper_body_0020,62391876cbd7ef0c,native_source_context_fallback,wrist_confidence_below_floor,38764.8,2.83,,1,01/e1/v1,rtmpose_baseline
corpus_01,01.Candidate was found using a mobile phone in the examination hall..mkv,b842b03e5784d867e93770560d88150a526250df69077cd3065edbbd4c842098,dfine_sahi,66580.0,unknown_object,0.2976,332.22,599.95,355.0,642.59,971.6,22.79,42.64,0.534,False,,True,unattributed,4,evt_01-P03_upper_body_0020,62391876cbd7ef0c,native_source_context_fallback,wrist_confidence_below_floor,38764.8,2.83,,1,01/e1/v1,rtmpose_baseline
corpus_01,01.Candidate was found using a mobile phone in the examination hall..mkv,b842b03e5784d867e93770560d88150a526250df69077cd3065edbbd4c842098,dfine_sahi,66580.0,unknown_object,0.29,228.02,620.83,348.72,683.53,7567.5,120.7,62.7,1.925,False,,True,unattributed,4,evt_01-P03_upper_body_0020,62391876cbd7ef0c,native_source_context_fallback,wrist_confidence_below_floor,38764.8,2.83,,1,01/e1/v1,rtmpose_baseline
corpus_01,01.Candidate was found using a mobile phone in the examination hall..mkv,b842b03e5784d867e93770560d88150a526250df69077cd3065edbbd4c842098,dfine_sahi,66580.0,unknown_object,0.286,228.05,545.98,453.86,716.64,38535.0,225.81,170.65,1.323,False,,True,unattributed,4,evt_01-P03_upper_body_0020,62391876cbd7ef0c,native_source_context_fallback,wrist_confidence_below_floor,38764.8,2.83,,1,01/e1/v1,rtmpose_baseline
corpus_01,01.Candidate was found using a mobile phone in the examination hall..mkv,b842b03e5784d867e93770560d88150a526250df69077cd3065edbbd4c842098,dfine_sahi,66580.0,unknown_object,0.2857,278.8,680.5,296.87,702.11,390.6,18.07,21.61,0.836,False,,True,unattributed,4,evt_01-P03_upper_body_0020,62391876cbd7ef0c,native_source_context_fallback,wrist_confidence_below_floor,38764.8,2.83,,1,01/e1/v1,rtmpose_baseline
corpus_01,01.Candidate was found using a mobile phone in the examination hall..mkv,b842b03e5784d867e93770560d88150a526250df69077cd3065edbbd4c842098,dfine_sahi,66820.0,unknown_object,0.8788,690.32,486.28,807.41,587.93,11901.5,117.09,101.64,1.152,False,,True,unattributed,7,evt_01-P06_upper_body_0046,4fc26df5c438c715,pose_hand_context,,59840.0,2.5,,1,01/e1/v1,rtmpose_baseline
corpus_01,01.Candidate was found using a mobile phone in the examination hall..mkv,b842b03e5784d867e93770560d88150a526250df69077cd3065edbbd4c842098,dfine_sahi,66820.0,unknown_object,0.465,815.42,623.67,862.37,633.12,443.5,46.95,9.45,4.97,False,,True,unattributed,7,evt_01-P06_upper_body_0046,4fc26df5c438c715,pose_hand_context,,59840.0,2.5,,1,01/e1/v1,rtmpose_baseline
corpus_01,01.Candidate was found using a mobile phone in the examination hall..mkv,b842b03e5784d867e93770560d88150a526250df69077cd3065edbbd4c842098,dfine_sahi,66820.0,unknown_object,0.4238,727.04,700.28,788.79,719.8,1205.2,61.75,19.52,3.163,False,,True,unattributed,7,evt_01-P06_upper_body_0046,4fc26df5c438c715,pose_hand_context,,59840.0,2.5,,1,01/e1/v1,rtmpose_baseline
corpus_01,01.Candidate was found using a mobile phone in the examination hall..mkv,b842b03e5784d867e93770560d88150a526250df69077cd3065edbbd4c842098,dfine_sahi,66820.0,mouse,0.3981,727.05,700.31,788.95,719.82,1207.9,61.89,19.52,3.171,False,,True,unattributed,7,evt_01-P06_upper_body_0046,4fc26df5c438c715,pose_hand_context,,59840.0,2.5,,1,01/e1/v1,rtmpose_baseline
corpus_01,01.Candidate was found using a mobile phone in the examination hall..mkv,b842b03e5784d867e93770560d88150a526250df69077cd3065edbbd4c842098,dfine_sahi,66820.0,unknown_object,0.3745,815.37,624.91,833.99,632.17,135.3,18.62,7.26,2.563,False,,True,unattributed,7,evt_01-P06_upper_body_0046,4fc26df5c438c715,pose_hand_context,,59840.0,2.5,,1,01/e1/v1,rtmpose_baseline
corpus_01,01.Candidate was found using a mobile phone in the examination hall..mkv,b842b03e5784d867e93770560d88150a526250df69077cd3065edbbd4c842098,dfine_sahi,66820.0,unknown_object,0.363,811.84,646.75,833.97,718.63,1590.8,22.13,71.88,0.308,False,,True,unattributed,7,evt_01-P06_upper_body_0046,4fc26df5c438c715,pose_hand_context,,59840.0,2.5,,1,01/e1/v1,rtmpose_baseline
corpus_01,01.Candidate was found using a mobile phone in the examination hall..mkv,b842b03e5784d867e93770560d88150a526250df69077cd3065edbbd4c842098,dfine_sahi,66820.0,unknown_object,0.3605,811.27,646.53,945.71,719.21,9771.3,134.44,72.68,1.85,False,,True,unattributed,7,evt_01-P06_upper_body_0046,4fc26df5c438c715,pose_hand_context,,59840.0,2.5,,1,01/e1/v1,rtmpose_baseline
corpus_01,01.Candidate was found using a mobile phone in the examination hall..mkv,b842b03e5784d867e93770560d88150a526250df69077cd3065edbbd4c842098,dfine_sahi,66820.0,unknown_object,0.3004,814.38,618.59,869.5,645.48,1482.2,55.13,26.89,2.05,False,,True,unattributed,7,evt_01-P06_upper_body_0046,4fc26df5c438c715,pose_hand_context,,59840.0,2.5,,1,01/e1/v1,rtmpose_baseline
corpus_01,01.Candidate was found using a mobile phone in the examination hall..mkv,b842b03e5784d867e93770560d88150a526250df69077cd3065edbbd4c842098,dfine_sahi,66820.0,unknown_object,0.2853,690.01,622.34,700.38,646.56,251.1,10.37,24.22,0.428,False,,True,unattributed,7,evt_01-P06_upper_body_0046,4fc26df5c438c715,pose_hand_context,,59840.0,2.5,,1,01/e1/v1,rtmpose_baseline
corpus_01,01.Candidate was found using a mobile phone in the examination hall..mkv,b842b03e5784d867e93770560d88150a526250df69077cd3065edbbd4c842098,dfine_sahi,66820.0,unknown_object,0.2759,727.3,646.64,839.92,719.35,8188.2,112.62,72.71,1.549,False,,True,unattributed,7,evt_01-P06_upper_body_0046,4fc26df5c438c715,pose_hand_context,,59840.0,2.5,,1,01/e1/v1,rtmpose_baseline
corpus_01,01.Candidate was found using a mobile phone in the examination hall..mkv,b842b03e5784d867e93770560d88150a526250df69077cd3065edbbd4c842098,dfine_sahi,66820.0,unknown_object,0.709,271.39,622.0,358.99,693.54,6266.3,87.59,71.54,1.224,False,,True,unattributed,4,evt_01-P06_upper_body_0046,cad6784b160d635a,native_source_context_fallback,wrist_confidence_below_floor,45526.7,2.38,,1,01/e1/v1,rtmpose_baseline
corpus_01,01.Candidate was found using a mobile phone in the examination hall..mkv,b842b03e5784d867e93770560d88150a526250df69077cd3065edbbd4c842098,dfine_sahi,66820.0,phone,0.5111,207.94,548.11,358.94,643.08,14341.2,151.01,94.97,1.59,False,,True,unattributed,4,evt_01-P06_upper_body_0046,cad6784b160d635a,native_source_context_fallback,wrist_confidence_below_floor,45526.7,2.38,,1,01/e1/v1,rtmpose_baseline
corpus_01,01.Candidate was found using a mobile phone in the examination hall..mkv,b842b03e5784d867e93770560d88150a526250df69077cd3065edbbd4c842098,dfine_sahi,66820.0,unknown_object,0.4757,90.94,622.34,189.63,717.36,9377.6,98.69,95.02,1.039,False,,True,unattributed,4,evt_01-P06_upper_body_0046,cad6784b160d635a,native_source_context_fallback,wrist_confidence_below_floor,45526.7,2.38,,1,01/e1/v1,rtmpose_baseline
corpus_01,01.Candidate was found using a mobile phone in the examination hall..mkv,b842b03e5784d867e93770560d88150a526250df69077cd3065edbbd4c842098,dfine_sahi,66820.0,unknown_object,0.4524,271.36,622.34,309.96,654.01,1222.9,38.61,31.68,1.219,False,,True,unattributed,4,evt_01-P06_upper_body_0046,cad6784b160d635a,native_source_context_fallback,wrist_confidence_below_floor,45526.7,2.38,,1,01/e1/v1,rtmpose_baseline
corpus_01,01.Candidate was found using a mobile phone in the examination hall..mkv,b842b03e5784d867e93770560d88150a526250df69077cd3065edbbd4c842098,dfine_sahi,66820.0,bag,0.4069,196.68,548.33,359.06,693.45,23564.6,162.38,145.12,1.119,False,,True,unattributed,4,evt_01-P06_upper_body_0046,cad6784b160d635a,native_source_context_fallback,wrist_confidence_below_floor,45526.7,2.38,,1,01/e1/v1,rtmpose_baseline
corpus_01,01.Candidate was found using a mobile phone in the examination hall..mkv,b842b03e5784d867e93770560d88150a526250df69077cd3065edbbd4c842098,dfine_sahi,66820.0,monitor_or_bezel,0.3062,271.9,548.15,358.93,642.95,8250.0,87.02,94.8,0.918,False,,True,unattributed,4,evt_01-P06_upper_body_0046,cad6784b160d635a,native_source_context_fallback,wrist_confidence_below_floor,45526.7,2.38,,1,01/e1/v1,rtmpose_baseline
corpus_01,01.Candidate was found using a mobile phone in the examination hall..mkv,b842b03e5784d867e93770560d88150a526250df69077cd3065edbbd4c842098,dfine_sahi,66820.0,bag,0.2794,196.47,553.74,241.96,627.98,3377.3,45.49,74.24,0.613,False,,True,unattributed,4,evt_01-P06_upper_body_0046,cad6784b160d635a,native_source_context_fallback,wrist_confidence_below_floor,45526.7,2.38,,1,01/e1/v1,rtmpose_baseline
corpus_01,01.Candidate was found using a mobile phone in the examination hall..mkv,b842b03e5784d867e93770560d88150a526250df69077cd3065edbbd4c842098,dfine_sahi,66820.0,bag,0.5672,668.0,403.77,695.51,496.4,2548.2,27.51,92.63,0.297,False,,True,unattributed,9,evt_01-P06_upper_body_0046,e349b4fe423b35e4,pose_hand_context,,2304.0,13.33,,1,01/e1/v1,rtmpose_baseline
corpus_01,01.Candidate was found using a mobile phone in the examination hall..mkv,b842b03e5784d867e93770560d88150a526250df69077cd3065edbbd4c842098,dfine_sahi,66820.0,unknown_object,0.4355,689.23,401.21,763.96,495.88,7074.4,74.73,94.66,0.789,False,,True,unattributed,9,evt_01-P06_upper_body_0046,e349b4fe423b35e4,pose_hand_context,,2304.0,13.33,,1,01/e1/v1,rtmpose_baseline
corpus_01,01.Candidate was found using a mobile phone in the examination hall..mkv,b842b03e5784d867e93770560d88150a526250df69077cd3065edbbd4c842098,dfine_sahi,66820.0,unknown_object,0.2966,692.08,454.08,763.5,496.11,3001.9,71.42,42.03,1.699,False,,True,unattributed,9,evt_01-P06_upper_body_0046,e349b4fe423b35e4,pose_hand_context,,2304.0,13.33,,1,01/e1/v1,rtmpose_baseline
corpus_01,01.Candidate was found using a mobile phone in the examination hall..mkv,b842b03e5784d867e93770560d88150a526250df69077cd3065edbbd4c842098,dfine_sahi,66860.0,unknown_object,0.8166,1005.88,470.95,1121.98,609.95,16137.3,116.1,139.0,0.835,False,,True,unattributed,7,evt_01-P03_desk_work_surface_0015,062f90ce73a9e01e,pose_hand_context,,63117.9,2.52,,1,01/e1/v1,rtmpose_baseline
corpus_01,01.Candidate was found using a mobile phone in the examination hall..mkv,b842b03e5784d867e93770560d88150a526250df69077cd3065edbbd4c842098,dfine_sahi,66860.0,unknown_object,0.6543,980.08,578.52,1121.89,718.55,19856.8,141.81,140.02,1.013,False,,True,unattributed,7,evt_01-P03_desk_work_surface_0015,062f90ce73a9e01e,pose_hand_context,,63117.9,2.52,,1,01/e1/v1,rtmpose_baseline
corpus_01,01.Candidate was found using a mobile phone in the examination hall..mkv,b842b03e5784d867e93770560d88150a526250df69077cd3065edbbd4c842098,dfine_sahi,66860.0,unknown_object,0.5582,868.06,471.21,990.16,549.15,9516.3,122.1,77.94,1.567,False,,True,unattributed,7,evt_01-P03_desk_work_surface_0015,062f90ce73a9e01e,pose_hand_context,,63117.9,2.52,,1,01/e1/v1,rtmpose_baseline
corpus_01,01.Candidate was found using a mobile phone in the examination hall..mkv,b842b03e5784d867e93770560d88150a526250df69077cd3065edbbd4c842098,dfine_sahi,66860.0,unknown_object,0.4769,1012.61,578.72,1121.92,610.45,3469.2,109.32,31.74,3.445,False,,True,unattributed,7,evt_01-P03_desk_work_surface_0015,062f90ce73a9e01e,pose_hand_context,,63117.9,2.52,,1,01/e1/v1,rtmpose_baseline
corpus_01,01.Candidate was found using a mobile phone in the examination hall..mkv,b842b03e5784d867e93770560d88150a526250df69077cd3065edbbd4c842098,dfine_sahi,66860.0,unknown_object,0.4397,980.07,611.82,1010.99,718.82,3308.3,30.92,107.0,0.289,False,,True,unattributed,7,evt_01-P03_desk_work_surface_0015,062f90ce73a9e01e,pose_hand_context,,63117.9,2.52,,1,01/e1/v1,rtmpose_baseline
corpus_01,01.Candidate was found using a mobile phone in the examination hall..mkv,b842b03e5784d867e93770560d88150a526250df69077cd3065edbbd4c842098,dfine_sahi,66860.0,unknown_object,0.4308,953.58,540.1,1010.86,610.08,4008.8,57.28,69.99,0.818,False,,True,unattributed,7,evt_01-P03_desk_work_surface_0015,062f90ce73a9e01e,pose_hand_context,,63117.9,2.52,,1,01/e1/v1,rtmpose_baseline
corpus_01,01.Candidate was found using a mobile phone in the examination hall..mkv,b842b03e5784d867e93770560d88150a526250df69077cd3065edbbd4c842098,dfine_sahi,66860.0,unknown_object,0.3461,965.81,484.47,1018.23,539.87,2904.5,52.42,55.4,0.946,False,,True,unattributed,7,evt_01-P03_desk_work_surface_0015,062f90ce73a9e01e,pose_hand_context,,63117.9,2.52,,1,01/e1/v1,rtmpose_baseline
corpus_01,01.Candidate was found using a mobile phone in the examination hall..mkv,b842b03e5784d867e93770560d88150a526250df69077cd3065edbbd4c842098,dfine_sahi,66860.0,unknown_object,0.3419,867.98,656.8,986.61,719.31,7415.3,118.62,62.51,1.898,False,,True,unattributed,7,evt_01-P03_desk_work_surface_0015,062f90ce73a9e01e,pose_hand_context,,63117.9,2.52,,1,01/e1/v1,rtmpose_baseline
corpus_01,01.Candidate was found using a mobile phone in the examination hall..mkv,b842b03e5784d867e93770560d88150a526250df69077cd3065edbbd4c842098,dfine_sahi,66860.0,unknown_object,0.286,980.57,710.28,1010.96,719.98,294.8,30.39,9.7,3.132,False,,True,unattributed,7,evt_01-P03_desk_work_surface_0015,062f90ce73a9e01e,pose_hand_context,,63117.9,2.52,,1,01/e1/v1,rtmpose_baseline
corpus_01,01.Candidate was found using a mobile phone in the examination hall..mkv,b842b03e5784d867e93770560d88150a526250df69077cd3065edbbd4c842098,dfine_sahi,66860.0,bag,0.2829,966.01,480.29,1010.99,541.93,2772.5,44.98,61.63,0.73,False,,True,unattributed,7,evt_01-P03_desk_work_surface_0015,062f90ce73a9e01e,pose_hand_context,,63117.9,2.52,,1,01/e1/v1,rtmpose_baseline
corpus_01,01.Candidate was found using a mobile phone in the examination hall..mkv,b842b03e5784d867e93770560d88150a526250df69077cd3065edbbd4c842098,dfine_sahi,66860.0,unknown_object,0.2647,868.11,471.42,987.41,678.19,24669.0,119.31,206.77,0.577,False,,True,unattributed,7,evt_01-P03_desk_work_surface_0015,062f90ce73a9e01e,pose_hand_context,,63117.9,2.52,,1,01/e1/v1,rtmpose_baseline
corpus_01,01.Candidate was found using a mobile phone in the examination hall..mkv,b842b03e5784d867e93770560d88150a526250df69077cd3065edbbd4c842098,dfine_sahi,66860.0,bag,0.6879,669.0,404.05,695.45,497.4,2468.7,26.44,93.35,0.283,False,,True,unattributed,9,evt_01-P03_desk_work_surface_0015,216399273aeebc4f,pose_hand_context,,2468.1,12.88,,1,01/e1/v1,rtmpose_baseline
corpus_01,01.Candidate was found using a mobile phone in the examination hall..mkv,b842b03e5784d867e93770560d88150a526250df69077cd3065edbbd4c842098,dfine_sahi,66860.0,unknown_object,0.3042,691.94,453.56,764.55,497.05,3158.0,72.61,43.49,1.669,False,,True,unattributed,9,evt_01-P03_desk_work_surface_0015,216399273aeebc4f,pose_hand_context,,2468.1,12.88,,1,01/e1/v1,rtmpose_baseline
corpus_01,01.Candidate was found using a mobile phone in the examination hall..mkv,b842b03e5784d867e93770560d88150a526250df69077cd3065edbbd4c842098,dfine_sahi,66860.0,monitor_or_bezel,0.6695,196.05,546.1,334.98,641.82,13297.1,138.93,95.71,1.452,False,,True,unattributed,4,evt_01-P03_desk_work_surface_0015,ebf26ff0bb9e105f,native_source_context_fallback,wrist_confidence_below_floor,45052.8,2.44,,1,01/e1/v1,rtmpose_baseline
corpus_01,01.Candidate was found using a mobile phone in the examination hall..mkv,b842b03e5784d867e93770560d88150a526250df69077cd3065edbbd4c842098,dfine_sahi,66860.0,unknown_object,0.4722,73.12,622.47,167.63,717.04,8938.2,94.51,94.58,0.999,False,,True,unattributed,4,evt_01-P03_desk_work_surface_0015,ebf26ff0bb9e105f,native_source_context_fallback,wrist_confidence_below_floor,45052.8,2.44,,1,01/e1/v1,rtmpose_baseline
corpus_01,01.Candidate was found using a mobile phone in the examination hall..mkv,b842b03e5784d867e93770560d88150a526250df69077cd3065edbbd4c842098,dfine_sahi,66860.0,phone,0.4564,276.01,642.72,294.92,662.94,382.2,18.9,20.22,0.935,False,,True,unattributed,4,evt_01-P03_desk_work_surface_0015,ebf26ff0bb9e105f,native_source_context_fallback,wrist_confidence_below_floor,45052.8,2.44,,1,01/e1/v1,rtmpose_baseline
corpus_01,01.Candidate was found using a mobile phone in the examination hall..mkv,b842b03e5784d867e93770560d88150a526250df69077cd3065edbbd4c842098,dfine_sahi,66860.0,bag,0.3909,261.22,621.05,334.95,704.52,6153.7,73.73,83.47,0.883,False,,True,unattributed,4,evt_01-P03_desk_work_surface_0015,ebf26ff0bb9e105f,native_source_context_fallback,wrist_confidence_below_floor,45052.8,2.44,,1,01/e1/v1,rtmpose_baseline
corpus_01,01.Candidate was found using a mobile phone in the examination hall..mkv,b842b03e5784d867e93770560d88150a526250df69077cd3065edbbd4c842098,dfine_sahi,66860.0,monitor_or_bezel,0.3151,274.88,546.09,335.01,602.14,3370.6,60.14,56.05,1.073,False,,True,unattributed,4,evt_01-P03_desk_work_surface_0015,ebf26ff0bb9e105f,native_source_context_fallback,wrist_confidence_below_floor,45052.8,2.44,,1,01/e1/v1,rtmpose_baseline
corpus_01,01.Candidate was found using a mobile phone in the examination hall..mkv,b842b03e5784d867e93770560d88150a526250df69077cd3065edbbd4c842098,dfine_sahi,66860.0,phone,0.3124,196.33,546.15,302.25,632.75,9173.1,105.92,86.61,1.223,False,,True,unattributed,4,evt_01-P03_desk_work_surface_0015,ebf26ff0bb9e105f,native_source_context_fallback,wrist_confidence_below_floor,45052.8,2.44,,1,01/e1/v1,rtmpose_baseline
corpus_01,01.Candidate was found using a mobile phone in the examination hall..mkv,b842b03e5784d867e93770560d88150a526250df69077cd3065edbbd4c842098,dfine_sahi,66860.0,phone,0.2885,262.15,630.16,303.23,663.34,1362.8,41.08,33.18,1.238,False,,True,unattributed,4,evt_01-P03_desk_work_surface_0015,ebf26ff0bb9e105f,native_source_context_fallback,wrist_confidence_below_floor,45052.8,2.44,,1,01/e1/v1,rtmpose_baseline
corpus_01,01.Candidate was found using a mobile phone in the examination hall..mkv,b842b03e5784d867e93770560d88150a526250df69077cd3065edbbd4c842098,dfine_sahi,66860.0,phone,0.2699,196.6,577.69,219.97,619.28,971.9,23.37,41.59,0.562,False,,True,unattributed,4,evt_01-P03_desk_work_surface_0015,ebf26ff0bb9e105f,native_source_context_fallback,wrist_confidence_below_floor,45052.8,2.44,,1,01/e1/v1,rtmpose_baseline
corpus_01,01.Candidate was found using a mobile phone in the examination hall..mkv,b842b03e5784d867e93770560d88150a526250df69077cd3065edbbd4c842098,dfine_sahi,67020.0,unknown_object,0.8118,758.71,486.01,851.9,611.93,11734.7,93.19,125.93,0.74,False,,True,unattributed,7,evt_01-P06_desk_work_surface_0043,040ea37a2cff8053,pose_hand_context,,56040.5,2.67,,1,01/e1/v1,rtmpose_baseline
corpus_01,01.Candidate was found using a mobile phone in the examination hall..mkv,b842b03e5784d867e93770560d88150a526250df69077cd3065edbbd4c842098,dfine_sahi,67020.0,unknown_object,0.5671,682.96,486.13,777.07,588.26,9611.3,94.11,102.13,0.921,False,,True,unattributed,7,evt_01-P06_desk_work_surface_0043,040ea37a2cff8053,pose_hand_context,,56040.5,2.67,,1,01/e1/v1,rtmpose_baseline
corpus_01,01.Candidate was found using a mobile phone in the examination hall..mkv,b842b03e5784d867e93770560d88150a526250df69077cd3065edbbd4c842098,dfine_sahi,67020.0,mouse,0.5567,726.34,699.99,788.63,719.66,1225.1,62.28,19.67,3.166,False,,True,unattributed,7,evt_01-P06_desk_work_surface_0043,040ea37a2cff8053,pose_hand_context,,56040.5,2.67,,1,01/e1/v1,rtmpose_baseline
corpus_01,01.Candidate was found using a mobile phone in the examination hall..mkv,b842b03e5784d867e93770560d88150a526250df69077cd3065edbbd4c842098,dfine_sahi,67020.0,unknown_object,0.5446,669.0,613.29,700.29,645.86,1018.9,31.29,32.57,0.961,False,,True,unattributed,7,evt_01-P06_desk_work_surface_0043,040ea37a2cff8053,pose_hand_context,,56040.5,2.67,,1,01/e1/v1,rtmpose_baseline
corpus_01,01.Candidate was found using a mobile phone in the examination hall..mkv,b842b03e5784d867e93770560d88150a526250df69077cd3065edbbd4c842098,dfine_sahi,67020.0,unknown_object,0.5126,669.01,486.4,700.73,645.78,5056.2,31.72,159.38,0.199,False,,True,unattributed,7,evt_01-P06_desk_work_surface_0043,040ea37a2cff8053,pose_hand_context,,56040.5,2.67,,1,01/e1/v1,rtmpose_baseline
corpus_01,01.Candidate was found using a mobile phone in the examination hall..mkv,b842b03e5784d867e93770560d88150a526250df69077cd3065edbbd4c842098,dfine_sahi,67020.0,unknown_object,0.4918,774.05,588.1,908.9,680.77,12495.7,134.85,92.66,1.455,False,,True,unattributed,7,evt_01-P06_desk_work_surface_0043,040ea37a2cff8053,pose_hand_context,,56040.5,2.67,,1,01/e1/v1,rtmpose_baseline
corpus_01,01.Candidate was found using a mobile phone in the examination hall..mkv,b842b03e5784d867e93770560d88150a526250df69077cd3065edbbd4c842098,dfine_sahi,67020.0,unknown_object,0.476,760.35,588.07,803.98,633.31,1973.7,43.63,45.24,0.964,False,,True,unattributed,7,evt_01-P06_desk_work_surface_0043,040ea37a2cff8053,pose_hand_context,,56040.5,2.67,,1,01/e1/v1,rtmpose_baseline
corpus_01,01.Candidate was found using a mobile phone in the examination hall..mkv,b842b03e5784d867e93770560d88150a526250df69077cd3065edbbd4c842098,dfine_sahi,67020.0,unknown_object,0.4103,726.59,700.12,788.8,719.94,1233.3,62.21,19.83,3.138,False,,True,unattributed,7,evt_01-P06_desk_work_surface_0043,040ea37a2cff8053,pose_hand_context,,56040.5,2.67,,1,01/e1/v1,rtmpose_baseline
corpus_01,01.Candidate was found using a mobile phone in the examination hall..mkv,b842b03e5784d867e93770560d88150a526250df69077cd3065edbbd4c842098,dfine_sahi,67020.0,unknown_object,0.3546,767.67,611.78,830.05,626.36,909.8,62.38,14.58,4.278,False,,True,unattributed,7,evt_01-P06_desk_work_surface_0043,040ea37a2cff8053,pose_hand_context,,56040.5,2.67,,1,01/e1/v1,rtmpose_baseline
corpus_01,01.Candidate was found using a mobile phone in the examination hall..mkv,b842b03e5784d867e93770560d88150a526250df69077cd3065edbbd4c842098,dfine_sahi,67020.0,unknown_object,0.3486,774.13,485.94,850.95,524.29,2946.6,76.82,38.36,2.003,False,,True,unattributed,7,evt_01-P06_desk_work_surface_0043,040ea37a2cff8053,pose_hand_context,,56040.5,2.67,,1,01/e1/v1,rtmpose_baseline
corpus_01,01.Candidate was found using a mobile phone in the examination hall..mkv,b842b03e5784d867e93770560d88150a526250df69077cd3065edbbd4c842098,dfine_sahi,67020.0,unknown_object,0.302,832.78,486.19,908.95,551.5,4974.3,76.17,65.31,1.166,False,,True,unattributed,7,evt_01-P06_desk_work_surface_0043,040ea37a2cff8053,pose_hand_context,,56040.5,2.67,,1,01/e1/v1,rtmpose_baseline
corpus_01,01.Candidate was found using a mobile phone in the examination hall..mkv,b842b03e5784d867e93770560d88150a526250df69077cd3065edbbd4c842098,dfine_sahi,67020.0,unknown_object,0.2582,669.02,577.02,699.6,598.27,650.1,30.58,21.26,1.439,False,,True,unattributed,7,evt_01-P06_desk_work_surface_0043,040ea37a2cff8053,pose_hand_context,,56040.5,2.67,,1,01/e1/v1,rtmpose_baseline
corpus_01,01.Candidate was found using a mobile phone in the examination hall..mkv,b842b03e5784d867e93770560d88150a526250df69077cd3065edbbd4c842098,dfine_sahi,67020.0,unknown_object,0.2531,810.59,625.11,908.87,679.28,5323.7,98.28,54.17,1.814,False,,True,unattributed,7,evt_01-P06_desk_work_surface_0043,040ea37a2cff8053,pose_hand_context,,56040.5,2.67,,1,01/e1/v1,rtmpose_baseline
corpus_01,01.Candidate was found using a mobile phone in the examination hall..mkv,b842b03e5784d867e93770560d88150a526250df69077cd3065edbbd4c842098,dfine_sahi,67020.0,monitor_or_bezel,0.6277,196.16,552.42,241.99,671.42,5453.3,45.83,119.0,0.385,False,,True,unattributed,4,evt_01-P06_desk_work_surface_0043,6074e50ce1b9816f,native_source_context_fallback,wrist_confidence_below_floor,39126.5,2.75,,1,01/e1/v1,rtmpose_baseline
corpus_01,01.Candidate was found using a mobile phone in the examination hall..mkv,b842b03e5784d867e93770560d88150a526250df69077cd3065edbbd4c842098,dfine_sahi,67020.0,monitor_or_bezel,0.5786,206.1,622.2,241.95,670.85,1744.2,35.86,48.65,0.737,False,,True,unattributed,4,evt_01-P06_desk_work_surface_0043,6074e50ce1b9816f,native_source_context_fallback,wrist_confidence_below_floor,39126.5,2.75,,1,01/e1/v1,rtmpose_baseline
corpus_01,01.Candidate was found using a mobile phone in the examination hall..mkv,b842b03e5784d867e93770560d88150a526250df69077cd3065edbbd4c842098,dfine_sahi,67020.0,unknown_object,0.4665,111.01,548.0,241.88,642.99,12431.0,130.87,94.99,1.378,False,,True,unattributed,4,evt_01-P06_desk_work_surface_0043,6074e50ce1b9816f,native_source_context_fallback,wrist_confidence_below_floor,39126.5,2.75,,1,01/e1/v1,rtmpose_baseline
corpus_01,01.Candidate was found using a mobile phone in the examination hall..mkv,b842b03e5784d867e93770560d88150a526250df69077cd3065edbbd4c842098,dfine_sahi,67020.0,unknown_object,0.4209,10.0,622.25,94.28,717.28,8009.0,84.27,95.03,0.887,False,,True,unattributed,4,evt_01-P06_desk_work_surface_0043,6074e50ce1b9816f,native_source_context_fallback,wrist_confidence_below_floor,39126.5,2.75,,1,01/e1/v1,rtmpose_baseline
corpus_01,01.Candidate was found using a mobile phone in the examination hall..mkv,b842b03e5784d867e93770560d88150a526250df69077cd3065edbbd4c842098,dfine_sahi,67020.0,unknown_object,0.4117,108.63,590.95,237.94,715.39,16091.8,129.31,124.44,1.039,False,,True,unattributed,4,evt_01-P06_desk_work_surface_0043,6074e50ce1b9816f,native_source_context_fallback,wrist_confidence_below_floor,39126.5,2.75,,1,01/e1/v1,rtmpose_baseline
corpus_01,01.Candidate was found using a mobile phone in the examination hall..mkv,b842b03e5784d867e93770560d88150a526250df69077cd3065edbbd4c842098,dfine_sahi,67020.0,unknown_object,0.385,196.55,552.13,241.97,642.99,4126.3,45.42,90.86,0.5,False,,True,unattributed,4,evt_01-P06_desk_work_surface_0043,6074e50ce1b9816f,native_source_context_fallback,wrist_confidence_below_floor,39126.5,2.75,,1,01/e1/v1,rtmpose_baseline
corpus_01,01.Candidate was found using a mobile phone in the examination hall..mkv,b842b03e5784d867e93770560d88150a526250df69077cd3065edbbd4c842098,dfine_sahi,67020.0,unknown_object,0.3317,97.01,548.15,139.99,587.53,1693.0,42.99,39.39,1.091,False,,True,unattributed,4,evt_01-P06_desk_work_surface_0043,6074e50ce1b9816f,native_source_context_fallback,wrist_confidence_below_floor,39126.5,2.75,,1,01/e1/v1,rtmpose_baseline
corpus_01,01.Candidate was found using a mobile phone in the examination hall..mkv,b842b03e5784d867e93770560d88150a526250df69077cd3065edbbd4c842098,dfine_sahi,67020.0,unknown_object,0.2915,96.48,548.3,140.02,640.69,4023.1,43.54,92.39,0.471,False,,True,unattributed,4,evt_01-P06_desk_work_surface_0043,6074e50ce1b9816f,native_source_context_fallback,wrist_confidence_below_floor,39126.5,2.75,,1,01/e1/v1,rtmpose_baseline
corpus_01,01.Candidate was found using a mobile phone in the examination hall..mkv,b842b03e5784d867e93770560d88150a526250df69077cd3065edbbd4c842098,dfine_sahi,67020.0,unknown_object,0.2815,10.18,549.27,240.61,716.73,38588.2,230.43,167.46,1.376,False,,True,unattributed,4,evt_01-P06_desk_work_surface_0043,6074e50ce1b9816f,native_source_context_fallback,wrist_confidence_below_floor,39126.5,2.75,,1,01/e1/v1,rtmpose_baseline
corpus_01,01.Candidate was found using a mobile phone in the examination hall..mkv,b842b03e5784d867e93770560d88150a526250df69077cd3065edbbd4c842098,dfine_sahi,67020.0,unknown_object,0.2763,10.03,548.19,139.96,643.22,12347.6,129.93,95.03,1.367,False,,True,unattributed,4,evt_01-P06_desk_work_surface_0043,6074e50ce1b9816f,native_source_context_fallback,wrist_confidence_below_floor,39126.5,2.75,,1,01/e1/v1,rtmpose_baseline
corpus_01,01.Candidate was found using a mobile phone in the examination hall..mkv,b842b03e5784d867e93770560d88150a526250df69077cd3065edbbd4c842098,dfine_sahi,67020.0,monitor_or_bezel,0.2629,96.27,549.21,169.2,587.97,2826.7,72.93,38.76,1.882,False,,True,unattributed,4,evt_01-P06_desk_work_surface_0043,6074e50ce1b9816f,native_source_context_fallback,wrist_confidence_below_floor,39126.5,2.75,,1,01/e1/v1,rtmpose_baseline
corpus_01,01.Candidate was found using a mobile phone in the examination hall..mkv,b842b03e5784d867e93770560d88150a526250df69077cd3065edbbd4c842098,dfine_sahi,67020.0,unknown_object,0.4479,673.99,404.47,695.36,492.25,1875.8,21.37,87.78,0.243,False,,True,unattributed,9,evt_01-P06_desk_work_surface_0043,8d2331ddb7d37619,pose_hand_context,,2540.2,12.7,,1,01/e1/v1,rtmpose_baseline
corpus_01,01.Candidate was found using a mobile phone in the examination hall..mkv,b842b03e5784d867e93770560d88150a526250df69077cd3065edbbd4c842098,dfine_sahi,67020.0,unknown_object,0.4094,689.84,397.13,751.79,492.21,5890.3,61.95,95.08,0.652,False,,True,unattributed,9,evt_01-P06_desk_work_surface_0043,8d2331ddb7d37619,pose_hand_context,,2540.2,12.7,,1,01/e1/v1,rtmpose_baseline
corpus_01,01.Candidate was found using a mobile phone in the examination hall..mkv,b842b03e5784d867e93770560d88150a526250df69077cd3065edbbd4c842098,dfine_sahi,67060.0,unknown_object,0.6109,689.61,387.16,746.99,492.11,6021.8,57.38,104.95,0.547,False,,True,unattributed,9,evt_01-P02_desk_work_surface_0010,1481c69ad7fb2a14,native_source_context_fallback,wrist_confidence_below_floor,14211.4,3.39,,1,01/e1/v1,rtmpose_baseline
corpus_01,01.Candidate was found using a mobile phone in the examination hall..mkv,b842b03e5784d867e93770560d88150a526250df69077cd3065edbbd4c842098,dfine_sahi,67060.0,unknown_object,0.6021,650.92,364.15,689.77,409.5,1762.1,38.85,45.35,0.857,False,,True,unattributed,9,evt_01-P02_desk_work_surface_0010,1481c69ad7fb2a14,native_source_context_fallback,wrist_confidence_below_floor,14211.4,3.39,,1,01/e1/v1,rtmpose_baseline
corpus_01,01.Candidate was found using a mobile phone in the examination hall..mkv,b842b03e5784d867e93770560d88150a526250df69077cd3065edbbd4c842098,dfine_sahi,67060.0,unknown_object,0.5713,731.15,342.93,750.54,375.75,636.1,19.38,32.82,0.591,False,,True,unattributed,9,evt_01-P02_desk_work_surface_0010,1481c69ad7fb2a14,native_source_context_fallback,wrist_confidence_below_floor,14211.4,3.39,,1,01/e1/v1,rtmpose_baseline
corpus_01,01.Candidate was found using a mobile phone in the examination hall..mkv,b842b03e5784d867e93770560d88150a526250df69077cd3065edbbd4c842098,dfine_sahi,67060.0,unknown_object,0.4865,650.94,393.59,695.2,492.36,4371.2,44.26,98.77,0.448,False,,True,unattributed,9,evt_01-P02_desk_work_surface_0010,1481c69ad7fb2a14,native_source_context_fallback,wrist_confidence_below_floor,14211.4,3.39,,1,01/e1/v1,rtmpose_baseline
corpus_01,01.Candidate was found using a mobile phone in the examination hall..mkv,b842b03e5784d867e93770560d88150a526250df69077cd3065edbbd4c842098,dfine_sahi,67060.0,unknown_object,0.4824,742.81,336.47,780.13,409.21,2714.4,37.32,72.74,0.513,False,,True,unattributed,9,evt_01-P02_desk_work_surface_0010,1481c69ad7fb2a14,native_source_context_fallback,wrist_confidence_below_floor,14211.4,3.39,,1,01/e1/v1,rtmpose_baseline
corpus_01,01.Candidate was found using a mobile phone in the examination hall..mkv,b842b03e5784d867e93770560d88150a526250df69077cd3065edbbd4c842098,dfine_sahi,67060.0,unknown_object,0.4217,694.42,453.9,759.3,492.75,2520.9,64.88,38.85,1.67,False,,True,unattributed,9,evt_01-P02_desk_work_surface_0010,1481c69ad7fb2a14,native_source_context_fallback,wrist_confidence_below_floor,14211.4,3.39,,1,01/e1/v1,rtmpose_baseline
corpus_01,01.Candidate was found using a mobile phone in the examination hall..mkv,b842b03e5784d867e93770560d88150a526250df69077cd3065edbbd4c842098,dfine_sahi,67060.0,monitor_or_bezel,0.3837,666.94,403.91,695.6,492.51,2539.0,28.66,88.6,0.323,False,,True,unattributed,9,evt_01-P02_desk_work_surface_0010,1481c69ad7fb2a14,native_source_context_fallback,wrist_confidence_below_floor,14211.4,3.39,,1,01/e1/v1,rtmpose_baseline
corpus_01,01.Candidate was found using a mobile phone in the examination hall..mkv,b842b03e5784d867e93770560d88150a526250df69077cd3065edbbd4c842098,dfine_sahi,67060.0,unknown_object,0.3426,728.93,391.99,780.0,471.66,4068.7,51.07,79.66,0.641,False,,True,unattributed,9,evt_01-P02_desk_work_surface_0010,1481c69ad7fb2a14,native_source_context_fallback,wrist_confidence_below_floor,14211.4,3.39,,1,01/e1/v1,rtmpose_baseline
corpus_01,01.Candidate was found using a mobile phone in the examination hall..mkv,b842b03e5784d867e93770560d88150a526250df69077cd3065edbbd4c842098,dfine_sahi,67060.0,unknown_object,0.3378,650.85,304.23,690.65,409.33,4183.0,39.8,105.1,0.379,False,,True,unattributed,9,evt_01-P02_desk_work_surface_0010,1481c69ad7fb2a14,native_source_context_fallback,wrist_confidence_below_floor,14211.4,3.39,,1,01/e1/v1,rtmpose_baseline
corpus_01,01.Candidate was found using a mobile phone in the examination hall..mkv,b842b03e5784d867e93770560d88150a526250df69077cd3065edbbd4c842098,dfine_sahi,67060.0,unknown_object,0.3368,745.21,368.98,780.0,401.94,1146.8,34.78,32.97,1.055,False,,True,unattributed,9,evt_01-P02_desk_work_surface_0010,1481c69ad7fb2a14,native_source_context_fallback,wrist_confidence_below_floor,14211.4,3.39,,1,01/e1/v1,rtmpose_baseline
corpus_01,01.Candidate was found using a mobile phone in the examination hall..mkv,b842b03e5784d867e93770560d88150a526250df69077cd3065edbbd4c842098,dfine_sahi,67060.0,keyboard,0.2949,650.99,387.86,678.98,422.51,970.0,27.99,34.66,0.808,False,,True,unattributed,9,evt_01-P02_desk_work_surface_0010,1481c69ad7fb2a14,native_source_context_fallback,wrist_confidence_below_floor,14211.4,3.39,,1,01/e1/v1,rtmpose_baseline
corpus_01,01.Candidate was found using a mobile phone in the examination hall..mkv,b842b03e5784d867e93770560d88150a526250df69077cd3065edbbd4c842098,dfine_sahi,67060.0,unknown_object,0.2943,683.98,406.64,695.55,492.7,995.7,11.57,86.05,0.134,False,,True,unattributed,9,evt_01-P02_desk_work_surface_0010,1481c69ad7fb2a14,native_source_context_fallback,wrist_confidence_below_floor,14211.4,3.39,,1,01/e1/v1,rtmpose_baseline
corpus_01,01.Candidate was found using a mobile phone in the examination hall..mkv,b842b03e5784d867e93770560d88150a526250df69077cd3065edbbd4c842098,dfine_sahi,67060.0,unknown_object,0.2801,666.95,365.58,683.99,385.16,333.6,17.04,19.58,0.87,False,,True,unattributed,9,evt_01-P02_desk_work_surface_0010,1481c69ad7fb2a14,native_source_context_fallback,wrist_confidence_below_floor,14211.4,3.39,,1,01/e1/v1,rtmpose_baseline
corpus_01,01.Candidate was found using a mobile phone in the examination hall..mkv,b842b03e5784d867e93770560d88150a526250df69077cd3065edbbd4c842098,dfine_sahi,67060.0,unknown_object,0.2507,746.67,336.87,780.07,372.23,1181.0,33.4,35.36,0.945,False,,True,unattributed,9,evt_01-P02_desk_work_surface_0010,1481c69ad7fb2a14,native_source_context_fallback,wrist_confidence_below_floor,14211.4,3.39,,1,01/e1/v1,rtmpose_baseline
corpus_01,01.Candidate was found using a mobile phone in the examination hall..mkv,b842b03e5784d867e93770560d88150a526250df69077cd3065edbbd4c842098,dfine_sahi,67060.0,unknown_object,0.8063,0.83,549.8,90.0,642.55,8270.3,89.17,92.75,0.961,False,,True,unattributed,4,evt_01-P02_desk_work_surface_0010,82e78c982300587f,native_source_context_fallback,wrist_confidence_below_floor,36104.1,3.01,,1,01/e1/v1,rtmpose_baseline
corpus_01,01.Candidate was found using a mobile phone in the examination hall..mkv,b842b03e5784d867e93770560d88150a526250df69077cd3065edbbd4c842098,dfine_sahi,67060.0,unknown_object,0.625,93.02,547.98,212.93,643.06,11402.2,119.92,95.09,1.261,False,,True,unattributed,4,evt_01-P02_desk_work_surface_0010,82e78c982300587f,native_source_context_fallback,wrist_confidence_below_floor,36104.1,3.01,,1,01/e1/v1,rtmpose_baseline
corpus_01,01.Candidate was found using a mobile phone in the examination hall..mkv,b842b03e5784d867e93770560d88150a526250df69077cd3065edbbd4c842098,dfine_sahi,67060.0,unknown_object,0.5265,103.1,589.37,212.88,715.56,13853.0,109.78,126.19,0.87,False,,True,unattributed,4,evt_01-P02_desk_work_surface_0010,82e78c982300587f,native_source_context_fallback,wrist_confidence_below_floor,36104.1,3.01,,1,01/e1/v1,rtmpose_baseline
corpus_01,01.Candidate was found using a mobile phone in the examination hall..mkv,b842b03e5784d867e93770560d88150a526250df69077cd3065edbbd4c842098,dfine_sahi,67060.0,unknown_object,0.4499,0.12,548.27,213.14,716.9,35919.3,213.01,168.62,1.263,False,,True,unattributed,4,evt_01-P02_desk_work_surface_0010,82e78c982300587f,native_source_context_fallback,wrist_confidence_below_floor,36104.1,3.01,,1,01/e1/v1,rtmpose_baseline
corpus_01,01.Candidate was found using a mobile phone in the examination hall..mkv,b842b03e5784d867e93770560d88150a526250df69077cd3065edbbd4c842098,dfine_sahi,67060.0,unknown_object,0.437,-0.01,622.09,76.74,717.24,7303.7,76.76,95.16,0.807,False,,True,unattributed,4,evt_01-P02_desk_work_surface_0010,82e78c982300587f,native_source_context_fallback,wrist_confidence_below_floor,36104.1,3.01,,1,01/e1/v1,rtmpose_baseline
corpus_01,01.Candidate was found using a mobile phone in the examination hall..mkv,b842b03e5784d867e93770560d88150a526250df69077cd3065edbbd4c842098,dfine_sahi,67060.0,monitor_or_bezel,0.3589,96.01,548.08,169.51,587.54,2899.8,73.5,39.46,1.863,False,,True,unattributed,4,evt_01-P02_desk_work_surface_0010,82e78c982300587f,native_source_context_fallback,wrist_confidence_below_floor,36104.1,3.01,,1,01/e1/v1,rtmpose_baseline
corpus_01,01.Candidate was found using a mobile phone in the examination hall..mkv,b842b03e5784d867e93770560d88150a526250df69077cd3065edbbd4c842098,dfine_sahi,67060.0,unknown_object,0.2967,87.76,622.0,119.97,640.2,586.0,32.21,18.19,1.77,False,,True,unattributed,4,evt_01-P02_desk_work_surface_0010,82e78c982300587f,native_source_context_fallback,wrist_confidence_below_floor,36104.1,3.01,,1,01/e1/v1,rtmpose_baseline
corpus_01,01.Candidate was found using a mobile phone in the examination hall..mkv,b842b03e5784d867e93770560d88150a526250df69077cd3065edbbd4c842098,dfine_sahi,67060.0,unknown_object,0.6543,758.61,608.99,825.71,626.22,1155.8,67.1,17.23,3.896,False,,True,unattributed,7,evt_01-P02_desk_work_surface_0010,ce1ed4536028c62d,pose_hand_context,,57495.1,2.65,,1,01/e1/v1,rtmpose_baseline
corpus_01,01.Candidate was found using a mobile phone in the examination hall..mkv,b842b03e5784d867e93770560d88150a526250df69077cd3065edbbd4c842098,dfine_sahi,67060.0,unknown_object,0.6,669.15,482.54,772.34,589.64,11051.0,103.19,107.09,0.964,False,,True,unattributed,7,evt_01-P02_desk_work_surface_0010,ce1ed4536028c62d,pose_hand_context,,57495.1,2.65,,1,01/e1/v1,rtmpose_baseline
corpus_01,01.Candidate was found using a mobile phone in the examination hall..mkv,b842b03e5784d867e93770560d88150a526250df69077cd3065edbbd4c842098,dfine_sahi,67060.0,mouse,0.5968,726.63,700.0,788.55,719.8,1226.2,61.93,19.8,3.127,False,,True,unattributed,7,evt_01-P02_desk_work_surface_0010,ce1ed4536028c62d,pose_hand_context,,57495.1,2.65,,1,01/e1/v1,rtmpose_baseline
corpus_01,01.Candidate was found using a mobile phone in the examination hall..mkv,b842b03e5784d867e93770560d88150a526250df69077cd3065edbbd4c842098,dfine_sahi,67060.0,unknown_object,0.4679,662.03,482.63,700.74,645.55,6306.6,38.71,162.93,0.238,False,,True,unattributed,7,evt_01-P02_desk_work_surface_0010,ce1ed4536028c62d,pose_hand_context,,57495.1,2.65,,1,01/e1/v1,rtmpose_baseline
corpus_01,01.Candidate was found using a mobile phone in the examination hall..mkv,b842b03e5784d867e93770560d88150a526250df69077cd3065edbbd4c842098,dfine_sahi,67060.0,unknown_object,0.4311,757.77,586.17,797.99,630.03,1763.8,40.22,43.85,0.917,False,,True,unattributed,7,evt_01-P02_desk_work_surface_0010,ce1ed4536028c62d,pose_hand_context,,57495.1,2.65,,1,01/e1/v1,rtmpose_baseline
corpus_01,01.Candidate was found using a mobile phone in the examination hall..mkv,b842b03e5784d867e93770560d88150a526250df69077cd3065edbbd4c842098,dfine_sahi,67060.0,unknown_object,0.4113,726.57,700.1,788.58,719.89,1226.8,62.01,19.79,3.134,False,,True,unattributed,7,evt_01-P02_desk_work_surface_0010,ce1ed4536028c62d,pose_hand_context,,57495.1,2.65,,1,01/e1/v1,rtmpose_baseline
corpus_01,01.Candidate was found using a mobile phone in the examination hall..mkv,b842b03e5784d867e93770560d88150a526250df69077cd3065edbbd4c842098,dfine_sahi,67060.0,unknown_object,0.3628,833.38,523.37,891.05,551.46,1620.1,57.67,28.09,2.053,False,,True,unattributed,7,evt_01-P02_desk_work_surface_0010,ce1ed4536028c62d,pose_hand_context,,57495.1,2.65,,1,01/e1/v1,rtmpose_baseline
corpus_01,01.Candidate was found using a mobile phone in the examination hall..mkv,b842b03e5784d867e93770560d88150a526250df69077cd3065edbbd4c842098,dfine_sahi,67060.0,phone,0.3173,767.0,701.18,788.25,720.14,403.1,21.25,18.97,1.121,False,,True,unattributed,7,evt_01-P02_desk_work_surface_0010,ce1ed4536028c62d,pose_hand_context,,57495.1,2.65,,1,01/e1/v1,rtmpose_baseline
corpus_01,01.Candidate was found using a mobile phone in the examination hall..mkv,b842b03e5784d867e93770560d88150a526250df69077cd3065edbbd4c842098,dfine_sahi,67060.0,unknown_object,0.3102,824.95,482.17,902.89,551.52,5404.8,77.94,69.35,1.124,False,,True,unattributed,7,evt_01-P02_desk_work_surface_0010,ce1ed4536028c62d,pose_hand_context,,57495.1,2.65,,1,01/e1/v1,rtmpose_baseline
corpus_01,01.Candidate was found using a mobile phone in the examination hall..mkv,b842b03e5784d867e93770560d88150a526250df69077cd3065edbbd4c842098,dfine_sahi,67060.0,unknown_object,0.2934,767.04,481.93,844.16,518.93,2852.9,77.12,36.99,2.085,False,,True,unattributed,7,evt_01-P02_desk_work_surface_0010,ce1ed4536028c62d,pose_hand_context,,57495.1,2.65,,1,01/e1/v1,rtmpose_baseline
corpus_01,01.Candidate was found using a mobile phone in the examination hall..mkv,b842b03e5784d867e93770560d88150a526250df69077cd3065edbbd4c842098,dfine_sahi,67060.0,unknown_object,0.2612,766.98,586.53,825.53,628.38,2450.4,58.56,41.85,1.399,False,,True,unattributed,7,evt_01-P02_desk_work_surface_0010,ce1ed4536028c62d,pose_hand_context,,57495.1,2.65,,1,01/e1/v1,rtmpose_baseline
corpus_01,01.Candidate was found using a mobile phone in the examination hall..mkv,b842b03e5784d867e93770560d88150a526250df69077cd3065edbbd4c842098,dfine_sahi,67060.0,unknown_object,0.2526,662.03,482.13,843.34,645.66,29647.9,181.31,163.52,1.109,False,,True,unattributed,7,evt_01-P02_desk_work_surface_0010,ce1ed4536028c62d,pose_hand_context,,57495.1,2.65,,1,01/e1/v1,rtmpose_baseline
corpus_01,01.Candidate was found using a mobile phone in the examination hall..mkv,b842b03e5784d867e93770560d88150a526250df69077cd3065edbbd4c842098,dfine_sahi,67060.0,unknown_object,0.2502,662.05,576.13,700.53,645.73,2678.0,38.48,69.6,0.553,False,,True,unattributed,7,evt_01-P02_desk_work_surface_0010,ce1ed4536028c62d,pose_hand_context,,57495.1,2.65,,1,01/e1/v1,rtmpose_baseline
corpus_01,01.Candidate was found using a mobile phone in the examination hall..mkv,b842b03e5784d867e93770560d88150a526250df69077cd3065edbbd4c842098,dfine_sahi,67380.0,unknown_object,0.7109,638.05,491.12,700.59,645.47,9652.7,62.54,154.34,0.405,False,,True,unattributed,7,evt_01-P01_desk_work_surface_0002,6cce58dfda4a78b0,pose_hand_context,,46820.3,2.96,,1,01/e1/v1,rtmpose_baseline
corpus_01,01.Candidate was found using a mobile phone in the examination hall..mkv,b842b03e5784d867e93770560d88150a526250df69077cd3065edbbd4c842098,dfine_sahi,67380.0,unknown_object,0.5806,733.01,490.33,812.14,609.38,9420.5,79.13,119.05,0.665,False,,True,unattributed,7,evt_01-P01_desk_work_surface_0002,6cce58dfda4a78b0,pose_hand_context,,46820.3,2.96,,1,01/e1/v1,rtmpose_baseline
corpus_01,01.Candidate was found using a mobile phone in the examination hall..mkv,b842b03e5784d867e93770560d88150a526250df69077cd3065edbbd4c842098,dfine_sahi,67380.0,unknown_object,0.4616,707.25,612.2,777.78,639.35,1915.0,70.52,27.15,2.597,False,,True,unattributed,7,evt_01-P01_desk_work_surface_0002,6cce58dfda4a78b0,pose_hand_context,,46820.3,2.96,,1,01/e1/v1,rtmpose_baseline
corpus_01,01.Candidate was found using a mobile phone in the examination hall..mkv,b842b03e5784d867e93770560d88150a526250df69077cd3065edbbd4c842098,dfine_sahi,67380.0,unknown_object,0.3907,707.46,584.57,759.99,638.89,2853.6,52.53,54.32,0.967,False,,True,unattributed,7,evt_01-P01_desk_work_surface_0002,6cce58dfda4a78b0,pose_hand_context,,46820.3,2.96,,1,01/e1/v1,rtmpose_baseline
corpus_01,01.Candidate was found using a mobile phone in the examination hall..mkv,b842b03e5784d867e93770560d88150a526250df69077cd3065edbbd4c842098,dfine_sahi,67380.0,unknown_object,0.3876,733.02,621.55,772.44,636.79,600.9,39.42,15.24,2.586,False,,True,unattributed,7,evt_01-P01_desk_work_surface_0002,6cce58dfda4a78b0,pose_hand_context,,46820.3,2.96,,1,01/e1/v1,rtmpose_baseline
corpus_01,01.Candidate was found using a mobile phone in the examination hall..mkv,b842b03e5784d867e93770560d88150a526250df69077cd3065edbbd4c842098,dfine_sahi,67380.0,unknown_object,0.3289,707.08,501.84,781.42,639.52,10234.8,74.34,137.68,0.54,False,,True,unattributed,7,evt_01-P01_desk_work_surface_0002,6cce58dfda4a78b0,pose_hand_context,,46820.3,2.96,,1,01/e1/v1,rtmpose_baseline
corpus_01,01.Candidate was found using a mobile phone in the examination hall..mkv,b842b03e5784d867e93770560d88150a526250df69077cd3065edbbd4c842098,dfine_sahi,67380.0,unknown_object,0.3164,733.37,490.14,811.64,518.05,2184.1,78.27,27.91,2.805,False,,True,unattributed,7,evt_01-P01_desk_work_surface_0002,6cce58dfda4a78b0,pose_hand_context,,46820.3,2.96,,1,01/e1/v1,rtmpose_baseline
corpus_01,01.Candidate was found using a mobile phone in the examination hall..mkv,b842b03e5784d867e93770560d88150a526250df69077cd3065edbbd4c842098,dfine_sahi,67380.0,unknown_object,0.2804,638.2,490.35,810.18,642.94,26241.9,171.98,152.59,1.127,False,,True,unattributed,7,evt_01-P01_desk_work_surface_0002,6cce58dfda4a78b0,pose_hand_context,,46820.3,2.96,,1,01/e1/v1,rtmpose_baseline
corpus_01,01.Candidate was found using a mobile phone in the examination hall..mkv,b842b03e5784d867e93770560d88150a526250df69077cd3065edbbd4c842098,dfine_sahi,67380.0,unknown_object,0.6325,701.87,385.17,776.83,470.2,6373.7,74.96,85.03,0.882,False,,True,unattributed,9,evt_01-P01_desk_work_surface_0002,83e9a9f99fac3df3,native_source_context_fallback,wrist_confidence_below_floor,12893.0,3.53,,1,01/e1/v1,rtmpose_baseline
corpus_01,01.Candidate was found using a mobile phone in the examination hall..mkv,b842b03e5784d867e93770560d88150a526250df69077cd3065edbbd4c842098,dfine_sahi,67380.0,unknown_object,0.5713,649.86,362.82,692.2,406.68,1857.4,42.34,43.86,0.965,False,,True,unattributed,9,evt_01-P01_desk_work_surface_0002,83e9a9f99fac3df3,native_source_context_fallback,wrist_confidence_below_floor,12893.0,3.53,,1,01/e1/v1,rtmpose_baseline
corpus_01,01.Candidate was found using a mobile phone in the examination hall..mkv,b842b03e5784d867e93770560d88150a526250df69077cd3065edbbd4c842098,dfine_sahi,67380.0,bag,0.4313,649.91,403.42,694.85,485.38,3683.4,44.94,81.96,0.548,False,,True,unattributed,9,evt_01-P01_desk_work_surface_0002,83e9a9f99fac3df3,native_source_context_fallback,wrist_confidence_below_floor,12893.0,3.53,,1,01/e1/v1,rtmpose_baseline
corpus_01,01.Candidate was found using a mobile phone in the examination hall..mkv,b842b03e5784d867e93770560d88150a526250df69077cd3065edbbd4c842098,dfine_sahi,67380.0,unknown_object,0.3981,732.4,343.0,751.11,375.45,607.2,18.71,32.45,0.577,False,,True,unattributed,9,evt_01-P01_desk_work_surface_0002,83e9a9f99fac3df3,native_source_context_fallback,wrist_confidence_below_floor,12893.0,3.53,,1,01/e1/v1,rtmpose_baseline
corpus_01,01.Candidate was found using a mobile phone in the examination hall..mkv,b842b03e5784d867e93770560d88150a526250df69077cd3065edbbd4c842098,dfine_sahi,67380.0,unknown_object,0.3755,664.98,404.27,695.19,485.55,2455.9,30.21,81.28,0.372,False,,True,unattributed,9,evt_01-P01_desk_work_surface_0002,83e9a9f99fac3df3,native_source_context_fallback,wrist_confidence_below_floor,12893.0,3.53,,1,01/e1/v1,rtmpose_baseline
corpus_01,01.Candidate was found using a mobile phone in the examination hall..mkv,b842b03e5784d867e93770560d88150a526250df69077cd3065edbbd4c842098,dfine_sahi,67380.0,unknown_object,0.3725,745.18,369.06,776.9,405.28,1149.2,31.73,36.22,0.876,False,,True,unattributed,9,evt_01-P01_desk_work_surface_0002,83e9a9f99fac3df3,native_source_context_fallback,wrist_confidence_below_floor,12893.0,3.53,,1,01/e1/v1,rtmpose_baseline
corpus_01,01.Candidate was found using a mobile phone in the examination hall..mkv,b842b03e5784d867e93770560d88150a526250df69077cd3065edbbd4c842098,dfine_sahi,67380.0,unknown_object,0.3644,664.9,365.63,683.58,386.27,385.4,18.67,20.64,0.905,False,,True,unattributed,9,evt_01-P01_desk_work_surface_0002,83e9a9f99fac3df3,native_source_context_fallback,wrist_confidence_below_floor,12893.0,3.53,,1,01/e1/v1,rtmpose_baseline
corpus_01,01.Candidate was found using a mobile phone in the examination hall..mkv,b842b03e5784d867e93770560d88150a526250df69077cd3065edbbd4c842098,dfine_sahi,67380.0,unknown_object,0.3598,689.39,384.26,745.94,485.1,5702.4,56.55,100.84,0.561,False,,True,unattributed,9,evt_01-P01_desk_work_surface_0002,83e9a9f99fac3df3,native_source_context_fallback,wrist_confidence_below_floor,12893.0,3.53,,1,01/e1/v1,rtmpose_baseline
corpus_01,01.Candidate was found using a mobile phone in the examination hall..mkv,b842b03e5784d867e93770560d88150a526250df69077cd3065edbbd4c842098,dfine_sahi,67380.0,unknown_object,0.3131,726.14,305.15,760.91,396.54,3177.6,34.77,91.39,0.38,False,,True,unattributed,9,evt_01-P01_desk_work_surface_0002,83e9a9f99fac3df3,native_source_context_fallback,wrist_confidence_below_floor,12893.0,3.53,,1,01/e1/v1,rtmpose_baseline
corpus_01,01.Candidate was found using a mobile phone in the examination hall..mkv,b842b03e5784d867e93770560d88150a526250df69077cd3065edbbd4c842098,dfine_sahi,67380.0,monitor_or_bezel,0.3129,664.97,388.37,695.16,485.38,2928.7,30.19,97.01,0.311,False,,True,unattributed,9,evt_01-P01_desk_work_surface_0002,83e9a9f99fac3df3,native_source_context_fallback,wrist_confidence_below_floor,12893.0,3.53,,1,01/e1/v1,rtmpose_baseline
corpus_01,01.Candidate was found using a mobile phone in the examination hall..mkv,b842b03e5784d867e93770560d88150a526250df69077cd3065edbbd4c842098,dfine_sahi,67380.0,unknown_object,0.3049,649.96,388.16,679.75,423.44,1051.2,29.79,35.28,0.844,False,,True,unattributed,9,evt_01-P01_desk_work_surface_0002,83e9a9f99fac3df3,native_source_context_fallback,wrist_confidence_below_floor,12893.0,3.53,,1,01/e1/v1,rtmpose_baseline
corpus_01,01.Candidate was found using a mobile phone in the examination hall..mkv,b842b03e5784d867e93770560d88150a526250df69077cd3065edbbd4c842098,dfine_sahi,67380.0,unknown_object,0.2913,680.92,361.01,695.46,406.93,667.6,14.54,45.91,0.317,False,,True,unattributed,9,evt_01-P01_desk_work_surface_0002,83e9a9f99fac3df3,native_source_context_fallback,wrist_confidence_below_floor,12893.0,3.53,,1,01/e1/v1,rtmpose_baseline
corpus_01,01.Candidate was found using a mobile phone in the examination hall..mkv,b842b03e5784d867e93770560d88150a526250df69077cd3065edbbd4c842098,dfine_sahi,67380.0,phone,0.2789,649.93,368.88,660.0,376.95,81.3,10.07,8.08,1.247,True,object footprint 81 px is under the 120 px floor for a call,False,unattributed,9,evt_01-P01_desk_work_surface_0002,83e9a9f99fac3df3,native_source_context_fallback,wrist_confidence_below_floor,12893.0,3.53,,1,01/e1/v1,rtmpose_baseline
corpus_01,01.Candidate was found using a mobile phone in the examination hall..mkv,b842b03e5784d867e93770560d88150a526250df69077cd3065edbbd4c842098,dfine_sahi,67380.0,unknown_object,0.2631,649.7,305.22,692.02,406.57,4288.9,42.32,101.35,0.418,False,,True,unattributed,9,evt_01-P01_desk_work_surface_0002,83e9a9f99fac3df3,native_source_context_fallback,wrist_confidence_below_floor,12893.0,3.53,,1,01/e1/v1,rtmpose_baseline
corpus_01,01.Candidate was found using a mobile phone in the examination hall..mkv,b842b03e5784d867e93770560d88150a526250df69077cd3065edbbd4c842098,dfine_sahi,67500.0,unknown_object,0.7,693.02,397.28,776.9,431.4,2862.4,83.88,34.12,2.458,False,,True,unattributed,9,evt_01-P01_upper_body_0006,142ab09c19d6829e,native_source_context_fallback,wrist_confidence_below_floor,7871.7,5.75,,1,01/e1/v1,rtmpose_baseline
corpus_01,01.Candidate was found using a mobile phone in the examination hall..mkv,b842b03e5784d867e93770560d88150a526250df69077cd3065edbbd4c842098,dfine_sahi,67500.0,unknown_object,0.5009,744.97,368.94,776.97,404.08,1124.4,31.99,35.14,0.91,False,,True,unattributed,9,evt_01-P01_upper_body_0006,142ab09c19d6829e,native_source_context_fallback,wrist_confidence_below_floor,7871.7,5.75,,1,01/e1/v1,rtmpose_baseline
corpus_01,01.Candidate was found using a mobile phone in the examination hall..mkv,b842b03e5784d867e93770560d88150a526250df69077cd3065edbbd4c842098,dfine_sahi,67500.0,unknown_object,0.4567,650.01,362.69,694.07,429.48,2942.6,44.06,66.79,0.66,False,,True,unattributed,9,evt_01-P01_upper_body_0006,142ab09c19d6829e,native_source_context_fallback,wrist_confidence_below_floor,7871.7,5.75,,1,01/e1/v1,rtmpose_baseline
corpus_01,01.Candidate was found using a mobile phone in the examination hall..mkv,b842b03e5784d867e93770560d88150a526250df69077cd3065edbbd4c842098,dfine_sahi,67500.0,unknown_object,0.4522,726.42,305.09,762.16,402.59,3484.8,35.74,97.5,0.367,False,,True,unattributed,9,evt_01-P01_upper_body_0006,142ab09c19d6829e,native_source_context_fallback,wrist_confidence_below_floor,7871.7,5.75,,1,01/e1/v1,rtmpose_baseline
corpus_01,01.Candidate was found using a mobile phone in the examination hall..mkv,b842b03e5784d867e93770560d88150a526250df69077cd3065edbbd4c842098,dfine_sahi,67500.0,unknown_object,0.4341,649.97,289.35,695.0,383.44,4236.9,45.03,94.08,0.479,False,,True,unattributed,9,evt_01-P01_upper_body_0006,142ab09c19d6829e,native_source_context_fallback,wrist_confidence_below_floor,7871.7,5.75,,1,01/e1/v1,rtmpose_baseline
corpus_01,01.Candidate was found using a mobile phone in the examination hall..mkv,b842b03e5784d867e93770560d88150a526250df69077cd3065edbbd4c842098,dfine_sahi,67500.0,unknown_object,0.3837,681.0,361.29,695.13,410.61,697.1,14.13,49.32,0.287,False,,True,unattributed,9,evt_01-P01_upper_body_0006,142ab09c19d6829e,native_source_context_fallback,wrist_confidence_below_floor,7871.7,5.75,,1,01/e1/v1,rtmpose_baseline
corpus_01,01.Candidate was found using a mobile phone in the examination hall..mkv,b842b03e5784d867e93770560d88150a526250df69077cd3065edbbd4c842098,dfine_sahi,67500.0,keyboard,0.374,666.01,404.76,690.55,416.0,275.9,24.55,11.24,2.184,False,,True,unattributed,9,evt_01-P01_upper_body_0006,142ab09c19d6829e,native_source_context_fallback,wrist_confidence_below_floor,7871.7,5.75,,1,01/e1/v1,rtmpose_baseline
corpus_01,01.Candidate was found using a mobile phone in the examination hall..mkv,b842b03e5784d867e93770560d88150a526250df69077cd3065edbbd4c842098,dfine_sahi,67500.0,stationery,0.3728,650.0,368.87,660.05,377.09,82.6,10.05,8.22,1.223,True,object footprint 83 px is under the 120 px floor for a call,False,unattributed,9,evt_01-P01_upper_body_0006,142ab09c19d6829e,native_source_context_fallback,wrist_confidence_below_floor,7871.7,5.75,,1,01/e1/v1,rtmpose_baseline
corpus_01,01.Candidate was found using a mobile phone in the examination hall..mkv,b842b03e5784d867e93770560d88150a526250df69077cd3065edbbd4c842098,dfine_sahi,67500.0,unknown_object,0.3713,650.02,361.48,694.64,383.97,1003.8,44.62,22.5,1.984,False,,True,unattributed,9,evt_01-P01_upper_body_0006,142ab09c19d6829e,native_source_context_fallback,wrist_confidence_below_floor,7871.7,5.75,,1,01/e1/v1,rtmpose_baseline
corpus_01,01.Candidate was found using a mobile phone in the examination hall..mkv,b842b03e5784d867e93770560d88150a526250df69077cd3065edbbd4c842098,dfine_sahi,67500.0,unknown_object,0.3082,694.88,397.61,761.97,415.87,1225.3,67.09,18.26,3.673,False,,True,unattributed,9,evt_01-P01_upper_body_0006,142ab09c19d6829e,native_source_context_fallback,wrist_confidence_below_floor,7871.7,5.75,,1,01/e1/v1,rtmpose_baseline
corpus_01,01.Candidate was found using a mobile phone in the examination hall..mkv,b842b03e5784d867e93770560d88150a526250df69077cd3065edbbd4c842098,dfine_sahi,67500.0,unknown_object,0.3065,745.0,368.92,776.96,383.96,480.7,31.96,15.04,2.126,False,,True,unattributed,9,evt_01-P01_upper_body_0006,142ab09c19d6829e,native_source_context_fallback,wrist_confidence_below_floor,7871.7,5.75,,1,01/e1/v1,rtmpose_baseline
corpus_01,01.Candidate was found using a mobile phone in the examination hall..mkv,b842b03e5784d867e93770560d88150a526250df69077cd3065edbbd4c842098,dfine_sahi,67500.0,keyboard,0.3051,650.06,404.01,690.79,431.45,1117.9,40.73,27.44,1.484,False,,True,unattributed,9,evt_01-P01_upper_body_0006,142ab09c19d6829e,native_source_context_fallback,wrist_confidence_below_floor,7871.7,5.75,,1,01/e1/v1,rtmpose_baseline
corpus_01,01.Candidate was found using a mobile phone in the examination hall..mkv,b842b03e5784d867e93770560d88150a526250df69077cd3065edbbd4c842098,dfine_sahi,67500.0,unknown_object,0.2882,649.99,364.89,684.23,402.08,1273.5,34.24,37.19,0.921,False,,True,unattributed,9,evt_01-P01_upper_body_0006,142ab09c19d6829e,native_source_context_fallback,wrist_confidence_below_floor,7871.7,5.75,,1,01/e1/v1,rtmpose_baseline
corpus_01,01.Candidate was found using a mobile phone in the examination hall..mkv,b842b03e5784d867e93770560d88150a526250df69077cd3065edbbd4c842098,dfine_sahi,67500.0,unknown_object,0.2877,743.54,336.28,776.98,383.49,1579.0,33.44,47.21,0.708,False,,True,unattributed,9,evt_01-P01_upper_body_0006,142ab09c19d6829e,native_source_context_fallback,wrist_confidence_below_floor,7871.7,5.75,,1,01/e1/v1,rtmpose_baseline
corpus_01,01.Candidate was found using a mobile phone in the examination hall..mkv,b842b03e5784d867e93770560d88150a526250df69077cd3065edbbd4c842098,dfine_sahi,67500.0,unknown_object,0.2796,732.38,343.08,751.16,376.45,626.7,18.78,33.37,0.563,False,,True,unattributed,9,evt_01-P01_upper_body_0006,142ab09c19d6829e,native_source_context_fallback,wrist_confidence_below_floor,7871.7,5.75,,1,01/e1/v1,rtmpose_baseline
corpus_01,01.Candidate was found using a mobile phone in the examination hall..mkv,b842b03e5784d867e93770560d88150a526250df69077cd3065edbbd4c842098,dfine_sahi,67500.0,unknown_object,0.2709,666.0,388.56,680.63,412.98,357.1,14.63,24.42,0.599,False,,True,unattributed,9,evt_01-P01_upper_body_0006,142ab09c19d6829e,native_source_context_fallback,wrist_confidence_below_floor,7871.7,5.75,,1,01/e1/v1,rtmpose_baseline
corpus_01,01.Candidate was found using a mobile phone in the examination hall..mkv,b842b03e5784d867e93770560d88150a526250df69077cd3065edbbd4c842098,dfine_sahi,67500.0,phone,0.418,897.08,624.98,984.88,719.11,8265.2,87.81,94.13,0.933,False,,True,unattributed,7,evt_01-P01_upper_body_0006,33f21d1f1c9f6f07,pose_hand_context,,29368.8,2.93,,1,01/e1/v1,rtmpose_baseline
corpus_01,01.Candidate was found using a mobile phone in the examination hall..mkv,b842b03e5784d867e93770560d88150a526250df69077cd3065edbbd4c842098,dfine_sahi,67500.0,unknown_object,0.4077,908.36,592.71,996.0,643.47,4449.5,87.64,50.77,1.726,False,,True,unattributed,7,evt_01-P01_upper_body_0006,33f21d1f1c9f6f07,pose_hand_context,,29368.8,2.93,,1,01/e1/v1,rtmpose_baseline
corpus_01,01.Candidate was found using a mobile phone in the examination hall..mkv,b842b03e5784d867e93770560d88150a526250df69077cd3065edbbd4c842098,dfine_sahi,67500.0,bag,0.363,896.68,654.82,982.78,719.4,5559.7,86.1,64.57,1.333,False,,True,unattributed,7,evt_01-P01_upper_body_0006,33f21d1f1c9f6f07,pose_hand_context,,29368.8,2.93,,1,01/e1/v1,rtmpose_baseline
corpus_01,01.Candidate was found using a mobile phone in the examination hall..mkv,b842b03e5784d867e93770560d88150a526250df69077cd3065edbbd4c842098,dfine_sahi,67500.0,unknown_object,0.341,908.35,605.33,960.85,642.46,1949.4,52.51,37.13,1.414,False,,True,unattributed,7,evt_01-P01_upper_body_0006,33f21d1f1c9f6f07,pose_hand_context,,29368.8,2.93,,1,01/e1/v1,rtmpose_baseline
corpus_01,01.Candidate was found using a mobile phone in the examination hall..mkv,b842b03e5784d867e93770560d88150a526250df69077cd3065edbbd4c842098,dfine_sahi,67500.0,unknown_object,0.3385,873.0,575.03,914.71,669.18,3926.9,41.71,94.15,0.443,False,,True,unattributed,7,evt_01-P01_upper_body_0006,33f21d1f1c9f6f07,pose_hand_context,,29368.8,2.93,,1,01/e1/v1,rtmpose_baseline
corpus_01,01.Candidate was found using a mobile phone in the examination hall..mkv,b842b03e5784d867e93770560d88150a526250df69077cd3065edbbd4c842098,dfine_sahi,67500.0,unknown_object,0.3343,777.01,624.03,883.37,719.01,10102.6,106.36,94.98,1.12,False,,True,unattributed,7,evt_01-P01_upper_body_0006,33f21d1f1c9f6f07,pose_hand_context,,29368.8,2.93,,1,01/e1/v1,rtmpose_baseline
corpus_01,01.Candidate was found using a mobile phone in the examination hall..mkv,b842b03e5784d867e93770560d88150a526250df69077cd3065edbbd4c842098,dfine_sahi,67500.0,unknown_object,0.3335,777.01,575.02,899.94,670.18,11699.2,122.93,95.17,1.292,False,,True,unattributed,7,evt_01-P01_upper_body_0006,33f21d1f1c9f6f07,pose_hand_context,,29368.8,2.93,,1,01/e1/v1,rtmpose_baseline
corpus_01,01.Candidate was found using a mobile phone in the examination hall..mkv,b842b03e5784d867e93770560d88150a526250df69077cd3065edbbd4c842098,dfine_sahi,67500.0,monitor_or_bezel,0.2845,904.58,575.52,995.94,670.0,8630.8,91.36,94.47,0.967,False,,True,unattributed,7,evt_01-P01_upper_body_0006,33f21d1f1c9f6f07,pose_hand_context,,29368.8,2.93,,1,01/e1/v1,rtmpose_baseline
corpus_01,01.Candidate was found using a mobile phone in the examination hall..mkv,b842b03e5784d867e93770560d88150a526250df69077cd3065edbbd4c842098,dfine_sahi,67500.0,phone,0.2827,980.02,638.16,995.99,718.28,1279.3,15.97,80.13,0.199,False,,True,unattributed,7,evt_01-P01_upper_body_0006,33f21d1f1c9f6f07,pose_hand_context,,29368.8,2.93,,1,01/e1/v1,rtmpose_baseline
corpus_01,01.Candidate was found using a mobile phone in the examination hall..mkv,b842b03e5784d867e93770560d88150a526250df69077cd3065edbbd4c842098,dfine_sahi,67500.0,unknown_object,0.2799,980.11,634.4,996.0,718.71,1339.5,15.89,84.31,0.188,False,,True,unattributed,7,evt_01-P01_upper_body_0006,33f21d1f1c9f6f07,pose_hand_context,,29368.8,2.93,,1,01/e1/v1,rtmpose_baseline
corpus_01,01.Candidate was found using a mobile phone in the examination hall..mkv,b842b03e5784d867e93770560d88150a526250df69077cd3065edbbd4c842098,dfine_sahi,67500.0,monitor_or_bezel,0.2747,896.69,657.77,982.56,719.12,5267.8,85.87,61.35,1.4,False,,True,unattributed,7,evt_01-P01_upper_body_0006,33f21d1f1c9f6f07,pose_hand_context,,29368.8,2.93,,1,01/e1/v1,rtmpose_baseline
corpus_01,01.Candidate was found using a mobile phone in the examination hall..mkv,b842b03e5784d867e93770560d88150a526250df69077cd3065edbbd4c842098,dfine_sahi,67580.0,unknown_object,0.6025,745.01,368.94,778.97,434.51,2226.1,33.95,65.56,0.518,False,,True,unattributed,9,evt_01-P03_upper_body_0020,959fae493952876e,native_source_context_fallback,wrist_confidence_below_floor,8304.6,5.62,,1,01/e1/v1,rtmpose_baseline
corpus_01,01.Candidate was found using a mobile phone in the examination hall..mkv,b842b03e5784d867e93770560d88150a526250df69077cd3065edbbd4c842098,dfine_sahi,67580.0,unknown_object,0.5546,650.98,290.33,694.46,384.4,4090.6,43.49,94.07,0.462,False,,True,unattributed,9,evt_01-P03_upper_body_0020,959fae493952876e,native_source_context_fallback,wrist_confidence_below_floor,8304.6,5.62,,1,01/e1/v1,rtmpose_baseline
corpus_01,01.Candidate was found using a mobile phone in the examination hall..mkv,b842b03e5784d867e93770560d88150a526250df69077cd3065edbbd4c842098,dfine_sahi,67580.0,unknown_object,0.5027,651.01,363.16,693.59,433.35,2988.5,42.58,70.19,0.607,False,,True,unattributed,9,evt_01-P03_upper_body_0020,959fae493952876e,native_source_context_fallback,wrist_confidence_below_floor,8304.6,5.62,,1,01/e1/v1,rtmpose_baseline
corpus_01,01.Candidate was found using a mobile phone in the examination hall..mkv,b842b03e5784d867e93770560d88150a526250df69077cd3065edbbd4c842098,dfine_sahi,67580.0,unknown_object,0.4862,745.02,369.05,778.94,384.96,539.8,33.92,15.91,2.132,False,,True,unattributed,9,evt_01-P03_upper_body_0020,959fae493952876e,native_source_context_fallback,wrist_confidence_below_floor,8304.6,5.62,,1,01/e1/v1,rtmpose_baseline
corpus_01,01.Candidate was found using a mobile phone in the examination hall..mkv,b842b03e5784d867e93770560d88150a526250df69077cd3065edbbd4c842098,dfine_sahi,67580.0,unknown_object,0.4585,726.78,305.17,763.05,418.1,4096.3,36.27,112.93,0.321,False,,True,unattributed,9,evt_01-P03_upper_body_0020,959fae493952876e,native_source_context_fallback,wrist_confidence_below_floor,8304.6,5.62,,1,01/e1/v1,rtmpose_baseline
corpus_01,01.Candidate was found using a mobile phone in the examination hall..mkv,b842b03e5784d867e93770560d88150a526250df69077cd3065edbbd4c842098,dfine_sahi,67580.0,keyboard,0.3925,666.97,404.82,691.31,419.0,345.1,24.35,14.17,1.718,False,,True,unattributed,9,evt_01-P03_upper_body_0020,959fae493952876e,native_source_context_fallback,wrist_confidence_below_floor,8304.6,5.62,,1,01/e1/v1,rtmpose_baseline
corpus_01,01.Candidate was found using a mobile phone in the examination hall..mkv,b842b03e5784d867e93770560d88150a526250df69077cd3065edbbd4c842098,dfine_sahi,67580.0,unknown_object,0.3834,651.02,363.79,746.71,434.19,6736.2,95.69,70.4,1.359,False,,True,unattributed,9,evt_01-P03_upper_body_0020,959fae493952876e,native_source_context_fallback,wrist_confidence_below_floor,8304.6,5.62,,1,01/e1/v1,rtmpose_baseline
corpus_01,01.Candidate was found using a mobile phone in the examination hall..mkv,b842b03e5784d867e93770560d88150a526250df69077cd3065edbbd4c842098,dfine_sahi,67580.0,unknown_object,0.3763,744.25,336.23,778.97,384.64,1681.0,34.72,48.41,0.717,False,,True,unattributed,9,evt_01-P03_upper_body_0020,959fae493952876e,native_source_context_fallback,wrist_confidence_below_floor,8304.6,5.62,,1,01/e1/v1,rtmpose_baseline
corpus_01,01.Candidate was found using a mobile phone in the examination hall..mkv,b842b03e5784d867e93770560d88150a526250df69077cd3065edbbd4c842098,dfine_sahi,67580.0,unknown_object,0.3545,651.02,361.59,694.14,384.94,1007.2,43.12,23.36,1.846,False,,True,unattributed,9,evt_01-P03_upper_body_0020,959fae493952876e,native_source_context_fallback,wrist_confidence_below_floor,8304.6,5.62,,1,01/e1/v1,rtmpose_baseline
corpus_01,01.Candidate was found using a mobile phone in the examination hall..mkv,b842b03e5784d867e93770560d88150a526250df69077cd3065edbbd4c842098,dfine_sahi,67580.0,unknown_object,0.3309,744.93,369.24,763.04,418.14,885.5,18.11,48.91,0.37,False,,True,unattributed,9,evt_01-P03_upper_body_0020,959fae493952876e,native_source_context_fallback,wrist_confidence_below_floor,8304.6,5.62,,1,01/e1/v1,rtmpose_baseline
corpus_01,01.Candidate was found using a mobile phone in the examination hall..mkv,b842b03e5784d867e93770560d88150a526250df69077cd3065edbbd4c842098,dfine_sahi,67580.0,unknown_object,0.3077,651.07,289.22,746.87,384.6,9139.0,95.81,95.39,1.004,False,,True,unattributed,9,evt_01-P03_upper_body_0020,959fae493952876e,native_source_context_fallback,wrist_confidence_below_floor,8304.6,5.62,,1,01/e1/v1,rtmpose_baseline
corpus_01,01.Candidate was found using a mobile phone in the examination hall..mkv,b842b03e5784d867e93770560d88150a526250df69077cd3065edbbd4c842098,dfine_sahi,67580.0,unknown_object,0.2987,731.74,343.05,751.29,376.27,649.3,19.54,33.22,0.588,False,,True,unattributed,9,evt_01-P03_upper_body_0020,959fae493952876e,native_source_context_fallback,wrist_confidence_below_floor,8304.6,5.62,,1,01/e1/v1,rtmpose_baseline
corpus_01,01.Candidate was found using a mobile phone in the examination hall..mkv,b842b03e5784d867e93770560d88150a526250df69077cd3065edbbd4c842098,dfine_sahi,67580.0,unknown_object,0.2809,666.97,388.55,680.6,411.94,318.6,13.62,23.38,0.583,False,,True,unattributed,9,evt_01-P03_upper_body_0020,959fae493952876e,native_source_context_fallback,wrist_confidence_below_floor,8304.6,5.62,,1,01/e1/v1,rtmpose_baseline
corpus_01,01.Candidate was found using a mobile phone in the examination hall..mkv,b842b03e5784d867e93770560d88150a526250df69077cd3065edbbd4c842098,dfine_sahi,67580.0,unknown_object,0.2681,651.01,364.69,684.2,400.89,1201.6,33.19,36.2,0.917,False,,True,unattributed,9,evt_01-P03_upper_body_0020,959fae493952876e,native_source_context_fallback,wrist_confidence_below_floor,8304.6,5.62,,1,01/e1/v1,rtmpose_baseline
corpus_01,01.Candidate was found using a mobile phone in the examination hall..mkv,b842b03e5784d867e93770560d88150a526250df69077cd3065edbbd4c842098,dfine_sahi,67580.0,unknown_object,0.2638,750.28,400.8,778.96,434.64,970.5,28.68,33.84,0.848,False,,True,unattributed,9,evt_01-P03_upper_body_0020,959fae493952876e,native_source_context_fallback,wrist_confidence_below_floor,8304.6,5.62,,1,01/e1/v1,rtmpose_baseline
corpus_01,01.Candidate was found using a mobile phone in the examination hall..mkv,b842b03e5784d867e93770560d88150a526250df69077cd3065edbbd4c842098,dfine_sahi,67580.0,unknown_object,0.2575,682.99,360.21,695.28,409.89,610.5,12.29,49.67,0.247,False,,True,unattributed,9,evt_01-P03_upper_body_0020,959fae493952876e,native_source_context_fallback,wrist_confidence_below_floor,8304.6,5.62,,1,01/e1/v1,rtmpose_baseline
corpus_01,01.Candidate was found using a mobile phone in the examination hall..mkv,b842b03e5784d867e93770560d88150a526250df69077cd3065edbbd4c842098,dfine_sahi,67580.0,unknown_object,0.3992,752.37,624.12,872.87,707.35,10030.4,120.5,83.24,1.448,False,,True,unattributed,7,evt_01-P03_upper_body_0020,ce800a2b47740028,pose_hand_context,,29509.9,2.78,,1,01/e1/v1,rtmpose_baseline
corpus_01,01.Candidate was found using a mobile phone in the examination hall..mkv,b842b03e5784d867e93770560d88150a526250df69077cd3065edbbd4c842098,dfine_sahi,67580.0,unknown_object,0.3384,851.98,580.21,895.18,654.73,3219.4,43.2,74.52,0.58,False,,True,unattributed,7,evt_01-P03_upper_body_0020,ce800a2b47740028,pose_hand_context,,29509.9,2.78,,1,01/e1/v1,rtmpose_baseline
corpus_01,01.Candidate was found using a mobile phone in the examination hall..mkv,b842b03e5784d867e93770560d88150a526250df69077cd3065edbbd4c842098,dfine_sahi,67580.0,unknown_object,0.3167,891.12,605.25,960.65,655.46,3490.6,69.52,50.21,1.385,False,,True,unattributed,7,evt_01-P03_upper_body_0020,ce800a2b47740028,pose_hand_context,,29509.9,2.78,,1,01/e1/v1,rtmpose_baseline
corpus_01,01.Candidate was found using a mobile phone in the examination hall..mkv,b842b03e5784d867e93770560d88150a526250df69077cd3065edbbd4c842098,dfine_sahi,67820.0,phone,0.5543,597.36,674.69,660.26,702.24,1732.5,62.89,27.55,2.283,False,,True,unattributed,7,evt_01-P06_upper_body_0046,46dd5368b21b13ef,pose_hand_context,,33246.6,3.07,,1,01/e1/v1,rtmpose_baseline
corpus_01,01.Candidate was found using a mobile phone in the examination hall..mkv,b842b03e5784d867e93770560d88150a526250df69077cd3065edbbd4c842098,dfine_sahi,67820.0,unknown_object,0.5293,621.09,557.08,737.95,652.05,11098.8,116.86,94.97,1.231,False,,True,unattributed,7,evt_01-P06_upper_body_0046,46dd5368b21b13ef,pose_hand_context,,33246.6,3.07,,1,01/e1/v1,rtmpose_baseline
corpus_01,01.Candidate was found using a mobile phone in the examination hall..mkv,b842b03e5784d867e93770560d88150a526250df69077cd3065edbbd4c842098,dfine_sahi,67820.0,unknown_object,0.4682,620.94,624.09,737.93,718.88,11089.7,116.99,94.79,1.234,False,,True,unattributed,7,evt_01-P06_upper_body_0046,46dd5368b21b13ef,pose_hand_context,,33246.6,3.07,,1,01/e1/v1,rtmpose_baseline
corpus_01,01.Candidate was found using a mobile phone in the examination hall..mkv,b842b03e5784d867e93770560d88150a526250df69077cd3065edbbd4c842098,dfine_sahi,67820.0,unknown_object,0.3727,585.92,624.24,646.99,703.59,4846.4,61.07,79.35,0.77,False,,True,unattributed,7,evt_01-P06_upper_body_0046,46dd5368b21b13ef,pose_hand_context,,33246.6,3.07,,1,01/e1/v1,rtmpose_baseline
corpus_01,01.Candidate was found using a mobile phone in the examination hall..mkv,b842b03e5784d867e93770560d88150a526250df69077cd3065edbbd4c842098,dfine_sahi,67820.0,unknown_object,0.2691,621.02,624.39,679.5,705.85,4763.9,58.48,81.46,0.718,False,,True,unattributed,7,evt_01-P06_upper_body_0046,46dd5368b21b13ef,pose_hand_context,,33246.6,3.07,,1,01/e1/v1,rtmpose_baseline
corpus_01,01.Candidate was found using a mobile phone in the examination hall..mkv,b842b03e5784d867e93770560d88150a526250df69077cd3065edbbd4c842098,dfine_sahi,67820.0,unknown_object,0.254,587.05,560.16,692.79,669.03,11512.6,105.75,108.87,0.971,False,,True,unattributed,7,evt_01-P06_upper_body_0046,46dd5368b21b13ef,pose_hand_context,,33246.6,3.07,,1,01/e1/v1,rtmpose_baseline
corpus_01,01.Candidate was found using a mobile phone in the examination hall..mkv,b842b03e5784d867e93770560d88150a526250df69077cd3065edbbd4c842098,dfine_sahi,67820.0,bag,0.5522,669.01,403.9,695.24,497.16,2445.3,26.22,93.26,0.281,False,,True,unattributed,9,evt_01-P06_upper_body_0046,6d7481f05545a0c6,pose_hand_context,,2304.0,13.33,,1,01/e1/v1,rtmpose_baseline
corpus_01,01.Candidate was found using a mobile phone in the examination hall..mkv,b842b03e5784d867e93770560d88150a526250df69077cd3065edbbd4c842098,dfine_sahi,67820.0,bag,0.294,698.93,453.54,764.0,491.07,2442.5,65.07,37.54,1.733,False,,True,unattributed,9,evt_01-P06_upper_body_0046,6d7481f05545a0c6,pose_hand_context,,2304.0,13.33,,1,01/e1/v1,rtmpose_baseline
corpus_01,01.Candidate was found using a mobile phone in the examination hall..mkv,b842b03e5784d867e93770560d88150a526250df69077cd3065edbbd4c842098,dfine_sahi,67860.0,unknown_object,0.4571,689.22,401.14,764.98,495.68,7161.6,75.76,94.54,0.801,False,,True,unattributed,9,evt_01-P03_desk_work_surface_0015,57a0c564d89d8895,pose_hand_context,,2304.0,13.33,,1,01/e1/v1,rtmpose_baseline
corpus_01,01.Candidate was found using a mobile phone in the examination hall..mkv,b842b03e5784d867e93770560d88150a526250df69077cd3065edbbd4c842098,dfine_sahi,67860.0,unknown_object,0.4368,669.01,404.12,695.1,496.37,2406.6,26.09,92.25,0.283,False,,True,unattributed,9,evt_01-P03_desk_work_surface_0015,57a0c564d89d8895,pose_hand_context,,2304.0,13.33,,1,01/e1/v1,rtmpose_baseline
corpus_01,01.Candidate was found using a mobile phone in the examination hall..mkv,b842b03e5784d867e93770560d88150a526250df69077cd3065edbbd4c842098,dfine_sahi,67860.0,unknown_object,0.3689,700.83,454.12,762.56,490.95,2273.5,61.73,36.83,1.676,False,,True,unattributed,9,evt_01-P03_desk_work_surface_0015,57a0c564d89d8895,pose_hand_context,,2304.0,13.33,,1,01/e1/v1,rtmpose_baseline
corpus_01,01.Candidate was found using a mobile phone in the examination hall..mkv,b842b03e5784d867e93770560d88150a526250df69077cd3065edbbd4c842098,dfine_sahi,67860.0,unknown_object,0.2762,718.18,401.1,751.67,452.0,1704.7,33.49,50.9,0.658,False,,True,unattributed,9,evt_01-P03_desk_work_surface_0015,57a0c564d89d8895,pose_hand_context,,2304.0,13.33,,1,01/e1/v1,rtmpose_baseline
corpus_01,01.Candidate was found using a mobile phone in the examination hall..mkv,b842b03e5784d867e93770560d88150a526250df69077cd3065edbbd4c842098,dfine_sahi,67860.0,unknown_object,0.5839,605.04,559.03,720.9,654.09,11014.1,115.86,95.06,1.219,False,,True,unattributed,7,evt_01-P03_desk_work_surface_0015,de8e63433dfcddff,pose_hand_context,,31867.0,3.12,,1,01/e1/v1,rtmpose_baseline
corpus_01,01.Candidate was found using a mobile phone in the examination hall..mkv,b842b03e5784d867e93770560d88150a526250df69077cd3065edbbd4c842098,dfine_sahi,67860.0,unknown_object,0.4598,572.7,676.39,650.89,708.54,2513.8,78.19,32.15,2.432,False,,True,unattributed,7,evt_01-P03_desk_work_surface_0015,de8e63433dfcddff,pose_hand_context,,31867.0,3.12,,1,01/e1/v1,rtmpose_baseline
corpus_01,01.Candidate was found using a mobile phone in the examination hall..mkv,b842b03e5784d867e93770560d88150a526250df69077cd3065edbbd4c842098,dfine_sahi,67860.0,unknown_object,0.4531,604.93,624.06,720.93,719.13,11027.9,116.0,95.07,1.22,False,,True,unattributed,7,evt_01-P03_desk_work_surface_0015,de8e63433dfcddff,pose_hand_context,,31867.0,3.12,,1,01/e1/v1,rtmpose_baseline
corpus_01,01.Candidate was found using a mobile phone in the examination hall..mkv,b842b03e5784d867e93770560d88150a526250df69077cd3065edbbd4c842098,dfine_sahi,67860.0,unknown_object,0.37,516.12,623.39,627.13,705.03,9062.6,111.01,81.64,1.36,False,,True,unattributed,7,evt_01-P03_desk_work_surface_0015,de8e63433dfcddff,pose_hand_context,,31867.0,3.12,,1,01/e1/v1,rtmpose_baseline
corpus_01,01.Candidate was found using a mobile phone in the examination hall..mkv,b842b03e5784d867e93770560d88150a526250df69077cd3065edbbd4c842098,dfine_sahi,67860.0,unknown_object,0.2927,605.05,624.26,665.71,705.49,4928.1,60.66,81.24,0.747,False,,True,unattributed,7,evt_01-P03_desk_work_surface_0015,de8e63433dfcddff,pose_hand_context,,31867.0,3.12,,1,01/e1/v1,rtmpose_baseline
corpus_01,01.Candidate was found using a mobile phone in the examination hall..mkv,b842b03e5784d867e93770560d88150a526250df69077cd3065edbbd4c842098,dfine_sahi,67860.0,unknown_object,0.2859,604.98,674.91,651.34,701.72,1243.0,46.36,26.81,1.729,False,,True,unattributed,7,evt_01-P03_desk_work_surface_0015,de8e63433dfcddff,pose_hand_context,,31867.0,3.12,,1,01/e1/v1,rtmpose_baseline
corpus_01,01.Candidate was found using a mobile phone in the examination hall..mkv,b842b03e5784d867e93770560d88150a526250df69077cd3065edbbd4c842098,dfine_sahi,67860.0,unknown_object,0.275,591.08,569.14,630.95,654.1,3387.2,39.87,84.96,0.469,False,,True,unattributed,7,evt_01-P03_desk_work_surface_0015,de8e63433dfcddff,pose_hand_context,,31867.0,3.12,,1,01/e1/v1,rtmpose_baseline
corpus_01,01.Candidate was found using a mobile phone in the examination hall..mkv,b842b03e5784d867e93770560d88150a526250df69077cd3065edbbd4c842098,dfine_sahi,67860.0,unknown_object,0.2566,585.36,676.55,630.95,701.21,1124.0,45.59,24.65,1.849,False,,True,unattributed,7,evt_01-P03_desk_work_surface_0015,de8e63433dfcddff,pose_hand_context,,31867.0,3.12,,1,01/e1/v1,rtmpose_baseline
corpus_01,01.Candidate was found using a mobile phone in the examination hall..mkv,b842b03e5784d867e93770560d88150a526250df69077cd3065edbbd4c842098,dfine_sahi,67860.0,unknown_object,0.2554,516.1,674.21,650.67,719.7,6122.0,134.56,45.49,2.958,False,,True,unattributed,7,evt_01-P03_desk_work_surface_0015,de8e63433dfcddff,pose_hand_context,,31867.0,3.12,,1,01/e1/v1,rtmpose_baseline
corpus_01,01.Candidate was found using a mobile phone in the examination hall..mkv,b842b03e5784d867e93770560d88150a526250df69077cd3065edbbd4c842098,dfine_sahi,68020.0,unknown_object,0.5895,690.02,403.27,761.97,493.22,6471.8,71.95,89.95,0.8,False,,True,unattributed,9,evt_01-P06_desk_work_surface_0043,25de09719466e593,pose_hand_context,,2304.0,13.33,,1,01/e1/v1,rtmpose_baseline
corpus_01,01.Candidate was found using a mobile phone in the examination hall..mkv,b842b03e5784d867e93770560d88150a526250df69077cd3065edbbd4c842098,dfine_sahi,68020.0,unknown_object,0.45,665.99,403.94,694.86,498.28,2724.2,28.87,94.35,0.306,False,,True,unattributed,9,evt_01-P06_desk_work_surface_0043,25de09719466e593,pose_hand_context,,2304.0,13.33,,1,01/e1/v1,rtmpose_baseline
corpus_01,01.Candidate was found using a mobile phone in the examination hall..mkv,b842b03e5784d867e93770560d88150a526250df69077cd3065edbbd4c842098,dfine_sahi,68020.0,unknown_object,0.3264,719.53,422.57,743.23,444.94,530.2,23.69,22.38,1.059,False,,True,unattributed,9,evt_01-P06_desk_work_surface_0043,25de09719466e593,pose_hand_context,,2304.0,13.33,,1,01/e1/v1,rtmpose_baseline
corpus_01,01.Candidate was found using a mobile phone in the examination hall..mkv,b842b03e5784d867e93770560d88150a526250df69077cd3065edbbd4c842098,dfine_sahi,68020.0,unknown_object,0.2979,701.61,453.93,761.23,490.85,2201.2,59.62,36.92,1.615,False,,True,unattributed,9,evt_01-P06_desk_work_surface_0043,25de09719466e593,pose_hand_context,,2304.0,13.33,,1,01/e1/v1,rtmpose_baseline
corpus_01,01.Candidate was found using a mobile phone in the examination hall..mkv,b842b03e5784d867e93770560d88150a526250df69077cd3065edbbd4c842098,dfine_sahi,68020.0,unknown_object,0.2506,708.67,454.54,760.31,464.67,523.1,51.63,10.13,5.096,False,,True,unattributed,9,evt_01-P06_desk_work_surface_0043,25de09719466e593,pose_hand_context,,2304.0,13.33,,1,01/e1/v1,rtmpose_baseline
corpus_01,01.Candidate was found using a mobile phone in the examination hall..mkv,b842b03e5784d867e93770560d88150a526250df69077cd3065edbbd4c842098,dfine_sahi,68020.0,unknown_object,0.4384,543.0,657.73,592.21,719.61,3045.5,49.21,61.89,0.795,False,,True,unattributed,7,evt_01-P06_desk_work_surface_0043,dec7284f7f473d13,pose_hand_context,,13165.3,5.39,,1,01/e1/v1,rtmpose_baseline
corpus_01,01.Candidate was found using a mobile phone in the examination hall..mkv,b842b03e5784d867e93770560d88150a526250df69077cd3065edbbd4c842098,dfine_sahi,68020.0,unknown_object,0.3981,525.44,657.6,585.04,686.52,1723.5,59.61,28.91,2.062,False,,True,unattributed,7,evt_01-P06_desk_work_surface_0043,dec7284f7f473d13,pose_hand_context,,13165.3,5.39,,1,01/e1/v1,rtmpose_baseline
corpus_01,01.Candidate was found using a mobile phone in the examination hall..mkv,b842b03e5784d867e93770560d88150a526250df69077cd3065edbbd4c842098,dfine_sahi,68020.0,unknown_object,0.3473,585.2,662.3,638.93,687.94,1377.6,53.73,25.64,2.095,False,,True,unattributed,7,evt_01-P06_desk_work_surface_0043,dec7284f7f473d13,pose_hand_context,,13165.3,5.39,,1,01/e1/v1,rtmpose_baseline
corpus_01,01.Candidate was found using a mobile phone in the examination hall..mkv,b842b03e5784d867e93770560d88150a526250df69077cd3065edbbd4c842098,dfine_sahi,68020.0,unknown_object,0.293,508.65,694.07,580.24,709.48,1103.3,71.6,15.41,4.646,False,,True,unattributed,7,evt_01-P06_desk_work_surface_0043,dec7284f7f473d13,pose_hand_context,,13165.3,5.39,,1,01/e1/v1,rtmpose_baseline
corpus_01,01.Candidate was found using a mobile phone in the examination hall..mkv,b842b03e5784d867e93770560d88150a526250df69077cd3065edbbd4c842098,dfine_sahi,68020.0,unknown_object,0.284,567.45,592.1,606.38,630.69,1502.6,38.94,38.59,1.009,False,,True,unattributed,7,evt_01-P06_desk_work_surface_0043,dec7284f7f473d13,pose_hand_context,,13165.3,5.39,,1,01/e1/v1,rtmpose_baseline
corpus_01,01.Candidate was found using a mobile phone in the examination hall..mkv,b842b03e5784d867e93770560d88150a526250df69077cd3065edbbd4c842098,dfine_sahi,68020.0,unknown_object,0.259,585.55,661.72,625.01,719.21,2268.7,39.46,57.5,0.686,False,,True,unattributed,7,evt_01-P06_desk_work_surface_0043,dec7284f7f473d13,pose_hand_context,,13165.3,5.39,,1,01/e1/v1,rtmpose_baseline
corpus_01,01.Candidate was found using a mobile phone in the examination hall..mkv,b842b03e5784d867e93770560d88150a526250df69077cd3065edbbd4c842098,dfine_sahi,68060.0,unknown_object,0.4102,690.53,403.25,759.94,493.36,6255.1,69.42,90.11,0.77,False,,True,unattributed,9,evt_01-P02_desk_work_surface_0010,094dbdd360f11edf,pose_hand_context,,2304.0,13.33,,1,01/e1/v1,rtmpose_baseline
corpus_01,01.Candidate was found using a mobile phone in the examination hall..mkv,b842b03e5784d867e93770560d88150a526250df69077cd3065edbbd4c842098,dfine_sahi,68060.0,unknown_object,0.4078,718.72,423.64,742.79,445.48,525.7,24.07,21.84,1.102,False,,True,unattributed,9,evt_01-P02_desk_work_surface_0010,094dbdd360f11edf,pose_hand_context,,2304.0,13.33,,1,01/e1/v1,rtmpose_baseline
corpus_01,01.Candidate was found using a mobile phone in the examination hall..mkv,b842b03e5784d867e93770560d88150a526250df69077cd3065edbbd4c842098,dfine_sahi,68060.0,unknown_object,0.4036,663.99,403.81,694.63,498.3,2894.9,30.64,94.49,0.324,False,,True,unattributed,9,evt_01-P02_desk_work_surface_0010,094dbdd360f11edf,pose_hand_context,,2304.0,13.33,,1,01/e1/v1,rtmpose_baseline
corpus_01,01.Candidate was found using a mobile phone in the examination hall..mkv,b842b03e5784d867e93770560d88150a526250df69077cd3065edbbd4c842098,dfine_sahi,68060.0,unknown_object,0.4009,701.13,453.53,759.8,491.72,2240.5,58.67,38.19,1.537,False,,True,unattributed,9,evt_01-P02_desk_work_surface_0010,094dbdd360f11edf,pose_hand_context,,2304.0,13.33,,1,01/e1/v1,rtmpose_baseline
corpus_01,01.Candidate was found using a mobile phone in the examination hall..mkv,b842b03e5784d867e93770560d88150a526250df69077cd3065edbbd4c842098,dfine_sahi,68060.0,unknown_object,0.3294,718.46,403.11,752.25,445.56,1433.9,33.78,42.44,0.796,False,,True,unattributed,9,evt_01-P02_desk_work_surface_0010,094dbdd360f11edf,pose_hand_context,,2304.0,13.33,,1,01/e1/v1,rtmpose_baseline
corpus_01,01.Candidate was found using a mobile phone in the examination hall..mkv,b842b03e5784d867e93770560d88150a526250df69077cd3065edbbd4c842098,dfine_sahi,68060.0,unknown_object,0.2594,734.44,415.44,760.0,457.01,1062.7,25.56,41.57,0.615,False,,True,unattributed,9,evt_01-P02_desk_work_surface_0010,094dbdd360f11edf,pose_hand_context,,2304.0,13.33,,1,01/e1/v1,rtmpose_baseline
corpus_01,01.Candidate was found using a mobile phone in the examination hall..mkv,b842b03e5784d867e93770560d88150a526250df69077cd3065edbbd4c842098,dfine_sahi,68060.0,unknown_object,0.6221,497.99,695.17,564.62,709.77,972.5,66.63,14.6,4.565,False,,True,unattributed,7,evt_01-P02_desk_work_surface_0010,3c3a2a8df32f0b2a,pose_hand_context,,13452.5,5.38,,1,01/e1/v1,rtmpose_baseline
corpus_01,01.Candidate was found using a mobile phone in the examination hall..mkv,b842b03e5784d867e93770560d88150a526250df69077cd3065edbbd4c842098,dfine_sahi,68060.0,unknown_object,0.3945,512.1,659.36,564.66,687.1,1457.8,52.56,27.74,1.895,False,,True,unattributed,7,evt_01-P02_desk_work_surface_0010,3c3a2a8df32f0b2a,pose_hand_context,,13452.5,5.38,,1,01/e1/v1,rtmpose_baseline
corpus_01,01.Candidate was found using a mobile phone in the examination hall..mkv,b842b03e5784d867e93770560d88150a526250df69077cd3065edbbd4c842098,dfine_sahi,68060.0,unknown_object,0.3579,553.45,590.14,579.0,633.27,1101.8,25.54,43.13,0.592,False,,True,unattributed,7,evt_01-P02_desk_work_surface_0010,3c3a2a8df32f0b2a,pose_hand_context,,13452.5,5.38,,1,01/e1/v1,rtmpose_baseline
corpus_01,01.Candidate was found using a mobile phone in the examination hall..mkv,b842b03e5784d867e93770560d88150a526250df69077cd3065edbbd4c842098,dfine_sahi,68060.0,unknown_object,0.3375,498.07,685.03,572.18,719.35,2543.5,74.11,34.32,2.16,False,,True,unattributed,7,evt_01-P02_desk_work_surface_0010,3c3a2a8df32f0b2a,pose_hand_context,,13452.5,5.38,,1,01/e1/v1,rtmpose_baseline
corpus_01,01.Candidate was found using a mobile phone in the examination hall..mkv,b842b03e5784d867e93770560d88150a526250df69077cd3065edbbd4c842098,dfine_sahi,68060.0,unknown_object,0.275,592.64,616.67,630.98,639.14,861.2,38.34,22.47,1.706,False,,True,unattributed,7,evt_01-P02_desk_work_surface_0010,3c3a2a8df32f0b2a,pose_hand_context,,13452.5,5.38,,1,01/e1/v1,rtmpose_baseline
corpus_01,01.Candidate was found using a mobile phone in the examination hall..mkv,b842b03e5784d867e93770560d88150a526250df69077cd3065edbbd4c842098,dfine_sahi,68060.0,unknown_object,0.2524,498.03,684.64,547.43,702.19,866.9,49.4,17.55,2.815,False,,True,unattributed,7,evt_01-P02_desk_work_surface_0010,3c3a2a8df32f0b2a,pose_hand_context,,13452.5,5.38,,1,01/e1/v1,rtmpose_baseline
corpus_01,01.Candidate was found using a mobile phone in the examination hall..mkv,b842b03e5784d867e93770560d88150a526250df69077cd3065edbbd4c842098,dfine_sahi,68380.0,unknown_object,0.3878,372.18,668.8,443.11,705.71,2618.2,70.93,36.91,1.922,False,,True,unattributed,7,evt_01-P01_desk_work_surface_0002,01120932a5f16b79,pose_hand_context,,5394.7,7.69,,1,01/e1/v1,rtmpose_baseline
corpus_01,01.Candidate was found using a mobile phone in the examination hall..mkv,b842b03e5784d867e93770560d88150a526250df69077cd3065edbbd4c842098,dfine_sahi,68380.0,unknown_object,0.3433,414.78,624.16,501.99,718.98,8268.9,87.21,94.81,0.92,False,,True,unattributed,7,evt_01-P01_desk_work_surface_0002,01120932a5f16b79,pose_hand_context,,5394.7,7.69,,1,01/e1/v1,rtmpose_baseline
corpus_01,01.Candidate was found using a mobile phone in the examination hall..mkv,b842b03e5784d867e93770560d88150a526250df69077cd3065edbbd4c842098,dfine_sahi,68380.0,unknown_object,0.341,370.04,624.11,465.98,719.42,9144.7,95.95,95.31,1.007,False,,True,unattributed,7,evt_01-P01_desk_work_surface_0002,01120932a5f16b79,pose_hand_context,,5394.7,7.69,,1,01/e1/v1,rtmpose_baseline
corpus_01,01.Candidate was found using a mobile phone in the examination hall..mkv,b842b03e5784d867e93770560d88150a526250df69077cd3065edbbd4c842098,dfine_sahi,68380.0,unknown_object,0.2821,388.05,705.22,419.98,711.8,210.3,31.93,6.59,4.849,False,,True,unattributed,7,evt_01-P01_desk_work_surface_0002,01120932a5f16b79,pose_hand_context,,5394.7,7.69,,1,01/e1/v1,rtmpose_baseline
corpus_01,01.Candidate was found using a mobile phone in the examination hall..mkv,b842b03e5784d867e93770560d88150a526250df69077cd3065edbbd4c842098,dfine_sahi,68380.0,unknown_object,0.2593,370.03,624.11,416.94,670.79,2189.4,46.91,46.68,1.005,False,,True,unattributed,7,evt_01-P01_desk_work_surface_0002,01120932a5f16b79,pose_hand_context,,5394.7,7.69,,1,01/e1/v1,rtmpose_baseline
corpus_01,01.Candidate was found using a mobile phone in the examination hall..mkv,b842b03e5784d867e93770560d88150a526250df69077cd3065edbbd4c842098,dfine_sahi,68380.0,bag,0.5875,646.04,403.22,695.45,492.25,4398.7,49.41,89.02,0.555,False,,True,unattributed,9,evt_01-P01_desk_work_surface_0002,1bab054de0854444,pose_hand_context,,2304.0,13.33,,1,01/e1/v1,rtmpose_baseline
corpus_01,01.Candidate was found using a mobile phone in the examination hall..mkv,b842b03e5784d867e93770560d88150a526250df69077cd3065edbbd4c842098,dfine_sahi,68380.0,unknown_object,0.3323,693.98,454.24,741.97,492.76,1848.4,47.99,38.52,1.246,False,,True,unattributed,9,evt_01-P01_desk_work_surface_0002,1bab054de0854444,pose_hand_context,,2304.0,13.33,,1,01/e1/v1,rtmpose_baseline
corpus_01,01.Candidate was found using a mobile phone in the examination hall..mkv,b842b03e5784d867e93770560d88150a526250df69077cd3065edbbd4c842098,dfine_sahi,68380.0,unknown_object,0.293,690.73,397.09,740.93,454.17,2865.8,50.2,57.09,0.879,False,,True,unattributed,9,evt_01-P01_desk_work_surface_0002,1bab054de0854444,pose_hand_context,,2304.0,13.33,,1,01/e1/v1,rtmpose_baseline
corpus_01,01.Candidate was found using a mobile phone in the examination hall..mkv,b842b03e5784d867e93770560d88150a526250df69077cd3065edbbd4c842098,dfine_sahi,68500.0,unknown_object,0.4198,307.98,624.23,403.91,719.4,9129.8,95.93,95.17,1.008,False,,True,unattributed,7,evt_01-P01_upper_body_0006,11e5eb3610f0308a,pose_hand_context,,8567.4,6.91,,1,01/e1/v1,rtmpose_baseline
corpus_01,01.Candidate was found using a mobile phone in the examination hall..mkv,b842b03e5784d867e93770560d88150a526250df69077cd3065edbbd4c842098,dfine_sahi,68500.0,unknown_object,0.4176,308.01,603.34,388.9,683.85,6512.5,80.89,80.51,1.005,False,,True,unattributed,7,evt_01-P01_upper_body_0006,11e5eb3610f0308a,pose_hand_context,,8567.4,6.91,,1,01/e1/v1,rtmpose_baseline
corpus_01,01.Candidate was found using a mobile phone in the examination hall..mkv,b842b03e5784d867e93770560d88150a526250df69077cd3065edbbd4c842098,dfine_sahi,68500.0,unknown_object,0.4141,349.02,603.45,390.6,667.4,2659.1,41.58,63.95,0.65,False,,True,unattributed,7,evt_01-P01_upper_body_0006,11e5eb3610f0308a,pose_hand_context,,8567.4,6.91,,1,01/e1/v1,rtmpose_baseline
corpus_01,01.Candidate was found using a mobile phone in the examination hall..mkv,b842b03e5784d867e93770560d88150a526250df69077cd3065edbbd4c842098,dfine_sahi,68500.0,unknown_object,0.4109,308.0,678.21,403.93,719.73,3983.0,95.93,41.52,2.31,False,,True,unattributed,7,evt_01-P01_upper_body_0006,11e5eb3610f0308a,pose_hand_context,,8567.4,6.91,,1,01/e1/v1,rtmpose_baseline
corpus_01,01.Candidate was found using a mobile phone in the examination hall..mkv,b842b03e5784d867e93770560d88150a526250df69077cd3065edbbd4c842098,dfine_sahi,68500.0,unknown_object,0.3561,349.0,624.16,444.93,719.22,9118.7,95.92,95.06,1.009,False,,True,unattributed,7,evt_01-P01_upper_body_0006,11e5eb3610f0308a,pose_hand_context,,8567.4,6.91,,1,01/e1/v1,rtmpose_baseline
corpus_01,01.Candidate was found using a mobile phone in the examination hall..mkv,b842b03e5784d867e93770560d88150a526250df69077cd3065edbbd4c842098,dfine_sahi,68500.0,unknown_object,0.3401,332.03,647.97,407.83,699.76,3925.4,75.8,51.79,1.464,False,,True,unattributed,7,evt_01-P01_upper_body_0006,11e5eb3610f0308a,pose_hand_context,,8567.4,6.91,,1,01/e1/v1,rtmpose_baseline
corpus_01,01.Candidate was found using a mobile phone in the examination hall..mkv,b842b03e5784d867e93770560d88150a526250df69077cd3065edbbd4c842098,dfine_sahi,68500.0,unknown_object,0.2826,382.61,605.3,444.83,645.77,2518.2,62.22,40.47,1.537,False,,True,unattributed,7,evt_01-P01_upper_body_0006,11e5eb3610f0308a,pose_hand_context,,8567.4,6.91,,1,01/e1/v1,rtmpose_baseline
corpus_01,01.Candidate was found using a mobile phone in the examination hall..mkv,b842b03e5784d867e93770560d88150a526250df69077cd3065edbbd4c842098,dfine_sahi,68500.0,unknown_object,0.6062,693.38,453.45,778.68,499.85,3958.1,85.3,46.4,1.838,False,,True,unattributed,9,evt_01-P01_upper_body_0006,66156c5ee618a120,native_source_context_fallback,wrist_confidence_below_floor,17518.9,3.23,,1,01/e1/v1,rtmpose_baseline
corpus_01,01.Candidate was found using a mobile phone in the examination hall..mkv,b842b03e5784d867e93770560d88150a526250df69077cd3065edbbd4c842098,dfine_sahi,68500.0,unknown_object,0.5992,750.38,334.49,798.73,412.48,3770.5,48.34,77.99,0.62,False,,True,unattributed,9,evt_01-P01_upper_body_0006,66156c5ee618a120,native_source_context_fallback,wrist_confidence_below_floor,17518.9,3.23,,1,01/e1/v1,rtmpose_baseline
corpus_01,01.Candidate was found using a mobile phone in the examination hall..mkv,b842b03e5784d867e93770560d88150a526250df69077cd3065edbbd4c842098,dfine_sahi,68500.0,unknown_object,0.5116,663.88,404.94,695.93,499.37,3026.8,32.05,94.43,0.339,False,,True,unattributed,9,evt_01-P01_upper_body_0006,66156c5ee618a120,native_source_context_fallback,wrist_confidence_below_floor,17518.9,3.23,,1,01/e1/v1,rtmpose_baseline
corpus_01,01.Candidate was found using a mobile phone in the examination hall..mkv,b842b03e5784d867e93770560d88150a526250df69077cd3065edbbd4c842098,dfine_sahi,68500.0,monitor_or_bezel,0.5113,663.99,353.17,710.58,412.27,2753.1,46.59,59.1,0.788,False,,True,unattributed,9,evt_01-P01_upper_body_0006,66156c5ee618a120,native_source_context_fallback,wrist_confidence_below_floor,17518.9,3.23,,1,01/e1/v1,rtmpose_baseline
corpus_01,01.Candidate was found using a mobile phone in the examination hall..mkv,b842b03e5784d867e93770560d88150a526250df69077cd3065edbbd4c842098,dfine_sahi,68500.0,unknown_object,0.444,749.81,336.29,779.05,454.3,3450.6,29.24,118.01,0.248,False,,True,unattributed,9,evt_01-P01_upper_body_0006,66156c5ee618a120,native_source_context_fallback,wrist_confidence_below_floor,17518.9,3.23,,1,01/e1/v1,rtmpose_baseline
corpus_01,01.Candidate was found using a mobile phone in the examination hall..mkv,b842b03e5784d867e93770560d88150a526250df69077cd3065edbbd4c842098,dfine_sahi,68500.0,unknown_object,0.4103,720.13,394.34,774.11,464.33,3777.7,53.97,69.99,0.771,False,,True,unattributed,9,evt_01-P01_upper_body_0006,66156c5ee618a120,native_source_context_fallback,wrist_confidence_below_floor,17518.9,3.23,,1,01/e1/v1,rtmpose_baseline
corpus_01,01.Candidate was found using a mobile phone in the examination hall..mkv,b842b03e5784d867e93770560d88150a526250df69077cd3065edbbd4c842098,dfine_sahi,68500.0,unknown_object,0.4067,750.05,336.39,778.91,373.56,1072.8,28.86,37.18,0.776,False,,True,unattributed,9,evt_01-P01_upper_body_0006,66156c5ee618a120,native_source_context_fallback,wrist_confidence_below_floor,17518.9,3.23,,1,01/e1/v1,rtmpose_baseline
corpus_01,01.Candidate was found using a mobile phone in the examination hall..mkv,b842b03e5784d867e93770560d88150a526250df69077cd3065edbbd4c842098,dfine_sahi,68500.0,unknown_object,0.4027,753.75,403.6,777.46,434.92,742.6,23.71,31.32,0.757,False,,True,unattributed,9,evt_01-P01_upper_body_0006,66156c5ee618a120,native_source_context_fallback,wrist_confidence_below_floor,17518.9,3.23,,1,01/e1/v1,rtmpose_baseline
corpus_01,01.Candidate was found using a mobile phone in the examination hall..mkv,b842b03e5784d867e93770560d88150a526250df69077cd3065edbbd4c842098,dfine_sahi,68500.0,unknown_object,0.3818,703.0,388.07,798.78,499.25,10648.2,95.78,111.18,0.861,False,,True,unattributed,9,evt_01-P01_upper_body_0006,66156c5ee618a120,native_source_context_fallback,wrist_confidence_below_floor,17518.9,3.23,,1,01/e1/v1,rtmpose_baseline
corpus_01,01.Candidate was found using a mobile phone in the examination hall..mkv,b842b03e5784d867e93770560d88150a526250df69077cd3065edbbd4c842098,dfine_sahi,68500.0,unknown_object,0.3744,663.97,365.78,682.65,386.14,380.3,18.67,20.36,0.917,False,,True,unattributed,9,evt_01-P01_upper_body_0006,66156c5ee618a120,native_source_context_fallback,wrist_confidence_below_floor,17518.9,3.23,,1,01/e1/v1,rtmpose_baseline
corpus_01,01.Candidate was found using a mobile phone in the examination hall..mkv,b842b03e5784d867e93770560d88150a526250df69077cd3065edbbd4c842098,dfine_sahi,68500.0,unknown_object,0.335,682.92,408.75,696.46,499.69,1232.1,13.55,90.94,0.149,False,,True,unattributed,9,evt_01-P01_upper_body_0006,66156c5ee618a120,native_source_context_fallback,wrist_confidence_below_floor,17518.9,3.23,,1,01/e1/v1,rtmpose_baseline
corpus_01,01.Candidate was found using a mobile phone in the examination hall..mkv,b842b03e5784d867e93770560d88150a526250df69077cd3065edbbd4c842098,dfine_sahi,68500.0,unknown_object,0.3162,692.42,388.11,759.92,457.82,4705.8,67.5,69.72,0.968,False,,True,unattributed,9,evt_01-P01_upper_body_0006,66156c5ee618a120,native_source_context_fallback,wrist_confidence_below_floor,17518.9,3.23,,1,01/e1/v1,rtmpose_baseline
corpus_01,01.Candidate was found using a mobile phone in the examination hall..mkv,b842b03e5784d867e93770560d88150a526250df69077cd3065edbbd4c842098,dfine_sahi,68500.0,unknown_object,0.3037,663.99,404.61,759.89,499.56,9106.5,95.9,94.95,1.01,False,,True,unattributed,9,evt_01-P01_upper_body_0006,66156c5ee618a120,native_source_context_fallback,wrist_confidence_below_floor,17518.9,3.23,,1,01/e1/v1,rtmpose_baseline
corpus_01,01.Candidate was found using a mobile phone in the examination hall..mkv,b842b03e5784d867e93770560d88150a526250df69077cd3065edbbd4c842098,dfine_sahi,68500.0,keyboard,0.3028,663.99,388.22,680.8,415.22,453.9,16.81,27.0,0.622,False,,True,unattributed,9,evt_01-P01_upper_body_0006,66156c5ee618a120,native_source_context_fallback,wrist_confidence_below_floor,17518.9,3.23,,1,01/e1/v1,rtmpose_baseline
corpus_01,01.Candidate was found using a mobile phone in the examination hall..mkv,b842b03e5784d867e93770560d88150a526250df69077cd3065edbbd4c842098,dfine_sahi,68500.0,unknown_object,0.2764,749.69,302.47,798.59,373.55,3476.3,48.9,71.09,0.688,False,,True,unattributed,9,evt_01-P01_upper_body_0006,66156c5ee618a120,native_source_context_fallback,wrist_confidence_below_floor,17518.9,3.23,,1,01/e1/v1,rtmpose_baseline
corpus_01,01.Candidate was found using a mobile phone in the examination hall..mkv,b842b03e5784d867e93770560d88150a526250df69077cd3065edbbd4c842098,dfine_sahi,68500.0,unknown_object,0.2604,683.03,353.23,710.33,410.48,1563.0,27.3,57.25,0.477,False,,True,unattributed,9,evt_01-P01_upper_body_0006,66156c5ee618a120,native_source_context_fallback,wrist_confidence_below_floor,17518.9,3.23,,1,01/e1/v1,rtmpose_baseline
corpus_01,01.Candidate was found using a mobile phone in the examination hall..mkv,b842b03e5784d867e93770560d88150a526250df69077cd3065edbbd4c842098,dfine_sahi,68580.0,unknown_object,0.4075,318.97,603.17,414.93,698.44,9142.1,95.96,95.27,1.007,False,,True,unattributed,7,evt_01-P03_upper_body_0020,0d00321a78c38c4c,pose_hand_context,,9240.4,6.6,,1,01/e1/v1,rtmpose_baseline
corpus_01,01.Candidate was found using a mobile phone in the examination hall..mkv,b842b03e5784d867e93770560d88150a526250df69077cd3065edbbd4c842098,dfine_sahi,68580.0,unknown_object,0.3992,277.04,624.25,372.93,719.37,9120.6,95.89,95.12,1.008,False,,True,unattributed,7,evt_01-P03_upper_body_0020,0d00321a78c38c4c,pose_hand_context,,9240.4,6.6,,1,01/e1/v1,rtmpose_baseline
corpus_01,01.Candidate was found using a mobile phone in the examination hall..mkv,b842b03e5784d867e93770560d88150a526250df69077cd3065edbbd4c842098,dfine_sahi,68580.0,unknown_object,0.3811,276.97,630.32,311.43,698.18,2339.0,34.46,67.87,0.508,False,,True,unattributed,7,evt_01-P03_upper_body_0020,0d00321a78c38c4c,pose_hand_context,,9240.4,6.6,,1,01/e1/v1,rtmpose_baseline
corpus_01,01.Candidate was found using a mobile phone in the examination hall..mkv,b842b03e5784d867e93770560d88150a526250df69077cd3065edbbd4c842098,dfine_sahi,68580.0,unknown_object,0.3211,319.01,658.21,374.16,698.61,2227.8,55.15,40.4,1.365,False,,True,unattributed,7,evt_01-P03_upper_body_0020,0d00321a78c38c4c,pose_hand_context,,9240.4,6.6,,1,01/e1/v1,rtmpose_baseline
corpus_01,01.Candidate was found using a mobile phone in the examination hall..mkv,b842b03e5784d867e93770560d88150a526250df69077cd3065edbbd4c842098,dfine_sahi,68580.0,unknown_object,0.3051,318.99,603.25,363.53,668.09,2887.6,44.54,64.83,0.687,False,,True,unattributed,7,evt_01-P03_upper_body_0020,0d00321a78c38c4c,pose_hand_context,,9240.4,6.6,,1,01/e1/v1,rtmpose_baseline
corpus_01,01.Candidate was found using a mobile phone in the examination hall..mkv,b842b03e5784d867e93770560d88150a526250df69077cd3065edbbd4c842098,dfine_sahi,68580.0,phone,0.2607,277.01,631.23,302.9,672.63,1071.6,25.89,41.39,0.625,False,,True,unattributed,7,evt_01-P03_upper_body_0020,0d00321a78c38c4c,pose_hand_context,,9240.4,6.6,,1,01/e1/v1,rtmpose_baseline
corpus_01,01.Candidate was found using a mobile phone in the examination hall..mkv,b842b03e5784d867e93770560d88150a526250df69077cd3065edbbd4c842098,dfine_sahi,68580.0,unknown_object,0.4911,645.99,405.0,694.34,453.52,2345.6,48.35,48.51,0.997,False,,True,unattributed,9,evt_01-P03_upper_body_0020,f3e6d4748d50e040,pose_hand_context,,2304.0,13.33,,1,01/e1/v1,rtmpose_baseline
corpus_01,01.Candidate was found using a mobile phone in the examination hall..mkv,b842b03e5784d867e93770560d88150a526250df69077cd3065edbbd4c842098,dfine_sahi,68580.0,stationery,0.4741,646.01,368.78,660.12,377.35,121.0,14.11,8.57,1.646,False,,True,unattributed,9,evt_01-P03_upper_body_0020,f3e6d4748d50e040,pose_hand_context,,2304.0,13.33,,1,01/e1/v1,rtmpose_baseline
corpus_01,01.Candidate was found using a mobile phone in the examination hall..mkv,b842b03e5784d867e93770560d88150a526250df69077cd3065edbbd4c842098,dfine_sahi,68580.0,unknown_object,0.324,646.03,358.13,712.57,427.83,4637.7,66.54,69.69,0.955,False,,True,unattributed,9,evt_01-P03_upper_body_0020,f3e6d4748d50e040,pose_hand_context,,2304.0,13.33,,1,01/e1/v1,rtmpose_baseline
corpus_01,01.Candidate was found using a mobile phone in the examination hall..mkv,b842b03e5784d867e93770560d88150a526250df69077cd3065edbbd4c842098,dfine_sahi,68820.0,unknown_object,0.5976,177.38,492.33,255.91,569.83,6086.1,78.53,77.5,1.013,False,,True,unattributed,13,evt_01-P06_upper_body_0046,613967ce0dada8b1,native_source_context_fallback,no_pose_observation,18162.7,4.14,,1,01/e1/v1,
corpus_01,01.Candidate was found using a mobile phone in the examination hall..mkv,b842b03e5784d867e93770560d88150a526250df69077cd3065edbbd4c842098,dfine_sahi,68820.0,unknown_object,0.5206,211.02,560.48,291.85,655.19,7656.0,80.83,94.71,0.853,False,,True,unattributed,13,evt_01-P06_upper_body_0046,613967ce0dada8b1,native_source_context_fallback,no_pose_observation,18162.7,4.14,,1,01/e1/v1,
corpus_01,01.Candidate was found using a mobile phone in the examination hall..mkv,b842b03e5784d867e93770560d88150a526250df69077cd3065edbbd4c842098,dfine_sahi,68820.0,monitor_or_bezel,0.4845,159.99,492.09,202.04,554.25,2613.4,42.05,62.15,0.677,False,,True,unattributed,13,evt_01-P06_upper_body_0046,613967ce0dada8b1,native_source_context_fallback,no_pose_observation,18162.7,4.14,,1,01/e1/v1,
corpus_01,01.Candidate was found using a mobile phone in the examination hall..mkv,b842b03e5784d867e93770560d88150a526250df69077cd3065edbbd4c842098,dfine_sahi,68820.0,unknown_object,0.4579,211.02,492.15,294.41,587.33,7937.4,83.39,95.18,0.876,False,,True,unattributed,13,evt_01-P06_upper_body_0046,613967ce0dada8b1,native_source_context_fallback,no_pose_observation,18162.7,4.14,,1,01/e1/v1,
corpus_01,01.Candidate was found using a mobile phone in the examination hall..mkv,b842b03e5784d867e93770560d88150a526250df69077cd3065edbbd4c842098,dfine_sahi,68820.0,monitor_or_bezel,0.4438,196.64,591.54,255.86,655.52,3789.0,59.23,63.97,0.926,False,,True,unattributed,13,evt_01-P06_upper_body_0046,613967ce0dada8b1,native_source_context_fallback,no_pose_observation,18162.7,4.14,,1,01/e1/v1,
corpus_01,01.Candidate was found using a mobile phone in the examination hall..mkv,b842b03e5784d867e93770560d88150a526250df69077cd3065edbbd4c842098,dfine_sahi,68820.0,unknown_object,0.4009,166.63,560.21,255.89,654.97,8458.1,89.26,94.76,0.942,False,,True,unattributed,13,evt_01-P06_upper_body_0046,613967ce0dada8b1,native_source_context_fallback,no_pose_observation,18162.7,4.14,,1,01/e1/v1,
corpus_01,01.Candidate was found using a mobile phone in the examination hall..mkv,b842b03e5784d867e93770560d88150a526250df69077cd3065edbbd4c842098,dfine_sahi,68820.0,unknown_object,0.3428,248.44,578.15,306.94,655.45,4522.0,58.51,77.29,0.757,False,,True,unattributed,13,evt_01-P06_upper_body_0046,613967ce0dada8b1,native_source_context_fallback,no_pose_observation,18162.7,4.14,,1,01/e1/v1,
corpus_01,01.Candidate was found using a mobile phone in the examination hall..mkv,b842b03e5784d867e93770560d88150a526250df69077cd3065edbbd4c842098,dfine_sahi,68820.0,monitor_or_bezel,0.3044,159.99,560.34,255.74,655.49,9110.7,95.75,95.15,1.006,False,,True,unattributed,13,evt_01-P06_upper_body_0046,613967ce0dada8b1,native_source_context_fallback,no_pose_observation,18162.7,4.14,,1,01/e1/v1,
corpus_01,01.Candidate was found using a mobile phone in the examination hall..mkv,b842b03e5784d867e93770560d88150a526250df69077cd3065edbbd4c842098,dfine_sahi,68820.0,unknown_object,0.2942,201.31,564.73,255.9,625.68,3326.9,54.59,60.94,0.896,False,,True,unattributed,13,evt_01-P06_upper_body_0046,613967ce0dada8b1,native_source_context_fallback,no_pose_observation,18162.7,4.14,,1,01/e1/v1,
corpus_01,01.Candidate was found using a mobile phone in the examination hall..mkv,b842b03e5784d867e93770560d88150a526250df69077cd3065edbbd4c842098,dfine_sahi,68820.0,keyboard,0.2602,160.03,492.14,201.32,543.49,2120.4,41.29,51.35,0.804,False,,True,unattributed,13,evt_01-P06_upper_body_0046,613967ce0dada8b1,native_source_context_fallback,no_pose_observation,18162.7,4.14,,1,01/e1/v1,
corpus_01,01.Candidate was found using a mobile phone in the examination hall..mkv,b842b03e5784d867e93770560d88150a526250df69077cd3065edbbd4c842098,dfine_sahi,68820.0,monitor_or_bezel,0.2582,160.01,492.12,255.65,555.13,6025.9,95.63,63.01,1.518,False,,True,unattributed,13,evt_01-P06_upper_body_0046,613967ce0dada8b1,native_source_context_fallback,no_pose_observation,18162.7,4.14,,1,01/e1/v1,
corpus_01,01.Candidate was found using a mobile phone in the examination hall..mkv,b842b03e5784d867e93770560d88150a526250df69077cd3065edbbd4c842098,dfine_sahi,68820.0,phone,0.5992,221.11,624.23,259.46,671.43,1809.8,38.35,47.19,0.813,False,,True,unattributed,11,evt_01-P06_upper_body_0046,9decca29f10fcf8c,pose_hand_context,,5758.3,7.58,,1,01/e1/v1,rtmpose_baseline
corpus_01,01.Candidate was found using a mobile phone in the examination hall..mkv,b842b03e5784d867e93770560d88150a526250df69077cd3065edbbd4c842098,dfine_sahi,68820.0,monitor_or_bezel,0.4243,206.3,624.16,260.18,671.72,2562.9,53.89,47.56,1.133,False,,True,unattributed,11,evt_01-P06_upper_body_0046,9decca29f10fcf8c,pose_hand_context,,5758.3,7.58,,1,01/e1/v1,rtmpose_baseline
corpus_01,01.Candidate was found using a mobile phone in the examination hall..mkv,b842b03e5784d867e93770560d88150a526250df69077cd3065edbbd4c842098,dfine_sahi,68820.0,unknown_object,0.3613,184.02,691.04,236.16,719.86,1502.7,52.13,28.82,1.809,False,,True,unattributed,11,evt_01-P06_upper_body_0046,9decca29f10fcf8c,pose_hand_context,,5758.3,7.58,,1,01/e1/v1,rtmpose_baseline
corpus_01,01.Candidate was found using a mobile phone in the examination hall..mkv,b842b03e5784d867e93770560d88150a526250df69077cd3065edbbd4c842098,dfine_sahi,68820.0,unknown_object,0.3592,184.0,622.16,279.92,717.71,9164.7,95.91,95.55,1.004,False,,True,unattributed,11,evt_01-P06_upper_body_0046,9decca29f10fcf8c,pose_hand_context,,5758.3,7.58,,1,01/e1/v1,rtmpose_baseline
corpus_01,01.Candidate was found using a mobile phone in the examination hall..mkv,b842b03e5784d867e93770560d88150a526250df69077cd3065edbbd4c842098,dfine_sahi,68820.0,mouse,0.7258,639.37,369.0,659.88,378.02,185.1,20.51,9.02,2.273,False,,True,unattributed,9,evt_01-P06_upper_body_0046,c52663a591aeb708,pose_hand_context,,3278.7,11.18,,1,01/e1/v1,rtmpose_baseline
corpus_01,01.Candidate was found using a mobile phone in the examination hall..mkv,b842b03e5784d867e93770560d88150a526250df69077cd3065edbbd4c842098,dfine_sahi,68820.0,unknown_object,0.5057,648.02,364.86,694.21,439.32,3439.3,46.19,74.45,0.62,False,,True,unattributed,9,evt_01-P06_upper_body_0046,c52663a591aeb708,pose_hand_context,,3278.7,11.18,,1,01/e1/v1,rtmpose_baseline
corpus_01,01.Candidate was found using a mobile phone in the examination hall..mkv,b842b03e5784d867e93770560d88150a526250df69077cd3065edbbd4c842098,dfine_sahi,68820.0,bag,0.4556,636.71,405.2,694.01,452.63,2717.8,57.3,47.43,1.208,False,,True,unattributed,9,evt_01-P06_upper_body_0046,c52663a591aeb708,pose_hand_context,,3278.7,11.18,,1,01/e1/v1,rtmpose_baseline
corpus_01,01.Candidate was found using a mobile phone in the examination hall..mkv,b842b03e5784d867e93770560d88150a526250df69077cd3065edbbd4c842098,dfine_sahi,68820.0,phone,0.4384,647.16,388.36,675.7,410.54,633.0,28.54,22.18,1.287,False,,True,unattributed,9,evt_01-P06_upper_body_0046,c52663a591aeb708,pose_hand_context,,3278.7,11.18,,1,01/e1/v1,rtmpose_baseline
corpus_01,01.Candidate was found using a mobile phone in the examination hall..mkv,b842b03e5784d867e93770560d88150a526250df69077cd3065edbbd4c842098,dfine_sahi,68820.0,unknown_object,0.4159,635.04,357.06,715.63,452.29,7674.7,80.59,95.23,0.846,False,,True,unattributed,9,evt_01-P06_upper_body_0046,c52663a591aeb708,pose_hand_context,,3278.7,11.18,,1,01/e1/v1,rtmpose_baseline
corpus_01,01.Candidate was found using a mobile phone in the examination hall..mkv,b842b03e5784d867e93770560d88150a526250df69077cd3065edbbd4c842098,dfine_sahi,68820.0,unknown_object,0.4099,660.03,365.73,682.97,393.73,642.2,22.94,27.99,0.819,False,,True,unattributed,9,evt_01-P06_upper_body_0046,c52663a591aeb708,pose_hand_context,,3278.7,11.18,,1,01/e1/v1,rtmpose_baseline
corpus_01,01.Candidate was found using a mobile phone in the examination hall..mkv,b842b03e5784d867e93770560d88150a526250df69077cd3065edbbd4c842098,dfine_sahi,68820.0,monitor_or_bezel,0.3739,635.14,347.77,713.65,424.2,6000.8,78.51,76.43,1.027,False,,True,unattributed,9,evt_01-P06_upper_body_0046,c52663a591aeb708,pose_hand_context,,3278.7,11.18,,1,01/e1/v1,rtmpose_baseline
corpus_01,01.Candidate was found using a mobile phone in the examination hall..mkv,b842b03e5784d867e93770560d88150a526250df69077cd3065edbbd4c842098,dfine_sahi,68820.0,unknown_object,0.3182,648.0,344.41,705.39,410.01,3765.2,57.39,65.6,0.875,False,,True,unattributed,9,evt_01-P06_upper_body_0046,c52663a591aeb708,pose_hand_context,,3278.7,11.18,,1,01/e1/v1,rtmpose_baseline
corpus_01,01.Candidate was found using a mobile phone in the examination hall..mkv,b842b03e5784d867e93770560d88150a526250df69077cd3065edbbd4c842098,dfine_sahi,68820.0,unknown_object,0.315,691.25,360.86,755.89,452.64,5931.9,64.64,91.77,0.704,False,,True,unattributed,9,evt_01-P06_upper_body_0046,c52663a591aeb708,pose_hand_context,,3278.7,11.18,,1,01/e1/v1,rtmpose_baseline
corpus_01,01.Candidate was found using a mobile phone in the examination hall..mkv,b842b03e5784d867e93770560d88150a526250df69077cd3065edbbd4c842098,dfine_sahi,68820.0,unknown_object,0.2975,659.98,404.5,693.44,427.91,783.6,33.47,23.42,1.429,False,,True,unattributed,9,evt_01-P06_upper_body_0046,c52663a591aeb708,pose_hand_context,,3278.7,11.18,,1,01/e1/v1,rtmpose_baseline
corpus_01,01.Candidate was found using a mobile phone in the examination hall..mkv,b842b03e5784d867e93770560d88150a526250df69077cd3065edbbd4c842098,dfine_sahi,68820.0,unknown_object,0.2935,635.0,365.39,682.88,404.12,1854.5,47.88,38.73,1.236,False,,True,unattributed,9,evt_01-P06_upper_body_0046,c52663a591aeb708,pose_hand_context,,3278.7,11.18,,1,01/e1/v1,rtmpose_baseline
corpus_01,01.Candidate was found using a mobile phone in the examination hall..mkv,b842b03e5784d867e93770560d88150a526250df69077cd3065edbbd4c842098,dfine_sahi,68820.0,stationery,0.2585,648.0,368.92,659.96,377.69,104.9,11.96,8.77,1.364,True,object footprint 105 px is under the 120 px floor for a call,False,unattributed,9,evt_01-P06_upper_body_0046,c52663a591aeb708,pose_hand_context,,3278.7,11.18,,1,01/e1/v1,rtmpose_baseline
corpus_01,01.Candidate was found using a mobile phone in the examination hall..mkv,b842b03e5784d867e93770560d88150a526250df69077cd3065edbbd4c842098,dfine_sahi,68820.0,monitor_or_bezel,0.3483,206.27,624.14,260.84,671.74,2597.4,54.57,47.6,1.146,False,,True,unattributed,12,evt_01-P06_upper_body_0046,dc63ffb73d1d313e,pose_hand_context,,2660.0,11.9,,1,01/e1/v1,rtmpose_baseline
corpus_01,01.Candidate was found using a mobile phone in the examination hall..mkv,b842b03e5784d867e93770560d88150a526250df69077cd3065edbbd4c842098,dfine_sahi,68820.0,unknown_object,0.2568,253.16,706.04,286.01,719.99,458.1,32.84,13.95,2.354,False,,True,unattributed,12,evt_01-P06_upper_body_0046,dc63ffb73d1d313e,pose_hand_context,,2660.0,11.9,,1,01/e1/v1,rtmpose_baseline
corpus_01,01.Candidate was found using a mobile phone in the examination hall..mkv,b842b03e5784d867e93770560d88150a526250df69077cd3065edbbd4c842098,dfine_sahi,68820.0,monitor_or_bezel,0.3483,206.27,624.14,260.84,671.74,2597.4,54.57,47.6,1.146,False,,True,unattributed,7,evt_01-P06_upper_body_0046,dc63ffb73d1d313e,pose_hand_context,,2660.0,11.9,,1,01/e1/v1,rtmpose_baseline
corpus_01,01.Candidate was found using a mobile phone in the examination hall..mkv,b842b03e5784d867e93770560d88150a526250df69077cd3065edbbd4c842098,dfine_sahi,68820.0,unknown_object,0.2568,253.16,706.04,286.01,719.99,458.1,32.84,13.95,2.354,False,,True,unattributed,7,evt_01-P06_upper_body_0046,dc63ffb73d1d313e,pose_hand_context,,2660.0,11.9,,1,01/e1/v1,rtmpose_baseline
corpus_01,01.Candidate was found using a mobile phone in the examination hall..mkv,b842b03e5784d867e93770560d88150a526250df69077cd3065edbbd4c842098,dfine_sahi,68860.0,unknown_object,0.6166,220.03,611.11,315.98,706.36,9139.4,95.96,95.24,1.008,False,,True,unattributed,7,evt_01-P03_desk_work_surface_0015,e6ce921ad99504be,pose_hand_context,,10997.5,4.89,,1,01/e1/v1,rtmpose_baseline
corpus_01,01.Candidate was found using a mobile phone in the examination hall..mkv,b842b03e5784d867e93770560d88150a526250df69077cd3065edbbd4c842098,dfine_sahi,68860.0,unknown_object,0.5303,163.12,611.17,258.74,692.53,7779.5,95.62,81.36,1.175,False,,True,unattributed,7,evt_01-P03_desk_work_surface_0015,e6ce921ad99504be,pose_hand_context,,10997.5,4.89,,1,01/e1/v1,rtmpose_baseline
corpus_01,01.Candidate was found using a mobile phone in the examination hall..mkv,b842b03e5784d867e93770560d88150a526250df69077cd3065edbbd4c842098,dfine_sahi,68860.0,unknown_object,0.5071,163.55,686.77,258.85,719.79,3147.0,95.3,33.02,2.886,False,,True,unattributed,7,evt_01-P03_desk_work_surface_0015,e6ce921ad99504be,pose_hand_context,,10997.5,4.89,,1,01/e1/v1,rtmpose_baseline
corpus_01,01.Candidate was found using a mobile phone in the examination hall..mkv,b842b03e5784d867e93770560d88150a526250df69077cd3065edbbd4c842098,dfine_sahi,68860.0,unknown_object,0.3957,220.0,686.18,258.24,719.81,1285.8,38.24,33.63,1.137,False,,True,unattributed,7,evt_01-P03_desk_work_surface_0015,e6ce921ad99504be,pose_hand_context,,10997.5,4.89,,1,01/e1/v1,rtmpose_baseline
corpus_01,01.Candidate was found using a mobile phone in the examination hall..mkv,b842b03e5784d867e93770560d88150a526250df69077cd3065edbbd4c842098,dfine_sahi,68860.0,phone,0.3901,206.6,624.13,304.96,690.09,6488.9,98.37,65.97,1.491,False,,True,unattributed,7,evt_01-P03_desk_work_surface_0015,e6ce921ad99504be,pose_hand_context,,10997.5,4.89,,1,01/e1/v1,rtmpose_baseline
corpus_01,01.Candidate was found using a mobile phone in the examination hall..mkv,b842b03e5784d867e93770560d88150a526250df69077cd3065edbbd4c842098,dfine_sahi,68860.0,phone,0.3671,176.3,624.13,258.89,691.55,5569.2,82.6,67.43,1.225,False,,True,unattributed,7,evt_01-P03_desk_work_surface_0015,e6ce921ad99504be,pose_hand_context,,10997.5,4.89,,1,01/e1/v1,rtmpose_baseline
corpus_01,01.Candidate was found using a mobile phone in the examination hall..mkv,b842b03e5784d867e93770560d88150a526250df69077cd3065edbbd4c842098,dfine_sahi,68860.0,mouse,0.8071,639.21,368.82,659.99,378.13,193.4,20.77,9.31,2.232,False,,True,unattributed,9,evt_01-P03_desk_work_surface_0015,ee7053ce2720b469,pose_hand_context,,3075.8,11.54,,1,01/e1/v1,rtmpose_baseline
corpus_01,01.Candidate was found using a mobile phone in the examination hall..mkv,b842b03e5784d867e93770560d88150a526250df69077cd3065edbbd4c842098,dfine_sahi,68860.0,monitor_or_bezel,0.5569,603.41,364.14,682.89,406.96,3403.2,79.47,42.82,1.856,False,,True,unattributed,9,evt_01-P03_desk_work_surface_0015,ee7053ce2720b469,pose_hand_context,,3075.8,11.54,,1,01/e1/v1,rtmpose_baseline
corpus_01,01.Candidate was found using a mobile phone in the examination hall..mkv,b842b03e5784d867e93770560d88150a526250df69077cd3065edbbd4c842098,dfine_sahi,68860.0,unknown_object,0.447,587.03,357.17,682.93,452.38,9130.5,95.9,95.21,1.007,False,,True,unattributed,9,evt_01-P03_desk_work_surface_0015,ee7053ce2720b469,pose_hand_context,,3075.8,11.54,,1,01/e1/v1,rtmpose_baseline
corpus_01,01.Candidate was found using a mobile phone in the examination hall..mkv,b842b03e5784d867e93770560d88150a526250df69077cd3065edbbd4c842098,dfine_sahi,68860.0,bag,0.3196,637.54,404.87,682.93,452.43,2158.8,45.39,47.56,0.954,False,,True,unattributed,9,evt_01-P03_desk_work_surface_0015,ee7053ce2720b469,pose_hand_context,,3075.8,11.54,,1,01/e1/v1,rtmpose_baseline
corpus_01,01.Candidate was found using a mobile phone in the examination hall..mkv,b842b03e5784d867e93770560d88150a526250df69077cd3065edbbd4c842098,dfine_sahi,69020.0,mouse,0.7491,639.27,368.76,660.09,378.14,195.4,20.83,9.38,2.22,False,,True,unattributed,9,evt_01-P06_desk_work_surface_0043,609945b949b29784,pose_hand_context,,3192.2,11.33,,1,01/e1/v1,rtmpose_baseline
corpus_01,01.Candidate was found using a mobile phone in the examination hall..mkv,b842b03e5784d867e93770560d88150a526250df69077cd3065edbbd4c842098,dfine_sahi,69020.0,unknown_object,0.48,585.99,362.33,681.96,457.41,9124.2,95.97,95.08,1.009,False,,True,unattributed,9,evt_01-P06_desk_work_surface_0043,609945b949b29784,pose_hand_context,,3192.2,11.33,,1,01/e1/v1,rtmpose_baseline
corpus_01,01.Candidate was found using a mobile phone in the examination hall..mkv,b842b03e5784d867e93770560d88150a526250df69077cd3065edbbd4c842098,dfine_sahi,69020.0,unknown_object,0.3526,603.24,364.33,681.95,407.79,3420.2,78.7,43.46,1.811,False,,True,unattributed,9,evt_01-P06_desk_work_surface_0043,609945b949b29784,pose_hand_context,,3192.2,11.33,,1,01/e1/v1,rtmpose_baseline
corpus_01,01.Candidate was found using a mobile phone in the examination hall..mkv,b842b03e5784d867e93770560d88150a526250df69077cd3065edbbd4c842098,dfine_sahi,69020.0,unknown_object,0.5094,115.24,680.05,187.73,719.83,2883.5,72.49,39.78,1.822,False,,True,unattributed,7,evt_01-P06_desk_work_surface_0043,c53cf9adcf41927a,pose_hand_context,,14757.8,4.19,,1,01/e1/v1,rtmpose_baseline
corpus_01,01.Candidate was found using a mobile phone in the examination hall..mkv,b842b03e5784d867e93770560d88150a526250df69077cd3065edbbd4c842098,dfine_sahi,69020.0,unknown_object,0.4963,138.35,602.07,187.95,624.04,1089.7,49.6,21.97,2.258,False,,True,unattributed,7,evt_01-P06_desk_work_surface_0043,c53cf9adcf41927a,pose_hand_context,,14757.8,4.19,,1,01/e1/v1,rtmpose_baseline
corpus_01,01.Candidate was found using a mobile phone in the examination hall..mkv,b842b03e5784d867e93770560d88150a526250df69077cd3065edbbd4c842098,dfine_sahi,69020.0,unknown_object,0.4634,164.02,602.2,254.88,697.25,8637.2,90.86,95.06,0.956,False,,True,unattributed,7,evt_01-P06_desk_work_surface_0043,c53cf9adcf41927a,pose_hand_context,,14757.8,4.19,,1,01/e1/v1,rtmpose_baseline
corpus_01,01.Candidate was found using a mobile phone in the examination hall..mkv,b842b03e5784d867e93770560d88150a526250df69077cd3065edbbd4c842098,dfine_sahi,69020.0,unknown_object,0.3448,92.06,602.09,187.8,697.16,9101.9,95.73,95.08,1.007,False,,True,unattributed,7,evt_01-P06_desk_work_surface_0043,c53cf9adcf41927a,pose_hand_context,,14757.8,4.19,,1,01/e1/v1,rtmpose_baseline
corpus_01,01.Candidate was found using a mobile phone in the examination hall..mkv,b842b03e5784d867e93770560d88150a526250df69077cd3065edbbd4c842098,dfine_sahi,69020.0,unknown_object,0.3034,173.26,664.86,254.92,719.24,4440.9,81.66,54.38,1.502,False,,True,unattributed,7,evt_01-P06_desk_work_surface_0043,c53cf9adcf41927a,pose_hand_context,,14757.8,4.19,,1,01/e1/v1,rtmpose_baseline
corpus_01,01.Candidate was found using a mobile phone in the examination hall..mkv,b842b03e5784d867e93770560d88150a526250df69077cd3065edbbd4c842098,dfine_sahi,69020.0,unknown_object,0.255,167.39,602.09,230.45,644.71,2687.4,63.06,42.62,1.48,False,,True,unattributed,7,evt_01-P06_desk_work_surface_0043,c53cf9adcf41927a,pose_hand_context,,14757.8,4.19,,1,01/e1/v1,rtmpose_baseline
corpus_01,01.Candidate was found using a mobile phone in the examination hall..mkv,b842b03e5784d867e93770560d88150a526250df69077cd3065edbbd4c842098,dfine_sahi,69060.0,unknown_object,0.4854,114.98,619.3,170.0,683.68,3541.7,55.01,64.38,0.854,False,,True,unattributed,7,evt_01-P02_desk_work_surface_0010,000c87e80cfa7e05,pose_hand_context,,15459.0,4.16,,1,01/e1/v1,rtmpose_baseline
corpus_01,01.Candidate was found using a mobile phone in the examination hall..mkv,b842b03e5784d867e93770560d88150a526250df69077cd3065edbbd4c842098,dfine_sahi,69060.0,unknown_object,0.4743,155.04,599.12,237.98,694.2,7885.2,82.94,95.08,0.872,False,,True,unattributed,7,evt_01-P02_desk_work_surface_0010,000c87e80cfa7e05,pose_hand_context,,15459.0,4.16,,1,01/e1/v1,rtmpose_baseline
corpus_01,01.Candidate was found using a mobile phone in the examination hall..mkv,b842b03e5784d867e93770560d88150a526250df69077cd3065edbbd4c842098,dfine_sahi,69060.0,unknown_object,0.4162,156.85,669.39,169.99,694.87,334.8,13.14,25.48,0.516,False,,True,unattributed,7,evt_01-P02_desk_work_surface_0010,000c87e80cfa7e05,pose_hand_context,,15459.0,4.16,,1,01/e1/v1,rtmpose_baseline
corpus_01,01.Candidate was found using a mobile phone in the examination hall..mkv,b842b03e5784d867e93770560d88150a526250df69077cd3065edbbd4c842098,dfine_sahi,69060.0,unknown_object,0.3818,142.02,599.09,188.79,623.84,1157.4,46.77,24.75,1.89,False,,True,unattributed,7,evt_01-P02_desk_work_surface_0010,000c87e80cfa7e05,pose_hand_context,,15459.0,4.16,,1,01/e1/v1,rtmpose_baseline
corpus_01,01.Candidate was found using a mobile phone in the examination hall..mkv,b842b03e5784d867e93770560d88150a526250df69077cd3065edbbd4c842098,dfine_sahi,69060.0,unknown_object,0.3816,125.71,599.07,169.92,623.53,1081.4,44.21,24.46,1.807,False,,True,unattributed,7,evt_01-P02_desk_work_surface_0010,000c87e80cfa7e05,pose_hand_context,,15459.0,4.16,,1,01/e1/v1,rtmpose_baseline
corpus_01,01.Candidate was found using a mobile phone in the examination hall..mkv,b842b03e5784d867e93770560d88150a526250df69077cd3065edbbd4c842098,dfine_sahi,69060.0,unknown_object,0.3373,101.25,619.03,232.9,718.94,13152.8,131.64,99.91,1.318,False,,True,unattributed,7,evt_01-P02_desk_work_surface_0010,000c87e80cfa7e05,pose_hand_context,,15459.0,4.16,,1,01/e1/v1,rtmpose_baseline
corpus_01,01.Candidate was found using a mobile phone in the examination hall..mkv,b842b03e5784d867e93770560d88150a526250df69077cd3065edbbd4c842098,dfine_sahi,69060.0,unknown_object,0.2956,74.01,624.14,169.96,719.41,9141.5,95.95,95.27,1.007,False,,True,unattributed,7,evt_01-P02_desk_work_surface_0010,000c87e80cfa7e05,pose_hand_context,,15459.0,4.16,,1,01/e1/v1,rtmpose_baseline
corpus_01,01.Candidate was found using a mobile phone in the examination hall..mkv,b842b03e5784d867e93770560d88150a526250df69077cd3065edbbd4c842098,dfine_sahi,69060.0,unknown_object,0.2833,142.11,666.1,237.88,719.53,5116.5,95.76,53.43,1.792,False,,True,unattributed,7,evt_01-P02_desk_work_surface_0010,000c87e80cfa7e05,pose_hand_context,,15459.0,4.16,,1,01/e1/v1,rtmpose_baseline
corpus_01,01.Candidate was found using a mobile phone in the examination hall..mkv,b842b03e5784d867e93770560d88150a526250df69077cd3065edbbd4c842098,dfine_sahi,69060.0,mouse,0.7667,639.27,368.81,660.09,378.09,193.2,20.82,9.28,2.244,False,,True,unattributed,9,evt_01-P02_desk_work_surface_0010,dd2a6998b9bf971e,pose_hand_context,,3062.5,11.56,,1,01/e1/v1,rtmpose_baseline
corpus_01,01.Candidate was found using a mobile phone in the examination hall..mkv,b842b03e5784d867e93770560d88150a526250df69077cd3065edbbd4c842098,dfine_sahi,69060.0,monitor_or_bezel,0.4674,603.16,364.33,679.91,408.12,3360.6,76.75,43.79,1.753,False,,True,unattributed,9,evt_01-P02_desk_work_surface_0010,dd2a6998b9bf971e,pose_hand_context,,3062.5,11.56,,1,01/e1/v1,rtmpose_baseline
corpus_01,01.Candidate was found using a mobile phone in the examination hall..mkv,b842b03e5784d867e93770560d88150a526250df69077cd3065edbbd4c842098,dfine_sahi,69060.0,unknown_object,0.4464,583.99,362.32,679.99,457.39,9126.7,96.0,95.07,1.01,False,,True,unattributed,9,evt_01-P02_desk_work_surface_0010,dd2a6998b9bf971e,pose_hand_context,,3062.5,11.56,,1,01/e1/v1,rtmpose_baseline
corpus_01,01.Candidate was found using a mobile phone in the examination hall..mkv,b842b03e5784d867e93770560d88150a526250df69077cd3065edbbd4c842098,dfine_sahi,69060.0,monitor_or_bezel,0.306,584.03,362.52,620.9,429.37,2464.7,36.87,66.85,0.551,False,,True,unattributed,9,evt_01-P02_desk_work_surface_0010,dd2a6998b9bf971e,pose_hand_context,,3062.5,11.56,,1,01/e1/v1,rtmpose_baseline
corpus_01,01.Candidate was found using a mobile phone in the examination hall..mkv,b842b03e5784d867e93770560d88150a526250df69077cd3065edbbd4c842098,dfine_sahi,69060.0,unknown_object,0.2721,584.01,426.01,620.37,457.58,1147.5,36.35,31.57,1.152,False,,True,unattributed,9,evt_01-P02_desk_work_surface_0010,dd2a6998b9bf971e,pose_hand_context,,3062.5,11.56,,1,01/e1/v1,rtmpose_baseline
corpus_01,01.Candidate was found using a mobile phone in the examination hall..mkv,b842b03e5784d867e93770560d88150a526250df69077cd3065edbbd4c842098,dfine_sahi,69220.0,mouse,0.6528,638.99,368.61,660.19,378.28,205.1,21.2,9.67,2.192,False,,True,unattributed,9,evt_01-P05_desk_work_surface_0034,37bf12158f5966e0,pose_hand_context,,3278.7,11.18,,1,01/e1/v1,rtmpose_baseline
corpus_01,01.Candidate was found using a mobile phone in the examination hall..mkv,b842b03e5784d867e93770560d88150a526250df69077cd3065edbbd4c842098,dfine_sahi,69220.0,unknown_object,0.4135,603.51,364.48,661.95,408.91,2596.4,58.44,44.43,1.315,False,,True,unattributed,9,evt_01-P05_desk_work_surface_0034,37bf12158f5966e0,pose_hand_context,,3278.7,11.18,,1,01/e1/v1,rtmpose_baseline
corpus_01,01.Candidate was found using a mobile phone in the examination hall..mkv,b842b03e5784d867e93770560d88150a526250df69077cd3065edbbd4c842098,dfine_sahi,69220.0,unknown_object,0.413,591.05,349.11,686.86,444.12,9102.6,95.81,95.01,1.008,False,,True,unattributed,9,evt_01-P05_desk_work_surface_0034,37bf12158f5966e0,pose_hand_context,,3278.7,11.18,,1,01/e1/v1,rtmpose_baseline
corpus_01,01.Candidate was found using a mobile phone in the examination hall..mkv,b842b03e5784d867e93770560d88150a526250df69077cd3065edbbd4c842098,dfine_sahi,69220.0,unknown_object,0.3868,591.03,424.43,618.37,429.99,152.1,27.34,5.56,4.914,False,,True,unattributed,9,evt_01-P05_desk_work_surface_0034,37bf12158f5966e0,pose_hand_context,,3278.7,11.18,,1,01/e1/v1,rtmpose_baseline
corpus_01,01.Candidate was found using a mobile phone in the examination hall..mkv,b842b03e5784d867e93770560d88150a526250df69077cd3065edbbd4c842098,dfine_sahi,69220.0,unknown_object,0.363,635.3,406.38,686.92,469.25,3245.1,51.62,62.87,0.821,False,,True,unattributed,9,evt_01-P05_desk_work_surface_0034,37bf12158f5966e0,pose_hand_context,,3278.7,11.18,,1,01/e1/v1,rtmpose_baseline
corpus_01,01.Candidate was found using a mobile phone in the examination hall..mkv,b842b03e5784d867e93770560d88150a526250df69077cd3065edbbd4c842098,dfine_sahi,69220.0,unknown_object,0.3475,614.24,368.78,660.52,380.22,529.4,46.28,11.44,4.046,False,,True,unattributed,9,evt_01-P05_desk_work_surface_0034,37bf12158f5966e0,pose_hand_context,,3278.7,11.18,,1,01/e1/v1,rtmpose_baseline
corpus_01,01.Candidate was found using a mobile phone in the examination hall..mkv,b842b03e5784d867e93770560d88150a526250df69077cd3065edbbd4c842098,dfine_sahi,69220.0,unknown_object,0.3468,591.01,426.92,619.57,460.11,948.0,28.57,33.19,0.861,False,,True,unattributed,9,evt_01-P05_desk_work_surface_0034,37bf12158f5966e0,pose_hand_context,,3278.7,11.18,,1,01/e1/v1,rtmpose_baseline
corpus_01,01.Candidate was found using a mobile phone in the examination hall..mkv,b842b03e5784d867e93770560d88150a526250df69077cd3065edbbd4c842098,dfine_sahi,69220.0,unknown_object,0.3399,578.02,398.34,630.96,430.12,1682.3,52.94,31.78,1.666,False,,True,unattributed,9,evt_01-P05_desk_work_surface_0034,37bf12158f5966e0,pose_hand_context,,3278.7,11.18,,1,01/e1/v1,rtmpose_baseline
corpus_01,01.Candidate was found using a mobile phone in the examination hall..mkv,b842b03e5784d867e93770560d88150a526250df69077cd3065edbbd4c842098,dfine_sahi,69220.0,unknown_object,0.3398,603.96,452.07,639.19,469.95,629.8,35.23,17.88,1.97,False,,True,unattributed,9,evt_01-P05_desk_work_surface_0034,37bf12158f5966e0,pose_hand_context,,3278.7,11.18,,1,01/e1/v1,rtmpose_baseline
corpus_01,01.Candidate was found using a mobile phone in the examination hall..mkv,b842b03e5784d867e93770560d88150a526250df69077cd3065edbbd4c842098,dfine_sahi,69220.0,unknown_object,0.312,565.99,374.23,661.93,469.38,9128.5,95.94,95.15,1.008,False,,True,unattributed,9,evt_01-P05_desk_work_surface_0034,37bf12158f5966e0,pose_hand_context,,3278.7,11.18,,1,01/e1/v1,rtmpose_baseline
corpus_01,01.Candidate was found using a mobile phone in the examination hall..mkv,b842b03e5784d867e93770560d88150a526250df69077cd3065edbbd4c842098,dfine_sahi,69220.0,unknown_object,0.3064,566.05,424.97,619.67,444.89,1067.9,53.62,19.92,2.692,False,,True,unattributed,9,evt_01-P05_desk_work_surface_0034,37bf12158f5966e0,pose_hand_context,,3278.7,11.18,,1,01/e1/v1,rtmpose_baseline
corpus_01,01.Candidate was found using a mobile phone in the examination hall..mkv,b842b03e5784d867e93770560d88150a526250df69077cd3065edbbd4c842098,dfine_sahi,69220.0,unknown_object,0.2852,566.1,424.94,620.07,469.57,2408.5,53.97,44.63,1.209,False,,True,unattributed,9,evt_01-P05_desk_work_surface_0034,37bf12158f5966e0,pose_hand_context,,3278.7,11.18,,1,01/e1/v1,rtmpose_baseline
corpus_01,01.Candidate was found using a mobile phone in the examination hall..mkv,b842b03e5784d867e93770560d88150a526250df69077cd3065edbbd4c842098,dfine_sahi,69220.0,unknown_object,0.2832,604.25,419.05,661.94,469.62,2916.7,57.68,50.56,1.141,False,,True,unattributed,9,evt_01-P05_desk_work_surface_0034,37bf12158f5966e0,pose_hand_context,,3278.7,11.18,,1,01/e1/v1,rtmpose_baseline
corpus_01,01.Candidate was found using a mobile phone in the examination hall..mkv,b842b03e5784d867e93770560d88150a526250df69077cd3065edbbd4c842098,dfine_sahi,69220.0,unknown_object,0.2711,566.03,349.33,631.33,429.93,5264.2,65.31,80.61,0.81,False,,True,unattributed,9,evt_01-P05_desk_work_surface_0034,37bf12158f5966e0,pose_hand_context,,3278.7,11.18,,1,01/e1/v1,rtmpose_baseline
corpus_01,01.Candidate was found using a mobile phone in the examination hall..mkv,b842b03e5784d867e93770560d88150a526250df69077cd3065edbbd4c842098,dfine_sahi,69220.0,unknown_object,0.2555,651.49,404.26,662.01,421.78,184.4,10.53,17.52,0.601,False,,True,unattributed,9,evt_01-P05_desk_work_surface_0034,37bf12158f5966e0,pose_hand_context,,3278.7,11.18,,1,01/e1/v1,rtmpose_baseline
corpus_01,01.Candidate was found using a mobile phone in the examination hall..mkv,b842b03e5784d867e93770560d88150a526250df69077cd3065edbbd4c842098,dfine_sahi,69220.0,unknown_object,0.5223,65.88,678.97,112.65,719.25,1883.5,46.77,40.27,1.161,False,,True,unattributed,7,evt_01-P05_desk_work_surface_0034,e25b84c463805e20,pose_hand_context,,10949.7,4.88,,1,01/e1/v1,rtmpose_baseline
corpus_01,01.Candidate was found using a mobile phone in the examination hall..mkv,b842b03e5784d867e93770560d88150a526250df69077cd3065edbbd4c842098,dfine_sahi,69220.0,unknown_object,0.4596,40.99,624.48,113.23,719.11,6835.8,72.23,94.63,0.763,False,,True,unattributed,7,evt_01-P05_desk_work_surface_0034,e25b84c463805e20,pose_hand_context,,10949.7,4.88,,1,01/e1/v1,rtmpose_baseline
corpus_01,01.Candidate was found using a mobile phone in the examination hall..mkv,b842b03e5784d867e93770560d88150a526250df69077cd3065edbbd4c842098,dfine_sahi,69220.0,unknown_object,0.4277,87.0,687.62,110.47,719.92,758.1,23.47,32.31,0.726,False,,True,unattributed,7,evt_01-P05_desk_work_surface_0034,e25b84c463805e20,pose_hand_context,,10949.7,4.88,,1,01/e1/v1,rtmpose_baseline
corpus_01,01.Candidate was found using a mobile phone in the examination hall..mkv,b842b03e5784d867e93770560d88150a526250df69077cd3065edbbd4c842098,dfine_sahi,69220.0,unknown_object,0.352,103.59,611.29,182.98,706.23,7537.0,79.39,94.94,0.836,False,,True,unattributed,7,evt_01-P05_desk_work_surface_0034,e25b84c463805e20,pose_hand_context,,10949.7,4.88,,1,01/e1/v1,rtmpose_baseline
corpus_01,01.Candidate was found using a mobile phone in the examination hall..mkv,b842b03e5784d867e93770560d88150a526250df69077cd3065edbbd4c842098,dfine_sahi,69220.0,phone,0.3391,32.1,611.03,82.26,643.52,1629.2,50.16,32.48,1.544,False,,True,unattributed,7,evt_01-P05_desk_work_surface_0034,e25b84c463805e20,pose_hand_context,,10949.7,4.88,,1,01/e1/v1,rtmpose_baseline
corpus_01,01.Candidate was found using a mobile phone in the examination hall..mkv,b842b03e5784d867e93770560d88150a526250df69077cd3065edbbd4c842098,dfine_sahi,69220.0,unknown_object,0.2578,87.03,611.06,135.93,631.46,997.4,48.9,20.4,2.397,False,,True,unattributed,7,evt_01-P05_desk_work_surface_0034,e25b84c463805e20,pose_hand_context,,10949.7,4.88,,1,01/e1/v1,rtmpose_baseline
corpus_01,01.Candidate was found using a mobile phone in the examination hall..mkv,b842b03e5784d867e93770560d88150a526250df69077cd3065edbbd4c842098,dfine_sahi,69220.0,unknown_object,0.256,37.78,624.06,77.06,643.42,760.3,39.28,19.36,2.029,False,,True,unattributed,7,evt_01-P05_desk_work_surface_0034,e25b84c463805e20,pose_hand_context,,10949.7,4.88,,1,01/e1/v1,rtmpose_baseline
corpus_01,01.Candidate was found using a mobile phone in the examination hall..mkv,b842b03e5784d867e93770560d88150a526250df69077cd3065edbbd4c842098,dfine_sahi,69380.0,unknown_object,0.4556,0.08,529.79,101.33,634.19,10570.4,101.25,104.4,0.97,False,,True,unattributed,7,evt_01-P01_desk_work_surface_0002,c0d3d2fe46c17c19,native_source_context_fallback,wrist_confidence_below_floor,37015.3,3.26,,1,01/e1/v1,rtmpose_baseline
corpus_01,01.Candidate was found using a mobile phone in the examination hall..mkv,b842b03e5784d867e93770560d88150a526250df69077cd3065edbbd4c842098,dfine_sahi,69380.0,unknown_object,0.3989,85.04,611.13,195.83,716.18,11637.7,110.79,105.05,1.055,False,,True,unattributed,7,evt_01-P01_desk_work_surface_0002,c0d3d2fe46c17c19,native_source_context_fallback,wrist_confidence_below_floor,37015.3,3.26,,1,01/e1/v1,rtmpose_baseline
corpus_01,01.Candidate was found using a mobile phone in the examination hall..mkv,b842b03e5784d867e93770560d88150a526250df69077cd3065edbbd4c842098,dfine_sahi,69380.0,unknown_object,0.3922,84.98,529.08,195.98,634.17,11665.5,111.0,105.09,1.056,False,,True,unattributed,7,evt_01-P01_desk_work_surface_0002,c0d3d2fe46c17c19,native_source_context_fallback,wrist_confidence_below_floor,37015.3,3.26,,1,01/e1/v1,rtmpose_baseline
corpus_01,01.Candidate was found using a mobile phone in the examination hall..mkv,b842b03e5784d867e93770560d88150a526250df69077cd3065edbbd4c842098,dfine_sahi,69380.0,unknown_object,0.3394,152.5,529.09,182.31,546.1,506.9,29.8,17.01,1.752,False,,True,unattributed,7,evt_01-P01_desk_work_surface_0002,c0d3d2fe46c17c19,native_source_context_fallback,wrist_confidence_below_floor,37015.3,3.26,,1,01/e1/v1,rtmpose_baseline
corpus_01,01.Candidate was found using a mobile phone in the examination hall..mkv,b842b03e5784d867e93770560d88150a526250df69077cd3065edbbd4c842098,dfine_sahi,69380.0,unknown_object,0.328,22.7,611.17,88.71,645.38,2258.1,66.01,34.21,1.93,False,,True,unattributed,7,evt_01-P01_desk_work_surface_0002,c0d3d2fe46c17c19,native_source_context_fallback,wrist_confidence_below_floor,37015.3,3.26,,1,01/e1/v1,rtmpose_baseline
corpus_01,01.Candidate was found using a mobile phone in the examination hall..mkv,b842b03e5784d867e93770560d88150a526250df69077cd3065edbbd4c842098,dfine_sahi,69380.0,unknown_object,0.3188,71.56,560.61,100.77,617.61,1665.2,29.22,57.0,0.513,False,,True,unattributed,7,evt_01-P01_desk_work_surface_0002,c0d3d2fe46c17c19,native_source_context_fallback,wrist_confidence_below_floor,37015.3,3.26,,1,01/e1/v1,rtmpose_baseline
corpus_01,01.Candidate was found using a mobile phone in the examination hall..mkv,b842b03e5784d867e93770560d88150a526250df69077cd3065edbbd4c842098,dfine_sahi,69380.0,unknown_object,0.2991,-0.05,529.41,195.96,715.83,36540.5,196.01,186.42,1.051,False,,True,unattributed,7,evt_01-P01_desk_work_surface_0002,c0d3d2fe46c17c19,native_source_context_fallback,wrist_confidence_below_floor,37015.3,3.26,,1,01/e1/v1,rtmpose_baseline
corpus_01,01.Candidate was found using a mobile phone in the examination hall..mkv,b842b03e5784d867e93770560d88150a526250df69077cd3065edbbd4c842098,dfine_sahi,69380.0,unknown_object,0.274,0.01,611.19,110.02,716.25,11558.2,110.01,105.06,1.047,False,,True,unattributed,7,evt_01-P01_desk_work_surface_0002,c0d3d2fe46c17c19,native_source_context_fallback,wrist_confidence_below_floor,37015.3,3.26,,1,01/e1/v1,rtmpose_baseline
corpus_01,01.Candidate was found using a mobile phone in the examination hall..mkv,b842b03e5784d867e93770560d88150a526250df69077cd3065edbbd4c842098,dfine_sahi,69380.0,unknown_object,0.2553,85.05,589.93,189.39,634.38,4638.3,104.34,44.45,2.347,False,,True,unattributed,7,evt_01-P01_desk_work_surface_0002,c0d3d2fe46c17c19,native_source_context_fallback,wrist_confidence_below_floor,37015.3,3.26,,1,01/e1/v1,rtmpose_baseline
corpus_01,01.Candidate was found using a mobile phone in the examination hall..mkv,b842b03e5784d867e93770560d88150a526250df69077cd3065edbbd4c842098,dfine_sahi,69380.0,unknown_object,0.2528,-0.03,581.27,34.25,634.34,1819.5,34.28,53.07,0.646,False,,True,unattributed,7,evt_01-P01_desk_work_surface_0002,c0d3d2fe46c17c19,native_source_context_fallback,wrist_confidence_below_floor,37015.3,3.26,,1,01/e1/v1,rtmpose_baseline
corpus_01,01.Candidate was found using a mobile phone in the examination hall..mkv,b842b03e5784d867e93770560d88150a526250df69077cd3065edbbd4c842098,dfine_sahi,69380.0,mouse,0.8523,639.29,368.65,660.29,378.08,198.1,21.01,9.43,2.227,False,,True,unattributed,9,evt_01-P01_desk_work_surface_0002,d4004fa4f8369c41,pose_hand_context,,3299.4,11.14,,1,01/e1/v1,rtmpose_baseline
corpus_01,01.Candidate was found using a mobile phone in the examination hall..mkv,b842b03e5784d867e93770560d88150a526250df69077cd3065edbbd4c842098,dfine_sahi,69380.0,monitor_or_bezel,0.6605,603.56,364.32,676.92,427.5,4635.0,73.36,63.18,1.161,False,,True,unattributed,9,evt_01-P01_desk_work_surface_0002,d4004fa4f8369c41,pose_hand_context,,3299.4,11.14,,1,01/e1/v1,rtmpose_baseline
corpus_01,01.Candidate was found using a mobile phone in the examination hall..mkv,b842b03e5784d867e93770560d88150a526250df69077cd3065edbbd4c842098,dfine_sahi,69380.0,monitor_or_bezel,0.6198,644.85,349.53,701.93,412.32,3583.8,57.08,62.79,0.909,False,,True,unattributed,9,evt_01-P01_desk_work_surface_0002,d4004fa4f8369c41,pose_hand_context,,3299.4,11.14,,1,01/e1/v1,rtmpose_baseline
corpus_01,01.Candidate was found using a mobile phone in the examination hall..mkv,b842b03e5784d867e93770560d88150a526250df69077cd3065edbbd4c842098,dfine_sahi,69380.0,unknown_object,0.603,634.91,405.51,694.54,469.46,3813.3,59.63,63.95,0.932,False,,True,unattributed,9,evt_01-P01_desk_work_surface_0002,d4004fa4f8369c41,pose_hand_context,,3299.4,11.14,,1,01/e1/v1,rtmpose_baseline
corpus_01,01.Candidate was found using a mobile phone in the examination hall..mkv,b842b03e5784d867e93770560d88150a526250df69077cd3065edbbd4c842098,dfine_sahi,69380.0,unknown_object,0.4593,581.04,426.25,619.84,468.61,1643.6,38.8,42.36,0.916,False,,True,unattributed,9,evt_01-P01_desk_work_surface_0002,d4004fa4f8369c41,pose_hand_context,,3299.4,11.14,,1,01/e1/v1,rtmpose_baseline
corpus_01,01.Candidate was found using a mobile phone in the examination hall..mkv,b842b03e5784d867e93770560d88150a526250df69077cd3065edbbd4c842098,dfine_sahi,69380.0,unknown_object,0.4378,606.01,412.63,648.22,468.99,2379.0,42.21,56.36,0.749,False,,True,unattributed,9,evt_01-P01_desk_work_surface_0002,d4004fa4f8369c41,pose_hand_context,,3299.4,11.14,,1,01/e1/v1,rtmpose_baseline
corpus_01,01.Candidate was found using a mobile phone in the examination hall..mkv,b842b03e5784d867e93770560d88150a526250df69077cd3065edbbd4c842098,dfine_sahi,69380.0,unknown_object,0.4232,607.53,374.08,676.98,427.41,3704.0,69.45,53.33,1.302,False,,True,unattributed,9,evt_01-P01_desk_work_surface_0002,d4004fa4f8369c41,pose_hand_context,,3299.4,11.14,,1,01/e1/v1,rtmpose_baseline
corpus_01,01.Candidate was found using a mobile phone in the examination hall..mkv,b842b03e5784d867e93770560d88150a526250df69077cd3065edbbd4c842098,dfine_sahi,69380.0,unknown_object,0.4019,594.02,361.21,689.81,456.2,9098.9,95.79,94.99,1.008,False,,True,unattributed,9,evt_01-P01_desk_work_surface_0002,d4004fa4f8369c41,pose_hand_context,,3299.4,11.14,,1,01/e1/v1,rtmpose_baseline
corpus_01,01.Candidate was found using a mobile phone in the examination hall..mkv,b842b03e5784d867e93770560d88150a526250df69077cd3065edbbd4c842098,dfine_sahi,69380.0,unknown_object,0.3823,594.02,427.08,619.04,455.86,720.3,25.02,28.78,0.869,False,,True,unattributed,9,evt_01-P01_desk_work_surface_0002,d4004fa4f8369c41,pose_hand_context,,3299.4,11.14,,1,01/e1/v1,rtmpose_baseline
corpus_01,01.Candidate was found using a mobile phone in the examination hall..mkv,b842b03e5784d867e93770560d88150a526250df69077cd3065edbbd4c842098,dfine_sahi,69380.0,stationery,0.3554,639.48,374.03,659.89,378.18,84.8,20.42,4.15,4.917,True,object footprint 85 px is under the 120 px floor for a call,False,unattributed,9,evt_01-P01_desk_work_surface_0002,d4004fa4f8369c41,pose_hand_context,,3299.4,11.14,,1,01/e1/v1,rtmpose_baseline
corpus_01,01.Candidate was found using a mobile phone in the examination hall..mkv,b842b03e5784d867e93770560d88150a526250df69077cd3065edbbd4c842098,dfine_sahi,69380.0,unknown_object,0.3036,603.78,364.74,682.66,380.72,1260.2,78.88,15.98,4.937,False,,True,unattributed,9,evt_01-P01_desk_work_surface_0002,d4004fa4f8369c41,pose_hand_context,,3299.4,11.14,,1,01/e1/v1,rtmpose_baseline
corpus_01,01.Candidate was found using a mobile phone in the examination hall..mkv,b842b03e5784d867e93770560d88150a526250df69077cd3065edbbd4c842098,dfine_sahi,69380.0,unknown_object,0.2989,639.18,405.75,676.95,443.47,1424.8,37.78,37.72,1.002,False,,True,unattributed,9,evt_01-P01_desk_work_surface_0002,d4004fa4f8369c41,pose_hand_context,,3299.4,11.14,,1,01/e1/v1,rtmpose_baseline
corpus_01,01.Candidate was found using a mobile phone in the examination hall..mkv,b842b03e5784d867e93770560d88150a526250df69077cd3065edbbd4c842098,dfine_sahi,69380.0,monitor_or_bezel,0.2896,606.36,412.66,648.41,443.83,1310.6,42.05,31.17,1.349,False,,True,unattributed,9,evt_01-P01_desk_work_surface_0002,d4004fa4f8369c41,pose_hand_context,,3299.4,11.14,,1,01/e1/v1,rtmpose_baseline
corpus_01,01.Candidate was found using a mobile phone in the examination hall..mkv,b842b03e5784d867e93770560d88150a526250df69077cd3065edbbd4c842098,dfine_sahi,69380.0,unknown_object,0.2829,602.2,361.04,688.79,367.53,562.1,86.59,6.49,13.338,False,,True,unattributed,9,evt_01-P01_desk_work_surface_0002,d4004fa4f8369c41,pose_hand_context,,3299.4,11.14,,1,01/e1/v1,rtmpose_baseline
corpus_01,01.Candidate was found using a mobile phone in the examination hall..mkv,b842b03e5784d867e93770560d88150a526250df69077cd3065edbbd4c842098,dfine_sahi,69380.0,unknown_object,0.2653,581.22,405.59,677.02,469.68,6139.3,95.8,64.09,1.495,False,,True,unattributed,9,evt_01-P01_desk_work_surface_0002,d4004fa4f8369c41,pose_hand_context,,3299.4,11.14,,1,01/e1/v1,rtmpose_baseline
corpus_01,01.Candidate was found using a mobile phone in the examination hall..mkv,b842b03e5784d867e93770560d88150a526250df69077cd3065edbbd4c842098,dfine_sahi,69500.0,stationery,0.7742,38.24,560.59,99.85,623.91,3901.5,61.61,63.32,0.973,False,,True,unattributed,7,evt_01-P01_upper_body_0006,3522d6561483e82d,native_source_context_fallback,wrist_confidence_below_floor,32108.5,3.42,,1,01/e1/v1,rtmpose_baseline
corpus_01,01.Candidate was found using a mobile phone in the examination hall..mkv,b842b03e5784d867e93770560d88150a526250df69077cd3065edbbd4c842098,dfine_sahi,69500.0,unknown_object,0.55,0.56,613.12,96.08,718.51,10066.7,95.52,105.39,0.906,False,,True,unattributed,7,evt_01-P01_upper_body_0006,3522d6561483e82d,native_source_context_fallback,wrist_confidence_below_floor,32108.5,3.42,,1,01/e1/v1,rtmpose_baseline
corpus_01,01.Candidate was found using a mobile phone in the examination hall..mkv,b842b03e5784d867e93770560d88150a526250df69077cd3065edbbd4c842098,dfine_sahi,69500.0,unknown_object,0.3431,74.94,612.99,170.91,718.51,10127.7,95.97,105.53,0.909,False,,True,unattributed,7,evt_01-P01_upper_body_0006,3522d6561483e82d,native_source_context_fallback,wrist_confidence_below_floor,32108.5,3.42,,1,01/e1/v1,rtmpose_baseline
corpus_01,01.Candidate was found using a mobile phone in the examination hall..mkv,b842b03e5784d867e93770560d88150a526250df69077cd3065edbbd4c842098,dfine_sahi,69500.0,unknown_object,0.3404,75.08,531.12,171.13,636.55,10126.2,96.04,105.43,0.911,False,,True,unattributed,7,evt_01-P01_upper_body_0006,3522d6561483e82d,native_source_context_fallback,wrist_confidence_below_floor,32108.5,3.42,,1,01/e1/v1,rtmpose_baseline
corpus_01,01.Candidate was found using a mobile phone in the examination hall..mkv,b842b03e5784d867e93770560d88150a526250df69077cd3065edbbd4c842098,dfine_sahi,69500.0,unknown_object,0.3146,47.89,613.01,90.5,622.49,403.9,42.61,9.48,4.495,False,,True,unattributed,7,evt_01-P01_upper_body_0006,3522d6561483e82d,native_source_context_fallback,wrist_confidence_below_floor,32108.5,3.42,,1,01/e1/v1,rtmpose_baseline
corpus_01,01.Candidate was found using a mobile phone in the examination hall..mkv,b842b03e5784d867e93770560d88150a526250df69077cd3065edbbd4c842098,dfine_sahi,69500.0,keyboard,0.3067,74.94,560.37,100.44,620.04,1521.3,25.5,59.67,0.427,False,,True,unattributed,7,evt_01-P01_upper_body_0006,3522d6561483e82d,native_source_context_fallback,wrist_confidence_below_floor,32108.5,3.42,,1,01/e1/v1,rtmpose_baseline
corpus_01,01.Candidate was found using a mobile phone in the examination hall..mkv,b842b03e5784d867e93770560d88150a526250df69077cd3065edbbd4c842098,dfine_sahi,69500.0,monitor_or_bezel,0.3053,86.74,531.06,171.01,586.73,4690.6,84.27,55.66,1.514,False,,True,unattributed,7,evt_01-P01_upper_body_0006,3522d6561483e82d,native_source_context_fallback,wrist_confidence_below_floor,32108.5,3.42,,1,01/e1/v1,rtmpose_baseline
corpus_01,01.Candidate was found using a mobile phone in the examination hall..mkv,b842b03e5784d867e93770560d88150a526250df69077cd3065edbbd4c842098,dfine_sahi,69500.0,unknown_object,0.3032,126.47,664.57,143.8,674.24,167.6,17.33,9.67,1.791,False,,True,unattributed,7,evt_01-P01_upper_body_0006,3522d6561483e82d,native_source_context_fallback,wrist_confidence_below_floor,32108.5,3.42,,1,01/e1/v1,rtmpose_baseline
corpus_01,01.Candidate was found using a mobile phone in the examination hall..mkv,b842b03e5784d867e93770560d88150a526250df69077cd3065edbbd4c842098,dfine_sahi,69500.0,unknown_object,0.2801,152.45,531.05,171.04,546.21,281.9,18.59,15.16,1.226,False,,True,unattributed,7,evt_01-P01_upper_body_0006,3522d6561483e82d,native_source_context_fallback,wrist_confidence_below_floor,32108.5,3.42,,1,01/e1/v1,rtmpose_baseline
corpus_01,01.Candidate was found using a mobile phone in the examination hall..mkv,b842b03e5784d867e93770560d88150a526250df69077cd3065edbbd4c842098,dfine_sahi,69500.0,monitor_or_bezel,0.2554,75.04,560.25,171.06,636.85,7355.0,96.02,76.6,1.254,False,,True,unattributed,7,evt_01-P01_upper_body_0006,3522d6561483e82d,native_source_context_fallback,wrist_confidence_below_floor,32108.5,3.42,,1,01/e1/v1,rtmpose_baseline
corpus_01,01.Candidate was found using a mobile phone in the examination hall..mkv,b842b03e5784d867e93770560d88150a526250df69077cd3065edbbd4c842098,dfine_sahi,69500.0,unknown_object,0.5876,4.32,624.13,99.89,719.39,9105.0,95.58,95.26,1.003,False,,True,unattributed,14,evt_01-P01_upper_body_0006,3d71d4d1b4eee1fc,native_source_context_fallback,wrist_confidence_below_floor,17075.7,3.78,,1,01/e1/v1,rtmpose_baseline
corpus_01,01.Candidate was found using a mobile phone in the examination hall..mkv,b842b03e5784d867e93770560d88150a526250df69077cd3065edbbd4c842098,dfine_sahi,69500.0,unknown_object,0.3926,78.02,624.04,173.99,719.63,9173.9,95.97,95.59,1.004,False,,True,unattributed,14,evt_01-P01_upper_body_0006,3d71d4d1b4eee1fc,native_source_context_fallback,wrist_confidence_below_floor,17075.7,3.78,,1,01/e1/v1,rtmpose_baseline
corpus_01,01.Candidate was found using a mobile phone in the examination hall..mkv,b842b03e5784d867e93770560d88150a526250df69077cd3065edbbd4c842098,dfine_sahi,69500.0,unknown_object,0.3533,36.55,598.05,99.25,623.85,1617.5,62.7,25.8,2.431,False,,True,unattributed,14,evt_01-P01_upper_body_0006,3d71d4d1b4eee1fc,native_source_context_fallback,wrist_confidence_below_floor,17075.7,3.78,,1,01/e1/v1,rtmpose_baseline
corpus_01,01.Candidate was found using a mobile phone in the examination hall..mkv,b842b03e5784d867e93770560d88150a526250df69077cd3065edbbd4c842098,dfine_sahi,69500.0,unknown_object,0.3244,126.69,662.67,143.98,674.99,213.1,17.29,12.32,1.403,False,,True,unattributed,14,evt_01-P01_upper_body_0006,3d71d4d1b4eee1fc,native_source_context_fallback,wrist_confidence_below_floor,17075.7,3.78,,1,01/e1/v1,rtmpose_baseline
corpus_01,01.Candidate was found using a mobile phone in the examination hall..mkv,b842b03e5784d867e93770560d88150a526250df69077cd3065edbbd4c842098,dfine_sahi,69500.0,stationery,0.7431,38.19,560.59,95.85,624.6,3691.1,57.67,64.01,0.901,False,,True,unattributed,15,evt_01-P01_upper_body_0006,4151119075254674,native_source_context_fallback,no_pose_observation,6194.2,4.83,,1,01/e1/v1,
corpus_01,01.Candidate was found using a mobile phone in the examination hall..mkv,b842b03e5784d867e93770560d88150a526250df69077cd3065edbbd4c842098,dfine_sahi,69500.0,stationery,0.4545,10.45,560.04,96.04,663.69,8871.7,85.59,103.65,0.826,False,,True,unattributed,15,evt_01-P01_upper_body_0006,4151119075254674,native_source_context_fallback,no_pose_observation,6194.2,4.83,,1,01/e1/v1,
corpus_01,01.Candidate was found using a mobile phone in the examination hall..mkv,b842b03e5784d867e93770560d88150a526250df69077cd3065edbbd4c842098,dfine_sahi,69500.0,stationery,0.2756,10.35,618.99,95.89,663.8,3833.5,85.55,44.81,1.909,False,,True,unattributed,15,evt_01-P01_upper_body_0006,4151119075254674,native_source_context_fallback,no_pose_observation,6194.2,4.83,,1,01/e1/v1,
corpus_01,01.Candidate was found using a mobile phone in the examination hall..mkv,b842b03e5784d867e93770560d88150a526250df69077cd3065edbbd4c842098,dfine_sahi,69500.0,stationery,0.8145,38.49,561.04,96.02,624.14,3630.5,57.53,63.1,0.912,False,,True,unattributed,16,evt_01-P01_upper_body_0006,4b0d7eb91f4d5f98,native_source_context_fallback,no_pose_observation,9045.1,3.42,,1,01/e1/v1,
corpus_01,01.Candidate was found using a mobile phone in the examination hall..mkv,b842b03e5784d867e93770560d88150a526250df69077cd3065edbbd4c842098,dfine_sahi,69500.0,mouse,0.8672,639.34,368.67,660.3,378.0,195.5,20.95,9.33,2.246,False,,True,unattributed,9,evt_01-P01_upper_body_0006,5395bfb5ce127735,pose_hand_context,,3633.7,10.62,,1,01/e1/v1,rtmpose_baseline
corpus_01,01.Candidate was found using a mobile phone in the examination hall..mkv,b842b03e5784d867e93770560d88150a526250df69077cd3065edbbd4c842098,dfine_sahi,69500.0,monitor_or_bezel,0.8373,624.09,350.46,709.79,416.75,5680.7,85.7,66.29,1.293,False,,True,unattributed,9,evt_01-P01_upper_body_0006,5395bfb5ce127735,pose_hand_context,,3633.7,10.62,,1,01/e1/v1,rtmpose_baseline
corpus_01,01.Candidate was found using a mobile phone in the examination hall..mkv,b842b03e5784d867e93770560d88150a526250df69077cd3065edbbd4c842098,dfine_sahi,69500.0,unknown_object,0.6634,637.36,405.84,694.19,457.5,2936.1,56.83,51.66,1.1,False,,True,unattributed,9,evt_01-P01_upper_body_0006,5395bfb5ce127735,pose_hand_context,,3633.7,10.62,,1,01/e1/v1,rtmpose_baseline
corpus_01,01.Candidate was found using a mobile phone in the examination hall..mkv,b842b03e5784d867e93770560d88150a526250df69077cd3065edbbd4c842098,dfine_sahi,69500.0,mouse,0.4983,651.01,368.81,660.04,376.73,71.6,9.04,7.93,1.14,True,object footprint 72 px is under the 120 px floor for a call,False,unattributed,9,evt_01-P01_upper_body_0006,5395bfb5ce127735,pose_hand_context,,3633.7,10.62,,1,01/e1/v1,rtmpose_baseline
corpus_01,01.Candidate was found using a mobile phone in the examination hall..mkv,b842b03e5784d867e93770560d88150a526250df69077cd3065edbbd4c842098,dfine_sahi,69500.0,phone,0.4422,655.64,362.11,711.24,396.21,1895.8,55.6,34.1,1.631,False,,True,unattributed,9,evt_01-P01_upper_body_0006,5395bfb5ce127735,pose_hand_context,,3633.7,10.62,,1,01/e1/v1,rtmpose_baseline
corpus_01,01.Candidate was found using a mobile phone in the examination hall..mkv,b842b03e5784d867e93770560d88150a526250df69077cd3065edbbd4c842098,dfine_sahi,69500.0,monitor_or_bezel,0.4419,656.18,350.97,709.99,396.07,2426.9,53.81,45.1,1.193,False,,True,unattributed,9,evt_01-P01_upper_body_0006,5395bfb5ce127735,pose_hand_context,,3633.7,10.62,,1,01/e1/v1,rtmpose_baseline
corpus_01,01.Candidate was found using a mobile phone in the examination hall..mkv,b842b03e5784d867e93770560d88150a526250df69077cd3065edbbd4c842098,dfine_sahi,69500.0,unknown_object,0.4054,624.02,409.8,657.11,456.6,1548.4,33.09,46.79,0.707,False,,True,unattributed,9,evt_01-P01_upper_body_0006,5395bfb5ce127735,pose_hand_context,,3633.7,10.62,,1,01/e1/v1,rtmpose_baseline
corpus_01,01.Candidate was found using a mobile phone in the examination hall..mkv,b842b03e5784d867e93770560d88150a526250df69077cd3065edbbd4c842098,dfine_sahi,69500.0,monitor_or_bezel,0.3652,624.08,405.59,693.34,430.66,1736.6,69.26,25.07,2.763,False,,True,unattributed,9,evt_01-P01_upper_body_0006,5395bfb5ce127735,pose_hand_context,,3633.7,10.62,,1,01/e1/v1,rtmpose_baseline
corpus_01,01.Candidate was found using a mobile phone in the examination hall..mkv,b842b03e5784d867e93770560d88150a526250df69077cd3065edbbd4c842098,dfine_sahi,69500.0,unknown_object,0.3646,651.03,362.08,746.83,457.67,9156.9,95.8,95.58,1.002,False,,True,unattributed,9,evt_01-P01_upper_body_0006,5395bfb5ce127735,pose_hand_context,,3633.7,10.62,,1,01/e1/v1,rtmpose_baseline
corpus_01,01.Candidate was found using a mobile phone in the examination hall..mkv,b842b03e5784d867e93770560d88150a526250df69077cd3065edbbd4c842098,dfine_sahi,69500.0,unknown_object,0.362,651.03,364.87,695.91,430.27,2934.8,44.88,65.4,0.686,False,,True,unattributed,9,evt_01-P01_upper_body_0006,5395bfb5ce127735,pose_hand_context,,3633.7,10.62,,1,01/e1/v1,rtmpose_baseline
corpus_01,01.Candidate was found using a mobile phone in the examination hall..mkv,b842b03e5784d867e93770560d88150a526250df69077cd3065edbbd4c842098,dfine_sahi,69500.0,unknown_object,0.3094,651.0,405.45,693.84,430.75,1084.3,42.84,25.31,1.693,False,,True,unattributed,9,evt_01-P01_upper_body_0006,5395bfb5ce127735,pose_hand_context,,3633.7,10.62,,1,01/e1/v1,rtmpose_baseline
corpus_01,01.Candidate was found using a mobile phone in the examination hall..mkv,b842b03e5784d867e93770560d88150a526250df69077cd3065edbbd4c842098,dfine_sahi,69500.0,unknown_object,0.3077,689.14,362.55,719.96,457.06,2912.0,30.81,94.5,0.326,False,,True,unattributed,9,evt_01-P01_upper_body_0006,5395bfb5ce127735,pose_hand_context,,3633.7,10.62,,1,01/e1/v1,rtmpose_baseline
corpus_01,01.Candidate was found using a mobile phone in the examination hall..mkv,b842b03e5784d867e93770560d88150a526250df69077cd3065edbbd4c842098,dfine_sahi,69500.0,keyboard,0.2912,624.02,365.23,682.9,399.3,2006.0,58.88,34.07,1.728,False,,True,unattributed,9,evt_01-P01_upper_body_0006,5395bfb5ce127735,pose_hand_context,,3633.7,10.62,,1,01/e1/v1,rtmpose_baseline
corpus_01,01.Candidate was found using a mobile phone in the examination hall..mkv,b842b03e5784d867e93770560d88150a526250df69077cd3065edbbd4c842098,dfine_sahi,69500.0,mouse,0.2845,657.3,390.81,666.3,395.48,42.0,9.0,4.66,1.93,True,object footprint 42 px is under the 120 px floor for a call,False,unattributed,9,evt_01-P01_upper_body_0006,5395bfb5ce127735,pose_hand_context,,3633.7,10.62,,1,01/e1/v1,rtmpose_baseline
corpus_01,01.Candidate was found using a mobile phone in the examination hall..mkv,b842b03e5784d867e93770560d88150a526250df69077cd3065edbbd4c842098,dfine_sahi,69500.0,keyboard,0.2661,624.0,413.04,635.53,428.36,176.7,11.53,15.33,0.752,False,,True,unattributed,9,evt_01-P01_upper_body_0006,5395bfb5ce127735,pose_hand_context,,3633.7,10.62,,1,01/e1/v1,rtmpose_baseline
corpus_01,01.Candidate was found using a mobile phone in the examination hall..mkv,b842b03e5784d867e93770560d88150a526250df69077cd3065edbbd4c842098,dfine_sahi,69500.0,unknown_object,0.2551,651.05,335.12,684.98,367.0,1082.0,33.94,31.88,1.064,False,,True,unattributed,9,evt_01-P01_upper_body_0006,5395bfb5ce127735,pose_hand_context,,3633.7,10.62,,1,01/e1/v1,rtmpose_baseline
corpus_01,01.Candidate was found using a mobile phone in the examination hall..mkv,b842b03e5784d867e93770560d88150a526250df69077cd3065edbbd4c842098,dfine_sahi,69580.0,mouse,0.7506,639.33,368.75,660.13,378.19,196.4,20.8,9.44,2.203,False,,True,unattributed,9,evt_01-P03_upper_body_0020,3ec40d3b5bb1368d,pose_hand_context,,3772.4,10.42,,1,01/e1/v1,rtmpose_baseline
corpus_01,01.Candidate was found using a mobile phone in the examination hall..mkv,b842b03e5784d867e93770560d88150a526250df69077cd3065edbbd4c842098,dfine_sahi,69580.0,unknown_object,0.6639,625.02,368.75,660.21,379.21,368.1,35.19,10.46,3.364,False,,True,unattributed,9,evt_01-P03_upper_body_0020,3ec40d3b5bb1368d,pose_hand_context,,3772.4,10.42,,1,01/e1/v1,rtmpose_baseline
corpus_01,01.Candidate was found using a mobile phone in the examination hall..mkv,b842b03e5784d867e93770560d88150a526250df69077cd3065edbbd4c842098,dfine_sahi,69580.0,unknown_object,0.607,638.03,350.16,710.17,445.05,6845.1,72.14,94.89,0.76,False,,True,unattributed,9,evt_01-P03_upper_body_0020,3ec40d3b5bb1368d,pose_hand_context,,3772.4,10.42,,1,01/e1/v1,rtmpose_baseline
corpus_01,01.Candidate was found using a mobile phone in the examination hall..mkv,b842b03e5784d867e93770560d88150a526250df69077cd3065edbbd4c842098,dfine_sahi,69580.0,unknown_object,0.536,637.06,406.11,693.79,459.47,3027.1,56.73,53.36,1.063,False,,True,unattributed,9,evt_01-P03_upper_body_0020,3ec40d3b5bb1368d,pose_hand_context,,3772.4,10.42,,1,01/e1/v1,rtmpose_baseline
corpus_01,01.Candidate was found using a mobile phone in the examination hall..mkv,b842b03e5784d867e93770560d88150a526250df69077cd3065edbbd4c842098,dfine_sahi,69580.0,unknown_object,0.5065,688.89,364.18,747.96,458.71,5582.8,59.06,94.52,0.625,False,,True,unattributed,9,evt_01-P03_upper_body_0020,3ec40d3b5bb1368d,pose_hand_context,,3772.4,10.42,,1,01/e1/v1,rtmpose_baseline
corpus_01,01.Candidate was found using a mobile phone in the examination hall..mkv,b842b03e5784d867e93770560d88150a526250df69077cd3065edbbd4c842098,dfine_sahi,69580.0,unknown_object,0.4798,651.99,406.11,693.58,432.63,1103.3,41.59,26.53,1.568,False,,True,unattributed,9,evt_01-P03_upper_body_0020,3ec40d3b5bb1368d,pose_hand_context,,3772.4,10.42,,1,01/e1/v1,rtmpose_baseline
corpus_01,01.Candidate was found using a mobile phone in the examination hall..mkv,b842b03e5784d867e93770560d88150a526250df69077cd3065edbbd4c842098,dfine_sahi,69580.0,unknown_object,0.4638,625.04,365.05,684.59,401.78,2187.3,59.54,36.73,1.621,False,,True,unattributed,9,evt_01-P03_upper_body_0020,3ec40d3b5bb1368d,pose_hand_context,,3772.4,10.42,,1,01/e1/v1,rtmpose_baseline
corpus_01,01.Candidate was found using a mobile phone in the examination hall..mkv,b842b03e5784d867e93770560d88150a526250df69077cd3065edbbd4c842098,dfine_sahi,69580.0,unknown_object,0.4443,652.01,364.89,694.12,432.15,2831.7,42.11,67.25,0.626,False,,True,unattributed,9,evt_01-P03_upper_body_0020,3ec40d3b5bb1368d,pose_hand_context,,3772.4,10.42,,1,01/e1/v1,rtmpose_baseline
corpus_01,01.Candidate was found using a mobile phone in the examination hall..mkv,b842b03e5784d867e93770560d88150a526250df69077cd3065edbbd4c842098,dfine_sahi,69580.0,unknown_object,0.369,652.0,351.25,709.71,397.04,2642.6,57.71,45.79,1.26,False,,True,unattributed,9,evt_01-P03_upper_body_0020,3ec40d3b5bb1368d,pose_hand_context,,3772.4,10.42,,1,01/e1/v1,rtmpose_baseline
corpus_01,01.Candidate was found using a mobile phone in the examination hall..mkv,b842b03e5784d867e93770560d88150a526250df69077cd3065edbbd4c842098,dfine_sahi,69580.0,unknown_object,0.3449,652.02,365.2,683.33,396.62,983.3,31.3,31.41,0.997,False,,True,unattributed,9,evt_01-P03_upper_body_0020,3ec40d3b5bb1368d,pose_hand_context,,3772.4,10.42,,1,01/e1/v1,rtmpose_baseline
corpus_01,01.Candidate was found using a mobile phone in the examination hall..mkv,b842b03e5784d867e93770560d88150a526250df69077cd3065edbbd4c842098,dfine_sahi,69580.0,unknown_object,0.2805,625.04,365.63,683.69,453.21,5136.2,58.64,87.58,0.67,False,,True,unattributed,9,evt_01-P03_upper_body_0020,3ec40d3b5bb1368d,pose_hand_context,,3772.4,10.42,,1,01/e1/v1,rtmpose_baseline
corpus_01,01.Candidate was found using a mobile phone in the examination hall..mkv,b842b03e5784d867e93770560d88150a526250df69077cd3065edbbd4c842098,dfine_sahi,69580.0,unknown_object,0.2633,625.12,337.08,684.93,367.2,1802.0,59.82,30.13,1.986,False,,True,unattributed,9,evt_01-P03_upper_body_0020,3ec40d3b5bb1368d,pose_hand_context,,3772.4,10.42,,1,01/e1/v1,rtmpose_baseline
corpus_01,01.Candidate was found using a mobile phone in the examination hall..mkv,b842b03e5784d867e93770560d88150a526250df69077cd3065edbbd4c842098,dfine_sahi,69580.0,stationery,0.7337,21.02,559.94,95.93,624.26,4819.0,74.91,64.33,1.165,False,,True,unattributed,7,evt_01-P03_upper_body_0020,e9cf698d94b8b2e9,native_source_context_fallback,no_pose_observation,24338.3,3.51,,1,01/e1/v1,
corpus_01,01.Candidate was found using a mobile phone in the examination hall..mkv,b842b03e5784d867e93770560d88150a526250df69077cd3065edbbd4c842098,dfine_sahi,69580.0,unknown_object,0.5535,21.34,559.38,100.46,624.3,5136.2,79.12,64.92,1.219,False,,True,unattributed,7,evt_01-P03_upper_body_0020,e9cf698d94b8b2e9,native_source_context_fallback,no_pose_observation,24338.3,3.51,,1,01/e1/v1,
corpus_01,01.Candidate was found using a mobile phone in the examination hall..mkv,b842b03e5784d867e93770560d88150a526250df69077cd3065edbbd4c842098,dfine_sahi,69580.0,unknown_object,0.3829,58.87,616.1,141.9,718.78,8526.6,83.03,102.69,0.809,False,,True,unattributed,7,evt_01-P03_upper_body_0020,e9cf698d94b8b2e9,native_source_context_fallback,no_pose_observation,24338.3,3.51,,1,01/e1/v1,
corpus_01,01.Candidate was found using a mobile phone in the examination hall..mkv,b842b03e5784d867e93770560d88150a526250df69077cd3065edbbd4c842098,dfine_sahi,69580.0,unknown_object,0.2974,-0.32,616.19,96.28,718.65,9897.4,96.59,102.46,0.943,False,,True,unattributed,7,evt_01-P03_upper_body_0020,e9cf698d94b8b2e9,native_source_context_fallback,no_pose_observation,24338.3,3.51,,1,01/e1/v1,
corpus_01,01.Candidate was found using a mobile phone in the examination hall..mkv,b842b03e5784d867e93770560d88150a526250df69077cd3065edbbd4c842098,dfine_sahi,69580.0,monitor_or_bezel,0.262,90.34,536.1,143.09,586.08,2636.9,52.75,49.99,1.055,False,,True,unattributed,7,evt_01-P03_upper_body_0020,e9cf698d94b8b2e9,native_source_context_fallback,no_pose_observation,24338.3,3.51,,1,01/e1/v1,
corpus_01,01.Candidate was found using a mobile phone in the examination hall..mkv,b842b03e5784d867e93770560d88150a526250df69077cd3065edbbd4c842098,dfine_sahi,69820.0,stationery,0.8785,21.08,596.02,100.61,642.88,3726.3,79.53,46.86,1.697,False,,True,unattributed,14,evt_01-P06_upper_body_0046,08eeead62b32ad13,native_source_context_fallback,no_pose_observation,8315.4,6.16,,1,01/e1/v1,
corpus_01,01.Candidate was found using a mobile phone in the examination hall..mkv,b842b03e5784d867e93770560d88150a526250df69077cd3065edbbd4c842098,dfine_sahi,69820.0,unknown_object,0.796,0.01,626.87,79.21,719.4,7328.4,79.2,92.53,0.856,False,,True,unattributed,14,evt_01-P06_upper_body_0046,08eeead62b32ad13,native_source_context_fallback,no_pose_observation,8315.4,6.16,,1,01/e1/v1,
corpus_01,01.Candidate was found using a mobile phone in the examination hall..mkv,b842b03e5784d867e93770560d88150a526250df69077cd3065edbbd4c842098,dfine_sahi,69820.0,stationery,0.3389,19.53,631.36,45.69,654.96,617.5,26.16,23.6,1.108,False,,True,unattributed,14,evt_01-P06_upper_body_0046,08eeead62b32ad13,native_source_context_fallback,no_pose_observation,8315.4,6.16,,1,01/e1/v1,
corpus_01,01.Candidate was found using a mobile phone in the examination hall..mkv,b842b03e5784d867e93770560d88150a526250df69077cd3065edbbd4c842098,dfine_sahi,69820.0,stationery,0.3185,19.32,631.19,61.51,674.79,1839.9,42.19,43.61,0.968,False,,True,unattributed,14,evt_01-P06_upper_body_0046,08eeead62b32ad13,native_source_context_fallback,no_pose_observation,8315.4,6.16,,1,01/e1/v1,
corpus_01,01.Candidate was found using a mobile phone in the examination hall..mkv,b842b03e5784d867e93770560d88150a526250df69077cd3065edbbd4c842098,dfine_sahi,69820.0,unknown_object,0.3051,30.48,615.06,95.9,643.79,1879.2,65.42,28.72,2.278,False,,True,unattributed,14,evt_01-P06_upper_body_0046,08eeead62b32ad13,native_source_context_fallback,no_pose_observation,8315.4,6.16,,1,01/e1/v1,
corpus_01,01.Candidate was found using a mobile phone in the examination hall..mkv,b842b03e5784d867e93770560d88150a526250df69077cd3065edbbd4c842098,dfine_sahi,69820.0,mouse,0.2811,8.99,617.63,19.33,632.81,156.9,10.34,15.18,0.681,False,,True,unattributed,14,evt_01-P06_upper_body_0046,08eeead62b32ad13,native_source_context_fallback,no_pose_observation,8315.4,6.16,,1,01/e1/v1,
corpus_01,01.Candidate was found using a mobile phone in the examination hall..mkv,b842b03e5784d867e93770560d88150a526250df69077cd3065edbbd4c842098,dfine_sahi,69820.0,unknown_object,0.269,0.35,627.44,60.91,677.04,3003.8,60.57,49.6,1.221,False,,True,unattributed,14,evt_01-P06_upper_body_0046,08eeead62b32ad13,native_source_context_fallback,no_pose_observation,8315.4,6.16,,1,01/e1/v1,
corpus_01,01.Candidate was found using a mobile phone in the examination hall..mkv,b842b03e5784d867e93770560d88150a526250df69077cd3065edbbd4c842098,dfine_sahi,69820.0,unknown_object,0.26,24.17,667.11,79.04,719.4,2868.8,54.87,52.28,1.049,False,,True,unattributed,14,evt_01-P06_upper_body_0046,08eeead62b32ad13,native_source_context_fallback,no_pose_observation,8315.4,6.16,,1,01/e1/v1,
corpus_01,01.Candidate was found using a mobile phone in the examination hall..mkv,b842b03e5784d867e93770560d88150a526250df69077cd3065edbbd4c842098,dfine_sahi,69820.0,unknown_object,0.6836,625.03,368.89,660.15,379.5,372.4,35.12,10.6,3.313,False,,True,unattributed,9,evt_01-P06_upper_body_0046,2987c73f281beb24,pose_hand_context,,3445.7,10.9,,1,01/e1/v1,rtmpose_baseline
corpus_01,01.Candidate was found using a mobile phone in the examination hall..mkv,b842b03e5784d867e93770560d88150a526250df69077cd3065edbbd4c842098,dfine_sahi,69820.0,unknown_object,0.6438,650.97,351.6,711.12,431.08,4780.6,60.15,79.48,0.757,False,,True,unattributed,9,evt_01-P06_upper_body_0046,2987c73f281beb24,pose_hand_context,,3445.7,10.9,,1,01/e1/v1,rtmpose_baseline
corpus_01,01.Candidate was found using a mobile phone in the examination hall..mkv,b842b03e5784d867e93770560d88150a526250df69077cd3065edbbd4c842098,dfine_sahi,69820.0,monitor_or_bezel,0.6186,625.12,351.63,711.38,431.47,6887.0,86.26,79.84,1.08,False,,True,unattributed,9,evt_01-P06_upper_body_0046,2987c73f281beb24,pose_hand_context,,3445.7,10.9,,1,01/e1/v1,rtmpose_baseline
corpus_01,01.Candidate was found using a mobile phone in the examination hall..mkv,b842b03e5784d867e93770560d88150a526250df69077cd3065edbbd4c842098,dfine_sahi,69820.0,mouse,0.5704,639.54,368.9,660.25,378.01,188.7,20.71,9.11,2.273,False,,True,unattributed,9,evt_01-P06_upper_body_0046,2987c73f281beb24,pose_hand_context,,3445.7,10.9,,1,01/e1/v1,rtmpose_baseline
corpus_01,01.Candidate was found using a mobile phone in the examination hall..mkv,b842b03e5784d867e93770560d88150a526250df69077cd3065edbbd4c842098,dfine_sahi,69820.0,unknown_object,0.5638,690.32,362.21,746.96,457.08,5373.5,56.64,94.87,0.597,False,,True,unattributed,9,evt_01-P06_upper_body_0046,2987c73f281beb24,pose_hand_context,,3445.7,10.9,,1,01/e1/v1,rtmpose_baseline
corpus_01,01.Candidate was found using a mobile phone in the examination hall..mkv,b842b03e5784d867e93770560d88150a526250df69077cd3065edbbd4c842098,dfine_sahi,69820.0,unknown_object,0.5284,636.93,405.12,694.43,457.5,3011.9,57.5,52.38,1.098,False,,True,unattributed,9,evt_01-P06_upper_body_0046,2987c73f281beb24,pose_hand_context,,3445.7,10.9,,1,01/e1/v1,rtmpose_baseline
corpus_01,01.Candidate was found using a mobile phone in the examination hall..mkv,b842b03e5784d867e93770560d88150a526250df69077cd3065edbbd4c842098,dfine_sahi,69820.0,monitor_or_bezel,0.4863,656.95,351.93,711.24,397.47,2472.8,54.29,45.55,1.192,False,,True,unattributed,9,evt_01-P06_upper_body_0046,2987c73f281beb24,pose_hand_context,,3445.7,10.9,,1,01/e1/v1,rtmpose_baseline
corpus_01,01.Candidate was found using a mobile phone in the examination hall..mkv,b842b03e5784d867e93770560d88150a526250df69077cd3065edbbd4c842098,dfine_sahi,69820.0,unknown_object,0.409,625.03,365.0,683.21,456.3,5311.1,58.17,91.3,0.637,False,,True,unattributed,9,evt_01-P06_upper_body_0046,2987c73f281beb24,pose_hand_context,,3445.7,10.9,,1,01/e1/v1,rtmpose_baseline
corpus_01,01.Candidate was found using a mobile phone in the examination hall..mkv,b842b03e5784d867e93770560d88150a526250df69077cd3065edbbd4c842098,dfine_sahi,69820.0,unknown_object,0.3669,650.97,405.27,693.97,431.63,1133.2,42.99,26.36,1.631,False,,True,unattributed,9,evt_01-P06_upper_body_0046,2987c73f281beb24,pose_hand_context,,3445.7,10.9,,1,01/e1/v1,rtmpose_baseline
corpus_01,01.Candidate was found using a mobile phone in the examination hall..mkv,b842b03e5784d867e93770560d88150a526250df69077cd3065edbbd4c842098,dfine_sahi,69820.0,unknown_object,0.3012,625.1,336.09,685.06,367.18,1863.9,59.96,31.08,1.929,False,,True,unattributed,9,evt_01-P06_upper_body_0046,2987c73f281beb24,pose_hand_context,,3445.7,10.9,,1,01/e1/v1,rtmpose_baseline
corpus_01,01.Candidate was found using a mobile phone in the examination hall..mkv,b842b03e5784d867e93770560d88150a526250df69077cd3065edbbd4c842098,dfine_sahi,69820.0,unknown_object,0.2973,651.02,365.31,682.98,418.52,1700.5,31.96,53.21,0.601,False,,True,unattributed,9,evt_01-P06_upper_body_0046,2987c73f281beb24,pose_hand_context,,3445.7,10.9,,1,01/e1/v1,rtmpose_baseline
corpus_01,01.Candidate was found using a mobile phone in the examination hall..mkv,b842b03e5784d867e93770560d88150a526250df69077cd3065edbbd4c842098,dfine_sahi,69820.0,unknown_object,0.2827,656.6,362.13,712.4,397.57,1978.0,55.8,35.45,1.574,False,,True,unattributed,9,evt_01-P06_upper_body_0046,2987c73f281beb24,pose_hand_context,,3445.7,10.9,,1,01/e1/v1,rtmpose_baseline
corpus_01,01.Candidate was found using a mobile phone in the examination hall..mkv,b842b03e5784d867e93770560d88150a526250df69077cd3065edbbd4c842098,dfine_sahi,69820.0,monitor_or_bezel,0.2743,624.99,405.34,694.11,431.67,1819.8,69.12,26.33,2.625,False,,True,unattributed,9,evt_01-P06_upper_body_0046,2987c73f281beb24,pose_hand_context,,3445.7,10.9,,1,01/e1/v1,rtmpose_baseline
corpus_01,01.Candidate was found using a mobile phone in the examination hall..mkv,b842b03e5784d867e93770560d88150a526250df69077cd3065edbbd4c842098,dfine_sahi,69820.0,unknown_object,0.2579,624.99,414.0,653.91,455.16,1190.5,28.92,41.16,0.703,False,,True,unattributed,9,evt_01-P06_upper_body_0046,2987c73f281beb24,pose_hand_context,,3445.7,10.9,,1,01/e1/v1,rtmpose_baseline
corpus_01,01.Candidate was found using a mobile phone in the examination hall..mkv,b842b03e5784d867e93770560d88150a526250df69077cd3065edbbd4c842098,dfine_sahi,69860.0,mouse,0.8597,639.35,368.69,660.2,377.99,193.8,20.85,9.3,2.243,False,,True,unattributed,9,evt_01-P03_desk_work_surface_0015,593cabf673dc56e5,pose_hand_context,,3504.6,10.81,,1,01/e1/v1,rtmpose_baseline
corpus_01,01.Candidate was found using a mobile phone in the examination hall..mkv,b842b03e5784d867e93770560d88150a526250df69077cd3065edbbd4c842098,dfine_sahi,69860.0,monitor_or_bezel,0.7934,640.1,351.85,711.6,418.83,4789.3,71.5,66.99,1.067,False,,True,unattributed,9,evt_01-P03_desk_work_surface_0015,593cabf673dc56e5,pose_hand_context,,3504.6,10.81,,1,01/e1/v1,rtmpose_baseline
corpus_01,01.Candidate was found using a mobile phone in the examination hall..mkv,b842b03e5784d867e93770560d88150a526250df69077cd3065edbbd4c842098,dfine_sahi,69860.0,unknown_object,0.6254,631.68,390.4,681.47,418.72,1409.9,49.8,28.31,1.759,False,,True,unattributed,9,evt_01-P03_desk_work_surface_0015,593cabf673dc56e5,pose_hand_context,,3504.6,10.81,,1,01/e1/v1,rtmpose_baseline
corpus_01,01.Candidate was found using a mobile phone in the examination hall..mkv,b842b03e5784d867e93770560d88150a526250df69077cd3065edbbd4c842098,dfine_sahi,69860.0,unknown_object,0.481,637.29,405.79,694.37,456.52,2895.8,57.08,50.73,1.125,False,,True,unattributed,9,evt_01-P03_desk_work_surface_0015,593cabf673dc56e5,pose_hand_context,,3504.6,10.81,,1,01/e1/v1,rtmpose_baseline
corpus_01,01.Candidate was found using a mobile phone in the examination hall..mkv,b842b03e5784d867e93770560d88150a526250df69077cd3065edbbd4c842098,dfine_sahi,69860.0,phone,0.4806,659.63,396.91,681.81,408.23,251.0,22.18,11.32,1.96,False,,True,unattributed,9,evt_01-P03_desk_work_surface_0015,593cabf673dc56e5,pose_hand_context,,3504.6,10.81,,1,01/e1/v1,rtmpose_baseline
corpus_01,01.Candidate was found using a mobile phone in the examination hall..mkv,b842b03e5784d867e93770560d88150a526250df69077cd3065edbbd4c842098,dfine_sahi,69860.0,unknown_object,0.4425,653.0,365.33,694.49,430.34,2697.5,41.5,65.0,0.638,False,,True,unattributed,9,evt_01-P03_desk_work_surface_0015,593cabf673dc56e5,pose_hand_context,,3504.6,10.81,,1,01/e1/v1,rtmpose_baseline
corpus_01,01.Candidate was found using a mobile phone in the examination hall..mkv,b842b03e5784d867e93770560d88150a526250df69077cd3065edbbd4c842098,dfine_sahi,69860.0,unknown_object,0.3648,653.01,365.55,683.22,395.2,895.7,30.21,29.65,1.019,False,,True,unattributed,9,evt_01-P03_desk_work_surface_0015,593cabf673dc56e5,pose_hand_context,,3504.6,10.81,,1,01/e1/v1,rtmpose_baseline
corpus_01,01.Candidate was found using a mobile phone in the examination hall..mkv,b842b03e5784d867e93770560d88150a526250df69077cd3065edbbd4c842098,dfine_sahi,69860.0,unknown_object,0.3519,627.04,365.23,683.13,426.29,3424.5,56.09,61.05,0.919,False,,True,unattributed,9,evt_01-P03_desk_work_surface_0015,593cabf673dc56e5,pose_hand_context,,3504.6,10.81,,1,01/e1/v1,rtmpose_baseline
corpus_01,01.Candidate was found using a mobile phone in the examination hall..mkv,b842b03e5784d867e93770560d88150a526250df69077cd3065edbbd4c842098,dfine_sahi,69860.0,unknown_object,0.3238,642.88,405.88,693.88,430.75,1268.8,51.0,24.88,2.05,False,,True,unattributed,9,evt_01-P03_desk_work_surface_0015,593cabf673dc56e5,pose_hand_context,,3504.6,10.81,,1,01/e1/v1,rtmpose_baseline
corpus_01,01.Candidate was found using a mobile phone in the examination hall..mkv,b842b03e5784d867e93770560d88150a526250df69077cd3065edbbd4c842098,dfine_sahi,69860.0,monitor_or_bezel,0.2788,658.6,361.05,712.72,396.02,1892.6,54.12,34.97,1.547,False,,True,unattributed,9,evt_01-P03_desk_work_surface_0015,593cabf673dc56e5,pose_hand_context,,3504.6,10.81,,1,01/e1/v1,rtmpose_baseline
corpus_01,01.Candidate was found using a mobile phone in the examination hall..mkv,b842b03e5784d867e93770560d88150a526250df69077cd3065edbbd4c842098,dfine_sahi,69860.0,stationery,0.2732,653.03,392.45,681.43,408.81,464.7,28.41,16.36,1.736,False,,True,unattributed,9,evt_01-P03_desk_work_surface_0015,593cabf673dc56e5,pose_hand_context,,3504.6,10.81,,1,01/e1/v1,rtmpose_baseline
corpus_01,01.Candidate was found using a mobile phone in the examination hall..mkv,b842b03e5784d867e93770560d88150a526250df69077cd3065edbbd4c842098,dfine_sahi,69860.0,unknown_object,0.2548,653.06,361.06,712.9,396.1,2096.7,59.84,35.04,1.708,False,,True,unattributed,9,evt_01-P03_desk_work_surface_0015,593cabf673dc56e5,pose_hand_context,,3504.6,10.81,,1,01/e1/v1,rtmpose_baseline
corpus_01,01.Candidate was found using a mobile phone in the examination hall..mkv,b842b03e5784d867e93770560d88150a526250df69077cd3065edbbd4c842098,dfine_sahi,70020.0,monitor_or_bezel,0.907,644.01,351.62,712.19,419.78,4646.8,68.18,68.16,1.0,False,,True,unattributed,9,evt_01-P06_desk_work_surface_0043,6f12c715cf0cb853,native_source_context_fallback,no_pose_observation,29456.6,2.39,,1,01/e1/v1,
corpus_01,01.Candidate was found using a mobile phone in the examination hall..mkv,b842b03e5784d867e93770560d88150a526250df69077cd3065edbbd4c842098,dfine_sahi,70020.0,unknown_object,0.8772,692.13,448.92,788.1,566.4,11274.2,95.97,117.48,0.817,False,,True,unattributed,9,evt_01-P06_desk_work_surface_0043,6f12c715cf0cb853,native_source_context_fallback,no_pose_observation,29456.6,2.39,,1,01/e1/v1,
corpus_01,01.Candidate was found using a mobile phone in the examination hall..mkv,b842b03e5784d867e93770560d88150a526250df69077cd3065edbbd4c842098,dfine_sahi,70020.0,mouse,0.7998,643.96,368.92,660.19,377.17,133.9,16.22,8.25,1.967,False,,True,unattributed,9,evt_01-P06_desk_work_surface_0043,6f12c715cf0cb853,native_source_context_fallback,no_pose_observation,29456.6,2.39,,1,01/e1/v1,
corpus_01,01.Candidate was found using a mobile phone in the examination hall..mkv,b842b03e5784d867e93770560d88150a526250df69077cd3065edbbd4c842098,dfine_sahi,70020.0,bag,0.7484,643.93,417.15,695.53,563.3,7540.7,51.6,146.14,0.353,False,,True,unattributed,9,evt_01-P06_desk_work_surface_0043,6f12c715cf0cb853,native_source_context_fallback,no_pose_observation,29456.6,2.39,,1,01/e1/v1,
corpus_01,01.Candidate was found using a mobile phone in the examination hall..mkv,b842b03e5784d867e93770560d88150a526250df69077cd3065edbbd4c842098,dfine_sahi,70020.0,bag,0.6333,644.05,406.18,694.39,449.87,2199.2,50.34,43.69,1.152,False,,True,unattributed,9,evt_01-P06_desk_work_surface_0043,6f12c715cf0cb853,native_source_context_fallback,no_pose_observation,29456.6,2.39,,1,01/e1/v1,
corpus_01,01.Candidate was found using a mobile phone in the examination hall..mkv,b842b03e5784d867e93770560d88150a526250df69077cd3065edbbd4c842098,dfine_sahi,70020.0,unknown_object,0.5209,692.97,417.08,770.32,462.48,3512.1,77.35,45.4,1.704,False,,True,unattributed,9,evt_01-P06_desk_work_surface_0043,6f12c715cf0cb853,native_source_context_fallback,no_pose_observation,29456.6,2.39,,1,01/e1/v1,
corpus_01,01.Candidate was found using a mobile phone in the examination hall..mkv,b842b03e5784d867e93770560d88150a526250df69077cd3065edbbd4c842098,dfine_sahi,70020.0,unknown_object,0.4314,692.47,454.0,767.26,490.76,2748.7,74.79,36.75,2.035,False,,True,unattributed,9,evt_01-P06_desk_work_surface_0043,6f12c715cf0cb853,native_source_context_fallback,no_pose_observation,29456.6,2.39,,1,01/e1/v1,
corpus_01,01.Candidate was found using a mobile phone in the examination hall..mkv,b842b03e5784d867e93770560d88150a526250df69077cd3065edbbd4c842098,dfine_sahi,70020.0,unknown_object,0.4241,745.01,335.99,788.03,448.85,4855.6,43.02,112.86,0.381,False,,True,unattributed,9,evt_01-P06_desk_work_surface_0043,6f12c715cf0cb853,native_source_context_fallback,no_pose_observation,29456.6,2.39,,1,01/e1/v1,
corpus_01,01.Candidate was found using a mobile phone in the examination hall..mkv,b842b03e5784d867e93770560d88150a526250df69077cd3065edbbd4c842098,dfine_sahi,70020.0,keyboard,0.409,660.97,390.29,688.96,416.74,740.6,27.99,26.46,1.058,False,,True,unattributed,9,evt_01-P06_desk_work_surface_0043,6f12c715cf0cb853,native_source_context_fallback,no_pose_observation,29456.6,2.39,,1,01/e1/v1,
corpus_01,01.Candidate was found using a mobile phone in the examination hall..mkv,b842b03e5784d867e93770560d88150a526250df69077cd3065edbbd4c842098,dfine_sahi,70020.0,unknown_object,0.3858,753.83,369.47,771.19,434.21,1123.9,17.36,64.74,0.268,False,,True,unattributed,9,evt_01-P06_desk_work_surface_0043,6f12c715cf0cb853,native_source_context_fallback,no_pose_observation,29456.6,2.39,,1,01/e1/v1,
corpus_01,01.Candidate was found using a mobile phone in the examination hall..mkv,b842b03e5784d867e93770560d88150a526250df69077cd3065edbbd4c842098,dfine_sahi,70020.0,monitor_or_bezel,0.3332,660.93,404.94,694.53,561.83,5272.6,33.61,156.89,0.214,False,,True,unattributed,9,evt_01-P06_desk_work_surface_0043,6f12c715cf0cb853,native_source_context_fallback,no_pose_observation,29456.6,2.39,,1,01/e1/v1,
corpus_01,01.Candidate was found using a mobile phone in the examination hall..mkv,b842b03e5784d867e93770560d88150a526250df69077cd3065edbbd4c842098,dfine_sahi,70020.0,unknown_object,0.333,691.95,352.01,712.11,389.25,750.7,20.16,37.24,0.541,False,,True,unattributed,9,evt_01-P06_desk_work_surface_0043,6f12c715cf0cb853,native_source_context_fallback,no_pose_observation,29456.6,2.39,,1,01/e1/v1,
corpus_01,01.Candidate was found using a mobile phone in the examination hall..mkv,b842b03e5784d867e93770560d88150a526250df69077cd3065edbbd4c842098,dfine_sahi,70020.0,unknown_object,0.3217,746.56,336.24,771.16,372.01,880.0,24.6,35.77,0.688,False,,True,unattributed,9,evt_01-P06_desk_work_surface_0043,6f12c715cf0cb853,native_source_context_fallback,no_pose_observation,29456.6,2.39,,1,01/e1/v1,
corpus_01,01.Candidate was found using a mobile phone in the examination hall..mkv,b842b03e5784d867e93770560d88150a526250df69077cd3065edbbd4c842098,dfine_sahi,70020.0,monitor_or_bezel,0.3017,774.41,300.14,788.19,335.09,481.4,13.78,34.94,0.394,False,,True,unattributed,9,evt_01-P06_desk_work_surface_0043,6f12c715cf0cb853,native_source_context_fallback,no_pose_observation,29456.6,2.39,,1,01/e1/v1,
corpus_01,01.Candidate was found using a mobile phone in the examination hall..mkv,b842b03e5784d867e93770560d88150a526250df69077cd3065edbbd4c842098,dfine_sahi,70020.0,unknown_object,0.2928,753.5,403.85,771.12,432.88,511.6,17.62,29.03,0.607,False,,True,unattributed,9,evt_01-P06_desk_work_surface_0043,6f12c715cf0cb853,native_source_context_fallback,no_pose_observation,29456.6,2.39,,1,01/e1/v1,
corpus_01,01.Candidate was found using a mobile phone in the examination hall..mkv,b842b03e5784d867e93770560d88150a526250df69077cd3065edbbd4c842098,dfine_sahi,70020.0,unknown_object,0.2773,661.01,405.68,694.35,524.25,3952.7,33.34,118.57,0.281,False,,True,unattributed,9,evt_01-P06_desk_work_surface_0043,6f12c715cf0cb853,native_source_context_fallback,no_pose_observation,29456.6,2.39,,1,01/e1/v1,
corpus_01,01.Candidate was found using a mobile phone in the examination hall..mkv,b842b03e5784d867e93770560d88150a526250df69077cd3065edbbd4c842098,dfine_sahi,70020.0,unknown_object,0.2615,755.0,369.49,784.83,406.09,1091.7,29.83,36.59,0.815,False,,True,unattributed,9,evt_01-P06_desk_work_surface_0043,6f12c715cf0cb853,native_source_context_fallback,no_pose_observation,29456.6,2.39,,1,01/e1/v1,
corpus_01,01.Candidate was found using a mobile phone in the examination hall..mkv,b842b03e5784d867e93770560d88150a526250df69077cd3065edbbd4c842098,dfine_sahi,70220.0,unknown_object,0.8979,692.23,449.13,788.03,568.36,11423.2,95.81,119.23,0.804,False,,True,unattributed,9,evt_01-P05_desk_work_surface_0034,93155b1f2a72b3a1,native_source_context_fallback,no_pose_observation,30312.0,2.39,,1,01/e1/v1,
corpus_01,01.Candidate was found using a mobile phone in the examination hall..mkv,b842b03e5784d867e93770560d88150a526250df69077cd3065edbbd4c842098,dfine_sahi,70220.0,monitor_or_bezel,0.8425,643.25,350.68,713.45,420.55,4904.8,70.2,69.87,1.005,False,,True,unattributed,9,evt_01-P05_desk_work_surface_0034,93155b1f2a72b3a1,native_source_context_fallback,no_pose_observation,30312.0,2.39,,1,01/e1/v1,
corpus_01,01.Candidate was found using a mobile phone in the examination hall..mkv,b842b03e5784d867e93770560d88150a526250df69077cd3065edbbd4c842098,dfine_sahi,70220.0,mouse,0.8417,641.96,368.83,660.31,377.33,156.0,18.36,8.5,2.159,False,,True,unattributed,9,evt_01-P05_desk_work_surface_0034,93155b1f2a72b3a1,native_source_context_fallback,no_pose_observation,30312.0,2.39,,1,01/e1/v1,
corpus_01,01.Candidate was found using a mobile phone in the examination hall..mkv,b842b03e5784d867e93770560d88150a526250df69077cd3065edbbd4c842098,dfine_sahi,70220.0,bag,0.8048,641.96,418.1,695.65,566.33,7957.2,53.68,148.23,0.362,False,,True,unattributed,9,evt_01-P05_desk_work_surface_0034,93155b1f2a72b3a1,native_source_context_fallback,no_pose_observation,30312.0,2.39,,1,01/e1/v1,
corpus_01,01.Candidate was found using a mobile phone in the examination hall..mkv,b842b03e5784d867e93770560d88150a526250df69077cd3065edbbd4c842098,dfine_sahi,70220.0,bag,0.546,642.03,406.1,694.58,451.86,2404.6,52.55,45.75,1.149,False,,True,unattributed,9,evt_01-P05_desk_work_surface_0034,93155b1f2a72b3a1,native_source_context_fallback,no_pose_observation,30312.0,2.39,,1,01/e1/v1,
corpus_01,01.Candidate was found using a mobile phone in the examination hall..mkv,b842b03e5784d867e93770560d88150a526250df69077cd3065edbbd4c842098,dfine_sahi,70220.0,unknown_object,0.5225,746.89,335.74,788.0,450.67,4725.1,41.11,114.93,0.358,False,,True,unattributed,9,evt_01-P05_desk_work_surface_0034,93155b1f2a72b3a1,native_source_context_fallback,no_pose_observation,30312.0,2.39,,1,01/e1/v1,
corpus_01,01.Candidate was found using a mobile phone in the examination hall..mkv,b842b03e5784d867e93770560d88150a526250df69077cd3065edbbd4c842098,dfine_sahi,70220.0,unknown_object,0.3916,754.81,369.44,771.94,435.56,1132.4,17.13,66.11,0.259,False,,True,unattributed,9,evt_01-P05_desk_work_surface_0034,93155b1f2a72b3a1,native_source_context_fallback,no_pose_observation,30312.0,2.39,,1,01/e1/v1,
corpus_01,01.Candidate was found using a mobile phone in the examination hall..mkv,b842b03e5784d867e93770560d88150a526250df69077cd3065edbbd4c842098,dfine_sahi,70220.0,unknown_object,0.381,692.98,418.05,770.48,462.85,3472.0,77.5,44.8,1.73,False,,True,unattributed,9,evt_01-P05_desk_work_surface_0034,93155b1f2a72b3a1,native_source_context_fallback,no_pose_observation,30312.0,2.39,,1,01/e1/v1,
corpus_01,01.Candidate was found using a mobile phone in the examination hall..mkv,b842b03e5784d867e93770560d88150a526250df69077cd3065edbbd4c842098,dfine_sahi,70220.0,unknown_object,0.3684,692.12,453.96,737.98,507.18,2440.4,45.85,53.22,0.862,False,,True,unattributed,9,evt_01-P05_desk_work_surface_0034,93155b1f2a72b3a1,native_source_context_fallback,no_pose_observation,30312.0,2.39,,1,01/e1/v1,
corpus_01,01.Candidate was found using a mobile phone in the examination hall..mkv,b842b03e5784d867e93770560d88150a526250df69077cd3065edbbd4c842098,dfine_sahi,70220.0,unknown_object,0.319,643.9,389.88,694.55,420.96,1574.4,50.64,31.09,1.629,False,,True,unattributed,9,evt_01-P05_desk_work_surface_0034,93155b1f2a72b3a1,native_source_context_fallback,no_pose_observation,30312.0,2.39,,1,01/e1/v1,
corpus_01,01.Candidate was found using a mobile phone in the examination hall..mkv,b842b03e5784d867e93770560d88150a526250df69077cd3065edbbd4c842098,dfine_sahi,70220.0,unknown_object,0.3128,691.93,350.93,713.33,388.62,806.8,21.4,37.7,0.568,False,,True,unattributed,9,evt_01-P05_desk_work_surface_0034,93155b1f2a72b3a1,native_source_context_fallback,no_pose_observation,30312.0,2.39,,1,01/e1/v1,
corpus_01,01.Candidate was found using a mobile phone in the examination hall..mkv,b842b03e5784d867e93770560d88150a526250df69077cd3065edbbd4c842098,dfine_sahi,70220.0,unknown_object,0.3039,748.18,336.39,771.95,405.14,1634.1,23.77,68.75,0.346,False,,True,unattributed,9,evt_01-P05_desk_work_surface_0034,93155b1f2a72b3a1,native_source_context_fallback,no_pose_observation,30312.0,2.39,,1,01/e1/v1,
corpus_01,01.Candidate was found using a mobile phone in the examination hall..mkv,b842b03e5784d867e93770560d88150a526250df69077cd3065edbbd4c842098,dfine_sahi,70220.0,monitor_or_bezel,0.2963,661.47,350.85,713.35,392.76,2174.2,51.88,41.91,1.238,False,,True,unattributed,9,evt_01-P05_desk_work_surface_0034,93155b1f2a72b3a1,native_source_context_fallback,no_pose_observation,30312.0,2.39,,1,01/e1/v1,
corpus_01,01.Candidate was found using a mobile phone in the examination hall..mkv,b842b03e5784d867e93770560d88150a526250df69077cd3065edbbd4c842098,dfine_sahi,70220.0,bag,0.2947,692.88,418.1,737.9,458.23,1806.5,45.02,40.12,1.122,False,,True,unattributed,9,evt_01-P05_desk_work_surface_0034,93155b1f2a72b3a1,native_source_context_fallback,no_pose_observation,30312.0,2.39,,1,01/e1/v1,
corpus_01,01.Candidate was found using a mobile phone in the examination hall..mkv,b842b03e5784d867e93770560d88150a526250df69077cd3065edbbd4c842098,dfine_sahi,70220.0,unknown_object,0.271,658.25,453.72,738.0,567.53,9076.6,79.75,113.81,0.701,False,,True,unattributed,9,evt_01-P05_desk_work_surface_0034,93155b1f2a72b3a1,native_source_context_fallback,no_pose_observation,30312.0,2.39,,1,01/e1/v1,
corpus_01,01.Candidate was found using a mobile phone in the examination hall..mkv,b842b03e5784d867e93770560d88150a526250df69077cd3065edbbd4c842098,dfine_sahi,70220.0,unknown_object,0.2675,657.94,404.95,694.86,539.81,4979.0,36.92,134.86,0.274,False,,True,unattributed,9,evt_01-P05_desk_work_surface_0034,93155b1f2a72b3a1,native_source_context_fallback,no_pose_observation,30312.0,2.39,,1,01/e1/v1,
corpus_01,01.Candidate was found using a mobile phone in the examination hall..mkv,b842b03e5784d867e93770560d88150a526250df69077cd3065edbbd4c842098,dfine_sahi,70220.0,unknown_object,0.2616,746.74,336.03,787.99,373.18,1532.8,41.25,37.16,1.11,False,,True,unattributed,9,evt_01-P05_desk_work_surface_0034,93155b1f2a72b3a1,native_source_context_fallback,no_pose_observation,30312.0,2.39,,1,01/e1/v1,
corpus_01,01.Candidate was found using a mobile phone in the examination hall..mkv,b842b03e5784d867e93770560d88150a526250df69077cd3065edbbd4c842098,dfine_sahi,70220.0,bag,0.2539,641.94,350.56,713.58,451.76,7250.1,71.64,101.2,0.708,False,,True,unattributed,9,evt_01-P05_desk_work_surface_0034,93155b1f2a72b3a1,native_source_context_fallback,no_pose_observation,30312.0,2.39,,1,01/e1/v1,
corpus_01,01.Candidate was found using a mobile phone in the examination hall..mkv,b842b03e5784d867e93770560d88150a526250df69077cd3065edbbd4c842098,dfine_sahi,70500.0,mouse,0.8055,639.46,368.87,660.05,377.62,180.3,20.59,8.76,2.351,False,,True,unattributed,9,evt_01-P01_upper_body_0006,38cc48898557d70c,pose_hand_context,,4147.4,9.94,,1,01/e1/v1,rtmpose_baseline
corpus_01,01.Candidate was found using a mobile phone in the examination hall..mkv,b842b03e5784d867e93770560d88150a526250df69077cd3065edbbd4c842098,dfine_sahi,70500.0,unknown_object,0.5852,659.99,405.98,694.26,456.7,1738.0,34.26,50.73,0.675,False,,True,unattributed,9,evt_01-P01_upper_body_0006,38cc48898557d70c,pose_hand_context,,4147.4,9.94,,1,01/e1/v1,rtmpose_baseline
corpus_01,01.Candidate was found using a mobile phone in the examination hall..mkv,b842b03e5784d867e93770560d88150a526250df69077cd3065edbbd4c842098,dfine_sahi,70500.0,unknown_object,0.4629,660.01,365.76,683.49,394.23,668.2,23.48,28.46,0.825,False,,True,unattributed,9,evt_01-P01_upper_body_0006,38cc48898557d70c,pose_hand_context,,4147.4,9.94,,1,01/e1/v1,rtmpose_baseline
corpus_01,01.Candidate was found using a mobile phone in the examination hall..mkv,b842b03e5784d867e93770560d88150a526250df69077cd3065edbbd4c842098,dfine_sahi,70500.0,unknown_object,0.428,632.01,364.95,683.64,421.89,2939.4,51.63,56.94,0.907,False,,True,unattributed,9,evt_01-P01_upper_body_0006,38cc48898557d70c,pose_hand_context,,4147.4,9.94,,1,01/e1/v1,rtmpose_baseline
corpus_01,01.Candidate was found using a mobile phone in the examination hall..mkv,b842b03e5784d867e93770560d88150a526250df69077cd3065edbbd4c842098,dfine_sahi,70500.0,unknown_object,0.3371,649.74,395.4,697.43,424.8,1402.1,47.68,29.41,1.622,False,,True,unattributed,9,evt_01-P01_upper_body_0006,38cc48898557d70c,pose_hand_context,,4147.4,9.94,,1,01/e1/v1,rtmpose_baseline
corpus_01,01.Candidate was found using a mobile phone in the examination hall..mkv,b842b03e5784d867e93770560d88150a526250df69077cd3065edbbd4c842098,dfine_sahi,70500.0,unknown_object,0.3249,659.99,405.94,694.07,427.89,747.9,34.07,21.95,1.552,False,,True,unattributed,9,evt_01-P01_upper_body_0006,38cc48898557d70c,pose_hand_context,,4147.4,9.94,,1,01/e1/v1,rtmpose_baseline
corpus_01,01.Candidate was found using a mobile phone in the examination hall..mkv,b842b03e5784d867e93770560d88150a526250df69077cd3065edbbd4c842098,dfine_sahi,70500.0,unknown_object,0.2882,693.48,362.6,755.95,456.22,5848.2,62.47,93.62,0.667,False,,True,unattributed,9,evt_01-P01_upper_body_0006,38cc48898557d70c,pose_hand_context,,4147.4,9.94,,1,01/e1/v1,rtmpose_baseline
corpus_01,01.Candidate was found using a mobile phone in the examination hall..mkv,b842b03e5784d867e93770560d88150a526250df69077cd3065edbbd4c842098,dfine_sahi,70500.0,unknown_object,0.2726,632.04,361.02,689.47,367.61,378.7,57.43,6.59,8.708,False,,True,unattributed,9,evt_01-P01_upper_body_0006,38cc48898557d70c,pose_hand_context,,4147.4,9.94,,1,01/e1/v1,rtmpose_baseline
corpus_01,01.Candidate was found using a mobile phone in the examination hall..mkv,b842b03e5784d867e93770560d88150a526250df69077cd3065edbbd4c842098,dfine_sahi,70500.0,unknown_object,0.2694,632.02,332.19,703.55,424.99,6638.4,71.53,92.8,0.771,False,,True,unattributed,9,evt_01-P01_upper_body_0006,38cc48898557d70c,pose_hand_context,,4147.4,9.94,,1,01/e1/v1,rtmpose_baseline
corpus_01,01.Candidate was found using a mobile phone in the examination hall..mkv,b842b03e5784d867e93770560d88150a526250df69077cd3065edbbd4c842098,dfine_sahi,70500.0,unknown_object,0.2584,717.42,414.96,755.93,455.92,1577.2,38.51,40.96,0.94,False,,True,unattributed,9,evt_01-P01_upper_body_0006,38cc48898557d70c,pose_hand_context,,4147.4,9.94,,1,01/e1/v1,rtmpose_baseline
corpus_01,01.Candidate was found using a mobile phone in the examination hall..mkv,b842b03e5784d867e93770560d88150a526250df69077cd3065edbbd4c842098,dfine_sahi,70500.0,unknown_object,0.2543,659.97,365.38,698.5,427.04,2375.4,38.52,61.66,0.625,False,,True,unattributed,9,evt_01-P01_upper_body_0006,38cc48898557d70c,pose_hand_context,,4147.4,9.94,,1,01/e1/v1,rtmpose_baseline
corpus_01,01.Candidate was found using a mobile phone in the examination hall..mkv,b842b03e5784d867e93770560d88150a526250df69077cd3065edbbd4c842098,dfine_sahi,70500.0,unknown_object,0.2541,660.01,350.35,713.63,396.39,2468.6,53.62,46.04,1.165,False,,True,unattributed,9,evt_01-P01_upper_body_0006,38cc48898557d70c,pose_hand_context,,4147.4,9.94,,1,01/e1/v1,rtmpose_baseline
corpus_01,01.Candidate was found using a mobile phone in the examination hall..mkv,b842b03e5784d867e93770560d88150a526250df69077cd3065edbbd4c842098,dfine_sahi,71220.0,unknown_object,0.3325,576.22,158.15,668.12,253.76,8787.7,91.91,95.61,0.961,False,,True,unattributed,17,evt_01-P05_desk_work_surface_0034,88710af28ed05cd0,native_source_context_fallback,wrist_confidence_below_floor,4158.3,6.77,,1,01/e1/v1,rtmpose_baseline
corpus_01,01.Candidate was found using a mobile phone in the examination hall..mkv,b842b03e5784d867e93770560d88150a526250df69077cd3065edbbd4c842098,dfine_sahi,71220.0,unknown_object,0.3224,639.34,181.73,663.22,234.2,1252.9,23.88,52.47,0.455,False,,True,unattributed,17,evt_01-P05_desk_work_surface_0034,88710af28ed05cd0,native_source_context_fallback,wrist_confidence_below_floor,4158.3,6.77,,1,01/e1/v1,rtmpose_baseline
corpus_01,01.Candidate was found using a mobile phone in the examination hall..mkv,b842b03e5784d867e93770560d88150a526250df69077cd3065edbbd4c842098,dfine_sahi,71220.0,unknown_object,0.8295,633.72,294.91,704.39,361.56,4710.3,70.67,66.65,1.06,False,,True,unattributed,9,evt_01-P05_desk_work_surface_0034,e0968401a682c7ff,native_source_context_fallback,wrist_confidence_below_floor,34891.3,2.32,,1,01/e1/v1,rtmpose_baseline
corpus_01,01.Candidate was found using a mobile phone in the examination hall..mkv,b842b03e5784d867e93770560d88150a526250df69077cd3065edbbd4c842098,dfine_sahi,71220.0,unknown_object,0.7865,694.69,447.78,767.94,569.48,8914.1,73.24,121.7,0.602,False,,True,unattributed,9,evt_01-P05_desk_work_surface_0034,e0968401a682c7ff,native_source_context_fallback,wrist_confidence_below_floor,34891.3,2.32,,1,01/e1/v1,rtmpose_baseline
corpus_01,01.Candidate was found using a mobile phone in the examination hall..mkv,b842b03e5784d867e93770560d88150a526250df69077cd3065edbbd4c842098,dfine_sahi,71220.0,unknown_object,0.7562,629.92,406.25,694.64,566.73,10386.8,64.72,160.48,0.403,False,,True,unattributed,9,evt_01-P05_desk_work_surface_0034,e0968401a682c7ff,native_source_context_fallback,wrist_confidence_below_floor,34891.3,2.32,,1,01/e1/v1,rtmpose_baseline
corpus_01,01.Candidate was found using a mobile phone in the examination hall..mkv,b842b03e5784d867e93770560d88150a526250df69077cd3065edbbd4c842098,dfine_sahi,71220.0,stationery,0.5216,629.92,365.47,647.46,395.63,529.2,17.54,30.16,0.582,False,,True,unattributed,9,evt_01-P05_desk_work_surface_0034,e0968401a682c7ff,native_source_context_fallback,wrist_confidence_below_floor,34891.3,2.32,,1,01/e1/v1,rtmpose_baseline
corpus_01,01.Candidate was found using a mobile phone in the examination hall..mkv,b842b03e5784d867e93770560d88150a526250df69077cd3065edbbd4c842098,dfine_sahi,71220.0,unknown_object,0.5202,638.33,406.54,694.56,448.92,2383.1,56.23,42.38,1.327,False,,True,unattributed,9,evt_01-P05_desk_work_surface_0034,e0968401a682c7ff,native_source_context_fallback,wrist_confidence_below_floor,34891.3,2.32,,1,01/e1/v1,rtmpose_baseline
corpus_01,01.Candidate was found using a mobile phone in the examination hall..mkv,b842b03e5784d867e93770560d88150a526250df69077cd3065edbbd4c842098,dfine_sahi,71220.0,unknown_object,0.4388,713.55,367.95,755.93,426.81,2495.4,42.39,58.87,0.72,False,,True,unattributed,9,evt_01-P05_desk_work_surface_0034,e0968401a682c7ff,native_source_context_fallback,wrist_confidence_below_floor,34891.3,2.32,,1,01/e1/v1,rtmpose_baseline
corpus_01,01.Candidate was found using a mobile phone in the examination hall..mkv,b842b03e5784d867e93770560d88150a526250df69077cd3065edbbd4c842098,dfine_sahi,71220.0,monitor_or_bezel,0.4202,627.1,414.11,695.03,537.78,8401.7,67.93,123.67,0.549,False,,True,unattributed,9,evt_01-P05_desk_work_surface_0034,e0968401a682c7ff,native_source_context_fallback,wrist_confidence_below_floor,34891.3,2.32,,1,01/e1/v1,rtmpose_baseline
corpus_01,01.Candidate was found using a mobile phone in the examination hall..mkv,b842b03e5784d867e93770560d88150a526250df69077cd3065edbbd4c842098,dfine_sahi,71220.0,unknown_object,0.3977,616.89,364.49,642.41,394.26,759.6,25.52,29.76,0.857,False,,True,unattributed,9,evt_01-P05_desk_work_surface_0034,e0968401a682c7ff,native_source_context_fallback,wrist_confidence_below_floor,34891.3,2.32,,1,01/e1/v1,rtmpose_baseline
corpus_01,01.Candidate was found using a mobile phone in the examination hall..mkv,b842b03e5784d867e93770560d88150a526250df69077cd3065edbbd4c842098,dfine_sahi,71220.0,stationery,0.3625,633.96,384.19,647.88,395.96,163.8,13.92,11.76,1.184,False,,True,unattributed,9,evt_01-P05_desk_work_surface_0034,e0968401a682c7ff,native_source_context_fallback,wrist_confidence_below_floor,34891.3,2.32,,1,01/e1/v1,rtmpose_baseline
corpus_01,01.Candidate was found using a mobile phone in the examination hall..mkv,b842b03e5784d867e93770560d88150a526250df69077cd3065edbbd4c842098,dfine_sahi,71220.0,mouse,0.3598,678.19,330.57,703.29,359.86,735.2,25.1,29.29,0.857,False,,True,unattributed,9,evt_01-P05_desk_work_surface_0034,e0968401a682c7ff,native_source_context_fallback,wrist_confidence_below_floor,34891.3,2.32,,1,01/e1/v1,rtmpose_baseline
corpus_01,01.Candidate was found using a mobile phone in the examination hall..mkv,b842b03e5784d867e93770560d88150a526250df69077cd3065edbbd4c842098,dfine_sahi,71220.0,unknown_object,0.3508,616.98,407.61,650.51,448.86,1382.9,33.53,41.25,0.813,False,,True,unattributed,9,evt_01-P05_desk_work_surface_0034,e0968401a682c7ff,native_source_context_fallback,wrist_confidence_below_floor,34891.3,2.32,,1,01/e1/v1,rtmpose_baseline
corpus_01,01.Candidate was found using a mobile phone in the examination hall..mkv,b842b03e5784d867e93770560d88150a526250df69077cd3065edbbd4c842098,dfine_sahi,71220.0,bag,0.3371,671.98,405.68,694.55,448.87,974.9,22.57,43.19,0.523,False,,True,unattributed,9,evt_01-P05_desk_work_surface_0034,e0968401a682c7ff,native_source_context_fallback,wrist_confidence_below_floor,34891.3,2.32,,1,01/e1/v1,rtmpose_baseline
corpus_01,01.Candidate was found using a mobile phone in the examination hall..mkv,b842b03e5784d867e93770560d88150a526250df69077cd3065edbbd4c842098,dfine_sahi,71220.0,bag,0.3335,691.73,414.09,756.93,461.21,3071.9,65.2,47.12,1.384,False,,True,unattributed,9,evt_01-P05_desk_work_surface_0034,e0968401a682c7ff,native_source_context_fallback,wrist_confidence_below_floor,34891.3,2.32,,1,01/e1/v1,rtmpose_baseline
corpus_01,01.Candidate was found using a mobile phone in the examination hall..mkv,b842b03e5784d867e93770560d88150a526250df69077cd3065edbbd4c842098,dfine_sahi,71220.0,unknown_object,0.333,703.07,323.05,739.93,377.68,2013.8,36.86,54.63,0.675,False,,True,unattributed,9,evt_01-P05_desk_work_surface_0034,e0968401a682c7ff,native_source_context_fallback,wrist_confidence_below_floor,34891.3,2.32,,1,01/e1/v1,rtmpose_baseline
corpus_01,01.Candidate was found using a mobile phone in the examination hall..mkv,b842b03e5784d867e93770560d88150a526250df69077cd3065edbbd4c842098,dfine_sahi,71220.0,unknown_object,0.3213,680.84,317.72,733.02,350.29,1699.2,52.18,32.56,1.602,False,,True,unattributed,9,evt_01-P05_desk_work_surface_0034,e0968401a682c7ff,native_source_context_fallback,wrist_confidence_below_floor,34891.3,2.32,,1,01/e1/v1,rtmpose_baseline
corpus_01,01.Candidate was found using a mobile phone in the examination hall..mkv,b842b03e5784d867e93770560d88150a526250df69077cd3065edbbd4c842098,dfine_sahi,71220.0,unknown_object,0.3177,694.28,452.21,755.81,505.24,3263.1,61.53,53.03,1.16,False,,True,unattributed,9,evt_01-P05_desk_work_surface_0034,e0968401a682c7ff,native_source_context_fallback,wrist_confidence_below_floor,34891.3,2.32,,1,01/e1/v1,rtmpose_baseline
corpus_01,01.Candidate was found using a mobile phone in the examination hall..mkv,b842b03e5784d867e93770560d88150a526250df69077cd3065edbbd4c842098,dfine_sahi,71220.0,unknown_object,0.3151,616.98,364.12,694.49,448.74,6559.1,77.51,84.62,0.916,False,,True,unattributed,9,evt_01-P05_desk_work_surface_0034,e0968401a682c7ff,native_source_context_fallback,wrist_confidence_below_floor,34891.3,2.32,,1,01/e1/v1,rtmpose_baseline
corpus_01,01.Candidate was found using a mobile phone in the examination hall..mkv,b842b03e5784d867e93770560d88150a526250df69077cd3065edbbd4c842098,dfine_sahi,71220.0,unknown_object,0.3137,616.93,499.3,668.99,569.18,3637.9,52.06,69.87,0.745,False,,True,unattributed,9,evt_01-P05_desk_work_surface_0034,e0968401a682c7ff,native_source_context_fallback,wrist_confidence_below_floor,34891.3,2.32,,1,01/e1/v1,rtmpose_baseline
corpus_01,01.Candidate was found using a mobile phone in the examination hall..mkv,b842b03e5784d867e93770560d88150a526250df69077cd3065edbbd4c842098,dfine_sahi,71220.0,unknown_object,0.2992,724.81,369.45,755.91,400.59,968.5,31.09,31.15,0.998,False,,True,unattributed,9,evt_01-P05_desk_work_surface_0034,e0968401a682c7ff,native_source_context_fallback,wrist_confidence_below_floor,34891.3,2.32,,1,01/e1/v1,rtmpose_baseline
corpus_01,01.Candidate was found using a mobile phone in the examination hall..mkv,b842b03e5784d867e93770560d88150a526250df69077cd3065edbbd4c842098,dfine_sahi,71220.0,unknown_object,0.2983,694.0,453.7,713.07,482.31,545.6,19.08,28.6,0.667,False,,True,unattributed,9,evt_01-P05_desk_work_surface_0034,e0968401a682c7ff,native_source_context_fallback,wrist_confidence_below_floor,34891.3,2.32,,1,01/e1/v1,rtmpose_baseline
corpus_01,01.Candidate was found using a mobile phone in the examination hall..mkv,b842b03e5784d867e93770560d88150a526250df69077cd3065edbbd4c842098,dfine_sahi,71220.0,unknown_object,0.2897,730.13,398.78,755.96,428.67,772.2,25.83,29.89,0.864,False,,True,unattributed,9,evt_01-P05_desk_work_surface_0034,e0968401a682c7ff,native_source_context_fallback,wrist_confidence_below_floor,34891.3,2.32,,1,01/e1/v1,rtmpose_baseline
corpus_01,01.Candidate was found using a mobile phone in the examination hall..mkv,b842b03e5784d867e93770560d88150a526250df69077cd3065edbbd4c842098,dfine_sahi,71220.0,unknown_object,0.2875,616.92,414.11,650.56,495.95,2753.4,33.64,81.84,0.411,False,,True,unattributed,9,evt_01-P05_desk_work_surface_0034,e0968401a682c7ff,native_source_context_fallback,wrist_confidence_below_floor,34891.3,2.32,,1,01/e1/v1,rtmpose_baseline
corpus_01,01.Candidate was found using a mobile phone in the examination hall..mkv,b842b03e5784d867e93770560d88150a526250df69077cd3065edbbd4c842098,dfine_sahi,71220.0,unknown_object,0.2776,692.35,414.24,713.05,481.88,1400.0,20.7,67.64,0.306,False,,True,unattributed,9,evt_01-P05_desk_work_surface_0034,e0968401a682c7ff,native_source_context_fallback,wrist_confidence_below_floor,34891.3,2.32,,1,01/e1/v1,rtmpose_baseline
corpus_01,01.Candidate was found using a mobile phone in the examination hall..mkv,b842b03e5784d867e93770560d88150a526250df69077cd3065edbbd4c842098,dfine_sahi,71220.0,unknown_object,0.2662,616.91,451.88,638.88,497.03,992.4,21.98,45.16,0.487,False,,True,unattributed,9,evt_01-P05_desk_work_surface_0034,e0968401a682c7ff,native_source_context_fallback,wrist_confidence_below_floor,34891.3,2.32,,1,01/e1/v1,rtmpose_baseline
corpus_01,01.Candidate was found using a mobile phone in the examination hall..mkv,b842b03e5784d867e93770560d88150a526250df69077cd3065edbbd4c842098,dfine_sahi,71220.0,unknown_object,0.2591,629.88,398.75,643.21,421.57,304.2,13.33,22.82,0.584,False,,True,unattributed,9,evt_01-P05_desk_work_surface_0034,e0968401a682c7ff,native_source_context_fallback,wrist_confidence_below_floor,34891.3,2.32,,1,01/e1/v1,rtmpose_baseline
corpus_01,01.Candidate was found using a mobile phone in the examination hall..mkv,b842b03e5784d867e93770560d88150a526250df69077cd3065edbbd4c842098,dfine_sahi,71220.0,unknown_object,0.2541,703.83,336.89,755.92,402.37,3411.2,52.09,65.49,0.795,False,,True,unattributed,9,evt_01-P05_desk_work_surface_0034,e0968401a682c7ff,native_source_context_fallback,wrist_confidence_below_floor,34891.3,2.32,,1,01/e1/v1,rtmpose_baseline
corpus_01,01.Candidate was found using a mobile phone in the examination hall..mkv,b842b03e5784d867e93770560d88150a526250df69077cd3065edbbd4c842098,dfine_sahi,71500.0,phone,0.5306,638.88,181.72,663.52,234.55,1301.6,24.63,52.84,0.466,False,,True,unattributed,17,evt_01-P01_upper_body_0006,90ee45a13b0872da,native_source_context_fallback,no_pose_observation,3300.8,6.99,,1,01/e1/v1,
corpus_01,01.Candidate was found using a mobile phone in the examination hall..mkv,b842b03e5784d867e93770560d88150a526250df69077cd3065edbbd4c842098,dfine_sahi,71500.0,monitor_or_bezel,0.442,583.02,157.04,668.02,252.59,8121.7,85.0,95.55,0.89,False,,True,unattributed,17,evt_01-P01_upper_body_0006,90ee45a13b0872da,native_source_context_fallback,no_pose_observation,3300.8,6.99,,1,01/e1/v1,
corpus_01,01.Candidate was found using a mobile phone in the examination hall..mkv,b842b03e5784d867e93770560d88150a526250df69077cd3065edbbd4c842098,dfine_sahi,71500.0,phone,0.3965,584.19,207.92,609.86,252.77,1150.9,25.66,44.85,0.572,False,,True,unattributed,17,evt_01-P01_upper_body_0006,90ee45a13b0872da,native_source_context_fallback,no_pose_observation,3300.8,6.99,,1,01/e1/v1,
corpus_01,01.Candidate was found using a mobile phone in the examination hall..mkv,b842b03e5784d867e93770560d88150a526250df69077cd3065edbbd4c842098,dfine_sahi,71500.0,unknown_object,0.8123,624.1,293.21,696.83,388.48,6928.5,72.73,95.27,0.763,False,,True,unattributed,9,evt_01-P01_upper_body_0006,f7bf6872d96738c2,pose_hand_context,,11794.0,5.89,,1,01/e1/v1,rtmpose_baseline
corpus_01,01.Candidate was found using a mobile phone in the examination hall..mkv,b842b03e5784d867e93770560d88150a526250df69077cd3065edbbd4c842098,dfine_sahi,71500.0,monitor_or_bezel,0.6966,555.38,313.37,603.08,361.04,2273.8,47.7,47.67,1.001,False,,True,unattributed,9,evt_01-P01_upper_body_0006,f7bf6872d96738c2,pose_hand_context,,11794.0,5.89,,1,01/e1/v1,rtmpose_baseline
corpus_01,01.Candidate was found using a mobile phone in the examination hall..mkv,b842b03e5784d867e93770560d88150a526250df69077cd3065edbbd4c842098,dfine_sahi,71500.0,bag,0.6129,612.77,403.83,694.43,435.42,2580.4,81.67,31.6,2.585,False,,True,unattributed,9,evt_01-P01_upper_body_0006,f7bf6872d96738c2,pose_hand_context,,11794.0,5.89,,1,01/e1/v1,rtmpose_baseline
corpus_01,01.Candidate was found using a mobile phone in the examination hall..mkv,b842b03e5784d867e93770560d88150a526250df69077cd3065edbbd4c842098,dfine_sahi,71500.0,unknown_object,0.5278,553.04,340.23,646.27,429.99,8368.6,93.23,89.76,1.039,False,,True,unattributed,9,evt_01-P01_upper_body_0006,f7bf6872d96738c2,pose_hand_context,,11794.0,5.89,,1,01/e1/v1,rtmpose_baseline
corpus_01,01.Candidate was found using a mobile phone in the examination hall..mkv,b842b03e5784d867e93770560d88150a526250df69077cd3065edbbd4c842098,dfine_sahi,71500.0,unknown_object,0.5009,625.08,340.1,663.91,405.03,2521.5,38.83,64.93,0.598,False,,True,unattributed,9,evt_01-P01_upper_body_0006,f7bf6872d96738c2,pose_hand_context,,11794.0,5.89,,1,01/e1/v1,rtmpose_baseline
corpus_01,01.Candidate was found using a mobile phone in the examination hall..mkv,b842b03e5784d867e93770560d88150a526250df69077cd3065edbbd4c842098,dfine_sahi,71500.0,unknown_object,0.4439,624.06,340.04,697.02,434.77,6911.2,72.96,94.73,0.77,False,,True,unattributed,9,evt_01-P01_upper_body_0006,f7bf6872d96738c2,pose_hand_context,,11794.0,5.89,,1,01/e1/v1,rtmpose_baseline
corpus_01,01.Candidate was found using a mobile phone in the examination hall..mkv,b842b03e5784d867e93770560d88150a526250df69077cd3065edbbd4c842098,dfine_sahi,71500.0,unknown_object,0.401,553.02,334.44,615.13,388.37,3350.1,62.11,53.94,1.151,False,,True,unattributed,9,evt_01-P01_upper_body_0006,f7bf6872d96738c2,pose_hand_context,,11794.0,5.89,,1,01/e1/v1,rtmpose_baseline
corpus_01,01.Candidate was found using a mobile phone in the examination hall..mkv,b842b03e5784d867e93770560d88150a526250df69077cd3065edbbd4c842098,dfine_sahi,71500.0,monitor_or_bezel,0.3514,553.2,313.02,636.72,388.5,6303.3,83.52,75.47,1.107,False,,True,unattributed,9,evt_01-P01_upper_body_0006,f7bf6872d96738c2,pose_hand_context,,11794.0,5.89,,1,01/e1/v1,rtmpose_baseline
corpus_01,01.Candidate was found using a mobile phone in the examination hall..mkv,b842b03e5784d867e93770560d88150a526250df69077cd3065edbbd4c842098,dfine_sahi,71500.0,unknown_object,0.3417,668.04,300.71,695.23,335.74,952.4,27.19,35.02,0.776,False,,True,unattributed,9,evt_01-P01_upper_body_0006,f7bf6872d96738c2,pose_hand_context,,11794.0,5.89,,1,01/e1/v1,rtmpose_baseline
corpus_01,01.Candidate was found using a mobile phone in the examination hall..mkv,b842b03e5784d867e93770560d88150a526250df69077cd3065edbbd4c842098,dfine_sahi,71500.0,unknown_object,0.3328,603.26,343.93,636.2,388.62,1472.2,32.94,44.69,0.737,False,,True,unattributed,9,evt_01-P01_upper_body_0006,f7bf6872d96738c2,pose_hand_context,,11794.0,5.89,,1,01/e1/v1,rtmpose_baseline
corpus_01,01.Candidate was found using a mobile phone in the examination hall..mkv,b842b03e5784d867e93770560d88150a526250df69077cd3065edbbd4c842098,dfine_sahi,71500.0,monitor_or_bezel,0.3251,604.26,343.8,630.73,379.57,946.9,26.48,35.76,0.74,False,,True,unattributed,9,evt_01-P01_upper_body_0006,f7bf6872d96738c2,pose_hand_context,,11794.0,5.89,,1,01/e1/v1,rtmpose_baseline
corpus_01,01.Candidate was found using a mobile phone in the examination hall..mkv,b842b03e5784d867e93770560d88150a526250df69077cd3065edbbd4c842098,dfine_sahi,71500.0,unknown_object,0.2558,610.89,344.02,630.42,374.33,592.0,19.53,30.32,0.644,False,,True,unattributed,9,evt_01-P01_upper_body_0006,f7bf6872d96738c2,pose_hand_context,,11794.0,5.89,,1,01/e1/v1,rtmpose_baseline
corpus_01,01.Candidate was found using a mobile phone in the examination hall..mkv,b842b03e5784d867e93770560d88150a526250df69077cd3065edbbd4c842098,dfine_sahi,72220.0,insufficient_visual_evidence,0.0,687.12,152.67,710.66,206.47,1266.5,23.54,53.8,0.438,True,"native footprint 24x54 px is under the 32 px floor; magnifying it 11.9x adds interpolation, not detail",False,unattributed,18,evt_01-P05_desk_work_surface_0034,9ab2370f09b1d38c,native_source_context_fallback,no_pose_observation,1266.5,11.9,,1,01/e1/v1,
corpus_01,01.Candidate was found using a mobile phone in the examination hall..mkv,b842b03e5784d867e93770560d88150a526250df69077cd3065edbbd4c842098,dfine_sahi,72220.0,insufficient_visual_evidence,0.0,618.01,160.79,649.41,247.14,2711.4,31.4,86.35,0.364,True,"native footprint 31x86 px is under the 32 px floor; magnifying it 7.4x adds interpolation, not detail",False,unattributed,17,evt_01-P05_desk_work_surface_0034,9bedff32cf1afa49,native_source_context_fallback,wrist_confidence_below_floor,2711.4,7.41,,1,01/e1/v1,rtmpose_baseline
corpus_01,01.Candidate was found using a mobile phone in the examination hall..mkv,b842b03e5784d867e93770560d88150a526250df69077cd3065edbbd4c842098,dfine_sahi,72220.0,unknown_object,0.5835,612.16,332.05,702.0,427.2,8547.1,89.83,95.14,0.944,False,,True,unattributed,9,evt_01-P05_desk_work_surface_0034,da21efe8337edc6a,pose_hand_context,,14118.2,5.39,,1,01/e1/v1,rtmpose_baseline
corpus_01,01.Candidate was found using a mobile phone in the examination hall..mkv,b842b03e5784d867e93770560d88150a526250df69077cd3065edbbd4c842098,dfine_sahi,72220.0,unknown_object,0.5656,553.95,332.28,644.83,427.48,8652.3,90.88,95.2,0.955,False,,True,unattributed,9,evt_01-P05_desk_work_surface_0034,da21efe8337edc6a,pose_hand_context,,14118.2,5.39,,1,01/e1/v1,rtmpose_baseline
corpus_01,01.Candidate was found using a mobile phone in the examination hall..mkv,b842b03e5784d867e93770560d88150a526250df69077cd3065edbbd4c842098,dfine_sahi,72220.0,unknown_object,0.4928,612.8,280.37,701.95,375.64,8493.5,89.15,95.28,0.936,False,,True,unattributed,9,evt_01-P05_desk_work_surface_0034,da21efe8337edc6a,pose_hand_context,,14118.2,5.39,,1,01/e1/v1,rtmpose_baseline
corpus_01,01.Candidate was found using a mobile phone in the examination hall..mkv,b842b03e5784d867e93770560d88150a526250df69077cd3065edbbd4c842098,dfine_sahi,72220.0,unknown_object,0.4878,623.13,285.43,649.94,375.41,2412.3,26.81,89.98,0.298,False,,True,unattributed,9,evt_01-P05_desk_work_surface_0034,da21efe8337edc6a,pose_hand_context,,14118.2,5.39,,1,01/e1/v1,rtmpose_baseline
corpus_01,01.Candidate was found using a mobile phone in the examination hall..mkv,b842b03e5784d867e93770560d88150a526250df69077cd3065edbbd4c842098,dfine_sahi,72220.0,monitor_or_bezel,0.4478,555.0,313.3,640.78,375.52,5336.7,85.78,62.21,1.379,False,,True,unattributed,9,evt_01-P05_desk_work_surface_0034,da21efe8337edc6a,pose_hand_context,,14118.2,5.39,,1,01/e1/v1,rtmpose_baseline
corpus_01,01.Candidate was found using a mobile phone in the examination hall..mkv,b842b03e5784d867e93770560d88150a526250df69077cd3065edbbd4c842098,dfine_sahi,72220.0,unknown_object,0.4341,605.99,364.47,646.59,427.68,2566.5,40.6,63.21,0.642,False,,True,unattributed,9,evt_01-P05_desk_work_surface_0034,da21efe8337edc6a,pose_hand_context,,14118.2,5.39,,1,01/e1/v1,rtmpose_baseline
corpus_01,01.Candidate was found using a mobile phone in the examination hall..mkv,b842b03e5784d867e93770560d88150a526250df69077cd3065edbbd4c842098,dfine_sahi,72220.0,unknown_object,0.4158,625.0,332.17,648.82,375.77,1038.7,23.82,43.6,0.546,False,,True,unattributed,9,evt_01-P05_desk_work_surface_0034,da21efe8337edc6a,pose_hand_context,,14118.2,5.39,,1,01/e1/v1,rtmpose_baseline
corpus_01,01.Candidate was found using a mobile phone in the examination hall..mkv,b842b03e5784d867e93770560d88150a526250df69077cd3065edbbd4c842098,dfine_sahi,72220.0,unknown_object,0.3909,597.66,323.65,626.98,356.15,952.9,29.32,32.5,0.902,False,,True,unattributed,9,evt_01-P05_desk_work_surface_0034,da21efe8337edc6a,pose_hand_context,,14118.2,5.39,,1,01/e1/v1,rtmpose_baseline
corpus_01,01.Candidate was found using a mobile phone in the examination hall..mkv,b842b03e5784d867e93770560d88150a526250df69077cd3065edbbd4c842098,dfine_sahi,72220.0,unknown_object,0.3808,632.87,353.14,647.93,374.5,321.6,15.06,21.35,0.705,False,,True,unattributed,9,evt_01-P05_desk_work_surface_0034,da21efe8337edc6a,pose_hand_context,,14118.2,5.39,,1,01/e1/v1,rtmpose_baseline
corpus_01,01.Candidate was found using a mobile phone in the examination hall..mkv,b842b03e5784d867e93770560d88150a526250df69077cd3065edbbd4c842098,dfine_sahi,72220.0,unknown_object,0.3765,605.99,284.2,638.29,328.75,1439.3,32.31,44.55,0.725,False,,True,unattributed,9,evt_01-P05_desk_work_surface_0034,da21efe8337edc6a,pose_hand_context,,14118.2,5.39,,1,01/e1/v1,rtmpose_baseline
corpus_01,01.Candidate was found using a mobile phone in the examination hall..mkv,b842b03e5784d867e93770560d88150a526250df69077cd3065edbbd4c842098,dfine_sahi,72220.0,monitor_or_bezel,0.3509,555.93,313.45,601.21,359.93,2104.4,45.27,46.48,0.974,False,,True,unattributed,9,evt_01-P05_desk_work_surface_0034,da21efe8337edc6a,pose_hand_context,,14118.2,5.39,,1,01/e1/v1,rtmpose_baseline
corpus_01,01.Candidate was found using a mobile phone in the examination hall..mkv,b842b03e5784d867e93770560d88150a526250df69077cd3065edbbd4c842098,dfine_sahi,72220.0,unknown_object,0.3162,649.92,355.56,678.87,382.35,775.6,28.94,26.8,1.08,False,,True,unattributed,9,evt_01-P05_desk_work_surface_0034,da21efe8337edc6a,pose_hand_context,,14118.2,5.39,,1,01/e1/v1,rtmpose_baseline
corpus_01,01.Candidate was found using a mobile phone in the examination hall..mkv,b842b03e5784d867e93770560d88150a526250df69077cd3065edbbd4c842098,dfine_sahi,72220.0,monitor_or_bezel,0.2872,568.99,313.78,619.58,413.38,5038.7,50.59,99.6,0.508,False,,True,unattributed,9,evt_01-P05_desk_work_surface_0034,da21efe8337edc6a,pose_hand_context,,14118.2,5.39,,1,01/e1/v1,rtmpose_baseline
corpus_01,01.Candidate was found using a mobile phone in the examination hall..mkv,b842b03e5784d867e93770560d88150a526250df69077cd3065edbbd4c842098,dfine_sahi,72220.0,unknown_object,0.2854,653.89,407.35,694.17,427.97,831.0,40.28,20.63,1.953,False,,True,unattributed,9,evt_01-P05_desk_work_surface_0034,da21efe8337edc6a,pose_hand_context,,14118.2,5.39,,1,01/e1/v1,rtmpose_baseline
corpus_01,01.Candidate was found using a mobile phone in the examination hall..mkv,b842b03e5784d867e93770560d88150a526250df69077cd3065edbbd4c842098,dfine_sahi,72220.0,unknown_object,0.2771,554.04,333.49,610.26,375.44,2358.3,56.21,41.95,1.34,False,,True,unattributed,9,evt_01-P05_desk_work_surface_0034,da21efe8337edc6a,pose_hand_context,,14118.2,5.39,,1,01/e1/v1,rtmpose_baseline
corpus_01,01.Candidate was found using a mobile phone in the examination hall..mkv,b842b03e5784d867e93770560d88150a526250df69077cd3065edbbd4c842098,dfine_sahi,72220.0,unknown_object,0.2771,629.86,280.07,687.31,314.22,1962.2,57.45,34.15,1.682,False,,True,unattributed,9,evt_01-P05_desk_work_surface_0034,da21efe8337edc6a,pose_hand_context,,14118.2,5.39,,1,01/e1/v1,rtmpose_baseline
corpus_01,01.Candidate was found using a mobile phone in the examination hall..mkv,b842b03e5784d867e93770560d88150a526250df69077cd3065edbbd4c842098,dfine_sahi,72220.0,unknown_object,0.2529,554.19,280.85,646.05,375.46,8690.5,91.86,94.61,0.971,False,,True,unattributed,9,evt_01-P05_desk_work_surface_0034,da21efe8337edc6a,pose_hand_context,,14118.2,5.39,,1,01/e1/v1,rtmpose_baseline
corpus_01,01.Candidate was found using a mobile phone in the examination hall..mkv,b842b03e5784d867e93770560d88150a526250df69077cd3065edbbd4c842098,dfine_sahi,72500.0,unknown_object,0.8012,726.08,333.57,793.96,405.39,4875.1,67.88,71.82,0.945,False,,True,unattributed,9,evt_01-P01_upper_body_0006,81e278ad53f493bd,pose_hand_context,,14175.3,5.38,,1,01/e1/v1,rtmpose_baseline
corpus_01,01.Candidate was found using a mobile phone in the examination hall..mkv,b842b03e5784d867e93770560d88150a526250df69077cd3065edbbd4c842098,dfine_sahi,72500.0,bag,0.6442,646.03,405.84,694.03,457.31,2470.4,48.0,51.47,0.933,False,,True,unattributed,9,evt_01-P01_upper_body_0006,81e278ad53f493bd,pose_hand_context,,14175.3,5.38,,1,01/e1/v1,rtmpose_baseline
corpus_01,01.Candidate was found using a mobile phone in the examination hall..mkv,b842b03e5784d867e93770560d88150a526250df69077cd3065edbbd4c842098,dfine_sahi,72500.0,unknown_object,0.6179,726.55,369.14,787.41,406.48,2272.6,60.85,37.35,1.63,False,,True,unattributed,9,evt_01-P01_upper_body_0006,81e278ad53f493bd,pose_hand_context,,14175.3,5.38,,1,01/e1/v1,rtmpose_baseline
corpus_01,01.Candidate was found using a mobile phone in the examination hall..mkv,b842b03e5784d867e93770560d88150a526250df69077cd3065edbbd4c842098,dfine_sahi,72500.0,unknown_object,0.5627,660.99,405.74,694.45,443.59,1266.8,33.46,37.86,0.884,False,,True,unattributed,9,evt_01-P01_upper_body_0006,81e278ad53f493bd,pose_hand_context,,14175.3,5.38,,1,01/e1/v1,rtmpose_baseline
corpus_01,01.Candidate was found using a mobile phone in the examination hall..mkv,b842b03e5784d867e93770560d88150a526250df69077cd3065edbbd4c842098,dfine_sahi,72500.0,unknown_object,0.5494,646.19,310.18,736.82,405.67,8654.4,90.63,95.49,0.949,False,,True,unattributed,9,evt_01-P01_upper_body_0006,81e278ad53f493bd,pose_hand_context,,14175.3,5.38,,1,01/e1/v1,rtmpose_baseline
corpus_01,01.Candidate was found using a mobile phone in the examination hall..mkv,b842b03e5784d867e93770560d88150a526250df69077cd3065edbbd4c842098,dfine_sahi,72500.0,unknown_object,0.5174,724.95,369.04,788.76,449.98,5164.6,63.81,80.94,0.788,False,,True,unattributed,9,evt_01-P01_upper_body_0006,81e278ad53f493bd,pose_hand_context,,14175.3,5.38,,1,01/e1/v1,rtmpose_baseline
corpus_01,01.Candidate was found using a mobile phone in the examination hall..mkv,b842b03e5784d867e93770560d88150a526250df69077cd3065edbbd4c842098,dfine_sahi,72500.0,unknown_object,0.5093,697.99,310.11,736.23,405.63,3652.0,38.24,95.51,0.4,False,,True,unattributed,9,evt_01-P01_upper_body_0006,81e278ad53f493bd,pose_hand_context,,14175.3,5.38,,1,01/e1/v1,rtmpose_baseline
corpus_01,01.Candidate was found using a mobile phone in the examination hall..mkv,b842b03e5784d867e93770560d88150a526250df69077cd3065edbbd4c842098,dfine_sahi,72500.0,unknown_object,0.3871,715.02,318.38,732.78,332.54,251.3,17.75,14.16,1.254,False,,True,unattributed,9,evt_01-P01_upper_body_0006,81e278ad53f493bd,pose_hand_context,,14175.3,5.38,,1,01/e1/v1,rtmpose_baseline
corpus_01,01.Candidate was found using a mobile phone in the examination hall..mkv,b842b03e5784d867e93770560d88150a526250df69077cd3065edbbd4c842098,dfine_sahi,72500.0,unknown_object,0.3503,646.05,362.13,741.92,457.02,9097.8,95.87,94.9,1.01,False,,True,unattributed,9,evt_01-P01_upper_body_0006,81e278ad53f493bd,pose_hand_context,,14175.3,5.38,,1,01/e1/v1,rtmpose_baseline
corpus_01,01.Candidate was found using a mobile phone in the examination hall..mkv,b842b03e5784d867e93770560d88150a526250df69077cd3065edbbd4c842098,dfine_sahi,72500.0,unknown_object,0.3436,726.12,369.87,741.99,405.31,562.5,15.87,35.44,0.448,False,,True,unattributed,9,evt_01-P01_upper_body_0006,81e278ad53f493bd,pose_hand_context,,14175.3,5.38,,1,01/e1/v1,rtmpose_baseline
corpus_01,01.Candidate was found using a mobile phone in the examination hall..mkv,b842b03e5784d867e93770560d88150a526250df69077cd3065edbbd4c842098,dfine_sahi,72500.0,unknown_object,0.3099,747.22,336.62,779.96,372.81,1185.1,32.75,36.19,0.905,False,,True,unattributed,9,evt_01-P01_upper_body_0006,81e278ad53f493bd,pose_hand_context,,14175.3,5.38,,1,01/e1/v1,rtmpose_baseline
corpus_01,01.Candidate was found using a mobile phone in the examination hall..mkv,b842b03e5784d867e93770560d88150a526250df69077cd3065edbbd4c842098,dfine_sahi,72500.0,unknown_object,0.3086,711.91,427.06,748.18,446.99,722.9,36.27,19.93,1.819,False,,True,unattributed,9,evt_01-P01_upper_body_0006,81e278ad53f493bd,pose_hand_context,,14175.3,5.38,,1,01/e1/v1,rtmpose_baseline
corpus_01,01.Candidate was found using a mobile phone in the examination hall..mkv,b842b03e5784d867e93770560d88150a526250df69077cd3065edbbd4c842098,dfine_sahi,72500.0,unknown_object,0.2853,699.27,398.81,783.98,457.38,4961.6,84.71,58.57,1.446,False,,True,unattributed,9,evt_01-P01_upper_body_0006,81e278ad53f493bd,pose_hand_context,,14175.3,5.38,,1,01/e1/v1,rtmpose_baseline
corpus_01,01.Candidate was found using a mobile phone in the examination hall..mkv,b842b03e5784d867e93770560d88150a526250df69077cd3065edbbd4c842098,dfine_sahi,72500.0,unknown_object,0.2763,710.07,347.01,727.78,393.69,826.7,17.71,46.69,0.379,False,,True,unattributed,9,evt_01-P01_upper_body_0006,81e278ad53f493bd,pose_hand_context,,14175.3,5.38,,1,01/e1/v1,rtmpose_baseline
corpus_01,01.Candidate was found using a mobile phone in the examination hall..mkv,b842b03e5784d867e93770560d88150a526250df69077cd3065edbbd4c842098,dfine_sahi,72500.0,unknown_object,0.2675,698.13,310.28,724.35,362.41,1366.7,26.22,52.13,0.503,False,,True,unattributed,9,evt_01-P01_upper_body_0006,81e278ad53f493bd,pose_hand_context,,14175.3,5.38,,1,01/e1/v1,rtmpose_baseline
corpus_01,01.Candidate was found using a mobile phone in the examination hall..mkv,b842b03e5784d867e93770560d88150a526250df69077cd3065edbbd4c842098,dfine_sahi,72500.0,unknown_object,0.2611,646.03,362.16,703.85,428.38,3829.4,57.82,66.23,0.873,False,,True,unattributed,9,evt_01-P01_upper_body_0006,81e278ad53f493bd,pose_hand_context,,14175.3,5.38,,1,01/e1/v1,rtmpose_baseline
corpus_01,01.Candidate was found using a mobile phone in the examination hall..mkv,b842b03e5784d867e93770560d88150a526250df69077cd3065edbbd4c842098,dfine_sahi,72500.0,insufficient_visual_evidence,0.0,617.69,163.03,647.51,246.68,2494.4,29.82,83.65,0.356,True,"native footprint 30x84 px is under the 32 px floor; magnifying it 7.7x adds interpolation, not detail",False,unattributed,17,evt_01-P01_upper_body_0006,c4e9ad198a8eae0c,native_source_context_fallback,wrist_confidence_below_floor,2494.4,7.65,,1,01/e1/v1,rtmpose_baseline
corpus_01,01.Candidate was found using a mobile phone in the examination hall..mkv,b842b03e5784d867e93770560d88150a526250df69077cd3065edbbd4c842098,dfine_sahi,73220.0,unknown_object,0.6743,555.05,321.1,642.61,416.61,8362.7,87.56,95.51,0.917,False,,True,unattributed,9,evt_01-P05_desk_work_surface_0034,b9d395d936a48172,pose_hand_context,,10120.4,6.36,,1,01/e1/v1,rtmpose_baseline
corpus_01,01.Candidate was found using a mobile phone in the examination hall..mkv,b842b03e5784d867e93770560d88150a526250df69077cd3065edbbd4c842098,dfine_sahi,73220.0,unknown_object,0.6685,612.21,277.66,694.94,372.63,7857.3,82.73,94.97,0.871,False,,True,unattributed,9,evt_01-P05_desk_work_surface_0034,b9d395d936a48172,pose_hand_context,,10120.4,6.36,,1,01/e1/v1,rtmpose_baseline
corpus_01,01.Candidate was found using a mobile phone in the examination hall..mkv,b842b03e5784d867e93770560d88150a526250df69077cd3065edbbd4c842098,dfine_sahi,73220.0,unknown_object,0.5378,597.83,310.89,636.78,343.81,1282.3,38.95,32.92,1.183,False,,True,unattributed,9,evt_01-P05_desk_work_surface_0034,b9d395d936a48172,pose_hand_context,,10120.4,6.36,,1,01/e1/v1,rtmpose_baseline
corpus_01,01.Candidate was found using a mobile phone in the examination hall..mkv,b842b03e5784d867e93770560d88150a526250df69077cd3065edbbd4c842098,dfine_sahi,73220.0,unknown_object,0.5075,573.12,282.67,639.31,367.04,5584.5,66.19,84.37,0.785,False,,True,unattributed,9,evt_01-P05_desk_work_surface_0034,b9d395d936a48172,pose_hand_context,,10120.4,6.36,,1,01/e1/v1,rtmpose_baseline
corpus_01,01.Candidate was found using a mobile phone in the examination hall..mkv,b842b03e5784d867e93770560d88150a526250df69077cd3065edbbd4c842098,dfine_sahi,73220.0,unknown_object,0.4373,635.59,323.15,658.65,366.25,993.6,23.05,43.1,0.535,False,,True,unattributed,9,evt_01-P05_desk_work_surface_0034,b9d395d936a48172,pose_hand_context,,10120.4,6.36,,1,01/e1/v1,rtmpose_baseline
corpus_01,01.Candidate was found using a mobile phone in the examination hall..mkv,b842b03e5784d867e93770560d88150a526250df69077cd3065edbbd4c842098,dfine_sahi,73220.0,unknown_object,0.4223,639.27,363.76,675.87,396.48,1197.5,36.6,32.72,1.119,False,,True,unattributed,9,evt_01-P05_desk_work_surface_0034,b9d395d936a48172,pose_hand_context,,10120.4,6.36,,1,01/e1/v1,rtmpose_baseline
corpus_01,01.Candidate was found using a mobile phone in the examination hall..mkv,b842b03e5784d867e93770560d88150a526250df69077cd3065edbbd4c842098,dfine_sahi,73220.0,monitor_or_bezel,0.4111,555.66,313.49,603.25,361.17,2269.5,47.59,47.69,0.998,False,,True,unattributed,9,evt_01-P05_desk_work_surface_0034,b9d395d936a48172,pose_hand_context,,10120.4,6.36,,1,01/e1/v1,rtmpose_baseline
corpus_01,01.Candidate was found using a mobile phone in the examination hall..mkv,b842b03e5784d867e93770560d88150a526250df69077cd3065edbbd4c842098,dfine_sahi,73220.0,unknown_object,0.3903,555.03,334.7,608.8,372.58,2036.6,53.77,37.88,1.42,False,,True,unattributed,9,evt_01-P05_desk_work_surface_0034,b9d395d936a48172,pose_hand_context,,10120.4,6.36,,1,01/e1/v1,rtmpose_baseline
corpus_01,01.Candidate was found using a mobile phone in the examination hall..mkv,b842b03e5784d867e93770560d88150a526250df69077cd3065edbbd4c842098,dfine_sahi,73220.0,unknown_object,0.3376,656.64,331.63,694.86,372.69,1568.8,38.21,41.05,0.931,False,,True,unattributed,9,evt_01-P05_desk_work_surface_0034,b9d395d936a48172,pose_hand_context,,10120.4,6.36,,1,01/e1/v1,rtmpose_baseline
corpus_01,01.Candidate was found using a mobile phone in the examination hall..mkv,b842b03e5784d867e93770560d88150a526250df69077cd3065edbbd4c842098,dfine_sahi,73220.0,unknown_object,0.3218,599.01,332.97,642.53,416.48,3635.0,43.53,83.51,0.521,False,,True,unattributed,9,evt_01-P05_desk_work_surface_0034,b9d395d936a48172,pose_hand_context,,10120.4,6.36,,1,01/e1/v1,rtmpose_baseline
corpus_01,01.Candidate was found using a mobile phone in the examination hall..mkv,b842b03e5784d867e93770560d88150a526250df69077cd3065edbbd4c842098,dfine_sahi,73220.0,unknown_object,0.3047,575.0,313.43,615.75,396.23,3373.9,40.75,82.8,0.492,False,,True,unattributed,9,evt_01-P05_desk_work_surface_0034,b9d395d936a48172,pose_hand_context,,10120.4,6.36,,1,01/e1/v1,rtmpose_baseline
corpus_01,01.Candidate was found using a mobile phone in the examination hall..mkv,b842b03e5784d867e93770560d88150a526250df69077cd3065edbbd4c842098,dfine_sahi,73220.0,unknown_object,0.2984,603.99,364.36,640.26,373.01,313.5,36.28,8.64,4.197,False,,True,unattributed,9,evt_01-P05_desk_work_surface_0034,b9d395d936a48172,pose_hand_context,,10120.4,6.36,,1,01/e1/v1,rtmpose_baseline
corpus_01,01.Candidate was found using a mobile phone in the examination hall..mkv,b842b03e5784d867e93770560d88150a526250df69077cd3065edbbd4c842098,dfine_sahi,73220.0,monitor_or_bezel,0.2934,575.07,313.4,640.02,379.91,4319.8,64.95,66.51,0.976,False,,True,unattributed,9,evt_01-P05_desk_work_surface_0034,b9d395d936a48172,pose_hand_context,,10120.4,6.36,,1,01/e1/v1,rtmpose_baseline
corpus_01,01.Candidate was found using a mobile phone in the examination hall..mkv,b842b03e5784d867e93770560d88150a526250df69077cd3065edbbd4c842098,dfine_sahi,73220.0,unknown_object,0.2922,638.09,320.01,675.9,395.91,2869.8,37.81,75.89,0.498,False,,True,unattributed,9,evt_01-P05_desk_work_surface_0034,b9d395d936a48172,pose_hand_context,,10120.4,6.36,,1,01/e1/v1,rtmpose_baseline
corpus_01,01.Candidate was found using a mobile phone in the examination hall..mkv,b842b03e5784d867e93770560d88150a526250df69077cd3065edbbd4c842098,dfine_sahi,73220.0,unknown_object,0.2616,599.08,321.05,694.65,416.71,9141.6,95.57,95.66,0.999,False,,True,unattributed,9,evt_01-P05_desk_work_surface_0034,b9d395d936a48172,pose_hand_context,,10120.4,6.36,,1,01/e1/v1,rtmpose_baseline
corpus_01,01.Candidate was found using a mobile phone in the examination hall..mkv,b842b03e5784d867e93770560d88150a526250df69077cd3065edbbd4c842098,dfine_sahi,73220.0,unknown_object,0.746,608.27,166.62,645.08,247.75,2986.1,36.81,81.12,0.454,False,,True,unattributed,17,evt_01-P05_desk_work_surface_0034,fe9112957651495a,native_source_context_fallback,no_pose_observation,2930.7,8.05,,1,01/e1/v1,
corpus_01,01.Candidate was found using a mobile phone in the examination hall..mkv,b842b03e5784d867e93770560d88150a526250df69077cd3065edbbd4c842098,dfine_sahi,73220.0,unknown_object,0.3057,583.42,207.97,610.43,254.59,1259.0,27.01,46.61,0.579,False,,True,unattributed,17,evt_01-P05_desk_work_surface_0034,fe9112957651495a,native_source_context_fallback,no_pose_observation,2930.7,8.05,,1,01/e1/v1,
corpus_01,01.Candidate was found using a mobile phone in the examination hall..mkv,b842b03e5784d867e93770560d88150a526250df69077cd3065edbbd4c842098,dfine_sahi,73220.0,monitor_or_bezel,0.2944,578.31,159.2,667.38,254.31,8470.6,89.07,95.1,0.937,False,,True,unattributed,17,evt_01-P05_desk_work_surface_0034,fe9112957651495a,native_source_context_fallback,no_pose_observation,2930.7,8.05,,1,01/e1/v1,
corpus_01,01.Candidate was found using a mobile phone in the examination hall..mkv,b842b03e5784d867e93770560d88150a526250df69077cd3065edbbd4c842098,dfine_sahi,73220.0,unknown_object,0.2536,639.42,181.64,662.37,221.71,919.6,22.95,40.08,0.573,False,,True,unattributed,17,evt_01-P05_desk_work_surface_0034,fe9112957651495a,native_source_context_fallback,no_pose_observation,2930.7,8.05,,1,01/e1/v1,
corpus_01,01.Candidate was found using a mobile phone in the examination hall..mkv,b842b03e5784d867e93770560d88150a526250df69077cd3065edbbd4c842098,dfine_sahi,73500.0,unknown_object,0.5854,587.04,313.5,603.07,360.74,757.6,16.04,47.24,0.339,False,,True,unattributed,9,evt_01-P01_upper_body_0006,3c59806dcf0fad56,pose_hand_context,,7180.9,7.55,,1,01/e1/v1,rtmpose_baseline
corpus_01,01.Candidate was found using a mobile phone in the examination hall..mkv,b842b03e5784d867e93770560d88150a526250df69077cd3065edbbd4c842098,dfine_sahi,73500.0,monitor_or_bezel,0.576,554.98,313.55,602.77,361.08,2271.4,47.79,47.53,1.005,False,,True,unattributed,9,evt_01-P01_upper_body_0006,3c59806dcf0fad56,pose_hand_context,,7180.9,7.55,,1,01/e1/v1,rtmpose_baseline
corpus_01,01.Candidate was found using a mobile phone in the examination hall..mkv,b842b03e5784d867e93770560d88150a526250df69077cd3065edbbd4c842098,dfine_sahi,73500.0,unknown_object,0.5525,656.11,330.91,683.0,372.59,1120.8,26.89,41.68,0.645,False,,True,unattributed,9,evt_01-P01_upper_body_0006,3c59806dcf0fad56,pose_hand_context,,7180.9,7.55,,1,01/e1/v1,rtmpose_baseline
corpus_01,01.Candidate was found using a mobile phone in the examination hall..mkv,b842b03e5784d867e93770560d88150a526250df69077cd3065edbbd4c842098,dfine_sahi,73500.0,unknown_object,0.5279,592.57,321.9,636.45,346.47,1077.9,43.87,24.57,1.786,False,,True,unattributed,9,evt_01-P01_upper_body_0006,3c59806dcf0fad56,pose_hand_context,,7180.9,7.55,,1,01/e1/v1,rtmpose_baseline
corpus_01,01.Candidate was found using a mobile phone in the examination hall..mkv,b842b03e5784d867e93770560d88150a526250df69077cd3065edbbd4c842098,dfine_sahi,73500.0,keyboard,0.5093,592.71,322.33,636.6,346.42,1057.4,43.89,24.09,1.822,False,,True,unattributed,9,evt_01-P01_upper_body_0006,3c59806dcf0fad56,pose_hand_context,,7180.9,7.55,,1,01/e1/v1,rtmpose_baseline
corpus_01,01.Candidate was found using a mobile phone in the examination hall..mkv,b842b03e5784d867e93770560d88150a526250df69077cd3065edbbd4c842098,dfine_sahi,73500.0,unknown_object,0.4626,550.04,334.42,618.37,409.42,5124.1,68.33,74.99,0.911,False,,True,unattributed,9,evt_01-P01_upper_body_0006,3c59806dcf0fad56,pose_hand_context,,7180.9,7.55,,1,01/e1/v1,rtmpose_baseline
corpus_01,01.Candidate was found using a mobile phone in the examination hall..mkv,b842b03e5784d867e93770560d88150a526250df69077cd3065edbbd4c842098,dfine_sahi,73500.0,unknown_object,0.4376,634.88,309.78,660.91,367.66,1506.7,26.03,57.88,0.45,False,,True,unattributed,9,evt_01-P01_upper_body_0006,3c59806dcf0fad56,pose_hand_context,,7180.9,7.55,,1,01/e1/v1,rtmpose_baseline
corpus_01,01.Candidate was found using a mobile phone in the examination hall..mkv,b842b03e5784d867e93770560d88150a526250df69077cd3065edbbd4c842098,dfine_sahi,73500.0,unknown_object,0.4054,569.01,313.53,615.28,390.57,3565.1,46.28,77.04,0.601,False,,True,unattributed,9,evt_01-P01_upper_body_0006,3c59806dcf0fad56,pose_hand_context,,7180.9,7.55,,1,01/e1/v1,rtmpose_baseline
corpus_01,01.Candidate was found using a mobile phone in the examination hall..mkv,b842b03e5784d867e93770560d88150a526250df69077cd3065edbbd4c842098,dfine_sahi,73500.0,unknown_object,0.3462,603.63,364.38,638.98,373.0,304.7,35.36,8.62,4.103,False,,True,unattributed,9,evt_01-P01_upper_body_0006,3c59806dcf0fad56,pose_hand_context,,7180.9,7.55,,1,01/e1/v1,rtmpose_baseline
corpus_01,01.Candidate was found using a mobile phone in the examination hall..mkv,b842b03e5784d867e93770560d88150a526250df69077cd3065edbbd4c842098,dfine_sahi,73500.0,monitor_or_bezel,0.3198,573.54,281.84,637.19,347.04,4149.8,63.65,65.2,0.976,False,,True,unattributed,9,evt_01-P01_upper_body_0006,3c59806dcf0fad56,pose_hand_context,,7180.9,7.55,,1,01/e1/v1,rtmpose_baseline
corpus_01,01.Candidate was found using a mobile phone in the examination hall..mkv,b842b03e5784d867e93770560d88150a526250df69077cd3065edbbd4c842098,dfine_sahi,73500.0,unknown_object,0.3072,587.08,313.55,638.85,372.61,3057.7,51.77,59.06,0.877,False,,True,unattributed,9,evt_01-P01_upper_body_0006,3c59806dcf0fad56,pose_hand_context,,7180.9,7.55,,1,01/e1/v1,rtmpose_baseline
corpus_01,01.Candidate was found using a mobile phone in the examination hall..mkv,b842b03e5784d867e93770560d88150a526250df69077cd3065edbbd4c842098,dfine_sahi,73500.0,unknown_object,0.3056,637.12,314.25,682.94,409.52,4365.2,45.82,95.26,0.481,False,,True,unattributed,9,evt_01-P01_upper_body_0006,3c59806dcf0fad56,pose_hand_context,,7180.9,7.55,,1,01/e1/v1,rtmpose_baseline
corpus_01,01.Candidate was found using a mobile phone in the examination hall..mkv,b842b03e5784d867e93770560d88150a526250df69077cd3065edbbd4c842098,dfine_sahi,73500.0,unknown_object,0.3045,603.26,364.3,641.57,390.88,1018.2,38.31,26.58,1.441,False,,True,unattributed,9,evt_01-P01_upper_body_0006,3c59806dcf0fad56,pose_hand_context,,7180.9,7.55,,1,01/e1/v1,rtmpose_baseline
corpus_01,01.Candidate was found using a mobile phone in the examination hall..mkv,b842b03e5784d867e93770560d88150a526250df69077cd3065edbbd4c842098,dfine_sahi,73500.0,unknown_object,0.2839,550.03,334.63,608.51,372.49,2213.5,58.47,37.85,1.545,False,,True,unattributed,9,evt_01-P01_upper_body_0006,3c59806dcf0fad56,pose_hand_context,,7180.9,7.55,,1,01/e1/v1,rtmpose_baseline
corpus_01,01.Candidate was found using a mobile phone in the examination hall..mkv,b842b03e5784d867e93770560d88150a526250df69077cd3065edbbd4c842098,dfine_sahi,73500.0,unknown_object,0.2774,586.99,347.74,618.41,409.73,1947.4,31.42,61.99,0.507,False,,True,unattributed,9,evt_01-P01_upper_body_0006,3c59806dcf0fad56,pose_hand_context,,7180.9,7.55,,1,01/e1/v1,rtmpose_baseline
corpus_01,01.Candidate was found using a mobile phone in the examination hall..mkv,b842b03e5784d867e93770560d88150a526250df69077cd3065edbbd4c842098,dfine_sahi,73500.0,unknown_object,0.2627,639.17,366.54,682.98,409.8,1895.3,43.81,43.26,1.013,False,,True,unattributed,9,evt_01-P01_upper_body_0006,3c59806dcf0fad56,pose_hand_context,,7180.9,7.55,,1,01/e1/v1,rtmpose_baseline
corpus_01,01.Candidate was found using a mobile phone in the examination hall..mkv,b842b03e5784d867e93770560d88150a526250df69077cd3065edbbd4c842098,dfine_sahi,73500.0,unknown_object,0.2555,587.03,313.59,594.4,334.47,153.9,7.37,20.88,0.353,False,,True,unattributed,9,evt_01-P01_upper_body_0006,3c59806dcf0fad56,pose_hand_context,,7180.9,7.55,,1,01/e1/v1,rtmpose_baseline
corpus_01,01.Candidate was found using a mobile phone in the examination hall..mkv,b842b03e5784d867e93770560d88150a526250df69077cd3065edbbd4c842098,dfine_sahi,73500.0,stationery,0.4948,599.93,150.2,632.39,204.61,1766.2,32.46,54.41,0.597,False,,True,unattributed,17,evt_01-P01_upper_body_0006,4e30ec986dc2fb7f,native_source_context_fallback,wrist_confidence_below_floor,5328.9,6.97,,1,01/e1/v1,rtmpose_baseline
corpus_01,01.Candidate was found using a mobile phone in the examination hall..mkv,b842b03e5784d867e93770560d88150a526250df69077cd3065edbbd4c842098,dfine_sahi,73500.0,unknown_object,0.462,572.31,190.1,667.7,285.47,9097.1,95.39,95.37,1.0,False,,True,unattributed,17,evt_01-P01_upper_body_0006,4e30ec986dc2fb7f,native_source_context_fallback,wrist_confidence_below_floor,5328.9,6.97,,1,01/e1/v1,rtmpose_baseline
corpus_01,01.Candidate was found using a mobile phone in the examination hall..mkv,b842b03e5784d867e93770560d88150a526250df69077cd3065edbbd4c842098,dfine_sahi,73500.0,phone,0.4524,545.95,150.13,641.93,245.7,9173.2,95.98,95.57,1.004,False,,True,unattributed,17,evt_01-P01_upper_body_0006,4e30ec986dc2fb7f,native_source_context_fallback,wrist_confidence_below_floor,5328.9,6.97,,1,01/e1/v1,rtmpose_baseline
corpus_01,01.Candidate was found using a mobile phone in the examination hall..mkv,b842b03e5784d867e93770560d88150a526250df69077cd3065edbbd4c842098,dfine_sahi,73500.0,stationery,0.3746,574.12,195.12,609.25,245.85,1782.5,35.13,50.74,0.692,False,,True,unattributed,17,evt_01-P01_upper_body_0006,4e30ec986dc2fb7f,native_source_context_fallback,wrist_confidence_below_floor,5328.9,6.97,,1,01/e1/v1,rtmpose_baseline
corpus_01,01.Candidate was found using a mobile phone in the examination hall..mkv,b842b03e5784d867e93770560d88150a526250df69077cd3065edbbd4c842098,dfine_sahi,73500.0,stationery,0.3397,565.01,150.15,639.27,245.68,7093.9,74.26,95.53,0.777,False,,True,unattributed,17,evt_01-P01_upper_body_0006,4e30ec986dc2fb7f,native_source_context_fallback,wrist_confidence_below_floor,5328.9,6.97,,1,01/e1/v1,rtmpose_baseline
corpus_01,01.Candidate was found using a mobile phone in the examination hall..mkv,b842b03e5784d867e93770560d88150a526250df69077cd3065edbbd4c842098,dfine_sahi,73500.0,phone,0.3256,639.43,181.81,654.98,220.15,596.3,15.55,38.34,0.406,False,,True,unattributed,17,evt_01-P01_upper_body_0006,4e30ec986dc2fb7f,native_source_context_fallback,wrist_confidence_below_floor,5328.9,6.97,,1,01/e1/v1,rtmpose_baseline
corpus_01,01.Candidate was found using a mobile phone in the examination hall..mkv,b842b03e5784d867e93770560d88150a526250df69077cd3065edbbd4c842098,dfine_sahi,73500.0,stationery,0.3066,639.42,181.71,662.18,220.76,888.5,22.76,39.04,0.583,False,,True,unattributed,17,evt_01-P01_upper_body_0006,4e30ec986dc2fb7f,native_source_context_fallback,wrist_confidence_below_floor,5328.9,6.97,,1,01/e1/v1,rtmpose_baseline
corpus_01,01.Candidate was found using a mobile phone in the examination hall..mkv,b842b03e5784d867e93770560d88150a526250df69077cd3065edbbd4c842098,dfine_sahi,73500.0,phone,0.2905,574.41,195.25,611.49,265.48,2604.3,37.08,70.24,0.528,False,,True,unattributed,17,evt_01-P01_upper_body_0006,4e30ec986dc2fb7f,native_source_context_fallback,wrist_confidence_below_floor,5328.9,6.97,,1,01/e1/v1,rtmpose_baseline
corpus_01,01.Candidate was found using a mobile phone in the examination hall..mkv,b842b03e5784d867e93770560d88150a526250df69077cd3065edbbd4c842098,dfine_sahi,73500.0,unknown_object,0.2878,630.8,272.76,649.63,285.82,246.0,18.82,13.07,1.44,False,,True,unattributed,17,evt_01-P01_upper_body_0006,4e30ec986dc2fb7f,native_source_context_fallback,wrist_confidence_below_floor,5328.9,6.97,,1,01/e1/v1,rtmpose_baseline
corpus_01,01.Candidate was found using a mobile phone in the examination hall..mkv,b842b03e5784d867e93770560d88150a526250df69077cd3065edbbd4c842098,dfine_sahi,73500.0,unknown_object,0.2746,545.99,240.24,557.67,285.83,532.8,11.68,45.6,0.256,False,,True,unattributed,17,evt_01-P01_upper_body_0006,4e30ec986dc2fb7f,native_source_context_fallback,wrist_confidence_below_floor,5328.9,6.97,,1,01/e1/v1,rtmpose_baseline
corpus_01,01.Candidate was found using a mobile phone in the examination hall..mkv,b842b03e5784d867e93770560d88150a526250df69077cd3065edbbd4c842098,dfine_sahi,73500.0,unknown_object,0.2606,574.12,195.19,590.79,245.87,844.8,16.67,50.68,0.329,False,,True,unattributed,17,evt_01-P01_upper_body_0006,4e30ec986dc2fb7f,native_source_context_fallback,wrist_confidence_below_floor,5328.9,6.97,,1,01/e1/v1,rtmpose_baseline
corpus_01,01.Candidate was found using a mobile phone in the examination hall..mkv,b842b03e5784d867e93770560d88150a526250df69077cd3065edbbd4c842098,dfine_sahi,73500.0,stationery,0.2531,644.44,196.66,656.95,215.58,236.8,12.51,18.92,0.661,False,,True,unattributed,17,evt_01-P01_upper_body_0006,4e30ec986dc2fb7f,native_source_context_fallback,wrist_confidence_below_floor,5328.9,6.97,,1,01/e1/v1,rtmpose_baseline
corpus_01,01.Candidate was found using a mobile phone in the examination hall..mkv,b842b03e5784d867e93770560d88150a526250df69077cd3065edbbd4c842098,dfine_sahi,74420.0,monitor_or_bezel,0.6653,600.64,330.68,646.93,357.27,1231.1,46.29,26.59,1.741,False,,True,unattributed,9,evt_01-P05_desk_work_surface_0035,2ac1a69f7153fc5d,pose_hand_context,,2304.0,13.33,,1,01/e1/v1,rtmpose_baseline
corpus_01,01.Candidate was found using a mobile phone in the examination hall..mkv,b842b03e5784d867e93770560d88150a526250df69077cd3065edbbd4c842098,dfine_sahi,74420.0,unknown_object,0.4734,645.07,358.79,684.98,403.86,1798.6,39.91,45.06,0.886,False,,True,unattributed,9,evt_01-P05_desk_work_surface_0035,2ac1a69f7153fc5d,pose_hand_context,,2304.0,13.33,,1,01/e1/v1,rtmpose_baseline
corpus_01,01.Candidate was found using a mobile phone in the examination hall..mkv,b842b03e5784d867e93770560d88150a526250df69077cd3065edbbd4c842098,dfine_sahi,74420.0,unknown_object,0.323,642.63,308.24,684.98,403.6,4038.1,42.35,95.35,0.444,False,,True,unattributed,9,evt_01-P05_desk_work_surface_0035,2ac1a69f7153fc5d,pose_hand_context,,2304.0,13.33,,1,01/e1/v1,rtmpose_baseline
corpus_01,01.Candidate was found using a mobile phone in the examination hall..mkv,b842b03e5784d867e93770560d88150a526250df69077cd3065edbbd4c842098,dfine_sahi,74420.0,unknown_object,0.3116,614.83,371.04,645.83,380.06,279.7,30.99,9.03,3.434,False,,True,unattributed,9,evt_01-P05_desk_work_surface_0035,2ac1a69f7153fc5d,pose_hand_context,,2304.0,13.33,,1,01/e1/v1,rtmpose_baseline
corpus_01,01.Candidate was found using a mobile phone in the examination hall..mkv,b842b03e5784d867e93770560d88150a526250df69077cd3065edbbd4c842098,dfine_sahi,74420.0,unknown_object,0.2705,589.01,308.13,643.12,360.09,2810.9,54.11,51.95,1.041,False,,True,unattributed,9,evt_01-P05_desk_work_surface_0035,2ac1a69f7153fc5d,pose_hand_context,,2304.0,13.33,,1,01/e1/v1,rtmpose_baseline
corpus_01,01.Candidate was found using a mobile phone in the examination hall..mkv,b842b03e5784d867e93770560d88150a526250df69077cd3065edbbd4c842098,dfine_sahi,74940.0,bag,0.6901,648.46,405.31,694.09,430.84,1164.4,45.62,25.52,1.787,False,,True,unattributed,9,evt_01-P01_desk_work_surface_0003,bdd304dc44972606,pose_hand_context,,3740.5,10.46,,1,01/e1/v1,rtmpose_baseline
corpus_01,01.Candidate was found using a mobile phone in the examination hall..mkv,b842b03e5784d867e93770560d88150a526250df69077cd3065edbbd4c842098,dfine_sahi,74940.0,unknown_object,0.6435,610.84,309.23,695.96,404.52,8111.2,85.12,95.29,0.893,False,,True,unattributed,9,evt_01-P01_desk_work_surface_0003,bdd304dc44972606,pose_hand_context,,3740.5,10.46,,1,01/e1/v1,rtmpose_baseline
corpus_01,01.Candidate was found using a mobile phone in the examination hall..mkv,b842b03e5784d867e93770560d88150a526250df69077cd3065edbbd4c842098,dfine_sahi,74940.0,unknown_object,0.512,587.81,322.11,640.05,371.17,2562.6,52.24,49.05,1.065,False,,True,unattributed,9,evt_01-P01_desk_work_surface_0003,bdd304dc44972606,pose_hand_context,,3740.5,10.46,,1,01/e1/v1,rtmpose_baseline
corpus_01,01.Candidate was found using a mobile phone in the examination hall..mkv,b842b03e5784d867e93770560d88150a526250df69077cd3065edbbd4c842098,dfine_sahi,74940.0,bag,0.4867,600.0,338.28,646.55,430.42,4289.5,46.55,92.14,0.505,False,,True,unattributed,9,evt_01-P01_desk_work_surface_0003,bdd304dc44972606,pose_hand_context,,3740.5,10.46,,1,01/e1/v1,rtmpose_baseline
corpus_01,01.Candidate was found using a mobile phone in the examination hall..mkv,b842b03e5784d867e93770560d88150a526250df69077cd3065edbbd4c842098,dfine_sahi,74940.0,unknown_object,0.4702,573.05,335.2,643.83,429.95,6706.6,70.78,94.75,0.747,False,,True,unattributed,9,evt_01-P01_desk_work_surface_0003,bdd304dc44972606,pose_hand_context,,3740.5,10.46,,1,01/e1/v1,rtmpose_baseline
corpus_01,01.Candidate was found using a mobile phone in the examination hall..mkv,b842b03e5784d867e93770560d88150a526250df69077cd3065edbbd4c842098,dfine_sahi,74940.0,unknown_object,0.4516,630.73,309.16,668.96,367.43,2227.8,38.23,58.27,0.656,False,,True,unattributed,9,evt_01-P01_desk_work_surface_0003,bdd304dc44972606,pose_hand_context,,3740.5,10.46,,1,01/e1/v1,rtmpose_baseline
corpus_01,01.Candidate was found using a mobile phone in the examination hall..mkv,b842b03e5784d867e93770560d88150a526250df69077cd3065edbbd4c842098,dfine_sahi,74940.0,phone,0.3602,573.05,313.36,641.96,404.62,6289.6,68.92,91.27,0.755,False,,True,unattributed,9,evt_01-P01_desk_work_surface_0003,bdd304dc44972606,pose_hand_context,,3740.5,10.46,,1,01/e1/v1,rtmpose_baseline
corpus_01,01.Candidate was found using a mobile phone in the examination hall..mkv,b842b03e5784d867e93770560d88150a526250df69077cd3065edbbd4c842098,dfine_sahi,74940.0,unknown_object,0.3114,588.42,322.06,632.29,341.02,831.5,43.87,18.96,2.314,False,,True,unattributed,9,evt_01-P01_desk_work_surface_0003,bdd304dc44972606,pose_hand_context,,3740.5,10.46,,1,01/e1/v1,rtmpose_baseline
corpus_01,01.Candidate was found using a mobile phone in the examination hall..mkv,b842b03e5784d867e93770560d88150a526250df69077cd3065edbbd4c842098,dfine_sahi,74940.0,phone,0.2951,592.5,337.02,639.66,370.73,1590.1,47.16,33.71,1.399,False,,True,unattributed,9,evt_01-P01_desk_work_surface_0003,bdd304dc44972606,pose_hand_context,,3740.5,10.46,,1,01/e1/v1,rtmpose_baseline
corpus_01,01.Candidate was found using a mobile phone in the examination hall..mkv,b842b03e5784d867e93770560d88150a526250df69077cd3065edbbd4c842098,dfine_sahi,74940.0,unknown_object,0.2695,600.09,357.92,641.84,404.78,1956.6,41.75,46.86,0.891,False,,True,unattributed,9,evt_01-P01_desk_work_surface_0003,bdd304dc44972606,pose_hand_context,,3740.5,10.46,,1,01/e1/v1,rtmpose_baseline
corpus_01,01.Candidate was found using a mobile phone in the examination hall..mkv,b842b03e5784d867e93770560d88150a526250df69077cd3065edbbd4c842098,dfine_sahi,75420.0,unknown_object,0.5199,549.02,313.19,627.99,421.51,8554.1,78.97,108.32,0.729,False,,True,unattributed,9,evt_01-P05_desk_work_surface_0035,e9b3c6ad6e711642,pose_hand_context,,16332.8,5.01,,1,01/e1/v1,rtmpose_baseline
corpus_01,01.Candidate was found using a mobile phone in the examination hall..mkv,b842b03e5784d867e93770560d88150a526250df69077cd3065edbbd4c842098,dfine_sahi,75420.0,monitor_or_bezel,0.4842,537.32,313.23,609.29,377.59,4631.5,71.96,64.36,1.118,False,,True,unattributed,9,evt_01-P05_desk_work_surface_0035,e9b3c6ad6e711642,pose_hand_context,,16332.8,5.01,,1,01/e1/v1,rtmpose_baseline
corpus_01,01.Candidate was found using a mobile phone in the examination hall..mkv,b842b03e5784d867e93770560d88150a526250df69077cd3065edbbd4c842098,dfine_sahi,75420.0,unknown_object,0.4644,605.22,338.08,688.81,433.46,7973.5,83.6,95.38,0.876,False,,True,unattributed,9,evt_01-P05_desk_work_surface_0035,e9b3c6ad6e711642,pose_hand_context,,16332.8,5.01,,1,01/e1/v1,rtmpose_baseline
corpus_01,01.Candidate was found using a mobile phone in the examination hall..mkv,b842b03e5784d867e93770560d88150a526250df69077cd3065edbbd4c842098,dfine_sahi,75420.0,unknown_object,0.4531,605.79,282.85,632.98,377.59,2576.6,27.19,94.75,0.287,False,,True,unattributed,9,evt_01-P05_desk_work_surface_0035,e9b3c6ad6e711642,pose_hand_context,,16332.8,5.01,,1,01/e1/v1,rtmpose_baseline
corpus_01,01.Candidate was found using a mobile phone in the examination hall..mkv,b842b03e5784d867e93770560d88150a526250df69077cd3065edbbd4c842098,dfine_sahi,75420.0,unknown_object,0.4368,541.97,338.08,602.79,401.35,3848.2,60.82,63.27,0.961,False,,True,unattributed,9,evt_01-P05_desk_work_surface_0035,e9b3c6ad6e711642,pose_hand_context,,16332.8,5.01,,1,01/e1/v1,rtmpose_baseline
corpus_01,01.Candidate was found using a mobile phone in the examination hall..mkv,b842b03e5784d867e93770560d88150a526250df69077cd3065edbbd4c842098,dfine_sahi,75420.0,unknown_object,0.4256,573.12,282.21,626.93,361.55,4269.0,53.8,79.34,0.678,False,,True,unattributed,9,evt_01-P05_desk_work_surface_0035,e9b3c6ad6e711642,pose_hand_context,,16332.8,5.01,,1,01/e1/v1,rtmpose_baseline
corpus_01,01.Candidate was found using a mobile phone in the examination hall..mkv,b842b03e5784d867e93770560d88150a526250df69077cd3065edbbd4c842098,dfine_sahi,75420.0,unknown_object,0.3017,635.01,365.64,676.7,397.68,1335.8,41.69,32.04,1.301,False,,True,unattributed,9,evt_01-P05_desk_work_surface_0035,e9b3c6ad6e711642,pose_hand_context,,16332.8,5.01,,1,01/e1/v1,rtmpose_baseline
corpus_01,01.Candidate was found using a mobile phone in the examination hall..mkv,b842b03e5784d867e93770560d88150a526250df69077cd3065edbbd4c842098,dfine_sahi,75420.0,unknown_object,0.2733,537.02,282.07,559.63,309.07,610.3,22.61,27.0,0.837,False,,True,unattributed,9,evt_01-P05_desk_work_surface_0035,e9b3c6ad6e711642,pose_hand_context,,16332.8,5.01,,1,01/e1/v1,rtmpose_baseline
corpus_01,01.Candidate was found using a mobile phone in the examination hall..mkv,b842b03e5784d867e93770560d88150a526250df69077cd3065edbbd4c842098,dfine_sahi,75420.0,bag,0.2575,646.16,405.32,688.96,433.83,1220.0,42.79,28.51,1.501,False,,True,unattributed,9,evt_01-P05_desk_work_surface_0035,e9b3c6ad6e711642,pose_hand_context,,16332.8,5.01,,1,01/e1/v1,rtmpose_baseline
corpus_01,01.Candidate was found using a mobile phone in the examination hall..mkv,b842b03e5784d867e93770560d88150a526250df69077cd3065edbbd4c842098,dfine_sahi,75940.0,bag,0.7526,640.37,405.53,694.16,445.3,2139.2,53.8,39.76,1.353,False,,True,unattributed,9,evt_01-P01_desk_work_surface_0003,8bfc1031befa88ed,pose_hand_context,,23494.8,4.18,,1,01/e1/v1,rtmpose_baseline
corpus_01,01.Candidate was found using a mobile phone in the examination hall..mkv,b842b03e5784d867e93770560d88150a526250df69077cd3065edbbd4c842098,dfine_sahi,75940.0,unknown_object,0.7023,599.68,283.17,694.93,378.56,9085.1,95.25,95.38,0.999,False,,True,unattributed,9,evt_01-P01_desk_work_surface_0003,8bfc1031befa88ed,pose_hand_context,,23494.8,4.18,,1,01/e1/v1,rtmpose_baseline
corpus_01,01.Candidate was found using a mobile phone in the examination hall..mkv,b842b03e5784d867e93770560d88150a526250df69077cd3065edbbd4c842098,dfine_sahi,75940.0,unknown_object,0.6342,532.05,350.27,627.48,430.2,7627.2,95.43,79.92,1.194,False,,True,unattributed,9,evt_01-P01_desk_work_surface_0003,8bfc1031befa88ed,pose_hand_context,,23494.8,4.18,,1,01/e1/v1,rtmpose_baseline
corpus_01,01.Candidate was found using a mobile phone in the examination hall..mkv,b842b03e5784d867e93770560d88150a526250df69077cd3065edbbd4c842098,dfine_sahi,75940.0,unknown_object,0.5794,604.15,356.78,624.66,378.25,440.4,20.51,21.47,0.955,False,,True,unattributed,9,evt_01-P01_desk_work_surface_0003,8bfc1031befa88ed,pose_hand_context,,23494.8,4.18,,1,01/e1/v1,rtmpose_baseline
corpus_01,01.Candidate was found using a mobile phone in the examination hall..mkv,b842b03e5784d867e93770560d88150a526250df69077cd3065edbbd4c842098,dfine_sahi,75940.0,unknown_object,0.5714,598.25,285.37,628.0,378.15,2760.9,29.76,92.78,0.321,False,,True,unattributed,9,evt_01-P01_desk_work_surface_0003,8bfc1031befa88ed,pose_hand_context,,23494.8,4.18,,1,01/e1/v1,rtmpose_baseline
corpus_01,01.Candidate was found using a mobile phone in the examination hall..mkv,b842b03e5784d867e93770560d88150a526250df69077cd3065edbbd4c842098,dfine_sahi,75940.0,monitor_or_bezel,0.5403,537.02,313.56,628.31,431.1,10730.2,91.29,117.54,0.777,False,,True,unattributed,9,evt_01-P01_desk_work_surface_0003,8bfc1031befa88ed,pose_hand_context,,23494.8,4.18,,1,01/e1/v1,rtmpose_baseline
corpus_01,01.Candidate was found using a mobile phone in the examination hall..mkv,b842b03e5784d867e93770560d88150a526250df69077cd3065edbbd4c842098,dfine_sahi,75940.0,unknown_object,0.4899,642.18,405.86,689.96,440.68,1663.9,47.78,34.82,1.372,False,,True,unattributed,9,evt_01-P01_desk_work_surface_0003,8bfc1031befa88ed,pose_hand_context,,23494.8,4.18,,1,01/e1/v1,rtmpose_baseline
corpus_01,01.Candidate was found using a mobile phone in the examination hall..mkv,b842b03e5784d867e93770560d88150a526250df69077cd3065edbbd4c842098,dfine_sahi,75940.0,monitor_or_bezel,0.4814,555.28,313.3,602.83,360.81,2259.3,47.55,47.51,1.001,False,,True,unattributed,9,evt_01-P01_desk_work_surface_0003,8bfc1031befa88ed,pose_hand_context,,23494.8,4.18,,1,01/e1/v1,rtmpose_baseline
corpus_01,01.Candidate was found using a mobile phone in the examination hall..mkv,b842b03e5784d867e93770560d88150a526250df69077cd3065edbbd4c842098,dfine_sahi,75940.0,unknown_object,0.3793,623.14,350.46,694.6,445.14,6766.1,71.46,94.68,0.755,False,,True,unattributed,9,evt_01-P01_desk_work_surface_0003,8bfc1031befa88ed,pose_hand_context,,23494.8,4.18,,1,01/e1/v1,rtmpose_baseline
corpus_01,01.Candidate was found using a mobile phone in the examination hall..mkv,b842b03e5784d867e93770560d88150a526250df69077cd3065edbbd4c842098,dfine_sahi,75940.0,unknown_object,0.35,532.09,333.06,604.84,378.67,3317.6,72.75,45.6,1.595,False,,True,unattributed,9,evt_01-P01_desk_work_surface_0003,8bfc1031befa88ed,pose_hand_context,,23494.8,4.18,,1,01/e1/v1,rtmpose_baseline
corpus_01,01.Candidate was found using a mobile phone in the examination hall..mkv,b842b03e5784d867e93770560d88150a526250df69077cd3065edbbd4c842098,dfine_sahi,75940.0,unknown_object,0.3422,616.89,283.05,668.08,306.98,1224.7,51.19,23.93,2.139,False,,True,unattributed,9,evt_01-P01_desk_work_surface_0003,8bfc1031befa88ed,pose_hand_context,,23494.8,4.18,,1,01/e1/v1,rtmpose_baseline
corpus_01,01.Candidate was found using a mobile phone in the examination hall..mkv,b842b03e5784d867e93770560d88150a526250df69077cd3065edbbd4c842098,dfine_sahi,75940.0,unknown_object,0.3163,624.0,367.83,657.52,445.0,2587.3,33.52,77.18,0.434,False,,True,unattributed,9,evt_01-P01_desk_work_surface_0003,8bfc1031befa88ed,pose_hand_context,,23494.8,4.18,,1,01/e1/v1,rtmpose_baseline
corpus_01,01.Candidate was found using a mobile phone in the examination hall..mkv,b842b03e5784d867e93770560d88150a526250df69077cd3065edbbd4c842098,dfine_sahi,75940.0,unknown_object,0.3023,532.09,422.67,620.8,445.9,2060.7,88.71,23.23,3.819,False,,True,unattributed,9,evt_01-P01_desk_work_surface_0003,8bfc1031befa88ed,pose_hand_context,,23494.8,4.18,,1,01/e1/v1,rtmpose_baseline
corpus_01,01.Candidate was found using a mobile phone in the examination hall..mkv,b842b03e5784d867e93770560d88150a526250df69077cd3065edbbd4c842098,dfine_sahi,75940.0,unknown_object,0.2958,620.27,331.53,693.21,378.83,3449.7,72.94,47.3,1.542,False,,True,unattributed,9,evt_01-P01_desk_work_surface_0003,8bfc1031befa88ed,pose_hand_context,,23494.8,4.18,,1,01/e1/v1,rtmpose_baseline
corpus_01,01.Candidate was found using a mobile phone in the examination hall..mkv,b842b03e5784d867e93770560d88150a526250df69077cd3065edbbd4c842098,dfine_sahi,75940.0,unknown_object,0.2826,532.02,283.18,627.72,378.6,9131.8,95.69,95.43,1.003,False,,True,unattributed,9,evt_01-P01_desk_work_surface_0003,8bfc1031befa88ed,pose_hand_context,,23494.8,4.18,,1,01/e1/v1,rtmpose_baseline
corpus_01,01.Candidate was found using a mobile phone in the examination hall..mkv,b842b03e5784d867e93770560d88150a526250df69077cd3065edbbd4c842098,dfine_sahi,75940.0,unknown_object,0.2766,600.88,316.84,627.51,359.97,1148.6,26.63,43.13,0.618,False,,True,unattributed,9,evt_01-P01_desk_work_surface_0003,8bfc1031befa88ed,pose_hand_context,,23494.8,4.18,,1,01/e1/v1,rtmpose_baseline
corpus_01,01.Candidate was found using a mobile phone in the examination hall..mkv,b842b03e5784d867e93770560d88150a526250df69077cd3065edbbd4c842098,dfine_sahi,75940.0,unknown_object,0.2741,598.97,354.72,632.94,445.27,3075.2,33.96,90.54,0.375,False,,True,unattributed,9,evt_01-P01_desk_work_surface_0003,8bfc1031befa88ed,pose_hand_context,,23494.8,4.18,,1,01/e1/v1,rtmpose_baseline
corpus_01,01.Candidate was found using a mobile phone in the examination hall..mkv,b842b03e5784d867e93770560d88150a526250df69077cd3065edbbd4c842098,dfine_sahi,75940.0,monitor_or_bezel,0.2721,532.06,283.07,559.53,311.32,776.1,27.47,28.25,0.972,False,,True,unattributed,9,evt_01-P01_desk_work_surface_0003,8bfc1031befa88ed,pose_hand_context,,23494.8,4.18,,1,01/e1/v1,rtmpose_baseline
corpus_01,01.Candidate was found using a mobile phone in the examination hall..mkv,b842b03e5784d867e93770560d88150a526250df69077cd3065edbbd4c842098,dfine_sahi,75940.0,unknown_object,0.2661,603.1,333.5,626.3,378.35,1040.7,23.2,44.85,0.517,False,,True,unattributed,9,evt_01-P01_desk_work_surface_0003,8bfc1031befa88ed,pose_hand_context,,23494.8,4.18,,1,01/e1/v1,rtmpose_baseline
corpus_01,01.Candidate was found using a mobile phone in the examination hall..mkv,b842b03e5784d867e93770560d88150a526250df69077cd3065edbbd4c842098,dfine_sahi,75940.0,unknown_object,0.2644,619.95,331.62,628.0,378.81,379.9,8.05,47.19,0.171,False,,True,unattributed,9,evt_01-P01_desk_work_surface_0003,8bfc1031befa88ed,pose_hand_context,,23494.8,4.18,,1,01/e1/v1,rtmpose_baseline
corpus_01,01.Candidate was found using a mobile phone in the examination hall..mkv,b842b03e5784d867e93770560d88150a526250df69077cd3065edbbd4c842098,dfine_sahi,75980.0,bag,0.7931,644.87,405.63,694.13,436.62,1527.0,49.27,30.99,1.59,False,,True,unattributed,9,evt_01-P04_desk_work_surface_0026,3aea290c2dfbc7aa,pose_hand_context,,23061.5,4.21,,1,01/e1/v1,rtmpose_baseline
corpus_01,01.Candidate was found using a mobile phone in the examination hall..mkv,b842b03e5784d867e93770560d88150a526250df69077cd3065edbbd4c842098,dfine_sahi,75980.0,unknown_object,0.7417,644.0,341.15,715.33,436.49,6800.3,71.33,95.34,0.748,False,,True,unattributed,9,evt_01-P04_desk_work_surface_0026,3aea290c2dfbc7aa,pose_hand_context,,23061.5,4.21,,1,01/e1/v1,rtmpose_baseline
corpus_01,01.Candidate was found using a mobile phone in the examination hall..mkv,b842b03e5784d867e93770560d88150a526250df69077cd3065edbbd4c842098,dfine_sahi,75980.0,unknown_object,0.6756,713.64,400.08,782.28,431.79,2176.6,68.64,31.71,2.164,False,,True,unattributed,9,evt_01-P04_desk_work_surface_0026,3aea290c2dfbc7aa,pose_hand_context,,23061.5,4.21,,1,01/e1/v1,rtmpose_baseline
corpus_01,01.Candidate was found using a mobile phone in the examination hall..mkv,b842b03e5784d867e93770560d88150a526250df69077cd3065edbbd4c842098,dfine_sahi,75980.0,unknown_object,0.6281,649.08,405.82,694.33,431.93,1181.5,45.25,26.11,1.733,False,,True,unattributed,9,evt_01-P04_desk_work_surface_0026,3aea290c2dfbc7aa,pose_hand_context,,23061.5,4.21,,1,01/e1/v1,rtmpose_baseline
corpus_01,01.Candidate was found using a mobile phone in the examination hall..mkv,b842b03e5784d867e93770560d88150a526250df69077cd3065edbbd4c842098,dfine_sahi,75980.0,bag,0.5627,712.86,399.34,739.98,436.69,1013.0,27.12,37.35,0.726,False,,True,unattributed,9,evt_01-P04_desk_work_surface_0026,3aea290c2dfbc7aa,pose_hand_context,,23061.5,4.21,,1,01/e1/v1,rtmpose_baseline
corpus_01,01.Candidate was found using a mobile phone in the examination hall..mkv,b842b03e5784d867e93770560d88150a526250df69077cd3065edbbd4c842098,dfine_sahi,75980.0,unknown_object,0.5579,723.85,369.43,790.98,407.44,2551.4,67.13,38.01,1.766,False,,True,unattributed,9,evt_01-P04_desk_work_surface_0026,3aea290c2dfbc7aa,pose_hand_context,,23061.5,4.21,,1,01/e1/v1,rtmpose_baseline
corpus_01,01.Candidate was found using a mobile phone in the examination hall..mkv,b842b03e5784d867e93770560d88150a526250df69077cd3065edbbd4c842098,dfine_sahi,75980.0,stationery,0.5248,729.67,356.99,772.49,363.17,264.9,42.82,6.19,6.923,False,,True,unattributed,9,evt_01-P04_desk_work_surface_0026,3aea290c2dfbc7aa,pose_hand_context,,23061.5,4.21,,1,01/e1/v1,rtmpose_baseline
corpus_01,01.Candidate was found using a mobile phone in the examination hall..mkv,b842b03e5784d867e93770560d88150a526250df69077cd3065edbbd4c842098,dfine_sahi,75980.0,unknown_object,0.4517,759.0,334.1,796.7,371.7,1416.9,37.69,37.59,1.003,False,,True,unattributed,9,evt_01-P04_desk_work_surface_0026,3aea290c2dfbc7aa,pose_hand_context,,23061.5,4.21,,1,01/e1/v1,rtmpose_baseline
corpus_01,01.Candidate was found using a mobile phone in the examination hall..mkv,b842b03e5784d867e93770560d88150a526250df69077cd3065edbbd4c842098,dfine_sahi,75980.0,stationery,0.4073,720.52,355.23,774.83,366.31,602.2,54.31,11.09,4.898,False,,True,unattributed,9,evt_01-P04_desk_work_surface_0026,3aea290c2dfbc7aa,pose_hand_context,,23061.5,4.21,,1,01/e1/v1,rtmpose_baseline
corpus_01,01.Candidate was found using a mobile phone in the examination hall..mkv,b842b03e5784d867e93770560d88150a526250df69077cd3065edbbd4c842098,dfine_sahi,75980.0,stationery,0.4009,750.55,357.03,772.54,362.38,117.6,21.99,5.35,4.11,True,object footprint 118 px is under the 120 px floor for a call,False,unattributed,9,evt_01-P04_desk_work_surface_0026,3aea290c2dfbc7aa,pose_hand_context,,23061.5,4.21,,1,01/e1/v1,rtmpose_baseline
corpus_01,01.Candidate was found using a mobile phone in the examination hall..mkv,b842b03e5784d867e93770560d88150a526250df69077cd3065edbbd4c842098,dfine_sahi,75980.0,unknown_object,0.3813,712.05,341.51,805.67,436.46,8889.5,93.62,94.95,0.986,False,,True,unattributed,9,evt_01-P04_desk_work_surface_0026,3aea290c2dfbc7aa,pose_hand_context,,23061.5,4.21,,1,01/e1/v1,rtmpose_baseline
corpus_01,01.Candidate was found using a mobile phone in the examination hall..mkv,b842b03e5784d867e93770560d88150a526250df69077cd3065edbbd4c842098,dfine_sahi,75980.0,monitor_or_bezel,0.3687,715.83,284.28,778.77,353.94,4384.8,62.94,69.67,0.903,False,,True,unattributed,9,evt_01-P04_desk_work_surface_0026,3aea290c2dfbc7aa,pose_hand_context,,23061.5,4.21,,1,01/e1/v1,rtmpose_baseline
corpus_01,01.Candidate was found using a mobile phone in the examination hall..mkv,b842b03e5784d867e93770560d88150a526250df69077cd3065edbbd4c842098,dfine_sahi,75980.0,stationery,0.3659,727.69,355.94,751.9,362.94,169.4,24.21,7.0,3.459,False,,True,unattributed,9,evt_01-P04_desk_work_surface_0026,3aea290c2dfbc7aa,pose_hand_context,,23061.5,4.21,,1,01/e1/v1,rtmpose_baseline
corpus_01,01.Candidate was found using a mobile phone in the examination hall..mkv,b842b03e5784d867e93770560d88150a526250df69077cd3065edbbd4c842098,dfine_sahi,75980.0,unknown_object,0.3518,705.63,318.7,732.68,337.0,494.8,27.04,18.3,1.478,False,,True,unattributed,9,evt_01-P04_desk_work_surface_0026,3aea290c2dfbc7aa,pose_hand_context,,23061.5,4.21,,1,01/e1/v1,rtmpose_baseline
corpus_01,01.Candidate was found using a mobile phone in the examination hall..mkv,b842b03e5784d867e93770560d88150a526250df69077cd3065edbbd4c842098,dfine_sahi,75980.0,unknown_object,0.3454,693.1,410.87,713.24,436.94,525.0,20.14,26.06,0.773,False,,True,unattributed,9,evt_01-P04_desk_work_surface_0026,3aea290c2dfbc7aa,pose_hand_context,,23061.5,4.21,,1,01/e1/v1,rtmpose_baseline
corpus_01,01.Candidate was found using a mobile phone in the examination hall..mkv,b842b03e5784d867e93770560d88150a526250df69077cd3065edbbd4c842098,dfine_sahi,75980.0,unknown_object,0.3216,714.27,284.94,778.22,355.59,4517.8,63.95,70.65,0.905,False,,True,unattributed,9,evt_01-P04_desk_work_surface_0026,3aea290c2dfbc7aa,pose_hand_context,,23061.5,4.21,,1,01/e1/v1,rtmpose_baseline
corpus_01,01.Candidate was found using a mobile phone in the examination hall..mkv,b842b03e5784d867e93770560d88150a526250df69077cd3065edbbd4c842098,dfine_sahi,75980.0,unknown_object,0.2913,715.34,312.86,739.98,353.15,993.0,24.65,40.28,0.612,False,,True,unattributed,9,evt_01-P04_desk_work_surface_0026,3aea290c2dfbc7aa,pose_hand_context,,23061.5,4.21,,1,01/e1/v1,rtmpose_baseline
corpus_01,01.Candidate was found using a mobile phone in the examination hall..mkv,b842b03e5784d867e93770560d88150a526250df69077cd3065edbbd4c842098,dfine_sahi,75980.0,unknown_object,0.2872,746.91,302.57,800.74,373.5,3818.6,53.84,70.93,0.759,False,,True,unattributed,9,evt_01-P04_desk_work_surface_0026,3aea290c2dfbc7aa,pose_hand_context,,23061.5,4.21,,1,01/e1/v1,rtmpose_baseline
corpus_01,01.Candidate was found using a mobile phone in the examination hall..mkv,b842b03e5784d867e93770560d88150a526250df69077cd3065edbbd4c842098,dfine_sahi,75980.0,stationery,0.2704,727.44,352.95,740.01,363.43,131.6,12.56,10.48,1.199,False,,True,unattributed,9,evt_01-P04_desk_work_surface_0026,3aea290c2dfbc7aa,pose_hand_context,,23061.5,4.21,,1,01/e1/v1,rtmpose_baseline
corpus_01,01.Candidate was found using a mobile phone in the examination hall..mkv,b842b03e5784d867e93770560d88150a526250df69077cd3065edbbd4c842098,dfine_sahi,75980.0,unknown_object,0.2684,699.18,312.22,739.97,368.98,2315.2,40.79,56.76,0.719,False,,True,unattributed,9,evt_01-P04_desk_work_surface_0026,3aea290c2dfbc7aa,pose_hand_context,,23061.5,4.21,,1,01/e1/v1,rtmpose_baseline
corpus_01,01.Candidate was found using a mobile phone in the examination hall..mkv,b842b03e5784d867e93770560d88150a526250df69077cd3065edbbd4c842098,dfine_sahi,75980.0,unknown_object,0.2669,710.06,274.11,773.89,320.27,2946.5,63.84,46.16,1.383,False,,True,unattributed,9,evt_01-P04_desk_work_surface_0026,3aea290c2dfbc7aa,pose_hand_context,,23061.5,4.21,,1,01/e1/v1,rtmpose_baseline
corpus_01,01.Candidate was found using a mobile phone in the examination hall..mkv,b842b03e5784d867e93770560d88150a526250df69077cd3065edbbd4c842098,dfine_sahi,75980.0,unknown_object,0.2581,760.8,333.55,796.4,349.83,579.4,35.6,16.28,2.187,False,,True,unattributed,9,evt_01-P04_desk_work_surface_0026,3aea290c2dfbc7aa,pose_hand_context,,23061.5,4.21,,1,01/e1/v1,rtmpose_baseline
corpus_01,01.Candidate was found using a mobile phone in the examination hall..mkv,b842b03e5784d867e93770560d88150a526250df69077cd3065edbbd4c842098,dfine_sahi,76420.0,bag,0.673,666.01,405.82,694.24,481.36,2132.1,28.23,75.54,0.374,False,,True,unattributed,9,evt_01-P05_desk_work_surface_0035,9dcc6d7eaf748e0a,pose_hand_context,,24661.6,4.08,,1,01/e1/v1,rtmpose_baseline
corpus_01,01.Candidate was found using a mobile phone in the examination hall..mkv,b842b03e5784d867e93770560d88150a526250df69077cd3065edbbd4c842098,dfine_sahi,76420.0,bag,0.5113,749.92,333.56,820.79,412.46,5591.7,70.87,78.9,0.898,False,,True,unattributed,9,evt_01-P05_desk_work_surface_0035,9dcc6d7eaf748e0a,pose_hand_context,,24661.6,4.08,,1,01/e1/v1,rtmpose_baseline
corpus_01,01.Candidate was found using a mobile phone in the examination hall..mkv,b842b03e5784d867e93770560d88150a526250df69077cd3065edbbd4c842098,dfine_sahi,76420.0,bag,0.4272,734.34,446.76,799.23,477.77,2012.6,64.88,31.02,2.092,False,,True,unattributed,9,evt_01-P05_desk_work_surface_0035,9dcc6d7eaf748e0a,pose_hand_context,,24661.6,4.08,,1,01/e1/v1,rtmpose_baseline
corpus_01,01.Candidate was found using a mobile phone in the examination hall..mkv,b842b03e5784d867e93770560d88150a526250df69077cd3065edbbd4c842098,dfine_sahi,76420.0,unknown_object,0.3956,716.13,401.8,775.92,427.64,1545.1,59.8,25.84,2.314,False,,True,unattributed,9,evt_01-P05_desk_work_surface_0035,9dcc6d7eaf748e0a,pose_hand_context,,24661.6,4.08,,1,01/e1/v1,rtmpose_baseline
corpus_01,01.Candidate was found using a mobile phone in the examination hall..mkv,b842b03e5784d867e93770560d88150a526250df69077cd3065edbbd4c842098,dfine_sahi,76420.0,unknown_object,0.3595,666.03,318.09,734.6,412.59,6479.3,68.56,94.5,0.726,False,,True,unattributed,9,evt_01-P05_desk_work_surface_0035,9dcc6d7eaf748e0a,pose_hand_context,,24661.6,4.08,,1,01/e1/v1,rtmpose_baseline
corpus_01,01.Candidate was found using a mobile phone in the examination hall..mkv,b842b03e5784d867e93770560d88150a526250df69077cd3065edbbd4c842098,dfine_sahi,76420.0,bag,0.3582,772.18,338.68,820.24,466.03,6121.8,48.07,127.35,0.377,False,,True,unattributed,9,evt_01-P05_desk_work_surface_0035,9dcc6d7eaf748e0a,pose_hand_context,,24661.6,4.08,,1,01/e1/v1,rtmpose_baseline
corpus_01,01.Candidate was found using a mobile phone in the examination hall..mkv,b842b03e5784d867e93770560d88150a526250df69077cd3065edbbd4c842098,dfine_sahi,76420.0,unknown_object,0.3221,750.22,334.37,796.27,412.48,3597.1,46.05,78.11,0.59,False,,True,unattributed,9,evt_01-P05_desk_work_surface_0035,9dcc6d7eaf748e0a,pose_hand_context,,24661.6,4.08,,1,01/e1/v1,rtmpose_baseline
corpus_01,01.Candidate was found using a mobile phone in the examination hall..mkv,b842b03e5784d867e93770560d88150a526250df69077cd3065edbbd4c842098,dfine_sahi,76420.0,bag,0.3031,750.99,333.86,795.97,372.0,1715.8,44.98,38.14,1.179,False,,True,unattributed,9,evt_01-P05_desk_work_surface_0035,9dcc6d7eaf748e0a,pose_hand_context,,24661.6,4.08,,1,01/e1/v1,rtmpose_baseline
corpus_01,01.Candidate was found using a mobile phone in the examination hall..mkv,b842b03e5784d867e93770560d88150a526250df69077cd3065edbbd4c842098,dfine_sahi,76420.0,bag,0.2587,733.84,424.69,762.0,481.5,1599.8,28.16,56.81,0.496,False,,True,unattributed,9,evt_01-P05_desk_work_surface_0035,9dcc6d7eaf748e0a,pose_hand_context,,24661.6,4.08,,1,01/e1/v1,rtmpose_baseline
corpus_01,01.Candidate was found using a mobile phone in the examination hall..mkv,b842b03e5784d867e93770560d88150a526250df69077cd3065edbbd4c842098,dfine_sahi,76500.0,bag,0.7937,668.01,404.24,694.64,482.35,2080.1,26.63,78.12,0.341,False,,True,unattributed,9,evt_01-P01_upper_body_0007,d95e0fe029164d59,pose_hand_context,,25850.2,3.98,,1,01/e1/v1,rtmpose_baseline
corpus_01,01.Candidate was found using a mobile phone in the examination hall..mkv,b842b03e5784d867e93770560d88150a526250df69077cd3065edbbd4c842098,dfine_sahi,76500.0,unknown_object,0.5955,668.0,316.21,763.97,411.69,9163.7,95.97,95.48,1.005,False,,True,unattributed,9,evt_01-P01_upper_body_0007,d95e0fe029164d59,pose_hand_context,,25850.2,3.98,,1,01/e1/v1,rtmpose_baseline
corpus_01,01.Candidate was found using a mobile phone in the examination hall..mkv,b842b03e5784d867e93770560d88150a526250df69077cd3065edbbd4c842098,dfine_sahi,76500.0,bag,0.4863,759.08,333.49,821.8,463.73,8169.0,62.72,130.24,0.482,False,,True,unattributed,9,evt_01-P01_upper_body_0007,d95e0fe029164d59,pose_hand_context,,25850.2,3.98,,1,01/e1/v1,rtmpose_baseline
corpus_01,01.Candidate was found using a mobile phone in the examination hall..mkv,b842b03e5784d867e93770560d88150a526250df69077cd3065edbbd4c842098,dfine_sahi,76500.0,unknown_object,0.3683,712.21,407.88,763.93,435.34,1420.6,51.72,27.46,1.883,False,,True,unattributed,9,evt_01-P01_upper_body_0007,d95e0fe029164d59,pose_hand_context,,25850.2,3.98,,1,01/e1/v1,rtmpose_baseline
corpus_01,01.Candidate was found using a mobile phone in the examination hall..mkv,b842b03e5784d867e93770560d88150a526250df69077cd3065edbbd4c842098,dfine_sahi,76500.0,bag,0.3577,740.37,446.65,824.52,482.53,3020.1,84.15,35.89,2.345,False,,True,unattributed,9,evt_01-P01_upper_body_0007,d95e0fe029164d59,pose_hand_context,,25850.2,3.98,,1,01/e1/v1,rtmpose_baseline
corpus_01,01.Candidate was found using a mobile phone in the examination hall..mkv,b842b03e5784d867e93770560d88150a526250df69077cd3065edbbd4c842098,dfine_sahi,76500.0,bag,0.3022,692.21,428.87,749.22,479.73,2900.0,57.02,50.86,1.121,False,,True,unattributed,9,evt_01-P01_upper_body_0007,d95e0fe029164d59,pose_hand_context,,25850.2,3.98,,1,01/e1/v1,rtmpose_baseline
corpus_01,01.Candidate was found using a mobile phone in the examination hall..mkv,b842b03e5784d867e93770560d88150a526250df69077cd3065edbbd4c842098,dfine_sahi,76500.0,unknown_object,0.3005,692.43,428.83,749.47,482.69,3072.7,57.04,53.87,1.059,False,,True,unattributed,9,evt_01-P01_upper_body_0007,d95e0fe029164d59,pose_hand_context,,25850.2,3.98,,1,01/e1/v1,rtmpose_baseline
corpus_01,01.Candidate was found using a mobile phone in the examination hall..mkv,b842b03e5784d867e93770560d88150a526250df69077cd3065edbbd4c842098,dfine_sahi,76500.0,unknown_object,0.2605,738.02,412.43,774.71,435.34,840.5,36.69,22.91,1.602,False,,True,unattributed,9,evt_01-P01_upper_body_0007,d95e0fe029164d59,pose_hand_context,,25850.2,3.98,,1,01/e1/v1,rtmpose_baseline
corpus_01,01.Candidate was found using a mobile phone in the examination hall..mkv,b842b03e5784d867e93770560d88150a526250df69077cd3065edbbd4c842098,dfine_sahi,76940.0,mouse,0.7751,639.07,368.82,658.86,377.91,180.0,19.8,9.09,2.178,False,,True,unattributed,9,evt_01-P01_desk_work_surface_0003,73cf7ab46a760cec,pose_hand_context,,26134.0,3.96,,1,01/e1/v1,rtmpose_baseline
corpus_01,01.Candidate was found using a mobile phone in the examination hall..mkv,b842b03e5784d867e93770560d88150a526250df69077cd3065edbbd4c842098,dfine_sahi,76940.0,phone,0.4777,639.06,368.92,659.02,378.25,186.1,19.95,9.32,2.14,False,,True,unattributed,9,evt_01-P01_desk_work_surface_0003,73cf7ab46a760cec,pose_hand_context,,26134.0,3.96,,1,01/e1/v1,rtmpose_baseline
corpus_01,01.Candidate was found using a mobile phone in the examination hall..mkv,b842b03e5784d867e93770560d88150a526250df69077cd3065edbbd4c842098,dfine_sahi,76940.0,unknown_object,0.4541,585.06,388.07,662.96,430.26,3286.6,77.9,42.19,1.846,False,,True,unattributed,9,evt_01-P01_desk_work_surface_0003,73cf7ab46a760cec,pose_hand_context,,26134.0,3.96,,1,01/e1/v1,rtmpose_baseline
corpus_01,01.Candidate was found using a mobile phone in the examination hall..mkv,b842b03e5784d867e93770560d88150a526250df69077cd3065edbbd4c842098,dfine_sahi,76940.0,unknown_object,0.4499,585.12,317.11,663.62,412.56,7493.3,78.5,95.45,0.822,False,,True,unattributed,9,evt_01-P01_desk_work_surface_0003,73cf7ab46a760cec,pose_hand_context,,26134.0,3.96,,1,01/e1/v1,rtmpose_baseline
corpus_01,01.Candidate was found using a mobile phone in the examination hall..mkv,b842b03e5784d867e93770560d88150a526250df69077cd3065edbbd4c842098,dfine_sahi,76940.0,bag,0.3921,633.67,408.23,698.21,481.11,4703.7,64.54,72.88,0.886,False,,True,unattributed,9,evt_01-P01_desk_work_surface_0003,73cf7ab46a760cec,pose_hand_context,,26134.0,3.96,,1,01/e1/v1,rtmpose_baseline
corpus_01,01.Candidate was found using a mobile phone in the examination hall..mkv,b842b03e5784d867e93770560d88150a526250df69077cd3065edbbd4c842098,dfine_sahi,76940.0,unknown_object,0.3604,603.39,364.34,663.5,412.6,2901.0,60.11,48.26,1.246,False,,True,unattributed,9,evt_01-P01_desk_work_surface_0003,73cf7ab46a760cec,pose_hand_context,,26134.0,3.96,,1,01/e1/v1,rtmpose_baseline
corpus_01,01.Candidate was found using a mobile phone in the examination hall..mkv,b842b03e5784d867e93770560d88150a526250df69077cd3065edbbd4c842098,dfine_sahi,76940.0,phone,0.357,656.04,408.11,696.01,483.27,3004.6,39.97,75.16,0.532,False,,True,unattributed,9,evt_01-P01_desk_work_surface_0003,73cf7ab46a760cec,pose_hand_context,,26134.0,3.96,,1,01/e1/v1,rtmpose_baseline
corpus_01,01.Candidate was found using a mobile phone in the examination hall..mkv,b842b03e5784d867e93770560d88150a526250df69077cd3065edbbd4c842098,dfine_sahi,76940.0,unknown_object,0.3238,588.75,407.97,699.21,481.47,8119.2,110.46,73.5,1.503,False,,True,unattributed,9,evt_01-P01_desk_work_surface_0003,73cf7ab46a760cec,pose_hand_context,,26134.0,3.96,,1,01/e1/v1,rtmpose_baseline
corpus_01,01.Candidate was found using a mobile phone in the examination hall..mkv,b842b03e5784d867e93770560d88150a526250df69077cd3065edbbd4c842098,dfine_sahi,76940.0,phone,0.2902,680.28,408.5,694.77,432.85,352.7,14.49,24.35,0.595,False,,True,unattributed,9,evt_01-P01_desk_work_surface_0003,73cf7ab46a760cec,pose_hand_context,,26134.0,3.96,,1,01/e1/v1,rtmpose_baseline
corpus_01,01.Candidate was found using a mobile phone in the examination hall..mkv,b842b03e5784d867e93770560d88150a526250df69077cd3065edbbd4c842098,dfine_sahi,76940.0,unknown_object,0.2656,615.12,368.81,659.25,379.82,485.8,44.14,11.01,4.01,False,,True,unattributed,9,evt_01-P01_desk_work_surface_0003,73cf7ab46a760cec,pose_hand_context,,26134.0,3.96,,1,01/e1/v1,rtmpose_baseline
corpus_01,01.Candidate was found using a mobile phone in the examination hall..mkv,b842b03e5784d867e93770560d88150a526250df69077cd3065edbbd4c842098,dfine_sahi,76940.0,unknown_object,0.2567,607.91,451.48,639.51,481.69,954.6,31.6,30.21,1.046,False,,True,unattributed,9,evt_01-P01_desk_work_surface_0003,73cf7ab46a760cec,pose_hand_context,,26134.0,3.96,,1,01/e1/v1,rtmpose_baseline
corpus_01,01.Candidate was found using a mobile phone in the examination hall..mkv,b842b03e5784d867e93770560d88150a526250df69077cd3065edbbd4c842098,dfine_sahi,76980.0,mouse,0.747,639.21,368.87,658.84,377.79,175.3,19.63,8.93,2.2,False,,True,unattributed,9,evt_01-P04_desk_work_surface_0026,0367ccb78cbbacf8,pose_hand_context,,26712.6,3.92,,1,01/e1/v1,rtmpose_baseline
corpus_01,01.Candidate was found using a mobile phone in the examination hall..mkv,b842b03e5784d867e93770560d88150a526250df69077cd3065edbbd4c842098,dfine_sahi,76980.0,unknown_object,0.5466,656.01,389.25,706.56,484.19,4798.9,50.55,94.93,0.532,False,,True,unattributed,9,evt_01-P04_desk_work_surface_0026,0367ccb78cbbacf8,pose_hand_context,,26712.6,3.92,,1,01/e1/v1,rtmpose_baseline
corpus_01,01.Candidate was found using a mobile phone in the examination hall..mkv,b842b03e5784d867e93770560d88150a526250df69077cd3065edbbd4c842098,dfine_sahi,76980.0,unknown_object,0.4543,729.68,427.23,751.99,469.68,947.1,22.31,42.45,0.526,False,,True,unattributed,9,evt_01-P04_desk_work_surface_0026,0367ccb78cbbacf8,pose_hand_context,,26712.6,3.92,,1,01/e1/v1,rtmpose_baseline
corpus_01,01.Candidate was found using a mobile phone in the examination hall..mkv,b842b03e5784d867e93770560d88150a526250df69077cd3065edbbd4c842098,dfine_sahi,76980.0,unknown_object,0.4462,655.99,389.11,681.7,428.41,1010.4,25.71,39.3,0.654,False,,True,unattributed,9,evt_01-P04_desk_work_surface_0026,0367ccb78cbbacf8,pose_hand_context,,26712.6,3.92,,1,01/e1/v1,rtmpose_baseline
corpus_01,01.Candidate was found using a mobile phone in the examination hall..mkv,b842b03e5784d867e93770560d88150a526250df69077cd3065edbbd4c842098,dfine_sahi,76980.0,unknown_object,0.4308,585.08,389.06,662.83,430.28,3204.9,77.74,41.22,1.886,False,,True,unattributed,9,evt_01-P04_desk_work_surface_0026,0367ccb78cbbacf8,pose_hand_context,,26712.6,3.92,,1,01/e1/v1,rtmpose_baseline
corpus_01,01.Candidate was found using a mobile phone in the examination hall..mkv,b842b03e5784d867e93770560d88150a526250df69077cd3065edbbd4c842098,dfine_sahi,76980.0,unknown_object,0.393,585.22,317.13,665.55,412.67,7674.7,80.32,95.55,0.841,False,,True,unattributed,9,evt_01-P04_desk_work_surface_0026,0367ccb78cbbacf8,pose_hand_context,,26712.6,3.92,,1,01/e1/v1,rtmpose_baseline
corpus_01,01.Candidate was found using a mobile phone in the examination hall..mkv,b842b03e5784d867e93770560d88150a526250df69077cd3065edbbd4c842098,dfine_sahi,76980.0,unknown_object,0.3348,615.34,368.84,658.96,379.84,479.6,43.62,10.99,3.967,False,,True,unattributed,9,evt_01-P04_desk_work_surface_0026,0367ccb78cbbacf8,pose_hand_context,,26712.6,3.92,,1,01/e1/v1,rtmpose_baseline
corpus_01,01.Candidate was found using a mobile phone in the examination hall..mkv,b842b03e5784d867e93770560d88150a526250df69077cd3065edbbd4c842098,dfine_sahi,76980.0,unknown_object,0.321,584.99,389.13,664.36,483.75,7509.2,79.37,94.61,0.839,False,,True,unattributed,9,evt_01-P04_desk_work_surface_0026,0367ccb78cbbacf8,pose_hand_context,,26712.6,3.92,,1,01/e1/v1,rtmpose_baseline
corpus_01,01.Candidate was found using a mobile phone in the examination hall..mkv,b842b03e5784d867e93770560d88150a526250df69077cd3065edbbd4c842098,dfine_sahi,76980.0,unknown_object,0.3118,633.13,411.56,696.18,482.24,4456.4,63.05,70.68,0.892,False,,True,unattributed,9,evt_01-P04_desk_work_surface_0026,0367ccb78cbbacf8,pose_hand_context,,26712.6,3.92,,1,01/e1/v1,rtmpose_baseline
corpus_01,01.Candidate was found using a mobile phone in the examination hall..mkv,b842b03e5784d867e93770560d88150a526250df69077cd3065edbbd4c842098,dfine_sahi,76980.0,unknown_object,0.2736,603.35,364.43,663.46,412.7,2902.0,60.12,48.27,1.245,False,,True,unattributed,9,evt_01-P04_desk_work_surface_0026,0367ccb78cbbacf8,pose_hand_context,,26712.6,3.92,,1,01/e1/v1,rtmpose_baseline
corpus_01,01.Candidate was found using a mobile phone in the examination hall..mkv,b842b03e5784d867e93770560d88150a526250df69077cd3065edbbd4c842098,dfine_sahi,76980.0,unknown_object,0.2678,607.83,451.19,639.5,482.82,1001.8,31.67,31.63,1.001,False,,True,unattributed,9,evt_01-P04_desk_work_surface_0026,0367ccb78cbbacf8,pose_hand_context,,26712.6,3.92,,1,01/e1/v1,rtmpose_baseline
corpus_01,01.Candidate was found using a mobile phone in the examination hall..mkv,b842b03e5784d867e93770560d88150a526250df69077cd3065edbbd4c842098,dfine_sahi,76980.0,unknown_object,0.2556,585.01,426.42,619.43,466.4,1376.2,34.42,39.98,0.861,False,,True,unattributed,9,evt_01-P04_desk_work_surface_0026,0367ccb78cbbacf8,pose_hand_context,,26712.6,3.92,,1,01/e1/v1,rtmpose_baseline
corpus_01,01.Candidate was found using a mobile phone in the examination hall..mkv,b842b03e5784d867e93770560d88150a526250df69077cd3065edbbd4c842098,dfine_sahi,76980.0,unknown_object,0.2505,585.04,389.21,620.39,429.57,1426.4,35.34,40.36,0.876,False,,True,unattributed,9,evt_01-P04_desk_work_surface_0026,0367ccb78cbbacf8,pose_hand_context,,26712.6,3.92,,1,01/e1/v1,rtmpose_baseline
corpus_01,01.Candidate was found using a mobile phone in the examination hall..mkv,b842b03e5784d867e93770560d88150a526250df69077cd3065edbbd4c842098,dfine_sahi,77420.0,unknown_object,0.7906,780.67,334.43,825.82,492.68,7145.0,45.15,158.25,0.285,False,,True,unattributed,9,evt_01-P05_desk_work_surface_0035,c6928d0fe12dbece,pose_hand_context,,29646.0,3.72,,1,01/e1/v1,rtmpose_baseline
corpus_01,01.Candidate was found using a mobile phone in the examination hall..mkv,b842b03e5784d867e93770560d88150a526250df69077cd3065edbbd4c842098,dfine_sahi,77420.0,unknown_object,0.652,677.14,333.12,773.97,429.65,9346.5,96.83,96.52,1.003,False,,True,unattributed,9,evt_01-P05_desk_work_surface_0035,c6928d0fe12dbece,pose_hand_context,,29646.0,3.72,,1,01/e1/v1,rtmpose_baseline
corpus_01,01.Candidate was found using a mobile phone in the examination hall..mkv,b842b03e5784d867e93770560d88150a526250df69077cd3065edbbd4c842098,dfine_sahi,77420.0,unknown_object,0.5316,706.9,420.67,750.88,465.36,1965.6,43.98,44.69,0.984,False,,True,unattributed,9,evt_01-P05_desk_work_surface_0035,c6928d0fe12dbece,pose_hand_context,,29646.0,3.72,,1,01/e1/v1,rtmpose_baseline
corpus_01,01.Candidate was found using a mobile phone in the examination hall..mkv,b842b03e5784d867e93770560d88150a526250df69077cd3065edbbd4c842098,dfine_sahi,77420.0,unknown_object,0.5292,794.43,333.47,848.93,434.92,5528.5,54.49,101.45,0.537,False,,True,unattributed,9,evt_01-P05_desk_work_surface_0035,c6928d0fe12dbece,pose_hand_context,,29646.0,3.72,,1,01/e1/v1,rtmpose_baseline
corpus_01,01.Candidate was found using a mobile phone in the examination hall..mkv,b842b03e5784d867e93770560d88150a526250df69077cd3065edbbd4c842098,dfine_sahi,77420.0,unknown_object,0.4901,677.12,408.14,774.05,504.72,9360.4,96.93,96.57,1.004,False,,True,unattributed,9,evt_01-P05_desk_work_surface_0035,c6928d0fe12dbece,pose_hand_context,,29646.0,3.72,,1,01/e1/v1,rtmpose_baseline
corpus_01,01.Candidate was found using a mobile phone in the examination hall..mkv,b842b03e5784d867e93770560d88150a526250df69077cd3065edbbd4c842098,dfine_sahi,77420.0,unknown_object,0.4851,782.94,408.16,848.79,493.07,5591.3,65.85,84.91,0.776,False,,True,unattributed,9,evt_01-P05_desk_work_surface_0035,c6928d0fe12dbece,pose_hand_context,,29646.0,3.72,,1,01/e1/v1,rtmpose_baseline
corpus_01,01.Candidate was found using a mobile phone in the examination hall..mkv,b842b03e5784d867e93770560d88150a526250df69077cd3065edbbd4c842098,dfine_sahi,77420.0,unknown_object,0.3591,695.96,333.05,742.88,356.58,1104.0,46.92,23.53,1.994,False,,True,unattributed,9,evt_01-P05_desk_work_surface_0035,c6928d0fe12dbece,pose_hand_context,,29646.0,3.72,,1,01/e1/v1,rtmpose_baseline
corpus_01,01.Candidate was found using a mobile phone in the examination hall..mkv,b842b03e5784d867e93770560d88150a526250df69077cd3065edbbd4c842098,dfine_sahi,77420.0,unknown_object,0.3511,752.24,333.69,826.28,429.39,7085.3,74.04,95.7,0.774,False,,True,unattributed,9,evt_01-P05_desk_work_surface_0035,c6928d0fe12dbece,pose_hand_context,,29646.0,3.72,,1,01/e1/v1,rtmpose_baseline
corpus_01,01.Candidate was found using a mobile phone in the examination hall..mkv,b842b03e5784d867e93770560d88150a526250df69077cd3065edbbd4c842098,dfine_sahi,77420.0,unknown_object,0.3212,815.96,408.2,848.88,434.52,866.8,32.92,26.33,1.25,False,,True,unattributed,9,evt_01-P05_desk_work_surface_0035,c6928d0fe12dbece,pose_hand_context,,29646.0,3.72,,1,01/e1/v1,rtmpose_baseline
corpus_01,01.Candidate was found using a mobile phone in the examination hall..mkv,b842b03e5784d867e93770560d88150a526250df69077cd3065edbbd4c842098,dfine_sahi,77420.0,bag,0.3176,815.65,395.94,848.83,429.83,1124.3,33.18,33.88,0.979,False,,True,unattributed,9,evt_01-P05_desk_work_surface_0035,c6928d0fe12dbece,pose_hand_context,,29646.0,3.72,,1,01/e1/v1,rtmpose_baseline
corpus_01,01.Candidate was found using a mobile phone in the examination hall..mkv,b842b03e5784d867e93770560d88150a526250df69077cd3065edbbd4c842098,dfine_sahi,77420.0,unknown_object,0.3157,728.85,417.19,769.45,446.8,1202.2,40.59,29.62,1.371,False,,True,unattributed,9,evt_01-P05_desk_work_surface_0035,c6928d0fe12dbece,pose_hand_context,,29646.0,3.72,,1,01/e1/v1,rtmpose_baseline
corpus_01,01.Candidate was found using a mobile phone in the examination hall..mkv,b842b03e5784d867e93770560d88150a526250df69077cd3065edbbd4c842098,dfine_sahi,77420.0,unknown_object,0.3108,677.0,351.54,691.38,429.6,1122.5,14.38,78.05,0.184,False,,True,unattributed,9,evt_01-P05_desk_work_surface_0035,c6928d0fe12dbece,pose_hand_context,,29646.0,3.72,,1,01/e1/v1,rtmpose_baseline
corpus_01,01.Candidate was found using a mobile phone in the examination hall..mkv,b842b03e5784d867e93770560d88150a526250df69077cd3065edbbd4c842098,dfine_sahi,77420.0,unknown_object,0.2983,752.0,408.3,792.77,504.52,3922.3,40.76,96.22,0.424,False,,True,unattributed,9,evt_01-P05_desk_work_surface_0035,c6928d0fe12dbece,pose_hand_context,,29646.0,3.72,,1,01/e1/v1,rtmpose_baseline
corpus_01,01.Candidate was found using a mobile phone in the examination hall..mkv,b842b03e5784d867e93770560d88150a526250df69077cd3065edbbd4c842098,dfine_sahi,77420.0,unknown_object,0.2951,688.8,373.94,721.33,429.64,1811.7,32.53,55.7,0.584,False,,True,unattributed,9,evt_01-P05_desk_work_surface_0035,c6928d0fe12dbece,pose_hand_context,,29646.0,3.72,,1,01/e1/v1,rtmpose_baseline
corpus_01,01.Candidate was found using a mobile phone in the examination hall..mkv,b842b03e5784d867e93770560d88150a526250df69077cd3065edbbd4c842098,dfine_sahi,77420.0,unknown_object,0.2683,755.69,370.29,774.01,418.67,886.2,18.32,48.38,0.379,False,,True,unattributed,9,evt_01-P05_desk_work_surface_0035,c6928d0fe12dbece,pose_hand_context,,29646.0,3.72,,1,01/e1/v1,rtmpose_baseline
corpus_01,01.Candidate was found using a mobile phone in the examination hall..mkv,b842b03e5784d867e93770560d88150a526250df69077cd3065edbbd4c842098,dfine_sahi,77420.0,unknown_object,0.2639,755.72,467.49,774.01,504.89,684.0,18.29,37.4,0.489,False,,True,unattributed,9,evt_01-P05_desk_work_surface_0035,c6928d0fe12dbece,pose_hand_context,,29646.0,3.72,,1,01/e1/v1,rtmpose_baseline
corpus_01,01.Candidate was found using a mobile phone in the examination hall..mkv,b842b03e5784d867e93770560d88150a526250df69077cd3065edbbd4c842098,dfine_sahi,77420.0,unknown_object,0.2639,759.46,493.49,773.98,504.98,166.8,14.52,11.48,1.264,False,,True,unattributed,9,evt_01-P05_desk_work_surface_0035,c6928d0fe12dbece,pose_hand_context,,29646.0,3.72,,1,01/e1/v1,rtmpose_baseline
corpus_01,01.Candidate was found using a mobile phone in the examination hall..mkv,b842b03e5784d867e93770560d88150a526250df69077cd3065edbbd4c842098,dfine_sahi,77420.0,unknown_object,0.2606,677.02,408.43,694.79,504.37,1704.5,17.77,95.94,0.185,False,,True,unattributed,9,evt_01-P05_desk_work_surface_0035,c6928d0fe12dbece,pose_hand_context,,29646.0,3.72,,1,01/e1/v1,rtmpose_baseline
corpus_01,01.Candidate was found using a mobile phone in the examination hall..mkv,b842b03e5784d867e93770560d88150a526250df69077cd3065edbbd4c842098,dfine_sahi,77420.0,unknown_object,0.2586,695.89,475.95,711.95,504.92,465.5,16.07,28.97,0.555,False,,True,unattributed,9,evt_01-P05_desk_work_surface_0035,c6928d0fe12dbece,pose_hand_context,,29646.0,3.72,,1,01/e1/v1,rtmpose_baseline
corpus_01,01.Candidate was found using a mobile phone in the examination hall..mkv,b842b03e5784d867e93770560d88150a526250df69077cd3065edbbd4c842098,dfine_sahi,77500.0,mouse,0.8402,639.18,368.79,658.17,377.92,173.5,18.99,9.14,2.079,False,,True,unattributed,9,evt_01-P01_upper_body_0007,5abceb2ac73ca5b7,pose_hand_context,,28446.2,3.79,,1,01/e1/v1,rtmpose_baseline
corpus_01,01.Candidate was found using a mobile phone in the examination hall..mkv,b842b03e5784d867e93770560d88150a526250df69077cd3065edbbd4c842098,dfine_sahi,77500.0,unknown_object,0.5207,658.0,390.08,689.14,434.34,1378.4,31.14,44.26,0.704,False,,True,unattributed,9,evt_01-P01_upper_body_0007,5abceb2ac73ca5b7,pose_hand_context,,28446.2,3.79,,1,01/e1/v1,rtmpose_baseline
corpus_01,01.Candidate was found using a mobile phone in the examination hall..mkv,b842b03e5784d867e93770560d88150a526250df69077cd3065edbbd4c842098,dfine_sahi,77500.0,unknown_object,0.4524,653.54,324.34,680.97,412.67,2423.3,27.43,88.34,0.311,False,,True,unattributed,9,evt_01-P01_upper_body_0007,5abceb2ac73ca5b7,pose_hand_context,,28446.2,3.79,,1,01/e1/v1,rtmpose_baseline
corpus_01,01.Candidate was found using a mobile phone in the examination hall..mkv,b842b03e5784d867e93770560d88150a526250df69077cd3065edbbd4c842098,dfine_sahi,77500.0,unknown_object,0.4089,658.04,390.13,753.85,485.58,9145.0,95.81,95.45,1.004,False,,True,unattributed,9,evt_01-P01_upper_body_0007,5abceb2ac73ca5b7,pose_hand_context,,28446.2,3.79,,1,01/e1/v1,rtmpose_baseline
corpus_01,01.Candidate was found using a mobile phone in the examination hall..mkv,b842b03e5784d867e93770560d88150a526250df69077cd3065edbbd4c842098,dfine_sahi,77500.0,unknown_object,0.4066,585.05,390.07,662.88,430.29,3130.2,77.83,40.22,1.935,False,,True,unattributed,9,evt_01-P01_upper_body_0007,5abceb2ac73ca5b7,pose_hand_context,,28446.2,3.79,,1,01/e1/v1,rtmpose_baseline
corpus_01,01.Candidate was found using a mobile phone in the examination hall..mkv,b842b03e5784d867e93770560d88150a526250df69077cd3065edbbd4c842098,dfine_sahi,77500.0,bag,0.3979,631.97,418.91,687.58,485.19,3686.4,55.61,66.28,0.839,False,,True,unattributed,9,evt_01-P01_upper_body_0007,5abceb2ac73ca5b7,pose_hand_context,,28446.2,3.79,,1,01/e1/v1,rtmpose_baseline
corpus_01,01.Candidate was found using a mobile phone in the examination hall..mkv,b842b03e5784d867e93770560d88150a526250df69077cd3065edbbd4c842098,dfine_sahi,77500.0,unknown_object,0.3849,584.98,390.16,663.86,484.34,7428.6,78.88,94.18,0.837,False,,True,unattributed,9,evt_01-P01_upper_body_0007,5abceb2ac73ca5b7,pose_hand_context,,28446.2,3.79,,1,01/e1/v1,rtmpose_baseline
corpus_01,01.Candidate was found using a mobile phone in the examination hall..mkv,b842b03e5784d867e93770560d88150a526250df69077cd3065edbbd4c842098,dfine_sahi,77500.0,unknown_object,0.3609,710.14,429.29,752.2,448.19,794.9,42.06,18.9,2.225,False,,True,unattributed,9,evt_01-P01_upper_body_0007,5abceb2ac73ca5b7,pose_hand_context,,28446.2,3.79,,1,01/e1/v1,rtmpose_baseline
corpus_01,01.Candidate was found using a mobile phone in the examination hall..mkv,b842b03e5784d867e93770560d88150a526250df69077cd3065edbbd4c842098,dfine_sahi,77500.0,unknown_object,0.3002,585.09,317.11,663.68,412.58,7502.9,78.59,95.46,0.823,False,,True,unattributed,9,evt_01-P01_upper_body_0007,5abceb2ac73ca5b7,pose_hand_context,,28446.2,3.79,,1,01/e1/v1,rtmpose_baseline
corpus_01,01.Candidate was found using a mobile phone in the examination hall..mkv,b842b03e5784d867e93770560d88150a526250df69077cd3065edbbd4c842098,dfine_sahi,77500.0,unknown_object,0.2942,657.99,408.84,689.33,485.48,2402.4,31.35,76.64,0.409,False,,True,unattributed,9,evt_01-P01_upper_body_0007,5abceb2ac73ca5b7,pose_hand_context,,28446.2,3.79,,1,01/e1/v1,rtmpose_baseline
corpus_01,01.Candidate was found using a mobile phone in the examination hall..mkv,b842b03e5784d867e93770560d88150a526250df69077cd3065edbbd4c842098,dfine_sahi,77500.0,unknown_object,0.2918,585.01,426.37,619.27,466.11,1361.4,34.26,39.74,0.862,False,,True,unattributed,9,evt_01-P01_upper_body_0007,5abceb2ac73ca5b7,pose_hand_context,,28446.2,3.79,,1,01/e1/v1,rtmpose_baseline
corpus_01,01.Candidate was found using a mobile phone in the examination hall..mkv,b842b03e5784d867e93770560d88150a526250df69077cd3065edbbd4c842098,dfine_sahi,77500.0,unknown_object,0.2663,607.66,451.94,639.52,485.3,1062.6,31.85,33.36,0.955,False,,True,unattributed,9,evt_01-P01_upper_body_0007,5abceb2ac73ca5b7,pose_hand_context,,28446.2,3.79,,1,01/e1/v1,rtmpose_baseline
corpus_01,01.Candidate was found using a mobile phone in the examination hall..mkv,b842b03e5784d867e93770560d88150a526250df69077cd3065edbbd4c842098,dfine_sahi,77500.0,unknown_object,0.2633,585.97,318.26,688.36,479.13,16471.8,102.39,160.88,0.636,False,,True,unattributed,9,evt_01-P01_upper_body_0007,5abceb2ac73ca5b7,pose_hand_context,,28446.2,3.79,,1,01/e1/v1,rtmpose_baseline
corpus_01,01.Candidate was found using a mobile phone in the examination hall..mkv,b842b03e5784d867e93770560d88150a526250df69077cd3065edbbd4c842098,dfine_sahi,77540.0,unknown_object,0.6316,775.09,335.25,826.3,493.25,8090.5,51.21,158.0,0.324,False,,True,unattributed,9,evt_01-P03_desk_work_surface_0016,9b9b0756948b0f5a,pose_hand_context,,29852.9,3.7,,1,01/e1/v1,rtmpose_baseline
corpus_01,01.Candidate was found using a mobile phone in the examination hall..mkv,b842b03e5784d867e93770560d88150a526250df69077cd3065edbbd4c842098,dfine_sahi,77540.0,unknown_object,0.5458,750.02,411.19,846.9,507.41,9322.5,96.88,96.22,1.007,False,,True,unattributed,9,evt_01-P03_desk_work_surface_0016,9b9b0756948b0f5a,pose_hand_context,,29852.9,3.7,,1,01/e1/v1,rtmpose_baseline
corpus_01,01.Candidate was found using a mobile phone in the examination hall..mkv,b842b03e5784d867e93770560d88150a526250df69077cd3065edbbd4c842098,dfine_sahi,77540.0,unknown_object,0.5043,675.06,335.16,771.96,431.62,9346.2,96.9,96.45,1.005,False,,True,unattributed,9,evt_01-P03_desk_work_surface_0016,9b9b0756948b0f5a,pose_hand_context,,29852.9,3.7,,1,01/e1/v1,rtmpose_baseline
corpus_01,01.Candidate was found using a mobile phone in the examination hall..mkv,b842b03e5784d867e93770560d88150a526250df69077cd3065edbbd4c842098,dfine_sahi,77540.0,unknown_object,0.4973,791.73,335.21,846.99,434.26,5474.0,55.26,99.05,0.558,False,,True,unattributed,9,evt_01-P03_desk_work_surface_0016,9b9b0756948b0f5a,pose_hand_context,,29852.9,3.7,,1,01/e1/v1,rtmpose_baseline
corpus_01,01.Candidate was found using a mobile phone in the examination hall..mkv,b842b03e5784d867e93770560d88150a526250df69077cd3065edbbd4c842098,dfine_sahi,77540.0,unknown_object,0.4651,682.67,411.17,771.94,507.69,8616.0,89.27,96.52,0.925,False,,True,unattributed,9,evt_01-P03_desk_work_surface_0016,9b9b0756948b0f5a,pose_hand_context,,29852.9,3.7,,1,01/e1/v1,rtmpose_baseline
corpus_01,01.Candidate was found using a mobile phone in the examination hall..mkv,b842b03e5784d867e93770560d88150a526250df69077cd3065edbbd4c842098,dfine_sahi,77540.0,unknown_object,0.4433,686.79,480.98,723.1,507.93,978.7,36.31,26.96,1.347,False,,True,unattributed,9,evt_01-P03_desk_work_surface_0016,9b9b0756948b0f5a,pose_hand_context,,29852.9,3.7,,1,01/e1/v1,rtmpose_baseline
corpus_01,01.Candidate was found using a mobile phone in the examination hall..mkv,b842b03e5784d867e93770560d88150a526250df69077cd3065edbbd4c842098,dfine_sahi,77540.0,unknown_object,0.4284,750.01,335.18,797.57,431.06,4559.3,47.55,95.88,0.496,False,,True,unattributed,9,evt_01-P03_desk_work_surface_0016,9b9b0756948b0f5a,pose_hand_context,,29852.9,3.7,,1,01/e1/v1,rtmpose_baseline
corpus_01,01.Candidate was found using a mobile phone in the examination hall..mkv,b842b03e5784d867e93770560d88150a526250df69077cd3065edbbd4c842098,dfine_sahi,77540.0,unknown_object,0.3952,711.74,431.32,755.31,447.0,683.2,43.57,15.68,2.779,False,,True,unattributed,9,evt_01-P03_desk_work_surface_0016,9b9b0756948b0f5a,pose_hand_context,,29852.9,3.7,,1,01/e1/v1,rtmpose_baseline
corpus_01,01.Candidate was found using a mobile phone in the examination hall..mkv,b842b03e5784d867e93770560d88150a526250df69077cd3065edbbd4c842098,dfine_sahi,77540.0,unknown_object,0.3873,692.37,335.06,741.66,359.57,1208.5,49.3,24.51,2.011,False,,True,unattributed,9,evt_01-P03_desk_work_surface_0016,9b9b0756948b0f5a,pose_hand_context,,29852.9,3.7,,1,01/e1/v1,rtmpose_baseline
corpus_01,01.Candidate was found using a mobile phone in the examination hall..mkv,b842b03e5784d867e93770560d88150a526250df69077cd3065edbbd4c842098,dfine_sahi,77540.0,unknown_object,0.3857,751.72,393.34,775.84,422.66,707.5,24.13,29.33,0.823,False,,True,unattributed,9,evt_01-P03_desk_work_surface_0016,9b9b0756948b0f5a,pose_hand_context,,29852.9,3.7,,1,01/e1/v1,rtmpose_baseline
corpus_01,01.Candidate was found using a mobile phone in the examination hall..mkv,b842b03e5784d867e93770560d88150a526250df69077cd3065edbbd4c842098,dfine_sahi,77540.0,unknown_object,0.3377,816.21,411.12,846.98,434.39,715.9,30.78,23.26,1.323,False,,True,unattributed,9,evt_01-P03_desk_work_surface_0016,9b9b0756948b0f5a,pose_hand_context,,29852.9,3.7,,1,01/e1/v1,rtmpose_baseline
corpus_01,01.Candidate was found using a mobile phone in the examination hall..mkv,b842b03e5784d867e93770560d88150a526250df69077cd3065edbbd4c842098,dfine_sahi,77540.0,unknown_object,0.3178,731.61,335.24,772.02,431.06,3871.6,40.4,95.82,0.422,False,,True,unattributed,9,evt_01-P03_desk_work_surface_0016,9b9b0756948b0f5a,pose_hand_context,,29852.9,3.7,,1,01/e1/v1,rtmpose_baseline
corpus_01,01.Candidate was found using a mobile phone in the examination hall..mkv,b842b03e5784d867e93770560d88150a526250df69077cd3065edbbd4c842098,dfine_sahi,77540.0,unknown_object,0.292,675.0,359.41,688.87,431.67,1001.8,13.86,72.26,0.192,False,,True,unattributed,9,evt_01-P03_desk_work_surface_0016,9b9b0756948b0f5a,pose_hand_context,,29852.9,3.7,,1,01/e1/v1,rtmpose_baseline
corpus_01,01.Candidate was found using a mobile phone in the examination hall..mkv,b842b03e5784d867e93770560d88150a526250df69077cd3065edbbd4c842098,dfine_sahi,77540.0,unknown_object,0.2792,816.97,378.85,846.95,434.41,1665.3,29.97,55.56,0.539,False,,True,unattributed,9,evt_01-P03_desk_work_surface_0016,9b9b0756948b0f5a,pose_hand_context,,29852.9,3.7,,1,01/e1/v1,rtmpose_baseline
corpus_01,01.Candidate was found using a mobile phone in the examination hall..mkv,b842b03e5784d867e93770560d88150a526250df69077cd3065edbbd4c842098,dfine_sahi,77540.0,unknown_object,0.2558,785.79,445.58,824.93,494.14,1900.6,39.13,48.57,0.806,False,,True,unattributed,9,evt_01-P03_desk_work_surface_0016,9b9b0756948b0f5a,pose_hand_context,,29852.9,3.7,,1,01/e1/v1,rtmpose_baseline
corpus_01,01.Candidate was found using a mobile phone in the examination hall..mkv,b842b03e5784d867e93770560d88150a526250df69077cd3065edbbd4c842098,dfine_sahi,77540.0,unknown_object,0.2502,819.33,335.37,844.39,411.63,1911.2,25.06,76.26,0.329,False,,True,unattributed,9,evt_01-P03_desk_work_surface_0016,9b9b0756948b0f5a,pose_hand_context,,29852.9,3.7,,1,01/e1/v1,rtmpose_baseline
corpus_01,01.Candidate was found using a mobile phone in the examination hall..mkv,b842b03e5784d867e93770560d88150a526250df69077cd3065edbbd4c842098,dfine_sahi,77940.0,unknown_object,0.6329,665.35,426.3,748.11,528.51,8459.4,82.76,102.21,0.81,False,,True,unattributed,9,evt_01-P01_desk_work_surface_0003,4488b8cb51dd240e,pose_hand_context,,33087.6,3.52,,1,01/e1/v1,rtmpose_baseline
corpus_01,01.Candidate was found using a mobile phone in the examination hall..mkv,b842b03e5784d867e93770560d88150a526250df69077cd3065edbbd4c842098,dfine_sahi,77940.0,unknown_object,0.5812,627.53,437.29,670.02,528.55,3877.3,42.49,91.26,0.466,False,,True,unattributed,9,evt_01-P01_desk_work_surface_0003,4488b8cb51dd240e,pose_hand_context,,33087.6,3.52,,1,01/e1/v1,rtmpose_baseline
corpus_01,01.Candidate was found using a mobile phone in the examination hall..mkv,b842b03e5784d867e93770560d88150a526250df69077cd3065edbbd4c842098,dfine_sahi,77940.0,unknown_object,0.5406,667.16,425.48,734.46,444.67,1291.8,67.31,19.19,3.507,False,,True,unattributed,9,evt_01-P01_desk_work_surface_0003,4488b8cb51dd240e,pose_hand_context,,33087.6,3.52,,1,01/e1/v1,rtmpose_baseline
corpus_01,01.Candidate was found using a mobile phone in the examination hall..mkv,b842b03e5784d867e93770560d88150a526250df69077cd3065edbbd4c842098,dfine_sahi,77940.0,unknown_object,0.5249,580.01,347.44,645.76,430.49,5460.3,65.75,83.05,0.792,False,,True,unattributed,9,evt_01-P01_desk_work_surface_0003,4488b8cb51dd240e,pose_hand_context,,33087.6,3.52,,1,01/e1/v1,rtmpose_baseline
corpus_01,01.Candidate was found using a mobile phone in the examination hall..mkv,b842b03e5784d867e93770560d88150a526250df69077cd3065edbbd4c842098,dfine_sahi,77940.0,unknown_object,0.4524,580.2,437.56,668.03,528.42,7980.0,87.83,90.86,0.967,False,,True,unattributed,9,evt_01-P01_desk_work_surface_0003,4488b8cb51dd240e,pose_hand_context,,33087.6,3.52,,1,01/e1/v1,rtmpose_baseline
corpus_01,01.Candidate was found using a mobile phone in the examination hall..mkv,b842b03e5784d867e93770560d88150a526250df69077cd3065edbbd4c842098,dfine_sahi,77940.0,unknown_object,0.4349,671.99,347.06,704.57,369.06,716.8,32.58,22.0,1.481,False,,True,unattributed,9,evt_01-P01_desk_work_surface_0003,4488b8cb51dd240e,pose_hand_context,,33087.6,3.52,,1,01/e1/v1,rtmpose_baseline
corpus_01,01.Candidate was found using a mobile phone in the examination hall..mkv,b842b03e5784d867e93770560d88150a526250df69077cd3065edbbd4c842098,dfine_sahi,77940.0,unknown_object,0.4296,579.86,426.38,622.04,469.46,1816.9,42.17,43.08,0.979,False,,True,unattributed,9,evt_01-P01_desk_work_surface_0003,4488b8cb51dd240e,pose_hand_context,,33087.6,3.52,,1,01/e1/v1,rtmpose_baseline
corpus_01,01.Candidate was found using a mobile phone in the examination hall..mkv,b842b03e5784d867e93770560d88150a526250df69077cd3065edbbd4c842098,dfine_sahi,77940.0,unknown_object,0.3687,664.84,371.27,729.67,432.43,3964.3,64.82,61.15,1.06,False,,True,unattributed,9,evt_01-P01_desk_work_surface_0003,4488b8cb51dd240e,pose_hand_context,,33087.6,3.52,,1,01/e1/v1,rtmpose_baseline
corpus_01,01.Candidate was found using a mobile phone in the examination hall..mkv,b842b03e5784d867e93770560d88150a526250df69077cd3065edbbd4c842098,dfine_sahi,77940.0,unknown_object,0.3595,665.99,396.49,681.99,432.73,579.8,16.0,36.24,0.442,False,,True,unattributed,9,evt_01-P01_desk_work_surface_0003,4488b8cb51dd240e,pose_hand_context,,33087.6,3.52,,1,01/e1/v1,rtmpose_baseline
corpus_01,01.Candidate was found using a mobile phone in the examination hall..mkv,b842b03e5784d867e93770560d88150a526250df69077cd3065edbbd4c842098,dfine_sahi,77940.0,unknown_object,0.3465,608.51,450.97,639.76,496.86,1433.8,31.24,45.89,0.681,False,,True,unattributed,9,evt_01-P01_desk_work_surface_0003,4488b8cb51dd240e,pose_hand_context,,33087.6,3.52,,1,01/e1/v1,rtmpose_baseline
corpus_01,01.Candidate was found using a mobile phone in the examination hall..mkv,b842b03e5784d867e93770560d88150a526250df69077cd3065edbbd4c842098,dfine_sahi,77940.0,bag,0.306,666.85,425.82,737.56,448.89,1630.7,70.7,23.06,3.066,False,,True,unattributed,9,evt_01-P01_desk_work_surface_0003,4488b8cb51dd240e,pose_hand_context,,33087.6,3.52,,1,01/e1/v1,rtmpose_baseline
corpus_01,01.Candidate was found using a mobile phone in the examination hall..mkv,b842b03e5784d867e93770560d88150a526250df69077cd3065edbbd4c842098,dfine_sahi,77940.0,unknown_object,0.2736,667.33,431.82,682.08,441.43,141.7,14.75,9.61,1.536,False,,True,unattributed,9,evt_01-P01_desk_work_surface_0003,4488b8cb51dd240e,pose_hand_context,,33087.6,3.52,,1,01/e1/v1,rtmpose_baseline
corpus_01,01.Candidate was found using a mobile phone in the examination hall..mkv,b842b03e5784d867e93770560d88150a526250df69077cd3065edbbd4c842098,dfine_sahi,77940.0,unknown_object,0.2699,670.97,494.61,723.89,528.92,1815.5,52.91,34.31,1.542,False,,True,unattributed,9,evt_01-P01_desk_work_surface_0003,4488b8cb51dd240e,pose_hand_context,,33087.6,3.52,,1,01/e1/v1,rtmpose_baseline
corpus_01,01.Candidate was found using a mobile phone in the examination hall..mkv,b842b03e5784d867e93770560d88150a526250df69077cd3065edbbd4c842098,dfine_sahi,77940.0,unknown_object,0.2619,660.23,347.42,703.07,432.66,3652.5,42.85,85.25,0.503,False,,True,unattributed,9,evt_01-P01_desk_work_surface_0003,4488b8cb51dd240e,pose_hand_context,,33087.6,3.52,,1,01/e1/v1,rtmpose_baseline
corpus_01,01.Candidate was found using a mobile phone in the examination hall..mkv,b842b03e5784d867e93770560d88150a526250df69077cd3065edbbd4c842098,dfine_sahi,77940.0,unknown_object,0.2618,742.32,426.91,748.29,438.03,66.4,5.97,11.12,0.537,True,object footprint 66 px is under the 120 px floor for a call,False,unattributed,9,evt_01-P01_desk_work_surface_0003,4488b8cb51dd240e,pose_hand_context,,33087.6,3.52,,1,01/e1/v1,rtmpose_baseline
corpus_01,01.Candidate was found using a mobile phone in the examination hall..mkv,b842b03e5784d867e93770560d88150a526250df69077cd3065edbbd4c842098,dfine_sahi,77940.0,unknown_object,0.2611,732.23,453.48,762.06,528.43,2236.1,29.84,74.95,0.398,False,,True,unattributed,9,evt_01-P01_desk_work_surface_0003,4488b8cb51dd240e,pose_hand_context,,33087.6,3.52,,1,01/e1/v1,rtmpose_baseline
corpus_01,01.Candidate was found using a mobile phone in the examination hall..mkv,b842b03e5784d867e93770560d88150a526250df69077cd3065edbbd4c842098,dfine_sahi,77980.0,unknown_object,0.5869,666.5,425.54,736.0,447.73,1542.4,69.5,22.19,3.132,False,,True,unattributed,9,evt_01-P04_desk_work_surface_0026,b87cefe41c4fb67b,pose_hand_context,,34998.9,3.42,,1,01/e1/v1,rtmpose_baseline
corpus_01,01.Candidate was found using a mobile phone in the examination hall..mkv,b842b03e5784d867e93770560d88150a526250df69077cd3065edbbd4c842098,dfine_sahi,77980.0,unknown_object,0.5349,578.07,451.62,639.53,532.06,4944.0,61.46,80.44,0.764,False,,True,unattributed,9,evt_01-P04_desk_work_surface_0026,b87cefe41c4fb67b,pose_hand_context,,34998.9,3.42,,1,01/e1/v1,rtmpose_baseline
corpus_01,01.Candidate was found using a mobile phone in the examination hall..mkv,b842b03e5784d867e93770560d88150a526250df69077cd3065edbbd4c842098,dfine_sahi,77980.0,unknown_object,0.5204,577.99,346.57,645.2,474.61,8605.8,67.21,128.04,0.525,False,,True,unattributed,9,evt_01-P04_desk_work_surface_0026,b87cefe41c4fb67b,pose_hand_context,,34998.9,3.42,,1,01/e1/v1,rtmpose_baseline
corpus_01,01.Candidate was found using a mobile phone in the examination hall..mkv,b842b03e5784d867e93770560d88150a526250df69077cd3065edbbd4c842098,dfine_sahi,77980.0,unknown_object,0.511,607.44,451.11,639.82,493.79,1382.3,32.38,42.68,0.759,False,,True,unattributed,9,evt_01-P04_desk_work_surface_0026,b87cefe41c4fb67b,pose_hand_context,,34998.9,3.42,,1,01/e1/v1,rtmpose_baseline
corpus_01,01.Candidate was found using a mobile phone in the examination hall..mkv,b842b03e5784d867e93770560d88150a526250df69077cd3065edbbd4c842098,dfine_sahi,77980.0,unknown_object,0.503,663.65,428.19,764.9,532.66,10577.9,101.25,104.47,0.969,False,,True,unattributed,9,evt_01-P04_desk_work_surface_0026,b87cefe41c4fb67b,pose_hand_context,,34998.9,3.42,,1,01/e1/v1,rtmpose_baseline
corpus_01,01.Candidate was found using a mobile phone in the examination hall..mkv,b842b03e5784d867e93770560d88150a526250df69077cd3065edbbd4c842098,dfine_sahi,77980.0,unknown_object,0.4471,578.07,428.2,622.1,473.19,1981.3,44.03,45.0,0.979,False,,True,unattributed,9,evt_01-P04_desk_work_surface_0026,b87cefe41c4fb67b,pose_hand_context,,34998.9,3.42,,1,01/e1/v1,rtmpose_baseline
corpus_01,01.Candidate was found using a mobile phone in the examination hall..mkv,b842b03e5784d867e93770560d88150a526250df69077cd3065edbbd4c842098,dfine_sahi,77980.0,bag,0.3882,627.0,438.94,667.2,532.52,3762.5,40.2,93.58,0.43,False,,True,unattributed,9,evt_01-P04_desk_work_surface_0026,b87cefe41c4fb67b,pose_hand_context,,34998.9,3.42,,1,01/e1/v1,rtmpose_baseline
corpus_01,01.Candidate was found using a mobile phone in the examination hall..mkv,b842b03e5784d867e93770560d88150a526250df69077cd3065edbbd4c842098,dfine_sahi,77980.0,unknown_object,0.3866,578.01,510.31,615.68,532.86,849.8,37.68,22.56,1.67,False,,True,unattributed,9,evt_01-P04_desk_work_surface_0026,b87cefe41c4fb67b,pose_hand_context,,34998.9,3.42,,1,01/e1/v1,rtmpose_baseline
corpus_01,01.Candidate was found using a mobile phone in the examination hall..mkv,b842b03e5784d867e93770560d88150a526250df69077cd3065edbbd4c842098,dfine_sahi,77980.0,bag,0.3845,666.29,425.69,736.16,450.61,1741.4,69.87,24.92,2.804,False,,True,unattributed,9,evt_01-P04_desk_work_surface_0026,b87cefe41c4fb67b,pose_hand_context,,34998.9,3.42,,1,01/e1/v1,rtmpose_baseline
corpus_01,01.Candidate was found using a mobile phone in the examination hall..mkv,b842b03e5784d867e93770560d88150a526250df69077cd3065edbbd4c842098,dfine_sahi,77980.0,unknown_object,0.3687,627.21,438.73,667.89,532.4,3810.1,40.68,93.67,0.434,False,,True,unattributed,9,evt_01-P04_desk_work_surface_0026,b87cefe41c4fb67b,pose_hand_context,,34998.9,3.42,,1,01/e1/v1,rtmpose_baseline
corpus_01,01.Candidate was found using a mobile phone in the examination hall..mkv,b842b03e5784d867e93770560d88150a526250df69077cd3065edbbd4c842098,dfine_sahi,77980.0,unknown_object,0.3064,665.86,448.3,702.55,532.22,3079.3,36.69,83.92,0.437,False,,True,unattributed,9,evt_01-P04_desk_work_surface_0026,b87cefe41c4fb67b,pose_hand_context,,34998.9,3.42,,1,01/e1/v1,rtmpose_baseline
corpus_01,01.Candidate was found using a mobile phone in the examination hall..mkv,b842b03e5784d867e93770560d88150a526250df69077cd3065edbbd4c842098,dfine_sahi,77980.0,unknown_object,0.3011,578.02,346.85,620.28,429.84,3507.3,42.26,82.99,0.509,False,,True,unattributed,9,evt_01-P04_desk_work_surface_0026,b87cefe41c4fb67b,pose_hand_context,,34998.9,3.42,,1,01/e1/v1,rtmpose_baseline
corpus_01,01.Candidate was found using a mobile phone in the examination hall..mkv,b842b03e5784d867e93770560d88150a526250df69077cd3065edbbd4c842098,dfine_sahi,77980.0,unknown_object,0.2895,692.19,428.11,735.87,439.97,518.2,43.68,11.86,3.682,False,,True,unattributed,9,evt_01-P04_desk_work_surface_0026,b87cefe41c4fb67b,pose_hand_context,,34998.9,3.42,,1,01/e1/v1,rtmpose_baseline
corpus_01,01.Candidate was found using a mobile phone in the examination hall..mkv,b842b03e5784d867e93770560d88150a526250df69077cd3065edbbd4c842098,dfine_sahi,77980.0,unknown_object,0.2699,665.11,435.76,683.01,532.39,1730.0,17.9,96.63,0.185,False,,True,unattributed,9,evt_01-P04_desk_work_surface_0026,b87cefe41c4fb67b,pose_hand_context,,34998.9,3.42,,1,01/e1/v1,rtmpose_baseline
corpus_01,01.Candidate was found using a mobile phone in the examination hall..mkv,b842b03e5784d867e93770560d88150a526250df69077cd3065edbbd4c842098,dfine_sahi,77980.0,unknown_object,0.2643,742.47,428.17,748.13,438.6,59.0,5.66,10.43,0.542,True,object footprint 59 px is under the 120 px floor for a call,False,unattributed,9,evt_01-P04_desk_work_surface_0026,b87cefe41c4fb67b,pose_hand_context,,34998.9,3.42,,1,01/e1/v1,rtmpose_baseline
corpus_01,01.Candidate was found using a mobile phone in the examination hall..mkv,b842b03e5784d867e93770560d88150a526250df69077cd3065edbbd4c842098,dfine_sahi,78420.0,unknown_object,0.7396,581.75,430.3,669.72,564.84,11835.5,87.97,134.55,0.654,False,,True,unattributed,9,evt_01-P05_desk_work_surface_0035,f185c960580a4e49,pose_hand_context,,38698.8,3.25,,1,01/e1/v1,rtmpose_baseline
corpus_01,01.Candidate was found using a mobile phone in the examination hall..mkv,b842b03e5784d867e93770560d88150a526250df69077cd3065edbbd4c842098,dfine_sahi,78420.0,unknown_object,0.4858,667.03,456.33,777.99,564.9,12047.1,110.96,108.57,1.022,False,,True,unattributed,9,evt_01-P05_desk_work_surface_0035,f185c960580a4e49,pose_hand_context,,38698.8,3.25,,1,01/e1/v1,rtmpose_baseline
corpus_01,01.Candidate was found using a mobile phone in the examination hall..mkv,b842b03e5784d867e93770560d88150a526250df69077cd3065edbbd4c842098,dfine_sahi,78420.0,unknown_object,0.4824,661.92,457.81,691.83,565.21,3212.3,29.91,107.39,0.279,False,,True,unattributed,9,evt_01-P05_desk_work_surface_0035,f185c960580a4e49,pose_hand_context,,38698.8,3.25,,1,01/e1/v1,rtmpose_baseline
corpus_01,01.Candidate was found using a mobile phone in the examination hall..mkv,b842b03e5784d867e93770560d88150a526250df69077cd3065edbbd4c842098,dfine_sahi,78420.0,mouse,0.4494,639.15,369.3,660.27,378.06,185.1,21.13,8.76,2.412,False,,True,unattributed,9,evt_01-P05_desk_work_surface_0035,f185c960580a4e49,pose_hand_context,,38698.8,3.25,,1,01/e1/v1,rtmpose_baseline
corpus_01,01.Candidate was found using a mobile phone in the examination hall..mkv,b842b03e5784d867e93770560d88150a526250df69077cd3065edbbd4c842098,dfine_sahi,78420.0,stationery,0.4454,677.69,457.91,692.0,474.05,231.1,14.31,16.15,0.886,False,,True,unattributed,9,evt_01-P05_desk_work_surface_0035,f185c960580a4e49,pose_hand_context,,38698.8,3.25,,1,01/e1/v1,rtmpose_baseline
corpus_01,01.Candidate was found using a mobile phone in the examination hall..mkv,b842b03e5784d867e93770560d88150a526250df69077cd3065edbbd4c842098,dfine_sahi,78420.0,unknown_object,0.4314,581.06,510.92,615.85,565.14,1886.3,34.79,54.22,0.642,False,,True,unattributed,9,evt_01-P05_desk_work_surface_0035,f185c960580a4e49,pose_hand_context,,38698.8,3.25,,1,01/e1/v1,rtmpose_baseline
corpus_01,01.Candidate was found using a mobile phone in the examination hall..mkv,b842b03e5784d867e93770560d88150a526250df69077cd3065edbbd4c842098,dfine_sahi,78420.0,unknown_object,0.4246,581.94,499.68,662.34,564.87,5240.9,80.4,65.19,1.233,False,,True,unattributed,9,evt_01-P05_desk_work_surface_0035,f185c960580a4e49,pose_hand_context,,38698.8,3.25,,1,01/e1/v1,rtmpose_baseline
corpus_01,01.Candidate was found using a mobile phone in the examination hall..mkv,b842b03e5784d867e93770560d88150a526250df69077cd3065edbbd4c842098,dfine_sahi,78420.0,unknown_object,0.4031,618.09,369.37,660.28,380.15,454.7,42.19,10.78,3.914,False,,True,unattributed,9,evt_01-P05_desk_work_surface_0035,f185c960580a4e49,pose_hand_context,,38698.8,3.25,,1,01/e1/v1,rtmpose_baseline
corpus_01,01.Candidate was found using a mobile phone in the examination hall..mkv,b842b03e5784d867e93770560d88150a526250df69077cd3065edbbd4c842098,dfine_sahi,78420.0,unknown_object,0.395,581.04,369.13,661.16,429.8,4860.4,80.12,60.66,1.321,False,,True,unattributed,9,evt_01-P05_desk_work_surface_0035,f185c960580a4e49,pose_hand_context,,38698.8,3.25,,1,01/e1/v1,rtmpose_baseline
corpus_01,01.Candidate was found using a mobile phone in the examination hall..mkv,b842b03e5784d867e93770560d88150a526250df69077cd3065edbbd4c842098,dfine_sahi,78420.0,unknown_object,0.3289,667.3,456.68,751.84,517.2,5116.3,84.54,60.52,1.397,False,,True,unattributed,9,evt_01-P05_desk_work_surface_0035,f185c960580a4e49,pose_hand_context,,38698.8,3.25,,1,01/e1/v1,rtmpose_baseline
corpus_01,01.Candidate was found using a mobile phone in the examination hall..mkv,b842b03e5784d867e93770560d88150a526250df69077cd3065edbbd4c842098,dfine_sahi,78420.0,unknown_object,0.3259,626.98,456.45,671.05,537.77,3584.2,44.07,81.32,0.542,False,,True,unattributed,9,evt_01-P05_desk_work_surface_0035,f185c960580a4e49,pose_hand_context,,38698.8,3.25,,1,01/e1/v1,rtmpose_baseline
corpus_01,01.Candidate was found using a mobile phone in the examination hall..mkv,b842b03e5784d867e93770560d88150a526250df69077cd3065edbbd4c842098,dfine_sahi,78420.0,unknown_object,0.3253,677.76,457.77,751.68,478.69,1546.3,73.93,20.92,3.534,False,,True,unattributed,9,evt_01-P05_desk_work_surface_0035,f185c960580a4e49,pose_hand_context,,38698.8,3.25,,1,01/e1/v1,rtmpose_baseline
corpus_01,01.Candidate was found using a mobile phone in the examination hall..mkv,b842b03e5784d867e93770560d88150a526250df69077cd3065edbbd4c842098,dfine_sahi,78420.0,unknown_object,0.3194,673.32,546.25,688.7,565.71,299.2,15.38,19.45,0.791,False,,True,unattributed,9,evt_01-P05_desk_work_surface_0035,f185c960580a4e49,pose_hand_context,,38698.8,3.25,,1,01/e1/v1,rtmpose_baseline
corpus_01,01.Candidate was found using a mobile phone in the examination hall..mkv,b842b03e5784d867e93770560d88150a526250df69077cd3065edbbd4c842098,dfine_sahi,78420.0,unknown_object,0.3005,673.2,486.89,691.61,565.24,1442.7,18.41,78.35,0.235,False,,True,unattributed,9,evt_01-P05_desk_work_surface_0035,f185c960580a4e49,pose_hand_context,,38698.8,3.25,,1,01/e1/v1,rtmpose_baseline
corpus_01,01.Candidate was found using a mobile phone in the examination hall..mkv,b842b03e5784d867e93770560d88150a526250df69077cd3065edbbd4c842098,dfine_sahi,78420.0,unknown_object,0.2918,581.02,425.84,620.33,472.26,1824.8,39.31,46.42,0.847,False,,True,unattributed,9,evt_01-P05_desk_work_surface_0035,f185c960580a4e49,pose_hand_context,,38698.8,3.25,,1,01/e1/v1,rtmpose_baseline
corpus_01,01.Candidate was found using a mobile phone in the examination hall..mkv,b842b03e5784d867e93770560d88150a526250df69077cd3065edbbd4c842098,dfine_sahi,78420.0,unknown_object,0.2736,587.04,534.34,662.11,565.05,2305.5,75.07,30.71,2.444,False,,True,unattributed,9,evt_01-P05_desk_work_surface_0035,f185c960580a4e49,pose_hand_context,,38698.8,3.25,,1,01/e1/v1,rtmpose_baseline
corpus_01,01.Candidate was found using a mobile phone in the examination hall..mkv,b842b03e5784d867e93770560d88150a526250df69077cd3065edbbd4c842098,dfine_sahi,78420.0,unknown_object,0.2707,581.04,400.56,653.0,479.0,5644.2,71.96,78.44,0.917,False,,True,unattributed,9,evt_01-P05_desk_work_surface_0035,f185c960580a4e49,pose_hand_context,,38698.8,3.25,,1,01/e1/v1,rtmpose_baseline
corpus_01,01.Candidate was found using a mobile phone in the examination hall..mkv,b842b03e5784d867e93770560d88150a526250df69077cd3065edbbd4c842098,dfine_sahi,78420.0,unknown_object,0.2707,752.15,548.18,777.72,565.69,447.8,25.57,17.52,1.46,False,,True,unattributed,9,evt_01-P05_desk_work_surface_0035,f185c960580a4e49,pose_hand_context,,38698.8,3.25,,1,01/e1/v1,rtmpose_baseline
corpus_01,01.Candidate was found using a mobile phone in the examination hall..mkv,b842b03e5784d867e93770560d88150a526250df69077cd3065edbbd4c842098,dfine_sahi,78420.0,unknown_object,0.2685,667.0,544.0,675.83,565.73,191.8,8.83,21.73,0.406,False,,True,unattributed,9,evt_01-P05_desk_work_surface_0035,f185c960580a4e49,pose_hand_context,,38698.8,3.25,,1,01/e1/v1,rtmpose_baseline
corpus_01,01.Candidate was found using a mobile phone in the examination hall..mkv,b842b03e5784d867e93770560d88150a526250df69077cd3065edbbd4c842098,dfine_sahi,78420.0,unknown_object,0.2617,607.74,451.89,639.25,495.16,1363.2,31.5,43.27,0.728,False,,True,unattributed,9,evt_01-P05_desk_work_surface_0035,f185c960580a4e49,pose_hand_context,,38698.8,3.25,,1,01/e1/v1,rtmpose_baseline
corpus_01,01.Candidate was found using a mobile phone in the examination hall..mkv,b842b03e5784d867e93770560d88150a526250df69077cd3065edbbd4c842098,dfine_sahi,78420.0,unknown_object,0.2601,704.83,549.97,732.8,565.75,441.5,27.98,15.78,1.773,False,,True,unattributed,9,evt_01-P05_desk_work_surface_0035,f185c960580a4e49,pose_hand_context,,38698.8,3.25,,1,01/e1/v1,rtmpose_baseline
corpus_01,01.Candidate was found using a mobile phone in the examination hall..mkv,b842b03e5784d867e93770560d88150a526250df69077cd3065edbbd4c842098,dfine_sahi,78500.0,unknown_object,0.7359,791.15,498.37,849.93,574.58,4478.9,58.78,76.2,0.771,False,,True,unattributed,9,evt_01-P01_upper_body_0007,190a783a5bbb81b6,pose_hand_context,,40120.1,3.2,,1,01/e1/v1,rtmpose_baseline
corpus_01,01.Candidate was found using a mobile phone in the examination hall..mkv,b842b03e5784d867e93770560d88150a526250df69077cd3065edbbd4c842098,dfine_sahi,78500.0,unknown_object,0.6686,737.03,376.22,804.32,488.25,7538.4,67.29,112.04,0.601,False,,True,unattributed,9,evt_01-P01_upper_body_0007,190a783a5bbb81b6,pose_hand_context,,40120.1,3.2,,1,01/e1/v1,rtmpose_baseline
corpus_01,01.Candidate was found using a mobile phone in the examination hall..mkv,b842b03e5784d867e93770560d88150a526250df69077cd3065edbbd4c842098,dfine_sahi,78500.0,unknown_object,0.6498,737.05,484.4,795.2,574.86,5260.7,58.15,90.47,0.643,False,,True,unattributed,9,evt_01-P01_upper_body_0007,190a783a5bbb81b6,pose_hand_context,,40120.1,3.2,,1,01/e1/v1,rtmpose_baseline
corpus_01,01.Candidate was found using a mobile phone in the examination hall..mkv,b842b03e5784d867e93770560d88150a526250df69077cd3065edbbd4c842098,dfine_sahi,78500.0,bag,0.5595,810.71,497.43,849.93,574.72,3031.6,39.23,77.29,0.508,False,,True,unattributed,9,evt_01-P01_upper_body_0007,190a783a5bbb81b6,pose_hand_context,,40120.1,3.2,,1,01/e1/v1,rtmpose_baseline
corpus_01,01.Candidate was found using a mobile phone in the examination hall..mkv,b842b03e5784d867e93770560d88150a526250df69077cd3065edbbd4c842098,dfine_sahi,78500.0,unknown_object,0.5329,649.01,459.76,672.98,569.86,2639.7,23.98,110.1,0.218,False,,True,unattributed,9,evt_01-P01_upper_body_0007,190a783a5bbb81b6,pose_hand_context,,40120.1,3.2,,1,01/e1/v1,rtmpose_baseline
corpus_01,01.Candidate was found using a mobile phone in the examination hall..mkv,b842b03e5784d867e93770560d88150a526250df69077cd3065edbbd4c842098,dfine_sahi,78500.0,unknown_object,0.5086,814.67,376.32,849.65,453.81,2709.9,34.97,77.49,0.451,False,,True,unattributed,9,evt_01-P01_upper_body_0007,190a783a5bbb81b6,pose_hand_context,,40120.1,3.2,,1,01/e1/v1,rtmpose_baseline
corpus_01,01.Candidate was found using a mobile phone in the examination hall..mkv,b842b03e5784d867e93770560d88150a526250df69077cd3065edbbd4c842098,dfine_sahi,78500.0,unknown_object,0.5069,773.62,376.46,848.74,493.12,8763.3,75.12,116.67,0.644,False,,True,unattributed,9,evt_01-P01_upper_body_0007,190a783a5bbb81b6,pose_hand_context,,40120.1,3.2,,1,01/e1/v1,rtmpose_baseline
corpus_01,01.Candidate was found using a mobile phone in the examination hall..mkv,b842b03e5784d867e93770560d88150a526250df69077cd3065edbbd4c842098,dfine_sahi,78500.0,unknown_object,0.3821,791.32,512.94,815.99,572.51,1470.1,24.68,59.57,0.414,False,,True,unattributed,9,evt_01-P01_upper_body_0007,190a783a5bbb81b6,pose_hand_context,,40120.1,3.2,,1,01/e1/v1,rtmpose_baseline
corpus_01,01.Candidate was found using a mobile phone in the examination hall..mkv,b842b03e5784d867e93770560d88150a526250df69077cd3065edbbd4c842098,dfine_sahi,78500.0,unknown_object,0.3659,782.93,464.23,824.95,493.66,1236.3,42.02,29.42,1.428,False,,True,unattributed,9,evt_01-P01_upper_body_0007,190a783a5bbb81b6,pose_hand_context,,40120.1,3.2,,1,01/e1/v1,rtmpose_baseline
corpus_01,01.Candidate was found using a mobile phone in the examination hall..mkv,b842b03e5784d867e93770560d88150a526250df69077cd3065edbbd4c842098,dfine_sahi,78500.0,unknown_object,0.3076,666.38,473.5,748.3,574.79,8297.4,81.92,101.29,0.809,False,,True,unattributed,9,evt_01-P01_upper_body_0007,190a783a5bbb81b6,pose_hand_context,,40120.1,3.2,,1,01/e1/v1,rtmpose_baseline
corpus_01,01.Candidate was found using a mobile phone in the examination hall..mkv,b842b03e5784d867e93770560d88150a526250df69077cd3065edbbd4c842098,dfine_sahi,78500.0,phone,0.2897,690.7,376.08,722.78,398.95,733.5,32.08,22.86,1.403,False,,True,unattributed,9,evt_01-P01_upper_body_0007,190a783a5bbb81b6,pose_hand_context,,40120.1,3.2,,1,01/e1/v1,rtmpose_baseline
corpus_01,01.Candidate was found using a mobile phone in the examination hall..mkv,b842b03e5784d867e93770560d88150a526250df69077cd3065edbbd4c842098,dfine_sahi,78500.0,unknown_object,0.2756,649.0,376.52,674.36,488.1,2830.4,25.36,111.59,0.227,False,,True,unattributed,9,evt_01-P01_upper_body_0007,190a783a5bbb81b6,pose_hand_context,,40120.1,3.2,,1,01/e1/v1,rtmpose_baseline
corpus_01,01.Candidate was found using a mobile phone in the examination hall..mkv,b842b03e5784d867e93770560d88150a526250df69077cd3065edbbd4c842098,dfine_sahi,78500.0,stationery,0.2591,686.37,454.78,753.58,487.51,2199.6,67.21,32.73,2.053,False,,True,unattributed,9,evt_01-P01_upper_body_0007,190a783a5bbb81b6,pose_hand_context,,40120.1,3.2,,1,01/e1/v1,rtmpose_baseline
corpus_01,01.Candidate was found using a mobile phone in the examination hall..mkv,b842b03e5784d867e93770560d88150a526250df69077cd3065edbbd4c842098,dfine_sahi,78500.0,unknown_object,0.2535,791.51,512.99,815.79,529.69,405.4,24.28,16.7,1.453,False,,True,unattributed,9,evt_01-P01_upper_body_0007,190a783a5bbb81b6,pose_hand_context,,40120.1,3.2,,1,01/e1/v1,rtmpose_baseline
corpus_01,01.Candidate was found using a mobile phone in the examination hall..mkv,b842b03e5784d867e93770560d88150a526250df69077cd3065edbbd4c842098,dfine_sahi,78540.0,unknown_object,0.7889,736.01,379.24,808.77,492.11,8213.0,72.76,112.87,0.645,False,,True,unattributed,9,evt_01-P03_desk_work_surface_0016,f25d9bff7c11b1f2,pose_hand_context,,40925.3,3.16,,1,01/e1/v1,rtmpose_baseline
corpus_01,01.Candidate was found using a mobile phone in the examination hall..mkv,b842b03e5784d867e93770560d88150a526250df69077cd3065edbbd4c842098,dfine_sahi,78540.0,unknown_object,0.7089,791.9,498.43,849.91,580.66,4770.1,58.01,82.22,0.706,False,,True,unattributed,9,evt_01-P03_desk_work_surface_0016,f25d9bff7c11b1f2,pose_hand_context,,40925.3,3.16,,1,01/e1/v1,rtmpose_baseline
corpus_01,01.Candidate was found using a mobile phone in the examination hall..mkv,b842b03e5784d867e93770560d88150a526250df69077cd3065edbbd4c842098,dfine_sahi,78540.0,bag,0.6634,810.89,497.7,849.93,581.21,3259.6,39.03,83.51,0.467,False,,True,unattributed,9,evt_01-P03_desk_work_surface_0016,f25d9bff7c11b1f2,pose_hand_context,,40925.3,3.16,,1,01/e1/v1,rtmpose_baseline
corpus_01,01.Candidate was found using a mobile phone in the examination hall..mkv,b842b03e5784d867e93770560d88150a526250df69077cd3065edbbd4c842098,dfine_sahi,78540.0,unknown_object,0.5673,661.72,468.25,760.4,581.59,11185.3,98.68,113.35,0.871,False,,True,unattributed,9,evt_01-P03_desk_work_surface_0016,f25d9bff7c11b1f2,pose_hand_context,,40925.3,3.16,,1,01/e1/v1,rtmpose_baseline
corpus_01,01.Candidate was found using a mobile phone in the examination hall..mkv,b842b03e5784d867e93770560d88150a526250df69077cd3065edbbd4c842098,dfine_sahi,78540.0,unknown_object,0.5521,777.13,379.31,826.91,483.02,5162.4,49.78,103.7,0.48,False,,True,unattributed,9,evt_01-P03_desk_work_surface_0016,f25d9bff7c11b1f2,pose_hand_context,,40925.3,3.16,,1,01/e1/v1,rtmpose_baseline
corpus_01,01.Candidate was found using a mobile phone in the examination hall..mkv,b842b03e5784d867e93770560d88150a526250df69077cd3065edbbd4c842098,dfine_sahi,78540.0,unknown_object,0.5417,815.91,379.33,849.57,434.69,1863.7,33.66,55.37,0.608,False,,True,unattributed,9,evt_01-P03_desk_work_surface_0016,f25d9bff7c11b1f2,pose_hand_context,,40925.3,3.16,,1,01/e1/v1,rtmpose_baseline
corpus_01,01.Candidate was found using a mobile phone in the examination hall..mkv,b842b03e5784d867e93770560d88150a526250df69077cd3065edbbd4c842098,dfine_sahi,78540.0,unknown_object,0.505,736.03,468.08,824.98,581.63,10101.4,88.96,113.56,0.783,False,,True,unattributed,9,evt_01-P03_desk_work_surface_0016,f25d9bff7c11b1f2,pose_hand_context,,40925.3,3.16,,1,01/e1/v1,rtmpose_baseline
corpus_01,01.Candidate was found using a mobile phone in the examination hall..mkv,b842b03e5784d867e93770560d88150a526250df69077cd3065edbbd4c842098,dfine_sahi,78540.0,unknown_object,0.4395,688.26,454.71,753.5,493.48,2529.6,65.24,38.77,1.683,False,,True,unattributed,9,evt_01-P03_desk_work_surface_0016,f25d9bff7c11b1f2,pose_hand_context,,40925.3,3.16,,1,01/e1/v1,rtmpose_baseline
corpus_01,01.Candidate was found using a mobile phone in the examination hall..mkv,b842b03e5784d867e93770560d88150a526250df69077cd3065edbbd4c842098,dfine_sahi,78540.0,unknown_object,0.3695,647.01,420.68,673.57,572.05,4021.5,26.57,151.37,0.176,False,,True,unattributed,9,evt_01-P03_desk_work_surface_0016,f25d9bff7c11b1f2,pose_hand_context,,40925.3,3.16,,1,01/e1/v1,rtmpose_baseline
corpus_01,01.Candidate was found using a mobile phone in the examination hall..mkv,b842b03e5784d867e93770560d88150a526250df69077cd3065edbbd4c842098,dfine_sahi,78540.0,unknown_object,0.3636,791.5,512.92,815.87,573.0,1464.1,24.37,60.08,0.406,False,,True,unattributed,9,evt_01-P03_desk_work_surface_0016,f25d9bff7c11b1f2,pose_hand_context,,40925.3,3.16,,1,01/e1/v1,rtmpose_baseline
corpus_01,01.Candidate was found using a mobile phone in the examination hall..mkv,b842b03e5784d867e93770560d88150a526250df69077cd3065edbbd4c842098,dfine_sahi,78540.0,unknown_object,0.3184,663.03,479.76,694.66,581.6,3221.2,31.63,101.84,0.311,False,,True,unattributed,9,evt_01-P03_desk_work_surface_0016,f25d9bff7c11b1f2,pose_hand_context,,40925.3,3.16,,1,01/e1/v1,rtmpose_baseline
corpus_01,01.Candidate was found using a mobile phone in the examination hall..mkv,b842b03e5784d867e93770560d88150a526250df69077cd3065edbbd4c842098,dfine_sahi,78540.0,unknown_object,0.3098,646.99,379.26,675.84,492.18,3257.2,28.84,112.93,0.255,False,,True,unattributed,9,evt_01-P03_desk_work_surface_0016,f25d9bff7c11b1f2,pose_hand_context,,40925.3,3.16,,1,01/e1/v1,rtmpose_baseline
corpus_01,01.Candidate was found using a mobile phone in the examination hall..mkv,b842b03e5784d867e93770560d88150a526250df69077cd3065edbbd4c842098,dfine_sahi,78540.0,unknown_object,0.2814,647.02,534.32,664.42,571.1,640.0,17.4,36.78,0.473,False,,True,unattributed,9,evt_01-P03_desk_work_surface_0016,f25d9bff7c11b1f2,pose_hand_context,,40925.3,3.16,,1,01/e1/v1,rtmpose_baseline
corpus_01,01.Candidate was found using a mobile phone in the examination hall..mkv,b842b03e5784d867e93770560d88150a526250df69077cd3065edbbd4c842098,dfine_sahi,78540.0,unknown_object,0.2793,647.09,379.18,761.02,492.53,12912.5,113.93,113.34,1.005,False,,True,unattributed,9,evt_01-P03_desk_work_surface_0016,f25d9bff7c11b1f2,pose_hand_context,,40925.3,3.16,,1,01/e1/v1,rtmpose_baseline
corpus_01,01.Candidate was found using a mobile phone in the examination hall..mkv,b842b03e5784d867e93770560d88150a526250df69077cd3065edbbd4c842098,dfine_sahi,78540.0,unknown_object,0.2776,692.75,379.07,724.51,402.4,741.0,31.76,23.33,1.362,False,,True,unattributed,9,evt_01-P03_desk_work_surface_0016,f25d9bff7c11b1f2,pose_hand_context,,40925.3,3.16,,1,01/e1/v1,rtmpose_baseline
corpus_01,01.Candidate was found using a mobile phone in the examination hall..mkv,b842b03e5784d867e93770560d88150a526250df69077cd3065edbbd4c842098,dfine_sahi,78540.0,unknown_object,0.2638,780.02,379.79,849.29,573.21,13400.0,69.28,193.43,0.358,False,,True,unattributed,9,evt_01-P03_desk_work_surface_0016,f25d9bff7c11b1f2,pose_hand_context,,40925.3,3.16,,1,01/e1/v1,rtmpose_baseline
corpus_01,01.Candidate was found using a mobile phone in the examination hall..mkv,b842b03e5784d867e93770560d88150a526250df69077cd3065edbbd4c842098,dfine_sahi,78540.0,unknown_object,0.2597,685.46,485.63,736.75,581.43,4913.3,51.29,95.8,0.535,False,,True,unattributed,9,evt_01-P03_desk_work_surface_0016,f25d9bff7c11b1f2,pose_hand_context,,40925.3,3.16,,1,01/e1/v1,rtmpose_baseline
corpus_01,01.Candidate was found using a mobile phone in the examination hall..mkv,b842b03e5784d867e93770560d88150a526250df69077cd3065edbbd4c842098,dfine_sahi,78540.0,unknown_object,0.2569,647.02,379.04,672.53,407.93,737.0,25.51,28.89,0.883,False,,True,unattributed,9,evt_01-P03_desk_work_surface_0016,f25d9bff7c11b1f2,pose_hand_context,,40925.3,3.16,,1,01/e1/v1,rtmpose_baseline
corpus_01,01.Candidate was found using a mobile phone in the examination hall..mkv,b842b03e5784d867e93770560d88150a526250df69077cd3065edbbd4c842098,dfine_sahi,78940.0,unknown_object,0.7507,635.8,423.4,669.22,620.34,6582.0,33.42,196.94,0.17,False,,True,unattributed,9,evt_01-P01_desk_work_surface_0003,c57197ad2bcf4746,pose_hand_context,,41918.5,3.13,,1,01/e1/v1,rtmpose_baseline
corpus_01,01.Candidate was found using a mobile phone in the examination hall..mkv,b842b03e5784d867e93770560d88150a526250df69077cd3065edbbd4c842098,dfine_sahi,78940.0,bag,0.7422,810.63,502.85,840.15,623.65,3566.1,29.52,120.8,0.244,False,,True,unattributed,9,evt_01-P01_desk_work_surface_0003,c57197ad2bcf4746,pose_hand_context,,41918.5,3.13,,1,01/e1/v1,rtmpose_baseline
corpus_01,01.Candidate was found using a mobile phone in the examination hall..mkv,b842b03e5784d867e93770560d88150a526250df69077cd3065edbbd4c842098,dfine_sahi,78940.0,unknown_object,0.6114,725.03,510.19,802.69,624.52,8879.4,77.66,114.33,0.679,False,,True,unattributed,9,evt_01-P01_desk_work_surface_0003,c57197ad2bcf4746,pose_hand_context,,41918.5,3.13,,1,01/e1/v1,rtmpose_baseline
corpus_01,01.Candidate was found using a mobile phone in the examination hall..mkv,b842b03e5784d867e93770560d88150a526250df69077cd3065edbbd4c842098,dfine_sahi,78940.0,unknown_object,0.5818,636.0,531.56,668.53,621.03,2910.2,32.53,89.47,0.364,False,,True,unattributed,9,evt_01-P01_desk_work_surface_0003,c57197ad2bcf4746,pose_hand_context,,41918.5,3.13,,1,01/e1/v1,rtmpose_baseline
corpus_01,01.Candidate was found using a mobile phone in the examination hall..mkv,b842b03e5784d867e93770560d88150a526250df69077cd3065edbbd4c842098,dfine_sahi,78940.0,unknown_object,0.4715,647.49,420.12,750.95,534.55,11838.2,103.45,114.43,0.904,False,,True,unattributed,9,evt_01-P01_desk_work_surface_0003,c57197ad2bcf4746,pose_hand_context,,41918.5,3.13,,1,01/e1/v1,rtmpose_baseline
corpus_01,01.Candidate was found using a mobile phone in the examination hall..mkv,b842b03e5784d867e93770560d88150a526250df69077cd3065edbbd4c842098,dfine_sahi,78940.0,unknown_object,0.4598,724.98,420.13,804.43,533.91,9040.2,79.45,113.79,0.698,False,,True,unattributed,9,evt_01-P01_desk_work_surface_0003,c57197ad2bcf4746,pose_hand_context,,41918.5,3.13,,1,01/e1/v1,rtmpose_baseline
corpus_01,01.Candidate was found using a mobile phone in the examination hall..mkv,b842b03e5784d867e93770560d88150a526250df69077cd3065edbbd4c842098,dfine_sahi,78940.0,unknown_object,0.4318,659.82,510.22,746.25,624.49,9875.7,86.43,114.26,0.756,False,,True,unattributed,9,evt_01-P01_desk_work_surface_0003,c57197ad2bcf4746,pose_hand_context,,41918.5,3.13,,1,01/e1/v1,rtmpose_baseline
corpus_01,01.Candidate was found using a mobile phone in the examination hall..mkv,b842b03e5784d867e93770560d88150a526250df69077cd3065edbbd4c842098,dfine_sahi,78940.0,unknown_object,0.348,635.99,531.84,668.36,570.39,1247.9,32.37,38.55,0.84,False,,True,unattributed,9,evt_01-P01_desk_work_surface_0003,c57197ad2bcf4746,pose_hand_context,,41918.5,3.13,,1,01/e1/v1,rtmpose_baseline
corpus_01,01.Candidate was found using a mobile phone in the examination hall..mkv,b842b03e5784d867e93770560d88150a526250df69077cd3065edbbd4c842098,dfine_sahi,78940.0,unknown_object,0.3407,678.14,584.0,723.14,624.87,1839.2,45.01,40.86,1.101,False,,True,unattributed,9,evt_01-P01_desk_work_surface_0003,c57197ad2bcf4746,pose_hand_context,,41918.5,3.13,,1,01/e1/v1,rtmpose_baseline
corpus_01,01.Candidate was found using a mobile phone in the examination hall..mkv,b842b03e5784d867e93770560d88150a526250df69077cd3065edbbd4c842098,dfine_sahi,78940.0,bag,0.3048,789.64,502.32,839.98,534.89,1639.7,50.34,32.57,1.546,False,,True,unattributed,9,evt_01-P01_desk_work_surface_0003,c57197ad2bcf4746,pose_hand_context,,41918.5,3.13,,1,01/e1/v1,rtmpose_baseline
corpus_01,01.Candidate was found using a mobile phone in the examination hall..mkv,b842b03e5784d867e93770560d88150a526250df69077cd3065edbbd4c842098,dfine_sahi,78940.0,unknown_object,0.289,789.39,512.98,815.57,572.85,1567.8,26.19,59.87,0.437,False,,True,unattributed,9,evt_01-P01_desk_work_surface_0003,c57197ad2bcf4746,pose_hand_context,,41918.5,3.13,,1,01/e1/v1,rtmpose_baseline
corpus_01,01.Candidate was found using a mobile phone in the examination hall..mkv,b842b03e5784d867e93770560d88150a526250df69077cd3065edbbd4c842098,dfine_sahi,78940.0,unknown_object,0.2644,789.2,420.34,827.96,572.41,5894.4,38.76,152.06,0.255,False,,True,unattributed,9,evt_01-P01_desk_work_surface_0003,c57197ad2bcf4746,pose_hand_context,,41918.5,3.13,,1,01/e1/v1,rtmpose_baseline
corpus_01,01.Candidate was found using a mobile phone in the examination hall..mkv,b842b03e5784d867e93770560d88150a526250df69077cd3065edbbd4c842098,dfine_sahi,78980.0,unknown_object,0.8366,629.04,425.72,667.18,620.34,7423.1,38.14,194.62,0.196,False,,True,unattributed,9,evt_01-P04_desk_work_surface_0026,b45377b156476b3e,pose_hand_context,,42049.6,3.12,,1,01/e1/v1,rtmpose_baseline
corpus_01,01.Candidate was found using a mobile phone in the examination hall..mkv,b842b03e5784d867e93770560d88150a526250df69077cd3065edbbd4c842098,dfine_sahi,78980.0,bag,0.7711,810.85,504.66,833.94,627.64,2839.6,23.09,122.97,0.188,False,,True,unattributed,9,evt_01-P04_desk_work_surface_0026,b45377b156476b3e,pose_hand_context,,42049.6,3.12,,1,01/e1/v1,rtmpose_baseline
corpus_01,01.Candidate was found using a mobile phone in the examination hall..mkv,b842b03e5784d867e93770560d88150a526250df69077cd3065edbbd4c842098,dfine_sahi,78980.0,unknown_object,0.69,719.07,514.22,799.31,628.51,9170.2,80.24,114.29,0.702,False,,True,unattributed,9,evt_01-P04_desk_work_surface_0026,b45377b156476b3e,pose_hand_context,,42049.6,3.12,,1,01/e1/v1,rtmpose_baseline
corpus_01,01.Candidate was found using a mobile phone in the examination hall..mkv,b842b03e5784d867e93770560d88150a526250df69077cd3065edbbd4c842098,dfine_sahi,78980.0,unknown_object,0.6726,787.31,424.23,827.9,483.57,2408.3,40.59,59.34,0.684,False,,True,unattributed,9,evt_01-P04_desk_work_surface_0026,b45377b156476b3e,pose_hand_context,,42049.6,3.12,,1,01/e1/v1,rtmpose_baseline
corpus_01,01.Candidate was found using a mobile phone in the examination hall..mkv,b842b03e5784d867e93770560d88150a526250df69077cd3065edbbd4c842098,dfine_sahi,78980.0,bag,0.5646,787.14,424.17,827.46,483.22,2380.4,40.31,59.05,0.683,False,,True,unattributed,9,evt_01-P04_desk_work_surface_0026,b45377b156476b3e,pose_hand_context,,42049.6,3.12,,1,01/e1/v1,rtmpose_baseline
corpus_01,01.Candidate was found using a mobile phone in the examination hall..mkv,b842b03e5784d867e93770560d88150a526250df69077cd3065edbbd4c842098,dfine_sahi,78980.0,unknown_object,0.5489,629.01,533.34,666.43,620.38,3256.9,37.42,87.05,0.43,False,,True,unattributed,9,evt_01-P04_desk_work_surface_0026,b45377b156476b3e,pose_hand_context,,42049.6,3.12,,1,01/e1/v1,rtmpose_baseline
corpus_01,01.Candidate was found using a mobile phone in the examination hall..mkv,b842b03e5784d867e93770560d88150a526250df69077cd3065edbbd4c842098,dfine_sahi,78980.0,stationery,0.4853,669.93,488.32,698.39,530.3,1194.8,28.46,41.98,0.678,False,,True,unattributed,9,evt_01-P04_desk_work_surface_0026,b45377b156476b3e,pose_hand_context,,42049.6,3.12,,1,01/e1/v1,rtmpose_baseline
corpus_01,01.Candidate was found using a mobile phone in the examination hall..mkv,b842b03e5784d867e93770560d88150a526250df69077cd3065edbbd4c842098,dfine_sahi,78980.0,unknown_object,0.4252,718.98,424.13,801.34,537.65,9348.7,82.35,113.52,0.725,False,,True,unattributed,9,evt_01-P04_desk_work_surface_0026,b45377b156476b3e,pose_hand_context,,42049.6,3.12,,1,01/e1/v1,rtmpose_baseline
corpus_01,01.Candidate was found using a mobile phone in the examination hall..mkv,b842b03e5784d867e93770560d88150a526250df69077cd3065edbbd4c842098,dfine_sahi,78980.0,unknown_object,0.4118,785.85,514.19,833.95,628.5,5497.6,48.09,114.32,0.421,False,,True,unattributed,9,evt_01-P04_desk_work_surface_0026,b45377b156476b3e,pose_hand_context,,42049.6,3.12,,1,01/e1/v1,rtmpose_baseline
corpus_01,01.Candidate was found using a mobile phone in the examination hall..mkv,b842b03e5784d867e93770560d88150a526250df69077cd3065edbbd4c842098,dfine_sahi,78980.0,bag,0.3248,789.23,513.03,815.84,573.14,1599.4,26.61,60.11,0.443,False,,True,unattributed,9,evt_01-P04_desk_work_surface_0026,b45377b156476b3e,pose_hand_context,,42049.6,3.12,,1,01/e1/v1,rtmpose_baseline
corpus_01,01.Candidate was found using a mobile phone in the examination hall..mkv,b842b03e5784d867e93770560d88150a526250df69077cd3065edbbd4c842098,dfine_sahi,78980.0,stationery,0.3158,669.74,488.09,721.84,545.92,3013.3,52.11,57.83,0.901,False,,True,unattributed,9,evt_01-P04_desk_work_surface_0026,b45377b156476b3e,pose_hand_context,,42049.6,3.12,,1,01/e1/v1,rtmpose_baseline
corpus_01,01.Candidate was found using a mobile phone in the examination hall..mkv,b842b03e5784d867e93770560d88150a526250df69077cd3065edbbd4c842098,dfine_sahi,78980.0,bag,0.2873,629.07,426.11,666.47,538.18,4191.4,37.4,112.07,0.334,False,,True,unattributed,9,evt_01-P04_desk_work_surface_0026,b45377b156476b3e,pose_hand_context,,42049.6,3.12,,1,01/e1/v1,rtmpose_baseline
corpus_01,01.Candidate was found using a mobile phone in the examination hall..mkv,b842b03e5784d867e93770560d88150a526250df69077cd3065edbbd4c842098,dfine_sahi,78980.0,bag,0.2639,784.48,504.74,833.99,538.82,1687.6,49.52,34.08,1.453,False,,True,unattributed,9,evt_01-P04_desk_work_surface_0026,b45377b156476b3e,pose_hand_context,,42049.6,3.12,,1,01/e1/v1,rtmpose_baseline
corpus_01,01.Candidate was found using a mobile phone in the examination hall..mkv,b842b03e5784d867e93770560d88150a526250df69077cd3065edbbd4c842098,dfine_sahi,78980.0,unknown_object,0.262,629.0,533.35,666.31,569.78,1359.2,37.32,36.42,1.025,False,,True,unattributed,9,evt_01-P04_desk_work_surface_0026,b45377b156476b3e,pose_hand_context,,42049.6,3.12,,1,01/e1/v1,rtmpose_baseline
corpus_01,01.Candidate was found using a mobile phone in the examination hall..mkv,b842b03e5784d867e93770560d88150a526250df69077cd3065edbbd4c842098,dfine_sahi,78980.0,unknown_object,0.2533,785.17,553.61,815.07,628.74,2246.4,29.9,75.13,0.398,False,,True,unattributed,9,evt_01-P04_desk_work_surface_0026,b45377b156476b3e,pose_hand_context,,42049.6,3.12,,1,01/e1/v1,rtmpose_baseline
corpus_01,01.Candidate was found using a mobile phone in the examination hall..mkv,b842b03e5784d867e93770560d88150a526250df69077cd3065edbbd4c842098,dfine_sahi,79420.0,unknown_object,0.6246,634.84,561.18,748.17,678.72,13320.9,113.33,117.54,0.964,False,,True,unattributed,9,evt_01-P05_desk_work_surface_0035,84f0b5c23f578507,pose_hand_context,,44318.7,3.04,,1,01/e1/v1,rtmpose_baseline
corpus_01,01.Candidate was found using a mobile phone in the examination hall..mkv,b842b03e5784d867e93770560d88150a526250df69077cd3065edbbd4c842098,dfine_sahi,79420.0,unknown_object,0.4636,635.03,469.14,742.28,585.93,12524.4,107.24,116.79,0.918,False,,True,unattributed,9,evt_01-P05_desk_work_surface_0035,84f0b5c23f578507,pose_hand_context,,44318.7,3.04,,1,01/e1/v1,rtmpose_baseline
corpus_01,01.Candidate was found using a mobile phone in the examination hall..mkv,b842b03e5784d867e93770560d88150a526250df69077cd3065edbbd4c842098,dfine_sahi,79420.0,unknown_object,0.3544,541.93,539.21,606.01,676.52,8798.9,64.08,137.31,0.467,False,,True,unattributed,9,evt_01-P05_desk_work_surface_0035,84f0b5c23f578507,pose_hand_context,,44318.7,3.04,,1,01/e1/v1,rtmpose_baseline
corpus_01,01.Candidate was found using a mobile phone in the examination hall..mkv,b842b03e5784d867e93770560d88150a526250df69077cd3065edbbd4c842098,dfine_sahi,79420.0,unknown_object,0.3359,729.75,469.54,752.98,583.28,2641.4,23.22,113.74,0.204,False,,True,unattributed,9,evt_01-P05_desk_work_surface_0035,84f0b5c23f578507,pose_hand_context,,44318.7,3.04,,1,01/e1/v1,rtmpose_baseline
corpus_01,01.Candidate was found using a mobile phone in the examination hall..mkv,b842b03e5784d867e93770560d88150a526250df69077cd3065edbbd4c842098,dfine_sahi,79420.0,unknown_object,0.3233,542.03,469.23,593.26,585.11,5935.9,51.23,115.87,0.442,False,,True,unattributed,9,evt_01-P05_desk_work_surface_0035,84f0b5c23f578507,pose_hand_context,,44318.7,3.04,,1,01/e1/v1,rtmpose_baseline
corpus_01,01.Candidate was found using a mobile phone in the examination hall..mkv,b842b03e5784d867e93770560d88150a526250df69077cd3065edbbd4c842098,dfine_sahi,79420.0,stationery,0.2892,565.14,532.94,621.79,586.58,3038.8,56.65,53.64,1.056,False,,True,unattributed,9,evt_01-P05_desk_work_surface_0035,84f0b5c23f578507,pose_hand_context,,44318.7,3.04,,1,01/e1/v1,rtmpose_baseline
corpus_01,01.Candidate was found using a mobile phone in the examination hall..mkv,b842b03e5784d867e93770560d88150a526250df69077cd3065edbbd4c842098,dfine_sahi,79420.0,bag,0.285,542.03,469.27,592.93,543.25,3765.4,50.9,73.98,0.688,False,,True,unattributed,9,evt_01-P05_desk_work_surface_0035,84f0b5c23f578507,pose_hand_context,,44318.7,3.04,,1,01/e1/v1,rtmpose_baseline
corpus_01,01.Candidate was found using a mobile phone in the examination hall..mkv,b842b03e5784d867e93770560d88150a526250df69077cd3065edbbd4c842098,dfine_sahi,79420.0,unknown_object,0.2586,590.37,469.56,660.94,570.81,7145.3,70.57,101.25,0.697,False,,True,unattributed,9,evt_01-P05_desk_work_surface_0035,84f0b5c23f578507,pose_hand_context,,44318.7,3.04,,1,01/e1/v1,rtmpose_baseline
corpus_01,01.Candidate was found using a mobile phone in the examination hall..mkv,b842b03e5784d867e93770560d88150a526250df69077cd3065edbbd4c842098,dfine_sahi,79500.0,unknown_object,0.7999,621.0,569.79,733.98,689.52,13527.2,112.97,119.74,0.944,False,,True,unattributed,9,evt_01-P01_upper_body_0007,7eac7081edfe6178,pose_hand_context,,44884.7,3.02,,1,01/e1/v1,rtmpose_baseline
corpus_01,01.Candidate was found using a mobile phone in the examination hall..mkv,b842b03e5784d867e93770560d88150a526250df69077cd3065edbbd4c842098,dfine_sahi,79500.0,unknown_object,0.5626,718.24,478.26,740.27,589.45,2449.3,22.03,111.19,0.198,False,,True,unattributed,9,evt_01-P01_upper_body_0007,7eac7081edfe6178,pose_hand_context,,44884.7,3.02,,1,01/e1/v1,rtmpose_baseline
corpus_01,01.Candidate was found using a mobile phone in the examination hall..mkv,b842b03e5784d867e93770560d88150a526250df69077cd3065edbbd4c842098,dfine_sahi,79500.0,unknown_object,0.4729,529.01,478.09,584.9,586.02,6031.9,55.89,107.93,0.518,False,,True,unattributed,9,evt_01-P01_upper_body_0007,7eac7081edfe6178,pose_hand_context,,44884.7,3.02,,1,01/e1/v1,rtmpose_baseline
corpus_01,01.Candidate was found using a mobile phone in the examination hall..mkv,b842b03e5784d867e93770560d88150a526250df69077cd3065edbbd4c842098,dfine_sahi,79500.0,unknown_object,0.4674,528.95,540.71,601.63,688.5,10740.9,72.68,147.79,0.492,False,,True,unattributed,9,evt_01-P01_upper_body_0007,7eac7081edfe6178,pose_hand_context,,44884.7,3.02,,1,01/e1/v1,rtmpose_baseline
corpus_01,01.Candidate was found using a mobile phone in the examination hall..mkv,b842b03e5784d867e93770560d88150a526250df69077cd3065edbbd4c842098,dfine_sahi,79500.0,unknown_object,0.4564,621.06,478.16,730.95,595.49,12893.7,109.89,117.33,0.937,False,,True,unattributed,9,evt_01-P01_upper_body_0007,7eac7081edfe6178,pose_hand_context,,44884.7,3.02,,1,01/e1/v1,rtmpose_baseline
corpus_01,01.Candidate was found using a mobile phone in the examination hall..mkv,b842b03e5784d867e93770560d88150a526250df69077cd3065edbbd4c842098,dfine_sahi,79500.0,unknown_object,0.399,556.58,540.53,604.25,587.99,2262.1,47.66,47.46,1.004,False,,True,unattributed,9,evt_01-P01_upper_body_0007,7eac7081edfe6178,pose_hand_context,,44884.7,3.02,,1,01/e1/v1,rtmpose_baseline
corpus_01,01.Candidate was found using a mobile phone in the examination hall..mkv,b842b03e5784d867e93770560d88150a526250df69077cd3065edbbd4c842098,dfine_sahi,79500.0,unknown_object,0.2631,597.43,549.28,613.39,574.11,396.1,15.96,24.83,0.643,False,,True,unattributed,9,evt_01-P01_upper_body_0007,7eac7081edfe6178,pose_hand_context,,44884.7,3.02,,1,01/e1/v1,rtmpose_baseline
corpus_01,01.Candidate was found using a mobile phone in the examination hall..mkv,b842b03e5784d867e93770560d88150a526250df69077cd3065edbbd4c842098,dfine_sahi,79540.0,unknown_object,0.5896,617.11,591.53,725.82,692.71,10998.4,108.71,101.17,1.075,False,,True,unattributed,9,evt_01-P03_desk_work_surface_0016,8bf8cbd629dee8c5,pose_hand_context,,43322.3,3.07,,1,01/e1/v1,rtmpose_baseline
corpus_01,01.Candidate was found using a mobile phone in the examination hall..mkv,b842b03e5784d867e93770560d88150a526250df69077cd3065edbbd4c842098,dfine_sahi,79540.0,unknown_object,0.5728,617.0,485.28,730.01,600.83,13058.9,113.01,115.56,0.978,False,,True,unattributed,9,evt_01-P03_desk_work_surface_0016,8bf8cbd629dee8c5,pose_hand_context,,43322.3,3.07,,1,01/e1/v1,rtmpose_baseline
corpus_01,01.Candidate was found using a mobile phone in the examination hall..mkv,b842b03e5784d867e93770560d88150a526250df69077cd3065edbbd4c842098,dfine_sahi,79540.0,bag,0.3854,526.03,541.83,598.84,691.46,10894.6,72.81,149.63,0.487,False,,True,unattributed,9,evt_01-P03_desk_work_surface_0016,8bf8cbd629dee8c5,pose_hand_context,,43322.3,3.07,,1,01/e1/v1,rtmpose_baseline
corpus_01,01.Candidate was found using a mobile phone in the examination hall..mkv,b842b03e5784d867e93770560d88150a526250df69077cd3065edbbd4c842098,dfine_sahi,79540.0,unknown_object,0.3426,532.98,485.76,580.55,562.9,3670.0,47.57,77.14,0.617,False,,True,unattributed,9,evt_01-P03_desk_work_surface_0016,8bf8cbd629dee8c5,pose_hand_context,,43322.3,3.07,,1,01/e1/v1,rtmpose_baseline
corpus_01,01.Candidate was found using a mobile phone in the examination hall..mkv,b842b03e5784d867e93770560d88150a526250df69077cd3065edbbd4c842098,dfine_sahi,79540.0,unknown_object,0.3393,555.01,541.31,604.02,606.81,3210.4,49.01,65.51,0.748,False,,True,unattributed,9,evt_01-P03_desk_work_surface_0016,8bf8cbd629dee8c5,pose_hand_context,,43322.3,3.07,,1,01/e1/v1,rtmpose_baseline
corpus_01,01.Candidate was found using a mobile phone in the examination hall..mkv,b842b03e5784d867e93770560d88150a526250df69077cd3065edbbd4c842098,dfine_sahi,79540.0,unknown_object,0.3019,589.0,550.57,606.85,576.56,463.9,17.85,25.99,0.687,False,,True,unattributed,9,evt_01-P03_desk_work_surface_0016,8bf8cbd629dee8c5,pose_hand_context,,43322.3,3.07,,1,01/e1/v1,rtmpose_baseline
corpus_01,01.Candidate was found using a mobile phone in the examination hall..mkv,b842b03e5784d867e93770560d88150a526250df69077cd3065edbbd4c842098,dfine_sahi,79540.0,unknown_object,0.2581,630.98,565.83,694.61,599.52,2144.0,63.63,33.7,1.888,False,,True,unattributed,9,evt_01-P03_desk_work_surface_0016,8bf8cbd629dee8c5,pose_hand_context,,43322.3,3.07,,1,01/e1/v1,rtmpose_baseline
corpus_01,01.Candidate was found using a mobile phone in the examination hall..mkv,b842b03e5784d867e93770560d88150a526250df69077cd3065edbbd4c842098,dfine_sahi,79540.0,unknown_object,0.2559,633.83,543.51,682.38,571.56,1362.2,48.55,28.06,1.731,False,,True,unattributed,9,evt_01-P03_desk_work_surface_0016,8bf8cbd629dee8c5,pose_hand_context,,43322.3,3.07,,1,01/e1/v1,rtmpose_baseline
corpus_01,01.Candidate was found using a mobile phone in the examination hall..mkv,b842b03e5784d867e93770560d88150a526250df69077cd3065edbbd4c842098,dfine_sahi,79940.0,unknown_object,0.8049,548.04,624.16,651.98,719.1,9868.9,103.94,94.94,1.095,False,,True,unattributed,9,evt_01-P01_desk_work_surface_0003,69e175d70f405a8f,pose_hand_context,,27010.2,3.43,,1,01/e1/v1,rtmpose_baseline
corpus_01,01.Candidate was found using a mobile phone in the examination hall..mkv,b842b03e5784d867e93770560d88150a526250df69077cd3065edbbd4c842098,dfine_sahi,79940.0,unknown_object,0.6873,547.94,567.0,651.88,662.22,9897.0,103.94,95.22,1.092,False,,True,unattributed,9,evt_01-P01_desk_work_surface_0003,69e175d70f405a8f,pose_hand_context,,27010.2,3.43,,1,01/e1/v1,rtmpose_baseline
corpus_01,01.Candidate was found using a mobile phone in the examination hall..mkv,b842b03e5784d867e93770560d88150a526250df69077cd3065edbbd4c842098,dfine_sahi,79940.0,keyboard,0.5467,466.01,567.16,515.93,648.75,4073.1,49.92,81.59,0.612,False,,True,unattributed,9,evt_01-P01_desk_work_surface_0003,69e175d70f405a8f,pose_hand_context,,27010.2,3.43,,1,01/e1/v1,rtmpose_baseline
corpus_01,01.Candidate was found using a mobile phone in the examination hall..mkv,b842b03e5784d867e93770560d88150a526250df69077cd3065edbbd4c842098,dfine_sahi,79940.0,unknown_object,0.4519,507.55,566.96,570.98,661.86,6018.9,63.42,94.9,0.668,False,,True,unattributed,9,evt_01-P01_desk_work_surface_0003,69e175d70f405a8f,pose_hand_context,,27010.2,3.43,,1,01/e1/v1,rtmpose_baseline
corpus_01,01.Candidate was found using a mobile phone in the examination hall..mkv,b842b03e5784d867e93770560d88150a526250df69077cd3065edbbd4c842098,dfine_sahi,79940.0,unknown_object,0.4476,537.91,677.84,571.0,719.23,1369.6,33.09,41.39,0.8,False,,True,unattributed,9,evt_01-P01_desk_work_surface_0003,69e175d70f405a8f,pose_hand_context,,27010.2,3.43,,1,01/e1/v1,rtmpose_baseline
corpus_01,01.Candidate was found using a mobile phone in the examination hall..mkv,b842b03e5784d867e93770560d88150a526250df69077cd3065edbbd4c842098,dfine_sahi,79940.0,unknown_object,0.3623,518.06,624.13,570.91,668.8,2360.8,52.85,44.67,1.183,False,,True,unattributed,9,evt_01-P01_desk_work_surface_0003,69e175d70f405a8f,pose_hand_context,,27010.2,3.43,,1,01/e1/v1,rtmpose_baseline
corpus_01,01.Candidate was found using a mobile phone in the examination hall..mkv,b842b03e5784d867e93770560d88150a526250df69077cd3065edbbd4c842098,dfine_sahi,79940.0,stationery,0.3417,466.02,567.06,511.07,618.03,2296.5,45.05,50.97,0.884,False,,True,unattributed,9,evt_01-P01_desk_work_surface_0003,69e175d70f405a8f,pose_hand_context,,27010.2,3.43,,1,01/e1/v1,rtmpose_baseline
corpus_01,01.Candidate was found using a mobile phone in the examination hall..mkv,b842b03e5784d867e93770560d88150a526250df69077cd3065edbbd4c842098,dfine_sahi,79940.0,unknown_object,0.334,512.0,653.58,570.95,684.57,1827.1,58.95,31.0,1.902,False,,True,unattributed,9,evt_01-P01_desk_work_surface_0003,69e175d70f405a8f,pose_hand_context,,27010.2,3.43,,1,01/e1/v1,rtmpose_baseline
corpus_01,01.Candidate was found using a mobile phone in the examination hall..mkv,b842b03e5784d867e93770560d88150a526250df69077cd3065edbbd4c842098,dfine_sahi,79940.0,phone,0.3174,465.99,575.23,515.59,647.8,3599.7,49.6,72.58,0.683,False,,True,unattributed,9,evt_01-P01_desk_work_surface_0003,69e175d70f405a8f,pose_hand_context,,27010.2,3.43,,1,01/e1/v1,rtmpose_baseline
corpus_01,01.Candidate was found using a mobile phone in the examination hall..mkv,b842b03e5784d867e93770560d88150a526250df69077cd3065edbbd4c842098,dfine_sahi,79940.0,unknown_object,0.3014,548.16,672.97,631.19,719.35,3851.0,83.03,46.38,1.79,False,,True,unattributed,9,evt_01-P01_desk_work_surface_0003,69e175d70f405a8f,pose_hand_context,,27010.2,3.43,,1,01/e1/v1,rtmpose_baseline
corpus_01,01.Candidate was found using a mobile phone in the examination hall..mkv,b842b03e5784d867e93770560d88150a526250df69077cd3065edbbd4c842098,dfine_sahi,79940.0,unknown_object,0.2527,466.03,639.99,549.88,708.71,5761.9,83.85,68.71,1.22,False,,True,unattributed,9,evt_01-P01_desk_work_surface_0003,69e175d70f405a8f,pose_hand_context,,27010.2,3.43,,1,01/e1/v1,rtmpose_baseline
corpus_01,01.Candidate was found using a mobile phone in the examination hall..mkv,b842b03e5784d867e93770560d88150a526250df69077cd3065edbbd4c842098,dfine_sahi,79980.0,unknown_object,0.7922,534.97,571.1,641.84,665.99,10140.9,106.87,94.89,1.126,False,,True,unattributed,9,evt_01-P04_desk_work_surface_0026,6dbfe88e23c4f19e,pose_hand_context,,26453.0,3.36,,1,01/e1/v1,rtmpose_baseline
corpus_01,01.Candidate was found using a mobile phone in the examination hall..mkv,b842b03e5784d867e93770560d88150a526250df69077cd3065edbbd4c842098,dfine_sahi,79980.0,unknown_object,0.7891,535.03,624.26,641.99,718.96,10129.4,106.96,94.7,1.129,False,,True,unattributed,9,evt_01-P04_desk_work_surface_0026,6dbfe88e23c4f19e,pose_hand_context,,26453.0,3.36,,1,01/e1/v1,rtmpose_baseline
corpus_01,01.Candidate was found using a mobile phone in the examination hall..mkv,b842b03e5784d867e93770560d88150a526250df69077cd3065edbbd4c842098,dfine_sahi,79980.0,unknown_object,0.4712,452.0,571.16,508.8,657.23,4887.9,56.79,86.07,0.66,False,,True,unattributed,9,evt_01-P04_desk_work_surface_0026,6dbfe88e23c4f19e,pose_hand_context,,26453.0,3.36,,1,01/e1/v1,rtmpose_baseline
corpus_01,01.Candidate was found using a mobile phone in the examination hall..mkv,b842b03e5784d867e93770560d88150a526250df69077cd3065edbbd4c842098,dfine_sahi,79980.0,unknown_object,0.3962,452.02,623.6,558.97,719.36,10242.1,106.95,95.77,1.117,False,,True,unattributed,9,evt_01-P04_desk_work_surface_0026,6dbfe88e23c4f19e,pose_hand_context,,26453.0,3.36,,1,01/e1/v1,rtmpose_baseline
corpus_01,01.Candidate was found using a mobile phone in the examination hall..mkv,b842b03e5784d867e93770560d88150a526250df69077cd3065edbbd4c842098,dfine_sahi,79980.0,unknown_object,0.3489,535.09,680.42,641.98,719.31,4156.8,106.89,38.89,2.749,False,,True,unattributed,9,evt_01-P04_desk_work_surface_0026,6dbfe88e23c4f19e,pose_hand_context,,26453.0,3.36,,1,01/e1/v1,rtmpose_baseline
corpus_01,01.Candidate was found using a mobile phone in the examination hall..mkv,b842b03e5784d867e93770560d88150a526250df69077cd3065edbbd4c842098,dfine_sahi,79980.0,stationery,0.3091,452.01,655.51,536.89,712.68,4852.7,84.88,57.17,1.485,False,,True,unattributed,9,evt_01-P04_desk_work_surface_0026,6dbfe88e23c4f19e,pose_hand_context,,26453.0,3.36,,1,01/e1/v1,rtmpose_baseline
corpus_01,01.Candidate was found using a mobile phone in the examination hall..mkv,b842b03e5784d867e93770560d88150a526250df69077cd3065edbbd4c842098,dfine_sahi,79980.0,unknown_object,0.3012,489.87,624.59,559.02,688.9,4447.3,69.15,64.31,1.075,False,,True,unattributed,9,evt_01-P04_desk_work_surface_0026,6dbfe88e23c4f19e,pose_hand_context,,26453.0,3.36,,1,01/e1/v1,rtmpose_baseline
corpus_01,01.Candidate was found using a mobile phone in the examination hall..mkv,b842b03e5784d867e93770560d88150a526250df69077cd3065edbbd4c842098,dfine_sahi,79980.0,unknown_object,0.2759,600.15,624.65,641.97,687.87,2643.8,41.82,63.22,0.662,False,,True,unattributed,9,evt_01-P04_desk_work_surface_0026,6dbfe88e23c4f19e,pose_hand_context,,26453.0,3.36,,1,01/e1/v1,rtmpose_baseline
corpus_01,01.Candidate was found using a mobile phone in the examination hall..mkv,b842b03e5784d867e93770560d88150a526250df69077cd3065edbbd4c842098,dfine_sahi,79980.0,unknown_object,0.2572,541.84,594.65,585.8,634.89,1768.6,43.95,40.24,1.092,False,,True,unattributed,9,evt_01-P04_desk_work_surface_0026,6dbfe88e23c4f19e,pose_hand_context,,26453.0,3.36,,1,01/e1/v1,rtmpose_baseline
corpus_01,01.Candidate was found using a mobile phone in the examination hall..mkv,b842b03e5784d867e93770560d88150a526250df69077cd3065edbbd4c842098,dfine_sahi,80420.0,phone,0.7956,316.08,624.21,411.91,719.48,9129.6,95.83,95.27,1.006,False,,True,unattributed,9,evt_01-P05_desk_work_surface_0035,b276b66e760bafd2,pose_hand_context,,14298.4,4.14,,1,01/e1/v1,rtmpose_baseline
corpus_01,01.Candidate was found using a mobile phone in the examination hall..mkv,b842b03e5784d867e93770560d88150a526250df69077cd3065edbbd4c842098,dfine_sahi,80420.0,unknown_object,0.454,398.07,605.3,480.05,700.41,7796.3,81.98,95.1,0.862,False,,True,unattributed,9,evt_01-P05_desk_work_surface_0035,b276b66e760bafd2,pose_hand_context,,14298.4,4.14,,1,01/e1/v1,rtmpose_baseline
corpus_01,01.Candidate was found using a mobile phone in the examination hall..mkv,b842b03e5784d867e93770560d88150a526250df69077cd3065edbbd4c842098,dfine_sahi,80420.0,monitor_or_bezel,0.4278,384.02,611.33,411.08,658.21,1268.6,27.06,46.88,0.577,False,,True,unattributed,9,evt_01-P05_desk_work_surface_0035,b276b66e760bafd2,pose_hand_context,,14298.4,4.14,,1,01/e1/v1,rtmpose_baseline
corpus_01,01.Candidate was found using a mobile phone in the examination hall..mkv,b842b03e5784d867e93770560d88150a526250df69077cd3065edbbd4c842098,dfine_sahi,80420.0,unknown_object,0.415,321.02,627.81,411.75,718.96,8269.5,90.73,91.14,0.995,False,,True,unattributed,9,evt_01-P05_desk_work_surface_0035,b276b66e760bafd2,pose_hand_context,,14298.4,4.14,,1,01/e1/v1,rtmpose_baseline
corpus_01,01.Candidate was found using a mobile phone in the examination hall..mkv,b842b03e5784d867e93770560d88150a526250df69077cd3065edbbd4c842098,dfine_sahi,80420.0,unknown_object,0.3633,438.84,672.35,457.1,692.03,359.4,18.26,19.68,0.928,False,,True,unattributed,9,evt_01-P05_desk_work_surface_0035,b276b66e760bafd2,pose_hand_context,,14298.4,4.14,,1,01/e1/v1,rtmpose_baseline
corpus_01,01.Candidate was found using a mobile phone in the examination hall..mkv,b842b03e5784d867e93770560d88150a526250df69077cd3065edbbd4c842098,dfine_sahi,80420.0,unknown_object,0.3447,456.6,679.36,479.97,700.87,502.7,23.38,21.5,1.087,False,,True,unattributed,9,evt_01-P05_desk_work_surface_0035,b276b66e760bafd2,pose_hand_context,,14298.4,4.14,,1,01/e1/v1,rtmpose_baseline
corpus_01,01.Candidate was found using a mobile phone in the examination hall..mkv,b842b03e5784d867e93770560d88150a526250df69077cd3065edbbd4c842098,dfine_sahi,80420.0,unknown_object,0.2817,439.14,679.49,479.98,719.76,1644.6,40.84,40.27,1.014,False,,True,unattributed,9,evt_01-P05_desk_work_surface_0035,b276b66e760bafd2,pose_hand_context,,14298.4,4.14,,1,01/e1/v1,rtmpose_baseline
corpus_01,01.Candidate was found using a mobile phone in the examination hall..mkv,b842b03e5784d867e93770560d88150a526250df69077cd3065edbbd4c842098,dfine_sahi,80500.0,phone,0.5987,286.01,632.28,303.09,661.49,498.9,17.08,29.21,0.585,False,,True,unattributed,9,evt_01-P01_upper_body_0007,6cbdc754738a46fd,pose_hand_context,,8126.6,5.28,,1,01/e1/v1,rtmpose_baseline
corpus_01,01.Candidate was found using a mobile phone in the examination hall..mkv,b842b03e5784d867e93770560d88150a526250df69077cd3065edbbd4c842098,dfine_sahi,80500.0,phone,0.5347,309.28,652.68,381.92,719.62,4863.3,72.64,66.95,1.085,False,,True,unattributed,9,evt_01-P01_upper_body_0007,6cbdc754738a46fd,pose_hand_context,,8126.6,5.28,,1,01/e1/v1,rtmpose_baseline
corpus_01,01.Candidate was found using a mobile phone in the examination hall..mkv,b842b03e5784d867e93770560d88150a526250df69077cd3065edbbd4c842098,dfine_sahi,80500.0,unknown_object,0.4179,310.98,651.07,386.42,719.34,5150.1,75.44,68.27,1.105,False,,True,unattributed,9,evt_01-P01_upper_body_0007,6cbdc754738a46fd,pose_hand_context,,8126.6,5.28,,1,01/e1/v1,rtmpose_baseline
corpus_01,01.Candidate was found using a mobile phone in the examination hall..mkv,b842b03e5784d867e93770560d88150a526250df69077cd3065edbbd4c842098,dfine_sahi,80500.0,mouse,0.3798,285.98,679.89,297.33,702.71,258.9,11.34,22.82,0.497,False,,True,unattributed,9,evt_01-P01_upper_body_0007,6cbdc754738a46fd,pose_hand_context,,8126.6,5.28,,1,01/e1/v1,rtmpose_baseline
corpus_01,01.Candidate was found using a mobile phone in the examination hall..mkv,b842b03e5784d867e93770560d88150a526250df69077cd3065edbbd4c842098,dfine_sahi,80500.0,monitor_or_bezel,0.3466,286.0,623.48,381.94,718.64,9129.9,95.95,95.16,1.008,False,,True,unattributed,9,evt_01-P01_upper_body_0007,6cbdc754738a46fd,pose_hand_context,,8126.6,5.28,,1,01/e1/v1,rtmpose_baseline
corpus_01,01.Candidate was found using a mobile phone in the examination hall..mkv,b842b03e5784d867e93770560d88150a526250df69077cd3065edbbd4c842098,dfine_sahi,80500.0,unknown_object,0.2953,300.2,624.0,420.85,719.19,11485.1,120.65,95.19,1.267,False,,True,unattributed,9,evt_01-P01_upper_body_0007,6cbdc754738a46fd,pose_hand_context,,8126.6,5.28,,1,01/e1/v1,rtmpose_baseline
corpus_01,01.Candidate was found using a mobile phone in the examination hall..mkv,b842b03e5784d867e93770560d88150a526250df69077cd3065edbbd4c842098,dfine_sahi,80500.0,unknown_object,0.2646,374.96,624.21,434.96,719.36,5709.3,60.0,95.15,0.631,False,,True,unattributed,9,evt_01-P01_upper_body_0007,6cbdc754738a46fd,pose_hand_context,,8126.6,5.28,,1,01/e1/v1,rtmpose_baseline
corpus_01,01.Candidate was found using a mobile phone in the examination hall..mkv,b842b03e5784d867e93770560d88150a526250df69077cd3065edbbd4c842098,dfine_sahi,80500.0,phone,0.2585,286.0,642.55,294.57,659.08,141.5,8.56,16.52,0.518,False,,True,unattributed,9,evt_01-P01_upper_body_0007,6cbdc754738a46fd,pose_hand_context,,8126.6,5.28,,1,01/e1/v1,rtmpose_baseline
corpus_01,01.Candidate was found using a mobile phone in the examination hall..mkv,b842b03e5784d867e93770560d88150a526250df69077cd3065edbbd4c842098,dfine_sahi,80540.0,unknown_object,0.6934,323.45,526.65,426.87,629.31,10617.9,103.42,102.67,1.007,False,,True,unattributed,9,evt_01-P03_desk_work_surface_0016,ea273c6a1265ed0d,native_source_context_fallback,no_pose_observation,35339.7,3.34,,1,01/e1/v1,
corpus_01,01.Candidate was found using a mobile phone in the examination hall..mkv,b842b03e5784d867e93770560d88150a526250df69077cd3065edbbd4c842098,dfine_sahi,80540.0,unknown_object,0.5623,403.89,634.83,505.88,716.81,8360.7,101.99,81.98,1.244,False,,True,unattributed,9,evt_01-P03_desk_work_surface_0016,ea273c6a1265ed0d,native_source_context_fallback,no_pose_observation,35339.7,3.34,,1,01/e1/v1,
corpus_01,01.Candidate was found using a mobile phone in the examination hall..mkv,b842b03e5784d867e93770560d88150a526250df69077cd3065edbbd4c842098,dfine_sahi,80540.0,phone,0.5462,323.5,661.88,375.62,713.57,2693.6,52.11,51.69,1.008,False,,True,unattributed,9,evt_01-P03_desk_work_surface_0016,ea273c6a1265ed0d,native_source_context_fallback,no_pose_observation,35339.7,3.34,,1,01/e1/v1,
corpus_01,01.Candidate was found using a mobile phone in the examination hall..mkv,b842b03e5784d867e93770560d88150a526250df69077cd3065edbbd4c842098,dfine_sahi,80540.0,unknown_object,0.459,404.06,526.16,506.84,632.36,10915.5,102.78,106.2,0.968,False,,True,unattributed,9,evt_01-P03_desk_work_surface_0016,ea273c6a1265ed0d,native_source_context_fallback,no_pose_observation,35339.7,3.34,,1,01/e1/v1,
corpus_01,01.Candidate was found using a mobile phone in the examination hall..mkv,b842b03e5784d867e93770560d88150a526250df69077cd3065edbbd4c842098,dfine_sahi,80540.0,monitor_or_bezel,0.4003,427.46,526.11,506.91,587.95,4913.9,79.45,61.85,1.285,False,,True,unattributed,9,evt_01-P03_desk_work_surface_0016,ea273c6a1265ed0d,native_source_context_fallback,no_pose_observation,35339.7,3.34,,1,01/e1/v1,
corpus_01,01.Candidate was found using a mobile phone in the examination hall..mkv,b842b03e5784d867e93770560d88150a526250df69077cd3065edbbd4c842098,dfine_sahi,80540.0,unknown_object,0.3584,322.82,526.3,507.48,715.19,34881.4,184.67,188.89,0.978,False,,True,unattributed,9,evt_01-P03_desk_work_surface_0016,ea273c6a1265ed0d,native_source_context_fallback,no_pose_observation,35339.7,3.34,,1,01/e1/v1,
corpus_01,01.Candidate was found using a mobile phone in the examination hall..mkv,b842b03e5784d867e93770560d88150a526250df69077cd3065edbbd4c842098,dfine_sahi,80540.0,unknown_object,0.2824,421.02,704.46,445.62,716.98,308.1,24.61,12.52,1.966,False,,True,unattributed,9,evt_01-P03_desk_work_surface_0016,ea273c6a1265ed0d,native_source_context_fallback,no_pose_observation,35339.7,3.34,,1,01/e1/v1,
corpus_01,01.Candidate was found using a mobile phone in the examination hall..mkv,b842b03e5784d867e93770560d88150a526250df69077cd3065edbbd4c842098,dfine_sahi,80540.0,unknown_object,0.2659,346.41,610.04,404.76,627.39,1012.4,58.36,17.35,3.364,False,,True,unattributed,9,evt_01-P03_desk_work_surface_0016,ea273c6a1265ed0d,native_source_context_fallback,no_pose_observation,35339.7,3.34,,1,01/e1/v1,
corpus_01,01.Candidate was found using a mobile phone in the examination hall..mkv,b842b03e5784d867e93770560d88150a526250df69077cd3065edbbd4c842098,dfine_sahi,80540.0,unknown_object,0.2587,404.33,694.68,420.5,711.18,266.8,16.17,16.5,0.98,False,,True,unattributed,9,evt_01-P03_desk_work_surface_0016,ea273c6a1265ed0d,native_source_context_fallback,no_pose_observation,35339.7,3.34,,1,01/e1/v1,
corpus_01,01.Candidate was found using a mobile phone in the examination hall..mkv,b842b03e5784d867e93770560d88150a526250df69077cd3065edbbd4c842098,dfine_sahi,80940.0,unknown_object,0.4784,274.99,624.17,370.9,719.45,9137.7,95.9,95.28,1.007,False,,True,unattributed,9,evt_01-P01_desk_work_surface_0003,f5f72f3579b74937,native_source_context_fallback,no_pose_observation,19180.7,4.19,,1,01/e1/v1,
corpus_01,01.Candidate was found using a mobile phone in the examination hall..mkv,b842b03e5784d867e93770560d88150a526250df69077cd3065edbbd4c842098,dfine_sahi,80940.0,unknown_object,0.4672,214.01,594.12,278.94,675.4,5277.3,64.92,81.28,0.799,False,,True,unattributed,9,evt_01-P01_desk_work_surface_0003,f5f72f3579b74937,native_source_context_fallback,no_pose_observation,19180.7,4.19,,1,01/e1/v1,
corpus_01,01.Candidate was found using a mobile phone in the examination hall..mkv,b842b03e5784d867e93770560d88150a526250df69077cd3065edbbd4c842098,dfine_sahi,80940.0,unknown_object,0.4665,280.12,694.18,356.55,717.52,1783.5,76.43,23.33,3.276,False,,True,unattributed,9,evt_01-P01_desk_work_surface_0003,f5f72f3579b74937,native_source_context_fallback,no_pose_observation,19180.7,4.19,,1,01/e1/v1,
corpus_01,01.Candidate was found using a mobile phone in the examination hall..mkv,b842b03e5784d867e93770560d88150a526250df69077cd3065edbbd4c842098,dfine_sahi,80940.0,unknown_object,0.4154,296.0,589.34,370.94,672.72,6248.4,74.94,83.38,0.899,False,,True,unattributed,9,evt_01-P01_desk_work_surface_0003,f5f72f3579b74937,native_source_context_fallback,no_pose_observation,19180.7,4.19,,1,01/e1/v1,
corpus_01,01.Candidate was found using a mobile phone in the examination hall..mkv,b842b03e5784d867e93770560d88150a526250df69077cd3065edbbd4c842098,dfine_sahi,80940.0,unknown_object,0.3519,213.49,593.46,366.06,699.9,16239.9,152.57,106.44,1.433,False,,True,unattributed,9,evt_01-P01_desk_work_surface_0003,f5f72f3579b74937,native_source_context_fallback,no_pose_observation,19180.7,4.19,,1,01/e1/v1,
corpus_01,01.Candidate was found using a mobile phone in the examination hall..mkv,b842b03e5784d867e93770560d88150a526250df69077cd3065edbbd4c842098,dfine_sahi,80940.0,unknown_object,0.3515,226.0,597.42,238.99,641.98,579.0,12.99,44.56,0.292,False,,True,unattributed,9,evt_01-P01_desk_work_surface_0003,f5f72f3579b74937,native_source_context_fallback,no_pose_observation,19180.7,4.19,,1,01/e1/v1,
corpus_01,01.Candidate was found using a mobile phone in the examination hall..mkv,b842b03e5784d867e93770560d88150a526250df69077cd3065edbbd4c842098,dfine_sahi,80940.0,unknown_object,0.3433,248.48,600.4,261.56,651.67,670.5,13.08,51.27,0.255,False,,True,unattributed,9,evt_01-P01_desk_work_surface_0003,f5f72f3579b74937,native_source_context_fallback,no_pose_observation,19180.7,4.19,,1,01/e1/v1,
corpus_01,01.Candidate was found using a mobile phone in the examination hall..mkv,b842b03e5784d867e93770560d88150a526250df69077cd3065edbbd4c842098,dfine_sahi,80940.0,unknown_object,0.3149,213.53,609.49,226.48,665.7,728.2,12.95,56.22,0.23,False,,True,unattributed,9,evt_01-P01_desk_work_surface_0003,f5f72f3579b74937,native_source_context_fallback,no_pose_observation,19180.7,4.19,,1,01/e1/v1,
corpus_01,01.Candidate was found using a mobile phone in the examination hall..mkv,b842b03e5784d867e93770560d88150a526250df69077cd3065edbbd4c842098,dfine_sahi,80940.0,unknown_object,0.2807,208.08,654.74,303.94,719.71,6227.8,95.86,64.97,1.476,False,,True,unattributed,9,evt_01-P01_desk_work_surface_0003,f5f72f3579b74937,native_source_context_fallback,no_pose_observation,19180.7,4.19,,1,01/e1/v1,
corpus_01,01.Candidate was found using a mobile phone in the examination hall..mkv,b842b03e5784d867e93770560d88150a526250df69077cd3065edbbd4c842098,dfine_sahi,80940.0,unknown_object,0.2607,237.82,594.45,249.67,640.39,543.9,11.84,45.94,0.258,False,,True,unattributed,9,evt_01-P01_desk_work_surface_0003,f5f72f3579b74937,native_source_context_fallback,no_pose_observation,19180.7,4.19,,1,01/e1/v1,
corpus_01,01.Candidate was found using a mobile phone in the examination hall..mkv,b842b03e5784d867e93770560d88150a526250df69077cd3065edbbd4c842098,dfine_sahi,80980.0,unknown_object,0.6995,204.78,594.13,355.96,717.96,18719.8,151.18,123.83,1.221,False,,True,unattributed,9,evt_01-P04_desk_work_surface_0026,66771097af49150f,native_source_context_fallback,no_pose_observation,19045.2,4.19,,1,01/e1/v1,
corpus_01,01.Candidate was found using a mobile phone in the examination hall..mkv,b842b03e5784d867e93770560d88150a526250df69077cd3065edbbd4c842098,dfine_sahi,80980.0,unknown_object,0.4806,205.4,594.96,273.88,676.41,5577.4,68.48,81.45,0.841,False,,True,unattributed,9,evt_01-P04_desk_work_surface_0026,66771097af49150f,native_source_context_fallback,no_pose_observation,19045.2,4.19,,1,01/e1/v1,
corpus_01,01.Candidate was found using a mobile phone in the examination hall..mkv,b842b03e5784d867e93770560d88150a526250df69077cd3065edbbd4c842098,dfine_sahi,80980.0,unknown_object,0.4655,265.02,624.16,359.18,700.33,7171.8,94.16,76.17,1.236,False,,True,unattributed,9,evt_01-P04_desk_work_surface_0026,66771097af49150f,native_source_context_fallback,no_pose_observation,19045.2,4.19,,1,01/e1/v1,
corpus_01,01.Candidate was found using a mobile phone in the examination hall..mkv,b842b03e5784d867e93770560d88150a526250df69077cd3065edbbd4c842098,dfine_sahi,80980.0,unknown_object,0.4424,268.82,699.84,341.57,718.52,1359.3,72.75,18.69,3.893,False,,True,unattributed,9,evt_01-P04_desk_work_surface_0026,66771097af49150f,native_source_context_fallback,no_pose_observation,19045.2,4.19,,1,01/e1/v1,
corpus_01,01.Candidate was found using a mobile phone in the examination hall..mkv,b842b03e5784d867e93770560d88150a526250df69077cd3065edbbd4c842098,dfine_sahi,80980.0,unknown_object,0.3617,219.42,595.32,243.22,637.31,999.3,23.8,41.98,0.567,False,,True,unattributed,9,evt_01-P04_desk_work_surface_0026,66771097af49150f,native_source_context_fallback,no_pose_observation,19045.2,4.19,,1,01/e1/v1,
corpus_01,01.Candidate was found using a mobile phone in the examination hall..mkv,b842b03e5784d867e93770560d88150a526250df69077cd3065edbbd4c842098,dfine_sahi,80980.0,unknown_object,0.331,286.36,581.66,360.98,676.21,7055.8,74.63,94.54,0.789,False,,True,unattributed,9,evt_01-P04_desk_work_surface_0026,66771097af49150f,native_source_context_fallback,no_pose_observation,19045.2,4.19,,1,01/e1/v1,
corpus_01,01.Candidate was found using a mobile phone in the examination hall..mkv,b842b03e5784d867e93770560d88150a526250df69077cd3065edbbd4c842098,dfine_sahi,80980.0,unknown_object,0.3181,243.45,600.83,256.93,656.71,752.8,13.47,55.88,0.241,False,,True,unattributed,9,evt_01-P04_desk_work_surface_0026,66771097af49150f,native_source_context_fallback,no_pose_observation,19045.2,4.19,,1,01/e1/v1,
corpus_01,01.Candidate was found using a mobile phone in the examination hall..mkv,b842b03e5784d867e93770560d88150a526250df69077cd3065edbbd4c842098,dfine_sahi,80980.0,unknown_object,0.2736,205.48,608.45,218.98,674.69,894.2,13.5,66.24,0.204,False,,True,unattributed,9,evt_01-P04_desk_work_surface_0026,66771097af49150f,native_source_context_fallback,no_pose_observation,19045.2,4.19,,1,01/e1/v1,
corpus_01,01.Candidate was found using a mobile phone in the examination hall..mkv,b842b03e5784d867e93770560d88150a526250df69077cd3065edbbd4c842098,dfine_sahi,81420.0,phone,0.5653,207.47,624.08,238.95,671.02,1477.6,31.48,46.94,0.671,False,,True,unattributed,9,evt_01-P05_desk_work_surface_0035,5465043bfa330230,native_source_context_fallback,no_pose_observation,11255.8,3.47,,1,01/e1/v1,
corpus_01,01.Candidate was found using a mobile phone in the examination hall..mkv,b842b03e5784d867e93770560d88150a526250df69077cd3065edbbd4c842098,dfine_sahi,81420.0,monitor_or_bezel,0.4815,207.14,624.21,238.96,671.39,1501.5,31.82,47.19,0.674,False,,True,unattributed,9,evt_01-P05_desk_work_surface_0035,5465043bfa330230,native_source_context_fallback,no_pose_observation,11255.8,3.47,,1,01/e1/v1,
corpus_01,01.Candidate was found using a mobile phone in the examination hall..mkv,b842b03e5784d867e93770560d88150a526250df69077cd3065edbbd4c842098,dfine_sahi,81420.0,unknown_object,0.4653,56.24,659.33,139.66,719.32,5004.4,83.42,59.99,1.391,False,,True,unattributed,9,evt_01-P05_desk_work_surface_0035,5465043bfa330230,native_source_context_fallback,no_pose_observation,11255.8,3.47,,1,01/e1/v1,
corpus_01,01.Candidate was found using a mobile phone in the examination hall..mkv,b842b03e5784d867e93770560d88150a526250df69077cd3065edbbd4c842098,dfine_sahi,81420.0,unknown_object,0.4447,165.73,692.74,237.23,719.56,1917.6,71.5,26.82,2.666,False,,True,unattributed,9,evt_01-P05_desk_work_surface_0035,5465043bfa330230,native_source_context_fallback,no_pose_observation,11255.8,3.47,,1,01/e1/v1,
corpus_01,01.Candidate was found using a mobile phone in the examination hall..mkv,b842b03e5784d867e93770560d88150a526250df69077cd3065edbbd4c842098,dfine_sahi,81420.0,unknown_object,0.3222,136.01,623.81,238.97,719.46,9848.4,102.96,95.65,1.076,False,,True,unattributed,9,evt_01-P05_desk_work_surface_0035,5465043bfa330230,native_source_context_fallback,no_pose_observation,11255.8,3.47,,1,01/e1/v1,
corpus_01,01.Candidate was found using a mobile phone in the examination hall..mkv,b842b03e5784d867e93770560d88150a526250df69077cd3065edbbd4c842098,dfine_sahi,81420.0,unknown_object,0.6084,54.58,659.07,134.88,719.47,4850.8,80.3,60.41,1.329,False,,True,unattributed,19,evt_01-P05_desk_work_surface_0035,8b2fe0173b88e467,native_source_context_fallback,no_pose_observation,6908.6,5.64,,1,01/e1/v1,
corpus_01,01.Candidate was found using a mobile phone in the examination hall..mkv,b842b03e5784d867e93770560d88150a526250df69077cd3065edbbd4c842098,dfine_sahi,81420.0,unknown_object,0.3849,94.93,680.44,134.99,719.8,1576.7,40.06,39.36,1.018,False,,True,unattributed,19,evt_01-P05_desk_work_surface_0035,8b2fe0173b88e467,native_source_context_fallback,no_pose_observation,6908.6,5.64,,1,01/e1/v1,
corpus_01,01.Candidate was found using a mobile phone in the examination hall..mkv,b842b03e5784d867e93770560d88150a526250df69077cd3065edbbd4c842098,dfine_sahi,81420.0,unknown_object,0.2736,39.01,624.08,76.49,642.27,681.7,37.49,18.19,2.061,False,,True,unattributed,19,evt_01-P05_desk_work_surface_0035,8b2fe0173b88e467,native_source_context_fallback,no_pose_observation,6908.6,5.64,,1,01/e1/v1,
corpus_01,01.Candidate was found using a mobile phone in the examination hall..mkv,b842b03e5784d867e93770560d88150a526250df69077cd3065edbbd4c842098,dfine_sahi,81500.0,unknown_object,0.4555,157.36,701.38,217.86,719.64,1105.0,60.5,18.26,3.313,False,,True,unattributed,9,evt_01-P01_upper_body_0007,ae826232a0ffec3d,native_source_context_fallback,no_pose_observation,9820.9,3.59,,1,01/e1/v1,
corpus_01,01.Candidate was found using a mobile phone in the examination hall..mkv,b842b03e5784d867e93770560d88150a526250df69077cd3065edbbd4c842098,dfine_sahi,81500.0,unknown_object,0.3862,71.27,699.74,134.59,719.66,1260.9,63.32,19.91,3.18,False,,True,unattributed,9,evt_01-P01_upper_body_0007,ae826232a0ffec3d,native_source_context_fallback,no_pose_observation,9820.9,3.59,,1,01/e1/v1,
corpus_01,01.Candidate was found using a mobile phone in the examination hall..mkv,b842b03e5784d867e93770560d88150a526250df69077cd3065edbbd4c842098,dfine_sahi,81500.0,unknown_object,0.2983,40.31,665.91,142.13,719.28,5433.9,101.82,53.37,1.908,False,,True,unattributed,9,evt_01-P01_upper_body_0007,ae826232a0ffec3d,native_source_context_fallback,no_pose_observation,9820.9,3.59,,1,01/e1/v1,
corpus_01,01.Candidate was found using a mobile phone in the examination hall..mkv,b842b03e5784d867e93770560d88150a526250df69077cd3065edbbd4c842098,dfine_sahi,81500.0,unknown_object,0.2895,40.03,624.06,75.84,642.25,651.3,35.81,18.19,1.969,False,,True,unattributed,19,evt_01-P01_upper_body_0007,d4f9fb054db4fe6f,native_source_context_fallback,no_pose_observation,5707.0,6.1,,1,01/e1/v1,
corpus_01,01.Candidate was found using a mobile phone in the examination hall..mkv,b842b03e5784d867e93770560d88150a526250df69077cd3065edbbd4c842098,dfine_sahi,81500.0,unknown_object,0.2673,70.76,699.59,138.05,719.63,1348.3,67.29,20.04,3.358,False,,True,unattributed,19,evt_01-P01_upper_body_0007,d4f9fb054db4fe6f,native_source_context_fallback,no_pose_observation,5707.0,6.1,,1,01/e1/v1,
corpus_01,01.Candidate was found using a mobile phone in the examination hall..mkv,b842b03e5784d867e93770560d88150a526250df69077cd3065edbbd4c842098,dfine_sahi,92100.0,unknown_object,0.8045,531.14,628.43,691.87,718.83,14531.2,160.74,90.4,1.778,False,,True,unattributed,20,evt_01-P01_desk_work_surface_0004,86b0c4045365dd48,pose_hand_context,,64060.1,2.23,,1,01/e1/v1,rtmpose_baseline
corpus_01,01.Candidate was found using a mobile phone in the examination hall..mkv,b842b03e5784d867e93770560d88150a526250df69077cd3065edbbd4c842098,dfine_sahi,92100.0,mouse,0.7989,413.6,515.18,429.33,530.0,233.2,15.73,14.82,1.061,False,,True,unattributed,20,evt_01-P01_desk_work_surface_0004,86b0c4045365dd48,pose_hand_context,,64060.1,2.23,,1,01/e1/v1,rtmpose_baseline
corpus_01,01.Candidate was found using a mobile phone in the examination hall..mkv,b842b03e5784d867e93770560d88150a526250df69077cd3065edbbd4c842098,dfine_sahi,92100.0,unknown_object,0.7498,420.24,581.07,540.3,718.64,16516.8,120.05,137.58,0.873,False,,True,unattributed,20,evt_01-P01_desk_work_surface_0004,86b0c4045365dd48,pose_hand_context,,64060.1,2.23,,1,01/e1/v1,rtmpose_baseline
corpus_01,01.Candidate was found using a mobile phone in the examination hall..mkv,b842b03e5784d867e93770560d88150a526250df69077cd3065edbbd4c842098,dfine_sahi,92100.0,phone,0.6362,536.5,552.6,581.7,611.36,2656.2,45.2,58.76,0.769,False,,True,unattributed,20,evt_01-P01_desk_work_surface_0004,86b0c4045365dd48,pose_hand_context,,64060.1,2.23,,1,01/e1/v1,rtmpose_baseline
corpus_01,01.Candidate was found using a mobile phone in the examination hall..mkv,b842b03e5784d867e93770560d88150a526250df69077cd3065edbbd4c842098,dfine_sahi,92100.0,bag,0.4428,505.22,650.1,567.02,719.3,4276.3,61.8,69.2,0.893,False,,True,unattributed,20,evt_01-P01_desk_work_surface_0004,86b0c4045365dd48,pose_hand_context,,64060.1,2.23,,1,01/e1/v1,rtmpose_baseline
corpus_01,01.Candidate was found using a mobile phone in the examination hall..mkv,b842b03e5784d867e93770560d88150a526250df69077cd3065edbbd4c842098,dfine_sahi,92100.0,unknown_object,0.4404,609.19,594.23,691.97,685.93,7591.3,82.79,91.7,0.903,False,,True,unattributed,20,evt_01-P01_desk_work_surface_0004,86b0c4045365dd48,pose_hand_context,,64060.1,2.23,,1,01/e1/v1,rtmpose_baseline
corpus_01,01.Candidate was found using a mobile phone in the examination hall..mkv,b842b03e5784d867e93770560d88150a526250df69077cd3065edbbd4c842098,dfine_sahi,92100.0,stationery,0.4393,406.03,700.87,428.65,719.02,410.4,22.61,18.15,1.246,False,,True,unattributed,20,evt_01-P01_desk_work_surface_0004,86b0c4045365dd48,pose_hand_context,,64060.1,2.23,,1,01/e1/v1,rtmpose_baseline
corpus_01,01.Candidate was found using a mobile phone in the examination hall..mkv,b842b03e5784d867e93770560d88150a526250df69077cd3065edbbd4c842098,dfine_sahi,92100.0,phone,0.4141,567.71,590.48,581.08,611.66,283.4,13.38,21.19,0.631,False,,True,unattributed,20,evt_01-P01_desk_work_surface_0004,86b0c4045365dd48,pose_hand_context,,64060.1,2.23,,1,01/e1/v1,rtmpose_baseline
corpus_01,01.Candidate was found using a mobile phone in the examination hall..mkv,b842b03e5784d867e93770560d88150a526250df69077cd3065edbbd4c842098,dfine_sahi,92100.0,keyboard,0.3697,406.01,699.09,428.86,718.81,450.6,22.85,19.73,1.158,False,,True,unattributed,20,evt_01-P01_desk_work_surface_0004,86b0c4045365dd48,pose_hand_context,,64060.1,2.23,,1,01/e1/v1,rtmpose_baseline
corpus_01,01.Candidate was found using a mobile phone in the examination hall..mkv,b842b03e5784d867e93770560d88150a526250df69077cd3065edbbd4c842098,dfine_sahi,92100.0,stationery,0.3453,406.0,699.37,418.36,714.26,184.1,12.36,14.9,0.83,False,,True,unattributed,20,evt_01-P01_desk_work_surface_0004,86b0c4045365dd48,pose_hand_context,,64060.1,2.23,,1,01/e1/v1,rtmpose_baseline
corpus_01,01.Candidate was found using a mobile phone in the examination hall..mkv,b842b03e5784d867e93770560d88150a526250df69077cd3065edbbd4c842098,dfine_sahi,92100.0,unknown_object,0.3314,554.44,503.84,690.77,620.51,15905.3,136.33,116.67,1.169,False,,True,unattributed,20,evt_01-P01_desk_work_surface_0004,86b0c4045365dd48,pose_hand_context,,64060.1,2.23,,1,01/e1/v1,rtmpose_baseline
corpus_01,01.Candidate was found using a mobile phone in the examination hall..mkv,b842b03e5784d867e93770560d88150a526250df69077cd3065edbbd4c842098,dfine_sahi,92100.0,phone,0.3251,554.8,556.94,609.75,618.33,3373.5,54.95,61.39,0.895,False,,True,unattributed,20,evt_01-P01_desk_work_surface_0004,86b0c4045365dd48,pose_hand_context,,64060.1,2.23,,1,01/e1/v1,rtmpose_baseline
corpus_01,01.Candidate was found using a mobile phone in the examination hall..mkv,b842b03e5784d867e93770560d88150a526250df69077cd3065edbbd4c842098,dfine_sahi,92100.0,unknown_object,0.3123,406.09,496.28,552.56,620.88,18249.4,146.47,124.6,1.176,False,,True,unattributed,20,evt_01-P01_desk_work_surface_0004,86b0c4045365dd48,pose_hand_context,,64060.1,2.23,,1,01/e1/v1,rtmpose_baseline
corpus_01,01.Candidate was found using a mobile phone in the examination hall..mkv,b842b03e5784d867e93770560d88150a526250df69077cd3065edbbd4c842098,dfine_sahi,92100.0,unknown_object,0.2987,420.35,674.1,508.65,719.37,3997.0,88.29,45.27,1.95,False,,True,unattributed,20,evt_01-P01_desk_work_surface_0004,86b0c4045365dd48,pose_hand_context,,64060.1,2.23,,1,01/e1/v1,rtmpose_baseline
corpus_01,01.Candidate was found using a mobile phone in the examination hall..mkv,b842b03e5784d867e93770560d88150a526250df69077cd3065edbbd4c842098,dfine_sahi,92100.0,phone,0.2964,406.02,528.97,418.99,548.6,254.7,12.97,19.63,0.661,False,,True,unattributed,20,evt_01-P01_desk_work_surface_0004,86b0c4045365dd48,pose_hand_context,,64060.1,2.23,,1,01/e1/v1,rtmpose_baseline
corpus_01,01.Candidate was found using a mobile phone in the examination hall..mkv,b842b03e5784d867e93770560d88150a526250df69077cd3065edbbd4c842098,dfine_sahi,92100.0,phone,0.295,534.38,550.2,564.23,594.76,1330.3,29.85,44.57,0.67,False,,True,unattributed,20,evt_01-P01_desk_work_surface_0004,86b0c4045365dd48,pose_hand_context,,64060.1,2.23,,1,01/e1/v1,rtmpose_baseline
corpus_01,01.Candidate was found using a mobile phone in the examination hall..mkv,b842b03e5784d867e93770560d88150a526250df69077cd3065edbbd4c842098,dfine_sahi,92100.0,monitor_or_bezel,0.2798,405.96,496.58,539.59,620.63,16578.3,133.64,124.05,1.077,False,,True,unattributed,20,evt_01-P01_desk_work_surface_0004,86b0c4045365dd48,pose_hand_context,,64060.1,2.23,,1,01/e1/v1,rtmpose_baseline
corpus_01,01.Candidate was found using a mobile phone in the examination hall..mkv,b842b03e5784d867e93770560d88150a526250df69077cd3065edbbd4c842098,dfine_sahi,92100.0,phone,0.2738,547.64,566.52,563.56,592.77,417.8,15.92,26.25,0.607,False,,True,unattributed,20,evt_01-P01_desk_work_surface_0004,86b0c4045365dd48,pose_hand_context,,64060.1,2.23,,1,01/e1/v1,rtmpose_baseline
corpus_01,01.Candidate was found using a mobile phone in the examination hall..mkv,b842b03e5784d867e93770560d88150a526250df69077cd3065edbbd4c842098,dfine_sahi,92620.0,stationery,0.731,21.11,592.04,100.39,618.38,2088.1,79.28,26.34,3.01,False,,True,unattributed,21,evt_01-P01_upper_body_0008,adb76b05b002c296,native_source_context_fallback,wrist_confidence_below_floor,14863.9,4.75,,1,01/e1/v1,rtmpose_baseline
corpus_01,01.Candidate was found using a mobile phone in the examination hall..mkv,b842b03e5784d867e93770560d88150a526250df69077cd3065edbbd4c842098,dfine_sahi,92620.0,unknown_object,0.5469,25.09,609.16,159.9,718.23,14704.7,134.82,109.07,1.236,False,,True,unattributed,21,evt_01-P01_upper_body_0008,adb76b05b002c296,native_source_context_fallback,wrist_confidence_below_floor,14863.9,4.75,,1,01/e1/v1,rtmpose_baseline
corpus_01,01.Candidate was found using a mobile phone in the examination hall..mkv,b842b03e5784d867e93770560d88150a526250df69077cd3065edbbd4c842098,dfine_sahi,92620.0,unknown_object,0.3495,91.45,624.12,170.12,719.37,7493.4,78.67,95.25,0.826,False,,True,unattributed,21,evt_01-P01_upper_body_0008,adb76b05b002c296,native_source_context_fallback,wrist_confidence_below_floor,14863.9,4.75,,1,01/e1/v1,rtmpose_baseline
corpus_01,01.Candidate was found using a mobile phone in the examination hall..mkv,b842b03e5784d867e93770560d88150a526250df69077cd3065edbbd4c842098,dfine_sahi,92620.0,unknown_object,0.3213,74.09,592.16,169.95,687.62,9150.9,95.86,95.46,1.004,False,,True,unattributed,21,evt_01-P01_upper_body_0008,adb76b05b002c296,native_source_context_fallback,wrist_confidence_below_floor,14863.9,4.75,,1,01/e1/v1,rtmpose_baseline
corpus_01,01.Candidate was found using a mobile phone in the examination hall..mkv,b842b03e5784d867e93770560d88150a526250df69077cd3065edbbd4c842098,dfine_sahi,92620.0,unknown_object,0.2906,73.99,592.08,100.42,618.24,691.4,26.43,26.16,1.01,False,,True,unattributed,21,evt_01-P01_upper_body_0008,adb76b05b002c296,native_source_context_fallback,wrist_confidence_below_floor,14863.9,4.75,,1,01/e1/v1,rtmpose_baseline
corpus_01,01.Candidate was found using a mobile phone in the examination hall..mkv,b842b03e5784d867e93770560d88150a526250df69077cd3065edbbd4c842098,dfine_sahi,92620.0,unknown_object,0.2871,74.21,679.55,154.44,719.74,3224.3,80.23,40.19,1.996,False,,True,unattributed,21,evt_01-P01_upper_body_0008,adb76b05b002c296,native_source_context_fallback,wrist_confidence_below_floor,14863.9,4.75,,1,01/e1/v1,rtmpose_baseline
corpus_01,01.Candidate was found using a mobile phone in the examination hall..mkv,b842b03e5784d867e93770560d88150a526250df69077cd3065edbbd4c842098,dfine_sahi,92620.0,unknown_object,0.2507,30.63,610.4,86.52,684.19,4123.5,55.89,73.78,0.757,False,,True,unattributed,21,evt_01-P01_upper_body_0008,adb76b05b002c296,native_source_context_fallback,wrist_confidence_below_floor,14863.9,4.75,,1,01/e1/v1,rtmpose_baseline
corpus_01,01.Candidate was found using a mobile phone in the examination hall..mkv,b842b03e5784d867e93770560d88150a526250df69077cd3065edbbd4c842098,dfine_sahi,92620.0,unknown_object,0.6034,386.82,547.95,521.31,644.45,12979.9,134.49,96.51,1.394,False,,True,unattributed,20,evt_01-P01_upper_body_0008,dc6659d20355692e,pose_hand_context,,47050.4,2.33,,1,01/e1/v1,rtmpose_baseline
corpus_01,01.Candidate was found using a mobile phone in the examination hall..mkv,b842b03e5784d867e93770560d88150a526250df69077cd3065edbbd4c842098,dfine_sahi,92620.0,stationery,0.5978,405.37,701.77,428.68,718.72,395.0,23.31,16.94,1.376,False,,True,unattributed,20,evt_01-P01_upper_body_0008,dc6659d20355692e,pose_hand_context,,47050.4,2.33,,1,01/e1/v1,rtmpose_baseline
corpus_01,01.Candidate was found using a mobile phone in the examination hall..mkv,b842b03e5784d867e93770560d88150a526250df69077cd3065edbbd4c842098,dfine_sahi,92620.0,stationery,0.5106,397.23,699.35,418.42,718.54,406.4,21.19,19.18,1.104,False,,True,unattributed,20,evt_01-P01_upper_body_0008,dc6659d20355692e,pose_hand_context,,47050.4,2.33,,1,01/e1/v1,rtmpose_baseline
corpus_01,01.Candidate was found using a mobile phone in the examination hall..mkv,b842b03e5784d867e93770560d88150a526250df69077cd3065edbbd4c842098,dfine_sahi,92620.0,unknown_object,0.5071,522.97,676.91,661.95,719.15,5869.8,138.98,42.23,3.291,False,,True,unattributed,20,evt_01-P01_upper_body_0008,dc6659d20355692e,pose_hand_context,,47050.4,2.33,,1,01/e1/v1,rtmpose_baseline
corpus_01,01.Candidate was found using a mobile phone in the examination hall..mkv,b842b03e5784d867e93770560d88150a526250df69077cd3065edbbd4c842098,dfine_sahi,92620.0,unknown_object,0.4891,420.17,573.89,529.17,718.59,15772.8,109.0,144.7,0.753,False,,True,unattributed,20,evt_01-P01_upper_body_0008,dc6659d20355692e,pose_hand_context,,47050.4,2.33,,1,01/e1/v1,rtmpose_baseline
corpus_01,01.Candidate was found using a mobile phone in the examination hall..mkv,b842b03e5784d867e93770560d88150a526250df69077cd3065edbbd4c842098,dfine_sahi,92620.0,monitor_or_bezel,0.486,387.0,659.31,416.76,715.5,1672.6,29.76,56.2,0.53,False,,True,unattributed,20,evt_01-P01_upper_body_0008,dc6659d20355692e,pose_hand_context,,47050.4,2.33,,1,01/e1/v1,rtmpose_baseline
corpus_01,01.Candidate was found using a mobile phone in the examination hall..mkv,b842b03e5784d867e93770560d88150a526250df69077cd3065edbbd4c842098,dfine_sahi,92620.0,keyboard,0.4506,387.03,659.37,417.07,715.2,1677.3,30.04,55.83,0.538,False,,True,unattributed,20,evt_01-P01_upper_body_0008,dc6659d20355692e,pose_hand_context,,47050.4,2.33,,1,01/e1/v1,rtmpose_baseline
corpus_01,01.Candidate was found using a mobile phone in the examination hall..mkv,b842b03e5784d867e93770560d88150a526250df69077cd3065edbbd4c842098,dfine_sahi,92620.0,mouse,0.4312,483.72,606.89,504.91,621.44,308.4,21.2,14.55,1.457,False,,True,unattributed,20,evt_01-P01_upper_body_0008,dc6659d20355692e,pose_hand_context,,47050.4,2.33,,1,01/e1/v1,rtmpose_baseline
corpus_01,01.Candidate was found using a mobile phone in the examination hall..mkv,b842b03e5784d867e93770560d88150a526250df69077cd3065edbbd4c842098,dfine_sahi,92620.0,monitor_or_bezel,0.4024,392.38,548.06,519.65,623.72,9629.0,127.27,75.66,1.682,False,,True,unattributed,20,evt_01-P01_upper_body_0008,dc6659d20355692e,pose_hand_context,,47050.4,2.33,,1,01/e1/v1,rtmpose_baseline
corpus_01,01.Candidate was found using a mobile phone in the examination hall..mkv,b842b03e5784d867e93770560d88150a526250df69077cd3065edbbd4c842098,dfine_sahi,92620.0,unknown_object,0.3735,516.71,606.7,544.29,644.48,1042.3,27.59,37.78,0.73,False,,True,unattributed,20,evt_01-P01_upper_body_0008,dc6659d20355692e,pose_hand_context,,47050.4,2.33,,1,01/e1/v1,rtmpose_baseline
corpus_01,01.Candidate was found using a mobile phone in the examination hall..mkv,b842b03e5784d867e93770560d88150a526250df69077cd3065edbbd4c842098,dfine_sahi,92620.0,unknown_object,0.3546,420.3,674.05,506.86,719.41,3926.4,86.56,45.36,1.908,False,,True,unattributed,20,evt_01-P01_upper_body_0008,dc6659d20355692e,pose_hand_context,,47050.4,2.33,,1,01/e1/v1,rtmpose_baseline
corpus_01,01.Candidate was found using a mobile phone in the examination hall..mkv,b842b03e5784d867e93770560d88150a526250df69077cd3065edbbd4c842098,dfine_sahi,92620.0,unknown_object,0.3541,419.75,548.03,661.42,718.83,41275.3,241.67,170.79,1.415,False,,True,unattributed,20,evt_01-P01_upper_body_0008,dc6659d20355692e,pose_hand_context,,47050.4,2.33,,1,01/e1/v1,rtmpose_baseline
corpus_01,01.Candidate was found using a mobile phone in the examination hall..mkv,b842b03e5784d867e93770560d88150a526250df69077cd3065edbbd4c842098,dfine_sahi,92620.0,keyboard,0.3414,492.14,589.02,526.22,615.57,905.0,34.09,26.55,1.284,False,,True,unattributed,20,evt_01-P01_upper_body_0008,dc6659d20355692e,pose_hand_context,,47050.4,2.33,,1,01/e1/v1,rtmpose_baseline
corpus_01,01.Candidate was found using a mobile phone in the examination hall..mkv,b842b03e5784d867e93770560d88150a526250df69077cd3065edbbd4c842098,dfine_sahi,92620.0,unknown_object,0.336,508.03,623.17,546.57,718.95,3691.5,38.54,95.78,0.402,False,,True,unattributed,20,evt_01-P01_upper_body_0008,dc6659d20355692e,pose_hand_context,,47050.4,2.33,,1,01/e1/v1,rtmpose_baseline
corpus_01,01.Candidate was found using a mobile phone in the examination hall..mkv,b842b03e5784d867e93770560d88150a526250df69077cd3065edbbd4c842098,dfine_sahi,92620.0,unknown_object,0.3324,523.13,623.21,661.09,718.92,13202.7,137.96,95.7,1.442,False,,True,unattributed,20,evt_01-P01_upper_body_0008,dc6659d20355692e,pose_hand_context,,47050.4,2.33,,1,01/e1/v1,rtmpose_baseline
corpus_01,01.Candidate was found using a mobile phone in the examination hall..mkv,b842b03e5784d867e93770560d88150a526250df69077cd3065edbbd4c842098,dfine_sahi,92620.0,unknown_object,0.2984,518.44,548.36,656.94,644.15,13267.2,138.5,95.79,1.446,False,,True,unattributed,20,evt_01-P01_upper_body_0008,dc6659d20355692e,pose_hand_context,,47050.4,2.33,,1,01/e1/v1,rtmpose_baseline
corpus_01,01.Candidate was found using a mobile phone in the examination hall..mkv,b842b03e5784d867e93770560d88150a526250df69077cd3065edbbd4c842098,dfine_sahi,92620.0,mouse,0.2755,493.2,589.23,526.04,615.84,874.0,32.83,26.62,1.234,False,,True,unattributed,20,evt_01-P01_upper_body_0008,dc6659d20355692e,pose_hand_context,,47050.4,2.33,,1,01/e1/v1,rtmpose_baseline
corpus_01,01.Candidate was found using a mobile phone in the examination hall..mkv,b842b03e5784d867e93770560d88150a526250df69077cd3065edbbd4c842098,dfine_sahi,92620.0,keyboard,0.2693,492.7,571.62,515.79,589.07,403.0,23.09,17.45,1.323,False,,True,unattributed,20,evt_01-P01_upper_body_0008,dc6659d20355692e,pose_hand_context,,47050.4,2.33,,1,01/e1/v1,rtmpose_baseline
corpus_01,01.Candidate was found using a mobile phone in the examination hall..mkv,b842b03e5784d867e93770560d88150a526250df69077cd3065edbbd4c842098,dfine_sahi,92620.0,keyboard,0.265,453.66,571.31,517.09,620.53,3121.9,63.43,49.22,1.289,False,,True,unattributed,20,evt_01-P01_upper_body_0008,dc6659d20355692e,pose_hand_context,,47050.4,2.33,,1,01/e1/v1,rtmpose_baseline
corpus_01,01.Candidate was found using a mobile phone in the examination hall..mkv,b842b03e5784d867e93770560d88150a526250df69077cd3065edbbd4c842098,dfine_sahi,93100.0,unknown_object,0.5598,373.11,571.93,509.5,667.38,13017.7,136.39,95.45,1.429,False,,True,unattributed,20,evt_01-P01_desk_work_surface_0004,25019a54fd9f9aa6,pose_hand_context,,35205.1,2.5,,1,01/e1/v1,rtmpose_baseline
corpus_01,01.Candidate was found using a mobile phone in the examination hall..mkv,b842b03e5784d867e93770560d88150a526250df69077cd3065edbbd4c842098,dfine_sahi,93100.0,stationery,0.5151,404.92,701.12,428.69,718.82,420.8,23.77,17.7,1.343,False,,True,unattributed,20,evt_01-P01_desk_work_surface_0004,25019a54fd9f9aa6,pose_hand_context,,35205.1,2.5,,1,01/e1/v1,rtmpose_baseline
corpus_01,01.Candidate was found using a mobile phone in the examination hall..mkv,b842b03e5784d867e93770560d88150a526250df69077cd3065edbbd4c842098,dfine_sahi,93100.0,monitor_or_bezel,0.5073,372.99,659.17,417.99,719.48,2713.4,44.99,60.31,0.746,False,,True,unattributed,20,evt_01-P01_desk_work_surface_0004,25019a54fd9f9aa6,pose_hand_context,,35205.1,2.5,,1,01/e1/v1,rtmpose_baseline
corpus_01,01.Candidate was found using a mobile phone in the examination hall..mkv,b842b03e5784d867e93770560d88150a526250df69077cd3065edbbd4c842098,dfine_sahi,93100.0,unknown_object,0.4789,420.1,674.01,498.76,719.52,3579.0,78.66,45.5,1.729,False,,True,unattributed,20,evt_01-P01_desk_work_surface_0004,25019a54fd9f9aa6,pose_hand_context,,35205.1,2.5,,1,01/e1/v1,rtmpose_baseline
corpus_01,01.Candidate was found using a mobile phone in the examination hall..mkv,b842b03e5784d867e93770560d88150a526250df69077cd3065edbbd4c842098,dfine_sahi,93100.0,unknown_object,0.4781,498.39,629.02,531.52,667.65,1279.8,33.13,38.63,0.857,False,,True,unattributed,20,evt_01-P01_desk_work_surface_0004,25019a54fd9f9aa6,pose_hand_context,,35205.1,2.5,,1,01/e1/v1,rtmpose_baseline
corpus_01,01.Candidate was found using a mobile phone in the examination hall..mkv,b842b03e5784d867e93770560d88150a526250df69077cd3065edbbd4c842098,dfine_sahi,93100.0,unknown_object,0.4608,420.08,607.48,505.95,718.57,9538.9,85.87,111.09,0.773,False,,True,unattributed,20,evt_01-P01_desk_work_surface_0004,25019a54fd9f9aa6,pose_hand_context,,35205.1,2.5,,1,01/e1/v1,rtmpose_baseline
corpus_01,01.Candidate was found using a mobile phone in the examination hall..mkv,b842b03e5784d867e93770560d88150a526250df69077cd3065edbbd4c842098,dfine_sahi,93100.0,keyboard,0.4561,373.03,660.11,412.81,712.28,2074.8,39.77,52.17,0.762,False,,True,unattributed,20,evt_01-P01_desk_work_surface_0004,25019a54fd9f9aa6,pose_hand_context,,35205.1,2.5,,1,01/e1/v1,rtmpose_baseline
corpus_01,01.Candidate was found using a mobile phone in the examination hall..mkv,b842b03e5784d867e93770560d88150a526250df69077cd3065edbbd4c842098,dfine_sahi,93100.0,stationery,0.3565,397.25,699.44,418.2,718.36,396.3,20.95,18.92,1.107,False,,True,unattributed,20,evt_01-P01_desk_work_surface_0004,25019a54fd9f9aa6,pose_hand_context,,35205.1,2.5,,1,01/e1/v1,rtmpose_baseline
corpus_01,01.Candidate was found using a mobile phone in the examination hall..mkv,b842b03e5784d867e93770560d88150a526250df69077cd3065edbbd4c842098,dfine_sahi,93100.0,unknown_object,0.3547,525.19,704.39,563.63,719.91,596.2,38.44,15.51,2.478,False,,True,unattributed,20,evt_01-P01_desk_work_surface_0004,25019a54fd9f9aa6,pose_hand_context,,35205.1,2.5,,1,01/e1/v1,rtmpose_baseline
corpus_01,01.Candidate was found using a mobile phone in the examination hall..mkv,b842b03e5784d867e93770560d88150a526250df69077cd3065edbbd4c842098,dfine_sahi,93100.0,unknown_object,0.3284,373.0,582.14,460.09,621.94,3465.6,87.08,39.8,2.188,False,,True,unattributed,20,evt_01-P01_desk_work_surface_0004,25019a54fd9f9aa6,pose_hand_context,,35205.1,2.5,,1,01/e1/v1,rtmpose_baseline
corpus_01,01.Candidate was found using a mobile phone in the examination hall..mkv,b842b03e5784d867e93770560d88150a526250df69077cd3065edbbd4c842098,dfine_sahi,93100.0,unknown_object,0.3197,511.58,641.23,531.45,665.56,483.4,19.87,24.33,0.817,False,,True,unattributed,20,evt_01-P01_desk_work_surface_0004,25019a54fd9f9aa6,pose_hand_context,,35205.1,2.5,,1,01/e1/v1,rtmpose_baseline
corpus_01,01.Candidate was found using a mobile phone in the examination hall..mkv,b842b03e5784d867e93770560d88150a526250df69077cd3065edbbd4c842098,dfine_sahi,93100.0,unknown_object,0.3105,420.09,582.26,627.32,718.89,28315.4,207.23,136.64,1.517,False,,True,unattributed,20,evt_01-P01_desk_work_surface_0004,25019a54fd9f9aa6,pose_hand_context,,35205.1,2.5,,1,01/e1/v1,rtmpose_baseline
corpus_01,01.Candidate was found using a mobile phone in the examination hall..mkv,b842b03e5784d867e93770560d88150a526250df69077cd3065edbbd4c842098,dfine_sahi,93100.0,monitor_or_bezel,0.2861,420.3,673.58,497.38,702.08,2196.3,77.08,28.49,2.705,False,,True,unattributed,20,evt_01-P01_desk_work_surface_0004,25019a54fd9f9aa6,pose_hand_context,,35205.1,2.5,,1,01/e1/v1,rtmpose_baseline
corpus_01,01.Candidate was found using a mobile phone in the examination hall..mkv,b842b03e5784d867e93770560d88150a526250df69077cd3065edbbd4c842098,dfine_sahi,93100.0,unknown_object,0.2641,485.04,571.9,628.97,668.27,13871.0,143.93,96.37,1.493,False,,True,unattributed,20,evt_01-P01_desk_work_surface_0004,25019a54fd9f9aa6,pose_hand_context,,35205.1,2.5,,1,01/e1/v1,rtmpose_baseline
corpus_01,01.Candidate was found using a mobile phone in the examination hall..mkv,b842b03e5784d867e93770560d88150a526250df69077cd3065edbbd4c842098,dfine_sahi,93100.0,unknown_object,0.6777,191.48,569.2,311.16,717.14,17704.9,119.68,147.94,0.809,False,,True,unattributed,22,evt_01-P01_desk_work_surface_0004,7afee83f4be7385b,native_source_context_fallback,no_pose_observation,18139.9,4.28,,1,01/e1/v1,
corpus_01,01.Candidate was found using a mobile phone in the examination hall..mkv,b842b03e5784d867e93770560d88150a526250df69077cd3065edbbd4c842098,dfine_sahi,93100.0,monitor_or_bezel,0.6313,230.03,563.09,302.75,658.24,6919.4,72.72,95.15,0.764,False,,True,unattributed,22,evt_01-P01_desk_work_surface_0004,7afee83f4be7385b,native_source_context_fallback,no_pose_observation,18139.9,4.28,,1,01/e1/v1,
corpus_01,01.Candidate was found using a mobile phone in the examination hall..mkv,b842b03e5784d867e93770560d88150a526250df69077cd3065edbbd4c842098,dfine_sahi,93100.0,phone,0.6145,275.53,642.44,294.8,665.05,435.7,19.27,22.61,0.852,False,,True,unattributed,22,evt_01-P01_desk_work_surface_0004,7afee83f4be7385b,native_source_context_fallback,no_pose_observation,18139.9,4.28,,1,01/e1/v1,
corpus_01,01.Candidate was found using a mobile phone in the examination hall..mkv,b842b03e5784d867e93770560d88150a526250df69077cd3065edbbd4c842098,dfine_sahi,93100.0,unknown_object,0.54,181.56,563.14,272.9,658.25,8686.9,91.34,95.11,0.96,False,,True,unattributed,22,evt_01-P01_desk_work_surface_0004,7afee83f4be7385b,native_source_context_fallback,no_pose_observation,18139.9,4.28,,1,01/e1/v1,
corpus_01,01.Candidate was found using a mobile phone in the examination hall..mkv,b842b03e5784d867e93770560d88150a526250df69077cd3065edbbd4c842098,dfine_sahi,93100.0,unknown_object,0.5237,199.99,624.18,273.02,719.45,6957.6,73.03,95.27,0.767,False,,True,unattributed,22,evt_01-P01_desk_work_surface_0004,7afee83f4be7385b,native_source_context_fallback,no_pose_observation,18139.9,4.28,,1,01/e1/v1,
corpus_01,01.Candidate was found using a mobile phone in the examination hall..mkv,b842b03e5784d867e93770560d88150a526250df69077cd3065edbbd4c842098,dfine_sahi,93100.0,phone,0.4027,264.59,632.57,303.2,665.84,1284.2,38.61,33.26,1.161,False,,True,unattributed,22,evt_01-P01_desk_work_surface_0004,7afee83f4be7385b,native_source_context_fallback,no_pose_observation,18139.9,4.28,,1,01/e1/v1,
corpus_01,01.Candidate was found using a mobile phone in the examination hall..mkv,b842b03e5784d867e93770560d88150a526250df69077cd3065edbbd4c842098,dfine_sahi,93100.0,monitor_or_bezel,0.3983,271.67,591.88,326.0,658.53,3621.0,54.33,66.65,0.815,False,,True,unattributed,22,evt_01-P01_desk_work_surface_0004,7afee83f4be7385b,native_source_context_fallback,no_pose_observation,18139.9,4.28,,1,01/e1/v1,
corpus_01,01.Candidate was found using a mobile phone in the examination hall..mkv,b842b03e5784d867e93770560d88150a526250df69077cd3065edbbd4c842098,dfine_sahi,93100.0,monitor_or_bezel,0.2741,229.94,624.19,326.0,719.33,9138.3,96.05,95.14,1.01,False,,True,unattributed,22,evt_01-P01_desk_work_surface_0004,7afee83f4be7385b,native_source_context_fallback,no_pose_observation,18139.9,4.28,,1,01/e1/v1,
corpus_01,01.Candidate was found using a mobile phone in the examination hall..mkv,b842b03e5784d867e93770560d88150a526250df69077cd3065edbbd4c842098,dfine_sahi,93100.0,unknown_object,0.2556,230.11,624.17,280.13,680.24,2804.7,50.02,56.07,0.892,False,,True,unattributed,22,evt_01-P01_desk_work_surface_0004,7afee83f4be7385b,native_source_context_fallback,no_pose_observation,18139.9,4.28,,1,01/e1/v1,
corpus_01,01.Candidate was found using a mobile phone in the examination hall..mkv,b842b03e5784d867e93770560d88150a526250df69077cd3065edbbd4c842098,dfine_sahi,93100.0,monitor_or_bezel,0.2508,271.42,569.15,313.01,635.44,2757.2,41.59,66.29,0.627,False,,True,unattributed,22,evt_01-P01_desk_work_surface_0004,7afee83f4be7385b,native_source_context_fallback,no_pose_observation,18139.9,4.28,,1,01/e1/v1,
corpus_01,01.Candidate was found using a mobile phone in the examination hall..mkv,b842b03e5784d867e93770560d88150a526250df69077cd3065edbbd4c842098,dfine_sahi,93620.0,unknown_object,0.7634,549.58,510.3,668.02,628.09,13950.7,118.44,117.79,1.006,False,,True,unattributed,20,evt_01-P01_upper_body_0008,5d8ef9fb8d6af50a,pose_hand_context,,60178.9,2.23,,1,01/e1/v1,rtmpose_baseline
corpus_01,01.Candidate was found using a mobile phone in the examination hall..mkv,b842b03e5784d867e93770560d88150a526250df69077cd3065edbbd4c842098,dfine_sahi,93620.0,unknown_object,0.6547,507.02,602.0,639.28,717.78,15313.5,132.27,115.78,1.142,False,,True,unattributed,20,evt_01-P01_upper_body_0008,5d8ef9fb8d6af50a,pose_hand_context,,60178.9,2.23,,1,01/e1/v1,rtmpose_baseline
corpus_01,01.Candidate was found using a mobile phone in the examination hall..mkv,b842b03e5784d867e93770560d88150a526250df69077cd3065edbbd4c842098,dfine_sahi,93620.0,unknown_object,0.5416,381.7,509.95,538.54,618.01,16949.5,156.84,108.07,1.451,False,,True,unattributed,20,evt_01-P01_upper_body_0008,5d8ef9fb8d6af50a,pose_hand_context,,60178.9,2.23,,1,01/e1/v1,rtmpose_baseline
corpus_01,01.Candidate was found using a mobile phone in the examination hall..mkv,b842b03e5784d867e93770560d88150a526250df69077cd3065edbbd4c842098,dfine_sahi,93620.0,keyboard,0.4919,435.96,541.97,521.68,616.19,6362.0,85.72,74.22,1.155,False,,True,unattributed,20,evt_01-P01_upper_body_0008,5d8ef9fb8d6af50a,pose_hand_context,,60178.9,2.23,,1,01/e1/v1,rtmpose_baseline
corpus_01,01.Candidate was found using a mobile phone in the examination hall..mkv,b842b03e5784d867e93770560d88150a526250df69077cd3065edbbd4c842098,dfine_sahi,93620.0,unknown_object,0.4374,608.91,637.3,667.99,718.93,4822.9,59.08,81.63,0.724,False,,True,unattributed,20,evt_01-P01_upper_body_0008,5d8ef9fb8d6af50a,pose_hand_context,,60178.9,2.23,,1,01/e1/v1,rtmpose_baseline
corpus_01,01.Candidate was found using a mobile phone in the examination hall..mkv,b842b03e5784d867e93770560d88150a526250df69077cd3065edbbd4c842098,dfine_sahi,93620.0,monitor_or_bezel,0.4203,423.91,510.09,536.66,615.75,11911.9,112.74,105.66,1.067,False,,True,unattributed,20,evt_01-P01_upper_body_0008,5d8ef9fb8d6af50a,pose_hand_context,,60178.9,2.23,,1,01/e1/v1,rtmpose_baseline
corpus_01,01.Candidate was found using a mobile phone in the examination hall..mkv,b842b03e5784d867e93770560d88150a526250df69077cd3065edbbd4c842098,dfine_sahi,93620.0,unknown_object,0.3222,550.91,510.28,615.81,541.6,2032.7,64.9,31.32,2.072,False,,True,unattributed,20,evt_01-P01_upper_body_0008,5d8ef9fb8d6af50a,pose_hand_context,,60178.9,2.23,,1,01/e1/v1,rtmpose_baseline
corpus_01,01.Candidate was found using a mobile phone in the examination hall..mkv,b842b03e5784d867e93770560d88150a526250df69077cd3065edbbd4c842098,dfine_sahi,93620.0,unknown_object,0.2968,614.55,645.29,652.01,694.2,1832.6,37.47,48.91,0.766,False,,True,unattributed,20,evt_01-P01_upper_body_0008,5d8ef9fb8d6af50a,pose_hand_context,,60178.9,2.23,,1,01/e1/v1,rtmpose_baseline
corpus_01,01.Candidate was found using a mobile phone in the examination hall..mkv,b842b03e5784d867e93770560d88150a526250df69077cd3065edbbd4c842098,dfine_sahi,93620.0,unknown_object,0.2942,507.02,676.0,596.41,719.38,3877.5,89.39,43.38,2.061,False,,True,unattributed,20,evt_01-P01_upper_body_0008,5d8ef9fb8d6af50a,pose_hand_context,,60178.9,2.23,,1,01/e1/v1,rtmpose_baseline
corpus_01,01.Candidate was found using a mobile phone in the examination hall..mkv,b842b03e5784d867e93770560d88150a526250df69077cd3065edbbd4c842098,dfine_sahi,93620.0,unknown_object,0.2786,507.01,510.05,535.6,545.05,1000.6,28.58,35.0,0.817,False,,True,unattributed,20,evt_01-P01_upper_body_0008,5d8ef9fb8d6af50a,pose_hand_context,,60178.9,2.23,,1,01/e1/v1,rtmpose_baseline
corpus_01,01.Candidate was found using a mobile phone in the examination hall..mkv,b842b03e5784d867e93770560d88150a526250df69077cd3065edbbd4c842098,dfine_sahi,93620.0,unknown_object,0.2635,588.19,510.75,667.89,570.62,4771.8,79.71,59.87,1.331,False,,True,unattributed,20,evt_01-P01_upper_body_0008,5d8ef9fb8d6af50a,pose_hand_context,,60178.9,2.23,,1,01/e1/v1,rtmpose_baseline
corpus_01,01.Candidate was found using a mobile phone in the examination hall..mkv,b842b03e5784d867e93770560d88150a526250df69077cd3065edbbd4c842098,dfine_sahi,93620.0,bag,0.2526,488.64,676.19,542.99,719.41,2348.8,54.35,43.22,1.257,False,,True,unattributed,20,evt_01-P01_upper_body_0008,5d8ef9fb8d6af50a,pose_hand_context,,60178.9,2.23,,1,01/e1/v1,rtmpose_baseline
corpus_01,01.Candidate was found using a mobile phone in the examination hall..mkv,b842b03e5784d867e93770560d88150a526250df69077cd3065edbbd4c842098,dfine_sahi,93620.0,monitor_or_bezel,0.6351,434.65,511.28,521.14,614.74,8948.5,86.49,103.46,0.836,False,,True,unattributed,23,evt_01-P01_upper_body_0008,6dda818546703860,native_source_context_fallback,wrist_confidence_below_floor,29499.8,3.1,,1,01/e1/v1,rtmpose_baseline
corpus_01,01.Candidate was found using a mobile phone in the examination hall..mkv,b842b03e5784d867e93770560d88150a526250df69077cd3065edbbd4c842098,dfine_sahi,93620.0,unknown_object,0.539,363.14,511.24,458.96,612.7,9722.2,95.82,101.47,0.944,False,,True,unattributed,23,evt_01-P01_upper_body_0008,6dda818546703860,native_source_context_fallback,wrist_confidence_below_floor,29499.8,3.1,,1,01/e1/v1,rtmpose_baseline
corpus_01,01.Candidate was found using a mobile phone in the examination hall..mkv,b842b03e5784d867e93770560d88150a526250df69077cd3065edbbd4c842098,dfine_sahi,93620.0,unknown_object,0.4318,425.01,512.04,459.46,610.02,3375.3,34.45,97.98,0.352,False,,True,unattributed,23,evt_01-P01_upper_body_0008,6dda818546703860,native_source_context_fallback,wrist_confidence_below_floor,29499.8,3.1,,1,01/e1/v1,rtmpose_baseline
corpus_01,01.Candidate was found using a mobile phone in the examination hall..mkv,b842b03e5784d867e93770560d88150a526250df69077cd3065edbbd4c842098,dfine_sahi,93620.0,unknown_object,0.4279,425.1,511.5,521.04,626.29,11014.1,95.94,114.8,0.836,False,,True,unattributed,23,evt_01-P01_upper_body_0008,6dda818546703860,native_source_context_fallback,wrist_confidence_below_floor,29499.8,3.1,,1,01/e1/v1,rtmpose_baseline
corpus_01,01.Candidate was found using a mobile phone in the examination hall..mkv,b842b03e5784d867e93770560d88150a526250df69077cd3065edbbd4c842098,dfine_sahi,93620.0,unknown_object,0.408,424.78,608.17,513.98,717.42,9744.1,89.19,109.25,0.816,False,,True,unattributed,23,evt_01-P01_upper_body_0008,6dda818546703860,native_source_context_fallback,wrist_confidence_below_floor,29499.8,3.1,,1,01/e1/v1,rtmpose_baseline
corpus_01,01.Candidate was found using a mobile phone in the examination hall..mkv,b842b03e5784d867e93770560d88150a526250df69077cd3065edbbd4c842098,dfine_sahi,93620.0,keyboard,0.3732,435.74,541.6,520.31,615.25,6228.4,84.56,73.65,1.148,False,,True,unattributed,23,evt_01-P01_upper_body_0008,6dda818546703860,native_source_context_fallback,wrist_confidence_below_floor,29499.8,3.1,,1,01/e1/v1,rtmpose_baseline
corpus_01,01.Candidate was found using a mobile phone in the examination hall..mkv,b842b03e5784d867e93770560d88150a526250df69077cd3065edbbd4c842098,dfine_sahi,93620.0,keyboard,0.3711,462.74,572.03,521.01,626.66,3183.4,58.27,54.63,1.067,False,,True,unattributed,23,evt_01-P01_upper_body_0008,6dda818546703860,native_source_context_fallback,wrist_confidence_below_floor,29499.8,3.1,,1,01/e1/v1,rtmpose_baseline
corpus_01,01.Candidate was found using a mobile phone in the examination hall..mkv,b842b03e5784d867e93770560d88150a526250df69077cd3065edbbd4c842098,dfine_sahi,93620.0,monitor_or_bezel,0.2947,371.07,511.13,513.16,643.27,18775.3,142.09,132.14,1.075,False,,True,unattributed,23,evt_01-P01_upper_body_0008,6dda818546703860,native_source_context_fallback,wrist_confidence_below_floor,29499.8,3.1,,1,01/e1/v1,rtmpose_baseline
corpus_01,01.Candidate was found using a mobile phone in the examination hall..mkv,b842b03e5784d867e93770560d88150a526250df69077cd3065edbbd4c842098,dfine_sahi,93620.0,stationery,0.2945,457.98,601.06,520.77,641.67,2550.1,62.79,40.61,1.546,False,,True,unattributed,23,evt_01-P01_upper_body_0008,6dda818546703860,native_source_context_fallback,wrist_confidence_below_floor,29499.8,3.1,,1,01/e1/v1,rtmpose_baseline
corpus_01,01.Candidate was found using a mobile phone in the examination hall..mkv,b842b03e5784d867e93770560d88150a526250df69077cd3065edbbd4c842098,dfine_sahi,93660.0,keyboard,0.6185,443.33,541.56,520.92,608.24,5174.5,77.59,66.69,1.164,False,,True,unattributed,23,evt_01-P04_desk_work_surface_0027,7ef433fc39b0410e,native_source_context_fallback,wrist_confidence_below_floor,29274.0,3.05,,1,01/e1/v1,rtmpose_baseline
corpus_01,01.Candidate was found using a mobile phone in the examination hall..mkv,b842b03e5784d867e93770560d88150a526250df69077cd3065edbbd4c842098,dfine_sahi,93660.0,mouse,0.5667,482.57,579.73,529.89,625.46,2164.2,47.32,45.73,1.035,False,,True,unattributed,23,evt_01-P04_desk_work_surface_0027,7ef433fc39b0410e,native_source_context_fallback,wrist_confidence_below_floor,29274.0,3.05,,1,01/e1/v1,rtmpose_baseline
corpus_01,01.Candidate was found using a mobile phone in the examination hall..mkv,b842b03e5784d867e93770560d88150a526250df69077cd3065edbbd4c842098,dfine_sahi,93660.0,unknown_object,0.5407,478.27,641.47,530.0,717.86,3951.4,51.73,76.39,0.677,False,,True,unattributed,23,evt_01-P04_desk_work_surface_0027,7ef433fc39b0410e,native_source_context_fallback,wrist_confidence_below_floor,29274.0,3.05,,1,01/e1/v1,rtmpose_baseline
corpus_01,01.Candidate was found using a mobile phone in the examination hall..mkv,b842b03e5784d867e93770560d88150a526250df69077cd3065edbbd4c842098,dfine_sahi,93660.0,unknown_object,0.4945,433.99,508.82,472.93,605.18,3752.2,38.94,96.35,0.404,False,,True,unattributed,23,evt_01-P04_desk_work_surface_0027,7ef433fc39b0410e,native_source_context_fallback,wrist_confidence_below_floor,29274.0,3.05,,1,01/e1/v1,rtmpose_baseline
corpus_01,01.Candidate was found using a mobile phone in the examination hall..mkv,b842b03e5784d867e93770560d88150a526250df69077cd3065edbbd4c842098,dfine_sahi,93660.0,monitor_or_bezel,0.4004,434.08,508.42,529.57,608.81,9587.2,95.49,100.4,0.951,False,,True,unattributed,23,evt_01-P04_desk_work_surface_0027,7ef433fc39b0410e,native_source_context_fallback,wrist_confidence_below_floor,29274.0,3.05,,1,01/e1/v1,rtmpose_baseline
corpus_01,01.Candidate was found using a mobile phone in the examination hall..mkv,b842b03e5784d867e93770560d88150a526250df69077cd3065edbbd4c842098,dfine_sahi,93660.0,unknown_object,0.3802,372.97,508.04,469.12,625.52,11295.6,96.15,117.48,0.818,False,,True,unattributed,23,evt_01-P04_desk_work_surface_0027,7ef433fc39b0410e,native_source_context_fallback,wrist_confidence_below_floor,29274.0,3.05,,1,01/e1/v1,rtmpose_baseline
corpus_01,01.Candidate was found using a mobile phone in the examination hall..mkv,b842b03e5784d867e93770560d88150a526250df69077cd3065edbbd4c842098,dfine_sahi,93660.0,keyboard,0.3315,466.15,571.22,530.01,625.53,3469.0,63.86,54.32,1.176,False,,True,unattributed,23,evt_01-P04_desk_work_surface_0027,7ef433fc39b0410e,native_source_context_fallback,wrist_confidence_below_floor,29274.0,3.05,,1,01/e1/v1,rtmpose_baseline
corpus_01,01.Candidate was found using a mobile phone in the examination hall..mkv,b842b03e5784d867e93770560d88150a526250df69077cd3065edbbd4c842098,dfine_sahi,93660.0,unknown_object,0.3241,433.6,604.51,527.38,717.41,10587.2,93.78,112.9,0.831,False,,True,unattributed,23,evt_01-P04_desk_work_surface_0027,7ef433fc39b0410e,native_source_context_fallback,wrist_confidence_below_floor,29274.0,3.05,,1,01/e1/v1,rtmpose_baseline
corpus_01,01.Candidate was found using a mobile phone in the examination hall..mkv,b842b03e5784d867e93770560d88150a526250df69077cd3065edbbd4c842098,dfine_sahi,93660.0,unknown_object,0.2792,381.94,533.99,412.2,615.48,2465.7,30.26,81.49,0.371,False,,True,unattributed,23,evt_01-P04_desk_work_surface_0027,7ef433fc39b0410e,native_source_context_fallback,wrist_confidence_below_floor,29274.0,3.05,,1,01/e1/v1,rtmpose_baseline
corpus_01,01.Candidate was found using a mobile phone in the examination hall..mkv,b842b03e5784d867e93770560d88150a526250df69077cd3065edbbd4c842098,dfine_sahi,93660.0,unknown_object,0.2781,382.17,508.31,521.25,716.7,28984.7,139.09,208.39,0.667,False,,True,unattributed,23,evt_01-P04_desk_work_surface_0027,7ef433fc39b0410e,native_source_context_fallback,wrist_confidence_below_floor,29274.0,3.05,,1,01/e1/v1,rtmpose_baseline
corpus_01,01.Candidate was found using a mobile phone in the examination hall..mkv,b842b03e5784d867e93770560d88150a526250df69077cd3065edbbd4c842098,dfine_sahi,93660.0,phone,0.2619,373.32,508.15,468.99,608.1,9562.5,95.67,99.95,0.957,False,,True,unattributed,23,evt_01-P04_desk_work_surface_0027,7ef433fc39b0410e,native_source_context_fallback,wrist_confidence_below_floor,29274.0,3.05,,1,01/e1/v1,rtmpose_baseline
corpus_01,01.Candidate was found using a mobile phone in the examination hall..mkv,b842b03e5784d867e93770560d88150a526250df69077cd3065edbbd4c842098,dfine_sahi,93660.0,unknown_object,0.2614,434.03,508.8,518.94,609.15,8519.8,84.9,100.35,0.846,False,,True,unattributed,23,evt_01-P04_desk_work_surface_0027,7ef433fc39b0410e,native_source_context_fallback,wrist_confidence_below_floor,29274.0,3.05,,1,01/e1/v1,rtmpose_baseline
corpus_01,01.Candidate was found using a mobile phone in the examination hall..mkv,b842b03e5784d867e93770560d88150a526250df69077cd3065edbbd4c842098,dfine_sahi,93660.0,unknown_object,0.8654,581.07,530.91,699.93,635.33,12410.6,118.86,104.41,1.138,False,,True,unattributed,20,evt_01-P04_desk_work_surface_0027,95c8fc45c3aa0544,native_source_context_fallback,wrist_confidence_below_floor,42803.3,2.79,,1,01/e1/v1,rtmpose_baseline
corpus_01,01.Candidate was found using a mobile phone in the examination hall..mkv,b842b03e5784d867e93770560d88150a526250df69077cd3065edbbd4c842098,dfine_sahi,93660.0,unknown_object,0.7254,615.58,634.07,705.36,717.01,7446.6,89.79,82.94,1.083,False,,True,unattributed,20,evt_01-P04_desk_work_surface_0027,95c8fc45c3aa0544,native_source_context_fallback,wrist_confidence_below_floor,42803.3,2.79,,1,01/e1/v1,rtmpose_baseline
corpus_01,01.Candidate was found using a mobile phone in the examination hall..mkv,b842b03e5784d867e93770560d88150a526250df69077cd3065edbbd4c842098,dfine_sahi,93660.0,unknown_object,0.7009,526.8,532.86,609.92,635.49,8530.3,83.12,102.63,0.81,False,,True,unattributed,20,evt_01-P04_desk_work_surface_0027,95c8fc45c3aa0544,native_source_context_fallback,wrist_confidence_below_floor,42803.3,2.79,,1,01/e1/v1,rtmpose_baseline
corpus_01,01.Candidate was found using a mobile phone in the examination hall..mkv,b842b03e5784d867e93770560d88150a526250df69077cd3065edbbd4c842098,dfine_sahi,93660.0,unknown_object,0.6908,489.97,533.11,644.54,716.06,28278.8,154.57,182.95,0.845,False,,True,unattributed,20,evt_01-P04_desk_work_surface_0027,95c8fc45c3aa0544,native_source_context_fallback,wrist_confidence_below_floor,42803.3,2.79,,1,01/e1/v1,rtmpose_baseline
corpus_01,01.Candidate was found using a mobile phone in the examination hall..mkv,b842b03e5784d867e93770560d88150a526250df69077cd3065edbbd4c842098,dfine_sahi,93660.0,unknown_object,0.6599,481.01,609.85,609.86,716.87,13789.9,128.85,107.02,1.204,False,,True,unattributed,20,evt_01-P04_desk_work_surface_0027,95c8fc45c3aa0544,native_source_context_fallback,wrist_confidence_below_floor,42803.3,2.79,,1,01/e1/v1,rtmpose_baseline
corpus_01,01.Candidate was found using a mobile phone in the examination hall..mkv,b842b03e5784d867e93770560d88150a526250df69077cd3065edbbd4c842098,dfine_sahi,93660.0,mouse,0.5113,481.91,578.49,532.71,634.17,2828.2,50.79,55.68,0.912,False,,True,unattributed,20,evt_01-P04_desk_work_surface_0027,95c8fc45c3aa0544,native_source_context_fallback,wrist_confidence_below_floor,42803.3,2.79,,1,01/e1/v1,rtmpose_baseline
corpus_01,01.Candidate was found using a mobile phone in the examination hall..mkv,b842b03e5784d867e93770560d88150a526250df69077cd3065edbbd4c842098,dfine_sahi,93660.0,unknown_object,0.4555,687.49,533.75,710.0,554.87,475.5,22.51,21.13,1.065,False,,True,unattributed,20,evt_01-P04_desk_work_surface_0027,95c8fc45c3aa0544,native_source_context_fallback,wrist_confidence_below_floor,42803.3,2.79,,1,01/e1/v1,rtmpose_baseline
corpus_01,01.Candidate was found using a mobile phone in the examination hall..mkv,b842b03e5784d867e93770560d88150a526250df69077cd3065edbbd4c842098,dfine_sahi,93660.0,keyboard,0.3807,481.05,541.87,520.83,598.69,2260.6,39.79,56.82,0.7,False,,True,unattributed,20,evt_01-P04_desk_work_surface_0027,95c8fc45c3aa0544,native_source_context_fallback,wrist_confidence_below_floor,42803.3,2.79,,1,01/e1/v1,rtmpose_baseline
corpus_01,01.Candidate was found using a mobile phone in the examination hall..mkv,b842b03e5784d867e93770560d88150a526250df69077cd3065edbbd4c842098,dfine_sahi,93660.0,unknown_object,0.2876,480.99,531.43,521.41,609.59,3159.7,40.42,78.17,0.517,False,,True,unattributed,20,evt_01-P04_desk_work_surface_0027,95c8fc45c3aa0544,native_source_context_fallback,wrist_confidence_below_floor,42803.3,2.79,,1,01/e1/v1,rtmpose_baseline
corpus_01,01.Candidate was found using a mobile phone in the examination hall..mkv,b842b03e5784d867e93770560d88150a526250df69077cd3065edbbd4c842098,dfine_sahi,93660.0,unknown_object,0.2693,481.03,611.08,523.32,714.24,4362.7,42.29,103.16,0.41,False,,True,unattributed,20,evt_01-P04_desk_work_surface_0027,95c8fc45c3aa0544,native_source_context_fallback,wrist_confidence_below_floor,42803.3,2.79,,1,01/e1/v1,rtmpose_baseline
corpus_01,01.Candidate was found using a mobile phone in the examination hall..mkv,b842b03e5784d867e93770560d88150a526250df69077cd3065edbbd4c842098,dfine_sahi,93660.0,keyboard,0.2529,480.98,571.51,519.77,613.89,1643.5,38.78,42.38,0.915,False,,True,unattributed,20,evt_01-P04_desk_work_surface_0027,95c8fc45c3aa0544,native_source_context_fallback,wrist_confidence_below_floor,42803.3,2.79,,1,01/e1/v1,rtmpose_baseline
corpus_01,01.Candidate was found using a mobile phone in the examination hall..mkv,b842b03e5784d867e93770560d88150a526250df69077cd3065edbbd4c842098,dfine_sahi,94100.0,unknown_object,0.463,544.46,585.23,598.23,657.32,3876.7,53.77,72.1,0.746,False,,True,unattributed,23,evt_01-P01_desk_work_surface_0004,9db944323245ec94,pose_hand_context,,20603.8,3.7,,1,01/e1/v1,rtmpose_baseline
corpus_01,01.Candidate was found using a mobile phone in the examination hall..mkv,b842b03e5784d867e93770560d88150a526250df69077cd3065edbbd4c842098,dfine_sahi,94100.0,unknown_object,0.433,503.36,674.05,520.18,719.51,764.5,16.82,45.46,0.37,False,,True,unattributed,23,evt_01-P01_desk_work_surface_0004,9db944323245ec94,pose_hand_context,,20603.8,3.7,,1,01/e1/v1,rtmpose_baseline
corpus_01,01.Candidate was found using a mobile phone in the examination hall..mkv,b842b03e5784d867e93770560d88150a526250df69077cd3065edbbd4c842098,dfine_sahi,94100.0,unknown_object,0.4255,544.12,624.15,585.03,656.95,1342.2,40.92,32.8,1.247,False,,True,unattributed,23,evt_01-P01_desk_work_surface_0004,9db944323245ec94,pose_hand_context,,20603.8,3.7,,1,01/e1/v1,rtmpose_baseline
corpus_01,01.Candidate was found using a mobile phone in the examination hall..mkv,b842b03e5784d867e93770560d88150a526250df69077cd3065edbbd4c842098,dfine_sahi,94100.0,monitor_or_bezel,0.4222,432.0,673.27,504.11,718.75,3279.9,72.12,45.48,1.586,False,,True,unattributed,23,evt_01-P01_desk_work_surface_0004,9db944323245ec94,pose_hand_context,,20603.8,3.7,,1,01/e1/v1,rtmpose_baseline
corpus_01,01.Candidate was found using a mobile phone in the examination hall..mkv,b842b03e5784d867e93770560d88150a526250df69077cd3065edbbd4c842098,dfine_sahi,94100.0,monitor_or_bezel,0.4212,432.03,585.19,491.41,656.83,4253.8,59.38,71.64,0.829,False,,True,unattributed,23,evt_01-P01_desk_work_surface_0004,9db944323245ec94,pose_hand_context,,20603.8,3.7,,1,01/e1/v1,rtmpose_baseline
corpus_01,01.Candidate was found using a mobile phone in the examination hall..mkv,b842b03e5784d867e93770560d88150a526250df69077cd3065edbbd4c842098,dfine_sahi,94100.0,unknown_object,0.3646,573.0,626.44,605.0,719.1,2965.0,32.0,92.66,0.345,False,,True,unattributed,23,evt_01-P01_desk_work_surface_0004,9db944323245ec94,pose_hand_context,,20603.8,3.7,,1,01/e1/v1,rtmpose_baseline
corpus_01,01.Candidate was found using a mobile phone in the examination hall..mkv,b842b03e5784d867e93770560d88150a526250df69077cd3065edbbd4c842098,dfine_sahi,94100.0,monitor_or_bezel,0.3568,431.95,600.15,504.65,718.48,8603.0,72.7,118.33,0.614,False,,True,unattributed,23,evt_01-P01_desk_work_surface_0004,9db944323245ec94,pose_hand_context,,20603.8,3.7,,1,01/e1/v1,rtmpose_baseline
corpus_01,01.Candidate was found using a mobile phone in the examination hall..mkv,b842b03e5784d867e93770560d88150a526250df69077cd3065edbbd4c842098,dfine_sahi,94100.0,keyboard,0.3295,431.99,672.07,502.57,703.13,2191.9,70.58,31.06,2.273,False,,True,unattributed,23,evt_01-P01_desk_work_surface_0004,9db944323245ec94,pose_hand_context,,20603.8,3.7,,1,01/e1/v1,rtmpose_baseline
corpus_01,01.Candidate was found using a mobile phone in the examination hall..mkv,b842b03e5784d867e93770560d88150a526250df69077cd3065edbbd4c842098,dfine_sahi,94100.0,unknown_object,0.3199,545.27,600.06,604.97,719.12,7107.9,59.7,119.06,0.501,False,,True,unattributed,23,evt_01-P01_desk_work_surface_0004,9db944323245ec94,pose_hand_context,,20603.8,3.7,,1,01/e1/v1,rtmpose_baseline
corpus_01,01.Candidate was found using a mobile phone in the examination hall..mkv,b842b03e5784d867e93770560d88150a526250df69077cd3065edbbd4c842098,dfine_sahi,94100.0,unknown_object,0.3179,581.4,626.39,605.0,680.19,1269.5,23.6,53.79,0.439,False,,True,unattributed,23,evt_01-P01_desk_work_surface_0004,9db944323245ec94,pose_hand_context,,20603.8,3.7,,1,01/e1/v1,rtmpose_baseline
corpus_01,01.Candidate was found using a mobile phone in the examination hall..mkv,b842b03e5784d867e93770560d88150a526250df69077cd3065edbbd4c842098,dfine_sahi,94100.0,unknown_object,0.2968,431.99,672.33,503.39,718.95,3328.7,71.39,46.62,1.531,False,,True,unattributed,23,evt_01-P01_desk_work_surface_0004,9db944323245ec94,pose_hand_context,,20603.8,3.7,,1,01/e1/v1,rtmpose_baseline
corpus_01,01.Candidate was found using a mobile phone in the examination hall..mkv,b842b03e5784d867e93770560d88150a526250df69077cd3065edbbd4c842098,dfine_sahi,94100.0,unknown_object,0.2791,512.18,654.28,587.32,719.28,4884.4,75.14,65.0,1.156,False,,True,unattributed,23,evt_01-P01_desk_work_surface_0004,9db944323245ec94,pose_hand_context,,20603.8,3.7,,1,01/e1/v1,rtmpose_baseline
corpus_01,01.Candidate was found using a mobile phone in the examination hall..mkv,b842b03e5784d867e93770560d88150a526250df69077cd3065edbbd4c842098,dfine_sahi,94100.0,unknown_object,0.2704,432.07,585.18,488.93,625.04,2266.4,56.86,39.86,1.426,False,,True,unattributed,23,evt_01-P01_desk_work_surface_0004,9db944323245ec94,pose_hand_context,,20603.8,3.7,,1,01/e1/v1,rtmpose_baseline
corpus_01,01.Candidate was found using a mobile phone in the examination hall..mkv,b842b03e5784d867e93770560d88150a526250df69077cd3065edbbd4c842098,dfine_sahi,94100.0,unknown_object,0.7595,692.34,438.67,742.94,576.63,6979.9,50.59,137.96,0.367,False,,True,unattributed,20,evt_01-P01_desk_work_surface_0004,b6c885fe93a4d710,pose_hand_context,,79912.8,2.26,,1,01/e1/v1,rtmpose_baseline
corpus_01,01.Candidate was found using a mobile phone in the examination hall..mkv,b842b03e5784d867e93770560d88150a526250df69077cd3065edbbd4c842098,dfine_sahi,94100.0,unknown_object,0.7139,599.21,453.3,698.04,594.24,13929.9,98.84,140.94,0.701,False,,True,unattributed,20,evt_01-P01_desk_work_surface_0004,b6c885fe93a4d710,pose_hand_context,,79912.8,2.26,,1,01/e1/v1,rtmpose_baseline
corpus_01,01.Candidate was found using a mobile phone in the examination hall..mkv,b842b03e5784d867e93770560d88150a526250df69077cd3065edbbd4c842098,dfine_sahi,94100.0,unknown_object,0.5949,582.95,564.16,742.97,718.21,24650.1,160.02,154.05,1.039,False,,True,unattributed,20,evt_01-P01_desk_work_surface_0004,b6c885fe93a4d710,pose_hand_context,,79912.8,2.26,,1,01/e1/v1,rtmpose_baseline
corpus_01,01.Candidate was found using a mobile phone in the examination hall..mkv,b842b03e5784d867e93770560d88150a526250df69077cd3065edbbd4c842098,dfine_sahi,94100.0,unknown_object,0.4821,543.98,561.85,617.96,719.61,11671.3,73.98,157.77,0.469,False,,True,unattributed,20,evt_01-P01_desk_work_surface_0004,b6c885fe93a4d710,pose_hand_context,,79912.8,2.26,,1,01/e1/v1,rtmpose_baseline
corpus_01,01.Candidate was found using a mobile phone in the examination hall..mkv,b842b03e5784d867e93770560d88150a526250df69077cd3065edbbd4c842098,dfine_sahi,94100.0,unknown_object,0.4719,561.52,575.28,611.66,595.73,1025.1,50.15,20.44,2.453,False,,True,unattributed,20,evt_01-P01_desk_work_surface_0004,b6c885fe93a4d710,pose_hand_context,,79912.8,2.26,,1,01/e1/v1,rtmpose_baseline
corpus_01,01.Candidate was found using a mobile phone in the examination hall..mkv,b842b03e5784d867e93770560d88150a526250df69077cd3065edbbd4c842098,dfine_sahi,94100.0,unknown_object,0.4137,459.01,550.07,504.21,710.12,7235.0,45.2,160.05,0.282,False,,True,unattributed,20,evt_01-P01_desk_work_surface_0004,b6c885fe93a4d710,pose_hand_context,,79912.8,2.26,,1,01/e1/v1,rtmpose_baseline
corpus_01,01.Candidate was found using a mobile phone in the examination hall..mkv,b842b03e5784d867e93770560d88150a526250df69077cd3065edbbd4c842098,dfine_sahi,94100.0,unknown_object,0.3679,588.29,560.94,703.1,629.42,7862.8,114.81,68.48,1.677,False,,True,unattributed,20,evt_01-P01_desk_work_surface_0004,b6c885fe93a4d710,pose_hand_context,,79912.8,2.26,,1,01/e1/v1,rtmpose_baseline
corpus_01,01.Candidate was found using a mobile phone in the examination hall..mkv,b842b03e5784d867e93770560d88150a526250df69077cd3065edbbd4c842098,dfine_sahi,94100.0,unknown_object,0.3488,698.78,570.97,742.23,595.66,1072.7,43.44,24.69,1.759,False,,True,unattributed,20,evt_01-P01_desk_work_surface_0004,b6c885fe93a4d710,pose_hand_context,,79912.8,2.26,,1,01/e1/v1,rtmpose_baseline
corpus_01,01.Candidate was found using a mobile phone in the examination hall..mkv,b842b03e5784d867e93770560d88150a526250df69077cd3065edbbd4c842098,dfine_sahi,94100.0,unknown_object,0.3332,572.87,670.84,617.99,719.93,2215.2,45.13,49.09,0.919,False,,True,unattributed,20,evt_01-P01_desk_work_surface_0004,b6c885fe93a4d710,pose_hand_context,,79912.8,2.26,,1,01/e1/v1,rtmpose_baseline
corpus_01,01.Candidate was found using a mobile phone in the examination hall..mkv,b842b03e5784d867e93770560d88150a526250df69077cd3065edbbd4c842098,dfine_sahi,94100.0,unknown_object,0.3129,572.92,510.27,603.66,538.42,865.5,30.74,28.15,1.092,False,,True,unattributed,20,evt_01-P01_desk_work_surface_0004,b6c885fe93a4d710,pose_hand_context,,79912.8,2.26,,1,01/e1/v1,rtmpose_baseline
corpus_01,01.Candidate was found using a mobile phone in the examination hall..mkv,b842b03e5784d867e93770560d88150a526250df69077cd3065edbbd4c842098,dfine_sahi,94100.0,unknown_object,0.31,576.06,438.57,694.7,522.45,9950.6,118.64,83.87,1.415,False,,True,unattributed,20,evt_01-P01_desk_work_surface_0004,b6c885fe93a4d710,pose_hand_context,,79912.8,2.26,,1,01/e1/v1,rtmpose_baseline
corpus_01,01.Candidate was found using a mobile phone in the examination hall..mkv,b842b03e5784d867e93770560d88150a526250df69077cd3065edbbd4c842098,dfine_sahi,94100.0,unknown_object,0.2727,561.28,553.64,616.99,595.43,2328.2,55.71,41.79,1.333,False,,True,unattributed,20,evt_01-P01_desk_work_surface_0004,b6c885fe93a4d710,pose_hand_context,,79912.8,2.26,,1,01/e1/v1,rtmpose_baseline
corpus_01,01.Candidate was found using a mobile phone in the examination hall..mkv,b842b03e5784d867e93770560d88150a526250df69077cd3065edbbd4c842098,dfine_sahi,94100.0,unknown_object,0.2695,459.0,438.36,529.61,509.94,5054.4,70.61,71.58,0.986,False,,True,unattributed,20,evt_01-P01_desk_work_surface_0004,b6c885fe93a4d710,pose_hand_context,,79912.8,2.26,,1,01/e1/v1,rtmpose_baseline
corpus_01,01.Candidate was found using a mobile phone in the examination hall..mkv,b842b03e5784d867e93770560d88150a526250df69077cd3065edbbd4c842098,dfine_sahi,94100.0,unknown_object,0.2693,639.62,438.63,695.28,510.74,4013.8,55.66,72.11,0.772,False,,True,unattributed,20,evt_01-P01_desk_work_surface_0004,b6c885fe93a4d710,pose_hand_context,,79912.8,2.26,,1,01/e1/v1,rtmpose_baseline
corpus_01,01.Candidate was found using a mobile phone in the examination hall..mkv,b842b03e5784d867e93770560d88150a526250df69077cd3065edbbd4c842098,dfine_sahi,94100.0,unknown_object,0.2655,458.99,500.12,530.13,593.58,6648.4,71.13,93.46,0.761,False,,True,unattributed,20,evt_01-P01_desk_work_surface_0004,b6c885fe93a4d710,pose_hand_context,,79912.8,2.26,,1,01/e1/v1,rtmpose_baseline
corpus_01,01.Candidate was found using a mobile phone in the examination hall..mkv,b842b03e5784d867e93770560d88150a526250df69077cd3065edbbd4c842098,dfine_sahi,94100.0,unknown_object,0.2608,575.94,452.38,639.28,516.83,4082.6,63.34,64.45,0.983,False,,True,unattributed,20,evt_01-P01_desk_work_surface_0004,b6c885fe93a4d710,pose_hand_context,,79912.8,2.26,,1,01/e1/v1,rtmpose_baseline
corpus_01,01.Candidate was found using a mobile phone in the examination hall..mkv,b842b03e5784d867e93770560d88150a526250df69077cd3065edbbd4c842098,dfine_sahi,94100.0,unknown_object,0.2509,583.05,437.97,614.45,468.15,947.9,31.4,30.19,1.04,False,,True,unattributed,20,evt_01-P01_desk_work_surface_0004,b6c885fe93a4d710,pose_hand_context,,79912.8,2.26,,1,01/e1/v1,rtmpose_baseline
corpus_01,01.Candidate was found using a mobile phone in the examination hall..mkv,b842b03e5784d867e93770560d88150a526250df69077cd3065edbbd4c842098,dfine_sahi,94620.0,unknown_object,0.7709,610.0,469.49,676.72,563.44,6268.4,66.72,93.95,0.71,False,,True,unattributed,23,evt_01-P01_upper_body_0008,32d51cf4abbecb61,native_source_context_fallback,no_pose_observation,27151.6,3.61,,1,01/e1/v1,
corpus_01,01.Candidate was found using a mobile phone in the examination hall..mkv,b842b03e5784d867e93770560d88150a526250df69077cd3065edbbd4c842098,dfine_sahi,94620.0,unknown_object,0.623,610.02,391.78,720.12,566.16,19198.7,110.1,174.37,0.631,False,,True,unattributed,23,evt_01-P01_upper_body_0008,32d51cf4abbecb61,native_source_context_fallback,no_pose_observation,27151.6,3.61,,1,01/e1/v1,
corpus_01,01.Candidate was found using a mobile phone in the examination hall..mkv,b842b03e5784d867e93770560d88150a526250df69077cd3065edbbd4c842098,dfine_sahi,94620.0,unknown_object,0.5501,707.98,449.78,738.92,506.4,1751.4,30.93,56.62,0.546,False,,True,unattributed,23,evt_01-P01_upper_body_0008,32d51cf4abbecb61,native_source_context_fallback,no_pose_observation,27151.6,3.61,,1,01/e1/v1,
corpus_01,01.Candidate was found using a mobile phone in the examination hall..mkv,b842b03e5784d867e93770560d88150a526250df69077cd3065edbbd4c842098,dfine_sahi,94620.0,unknown_object,0.5242,691.53,404.94,738.92,453.34,2293.5,47.39,48.4,0.979,False,,True,unattributed,23,evt_01-P01_upper_body_0008,32d51cf4abbecb61,native_source_context_fallback,no_pose_observation,27151.6,3.61,,1,01/e1/v1,
corpus_01,01.Candidate was found using a mobile phone in the examination hall..mkv,b842b03e5784d867e93770560d88150a526250df69077cd3065edbbd4c842098,dfine_sahi,94620.0,unknown_object,0.4514,647.95,467.13,717.57,566.31,6905.5,69.62,99.19,0.702,False,,True,unattributed,23,evt_01-P01_upper_body_0008,32d51cf4abbecb61,native_source_context_fallback,no_pose_observation,27151.6,3.61,,1,01/e1/v1,
corpus_01,01.Candidate was found using a mobile phone in the examination hall..mkv,b842b03e5784d867e93770560d88150a526250df69077cd3065edbbd4c842098,dfine_sahi,94620.0,bag,0.4486,686.95,390.1,729.14,416.63,1119.7,42.19,26.54,1.59,False,,True,unattributed,23,evt_01-P01_upper_body_0008,32d51cf4abbecb61,native_source_context_fallback,no_pose_observation,27151.6,3.61,,1,01/e1/v1,
corpus_01,01.Candidate was found using a mobile phone in the examination hall..mkv,b842b03e5784d867e93770560d88150a526250df69077cd3065edbbd4c842098,dfine_sahi,94620.0,unknown_object,0.3877,586.04,485.06,616.84,565.89,2489.6,30.8,80.83,0.381,False,,True,unattributed,23,evt_01-P01_upper_body_0008,32d51cf4abbecb61,native_source_context_fallback,no_pose_observation,27151.6,3.61,,1,01/e1/v1,
corpus_01,01.Candidate was found using a mobile phone in the examination hall..mkv,b842b03e5784d867e93770560d88150a526250df69077cd3065edbbd4c842098,dfine_sahi,94620.0,unknown_object,0.3647,588.6,526.17,738.52,566.91,6108.0,149.92,40.74,3.68,False,,True,unattributed,23,evt_01-P01_upper_body_0008,32d51cf4abbecb61,native_source_context_fallback,no_pose_observation,27151.6,3.61,,1,01/e1/v1,
corpus_01,01.Candidate was found using a mobile phone in the examination hall..mkv,b842b03e5784d867e93770560d88150a526250df69077cd3065edbbd4c842098,dfine_sahi,94620.0,unknown_object,0.3406,606.5,474.46,632.03,490.0,396.8,25.53,15.54,1.642,False,,True,unattributed,23,evt_01-P01_upper_body_0008,32d51cf4abbecb61,native_source_context_fallback,no_pose_observation,27151.6,3.61,,1,01/e1/v1,
corpus_01,01.Candidate was found using a mobile phone in the examination hall..mkv,b842b03e5784d867e93770560d88150a526250df69077cd3065edbbd4c842098,dfine_sahi,94620.0,unknown_object,0.3321,621.16,390.63,681.17,437.7,2824.8,60.01,47.07,1.275,False,,True,unattributed,23,evt_01-P01_upper_body_0008,32d51cf4abbecb61,native_source_context_fallback,no_pose_observation,27151.6,3.61,,1,01/e1/v1,
corpus_01,01.Candidate was found using a mobile phone in the examination hall..mkv,b842b03e5784d867e93770560d88150a526250df69077cd3065edbbd4c842098,dfine_sahi,94620.0,bag,0.3287,620.96,390.28,676.76,435.95,2548.6,55.8,45.68,1.222,False,,True,unattributed,23,evt_01-P01_upper_body_0008,32d51cf4abbecb61,native_source_context_fallback,no_pose_observation,27151.6,3.61,,1,01/e1/v1,
corpus_01,01.Candidate was found using a mobile phone in the examination hall..mkv,b842b03e5784d867e93770560d88150a526250df69077cd3065edbbd4c842098,dfine_sahi,94620.0,unknown_object,0.3207,693.89,431.33,720.39,460.16,763.8,26.5,28.82,0.919,False,,True,unattributed,23,evt_01-P01_upper_body_0008,32d51cf4abbecb61,native_source_context_fallback,no_pose_observation,27151.6,3.61,,1,01/e1/v1,
corpus_01,01.Candidate was found using a mobile phone in the examination hall..mkv,b842b03e5784d867e93770560d88150a526250df69077cd3065edbbd4c842098,dfine_sahi,94620.0,unknown_object,0.3075,610.46,474.55,636.49,528.86,1413.9,26.03,54.31,0.479,False,,True,unattributed,23,evt_01-P01_upper_body_0008,32d51cf4abbecb61,native_source_context_fallback,no_pose_observation,27151.6,3.61,,1,01/e1/v1,
corpus_01,01.Candidate was found using a mobile phone in the examination hall..mkv,b842b03e5784d867e93770560d88150a526250df69077cd3065edbbd4c842098,dfine_sahi,94620.0,unknown_object,0.3009,585.92,426.74,620.57,464.95,1323.7,34.64,38.21,0.907,False,,True,unattributed,23,evt_01-P01_upper_body_0008,32d51cf4abbecb61,native_source_context_fallback,no_pose_observation,27151.6,3.61,,1,01/e1/v1,
corpus_01,01.Candidate was found using a mobile phone in the examination hall..mkv,b842b03e5784d867e93770560d88150a526250df69077cd3065edbbd4c842098,dfine_sahi,94620.0,bag,0.2984,648.0,415.91,719.03,489.43,5222.5,71.04,73.52,0.966,False,,True,unattributed,23,evt_01-P01_upper_body_0008,32d51cf4abbecb61,native_source_context_fallback,no_pose_observation,27151.6,3.61,,1,01/e1/v1,
corpus_01,01.Candidate was found using a mobile phone in the examination hall..mkv,b842b03e5784d867e93770560d88150a526250df69077cd3065edbbd4c842098,dfine_sahi,94620.0,bag,0.2966,628.76,417.16,676.87,489.59,3484.7,48.11,72.43,0.664,False,,True,unattributed,23,evt_01-P01_upper_body_0008,32d51cf4abbecb61,native_source_context_fallback,no_pose_observation,27151.6,3.61,,1,01/e1/v1,
corpus_01,01.Candidate was found using a mobile phone in the examination hall..mkv,b842b03e5784d867e93770560d88150a526250df69077cd3065edbbd4c842098,dfine_sahi,94620.0,unknown_object,0.2578,580.93,390.15,620.83,429.8,1581.8,39.9,39.65,1.006,False,,True,unattributed,23,evt_01-P01_upper_body_0008,32d51cf4abbecb61,native_source_context_fallback,no_pose_observation,27151.6,3.61,,1,01/e1/v1,
corpus_01,01.Candidate was found using a mobile phone in the examination hall..mkv,b842b03e5784d867e93770560d88150a526250df69077cd3065edbbd4c842098,dfine_sahi,94620.0,unknown_object,0.2569,686.37,390.07,729.51,416.22,1128.0,43.14,26.15,1.65,False,,True,unattributed,23,evt_01-P01_upper_body_0008,32d51cf4abbecb61,native_source_context_fallback,no_pose_observation,27151.6,3.61,,1,01/e1/v1,
corpus_01,01.Candidate was found using a mobile phone in the examination hall..mkv,b842b03e5784d867e93770560d88150a526250df69077cd3065edbbd4c842098,dfine_sahi,94620.0,unknown_object,0.7702,612.1,410.53,707.9,503.17,8874.9,95.8,92.64,1.034,False,,True,unattributed,25,evt_01-P01_upper_body_0008,4ba0c4be5964f03b,native_source_context_fallback,no_pose_observation,6983.2,7.01,,1,01/e1/v1,
corpus_01,01.Candidate was found using a mobile phone in the examination hall..mkv,b842b03e5784d867e93770560d88150a526250df69077cd3065edbbd4c842098,dfine_sahi,94620.0,mouse,0.6544,639.11,369.03,660.09,378.02,188.5,20.99,8.98,2.336,False,,True,unattributed,25,evt_01-P01_upper_body_0008,4ba0c4be5964f03b,native_source_context_fallback,no_pose_observation,6983.2,7.01,,1,01/e1/v1,
corpus_01,01.Candidate was found using a mobile phone in the examination hall..mkv,b842b03e5784d867e93770560d88150a526250df69077cd3065edbbd4c842098,dfine_sahi,94620.0,unknown_object,0.5537,610.33,474.55,635.42,503.69,731.2,25.09,29.14,0.861,False,,True,unattributed,25,evt_01-P01_upper_body_0008,4ba0c4be5964f03b,native_source_context_fallback,no_pose_observation,6983.2,7.01,,1,01/e1/v1,
corpus_01,01.Candidate was found using a mobile phone in the examination hall..mkv,b842b03e5784d867e93770560d88150a526250df69077cd3065edbbd4c842098,dfine_sahi,94620.0,unknown_object,0.389,579.02,368.03,674.95,463.4,9148.9,95.93,95.37,1.006,False,,True,unattributed,25,evt_01-P01_upper_body_0008,4ba0c4be5964f03b,native_source_context_fallback,no_pose_observation,6983.2,7.01,,1,01/e1/v1,
corpus_01,01.Candidate was found using a mobile phone in the examination hall..mkv,b842b03e5784d867e93770560d88150a526250df69077cd3065edbbd4c842098,dfine_sahi,94620.0,unknown_object,0.3806,579.02,424.88,621.19,471.72,1975.0,42.17,46.84,0.9,False,,True,unattributed,25,evt_01-P01_upper_body_0008,4ba0c4be5964f03b,native_source_context_fallback,no_pose_observation,6983.2,7.01,,1,01/e1/v1,
corpus_01,01.Candidate was found using a mobile phone in the examination hall..mkv,b842b03e5784d867e93770560d88150a526250df69077cd3065edbbd4c842098,dfine_sahi,94620.0,unknown_object,0.3743,621.13,388.45,680.59,435.71,2809.8,59.46,47.26,1.258,False,,True,unattributed,25,evt_01-P01_upper_body_0008,4ba0c4be5964f03b,native_source_context_fallback,no_pose_observation,6983.2,7.01,,1,01/e1/v1,
corpus_01,01.Candidate was found using a mobile phone in the examination hall..mkv,b842b03e5784d867e93770560d88150a526250df69077cd3065edbbd4c842098,dfine_sahi,94620.0,unknown_object,0.3103,596.01,427.23,621.15,455.57,712.3,25.13,28.34,0.887,False,,True,unattributed,25,evt_01-P01_upper_body_0008,4ba0c4be5964f03b,native_source_context_fallback,no_pose_observation,6983.2,7.01,,1,01/e1/v1,
corpus_01,01.Candidate was found using a mobile phone in the examination hall..mkv,b842b03e5784d867e93770560d88150a526250df69077cd3065edbbd4c842098,dfine_sahi,94620.0,unknown_object,0.3092,628.95,417.97,674.94,463.57,2097.4,45.99,45.61,1.008,False,,True,unattributed,25,evt_01-P01_upper_body_0008,4ba0c4be5964f03b,native_source_context_fallback,no_pose_observation,6983.2,7.01,,1,01/e1/v1,
corpus_01,01.Candidate was found using a mobile phone in the examination hall..mkv,b842b03e5784d867e93770560d88150a526250df69077cd3065edbbd4c842098,dfine_sahi,94620.0,unknown_object,0.2994,610.08,473.95,674.83,503.65,1923.0,64.75,29.7,2.18,False,,True,unattributed,25,evt_01-P01_upper_body_0008,4ba0c4be5964f03b,native_source_context_fallback,no_pose_observation,6983.2,7.01,,1,01/e1/v1,
corpus_01,01.Candidate was found using a mobile phone in the examination hall..mkv,b842b03e5784d867e93770560d88150a526250df69077cd3065edbbd4c842098,dfine_sahi,94620.0,unknown_object,0.2904,612.79,369.04,660.17,380.67,551.1,47.37,11.63,4.073,False,,True,unattributed,25,evt_01-P01_upper_body_0008,4ba0c4be5964f03b,native_source_context_fallback,no_pose_observation,6983.2,7.01,,1,01/e1/v1,
corpus_01,01.Candidate was found using a mobile phone in the examination hall..mkv,b842b03e5784d867e93770560d88150a526250df69077cd3065edbbd4c842098,dfine_sahi,94620.0,bag,0.2595,621.53,408.09,673.21,435.79,1431.4,51.68,27.7,1.866,False,,True,unattributed,25,evt_01-P01_upper_body_0008,4ba0c4be5964f03b,native_source_context_fallback,no_pose_observation,6983.2,7.01,,1,01/e1/v1,
corpus_01,01.Candidate was found using a mobile phone in the examination hall..mkv,b842b03e5784d867e93770560d88150a526250df69077cd3065edbbd4c842098,dfine_sahi,94620.0,unknown_object,0.2577,579.07,408.1,621.18,429.75,911.6,42.11,21.65,1.945,False,,True,unattributed,25,evt_01-P01_upper_body_0008,4ba0c4be5964f03b,native_source_context_fallback,no_pose_observation,6983.2,7.01,,1,01/e1/v1,
corpus_01,01.Candidate was found using a mobile phone in the examination hall..mkv,b842b03e5784d867e93770560d88150a526250df69077cd3065edbbd4c842098,dfine_sahi,94620.0,unknown_object,0.2543,603.58,368.05,674.92,420.41,3735.5,71.33,52.37,1.362,False,,True,unattributed,25,evt_01-P01_upper_body_0008,4ba0c4be5964f03b,native_source_context_fallback,no_pose_observation,6983.2,7.01,,1,01/e1/v1,
corpus_01,01.Candidate was found using a mobile phone in the examination hall..mkv,b842b03e5784d867e93770560d88150a526250df69077cd3065edbbd4c842098,dfine_sahi,94620.0,unknown_object,0.7644,610.15,472.07,673.91,561.05,5673.0,63.76,88.98,0.717,False,,True,unattributed,24,evt_01-P01_upper_body_0008,65f95c2461713bcc,pose_hand_context,,11008.2,6.1,,1,01/e1/v1,rtmpose_baseline
corpus_01,01.Candidate was found using a mobile phone in the examination hall..mkv,b842b03e5784d867e93770560d88150a526250df69077cd3065edbbd4c842098,dfine_sahi,94620.0,unknown_object,0.6987,578.61,527.51,645.95,593.83,4466.5,67.34,66.32,1.015,False,,True,unattributed,24,evt_01-P01_upper_body_0008,65f95c2461713bcc,pose_hand_context,,11008.2,6.1,,1,01/e1/v1,rtmpose_baseline
corpus_01,01.Candidate was found using a mobile phone in the examination hall..mkv,b842b03e5784d867e93770560d88150a526250df69077cd3065edbbd4c842098,dfine_sahi,94620.0,unknown_object,0.6842,610.2,474.53,636.66,529.0,1441.0,26.46,54.47,0.486,False,,True,unattributed,24,evt_01-P01_upper_body_0008,65f95c2461713bcc,pose_hand_context,,11008.2,6.1,,1,01/e1/v1,rtmpose_baseline
corpus_01,01.Candidate was found using a mobile phone in the examination hall..mkv,b842b03e5784d867e93770560d88150a526250df69077cd3065edbbd4c842098,dfine_sahi,94620.0,unknown_object,0.4275,595.52,527.66,641.97,547.88,939.0,46.45,20.22,2.298,False,,True,unattributed,24,evt_01-P01_upper_body_0008,65f95c2461713bcc,pose_hand_context,,11008.2,6.1,,1,01/e1/v1,rtmpose_baseline
corpus_01,01.Candidate was found using a mobile phone in the examination hall..mkv,b842b03e5784d867e93770560d88150a526250df69077cd3065edbbd4c842098,dfine_sahi,94620.0,unknown_object,0.4235,586.45,486.97,616.88,547.49,1841.5,30.43,60.52,0.503,False,,True,unattributed,24,evt_01-P01_upper_body_0008,65f95c2461713bcc,pose_hand_context,,11008.2,6.1,,1,01/e1/v1,rtmpose_baseline
corpus_01,01.Candidate was found using a mobile phone in the examination hall..mkv,b842b03e5784d867e93770560d88150a526250df69077cd3065edbbd4c842098,dfine_sahi,94620.0,unknown_object,0.3397,628.47,452.24,691.85,547.15,6015.8,63.38,94.92,0.668,False,,True,unattributed,24,evt_01-P01_upper_body_0008,65f95c2461713bcc,pose_hand_context,,11008.2,6.1,,1,01/e1/v1,rtmpose_baseline
corpus_01,01.Candidate was found using a mobile phone in the examination hall..mkv,b842b03e5784d867e93770560d88150a526250df69077cd3065edbbd4c842098,dfine_sahi,94620.0,unknown_object,0.3062,550.04,452.11,599.32,498.77,2299.6,49.28,46.67,1.056,False,,True,unattributed,24,evt_01-P01_upper_body_0008,65f95c2461713bcc,pose_hand_context,,11008.2,6.1,,1,01/e1/v1,rtmpose_baseline
corpus_01,01.Candidate was found using a mobile phone in the examination hall..mkv,b842b03e5784d867e93770560d88150a526250df69077cd3065edbbd4c842098,dfine_sahi,94620.0,unknown_object,0.2848,613.75,565.22,657.21,593.81,1242.5,43.46,28.59,1.52,False,,True,unattributed,24,evt_01-P01_upper_body_0008,65f95c2461713bcc,pose_hand_context,,11008.2,6.1,,1,01/e1/v1,rtmpose_baseline
corpus_01,01.Candidate was found using a mobile phone in the examination hall..mkv,b842b03e5784d867e93770560d88150a526250df69077cd3065edbbd4c842098,dfine_sahi,94620.0,unknown_object,0.2845,596.09,527.46,691.79,593.74,6343.1,95.7,66.28,1.444,False,,True,unattributed,24,evt_01-P01_upper_body_0008,65f95c2461713bcc,pose_hand_context,,11008.2,6.1,,1,01/e1/v1,rtmpose_baseline
corpus_01,01.Candidate was found using a mobile phone in the examination hall..mkv,b842b03e5784d867e93770560d88150a526250df69077cd3065edbbd4c842098,dfine_sahi,94620.0,unknown_object,0.2619,595.98,453.8,630.87,546.01,3216.3,34.88,92.21,0.378,False,,True,unattributed,24,evt_01-P01_upper_body_0008,65f95c2461713bcc,pose_hand_context,,11008.2,6.1,,1,01/e1/v1,rtmpose_baseline
corpus_01,01.Candidate was found using a mobile phone in the examination hall..mkv,b842b03e5784d867e93770560d88150a526250df69077cd3065edbbd4c842098,dfine_sahi,94620.0,bag,0.259,549.98,539.65,587.31,593.48,2009.1,37.32,53.83,0.693,False,,True,unattributed,24,evt_01-P01_upper_body_0008,65f95c2461713bcc,pose_hand_context,,11008.2,6.1,,1,01/e1/v1,rtmpose_baseline
corpus_01,01.Candidate was found using a mobile phone in the examination hall..mkv,b842b03e5784d867e93770560d88150a526250df69077cd3065edbbd4c842098,dfine_sahi,94620.0,unknown_object,0.7154,604.02,524.19,750.99,652.65,18881.0,146.97,128.46,1.144,False,,True,unattributed,26,evt_01-P01_upper_body_0008,aa8dddfe4ce6ab00,pose_hand_context,,68392.7,2.45,,1,01/e1/v1,rtmpose_baseline
corpus_01,01.Candidate was found using a mobile phone in the examination hall..mkv,b842b03e5784d867e93770560d88150a526250df69077cd3065edbbd4c842098,dfine_sahi,94620.0,unknown_object,0.6778,518.12,540.15,586.53,652.12,7659.5,68.41,111.97,0.611,False,,True,unattributed,26,evt_01-P01_upper_body_0008,aa8dddfe4ce6ab00,pose_hand_context,,68392.7,2.45,,1,01/e1/v1,rtmpose_baseline
corpus_01,01.Candidate was found using a mobile phone in the examination hall..mkv,b842b03e5784d867e93770560d88150a526250df69077cd3065edbbd4c842098,dfine_sahi,94620.0,unknown_object,0.5743,489.15,392.27,627.96,538.14,20248.4,138.81,145.87,0.952,False,,True,unattributed,26,evt_01-P01_upper_body_0008,aa8dddfe4ce6ab00,pose_hand_context,,68392.7,2.45,,1,01/e1/v1,rtmpose_baseline
corpus_01,01.Candidate was found using a mobile phone in the examination hall..mkv,b842b03e5784d867e93770560d88150a526250df69077cd3065edbbd4c842098,dfine_sahi,94620.0,unknown_object,0.5015,691.26,404.7,750.68,455.0,2988.2,59.42,50.29,1.182,False,,True,unattributed,26,evt_01-P01_upper_body_0008,aa8dddfe4ce6ab00,pose_hand_context,,68392.7,2.45,,1,01/e1/v1,rtmpose_baseline
corpus_01,01.Candidate was found using a mobile phone in the examination hall..mkv,b842b03e5784d867e93770560d88150a526250df69077cd3065edbbd4c842098,dfine_sahi,94620.0,unknown_object,0.4884,707.43,447.59,750.94,528.44,3518.0,43.51,80.85,0.538,False,,True,unattributed,26,evt_01-P01_upper_body_0008,aa8dddfe4ce6ab00,pose_hand_context,,68392.7,2.45,,1,01/e1/v1,rtmpose_baseline
corpus_01,01.Candidate was found using a mobile phone in the examination hall..mkv,b842b03e5784d867e93770560d88150a526250df69077cd3065edbbd4c842098,dfine_sahi,94620.0,unknown_object,0.4564,577.78,526.65,635.99,652.59,7330.3,58.2,125.94,0.462,False,,True,unattributed,26,evt_01-P01_upper_body_0008,aa8dddfe4ce6ab00,pose_hand_context,,68392.7,2.45,,1,01/e1/v1,rtmpose_baseline
corpus_01,01.Candidate was found using a mobile phone in the examination hall..mkv,b842b03e5784d867e93770560d88150a526250df69077cd3065edbbd4c842098,dfine_sahi,94620.0,unknown_object,0.4516,598.43,527.64,635.88,538.98,425.0,37.46,11.35,3.301,False,,True,unattributed,26,evt_01-P01_upper_body_0008,aa8dddfe4ce6ab00,pose_hand_context,,68392.7,2.45,,1,01/e1/v1,rtmpose_baseline
corpus_01,01.Candidate was found using a mobile phone in the examination hall..mkv,b842b03e5784d867e93770560d88150a526250df69077cd3065edbbd4c842098,dfine_sahi,94620.0,phone,0.4356,618.4,474.74,630.84,489.99,189.7,12.44,15.25,0.816,False,,True,unattributed,26,evt_01-P01_upper_body_0008,aa8dddfe4ce6ab00,pose_hand_context,,68392.7,2.45,,1,01/e1/v1,rtmpose_baseline
corpus_01,01.Candidate was found using a mobile phone in the examination hall..mkv,b842b03e5784d867e93770560d88150a526250df69077cd3065edbbd4c842098,dfine_sahi,94620.0,monitor_or_bezel,0.4253,489.07,392.4,531.62,452.75,2568.2,42.55,60.35,0.705,False,,True,unattributed,26,evt_01-P01_upper_body_0008,aa8dddfe4ce6ab00,pose_hand_context,,68392.7,2.45,,1,01/e1/v1,rtmpose_baseline
corpus_01,01.Candidate was found using a mobile phone in the examination hall..mkv,b842b03e5784d867e93770560d88150a526250df69077cd3065edbbd4c842098,dfine_sahi,94620.0,unknown_object,0.4096,627.89,415.76,718.38,538.19,11078.4,90.49,122.43,0.739,False,,True,unattributed,26,evt_01-P01_upper_body_0008,aa8dddfe4ce6ab00,pose_hand_context,,68392.7,2.45,,1,01/e1/v1,rtmpose_baseline
corpus_01,01.Candidate was found using a mobile phone in the examination hall..mkv,b842b03e5784d867e93770560d88150a526250df69077cd3065edbbd4c842098,dfine_sahi,94620.0,unknown_object,0.3696,690.1,598.29,708.2,622.63,440.5,18.1,24.33,0.744,False,,True,unattributed,26,evt_01-P01_upper_body_0008,aa8dddfe4ce6ab00,pose_hand_context,,68392.7,2.45,,1,01/e1/v1,rtmpose_baseline
corpus_01,01.Candidate was found using a mobile phone in the examination hall..mkv,b842b03e5784d867e93770560d88150a526250df69077cd3065edbbd4c842098,dfine_sahi,94620.0,unknown_object,0.3665,621.03,392.36,681.28,437.06,2693.3,60.25,44.7,1.348,False,,True,unattributed,26,evt_01-P01_upper_body_0008,aa8dddfe4ce6ab00,pose_hand_context,,68392.7,2.45,,1,01/e1/v1,rtmpose_baseline
corpus_01,01.Candidate was found using a mobile phone in the examination hall..mkv,b842b03e5784d867e93770560d88150a526250df69077cd3065edbbd4c842098,dfine_sahi,94620.0,keyboard,0.3535,489.01,541.83,520.66,590.83,1551.2,31.65,49.01,0.646,False,,True,unattributed,26,evt_01-P01_upper_body_0008,aa8dddfe4ce6ab00,pose_hand_context,,68392.7,2.45,,1,01/e1/v1,rtmpose_baseline
corpus_01,01.Candidate was found using a mobile phone in the examination hall..mkv,b842b03e5784d867e93770560d88150a526250df69077cd3065edbbd4c842098,dfine_sahi,94620.0,unknown_object,0.339,610.88,506.06,741.2,573.59,8801.3,130.32,67.54,1.93,False,,True,unattributed,26,evt_01-P01_upper_body_0008,aa8dddfe4ce6ab00,pose_hand_context,,68392.7,2.45,,1,01/e1/v1,rtmpose_baseline
corpus_01,01.Candidate was found using a mobile phone in the examination hall..mkv,b842b03e5784d867e93770560d88150a526250df69077cd3065edbbd4c842098,dfine_sahi,94620.0,unknown_object,0.3135,489.06,506.23,536.6,560.0,2556.4,47.54,53.77,0.884,False,,True,unattributed,26,evt_01-P01_upper_body_0008,aa8dddfe4ce6ab00,pose_hand_context,,68392.7,2.45,,1,01/e1/v1,rtmpose_baseline
corpus_01,01.Candidate was found using a mobile phone in the examination hall..mkv,b842b03e5784d867e93770560d88150a526250df69077cd3065edbbd4c842098,dfine_sahi,94620.0,unknown_object,0.2764,534.29,506.44,590.7,563.82,3236.4,56.41,57.38,0.983,False,,True,unattributed,26,evt_01-P01_upper_body_0008,aa8dddfe4ce6ab00,pose_hand_context,,68392.7,2.45,,1,01/e1/v1,rtmpose_baseline
corpus_01,01.Candidate was found using a mobile phone in the examination hall..mkv,b842b03e5784d867e93770560d88150a526250df69077cd3065edbbd4c842098,dfine_sahi,94620.0,unknown_object,0.2754,488.97,392.44,536.2,537.92,6870.3,47.23,145.48,0.325,False,,True,unattributed,26,evt_01-P01_upper_body_0008,aa8dddfe4ce6ab00,pose_hand_context,,68392.7,2.45,,1,01/e1/v1,rtmpose_baseline
corpus_01,01.Candidate was found using a mobile phone in the examination hall..mkv,b842b03e5784d867e93770560d88150a526250df69077cd3065edbbd4c842098,dfine_sahi,94620.0,mouse,0.2675,525.82,464.22,536.72,478.33,153.8,10.9,14.11,0.773,False,,True,unattributed,26,evt_01-P01_upper_body_0008,aa8dddfe4ce6ab00,pose_hand_context,,68392.7,2.45,,1,01/e1/v1,rtmpose_baseline
corpus_01,01.Candidate was found using a mobile phone in the examination hall..mkv,b842b03e5784d867e93770560d88150a526250df69077cd3065edbbd4c842098,dfine_sahi,94620.0,unknown_object,0.2631,610.66,474.75,630.91,489.84,305.5,20.24,15.09,1.341,False,,True,unattributed,26,evt_01-P01_upper_body_0008,aa8dddfe4ce6ab00,pose_hand_context,,68392.7,2.45,,1,01/e1/v1,rtmpose_baseline
corpus_01,01.Candidate was found using a mobile phone in the examination hall..mkv,b842b03e5784d867e93770560d88150a526250df69077cd3065edbbd4c842098,dfine_sahi,94620.0,unknown_object,0.2547,515.76,392.1,621.05,429.59,3947.9,105.29,37.49,2.808,False,,True,unattributed,26,evt_01-P01_upper_body_0008,aa8dddfe4ce6ab00,pose_hand_context,,68392.7,2.45,,1,01/e1/v1,rtmpose_baseline
corpus_01,01.Candidate was found using a mobile phone in the examination hall..mkv,b842b03e5784d867e93770560d88150a526250df69077cd3065edbbd4c842098,dfine_sahi,94620.0,unknown_object,0.7154,604.02,524.19,750.99,652.65,18881.0,146.97,128.46,1.144,False,,True,unattributed,20,evt_01-P01_upper_body_0008,aa8dddfe4ce6ab00,pose_hand_context,,68392.7,2.45,,1,01/e1/v1,rtmpose_baseline
corpus_01,01.Candidate was found using a mobile phone in the examination hall..mkv,b842b03e5784d867e93770560d88150a526250df69077cd3065edbbd4c842098,dfine_sahi,94620.0,unknown_object,0.6778,518.12,540.15,586.53,652.12,7659.5,68.41,111.97,0.611,False,,True,unattributed,20,evt_01-P01_upper_body_0008,aa8dddfe4ce6ab00,pose_hand_context,,68392.7,2.45,,1,01/e1/v1,rtmpose_baseline
corpus_01,01.Candidate was found using a mobile phone in the examination hall..mkv,b842b03e5784d867e93770560d88150a526250df69077cd3065edbbd4c842098,dfine_sahi,94620.0,unknown_object,0.5743,489.15,392.27,627.96,538.14,20248.4,138.81,145.87,0.952,False,,True,unattributed,20,evt_01-P01_upper_body_0008,aa8dddfe4ce6ab00,pose_hand_context,,68392.7,2.45,,1,01/e1/v1,rtmpose_baseline
corpus_01,01.Candidate was found using a mobile phone in the examination hall..mkv,b842b03e5784d867e93770560d88150a526250df69077cd3065edbbd4c842098,dfine_sahi,94620.0,unknown_object,0.5015,691.26,404.7,750.68,455.0,2988.2,59.42,50.29,1.182,False,,True,unattributed,20,evt_01-P01_upper_body_0008,aa8dddfe4ce6ab00,pose_hand_context,,68392.7,2.45,,1,01/e1/v1,rtmpose_baseline
corpus_01,01.Candidate was found using a mobile phone in the examination hall..mkv,b842b03e5784d867e93770560d88150a526250df69077cd3065edbbd4c842098,dfine_sahi,94620.0,unknown_object,0.4884,707.43,447.59,750.94,528.44,3518.0,43.51,80.85,0.538,False,,True,unattributed,20,evt_01-P01_upper_body_0008,aa8dddfe4ce6ab00,pose_hand_context,,68392.7,2.45,,1,01/e1/v1,rtmpose_baseline
corpus_01,01.Candidate was found using a mobile phone in the examination hall..mkv,b842b03e5784d867e93770560d88150a526250df69077cd3065edbbd4c842098,dfine_sahi,94620.0,unknown_object,0.4564,577.78,526.65,635.99,652.59,7330.3,58.2,125.94,0.462,False,,True,unattributed,20,evt_01-P01_upper_body_0008,aa8dddfe4ce6ab00,pose_hand_context,,68392.7,2.45,,1,01/e1/v1,rtmpose_baseline
corpus_01,01.Candidate was found using a mobile phone in the examination hall..mkv,b842b03e5784d867e93770560d88150a526250df69077cd3065edbbd4c842098,dfine_sahi,94620.0,unknown_object,0.4516,598.43,527.64,635.88,538.98,425.0,37.46,11.35,3.301,False,,True,unattributed,20,evt_01-P01_upper_body_0008,aa8dddfe4ce6ab00,pose_hand_context,,68392.7,2.45,,1,01/e1/v1,rtmpose_baseline
corpus_01,01.Candidate was found using a mobile phone in the examination hall..mkv,b842b03e5784d867e93770560d88150a526250df69077cd3065edbbd4c842098,dfine_sahi,94620.0,phone,0.4356,618.4,474.74,630.84,489.99,189.7,12.44,15.25,0.816,False,,True,unattributed,20,evt_01-P01_upper_body_0008,aa8dddfe4ce6ab00,pose_hand_context,,68392.7,2.45,,1,01/e1/v1,rtmpose_baseline
corpus_01,01.Candidate was found using a mobile phone in the examination hall..mkv,b842b03e5784d867e93770560d88150a526250df69077cd3065edbbd4c842098,dfine_sahi,94620.0,monitor_or_bezel,0.4253,489.07,392.4,531.62,452.75,2568.2,42.55,60.35,0.705,False,,True,unattributed,20,evt_01-P01_upper_body_0008,aa8dddfe4ce6ab00,pose_hand_context,,68392.7,2.45,,1,01/e1/v1,rtmpose_baseline
corpus_01,01.Candidate was found using a mobile phone in the examination hall..mkv,b842b03e5784d867e93770560d88150a526250df69077cd3065edbbd4c842098,dfine_sahi,94620.0,unknown_object,0.4096,627.89,415.76,718.38,538.19,11078.4,90.49,122.43,0.739,False,,True,unattributed,20,evt_01-P01_upper_body_0008,aa8dddfe4ce6ab00,pose_hand_context,,68392.7,2.45,,1,01/e1/v1,rtmpose_baseline
corpus_01,01.Candidate was found using a mobile phone in the examination hall..mkv,b842b03e5784d867e93770560d88150a526250df69077cd3065edbbd4c842098,dfine_sahi,94620.0,unknown_object,0.3696,690.1,598.29,708.2,622.63,440.5,18.1,24.33,0.744,False,,True,unattributed,20,evt_01-P01_upper_body_0008,aa8dddfe4ce6ab00,pose_hand_context,,68392.7,2.45,,1,01/e1/v1,rtmpose_baseline
corpus_01,01.Candidate was found using a mobile phone in the examination hall..mkv,b842b03e5784d867e93770560d88150a526250df69077cd3065edbbd4c842098,dfine_sahi,94620.0,unknown_object,0.3665,621.03,392.36,681.28,437.06,2693.3,60.25,44.7,1.348,False,,True,unattributed,20,evt_01-P01_upper_body_0008,aa8dddfe4ce6ab00,pose_hand_context,,68392.7,2.45,,1,01/e1/v1,rtmpose_baseline
corpus_01,01.Candidate was found using a mobile phone in the examination hall..mkv,b842b03e5784d867e93770560d88150a526250df69077cd3065edbbd4c842098,dfine_sahi,94620.0,keyboard,0.3535,489.01,541.83,520.66,590.83,1551.2,31.65,49.01,0.646,False,,True,unattributed,20,evt_01-P01_upper_body_0008,aa8dddfe4ce6ab00,pose_hand_context,,68392.7,2.45,,1,01/e1/v1,rtmpose_baseline
corpus_01,01.Candidate was found using a mobile phone in the examination hall..mkv,b842b03e5784d867e93770560d88150a526250df69077cd3065edbbd4c842098,dfine_sahi,94620.0,unknown_object,0.339,610.88,506.06,741.2,573.59,8801.3,130.32,67.54,1.93,False,,True,unattributed,20,evt_01-P01_upper_body_0008,aa8dddfe4ce6ab00,pose_hand_context,,68392.7,2.45,,1,01/e1/v1,rtmpose_baseline
corpus_01,01.Candidate was found using a mobile phone in the examination hall..mkv,b842b03e5784d867e93770560d88150a526250df69077cd3065edbbd4c842098,dfine_sahi,94620.0,unknown_object,0.3135,489.06,506.23,536.6,560.0,2556.4,47.54,53.77,0.884,False,,True,unattributed,20,evt_01-P01_upper_body_0008,aa8dddfe4ce6ab00,pose_hand_context,,68392.7,2.45,,1,01/e1/v1,rtmpose_baseline
corpus_01,01.Candidate was found using a mobile phone in the examination hall..mkv,b842b03e5784d867e93770560d88150a526250df69077cd3065edbbd4c842098,dfine_sahi,94620.0,unknown_object,0.2764,534.29,506.44,590.7,563.82,3236.4,56.41,57.38,0.983,False,,True,unattributed,20,evt_01-P01_upper_body_0008,aa8dddfe4ce6ab00,pose_hand_context,,68392.7,2.45,,1,01/e1/v1,rtmpose_baseline
corpus_01,01.Candidate was found using a mobile phone in the examination hall..mkv,b842b03e5784d867e93770560d88150a526250df69077cd3065edbbd4c842098,dfine_sahi,94620.0,unknown_object,0.2754,488.97,392.44,536.2,537.92,6870.3,47.23,145.48,0.325,False,,True,unattributed,20,evt_01-P01_upper_body_0008,aa8dddfe4ce6ab00,pose_hand_context,,68392.7,2.45,,1,01/e1/v1,rtmpose_baseline
corpus_01,01.Candidate was found using a mobile phone in the examination hall..mkv,b842b03e5784d867e93770560d88150a526250df69077cd3065edbbd4c842098,dfine_sahi,94620.0,mouse,0.2675,525.82,464.22,536.72,478.33,153.8,10.9,14.11,0.773,False,,True,unattributed,20,evt_01-P01_upper_body_0008,aa8dddfe4ce6ab00,pose_hand_context,,68392.7,2.45,,1,01/e1/v1,rtmpose_baseline
corpus_01,01.Candidate was found using a mobile phone in the examination hall..mkv,b842b03e5784d867e93770560d88150a526250df69077cd3065edbbd4c842098,dfine_sahi,94620.0,unknown_object,0.2631,610.66,474.75,630.91,489.84,305.5,20.24,15.09,1.341,False,,True,unattributed,20,evt_01-P01_upper_body_0008,aa8dddfe4ce6ab00,pose_hand_context,,68392.7,2.45,,1,01/e1/v1,rtmpose_baseline
corpus_01,01.Candidate was found using a mobile phone in the examination hall..mkv,b842b03e5784d867e93770560d88150a526250df69077cd3065edbbd4c842098,dfine_sahi,94620.0,unknown_object,0.2547,515.76,392.1,621.05,429.59,3947.9,105.29,37.49,2.808,False,,True,unattributed,20,evt_01-P01_upper_body_0008,aa8dddfe4ce6ab00,pose_hand_context,,68392.7,2.45,,1,01/e1/v1,rtmpose_baseline
corpus_01,01.Candidate was found using a mobile phone in the examination hall..mkv,b842b03e5784d867e93770560d88150a526250df69077cd3065edbbd4c842098,dfine_sahi,94660.0,unknown_object,0.6658,490.13,390.26,634.8,535.23,20973.3,144.68,144.97,0.998,False,,True,unattributed,20,evt_01-P04_desk_work_surface_0027,534ab31a91aa2d0d,pose_hand_context,,67548.0,2.46,,1,01/e1/v1,rtmpose_baseline
corpus_01,01.Candidate was found using a mobile phone in the examination hall..mkv,b842b03e5784d867e93770560d88150a526250df69077cd3065edbbd4c842098,dfine_sahi,94660.0,unknown_object,0.6602,518.99,540.29,591.89,647.99,7852.1,72.91,107.7,0.677,False,,True,unattributed,20,evt_01-P04_desk_work_surface_0027,534ab31a91aa2d0d,pose_hand_context,,67548.0,2.46,,1,01/e1/v1,rtmpose_baseline
corpus_01,01.Candidate was found using a mobile phone in the examination hall..mkv,b842b03e5784d867e93770560d88150a526250df69077cd3065edbbd4c842098,dfine_sahi,94660.0,unknown_object,0.5456,691.52,404.86,749.87,456.9,3036.5,58.35,52.04,1.121,False,,True,unattributed,20,evt_01-P04_desk_work_surface_0027,534ab31a91aa2d0d,pose_hand_context,,67548.0,2.46,,1,01/e1/v1,rtmpose_baseline
corpus_01,01.Candidate was found using a mobile phone in the examination hall..mkv,b842b03e5784d867e93770560d88150a526250df69077cd3065edbbd4c842098,dfine_sahi,94660.0,unknown_object,0.4655,604.13,519.96,750.03,648.46,18748.8,145.9,128.51,1.135,False,,True,unattributed,20,evt_01-P04_desk_work_surface_0027,534ab31a91aa2d0d,pose_hand_context,,67548.0,2.46,,1,01/e1/v1,rtmpose_baseline
corpus_01,01.Candidate was found using a mobile phone in the examination hall..mkv,b842b03e5784d867e93770560d88150a526250df69077cd3065edbbd4c842098,dfine_sahi,94660.0,phone,0.4391,618.27,475.03,631.66,489.59,195.0,13.4,14.56,0.92,False,,True,unattributed,20,evt_01-P04_desk_work_surface_0027,534ab31a91aa2d0d,pose_hand_context,,67548.0,2.46,,1,01/e1/v1,rtmpose_baseline
corpus_01,01.Candidate was found using a mobile phone in the examination hall..mkv,b842b03e5784d867e93770560d88150a526250df69077cd3065edbbd4c842098,dfine_sahi,94660.0,monitor_or_bezel,0.4361,490.06,390.44,531.56,452.63,2580.8,41.5,62.19,0.667,False,,True,unattributed,20,evt_01-P04_desk_work_surface_0027,534ab31a91aa2d0d,pose_hand_context,,67548.0,2.46,,1,01/e1/v1,rtmpose_baseline
corpus_01,01.Candidate was found using a mobile phone in the examination hall..mkv,b842b03e5784d867e93770560d88150a526250df69077cd3065edbbd4c842098,dfine_sahi,94660.0,unknown_object,0.4179,691.61,404.61,749.98,525.08,7031.8,58.37,120.47,0.485,False,,True,unattributed,20,evt_01-P04_desk_work_surface_0027,534ab31a91aa2d0d,pose_hand_context,,67548.0,2.46,,1,01/e1/v1,rtmpose_baseline
corpus_01,01.Candidate was found using a mobile phone in the examination hall..mkv,b842b03e5784d867e93770560d88150a526250df69077cd3065edbbd4c842098,dfine_sahi,94660.0,unknown_object,0.4046,633.5,503.14,720.28,568.18,5644.4,86.78,65.04,1.334,False,,True,unattributed,20,evt_01-P04_desk_work_surface_0027,534ab31a91aa2d0d,pose_hand_context,,67548.0,2.46,,1,01/e1/v1,rtmpose_baseline
corpus_01,01.Candidate was found using a mobile phone in the examination hall..mkv,b842b03e5784d867e93770560d88150a526250df69077cd3065edbbd4c842098,dfine_sahi,94660.0,unknown_object,0.389,679.54,593.54,708.21,648.51,1576.5,28.68,54.98,0.522,False,,True,unattributed,20,evt_01-P04_desk_work_surface_0027,534ab31a91aa2d0d,pose_hand_context,,67548.0,2.46,,1,01/e1/v1,rtmpose_baseline
corpus_01,01.Candidate was found using a mobile phone in the examination hall..mkv,b842b03e5784d867e93770560d88150a526250df69077cd3065edbbd4c842098,dfine_sahi,94660.0,unknown_object,0.3677,710.73,447.63,749.97,525.01,3036.4,39.24,77.38,0.507,False,,True,unattributed,20,evt_01-P04_desk_work_surface_0027,534ab31a91aa2d0d,pose_hand_context,,67548.0,2.46,,1,01/e1/v1,rtmpose_baseline
corpus_01,01.Candidate was found using a mobile phone in the examination hall..mkv,b842b03e5784d867e93770560d88150a526250df69077cd3065edbbd4c842098,dfine_sahi,94660.0,unknown_object,0.3543,628.05,414.8,718.4,535.34,10891.5,90.35,120.54,0.75,False,,True,unattributed,20,evt_01-P04_desk_work_surface_0027,534ab31a91aa2d0d,pose_hand_context,,67548.0,2.46,,1,01/e1/v1,rtmpose_baseline
corpus_01,01.Candidate was found using a mobile phone in the examination hall..mkv,b842b03e5784d867e93770560d88150a526250df69077cd3065edbbd4c842098,dfine_sahi,94660.0,unknown_object,0.3361,623.03,390.33,684.47,435.71,2788.3,61.44,45.39,1.354,False,,True,unattributed,20,evt_01-P04_desk_work_surface_0027,534ab31a91aa2d0d,pose_hand_context,,67548.0,2.46,,1,01/e1/v1,rtmpose_baseline
corpus_01,01.Candidate was found using a mobile phone in the examination hall..mkv,b842b03e5784d867e93770560d88150a526250df69077cd3065edbbd4c842098,dfine_sahi,94660.0,unknown_object,0.3314,604.02,524.21,638.99,535.99,412.1,34.97,11.78,2.968,False,,True,unattributed,20,evt_01-P04_desk_work_surface_0027,534ab31a91aa2d0d,pose_hand_context,,67548.0,2.46,,1,01/e1/v1,rtmpose_baseline
corpus_01,01.Candidate was found using a mobile phone in the examination hall..mkv,b842b03e5784d867e93770560d88150a526250df69077cd3065edbbd4c842098,dfine_sahi,94660.0,keyboard,0.3227,490.01,542.08,520.7,589.62,1459.0,30.69,47.54,0.646,False,,True,unattributed,20,evt_01-P04_desk_work_surface_0027,534ab31a91aa2d0d,pose_hand_context,,67548.0,2.46,,1,01/e1/v1,rtmpose_baseline
corpus_01,01.Candidate was found using a mobile phone in the examination hall..mkv,b842b03e5784d867e93770560d88150a526250df69077cd3065edbbd4c842098,dfine_sahi,94660.0,unknown_object,0.3046,490.02,504.9,534.03,558.57,2362.0,44.01,53.67,0.82,False,,True,unattributed,20,evt_01-P04_desk_work_surface_0027,534ab31a91aa2d0d,pose_hand_context,,67548.0,2.46,,1,01/e1/v1,rtmpose_baseline
corpus_01,01.Candidate was found using a mobile phone in the examination hall..mkv,b842b03e5784d867e93770560d88150a526250df69077cd3065edbbd4c842098,dfine_sahi,94660.0,unknown_object,0.3039,514.95,390.12,622.33,429.54,4232.6,107.38,39.42,2.724,False,,True,unattributed,20,evt_01-P04_desk_work_surface_0027,534ab31a91aa2d0d,pose_hand_context,,67548.0,2.46,,1,01/e1/v1,rtmpose_baseline
corpus_01,01.Candidate was found using a mobile phone in the examination hall..mkv,b842b03e5784d867e93770560d88150a526250df69077cd3065edbbd4c842098,dfine_sahi,94660.0,unknown_object,0.2971,688.33,593.95,708.43,623.95,602.9,20.1,30.0,0.67,False,,True,unattributed,20,evt_01-P04_desk_work_surface_0027,534ab31a91aa2d0d,pose_hand_context,,67548.0,2.46,,1,01/e1/v1,rtmpose_baseline
corpus_01,01.Candidate was found using a mobile phone in the examination hall..mkv,b842b03e5784d867e93770560d88150a526250df69077cd3065edbbd4c842098,dfine_sahi,94660.0,unknown_object,0.2701,686.89,390.09,729.34,416.33,1113.9,42.45,26.24,1.618,False,,True,unattributed,20,evt_01-P04_desk_work_surface_0027,534ab31a91aa2d0d,pose_hand_context,,67548.0,2.46,,1,01/e1/v1,rtmpose_baseline
corpus_01,01.Candidate was found using a mobile phone in the examination hall..mkv,b842b03e5784d867e93770560d88150a526250df69077cd3065edbbd4c842098,dfine_sahi,94660.0,unknown_object,0.2615,719.61,588.78,743.5,648.31,1422.0,23.89,59.53,0.401,False,,True,unattributed,20,evt_01-P04_desk_work_surface_0027,534ab31a91aa2d0d,pose_hand_context,,67548.0,2.46,,1,01/e1/v1,rtmpose_baseline
corpus_01,01.Candidate was found using a mobile phone in the examination hall..mkv,b842b03e5784d867e93770560d88150a526250df69077cd3065edbbd4c842098,dfine_sahi,94660.0,unknown_object,0.2603,490.0,415.91,534.56,511.98,4280.4,44.56,96.06,0.464,False,,True,unattributed,20,evt_01-P04_desk_work_surface_0027,534ab31a91aa2d0d,pose_hand_context,,67548.0,2.46,,1,01/e1/v1,rtmpose_baseline
corpus_01,01.Candidate was found using a mobile phone in the examination hall..mkv,b842b03e5784d867e93770560d88150a526250df69077cd3065edbbd4c842098,dfine_sahi,94660.0,unknown_object,0.2564,591.23,503.07,615.37,548.46,1095.8,24.14,45.39,0.532,False,,True,unattributed,20,evt_01-P04_desk_work_surface_0027,534ab31a91aa2d0d,pose_hand_context,,67548.0,2.46,,1,01/e1/v1,rtmpose_baseline
corpus_01,01.Candidate was found using a mobile phone in the examination hall..mkv,b842b03e5784d867e93770560d88150a526250df69077cd3065edbbd4c842098,dfine_sahi,94660.0,keyboard,0.2525,491.23,571.66,530.07,592.64,814.8,38.84,20.98,1.851,False,,True,unattributed,20,evt_01-P04_desk_work_surface_0027,534ab31a91aa2d0d,pose_hand_context,,67548.0,2.46,,1,01/e1/v1,rtmpose_baseline
corpus_01,01.Candidate was found using a mobile phone in the examination hall..mkv,b842b03e5784d867e93770560d88150a526250df69077cd3065edbbd4c842098,dfine_sahi,94660.0,unknown_object,0.6575,608.6,474.29,635.27,501.65,729.8,26.67,27.36,0.975,False,,True,unattributed,25,evt_01-P04_desk_work_surface_0027,8947b3c0adfa1d58,native_source_context_fallback,no_pose_observation,7171.1,7.01,,1,01/e1/v1,
corpus_01,01.Candidate was found using a mobile phone in the examination hall..mkv,b842b03e5784d867e93770560d88150a526250df69077cd3065edbbd4c842098,dfine_sahi,94660.0,mouse,0.5725,639.13,368.85,660.04,378.04,192.1,20.91,9.19,2.275,False,,True,unattributed,25,evt_01-P04_desk_work_surface_0027,8947b3c0adfa1d58,native_source_context_fallback,no_pose_observation,7171.1,7.01,,1,01/e1/v1,
corpus_01,01.Candidate was found using a mobile phone in the examination hall..mkv,b842b03e5784d867e93770560d88150a526250df69077cd3065edbbd4c842098,dfine_sahi,94660.0,unknown_object,0.5588,608.07,406.3,674.93,501.25,6348.2,66.86,94.95,0.704,False,,True,unattributed,25,evt_01-P04_desk_work_surface_0027,8947b3c0adfa1d58,native_source_context_fallback,no_pose_observation,7171.1,7.01,,1,01/e1/v1,
corpus_01,01.Candidate was found using a mobile phone in the examination hall..mkv,b842b03e5784d867e93770560d88150a526250df69077cd3065edbbd4c842098,dfine_sahi,94660.0,unknown_object,0.4478,579.01,366.11,674.94,461.25,9127.3,95.93,95.15,1.008,False,,True,unattributed,25,evt_01-P04_desk_work_surface_0027,8947b3c0adfa1d58,native_source_context_fallback,no_pose_observation,7171.1,7.01,,1,01/e1/v1,
corpus_01,01.Candidate was found using a mobile phone in the examination hall..mkv,b842b03e5784d867e93770560d88150a526250df69077cd3065edbbd4c842098,dfine_sahi,94660.0,unknown_object,0.41,579.02,425.27,621.04,471.33,1935.8,42.02,46.07,0.912,False,,True,unattributed,25,evt_01-P04_desk_work_surface_0027,8947b3c0adfa1d58,native_source_context_fallback,no_pose_observation,7171.1,7.01,,1,01/e1/v1,
corpus_01,01.Candidate was found using a mobile phone in the examination hall..mkv,b842b03e5784d867e93770560d88150a526250df69077cd3065edbbd4c842098,dfine_sahi,94660.0,unknown_object,0.3527,613.03,366.13,687.42,437.88,5337.9,74.39,71.76,1.037,False,,True,unattributed,25,evt_01-P04_desk_work_surface_0027,8947b3c0adfa1d58,native_source_context_fallback,no_pose_observation,7171.1,7.01,,1,01/e1/v1,
corpus_01,01.Candidate was found using a mobile phone in the examination hall..mkv,b842b03e5784d867e93770560d88150a526250df69077cd3065edbbd4c842098,dfine_sahi,94660.0,unknown_object,0.3523,596.0,427.16,620.7,455.74,706.2,24.7,28.59,0.864,False,,True,unattributed,25,evt_01-P04_desk_work_surface_0027,8947b3c0adfa1d58,native_source_context_fallback,no_pose_observation,7171.1,7.01,,1,01/e1/v1,
corpus_01,01.Candidate was found using a mobile phone in the examination hall..mkv,b842b03e5784d867e93770560d88150a526250df69077cd3065edbbd4c842098,dfine_sahi,94660.0,unknown_object,0.2647,627.88,415.54,674.94,461.52,2163.5,47.06,45.98,1.023,False,,True,unattributed,25,evt_01-P04_desk_work_surface_0027,8947b3c0adfa1d58,native_source_context_fallback,no_pose_observation,7171.1,7.01,,1,01/e1/v1,
corpus_01,01.Candidate was found using a mobile phone in the examination hall..mkv,b842b03e5784d867e93770560d88150a526250df69077cd3065edbbd4c842098,dfine_sahi,94660.0,unknown_object,0.2537,607.93,473.75,673.05,501.57,1811.7,65.12,27.82,2.341,False,,True,unattributed,25,evt_01-P04_desk_work_surface_0027,8947b3c0adfa1d58,native_source_context_fallback,no_pose_observation,7171.1,7.01,,1,01/e1/v1,
corpus_01,01.Candidate was found using a mobile phone in the examination hall..mkv,b842b03e5784d867e93770560d88150a526250df69077cd3065edbbd4c842098,dfine_sahi,94660.0,unknown_object,0.8371,609.22,457.22,704.94,552.09,9080.9,95.72,94.87,1.009,False,,True,unattributed,24,evt_01-P04_desk_work_surface_0027,d4f9c8f6462ae00e,native_source_context_fallback,no_pose_observation,16002.9,3.93,,1,01/e1/v1,
corpus_01,01.Candidate was found using a mobile phone in the examination hall..mkv,b842b03e5784d867e93770560d88150a526250df69077cd3065edbbd4c842098,dfine_sahi,94660.0,unknown_object,0.599,608.51,474.04,637.03,526.13,1485.7,28.52,52.09,0.548,False,,True,unattributed,24,evt_01-P04_desk_work_surface_0027,d4f9c8f6462ae00e,native_source_context_fallback,no_pose_observation,16002.9,3.93,,1,01/e1/v1,
corpus_01,01.Candidate was found using a mobile phone in the examination hall..mkv,b842b03e5784d867e93770560d88150a526250df69077cd3065edbbd4c842098,dfine_sahi,94660.0,unknown_object,0.4733,608.44,473.24,661.93,536.03,3358.5,53.49,62.79,0.852,False,,True,unattributed,24,evt_01-P04_desk_work_surface_0027,d4f9c8f6462ae00e,native_source_context_fallback,no_pose_observation,16002.9,3.93,,1,01/e1/v1,
corpus_01,01.Candidate was found using a mobile phone in the examination hall..mkv,b842b03e5784d867e93770560d88150a526250df69077cd3065edbbd4c842098,dfine_sahi,94660.0,unknown_object,0.434,566.05,424.66,621.81,481.19,3152.0,55.76,56.53,0.986,False,,True,unattributed,24,evt_01-P04_desk_work_surface_0027,d4f9c8f6462ae00e,native_source_context_fallback,no_pose_observation,16002.9,3.93,,1,01/e1/v1,
corpus_01,01.Candidate was found using a mobile phone in the examination hall..mkv,b842b03e5784d867e93770560d88150a526250df69077cd3065edbbd4c842098,dfine_sahi,94660.0,unknown_object,0.4064,591.15,491.13,615.06,548.63,1375.2,23.92,57.5,0.416,False,,True,unattributed,24,evt_01-P04_desk_work_surface_0027,d4f9c8f6462ae00e,native_source_context_fallback,no_pose_observation,16002.9,3.93,,1,01/e1/v1,
corpus_01,01.Candidate was found using a mobile phone in the examination hall..mkv,b842b03e5784d867e93770560d88150a526250df69077cd3065edbbd4c842098,dfine_sahi,94660.0,unknown_object,0.3611,594.02,524.52,639.22,550.97,1195.9,45.21,26.45,1.709,False,,True,unattributed,24,evt_01-P04_desk_work_surface_0027,d4f9c8f6462ae00e,native_source_context_fallback,no_pose_observation,16002.9,3.93,,1,01/e1/v1,
corpus_01,01.Candidate was found using a mobile phone in the examination hall..mkv,b842b03e5784d867e93770560d88150a526250df69077cd3065edbbd4c842098,dfine_sahi,94660.0,unknown_object,0.3357,566.11,386.15,621.73,429.69,2421.9,55.62,43.54,1.277,False,,True,unattributed,24,evt_01-P04_desk_work_surface_0027,d4f9c8f6462ae00e,native_source_context_fallback,no_pose_observation,16002.9,3.93,,1,01/e1/v1,
corpus_01,01.Candidate was found using a mobile phone in the examination hall..mkv,b842b03e5784d867e93770560d88150a526250df69077cd3065edbbd4c842098,dfine_sahi,94660.0,unknown_object,0.3189,586.88,389.08,659.99,429.88,2982.5,73.11,40.79,1.792,False,,True,unattributed,24,evt_01-P04_desk_work_surface_0027,d4f9c8f6462ae00e,native_source_context_fallback,no_pose_observation,16002.9,3.93,,1,01/e1/v1,
corpus_01,01.Candidate was found using a mobile phone in the examination hall..mkv,b842b03e5784d867e93770560d88150a526250df69077cd3065edbbd4c842098,dfine_sahi,94660.0,phone,0.3183,618.69,474.99,631.7,489.0,182.3,13.01,14.01,0.928,False,,True,unattributed,24,evt_01-P04_desk_work_surface_0027,d4f9c8f6462ae00e,native_source_context_fallback,no_pose_observation,16002.9,3.93,,1,01/e1/v1,
corpus_01,01.Candidate was found using a mobile phone in the examination hall..mkv,b842b03e5784d867e93770560d88150a526250df69077cd3065edbbd4c842098,dfine_sahi,94660.0,unknown_object,0.2929,565.97,487.4,614.64,550.15,3053.7,48.67,62.75,0.776,False,,True,unattributed,24,evt_01-P04_desk_work_surface_0027,d4f9c8f6462ae00e,native_source_context_fallback,no_pose_observation,16002.9,3.93,,1,01/e1/v1,
corpus_01,01.Candidate was found using a mobile phone in the examination hall..mkv,b842b03e5784d867e93770560d88150a526250df69077cd3065edbbd4c842098,dfine_sahi,94660.0,unknown_object,0.2875,591.7,474.33,636.9,549.42,3394.6,45.2,75.1,0.602,False,,True,unattributed,24,evt_01-P04_desk_work_surface_0027,d4f9c8f6462ae00e,native_source_context_fallback,no_pose_observation,16002.9,3.93,,1,01/e1/v1,
corpus_01,01.Candidate was found using a mobile phone in the examination hall..mkv,b842b03e5784d867e93770560d88150a526250df69077cd3065edbbd4c842098,dfine_sahi,94660.0,unknown_object,0.2743,566.0,457.17,661.66,552.2,9090.4,95.65,95.04,1.006,False,,True,unattributed,24,evt_01-P04_desk_work_surface_0027,d4f9c8f6462ae00e,native_source_context_fallback,no_pose_observation,16002.9,3.93,,1,01/e1/v1,
corpus_01,01.Candidate was found using a mobile phone in the examination hall..mkv,b842b03e5784d867e93770560d88150a526250df69077cd3065edbbd4c842098,dfine_sahi,94660.0,unknown_object,0.273,566.02,386.11,661.89,481.54,9149.3,95.87,95.43,1.005,False,,True,unattributed,24,evt_01-P04_desk_work_surface_0027,d4f9c8f6462ae00e,native_source_context_fallback,no_pose_observation,16002.9,3.93,,1,01/e1/v1,
corpus_01,01.Candidate was found using a mobile phone in the examination hall..mkv,b842b03e5784d867e93770560d88150a526250df69077cd3065edbbd4c842098,dfine_sahi,94660.0,unknown_object,0.2621,586.88,426.99,620.95,463.71,1251.0,34.07,36.72,0.928,False,,True,unattributed,24,evt_01-P04_desk_work_surface_0027,d4f9c8f6462ae00e,native_source_context_fallback,no_pose_observation,16002.9,3.93,,1,01/e1/v1,
corpus_01,01.Candidate was found using a mobile phone in the examination hall..mkv,b842b03e5784d867e93770560d88150a526250df69077cd3065edbbd4c842098,dfine_sahi,94700.0,unknown_object,0.6558,607.25,395.65,728.4,534.08,16770.4,121.14,138.44,0.875,False,,True,unattributed,20,evt_01-P05_desk_work_surface_0036,2457bb791693b8c3,pose_hand_context,,62110.6,2.57,,1,01/e1/v1,rtmpose_baseline
corpus_01,01.Candidate was found using a mobile phone in the examination hall..mkv,b842b03e5784d867e93770560d88150a526250df69077cd3065edbbd4c842098,dfine_sahi,94700.0,unknown_object,0.6434,518.93,540.21,591.33,643.07,7447.0,72.4,102.86,0.704,False,,True,unattributed,20,evt_01-P05_desk_work_surface_0036,2457bb791693b8c3,pose_hand_context,,62110.6,2.57,,1,01/e1/v1,rtmpose_baseline
corpus_01,01.Candidate was found using a mobile phone in the examination hall..mkv,b842b03e5784d867e93770560d88150a526250df69077cd3065edbbd4c842098,dfine_sahi,94700.0,unknown_object,0.6095,606.89,471.53,634.58,523.33,1434.5,27.69,51.8,0.535,False,,True,unattributed,20,evt_01-P05_desk_work_surface_0036,2457bb791693b8c3,pose_hand_context,,62110.6,2.57,,1,01/e1/v1,rtmpose_baseline
corpus_01,01.Candidate was found using a mobile phone in the examination hall..mkv,b842b03e5784d867e93770560d88150a526250df69077cd3065edbbd4c842098,dfine_sahi,94700.0,unknown_object,0.5861,691.55,404.58,743.92,457.27,2759.5,52.37,52.69,0.994,False,,True,unattributed,20,evt_01-P05_desk_work_surface_0036,2457bb791693b8c3,pose_hand_context,,62110.6,2.57,,1,01/e1/v1,rtmpose_baseline
corpus_01,01.Candidate was found using a mobile phone in the examination hall..mkv,b842b03e5784d867e93770560d88150a526250df69077cd3065edbbd4c842098,dfine_sahi,94700.0,unknown_object,0.5291,604.06,516.9,743.93,643.6,17721.8,139.87,126.7,1.104,False,,True,unattributed,20,evt_01-P05_desk_work_surface_0036,2457bb791693b8c3,pose_hand_context,,62110.6,2.57,,1,01/e1/v1,rtmpose_baseline
corpus_01,01.Candidate was found using a mobile phone in the examination hall..mkv,b842b03e5784d867e93770560d88150a526250df69077cd3065edbbd4c842098,dfine_sahi,94700.0,unknown_object,0.4261,633.18,504.12,719.35,564.38,5193.6,86.17,60.27,1.43,False,,True,unattributed,20,evt_01-P05_desk_work_surface_0036,2457bb791693b8c3,pose_hand_context,,62110.6,2.57,,1,01/e1/v1,rtmpose_baseline
corpus_01,01.Candidate was found using a mobile phone in the examination hall..mkv,b842b03e5784d867e93770560d88150a526250df69077cd3065edbbd4c842098,dfine_sahi,94700.0,keyboard,0.4124,495.01,542.06,520.68,585.91,1125.6,25.67,43.85,0.585,False,,True,unattributed,20,evt_01-P05_desk_work_surface_0036,2457bb791693b8c3,pose_hand_context,,62110.6,2.57,,1,01/e1/v1,rtmpose_baseline
corpus_01,01.Candidate was found using a mobile phone in the examination hall..mkv,b842b03e5784d867e93770560d88150a526250df69077cd3065edbbd4c842098,dfine_sahi,94700.0,unknown_object,0.3879,577.94,519.09,634.99,643.51,7098.1,57.05,124.42,0.459,False,,True,unattributed,20,evt_01-P05_desk_work_surface_0036,2457bb791693b8c3,pose_hand_context,,62110.6,2.57,,1,01/e1/v1,rtmpose_baseline
corpus_01,01.Candidate was found using a mobile phone in the examination hall..mkv,b842b03e5784d867e93770560d88150a526250df69077cd3065edbbd4c842098,dfine_sahi,94700.0,unknown_object,0.3867,495.08,395.16,634.46,534.43,19411.6,139.38,139.27,1.001,False,,True,unattributed,20,evt_01-P05_desk_work_surface_0036,2457bb791693b8c3,pose_hand_context,,62110.6,2.57,,1,01/e1/v1,rtmpose_baseline
corpus_01,01.Candidate was found using a mobile phone in the examination hall..mkv,b842b03e5784d867e93770560d88150a526250df69077cd3065edbbd4c842098,dfine_sahi,94700.0,unknown_object,0.3673,595.53,470.55,717.86,563.27,11342.0,122.33,92.72,1.319,False,,True,unattributed,20,evt_01-P05_desk_work_surface_0036,2457bb791693b8c3,pose_hand_context,,62110.6,2.57,,1,01/e1/v1,rtmpose_baseline
corpus_01,01.Candidate was found using a mobile phone in the examination hall..mkv,b842b03e5784d867e93770560d88150a526250df69077cd3065edbbd4c842098,dfine_sahi,94700.0,monitor_or_bezel,0.3507,495.1,395.29,531.55,452.43,2082.9,36.45,57.14,0.638,False,,True,unattributed,20,evt_01-P05_desk_work_surface_0036,2457bb791693b8c3,pose_hand_context,,62110.6,2.57,,1,01/e1/v1,rtmpose_baseline
corpus_01,01.Candidate was found using a mobile phone in the examination hall..mkv,b842b03e5784d867e93770560d88150a526250df69077cd3065edbbd4c842098,dfine_sahi,94700.0,unknown_object,0.3401,494.99,419.36,534.69,511.92,3674.4,39.7,92.56,0.429,False,,True,unattributed,20,evt_01-P05_desk_work_surface_0036,2457bb791693b8c3,pose_hand_context,,62110.6,2.57,,1,01/e1/v1,rtmpose_baseline
corpus_01,01.Candidate was found using a mobile phone in the examination hall..mkv,b842b03e5784d867e93770560d88150a526250df69077cd3065edbbd4c842098,dfine_sahi,94700.0,unknown_object,0.3369,688.7,589.79,704.56,616.95,430.9,15.86,27.16,0.584,False,,True,unattributed,20,evt_01-P05_desk_work_surface_0036,2457bb791693b8c3,pose_hand_context,,62110.6,2.57,,1,01/e1/v1,rtmpose_baseline
corpus_01,01.Candidate was found using a mobile phone in the examination hall..mkv,b842b03e5784d867e93770560d88150a526250df69077cd3065edbbd4c842098,dfine_sahi,94700.0,keyboard,0.3197,495.08,571.63,530.46,593.88,787.3,35.39,22.25,1.59,False,,True,unattributed,20,evt_01-P05_desk_work_surface_0036,2457bb791693b8c3,pose_hand_context,,62110.6,2.57,,1,01/e1/v1,rtmpose_baseline
corpus_01,01.Candidate was found using a mobile phone in the examination hall..mkv,b842b03e5784d867e93770560d88150a526250df69077cd3065edbbd4c842098,dfine_sahi,94700.0,unknown_object,0.3181,535.23,505.3,598.87,561.29,3563.7,63.65,55.99,1.137,False,,True,unattributed,20,evt_01-P05_desk_work_surface_0036,2457bb791693b8c3,pose_hand_context,,62110.6,2.57,,1,01/e1/v1,rtmpose_baseline
corpus_01,01.Candidate was found using a mobile phone in the examination hall..mkv,b842b03e5784d867e93770560d88150a526250df69077cd3065edbbd4c842098,dfine_sahi,94700.0,unknown_object,0.3144,710.84,448.56,743.97,499.34,1682.4,33.13,50.78,0.652,False,,True,unattributed,20,evt_01-P05_desk_work_surface_0036,2457bb791693b8c3,pose_hand_context,,62110.6,2.57,,1,01/e1/v1,rtmpose_baseline
corpus_01,01.Candidate was found using a mobile phone in the examination hall..mkv,b842b03e5784d867e93770560d88150a526250df69077cd3065edbbd4c842098,dfine_sahi,94700.0,unknown_object,0.3101,603.99,520.84,639.99,534.99,509.5,35.99,14.15,2.543,False,,True,unattributed,20,evt_01-P05_desk_work_surface_0036,2457bb791693b8c3,pose_hand_context,,62110.6,2.57,,1,01/e1/v1,rtmpose_baseline
corpus_01,01.Candidate was found using a mobile phone in the examination hall..mkv,b842b03e5784d867e93770560d88150a526250df69077cd3065edbbd4c842098,dfine_sahi,94700.0,unknown_object,0.3099,681.26,588.57,705.45,643.57,1330.3,24.19,55.0,0.44,False,,True,unattributed,20,evt_01-P05_desk_work_surface_0036,2457bb791693b8c3,pose_hand_context,,62110.6,2.57,,1,01/e1/v1,rtmpose_baseline
corpus_01,01.Candidate was found using a mobile phone in the examination hall..mkv,b842b03e5784d867e93770560d88150a526250df69077cd3065edbbd4c842098,dfine_sahi,94700.0,unknown_object,0.2687,611.36,556.12,634.99,643.42,2062.7,23.63,87.3,0.271,False,,True,unattributed,20,evt_01-P05_desk_work_surface_0036,2457bb791693b8c3,pose_hand_context,,62110.6,2.57,,1,01/e1/v1,rtmpose_baseline
corpus_01,01.Candidate was found using a mobile phone in the examination hall..mkv,b842b03e5784d867e93770560d88150a526250df69077cd3065edbbd4c842098,dfine_sahi,94700.0,unknown_object,0.2545,495.03,505.42,534.55,554.64,1945.2,39.53,49.21,0.803,False,,True,unattributed,20,evt_01-P05_desk_work_surface_0036,2457bb791693b8c3,pose_hand_context,,62110.6,2.57,,1,01/e1/v1,rtmpose_baseline
corpus_01,01.Candidate was found using a mobile phone in the examination hall..mkv,b842b03e5784d867e93770560d88150a526250df69077cd3065edbbd4c842098,dfine_sahi,94700.0,unknown_object,0.2536,687.71,395.84,743.99,520.04,6989.6,56.28,124.19,0.453,False,,True,unattributed,20,evt_01-P05_desk_work_surface_0036,2457bb791693b8c3,pose_hand_context,,62110.6,2.57,,1,01/e1/v1,rtmpose_baseline
corpus_01,01.Candidate was found using a mobile phone in the examination hall..mkv,b842b03e5784d867e93770560d88150a526250df69077cd3065edbbd4c842098,dfine_sahi,95100.0,unknown_object,0.844,611.31,448.2,713.36,532.61,8613.8,102.04,84.41,1.209,False,,True,unattributed,20,evt_01-P01_desk_work_surface_0004,19491eed25ce2506,pose_hand_context,,56539.3,2.69,,1,01/e1/v1,rtmpose_baseline
corpus_01,01.Candidate was found using a mobile phone in the examination hall..mkv,b842b03e5784d867e93770560d88150a526250df69077cd3065edbbd4c842098,dfine_sahi,95100.0,unknown_object,0.6399,493.73,448.17,622.24,579.76,16911.4,128.51,131.59,0.977,False,,True,unattributed,20,evt_01-P01_desk_work_surface_0004,19491eed25ce2506,pose_hand_context,,56539.3,2.69,,1,01/e1/v1,rtmpose_baseline
corpus_01,01.Candidate was found using a mobile phone in the examination hall..mkv,b842b03e5784d867e93770560d88150a526250df69077cd3065edbbd4c842098,dfine_sahi,95100.0,unknown_object,0.614,599.9,552.66,731.93,683.81,17315.3,132.02,131.15,1.007,False,,True,unattributed,20,evt_01-P01_desk_work_surface_0004,19491eed25ce2506,pose_hand_context,,56539.3,2.69,,1,01/e1/v1,rtmpose_baseline
corpus_01,01.Candidate was found using a mobile phone in the examination hall..mkv,b842b03e5784d867e93770560d88150a526250df69077cd3065edbbd4c842098,dfine_sahi,95100.0,unknown_object,0.5344,515.11,540.35,599.96,683.01,12103.9,84.84,142.66,0.595,False,,True,unattributed,20,evt_01-P01_desk_work_surface_0004,19491eed25ce2506,pose_hand_context,,56539.3,2.69,,1,01/e1/v1,rtmpose_baseline
corpus_01,01.Candidate was found using a mobile phone in the examination hall..mkv,b842b03e5784d867e93770560d88150a526250df69077cd3065edbbd4c842098,dfine_sahi,95100.0,unknown_object,0.3278,573.63,490.81,628.0,579.95,4846.6,54.37,89.14,0.61,False,,True,unattributed,20,evt_01-P01_desk_work_surface_0004,19491eed25ce2506,pose_hand_context,,56539.3,2.69,,1,01/e1/v1,rtmpose_baseline
corpus_01,01.Candidate was found using a mobile phone in the examination hall..mkv,b842b03e5784d867e93770560d88150a526250df69077cd3065edbbd4c842098,dfine_sahi,95100.0,unknown_object,0.3211,573.02,552.32,611.48,598.58,1778.7,38.46,46.25,0.831,False,,True,unattributed,20,evt_01-P01_desk_work_surface_0004,19491eed25ce2506,pose_hand_context,,56539.3,2.69,,1,01/e1/v1,rtmpose_baseline
corpus_01,01.Candidate was found using a mobile phone in the examination hall..mkv,b842b03e5784d867e93770560d88150a526250df69077cd3065edbbd4c842098,dfine_sahi,95100.0,unknown_object,0.3192,494.04,448.4,534.41,511.88,2562.9,40.37,63.49,0.636,False,,True,unattributed,20,evt_01-P01_desk_work_surface_0004,19491eed25ce2506,pose_hand_context,,56539.3,2.69,,1,01/e1/v1,rtmpose_baseline
corpus_01,01.Candidate was found using a mobile phone in the examination hall..mkv,b842b03e5784d867e93770560d88150a526250df69077cd3065edbbd4c842098,dfine_sahi,95100.0,unknown_object,0.309,598.22,489.23,732.02,579.77,12112.9,133.79,90.53,1.478,False,,True,unattributed,20,evt_01-P01_desk_work_surface_0004,19491eed25ce2506,pose_hand_context,,56539.3,2.69,,1,01/e1/v1,rtmpose_baseline
corpus_01,01.Candidate was found using a mobile phone in the examination hall..mkv,b842b03e5784d867e93770560d88150a526250df69077cd3065edbbd4c842098,dfine_sahi,95100.0,unknown_object,0.307,535.71,540.4,577.94,580.27,1683.6,42.23,39.87,1.059,False,,True,unattributed,20,evt_01-P01_desk_work_surface_0004,19491eed25ce2506,pose_hand_context,,56539.3,2.69,,1,01/e1/v1,rtmpose_baseline
corpus_01,01.Candidate was found using a mobile phone in the examination hall..mkv,b842b03e5784d867e93770560d88150a526250df69077cd3065edbbd4c842098,dfine_sahi,95100.0,unknown_object,0.2755,602.82,604.86,650.64,683.99,3783.8,47.82,79.13,0.604,False,,True,unattributed,20,evt_01-P01_desk_work_surface_0004,19491eed25ce2506,pose_hand_context,,56539.3,2.69,,1,01/e1/v1,rtmpose_baseline
corpus_01,01.Candidate was found using a mobile phone in the examination hall..mkv,b842b03e5784d867e93770560d88150a526250df69077cd3065edbbd4c842098,dfine_sahi,95100.0,unknown_object,0.2693,598.01,570.92,615.62,669.96,1744.0,17.61,99.04,0.178,False,,True,unattributed,20,evt_01-P01_desk_work_surface_0004,19491eed25ce2506,pose_hand_context,,56539.3,2.69,,1,01/e1/v1,rtmpose_baseline
corpus_01,01.Candidate was found using a mobile phone in the examination hall..mkv,b842b03e5784d867e93770560d88150a526250df69077cd3065edbbd4c842098,dfine_sahi,95100.0,unknown_object,0.2558,494.13,448.26,601.9,512.88,6963.8,107.76,64.62,1.668,False,,True,unattributed,20,evt_01-P01_desk_work_surface_0004,19491eed25ce2506,pose_hand_context,,56539.3,2.69,,1,01/e1/v1,rtmpose_baseline
corpus_01,01.Candidate was found using a mobile phone in the examination hall..mkv,b842b03e5784d867e93770560d88150a526250df69077cd3065edbbd4c842098,dfine_sahi,95620.0,unknown_object,0.6241,521.15,540.39,592.36,632.35,6548.4,71.21,91.96,0.774,False,,True,unattributed,26,evt_01-P01_upper_body_0008,48b9f50b0d190acd,pose_hand_context,,32826.2,3.53,,1,01/e1/v1,rtmpose_baseline
corpus_01,01.Candidate was found using a mobile phone in the examination hall..mkv,b842b03e5784d867e93770560d88150a526250df69077cd3065edbbd4c842098,dfine_sahi,95620.0,unknown_object,0.5446,600.12,531.16,669.2,632.4,6993.9,69.08,101.24,0.682,False,,True,unattributed,26,evt_01-P01_upper_body_0008,48b9f50b0d190acd,pose_hand_context,,32826.2,3.53,,1,01/e1/v1,rtmpose_baseline
corpus_01,01.Candidate was found using a mobile phone in the examination hall..mkv,b842b03e5784d867e93770560d88150a526250df69077cd3065edbbd4c842098,dfine_sahi,95620.0,unknown_object,0.4945,656.18,559.82,688.12,586.41,849.2,31.94,26.59,1.201,False,,True,unattributed,26,evt_01-P01_upper_body_0008,48b9f50b0d190acd,pose_hand_context,,32826.2,3.53,,1,01/e1/v1,rtmpose_baseline
corpus_01,01.Candidate was found using a mobile phone in the examination hall..mkv,b842b03e5784d867e93770560d88150a526250df69077cd3065edbbd4c842098,dfine_sahi,95620.0,unknown_object,0.4914,575.6,531.21,622.91,632.07,4772.3,47.32,100.86,0.469,False,,True,unattributed,26,evt_01-P01_upper_body_0008,48b9f50b0d190acd,pose_hand_context,,32826.2,3.53,,1,01/e1/v1,rtmpose_baseline
corpus_01,01.Candidate was found using a mobile phone in the examination hall..mkv,b842b03e5784d867e93770560d88150a526250df69077cd3065edbbd4c842098,dfine_sahi,95620.0,unknown_object,0.463,521.05,539.38,632.64,711.16,19168.2,111.59,171.78,0.65,False,,True,unattributed,26,evt_01-P01_upper_body_0008,48b9f50b0d190acd,pose_hand_context,,32826.2,3.53,,1,01/e1/v1,rtmpose_baseline
corpus_01,01.Candidate was found using a mobile phone in the examination hall..mkv,b842b03e5784d867e93770560d88150a526250df69077cd3065edbbd4c842098,dfine_sahi,95620.0,unknown_object,0.4297,646.75,531.25,701.91,630.87,5494.2,55.15,99.62,0.554,False,,True,unattributed,26,evt_01-P01_upper_body_0008,48b9f50b0d190acd,pose_hand_context,,32826.2,3.53,,1,01/e1/v1,rtmpose_baseline
corpus_01,01.Candidate was found using a mobile phone in the examination hall..mkv,b842b03e5784d867e93770560d88150a526250df69077cd3065edbbd4c842098,dfine_sahi,95620.0,unknown_object,0.3293,600.06,611.27,667.03,711.05,6683.0,66.98,99.78,0.671,False,,True,unattributed,26,evt_01-P01_upper_body_0008,48b9f50b0d190acd,pose_hand_context,,32826.2,3.53,,1,01/e1/v1,rtmpose_baseline
corpus_01,01.Candidate was found using a mobile phone in the examination hall..mkv,b842b03e5784d867e93770560d88150a526250df69077cd3065edbbd4c842098,dfine_sahi,95620.0,unknown_object,0.3036,618.65,573.4,668.56,632.52,2950.7,49.91,59.12,0.844,False,,True,unattributed,26,evt_01-P01_upper_body_0008,48b9f50b0d190acd,pose_hand_context,,32826.2,3.53,,1,01/e1/v1,rtmpose_baseline
corpus_01,01.Candidate was found using a mobile phone in the examination hall..mkv,b842b03e5784d867e93770560d88150a526250df69077cd3065edbbd4c842098,dfine_sahi,95620.0,unknown_object,0.2759,585.21,675.99,622.98,711.39,1337.0,37.77,35.4,1.067,False,,True,unattributed,26,evt_01-P01_upper_body_0008,48b9f50b0d190acd,pose_hand_context,,32826.2,3.53,,1,01/e1/v1,rtmpose_baseline
corpus_01,01.Candidate was found using a mobile phone in the examination hall..mkv,b842b03e5784d867e93770560d88150a526250df69077cd3065edbbd4c842098,dfine_sahi,95620.0,unknown_object,0.2753,521.02,531.2,544.89,582.04,1213.1,23.86,50.83,0.469,False,,True,unattributed,26,evt_01-P01_upper_body_0008,48b9f50b0d190acd,pose_hand_context,,32826.2,3.53,,1,01/e1/v1,rtmpose_baseline
corpus_01,01.Candidate was found using a mobile phone in the examination hall..mkv,b842b03e5784d867e93770560d88150a526250df69077cd3065edbbd4c842098,dfine_sahi,95620.0,unknown_object,0.5527,646.82,503.21,761.02,617.7,13073.7,114.19,114.49,0.997,False,,True,unattributed,20,evt_01-P01_upper_body_0008,c4a98c8f93f89b62,pose_hand_context,,42115.2,3.12,,1,01/e1/v1,rtmpose_baseline
corpus_01,01.Candidate was found using a mobile phone in the examination hall..mkv,b842b03e5784d867e93770560d88150a526250df69077cd3065edbbd4c842098,dfine_sahi,95620.0,unknown_object,0.4589,660.04,455.74,760.97,527.76,7268.1,100.92,72.02,1.401,False,,True,unattributed,20,evt_01-P01_upper_body_0008,c4a98c8f93f89b62,pose_hand_context,,42115.2,3.12,,1,01/e1/v1,rtmpose_baseline
corpus_01,01.Candidate was found using a mobile phone in the examination hall..mkv,b842b03e5784d867e93770560d88150a526250df69077cd3065edbbd4c842098,dfine_sahi,95620.0,unknown_object,0.408,656.76,559.92,688.09,586.57,835.1,31.34,26.65,1.176,False,,True,unattributed,20,evt_01-P01_upper_body_0008,c4a98c8f93f89b62,pose_hand_context,,42115.2,3.12,,1,01/e1/v1,rtmpose_baseline
corpus_01,01.Candidate was found using a mobile phone in the examination hall..mkv,b842b03e5784d867e93770560d88150a526250df69077cd3065edbbd4c842098,dfine_sahi,95620.0,unknown_object,0.4019,646.01,574.17,669.18,617.72,1009.0,23.17,43.55,0.532,False,,True,unattributed,20,evt_01-P01_upper_body_0008,c4a98c8f93f89b62,pose_hand_context,,42115.2,3.12,,1,01/e1/v1,rtmpose_baseline
corpus_01,01.Candidate was found using a mobile phone in the examination hall..mkv,b842b03e5784d867e93770560d88150a526250df69077cd3065edbbd4c842098,dfine_sahi,95620.0,unknown_object,0.3531,556.0,540.19,589.7,617.57,2607.7,33.7,77.38,0.436,False,,True,unattributed,20,evt_01-P01_upper_body_0008,c4a98c8f93f89b62,pose_hand_context,,42115.2,3.12,,1,01/e1/v1,rtmpose_baseline
corpus_01,01.Candidate was found using a mobile phone in the examination hall..mkv,b842b03e5784d867e93770560d88150a526250df69077cd3065edbbd4c842098,dfine_sahi,95620.0,unknown_object,0.3368,556.0,421.38,607.75,615.48,10043.6,51.75,194.1,0.267,False,,True,unattributed,20,evt_01-P01_upper_body_0008,c4a98c8f93f89b62,pose_hand_context,,42115.2,3.12,,1,01/e1/v1,rtmpose_baseline
corpus_01,01.Candidate was found using a mobile phone in the examination hall..mkv,b842b03e5784d867e93770560d88150a526250df69077cd3065edbbd4c842098,dfine_sahi,95620.0,unknown_object,0.3187,556.01,423.34,605.91,496.99,3675.1,49.9,73.65,0.678,False,,True,unattributed,20,evt_01-P01_upper_body_0008,c4a98c8f93f89b62,pose_hand_context,,42115.2,3.12,,1,01/e1/v1,rtmpose_baseline
corpus_01,01.Candidate was found using a mobile phone in the examination hall..mkv,b842b03e5784d867e93770560d88150a526250df69077cd3065edbbd4c842098,dfine_sahi,95620.0,unknown_object,0.276,646.01,511.14,669.89,617.31,2535.1,23.88,106.16,0.225,False,,True,unattributed,20,evt_01-P01_upper_body_0008,c4a98c8f93f89b62,pose_hand_context,,42115.2,3.12,,1,01/e1/v1,rtmpose_baseline
corpus_01,01.Candidate was found using a mobile phone in the examination hall..mkv,b842b03e5784d867e93770560d88150a526250df69077cd3065edbbd4c842098,dfine_sahi,95620.0,unknown_object,0.256,689.71,598.9,713.01,617.98,444.4,23.3,19.08,1.221,False,,True,unattributed,20,evt_01-P01_upper_body_0008,c4a98c8f93f89b62,pose_hand_context,,42115.2,3.12,,1,01/e1/v1,rtmpose_baseline
corpus_01,01.Candidate was found using a mobile phone in the examination hall..mkv,b842b03e5784d867e93770560d88150a526250df69077cd3065edbbd4c842098,dfine_sahi,95660.0,unknown_object,0.6245,667.19,454.5,728.0,526.68,4389.6,60.81,72.19,0.842,False,,True,unattributed,20,evt_01-P04_desk_work_surface_0027,1b8313e4e1b97b70,pose_hand_context,,39315.0,3.23,,1,01/e1/v1,rtmpose_baseline
corpus_01,01.Candidate was found using a mobile phone in the examination hall..mkv,b842b03e5784d867e93770560d88150a526250df69077cd3065edbbd4c842098,dfine_sahi,95660.0,unknown_object,0.592,649.1,503.3,758.86,614.61,12217.1,109.76,111.31,0.986,False,,True,unattributed,20,evt_01-P04_desk_work_surface_0027,1b8313e4e1b97b70,pose_hand_context,,39315.0,3.23,,1,01/e1/v1,rtmpose_baseline
corpus_01,01.Candidate was found using a mobile phone in the examination hall..mkv,b842b03e5784d867e93770560d88150a526250df69077cd3065edbbd4c842098,dfine_sahi,95660.0,unknown_object,0.4452,572.51,434.47,671.81,527.02,9190.9,99.3,92.55,1.073,False,,True,unattributed,20,evt_01-P04_desk_work_surface_0027,1b8313e4e1b97b70,pose_hand_context,,39315.0,3.23,,1,01/e1/v1,rtmpose_baseline
corpus_01,01.Candidate was found using a mobile phone in the examination hall..mkv,b842b03e5784d867e93770560d88150a526250df69077cd3065edbbd4c842098,dfine_sahi,95660.0,unknown_object,0.4151,647.0,512.29,672.89,614.42,2644.0,25.89,102.12,0.254,False,,True,unattributed,20,evt_01-P04_desk_work_surface_0027,1b8313e4e1b97b70,pose_hand_context,,39315.0,3.23,,1,01/e1/v1,rtmpose_baseline
corpus_01,01.Candidate was found using a mobile phone in the examination hall..mkv,b842b03e5784d867e93770560d88150a526250df69077cd3065edbbd4c842098,dfine_sahi,95660.0,monitor_or_bezel,0.3741,560.01,418.7,607.6,491.77,3478.0,47.6,73.07,0.651,False,,True,unattributed,20,evt_01-P04_desk_work_surface_0027,1b8313e4e1b97b70,pose_hand_context,,39315.0,3.23,,1,01/e1/v1,rtmpose_baseline
corpus_01,01.Candidate was found using a mobile phone in the examination hall..mkv,b842b03e5784d867e93770560d88150a526250df69077cd3065edbbd4c842098,dfine_sahi,95660.0,unknown_object,0.3682,646.99,573.44,672.29,614.87,1048.2,25.3,41.43,0.611,False,,True,unattributed,20,evt_01-P04_desk_work_surface_0027,1b8313e4e1b97b70,pose_hand_context,,39315.0,3.23,,1,01/e1/v1,rtmpose_baseline
corpus_01,01.Candidate was found using a mobile phone in the examination hall..mkv,b842b03e5784d867e93770560d88150a526250df69077cd3065edbbd4c842098,dfine_sahi,95660.0,unknown_object,0.368,572.73,503.25,653.96,614.11,9005.4,81.23,110.86,0.733,False,,True,unattributed,20,evt_01-P04_desk_work_surface_0027,1b8313e4e1b97b70,pose_hand_context,,39315.0,3.23,,1,01/e1/v1,rtmpose_baseline
corpus_01,01.Candidate was found using a mobile phone in the examination hall..mkv,b842b03e5784d867e93770560d88150a526250df69077cd3065edbbd4c842098,dfine_sahi,95660.0,unknown_object,0.31,560.0,417.54,608.81,526.06,5296.4,48.81,108.51,0.45,False,,True,unattributed,20,evt_01-P04_desk_work_surface_0027,1b8313e4e1b97b70,pose_hand_context,,39315.0,3.23,,1,01/e1/v1,rtmpose_baseline
corpus_01,01.Candidate was found using a mobile phone in the examination hall..mkv,b842b03e5784d867e93770560d88150a526250df69077cd3065edbbd4c842098,dfine_sahi,95660.0,unknown_object,0.2884,683.49,598.57,696.28,614.99,209.9,12.78,16.42,0.778,False,,True,unattributed,20,evt_01-P04_desk_work_surface_0027,1b8313e4e1b97b70,pose_hand_context,,39315.0,3.23,,1,01/e1/v1,rtmpose_baseline
corpus_01,01.Candidate was found using a mobile phone in the examination hall..mkv,b842b03e5784d867e93770560d88150a526250df69077cd3065edbbd4c842098,dfine_sahi,95660.0,unknown_object,0.2864,559.99,540.14,585.49,613.99,1883.0,25.5,73.86,0.345,False,,True,unattributed,20,evt_01-P04_desk_work_surface_0027,1b8313e4e1b97b70,pose_hand_context,,39315.0,3.23,,1,01/e1/v1,rtmpose_baseline
corpus_01,01.Candidate was found using a mobile phone in the examination hall..mkv,b842b03e5784d867e93770560d88150a526250df69077cd3065edbbd4c842098,dfine_sahi,95660.0,unknown_object,0.2779,669.33,580.25,702.34,614.96,1145.9,33.01,34.72,0.951,False,,True,unattributed,20,evt_01-P04_desk_work_surface_0027,1b8313e4e1b97b70,pose_hand_context,,39315.0,3.23,,1,01/e1/v1,rtmpose_baseline
corpus_01,01.Candidate was found using a mobile phone in the examination hall..mkv,b842b03e5784d867e93770560d88150a526250df69077cd3065edbbd4c842098,dfine_sahi,95660.0,unknown_object,0.2569,659.34,557.89,692.66,584.31,880.6,33.32,26.43,1.261,False,,True,unattributed,20,evt_01-P04_desk_work_surface_0027,1b8313e4e1b97b70,pose_hand_context,,39315.0,3.23,,1,01/e1/v1,rtmpose_baseline
corpus_01,01.Candidate was found using a mobile phone in the examination hall..mkv,b842b03e5784d867e93770560d88150a526250df69077cd3065edbbd4c842098,dfine_sahi,95660.0,unknown_object,0.2533,695.12,567.26,742.29,614.7,2237.2,47.16,47.43,0.994,False,,True,unattributed,20,evt_01-P04_desk_work_surface_0027,1b8313e4e1b97b70,pose_hand_context,,39315.0,3.23,,1,01/e1/v1,rtmpose_baseline
corpus_01,01.Candidate was found using a mobile phone in the examination hall..mkv,b842b03e5784d867e93770560d88150a526250df69077cd3065edbbd4c842098,dfine_sahi,95660.0,unknown_object,0.665,518.58,540.04,589.73,630.4,6428.7,71.15,90.36,0.787,False,,True,unattributed,26,evt_01-P04_desk_work_surface_0027,628c4b68dc11c3fc,pose_hand_context,,32666.9,3.54,,1,01/e1/v1,rtmpose_baseline
corpus_01,01.Candidate was found using a mobile phone in the examination hall..mkv,b842b03e5784d867e93770560d88150a526250df69077cd3065edbbd4c842098,dfine_sahi,95660.0,unknown_object,0.6564,596.01,610.2,642.47,709.03,4591.1,46.46,98.82,0.47,False,,True,unattributed,26,evt_01-P04_desk_work_surface_0027,628c4b68dc11c3fc,pose_hand_context,,32666.9,3.54,,1,01/e1/v1,rtmpose_baseline
corpus_01,01.Candidate was found using a mobile phone in the examination hall..mkv,b842b03e5784d867e93770560d88150a526250df69077cd3065edbbd4c842098,dfine_sahi,95660.0,unknown_object,0.4831,517.07,539.3,625.39,708.59,18337.2,108.32,169.29,0.64,False,,True,unattributed,26,evt_01-P04_desk_work_surface_0027,628c4b68dc11c3fc,pose_hand_context,,32666.9,3.54,,1,01/e1/v1,rtmpose_baseline
corpus_01,01.Candidate was found using a mobile phone in the examination hall..mkv,b842b03e5784d867e93770560d88150a526250df69077cd3065edbbd4c842098,dfine_sahi,95660.0,unknown_object,0.4625,611.76,530.27,673.08,630.12,6122.4,61.32,99.85,0.614,False,,True,unattributed,26,evt_01-P04_desk_work_surface_0027,628c4b68dc11c3fc,pose_hand_context,,32666.9,3.54,,1,01/e1/v1,rtmpose_baseline
corpus_01,01.Candidate was found using a mobile phone in the examination hall..mkv,b842b03e5784d867e93770560d88150a526250df69077cd3065edbbd4c842098,dfine_sahi,95660.0,unknown_object,0.4446,602.08,622.48,630.57,655.76,948.0,28.48,33.28,0.856,False,,True,unattributed,26,evt_01-P04_desk_work_surface_0027,628c4b68dc11c3fc,pose_hand_context,,32666.9,3.54,,1,01/e1/v1,rtmpose_baseline
corpus_01,01.Candidate was found using a mobile phone in the examination hall..mkv,b842b03e5784d867e93770560d88150a526250df69077cd3065edbbd4c842098,dfine_sahi,95660.0,unknown_object,0.3902,517.0,530.19,544.33,581.9,1412.9,27.33,51.71,0.528,False,,True,unattributed,26,evt_01-P04_desk_work_surface_0027,628c4b68dc11c3fc,pose_hand_context,,32666.9,3.54,,1,01/e1/v1,rtmpose_baseline
corpus_01,01.Candidate was found using a mobile phone in the examination hall..mkv,b842b03e5784d867e93770560d88150a526250df69077cd3065edbbd4c842098,dfine_sahi,95660.0,stationery,0.3698,602.47,622.99,626.18,653.7,728.2,23.71,30.71,0.772,False,,True,unattributed,26,evt_01-P04_desk_work_surface_0027,628c4b68dc11c3fc,pose_hand_context,,32666.9,3.54,,1,01/e1/v1,rtmpose_baseline
corpus_01,01.Candidate was found using a mobile phone in the examination hall..mkv,b842b03e5784d867e93770560d88150a526250df69077cd3065edbbd4c842098,dfine_sahi,95660.0,unknown_object,0.3662,650.18,530.25,698.04,629.16,4733.7,47.86,98.91,0.484,False,,True,unattributed,26,evt_01-P04_desk_work_surface_0027,628c4b68dc11c3fc,pose_hand_context,,32666.9,3.54,,1,01/e1/v1,rtmpose_baseline
corpus_01,01.Candidate was found using a mobile phone in the examination hall..mkv,b842b03e5784d867e93770560d88150a526250df69077cd3065edbbd4c842098,dfine_sahi,95660.0,unknown_object,0.3537,573.09,530.19,617.91,630.09,4477.5,44.82,99.9,0.449,False,,True,unattributed,26,evt_01-P04_desk_work_surface_0027,628c4b68dc11c3fc,pose_hand_context,,32666.9,3.54,,1,01/e1/v1,rtmpose_baseline
corpus_01,01.Candidate was found using a mobile phone in the examination hall..mkv,b842b03e5784d867e93770560d88150a526250df69077cd3065edbbd4c842098,dfine_sahi,95660.0,unknown_object,0.3446,669.56,580.24,697.48,629.25,1368.4,27.92,49.01,0.57,False,,True,unattributed,26,evt_01-P04_desk_work_surface_0027,628c4b68dc11c3fc,pose_hand_context,,32666.9,3.54,,1,01/e1/v1,rtmpose_baseline
corpus_01,01.Candidate was found using a mobile phone in the examination hall..mkv,b842b03e5784d867e93770560d88150a526250df69077cd3065edbbd4c842098,dfine_sahi,95660.0,unknown_object,0.3385,613.92,609.16,670.57,708.97,5654.0,56.65,99.81,0.568,False,,True,unattributed,26,evt_01-P04_desk_work_surface_0027,628c4b68dc11c3fc,pose_hand_context,,32666.9,3.54,,1,01/e1/v1,rtmpose_baseline
corpus_01,01.Candidate was found using a mobile phone in the examination hall..mkv,b842b03e5784d867e93770560d88150a526250df69077cd3065edbbd4c842098,dfine_sahi,95660.0,unknown_object,0.3384,655.68,583.76,698.01,707.6,5241.7,42.33,123.84,0.342,False,,True,unattributed,26,evt_01-P04_desk_work_surface_0027,628c4b68dc11c3fc,pose_hand_context,,32666.9,3.54,,1,01/e1/v1,rtmpose_baseline
corpus_01,01.Candidate was found using a mobile phone in the examination hall..mkv,b842b03e5784d867e93770560d88150a526250df69077cd3065edbbd4c842098,dfine_sahi,95660.0,unknown_object,0.2613,680.1,597.86,696.59,627.64,491.0,16.49,29.78,0.554,False,,True,unattributed,26,evt_01-P04_desk_work_surface_0027,628c4b68dc11c3fc,pose_hand_context,,32666.9,3.54,,1,01/e1/v1,rtmpose_baseline
corpus_01,01.Candidate was found using a mobile phone in the examination hall..mkv,b842b03e5784d867e93770560d88150a526250df69077cd3065edbbd4c842098,dfine_sahi,95700.0,unknown_object,0.6615,670.64,451.81,754.35,529.75,6524.5,83.71,77.94,1.074,False,,True,unattributed,20,evt_01-P05_desk_work_surface_0036,3788ec6b46b996b8,pose_hand_context,,36588.0,3.35,,1,01/e1/v1,rtmpose_baseline
corpus_01,01.Candidate was found using a mobile phone in the examination hall..mkv,b842b03e5784d867e93770560d88150a526250df69077cd3065edbbd4c842098,dfine_sahi,95700.0,monitor_or_bezel,0.6069,564.02,423.69,606.87,489.98,2840.8,42.85,66.29,0.646,False,,True,unattributed,20,evt_01-P05_desk_work_surface_0036,3788ec6b46b996b8,pose_hand_context,,36588.0,3.35,,1,01/e1/v1,rtmpose_baseline
corpus_01,01.Candidate was found using a mobile phone in the examination hall..mkv,b842b03e5784d867e93770560d88150a526250df69077cd3065edbbd4c842098,dfine_sahi,95700.0,unknown_object,0.5934,651.28,506.1,754.75,613.69,11132.1,103.48,107.58,0.962,False,,True,unattributed,20,evt_01-P05_desk_work_surface_0036,3788ec6b46b996b8,pose_hand_context,,36588.0,3.35,,1,01/e1/v1,rtmpose_baseline
corpus_01,01.Candidate was found using a mobile phone in the examination hall..mkv,b842b03e5784d867e93770560d88150a526250df69077cd3065edbbd4c842098,dfine_sahi,95700.0,unknown_object,0.5783,648.01,432.7,685.51,520.52,3293.5,37.5,87.83,0.427,False,,True,unattributed,20,evt_01-P05_desk_work_surface_0036,3788ec6b46b996b8,pose_hand_context,,36588.0,3.35,,1,01/e1/v1,rtmpose_baseline
corpus_01,01.Candidate was found using a mobile phone in the examination hall..mkv,b842b03e5784d867e93770560d88150a526250df69077cd3065edbbd4c842098,dfine_sahi,95700.0,unknown_object,0.5762,648.03,512.71,675.69,613.5,2787.5,27.66,100.79,0.274,False,,True,unattributed,20,evt_01-P05_desk_work_surface_0036,3788ec6b46b996b8,pose_hand_context,,36588.0,3.35,,1,01/e1/v1,rtmpose_baseline
corpus_01,01.Candidate was found using a mobile phone in the examination hall..mkv,b842b03e5784d867e93770560d88150a526250df69077cd3065edbbd4c842098,dfine_sahi,95700.0,unknown_object,0.4279,666.01,556.75,696.9,613.65,1757.5,30.89,56.89,0.543,False,,True,unattributed,20,evt_01-P05_desk_work_surface_0036,3788ec6b46b996b8,pose_hand_context,,36588.0,3.35,,1,01/e1/v1,rtmpose_baseline
corpus_01,01.Candidate was found using a mobile phone in the examination hall..mkv,b842b03e5784d867e93770560d88150a526250df69077cd3065edbbd4c842098,dfine_sahi,95700.0,unknown_object,0.3894,671.83,576.62,692.45,613.87,768.2,20.63,37.25,0.554,False,,True,unattributed,20,evt_01-P05_desk_work_surface_0036,3788ec6b46b996b8,pose_hand_context,,36588.0,3.35,,1,01/e1/v1,rtmpose_baseline
corpus_01,01.Candidate was found using a mobile phone in the examination hall..mkv,b842b03e5784d867e93770560d88150a526250df69077cd3065edbbd4c842098,dfine_sahi,95700.0,unknown_object,0.3481,653.71,521.68,671.99,582.57,1113.4,18.29,60.89,0.3,False,,True,unattributed,20,evt_01-P05_desk_work_surface_0036,3788ec6b46b996b8,pose_hand_context,,36588.0,3.35,,1,01/e1/v1,rtmpose_baseline
corpus_01,01.Candidate was found using a mobile phone in the examination hall..mkv,b842b03e5784d867e93770560d88150a526250df69077cd3065edbbd4c842098,dfine_sahi,95700.0,unknown_object,0.3395,671.99,578.11,720.82,613.95,1749.9,48.83,35.84,1.362,False,,True,unattributed,20,evt_01-P05_desk_work_surface_0036,3788ec6b46b996b8,pose_hand_context,,36588.0,3.35,,1,01/e1/v1,rtmpose_baseline
corpus_01,01.Candidate was found using a mobile phone in the examination hall..mkv,b842b03e5784d867e93770560d88150a526250df69077cd3065edbbd4c842098,dfine_sahi,95700.0,unknown_object,0.3271,648.23,572.11,674.81,613.86,1109.9,26.58,41.75,0.637,False,,True,unattributed,20,evt_01-P05_desk_work_surface_0036,3788ec6b46b996b8,pose_hand_context,,36588.0,3.35,,1,01/e1/v1,rtmpose_baseline
corpus_01,01.Candidate was found using a mobile phone in the examination hall..mkv,b842b03e5784d867e93770560d88150a526250df69077cd3065edbbd4c842098,dfine_sahi,95700.0,unknown_object,0.3159,648.0,480.3,670.19,529.66,1095.7,22.2,49.36,0.45,False,,True,unattributed,20,evt_01-P05_desk_work_surface_0036,3788ec6b46b996b8,pose_hand_context,,36588.0,3.35,,1,01/e1/v1,rtmpose_baseline
corpus_01,01.Candidate was found using a mobile phone in the examination hall..mkv,b842b03e5784d867e93770560d88150a526250df69077cd3065edbbd4c842098,dfine_sahi,95700.0,unknown_object,0.3037,688.0,596.83,700.14,613.99,208.5,12.15,17.16,0.708,False,,True,unattributed,20,evt_01-P05_desk_work_surface_0036,3788ec6b46b996b8,pose_hand_context,,36588.0,3.35,,1,01/e1/v1,rtmpose_baseline
corpus_01,01.Candidate was found using a mobile phone in the examination hall..mkv,b842b03e5784d867e93770560d88150a526250df69077cd3065edbbd4c842098,dfine_sahi,95700.0,unknown_object,0.2848,569.75,506.27,656.31,613.15,9251.6,86.56,106.88,0.81,False,,True,unattributed,20,evt_01-P05_desk_work_surface_0036,3788ec6b46b996b8,pose_hand_context,,36588.0,3.35,,1,01/e1/v1,rtmpose_baseline
corpus_01,01.Candidate was found using a mobile phone in the examination hall..mkv,b842b03e5784d867e93770560d88150a526250df69077cd3065edbbd4c842098,dfine_sahi,95700.0,unknown_object,0.2832,691.7,507.05,710.82,531.85,474.0,19.12,24.8,0.771,False,,True,unattributed,20,evt_01-P05_desk_work_surface_0036,3788ec6b46b996b8,pose_hand_context,,36588.0,3.35,,1,01/e1/v1,rtmpose_baseline
corpus_01,01.Candidate was found using a mobile phone in the examination hall..mkv,b842b03e5784d867e93770560d88150a526250df69077cd3065edbbd4c842098,dfine_sahi,95700.0,unknown_object,0.2802,673.54,506.2,693.59,527.65,430.2,20.05,21.45,0.935,False,,True,unattributed,20,evt_01-P05_desk_work_surface_0036,3788ec6b46b996b8,pose_hand_context,,36588.0,3.35,,1,01/e1/v1,rtmpose_baseline
corpus_01,01.Candidate was found using a mobile phone in the examination hall..mkv,b842b03e5784d867e93770560d88150a526250df69077cd3065edbbd4c842098,dfine_sahi,95700.0,unknown_object,0.2721,698.68,582.55,720.95,613.95,699.1,22.26,31.4,0.709,False,,True,unattributed,20,evt_01-P05_desk_work_surface_0036,3788ec6b46b996b8,pose_hand_context,,36588.0,3.35,,1,01/e1/v1,rtmpose_baseline
corpus_01,01.Candidate was found using a mobile phone in the examination hall..mkv,b842b03e5784d867e93770560d88150a526250df69077cd3065edbbd4c842098,dfine_sahi,95700.0,unknown_object,0.6209,517.91,540.09,584.19,629.44,5922.1,66.28,89.35,0.742,False,,True,unattributed,26,evt_01-P05_desk_work_surface_0036,9fd3aca8051c8b02,pose_hand_context,,31584.4,3.6,,1,01/e1/v1,rtmpose_baseline
corpus_01,01.Candidate was found using a mobile phone in the examination hall..mkv,b842b03e5784d867e93770560d88150a526250df69077cd3065edbbd4c842098,dfine_sahi,95700.0,unknown_object,0.6054,514.3,539.61,617.82,707.18,17346.2,103.52,167.56,0.618,False,,True,unattributed,26,evt_01-P05_desk_work_surface_0036,9fd3aca8051c8b02,pose_hand_context,,31584.4,3.6,,1,01/e1/v1,rtmpose_baseline
corpus_01,01.Candidate was found using a mobile phone in the examination hall..mkv,b842b03e5784d867e93770560d88150a526250df69077cd3065edbbd4c842098,dfine_sahi,95700.0,unknown_object,0.5607,608.34,608.2,673.44,707.61,6471.2,65.09,99.41,0.655,False,,True,unattributed,26,evt_01-P05_desk_work_surface_0036,9fd3aca8051c8b02,pose_hand_context,,31584.4,3.6,,1,01/e1/v1,rtmpose_baseline
corpus_01,01.Candidate was found using a mobile phone in the examination hall..mkv,b842b03e5784d867e93770560d88150a526250df69077cd3065edbbd4c842098,dfine_sahi,95700.0,unknown_object,0.4974,607.74,530.19,675.31,629.49,6709.3,67.57,99.3,0.68,False,,True,unattributed,26,evt_01-P05_desk_work_surface_0036,9fd3aca8051c8b02,pose_hand_context,,31584.4,3.6,,1,01/e1/v1,rtmpose_baseline
corpus_01,01.Candidate was found using a mobile phone in the examination hall..mkv,b842b03e5784d867e93770560d88150a526250df69077cd3065edbbd4c842098,dfine_sahi,95700.0,unknown_object,0.4506,652.81,530.17,690.96,597.85,2582.1,38.15,67.68,0.564,False,,True,unattributed,26,evt_01-P05_desk_work_surface_0036,9fd3aca8051c8b02,pose_hand_context,,31584.4,3.6,,1,01/e1/v1,rtmpose_baseline
corpus_01,01.Candidate was found using a mobile phone in the examination hall..mkv,b842b03e5784d867e93770560d88150a526250df69077cd3065edbbd4c842098,dfine_sahi,95700.0,unknown_object,0.4359,570.33,530.17,613.89,629.16,4311.8,43.56,98.99,0.44,False,,True,unattributed,26,evt_01-P05_desk_work_surface_0036,9fd3aca8051c8b02,pose_hand_context,,31584.4,3.6,,1,01/e1/v1,rtmpose_baseline
corpus_01,01.Candidate was found using a mobile phone in the examination hall..mkv,b842b03e5784d867e93770560d88150a526250df69077cd3065edbbd4c842098,dfine_sahi,95700.0,unknown_object,0.3909,582.21,608.23,613.98,707.21,3144.8,31.77,98.98,0.321,False,,True,unattributed,26,evt_01-P05_desk_work_surface_0036,9fd3aca8051c8b02,pose_hand_context,,31584.4,3.6,,1,01/e1/v1,rtmpose_baseline
corpus_01,01.Candidate was found using a mobile phone in the examination hall..mkv,b842b03e5784d867e93770560d88150a526250df69077cd3065edbbd4c842098,dfine_sahi,95700.0,unknown_object,0.3723,599.64,621.69,628.27,654.72,945.6,28.63,33.03,0.867,False,,True,unattributed,26,evt_01-P05_desk_work_surface_0036,9fd3aca8051c8b02,pose_hand_context,,31584.4,3.6,,1,01/e1/v1,rtmpose_baseline
corpus_01,01.Candidate was found using a mobile phone in the examination hall..mkv,b842b03e5784d867e93770560d88150a526250df69077cd3065edbbd4c842098,dfine_sahi,95700.0,unknown_object,0.3512,671.82,578.56,691.01,629.77,983.1,19.2,51.21,0.375,False,,True,unattributed,26,evt_01-P05_desk_work_surface_0036,9fd3aca8051c8b02,pose_hand_context,,31584.4,3.6,,1,01/e1/v1,rtmpose_baseline
corpus_01,01.Candidate was found using a mobile phone in the examination hall..mkv,b842b03e5784d867e93770560d88150a526250df69077cd3065edbbd4c842098,dfine_sahi,95740.0,unknown_object,0.6511,514.65,540.21,590.32,703.91,12386.7,75.67,163.7,0.462,False,,True,unattributed,26,evt_01-P05_upper_body_0039,4d2b2dc0bdd9275b,pose_hand_context,,30074.5,3.69,,1,01/e1/v1,rtmpose_baseline
corpus_01,01.Candidate was found using a mobile phone in the examination hall..mkv,b842b03e5784d867e93770560d88150a526250df69077cd3065edbbd4c842098,dfine_sahi,95740.0,unknown_object,0.5833,606.45,532.17,677.59,628.5,6852.5,71.14,96.33,0.738,False,,True,unattributed,26,evt_01-P05_upper_body_0039,4d2b2dc0bdd9275b,pose_hand_context,,30074.5,3.69,,1,01/e1/v1,rtmpose_baseline
corpus_01,01.Candidate was found using a mobile phone in the examination hall..mkv,b842b03e5784d867e93770560d88150a526250df69077cd3065edbbd4c842098,dfine_sahi,95740.0,unknown_object,0.5408,607.99,608.14,675.29,704.67,6496.5,67.29,96.54,0.697,False,,True,unattributed,26,evt_01-P05_upper_body_0039,4d2b2dc0bdd9275b,pose_hand_context,,30074.5,3.69,,1,01/e1/v1,rtmpose_baseline
corpus_01,01.Candidate was found using a mobile phone in the examination hall..mkv,b842b03e5784d867e93770560d88150a526250df69077cd3065edbbd4c842098,dfine_sahi,95740.0,unknown_object,0.4067,656.2,532.28,686.97,583.79,1584.9,30.76,51.52,0.597,False,,True,unattributed,26,evt_01-P05_upper_body_0039,4d2b2dc0bdd9275b,pose_hand_context,,30074.5,3.69,,1,01/e1/v1,rtmpose_baseline
corpus_01,01.Candidate was found using a mobile phone in the examination hall..mkv,b842b03e5784d867e93770560d88150a526250df69077cd3065edbbd4c842098,dfine_sahi,95740.0,unknown_object,0.3694,569.04,532.19,610.89,628.22,4019.6,41.86,96.03,0.436,False,,True,unattributed,26,evt_01-P05_upper_body_0039,4d2b2dc0bdd9275b,pose_hand_context,,30074.5,3.69,,1,01/e1/v1,rtmpose_baseline
corpus_01,01.Candidate was found using a mobile phone in the examination hall..mkv,b842b03e5784d867e93770560d88150a526250df69077cd3065edbbd4c842098,dfine_sahi,95740.0,unknown_object,0.3005,580.65,608.27,610.96,703.94,2899.4,30.3,95.68,0.317,False,,True,unattributed,26,evt_01-P05_upper_body_0039,4d2b2dc0bdd9275b,pose_hand_context,,30074.5,3.69,,1,01/e1/v1,rtmpose_baseline
corpus_01,01.Candidate was found using a mobile phone in the examination hall..mkv,b842b03e5784d867e93770560d88150a526250df69077cd3065edbbd4c842098,dfine_sahi,95740.0,unknown_object,0.289,673.9,581.56,686.99,628.83,619.0,13.1,47.26,0.277,False,,True,unattributed,26,evt_01-P05_upper_body_0039,4d2b2dc0bdd9275b,pose_hand_context,,30074.5,3.69,,1,01/e1/v1,rtmpose_baseline
corpus_01,01.Candidate was found using a mobile phone in the examination hall..mkv,b842b03e5784d867e93770560d88150a526250df69077cd3065edbbd4c842098,dfine_sahi,95740.0,unknown_object,0.2818,519.7,539.97,610.76,628.61,8073.0,91.07,88.65,1.027,False,,True,unattributed,26,evt_01-P05_upper_body_0039,4d2b2dc0bdd9275b,pose_hand_context,,30074.5,3.69,,1,01/e1/v1,rtmpose_baseline
corpus_01,01.Candidate was found using a mobile phone in the examination hall..mkv,b842b03e5784d867e93770560d88150a526250df69077cd3065edbbd4c842098,dfine_sahi,95740.0,unknown_object,0.2811,597.91,621.07,610.98,651.31,395.1,13.06,30.24,0.432,False,,True,unattributed,26,evt_01-P05_upper_body_0039,4d2b2dc0bdd9275b,pose_hand_context,,30074.5,3.69,,1,01/e1/v1,rtmpose_baseline
corpus_01,01.Candidate was found using a mobile phone in the examination hall..mkv,b842b03e5784d867e93770560d88150a526250df69077cd3065edbbd4c842098,dfine_sahi,95740.0,unknown_object,0.2733,597.68,620.45,625.93,653.39,930.7,28.25,32.95,0.857,False,,True,unattributed,26,evt_01-P05_upper_body_0039,4d2b2dc0bdd9275b,pose_hand_context,,30074.5,3.69,,1,01/e1/v1,rtmpose_baseline
corpus_01,01.Candidate was found using a mobile phone in the examination hall..mkv,b842b03e5784d867e93770560d88150a526250df69077cd3065edbbd4c842098,dfine_sahi,95740.0,unknown_object,0.7264,673.63,451.64,758.78,528.8,6570.6,85.16,77.16,1.104,False,,True,unattributed,20,evt_01-P05_upper_body_0039,8a8e59e075e5afb1,pose_hand_context,,38189.0,3.27,,1,01/e1/v1,rtmpose_baseline
corpus_01,01.Candidate was found using a mobile phone in the examination hall..mkv,b842b03e5784d867e93770560d88150a526250df69077cd3065edbbd4c842098,dfine_sahi,95740.0,unknown_object,0.4811,659.64,449.24,758.91,612.34,16192.1,99.27,163.1,0.609,False,,True,unattributed,20,evt_01-P05_upper_body_0039,8a8e59e075e5afb1,pose_hand_context,,38189.0,3.27,,1,01/e1/v1,rtmpose_baseline
corpus_01,01.Candidate was found using a mobile phone in the examination hall..mkv,b842b03e5784d867e93770560d88150a526250df69077cd3065edbbd4c842098,dfine_sahi,95740.0,unknown_object,0.4755,567.27,505.24,670.99,612.85,11160.6,103.72,107.6,0.964,False,,True,unattributed,20,evt_01-P05_upper_body_0039,8a8e59e075e5afb1,pose_hand_context,,38189.0,3.27,,1,01/e1/v1,rtmpose_baseline
corpus_01,01.Candidate was found using a mobile phone in the examination hall..mkv,b842b03e5784d867e93770560d88150a526250df69077cd3065edbbd4c842098,dfine_sahi,95740.0,unknown_object,0.4359,655.24,506.31,715.97,612.7,6461.3,60.73,106.39,0.571,False,,True,unattributed,20,evt_01-P05_upper_body_0039,8a8e59e075e5afb1,pose_hand_context,,38189.0,3.27,,1,01/e1/v1,rtmpose_baseline
corpus_01,01.Candidate was found using a mobile phone in the examination hall..mkv,b842b03e5784d867e93770560d88150a526250df69077cd3065edbbd4c842098,dfine_sahi,95740.0,unknown_object,0.4208,653.9,523.31,672.96,545.3,419.2,19.06,22.0,0.867,False,,True,unattributed,20,evt_01-P05_upper_body_0039,8a8e59e075e5afb1,pose_hand_context,,38189.0,3.27,,1,01/e1/v1,rtmpose_baseline
corpus_01,01.Candidate was found using a mobile phone in the examination hall..mkv,b842b03e5784d867e93770560d88150a526250df69077cd3065edbbd4c842098,dfine_sahi,95740.0,unknown_object,0.4098,648.98,431.78,685.73,524.73,3415.4,36.74,92.95,0.395,False,,True,unattributed,20,evt_01-P05_upper_body_0039,8a8e59e075e5afb1,pose_hand_context,,38189.0,3.27,,1,01/e1/v1,rtmpose_baseline
corpus_01,01.Candidate was found using a mobile phone in the examination hall..mkv,b842b03e5784d867e93770560d88150a526250df69077cd3065edbbd4c842098,dfine_sahi,95740.0,unknown_object,0.3971,653.99,511.41,671.89,529.1,316.5,17.9,17.68,1.012,False,,True,unattributed,20,evt_01-P05_upper_body_0039,8a8e59e075e5afb1,pose_hand_context,,38189.0,3.27,,1,01/e1/v1,rtmpose_baseline
corpus_01,01.Candidate was found using a mobile phone in the examination hall..mkv,b842b03e5784d867e93770560d88150a526250df69077cd3065edbbd4c842098,dfine_sahi,95740.0,unknown_object,0.3878,673.99,575.96,707.73,613.48,1266.0,33.74,37.52,0.899,False,,True,unattributed,20,evt_01-P05_upper_body_0039,8a8e59e075e5afb1,pose_hand_context,,38189.0,3.27,,1,01/e1/v1,rtmpose_baseline
corpus_01,01.Candidate was found using a mobile phone in the examination hall..mkv,b842b03e5784d867e93770560d88150a526250df69077cd3065edbbd4c842098,dfine_sahi,95740.0,unknown_object,0.371,667.52,554.71,698.93,582.34,867.9,31.41,27.63,1.137,False,,True,unattributed,20,evt_01-P05_upper_body_0039,8a8e59e075e5afb1,pose_hand_context,,38189.0,3.27,,1,01/e1/v1,rtmpose_baseline
corpus_01,01.Candidate was found using a mobile phone in the examination hall..mkv,b842b03e5784d867e93770560d88150a526250df69077cd3065edbbd4c842098,dfine_sahi,95740.0,unknown_object,0.3202,683.76,522.01,713.51,560.89,1156.8,29.75,38.89,0.765,False,,True,unattributed,20,evt_01-P05_upper_body_0039,8a8e59e075e5afb1,pose_hand_context,,38189.0,3.27,,1,01/e1/v1,rtmpose_baseline
corpus_01,01.Candidate was found using a mobile phone in the examination hall..mkv,b842b03e5784d867e93770560d88150a526250df69077cd3065edbbd4c842098,dfine_sahi,95740.0,unknown_object,0.3138,657.07,521.85,673.01,580.67,937.7,15.94,58.81,0.271,False,,True,unattributed,20,evt_01-P05_upper_body_0039,8a8e59e075e5afb1,pose_hand_context,,38189.0,3.27,,1,01/e1/v1,rtmpose_baseline
corpus_01,01.Candidate was found using a mobile phone in the examination hall..mkv,b842b03e5784d867e93770560d88150a526250df69077cd3065edbbd4c842098,dfine_sahi,95740.0,unknown_object,0.3019,708.27,564.61,756.09,602.16,1795.8,47.82,37.55,1.273,False,,True,unattributed,20,evt_01-P05_upper_body_0039,8a8e59e075e5afb1,pose_hand_context,,38189.0,3.27,,1,01/e1/v1,rtmpose_baseline
corpus_01,01.Candidate was found using a mobile phone in the examination hall..mkv,b842b03e5784d867e93770560d88150a526250df69077cd3065edbbd4c842098,dfine_sahi,95740.0,unknown_object,0.293,719.35,583.82,758.95,613.51,1175.6,39.59,29.69,1.334,False,,True,unattributed,20,evt_01-P05_upper_body_0039,8a8e59e075e5afb1,pose_hand_context,,38189.0,3.27,,1,01/e1/v1,rtmpose_baseline
corpus_01,01.Candidate was found using a mobile phone in the examination hall..mkv,b842b03e5784d867e93770560d88150a526250df69077cd3065edbbd4c842098,dfine_sahi,95740.0,unknown_object,0.2918,649.26,513.87,677.19,612.86,2764.8,27.93,98.99,0.282,False,,True,unattributed,20,evt_01-P05_upper_body_0039,8a8e59e075e5afb1,pose_hand_context,,38189.0,3.27,,1,01/e1/v1,rtmpose_baseline
corpus_01,01.Candidate was found using a mobile phone in the examination hall..mkv,b842b03e5784d867e93770560d88150a526250df69077cd3065edbbd4c842098,dfine_sahi,95740.0,unknown_object,0.2834,562.98,420.98,605.39,527.42,4514.1,42.41,106.44,0.398,False,,True,unattributed,20,evt_01-P05_upper_body_0039,8a8e59e075e5afb1,pose_hand_context,,38189.0,3.27,,1,01/e1/v1,rtmpose_baseline
corpus_01,01.Candidate was found using a mobile phone in the examination hall..mkv,b842b03e5784d867e93770560d88150a526250df69077cd3065edbbd4c842098,dfine_sahi,95740.0,monitor_or_bezel,0.2743,563.03,421.96,605.35,491.09,2925.7,42.32,69.13,0.612,False,,True,unattributed,20,evt_01-P05_upper_body_0039,8a8e59e075e5afb1,pose_hand_context,,38189.0,3.27,,1,01/e1/v1,rtmpose_baseline
corpus_01,01.Candidate was found using a mobile phone in the examination hall..mkv,b842b03e5784d867e93770560d88150a526250df69077cd3065edbbd4c842098,dfine_sahi,95740.0,unknown_object,0.2657,725.85,533.17,752.64,555.81,606.7,26.8,22.64,1.183,False,,True,unattributed,20,evt_01-P05_upper_body_0039,8a8e59e075e5afb1,pose_hand_context,,38189.0,3.27,,1,01/e1/v1,rtmpose_baseline
corpus_01,01.Candidate was found using a mobile phone in the examination hall..mkv,b842b03e5784d867e93770560d88150a526250df69077cd3065edbbd4c842098,dfine_sahi,96100.0,unknown_object,0.5888,509.31,540.12,587.49,697.78,12326.6,78.19,157.66,0.496,False,,True,unattributed,26,evt_01-P01_desk_work_surface_0004,4d6072c5f99bf614,pose_hand_context,,31237.0,3.62,,1,01/e1/v1,rtmpose_baseline
corpus_01,01.Candidate was found using a mobile phone in the examination hall..mkv,b842b03e5784d867e93770560d88150a526250df69077cd3065edbbd4c842098,dfine_sahi,96100.0,unknown_object,0.4236,596.35,683.76,607.91,698.98,176.0,11.56,15.22,0.759,False,,True,unattributed,26,evt_01-P01_desk_work_surface_0004,4d6072c5f99bf614,pose_hand_context,,31237.0,3.62,,1,01/e1/v1,rtmpose_baseline
corpus_01,01.Candidate was found using a mobile phone in the examination hall..mkv,b842b03e5784d867e93770560d88150a526250df69077cd3065edbbd4c842098,dfine_sahi,96100.0,unknown_object,0.4025,520.7,540.37,579.51,621.58,4776.2,58.82,81.21,0.724,False,,True,unattributed,26,evt_01-P01_desk_work_surface_0004,4d6072c5f99bf614,pose_hand_context,,31237.0,3.62,,1,01/e1/v1,rtmpose_baseline
corpus_01,01.Candidate was found using a mobile phone in the examination hall..mkv,b842b03e5784d867e93770560d88150a526250df69077cd3065edbbd4c842098,dfine_sahi,96100.0,unknown_object,0.3975,593.3,611.62,619.06,646.96,910.2,25.76,35.34,0.729,False,,True,unattributed,26,evt_01-P01_desk_work_surface_0004,4d6072c5f99bf614,pose_hand_context,,31237.0,3.62,,1,01/e1/v1,rtmpose_baseline
corpus_01,01.Candidate was found using a mobile phone in the examination hall..mkv,b842b03e5784d867e93770560d88150a526250df69077cd3065edbbd4c842098,dfine_sahi,96100.0,stationery,0.3343,591.15,601.63,614.69,645.68,1037.2,23.54,44.05,0.534,False,,True,unattributed,26,evt_01-P01_desk_work_surface_0004,4d6072c5f99bf614,pose_hand_context,,31237.0,3.62,,1,01/e1/v1,rtmpose_baseline
corpus_01,01.Candidate was found using a mobile phone in the examination hall..mkv,b842b03e5784d867e93770560d88150a526250df69077cd3065edbbd4c842098,dfine_sahi,96100.0,stationery,0.3202,602.01,631.97,613.77,645.05,153.9,11.76,13.08,0.9,False,,True,unattributed,26,evt_01-P01_desk_work_surface_0004,4d6072c5f99bf614,pose_hand_context,,31237.0,3.62,,1,01/e1/v1,rtmpose_baseline
corpus_01,01.Candidate was found using a mobile phone in the examination hall..mkv,b842b03e5784d867e93770560d88150a526250df69077cd3065edbbd4c842098,dfine_sahi,96100.0,unknown_object,0.3123,597.78,522.24,684.81,621.36,8626.2,87.02,99.12,0.878,False,,True,unattributed,26,evt_01-P01_desk_work_surface_0004,4d6072c5f99bf614,pose_hand_context,,31237.0,3.62,,1,01/e1/v1,rtmpose_baseline
corpus_01,01.Candidate was found using a mobile phone in the examination hall..mkv,b842b03e5784d867e93770560d88150a526250df69077cd3065edbbd4c842098,dfine_sahi,96100.0,unknown_object,0.302,509.05,522.55,684.75,698.15,30852.8,175.7,175.6,1.001,False,,True,unattributed,26,evt_01-P01_desk_work_surface_0004,4d6072c5f99bf614,pose_hand_context,,31237.0,3.62,,1,01/e1/v1,rtmpose_baseline
corpus_01,01.Candidate was found using a mobile phone in the examination hall..mkv,b842b03e5784d867e93770560d88150a526250df69077cd3065edbbd4c842098,dfine_sahi,96100.0,bag,0.2868,596.26,683.82,608.26,698.99,181.9,11.99,15.17,0.791,False,,True,unattributed,26,evt_01-P01_desk_work_surface_0004,4d6072c5f99bf614,pose_hand_context,,31237.0,3.62,,1,01/e1/v1,rtmpose_baseline
corpus_01,01.Candidate was found using a mobile phone in the examination hall..mkv,b842b03e5784d867e93770560d88150a526250df69077cd3065edbbd4c842098,dfine_sahi,96100.0,stationery,0.2857,595.43,631.49,620.19,647.03,384.7,24.76,15.54,1.593,False,,True,unattributed,26,evt_01-P01_desk_work_surface_0004,4d6072c5f99bf614,pose_hand_context,,31237.0,3.62,,1,01/e1/v1,rtmpose_baseline
corpus_01,01.Candidate was found using a mobile phone in the examination hall..mkv,b842b03e5784d867e93770560d88150a526250df69077cd3065edbbd4c842098,dfine_sahi,96100.0,unknown_object,0.279,533.92,522.16,568.47,563.71,1435.5,34.55,41.55,0.832,False,,True,unattributed,26,evt_01-P01_desk_work_surface_0004,4d6072c5f99bf614,pose_hand_context,,31237.0,3.62,,1,01/e1/v1,rtmpose_baseline
corpus_01,01.Candidate was found using a mobile phone in the examination hall..mkv,b842b03e5784d867e93770560d88150a526250df69077cd3065edbbd4c842098,dfine_sahi,96100.0,unknown_object,0.7957,577.12,423.42,688.14,625.34,22418.4,111.02,201.93,0.55,False,,True,unattributed,20,evt_01-P01_desk_work_surface_0004,f4caf6ee620e8ca6,pose_hand_context,,41501.8,3.14,,1,01/e1/v1,rtmpose_baseline
corpus_01,01.Candidate was found using a mobile phone in the examination hall..mkv,b842b03e5784d867e93770560d88150a526250df69077cd3065edbbd4c842098,dfine_sahi,96100.0,unknown_object,0.6355,687.24,425.62,780.91,537.63,10492.0,93.67,112.01,0.836,False,,True,unattributed,20,evt_01-P01_desk_work_surface_0004,f4caf6ee620e8ca6,pose_hand_context,,41501.8,3.14,,1,01/e1/v1,rtmpose_baseline
corpus_01,01.Candidate was found using a mobile phone in the examination hall..mkv,b842b03e5784d867e93770560d88150a526250df69077cd3065edbbd4c842098,dfine_sahi,96100.0,unknown_object,0.6233,674.35,512.17,780.94,626.64,12201.8,106.59,114.47,0.931,False,,True,unattributed,20,evt_01-P01_desk_work_surface_0004,f4caf6ee620e8ca6,pose_hand_context,,41501.8,3.14,,1,01/e1/v1,rtmpose_baseline
corpus_01,01.Candidate was found using a mobile phone in the examination hall..mkv,b842b03e5784d867e93770560d88150a526250df69077cd3065edbbd4c842098,dfine_sahi,96100.0,unknown_object,0.346,680.89,575.87,702.8,626.77,1115.2,21.91,50.9,0.43,False,,True,unattributed,20,evt_01-P01_desk_work_surface_0004,f4caf6ee620e8ca6,pose_hand_context,,41501.8,3.14,,1,01/e1/v1,rtmpose_baseline
corpus_01,01.Candidate was found using a mobile phone in the examination hall..mkv,b842b03e5784d867e93770560d88150a526250df69077cd3065edbbd4c842098,dfine_sahi,96100.0,unknown_object,0.2766,694.52,602.85,720.8,626.87,631.1,26.28,24.02,1.094,False,,True,unattributed,20,evt_01-P01_desk_work_surface_0004,f4caf6ee620e8ca6,pose_hand_context,,41501.8,3.14,,1,01/e1/v1,rtmpose_baseline
corpus_01,01.Candidate was found using a mobile phone in the examination hall..mkv,b842b03e5784d867e93770560d88150a526250df69077cd3065edbbd4c842098,dfine_sahi,96100.0,unknown_object,0.2615,731.74,602.27,780.66,627.0,1210.1,48.93,24.73,1.978,False,,True,unattributed,20,evt_01-P01_desk_work_surface_0004,f4caf6ee620e8ca6,pose_hand_context,,41501.8,3.14,,1,01/e1/v1,rtmpose_baseline
corpus_01,01.Candidate was found using a mobile phone in the examination hall..mkv,b842b03e5784d867e93770560d88150a526250df69077cd3065edbbd4c842098,dfine_sahi,96620.0,unknown_object,0.8029,667.43,567.13,769.97,662.7,9800.4,102.54,95.57,1.073,False,,True,unattributed,20,evt_01-P01_upper_body_0008,454d4cd592a5a5cc,pose_hand_context,,41379.7,3.15,,1,01/e1/v1,rtmpose_baseline
corpus_01,01.Candidate was found using a mobile phone in the examination hall..mkv,b842b03e5784d867e93770560d88150a526250df69077cd3065edbbd4c842098,dfine_sahi,96620.0,unknown_object,0.6687,646.56,460.33,769.99,662.06,24898.3,123.42,201.73,0.612,False,,True,unattributed,20,evt_01-P01_upper_body_0008,454d4cd592a5a5cc,pose_hand_context,,41379.7,3.15,,1,01/e1/v1,rtmpose_baseline
corpus_01,01.Candidate was found using a mobile phone in the examination hall..mkv,b842b03e5784d867e93770560d88150a526250df69077cd3065edbbd4c842098,dfine_sahi,96620.0,unknown_object,0.5903,597.81,460.23,667.32,573.23,7854.4,69.51,113.0,0.615,False,,True,unattributed,20,evt_01-P01_upper_body_0008,454d4cd592a5a5cc,pose_hand_context,,41379.7,3.15,,1,01/e1/v1,rtmpose_baseline
corpus_01,01.Candidate was found using a mobile phone in the examination hall..mkv,b842b03e5784d867e93770560d88150a526250df69077cd3065edbbd4c842098,dfine_sahi,96620.0,unknown_object,0.5137,646.59,461.17,680.98,573.51,3863.9,34.39,112.34,0.306,False,,True,unattributed,20,evt_01-P01_upper_body_0008,454d4cd592a5a5cc,pose_hand_context,,41379.7,3.15,,1,01/e1/v1,rtmpose_baseline
corpus_01,01.Candidate was found using a mobile phone in the examination hall..mkv,b842b03e5784d867e93770560d88150a526250df69077cd3065edbbd4c842098,dfine_sahi,96620.0,unknown_object,0.5115,725.1,530.69,770.0,573.82,1936.7,44.9,43.13,1.041,False,,True,unattributed,20,evt_01-P01_upper_body_0008,454d4cd592a5a5cc,pose_hand_context,,41379.7,3.15,,1,01/e1/v1,rtmpose_baseline
corpus_01,01.Candidate was found using a mobile phone in the examination hall..mkv,b842b03e5784d867e93770560d88150a526250df69077cd3065edbbd4c842098,dfine_sahi,96620.0,unknown_object,0.4334,663.7,505.21,684.45,525.59,423.0,20.75,20.38,1.018,False,,True,unattributed,20,evt_01-P01_upper_body_0008,454d4cd592a5a5cc,pose_hand_context,,41379.7,3.15,,1,01/e1/v1,rtmpose_baseline
corpus_01,01.Candidate was found using a mobile phone in the examination hall..mkv,b842b03e5784d867e93770560d88150a526250df69077cd3065edbbd4c842098,dfine_sahi,96620.0,unknown_object,0.4118,645.8,549.08,680.97,581.02,1123.3,35.17,31.94,1.101,False,,True,unattributed,20,evt_01-P01_upper_body_0008,454d4cd592a5a5cc,pose_hand_context,,41379.7,3.15,,1,01/e1/v1,rtmpose_baseline
corpus_01,01.Candidate was found using a mobile phone in the examination hall..mkv,b842b03e5784d867e93770560d88150a526250df69077cd3065edbbd4c842098,dfine_sahi,96620.0,unknown_object,0.3906,667.37,571.5,680.96,662.6,1237.9,13.59,91.11,0.149,False,,True,unattributed,20,evt_01-P01_upper_body_0008,454d4cd592a5a5cc,pose_hand_context,,41379.7,3.15,,1,01/e1/v1,rtmpose_baseline
corpus_01,01.Candidate was found using a mobile phone in the examination hall..mkv,b842b03e5784d867e93770560d88150a526250df69077cd3065edbbd4c842098,dfine_sahi,96620.0,unknown_object,0.3778,688.82,473.79,717.76,493.05,557.4,28.94,19.26,1.503,False,,True,unattributed,20,evt_01-P01_upper_body_0008,454d4cd592a5a5cc,pose_hand_context,,41379.7,3.15,,1,01/e1/v1,rtmpose_baseline
corpus_01,01.Candidate was found using a mobile phone in the examination hall..mkv,b842b03e5784d867e93770560d88150a526250df69077cd3065edbbd4c842098,dfine_sahi,96620.0,unknown_object,0.3559,694.22,511.23,716.63,529.32,405.4,22.41,18.09,1.239,False,,True,unattributed,20,evt_01-P01_upper_body_0008,454d4cd592a5a5cc,pose_hand_context,,41379.7,3.15,,1,01/e1/v1,rtmpose_baseline
corpus_01,01.Candidate was found using a mobile phone in the examination hall..mkv,b842b03e5784d867e93770560d88150a526250df69077cd3065edbbd4c842098,dfine_sahi,96620.0,unknown_object,0.3436,567.01,460.34,608.44,661.83,8347.4,41.43,201.48,0.206,False,,True,unattributed,20,evt_01-P01_upper_body_0008,454d4cd592a5a5cc,pose_hand_context,,41379.7,3.15,,1,01/e1/v1,rtmpose_baseline
corpus_01,01.Candidate was found using a mobile phone in the examination hall..mkv,b842b03e5784d867e93770560d88150a526250df69077cd3065edbbd4c842098,dfine_sahi,96620.0,unknown_object,0.3431,725.28,542.43,747.84,571.72,660.7,22.56,29.28,0.77,False,,True,unattributed,20,evt_01-P01_upper_body_0008,454d4cd592a5a5cc,pose_hand_context,,41379.7,3.15,,1,01/e1/v1,rtmpose_baseline
corpus_01,01.Candidate was found using a mobile phone in the examination hall..mkv,b842b03e5784d867e93770560d88150a526250df69077cd3065edbbd4c842098,dfine_sahi,96620.0,unknown_object,0.3418,656.02,519.51,686.05,573.62,1624.8,30.03,54.11,0.555,False,,True,unattributed,20,evt_01-P01_upper_body_0008,454d4cd592a5a5cc,pose_hand_context,,41379.7,3.15,,1,01/e1/v1,rtmpose_baseline
corpus_01,01.Candidate was found using a mobile phone in the examination hall..mkv,b842b03e5784d867e93770560d88150a526250df69077cd3065edbbd4c842098,dfine_sahi,96620.0,unknown_object,0.3356,740.78,478.31,764.12,497.85,456.1,23.34,19.54,1.194,False,,True,unattributed,20,evt_01-P01_upper_body_0008,454d4cd592a5a5cc,pose_hand_context,,41379.7,3.15,,1,01/e1/v1,rtmpose_baseline
corpus_01,01.Candidate was found using a mobile phone in the examination hall..mkv,b842b03e5784d867e93770560d88150a526250df69077cd3065edbbd4c842098,dfine_sahi,96620.0,unknown_object,0.3272,616.54,647.54,631.29,662.98,227.7,14.75,15.44,0.955,False,,True,unattributed,20,evt_01-P01_upper_body_0008,454d4cd592a5a5cc,pose_hand_context,,41379.7,3.15,,1,01/e1/v1,rtmpose_baseline
corpus_01,01.Candidate was found using a mobile phone in the examination hall..mkv,b842b03e5784d867e93770560d88150a526250df69077cd3065edbbd4c842098,dfine_sahi,96620.0,unknown_object,0.3197,692.95,498.81,724.34,529.33,958.1,31.39,30.52,1.029,False,,True,unattributed,20,evt_01-P01_upper_body_0008,454d4cd592a5a5cc,pose_hand_context,,41379.7,3.15,,1,01/e1/v1,rtmpose_baseline
corpus_01,01.Candidate was found using a mobile phone in the examination hall..mkv,b842b03e5784d867e93770560d88150a526250df69077cd3065edbbd4c842098,dfine_sahi,96620.0,unknown_object,0.2738,683.41,547.46,726.86,573.75,1142.0,43.44,26.29,1.653,False,,True,unattributed,20,evt_01-P01_upper_body_0008,454d4cd592a5a5cc,pose_hand_context,,41379.7,3.15,,1,01/e1/v1,rtmpose_baseline
corpus_01,01.Candidate was found using a mobile phone in the examination hall..mkv,b842b03e5784d867e93770560d88150a526250df69077cd3065edbbd4c842098,dfine_sahi,96620.0,unknown_object,0.572,520.13,539.4,598.84,655.8,9162.6,78.72,116.4,0.676,False,,True,unattributed,26,evt_01-P01_upper_body_0008,c8248db94738d8ff,pose_hand_context,,30157.8,3.69,,1,01/e1/v1,rtmpose_baseline
corpus_01,01.Candidate was found using a mobile phone in the examination hall..mkv,b842b03e5784d867e93770560d88150a526250df69077cd3065edbbd4c842098,dfine_sahi,96620.0,unknown_object,0.5329,646.02,485.44,693.63,580.7,4535.6,47.61,95.26,0.5,False,,True,unattributed,26,evt_01-P01_upper_body_0008,c8248db94738d8ff,pose_hand_context,,30157.8,3.69,,1,01/e1/v1,rtmpose_baseline
corpus_01,01.Candidate was found using a mobile phone in the examination hall..mkv,b842b03e5784d867e93770560d88150a526250df69077cd3065edbbd4c842098,dfine_sahi,96620.0,unknown_object,0.5241,534.31,485.27,605.47,563.91,5596.5,71.16,78.64,0.905,False,,True,unattributed,26,evt_01-P01_upper_body_0008,c8248db94738d8ff,pose_hand_context,,30157.8,3.69,,1,01/e1/v1,rtmpose_baseline
corpus_01,01.Candidate was found using a mobile phone in the examination hall..mkv,b842b03e5784d867e93770560d88150a526250df69077cd3065edbbd4c842098,dfine_sahi,96620.0,unknown_object,0.4461,667.62,573.62,694.01,657.05,2202.0,26.39,83.43,0.316,False,,True,unattributed,26,evt_01-P01_upper_body_0008,c8248db94738d8ff,pose_hand_context,,30157.8,3.69,,1,01/e1/v1,rtmpose_baseline
corpus_01,01.Candidate was found using a mobile phone in the examination hall..mkv,b842b03e5784d867e93770560d88150a526250df69077cd3065edbbd4c842098,dfine_sahi,96620.0,bag,0.3854,535.6,540.31,591.63,581.24,2293.6,56.04,40.93,1.369,False,,True,unattributed,26,evt_01-P01_upper_body_0008,c8248db94738d8ff,pose_hand_context,,30157.8,3.69,,1,01/e1/v1,rtmpose_baseline
corpus_01,01.Candidate was found using a mobile phone in the examination hall..mkv,b842b03e5784d867e93770560d88150a526250df69077cd3065edbbd4c842098,dfine_sahi,96620.0,unknown_object,0.2962,655.14,561.11,685.18,579.48,551.9,30.04,18.37,1.635,False,,True,unattributed,26,evt_01-P01_upper_body_0008,c8248db94738d8ff,pose_hand_context,,30157.8,3.69,,1,01/e1/v1,rtmpose_baseline
corpus_01,01.Candidate was found using a mobile phone in the examination hall..mkv,b842b03e5784d867e93770560d88150a526250df69077cd3065edbbd4c842098,dfine_sahi,96620.0,unknown_object,0.2866,535.73,540.45,578.96,581.18,1760.6,43.22,40.73,1.061,False,,True,unattributed,26,evt_01-P01_upper_body_0008,c8248db94738d8ff,pose_hand_context,,30157.8,3.69,,1,01/e1/v1,rtmpose_baseline
corpus_01,01.Candidate was found using a mobile phone in the examination hall..mkv,b842b03e5784d867e93770560d88150a526250df69077cd3065edbbd4c842098,dfine_sahi,96620.0,unknown_object,0.2614,667.53,577.43,678.56,657.1,878.9,11.03,79.68,0.138,False,,True,unattributed,26,evt_01-P01_upper_body_0008,c8248db94738d8ff,pose_hand_context,,30157.8,3.69,,1,01/e1/v1,rtmpose_baseline
corpus_01,01.Candidate was found using a mobile phone in the examination hall..mkv,b842b03e5784d867e93770560d88150a526250df69077cd3065edbbd4c842098,dfine_sahi,96660.0,unknown_object,0.5428,534.98,539.77,598.99,640.17,6426.6,64.01,100.41,0.637,False,,True,unattributed,26,evt_01-P04_desk_work_surface_0027,ac5bc3b3c54d377f,pose_hand_context,,21744.5,4.34,,1,01/e1/v1,rtmpose_baseline
corpus_01,01.Candidate was found using a mobile phone in the examination hall..mkv,b842b03e5784d867e93770560d88150a526250df69077cd3065edbbd4c842098,dfine_sahi,96660.0,unknown_object,0.5397,642.13,505.49,682.79,580.92,3066.6,40.66,75.42,0.539,False,,True,unattributed,26,evt_01-P04_desk_work_surface_0027,ac5bc3b3c54d377f,pose_hand_context,,21744.5,4.34,,1,01/e1/v1,rtmpose_baseline
corpus_01,01.Candidate was found using a mobile phone in the examination hall..mkv,b842b03e5784d867e93770560d88150a526250df69077cd3065edbbd4c842098,dfine_sahi,96660.0,unknown_object,0.5048,535.3,493.21,610.83,564.58,5390.7,75.53,71.37,1.058,False,,True,unattributed,26,evt_01-P04_desk_work_surface_0027,ac5bc3b3c54d377f,pose_hand_context,,21744.5,4.34,,1,01/e1/v1,rtmpose_baseline
corpus_01,01.Candidate was found using a mobile phone in the examination hall..mkv,b842b03e5784d867e93770560d88150a526250df69077cd3065edbbd4c842098,dfine_sahi,96660.0,unknown_object,0.4993,592.7,493.19,647.25,609.95,6369.9,54.55,116.76,0.467,False,,True,unattributed,26,evt_01-P04_desk_work_surface_0027,ac5bc3b3c54d377f,pose_hand_context,,21744.5,4.34,,1,01/e1/v1,rtmpose_baseline
corpus_01,01.Candidate was found using a mobile phone in the examination hall..mkv,b842b03e5784d867e93770560d88150a526250df69077cd3065edbbd4c842098,dfine_sahi,96660.0,bag,0.4412,528.01,486.14,612.11,580.96,7974.7,84.1,94.82,0.887,False,,True,unattributed,26,evt_01-P04_desk_work_surface_0027,ac5bc3b3c54d377f,pose_hand_context,,21744.5,4.34,,1,01/e1/v1,rtmpose_baseline
corpus_01,01.Candidate was found using a mobile phone in the examination hall..mkv,b842b03e5784d867e93770560d88150a526250df69077cd3065edbbd4c842098,dfine_sahi,96660.0,bag,0.4183,534.79,540.42,593.83,581.33,2415.1,59.04,40.91,1.443,False,,True,unattributed,26,evt_01-P04_desk_work_surface_0027,ac5bc3b3c54d377f,pose_hand_context,,21744.5,4.34,,1,01/e1/v1,rtmpose_baseline
corpus_01,01.Candidate was found using a mobile phone in the examination hall..mkv,b842b03e5784d867e93770560d88150a526250df69077cd3065edbbd4c842098,dfine_sahi,96660.0,unknown_object,0.3363,641.73,551.14,681.85,580.54,1179.3,40.12,29.4,1.365,False,,True,unattributed,26,evt_01-P04_desk_work_surface_0027,ac5bc3b3c54d377f,pose_hand_context,,21744.5,4.34,,1,01/e1/v1,rtmpose_baseline
corpus_01,01.Candidate was found using a mobile phone in the examination hall..mkv,b842b03e5784d867e93770560d88150a526250df69077cd3065edbbd4c842098,dfine_sahi,96660.0,bag,0.2855,528.13,551.19,600.2,646.36,6858.8,72.07,95.17,0.757,False,,True,unattributed,26,evt_01-P04_desk_work_surface_0027,ac5bc3b3c54d377f,pose_hand_context,,21744.5,4.34,,1,01/e1/v1,rtmpose_baseline
corpus_01,01.Candidate was found using a mobile phone in the examination hall..mkv,b842b03e5784d867e93770560d88150a526250df69077cd3065edbbd4c842098,dfine_sahi,96660.0,unknown_object,0.2549,535.05,540.37,578.43,602.43,2692.3,43.38,62.06,0.699,False,,True,unattributed,26,evt_01-P04_desk_work_surface_0027,ac5bc3b3c54d377f,pose_hand_context,,21744.5,4.34,,1,01/e1/v1,rtmpose_baseline
corpus_01,01.Candidate was found using a mobile phone in the examination hall..mkv,b842b03e5784d867e93770560d88150a526250df69077cd3065edbbd4c842098,dfine_sahi,96660.0,unknown_object,0.2521,640.92,551.25,689.04,646.42,4579.2,48.11,95.17,0.506,False,,True,unattributed,26,evt_01-P04_desk_work_surface_0027,ac5bc3b3c54d377f,pose_hand_context,,21744.5,4.34,,1,01/e1/v1,rtmpose_baseline
corpus_01,01.Candidate was found using a mobile phone in the examination hall..mkv,b842b03e5784d867e93770560d88150a526250df69077cd3065edbbd4c842098,dfine_sahi,96660.0,unknown_object,0.6032,650.1,547.15,764.06,660.69,12938.3,113.96,113.54,1.004,False,,True,unattributed,20,evt_01-P04_desk_work_surface_0027,b2c2a6ffb7bd733c,pose_hand_context,,41192.8,3.15,,1,01/e1/v1,rtmpose_baseline
corpus_01,01.Candidate was found using a mobile phone in the examination hall..mkv,b842b03e5784d867e93770560d88150a526250df69077cd3065edbbd4c842098,dfine_sahi,96660.0,unknown_object,0.4704,672.52,602.23,763.84,660.76,5344.8,91.31,58.53,1.56,False,,True,unattributed,20,evt_01-P04_desk_work_surface_0027,b2c2a6ffb7bd733c,pose_hand_context,,41192.8,3.15,,1,01/e1/v1,rtmpose_baseline
corpus_01,01.Candidate was found using a mobile phone in the examination hall..mkv,b842b03e5784d867e93770560d88150a526250df69077cd3065edbbd4c842098,dfine_sahi,96660.0,unknown_object,0.4287,650.05,519.99,681.49,571.65,1624.0,31.44,51.66,0.609,False,,True,unattributed,20,evt_01-P04_desk_work_surface_0027,b2c2a6ffb7bd733c,pose_hand_context,,41192.8,3.15,,1,01/e1/v1,rtmpose_baseline
corpus_01,01.Candidate was found using a mobile phone in the examination hall..mkv,b842b03e5784d867e93770560d88150a526250df69077cd3065edbbd4c842098,dfine_sahi,96660.0,unknown_object,0.4266,650.13,458.15,763.83,571.63,12901.5,113.7,113.47,1.002,False,,True,unattributed,20,evt_01-P04_desk_work_surface_0027,b2c2a6ffb7bd733c,pose_hand_context,,41192.8,3.15,,1,01/e1/v1,rtmpose_baseline
corpus_01,01.Candidate was found using a mobile phone in the examination hall..mkv,b842b03e5784d867e93770560d88150a526250df69077cd3065edbbd4c842098,dfine_sahi,96660.0,unknown_object,0.3844,676.81,557.95,724.6,571.98,670.6,47.79,14.03,3.406,False,,True,unattributed,20,evt_01-P04_desk_work_surface_0027,b2c2a6ffb7bd733c,pose_hand_context,,41192.8,3.15,,1,01/e1/v1,rtmpose_baseline
corpus_01,01.Candidate was found using a mobile phone in the examination hall..mkv,b842b03e5784d867e93770560d88150a526250df69077cd3065edbbd4c842098,dfine_sahi,96660.0,unknown_object,0.3735,650.02,572.08,672.13,660.61,1957.8,22.11,88.53,0.25,False,,True,unattributed,20,evt_01-P04_desk_work_surface_0027,b2c2a6ffb7bd733c,pose_hand_context,,41192.8,3.15,,1,01/e1/v1,rtmpose_baseline
corpus_01,01.Candidate was found using a mobile phone in the examination hall..mkv,b842b03e5784d867e93770560d88150a526250df69077cd3065edbbd4c842098,dfine_sahi,96660.0,unknown_object,0.363,561.02,458.14,615.09,570.85,6094.1,54.07,112.71,0.48,False,,True,unattributed,20,evt_01-P04_desk_work_surface_0027,b2c2a6ffb7bd733c,pose_hand_context,,41192.8,3.15,,1,01/e1/v1,rtmpose_baseline
corpus_01,01.Candidate was found using a mobile phone in the examination hall..mkv,b842b03e5784d867e93770560d88150a526250df69077cd3065edbbd4c842098,dfine_sahi,96660.0,bag,0.3542,561.03,458.36,615.94,659.41,11038.2,54.9,201.05,0.273,False,,True,unattributed,20,evt_01-P04_desk_work_surface_0027,b2c2a6ffb7bd733c,pose_hand_context,,41192.8,3.15,,1,01/e1/v1,rtmpose_baseline
corpus_01,01.Candidate was found using a mobile phone in the examination hall..mkv,b842b03e5784d867e93770560d88150a526250df69077cd3065edbbd4c842098,dfine_sahi,96660.0,unknown_object,0.3367,738.45,538.24,754.73,554.68,267.8,16.28,16.45,0.99,False,,True,unattributed,20,evt_01-P04_desk_work_surface_0027,b2c2a6ffb7bd733c,pose_hand_context,,41192.8,3.15,,1,01/e1/v1,rtmpose_baseline
corpus_01,01.Candidate was found using a mobile phone in the examination hall..mkv,b842b03e5784d867e93770560d88150a526250df69077cd3065edbbd4c842098,dfine_sahi,96660.0,unknown_object,0.3154,650.09,552.5,680.11,572.0,585.5,30.02,19.5,1.539,False,,True,unattributed,20,evt_01-P04_desk_work_surface_0027,b2c2a6ffb7bd733c,pose_hand_context,,41192.8,3.15,,1,01/e1/v1,rtmpose_baseline
corpus_01,01.Candidate was found using a mobile phone in the examination hall..mkv,b842b03e5784d867e93770560d88150a526250df69077cd3065edbbd4c842098,dfine_sahi,96660.0,unknown_object,0.3153,737.05,479.01,758.02,498.07,399.8,20.97,19.06,1.101,False,,True,unattributed,20,evt_01-P04_desk_work_surface_0027,b2c2a6ffb7bd733c,pose_hand_context,,41192.8,3.15,,1,01/e1/v1,rtmpose_baseline
corpus_01,01.Candidate was found using a mobile phone in the examination hall..mkv,b842b03e5784d867e93770560d88150a526250df69077cd3065edbbd4c842098,dfine_sahi,96660.0,unknown_object,0.3076,682.35,474.57,711.96,493.7,566.8,29.62,19.14,1.548,False,,True,unattributed,20,evt_01-P04_desk_work_surface_0027,b2c2a6ffb7bd733c,pose_hand_context,,41192.8,3.15,,1,01/e1/v1,rtmpose_baseline
corpus_01,01.Candidate was found using a mobile phone in the examination hall..mkv,b842b03e5784d867e93770560d88150a526250df69077cd3065edbbd4c842098,dfine_sahi,96660.0,unknown_object,0.301,736.05,538.59,755.79,569.05,601.1,19.74,30.45,0.648,False,,True,unattributed,20,evt_01-P04_desk_work_surface_0027,b2c2a6ffb7bd733c,pose_hand_context,,41192.8,3.15,,1,01/e1/v1,rtmpose_baseline
corpus_01,01.Candidate was found using a mobile phone in the examination hall..mkv,b842b03e5784d867e93770560d88150a526250df69077cd3065edbbd4c842098,dfine_sahi,96660.0,unknown_object,0.2966,665.95,575.12,674.99,660.76,774.4,9.04,85.64,0.106,False,,True,unattributed,20,evt_01-P04_desk_work_surface_0027,b2c2a6ffb7bd733c,pose_hand_context,,41192.8,3.15,,1,01/e1/v1,rtmpose_baseline
corpus_01,01.Candidate was found using a mobile phone in the examination hall..mkv,b842b03e5784d867e93770560d88150a526250df69077cd3065edbbd4c842098,dfine_sahi,96660.0,unknown_object,0.2942,643.3,458.26,674.98,571.34,3583.5,31.69,113.09,0.28,False,,True,unattributed,20,evt_01-P04_desk_work_surface_0027,b2c2a6ffb7bd733c,pose_hand_context,,41192.8,3.15,,1,01/e1/v1,rtmpose_baseline
corpus_01,01.Candidate was found using a mobile phone in the examination hall..mkv,b842b03e5784d867e93770560d88150a526250df69077cd3065edbbd4c842098,dfine_sahi,96660.0,unknown_object,0.2792,641.62,547.14,674.98,581.13,1134.0,33.37,33.99,0.982,False,,True,unattributed,20,evt_01-P04_desk_work_surface_0027,b2c2a6ffb7bd733c,pose_hand_context,,41192.8,3.15,,1,01/e1/v1,rtmpose_baseline
corpus_01,01.Candidate was found using a mobile phone in the examination hall..mkv,b842b03e5784d867e93770560d88150a526250df69077cd3065edbbd4c842098,dfine_sahi,96660.0,unknown_object,0.278,694.59,533.14,708.05,549.6,221.8,13.46,16.47,0.818,False,,True,unattributed,20,evt_01-P04_desk_work_surface_0027,b2c2a6ffb7bd733c,pose_hand_context,,41192.8,3.15,,1,01/e1/v1,rtmpose_baseline
corpus_01,01.Candidate was found using a mobile phone in the examination hall..mkv,b842b03e5784d867e93770560d88150a526250df69077cd3065edbbd4c842098,dfine_sahi,96660.0,unknown_object,0.2755,652.08,519.32,680.23,538.19,531.2,28.15,18.87,1.492,False,,True,unattributed,20,evt_01-P04_desk_work_surface_0027,b2c2a6ffb7bd733c,pose_hand_context,,41192.8,3.15,,1,01/e1/v1,rtmpose_baseline
corpus_01,01.Candidate was found using a mobile phone in the examination hall..mkv,b842b03e5784d867e93770560d88150a526250df69077cd3065edbbd4c842098,dfine_sahi,96660.0,unknown_object,0.272,721.81,519.58,763.93,571.35,2180.2,42.12,51.77,0.814,False,,True,unattributed,20,evt_01-P04_desk_work_surface_0027,b2c2a6ffb7bd733c,pose_hand_context,,41192.8,3.15,,1,01/e1/v1,rtmpose_baseline
corpus_01,01.Candidate was found using a mobile phone in the examination hall..mkv,b842b03e5784d867e93770560d88150a526250df69077cd3065edbbd4c842098,dfine_sahi,96660.0,unknown_object,0.2718,734.94,558.91,763.92,571.74,371.7,28.98,12.83,2.259,False,,True,unattributed,20,evt_01-P04_desk_work_surface_0027,b2c2a6ffb7bd733c,pose_hand_context,,41192.8,3.15,,1,01/e1/v1,rtmpose_baseline
corpus_01,01.Candidate was found using a mobile phone in the examination hall..mkv,b842b03e5784d867e93770560d88150a526250df69077cd3065edbbd4c842098,dfine_sahi,96660.0,unknown_object,0.2694,718.66,468.68,745.08,489.12,539.9,26.42,20.43,1.293,False,,True,unattributed,20,evt_01-P04_desk_work_surface_0027,b2c2a6ffb7bd733c,pose_hand_context,,41192.8,3.15,,1,01/e1/v1,rtmpose_baseline
corpus_01,01.Candidate was found using a mobile phone in the examination hall..mkv,b842b03e5784d867e93770560d88150a526250df69077cd3065edbbd4c842098,dfine_sahi,96660.0,unknown_object,0.2692,675.58,532.66,726.02,571.96,1982.1,50.43,39.3,1.283,False,,True,unattributed,20,evt_01-P04_desk_work_surface_0027,b2c2a6ffb7bd733c,pose_hand_context,,41192.8,3.15,,1,01/e1/v1,rtmpose_baseline
corpus_01,01.Candidate was found using a mobile phone in the examination hall..mkv,b842b03e5784d867e93770560d88150a526250df69077cd3065edbbd4c842098,dfine_sahi,96660.0,unknown_object,0.265,676.19,558.52,696.51,571.99,273.9,20.32,13.48,1.508,False,,True,unattributed,20,evt_01-P04_desk_work_surface_0027,b2c2a6ffb7bd733c,pose_hand_context,,41192.8,3.15,,1,01/e1/v1,rtmpose_baseline
corpus_01,01.Candidate was found using a mobile phone in the examination hall..mkv,b842b03e5784d867e93770560d88150a526250df69077cd3065edbbd4c842098,dfine_sahi,96660.0,unknown_object,0.2594,657.39,505.77,677.87,525.47,403.5,20.48,19.7,1.04,False,,True,unattributed,20,evt_01-P04_desk_work_surface_0027,b2c2a6ffb7bd733c,pose_hand_context,,41192.8,3.15,,1,01/e1/v1,rtmpose_baseline
corpus_01,01.Candidate was found using a mobile phone in the examination hall..mkv,b842b03e5784d867e93770560d88150a526250df69077cd3065edbbd4c842098,dfine_sahi,96660.0,unknown_object,0.2507,741.79,498.44,756.87,519.71,320.7,15.08,21.27,0.709,False,,True,unattributed,20,evt_01-P04_desk_work_surface_0027,b2c2a6ffb7bd733c,pose_hand_context,,41192.8,3.15,,1,01/e1/v1,rtmpose_baseline
corpus_01,01.Candidate was found using a mobile phone in the examination hall..mkv,b842b03e5784d867e93770560d88150a526250df69077cd3065edbbd4c842098,dfine_sahi,96700.0,unknown_object,0.5246,664.37,539.52,764.0,655.65,11570.0,99.63,116.13,0.858,False,,True,unattributed,20,evt_01-P05_desk_work_surface_0036,2013532c94610ce2,pose_hand_context,,42733.2,3.1,,1,01/e1/v1,rtmpose_baseline
corpus_01,01.Candidate was found using a mobile phone in the examination hall..mkv,b842b03e5784d867e93770560d88150a526250df69077cd3065edbbd4c842098,dfine_sahi,96700.0,unknown_object,0.497,648.06,574.25,670.86,655.7,1856.7,22.8,81.45,0.28,False,,True,unattributed,20,evt_01-P05_desk_work_surface_0036,2013532c94610ce2,pose_hand_context,,42733.2,3.1,,1,01/e1/v1,rtmpose_baseline
corpus_01,01.Candidate was found using a mobile phone in the examination hall..mkv,b842b03e5784d867e93770560d88150a526250df69077cd3065edbbd4c842098,dfine_sahi,96700.0,unknown_object,0.496,671.52,601.59,763.97,655.82,5014.2,92.45,54.24,1.704,False,,True,unattributed,20,evt_01-P05_desk_work_surface_0036,2013532c94610ce2,pose_hand_context,,42733.2,3.1,,1,01/e1/v1,rtmpose_baseline
corpus_01,01.Candidate was found using a mobile phone in the examination hall..mkv,b842b03e5784d867e93770560d88150a526250df69077cd3065edbbd4c842098,dfine_sahi,96700.0,unknown_object,0.4714,648.04,518.55,677.77,564.06,1353.1,29.73,45.51,0.653,False,,True,unattributed,20,evt_01-P05_desk_work_surface_0036,2013532c94610ce2,pose_hand_context,,42733.2,3.1,,1,01/e1/v1,rtmpose_baseline
corpus_01,01.Candidate was found using a mobile phone in the examination hall..mkv,b842b03e5784d867e93770560d88150a526250df69077cd3065edbbd4c842098,dfine_sahi,96700.0,unknown_object,0.4621,648.06,449.3,763.91,564.53,13349.4,115.85,115.23,1.005,False,,True,unattributed,20,evt_01-P05_desk_work_surface_0036,2013532c94610ce2,pose_hand_context,,42733.2,3.1,,1,01/e1/v1,rtmpose_baseline
corpus_01,01.Candidate was found using a mobile phone in the examination hall..mkv,b842b03e5784d867e93770560d88150a526250df69077cd3065edbbd4c842098,dfine_sahi,96700.0,bag,0.4351,557.04,508.6,605.67,654.53,7096.9,48.63,145.93,0.333,False,,True,unattributed,20,evt_01-P05_desk_work_surface_0036,2013532c94610ce2,pose_hand_context,,42733.2,3.1,,1,01/e1/v1,rtmpose_baseline
corpus_01,01.Candidate was found using a mobile phone in the examination hall..mkv,b842b03e5784d867e93770560d88150a526250df69077cd3065edbbd4c842098,dfine_sahi,96700.0,unknown_object,0.3969,637.79,450.71,674.02,563.77,4095.7,36.23,113.06,0.32,False,,True,unattributed,20,evt_01-P05_desk_work_surface_0036,2013532c94610ce2,pose_hand_context,,42733.2,3.1,,1,01/e1/v1,rtmpose_baseline
corpus_01,01.Candidate was found using a mobile phone in the examination hall..mkv,b842b03e5784d867e93770560d88150a526250df69077cd3065edbbd4c842098,dfine_sahi,96700.0,unknown_object,0.395,668.86,482.74,708.41,520.19,1481.1,39.55,37.45,1.056,False,,True,unattributed,20,evt_01-P05_desk_work_surface_0036,2013532c94610ce2,pose_hand_context,,42733.2,3.1,,1,01/e1/v1,rtmpose_baseline
corpus_01,01.Candidate was found using a mobile phone in the examination hall..mkv,b842b03e5784d867e93770560d88150a526250df69077cd3065edbbd4c842098,dfine_sahi,96700.0,unknown_object,0.3831,589.92,449.28,683.11,654.78,19151.2,93.19,205.5,0.454,False,,True,unattributed,20,evt_01-P05_desk_work_surface_0036,2013532c94610ce2,pose_hand_context,,42733.2,3.1,,1,01/e1/v1,rtmpose_baseline
corpus_01,01.Candidate was found using a mobile phone in the examination hall..mkv,b842b03e5784d867e93770560d88150a526250df69077cd3065edbbd4c842098,dfine_sahi,96700.0,unknown_object,0.3349,669.84,568.8,727.13,655.41,4961.9,57.29,86.61,0.661,False,,True,unattributed,20,evt_01-P05_desk_work_surface_0036,2013532c94610ce2,pose_hand_context,,42733.2,3.1,,1,01/e1/v1,rtmpose_baseline
corpus_01,01.Candidate was found using a mobile phone in the examination hall..mkv,b842b03e5784d867e93770560d88150a526250df69077cd3065edbbd4c842098,dfine_sahi,96700.0,unknown_object,0.3309,592.55,551.63,670.99,655.46,8144.2,78.44,103.83,0.755,False,,True,unattributed,20,evt_01-P05_desk_work_surface_0036,2013532c94610ce2,pose_hand_context,,42733.2,3.1,,1,01/e1/v1,rtmpose_baseline
corpus_01,01.Candidate was found using a mobile phone in the examination hall..mkv,b842b03e5784d867e93770560d88150a526250df69077cd3065edbbd4c842098,dfine_sahi,96700.0,unknown_object,0.327,557.02,449.32,619.75,563.67,7173.2,62.73,114.35,0.549,False,,True,unattributed,20,evt_01-P05_desk_work_surface_0036,2013532c94610ce2,pose_hand_context,,42733.2,3.1,,1,01/e1/v1,rtmpose_baseline
corpus_01,01.Candidate was found using a mobile phone in the examination hall..mkv,b842b03e5784d867e93770560d88150a526250df69077cd3065edbbd4c842098,dfine_sahi,96700.0,unknown_object,0.3062,671.61,602.53,699.23,655.76,1469.8,27.62,53.22,0.519,False,,True,unattributed,20,evt_01-P05_desk_work_surface_0036,2013532c94610ce2,pose_hand_context,,42733.2,3.1,,1,01/e1/v1,rtmpose_baseline
corpus_01,01.Candidate was found using a mobile phone in the examination hall..mkv,b842b03e5784d867e93770560d88150a526250df69077cd3065edbbd4c842098,dfine_sahi,96700.0,unknown_object,0.2964,557.04,508.2,605.01,546.33,1829.1,47.98,38.12,1.258,False,,True,unattributed,20,evt_01-P05_desk_work_surface_0036,2013532c94610ce2,pose_hand_context,,42733.2,3.1,,1,01/e1/v1,rtmpose_baseline
corpus_01,01.Candidate was found using a mobile phone in the examination hall..mkv,b842b03e5784d867e93770560d88150a526250df69077cd3065edbbd4c842098,dfine_sahi,96700.0,unknown_object,0.2859,675.51,533.3,719.87,564.99,1405.9,44.36,31.69,1.4,False,,True,unattributed,20,evt_01-P05_desk_work_surface_0036,2013532c94610ce2,pose_hand_context,,42733.2,3.1,,1,01/e1/v1,rtmpose_baseline
corpus_01,01.Candidate was found using a mobile phone in the examination hall..mkv,b842b03e5784d867e93770560d88150a526250df69077cd3065edbbd4c842098,dfine_sahi,96700.0,unknown_object,0.2754,557.03,449.11,605.65,498.74,2413.2,48.62,49.63,0.98,False,,True,unattributed,20,evt_01-P05_desk_work_surface_0036,2013532c94610ce2,pose_hand_context,,42733.2,3.1,,1,01/e1/v1,rtmpose_baseline
corpus_01,01.Candidate was found using a mobile phone in the examination hall..mkv,b842b03e5784d867e93770560d88150a526250df69077cd3065edbbd4c842098,dfine_sahi,96700.0,unknown_object,0.2749,669.51,482.28,721.48,564.44,4270.1,51.97,82.16,0.633,False,,True,unattributed,20,evt_01-P05_desk_work_surface_0036,2013532c94610ce2,pose_hand_context,,42733.2,3.1,,1,01/e1/v1,rtmpose_baseline
corpus_01,01.Candidate was found using a mobile phone in the examination hall..mkv,b842b03e5784d867e93770560d88150a526250df69077cd3065edbbd4c842098,dfine_sahi,96700.0,unknown_object,0.5218,638.77,479.29,678.89,574.53,3820.3,40.12,95.23,0.421,False,,True,unattributed,26,evt_01-P05_desk_work_surface_0036,f3fa2b07d694c3c9,pose_hand_context,,20181.0,4.51,,1,01/e1/v1,rtmpose_baseline
corpus_01,01.Candidate was found using a mobile phone in the examination hall..mkv,b842b03e5784d867e93770560d88150a526250df69077cd3065edbbd4c842098,dfine_sahi,96700.0,bag,0.4847,528.1,479.15,616.96,574.01,8428.9,88.86,94.86,0.937,False,,True,unattributed,26,evt_01-P05_desk_work_surface_0036,f3fa2b07d694c3c9,pose_hand_context,,20181.0,4.51,,1,01/e1/v1,rtmpose_baseline
corpus_01,01.Candidate was found using a mobile phone in the examination hall..mkv,b842b03e5784d867e93770560d88150a526250df69077cd3065edbbd4c842098,dfine_sahi,96700.0,unknown_object,0.4672,589.98,541.2,623.75,603.74,2111.8,33.77,62.54,0.54,False,,True,unattributed,26,evt_01-P05_desk_work_surface_0036,f3fa2b07d694c3c9,pose_hand_context,,20181.0,4.51,,1,01/e1/v1,rtmpose_baseline
corpus_01,01.Candidate was found using a mobile phone in the examination hall..mkv,b842b03e5784d867e93770560d88150a526250df69077cd3065edbbd4c842098,dfine_sahi,96700.0,bag,0.3999,528.16,541.22,600.6,636.33,6889.7,72.44,95.11,0.762,False,,True,unattributed,26,evt_01-P05_desk_work_surface_0036,f3fa2b07d694c3c9,pose_hand_context,,20181.0,4.51,,1,01/e1/v1,rtmpose_baseline
corpus_01,01.Candidate was found using a mobile phone in the examination hall..mkv,b842b03e5784d867e93770560d88150a526250df69077cd3065edbbd4c842098,dfine_sahi,96700.0,unknown_object,0.3815,536.19,487.29,615.86,564.56,6156.3,79.67,77.27,1.031,False,,True,unattributed,26,evt_01-P05_desk_work_surface_0036,f3fa2b07d694c3c9,pose_hand_context,,20181.0,4.51,,1,01/e1/v1,rtmpose_baseline
corpus_01,01.Candidate was found using a mobile phone in the examination hall..mkv,b842b03e5784d867e93770560d88150a526250df69077cd3065edbbd4c842098,dfine_sahi,96700.0,bag,0.3756,538.43,540.36,598.88,574.52,2065.0,60.45,34.16,1.77,False,,True,unattributed,26,evt_01-P05_desk_work_surface_0036,f3fa2b07d694c3c9,pose_hand_context,,20181.0,4.51,,1,01/e1/v1,rtmpose_baseline
corpus_01,01.Candidate was found using a mobile phone in the examination hall..mkv,b842b03e5784d867e93770560d88150a526250df69077cd3065edbbd4c842098,dfine_sahi,96700.0,unknown_object,0.3346,612.43,550.98,673.32,636.56,5209.9,60.88,85.57,0.711,False,,True,unattributed,26,evt_01-P05_desk_work_surface_0036,f3fa2b07d694c3c9,pose_hand_context,,20181.0,4.51,,1,01/e1/v1,rtmpose_baseline
corpus_01,01.Candidate was found using a mobile phone in the examination hall..mkv,b842b03e5784d867e93770560d88150a526250df69077cd3065edbbd4c842098,dfine_sahi,96700.0,unknown_object,0.3282,637.0,541.12,677.79,580.28,1597.3,40.79,39.16,1.042,False,,True,unattributed,26,evt_01-P05_desk_work_surface_0036,f3fa2b07d694c3c9,pose_hand_context,,20181.0,4.51,,1,01/e1/v1,rtmpose_baseline
corpus_01,01.Candidate was found using a mobile phone in the examination hall..mkv,b842b03e5784d867e93770560d88150a526250df69077cd3065edbbd4c842098,dfine_sahi,96700.0,unknown_object,0.3089,666.48,479.39,686.0,574.47,1856.0,19.52,95.09,0.205,False,,True,unattributed,26,evt_01-P05_desk_work_surface_0036,f3fa2b07d694c3c9,pose_hand_context,,20181.0,4.51,,1,01/e1/v1,rtmpose_baseline
corpus_01,01.Candidate was found using a mobile phone in the examination hall..mkv,b842b03e5784d867e93770560d88150a526250df69077cd3065edbbd4c842098,dfine_sahi,96700.0,unknown_object,0.2852,536.04,509.65,605.09,627.35,8127.3,69.05,117.69,0.587,False,,True,unattributed,26,evt_01-P05_desk_work_surface_0036,f3fa2b07d694c3c9,pose_hand_context,,20181.0,4.51,,1,01/e1/v1,rtmpose_baseline
corpus_01,01.Candidate was found using a mobile phone in the examination hall..mkv,b842b03e5784d867e93770560d88150a526250df69077cd3065edbbd4c842098,dfine_sahi,96700.0,unknown_object,0.2642,537.97,541.06,562.42,564.03,561.5,24.45,22.96,1.065,False,,True,unattributed,26,evt_01-P05_desk_work_surface_0036,f3fa2b07d694c3c9,pose_hand_context,,20181.0,4.51,,1,01/e1/v1,rtmpose_baseline
corpus_01,01.Candidate was found using a mobile phone in the examination hall..mkv,b842b03e5784d867e93770560d88150a526250df69077cd3065edbbd4c842098,dfine_sahi,96740.0,unknown_object,0.649,633.19,453.36,666.98,566.64,3827.5,33.79,113.28,0.298,False,,True,unattributed,20,evt_01-P05_upper_body_0039,457bf637bc5c4528,pose_hand_context,,42526.7,3.1,,1,01/e1/v1,rtmpose_baseline
corpus_01,01.Candidate was found using a mobile phone in the examination hall..mkv,b842b03e5784d867e93770560d88150a526250df69077cd3065edbbd4c842098,dfine_sahi,96740.0,unknown_object,0.6057,663.42,543.23,756.99,658.6,10795.2,93.57,115.37,0.811,False,,True,unattributed,20,evt_01-P05_upper_body_0039,457bf637bc5c4528,pose_hand_context,,42526.7,3.1,,1,01/e1/v1,rtmpose_baseline
corpus_01,01.Candidate was found using a mobile phone in the examination hall..mkv,b842b03e5784d867e93770560d88150a526250df69077cd3065edbbd4c842098,dfine_sahi,96740.0,unknown_object,0.5633,641.0,568.7,670.87,658.48,2681.7,29.87,89.78,0.333,False,,True,unattributed,20,evt_01-P05_upper_body_0039,457bf637bc5c4528,pose_hand_context,,42526.7,3.1,,1,01/e1/v1,rtmpose_baseline
corpus_01,01.Candidate was found using a mobile phone in the examination hall..mkv,b842b03e5784d867e93770560d88150a526250df69077cd3065edbbd4c842098,dfine_sahi,96740.0,unknown_object,0.5218,632.96,453.3,756.92,658.22,25400.1,123.95,204.91,0.605,False,,True,unattributed,20,evt_01-P05_upper_body_0039,457bf637bc5c4528,pose_hand_context,,42526.7,3.1,,1,01/e1/v1,rtmpose_baseline
corpus_01,01.Candidate was found using a mobile phone in the examination hall..mkv,b842b03e5784d867e93770560d88150a526250df69077cd3065edbbd4c842098,dfine_sahi,96740.0,unknown_object,0.4234,641.33,518.47,674.3,566.53,1584.8,32.97,48.06,0.686,False,,True,unattributed,20,evt_01-P05_upper_body_0039,457bf637bc5c4528,pose_hand_context,,42526.7,3.1,,1,01/e1/v1,rtmpose_baseline
corpus_01,01.Candidate was found using a mobile phone in the examination hall..mkv,b842b03e5784d867e93770560d88150a526250df69077cd3065edbbd4c842098,dfine_sahi,96740.0,bag,0.4122,551.05,453.42,629.72,656.79,15999.1,78.67,203.37,0.387,False,,True,unattributed,20,evt_01-P05_upper_body_0039,457bf637bc5c4528,pose_hand_context,,42526.7,3.1,,1,01/e1/v1,rtmpose_baseline
corpus_01,01.Candidate was found using a mobile phone in the examination hall..mkv,b842b03e5784d867e93770560d88150a526250df69077cd3065edbbd4c842098,dfine_sahi,96740.0,unknown_object,0.3265,633.05,543.11,666.97,581.31,1295.7,33.92,38.19,0.888,False,,True,unattributed,20,evt_01-P05_upper_body_0039,457bf637bc5c4528,pose_hand_context,,42526.7,3.1,,1,01/e1/v1,rtmpose_baseline
corpus_01,01.Candidate was found using a mobile phone in the examination hall..mkv,b842b03e5784d867e93770560d88150a526250df69077cd3065edbbd4c842098,dfine_sahi,96740.0,unknown_object,0.2898,650.02,504.95,667.01,524.5,332.2,16.99,19.55,0.869,False,,True,unattributed,20,evt_01-P05_upper_body_0039,457bf637bc5c4528,pose_hand_context,,42526.7,3.1,,1,01/e1/v1,rtmpose_baseline
corpus_01,01.Candidate was found using a mobile phone in the examination hall..mkv,b842b03e5784d867e93770560d88150a526250df69077cd3065edbbd4c842098,dfine_sahi,96740.0,unknown_object,0.2873,666.52,482.26,705.59,519.69,1462.1,39.07,37.43,1.044,False,,True,unattributed,20,evt_01-P05_upper_body_0039,457bf637bc5c4528,pose_hand_context,,42526.7,3.1,,1,01/e1/v1,rtmpose_baseline
corpus_01,01.Candidate was found using a mobile phone in the examination hall..mkv,b842b03e5784d867e93770560d88150a526250df69077cd3065edbbd4c842098,dfine_sahi,96740.0,bag,0.2853,551.0,539.63,598.45,657.68,5602.0,47.45,118.05,0.402,False,,True,unattributed,20,evt_01-P05_upper_body_0039,457bf637bc5c4528,pose_hand_context,,42526.7,3.1,,1,01/e1/v1,rtmpose_baseline
corpus_01,01.Candidate was found using a mobile phone in the examination hall..mkv,b842b03e5784d867e93770560d88150a526250df69077cd3065edbbd4c842098,dfine_sahi,96740.0,unknown_object,0.2727,714.88,542.79,737.97,567.36,567.4,23.09,24.57,0.94,False,,True,unattributed,20,evt_01-P05_upper_body_0039,457bf637bc5c4528,pose_hand_context,,42526.7,3.1,,1,01/e1/v1,rtmpose_baseline
corpus_01,01.Candidate was found using a mobile phone in the examination hall..mkv,b842b03e5784d867e93770560d88150a526250df69077cd3065edbbd4c842098,dfine_sahi,96740.0,unknown_object,0.259,729.78,557.29,756.95,567.64,281.3,27.18,10.35,2.626,False,,True,unattributed,20,evt_01-P05_upper_body_0039,457bf637bc5c4528,pose_hand_context,,42526.7,3.1,,1,01/e1/v1,rtmpose_baseline
corpus_01,01.Candidate was found using a mobile phone in the examination hall..mkv,b842b03e5784d867e93770560d88150a526250df69077cd3065edbbd4c842098,dfine_sahi,96740.0,unknown_object,0.2574,729.69,538.87,756.99,567.31,776.2,27.3,28.43,0.96,False,,True,unattributed,20,evt_01-P05_upper_body_0039,457bf637bc5c4528,pose_hand_context,,42526.7,3.1,,1,01/e1/v1,rtmpose_baseline
corpus_01,01.Candidate was found using a mobile phone in the examination hall..mkv,b842b03e5784d867e93770560d88150a526250df69077cd3065edbbd4c842098,dfine_sahi,96740.0,unknown_object,0.2544,609.86,551.04,666.81,658.11,6096.9,56.94,107.07,0.532,False,,True,unattributed,20,evt_01-P05_upper_body_0039,457bf637bc5c4528,pose_hand_context,,42526.7,3.1,,1,01/e1/v1,rtmpose_baseline
corpus_01,01.Candidate was found using a mobile phone in the examination hall..mkv,b842b03e5784d867e93770560d88150a526250df69077cd3065edbbd4c842098,dfine_sahi,96740.0,unknown_object,0.5493,634.36,467.27,675.4,562.61,3913.2,41.04,95.35,0.43,False,,True,unattributed,26,evt_01-P05_upper_body_0039,eedd3f02ec035821,pose_hand_context,,22010.7,4.31,,1,01/e1/v1,rtmpose_baseline
corpus_01,01.Candidate was found using a mobile phone in the examination hall..mkv,b842b03e5784d867e93770560d88150a526250df69077cd3065edbbd4c842098,dfine_sahi,96740.0,unknown_object,0.5015,531.09,474.5,623.48,619.75,13420.1,92.39,145.26,0.636,False,,True,unattributed,26,evt_01-P05_upper_body_0039,eedd3f02ec035821,pose_hand_context,,22010.7,4.31,,1,01/e1/v1,rtmpose_baseline
corpus_01,01.Candidate was found using a mobile phone in the examination hall..mkv,b842b03e5784d867e93770560d88150a526250df69077cd3065edbbd4c842098,dfine_sahi,96740.0,unknown_object,0.4614,665.25,467.28,685.99,562.3,1970.6,20.74,95.02,0.218,False,,True,unattributed,26,evt_01-P05_upper_body_0039,eedd3f02ec035821,pose_hand_context,,22010.7,4.31,,1,01/e1/v1,rtmpose_baseline
corpus_01,01.Candidate was found using a mobile phone in the examination hall..mkv,b842b03e5784d867e93770560d88150a526250df69077cd3065edbbd4c842098,dfine_sahi,96740.0,unknown_object,0.4612,588.06,474.24,643.32,604.02,7171.0,55.26,129.78,0.426,False,,True,unattributed,26,evt_01-P05_upper_body_0039,eedd3f02ec035821,pose_hand_context,,22010.7,4.31,,1,01/e1/v1,rtmpose_baseline
corpus_01,01.Candidate was found using a mobile phone in the examination hall..mkv,b842b03e5784d867e93770560d88150a526250df69077cd3065edbbd4c842098,dfine_sahi,96740.0,unknown_object,0.4592,633.08,532.15,674.24,581.18,2018.1,41.16,49.03,0.839,False,,True,unattributed,26,evt_01-P05_upper_body_0039,eedd3f02ec035821,pose_hand_context,,22010.7,4.31,,1,01/e1/v1,rtmpose_baseline
corpus_01,01.Candidate was found using a mobile phone in the examination hall..mkv,b842b03e5784d867e93770560d88150a526250df69077cd3065edbbd4c842098,dfine_sahi,96740.0,unknown_object,0.4527,588.12,532.15,620.94,602.22,2300.5,32.83,70.08,0.468,False,,True,unattributed,26,evt_01-P05_upper_body_0039,eedd3f02ec035821,pose_hand_context,,22010.7,4.31,,1,01/e1/v1,rtmpose_baseline
corpus_01,01.Candidate was found using a mobile phone in the examination hall..mkv,b842b03e5784d867e93770560d88150a526250df69077cd3065edbbd4c842098,dfine_sahi,96740.0,unknown_object,0.3976,525.1,540.21,578.34,626.91,4615.7,53.24,86.7,0.614,False,,True,unattributed,26,evt_01-P05_upper_body_0039,eedd3f02ec035821,pose_hand_context,,22010.7,4.31,,1,01/e1/v1,rtmpose_baseline
corpus_01,01.Candidate was found using a mobile phone in the examination hall..mkv,b842b03e5784d867e93770560d88150a526250df69077cd3065edbbd4c842098,dfine_sahi,96740.0,unknown_object,0.3815,609.93,550.96,670.13,627.67,4617.5,60.19,76.71,0.785,False,,True,unattributed,26,evt_01-P05_upper_body_0039,eedd3f02ec035821,pose_hand_context,,22010.7,4.31,,1,01/e1/v1,rtmpose_baseline
corpus_01,01.Candidate was found using a mobile phone in the examination hall..mkv,b842b03e5784d867e93770560d88150a526250df69077cd3065edbbd4c842098,dfine_sahi,96740.0,unknown_object,0.3001,531.04,474.09,574.97,519.24,1983.1,43.93,45.15,0.973,False,,True,unattributed,26,evt_01-P05_upper_body_0039,eedd3f02ec035821,pose_hand_context,,22010.7,4.31,,1,01/e1/v1,rtmpose_baseline
corpus_01,01.Candidate was found using a mobile phone in the examination hall..mkv,b842b03e5784d867e93770560d88150a526250df69077cd3065edbbd4c842098,dfine_sahi,96740.0,unknown_object,0.297,534.34,507.29,605.19,563.48,3981.2,70.85,56.19,1.261,False,,True,unattributed,26,evt_01-P05_upper_body_0039,eedd3f02ec035821,pose_hand_context,,22010.7,4.31,,1,01/e1/v1,rtmpose_baseline
corpus_01,01.Candidate was found using a mobile phone in the examination hall..mkv,b842b03e5784d867e93770560d88150a526250df69077cd3065edbbd4c842098,dfine_sahi,96740.0,unknown_object,0.2784,536.13,532.14,567.11,563.61,974.9,30.97,31.47,0.984,False,,True,unattributed,26,evt_01-P05_upper_body_0039,eedd3f02ec035821,pose_hand_context,,22010.7,4.31,,1,01/e1/v1,rtmpose_baseline
corpus_01,01.Candidate was found using a mobile phone in the examination hall..mkv,b842b03e5784d867e93770560d88150a526250df69077cd3065edbbd4c842098,dfine_sahi,96740.0,unknown_object,0.2679,664.45,532.26,686.05,627.43,2055.7,21.6,95.17,0.227,False,,True,unattributed,26,evt_01-P05_upper_body_0039,eedd3f02ec035821,pose_hand_context,,22010.7,4.31,,1,01/e1/v1,rtmpose_baseline
corpus_01,01.Candidate was found using a mobile phone in the examination hall..mkv,b842b03e5784d867e93770560d88150a526250df69077cd3065edbbd4c842098,dfine_sahi,97100.0,unknown_object,0.7882,616.01,368.85,660.27,380.11,498.6,44.27,11.26,3.931,False,,True,unattributed,28,evt_01-P01_desk_work_surface_0004,35d6a1ba598258ff,pose_hand_context,,44487.2,3.03,,1,01/e1/v1,rtmpose_baseline
corpus_01,01.Candidate was found using a mobile phone in the examination hall..mkv,b842b03e5784d867e93770560d88150a526250df69077cd3065edbbd4c842098,dfine_sahi,97100.0,unknown_object,0.5763,626.22,373.55,704.07,452.45,6141.5,77.84,78.9,0.987,False,,True,unattributed,28,evt_01-P01_desk_work_surface_0004,35d6a1ba598258ff,pose_hand_context,,44487.2,3.03,,1,01/e1/v1,rtmpose_baseline
corpus_01,01.Candidate was found using a mobile phone in the examination hall..mkv,b842b03e5784d867e93770560d88150a526250df69077cd3065edbbd4c842098,dfine_sahi,97100.0,unknown_object,0.5551,640.55,426.39,734.97,544.56,11157.3,94.42,118.17,0.799,False,,True,unattributed,28,evt_01-P01_desk_work_surface_0004,35d6a1ba598258ff,pose_hand_context,,44487.2,3.03,,1,01/e1/v1,rtmpose_baseline
corpus_01,01.Candidate was found using a mobile phone in the examination hall..mkv,b842b03e5784d867e93770560d88150a526250df69077cd3065edbbd4c842098,dfine_sahi,97100.0,unknown_object,0.5072,524.01,334.18,642.07,452.58,13979.2,118.06,118.4,0.997,False,,True,unattributed,28,evt_01-P01_desk_work_surface_0004,35d6a1ba598258ff,pose_hand_context,,44487.2,3.03,,1,01/e1/v1,rtmpose_baseline
corpus_01,01.Candidate was found using a mobile phone in the examination hall..mkv,b842b03e5784d867e93770560d88150a526250df69077cd3065edbbd4c842098,dfine_sahi,97100.0,monitor_or_bezel,0.4439,524.08,426.07,616.11,520.98,8734.9,92.03,94.91,0.97,False,,True,unattributed,28,evt_01-P01_desk_work_surface_0004,35d6a1ba598258ff,pose_hand_context,,44487.2,3.03,,1,01/e1/v1,rtmpose_baseline
corpus_01,01.Candidate was found using a mobile phone in the examination hall..mkv,b842b03e5784d867e93770560d88150a526250df69077cd3065edbbd4c842098,dfine_sahi,97100.0,mouse,0.3884,525.98,464.25,536.73,477.91,146.8,10.75,13.66,0.787,False,,True,unattributed,28,evt_01-P01_desk_work_surface_0004,35d6a1ba598258ff,pose_hand_context,,44487.2,3.03,,1,01/e1/v1,rtmpose_baseline
corpus_01,01.Candidate was found using a mobile phone in the examination hall..mkv,b842b03e5784d867e93770560d88150a526250df69077cd3065edbbd4c842098,dfine_sahi,97100.0,unknown_object,0.3839,541.92,374.18,703.52,542.15,27144.9,161.61,167.97,0.962,False,,True,unattributed,28,evt_01-P01_desk_work_surface_0004,35d6a1ba598258ff,pose_hand_context,,44487.2,3.03,,1,01/e1/v1,rtmpose_baseline
corpus_01,01.Candidate was found using a mobile phone in the examination hall..mkv,b842b03e5784d867e93770560d88150a526250df69077cd3065edbbd4c842098,dfine_sahi,97100.0,unknown_object,0.3543,534.82,507.38,615.95,544.66,3023.6,81.12,37.27,2.177,False,,True,unattributed,28,evt_01-P01_desk_work_surface_0004,35d6a1ba598258ff,pose_hand_context,,44487.2,3.03,,1,01/e1/v1,rtmpose_baseline
corpus_01,01.Candidate was found using a mobile phone in the examination hall..mkv,b842b03e5784d867e93770560d88150a526250df69077cd3065edbbd4c842098,dfine_sahi,97100.0,unknown_object,0.3369,523.94,426.21,641.46,544.28,13877.0,117.53,118.08,0.995,False,,True,unattributed,28,evt_01-P01_desk_work_surface_0004,35d6a1ba598258ff,pose_hand_context,,44487.2,3.03,,1,01/e1/v1,rtmpose_baseline
corpus_01,01.Candidate was found using a mobile phone in the examination hall..mkv,b842b03e5784d867e93770560d88150a526250df69077cd3065edbbd4c842098,dfine_sahi,97100.0,monitor_or_bezel,0.3087,523.76,426.17,531.73,451.46,201.6,7.97,25.29,0.315,False,,True,unattributed,28,evt_01-P01_desk_work_surface_0004,35d6a1ba598258ff,pose_hand_context,,44487.2,3.03,,1,01/e1/v1,rtmpose_baseline
corpus_01,01.Candidate was found using a mobile phone in the examination hall..mkv,b842b03e5784d867e93770560d88150a526250df69077cd3065edbbd4c842098,dfine_sahi,97100.0,unknown_object,0.2715,608.23,455.6,642.08,536.32,2732.5,33.85,80.72,0.419,False,,True,unattributed,28,evt_01-P01_desk_work_surface_0004,35d6a1ba598258ff,pose_hand_context,,44487.2,3.03,,1,01/e1/v1,rtmpose_baseline
corpus_01,01.Candidate was found using a mobile phone in the examination hall..mkv,b842b03e5784d867e93770560d88150a526250df69077cd3065edbbd4c842098,dfine_sahi,97100.0,unknown_object,0.2691,626.3,433.85,642.09,453.01,302.6,15.79,19.16,0.824,False,,True,unattributed,28,evt_01-P01_desk_work_surface_0004,35d6a1ba598258ff,pose_hand_context,,44487.2,3.03,,1,01/e1/v1,rtmpose_baseline
corpus_01,01.Candidate was found using a mobile phone in the examination hall..mkv,b842b03e5784d867e93770560d88150a526250df69077cd3065edbbd4c842098,dfine_sahi,97100.0,mouse,0.2518,639.3,368.99,660.53,378.37,199.3,21.23,9.39,2.262,False,,True,unattributed,28,evt_01-P01_desk_work_surface_0004,35d6a1ba598258ff,pose_hand_context,,44487.2,3.03,,1,01/e1/v1,rtmpose_baseline
corpus_01,01.Candidate was found using a mobile phone in the examination hall..mkv,b842b03e5784d867e93770560d88150a526250df69077cd3065edbbd4c842098,dfine_sahi,97100.0,unknown_object,0.7882,616.01,368.85,660.27,380.11,498.6,44.27,11.26,3.931,False,,True,unattributed,27,evt_01-P01_desk_work_surface_0004,35d6a1ba598258ff,pose_hand_context,,44487.2,3.03,,1,01/e1/v1,rtmpose_baseline
corpus_01,01.Candidate was found using a mobile phone in the examination hall..mkv,b842b03e5784d867e93770560d88150a526250df69077cd3065edbbd4c842098,dfine_sahi,97100.0,unknown_object,0.5763,626.22,373.55,704.07,452.45,6141.5,77.84,78.9,0.987,False,,True,unattributed,27,evt_01-P01_desk_work_surface_0004,35d6a1ba598258ff,pose_hand_context,,44487.2,3.03,,1,01/e1/v1,rtmpose_baseline
corpus_01,01.Candidate was found using a mobile phone in the examination hall..mkv,b842b03e5784d867e93770560d88150a526250df69077cd3065edbbd4c842098,dfine_sahi,97100.0,unknown_object,0.5551,640.55,426.39,734.97,544.56,11157.3,94.42,118.17,0.799,False,,True,unattributed,27,evt_01-P01_desk_work_surface_0004,35d6a1ba598258ff,pose_hand_context,,44487.2,3.03,,1,01/e1/v1,rtmpose_baseline
corpus_01,01.Candidate was found using a mobile phone in the examination hall..mkv,b842b03e5784d867e93770560d88150a526250df69077cd3065edbbd4c842098,dfine_sahi,97100.0,unknown_object,0.5072,524.01,334.18,642.07,452.58,13979.2,118.06,118.4,0.997,False,,True,unattributed,27,evt_01-P01_desk_work_surface_0004,35d6a1ba598258ff,pose_hand_context,,44487.2,3.03,,1,01/e1/v1,rtmpose_baseline
corpus_01,01.Candidate was found using a mobile phone in the examination hall..mkv,b842b03e5784d867e93770560d88150a526250df69077cd3065edbbd4c842098,dfine_sahi,97100.0,monitor_or_bezel,0.4439,524.08,426.07,616.11,520.98,8734.9,92.03,94.91,0.97,False,,True,unattributed,27,evt_01-P01_desk_work_surface_0004,35d6a1ba598258ff,pose_hand_context,,44487.2,3.03,,1,01/e1/v1,rtmpose_baseline
corpus_01,01.Candidate was found using a mobile phone in the examination hall..mkv,b842b03e5784d867e93770560d88150a526250df69077cd3065edbbd4c842098,dfine_sahi,97100.0,mouse,0.3884,525.98,464.25,536.73,477.91,146.8,10.75,13.66,0.787,False,,True,unattributed,27,evt_01-P01_desk_work_surface_0004,35d6a1ba598258ff,pose_hand_context,,44487.2,3.03,,1,01/e1/v1,rtmpose_baseline
corpus_01,01.Candidate was found using a mobile phone in the examination hall..mkv,b842b03e5784d867e93770560d88150a526250df69077cd3065edbbd4c842098,dfine_sahi,97100.0,unknown_object,0.3839,541.92,374.18,703.52,542.15,27144.9,161.61,167.97,0.962,False,,True,unattributed,27,evt_01-P01_desk_work_surface_0004,35d6a1ba598258ff,pose_hand_context,,44487.2,3.03,,1,01/e1/v1,rtmpose_baseline
corpus_01,01.Candidate was found using a mobile phone in the examination hall..mkv,b842b03e5784d867e93770560d88150a526250df69077cd3065edbbd4c842098,dfine_sahi,97100.0,unknown_object,0.3543,534.82,507.38,615.95,544.66,3023.6,81.12,37.27,2.177,False,,True,unattributed,27,evt_01-P01_desk_work_surface_0004,35d6a1ba598258ff,pose_hand_context,,44487.2,3.03,,1,01/e1/v1,rtmpose_baseline
corpus_01,01.Candidate was found using a mobile phone in the examination hall..mkv,b842b03e5784d867e93770560d88150a526250df69077cd3065edbbd4c842098,dfine_sahi,97100.0,unknown_object,0.3369,523.94,426.21,641.46,544.28,13877.0,117.53,118.08,0.995,False,,True,unattributed,27,evt_01-P01_desk_work_surface_0004,35d6a1ba598258ff,pose_hand_context,,44487.2,3.03,,1,01/e1/v1,rtmpose_baseline
corpus_01,01.Candidate was found using a mobile phone in the examination hall..mkv,b842b03e5784d867e93770560d88150a526250df69077cd3065edbbd4c842098,dfine_sahi,97100.0,monitor_or_bezel,0.3087,523.76,426.17,531.73,451.46,201.6,7.97,25.29,0.315,False,,True,unattributed,27,evt_01-P01_desk_work_surface_0004,35d6a1ba598258ff,pose_hand_context,,44487.2,3.03,,1,01/e1/v1,rtmpose_baseline
corpus_01,01.Candidate was found using a mobile phone in the examination hall..mkv,b842b03e5784d867e93770560d88150a526250df69077cd3065edbbd4c842098,dfine_sahi,97100.0,unknown_object,0.2715,608.23,455.6,642.08,536.32,2732.5,33.85,80.72,0.419,False,,True,unattributed,27,evt_01-P01_desk_work_surface_0004,35d6a1ba598258ff,pose_hand_context,,44487.2,3.03,,1,01/e1/v1,rtmpose_baseline
corpus_01,01.Candidate was found using a mobile phone in the examination hall..mkv,b842b03e5784d867e93770560d88150a526250df69077cd3065edbbd4c842098,dfine_sahi,97100.0,unknown_object,0.2691,626.3,433.85,642.09,453.01,302.6,15.79,19.16,0.824,False,,True,unattributed,27,evt_01-P01_desk_work_surface_0004,35d6a1ba598258ff,pose_hand_context,,44487.2,3.03,,1,01/e1/v1,rtmpose_baseline
corpus_01,01.Candidate was found using a mobile phone in the examination hall..mkv,b842b03e5784d867e93770560d88150a526250df69077cd3065edbbd4c842098,dfine_sahi,97100.0,mouse,0.2518,639.3,368.99,660.53,378.37,199.3,21.23,9.39,2.262,False,,True,unattributed,27,evt_01-P01_desk_work_surface_0004,35d6a1ba598258ff,pose_hand_context,,44487.2,3.03,,1,01/e1/v1,rtmpose_baseline
corpus_01,01.Candidate was found using a mobile phone in the examination hall..mkv,b842b03e5784d867e93770560d88150a526250df69077cd3065edbbd4c842098,dfine_sahi,97100.0,unknown_object,0.7343,723.85,340.54,813.47,550.43,18809.7,89.62,209.89,0.427,False,,True,unattributed,20,evt_01-P01_desk_work_surface_0004,d386ade6d9124438,native_source_context_fallback,wrist_confidence_below_floor,72098.3,1.69,,1,01/e1/v1,rtmpose_baseline
corpus_01,01.Candidate was found using a mobile phone in the examination hall..mkv,b842b03e5784d867e93770560d88150a526250df69077cd3065edbbd4c842098,dfine_sahi,97100.0,unknown_object,0.7242,766.19,339.1,826.15,483.36,8648.7,59.95,144.26,0.416,False,,True,unattributed,20,evt_01-P01_desk_work_surface_0004,d386ade6d9124438,native_source_context_fallback,wrist_confidence_below_floor,72098.3,1.69,,1,01/e1/v1,rtmpose_baseline
corpus_01,01.Candidate was found using a mobile phone in the examination hall..mkv,b842b03e5784d867e93770560d88150a526250df69077cd3065edbbd4c842098,dfine_sahi,97100.0,unknown_object,0.6659,641.87,504.22,747.19,716.57,22364.0,105.32,212.35,0.496,False,,True,unattributed,20,evt_01-P01_desk_work_surface_0004,d386ade6d9124438,native_source_context_fallback,wrist_confidence_below_floor,72098.3,1.69,,1,01/e1/v1,rtmpose_baseline
corpus_01,01.Candidate was found using a mobile phone in the examination hall..mkv,b842b03e5784d867e93770560d88150a526250df69077cd3065edbbd4c842098,dfine_sahi,97100.0,bag,0.6168,759.75,339.31,825.78,483.33,9510.0,66.03,144.03,0.458,False,,True,unattributed,20,evt_01-P01_desk_work_surface_0004,d386ade6d9124438,native_source_context_fallback,wrist_confidence_below_floor,72098.3,1.69,,1,01/e1/v1,rtmpose_baseline
corpus_01,01.Candidate was found using a mobile phone in the examination hall..mkv,b842b03e5784d867e93770560d88150a526250df69077cd3065edbbd4c842098,dfine_sahi,97100.0,bag,0.5388,809.79,506.31,830.75,647.81,2965.5,20.96,141.5,0.148,False,,True,unattributed,20,evt_01-P01_desk_work_surface_0004,d386ade6d9124438,native_source_context_fallback,wrist_confidence_below_floor,72098.3,1.69,,1,01/e1/v1,rtmpose_baseline
corpus_01,01.Candidate was found using a mobile phone in the examination hall..mkv,b842b03e5784d867e93770560d88150a526250df69077cd3065edbbd4c842098,dfine_sahi,97100.0,mouse,0.4801,640.2,368.64,660.49,378.24,194.7,20.29,9.6,2.114,False,,True,unattributed,20,evt_01-P01_desk_work_surface_0004,d386ade6d9124438,native_source_context_fallback,wrist_confidence_below_floor,72098.3,1.69,,1,01/e1/v1,rtmpose_baseline
corpus_01,01.Candidate was found using a mobile phone in the examination hall..mkv,b842b03e5784d867e93770560d88150a526250df69077cd3065edbbd4c842098,dfine_sahi,97100.0,bag,0.4759,810.5,506.3,830.98,550.96,914.5,20.48,44.66,0.458,False,,True,unattributed,20,evt_01-P01_desk_work_surface_0004,d386ade6d9124438,native_source_context_fallback,wrist_confidence_below_floor,72098.3,1.69,,1,01/e1/v1,rtmpose_baseline
corpus_01,01.Candidate was found using a mobile phone in the examination hall..mkv,b842b03e5784d867e93770560d88150a526250df69077cd3065edbbd4c842098,dfine_sahi,97100.0,unknown_object,0.4546,639.88,339.17,702.26,437.2,6115.7,62.39,98.02,0.636,False,,True,unattributed,20,evt_01-P01_desk_work_surface_0004,d386ade6d9124438,native_source_context_fallback,wrist_confidence_below_floor,72098.3,1.69,,1,01/e1/v1,rtmpose_baseline
corpus_01,01.Candidate was found using a mobile phone in the examination hall..mkv,b842b03e5784d867e93770560d88150a526250df69077cd3065edbbd4c842098,dfine_sahi,97100.0,unknown_object,0.451,686.2,339.51,746.98,476.18,8307.0,60.78,136.68,0.445,False,,True,unattributed,20,evt_01-P01_desk_work_surface_0004,d386ade6d9124438,native_source_context_fallback,wrist_confidence_below_floor,72098.3,1.69,,1,01/e1/v1,rtmpose_baseline
corpus_01,01.Candidate was found using a mobile phone in the examination hall..mkv,b842b03e5784d867e93770560d88150a526250df69077cd3065edbbd4c842098,dfine_sahi,97100.0,unknown_object,0.4479,639.86,548.84,670.3,622.66,2246.7,30.43,73.82,0.412,False,,True,unattributed,20,evt_01-P01_desk_work_surface_0004,d386ade6d9124438,native_source_context_fallback,wrist_confidence_below_floor,72098.3,1.69,,1,01/e1/v1,rtmpose_baseline
corpus_01,01.Candidate was found using a mobile phone in the examination hall..mkv,b842b03e5784d867e93770560d88150a526250df69077cd3065edbbd4c842098,dfine_sahi,97100.0,unknown_object,0.4425,809.24,506.25,831.21,702.04,4302.2,21.97,195.79,0.112,False,,True,unattributed,20,evt_01-P01_desk_work_surface_0004,d386ade6d9124438,native_source_context_fallback,wrist_confidence_below_floor,72098.3,1.69,,1,01/e1/v1,rtmpose_baseline
corpus_01,01.Candidate was found using a mobile phone in the examination hall..mkv,b842b03e5784d867e93770560d88150a526250df69077cd3065edbbd4c842098,dfine_sahi,97100.0,unknown_object,0.3371,723.93,504.24,815.32,716.31,19380.9,91.39,212.06,0.431,False,,True,unattributed,20,evt_01-P01_desk_work_surface_0004,d386ade6d9124438,native_source_context_fallback,wrist_confidence_below_floor,72098.3,1.69,,1,01/e1/v1,rtmpose_baseline
corpus_01,01.Candidate was found using a mobile phone in the examination hall..mkv,b842b03e5784d867e93770560d88150a526250df69077cd3065edbbd4c842098,dfine_sahi,97100.0,unknown_object,0.3369,639.82,504.16,683.61,623.1,5209.5,43.8,118.95,0.368,False,,True,unattributed,20,evt_01-P01_desk_work_surface_0004,d386ade6d9124438,native_source_context_fallback,wrist_confidence_below_floor,72098.3,1.69,,1,01/e1/v1,rtmpose_baseline
corpus_01,01.Candidate was found using a mobile phone in the examination hall..mkv,b842b03e5784d867e93770560d88150a526250df69077cd3065edbbd4c842098,dfine_sahi,97100.0,unknown_object,0.2867,724.03,339.42,757.4,375.07,1189.4,33.37,35.65,0.936,False,,True,unattributed,20,evt_01-P01_desk_work_surface_0004,d386ade6d9124438,native_source_context_fallback,wrist_confidence_below_floor,72098.3,1.69,,1,01/e1/v1,rtmpose_baseline
corpus_01,01.Candidate was found using a mobile phone in the examination hall..mkv,b842b03e5784d867e93770560d88150a526250df69077cd3065edbbd4c842098,dfine_sahi,97100.0,unknown_object,0.2733,639.92,365.21,683.61,410.98,1999.4,43.69,45.77,0.954,False,,True,unattributed,20,evt_01-P01_desk_work_surface_0004,d386ade6d9124438,native_source_context_fallback,wrist_confidence_below_floor,72098.3,1.69,,1,01/e1/v1,rtmpose_baseline
corpus_01,01.Candidate was found using a mobile phone in the examination hall..mkv,b842b03e5784d867e93770560d88150a526250df69077cd3065edbbd4c842098,dfine_sahi,97100.0,unknown_object,0.2718,640.07,339.3,824.91,483.69,26689.3,184.84,144.39,1.28,False,,True,unattributed,20,evt_01-P01_desk_work_surface_0004,d386ade6d9124438,native_source_context_fallback,wrist_confidence_below_floor,72098.3,1.69,,1,01/e1/v1,rtmpose_baseline
corpus_01,01.Candidate was found using a mobile phone in the examination hall..mkv,b842b03e5784d867e93770560d88150a526250df69077cd3065edbbd4c842098,dfine_sahi,97100.0,unknown_object,0.2589,800.48,339.19,830.82,420.52,2467.5,30.34,81.33,0.373,False,,True,unattributed,20,evt_01-P01_desk_work_surface_0004,d386ade6d9124438,native_source_context_fallback,wrist_confidence_below_floor,72098.3,1.69,,1,01/e1/v1,rtmpose_baseline
corpus_01,01.Candidate was found using a mobile phone in the examination hall..mkv,b842b03e5784d867e93770560d88150a526250df69077cd3065edbbd4c842098,dfine_sahi,97100.0,unknown_object,0.2518,639.99,339.07,701.74,367.41,1750.5,61.76,28.34,2.179,False,,True,unattributed,20,evt_01-P01_desk_work_surface_0004,d386ade6d9124438,native_source_context_fallback,wrist_confidence_below_floor,72098.3,1.69,,1,01/e1/v1,rtmpose_baseline
corpus_01,01.Candidate was found using a mobile phone in the examination hall..mkv,b842b03e5784d867e93770560d88150a526250df69077cd3065edbbd4c842098,dfine_sahi,97620.0,unknown_object,0.6279,625.95,368.79,660.69,379.28,364.2,34.74,10.48,3.313,False,,True,unattributed,28,evt_01-P01_upper_body_0008,a787e1a036ae9505,native_source_context_fallback,wrist_confidence_below_floor,34442.6,2.15,,1,01/e1/v1,rtmpose_baseline
corpus_01,01.Candidate was found using a mobile phone in the examination hall..mkv,b842b03e5784d867e93770560d88150a526250df69077cd3065edbbd4c842098,dfine_sahi,97620.0,unknown_object,0.5399,702.45,422.25,773.03,588.39,11725.9,70.58,166.14,0.425,False,,True,unattributed,28,evt_01-P01_upper_body_0008,a787e1a036ae9505,native_source_context_fallback,wrist_confidence_below_floor,34442.6,2.15,,1,01/e1/v1,rtmpose_baseline
corpus_01,01.Candidate was found using a mobile phone in the examination hall..mkv,b842b03e5784d867e93770560d88150a526250df69077cd3065edbbd4c842098,dfine_sahi,97620.0,unknown_object,0.5294,625.94,527.07,699.08,588.84,4518.5,73.14,61.78,1.184,False,,True,unattributed,28,evt_01-P01_upper_body_0008,a787e1a036ae9505,native_source_context_fallback,wrist_confidence_below_floor,34442.6,2.15,,1,01/e1/v1,rtmpose_baseline
corpus_01,01.Candidate was found using a mobile phone in the examination hall..mkv,b842b03e5784d867e93770560d88150a526250df69077cd3065edbbd4c842098,dfine_sahi,97620.0,unknown_object,0.4511,702.64,376.95,722.03,458.85,1588.4,19.39,81.9,0.237,False,,True,unattributed,28,evt_01-P01_upper_body_0008,a787e1a036ae9505,native_source_context_fallback,wrist_confidence_below_floor,34442.6,2.15,,1,01/e1/v1,rtmpose_baseline
corpus_01,01.Candidate was found using a mobile phone in the examination hall..mkv,b842b03e5784d867e93770560d88150a526250df69077cd3065edbbd4c842098,dfine_sahi,97620.0,unknown_object,0.4505,702.32,365.6,772.88,458.84,6578.7,70.56,93.23,0.757,False,,True,unattributed,28,evt_01-P01_upper_body_0008,a787e1a036ae9505,native_source_context_fallback,wrist_confidence_below_floor,34442.6,2.15,,1,01/e1/v1,rtmpose_baseline
corpus_01,01.Candidate was found using a mobile phone in the examination hall..mkv,b842b03e5784d867e93770560d88150a526250df69077cd3065edbbd4c842098,dfine_sahi,97620.0,unknown_object,0.4221,625.86,425.01,699.67,588.43,12062.5,73.82,163.41,0.452,False,,True,unattributed,28,evt_01-P01_upper_body_0008,a787e1a036ae9505,native_source_context_fallback,wrist_confidence_below_floor,34442.6,2.15,,1,01/e1/v1,rtmpose_baseline
corpus_01,01.Candidate was found using a mobile phone in the examination hall..mkv,b842b03e5784d867e93770560d88150a526250df69077cd3065edbbd4c842098,dfine_sahi,97620.0,unknown_object,0.3855,641.91,365.11,681.49,409.47,1755.4,39.57,44.36,0.892,False,,True,unattributed,28,evt_01-P01_upper_body_0008,a787e1a036ae9505,native_source_context_fallback,wrist_confidence_below_floor,34442.6,2.15,,1,01/e1/v1,rtmpose_baseline
corpus_01,01.Candidate was found using a mobile phone in the examination hall..mkv,b842b03e5784d867e93770560d88150a526250df69077cd3065edbbd4c842098,dfine_sahi,97620.0,unknown_object,0.3751,702.61,422.12,721.97,485.42,1225.4,19.36,63.3,0.306,False,,True,unattributed,28,evt_01-P01_upper_body_0008,a787e1a036ae9505,native_source_context_fallback,wrist_confidence_below_floor,34442.6,2.15,,1,01/e1/v1,rtmpose_baseline
corpus_01,01.Candidate was found using a mobile phone in the examination hall..mkv,b842b03e5784d867e93770560d88150a526250df69077cd3065edbbd4c842098,dfine_sahi,97620.0,unknown_object,0.348,625.82,292.06,713.26,426.32,11740.8,87.45,134.26,0.651,False,,True,unattributed,28,evt_01-P01_upper_body_0008,a787e1a036ae9505,native_source_context_fallback,wrist_confidence_below_floor,34442.6,2.15,,1,01/e1/v1,rtmpose_baseline
corpus_01,01.Candidate was found using a mobile phone in the examination hall..mkv,b842b03e5784d867e93770560d88150a526250df69077cd3065edbbd4c842098,dfine_sahi,97620.0,unknown_object,0.2988,625.94,529.37,669.83,571.08,1830.8,43.89,41.71,1.052,False,,True,unattributed,28,evt_01-P01_upper_body_0008,a787e1a036ae9505,native_source_context_fallback,wrist_confidence_below_floor,34442.6,2.15,,1,01/e1/v1,rtmpose_baseline
corpus_01,01.Candidate was found using a mobile phone in the examination hall..mkv,b842b03e5784d867e93770560d88150a526250df69077cd3065edbbd4c842098,dfine_sahi,97620.0,unknown_object,0.2958,626.05,292.16,685.32,366.93,4432.2,59.27,74.78,0.793,False,,True,unattributed,28,evt_01-P01_upper_body_0008,a787e1a036ae9505,native_source_context_fallback,wrist_confidence_below_floor,34442.6,2.15,,1,01/e1/v1,rtmpose_baseline
corpus_01,01.Candidate was found using a mobile phone in the examination hall..mkv,b842b03e5784d867e93770560d88150a526250df69077cd3065edbbd4c842098,dfine_sahi,97620.0,unknown_object,0.7126,644.01,356.27,741.77,453.37,9492.5,97.76,97.1,1.007,False,,True,unattributed,20,evt_01-P01_upper_body_0008,f7c2cc977d6ffafc,pose_hand_context,,30618.0,3.66,,1,01/e1/v1,rtmpose_baseline
corpus_01,01.Candidate was found using a mobile phone in the examination hall..mkv,b842b03e5784d867e93770560d88150a526250df69077cd3065edbbd4c842098,dfine_sahi,97620.0,unknown_object,0.6099,721.08,432.26,819.14,530.64,9647.2,98.06,98.38,0.997,False,,True,unattributed,20,evt_01-P01_upper_body_0008,f7c2cc977d6ffafc,pose_hand_context,,30618.0,3.66,,1,01/e1/v1,rtmpose_baseline
corpus_01,01.Candidate was found using a mobile phone in the examination hall..mkv,b842b03e5784d867e93770560d88150a526250df69077cd3065edbbd4c842098,dfine_sahi,97620.0,unknown_object,0.5787,789.65,409.78,800.8,434.67,277.7,11.16,24.89,0.448,False,,True,unattributed,20,evt_01-P01_upper_body_0008,f7c2cc977d6ffafc,pose_hand_context,,30618.0,3.66,,1,01/e1/v1,rtmpose_baseline
corpus_01,01.Candidate was found using a mobile phone in the examination hall..mkv,b842b03e5784d867e93770560d88150a526250df69077cd3065edbbd4c842098,dfine_sahi,97620.0,unknown_object,0.5024,644.01,368.71,660.29,377.74,147.0,16.28,9.03,1.804,False,,True,unattributed,20,evt_01-P01_upper_body_0008,f7c2cc977d6ffafc,pose_hand_context,,30618.0,3.66,,1,01/e1/v1,rtmpose_baseline
corpus_01,01.Candidate was found using a mobile phone in the examination hall..mkv,b842b03e5784d867e93770560d88150a526250df69077cd3065edbbd4c842098,dfine_sahi,97620.0,unknown_object,0.4454,702.92,432.16,741.35,485.16,2036.8,38.43,53.0,0.725,False,,True,unattributed,20,evt_01-P01_upper_body_0008,f7c2cc977d6ffafc,pose_hand_context,,30618.0,3.66,,1,01/e1/v1,rtmpose_baseline
corpus_01,01.Candidate was found using a mobile phone in the examination hall..mkv,b842b03e5784d867e93770560d88150a526250df69077cd3065edbbd4c842098,dfine_sahi,97620.0,unknown_object,0.4176,681.58,432.21,725.83,530.52,4350.1,44.25,98.32,0.45,False,,True,unattributed,20,evt_01-P01_upper_body_0008,f7c2cc977d6ffafc,pose_hand_context,,30618.0,3.66,,1,01/e1/v1,rtmpose_baseline
corpus_01,01.Candidate was found using a mobile phone in the examination hall..mkv,b842b03e5784d867e93770560d88150a526250df69077cd3065edbbd4c842098,dfine_sahi,97620.0,unknown_object,0.4035,721.05,364.91,818.65,453.59,8655.0,97.6,88.68,1.101,False,,True,unattributed,20,evt_01-P01_upper_body_0008,f7c2cc977d6ffafc,pose_hand_context,,30618.0,3.66,,1,01/e1/v1,rtmpose_baseline
corpus_01,01.Candidate was found using a mobile phone in the examination hall..mkv,b842b03e5784d867e93770560d88150a526250df69077cd3065edbbd4c842098,dfine_sahi,97620.0,phone,0.3952,644.0,368.86,660.49,377.93,149.4,16.48,9.07,1.818,False,,True,unattributed,20,evt_01-P01_upper_body_0008,f7c2cc977d6ffafc,pose_hand_context,,30618.0,3.66,,1,01/e1/v1,rtmpose_baseline
corpus_01,01.Candidate was found using a mobile phone in the examination hall..mkv,b842b03e5784d867e93770560d88150a526250df69077cd3065edbbd4c842098,dfine_sahi,97620.0,unknown_object,0.3951,643.98,365.6,681.0,410.65,1667.5,37.02,45.04,0.822,False,,True,unattributed,20,evt_01-P01_upper_body_0008,f7c2cc977d6ffafc,pose_hand_context,,30618.0,3.66,,1,01/e1/v1,rtmpose_baseline
corpus_01,01.Candidate was found using a mobile phone in the examination hall..mkv,b842b03e5784d867e93770560d88150a526250df69077cd3065edbbd4c842098,dfine_sahi,97620.0,unknown_object,0.3929,715.26,467.71,742.06,530.78,1690.2,26.8,63.07,0.425,False,,True,unattributed,20,evt_01-P01_upper_body_0008,f7c2cc977d6ffafc,pose_hand_context,,30618.0,3.66,,1,01/e1/v1,rtmpose_baseline
corpus_01,01.Candidate was found using a mobile phone in the examination hall..mkv,b842b03e5784d867e93770560d88150a526250df69077cd3065edbbd4c842098,dfine_sahi,97620.0,unknown_object,0.3674,746.35,506.84,791.35,530.96,1085.2,44.99,24.12,1.866,False,,True,unattributed,20,evt_01-P01_upper_body_0008,f7c2cc977d6ffafc,pose_hand_context,,30618.0,3.66,,1,01/e1/v1,rtmpose_baseline
corpus_01,01.Candidate was found using a mobile phone in the examination hall..mkv,b842b03e5784d867e93770560d88150a526250df69077cd3065edbbd4c842098,dfine_sahi,97620.0,unknown_object,0.3544,704.61,368.24,741.99,453.69,3194.6,37.38,85.45,0.437,False,,True,unattributed,20,evt_01-P01_upper_body_0008,f7c2cc977d6ffafc,pose_hand_context,,30618.0,3.66,,1,01/e1/v1,rtmpose_baseline
corpus_01,01.Candidate was found using a mobile phone in the examination hall..mkv,b842b03e5784d867e93770560d88150a526250df69077cd3065edbbd4c842098,dfine_sahi,97620.0,unknown_object,0.3232,643.9,432.13,685.12,530.47,4053.2,41.22,98.33,0.419,False,,True,unattributed,20,evt_01-P01_upper_body_0008,f7c2cc977d6ffafc,pose_hand_context,,30618.0,3.66,,1,01/e1/v1,rtmpose_baseline
corpus_01,01.Candidate was found using a mobile phone in the examination hall..mkv,b842b03e5784d867e93770560d88150a526250df69077cd3065edbbd4c842098,dfine_sahi,97620.0,unknown_object,0.3158,785.62,409.96,802.3,453.66,729.0,16.68,43.7,0.382,False,,True,unattributed,20,evt_01-P01_upper_body_0008,f7c2cc977d6ffafc,pose_hand_context,,30618.0,3.66,,1,01/e1/v1,rtmpose_baseline
corpus_01,01.Candidate was found using a mobile phone in the examination hall..mkv,b842b03e5784d867e93770560d88150a526250df69077cd3065edbbd4c842098,dfine_sahi,97620.0,unknown_object,0.2915,734.2,390.41,766.45,427.42,1193.2,32.24,37.01,0.871,False,,True,unattributed,20,evt_01-P01_upper_body_0008,f7c2cc977d6ffafc,pose_hand_context,,30618.0,3.66,,1,01/e1/v1,rtmpose_baseline
corpus_01,01.Candidate was found using a mobile phone in the examination hall..mkv,b842b03e5784d867e93770560d88150a526250df69077cd3065edbbd4c842098,dfine_sahi,97620.0,unknown_object,0.2599,739.39,463.99,767.69,498.55,978.2,28.3,34.56,0.819,False,,True,unattributed,20,evt_01-P01_upper_body_0008,f7c2cc977d6ffafc,pose_hand_context,,30618.0,3.66,,1,01/e1/v1,rtmpose_baseline
corpus_01,01.Candidate was found using a mobile phone in the examination hall..mkv,b842b03e5784d867e93770560d88150a526250df69077cd3065edbbd4c842098,dfine_sahi,97620.0,unknown_object,0.2589,746.23,508.82,763.39,530.94,379.6,17.17,22.11,0.776,False,,True,unattributed,20,evt_01-P01_upper_body_0008,f7c2cc977d6ffafc,pose_hand_context,,30618.0,3.66,,1,01/e1/v1,rtmpose_baseline
corpus_01,01.Candidate was found using a mobile phone in the examination hall..mkv,b842b03e5784d867e93770560d88150a526250df69077cd3065edbbd4c842098,dfine_sahi,97620.0,unknown_object,0.2574,720.99,424.86,737.68,453.83,483.6,16.69,28.97,0.576,False,,True,unattributed,20,evt_01-P01_upper_body_0008,f7c2cc977d6ffafc,pose_hand_context,,30618.0,3.66,,1,01/e1/v1,rtmpose_baseline
corpus_01,01.Candidate was found using a mobile phone in the examination hall..mkv,b842b03e5784d867e93770560d88150a526250df69077cd3065edbbd4c842098,dfine_sahi,97620.0,unknown_object,0.2569,740.1,434.01,770.73,453.93,610.2,30.63,19.92,1.538,False,,True,unattributed,20,evt_01-P01_upper_body_0008,f7c2cc977d6ffafc,pose_hand_context,,30618.0,3.66,,1,01/e1/v1,rtmpose_baseline
corpus_01,01.Candidate was found using a mobile phone in the examination hall..mkv,b842b03e5784d867e93770560d88150a526250df69077cd3065edbbd4c842098,dfine_sahi,97660.0,unknown_object,0.5552,626.97,368.83,660.75,379.14,348.6,33.78,10.32,3.274,False,,True,unattributed,28,evt_01-P04_desk_work_surface_0027,3dede15876347b86,native_source_context_fallback,wrist_confidence_below_floor,34133.9,2.15,,1,01/e1/v1,rtmpose_baseline
corpus_01,01.Candidate was found using a mobile phone in the examination hall..mkv,b842b03e5784d867e93770560d88150a526250df69077cd3065edbbd4c842098,dfine_sahi,97660.0,unknown_object,0.5537,704.07,420.26,774.05,587.54,11706.3,69.98,167.28,0.418,False,,True,unattributed,28,evt_01-P04_desk_work_surface_0027,3dede15876347b86,native_source_context_fallback,wrist_confidence_below_floor,34133.9,2.15,,1,01/e1/v1,rtmpose_baseline
corpus_01,01.Candidate was found using a mobile phone in the examination hall..mkv,b842b03e5784d867e93770560d88150a526250df69077cd3065edbbd4c842098,dfine_sahi,97660.0,unknown_object,0.4612,626.87,519.74,698.89,587.85,4905.1,72.02,68.1,1.058,False,,True,unattributed,28,evt_01-P04_desk_work_surface_0027,3dede15876347b86,native_source_context_fallback,wrist_confidence_below_floor,34133.9,2.15,,1,01/e1/v1,rtmpose_baseline
corpus_01,01.Candidate was found using a mobile phone in the examination hall..mkv,b842b03e5784d867e93770560d88150a526250df69077cd3065edbbd4c842098,dfine_sahi,97660.0,unknown_object,0.4284,626.69,424.16,699.11,587.35,11817.5,72.42,163.19,0.444,False,,True,unattributed,28,evt_01-P04_desk_work_surface_0027,3dede15876347b86,native_source_context_fallback,wrist_confidence_below_floor,34133.9,2.15,,1,01/e1/v1,rtmpose_baseline
corpus_01,01.Candidate was found using a mobile phone in the examination hall..mkv,b842b03e5784d867e93770560d88150a526250df69077cd3065edbbd4c842098,dfine_sahi,97660.0,unknown_object,0.392,642.91,290.45,685.09,367.45,3247.4,42.17,77.0,0.548,False,,True,unattributed,28,evt_01-P04_desk_work_surface_0027,3dede15876347b86,native_source_context_fallback,wrist_confidence_below_floor,34133.9,2.15,,1,01/e1/v1,rtmpose_baseline
corpus_01,01.Candidate was found using a mobile phone in the examination hall..mkv,b842b03e5784d867e93770560d88150a526250df69077cd3065edbbd4c842098,dfine_sahi,97660.0,unknown_object,0.3657,626.96,364.61,680.81,425.11,3258.1,53.86,60.5,0.89,False,,True,unattributed,28,evt_01-P04_desk_work_surface_0027,3dede15876347b86,native_source_context_fallback,wrist_confidence_below_floor,34133.9,2.15,,1,01/e1/v1,rtmpose_baseline
corpus_01,01.Candidate was found using a mobile phone in the examination hall..mkv,b842b03e5784d867e93770560d88150a526250df69077cd3065edbbd4c842098,dfine_sahi,97660.0,unknown_object,0.3201,626.88,290.06,684.78,426.07,7875.1,57.9,136.0,0.426,False,,True,unattributed,28,evt_01-P04_desk_work_surface_0027,3dede15876347b86,native_source_context_fallback,wrist_confidence_below_floor,34133.9,2.15,,1,01/e1/v1,rtmpose_baseline
corpus_01,01.Candidate was found using a mobile phone in the examination hall..mkv,b842b03e5784d867e93770560d88150a526250df69077cd3065edbbd4c842098,dfine_sahi,97660.0,unknown_object,0.309,704.03,420.14,723.01,483.67,1206.1,18.98,63.53,0.299,False,,True,unattributed,28,evt_01-P04_desk_work_surface_0027,3dede15876347b86,native_source_context_fallback,wrist_confidence_below_floor,34133.9,2.15,,1,01/e1/v1,rtmpose_baseline
corpus_01,01.Candidate was found using a mobile phone in the examination hall..mkv,b842b03e5784d867e93770560d88150a526250df69077cd3065edbbd4c842098,dfine_sahi,97660.0,unknown_object,0.301,626.99,528.11,669.23,571.16,1818.5,42.23,43.06,0.981,False,,True,unattributed,28,evt_01-P04_desk_work_surface_0027,3dede15876347b86,native_source_context_fallback,wrist_confidence_below_floor,34133.9,2.15,,1,01/e1/v1,rtmpose_baseline
corpus_01,01.Candidate was found using a mobile phone in the examination hall..mkv,b842b03e5784d867e93770560d88150a526250df69077cd3065edbbd4c842098,dfine_sahi,97660.0,unknown_object,0.2684,678.22,420.23,726.3,585.92,7966.5,48.08,165.7,0.29,False,,True,unattributed,28,evt_01-P04_desk_work_surface_0027,3dede15876347b86,native_source_context_fallback,wrist_confidence_below_floor,34133.9,2.15,,1,01/e1/v1,rtmpose_baseline
corpus_01,01.Candidate was found using a mobile phone in the examination hall..mkv,b842b03e5784d867e93770560d88150a526250df69077cd3065edbbd4c842098,dfine_sahi,97660.0,mouse,0.2587,677.91,577.08,699.52,587.99,235.8,21.61,10.91,1.98,False,,True,unattributed,28,evt_01-P04_desk_work_surface_0027,3dede15876347b86,native_source_context_fallback,wrist_confidence_below_floor,34133.9,2.15,,1,01/e1/v1,rtmpose_baseline
corpus_01,01.Candidate was found using a mobile phone in the examination hall..mkv,b842b03e5784d867e93770560d88150a526250df69077cd3065edbbd4c842098,dfine_sahi,97660.0,mouse,0.6793,642.0,368.82,660.38,378.11,170.8,18.38,9.29,1.977,False,,True,unattributed,20,evt_01-P04_desk_work_surface_0027,72ee4af00e701c56,pose_hand_context,,30765.2,3.65,,1,01/e1/v1,rtmpose_baseline
corpus_01,01.Candidate was found using a mobile phone in the examination hall..mkv,b842b03e5784d867e93770560d88150a526250df69077cd3065edbbd4c842098,dfine_sahi,97660.0,unknown_object,0.5583,719.06,431.34,818.01,528.1,9575.1,98.95,96.77,1.023,False,,True,unattributed,20,evt_01-P04_desk_work_surface_0027,72ee4af00e701c56,pose_hand_context,,30765.2,3.65,,1,01/e1/v1,rtmpose_baseline
corpus_01,01.Candidate was found using a mobile phone in the examination hall..mkv,b842b03e5784d867e93770560d88150a526250df69077cd3065edbbd4c842098,dfine_sahi,97660.0,unknown_object,0.5147,791.08,407.69,802.06,429.06,234.4,10.97,21.37,0.513,False,,True,unattributed,20,evt_01-P04_desk_work_surface_0027,72ee4af00e701c56,pose_hand_context,,30765.2,3.65,,1,01/e1/v1,rtmpose_baseline
corpus_01,01.Candidate was found using a mobile phone in the examination hall..mkv,b842b03e5784d867e93770560d88150a526250df69077cd3065edbbd4c842098,dfine_sahi,97660.0,unknown_object,0.51,703.99,431.32,740.81,483.73,1929.7,36.82,52.41,0.703,False,,True,unattributed,20,evt_01-P04_desk_work_surface_0027,72ee4af00e701c56,pose_hand_context,,30765.2,3.65,,1,01/e1/v1,rtmpose_baseline
corpus_01,01.Candidate was found using a mobile phone in the examination hall..mkv,b842b03e5784d867e93770560d88150a526250df69077cd3065edbbd4c842098,dfine_sahi,97660.0,unknown_object,0.4893,717.03,464.86,741.01,528.21,1519.0,23.98,63.36,0.378,False,,True,unattributed,20,evt_01-P04_desk_work_surface_0027,72ee4af00e701c56,pose_hand_context,,30765.2,3.65,,1,01/e1/v1,rtmpose_baseline
corpus_01,01.Candidate was found using a mobile phone in the examination hall..mkv,b842b03e5784d867e93770560d88150a526250df69077cd3065edbbd4c842098,dfine_sahi,97660.0,unknown_object,0.454,719.04,363.5,817.75,452.64,8799.1,98.71,89.14,1.107,False,,True,unattributed,20,evt_01-P04_desk_work_surface_0027,72ee4af00e701c56,pose_hand_context,,30765.2,3.65,,1,01/e1/v1,rtmpose_baseline
corpus_01,01.Candidate was found using a mobile phone in the examination hall..mkv,b842b03e5784d867e93770560d88150a526250df69077cd3065edbbd4c842098,dfine_sahi,97660.0,unknown_object,0.4176,704.94,366.29,740.99,452.73,3116.5,36.05,86.44,0.417,False,,True,unattributed,20,evt_01-P04_desk_work_surface_0027,72ee4af00e701c56,pose_hand_context,,30765.2,3.65,,1,01/e1/v1,rtmpose_baseline
corpus_01,01.Candidate was found using a mobile phone in the examination hall..mkv,b842b03e5784d867e93770560d88150a526250df69077cd3065edbbd4c842098,dfine_sahi,97660.0,unknown_object,0.4093,641.99,365.24,680.66,412.82,1839.9,38.67,47.58,0.813,False,,True,unattributed,20,evt_01-P04_desk_work_surface_0027,72ee4af00e701c56,pose_hand_context,,30765.2,3.65,,1,01/e1/v1,rtmpose_baseline
corpus_01,01.Candidate was found using a mobile phone in the examination hall..mkv,b842b03e5784d867e93770560d88150a526250df69077cd3065edbbd4c842098,dfine_sahi,97660.0,unknown_object,0.3902,682.68,431.3,725.48,528.05,4141.7,42.81,96.75,0.442,False,,True,unattributed,20,evt_01-P04_desk_work_surface_0027,72ee4af00e701c56,pose_hand_context,,30765.2,3.65,,1,01/e1/v1,rtmpose_baseline
corpus_01,01.Candidate was found using a mobile phone in the examination hall..mkv,b842b03e5784d867e93770560d88150a526250df69077cd3065edbbd4c842098,dfine_sahi,97660.0,unknown_object,0.3749,642.05,431.36,686.52,528.22,4307.4,44.47,96.86,0.459,False,,True,unattributed,20,evt_01-P04_desk_work_surface_0027,72ee4af00e701c56,pose_hand_context,,30765.2,3.65,,1,01/e1/v1,rtmpose_baseline
corpus_01,01.Candidate was found using a mobile phone in the examination hall..mkv,b842b03e5784d867e93770560d88150a526250df69077cd3065edbbd4c842098,dfine_sahi,97660.0,unknown_object,0.3534,718.99,421.17,741.75,452.88,721.9,22.76,31.72,0.718,False,,True,unattributed,20,evt_01-P04_desk_work_surface_0027,72ee4af00e701c56,pose_hand_context,,30765.2,3.65,,1,01/e1/v1,rtmpose_baseline
corpus_01,01.Candidate was found using a mobile phone in the examination hall..mkv,b842b03e5784d867e93770560d88150a526250df69077cd3065edbbd4c842098,dfine_sahi,97660.0,unknown_object,0.3261,787.97,407.79,802.69,452.55,659.0,14.72,44.76,0.329,False,,True,unattributed,20,evt_01-P04_desk_work_surface_0027,72ee4af00e701c56,pose_hand_context,,30765.2,3.65,,1,01/e1/v1,rtmpose_baseline
corpus_01,01.Candidate was found using a mobile phone in the examination hall..mkv,b842b03e5784d867e93770560d88150a526250df69077cd3065edbbd4c842098,dfine_sahi,97660.0,unknown_object,0.2869,741.98,431.72,771.46,452.84,622.7,29.48,21.12,1.396,False,,True,unattributed,20,evt_01-P04_desk_work_surface_0027,72ee4af00e701c56,pose_hand_context,,30765.2,3.65,,1,01/e1/v1,rtmpose_baseline
corpus_01,01.Candidate was found using a mobile phone in the examination hall..mkv,b842b03e5784d867e93770560d88150a526250df69077cd3065edbbd4c842098,dfine_sahi,97700.0,mouse,0.7411,640.09,368.73,660.34,377.96,186.8,20.25,9.22,2.196,False,,True,unattributed,20,evt_01-P05_desk_work_surface_0036,5edd4160a12216b5,pose_hand_context,,30019.0,3.69,,1,01/e1/v1,rtmpose_baseline
corpus_01,01.Candidate was found using a mobile phone in the examination hall..mkv,b842b03e5784d867e93770560d88150a526250df69077cd3065edbbd4c842098,dfine_sahi,97700.0,unknown_object,0.5354,792.17,404.89,803.14,424.12,210.9,10.97,19.23,0.571,False,,True,unattributed,20,evt_01-P05_desk_work_surface_0036,5edd4160a12216b5,pose_hand_context,,30019.0,3.69,,1,01/e1/v1,rtmpose_baseline
corpus_01,01.Candidate was found using a mobile phone in the examination hall..mkv,b842b03e5784d867e93770560d88150a526250df69077cd3065edbbd4c842098,dfine_sahi,97700.0,unknown_object,0.5271,639.74,365.35,680.15,411.77,1875.9,40.41,46.42,0.87,False,,True,unattributed,20,evt_01-P05_desk_work_surface_0036,5edd4160a12216b5,pose_hand_context,,30019.0,3.69,,1,01/e1/v1,rtmpose_baseline
corpus_01,01.Candidate was found using a mobile phone in the examination hall..mkv,b842b03e5784d867e93770560d88150a526250df69077cd3065edbbd4c842098,dfine_sahi,97700.0,unknown_object,0.5179,705.3,432.11,736.99,481.78,1574.1,31.69,49.67,0.638,False,,True,unattributed,20,evt_01-P05_desk_work_surface_0036,5edd4160a12216b5,pose_hand_context,,30019.0,3.69,,1,01/e1/v1,rtmpose_baseline
corpus_01,01.Candidate was found using a mobile phone in the examination hall..mkv,b842b03e5784d867e93770560d88150a526250df69077cd3065edbbd4c842098,dfine_sahi,97700.0,unknown_object,0.5023,716.02,432.2,813.11,529.62,9458.0,97.09,97.41,0.997,False,,True,unattributed,20,evt_01-P05_desk_work_surface_0036,5edd4160a12216b5,pose_hand_context,,30019.0,3.69,,1,01/e1/v1,rtmpose_baseline
corpus_01,01.Candidate was found using a mobile phone in the examination hall..mkv,b842b03e5784d867e93770560d88150a526250df69077cd3065edbbd4c842098,dfine_sahi,97700.0,unknown_object,0.4579,705.72,366.49,737.0,453.75,2729.1,31.28,87.26,0.358,False,,True,unattributed,20,evt_01-P05_desk_work_surface_0036,5edd4160a12216b5,pose_hand_context,,30019.0,3.69,,1,01/e1/v1,rtmpose_baseline
corpus_01,01.Candidate was found using a mobile phone in the examination hall..mkv,b842b03e5784d867e93770560d88150a526250df69077cd3065edbbd4c842098,dfine_sahi,97700.0,stationery,0.4471,639.86,365.52,680.24,412.1,1881.0,40.39,46.58,0.867,False,,True,unattributed,20,evt_01-P05_desk_work_surface_0036,5edd4160a12216b5,pose_hand_context,,30019.0,3.69,,1,01/e1/v1,rtmpose_baseline
corpus_01,01.Candidate was found using a mobile phone in the examination hall..mkv,b842b03e5784d867e93770560d88150a526250df69077cd3065edbbd4c842098,dfine_sahi,97700.0,unknown_object,0.4321,716.11,362.21,812.91,453.6,8847.1,96.8,91.39,1.059,False,,True,unattributed,20,evt_01-P05_desk_work_surface_0036,5edd4160a12216b5,pose_hand_context,,30019.0,3.69,,1,01/e1/v1,rtmpose_baseline
corpus_01,01.Candidate was found using a mobile phone in the examination hall..mkv,b842b03e5784d867e93770560d88150a526250df69077cd3065edbbd4c842098,dfine_sahi,97700.0,unknown_object,0.4075,717.88,471.21,736.98,529.81,1119.3,19.1,58.6,0.326,False,,True,unattributed,20,evt_01-P05_desk_work_surface_0036,5edd4160a12216b5,pose_hand_context,,30019.0,3.69,,1,01/e1/v1,rtmpose_baseline
corpus_01,01.Candidate was found using a mobile phone in the examination hall..mkv,b842b03e5784d867e93770560d88150a526250df69077cd3065edbbd4c842098,dfine_sahi,97700.0,unknown_object,0.3503,683.45,432.21,726.3,529.52,4170.0,42.85,97.32,0.44,False,,True,unattributed,20,evt_01-P05_desk_work_surface_0036,5edd4160a12216b5,pose_hand_context,,30019.0,3.69,,1,01/e1/v1,rtmpose_baseline
corpus_01,01.Candidate was found using a mobile phone in the examination hall..mkv,b842b03e5784d867e93770560d88150a526250df69077cd3065edbbd4c842098,dfine_sahi,97700.0,unknown_object,0.3439,716.31,362.75,766.03,401.21,1912.7,49.73,38.46,1.293,False,,True,unattributed,20,evt_01-P05_desk_work_surface_0036,5edd4160a12216b5,pose_hand_context,,30019.0,3.69,,1,01/e1/v1,rtmpose_baseline
corpus_01,01.Candidate was found using a mobile phone in the examination hall..mkv,b842b03e5784d867e93770560d88150a526250df69077cd3065edbbd4c842098,dfine_sahi,97700.0,unknown_object,0.3393,744.96,504.76,769.32,529.98,614.4,24.36,25.23,0.965,False,,True,unattributed,20,evt_01-P05_desk_work_surface_0036,5edd4160a12216b5,pose_hand_context,,30019.0,3.69,,1,01/e1/v1,rtmpose_baseline
corpus_01,01.Candidate was found using a mobile phone in the examination hall..mkv,b842b03e5784d867e93770560d88150a526250df69077cd3065edbbd4c842098,dfine_sahi,97700.0,unknown_object,0.3293,715.86,479.72,728.39,529.56,624.6,12.53,49.84,0.251,False,,True,unattributed,20,evt_01-P05_desk_work_surface_0036,5edd4160a12216b5,pose_hand_context,,30019.0,3.69,,1,01/e1/v1,rtmpose_baseline
corpus_01,01.Candidate was found using a mobile phone in the examination hall..mkv,b842b03e5784d867e93770560d88150a526250df69077cd3065edbbd4c842098,dfine_sahi,97700.0,unknown_object,0.3244,761.26,356.08,812.63,392.35,1862.8,51.36,36.27,1.416,False,,True,unattributed,20,evt_01-P05_desk_work_surface_0036,5edd4160a12216b5,pose_hand_context,,30019.0,3.69,,1,01/e1/v1,rtmpose_baseline
corpus_01,01.Candidate was found using a mobile phone in the examination hall..mkv,b842b03e5784d867e93770560d88150a526250df69077cd3065edbbd4c842098,dfine_sahi,97700.0,unknown_object,0.3216,716.94,366.78,737.02,400.26,672.2,20.08,33.48,0.6,False,,True,unattributed,20,evt_01-P05_desk_work_surface_0036,5edd4160a12216b5,pose_hand_context,,30019.0,3.69,,1,01/e1/v1,rtmpose_baseline
corpus_01,01.Candidate was found using a mobile phone in the examination hall..mkv,b842b03e5784d867e93770560d88150a526250df69077cd3065edbbd4c842098,dfine_sahi,97700.0,unknown_object,0.3194,718.66,506.33,746.79,529.99,665.6,28.13,23.66,1.189,False,,True,unattributed,20,evt_01-P05_desk_work_surface_0036,5edd4160a12216b5,pose_hand_context,,30019.0,3.69,,1,01/e1/v1,rtmpose_baseline
corpus_01,01.Candidate was found using a mobile phone in the examination hall..mkv,b842b03e5784d867e93770560d88150a526250df69077cd3065edbbd4c842098,dfine_sahi,97700.0,unknown_object,0.2941,716.19,419.84,740.11,452.91,791.1,23.92,33.07,0.723,False,,True,unattributed,20,evt_01-P05_desk_work_surface_0036,5edd4160a12216b5,pose_hand_context,,30019.0,3.69,,1,01/e1/v1,rtmpose_baseline
corpus_01,01.Candidate was found using a mobile phone in the examination hall..mkv,b842b03e5784d867e93770560d88150a526250df69077cd3065edbbd4c842098,dfine_sahi,97700.0,unknown_object,0.2935,789.18,387.97,805.7,424.16,597.7,16.52,36.19,0.456,False,,True,unattributed,20,evt_01-P05_desk_work_surface_0036,5edd4160a12216b5,pose_hand_context,,30019.0,3.69,,1,01/e1/v1,rtmpose_baseline
corpus_01,01.Candidate was found using a mobile phone in the examination hall..mkv,b842b03e5784d867e93770560d88150a526250df69077cd3065edbbd4c842098,dfine_sahi,97700.0,unknown_object,0.288,742.05,429.83,772.39,453.66,723.1,30.34,23.83,1.273,False,,True,unattributed,20,evt_01-P05_desk_work_surface_0036,5edd4160a12216b5,pose_hand_context,,30019.0,3.69,,1,01/e1/v1,rtmpose_baseline
corpus_01,01.Candidate was found using a mobile phone in the examination hall..mkv,b842b03e5784d867e93770560d88150a526250df69077cd3065edbbd4c842098,dfine_sahi,97700.0,unknown_object,0.278,786.93,470.78,812.89,529.66,1528.8,25.96,58.88,0.441,False,,True,unattributed,20,evt_01-P05_desk_work_surface_0036,5edd4160a12216b5,pose_hand_context,,30019.0,3.69,,1,01/e1/v1,rtmpose_baseline
corpus_01,01.Candidate was found using a mobile phone in the examination hall..mkv,b842b03e5784d867e93770560d88150a526250df69077cd3065edbbd4c842098,dfine_sahi,97700.0,unknown_object,0.2725,646.32,356.1,735.82,428.76,6502.6,89.49,72.66,1.232,False,,True,unattributed,20,evt_01-P05_desk_work_surface_0036,5edd4160a12216b5,pose_hand_context,,30019.0,3.69,,1,01/e1/v1,rtmpose_baseline
corpus_01,01.Candidate was found using a mobile phone in the examination hall..mkv,b842b03e5784d867e93770560d88150a526250df69077cd3065edbbd4c842098,dfine_sahi,97700.0,unknown_object,0.2622,783.89,504.02,812.91,529.97,752.8,29.02,25.94,1.118,False,,True,unattributed,20,evt_01-P05_desk_work_surface_0036,5edd4160a12216b5,pose_hand_context,,30019.0,3.69,,1,01/e1/v1,rtmpose_baseline
corpus_01,01.Candidate was found using a mobile phone in the examination hall..mkv,b842b03e5784d867e93770560d88150a526250df69077cd3065edbbd4c842098,dfine_sahi,97700.0,unknown_object,0.6491,704.97,419.18,774.06,585.4,11485.8,69.1,166.23,0.416,False,,True,unattributed,28,evt_01-P05_desk_work_surface_0036,d039c088a5263511,native_source_context_fallback,wrist_confidence_below_floor,33697.4,2.16,,1,01/e1/v1,rtmpose_baseline
corpus_01,01.Candidate was found using a mobile phone in the examination hall..mkv,b842b03e5784d867e93770560d88150a526250df69077cd3065edbbd4c842098,dfine_sahi,97700.0,unknown_object,0.5882,628.96,368.89,660.6,378.82,314.4,31.64,9.93,3.185,False,,True,unattributed,28,evt_01-P05_desk_work_surface_0036,d039c088a5263511,native_source_context_fallback,wrist_confidence_below_floor,33697.4,2.16,,1,01/e1/v1,rtmpose_baseline
corpus_01,01.Candidate was found using a mobile phone in the examination hall..mkv,b842b03e5784d867e93770560d88150a526250df69077cd3065edbbd4c842098,dfine_sahi,97700.0,unknown_object,0.5184,644.88,365.89,680.42,405.84,1419.8,35.54,39.95,0.89,False,,True,unattributed,28,evt_01-P05_desk_work_surface_0036,d039c088a5263511,native_source_context_fallback,wrist_confidence_below_floor,33697.4,2.16,,1,01/e1/v1,rtmpose_baseline
corpus_01,01.Candidate was found using a mobile phone in the examination hall..mkv,b842b03e5784d867e93770560d88150a526250df69077cd3065edbbd4c842098,dfine_sahi,97700.0,unknown_object,0.4689,705.17,419.12,725.0,481.82,1243.5,19.83,62.7,0.316,False,,True,unattributed,28,evt_01-P05_desk_work_surface_0036,d039c088a5263511,native_source_context_fallback,wrist_confidence_below_floor,33697.4,2.16,,1,01/e1/v1,rtmpose_baseline
corpus_01,01.Candidate was found using a mobile phone in the examination hall..mkv,b842b03e5784d867e93770560d88150a526250df69077cd3065edbbd4c842098,dfine_sahi,97700.0,unknown_object,0.4497,628.76,420.34,692.0,584.67,10392.0,63.24,164.33,0.385,False,,True,unattributed,28,evt_01-P05_desk_work_surface_0036,d039c088a5263511,native_source_context_fallback,wrist_confidence_below_floor,33697.4,2.16,,1,01/e1/v1,rtmpose_baseline
corpus_01,01.Candidate was found using a mobile phone in the examination hall..mkv,b842b03e5784d867e93770560d88150a526250df69077cd3065edbbd4c842098,dfine_sahi,97700.0,unknown_object,0.4008,628.79,521.05,694.02,585.75,4220.8,65.23,64.71,1.008,False,,True,unattributed,28,evt_01-P05_desk_work_surface_0036,d039c088a5263511,native_source_context_fallback,wrist_confidence_below_floor,33697.4,2.16,,1,01/e1/v1,rtmpose_baseline
corpus_01,01.Candidate was found using a mobile phone in the examination hall..mkv,b842b03e5784d867e93770560d88150a526250df69077cd3065edbbd4c842098,dfine_sahi,97700.0,unknown_object,0.3645,644.95,289.8,684.85,367.36,3094.6,39.9,77.56,0.514,False,,True,unattributed,28,evt_01-P05_desk_work_surface_0036,d039c088a5263511,native_source_context_fallback,wrist_confidence_below_floor,33697.4,2.16,,1,01/e1/v1,rtmpose_baseline
corpus_01,01.Candidate was found using a mobile phone in the examination hall..mkv,b842b03e5784d867e93770560d88150a526250df69077cd3065edbbd4c842098,dfine_sahi,97700.0,unknown_object,0.3363,628.88,289.13,684.93,423.78,7547.1,56.05,134.65,0.416,False,,True,unattributed,28,evt_01-P05_desk_work_surface_0036,d039c088a5263511,native_source_context_fallback,wrist_confidence_below_floor,33697.4,2.16,,1,01/e1/v1,rtmpose_baseline
corpus_01,01.Candidate was found using a mobile phone in the examination hall..mkv,b842b03e5784d867e93770560d88150a526250df69077cd3065edbbd4c842098,dfine_sahi,97700.0,unknown_object,0.2915,644.88,368.82,660.4,378.03,142.9,15.52,9.21,1.685,False,,True,unattributed,28,evt_01-P05_desk_work_surface_0036,d039c088a5263511,native_source_context_fallback,wrist_confidence_below_floor,33697.4,2.16,,1,01/e1/v1,rtmpose_baseline
corpus_01,01.Candidate was found using a mobile phone in the examination hall..mkv,b842b03e5784d867e93770560d88150a526250df69077cd3065edbbd4c842098,dfine_sahi,97700.0,bag,0.256,701.92,355.02,725.15,455.81,2341.0,23.23,100.79,0.23,False,,True,unattributed,28,evt_01-P05_desk_work_surface_0036,d039c088a5263511,native_source_context_fallback,wrist_confidence_below_floor,33697.4,2.16,,1,01/e1/v1,rtmpose_baseline
corpus_01,01.Candidate was found using a mobile phone in the examination hall..mkv,b842b03e5784d867e93770560d88150a526250df69077cd3065edbbd4c842098,dfine_sahi,97740.0,unknown_object,0.6479,646.71,355.14,734.9,450.28,8390.5,88.19,95.14,0.927,False,,True,unattributed,20,evt_01-P05_upper_body_0039,8b5a21bfa005a049,pose_hand_context,,28655.7,3.78,,1,01/e1/v1,rtmpose_baseline
corpus_01,01.Candidate was found using a mobile phone in the examination hall..mkv,b842b03e5784d867e93770560d88150a526250df69077cd3065edbbd4c842098,dfine_sahi,97740.0,unknown_object,0.5739,713.14,361.44,808.2,450.62,8477.6,95.06,89.18,1.066,False,,True,unattributed,20,evt_01-P05_upper_body_0039,8b5a21bfa005a049,pose_hand_context,,28655.7,3.78,,1,01/e1/v1,rtmpose_baseline
corpus_01,01.Candidate was found using a mobile phone in the examination hall..mkv,b842b03e5784d867e93770560d88150a526250df69077cd3065edbbd4c842098,dfine_sahi,97740.0,mouse,0.5242,640.13,368.94,660.52,378.2,188.8,20.39,9.26,2.201,False,,True,unattributed,20,evt_01-P05_upper_body_0039,8b5a21bfa005a049,pose_hand_context,,28655.7,3.78,,1,01/e1/v1,rtmpose_baseline
corpus_01,01.Candidate was found using a mobile phone in the examination hall..mkv,b842b03e5784d867e93770560d88150a526250df69077cd3065edbbd4c842098,dfine_sahi,97740.0,unknown_object,0.5217,713.22,430.19,808.99,525.6,9136.9,95.76,95.41,1.004,False,,True,unattributed,20,evt_01-P05_upper_body_0039,8b5a21bfa005a049,pose_hand_context,,28655.7,3.78,,1,01/e1/v1,rtmpose_baseline
corpus_01,01.Candidate was found using a mobile phone in the examination hall..mkv,b842b03e5784d867e93770560d88150a526250df69077cd3065edbbd4c842098,dfine_sahi,97740.0,unknown_object,0.489,791.94,403.04,802.76,422.01,205.2,10.82,18.97,0.57,False,,True,unattributed,20,evt_01-P05_upper_body_0039,8b5a21bfa005a049,pose_hand_context,,28655.7,3.78,,1,01/e1/v1,rtmpose_baseline
corpus_01,01.Candidate was found using a mobile phone in the examination hall..mkv,b842b03e5784d867e93770560d88150a526250df69077cd3065edbbd4c842098,dfine_sahi,97740.0,unknown_object,0.4727,705.86,430.09,735.01,480.76,1477.2,29.15,50.67,0.575,False,,True,unattributed,20,evt_01-P05_upper_body_0039,8b5a21bfa005a049,pose_hand_context,,28655.7,3.78,,1,01/e1/v1,rtmpose_baseline
corpus_01,01.Candidate was found using a mobile phone in the examination hall..mkv,b842b03e5784d867e93770560d88150a526250df69077cd3065edbbd4c842098,dfine_sahi,97740.0,unknown_object,0.4559,714.14,418.01,741.79,450.72,904.3,27.65,32.71,0.845,False,,True,unattributed,20,evt_01-P05_upper_body_0039,8b5a21bfa005a049,pose_hand_context,,28655.7,3.78,,1,01/e1/v1,rtmpose_baseline
corpus_01,01.Candidate was found using a mobile phone in the examination hall..mkv,b842b03e5784d867e93770560d88150a526250df69077cd3065edbbd4c842098,dfine_sahi,97740.0,unknown_object,0.4494,639.74,365.47,679.67,412.01,1858.7,39.94,46.54,0.858,False,,True,unattributed,20,evt_01-P05_upper_body_0039,8b5a21bfa005a049,pose_hand_context,,28655.7,3.78,,1,01/e1/v1,rtmpose_baseline
corpus_01,01.Candidate was found using a mobile phone in the examination hall..mkv,b842b03e5784d867e93770560d88150a526250df69077cd3065edbbd4c842098,dfine_sahi,97740.0,stationery,0.4417,639.0,365.33,679.72,416.57,2086.6,40.73,51.23,0.795,False,,True,unattributed,20,evt_01-P05_upper_body_0039,8b5a21bfa005a049,pose_hand_context,,28655.7,3.78,,1,01/e1/v1,rtmpose_baseline
corpus_01,01.Candidate was found using a mobile phone in the examination hall..mkv,b842b03e5784d867e93770560d88150a526250df69077cd3065edbbd4c842098,dfine_sahi,97740.0,unknown_object,0.3678,718.37,457.1,773.58,525.66,3785.0,55.2,68.56,0.805,False,,True,unattributed,20,evt_01-P05_upper_body_0039,8b5a21bfa005a049,pose_hand_context,,28655.7,3.78,,1,01/e1/v1,rtmpose_baseline
corpus_01,01.Candidate was found using a mobile phone in the examination hall..mkv,b842b03e5784d867e93770560d88150a526250df69077cd3065edbbd4c842098,dfine_sahi,97740.0,unknown_object,0.361,713.31,449.37,733.51,475.78,533.5,20.2,26.41,0.765,False,,True,unattributed,20,evt_01-P05_upper_body_0039,8b5a21bfa005a049,pose_hand_context,,28655.7,3.78,,1,01/e1/v1,rtmpose_baseline
corpus_01,01.Candidate was found using a mobile phone in the examination hall..mkv,b842b03e5784d867e93770560d88150a526250df69077cd3065edbbd4c842098,dfine_sahi,97740.0,unknown_object,0.3528,718.43,468.21,735.01,525.81,954.6,16.58,57.59,0.288,False,,True,unattributed,20,evt_01-P05_upper_body_0039,8b5a21bfa005a049,pose_hand_context,,28655.7,3.78,,1,01/e1/v1,rtmpose_baseline
corpus_01,01.Candidate was found using a mobile phone in the examination hall..mkv,b842b03e5784d867e93770560d88150a526250df69077cd3065edbbd4c842098,dfine_sahi,97740.0,unknown_object,0.3527,706.6,364.77,735.0,450.7,2439.7,28.39,85.93,0.33,False,,True,unattributed,20,evt_01-P05_upper_body_0039,8b5a21bfa005a049,pose_hand_context,,28655.7,3.78,,1,01/e1/v1,rtmpose_baseline
corpus_01,01.Candidate was found using a mobile phone in the examination hall..mkv,b842b03e5784d867e93770560d88150a526250df69077cd3065edbbd4c842098,dfine_sahi,97740.0,unknown_object,0.3315,717.19,416.86,738.63,434.01,367.6,21.44,17.15,1.25,False,,True,unattributed,20,evt_01-P05_upper_body_0039,8b5a21bfa005a049,pose_hand_context,,28655.7,3.78,,1,01/e1/v1,rtmpose_baseline
corpus_01,01.Candidate was found using a mobile phone in the examination hall..mkv,b842b03e5784d867e93770560d88150a526250df69077cd3065edbbd4c842098,dfine_sahi,97740.0,unknown_object,0.3247,713.01,476.47,728.94,525.87,787.0,15.93,49.4,0.322,False,,True,unattributed,20,evt_01-P05_upper_body_0039,8b5a21bfa005a049,pose_hand_context,,28655.7,3.78,,1,01/e1/v1,rtmpose_baseline
corpus_01,01.Candidate was found using a mobile phone in the examination hall..mkv,b842b03e5784d867e93770560d88150a526250df69077cd3065edbbd4c842098,dfine_sahi,97740.0,unknown_object,0.322,764.91,468.81,808.87,525.7,2500.7,43.96,56.89,0.773,False,,True,unattributed,20,evt_01-P05_upper_body_0039,8b5a21bfa005a049,pose_hand_context,,28655.7,3.78,,1,01/e1/v1,rtmpose_baseline
corpus_01,01.Candidate was found using a mobile phone in the examination hall..mkv,b842b03e5784d867e93770560d88150a526250df69077cd3065edbbd4c842098,dfine_sahi,97740.0,unknown_object,0.3098,746.0,503.53,771.31,525.94,567.2,25.31,22.41,1.129,False,,True,unattributed,20,evt_01-P05_upper_body_0039,8b5a21bfa005a049,pose_hand_context,,28655.7,3.78,,1,01/e1/v1,rtmpose_baseline
corpus_01,01.Candidate was found using a mobile phone in the examination hall..mkv,b842b03e5784d867e93770560d88150a526250df69077cd3065edbbd4c842098,dfine_sahi,97740.0,unknown_object,0.2651,743.35,428.55,773.0,450.75,658.3,29.66,22.2,1.336,False,,True,unattributed,20,evt_01-P05_upper_body_0039,8b5a21bfa005a049,pose_hand_context,,28655.7,3.78,,1,01/e1/v1,rtmpose_baseline
corpus_01,01.Candidate was found using a mobile phone in the examination hall..mkv,b842b03e5784d867e93770560d88150a526250df69077cd3065edbbd4c842098,dfine_sahi,97740.0,unknown_object,0.6199,706.28,417.25,775.02,582.3,11344.5,68.73,165.06,0.416,False,,True,unattributed,28,evt_01-P05_upper_body_0039,bed6c0760f4b439b,native_source_context_fallback,wrist_confidence_below_floor,33069.7,2.17,,1,01/e1/v1,rtmpose_baseline
corpus_01,01.Candidate was found using a mobile phone in the examination hall..mkv,b842b03e5784d867e93770560d88150a526250df69077cd3065edbbd4c842098,dfine_sahi,97740.0,unknown_object,0.5567,629.95,368.88,660.67,378.64,300.0,30.72,9.76,3.147,False,,True,unattributed,28,evt_01-P05_upper_body_0039,bed6c0760f4b439b,native_source_context_fallback,wrist_confidence_below_floor,33069.7,2.17,,1,01/e1/v1,rtmpose_baseline
corpus_01,01.Candidate was found using a mobile phone in the examination hall..mkv,b842b03e5784d867e93770560d88150a526250df69077cd3065edbbd4c842098,dfine_sahi,97740.0,unknown_object,0.4896,646.88,365.76,679.85,403.71,1250.8,32.97,37.94,0.869,False,,True,unattributed,28,evt_01-P05_upper_body_0039,bed6c0760f4b439b,native_source_context_fallback,wrist_confidence_below_floor,33069.7,2.17,,1,01/e1/v1,rtmpose_baseline
corpus_01,01.Candidate was found using a mobile phone in the examination hall..mkv,b842b03e5784d867e93770560d88150a526250df69077cd3065edbbd4c842098,dfine_sahi,97740.0,unknown_object,0.4679,629.82,418.49,690.88,582.24,9997.9,61.05,163.75,0.373,False,,True,unattributed,28,evt_01-P05_upper_body_0039,bed6c0760f4b439b,native_source_context_fallback,wrist_confidence_below_floor,33069.7,2.17,,1,01/e1/v1,rtmpose_baseline
corpus_01,01.Candidate was found using a mobile phone in the examination hall..mkv,b842b03e5784d867e93770560d88150a526250df69077cd3065edbbd4c842098,dfine_sahi,97740.0,unknown_object,0.4316,706.08,361.77,774.88,453.86,6335.9,68.8,92.09,0.747,False,,True,unattributed,28,evt_01-P05_upper_body_0039,bed6c0760f4b439b,native_source_context_fallback,wrist_confidence_below_floor,33069.7,2.17,,1,01/e1/v1,rtmpose_baseline
corpus_01,01.Candidate was found using a mobile phone in the examination hall..mkv,b842b03e5784d867e93770560d88150a526250df69077cd3065edbbd4c842098,dfine_sahi,97740.0,unknown_object,0.416,705.79,417.13,725.94,480.88,1284.6,20.15,63.75,0.316,False,,True,unattributed,28,evt_01-P05_upper_body_0039,bed6c0760f4b439b,native_source_context_fallback,wrist_confidence_below_floor,33069.7,2.17,,1,01/e1/v1,rtmpose_baseline
corpus_01,01.Candidate was found using a mobile phone in the examination hall..mkv,b842b03e5784d867e93770560d88150a526250df69077cd3065edbbd4c842098,dfine_sahi,97740.0,unknown_object,0.4025,629.86,522.32,690.78,582.87,3688.1,60.92,60.54,1.006,False,,True,unattributed,28,evt_01-P05_upper_body_0039,bed6c0760f4b439b,native_source_context_fallback,wrist_confidence_below_floor,33069.7,2.17,,1,01/e1/v1,rtmpose_baseline
corpus_01,01.Candidate was found using a mobile phone in the examination hall..mkv,b842b03e5784d867e93770560d88150a526250df69077cd3065edbbd4c842098,dfine_sahi,97740.0,unknown_object,0.357,629.93,364.91,679.67,421.95,2837.6,49.75,57.04,0.872,False,,True,unattributed,28,evt_01-P05_upper_body_0039,bed6c0760f4b439b,native_source_context_fallback,wrist_confidence_below_floor,33069.7,2.17,,1,01/e1/v1,rtmpose_baseline
corpus_01,01.Candidate was found using a mobile phone in the examination hall..mkv,b842b03e5784d867e93770560d88150a526250df69077cd3065edbbd4c842098,dfine_sahi,97740.0,unknown_object,0.3276,629.89,288.16,684.72,422.56,7369.6,54.83,134.41,0.408,False,,True,unattributed,28,evt_01-P05_upper_body_0039,bed6c0760f4b439b,native_source_context_fallback,wrist_confidence_below_floor,33069.7,2.17,,1,01/e1/v1,rtmpose_baseline
corpus_01,01.Candidate was found using a mobile phone in the examination hall..mkv,b842b03e5784d867e93770560d88150a526250df69077cd3065edbbd4c842098,dfine_sahi,97740.0,unknown_object,0.2976,646.88,290.46,687.62,568.35,11320.4,40.74,277.89,0.147,False,,True,unattributed,28,evt_01-P05_upper_body_0039,bed6c0760f4b439b,native_source_context_fallback,wrist_confidence_below_floor,33069.7,2.17,,1,01/e1/v1,rtmpose_baseline
corpus_01,01.Candidate was found using a mobile phone in the examination hall..mkv,b842b03e5784d867e93770560d88150a526250df69077cd3065edbbd4c842098,dfine_sahi,97740.0,unknown_object,0.2891,738.4,417.09,757.04,440.68,439.7,18.64,23.59,0.79,False,,True,unattributed,28,evt_01-P05_upper_body_0039,bed6c0760f4b439b,native_source_context_fallback,wrist_confidence_below_floor,33069.7,2.17,,1,01/e1/v1,rtmpose_baseline
corpus_01,01.Candidate was found using a mobile phone in the examination hall..mkv,b842b03e5784d867e93770560d88150a526250df69077cd3065edbbd4c842098,dfine_sahi,97740.0,unknown_object,0.2886,646.97,290.36,684.53,367.61,2901.5,37.56,77.25,0.486,False,,True,unattributed,28,evt_01-P05_upper_body_0039,bed6c0760f4b439b,native_source_context_fallback,wrist_confidence_below_floor,33069.7,2.17,,1,01/e1/v1,rtmpose_baseline
corpus_01,01.Candidate was found using a mobile phone in the examination hall..mkv,b842b03e5784d867e93770560d88150a526250df69077cd3065edbbd4c842098,dfine_sahi,97740.0,unknown_object,0.2699,646.88,368.8,660.48,378.1,126.5,13.61,9.3,1.463,False,,True,unattributed,28,evt_01-P05_upper_body_0039,bed6c0760f4b439b,native_source_context_fallback,wrist_confidence_below_floor,33069.7,2.17,,1,01/e1/v1,rtmpose_baseline
corpus_01,01.Candidate was found using a mobile phone in the examination hall..mkv,b842b03e5784d867e93770560d88150a526250df69077cd3065edbbd4c842098,dfine_sahi,97740.0,unknown_object,0.2685,677.18,318.22,711.35,361.51,1478.9,34.17,43.28,0.789,False,,True,unattributed,28,evt_01-P05_upper_body_0039,bed6c0760f4b439b,native_source_context_fallback,wrist_confidence_below_floor,33069.7,2.17,,1,01/e1/v1,rtmpose_baseline
corpus_01,01.Candidate was found using a mobile phone in the examination hall..mkv,b842b03e5784d867e93770560d88150a526250df69077cd3065edbbd4c842098,dfine_sahi,97740.0,unknown_object,0.2502,678.75,417.25,722.6,581.45,7201.6,43.86,164.21,0.267,False,,True,unattributed,28,evt_01-P05_upper_body_0039,bed6c0760f4b439b,native_source_context_fallback,wrist_confidence_below_floor,33069.7,2.17,,1,01/e1/v1,rtmpose_baseline
corpus_01,01.Candidate was found using a mobile phone in the examination hall..mkv,b842b03e5784d867e93770560d88150a526250df69077cd3065edbbd4c842098,dfine_sahi,98100.0,unknown_object,0.622,703.3,410.14,771.84,574.49,11264.2,68.54,164.35,0.417,False,,True,unattributed,28,evt_01-P01_desk_work_surface_0004,1a11f8620e36bd52,native_source_context_fallback,wrist_confidence_below_floor,28082.1,2.19,,1,01/e1/v1,rtmpose_baseline
corpus_01,01.Candidate was found using a mobile phone in the examination hall..mkv,b842b03e5784d867e93770560d88150a526250df69077cd3065edbbd4c842098,dfine_sahi,98100.0,bag,0.5723,702.69,357.85,729.88,446.81,2418.3,27.18,88.96,0.306,False,,True,unattributed,28,evt_01-P01_desk_work_surface_0004,1a11f8620e36bd52,native_source_context_fallback,wrist_confidence_below_floor,28082.1,2.19,,1,01/e1/v1,rtmpose_baseline
corpus_01,01.Candidate was found using a mobile phone in the examination hall..mkv,b842b03e5784d867e93770560d88150a526250df69077cd3065edbbd4c842098,dfine_sahi,98100.0,phone,0.5018,639.36,368.78,660.34,377.66,186.4,20.98,8.88,2.362,False,,True,unattributed,28,evt_01-P01_desk_work_surface_0004,1a11f8620e36bd52,native_source_context_fallback,wrist_confidence_below_floor,28082.1,2.19,,1,01/e1/v1,rtmpose_baseline
corpus_01,01.Candidate was found using a mobile phone in the examination hall..mkv,b842b03e5784d867e93770560d88150a526250df69077cd3065edbbd4c842098,dfine_sahi,98100.0,unknown_object,0.4838,703.25,410.12,729.93,464.81,1459.5,26.69,54.69,0.488,False,,True,unattributed,28,evt_01-P01_desk_work_surface_0004,1a11f8620e36bd52,native_source_context_fallback,wrist_confidence_below_floor,28082.1,2.19,,1,01/e1/v1,rtmpose_baseline
corpus_01,01.Candidate was found using a mobile phone in the examination hall..mkv,b842b03e5784d867e93770560d88150a526250df69077cd3065edbbd4c842098,dfine_sahi,98100.0,unknown_object,0.4809,685.68,410.23,739.15,573.32,8720.2,53.47,163.08,0.328,False,,True,unattributed,28,evt_01-P01_desk_work_surface_0004,1a11f8620e36bd52,native_source_context_fallback,wrist_confidence_below_floor,28082.1,2.19,,1,01/e1/v1,rtmpose_baseline
corpus_01,01.Candidate was found using a mobile phone in the examination hall..mkv,b842b03e5784d867e93770560d88150a526250df69077cd3065edbbd4c842098,dfine_sahi,98100.0,bag,0.4455,677.72,348.65,746.8,446.48,6757.7,69.08,97.83,0.706,False,,True,unattributed,28,evt_01-P01_desk_work_surface_0004,1a11f8620e36bd52,native_source_context_fallback,wrist_confidence_below_floor,28082.1,2.19,,1,01/e1/v1,rtmpose_baseline
corpus_01,01.Candidate was found using a mobile phone in the examination hall..mkv,b842b03e5784d867e93770560d88150a526250df69077cd3065edbbd4c842098,dfine_sahi,98100.0,unknown_object,0.3676,655.01,365.7,683.39,396.63,877.9,28.39,30.93,0.918,False,,True,unattributed,28,evt_01-P01_desk_work_surface_0004,1a11f8620e36bd52,native_source_context_fallback,wrist_confidence_below_floor,28082.1,2.19,,1,01/e1/v1,rtmpose_baseline
corpus_01,01.Candidate was found using a mobile phone in the examination hall..mkv,b842b03e5784d867e93770560d88150a526250df69077cd3065edbbd4c842098,dfine_sahi,98100.0,bag,0.3577,710.37,348.38,745.86,360.29,422.4,35.48,11.9,2.981,False,,True,unattributed,28,evt_01-P01_desk_work_surface_0004,1a11f8620e36bd52,native_source_context_fallback,wrist_confidence_below_floor,28082.1,2.19,,1,01/e1/v1,rtmpose_baseline
corpus_01,01.Candidate was found using a mobile phone in the examination hall..mkv,b842b03e5784d867e93770560d88150a526250df69077cd3065edbbd4c842098,dfine_sahi,98100.0,unknown_object,0.3114,633.9,364.82,684.01,446.11,4073.7,50.11,81.29,0.616,False,,True,unattributed,28,evt_01-P01_desk_work_surface_0004,1a11f8620e36bd52,native_source_context_fallback,wrist_confidence_below_floor,28082.1,2.19,,1,01/e1/v1,rtmpose_baseline
corpus_01,01.Candidate was found using a mobile phone in the examination hall..mkv,b842b03e5784d867e93770560d88150a526250df69077cd3065edbbd4c842098,dfine_sahi,98100.0,bag,0.2908,708.69,348.46,745.75,384.59,1338.9,37.06,36.13,1.026,False,,True,unattributed,28,evt_01-P01_desk_work_surface_0004,1a11f8620e36bd52,native_source_context_fallback,wrist_confidence_below_floor,28082.1,2.19,,1,01/e1/v1,rtmpose_baseline
corpus_01,01.Candidate was found using a mobile phone in the examination hall..mkv,b842b03e5784d867e93770560d88150a526250df69077cd3065edbbd4c842098,dfine_sahi,98100.0,bag,0.2896,638.21,415.06,688.7,446.97,1611.1,50.48,31.91,1.582,False,,True,unattributed,28,evt_01-P01_desk_work_surface_0004,1a11f8620e36bd52,native_source_context_fallback,wrist_confidence_below_floor,28082.1,2.19,,1,01/e1/v1,rtmpose_baseline
corpus_01,01.Candidate was found using a mobile phone in the examination hall..mkv,b842b03e5784d867e93770560d88150a526250df69077cd3065edbbd4c842098,dfine_sahi,98100.0,unknown_object,0.2595,655.03,368.96,660.5,377.13,44.7,5.47,8.17,0.67,True,object footprint 45 px is under the 120 px floor for a call,False,unattributed,28,evt_01-P01_desk_work_surface_0004,1a11f8620e36bd52,native_source_context_fallback,wrist_confidence_below_floor,28082.1,2.19,,1,01/e1/v1,rtmpose_baseline
corpus_01,01.Candidate was found using a mobile phone in the examination hall..mkv,b842b03e5784d867e93770560d88150a526250df69077cd3065edbbd4c842098,dfine_sahi,98100.0,unknown_object,0.62,711.03,447.09,739.15,514.68,1900.9,28.12,67.59,0.416,False,,True,unattributed,20,evt_01-P01_desk_work_surface_0004,71abbb5fd0c7d14e,pose_hand_context,,33959.1,3.47,,1,01/e1/v1,rtmpose_baseline
corpus_01,01.Candidate was found using a mobile phone in the examination hall..mkv,b842b03e5784d867e93770560d88150a526250df69077cd3065edbbd4c842098,dfine_sahi,98100.0,unknown_object,0.5543,797.2,345.71,815.0,380.52,619.6,17.8,34.81,0.511,False,,True,unattributed,20,evt_01-P01_desk_work_surface_0004,71abbb5fd0c7d14e,pose_hand_context,,33959.1,3.47,,1,01/e1/v1,rtmpose_baseline
corpus_01,01.Candidate was found using a mobile phone in the examination hall..mkv,b842b03e5784d867e93770560d88150a526250df69077cd3065edbbd4c842098,dfine_sahi,98100.0,unknown_object,0.5531,749.08,331.22,814.91,386.49,3638.4,65.82,55.28,1.191,False,,True,unattributed,20,evt_01-P01_desk_work_surface_0004,71abbb5fd0c7d14e,pose_hand_context,,33959.1,3.47,,1,01/e1/v1,rtmpose_baseline
corpus_01,01.Candidate was found using a mobile phone in the examination hall..mkv,b842b03e5784d867e93770560d88150a526250df69077cd3065edbbd4c842098,dfine_sahi,98100.0,unknown_object,0.5512,711.07,331.32,814.91,432.94,10552.7,103.84,101.62,1.022,False,,True,unattributed,20,evt_01-P01_desk_work_surface_0004,71abbb5fd0c7d14e,pose_hand_context,,33959.1,3.47,,1,01/e1/v1,rtmpose_baseline
corpus_01,01.Candidate was found using a mobile phone in the examination hall..mkv,b842b03e5784d867e93770560d88150a526250df69077cd3065edbbd4c842098,dfine_sahi,98100.0,unknown_object,0.4805,703.73,411.1,734.0,464.62,1619.8,30.27,53.52,0.565,False,,True,unattributed,20,evt_01-P01_desk_work_surface_0004,71abbb5fd0c7d14e,pose_hand_context,,33959.1,3.47,,1,01/e1/v1,rtmpose_baseline
corpus_01,01.Candidate was found using a mobile phone in the examination hall..mkv,b842b03e5784d867e93770560d88150a526250df69077cd3065edbbd4c842098,dfine_sahi,98100.0,unknown_object,0.4587,686.97,411.13,733.95,514.55,4858.8,46.98,103.42,0.454,False,,True,unattributed,20,evt_01-P01_desk_work_surface_0004,71abbb5fd0c7d14e,pose_hand_context,,33959.1,3.47,,1,01/e1/v1,rtmpose_baseline
corpus_01,01.Candidate was found using a mobile phone in the examination hall..mkv,b842b03e5784d867e93770560d88150a526250df69077cd3065edbbd4c842098,dfine_sahi,98100.0,unknown_object,0.4405,727.54,411.41,814.94,514.6,9019.0,87.4,103.19,0.847,False,,True,unattributed,20,evt_01-P01_desk_work_surface_0004,71abbb5fd0c7d14e,pose_hand_context,,33959.1,3.47,,1,01/e1/v1,rtmpose_baseline
corpus_01,01.Candidate was found using a mobile phone in the examination hall..mkv,b842b03e5784d867e93770560d88150a526250df69077cd3065edbbd4c842098,dfine_sahi,98100.0,mouse,0.4346,639.32,368.9,660.31,377.5,180.6,20.99,8.6,2.441,False,,True,unattributed,20,evt_01-P01_desk_work_surface_0004,71abbb5fd0c7d14e,pose_hand_context,,33959.1,3.47,,1,01/e1/v1,rtmpose_baseline
corpus_01,01.Candidate was found using a mobile phone in the examination hall..mkv,b842b03e5784d867e93770560d88150a526250df69077cd3065edbbd4c842098,dfine_sahi,98100.0,unknown_object,0.3887,630.01,364.98,683.78,427.18,3345.0,53.77,62.2,0.864,False,,True,unattributed,20,evt_01-P01_desk_work_surface_0004,71abbb5fd0c7d14e,pose_hand_context,,33959.1,3.47,,1,01/e1/v1,rtmpose_baseline
corpus_01,01.Candidate was found using a mobile phone in the examination hall..mkv,b842b03e5784d867e93770560d88150a526250df69077cd3065edbbd4c842098,dfine_sahi,98100.0,unknown_object,0.3587,629.98,331.11,713.87,431.68,8436.5,83.89,100.57,0.834,False,,True,unattributed,20,evt_01-P01_desk_work_surface_0004,71abbb5fd0c7d14e,pose_hand_context,,33959.1,3.47,,1,01/e1/v1,rtmpose_baseline
corpus_01,01.Candidate was found using a mobile phone in the examination hall..mkv,b842b03e5784d867e93770560d88150a526250df69077cd3065edbbd4c842098,dfine_sahi,98100.0,unknown_object,0.3107,711.05,408.34,735.95,433.48,625.8,24.89,25.14,0.99,False,,True,unattributed,20,evt_01-P01_desk_work_surface_0004,71abbb5fd0c7d14e,pose_hand_context,,33959.1,3.47,,1,01/e1/v1,rtmpose_baseline
corpus_01,01.Candidate was found using a mobile phone in the examination hall..mkv,b842b03e5784d867e93770560d88150a526250df69077cd3065edbbd4c842098,dfine_sahi,98100.0,unknown_object,0.3039,630.0,363.89,683.91,510.17,7885.7,53.91,146.29,0.368,False,,True,unattributed,20,evt_01-P01_desk_work_surface_0004,71abbb5fd0c7d14e,pose_hand_context,,33959.1,3.47,,1,01/e1/v1,rtmpose_baseline
corpus_01,01.Candidate was found using a mobile phone in the examination hall..mkv,b842b03e5784d867e93770560d88150a526250df69077cd3065edbbd4c842098,dfine_sahi,98100.0,unknown_object,0.3016,630.03,368.76,660.49,378.87,307.9,30.46,10.11,3.014,False,,True,unattributed,20,evt_01-P01_desk_work_surface_0004,71abbb5fd0c7d14e,pose_hand_context,,33959.1,3.47,,1,01/e1/v1,rtmpose_baseline
corpus_01,01.Candidate was found using a mobile phone in the examination hall..mkv,b842b03e5784d867e93770560d88150a526250df69077cd3065edbbd4c842098,dfine_sahi,98100.0,bag,0.7428,703.24,350.38,751.99,434.77,4113.6,48.75,84.39,0.578,False,,True,unattributed,27,evt_01-P01_desk_work_surface_0004,f79b92f495320be0,native_source_context_fallback,wrist_confidence_below_floor,14279.0,4.19,,1,01/e1/v1,rtmpose_baseline
corpus_01,01.Candidate was found using a mobile phone in the examination hall..mkv,b842b03e5784d867e93770560d88150a526250df69077cd3065edbbd4c842098,dfine_sahi,98100.0,unknown_object,0.5938,703.42,352.53,771.98,439.76,5980.8,68.56,87.23,0.786,False,,True,unattributed,27,evt_01-P01_desk_work_surface_0004,f79b92f495320be0,native_source_context_fallback,wrist_confidence_below_floor,14279.0,4.19,,1,01/e1/v1,rtmpose_baseline
corpus_01,01.Candidate was found using a mobile phone in the examination hall..mkv,b842b03e5784d867e93770560d88150a526250df69077cd3065edbbd4c842098,dfine_sahi,98100.0,mouse,0.5595,639.47,368.86,660.13,377.51,178.7,20.66,8.65,2.388,False,,True,unattributed,27,evt_01-P01_desk_work_surface_0004,f79b92f495320be0,native_source_context_fallback,wrist_confidence_below_floor,14279.0,4.19,,1,01/e1/v1,rtmpose_baseline
corpus_01,01.Candidate was found using a mobile phone in the examination hall..mkv,b842b03e5784d867e93770560d88150a526250df69077cd3065edbbd4c842098,dfine_sahi,98100.0,unknown_object,0.4453,635.0,364.92,684.03,438.31,3598.5,49.03,73.39,0.668,False,,True,unattributed,27,evt_01-P01_desk_work_surface_0004,f79b92f495320be0,native_source_context_fallback,wrist_confidence_below_floor,14279.0,4.19,,1,01/e1/v1,rtmpose_baseline
corpus_01,01.Candidate was found using a mobile phone in the examination hall..mkv,b842b03e5784d867e93770560d88150a526250df69077cd3065edbbd4c842098,dfine_sahi,98100.0,stationery,0.3606,635.01,365.17,683.71,419.35,2638.7,48.7,54.18,0.899,False,,True,unattributed,27,evt_01-P01_desk_work_surface_0004,f79b92f495320be0,native_source_context_fallback,wrist_confidence_below_floor,14279.0,4.19,,1,01/e1/v1,rtmpose_baseline
corpus_01,01.Candidate was found using a mobile phone in the examination hall..mkv,b842b03e5784d867e93770560d88150a526250df69077cd3065edbbd4c842098,dfine_sahi,98100.0,unknown_object,0.338,635.01,365.45,683.11,372.98,361.9,48.11,7.52,6.394,False,,True,unattributed,27,evt_01-P01_desk_work_surface_0004,f79b92f495320be0,native_source_context_fallback,wrist_confidence_below_floor,14279.0,4.19,,1,01/e1/v1,rtmpose_baseline
corpus_01,01.Candidate was found using a mobile phone in the examination hall..mkv,b842b03e5784d867e93770560d88150a526250df69077cd3065edbbd4c842098,dfine_sahi,98100.0,unknown_object,0.3195,635.01,284.82,685.23,367.36,4145.1,50.22,82.54,0.608,False,,True,unattributed,27,evt_01-P01_desk_work_surface_0004,f79b92f495320be0,native_source_context_fallback,wrist_confidence_below_floor,14279.0,4.19,,1,01/e1/v1,rtmpose_baseline
corpus_01,01.Candidate was found using a mobile phone in the examination hall..mkv,b842b03e5784d867e93770560d88150a526250df69077cd3065edbbd4c842098,dfine_sahi,98100.0,unknown_object,0.2728,676.05,315.95,713.15,367.27,1904.3,37.1,51.33,0.723,False,,True,unattributed,27,evt_01-P01_desk_work_surface_0004,f79b92f495320be0,native_source_context_fallback,wrist_confidence_below_floor,14279.0,4.19,,1,01/e1/v1,rtmpose_baseline
corpus_01,01.Candidate was found using a mobile phone in the examination hall..mkv,b842b03e5784d867e93770560d88150a526250df69077cd3065edbbd4c842098,dfine_sahi,98100.0,unknown_object,0.2562,656.0,365.77,683.56,396.75,853.8,27.56,30.98,0.89,False,,True,unattributed,27,evt_01-P01_desk_work_surface_0004,f79b92f495320be0,native_source_context_fallback,wrist_confidence_below_floor,14279.0,4.19,,1,01/e1/v1,rtmpose_baseline
corpus_01,01.Candidate was found using a mobile phone in the examination hall..mkv,b842b03e5784d867e93770560d88150a526250df69077cd3065edbbd4c842098,dfine_sahi,98620.0,unknown_object,0.7814,612.84,368.76,660.36,380.38,552.0,47.52,11.62,4.091,False,,True,unattributed,28,evt_01-P01_upper_body_0008,1daaddda17c52e86,pose_hand_context,,13174.4,5.58,,1,01/e1/v1,rtmpose_baseline
corpus_01,01.Candidate was found using a mobile phone in the examination hall..mkv,b842b03e5784d867e93770560d88150a526250df69077cd3065edbbd4c842098,dfine_sahi,98620.0,unknown_object,0.7337,595.09,335.15,690.85,430.13,9095.7,95.76,94.98,1.008,False,,True,unattributed,28,evt_01-P01_upper_body_0008,1daaddda17c52e86,pose_hand_context,,13174.4,5.58,,1,01/e1/v1,rtmpose_baseline
corpus_01,01.Candidate was found using a mobile phone in the examination hall..mkv,b842b03e5784d867e93770560d88150a526250df69077cd3065edbbd4c842098,dfine_sahi,98620.0,unknown_object,0.5246,690.63,408.09,714.55,480.58,1733.8,23.92,72.49,0.33,False,,True,unattributed,28,evt_01-P01_upper_body_0008,1daaddda17c52e86,pose_hand_context,,13174.4,5.58,,1,01/e1/v1,rtmpose_baseline
corpus_01,01.Candidate was found using a mobile phone in the examination hall..mkv,b842b03e5784d867e93770560d88150a526250df69077cd3065edbbd4c842098,dfine_sahi,98620.0,unknown_object,0.4696,645.0,368.74,660.13,377.21,128.2,15.13,8.47,1.785,False,,True,unattributed,28,evt_01-P01_upper_body_0008,1daaddda17c52e86,pose_hand_context,,13174.4,5.58,,1,01/e1/v1,rtmpose_baseline
corpus_01,01.Candidate was found using a mobile phone in the examination hall..mkv,b842b03e5784d867e93770560d88150a526250df69077cd3065edbbd4c842098,dfine_sahi,98620.0,unknown_object,0.4028,644.96,345.64,700.11,429.09,4602.1,55.15,83.45,0.661,False,,True,unattributed,28,evt_01-P01_upper_body_0008,1daaddda17c52e86,pose_hand_context,,13174.4,5.58,,1,01/e1/v1,rtmpose_baseline
corpus_01,01.Candidate was found using a mobile phone in the examination hall..mkv,b842b03e5784d867e93770560d88150a526250df69077cd3065edbbd4c842098,dfine_sahi,98620.0,unknown_object,0.2857,594.96,385.1,674.02,479.91,7494.8,79.06,94.8,0.834,False,,True,unattributed,28,evt_01-P01_upper_body_0008,1daaddda17c52e86,pose_hand_context,,13174.4,5.58,,1,01/e1/v1,rtmpose_baseline
corpus_01,01.Candidate was found using a mobile phone in the examination hall..mkv,b842b03e5784d867e93770560d88150a526250df69077cd3065edbbd4c842098,dfine_sahi,98620.0,unknown_object,0.2772,595.0,427.07,620.04,456.48,736.6,25.04,29.42,0.851,False,,True,unattributed,28,evt_01-P01_upper_body_0008,1daaddda17c52e86,pose_hand_context,,13174.4,5.58,,1,01/e1/v1,rtmpose_baseline
corpus_01,01.Candidate was found using a mobile phone in the examination hall..mkv,b842b03e5784d867e93770560d88150a526250df69077cd3065edbbd4c842098,dfine_sahi,98620.0,unknown_object,0.2732,595.07,385.07,667.6,430.3,3280.5,72.53,45.23,1.603,False,,True,unattributed,28,evt_01-P01_upper_body_0008,1daaddda17c52e86,pose_hand_context,,13174.4,5.58,,1,01/e1/v1,rtmpose_baseline
corpus_01,01.Candidate was found using a mobile phone in the examination hall..mkv,b842b03e5784d867e93770560d88150a526250df69077cd3065edbbd4c842098,dfine_sahi,98620.0,monitor_or_bezel,0.2571,645.02,385.05,669.04,408.77,569.9,24.02,23.72,1.013,False,,True,unattributed,28,evt_01-P01_upper_body_0008,1daaddda17c52e86,pose_hand_context,,13174.4,5.58,,1,01/e1/v1,rtmpose_baseline
corpus_01,01.Candidate was found using a mobile phone in the examination hall..mkv,b842b03e5784d867e93770560d88150a526250df69077cd3065edbbd4c842098,dfine_sahi,98620.0,unknown_object,0.2554,633.77,411.43,690.98,480.37,3944.1,57.21,68.94,0.83,False,,True,unattributed,28,evt_01-P01_upper_body_0008,1daaddda17c52e86,pose_hand_context,,13174.4,5.58,,1,01/e1/v1,rtmpose_baseline
corpus_01,01.Candidate was found using a mobile phone in the examination hall..mkv,b842b03e5784d867e93770560d88150a526250df69077cd3065edbbd4c842098,dfine_sahi,98620.0,unknown_object,0.6699,726.04,378.3,791.84,474.49,6329.6,65.8,96.2,0.684,False,,True,unattributed,20,evt_01-P01_upper_body_0008,41e6582d3a372e79,pose_hand_context,,29515.2,3.73,,1,01/e1/v1,rtmpose_baseline
corpus_01,01.Candidate was found using a mobile phone in the examination hall..mkv,b842b03e5784d867e93770560d88150a526250df69077cd3065edbbd4c842098,dfine_sahi,98620.0,unknown_object,0.5335,801.25,378.24,892.23,474.58,8765.8,90.98,96.35,0.944,False,,True,unattributed,20,evt_01-P01_upper_body_0008,41e6582d3a372e79,pose_hand_context,,29515.2,3.73,,1,01/e1/v1,rtmpose_baseline
corpus_01,01.Candidate was found using a mobile phone in the examination hall..mkv,b842b03e5784d867e93770560d88150a526250df69077cd3065edbbd4c842098,dfine_sahi,98620.0,unknown_object,0.5199,725.95,325.51,781.29,399.65,4102.3,55.34,74.13,0.746,False,,True,unattributed,20,evt_01-P01_upper_body_0008,41e6582d3a372e79,pose_hand_context,,29515.2,3.73,,1,01/e1/v1,rtmpose_baseline
corpus_01,01.Candidate was found using a mobile phone in the examination hall..mkv,b842b03e5784d867e93770560d88150a526250df69077cd3065edbbd4c842098,dfine_sahi,98620.0,unknown_object,0.4804,779.16,312.14,821.92,399.67,3742.8,42.76,87.53,0.489,False,,True,unattributed,20,evt_01-P01_upper_body_0008,41e6582d3a372e79,pose_hand_context,,29515.2,3.73,,1,01/e1/v1,rtmpose_baseline
corpus_01,01.Candidate was found using a mobile phone in the examination hall..mkv,b842b03e5784d867e93770560d88150a526250df69077cd3065edbbd4c842098,dfine_sahi,98620.0,unknown_object,0.4203,824.49,303.1,896.0,347.07,3144.7,71.52,43.97,1.626,False,,True,unattributed,20,evt_01-P01_upper_body_0008,41e6582d3a372e79,pose_hand_context,,29515.2,3.73,,1,01/e1/v1,rtmpose_baseline
corpus_01,01.Candidate was found using a mobile phone in the examination hall..mkv,b842b03e5784d867e93770560d88150a526250df69077cd3065edbbd4c842098,dfine_sahi,98620.0,unknown_object,0.4092,801.17,303.64,896.97,399.65,9197.9,95.8,96.01,0.998,False,,True,unattributed,20,evt_01-P01_upper_body_0008,41e6582d3a372e79,pose_hand_context,,29515.2,3.73,,1,01/e1/v1,rtmpose_baseline
corpus_01,01.Candidate was found using a mobile phone in the examination hall..mkv,b842b03e5784d867e93770560d88150a526250df69077cd3065edbbd4c842098,dfine_sahi,98620.0,unknown_object,0.2666,781.87,406.43,803.52,448.72,916.0,21.66,42.29,0.512,False,,True,unattributed,20,evt_01-P01_upper_body_0008,41e6582d3a372e79,pose_hand_context,,29515.2,3.73,,1,01/e1/v1,rtmpose_baseline
corpus_01,01.Candidate was found using a mobile phone in the examination hall..mkv,b842b03e5784d867e93770560d88150a526250df69077cd3065edbbd4c842098,dfine_sahi,98620.0,unknown_object,0.2546,858.07,312.97,896.84,398.73,3325.6,38.78,85.76,0.452,False,,True,unattributed,20,evt_01-P01_upper_body_0008,41e6582d3a372e79,pose_hand_context,,29515.2,3.73,,1,01/e1/v1,rtmpose_baseline
corpus_01,01.Candidate was found using a mobile phone in the examination hall..mkv,b842b03e5784d867e93770560d88150a526250df69077cd3065edbbd4c842098,dfine_sahi,98660.0,unknown_object,0.6365,730.01,373.3,793.76,468.41,6063.6,63.75,95.11,0.67,False,,True,unattributed,20,evt_01-P04_desk_work_surface_0027,2dac33bef600f6cd,pose_hand_context,,29247.8,3.74,,1,01/e1/v1,rtmpose_baseline
corpus_01,01.Candidate was found using a mobile phone in the examination hall..mkv,b842b03e5784d867e93770560d88150a526250df69077cd3065edbbd4c842098,dfine_sahi,98660.0,unknown_object,0.6301,826.63,298.13,883.56,340.86,2432.8,56.93,42.74,1.332,False,,True,unattributed,20,evt_01-P04_desk_work_surface_0027,2dac33bef600f6cd,pose_hand_context,,29247.8,3.74,,1,01/e1/v1,rtmpose_baseline
corpus_01,01.Candidate was found using a mobile phone in the examination hall..mkv,b842b03e5784d867e93770560d88150a526250df69077cd3065edbbd4c842098,dfine_sahi,98660.0,unknown_object,0.549,729.97,325.48,781.99,394.66,3599.0,52.02,69.19,0.752,False,,True,unattributed,20,evt_01-P04_desk_work_surface_0027,2dac33bef600f6cd,pose_hand_context,,29247.8,3.74,,1,01/e1/v1,rtmpose_baseline
corpus_01,01.Candidate was found using a mobile phone in the examination hall..mkv,b842b03e5784d867e93770560d88150a526250df69077cd3065edbbd4c842098,dfine_sahi,98660.0,unknown_object,0.4949,782.56,308.55,825.92,394.67,3734.8,43.37,86.12,0.504,False,,True,unattributed,20,evt_01-P04_desk_work_surface_0027,2dac33bef600f6cd,pose_hand_context,,29247.8,3.74,,1,01/e1/v1,rtmpose_baseline
corpus_01,01.Candidate was found using a mobile phone in the examination hall..mkv,b842b03e5784d867e93770560d88150a526250df69077cd3065edbbd4c842098,dfine_sahi,98660.0,unknown_object,0.4713,779.26,373.22,812.18,467.37,3100.1,32.93,94.15,0.35,False,,True,unattributed,20,evt_01-P04_desk_work_surface_0027,2dac33bef600f6cd,pose_hand_context,,29247.8,3.74,,1,01/e1/v1,rtmpose_baseline
corpus_01,01.Candidate was found using a mobile phone in the examination hall..mkv,b842b03e5784d867e93770560d88150a526250df69077cd3065edbbd4c842098,dfine_sahi,98660.0,unknown_object,0.4551,805.0,298.42,901.04,394.58,9235.4,96.04,96.16,0.999,False,,True,unattributed,20,evt_01-P04_desk_work_surface_0027,2dac33bef600f6cd,pose_hand_context,,29247.8,3.74,,1,01/e1/v1,rtmpose_baseline
corpus_01,01.Candidate was found using a mobile phone in the examination hall..mkv,b842b03e5784d867e93770560d88150a526250df69077cd3065edbbd4c842098,dfine_sahi,98660.0,unknown_object,0.419,805.24,373.34,897.3,468.61,8771.9,92.07,95.28,0.966,False,,True,unattributed,20,evt_01-P04_desk_work_surface_0027,2dac33bef600f6cd,pose_hand_context,,29247.8,3.74,,1,01/e1/v1,rtmpose_baseline
corpus_01,01.Candidate was found using a mobile phone in the examination hall..mkv,b842b03e5784d867e93770560d88150a526250df69077cd3065edbbd4c842098,dfine_sahi,98660.0,unknown_object,0.3516,795.3,383.89,826.01,468.6,2601.3,30.71,84.71,0.363,False,,True,unattributed,20,evt_01-P04_desk_work_surface_0027,2dac33bef600f6cd,pose_hand_context,,29247.8,3.74,,1,01/e1/v1,rtmpose_baseline
corpus_01,01.Candidate was found using a mobile phone in the examination hall..mkv,b842b03e5784d867e93770560d88150a526250df69077cd3065edbbd4c842098,dfine_sahi,98660.0,phone,0.3442,883.02,426.66,900.98,468.82,756.7,17.95,42.16,0.426,False,,True,unattributed,20,evt_01-P04_desk_work_surface_0027,2dac33bef600f6cd,pose_hand_context,,29247.8,3.74,,1,01/e1/v1,rtmpose_baseline
corpus_01,01.Candidate was found using a mobile phone in the examination hall..mkv,b842b03e5784d867e93770560d88150a526250df69077cd3065edbbd4c842098,dfine_sahi,98660.0,unknown_object,0.2623,855.29,351.26,870.94,377.04,403.2,15.64,25.78,0.607,False,,True,unattributed,20,evt_01-P04_desk_work_surface_0027,2dac33bef600f6cd,pose_hand_context,,29247.8,3.74,,1,01/e1/v1,rtmpose_baseline
corpus_01,01.Candidate was found using a mobile phone in the examination hall..mkv,b842b03e5784d867e93770560d88150a526250df69077cd3065edbbd4c842098,dfine_sahi,98660.0,unknown_object,0.2596,885.16,359.66,900.98,394.85,556.9,15.82,35.2,0.45,False,,True,unattributed,20,evt_01-P04_desk_work_surface_0027,2dac33bef600f6cd,pose_hand_context,,29247.8,3.74,,1,01/e1/v1,rtmpose_baseline
corpus_01,01.Candidate was found using a mobile phone in the examination hall..mkv,b842b03e5784d867e93770560d88150a526250df69077cd3065edbbd4c842098,dfine_sahi,98660.0,unknown_object,0.7705,596.01,335.19,691.95,430.13,9109.2,95.94,94.94,1.011,False,,True,unattributed,28,evt_01-P04_desk_work_surface_0027,9661ef173ef7889b,pose_hand_context,,12895.9,5.64,,1,01/e1/v1,rtmpose_baseline
corpus_01,01.Candidate was found using a mobile phone in the examination hall..mkv,b842b03e5784d867e93770560d88150a526250df69077cd3065edbbd4c842098,dfine_sahi,98660.0,unknown_object,0.76,613.63,368.78,660.34,380.4,542.5,46.7,11.62,4.021,False,,True,unattributed,28,evt_01-P04_desk_work_surface_0027,9661ef173ef7889b,pose_hand_context,,12895.9,5.64,,1,01/e1/v1,rtmpose_baseline
corpus_01,01.Candidate was found using a mobile phone in the examination hall..mkv,b842b03e5784d867e93770560d88150a526250df69077cd3065edbbd4c842098,dfine_sahi,98660.0,unknown_object,0.4759,645.01,368.72,660.16,377.22,128.8,15.15,8.5,1.782,False,,True,unattributed,28,evt_01-P04_desk_work_surface_0027,9661ef173ef7889b,pose_hand_context,,12895.9,5.64,,1,01/e1/v1,rtmpose_baseline
corpus_01,01.Candidate was found using a mobile phone in the examination hall..mkv,b842b03e5784d867e93770560d88150a526250df69077cd3065edbbd4c842098,dfine_sahi,98660.0,unknown_object,0.3769,690.89,408.01,715.28,480.58,1769.7,24.38,72.57,0.336,False,,True,unattributed,28,evt_01-P04_desk_work_surface_0027,9661ef173ef7889b,pose_hand_context,,12895.9,5.64,,1,01/e1/v1,rtmpose_baseline
corpus_01,01.Candidate was found using a mobile phone in the examination hall..mkv,b842b03e5784d867e93770560d88150a526250df69077cd3065edbbd4c842098,dfine_sahi,98660.0,unknown_object,0.3739,645.02,354.08,702.44,429.88,4352.8,57.42,75.8,0.758,False,,True,unattributed,28,evt_01-P04_desk_work_surface_0027,9661ef173ef7889b,pose_hand_context,,12895.9,5.64,,1,01/e1/v1,rtmpose_baseline
corpus_01,01.Candidate was found using a mobile phone in the examination hall..mkv,b842b03e5784d867e93770560d88150a526250df69077cd3065edbbd4c842098,dfine_sahi,98660.0,unknown_object,0.3214,596.0,427.1,620.16,455.69,690.9,24.16,28.59,0.845,False,,True,unattributed,28,evt_01-P04_desk_work_surface_0027,9661ef173ef7889b,pose_hand_context,,12895.9,5.64,,1,01/e1/v1,rtmpose_baseline
corpus_01,01.Candidate was found using a mobile phone in the examination hall..mkv,b842b03e5784d867e93770560d88150a526250df69077cd3065edbbd4c842098,dfine_sahi,98660.0,unknown_object,0.2921,612.02,358.93,700.13,463.9,9249.9,88.11,104.98,0.839,False,,True,unattributed,28,evt_01-P04_desk_work_surface_0027,9661ef173ef7889b,pose_hand_context,,12895.9,5.64,,1,01/e1/v1,rtmpose_baseline
corpus_01,01.Candidate was found using a mobile phone in the examination hall..mkv,b842b03e5784d867e93770560d88150a526250df69077cd3065edbbd4c842098,dfine_sahi,98660.0,unknown_object,0.2902,633.73,423.2,691.92,480.46,3332.2,58.2,57.26,1.016,False,,True,unattributed,28,evt_01-P04_desk_work_surface_0027,9661ef173ef7889b,pose_hand_context,,12895.9,5.64,,1,01/e1/v1,rtmpose_baseline
corpus_01,01.Candidate was found using a mobile phone in the examination hall..mkv,b842b03e5784d867e93770560d88150a526250df69077cd3065edbbd4c842098,dfine_sahi,98660.0,monitor_or_bezel,0.2826,645.01,385.03,670.87,408.66,611.0,25.85,23.63,1.094,False,,True,unattributed,28,evt_01-P04_desk_work_surface_0027,9661ef173ef7889b,pose_hand_context,,12895.9,5.64,,1,01/e1/v1,rtmpose_baseline
corpus_01,01.Candidate was found using a mobile phone in the examination hall..mkv,b842b03e5784d867e93770560d88150a526250df69077cd3065edbbd4c842098,dfine_sahi,98660.0,unknown_object,0.2699,596.1,385.06,668.18,430.24,3256.0,72.08,45.17,1.596,False,,True,unattributed,28,evt_01-P04_desk_work_surface_0027,9661ef173ef7889b,pose_hand_context,,12895.9,5.64,,1,01/e1/v1,rtmpose_baseline
corpus_01,01.Candidate was found using a mobile phone in the examination hall..mkv,b842b03e5784d867e93770560d88150a526250df69077cd3065edbbd4c842098,dfine_sahi,98660.0,keyboard,0.2684,645.01,385.47,675.92,429.25,1353.1,30.9,43.79,0.706,False,,True,unattributed,28,evt_01-P04_desk_work_surface_0027,9661ef173ef7889b,pose_hand_context,,12895.9,5.64,,1,01/e1/v1,rtmpose_baseline
corpus_01,01.Candidate was found using a mobile phone in the examination hall..mkv,b842b03e5784d867e93770560d88150a526250df69077cd3065edbbd4c842098,dfine_sahi,98660.0,unknown_object,0.2601,609.69,455.11,639.05,480.66,750.3,29.36,25.55,1.149,False,,True,unattributed,28,evt_01-P04_desk_work_surface_0027,9661ef173ef7889b,pose_hand_context,,12895.9,5.64,,1,01/e1/v1,rtmpose_baseline
corpus_01,01.Candidate was found using a mobile phone in the examination hall..mkv,b842b03e5784d867e93770560d88150a526250df69077cd3065edbbd4c842098,dfine_sahi,98660.0,unknown_object,0.2564,596.0,385.38,675.9,479.8,7544.4,79.9,94.42,0.846,False,,True,unattributed,28,evt_01-P04_desk_work_surface_0027,9661ef173ef7889b,pose_hand_context,,12895.9,5.64,,1,01/e1/v1,rtmpose_baseline
corpus_01,01.Candidate was found using a mobile phone in the examination hall..mkv,b842b03e5784d867e93770560d88150a526250df69077cd3065edbbd4c842098,dfine_sahi,98700.0,unknown_object,0.7175,735.01,369.26,792.83,464.44,5503.4,57.82,95.18,0.607,False,,True,unattributed,20,evt_01-P05_desk_work_surface_0036,2ad256169b21c7cc,pose_hand_context,,27086.6,3.89,,1,01/e1/v1,rtmpose_baseline
corpus_01,01.Candidate was found using a mobile phone in the examination hall..mkv,b842b03e5784d867e93770560d88150a526250df69077cd3065edbbd4c842098,dfine_sahi,98700.0,unknown_object,0.683,807.14,297.61,902.88,392.65,9099.5,95.75,95.04,1.007,False,,True,unattributed,20,evt_01-P05_desk_work_surface_0036,2ad256169b21c7cc,pose_hand_context,,27086.6,3.89,,1,01/e1/v1,rtmpose_baseline
corpus_01,01.Candidate was found using a mobile phone in the examination hall..mkv,b842b03e5784d867e93770560d88150a526250df69077cd3065edbbd4c842098,dfine_sahi,98700.0,unknown_object,0.5795,779.13,369.24,815.01,464.24,3409.5,35.89,95.01,0.378,False,,True,unattributed,20,evt_01-P05_desk_work_surface_0036,2ad256169b21c7cc,pose_hand_context,,27086.6,3.89,,1,01/e1/v1,rtmpose_baseline
corpus_01,01.Candidate was found using a mobile phone in the examination hall..mkv,b842b03e5784d867e93770560d88150a526250df69077cd3065edbbd4c842098,dfine_sahi,98700.0,unknown_object,0.4614,807.11,369.18,902.97,464.55,9141.0,95.85,95.36,1.005,False,,True,unattributed,20,evt_01-P05_desk_work_surface_0036,2ad256169b21c7cc,pose_hand_context,,27086.6,3.89,,1,01/e1/v1,rtmpose_baseline
corpus_01,01.Candidate was found using a mobile phone in the examination hall..mkv,b842b03e5784d867e93770560d88150a526250df69077cd3065edbbd4c842098,dfine_sahi,98700.0,unknown_object,0.4606,869.0,304.54,902.71,336.73,1084.8,33.7,32.18,1.047,False,,True,unattributed,20,evt_01-P05_desk_work_surface_0036,2ad256169b21c7cc,pose_hand_context,,27086.6,3.89,,1,01/e1/v1,rtmpose_baseline
corpus_01,01.Candidate was found using a mobile phone in the examination hall..mkv,b842b03e5784d867e93770560d88150a526250df69077cd3065edbbd4c842098,dfine_sahi,98700.0,unknown_object,0.4352,797.64,369.29,831.02,464.48,3177.4,33.38,95.19,0.351,False,,True,unattributed,20,evt_01-P05_desk_work_surface_0036,2ad256169b21c7cc,pose_hand_context,,27086.6,3.89,,1,01/e1/v1,rtmpose_baseline
corpus_01,01.Candidate was found using a mobile phone in the examination hall..mkv,b842b03e5784d867e93770560d88150a526250df69077cd3065edbbd4c842098,dfine_sahi,98700.0,unknown_object,0.4094,734.98,326.16,782.33,392.6,3146.4,47.36,66.44,0.713,False,,True,unattributed,20,evt_01-P05_desk_work_surface_0036,2ad256169b21c7cc,pose_hand_context,,27086.6,3.89,,1,01/e1/v1,rtmpose_baseline
corpus_01,01.Candidate was found using a mobile phone in the examination hall..mkv,b842b03e5784d867e93770560d88150a526250df69077cd3065edbbd4c842098,dfine_sahi,98700.0,unknown_object,0.4024,831.38,297.1,880.0,334.35,1811.1,48.61,37.25,1.305,False,,True,unattributed,20,evt_01-P05_desk_work_surface_0036,2ad256169b21c7cc,pose_hand_context,,27086.6,3.89,,1,01/e1/v1,rtmpose_baseline
corpus_01,01.Candidate was found using a mobile phone in the examination hall..mkv,b842b03e5784d867e93770560d88150a526250df69077cd3065edbbd4c842098,dfine_sahi,98700.0,unknown_object,0.335,882.44,426.06,903.0,464.87,797.9,20.56,38.81,0.53,False,,True,unattributed,20,evt_01-P05_desk_work_surface_0036,2ad256169b21c7cc,pose_hand_context,,27086.6,3.89,,1,01/e1/v1,rtmpose_baseline
corpus_01,01.Candidate was found using a mobile phone in the examination hall..mkv,b842b03e5784d867e93770560d88150a526250df69077cd3065edbbd4c842098,dfine_sahi,98700.0,unknown_object,0.2639,773.94,297.08,802.06,335.03,1067.2,28.12,37.95,0.741,False,,True,unattributed,20,evt_01-P05_desk_work_surface_0036,2ad256169b21c7cc,pose_hand_context,,27086.6,3.89,,1,01/e1/v1,rtmpose_baseline
corpus_01,01.Candidate was found using a mobile phone in the examination hall..mkv,b842b03e5784d867e93770560d88150a526250df69077cd3065edbbd4c842098,dfine_sahi,98700.0,unknown_object,0.2618,859.82,435.9,881.38,464.89,625.1,21.56,29.0,0.743,False,,True,unattributed,20,evt_01-P05_desk_work_surface_0036,2ad256169b21c7cc,pose_hand_context,,27086.6,3.89,,1,01/e1/v1,rtmpose_baseline
corpus_01,01.Candidate was found using a mobile phone in the examination hall..mkv,b842b03e5784d867e93770560d88150a526250df69077cd3065edbbd4c842098,dfine_sahi,98700.0,unknown_object,0.2564,812.69,408.64,859.79,464.56,2634.1,47.11,55.92,0.842,False,,True,unattributed,20,evt_01-P05_desk_work_surface_0036,2ad256169b21c7cc,pose_hand_context,,27086.6,3.89,,1,01/e1/v1,rtmpose_baseline
corpus_01,01.Candidate was found using a mobile phone in the examination hall..mkv,b842b03e5784d867e93770560d88150a526250df69077cd3065edbbd4c842098,dfine_sahi,98700.0,unknown_object,0.7164,594.07,338.24,689.92,432.85,9068.8,95.85,94.61,1.013,False,,True,unattributed,28,evt_01-P05_desk_work_surface_0036,62b329a029b43dd8,pose_hand_context,,13815.7,5.44,,1,01/e1/v1,rtmpose_baseline
corpus_01,01.Candidate was found using a mobile phone in the examination hall..mkv,b842b03e5784d867e93770560d88150a526250df69077cd3065edbbd4c842098,dfine_sahi,98700.0,unknown_object,0.6381,613.66,368.71,660.41,380.41,547.0,46.76,11.7,3.997,False,,True,unattributed,28,evt_01-P05_desk_work_surface_0036,62b329a029b43dd8,pose_hand_context,,13815.7,5.44,,1,01/e1/v1,rtmpose_baseline
corpus_01,01.Candidate was found using a mobile phone in the examination hall..mkv,b842b03e5784d867e93770560d88150a526250df69077cd3065edbbd4c842098,dfine_sahi,98700.0,unknown_object,0.4404,653.06,339.65,689.98,353.44,509.1,36.93,13.79,2.679,False,,True,unattributed,28,evt_01-P05_desk_work_surface_0036,62b329a029b43dd8,pose_hand_context,,13815.7,5.44,,1,01/e1/v1,rtmpose_baseline
corpus_01,01.Candidate was found using a mobile phone in the examination hall..mkv,b842b03e5784d867e93770560d88150a526250df69077cd3065edbbd4c842098,dfine_sahi,98700.0,unknown_object,0.4198,646.0,368.84,660.1,377.09,116.4,14.1,8.25,1.709,True,object footprint 116 px is under the 120 px floor for a call,False,unattributed,28,evt_01-P05_desk_work_surface_0036,62b329a029b43dd8,pose_hand_context,,13815.7,5.44,,1,01/e1/v1,rtmpose_baseline
corpus_01,01.Candidate was found using a mobile phone in the examination hall..mkv,b842b03e5784d867e93770560d88150a526250df69077cd3065edbbd4c842098,dfine_sahi,98700.0,unknown_object,0.3971,645.99,351.19,700.58,432.66,4447.6,54.59,81.47,0.67,False,,True,unattributed,28,evt_01-P05_desk_work_surface_0036,62b329a029b43dd8,pose_hand_context,,13815.7,5.44,,1,01/e1/v1,rtmpose_baseline
corpus_01,01.Candidate was found using a mobile phone in the examination hall..mkv,b842b03e5784d867e93770560d88150a526250df69077cd3065edbbd4c842098,dfine_sahi,98700.0,unknown_object,0.3457,594.0,427.07,619.84,457.82,794.4,25.84,30.75,0.84,False,,True,unattributed,28,evt_01-P05_desk_work_surface_0036,62b329a029b43dd8,pose_hand_context,,13815.7,5.44,,1,01/e1/v1,rtmpose_baseline
corpus_01,01.Candidate was found using a mobile phone in the examination hall..mkv,b842b03e5784d867e93770560d88150a526250df69077cd3065edbbd4c842098,dfine_sahi,98700.0,unknown_object,0.3441,632.81,423.88,689.88,485.5,3516.0,57.07,61.61,0.926,False,,True,unattributed,28,evt_01-P05_desk_work_surface_0036,62b329a029b43dd8,pose_hand_context,,13815.7,5.44,,1,01/e1/v1,rtmpose_baseline
corpus_01,01.Candidate was found using a mobile phone in the examination hall..mkv,b842b03e5784d867e93770560d88150a526250df69077cd3065edbbd4c842098,dfine_sahi,98700.0,unknown_object,0.3378,609.95,454.49,639.33,485.42,908.8,29.39,30.93,0.95,False,,True,unattributed,28,evt_01-P05_desk_work_surface_0036,62b329a029b43dd8,pose_hand_context,,13815.7,5.44,,1,01/e1/v1,rtmpose_baseline
corpus_01,01.Candidate was found using a mobile phone in the examination hall..mkv,b842b03e5784d867e93770560d88150a526250df69077cd3065edbbd4c842098,dfine_sahi,98700.0,unknown_object,0.3298,691.01,405.4,716.01,485.6,2005.5,25.01,80.2,0.312,False,,True,unattributed,28,evt_01-P05_desk_work_surface_0036,62b329a029b43dd8,pose_hand_context,,13815.7,5.44,,1,01/e1/v1,rtmpose_baseline
corpus_01,01.Candidate was found using a mobile phone in the examination hall..mkv,b842b03e5784d867e93770560d88150a526250df69077cd3065edbbd4c842098,dfine_sahi,98700.0,bag,0.3065,646.07,411.07,694.89,485.46,3632.2,48.82,74.4,0.656,False,,True,unattributed,28,evt_01-P05_desk_work_surface_0036,62b329a029b43dd8,pose_hand_context,,13815.7,5.44,,1,01/e1/v1,rtmpose_baseline
corpus_01,01.Candidate was found using a mobile phone in the examination hall..mkv,b842b03e5784d867e93770560d88150a526250df69077cd3065edbbd4c842098,dfine_sahi,98700.0,unknown_object,0.3025,594.08,390.06,662.26,430.31,2744.5,68.19,40.25,1.694,False,,True,unattributed,28,evt_01-P05_desk_work_surface_0036,62b329a029b43dd8,pose_hand_context,,13815.7,5.44,,1,01/e1/v1,rtmpose_baseline
corpus_01,01.Candidate was found using a mobile phone in the examination hall..mkv,b842b03e5784d867e93770560d88150a526250df69077cd3065edbbd4c842098,dfine_sahi,98740.0,unknown_object,0.6579,834.58,292.11,893.94,332.88,2419.9,59.36,40.77,1.456,False,,True,unattributed,20,evt_01-P05_upper_body_0039,7f211520f099ef83,pose_hand_context,,23907.3,4.14,,1,01/e1/v1,rtmpose_baseline
corpus_01,01.Candidate was found using a mobile phone in the examination hall..mkv,b842b03e5784d867e93770560d88150a526250df69077cd3065edbbd4c842098,dfine_sahi,98740.0,unknown_object,0.6539,777.37,360.32,814.99,455.61,3585.0,37.62,95.29,0.395,False,,True,unattributed,20,evt_01-P05_upper_body_0039,7f211520f099ef83,pose_hand_context,,23907.3,4.14,,1,01/e1/v1,rtmpose_baseline
corpus_01,01.Candidate was found using a mobile phone in the examination hall..mkv,b842b03e5784d867e93770560d88150a526250df69077cd3065edbbd4c842098,dfine_sahi,98740.0,unknown_object,0.5695,738.01,360.22,791.58,455.5,5104.1,53.57,95.28,0.562,False,,True,unattributed,20,evt_01-P05_upper_body_0039,7f211520f099ef83,pose_hand_context,,23907.3,4.14,,1,01/e1/v1,rtmpose_baseline
corpus_01,01.Candidate was found using a mobile phone in the examination hall..mkv,b842b03e5784d867e93770560d88150a526250df69077cd3065edbbd4c842098,dfine_sahi,98740.0,unknown_object,0.4804,882.33,426.48,900.97,455.94,549.3,18.64,29.46,0.633,False,,True,unattributed,20,evt_01-P05_upper_body_0039,7f211520f099ef83,pose_hand_context,,23907.3,4.14,,1,01/e1/v1,rtmpose_baseline
corpus_01,01.Candidate was found using a mobile phone in the examination hall..mkv,b842b03e5784d867e93770560d88150a526250df69077cd3065edbbd4c842098,dfine_sahi,98740.0,unknown_object,0.4669,737.99,325.84,782.01,387.58,2718.2,44.03,61.74,0.713,False,,True,unattributed,20,evt_01-P05_upper_body_0039,7f211520f099ef83,pose_hand_context,,23907.3,4.14,,1,01/e1/v1,rtmpose_baseline
corpus_01,01.Candidate was found using a mobile phone in the examination hall..mkv,b842b03e5784d867e93770560d88150a526250df69077cd3065edbbd4c842098,dfine_sahi,98740.0,unknown_object,0.4407,788.76,300.72,834.02,387.67,3936.0,45.27,86.95,0.521,False,,True,unattributed,20,evt_01-P05_upper_body_0039,7f211520f099ef83,pose_hand_context,,23907.3,4.14,,1,01/e1/v1,rtmpose_baseline
corpus_01,01.Candidate was found using a mobile phone in the examination hall..mkv,b842b03e5784d867e93770560d88150a526250df69077cd3065edbbd4c842098,dfine_sahi,98740.0,unknown_object,0.4175,802.33,360.28,834.01,455.6,3020.2,31.68,95.32,0.332,False,,True,unattributed,20,evt_01-P05_upper_body_0039,7f211520f099ef83,pose_hand_context,,23907.3,4.14,,1,01/e1/v1,rtmpose_baseline
corpus_01,01.Candidate was found using a mobile phone in the examination hall..mkv,b842b03e5784d867e93770560d88150a526250df69077cd3065edbbd4c842098,dfine_sahi,98740.0,unknown_object,0.3956,805.46,360.32,900.74,455.54,9071.8,95.28,95.21,1.001,False,,True,unattributed,20,evt_01-P05_upper_body_0039,7f211520f099ef83,pose_hand_context,,23907.3,4.14,,1,01/e1/v1,rtmpose_baseline
corpus_01,01.Candidate was found using a mobile phone in the examination hall..mkv,b842b03e5784d867e93770560d88150a526250df69077cd3065edbbd4c842098,dfine_sahi,98740.0,unknown_object,0.3906,805.4,296.13,900.95,387.57,8737.5,95.55,91.44,1.045,False,,True,unattributed,20,evt_01-P05_upper_body_0039,7f211520f099ef83,pose_hand_context,,23907.3,4.14,,1,01/e1/v1,rtmpose_baseline
corpus_01,01.Candidate was found using a mobile phone in the examination hall..mkv,b842b03e5784d867e93770560d88150a526250df69077cd3065edbbd4c842098,dfine_sahi,98740.0,unknown_object,0.2918,773.31,292.13,802.52,334.99,1252.0,29.21,42.86,0.681,False,,True,unattributed,20,evt_01-P05_upper_body_0039,7f211520f099ef83,pose_hand_context,,23907.3,4.14,,1,01/e1/v1,rtmpose_baseline
corpus_01,01.Candidate was found using a mobile phone in the examination hall..mkv,b842b03e5784d867e93770560d88150a526250df69077cd3065edbbd4c842098,dfine_sahi,98740.0,unknown_object,0.26,788.95,360.52,815.58,404.19,1162.9,26.63,43.66,0.61,False,,True,unattributed,20,evt_01-P05_upper_body_0039,7f211520f099ef83,pose_hand_context,,23907.3,4.14,,1,01/e1/v1,rtmpose_baseline
corpus_01,01.Candidate was found using a mobile phone in the examination hall..mkv,b842b03e5784d867e93770560d88150a526250df69077cd3065edbbd4c842098,dfine_sahi,98740.0,unknown_object,0.7416,615.13,368.7,660.19,380.13,515.1,45.06,11.43,3.942,False,,True,unattributed,28,evt_01-P05_upper_body_0039,c8ae2ec04f460524,pose_hand_context,,14636.2,5.29,,1,01/e1/v1,rtmpose_baseline
corpus_01,01.Candidate was found using a mobile phone in the examination hall..mkv,b842b03e5784d867e93770560d88150a526250df69077cd3065edbbd4c842098,dfine_sahi,98740.0,unknown_object,0.5617,691.55,406.11,715.61,485.63,1913.6,24.07,79.51,0.303,False,,True,unattributed,28,evt_01-P05_upper_body_0039,c8ae2ec04f460524,pose_hand_context,,14636.2,5.29,,1,01/e1/v1,rtmpose_baseline
corpus_01,01.Candidate was found using a mobile phone in the examination hall..mkv,b842b03e5784d867e93770560d88150a526250df69077cd3065edbbd4c842098,dfine_sahi,98740.0,unknown_object,0.5181,595.08,337.29,690.16,430.9,8900.3,95.08,93.61,1.016,False,,True,unattributed,28,evt_01-P05_upper_body_0039,c8ae2ec04f460524,pose_hand_context,,14636.2,5.29,,1,01/e1/v1,rtmpose_baseline
corpus_01,01.Candidate was found using a mobile phone in the examination hall..mkv,b842b03e5784d867e93770560d88150a526250df69077cd3065edbbd4c842098,dfine_sahi,98740.0,unknown_object,0.3896,657.97,345.77,690.95,366.16,672.5,32.98,20.39,1.617,False,,True,unattributed,28,evt_01-P05_upper_body_0039,c8ae2ec04f460524,pose_hand_context,,14636.2,5.29,,1,01/e1/v1,rtmpose_baseline
corpus_01,01.Candidate was found using a mobile phone in the examination hall..mkv,b842b03e5784d867e93770560d88150a526250df69077cd3065edbbd4c842098,dfine_sahi,98740.0,unknown_object,0.387,660.86,390.09,742.2,428.57,3129.3,81.34,38.47,2.114,False,,True,unattributed,28,evt_01-P05_upper_body_0039,c8ae2ec04f460524,pose_hand_context,,14636.2,5.29,,1,01/e1/v1,rtmpose_baseline
corpus_01,01.Candidate was found using a mobile phone in the examination hall..mkv,b842b03e5784d867e93770560d88150a526250df69077cd3065edbbd4c842098,dfine_sahi,98740.0,unknown_object,0.3341,609.01,363.51,684.87,469.23,8019.3,75.86,105.71,0.718,False,,True,unattributed,28,evt_01-P05_upper_body_0039,c8ae2ec04f460524,pose_hand_context,,14636.2,5.29,,1,01/e1/v1,rtmpose_baseline
corpus_01,01.Candidate was found using a mobile phone in the examination hall..mkv,b842b03e5784d867e93770560d88150a526250df69077cd3065edbbd4c842098,dfine_sahi,98740.0,unknown_object,0.317,648.01,364.99,683.62,404.32,1401.0,35.62,39.34,0.905,False,,True,unattributed,28,evt_01-P05_upper_body_0039,c8ae2ec04f460524,pose_hand_context,,14636.2,5.29,,1,01/e1/v1,rtmpose_baseline
corpus_01,01.Candidate was found using a mobile phone in the examination hall..mkv,b842b03e5784d867e93770560d88150a526250df69077cd3065edbbd4c842098,dfine_sahi,98740.0,unknown_object,0.3108,648.0,368.74,660.16,376.98,100.3,12.16,8.25,1.474,True,object footprint 100 px is under the 120 px floor for a call,False,unattributed,28,evt_01-P05_upper_body_0039,c8ae2ec04f460524,pose_hand_context,,14636.2,5.29,,1,01/e1/v1,rtmpose_baseline
corpus_01,01.Candidate was found using a mobile phone in the examination hall..mkv,b842b03e5784d867e93770560d88150a526250df69077cd3065edbbd4c842098,dfine_sahi,98740.0,unknown_object,0.2965,648.04,337.37,724.18,430.12,7062.2,76.14,92.76,0.821,False,,True,unattributed,28,evt_01-P05_upper_body_0039,c8ae2ec04f460524,pose_hand_context,,14636.2,5.29,,1,01/e1/v1,rtmpose_baseline
corpus_01,01.Candidate was found using a mobile phone in the examination hall..mkv,b842b03e5784d867e93770560d88150a526250df69077cd3065edbbd4c842098,dfine_sahi,98740.0,unknown_object,0.2956,632.66,423.69,690.91,485.52,3601.5,58.25,61.83,0.942,False,,True,unattributed,28,evt_01-P05_upper_body_0039,c8ae2ec04f460524,pose_hand_context,,14636.2,5.29,,1,01/e1/v1,rtmpose_baseline
corpus_01,01.Candidate was found using a mobile phone in the examination hall..mkv,b842b03e5784d867e93770560d88150a526250df69077cd3065edbbd4c842098,dfine_sahi,98740.0,unknown_object,0.2941,595.07,390.06,662.38,430.32,2709.8,67.31,40.26,1.672,False,,True,unattributed,28,evt_01-P05_upper_body_0039,c8ae2ec04f460524,pose_hand_context,,14636.2,5.29,,1,01/e1/v1,rtmpose_baseline
corpus_01,01.Candidate was found using a mobile phone in the examination hall..mkv,b842b03e5784d867e93770560d88150a526250df69077cd3065edbbd4c842098,dfine_sahi,98740.0,unknown_object,0.2917,595.0,427.22,619.95,456.53,731.4,24.96,29.31,0.852,False,,True,unattributed,28,evt_01-P05_upper_body_0039,c8ae2ec04f460524,pose_hand_context,,14636.2,5.29,,1,01/e1/v1,rtmpose_baseline
corpus_01,01.Candidate was found using a mobile phone in the examination hall..mkv,b842b03e5784d867e93770560d88150a526250df69077cd3065edbbd4c842098,dfine_sahi,98740.0,unknown_object,0.277,648.0,390.15,743.96,485.58,9157.7,95.97,95.43,1.006,False,,True,unattributed,28,evt_01-P05_upper_body_0039,c8ae2ec04f460524,pose_hand_context,,14636.2,5.29,,1,01/e1/v1,rtmpose_baseline
corpus_01,01.Candidate was found using a mobile phone in the examination hall..mkv,b842b03e5784d867e93770560d88150a526250df69077cd3065edbbd4c842098,dfine_sahi,98860.0,unknown_object,0.7511,689.52,405.86,714.04,489.64,2054.6,24.52,83.78,0.293,False,,True,unattributed,28,evt_01-P05_upper_body_0040,603f3bd911918cf4,pose_hand_context,,16739.2,4.95,,1,01/e1/v1,rtmpose_baseline
corpus_01,01.Candidate was found using a mobile phone in the examination hall..mkv,b842b03e5784d867e93770560d88150a526250df69077cd3065edbbd4c842098,dfine_sahi,98860.0,unknown_object,0.6845,615.19,368.69,660.2,380.16,516.4,45.01,11.47,3.923,False,,True,unattributed,28,evt_01-P05_upper_body_0040,603f3bd911918cf4,pose_hand_context,,16739.2,4.95,,1,01/e1/v1,rtmpose_baseline
corpus_01,01.Candidate was found using a mobile phone in the examination hall..mkv,b842b03e5784d867e93770560d88150a526250df69077cd3065edbbd4c842098,dfine_sahi,98860.0,unknown_object,0.5264,588.05,337.22,683.84,431.48,9029.1,95.79,94.26,1.016,False,,True,unattributed,28,evt_01-P05_upper_body_0040,603f3bd911918cf4,pose_hand_context,,16739.2,4.95,,1,01/e1/v1,rtmpose_baseline
corpus_01,01.Candidate was found using a mobile phone in the examination hall..mkv,b842b03e5784d867e93770560d88150a526250df69077cd3065edbbd4c842098,dfine_sahi,98860.0,phone,0.3772,645.0,368.63,660.11,377.21,129.6,15.11,8.58,1.76,False,,True,unattributed,28,evt_01-P05_upper_body_0040,603f3bd911918cf4,pose_hand_context,,16739.2,4.95,,1,01/e1/v1,rtmpose_baseline
corpus_01,01.Candidate was found using a mobile phone in the examination hall..mkv,b842b03e5784d867e93770560d88150a526250df69077cd3065edbbd4c842098,dfine_sahi,98860.0,unknown_object,0.3548,645.03,337.11,718.18,431.31,6890.2,73.15,94.19,0.777,False,,True,unattributed,28,evt_01-P05_upper_body_0040,603f3bd911918cf4,pose_hand_context,,16739.2,4.95,,1,01/e1/v1,rtmpose_baseline
corpus_01,01.Candidate was found using a mobile phone in the examination hall..mkv,b842b03e5784d867e93770560d88150a526250df69077cd3065edbbd4c842098,dfine_sahi,98860.0,unknown_object,0.3138,588.01,426.56,619.83,463.47,1174.7,31.83,36.91,0.862,False,,True,unattributed,28,evt_01-P05_upper_body_0040,603f3bd911918cf4,pose_hand_context,,16739.2,4.95,,1,01/e1/v1,rtmpose_baseline
corpus_01,01.Candidate was found using a mobile phone in the examination hall..mkv,b842b03e5784d867e93770560d88150a526250df69077cd3065edbbd4c842098,dfine_sahi,98860.0,unknown_object,0.2943,632.31,426.0,683.91,489.55,3279.4,51.6,63.56,0.812,False,,True,unattributed,28,evt_01-P05_upper_body_0040,603f3bd911918cf4,pose_hand_context,,16739.2,4.95,,1,01/e1/v1,rtmpose_baseline
corpus_01,01.Candidate was found using a mobile phone in the examination hall..mkv,b842b03e5784d867e93770560d88150a526250df69077cd3065edbbd4c842098,dfine_sahi,98860.0,unknown_object,0.2781,588.06,394.06,658.95,430.26,2566.0,70.89,36.2,1.958,False,,True,unattributed,28,evt_01-P05_upper_body_0040,603f3bd911918cf4,pose_hand_context,,16739.2,4.95,,1,01/e1/v1,rtmpose_baseline
corpus_01,01.Candidate was found using a mobile phone in the examination hall..mkv,b842b03e5784d867e93770560d88150a526250df69077cd3065edbbd4c842098,dfine_sahi,98860.0,unknown_object,0.272,588.01,394.15,620.33,429.63,1146.6,32.32,35.48,0.911,False,,True,unattributed,28,evt_01-P05_upper_body_0040,603f3bd911918cf4,pose_hand_context,,16739.2,4.95,,1,01/e1/v1,rtmpose_baseline
corpus_01,01.Candidate was found using a mobile phone in the examination hall..mkv,b842b03e5784d867e93770560d88150a526250df69077cd3065edbbd4c842098,dfine_sahi,98860.0,unknown_object,0.2713,588.02,394.0,672.41,464.1,5916.6,84.4,70.11,1.204,False,,True,unattributed,28,evt_01-P05_upper_body_0040,603f3bd911918cf4,pose_hand_context,,16739.2,4.95,,1,01/e1/v1,rtmpose_baseline
corpus_01,01.Candidate was found using a mobile phone in the examination hall..mkv,b842b03e5784d867e93770560d88150a526250df69077cd3065edbbd4c842098,dfine_sahi,98860.0,unknown_object,0.2713,600.01,349.06,704.91,476.67,13386.5,104.91,127.6,0.822,False,,True,unattributed,28,evt_01-P05_upper_body_0040,603f3bd911918cf4,pose_hand_context,,16739.2,4.95,,1,01/e1/v1,rtmpose_baseline
corpus_01,01.Candidate was found using a mobile phone in the examination hall..mkv,b842b03e5784d867e93770560d88150a526250df69077cd3065edbbd4c842098,dfine_sahi,98860.0,unknown_object,0.7382,774.12,363.16,823.14,458.48,4672.9,49.02,95.32,0.514,False,,True,unattributed,20,evt_01-P05_upper_body_0040,ea31386b4e76177f,pose_hand_context,,23728.3,4.15,,1,01/e1/v1,rtmpose_baseline
corpus_01,01.Candidate was found using a mobile phone in the examination hall..mkv,b842b03e5784d867e93770560d88150a526250df69077cd3065edbbd4c842098,dfine_sahi,98860.0,unknown_object,0.6201,841.65,296.09,901.27,325.08,1728.6,59.62,29.0,2.056,False,,True,unattributed,20,evt_01-P05_upper_body_0040,ea31386b4e76177f,pose_hand_context,,23728.3,4.15,,1,01/e1/v1,rtmpose_baseline
corpus_01,01.Candidate was found using a mobile phone in the examination hall..mkv,b842b03e5784d867e93770560d88150a526250df69077cd3065edbbd4c842098,dfine_sahi,98860.0,unknown_object,0.5465,806.12,301.49,901.81,391.52,8615.8,95.69,90.04,1.063,False,,True,unattributed,20,evt_01-P05_upper_body_0040,ea31386b4e76177f,pose_hand_context,,23728.3,4.15,,1,01/e1/v1,rtmpose_baseline
corpus_01,01.Candidate was found using a mobile phone in the examination hall..mkv,b842b03e5784d867e93770560d88150a526250df69077cd3065edbbd4c842098,dfine_sahi,98860.0,unknown_object,0.5238,806.52,363.18,901.9,458.55,9096.5,95.38,95.37,1.0,False,,True,unattributed,20,evt_01-P05_upper_body_0040,ea31386b4e76177f,pose_hand_context,,23728.3,4.15,,1,01/e1/v1,rtmpose_baseline
corpus_01,01.Candidate was found using a mobile phone in the examination hall..mkv,b842b03e5784d867e93770560d88150a526250df69077cd3065edbbd4c842098,dfine_sahi,98860.0,unknown_object,0.468,738.03,363.24,792.51,458.55,5192.2,54.48,95.31,0.572,False,,True,unattributed,20,evt_01-P05_upper_body_0040,ea31386b4e76177f,pose_hand_context,,23728.3,4.15,,1,01/e1/v1,rtmpose_baseline
corpus_01,01.Candidate was found using a mobile phone in the examination hall..mkv,b842b03e5784d867e93770560d88150a526250df69077cd3065edbbd4c842098,dfine_sahi,98860.0,unknown_object,0.4147,805.99,378.05,822.44,458.43,1322.7,16.45,80.38,0.205,False,,True,unattributed,20,evt_01-P05_upper_body_0040,ea31386b4e76177f,pose_hand_context,,23728.3,4.15,,1,01/e1/v1,rtmpose_baseline
corpus_01,01.Candidate was found using a mobile phone in the examination hall..mkv,b842b03e5784d867e93770560d88150a526250df69077cd3065edbbd4c842098,dfine_sahi,98860.0,unknown_object,0.4112,765.57,334.82,798.49,391.66,1871.0,32.92,56.83,0.579,False,,True,unattributed,20,evt_01-P05_upper_body_0040,ea31386b4e76177f,pose_hand_context,,23728.3,4.15,,1,01/e1/v1,rtmpose_baseline
corpus_01,01.Candidate was found using a mobile phone in the examination hall..mkv,b842b03e5784d867e93770560d88150a526250df69077cd3065edbbd4c842098,dfine_sahi,98860.0,unknown_object,0.3883,737.99,327.54,781.04,391.61,2758.6,43.05,64.08,0.672,False,,True,unattributed,20,evt_01-P05_upper_body_0040,ea31386b4e76177f,pose_hand_context,,23728.3,4.15,,1,01/e1/v1,rtmpose_baseline
corpus_01,01.Candidate was found using a mobile phone in the examination hall..mkv,b842b03e5784d867e93770560d88150a526250df69077cd3065edbbd4c842098,dfine_sahi,98860.0,unknown_object,0.3671,882.35,425.89,901.99,458.93,648.9,19.64,33.04,0.594,False,,True,unattributed,20,evt_01-P05_upper_body_0040,ea31386b4e76177f,pose_hand_context,,23728.3,4.15,,1,01/e1/v1,rtmpose_baseline
corpus_01,01.Candidate was found using a mobile phone in the examination hall..mkv,b842b03e5784d867e93770560d88150a526250df69077cd3065edbbd4c842098,dfine_sahi,98860.0,unknown_object,0.3094,796.37,363.1,824.57,401.1,1071.1,28.19,37.99,0.742,False,,True,unattributed,20,evt_01-P05_upper_body_0040,ea31386b4e76177f,pose_hand_context,,23728.3,4.15,,1,01/e1/v1,rtmpose_baseline
corpus_01,01.Candidate was found using a mobile phone in the examination hall..mkv,b842b03e5784d867e93770560d88150a526250df69077cd3065edbbd4c842098,dfine_sahi,98860.0,unknown_object,0.3025,810.65,363.28,834.05,458.62,2230.4,23.39,95.34,0.245,False,,True,unattributed,20,evt_01-P05_upper_body_0040,ea31386b4e76177f,pose_hand_context,,23728.3,4.15,,1,01/e1/v1,rtmpose_baseline
corpus_01,01.Candidate was found using a mobile phone in the examination hall..mkv,b842b03e5784d867e93770560d88150a526250df69077cd3065edbbd4c842098,dfine_sahi,99100.0,unknown_object,0.6196,808.08,292.63,903.83,387.55,9088.4,95.75,94.92,1.009,False,,True,unattributed,20,evt_01-P01_desk_work_surface_0004,0e91edef3819197e,pose_hand_context,,21656.1,4.35,,1,01/e1/v1,rtmpose_baseline
corpus_01,01.Candidate was found using a mobile phone in the examination hall..mkv,b842b03e5784d867e93770560d88150a526250df69077cd3065edbbd4c842098,dfine_sahi,99100.0,unknown_object,0.571,801.22,297.85,840.0,387.65,3482.6,38.78,89.8,0.432,False,,True,unattributed,20,evt_01-P01_desk_work_surface_0004,0e91edef3819197e,pose_hand_context,,21656.1,4.35,,1,01/e1/v1,rtmpose_baseline
corpus_01,01.Candidate was found using a mobile phone in the examination hall..mkv,b842b03e5784d867e93770560d88150a526250df69077cd3065edbbd4c842098,dfine_sahi,99100.0,unknown_object,0.5472,744.02,356.18,789.13,451.43,4297.2,45.12,95.25,0.474,False,,True,unattributed,20,evt_01-P01_desk_work_surface_0004,0e91edef3819197e,pose_hand_context,,21656.1,4.35,,1,01/e1/v1,rtmpose_baseline
corpus_01,01.Candidate was found using a mobile phone in the examination hall..mkv,b842b03e5784d867e93770560d88150a526250df69077cd3065edbbd4c842098,dfine_sahi,99100.0,unknown_object,0.5302,760.76,334.98,818.99,445.37,6428.5,58.23,110.39,0.528,False,,True,unattributed,20,evt_01-P01_desk_work_surface_0004,0e91edef3819197e,pose_hand_context,,21656.1,4.35,,1,01/e1/v1,rtmpose_baseline
corpus_01,01.Candidate was found using a mobile phone in the examination hall..mkv,b842b03e5784d867e93770560d88150a526250df69077cd3065edbbd4c842098,dfine_sahi,99100.0,unknown_object,0.5099,808.71,356.33,903.94,451.61,9073.6,95.23,95.28,1.0,False,,True,unattributed,20,evt_01-P01_desk_work_surface_0004,0e91edef3819197e,pose_hand_context,,21656.1,4.35,,1,01/e1/v1,rtmpose_baseline
corpus_01,01.Candidate was found using a mobile phone in the examination hall..mkv,b842b03e5784d867e93770560d88150a526250df69077cd3065edbbd4c842098,dfine_sahi,99100.0,unknown_object,0.497,801.6,356.2,839.96,451.52,3656.3,38.36,95.33,0.402,False,,True,unattributed,20,evt_01-P01_desk_work_surface_0004,0e91edef3819197e,pose_hand_context,,21656.1,4.35,,1,01/e1/v1,rtmpose_baseline
corpus_01,01.Candidate was found using a mobile phone in the examination hall..mkv,b842b03e5784d867e93770560d88150a526250df69077cd3065edbbd4c842098,dfine_sahi,99100.0,unknown_object,0.4957,808.48,349.88,828.72,375.37,515.9,20.24,25.49,0.794,False,,True,unattributed,20,evt_01-P01_desk_work_surface_0004,0e91edef3819197e,pose_hand_context,,21656.1,4.35,,1,01/e1/v1,rtmpose_baseline
corpus_01,01.Candidate was found using a mobile phone in the examination hall..mkv,b842b03e5784d867e93770560d88150a526250df69077cd3065edbbd4c842098,dfine_sahi,99100.0,unknown_object,0.44,760.4,335.66,804.48,387.7,2294.1,44.08,52.05,0.847,False,,True,unattributed,20,evt_01-P01_desk_work_surface_0004,0e91edef3819197e,pose_hand_context,,21656.1,4.35,,1,01/e1/v1,rtmpose_baseline
corpus_01,01.Candidate was found using a mobile phone in the examination hall..mkv,b842b03e5784d867e93770560d88150a526250df69077cd3065edbbd4c842098,dfine_sahi,99100.0,unknown_object,0.3869,802.15,349.12,839.9,387.87,1463.0,37.75,38.75,0.974,False,,True,unattributed,20,evt_01-P01_desk_work_surface_0004,0e91edef3819197e,pose_hand_context,,21656.1,4.35,,1,01/e1/v1,rtmpose_baseline
corpus_01,01.Candidate was found using a mobile phone in the examination hall..mkv,b842b03e5784d867e93770560d88150a526250df69077cd3065edbbd4c842098,dfine_sahi,99100.0,unknown_object,0.3731,896.57,332.82,904.0,365.28,241.1,7.43,32.46,0.229,False,,True,unattributed,20,evt_01-P01_desk_work_surface_0004,0e91edef3819197e,pose_hand_context,,21656.1,4.35,,1,01/e1/v1,rtmpose_baseline
corpus_01,01.Candidate was found using a mobile phone in the examination hall..mkv,b842b03e5784d867e93770560d88150a526250df69077cd3065edbbd4c842098,dfine_sahi,99100.0,unknown_object,0.3621,808.0,387.42,819.64,451.7,748.1,11.64,64.28,0.181,False,,True,unattributed,20,evt_01-P01_desk_work_surface_0004,0e91edef3819197e,pose_hand_context,,21656.1,4.35,,1,01/e1/v1,rtmpose_baseline
corpus_01,01.Candidate was found using a mobile phone in the examination hall..mkv,b842b03e5784d867e93770560d88150a526250df69077cd3065edbbd4c842098,dfine_sahi,99100.0,unknown_object,0.3448,882.77,426.99,904.0,451.97,530.4,21.23,24.98,0.85,False,,True,unattributed,20,evt_01-P01_desk_work_surface_0004,0e91edef3819197e,pose_hand_context,,21656.1,4.35,,1,01/e1/v1,rtmpose_baseline
corpus_01,01.Candidate was found using a mobile phone in the examination hall..mkv,b842b03e5784d867e93770560d88150a526250df69077cd3065edbbd4c842098,dfine_sahi,99100.0,unknown_object,0.3171,814.57,388.96,839.99,451.67,1593.8,25.42,62.71,0.405,False,,True,unattributed,20,evt_01-P01_desk_work_surface_0004,0e91edef3819197e,pose_hand_context,,21656.1,4.35,,1,01/e1/v1,rtmpose_baseline
corpus_01,01.Candidate was found using a mobile phone in the examination hall..mkv,b842b03e5784d867e93770560d88150a526250df69077cd3065edbbd4c842098,dfine_sahi,99100.0,unknown_object,0.3142,794.45,299.13,828.53,340.9,1423.6,34.08,41.77,0.816,False,,True,unattributed,20,evt_01-P01_desk_work_surface_0004,0e91edef3819197e,pose_hand_context,,21656.1,4.35,,1,01/e1/v1,rtmpose_baseline
corpus_01,01.Candidate was found using a mobile phone in the examination hall..mkv,b842b03e5784d867e93770560d88150a526250df69077cd3065edbbd4c842098,dfine_sahi,99100.0,unknown_object,0.3113,864.14,347.11,903.11,387.65,1579.4,38.97,40.53,0.961,False,,True,unattributed,20,evt_01-P01_desk_work_surface_0004,0e91edef3819197e,pose_hand_context,,21656.1,4.35,,1,01/e1/v1,rtmpose_baseline
corpus_01,01.Candidate was found using a mobile phone in the examination hall..mkv,b842b03e5784d867e93770560d88150a526250df69077cd3065edbbd4c842098,dfine_sahi,99100.0,unknown_object,0.2896,772.99,292.1,832.21,387.45,5647.0,59.22,95.35,0.621,False,,True,unattributed,20,evt_01-P01_desk_work_surface_0004,0e91edef3819197e,pose_hand_context,,21656.1,4.35,,1,01/e1/v1,rtmpose_baseline
corpus_01,01.Candidate was found using a mobile phone in the examination hall..mkv,b842b03e5784d867e93770560d88150a526250df69077cd3065edbbd4c842098,dfine_sahi,99100.0,unknown_object,0.2853,773.95,299.12,803.13,337.63,1123.9,29.18,38.52,0.758,False,,True,unattributed,20,evt_01-P01_desk_work_surface_0004,0e91edef3819197e,pose_hand_context,,21656.1,4.35,,1,01/e1/v1,rtmpose_baseline
corpus_01,01.Candidate was found using a mobile phone in the examination hall..mkv,b842b03e5784d867e93770560d88150a526250df69077cd3065edbbd4c842098,dfine_sahi,99100.0,unknown_object,0.2759,760.59,336.28,782.64,347.08,238.0,22.05,10.8,2.042,False,,True,unattributed,20,evt_01-P01_desk_work_surface_0004,0e91edef3819197e,pose_hand_context,,21656.1,4.35,,1,01/e1/v1,rtmpose_baseline
corpus_01,01.Candidate was found using a mobile phone in the examination hall..mkv,b842b03e5784d867e93770560d88150a526250df69077cd3065edbbd4c842098,dfine_sahi,99100.0,unknown_object,0.2677,873.52,323.59,887.41,348.56,346.6,13.88,24.96,0.556,False,,True,unattributed,20,evt_01-P01_desk_work_surface_0004,0e91edef3819197e,pose_hand_context,,21656.1,4.35,,1,01/e1/v1,rtmpose_baseline
corpus_01,01.Candidate was found using a mobile phone in the examination hall..mkv,b842b03e5784d867e93770560d88150a526250df69077cd3065edbbd4c842098,dfine_sahi,99100.0,unknown_object,0.2636,820.24,361.62,840.43,387.92,530.8,20.18,26.3,0.767,False,,True,unattributed,20,evt_01-P01_desk_work_surface_0004,0e91edef3819197e,pose_hand_context,,21656.1,4.35,,1,01/e1/v1,rtmpose_baseline
corpus_01,01.Candidate was found using a mobile phone in the examination hall..mkv,b842b03e5784d867e93770560d88150a526250df69077cd3065edbbd4c842098,dfine_sahi,99100.0,unknown_object,0.2635,863.63,363.69,889.82,387.85,632.8,26.19,24.16,1.084,False,,True,unattributed,20,evt_01-P01_desk_work_surface_0004,0e91edef3819197e,pose_hand_context,,21656.1,4.35,,1,01/e1/v1,rtmpose_baseline
corpus_01,01.Candidate was found using a mobile phone in the examination hall..mkv,b842b03e5784d867e93770560d88150a526250df69077cd3065edbbd4c842098,dfine_sahi,99100.0,unknown_object,0.5324,584.03,338.19,679.88,430.76,8872.3,95.85,92.57,1.035,False,,True,unattributed,28,evt_01-P01_desk_work_surface_0004,52d0ea1a20c38507,pose_hand_context,,18873.3,4.66,,1,01/e1/v1,rtmpose_baseline
corpus_01,01.Candidate was found using a mobile phone in the examination hall..mkv,b842b03e5784d867e93770560d88150a526250df69077cd3065edbbd4c842098,dfine_sahi,99100.0,unknown_object,0.5144,614.0,368.79,660.39,379.98,519.4,46.38,11.2,4.142,False,,True,unattributed,28,evt_01-P01_desk_work_surface_0004,52d0ea1a20c38507,pose_hand_context,,18873.3,4.66,,1,01/e1/v1,rtmpose_baseline
corpus_01,01.Candidate was found using a mobile phone in the examination hall..mkv,b842b03e5784d867e93770560d88150a526250df69077cd3065edbbd4c842098,dfine_sahi,99100.0,unknown_object,0.4608,584.05,398.07,654.64,430.22,2269.1,70.59,32.15,2.196,False,,True,unattributed,28,evt_01-P01_desk_work_surface_0004,52d0ea1a20c38507,pose_hand_context,,18873.3,4.66,,1,01/e1/v1,rtmpose_baseline
corpus_01,01.Candidate was found using a mobile phone in the examination hall..mkv,b842b03e5784d867e93770560d88150a526250df69077cd3065edbbd4c842098,dfine_sahi,99100.0,mouse,0.3967,639.38,368.89,660.07,377.92,186.8,20.68,9.03,2.291,False,,True,unattributed,28,evt_01-P01_desk_work_surface_0004,52d0ea1a20c38507,pose_hand_context,,18873.3,4.66,,1,01/e1/v1,rtmpose_baseline
corpus_01,01.Candidate was found using a mobile phone in the examination hall..mkv,b842b03e5784d867e93770560d88150a526250df69077cd3065edbbd4c842098,dfine_sahi,99100.0,unknown_object,0.3903,685.23,403.29,709.42,493.5,2181.7,24.19,90.21,0.268,False,,True,unattributed,28,evt_01-P01_desk_work_surface_0004,52d0ea1a20c38507,pose_hand_context,,18873.3,4.66,,1,01/e1/v1,rtmpose_baseline
corpus_01,01.Candidate was found using a mobile phone in the examination hall..mkv,b842b03e5784d867e93770560d88150a526250df69077cd3065edbbd4c842098,dfine_sahi,99100.0,phone,0.3877,645.0,368.83,660.07,377.28,127.3,15.07,8.45,1.784,False,,True,unattributed,28,evt_01-P01_desk_work_surface_0004,52d0ea1a20c38507,pose_hand_context,,18873.3,4.66,,1,01/e1/v1,rtmpose_baseline
corpus_01,01.Candidate was found using a mobile phone in the examination hall..mkv,b842b03e5784d867e93770560d88150a526250df69077cd3065edbbd4c842098,dfine_sahi,99100.0,unknown_object,0.3744,609.9,452.84,639.85,492.19,1178.8,29.95,39.36,0.761,False,,True,unattributed,28,evt_01-P01_desk_work_surface_0004,52d0ea1a20c38507,pose_hand_context,,18873.3,4.66,,1,01/e1/v1,rtmpose_baseline
corpus_01,01.Candidate was found using a mobile phone in the examination hall..mkv,b842b03e5784d867e93770560d88150a526250df69077cd3065edbbd4c842098,dfine_sahi,99100.0,unknown_object,0.3083,644.99,365.27,681.16,409.51,1600.0,36.17,44.23,0.818,False,,True,unattributed,28,evt_01-P01_desk_work_surface_0004,52d0ea1a20c38507,pose_hand_context,,18873.3,4.66,,1,01/e1/v1,rtmpose_baseline
corpus_01,01.Candidate was found using a mobile phone in the examination hall..mkv,b842b03e5784d867e93770560d88150a526250df69077cd3065edbbd4c842098,dfine_sahi,99100.0,unknown_object,0.284,584.03,425.98,619.93,467.0,1472.5,35.9,41.02,0.875,False,,True,unattributed,28,evt_01-P01_desk_work_surface_0004,52d0ea1a20c38507,pose_hand_context,,18873.3,4.66,,1,01/e1/v1,rtmpose_baseline
corpus_01,01.Candidate was found using a mobile phone in the examination hall..mkv,b842b03e5784d867e93770560d88150a526250df69077cd3065edbbd4c842098,dfine_sahi,99100.0,unknown_object,0.2687,593.99,363.34,681.29,483.41,10482.3,87.3,120.07,0.727,False,,True,unattributed,28,evt_01-P01_desk_work_surface_0004,52d0ea1a20c38507,pose_hand_context,,18873.3,4.66,,1,01/e1/v1,rtmpose_baseline
corpus_01,01.Candidate was found using a mobile phone in the examination hall..mkv,b842b03e5784d867e93770560d88150a526250df69077cd3065edbbd4c842098,dfine_sahi,99100.0,unknown_object,0.257,584.01,398.03,656.28,468.79,5114.4,72.27,70.76,1.021,False,,True,unattributed,28,evt_01-P01_desk_work_surface_0004,52d0ea1a20c38507,pose_hand_context,,18873.3,4.66,,1,01/e1/v1,rtmpose_baseline
corpus_01,01.Candidate was found using a mobile phone in the examination hall..mkv,b842b03e5784d867e93770560d88150a526250df69077cd3065edbbd4c842098,dfine_sahi,99100.0,unknown_object,0.2544,700.1,398.4,740.76,493.28,3857.4,40.66,94.87,0.429,False,,True,unattributed,28,evt_01-P01_desk_work_surface_0004,52d0ea1a20c38507,pose_hand_context,,18873.3,4.66,,1,01/e1/v1,rtmpose_baseline
corpus_01,01.Candidate was found using a mobile phone in the examination hall..mkv,b842b03e5784d867e93770560d88150a526250df69077cd3065edbbd4c842098,dfine_sahi,99620.0,unknown_object,0.4706,715.99,329.83,777.31,403.52,4519.4,61.33,73.69,0.832,False,,True,unattributed,20,evt_01-P01_upper_body_0008,9657cece28e4f2f5,pose_hand_context,,7807.5,7.24,,1,01/e1/v1,rtmpose_baseline
corpus_01,01.Candidate was found using a mobile phone in the examination hall..mkv,b842b03e5784d867e93770560d88150a526250df69077cd3065edbbd4c842098,dfine_sahi,99620.0,unknown_object,0.4421,802.01,275.37,850.96,364.44,4360.6,48.96,89.07,0.55,False,,True,unattributed,20,evt_01-P01_upper_body_0008,9657cece28e4f2f5,pose_hand_context,,7807.5,7.24,,1,01/e1/v1,rtmpose_baseline
corpus_01,01.Candidate was found using a mobile phone in the examination hall..mkv,b842b03e5784d867e93770560d88150a526250df69077cd3065edbbd4c842098,dfine_sahi,99620.0,unknown_object,0.3824,803.33,308.24,850.99,403.32,4532.2,47.67,95.08,0.501,False,,True,unattributed,20,evt_01-P01_upper_body_0008,9657cece28e4f2f5,pose_hand_context,,7807.5,7.24,,1,01/e1/v1,rtmpose_baseline
corpus_01,01.Candidate was found using a mobile phone in the examination hall..mkv,b842b03e5784d867e93770560d88150a526250df69077cd3065edbbd4c842098,dfine_sahi,99620.0,unknown_object,0.3698,735.98,342.93,777.18,384.75,1723.2,41.2,41.82,0.985,False,,True,unattributed,20,evt_01-P01_upper_body_0008,9657cece28e4f2f5,pose_hand_context,,7807.5,7.24,,1,01/e1/v1,rtmpose_baseline
corpus_01,01.Candidate was found using a mobile phone in the examination hall..mkv,b842b03e5784d867e93770560d88150a526250df69077cd3065edbbd4c842098,dfine_sahi,99620.0,unknown_object,0.3545,755.0,338.23,777.22,403.48,1449.9,22.22,65.25,0.341,False,,True,unattributed,20,evt_01-P01_upper_body_0008,9657cece28e4f2f5,pose_hand_context,,7807.5,7.24,,1,01/e1/v1,rtmpose_baseline
corpus_01,01.Candidate was found using a mobile phone in the examination hall..mkv,b842b03e5784d867e93770560d88150a526250df69077cd3065edbbd4c842098,dfine_sahi,99620.0,unknown_object,0.3518,716.02,329.68,758.94,353.21,1009.7,42.91,23.53,1.824,False,,True,unattributed,20,evt_01-P01_upper_body_0008,9657cece28e4f2f5,pose_hand_context,,7807.5,7.24,,1,01/e1/v1,rtmpose_baseline
corpus_01,01.Candidate was found using a mobile phone in the examination hall..mkv,b842b03e5784d867e93770560d88150a526250df69077cd3065edbbd4c842098,dfine_sahi,99620.0,unknown_object,0.3482,716.03,269.04,789.28,311.46,3107.3,73.25,42.42,1.727,False,,True,unattributed,20,evt_01-P01_upper_body_0008,9657cece28e4f2f5,pose_hand_context,,7807.5,7.24,,1,01/e1/v1,rtmpose_baseline
corpus_01,01.Candidate was found using a mobile phone in the examination hall..mkv,b842b03e5784d867e93770560d88150a526250df69077cd3065edbbd4c842098,dfine_sahi,99620.0,unknown_object,0.3168,813.53,365.02,837.44,403.74,925.6,23.91,38.72,0.617,False,,True,unattributed,20,evt_01-P01_upper_body_0008,9657cece28e4f2f5,pose_hand_context,,7807.5,7.24,,1,01/e1/v1,rtmpose_baseline
corpus_01,01.Candidate was found using a mobile phone in the examination hall..mkv,b842b03e5784d867e93770560d88150a526250df69077cd3065edbbd4c842098,dfine_sahi,99620.0,unknown_object,0.3088,802.55,289.28,831.97,384.58,2804.1,29.42,95.31,0.309,False,,True,unattributed,20,evt_01-P01_upper_body_0008,9657cece28e4f2f5,pose_hand_context,,7807.5,7.24,,1,01/e1/v1,rtmpose_baseline
corpus_01,01.Candidate was found using a mobile phone in the examination hall..mkv,b842b03e5784d867e93770560d88150a526250df69077cd3065edbbd4c842098,dfine_sahi,99620.0,unknown_object,0.3009,720.61,269.05,774.12,282.13,700.1,53.51,13.08,4.089,False,,True,unattributed,20,evt_01-P01_upper_body_0008,9657cece28e4f2f5,pose_hand_context,,7807.5,7.24,,1,01/e1/v1,rtmpose_baseline
corpus_01,01.Candidate was found using a mobile phone in the examination hall..mkv,b842b03e5784d867e93770560d88150a526250df69077cd3065edbbd4c842098,dfine_sahi,99620.0,unknown_object,0.2578,755.03,280.56,772.94,300.85,363.4,17.91,20.29,0.883,False,,True,unattributed,20,evt_01-P01_upper_body_0008,9657cece28e4f2f5,pose_hand_context,,7807.5,7.24,,1,01/e1/v1,rtmpose_baseline
corpus_01,01.Candidate was found using a mobile phone in the examination hall..mkv,b842b03e5784d867e93770560d88150a526250df69077cd3065edbbd4c842098,dfine_sahi,99620.0,unknown_object,0.2542,755.0,269.05,789.56,301.46,1119.8,34.55,32.41,1.066,False,,True,unattributed,20,evt_01-P01_upper_body_0008,9657cece28e4f2f5,pose_hand_context,,7807.5,7.24,,1,01/e1/v1,rtmpose_baseline
corpus_01,01.Candidate was found using a mobile phone in the examination hall..mkv,b842b03e5784d867e93770560d88150a526250df69077cd3065edbbd4c842098,dfine_sahi,99620.0,unknown_object,0.6375,590.14,327.19,685.23,422.33,9047.2,95.09,95.15,0.999,False,,True,unattributed,28,evt_01-P01_upper_body_0008,bc8ab0dbe37b921a,pose_hand_context,,18322.3,4.73,,1,01/e1/v1,rtmpose_baseline
corpus_01,01.Candidate was found using a mobile phone in the examination hall..mkv,b842b03e5784d867e93770560d88150a526250df69077cd3065edbbd4c842098,dfine_sahi,99620.0,mouse,0.4347,639.25,368.9,660.13,377.93,188.5,20.88,9.03,2.313,False,,True,unattributed,28,evt_01-P01_upper_body_0008,bc8ab0dbe37b921a,pose_hand_context,,18322.3,4.73,,1,01/e1/v1,rtmpose_baseline
corpus_01,01.Candidate was found using a mobile phone in the examination hall..mkv,b842b03e5784d867e93770560d88150a526250df69077cd3065edbbd4c842098,dfine_sahi,99620.0,unknown_object,0.4083,681.41,402.16,702.16,481.68,1649.7,20.75,79.52,0.261,False,,True,unattributed,28,evt_01-P01_upper_body_0008,bc8ab0dbe37b921a,pose_hand_context,,18322.3,4.73,,1,01/e1/v1,rtmpose_baseline
corpus_01,01.Candidate was found using a mobile phone in the examination hall..mkv,b842b03e5784d867e93770560d88150a526250df69077cd3065edbbd4c842098,dfine_sahi,99620.0,unknown_object,0.3699,590.02,386.03,666.62,463.41,5928.3,76.61,77.39,0.99,False,,True,unattributed,28,evt_01-P01_upper_body_0008,bc8ab0dbe37b921a,pose_hand_context,,18322.3,4.73,,1,01/e1/v1,rtmpose_baseline
corpus_01,01.Candidate was found using a mobile phone in the examination hall..mkv,b842b03e5784d867e93770560d88150a526250df69077cd3065edbbd4c842098,dfine_sahi,99620.0,phone,0.3659,649.0,368.88,660.24,377.26,94.3,11.24,8.39,1.34,True,object footprint 94 px is under the 120 px floor for a call,False,unattributed,28,evt_01-P01_upper_body_0008,bc8ab0dbe37b921a,pose_hand_context,,18322.3,4.73,,1,01/e1/v1,rtmpose_baseline
corpus_01,01.Candidate was found using a mobile phone in the examination hall..mkv,b842b03e5784d867e93770560d88150a526250df69077cd3065edbbd4c842098,dfine_sahi,99620.0,unknown_object,0.3504,600.1,337.01,709.51,470.26,14579.0,109.41,133.25,0.821,False,,True,unattributed,28,evt_01-P01_upper_body_0008,bc8ab0dbe37b921a,pose_hand_context,,18322.3,4.73,,1,01/e1/v1,rtmpose_baseline
corpus_01,01.Candidate was found using a mobile phone in the examination hall..mkv,b842b03e5784d867e93770560d88150a526250df69077cd3065edbbd4c842098,dfine_sahi,99620.0,unknown_object,0.3242,613.91,368.88,660.32,380.14,522.6,46.41,11.26,4.122,False,,True,unattributed,28,evt_01-P01_upper_body_0008,bc8ab0dbe37b921a,pose_hand_context,,18322.3,4.73,,1,01/e1/v1,rtmpose_baseline
corpus_01,01.Candidate was found using a mobile phone in the examination hall..mkv,b842b03e5784d867e93770560d88150a526250df69077cd3065edbbd4c842098,dfine_sahi,99620.0,unknown_object,0.3242,649.0,365.58,678.84,405.78,1200.0,29.85,40.21,0.742,False,,True,unattributed,28,evt_01-P01_upper_body_0008,bc8ab0dbe37b921a,pose_hand_context,,18322.3,4.73,,1,01/e1/v1,rtmpose_baseline
corpus_01,01.Candidate was found using a mobile phone in the examination hall..mkv,b842b03e5784d867e93770560d88150a526250df69077cd3065edbbd4c842098,dfine_sahi,99620.0,unknown_object,0.2864,590.01,426.72,620.11,461.72,1053.5,30.11,34.99,0.86,False,,True,unattributed,28,evt_01-P01_upper_body_0008,bc8ab0dbe37b921a,pose_hand_context,,18322.3,4.73,,1,01/e1/v1,rtmpose_baseline
corpus_01,01.Candidate was found using a mobile phone in the examination hall..mkv,b842b03e5784d867e93770560d88150a526250df69077cd3065edbbd4c842098,dfine_sahi,99620.0,unknown_object,0.2537,649.13,386.13,744.96,481.58,9147.2,95.84,95.44,1.004,False,,True,unattributed,28,evt_01-P01_upper_body_0008,bc8ab0dbe37b921a,pose_hand_context,,18322.3,4.73,,1,01/e1/v1,rtmpose_baseline
corpus_01,01.Candidate was found using a mobile phone in the examination hall..mkv,b842b03e5784d867e93770560d88150a526250df69077cd3065edbbd4c842098,dfine_sahi,99660.0,unknown_object,0.6477,590.12,327.18,685.27,422.33,9053.2,95.15,95.15,1.0,False,,True,unattributed,28,evt_01-P04_desk_work_surface_0027,e49a8e5089300fab,pose_hand_context,,17865.0,4.79,,1,01/e1/v1,rtmpose_baseline
corpus_01,01.Candidate was found using a mobile phone in the examination hall..mkv,b842b03e5784d867e93770560d88150a526250df69077cd3065edbbd4c842098,dfine_sahi,99660.0,mouse,0.4393,639.26,368.91,660.12,377.93,188.1,20.86,9.02,2.313,False,,True,unattributed,28,evt_01-P04_desk_work_surface_0027,e49a8e5089300fab,pose_hand_context,,17865.0,4.79,,1,01/e1/v1,rtmpose_baseline
corpus_01,01.Candidate was found using a mobile phone in the examination hall..mkv,b842b03e5784d867e93770560d88150a526250df69077cd3065edbbd4c842098,dfine_sahi,99660.0,unknown_object,0.3962,590.01,386.02,666.65,463.25,5918.9,76.64,77.23,0.992,False,,True,unattributed,28,evt_01-P04_desk_work_surface_0027,e49a8e5089300fab,pose_hand_context,,17865.0,4.79,,1,01/e1/v1,rtmpose_baseline
corpus_01,01.Candidate was found using a mobile phone in the examination hall..mkv,b842b03e5784d867e93770560d88150a526250df69077cd3065edbbd4c842098,dfine_sahi,99660.0,unknown_object,0.374,613.68,368.81,660.41,379.99,522.5,46.73,11.18,4.179,False,,True,unattributed,28,evt_01-P04_desk_work_surface_0027,e49a8e5089300fab,pose_hand_context,,17865.0,4.79,,1,01/e1/v1,rtmpose_baseline
corpus_01,01.Candidate was found using a mobile phone in the examination hall..mkv,b842b03e5784d867e93770560d88150a526250df69077cd3065edbbd4c842098,dfine_sahi,99660.0,phone,0.371,648.0,368.9,660.24,377.31,102.9,12.24,8.41,1.455,True,object footprint 103 px is under the 120 px floor for a call,False,unattributed,28,evt_01-P04_desk_work_surface_0027,e49a8e5089300fab,pose_hand_context,,17865.0,4.79,,1,01/e1/v1,rtmpose_baseline
corpus_01,01.Candidate was found using a mobile phone in the examination hall..mkv,b842b03e5784d867e93770560d88150a526250df69077cd3065edbbd4c842098,dfine_sahi,99660.0,unknown_object,0.3212,648.0,365.54,678.9,406.92,1278.8,30.91,41.38,0.747,False,,True,unattributed,28,evt_01-P04_desk_work_surface_0027,e49a8e5089300fab,pose_hand_context,,17865.0,4.79,,1,01/e1/v1,rtmpose_baseline
corpus_01,01.Candidate was found using a mobile phone in the examination hall..mkv,b842b03e5784d867e93770560d88150a526250df69077cd3065edbbd4c842098,dfine_sahi,99660.0,unknown_object,0.2701,590.0,426.61,620.21,461.8,1062.9,30.21,35.19,0.858,False,,True,unattributed,28,evt_01-P04_desk_work_surface_0027,e49a8e5089300fab,pose_hand_context,,17865.0,4.79,,1,01/e1/v1,rtmpose_baseline
corpus_01,01.Candidate was found using a mobile phone in the examination hall..mkv,b842b03e5784d867e93770560d88150a526250df69077cd3065edbbd4c842098,dfine_sahi,99660.0,unknown_object,0.5267,721.99,329.66,776.79,402.63,3998.7,54.8,72.98,0.751,False,,True,unattributed,20,evt_01-P04_desk_work_surface_0027,eec7555b71a8b3e9,pose_hand_context,,5947.5,8.3,,1,01/e1/v1,rtmpose_baseline
corpus_01,01.Candidate was found using a mobile phone in the examination hall..mkv,b842b03e5784d867e93770560d88150a526250df69077cd3065edbbd4c842098,dfine_sahi,99660.0,unknown_object,0.4743,722.0,329.62,756.5,353.66,829.2,34.5,24.04,1.435,False,,True,unattributed,20,evt_01-P04_desk_work_surface_0027,eec7555b71a8b3e9,pose_hand_context,,5947.5,8.3,,1,01/e1/v1,rtmpose_baseline
corpus_01,01.Candidate was found using a mobile phone in the examination hall..mkv,b842b03e5784d867e93770560d88150a526250df69077cd3065edbbd4c842098,dfine_sahi,99660.0,unknown_object,0.4032,738.98,343.18,776.94,385.74,1615.6,37.96,42.56,0.892,False,,True,unattributed,20,evt_01-P04_desk_work_surface_0027,eec7555b71a8b3e9,pose_hand_context,,5947.5,8.3,,1,01/e1/v1,rtmpose_baseline
corpus_01,01.Candidate was found using a mobile phone in the examination hall..mkv,b842b03e5784d867e93770560d88150a526250df69077cd3065edbbd4c842098,dfine_sahi,99660.0,unknown_object,0.3264,803.46,274.57,851.89,368.34,4541.6,48.43,93.77,0.517,False,,True,unattributed,20,evt_01-P04_desk_work_surface_0027,eec7555b71a8b3e9,pose_hand_context,,5947.5,8.3,,1,01/e1/v1,rtmpose_baseline
corpus_01,01.Candidate was found using a mobile phone in the examination hall..mkv,b842b03e5784d867e93770560d88150a526250df69077cd3065edbbd4c842098,dfine_sahi,99660.0,unknown_object,0.3247,722.03,273.06,784.32,311.46,2392.0,62.3,38.4,1.622,False,,True,unattributed,20,evt_01-P04_desk_work_surface_0027,eec7555b71a8b3e9,pose_hand_context,,5947.5,8.3,,1,01/e1/v1,rtmpose_baseline
corpus_01,01.Candidate was found using a mobile phone in the examination hall..mkv,b842b03e5784d867e93770560d88150a526250df69077cd3065edbbd4c842098,dfine_sahi,99660.0,phone,0.3018,755.99,327.74,772.27,344.25,268.8,16.28,16.51,0.986,False,,True,unattributed,20,evt_01-P04_desk_work_surface_0027,eec7555b71a8b3e9,pose_hand_context,,5947.5,8.3,,1,01/e1/v1,rtmpose_baseline
corpus_01,01.Candidate was found using a mobile phone in the examination hall..mkv,b842b03e5784d867e93770560d88150a526250df69077cd3065edbbd4c842098,dfine_sahi,99660.0,unknown_object,0.2715,738.99,290.12,777.37,333.8,1675.9,38.37,43.68,0.879,False,,True,unattributed,20,evt_01-P04_desk_work_surface_0027,eec7555b71a8b3e9,pose_hand_context,,5947.5,8.3,,1,01/e1/v1,rtmpose_baseline
corpus_01,01.Candidate was found using a mobile phone in the examination hall..mkv,b842b03e5784d867e93770560d88150a526250df69077cd3065edbbd4c842098,dfine_sahi,99660.0,unknown_object,0.2593,756.0,273.04,783.88,300.32,760.5,27.88,27.28,1.022,False,,True,unattributed,20,evt_01-P04_desk_work_surface_0027,eec7555b71a8b3e9,pose_hand_context,,5947.5,8.3,,1,01/e1/v1,rtmpose_baseline
corpus_01,01.Candidate was found using a mobile phone in the examination hall..mkv,b842b03e5784d867e93770560d88150a526250df69077cd3065edbbd4c842098,dfine_sahi,99660.0,unknown_object,0.2589,756.01,273.15,784.27,334.08,1721.9,28.26,60.93,0.464,False,,True,unattributed,20,evt_01-P04_desk_work_surface_0027,eec7555b71a8b3e9,pose_hand_context,,5947.5,8.3,,1,01/e1/v1,rtmpose_baseline
corpus_01,01.Candidate was found using a mobile phone in the examination hall..mkv,b842b03e5784d867e93770560d88150a526250df69077cd3065edbbd4c842098,dfine_sahi,99700.0,unknown_object,0.6567,613.9,368.82,660.33,380.09,523.4,46.44,11.27,4.119,False,,True,unattributed,28,evt_01-P05_desk_work_surface_0036,8c1234d2ca999cd7,pose_hand_context,,18643.2,4.69,,1,01/e1/v1,rtmpose_baseline
corpus_01,01.Candidate was found using a mobile phone in the examination hall..mkv,b842b03e5784d867e93770560d88150a526250df69077cd3065edbbd4c842098,dfine_sahi,99700.0,unknown_object,0.6325,590.12,325.18,685.17,420.38,9047.9,95.04,95.2,0.998,False,,True,unattributed,28,evt_01-P05_desk_work_surface_0036,8c1234d2ca999cd7,pose_hand_context,,18643.2,4.69,,1,01/e1/v1,rtmpose_baseline
corpus_01,01.Candidate was found using a mobile phone in the examination hall..mkv,b842b03e5784d867e93770560d88150a526250df69077cd3065edbbd4c842098,dfine_sahi,99700.0,unknown_object,0.4361,599.83,362.45,679.28,470.16,8557.0,79.45,107.7,0.738,False,,True,unattributed,28,evt_01-P05_desk_work_surface_0036,8c1234d2ca999cd7,pose_hand_context,,18643.2,4.69,,1,01/e1/v1,rtmpose_baseline
corpus_01,01.Candidate was found using a mobile phone in the examination hall..mkv,b842b03e5784d867e93770560d88150a526250df69077cd3065edbbd4c842098,dfine_sahi,99700.0,unknown_object,0.383,650.0,365.52,678.93,405.15,1146.3,28.92,39.63,0.73,False,,True,unattributed,28,evt_01-P05_desk_work_surface_0036,8c1234d2ca999cd7,pose_hand_context,,18643.2,4.69,,1,01/e1/v1,rtmpose_baseline
corpus_01,01.Candidate was found using a mobile phone in the examination hall..mkv,b842b03e5784d867e93770560d88150a526250df69077cd3065edbbd4c842098,dfine_sahi,99700.0,unknown_object,0.3828,590.05,385.06,667.65,430.27,3508.3,77.61,45.21,1.717,False,,True,unattributed,28,evt_01-P05_desk_work_surface_0036,8c1234d2ca999cd7,pose_hand_context,,18643.2,4.69,,1,01/e1/v1,rtmpose_baseline
corpus_01,01.Candidate was found using a mobile phone in the examination hall..mkv,b842b03e5784d867e93770560d88150a526250df69077cd3065edbbd4c842098,dfine_sahi,99700.0,unknown_object,0.3141,650.06,385.12,745.95,480.61,9156.7,95.89,95.49,1.004,False,,True,unattributed,28,evt_01-P05_desk_work_surface_0036,8c1234d2ca999cd7,pose_hand_context,,18643.2,4.69,,1,01/e1/v1,rtmpose_baseline
corpus_01,01.Candidate was found using a mobile phone in the examination hall..mkv,b842b03e5784d867e93770560d88150a526250df69077cd3065edbbd4c842098,dfine_sahi,99700.0,unknown_object,0.2519,649.99,325.06,710.21,419.87,5709.9,60.22,94.81,0.635,False,,True,unattributed,28,evt_01-P05_desk_work_surface_0036,8c1234d2ca999cd7,pose_hand_context,,18643.2,4.69,,1,01/e1/v1,rtmpose_baseline
corpus_01,01.Candidate was found using a mobile phone in the examination hall..mkv,b842b03e5784d867e93770560d88150a526250df69077cd3065edbbd4c842098,dfine_sahi,99700.0,unknown_object,0.4209,727.0,329.72,777.47,374.84,2276.9,50.47,45.11,1.119,False,,True,unattributed,20,evt_01-P05_desk_work_surface_0036,be94302681c1b647,pose_hand_context,,4505.1,9.54,,1,01/e1/v1,rtmpose_baseline
corpus_01,01.Candidate was found using a mobile phone in the examination hall..mkv,b842b03e5784d867e93770560d88150a526250df69077cd3065edbbd4c842098,dfine_sahi,99700.0,unknown_object,0.3747,727.14,279.19,776.21,311.55,1587.8,49.06,32.36,1.516,False,,True,unattributed,20,evt_01-P05_desk_work_surface_0036,be94302681c1b647,pose_hand_context,,4505.1,9.54,,1,01/e1/v1,rtmpose_baseline
corpus_01,01.Candidate was found using a mobile phone in the examination hall..mkv,b842b03e5784d867e93770560d88150a526250df69077cd3065edbbd4c842098,dfine_sahi,99700.0,unknown_object,0.3389,727.0,329.62,756.67,357.86,837.7,29.66,28.24,1.05,False,,True,unattributed,20,evt_01-P05_desk_work_surface_0036,be94302681c1b647,pose_hand_context,,4505.1,9.54,,1,01/e1/v1,rtmpose_baseline
corpus_01,01.Candidate was found using a mobile phone in the examination hall..mkv,b842b03e5784d867e93770560d88150a526250df69077cd3065edbbd4c842098,dfine_sahi,99700.0,unknown_object,0.3317,769.67,335.75,818.24,403.48,3289.3,48.56,67.73,0.717,False,,True,unattributed,20,evt_01-P05_desk_work_surface_0036,be94302681c1b647,pose_hand_context,,4505.1,9.54,,1,01/e1/v1,rtmpose_baseline
corpus_01,01.Candidate was found using a mobile phone in the examination hall..mkv,b842b03e5784d867e93770560d88150a526250df69077cd3065edbbd4c842098,dfine_sahi,99700.0,unknown_object,0.3196,741.0,293.13,778.25,337.74,1661.6,37.25,44.61,0.835,False,,True,unattributed,20,evt_01-P05_desk_work_surface_0036,be94302681c1b647,pose_hand_context,,4505.1,9.54,,1,01/e1/v1,rtmpose_baseline
corpus_01,01.Candidate was found using a mobile phone in the examination hall..mkv,b842b03e5784d867e93770560d88150a526250df69077cd3065edbbd4c842098,dfine_sahi,99700.0,unknown_object,0.2948,755.99,341.4,777.62,374.89,724.2,21.63,33.49,0.646,False,,True,unattributed,20,evt_01-P05_desk_work_surface_0036,be94302681c1b647,pose_hand_context,,4505.1,9.54,,1,01/e1/v1,rtmpose_baseline
corpus_01,01.Candidate was found using a mobile phone in the examination hall..mkv,b842b03e5784d867e93770560d88150a526250df69077cd3065edbbd4c842098,dfine_sahi,99700.0,unknown_object,0.2913,803.66,279.43,851.96,374.38,4586.3,48.3,94.95,0.509,False,,True,unattributed,20,evt_01-P05_desk_work_surface_0036,be94302681c1b647,pose_hand_context,,4505.1,9.54,,1,01/e1/v1,rtmpose_baseline
corpus_01,01.Candidate was found using a mobile phone in the examination hall..mkv,b842b03e5784d867e93770560d88150a526250df69077cd3065edbbd4c842098,dfine_sahi,99700.0,unknown_object,0.2888,741.0,341.61,776.88,388.67,1688.3,35.88,47.06,0.762,False,,True,unattributed,20,evt_01-P05_desk_work_surface_0036,be94302681c1b647,pose_hand_context,,4505.1,9.54,,1,01/e1/v1,rtmpose_baseline
corpus_01,01.Candidate was found using a mobile phone in the examination hall..mkv,b842b03e5784d867e93770560d88150a526250df69077cd3065edbbd4c842098,dfine_sahi,99700.0,unknown_object,0.261,773.97,293.12,807.54,327.83,1165.2,33.57,34.71,0.967,False,,True,unattributed,20,evt_01-P05_desk_work_surface_0036,be94302681c1b647,pose_hand_context,,4505.1,9.54,,1,01/e1/v1,rtmpose_baseline
corpus_01,01.Candidate was found using a mobile phone in the examination hall..mkv,b842b03e5784d867e93770560d88150a526250df69077cd3065edbbd4c842098,dfine_sahi,99700.0,stationery,0.2569,779.15,320.91,813.59,344.5,812.2,34.44,23.59,1.46,False,,True,unattributed,20,evt_01-P05_desk_work_surface_0036,be94302681c1b647,pose_hand_context,,4505.1,9.54,,1,01/e1/v1,rtmpose_baseline
corpus_01,01.Candidate was found using a mobile phone in the examination hall..mkv,b842b03e5784d867e93770560d88150a526250df69077cd3065edbbd4c842098,dfine_sahi,99700.0,unknown_object,0.2526,756.03,279.13,776.05,301.04,438.7,20.02,21.91,0.914,False,,True,unattributed,20,evt_01-P05_desk_work_surface_0036,be94302681c1b647,pose_hand_context,,4505.1,9.54,,1,01/e1/v1,rtmpose_baseline
corpus_01,01.Candidate was found using a mobile phone in the examination hall..mkv,b842b03e5784d867e93770560d88150a526250df69077cd3065edbbd4c842098,dfine_sahi,99700.0,phone,0.2514,756.03,335.2,770.26,347.42,174.0,14.23,12.22,1.164,False,,True,unattributed,20,evt_01-P05_desk_work_surface_0036,be94302681c1b647,pose_hand_context,,4505.1,9.54,,1,01/e1/v1,rtmpose_baseline
corpus_01,01.Candidate was found using a mobile phone in the examination hall..mkv,b842b03e5784d867e93770560d88150a526250df69077cd3065edbbd4c842098,dfine_sahi,99740.0,unknown_object,0.6815,589.18,327.19,684.69,422.3,9082.9,95.5,95.11,1.004,False,,True,unattributed,28,evt_01-P06_desk_work_surface_0044,0d98e1cd232f409e,pose_hand_context,,18517.8,4.7,,1,01/e1/v1,rtmpose_baseline
corpus_01,01.Candidate was found using a mobile phone in the examination hall..mkv,b842b03e5784d867e93770560d88150a526250df69077cd3065edbbd4c842098,dfine_sahi,99740.0,unknown_object,0.4956,613.2,368.83,660.43,380.09,531.7,47.23,11.26,4.196,False,,True,unattributed,28,evt_01-P06_desk_work_surface_0044,0d98e1cd232f409e,pose_hand_context,,18517.8,4.7,,1,01/e1/v1,rtmpose_baseline
corpus_01,01.Candidate was found using a mobile phone in the examination hall..mkv,b842b03e5784d867e93770560d88150a526250df69077cd3065edbbd4c842098,dfine_sahi,99740.0,unknown_object,0.464,683.2,404.67,704.24,482.68,1641.4,21.04,78.01,0.27,False,,True,unattributed,28,evt_01-P06_desk_work_surface_0044,0d98e1cd232f409e,pose_hand_context,,18517.8,4.7,,1,01/e1/v1,rtmpose_baseline
corpus_01,01.Candidate was found using a mobile phone in the examination hall..mkv,b842b03e5784d867e93770560d88150a526250df69077cd3065edbbd4c842098,dfine_sahi,99740.0,mouse,0.4414,639.36,368.92,660.19,377.89,186.8,20.84,8.96,2.324,False,,True,unattributed,28,evt_01-P06_desk_work_surface_0044,0d98e1cd232f409e,pose_hand_context,,18517.8,4.7,,1,01/e1/v1,rtmpose_baseline
corpus_01,01.Candidate was found using a mobile phone in the examination hall..mkv,b842b03e5784d867e93770560d88150a526250df69077cd3065edbbd4c842098,dfine_sahi,99740.0,unknown_object,0.4065,589.01,387.03,666.21,463.49,5903.0,77.2,76.46,1.01,False,,True,unattributed,28,evt_01-P06_desk_work_surface_0044,0d98e1cd232f409e,pose_hand_context,,18517.8,4.7,,1,01/e1/v1,rtmpose_baseline
corpus_01,01.Candidate was found using a mobile phone in the examination hall..mkv,b842b03e5784d867e93770560d88150a526250df69077cd3065edbbd4c842098,dfine_sahi,99740.0,phone,0.3631,648.0,368.92,660.27,377.34,103.2,12.26,8.42,1.457,True,object footprint 103 px is under the 120 px floor for a call,False,unattributed,28,evt_01-P06_desk_work_surface_0044,0d98e1cd232f409e,pose_hand_context,,18517.8,4.7,,1,01/e1/v1,rtmpose_baseline
corpus_01,01.Candidate was found using a mobile phone in the examination hall..mkv,b842b03e5784d867e93770560d88150a526250df69077cd3065edbbd4c842098,dfine_sahi,99740.0,unknown_object,0.308,648.0,365.63,678.84,407.4,1288.0,30.84,41.77,0.738,False,,True,unattributed,28,evt_01-P06_desk_work_surface_0044,0d98e1cd232f409e,pose_hand_context,,18517.8,4.7,,1,01/e1/v1,rtmpose_baseline
corpus_01,01.Candidate was found using a mobile phone in the examination hall..mkv,b842b03e5784d867e93770560d88150a526250df69077cd3065edbbd4c842098,dfine_sahi,99740.0,unknown_object,0.2791,648.06,387.11,743.94,482.59,9155.1,95.88,95.48,1.004,False,,True,unattributed,28,evt_01-P06_desk_work_surface_0044,0d98e1cd232f409e,pose_hand_context,,18517.8,4.7,,1,01/e1/v1,rtmpose_baseline
corpus_01,01.Candidate was found using a mobile phone in the examination hall..mkv,b842b03e5784d867e93770560d88150a526250df69077cd3065edbbd4c842098,dfine_sahi,99740.0,unknown_object,0.2769,651.63,387.06,695.22,430.59,1897.6,43.59,43.54,1.001,False,,True,unattributed,28,evt_01-P06_desk_work_surface_0044,0d98e1cd232f409e,pose_hand_context,,18517.8,4.7,,1,01/e1/v1,rtmpose_baseline
corpus_01,01.Candidate was found using a mobile phone in the examination hall..mkv,b842b03e5784d867e93770560d88150a526250df69077cd3065edbbd4c842098,dfine_sahi,99740.0,unknown_object,0.2527,599.63,454.25,639.21,472.98,741.7,39.58,18.74,2.113,False,,True,unattributed,28,evt_01-P06_desk_work_surface_0044,0d98e1cd232f409e,pose_hand_context,,18517.8,4.7,,1,01/e1/v1,rtmpose_baseline
corpus_01,01.Candidate was found using a mobile phone in the examination hall..mkv,b842b03e5784d867e93770560d88150a526250df69077cd3065edbbd4c842098,dfine_sahi,99740.0,unknown_object,0.2508,589.01,426.66,620.36,462.43,1121.7,31.35,35.77,0.876,False,,True,unattributed,28,evt_01-P06_desk_work_surface_0044,0d98e1cd232f409e,pose_hand_context,,18517.8,4.7,,1,01/e1/v1,rtmpose_baseline
corpus_01,01.Candidate was found using a mobile phone in the examination hall..mkv,b842b03e5784d867e93770560d88150a526250df69077cd3065edbbd4c842098,dfine_sahi,99740.0,unknown_object,0.4654,731.08,282.15,777.52,335.43,2474.6,46.44,53.29,0.872,False,,True,unattributed,20,evt_01-P06_desk_work_surface_0044,aa780c5a72eecebe,pose_hand_context,,4149.9,9.93,,1,01/e1/v1,rtmpose_baseline
corpus_01,01.Candidate was found using a mobile phone in the examination hall..mkv,b842b03e5784d867e93770560d88150a526250df69077cd3065edbbd4c842098,dfine_sahi,99740.0,unknown_object,0.368,769.82,340.23,819.38,405.57,3238.2,49.56,65.34,0.759,False,,True,unattributed,20,evt_01-P06_desk_work_surface_0044,aa780c5a72eecebe,pose_hand_context,,4149.9,9.93,,1,01/e1/v1,rtmpose_baseline
corpus_01,01.Candidate was found using a mobile phone in the examination hall..mkv,b842b03e5784d867e93770560d88150a526250df69077cd3065edbbd4c842098,dfine_sahi,99740.0,unknown_object,0.342,759.0,282.33,777.64,336.71,1013.3,18.63,54.38,0.343,False,,True,unattributed,20,evt_01-P06_desk_work_surface_0044,aa780c5a72eecebe,pose_hand_context,,4149.9,9.93,,1,01/e1/v1,rtmpose_baseline
corpus_01,01.Candidate was found using a mobile phone in the examination hall..mkv,b842b03e5784d867e93770560d88150a526250df69077cd3065edbbd4c842098,dfine_sahi,99740.0,unknown_object,0.3328,803.4,282.23,855.01,377.29,4905.2,51.61,95.05,0.543,False,,True,unattributed,20,evt_01-P06_desk_work_surface_0044,aa780c5a72eecebe,pose_hand_context,,4149.9,9.93,,1,01/e1/v1,rtmpose_baseline
corpus_01,01.Candidate was found using a mobile phone in the examination hall..mkv,b842b03e5784d867e93770560d88150a526250df69077cd3065edbbd4c842098,dfine_sahi,99740.0,bag,0.3262,744.98,341.27,776.79,391.6,1601.1,31.81,50.33,0.632,False,,True,unattributed,20,evt_01-P06_desk_work_surface_0044,aa780c5a72eecebe,pose_hand_context,,4149.9,9.93,,1,01/e1/v1,rtmpose_baseline
corpus_01,01.Candidate was found using a mobile phone in the examination hall..mkv,b842b03e5784d867e93770560d88150a526250df69077cd3065edbbd4c842098,dfine_sahi,99740.0,unknown_object,0.2696,815.12,310.28,854.98,405.55,3797.0,39.86,95.27,0.418,False,,True,unattributed,20,evt_01-P06_desk_work_surface_0044,aa780c5a72eecebe,pose_hand_context,,4149.9,9.93,,1,01/e1/v1,rtmpose_baseline
corpus_01,01.Candidate was found using a mobile phone in the examination hall..mkv,b842b03e5784d867e93770560d88150a526250df69077cd3065edbbd4c842098,dfine_sahi,99740.0,unknown_object,0.2615,817.18,355.17,846.44,377.95,666.4,29.26,22.78,1.284,False,,True,unattributed,20,evt_01-P06_desk_work_surface_0044,aa780c5a72eecebe,pose_hand_context,,4149.9,9.93,,1,01/e1/v1,rtmpose_baseline
corpus_01,01.Candidate was found using a mobile phone in the examination hall..mkv,b842b03e5784d867e93770560d88150a526250df69077cd3065edbbd4c842098,dfine_sahi,99860.0,unknown_object,0.2928,802.16,297.16,850.01,392.5,4561.8,47.85,95.33,0.502,False,,True,unattributed,20,evt_01-P05_upper_body_0040,00108bc942e1fb71,pose_hand_context,,2304.0,13.33,,1,01/e1/v1,rtmpose_baseline
corpus_01,01.Candidate was found using a mobile phone in the examination hall..mkv,b842b03e5784d867e93770560d88150a526250df69077cd3065edbbd4c842098,dfine_sahi,99860.0,unknown_object,0.2608,770.17,351.13,820.24,392.58,2075.2,50.07,41.44,1.208,False,,True,unattributed,20,evt_01-P05_upper_body_0040,00108bc942e1fb71,pose_hand_context,,2304.0,13.33,,1,01/e1/v1,rtmpose_baseline
corpus_01,01.Candidate was found using a mobile phone in the examination hall..mkv,b842b03e5784d867e93770560d88150a526250df69077cd3065edbbd4c842098,dfine_sahi,99860.0,unknown_object,0.5787,590.14,328.17,685.33,423.31,9056.2,95.19,95.14,1.0,False,,True,unattributed,28,evt_01-P05_upper_body_0040,cfaa82d5b7c21689,pose_hand_context,,18414.5,4.72,,1,01/e1/v1,rtmpose_baseline
corpus_01,01.Candidate was found using a mobile phone in the examination hall..mkv,b842b03e5784d867e93770560d88150a526250df69077cd3065edbbd4c842098,dfine_sahi,99860.0,unknown_object,0.4144,599.87,361.53,679.67,451.93,7214.7,79.8,90.41,0.883,False,,True,unattributed,28,evt_01-P05_upper_body_0040,cfaa82d5b7c21689,pose_hand_context,,18414.5,4.72,,1,01/e1/v1,rtmpose_baseline
corpus_01,01.Candidate was found using a mobile phone in the examination hall..mkv,b842b03e5784d867e93770560d88150a526250df69077cd3065edbbd4c842098,dfine_sahi,99860.0,unknown_object,0.3924,684.2,403.3,705.21,483.62,1687.5,21.01,80.33,0.262,False,,True,unattributed,28,evt_01-P05_upper_body_0040,cfaa82d5b7c21689,pose_hand_context,,18414.5,4.72,,1,01/e1/v1,rtmpose_baseline
corpus_01,01.Candidate was found using a mobile phone in the examination hall..mkv,b842b03e5784d867e93770560d88150a526250df69077cd3065edbbd4c842098,dfine_sahi,99860.0,unknown_object,0.3688,613.22,368.79,660.44,380.12,534.9,47.21,11.33,4.167,False,,True,unattributed,28,evt_01-P05_upper_body_0040,cfaa82d5b7c21689,pose_hand_context,,18414.5,4.72,,1,01/e1/v1,rtmpose_baseline
corpus_01,01.Candidate was found using a mobile phone in the examination hall..mkv,b842b03e5784d867e93770560d88150a526250df69077cd3065edbbd4c842098,dfine_sahi,99860.0,unknown_object,0.3457,651.66,388.07,694.85,430.28,1823.5,43.19,42.22,1.023,False,,True,unattributed,28,evt_01-P05_upper_body_0040,cfaa82d5b7c21689,pose_hand_context,,18414.5,4.72,,1,01/e1/v1,rtmpose_baseline
corpus_01,01.Candidate was found using a mobile phone in the examination hall..mkv,b842b03e5784d867e93770560d88150a526250df69077cd3065edbbd4c842098,dfine_sahi,99860.0,unknown_object,0.3385,590.05,388.07,665.95,430.32,3207.1,75.9,42.25,1.796,False,,True,unattributed,28,evt_01-P05_upper_body_0040,cfaa82d5b7c21689,pose_hand_context,,18414.5,4.72,,1,01/e1/v1,rtmpose_baseline
corpus_01,01.Candidate was found using a mobile phone in the examination hall..mkv,b842b03e5784d867e93770560d88150a526250df69077cd3065edbbd4c842098,dfine_sahi,99860.0,unknown_object,0.3172,590.0,388.07,666.48,482.63,7230.8,76.47,94.55,0.809,False,,True,unattributed,28,evt_01-P05_upper_body_0040,cfaa82d5b7c21689,pose_hand_context,,18414.5,4.72,,1,01/e1/v1,rtmpose_baseline
corpus_01,01.Candidate was found using a mobile phone in the examination hall..mkv,b842b03e5784d867e93770560d88150a526250df69077cd3065edbbd4c842098,dfine_sahi,99860.0,unknown_object,0.2976,648.99,365.28,679.67,423.02,1771.8,30.68,57.75,0.531,False,,True,unattributed,28,evt_01-P05_upper_body_0040,cfaa82d5b7c21689,pose_hand_context,,18414.5,4.72,,1,01/e1/v1,rtmpose_baseline
corpus_01,01.Candidate was found using a mobile phone in the examination hall..mkv,b842b03e5784d867e93770560d88150a526250df69077cd3065edbbd4c842098,dfine_sahi,99860.0,unknown_object,0.2688,639.29,368.88,660.13,378.01,190.3,20.84,9.13,2.283,False,,True,unattributed,28,evt_01-P05_upper_body_0040,cfaa82d5b7c21689,pose_hand_context,,18414.5,4.72,,1,01/e1/v1,rtmpose_baseline
corpus_01,01.Candidate was found using a mobile phone in the examination hall..mkv,b842b03e5784d867e93770560d88150a526250df69077cd3065edbbd4c842098,dfine_sahi,99860.0,unknown_object,0.2512,695.32,388.33,744.97,483.39,4719.4,49.65,95.05,0.522,False,,True,unattributed,28,evt_01-P05_upper_body_0040,cfaa82d5b7c21689,pose_hand_context,,18414.5,4.72,,1,01/e1/v1,rtmpose_baseline
corpus_01,01.Candidate was found using a mobile phone in the examination hall..mkv,b842b03e5784d867e93770560d88150a526250df69077cd3065edbbd4c842098,dfine_sahi,100100.0,mouse,0.5231,647.0,368.82,660.1,377.34,111.6,13.1,8.52,1.538,True,object footprint 112 px is under the 120 px floor for a call,False,unattributed,28,evt_01-P01_desk_work_surface_0004,25e5b3097983c9dc,pose_hand_context,,16225.7,5.02,,1,01/e1/v1,rtmpose_baseline
corpus_01,01.Candidate was found using a mobile phone in the examination hall..mkv,b842b03e5784d867e93770560d88150a526250df69077cd3065edbbd4c842098,dfine_sahi,100100.0,unknown_object,0.5066,647.0,365.53,680.03,406.49,1352.7,33.02,40.96,0.806,False,,True,unattributed,28,evt_01-P01_desk_work_surface_0004,25e5b3097983c9dc,pose_hand_context,,16225.7,5.02,,1,01/e1/v1,rtmpose_baseline
corpus_01,01.Candidate was found using a mobile phone in the examination hall..mkv,b842b03e5784d867e93770560d88150a526250df69077cd3065edbbd4c842098,dfine_sahi,100100.0,unknown_object,0.443,591.02,331.16,685.98,426.53,9056.6,94.96,95.37,0.996,False,,True,unattributed,28,evt_01-P01_desk_work_surface_0004,25e5b3097983c9dc,pose_hand_context,,16225.7,5.02,,1,01/e1/v1,rtmpose_baseline
corpus_01,01.Candidate was found using a mobile phone in the examination hall..mkv,b842b03e5784d867e93770560d88150a526250df69077cd3065edbbd4c842098,dfine_sahi,100100.0,unknown_object,0.3984,591.02,387.02,667.57,462.52,5780.6,76.56,75.51,1.014,False,,True,unattributed,28,evt_01-P01_desk_work_surface_0004,25e5b3097983c9dc,pose_hand_context,,16225.7,5.02,,1,01/e1/v1,rtmpose_baseline
corpus_01,01.Candidate was found using a mobile phone in the examination hall..mkv,b842b03e5784d867e93770560d88150a526250df69077cd3065edbbd4c842098,dfine_sahi,100100.0,unknown_object,0.394,604.92,452.58,639.83,471.0,643.3,34.91,18.43,1.895,False,,True,unattributed,28,evt_01-P01_desk_work_surface_0004,25e5b3097983c9dc,pose_hand_context,,16225.7,5.02,,1,01/e1/v1,rtmpose_baseline
corpus_01,01.Candidate was found using a mobile phone in the examination hall..mkv,b842b03e5784d867e93770560d88150a526250df69077cd3065edbbd4c842098,dfine_sahi,100100.0,unknown_object,0.375,614.91,368.65,660.43,380.08,520.3,45.52,11.43,3.982,False,,True,unattributed,28,evt_01-P01_desk_work_surface_0004,25e5b3097983c9dc,pose_hand_context,,16225.7,5.02,,1,01/e1/v1,rtmpose_baseline
corpus_01,01.Candidate was found using a mobile phone in the examination hall..mkv,b842b03e5784d867e93770560d88150a526250df69077cd3065edbbd4c842098,dfine_sahi,100100.0,unknown_object,0.2916,685.29,404.44,708.75,482.66,1834.4,23.45,78.22,0.3,False,,True,unattributed,28,evt_01-P01_desk_work_surface_0004,25e5b3097983c9dc,pose_hand_context,,16225.7,5.02,,1,01/e1/v1,rtmpose_baseline
corpus_01,01.Candidate was found using a mobile phone in the examination hall..mkv,b842b03e5784d867e93770560d88150a526250df69077cd3065edbbd4c842098,dfine_sahi,100100.0,unknown_object,0.2806,591.03,387.12,620.83,429.53,1263.4,29.79,42.4,0.703,False,,True,unattributed,28,evt_01-P01_desk_work_surface_0004,25e5b3097983c9dc,pose_hand_context,,16225.7,5.02,,1,01/e1/v1,rtmpose_baseline
corpus_01,01.Candidate was found using a mobile phone in the examination hall..mkv,b842b03e5784d867e93770560d88150a526250df69077cd3065edbbd4c842098,dfine_sahi,100100.0,unknown_object,0.2718,633.06,427.89,686.43,482.49,2913.9,53.37,54.6,0.977,False,,True,unattributed,28,evt_01-P01_desk_work_surface_0004,25e5b3097983c9dc,pose_hand_context,,16225.7,5.02,,1,01/e1/v1,rtmpose_baseline
corpus_01,01.Candidate was found using a mobile phone in the examination hall..mkv,b842b03e5784d867e93770560d88150a526250df69077cd3065edbbd4c842098,dfine_sahi,100100.0,unknown_object,0.2629,591.01,426.96,620.18,461.23,999.4,29.17,34.26,0.851,False,,True,unattributed,28,evt_01-P01_desk_work_surface_0004,25e5b3097983c9dc,pose_hand_context,,16225.7,5.02,,1,01/e1/v1,rtmpose_baseline
corpus_01,01.Candidate was found using a mobile phone in the examination hall..mkv,b842b03e5784d867e93770560d88150a526250df69077cd3065edbbd4c842098,dfine_sahi,100100.0,bag,0.2964,773.46,342.79,820.08,381.75,1816.5,46.62,38.96,1.197,False,,True,unattributed,20,evt_01-P01_desk_work_surface_0004,30f62560ca72e9e9,pose_hand_context,,2965.9,11.75,,1,01/e1/v1,rtmpose_baseline
corpus_01,01.Candidate was found using a mobile phone in the examination hall..mkv,b842b03e5784d867e93770560d88150a526250df69077cd3065edbbd4c842098,dfine_sahi,100100.0,stationery,0.2601,764.32,331.66,800.61,346.53,539.9,36.3,14.87,2.44,False,,True,unattributed,20,evt_01-P01_desk_work_surface_0004,30f62560ca72e9e9,pose_hand_context,,2965.9,11.75,,1,01/e1/v1,rtmpose_baseline
corpus_01,01.Candidate was found using a mobile phone in the examination hall..mkv,b842b03e5784d867e93770560d88150a526250df69077cd3065edbbd4c842098,dfine_sahi,100660.0,unknown_object,0.5675,651.07,373.13,741.9,468.49,8661.1,90.83,95.35,0.953,False,,True,unattributed,28,evt_01-P04_desk_work_surface_0027,3de31b26b6a6eeab,pose_hand_context,,14762.2,5.27,,1,01/e1/v1,rtmpose_baseline
corpus_01,01.Candidate was found using a mobile phone in the examination hall..mkv,b842b03e5784d867e93770560d88150a526250df69077cd3065edbbd4c842098,dfine_sahi,100660.0,unknown_object,0.4589,614.52,368.89,660.5,380.15,517.6,45.98,11.26,4.084,False,,True,unattributed,28,evt_01-P04_desk_work_surface_0027,3de31b26b6a6eeab,pose_hand_context,,14762.2,5.27,,1,01/e1/v1,rtmpose_baseline
corpus_01,01.Candidate was found using a mobile phone in the examination hall..mkv,b842b03e5784d867e93770560d88150a526250df69077cd3065edbbd4c842098,dfine_sahi,100660.0,unknown_object,0.4523,592.76,320.2,685.1,415.48,8798.3,92.34,95.28,0.969,False,,True,unattributed,28,evt_01-P04_desk_work_surface_0027,3de31b26b6a6eeab,pose_hand_context,,14762.2,5.27,,1,01/e1/v1,rtmpose_baseline
corpus_01,01.Candidate was found using a mobile phone in the examination hall..mkv,b842b03e5784d867e93770560d88150a526250df69077cd3065edbbd4c842098,dfine_sahi,100660.0,unknown_object,0.4402,606.96,363.28,672.55,453.61,5924.1,65.59,90.32,0.726,False,,True,unattributed,28,evt_01-P04_desk_work_surface_0027,3de31b26b6a6eeab,pose_hand_context,,14762.2,5.27,,1,01/e1/v1,rtmpose_baseline
corpus_01,01.Candidate was found using a mobile phone in the examination hall..mkv,b842b03e5784d867e93770560d88150a526250df69077cd3065edbbd4c842098,dfine_sahi,100660.0,mouse,0.4004,639.08,368.88,660.01,378.13,193.5,20.92,9.25,2.263,False,,True,unattributed,28,evt_01-P04_desk_work_surface_0027,3de31b26b6a6eeab,pose_hand_context,,14762.2,5.27,,1,01/e1/v1,rtmpose_baseline
corpus_01,01.Candidate was found using a mobile phone in the examination hall..mkv,b842b03e5784d867e93770560d88150a526250df69077cd3065edbbd4c842098,dfine_sahi,100660.0,stationery,0.3798,645.99,365.21,672.55,409.25,1169.8,26.56,44.04,0.603,False,,True,unattributed,28,evt_01-P04_desk_work_surface_0027,3de31b26b6a6eeab,pose_hand_context,,14762.2,5.27,,1,01/e1/v1,rtmpose_baseline
corpus_01,01.Candidate was found using a mobile phone in the examination hall..mkv,b842b03e5784d867e93770560d88150a526250df69077cd3065edbbd4c842098,dfine_sahi,100660.0,unknown_object,0.337,684.42,408.3,706.04,468.71,1306.0,21.62,60.41,0.358,False,,True,unattributed,28,evt_01-P04_desk_work_surface_0027,3de31b26b6a6eeab,pose_hand_context,,14762.2,5.27,,1,01/e1/v1,rtmpose_baseline
corpus_01,01.Candidate was found using a mobile phone in the examination hall..mkv,b842b03e5784d867e93770560d88150a526250df69077cd3065edbbd4c842098,dfine_sahi,100660.0,unknown_object,0.3069,651.48,373.15,702.55,429.15,2860.1,51.08,56.0,0.912,False,,True,unattributed,28,evt_01-P04_desk_work_surface_0027,3de31b26b6a6eeab,pose_hand_context,,14762.2,5.27,,1,01/e1/v1,rtmpose_baseline
corpus_01,01.Candidate was found using a mobile phone in the examination hall..mkv,b842b03e5784d867e93770560d88150a526250df69077cd3065edbbd4c842098,dfine_sahi,100660.0,unknown_object,0.3003,646.07,320.07,709.6,366.85,2972.3,63.54,46.78,1.358,False,,True,unattributed,28,evt_01-P04_desk_work_surface_0027,3de31b26b6a6eeab,pose_hand_context,,14762.2,5.27,,1,01/e1/v1,rtmpose_baseline
corpus_01,01.Candidate was found using a mobile phone in the examination hall..mkv,b842b03e5784d867e93770560d88150a526250df69077cd3065edbbd4c842098,dfine_sahi,100660.0,keyboard,0.2624,646.02,373.1,673.53,408.03,960.7,27.51,34.93,0.788,False,,True,unattributed,28,evt_01-P04_desk_work_surface_0027,3de31b26b6a6eeab,pose_hand_context,,14762.2,5.27,,1,01/e1/v1,rtmpose_baseline
corpus_01,01.Candidate was found using a mobile phone in the examination hall..mkv,b842b03e5784d867e93770560d88150a526250df69077cd3065edbbd4c842098,dfine_sahi,100660.0,unknown_object,0.2593,694.38,320.06,741.84,340.27,959.3,47.46,20.21,2.348,False,,True,unattributed,28,evt_01-P04_desk_work_surface_0027,3de31b26b6a6eeab,pose_hand_context,,14762.2,5.27,,1,01/e1/v1,rtmpose_baseline
corpus_01,01.Candidate was found using a mobile phone in the examination hall..mkv,b842b03e5784d867e93770560d88150a526250df69077cd3065edbbd4c842098,dfine_sahi,100660.0,unknown_object,0.8111,764.67,321.19,795.84,369.04,1491.5,31.17,47.85,0.651,False,,True,unattributed,20,evt_01-P04_desk_work_surface_0027,88123849d7d7fbfe,pose_hand_context,,11321.0,6.02,,1,01/e1/v1,rtmpose_baseline
corpus_01,01.Candidate was found using a mobile phone in the examination hall..mkv,b842b03e5784d867e93770560d88150a526250df69077cd3065edbbd4c842098,dfine_sahi,100660.0,bag,0.5302,768.51,343.83,819.64,402.55,3001.9,51.12,58.72,0.871,False,,True,unattributed,20,evt_01-P04_desk_work_surface_0027,88123849d7d7fbfe,pose_hand_context,,11321.0,6.02,,1,01/e1/v1,rtmpose_baseline
corpus_01,01.Candidate was found using a mobile phone in the examination hall..mkv,b842b03e5784d867e93770560d88150a526250df69077cd3065edbbd4c842098,dfine_sahi,100660.0,unknown_object,0.4266,832.84,307.13,875.97,368.96,2666.8,43.13,61.83,0.698,False,,True,unattributed,20,evt_01-P04_desk_work_surface_0027,88123849d7d7fbfe,pose_hand_context,,11321.0,6.02,,1,01/e1/v1,rtmpose_baseline
corpus_01,01.Candidate was found using a mobile phone in the examination hall..mkv,b842b03e5784d867e93770560d88150a526250df69077cd3065edbbd4c842098,dfine_sahi,100660.0,bag,0.3184,804.36,322.05,843.23,356.91,1355.0,38.87,34.86,1.115,False,,True,unattributed,20,evt_01-P04_desk_work_surface_0027,88123849d7d7fbfe,pose_hand_context,,11321.0,6.02,,1,01/e1/v1,rtmpose_baseline
corpus_01,01.Candidate was found using a mobile phone in the examination hall..mkv,b842b03e5784d867e93770560d88150a526250df69077cd3065edbbd4c842098,dfine_sahi,100660.0,unknown_object,0.307,779.99,321.78,795.75,356.82,552.2,15.76,35.03,0.45,False,,True,unattributed,20,evt_01-P04_desk_work_surface_0027,88123849d7d7fbfe,pose_hand_context,,11321.0,6.02,,1,01/e1/v1,rtmpose_baseline
corpus_01,01.Candidate was found using a mobile phone in the examination hall..mkv,b842b03e5784d867e93770560d88150a526250df69077cd3065edbbd4c842098,dfine_sahi,100660.0,bag,0.271,815.83,322.07,849.67,384.34,2107.5,33.84,62.28,0.543,False,,True,unattributed,20,evt_01-P04_desk_work_surface_0027,88123849d7d7fbfe,pose_hand_context,,11321.0,6.02,,1,01/e1/v1,rtmpose_baseline
corpus_01,01.Candidate was found using a mobile phone in the examination hall..mkv,b842b03e5784d867e93770560d88150a526250df69077cd3065edbbd4c842098,dfine_sahi,100660.0,bag,0.262,798.22,343.93,818.38,376.63,659.2,20.17,32.69,0.617,False,,True,unattributed,20,evt_01-P04_desk_work_surface_0027,88123849d7d7fbfe,pose_hand_context,,11321.0,6.02,,1,01/e1/v1,rtmpose_baseline
corpus_01,01.Candidate was found using a mobile phone in the examination hall..mkv,b842b03e5784d867e93770560d88150a526250df69077cd3065edbbd4c842098,dfine_sahi,100700.0,unknown_object,0.6907,766.52,321.78,795.79,370.3,1420.0,29.27,48.52,0.603,False,,True,unattributed,20,evt_01-P05_desk_work_surface_0036,7d63985fbac96e6b,pose_hand_context,,11802.6,5.89,,1,01/e1/v1,rtmpose_baseline
corpus_01,01.Candidate was found using a mobile phone in the examination hall..mkv,b842b03e5784d867e93770560d88150a526250df69077cd3065edbbd4c842098,dfine_sahi,100700.0,bag,0.5953,769.78,343.9,819.13,384.63,2009.7,49.34,40.73,1.212,False,,True,unattributed,20,evt_01-P05_desk_work_surface_0036,7d63985fbac96e6b,pose_hand_context,,11802.6,5.89,,1,01/e1/v1,rtmpose_baseline
corpus_01,01.Candidate was found using a mobile phone in the examination hall..mkv,b842b03e5784d867e93770560d88150a526250df69077cd3065edbbd4c842098,dfine_sahi,100700.0,unknown_object,0.4795,826.03,306.11,874.91,386.65,3936.8,48.88,80.54,0.607,False,,True,unattributed,20,evt_01-P05_desk_work_surface_0036,7d63985fbac96e6b,pose_hand_context,,11802.6,5.89,,1,01/e1/v1,rtmpose_baseline
corpus_01,01.Candidate was found using a mobile phone in the examination hall..mkv,b842b03e5784d867e93770560d88150a526250df69077cd3065edbbd4c842098,dfine_sahi,100700.0,unknown_object,0.445,778.97,259.11,836.93,324.61,3796.6,57.96,65.5,0.885,False,,True,unattributed,20,evt_01-P05_desk_work_surface_0036,7d63985fbac96e6b,pose_hand_context,,11802.6,5.89,,1,01/e1/v1,rtmpose_baseline
corpus_01,01.Candidate was found using a mobile phone in the examination hall..mkv,b842b03e5784d867e93770560d88150a526250df69077cd3065edbbd4c842098,dfine_sahi,100700.0,bag,0.4352,813.45,320.21,848.92,384.69,2286.9,35.47,64.47,0.55,False,,True,unattributed,20,evt_01-P05_desk_work_surface_0036,7d63985fbac96e6b,pose_hand_context,,11802.6,5.89,,1,01/e1/v1,rtmpose_baseline
corpus_01,01.Candidate was found using a mobile phone in the examination hall..mkv,b842b03e5784d867e93770560d88150a526250df69077cd3065edbbd4c842098,dfine_sahi,100700.0,bag,0.4124,749.0,333.65,771.12,384.65,1127.9,22.11,51.01,0.434,False,,True,unattributed,20,evt_01-P05_desk_work_surface_0036,7d63985fbac96e6b,pose_hand_context,,11802.6,5.89,,1,01/e1/v1,rtmpose_baseline
corpus_01,01.Candidate was found using a mobile phone in the examination hall..mkv,b842b03e5784d867e93770560d88150a526250df69077cd3065edbbd4c842098,dfine_sahi,100700.0,unknown_object,0.4088,779.09,306.1,874.87,401.25,9113.2,95.78,95.15,1.007,False,,True,unattributed,20,evt_01-P05_desk_work_surface_0036,7d63985fbac96e6b,pose_hand_context,,11802.6,5.89,,1,01/e1/v1,rtmpose_baseline
corpus_01,01.Candidate was found using a mobile phone in the examination hall..mkv,b842b03e5784d867e93770560d88150a526250df69077cd3065edbbd4c842098,dfine_sahi,100700.0,bag,0.369,801.96,320.1,837.42,353.82,1195.7,35.46,33.72,1.052,False,,True,unattributed,20,evt_01-P05_desk_work_surface_0036,7d63985fbac96e6b,pose_hand_context,,11802.6,5.89,,1,01/e1/v1,rtmpose_baseline
corpus_01,01.Candidate was found using a mobile phone in the examination hall..mkv,b842b03e5784d867e93770560d88150a526250df69077cd3065edbbd4c842098,dfine_sahi,100700.0,unknown_object,0.295,731.01,330.75,771.09,401.37,2830.3,40.08,70.62,0.568,False,,True,unattributed,20,evt_01-P05_desk_work_surface_0036,7d63985fbac96e6b,pose_hand_context,,11802.6,5.89,,1,01/e1/v1,rtmpose_baseline
corpus_01,01.Candidate was found using a mobile phone in the examination hall..mkv,b842b03e5784d867e93770560d88150a526250df69077cd3065edbbd4c842098,dfine_sahi,100700.0,bag,0.2537,779.02,306.04,813.8,324.61,646.1,34.78,18.57,1.873,False,,True,unattributed,20,evt_01-P05_desk_work_surface_0036,7d63985fbac96e6b,pose_hand_context,,11802.6,5.89,,1,01/e1/v1,rtmpose_baseline
corpus_01,01.Candidate was found using a mobile phone in the examination hall..mkv,b842b03e5784d867e93770560d88150a526250df69077cd3065edbbd4c842098,dfine_sahi,100700.0,mouse,0.7025,639.31,370.04,660.22,378.16,169.8,20.9,8.13,2.572,False,,True,unattributed,28,evt_01-P05_desk_work_surface_0036,a5590921a1a16148,pose_hand_context,,14023.3,5.4,,1,01/e1/v1,rtmpose_baseline
corpus_01,01.Candidate was found using a mobile phone in the examination hall..mkv,b842b03e5784d867e93770560d88150a526250df69077cd3065edbbd4c842098,dfine_sahi,100700.0,unknown_object,0.6462,651.47,370.15,743.91,465.55,8818.8,92.44,95.4,0.969,False,,True,unattributed,28,evt_01-P05_desk_work_surface_0036,a5590921a1a16148,pose_hand_context,,14023.3,5.4,,1,01/e1/v1,rtmpose_baseline
corpus_01,01.Candidate was found using a mobile phone in the examination hall..mkv,b842b03e5784d867e93770560d88150a526250df69077cd3065edbbd4c842098,dfine_sahi,100700.0,unknown_object,0.5712,613.71,368.88,660.56,380.18,529.0,46.84,11.29,4.148,False,,True,unattributed,28,evt_01-P05_desk_work_surface_0036,a5590921a1a16148,pose_hand_context,,14023.3,5.4,,1,01/e1/v1,rtmpose_baseline
corpus_01,01.Candidate was found using a mobile phone in the examination hall..mkv,b842b03e5784d867e93770560d88150a526250df69077cd3065edbbd4c842098,dfine_sahi,100700.0,unknown_object,0.5279,596.98,370.02,678.83,463.27,7632.1,81.85,93.24,0.878,False,,True,unattributed,28,evt_01-P05_desk_work_surface_0036,a5590921a1a16148,pose_hand_context,,14023.3,5.4,,1,01/e1/v1,rtmpose_baseline
corpus_01,01.Candidate was found using a mobile phone in the examination hall..mkv,b842b03e5784d867e93770560d88150a526250df69077cd3065edbbd4c842098,dfine_sahi,100700.0,stationery,0.4516,647.99,365.08,676.02,407.39,1185.9,28.03,42.31,0.663,False,,True,unattributed,28,evt_01-P05_desk_work_surface_0036,a5590921a1a16148,pose_hand_context,,14023.3,5.4,,1,01/e1/v1,rtmpose_baseline
corpus_01,01.Candidate was found using a mobile phone in the examination hall..mkv,b842b03e5784d867e93770560d88150a526250df69077cd3065edbbd4c842098,dfine_sahi,100700.0,phone,0.3767,648.0,368.72,660.2,377.42,106.1,12.2,8.7,1.402,True,object footprint 106 px is under the 120 px floor for a call,False,unattributed,28,evt_01-P05_desk_work_surface_0036,a5590921a1a16148,pose_hand_context,,14023.3,5.4,,1,01/e1/v1,rtmpose_baseline
corpus_01,01.Candidate was found using a mobile phone in the examination hall..mkv,b842b03e5784d867e93770560d88150a526250df69077cd3065edbbd4c842098,dfine_sahi,100700.0,unknown_object,0.3687,684.2,407.98,705.51,465.77,1231.5,21.31,57.79,0.369,False,,True,unattributed,28,evt_01-P05_desk_work_surface_0036,a5590921a1a16148,pose_hand_context,,14023.3,5.4,,1,01/e1/v1,rtmpose_baseline
corpus_01,01.Candidate was found using a mobile phone in the examination hall..mkv,b842b03e5784d867e93770560d88150a526250df69077cd3065edbbd4c842098,dfine_sahi,100700.0,unknown_object,0.2943,651.16,353.33,692.99,413.74,2527.1,41.83,60.42,0.692,False,,True,unattributed,28,evt_01-P05_desk_work_surface_0036,a5590921a1a16148,pose_hand_context,,14023.3,5.4,,1,01/e1/v1,rtmpose_baseline
corpus_01,01.Candidate was found using a mobile phone in the examination hall..mkv,b842b03e5784d867e93770560d88150a526250df69077cd3065edbbd4c842098,dfine_sahi,100700.0,unknown_object,0.2568,597.01,318.25,692.43,413.67,9105.4,95.42,95.42,1.0,False,,True,unattributed,28,evt_01-P05_desk_work_surface_0036,a5590921a1a16148,pose_hand_context,,14023.3,5.4,,1,01/e1/v1,rtmpose_baseline
corpus_01,01.Candidate was found using a mobile phone in the examination hall..mkv,b842b03e5784d867e93770560d88150a526250df69077cd3065edbbd4c842098,dfine_sahi,100740.0,unknown_object,0.6953,824.19,306.21,877.1,387.38,4295.1,52.91,81.17,0.652,False,,True,unattributed,20,evt_01-P06_desk_work_surface_0044,6d88b8347d050f31,pose_hand_context,,13976.0,5.41,,1,01/e1/v1,rtmpose_baseline
corpus_01,01.Candidate was found using a mobile phone in the examination hall..mkv,b842b03e5784d867e93770560d88150a526250df69077cd3065edbbd4c842098,dfine_sahi,100740.0,stationery,0.6093,769.41,323.64,795.56,370.76,1232.0,26.15,47.12,0.555,False,,True,unattributed,20,evt_01-P06_desk_work_surface_0044,6d88b8347d050f31,pose_hand_context,,13976.0,5.41,,1,01/e1/v1,rtmpose_baseline
corpus_01,01.Candidate was found using a mobile phone in the examination hall..mkv,b842b03e5784d867e93770560d88150a526250df69077cd3065edbbd4c842098,dfine_sahi,100740.0,unknown_object,0.5554,769.24,323.73,795.44,370.71,1230.9,26.2,46.98,0.558,False,,True,unattributed,20,evt_01-P06_desk_work_surface_0044,6d88b8347d050f31,pose_hand_context,,13976.0,5.41,,1,01/e1/v1,rtmpose_baseline
corpus_01,01.Candidate was found using a mobile phone in the examination hall..mkv,b842b03e5784d867e93770560d88150a526250df69077cd3065edbbd4c842098,dfine_sahi,100740.0,bag,0.5364,768.62,343.52,818.79,401.54,2910.5,50.17,58.02,0.865,False,,True,unattributed,20,evt_01-P06_desk_work_surface_0044,6d88b8347d050f31,pose_hand_context,,13976.0,5.41,,1,01/e1/v1,rtmpose_baseline
corpus_01,01.Candidate was found using a mobile phone in the examination hall..mkv,b842b03e5784d867e93770560d88150a526250df69077cd3065edbbd4c842098,dfine_sahi,100740.0,bag,0.378,802.35,317.89,833.43,350.82,1023.7,31.08,32.93,0.944,False,,True,unattributed,20,evt_01-P06_desk_work_surface_0044,6d88b8347d050f31,pose_hand_context,,13976.0,5.41,,1,01/e1/v1,rtmpose_baseline
corpus_01,01.Candidate was found using a mobile phone in the examination hall..mkv,b842b03e5784d867e93770560d88150a526250df69077cd3065edbbd4c842098,dfine_sahi,100740.0,unknown_object,0.3666,781.98,261.43,833.0,311.73,2566.3,51.02,50.3,1.014,False,,True,unattributed,20,evt_01-P06_desk_work_surface_0044,6d88b8347d050f31,pose_hand_context,,13976.0,5.41,,1,01/e1/v1,rtmpose_baseline
corpus_01,01.Candidate was found using a mobile phone in the examination hall..mkv,b842b03e5784d867e93770560d88150a526250df69077cd3065edbbd4c842098,dfine_sahi,100740.0,bag,0.3556,805.15,255.29,874.84,338.91,5827.2,69.69,83.62,0.833,False,,True,unattributed,20,evt_01-P06_desk_work_surface_0044,6d88b8347d050f31,pose_hand_context,,13976.0,5.41,,1,01/e1/v1,rtmpose_baseline
corpus_01,01.Candidate was found using a mobile phone in the examination hall..mkv,b842b03e5784d867e93770560d88150a526250df69077cd3065edbbd4c842098,dfine_sahi,100740.0,bag,0.2991,806.93,317.96,847.56,387.42,2822.2,40.63,69.46,0.585,False,,True,unattributed,20,evt_01-P06_desk_work_surface_0044,6d88b8347d050f31,pose_hand_context,,13976.0,5.41,,1,01/e1/v1,rtmpose_baseline
corpus_01,01.Candidate was found using a mobile phone in the examination hall..mkv,b842b03e5784d867e93770560d88150a526250df69077cd3065edbbd4c842098,dfine_sahi,100740.0,bag,0.2839,729.99,327.71,770.54,401.39,2988.1,40.55,73.68,0.55,False,,True,unattributed,20,evt_01-P06_desk_work_surface_0044,6d88b8347d050f31,pose_hand_context,,13976.0,5.41,,1,01/e1/v1,rtmpose_baseline
corpus_01,01.Candidate was found using a mobile phone in the examination hall..mkv,b842b03e5784d867e93770560d88150a526250df69077cd3065edbbd4c842098,dfine_sahi,100740.0,mouse,0.6919,639.15,368.72,660.26,378.36,203.5,21.11,9.64,2.191,False,,True,unattributed,28,evt_01-P06_desk_work_surface_0044,b99eda2b574343f9,pose_hand_context,,13665.6,5.47,,1,01/e1/v1,rtmpose_baseline
corpus_01,01.Candidate was found using a mobile phone in the examination hall..mkv,b842b03e5784d867e93770560d88150a526250df69077cd3065edbbd4c842098,dfine_sahi,100740.0,unknown_object,0.6803,652.05,367.06,745.92,462.57,8965.8,93.87,95.51,0.983,False,,True,unattributed,28,evt_01-P06_desk_work_surface_0044,b99eda2b574343f9,pose_hand_context,,13665.6,5.47,,1,01/e1/v1,rtmpose_baseline
corpus_01,01.Candidate was found using a mobile phone in the examination hall..mkv,b842b03e5784d867e93770560d88150a526250df69077cd3065edbbd4c842098,dfine_sahi,100740.0,unknown_object,0.5555,598.98,367.04,679.62,460.8,7560.9,80.64,93.76,0.86,False,,True,unattributed,28,evt_01-P06_desk_work_surface_0044,b99eda2b574343f9,pose_hand_context,,13665.6,5.47,,1,01/e1/v1,rtmpose_baseline
corpus_01,01.Candidate was found using a mobile phone in the examination hall..mkv,b842b03e5784d867e93770560d88150a526250df69077cd3065edbbd4c842098,dfine_sahi,100740.0,stationery,0.5413,649.99,364.79,678.26,405.26,1144.0,28.26,40.48,0.698,False,,True,unattributed,28,evt_01-P06_desk_work_surface_0044,b99eda2b574343f9,pose_hand_context,,13665.6,5.47,,1,01/e1/v1,rtmpose_baseline
corpus_01,01.Candidate was found using a mobile phone in the examination hall..mkv,b842b03e5784d867e93770560d88150a526250df69077cd3065edbbd4c842098,dfine_sahi,100740.0,stationery,0.5102,602.57,362.73,678.37,411.57,3702.3,75.8,48.85,1.552,False,,True,unattributed,28,evt_01-P06_desk_work_surface_0044,b99eda2b574343f9,pose_hand_context,,13665.6,5.47,,1,01/e1/v1,rtmpose_baseline
corpus_01,01.Candidate was found using a mobile phone in the examination hall..mkv,b842b03e5784d867e93770560d88150a526250df69077cd3065edbbd4c842098,dfine_sahi,100740.0,unknown_object,0.4713,614.34,368.85,660.46,380.16,521.7,46.12,11.31,4.077,False,,True,unattributed,28,evt_01-P06_desk_work_surface_0044,b99eda2b574343f9,pose_hand_context,,13665.6,5.47,,1,01/e1/v1,rtmpose_baseline
corpus_01,01.Candidate was found using a mobile phone in the examination hall..mkv,b842b03e5784d867e93770560d88150a526250df69077cd3065edbbd4c842098,dfine_sahi,100740.0,unknown_object,0.4262,684.23,407.89,705.41,462.75,1161.7,21.17,54.87,0.386,False,,True,unattributed,28,evt_01-P06_desk_work_surface_0044,b99eda2b574343f9,pose_hand_context,,13665.6,5.47,,1,01/e1/v1,rtmpose_baseline
corpus_01,01.Candidate was found using a mobile phone in the examination hall..mkv,b842b03e5784d867e93770560d88150a526250df69077cd3065edbbd4c842098,dfine_sahi,100740.0,phone,0.4257,614.01,364.35,678.32,431.39,4311.3,64.3,67.05,0.959,False,,True,unattributed,28,evt_01-P06_desk_work_surface_0044,b99eda2b574343f9,pose_hand_context,,13665.6,5.47,,1,01/e1/v1,rtmpose_baseline
corpus_01,01.Candidate was found using a mobile phone in the examination hall..mkv,b842b03e5784d867e93770560d88150a526250df69077cd3065edbbd4c842098,dfine_sahi,100740.0,unknown_object,0.2896,651.88,327.22,745.9,411.61,7935.1,94.02,84.4,1.114,False,,True,unattributed,28,evt_01-P06_desk_work_surface_0044,b99eda2b574343f9,pose_hand_context,,13665.6,5.47,,1,01/e1/v1,rtmpose_baseline
corpus_01,01.Candidate was found using a mobile phone in the examination hall..mkv,b842b03e5784d867e93770560d88150a526250df69077cd3065edbbd4c842098,dfine_sahi,100740.0,unknown_object,0.2781,693.6,316.07,715.67,339.81,524.0,22.07,23.74,0.93,False,,True,unattributed,28,evt_01-P06_desk_work_surface_0044,b99eda2b574343f9,pose_hand_context,,13665.6,5.47,,1,01/e1/v1,rtmpose_baseline
corpus_01,01.Candidate was found using a mobile phone in the examination hall..mkv,b842b03e5784d867e93770560d88150a526250df69077cd3065edbbd4c842098,dfine_sahi,100740.0,unknown_object,0.2723,599.02,316.17,694.97,411.64,9160.8,95.95,95.47,1.005,False,,True,unattributed,28,evt_01-P06_desk_work_surface_0044,b99eda2b574343f9,pose_hand_context,,13665.6,5.47,,1,01/e1/v1,rtmpose_baseline
corpus_01,01.Candidate was found using a mobile phone in the examination hall..mkv,b842b03e5784d867e93770560d88150a526250df69077cd3065edbbd4c842098,dfine_sahi,100740.0,unknown_object,0.2713,608.78,415.63,686.67,462.68,3664.3,77.88,47.05,1.655,False,,True,unattributed,28,evt_01-P06_desk_work_surface_0044,b99eda2b574343f9,pose_hand_context,,13665.6,5.47,,1,01/e1/v1,rtmpose_baseline
corpus_01,01.Candidate was found using a mobile phone in the examination hall..mkv,b842b03e5784d867e93770560d88150a526250df69077cd3065edbbd4c842098,dfine_sahi,100860.0,mouse,0.7658,639.37,368.78,660.27,378.32,199.4,20.9,9.54,2.191,False,,True,unattributed,28,evt_01-P05_upper_body_0040,b949c91847dfe8a9,pose_hand_context,,13609.6,5.49,,1,01/e1/v1,rtmpose_baseline
corpus_01,01.Candidate was found using a mobile phone in the examination hall..mkv,b842b03e5784d867e93770560d88150a526250df69077cd3065edbbd4c842098,dfine_sahi,100860.0,unknown_object,0.6694,651.24,326.37,743.03,414.66,8104.0,91.79,88.29,1.04,False,,True,unattributed,28,evt_01-P05_upper_body_0040,b949c91847dfe8a9,pose_hand_context,,13609.6,5.49,,1,01/e1/v1,rtmpose_baseline
corpus_01,01.Candidate was found using a mobile phone in the examination hall..mkv,b842b03e5784d867e93770560d88150a526250df69077cd3065edbbd4c842098,dfine_sahi,100860.0,unknown_object,0.5424,610.97,363.61,675.01,430.26,4268.6,64.04,66.65,0.961,False,,True,unattributed,28,evt_01-P05_upper_body_0040,b949c91847dfe8a9,pose_hand_context,,13609.6,5.49,,1,01/e1/v1,rtmpose_baseline
corpus_01,01.Candidate was found using a mobile phone in the examination hall..mkv,b842b03e5784d867e93770560d88150a526250df69077cd3065edbbd4c842098,dfine_sahi,100860.0,unknown_object,0.5382,651.54,370.16,742.93,465.48,8712.2,91.4,95.32,0.959,False,,True,unattributed,28,evt_01-P05_upper_body_0040,b949c91847dfe8a9,pose_hand_context,,13609.6,5.49,,1,01/e1/v1,rtmpose_baseline
corpus_01,01.Candidate was found using a mobile phone in the examination hall..mkv,b842b03e5784d867e93770560d88150a526250df69077cd3065edbbd4c842098,dfine_sahi,100860.0,unknown_object,0.4397,683.6,404.59,704.92,465.78,1304.8,21.32,61.19,0.349,False,,True,unattributed,28,evt_01-P05_upper_body_0040,b949c91847dfe8a9,pose_hand_context,,13609.6,5.49,,1,01/e1/v1,rtmpose_baseline
corpus_01,01.Candidate was found using a mobile phone in the examination hall..mkv,b842b03e5784d867e93770560d88150a526250df69077cd3065edbbd4c842098,dfine_sahi,100860.0,unknown_object,0.375,596.02,319.17,683.92,414.62,8389.2,87.89,95.45,0.921,False,,True,unattributed,28,evt_01-P05_upper_body_0040,b949c91847dfe8a9,pose_hand_context,,13609.6,5.49,,1,01/e1/v1,rtmpose_baseline
corpus_01,01.Candidate was found using a mobile phone in the examination hall..mkv,b842b03e5784d867e93770560d88150a526250df69077cd3065edbbd4c842098,dfine_sahi,100860.0,unknown_object,0.3256,614.66,370.02,660.34,380.06,458.6,45.69,10.04,4.551,False,,True,unattributed,28,evt_01-P05_upper_body_0040,b949c91847dfe8a9,pose_hand_context,,13609.6,5.49,,1,01/e1/v1,rtmpose_baseline
corpus_01,01.Candidate was found using a mobile phone in the examination hall..mkv,b842b03e5784d867e93770560d88150a526250df69077cd3065edbbd4c842098,dfine_sahi,100860.0,unknown_object,0.3121,652.5,370.26,703.81,429.5,3039.5,51.31,59.24,0.866,False,,True,unattributed,28,evt_01-P05_upper_body_0040,b949c91847dfe8a9,pose_hand_context,,13609.6,5.49,,1,01/e1/v1,rtmpose_baseline
corpus_01,01.Candidate was found using a mobile phone in the examination hall..mkv,b842b03e5784d867e93770560d88150a526250df69077cd3065edbbd4c842098,dfine_sahi,100860.0,unknown_object,0.311,647.0,319.15,683.83,366.02,1726.4,36.83,46.87,0.786,False,,True,unattributed,28,evt_01-P05_upper_body_0040,b949c91847dfe8a9,pose_hand_context,,13609.6,5.49,,1,01/e1/v1,rtmpose_baseline
corpus_01,01.Candidate was found using a mobile phone in the examination hall..mkv,b842b03e5784d867e93770560d88150a526250df69077cd3065edbbd4c842098,dfine_sahi,100860.0,unknown_object,0.2929,607.67,416.09,686.53,465.78,3918.4,78.87,49.69,1.587,False,,True,unattributed,28,evt_01-P05_upper_body_0040,b949c91847dfe8a9,pose_hand_context,,13609.6,5.49,,1,01/e1/v1,rtmpose_baseline
corpus_01,01.Candidate was found using a mobile phone in the examination hall..mkv,b842b03e5784d867e93770560d88150a526250df69077cd3065edbbd4c842098,dfine_sahi,100860.0,bag,0.7945,813.13,266.3,853.32,347.56,3266.2,40.19,81.26,0.495,False,,True,unattributed,20,evt_01-P05_upper_body_0040,c051360ce2ae5ede,pose_hand_context,,10957.9,6.11,,1,01/e1/v1,rtmpose_baseline
corpus_01,01.Candidate was found using a mobile phone in the examination hall..mkv,b842b03e5784d867e93770560d88150a526250df69077cd3065edbbd4c842098,dfine_sahi,100860.0,unknown_object,0.771,769.35,324.39,791.93,372.21,1080.2,22.59,47.82,0.472,False,,True,unattributed,20,evt_01-P05_upper_body_0040,c051360ce2ae5ede,pose_hand_context,,10957.9,6.11,,1,01/e1/v1,rtmpose_baseline
corpus_01,01.Candidate was found using a mobile phone in the examination hall..mkv,b842b03e5784d867e93770560d88150a526250df69077cd3065edbbd4c842098,dfine_sahi,100860.0,unknown_object,0.6004,811.89,298.22,868.93,388.45,5146.3,57.03,90.23,0.632,False,,True,unattributed,20,evt_01-P05_upper_body_0040,c051360ce2ae5ede,pose_hand_context,,10957.9,6.11,,1,01/e1/v1,rtmpose_baseline
corpus_01,01.Candidate was found using a mobile phone in the examination hall..mkv,b842b03e5784d867e93770560d88150a526250df69077cd3065edbbd4c842098,dfine_sahi,100860.0,unknown_object,0.4438,773.03,298.33,821.16,393.24,4567.7,48.13,94.9,0.507,False,,True,unattributed,20,evt_01-P05_upper_body_0040,c051360ce2ae5ede,pose_hand_context,,10957.9,6.11,,1,01/e1/v1,rtmpose_baseline
corpus_01,01.Candidate was found using a mobile phone in the examination hall..mkv,b842b03e5784d867e93770560d88150a526250df69077cd3065edbbd4c842098,dfine_sahi,100860.0,stationery,0.3328,774.34,324.17,791.94,347.98,419.3,17.61,23.81,0.739,False,,True,unattributed,20,evt_01-P05_upper_body_0040,c051360ce2ae5ede,pose_hand_context,,10957.9,6.11,,1,01/e1/v1,rtmpose_baseline
corpus_01,01.Candidate was found using a mobile phone in the examination hall..mkv,b842b03e5784d867e93770560d88150a526250df69077cd3065edbbd4c842098,dfine_sahi,100860.0,unknown_object,0.3048,801.9,315.94,839.64,375.7,2255.1,37.74,59.76,0.632,False,,True,unattributed,20,evt_01-P05_upper_body_0040,c051360ce2ae5ede,pose_hand_context,,10957.9,6.11,,1,01/e1/v1,rtmpose_baseline
corpus_01,01.Candidate was found using a mobile phone in the examination hall..mkv,b842b03e5784d867e93770560d88150a526250df69077cd3065edbbd4c842098,dfine_sahi,100860.0,unknown_object,0.3037,774.51,324.06,791.92,347.97,416.5,17.42,23.91,0.728,False,,True,unattributed,20,evt_01-P05_upper_body_0040,c051360ce2ae5ede,pose_hand_context,,10957.9,6.11,,1,01/e1/v1,rtmpose_baseline
corpus_01,01.Candidate was found using a mobile phone in the examination hall..mkv,b842b03e5784d867e93770560d88150a526250df69077cd3065edbbd4c842098,dfine_sahi,100860.0,bag,0.2766,818.5,252.7,868.67,324.62,3608.4,50.17,71.92,0.698,False,,True,unattributed,20,evt_01-P05_upper_body_0040,c051360ce2ae5ede,pose_hand_context,,10957.9,6.11,,1,01/e1/v1,rtmpose_baseline
corpus_01,01.Candidate was found using a mobile phone in the examination hall..mkv,b842b03e5784d867e93770560d88150a526250df69077cd3065edbbd4c842098,dfine_sahi,100860.0,bag,0.2639,804.25,252.1,855.61,288.09,1848.8,51.36,36.0,1.427,False,,True,unattributed,20,evt_01-P05_upper_body_0040,c051360ce2ae5ede,pose_hand_context,,10957.9,6.11,,1,01/e1/v1,rtmpose_baseline
corpus_01,01.Candidate was found using a mobile phone in the examination hall..mkv,b842b03e5784d867e93770560d88150a526250df69077cd3065edbbd4c842098,dfine_sahi,100860.0,bag,0.7945,813.13,266.3,853.32,347.56,3266.2,40.19,81.26,0.495,False,,True,unattributed,29,evt_01-P05_upper_body_0040,c051360ce2ae5ede,pose_hand_context,,10957.9,6.11,,1,01/e1/v1,rtmpose_baseline
corpus_01,01.Candidate was found using a mobile phone in the examination hall..mkv,b842b03e5784d867e93770560d88150a526250df69077cd3065edbbd4c842098,dfine_sahi,100860.0,unknown_object,0.771,769.35,324.39,791.93,372.21,1080.2,22.59,47.82,0.472,False,,True,unattributed,29,evt_01-P05_upper_body_0040,c051360ce2ae5ede,pose_hand_context,,10957.9,6.11,,1,01/e1/v1,rtmpose_baseline
corpus_01,01.Candidate was found using a mobile phone in the examination hall..mkv,b842b03e5784d867e93770560d88150a526250df69077cd3065edbbd4c842098,dfine_sahi,100860.0,unknown_object,0.6004,811.89,298.22,868.93,388.45,5146.3,57.03,90.23,0.632,False,,True,unattributed,29,evt_01-P05_upper_body_0040,c051360ce2ae5ede,pose_hand_context,,10957.9,6.11,,1,01/e1/v1,rtmpose_baseline
corpus_01,01.Candidate was found using a mobile phone in the examination hall..mkv,b842b03e5784d867e93770560d88150a526250df69077cd3065edbbd4c842098,dfine_sahi,100860.0,unknown_object,0.4438,773.03,298.33,821.16,393.24,4567.7,48.13,94.9,0.507,False,,True,unattributed,29,evt_01-P05_upper_body_0040,c051360ce2ae5ede,pose_hand_context,,10957.9,6.11,,1,01/e1/v1,rtmpose_baseline
corpus_01,01.Candidate was found using a mobile phone in the examination hall..mkv,b842b03e5784d867e93770560d88150a526250df69077cd3065edbbd4c842098,dfine_sahi,100860.0,stationery,0.3328,774.34,324.17,791.94,347.98,419.3,17.61,23.81,0.739,False,,True,unattributed,29,evt_01-P05_upper_body_0040,c051360ce2ae5ede,pose_hand_context,,10957.9,6.11,,1,01/e1/v1,rtmpose_baseline
corpus_01,01.Candidate was found using a mobile phone in the examination hall..mkv,b842b03e5784d867e93770560d88150a526250df69077cd3065edbbd4c842098,dfine_sahi,100860.0,unknown_object,0.3048,801.9,315.94,839.64,375.7,2255.1,37.74,59.76,0.632,False,,True,unattributed,29,evt_01-P05_upper_body_0040,c051360ce2ae5ede,pose_hand_context,,10957.9,6.11,,1,01/e1/v1,rtmpose_baseline
corpus_01,01.Candidate was found using a mobile phone in the examination hall..mkv,b842b03e5784d867e93770560d88150a526250df69077cd3065edbbd4c842098,dfine_sahi,100860.0,unknown_object,0.3037,774.51,324.06,791.92,347.97,416.5,17.42,23.91,0.728,False,,True,unattributed,29,evt_01-P05_upper_body_0040,c051360ce2ae5ede,pose_hand_context,,10957.9,6.11,,1,01/e1/v1,rtmpose_baseline
corpus_01,01.Candidate was found using a mobile phone in the examination hall..mkv,b842b03e5784d867e93770560d88150a526250df69077cd3065edbbd4c842098,dfine_sahi,100860.0,bag,0.2766,818.5,252.7,868.67,324.62,3608.4,50.17,71.92,0.698,False,,True,unattributed,29,evt_01-P05_upper_body_0040,c051360ce2ae5ede,pose_hand_context,,10957.9,6.11,,1,01/e1/v1,rtmpose_baseline
corpus_01,01.Candidate was found using a mobile phone in the examination hall..mkv,b842b03e5784d867e93770560d88150a526250df69077cd3065edbbd4c842098,dfine_sahi,100860.0,bag,0.2639,804.25,252.1,855.61,288.09,1848.8,51.36,36.0,1.427,False,,True,unattributed,29,evt_01-P05_upper_body_0040,c051360ce2ae5ede,pose_hand_context,,10957.9,6.11,,1,01/e1/v1,rtmpose_baseline
corpus_01,01.Candidate was found using a mobile phone in the examination hall..mkv,b842b03e5784d867e93770560d88150a526250df69077cd3065edbbd4c842098,dfine_sahi,101660.0,unknown_object,0.4579,802.25,271.29,842.05,383.24,4455.1,39.79,111.95,0.355,False,,True,unattributed,29,evt_01-P04_desk_work_surface_0027,04f9924a1d6b1e3a,native_source_context_fallback,no_pose_observation,21206.3,2.86,,1,01/e1/v1,
corpus_01,01.Candidate was found using a mobile phone in the examination hall..mkv,b842b03e5784d867e93770560d88150a526250df69077cd3065edbbd4c842098,dfine_sahi,101660.0,unknown_object,0.4461,768.18,329.53,793.08,381.07,1283.2,24.9,51.53,0.483,False,,True,unattributed,29,evt_01-P04_desk_work_surface_0027,04f9924a1d6b1e3a,native_source_context_fallback,no_pose_observation,21206.3,2.86,,1,01/e1/v1,
corpus_01,01.Candidate was found using a mobile phone in the examination hall..mkv,b842b03e5784d867e93770560d88150a526250df69077cd3065edbbd4c842098,dfine_sahi,101660.0,unknown_object,0.4151,802.23,285.89,826.65,359.21,1790.3,24.42,73.31,0.333,False,,True,unattributed,29,evt_01-P04_desk_work_surface_0027,04f9924a1d6b1e3a,native_source_context_fallback,no_pose_observation,21206.3,2.86,,1,01/e1/v1,
corpus_01,01.Candidate was found using a mobile phone in the examination hall..mkv,b842b03e5784d867e93770560d88150a526250df69077cd3065edbbd4c842098,dfine_sahi,101660.0,unknown_object,0.3599,727.77,271.41,800.9,344.11,5317.2,73.13,72.71,1.006,False,,True,unattributed,29,evt_01-P04_desk_work_surface_0027,04f9924a1d6b1e3a,native_source_context_fallback,no_pose_observation,21206.3,2.86,,1,01/e1/v1,
corpus_01,01.Candidate was found using a mobile phone in the examination hall..mkv,b842b03e5784d867e93770560d88150a526250df69077cd3065edbbd4c842098,dfine_sahi,101660.0,unknown_object,0.35,830.71,395.54,842.0,411.6,181.3,11.29,16.06,0.703,False,,True,unattributed,29,evt_01-P04_desk_work_surface_0027,04f9924a1d6b1e3a,native_source_context_fallback,no_pose_observation,21206.3,2.86,,1,01/e1/v1,
corpus_01,01.Candidate was found using a mobile phone in the examination hall..mkv,b842b03e5784d867e93770560d88150a526250df69077cd3065edbbd4c842098,dfine_sahi,101660.0,unknown_object,0.3312,778.34,271.04,808.31,293.58,675.6,29.97,22.54,1.33,False,,True,unattributed,29,evt_01-P04_desk_work_surface_0027,04f9924a1d6b1e3a,native_source_context_fallback,no_pose_observation,21206.3,2.86,,1,01/e1/v1,
corpus_01,01.Candidate was found using a mobile phone in the examination hall..mkv,b842b03e5784d867e93770560d88150a526250df69077cd3065edbbd4c842098,dfine_sahi,101660.0,unknown_object,0.3243,766.95,328.83,818.67,396.78,3514.7,51.73,67.95,0.761,False,,True,unattributed,29,evt_01-P04_desk_work_surface_0027,04f9924a1d6b1e3a,native_source_context_fallback,no_pose_observation,21206.3,2.86,,1,01/e1/v1,
corpus_01,01.Candidate was found using a mobile phone in the examination hall..mkv,b842b03e5784d867e93770560d88150a526250df69077cd3065edbbd4c842098,dfine_sahi,101660.0,unknown_object,0.3231,823.02,271.18,842.02,355.15,1595.2,19.0,83.97,0.226,False,,True,unattributed,29,evt_01-P04_desk_work_surface_0027,04f9924a1d6b1e3a,native_source_context_fallback,no_pose_observation,21206.3,2.86,,1,01/e1/v1,
corpus_01,01.Candidate was found using a mobile phone in the examination hall..mkv,b842b03e5784d867e93770560d88150a526250df69077cd3065edbbd4c842098,dfine_sahi,101660.0,unknown_object,0.6518,652.16,350.17,742.89,445.56,8654.6,90.73,95.39,0.951,False,,True,unattributed,28,evt_01-P04_desk_work_surface_0027,8e0afbc53f33d27d,pose_hand_context,,12135.2,5.81,,1,01/e1/v1,rtmpose_baseline
corpus_01,01.Candidate was found using a mobile phone in the examination hall..mkv,b842b03e5784d867e93770560d88150a526250df69077cd3065edbbd4c842098,dfine_sahi,101660.0,phone,0.5154,639.25,371.13,659.93,379.98,183.0,20.68,8.85,2.337,False,,True,unattributed,28,evt_01-P04_desk_work_surface_0027,8e0afbc53f33d27d,pose_hand_context,,12135.2,5.81,,1,01/e1/v1,rtmpose_baseline
corpus_01,01.Candidate was found using a mobile phone in the examination hall..mkv,b842b03e5784d867e93770560d88150a526250df69077cd3065edbbd4c842098,dfine_sahi,101660.0,unknown_object,0.5014,615.95,364.65,674.07,428.41,3705.4,58.11,63.76,0.911,False,,True,unattributed,28,evt_01-P04_desk_work_surface_0027,8e0afbc53f33d27d,pose_hand_context,,12135.2,5.81,,1,01/e1/v1,rtmpose_baseline
corpus_01,01.Candidate was found using a mobile phone in the examination hall..mkv,b842b03e5784d867e93770560d88150a526250df69077cd3065edbbd4c842098,dfine_sahi,101660.0,unknown_object,0.4871,653.75,337.93,694.97,396.86,2429.3,41.22,58.94,0.699,False,,True,unattributed,28,evt_01-P04_desk_work_surface_0027,8e0afbc53f33d27d,pose_hand_context,,12135.2,5.81,,1,01/e1/v1,rtmpose_baseline
corpus_01,01.Candidate was found using a mobile phone in the examination hall..mkv,b842b03e5784d867e93770560d88150a526250df69077cd3065edbbd4c842098,dfine_sahi,101660.0,stationery,0.4458,647.19,337.35,701.2,380.41,2326.1,54.02,43.06,1.254,False,,True,unattributed,28,evt_01-P04_desk_work_surface_0027,8e0afbc53f33d27d,pose_hand_context,,12135.2,5.81,,1,01/e1/v1,rtmpose_baseline
corpus_01,01.Candidate was found using a mobile phone in the examination hall..mkv,b842b03e5784d867e93770560d88150a526250df69077cd3065edbbd4c842098,dfine_sahi,101660.0,unknown_object,0.3937,599.24,301.17,683.74,366.62,5529.9,84.5,65.44,1.291,False,,True,unattributed,28,evt_01-P04_desk_work_surface_0027,8e0afbc53f33d27d,pose_hand_context,,12135.2,5.81,,1,01/e1/v1,rtmpose_baseline
corpus_01,01.Candidate was found using a mobile phone in the examination hall..mkv,b842b03e5784d867e93770560d88150a526250df69077cd3065edbbd4c842098,dfine_sahi,101660.0,unknown_object,0.3764,615.85,364.94,649.58,381.23,549.5,33.73,16.29,2.07,False,,True,unattributed,28,evt_01-P04_desk_work_surface_0027,8e0afbc53f33d27d,pose_hand_context,,12135.2,5.81,,1,01/e1/v1,rtmpose_baseline
corpus_01,01.Candidate was found using a mobile phone in the examination hall..mkv,b842b03e5784d867e93770560d88150a526250df69077cd3065edbbd4c842098,dfine_sahi,101660.0,unknown_object,0.3455,647.01,301.19,684.15,368.18,2487.5,37.13,66.99,0.554,False,,True,unattributed,28,evt_01-P04_desk_work_surface_0027,8e0afbc53f33d27d,pose_hand_context,,12135.2,5.81,,1,01/e1/v1,rtmpose_baseline
corpus_01,01.Candidate was found using a mobile phone in the examination hall..mkv,b842b03e5784d867e93770560d88150a526250df69077cd3065edbbd4c842098,dfine_sahi,101660.0,unknown_object,0.3087,602.43,362.64,674.44,396.84,2463.1,72.01,34.2,2.106,False,,True,unattributed,28,evt_01-P04_desk_work_surface_0027,8e0afbc53f33d27d,pose_hand_context,,12135.2,5.81,,1,01/e1/v1,rtmpose_baseline
corpus_01,01.Candidate was found using a mobile phone in the examination hall..mkv,b842b03e5784d867e93770560d88150a526250df69077cd3065edbbd4c842098,dfine_sahi,101660.0,unknown_object,0.2829,675.08,318.12,696.09,352.71,727.0,21.02,34.59,0.608,False,,True,unattributed,28,evt_01-P04_desk_work_surface_0027,8e0afbc53f33d27d,pose_hand_context,,12135.2,5.81,,1,01/e1/v1,rtmpose_baseline
corpus_01,01.Candidate was found using a mobile phone in the examination hall..mkv,b842b03e5784d867e93770560d88150a526250df69077cd3065edbbd4c842098,dfine_sahi,101660.0,unknown_object,0.2596,667.67,350.09,698.8,378.51,884.8,31.13,28.42,1.095,False,,True,unattributed,28,evt_01-P04_desk_work_surface_0027,8e0afbc53f33d27d,pose_hand_context,,12135.2,5.81,,1,01/e1/v1,rtmpose_baseline
corpus_01,01.Candidate was found using a mobile phone in the examination hall..mkv,b842b03e5784d867e93770560d88150a526250df69077cd3065edbbd4c842098,dfine_sahi,101660.0,unknown_object,0.2576,599.06,350.17,694.73,445.2,9091.0,95.67,95.02,1.007,False,,True,unattributed,28,evt_01-P04_desk_work_surface_0027,8e0afbc53f33d27d,pose_hand_context,,12135.2,5.81,,1,01/e1/v1,rtmpose_baseline
corpus_01,01.Candidate was found using a mobile phone in the examination hall..mkv,b842b03e5784d867e93770560d88150a526250df69077cd3065edbbd4c842098,dfine_sahi,101660.0,stationery,0.2555,639.31,370.5,660.47,380.03,201.7,21.16,9.53,2.22,False,,True,unattributed,28,evt_01-P04_desk_work_surface_0027,8e0afbc53f33d27d,pose_hand_context,,12135.2,5.81,,1,01/e1/v1,rtmpose_baseline
corpus_01,01.Candidate was found using a mobile phone in the examination hall..mkv,b842b03e5784d867e93770560d88150a526250df69077cd3065edbbd4c842098,dfine_sahi,101660.0,unknown_object,0.2531,599.54,350.05,684.45,366.79,1421.3,84.91,16.74,5.073,False,,True,unattributed,28,evt_01-P04_desk_work_surface_0027,8e0afbc53f33d27d,pose_hand_context,,12135.2,5.81,,1,01/e1/v1,rtmpose_baseline
corpus_01,01.Candidate was found using a mobile phone in the examination hall..mkv,b842b03e5784d867e93770560d88150a526250df69077cd3065edbbd4c842098,dfine_sahi,101860.0,unknown_object,0.5388,766.81,329.06,793.25,381.08,1375.4,26.44,52.02,0.508,False,,True,unattributed,29,evt_01-P05_upper_body_0040,01100039534e853c,native_source_context_fallback,no_pose_observation,20068.0,2.99,,1,01/e1/v1,
corpus_01,01.Candidate was found using a mobile phone in the examination hall..mkv,b842b03e5784d867e93770560d88150a526250df69077cd3065edbbd4c842098,dfine_sahi,101860.0,unknown_object,0.4227,802.24,286.03,826.7,357.88,1757.7,24.46,71.86,0.34,False,,True,unattributed,29,evt_01-P05_upper_body_0040,01100039534e853c,native_source_context_fallback,no_pose_observation,20068.0,2.99,,1,01/e1/v1,
corpus_01,01.Candidate was found using a mobile phone in the examination hall..mkv,b842b03e5784d867e93770560d88150a526250df69077cd3065edbbd4c842098,dfine_sahi,101860.0,unknown_object,0.3396,771.12,364.06,793.64,381.51,392.9,22.52,17.45,1.291,False,,True,unattributed,29,evt_01-P05_upper_body_0040,01100039534e853c,native_source_context_fallback,no_pose_observation,20068.0,2.99,,1,01/e1/v1,
corpus_01,01.Candidate was found using a mobile phone in the examination hall..mkv,b842b03e5784d867e93770560d88150a526250df69077cd3065edbbd4c842098,dfine_sahi,101860.0,unknown_object,0.3113,822.66,270.17,841.08,381.23,2044.7,18.41,111.06,0.166,False,,True,unattributed,29,evt_01-P05_upper_body_0040,01100039534e853c,native_source_context_fallback,no_pose_observation,20068.0,2.99,,1,01/e1/v1,
corpus_01,01.Candidate was found using a mobile phone in the examination hall..mkv,b842b03e5784d867e93770560d88150a526250df69077cd3065edbbd4c842098,dfine_sahi,101860.0,unknown_object,0.2668,729.21,271.35,773.65,288.6,766.7,44.44,17.25,2.576,False,,True,unattributed,29,evt_01-P05_upper_body_0040,01100039534e853c,native_source_context_fallback,no_pose_observation,20068.0,2.99,,1,01/e1/v1,
corpus_01,01.Candidate was found using a mobile phone in the examination hall..mkv,b842b03e5784d867e93770560d88150a526250df69077cd3065edbbd4c842098,dfine_sahi,101860.0,unknown_object,0.2508,734.97,283.64,799.36,302.2,1195.5,64.39,18.57,3.468,False,,True,unattributed,29,evt_01-P05_upper_body_0040,01100039534e853c,native_source_context_fallback,no_pose_observation,20068.0,2.99,,1,01/e1/v1,
corpus_01,01.Candidate was found using a mobile phone in the examination hall..mkv,b842b03e5784d867e93770560d88150a526250df69077cd3065edbbd4c842098,dfine_sahi,101860.0,unknown_object,0.6151,617.97,364.78,673.35,425.35,3354.2,55.38,60.57,0.914,False,,True,unattributed,28,evt_01-P05_upper_body_0040,871786400233c47b,pose_hand_context,,11833.1,5.88,,1,01/e1/v1,rtmpose_baseline
corpus_01,01.Candidate was found using a mobile phone in the examination hall..mkv,b842b03e5784d867e93770560d88150a526250df69077cd3065edbbd4c842098,dfine_sahi,101860.0,stationery,0.4919,667.34,337.57,699.73,379.96,1372.5,32.38,42.38,0.764,False,,True,unattributed,28,evt_01-P05_upper_body_0040,871786400233c47b,pose_hand_context,,11833.1,5.88,,1,01/e1/v1,rtmpose_baseline
corpus_01,01.Candidate was found using a mobile phone in the examination hall..mkv,b842b03e5784d867e93770560d88150a526250df69077cd3065edbbd4c842098,dfine_sahi,101860.0,unknown_object,0.4534,602.63,363.15,673.86,394.85,2257.8,71.23,31.7,2.247,False,,True,unattributed,28,evt_01-P05_upper_body_0040,871786400233c47b,pose_hand_context,,11833.1,5.88,,1,01/e1/v1,rtmpose_baseline
corpus_01,01.Candidate was found using a mobile phone in the examination hall..mkv,b842b03e5784d867e93770560d88150a526250df69077cd3065edbbd4c842098,dfine_sahi,101860.0,unknown_object,0.3852,618.02,365.18,649.78,381.41,515.5,31.75,16.23,1.956,False,,True,unattributed,28,evt_01-P05_upper_body_0040,871786400233c47b,pose_hand_context,,11833.1,5.88,,1,01/e1/v1,rtmpose_baseline
corpus_01,01.Candidate was found using a mobile phone in the examination hall..mkv,b842b03e5784d867e93770560d88150a526250df69077cd3065edbbd4c842098,dfine_sahi,101860.0,unknown_object,0.363,601.2,299.12,684.03,366.37,5570.2,82.83,67.25,1.232,False,,True,unattributed,28,evt_01-P05_upper_body_0040,871786400233c47b,pose_hand_context,,11833.1,5.88,,1,01/e1/v1,rtmpose_baseline
corpus_01,01.Candidate was found using a mobile phone in the examination hall..mkv,b842b03e5784d867e93770560d88150a526250df69077cd3065edbbd4c842098,dfine_sahi,101860.0,unknown_object,0.3582,639.27,347.26,696.91,428.71,4694.3,57.63,81.45,0.708,False,,True,unattributed,28,evt_01-P05_upper_body_0040,871786400233c47b,pose_hand_context,,11833.1,5.88,,1,01/e1/v1,rtmpose_baseline
corpus_01,01.Candidate was found using a mobile phone in the examination hall..mkv,b842b03e5784d867e93770560d88150a526250df69077cd3065edbbd4c842098,dfine_sahi,101860.0,unknown_object,0.3529,655.25,339.56,696.87,394.8,2299.2,41.62,55.24,0.754,False,,True,unattributed,28,evt_01-P05_upper_body_0040,871786400233c47b,pose_hand_context,,11833.1,5.88,,1,01/e1/v1,rtmpose_baseline
corpus_01,01.Candidate was found using a mobile phone in the examination hall..mkv,b842b03e5784d867e93770560d88150a526250df69077cd3065edbbd4c842098,dfine_sahi,101860.0,phone,0.3462,647.99,370.75,660.33,378.99,101.7,12.34,8.24,1.498,True,object footprint 102 px is under the 120 px floor for a call,False,unattributed,28,evt_01-P05_upper_body_0040,871786400233c47b,pose_hand_context,,11833.1,5.88,,1,01/e1/v1,rtmpose_baseline
corpus_01,01.Candidate was found using a mobile phone in the examination hall..mkv,b842b03e5784d867e93770560d88150a526250df69077cd3065edbbd4c842098,dfine_sahi,101860.0,stationery,0.3196,667.42,364.8,682.44,379.58,222.0,15.02,14.78,1.016,False,,True,unattributed,28,evt_01-P05_upper_body_0040,871786400233c47b,pose_hand_context,,11833.1,5.88,,1,01/e1/v1,rtmpose_baseline
corpus_01,01.Candidate was found using a mobile phone in the examination hall..mkv,b842b03e5784d867e93770560d88150a526250df69077cd3065edbbd4c842098,dfine_sahi,101860.0,unknown_object,0.3185,652.79,347.09,743.93,428.62,7430.3,91.14,81.53,1.118,False,,True,unattributed,28,evt_01-P05_upper_body_0040,871786400233c47b,pose_hand_context,,11833.1,5.88,,1,01/e1/v1,rtmpose_baseline
corpus_01,01.Candidate was found using a mobile phone in the examination hall..mkv,b842b03e5784d867e93770560d88150a526250df69077cd3065edbbd4c842098,dfine_sahi,101860.0,unknown_object,0.3104,601.09,347.21,683.85,442.28,7868.2,82.76,95.07,0.871,False,,True,unattributed,28,evt_01-P05_upper_body_0040,871786400233c47b,pose_hand_context,,11833.1,5.88,,1,01/e1/v1,rtmpose_baseline
corpus_01,01.Candidate was found using a mobile phone in the examination hall..mkv,b842b03e5784d867e93770560d88150a526250df69077cd3065edbbd4c842098,dfine_sahi,101860.0,unknown_object,0.292,673.62,317.11,695.78,352.86,792.5,22.16,35.75,0.62,False,,True,unattributed,28,evt_01-P05_upper_body_0040,871786400233c47b,pose_hand_context,,11833.1,5.88,,1,01/e1/v1,rtmpose_baseline
corpus_01,01.Candidate was found using a mobile phone in the examination hall..mkv,b842b03e5784d867e93770560d88150a526250df69077cd3065edbbd4c842098,dfine_sahi,101860.0,unknown_object,0.2866,648.03,299.17,695.79,367.7,3273.3,47.76,68.53,0.697,False,,True,unattributed,28,evt_01-P05_upper_body_0040,871786400233c47b,pose_hand_context,,11833.1,5.88,,1,01/e1/v1,rtmpose_baseline
corpus_01,01.Candidate was found using a mobile phone in the examination hall..mkv,b842b03e5784d867e93770560d88150a526250df69077cd3065edbbd4c842098,dfine_sahi,101860.0,stationery,0.2751,639.42,370.43,660.51,379.96,201.2,21.09,9.54,2.211,False,,True,unattributed,28,evt_01-P05_upper_body_0040,871786400233c47b,pose_hand_context,,11833.1,5.88,,1,01/e1/v1,rtmpose_baseline
corpus_01,01.Candidate was found using a mobile phone in the examination hall..mkv,b842b03e5784d867e93770560d88150a526250df69077cd3065edbbd4c842098,dfine_sahi,101860.0,stationery,0.2666,648.09,347.03,710.56,380.78,2108.3,62.47,33.75,1.851,False,,True,unattributed,28,evt_01-P05_upper_body_0040,871786400233c47b,pose_hand_context,,11833.1,5.88,,1,01/e1/v1,rtmpose_baseline
corpus_01,01.Candidate was found using a mobile phone in the examination hall..mkv,b842b03e5784d867e93770560d88150a526250df69077cd3065edbbd4c842098,dfine_sahi,101860.0,unknown_object,0.261,601.13,347.05,683.49,366.43,1596.3,82.36,19.38,4.249,False,,True,unattributed,28,evt_01-P05_upper_body_0040,871786400233c47b,pose_hand_context,,11833.1,5.88,,1,01/e1/v1,rtmpose_baseline
corpus_01,01.Candidate was found using a mobile phone in the examination hall..mkv,b842b03e5784d867e93770560d88150a526250df69077cd3065edbbd4c842098,dfine_sahi,102860.0,stationery,0.7402,647.02,338.51,701.05,394.68,3035.3,54.03,56.17,0.962,False,,True,unattributed,28,evt_01-P05_upper_body_0040,2644df7a3a7dc854,pose_hand_context,,11754.9,5.9,,1,01/e1/v1,rtmpose_baseline
corpus_01,01.Candidate was found using a mobile phone in the examination hall..mkv,b842b03e5784d867e93770560d88150a526250df69077cd3065edbbd4c842098,dfine_sahi,102860.0,unknown_object,0.5877,618.02,364.56,673.33,424.5,3315.2,55.31,59.94,0.923,False,,True,unattributed,28,evt_01-P05_upper_body_0040,2644df7a3a7dc854,pose_hand_context,,11754.9,5.9,,1,01/e1/v1,rtmpose_baseline
corpus_01,01.Candidate was found using a mobile phone in the examination hall..mkv,b842b03e5784d867e93770560d88150a526250df69077cd3065edbbd4c842098,dfine_sahi,102860.0,unknown_object,0.4951,602.88,363.37,674.32,394.84,2248.2,71.44,31.47,2.27,False,,True,unattributed,28,evt_01-P05_upper_body_0040,2644df7a3a7dc854,pose_hand_context,,11754.9,5.9,,1,01/e1/v1,rtmpose_baseline
corpus_01,01.Candidate was found using a mobile phone in the examination hall..mkv,b842b03e5784d867e93770560d88150a526250df69077cd3065edbbd4c842098,dfine_sahi,102860.0,mouse,0.4367,638.17,371.14,659.74,379.49,180.1,21.57,8.35,2.584,False,,True,unattributed,28,evt_01-P05_upper_body_0040,2644df7a3a7dc854,pose_hand_context,,11754.9,5.9,,1,01/e1/v1,rtmpose_baseline
corpus_01,01.Candidate was found using a mobile phone in the examination hall..mkv,b842b03e5784d867e93770560d88150a526250df69077cd3065edbbd4c842098,dfine_sahi,102860.0,unknown_object,0.3587,604.03,364.37,648.98,380.66,732.0,44.96,16.28,2.761,False,,True,unattributed,28,evt_01-P05_upper_body_0040,2644df7a3a7dc854,pose_hand_context,,11754.9,5.9,,1,01/e1/v1,rtmpose_baseline
corpus_01,01.Candidate was found using a mobile phone in the examination hall..mkv,b842b03e5784d867e93770560d88150a526250df69077cd3065edbbd4c842098,dfine_sahi,102860.0,unknown_object,0.3553,600.03,299.06,695.45,394.66,9122.9,95.43,95.6,0.998,False,,True,unattributed,28,evt_01-P05_upper_body_0040,2644df7a3a7dc854,pose_hand_context,,11754.9,5.9,,1,01/e1/v1,rtmpose_baseline
corpus_01,01.Candidate was found using a mobile phone in the examination hall..mkv,b842b03e5784d867e93770560d88150a526250df69077cd3065edbbd4c842098,dfine_sahi,102860.0,stationery,0.34,646.98,324.14,742.89,394.82,6777.6,95.9,70.67,1.357,False,,True,unattributed,28,evt_01-P05_upper_body_0040,2644df7a3a7dc854,pose_hand_context,,11754.9,5.9,,1,01/e1/v1,rtmpose_baseline
corpus_01,01.Candidate was found using a mobile phone in the examination hall..mkv,b842b03e5784d867e93770560d88150a526250df69077cd3065edbbd4c842098,dfine_sahi,102860.0,unknown_object,0.3299,655.85,338.17,695.97,394.8,2271.9,40.12,56.63,0.708,False,,True,unattributed,28,evt_01-P05_upper_body_0040,2644df7a3a7dc854,pose_hand_context,,11754.9,5.9,,1,01/e1/v1,rtmpose_baseline
corpus_01,01.Candidate was found using a mobile phone in the examination hall..mkv,b842b03e5784d867e93770560d88150a526250df69077cd3065edbbd4c842098,dfine_sahi,102860.0,stationery,0.3013,667.57,338.78,700.52,379.85,1353.3,32.95,41.07,0.802,False,,True,unattributed,28,evt_01-P05_upper_body_0040,2644df7a3a7dc854,pose_hand_context,,11754.9,5.9,,1,01/e1/v1,rtmpose_baseline
corpus_01,01.Candidate was found using a mobile phone in the examination hall..mkv,b842b03e5784d867e93770560d88150a526250df69077cd3065edbbd4c842098,dfine_sahi,102860.0,unknown_object,0.2593,618.07,317.17,684.05,366.51,3255.2,65.98,49.34,1.337,False,,True,unattributed,28,evt_01-P05_upper_body_0040,2644df7a3a7dc854,pose_hand_context,,11754.9,5.9,,1,01/e1/v1,rtmpose_baseline
corpus_01,01.Candidate was found using a mobile phone in the examination hall..mkv,b842b03e5784d867e93770560d88150a526250df69077cd3065edbbd4c842098,dfine_sahi,102860.0,stationery,0.2571,647.08,346.06,714.25,440.34,6333.1,67.17,94.28,0.712,False,,True,unattributed,28,evt_01-P05_upper_body_0040,2644df7a3a7dc854,pose_hand_context,,11754.9,5.9,,1,01/e1/v1,rtmpose_baseline
corpus_01,01.Candidate was found using a mobile phone in the examination hall..mkv,b842b03e5784d867e93770560d88150a526250df69077cd3065edbbd4c842098,dfine_sahi,102860.0,unknown_object,0.2536,600.0,360.02,616.26,394.87,566.8,16.26,34.85,0.467,False,,True,unattributed,28,evt_01-P05_upper_body_0040,2644df7a3a7dc854,pose_hand_context,,11754.9,5.9,,1,01/e1/v1,rtmpose_baseline
corpus_01,01.Candidate was found using a mobile phone in the examination hall..mkv,b842b03e5784d867e93770560d88150a526250df69077cd3065edbbd4c842098,dfine_sahi,102860.0,unknown_object,0.6484,704.91,364.22,797.1,484.63,11100.5,92.19,120.41,0.766,False,,True,unattributed,29,evt_01-P05_upper_body_0040,d9aec3307cc8f996,native_source_context_fallback,no_pose_observation,20194.4,2.99,,1,01/e1/v1,
corpus_01,01.Candidate was found using a mobile phone in the examination hall..mkv,b842b03e5784d867e93770560d88150a526250df69077cd3065edbbd4c842098,dfine_sahi,102860.0,unknown_object,0.5765,766.71,329.16,793.36,381.33,1390.3,26.65,52.17,0.511,False,,True,unattributed,29,evt_01-P05_upper_body_0040,d9aec3307cc8f996,native_source_context_fallback,no_pose_observation,20194.4,2.99,,1,01/e1/v1,
corpus_01,01.Candidate was found using a mobile phone in the examination hall..mkv,b842b03e5784d867e93770560d88150a526250df69077cd3065edbbd4c842098,dfine_sahi,102860.0,unknown_object,0.4271,727.8,271.3,800.33,345.8,5403.8,72.53,74.5,0.973,False,,True,unattributed,29,evt_01-P05_upper_body_0040,d9aec3307cc8f996,native_source_context_fallback,no_pose_observation,20194.4,2.99,,1,01/e1/v1,
corpus_01,01.Candidate was found using a mobile phone in the examination hall..mkv,b842b03e5784d867e93770560d88150a526250df69077cd3065edbbd4c842098,dfine_sahi,102860.0,unknown_object,0.3878,802.98,285.79,826.78,358.11,1720.8,23.8,72.32,0.329,False,,True,unattributed,29,evt_01-P05_upper_body_0040,d9aec3307cc8f996,native_source_context_fallback,no_pose_observation,20194.4,2.99,,1,01/e1/v1,
corpus_01,01.Candidate was found using a mobile phone in the examination hall..mkv,b842b03e5784d867e93770560d88150a526250df69077cd3065edbbd4c842098,dfine_sahi,102860.0,unknown_object,0.3558,822.39,270.14,842.04,382.59,2210.5,19.66,112.45,0.175,False,,True,unattributed,29,evt_01-P05_upper_body_0040,d9aec3307cc8f996,native_source_context_fallback,no_pose_observation,20194.4,2.99,,1,01/e1/v1,
corpus_01,01.Candidate was found using a mobile phone in the examination hall..mkv,b842b03e5784d867e93770560d88150a526250df69077cd3065edbbd4c842098,dfine_sahi,102860.0,unknown_object,0.3489,704.89,324.21,771.42,390.74,4426.3,66.53,66.53,1.0,False,,True,unattributed,29,evt_01-P05_upper_body_0040,d9aec3307cc8f996,native_source_context_fallback,no_pose_observation,20194.4,2.99,,1,01/e1/v1,
corpus_01,01.Candidate was found using a mobile phone in the examination hall..mkv,b842b03e5784d867e93770560d88150a526250df69077cd3065edbbd4c842098,dfine_sahi,102860.0,bag,0.3181,821.91,364.04,841.98,382.76,375.5,20.07,18.71,1.073,False,,True,unattributed,29,evt_01-P05_upper_body_0040,d9aec3307cc8f996,native_source_context_fallback,no_pose_observation,20194.4,2.99,,1,01/e1/v1,
corpus_01,01.Candidate was found using a mobile phone in the examination hall..mkv,b842b03e5784d867e93770560d88150a526250df69077cd3065edbbd4c842098,dfine_sahi,102860.0,unknown_object,0.3159,778.16,270.03,807.6,288.64,547.9,29.44,18.61,1.582,False,,True,unattributed,29,evt_01-P05_upper_body_0040,d9aec3307cc8f996,native_source_context_fallback,no_pose_observation,20194.4,2.99,,1,01/e1/v1,
corpus_01,01.Candidate was found using a mobile phone in the examination hall..mkv,b842b03e5784d867e93770560d88150a526250df69077cd3065edbbd4c842098,rf_detr_native,53620.0,unknown_object,0.3401,881.49,456.07,933.0,596.45,7230.2,51.5,140.38,0.367,False,,True,unattributed,1,evt_01-P01_desk_work_surface_0001,0471e78e41e1c3f2,native_source_context_fallback,no_pose_observation,54793.1,2.46,,1,01/e1/v1,
corpus_01,01.Candidate was found using a mobile phone in the examination hall..mkv,b842b03e5784d867e93770560d88150a526250df69077cd3065edbbd4c842098,rf_detr_native,53620.0,monitor_or_bezel,0.3083,979.71,581.31,1080.0,717.0,13608.3,100.29,135.69,0.739,False,,True,unattributed,1,evt_01-P01_desk_work_surface_0001,0471e78e41e1c3f2,native_source_context_fallback,no_pose_observation,54793.1,2.46,,1,01/e1/v1,
corpus_01,01.Candidate was found using a mobile phone in the examination hall..mkv,b842b03e5784d867e93770560d88150a526250df69077cd3065edbbd4c842098,rf_detr_native,53620.0,unknown_object,0.2847,881.48,456.0,963.91,597.8,11689.4,82.44,141.8,0.581,False,,True,unattributed,1,evt_01-P01_desk_work_surface_0001,0471e78e41e1c3f2,native_source_context_fallback,no_pose_observation,54793.1,2.46,,1,01/e1/v1,
corpus_01,01.Candidate was found using a mobile phone in the examination hall..mkv,b842b03e5784d867e93770560d88150a526250df69077cd3065edbbd4c842098,rf_detr_native,53620.0,unknown_object,0.2799,870.0,530.68,894.63,699.51,4158.4,24.63,168.83,0.146,False,,True,unattributed,1,evt_01-P01_desk_work_surface_0001,0471e78e41e1c3f2,native_source_context_fallback,no_pose_observation,54793.1,2.46,,1,01/e1/v1,
corpus_01,01.Candidate was found using a mobile phone in the examination hall..mkv,b842b03e5784d867e93770560d88150a526250df69077cd3065edbbd4c842098,rf_detr_native,53620.0,monitor_or_bezel,0.25,979.71,581.31,1080.0,717.0,13608.3,100.29,135.69,0.739,False,,True,unattributed,1,evt_01-P01_desk_work_surface_0001,0471e78e41e1c3f2,native_source_context_fallback,no_pose_observation,54793.1,2.46,,1,01/e1/v1,
corpus_01,01.Candidate was found using a mobile phone in the examination hall..mkv,b842b03e5784d867e93770560d88150a526250df69077cd3065edbbd4c842098,rf_detr_native,53620.0,unknown_object,0.6942,650.1,406.27,694.2,537.31,5779.3,44.1,131.04,0.337,False,,True,unattributed,2,evt_01-P01_desk_work_surface_0001,d8856ff8f231780b,native_source_context_fallback,wrist_confidence_below_floor,24133.7,2.71,,1,01/e1/v1,rtmpose_baseline
corpus_01,01.Candidate was found using a mobile phone in the examination hall..mkv,b842b03e5784d867e93770560d88150a526250df69077cd3065edbbd4c842098,rf_detr_native,53620.0,unknown_object,0.4578,703.57,397.71,751.87,537.75,6764.2,48.3,140.04,0.345,False,,True,unattributed,2,evt_01-P01_desk_work_surface_0001,d8856ff8f231780b,native_source_context_fallback,wrist_confidence_below_floor,24133.7,2.71,,1,01/e1/v1,rtmpose_baseline
corpus_01,01.Candidate was found using a mobile phone in the examination hall..mkv,b842b03e5784d867e93770560d88150a526250df69077cd3065edbbd4c842098,rf_detr_native,53620.0,unknown_object,0.3706,687.27,397.22,751.99,538.48,9141.1,64.71,141.26,0.458,False,,True,unattributed,2,evt_01-P01_desk_work_surface_0001,d8856ff8f231780b,native_source_context_fallback,wrist_confidence_below_floor,24133.7,2.71,,1,01/e1/v1,rtmpose_baseline
corpus_01,01.Candidate was found using a mobile phone in the examination hall..mkv,b842b03e5784d867e93770560d88150a526250df69077cd3065edbbd4c842098,rf_detr_native,54140.0,unknown_object,0.4047,652.07,405.98,693.38,486.96,3345.5,41.31,80.99,0.51,False,,True,unattributed,2,evt_01-P02_desk_work_surface_0009,6acb64a553686e50,native_source_context_fallback,wrist_confidence_below_floor,18669.3,3.45,,1,01/e1/v1,rtmpose_baseline
corpus_01,01.Candidate was found using a mobile phone in the examination hall..mkv,b842b03e5784d867e93770560d88150a526250df69077cd3065edbbd4c842098,rf_detr_native,54140.0,unknown_object,0.3627,652.3,393.9,752.93,487.23,9391.8,100.63,93.33,1.078,False,,True,unattributed,2,evt_01-P02_desk_work_surface_0009,6acb64a553686e50,native_source_context_fallback,wrist_confidence_below_floor,18669.3,3.45,,1,01/e1/v1,rtmpose_baseline
corpus_01,01.Candidate was found using a mobile phone in the examination hall..mkv,b842b03e5784d867e93770560d88150a526250df69077cd3065edbbd4c842098,rf_detr_native,54140.0,insufficient_visual_evidence,0.0,37.37,690.22,85.37,720.0,1429.4,48.0,29.78,1.612,True,"native footprint 48x30 px is under the 32 px floor; magnifying it 13.3x adds interpolation, not detail",False,unattributed,3,evt_01-P02_desk_work_surface_0009,be24e28f5da403ec,pose_hand_context,,1429.4,13.33,,1,01/e1/v1,rtmpose_baseline
corpus_01,01.Candidate was found using a mobile phone in the examination hall..mkv,b842b03e5784d867e93770560d88150a526250df69077cd3065edbbd4c842098,rf_detr_native,54140.0,monitor_or_bezel,0.4024,980.51,584.16,1055.91,715.39,9894.3,75.4,131.23,0.575,False,,True,unattributed,1,evt_01-P02_desk_work_surface_0009,fc3f0b3b157f709b,native_source_context_fallback,wrist_confidence_below_floor,47546.7,2.47,,1,01/e1/v1,rtmpose_baseline
corpus_01,01.Candidate was found using a mobile phone in the examination hall..mkv,b842b03e5784d867e93770560d88150a526250df69077cd3065edbbd4c842098,rf_detr_native,54140.0,unknown_object,0.3633,925.65,457.0,1031.05,511.13,5705.3,105.4,54.13,1.947,False,,True,unattributed,1,evt_01-P02_desk_work_surface_0009,fc3f0b3b157f709b,native_source_context_fallback,wrist_confidence_below_floor,47546.7,2.47,,1,01/e1/v1,rtmpose_baseline
corpus_01,01.Candidate was found using a mobile phone in the examination hall..mkv,b842b03e5784d867e93770560d88150a526250df69077cd3065edbbd4c842098,rf_detr_native,54140.0,unknown_object,0.3459,925.58,457.0,1031.32,511.1,5720.6,105.74,54.1,1.954,False,,True,unattributed,1,evt_01-P02_desk_work_surface_0009,fc3f0b3b157f709b,native_source_context_fallback,wrist_confidence_below_floor,47546.7,2.47,,1,01/e1/v1,rtmpose_baseline
corpus_01,01.Candidate was found using a mobile phone in the examination hall..mkv,b842b03e5784d867e93770560d88150a526250df69077cd3065edbbd4c842098,rf_detr_native,54140.0,monitor_or_bezel,0.3302,980.51,584.16,1055.91,715.39,9894.3,75.4,131.23,0.575,False,,True,unattributed,1,evt_01-P02_desk_work_surface_0009,fc3f0b3b157f709b,native_source_context_fallback,wrist_confidence_below_floor,47546.7,2.47,,1,01/e1/v1,rtmpose_baseline
corpus_01,01.Candidate was found using a mobile phone in the examination hall..mkv,b842b03e5784d867e93770560d88150a526250df69077cd3065edbbd4c842098,rf_detr_native,54140.0,unknown_object,0.3228,881.59,457.3,932.32,596.69,7070.6,50.73,139.39,0.364,False,,True,unattributed,1,evt_01-P02_desk_work_surface_0009,fc3f0b3b157f709b,native_source_context_fallback,wrist_confidence_below_floor,47546.7,2.47,,1,01/e1/v1,rtmpose_baseline
corpus_01,01.Candidate was found using a mobile phone in the examination hall..mkv,b842b03e5784d867e93770560d88150a526250df69077cd3065edbbd4c842098,rf_detr_native,54140.0,unknown_object,0.2954,925.71,457.0,1031.9,512.69,5914.1,106.19,55.69,1.907,False,,True,unattributed,1,evt_01-P02_desk_work_surface_0009,fc3f0b3b157f709b,native_source_context_fallback,wrist_confidence_below_floor,47546.7,2.47,,1,01/e1/v1,rtmpose_baseline
corpus_01,01.Candidate was found using a mobile phone in the examination hall..mkv,b842b03e5784d867e93770560d88150a526250df69077cd3065edbbd4c842098,rf_detr_native,54140.0,unknown_object,0.2801,872.01,538.3,895.13,683.44,3356.0,23.12,145.15,0.159,False,,True,unattributed,1,evt_01-P02_desk_work_surface_0009,fc3f0b3b157f709b,native_source_context_fallback,wrist_confidence_below_floor,47546.7,2.47,,1,01/e1/v1,rtmpose_baseline
corpus_01,01.Candidate was found using a mobile phone in the examination hall..mkv,b842b03e5784d867e93770560d88150a526250df69077cd3065edbbd4c842098,rf_detr_native,54620.0,phone,0.34,226.62,544.01,269.99,676.59,5751.0,43.38,132.58,0.327,False,,True,unattributed,4,evt_01-P01_desk_work_surface_0001,235afe13070ce83d,native_source_context_fallback,wrist_confidence_below_floor,22781.4,3.68,,1,01/e1/v1,rtmpose_baseline
corpus_01,01.Candidate was found using a mobile phone in the examination hall..mkv,b842b03e5784d867e93770560d88150a526250df69077cd3065edbbd4c842098,rf_detr_native,54620.0,monitor_or_bezel,0.4752,980.24,582.48,1080.0,713.31,13051.0,99.76,130.83,0.763,False,,True,unattributed,1,evt_01-P01_desk_work_surface_0001,25fa009d93035fc2,native_source_context_fallback,wrist_confidence_below_floor,51439.2,2.49,,1,01/e1/v1,rtmpose_baseline
corpus_01,01.Candidate was found using a mobile phone in the examination hall..mkv,b842b03e5784d867e93770560d88150a526250df69077cd3065edbbd4c842098,rf_detr_native,54620.0,phone,0.4565,1035.43,561.58,1079.95,590.2,1274.1,44.52,28.62,1.556,False,,True,unattributed,1,evt_01-P01_desk_work_surface_0001,25fa009d93035fc2,native_source_context_fallback,wrist_confidence_below_floor,51439.2,2.49,,1,01/e1/v1,rtmpose_baseline
corpus_01,01.Candidate was found using a mobile phone in the examination hall..mkv,b842b03e5784d867e93770560d88150a526250df69077cd3065edbbd4c842098,rf_detr_native,54620.0,unknown_object,0.3091,881.93,457.0,932.5,599.62,7212.3,50.57,142.62,0.355,False,,True,unattributed,1,evt_01-P01_desk_work_surface_0001,25fa009d93035fc2,native_source_context_fallback,wrist_confidence_below_floor,51439.2,2.49,,1,01/e1/v1,rtmpose_baseline
corpus_01,01.Candidate was found using a mobile phone in the examination hall..mkv,b842b03e5784d867e93770560d88150a526250df69077cd3065edbbd4c842098,rf_detr_native,54620.0,unknown_object,0.2562,881.83,457.4,932.65,600.25,7259.8,50.82,142.85,0.356,False,,True,unattributed,1,evt_01-P01_desk_work_surface_0001,25fa009d93035fc2,native_source_context_fallback,wrist_confidence_below_floor,51439.2,2.49,,1,01/e1/v1,rtmpose_baseline
corpus_01,01.Candidate was found using a mobile phone in the examination hall..mkv,b842b03e5784d867e93770560d88150a526250df69077cd3065edbbd4c842098,rf_detr_native,54620.0,unknown_object,0.6294,656.05,405.36,694.79,532.54,4927.1,38.74,127.18,0.305,False,,True,unattributed,2,evt_01-P01_desk_work_surface_0001,e66c33d77dda99c7,native_source_context_fallback,wrist_confidence_below_floor,21896.8,2.76,,1,01/e1/v1,rtmpose_baseline
corpus_01,01.Candidate was found using a mobile phone in the examination hall..mkv,b842b03e5784d867e93770560d88150a526250df69077cd3065edbbd4c842098,rf_detr_native,54620.0,unknown_object,0.3929,697.54,395.19,750.84,533.17,7354.2,53.3,137.98,0.386,False,,True,unattributed,2,evt_01-P01_desk_work_surface_0001,e66c33d77dda99c7,native_source_context_fallback,wrist_confidence_below_floor,21896.8,2.76,,1,01/e1/v1,rtmpose_baseline
corpus_01,01.Candidate was found using a mobile phone in the examination hall..mkv,b842b03e5784d867e93770560d88150a526250df69077cd3065edbbd4c842098,rf_detr_native,54620.0,unknown_object,0.2883,694.0,368.43,750.91,533.83,9411.8,56.91,165.39,0.344,False,,True,unattributed,2,evt_01-P01_desk_work_surface_0001,e66c33d77dda99c7,native_source_context_fallback,wrist_confidence_below_floor,21896.8,2.76,,1,01/e1/v1,rtmpose_baseline
corpus_01,01.Candidate was found using a mobile phone in the examination hall..mkv,b842b03e5784d867e93770560d88150a526250df69077cd3065edbbd4c842098,rf_detr_native,54660.0,monitor_or_bezel,0.8113,274.04,638.0,334.95,719.88,4987.5,60.91,81.88,0.744,False,,True,unattributed,4,evt_01-P02_upper_body_0011,86e583386632d89f,pose_hand_context,,8840.3,5.93,,1,01/e1/v1,rtmpose_baseline
corpus_01,01.Candidate was found using a mobile phone in the examination hall..mkv,b842b03e5784d867e93770560d88150a526250df69077cd3065edbbd4c842098,rf_detr_native,54660.0,monitor_or_bezel,0.4637,227.03,638.0,335.0,719.86,8838.4,107.97,81.86,1.319,False,,True,unattributed,4,evt_01-P02_upper_body_0011,86e583386632d89f,pose_hand_context,,8840.3,5.93,,1,01/e1/v1,rtmpose_baseline
corpus_01,01.Candidate was found using a mobile phone in the examination hall..mkv,b842b03e5784d867e93770560d88150a526250df69077cd3065edbbd4c842098,rf_detr_native,54660.0,unknown_object,0.2788,227.21,638.0,304.02,719.85,6286.7,76.81,81.85,0.938,False,,True,unattributed,4,evt_01-P02_upper_body_0011,86e583386632d89f,pose_hand_context,,8840.3,5.93,,1,01/e1/v1,rtmpose_baseline
corpus_01,01.Candidate was found using a mobile phone in the examination hall..mkv,b842b03e5784d867e93770560d88150a526250df69077cd3065edbbd4c842098,rf_detr_native,54660.0,unknown_object,0.7277,656.04,405.31,694.56,536.58,5056.4,38.52,131.27,0.293,False,,True,unattributed,2,evt_01-P02_upper_body_0011,aa0027717c6c2df5,native_source_context_fallback,wrist_confidence_below_floor,22296.6,2.72,,1,01/e1/v1,rtmpose_baseline
corpus_01,01.Candidate was found using a mobile phone in the examination hall..mkv,b842b03e5784d867e93770560d88150a526250df69077cd3065edbbd4c842098,rf_detr_native,54660.0,unknown_object,0.4487,702.25,393.83,750.92,536.95,6965.2,48.67,143.12,0.34,False,,True,unattributed,2,evt_01-P02_upper_body_0011,aa0027717c6c2df5,native_source_context_fallback,wrist_confidence_below_floor,22296.6,2.72,,1,01/e1/v1,rtmpose_baseline
corpus_01,01.Candidate was found using a mobile phone in the examination hall..mkv,b842b03e5784d867e93770560d88150a526250df69077cd3065edbbd4c842098,rf_detr_native,54660.0,phone,0.6673,1034.62,561.92,1079.0,591.84,1328.0,44.38,29.92,1.483,False,,True,unattributed,1,evt_01-P02_upper_body_0011,c5ce92da05307051,native_source_context_fallback,wrist_confidence_below_floor,50038.4,2.52,,1,01/e1/v1,rtmpose_baseline
corpus_01,01.Candidate was found using a mobile phone in the examination hall..mkv,b842b03e5784d867e93770560d88150a526250df69077cd3065edbbd4c842098,rf_detr_native,54660.0,monitor_or_bezel,0.3721,979.33,582.56,1079.0,710.4,12742.6,99.67,127.85,0.78,False,,True,unattributed,1,evt_01-P02_upper_body_0011,c5ce92da05307051,native_source_context_fallback,wrist_confidence_below_floor,50038.4,2.52,,1,01/e1/v1,rtmpose_baseline
corpus_01,01.Candidate was found using a mobile phone in the examination hall..mkv,b842b03e5784d867e93770560d88150a526250df69077cd3065edbbd4c842098,rf_detr_native,54660.0,unknown_object,0.3387,882.2,457.28,932.73,597.99,7109.1,50.52,140.71,0.359,False,,True,unattributed,1,evt_01-P02_upper_body_0011,c5ce92da05307051,native_source_context_fallback,wrist_confidence_below_floor,50038.4,2.52,,1,01/e1/v1,rtmpose_baseline
corpus_01,01.Candidate was found using a mobile phone in the examination hall..mkv,b842b03e5784d867e93770560d88150a526250df69077cd3065edbbd4c842098,rf_detr_native,54660.0,unknown_object,0.3109,924.88,457.0,1030.76,512.96,5925.7,105.88,55.96,1.892,False,,True,unattributed,1,evt_01-P02_upper_body_0011,c5ce92da05307051,native_source_context_fallback,wrist_confidence_below_floor,50038.4,2.52,,1,01/e1/v1,rtmpose_baseline
corpus_01,01.Candidate was found using a mobile phone in the examination hall..mkv,b842b03e5784d867e93770560d88150a526250df69077cd3065edbbd4c842098,rf_detr_native,54660.0,unknown_object,0.3044,882.29,457.0,956.13,599.82,10547.1,73.85,142.82,0.517,False,,True,unattributed,1,evt_01-P02_upper_body_0011,c5ce92da05307051,native_source_context_fallback,wrist_confidence_below_floor,50038.4,2.52,,1,01/e1/v1,rtmpose_baseline
corpus_01,01.Candidate was found using a mobile phone in the examination hall..mkv,b842b03e5784d867e93770560d88150a526250df69077cd3065edbbd4c842098,rf_detr_native,54660.0,unknown_object,0.2886,882.09,457.0,957.22,599.24,10686.0,75.13,142.24,0.528,False,,True,unattributed,1,evt_01-P02_upper_body_0011,c5ce92da05307051,native_source_context_fallback,wrist_confidence_below_floor,50038.4,2.52,,1,01/e1/v1,rtmpose_baseline
corpus_01,01.Candidate was found using a mobile phone in the examination hall..mkv,b842b03e5784d867e93770560d88150a526250df69077cd3065edbbd4c842098,rf_detr_native,54660.0,unknown_object,0.2806,882.05,457.02,1004.48,599.6,17457.5,122.44,142.58,0.859,False,,True,unattributed,1,evt_01-P02_upper_body_0011,c5ce92da05307051,native_source_context_fallback,wrist_confidence_below_floor,50038.4,2.52,,1,01/e1/v1,rtmpose_baseline
corpus_01,01.Candidate was found using a mobile phone in the examination hall..mkv,b842b03e5784d867e93770560d88150a526250df69077cd3065edbbd4c842098,rf_detr_native,54660.0,unknown_object,0.2728,881.63,457.0,1003.41,599.76,17383.7,121.77,142.76,0.853,False,,True,unattributed,1,evt_01-P02_upper_body_0011,c5ce92da05307051,native_source_context_fallback,wrist_confidence_below_floor,50038.4,2.52,,1,01/e1/v1,rtmpose_baseline
corpus_01,01.Candidate was found using a mobile phone in the examination hall..mkv,b842b03e5784d867e93770560d88150a526250df69077cd3065edbbd4c842098,rf_detr_native,54660.0,unknown_object,0.2566,881.0,562.73,895.02,651.71,1247.8,14.02,88.97,0.158,False,,True,unattributed,1,evt_01-P02_upper_body_0011,c5ce92da05307051,native_source_context_fallback,wrist_confidence_below_floor,50038.4,2.52,,1,01/e1/v1,rtmpose_baseline
corpus_01,01.Candidate was found using a mobile phone in the examination hall..mkv,b842b03e5784d867e93770560d88150a526250df69077cd3065edbbd4c842098,rf_detr_native,55140.0,monitor_or_bezel,0.4451,980.66,579.31,1058.95,701.58,9572.5,78.29,122.27,0.64,False,,True,unattributed,1,evt_01-P02_desk_work_surface_0009,8c7b05a129d12f2d,native_source_context_fallback,wrist_confidence_below_floor,42156.9,2.62,,1,01/e1/v1,rtmpose_baseline
corpus_01,01.Candidate was found using a mobile phone in the examination hall..mkv,b842b03e5784d867e93770560d88150a526250df69077cd3065edbbd4c842098,rf_detr_native,55140.0,monitor_or_bezel,0.4257,980.23,555.44,1058.98,701.78,11524.2,78.75,146.34,0.538,False,,True,unattributed,1,evt_01-P02_desk_work_surface_0009,8c7b05a129d12f2d,native_source_context_fallback,wrist_confidence_below_floor,42156.9,2.62,,1,01/e1/v1,rtmpose_baseline
corpus_01,01.Candidate was found using a mobile phone in the examination hall..mkv,b842b03e5784d867e93770560d88150a526250df69077cd3065edbbd4c842098,rf_detr_native,55140.0,unknown_object,0.3585,887.0,458.13,932.74,599.42,6462.9,45.74,141.29,0.324,False,,True,unattributed,1,evt_01-P02_desk_work_surface_0009,8c7b05a129d12f2d,native_source_context_fallback,wrist_confidence_below_floor,42156.9,2.62,,1,01/e1/v1,rtmpose_baseline
corpus_01,01.Candidate was found using a mobile phone in the examination hall..mkv,b842b03e5784d867e93770560d88150a526250df69077cd3065edbbd4c842098,rf_detr_native,55140.0,unknown_object,0.301,924.77,458.0,1034.81,512.59,6007.0,110.05,54.59,2.016,False,,True,unattributed,1,evt_01-P02_desk_work_surface_0009,8c7b05a129d12f2d,native_source_context_fallback,wrist_confidence_below_floor,42156.9,2.62,,1,01/e1/v1,rtmpose_baseline
corpus_01,01.Candidate was found using a mobile phone in the examination hall..mkv,b842b03e5784d867e93770560d88150a526250df69077cd3065edbbd4c842098,rf_detr_native,55140.0,unknown_object,0.2519,887.21,458.52,933.14,636.98,8197.2,45.93,178.46,0.257,False,,True,unattributed,1,evt_01-P02_desk_work_surface_0009,8c7b05a129d12f2d,native_source_context_fallback,wrist_confidence_below_floor,42156.9,2.62,,1,01/e1/v1,rtmpose_baseline
corpus_01,01.Candidate was found using a mobile phone in the examination hall..mkv,b842b03e5784d867e93770560d88150a526250df69077cd3065edbbd4c842098,rf_detr_native,55140.0,mouse,0.6727,413.28,514.72,429.5,529.7,243.0,16.22,14.98,1.083,False,,True,unattributed,4,evt_01-P02_desk_work_surface_0009,c382bf27a410069c,native_source_context_fallback,wrist_confidence_below_floor,49951.3,2.6,,1,01/e1/v1,rtmpose_baseline
corpus_01,01.Candidate was found using a mobile phone in the examination hall..mkv,b842b03e5784d867e93770560d88150a526250df69077cd3065edbbd4c842098,rf_detr_native,55140.0,monitor_or_bezel,0.5108,394.01,471.21,421.76,526.83,1543.1,27.74,55.62,0.499,False,,True,unattributed,4,evt_01-P02_desk_work_surface_0009,c382bf27a410069c,native_source_context_fallback,wrist_confidence_below_floor,49951.3,2.6,,1,01/e1/v1,rtmpose_baseline
corpus_01,01.Candidate was found using a mobile phone in the examination hall..mkv,b842b03e5784d867e93770560d88150a526250df69077cd3065edbbd4c842098,rf_detr_native,55620.0,unknown_object,0.3559,771.25,590.0,865.0,719.88,12175.9,93.75,129.88,0.722,False,,True,unattributed,4,evt_01-P01_desk_work_surface_0001,00494f6f7d030de8,pose_hand_context,,25659.6,3.23,,1,01/e1/v1,rtmpose_baseline
corpus_01,01.Candidate was found using a mobile phone in the examination hall..mkv,b842b03e5784d867e93770560d88150a526250df69077cd3065edbbd4c842098,rf_detr_native,55620.0,monitor_or_bezel,0.5128,981.82,584.5,1059.87,695.42,8658.1,78.05,110.93,0.704,False,,True,unattributed,1,evt_01-P01_desk_work_surface_0001,85ed2f58dac0cb02,native_source_context_fallback,wrist_confidence_below_floor,40377.8,2.67,,1,01/e1/v1,rtmpose_baseline
corpus_01,01.Candidate was found using a mobile phone in the examination hall..mkv,b842b03e5784d867e93770560d88150a526250df69077cd3065edbbd4c842098,rf_detr_native,55620.0,unknown_object,0.3683,925.64,456.0,1032.91,515.92,6427.4,107.27,59.92,1.79,False,,True,unattributed,1,evt_01-P01_desk_work_surface_0001,85ed2f58dac0cb02,native_source_context_fallback,wrist_confidence_below_floor,40377.8,2.67,,1,01/e1/v1,rtmpose_baseline
corpus_01,01.Candidate was found using a mobile phone in the examination hall..mkv,b842b03e5784d867e93770560d88150a526250df69077cd3065edbbd4c842098,rf_detr_native,55620.0,monitor_or_bezel,0.3286,981.5,558.31,1059.91,695.74,10775.1,78.41,137.42,0.571,False,,True,unattributed,1,evt_01-P01_desk_work_surface_0001,85ed2f58dac0cb02,native_source_context_fallback,wrist_confidence_below_floor,40377.8,2.67,,1,01/e1/v1,rtmpose_baseline
corpus_01,01.Candidate was found using a mobile phone in the examination hall..mkv,b842b03e5784d867e93770560d88150a526250df69077cd3065edbbd4c842098,rf_detr_native,55660.0,unknown_object,0.34,653.27,406.31,727.46,484.19,5777.6,74.19,77.88,0.953,False,,True,unattributed,2,evt_01-P02_upper_body_0011,14c04e253527aee7,native_source_context_fallback,wrist_confidence_below_floor,16381.1,3.5,,1,01/e1/v1,rtmpose_baseline
corpus_01,01.Candidate was found using a mobile phone in the examination hall..mkv,b842b03e5784d867e93770560d88150a526250df69077cd3065edbbd4c842098,rf_detr_native,55660.0,unknown_object,0.3008,653.03,406.22,693.23,483.96,3124.9,40.2,77.73,0.517,False,,True,unattributed,2,evt_01-P02_upper_body_0011,14c04e253527aee7,native_source_context_fallback,wrist_confidence_below_floor,16381.1,3.5,,1,01/e1/v1,rtmpose_baseline
corpus_01,01.Candidate was found using a mobile phone in the examination hall..mkv,b842b03e5784d867e93770560d88150a526250df69077cd3065edbbd4c842098,rf_detr_native,55660.0,unknown_object,0.2735,722.17,370.0,742.97,427.94,1204.8,20.79,57.94,0.359,False,,True,unattributed,2,evt_01-P02_upper_body_0011,14c04e253527aee7,native_source_context_fallback,wrist_confidence_below_floor,16381.1,3.5,,1,01/e1/v1,rtmpose_baseline
corpus_01,01.Candidate was found using a mobile phone in the examination hall..mkv,b842b03e5784d867e93770560d88150a526250df69077cd3065edbbd4c842098,rf_detr_native,55660.0,unknown_object,0.3748,786.51,621.0,844.97,720.0,5787.4,58.46,99.0,0.59,False,,True,unattributed,4,evt_01-P02_upper_body_0011,2fcf37e7bc43b658,pose_hand_context,,13573.5,4.65,,1,01/e1/v1,rtmpose_baseline
corpus_01,01.Candidate was found using a mobile phone in the examination hall..mkv,b842b03e5784d867e93770560d88150a526250df69077cd3065edbbd4c842098,rf_detr_native,55660.0,unknown_object,0.3639,747.19,621.0,845.0,720.0,9683.0,97.81,99.0,0.988,False,,True,unattributed,4,evt_01-P02_upper_body_0011,2fcf37e7bc43b658,pose_hand_context,,13573.5,4.65,,1,01/e1/v1,rtmpose_baseline
corpus_01,01.Candidate was found using a mobile phone in the examination hall..mkv,b842b03e5784d867e93770560d88150a526250df69077cd3065edbbd4c842098,rf_detr_native,55660.0,monitor_or_bezel,0.5519,981.73,584.25,1059.94,693.52,8546.6,78.21,109.27,0.716,False,,True,unattributed,1,evt_01-P02_upper_body_0011,73c0caac6b078721,native_source_context_fallback,wrist_confidence_below_floor,40114.3,2.68,,1,01/e1/v1,rtmpose_baseline
corpus_01,01.Candidate was found using a mobile phone in the examination hall..mkv,b842b03e5784d867e93770560d88150a526250df69077cd3065edbbd4c842098,rf_detr_native,55660.0,unknown_object,0.4079,925.68,456.0,1032.9,515.71,6401.7,107.22,59.71,1.796,False,,True,unattributed,1,evt_01-P02_upper_body_0011,73c0caac6b078721,native_source_context_fallback,wrist_confidence_below_floor,40114.3,2.68,,1,01/e1/v1,rtmpose_baseline
corpus_01,01.Candidate was found using a mobile phone in the examination hall..mkv,b842b03e5784d867e93770560d88150a526250df69077cd3065edbbd4c842098,rf_detr_native,56140.0,unknown_object,0.5103,656.0,512.28,701.29,645.47,6032.5,45.29,133.2,0.34,False,,True,unattributed,4,evt_01-P02_desk_work_surface_0009,4ceb5237975ea359,pose_hand_context,,47475.8,2.8,,1,01/e1/v1,rtmpose_baseline
corpus_01,01.Candidate was found using a mobile phone in the examination hall..mkv,b842b03e5784d867e93770560d88150a526250df69077cd3065edbbd4c842098,rf_detr_native,56140.0,unknown_object,0.403,988.06,548.03,1010.9,605.44,1311.3,22.84,57.41,0.398,False,,True,unattributed,1,evt_01-P02_desk_work_surface_0009,9fc00bffaa72b25b,pose_hand_context,,8975.7,6.76,,1,01/e1/v1,rtmpose_baseline
corpus_01,01.Candidate was found using a mobile phone in the examination hall..mkv,b842b03e5784d867e93770560d88150a526250df69077cd3065edbbd4c842098,rf_detr_native,56620.0,unknown_object,0.5727,676.47,495.0,765.2,585.54,8034.2,88.74,90.54,0.98,False,,True,unattributed,4,evt_01-P01_desk_work_surface_0001,10fdd921eb491ef3,pose_hand_context,,54125.7,2.66,,1,01/e1/v1,rtmpose_baseline
corpus_01,01.Candidate was found using a mobile phone in the examination hall..mkv,b842b03e5784d867e93770560d88150a526250df69077cd3065edbbd4c842098,rf_detr_native,56620.0,unknown_object,0.4724,675.06,495.51,701.2,646.18,3937.6,26.13,150.67,0.173,False,,True,unattributed,4,evt_01-P01_desk_work_surface_0001,10fdd921eb491ef3,pose_hand_context,,54125.7,2.66,,1,01/e1/v1,rtmpose_baseline
corpus_01,01.Candidate was found using a mobile phone in the examination hall..mkv,b842b03e5784d867e93770560d88150a526250df69077cd3065edbbd4c842098,rf_detr_native,56620.0,unknown_object,0.5698,652.2,405.56,745.0,489.53,7791.7,92.8,83.97,1.105,False,,True,unattributed,5,evt_01-P01_desk_work_surface_0001,5d708bed411ddbd4,native_source_context_fallback,wrist_confidence_below_floor,17350.1,3.44,,1,01/e1/v1,rtmpose_baseline
corpus_01,01.Candidate was found using a mobile phone in the examination hall..mkv,b842b03e5784d867e93770560d88150a526250df69077cd3065edbbd4c842098,rf_detr_native,56620.0,unknown_object,0.3585,652.12,406.07,694.58,489.01,3521.8,42.46,82.94,0.512,False,,True,unattributed,5,evt_01-P01_desk_work_surface_0001,5d708bed411ddbd4,native_source_context_fallback,wrist_confidence_below_floor,17350.1,3.44,,1,01/e1/v1,rtmpose_baseline
corpus_01,01.Candidate was found using a mobile phone in the examination hall..mkv,b842b03e5784d867e93770560d88150a526250df69077cd3065edbbd4c842098,rf_detr_native,56660.0,unknown_object,0.5743,677.66,495.0,765.93,585.28,7968.8,88.27,90.28,0.978,False,,True,unattributed,4,evt_01-P02_upper_body_0011,115fe3ed4539f5cc,pose_hand_context,,53255.4,2.69,,1,01/e1/v1,rtmpose_baseline
corpus_01,01.Candidate was found using a mobile phone in the examination hall..mkv,b842b03e5784d867e93770560d88150a526250df69077cd3065edbbd4c842098,rf_detr_native,56660.0,unknown_object,0.4321,676.08,495.58,701.2,646.92,3801.8,25.12,151.34,0.166,False,,True,unattributed,4,evt_01-P02_upper_body_0011,115fe3ed4539f5cc,pose_hand_context,,53255.4,2.69,,1,01/e1/v1,rtmpose_baseline
corpus_01,01.Candidate was found using a mobile phone in the examination hall..mkv,b842b03e5784d867e93770560d88150a526250df69077cd3065edbbd4c842098,rf_detr_native,57140.0,unknown_object,0.3165,977.05,524.48,1027.85,623.22,5015.2,50.79,98.74,0.514,False,,True,unattributed,6,evt_01-P02_desk_work_surface_0009,13355075c688925b,native_source_context_fallback,no_pose_observation,14465.4,3.86,,1,01/e1/v1,
corpus_01,01.Candidate was found using a mobile phone in the examination hall..mkv,b842b03e5784d867e93770560d88150a526250df69077cd3065edbbd4c842098,rf_detr_native,57140.0,unknown_object,0.2738,960.47,466.0,1047.0,573.12,9269.4,86.53,107.12,0.808,False,,True,unattributed,6,evt_01-P02_desk_work_surface_0009,13355075c688925b,native_source_context_fallback,no_pose_observation,14465.4,3.86,,1,01/e1/v1,
corpus_01,01.Candidate was found using a mobile phone in the examination hall..mkv,b842b03e5784d867e93770560d88150a526250df69077cd3065edbbd4c842098,rf_detr_native,57140.0,unknown_object,0.2536,960.06,466.36,1030.81,570.15,7344.6,70.76,103.8,0.682,False,,True,unattributed,6,evt_01-P02_desk_work_surface_0009,13355075c688925b,native_source_context_fallback,no_pose_observation,14465.4,3.86,,1,01/e1/v1,
corpus_01,01.Candidate was found using a mobile phone in the examination hall..mkv,b842b03e5784d867e93770560d88150a526250df69077cd3065edbbd4c842098,rf_detr_native,57140.0,unknown_object,0.6585,679.57,491.0,768.66,585.42,8411.5,89.08,94.42,0.943,False,,True,unattributed,4,evt_01-P02_desk_work_surface_0009,5558f34bb3b71b41,pose_hand_context,,52725.7,2.77,,1,01/e1/v1,rtmpose_baseline
corpus_01,01.Candidate was found using a mobile phone in the examination hall..mkv,b842b03e5784d867e93770560d88150a526250df69077cd3065edbbd4c842098,rf_detr_native,57140.0,unknown_object,0.4251,679.02,491.34,700.99,646.81,3415.8,21.97,155.47,0.141,False,,True,unattributed,4,evt_01-P02_desk_work_surface_0009,5558f34bb3b71b41,pose_hand_context,,52725.7,2.77,,1,01/e1/v1,rtmpose_baseline
corpus_01,01.Candidate was found using a mobile phone in the examination hall..mkv,b842b03e5784d867e93770560d88150a526250df69077cd3065edbbd4c842098,rf_detr_native,57620.0,unknown_object,0.313,912.92,343.0,1030.91,438.89,11314.1,117.99,95.89,1.23,False,,True,unattributed,8,evt_01-P03_desk_work_surface_0014,6e92c084fae52411,native_source_context_fallback,no_pose_observation,38285.2,2.25,,1,01/e1/v1,
corpus_01,01.Candidate was found using a mobile phone in the examination hall..mkv,b842b03e5784d867e93770560d88150a526250df69077cd3065edbbd4c842098,rf_detr_native,57620.0,unknown_object,0.5314,677.05,494.0,772.67,585.55,8754.2,95.62,91.55,1.044,False,,True,unattributed,4,evt_01-P03_desk_work_surface_0014,e32e934da49e09dd,pose_hand_context,,52567.6,2.74,,1,01/e1/v1,rtmpose_baseline
corpus_01,01.Candidate was found using a mobile phone in the examination hall..mkv,b842b03e5784d867e93770560d88150a526250df69077cd3065edbbd4c842098,rf_detr_native,57620.0,unknown_object,0.3294,676.06,494.49,701.16,648.28,3859.8,25.1,153.79,0.163,False,,True,unattributed,4,evt_01-P03_desk_work_surface_0014,e32e934da49e09dd,pose_hand_context,,52567.6,2.74,,1,01/e1/v1,rtmpose_baseline
corpus_01,01.Candidate was found using a mobile phone in the examination hall..mkv,b842b03e5784d867e93770560d88150a526250df69077cd3065edbbd4c842098,rf_detr_native,57620.0,bag,0.2747,676.47,700.79,796.33,719.89,2289.3,119.86,19.1,6.275,False,,True,unattributed,4,evt_01-P03_desk_work_surface_0014,e32e934da49e09dd,pose_hand_context,,52567.6,2.74,,1,01/e1/v1,rtmpose_baseline
corpus_01,01.Candidate was found using a mobile phone in the examination hall..mkv,b842b03e5784d867e93770560d88150a526250df69077cd3065edbbd4c842098,rf_detr_native,57660.0,unknown_object,0.2768,976.98,523.44,1026.47,578.18,2709.2,49.49,54.75,0.904,False,,True,unattributed,8,evt_01-P02_upper_body_0011,00d7743f301bd3b2,native_source_context_fallback,no_pose_observation,38134.8,2.26,,1,01/e1/v1,
corpus_01,01.Candidate was found using a mobile phone in the examination hall..mkv,b842b03e5784d867e93770560d88150a526250df69077cd3065edbbd4c842098,rf_detr_native,57660.0,unknown_object,0.2645,912.4,343.0,950.93,437.59,3644.8,38.53,94.59,0.407,False,,True,unattributed,8,evt_01-P02_upper_body_0011,00d7743f301bd3b2,native_source_context_fallback,no_pose_observation,38134.8,2.26,,1,01/e1/v1,
corpus_01,01.Candidate was found using a mobile phone in the examination hall..mkv,b842b03e5784d867e93770560d88150a526250df69077cd3065edbbd4c842098,rf_detr_native,57660.0,unknown_object,0.5341,676.87,494.0,772.31,585.64,8746.6,95.45,91.64,1.042,False,,True,unattributed,4,evt_01-P02_upper_body_0011,38fd051371601eab,pose_hand_context,,53032.1,2.72,,1,01/e1/v1,rtmpose_baseline
corpus_01,01.Candidate was found using a mobile phone in the examination hall..mkv,b842b03e5784d867e93770560d88150a526250df69077cd3065edbbd4c842098,rf_detr_native,57660.0,bag,0.3296,675.73,700.84,796.41,719.91,2300.8,120.67,19.07,6.329,False,,True,unattributed,4,evt_01-P02_upper_body_0011,38fd051371601eab,pose_hand_context,,53032.1,2.72,,1,01/e1/v1,rtmpose_baseline
corpus_01,01.Candidate was found using a mobile phone in the examination hall..mkv,b842b03e5784d867e93770560d88150a526250df69077cd3065edbbd4c842098,rf_detr_native,57660.0,bag,0.2928,710.06,700.9,794.62,720.0,1614.8,84.56,19.1,4.428,False,,True,unattributed,4,evt_01-P02_upper_body_0011,38fd051371601eab,pose_hand_context,,53032.1,2.72,,1,01/e1/v1,rtmpose_baseline
corpus_01,01.Candidate was found using a mobile phone in the examination hall..mkv,b842b03e5784d867e93770560d88150a526250df69077cd3065edbbd4c842098,rf_detr_native,57660.0,unknown_object,0.259,675.27,494.0,777.57,646.19,15568.2,102.3,152.19,0.672,False,,True,unattributed,4,evt_01-P02_upper_body_0011,38fd051371601eab,pose_hand_context,,53032.1,2.72,,1,01/e1/v1,rtmpose_baseline
corpus_01,01.Candidate was found using a mobile phone in the examination hall..mkv,b842b03e5784d867e93770560d88150a526250df69077cd3065edbbd4c842098,rf_detr_native,57660.0,unknown_object,0.287,976.72,525.12,1025.66,629.98,5131.5,48.94,104.86,0.467,False,,True,unattributed,6,evt_01-P02_upper_body_0011,9f9abdf258ebd2bb,native_source_context_fallback,no_pose_observation,14277.0,3.78,,1,01/e1/v1,
corpus_01,01.Candidate was found using a mobile phone in the examination hall..mkv,b842b03e5784d867e93770560d88150a526250df69077cd3065edbbd4c842098,rf_detr_native,57660.0,unknown_object,0.2661,999.75,463.11,1045.99,619.12,7213.1,46.24,156.01,0.296,False,,True,unattributed,6,evt_01-P02_upper_body_0011,9f9abdf258ebd2bb,native_source_context_fallback,no_pose_observation,14277.0,3.78,,1,01/e1/v1,
corpus_01,01.Candidate was found using a mobile phone in the examination hall..mkv,b842b03e5784d867e93770560d88150a526250df69077cd3065edbbd4c842098,rf_detr_native,58140.0,unknown_object,0.3289,994.82,465.0,1046.85,631.08,8640.3,52.02,166.08,0.313,False,,True,unattributed,6,evt_01-P02_desk_work_surface_0009,076d6829804413e9,native_source_context_fallback,no_pose_observation,14143.5,3.84,,1,01/e1/v1,
corpus_01,01.Candidate was found using a mobile phone in the examination hall..mkv,b842b03e5784d867e93770560d88150a526250df69077cd3065edbbd4c842098,rf_detr_native,58140.0,unknown_object,0.2817,994.73,465.11,1047.0,631.49,8696.8,52.27,166.38,0.314,False,,True,unattributed,6,evt_01-P02_desk_work_surface_0009,076d6829804413e9,native_source_context_fallback,no_pose_observation,14143.5,3.84,,1,01/e1/v1,
corpus_01,01.Candidate was found using a mobile phone in the examination hall..mkv,b842b03e5784d867e93770560d88150a526250df69077cd3065edbbd4c842098,rf_detr_native,58140.0,unknown_object,0.2705,703.23,436.22,717.59,449.79,194.9,14.36,13.57,1.058,False,,True,unattributed,5,evt_01-P02_desk_work_surface_0009,5950c89fac658d94,pose_hand_context,,2304.0,13.33,,1,01/e1/v1,rtmpose_baseline
corpus_01,01.Candidate was found using a mobile phone in the examination hall..mkv,b842b03e5784d867e93770560d88150a526250df69077cd3065edbbd4c842098,rf_detr_native,58140.0,unknown_object,0.5132,674.68,499.0,754.35,585.13,6861.3,79.67,86.13,0.925,False,,True,unattributed,4,evt_01-P02_desk_work_surface_0009,9e06d2590a307834,pose_hand_context,,52535.8,2.69,,1,01/e1/v1,rtmpose_baseline
corpus_01,01.Candidate was found using a mobile phone in the examination hall..mkv,b842b03e5784d867e93770560d88150a526250df69077cd3065edbbd4c842098,rf_detr_native,58140.0,unknown_object,0.4259,674.02,499.7,700.89,645.58,3920.1,26.87,145.88,0.184,False,,True,unattributed,4,evt_01-P02_desk_work_surface_0009,9e06d2590a307834,pose_hand_context,,52535.8,2.69,,1,01/e1/v1,rtmpose_baseline
corpus_01,01.Candidate was found using a mobile phone in the examination hall..mkv,b842b03e5784d867e93770560d88150a526250df69077cd3065edbbd4c842098,rf_detr_native,58140.0,unknown_object,0.4497,911.29,463.75,1047.47,712.54,33880.0,136.18,248.79,0.547,False,,True,unattributed,7,evt_01-P02_desk_work_surface_0009,c1449f2c781d86ac,native_source_context_fallback,no_pose_observation,34478.1,2.54,,1,01/e1/v1,
corpus_01,01.Candidate was found using a mobile phone in the examination hall..mkv,b842b03e5784d867e93770560d88150a526250df69077cd3065edbbd4c842098,rf_detr_native,58620.0,unknown_object,0.5495,673.71,499.0,753.81,585.17,6902.8,80.1,86.17,0.93,False,,True,unattributed,4,evt_01-P03_upper_body_0018,a37c948dd6043680,pose_hand_context,,53122.5,2.66,,1,01/e1/v1,rtmpose_baseline
corpus_01,01.Candidate was found using a mobile phone in the examination hall..mkv,b842b03e5784d867e93770560d88150a526250df69077cd3065edbbd4c842098,rf_detr_native,58620.0,unknown_object,0.4299,673.03,499.42,700.88,645.91,4079.7,27.85,146.48,0.19,False,,True,unattributed,4,evt_01-P03_upper_body_0018,a37c948dd6043680,pose_hand_context,,53122.5,2.66,,1,01/e1/v1,rtmpose_baseline
corpus_01,01.Candidate was found using a mobile phone in the examination hall..mkv,b842b03e5784d867e93770560d88150a526250df69077cd3065edbbd4c842098,rf_detr_native,58620.0,bag,0.2576,675.98,700.92,796.85,719.96,2301.6,120.87,19.04,6.347,False,,True,unattributed,4,evt_01-P03_upper_body_0018,a37c948dd6043680,pose_hand_context,,53122.5,2.66,,1,01/e1/v1,rtmpose_baseline
corpus_01,01.Candidate was found using a mobile phone in the examination hall..mkv,b842b03e5784d867e93770560d88150a526250df69077cd3065edbbd4c842098,rf_detr_native,58660.0,unknown_object,0.6301,672.65,497.0,759.72,585.12,7672.1,87.07,88.12,0.988,False,,True,unattributed,4,evt_01-P02_upper_body_0011,5b5235bba376459e,pose_hand_context,,54411.5,2.62,,1,01/e1/v1,rtmpose_baseline
corpus_01,01.Candidate was found using a mobile phone in the examination hall..mkv,b842b03e5784d867e93770560d88150a526250df69077cd3065edbbd4c842098,rf_detr_native,58660.0,unknown_object,0.4846,671.02,497.28,700.84,646.24,4441.3,29.82,148.96,0.2,False,,True,unattributed,4,evt_01-P02_upper_body_0011,5b5235bba376459e,pose_hand_context,,54411.5,2.62,,1,01/e1/v1,rtmpose_baseline
corpus_01,01.Candidate was found using a mobile phone in the examination hall..mkv,b842b03e5784d867e93770560d88150a526250df69077cd3065edbbd4c842098,rf_detr_native,58660.0,bag,0.2698,673.39,700.72,798.35,719.98,2406.8,124.96,19.26,6.488,False,,True,unattributed,4,evt_01-P02_upper_body_0011,5b5235bba376459e,pose_hand_context,,54411.5,2.62,,1,01/e1/v1,rtmpose_baseline
corpus_01,01.Candidate was found using a mobile phone in the examination hall..mkv,b842b03e5784d867e93770560d88150a526250df69077cd3065edbbd4c842098,rf_detr_native,58660.0,unknown_object,0.3934,705.48,420.09,726.53,441.72,455.4,21.05,21.64,0.973,False,,True,unattributed,5,evt_01-P02_upper_body_0011,a5184d281692ae52,pose_hand_context,,2304.0,13.33,,1,01/e1/v1,rtmpose_baseline
corpus_01,01.Candidate was found using a mobile phone in the examination hall..mkv,b842b03e5784d867e93770560d88150a526250df69077cd3065edbbd4c842098,rf_detr_native,58820.0,phone,0.2993,996.77,478.42,1016.22,497.03,361.8,19.45,18.61,1.045,False,,True,unattributed,6,evt_01-P06_upper_body_0046,8c7436e6873ec719,native_source_context_fallback,no_pose_observation,15983.9,3.73,,1,01/e1/v1,
corpus_01,01.Candidate was found using a mobile phone in the examination hall..mkv,b842b03e5784d867e93770560d88150a526250df69077cd3065edbbd4c842098,rf_detr_native,58820.0,unknown_object,0.5067,672.51,499.0,753.66,585.46,7017.0,81.16,86.46,0.939,False,,True,unattributed,4,evt_01-P06_upper_body_0046,c564f5e07b46444a,pose_hand_context,,53302.0,2.65,,1,01/e1/v1,rtmpose_baseline
corpus_01,01.Candidate was found using a mobile phone in the examination hall..mkv,b842b03e5784d867e93770560d88150a526250df69077cd3065edbbd4c842098,rf_detr_native,58820.0,unknown_object,0.4571,672.02,499.29,700.69,646.13,4209.1,28.66,146.84,0.195,False,,True,unattributed,4,evt_01-P06_upper_body_0046,c564f5e07b46444a,pose_hand_context,,53302.0,2.65,,1,01/e1/v1,rtmpose_baseline
corpus_01,01.Candidate was found using a mobile phone in the examination hall..mkv,b842b03e5784d867e93770560d88150a526250df69077cd3065edbbd4c842098,rf_detr_native,58820.0,bag,0.282,674.8,700.75,796.7,719.98,2344.1,121.89,19.23,6.339,False,,True,unattributed,4,evt_01-P06_upper_body_0046,c564f5e07b46444a,pose_hand_context,,53302.0,2.65,,1,01/e1/v1,rtmpose_baseline
corpus_01,01.Candidate was found using a mobile phone in the examination hall..mkv,b842b03e5784d867e93770560d88150a526250df69077cd3065edbbd4c842098,rf_detr_native,59340.0,unknown_object,0.2813,995.4,460.01,1049.97,630.46,9300.7,54.57,170.45,0.32,False,,True,unattributed,6,evt_01-P03_upper_body_0019,b712ac46cdf1b522,native_source_context_fallback,no_pose_observation,16501.2,3.71,,1,01/e1/v1,
corpus_01,01.Candidate was found using a mobile phone in the examination hall..mkv,b842b03e5784d867e93770560d88150a526250df69077cd3065edbbd4c842098,rf_detr_native,59340.0,unknown_object,0.5757,667.5,496.0,759.11,585.33,8183.7,91.61,89.33,1.026,False,,True,unattributed,4,evt_01-P03_upper_body_0019,c0e51b55825e8c7c,pose_hand_context,,56116.9,2.55,,1,01/e1/v1,rtmpose_baseline
corpus_01,01.Candidate was found using a mobile phone in the examination hall..mkv,b842b03e5784d867e93770560d88150a526250df69077cd3065edbbd4c842098,rf_detr_native,59340.0,unknown_object,0.5209,666.02,496.38,700.77,646.03,5199.8,34.75,149.65,0.232,False,,True,unattributed,4,evt_01-P03_upper_body_0019,c0e51b55825e8c7c,pose_hand_context,,56116.9,2.55,,1,01/e1/v1,rtmpose_baseline
corpus_01,01.Candidate was found using a mobile phone in the examination hall..mkv,b842b03e5784d867e93770560d88150a526250df69077cd3065edbbd4c842098,rf_detr_native,59340.0,unknown_object,0.2519,692.63,496.0,757.62,584.61,5759.1,64.99,88.61,0.733,False,,True,unattributed,4,evt_01-P03_upper_body_0019,c0e51b55825e8c7c,pose_hand_context,,56116.9,2.55,,1,01/e1/v1,rtmpose_baseline
corpus_01,01.Candidate was found using a mobile phone in the examination hall..mkv,b842b03e5784d867e93770560d88150a526250df69077cd3065edbbd4c842098,rf_detr_native,59820.0,unknown_object,0.6127,665.01,495.32,701.1,646.14,5444.3,36.1,150.82,0.239,False,,True,unattributed,4,evt_01-P06_upper_body_0046,76e715022a2634d7,pose_hand_context,,56105.4,2.56,,1,01/e1/v1,rtmpose_baseline
corpus_01,01.Candidate was found using a mobile phone in the examination hall..mkv,b842b03e5784d867e93770560d88150a526250df69077cd3065edbbd4c842098,rf_detr_native,59820.0,unknown_object,0.5376,682.83,495.0,761.52,585.35,7110.4,78.7,90.35,0.871,False,,True,unattributed,4,evt_01-P06_upper_body_0046,76e715022a2634d7,pose_hand_context,,56105.4,2.56,,1,01/e1/v1,rtmpose_baseline
corpus_01,01.Candidate was found using a mobile phone in the examination hall..mkv,b842b03e5784d867e93770560d88150a526250df69077cd3065edbbd4c842098,rf_detr_native,59820.0,unknown_object,0.2727,690.79,495.0,759.94,584.73,6204.1,69.15,89.73,0.771,False,,True,unattributed,4,evt_01-P06_upper_body_0046,76e715022a2634d7,pose_hand_context,,56105.4,2.56,,1,01/e1/v1,rtmpose_baseline
corpus_01,01.Candidate was found using a mobile phone in the examination hall..mkv,b842b03e5784d867e93770560d88150a526250df69077cd3065edbbd4c842098,rf_detr_native,59820.0,unknown_object,0.327,1015.31,466.36,1041.56,531.03,1697.7,26.25,64.67,0.406,False,,True,unattributed,6,evt_01-P06_upper_body_0046,c5516ffd0ba2dfe8,pose_hand_context,,7708.8,7.29,,1,01/e1/v1,rtmpose_baseline
corpus_01,01.Candidate was found using a mobile phone in the examination hall..mkv,b842b03e5784d867e93770560d88150a526250df69077cd3065edbbd4c842098,rf_detr_native,59820.0,unknown_object,0.327,1015.31,466.36,1041.56,531.03,1697.7,26.25,64.67,0.406,False,,True,unattributed,7,evt_01-P06_upper_body_0046,c5516ffd0ba2dfe8,pose_hand_context,,7708.8,7.29,,1,01/e1/v1,rtmpose_baseline
corpus_01,01.Candidate was found using a mobile phone in the examination hall..mkv,b842b03e5784d867e93770560d88150a526250df69077cd3065edbbd4c842098,rf_detr_native,59860.0,unknown_object,0.5579,1016.07,464.09,1041.72,530.57,1705.6,25.65,66.48,0.386,False,,True,unattributed,6,evt_01-P02_upper_body_0012,03721f82baea14df,pose_hand_context,,8118.0,7.1,,1,01/e1/v1,rtmpose_baseline
corpus_01,01.Candidate was found using a mobile phone in the examination hall..mkv,b842b03e5784d867e93770560d88150a526250df69077cd3065edbbd4c842098,rf_detr_native,59860.0,unknown_object,0.5038,1015.54,464.26,1044.9,530.79,1952.8,29.35,66.53,0.441,False,,True,unattributed,6,evt_01-P02_upper_body_0012,03721f82baea14df,pose_hand_context,,8118.0,7.1,,1,01/e1/v1,rtmpose_baseline
corpus_01,01.Candidate was found using a mobile phone in the examination hall..mkv,b842b03e5784d867e93770560d88150a526250df69077cd3065edbbd4c842098,rf_detr_native,59860.0,unknown_object,0.5579,1016.07,464.09,1041.72,530.57,1705.6,25.65,66.48,0.386,False,,True,unattributed,7,evt_01-P02_upper_body_0012,03721f82baea14df,pose_hand_context,,8118.0,7.1,,1,01/e1/v1,rtmpose_baseline
corpus_01,01.Candidate was found using a mobile phone in the examination hall..mkv,b842b03e5784d867e93770560d88150a526250df69077cd3065edbbd4c842098,rf_detr_native,59860.0,unknown_object,0.5038,1015.54,464.26,1044.9,530.79,1952.8,29.35,66.53,0.441,False,,True,unattributed,7,evt_01-P02_upper_body_0012,03721f82baea14df,pose_hand_context,,8118.0,7.1,,1,01/e1/v1,rtmpose_baseline
corpus_01,01.Candidate was found using a mobile phone in the examination hall..mkv,b842b03e5784d867e93770560d88150a526250df69077cd3065edbbd4c842098,rf_detr_native,59860.0,unknown_object,0.7005,663.0,494.01,701.2,646.34,5818.3,38.2,152.33,0.251,False,,True,unattributed,4,evt_01-P02_upper_body_0012,75550b45ac50a41e,pose_hand_context,,57061.8,2.53,,1,01/e1/v1,rtmpose_baseline
corpus_01,01.Candidate was found using a mobile phone in the examination hall..mkv,b842b03e5784d867e93770560d88150a526250df69077cd3065edbbd4c842098,rf_detr_native,59860.0,unknown_object,0.4818,686.37,494.0,771.21,585.14,7731.7,84.84,91.14,0.931,False,,True,unattributed,4,evt_01-P02_upper_body_0012,75550b45ac50a41e,pose_hand_context,,57061.8,2.53,,1,01/e1/v1,rtmpose_baseline
corpus_01,01.Candidate was found using a mobile phone in the examination hall..mkv,b842b03e5784d867e93770560d88150a526250df69077cd3065edbbd4c842098,rf_detr_native,59860.0,unknown_object,0.3102,663.7,494.0,770.12,585.36,9722.3,106.42,91.36,1.165,False,,True,unattributed,4,evt_01-P02_upper_body_0012,75550b45ac50a41e,pose_hand_context,,57061.8,2.53,,1,01/e1/v1,rtmpose_baseline
corpus_01,01.Candidate was found using a mobile phone in the examination hall..mkv,b842b03e5784d867e93770560d88150a526250df69077cd3065edbbd4c842098,rf_detr_native,59860.0,unknown_object,0.2931,689.89,494.0,801.71,585.15,10192.9,111.82,91.15,1.227,False,,True,unattributed,4,evt_01-P02_upper_body_0012,75550b45ac50a41e,pose_hand_context,,57061.8,2.53,,1,01/e1/v1,rtmpose_baseline
corpus_01,01.Candidate was found using a mobile phone in the examination hall..mkv,b842b03e5784d867e93770560d88150a526250df69077cd3065edbbd4c842098,rf_detr_native,60340.0,unknown_object,0.5474,683.7,495.0,762.59,585.22,7117.3,78.89,90.22,0.874,False,,True,unattributed,4,evt_01-P03_upper_body_0019,0e6eb70cb5f34406,pose_hand_context,,56343.4,2.55,,1,01/e1/v1,rtmpose_baseline
corpus_01,01.Candidate was found using a mobile phone in the examination hall..mkv,b842b03e5784d867e93770560d88150a526250df69077cd3065edbbd4c842098,rf_detr_native,60340.0,unknown_object,0.5263,665.0,495.42,701.0,646.29,5431.8,36.0,150.87,0.239,False,,True,unattributed,4,evt_01-P03_upper_body_0019,0e6eb70cb5f34406,pose_hand_context,,56343.4,2.55,,1,01/e1/v1,rtmpose_baseline
corpus_01,01.Candidate was found using a mobile phone in the examination hall..mkv,b842b03e5784d867e93770560d88150a526250df69077cd3065edbbd4c842098,rf_detr_native,60380.0,unknown_object,0.2812,702.75,436.57,718.13,450.69,217.2,15.39,14.12,1.09,False,,True,unattributed,5,evt_01-P01_desk_work_surface_0002,3a8d7ab918471617,pose_hand_context,,2304.0,13.33,,1,01/e1/v1,rtmpose_baseline
corpus_01,01.Candidate was found using a mobile phone in the examination hall..mkv,b842b03e5784d867e93770560d88150a526250df69077cd3065edbbd4c842098,rf_detr_native,60380.0,unknown_object,0.6298,685.79,491.0,769.84,585.24,7921.3,84.06,94.24,0.892,False,,True,unattributed,4,evt_01-P01_desk_work_surface_0002,7e9468fc339cbcff,pose_hand_context,,57315.8,2.55,,1,01/e1/v1,rtmpose_baseline
corpus_01,01.Candidate was found using a mobile phone in the examination hall..mkv,b842b03e5784d867e93770560d88150a526250df69077cd3065edbbd4c842098,rf_detr_native,60380.0,unknown_object,0.5555,665.02,491.5,701.3,646.41,5620.6,36.28,154.91,0.234,False,,True,unattributed,4,evt_01-P01_desk_work_surface_0002,7e9468fc339cbcff,pose_hand_context,,57315.8,2.55,,1,01/e1/v1,rtmpose_baseline
corpus_01,01.Candidate was found using a mobile phone in the examination hall..mkv,b842b03e5784d867e93770560d88150a526250df69077cd3065edbbd4c842098,rf_detr_native,60380.0,bag,0.3194,666.73,700.5,797.88,719.99,2556.1,131.15,19.49,6.729,False,,True,unattributed,4,evt_01-P01_desk_work_surface_0002,7e9468fc339cbcff,pose_hand_context,,57315.8,2.55,,1,01/e1/v1,rtmpose_baseline
corpus_01,01.Candidate was found using a mobile phone in the examination hall..mkv,b842b03e5784d867e93770560d88150a526250df69077cd3065edbbd4c842098,rf_detr_native,60380.0,bag,0.3044,714.04,700.58,793.74,720.0,1548.2,79.7,19.42,4.103,False,,True,unattributed,4,evt_01-P01_desk_work_surface_0002,7e9468fc339cbcff,pose_hand_context,,57315.8,2.55,,1,01/e1/v1,rtmpose_baseline
corpus_01,01.Candidate was found using a mobile phone in the examination hall..mkv,b842b03e5784d867e93770560d88150a526250df69077cd3065edbbd4c842098,rf_detr_native,60820.0,monitor_or_bezel,0.3921,980.62,582.88,1068.0,718.34,11836.8,87.38,135.46,0.645,False,,True,unattributed,4,evt_01-P06_upper_body_0046,99173e5dfd942e2f,pose_hand_context,,38431.6,2.65,,1,01/e1/v1,rtmpose_baseline
corpus_01,01.Candidate was found using a mobile phone in the examination hall..mkv,b842b03e5784d867e93770560d88150a526250df69077cd3065edbbd4c842098,rf_detr_native,60820.0,unknown_object,0.2797,911.33,659.3,982.24,705.47,3273.8,70.91,46.17,1.536,False,,True,unattributed,4,evt_01-P06_upper_body_0046,99173e5dfd942e2f,pose_hand_context,,38431.6,2.65,,1,01/e1/v1,rtmpose_baseline
corpus_01,01.Candidate was found using a mobile phone in the examination hall..mkv,b842b03e5784d867e93770560d88150a526250df69077cd3065edbbd4c842098,rf_detr_native,60820.0,monitor_or_bezel,0.253,980.36,560.24,1067.9,718.95,13894.3,87.54,158.71,0.552,False,,True,unattributed,4,evt_01-P06_upper_body_0046,99173e5dfd942e2f,pose_hand_context,,38431.6,2.65,,1,01/e1/v1,rtmpose_baseline
corpus_01,01.Candidate was found using a mobile phone in the examination hall..mkv,b842b03e5784d867e93770560d88150a526250df69077cd3065edbbd4c842098,rf_detr_native,60860.0,monitor_or_bezel,0.4238,980.92,584.75,1062.0,718.63,10855.5,81.08,133.88,0.606,False,,True,unattributed,4,evt_01-P02_upper_body_0012,4000fd0a1fd17d9b,pose_hand_context,,36887.2,2.72,,1,01/e1/v1,rtmpose_baseline
corpus_01,01.Candidate was found using a mobile phone in the examination hall..mkv,b842b03e5784d867e93770560d88150a526250df69077cd3065edbbd4c842098,rf_detr_native,60860.0,monitor_or_bezel,0.3526,979.85,563.12,1061.95,719.23,12817.9,82.1,156.12,0.526,False,,True,unattributed,4,evt_01-P02_upper_body_0012,4000fd0a1fd17d9b,pose_hand_context,,36887.2,2.72,,1,01/e1/v1,rtmpose_baseline
corpus_01,01.Candidate was found using a mobile phone in the examination hall..mkv,b842b03e5784d867e93770560d88150a526250df69077cd3065edbbd4c842098,rf_detr_native,60860.0,monitor_or_bezel,0.2536,680.08,419.0,728.0,466.87,2293.5,47.92,47.87,1.001,False,,True,unattributed,5,evt_01-P02_upper_body_0012,8c797a6633f0d272,pose_hand_context,,2304.0,13.33,,1,01/e1/v1,rtmpose_baseline
corpus_01,01.Candidate was found using a mobile phone in the examination hall..mkv,b842b03e5784d867e93770560d88150a526250df69077cd3065edbbd4c842098,rf_detr_native,61340.0,unknown_object,0.3023,702.5,420.23,726.58,441.68,516.7,24.09,21.45,1.123,False,,True,unattributed,5,evt_01-P03_upper_body_0019,057681aa98e6d5c2,pose_hand_context,,2304.0,13.33,,1,01/e1/v1,rtmpose_baseline
corpus_01,01.Candidate was found using a mobile phone in the examination hall..mkv,b842b03e5784d867e93770560d88150a526250df69077cd3065edbbd4c842098,rf_detr_native,61340.0,unknown_object,0.3514,1014.51,454.12,1109.0,567.45,10707.6,94.49,113.33,0.834,False,,True,unattributed,7,evt_01-P03_upper_body_0019,7d3e26cb470d9643,pose_hand_context,,14146.7,5.38,,1,01/e1/v1,rtmpose_baseline
corpus_01,01.Candidate was found using a mobile phone in the examination hall..mkv,b842b03e5784d867e93770560d88150a526250df69077cd3065edbbd4c842098,rf_detr_native,61380.0,unknown_object,0.6389,1010.39,450.02,1113.0,577.96,13129.0,102.61,127.94,0.802,False,,True,unattributed,7,evt_01-P01_desk_work_surface_0002,9e82a369dd1c3bd2,pose_hand_context,,16507.1,4.98,,1,01/e1/v1,rtmpose_baseline
corpus_01,01.Candidate was found using a mobile phone in the examination hall..mkv,b842b03e5784d867e93770560d88150a526250df69077cd3065edbbd4c842098,rf_detr_native,61380.0,monitor_or_bezel,0.2665,681.1,419.0,729.0,466.87,2293.3,47.9,47.87,1.001,False,,True,unattributed,5,evt_01-P01_desk_work_surface_0002,cd9a3f1dba609a0a,pose_hand_context,,2304.0,13.33,,1,01/e1/v1,rtmpose_baseline
corpus_01,01.Candidate was found using a mobile phone in the examination hall..mkv,b842b03e5784d867e93770560d88150a526250df69077cd3065edbbd4c842098,rf_detr_native,61820.0,unknown_object,0.6652,1002.57,435.42,1130.91,607.73,22115.0,128.34,172.31,0.745,False,,True,unattributed,7,evt_01-P06_upper_body_0046,5f9647dbd662408c,pose_hand_context,,30053.7,3.69,,1,01/e1/v1,rtmpose_baseline
corpus_01,01.Candidate was found using a mobile phone in the examination hall..mkv,b842b03e5784d867e93770560d88150a526250df69077cd3065edbbd4c842098,rf_detr_native,61820.0,unknown_object,0.3605,1008.12,578.63,1131.0,607.98,3606.0,122.88,29.35,4.187,False,,True,unattributed,7,evt_01-P06_upper_body_0046,5f9647dbd662408c,pose_hand_context,,30053.7,3.69,,1,01/e1/v1,rtmpose_baseline
corpus_01,01.Candidate was found using a mobile phone in the examination hall..mkv,b842b03e5784d867e93770560d88150a526250df69077cd3065edbbd4c842098,rf_detr_native,61860.0,unknown_object,0.2503,702.84,436.88,717.77,450.95,210.1,14.93,14.07,1.061,False,,True,unattributed,5,evt_01-P02_upper_body_0012,10683caf0ee5739d,pose_hand_context,,2304.0,13.33,,1,01/e1/v1,rtmpose_baseline
corpus_01,01.Candidate was found using a mobile phone in the examination hall..mkv,b842b03e5784d867e93770560d88150a526250df69077cd3065edbbd4c842098,rf_detr_native,61860.0,unknown_object,0.7052,1001.93,435.13,1129.79,606.75,21942.3,127.86,171.62,0.745,False,,True,unattributed,7,evt_01-P02_upper_body_0012,fabdc5617c7a2159,pose_hand_context,,29487.8,3.73,,1,01/e1/v1,rtmpose_baseline
corpus_01,01.Candidate was found using a mobile phone in the examination hall..mkv,b842b03e5784d867e93770560d88150a526250df69077cd3065edbbd4c842098,rf_detr_native,61860.0,unknown_object,0.3576,1006.02,580.04,1130.0,607.0,3342.6,123.98,26.96,4.599,False,,True,unattributed,7,evt_01-P02_upper_body_0012,fabdc5617c7a2159,pose_hand_context,,29487.8,3.73,,1,01/e1/v1,rtmpose_baseline
corpus_01,01.Candidate was found using a mobile phone in the examination hall..mkv,b842b03e5784d867e93770560d88150a526250df69077cd3065edbbd4c842098,rf_detr_native,62340.0,unknown_object,0.3667,999.94,436.9,1130.67,612.66,22976.1,130.73,175.76,0.744,False,,True,unattributed,7,evt_01-P03_upper_body_0019,9673b7cb4cb83d9a,pose_hand_context,,34819.6,3.43,,1,01/e1/v1,rtmpose_baseline
corpus_01,01.Candidate was found using a mobile phone in the examination hall..mkv,b842b03e5784d867e93770560d88150a526250df69077cd3065edbbd4c842098,rf_detr_native,62340.0,unknown_object,0.2591,981.05,428.14,1031.98,485.3,2911.2,50.93,57.16,0.891,False,,True,unattributed,7,evt_01-P03_upper_body_0019,9673b7cb4cb83d9a,pose_hand_context,,34819.6,3.43,,1,01/e1/v1,rtmpose_baseline
corpus_01,01.Candidate was found using a mobile phone in the examination hall..mkv,b842b03e5784d867e93770560d88150a526250df69077cd3065edbbd4c842098,rf_detr_native,62340.0,bag,0.3022,514.44,627.01,593.92,720.0,7391.6,79.48,92.99,0.855,False,,True,unattributed,4,evt_01-P03_upper_body_0019,aea27f278211d5dd,pose_hand_context,,14248.4,4.16,,1,01/e1/v1,rtmpose_baseline
corpus_01,01.Candidate was found using a mobile phone in the examination hall..mkv,b842b03e5784d867e93770560d88150a526250df69077cd3065edbbd4c842098,rf_detr_native,62380.0,mouse,0.516,639.82,369.14,660.39,377.67,175.4,20.56,8.53,2.411,False,,True,unattributed,10,evt_01-P01_desk_work_surface_0002,55d6f17c8344f12c,native_source_context_fallback,wrist_confidence_below_floor,14896.0,4.16,,1,01/e1/v1,rtmpose_baseline
corpus_01,01.Candidate was found using a mobile phone in the examination hall..mkv,b842b03e5784d867e93770560d88150a526250df69077cd3065edbbd4c842098,rf_detr_native,62380.0,stationery,0.3134,639.82,369.14,660.39,377.67,175.4,20.56,8.53,2.411,False,,True,unattributed,10,evt_01-P01_desk_work_surface_0002,55d6f17c8344f12c,native_source_context_fallback,wrist_confidence_below_floor,14896.0,4.16,,1,01/e1/v1,rtmpose_baseline
corpus_01,01.Candidate was found using a mobile phone in the examination hall..mkv,b842b03e5784d867e93770560d88150a526250df69077cd3065edbbd4c842098,rf_detr_native,62380.0,phone,0.2578,1030.54,572.07,1069.99,596.51,964.4,39.45,24.45,1.614,False,,True,unattributed,7,evt_01-P01_desk_work_surface_0002,7408a8cf0d9e5d58,pose_hand_context,,34447.4,3.45,,1,01/e1/v1,rtmpose_baseline
corpus_01,01.Candidate was found using a mobile phone in the examination hall..mkv,b842b03e5784d867e93770560d88150a526250df69077cd3065edbbd4c842098,rf_detr_native,62820.0,unknown_object,0.2816,939.0,432.0,1031.52,486.42,5035.5,92.52,54.42,1.7,False,,True,unattributed,7,evt_01-P06_upper_body_0046,221354b10c45df1e,pose_hand_context,,35993.7,3.37,,1,01/e1/v1,rtmpose_baseline
corpus_01,01.Candidate was found using a mobile phone in the examination hall..mkv,b842b03e5784d867e93770560d88150a526250df69077cd3065edbbd4c842098,rf_detr_native,62820.0,monitor_or_bezel,0.3956,653.0,388.38,718.16,416.8,1851.7,65.15,28.42,2.293,False,,True,unattributed,5,evt_01-P06_upper_body_0046,801ab4eecd58f659,native_source_context_fallback,wrist_confidence_below_floor,8559.4,5.66,,1,01/e1/v1,rtmpose_baseline
corpus_01,01.Candidate was found using a mobile phone in the examination hall..mkv,b842b03e5784d867e93770560d88150a526250df69077cd3065edbbd4c842098,rf_detr_native,62820.0,unknown_object,0.2989,700.57,534.0,764.97,585.25,3300.4,64.4,51.25,1.257,False,,True,unattributed,4,evt_01-P06_upper_body_0046,bc152d83d87a30b6,pose_hand_context,,19544.0,4.58,,1,01/e1/v1,rtmpose_baseline
corpus_01,01.Candidate was found using a mobile phone in the examination hall..mkv,b842b03e5784d867e93770560d88150a526250df69077cd3065edbbd4c842098,rf_detr_native,62860.0,unknown_object,0.3611,942.11,434.02,1031.72,486.38,4692.4,89.61,52.36,1.711,False,,True,unattributed,7,evt_01-P02_upper_body_0012,3f7998749f9cf25b,pose_hand_context,,34663.0,3.44,,1,01/e1/v1,rtmpose_baseline
corpus_01,01.Candidate was found using a mobile phone in the examination hall..mkv,b842b03e5784d867e93770560d88150a526250df69077cd3065edbbd4c842098,rf_detr_native,62860.0,unknown_object,0.274,942.1,434.04,1032.14,528.16,8474.3,90.04,94.11,0.957,False,,True,unattributed,7,evt_01-P02_upper_body_0012,3f7998749f9cf25b,pose_hand_context,,34663.0,3.44,,1,01/e1/v1,rtmpose_baseline
corpus_01,01.Candidate was found using a mobile phone in the examination hall..mkv,b842b03e5784d867e93770560d88150a526250df69077cd3065edbbd4c842098,rf_detr_native,62860.0,unknown_object,0.378,700.52,532.0,762.98,585.28,3328.2,62.46,53.28,1.172,False,,True,unattributed,4,evt_01-P02_upper_body_0012,4d0675f76ce0e780,pose_hand_context,,20834.0,4.43,,1,01/e1/v1,rtmpose_baseline
corpus_01,01.Candidate was found using a mobile phone in the examination hall..mkv,b842b03e5784d867e93770560d88150a526250df69077cd3065edbbd4c842098,rf_detr_native,62860.0,unknown_object,0.3775,682.07,532.0,762.97,585.23,4306.7,80.9,53.23,1.52,False,,True,unattributed,4,evt_01-P02_upper_body_0012,4d0675f76ce0e780,pose_hand_context,,20834.0,4.43,,1,01/e1/v1,rtmpose_baseline
corpus_01,01.Candidate was found using a mobile phone in the examination hall..mkv,b842b03e5784d867e93770560d88150a526250df69077cd3065edbbd4c842098,rf_detr_native,63340.0,unknown_object,0.3773,1004.0,436.43,1136.95,609.68,23033.1,132.95,173.25,0.767,False,,True,unattributed,7,evt_01-P03_upper_body_0019,24332faae3befd76,pose_hand_context,,40618.4,3.18,,1,01/e1/v1,rtmpose_baseline
corpus_01,01.Candidate was found using a mobile phone in the examination hall..mkv,b842b03e5784d867e93770560d88150a526250df69077cd3065edbbd4c842098,rf_detr_native,63340.0,unknown_object,0.3566,1004.0,436.43,1136.95,609.68,23033.1,132.95,173.25,0.767,False,,True,unattributed,7,evt_01-P03_upper_body_0019,24332faae3befd76,pose_hand_context,,40618.4,3.18,,1,01/e1/v1,rtmpose_baseline
corpus_01,01.Candidate was found using a mobile phone in the examination hall..mkv,b842b03e5784d867e93770560d88150a526250df69077cd3065edbbd4c842098,rf_detr_native,63340.0,unknown_object,0.3282,989.48,436.46,1136.76,636.88,29518.2,147.29,200.41,0.735,False,,True,unattributed,7,evt_01-P03_upper_body_0019,24332faae3befd76,pose_hand_context,,40618.4,3.18,,1,01/e1/v1,rtmpose_baseline
corpus_01,01.Candidate was found using a mobile phone in the examination hall..mkv,b842b03e5784d867e93770560d88150a526250df69077cd3065edbbd4c842098,rf_detr_native,63340.0,unknown_object,0.295,935.17,435.0,1031.76,486.28,4953.3,96.59,51.28,1.883,False,,True,unattributed,7,evt_01-P03_upper_body_0019,24332faae3befd76,pose_hand_context,,40618.4,3.18,,1,01/e1/v1,rtmpose_baseline
corpus_01,01.Candidate was found using a mobile phone in the examination hall..mkv,b842b03e5784d867e93770560d88150a526250df69077cd3065edbbd4c842098,rf_detr_native,63340.0,unknown_object,0.2761,987.82,579.04,1137.0,636.82,8620.2,149.18,57.78,2.582,False,,True,unattributed,7,evt_01-P03_upper_body_0019,24332faae3befd76,pose_hand_context,,40618.4,3.18,,1,01/e1/v1,rtmpose_baseline
corpus_01,01.Candidate was found using a mobile phone in the examination hall..mkv,b842b03e5784d867e93770560d88150a526250df69077cd3065edbbd4c842098,rf_detr_native,63380.0,bag,0.2812,677.5,565.0,705.59,678.6,3191.1,28.09,113.6,0.247,False,,True,unattributed,4,evt_01-P01_desk_work_surface_0002,1c77acde358bd26c,pose_hand_context,,21685.5,4.35,,1,01/e1/v1,rtmpose_baseline
corpus_01,01.Candidate was found using a mobile phone in the examination hall..mkv,b842b03e5784d867e93770560d88150a526250df69077cd3065edbbd4c842098,rf_detr_native,63380.0,unknown_object,0.2608,705.15,565.0,808.19,585.67,2130.0,103.04,20.67,4.984,False,,True,unattributed,4,evt_01-P01_desk_work_surface_0002,1c77acde358bd26c,pose_hand_context,,21685.5,4.35,,1,01/e1/v1,rtmpose_baseline
corpus_01,01.Candidate was found using a mobile phone in the examination hall..mkv,b842b03e5784d867e93770560d88150a526250df69077cd3065edbbd4c842098,rf_detr_native,63380.0,unknown_object,0.2528,732.35,369.54,758.0,434.4,1663.4,25.65,64.86,0.395,False,,True,unattributed,9,evt_01-P01_desk_work_surface_0002,6c59d5387e958263,native_source_context_fallback,wrist_confidence_below_floor,18759.9,3.42,,1,01/e1/v1,rtmpose_baseline
corpus_01,01.Candidate was found using a mobile phone in the examination hall..mkv,b842b03e5784d867e93770560d88150a526250df69077cd3065edbbd4c842098,rf_detr_native,63380.0,unknown_object,0.3753,1005.07,436.27,1138.92,607.61,22933.9,133.85,171.34,0.781,False,,True,unattributed,7,evt_01-P01_desk_work_surface_0002,9fba296d9d830f30,pose_hand_context,,41152.2,3.15,,1,01/e1/v1,rtmpose_baseline
corpus_01,01.Candidate was found using a mobile phone in the examination hall..mkv,b842b03e5784d867e93770560d88150a526250df69077cd3065edbbd4c842098,rf_detr_native,63380.0,unknown_object,0.3209,936.09,436.0,1031.71,486.03,4783.9,95.62,50.03,1.911,False,,True,unattributed,7,evt_01-P01_desk_work_surface_0002,9fba296d9d830f30,pose_hand_context,,41152.2,3.15,,1,01/e1/v1,rtmpose_baseline
corpus_01,01.Candidate was found using a mobile phone in the examination hall..mkv,b842b03e5784d867e93770560d88150a526250df69077cd3065edbbd4c842098,rf_detr_native,63380.0,unknown_object,0.2842,991.92,437.87,1138.89,638.98,29558.7,146.97,201.12,0.731,False,,True,unattributed,7,evt_01-P01_desk_work_surface_0002,9fba296d9d830f30,pose_hand_context,,41152.2,3.15,,1,01/e1/v1,rtmpose_baseline
corpus_01,01.Candidate was found using a mobile phone in the examination hall..mkv,b842b03e5784d867e93770560d88150a526250df69077cd3065edbbd4c842098,rf_detr_native,63380.0,unknown_object,0.26,986.92,436.36,1138.61,639.0,30739.0,151.69,202.64,0.749,False,,True,unattributed,7,evt_01-P01_desk_work_surface_0002,9fba296d9d830f30,pose_hand_context,,41152.2,3.15,,1,01/e1/v1,rtmpose_baseline
corpus_01,01.Candidate was found using a mobile phone in the examination hall..mkv,b842b03e5784d867e93770560d88150a526250df69077cd3065edbbd4c842098,rf_detr_native,63500.0,bag,0.2533,723.38,700.61,794.53,720.0,1379.8,71.16,19.39,3.67,False,,True,unattributed,4,evt_01-P01_upper_body_0006,ac1335e3382ff960,pose_hand_context,,22082.5,4.14,,1,01/e1/v1,rtmpose_baseline
corpus_01,01.Candidate was found using a mobile phone in the examination hall..mkv,b842b03e5784d867e93770560d88150a526250df69077cd3065edbbd4c842098,rf_detr_native,63500.0,bag,0.2504,703.76,700.32,793.39,719.9,1754.9,89.62,19.58,4.577,False,,True,unattributed,4,evt_01-P01_upper_body_0006,ac1335e3382ff960,pose_hand_context,,22082.5,4.14,,1,01/e1/v1,rtmpose_baseline
corpus_01,01.Candidate was found using a mobile phone in the examination hall..mkv,b842b03e5784d867e93770560d88150a526250df69077cd3065edbbd4c842098,rf_detr_native,63500.0,unknown_object,0.3841,935.05,435.0,1031.56,484.89,4815.2,96.51,49.89,1.934,False,,True,unattributed,7,evt_01-P01_upper_body_0006,da5d6e8c8c042a26,pose_hand_context,,43397.2,3.07,,1,01/e1/v1,rtmpose_baseline
corpus_01,01.Candidate was found using a mobile phone in the examination hall..mkv,b842b03e5784d867e93770560d88150a526250df69077cd3065edbbd4c842098,rf_detr_native,63500.0,unknown_object,0.291,1005.06,436.13,1143.0,604.44,23216.3,137.94,168.31,0.82,False,,True,unattributed,7,evt_01-P01_upper_body_0006,da5d6e8c8c042a26,pose_hand_context,,43397.2,3.07,,1,01/e1/v1,rtmpose_baseline
corpus_01,01.Candidate was found using a mobile phone in the examination hall..mkv,b842b03e5784d867e93770560d88150a526250df69077cd3065edbbd4c842098,rf_detr_native,63860.0,unknown_object,0.2812,1004.47,436.57,1147.74,608.23,24593.0,143.26,171.66,0.835,False,,True,unattributed,7,evt_01-P03_desk_work_surface_0015,ff3226c83ee22aef,pose_hand_context,,46820.3,2.96,,1,01/e1/v1,rtmpose_baseline
corpus_01,01.Candidate was found using a mobile phone in the examination hall..mkv,b842b03e5784d867e93770560d88150a526250df69077cd3065edbbd4c842098,rf_detr_native,64020.0,unknown_object,0.2867,1014.44,437.14,1146.5,567.28,17187.6,132.07,130.14,1.015,False,,True,unattributed,7,evt_01-P06_desk_work_surface_0043,f0d03d7c148afb27,pose_hand_context,,46535.1,2.97,,1,01/e1/v1,rtmpose_baseline
corpus_01,01.Candidate was found using a mobile phone in the examination hall..mkv,b842b03e5784d867e93770560d88150a526250df69077cd3065edbbd4c842098,rf_detr_native,64020.0,unknown_object,0.2857,1004.94,437.49,1146.68,603.61,23546.6,141.75,166.12,0.853,False,,True,unattributed,7,evt_01-P06_desk_work_surface_0043,f0d03d7c148afb27,pose_hand_context,,46535.1,2.97,,1,01/e1/v1,rtmpose_baseline
corpus_01,01.Candidate was found using a mobile phone in the examination hall..mkv,b842b03e5784d867e93770560d88150a526250df69077cd3065edbbd4c842098,rf_detr_native,64340.0,unknown_object,0.3452,989.32,438.4,1143.9,651.77,32982.6,154.58,213.37,0.724,False,,True,unattributed,7,evt_01-P03_upper_body_0019,5e67cf09cc85d7b5,pose_hand_context,,46096.1,2.98,,1,01/e1/v1,rtmpose_baseline
corpus_01,01.Candidate was found using a mobile phone in the examination hall..mkv,b842b03e5784d867e93770560d88150a526250df69077cd3065edbbd4c842098,rf_detr_native,64380.0,unknown_object,0.374,989.79,438.6,1144.0,651.0,32755.3,154.21,212.4,0.726,False,,True,unattributed,7,evt_01-P01_desk_work_surface_0002,1f614a383f284659,pose_hand_context,,45403.1,3.0,,1,01/e1/v1,rtmpose_baseline
corpus_01,01.Candidate was found using a mobile phone in the examination hall..mkv,b842b03e5784d867e93770560d88150a526250df69077cd3065edbbd4c842098,rf_detr_native,64500.0,unknown_object,0.3284,929.35,438.0,1031.42,485.96,4895.1,102.07,47.96,2.128,False,,True,unattributed,7,evt_01-P01_upper_body_0006,9f16883afc7b43df,pose_hand_context,,45403.1,3.0,,1,01/e1/v1,rtmpose_baseline
corpus_01,01.Candidate was found using a mobile phone in the examination hall..mkv,b842b03e5784d867e93770560d88150a526250df69077cd3065edbbd4c842098,rf_detr_native,64860.0,unknown_object,0.2606,1004.02,442.08,1145.63,609.12,23654.5,141.61,167.04,0.848,False,,True,unattributed,7,evt_01-P03_desk_work_surface_0015,8cc44bc5ebf0ebf4,pose_hand_context,,45881.6,2.99,,1,01/e1/v1,rtmpose_baseline
corpus_01,01.Candidate was found using a mobile phone in the examination hall..mkv,b842b03e5784d867e93770560d88150a526250df69077cd3065edbbd4c842098,rf_detr_native,65020.0,unknown_object,0.3476,436.06,674.69,508.82,719.9,3288.6,72.75,45.2,1.609,False,,True,unattributed,4,evt_01-P06_desk_work_surface_0043,36beb967d8b0357c,pose_hand_context,,18396.5,3.64,,1,01/e1/v1,rtmpose_baseline
corpus_01,01.Candidate was found using a mobile phone in the examination hall..mkv,b842b03e5784d867e93770560d88150a526250df69077cd3065edbbd4c842098,rf_detr_native,65020.0,monitor_or_bezel,0.5118,989.04,450.17,1141.97,662.78,32512.6,152.93,212.6,0.719,False,,True,unattributed,7,evt_01-P06_desk_work_surface_0043,9f30ae84999ea078,pose_hand_context,,45667.7,2.99,,1,01/e1/v1,rtmpose_baseline
corpus_01,01.Candidate was found using a mobile phone in the examination hall..mkv,b842b03e5784d867e93770560d88150a526250df69077cd3065edbbd4c842098,rf_detr_native,65020.0,monitor_or_bezel,0.3388,1004.36,450.29,1141.8,610.35,21996.4,137.43,160.05,0.859,False,,True,unattributed,7,evt_01-P06_desk_work_surface_0043,9f30ae84999ea078,pose_hand_context,,45667.7,2.99,,1,01/e1/v1,rtmpose_baseline
corpus_01,01.Candidate was found using a mobile phone in the examination hall..mkv,b842b03e5784d867e93770560d88150a526250df69077cd3065edbbd4c842098,rf_detr_native,65060.0,monitor_or_bezel,0.6917,985.29,456.08,1142.0,665.89,32879.7,156.71,209.81,0.747,False,,True,unattributed,7,evt_01-P02_desk_work_surface_0010,3405ba00b8bd3731,pose_hand_context,,44125.2,3.05,,1,01/e1/v1,rtmpose_baseline
corpus_01,01.Candidate was found using a mobile phone in the examination hall..mkv,b842b03e5784d867e93770560d88150a526250df69077cd3065edbbd4c842098,rf_detr_native,65060.0,monitor_or_bezel,0.5196,1005.09,456.0,1141.78,610.87,21170.2,136.69,154.87,0.883,False,,True,unattributed,7,evt_01-P02_desk_work_surface_0010,3405ba00b8bd3731,pose_hand_context,,44125.2,3.05,,1,01/e1/v1,rtmpose_baseline
corpus_01,01.Candidate was found using a mobile phone in the examination hall..mkv,b842b03e5784d867e93770560d88150a526250df69077cd3065edbbd4c842098,rf_detr_native,65060.0,monitor_or_bezel,0.4216,1008.13,456.03,1141.76,605.3,19948.1,133.63,149.27,0.895,False,,True,unattributed,7,evt_01-P02_desk_work_surface_0010,3405ba00b8bd3731,pose_hand_context,,44125.2,3.05,,1,01/e1/v1,rtmpose_baseline
corpus_01,01.Candidate was found using a mobile phone in the examination hall..mkv,b842b03e5784d867e93770560d88150a526250df69077cd3065edbbd4c842098,rf_detr_native,65060.0,unknown_object,0.3432,936.26,456.0,1032.49,527.95,6923.5,96.22,71.95,1.337,False,,True,unattributed,7,evt_01-P02_desk_work_surface_0010,3405ba00b8bd3731,pose_hand_context,,44125.2,3.05,,1,01/e1/v1,rtmpose_baseline
corpus_01,01.Candidate was found using a mobile phone in the examination hall..mkv,b842b03e5784d867e93770560d88150a526250df69077cd3065edbbd4c842098,rf_detr_native,65060.0,unknown_object,0.3294,986.63,579.22,1142.0,665.34,13381.2,155.37,86.13,1.804,False,,True,unattributed,7,evt_01-P02_desk_work_surface_0010,3405ba00b8bd3731,pose_hand_context,,44125.2,3.05,,1,01/e1/v1,rtmpose_baseline
corpus_01,01.Candidate was found using a mobile phone in the examination hall..mkv,b842b03e5784d867e93770560d88150a526250df69077cd3065edbbd4c842098,rf_detr_native,65060.0,unknown_object,0.2543,935.87,456.0,1032.25,486.28,2918.4,96.38,30.28,3.183,False,,True,unattributed,7,evt_01-P02_desk_work_surface_0010,3405ba00b8bd3731,pose_hand_context,,44125.2,3.05,,1,01/e1/v1,rtmpose_baseline
corpus_01,01.Candidate was found using a mobile phone in the examination hall..mkv,b842b03e5784d867e93770560d88150a526250df69077cd3065edbbd4c842098,rf_detr_native,65060.0,unknown_object,0.3996,435.0,674.92,508.78,719.92,3319.9,73.78,45.0,1.64,False,,True,unattributed,4,evt_01-P02_desk_work_surface_0010,d6ff19b2e1a9525d,pose_hand_context,,17994.4,3.7,,1,01/e1/v1,rtmpose_baseline
corpus_01,01.Candidate was found using a mobile phone in the examination hall..mkv,b842b03e5784d867e93770560d88150a526250df69077cd3065edbbd4c842098,rf_detr_native,65340.0,unknown_object,0.5204,980.48,492.58,1116.0,690.87,26872.7,135.52,198.3,0.683,False,,True,unattributed,7,evt_01-P03_upper_body_0019,f31b8c0b07887148,pose_hand_context,,39521.4,3.22,,1,01/e1/v1,rtmpose_baseline
corpus_01,01.Candidate was found using a mobile phone in the examination hall..mkv,b842b03e5784d867e93770560d88150a526250df69077cd3065edbbd4c842098,rf_detr_native,65340.0,unknown_object,0.3306,980.48,492.58,1116.0,690.87,26872.7,135.52,198.3,0.683,False,,True,unattributed,7,evt_01-P03_upper_body_0019,f31b8c0b07887148,pose_hand_context,,39521.4,3.22,,1,01/e1/v1,rtmpose_baseline
corpus_01,01.Candidate was found using a mobile phone in the examination hall..mkv,b842b03e5784d867e93770560d88150a526250df69077cd3065edbbd4c842098,rf_detr_native,65500.0,unknown_object,0.4206,707.84,454.61,747.0,464.09,371.6,39.16,9.49,4.127,False,,True,unattributed,9,evt_01-P01_upper_body_0006,542f118178e600fa,pose_hand_context,,4472.9,9.57,,1,01/e1/v1,rtmpose_baseline
corpus_01,01.Candidate was found using a mobile phone in the examination hall..mkv,b842b03e5784d867e93770560d88150a526250df69077cd3065edbbd4c842098,rf_detr_native,65500.0,unknown_object,0.2678,738.45,428.56,746.99,456.4,237.7,8.54,27.84,0.307,False,,True,unattributed,9,evt_01-P01_upper_body_0006,542f118178e600fa,pose_hand_context,,4472.9,9.57,,1,01/e1/v1,rtmpose_baseline
corpus_01,01.Candidate was found using a mobile phone in the examination hall..mkv,b842b03e5784d867e93770560d88150a526250df69077cd3065edbbd4c842098,rf_detr_native,65500.0,monitor_or_bezel,0.7348,980.1,584.08,1057.9,719.3,10520.0,77.8,135.22,0.575,False,,True,unattributed,7,evt_01-P01_upper_body_0006,b02ebbc2e515f977,pose_hand_context,,32174.8,3.18,,1,01/e1/v1,rtmpose_baseline
corpus_01,01.Candidate was found using a mobile phone in the examination hall..mkv,b842b03e5784d867e93770560d88150a526250df69077cd3065edbbd4c842098,rf_detr_native,65500.0,monitor_or_bezel,0.2707,979.73,559.0,1057.87,719.47,12538.1,78.13,160.47,0.487,False,,True,unattributed,7,evt_01-P01_upper_body_0006,b02ebbc2e515f977,pose_hand_context,,32174.8,3.18,,1,01/e1/v1,rtmpose_baseline
corpus_01,01.Candidate was found using a mobile phone in the examination hall..mkv,b842b03e5784d867e93770560d88150a526250df69077cd3065edbbd4c842098,rf_detr_native,65500.0,bag,0.4123,718.69,700.81,796.69,720.0,1496.9,78.0,19.19,4.064,False,,True,unattributed,4,evt_01-P01_upper_body_0006,d2f945064cb43b73,pose_hand_context,,25546.0,3.69,,1,01/e1/v1,rtmpose_baseline
corpus_01,01.Candidate was found using a mobile phone in the examination hall..mkv,b842b03e5784d867e93770560d88150a526250df69077cd3065edbbd4c842098,rf_detr_native,65500.0,bag,0.3929,696.89,700.53,798.0,720.0,1968.5,101.11,19.47,5.193,False,,True,unattributed,4,evt_01-P01_upper_body_0006,d2f945064cb43b73,pose_hand_context,,25546.0,3.69,,1,01/e1/v1,rtmpose_baseline
corpus_01,01.Candidate was found using a mobile phone in the examination hall..mkv,b842b03e5784d867e93770560d88150a526250df69077cd3065edbbd4c842098,rf_detr_native,65500.0,bag,0.2532,673.57,700.76,798.0,719.94,2386.0,124.43,19.18,6.489,False,,True,unattributed,4,evt_01-P01_upper_body_0006,d2f945064cb43b73,pose_hand_context,,25546.0,3.69,,1,01/e1/v1,rtmpose_baseline
corpus_01,01.Candidate was found using a mobile phone in the examination hall..mkv,b842b03e5784d867e93770560d88150a526250df69077cd3065edbbd4c842098,rf_detr_native,65580.0,bag,0.4379,724.48,700.6,795.39,720.0,1375.4,70.91,19.4,3.656,False,,True,unattributed,4,evt_01-P03_upper_body_0020,2c2d064deed77fe6,pose_hand_context,,31829.2,3.19,,1,01/e1/v1,rtmpose_baseline
corpus_01,01.Candidate was found using a mobile phone in the examination hall..mkv,b842b03e5784d867e93770560d88150a526250df69077cd3065edbbd4c842098,rf_detr_native,65580.0,unknown_object,0.4142,720.67,561.0,816.79,588.01,2596.4,96.12,27.01,3.559,False,,True,unattributed,4,evt_01-P03_upper_body_0020,2c2d064deed77fe6,pose_hand_context,,31829.2,3.19,,1,01/e1/v1,rtmpose_baseline
corpus_01,01.Candidate was found using a mobile phone in the examination hall..mkv,b842b03e5784d867e93770560d88150a526250df69077cd3065edbbd4c842098,rf_detr_native,65580.0,bag,0.4027,661.1,561.0,701.57,688.45,5158.0,40.47,127.45,0.318,False,,True,unattributed,4,evt_01-P03_upper_body_0020,2c2d064deed77fe6,pose_hand_context,,31829.2,3.19,,1,01/e1/v1,rtmpose_baseline
corpus_01,01.Candidate was found using a mobile phone in the examination hall..mkv,b842b03e5784d867e93770560d88150a526250df69077cd3065edbbd4c842098,rf_detr_native,65580.0,bag,0.3828,688.06,700.73,807.26,720.0,2296.8,119.21,19.27,6.187,False,,True,unattributed,4,evt_01-P03_upper_body_0020,2c2d064deed77fe6,pose_hand_context,,31829.2,3.19,,1,01/e1/v1,rtmpose_baseline
corpus_01,01.Candidate was found using a mobile phone in the examination hall..mkv,b842b03e5784d867e93770560d88150a526250df69077cd3065edbbd4c842098,rf_detr_native,65580.0,bag,0.3413,711.75,700.72,792.69,720.0,1560.3,80.94,19.28,4.199,False,,True,unattributed,4,evt_01-P03_upper_body_0020,2c2d064deed77fe6,pose_hand_context,,31829.2,3.19,,1,01/e1/v1,rtmpose_baseline
corpus_01,01.Candidate was found using a mobile phone in the examination hall..mkv,b842b03e5784d867e93770560d88150a526250df69077cd3065edbbd4c842098,rf_detr_native,65580.0,bag,0.2752,703.14,700.65,813.34,720.0,2132.7,110.2,19.35,5.695,False,,True,unattributed,4,evt_01-P03_upper_body_0020,2c2d064deed77fe6,pose_hand_context,,31829.2,3.19,,1,01/e1/v1,rtmpose_baseline
corpus_01,01.Candidate was found using a mobile phone in the examination hall..mkv,b842b03e5784d867e93770560d88150a526250df69077cd3065edbbd4c842098,rf_detr_native,65580.0,bag,0.2675,723.36,700.61,815.16,719.95,1775.1,91.8,19.34,4.747,False,,True,unattributed,4,evt_01-P03_upper_body_0020,2c2d064deed77fe6,pose_hand_context,,31829.2,3.19,,1,01/e1/v1,rtmpose_baseline
corpus_01,01.Candidate was found using a mobile phone in the examination hall..mkv,b842b03e5784d867e93770560d88150a526250df69077cd3065edbbd4c842098,rf_detr_native,65580.0,bag,0.2644,661.89,561.0,702.63,688.26,5184.4,40.74,127.26,0.32,False,,True,unattributed,4,evt_01-P03_upper_body_0020,2c2d064deed77fe6,pose_hand_context,,31829.2,3.19,,1,01/e1/v1,rtmpose_baseline
corpus_01,01.Candidate was found using a mobile phone in the examination hall..mkv,b842b03e5784d867e93770560d88150a526250df69077cd3065edbbd4c842098,rf_detr_native,65580.0,bag,0.2613,683.66,700.67,807.42,719.97,2388.3,123.76,19.3,6.413,False,,True,unattributed,4,evt_01-P03_upper_body_0020,2c2d064deed77fe6,pose_hand_context,,31829.2,3.19,,1,01/e1/v1,rtmpose_baseline
corpus_01,01.Candidate was found using a mobile phone in the examination hall..mkv,b842b03e5784d867e93770560d88150a526250df69077cd3065edbbd4c842098,rf_detr_native,65580.0,monitor_or_bezel,0.3448,979.92,584.34,1054.95,718.59,10073.1,75.03,134.26,0.559,False,,True,unattributed,7,evt_01-P03_upper_body_0020,dd69cac9761d21f4,pose_hand_context,,31278.6,3.21,,1,01/e1/v1,rtmpose_baseline
corpus_01,01.Candidate was found using a mobile phone in the examination hall..mkv,b842b03e5784d867e93770560d88150a526250df69077cd3065edbbd4c842098,rf_detr_native,65580.0,unknown_object,0.4849,737.58,423.62,750.98,456.29,437.7,13.4,32.67,0.41,False,,True,unattributed,9,evt_01-P03_upper_body_0020,e80473dc2e0a37e8,pose_hand_context,,4292.9,9.77,,1,01/e1/v1,rtmpose_baseline
corpus_01,01.Candidate was found using a mobile phone in the examination hall..mkv,b842b03e5784d867e93770560d88150a526250df69077cd3065edbbd4c842098,rf_detr_native,65580.0,unknown_object,0.3002,700.07,454.74,751.0,479.75,1274.1,50.93,25.01,2.036,False,,True,unattributed,9,evt_01-P03_upper_body_0020,e80473dc2e0a37e8,pose_hand_context,,4292.9,9.77,,1,01/e1/v1,rtmpose_baseline
corpus_01,01.Candidate was found using a mobile phone in the examination hall..mkv,b842b03e5784d867e93770560d88150a526250df69077cd3065edbbd4c842098,rf_detr_native,65580.0,unknown_object,0.283,701.37,432.98,720.82,448.24,296.9,19.45,15.26,1.275,False,,True,unattributed,9,evt_01-P03_upper_body_0020,e80473dc2e0a37e8,pose_hand_context,,4292.9,9.77,,1,01/e1/v1,rtmpose_baseline
corpus_01,01.Candidate was found using a mobile phone in the examination hall..mkv,b842b03e5784d867e93770560d88150a526250df69077cd3065edbbd4c842098,rf_detr_native,65580.0,unknown_object,0.2633,701.37,432.98,720.82,448.24,296.9,19.45,15.26,1.275,False,,True,unattributed,9,evt_01-P03_upper_body_0020,e80473dc2e0a37e8,pose_hand_context,,4292.9,9.77,,1,01/e1/v1,rtmpose_baseline
corpus_01,01.Candidate was found using a mobile phone in the examination hall..mkv,b842b03e5784d867e93770560d88150a526250df69077cd3065edbbd4c842098,rf_detr_native,65820.0,unknown_object,0.7419,684.14,522.0,817.3,588.38,8838.8,133.16,66.38,2.006,False,,True,unattributed,4,evt_01-P06_upper_body_0046,f51ccfb84cb148fd,pose_hand_context,,51003.1,2.48,,1,01/e1/v1,rtmpose_baseline
corpus_01,01.Candidate was found using a mobile phone in the examination hall..mkv,b842b03e5784d867e93770560d88150a526250df69077cd3065edbbd4c842098,rf_detr_native,65820.0,unknown_object,0.3788,821.91,522.0,837.0,719.44,2978.7,15.09,197.44,0.076,False,,True,unattributed,4,evt_01-P06_upper_body_0046,f51ccfb84cb148fd,pose_hand_context,,51003.1,2.48,,1,01/e1/v1,rtmpose_baseline
corpus_01,01.Candidate was found using a mobile phone in the examination hall..mkv,b842b03e5784d867e93770560d88150a526250df69077cd3065edbbd4c842098,rf_detr_native,65820.0,unknown_object,0.2788,821.91,522.0,837.0,719.44,2978.7,15.09,197.44,0.076,False,,True,unattributed,4,evt_01-P06_upper_body_0046,f51ccfb84cb148fd,pose_hand_context,,51003.1,2.48,,1,01/e1/v1,rtmpose_baseline
corpus_01,01.Candidate was found using a mobile phone in the examination hall..mkv,b842b03e5784d867e93770560d88150a526250df69077cd3065edbbd4c842098,rf_detr_native,65820.0,unknown_object,0.2677,822.0,522.0,837.0,667.75,2186.4,15.0,145.75,0.103,False,,True,unattributed,4,evt_01-P06_upper_body_0046,f51ccfb84cb148fd,pose_hand_context,,51003.1,2.48,,1,01/e1/v1,rtmpose_baseline
corpus_01,01.Candidate was found using a mobile phone in the examination hall..mkv,b842b03e5784d867e93770560d88150a526250df69077cd3065edbbd4c842098,rf_detr_native,65820.0,unknown_object,0.2579,822.02,522.0,837.0,684.4,2431.8,14.97,162.4,0.092,False,,True,unattributed,4,evt_01-P06_upper_body_0046,f51ccfb84cb148fd,pose_hand_context,,51003.1,2.48,,1,01/e1/v1,rtmpose_baseline
corpus_01,01.Candidate was found using a mobile phone in the examination hall..mkv,b842b03e5784d867e93770560d88150a526250df69077cd3065edbbd4c842098,rf_detr_native,65820.0,unknown_object,0.257,822.0,522.0,837.0,667.75,2186.4,15.0,145.75,0.103,False,,True,unattributed,4,evt_01-P06_upper_body_0046,f51ccfb84cb148fd,pose_hand_context,,51003.1,2.48,,1,01/e1/v1,rtmpose_baseline
corpus_01,01.Candidate was found using a mobile phone in the examination hall..mkv,b842b03e5784d867e93770560d88150a526250df69077cd3065edbbd4c842098,rf_detr_native,65820.0,unknown_object,0.2542,822.02,522.0,837.0,684.4,2431.8,14.97,162.4,0.092,False,,True,unattributed,4,evt_01-P06_upper_body_0046,f51ccfb84cb148fd,pose_hand_context,,51003.1,2.48,,1,01/e1/v1,rtmpose_baseline
corpus_01,01.Candidate was found using a mobile phone in the examination hall..mkv,b842b03e5784d867e93770560d88150a526250df69077cd3065edbbd4c842098,rf_detr_native,65860.0,unknown_object,0.7548,684.41,518.0,817.34,588.44,9364.4,132.94,70.44,1.887,False,,True,unattributed,4,evt_01-P03_desk_work_surface_0015,03eec975195ef49b,pose_hand_context,,53547.8,2.41,,1,01/e1/v1,rtmpose_baseline
corpus_01,01.Candidate was found using a mobile phone in the examination hall..mkv,b842b03e5784d867e93770560d88150a526250df69077cd3065edbbd4c842098,rf_detr_native,65860.0,unknown_object,0.346,821.18,518.66,834.0,719.02,2569.3,12.82,200.37,0.064,False,,True,unattributed,4,evt_01-P03_desk_work_surface_0015,03eec975195ef49b,pose_hand_context,,53547.8,2.41,,1,01/e1/v1,rtmpose_baseline
corpus_01,01.Candidate was found using a mobile phone in the examination hall..mkv,b842b03e5784d867e93770560d88150a526250df69077cd3065edbbd4c842098,rf_detr_native,65860.0,unknown_object,0.2791,821.16,519.03,834.0,669.12,1927.7,12.84,150.09,0.086,False,,True,unattributed,4,evt_01-P03_desk_work_surface_0015,03eec975195ef49b,pose_hand_context,,53547.8,2.41,,1,01/e1/v1,rtmpose_baseline
corpus_01,01.Candidate was found using a mobile phone in the examination hall..mkv,b842b03e5784d867e93770560d88150a526250df69077cd3065edbbd4c842098,rf_detr_native,65860.0,unknown_object,0.2657,821.16,519.03,834.0,669.12,1927.7,12.84,150.09,0.086,False,,True,unattributed,4,evt_01-P03_desk_work_surface_0015,03eec975195ef49b,pose_hand_context,,53547.8,2.41,,1,01/e1/v1,rtmpose_baseline
corpus_01,01.Candidate was found using a mobile phone in the examination hall..mkv,b842b03e5784d867e93770560d88150a526250df69077cd3065edbbd4c842098,rf_detr_native,65860.0,bag,0.2632,719.49,700.84,796.3,720.0,1471.6,76.81,19.16,4.008,False,,True,unattributed,4,evt_01-P03_desk_work_surface_0015,03eec975195ef49b,pose_hand_context,,53547.8,2.41,,1,01/e1/v1,rtmpose_baseline
corpus_01,01.Candidate was found using a mobile phone in the examination hall..mkv,b842b03e5784d867e93770560d88150a526250df69077cd3065edbbd4c842098,rf_detr_native,65860.0,unknown_object,0.2527,821.18,518.66,834.0,719.02,2569.3,12.82,200.37,0.064,False,,True,unattributed,4,evt_01-P03_desk_work_surface_0015,03eec975195ef49b,pose_hand_context,,53547.8,2.41,,1,01/e1/v1,rtmpose_baseline
corpus_01,01.Candidate was found using a mobile phone in the examination hall..mkv,b842b03e5784d867e93770560d88150a526250df69077cd3065edbbd4c842098,rf_detr_native,65860.0,unknown_object,0.2693,697.0,444.41,707.27,455.2,110.8,10.27,10.79,0.952,True,object footprint 111 px is under the 120 px floor for a call,False,unattributed,9,evt_01-P03_desk_work_surface_0015,b4468a92abada0e6,pose_hand_context,,2304.0,13.33,,1,01/e1/v1,rtmpose_baseline
corpus_01,01.Candidate was found using a mobile phone in the examination hall..mkv,b842b03e5784d867e93770560d88150a526250df69077cd3065edbbd4c842098,rf_detr_native,66020.0,unknown_object,0.8637,686.07,513.0,817.46,588.34,9898.7,131.39,75.34,1.744,False,,True,unattributed,4,evt_01-P06_desk_work_surface_0043,5891194e12019601,pose_hand_context,,60558.7,2.18,,1,01/e1/v1,rtmpose_baseline
corpus_01,01.Candidate was found using a mobile phone in the examination hall..mkv,b842b03e5784d867e93770560d88150a526250df69077cd3065edbbd4c842098,rf_detr_native,66020.0,unknown_object,0.3292,528.48,513.0,699.79,647.49,23038.9,171.31,134.49,1.274,False,,True,unattributed,4,evt_01-P06_desk_work_surface_0043,5891194e12019601,pose_hand_context,,60558.7,2.18,,1,01/e1/v1,rtmpose_baseline
corpus_01,01.Candidate was found using a mobile phone in the examination hall..mkv,b842b03e5784d867e93770560d88150a526250df69077cd3065edbbd4c842098,rf_detr_native,66020.0,unknown_object,0.3023,627.28,513.0,699.44,599.45,6238.0,72.16,86.45,0.835,False,,True,unattributed,4,evt_01-P06_desk_work_surface_0043,5891194e12019601,pose_hand_context,,60558.7,2.18,,1,01/e1/v1,rtmpose_baseline
corpus_01,01.Candidate was found using a mobile phone in the examination hall..mkv,b842b03e5784d867e93770560d88150a526250df69077cd3065edbbd4c842098,rf_detr_native,66020.0,unknown_object,0.2864,560.86,513.0,699.53,599.86,12045.9,138.68,86.86,1.596,False,,True,unattributed,4,evt_01-P06_desk_work_surface_0043,5891194e12019601,pose_hand_context,,60558.7,2.18,,1,01/e1/v1,rtmpose_baseline
corpus_01,01.Candidate was found using a mobile phone in the examination hall..mkv,b842b03e5784d867e93770560d88150a526250df69077cd3065edbbd4c842098,rf_detr_native,66020.0,unknown_object,0.2767,619.24,513.0,701.22,646.06,10908.5,81.98,133.06,0.616,False,,True,unattributed,4,evt_01-P06_desk_work_surface_0043,5891194e12019601,pose_hand_context,,60558.7,2.18,,1,01/e1/v1,rtmpose_baseline
corpus_01,01.Candidate was found using a mobile phone in the examination hall..mkv,b842b03e5784d867e93770560d88150a526250df69077cd3065edbbd4c842098,rf_detr_native,66020.0,bag,0.255,718.98,701.14,794.83,719.99,1429.6,75.85,18.85,4.024,False,,True,unattributed,4,evt_01-P06_desk_work_surface_0043,5891194e12019601,pose_hand_context,,60558.7,2.18,,1,01/e1/v1,rtmpose_baseline
corpus_01,01.Candidate was found using a mobile phone in the examination hall..mkv,b842b03e5784d867e93770560d88150a526250df69077cd3065edbbd4c842098,rf_detr_native,66020.0,unknown_object,0.3717,988.66,435.78,1127.0,643.16,28687.2,138.34,207.37,0.667,False,,True,unattributed,7,evt_01-P06_desk_work_surface_0043,e634b7c6b12774cc,pose_hand_context,,43739.5,3.06,,1,01/e1/v1,rtmpose_baseline
corpus_01,01.Candidate was found using a mobile phone in the examination hall..mkv,b842b03e5784d867e93770560d88150a526250df69077cd3065edbbd4c842098,rf_detr_native,66020.0,unknown_object,0.35,1015.39,435.98,1126.77,603.95,18706.8,111.37,167.96,0.663,False,,True,unattributed,7,evt_01-P06_desk_work_surface_0043,e634b7c6b12774cc,pose_hand_context,,43739.5,3.06,,1,01/e1/v1,rtmpose_baseline
corpus_01,01.Candidate was found using a mobile phone in the examination hall..mkv,b842b03e5784d867e93770560d88150a526250df69077cd3065edbbd4c842098,rf_detr_native,66020.0,unknown_object,0.3177,924.46,435.06,1032.05,486.53,5538.3,107.6,51.47,2.09,False,,True,unattributed,7,evt_01-P06_desk_work_surface_0043,e634b7c6b12774cc,pose_hand_context,,43739.5,3.06,,1,01/e1/v1,rtmpose_baseline
corpus_01,01.Candidate was found using a mobile phone in the examination hall..mkv,b842b03e5784d867e93770560d88150a526250df69077cd3065edbbd4c842098,rf_detr_native,66060.0,unknown_object,0.7464,685.0,517.01,812.0,588.12,9031.2,127.0,71.11,1.786,False,,True,unattributed,4,evt_01-P02_desk_work_surface_0010,1cbdb549ffeb8cb8,pose_hand_context,,59376.9,2.18,,1,01/e1/v1,rtmpose_baseline
corpus_01,01.Candidate was found using a mobile phone in the examination hall..mkv,b842b03e5784d867e93770560d88150a526250df69077cd3065edbbd4c842098,rf_detr_native,66060.0,unknown_object,0.3856,556.5,517.0,701.35,646.62,18775.6,144.85,129.62,1.118,False,,True,unattributed,4,evt_01-P02_desk_work_surface_0010,1cbdb549ffeb8cb8,pose_hand_context,,59376.9,2.18,,1,01/e1/v1,rtmpose_baseline
corpus_01,01.Candidate was found using a mobile phone in the examination hall..mkv,b842b03e5784d867e93770560d88150a526250df69077cd3065edbbd4c842098,rf_detr_native,66060.0,unknown_object,0.3851,602.04,517.54,701.13,665.83,14692.9,99.08,148.29,0.668,False,,True,unattributed,4,evt_01-P02_desk_work_surface_0010,1cbdb549ffeb8cb8,pose_hand_context,,59376.9,2.18,,1,01/e1/v1,rtmpose_baseline
corpus_01,01.Candidate was found using a mobile phone in the examination hall..mkv,b842b03e5784d867e93770560d88150a526250df69077cd3065edbbd4c842098,rf_detr_native,66060.0,unknown_object,0.3663,557.74,517.0,701.18,645.83,18480.4,143.45,128.83,1.113,False,,True,unattributed,4,evt_01-P02_desk_work_surface_0010,1cbdb549ffeb8cb8,pose_hand_context,,59376.9,2.18,,1,01/e1/v1,rtmpose_baseline
corpus_01,01.Candidate was found using a mobile phone in the examination hall..mkv,b842b03e5784d867e93770560d88150a526250df69077cd3065edbbd4c842098,rf_detr_native,66060.0,unknown_object,0.2738,578.08,517.0,700.98,646.96,15972.8,122.9,129.96,0.946,False,,True,unattributed,4,evt_01-P02_desk_work_surface_0010,1cbdb549ffeb8cb8,pose_hand_context,,59376.9,2.18,,1,01/e1/v1,rtmpose_baseline
corpus_01,01.Candidate was found using a mobile phone in the examination hall..mkv,b842b03e5784d867e93770560d88150a526250df69077cd3065edbbd4c842098,rf_detr_native,66060.0,monitor_or_bezel,0.4647,979.87,595.11,1027.96,719.43,5978.5,48.09,124.32,0.387,False,,True,unattributed,7,evt_01-P02_desk_work_surface_0010,bbe9e1e78de2de28,pose_hand_context,,37820.2,3.06,,1,01/e1/v1,rtmpose_baseline
corpus_01,01.Candidate was found using a mobile phone in the examination hall..mkv,b842b03e5784d867e93770560d88150a526250df69077cd3065edbbd4c842098,rf_detr_native,66060.0,monitor_or_bezel,0.2801,980.09,539.1,1028.0,719.38,8637.9,47.91,180.28,0.266,False,,True,unattributed,7,evt_01-P02_desk_work_surface_0010,bbe9e1e78de2de28,pose_hand_context,,37820.2,3.06,,1,01/e1/v1,rtmpose_baseline
corpus_01,01.Candidate was found using a mobile phone in the examination hall..mkv,b842b03e5784d867e93770560d88150a526250df69077cd3065edbbd4c842098,rf_detr_native,66060.0,unknown_object,0.2519,819.32,538.0,930.2,719.92,20170.7,110.88,181.92,0.609,False,,True,unattributed,7,evt_01-P02_desk_work_surface_0010,bbe9e1e78de2de28,pose_hand_context,,37820.2,3.06,,1,01/e1/v1,rtmpose_baseline
corpus_01,01.Candidate was found using a mobile phone in the examination hall..mkv,b842b03e5784d867e93770560d88150a526250df69077cd3065edbbd4c842098,rf_detr_native,66380.0,unknown_object,0.4187,523.85,540.85,596.39,641.35,7290.4,72.54,100.51,0.722,False,,True,unattributed,4,evt_01-P01_desk_work_surface_0002,b26f33bc8d9db396,native_source_context_fallback,wrist_confidence_below_floor,66418.0,2.03,,1,01/e1/v1,rtmpose_baseline
corpus_01,01.Candidate was found using a mobile phone in the examination hall..mkv,b842b03e5784d867e93770560d88150a526250df69077cd3065edbbd4c842098,rf_detr_native,66380.0,unknown_object,0.3308,523.89,540.94,615.65,658.34,10773.1,91.76,117.4,0.782,False,,True,unattributed,4,evt_01-P01_desk_work_surface_0002,b26f33bc8d9db396,native_source_context_fallback,wrist_confidence_below_floor,66418.0,2.03,,1,01/e1/v1,rtmpose_baseline
corpus_01,01.Candidate was found using a mobile phone in the examination hall..mkv,b842b03e5784d867e93770560d88150a526250df69077cd3065edbbd4c842098,rf_detr_native,66380.0,unknown_object,0.3011,548.27,507.25,624.0,609.26,7725.3,75.73,102.01,0.742,False,,True,unattributed,4,evt_01-P01_desk_work_surface_0002,b26f33bc8d9db396,native_source_context_fallback,wrist_confidence_below_floor,66418.0,2.03,,1,01/e1/v1,rtmpose_baseline
corpus_01,01.Candidate was found using a mobile phone in the examination hall..mkv,b842b03e5784d867e93770560d88150a526250df69077cd3065edbbd4c842098,rf_detr_native,66380.0,unknown_object,0.277,549.74,507.25,623.8,582.62,5581.9,74.06,75.37,0.983,False,,True,unattributed,4,evt_01-P01_desk_work_surface_0002,b26f33bc8d9db396,native_source_context_fallback,wrist_confidence_below_floor,66418.0,2.03,,1,01/e1/v1,rtmpose_baseline
corpus_01,01.Candidate was found using a mobile phone in the examination hall..mkv,b842b03e5784d867e93770560d88150a526250df69077cd3065edbbd4c842098,rf_detr_native,66500.0,mouse,0.8606,278.47,680.35,297.65,702.37,422.5,19.18,22.02,0.871,False,,True,unattributed,4,evt_01-P01_upper_body_0006,4ea568cd79e0e9d0,pose_hand_context,,15385.3,3.96,,1,01/e1/v1,rtmpose_baseline
corpus_01,01.Candidate was found using a mobile phone in the examination hall..mkv,b842b03e5784d867e93770560d88150a526250df69077cd3065edbbd4c842098,rf_detr_native,66500.0,monitor_or_bezel,0.2604,253.16,628.42,339.12,719.89,7863.0,85.96,91.47,0.94,False,,True,unattributed,4,evt_01-P01_upper_body_0006,4ea568cd79e0e9d0,pose_hand_context,,15385.3,3.96,,1,01/e1/v1,rtmpose_baseline
corpus_01,01.Candidate was found using a mobile phone in the examination hall..mkv,b842b03e5784d867e93770560d88150a526250df69077cd3065edbbd4c842098,rf_detr_native,66500.0,unknown_object,0.3076,979.34,481.23,1115.99,713.96,31801.9,136.65,232.73,0.587,False,,True,unattributed,7,evt_01-P01_upper_body_0006,8f57a13b660d1ec1,pose_hand_context,,54503.6,2.74,,1,01/e1/v1,rtmpose_baseline
corpus_01,01.Candidate was found using a mobile phone in the examination hall..mkv,b842b03e5784d867e93770560d88150a526250df69077cd3065edbbd4c842098,rf_detr_native,66580.0,unknown_object,0.47,979.24,472.23,1119.84,716.66,34367.2,140.6,244.43,0.575,False,,True,unattributed,7,evt_01-P03_upper_body_0020,0b10710a82968c28,pose_hand_context,,60152.5,2.61,,1,01/e1/v1,rtmpose_baseline
corpus_01,01.Candidate was found using a mobile phone in the examination hall..mkv,b842b03e5784d867e93770560d88150a526250df69077cd3065edbbd4c842098,rf_detr_native,66580.0,unknown_object,0.3598,979.24,472.23,1119.84,716.66,34367.2,140.6,244.43,0.575,False,,True,unattributed,7,evt_01-P03_upper_body_0020,0b10710a82968c28,pose_hand_context,,60152.5,2.61,,1,01/e1/v1,rtmpose_baseline
corpus_01,01.Candidate was found using a mobile phone in the examination hall..mkv,b842b03e5784d867e93770560d88150a526250df69077cd3065edbbd4c842098,rf_detr_native,66580.0,unknown_object,0.2612,979.24,472.23,1119.84,716.66,34367.2,140.6,244.43,0.575,False,,True,unattributed,7,evt_01-P03_upper_body_0020,0b10710a82968c28,pose_hand_context,,60152.5,2.61,,1,01/e1/v1,rtmpose_baseline
corpus_01,01.Candidate was found using a mobile phone in the examination hall..mkv,b842b03e5784d867e93770560d88150a526250df69077cd3065edbbd4c842098,rf_detr_native,66580.0,mouse,0.3473,278.69,680.19,297.66,702.6,425.0,18.96,22.41,0.846,False,,True,unattributed,4,evt_01-P03_upper_body_0020,62391876cbd7ef0c,native_source_context_fallback,wrist_confidence_below_floor,38764.8,2.83,,1,01/e1/v1,rtmpose_baseline
corpus_01,01.Candidate was found using a mobile phone in the examination hall..mkv,b842b03e5784d867e93770560d88150a526250df69077cd3065edbbd4c842098,rf_detr_native,66820.0,unknown_object,0.5396,690.05,486.0,812.54,589.09,12628.9,122.5,103.09,1.188,False,,True,unattributed,7,evt_01-P06_upper_body_0046,4fc26df5c438c715,pose_hand_context,,59840.0,2.5,,1,01/e1/v1,rtmpose_baseline
corpus_01,01.Candidate was found using a mobile phone in the examination hall..mkv,b842b03e5784d867e93770560d88150a526250df69077cd3065edbbd4c842098,rf_detr_native,66820.0,unknown_object,0.5166,816.0,619.13,865.98,634.4,763.1,49.97,15.27,3.272,False,,True,unattributed,7,evt_01-P06_upper_body_0046,4fc26df5c438c715,pose_hand_context,,59840.0,2.5,,1,01/e1/v1,rtmpose_baseline
corpus_01,01.Candidate was found using a mobile phone in the examination hall..mkv,b842b03e5784d867e93770560d88150a526250df69077cd3065edbbd4c842098,rf_detr_native,66820.0,unknown_object,0.2943,812.08,646.82,946.0,720.0,9800.4,133.92,73.18,1.83,False,,True,unattributed,7,evt_01-P06_upper_body_0046,4fc26df5c438c715,pose_hand_context,,59840.0,2.5,,1,01/e1/v1,rtmpose_baseline
corpus_01,01.Candidate was found using a mobile phone in the examination hall..mkv,b842b03e5784d867e93770560d88150a526250df69077cd3065edbbd4c842098,rf_detr_native,66820.0,monitor_or_bezel,0.4405,197.6,548.0,358.89,693.11,23405.5,161.29,145.11,1.112,False,,True,unattributed,4,evt_01-P06_upper_body_0046,cad6784b160d635a,native_source_context_fallback,wrist_confidence_below_floor,45526.7,2.38,,1,01/e1/v1,rtmpose_baseline
corpus_01,01.Candidate was found using a mobile phone in the examination hall..mkv,b842b03e5784d867e93770560d88150a526250df69077cd3065edbbd4c842098,rf_detr_native,66820.0,unknown_object,0.3647,694.42,444.67,706.74,454.42,120.0,12.32,9.75,1.264,False,,True,unattributed,9,evt_01-P06_upper_body_0046,e349b4fe423b35e4,pose_hand_context,,2304.0,13.33,,1,01/e1/v1,rtmpose_baseline
corpus_01,01.Candidate was found using a mobile phone in the examination hall..mkv,b842b03e5784d867e93770560d88150a526250df69077cd3065edbbd4c842098,rf_detr_native,66820.0,unknown_object,0.2527,720.7,440.87,735.14,453.31,179.7,14.44,12.45,1.16,False,,True,unattributed,9,evt_01-P06_upper_body_0046,e349b4fe423b35e4,pose_hand_context,,2304.0,13.33,,1,01/e1/v1,rtmpose_baseline
corpus_01,01.Candidate was found using a mobile phone in the examination hall..mkv,b842b03e5784d867e93770560d88150a526250df69077cd3065edbbd4c842098,rf_detr_native,66860.0,unknown_object,0.6057,978.91,471.27,1122.0,719.45,35512.4,143.09,248.18,0.577,False,,True,unattributed,7,evt_01-P03_desk_work_surface_0015,062f90ce73a9e01e,pose_hand_context,,63117.9,2.52,,1,01/e1/v1,rtmpose_baseline
corpus_01,01.Candidate was found using a mobile phone in the examination hall..mkv,b842b03e5784d867e93770560d88150a526250df69077cd3065edbbd4c842098,rf_detr_native,66860.0,unknown_object,0.3826,978.91,471.27,1122.0,719.45,35512.4,143.09,248.18,0.577,False,,True,unattributed,7,evt_01-P03_desk_work_surface_0015,062f90ce73a9e01e,pose_hand_context,,63117.9,2.52,,1,01/e1/v1,rtmpose_baseline
corpus_01,01.Candidate was found using a mobile phone in the examination hall..mkv,b842b03e5784d867e93770560d88150a526250df69077cd3065edbbd4c842098,rf_detr_native,66860.0,unknown_object,0.2692,979.68,577.93,1121.67,719.67,20125.9,141.99,141.74,1.002,False,,True,unattributed,7,evt_01-P03_desk_work_surface_0015,062f90ce73a9e01e,pose_hand_context,,63117.9,2.52,,1,01/e1/v1,rtmpose_baseline
corpus_01,01.Candidate was found using a mobile phone in the examination hall..mkv,b842b03e5784d867e93770560d88150a526250df69077cd3065edbbd4c842098,rf_detr_native,66860.0,bag,0.257,978.91,471.27,1122.0,719.45,35512.4,143.09,248.18,0.577,False,,True,unattributed,7,evt_01-P03_desk_work_surface_0015,062f90ce73a9e01e,pose_hand_context,,63117.9,2.52,,1,01/e1/v1,rtmpose_baseline
corpus_01,01.Candidate was found using a mobile phone in the examination hall..mkv,b842b03e5784d867e93770560d88150a526250df69077cd3065edbbd4c842098,rf_detr_native,66860.0,monitor_or_bezel,0.4045,196.35,546.0,300.82,634.3,9225.2,104.47,88.3,1.183,False,,True,unattributed,4,evt_01-P03_desk_work_surface_0015,ebf26ff0bb9e105f,native_source_context_fallback,wrist_confidence_below_floor,45052.8,2.44,,1,01/e1/v1,rtmpose_baseline
corpus_01,01.Candidate was found using a mobile phone in the examination hall..mkv,b842b03e5784d867e93770560d88150a526250df69077cd3065edbbd4c842098,rf_detr_native,66860.0,monitor_or_bezel,0.3147,196.4,546.41,302.69,662.95,12387.4,106.29,116.54,0.912,False,,True,unattributed,4,evt_01-P03_desk_work_surface_0015,ebf26ff0bb9e105f,native_source_context_fallback,wrist_confidence_below_floor,45052.8,2.44,,1,01/e1/v1,rtmpose_baseline
corpus_01,01.Candidate was found using a mobile phone in the examination hall..mkv,b842b03e5784d867e93770560d88150a526250df69077cd3065edbbd4c842098,rf_detr_native,66860.0,keyboard,0.3105,73.0,557.67,85.6,628.54,893.3,12.6,70.87,0.178,False,,True,unattributed,4,evt_01-P03_desk_work_surface_0015,ebf26ff0bb9e105f,native_source_context_fallback,wrist_confidence_below_floor,45052.8,2.44,,1,01/e1/v1,rtmpose_baseline
corpus_01,01.Candidate was found using a mobile phone in the examination hall..mkv,b842b03e5784d867e93770560d88150a526250df69077cd3065edbbd4c842098,rf_detr_native,66860.0,monitor_or_bezel,0.2844,93.28,546.0,176.1,560.08,1166.0,82.82,14.08,5.883,False,,True,unattributed,4,evt_01-P03_desk_work_surface_0015,ebf26ff0bb9e105f,native_source_context_fallback,wrist_confidence_below_floor,45052.8,2.44,,1,01/e1/v1,rtmpose_baseline
corpus_01,01.Candidate was found using a mobile phone in the examination hall..mkv,b842b03e5784d867e93770560d88150a526250df69077cd3065edbbd4c842098,rf_detr_native,66860.0,monitor_or_bezel,0.275,93.28,546.0,176.1,560.08,1166.0,82.82,14.08,5.883,False,,True,unattributed,4,evt_01-P03_desk_work_surface_0015,ebf26ff0bb9e105f,native_source_context_fallback,wrist_confidence_below_floor,45052.8,2.44,,1,01/e1/v1,rtmpose_baseline
corpus_01,01.Candidate was found using a mobile phone in the examination hall..mkv,b842b03e5784d867e93770560d88150a526250df69077cd3065edbbd4c842098,rf_detr_native,67020.0,unknown_object,0.5584,684.14,486.07,777.35,588.6,9556.2,93.2,102.53,0.909,False,,True,unattributed,7,evt_01-P06_desk_work_surface_0043,040ea37a2cff8053,pose_hand_context,,56040.5,2.67,,1,01/e1/v1,rtmpose_baseline
corpus_01,01.Candidate was found using a mobile phone in the examination hall..mkv,b842b03e5784d867e93770560d88150a526250df69077cd3065edbbd4c842098,rf_detr_native,67020.0,unknown_object,0.492,669.04,486.39,700.94,646.47,5106.1,31.9,160.08,0.199,False,,True,unattributed,7,evt_01-P06_desk_work_surface_0043,040ea37a2cff8053,pose_hand_context,,56040.5,2.67,,1,01/e1/v1,rtmpose_baseline
corpus_01,01.Candidate was found using a mobile phone in the examination hall..mkv,b842b03e5784d867e93770560d88150a526250df69077cd3065edbbd4c842098,rf_detr_native,67020.0,monitor_or_bezel,0.3488,196.28,549.0,241.8,672.14,5605.5,45.52,123.14,0.37,False,,True,unattributed,4,evt_01-P06_desk_work_surface_0043,6074e50ce1b9816f,native_source_context_fallback,wrist_confidence_below_floor,39126.5,2.75,,1,01/e1/v1,rtmpose_baseline
corpus_01,01.Candidate was found using a mobile phone in the examination hall..mkv,b842b03e5784d867e93770560d88150a526250df69077cd3065edbbd4c842098,rf_detr_native,67060.0,unknown_object,0.9512,0.19,549.64,213.0,717.94,35815.7,212.81,168.3,1.264,False,,True,unattributed,4,evt_01-P02_desk_work_surface_0010,82e78c982300587f,native_source_context_fallback,wrist_confidence_below_floor,36104.1,3.01,,1,01/e1/v1,rtmpose_baseline
corpus_01,01.Candidate was found using a mobile phone in the examination hall..mkv,b842b03e5784d867e93770560d88150a526250df69077cd3065edbbd4c842098,rf_detr_native,67060.0,unknown_object,0.6094,662.0,482.35,701.4,646.17,6453.3,39.39,163.82,0.24,False,,True,unattributed,7,evt_01-P02_desk_work_surface_0010,ce1ed4536028c62d,pose_hand_context,,57495.1,2.65,,1,01/e1/v1,rtmpose_baseline
corpus_01,01.Candidate was found using a mobile phone in the examination hall..mkv,b842b03e5784d867e93770560d88150a526250df69077cd3065edbbd4c842098,rf_detr_native,67060.0,unknown_object,0.5921,684.03,482.26,770.53,588.52,9191.0,86.5,106.25,0.814,False,,True,unattributed,7,evt_01-P02_desk_work_surface_0010,ce1ed4536028c62d,pose_hand_context,,57495.1,2.65,,1,01/e1/v1,rtmpose_baseline
corpus_01,01.Candidate was found using a mobile phone in the examination hall..mkv,b842b03e5784d867e93770560d88150a526250df69077cd3065edbbd4c842098,rf_detr_native,67060.0,unknown_object,0.3706,759.06,610.83,823.79,626.13,990.3,64.73,15.3,4.231,False,,True,unattributed,7,evt_01-P02_desk_work_surface_0010,ce1ed4536028c62d,pose_hand_context,,57495.1,2.65,,1,01/e1/v1,rtmpose_baseline
corpus_01,01.Candidate was found using a mobile phone in the examination hall..mkv,b842b03e5784d867e93770560d88150a526250df69077cd3065edbbd4c842098,rf_detr_native,67380.0,unknown_object,0.5898,638.0,490.11,701.23,646.11,9864.0,63.23,156.0,0.405,False,,True,unattributed,7,evt_01-P01_desk_work_surface_0002,6cce58dfda4a78b0,pose_hand_context,,46820.3,2.96,,1,01/e1/v1,rtmpose_baseline
corpus_01,01.Candidate was found using a mobile phone in the examination hall..mkv,b842b03e5784d867e93770560d88150a526250df69077cd3065edbbd4c842098,rf_detr_native,67380.0,bag,0.2501,678.03,404.6,694.62,485.03,1334.6,16.59,80.44,0.206,False,,True,unattributed,9,evt_01-P01_desk_work_surface_0002,83e9a9f99fac3df3,native_source_context_fallback,wrist_confidence_below_floor,12893.0,3.53,,1,01/e1/v1,rtmpose_baseline
corpus_01,01.Candidate was found using a mobile phone in the examination hall..mkv,b842b03e5784d867e93770560d88150a526250df69077cd3065edbbd4c842098,rf_detr_native,67820.0,unknown_object,0.608,530.0,560.0,598.21,719.15,10856.5,68.21,159.15,0.429,False,,True,unattributed,7,evt_01-P06_upper_body_0046,46dd5368b21b13ef,pose_hand_context,,33246.6,3.07,,1,01/e1/v1,rtmpose_baseline
corpus_01,01.Candidate was found using a mobile phone in the examination hall..mkv,b842b03e5784d867e93770560d88150a526250df69077cd3065edbbd4c842098,rf_detr_native,67820.0,unknown_object,0.2537,589.69,673.29,659.24,707.0,2344.8,69.55,33.71,2.063,False,,True,unattributed,7,evt_01-P06_upper_body_0046,46dd5368b21b13ef,pose_hand_context,,33246.6,3.07,,1,01/e1/v1,rtmpose_baseline
corpus_01,01.Candidate was found using a mobile phone in the examination hall..mkv,b842b03e5784d867e93770560d88150a526250df69077cd3065edbbd4c842098,rf_detr_native,67860.0,unknown_object,0.5365,516.0,564.12,597.1,719.41,12594.0,81.1,155.3,0.522,False,,True,unattributed,7,evt_01-P03_desk_work_surface_0015,de8e63433dfcddff,pose_hand_context,,31867.0,3.12,,1,01/e1/v1,rtmpose_baseline
corpus_01,01.Candidate was found using a mobile phone in the examination hall..mkv,b842b03e5784d867e93770560d88150a526250df69077cd3065edbbd4c842098,rf_detr_native,67860.0,unknown_object,0.2884,516.0,564.0,597.25,706.9,11609.7,81.25,142.9,0.569,False,,True,unattributed,7,evt_01-P03_desk_work_surface_0015,de8e63433dfcddff,pose_hand_context,,31867.0,3.12,,1,01/e1/v1,rtmpose_baseline
corpus_01,01.Candidate was found using a mobile phone in the examination hall..mkv,b842b03e5784d867e93770560d88150a526250df69077cd3065edbbd4c842098,rf_detr_native,68020.0,unknown_object,0.5488,691.88,444.53,725.51,474.89,1020.9,33.63,30.36,1.108,False,,True,unattributed,9,evt_01-P06_desk_work_surface_0043,25de09719466e593,pose_hand_context,,2304.0,13.33,,1,01/e1/v1,rtmpose_baseline
corpus_01,01.Candidate was found using a mobile phone in the examination hall..mkv,b842b03e5784d867e93770560d88150a526250df69077cd3065edbbd4c842098,rf_detr_native,68020.0,unknown_object,0.3346,691.92,444.35,726.79,474.89,1064.7,34.87,30.53,1.142,False,,True,unattributed,9,evt_01-P06_desk_work_surface_0043,25de09719466e593,pose_hand_context,,2304.0,13.33,,1,01/e1/v1,rtmpose_baseline
corpus_01,01.Candidate was found using a mobile phone in the examination hall..mkv,b842b03e5784d867e93770560d88150a526250df69077cd3065edbbd4c842098,rf_detr_native,68020.0,unknown_object,0.3284,692.59,444.57,725.84,466.25,720.8,33.24,21.68,1.533,False,,True,unattributed,9,evt_01-P06_desk_work_surface_0043,25de09719466e593,pose_hand_context,,2304.0,13.33,,1,01/e1/v1,rtmpose_baseline
corpus_01,01.Candidate was found using a mobile phone in the examination hall..mkv,b842b03e5784d867e93770560d88150a526250df69077cd3065edbbd4c842098,rf_detr_native,68020.0,unknown_object,0.2636,691.85,444.73,737.87,475.0,1393.1,46.02,30.27,1.52,False,,True,unattributed,9,evt_01-P06_desk_work_surface_0043,25de09719466e593,pose_hand_context,,2304.0,13.33,,1,01/e1/v1,rtmpose_baseline
corpus_01,01.Candidate was found using a mobile phone in the examination hall..mkv,b842b03e5784d867e93770560d88150a526250df69077cd3065edbbd4c842098,rf_detr_native,68020.0,unknown_object,0.3264,507.14,683.78,590.23,710.01,2179.0,83.09,26.22,3.168,False,,True,unattributed,7,evt_01-P06_desk_work_surface_0043,dec7284f7f473d13,pose_hand_context,,13165.3,5.39,,1,01/e1/v1,rtmpose_baseline
corpus_01,01.Candidate was found using a mobile phone in the examination hall..mkv,b842b03e5784d867e93770560d88150a526250df69077cd3065edbbd4c842098,rf_detr_native,68060.0,unknown_object,0.3602,692.21,444.55,724.71,467.97,761.1,32.5,23.42,1.388,False,,True,unattributed,9,evt_01-P02_desk_work_surface_0010,094dbdd360f11edf,pose_hand_context,,2304.0,13.33,,1,01/e1/v1,rtmpose_baseline
corpus_01,01.Candidate was found using a mobile phone in the examination hall..mkv,b842b03e5784d867e93770560d88150a526250df69077cd3065edbbd4c842098,rf_detr_native,68060.0,unknown_object,0.3195,692.56,427.0,735.96,467.64,1764.3,43.41,40.64,1.068,False,,True,unattributed,9,evt_01-P02_desk_work_surface_0010,094dbdd360f11edf,pose_hand_context,,2304.0,13.33,,1,01/e1/v1,rtmpose_baseline
corpus_01,01.Candidate was found using a mobile phone in the examination hall..mkv,b842b03e5784d867e93770560d88150a526250df69077cd3065edbbd4c842098,rf_detr_native,68060.0,unknown_object,0.2816,692.18,444.12,736.0,474.81,1344.7,43.82,30.69,1.428,False,,True,unattributed,9,evt_01-P02_desk_work_surface_0010,094dbdd360f11edf,pose_hand_context,,2304.0,13.33,,1,01/e1/v1,rtmpose_baseline
corpus_01,01.Candidate was found using a mobile phone in the examination hall..mkv,b842b03e5784d867e93770560d88150a526250df69077cd3065edbbd4c842098,rf_detr_native,68060.0,stationery,0.3404,498.0,695.0,567.75,709.66,1022.2,69.75,14.65,4.76,False,,True,unattributed,7,evt_01-P02_desk_work_surface_0010,3c3a2a8df32f0b2a,pose_hand_context,,13452.5,5.38,,1,01/e1/v1,rtmpose_baseline
corpus_01,01.Candidate was found using a mobile phone in the examination hall..mkv,b842b03e5784d867e93770560d88150a526250df69077cd3065edbbd4c842098,rf_detr_native,68060.0,unknown_object,0.2818,511.26,643.88,585.2,688.0,3262.4,73.94,44.12,1.676,False,,True,unattributed,7,evt_01-P02_desk_work_surface_0010,3c3a2a8df32f0b2a,pose_hand_context,,13452.5,5.38,,1,01/e1/v1,rtmpose_baseline
corpus_01,01.Candidate was found using a mobile phone in the examination hall..mkv,b842b03e5784d867e93770560d88150a526250df69077cd3065edbbd4c842098,rf_detr_native,68380.0,unknown_object,0.3048,395.0,704.88,421.08,712.22,191.5,26.08,7.34,3.553,False,,True,unattributed,7,evt_01-P01_desk_work_surface_0002,01120932a5f16b79,pose_hand_context,,5394.7,7.69,,1,01/e1/v1,rtmpose_baseline
corpus_01,01.Candidate was found using a mobile phone in the examination hall..mkv,b842b03e5784d867e93770560d88150a526250df69077cd3065edbbd4c842098,rf_detr_native,68500.0,unknown_object,0.5538,330.13,678.43,413.54,716.99,3216.8,83.41,38.57,2.163,False,,True,unattributed,7,evt_01-P01_upper_body_0006,11e5eb3610f0308a,pose_hand_context,,8567.4,6.91,,1,01/e1/v1,rtmpose_baseline
corpus_01,01.Candidate was found using a mobile phone in the examination hall..mkv,b842b03e5784d867e93770560d88150a526250df69077cd3065edbbd4c842098,rf_detr_native,68500.0,unknown_object,0.3287,330.0,647.55,413.46,716.94,5791.4,83.46,69.39,1.203,False,,True,unattributed,7,evt_01-P01_upper_body_0006,11e5eb3610f0308a,pose_hand_context,,8567.4,6.91,,1,01/e1/v1,rtmpose_baseline
corpus_01,01.Candidate was found using a mobile phone in the examination hall..mkv,b842b03e5784d867e93770560d88150a526250df69077cd3065edbbd4c842098,rf_detr_native,68580.0,unknown_object,0.3411,298.05,624.0,394.95,719.84,9286.4,96.9,95.84,1.011,False,,True,unattributed,7,evt_01-P03_upper_body_0020,0d00321a78c38c4c,pose_hand_context,,9240.4,6.6,,1,01/e1/v1,rtmpose_baseline
corpus_01,01.Candidate was found using a mobile phone in the examination hall..mkv,b842b03e5784d867e93770560d88150a526250df69077cd3065edbbd4c842098,rf_detr_native,68580.0,unknown_object,0.3049,693.16,382.0,717.99,429.96,1191.2,24.84,47.96,0.518,False,,True,unattributed,9,evt_01-P03_upper_body_0020,f3e6d4748d50e040,pose_hand_context,,2304.0,13.33,,1,01/e1/v1,rtmpose_baseline
corpus_01,01.Candidate was found using a mobile phone in the examination hall..mkv,b842b03e5784d867e93770560d88150a526250df69077cd3065edbbd4c842098,rf_detr_native,68580.0,bag,0.266,670.06,405.18,693.52,429.87,579.2,23.46,24.69,0.95,False,,True,unattributed,9,evt_01-P03_upper_body_0020,f3e6d4748d50e040,pose_hand_context,,2304.0,13.33,,1,01/e1/v1,rtmpose_baseline
corpus_01,01.Candidate was found using a mobile phone in the examination hall..mkv,b842b03e5784d867e93770560d88150a526250df69077cd3065edbbd4c842098,rf_detr_native,68820.0,unknown_object,0.7716,175.38,497.66,293.0,651.73,18120.9,117.62,154.06,0.763,False,,True,unattributed,13,evt_01-P06_upper_body_0046,613967ce0dada8b1,native_source_context_fallback,no_pose_observation,18162.7,4.14,,1,01/e1/v1,
corpus_01,01.Candidate was found using a mobile phone in the examination hall..mkv,b842b03e5784d867e93770560d88150a526250df69077cd3065edbbd4c842098,rf_detr_native,68820.0,unknown_object,0.4325,175.38,497.66,293.0,651.73,18120.9,117.62,154.06,0.763,False,,True,unattributed,13,evt_01-P06_upper_body_0046,613967ce0dada8b1,native_source_context_fallback,no_pose_observation,18162.7,4.14,,1,01/e1/v1,
corpus_01,01.Candidate was found using a mobile phone in the examination hall..mkv,b842b03e5784d867e93770560d88150a526250df69077cd3065edbbd4c842098,rf_detr_native,68820.0,monitor_or_bezel,0.3266,175.0,497.07,202.67,545.72,1346.1,27.67,48.65,0.569,False,,True,unattributed,13,evt_01-P06_upper_body_0046,613967ce0dada8b1,native_source_context_fallback,no_pose_observation,18162.7,4.14,,1,01/e1/v1,
corpus_01,01.Candidate was found using a mobile phone in the examination hall..mkv,b842b03e5784d867e93770560d88150a526250df69077cd3065edbbd4c842098,rf_detr_native,68820.0,monitor_or_bezel,0.3112,175.0,497.07,202.67,545.72,1346.1,27.67,48.65,0.569,False,,True,unattributed,13,evt_01-P06_upper_body_0046,613967ce0dada8b1,native_source_context_fallback,no_pose_observation,18162.7,4.14,,1,01/e1/v1,
corpus_01,01.Candidate was found using a mobile phone in the examination hall..mkv,b842b03e5784d867e93770560d88150a526250df69077cd3065edbbd4c842098,rf_detr_native,68820.0,unknown_object,0.256,209.24,651.09,293.0,719.67,5744.4,83.76,68.59,1.221,False,,True,unattributed,11,evt_01-P06_upper_body_0046,9decca29f10fcf8c,pose_hand_context,,5758.3,7.58,,1,01/e1/v1,rtmpose_baseline
corpus_01,01.Candidate was found using a mobile phone in the examination hall..mkv,b842b03e5784d867e93770560d88150a526250df69077cd3065edbbd4c842098,rf_detr_native,68820.0,monitor_or_bezel,0.2518,221.64,651.0,257.69,671.25,730.1,36.05,20.25,1.781,False,,True,unattributed,11,evt_01-P06_upper_body_0046,9decca29f10fcf8c,pose_hand_context,,5758.3,7.58,,1,01/e1/v1,rtmpose_baseline
corpus_01,01.Candidate was found using a mobile phone in the examination hall..mkv,b842b03e5784d867e93770560d88150a526250df69077cd3065edbbd4c842098,rf_detr_native,68820.0,unknown_object,0.3978,673.04,364.2,725.0,420.87,2944.5,51.96,56.67,0.917,False,,True,unattributed,9,evt_01-P06_upper_body_0046,c52663a591aeb708,pose_hand_context,,3278.7,11.18,,1,01/e1/v1,rtmpose_baseline
corpus_01,01.Candidate was found using a mobile phone in the examination hall..mkv,b842b03e5784d867e93770560d88150a526250df69077cd3065edbbd4c842098,rf_detr_native,68860.0,phone,0.6493,174.0,690.44,222.67,719.86,1432.2,48.67,29.43,1.654,False,,True,unattributed,7,evt_01-P03_desk_work_surface_0015,e6ce921ad99504be,pose_hand_context,,10997.5,4.89,,1,01/e1/v1,rtmpose_baseline
corpus_01,01.Candidate was found using a mobile phone in the examination hall..mkv,b842b03e5784d867e93770560d88150a526250df69077cd3065edbbd4c842098,rf_detr_native,69020.0,stationery,0.3279,116.65,681.18,179.96,719.96,2454.9,63.32,38.77,1.633,False,,True,unattributed,7,evt_01-P06_desk_work_surface_0043,c53cf9adcf41927a,pose_hand_context,,14757.8,4.19,,1,01/e1/v1,rtmpose_baseline
corpus_01,01.Candidate was found using a mobile phone in the examination hall..mkv,b842b03e5784d867e93770560d88150a526250df69077cd3065edbbd4c842098,rf_detr_native,69060.0,unknown_object,0.3594,105.64,619.0,233.0,719.89,12849.4,127.36,100.89,1.262,False,,True,unattributed,7,evt_01-P02_desk_work_surface_0010,000c87e80cfa7e05,pose_hand_context,,15459.0,4.16,,1,01/e1/v1,rtmpose_baseline
corpus_01,01.Candidate was found using a mobile phone in the examination hall..mkv,b842b03e5784d867e93770560d88150a526250df69077cd3065edbbd4c842098,rf_detr_native,69060.0,unknown_object,0.2747,605.02,382.01,620.88,429.78,757.6,15.86,47.77,0.332,False,,True,unattributed,9,evt_01-P02_desk_work_surface_0010,dd2a6998b9bf971e,pose_hand_context,,3062.5,11.56,,1,01/e1/v1,rtmpose_baseline
corpus_01,01.Candidate was found using a mobile phone in the examination hall..mkv,b842b03e5784d867e93770560d88150a526250df69077cd3065edbbd4c842098,rf_detr_native,69060.0,unknown_object,0.2625,605.02,382.01,620.88,429.78,757.6,15.86,47.77,0.332,False,,True,unattributed,9,evt_01-P02_desk_work_surface_0010,dd2a6998b9bf971e,pose_hand_context,,3062.5,11.56,,1,01/e1/v1,rtmpose_baseline
corpus_01,01.Candidate was found using a mobile phone in the examination hall..mkv,b842b03e5784d867e93770560d88150a526250df69077cd3065edbbd4c842098,rf_detr_native,69220.0,unknown_object,0.5827,67.24,636.0,171.98,719.79,8775.7,104.74,83.79,1.25,False,,True,unattributed,7,evt_01-P05_desk_work_surface_0034,e25b84c463805e20,pose_hand_context,,10949.7,4.88,,1,01/e1/v1,rtmpose_baseline
corpus_01,01.Candidate was found using a mobile phone in the examination hall..mkv,b842b03e5784d867e93770560d88150a526250df69077cd3065edbbd4c842098,rf_detr_native,69220.0,unknown_object,0.3018,41.06,636.0,111.76,719.83,5926.3,70.7,83.83,0.843,False,,True,unattributed,7,evt_01-P05_desk_work_surface_0034,e25b84c463805e20,pose_hand_context,,10949.7,4.88,,1,01/e1/v1,rtmpose_baseline
corpus_01,01.Candidate was found using a mobile phone in the examination hall..mkv,b842b03e5784d867e93770560d88150a526250df69077cd3065edbbd4c842098,rf_detr_native,69220.0,unknown_object,0.2562,67.41,683.95,112.29,720.0,1617.8,44.88,36.05,1.245,False,,True,unattributed,7,evt_01-P05_desk_work_surface_0034,e25b84c463805e20,pose_hand_context,,10949.7,4.88,,1,01/e1/v1,rtmpose_baseline
corpus_01,01.Candidate was found using a mobile phone in the examination hall..mkv,b842b03e5784d867e93770560d88150a526250df69077cd3065edbbd4c842098,rf_detr_native,69380.0,unknown_object,0.4806,0.36,530.97,196.0,716.69,36333.0,195.64,185.71,1.053,False,,True,unattributed,7,evt_01-P01_desk_work_surface_0002,c0d3d2fe46c17c19,native_source_context_fallback,wrist_confidence_below_floor,37015.3,3.26,,1,01/e1/v1,rtmpose_baseline
corpus_01,01.Candidate was found using a mobile phone in the examination hall..mkv,b842b03e5784d867e93770560d88150a526250df69077cd3065edbbd4c842098,rf_detr_native,69380.0,unknown_object,0.4337,52.79,608.63,196.0,717.0,15519.6,143.21,108.37,1.322,False,,True,unattributed,7,evt_01-P01_desk_work_surface_0002,c0d3d2fe46c17c19,native_source_context_fallback,wrist_confidence_below_floor,37015.3,3.26,,1,01/e1/v1,rtmpose_baseline
corpus_01,01.Candidate was found using a mobile phone in the examination hall..mkv,b842b03e5784d867e93770560d88150a526250df69077cd3065edbbd4c842098,rf_detr_native,69500.0,unknown_object,0.5479,5.75,618.33,168.24,718.59,16292.3,162.49,100.27,1.621,False,,True,unattributed,14,evt_01-P01_upper_body_0006,3d71d4d1b4eee1fc,native_source_context_fallback,wrist_confidence_below_floor,17075.7,3.78,,1,01/e1/v1,rtmpose_baseline
corpus_01,01.Candidate was found using a mobile phone in the examination hall..mkv,b842b03e5784d867e93770560d88150a526250df69077cd3065edbbd4c842098,rf_detr_native,69500.0,unknown_object,0.2854,5.75,618.33,168.24,718.59,16292.3,162.49,100.27,1.621,False,,True,unattributed,14,evt_01-P01_upper_body_0006,3d71d4d1b4eee1fc,native_source_context_fallback,wrist_confidence_below_floor,17075.7,3.78,,1,01/e1/v1,rtmpose_baseline
corpus_01,01.Candidate was found using a mobile phone in the examination hall..mkv,b842b03e5784d867e93770560d88150a526250df69077cd3065edbbd4c842098,rf_detr_native,69500.0,unknown_object,0.4909,0.06,531.47,46.0,663.94,6085.6,45.94,132.48,0.347,False,,True,unattributed,15,evt_01-P01_upper_body_0006,4151119075254674,native_source_context_fallback,no_pose_observation,6194.2,4.83,,1,01/e1/v1,
corpus_01,01.Candidate was found using a mobile phone in the examination hall..mkv,b842b03e5784d867e93770560d88150a526250df69077cd3065edbbd4c842098,rf_detr_native,69500.0,unknown_object,0.3147,0.06,531.47,46.0,663.94,6085.6,45.94,132.48,0.347,False,,True,unattributed,15,evt_01-P01_upper_body_0006,4151119075254674,native_source_context_fallback,no_pose_observation,6194.2,4.83,,1,01/e1/v1,
corpus_01,01.Candidate was found using a mobile phone in the examination hall..mkv,b842b03e5784d867e93770560d88150a526250df69077cd3065edbbd4c842098,rf_detr_native,69500.0,unknown_object,0.2692,0.03,531.61,46.0,650.77,5478.0,45.97,119.16,0.386,False,,True,unattributed,15,evt_01-P01_upper_body_0006,4151119075254674,native_source_context_fallback,no_pose_observation,6194.2,4.83,,1,01/e1/v1,
corpus_01,01.Candidate was found using a mobile phone in the examination hall..mkv,b842b03e5784d867e93770560d88150a526250df69077cd3065edbbd4c842098,rf_detr_native,69500.0,keyboard,0.2996,655.01,405.6,692.85,426.87,804.7,37.84,21.26,1.78,False,,True,unattributed,9,evt_01-P01_upper_body_0006,5395bfb5ce127735,pose_hand_context,,3633.7,10.62,,1,01/e1/v1,rtmpose_baseline
corpus_01,01.Candidate was found using a mobile phone in the examination hall..mkv,b842b03e5784d867e93770560d88150a526250df69077cd3065edbbd4c842098,rf_detr_native,69500.0,monitor_or_bezel,0.2864,655.0,366.11,694.02,426.94,2373.2,39.02,60.83,0.641,False,,True,unattributed,9,evt_01-P01_upper_body_0006,5395bfb5ce127735,pose_hand_context,,3633.7,10.62,,1,01/e1/v1,rtmpose_baseline
corpus_01,01.Candidate was found using a mobile phone in the examination hall..mkv,b842b03e5784d867e93770560d88150a526250df69077cd3065edbbd4c842098,rf_detr_native,69580.0,monitor_or_bezel,0.3148,656.0,368.0,686.67,396.49,874.0,30.67,28.49,1.077,False,,True,unattributed,9,evt_01-P03_upper_body_0020,3ec40d3b5bb1368d,pose_hand_context,,3772.4,10.42,,1,01/e1/v1,rtmpose_baseline
corpus_01,01.Candidate was found using a mobile phone in the examination hall..mkv,b842b03e5784d867e93770560d88150a526250df69077cd3065edbbd4c842098,rf_detr_native,69580.0,stationery,0.2925,656.01,405.86,693.15,428.89,855.6,37.14,23.03,1.612,False,,True,unattributed,9,evt_01-P03_upper_body_0020,3ec40d3b5bb1368d,pose_hand_context,,3772.4,10.42,,1,01/e1/v1,rtmpose_baseline
corpus_01,01.Candidate was found using a mobile phone in the examination hall..mkv,b842b03e5784d867e93770560d88150a526250df69077cd3065edbbd4c842098,rf_detr_native,69580.0,unknown_object,0.2782,689.74,368.0,717.0,428.77,1656.7,27.26,60.77,0.449,False,,True,unattributed,9,evt_01-P03_upper_body_0020,3ec40d3b5bb1368d,pose_hand_context,,3772.4,10.42,,1,01/e1/v1,rtmpose_baseline
corpus_01,01.Candidate was found using a mobile phone in the examination hall..mkv,b842b03e5784d867e93770560d88150a526250df69077cd3065edbbd4c842098,rf_detr_native,69820.0,keyboard,0.8648,31.87,615.0,79.92,642.77,1334.3,48.05,27.77,1.73,False,,True,unattributed,14,evt_01-P06_upper_body_0046,08eeead62b32ad13,native_source_context_fallback,no_pose_observation,8315.4,6.16,,1,01/e1/v1,
corpus_01,01.Candidate was found using a mobile phone in the examination hall..mkv,b842b03e5784d867e93770560d88150a526250df69077cd3065edbbd4c842098,rf_detr_native,69820.0,unknown_object,0.7688,0.14,615.43,78.35,718.87,8090.0,78.21,103.44,0.756,False,,True,unattributed,14,evt_01-P06_upper_body_0046,08eeead62b32ad13,native_source_context_fallback,no_pose_observation,8315.4,6.16,,1,01/e1/v1,
corpus_01,01.Candidate was found using a mobile phone in the examination hall..mkv,b842b03e5784d867e93770560d88150a526250df69077cd3065edbbd4c842098,rf_detr_native,69820.0,unknown_object,0.3247,660.19,368.0,716.0,426.86,3284.9,55.81,58.86,0.948,False,,True,unattributed,9,evt_01-P06_upper_body_0046,2987c73f281beb24,pose_hand_context,,3445.7,10.9,,1,01/e1/v1,rtmpose_baseline
corpus_01,01.Candidate was found using a mobile phone in the examination hall..mkv,b842b03e5784d867e93770560d88150a526250df69077cd3065edbbd4c842098,rf_detr_native,69860.0,keyboard,0.3128,659.0,405.6,692.56,425.85,679.5,33.56,20.25,1.658,False,,True,unattributed,9,evt_01-P03_desk_work_surface_0015,593cabf673dc56e5,pose_hand_context,,3504.6,10.81,,1,01/e1/v1,rtmpose_baseline
corpus_01,01.Candidate was found using a mobile phone in the examination hall..mkv,b842b03e5784d867e93770560d88150a526250df69077cd3065edbbd4c842098,rf_detr_native,69860.0,unknown_object,0.2742,690.44,367.07,718.0,425.88,1620.8,27.56,58.81,0.469,False,,True,unattributed,9,evt_01-P03_desk_work_surface_0015,593cabf673dc56e5,pose_hand_context,,3504.6,10.81,,1,01/e1/v1,rtmpose_baseline
corpus_01,01.Candidate was found using a mobile phone in the examination hall..mkv,b842b03e5784d867e93770560d88150a526250df69077cd3065edbbd4c842098,rf_detr_native,70020.0,unknown_object,0.4678,661.04,403.98,693.57,555.64,4932.9,32.53,151.65,0.214,False,,True,unattributed,9,evt_01-P06_desk_work_surface_0043,6f12c715cf0cb853,native_source_context_fallback,no_pose_observation,29456.6,2.39,,1,01/e1/v1,
corpus_01,01.Candidate was found using a mobile phone in the examination hall..mkv,b842b03e5784d867e93770560d88150a526250df69077cd3065edbbd4c842098,rf_detr_native,70020.0,unknown_object,0.3849,693.14,368.0,771.0,566.2,15430.6,77.86,198.2,0.393,False,,True,unattributed,9,evt_01-P06_desk_work_surface_0043,6f12c715cf0cb853,native_source_context_fallback,no_pose_observation,29456.6,2.39,,1,01/e1/v1,
corpus_01,01.Candidate was found using a mobile phone in the examination hall..mkv,b842b03e5784d867e93770560d88150a526250df69077cd3065edbbd4c842098,rf_detr_native,70220.0,unknown_object,0.4289,692.08,335.07,772.0,568.94,18692.1,79.92,233.88,0.342,False,,True,unattributed,9,evt_01-P05_desk_work_surface_0034,93155b1f2a72b3a1,native_source_context_fallback,no_pose_observation,30312.0,2.39,,1,01/e1/v1,
corpus_01,01.Candidate was found using a mobile phone in the examination hall..mkv,b842b03e5784d867e93770560d88150a526250df69077cd3065edbbd4c842098,rf_detr_native,70220.0,unknown_object,0.372,692.1,333.96,771.99,567.98,18695.2,79.89,234.02,0.341,False,,True,unattributed,9,evt_01-P05_desk_work_surface_0034,93155b1f2a72b3a1,native_source_context_fallback,no_pose_observation,30312.0,2.39,,1,01/e1/v1,
corpus_01,01.Candidate was found using a mobile phone in the examination hall..mkv,b842b03e5784d867e93770560d88150a526250df69077cd3065edbbd4c842098,rf_detr_native,70220.0,unknown_object,0.362,692.96,366.87,772.0,567.88,15887.1,79.04,201.01,0.393,False,,True,unattributed,9,evt_01-P05_desk_work_surface_0034,93155b1f2a72b3a1,native_source_context_fallback,no_pose_observation,30312.0,2.39,,1,01/e1/v1,
corpus_01,01.Candidate was found using a mobile phone in the examination hall..mkv,b842b03e5784d867e93770560d88150a526250df69077cd3065edbbd4c842098,rf_detr_native,70220.0,unknown_object,0.3286,658.15,405.0,694.45,564.05,5773.2,36.3,159.05,0.228,False,,True,unattributed,9,evt_01-P05_desk_work_surface_0034,93155b1f2a72b3a1,native_source_context_fallback,no_pose_observation,30312.0,2.39,,1,01/e1/v1,
corpus_01,01.Candidate was found using a mobile phone in the examination hall..mkv,b842b03e5784d867e93770560d88150a526250df69077cd3065edbbd4c842098,rf_detr_native,70220.0,bag,0.2611,658.15,405.0,694.45,564.05,5773.2,36.3,159.05,0.228,False,,True,unattributed,9,evt_01-P05_desk_work_surface_0034,93155b1f2a72b3a1,native_source_context_fallback,no_pose_observation,30312.0,2.39,,1,01/e1/v1,
corpus_01,01.Candidate was found using a mobile phone in the examination hall..mkv,b842b03e5784d867e93770560d88150a526250df69077cd3065edbbd4c842098,rf_detr_native,70500.0,monitor_or_bezel,0.2642,662.0,362.0,696.78,426.78,2253.2,34.78,64.78,0.537,False,,True,unattributed,9,evt_01-P01_upper_body_0006,38cc48898557d70c,pose_hand_context,,4147.4,9.94,,1,01/e1/v1,rtmpose_baseline
corpus_01,01.Candidate was found using a mobile phone in the examination hall..mkv,b842b03e5784d867e93770560d88150a526250df69077cd3065edbbd4c842098,rf_detr_native,71220.0,unknown_object,0.8639,630.0,407.06,694.18,568.71,10375.0,64.18,161.65,0.397,False,,True,unattributed,9,evt_01-P05_desk_work_surface_0034,e0968401a682c7ff,native_source_context_fallback,wrist_confidence_below_floor,34891.3,2.32,,1,01/e1/v1,rtmpose_baseline
corpus_01,01.Candidate was found using a mobile phone in the examination hall..mkv,b842b03e5784d867e93770560d88150a526250df69077cd3065edbbd4c842098,rf_detr_native,71220.0,unknown_object,0.3927,695.52,368.77,755.91,569.75,12136.6,60.39,200.98,0.3,False,,True,unattributed,9,evt_01-P05_desk_work_surface_0034,e0968401a682c7ff,native_source_context_fallback,wrist_confidence_below_floor,34891.3,2.32,,1,01/e1/v1,rtmpose_baseline
corpus_01,01.Candidate was found using a mobile phone in the examination hall..mkv,b842b03e5784d867e93770560d88150a526250df69077cd3065edbbd4c842098,rf_detr_native,71220.0,unknown_object,0.374,696.12,398.56,756.0,569.52,10237.3,59.88,170.96,0.35,False,,True,unattributed,9,evt_01-P05_desk_work_surface_0034,e0968401a682c7ff,native_source_context_fallback,wrist_confidence_below_floor,34891.3,2.32,,1,01/e1/v1,rtmpose_baseline
corpus_01,01.Candidate was found using a mobile phone in the examination hall..mkv,b842b03e5784d867e93770560d88150a526250df69077cd3065edbbd4c842098,rf_detr_native,71500.0,unknown_object,0.3478,614.28,159.82,648.6,249.73,3085.9,34.32,89.91,0.382,False,,True,unattributed,17,evt_01-P01_upper_body_0006,90ee45a13b0872da,native_source_context_fallback,no_pose_observation,3300.8,6.99,,1,01/e1/v1,
corpus_01,01.Candidate was found using a mobile phone in the examination hall..mkv,b842b03e5784d867e93770560d88150a526250df69077cd3065edbbd4c842098,rf_detr_native,71500.0,unknown_object,0.2946,639.06,180.88,649.0,234.03,528.2,9.94,53.15,0.187,False,,True,unattributed,17,evt_01-P01_upper_body_0006,90ee45a13b0872da,native_source_context_fallback,no_pose_observation,3300.8,6.99,,1,01/e1/v1,
corpus_01,01.Candidate was found using a mobile phone in the examination hall..mkv,b842b03e5784d867e93770560d88150a526250df69077cd3065edbbd4c842098,rf_detr_native,71500.0,unknown_object,0.2841,614.21,188.68,644.87,250.16,1884.4,30.65,61.48,0.499,False,,True,unattributed,17,evt_01-P01_upper_body_0006,90ee45a13b0872da,native_source_context_fallback,no_pose_observation,3300.8,6.99,,1,01/e1/v1,
corpus_01,01.Candidate was found using a mobile phone in the examination hall..mkv,b842b03e5784d867e93770560d88150a526250df69077cd3065edbbd4c842098,rf_detr_native,71500.0,unknown_object,0.4746,632.22,311.0,680.0,336.25,1206.3,47.78,25.25,1.893,False,,True,unattributed,9,evt_01-P01_upper_body_0006,f7bf6872d96738c2,pose_hand_context,,11794.0,5.89,,1,01/e1/v1,rtmpose_baseline
corpus_01,01.Candidate was found using a mobile phone in the examination hall..mkv,b842b03e5784d867e93770560d88150a526250df69077cd3065edbbd4c842098,rf_detr_native,72220.0,insufficient_visual_evidence,0.0,687.12,152.67,710.66,206.47,1266.5,23.54,53.8,0.438,True,"native footprint 24x54 px is under the 32 px floor; magnifying it 11.9x adds interpolation, not detail",False,unattributed,18,evt_01-P05_desk_work_surface_0034,9ab2370f09b1d38c,native_source_context_fallback,no_pose_observation,1266.5,11.9,,1,01/e1/v1,
corpus_01,01.Candidate was found using a mobile phone in the examination hall..mkv,b842b03e5784d867e93770560d88150a526250df69077cd3065edbbd4c842098,rf_detr_native,72220.0,insufficient_visual_evidence,0.0,618.01,160.79,649.41,247.14,2711.4,31.4,86.35,0.364,True,"native footprint 31x86 px is under the 32 px floor; magnifying it 7.4x adds interpolation, not detail",False,unattributed,17,evt_01-P05_desk_work_surface_0034,9bedff32cf1afa49,native_source_context_fallback,wrist_confidence_below_floor,2711.4,7.41,,1,01/e1/v1,rtmpose_baseline
corpus_01,01.Candidate was found using a mobile phone in the examination hall..mkv,b842b03e5784d867e93770560d88150a526250df69077cd3065edbbd4c842098,rf_detr_native,72220.0,monitor_or_bezel,0.2513,569.06,313.08,644.71,413.92,7629.0,75.65,100.85,0.75,False,,True,unattributed,9,evt_01-P05_desk_work_surface_0034,da21efe8337edc6a,pose_hand_context,,14118.2,5.39,,1,01/e1/v1,rtmpose_baseline
corpus_01,01.Candidate was found using a mobile phone in the examination hall..mkv,b842b03e5784d867e93770560d88150a526250df69077cd3065edbbd4c842098,rf_detr_native,72500.0,unknown_object,0.31,726.74,334.33,780.0,404.18,3720.6,53.26,69.86,0.762,False,,True,unattributed,9,evt_01-P01_upper_body_0006,81e278ad53f493bd,pose_hand_context,,14175.3,5.38,,1,01/e1/v1,rtmpose_baseline
corpus_01,01.Candidate was found using a mobile phone in the examination hall..mkv,b842b03e5784d867e93770560d88150a526250df69077cd3065edbbd4c842098,rf_detr_native,72500.0,unknown_object,0.2854,725.59,368.85,780.0,443.84,4080.3,54.41,74.99,0.726,False,,True,unattributed,9,evt_01-P01_upper_body_0006,81e278ad53f493bd,pose_hand_context,,14175.3,5.38,,1,01/e1/v1,rtmpose_baseline
corpus_01,01.Candidate was found using a mobile phone in the examination hall..mkv,b842b03e5784d867e93770560d88150a526250df69077cd3065edbbd4c842098,rf_detr_native,72500.0,unknown_object,0.2709,725.76,333.23,779.99,443.78,5994.4,54.23,110.54,0.491,False,,True,unattributed,9,evt_01-P01_upper_body_0006,81e278ad53f493bd,pose_hand_context,,14175.3,5.38,,1,01/e1/v1,rtmpose_baseline
corpus_01,01.Candidate was found using a mobile phone in the examination hall..mkv,b842b03e5784d867e93770560d88150a526250df69077cd3065edbbd4c842098,rf_detr_native,72500.0,unknown_object,0.2617,726.63,369.18,779.99,403.82,1848.6,53.36,34.64,1.54,False,,True,unattributed,9,evt_01-P01_upper_body_0006,81e278ad53f493bd,pose_hand_context,,14175.3,5.38,,1,01/e1/v1,rtmpose_baseline
corpus_01,01.Candidate was found using a mobile phone in the examination hall..mkv,b842b03e5784d867e93770560d88150a526250df69077cd3065edbbd4c842098,rf_detr_native,72500.0,insufficient_visual_evidence,0.0,617.69,163.03,647.51,246.68,2494.4,29.82,83.65,0.356,True,"native footprint 30x84 px is under the 32 px floor; magnifying it 7.7x adds interpolation, not detail",False,unattributed,17,evt_01-P01_upper_body_0006,c4e9ad198a8eae0c,native_source_context_fallback,wrist_confidence_below_floor,2494.4,7.65,,1,01/e1/v1,rtmpose_baseline
corpus_01,01.Candidate was found using a mobile phone in the examination hall..mkv,b842b03e5784d867e93770560d88150a526250df69077cd3065edbbd4c842098,rf_detr_native,73220.0,monitor_or_bezel,0.251,575.0,313.65,603.39,361.46,1357.2,28.39,47.81,0.594,False,,True,unattributed,9,evt_01-P05_desk_work_surface_0034,b9d395d936a48172,pose_hand_context,,10120.4,6.36,,1,01/e1/v1,rtmpose_baseline
corpus_01,01.Candidate was found using a mobile phone in the examination hall..mkv,b842b03e5784d867e93770560d88150a526250df69077cd3065edbbd4c842098,rf_detr_native,73220.0,monitor_or_bezel,0.3115,608.03,194.17,620.39,225.13,382.6,12.36,30.96,0.399,False,,True,unattributed,17,evt_01-P05_desk_work_surface_0034,fe9112957651495a,native_source_context_fallback,no_pose_observation,2930.7,8.05,,1,01/e1/v1,
corpus_01,01.Candidate was found using a mobile phone in the examination hall..mkv,b842b03e5784d867e93770560d88150a526250df69077cd3065edbbd4c842098,rf_detr_native,73220.0,monitor_or_bezel,0.2685,608.03,194.17,620.39,225.13,382.6,12.36,30.96,0.399,False,,True,unattributed,17,evt_01-P05_desk_work_surface_0034,fe9112957651495a,native_source_context_fallback,no_pose_observation,2930.7,8.05,,1,01/e1/v1,
corpus_01,01.Candidate was found using a mobile phone in the examination hall..mkv,b842b03e5784d867e93770560d88150a526250df69077cd3065edbbd4c842098,rf_detr_native,73220.0,monitor_or_bezel,0.261,608.07,194.01,621.34,246.91,702.3,13.28,52.9,0.251,False,,True,unattributed,17,evt_01-P05_desk_work_surface_0034,fe9112957651495a,native_source_context_fallback,no_pose_observation,2930.7,8.05,,1,01/e1/v1,
corpus_01,01.Candidate was found using a mobile phone in the examination hall..mkv,b842b03e5784d867e93770560d88150a526250df69077cd3065edbbd4c842098,rf_detr_native,73220.0,monitor_or_bezel,0.2562,639.47,183.62,644.99,220.61,204.2,5.52,37.0,0.149,False,,True,unattributed,17,evt_01-P05_desk_work_surface_0034,fe9112957651495a,native_source_context_fallback,no_pose_observation,2930.7,8.05,,1,01/e1/v1,
corpus_01,01.Candidate was found using a mobile phone in the examination hall..mkv,b842b03e5784d867e93770560d88150a526250df69077cd3065edbbd4c842098,rf_detr_native,73500.0,monitor_or_bezel,0.4809,575.1,313.6,614.11,385.65,2810.9,39.01,72.06,0.541,False,,True,unattributed,9,evt_01-P01_upper_body_0006,3c59806dcf0fad56,pose_hand_context,,7180.9,7.55,,1,01/e1/v1,rtmpose_baseline
corpus_01,01.Candidate was found using a mobile phone in the examination hall..mkv,b842b03e5784d867e93770560d88150a526250df69077cd3065edbbd4c842098,rf_detr_native,73500.0,unknown_object,0.3009,635.44,324.14,659.0,385.76,1451.4,23.56,61.62,0.382,False,,True,unattributed,9,evt_01-P01_upper_body_0006,3c59806dcf0fad56,pose_hand_context,,7180.9,7.55,,1,01/e1/v1,rtmpose_baseline
corpus_01,01.Candidate was found using a mobile phone in the examination hall..mkv,b842b03e5784d867e93770560d88150a526250df69077cd3065edbbd4c842098,rf_detr_native,73500.0,monitor_or_bezel,0.2816,575.1,313.6,614.11,385.65,2810.9,39.01,72.06,0.541,False,,True,unattributed,9,evt_01-P01_upper_body_0006,3c59806dcf0fad56,pose_hand_context,,7180.9,7.55,,1,01/e1/v1,rtmpose_baseline
corpus_01,01.Candidate was found using a mobile phone in the examination hall..mkv,b842b03e5784d867e93770560d88150a526250df69077cd3065edbbd4c842098,rf_detr_native,73500.0,monitor_or_bezel,0.2765,575.0,313.7,602.92,361.4,1331.7,27.92,47.7,0.585,False,,True,unattributed,9,evt_01-P01_upper_body_0006,3c59806dcf0fad56,pose_hand_context,,7180.9,7.55,,1,01/e1/v1,rtmpose_baseline
corpus_01,01.Candidate was found using a mobile phone in the examination hall..mkv,b842b03e5784d867e93770560d88150a526250df69077cd3065edbbd4c842098,rf_detr_native,74420.0,unknown_object,0.3132,644.3,332.0,661.0,379.92,800.2,16.7,47.92,0.348,False,,True,unattributed,9,evt_01-P05_desk_work_surface_0035,2ac1a69f7153fc5d,pose_hand_context,,2304.0,13.33,,1,01/e1/v1,rtmpose_baseline
corpus_01,01.Candidate was found using a mobile phone in the examination hall..mkv,b842b03e5784d867e93770560d88150a526250df69077cd3065edbbd4c842098,rf_detr_native,74420.0,unknown_object,0.2535,644.3,332.0,661.0,379.92,800.2,16.7,47.92,0.348,False,,True,unattributed,9,evt_01-P05_desk_work_surface_0035,2ac1a69f7153fc5d,pose_hand_context,,2304.0,13.33,,1,01/e1/v1,rtmpose_baseline
corpus_01,01.Candidate was found using a mobile phone in the examination hall..mkv,b842b03e5784d867e93770560d88150a526250df69077cd3065edbbd4c842098,rf_detr_native,74940.0,monitor_or_bezel,0.2681,604.04,340.0,639.93,371.26,1121.9,35.9,31.26,1.148,False,,True,unattributed,9,evt_01-P01_desk_work_surface_0003,bdd304dc44972606,pose_hand_context,,3740.5,10.46,,1,01/e1/v1,rtmpose_baseline
corpus_01,01.Candidate was found using a mobile phone in the examination hall..mkv,b842b03e5784d867e93770560d88150a526250df69077cd3065edbbd4c842098,rf_detr_native,74940.0,monitor_or_bezel,0.2636,604.11,340.05,640.25,379.25,1417.0,36.14,39.2,0.922,False,,True,unattributed,9,evt_01-P01_desk_work_surface_0003,bdd304dc44972606,pose_hand_context,,3740.5,10.46,,1,01/e1/v1,rtmpose_baseline
corpus_01,01.Candidate was found using a mobile phone in the examination hall..mkv,b842b03e5784d867e93770560d88150a526250df69077cd3065edbbd4c842098,rf_detr_native,74940.0,monitor_or_bezel,0.256,604.0,340.0,641.63,401.0,2295.3,37.63,61.0,0.617,False,,True,unattributed,9,evt_01-P01_desk_work_surface_0003,bdd304dc44972606,pose_hand_context,,3740.5,10.46,,1,01/e1/v1,rtmpose_baseline
corpus_01,01.Candidate was found using a mobile phone in the examination hall..mkv,b842b03e5784d867e93770560d88150a526250df69077cd3065edbbd4c842098,rf_detr_native,74940.0,monitor_or_bezel,0.251,604.11,340.05,640.25,379.25,1417.0,36.14,39.2,0.922,False,,True,unattributed,9,evt_01-P01_desk_work_surface_0003,bdd304dc44972606,pose_hand_context,,3740.5,10.46,,1,01/e1/v1,rtmpose_baseline
corpus_01,01.Candidate was found using a mobile phone in the examination hall..mkv,b842b03e5784d867e93770560d88150a526250df69077cd3065edbbd4c842098,rf_detr_native,75940.0,unknown_object,0.4644,639.69,406.02,689.98,440.97,1757.4,50.29,34.95,1.439,False,,True,unattributed,9,evt_01-P01_desk_work_surface_0003,8bfc1031befa88ed,pose_hand_context,,23494.8,4.18,,1,01/e1/v1,rtmpose_baseline
corpus_01,01.Candidate was found using a mobile phone in the examination hall..mkv,b842b03e5784d867e93770560d88150a526250df69077cd3065edbbd4c842098,rf_detr_native,75980.0,unknown_object,0.3957,649.03,406.52,694.27,431.96,1150.8,45.24,25.44,1.779,False,,True,unattributed,9,evt_01-P04_desk_work_surface_0026,3aea290c2dfbc7aa,pose_hand_context,,23061.5,4.21,,1,01/e1/v1,rtmpose_baseline
corpus_01,01.Candidate was found using a mobile phone in the examination hall..mkv,b842b03e5784d867e93770560d88150a526250df69077cd3065edbbd4c842098,rf_detr_native,75980.0,unknown_object,0.324,712.45,286.5,800.89,431.98,12866.2,88.44,145.47,0.608,False,,True,unattributed,9,evt_01-P04_desk_work_surface_0026,3aea290c2dfbc7aa,pose_hand_context,,23061.5,4.21,,1,01/e1/v1,rtmpose_baseline
corpus_01,01.Candidate was found using a mobile phone in the examination hall..mkv,b842b03e5784d867e93770560d88150a526250df69077cd3065edbbd4c842098,rf_detr_native,75980.0,phone,0.308,749.88,357.19,772.7,362.17,113.8,22.83,4.99,4.578,True,object footprint 114 px is under the 120 px floor for a call,False,unattributed,9,evt_01-P04_desk_work_surface_0026,3aea290c2dfbc7aa,pose_hand_context,,23061.5,4.21,,1,01/e1/v1,rtmpose_baseline
corpus_01,01.Candidate was found using a mobile phone in the examination hall..mkv,b842b03e5784d867e93770560d88150a526250df69077cd3065edbbd4c842098,rf_detr_native,76420.0,bag,0.4372,670.05,405.55,694.29,477.53,1744.6,24.24,71.98,0.337,False,,True,unattributed,9,evt_01-P05_desk_work_surface_0035,9dcc6d7eaf748e0a,pose_hand_context,,24661.6,4.08,,1,01/e1/v1,rtmpose_baseline
corpus_01,01.Candidate was found using a mobile phone in the examination hall..mkv,b842b03e5784d867e93770560d88150a526250df69077cd3065edbbd4c842098,rf_detr_native,76420.0,unknown_object,0.4066,749.52,333.02,822.29,475.37,10357.6,72.76,142.35,0.511,False,,True,unattributed,9,evt_01-P05_desk_work_surface_0035,9dcc6d7eaf748e0a,pose_hand_context,,24661.6,4.08,,1,01/e1/v1,rtmpose_baseline
corpus_01,01.Candidate was found using a mobile phone in the examination hall..mkv,b842b03e5784d867e93770560d88150a526250df69077cd3065edbbd4c842098,rf_detr_native,76420.0,unknown_object,0.3148,729.98,333.1,823.68,477.89,13565.8,93.69,144.79,0.647,False,,True,unattributed,9,evt_01-P05_desk_work_surface_0035,9dcc6d7eaf748e0a,pose_hand_context,,24661.6,4.08,,1,01/e1/v1,rtmpose_baseline
corpus_01,01.Candidate was found using a mobile phone in the examination hall..mkv,b842b03e5784d867e93770560d88150a526250df69077cd3065edbbd4c842098,rf_detr_native,76420.0,bag,0.2918,733.61,447.35,800.02,478.0,2035.7,66.41,30.65,2.167,False,,True,unattributed,9,evt_01-P05_desk_work_surface_0035,9dcc6d7eaf748e0a,pose_hand_context,,24661.6,4.08,,1,01/e1/v1,rtmpose_baseline
corpus_01,01.Candidate was found using a mobile phone in the examination hall..mkv,b842b03e5784d867e93770560d88150a526250df69077cd3065edbbd4c842098,rf_detr_native,76420.0,unknown_object,0.2534,670.05,405.55,694.29,477.53,1744.6,24.24,71.98,0.337,False,,True,unattributed,9,evt_01-P05_desk_work_surface_0035,9dcc6d7eaf748e0a,pose_hand_context,,24661.6,4.08,,1,01/e1/v1,rtmpose_baseline
corpus_01,01.Candidate was found using a mobile phone in the examination hall..mkv,b842b03e5784d867e93770560d88150a526250df69077cd3065edbbd4c842098,rf_detr_native,76500.0,bag,0.7016,671.0,405.07,694.53,479.68,1755.7,23.53,74.61,0.315,False,,True,unattributed,9,evt_01-P01_upper_body_0007,d95e0fe029164d59,pose_hand_context,,25850.2,3.98,,1,01/e1/v1,rtmpose_baseline
corpus_01,01.Candidate was found using a mobile phone in the examination hall..mkv,b842b03e5784d867e93770560d88150a526250df69077cd3065edbbd4c842098,rf_detr_native,76500.0,unknown_object,0.418,757.81,332.92,822.04,467.68,8655.0,64.23,134.75,0.477,False,,True,unattributed,9,evt_01-P01_upper_body_0007,d95e0fe029164d59,pose_hand_context,,25850.2,3.98,,1,01/e1/v1,rtmpose_baseline
corpus_01,01.Candidate was found using a mobile phone in the examination hall..mkv,b842b03e5784d867e93770560d88150a526250df69077cd3065edbbd4c842098,rf_detr_native,76500.0,bag,0.4147,740.67,446.8,802.28,479.96,2042.9,61.61,33.16,1.858,False,,True,unattributed,9,evt_01-P01_upper_body_0007,d95e0fe029164d59,pose_hand_context,,25850.2,3.98,,1,01/e1/v1,rtmpose_baseline
corpus_01,01.Candidate was found using a mobile phone in the examination hall..mkv,b842b03e5784d867e93770560d88150a526250df69077cd3065edbbd4c842098,rf_detr_native,76500.0,bag,0.3665,740.67,446.8,802.28,479.96,2042.9,61.61,33.16,1.858,False,,True,unattributed,9,evt_01-P01_upper_body_0007,d95e0fe029164d59,pose_hand_context,,25850.2,3.98,,1,01/e1/v1,rtmpose_baseline
corpus_01,01.Candidate was found using a mobile phone in the examination hall..mkv,b842b03e5784d867e93770560d88150a526250df69077cd3065edbbd4c842098,rf_detr_native,76940.0,mouse,0.4217,639.44,368.7,658.92,377.88,178.8,19.48,9.18,2.122,False,,True,unattributed,9,evt_01-P01_desk_work_surface_0003,73cf7ab46a760cec,pose_hand_context,,26134.0,3.96,,1,01/e1/v1,rtmpose_baseline
corpus_01,01.Candidate was found using a mobile phone in the examination hall..mkv,b842b03e5784d867e93770560d88150a526250df69077cd3065edbbd4c842098,rf_detr_native,76940.0,unknown_object,0.3752,588.39,409.1,695.84,481.83,7814.9,107.44,72.73,1.477,False,,True,unattributed,9,evt_01-P01_desk_work_surface_0003,73cf7ab46a760cec,pose_hand_context,,26134.0,3.96,,1,01/e1/v1,rtmpose_baseline
corpus_01,01.Candidate was found using a mobile phone in the examination hall..mkv,b842b03e5784d867e93770560d88150a526250df69077cd3065edbbd4c842098,rf_detr_native,76940.0,unknown_object,0.3723,632.91,408.81,695.39,481.95,4570.2,62.48,73.14,0.854,False,,True,unattributed,9,evt_01-P01_desk_work_surface_0003,73cf7ab46a760cec,pose_hand_context,,26134.0,3.96,,1,01/e1/v1,rtmpose_baseline
corpus_01,01.Candidate was found using a mobile phone in the examination hall..mkv,b842b03e5784d867e93770560d88150a526250df69077cd3065edbbd4c842098,rf_detr_native,76940.0,phone,0.2854,730.63,420.22,750.0,466.62,898.6,19.37,46.4,0.417,False,,True,unattributed,9,evt_01-P01_desk_work_surface_0003,73cf7ab46a760cec,pose_hand_context,,26134.0,3.96,,1,01/e1/v1,rtmpose_baseline
corpus_01,01.Candidate was found using a mobile phone in the examination hall..mkv,b842b03e5784d867e93770560d88150a526250df69077cd3065edbbd4c842098,rf_detr_native,76980.0,mouse,0.6248,639.37,368.78,659.16,377.84,179.2,19.79,9.06,2.185,False,,True,unattributed,9,evt_01-P04_desk_work_surface_0026,0367ccb78cbbacf8,pose_hand_context,,26712.6,3.92,,1,01/e1/v1,rtmpose_baseline
corpus_01,01.Candidate was found using a mobile phone in the examination hall..mkv,b842b03e5784d867e93770560d88150a526250df69077cd3065edbbd4c842098,rf_detr_native,76980.0,unknown_object,0.398,587.32,409.25,695.19,482.8,7932.9,107.87,73.54,1.467,False,,True,unattributed,9,evt_01-P04_desk_work_surface_0026,0367ccb78cbbacf8,pose_hand_context,,26712.6,3.92,,1,01/e1/v1,rtmpose_baseline
corpus_01,01.Candidate was found using a mobile phone in the examination hall..mkv,b842b03e5784d867e93770560d88150a526250df69077cd3065edbbd4c842098,rf_detr_native,76980.0,unknown_object,0.2612,730.11,420.14,749.99,467.17,934.9,19.88,47.03,0.423,False,,True,unattributed,9,evt_01-P04_desk_work_surface_0026,0367ccb78cbbacf8,pose_hand_context,,26712.6,3.92,,1,01/e1/v1,rtmpose_baseline
corpus_01,01.Candidate was found using a mobile phone in the examination hall..mkv,b842b03e5784d867e93770560d88150a526250df69077cd3065edbbd4c842098,rf_detr_native,77420.0,unknown_object,0.6132,776.73,333.38,825.37,491.59,7694.5,48.64,158.21,0.307,False,,True,unattributed,9,evt_01-P05_desk_work_surface_0035,c6928d0fe12dbece,pose_hand_context,,29646.0,3.72,,1,01/e1/v1,rtmpose_baseline
corpus_01,01.Candidate was found using a mobile phone in the examination hall..mkv,b842b03e5784d867e93770560d88150a526250df69077cd3065edbbd4c842098,rf_detr_native,77420.0,unknown_object,0.4147,821.86,333.0,849.0,387.48,1479.0,27.14,54.48,0.498,False,,True,unattributed,9,evt_01-P05_desk_work_surface_0035,c6928d0fe12dbece,pose_hand_context,,29646.0,3.72,,1,01/e1/v1,rtmpose_baseline
corpus_01,01.Candidate was found using a mobile phone in the examination hall..mkv,b842b03e5784d867e93770560d88150a526250df69077cd3065edbbd4c842098,rf_detr_native,77420.0,unknown_object,0.3713,787.26,333.2,848.94,440.27,6603.7,61.67,107.07,0.576,False,,True,unattributed,9,evt_01-P05_desk_work_surface_0035,c6928d0fe12dbece,pose_hand_context,,29646.0,3.72,,1,01/e1/v1,rtmpose_baseline
corpus_01,01.Candidate was found using a mobile phone in the examination hall..mkv,b842b03e5784d867e93770560d88150a526250df69077cd3065edbbd4c842098,rf_detr_native,77420.0,unknown_object,0.3326,817.43,333.0,849.0,434.6,3207.4,31.57,101.6,0.311,False,,True,unattributed,9,evt_01-P05_desk_work_surface_0035,c6928d0fe12dbece,pose_hand_context,,29646.0,3.72,,1,01/e1/v1,rtmpose_baseline
corpus_01,01.Candidate was found using a mobile phone in the examination hall..mkv,b842b03e5784d867e93770560d88150a526250df69077cd3065edbbd4c842098,rf_detr_native,77420.0,unknown_object,0.2948,706.97,420.81,759.41,460.12,2061.0,52.44,39.3,1.334,False,,True,unattributed,9,evt_01-P05_desk_work_surface_0035,c6928d0fe12dbece,pose_hand_context,,29646.0,3.72,,1,01/e1/v1,rtmpose_baseline
corpus_01,01.Candidate was found using a mobile phone in the examination hall..mkv,b842b03e5784d867e93770560d88150a526250df69077cd3065edbbd4c842098,rf_detr_native,77420.0,unknown_object,0.2726,773.45,333.32,849.0,489.79,11821.2,75.55,156.48,0.483,False,,True,unattributed,9,evt_01-P05_desk_work_surface_0035,c6928d0fe12dbece,pose_hand_context,,29646.0,3.72,,1,01/e1/v1,rtmpose_baseline
corpus_01,01.Candidate was found using a mobile phone in the examination hall..mkv,b842b03e5784d867e93770560d88150a526250df69077cd3065edbbd4c842098,rf_detr_native,77420.0,unknown_object,0.2624,801.69,333.0,849.0,434.79,4815.9,47.31,101.79,0.465,False,,True,unattributed,9,evt_01-P05_desk_work_surface_0035,c6928d0fe12dbece,pose_hand_context,,29646.0,3.72,,1,01/e1/v1,rtmpose_baseline
corpus_01,01.Candidate was found using a mobile phone in the examination hall..mkv,b842b03e5784d867e93770560d88150a526250df69077cd3065edbbd4c842098,rf_detr_native,77420.0,unknown_object,0.2539,776.73,333.06,848.76,435.66,7389.6,72.02,102.6,0.702,False,,True,unattributed,9,evt_01-P05_desk_work_surface_0035,c6928d0fe12dbece,pose_hand_context,,29646.0,3.72,,1,01/e1/v1,rtmpose_baseline
corpus_01,01.Candidate was found using a mobile phone in the examination hall..mkv,b842b03e5784d867e93770560d88150a526250df69077cd3065edbbd4c842098,rf_detr_native,77500.0,mouse,0.3495,639.41,368.74,658.44,377.89,174.2,19.02,9.16,2.078,False,,True,unattributed,9,evt_01-P01_upper_body_0007,5abceb2ac73ca5b7,pose_hand_context,,28446.2,3.79,,1,01/e1/v1,rtmpose_baseline
corpus_01,01.Candidate was found using a mobile phone in the examination hall..mkv,b842b03e5784d867e93770560d88150a526250df69077cd3065edbbd4c842098,rf_detr_native,77500.0,bag,0.3136,631.56,412.74,687.83,485.83,4112.8,56.27,73.09,0.77,False,,True,unattributed,9,evt_01-P01_upper_body_0007,5abceb2ac73ca5b7,pose_hand_context,,28446.2,3.79,,1,01/e1/v1,rtmpose_baseline
corpus_01,01.Candidate was found using a mobile phone in the examination hall..mkv,b842b03e5784d867e93770560d88150a526250df69077cd3065edbbd4c842098,rf_detr_native,77540.0,unknown_object,0.5883,772.27,335.0,826.38,489.63,8367.4,54.11,154.63,0.35,False,,True,unattributed,9,evt_01-P03_desk_work_surface_0016,9b9b0756948b0f5a,pose_hand_context,,29852.9,3.7,,1,01/e1/v1,rtmpose_baseline
corpus_01,01.Candidate was found using a mobile phone in the examination hall..mkv,b842b03e5784d867e93770560d88150a526250df69077cd3065edbbd4c842098,rf_detr_native,77540.0,unknown_object,0.411,822.42,335.0,846.98,387.97,1300.9,24.56,52.97,0.464,False,,True,unattributed,9,evt_01-P03_desk_work_surface_0016,9b9b0756948b0f5a,pose_hand_context,,29852.9,3.7,,1,01/e1/v1,rtmpose_baseline
corpus_01,01.Candidate was found using a mobile phone in the examination hall..mkv,b842b03e5784d867e93770560d88150a526250df69077cd3065edbbd4c842098,rf_detr_native,77540.0,unknown_object,0.3572,783.08,335.0,846.99,454.34,7627.2,63.91,119.34,0.536,False,,True,unattributed,9,evt_01-P03_desk_work_surface_0016,9b9b0756948b0f5a,pose_hand_context,,29852.9,3.7,,1,01/e1/v1,rtmpose_baseline
corpus_01,01.Candidate was found using a mobile phone in the examination hall..mkv,b842b03e5784d867e93770560d88150a526250df69077cd3065edbbd4c842098,rf_detr_native,77540.0,unknown_object,0.3376,816.11,335.0,847.0,434.3,3066.9,30.89,99.3,0.311,False,,True,unattributed,9,evt_01-P03_desk_work_surface_0016,9b9b0756948b0f5a,pose_hand_context,,29852.9,3.7,,1,01/e1/v1,rtmpose_baseline
corpus_01,01.Candidate was found using a mobile phone in the examination hall..mkv,b842b03e5784d867e93770560d88150a526250df69077cd3065edbbd4c842098,rf_detr_native,77540.0,unknown_object,0.3103,780.15,335.02,846.99,387.89,3534.3,66.84,52.88,1.264,False,,True,unattributed,9,evt_01-P03_desk_work_surface_0016,9b9b0756948b0f5a,pose_hand_context,,29852.9,3.7,,1,01/e1/v1,rtmpose_baseline
corpus_01,01.Candidate was found using a mobile phone in the examination hall..mkv,b842b03e5784d867e93770560d88150a526250df69077cd3065edbbd4c842098,rf_detr_native,77540.0,unknown_object,0.2897,781.25,335.0,846.97,451.99,7688.7,65.72,116.99,0.562,False,,True,unattributed,9,evt_01-P03_desk_work_surface_0016,9b9b0756948b0f5a,pose_hand_context,,29852.9,3.7,,1,01/e1/v1,rtmpose_baseline
corpus_01,01.Candidate was found using a mobile phone in the examination hall..mkv,b842b03e5784d867e93770560d88150a526250df69077cd3065edbbd4c842098,rf_detr_native,77540.0,unknown_object,0.2514,787.83,335.0,846.94,434.28,5868.3,59.11,99.28,0.595,False,,True,unattributed,9,evt_01-P03_desk_work_surface_0016,9b9b0756948b0f5a,pose_hand_context,,29852.9,3.7,,1,01/e1/v1,rtmpose_baseline
corpus_01,01.Candidate was found using a mobile phone in the examination hall..mkv,b842b03e5784d867e93770560d88150a526250df69077cd3065edbbd4c842098,rf_detr_native,77940.0,unknown_object,0.6131,667.28,425.82,734.0,444.39,1239.4,66.72,18.58,3.592,False,,True,unattributed,9,evt_01-P01_desk_work_surface_0003,4488b8cb51dd240e,pose_hand_context,,33087.6,3.52,,1,01/e1/v1,rtmpose_baseline
corpus_01,01.Candidate was found using a mobile phone in the examination hall..mkv,b842b03e5784d867e93770560d88150a526250df69077cd3065edbbd4c842098,rf_detr_native,77940.0,unknown_object,0.4001,580.43,436.9,667.88,528.86,8041.7,87.45,91.96,0.951,False,,True,unattributed,9,evt_01-P01_desk_work_surface_0003,4488b8cb51dd240e,pose_hand_context,,33087.6,3.52,,1,01/e1/v1,rtmpose_baseline
corpus_01,01.Candidate was found using a mobile phone in the examination hall..mkv,b842b03e5784d867e93770560d88150a526250df69077cd3065edbbd4c842098,rf_detr_native,77980.0,unknown_object,0.6404,666.19,425.62,734.83,448.57,1575.1,68.64,22.95,2.991,False,,True,unattributed,9,evt_01-P04_desk_work_surface_0026,b87cefe41c4fb67b,pose_hand_context,,34998.9,3.42,,1,01/e1/v1,rtmpose_baseline
corpus_01,01.Candidate was found using a mobile phone in the examination hall..mkv,b842b03e5784d867e93770560d88150a526250df69077cd3065edbbd4c842098,rf_detr_native,77980.0,unknown_object,0.4801,578.0,438.2,667.11,532.85,8435.0,89.11,94.66,0.941,False,,True,unattributed,9,evt_01-P04_desk_work_surface_0026,b87cefe41c4fb67b,pose_hand_context,,34998.9,3.42,,1,01/e1/v1,rtmpose_baseline
corpus_01,01.Candidate was found using a mobile phone in the examination hall..mkv,b842b03e5784d867e93770560d88150a526250df69077cd3065edbbd4c842098,rf_detr_native,78420.0,unknown_object,0.692,581.09,433.57,669.28,565.63,11645.9,88.18,132.06,0.668,False,,True,unattributed,9,evt_01-P05_desk_work_surface_0035,f185c960580a4e49,pose_hand_context,,38698.8,3.25,,1,01/e1/v1,rtmpose_baseline
corpus_01,01.Candidate was found using a mobile phone in the examination hall..mkv,b842b03e5784d867e93770560d88150a526250df69077cd3065edbbd4c842098,rf_detr_native,78500.0,unknown_object,0.5859,810.23,495.11,849.98,575.61,3199.1,39.74,80.5,0.494,False,,True,unattributed,9,evt_01-P01_upper_body_0007,190a783a5bbb81b6,pose_hand_context,,40120.1,3.2,,1,01/e1/v1,rtmpose_baseline
corpus_01,01.Candidate was found using a mobile phone in the examination hall..mkv,b842b03e5784d867e93770560d88150a526250df69077cd3065edbbd4c842098,rf_detr_native,78500.0,unknown_object,0.4664,753.59,376.0,826.65,485.88,8027.5,73.06,109.88,0.665,False,,True,unattributed,9,evt_01-P01_upper_body_0007,190a783a5bbb81b6,pose_hand_context,,40120.1,3.2,,1,01/e1/v1,rtmpose_baseline
corpus_01,01.Candidate was found using a mobile phone in the examination hall..mkv,b842b03e5784d867e93770560d88150a526250df69077cd3065edbbd4c842098,rf_detr_native,78500.0,unknown_object,0.4367,823.09,376.0,850.0,387.79,317.2,26.91,11.79,2.283,False,,True,unattributed,9,evt_01-P01_upper_body_0007,190a783a5bbb81b6,pose_hand_context,,40120.1,3.2,,1,01/e1/v1,rtmpose_baseline
corpus_01,01.Candidate was found using a mobile phone in the examination hall..mkv,b842b03e5784d867e93770560d88150a526250df69077cd3065edbbd4c842098,rf_detr_native,78500.0,unknown_object,0.4296,816.49,376.43,849.92,434.48,1940.2,33.42,58.05,0.576,False,,True,unattributed,9,evt_01-P01_upper_body_0007,190a783a5bbb81b6,pose_hand_context,,40120.1,3.2,,1,01/e1/v1,rtmpose_baseline
corpus_01,01.Candidate was found using a mobile phone in the examination hall..mkv,b842b03e5784d867e93770560d88150a526250df69077cd3065edbbd4c842098,rf_detr_native,78500.0,unknown_object,0.4046,815.26,376.18,849.79,453.69,2676.6,34.53,77.51,0.446,False,,True,unattributed,9,evt_01-P01_upper_body_0007,190a783a5bbb81b6,pose_hand_context,,40120.1,3.2,,1,01/e1/v1,rtmpose_baseline
corpus_01,01.Candidate was found using a mobile phone in the examination hall..mkv,b842b03e5784d867e93770560d88150a526250df69077cd3065edbbd4c842098,rf_detr_native,78500.0,unknown_object,0.3572,649.0,395.41,671.65,573.31,4029.3,22.65,177.9,0.127,False,,True,unattributed,9,evt_01-P01_upper_body_0007,190a783a5bbb81b6,pose_hand_context,,40120.1,3.2,,1,01/e1/v1,rtmpose_baseline
corpus_01,01.Candidate was found using a mobile phone in the examination hall..mkv,b842b03e5784d867e93770560d88150a526250df69077cd3065edbbd4c842098,rf_detr_native,78500.0,unknown_object,0.2592,649.0,445.37,671.53,573.91,2896.6,22.53,128.54,0.175,False,,True,unattributed,9,evt_01-P01_upper_body_0007,190a783a5bbb81b6,pose_hand_context,,40120.1,3.2,,1,01/e1/v1,rtmpose_baseline
corpus_01,01.Candidate was found using a mobile phone in the examination hall..mkv,b842b03e5784d867e93770560d88150a526250df69077cd3065edbbd4c842098,rf_detr_native,78540.0,unknown_object,0.5824,810.19,494.56,849.98,581.63,3464.4,39.79,87.07,0.457,False,,True,unattributed,9,evt_01-P03_desk_work_surface_0016,f25d9bff7c11b1f2,pose_hand_context,,40925.3,3.16,,1,01/e1/v1,rtmpose_baseline
corpus_01,01.Candidate was found using a mobile phone in the examination hall..mkv,b842b03e5784d867e93770560d88150a526250df69077cd3065edbbd4c842098,rf_detr_native,78540.0,unknown_object,0.46,759.33,379.0,826.89,483.66,7070.3,67.56,104.66,0.645,False,,True,unattributed,9,evt_01-P03_desk_work_surface_0016,f25d9bff7c11b1f2,pose_hand_context,,40925.3,3.16,,1,01/e1/v1,rtmpose_baseline
corpus_01,01.Candidate was found using a mobile phone in the examination hall..mkv,b842b03e5784d867e93770560d88150a526250df69077cd3065edbbd4c842098,rf_detr_native,78540.0,unknown_object,0.45,816.29,379.0,849.79,434.5,1859.7,33.51,55.5,0.604,False,,True,unattributed,9,evt_01-P03_desk_work_surface_0016,f25d9bff7c11b1f2,pose_hand_context,,40925.3,3.16,,1,01/e1/v1,rtmpose_baseline
corpus_01,01.Candidate was found using a mobile phone in the examination hall..mkv,b842b03e5784d867e93770560d88150a526250df69077cd3065edbbd4c842098,rf_detr_native,78540.0,unknown_object,0.3717,814.78,379.0,849.8,453.31,2602.3,35.02,74.31,0.471,False,,True,unattributed,9,evt_01-P03_desk_work_surface_0016,f25d9bff7c11b1f2,pose_hand_context,,40925.3,3.16,,1,01/e1/v1,rtmpose_baseline
corpus_01,01.Candidate was found using a mobile phone in the examination hall..mkv,b842b03e5784d867e93770560d88150a526250df69077cd3065edbbd4c842098,rf_detr_native,78540.0,unknown_object,0.3463,822.59,379.0,850.0,387.93,244.9,27.41,8.93,3.069,False,,True,unattributed,9,evt_01-P03_desk_work_surface_0016,f25d9bff7c11b1f2,pose_hand_context,,40925.3,3.16,,1,01/e1/v1,rtmpose_baseline
corpus_01,01.Candidate was found using a mobile phone in the examination hall..mkv,b842b03e5784d867e93770560d88150a526250df69077cd3065edbbd4c842098,rf_detr_native,78540.0,unknown_object,0.3457,647.0,423.06,672.24,580.21,3967.0,25.24,157.14,0.161,False,,True,unattributed,9,evt_01-P03_desk_work_surface_0016,f25d9bff7c11b1f2,pose_hand_context,,40925.3,3.16,,1,01/e1/v1,rtmpose_baseline
corpus_01,01.Candidate was found using a mobile phone in the examination hall..mkv,b842b03e5784d867e93770560d88150a526250df69077cd3065edbbd4c842098,rf_detr_native,78940.0,unknown_object,0.5754,636.0,427.71,668.74,619.55,6281.8,32.74,191.84,0.171,False,,True,unattributed,9,evt_01-P01_desk_work_surface_0003,c57197ad2bcf4746,pose_hand_context,,41918.5,3.13,,1,01/e1/v1,rtmpose_baseline
corpus_01,01.Candidate was found using a mobile phone in the examination hall..mkv,b842b03e5784d867e93770560d88150a526250df69077cd3065edbbd4c842098,rf_detr_native,78940.0,unknown_object,0.4818,786.65,420.0,826.34,482.97,2499.4,39.69,62.97,0.63,False,,True,unattributed,9,evt_01-P01_desk_work_surface_0003,c57197ad2bcf4746,pose_hand_context,,41918.5,3.13,,1,01/e1/v1,rtmpose_baseline
corpus_01,01.Candidate was found using a mobile phone in the examination hall..mkv,b842b03e5784d867e93770560d88150a526250df69077cd3065edbbd4c842098,rf_detr_native,78940.0,unknown_object,0.4792,810.65,501.4,839.92,624.64,3607.3,29.27,123.23,0.238,False,,True,unattributed,9,evt_01-P01_desk_work_surface_0003,c57197ad2bcf4746,pose_hand_context,,41918.5,3.13,,1,01/e1/v1,rtmpose_baseline
corpus_01,01.Candidate was found using a mobile phone in the examination hall..mkv,b842b03e5784d867e93770560d88150a526250df69077cd3065edbbd4c842098,rf_detr_native,78940.0,stationery,0.3157,675.42,483.78,728.1,543.69,3156.1,52.68,59.92,0.879,False,,True,unattributed,9,evt_01-P01_desk_work_surface_0003,c57197ad2bcf4746,pose_hand_context,,41918.5,3.13,,1,01/e1/v1,rtmpose_baseline
corpus_01,01.Candidate was found using a mobile phone in the examination hall..mkv,b842b03e5784d867e93770560d88150a526250df69077cd3065edbbd4c842098,rf_detr_native,78940.0,unknown_object,0.3088,789.72,512.03,816.22,572.74,1608.6,26.5,60.71,0.437,False,,True,unattributed,9,evt_01-P01_desk_work_surface_0003,c57197ad2bcf4746,pose_hand_context,,41918.5,3.13,,1,01/e1/v1,rtmpose_baseline
corpus_01,01.Candidate was found using a mobile phone in the examination hall..mkv,b842b03e5784d867e93770560d88150a526250df69077cd3065edbbd4c842098,rf_detr_native,78940.0,stationery,0.2888,675.62,483.56,704.06,526.77,1229.1,28.44,43.21,0.658,False,,True,unattributed,9,evt_01-P01_desk_work_surface_0003,c57197ad2bcf4746,pose_hand_context,,41918.5,3.13,,1,01/e1/v1,rtmpose_baseline
corpus_01,01.Candidate was found using a mobile phone in the examination hall..mkv,b842b03e5784d867e93770560d88150a526250df69077cd3065edbbd4c842098,rf_detr_native,78980.0,unknown_object,0.6702,629.0,427.38,666.7,621.16,7304.8,37.7,193.78,0.195,False,,True,unattributed,9,evt_01-P04_desk_work_surface_0026,b45377b156476b3e,pose_hand_context,,42049.6,3.12,,1,01/e1/v1,rtmpose_baseline
corpus_01,01.Candidate was found using a mobile phone in the examination hall..mkv,b842b03e5784d867e93770560d88150a526250df69077cd3065edbbd4c842098,rf_detr_native,78980.0,unknown_object,0.4814,810.66,502.87,833.95,628.59,2927.8,23.29,125.73,0.185,False,,True,unattributed,9,evt_01-P04_desk_work_surface_0026,b45377b156476b3e,pose_hand_context,,42049.6,3.12,,1,01/e1/v1,rtmpose_baseline
corpus_01,01.Candidate was found using a mobile phone in the examination hall..mkv,b842b03e5784d867e93770560d88150a526250df69077cd3065edbbd4c842098,rf_detr_native,78980.0,unknown_object,0.4671,783.5,424.0,826.49,482.93,2533.9,43.0,58.93,0.73,False,,True,unattributed,9,evt_01-P04_desk_work_surface_0026,b45377b156476b3e,pose_hand_context,,42049.6,3.12,,1,01/e1/v1,rtmpose_baseline
corpus_01,01.Candidate was found using a mobile phone in the examination hall..mkv,b842b03e5784d867e93770560d88150a526250df69077cd3065edbbd4c842098,rf_detr_native,78980.0,stationery,0.4492,669.49,489.68,721.59,546.43,2957.5,52.11,56.76,0.918,False,,True,unattributed,9,evt_01-P04_desk_work_surface_0026,b45377b156476b3e,pose_hand_context,,42049.6,3.12,,1,01/e1/v1,rtmpose_baseline
corpus_01,01.Candidate was found using a mobile phone in the examination hall..mkv,b842b03e5784d867e93770560d88150a526250df69077cd3065edbbd4c842098,rf_detr_native,78980.0,stationery,0.438,669.73,489.4,697.47,530.61,1143.0,27.74,41.21,0.673,False,,True,unattributed,9,evt_01-P04_desk_work_surface_0026,b45377b156476b3e,pose_hand_context,,42049.6,3.12,,1,01/e1/v1,rtmpose_baseline
corpus_01,01.Candidate was found using a mobile phone in the examination hall..mkv,b842b03e5784d867e93770560d88150a526250df69077cd3065edbbd4c842098,rf_detr_native,78980.0,bag,0.2633,810.66,502.87,833.95,628.59,2927.8,23.29,125.73,0.185,False,,True,unattributed,9,evt_01-P04_desk_work_surface_0026,b45377b156476b3e,pose_hand_context,,42049.6,3.12,,1,01/e1/v1,rtmpose_baseline
corpus_01,01.Candidate was found using a mobile phone in the examination hall..mkv,b842b03e5784d867e93770560d88150a526250df69077cd3065edbbd4c842098,rf_detr_native,79420.0,unknown_object,0.3744,729.42,469.12,753.0,582.93,2683.2,23.58,113.81,0.207,False,,True,unattributed,9,evt_01-P05_desk_work_surface_0035,84f0b5c23f578507,pose_hand_context,,44318.7,3.04,,1,01/e1/v1,rtmpose_baseline
corpus_01,01.Candidate was found using a mobile phone in the examination hall..mkv,b842b03e5784d867e93770560d88150a526250df69077cd3065edbbd4c842098,rf_detr_native,79420.0,stationery,0.3652,565.72,534.8,623.44,589.0,3129.2,57.73,54.21,1.065,False,,True,unattributed,9,evt_01-P05_desk_work_surface_0035,84f0b5c23f578507,pose_hand_context,,44318.7,3.04,,1,01/e1/v1,rtmpose_baseline
corpus_01,01.Candidate was found using a mobile phone in the examination hall..mkv,b842b03e5784d867e93770560d88150a526250df69077cd3065edbbd4c842098,rf_detr_native,79420.0,unknown_object,0.2897,542.41,469.0,752.87,678.77,44148.9,210.46,209.77,1.003,False,,True,unattributed,9,evt_01-P05_desk_work_surface_0035,84f0b5c23f578507,pose_hand_context,,44318.7,3.04,,1,01/e1/v1,rtmpose_baseline
corpus_01,01.Candidate was found using a mobile phone in the examination hall..mkv,b842b03e5784d867e93770560d88150a526250df69077cd3065edbbd4c842098,rf_detr_native,79500.0,unknown_object,0.3984,529.0,541.86,602.79,690.0,10930.8,73.79,148.14,0.498,False,,True,unattributed,9,evt_01-P01_upper_body_0007,7eac7081edfe6178,pose_hand_context,,44884.7,3.02,,1,01/e1/v1,rtmpose_baseline
corpus_01,01.Candidate was found using a mobile phone in the examination hall..mkv,b842b03e5784d867e93770560d88150a526250df69077cd3065edbbd4c842098,rf_detr_native,79500.0,unknown_object,0.3879,715.92,478.0,740.0,589.14,2676.2,24.08,111.14,0.217,False,,True,unattributed,9,evt_01-P01_upper_body_0007,7eac7081edfe6178,pose_hand_context,,44884.7,3.02,,1,01/e1/v1,rtmpose_baseline
corpus_01,01.Candidate was found using a mobile phone in the examination hall..mkv,b842b03e5784d867e93770560d88150a526250df69077cd3065edbbd4c842098,rf_detr_native,79540.0,unknown_object,0.3075,526.0,541.57,600.07,693.0,11215.9,74.07,151.43,0.489,False,,True,unattributed,9,evt_01-P03_desk_work_surface_0016,8bf8cbd629dee8c5,pose_hand_context,,43322.3,3.07,,1,01/e1/v1,rtmpose_baseline
corpus_01,01.Candidate was found using a mobile phone in the examination hall..mkv,b842b03e5784d867e93770560d88150a526250df69077cd3065edbbd4c842098,rf_detr_native,79980.0,unknown_object,0.2827,452.11,652.4,536.93,712.41,5090.4,84.82,60.01,1.413,False,,True,unattributed,9,evt_01-P04_desk_work_surface_0026,6dbfe88e23c4f19e,pose_hand_context,,26453.0,3.36,,1,01/e1/v1,rtmpose_baseline
corpus_01,01.Candidate was found using a mobile phone in the examination hall..mkv,b842b03e5784d867e93770560d88150a526250df69077cd3065edbbd4c842098,rf_detr_native,80420.0,monitor_or_bezel,0.5376,321.26,627.03,411.44,719.77,8363.3,90.19,92.73,0.973,False,,True,unattributed,9,evt_01-P05_desk_work_surface_0035,b276b66e760bafd2,pose_hand_context,,14298.4,4.14,,1,01/e1/v1,rtmpose_baseline
corpus_01,01.Candidate was found using a mobile phone in the examination hall..mkv,b842b03e5784d867e93770560d88150a526250df69077cd3065edbbd4c842098,rf_detr_native,80420.0,unknown_object,0.3411,327.22,681.86,378.47,708.0,1339.4,51.25,26.13,1.961,False,,True,unattributed,9,evt_01-P05_desk_work_surface_0035,b276b66e760bafd2,pose_hand_context,,14298.4,4.14,,1,01/e1/v1,rtmpose_baseline
corpus_01,01.Candidate was found using a mobile phone in the examination hall..mkv,b842b03e5784d867e93770560d88150a526250df69077cd3065edbbd4c842098,rf_detr_native,80500.0,monitor_or_bezel,0.9156,300.0,652.1,384.56,719.73,5718.7,84.56,67.63,1.25,False,,True,unattributed,9,evt_01-P01_upper_body_0007,6cbdc754738a46fd,pose_hand_context,,8126.6,5.28,,1,01/e1/v1,rtmpose_baseline
corpus_01,01.Candidate was found using a mobile phone in the examination hall..mkv,b842b03e5784d867e93770560d88150a526250df69077cd3065edbbd4c842098,rf_detr_native,80500.0,unknown_object,0.2903,300.0,652.1,384.56,719.73,5718.7,84.56,67.63,1.25,False,,True,unattributed,9,evt_01-P01_upper_body_0007,6cbdc754738a46fd,pose_hand_context,,8126.6,5.28,,1,01/e1/v1,rtmpose_baseline
corpus_01,01.Candidate was found using a mobile phone in the examination hall..mkv,b842b03e5784d867e93770560d88150a526250df69077cd3065edbbd4c842098,rf_detr_native,80540.0,monitor_or_bezel,0.2646,323.0,526.0,506.91,716.12,34964.7,183.91,190.12,0.967,False,,True,unattributed,9,evt_01-P03_desk_work_surface_0016,ea273c6a1265ed0d,native_source_context_fallback,no_pose_observation,35339.7,3.34,,1,01/e1/v1,
corpus_01,01.Candidate was found using a mobile phone in the examination hall..mkv,b842b03e5784d867e93770560d88150a526250df69077cd3065edbbd4c842098,rf_detr_native,80940.0,unknown_object,0.6165,213.44,594.34,365.59,717.59,18752.8,152.15,123.25,1.234,False,,True,unattributed,9,evt_01-P01_desk_work_surface_0003,f5f72f3579b74937,native_source_context_fallback,no_pose_observation,19180.7,4.19,,1,01/e1/v1,
corpus_01,01.Candidate was found using a mobile phone in the examination hall..mkv,b842b03e5784d867e93770560d88150a526250df69077cd3065edbbd4c842098,rf_detr_native,80940.0,unknown_object,0.5952,213.44,594.34,365.59,717.59,18752.8,152.15,123.25,1.234,False,,True,unattributed,9,evt_01-P01_desk_work_surface_0003,f5f72f3579b74937,native_source_context_fallback,no_pose_observation,19180.7,4.19,,1,01/e1/v1,
corpus_01,01.Candidate was found using a mobile phone in the examination hall..mkv,b842b03e5784d867e93770560d88150a526250df69077cd3065edbbd4c842098,rf_detr_native,80980.0,unknown_object,0.4589,204.15,594.11,355.25,718.9,18854.6,151.09,124.79,1.211,False,,True,unattributed,9,evt_01-P04_desk_work_surface_0026,66771097af49150f,native_source_context_fallback,no_pose_observation,19045.2,4.19,,1,01/e1/v1,
corpus_01,01.Candidate was found using a mobile phone in the examination hall..mkv,b842b03e5784d867e93770560d88150a526250df69077cd3065edbbd4c842098,rf_detr_native,80980.0,unknown_object,0.4325,204.15,594.11,355.25,718.9,18854.6,151.09,124.79,1.211,False,,True,unattributed,9,evt_01-P04_desk_work_surface_0026,66771097af49150f,native_source_context_fallback,no_pose_observation,19045.2,4.19,,1,01/e1/v1,
corpus_01,01.Candidate was found using a mobile phone in the examination hall..mkv,b842b03e5784d867e93770560d88150a526250df69077cd3065edbbd4c842098,rf_detr_native,80980.0,unknown_object,0.2805,204.13,594.24,349.65,697.39,15010.3,145.52,103.15,1.411,False,,True,unattributed,9,evt_01-P04_desk_work_surface_0026,66771097af49150f,native_source_context_fallback,no_pose_observation,19045.2,4.19,,1,01/e1/v1,
corpus_01,01.Candidate was found using a mobile phone in the examination hall..mkv,b842b03e5784d867e93770560d88150a526250df69077cd3065edbbd4c842098,rf_detr_native,81420.0,unknown_object,0.4832,56.63,659.58,141.32,719.68,5089.6,84.69,60.1,1.409,False,,True,unattributed,19,evt_01-P05_desk_work_surface_0035,8b2fe0173b88e467,native_source_context_fallback,no_pose_observation,6908.6,5.64,,1,01/e1/v1,
corpus_01,01.Candidate was found using a mobile phone in the examination hall..mkv,b842b03e5784d867e93770560d88150a526250df69077cd3065edbbd4c842098,rf_detr_native,81500.0,unknown_object,0.8724,41.26,666.29,142.47,718.79,5313.0,101.21,52.5,1.928,False,,True,unattributed,9,evt_01-P01_upper_body_0007,ae826232a0ffec3d,native_source_context_fallback,no_pose_observation,9820.9,3.59,,1,01/e1/v1,
corpus_01,01.Candidate was found using a mobile phone in the examination hall..mkv,b842b03e5784d867e93770560d88150a526250df69077cd3065edbbd4c842098,rf_detr_native,81500.0,unknown_object,0.2516,155.74,701.64,217.76,718.91,1070.8,62.02,17.26,3.593,False,,True,unattributed,9,evt_01-P01_upper_body_0007,ae826232a0ffec3d,native_source_context_fallback,no_pose_observation,9820.9,3.59,,1,01/e1/v1,
corpus_01,01.Candidate was found using a mobile phone in the examination hall..mkv,b842b03e5784d867e93770560d88150a526250df69077cd3065edbbd4c842098,rf_detr_native,81500.0,unknown_object,0.787,40.75,666.91,142.47,718.72,5270.2,101.73,51.81,1.964,False,,True,unattributed,19,evt_01-P01_upper_body_0007,d4f9fb054db4fe6f,native_source_context_fallback,no_pose_observation,5707.0,6.1,,1,01/e1/v1,
corpus_01,01.Candidate was found using a mobile phone in the examination hall..mkv,b842b03e5784d867e93770560d88150a526250df69077cd3065edbbd4c842098,rf_detr_native,92100.0,phone,0.623,538.15,550.78,582.09,611.32,2659.9,43.94,60.54,0.726,False,,True,unattributed,20,evt_01-P01_desk_work_surface_0004,86b0c4045365dd48,pose_hand_context,,64060.1,2.23,,1,01/e1/v1,rtmpose_baseline
corpus_01,01.Candidate was found using a mobile phone in the examination hall..mkv,b842b03e5784d867e93770560d88150a526250df69077cd3065edbbd4c842098,rf_detr_native,92100.0,mouse,0.4915,413.35,515.33,429.1,529.89,229.2,15.75,14.56,1.082,False,,True,unattributed,20,evt_01-P01_desk_work_surface_0004,86b0c4045365dd48,pose_hand_context,,64060.1,2.23,,1,01/e1/v1,rtmpose_baseline
corpus_01,01.Candidate was found using a mobile phone in the examination hall..mkv,b842b03e5784d867e93770560d88150a526250df69077cd3065edbbd4c842098,rf_detr_native,92620.0,unknown_object,0.6998,28.36,609.59,157.84,718.89,14153.2,129.48,109.31,1.185,False,,True,unattributed,21,evt_01-P01_upper_body_0008,adb76b05b002c296,native_source_context_fallback,wrist_confidence_below_floor,14863.9,4.75,,1,01/e1/v1,rtmpose_baseline
corpus_01,01.Candidate was found using a mobile phone in the examination hall..mkv,b842b03e5784d867e93770560d88150a526250df69077cd3065edbbd4c842098,rf_detr_native,92620.0,unknown_object,0.5333,29.61,609.69,159.98,718.63,14202.7,130.37,108.94,1.197,False,,True,unattributed,21,evt_01-P01_upper_body_0008,adb76b05b002c296,native_source_context_fallback,wrist_confidence_below_floor,14863.9,4.75,,1,01/e1/v1,rtmpose_baseline
corpus_01,01.Candidate was found using a mobile phone in the examination hall..mkv,b842b03e5784d867e93770560d88150a526250df69077cd3065edbbd4c842098,rf_detr_native,92620.0,monitor_or_bezel,0.2784,387.0,658.54,416.39,716.82,1713.0,29.39,58.29,0.504,False,,True,unattributed,20,evt_01-P01_upper_body_0008,dc6659d20355692e,pose_hand_context,,47050.4,2.33,,1,01/e1/v1,rtmpose_baseline
corpus_01,01.Candidate was found using a mobile phone in the examination hall..mkv,b842b03e5784d867e93770560d88150a526250df69077cd3065edbbd4c842098,rf_detr_native,93100.0,phone,0.4851,373.0,658.73,415.64,719.39,2586.5,42.64,60.66,0.703,False,,True,unattributed,20,evt_01-P01_desk_work_surface_0004,25019a54fd9f9aa6,pose_hand_context,,35205.1,2.5,,1,01/e1/v1,rtmpose_baseline
corpus_01,01.Candidate was found using a mobile phone in the examination hall..mkv,b842b03e5784d867e93770560d88150a526250df69077cd3065edbbd4c842098,rf_detr_native,93100.0,unknown_object,0.2728,486.6,582.04,629.0,719.75,19608.6,142.4,137.7,1.034,False,,True,unattributed,20,evt_01-P01_desk_work_surface_0004,25019a54fd9f9aa6,pose_hand_context,,35205.1,2.5,,1,01/e1/v1,rtmpose_baseline
corpus_01,01.Candidate was found using a mobile phone in the examination hall..mkv,b842b03e5784d867e93770560d88150a526250df69077cd3065edbbd4c842098,rf_detr_native,93100.0,unknown_object,0.6914,197.06,569.0,302.82,683.64,12124.8,105.77,114.64,0.923,False,,True,unattributed,22,evt_01-P01_desk_work_surface_0004,7afee83f4be7385b,native_source_context_fallback,no_pose_observation,18139.9,4.28,,1,01/e1/v1,
corpus_01,01.Candidate was found using a mobile phone in the examination hall..mkv,b842b03e5784d867e93770560d88150a526250df69077cd3065edbbd4c842098,rf_detr_native,93620.0,unknown_object,0.6694,541.96,510.1,668.0,630.74,15206.1,126.04,120.64,1.045,False,,True,unattributed,20,evt_01-P01_upper_body_0008,5d8ef9fb8d6af50a,pose_hand_context,,60178.9,2.23,,1,01/e1/v1,rtmpose_baseline
corpus_01,01.Candidate was found using a mobile phone in the examination hall..mkv,b842b03e5784d867e93770560d88150a526250df69077cd3065edbbd4c842098,rf_detr_native,93620.0,unknown_object,0.3685,383.52,510.0,541.0,618.22,17041.8,157.48,108.22,1.455,False,,True,unattributed,20,evt_01-P01_upper_body_0008,5d8ef9fb8d6af50a,pose_hand_context,,60178.9,2.23,,1,01/e1/v1,rtmpose_baseline
corpus_01,01.Candidate was found using a mobile phone in the examination hall..mkv,b842b03e5784d867e93770560d88150a526250df69077cd3065edbbd4c842098,rf_detr_native,93660.0,unknown_object,0.6844,564.0,531.0,700.37,645.97,15677.6,136.37,114.97,1.186,False,,True,unattributed,20,evt_01-P04_desk_work_surface_0027,95c8fc45c3aa0544,native_source_context_fallback,wrist_confidence_below_floor,42803.3,2.79,,1,01/e1/v1,rtmpose_baseline
corpus_01,01.Candidate was found using a mobile phone in the examination hall..mkv,b842b03e5784d867e93770560d88150a526250df69077cd3065edbbd4c842098,rf_detr_native,93660.0,unknown_object,0.402,687.58,531.08,710.0,555.45,546.2,22.42,24.36,0.92,False,,True,unattributed,20,evt_01-P04_desk_work_surface_0027,95c8fc45c3aa0544,native_source_context_fallback,wrist_confidence_below_floor,42803.3,2.79,,1,01/e1/v1,rtmpose_baseline
corpus_01,01.Candidate was found using a mobile phone in the examination hall..mkv,b842b03e5784d867e93770560d88150a526250df69077cd3065edbbd4c842098,rf_detr_native,93660.0,unknown_object,0.3124,537.82,531.0,701.68,646.06,18852.6,163.86,115.06,1.424,False,,True,unattributed,20,evt_01-P04_desk_work_surface_0027,95c8fc45c3aa0544,native_source_context_fallback,wrist_confidence_below_floor,42803.3,2.79,,1,01/e1/v1,rtmpose_baseline
corpus_01,01.Candidate was found using a mobile phone in the examination hall..mkv,b842b03e5784d867e93770560d88150a526250df69077cd3065edbbd4c842098,rf_detr_native,93660.0,unknown_object,0.2813,481.54,533.23,666.67,717.46,34106.8,185.13,184.23,1.005,False,,True,unattributed,20,evt_01-P04_desk_work_surface_0027,95c8fc45c3aa0544,native_source_context_fallback,wrist_confidence_below_floor,42803.3,2.79,,1,01/e1/v1,rtmpose_baseline
corpus_01,01.Candidate was found using a mobile phone in the examination hall..mkv,b842b03e5784d867e93770560d88150a526250df69077cd3065edbbd4c842098,rf_detr_native,94100.0,unknown_object,0.2814,543.53,600.09,605.0,719.81,7359.3,61.47,119.72,0.513,False,,True,unattributed,23,evt_01-P01_desk_work_surface_0004,9db944323245ec94,pose_hand_context,,20603.8,3.7,,1,01/e1/v1,rtmpose_baseline
corpus_01,01.Candidate was found using a mobile phone in the examination hall..mkv,b842b03e5784d867e93770560d88150a526250df69077cd3065edbbd4c842098,rf_detr_native,94100.0,unknown_object,0.6062,694.82,439.82,743.0,577.61,6638.8,48.18,137.8,0.35,False,,True,unattributed,20,evt_01-P01_desk_work_surface_0004,b6c885fe93a4d710,pose_hand_context,,79912.8,2.26,,1,01/e1/v1,rtmpose_baseline
corpus_01,01.Candidate was found using a mobile phone in the examination hall..mkv,b842b03e5784d867e93770560d88150a526250df69077cd3065edbbd4c842098,rf_detr_native,94100.0,unknown_object,0.2692,637.05,438.0,696.62,489.97,3096.5,59.58,51.97,1.146,False,,True,unattributed,20,evt_01-P01_desk_work_surface_0004,b6c885fe93a4d710,pose_hand_context,,79912.8,2.26,,1,01/e1/v1,rtmpose_baseline
corpus_01,01.Candidate was found using a mobile phone in the examination hall..mkv,b842b03e5784d867e93770560d88150a526250df69077cd3065edbbd4c842098,rf_detr_native,94100.0,unknown_object,0.2531,699.8,439.0,743.0,511.29,3123.1,43.2,72.29,0.598,False,,True,unattributed,20,evt_01-P01_desk_work_surface_0004,b6c885fe93a4d710,pose_hand_context,,79912.8,2.26,,1,01/e1/v1,rtmpose_baseline
corpus_01,01.Candidate was found using a mobile phone in the examination hall..mkv,b842b03e5784d867e93770560d88150a526250df69077cd3065edbbd4c842098,rf_detr_native,94620.0,unknown_object,0.2983,690.97,404.47,738.82,458.94,2606.6,47.85,54.47,0.878,False,,True,unattributed,23,evt_01-P01_upper_body_0008,32d51cf4abbecb61,native_source_context_fallback,no_pose_observation,27151.6,3.61,,1,01/e1/v1,
corpus_01,01.Candidate was found using a mobile phone in the examination hall..mkv,b842b03e5784d867e93770560d88150a526250df69077cd3065edbbd4c842098,rf_detr_native,94620.0,unknown_object,0.2718,691.74,404.67,739.0,523.11,5597.1,47.26,118.43,0.399,False,,True,unattributed,23,evt_01-P01_upper_body_0008,32d51cf4abbecb61,native_source_context_fallback,no_pose_observation,27151.6,3.61,,1,01/e1/v1,
corpus_01,01.Candidate was found using a mobile phone in the examination hall..mkv,b842b03e5784d867e93770560d88150a526250df69077cd3065edbbd4c842098,rf_detr_native,94620.0,unknown_object,0.2646,690.89,404.88,739.0,503.61,4749.9,48.11,98.72,0.487,False,,True,unattributed,23,evt_01-P01_upper_body_0008,32d51cf4abbecb61,native_source_context_fallback,no_pose_observation,27151.6,3.61,,1,01/e1/v1,
corpus_01,01.Candidate was found using a mobile phone in the examination hall..mkv,b842b03e5784d867e93770560d88150a526250df69077cd3065edbbd4c842098,rf_detr_native,94620.0,unknown_object,0.3638,608.47,391.09,682.0,481.96,6680.8,73.53,90.86,0.809,False,,True,unattributed,25,evt_01-P01_upper_body_0008,4ba0c4be5964f03b,native_source_context_fallback,no_pose_observation,6983.2,7.01,,1,01/e1/v1,
corpus_01,01.Candidate was found using a mobile phone in the examination hall..mkv,b842b03e5784d867e93770560d88150a526250df69077cd3065edbbd4c842098,rf_detr_native,94620.0,unknown_object,0.3385,623.25,471.02,674.0,557.49,4388.2,50.75,86.48,0.587,False,,True,unattributed,24,evt_01-P01_upper_body_0008,65f95c2461713bcc,pose_hand_context,,11008.2,6.1,,1,01/e1/v1,rtmpose_baseline
corpus_01,01.Candidate was found using a mobile phone in the examination hall..mkv,b842b03e5784d867e93770560d88150a526250df69077cd3065edbbd4c842098,rf_detr_native,94620.0,unknown_object,0.2832,625.25,471.26,674.0,558.27,4241.5,48.75,87.0,0.56,False,,True,unattributed,24,evt_01-P01_upper_body_0008,65f95c2461713bcc,pose_hand_context,,11008.2,6.1,,1,01/e1/v1,rtmpose_baseline
corpus_01,01.Candidate was found using a mobile phone in the examination hall..mkv,b842b03e5784d867e93770560d88150a526250df69077cd3065edbbd4c842098,rf_detr_native,94620.0,unknown_object,0.2707,610.09,475.12,673.9,576.0,6436.7,63.81,100.88,0.632,False,,True,unattributed,24,evt_01-P01_upper_body_0008,65f95c2461713bcc,pose_hand_context,,11008.2,6.1,,1,01/e1/v1,rtmpose_baseline
corpus_01,01.Candidate was found using a mobile phone in the examination hall..mkv,b842b03e5784d867e93770560d88150a526250df69077cd3065edbbd4c842098,rf_detr_native,94620.0,monitor_or_bezel,0.4515,489.0,392.0,531.97,451.64,2562.4,42.97,59.64,0.72,False,,True,unattributed,26,evt_01-P01_upper_body_0008,aa8dddfe4ce6ab00,pose_hand_context,,68392.7,2.45,,1,01/e1/v1,rtmpose_baseline
corpus_01,01.Candidate was found using a mobile phone in the examination hall..mkv,b842b03e5784d867e93770560d88150a526250df69077cd3065edbbd4c842098,rf_detr_native,94620.0,unknown_object,0.4037,489.04,540.34,585.54,653.0,10871.6,96.5,112.66,0.857,False,,True,unattributed,26,evt_01-P01_upper_body_0008,aa8dddfe4ce6ab00,pose_hand_context,,68392.7,2.45,,1,01/e1/v1,rtmpose_baseline
corpus_01,01.Candidate was found using a mobile phone in the examination hall..mkv,b842b03e5784d867e93770560d88150a526250df69077cd3065edbbd4c842098,rf_detr_native,94620.0,unknown_object,0.3813,519.57,540.34,585.52,653.0,7430.0,65.95,112.66,0.585,False,,True,unattributed,26,evt_01-P01_upper_body_0008,aa8dddfe4ce6ab00,pose_hand_context,,68392.7,2.45,,1,01/e1/v1,rtmpose_baseline
corpus_01,01.Candidate was found using a mobile phone in the examination hall..mkv,b842b03e5784d867e93770560d88150a526250df69077cd3065edbbd4c842098,rf_detr_native,94620.0,unknown_object,0.3496,621.34,392.4,682.5,436.64,2705.8,61.16,44.24,1.383,False,,True,unattributed,26,evt_01-P01_upper_body_0008,aa8dddfe4ce6ab00,pose_hand_context,,68392.7,2.45,,1,01/e1/v1,rtmpose_baseline
corpus_01,01.Candidate was found using a mobile phone in the examination hall..mkv,b842b03e5784d867e93770560d88150a526250df69077cd3065edbbd4c842098,rf_detr_native,94620.0,unknown_object,0.3374,687.84,393.49,750.9,525.34,8315.0,63.06,131.85,0.478,False,,True,unattributed,26,evt_01-P01_upper_body_0008,aa8dddfe4ce6ab00,pose_hand_context,,68392.7,2.45,,1,01/e1/v1,rtmpose_baseline
corpus_01,01.Candidate was found using a mobile phone in the examination hall..mkv,b842b03e5784d867e93770560d88150a526250df69077cd3065edbbd4c842098,rf_detr_native,94620.0,unknown_object,0.3271,691.0,403.42,751.0,506.56,6188.6,60.0,103.14,0.582,False,,True,unattributed,26,evt_01-P01_upper_body_0008,aa8dddfe4ce6ab00,pose_hand_context,,68392.7,2.45,,1,01/e1/v1,rtmpose_baseline
corpus_01,01.Candidate was found using a mobile phone in the examination hall..mkv,b842b03e5784d867e93770560d88150a526250df69077cd3065edbbd4c842098,rf_detr_native,94620.0,unknown_object,0.2961,622.31,392.0,750.17,517.92,16100.6,127.86,125.92,1.015,False,,True,unattributed,26,evt_01-P01_upper_body_0008,aa8dddfe4ce6ab00,pose_hand_context,,68392.7,2.45,,1,01/e1/v1,rtmpose_baseline
corpus_01,01.Candidate was found using a mobile phone in the examination hall..mkv,b842b03e5784d867e93770560d88150a526250df69077cd3065edbbd4c842098,rf_detr_native,94620.0,unknown_object,0.2927,691.28,402.83,750.56,455.01,3093.4,59.28,52.18,1.136,False,,True,unattributed,26,evt_01-P01_upper_body_0008,aa8dddfe4ce6ab00,pose_hand_context,,68392.7,2.45,,1,01/e1/v1,rtmpose_baseline
corpus_01,01.Candidate was found using a mobile phone in the examination hall..mkv,b842b03e5784d867e93770560d88150a526250df69077cd3065edbbd4c842098,rf_detr_native,94620.0,unknown_object,0.2597,709.14,443.86,751.0,527.94,3519.5,41.86,84.08,0.498,False,,True,unattributed,26,evt_01-P01_upper_body_0008,aa8dddfe4ce6ab00,pose_hand_context,,68392.7,2.45,,1,01/e1/v1,rtmpose_baseline
corpus_01,01.Candidate was found using a mobile phone in the examination hall..mkv,b842b03e5784d867e93770560d88150a526250df69077cd3065edbbd4c842098,rf_detr_native,94620.0,monitor_or_bezel,0.4515,489.0,392.0,531.97,451.64,2562.4,42.97,59.64,0.72,False,,True,unattributed,20,evt_01-P01_upper_body_0008,aa8dddfe4ce6ab00,pose_hand_context,,68392.7,2.45,,1,01/e1/v1,rtmpose_baseline
corpus_01,01.Candidate was found using a mobile phone in the examination hall..mkv,b842b03e5784d867e93770560d88150a526250df69077cd3065edbbd4c842098,rf_detr_native,94620.0,unknown_object,0.4037,489.04,540.34,585.54,653.0,10871.6,96.5,112.66,0.857,False,,True,unattributed,20,evt_01-P01_upper_body_0008,aa8dddfe4ce6ab00,pose_hand_context,,68392.7,2.45,,1,01/e1/v1,rtmpose_baseline
corpus_01,01.Candidate was found using a mobile phone in the examination hall..mkv,b842b03e5784d867e93770560d88150a526250df69077cd3065edbbd4c842098,rf_detr_native,94620.0,unknown_object,0.3813,519.57,540.34,585.52,653.0,7430.0,65.95,112.66,0.585,False,,True,unattributed,20,evt_01-P01_upper_body_0008,aa8dddfe4ce6ab00,pose_hand_context,,68392.7,2.45,,1,01/e1/v1,rtmpose_baseline
corpus_01,01.Candidate was found using a mobile phone in the examination hall..mkv,b842b03e5784d867e93770560d88150a526250df69077cd3065edbbd4c842098,rf_detr_native,94620.0,unknown_object,0.3496,621.34,392.4,682.5,436.64,2705.8,61.16,44.24,1.383,False,,True,unattributed,20,evt_01-P01_upper_body_0008,aa8dddfe4ce6ab00,pose_hand_context,,68392.7,2.45,,1,01/e1/v1,rtmpose_baseline
corpus_01,01.Candidate was found using a mobile phone in the examination hall..mkv,b842b03e5784d867e93770560d88150a526250df69077cd3065edbbd4c842098,rf_detr_native,94620.0,unknown_object,0.3374,687.84,393.49,750.9,525.34,8315.0,63.06,131.85,0.478,False,,True,unattributed,20,evt_01-P01_upper_body_0008,aa8dddfe4ce6ab00,pose_hand_context,,68392.7,2.45,,1,01/e1/v1,rtmpose_baseline
corpus_01,01.Candidate was found using a mobile phone in the examination hall..mkv,b842b03e5784d867e93770560d88150a526250df69077cd3065edbbd4c842098,rf_detr_native,94620.0,unknown_object,0.3271,691.0,403.42,751.0,506.56,6188.6,60.0,103.14,0.582,False,,True,unattributed,20,evt_01-P01_upper_body_0008,aa8dddfe4ce6ab00,pose_hand_context,,68392.7,2.45,,1,01/e1/v1,rtmpose_baseline
corpus_01,01.Candidate was found using a mobile phone in the examination hall..mkv,b842b03e5784d867e93770560d88150a526250df69077cd3065edbbd4c842098,rf_detr_native,94620.0,unknown_object,0.2961,622.31,392.0,750.17,517.92,16100.6,127.86,125.92,1.015,False,,True,unattributed,20,evt_01-P01_upper_body_0008,aa8dddfe4ce6ab00,pose_hand_context,,68392.7,2.45,,1,01/e1/v1,rtmpose_baseline
corpus_01,01.Candidate was found using a mobile phone in the examination hall..mkv,b842b03e5784d867e93770560d88150a526250df69077cd3065edbbd4c842098,rf_detr_native,94620.0,unknown_object,0.2927,691.28,402.83,750.56,455.01,3093.4,59.28,52.18,1.136,False,,True,unattributed,20,evt_01-P01_upper_body_0008,aa8dddfe4ce6ab00,pose_hand_context,,68392.7,2.45,,1,01/e1/v1,rtmpose_baseline
corpus_01,01.Candidate was found using a mobile phone in the examination hall..mkv,b842b03e5784d867e93770560d88150a526250df69077cd3065edbbd4c842098,rf_detr_native,94620.0,unknown_object,0.2597,709.14,443.86,751.0,527.94,3519.5,41.86,84.08,0.498,False,,True,unattributed,20,evt_01-P01_upper_body_0008,aa8dddfe4ce6ab00,pose_hand_context,,68392.7,2.45,,1,01/e1/v1,rtmpose_baseline
corpus_01,01.Candidate was found using a mobile phone in the examination hall..mkv,b842b03e5784d867e93770560d88150a526250df69077cd3065edbbd4c842098,rf_detr_native,94660.0,unknown_object,0.4986,490.38,540.42,588.48,648.83,10634.5,98.09,108.41,0.905,False,,True,unattributed,20,evt_01-P04_desk_work_surface_0027,534ab31a91aa2d0d,pose_hand_context,,67548.0,2.46,,1,01/e1/v1,rtmpose_baseline
corpus_01,01.Candidate was found using a mobile phone in the examination hall..mkv,b842b03e5784d867e93770560d88150a526250df69077cd3065edbbd4c842098,rf_detr_native,94660.0,unknown_object,0.4194,623.4,390.46,689.05,435.69,2968.8,65.64,45.23,1.451,False,,True,unattributed,20,evt_01-P04_desk_work_surface_0027,534ab31a91aa2d0d,pose_hand_context,,67548.0,2.46,,1,01/e1/v1,rtmpose_baseline
corpus_01,01.Candidate was found using a mobile phone in the examination hall..mkv,b842b03e5784d867e93770560d88150a526250df69077cd3065edbbd4c842098,rf_detr_native,94660.0,monitor_or_bezel,0.3905,490.02,390.0,531.97,451.57,2582.7,41.95,61.57,0.681,False,,True,unattributed,20,evt_01-P04_desk_work_surface_0027,534ab31a91aa2d0d,pose_hand_context,,67548.0,2.46,,1,01/e1/v1,rtmpose_baseline
corpus_01,01.Candidate was found using a mobile phone in the examination hall..mkv,b842b03e5784d867e93770560d88150a526250df69077cd3065edbbd4c842098,rf_detr_native,94660.0,unknown_object,0.313,691.55,403.2,749.84,455.86,3069.7,58.29,52.66,1.107,False,,True,unattributed,20,evt_01-P04_desk_work_surface_0027,534ab31a91aa2d0d,pose_hand_context,,67548.0,2.46,,1,01/e1/v1,rtmpose_baseline
corpus_01,01.Candidate was found using a mobile phone in the examination hall..mkv,b842b03e5784d867e93770560d88150a526250df69077cd3065edbbd4c842098,rf_detr_native,94660.0,unknown_object,0.3116,622.82,390.71,749.78,524.1,16934.2,126.96,133.38,0.952,False,,True,unattributed,20,evt_01-P04_desk_work_surface_0027,534ab31a91aa2d0d,pose_hand_context,,67548.0,2.46,,1,01/e1/v1,rtmpose_baseline
corpus_01,01.Candidate was found using a mobile phone in the examination hall..mkv,b842b03e5784d867e93770560d88150a526250df69077cd3065edbbd4c842098,rf_detr_native,94660.0,unknown_object,0.2799,707.26,405.03,750.0,523.52,5064.2,42.74,118.48,0.361,False,,True,unattributed,20,evt_01-P04_desk_work_surface_0027,534ab31a91aa2d0d,pose_hand_context,,67548.0,2.46,,1,01/e1/v1,rtmpose_baseline
corpus_01,01.Candidate was found using a mobile phone in the examination hall..mkv,b842b03e5784d867e93770560d88150a526250df69077cd3065edbbd4c842098,rf_detr_native,94660.0,unknown_object,0.2742,691.65,402.87,749.94,523.05,7005.8,58.3,120.17,0.485,False,,True,unattributed,20,evt_01-P04_desk_work_surface_0027,534ab31a91aa2d0d,pose_hand_context,,67548.0,2.46,,1,01/e1/v1,rtmpose_baseline
corpus_01,01.Candidate was found using a mobile phone in the examination hall..mkv,b842b03e5784d867e93770560d88150a526250df69077cd3065edbbd4c842098,rf_detr_native,94660.0,unknown_object,0.2532,710.96,445.22,750.0,524.58,3098.5,39.04,79.36,0.492,False,,True,unattributed,20,evt_01-P04_desk_work_surface_0027,534ab31a91aa2d0d,pose_hand_context,,67548.0,2.46,,1,01/e1/v1,rtmpose_baseline
corpus_01,01.Candidate was found using a mobile phone in the examination hall..mkv,b842b03e5784d867e93770560d88150a526250df69077cd3065edbbd4c842098,rf_detr_native,94660.0,unknown_object,0.641,605.44,389.16,684.0,479.84,7124.3,78.56,90.68,0.866,False,,True,unattributed,25,evt_01-P04_desk_work_surface_0027,8947b3c0adfa1d58,native_source_context_fallback,no_pose_observation,7171.1,7.01,,1,01/e1/v1,
corpus_01,01.Candidate was found using a mobile phone in the examination hall..mkv,b842b03e5784d867e93770560d88150a526250df69077cd3065edbbd4c842098,rf_detr_native,94660.0,unknown_object,0.3163,628.83,413.58,685.0,550.97,7716.7,56.17,137.39,0.409,False,,True,unattributed,24,evt_01-P04_desk_work_surface_0027,d4f9c8f6462ae00e,native_source_context_fallback,no_pose_observation,16002.9,3.93,,1,01/e1/v1,
corpus_01,01.Candidate was found using a mobile phone in the examination hall..mkv,b842b03e5784d867e93770560d88150a526250df69077cd3065edbbd4c842098,rf_detr_native,94660.0,unknown_object,0.256,603.94,413.01,684.79,550.76,11137.6,80.86,137.75,0.587,False,,True,unattributed,24,evt_01-P04_desk_work_surface_0027,d4f9c8f6462ae00e,native_source_context_fallback,no_pose_observation,16002.9,3.93,,1,01/e1/v1,
corpus_01,01.Candidate was found using a mobile phone in the examination hall..mkv,b842b03e5784d867e93770560d88150a526250df69077cd3065edbbd4c842098,rf_detr_native,94700.0,monitor_or_bezel,0.4644,495.0,395.0,531.84,451.94,2097.4,36.84,56.94,0.647,False,,True,unattributed,20,evt_01-P05_desk_work_surface_0036,2457bb791693b8c3,pose_hand_context,,62110.6,2.57,,1,01/e1/v1,rtmpose_baseline
corpus_01,01.Candidate was found using a mobile phone in the examination hall..mkv,b842b03e5784d867e93770560d88150a526250df69077cd3065edbbd4c842098,rf_detr_native,94700.0,unknown_object,0.4004,518.12,540.4,591.41,643.79,7577.7,73.29,103.4,0.709,False,,True,unattributed,20,evt_01-P05_desk_work_surface_0036,2457bb791693b8c3,pose_hand_context,,62110.6,2.57,,1,01/e1/v1,rtmpose_baseline
corpus_01,01.Candidate was found using a mobile phone in the examination hall..mkv,b842b03e5784d867e93770560d88150a526250df69077cd3065edbbd4c842098,rf_detr_native,94700.0,unknown_object,0.3902,625.7,395.14,689.81,435.94,2615.4,64.11,40.8,1.571,False,,True,unattributed,20,evt_01-P05_desk_work_surface_0036,2457bb791693b8c3,pose_hand_context,,62110.6,2.57,,1,01/e1/v1,rtmpose_baseline
corpus_01,01.Candidate was found using a mobile phone in the examination hall..mkv,b842b03e5784d867e93770560d88150a526250df69077cd3065edbbd4c842098,rf_detr_native,94700.0,unknown_object,0.3781,691.5,401.07,743.99,502.75,5336.7,52.48,101.69,0.516,False,,True,unattributed,20,evt_01-P05_desk_work_surface_0036,2457bb791693b8c3,pose_hand_context,,62110.6,2.57,,1,01/e1/v1,rtmpose_baseline
corpus_01,01.Candidate was found using a mobile phone in the examination hall..mkv,b842b03e5784d867e93770560d88150a526250df69077cd3065edbbd4c842098,rf_detr_native,94700.0,unknown_object,0.3345,621.78,395.12,690.31,456.1,4178.6,68.52,60.98,1.124,False,,True,unattributed,20,evt_01-P05_desk_work_surface_0036,2457bb791693b8c3,pose_hand_context,,62110.6,2.57,,1,01/e1/v1,rtmpose_baseline
corpus_01,01.Candidate was found using a mobile phone in the examination hall..mkv,b842b03e5784d867e93770560d88150a526250df69077cd3065edbbd4c842098,rf_detr_native,94700.0,unknown_object,0.3205,624.51,395.0,739.79,456.59,7100.5,115.28,61.59,1.872,False,,True,unattributed,20,evt_01-P05_desk_work_surface_0036,2457bb791693b8c3,pose_hand_context,,62110.6,2.57,,1,01/e1/v1,rtmpose_baseline
corpus_01,01.Candidate was found using a mobile phone in the examination hall..mkv,b842b03e5784d867e93770560d88150a526250df69077cd3065edbbd4c842098,rf_detr_native,94700.0,unknown_object,0.3112,691.29,404.71,743.91,453.54,2569.5,52.62,48.84,1.077,False,,True,unattributed,20,evt_01-P05_desk_work_surface_0036,2457bb791693b8c3,pose_hand_context,,62110.6,2.57,,1,01/e1/v1,rtmpose_baseline
corpus_01,01.Candidate was found using a mobile phone in the examination hall..mkv,b842b03e5784d867e93770560d88150a526250df69077cd3065edbbd4c842098,rf_detr_native,94700.0,unknown_object,0.3002,711.87,400.54,744.0,507.36,3432.2,32.13,106.82,0.301,False,,True,unattributed,20,evt_01-P05_desk_work_surface_0036,2457bb791693b8c3,pose_hand_context,,62110.6,2.57,,1,01/e1/v1,rtmpose_baseline
corpus_01,01.Candidate was found using a mobile phone in the examination hall..mkv,b842b03e5784d867e93770560d88150a526250df69077cd3065edbbd4c842098,rf_detr_native,94700.0,unknown_object,0.2614,690.47,396.29,743.9,458.65,3331.6,53.43,62.35,0.857,False,,True,unattributed,20,evt_01-P05_desk_work_surface_0036,2457bb791693b8c3,pose_hand_context,,62110.6,2.57,,1,01/e1/v1,rtmpose_baseline
corpus_01,01.Candidate was found using a mobile phone in the examination hall..mkv,b842b03e5784d867e93770560d88150a526250df69077cd3065edbbd4c842098,rf_detr_native,94700.0,unknown_object,0.2541,519.29,508.8,599.14,643.95,10791.7,79.85,135.15,0.591,False,,True,unattributed,20,evt_01-P05_desk_work_surface_0036,2457bb791693b8c3,pose_hand_context,,62110.6,2.57,,1,01/e1/v1,rtmpose_baseline
corpus_01,01.Candidate was found using a mobile phone in the examination hall..mkv,b842b03e5784d867e93770560d88150a526250df69077cd3065edbbd4c842098,rf_detr_native,95100.0,unknown_object,0.4949,497.72,541.37,598.01,684.77,14381.1,100.29,143.4,0.699,False,,True,unattributed,20,evt_01-P01_desk_work_surface_0004,19491eed25ce2506,pose_hand_context,,56539.3,2.69,,1,01/e1/v1,rtmpose_baseline
corpus_01,01.Candidate was found using a mobile phone in the examination hall..mkv,b842b03e5784d867e93770560d88150a526250df69077cd3065edbbd4c842098,rf_detr_native,95620.0,unknown_object,0.3301,521.0,540.26,595.04,709.68,12544.2,74.04,169.42,0.437,False,,True,unattributed,26,evt_01-P01_upper_body_0008,48b9f50b0d190acd,pose_hand_context,,32826.2,3.53,,1,01/e1/v1,rtmpose_baseline
corpus_01,01.Candidate was found using a mobile phone in the examination hall..mkv,b842b03e5784d867e93770560d88150a526250df69077cd3065edbbd4c842098,rf_detr_native,95620.0,monitor_or_bezel,0.3268,521.0,540.26,595.04,709.68,12544.2,74.04,169.42,0.437,False,,True,unattributed,26,evt_01-P01_upper_body_0008,48b9f50b0d190acd,pose_hand_context,,32826.2,3.53,,1,01/e1/v1,rtmpose_baseline
corpus_01,01.Candidate was found using a mobile phone in the examination hall..mkv,b842b03e5784d867e93770560d88150a526250df69077cd3065edbbd4c842098,rf_detr_native,95620.0,bag,0.2588,521.0,540.26,595.04,709.68,12544.2,74.04,169.42,0.437,False,,True,unattributed,26,evt_01-P01_upper_body_0008,48b9f50b0d190acd,pose_hand_context,,32826.2,3.53,,1,01/e1/v1,rtmpose_baseline
corpus_01,01.Candidate was found using a mobile phone in the examination hall..mkv,b842b03e5784d867e93770560d88150a526250df69077cd3065edbbd4c842098,rf_detr_native,95620.0,unknown_object,0.2877,556.01,540.27,591.26,617.87,2735.2,35.25,77.6,0.454,False,,True,unattributed,20,evt_01-P01_upper_body_0008,c4a98c8f93f89b62,pose_hand_context,,42115.2,3.12,,1,01/e1/v1,rtmpose_baseline
corpus_01,01.Candidate was found using a mobile phone in the examination hall..mkv,b842b03e5784d867e93770560d88150a526250df69077cd3065edbbd4c842098,rf_detr_native,95660.0,unknown_object,0.4254,517.26,540.61,593.43,708.86,12814.8,76.17,168.25,0.453,False,,True,unattributed,26,evt_01-P04_desk_work_surface_0027,628c4b68dc11c3fc,pose_hand_context,,32666.9,3.54,,1,01/e1/v1,rtmpose_baseline
corpus_01,01.Candidate was found using a mobile phone in the examination hall..mkv,b842b03e5784d867e93770560d88150a526250df69077cd3065edbbd4c842098,rf_detr_native,95700.0,bag,0.3511,514.81,540.56,591.74,707.52,12844.2,76.93,166.95,0.461,False,,True,unattributed,26,evt_01-P05_desk_work_surface_0036,9fd3aca8051c8b02,pose_hand_context,,31584.4,3.6,,1,01/e1/v1,rtmpose_baseline
corpus_01,01.Candidate was found using a mobile phone in the examination hall..mkv,b842b03e5784d867e93770560d88150a526250df69077cd3065edbbd4c842098,rf_detr_native,95700.0,unknown_object,0.3021,514.81,540.56,591.74,707.52,12844.2,76.93,166.95,0.461,False,,True,unattributed,26,evt_01-P05_desk_work_surface_0036,9fd3aca8051c8b02,pose_hand_context,,31584.4,3.6,,1,01/e1/v1,rtmpose_baseline
corpus_01,01.Candidate was found using a mobile phone in the examination hall..mkv,b842b03e5784d867e93770560d88150a526250df69077cd3065edbbd4c842098,rf_detr_native,95740.0,unknown_object,0.2895,514.72,540.94,591.37,704.92,12568.8,76.65,163.98,0.467,False,,True,unattributed,26,evt_01-P05_upper_body_0039,4d2b2dc0bdd9275b,pose_hand_context,,30074.5,3.69,,1,01/e1/v1,rtmpose_baseline
corpus_01,01.Candidate was found using a mobile phone in the examination hall..mkv,b842b03e5784d867e93770560d88150a526250df69077cd3065edbbd4c842098,rf_detr_native,96100.0,unknown_object,0.4144,514.47,540.08,586.04,698.84,11362.7,71.57,158.76,0.451,False,,True,unattributed,26,evt_01-P01_desk_work_surface_0004,4d6072c5f99bf614,pose_hand_context,,31237.0,3.62,,1,01/e1/v1,rtmpose_baseline
corpus_01,01.Candidate was found using a mobile phone in the examination hall..mkv,b842b03e5784d867e93770560d88150a526250df69077cd3065edbbd4c842098,rf_detr_native,96620.0,unknown_object,0.5539,520.0,539.73,599.34,657.94,9378.9,79.34,118.21,0.671,False,,True,unattributed,26,evt_01-P01_upper_body_0008,c8248db94738d8ff,pose_hand_context,,30157.8,3.69,,1,01/e1/v1,rtmpose_baseline
corpus_01,01.Candidate was found using a mobile phone in the examination hall..mkv,b842b03e5784d867e93770560d88150a526250df69077cd3065edbbd4c842098,rf_detr_native,96620.0,unknown_object,0.3416,520.0,508.02,603.93,657.83,12573.1,83.93,149.81,0.56,False,,True,unattributed,26,evt_01-P01_upper_body_0008,c8248db94738d8ff,pose_hand_context,,30157.8,3.69,,1,01/e1/v1,rtmpose_baseline
corpus_01,01.Candidate was found using a mobile phone in the examination hall..mkv,b842b03e5784d867e93770560d88150a526250df69077cd3065edbbd4c842098,rf_detr_native,96660.0,unknown_object,0.4575,535.0,539.73,599.89,640.98,6569.8,64.89,101.25,0.641,False,,True,unattributed,26,evt_01-P04_desk_work_surface_0027,ac5bc3b3c54d377f,pose_hand_context,,21744.5,4.34,,1,01/e1/v1,rtmpose_baseline
corpus_01,01.Candidate was found using a mobile phone in the examination hall..mkv,b842b03e5784d867e93770560d88150a526250df69077cd3065edbbd4c842098,rf_detr_native,96660.0,unknown_object,0.3652,535.0,508.56,605.96,640.59,9369.5,70.96,132.03,0.537,False,,True,unattributed,26,evt_01-P04_desk_work_surface_0027,ac5bc3b3c54d377f,pose_hand_context,,21744.5,4.34,,1,01/e1/v1,rtmpose_baseline
corpus_01,01.Candidate was found using a mobile phone in the examination hall..mkv,b842b03e5784d867e93770560d88150a526250df69077cd3065edbbd4c842098,rf_detr_native,96700.0,unknown_object,0.3854,536.0,540.11,598.01,628.97,5509.8,62.01,88.86,0.698,False,,True,unattributed,26,evt_01-P05_desk_work_surface_0036,f3fa2b07d694c3c9,pose_hand_context,,20181.0,4.51,,1,01/e1/v1,rtmpose_baseline
corpus_01,01.Candidate was found using a mobile phone in the examination hall..mkv,b842b03e5784d867e93770560d88150a526250df69077cd3065edbbd4c842098,rf_detr_native,96700.0,unknown_object,0.3551,536.0,509.01,606.34,628.73,8420.7,70.34,119.72,0.588,False,,True,unattributed,26,evt_01-P05_desk_work_surface_0036,f3fa2b07d694c3c9,pose_hand_context,,20181.0,4.51,,1,01/e1/v1,rtmpose_baseline
corpus_01,01.Candidate was found using a mobile phone in the examination hall..mkv,b842b03e5784d867e93770560d88150a526250df69077cd3065edbbd4c842098,rf_detr_native,96740.0,unknown_object,0.4472,531.1,509.14,628.69,621.89,11003.8,97.59,112.75,0.866,False,,True,unattributed,26,evt_01-P05_upper_body_0039,eedd3f02ec035821,pose_hand_context,,22010.7,4.31,,1,01/e1/v1,rtmpose_baseline
corpus_01,01.Candidate was found using a mobile phone in the examination hall..mkv,b842b03e5784d867e93770560d88150a526250df69077cd3065edbbd4c842098,rf_detr_native,96740.0,unknown_object,0.3372,531.0,540.46,628.0,621.98,7907.0,97.0,81.52,1.19,False,,True,unattributed,26,evt_01-P05_upper_body_0039,eedd3f02ec035821,pose_hand_context,,22010.7,4.31,,1,01/e1/v1,rtmpose_baseline
corpus_01,01.Candidate was found using a mobile phone in the examination hall..mkv,b842b03e5784d867e93770560d88150a526250df69077cd3065edbbd4c842098,rf_detr_native,96740.0,unknown_object,0.2725,531.19,540.38,594.97,622.0,5206.4,63.79,81.62,0.782,False,,True,unattributed,26,evt_01-P05_upper_body_0039,eedd3f02ec035821,pose_hand_context,,22010.7,4.31,,1,01/e1/v1,rtmpose_baseline
corpus_01,01.Candidate was found using a mobile phone in the examination hall..mkv,b842b03e5784d867e93770560d88150a526250df69077cd3065edbbd4c842098,rf_detr_native,96740.0,unknown_object,0.2552,531.19,508.54,630.9,621.77,11290.9,99.72,113.23,0.881,False,,True,unattributed,26,evt_01-P05_upper_body_0039,eedd3f02ec035821,pose_hand_context,,22010.7,4.31,,1,01/e1/v1,rtmpose_baseline
corpus_01,01.Candidate was found using a mobile phone in the examination hall..mkv,b842b03e5784d867e93770560d88150a526250df69077cd3065edbbd4c842098,rf_detr_native,97100.0,unknown_object,0.6166,761.33,339.0,827.16,482.8,9465.9,65.83,143.8,0.458,False,,True,unattributed,20,evt_01-P01_desk_work_surface_0004,d386ade6d9124438,native_source_context_fallback,wrist_confidence_below_floor,72098.3,1.69,,1,01/e1/v1,rtmpose_baseline
corpus_01,01.Candidate was found using a mobile phone in the examination hall..mkv,b842b03e5784d867e93770560d88150a526250df69077cd3065edbbd4c842098,rf_detr_native,97100.0,unknown_object,0.3928,810.08,505.18,831.0,702.02,4117.8,20.92,196.84,0.106,False,,True,unattributed,20,evt_01-P01_desk_work_surface_0004,d386ade6d9124438,native_source_context_fallback,wrist_confidence_below_floor,72098.3,1.69,,1,01/e1/v1,rtmpose_baseline
corpus_01,01.Candidate was found using a mobile phone in the examination hall..mkv,b842b03e5784d867e93770560d88150a526250df69077cd3065edbbd4c842098,rf_detr_native,97100.0,unknown_object,0.289,640.0,546.51,669.41,622.03,2220.8,29.41,75.52,0.389,False,,True,unattributed,20,evt_01-P01_desk_work_surface_0004,d386ade6d9124438,native_source_context_fallback,wrist_confidence_below_floor,72098.3,1.69,,1,01/e1/v1,rtmpose_baseline
corpus_01,01.Candidate was found using a mobile phone in the examination hall..mkv,b842b03e5784d867e93770560d88150a526250df69077cd3065edbbd4c842098,rf_detr_native,97100.0,unknown_object,0.2574,640.05,474.03,669.81,621.95,4401.2,29.75,147.92,0.201,False,,True,unattributed,20,evt_01-P01_desk_work_surface_0004,d386ade6d9124438,native_source_context_fallback,wrist_confidence_below_floor,72098.3,1.69,,1,01/e1/v1,rtmpose_baseline
corpus_01,01.Candidate was found using a mobile phone in the examination hall..mkv,b842b03e5784d867e93770560d88150a526250df69077cd3065edbbd4c842098,rf_detr_native,97620.0,unknown_object,0.2518,642.0,419.41,685.7,570.83,6616.8,43.7,151.43,0.289,False,,True,unattributed,28,evt_01-P01_upper_body_0008,a787e1a036ae9505,native_source_context_fallback,wrist_confidence_below_floor,34442.6,2.15,,1,01/e1/v1,rtmpose_baseline
corpus_01,01.Candidate was found using a mobile phone in the examination hall..mkv,b842b03e5784d867e93770560d88150a526250df69077cd3065edbbd4c842098,rf_detr_native,97660.0,bag,0.26,643.01,416.13,686.44,570.52,6705.1,43.43,154.38,0.281,False,,True,unattributed,28,evt_01-P04_desk_work_surface_0027,3dede15876347b86,native_source_context_fallback,wrist_confidence_below_floor,34133.9,2.15,,1,01/e1/v1,rtmpose_baseline
corpus_01,01.Candidate was found using a mobile phone in the examination hall..mkv,b842b03e5784d867e93770560d88150a526250df69077cd3065edbbd4c842098,rf_detr_native,97660.0,mouse,0.4269,642.02,368.33,660.54,378.43,186.9,18.52,10.09,1.835,False,,True,unattributed,20,evt_01-P04_desk_work_surface_0027,72ee4af00e701c56,pose_hand_context,,30765.2,3.65,,1,01/e1/v1,rtmpose_baseline
corpus_01,01.Candidate was found using a mobile phone in the examination hall..mkv,b842b03e5784d867e93770560d88150a526250df69077cd3065edbbd4c842098,rf_detr_native,97660.0,bag,0.2634,642.14,405.44,686.46,529.0,5476.2,44.32,123.56,0.359,False,,True,unattributed,20,evt_01-P04_desk_work_surface_0027,72ee4af00e701c56,pose_hand_context,,30765.2,3.65,,1,01/e1/v1,rtmpose_baseline
corpus_01,01.Candidate was found using a mobile phone in the examination hall..mkv,b842b03e5784d867e93770560d88150a526250df69077cd3065edbbd4c842098,rf_detr_native,97700.0,mouse,0.3222,640.17,368.74,660.33,378.19,190.4,20.16,9.45,2.133,False,,True,unattributed,20,evt_01-P05_desk_work_surface_0036,5edd4160a12216b5,pose_hand_context,,30019.0,3.69,,1,01/e1/v1,rtmpose_baseline
corpus_01,01.Candidate was found using a mobile phone in the examination hall..mkv,b842b03e5784d867e93770560d88150a526250df69077cd3065edbbd4c842098,rf_detr_native,97700.0,unknown_object,0.3136,640.14,363.88,680.55,428.94,2629.0,40.41,65.06,0.621,False,,True,unattributed,20,evt_01-P05_desk_work_surface_0036,5edd4160a12216b5,pose_hand_context,,30019.0,3.69,,1,01/e1/v1,rtmpose_baseline
corpus_01,01.Candidate was found using a mobile phone in the examination hall..mkv,b842b03e5784d867e93770560d88150a526250df69077cd3065edbbd4c842098,rf_detr_native,97700.0,bag,0.395,645.0,414.85,686.56,539.03,5160.4,41.56,124.18,0.335,False,,True,unattributed,28,evt_01-P05_desk_work_surface_0036,d039c088a5263511,native_source_context_fallback,wrist_confidence_below_floor,33697.4,2.16,,1,01/e1/v1,rtmpose_baseline
corpus_01,01.Candidate was found using a mobile phone in the examination hall..mkv,b842b03e5784d867e93770560d88150a526250df69077cd3065edbbd4c842098,rf_detr_native,97700.0,bag,0.3404,645.05,413.99,686.61,571.08,6528.3,41.56,157.09,0.265,False,,True,unattributed,28,evt_01-P05_desk_work_surface_0036,d039c088a5263511,native_source_context_fallback,wrist_confidence_below_floor,33697.4,2.16,,1,01/e1/v1,rtmpose_baseline
corpus_01,01.Candidate was found using a mobile phone in the examination hall..mkv,b842b03e5784d867e93770560d88150a526250df69077cd3065edbbd4c842098,rf_detr_native,97740.0,mouse,0.4646,640.17,368.65,660.34,378.18,192.4,20.18,9.54,2.116,False,,True,unattributed,20,evt_01-P05_upper_body_0039,8b5a21bfa005a049,pose_hand_context,,28655.7,3.78,,1,01/e1/v1,rtmpose_baseline
corpus_01,01.Candidate was found using a mobile phone in the examination hall..mkv,b842b03e5784d867e93770560d88150a526250df69077cd3065edbbd4c842098,rf_detr_native,97740.0,unknown_object,0.3214,647.01,418.67,690.81,578.95,7019.3,43.79,160.28,0.273,False,,True,unattributed,28,evt_01-P05_upper_body_0039,bed6c0760f4b439b,native_source_context_fallback,wrist_confidence_below_floor,33069.7,2.17,,1,01/e1/v1,rtmpose_baseline
corpus_01,01.Candidate was found using a mobile phone in the examination hall..mkv,b842b03e5784d867e93770560d88150a526250df69077cd3065edbbd4c842098,rf_detr_native,98100.0,stationery,0.3384,630.06,368.73,660.68,378.88,310.6,30.61,10.15,3.017,False,,True,unattributed,20,evt_01-P01_desk_work_surface_0004,71abbb5fd0c7d14e,pose_hand_context,,33959.1,3.47,,1,01/e1/v1,rtmpose_baseline
corpus_01,01.Candidate was found using a mobile phone in the examination hall..mkv,b842b03e5784d867e93770560d88150a526250df69077cd3065edbbd4c842098,rf_detr_native,98620.0,mouse,0.3804,639.68,368.99,660.58,377.56,179.2,20.9,8.57,2.437,False,,True,unattributed,28,evt_01-P01_upper_body_0008,1daaddda17c52e86,pose_hand_context,,13174.4,5.58,,1,01/e1/v1,rtmpose_baseline
corpus_01,01.Candidate was found using a mobile phone in the examination hall..mkv,b842b03e5784d867e93770560d88150a526250df69077cd3065edbbd4c842098,rf_detr_native,98620.0,bag,0.3015,636.18,412.03,693.4,464.98,3030.3,57.22,52.96,1.08,False,,True,unattributed,28,evt_01-P01_upper_body_0008,1daaddda17c52e86,pose_hand_context,,13174.4,5.58,,1,01/e1/v1,rtmpose_baseline
corpus_01,01.Candidate was found using a mobile phone in the examination hall..mkv,b842b03e5784d867e93770560d88150a526250df69077cd3065edbbd4c842098,rf_detr_native,98620.0,bag,0.2608,611.02,411.95,693.32,464.93,4361.1,82.3,52.99,1.553,False,,True,unattributed,28,evt_01-P01_upper_body_0008,1daaddda17c52e86,pose_hand_context,,13174.4,5.58,,1,01/e1/v1,rtmpose_baseline
corpus_01,01.Candidate was found using a mobile phone in the examination hall..mkv,b842b03e5784d867e93770560d88150a526250df69077cd3065edbbd4c842098,rf_detr_native,98660.0,mouse,0.4661,639.9,369.05,660.3,377.82,178.9,20.4,8.77,2.326,False,,True,unattributed,28,evt_01-P04_desk_work_surface_0027,9661ef173ef7889b,pose_hand_context,,12895.9,5.64,,1,01/e1/v1,rtmpose_baseline
corpus_01,01.Candidate was found using a mobile phone in the examination hall..mkv,b842b03e5784d867e93770560d88150a526250df69077cd3065edbbd4c842098,rf_detr_native,98660.0,bag,0.325,636.22,411.27,693.9,464.93,3095.0,57.68,53.66,1.075,False,,True,unattributed,28,evt_01-P04_desk_work_surface_0027,9661ef173ef7889b,pose_hand_context,,12895.9,5.64,,1,01/e1/v1,rtmpose_baseline
corpus_01,01.Candidate was found using a mobile phone in the examination hall..mkv,b842b03e5784d867e93770560d88150a526250df69077cd3065edbbd4c842098,rf_detr_native,98700.0,unknown_object,0.2541,881.32,425.8,902.0,462.85,766.2,20.68,37.05,0.558,False,,True,unattributed,20,evt_01-P05_desk_work_surface_0036,2ad256169b21c7cc,pose_hand_context,,27086.6,3.89,,1,01/e1/v1,rtmpose_baseline
corpus_01,01.Candidate was found using a mobile phone in the examination hall..mkv,b842b03e5784d867e93770560d88150a526250df69077cd3065edbbd4c842098,rf_detr_native,98700.0,stationery,0.2903,612.46,368.71,660.61,380.69,576.8,48.16,11.98,4.021,False,,True,unattributed,28,evt_01-P05_desk_work_surface_0036,62b329a029b43dd8,pose_hand_context,,13815.7,5.44,,1,01/e1/v1,rtmpose_baseline
corpus_01,01.Candidate was found using a mobile phone in the examination hall..mkv,b842b03e5784d867e93770560d88150a526250df69077cd3065edbbd4c842098,rf_detr_native,98740.0,unknown_object,0.3401,767.74,334.03,809.82,451.76,4954.5,42.09,117.72,0.358,False,,True,unattributed,20,evt_01-P05_upper_body_0039,7f211520f099ef83,pose_hand_context,,23907.3,4.14,,1,01/e1/v1,rtmpose_baseline
corpus_01,01.Candidate was found using a mobile phone in the examination hall..mkv,b842b03e5784d867e93770560d88150a526250df69077cd3065edbbd4c842098,rf_detr_native,98740.0,stationery,0.4382,614.26,368.89,660.45,380.3,526.7,46.19,11.4,4.051,False,,True,unattributed,28,evt_01-P05_upper_body_0039,c8ae2ec04f460524,pose_hand_context,,14636.2,5.29,,1,01/e1/v1,rtmpose_baseline
corpus_01,01.Candidate was found using a mobile phone in the examination hall..mkv,b842b03e5784d867e93770560d88150a526250df69077cd3065edbbd4c842098,rf_detr_native,98860.0,stationery,0.3728,613.76,368.99,660.64,380.24,527.4,46.87,11.25,4.166,False,,True,unattributed,28,evt_01-P05_upper_body_0040,603f3bd911918cf4,pose_hand_context,,16739.2,4.95,,1,01/e1/v1,rtmpose_baseline
corpus_01,01.Candidate was found using a mobile phone in the examination hall..mkv,b842b03e5784d867e93770560d88150a526250df69077cd3065edbbd4c842098,rf_detr_native,98860.0,bag,0.34,632.37,412.92,695.12,478.71,4128.6,62.75,65.79,0.954,False,,True,unattributed,28,evt_01-P05_upper_body_0040,603f3bd911918cf4,pose_hand_context,,16739.2,4.95,,1,01/e1/v1,rtmpose_baseline
corpus_01,01.Candidate was found using a mobile phone in the examination hall..mkv,b842b03e5784d867e93770560d88150a526250df69077cd3065edbbd4c842098,rf_detr_native,98860.0,unknown_object,0.335,764.95,333.06,815.26,454.59,6114.2,50.31,121.53,0.414,False,,True,unattributed,20,evt_01-P05_upper_body_0040,ea31386b4e76177f,pose_hand_context,,23728.3,4.15,,1,01/e1/v1,rtmpose_baseline
corpus_01,01.Candidate was found using a mobile phone in the examination hall..mkv,b842b03e5784d867e93770560d88150a526250df69077cd3065edbbd4c842098,rf_detr_native,98860.0,unknown_object,0.2683,764.74,333.03,816.12,454.64,6248.3,51.38,121.61,0.422,False,,True,unattributed,20,evt_01-P05_upper_body_0040,ea31386b4e76177f,pose_hand_context,,23728.3,4.15,,1,01/e1/v1,rtmpose_baseline
corpus_01,01.Candidate was found using a mobile phone in the examination hall..mkv,b842b03e5784d867e93770560d88150a526250df69077cd3065edbbd4c842098,rf_detr_native,98860.0,unknown_object,0.2536,764.87,333.16,810.96,454.07,5574.1,46.1,120.92,0.381,False,,True,unattributed,20,evt_01-P05_upper_body_0040,ea31386b4e76177f,pose_hand_context,,23728.3,4.15,,1,01/e1/v1,rtmpose_baseline
corpus_01,01.Candidate was found using a mobile phone in the examination hall..mkv,b842b03e5784d867e93770560d88150a526250df69077cd3065edbbd4c842098,rf_detr_native,99100.0,unknown_object,0.3459,758.25,333.03,818.88,446.0,6849.4,60.63,112.97,0.537,False,,True,unattributed,20,evt_01-P01_desk_work_surface_0004,0e91edef3819197e,pose_hand_context,,21656.1,4.35,,1,01/e1/v1,rtmpose_baseline
corpus_01,01.Candidate was found using a mobile phone in the examination hall..mkv,b842b03e5784d867e93770560d88150a526250df69077cd3065edbbd4c842098,rf_detr_native,99100.0,unknown_object,0.3142,761.59,332.58,818.27,446.0,6428.4,56.68,113.42,0.5,False,,True,unattributed,20,evt_01-P01_desk_work_surface_0004,0e91edef3819197e,pose_hand_context,,21656.1,4.35,,1,01/e1/v1,rtmpose_baseline
corpus_01,01.Candidate was found using a mobile phone in the examination hall..mkv,b842b03e5784d867e93770560d88150a526250df69077cd3065edbbd4c842098,rf_detr_native,99100.0,stationery,0.6281,614.2,368.84,660.69,380.08,522.9,46.49,11.25,4.132,False,,True,unattributed,28,evt_01-P01_desk_work_surface_0004,52d0ea1a20c38507,pose_hand_context,,18873.3,4.66,,1,01/e1/v1,rtmpose_baseline
corpus_01,01.Candidate was found using a mobile phone in the examination hall..mkv,b842b03e5784d867e93770560d88150a526250df69077cd3065edbbd4c842098,rf_detr_native,99100.0,bag,0.3121,631.59,418.42,691.82,484.79,3997.0,60.22,66.37,0.907,False,,True,unattributed,28,evt_01-P01_desk_work_surface_0004,52d0ea1a20c38507,pose_hand_context,,18873.3,4.66,,1,01/e1/v1,rtmpose_baseline
corpus_01,01.Candidate was found using a mobile phone in the examination hall..mkv,b842b03e5784d867e93770560d88150a526250df69077cd3065edbbd4c842098,rf_detr_native,99620.0,mouse,0.4336,639.59,368.87,660.38,377.64,182.4,20.79,8.77,2.369,False,,True,unattributed,28,evt_01-P01_upper_body_0008,bc8ab0dbe37b921a,pose_hand_context,,18322.3,4.73,,1,01/e1/v1,rtmpose_baseline
corpus_01,01.Candidate was found using a mobile phone in the examination hall..mkv,b842b03e5784d867e93770560d88150a526250df69077cd3065edbbd4c842098,rf_detr_native,99620.0,bag,0.3335,634.23,420.07,684.95,471.85,2626.3,50.72,51.78,0.98,False,,True,unattributed,28,evt_01-P01_upper_body_0008,bc8ab0dbe37b921a,pose_hand_context,,18322.3,4.73,,1,01/e1/v1,rtmpose_baseline
corpus_01,01.Candidate was found using a mobile phone in the examination hall..mkv,b842b03e5784d867e93770560d88150a526250df69077cd3065edbbd4c842098,rf_detr_native,99660.0,stationery,0.3172,612.16,368.8,660.78,380.77,582.1,48.62,11.97,4.061,False,,True,unattributed,28,evt_01-P04_desk_work_surface_0027,e49a8e5089300fab,pose_hand_context,,17865.0,4.79,,1,01/e1/v1,rtmpose_baseline
corpus_01,01.Candidate was found using a mobile phone in the examination hall..mkv,b842b03e5784d867e93770560d88150a526250df69077cd3065edbbd4c842098,rf_detr_native,99660.0,mouse,0.3127,639.64,368.83,660.5,377.52,181.2,20.86,8.69,2.401,False,,True,unattributed,28,evt_01-P04_desk_work_surface_0027,e49a8e5089300fab,pose_hand_context,,17865.0,4.79,,1,01/e1/v1,rtmpose_baseline
corpus_01,01.Candidate was found using a mobile phone in the examination hall..mkv,b842b03e5784d867e93770560d88150a526250df69077cd3065edbbd4c842098,rf_detr_native,99660.0,bag,0.2858,634.18,419.93,684.94,471.87,2636.2,50.75,51.94,0.977,False,,True,unattributed,28,evt_01-P04_desk_work_surface_0027,e49a8e5089300fab,pose_hand_context,,17865.0,4.79,,1,01/e1/v1,rtmpose_baseline
corpus_01,01.Candidate was found using a mobile phone in the examination hall..mkv,b842b03e5784d867e93770560d88150a526250df69077cd3065edbbd4c842098,rf_detr_native,99700.0,stationery,0.2937,612.72,368.86,660.59,380.37,550.6,47.87,11.5,4.162,False,,True,unattributed,28,evt_01-P05_desk_work_surface_0036,8c1234d2ca999cd7,pose_hand_context,,18643.2,4.69,,1,01/e1/v1,rtmpose_baseline
corpus_01,01.Candidate was found using a mobile phone in the examination hall..mkv,b842b03e5784d867e93770560d88150a526250df69077cd3065edbbd4c842098,rf_detr_native,99700.0,bag,0.2806,634.17,420.07,685.4,471.86,2653.0,51.23,51.79,0.989,False,,True,unattributed,28,evt_01-P05_desk_work_surface_0036,8c1234d2ca999cd7,pose_hand_context,,18643.2,4.69,,1,01/e1/v1,rtmpose_baseline
corpus_01,01.Candidate was found using a mobile phone in the examination hall..mkv,b842b03e5784d867e93770560d88150a526250df69077cd3065edbbd4c842098,rf_detr_native,99740.0,stationery,0.3615,611.63,368.9,660.65,380.48,567.5,49.02,11.58,4.235,False,,True,unattributed,28,evt_01-P06_desk_work_surface_0044,0d98e1cd232f409e,pose_hand_context,,18517.8,4.7,,1,01/e1/v1,rtmpose_baseline
corpus_01,01.Candidate was found using a mobile phone in the examination hall..mkv,b842b03e5784d867e93770560d88150a526250df69077cd3065edbbd4c842098,rf_detr_native,99740.0,bag,0.3184,634.04,419.95,685.66,472.86,2731.3,51.62,52.91,0.976,False,,True,unattributed,28,evt_01-P06_desk_work_surface_0044,0d98e1cd232f409e,pose_hand_context,,18517.8,4.7,,1,01/e1/v1,rtmpose_baseline
corpus_01,01.Candidate was found using a mobile phone in the examination hall..mkv,b842b03e5784d867e93770560d88150a526250df69077cd3065edbbd4c842098,rf_detr_native,99860.0,phone,0.5666,778.0,352.68,792.46,368.29,225.8,14.46,15.61,0.927,False,,True,unattributed,20,evt_01-P05_upper_body_0040,00108bc942e1fb71,pose_hand_context,,2304.0,13.33,,1,01/e1/v1,rtmpose_baseline
corpus_01,01.Candidate was found using a mobile phone in the examination hall..mkv,b842b03e5784d867e93770560d88150a526250df69077cd3065edbbd4c842098,rf_detr_native,99860.0,bag,0.4348,633.15,420.27,685.8,473.8,2818.3,52.65,53.53,0.983,False,,True,unattributed,28,evt_01-P05_upper_body_0040,cfaa82d5b7c21689,pose_hand_context,,18414.5,4.72,,1,01/e1/v1,rtmpose_baseline
corpus_01,01.Candidate was found using a mobile phone in the examination hall..mkv,b842b03e5784d867e93770560d88150a526250df69077cd3065edbbd4c842098,rf_detr_native,99860.0,stationery,0.4099,611.84,368.71,660.84,380.81,593.2,49.0,12.1,4.048,False,,True,unattributed,28,evt_01-P05_upper_body_0040,cfaa82d5b7c21689,pose_hand_context,,18414.5,4.72,,1,01/e1/v1,rtmpose_baseline
corpus_01,01.Candidate was found using a mobile phone in the examination hall..mkv,b842b03e5784d867e93770560d88150a526250df69077cd3065edbbd4c842098,rf_detr_native,100100.0,mouse,0.4104,640.12,368.99,660.42,377.75,177.8,20.3,8.76,2.318,False,,True,unattributed,28,evt_01-P01_desk_work_surface_0004,25e5b3097983c9dc,pose_hand_context,,16225.7,5.02,,1,01/e1/v1,rtmpose_baseline
corpus_01,01.Candidate was found using a mobile phone in the examination hall..mkv,b842b03e5784d867e93770560d88150a526250df69077cd3065edbbd4c842098,rf_detr_native,100100.0,bag,0.287,634.27,420.49,687.5,470.84,2680.4,53.24,50.35,1.057,False,,True,unattributed,28,evt_01-P01_desk_work_surface_0004,25e5b3097983c9dc,pose_hand_context,,16225.7,5.02,,1,01/e1/v1,rtmpose_baseline
corpus_01,01.Candidate was found using a mobile phone in the examination hall..mkv,b842b03e5784d867e93770560d88150a526250df69077cd3065edbbd4c842098,rf_detr_native,100660.0,stationery,0.4428,614.36,369.0,660.37,380.07,509.0,46.01,11.06,4.159,False,,True,unattributed,28,evt_01-P04_desk_work_surface_0027,3de31b26b6a6eeab,pose_hand_context,,14762.2,5.27,,1,01/e1/v1,rtmpose_baseline
corpus_01,01.Candidate was found using a mobile phone in the examination hall..mkv,b842b03e5784d867e93770560d88150a526250df69077cd3065edbbd4c842098,rf_detr_native,100700.0,bag,0.3168,769.36,343.45,819.01,384.99,2062.1,49.65,41.54,1.195,False,,True,unattributed,20,evt_01-P05_desk_work_surface_0036,7d63985fbac96e6b,pose_hand_context,,11802.6,5.89,,1,01/e1/v1,rtmpose_baseline
corpus_01,01.Candidate was found using a mobile phone in the examination hall..mkv,b842b03e5784d867e93770560d88150a526250df69077cd3065edbbd4c842098,rf_detr_native,100700.0,stationery,0.3638,612.93,368.72,660.71,380.94,583.9,47.79,12.22,3.911,False,,True,unattributed,28,evt_01-P05_desk_work_surface_0036,a5590921a1a16148,pose_hand_context,,14023.3,5.4,,1,01/e1/v1,rtmpose_baseline
corpus_01,01.Candidate was found using a mobile phone in the examination hall..mkv,b842b03e5784d867e93770560d88150a526250df69077cd3065edbbd4c842098,rf_detr_native,100740.0,stationery,0.4498,614.13,368.99,660.96,381.17,570.6,46.84,12.18,3.845,False,,True,unattributed,28,evt_01-P06_desk_work_surface_0044,b99eda2b574343f9,pose_hand_context,,13665.6,5.47,,1,01/e1/v1,rtmpose_baseline
corpus_01,01.Candidate was found using a mobile phone in the examination hall..mkv,b842b03e5784d867e93770560d88150a526250df69077cd3065edbbd4c842098,rf_detr_native,100860.0,stationery,0.4898,612.19,368.91,660.84,381.41,608.2,48.65,12.5,3.891,False,,True,unattributed,28,evt_01-P05_upper_body_0040,b949c91847dfe8a9,pose_hand_context,,13609.6,5.49,,1,01/e1/v1,rtmpose_baseline
corpus_01,01.Candidate was found using a mobile phone in the examination hall..mkv,b842b03e5784d867e93770560d88150a526250df69077cd3065edbbd4c842098,rf_detr_native,100860.0,bag,0.3617,636.67,419.92,685.68,450.94,1520.6,49.01,31.02,1.58,False,,True,unattributed,28,evt_01-P05_upper_body_0040,b949c91847dfe8a9,pose_hand_context,,13609.6,5.49,,1,01/e1/v1,rtmpose_baseline
corpus_01,01.Candidate was found using a mobile phone in the examination hall..mkv,b842b03e5784d867e93770560d88150a526250df69077cd3065edbbd4c842098,rf_detr_native,100860.0,unknown_object,0.2923,812.8,271.0,851.0,376.0,4011.4,38.2,105.0,0.364,False,,True,unattributed,20,evt_01-P05_upper_body_0040,c051360ce2ae5ede,pose_hand_context,,10957.9,6.11,,1,01/e1/v1,rtmpose_baseline
corpus_01,01.Candidate was found using a mobile phone in the examination hall..mkv,b842b03e5784d867e93770560d88150a526250df69077cd3065edbbd4c842098,rf_detr_native,100860.0,unknown_object,0.2923,812.8,271.0,851.0,376.0,4011.4,38.2,105.0,0.364,False,,True,unattributed,29,evt_01-P05_upper_body_0040,c051360ce2ae5ede,pose_hand_context,,10957.9,6.11,,1,01/e1/v1,rtmpose_baseline
corpus_01,01.Candidate was found using a mobile phone in the examination hall..mkv,b842b03e5784d867e93770560d88150a526250df69077cd3065edbbd4c842098,rf_detr_native,101660.0,mouse,0.7514,639.4,371.02,660.06,380.03,186.1,20.65,9.01,2.292,False,,True,unattributed,28,evt_01-P04_desk_work_surface_0027,8e0afbc53f33d27d,pose_hand_context,,12135.2,5.81,,1,01/e1/v1,rtmpose_baseline
corpus_01,01.Candidate was found using a mobile phone in the examination hall..mkv,b842b03e5784d867e93770560d88150a526250df69077cd3065edbbd4c842098,rf_detr_native,101860.0,mouse,0.7194,639.67,370.95,659.92,379.89,181.1,20.25,8.94,2.265,False,,True,unattributed,28,evt_01-P05_upper_body_0040,871786400233c47b,pose_hand_context,,11833.1,5.88,,1,01/e1/v1,rtmpose_baseline
corpus_01,01.Candidate was found using a mobile phone in the examination hall..mkv,b842b03e5784d867e93770560d88150a526250df69077cd3065edbbd4c842098,rf_detr_native,102860.0,mouse,0.4156,638.85,370.99,659.52,379.35,172.8,20.67,8.36,2.473,False,,True,unattributed,28,evt_01-P05_upper_body_0040,2644df7a3a7dc854,pose_hand_context,,11754.9,5.9,,1,01/e1/v1,rtmpose_baseline
corpus_01,01.Candidate was found using a mobile phone in the examination hall..mkv,b842b03e5784d867e93770560d88150a526250df69077cd3065edbbd4c842098,rf_detr_sahi,53620.0,monitor_or_bezel,0.8662,979.32,582.34,1080.0,716.74,13531.7,100.68,134.4,0.749,False,,True,unattributed,1,evt_01-P01_desk_work_surface_0001,0471e78e41e1c3f2,native_source_context_fallback,no_pose_observation,54793.1,2.46,,1,01/e1/v1,
corpus_01,01.Candidate was found using a mobile phone in the examination hall..mkv,b842b03e5784d867e93770560d88150a526250df69077cd3065edbbd4c842098,rf_detr_sahi,53620.0,unknown_object,0.3944,882.02,456.0,931.9,598.53,7108.3,49.87,142.53,0.35,False,,True,unattributed,1,evt_01-P01_desk_work_surface_0001,0471e78e41e1c3f2,native_source_context_fallback,no_pose_observation,54793.1,2.46,,1,01/e1/v1,
corpus_01,01.Candidate was found using a mobile phone in the examination hall..mkv,b842b03e5784d867e93770560d88150a526250df69077cd3065edbbd4c842098,rf_detr_sahi,53620.0,unknown_object,0.2909,1009.0,581.46,1079.96,603.0,1528.5,70.96,21.54,3.294,False,,True,unattributed,1,evt_01-P01_desk_work_surface_0001,0471e78e41e1c3f2,native_source_context_fallback,no_pose_observation,54793.1,2.46,,1,01/e1/v1,
corpus_01,01.Candidate was found using a mobile phone in the examination hall..mkv,b842b03e5784d867e93770560d88150a526250df69077cd3065edbbd4c842098,rf_detr_sahi,53620.0,unknown_object,0.2799,870.0,530.68,894.63,699.51,4158.4,24.63,168.83,0.146,False,,True,unattributed,1,evt_01-P01_desk_work_surface_0001,0471e78e41e1c3f2,native_source_context_fallback,no_pose_observation,54793.1,2.46,,1,01/e1/v1,
corpus_01,01.Candidate was found using a mobile phone in the examination hall..mkv,b842b03e5784d867e93770560d88150a526250df69077cd3065edbbd4c842098,rf_detr_sahi,53620.0,bag,0.6949,650.0,406.12,693.4,538.03,5725.3,43.4,131.91,0.329,False,,True,unattributed,2,evt_01-P01_desk_work_surface_0001,d8856ff8f231780b,native_source_context_fallback,wrist_confidence_below_floor,24133.7,2.71,,1,01/e1/v1,rtmpose_baseline
corpus_01,01.Candidate was found using a mobile phone in the examination hall..mkv,b842b03e5784d867e93770560d88150a526250df69077cd3065edbbd4c842098,rf_detr_sahi,53620.0,unknown_object,0.6942,650.1,406.27,694.2,537.31,5779.3,44.1,131.04,0.337,False,,True,unattributed,2,evt_01-P01_desk_work_surface_0001,d8856ff8f231780b,native_source_context_fallback,wrist_confidence_below_floor,24133.7,2.71,,1,01/e1/v1,rtmpose_baseline
corpus_01,01.Candidate was found using a mobile phone in the examination hall..mkv,b842b03e5784d867e93770560d88150a526250df69077cd3065edbbd4c842098,rf_detr_sahi,53620.0,mouse,0.572,650.03,368.72,660.38,376.89,84.6,10.35,8.17,1.267,True,object footprint 85 px is under the 120 px floor for a call,False,unattributed,2,evt_01-P01_desk_work_surface_0001,d8856ff8f231780b,native_source_context_fallback,wrist_confidence_below_floor,24133.7,2.71,,1,01/e1/v1,rtmpose_baseline
corpus_01,01.Candidate was found using a mobile phone in the examination hall..mkv,b842b03e5784d867e93770560d88150a526250df69077cd3065edbbd4c842098,rf_detr_sahi,53620.0,unknown_object,0.4578,703.57,397.71,751.87,537.75,6764.2,48.3,140.04,0.345,False,,True,unattributed,2,evt_01-P01_desk_work_surface_0001,d8856ff8f231780b,native_source_context_fallback,wrist_confidence_below_floor,24133.7,2.71,,1,01/e1/v1,rtmpose_baseline
corpus_01,01.Candidate was found using a mobile phone in the examination hall..mkv,b842b03e5784d867e93770560d88150a526250df69077cd3065edbbd4c842098,rf_detr_sahi,53620.0,monitor_or_bezel,0.3676,650.0,406.12,693.4,538.03,5725.3,43.4,131.91,0.329,False,,True,unattributed,2,evt_01-P01_desk_work_surface_0001,d8856ff8f231780b,native_source_context_fallback,wrist_confidence_below_floor,24133.7,2.71,,1,01/e1/v1,rtmpose_baseline
corpus_01,01.Candidate was found using a mobile phone in the examination hall..mkv,b842b03e5784d867e93770560d88150a526250df69077cd3065edbbd4c842098,rf_detr_sahi,53620.0,monitor_or_bezel,0.3258,650.0,404.96,693.54,435.77,1341.2,43.54,30.8,1.413,False,,True,unattributed,2,evt_01-P01_desk_work_surface_0001,d8856ff8f231780b,native_source_context_fallback,wrist_confidence_below_floor,24133.7,2.71,,1,01/e1/v1,rtmpose_baseline
corpus_01,01.Candidate was found using a mobile phone in the examination hall..mkv,b842b03e5784d867e93770560d88150a526250df69077cd3065edbbd4c842098,rf_detr_sahi,53620.0,unknown_object,0.321,697.91,435.03,718.36,453.2,371.6,20.45,18.17,1.126,False,,True,unattributed,2,evt_01-P01_desk_work_surface_0001,d8856ff8f231780b,native_source_context_fallback,wrist_confidence_below_floor,24133.7,2.71,,1,01/e1/v1,rtmpose_baseline
corpus_01,01.Candidate was found using a mobile phone in the examination hall..mkv,b842b03e5784d867e93770560d88150a526250df69077cd3065edbbd4c842098,rf_detr_sahi,53620.0,unknown_object,0.2766,698.05,434.52,708.0,450.08,154.8,9.95,15.56,0.639,False,,True,unattributed,2,evt_01-P01_desk_work_surface_0001,d8856ff8f231780b,native_source_context_fallback,wrist_confidence_below_floor,24133.7,2.71,,1,01/e1/v1,rtmpose_baseline
corpus_01,01.Candidate was found using a mobile phone in the examination hall..mkv,b842b03e5784d867e93770560d88150a526250df69077cd3065edbbd4c842098,rf_detr_sahi,53620.0,unknown_object,0.2561,650.0,404.96,693.54,435.77,1341.2,43.54,30.8,1.413,False,,True,unattributed,2,evt_01-P01_desk_work_surface_0001,d8856ff8f231780b,native_source_context_fallback,wrist_confidence_below_floor,24133.7,2.71,,1,01/e1/v1,rtmpose_baseline
corpus_01,01.Candidate was found using a mobile phone in the examination hall..mkv,b842b03e5784d867e93770560d88150a526250df69077cd3065edbbd4c842098,rf_detr_sahi,53620.0,unknown_object,0.2561,695.03,406.0,743.94,486.44,3934.0,48.91,80.44,0.608,False,,True,unattributed,2,evt_01-P01_desk_work_surface_0001,d8856ff8f231780b,native_source_context_fallback,wrist_confidence_below_floor,24133.7,2.71,,1,01/e1/v1,rtmpose_baseline
corpus_01,01.Candidate was found using a mobile phone in the examination hall..mkv,b842b03e5784d867e93770560d88150a526250df69077cd3065edbbd4c842098,rf_detr_sahi,53620.0,stationery,0.2512,650.03,368.72,660.38,376.89,84.6,10.35,8.17,1.267,True,object footprint 85 px is under the 120 px floor for a call,False,unattributed,2,evt_01-P01_desk_work_surface_0001,d8856ff8f231780b,native_source_context_fallback,wrist_confidence_below_floor,24133.7,2.71,,1,01/e1/v1,rtmpose_baseline
corpus_01,01.Candidate was found using a mobile phone in the examination hall..mkv,b842b03e5784d867e93770560d88150a526250df69077cd3065edbbd4c842098,rf_detr_sahi,54140.0,bag,0.4369,652.06,384.27,709.0,487.8,5895.3,56.94,103.53,0.55,False,,True,unattributed,2,evt_01-P02_desk_work_surface_0009,6acb64a553686e50,native_source_context_fallback,wrist_confidence_below_floor,18669.3,3.45,,1,01/e1/v1,rtmpose_baseline
corpus_01,01.Candidate was found using a mobile phone in the examination hall..mkv,b842b03e5784d867e93770560d88150a526250df69077cd3065edbbd4c842098,rf_detr_sahi,54140.0,unknown_object,0.4345,652.02,365.77,670.4,399.84,626.2,18.38,34.07,0.539,False,,True,unattributed,2,evt_01-P02_desk_work_surface_0009,6acb64a553686e50,native_source_context_fallback,wrist_confidence_below_floor,18669.3,3.45,,1,01/e1/v1,rtmpose_baseline
corpus_01,01.Candidate was found using a mobile phone in the examination hall..mkv,b842b03e5784d867e93770560d88150a526250df69077cd3065edbbd4c842098,rf_detr_sahi,54140.0,unknown_object,0.4047,652.07,405.98,693.38,486.96,3345.5,41.31,80.99,0.51,False,,True,unattributed,2,evt_01-P02_desk_work_surface_0009,6acb64a553686e50,native_source_context_fallback,wrist_confidence_below_floor,18669.3,3.45,,1,01/e1/v1,rtmpose_baseline
corpus_01,01.Candidate was found using a mobile phone in the examination hall..mkv,b842b03e5784d867e93770560d88150a526250df69077cd3065edbbd4c842098,rf_detr_sahi,54140.0,unknown_object,0.3933,696.16,305.01,751.85,406.49,5651.8,55.69,101.48,0.549,False,,True,unattributed,2,evt_01-P02_desk_work_surface_0009,6acb64a553686e50,native_source_context_fallback,wrist_confidence_below_floor,18669.3,3.45,,1,01/e1/v1,rtmpose_baseline
corpus_01,01.Candidate was found using a mobile phone in the examination hall..mkv,b842b03e5784d867e93770560d88150a526250df69077cd3065edbbd4c842098,rf_detr_sahi,54140.0,unknown_object,0.3627,652.3,393.9,752.93,487.23,9391.8,100.63,93.33,1.078,False,,True,unattributed,2,evt_01-P02_desk_work_surface_0009,6acb64a553686e50,native_source_context_fallback,wrist_confidence_below_floor,18669.3,3.45,,1,01/e1/v1,rtmpose_baseline
corpus_01,01.Candidate was found using a mobile phone in the examination hall..mkv,b842b03e5784d867e93770560d88150a526250df69077cd3065edbbd4c842098,rf_detr_sahi,54140.0,insufficient_visual_evidence,0.0,37.37,690.22,85.37,720.0,1429.4,48.0,29.78,1.612,True,"native footprint 48x30 px is under the 32 px floor; magnifying it 13.3x adds interpolation, not detail",False,unattributed,3,evt_01-P02_desk_work_surface_0009,be24e28f5da403ec,pose_hand_context,,1429.4,13.33,,1,01/e1/v1,rtmpose_baseline
corpus_01,01.Candidate was found using a mobile phone in the examination hall..mkv,b842b03e5784d867e93770560d88150a526250df69077cd3065edbbd4c842098,rf_detr_sahi,54140.0,monitor_or_bezel,0.8366,979.8,585.2,1055.85,715.8,9931.8,76.05,130.6,0.582,False,,True,unattributed,1,evt_01-P02_desk_work_surface_0009,fc3f0b3b157f709b,native_source_context_fallback,wrist_confidence_below_floor,47546.7,2.47,,1,01/e1/v1,rtmpose_baseline
corpus_01,01.Candidate was found using a mobile phone in the examination hall..mkv,b842b03e5784d867e93770560d88150a526250df69077cd3065edbbd4c842098,rf_detr_sahi,54140.0,unknown_object,0.3633,925.65,457.0,1031.05,511.13,5705.3,105.4,54.13,1.947,False,,True,unattributed,1,evt_01-P02_desk_work_surface_0009,fc3f0b3b157f709b,native_source_context_fallback,wrist_confidence_below_floor,47546.7,2.47,,1,01/e1/v1,rtmpose_baseline
corpus_01,01.Candidate was found using a mobile phone in the examination hall..mkv,b842b03e5784d867e93770560d88150a526250df69077cd3065edbbd4c842098,rf_detr_sahi,54140.0,unknown_object,0.363,881.8,457.13,975.79,599.34,13366.1,93.98,142.22,0.661,False,,True,unattributed,1,evt_01-P02_desk_work_surface_0009,fc3f0b3b157f709b,native_source_context_fallback,wrist_confidence_below_floor,47546.7,2.47,,1,01/e1/v1,rtmpose_baseline
corpus_01,01.Candidate was found using a mobile phone in the examination hall..mkv,b842b03e5784d867e93770560d88150a526250df69077cd3065edbbd4c842098,rf_detr_sahi,54140.0,unknown_object,0.2801,872.01,538.3,895.13,683.44,3356.0,23.12,145.15,0.159,False,,True,unattributed,1,evt_01-P02_desk_work_surface_0009,fc3f0b3b157f709b,native_source_context_fallback,wrist_confidence_below_floor,47546.7,2.47,,1,01/e1/v1,rtmpose_baseline
corpus_01,01.Candidate was found using a mobile phone in the examination hall..mkv,b842b03e5784d867e93770560d88150a526250df69077cd3065edbbd4c842098,rf_detr_sahi,54620.0,unknown_object,0.7533,144.71,546.13,213.0,641.47,6511.0,68.29,95.34,0.716,False,,True,unattributed,4,evt_01-P01_desk_work_surface_0001,235afe13070ce83d,native_source_context_fallback,wrist_confidence_below_floor,22781.4,3.68,,1,01/e1/v1,rtmpose_baseline
corpus_01,01.Candidate was found using a mobile phone in the examination hall..mkv,b842b03e5784d867e93770560d88150a526250df69077cd3065edbbd4c842098,rf_detr_sahi,54620.0,unknown_object,0.4942,197.17,545.37,266.88,641.96,6732.5,69.71,96.58,0.722,False,,True,unattributed,4,evt_01-P01_desk_work_surface_0001,235afe13070ce83d,native_source_context_fallback,wrist_confidence_below_floor,22781.4,3.68,,1,01/e1/v1,rtmpose_baseline
corpus_01,01.Candidate was found using a mobile phone in the examination hall..mkv,b842b03e5784d867e93770560d88150a526250df69077cd3065edbbd4c842098,rf_detr_sahi,54620.0,phone,0.34,226.62,544.01,269.99,676.59,5751.0,43.38,132.58,0.327,False,,True,unattributed,4,evt_01-P01_desk_work_surface_0001,235afe13070ce83d,native_source_context_fallback,wrist_confidence_below_floor,22781.4,3.68,,1,01/e1/v1,rtmpose_baseline
corpus_01,01.Candidate was found using a mobile phone in the examination hall..mkv,b842b03e5784d867e93770560d88150a526250df69077cd3065edbbd4c842098,rf_detr_sahi,54620.0,unknown_object,0.3308,139.0,620.0,212.97,717.96,7246.7,73.97,97.96,0.755,False,,True,unattributed,4,evt_01-P01_desk_work_surface_0001,235afe13070ce83d,native_source_context_fallback,wrist_confidence_below_floor,22781.4,3.68,,1,01/e1/v1,rtmpose_baseline
corpus_01,01.Candidate was found using a mobile phone in the examination hall..mkv,b842b03e5784d867e93770560d88150a526250df69077cd3065edbbd4c842098,rf_detr_sahi,54620.0,monitor_or_bezel,0.2791,197.21,544.0,270.0,641.97,7131.2,72.79,97.97,0.743,False,,True,unattributed,4,evt_01-P01_desk_work_surface_0001,235afe13070ce83d,native_source_context_fallback,wrist_confidence_below_floor,22781.4,3.68,,1,01/e1/v1,rtmpose_baseline
corpus_01,01.Candidate was found using a mobile phone in the examination hall..mkv,b842b03e5784d867e93770560d88150a526250df69077cd3065edbbd4c842098,rf_detr_sahi,54620.0,monitor_or_bezel,0.9143,979.71,581.49,1080.0,713.79,13268.4,100.29,132.3,0.758,False,,True,unattributed,1,evt_01-P01_desk_work_surface_0001,25fa009d93035fc2,native_source_context_fallback,wrist_confidence_below_floor,51439.2,2.49,,1,01/e1/v1,rtmpose_baseline
corpus_01,01.Candidate was found using a mobile phone in the examination hall..mkv,b842b03e5784d867e93770560d88150a526250df69077cd3065edbbd4c842098,rf_detr_sahi,54620.0,phone,0.4565,1035.43,561.58,1079.95,590.2,1274.1,44.52,28.62,1.556,False,,True,unattributed,1,evt_01-P01_desk_work_surface_0001,25fa009d93035fc2,native_source_context_fallback,wrist_confidence_below_floor,51439.2,2.49,,1,01/e1/v1,rtmpose_baseline
corpus_01,01.Candidate was found using a mobile phone in the examination hall..mkv,b842b03e5784d867e93770560d88150a526250df69077cd3065edbbd4c842098,rf_detr_sahi,54620.0,unknown_object,0.3458,1027.72,569.0,1080.0,600.05,1623.0,52.28,31.05,1.684,False,,True,unattributed,1,evt_01-P01_desk_work_surface_0001,25fa009d93035fc2,native_source_context_fallback,wrist_confidence_below_floor,51439.2,2.49,,1,01/e1/v1,rtmpose_baseline
corpus_01,01.Candidate was found using a mobile phone in the examination hall..mkv,b842b03e5784d867e93770560d88150a526250df69077cd3065edbbd4c842098,rf_detr_sahi,54620.0,unknown_object,0.342,882.42,457.0,932.38,599.52,7121.0,49.96,142.52,0.351,False,,True,unattributed,1,evt_01-P01_desk_work_surface_0001,25fa009d93035fc2,native_source_context_fallback,wrist_confidence_below_floor,51439.2,2.49,,1,01/e1/v1,rtmpose_baseline
corpus_01,01.Candidate was found using a mobile phone in the examination hall..mkv,b842b03e5784d867e93770560d88150a526250df69077cd3065edbbd4c842098,rf_detr_sahi,54620.0,unknown_object,0.3017,1001.21,564.24,1012.64,600.93,419.4,11.43,36.69,0.312,False,,True,unattributed,1,evt_01-P01_desk_work_surface_0001,25fa009d93035fc2,native_source_context_fallback,wrist_confidence_below_floor,51439.2,2.49,,1,01/e1/v1,rtmpose_baseline
corpus_01,01.Candidate was found using a mobile phone in the examination hall..mkv,b842b03e5784d867e93770560d88150a526250df69077cd3065edbbd4c842098,rf_detr_sahi,54620.0,bag,0.2572,912.7,508.69,992.0,601.0,7320.5,79.3,92.31,0.859,False,,True,unattributed,1,evt_01-P01_desk_work_surface_0001,25fa009d93035fc2,native_source_context_fallback,wrist_confidence_below_floor,51439.2,2.49,,1,01/e1/v1,rtmpose_baseline
corpus_01,01.Candidate was found using a mobile phone in the examination hall..mkv,b842b03e5784d867e93770560d88150a526250df69077cd3065edbbd4c842098,rf_detr_sahi,54620.0,unknown_object,0.2565,1045.4,557.63,1080.0,563.59,206.1,34.6,5.96,5.808,False,,True,unattributed,1,evt_01-P01_desk_work_surface_0001,25fa009d93035fc2,native_source_context_fallback,wrist_confidence_below_floor,51439.2,2.49,,1,01/e1/v1,rtmpose_baseline
corpus_01,01.Candidate was found using a mobile phone in the examination hall..mkv,b842b03e5784d867e93770560d88150a526250df69077cd3065edbbd4c842098,rf_detr_sahi,54620.0,unknown_object,0.6294,656.05,405.36,694.79,532.54,4927.1,38.74,127.18,0.305,False,,True,unattributed,2,evt_01-P01_desk_work_surface_0001,e66c33d77dda99c7,native_source_context_fallback,wrist_confidence_below_floor,21896.8,2.76,,1,01/e1/v1,rtmpose_baseline
corpus_01,01.Candidate was found using a mobile phone in the examination hall..mkv,b842b03e5784d867e93770560d88150a526250df69077cd3065edbbd4c842098,rf_detr_sahi,54620.0,unknown_object,0.5945,698.0,304.12,743.51,432.39,5838.2,45.51,128.28,0.355,False,,True,unattributed,2,evt_01-P01_desk_work_surface_0001,e66c33d77dda99c7,native_source_context_fallback,wrist_confidence_below_floor,21896.8,2.76,,1,01/e1/v1,rtmpose_baseline
corpus_01,01.Candidate was found using a mobile phone in the examination hall..mkv,b842b03e5784d867e93770560d88150a526250df69077cd3065edbbd4c842098,rf_detr_sahi,54620.0,monitor_or_bezel,0.561,656.0,404.1,693.74,533.36,4878.4,37.74,129.26,0.292,False,,True,unattributed,2,evt_01-P01_desk_work_surface_0001,e66c33d77dda99c7,native_source_context_fallback,wrist_confidence_below_floor,21896.8,2.76,,1,01/e1/v1,rtmpose_baseline
corpus_01,01.Candidate was found using a mobile phone in the examination hall..mkv,b842b03e5784d867e93770560d88150a526250df69077cd3065edbbd4c842098,rf_detr_sahi,54620.0,unknown_object,0.3929,697.54,395.19,750.84,533.17,7354.2,53.3,137.98,0.386,False,,True,unattributed,2,evt_01-P01_desk_work_surface_0001,e66c33d77dda99c7,native_source_context_fallback,wrist_confidence_below_floor,21896.8,2.76,,1,01/e1/v1,rtmpose_baseline
corpus_01,01.Candidate was found using a mobile phone in the examination hall..mkv,b842b03e5784d867e93770560d88150a526250df69077cd3065edbbd4c842098,rf_detr_sahi,54660.0,monitor_or_bezel,0.8113,274.04,638.0,334.95,719.88,4987.5,60.91,81.88,0.744,False,,True,unattributed,4,evt_01-P02_upper_body_0011,86e583386632d89f,pose_hand_context,,8840.3,5.93,,1,01/e1/v1,rtmpose_baseline
corpus_01,01.Candidate was found using a mobile phone in the examination hall..mkv,b842b03e5784d867e93770560d88150a526250df69077cd3065edbbd4c842098,rf_detr_sahi,54660.0,unknown_object,0.77,274.01,673.0,298.05,719.94,1128.5,24.04,46.94,0.512,False,,True,unattributed,4,evt_01-P02_upper_body_0011,86e583386632d89f,pose_hand_context,,8840.3,5.93,,1,01/e1/v1,rtmpose_baseline
corpus_01,01.Candidate was found using a mobile phone in the examination hall..mkv,b842b03e5784d867e93770560d88150a526250df69077cd3065edbbd4c842098,rf_detr_sahi,54660.0,monitor_or_bezel,0.4475,274.04,638.0,310.39,684.0,1672.2,36.35,46.0,0.79,False,,True,unattributed,4,evt_01-P02_upper_body_0011,86e583386632d89f,pose_hand_context,,8840.3,5.93,,1,01/e1/v1,rtmpose_baseline
corpus_01,01.Candidate was found using a mobile phone in the examination hall..mkv,b842b03e5784d867e93770560d88150a526250df69077cd3065edbbd4c842098,rf_detr_sahi,54660.0,phone,0.3311,274.04,638.0,310.39,684.0,1672.2,36.35,46.0,0.79,False,,True,unattributed,4,evt_01-P02_upper_body_0011,86e583386632d89f,pose_hand_context,,8840.3,5.93,,1,01/e1/v1,rtmpose_baseline
corpus_01,01.Candidate was found using a mobile phone in the examination hall..mkv,b842b03e5784d867e93770560d88150a526250df69077cd3065edbbd4c842098,rf_detr_sahi,54660.0,unknown_object,0.2788,227.21,638.0,304.02,719.85,6286.7,76.81,81.85,0.938,False,,True,unattributed,4,evt_01-P02_upper_body_0011,86e583386632d89f,pose_hand_context,,8840.3,5.93,,1,01/e1/v1,rtmpose_baseline
corpus_01,01.Candidate was found using a mobile phone in the examination hall..mkv,b842b03e5784d867e93770560d88150a526250df69077cd3065edbbd4c842098,rf_detr_sahi,54660.0,unknown_object,0.2695,273.58,673.02,288.0,687.82,213.4,14.42,14.8,0.975,False,,True,unattributed,4,evt_01-P02_upper_body_0011,86e583386632d89f,pose_hand_context,,8840.3,5.93,,1,01/e1/v1,rtmpose_baseline
corpus_01,01.Candidate was found using a mobile phone in the examination hall..mkv,b842b03e5784d867e93770560d88150a526250df69077cd3065edbbd4c842098,rf_detr_sahi,54660.0,mouse,0.2666,274.04,638.0,310.39,684.0,1672.2,36.35,46.0,0.79,False,,True,unattributed,4,evt_01-P02_upper_body_0011,86e583386632d89f,pose_hand_context,,8840.3,5.93,,1,01/e1/v1,rtmpose_baseline
corpus_01,01.Candidate was found using a mobile phone in the examination hall..mkv,b842b03e5784d867e93770560d88150a526250df69077cd3065edbbd4c842098,rf_detr_sahi,54660.0,unknown_object,0.7277,656.04,405.31,694.56,536.58,5056.4,38.52,131.27,0.293,False,,True,unattributed,2,evt_01-P02_upper_body_0011,aa0027717c6c2df5,native_source_context_fallback,wrist_confidence_below_floor,22296.6,2.72,,1,01/e1/v1,rtmpose_baseline
corpus_01,01.Candidate was found using a mobile phone in the examination hall..mkv,b842b03e5784d867e93770560d88150a526250df69077cd3065edbbd4c842098,rf_detr_sahi,54660.0,unknown_object,0.5036,698.02,304.36,743.9,434.38,5964.0,45.87,130.02,0.353,False,,True,unattributed,2,evt_01-P02_upper_body_0011,aa0027717c6c2df5,native_source_context_fallback,wrist_confidence_below_floor,22296.6,2.72,,1,01/e1/v1,rtmpose_baseline
corpus_01,01.Candidate was found using a mobile phone in the examination hall..mkv,b842b03e5784d867e93770560d88150a526250df69077cd3065edbbd4c842098,rf_detr_sahi,54660.0,unknown_object,0.4487,702.25,393.83,750.92,536.95,6965.2,48.67,143.12,0.34,False,,True,unattributed,2,evt_01-P02_upper_body_0011,aa0027717c6c2df5,native_source_context_fallback,wrist_confidence_below_floor,22296.6,2.72,,1,01/e1/v1,rtmpose_baseline
corpus_01,01.Candidate was found using a mobile phone in the examination hall..mkv,b842b03e5784d867e93770560d88150a526250df69077cd3065edbbd4c842098,rf_detr_sahi,54660.0,monitor_or_bezel,0.343,656.0,405.03,694.13,537.74,5060.5,38.13,132.7,0.287,False,,True,unattributed,2,evt_01-P02_upper_body_0011,aa0027717c6c2df5,native_source_context_fallback,wrist_confidence_below_floor,22296.6,2.72,,1,01/e1/v1,rtmpose_baseline
corpus_01,01.Candidate was found using a mobile phone in the examination hall..mkv,b842b03e5784d867e93770560d88150a526250df69077cd3065edbbd4c842098,rf_detr_sahi,54660.0,monitor_or_bezel,0.738,979.45,582.33,1078.95,710.79,12780.9,99.49,128.46,0.775,False,,True,unattributed,1,evt_01-P02_upper_body_0011,c5ce92da05307051,native_source_context_fallback,wrist_confidence_below_floor,50038.4,2.52,,1,01/e1/v1,rtmpose_baseline
corpus_01,01.Candidate was found using a mobile phone in the examination hall..mkv,b842b03e5784d867e93770560d88150a526250df69077cd3065edbbd4c842098,rf_detr_sahi,54660.0,phone,0.6673,1034.62,561.92,1079.0,591.84,1328.0,44.38,29.92,1.483,False,,True,unattributed,1,evt_01-P02_upper_body_0011,c5ce92da05307051,native_source_context_fallback,wrist_confidence_below_floor,50038.4,2.52,,1,01/e1/v1,rtmpose_baseline
corpus_01,01.Candidate was found using a mobile phone in the examination hall..mkv,b842b03e5784d867e93770560d88150a526250df69077cd3065edbbd4c842098,rf_detr_sahi,54660.0,unknown_object,0.4933,1028.02,562.41,1079.0,599.32,1881.6,50.98,36.91,1.381,False,,True,unattributed,1,evt_01-P02_upper_body_0011,c5ce92da05307051,native_source_context_fallback,wrist_confidence_below_floor,50038.4,2.52,,1,01/e1/v1,rtmpose_baseline
corpus_01,01.Candidate was found using a mobile phone in the examination hall..mkv,b842b03e5784d867e93770560d88150a526250df69077cd3065edbbd4c842098,rf_detr_sahi,54660.0,unknown_object,0.3387,882.2,457.28,932.73,597.99,7109.1,50.52,140.71,0.359,False,,True,unattributed,1,evt_01-P02_upper_body_0011,c5ce92da05307051,native_source_context_fallback,wrist_confidence_below_floor,50038.4,2.52,,1,01/e1/v1,rtmpose_baseline
corpus_01,01.Candidate was found using a mobile phone in the examination hall..mkv,b842b03e5784d867e93770560d88150a526250df69077cd3065edbbd4c842098,rf_detr_sahi,54660.0,unknown_object,0.3109,924.88,457.0,1030.76,512.96,5925.7,105.88,55.96,1.892,False,,True,unattributed,1,evt_01-P02_upper_body_0011,c5ce92da05307051,native_source_context_fallback,wrist_confidence_below_floor,50038.4,2.52,,1,01/e1/v1,rtmpose_baseline
corpus_01,01.Candidate was found using a mobile phone in the examination hall..mkv,b842b03e5784d867e93770560d88150a526250df69077cd3065edbbd4c842098,rf_detr_sahi,54660.0,bag,0.2956,910.89,508.84,992.0,600.0,7393.6,81.11,91.16,0.89,False,,True,unattributed,1,evt_01-P02_upper_body_0011,c5ce92da05307051,native_source_context_fallback,wrist_confidence_below_floor,50038.4,2.52,,1,01/e1/v1,rtmpose_baseline
corpus_01,01.Candidate was found using a mobile phone in the examination hall..mkv,b842b03e5784d867e93770560d88150a526250df69077cd3065edbbd4c842098,rf_detr_sahi,54660.0,unknown_object,0.2806,882.05,457.02,1004.48,599.6,17457.5,122.44,142.58,0.859,False,,True,unattributed,1,evt_01-P02_upper_body_0011,c5ce92da05307051,native_source_context_fallback,wrist_confidence_below_floor,50038.4,2.52,,1,01/e1/v1,rtmpose_baseline
corpus_01,01.Candidate was found using a mobile phone in the examination hall..mkv,b842b03e5784d867e93770560d88150a526250df69077cd3065edbbd4c842098,rf_detr_sahi,54660.0,unknown_object,0.2566,881.0,562.73,895.02,651.71,1247.8,14.02,88.97,0.158,False,,True,unattributed,1,evt_01-P02_upper_body_0011,c5ce92da05307051,native_source_context_fallback,wrist_confidence_below_floor,50038.4,2.52,,1,01/e1/v1,rtmpose_baseline
corpus_01,01.Candidate was found using a mobile phone in the examination hall..mkv,b842b03e5784d867e93770560d88150a526250df69077cd3065edbbd4c842098,rf_detr_sahi,55140.0,monitor_or_bezel,0.7504,980.04,585.72,1058.95,701.25,9116.1,78.91,115.53,0.683,False,,True,unattributed,1,evt_01-P02_desk_work_surface_0009,8c7b05a129d12f2d,native_source_context_fallback,wrist_confidence_below_floor,42156.9,2.62,,1,01/e1/v1,rtmpose_baseline
corpus_01,01.Candidate was found using a mobile phone in the examination hall..mkv,b842b03e5784d867e93770560d88150a526250df69077cd3065edbbd4c842098,rf_detr_sahi,55140.0,unknown_object,0.3585,887.0,458.13,932.74,599.42,6462.9,45.74,141.29,0.324,False,,True,unattributed,1,evt_01-P02_desk_work_surface_0009,8c7b05a129d12f2d,native_source_context_fallback,wrist_confidence_below_floor,42156.9,2.62,,1,01/e1/v1,rtmpose_baseline
corpus_01,01.Candidate was found using a mobile phone in the examination hall..mkv,b842b03e5784d867e93770560d88150a526250df69077cd3065edbbd4c842098,rf_detr_sahi,55140.0,unknown_object,0.301,924.77,458.0,1034.81,512.59,6007.0,110.05,54.59,2.016,False,,True,unattributed,1,evt_01-P02_desk_work_surface_0009,8c7b05a129d12f2d,native_source_context_fallback,wrist_confidence_below_floor,42156.9,2.62,,1,01/e1/v1,rtmpose_baseline
corpus_01,01.Candidate was found using a mobile phone in the examination hall..mkv,b842b03e5784d867e93770560d88150a526250df69077cd3065edbbd4c842098,rf_detr_sahi,55140.0,bag,0.278,887.33,565.06,984.0,701.46,13186.2,96.67,136.41,0.709,False,,True,unattributed,1,evt_01-P02_desk_work_surface_0009,8c7b05a129d12f2d,native_source_context_fallback,wrist_confidence_below_floor,42156.9,2.62,,1,01/e1/v1,rtmpose_baseline
corpus_01,01.Candidate was found using a mobile phone in the examination hall..mkv,b842b03e5784d867e93770560d88150a526250df69077cd3065edbbd4c842098,rf_detr_sahi,55140.0,mouse,0.7016,413.4,515.2,429.31,529.89,233.6,15.9,14.69,1.083,False,,True,unattributed,4,evt_01-P02_desk_work_surface_0009,c382bf27a410069c,native_source_context_fallback,wrist_confidence_below_floor,49951.3,2.6,,1,01/e1/v1,rtmpose_baseline
corpus_01,01.Candidate was found using a mobile phone in the examination hall..mkv,b842b03e5784d867e93770560d88150a526250df69077cd3065edbbd4c842098,rf_detr_sahi,55140.0,unknown_object,0.5417,394.18,578.07,508.0,716.53,15760.0,113.82,138.46,0.822,False,,True,unattributed,4,evt_01-P02_desk_work_surface_0009,c382bf27a410069c,native_source_context_fallback,wrist_confidence_below_floor,49951.3,2.6,,1,01/e1/v1,rtmpose_baseline
corpus_01,01.Candidate was found using a mobile phone in the examination hall..mkv,b842b03e5784d867e93770560d88150a526250df69077cd3065edbbd4c842098,rf_detr_sahi,55140.0,monitor_or_bezel,0.5108,394.01,471.21,421.76,526.83,1543.1,27.74,55.62,0.499,False,,True,unattributed,4,evt_01-P02_desk_work_surface_0009,c382bf27a410069c,native_source_context_fallback,wrist_confidence_below_floor,49951.3,2.6,,1,01/e1/v1,rtmpose_baseline
corpus_01,01.Candidate was found using a mobile phone in the examination hall..mkv,b842b03e5784d867e93770560d88150a526250df69077cd3065edbbd4c842098,rf_detr_sahi,55140.0,keyboard,0.3719,394.04,683.71,428.8,716.9,1153.8,34.76,33.19,1.047,False,,True,unattributed,4,evt_01-P02_desk_work_surface_0009,c382bf27a410069c,native_source_context_fallback,wrist_confidence_below_floor,49951.3,2.6,,1,01/e1/v1,rtmpose_baseline
corpus_01,01.Candidate was found using a mobile phone in the examination hall..mkv,b842b03e5784d867e93770560d88150a526250df69077cd3065edbbd4c842098,rf_detr_sahi,55140.0,unknown_object,0.3672,483.32,472.88,585.81,608.64,13913.6,102.49,135.76,0.755,False,,True,unattributed,4,evt_01-P02_desk_work_surface_0009,c382bf27a410069c,native_source_context_fallback,wrist_confidence_below_floor,49951.3,2.6,,1,01/e1/v1,rtmpose_baseline
corpus_01,01.Candidate was found using a mobile phone in the examination hall..mkv,b842b03e5784d867e93770560d88150a526250df69077cd3065edbbd4c842098,rf_detr_sahi,55620.0,unknown_object,0.3559,771.25,590.0,865.0,719.88,12175.9,93.75,129.88,0.722,False,,True,unattributed,4,evt_01-P01_desk_work_surface_0001,00494f6f7d030de8,pose_hand_context,,25659.6,3.23,,1,01/e1/v1,rtmpose_baseline
corpus_01,01.Candidate was found using a mobile phone in the examination hall..mkv,b842b03e5784d867e93770560d88150a526250df69077cd3065edbbd4c842098,rf_detr_sahi,55620.0,monitor_or_bezel,0.5452,980.48,585.12,1059.91,695.59,8774.1,79.43,110.46,0.719,False,,True,unattributed,1,evt_01-P01_desk_work_surface_0001,85ed2f58dac0cb02,native_source_context_fallback,wrist_confidence_below_floor,40377.8,2.67,,1,01/e1/v1,rtmpose_baseline
corpus_01,01.Candidate was found using a mobile phone in the examination hall..mkv,b842b03e5784d867e93770560d88150a526250df69077cd3065edbbd4c842098,rf_detr_sahi,55620.0,unknown_object,0.3683,925.64,456.0,1032.91,515.92,6427.4,107.27,59.92,1.79,False,,True,unattributed,1,evt_01-P01_desk_work_surface_0001,85ed2f58dac0cb02,native_source_context_fallback,wrist_confidence_below_floor,40377.8,2.67,,1,01/e1/v1,rtmpose_baseline
corpus_01,01.Candidate was found using a mobile phone in the examination hall..mkv,b842b03e5784d867e93770560d88150a526250df69077cd3065edbbd4c842098,rf_detr_sahi,55620.0,unknown_object,0.3576,891.12,456.0,986.0,590.87,12796.1,94.88,134.87,0.703,False,,True,unattributed,1,evt_01-P01_desk_work_surface_0001,85ed2f58dac0cb02,native_source_context_fallback,wrist_confidence_below_floor,40377.8,2.67,,1,01/e1/v1,rtmpose_baseline
corpus_01,01.Candidate was found using a mobile phone in the examination hall..mkv,b842b03e5784d867e93770560d88150a526250df69077cd3065edbbd4c842098,rf_detr_sahi,55620.0,unknown_object,0.2696,980.48,585.12,1059.91,695.59,8774.1,79.43,110.46,0.719,False,,True,unattributed,1,evt_01-P01_desk_work_surface_0001,85ed2f58dac0cb02,native_source_context_fallback,wrist_confidence_below_floor,40377.8,2.67,,1,01/e1/v1,rtmpose_baseline
corpus_01,01.Candidate was found using a mobile phone in the examination hall..mkv,b842b03e5784d867e93770560d88150a526250df69077cd3065edbbd4c842098,rf_detr_sahi,55660.0,bag,0.6835,653.0,405.88,693.56,484.92,3206.4,40.56,79.05,0.513,False,,True,unattributed,2,evt_01-P02_upper_body_0011,14c04e253527aee7,native_source_context_fallback,wrist_confidence_below_floor,16381.1,3.5,,1,01/e1/v1,rtmpose_baseline
corpus_01,01.Candidate was found using a mobile phone in the examination hall..mkv,b842b03e5784d867e93770560d88150a526250df69077cd3065edbbd4c842098,rf_detr_sahi,55660.0,phone,0.4291,653.03,368.78,660.35,377.05,60.5,7.31,8.28,0.884,True,object footprint 61 px is under the 120 px floor for a call,False,unattributed,2,evt_01-P02_upper_body_0011,14c04e253527aee7,native_source_context_fallback,wrist_confidence_below_floor,16381.1,3.5,,1,01/e1/v1,rtmpose_baseline
corpus_01,01.Candidate was found using a mobile phone in the examination hall..mkv,b842b03e5784d867e93770560d88150a526250df69077cd3065edbbd4c842098,rf_detr_sahi,55660.0,unknown_object,0.3724,692.46,382.09,722.27,441.77,1779.0,29.81,59.68,0.499,False,,True,unattributed,2,evt_01-P02_upper_body_0011,14c04e253527aee7,native_source_context_fallback,wrist_confidence_below_floor,16381.1,3.5,,1,01/e1/v1,rtmpose_baseline
corpus_01,01.Candidate was found using a mobile phone in the examination hall..mkv,b842b03e5784d867e93770560d88150a526250df69077cd3065edbbd4c842098,rf_detr_sahi,55660.0,unknown_object,0.3438,653.08,365.97,671.58,398.44,600.8,18.5,32.47,0.57,False,,True,unattributed,2,evt_01-P02_upper_body_0011,14c04e253527aee7,native_source_context_fallback,wrist_confidence_below_floor,16381.1,3.5,,1,01/e1/v1,rtmpose_baseline
corpus_01,01.Candidate was found using a mobile phone in the examination hall..mkv,b842b03e5784d867e93770560d88150a526250df69077cd3065edbbd4c842098,rf_detr_sahi,55660.0,unknown_object,0.34,653.27,406.31,727.46,484.19,5777.6,74.19,77.88,0.953,False,,True,unattributed,2,evt_01-P02_upper_body_0011,14c04e253527aee7,native_source_context_fallback,wrist_confidence_below_floor,16381.1,3.5,,1,01/e1/v1,rtmpose_baseline
corpus_01,01.Candidate was found using a mobile phone in the examination hall..mkv,b842b03e5784d867e93770560d88150a526250df69077cd3065edbbd4c842098,rf_detr_sahi,55660.0,monitor_or_bezel,0.328,653.0,405.88,693.56,484.92,3206.4,40.56,79.05,0.513,False,,True,unattributed,2,evt_01-P02_upper_body_0011,14c04e253527aee7,native_source_context_fallback,wrist_confidence_below_floor,16381.1,3.5,,1,01/e1/v1,rtmpose_baseline
corpus_01,01.Candidate was found using a mobile phone in the examination hall..mkv,b842b03e5784d867e93770560d88150a526250df69077cd3065edbbd4c842098,rf_detr_sahi,55660.0,unknown_object,0.28,692.0,450.5,731.31,462.44,469.7,39.31,11.95,3.29,False,,True,unattributed,2,evt_01-P02_upper_body_0011,14c04e253527aee7,native_source_context_fallback,wrist_confidence_below_floor,16381.1,3.5,,1,01/e1/v1,rtmpose_baseline
corpus_01,01.Candidate was found using a mobile phone in the examination hall..mkv,b842b03e5784d867e93770560d88150a526250df69077cd3065edbbd4c842098,rf_detr_sahi,55660.0,unknown_object,0.2735,722.17,370.0,742.97,427.94,1204.8,20.79,57.94,0.359,False,,True,unattributed,2,evt_01-P02_upper_body_0011,14c04e253527aee7,native_source_context_fallback,wrist_confidence_below_floor,16381.1,3.5,,1,01/e1/v1,rtmpose_baseline
corpus_01,01.Candidate was found using a mobile phone in the examination hall..mkv,b842b03e5784d867e93770560d88150a526250df69077cd3065edbbd4c842098,rf_detr_sahi,55660.0,unknown_object,0.2509,710.44,341.3,733.74,363.1,508.1,23.3,21.8,1.069,False,,True,unattributed,2,evt_01-P02_upper_body_0011,14c04e253527aee7,native_source_context_fallback,wrist_confidence_below_floor,16381.1,3.5,,1,01/e1/v1,rtmpose_baseline
corpus_01,01.Candidate was found using a mobile phone in the examination hall..mkv,b842b03e5784d867e93770560d88150a526250df69077cd3065edbbd4c842098,rf_detr_sahi,55660.0,unknown_object,0.3748,786.51,621.0,844.97,720.0,5787.4,58.46,99.0,0.59,False,,True,unattributed,4,evt_01-P02_upper_body_0011,2fcf37e7bc43b658,pose_hand_context,,13573.5,4.65,,1,01/e1/v1,rtmpose_baseline
corpus_01,01.Candidate was found using a mobile phone in the examination hall..mkv,b842b03e5784d867e93770560d88150a526250df69077cd3065edbbd4c842098,rf_detr_sahi,55660.0,unknown_object,0.2504,707.07,664.13,784.97,719.86,4341.8,77.91,55.73,1.398,False,,True,unattributed,4,evt_01-P02_upper_body_0011,2fcf37e7bc43b658,pose_hand_context,,13573.5,4.65,,1,01/e1/v1,rtmpose_baseline
corpus_01,01.Candidate was found using a mobile phone in the examination hall..mkv,b842b03e5784d867e93770560d88150a526250df69077cd3065edbbd4c842098,rf_detr_sahi,55660.0,monitor_or_bezel,0.6395,981.63,585.08,1059.96,693.44,8487.9,78.33,108.36,0.723,False,,True,unattributed,1,evt_01-P02_upper_body_0011,73c0caac6b078721,native_source_context_fallback,wrist_confidence_below_floor,40114.3,2.68,,1,01/e1/v1,rtmpose_baseline
corpus_01,01.Candidate was found using a mobile phone in the examination hall..mkv,b842b03e5784d867e93770560d88150a526250df69077cd3065edbbd4c842098,rf_detr_sahi,55660.0,unknown_object,0.4079,925.68,456.0,1032.9,515.71,6401.7,107.22,59.71,1.796,False,,True,unattributed,1,evt_01-P02_upper_body_0011,73c0caac6b078721,native_source_context_fallback,wrist_confidence_below_floor,40114.3,2.68,,1,01/e1/v1,rtmpose_baseline
corpus_01,01.Candidate was found using a mobile phone in the examination hall..mkv,b842b03e5784d867e93770560d88150a526250df69077cd3065edbbd4c842098,rf_detr_sahi,55660.0,unknown_object,0.2952,892.19,456.04,986.0,590.0,12566.9,93.81,133.96,0.7,False,,True,unattributed,1,evt_01-P02_upper_body_0011,73c0caac6b078721,native_source_context_fallback,wrist_confidence_below_floor,40114.3,2.68,,1,01/e1/v1,rtmpose_baseline
corpus_01,01.Candidate was found using a mobile phone in the examination hall..mkv,b842b03e5784d867e93770560d88150a526250df69077cd3065edbbd4c842098,rf_detr_sahi,56140.0,unknown_object,0.5103,656.0,512.28,701.29,645.47,6032.5,45.29,133.2,0.34,False,,True,unattributed,4,evt_01-P02_desk_work_surface_0009,4ceb5237975ea359,pose_hand_context,,47475.8,2.8,,1,01/e1/v1,rtmpose_baseline
corpus_01,01.Candidate was found using a mobile phone in the examination hall..mkv,b842b03e5784d867e93770560d88150a526250df69077cd3065edbbd4c842098,rf_detr_sahi,56140.0,unknown_object,0.6021,1029.0,548.0,1045.99,571.21,394.3,16.99,23.21,0.732,False,,True,unattributed,1,evt_01-P02_desk_work_surface_0009,9fc00bffaa72b25b,pose_hand_context,,8975.7,6.76,,1,01/e1/v1,rtmpose_baseline
corpus_01,01.Candidate was found using a mobile phone in the examination hall..mkv,b842b03e5784d867e93770560d88150a526250df69077cd3065edbbd4c842098,rf_detr_sahi,56140.0,unknown_object,0.403,988.06,548.03,1010.9,605.44,1311.3,22.84,57.41,0.398,False,,True,unattributed,1,evt_01-P02_desk_work_surface_0009,9fc00bffaa72b25b,pose_hand_context,,8975.7,6.76,,1,01/e1/v1,rtmpose_baseline
corpus_01,01.Candidate was found using a mobile phone in the examination hall..mkv,b842b03e5784d867e93770560d88150a526250df69077cd3065edbbd4c842098,rf_detr_sahi,56140.0,unknown_object,0.3482,1000.27,548.0,1040.97,600.94,2154.5,40.7,52.94,0.769,False,,True,unattributed,1,evt_01-P02_desk_work_surface_0009,9fc00bffaa72b25b,pose_hand_context,,8975.7,6.76,,1,01/e1/v1,rtmpose_baseline
corpus_01,01.Candidate was found using a mobile phone in the examination hall..mkv,b842b03e5784d867e93770560d88150a526250df69077cd3065edbbd4c842098,rf_detr_sahi,56140.0,monitor_or_bezel,0.3028,990.63,589.0,1040.84,641.98,2659.9,50.21,52.98,0.948,False,,True,unattributed,1,evt_01-P02_desk_work_surface_0009,9fc00bffaa72b25b,pose_hand_context,,8975.7,6.76,,1,01/e1/v1,rtmpose_baseline
corpus_01,01.Candidate was found using a mobile phone in the examination hall..mkv,b842b03e5784d867e93770560d88150a526250df69077cd3065edbbd4c842098,rf_detr_sahi,56140.0,keyboard,0.2851,990.63,589.0,1040.84,641.98,2659.9,50.21,52.98,0.948,False,,True,unattributed,1,evt_01-P02_desk_work_surface_0009,9fc00bffaa72b25b,pose_hand_context,,8975.7,6.76,,1,01/e1/v1,rtmpose_baseline
corpus_01,01.Candidate was found using a mobile phone in the examination hall..mkv,b842b03e5784d867e93770560d88150a526250df69077cd3065edbbd4c842098,rf_detr_sahi,56140.0,keyboard,0.2828,1029.0,579.78,1081.92,600.91,1118.2,52.92,21.13,2.505,False,,True,unattributed,1,evt_01-P02_desk_work_surface_0009,9fc00bffaa72b25b,pose_hand_context,,8975.7,6.76,,1,01/e1/v1,rtmpose_baseline
corpus_01,01.Candidate was found using a mobile phone in the examination hall..mkv,b842b03e5784d867e93770560d88150a526250df69077cd3065edbbd4c842098,rf_detr_sahi,56620.0,unknown_object,0.5727,676.47,495.0,765.2,585.54,8034.2,88.74,90.54,0.98,False,,True,unattributed,4,evt_01-P01_desk_work_surface_0001,10fdd921eb491ef3,pose_hand_context,,54125.7,2.66,,1,01/e1/v1,rtmpose_baseline
corpus_01,01.Candidate was found using a mobile phone in the examination hall..mkv,b842b03e5784d867e93770560d88150a526250df69077cd3065edbbd4c842098,rf_detr_sahi,56620.0,unknown_object,0.4724,675.06,495.51,701.2,646.18,3937.6,26.13,150.67,0.173,False,,True,unattributed,4,evt_01-P01_desk_work_surface_0001,10fdd921eb491ef3,pose_hand_context,,54125.7,2.66,,1,01/e1/v1,rtmpose_baseline
corpus_01,01.Candidate was found using a mobile phone in the examination hall..mkv,b842b03e5784d867e93770560d88150a526250df69077cd3065edbbd4c842098,rf_detr_sahi,56620.0,unknown_object,0.3023,675.01,593.0,700.41,645.38,1330.6,25.4,52.38,0.485,False,,True,unattributed,4,evt_01-P01_desk_work_surface_0001,10fdd921eb491ef3,pose_hand_context,,54125.7,2.66,,1,01/e1/v1,rtmpose_baseline
corpus_01,01.Candidate was found using a mobile phone in the examination hall..mkv,b842b03e5784d867e93770560d88150a526250df69077cd3065edbbd4c842098,rf_detr_sahi,56620.0,unknown_object,0.5698,652.2,405.56,745.0,489.53,7791.7,92.8,83.97,1.105,False,,True,unattributed,5,evt_01-P01_desk_work_surface_0001,5d708bed411ddbd4,native_source_context_fallback,wrist_confidence_below_floor,17350.1,3.44,,1,01/e1/v1,rtmpose_baseline
corpus_01,01.Candidate was found using a mobile phone in the examination hall..mkv,b842b03e5784d867e93770560d88150a526250df69077cd3065edbbd4c842098,rf_detr_sahi,56620.0,monitor_or_bezel,0.4484,652.05,402.45,694.67,489.81,3722.8,42.62,87.35,0.488,False,,True,unattributed,5,evt_01-P01_desk_work_surface_0001,5d708bed411ddbd4,native_source_context_fallback,wrist_confidence_below_floor,17350.1,3.44,,1,01/e1/v1,rtmpose_baseline
corpus_01,01.Candidate was found using a mobile phone in the examination hall..mkv,b842b03e5784d867e93770560d88150a526250df69077cd3065edbbd4c842098,rf_detr_sahi,56620.0,unknown_object,0.4127,692.02,345.24,736.86,407.65,2798.6,44.84,62.41,0.719,False,,True,unattributed,5,evt_01-P01_desk_work_surface_0001,5d708bed411ddbd4,native_source_context_fallback,wrist_confidence_below_floor,17350.1,3.44,,1,01/e1/v1,rtmpose_baseline
corpus_01,01.Candidate was found using a mobile phone in the examination hall..mkv,b842b03e5784d867e93770560d88150a526250df69077cd3065edbbd4c842098,rf_detr_sahi,56620.0,unknown_object,0.3323,652.01,365.68,668.03,399.36,539.3,16.02,33.67,0.476,False,,True,unattributed,5,evt_01-P01_desk_work_surface_0001,5d708bed411ddbd4,native_source_context_fallback,wrist_confidence_below_floor,17350.1,3.44,,1,01/e1/v1,rtmpose_baseline
corpus_01,01.Candidate was found using a mobile phone in the examination hall..mkv,b842b03e5784d867e93770560d88150a526250df69077cd3065edbbd4c842098,rf_detr_sahi,56620.0,bag,0.3068,652.05,402.45,694.67,489.81,3722.8,42.62,87.35,0.488,False,,True,unattributed,5,evt_01-P01_desk_work_surface_0001,5d708bed411ddbd4,native_source_context_fallback,wrist_confidence_below_floor,17350.1,3.44,,1,01/e1/v1,rtmpose_baseline
corpus_01,01.Candidate was found using a mobile phone in the examination hall..mkv,b842b03e5784d867e93770560d88150a526250df69077cd3065edbbd4c842098,rf_detr_sahi,56620.0,phone,0.2962,652.04,368.7,660.4,377.38,72.5,8.36,8.67,0.964,True,object footprint 73 px is under the 120 px floor for a call,False,unattributed,5,evt_01-P01_desk_work_surface_0001,5d708bed411ddbd4,native_source_context_fallback,wrist_confidence_below_floor,17350.1,3.44,,1,01/e1/v1,rtmpose_baseline
corpus_01,01.Candidate was found using a mobile phone in the examination hall..mkv,b842b03e5784d867e93770560d88150a526250df69077cd3065edbbd4c842098,rf_detr_sahi,56620.0,unknown_object,0.4515,1016.02,533.06,1072.0,597.65,3615.4,55.98,64.59,0.867,False,,True,unattributed,1,evt_01-P01_desk_work_surface_0001,bcdb3f458162318f,native_source_context_fallback,wrist_confidence_below_floor,17711.7,3.59,,1,01/e1/v1,rtmpose_baseline
corpus_01,01.Candidate was found using a mobile phone in the examination hall..mkv,b842b03e5784d867e93770560d88150a526250df69077cd3065edbbd4c842098,rf_detr_sahi,56620.0,unknown_object,0.2751,999.9,506.58,1028.99,555.0,1408.4,29.09,48.42,0.601,False,,True,unattributed,1,evt_01-P01_desk_work_surface_0001,bcdb3f458162318f,native_source_context_fallback,wrist_confidence_below_floor,17711.7,3.59,,1,01/e1/v1,rtmpose_baseline
corpus_01,01.Candidate was found using a mobile phone in the examination hall..mkv,b842b03e5784d867e93770560d88150a526250df69077cd3065edbbd4c842098,rf_detr_sahi,56660.0,unknown_object,0.5743,677.66,495.0,765.93,585.28,7968.8,88.27,90.28,0.978,False,,True,unattributed,4,evt_01-P02_upper_body_0011,115fe3ed4539f5cc,pose_hand_context,,53255.4,2.69,,1,01/e1/v1,rtmpose_baseline
corpus_01,01.Candidate was found using a mobile phone in the examination hall..mkv,b842b03e5784d867e93770560d88150a526250df69077cd3065edbbd4c842098,rf_detr_sahi,56660.0,unknown_object,0.4321,676.08,495.58,701.2,646.92,3801.8,25.12,151.34,0.166,False,,True,unattributed,4,evt_01-P02_upper_body_0011,115fe3ed4539f5cc,pose_hand_context,,53255.4,2.69,,1,01/e1/v1,rtmpose_baseline
corpus_01,01.Candidate was found using a mobile phone in the examination hall..mkv,b842b03e5784d867e93770560d88150a526250df69077cd3065edbbd4c842098,rf_detr_sahi,56660.0,bag,0.3631,715.84,700.64,791.01,719.98,1453.5,75.17,19.33,3.888,False,,True,unattributed,4,evt_01-P02_upper_body_0011,115fe3ed4539f5cc,pose_hand_context,,53255.4,2.69,,1,01/e1/v1,rtmpose_baseline
corpus_01,01.Candidate was found using a mobile phone in the examination hall..mkv,b842b03e5784d867e93770560d88150a526250df69077cd3065edbbd4c842098,rf_detr_sahi,56660.0,unknown_object,0.3186,676.0,593.0,700.2,645.44,1269.1,24.2,52.44,0.462,False,,True,unattributed,4,evt_01-P02_upper_body_0011,115fe3ed4539f5cc,pose_hand_context,,53255.4,2.69,,1,01/e1/v1,rtmpose_baseline
corpus_01,01.Candidate was found using a mobile phone in the examination hall..mkv,b842b03e5784d867e93770560d88150a526250df69077cd3065edbbd4c842098,rf_detr_sahi,56660.0,mouse,0.3656,1031.91,575.16,1060.95,597.1,637.1,29.04,21.94,1.323,False,,True,unattributed,1,evt_01-P02_upper_body_0011,f6523d5d4e0ddc64,native_source_context_fallback,wrist_confidence_below_floor,15343.9,3.62,,1,01/e1/v1,rtmpose_baseline
corpus_01,01.Candidate was found using a mobile phone in the examination hall..mkv,b842b03e5784d867e93770560d88150a526250df69077cd3065edbbd4c842098,rf_detr_sahi,56660.0,unknown_object,0.3218,1012.0,532.0,1047.02,571.83,1394.9,35.02,39.83,0.879,False,,True,unattributed,1,evt_01-P02_upper_body_0011,f6523d5d4e0ddc64,native_source_context_fallback,wrist_confidence_below_floor,15343.9,3.62,,1,01/e1/v1,rtmpose_baseline
corpus_01,01.Candidate was found using a mobile phone in the examination hall..mkv,b842b03e5784d867e93770560d88150a526250df69077cd3065edbbd4c842098,rf_detr_sahi,56660.0,monitor_or_bezel,0.2864,1012.0,532.0,1060.86,631.34,4854.2,48.86,99.34,0.492,False,,True,unattributed,1,evt_01-P02_upper_body_0011,f6523d5d4e0ddc64,native_source_context_fallback,wrist_confidence_below_floor,15343.9,3.62,,1,01/e1/v1,rtmpose_baseline
corpus_01,01.Candidate was found using a mobile phone in the examination hall..mkv,b842b03e5784d867e93770560d88150a526250df69077cd3065edbbd4c842098,rf_detr_sahi,56660.0,unknown_object,0.2781,974.03,455.28,1023.0,554.97,4881.9,48.97,99.69,0.491,False,,True,unattributed,1,evt_01-P02_upper_body_0011,f6523d5d4e0ddc64,native_source_context_fallback,wrist_confidence_below_floor,15343.9,3.62,,1,01/e1/v1,rtmpose_baseline
corpus_01,01.Candidate was found using a mobile phone in the examination hall..mkv,b842b03e5784d867e93770560d88150a526250df69077cd3065edbbd4c842098,rf_detr_sahi,56660.0,unknown_object,0.2588,1012.02,532.0,1060.92,596.45,3151.7,48.9,64.45,0.759,False,,True,unattributed,1,evt_01-P02_upper_body_0011,f6523d5d4e0ddc64,native_source_context_fallback,wrist_confidence_below_floor,15343.9,3.62,,1,01/e1/v1,rtmpose_baseline
corpus_01,01.Candidate was found using a mobile phone in the examination hall..mkv,b842b03e5784d867e93770560d88150a526250df69077cd3065edbbd4c842098,rf_detr_sahi,57140.0,unknown_object,0.8083,975.89,539.0,1009.0,630.17,3018.9,33.11,91.17,0.363,False,,True,unattributed,6,evt_01-P02_desk_work_surface_0009,13355075c688925b,native_source_context_fallback,no_pose_observation,14465.4,3.86,,1,01/e1/v1,
corpus_01,01.Candidate was found using a mobile phone in the examination hall..mkv,b842b03e5784d867e93770560d88150a526250df69077cd3065edbbd4c842098,rf_detr_sahi,57140.0,unknown_object,0.3589,998.04,539.08,1046.94,630.5,4470.9,48.9,91.42,0.535,False,,True,unattributed,6,evt_01-P02_desk_work_surface_0009,13355075c688925b,native_source_context_fallback,no_pose_observation,14465.4,3.86,,1,01/e1/v1,
corpus_01,01.Candidate was found using a mobile phone in the examination hall..mkv,b842b03e5784d867e93770560d88150a526250df69077cd3065edbbd4c842098,rf_detr_sahi,57140.0,unknown_object,0.2994,998.02,478.36,1046.28,558.87,3885.0,48.26,80.5,0.599,False,,True,unattributed,6,evt_01-P02_desk_work_surface_0009,13355075c688925b,native_source_context_fallback,no_pose_observation,14465.4,3.86,,1,01/e1/v1,
corpus_01,01.Candidate was found using a mobile phone in the examination hall..mkv,b842b03e5784d867e93770560d88150a526250df69077cd3065edbbd4c842098,rf_detr_sahi,57140.0,unknown_object,0.2738,960.47,466.0,1047.0,573.12,9269.4,86.53,107.12,0.808,False,,True,unattributed,6,evt_01-P02_desk_work_surface_0009,13355075c688925b,native_source_context_fallback,no_pose_observation,14465.4,3.86,,1,01/e1/v1,
corpus_01,01.Candidate was found using a mobile phone in the examination hall..mkv,b842b03e5784d867e93770560d88150a526250df69077cd3065edbbd4c842098,rf_detr_sahi,57140.0,unknown_object,0.6585,679.57,491.0,768.66,585.42,8411.5,89.08,94.42,0.943,False,,True,unattributed,4,evt_01-P02_desk_work_surface_0009,5558f34bb3b71b41,pose_hand_context,,52725.7,2.77,,1,01/e1/v1,rtmpose_baseline
corpus_01,01.Candidate was found using a mobile phone in the examination hall..mkv,b842b03e5784d867e93770560d88150a526250df69077cd3065edbbd4c842098,rf_detr_sahi,57140.0,unknown_object,0.4251,679.02,491.34,700.99,646.81,3415.8,21.97,155.47,0.141,False,,True,unattributed,4,evt_01-P02_desk_work_surface_0009,5558f34bb3b71b41,pose_hand_context,,52725.7,2.77,,1,01/e1/v1,rtmpose_baseline
corpus_01,01.Candidate was found using a mobile phone in the examination hall..mkv,b842b03e5784d867e93770560d88150a526250df69077cd3065edbbd4c842098,rf_detr_sahi,57140.0,bag,0.3239,680.66,700.0,791.91,719.98,2223.6,111.25,19.99,5.566,False,,True,unattributed,4,evt_01-P02_desk_work_surface_0009,5558f34bb3b71b41,pose_hand_context,,52725.7,2.77,,1,01/e1/v1,rtmpose_baseline
corpus_01,01.Candidate was found using a mobile phone in the examination hall..mkv,b842b03e5784d867e93770560d88150a526250df69077cd3065edbbd4c842098,rf_detr_sahi,57140.0,unknown_object,0.2535,679.0,591.0,700.81,645.44,1187.4,21.81,54.44,0.401,False,,True,unattributed,4,evt_01-P02_desk_work_surface_0009,5558f34bb3b71b41,pose_hand_context,,52725.7,2.77,,1,01/e1/v1,rtmpose_baseline
corpus_01,01.Candidate was found using a mobile phone in the examination hall..mkv,b842b03e5784d867e93770560d88150a526250df69077cd3065edbbd4c842098,rf_detr_sahi,57620.0,monitor_or_bezel,0.5651,979.6,585.79,1046.0,713.0,8447.0,66.4,127.21,0.522,False,,True,unattributed,7,evt_01-P03_desk_work_surface_0014,54a4289636beba65,native_source_context_fallback,no_pose_observation,34916.6,2.51,,1,01/e1/v1,
corpus_01,01.Candidate was found using a mobile phone in the examination hall..mkv,b842b03e5784d867e93770560d88150a526250df69077cd3065edbbd4c842098,rf_detr_sahi,57620.0,unknown_object,0.3527,976.76,502.26,1003.71,534.37,865.3,26.95,32.11,0.839,False,,True,unattributed,7,evt_01-P03_desk_work_surface_0014,54a4289636beba65,native_source_context_fallback,no_pose_observation,34916.6,2.51,,1,01/e1/v1,
corpus_01,01.Candidate was found using a mobile phone in the examination hall..mkv,b842b03e5784d867e93770560d88150a526250df69077cd3065edbbd4c842098,rf_detr_sahi,57620.0,monitor_or_bezel,0.2619,909.1,570.16,985.96,712.9,10970.8,76.86,142.74,0.538,False,,True,unattributed,7,evt_01-P03_desk_work_surface_0014,54a4289636beba65,native_source_context_fallback,no_pose_observation,34916.6,2.51,,1,01/e1/v1,
corpus_01,01.Candidate was found using a mobile phone in the examination hall..mkv,b842b03e5784d867e93770560d88150a526250df69077cd3065edbbd4c842098,rf_detr_sahi,57620.0,unknown_object,0.5645,912.31,343.14,986.89,503.22,11938.4,74.58,160.07,0.466,False,,True,unattributed,8,evt_01-P03_desk_work_surface_0014,6e92c084fae52411,native_source_context_fallback,no_pose_observation,38285.2,2.25,,1,01/e1/v1,
corpus_01,01.Candidate was found using a mobile phone in the examination hall..mkv,b842b03e5784d867e93770560d88150a526250df69077cd3065edbbd4c842098,rf_detr_sahi,57620.0,unknown_object,0.3826,976.88,538.61,987.0,627.98,904.7,10.12,89.37,0.113,False,,True,unattributed,8,evt_01-P03_desk_work_surface_0014,6e92c084fae52411,native_source_context_fallback,no_pose_observation,38285.2,2.25,,1,01/e1/v1,
corpus_01,01.Candidate was found using a mobile phone in the examination hall..mkv,b842b03e5784d867e93770560d88150a526250df69077cd3065edbbd4c842098,rf_detr_sahi,57620.0,unknown_object,0.313,912.92,343.0,1030.91,438.89,11314.1,117.99,95.89,1.23,False,,True,unattributed,8,evt_01-P03_desk_work_surface_0014,6e92c084fae52411,native_source_context_fallback,no_pose_observation,38285.2,2.25,,1,01/e1/v1,
corpus_01,01.Candidate was found using a mobile phone in the examination hall..mkv,b842b03e5784d867e93770560d88150a526250df69077cd3065edbbd4c842098,rf_detr_sahi,57620.0,unknown_object,0.2923,970.21,343.01,1030.94,374.89,1935.8,60.72,31.88,1.905,False,,True,unattributed,8,evt_01-P03_desk_work_surface_0014,6e92c084fae52411,native_source_context_fallback,no_pose_observation,38285.2,2.25,,1,01/e1/v1,
corpus_01,01.Candidate was found using a mobile phone in the examination hall..mkv,b842b03e5784d867e93770560d88150a526250df69077cd3065edbbd4c842098,rf_detr_sahi,57620.0,unknown_object,0.2547,912.1,468.0,986.63,628.0,11925.0,74.53,160.0,0.466,False,,True,unattributed,8,evt_01-P03_desk_work_surface_0014,6e92c084fae52411,native_source_context_fallback,no_pose_observation,38285.2,2.25,,1,01/e1/v1,
corpus_01,01.Candidate was found using a mobile phone in the examination hall..mkv,b842b03e5784d867e93770560d88150a526250df69077cd3065edbbd4c842098,rf_detr_sahi,57620.0,unknown_object,0.5314,677.05,494.0,772.67,585.55,8754.2,95.62,91.55,1.044,False,,True,unattributed,4,evt_01-P03_desk_work_surface_0014,e32e934da49e09dd,pose_hand_context,,52567.6,2.74,,1,01/e1/v1,rtmpose_baseline
corpus_01,01.Candidate was found using a mobile phone in the examination hall..mkv,b842b03e5784d867e93770560d88150a526250df69077cd3065edbbd4c842098,rf_detr_sahi,57620.0,unknown_object,0.3294,676.06,494.49,701.16,648.28,3859.8,25.1,153.79,0.163,False,,True,unattributed,4,evt_01-P03_desk_work_surface_0014,e32e934da49e09dd,pose_hand_context,,52567.6,2.74,,1,01/e1/v1,rtmpose_baseline
corpus_01,01.Candidate was found using a mobile phone in the examination hall..mkv,b842b03e5784d867e93770560d88150a526250df69077cd3065edbbd4c842098,rf_detr_sahi,57620.0,unknown_object,0.3193,676.0,593.0,700.26,645.31,1269.2,24.26,52.31,0.464,False,,True,unattributed,4,evt_01-P03_desk_work_surface_0014,e32e934da49e09dd,pose_hand_context,,52567.6,2.74,,1,01/e1/v1,rtmpose_baseline
corpus_01,01.Candidate was found using a mobile phone in the examination hall..mkv,b842b03e5784d867e93770560d88150a526250df69077cd3065edbbd4c842098,rf_detr_sahi,57620.0,bag,0.2876,713.7,700.83,793.34,719.98,1525.5,79.64,19.15,4.158,False,,True,unattributed,4,evt_01-P03_desk_work_surface_0014,e32e934da49e09dd,pose_hand_context,,52567.6,2.74,,1,01/e1/v1,rtmpose_baseline
corpus_01,01.Candidate was found using a mobile phone in the examination hall..mkv,b842b03e5784d867e93770560d88150a526250df69077cd3065edbbd4c842098,rf_detr_sahi,57620.0,keyboard,0.447,999.02,561.0,1012.74,625.72,888.3,13.72,64.72,0.212,False,,True,unattributed,6,evt_01-P03_desk_work_surface_0014,ef46d85844a996ed,native_source_context_fallback,no_pose_observation,14043.5,3.78,,1,01/e1/v1,
corpus_01,01.Candidate was found using a mobile phone in the examination hall..mkv,b842b03e5784d867e93770560d88150a526250df69077cd3065edbbd4c842098,rf_detr_sahi,57620.0,unknown_object,0.3775,979.12,557.66,1009.35,631.1,2220.4,30.23,73.44,0.412,False,,True,unattributed,6,evt_01-P03_desk_work_surface_0014,ef46d85844a996ed,native_source_context_fallback,no_pose_observation,14043.5,3.78,,1,01/e1/v1,
corpus_01,01.Candidate was found using a mobile phone in the examination hall..mkv,b842b03e5784d867e93770560d88150a526250df69077cd3065edbbd4c842098,rf_detr_sahi,57620.0,monitor_or_bezel,0.3047,963.18,537.06,1010.0,631.93,4442.0,46.82,94.87,0.494,False,,True,unattributed,6,evt_01-P03_desk_work_surface_0014,ef46d85844a996ed,native_source_context_fallback,no_pose_observation,14043.5,3.78,,1,01/e1/v1,
corpus_01,01.Candidate was found using a mobile phone in the examination hall..mkv,b842b03e5784d867e93770560d88150a526250df69077cd3065edbbd4c842098,rf_detr_sahi,57620.0,stationery,0.2786,999.02,561.0,1012.74,625.72,888.3,13.72,64.72,0.212,False,,True,unattributed,6,evt_01-P03_desk_work_surface_0014,ef46d85844a996ed,native_source_context_fallback,no_pose_observation,14043.5,3.78,,1,01/e1/v1,
corpus_01,01.Candidate was found using a mobile phone in the examination hall..mkv,b842b03e5784d867e93770560d88150a526250df69077cd3065edbbd4c842098,rf_detr_sahi,57620.0,unknown_object,0.2652,963.04,463.1,1010.0,557.76,4445.9,46.96,94.67,0.496,False,,True,unattributed,6,evt_01-P03_desk_work_surface_0014,ef46d85844a996ed,native_source_context_fallback,no_pose_observation,14043.5,3.78,,1,01/e1/v1,
corpus_01,01.Candidate was found using a mobile phone in the examination hall..mkv,b842b03e5784d867e93770560d88150a526250df69077cd3065edbbd4c842098,rf_detr_sahi,57620.0,unknown_object,0.2627,999.01,488.23,1026.4,558.0,1911.0,27.39,69.77,0.393,False,,True,unattributed,6,evt_01-P03_desk_work_surface_0014,ef46d85844a996ed,native_source_context_fallback,no_pose_observation,14043.5,3.78,,1,01/e1/v1,
corpus_01,01.Candidate was found using a mobile phone in the examination hall..mkv,b842b03e5784d867e93770560d88150a526250df69077cd3065edbbd4c842098,rf_detr_sahi,57660.0,unknown_object,0.4489,911.35,343.12,986.94,501.84,11996.9,75.59,158.72,0.476,False,,True,unattributed,8,evt_01-P02_upper_body_0011,00d7743f301bd3b2,native_source_context_fallback,no_pose_observation,38134.8,2.26,,1,01/e1/v1,
corpus_01,01.Candidate was found using a mobile phone in the examination hall..mkv,b842b03e5784d867e93770560d88150a526250df69077cd3065edbbd4c842098,rf_detr_sahi,57660.0,unknown_object,0.3707,976.92,537.89,986.99,626.0,887.1,10.07,88.11,0.114,False,,True,unattributed,8,evt_01-P02_upper_body_0011,00d7743f301bd3b2,native_source_context_fallback,no_pose_observation,38134.8,2.26,,1,01/e1/v1,
corpus_01,01.Candidate was found using a mobile phone in the examination hall..mkv,b842b03e5784d867e93770560d88150a526250df69077cd3065edbbd4c842098,rf_detr_sahi,57660.0,unknown_object,0.3352,970.06,343.0,1040.07,375.43,2270.3,70.0,32.43,2.158,False,,True,unattributed,8,evt_01-P02_upper_body_0011,00d7743f301bd3b2,native_source_context_fallback,no_pose_observation,38134.8,2.26,,1,01/e1/v1,
corpus_01,01.Candidate was found using a mobile phone in the examination hall..mkv,b842b03e5784d867e93770560d88150a526250df69077cd3065edbbd4c842098,rf_detr_sahi,57660.0,unknown_object,0.3305,977.01,527.13,1025.73,625.1,4772.6,48.72,97.96,0.497,False,,True,unattributed,8,evt_01-P02_upper_body_0011,00d7743f301bd3b2,native_source_context_fallback,no_pose_observation,38134.8,2.26,,1,01/e1/v1,
corpus_01,01.Candidate was found using a mobile phone in the examination hall..mkv,b842b03e5784d867e93770560d88150a526250df69077cd3065edbbd4c842098,rf_detr_sahi,57660.0,unknown_object,0.2645,912.4,343.0,950.93,437.59,3644.8,38.53,94.59,0.407,False,,True,unattributed,8,evt_01-P02_upper_body_0011,00d7743f301bd3b2,native_source_context_fallback,no_pose_observation,38134.8,2.26,,1,01/e1/v1,
corpus_01,01.Candidate was found using a mobile phone in the examination hall..mkv,b842b03e5784d867e93770560d88150a526250df69077cd3065edbbd4c842098,rf_detr_sahi,57660.0,unknown_object,0.5341,676.87,494.0,772.31,585.64,8746.6,95.45,91.64,1.042,False,,True,unattributed,4,evt_01-P02_upper_body_0011,38fd051371601eab,pose_hand_context,,53032.1,2.72,,1,01/e1/v1,rtmpose_baseline
corpus_01,01.Candidate was found using a mobile phone in the examination hall..mkv,b842b03e5784d867e93770560d88150a526250df69077cd3065edbbd4c842098,rf_detr_sahi,57660.0,unknown_object,0.3334,675.0,593.0,700.34,645.3,1325.5,25.34,52.3,0.485,False,,True,unattributed,4,evt_01-P02_upper_body_0011,38fd051371601eab,pose_hand_context,,53032.1,2.72,,1,01/e1/v1,rtmpose_baseline
corpus_01,01.Candidate was found using a mobile phone in the examination hall..mkv,b842b03e5784d867e93770560d88150a526250df69077cd3065edbbd4c842098,rf_detr_sahi,57660.0,bag,0.3296,675.73,700.84,796.41,719.91,2300.8,120.67,19.07,6.329,False,,True,unattributed,4,evt_01-P02_upper_body_0011,38fd051371601eab,pose_hand_context,,53032.1,2.72,,1,01/e1/v1,rtmpose_baseline
corpus_01,01.Candidate was found using a mobile phone in the examination hall..mkv,b842b03e5784d867e93770560d88150a526250df69077cd3065edbbd4c842098,rf_detr_sahi,57660.0,unknown_object,0.4997,973.9,537.21,1008.98,631.83,3319.4,35.08,94.61,0.371,False,,True,unattributed,6,evt_01-P02_upper_body_0011,9f9abdf258ebd2bb,native_source_context_fallback,no_pose_observation,14277.0,3.78,,1,01/e1/v1,
corpus_01,01.Candidate was found using a mobile phone in the examination hall..mkv,b842b03e5784d867e93770560d88150a526250df69077cd3065edbbd4c842098,rf_detr_sahi,57660.0,unknown_object,0.4253,962.03,463.79,1009.0,557.76,4413.5,46.97,93.97,0.5,False,,True,unattributed,6,evt_01-P02_upper_body_0011,9f9abdf258ebd2bb,native_source_context_fallback,no_pose_observation,14277.0,3.78,,1,01/e1/v1,
corpus_01,01.Candidate was found using a mobile phone in the examination hall..mkv,b842b03e5784d867e93770560d88150a526250df69077cd3065edbbd4c842098,rf_detr_sahi,57660.0,unknown_object,0.342,998.0,486.12,1026.68,558.0,2061.1,28.68,71.88,0.399,False,,True,unattributed,6,evt_01-P02_upper_body_0011,9f9abdf258ebd2bb,native_source_context_fallback,no_pose_observation,14277.0,3.78,,1,01/e1/v1,
corpus_01,01.Candidate was found using a mobile phone in the examination hall..mkv,b842b03e5784d867e93770560d88150a526250df69077cd3065edbbd4c842098,rf_detr_sahi,57660.0,keyboard,0.3141,998.02,560.72,1012.73,627.93,989.2,14.72,67.21,0.219,False,,True,unattributed,6,evt_01-P02_upper_body_0011,9f9abdf258ebd2bb,native_source_context_fallback,no_pose_observation,14277.0,3.78,,1,01/e1/v1,
corpus_01,01.Candidate was found using a mobile phone in the examination hall..mkv,b842b03e5784d867e93770560d88150a526250df69077cd3065edbbd4c842098,rf_detr_sahi,57660.0,keyboard,0.2669,998.11,581.48,1045.95,631.63,2398.9,47.84,50.15,0.954,False,,True,unattributed,6,evt_01-P02_upper_body_0011,9f9abdf258ebd2bb,native_source_context_fallback,no_pose_observation,14277.0,3.78,,1,01/e1/v1,
corpus_01,01.Candidate was found using a mobile phone in the examination hall..mkv,b842b03e5784d867e93770560d88150a526250df69077cd3065edbbd4c842098,rf_detr_sahi,57660.0,unknown_object,0.2661,999.75,463.11,1045.99,619.12,7213.1,46.24,156.01,0.296,False,,True,unattributed,6,evt_01-P02_upper_body_0011,9f9abdf258ebd2bb,native_source_context_fallback,no_pose_observation,14277.0,3.78,,1,01/e1/v1,
corpus_01,01.Candidate was found using a mobile phone in the examination hall..mkv,b842b03e5784d867e93770560d88150a526250df69077cd3065edbbd4c842098,rf_detr_sahi,57660.0,monitor_or_bezel,0.2574,998.06,537.13,1045.94,631.63,4524.2,47.88,94.5,0.507,False,,True,unattributed,6,evt_01-P02_upper_body_0011,9f9abdf258ebd2bb,native_source_context_fallback,no_pose_observation,14277.0,3.78,,1,01/e1/v1,
corpus_01,01.Candidate was found using a mobile phone in the examination hall..mkv,b842b03e5784d867e93770560d88150a526250df69077cd3065edbbd4c842098,rf_detr_sahi,57660.0,monitor_or_bezel,0.5455,979.37,585.77,1046.0,712.99,8477.1,66.63,127.22,0.524,False,,True,unattributed,7,evt_01-P02_upper_body_0011,c5eda715e80ba734,native_source_context_fallback,no_pose_observation,35063.8,2.52,,1,01/e1/v1,
corpus_01,01.Candidate was found using a mobile phone in the examination hall..mkv,b842b03e5784d867e93770560d88150a526250df69077cd3065edbbd4c842098,rf_detr_sahi,58140.0,keyboard,0.3329,999.01,565.16,1012.4,630.05,868.5,13.38,64.89,0.206,False,,True,unattributed,6,evt_01-P02_desk_work_surface_0009,076d6829804413e9,native_source_context_fallback,no_pose_observation,14143.5,3.84,,1,01/e1/v1,
corpus_01,01.Candidate was found using a mobile phone in the examination hall..mkv,b842b03e5784d867e93770560d88150a526250df69077cd3065edbbd4c842098,rf_detr_sahi,58140.0,unknown_object,0.3289,994.82,465.0,1046.85,631.08,8640.3,52.02,166.08,0.313,False,,True,unattributed,6,evt_01-P02_desk_work_surface_0009,076d6829804413e9,native_source_context_fallback,no_pose_observation,14143.5,3.84,,1,01/e1/v1,
corpus_01,01.Candidate was found using a mobile phone in the examination hall..mkv,b842b03e5784d867e93770560d88150a526250df69077cd3065edbbd4c842098,rf_detr_sahi,58140.0,unknown_object,0.2824,999.0,465.0,1030.26,497.25,1007.9,31.26,32.24,0.969,False,,True,unattributed,6,evt_01-P02_desk_work_surface_0009,076d6829804413e9,native_source_context_fallback,no_pose_observation,14143.5,3.84,,1,01/e1/v1,
corpus_01,01.Candidate was found using a mobile phone in the examination hall..mkv,b842b03e5784d867e93770560d88150a526250df69077cd3065edbbd4c842098,rf_detr_sahi,58140.0,keyboard,0.251,999.07,583.85,1046.97,631.8,2296.2,47.89,47.94,0.999,False,,True,unattributed,6,evt_01-P02_desk_work_surface_0009,076d6829804413e9,native_source_context_fallback,no_pose_observation,14143.5,3.84,,1,01/e1/v1,
corpus_01,01.Candidate was found using a mobile phone in the examination hall..mkv,b842b03e5784d867e93770560d88150a526250df69077cd3065edbbd4c842098,rf_detr_sahi,58140.0,monitor_or_bezel,0.2504,999.07,538.0,1046.9,631.68,4480.3,47.82,93.68,0.51,False,,True,unattributed,6,evt_01-P02_desk_work_surface_0009,076d6829804413e9,native_source_context_fallback,no_pose_observation,14143.5,3.84,,1,01/e1/v1,
corpus_01,01.Candidate was found using a mobile phone in the examination hall..mkv,b842b03e5784d867e93770560d88150a526250df69077cd3065edbbd4c842098,rf_detr_sahi,58140.0,unknown_object,0.2705,703.23,436.22,717.59,449.79,194.9,14.36,13.57,1.058,False,,True,unattributed,5,evt_01-P02_desk_work_surface_0009,5950c89fac658d94,pose_hand_context,,2304.0,13.33,,1,01/e1/v1,rtmpose_baseline
corpus_01,01.Candidate was found using a mobile phone in the examination hall..mkv,b842b03e5784d867e93770560d88150a526250df69077cd3065edbbd4c842098,rf_detr_sahi,58140.0,unknown_object,0.5132,674.68,499.0,754.35,585.13,6861.3,79.67,86.13,0.925,False,,True,unattributed,4,evt_01-P02_desk_work_surface_0009,9e06d2590a307834,pose_hand_context,,52535.8,2.69,,1,01/e1/v1,rtmpose_baseline
corpus_01,01.Candidate was found using a mobile phone in the examination hall..mkv,b842b03e5784d867e93770560d88150a526250df69077cd3065edbbd4c842098,rf_detr_sahi,58140.0,unknown_object,0.4259,674.02,499.7,700.89,645.58,3920.1,26.87,145.88,0.184,False,,True,unattributed,4,evt_01-P02_desk_work_surface_0009,9e06d2590a307834,pose_hand_context,,52535.8,2.69,,1,01/e1/v1,rtmpose_baseline
corpus_01,01.Candidate was found using a mobile phone in the examination hall..mkv,b842b03e5784d867e93770560d88150a526250df69077cd3065edbbd4c842098,rf_detr_sahi,58140.0,unknown_object,0.3493,674.02,595.0,700.66,645.33,1340.6,26.64,50.33,0.529,False,,True,unattributed,4,evt_01-P02_desk_work_surface_0009,9e06d2590a307834,pose_hand_context,,52535.8,2.69,,1,01/e1/v1,rtmpose_baseline
corpus_01,01.Candidate was found using a mobile phone in the examination hall..mkv,b842b03e5784d867e93770560d88150a526250df69077cd3065edbbd4c842098,rf_detr_sahi,58140.0,bag,0.2845,718.11,700.84,792.88,719.96,1430.0,74.78,19.12,3.91,False,,True,unattributed,4,evt_01-P02_desk_work_surface_0009,9e06d2590a307834,pose_hand_context,,52535.8,2.69,,1,01/e1/v1,rtmpose_baseline
corpus_01,01.Candidate was found using a mobile phone in the examination hall..mkv,b842b03e5784d867e93770560d88150a526250df69077cd3065edbbd4c842098,rf_detr_sahi,58140.0,monitor_or_bezel,0.7741,980.19,587.59,1047.95,713.98,8565.0,67.77,126.39,0.536,False,,True,unattributed,7,evt_01-P02_desk_work_surface_0009,c1449f2c781d86ac,native_source_context_fallback,no_pose_observation,34478.1,2.54,,1,01/e1/v1,
corpus_01,01.Candidate was found using a mobile phone in the examination hall..mkv,b842b03e5784d867e93770560d88150a526250df69077cd3065edbbd4c842098,rf_detr_sahi,58140.0,unknown_object,0.4497,911.29,463.75,1047.47,712.54,33880.0,136.18,248.79,0.547,False,,True,unattributed,7,evt_01-P02_desk_work_surface_0009,c1449f2c781d86ac,native_source_context_fallback,no_pose_observation,34478.1,2.54,,1,01/e1/v1,
corpus_01,01.Candidate was found using a mobile phone in the examination hall..mkv,b842b03e5784d867e93770560d88150a526250df69077cd3065edbbd4c842098,rf_detr_sahi,58140.0,unknown_object,0.3284,1005.07,463.36,1047.89,603.55,6003.2,42.82,140.19,0.305,False,,True,unattributed,7,evt_01-P02_desk_work_surface_0009,c1449f2c781d86ac,native_source_context_fallback,no_pose_observation,34478.1,2.54,,1,01/e1/v1,
corpus_01,01.Candidate was found using a mobile phone in the examination hall..mkv,b842b03e5784d867e93770560d88150a526250df69077cd3065edbbd4c842098,rf_detr_sahi,58140.0,unknown_object,0.3222,977.52,535.87,987.97,603.94,711.6,10.46,68.06,0.154,False,,True,unattributed,7,evt_01-P02_desk_work_surface_0009,c1449f2c781d86ac,native_source_context_fallback,no_pose_observation,34478.1,2.54,,1,01/e1/v1,
corpus_01,01.Candidate was found using a mobile phone in the examination hall..mkv,b842b03e5784d867e93770560d88150a526250df69077cd3065edbbd4c842098,rf_detr_sahi,58140.0,monitor_or_bezel,0.2575,911.02,573.21,988.0,713.96,10834.4,76.98,140.75,0.547,False,,True,unattributed,7,evt_01-P02_desk_work_surface_0009,c1449f2c781d86ac,native_source_context_fallback,no_pose_observation,34478.1,2.54,,1,01/e1/v1,
corpus_01,01.Candidate was found using a mobile phone in the examination hall..mkv,b842b03e5784d867e93770560d88150a526250df69077cd3065edbbd4c842098,rf_detr_sahi,58620.0,phone,0.3994,1015.7,504.7,1030.33,530.98,384.5,14.63,26.28,0.557,False,,True,unattributed,6,evt_01-P03_upper_body_0018,352196567e9ed251,native_source_context_fallback,no_pose_observation,14518.5,3.89,,1,01/e1/v1,
corpus_01,01.Candidate was found using a mobile phone in the examination hall..mkv,b842b03e5784d867e93770560d88150a526250df69077cd3065edbbd4c842098,rf_detr_sahi,58620.0,unknown_object,0.3774,962.07,509.09,981.97,557.79,969.1,19.9,48.7,0.409,False,,True,unattributed,6,evt_01-P03_upper_body_0018,352196567e9ed251,native_source_context_fallback,no_pose_observation,14518.5,3.89,,1,01/e1/v1,
corpus_01,01.Candidate was found using a mobile phone in the examination hall..mkv,b842b03e5784d867e93770560d88150a526250df69077cd3065edbbd4c842098,rf_detr_sahi,58620.0,unknown_object,0.3773,1000.04,537.0,1049.65,625.67,4398.5,49.61,88.67,0.559,False,,True,unattributed,6,evt_01-P03_upper_body_0018,352196567e9ed251,native_source_context_fallback,no_pose_observation,14518.5,3.89,,1,01/e1/v1,
corpus_01,01.Candidate was found using a mobile phone in the examination hall..mkv,b842b03e5784d867e93770560d88150a526250df69077cd3065edbbd4c842098,rf_detr_sahi,58620.0,phone,0.3312,1000.06,465.08,1029.74,485.51,606.3,29.68,20.43,1.453,False,,True,unattributed,6,evt_01-P03_upper_body_0018,352196567e9ed251,native_source_context_fallback,no_pose_observation,14518.5,3.89,,1,01/e1/v1,
corpus_01,01.Candidate was found using a mobile phone in the examination hall..mkv,b842b03e5784d867e93770560d88150a526250df69077cd3065edbbd4c842098,rf_detr_sahi,58620.0,unknown_object,0.2969,1000.04,537.0,1049.31,571.38,1694.0,49.27,34.38,1.433,False,,True,unattributed,6,evt_01-P03_upper_body_0018,352196567e9ed251,native_source_context_fallback,no_pose_observation,14518.5,3.89,,1,01/e1/v1,
corpus_01,01.Candidate was found using a mobile phone in the examination hall..mkv,b842b03e5784d867e93770560d88150a526250df69077cd3065edbbd4c842098,rf_detr_sahi,58620.0,unknown_object,0.2625,994.77,465.02,1010.99,489.67,399.8,16.22,24.65,0.658,False,,True,unattributed,6,evt_01-P03_upper_body_0018,352196567e9ed251,native_source_context_fallback,no_pose_observation,14518.5,3.89,,1,01/e1/v1,
corpus_01,01.Candidate was found using a mobile phone in the examination hall..mkv,b842b03e5784d867e93770560d88150a526250df69077cd3065edbbd4c842098,rf_detr_sahi,58620.0,unknown_object,0.5495,673.71,499.0,753.81,585.17,6902.8,80.1,86.17,0.93,False,,True,unattributed,4,evt_01-P03_upper_body_0018,a37c948dd6043680,pose_hand_context,,53122.5,2.66,,1,01/e1/v1,rtmpose_baseline
corpus_01,01.Candidate was found using a mobile phone in the examination hall..mkv,b842b03e5784d867e93770560d88150a526250df69077cd3065edbbd4c842098,rf_detr_sahi,58620.0,unknown_object,0.4299,673.03,499.42,700.88,645.91,4079.7,27.85,146.48,0.19,False,,True,unattributed,4,evt_01-P03_upper_body_0018,a37c948dd6043680,pose_hand_context,,53122.5,2.66,,1,01/e1/v1,rtmpose_baseline
corpus_01,01.Candidate was found using a mobile phone in the examination hall..mkv,b842b03e5784d867e93770560d88150a526250df69077cd3065edbbd4c842098,rf_detr_sahi,58620.0,unknown_object,0.3456,673.01,595.0,700.56,645.31,1386.1,27.55,50.31,0.548,False,,True,unattributed,4,evt_01-P03_upper_body_0018,a37c948dd6043680,pose_hand_context,,53122.5,2.66,,1,01/e1/v1,rtmpose_baseline
corpus_01,01.Candidate was found using a mobile phone in the examination hall..mkv,b842b03e5784d867e93770560d88150a526250df69077cd3065edbbd4c842098,rf_detr_sahi,58620.0,bag,0.2576,675.98,700.92,796.85,719.96,2301.6,120.87,19.04,6.347,False,,True,unattributed,4,evt_01-P03_upper_body_0018,a37c948dd6043680,pose_hand_context,,53122.5,2.66,,1,01/e1/v1,rtmpose_baseline
corpus_01,01.Candidate was found using a mobile phone in the examination hall..mkv,b842b03e5784d867e93770560d88150a526250df69077cd3065edbbd4c842098,rf_detr_sahi,58660.0,phone,0.3792,1015.73,504.4,1030.76,531.31,404.6,15.04,26.91,0.559,False,,True,unattributed,6,evt_01-P02_upper_body_0011,4d7f3b3875be23ed,native_source_context_fallback,no_pose_observation,14826.5,3.82,,1,01/e1/v1,
corpus_01,01.Candidate was found using a mobile phone in the examination hall..mkv,b842b03e5784d867e93770560d88150a526250df69077cd3065edbbd4c842098,rf_detr_sahi,58660.0,phone,0.368,1000.09,462.12,1030.37,485.22,699.3,30.27,23.1,1.31,False,,True,unattributed,6,evt_01-P02_upper_body_0011,4d7f3b3875be23ed,native_source_context_fallback,no_pose_observation,14826.5,3.82,,1,01/e1/v1,
corpus_01,01.Candidate was found using a mobile phone in the examination hall..mkv,b842b03e5784d867e93770560d88150a526250df69077cd3065edbbd4c842098,rf_detr_sahi,58660.0,unknown_object,0.6301,672.65,497.0,759.72,585.12,7672.1,87.07,88.12,0.988,False,,True,unattributed,4,evt_01-P02_upper_body_0011,5b5235bba376459e,pose_hand_context,,54411.5,2.62,,1,01/e1/v1,rtmpose_baseline
corpus_01,01.Candidate was found using a mobile phone in the examination hall..mkv,b842b03e5784d867e93770560d88150a526250df69077cd3065edbbd4c842098,rf_detr_sahi,58660.0,unknown_object,0.4846,671.02,497.28,700.84,646.24,4441.3,29.82,148.96,0.2,False,,True,unattributed,4,evt_01-P02_upper_body_0011,5b5235bba376459e,pose_hand_context,,54411.5,2.62,,1,01/e1/v1,rtmpose_baseline
corpus_01,01.Candidate was found using a mobile phone in the examination hall..mkv,b842b03e5784d867e93770560d88150a526250df69077cd3065edbbd4c842098,rf_detr_sahi,58660.0,unknown_object,0.3851,671.0,594.0,700.54,645.3,1515.4,29.54,51.3,0.576,False,,True,unattributed,4,evt_01-P02_upper_body_0011,5b5235bba376459e,pose_hand_context,,54411.5,2.62,,1,01/e1/v1,rtmpose_baseline
corpus_01,01.Candidate was found using a mobile phone in the examination hall..mkv,b842b03e5784d867e93770560d88150a526250df69077cd3065edbbd4c842098,rf_detr_sahi,58660.0,bag,0.2698,673.39,700.72,798.35,719.98,2406.8,124.96,19.26,6.488,False,,True,unattributed,4,evt_01-P02_upper_body_0011,5b5235bba376459e,pose_hand_context,,54411.5,2.62,,1,01/e1/v1,rtmpose_baseline
corpus_01,01.Candidate was found using a mobile phone in the examination hall..mkv,b842b03e5784d867e93770560d88150a526250df69077cd3065edbbd4c842098,rf_detr_sahi,58660.0,unknown_object,0.3934,705.48,420.09,726.53,441.72,455.4,21.05,21.64,0.973,False,,True,unattributed,5,evt_01-P02_upper_body_0011,a5184d281692ae52,pose_hand_context,,2304.0,13.33,,1,01/e1/v1,rtmpose_baseline
corpus_01,01.Candidate was found using a mobile phone in the examination hall..mkv,b842b03e5784d867e93770560d88150a526250df69077cd3065edbbd4c842098,rf_detr_sahi,58820.0,phone,0.2993,996.77,478.42,1016.22,497.03,361.8,19.45,18.61,1.045,False,,True,unattributed,6,evt_01-P06_upper_body_0046,8c7436e6873ec719,native_source_context_fallback,no_pose_observation,15983.9,3.73,,1,01/e1/v1,
corpus_01,01.Candidate was found using a mobile phone in the examination hall..mkv,b842b03e5784d867e93770560d88150a526250df69077cd3065edbbd4c842098,rf_detr_sahi,58820.0,monitor_or_bezel,0.3089,915.1,571.13,991.0,713.95,10840.4,75.9,142.82,0.531,False,,True,unattributed,7,evt_01-P06_upper_body_0046,b31e39825881cc28,native_source_context_fallback,no_pose_observation,34532.9,2.52,,1,01/e1/v1,
corpus_01,01.Candidate was found using a mobile phone in the examination hall..mkv,b842b03e5784d867e93770560d88150a526250df69077cd3065edbbd4c842098,rf_detr_sahi,58820.0,bag,0.2948,915.1,571.13,991.0,713.95,10840.4,75.9,142.82,0.531,False,,True,unattributed,7,evt_01-P06_upper_body_0046,b31e39825881cc28,native_source_context_fallback,no_pose_observation,34532.9,2.52,,1,01/e1/v1,
corpus_01,01.Candidate was found using a mobile phone in the examination hall..mkv,b842b03e5784d867e93770560d88150a526250df69077cd3065edbbd4c842098,rf_detr_sahi,58820.0,monitor_or_bezel,0.2661,980.18,638.2,991.0,713.66,816.5,10.82,75.46,0.143,False,,True,unattributed,7,evt_01-P06_upper_body_0046,b31e39825881cc28,native_source_context_fallback,no_pose_observation,34532.9,2.52,,1,01/e1/v1,
corpus_01,01.Candidate was found using a mobile phone in the examination hall..mkv,b842b03e5784d867e93770560d88150a526250df69077cd3065edbbd4c842098,rf_detr_sahi,58820.0,bag,0.2568,980.06,584.49,1051.0,714.0,9188.0,70.94,129.51,0.548,False,,True,unattributed,7,evt_01-P06_upper_body_0046,b31e39825881cc28,native_source_context_fallback,no_pose_observation,34532.9,2.52,,1,01/e1/v1,
corpus_01,01.Candidate was found using a mobile phone in the examination hall..mkv,b842b03e5784d867e93770560d88150a526250df69077cd3065edbbd4c842098,rf_detr_sahi,58820.0,unknown_object,0.5067,672.51,499.0,753.66,585.46,7017.0,81.16,86.46,0.939,False,,True,unattributed,4,evt_01-P06_upper_body_0046,c564f5e07b46444a,pose_hand_context,,53302.0,2.65,,1,01/e1/v1,rtmpose_baseline
corpus_01,01.Candidate was found using a mobile phone in the examination hall..mkv,b842b03e5784d867e93770560d88150a526250df69077cd3065edbbd4c842098,rf_detr_sahi,58820.0,unknown_object,0.4571,672.02,499.29,700.69,646.13,4209.1,28.66,146.84,0.195,False,,True,unattributed,4,evt_01-P06_upper_body_0046,c564f5e07b46444a,pose_hand_context,,53302.0,2.65,,1,01/e1/v1,rtmpose_baseline
corpus_01,01.Candidate was found using a mobile phone in the examination hall..mkv,b842b03e5784d867e93770560d88150a526250df69077cd3065edbbd4c842098,rf_detr_sahi,58820.0,unknown_object,0.3385,672.0,595.0,700.39,645.29,1427.7,28.39,50.29,0.565,False,,True,unattributed,4,evt_01-P06_upper_body_0046,c564f5e07b46444a,pose_hand_context,,53302.0,2.65,,1,01/e1/v1,rtmpose_baseline
corpus_01,01.Candidate was found using a mobile phone in the examination hall..mkv,b842b03e5784d867e93770560d88150a526250df69077cd3065edbbd4c842098,rf_detr_sahi,58820.0,bag,0.282,674.8,700.75,796.7,719.98,2344.1,121.89,19.23,6.339,False,,True,unattributed,4,evt_01-P06_upper_body_0046,c564f5e07b46444a,pose_hand_context,,53302.0,2.65,,1,01/e1/v1,rtmpose_baseline
corpus_01,01.Candidate was found using a mobile phone in the examination hall..mkv,b842b03e5784d867e93770560d88150a526250df69077cd3065edbbd4c842098,rf_detr_sahi,58820.0,unknown_object,0.2575,804.81,595.0,808.0,622.4,87.4,3.19,27.4,0.116,True,object footprint 87 px is under the 120 px floor for a call,False,unattributed,4,evt_01-P06_upper_body_0046,c564f5e07b46444a,pose_hand_context,,53302.0,2.65,,1,01/e1/v1,rtmpose_baseline
corpus_01,01.Candidate was found using a mobile phone in the examination hall..mkv,b842b03e5784d867e93770560d88150a526250df69077cd3065edbbd4c842098,rf_detr_sahi,59340.0,unknown_object,0.2813,995.4,460.01,1049.97,630.46,9300.7,54.57,170.45,0.32,False,,True,unattributed,6,evt_01-P03_upper_body_0019,b712ac46cdf1b522,native_source_context_fallback,no_pose_observation,16501.2,3.71,,1,01/e1/v1,
corpus_01,01.Candidate was found using a mobile phone in the examination hall..mkv,b842b03e5784d867e93770560d88150a526250df69077cd3065edbbd4c842098,rf_detr_sahi,59340.0,unknown_object,0.5757,667.5,496.0,759.11,585.33,8183.7,91.61,89.33,1.026,False,,True,unattributed,4,evt_01-P03_upper_body_0019,c0e51b55825e8c7c,pose_hand_context,,56116.9,2.55,,1,01/e1/v1,rtmpose_baseline
corpus_01,01.Candidate was found using a mobile phone in the examination hall..mkv,b842b03e5784d867e93770560d88150a526250df69077cd3065edbbd4c842098,rf_detr_sahi,59340.0,unknown_object,0.5209,666.02,496.38,700.77,646.03,5199.8,34.75,149.65,0.232,False,,True,unattributed,4,evt_01-P03_upper_body_0019,c0e51b55825e8c7c,pose_hand_context,,56116.9,2.55,,1,01/e1/v1,rtmpose_baseline
corpus_01,01.Candidate was found using a mobile phone in the examination hall..mkv,b842b03e5784d867e93770560d88150a526250df69077cd3065edbbd4c842098,rf_detr_sahi,59340.0,unknown_object,0.3676,666.04,594.0,701.01,645.43,1798.4,34.97,51.43,0.68,False,,True,unattributed,4,evt_01-P03_upper_body_0019,c0e51b55825e8c7c,pose_hand_context,,56116.9,2.55,,1,01/e1/v1,rtmpose_baseline
corpus_01,01.Candidate was found using a mobile phone in the examination hall..mkv,b842b03e5784d867e93770560d88150a526250df69077cd3065edbbd4c842098,rf_detr_sahi,59340.0,monitor_or_bezel,0.4872,980.36,584.02,1050.99,714.0,9180.7,70.63,129.98,0.543,False,,True,unattributed,7,evt_01-P03_upper_body_0019,dc1f3a61f7162519,native_source_context_fallback,no_pose_observation,35139.1,2.52,,1,01/e1/v1,
corpus_01,01.Candidate was found using a mobile phone in the examination hall..mkv,b842b03e5784d867e93770560d88150a526250df69077cd3065edbbd4c842098,rf_detr_sahi,59340.0,unknown_object,0.3865,1003.98,460.0,1050.97,602.58,6699.6,46.99,142.58,0.33,False,,True,unattributed,7,evt_01-P03_upper_body_0019,dc1f3a61f7162519,native_source_context_fallback,no_pose_observation,35139.1,2.52,,1,01/e1/v1,
corpus_01,01.Candidate was found using a mobile phone in the examination hall..mkv,b842b03e5784d867e93770560d88150a526250df69077cd3065edbbd4c842098,rf_detr_sahi,59340.0,unknown_object,0.3548,977.36,537.3,990.97,602.97,893.4,13.6,65.68,0.207,False,,True,unattributed,7,evt_01-P03_upper_body_0019,dc1f3a61f7162519,native_source_context_fallback,no_pose_observation,35139.1,2.52,,1,01/e1/v1,
corpus_01,01.Candidate was found using a mobile phone in the examination hall..mkv,b842b03e5784d867e93770560d88150a526250df69077cd3065edbbd4c842098,rf_detr_sahi,59340.0,unknown_object,0.3466,913.1,571.15,991.0,713.75,11108.7,77.9,142.6,0.546,False,,True,unattributed,7,evt_01-P03_upper_body_0019,dc1f3a61f7162519,native_source_context_fallback,no_pose_observation,35139.1,2.52,,1,01/e1/v1,
corpus_01,01.Candidate was found using a mobile phone in the examination hall..mkv,b842b03e5784d867e93770560d88150a526250df69077cd3065edbbd4c842098,rf_detr_sahi,59340.0,monitor_or_bezel,0.3275,979.92,638.29,991.0,713.5,833.0,11.08,75.2,0.147,False,,True,unattributed,7,evt_01-P03_upper_body_0019,dc1f3a61f7162519,native_source_context_fallback,no_pose_observation,35139.1,2.52,,1,01/e1/v1,
corpus_01,01.Candidate was found using a mobile phone in the examination hall..mkv,b842b03e5784d867e93770560d88150a526250df69077cd3065edbbd4c842098,rf_detr_sahi,59340.0,bag,0.2747,913.1,571.15,991.0,713.75,11108.7,77.9,142.6,0.546,False,,True,unattributed,7,evt_01-P03_upper_body_0019,dc1f3a61f7162519,native_source_context_fallback,no_pose_observation,35139.1,2.52,,1,01/e1/v1,
corpus_01,01.Candidate was found using a mobile phone in the examination hall..mkv,b842b03e5784d867e93770560d88150a526250df69077cd3065edbbd4c842098,rf_detr_sahi,59340.0,bag,0.2526,980.36,584.02,1050.99,714.0,9180.7,70.63,129.98,0.543,False,,True,unattributed,7,evt_01-P03_upper_body_0019,dc1f3a61f7162519,native_source_context_fallback,no_pose_observation,35139.1,2.52,,1,01/e1/v1,
corpus_01,01.Candidate was found using a mobile phone in the examination hall..mkv,b842b03e5784d867e93770560d88150a526250df69077cd3065edbbd4c842098,rf_detr_sahi,59820.0,unknown_object,0.6127,665.01,495.32,701.1,646.14,5444.3,36.1,150.82,0.239,False,,True,unattributed,4,evt_01-P06_upper_body_0046,76e715022a2634d7,pose_hand_context,,56105.4,2.56,,1,01/e1/v1,rtmpose_baseline
corpus_01,01.Candidate was found using a mobile phone in the examination hall..mkv,b842b03e5784d867e93770560d88150a526250df69077cd3065edbbd4c842098,rf_detr_sahi,59820.0,unknown_object,0.5376,682.83,495.0,761.52,585.35,7110.4,78.7,90.35,0.871,False,,True,unattributed,4,evt_01-P06_upper_body_0046,76e715022a2634d7,pose_hand_context,,56105.4,2.56,,1,01/e1/v1,rtmpose_baseline
corpus_01,01.Candidate was found using a mobile phone in the examination hall..mkv,b842b03e5784d867e93770560d88150a526250df69077cd3065edbbd4c842098,rf_detr_sahi,59820.0,unknown_object,0.3992,665.06,593.0,700.56,645.38,1859.4,35.5,52.38,0.678,False,,True,unattributed,4,evt_01-P06_upper_body_0046,76e715022a2634d7,pose_hand_context,,56105.4,2.56,,1,01/e1/v1,rtmpose_baseline
corpus_01,01.Candidate was found using a mobile phone in the examination hall..mkv,b842b03e5784d867e93770560d88150a526250df69077cd3065edbbd4c842098,rf_detr_sahi,59820.0,unknown_object,0.2976,802.6,593.0,805.0,622.97,72.1,2.4,29.97,0.08,True,object footprint 72 px is under the 120 px floor for a call,False,unattributed,4,evt_01-P06_upper_body_0046,76e715022a2634d7,pose_hand_context,,56105.4,2.56,,1,01/e1/v1,rtmpose_baseline
corpus_01,01.Candidate was found using a mobile phone in the examination hall..mkv,b842b03e5784d867e93770560d88150a526250df69077cd3065edbbd4c842098,rf_detr_sahi,59820.0,bag,0.252,719.87,700.8,792.56,720.0,1395.6,72.69,19.2,3.786,False,,True,unattributed,4,evt_01-P06_upper_body_0046,76e715022a2634d7,pose_hand_context,,56105.4,2.56,,1,01/e1/v1,rtmpose_baseline
corpus_01,01.Candidate was found using a mobile phone in the examination hall..mkv,b842b03e5784d867e93770560d88150a526250df69077cd3065edbbd4c842098,rf_detr_sahi,59820.0,unknown_object,0.327,1015.31,466.36,1041.56,531.03,1697.7,26.25,64.67,0.406,False,,True,unattributed,6,evt_01-P06_upper_body_0046,c5516ffd0ba2dfe8,pose_hand_context,,7708.8,7.29,,1,01/e1/v1,rtmpose_baseline
corpus_01,01.Candidate was found using a mobile phone in the examination hall..mkv,b842b03e5784d867e93770560d88150a526250df69077cd3065edbbd4c842098,rf_detr_sahi,59820.0,phone,0.2533,1015.6,504.0,1033.54,530.97,483.8,17.94,26.97,0.665,False,,True,unattributed,6,evt_01-P06_upper_body_0046,c5516ffd0ba2dfe8,pose_hand_context,,7708.8,7.29,,1,01/e1/v1,rtmpose_baseline
corpus_01,01.Candidate was found using a mobile phone in the examination hall..mkv,b842b03e5784d867e93770560d88150a526250df69077cd3065edbbd4c842098,rf_detr_sahi,59820.0,unknown_object,0.327,1015.31,466.36,1041.56,531.03,1697.7,26.25,64.67,0.406,False,,True,unattributed,7,evt_01-P06_upper_body_0046,c5516ffd0ba2dfe8,pose_hand_context,,7708.8,7.29,,1,01/e1/v1,rtmpose_baseline
corpus_01,01.Candidate was found using a mobile phone in the examination hall..mkv,b842b03e5784d867e93770560d88150a526250df69077cd3065edbbd4c842098,rf_detr_sahi,59820.0,phone,0.2533,1015.6,504.0,1033.54,530.97,483.8,17.94,26.97,0.665,False,,True,unattributed,7,evt_01-P06_upper_body_0046,c5516ffd0ba2dfe8,pose_hand_context,,7708.8,7.29,,1,01/e1/v1,rtmpose_baseline
corpus_01,01.Candidate was found using a mobile phone in the examination hall..mkv,b842b03e5784d867e93770560d88150a526250df69077cd3065edbbd4c842098,rf_detr_sahi,59860.0,unknown_object,0.5579,1016.07,464.09,1041.72,530.57,1705.6,25.65,66.48,0.386,False,,True,unattributed,6,evt_01-P02_upper_body_0012,03721f82baea14df,pose_hand_context,,8118.0,7.1,,1,01/e1/v1,rtmpose_baseline
corpus_01,01.Candidate was found using a mobile phone in the examination hall..mkv,b842b03e5784d867e93770560d88150a526250df69077cd3065edbbd4c842098,rf_detr_sahi,59860.0,phone,0.5474,1015.46,504.01,1033.51,530.67,481.2,18.05,26.66,0.677,False,,True,unattributed,6,evt_01-P02_upper_body_0012,03721f82baea14df,pose_hand_context,,8118.0,7.1,,1,01/e1/v1,rtmpose_baseline
corpus_01,01.Candidate was found using a mobile phone in the examination hall..mkv,b842b03e5784d867e93770560d88150a526250df69077cd3065edbbd4c842098,rf_detr_sahi,59860.0,unknown_object,0.5579,1016.07,464.09,1041.72,530.57,1705.6,25.65,66.48,0.386,False,,True,unattributed,7,evt_01-P02_upper_body_0012,03721f82baea14df,pose_hand_context,,8118.0,7.1,,1,01/e1/v1,rtmpose_baseline
corpus_01,01.Candidate was found using a mobile phone in the examination hall..mkv,b842b03e5784d867e93770560d88150a526250df69077cd3065edbbd4c842098,rf_detr_sahi,59860.0,phone,0.5474,1015.46,504.01,1033.51,530.67,481.2,18.05,26.66,0.677,False,,True,unattributed,7,evt_01-P02_upper_body_0012,03721f82baea14df,pose_hand_context,,8118.0,7.1,,1,01/e1/v1,rtmpose_baseline
corpus_01,01.Candidate was found using a mobile phone in the examination hall..mkv,b842b03e5784d867e93770560d88150a526250df69077cd3065edbbd4c842098,rf_detr_sahi,59860.0,unknown_object,0.7005,663.0,494.01,701.2,646.34,5818.3,38.2,152.33,0.251,False,,True,unattributed,4,evt_01-P02_upper_body_0012,75550b45ac50a41e,pose_hand_context,,57061.8,2.53,,1,01/e1/v1,rtmpose_baseline
corpus_01,01.Candidate was found using a mobile phone in the examination hall..mkv,b842b03e5784d867e93770560d88150a526250df69077cd3065edbbd4c842098,rf_detr_sahi,59860.0,unknown_object,0.4818,686.37,494.0,771.21,585.14,7731.7,84.84,91.14,0.931,False,,True,unattributed,4,evt_01-P02_upper_body_0012,75550b45ac50a41e,pose_hand_context,,57061.8,2.53,,1,01/e1/v1,rtmpose_baseline
corpus_01,01.Candidate was found using a mobile phone in the examination hall..mkv,b842b03e5784d867e93770560d88150a526250df69077cd3065edbbd4c842098,rf_detr_sahi,59860.0,unknown_object,0.4543,663.09,593.01,700.39,645.28,1949.7,37.3,52.27,0.714,False,,True,unattributed,4,evt_01-P02_upper_body_0012,75550b45ac50a41e,pose_hand_context,,57061.8,2.53,,1,01/e1/v1,rtmpose_baseline
corpus_01,01.Candidate was found using a mobile phone in the examination hall..mkv,b842b03e5784d867e93770560d88150a526250df69077cd3065edbbd4c842098,rf_detr_sahi,59860.0,bag,0.2891,721.64,700.6,792.21,719.99,1368.2,70.56,19.39,3.639,False,,True,unattributed,4,evt_01-P02_upper_body_0012,75550b45ac50a41e,pose_hand_context,,57061.8,2.53,,1,01/e1/v1,rtmpose_baseline
corpus_01,01.Candidate was found using a mobile phone in the examination hall..mkv,b842b03e5784d867e93770560d88150a526250df69077cd3065edbbd4c842098,rf_detr_sahi,59860.0,unknown_object,0.2687,802.74,593.0,806.0,623.45,99.1,3.26,30.45,0.107,True,object footprint 99 px is under the 120 px floor for a call,False,unattributed,4,evt_01-P02_upper_body_0012,75550b45ac50a41e,pose_hand_context,,57061.8,2.53,,1,01/e1/v1,rtmpose_baseline
corpus_01,01.Candidate was found using a mobile phone in the examination hall..mkv,b842b03e5784d867e93770560d88150a526250df69077cd3065edbbd4c842098,rf_detr_sahi,60340.0,unknown_object,0.5474,683.7,495.0,762.59,585.22,7117.3,78.89,90.22,0.874,False,,True,unattributed,4,evt_01-P03_upper_body_0019,0e6eb70cb5f34406,pose_hand_context,,56343.4,2.55,,1,01/e1/v1,rtmpose_baseline
corpus_01,01.Candidate was found using a mobile phone in the examination hall..mkv,b842b03e5784d867e93770560d88150a526250df69077cd3065edbbd4c842098,rf_detr_sahi,60340.0,unknown_object,0.5263,665.0,495.42,701.0,646.29,5431.8,36.0,150.87,0.239,False,,True,unattributed,4,evt_01-P03_upper_body_0019,0e6eb70cb5f34406,pose_hand_context,,56343.4,2.55,,1,01/e1/v1,rtmpose_baseline
corpus_01,01.Candidate was found using a mobile phone in the examination hall..mkv,b842b03e5784d867e93770560d88150a526250df69077cd3065edbbd4c842098,rf_detr_sahi,60340.0,unknown_object,0.3699,665.03,593.0,700.28,645.5,1850.5,35.25,52.5,0.671,False,,True,unattributed,4,evt_01-P03_upper_body_0019,0e6eb70cb5f34406,pose_hand_context,,56343.4,2.55,,1,01/e1/v1,rtmpose_baseline
corpus_01,01.Candidate was found using a mobile phone in the examination hall..mkv,b842b03e5784d867e93770560d88150a526250df69077cd3065edbbd4c842098,rf_detr_sahi,60340.0,unknown_object,0.8069,998.06,463.05,1040.67,513.99,2170.5,42.61,50.93,0.837,False,,True,unattributed,7,evt_01-P03_upper_body_0019,e32f42d6c4b70339,pose_hand_context,,8508.2,6.94,,1,01/e1/v1,rtmpose_baseline
corpus_01,01.Candidate was found using a mobile phone in the examination hall..mkv,b842b03e5784d867e93770560d88150a526250df69077cd3065edbbd4c842098,rf_detr_sahi,60340.0,unknown_object,0.4346,1013.15,531.16,1030.02,554.99,402.2,16.88,23.83,0.708,False,,True,unattributed,7,evt_01-P03_upper_body_0019,e32f42d6c4b70339,pose_hand_context,,8508.2,6.94,,1,01/e1/v1,rtmpose_baseline
corpus_01,01.Candidate was found using a mobile phone in the examination hall..mkv,b842b03e5784d867e93770560d88150a526250df69077cd3065edbbd4c842098,rf_detr_sahi,60340.0,unknown_object,0.8069,998.06,463.05,1040.67,513.99,2170.5,42.61,50.93,0.837,False,,True,unattributed,6,evt_01-P03_upper_body_0019,e32f42d6c4b70339,pose_hand_context,,8508.2,6.94,,1,01/e1/v1,rtmpose_baseline
corpus_01,01.Candidate was found using a mobile phone in the examination hall..mkv,b842b03e5784d867e93770560d88150a526250df69077cd3065edbbd4c842098,rf_detr_sahi,60340.0,unknown_object,0.4346,1013.15,531.16,1030.02,554.99,402.2,16.88,23.83,0.708,False,,True,unattributed,6,evt_01-P03_upper_body_0019,e32f42d6c4b70339,pose_hand_context,,8508.2,6.94,,1,01/e1/v1,rtmpose_baseline
corpus_01,01.Candidate was found using a mobile phone in the examination hall..mkv,b842b03e5784d867e93770560d88150a526250df69077cd3065edbbd4c842098,rf_detr_sahi,60380.0,unknown_object,0.2812,702.75,436.57,718.13,450.69,217.2,15.39,14.12,1.09,False,,True,unattributed,5,evt_01-P01_desk_work_surface_0002,3a8d7ab918471617,pose_hand_context,,2304.0,13.33,,1,01/e1/v1,rtmpose_baseline
corpus_01,01.Candidate was found using a mobile phone in the examination hall..mkv,b842b03e5784d867e93770560d88150a526250df69077cd3065edbbd4c842098,rf_detr_sahi,60380.0,unknown_object,0.6298,685.79,491.0,769.84,585.24,7921.3,84.06,94.24,0.892,False,,True,unattributed,4,evt_01-P01_desk_work_surface_0002,7e9468fc339cbcff,pose_hand_context,,57315.8,2.55,,1,01/e1/v1,rtmpose_baseline
corpus_01,01.Candidate was found using a mobile phone in the examination hall..mkv,b842b03e5784d867e93770560d88150a526250df69077cd3065edbbd4c842098,rf_detr_sahi,60380.0,unknown_object,0.5555,665.02,491.5,701.3,646.41,5620.6,36.28,154.91,0.234,False,,True,unattributed,4,evt_01-P01_desk_work_surface_0002,7e9468fc339cbcff,pose_hand_context,,57315.8,2.55,,1,01/e1/v1,rtmpose_baseline
corpus_01,01.Candidate was found using a mobile phone in the examination hall..mkv,b842b03e5784d867e93770560d88150a526250df69077cd3065edbbd4c842098,rf_detr_sahi,60380.0,unknown_object,0.4126,665.03,591.0,700.7,645.33,1937.8,35.67,54.33,0.656,False,,True,unattributed,4,evt_01-P01_desk_work_surface_0002,7e9468fc339cbcff,pose_hand_context,,57315.8,2.55,,1,01/e1/v1,rtmpose_baseline
corpus_01,01.Candidate was found using a mobile phone in the examination hall..mkv,b842b03e5784d867e93770560d88150a526250df69077cd3065edbbd4c842098,rf_detr_sahi,60380.0,bag,0.3194,666.73,700.5,797.88,719.99,2556.1,131.15,19.49,6.729,False,,True,unattributed,4,evt_01-P01_desk_work_surface_0002,7e9468fc339cbcff,pose_hand_context,,57315.8,2.55,,1,01/e1/v1,rtmpose_baseline
corpus_01,01.Candidate was found using a mobile phone in the examination hall..mkv,b842b03e5784d867e93770560d88150a526250df69077cd3065edbbd4c842098,rf_detr_sahi,60380.0,unknown_object,0.405,993.01,501.0,1029.45,557.86,2071.4,36.43,56.86,0.641,False,,True,unattributed,6,evt_01-P01_desk_work_surface_0002,d39dee0b45774dbc,pose_hand_context,,10342.9,6.29,,1,01/e1/v1,rtmpose_baseline
corpus_01,01.Candidate was found using a mobile phone in the examination hall..mkv,b842b03e5784d867e93770560d88150a526250df69077cd3065edbbd4c842098,rf_detr_sahi,60380.0,phone,0.3269,1038.0,469.2,1043.09,497.94,146.1,5.09,28.74,0.177,False,,True,unattributed,6,evt_01-P01_desk_work_surface_0002,d39dee0b45774dbc,pose_hand_context,,10342.9,6.29,,1,01/e1/v1,rtmpose_baseline
corpus_01,01.Candidate was found using a mobile phone in the examination hall..mkv,b842b03e5784d867e93770560d88150a526250df69077cd3065edbbd4c842098,rf_detr_sahi,60380.0,unknown_object,0.405,993.01,501.0,1029.45,557.86,2071.4,36.43,56.86,0.641,False,,True,unattributed,7,evt_01-P01_desk_work_surface_0002,d39dee0b45774dbc,pose_hand_context,,10342.9,6.29,,1,01/e1/v1,rtmpose_baseline
corpus_01,01.Candidate was found using a mobile phone in the examination hall..mkv,b842b03e5784d867e93770560d88150a526250df69077cd3065edbbd4c842098,rf_detr_sahi,60380.0,phone,0.3269,1038.0,469.2,1043.09,497.94,146.1,5.09,28.74,0.177,False,,True,unattributed,7,evt_01-P01_desk_work_surface_0002,d39dee0b45774dbc,pose_hand_context,,10342.9,6.29,,1,01/e1/v1,rtmpose_baseline
corpus_01,01.Candidate was found using a mobile phone in the examination hall..mkv,b842b03e5784d867e93770560d88150a526250df69077cd3065edbbd4c842098,rf_detr_sahi,60820.0,unknown_object,0.5584,989.03,448.0,1050.24,519.0,4346.3,61.22,71.0,0.862,False,,True,unattributed,6,evt_01-P06_upper_body_0046,63953a418a82a873,pose_hand_context,,16073.2,5.05,,1,01/e1/v1,rtmpose_baseline
corpus_01,01.Candidate was found using a mobile phone in the examination hall..mkv,b842b03e5784d867e93770560d88150a526250df69077cd3065edbbd4c842098,rf_detr_sahi,60820.0,monitor_or_bezel,0.4376,1044.11,503.0,1114.97,572.65,4935.3,70.86,69.65,1.017,False,,True,unattributed,6,evt_01-P06_upper_body_0046,63953a418a82a873,pose_hand_context,,16073.2,5.05,,1,01/e1/v1,rtmpose_baseline
corpus_01,01.Candidate was found using a mobile phone in the examination hall..mkv,b842b03e5784d867e93770560d88150a526250df69077cd3065edbbd4c842098,rf_detr_sahi,60820.0,phone,0.2765,1036.61,448.0,1060.0,485.26,871.7,23.39,37.26,0.628,False,,True,unattributed,6,evt_01-P06_upper_body_0046,63953a418a82a873,pose_hand_context,,16073.2,5.05,,1,01/e1/v1,rtmpose_baseline
corpus_01,01.Candidate was found using a mobile phone in the examination hall..mkv,b842b03e5784d867e93770560d88150a526250df69077cd3065edbbd4c842098,rf_detr_sahi,60820.0,stationery,0.2756,1036.61,448.0,1060.0,485.26,871.7,23.39,37.26,0.628,False,,True,unattributed,6,evt_01-P06_upper_body_0046,63953a418a82a873,pose_hand_context,,16073.2,5.05,,1,01/e1/v1,rtmpose_baseline
corpus_01,01.Candidate was found using a mobile phone in the examination hall..mkv,b842b03e5784d867e93770560d88150a526250df69077cd3065edbbd4c842098,rf_detr_sahi,60820.0,unknown_object,0.2696,989.04,503.0,1034.16,573.64,3187.4,45.12,70.64,0.639,False,,True,unattributed,6,evt_01-P06_upper_body_0046,63953a418a82a873,pose_hand_context,,16073.2,5.05,,1,01/e1/v1,rtmpose_baseline
corpus_01,01.Candidate was found using a mobile phone in the examination hall..mkv,b842b03e5784d867e93770560d88150a526250df69077cd3065edbbd4c842098,rf_detr_sahi,60820.0,monitor_or_bezel,0.4278,991.0,582.21,1068.0,649.99,5219.2,77.0,67.78,1.136,False,,True,unattributed,4,evt_01-P06_upper_body_0046,99173e5dfd942e2f,pose_hand_context,,38431.6,2.65,,1,01/e1/v1,rtmpose_baseline
corpus_01,01.Candidate was found using a mobile phone in the examination hall..mkv,b842b03e5784d867e93770560d88150a526250df69077cd3065edbbd4c842098,rf_detr_sahi,60820.0,monitor_or_bezel,0.3921,980.62,582.88,1068.0,718.34,11836.8,87.38,135.46,0.645,False,,True,unattributed,4,evt_01-P06_upper_body_0046,99173e5dfd942e2f,pose_hand_context,,38431.6,2.65,,1,01/e1/v1,rtmpose_baseline
corpus_01,01.Candidate was found using a mobile phone in the examination hall..mkv,b842b03e5784d867e93770560d88150a526250df69077cd3065edbbd4c842098,rf_detr_sahi,60820.0,unknown_object,0.3368,980.1,630.07,1067.89,719.78,7875.1,87.78,89.71,0.979,False,,True,unattributed,4,evt_01-P06_upper_body_0046,99173e5dfd942e2f,pose_hand_context,,38431.6,2.65,,1,01/e1/v1,rtmpose_baseline
corpus_01,01.Candidate was found using a mobile phone in the examination hall..mkv,b842b03e5784d867e93770560d88150a526250df69077cd3065edbbd4c842098,rf_detr_sahi,60820.0,unknown_object,0.3316,932.0,660.34,967.24,706.45,1625.0,35.24,46.11,0.764,False,,True,unattributed,4,evt_01-P06_upper_body_0046,99173e5dfd942e2f,pose_hand_context,,38431.6,2.65,,1,01/e1/v1,rtmpose_baseline
corpus_01,01.Candidate was found using a mobile phone in the examination hall..mkv,b842b03e5784d867e93770560d88150a526250df69077cd3065edbbd4c842098,rf_detr_sahi,60860.0,monitor_or_bezel,0.4238,980.92,584.75,1062.0,718.63,10855.5,81.08,133.88,0.606,False,,True,unattributed,4,evt_01-P02_upper_body_0012,4000fd0a1fd17d9b,pose_hand_context,,36887.2,2.72,,1,01/e1/v1,rtmpose_baseline
corpus_01,01.Candidate was found using a mobile phone in the examination hall..mkv,b842b03e5784d867e93770560d88150a526250df69077cd3065edbbd4c842098,rf_detr_sahi,60860.0,monitor_or_bezel,0.4224,989.7,584.55,1061.93,650.7,4777.4,72.23,66.14,1.092,False,,True,unattributed,4,evt_01-P02_upper_body_0012,4000fd0a1fd17d9b,pose_hand_context,,36887.2,2.72,,1,01/e1/v1,rtmpose_baseline
corpus_01,01.Candidate was found using a mobile phone in the examination hall..mkv,b842b03e5784d867e93770560d88150a526250df69077cd3065edbbd4c842098,rf_detr_sahi,60860.0,unknown_object,0.3789,930.0,631.08,998.3,719.99,6072.7,68.3,88.91,0.768,False,,True,unattributed,4,evt_01-P02_upper_body_0012,4000fd0a1fd17d9b,pose_hand_context,,36887.2,2.72,,1,01/e1/v1,rtmpose_baseline
corpus_01,01.Candidate was found using a mobile phone in the examination hall..mkv,b842b03e5784d867e93770560d88150a526250df69077cd3065edbbd4c842098,rf_detr_sahi,60860.0,unknown_object,0.289,910.6,661.65,959.0,706.06,2149.0,48.4,44.4,1.09,False,,True,unattributed,4,evt_01-P02_upper_body_0012,4000fd0a1fd17d9b,pose_hand_context,,36887.2,2.72,,1,01/e1/v1,rtmpose_baseline
corpus_01,01.Candidate was found using a mobile phone in the examination hall..mkv,b842b03e5784d867e93770560d88150a526250df69077cd3065edbbd4c842098,rf_detr_sahi,60860.0,monitor_or_bezel,0.2629,930.0,631.08,998.3,719.99,6072.7,68.3,88.91,0.768,False,,True,unattributed,4,evt_01-P02_upper_body_0012,4000fd0a1fd17d9b,pose_hand_context,,36887.2,2.72,,1,01/e1/v1,rtmpose_baseline
corpus_01,01.Candidate was found using a mobile phone in the examination hall..mkv,b842b03e5784d867e93770560d88150a526250df69077cd3065edbbd4c842098,rf_detr_sahi,60860.0,unknown_object,0.2502,904.9,631.0,958.96,719.43,4780.9,54.06,88.43,0.611,False,,True,unattributed,4,evt_01-P02_upper_body_0012,4000fd0a1fd17d9b,pose_hand_context,,36887.2,2.72,,1,01/e1/v1,rtmpose_baseline
corpus_01,01.Candidate was found using a mobile phone in the examination hall..mkv,b842b03e5784d867e93770560d88150a526250df69077cd3065edbbd4c842098,rf_detr_sahi,60860.0,monitor_or_bezel,0.432,1043.16,504.09,1115.92,577.95,5373.6,72.76,73.85,0.985,False,,True,unattributed,6,evt_01-P02_upper_body_0012,7bcc5806af69d4b2,pose_hand_context,,16920.8,4.92,,1,01/e1/v1,rtmpose_baseline
corpus_01,01.Candidate was found using a mobile phone in the examination hall..mkv,b842b03e5784d867e93770560d88150a526250df69077cd3065edbbd4c842098,rf_detr_sahi,60860.0,phone,0.4017,1037.01,448.0,1060.0,486.01,873.8,22.99,38.01,0.605,False,,True,unattributed,6,evt_01-P02_upper_body_0012,7bcc5806af69d4b2,pose_hand_context,,16920.8,4.92,,1,01/e1/v1,rtmpose_baseline
corpus_01,01.Candidate was found using a mobile phone in the examination hall..mkv,b842b03e5784d867e93770560d88150a526250df69077cd3065edbbd4c842098,rf_detr_sahi,60860.0,unknown_object,0.3945,986.0,528.84,1031.57,577.87,2234.1,45.57,49.03,0.929,False,,True,unattributed,6,evt_01-P02_upper_body_0012,7bcc5806af69d4b2,pose_hand_context,,16920.8,4.92,,1,01/e1/v1,rtmpose_baseline
corpus_01,01.Candidate was found using a mobile phone in the examination hall..mkv,b842b03e5784d867e93770560d88150a526250df69077cd3065edbbd4c842098,rf_detr_sahi,60860.0,monitor_or_bezel,0.2536,680.08,419.0,728.0,466.87,2293.5,47.92,47.87,1.001,False,,True,unattributed,5,evt_01-P02_upper_body_0012,8c797a6633f0d272,pose_hand_context,,2304.0,13.33,,1,01/e1/v1,rtmpose_baseline
corpus_01,01.Candidate was found using a mobile phone in the examination hall..mkv,b842b03e5784d867e93770560d88150a526250df69077cd3065edbbd4c842098,rf_detr_sahi,61340.0,unknown_object,0.3023,702.5,420.23,726.58,441.68,516.7,24.09,21.45,1.123,False,,True,unattributed,5,evt_01-P03_upper_body_0019,057681aa98e6d5c2,pose_hand_context,,2304.0,13.33,,1,01/e1/v1,rtmpose_baseline
corpus_01,01.Candidate was found using a mobile phone in the examination hall..mkv,b842b03e5784d867e93770560d88150a526250df69077cd3065edbbd4c842098,rf_detr_sahi,61340.0,unknown_object,0.545,990.11,525.75,1033.43,572.79,2037.9,43.32,47.04,0.921,False,,True,unattributed,7,evt_01-P03_upper_body_0019,7d3e26cb470d9643,pose_hand_context,,14146.7,5.38,,1,01/e1/v1,rtmpose_baseline
corpus_01,01.Candidate was found using a mobile phone in the examination hall..mkv,b842b03e5784d867e93770560d88150a526250df69077cd3065edbbd4c842098,rf_detr_sahi,61340.0,monitor_or_bezel,0.359,1042.01,506.04,1108.98,572.25,4434.2,66.97,66.21,1.011,False,,True,unattributed,7,evt_01-P03_upper_body_0019,7d3e26cb470d9643,pose_hand_context,,14146.7,5.38,,1,01/e1/v1,rtmpose_baseline
corpus_01,01.Candidate was found using a mobile phone in the examination hall..mkv,b842b03e5784d867e93770560d88150a526250df69077cd3065edbbd4c842098,rf_detr_sahi,61340.0,unknown_object,0.3514,1014.51,454.12,1109.0,567.45,10707.6,94.49,113.33,0.834,False,,True,unattributed,7,evt_01-P03_upper_body_0019,7d3e26cb470d9643,pose_hand_context,,14146.7,5.38,,1,01/e1/v1,rtmpose_baseline
corpus_01,01.Candidate was found using a mobile phone in the examination hall..mkv,b842b03e5784d867e93770560d88150a526250df69077cd3065edbbd4c842098,rf_detr_sahi,61340.0,unknown_object,0.3681,756.1,667.14,843.95,719.97,4640.0,87.84,52.82,1.663,False,,True,unattributed,4,evt_01-P03_upper_body_0019,b210890c79cb41f3,pose_hand_context,,14645.6,4.12,,1,01/e1/v1,rtmpose_baseline
corpus_01,01.Candidate was found using a mobile phone in the examination hall..mkv,b842b03e5784d867e93770560d88150a526250df69077cd3065edbbd4c842098,rf_detr_sahi,61380.0,unknown_object,0.6028,838.5,672.0,867.92,719.97,1411.2,29.42,47.97,0.613,False,,True,unattributed,4,evt_01-P01_desk_work_surface_0002,00ea3336ad5e2d94,pose_hand_context,,11358.0,4.8,,1,01/e1/v1,rtmpose_baseline
corpus_01,01.Candidate was found using a mobile phone in the examination hall..mkv,b842b03e5784d867e93770560d88150a526250df69077cd3065edbbd4c842098,rf_detr_sahi,61380.0,unknown_object,0.4762,799.15,634.0,860.92,681.93,2960.4,61.76,47.93,1.289,False,,True,unattributed,4,evt_01-P01_desk_work_surface_0002,00ea3336ad5e2d94,pose_hand_context,,11358.0,4.8,,1,01/e1/v1,rtmpose_baseline
corpus_01,01.Candidate was found using a mobile phone in the examination hall..mkv,b842b03e5784d867e93770560d88150a526250df69077cd3065edbbd4c842098,rf_detr_sahi,61380.0,bag,0.3356,741.01,700.96,785.76,719.89,847.2,44.75,18.93,2.364,False,,True,unattributed,4,evt_01-P01_desk_work_surface_0002,00ea3336ad5e2d94,pose_hand_context,,11358.0,4.8,,1,01/e1/v1,rtmpose_baseline
corpus_01,01.Candidate was found using a mobile phone in the examination hall..mkv,b842b03e5784d867e93770560d88150a526250df69077cd3065edbbd4c842098,rf_detr_sahi,61380.0,unknown_object,0.6389,1010.39,450.02,1113.0,577.96,13129.0,102.61,127.94,0.802,False,,True,unattributed,7,evt_01-P01_desk_work_surface_0002,9e82a369dd1c3bd2,pose_hand_context,,16507.1,4.98,,1,01/e1/v1,rtmpose_baseline
corpus_01,01.Candidate was found using a mobile phone in the examination hall..mkv,b842b03e5784d867e93770560d88150a526250df69077cd3065edbbd4c842098,rf_detr_sahi,61380.0,unknown_object,0.6116,984.13,526.32,1033.46,577.75,2536.6,49.32,51.43,0.959,False,,True,unattributed,7,evt_01-P01_desk_work_surface_0002,9e82a369dd1c3bd2,pose_hand_context,,16507.1,4.98,,1,01/e1/v1,rtmpose_baseline
corpus_01,01.Candidate was found using a mobile phone in the examination hall..mkv,b842b03e5784d867e93770560d88150a526250df69077cd3065edbbd4c842098,rf_detr_sahi,61380.0,monitor_or_bezel,0.4068,1041.03,506.03,1113.0,577.15,5118.0,71.97,71.11,1.012,False,,True,unattributed,7,evt_01-P01_desk_work_surface_0002,9e82a369dd1c3bd2,pose_hand_context,,16507.1,4.98,,1,01/e1/v1,rtmpose_baseline
corpus_01,01.Candidate was found using a mobile phone in the examination hall..mkv,b842b03e5784d867e93770560d88150a526250df69077cd3065edbbd4c842098,rf_detr_sahi,61380.0,monitor_or_bezel,0.2665,681.1,419.0,729.0,466.87,2293.3,47.9,47.87,1.001,False,,True,unattributed,5,evt_01-P01_desk_work_surface_0002,cd9a3f1dba609a0a,pose_hand_context,,2304.0,13.33,,1,01/e1/v1,rtmpose_baseline
corpus_01,01.Candidate was found using a mobile phone in the examination hall..mkv,b842b03e5784d867e93770560d88150a526250df69077cd3065edbbd4c842098,rf_detr_sahi,61820.0,unknown_object,0.8761,957.0,511.0,1033.57,607.79,7411.7,76.57,96.79,0.791,False,,True,unattributed,7,evt_01-P06_upper_body_0046,5f9647dbd662408c,pose_hand_context,,30053.7,3.69,,1,01/e1/v1,rtmpose_baseline
corpus_01,01.Candidate was found using a mobile phone in the examination hall..mkv,b842b03e5784d867e93770560d88150a526250df69077cd3065edbbd4c842098,rf_detr_sahi,61820.0,unknown_object,0.6652,1002.57,435.42,1130.91,607.73,22115.0,128.34,172.31,0.745,False,,True,unattributed,7,evt_01-P06_upper_body_0046,5f9647dbd662408c,pose_hand_context,,30053.7,3.69,,1,01/e1/v1,rtmpose_baseline
corpus_01,01.Candidate was found using a mobile phone in the examination hall..mkv,b842b03e5784d867e93770560d88150a526250df69077cd3065edbbd4c842098,rf_detr_sahi,61820.0,unknown_object,0.4078,1033.0,435.26,1131.0,531.72,9452.9,98.0,96.46,1.016,False,,True,unattributed,7,evt_01-P06_upper_body_0046,5f9647dbd662408c,pose_hand_context,,30053.7,3.69,,1,01/e1/v1,rtmpose_baseline
corpus_01,01.Candidate was found using a mobile phone in the examination hall..mkv,b842b03e5784d867e93770560d88150a526250df69077cd3065edbbd4c842098,rf_detr_sahi,61820.0,unknown_object,0.3605,1008.12,578.63,1131.0,607.98,3606.0,122.88,29.35,4.187,False,,True,unattributed,7,evt_01-P06_upper_body_0046,5f9647dbd662408c,pose_hand_context,,30053.7,3.69,,1,01/e1/v1,rtmpose_baseline
corpus_01,01.Candidate was found using a mobile phone in the examination hall..mkv,b842b03e5784d867e93770560d88150a526250df69077cd3065edbbd4c842098,rf_detr_sahi,61820.0,unknown_object,0.4846,582.0,624.0,626.39,677.96,2395.5,44.39,53.96,0.823,False,,True,unattributed,4,evt_01-P06_upper_body_0046,8708bcea15e98283,pose_hand_context,,9204.5,6.66,,1,01/e1/v1,rtmpose_baseline
corpus_01,01.Candidate was found using a mobile phone in the examination hall..mkv,b842b03e5784d867e93770560d88150a526250df69077cd3065edbbd4c842098,rf_detr_sahi,61820.0,unknown_object,0.2757,582.07,666.0,618.66,720.0,1975.6,36.59,54.0,0.678,False,,True,unattributed,4,evt_01-P06_upper_body_0046,8708bcea15e98283,pose_hand_context,,9204.5,6.66,,1,01/e1/v1,rtmpose_baseline
corpus_01,01.Candidate was found using a mobile phone in the examination hall..mkv,b842b03e5784d867e93770560d88150a526250df69077cd3065edbbd4c842098,rf_detr_sahi,61820.0,unknown_object,0.2745,624.0,624.0,678.0,677.94,2912.6,54.0,53.94,1.001,False,,True,unattributed,4,evt_01-P06_upper_body_0046,8708bcea15e98283,pose_hand_context,,9204.5,6.66,,1,01/e1/v1,rtmpose_baseline
corpus_01,01.Candidate was found using a mobile phone in the examination hall..mkv,b842b03e5784d867e93770560d88150a526250df69077cd3065edbbd4c842098,rf_detr_sahi,61860.0,unknown_object,0.2503,702.84,436.88,717.77,450.95,210.1,14.93,14.07,1.061,False,,True,unattributed,5,evt_01-P02_upper_body_0012,10683caf0ee5739d,pose_hand_context,,2304.0,13.33,,1,01/e1/v1,rtmpose_baseline
corpus_01,01.Candidate was found using a mobile phone in the examination hall..mkv,b842b03e5784d867e93770560d88150a526250df69077cd3065edbbd4c842098,rf_detr_sahi,61860.0,unknown_object,0.438,584.68,662.05,630.98,719.9,2678.3,46.3,57.85,0.8,False,,True,unattributed,4,evt_01-P02_upper_body_0012,28d3395401cd57b4,pose_hand_context,,11123.3,5.9,,1,01/e1/v1,rtmpose_baseline
corpus_01,01.Candidate was found using a mobile phone in the examination hall..mkv,b842b03e5784d867e93770560d88150a526250df69077cd3065edbbd4c842098,rf_detr_sahi,61860.0,unknown_object,0.2997,570.01,662.1,592.02,719.92,1273.1,22.02,57.82,0.381,False,,True,unattributed,4,evt_01-P02_upper_body_0012,28d3395401cd57b4,pose_hand_context,,11123.3,5.9,,1,01/e1/v1,rtmpose_baseline
corpus_01,01.Candidate was found using a mobile phone in the examination hall..mkv,b842b03e5784d867e93770560d88150a526250df69077cd3065edbbd4c842098,rf_detr_sahi,61860.0,unknown_object,0.2845,592.16,617.02,629.01,669.42,1931.1,36.85,52.4,0.703,False,,True,unattributed,4,evt_01-P02_upper_body_0012,28d3395401cd57b4,pose_hand_context,,11123.3,5.9,,1,01/e1/v1,rtmpose_baseline
corpus_01,01.Candidate was found using a mobile phone in the examination hall..mkv,b842b03e5784d867e93770560d88150a526250df69077cd3065edbbd4c842098,rf_detr_sahi,61860.0,unknown_object,0.7052,1001.93,435.13,1129.79,606.75,21942.3,127.86,171.62,0.745,False,,True,unattributed,7,evt_01-P02_upper_body_0012,fabdc5617c7a2159,pose_hand_context,,29487.8,3.73,,1,01/e1/v1,rtmpose_baseline
corpus_01,01.Candidate was found using a mobile phone in the examination hall..mkv,b842b03e5784d867e93770560d88150a526250df69077cd3065edbbd4c842098,rf_detr_sahi,61860.0,unknown_object,0.6567,958.0,511.0,1031.14,606.81,7007.1,73.14,95.81,0.763,False,,True,unattributed,7,evt_01-P02_upper_body_0012,fabdc5617c7a2159,pose_hand_context,,29487.8,3.73,,1,01/e1/v1,rtmpose_baseline
corpus_01,01.Candidate was found using a mobile phone in the examination hall..mkv,b842b03e5784d867e93770560d88150a526250df69077cd3065edbbd4c842098,rf_detr_sahi,61860.0,unknown_object,0.5085,1033.0,435.1,1129.9,531.87,9376.8,96.9,96.77,1.001,False,,True,unattributed,7,evt_01-P02_upper_body_0012,fabdc5617c7a2159,pose_hand_context,,29487.8,3.73,,1,01/e1/v1,rtmpose_baseline
corpus_01,01.Candidate was found using a mobile phone in the examination hall..mkv,b842b03e5784d867e93770560d88150a526250df69077cd3065edbbd4c842098,rf_detr_sahi,61860.0,unknown_object,0.3576,1006.02,580.04,1130.0,607.0,3342.6,123.98,26.96,4.599,False,,True,unattributed,7,evt_01-P02_upper_body_0012,fabdc5617c7a2159,pose_hand_context,,29487.8,3.73,,1,01/e1/v1,rtmpose_baseline
corpus_01,01.Candidate was found using a mobile phone in the examination hall..mkv,b842b03e5784d867e93770560d88150a526250df69077cd3065edbbd4c842098,rf_detr_sahi,61860.0,monitor_or_bezel,0.3125,1033.06,511.07,1129.92,607.0,9291.2,96.85,95.93,1.01,False,,True,unattributed,7,evt_01-P02_upper_body_0012,fabdc5617c7a2159,pose_hand_context,,29487.8,3.73,,1,01/e1/v1,rtmpose_baseline
corpus_01,01.Candidate was found using a mobile phone in the examination hall..mkv,b842b03e5784d867e93770560d88150a526250df69077cd3065edbbd4c842098,rf_detr_sahi,61860.0,unknown_object,0.2813,1033.06,511.07,1129.92,607.0,9291.2,96.85,95.93,1.01,False,,True,unattributed,7,evt_01-P02_upper_body_0012,fabdc5617c7a2159,pose_hand_context,,29487.8,3.73,,1,01/e1/v1,rtmpose_baseline
corpus_01,01.Candidate was found using a mobile phone in the examination hall..mkv,b842b03e5784d867e93770560d88150a526250df69077cd3065edbbd4c842098,rf_detr_sahi,61860.0,unknown_object,0.2621,972.44,435.0,1031.45,484.06,2894.9,59.01,49.06,1.203,False,,True,unattributed,7,evt_01-P02_upper_body_0012,fabdc5617c7a2159,pose_hand_context,,29487.8,3.73,,1,01/e1/v1,rtmpose_baseline
corpus_01,01.Candidate was found using a mobile phone in the examination hall..mkv,b842b03e5784d867e93770560d88150a526250df69077cd3065edbbd4c842098,rf_detr_sahi,62340.0,unknown_object,0.3934,684.53,355.05,714.0,413.0,1708.0,29.47,57.95,0.509,False,,True,unattributed,5,evt_01-P03_upper_body_0019,75cb701708e89682,native_source_context_fallback,wrist_confidence_below_floor,6739.4,5.92,,1,01/e1/v1,rtmpose_baseline
corpus_01,01.Candidate was found using a mobile phone in the examination hall..mkv,b842b03e5784d867e93770560d88150a526250df69077cd3065edbbd4c842098,rf_detr_sahi,62340.0,unknown_object,0.4528,1026.11,428.11,1131.0,532.72,10972.2,104.89,104.61,1.003,False,,True,unattributed,7,evt_01-P03_upper_body_0019,9673b7cb4cb83d9a,pose_hand_context,,34819.6,3.43,,1,01/e1/v1,rtmpose_baseline
corpus_01,01.Candidate was found using a mobile phone in the examination hall..mkv,b842b03e5784d867e93770560d88150a526250df69077cd3065edbbd4c842098,rf_detr_sahi,62340.0,phone,0.3967,1026.24,571.33,1071.32,598.52,1225.5,45.08,27.18,1.658,False,,True,unattributed,7,evt_01-P03_upper_body_0019,9673b7cb4cb83d9a,pose_hand_context,,34819.6,3.43,,1,01/e1/v1,rtmpose_baseline
corpus_01,01.Candidate was found using a mobile phone in the examination hall..mkv,b842b03e5784d867e93770560d88150a526250df69077cd3065edbbd4c842098,rf_detr_sahi,62340.0,unknown_object,0.3667,999.94,436.9,1130.67,612.66,22976.1,130.73,175.76,0.744,False,,True,unattributed,7,evt_01-P03_upper_body_0019,9673b7cb4cb83d9a,pose_hand_context,,34819.6,3.43,,1,01/e1/v1,rtmpose_baseline
corpus_01,01.Candidate was found using a mobile phone in the examination hall..mkv,b842b03e5784d867e93770560d88150a526250df69077cd3065edbbd4c842098,rf_detr_sahi,62340.0,unknown_object,0.332,1006.57,587.93,1049.0,615.0,1148.6,42.43,27.07,1.567,False,,True,unattributed,7,evt_01-P03_upper_body_0019,9673b7cb4cb83d9a,pose_hand_context,,34819.6,3.43,,1,01/e1/v1,rtmpose_baseline
corpus_01,01.Candidate was found using a mobile phone in the examination hall..mkv,b842b03e5784d867e93770560d88150a526250df69077cd3065edbbd4c842098,rf_detr_sahi,62340.0,unknown_object,0.2734,944.0,428.0,968.23,450.28,540.0,24.23,22.28,1.088,False,,True,unattributed,7,evt_01-P03_upper_body_0019,9673b7cb4cb83d9a,pose_hand_context,,34819.6,3.43,,1,01/e1/v1,rtmpose_baseline
corpus_01,01.Candidate was found using a mobile phone in the examination hall..mkv,b842b03e5784d867e93770560d88150a526250df69077cd3065edbbd4c842098,rf_detr_sahi,62340.0,unknown_object,0.2703,961.37,428.1,1032.0,486.89,4152.4,70.63,58.79,1.201,False,,True,unattributed,7,evt_01-P03_upper_body_0019,9673b7cb4cb83d9a,pose_hand_context,,34819.6,3.43,,1,01/e1/v1,rtmpose_baseline
corpus_01,01.Candidate was found using a mobile phone in the examination hall..mkv,b842b03e5784d867e93770560d88150a526250df69077cd3065edbbd4c842098,rf_detr_sahi,62340.0,unknown_object,0.2555,1044.34,510.0,1130.7,582.78,6285.4,86.36,72.78,1.187,False,,True,unattributed,7,evt_01-P03_upper_body_0019,9673b7cb4cb83d9a,pose_hand_context,,34819.6,3.43,,1,01/e1/v1,rtmpose_baseline
corpus_01,01.Candidate was found using a mobile phone in the examination hall..mkv,b842b03e5784d867e93770560d88150a526250df69077cd3065edbbd4c842098,rf_detr_sahi,62340.0,bag,0.3022,514.44,627.01,593.92,720.0,7391.6,79.48,92.99,0.855,False,,True,unattributed,4,evt_01-P03_upper_body_0019,aea27f278211d5dd,pose_hand_context,,14248.4,4.16,,1,01/e1/v1,rtmpose_baseline
corpus_01,01.Candidate was found using a mobile phone in the examination hall..mkv,b842b03e5784d867e93770560d88150a526250df69077cd3065edbbd4c842098,rf_detr_sahi,62380.0,mouse,0.5975,639.43,368.95,660.25,378.25,193.7,20.82,9.3,2.239,False,,True,unattributed,10,evt_01-P01_desk_work_surface_0002,55d6f17c8344f12c,native_source_context_fallback,wrist_confidence_below_floor,14896.0,4.16,,1,01/e1/v1,rtmpose_baseline
corpus_01,01.Candidate was found using a mobile phone in the examination hall..mkv,b842b03e5784d867e93770560d88150a526250df69077cd3065edbbd4c842098,rf_detr_sahi,62380.0,unknown_object,0.5214,620.0,364.94,666.46,391.0,1211.0,46.46,26.06,1.783,False,,True,unattributed,10,evt_01-P01_desk_work_surface_0002,55d6f17c8344f12c,native_source_context_fallback,wrist_confidence_below_floor,14896.0,4.16,,1,01/e1/v1,rtmpose_baseline
corpus_01,01.Candidate was found using a mobile phone in the examination hall..mkv,b842b03e5784d867e93770560d88150a526250df69077cd3065edbbd4c842098,rf_detr_sahi,62380.0,stationery,0.3134,639.82,369.14,660.39,377.67,175.4,20.56,8.53,2.411,False,,True,unattributed,10,evt_01-P01_desk_work_surface_0002,55d6f17c8344f12c,native_source_context_fallback,wrist_confidence_below_floor,14896.0,4.16,,1,01/e1/v1,rtmpose_baseline
corpus_01,01.Candidate was found using a mobile phone in the examination hall..mkv,b842b03e5784d867e93770560d88150a526250df69077cd3065edbbd4c842098,rf_detr_sahi,62380.0,unknown_object,0.2974,620.0,372.08,666.5,431.39,2758.2,46.5,59.31,0.784,False,,True,unattributed,10,evt_01-P01_desk_work_surface_0002,55d6f17c8344f12c,native_source_context_fallback,wrist_confidence_below_floor,14896.0,4.16,,1,01/e1/v1,rtmpose_baseline
corpus_01,01.Candidate was found using a mobile phone in the examination hall..mkv,b842b03e5784d867e93770560d88150a526250df69077cd3065edbbd4c842098,rf_detr_sahi,62380.0,unknown_object,0.2695,662.06,372.0,717.0,458.8,4768.8,54.94,86.8,0.633,False,,True,unattributed,10,evt_01-P01_desk_work_surface_0002,55d6f17c8344f12c,native_source_context_fallback,wrist_confidence_below_floor,14896.0,4.16,,1,01/e1/v1,rtmpose_baseline
corpus_01,01.Candidate was found using a mobile phone in the examination hall..mkv,b842b03e5784d867e93770560d88150a526250df69077cd3065edbbd4c842098,rf_detr_sahi,62380.0,unknown_object,0.504,1025.14,429.15,1129.0,532.87,10771.5,103.86,103.72,1.001,False,,True,unattributed,7,evt_01-P01_desk_work_surface_0002,7408a8cf0d9e5d58,pose_hand_context,,34447.4,3.45,,1,01/e1/v1,rtmpose_baseline
corpus_01,01.Candidate was found using a mobile phone in the examination hall..mkv,b842b03e5784d867e93770560d88150a526250df69077cd3065edbbd4c842098,rf_detr_sahi,62380.0,monitor_or_bezel,0.4549,1025.1,578.59,1129.0,613.93,3672.1,103.9,35.34,2.94,False,,True,unattributed,7,evt_01-P01_desk_work_surface_0002,7408a8cf0d9e5d58,pose_hand_context,,34447.4,3.45,,1,01/e1/v1,rtmpose_baseline
corpus_01,01.Candidate was found using a mobile phone in the examination hall..mkv,b842b03e5784d867e93770560d88150a526250df69077cd3065edbbd4c842098,rf_detr_sahi,62380.0,unknown_object,0.4133,1007.37,588.55,1047.95,614.0,1032.9,40.58,25.45,1.595,False,,True,unattributed,7,evt_01-P01_desk_work_surface_0002,7408a8cf0d9e5d58,pose_hand_context,,34447.4,3.45,,1,01/e1/v1,rtmpose_baseline
corpus_01,01.Candidate was found using a mobile phone in the examination hall..mkv,b842b03e5784d867e93770560d88150a526250df69077cd3065edbbd4c842098,rf_detr_sahi,62380.0,phone,0.3479,1025.0,571.77,1069.73,600.06,1265.0,44.73,28.28,1.581,False,,True,unattributed,7,evt_01-P01_desk_work_surface_0002,7408a8cf0d9e5d58,pose_hand_context,,34447.4,3.45,,1,01/e1/v1,rtmpose_baseline
corpus_01,01.Candidate was found using a mobile phone in the examination hall..mkv,b842b03e5784d867e93770560d88150a526250df69077cd3065edbbd4c842098,rf_detr_sahi,62380.0,unknown_object,0.3249,944.03,429.0,968.24,450.81,527.9,24.21,21.81,1.11,False,,True,unattributed,7,evt_01-P01_desk_work_surface_0002,7408a8cf0d9e5d58,pose_hand_context,,34447.4,3.45,,1,01/e1/v1,rtmpose_baseline
corpus_01,01.Candidate was found using a mobile phone in the examination hall..mkv,b842b03e5784d867e93770560d88150a526250df69077cd3065edbbd4c842098,rf_detr_sahi,62380.0,unknown_object,0.3223,961.24,429.01,1031.36,485.46,3957.5,70.11,56.45,1.242,False,,True,unattributed,7,evt_01-P01_desk_work_surface_0002,7408a8cf0d9e5d58,pose_hand_context,,34447.4,3.45,,1,01/e1/v1,rtmpose_baseline
corpus_01,01.Candidate was found using a mobile phone in the examination hall..mkv,b842b03e5784d867e93770560d88150a526250df69077cd3065edbbd4c842098,rf_detr_sahi,62380.0,monitor_or_bezel,0.3105,1025.15,510.05,1128.94,614.0,10789.0,103.79,103.95,0.999,False,,True,unattributed,7,evt_01-P01_desk_work_surface_0002,7408a8cf0d9e5d58,pose_hand_context,,34447.4,3.45,,1,01/e1/v1,rtmpose_baseline
corpus_01,01.Candidate was found using a mobile phone in the examination hall..mkv,b842b03e5784d867e93770560d88150a526250df69077cd3065edbbd4c842098,rf_detr_sahi,62380.0,unknown_object,0.2623,1025.15,510.05,1128.94,614.0,10789.0,103.79,103.95,0.999,False,,True,unattributed,7,evt_01-P01_desk_work_surface_0002,7408a8cf0d9e5d58,pose_hand_context,,34447.4,3.45,,1,01/e1/v1,rtmpose_baseline
corpus_01,01.Candidate was found using a mobile phone in the examination hall..mkv,b842b03e5784d867e93770560d88150a526250df69077cd3065edbbd4c842098,rf_detr_sahi,62380.0,unknown_object,0.2515,1004.95,559.34,1048.0,613.27,2321.8,43.05,53.93,0.798,False,,True,unattributed,7,evt_01-P01_desk_work_surface_0002,7408a8cf0d9e5d58,pose_hand_context,,34447.4,3.45,,1,01/e1/v1,rtmpose_baseline
corpus_01,01.Candidate was found using a mobile phone in the examination hall..mkv,b842b03e5784d867e93770560d88150a526250df69077cd3065edbbd4c842098,rf_detr_sahi,62380.0,stationery,0.5599,639.46,369.31,660.19,377.86,177.1,20.73,8.54,2.426,False,,True,unattributed,9,evt_01-P01_desk_work_surface_0002,e70214643370335b,native_source_context_fallback,wrist_confidence_below_floor,16993.7,3.39,,1,01/e1/v1,rtmpose_baseline
corpus_01,01.Candidate was found using a mobile phone in the examination hall..mkv,b842b03e5784d867e93770560d88150a526250df69077cd3065edbbd4c842098,rf_detr_sahi,62380.0,bag,0.3868,632.3,407.73,677.98,493.99,3940.4,45.68,86.27,0.53,False,,True,unattributed,9,evt_01-P01_desk_work_surface_0002,e70214643370335b,native_source_context_fallback,wrist_confidence_below_floor,16993.7,3.39,,1,01/e1/v1,rtmpose_baseline
corpus_01,01.Candidate was found using a mobile phone in the examination hall..mkv,b842b03e5784d867e93770560d88150a526250df69077cd3065edbbd4c842098,rf_detr_sahi,62380.0,unknown_object,0.3104,667.01,388.07,718.0,493.8,5391.2,50.99,105.72,0.482,False,,True,unattributed,9,evt_01-P01_desk_work_surface_0002,e70214643370335b,native_source_context_fallback,wrist_confidence_below_floor,16993.7,3.39,,1,01/e1/v1,rtmpose_baseline
corpus_01,01.Candidate was found using a mobile phone in the examination hall..mkv,b842b03e5784d867e93770560d88150a526250df69077cd3065edbbd4c842098,rf_detr_sahi,62820.0,unknown_object,0.7446,1022.24,432.1,1128.99,538.85,11396.3,106.75,106.76,1.0,False,,True,unattributed,7,evt_01-P06_upper_body_0046,221354b10c45df1e,pose_hand_context,,35993.7,3.37,,1,01/e1/v1,rtmpose_baseline
corpus_01,01.Candidate was found using a mobile phone in the examination hall..mkv,b842b03e5784d867e93770560d88150a526250df69077cd3065edbbd4c842098,rf_detr_sahi,62820.0,monitor_or_bezel,0.6099,1022.14,578.76,1129.0,621.83,4602.1,106.86,43.07,2.481,False,,True,unattributed,7,evt_01-P06_upper_body_0046,221354b10c45df1e,pose_hand_context,,35993.7,3.37,,1,01/e1/v1,rtmpose_baseline
corpus_01,01.Candidate was found using a mobile phone in the examination hall..mkv,b842b03e5784d867e93770560d88150a526250df69077cd3065edbbd4c842098,rf_detr_sahi,62820.0,stationery,0.3745,1022.13,580.84,1057.25,610.85,1053.9,35.12,30.01,1.17,False,,True,unattributed,7,evt_01-P06_upper_body_0046,221354b10c45df1e,pose_hand_context,,35993.7,3.37,,1,01/e1/v1,rtmpose_baseline
corpus_01,01.Candidate was found using a mobile phone in the examination hall..mkv,b842b03e5784d867e93770560d88150a526250df69077cd3065edbbd4c842098,rf_detr_sahi,62820.0,monitor_or_bezel,0.3631,1022.08,515.17,1128.79,621.82,11380.4,106.71,106.65,1.001,False,,True,unattributed,7,evt_01-P06_upper_body_0046,221354b10c45df1e,pose_hand_context,,35993.7,3.37,,1,01/e1/v1,rtmpose_baseline
corpus_01,01.Candidate was found using a mobile phone in the examination hall..mkv,b842b03e5784d867e93770560d88150a526250df69077cd3065edbbd4c842098,rf_detr_sahi,62820.0,unknown_object,0.2816,939.0,432.0,1031.52,486.42,5035.5,92.52,54.42,1.7,False,,True,unattributed,7,evt_01-P06_upper_body_0046,221354b10c45df1e,pose_hand_context,,35993.7,3.37,,1,01/e1/v1,rtmpose_baseline
corpus_01,01.Candidate was found using a mobile phone in the examination hall..mkv,b842b03e5784d867e93770560d88150a526250df69077cd3065edbbd4c842098,rf_detr_sahi,62820.0,monitor_or_bezel,0.2622,1041.18,515.0,1129.0,565.65,4448.1,87.82,50.65,1.734,False,,True,unattributed,7,evt_01-P06_upper_body_0046,221354b10c45df1e,pose_hand_context,,35993.7,3.37,,1,01/e1/v1,rtmpose_baseline
corpus_01,01.Candidate was found using a mobile phone in the examination hall..mkv,b842b03e5784d867e93770560d88150a526250df69077cd3065edbbd4c842098,rf_detr_sahi,62820.0,unknown_object,0.4476,686.08,353.21,727.84,416.94,2661.5,41.76,63.73,0.655,False,,True,unattributed,5,evt_01-P06_upper_body_0046,801ab4eecd58f659,native_source_context_fallback,wrist_confidence_below_floor,8559.4,5.66,,1,01/e1/v1,rtmpose_baseline
corpus_01,01.Candidate was found using a mobile phone in the examination hall..mkv,b842b03e5784d867e93770560d88150a526250df69077cd3065edbbd4c842098,rf_detr_sahi,62820.0,unknown_object,0.4018,653.02,353.0,669.72,390.87,632.3,16.7,37.87,0.441,False,,True,unattributed,5,evt_01-P06_upper_body_0046,801ab4eecd58f659,native_source_context_fallback,wrist_confidence_below_floor,8559.4,5.66,,1,01/e1/v1,rtmpose_baseline
corpus_01,01.Candidate was found using a mobile phone in the examination hall..mkv,b842b03e5784d867e93770560d88150a526250df69077cd3065edbbd4c842098,rf_detr_sahi,62820.0,monitor_or_bezel,0.3956,653.0,388.38,718.16,416.8,1851.7,65.15,28.42,2.293,False,,True,unattributed,5,evt_01-P06_upper_body_0046,801ab4eecd58f659,native_source_context_fallback,wrist_confidence_below_floor,8559.4,5.66,,1,01/e1/v1,rtmpose_baseline
corpus_01,01.Candidate was found using a mobile phone in the examination hall..mkv,b842b03e5784d867e93770560d88150a526250df69077cd3065edbbd4c842098,rf_detr_sahi,62820.0,unknown_object,0.3653,686.01,304.99,725.87,366.89,2466.9,39.86,61.9,0.644,False,,True,unattributed,5,evt_01-P06_upper_body_0046,801ab4eecd58f659,native_source_context_fallback,wrist_confidence_below_floor,8559.4,5.66,,1,01/e1/v1,rtmpose_baseline
corpus_01,01.Candidate was found using a mobile phone in the examination hall..mkv,b842b03e5784d867e93770560d88150a526250df69077cd3065edbbd4c842098,rf_detr_sahi,62820.0,monitor_or_bezel,0.2837,653.11,353.1,696.0,417.0,2740.7,42.89,63.9,0.671,False,,True,unattributed,5,evt_01-P06_upper_body_0046,801ab4eecd58f659,native_source_context_fallback,wrist_confidence_below_floor,8559.4,5.66,,1,01/e1/v1,rtmpose_baseline
corpus_01,01.Candidate was found using a mobile phone in the examination hall..mkv,b842b03e5784d867e93770560d88150a526250df69077cd3065edbbd4c842098,rf_detr_sahi,62820.0,unknown_object,0.3907,701.33,534.06,765.0,585.31,3262.6,63.67,51.24,1.242,False,,True,unattributed,4,evt_01-P06_upper_body_0046,bc152d83d87a30b6,pose_hand_context,,19544.0,4.58,,1,01/e1/v1,rtmpose_baseline
corpus_01,01.Candidate was found using a mobile phone in the examination hall..mkv,b842b03e5784d867e93770560d88150a526250df69077cd3065edbbd4c842098,rf_detr_sahi,62820.0,unknown_object,0.3789,707.75,342.05,725.52,358.18,286.7,17.77,16.13,1.102,False,,True,unattributed,9,evt_01-P06_upper_body_0046,fec58d5f8963d82a,native_source_context_fallback,wrist_confidence_below_floor,16990.1,3.56,,1,01/e1/v1,rtmpose_baseline
corpus_01,01.Candidate was found using a mobile phone in the examination hall..mkv,b842b03e5784d867e93770560d88150a526250df69077cd3065edbbd4c842098,rf_detr_sahi,62860.0,unknown_object,0.7007,1023.14,434.17,1128.0,538.83,10973.8,104.86,104.65,1.002,False,,True,unattributed,7,evt_01-P02_upper_body_0012,3f7998749f9cf25b,pose_hand_context,,34663.0,3.44,,1,01/e1/v1,rtmpose_baseline
corpus_01,01.Candidate was found using a mobile phone in the examination hall..mkv,b842b03e5784d867e93770560d88150a526250df69077cd3065edbbd4c842098,rf_detr_sahi,62860.0,monitor_or_bezel,0.3949,1023.14,516.27,1127.9,619.95,10861.3,104.76,103.68,1.01,False,,True,unattributed,7,evt_01-P02_upper_body_0012,3f7998749f9cf25b,pose_hand_context,,34663.0,3.44,,1,01/e1/v1,rtmpose_baseline
corpus_01,01.Candidate was found using a mobile phone in the examination hall..mkv,b842b03e5784d867e93770560d88150a526250df69077cd3065edbbd4c842098,rf_detr_sahi,62860.0,unknown_object,0.3611,942.11,434.02,1031.72,486.38,4692.4,89.61,52.36,1.711,False,,True,unattributed,7,evt_01-P02_upper_body_0012,3f7998749f9cf25b,pose_hand_context,,34663.0,3.44,,1,01/e1/v1,rtmpose_baseline
corpus_01,01.Candidate was found using a mobile phone in the examination hall..mkv,b842b03e5784d867e93770560d88150a526250df69077cd3065edbbd4c842098,rf_detr_sahi,62860.0,unknown_object,0.332,942.05,516.0,1022.89,619.84,8394.0,80.83,103.84,0.778,False,,True,unattributed,7,evt_01-P02_upper_body_0012,3f7998749f9cf25b,pose_hand_context,,34663.0,3.44,,1,01/e1/v1,rtmpose_baseline
corpus_01,01.Candidate was found using a mobile phone in the examination hall..mkv,b842b03e5784d867e93770560d88150a526250df69077cd3065edbbd4c842098,rf_detr_sahi,62860.0,monitor_or_bezel,0.3125,1023.15,579.06,1128.0,619.91,4282.7,104.85,40.84,2.567,False,,True,unattributed,7,evt_01-P02_upper_body_0012,3f7998749f9cf25b,pose_hand_context,,34663.0,3.44,,1,01/e1/v1,rtmpose_baseline
corpus_01,01.Candidate was found using a mobile phone in the examination hall..mkv,b842b03e5784d867e93770560d88150a526250df69077cd3065edbbd4c842098,rf_detr_sahi,62860.0,unknown_object,0.4035,650.65,532.09,699.62,603.27,3485.7,48.97,71.18,0.688,False,,True,unattributed,4,evt_01-P02_upper_body_0012,4d0675f76ce0e780,pose_hand_context,,20834.0,4.43,,1,01/e1/v1,rtmpose_baseline
corpus_01,01.Candidate was found using a mobile phone in the examination hall..mkv,b842b03e5784d867e93770560d88150a526250df69077cd3065edbbd4c842098,rf_detr_sahi,62860.0,unknown_object,0.378,700.52,532.0,762.98,585.28,3328.2,62.46,53.28,1.172,False,,True,unattributed,4,evt_01-P02_upper_body_0012,4d0675f76ce0e780,pose_hand_context,,20834.0,4.43,,1,01/e1/v1,rtmpose_baseline
corpus_01,01.Candidate was found using a mobile phone in the examination hall..mkv,b842b03e5784d867e93770560d88150a526250df69077cd3065edbbd4c842098,rf_detr_sahi,62860.0,unknown_object,0.2726,695.0,349.3,726.64,405.9,1791.0,31.64,56.6,0.559,False,,True,unattributed,9,evt_01-P02_upper_body_0012,e3d965dea6cc52d1,native_source_context_fallback,wrist_confidence_below_floor,17391.0,3.5,,1,01/e1/v1,rtmpose_baseline
corpus_01,01.Candidate was found using a mobile phone in the examination hall..mkv,b842b03e5784d867e93770560d88150a526250df69077cd3065edbbd4c842098,rf_detr_sahi,62860.0,stationery,0.2722,653.02,368.38,660.37,377.35,66.0,7.36,8.97,0.82,True,object footprint 66 px is under the 120 px floor for a call,False,unattributed,9,evt_01-P02_upper_body_0012,e3d965dea6cc52d1,native_source_context_fallback,wrist_confidence_below_floor,17391.0,3.5,,1,01/e1/v1,rtmpose_baseline
corpus_01,01.Candidate was found using a mobile phone in the examination hall..mkv,b842b03e5784d867e93770560d88150a526250df69077cd3065edbbd4c842098,rf_detr_sahi,63340.0,monitor_or_bezel,0.7179,1024.16,578.53,1136.93,636.86,6578.4,112.77,58.33,1.933,False,,True,unattributed,7,evt_01-P03_upper_body_0019,24332faae3befd76,pose_hand_context,,40618.4,3.18,,1,01/e1/v1,rtmpose_baseline
corpus_01,01.Candidate was found using a mobile phone in the examination hall..mkv,b842b03e5784d867e93770560d88150a526250df69077cd3065edbbd4c842098,rf_detr_sahi,63340.0,unknown_object,0.4984,989.17,584.38,1048.99,636.99,3147.2,59.82,52.61,1.137,False,,True,unattributed,7,evt_01-P03_upper_body_0019,24332faae3befd76,pose_hand_context,,40618.4,3.18,,1,01/e1/v1,rtmpose_baseline
corpus_01,01.Candidate was found using a mobile phone in the examination hall..mkv,b842b03e5784d867e93770560d88150a526250df69077cd3065edbbd4c842098,rf_detr_sahi,63340.0,unknown_object,0.3773,1004.0,436.43,1136.95,609.68,23033.1,132.95,173.25,0.767,False,,True,unattributed,7,evt_01-P03_upper_body_0019,24332faae3befd76,pose_hand_context,,40618.4,3.18,,1,01/e1/v1,rtmpose_baseline
corpus_01,01.Candidate was found using a mobile phone in the examination hall..mkv,b842b03e5784d867e93770560d88150a526250df69077cd3065edbbd4c842098,rf_detr_sahi,63340.0,unknown_object,0.3756,935.0,435.07,1030.39,484.43,4709.2,95.39,49.37,1.932,False,,True,unattributed,7,evt_01-P03_upper_body_0019,24332faae3befd76,pose_hand_context,,40618.4,3.18,,1,01/e1/v1,rtmpose_baseline
corpus_01,01.Candidate was found using a mobile phone in the examination hall..mkv,b842b03e5784d867e93770560d88150a526250df69077cd3065edbbd4c842098,rf_detr_sahi,63340.0,unknown_object,0.2761,987.82,579.04,1137.0,636.82,8620.2,149.18,57.78,2.582,False,,True,unattributed,7,evt_01-P03_upper_body_0019,24332faae3befd76,pose_hand_context,,40618.4,3.18,,1,01/e1/v1,rtmpose_baseline
corpus_01,01.Candidate was found using a mobile phone in the examination hall..mkv,b842b03e5784d867e93770560d88150a526250df69077cd3065edbbd4c842098,rf_detr_sahi,63340.0,unknown_object,0.6666,730.04,620.0,778.5,678.57,2838.7,48.46,58.57,0.827,False,,True,unattributed,4,evt_01-P03_upper_body_0019,8c2733e017393639,pose_hand_context,,20534.9,4.47,,1,01/e1/v1,rtmpose_baseline
corpus_01,01.Candidate was found using a mobile phone in the examination hall..mkv,b842b03e5784d867e93770560d88150a526250df69077cd3065edbbd4c842098,rf_detr_sahi,63340.0,unknown_object,0.4383,730.08,558.0,804.79,568.69,799.0,74.71,10.69,6.986,False,,True,unattributed,4,evt_01-P03_upper_body_0019,8c2733e017393639,pose_hand_context,,20534.9,4.47,,1,01/e1/v1,rtmpose_baseline
corpus_01,01.Candidate was found using a mobile phone in the examination hall..mkv,b842b03e5784d867e93770560d88150a526250df69077cd3065edbbd4c842098,rf_detr_sahi,63340.0,unknown_object,0.299,736.98,331.49,757.0,370.06,772.1,20.02,38.57,0.519,False,,True,unattributed,9,evt_01-P03_upper_body_0019,c30f76042b5728b8,native_source_context_fallback,wrist_confidence_below_floor,18649.5,3.43,,1,01/e1/v1,rtmpose_baseline
corpus_01,01.Candidate was found using a mobile phone in the examination hall..mkv,b842b03e5784d867e93770560d88150a526250df69077cd3065edbbd4c842098,rf_detr_sahi,63380.0,bag,0.2812,677.5,565.0,705.59,678.6,3191.1,28.09,113.6,0.247,False,,True,unattributed,4,evt_01-P01_desk_work_surface_0002,1c77acde358bd26c,pose_hand_context,,21685.5,4.35,,1,01/e1/v1,rtmpose_baseline
corpus_01,01.Candidate was found using a mobile phone in the examination hall..mkv,b842b03e5784d867e93770560d88150a526250df69077cd3065edbbd4c842098,rf_detr_sahi,63380.0,unknown_object,0.2608,705.15,565.0,808.19,585.67,2130.0,103.04,20.67,4.984,False,,True,unattributed,4,evt_01-P01_desk_work_surface_0002,1c77acde358bd26c,pose_hand_context,,21685.5,4.35,,1,01/e1/v1,rtmpose_baseline
corpus_01,01.Candidate was found using a mobile phone in the examination hall..mkv,b842b03e5784d867e93770560d88150a526250df69077cd3065edbbd4c842098,rf_detr_sahi,63380.0,unknown_object,0.2929,702.4,451.14,756.5,463.54,670.9,54.11,12.4,4.364,False,,True,unattributed,9,evt_01-P01_desk_work_surface_0002,6c59d5387e958263,native_source_context_fallback,wrist_confidence_below_floor,18759.9,3.42,,1,01/e1/v1,rtmpose_baseline
corpus_01,01.Candidate was found using a mobile phone in the examination hall..mkv,b842b03e5784d867e93770560d88150a526250df69077cd3065edbbd4c842098,rf_detr_sahi,63380.0,unknown_object,0.2828,702.0,339.05,739.02,405.77,2470.3,37.02,66.72,0.555,False,,True,unattributed,9,evt_01-P01_desk_work_surface_0002,6c59d5387e958263,native_source_context_fallback,wrist_confidence_below_floor,18759.9,3.42,,1,01/e1/v1,rtmpose_baseline
corpus_01,01.Candidate was found using a mobile phone in the examination hall..mkv,b842b03e5784d867e93770560d88150a526250df69077cd3065edbbd4c842098,rf_detr_sahi,63380.0,unknown_object,0.2528,732.35,369.54,758.0,434.4,1663.4,25.65,64.86,0.395,False,,True,unattributed,9,evt_01-P01_desk_work_surface_0002,6c59d5387e958263,native_source_context_fallback,wrist_confidence_below_floor,18759.9,3.42,,1,01/e1/v1,rtmpose_baseline
corpus_01,01.Candidate was found using a mobile phone in the examination hall..mkv,b842b03e5784d867e93770560d88150a526250df69077cd3065edbbd4c842098,rf_detr_sahi,63380.0,monitor_or_bezel,0.7004,1024.23,578.46,1138.98,639.0,6946.1,114.74,60.54,1.895,False,,True,unattributed,7,evt_01-P01_desk_work_surface_0002,9fba296d9d830f30,pose_hand_context,,41152.2,3.15,,1,01/e1/v1,rtmpose_baseline
corpus_01,01.Candidate was found using a mobile phone in the examination hall..mkv,b842b03e5784d867e93770560d88150a526250df69077cd3065edbbd4c842098,rf_detr_sahi,63380.0,unknown_object,0.3862,1024.13,436.26,1138.92,549.85,13038.3,114.79,113.59,1.011,False,,True,unattributed,7,evt_01-P01_desk_work_surface_0002,9fba296d9d830f30,pose_hand_context,,41152.2,3.15,,1,01/e1/v1,rtmpose_baseline
corpus_01,01.Candidate was found using a mobile phone in the examination hall..mkv,b842b03e5784d867e93770560d88150a526250df69077cd3065edbbd4c842098,rf_detr_sahi,63380.0,unknown_object,0.3209,936.09,436.0,1031.71,486.03,4783.9,95.62,50.03,1.911,False,,True,unattributed,7,evt_01-P01_desk_work_surface_0002,9fba296d9d830f30,pose_hand_context,,41152.2,3.15,,1,01/e1/v1,rtmpose_baseline
corpus_01,01.Candidate was found using a mobile phone in the examination hall..mkv,b842b03e5784d867e93770560d88150a526250df69077cd3065edbbd4c842098,rf_detr_sahi,63380.0,unknown_object,0.2842,991.92,437.87,1138.89,638.98,29558.7,146.97,201.12,0.731,False,,True,unattributed,7,evt_01-P01_desk_work_surface_0002,9fba296d9d830f30,pose_hand_context,,41152.2,3.15,,1,01/e1/v1,rtmpose_baseline
corpus_01,01.Candidate was found using a mobile phone in the examination hall..mkv,b842b03e5784d867e93770560d88150a526250df69077cd3065edbbd4c842098,rf_detr_sahi,63500.0,unknown_object,0.3486,706.06,450.6,761.66,462.98,688.4,55.6,12.38,4.491,False,,True,unattributed,9,evt_01-P01_upper_body_0006,5c64565791f65a95,native_source_context_fallback,wrist_confidence_below_floor,19108.2,3.39,,1,01/e1/v1,rtmpose_baseline
corpus_01,01.Candidate was found using a mobile phone in the examination hall..mkv,b842b03e5784d867e93770560d88150a526250df69077cd3065edbbd4c842098,rf_detr_sahi,63500.0,unknown_object,0.3261,706.24,384.02,761.76,487.79,5761.5,55.52,103.77,0.535,False,,True,unattributed,9,evt_01-P01_upper_body_0006,5c64565791f65a95,native_source_context_fallback,wrist_confidence_below_floor,19108.2,3.39,,1,01/e1/v1,rtmpose_baseline
corpus_01,01.Candidate was found using a mobile phone in the examination hall..mkv,b842b03e5784d867e93770560d88150a526250df69077cd3065edbbd4c842098,rf_detr_sahi,63500.0,unknown_object,0.7536,716.0,639.01,743.25,719.96,2205.7,27.25,80.95,0.337,False,,True,unattributed,4,evt_01-P01_upper_body_0006,ac1335e3382ff960,pose_hand_context,,22082.5,4.14,,1,01/e1/v1,rtmpose_baseline
corpus_01,01.Candidate was found using a mobile phone in the examination hall..mkv,b842b03e5784d867e93770560d88150a526250df69077cd3065edbbd4c842098,rf_detr_sahi,63500.0,bag,0.2533,723.38,700.61,794.53,720.0,1379.8,71.16,19.39,3.67,False,,True,unattributed,4,evt_01-P01_upper_body_0006,ac1335e3382ff960,pose_hand_context,,22082.5,4.14,,1,01/e1/v1,rtmpose_baseline
corpus_01,01.Candidate was found using a mobile phone in the examination hall..mkv,b842b03e5784d867e93770560d88150a526250df69077cd3065edbbd4c842098,rf_detr_sahi,63500.0,monitor_or_bezel,0.467,1026.02,578.21,1143.0,642.95,7574.4,116.98,64.75,1.807,False,,True,unattributed,7,evt_01-P01_upper_body_0006,da5d6e8c8c042a26,pose_hand_context,,43397.2,3.07,,1,01/e1/v1,rtmpose_baseline
corpus_01,01.Candidate was found using a mobile phone in the examination hall..mkv,b842b03e5784d867e93770560d88150a526250df69077cd3065edbbd4c842098,rf_detr_sahi,63500.0,unknown_object,0.4105,1026.03,435.25,1142.81,551.47,13572.2,116.78,116.22,1.005,False,,True,unattributed,7,evt_01-P01_upper_body_0006,da5d6e8c8c042a26,pose_hand_context,,43397.2,3.07,,1,01/e1/v1,rtmpose_baseline
corpus_01,01.Candidate was found using a mobile phone in the examination hall..mkv,b842b03e5784d867e93770560d88150a526250df69077cd3065edbbd4c842098,rf_detr_sahi,63500.0,unknown_object,0.4013,935.12,435.09,1030.49,484.78,4739.0,95.36,49.69,1.919,False,,True,unattributed,7,evt_01-P01_upper_body_0006,da5d6e8c8c042a26,pose_hand_context,,43397.2,3.07,,1,01/e1/v1,rtmpose_baseline
corpus_01,01.Candidate was found using a mobile phone in the examination hall..mkv,b842b03e5784d867e93770560d88150a526250df69077cd3065edbbd4c842098,rf_detr_sahi,63500.0,unknown_object,0.3015,989.42,585.74,1051.88,642.89,3569.3,62.46,57.14,1.093,False,,True,unattributed,7,evt_01-P01_upper_body_0006,da5d6e8c8c042a26,pose_hand_context,,43397.2,3.07,,1,01/e1/v1,rtmpose_baseline
corpus_01,01.Candidate was found using a mobile phone in the examination hall..mkv,b842b03e5784d867e93770560d88150a526250df69077cd3065edbbd4c842098,rf_detr_sahi,63820.0,unknown_object,0.7407,587.1,672.0,623.83,720.0,1763.0,36.73,48.0,0.765,False,,True,unattributed,4,evt_01-P06_upper_body_0046,03051f3f13879f27,pose_hand_context,,13626.0,4.01,,1,01/e1/v1,rtmpose_baseline
corpus_01,01.Candidate was found using a mobile phone in the examination hall..mkv,b842b03e5784d867e93770560d88150a526250df69077cd3065edbbd4c842098,rf_detr_sahi,63820.0,unknown_object,0.3055,717.12,384.22,769.96,487.74,5470.8,52.84,103.53,0.51,False,,True,unattributed,9,evt_01-P06_upper_body_0046,956da4fadbe9ce26,native_source_context_fallback,wrist_confidence_below_floor,17796.3,3.39,,1,01/e1/v1,rtmpose_baseline
corpus_01,01.Candidate was found using a mobile phone in the examination hall..mkv,b842b03e5784d867e93770560d88150a526250df69077cd3065edbbd4c842098,rf_detr_sahi,63820.0,unknown_object,0.4014,931.04,435.09,1031.42,484.89,4998.5,100.38,49.8,2.016,False,,True,unattributed,7,evt_01-P06_upper_body_0046,98aa1545ef08ca80,pose_hand_context,,47271.5,2.94,,1,01/e1/v1,rtmpose_baseline
corpus_01,01.Candidate was found using a mobile phone in the examination hall..mkv,b842b03e5784d867e93770560d88150a526250df69077cd3065edbbd4c842098,rf_detr_sahi,63820.0,monitor_or_bezel,0.3326,1026.14,435.04,1148.0,556.72,14826.8,121.86,121.67,1.002,False,,True,unattributed,7,evt_01-P06_upper_body_0046,98aa1545ef08ca80,pose_hand_context,,47271.5,2.94,,1,01/e1/v1,rtmpose_baseline
corpus_01,01.Candidate was found using a mobile phone in the examination hall..mkv,b842b03e5784d867e93770560d88150a526250df69077cd3065edbbd4c842098,rf_detr_sahi,63820.0,unknown_object,0.2502,1026.15,530.46,1147.85,652.0,14791.8,121.7,121.54,1.001,False,,True,unattributed,7,evt_01-P06_upper_body_0046,98aa1545ef08ca80,pose_hand_context,,47271.5,2.94,,1,01/e1/v1,rtmpose_baseline
corpus_01,01.Candidate was found using a mobile phone in the examination hall..mkv,b842b03e5784d867e93770560d88150a526250df69077cd3065edbbd4c842098,rf_detr_sahi,63860.0,unknown_object,0.7563,585.81,649.3,615.42,683.0,997.9,29.61,33.7,0.879,False,,True,unattributed,4,evt_01-P03_desk_work_surface_0015,7da8e6c0fb10d431,pose_hand_context,,13323.5,4.05,,1,01/e1/v1,rtmpose_baseline
corpus_01,01.Candidate was found using a mobile phone in the examination hall..mkv,b842b03e5784d867e93770560d88150a526250df69077cd3065edbbd4c842098,rf_detr_sahi,63860.0,unknown_object,0.6614,586.56,672.0,625.62,720.0,1874.8,39.06,48.0,0.814,False,,True,unattributed,4,evt_01-P03_desk_work_surface_0015,7da8e6c0fb10d431,pose_hand_context,,13323.5,4.05,,1,01/e1/v1,rtmpose_baseline
corpus_01,01.Candidate was found using a mobile phone in the examination hall..mkv,b842b03e5784d867e93770560d88150a526250df69077cd3065edbbd4c842098,rf_detr_sahi,63860.0,unknown_object,0.2699,476.06,672.0,549.16,720.0,3508.9,73.1,48.0,1.523,False,,True,unattributed,4,evt_01-P03_desk_work_surface_0015,7da8e6c0fb10d431,pose_hand_context,,13323.5,4.05,,1,01/e1/v1,rtmpose_baseline
corpus_01,01.Candidate was found using a mobile phone in the examination hall..mkv,b842b03e5784d867e93770560d88150a526250df69077cd3065edbbd4c842098,rf_detr_sahi,63860.0,unknown_object,0.2604,542.68,672.0,564.94,720.0,1068.3,22.26,48.0,0.464,False,,True,unattributed,4,evt_01-P03_desk_work_surface_0015,7da8e6c0fb10d431,pose_hand_context,,13323.5,4.05,,1,01/e1/v1,rtmpose_baseline
corpus_01,01.Candidate was found using a mobile phone in the examination hall..mkv,b842b03e5784d867e93770560d88150a526250df69077cd3065edbbd4c842098,rf_detr_sahi,63860.0,unknown_object,0.4163,692.04,472.84,709.75,488.92,284.9,17.71,16.08,1.102,False,,True,unattributed,9,evt_01-P03_desk_work_surface_0015,a5b89ed25688f378,native_source_context_fallback,wrist_confidence_below_floor,17476.9,3.42,,1,01/e1/v1,rtmpose_baseline
corpus_01,01.Candidate was found using a mobile phone in the examination hall..mkv,b842b03e5784d867e93770560d88150a526250df69077cd3065edbbd4c842098,rf_detr_sahi,63860.0,unknown_object,0.2987,705.64,461.68,728.95,488.21,618.4,23.31,26.53,0.879,False,,True,unattributed,9,evt_01-P03_desk_work_surface_0015,a5b89ed25688f378,native_source_context_fallback,wrist_confidence_below_floor,17476.9,3.42,,1,01/e1/v1,rtmpose_baseline
corpus_01,01.Candidate was found using a mobile phone in the examination hall..mkv,b842b03e5784d867e93770560d88150a526250df69077cd3065edbbd4c842098,rf_detr_sahi,63860.0,unknown_object,0.2634,718.15,384.1,770.0,487.83,5379.2,51.85,103.74,0.5,False,,True,unattributed,9,evt_01-P03_desk_work_surface_0015,a5b89ed25688f378,native_source_context_fallback,wrist_confidence_below_floor,17476.9,3.42,,1,01/e1/v1,rtmpose_baseline
corpus_01,01.Candidate was found using a mobile phone in the examination hall..mkv,b842b03e5784d867e93770560d88150a526250df69077cd3065edbbd4c842098,rf_detr_sahi,63860.0,unknown_object,0.3556,931.06,436.1,1031.42,484.87,4895.0,100.36,48.77,2.058,False,,True,unattributed,7,evt_01-P03_desk_work_surface_0015,ff3226c83ee22aef,pose_hand_context,,46820.3,2.96,,1,01/e1/v1,rtmpose_baseline
corpus_01,01.Candidate was found using a mobile phone in the examination hall..mkv,b842b03e5784d867e93770560d88150a526250df69077cd3065edbbd4c842098,rf_detr_sahi,63860.0,monitor_or_bezel,0.3109,1026.16,436.08,1148.0,556.76,14702.9,121.84,120.67,1.01,False,,True,unattributed,7,evt_01-P03_desk_work_surface_0015,ff3226c83ee22aef,pose_hand_context,,46820.3,2.96,,1,01/e1/v1,rtmpose_baseline
corpus_01,01.Candidate was found using a mobile phone in the examination hall..mkv,b842b03e5784d867e93770560d88150a526250df69077cd3065edbbd4c842098,rf_detr_sahi,63860.0,unknown_object,0.2812,1004.47,436.57,1147.74,608.23,24593.0,143.26,171.66,0.835,False,,True,unattributed,7,evt_01-P03_desk_work_surface_0015,ff3226c83ee22aef,pose_hand_context,,46820.3,2.96,,1,01/e1/v1,rtmpose_baseline
corpus_01,01.Candidate was found using a mobile phone in the examination hall..mkv,b842b03e5784d867e93770560d88150a526250df69077cd3065edbbd4c842098,rf_detr_sahi,63860.0,unknown_object,0.2754,1026.15,530.41,1147.84,652.0,14796.6,121.7,121.59,1.001,False,,True,unattributed,7,evt_01-P03_desk_work_surface_0015,ff3226c83ee22aef,pose_hand_context,,46820.3,2.96,,1,01/e1/v1,rtmpose_baseline
corpus_01,01.Candidate was found using a mobile phone in the examination hall..mkv,b842b03e5784d867e93770560d88150a526250df69077cd3065edbbd4c842098,rf_detr_sahi,64020.0,unknown_object,0.3477,723.09,452.22,753.52,467.31,459.4,30.43,15.1,2.015,False,,True,unattributed,9,evt_01-P06_desk_work_surface_0043,04624ac6c69b85d2,native_source_context_fallback,wrist_confidence_below_floor,16505.1,3.41,,1,01/e1/v1,rtmpose_baseline
corpus_01,01.Candidate was found using a mobile phone in the examination hall..mkv,b842b03e5784d867e93770560d88150a526250df69077cd3065edbbd4c842098,rf_detr_sahi,64020.0,unknown_object,0.2816,708.21,461.4,732.95,488.52,670.9,24.73,27.12,0.912,False,,True,unattributed,9,evt_01-P06_desk_work_surface_0043,04624ac6c69b85d2,native_source_context_fallback,wrist_confidence_below_floor,16505.1,3.41,,1,01/e1/v1,rtmpose_baseline
corpus_01,01.Candidate was found using a mobile phone in the examination hall..mkv,b842b03e5784d867e93770560d88150a526250df69077cd3065edbbd4c842098,rf_detr_sahi,64020.0,unknown_object,0.27,722.11,384.15,770.88,488.44,5087.0,48.78,104.29,0.468,False,,True,unattributed,9,evt_01-P06_desk_work_surface_0043,04624ac6c69b85d2,native_source_context_fallback,wrist_confidence_below_floor,16505.1,3.41,,1,01/e1/v1,rtmpose_baseline
corpus_01,01.Candidate was found using a mobile phone in the examination hall..mkv,b842b03e5784d867e93770560d88150a526250df69077cd3065edbbd4c842098,rf_detr_sahi,64020.0,unknown_object,0.5261,546.85,642.01,628.0,684.88,3478.9,81.15,42.87,1.893,False,,True,unattributed,4,evt_01-P06_desk_work_surface_0043,9af31f435fcf7a11,pose_hand_context,,11648.1,4.28,,1,01/e1/v1,rtmpose_baseline
corpus_01,01.Candidate was found using a mobile phone in the examination hall..mkv,b842b03e5784d867e93770560d88150a526250df69077cd3065edbbd4c842098,rf_detr_sahi,64020.0,unknown_object,0.516,585.5,647.42,618.36,685.0,1234.6,32.86,37.58,0.874,False,,True,unattributed,4,evt_01-P06_desk_work_surface_0043,9af31f435fcf7a11,pose_hand_context,,11648.1,4.28,,1,01/e1/v1,rtmpose_baseline
corpus_01,01.Candidate was found using a mobile phone in the examination hall..mkv,b842b03e5784d867e93770560d88150a526250df69077cd3065edbbd4c842098,rf_detr_sahi,64020.0,unknown_object,0.2698,603.19,647.46,617.63,668.63,305.9,14.44,21.18,0.682,False,,True,unattributed,4,evt_01-P06_desk_work_surface_0043,9af31f435fcf7a11,pose_hand_context,,11648.1,4.28,,1,01/e1/v1,rtmpose_baseline
corpus_01,01.Candidate was found using a mobile phone in the examination hall..mkv,b842b03e5784d867e93770560d88150a526250df69077cd3065edbbd4c842098,rf_detr_sahi,64020.0,monitor_or_bezel,0.3216,1026.05,578.44,1147.0,653.0,9016.9,120.95,74.55,1.622,False,,True,unattributed,7,evt_01-P06_desk_work_surface_0043,f0d03d7c148afb27,pose_hand_context,,46535.1,2.97,,1,01/e1/v1,rtmpose_baseline
corpus_01,01.Candidate was found using a mobile phone in the examination hall..mkv,b842b03e5784d867e93770560d88150a526250df69077cd3065edbbd4c842098,rf_detr_sahi,64020.0,unknown_object,0.2887,931.05,437.02,1031.91,484.77,4815.9,100.86,47.75,2.112,False,,True,unattributed,7,evt_01-P06_desk_work_surface_0043,f0d03d7c148afb27,pose_hand_context,,46535.1,2.97,,1,01/e1/v1,rtmpose_baseline
corpus_01,01.Candidate was found using a mobile phone in the examination hall..mkv,b842b03e5784d867e93770560d88150a526250df69077cd3065edbbd4c842098,rf_detr_sahi,64020.0,unknown_object,0.2867,1014.44,437.14,1146.5,567.28,17187.6,132.07,130.14,1.015,False,,True,unattributed,7,evt_01-P06_desk_work_surface_0043,f0d03d7c148afb27,pose_hand_context,,46535.1,2.97,,1,01/e1/v1,rtmpose_baseline
corpus_01,01.Candidate was found using a mobile phone in the examination hall..mkv,b842b03e5784d867e93770560d88150a526250df69077cd3065edbbd4c842098,rf_detr_sahi,64020.0,bag,0.2635,1026.18,437.12,1147.0,557.65,14562.1,120.82,120.53,1.002,False,,True,unattributed,7,evt_01-P06_desk_work_surface_0043,f0d03d7c148afb27,pose_hand_context,,46535.1,2.97,,1,01/e1/v1,rtmpose_baseline
corpus_01,01.Candidate was found using a mobile phone in the examination hall..mkv,b842b03e5784d867e93770560d88150a526250df69077cd3065edbbd4c842098,rf_detr_sahi,64020.0,monitor_or_bezel,0.2552,1026.18,437.12,1147.0,557.65,14562.1,120.82,120.53,1.002,False,,True,unattributed,7,evt_01-P06_desk_work_surface_0043,f0d03d7c148afb27,pose_hand_context,,46535.1,2.97,,1,01/e1/v1,rtmpose_baseline
corpus_01,01.Candidate was found using a mobile phone in the examination hall..mkv,b842b03e5784d867e93770560d88150a526250df69077cd3065edbbd4c842098,rf_detr_sahi,64340.0,unknown_object,0.3452,989.32,438.4,1143.9,651.77,32982.6,154.58,213.37,0.724,False,,True,unattributed,7,evt_01-P03_upper_body_0019,5e67cf09cc85d7b5,pose_hand_context,,46096.1,2.98,,1,01/e1/v1,rtmpose_baseline
corpus_01,01.Candidate was found using a mobile phone in the examination hall..mkv,b842b03e5784d867e93770560d88150a526250df69077cd3065edbbd4c842098,rf_detr_sahi,64340.0,unknown_object,0.3037,981.24,570.31,1011.84,625.89,1700.9,30.6,55.59,0.55,False,,True,unattributed,7,evt_01-P03_upper_body_0019,5e67cf09cc85d7b5,pose_hand_context,,46096.1,2.98,,1,01/e1/v1,rtmpose_baseline
corpus_01,01.Candidate was found using a mobile phone in the examination hall..mkv,b842b03e5784d867e93770560d88150a526250df69077cd3065edbbd4c842098,rf_detr_sahi,64340.0,bag,0.2983,1024.13,438.28,1144.0,557.59,14301.9,119.87,119.31,1.005,False,,True,unattributed,7,evt_01-P03_upper_body_0019,5e67cf09cc85d7b5,pose_hand_context,,46096.1,2.98,,1,01/e1/v1,rtmpose_baseline
corpus_01,01.Candidate was found using a mobile phone in the examination hall..mkv,b842b03e5784d867e93770560d88150a526250df69077cd3065edbbd4c842098,rf_detr_sahi,64340.0,monitor_or_bezel,0.2851,1024.13,438.28,1144.0,557.59,14301.9,119.87,119.31,1.005,False,,True,unattributed,7,evt_01-P03_upper_body_0019,5e67cf09cc85d7b5,pose_hand_context,,46096.1,2.98,,1,01/e1/v1,rtmpose_baseline
corpus_01,01.Candidate was found using a mobile phone in the examination hall..mkv,b842b03e5784d867e93770560d88150a526250df69077cd3065edbbd4c842098,rf_detr_sahi,64340.0,unknown_object,0.273,931.08,438.0,1031.53,531.93,9434.6,100.45,93.93,1.069,False,,True,unattributed,7,evt_01-P03_upper_body_0019,5e67cf09cc85d7b5,pose_hand_context,,46096.1,2.98,,1,01/e1/v1,rtmpose_baseline
corpus_01,01.Candidate was found using a mobile phone in the examination hall..mkv,b842b03e5784d867e93770560d88150a526250df69077cd3065edbbd4c842098,rf_detr_sahi,64340.0,unknown_object,0.273,1005.15,556.78,1050.0,607.04,2253.9,44.85,50.26,0.892,False,,True,unattributed,7,evt_01-P03_upper_body_0019,5e67cf09cc85d7b5,pose_hand_context,,46096.1,2.98,,1,01/e1/v1,rtmpose_baseline
corpus_01,01.Candidate was found using a mobile phone in the examination hall..mkv,b842b03e5784d867e93770560d88150a526250df69077cd3065edbbd4c842098,rf_detr_sahi,64340.0,unknown_object,0.2645,1024.0,576.26,1100.3,607.64,2394.8,76.3,31.39,2.431,False,,True,unattributed,7,evt_01-P03_upper_body_0019,5e67cf09cc85d7b5,pose_hand_context,,46096.1,2.98,,1,01/e1/v1,rtmpose_baseline
corpus_01,01.Candidate was found using a mobile phone in the examination hall..mkv,b842b03e5784d867e93770560d88150a526250df69077cd3065edbbd4c842098,rf_detr_sahi,64340.0,unknown_object,0.2639,1014.8,438.03,1049.84,557.76,4195.4,35.04,119.72,0.293,False,,True,unattributed,7,evt_01-P03_upper_body_0019,5e67cf09cc85d7b5,pose_hand_context,,46096.1,2.98,,1,01/e1/v1,rtmpose_baseline
corpus_01,01.Candidate was found using a mobile phone in the examination hall..mkv,b842b03e5784d867e93770560d88150a526250df69077cd3065edbbd4c842098,rf_detr_sahi,64340.0,unknown_object,0.2635,989.41,584.26,1050.0,651.66,4083.6,60.59,67.4,0.899,False,,True,unattributed,7,evt_01-P03_upper_body_0019,5e67cf09cc85d7b5,pose_hand_context,,46096.1,2.98,,1,01/e1/v1,rtmpose_baseline
corpus_01,01.Candidate was found using a mobile phone in the examination hall..mkv,b842b03e5784d867e93770560d88150a526250df69077cd3065edbbd4c842098,rf_detr_sahi,64340.0,monitor_or_bezel,0.2514,1024.0,577.81,1144.0,651.98,8900.2,120.0,74.17,1.618,False,,True,unattributed,7,evt_01-P03_upper_body_0019,5e67cf09cc85d7b5,pose_hand_context,,46096.1,2.98,,1,01/e1/v1,rtmpose_baseline
corpus_01,01.Candidate was found using a mobile phone in the examination hall..mkv,b842b03e5784d867e93770560d88150a526250df69077cd3065edbbd4c842098,rf_detr_sahi,64340.0,unknown_object,0.3257,725.04,329.52,760.09,407.87,2746.2,35.05,78.35,0.447,False,,True,unattributed,9,evt_01-P03_upper_body_0019,5f902a8273829479,native_source_context_fallback,wrist_confidence_below_floor,15658.4,3.39,,1,01/e1/v1,rtmpose_baseline
corpus_01,01.Candidate was found using a mobile phone in the examination hall..mkv,b842b03e5784d867e93770560d88150a526250df69077cd3065edbbd4c842098,rf_detr_sahi,64340.0,unknown_object,0.2655,736.09,418.77,770.88,453.06,1192.8,34.79,34.29,1.014,False,,True,unattributed,9,evt_01-P03_upper_body_0019,5f902a8273829479,native_source_context_fallback,wrist_confidence_below_floor,15658.4,3.39,,1,01/e1/v1,rtmpose_baseline
corpus_01,01.Candidate was found using a mobile phone in the examination hall..mkv,b842b03e5784d867e93770560d88150a526250df69077cd3065edbbd4c842098,rf_detr_sahi,64340.0,unknown_object,0.2636,740.9,341.67,762.96,383.08,913.5,22.06,41.42,0.533,False,,True,unattributed,9,evt_01-P03_upper_body_0019,5f902a8273829479,native_source_context_fallback,wrist_confidence_below_floor,15658.4,3.39,,1,01/e1/v1,rtmpose_baseline
corpus_01,01.Candidate was found using a mobile phone in the examination hall..mkv,b842b03e5784d867e93770560d88150a526250df69077cd3065edbbd4c842098,rf_detr_sahi,64340.0,unknown_object,0.2581,587.1,677.0,626.95,719.98,1712.7,39.84,42.98,0.927,False,,True,unattributed,4,evt_01-P03_upper_body_0019,79ccb6fea0bee3e8,pose_hand_context,,10735.3,4.48,,1,01/e1/v1,rtmpose_baseline
corpus_01,01.Candidate was found using a mobile phone in the examination hall..mkv,b842b03e5784d867e93770560d88150a526250df69077cd3065edbbd4c842098,rf_detr_sahi,64380.0,unknown_object,0.374,989.79,438.6,1144.0,651.0,32755.3,154.21,212.4,0.726,False,,True,unattributed,7,evt_01-P01_desk_work_surface_0002,1f614a383f284659,pose_hand_context,,45403.1,3.0,,1,01/e1/v1,rtmpose_baseline
corpus_01,01.Candidate was found using a mobile phone in the examination hall..mkv,b842b03e5784d867e93770560d88150a526250df69077cd3065edbbd4c842098,rf_detr_sahi,64380.0,monitor_or_bezel,0.3686,1024.02,578.09,1144.0,651.0,8747.3,119.98,72.91,1.646,False,,True,unattributed,7,evt_01-P01_desk_work_surface_0002,1f614a383f284659,pose_hand_context,,45403.1,3.0,,1,01/e1/v1,rtmpose_baseline
corpus_01,01.Candidate was found using a mobile phone in the examination hall..mkv,b842b03e5784d867e93770560d88150a526250df69077cd3065edbbd4c842098,rf_detr_sahi,64380.0,monitor_or_bezel,0.3097,1024.16,438.26,1144.0,557.56,14296.0,119.84,119.3,1.005,False,,True,unattributed,7,evt_01-P01_desk_work_surface_0002,1f614a383f284659,pose_hand_context,,45403.1,3.0,,1,01/e1/v1,rtmpose_baseline
corpus_01,01.Candidate was found using a mobile phone in the examination hall..mkv,b842b03e5784d867e93770560d88150a526250df69077cd3065edbbd4c842098,rf_detr_sahi,64380.0,bag,0.2576,1024.16,438.26,1144.0,557.56,14296.0,119.84,119.3,1.005,False,,True,unattributed,7,evt_01-P01_desk_work_surface_0002,1f614a383f284659,pose_hand_context,,45403.1,3.0,,1,01/e1/v1,rtmpose_baseline
corpus_01,01.Candidate was found using a mobile phone in the examination hall..mkv,b842b03e5784d867e93770560d88150a526250df69077cd3065edbbd4c842098,rf_detr_sahi,64380.0,unknown_object,0.2595,725.07,385.19,770.97,490.47,4832.0,45.9,105.28,0.436,False,,True,unattributed,9,evt_01-P01_desk_work_surface_0002,2a887bc96d9c6848,native_source_context_fallback,wrist_confidence_below_floor,15665.2,3.39,,1,01/e1/v1,rtmpose_baseline
corpus_01,01.Candidate was found using a mobile phone in the examination hall..mkv,b842b03e5784d867e93770560d88150a526250df69077cd3065edbbd4c842098,rf_detr_sahi,64380.0,unknown_object,0.4909,550.84,645.0,625.97,686.93,3149.9,75.13,41.93,1.792,False,,True,unattributed,4,evt_01-P01_desk_work_surface_0002,f845b57d9612df30,pose_hand_context,,10558.7,4.52,,1,01/e1/v1,rtmpose_baseline
corpus_01,01.Candidate was found using a mobile phone in the examination hall..mkv,b842b03e5784d867e93770560d88150a526250df69077cd3065edbbd4c842098,rf_detr_sahi,64500.0,unknown_object,0.4942,725.12,453.96,754.18,465.49,334.9,29.06,11.52,2.522,False,,True,unattributed,9,evt_01-P01_upper_body_0006,0147c0897919cb2b,native_source_context_fallback,wrist_confidence_below_floor,15854.8,3.4,,1,01/e1/v1,rtmpose_baseline
corpus_01,01.Candidate was found using a mobile phone in the examination hall..mkv,b842b03e5784d867e93770560d88150a526250df69077cd3065edbbd4c842098,rf_detr_sahi,64500.0,unknown_object,0.3368,725.12,306.89,759.67,407.54,3477.3,34.55,100.65,0.343,False,,True,unattributed,9,evt_01-P01_upper_body_0006,0147c0897919cb2b,native_source_context_fallback,wrist_confidence_below_floor,15854.8,3.4,,1,01/e1/v1,rtmpose_baseline
corpus_01,01.Candidate was found using a mobile phone in the examination hall..mkv,b842b03e5784d867e93770560d88150a526250df69077cd3065edbbd4c842098,rf_detr_sahi,64500.0,unknown_object,0.8748,548.76,645.01,624.94,686.89,3191.2,76.18,41.89,1.819,False,,True,unattributed,4,evt_01-P01_upper_body_0006,9c1d63353a9a7910,pose_hand_context,,10773.4,4.42,,1,01/e1/v1,rtmpose_baseline
corpus_01,01.Candidate was found using a mobile phone in the examination hall..mkv,b842b03e5784d867e93770560d88150a526250df69077cd3065edbbd4c842098,rf_detr_sahi,64500.0,unknown_object,0.4141,979.87,570.35,1010.87,626.66,1745.7,31.0,56.31,0.551,False,,True,unattributed,7,evt_01-P01_upper_body_0006,9f16883afc7b43df,pose_hand_context,,45403.1,3.0,,1,01/e1/v1,rtmpose_baseline
corpus_01,01.Candidate was found using a mobile phone in the examination hall..mkv,b842b03e5784d867e93770560d88150a526250df69077cd3065edbbd4c842098,rf_detr_sahi,64500.0,monitor_or_bezel,0.388,1022.14,532.5,1141.92,651.0,14193.5,119.78,118.5,1.011,False,,True,unattributed,7,evt_01-P01_upper_body_0006,9f16883afc7b43df,pose_hand_context,,45403.1,3.0,,1,01/e1/v1,rtmpose_baseline
corpus_01,01.Candidate was found using a mobile phone in the examination hall..mkv,b842b03e5784d867e93770560d88150a526250df69077cd3065edbbd4c842098,rf_detr_sahi,64500.0,unknown_object,0.3309,1022.1,438.27,1142.0,557.55,14301.9,119.9,119.28,1.005,False,,True,unattributed,7,evt_01-P01_upper_body_0006,9f16883afc7b43df,pose_hand_context,,45403.1,3.0,,1,01/e1/v1,rtmpose_baseline
corpus_01,01.Candidate was found using a mobile phone in the examination hall..mkv,b842b03e5784d867e93770560d88150a526250df69077cd3065edbbd4c842098,rf_detr_sahi,64500.0,unknown_object,0.3284,929.35,438.0,1031.42,485.96,4895.1,102.07,47.96,2.128,False,,True,unattributed,7,evt_01-P01_upper_body_0006,9f16883afc7b43df,pose_hand_context,,45403.1,3.0,,1,01/e1/v1,rtmpose_baseline
corpus_01,01.Candidate was found using a mobile phone in the examination hall..mkv,b842b03e5784d867e93770560d88150a526250df69077cd3065edbbd4c842098,rf_detr_sahi,64500.0,bag,0.2965,1022.1,438.27,1142.0,557.55,14301.9,119.9,119.28,1.005,False,,True,unattributed,7,evt_01-P01_upper_body_0006,9f16883afc7b43df,pose_hand_context,,45403.1,3.0,,1,01/e1/v1,rtmpose_baseline
corpus_01,01.Candidate was found using a mobile phone in the examination hall..mkv,b842b03e5784d867e93770560d88150a526250df69077cd3065edbbd4c842098,rf_detr_sahi,64820.0,monitor_or_bezel,0.4354,1026.09,577.92,1147.0,656.85,9543.6,120.91,78.93,1.532,False,,True,unattributed,7,evt_01-P06_upper_body_0046,0db8abc5a79e0a0c,pose_hand_context,,46371.3,2.97,,1,01/e1/v1,rtmpose_baseline
corpus_01,01.Candidate was found using a mobile phone in the examination hall..mkv,b842b03e5784d867e93770560d88150a526250df69077cd3065edbbd4c842098,rf_detr_sahi,64820.0,unknown_object,0.3747,932.39,442.02,1031.2,484.63,4210.5,98.81,42.61,2.319,False,,True,unattributed,7,evt_01-P06_upper_body_0046,0db8abc5a79e0a0c,pose_hand_context,,46371.3,2.97,,1,01/e1/v1,rtmpose_baseline
corpus_01,01.Candidate was found using a mobile phone in the examination hall..mkv,b842b03e5784d867e93770560d88150a526250df69077cd3065edbbd4c842098,rf_detr_sahi,64820.0,monitor_or_bezel,0.3061,1026.12,442.07,1146.83,562.88,14582.0,120.71,120.81,0.999,False,,True,unattributed,7,evt_01-P06_upper_body_0046,0db8abc5a79e0a0c,pose_hand_context,,46371.3,2.97,,1,01/e1/v1,rtmpose_baseline
corpus_01,01.Candidate was found using a mobile phone in the examination hall..mkv,b842b03e5784d867e93770560d88150a526250df69077cd3065edbbd4c842098,rf_detr_sahi,64820.0,unknown_object,0.4076,686.1,392.92,737.0,491.73,5029.3,50.9,98.81,0.515,False,,True,unattributed,9,evt_01-P06_upper_body_0046,25328baaa9348741,native_source_context_fallback,wrist_confidence_below_floor,17307.2,3.4,,1,01/e1/v1,rtmpose_baseline
corpus_01,01.Candidate was found using a mobile phone in the examination hall..mkv,b842b03e5784d867e93770560d88150a526250df69077cd3065edbbd4c842098,rf_detr_sahi,64820.0,unknown_object,0.3465,726.6,453.88,756.86,465.15,341.0,30.26,11.27,2.685,False,,True,unattributed,9,evt_01-P06_upper_body_0046,25328baaa9348741,native_source_context_fallback,wrist_confidence_below_floor,17307.2,3.4,,1,01/e1/v1,rtmpose_baseline
corpus_01,01.Candidate was found using a mobile phone in the examination hall..mkv,b842b03e5784d867e93770560d88150a526250df69077cd3065edbbd4c842098,rf_detr_sahi,64820.0,unknown_object,0.3162,726.0,342.89,758.11,409.74,2146.5,32.11,66.84,0.48,False,,True,unattributed,9,evt_01-P06_upper_body_0046,25328baaa9348741,native_source_context_fallback,wrist_confidence_below_floor,17307.2,3.4,,1,01/e1/v1,rtmpose_baseline
corpus_01,01.Candidate was found using a mobile phone in the examination hall..mkv,b842b03e5784d867e93770560d88150a526250df69077cd3065edbbd4c842098,rf_detr_sahi,64820.0,unknown_object,0.5025,583.81,640.93,611.11,680.0,1066.5,27.3,39.07,0.699,False,,True,unattributed,4,evt_01-P06_upper_body_0046,95530d5f766f3c24,pose_hand_context,,14811.5,3.94,,1,01/e1/v1,rtmpose_baseline
corpus_01,01.Candidate was found using a mobile phone in the examination hall..mkv,b842b03e5784d867e93770560d88150a526250df69077cd3065edbbd4c842098,rf_detr_sahi,64820.0,unknown_object,0.2865,454.03,668.0,529.14,719.97,3903.6,75.11,51.97,1.445,False,,True,unattributed,4,evt_01-P06_upper_body_0046,95530d5f766f3c24,pose_hand_context,,14811.5,3.94,,1,01/e1/v1,rtmpose_baseline
corpus_01,01.Candidate was found using a mobile phone in the examination hall..mkv,b842b03e5784d867e93770560d88150a526250df69077cd3065edbbd4c842098,rf_detr_sahi,64820.0,monitor_or_bezel,0.2803,454.14,628.03,546.0,680.0,4773.8,91.86,51.97,1.767,False,,True,unattributed,4,evt_01-P06_upper_body_0046,95530d5f766f3c24,pose_hand_context,,14811.5,3.94,,1,01/e1/v1,rtmpose_baseline
corpus_01,01.Candidate was found using a mobile phone in the examination hall..mkv,b842b03e5784d867e93770560d88150a526250df69077cd3065edbbd4c842098,rf_detr_sahi,64860.0,monitor_or_bezel,0.5265,1026.03,578.22,1146.0,655.91,9320.6,119.97,77.69,1.544,False,,True,unattributed,7,evt_01-P03_desk_work_surface_0015,8cc44bc5ebf0ebf4,pose_hand_context,,45881.6,2.99,,1,01/e1/v1,rtmpose_baseline
corpus_01,01.Candidate was found using a mobile phone in the examination hall..mkv,b842b03e5784d867e93770560d88150a526250df69077cd3065edbbd4c842098,rf_detr_sahi,64860.0,unknown_object,0.3828,932.58,442.05,1031.23,484.81,4218.1,98.65,42.76,2.307,False,,True,unattributed,7,evt_01-P03_desk_work_surface_0015,8cc44bc5ebf0ebf4,pose_hand_context,,45881.6,2.99,,1,01/e1/v1,rtmpose_baseline
corpus_01,01.Candidate was found using a mobile phone in the examination hall..mkv,b842b03e5784d867e93770560d88150a526250df69077cd3065edbbd4c842098,rf_detr_sahi,64860.0,unknown_object,0.2854,1026.03,442.14,1146.0,562.8,14475.9,119.97,120.66,0.994,False,,True,unattributed,7,evt_01-P03_desk_work_surface_0015,8cc44bc5ebf0ebf4,pose_hand_context,,45881.6,2.99,,1,01/e1/v1,rtmpose_baseline
corpus_01,01.Candidate was found using a mobile phone in the examination hall..mkv,b842b03e5784d867e93770560d88150a526250df69077cd3065edbbd4c842098,rf_detr_sahi,64860.0,unknown_object,0.2518,1015.22,451.96,1052.0,545.16,3427.7,36.78,93.2,0.395,False,,True,unattributed,7,evt_01-P03_desk_work_surface_0015,8cc44bc5ebf0ebf4,pose_hand_context,,45881.6,2.99,,1,01/e1/v1,rtmpose_baseline
corpus_01,01.Candidate was found using a mobile phone in the examination hall..mkv,b842b03e5784d867e93770560d88150a526250df69077cd3065edbbd4c842098,rf_detr_sahi,64860.0,unknown_object,0.5419,522.02,667.0,592.59,719.96,3737.1,70.57,52.96,1.333,False,,True,unattributed,4,evt_01-P03_desk_work_surface_0015,ac3c86dc5b90c859,pose_hand_context,,15154.8,3.93,,1,01/e1/v1,rtmpose_baseline
corpus_01,01.Candidate was found using a mobile phone in the examination hall..mkv,b842b03e5784d867e93770560d88150a526250df69077cd3065edbbd4c842098,rf_detr_sahi,64860.0,unknown_object,0.4977,584.08,641.54,609.55,678.99,953.9,25.47,37.45,0.68,False,,True,unattributed,4,evt_01-P03_desk_work_surface_0015,ac3c86dc5b90c859,pose_hand_context,,15154.8,3.93,,1,01/e1/v1,rtmpose_baseline
corpus_01,01.Candidate was found using a mobile phone in the examination hall..mkv,b842b03e5784d867e93770560d88150a526250df69077cd3065edbbd4c842098,rf_detr_sahi,64860.0,unknown_object,0.2739,521.05,667.34,543.0,719.93,1154.4,21.95,52.58,0.417,False,,True,unattributed,4,evt_01-P03_desk_work_surface_0015,ac3c86dc5b90c859,pose_hand_context,,15154.8,3.93,,1,01/e1/v1,rtmpose_baseline
corpus_01,01.Candidate was found using a mobile phone in the examination hall..mkv,b842b03e5784d867e93770560d88150a526250df69077cd3065edbbd4c842098,rf_detr_sahi,64860.0,unknown_object,0.3273,726.02,343.19,758.59,409.8,2169.6,32.57,66.61,0.489,False,,True,unattributed,9,evt_01-P03_desk_work_surface_0015,cb2b8eb4df3889aa,native_source_context_fallback,wrist_confidence_below_floor,17537.4,3.38,,1,01/e1/v1,rtmpose_baseline
corpus_01,01.Candidate was found using a mobile phone in the examination hall..mkv,b842b03e5784d867e93770560d88150a526250df69077cd3065edbbd4c842098,rf_detr_sahi,64860.0,unknown_object,0.3015,726.22,387.6,776.15,489.07,5065.6,49.93,101.46,0.492,False,,True,unattributed,9,evt_01-P03_desk_work_surface_0015,cb2b8eb4df3889aa,native_source_context_fallback,wrist_confidence_below_floor,17537.4,3.38,,1,01/e1/v1,rtmpose_baseline
corpus_01,01.Candidate was found using a mobile phone in the examination hall..mkv,b842b03e5784d867e93770560d88150a526250df69077cd3065edbbd4c842098,rf_detr_sahi,64860.0,unknown_object,0.2658,727.22,453.86,756.34,465.22,331.0,29.12,11.36,2.563,False,,True,unattributed,9,evt_01-P03_desk_work_surface_0015,cb2b8eb4df3889aa,native_source_context_fallback,wrist_confidence_below_floor,17537.4,3.38,,1,01/e1/v1,rtmpose_baseline
corpus_01,01.Candidate was found using a mobile phone in the examination hall..mkv,b842b03e5784d867e93770560d88150a526250df69077cd3065edbbd4c842098,rf_detr_sahi,65020.0,unknown_object,0.3476,436.06,674.69,508.82,719.9,3288.6,72.75,45.2,1.609,False,,True,unattributed,4,evt_01-P06_desk_work_surface_0043,36beb967d8b0357c,pose_hand_context,,18396.5,3.64,,1,01/e1/v1,rtmpose_baseline
corpus_01,01.Candidate was found using a mobile phone in the examination hall..mkv,b842b03e5784d867e93770560d88150a526250df69077cd3065edbbd4c842098,rf_detr_sahi,65020.0,bag,0.2504,436.14,661.04,535.0,719.96,5824.7,98.86,58.92,1.678,False,,True,unattributed,4,evt_01-P06_desk_work_surface_0043,36beb967d8b0357c,pose_hand_context,,18396.5,3.64,,1,01/e1/v1,rtmpose_baseline
corpus_01,01.Candidate was found using a mobile phone in the examination hall..mkv,b842b03e5784d867e93770560d88150a526250df69077cd3065edbbd4c842098,rf_detr_sahi,65020.0,monitor_or_bezel,0.6859,1022.18,450.15,1141.76,569.73,14298.9,119.58,119.58,1.0,False,,True,unattributed,7,evt_01-P06_desk_work_surface_0043,9f30ae84999ea078,pose_hand_context,,45667.7,2.99,,1,01/e1/v1,rtmpose_baseline
corpus_01,01.Candidate was found using a mobile phone in the examination hall..mkv,b842b03e5784d867e93770560d88150a526250df69077cd3065edbbd4c842098,rf_detr_sahi,65020.0,monitor_or_bezel,0.5118,989.04,450.17,1141.97,662.78,32512.6,152.93,212.6,0.719,False,,True,unattributed,7,evt_01-P06_desk_work_surface_0043,9f30ae84999ea078,pose_hand_context,,45667.7,2.99,,1,01/e1/v1,rtmpose_baseline
corpus_01,01.Candidate was found using a mobile phone in the examination hall..mkv,b842b03e5784d867e93770560d88150a526250df69077cd3065edbbd4c842098,rf_detr_sahi,65020.0,monitor_or_bezel,0.3914,1022.15,577.56,1142.0,662.78,10213.6,119.85,85.22,1.406,False,,True,unattributed,7,evt_01-P06_desk_work_surface_0043,9f30ae84999ea078,pose_hand_context,,45667.7,2.99,,1,01/e1/v1,rtmpose_baseline
corpus_01,01.Candidate was found using a mobile phone in the examination hall..mkv,b842b03e5784d867e93770560d88150a526250df69077cd3065edbbd4c842098,rf_detr_sahi,65020.0,unknown_object,0.3622,1014.54,451.17,1049.0,548.08,3339.4,34.46,96.91,0.356,False,,True,unattributed,7,evt_01-P06_desk_work_surface_0043,9f30ae84999ea078,pose_hand_context,,45667.7,2.99,,1,01/e1/v1,rtmpose_baseline
corpus_01,01.Candidate was found using a mobile phone in the examination hall..mkv,b842b03e5784d867e93770560d88150a526250df69077cd3065edbbd4c842098,rf_detr_sahi,65020.0,unknown_object,0.3424,936.71,450.0,1031.81,533.07,7900.5,95.1,83.07,1.145,False,,True,unattributed,7,evt_01-P06_desk_work_surface_0043,9f30ae84999ea078,pose_hand_context,,45667.7,2.99,,1,01/e1/v1,rtmpose_baseline
corpus_01,01.Candidate was found using a mobile phone in the examination hall..mkv,b842b03e5784d867e93770560d88150a526250df69077cd3065edbbd4c842098,rf_detr_sahi,65020.0,unknown_object,0.2516,932.32,450.07,1031.68,485.01,3471.4,99.36,34.94,2.844,False,,True,unattributed,7,evt_01-P06_desk_work_surface_0043,9f30ae84999ea078,pose_hand_context,,45667.7,2.99,,1,01/e1/v1,rtmpose_baseline
corpus_01,01.Candidate was found using a mobile phone in the examination hall..mkv,b842b03e5784d867e93770560d88150a526250df69077cd3065edbbd4c842098,rf_detr_sahi,65020.0,unknown_object,0.3941,727.99,454.65,757.38,465.09,306.9,29.39,10.44,2.814,False,,True,unattributed,9,evt_01-P06_desk_work_surface_0043,b5a0c0f7bdf128ed,native_source_context_fallback,wrist_confidence_below_floor,18207.9,3.32,,1,01/e1/v1,rtmpose_baseline
corpus_01,01.Candidate was found using a mobile phone in the examination hall..mkv,b842b03e5784d867e93770560d88150a526250df69077cd3065edbbd4c842098,rf_detr_sahi,65020.0,unknown_object,0.3122,725.0,320.37,760.45,411.66,3235.8,35.45,91.29,0.388,False,,True,unattributed,9,evt_01-P06_desk_work_surface_0043,b5a0c0f7bdf128ed,native_source_context_fallback,wrist_confidence_below_floor,18207.9,3.32,,1,01/e1/v1,rtmpose_baseline
corpus_01,01.Candidate was found using a mobile phone in the examination hall..mkv,b842b03e5784d867e93770560d88150a526250df69077cd3065edbbd4c842098,rf_detr_sahi,65020.0,bag,0.2982,746.79,335.9,778.0,411.76,2368.0,31.21,75.87,0.411,False,,True,unattributed,9,evt_01-P06_desk_work_surface_0043,b5a0c0f7bdf128ed,native_source_context_fallback,wrist_confidence_below_floor,18207.9,3.32,,1,01/e1/v1,rtmpose_baseline
corpus_01,01.Candidate was found using a mobile phone in the examination hall..mkv,b842b03e5784d867e93770560d88150a526250df69077cd3065edbbd4c842098,rf_detr_sahi,65020.0,unknown_object,0.2917,725.01,402.35,777.98,496.43,4983.7,52.97,94.08,0.563,False,,True,unattributed,9,evt_01-P06_desk_work_surface_0043,b5a0c0f7bdf128ed,native_source_context_fallback,wrist_confidence_below_floor,18207.9,3.32,,1,01/e1/v1,rtmpose_baseline
corpus_01,01.Candidate was found using a mobile phone in the examination hall..mkv,b842b03e5784d867e93770560d88150a526250df69077cd3065edbbd4c842098,rf_detr_sahi,65020.0,bag,0.2566,725.06,304.02,778.0,411.6,5694.8,52.94,107.58,0.492,False,,True,unattributed,9,evt_01-P06_desk_work_surface_0043,b5a0c0f7bdf128ed,native_source_context_fallback,wrist_confidence_below_floor,18207.9,3.32,,1,01/e1/v1,rtmpose_baseline
corpus_01,01.Candidate was found using a mobile phone in the examination hall..mkv,b842b03e5784d867e93770560d88150a526250df69077cd3065edbbd4c842098,rf_detr_sahi,65060.0,monitor_or_bezel,0.8202,1024.2,456.0,1141.96,573.77,13868.4,117.76,117.77,1.0,False,,True,unattributed,7,evt_01-P02_desk_work_surface_0010,3405ba00b8bd3731,pose_hand_context,,44125.2,3.05,,1,01/e1/v1,rtmpose_baseline
corpus_01,01.Candidate was found using a mobile phone in the examination hall..mkv,b842b03e5784d867e93770560d88150a526250df69077cd3065edbbd4c842098,rf_detr_sahi,65060.0,monitor_or_bezel,0.6917,985.29,456.08,1142.0,665.89,32879.7,156.71,209.81,0.747,False,,True,unattributed,7,evt_01-P02_desk_work_surface_0010,3405ba00b8bd3731,pose_hand_context,,44125.2,3.05,,1,01/e1/v1,rtmpose_baseline
corpus_01,01.Candidate was found using a mobile phone in the examination hall..mkv,b842b03e5784d867e93770560d88150a526250df69077cd3065edbbd4c842098,rf_detr_sahi,65060.0,monitor_or_bezel,0.6466,1024.16,578.71,1142.0,665.66,10247.1,117.84,86.96,1.355,False,,True,unattributed,7,evt_01-P02_desk_work_surface_0010,3405ba00b8bd3731,pose_hand_context,,44125.2,3.05,,1,01/e1/v1,rtmpose_baseline
corpus_01,01.Candidate was found using a mobile phone in the examination hall..mkv,b842b03e5784d867e93770560d88150a526250df69077cd3065edbbd4c842098,rf_detr_sahi,65060.0,unknown_object,0.3774,1015.11,456.0,1049.98,550.59,3298.9,34.87,94.59,0.369,False,,True,unattributed,7,evt_01-P02_desk_work_surface_0010,3405ba00b8bd3731,pose_hand_context,,44125.2,3.05,,1,01/e1/v1,rtmpose_baseline
corpus_01,01.Candidate was found using a mobile phone in the examination hall..mkv,b842b03e5784d867e93770560d88150a526250df69077cd3065edbbd4c842098,rf_detr_sahi,65060.0,unknown_object,0.3432,936.26,456.0,1032.49,527.95,6923.5,96.22,71.95,1.337,False,,True,unattributed,7,evt_01-P02_desk_work_surface_0010,3405ba00b8bd3731,pose_hand_context,,44125.2,3.05,,1,01/e1/v1,rtmpose_baseline
corpus_01,01.Candidate was found using a mobile phone in the examination hall..mkv,b842b03e5784d867e93770560d88150a526250df69077cd3065edbbd4c842098,rf_detr_sahi,65060.0,unknown_object,0.3294,986.63,579.22,1142.0,665.34,13381.2,155.37,86.13,1.804,False,,True,unattributed,7,evt_01-P02_desk_work_surface_0010,3405ba00b8bd3731,pose_hand_context,,44125.2,3.05,,1,01/e1/v1,rtmpose_baseline
corpus_01,01.Candidate was found using a mobile phone in the examination hall..mkv,b842b03e5784d867e93770560d88150a526250df69077cd3065edbbd4c842098,rf_detr_sahi,65060.0,unknown_object,0.3201,1024.13,548.17,1080.24,607.45,3326.8,56.11,59.29,0.947,False,,True,unattributed,7,evt_01-P02_desk_work_surface_0010,3405ba00b8bd3731,pose_hand_context,,44125.2,3.05,,1,01/e1/v1,rtmpose_baseline
corpus_01,01.Candidate was found using a mobile phone in the examination hall..mkv,b842b03e5784d867e93770560d88150a526250df69077cd3065edbbd4c842098,rf_detr_sahi,65060.0,unknown_object,0.2971,938.05,456.0,1031.36,485.4,2743.7,93.31,29.4,3.173,False,,True,unattributed,7,evt_01-P02_desk_work_surface_0010,3405ba00b8bd3731,pose_hand_context,,44125.2,3.05,,1,01/e1/v1,rtmpose_baseline
corpus_01,01.Candidate was found using a mobile phone in the examination hall..mkv,b842b03e5784d867e93770560d88150a526250df69077cd3065edbbd4c842098,rf_detr_sahi,65060.0,bag,0.3341,746.99,335.39,778.0,410.79,2338.6,31.01,75.4,0.411,False,,True,unattributed,9,evt_01-P02_desk_work_surface_0010,7ccf9c0776efe5da,native_source_context_fallback,no_pose_observation,18073.1,3.35,,1,01/e1/v1,
corpus_01,01.Candidate was found using a mobile phone in the examination hall..mkv,b842b03e5784d867e93770560d88150a526250df69077cd3065edbbd4c842098,rf_detr_sahi,65060.0,unknown_object,0.3042,728.04,454.48,757.2,464.95,305.5,29.17,10.47,2.784,False,,True,unattributed,9,evt_01-P02_desk_work_surface_0010,7ccf9c0776efe5da,native_source_context_fallback,no_pose_observation,18073.1,3.35,,1,01/e1/v1,
corpus_01,01.Candidate was found using a mobile phone in the examination hall..mkv,b842b03e5784d867e93770560d88150a526250df69077cd3065edbbd4c842098,rf_detr_sahi,65060.0,unknown_object,0.3996,435.0,674.92,508.78,719.92,3319.9,73.78,45.0,1.64,False,,True,unattributed,4,evt_01-P02_desk_work_surface_0010,d6ff19b2e1a9525d,pose_hand_context,,17994.4,3.7,,1,01/e1/v1,rtmpose_baseline
corpus_01,01.Candidate was found using a mobile phone in the examination hall..mkv,b842b03e5784d867e93770560d88150a526250df69077cd3065edbbd4c842098,rf_detr_sahi,65060.0,monitor_or_bezel,0.3233,435.19,661.0,519.63,719.97,4979.8,84.44,58.97,1.432,False,,True,unattributed,4,evt_01-P02_desk_work_surface_0010,d6ff19b2e1a9525d,pose_hand_context,,17994.4,3.7,,1,01/e1/v1,rtmpose_baseline
corpus_01,01.Candidate was found using a mobile phone in the examination hall..mkv,b842b03e5784d867e93770560d88150a526250df69077cd3065edbbd4c842098,rf_detr_sahi,65340.0,unknown_object,0.7087,517.07,623.03,600.84,676.88,4511.2,83.77,53.85,1.556,False,,True,unattributed,4,evt_01-P03_upper_body_0019,60eb5f09853ddfcb,pose_hand_context,,16294.4,3.8,,1,01/e1/v1,rtmpose_baseline
corpus_01,01.Candidate was found using a mobile phone in the examination hall..mkv,b842b03e5784d867e93770560d88150a526250df69077cd3065edbbd4c842098,rf_detr_sahi,65340.0,unknown_object,0.4289,506.28,665.03,592.45,719.86,4724.4,86.17,54.83,1.572,False,,True,unattributed,4,evt_01-P03_upper_body_0019,60eb5f09853ddfcb,pose_hand_context,,16294.4,3.8,,1,01/e1/v1,rtmpose_baseline
corpus_01,01.Candidate was found using a mobile phone in the examination hall..mkv,b842b03e5784d867e93770560d88150a526250df69077cd3065edbbd4c842098,rf_detr_sahi,65340.0,unknown_object,0.2929,503.25,665.0,526.97,719.9,1302.2,23.72,54.9,0.432,False,,True,unattributed,4,evt_01-P03_upper_body_0019,60eb5f09853ddfcb,pose_hand_context,,16294.4,3.8,,1,01/e1/v1,rtmpose_baseline
corpus_01,01.Candidate was found using a mobile phone in the examination hall..mkv,b842b03e5784d867e93770560d88150a526250df69077cd3065edbbd4c842098,rf_detr_sahi,65340.0,unknown_object,0.3551,723.0,454.18,775.38,466.12,625.5,52.38,11.94,4.386,False,,True,unattributed,9,evt_01-P03_upper_body_0019,c36ac0edd7bbcb45,native_source_context_fallback,wrist_confidence_below_floor,18149.0,3.38,,1,01/e1/v1,rtmpose_baseline
corpus_01,01.Candidate was found using a mobile phone in the examination hall..mkv,b842b03e5784d867e93770560d88150a526250df69077cd3065edbbd4c842098,rf_detr_sahi,65340.0,unknown_object,0.3136,723.06,322.07,758.62,410.62,3148.4,35.55,88.56,0.401,False,,True,unattributed,9,evt_01-P03_upper_body_0019,c36ac0edd7bbcb45,native_source_context_fallback,wrist_confidence_below_floor,18149.0,3.38,,1,01/e1/v1,rtmpose_baseline
corpus_01,01.Candidate was found using a mobile phone in the examination hall..mkv,b842b03e5784d867e93770560d88150a526250df69077cd3065edbbd4c842098,rf_detr_sahi,65340.0,unknown_object,0.2651,681.0,472.13,701.31,493.0,423.7,20.31,20.87,0.973,False,,True,unattributed,9,evt_01-P03_upper_body_0019,c36ac0edd7bbcb45,native_source_context_fallback,wrist_confidence_below_floor,18149.0,3.38,,1,01/e1/v1,rtmpose_baseline
corpus_01,01.Candidate was found using a mobile phone in the examination hall..mkv,b842b03e5784d867e93770560d88150a526250df69077cd3065edbbd4c842098,rf_detr_sahi,65340.0,unknown_object,0.2529,681.0,387.17,735.0,492.89,5709.0,54.0,105.72,0.511,False,,True,unattributed,9,evt_01-P03_upper_body_0019,c36ac0edd7bbcb45,native_source_context_fallback,wrist_confidence_below_floor,18149.0,3.38,,1,01/e1/v1,rtmpose_baseline
corpus_01,01.Candidate was found using a mobile phone in the examination hall..mkv,b842b03e5784d867e93770560d88150a526250df69077cd3065edbbd4c842098,rf_detr_sahi,65340.0,bag,0.2508,723.11,304.03,777.0,410.65,5745.5,53.89,106.62,0.505,False,,True,unattributed,9,evt_01-P03_upper_body_0019,c36ac0edd7bbcb45,native_source_context_fallback,wrist_confidence_below_floor,18149.0,3.38,,1,01/e1/v1,rtmpose_baseline
corpus_01,01.Candidate was found using a mobile phone in the examination hall..mkv,b842b03e5784d867e93770560d88150a526250df69077cd3065edbbd4c842098,rf_detr_sahi,65340.0,unknown_object,0.5204,980.48,492.58,1116.0,690.87,26872.7,135.52,198.3,0.683,False,,True,unattributed,7,evt_01-P03_upper_body_0019,f31b8c0b07887148,pose_hand_context,,39521.4,3.22,,1,01/e1/v1,rtmpose_baseline
corpus_01,01.Candidate was found using a mobile phone in the examination hall..mkv,b842b03e5784d867e93770560d88150a526250df69077cd3065edbbd4c842098,rf_detr_sahi,65340.0,monitor_or_bezel,0.3147,982.17,596.01,1028.95,690.87,4437.6,46.78,94.87,0.493,False,,True,unattributed,7,evt_01-P03_upper_body_0019,f31b8c0b07887148,pose_hand_context,,39521.4,3.22,,1,01/e1/v1,rtmpose_baseline
corpus_01,01.Candidate was found using a mobile phone in the examination hall..mkv,b842b03e5784d867e93770560d88150a526250df69077cd3065edbbd4c842098,rf_detr_sahi,65340.0,monitor_or_bezel,0.2889,1004.12,579.52,1115.89,691.0,12459.8,111.77,111.48,1.003,False,,True,unattributed,7,evt_01-P03_upper_body_0019,f31b8c0b07887148,pose_hand_context,,39521.4,3.22,,1,01/e1/v1,rtmpose_baseline
corpus_01,01.Candidate was found using a mobile phone in the examination hall..mkv,b842b03e5784d867e93770560d88150a526250df69077cd3065edbbd4c842098,rf_detr_sahi,65340.0,bag,0.2666,1004.12,579.52,1115.89,691.0,12459.8,111.77,111.48,1.003,False,,True,unattributed,7,evt_01-P03_upper_body_0019,f31b8c0b07887148,pose_hand_context,,39521.4,3.22,,1,01/e1/v1,rtmpose_baseline
corpus_01,01.Candidate was found using a mobile phone in the examination hall..mkv,b842b03e5784d867e93770560d88150a526250df69077cd3065edbbd4c842098,rf_detr_sahi,65340.0,bag,0.2561,1004.64,492.28,1116.0,604.0,12442.1,111.36,111.72,0.997,False,,True,unattributed,7,evt_01-P03_upper_body_0019,f31b8c0b07887148,pose_hand_context,,39521.4,3.22,,1,01/e1/v1,rtmpose_baseline
corpus_01,01.Candidate was found using a mobile phone in the examination hall..mkv,b842b03e5784d867e93770560d88150a526250df69077cd3065edbbd4c842098,rf_detr_sahi,65380.0,unknown_object,0.648,515.65,623.02,600.94,676.91,4596.4,85.3,53.89,1.583,False,,True,unattributed,4,evt_01-P01_desk_work_surface_0002,d6afd8482b968e7f,pose_hand_context,,16547.3,3.72,,1,01/e1/v1,rtmpose_baseline
corpus_01,01.Candidate was found using a mobile phone in the examination hall..mkv,b842b03e5784d867e93770560d88150a526250df69077cd3065edbbd4c842098,rf_detr_sahi,65380.0,bag,0.2896,430.27,665.03,519.24,720.0,4891.0,88.98,54.97,1.619,False,,True,unattributed,4,evt_01-P01_desk_work_surface_0002,d6afd8482b968e7f,pose_hand_context,,16547.3,3.72,,1,01/e1/v1,rtmpose_baseline
corpus_01,01.Candidate was found using a mobile phone in the examination hall..mkv,b842b03e5784d867e93770560d88150a526250df69077cd3065edbbd4c842098,rf_detr_sahi,65380.0,monitor_or_bezel,0.2807,430.27,665.03,519.24,720.0,4891.0,88.98,54.97,1.619,False,,True,unattributed,4,evt_01-P01_desk_work_surface_0002,d6afd8482b968e7f,pose_hand_context,,16547.3,3.72,,1,01/e1/v1,rtmpose_baseline
corpus_01,01.Candidate was found using a mobile phone in the examination hall..mkv,b842b03e5784d867e93770560d88150a526250df69077cd3065edbbd4c842098,rf_detr_sahi,65380.0,unknown_object,0.2652,430.27,665.03,519.24,720.0,4891.0,88.98,54.97,1.619,False,,True,unattributed,4,evt_01-P01_desk_work_surface_0002,d6afd8482b968e7f,pose_hand_context,,16547.3,3.72,,1,01/e1/v1,rtmpose_baseline
corpus_01,01.Candidate was found using a mobile phone in the examination hall..mkv,b842b03e5784d867e93770560d88150a526250df69077cd3065edbbd4c842098,rf_detr_sahi,65380.0,unknown_object,0.3573,723.09,304.0,777.0,409.63,5694.5,53.91,105.63,0.51,False,,True,unattributed,9,evt_01-P01_desk_work_surface_0002,df08df712e21537e,native_source_context_fallback,wrist_confidence_below_floor,18073.7,3.4,,1,01/e1/v1,rtmpose_baseline
corpus_01,01.Candidate was found using a mobile phone in the examination hall..mkv,b842b03e5784d867e93770560d88150a526250df69077cd3065edbbd4c842098,rf_detr_sahi,65380.0,unknown_object,0.312,723.0,454.24,775.48,465.48,590.2,52.48,11.24,4.667,False,,True,unattributed,9,evt_01-P01_desk_work_surface_0002,df08df712e21537e,native_source_context_fallback,wrist_confidence_below_floor,18073.7,3.4,,1,01/e1/v1,rtmpose_baseline
corpus_01,01.Candidate was found using a mobile phone in the examination hall..mkv,b842b03e5784d867e93770560d88150a526250df69077cd3065edbbd4c842098,rf_detr_sahi,65380.0,unknown_object,0.3739,1003.02,587.11,1112.87,696.87,12056.8,109.85,109.76,1.001,False,,True,unattributed,7,evt_01-P01_desk_work_surface_0002,fd62b30097355245,pose_hand_context,,38439.5,3.26,,1,01/e1/v1,rtmpose_baseline
corpus_01,01.Candidate was found using a mobile phone in the examination hall..mkv,b842b03e5784d867e93770560d88150a526250df69077cd3065edbbd4c842098,rf_detr_sahi,65380.0,monitor_or_bezel,0.3182,980.8,587.0,1026.94,696.83,5067.1,46.14,109.83,0.42,False,,True,unattributed,7,evt_01-P01_desk_work_surface_0002,fd62b30097355245,pose_hand_context,,38439.5,3.26,,1,01/e1/v1,rtmpose_baseline
corpus_01,01.Candidate was found using a mobile phone in the examination hall..mkv,b842b03e5784d867e93770560d88150a526250df69077cd3065edbbd4c842098,rf_detr_sahi,65380.0,bag,0.314,1003.09,501.07,1113.0,611.0,12082.6,109.91,109.93,1.0,False,,True,unattributed,7,evt_01-P01_desk_work_surface_0002,fd62b30097355245,pose_hand_context,,38439.5,3.26,,1,01/e1/v1,rtmpose_baseline
corpus_01,01.Candidate was found using a mobile phone in the examination hall..mkv,b842b03e5784d867e93770560d88150a526250df69077cd3065edbbd4c842098,rf_detr_sahi,65380.0,unknown_object,0.2719,917.14,587.0,994.09,696.62,8435.7,76.95,109.62,0.702,False,,True,unattributed,7,evt_01-P01_desk_work_surface_0002,fd62b30097355245,pose_hand_context,,38439.5,3.26,,1,01/e1/v1,rtmpose_baseline
corpus_01,01.Candidate was found using a mobile phone in the examination hall..mkv,b842b03e5784d867e93770560d88150a526250df69077cd3065edbbd4c842098,rf_detr_sahi,65500.0,unknown_object,0.5082,680.04,441.04,717.0,477.95,1364.0,36.96,36.9,1.001,False,,True,unattributed,9,evt_01-P01_upper_body_0006,542f118178e600fa,pose_hand_context,,4472.9,9.57,,1,01/e1/v1,rtmpose_baseline
corpus_01,01.Candidate was found using a mobile phone in the examination hall..mkv,b842b03e5784d867e93770560d88150a526250df69077cd3065edbbd4c842098,rf_detr_sahi,65500.0,unknown_object,0.4206,707.84,454.61,747.0,464.09,371.6,39.16,9.49,4.127,False,,True,unattributed,9,evt_01-P01_upper_body_0006,542f118178e600fa,pose_hand_context,,4472.9,9.57,,1,01/e1/v1,rtmpose_baseline
corpus_01,01.Candidate was found using a mobile phone in the examination hall..mkv,b842b03e5784d867e93770560d88150a526250df69077cd3065edbbd4c842098,rf_detr_sahi,65500.0,unknown_object,0.2791,709.0,441.0,746.95,463.92,869.8,37.95,22.92,1.656,False,,True,unattributed,9,evt_01-P01_upper_body_0006,542f118178e600fa,pose_hand_context,,4472.9,9.57,,1,01/e1/v1,rtmpose_baseline
corpus_01,01.Candidate was found using a mobile phone in the examination hall..mkv,b842b03e5784d867e93770560d88150a526250df69077cd3065edbbd4c842098,rf_detr_sahi,65500.0,unknown_object,0.2678,738.45,428.56,746.99,456.4,237.7,8.54,27.84,0.307,False,,True,unattributed,9,evt_01-P01_upper_body_0006,542f118178e600fa,pose_hand_context,,4472.9,9.57,,1,01/e1/v1,rtmpose_baseline
corpus_01,01.Candidate was found using a mobile phone in the examination hall..mkv,b842b03e5784d867e93770560d88150a526250df69077cd3065edbbd4c842098,rf_detr_sahi,65500.0,unknown_object,0.2658,709.13,454.46,747.0,477.94,889.1,37.87,23.48,1.613,False,,True,unattributed,9,evt_01-P01_upper_body_0006,542f118178e600fa,pose_hand_context,,4472.9,9.57,,1,01/e1/v1,rtmpose_baseline
corpus_01,01.Candidate was found using a mobile phone in the examination hall..mkv,b842b03e5784d867e93770560d88150a526250df69077cd3065edbbd4c842098,rf_detr_sahi,65500.0,unknown_object,0.2613,719.75,441.0,740.03,455.24,288.7,20.28,14.24,1.425,False,,True,unattributed,9,evt_01-P01_upper_body_0006,542f118178e600fa,pose_hand_context,,4472.9,9.57,,1,01/e1/v1,rtmpose_baseline
corpus_01,01.Candidate was found using a mobile phone in the examination hall..mkv,b842b03e5784d867e93770560d88150a526250df69077cd3065edbbd4c842098,rf_detr_sahi,65500.0,monitor_or_bezel,0.7348,980.1,584.08,1057.9,719.3,10520.0,77.8,135.22,0.575,False,,True,unattributed,7,evt_01-P01_upper_body_0006,b02ebbc2e515f977,pose_hand_context,,32174.8,3.18,,1,01/e1/v1,rtmpose_baseline
corpus_01,01.Candidate was found using a mobile phone in the examination hall..mkv,b842b03e5784d867e93770560d88150a526250df69077cd3065edbbd4c842098,rf_detr_sahi,65500.0,unknown_object,0.5171,945.49,559.0,1035.62,645.19,7768.0,90.12,86.19,1.046,False,,True,unattributed,7,evt_01-P01_upper_body_0006,b02ebbc2e515f977,pose_hand_context,,32174.8,3.18,,1,01/e1/v1,rtmpose_baseline
corpus_01,01.Candidate was found using a mobile phone in the examination hall..mkv,b842b03e5784d867e93770560d88150a526250df69077cd3065edbbd4c842098,rf_detr_sahi,65500.0,monitor_or_bezel,0.5145,989.57,583.7,1057.75,649.0,4451.6,68.17,65.3,1.044,False,,True,unattributed,7,evt_01-P01_upper_body_0006,b02ebbc2e515f977,pose_hand_context,,32174.8,3.18,,1,01/e1/v1,rtmpose_baseline
corpus_01,01.Candidate was found using a mobile phone in the examination hall..mkv,b842b03e5784d867e93770560d88150a526250df69077cd3065edbbd4c842098,rf_detr_sahi,65500.0,unknown_object,0.2743,870.76,629.06,970.0,689.86,6034.0,99.24,60.81,1.632,False,,True,unattributed,7,evt_01-P01_upper_body_0006,b02ebbc2e515f977,pose_hand_context,,32174.8,3.18,,1,01/e1/v1,rtmpose_baseline
corpus_01,01.Candidate was found using a mobile phone in the examination hall..mkv,b842b03e5784d867e93770560d88150a526250df69077cd3065edbbd4c842098,rf_detr_sahi,65500.0,unknown_object,0.256,979.64,629.0,1057.86,719.9,7109.6,78.21,90.9,0.86,False,,True,unattributed,7,evt_01-P01_upper_body_0006,b02ebbc2e515f977,pose_hand_context,,32174.8,3.18,,1,01/e1/v1,rtmpose_baseline
corpus_01,01.Candidate was found using a mobile phone in the examination hall..mkv,b842b03e5784d867e93770560d88150a526250df69077cd3065edbbd4c842098,rf_detr_sahi,65500.0,bag,0.4123,718.69,700.81,796.69,720.0,1496.9,78.0,19.19,4.064,False,,True,unattributed,4,evt_01-P01_upper_body_0006,d2f945064cb43b73,pose_hand_context,,25546.0,3.69,,1,01/e1/v1,rtmpose_baseline
corpus_01,01.Candidate was found using a mobile phone in the examination hall..mkv,b842b03e5784d867e93770560d88150a526250df69077cd3065edbbd4c842098,rf_detr_sahi,65580.0,bag,0.4379,724.48,700.6,795.39,720.0,1375.4,70.91,19.4,3.656,False,,True,unattributed,4,evt_01-P03_upper_body_0020,2c2d064deed77fe6,pose_hand_context,,31829.2,3.19,,1,01/e1/v1,rtmpose_baseline
corpus_01,01.Candidate was found using a mobile phone in the examination hall..mkv,b842b03e5784d867e93770560d88150a526250df69077cd3065edbbd4c842098,rf_detr_sahi,65580.0,unknown_object,0.4142,720.67,561.0,816.79,588.01,2596.4,96.12,27.01,3.559,False,,True,unattributed,4,evt_01-P03_upper_body_0020,2c2d064deed77fe6,pose_hand_context,,31829.2,3.19,,1,01/e1/v1,rtmpose_baseline
corpus_01,01.Candidate was found using a mobile phone in the examination hall..mkv,b842b03e5784d867e93770560d88150a526250df69077cd3065edbbd4c842098,rf_detr_sahi,65580.0,bag,0.4027,661.1,561.0,701.57,688.45,5158.0,40.47,127.45,0.318,False,,True,unattributed,4,evt_01-P03_upper_body_0020,2c2d064deed77fe6,pose_hand_context,,31829.2,3.19,,1,01/e1/v1,rtmpose_baseline
corpus_01,01.Candidate was found using a mobile phone in the examination hall..mkv,b842b03e5784d867e93770560d88150a526250df69077cd3065edbbd4c842098,rf_detr_sahi,65580.0,unknown_object,0.7215,943.21,562.0,1027.57,649.78,7405.6,84.37,87.78,0.961,False,,True,unattributed,7,evt_01-P03_upper_body_0020,dd69cac9761d21f4,pose_hand_context,,31278.6,3.21,,1,01/e1/v1,rtmpose_baseline
corpus_01,01.Candidate was found using a mobile phone in the examination hall..mkv,b842b03e5784d867e93770560d88150a526250df69077cd3065edbbd4c842098,rf_detr_sahi,65580.0,monitor_or_bezel,0.4886,943.47,562.67,1055.0,650.89,9838.8,111.53,88.22,1.264,False,,True,unattributed,7,evt_01-P03_upper_body_0020,dd69cac9761d21f4,pose_hand_context,,31278.6,3.21,,1,01/e1/v1,rtmpose_baseline
corpus_01,01.Candidate was found using a mobile phone in the examination hall..mkv,b842b03e5784d867e93770560d88150a526250df69077cd3065edbbd4c842098,rf_detr_sahi,65580.0,monitor_or_bezel,0.3448,979.92,584.34,1054.95,718.59,10073.1,75.03,134.26,0.559,False,,True,unattributed,7,evt_01-P03_upper_body_0020,dd69cac9761d21f4,pose_hand_context,,31278.6,3.21,,1,01/e1/v1,rtmpose_baseline
corpus_01,01.Candidate was found using a mobile phone in the examination hall..mkv,b842b03e5784d867e93770560d88150a526250df69077cd3065edbbd4c842098,rf_detr_sahi,65580.0,monitor_or_bezel,0.3308,988.18,584.67,1054.83,650.65,4397.7,66.65,65.98,1.01,False,,True,unattributed,7,evt_01-P03_upper_body_0020,dd69cac9761d21f4,pose_hand_context,,31278.6,3.21,,1,01/e1/v1,rtmpose_baseline
corpus_01,01.Candidate was found using a mobile phone in the examination hall..mkv,b842b03e5784d867e93770560d88150a526250df69077cd3065edbbd4c842098,rf_detr_sahi,65580.0,unknown_object,0.2996,943.39,631.0,1054.85,719.86,9904.1,111.46,88.86,1.254,False,,True,unattributed,7,evt_01-P03_upper_body_0020,dd69cac9761d21f4,pose_hand_context,,31278.6,3.21,,1,01/e1/v1,rtmpose_baseline
corpus_01,01.Candidate was found using a mobile phone in the examination hall..mkv,b842b03e5784d867e93770560d88150a526250df69077cd3065edbbd4c842098,rf_detr_sahi,65580.0,unknown_object,0.4849,737.58,423.62,750.98,456.29,437.7,13.4,32.67,0.41,False,,True,unattributed,9,evt_01-P03_upper_body_0020,e80473dc2e0a37e8,pose_hand_context,,4292.9,9.77,,1,01/e1/v1,rtmpose_baseline
corpus_01,01.Candidate was found using a mobile phone in the examination hall..mkv,b842b03e5784d867e93770560d88150a526250df69077cd3065edbbd4c842098,rf_detr_sahi,65580.0,unknown_object,0.3002,700.07,454.74,751.0,479.75,1274.1,50.93,25.01,2.036,False,,True,unattributed,9,evt_01-P03_upper_body_0020,e80473dc2e0a37e8,pose_hand_context,,4292.9,9.77,,1,01/e1/v1,rtmpose_baseline
corpus_01,01.Candidate was found using a mobile phone in the examination hall..mkv,b842b03e5784d867e93770560d88150a526250df69077cd3065edbbd4c842098,rf_detr_sahi,65580.0,unknown_object,0.283,701.37,432.98,720.82,448.24,296.9,19.45,15.26,1.275,False,,True,unattributed,9,evt_01-P03_upper_body_0020,e80473dc2e0a37e8,pose_hand_context,,4292.9,9.77,,1,01/e1/v1,rtmpose_baseline
corpus_01,01.Candidate was found using a mobile phone in the examination hall..mkv,b842b03e5784d867e93770560d88150a526250df69077cd3065edbbd4c842098,rf_detr_sahi,65580.0,unknown_object,0.2582,719.79,418.34,748.46,450.83,931.7,28.67,32.5,0.882,False,,True,unattributed,9,evt_01-P03_upper_body_0020,e80473dc2e0a37e8,pose_hand_context,,4292.9,9.77,,1,01/e1/v1,rtmpose_baseline
corpus_01,01.Candidate was found using a mobile phone in the examination hall..mkv,b842b03e5784d867e93770560d88150a526250df69077cd3065edbbd4c842098,rf_detr_sahi,65820.0,monitor_or_bezel,0.6566,982.14,593.09,1034.97,687.73,4999.2,52.82,94.64,0.558,False,,True,unattributed,7,evt_01-P06_upper_body_0046,7107d343b9b7fcc8,native_source_context_fallback,wrist_confidence_below_floor,28615.7,3.67,,1,01/e1/v1,rtmpose_baseline
corpus_01,01.Candidate was found using a mobile phone in the examination hall..mkv,b842b03e5784d867e93770560d88150a526250df69077cd3065edbbd4c842098,rf_detr_sahi,65820.0,unknown_object,0.5869,871.73,590.14,963.0,687.71,8905.4,91.27,97.57,0.935,False,,True,unattributed,7,evt_01-P06_upper_body_0046,7107d343b9b7fcc8,native_source_context_fallback,wrist_confidence_below_floor,28615.7,3.67,,1,01/e1/v1,rtmpose_baseline
corpus_01,01.Candidate was found using a mobile phone in the examination hall..mkv,b842b03e5784d867e93770560d88150a526250df69077cd3065edbbd4c842098,rf_detr_sahi,65820.0,unknown_object,0.3671,942.14,590.0,1024.17,687.79,8022.3,82.03,97.79,0.839,False,,True,unattributed,7,evt_01-P06_upper_body_0046,7107d343b9b7fcc8,native_source_context_fallback,wrist_confidence_below_floor,28615.7,3.67,,1,01/e1/v1,rtmpose_baseline
corpus_01,01.Candidate was found using a mobile phone in the examination hall..mkv,b842b03e5784d867e93770560d88150a526250df69077cd3065edbbd4c842098,rf_detr_sahi,65820.0,unknown_object,0.3281,985.38,517.79,1034.95,611.76,4658.3,49.57,93.97,0.528,False,,True,unattributed,7,evt_01-P06_upper_body_0046,7107d343b9b7fcc8,native_source_context_fallback,wrist_confidence_below_floor,28615.7,3.67,,1,01/e1/v1,rtmpose_baseline
corpus_01,01.Candidate was found using a mobile phone in the examination hall..mkv,b842b03e5784d867e93770560d88150a526250df69077cd3065edbbd4c842098,rf_detr_sahi,65820.0,unknown_object,0.8223,691.2,522.04,816.95,588.4,8345.7,125.76,66.36,1.895,False,,True,unattributed,4,evt_01-P06_upper_body_0046,f51ccfb84cb148fd,pose_hand_context,,51003.1,2.48,,1,01/e1/v1,rtmpose_baseline
corpus_01,01.Candidate was found using a mobile phone in the examination hall..mkv,b842b03e5784d867e93770560d88150a526250df69077cd3065edbbd4c842098,rf_detr_sahi,65820.0,unknown_object,0.4661,822.6,522.0,837.0,632.94,1598.1,14.4,110.94,0.13,False,,True,unattributed,4,evt_01-P06_upper_body_0046,f51ccfb84cb148fd,pose_hand_context,,51003.1,2.48,,1,01/e1/v1,rtmpose_baseline
corpus_01,01.Candidate was found using a mobile phone in the examination hall..mkv,b842b03e5784d867e93770560d88150a526250df69077cd3065edbbd4c842098,rf_detr_sahi,65820.0,unknown_object,0.2823,578.56,522.05,715.58,632.77,15170.8,137.02,110.72,1.238,False,,True,unattributed,4,evt_01-P06_upper_body_0046,f51ccfb84cb148fd,pose_hand_context,,51003.1,2.48,,1,01/e1/v1,rtmpose_baseline
corpus_01,01.Candidate was found using a mobile phone in the examination hall..mkv,b842b03e5784d867e93770560d88150a526250df69077cd3065edbbd4c842098,rf_detr_sahi,65860.0,unknown_object,0.8519,685.51,518.07,817.25,588.18,9235.8,131.73,70.11,1.879,False,,True,unattributed,4,evt_01-P03_desk_work_surface_0015,03eec975195ef49b,pose_hand_context,,53547.8,2.41,,1,01/e1/v1,rtmpose_baseline
corpus_01,01.Candidate was found using a mobile phone in the examination hall..mkv,b842b03e5784d867e93770560d88150a526250df69077cd3065edbbd4c842098,rf_detr_sahi,65860.0,unknown_object,0.4028,821.38,520.14,834.0,630.83,1397.1,12.62,110.69,0.114,False,,True,unattributed,4,evt_01-P03_desk_work_surface_0015,03eec975195ef49b,pose_hand_context,,53547.8,2.41,,1,01/e1/v1,rtmpose_baseline
corpus_01,01.Candidate was found using a mobile phone in the examination hall..mkv,b842b03e5784d867e93770560d88150a526250df69077cd3065edbbd4c842098,rf_detr_sahi,65860.0,bag,0.2632,719.49,700.84,796.3,720.0,1471.6,76.81,19.16,4.008,False,,True,unattributed,4,evt_01-P03_desk_work_surface_0015,03eec975195ef49b,pose_hand_context,,53547.8,2.41,,1,01/e1/v1,rtmpose_baseline
corpus_01,01.Candidate was found using a mobile phone in the examination hall..mkv,b842b03e5784d867e93770560d88150a526250df69077cd3065edbbd4c842098,rf_detr_sahi,65860.0,unknown_object,0.2693,697.0,444.41,707.27,455.2,110.8,10.27,10.79,0.952,True,object footprint 111 px is under the 120 px floor for a call,False,unattributed,9,evt_01-P03_desk_work_surface_0015,b4468a92abada0e6,pose_hand_context,,2304.0,13.33,,1,01/e1/v1,rtmpose_baseline
corpus_01,01.Candidate was found using a mobile phone in the examination hall..mkv,b842b03e5784d867e93770560d88150a526250df69077cd3065edbbd4c842098,rf_detr_sahi,65860.0,unknown_object,0.6912,870.18,588.25,961.93,685.29,8903.2,91.75,97.04,0.945,False,,True,unattributed,7,evt_01-P03_desk_work_surface_0015,cb817ad0edd9f927,native_source_context_fallback,wrist_confidence_below_floor,28193.8,3.7,,1,01/e1/v1,rtmpose_baseline
corpus_01,01.Candidate was found using a mobile phone in the examination hall..mkv,b842b03e5784d867e93770560d88150a526250df69077cd3065edbbd4c842098,rf_detr_sahi,65860.0,monitor_or_bezel,0.555,982.52,593.86,1032.94,685.72,4631.2,50.42,91.85,0.549,False,,True,unattributed,7,evt_01-P03_desk_work_surface_0015,cb817ad0edd9f927,native_source_context_fallback,wrist_confidence_below_floor,28193.8,3.7,,1,01/e1/v1,rtmpose_baseline
corpus_01,01.Candidate was found using a mobile phone in the examination hall..mkv,b842b03e5784d867e93770560d88150a526250df69077cd3065edbbd4c842098,rf_detr_sahi,65860.0,unknown_object,0.3792,941.06,588.0,1024.26,685.74,8131.3,83.2,97.74,0.851,False,,True,unattributed,7,evt_01-P03_desk_work_surface_0015,cb817ad0edd9f927,native_source_context_fallback,wrist_confidence_below_floor,28193.8,3.7,,1,01/e1/v1,rtmpose_baseline
corpus_01,01.Candidate was found using a mobile phone in the examination hall..mkv,b842b03e5784d867e93770560d88150a526250df69077cd3065edbbd4c842098,rf_detr_sahi,65860.0,unknown_object,0.3686,941.13,513.01,1017.53,609.87,7400.5,76.4,96.86,0.789,False,,True,unattributed,7,evt_01-P03_desk_work_surface_0015,cb817ad0edd9f927,native_source_context_fallback,wrist_confidence_below_floor,28193.8,3.7,,1,01/e1/v1,rtmpose_baseline
corpus_01,01.Candidate was found using a mobile phone in the examination hall..mkv,b842b03e5784d867e93770560d88150a526250df69077cd3065edbbd4c842098,rf_detr_sahi,65860.0,unknown_object,0.3583,988.49,519.19,1032.88,609.78,4021.3,44.39,90.59,0.49,False,,True,unattributed,7,evt_01-P03_desk_work_surface_0015,cb817ad0edd9f927,native_source_context_fallback,wrist_confidence_below_floor,28193.8,3.7,,1,01/e1/v1,rtmpose_baseline
corpus_01,01.Candidate was found using a mobile phone in the examination hall..mkv,b842b03e5784d867e93770560d88150a526250df69077cd3065edbbd4c842098,rf_detr_sahi,66020.0,unknown_object,0.8637,686.07,513.0,817.46,588.34,9898.7,131.39,75.34,1.744,False,,True,unattributed,4,evt_01-P06_desk_work_surface_0043,5891194e12019601,pose_hand_context,,60558.7,2.18,,1,01/e1/v1,rtmpose_baseline
corpus_01,01.Candidate was found using a mobile phone in the examination hall..mkv,b842b03e5784d867e93770560d88150a526250df69077cd3065edbbd4c842098,rf_detr_sahi,66020.0,unknown_object,0.6453,528.24,514.85,693.21,628.86,18807.3,164.97,114.01,1.447,False,,True,unattributed,4,evt_01-P06_desk_work_surface_0043,5891194e12019601,pose_hand_context,,60558.7,2.18,,1,01/e1/v1,rtmpose_baseline
corpus_01,01.Candidate was found using a mobile phone in the examination hall..mkv,b842b03e5784d867e93770560d88150a526250df69077cd3065edbbd4c842098,rf_detr_sahi,66020.0,bag,0.519,721.22,700.72,791.82,719.93,1356.0,70.6,19.21,3.676,False,,True,unattributed,4,evt_01-P06_desk_work_surface_0043,5891194e12019601,pose_hand_context,,60558.7,2.18,,1,01/e1/v1,rtmpose_baseline
corpus_01,01.Candidate was found using a mobile phone in the examination hall..mkv,b842b03e5784d867e93770560d88150a526250df69077cd3065edbbd4c842098,rf_detr_sahi,66020.0,unknown_object,0.5058,528.0,604.15,693.99,719.81,19198.4,165.99,115.66,1.435,False,,True,unattributed,4,evt_01-P06_desk_work_surface_0043,5891194e12019601,pose_hand_context,,60558.7,2.18,,1,01/e1/v1,rtmpose_baseline
corpus_01,01.Candidate was found using a mobile phone in the examination hall..mkv,b842b03e5784d867e93770560d88150a526250df69077cd3065edbbd4c842098,rf_detr_sahi,66020.0,unknown_object,0.3023,627.28,513.0,699.44,599.45,6238.0,72.16,86.45,0.835,False,,True,unattributed,4,evt_01-P06_desk_work_surface_0043,5891194e12019601,pose_hand_context,,60558.7,2.18,,1,01/e1/v1,rtmpose_baseline
corpus_01,01.Candidate was found using a mobile phone in the examination hall..mkv,b842b03e5784d867e93770560d88150a526250df69077cd3065edbbd4c842098,rf_detr_sahi,66020.0,unknown_object,0.6869,1010.58,435.16,1127.0,553.0,13718.8,116.42,117.84,0.988,False,,True,unattributed,7,evt_01-P06_desk_work_surface_0043,e634b7c6b12774cc,pose_hand_context,,43739.5,3.06,,1,01/e1/v1,rtmpose_baseline
corpus_01,01.Candidate was found using a mobile phone in the examination hall..mkv,b842b03e5784d867e93770560d88150a526250df69077cd3065edbbd4c842098,rf_detr_sahi,66020.0,unknown_object,0.3516,1010.22,578.14,1126.98,643.94,7683.5,116.77,65.8,1.774,False,,True,unattributed,7,evt_01-P06_desk_work_surface_0043,e634b7c6b12774cc,pose_hand_context,,43739.5,3.06,,1,01/e1/v1,rtmpose_baseline
corpus_01,01.Candidate was found using a mobile phone in the examination hall..mkv,b842b03e5784d867e93770560d88150a526250df69077cd3065edbbd4c842098,rf_detr_sahi,66020.0,unknown_object,0.3285,920.38,492.0,1003.23,552.69,5028.1,82.85,60.69,1.365,False,,True,unattributed,7,evt_01-P06_desk_work_surface_0043,e634b7c6b12774cc,pose_hand_context,,43739.5,3.06,,1,01/e1/v1,rtmpose_baseline
corpus_01,01.Candidate was found using a mobile phone in the examination hall..mkv,b842b03e5784d867e93770560d88150a526250df69077cd3065edbbd4c842098,rf_detr_sahi,66020.0,unknown_object,0.3177,924.46,435.06,1032.05,486.53,5538.3,107.6,51.47,2.09,False,,True,unattributed,7,evt_01-P06_desk_work_surface_0043,e634b7c6b12774cc,pose_hand_context,,43739.5,3.06,,1,01/e1/v1,rtmpose_baseline
corpus_01,01.Candidate was found using a mobile phone in the examination hall..mkv,b842b03e5784d867e93770560d88150a526250df69077cd3065edbbd4c842098,rf_detr_sahi,66020.0,bag,0.3015,1010.22,578.14,1126.98,643.94,7683.5,116.77,65.8,1.774,False,,True,unattributed,7,evt_01-P06_desk_work_surface_0043,e634b7c6b12774cc,pose_hand_context,,43739.5,3.06,,1,01/e1/v1,rtmpose_baseline
corpus_01,01.Candidate was found using a mobile phone in the examination hall..mkv,b842b03e5784d867e93770560d88150a526250df69077cd3065edbbd4c842098,rf_detr_sahi,66060.0,unknown_object,0.7464,685.0,517.01,812.0,588.12,9031.2,127.0,71.11,1.786,False,,True,unattributed,4,evt_01-P02_desk_work_surface_0010,1cbdb549ffeb8cb8,pose_hand_context,,59376.9,2.18,,1,01/e1/v1,rtmpose_baseline
corpus_01,01.Candidate was found using a mobile phone in the examination hall..mkv,b842b03e5784d867e93770560d88150a526250df69077cd3065edbbd4c842098,rf_detr_sahi,66060.0,unknown_object,0.6155,519.56,518.48,662.27,630.94,16049.7,142.71,112.46,1.269,False,,True,unattributed,4,evt_01-P02_desk_work_surface_0010,1cbdb549ffeb8cb8,pose_hand_context,,59376.9,2.18,,1,01/e1/v1,rtmpose_baseline
corpus_01,01.Candidate was found using a mobile phone in the examination hall..mkv,b842b03e5784d867e93770560d88150a526250df69077cd3065edbbd4c842098,rf_detr_sahi,66060.0,bag,0.605,724.42,700.38,791.75,719.94,1316.8,67.33,19.56,3.443,False,,True,unattributed,4,evt_01-P02_desk_work_surface_0010,1cbdb549ffeb8cb8,pose_hand_context,,59376.9,2.18,,1,01/e1/v1,rtmpose_baseline
corpus_01,01.Candidate was found using a mobile phone in the examination hall..mkv,b842b03e5784d867e93770560d88150a526250df69077cd3065edbbd4c842098,rf_detr_sahi,66060.0,unknown_object,0.3991,647.0,517.25,699.85,630.61,5990.3,52.84,113.36,0.466,False,,True,unattributed,4,evt_01-P02_desk_work_surface_0010,1cbdb549ffeb8cb8,pose_hand_context,,59376.9,2.18,,1,01/e1/v1,rtmpose_baseline
corpus_01,01.Candidate was found using a mobile phone in the examination hall..mkv,b842b03e5784d867e93770560d88150a526250df69077cd3065edbbd4c842098,rf_detr_sahi,66060.0,unknown_object,0.3851,602.04,517.54,701.13,665.83,14692.9,99.08,148.29,0.668,False,,True,unattributed,4,evt_01-P02_desk_work_surface_0010,1cbdb549ffeb8cb8,pose_hand_context,,59376.9,2.18,,1,01/e1/v1,rtmpose_baseline
corpus_01,01.Candidate was found using a mobile phone in the examination hall..mkv,b842b03e5784d867e93770560d88150a526250df69077cd3065edbbd4c842098,rf_detr_sahi,66060.0,monitor_or_bezel,0.4647,979.87,595.11,1027.96,719.43,5978.5,48.09,124.32,0.387,False,,True,unattributed,7,evt_01-P02_desk_work_surface_0010,bbe9e1e78de2de28,pose_hand_context,,37820.2,3.06,,1,01/e1/v1,rtmpose_baseline
corpus_01,01.Candidate was found using a mobile phone in the examination hall..mkv,b842b03e5784d867e93770560d88150a526250df69077cd3065edbbd4c842098,rf_detr_sahi,66060.0,unknown_object,0.4285,820.78,618.11,937.0,719.93,11834.0,116.22,101.82,1.141,False,,True,unattributed,7,evt_01-P02_desk_work_surface_0010,bbe9e1e78de2de28,pose_hand_context,,37820.2,3.06,,1,01/e1/v1,rtmpose_baseline
corpus_01,01.Candidate was found using a mobile phone in the examination hall..mkv,b842b03e5784d867e93770560d88150a526250df69077cd3065edbbd4c842098,rf_detr_sahi,66060.0,unknown_object,0.4148,853.45,618.03,936.93,671.47,4460.4,83.48,53.43,1.562,False,,True,unattributed,7,evt_01-P02_desk_work_surface_0010,bbe9e1e78de2de28,pose_hand_context,,37820.2,3.06,,1,01/e1/v1,rtmpose_baseline
corpus_01,01.Candidate was found using a mobile phone in the examination hall..mkv,b842b03e5784d867e93770560d88150a526250df69077cd3065edbbd4c842098,rf_detr_sahi,66060.0,unknown_object,0.3347,990.27,597.46,1027.96,639.85,1597.3,37.69,42.38,0.889,False,,True,unattributed,7,evt_01-P02_desk_work_surface_0010,bbe9e1e78de2de28,pose_hand_context,,37820.2,3.06,,1,01/e1/v1,rtmpose_baseline
corpus_01,01.Candidate was found using a mobile phone in the examination hall..mkv,b842b03e5784d867e93770560d88150a526250df69077cd3065edbbd4c842098,rf_detr_sahi,66060.0,unknown_object,0.3138,852.71,538.68,936.82,639.83,8507.4,84.11,101.15,0.831,False,,True,unattributed,7,evt_01-P02_desk_work_surface_0010,bbe9e1e78de2de28,pose_hand_context,,37820.2,3.06,,1,01/e1/v1,rtmpose_baseline
corpus_01,01.Candidate was found using a mobile phone in the examination hall..mkv,b842b03e5784d867e93770560d88150a526250df69077cd3065edbbd4c842098,rf_detr_sahi,66380.0,monitor_or_bezel,0.6455,978.62,584.0,1020.83,719.62,5724.7,42.21,135.62,0.311,False,,True,unattributed,7,evt_01-P01_desk_work_surface_0002,6e83494e473e432e,pose_hand_context,,59102.5,2.62,,1,01/e1/v1,rtmpose_baseline
corpus_01,01.Candidate was found using a mobile phone in the examination hall..mkv,b842b03e5784d867e93770560d88150a526250df69077cd3065edbbd4c842098,rf_detr_sahi,66380.0,unknown_object,0.6002,990.0,478.0,1044.4,613.48,7369.5,54.4,135.48,0.402,False,,True,unattributed,7,evt_01-P01_desk_work_surface_0002,6e83494e473e432e,pose_hand_context,,59102.5,2.62,,1,01/e1/v1,rtmpose_baseline
corpus_01,01.Candidate was found using a mobile phone in the examination hall..mkv,b842b03e5784d867e93770560d88150a526250df69077cd3065edbbd4c842098,rf_detr_sahi,66380.0,unknown_object,0.3694,1004.9,578.45,1128.0,613.91,4364.7,123.1,35.46,3.472,False,,True,unattributed,7,evt_01-P01_desk_work_surface_0002,6e83494e473e432e,pose_hand_context,,59102.5,2.62,,1,01/e1/v1,rtmpose_baseline
corpus_01,01.Candidate was found using a mobile phone in the examination hall..mkv,b842b03e5784d867e93770560d88150a526250df69077cd3065edbbd4c842098,rf_detr_sahi,66380.0,unknown_object,0.304,990.53,584.0,1127.89,719.86,18661.5,137.36,135.86,1.011,False,,True,unattributed,7,evt_01-P01_desk_work_surface_0002,6e83494e473e432e,pose_hand_context,,59102.5,2.62,,1,01/e1/v1,rtmpose_baseline
corpus_01,01.Candidate was found using a mobile phone in the examination hall..mkv,b842b03e5784d867e93770560d88150a526250df69077cd3065edbbd4c842098,rf_detr_sahi,66380.0,unknown_object,0.5491,447.39,599.01,620.91,716.79,20438.4,173.53,117.78,1.473,False,,True,unattributed,4,evt_01-P01_desk_work_surface_0002,b26f33bc8d9db396,native_source_context_fallback,wrist_confidence_below_floor,66418.0,2.03,,1,01/e1/v1,rtmpose_baseline
corpus_01,01.Candidate was found using a mobile phone in the examination hall..mkv,b842b03e5784d867e93770560d88150a526250df69077cd3065edbbd4c842098,rf_detr_sahi,66380.0,monitor_or_bezel,0.4616,309.0,599.06,363.28,716.74,6387.4,54.28,117.67,0.461,False,,True,unattributed,4,evt_01-P01_desk_work_surface_0002,b26f33bc8d9db396,native_source_context_fallback,wrist_confidence_below_floor,66418.0,2.03,,1,01/e1/v1,rtmpose_baseline
corpus_01,01.Candidate was found using a mobile phone in the examination hall..mkv,b842b03e5784d867e93770560d88150a526250df69077cd3065edbbd4c842098,rf_detr_sahi,66380.0,unknown_object,0.4187,523.85,540.85,596.39,641.35,7290.4,72.54,100.51,0.722,False,,True,unattributed,4,evt_01-P01_desk_work_surface_0002,b26f33bc8d9db396,native_source_context_fallback,wrist_confidence_below_floor,66418.0,2.03,,1,01/e1/v1,rtmpose_baseline
corpus_01,01.Candidate was found using a mobile phone in the examination hall..mkv,b842b03e5784d867e93770560d88150a526250df69077cd3065edbbd4c842098,rf_detr_sahi,66380.0,monitor_or_bezel,0.3202,449.85,507.0,485.9,592.65,3087.7,36.05,85.65,0.421,False,,True,unattributed,4,evt_01-P01_desk_work_surface_0002,b26f33bc8d9db396,native_source_context_fallback,wrist_confidence_below_floor,66418.0,2.03,,1,01/e1/v1,rtmpose_baseline
corpus_01,01.Candidate was found using a mobile phone in the examination hall..mkv,b842b03e5784d867e93770560d88150a526250df69077cd3065edbbd4c842098,rf_detr_sahi,66380.0,unknown_object,0.3198,447.0,541.05,596.91,625.0,12584.9,149.91,83.95,1.786,False,,True,unattributed,4,evt_01-P01_desk_work_surface_0002,b26f33bc8d9db396,native_source_context_fallback,wrist_confidence_below_floor,66418.0,2.03,,1,01/e1/v1,rtmpose_baseline
corpus_01,01.Candidate was found using a mobile phone in the examination hall..mkv,b842b03e5784d867e93770560d88150a526250df69077cd3065edbbd4c842098,rf_detr_sahi,66380.0,unknown_object,0.3011,548.27,507.25,624.0,609.26,7725.3,75.73,102.01,0.742,False,,True,unattributed,4,evt_01-P01_desk_work_surface_0002,b26f33bc8d9db396,native_source_context_fallback,wrist_confidence_below_floor,66418.0,2.03,,1,01/e1/v1,rtmpose_baseline
corpus_01,01.Candidate was found using a mobile phone in the examination hall..mkv,b842b03e5784d867e93770560d88150a526250df69077cd3065edbbd4c842098,rf_detr_sahi,66500.0,monitor_or_bezel,0.9395,253.14,666.0,339.01,719.91,4629.7,85.87,53.91,1.593,False,,True,unattributed,4,evt_01-P01_upper_body_0006,4ea568cd79e0e9d0,pose_hand_context,,15385.3,3.96,,1,01/e1/v1,rtmpose_baseline
corpus_01,01.Candidate was found using a mobile phone in the examination hall..mkv,b842b03e5784d867e93770560d88150a526250df69077cd3065edbbd4c842098,rf_detr_sahi,66500.0,mouse,0.92,278.51,679.96,297.21,702.41,419.9,18.7,22.45,0.833,False,,True,unattributed,4,evt_01-P01_upper_body_0006,4ea568cd79e0e9d0,pose_hand_context,,15385.3,3.96,,1,01/e1/v1,rtmpose_baseline
corpus_01,01.Candidate was found using a mobile phone in the examination hall..mkv,b842b03e5784d867e93770560d88150a526250df69077cd3065edbbd4c842098,rf_detr_sahi,66500.0,unknown_object,0.3834,324.13,624.05,414.87,677.91,4887.3,90.75,53.86,1.685,False,,True,unattributed,4,evt_01-P01_upper_body_0006,4ea568cd79e0e9d0,pose_hand_context,,15385.3,3.96,,1,01/e1/v1,rtmpose_baseline
corpus_01,01.Candidate was found using a mobile phone in the examination hall..mkv,b842b03e5784d867e93770560d88150a526250df69077cd3065edbbd4c842098,rf_detr_sahi,66500.0,phone,0.3805,253.01,630.74,294.68,674.33,1816.7,41.68,43.59,0.956,False,,True,unattributed,4,evt_01-P01_upper_body_0006,4ea568cd79e0e9d0,pose_hand_context,,15385.3,3.96,,1,01/e1/v1,rtmpose_baseline
corpus_01,01.Candidate was found using a mobile phone in the examination hall..mkv,b842b03e5784d867e93770560d88150a526250df69077cd3065edbbd4c842098,rf_detr_sahi,66500.0,monitor_or_bezel,0.2634,253.07,624.09,294.97,674.51,2112.4,41.9,50.42,0.831,False,,True,unattributed,4,evt_01-P01_upper_body_0006,4ea568cd79e0e9d0,pose_hand_context,,15385.3,3.96,,1,01/e1/v1,rtmpose_baseline
corpus_01,01.Candidate was found using a mobile phone in the examination hall..mkv,b842b03e5784d867e93770560d88150a526250df69077cd3065edbbd4c842098,rf_detr_sahi,66500.0,unknown_object,0.6104,883.01,481.0,1014.0,611.69,17119.6,130.99,130.69,1.002,False,,True,unattributed,7,evt_01-P01_upper_body_0006,8f57a13b660d1ec1,pose_hand_context,,54503.6,2.74,,1,01/e1/v1,rtmpose_baseline
corpus_01,01.Candidate was found using a mobile phone in the examination hall..mkv,b842b03e5784d867e93770560d88150a526250df69077cd3065edbbd4c842098,rf_detr_sahi,66500.0,unknown_object,0.5731,985.03,481.08,1033.86,611.8,6382.4,48.83,130.71,0.374,False,,True,unattributed,7,evt_01-P01_upper_body_0006,8f57a13b660d1ec1,pose_hand_context,,54503.6,2.74,,1,01/e1/v1,rtmpose_baseline
corpus_01,01.Candidate was found using a mobile phone in the examination hall..mkv,b842b03e5784d867e93770560d88150a526250df69077cd3065edbbd4c842098,rf_detr_sahi,66500.0,unknown_object,0.3687,985.37,583.04,1116.0,714.0,17108.3,130.63,130.96,0.997,False,,True,unattributed,7,evt_01-P01_upper_body_0006,8f57a13b660d1ec1,pose_hand_context,,54503.6,2.74,,1,01/e1/v1,rtmpose_baseline
corpus_01,01.Candidate was found using a mobile phone in the examination hall..mkv,b842b03e5784d867e93770560d88150a526250df69077cd3065edbbd4c842098,rf_detr_sahi,66500.0,unknown_object,0.299,1005.11,481.08,1116.0,611.93,14510.4,110.89,130.85,0.847,False,,True,unattributed,7,evt_01-P01_upper_body_0006,8f57a13b660d1ec1,pose_hand_context,,54503.6,2.74,,1,01/e1/v1,rtmpose_baseline
corpus_01,01.Candidate was found using a mobile phone in the examination hall..mkv,b842b03e5784d867e93770560d88150a526250df69077cd3065edbbd4c842098,rf_detr_sahi,66500.0,monitor_or_bezel,0.2896,979.12,583.37,1013.96,714.0,4551.7,34.85,130.63,0.267,False,,True,unattributed,7,evt_01-P01_upper_body_0006,8f57a13b660d1ec1,pose_hand_context,,54503.6,2.74,,1,01/e1/v1,rtmpose_baseline
corpus_01,01.Candidate was found using a mobile phone in the examination hall..mkv,b842b03e5784d867e93770560d88150a526250df69077cd3065edbbd4c842098,rf_detr_sahi,66580.0,unknown_object,0.7591,982.0,472.0,1023.03,609.84,5655.6,41.03,137.84,0.298,False,,True,unattributed,7,evt_01-P03_upper_body_0020,0b10710a82968c28,pose_hand_context,,60152.5,2.61,,1,01/e1/v1,rtmpose_baseline
corpus_01,01.Candidate was found using a mobile phone in the examination hall..mkv,b842b03e5784d867e93770560d88150a526250df69077cd3065edbbd4c842098,rf_detr_sahi,66580.0,unknown_object,0.5314,1006.2,472.15,1120.0,609.88,15673.3,113.8,137.73,0.826,False,,True,unattributed,7,evt_01-P03_upper_body_0020,0b10710a82968c28,pose_hand_context,,60152.5,2.61,,1,01/e1/v1,rtmpose_baseline
corpus_01,01.Candidate was found using a mobile phone in the examination hall..mkv,b842b03e5784d867e93770560d88150a526250df69077cd3065edbbd4c842098,rf_detr_sahi,66580.0,bag,0.3039,1006.2,472.15,1120.0,609.88,15673.3,113.8,137.73,0.826,False,,True,unattributed,7,evt_01-P03_upper_body_0020,0b10710a82968c28,pose_hand_context,,60152.5,2.61,,1,01/e1/v1,rtmpose_baseline
corpus_01,01.Candidate was found using a mobile phone in the examination hall..mkv,b842b03e5784d867e93770560d88150a526250df69077cd3065edbbd4c842098,rf_detr_sahi,66580.0,unknown_object,0.7549,228.19,548.75,337.1,642.85,10248.7,108.91,94.1,1.157,False,,True,unattributed,4,evt_01-P03_upper_body_0020,62391876cbd7ef0c,native_source_context_fallback,wrist_confidence_below_floor,38764.8,2.83,,1,01/e1/v1,rtmpose_baseline
corpus_01,01.Candidate was found using a mobile phone in the examination hall..mkv,b842b03e5784d867e93770560d88150a526250df69077cd3065edbbd4c842098,rf_detr_sahi,66580.0,unknown_object,0.5462,327.33,621.05,454.0,717.85,12261.4,126.67,96.8,1.309,False,,True,unattributed,4,evt_01-P03_upper_body_0020,62391876cbd7ef0c,native_source_context_fallback,wrist_confidence_below_floor,38764.8,2.83,,1,01/e1/v1,rtmpose_baseline
corpus_01,01.Candidate was found using a mobile phone in the examination hall..mkv,b842b03e5784d867e93770560d88150a526250df69077cd3065edbbd4c842098,rf_detr_sahi,66580.0,mouse,0.3473,278.69,680.19,297.66,702.6,425.0,18.96,22.41,0.846,False,,True,unattributed,4,evt_01-P03_upper_body_0020,62391876cbd7ef0c,native_source_context_fallback,wrist_confidence_below_floor,38764.8,2.83,,1,01/e1/v1,rtmpose_baseline
corpus_01,01.Candidate was found using a mobile phone in the examination hall..mkv,b842b03e5784d867e93770560d88150a526250df69077cd3065edbbd4c842098,rf_detr_sahi,66580.0,unknown_object,0.2646,228.16,621.1,355.0,717.86,12272.8,126.84,96.76,1.311,False,,True,unattributed,4,evt_01-P03_upper_body_0020,62391876cbd7ef0c,native_source_context_fallback,wrist_confidence_below_floor,38764.8,2.83,,1,01/e1/v1,rtmpose_baseline
corpus_01,01.Candidate was found using a mobile phone in the examination hall..mkv,b842b03e5784d867e93770560d88150a526250df69077cd3065edbbd4c842098,rf_detr_sahi,66580.0,monitor_or_bezel,0.2614,327.33,621.05,454.0,717.85,12261.4,126.67,96.8,1.309,False,,True,unattributed,4,evt_01-P03_upper_body_0020,62391876cbd7ef0c,native_source_context_fallback,wrist_confidence_below_floor,38764.8,2.83,,1,01/e1/v1,rtmpose_baseline
corpus_01,01.Candidate was found using a mobile phone in the examination hall..mkv,b842b03e5784d867e93770560d88150a526250df69077cd3065edbbd4c842098,rf_detr_sahi,66820.0,unknown_object,0.7624,815.03,618.64,866.65,633.62,773.1,51.61,14.98,3.446,False,,True,unattributed,7,evt_01-P06_upper_body_0046,4fc26df5c438c715,pose_hand_context,,59840.0,2.5,,1,01/e1/v1,rtmpose_baseline
corpus_01,01.Candidate was found using a mobile phone in the examination hall..mkv,b842b03e5784d867e93770560d88150a526250df69077cd3065edbbd4c842098,rf_detr_sahi,66820.0,unknown_object,0.5921,690.0,486.04,813.1,589.16,12694.5,123.1,103.12,1.194,False,,True,unattributed,7,evt_01-P06_upper_body_0046,4fc26df5c438c715,pose_hand_context,,59840.0,2.5,,1,01/e1/v1,rtmpose_baseline
corpus_01,01.Candidate was found using a mobile phone in the examination hall..mkv,b842b03e5784d867e93770560d88150a526250df69077cd3065edbbd4c842098,rf_detr_sahi,66820.0,unknown_object,0.3384,815.17,624.49,834.0,632.7,154.7,18.83,8.21,2.293,False,,True,unattributed,7,evt_01-P06_upper_body_0046,4fc26df5c438c715,pose_hand_context,,59840.0,2.5,,1,01/e1/v1,rtmpose_baseline
corpus_01,01.Candidate was found using a mobile phone in the examination hall..mkv,b842b03e5784d867e93770560d88150a526250df69077cd3065edbbd4c842098,rf_detr_sahi,66820.0,unknown_object,0.2943,812.08,646.82,946.0,720.0,9800.4,133.92,73.18,1.83,False,,True,unattributed,7,evt_01-P06_upper_body_0046,4fc26df5c438c715,pose_hand_context,,59840.0,2.5,,1,01/e1/v1,rtmpose_baseline
corpus_01,01.Candidate was found using a mobile phone in the examination hall..mkv,b842b03e5784d867e93770560d88150a526250df69077cd3065edbbd4c842098,rf_detr_sahi,66820.0,unknown_object,0.6932,96.96,622.09,242.0,717.94,13902.5,145.04,95.85,1.513,False,,True,unattributed,4,evt_01-P06_upper_body_0046,cad6784b160d635a,native_source_context_fallback,wrist_confidence_below_floor,45526.7,2.38,,1,01/e1/v1,rtmpose_baseline
corpus_01,01.Candidate was found using a mobile phone in the examination hall..mkv,b842b03e5784d867e93770560d88150a526250df69077cd3065edbbd4c842098,rf_detr_sahi,66820.0,unknown_object,0.448,91.29,549.78,242.0,643.96,14192.9,150.71,94.17,1.6,False,,True,unattributed,4,evt_01-P06_upper_body_0046,cad6784b160d635a,native_source_context_fallback,wrist_confidence_below_floor,45526.7,2.38,,1,01/e1/v1,rtmpose_baseline
corpus_01,01.Candidate was found using a mobile phone in the examination hall..mkv,b842b03e5784d867e93770560d88150a526250df69077cd3065edbbd4c842098,rf_detr_sahi,66820.0,monitor_or_bezel,0.4405,197.6,548.0,358.89,693.11,23405.5,161.29,145.11,1.112,False,,True,unattributed,4,evt_01-P06_upper_body_0046,cad6784b160d635a,native_source_context_fallback,wrist_confidence_below_floor,45526.7,2.38,,1,01/e1/v1,rtmpose_baseline
corpus_01,01.Candidate was found using a mobile phone in the examination hall..mkv,b842b03e5784d867e93770560d88150a526250df69077cd3065edbbd4c842098,rf_detr_sahi,66820.0,monitor_or_bezel,0.3986,208.21,622.13,357.84,717.96,14338.9,149.63,95.83,1.561,False,,True,unattributed,4,evt_01-P06_upper_body_0046,cad6784b160d635a,native_source_context_fallback,wrist_confidence_below_floor,45526.7,2.38,,1,01/e1/v1,rtmpose_baseline
corpus_01,01.Candidate was found using a mobile phone in the examination hall..mkv,b842b03e5784d867e93770560d88150a526250df69077cd3065edbbd4c842098,rf_detr_sahi,66820.0,monitor_or_bezel,0.2614,271.4,622.0,359.0,693.66,6277.3,87.6,71.66,1.222,False,,True,unattributed,4,evt_01-P06_upper_body_0046,cad6784b160d635a,native_source_context_fallback,wrist_confidence_below_floor,45526.7,2.38,,1,01/e1/v1,rtmpose_baseline
corpus_01,01.Candidate was found using a mobile phone in the examination hall..mkv,b842b03e5784d867e93770560d88150a526250df69077cd3065edbbd4c842098,rf_detr_sahi,66820.0,unknown_object,0.3647,694.42,444.67,706.74,454.42,120.0,12.32,9.75,1.264,False,,True,unattributed,9,evt_01-P06_upper_body_0046,e349b4fe423b35e4,pose_hand_context,,2304.0,13.33,,1,01/e1/v1,rtmpose_baseline
corpus_01,01.Candidate was found using a mobile phone in the examination hall..mkv,b842b03e5784d867e93770560d88150a526250df69077cd3065edbbd4c842098,rf_detr_sahi,66820.0,unknown_object,0.2527,720.7,440.87,735.14,453.31,179.7,14.44,12.45,1.16,False,,True,unattributed,9,evt_01-P06_upper_body_0046,e349b4fe423b35e4,pose_hand_context,,2304.0,13.33,,1,01/e1/v1,rtmpose_baseline
corpus_01,01.Candidate was found using a mobile phone in the examination hall..mkv,b842b03e5784d867e93770560d88150a526250df69077cd3065edbbd4c842098,rf_detr_sahi,66860.0,unknown_object,0.6057,978.91,471.27,1122.0,719.45,35512.4,143.09,248.18,0.577,False,,True,unattributed,7,evt_01-P03_desk_work_surface_0015,062f90ce73a9e01e,pose_hand_context,,63117.9,2.52,,1,01/e1/v1,rtmpose_baseline
corpus_01,01.Candidate was found using a mobile phone in the examination hall..mkv,b842b03e5784d867e93770560d88150a526250df69077cd3065edbbd4c842098,rf_detr_sahi,66860.0,monitor_or_bezel,0.4349,1006.17,471.0,1122.0,611.0,16215.7,115.83,140.0,0.827,False,,True,unattributed,7,evt_01-P03_desk_work_surface_0015,062f90ce73a9e01e,pose_hand_context,,63117.9,2.52,,1,01/e1/v1,rtmpose_baseline
corpus_01,01.Candidate was found using a mobile phone in the examination hall..mkv,b842b03e5784d867e93770560d88150a526250df69077cd3065edbbd4c842098,rf_detr_sahi,66860.0,monitor_or_bezel,0.427,979.15,610.53,1010.98,719.7,3475.1,31.83,109.17,0.292,False,,True,unattributed,7,evt_01-P03_desk_work_surface_0015,062f90ce73a9e01e,pose_hand_context,,63117.9,2.52,,1,01/e1/v1,rtmpose_baseline
corpus_01,01.Candidate was found using a mobile phone in the examination hall..mkv,b842b03e5784d867e93770560d88150a526250df69077cd3065edbbd4c842098,rf_detr_sahi,66860.0,bag,0.4109,1006.17,471.0,1122.0,611.0,16215.7,115.83,140.0,0.827,False,,True,unattributed,7,evt_01-P03_desk_work_surface_0015,062f90ce73a9e01e,pose_hand_context,,63117.9,2.52,,1,01/e1/v1,rtmpose_baseline
corpus_01,01.Candidate was found using a mobile phone in the examination hall..mkv,b842b03e5784d867e93770560d88150a526250df69077cd3065edbbd4c842098,rf_detr_sahi,66860.0,unknown_object,0.3355,868.14,471.0,1010.15,610.89,19865.6,142.01,139.89,1.015,False,,True,unattributed,7,evt_01-P03_desk_work_surface_0015,062f90ce73a9e01e,pose_hand_context,,63117.9,2.52,,1,01/e1/v1,rtmpose_baseline
corpus_01,01.Candidate was found using a mobile phone in the examination hall..mkv,b842b03e5784d867e93770560d88150a526250df69077cd3065edbbd4c842098,rf_detr_sahi,66860.0,phone,0.4724,260.52,630.51,304.62,642.94,548.2,44.1,12.43,3.548,False,,True,unattributed,4,evt_01-P03_desk_work_surface_0015,ebf26ff0bb9e105f,native_source_context_fallback,wrist_confidence_below_floor,45052.8,2.44,,1,01/e1/v1,rtmpose_baseline
corpus_01,01.Candidate was found using a mobile phone in the examination hall..mkv,b842b03e5784d867e93770560d88150a526250df69077cd3065edbbd4c842098,rf_detr_sahi,66860.0,monitor_or_bezel,0.4696,188.73,546.0,307.09,643.0,11480.5,118.36,97.0,1.22,False,,True,unattributed,4,evt_01-P03_desk_work_surface_0015,ebf26ff0bb9e105f,native_source_context_fallback,wrist_confidence_below_floor,45052.8,2.44,,1,01/e1/v1,rtmpose_baseline
corpus_01,01.Candidate was found using a mobile phone in the examination hall..mkv,b842b03e5784d867e93770560d88150a526250df69077cd3065edbbd4c842098,rf_detr_sahi,66860.0,keyboard,0.3105,73.0,557.67,85.6,628.54,893.3,12.6,70.87,0.178,False,,True,unattributed,4,evt_01-P03_desk_work_surface_0015,ebf26ff0bb9e105f,native_source_context_fallback,wrist_confidence_below_floor,45052.8,2.44,,1,01/e1/v1,rtmpose_baseline
corpus_01,01.Candidate was found using a mobile phone in the examination hall..mkv,b842b03e5784d867e93770560d88150a526250df69077cd3065edbbd4c842098,rf_detr_sahi,66860.0,unknown_object,0.3031,78.79,621.0,220.0,717.87,13679.1,141.21,96.87,1.458,False,,True,unattributed,4,evt_01-P03_desk_work_surface_0015,ebf26ff0bb9e105f,native_source_context_fallback,wrist_confidence_below_floor,45052.8,2.44,,1,01/e1/v1,rtmpose_baseline
corpus_01,01.Candidate was found using a mobile phone in the examination hall..mkv,b842b03e5784d867e93770560d88150a526250df69077cd3065edbbd4c842098,rf_detr_sahi,66860.0,monitor_or_bezel,0.2844,93.28,546.0,176.1,560.08,1166.0,82.82,14.08,5.883,False,,True,unattributed,4,evt_01-P03_desk_work_surface_0015,ebf26ff0bb9e105f,native_source_context_fallback,wrist_confidence_below_floor,45052.8,2.44,,1,01/e1/v1,rtmpose_baseline
corpus_01,01.Candidate was found using a mobile phone in the examination hall..mkv,b842b03e5784d867e93770560d88150a526250df69077cd3065edbbd4c842098,rf_detr_sahi,66860.0,unknown_object,0.2516,197.08,546.03,220.0,619.35,1680.3,22.92,73.32,0.313,False,,True,unattributed,4,evt_01-P03_desk_work_surface_0015,ebf26ff0bb9e105f,native_source_context_fallback,wrist_confidence_below_floor,45052.8,2.44,,1,01/e1/v1,rtmpose_baseline
corpus_01,01.Candidate was found using a mobile phone in the examination hall..mkv,b842b03e5784d867e93770560d88150a526250df69077cd3065edbbd4c842098,rf_detr_sahi,67020.0,unknown_object,0.6147,774.0,612.59,829.16,627.62,829.2,55.16,15.03,3.669,False,,True,unattributed,7,evt_01-P06_desk_work_surface_0043,040ea37a2cff8053,pose_hand_context,,56040.5,2.67,,1,01/e1/v1,rtmpose_baseline
corpus_01,01.Candidate was found using a mobile phone in the examination hall..mkv,b842b03e5784d867e93770560d88150a526250df69077cd3065edbbd4c842098,rf_detr_sahi,67020.0,bag,0.5863,721.96,700.79,791.79,719.92,1335.5,69.82,19.13,3.651,False,,True,unattributed,7,evt_01-P06_desk_work_surface_0043,040ea37a2cff8053,pose_hand_context,,56040.5,2.67,,1,01/e1/v1,rtmpose_baseline
corpus_01,01.Candidate was found using a mobile phone in the examination hall..mkv,b842b03e5784d867e93770560d88150a526250df69077cd3065edbbd4c842098,rf_detr_sahi,67020.0,unknown_object,0.5584,684.14,486.07,777.35,588.6,9556.2,93.2,102.53,0.909,False,,True,unattributed,7,evt_01-P06_desk_work_surface_0043,040ea37a2cff8053,pose_hand_context,,56040.5,2.67,,1,01/e1/v1,rtmpose_baseline
corpus_01,01.Candidate was found using a mobile phone in the examination hall..mkv,b842b03e5784d867e93770560d88150a526250df69077cd3065edbbd4c842098,rf_detr_sahi,67020.0,unknown_object,0.5352,774.0,486.17,909.0,616.86,17643.3,135.0,130.69,1.033,False,,True,unattributed,7,evt_01-P06_desk_work_surface_0043,040ea37a2cff8053,pose_hand_context,,56040.5,2.67,,1,01/e1/v1,rtmpose_baseline
corpus_01,01.Candidate was found using a mobile phone in the examination hall..mkv,b842b03e5784d867e93770560d88150a526250df69077cd3065edbbd4c842098,rf_detr_sahi,67020.0,unknown_object,0.492,669.04,486.39,700.94,646.47,5106.1,31.9,160.08,0.199,False,,True,unattributed,7,evt_01-P06_desk_work_surface_0043,040ea37a2cff8053,pose_hand_context,,56040.5,2.67,,1,01/e1/v1,rtmpose_baseline
corpus_01,01.Candidate was found using a mobile phone in the examination hall..mkv,b842b03e5784d867e93770560d88150a526250df69077cd3065edbbd4c842098,rf_detr_sahi,67020.0,unknown_object,0.3028,774.0,612.39,828.61,616.99,251.2,54.61,4.6,11.874,False,,True,unattributed,7,evt_01-P06_desk_work_surface_0043,040ea37a2cff8053,pose_hand_context,,56040.5,2.67,,1,01/e1/v1,rtmpose_baseline
corpus_01,01.Candidate was found using a mobile phone in the examination hall..mkv,b842b03e5784d867e93770560d88150a526250df69077cd3065edbbd4c842098,rf_detr_sahi,67020.0,unknown_object,0.7579,25.56,623.04,140.0,718.0,10867.9,114.44,94.96,1.205,False,,True,unattributed,4,evt_01-P06_desk_work_surface_0043,6074e50ce1b9816f,native_source_context_fallback,wrist_confidence_below_floor,39126.5,2.75,,1,01/e1/v1,rtmpose_baseline
corpus_01,01.Candidate was found using a mobile phone in the examination hall..mkv,b842b03e5784d867e93770560d88150a526250df69077cd3065edbbd4c842098,rf_detr_sahi,67020.0,unknown_object,0.6766,111.16,629.61,232.49,717.89,10711.1,121.33,88.28,1.374,False,,True,unattributed,4,evt_01-P06_desk_work_surface_0043,6074e50ce1b9816f,native_source_context_fallback,wrist_confidence_below_floor,39126.5,2.75,,1,01/e1/v1,rtmpose_baseline
corpus_01,01.Candidate was found using a mobile phone in the examination hall..mkv,b842b03e5784d867e93770560d88150a526250df69077cd3065edbbd4c842098,rf_detr_sahi,67020.0,unknown_object,0.4506,13.28,551.75,118.83,643.92,9729.1,105.55,92.17,1.145,False,,True,unattributed,4,evt_01-P06_desk_work_surface_0043,6074e50ce1b9816f,native_source_context_fallback,wrist_confidence_below_floor,39126.5,2.75,,1,01/e1/v1,rtmpose_baseline
corpus_01,01.Candidate was found using a mobile phone in the examination hall..mkv,b842b03e5784d867e93770560d88150a526250df69077cd3065edbbd4c842098,rf_detr_sahi,67020.0,monitor_or_bezel,0.3488,196.28,549.0,241.8,672.14,5605.5,45.52,123.14,0.37,False,,True,unattributed,4,evt_01-P06_desk_work_surface_0043,6074e50ce1b9816f,native_source_context_fallback,wrist_confidence_below_floor,39126.5,2.75,,1,01/e1/v1,rtmpose_baseline
corpus_01,01.Candidate was found using a mobile phone in the examination hall..mkv,b842b03e5784d867e93770560d88150a526250df69077cd3065edbbd4c842098,rf_detr_sahi,67020.0,monitor_or_bezel,0.3194,205.11,623.0,241.92,671.06,1769.0,36.81,48.06,0.766,False,,True,unattributed,4,evt_01-P06_desk_work_surface_0043,6074e50ce1b9816f,native_source_context_fallback,wrist_confidence_below_floor,39126.5,2.75,,1,01/e1/v1,rtmpose_baseline
corpus_01,01.Candidate was found using a mobile phone in the examination hall..mkv,b842b03e5784d867e93770560d88150a526250df69077cd3065edbbd4c842098,rf_detr_sahi,67020.0,monitor_or_bezel,0.2689,103.55,591.79,139.89,643.57,1881.9,36.34,51.78,0.702,False,,True,unattributed,4,evt_01-P06_desk_work_surface_0043,6074e50ce1b9816f,native_source_context_fallback,wrist_confidence_below_floor,39126.5,2.75,,1,01/e1/v1,rtmpose_baseline
corpus_01,01.Candidate was found using a mobile phone in the examination hall..mkv,b842b03e5784d867e93770560d88150a526250df69077cd3065edbbd4c842098,rf_detr_sahi,67060.0,bag,0.4051,678.04,404.27,694.52,492.82,1459.7,16.49,88.54,0.186,False,,True,unattributed,9,evt_01-P02_desk_work_surface_0010,1481c69ad7fb2a14,native_source_context_fallback,wrist_confidence_below_floor,14211.4,3.39,,1,01/e1/v1,rtmpose_baseline
corpus_01,01.Candidate was found using a mobile phone in the examination hall..mkv,b842b03e5784d867e93770560d88150a526250df69077cd3065edbbd4c842098,rf_detr_sahi,67060.0,unknown_object,0.3622,726.25,396.4,753.0,469.15,1945.9,26.75,72.75,0.368,False,,True,unattributed,9,evt_01-P02_desk_work_surface_0010,1481c69ad7fb2a14,native_source_context_fallback,wrist_confidence_below_floor,14211.4,3.39,,1,01/e1/v1,rtmpose_baseline
corpus_01,01.Candidate was found using a mobile phone in the examination hall..mkv,b842b03e5784d867e93770560d88150a526250df69077cd3065edbbd4c842098,rf_detr_sahi,67060.0,unknown_object,0.9512,0.19,549.64,213.0,717.94,35815.7,212.81,168.3,1.264,False,,True,unattributed,4,evt_01-P02_desk_work_surface_0010,82e78c982300587f,native_source_context_fallback,wrist_confidence_below_floor,36104.1,3.01,,1,01/e1/v1,rtmpose_baseline
corpus_01,01.Candidate was found using a mobile phone in the examination hall..mkv,b842b03e5784d867e93770560d88150a526250df69077cd3065edbbd4c842098,rf_detr_sahi,67060.0,unknown_object,0.8215,12.4,623.01,120.0,718.0,10220.7,107.6,94.99,1.133,False,,True,unattributed,4,evt_01-P02_desk_work_surface_0010,82e78c982300587f,native_source_context_fallback,wrist_confidence_below_floor,36104.1,3.01,,1,01/e1/v1,rtmpose_baseline
corpus_01,01.Candidate was found using a mobile phone in the examination hall..mkv,b842b03e5784d867e93770560d88150a526250df69077cd3065edbbd4c842098,rf_detr_sahi,67060.0,unknown_object,0.7773,93.0,629.38,211.86,717.79,10508.7,118.86,88.41,1.344,False,,True,unattributed,4,evt_01-P02_desk_work_surface_0010,82e78c982300587f,native_source_context_fallback,wrist_confidence_below_floor,36104.1,3.01,,1,01/e1/v1,rtmpose_baseline
corpus_01,01.Candidate was found using a mobile phone in the examination hall..mkv,b842b03e5784d867e93770560d88150a526250df69077cd3065edbbd4c842098,rf_detr_sahi,67060.0,unknown_object,0.73,0.32,549.64,99.96,643.84,9386.3,99.64,94.2,1.058,False,,True,unattributed,4,evt_01-P02_desk_work_surface_0010,82e78c982300587f,native_source_context_fallback,wrist_confidence_below_floor,36104.1,3.01,,1,01/e1/v1,rtmpose_baseline
corpus_01,01.Candidate was found using a mobile phone in the examination hall..mkv,b842b03e5784d867e93770560d88150a526250df69077cd3065edbbd4c842098,rf_detr_sahi,67060.0,unknown_object,0.7232,767.06,482.19,902.95,614.98,18046.3,135.89,132.8,1.023,False,,True,unattributed,7,evt_01-P02_desk_work_surface_0010,ce1ed4536028c62d,pose_hand_context,,57495.1,2.65,,1,01/e1/v1,rtmpose_baseline
corpus_01,01.Candidate was found using a mobile phone in the examination hall..mkv,b842b03e5784d867e93770560d88150a526250df69077cd3065edbbd4c842098,rf_detr_sahi,67060.0,unknown_object,0.6094,662.0,482.35,701.4,646.17,6453.3,39.39,163.82,0.24,False,,True,unattributed,7,evt_01-P02_desk_work_surface_0010,ce1ed4536028c62d,pose_hand_context,,57495.1,2.65,,1,01/e1/v1,rtmpose_baseline
corpus_01,01.Candidate was found using a mobile phone in the examination hall..mkv,b842b03e5784d867e93770560d88150a526250df69077cd3065edbbd4c842098,rf_detr_sahi,67060.0,unknown_object,0.5921,684.03,482.26,770.53,588.52,9191.0,86.5,106.25,0.814,False,,True,unattributed,7,evt_01-P02_desk_work_surface_0010,ce1ed4536028c62d,pose_hand_context,,57495.1,2.65,,1,01/e1/v1,rtmpose_baseline
corpus_01,01.Candidate was found using a mobile phone in the examination hall..mkv,b842b03e5784d867e93770560d88150a526250df69077cd3065edbbd4c842098,rf_detr_sahi,67060.0,unknown_object,0.4667,767.0,610.67,823.5,625.9,860.4,56.5,15.23,3.711,False,,True,unattributed,7,evt_01-P02_desk_work_surface_0010,ce1ed4536028c62d,pose_hand_context,,57495.1,2.65,,1,01/e1/v1,rtmpose_baseline
corpus_01,01.Candidate was found using a mobile phone in the examination hall..mkv,b842b03e5784d867e93770560d88150a526250df69077cd3065edbbd4c842098,rf_detr_sahi,67060.0,bag,0.4245,720.04,700.73,794.3,719.95,1427.4,74.27,19.22,3.864,False,,True,unattributed,7,evt_01-P02_desk_work_surface_0010,ce1ed4536028c62d,pose_hand_context,,57495.1,2.65,,1,01/e1/v1,rtmpose_baseline
corpus_01,01.Candidate was found using a mobile phone in the examination hall..mkv,b842b03e5784d867e93770560d88150a526250df69077cd3065edbbd4c842098,rf_detr_sahi,67060.0,unknown_object,0.3678,662.06,586.0,700.57,645.53,2292.4,38.51,59.53,0.647,False,,True,unattributed,7,evt_01-P02_desk_work_surface_0010,ce1ed4536028c62d,pose_hand_context,,57495.1,2.65,,1,01/e1/v1,rtmpose_baseline
corpus_01,01.Candidate was found using a mobile phone in the examination hall..mkv,b842b03e5784d867e93770560d88150a526250df69077cd3065edbbd4c842098,rf_detr_sahi,67060.0,unknown_object,0.3669,760.06,496.09,798.0,592.12,3643.9,37.94,96.03,0.395,False,,True,unattributed,7,evt_01-P02_desk_work_surface_0010,ce1ed4536028c62d,pose_hand_context,,57495.1,2.65,,1,01/e1/v1,rtmpose_baseline
corpus_01,01.Candidate was found using a mobile phone in the examination hall..mkv,b842b03e5784d867e93770560d88150a526250df69077cd3065edbbd4c842098,rf_detr_sahi,67380.0,unknown_object,0.8097,733.01,584.2,855.0,705.79,14833.2,121.99,121.6,1.003,False,,True,unattributed,7,evt_01-P01_desk_work_surface_0002,6cce58dfda4a78b0,pose_hand_context,,46820.3,2.96,,1,01/e1/v1,rtmpose_baseline
corpus_01,01.Candidate was found using a mobile phone in the examination hall..mkv,b842b03e5784d867e93770560d88150a526250df69077cd3065edbbd4c842098,rf_detr_sahi,67380.0,unknown_object,0.5898,638.0,490.11,701.23,646.11,9864.0,63.23,156.0,0.405,False,,True,unattributed,7,evt_01-P01_desk_work_surface_0002,6cce58dfda4a78b0,pose_hand_context,,46820.3,2.96,,1,01/e1/v1,rtmpose_baseline
corpus_01,01.Candidate was found using a mobile phone in the examination hall..mkv,b842b03e5784d867e93770560d88150a526250df69077cd3065edbbd4c842098,rf_detr_sahi,67380.0,unknown_object,0.5776,708.0,611.56,760.0,638.98,1426.3,52.0,27.43,1.896,False,,True,unattributed,7,evt_01-P01_desk_work_surface_0002,6cce58dfda4a78b0,pose_hand_context,,46820.3,2.96,,1,01/e1/v1,rtmpose_baseline
corpus_01,01.Candidate was found using a mobile phone in the examination hall..mkv,b842b03e5784d867e93770560d88150a526250df69077cd3065edbbd4c842098,rf_detr_sahi,67380.0,unknown_object,0.3036,733.0,490.07,855.0,610.82,14731.1,122.0,120.75,1.01,False,,True,unattributed,7,evt_01-P01_desk_work_surface_0002,6cce58dfda4a78b0,pose_hand_context,,46820.3,2.96,,1,01/e1/v1,rtmpose_baseline
corpus_01,01.Candidate was found using a mobile phone in the examination hall..mkv,b842b03e5784d867e93770560d88150a526250df69077cd3065edbbd4c842098,rf_detr_sahi,67380.0,unknown_object,0.2817,733.02,611.59,773.26,640.37,1158.2,40.24,28.78,1.398,False,,True,unattributed,7,evt_01-P01_desk_work_surface_0002,6cce58dfda4a78b0,pose_hand_context,,46820.3,2.96,,1,01/e1/v1,rtmpose_baseline
corpus_01,01.Candidate was found using a mobile phone in the examination hall..mkv,b842b03e5784d867e93770560d88150a526250df69077cd3065edbbd4c842098,rf_detr_sahi,67380.0,unknown_object,0.2652,638.07,584.01,700.57,645.86,3865.3,62.5,61.84,1.011,False,,True,unattributed,7,evt_01-P01_desk_work_surface_0002,6cce58dfda4a78b0,pose_hand_context,,46820.3,2.96,,1,01/e1/v1,rtmpose_baseline
corpus_01,01.Candidate was found using a mobile phone in the examination hall..mkv,b842b03e5784d867e93770560d88150a526250df69077cd3065edbbd4c842098,rf_detr_sahi,67380.0,unknown_object,0.5671,709.01,390.99,749.0,468.78,3110.5,39.99,77.79,0.514,False,,True,unattributed,9,evt_01-P01_desk_work_surface_0002,83e9a9f99fac3df3,native_source_context_fallback,wrist_confidence_below_floor,12893.0,3.53,,1,01/e1/v1,rtmpose_baseline
corpus_01,01.Candidate was found using a mobile phone in the examination hall..mkv,b842b03e5784d867e93770560d88150a526250df69077cd3065edbbd4c842098,rf_detr_sahi,67380.0,bag,0.3037,678.04,404.39,694.01,485.81,1300.2,15.97,81.42,0.196,False,,True,unattributed,9,evt_01-P01_desk_work_surface_0002,83e9a9f99fac3df3,native_source_context_fallback,wrist_confidence_below_floor,12893.0,3.53,,1,01/e1/v1,rtmpose_baseline
corpus_01,01.Candidate was found using a mobile phone in the examination hall..mkv,b842b03e5784d867e93770560d88150a526250df69077cd3065edbbd4c842098,rf_detr_sahi,67500.0,unknown_object,0.4106,710.04,305.6,748.96,366.88,2384.6,38.91,61.28,0.635,False,,True,unattributed,9,evt_01-P01_upper_body_0006,142ab09c19d6829e,native_source_context_fallback,wrist_confidence_below_floor,7871.7,5.75,,1,01/e1/v1,rtmpose_baseline
corpus_01,01.Candidate was found using a mobile phone in the examination hall..mkv,b842b03e5784d867e93770560d88150a526250df69077cd3065edbbd4c842098,rf_detr_sahi,67500.0,unknown_object,0.328,710.11,354.15,747.34,403.09,1822.0,37.23,48.94,0.761,False,,True,unattributed,9,evt_01-P01_upper_body_0006,142ab09c19d6829e,native_source_context_fallback,wrist_confidence_below_floor,7871.7,5.75,,1,01/e1/v1,rtmpose_baseline
corpus_01,01.Candidate was found using a mobile phone in the examination hall..mkv,b842b03e5784d867e93770560d88150a526250df69077cd3065edbbd4c842098,rf_detr_sahi,67500.0,unknown_object,0.4226,873.18,585.13,996.0,660.54,9262.2,122.82,75.41,1.629,False,,True,unattributed,7,evt_01-P01_upper_body_0006,33f21d1f1c9f6f07,pose_hand_context,,29368.8,2.93,,1,01/e1/v1,rtmpose_baseline
corpus_01,01.Candidate was found using a mobile phone in the examination hall..mkv,b842b03e5784d867e93770560d88150a526250df69077cd3065edbbd4c842098,rf_detr_sahi,67500.0,unknown_object,0.3391,979.91,658.78,996.0,719.58,978.5,16.09,60.8,0.265,False,,True,unattributed,7,evt_01-P01_upper_body_0006,33f21d1f1c9f6f07,pose_hand_context,,29368.8,2.93,,1,01/e1/v1,rtmpose_baseline
corpus_01,01.Candidate was found using a mobile phone in the examination hall..mkv,b842b03e5784d867e93770560d88150a526250df69077cd3065edbbd4c842098,rf_detr_sahi,67500.0,unknown_object,0.29,777.42,644.14,882.28,719.87,7941.4,104.86,75.73,1.385,False,,True,unattributed,7,evt_01-P01_upper_body_0006,33f21d1f1c9f6f07,pose_hand_context,,29368.8,2.93,,1,01/e1/v1,rtmpose_baseline
corpus_01,01.Candidate was found using a mobile phone in the examination hall..mkv,b842b03e5784d867e93770560d88150a526250df69077cd3065edbbd4c842098,rf_detr_sahi,67580.0,unknown_object,0.3152,711.18,355.27,750.41,417.69,2449.3,39.24,62.42,0.629,False,,True,unattributed,9,evt_01-P03_upper_body_0020,959fae493952876e,native_source_context_fallback,wrist_confidence_below_floor,8304.6,5.62,,1,01/e1/v1,rtmpose_baseline
corpus_01,01.Candidate was found using a mobile phone in the examination hall..mkv,b842b03e5784d867e93770560d88150a526250df69077cd3065edbbd4c842098,rf_detr_sahi,67580.0,unknown_object,0.2711,711.09,305.58,751.3,368.8,2541.6,40.2,63.22,0.636,False,,True,unattributed,9,evt_01-P03_upper_body_0020,959fae493952876e,native_source_context_fallback,wrist_confidence_below_floor,8304.6,5.62,,1,01/e1/v1,rtmpose_baseline
corpus_01,01.Candidate was found using a mobile phone in the examination hall..mkv,b842b03e5784d867e93770560d88150a526250df69077cd3065edbbd4c842098,rf_detr_sahi,67580.0,unknown_object,0.7746,751.19,648.01,864.26,719.97,8136.1,113.07,71.96,1.571,False,,True,unattributed,7,evt_01-P03_upper_body_0020,ce800a2b47740028,pose_hand_context,,29509.9,2.78,,1,01/e1/v1,rtmpose_baseline
corpus_01,01.Candidate was found using a mobile phone in the examination hall..mkv,b842b03e5784d867e93770560d88150a526250df69077cd3065edbbd4c842098,rf_detr_sahi,67580.0,unknown_object,0.7346,751.15,592.0,880.92,663.85,9323.9,129.76,71.85,1.806,False,,True,unattributed,7,evt_01-P03_upper_body_0020,ce800a2b47740028,pose_hand_context,,29509.9,2.78,,1,01/e1/v1,rtmpose_baseline
corpus_01,01.Candidate was found using a mobile phone in the examination hall..mkv,b842b03e5784d867e93770560d88150a526250df69077cd3065edbbd4c842098,rf_detr_sahi,67580.0,unknown_object,0.2721,877.69,648.02,981.83,719.96,7491.8,104.14,71.94,1.448,False,,True,unattributed,7,evt_01-P03_upper_body_0020,ce800a2b47740028,pose_hand_context,,29509.9,2.78,,1,01/e1/v1,rtmpose_baseline
corpus_01,01.Candidate was found using a mobile phone in the examination hall..mkv,b842b03e5784d867e93770560d88150a526250df69077cd3065edbbd4c842098,rf_detr_sahi,67580.0,unknown_object,0.2524,852.0,592.06,982.0,663.41,9275.5,130.0,71.35,1.822,False,,True,unattributed,7,evt_01-P03_upper_body_0020,ce800a2b47740028,pose_hand_context,,29509.9,2.78,,1,01/e1/v1,rtmpose_baseline
corpus_01,01.Candidate was found using a mobile phone in the examination hall..mkv,b842b03e5784d867e93770560d88150a526250df69077cd3065edbbd4c842098,rf_detr_sahi,67820.0,unknown_object,0.7067,530.0,630.1,602.22,719.71,6471.7,72.22,89.61,0.806,False,,True,unattributed,7,evt_01-P06_upper_body_0046,46dd5368b21b13ef,pose_hand_context,,33246.6,3.07,,1,01/e1/v1,rtmpose_baseline
corpus_01,01.Candidate was found using a mobile phone in the examination hall..mkv,b842b03e5784d867e93770560d88150a526250df69077cd3065edbbd4c842098,rf_detr_sahi,67820.0,unknown_object,0.6198,621.13,560.09,738.0,649.92,10499.2,116.87,89.83,1.301,False,,True,unattributed,7,evt_01-P06_upper_body_0046,46dd5368b21b13ef,pose_hand_context,,33246.6,3.07,,1,01/e1/v1,rtmpose_baseline
corpus_01,01.Candidate was found using a mobile phone in the examination hall..mkv,b842b03e5784d867e93770560d88150a526250df69077cd3065edbbd4c842098,rf_detr_sahi,67820.0,monitor_or_bezel,0.5123,530.22,560.11,647.0,649.65,10456.3,116.78,89.54,1.304,False,,True,unattributed,7,evt_01-P06_upper_body_0046,46dd5368b21b13ef,pose_hand_context,,33246.6,3.07,,1,01/e1/v1,rtmpose_baseline
corpus_01,01.Candidate was found using a mobile phone in the examination hall..mkv,b842b03e5784d867e93770560d88150a526250df69077cd3065edbbd4c842098,rf_detr_sahi,67820.0,unknown_object,0.2897,621.03,630.07,738.0,719.81,10497.2,116.97,89.75,1.303,False,,True,unattributed,7,evt_01-P06_upper_body_0046,46dd5368b21b13ef,pose_hand_context,,33246.6,3.07,,1,01/e1/v1,rtmpose_baseline
corpus_01,01.Candidate was found using a mobile phone in the examination hall..mkv,b842b03e5784d867e93770560d88150a526250df69077cd3065edbbd4c842098,rf_detr_sahi,67820.0,unknown_object,0.2537,589.69,673.29,659.24,707.0,2344.8,69.55,33.71,2.063,False,,True,unattributed,7,evt_01-P06_upper_body_0046,46dd5368b21b13ef,pose_hand_context,,33246.6,3.07,,1,01/e1/v1,rtmpose_baseline
corpus_01,01.Candidate was found using a mobile phone in the examination hall..mkv,b842b03e5784d867e93770560d88150a526250df69077cd3065edbbd4c842098,rf_detr_sahi,67860.0,unknown_object,0.6874,571.26,675.98,630.9,708.26,1924.5,59.63,32.27,1.848,False,,True,unattributed,7,evt_01-P03_desk_work_surface_0015,de8e63433dfcddff,pose_hand_context,,31867.0,3.12,,1,01/e1/v1,rtmpose_baseline
corpus_01,01.Candidate was found using a mobile phone in the examination hall..mkv,b842b03e5784d867e93770560d88150a526250df69077cd3065edbbd4c842098,rf_detr_sahi,67860.0,unknown_object,0.5365,516.0,564.12,597.1,719.41,12594.0,81.1,155.3,0.522,False,,True,unattributed,7,evt_01-P03_desk_work_surface_0015,de8e63433dfcddff,pose_hand_context,,31867.0,3.12,,1,01/e1/v1,rtmpose_baseline
corpus_01,01.Candidate was found using a mobile phone in the examination hall..mkv,b842b03e5784d867e93770560d88150a526250df69077cd3065edbbd4c842098,rf_detr_sahi,67860.0,unknown_object,0.4949,605.26,564.13,720.93,650.88,10034.7,115.67,86.75,1.333,False,,True,unattributed,7,evt_01-P03_desk_work_surface_0015,de8e63433dfcddff,pose_hand_context,,31867.0,3.12,,1,01/e1/v1,rtmpose_baseline
corpus_01,01.Candidate was found using a mobile phone in the examination hall..mkv,b842b03e5784d867e93770560d88150a526250df69077cd3065edbbd4c842098,rf_detr_sahi,67860.0,unknown_object,0.4699,590.18,566.19,631.0,650.83,3454.6,40.82,84.64,0.482,False,,True,unattributed,7,evt_01-P03_desk_work_surface_0015,de8e63433dfcddff,pose_hand_context,,31867.0,3.12,,1,01/e1/v1,rtmpose_baseline
corpus_01,01.Candidate was found using a mobile phone in the examination hall..mkv,b842b03e5784d867e93770560d88150a526250df69077cd3065edbbd4c842098,rf_detr_sahi,67860.0,unknown_object,0.291,605.0,677.4,650.78,709.58,1473.6,45.78,32.18,1.423,False,,True,unattributed,7,evt_01-P03_desk_work_surface_0015,de8e63433dfcddff,pose_hand_context,,31867.0,3.12,,1,01/e1/v1,rtmpose_baseline
corpus_01,01.Candidate was found using a mobile phone in the examination hall..mkv,b842b03e5784d867e93770560d88150a526250df69077cd3065edbbd4c842098,rf_detr_sahi,67860.0,unknown_object,0.2632,605.31,632.06,720.92,719.8,10144.1,115.61,87.74,1.318,False,,True,unattributed,7,evt_01-P03_desk_work_surface_0015,de8e63433dfcddff,pose_hand_context,,31867.0,3.12,,1,01/e1/v1,rtmpose_baseline
corpus_01,01.Candidate was found using a mobile phone in the examination hall..mkv,b842b03e5784d867e93770560d88150a526250df69077cd3065edbbd4c842098,rf_detr_sahi,68020.0,unknown_object,0.5488,691.88,444.53,725.51,474.89,1020.9,33.63,30.36,1.108,False,,True,unattributed,9,evt_01-P06_desk_work_surface_0043,25de09719466e593,pose_hand_context,,2304.0,13.33,,1,01/e1/v1,rtmpose_baseline
corpus_01,01.Candidate was found using a mobile phone in the examination hall..mkv,b842b03e5784d867e93770560d88150a526250df69077cd3065edbbd4c842098,rf_detr_sahi,68020.0,unknown_object,0.3264,507.14,683.78,590.23,710.01,2179.0,83.09,26.22,3.168,False,,True,unattributed,7,evt_01-P06_desk_work_surface_0043,dec7284f7f473d13,pose_hand_context,,13165.3,5.39,,1,01/e1/v1,rtmpose_baseline
corpus_01,01.Candidate was found using a mobile phone in the examination hall..mkv,b842b03e5784d867e93770560d88150a526250df69077cd3065edbbd4c842098,rf_detr_sahi,68060.0,unknown_object,0.3602,692.21,444.55,724.71,467.97,761.1,32.5,23.42,1.388,False,,True,unattributed,9,evt_01-P02_desk_work_surface_0010,094dbdd360f11edf,pose_hand_context,,2304.0,13.33,,1,01/e1/v1,rtmpose_baseline
corpus_01,01.Candidate was found using a mobile phone in the examination hall..mkv,b842b03e5784d867e93770560d88150a526250df69077cd3065edbbd4c842098,rf_detr_sahi,68060.0,unknown_object,0.3195,692.56,427.0,735.96,467.64,1764.3,43.41,40.64,1.068,False,,True,unattributed,9,evt_01-P02_desk_work_surface_0010,094dbdd360f11edf,pose_hand_context,,2304.0,13.33,,1,01/e1/v1,rtmpose_baseline
corpus_01,01.Candidate was found using a mobile phone in the examination hall..mkv,b842b03e5784d867e93770560d88150a526250df69077cd3065edbbd4c842098,rf_detr_sahi,68060.0,stationery,0.3404,498.0,695.0,567.75,709.66,1022.2,69.75,14.65,4.76,False,,True,unattributed,7,evt_01-P02_desk_work_surface_0010,3c3a2a8df32f0b2a,pose_hand_context,,13452.5,5.38,,1,01/e1/v1,rtmpose_baseline
corpus_01,01.Candidate was found using a mobile phone in the examination hall..mkv,b842b03e5784d867e93770560d88150a526250df69077cd3065edbbd4c842098,rf_detr_sahi,68060.0,unknown_object,0.2818,511.26,643.88,585.2,688.0,3262.4,73.94,44.12,1.676,False,,True,unattributed,7,evt_01-P02_desk_work_surface_0010,3c3a2a8df32f0b2a,pose_hand_context,,13452.5,5.38,,1,01/e1/v1,rtmpose_baseline
corpus_01,01.Candidate was found using a mobile phone in the examination hall..mkv,b842b03e5784d867e93770560d88150a526250df69077cd3065edbbd4c842098,rf_detr_sahi,68380.0,unknown_object,0.3048,395.0,704.88,421.08,712.22,191.5,26.08,7.34,3.553,False,,True,unattributed,7,evt_01-P01_desk_work_surface_0002,01120932a5f16b79,pose_hand_context,,5394.7,7.69,,1,01/e1/v1,rtmpose_baseline
corpus_01,01.Candidate was found using a mobile phone in the examination hall..mkv,b842b03e5784d867e93770560d88150a526250df69077cd3065edbbd4c842098,rf_detr_sahi,68380.0,unknown_object,0.2562,395.09,655.0,442.0,690.95,1686.2,46.91,35.94,1.305,False,,True,unattributed,7,evt_01-P01_desk_work_surface_0002,01120932a5f16b79,pose_hand_context,,5394.7,7.69,,1,01/e1/v1,rtmpose_baseline
corpus_01,01.Candidate was found using a mobile phone in the examination hall..mkv,b842b03e5784d867e93770560d88150a526250df69077cd3065edbbd4c842098,rf_detr_sahi,68500.0,unknown_object,0.5538,330.13,678.43,413.54,716.99,3216.8,83.41,38.57,2.163,False,,True,unattributed,7,evt_01-P01_upper_body_0006,11e5eb3610f0308a,pose_hand_context,,8567.4,6.91,,1,01/e1/v1,rtmpose_baseline
corpus_01,01.Candidate was found using a mobile phone in the examination hall..mkv,b842b03e5784d867e93770560d88150a526250df69077cd3065edbbd4c842098,rf_detr_sahi,68500.0,unknown_object,0.3235,371.0,665.0,407.56,706.8,1528.2,36.56,41.8,0.875,False,,True,unattributed,7,evt_01-P01_upper_body_0006,11e5eb3610f0308a,pose_hand_context,,8567.4,6.91,,1,01/e1/v1,rtmpose_baseline
corpus_01,01.Candidate was found using a mobile phone in the examination hall..mkv,b842b03e5784d867e93770560d88150a526250df69077cd3065edbbd4c842098,rf_detr_sahi,68500.0,unknown_object,0.5758,726.1,304.46,772.6,412.93,5043.5,46.5,108.47,0.429,False,,True,unattributed,9,evt_01-P01_upper_body_0006,66156c5ee618a120,native_source_context_fallback,wrist_confidence_below_floor,17518.9,3.23,,1,01/e1/v1,rtmpose_baseline
corpus_01,01.Candidate was found using a mobile phone in the examination hall..mkv,b842b03e5784d867e93770560d88150a526250df69077cd3065edbbd4c842098,rf_detr_sahi,68500.0,unknown_object,0.2629,691.24,388.13,736.92,498.45,5039.5,45.68,110.32,0.414,False,,True,unattributed,9,evt_01-P01_upper_body_0006,66156c5ee618a120,native_source_context_fallback,wrist_confidence_below_floor,17518.9,3.23,,1,01/e1/v1,rtmpose_baseline
corpus_01,01.Candidate was found using a mobile phone in the examination hall..mkv,b842b03e5784d867e93770560d88150a526250df69077cd3065edbbd4c842098,rf_detr_sahi,68500.0,unknown_object,0.2551,692.61,453.85,736.97,467.42,602.5,44.37,13.58,3.267,False,,True,unattributed,9,evt_01-P01_upper_body_0006,66156c5ee618a120,native_source_context_fallback,wrist_confidence_below_floor,17518.9,3.23,,1,01/e1/v1,rtmpose_baseline
corpus_01,01.Candidate was found using a mobile phone in the examination hall..mkv,b842b03e5784d867e93770560d88150a526250df69077cd3065edbbd4c842098,rf_detr_sahi,68500.0,unknown_object,0.2513,726.08,354.99,763.23,412.92,2152.0,37.15,57.92,0.641,False,,True,unattributed,9,evt_01-P01_upper_body_0006,66156c5ee618a120,native_source_context_fallback,wrist_confidence_below_floor,17518.9,3.23,,1,01/e1/v1,rtmpose_baseline
corpus_01,01.Candidate was found using a mobile phone in the examination hall..mkv,b842b03e5784d867e93770560d88150a526250df69077cd3065edbbd4c842098,rf_detr_sahi,68580.0,unknown_object,0.3411,298.05,624.0,394.95,719.84,9286.4,96.9,95.84,1.011,False,,True,unattributed,7,evt_01-P03_upper_body_0020,0d00321a78c38c4c,pose_hand_context,,9240.4,6.6,,1,01/e1/v1,rtmpose_baseline
corpus_01,01.Candidate was found using a mobile phone in the examination hall..mkv,b842b03e5784d867e93770560d88150a526250df69077cd3065edbbd4c842098,rf_detr_sahi,68580.0,unknown_object,0.2851,298.11,624.15,351.99,677.92,2897.1,53.88,53.77,1.002,False,,True,unattributed,7,evt_01-P03_upper_body_0020,0d00321a78c38c4c,pose_hand_context,,9240.4,6.6,,1,01/e1/v1,rtmpose_baseline
corpus_01,01.Candidate was found using a mobile phone in the examination hall..mkv,b842b03e5784d867e93770560d88150a526250df69077cd3065edbbd4c842098,rf_detr_sahi,68580.0,unknown_object,0.3049,693.16,382.0,717.99,429.96,1191.2,24.84,47.96,0.518,False,,True,unattributed,9,evt_01-P03_upper_body_0020,f3e6d4748d50e040,pose_hand_context,,2304.0,13.33,,1,01/e1/v1,rtmpose_baseline
corpus_01,01.Candidate was found using a mobile phone in the examination hall..mkv,b842b03e5784d867e93770560d88150a526250df69077cd3065edbbd4c842098,rf_detr_sahi,68580.0,bag,0.266,670.06,405.18,693.52,429.87,579.2,23.46,24.69,0.95,False,,True,unattributed,9,evt_01-P03_upper_body_0020,f3e6d4748d50e040,pose_hand_context,,2304.0,13.33,,1,01/e1/v1,rtmpose_baseline
corpus_01,01.Candidate was found using a mobile phone in the examination hall..mkv,b842b03e5784d867e93770560d88150a526250df69077cd3065edbbd4c842098,rf_detr_sahi,68820.0,unknown_object,0.7716,175.38,497.66,293.0,651.73,18120.9,117.62,154.06,0.763,False,,True,unattributed,13,evt_01-P06_upper_body_0046,613967ce0dada8b1,native_source_context_fallback,no_pose_observation,18162.7,4.14,,1,01/e1/v1,
corpus_01,01.Candidate was found using a mobile phone in the examination hall..mkv,b842b03e5784d867e93770560d88150a526250df69077cd3065edbbd4c842098,rf_detr_sahi,68820.0,unknown_object,0.6734,175.0,497.1,241.0,583.59,5708.3,66.0,86.49,0.763,False,,True,unattributed,13,evt_01-P06_upper_body_0046,613967ce0dada8b1,native_source_context_fallback,no_pose_observation,18162.7,4.14,,1,01/e1/v1,
corpus_01,01.Candidate was found using a mobile phone in the examination hall..mkv,b842b03e5784d867e93770560d88150a526250df69077cd3065edbbd4c842098,rf_detr_sahi,68820.0,unknown_object,0.4895,226.0,565.0,288.99,623.12,3661.1,62.99,58.12,1.084,False,,True,unattributed,13,evt_01-P06_upper_body_0046,613967ce0dada8b1,native_source_context_fallback,no_pose_observation,18162.7,4.14,,1,01/e1/v1,
corpus_01,01.Candidate was found using a mobile phone in the examination hall..mkv,b842b03e5784d867e93770560d88150a526250df69077cd3065edbbd4c842098,rf_detr_sahi,68820.0,unknown_object,0.387,226.12,500.59,291.77,583.93,5470.8,65.65,83.34,0.788,False,,True,unattributed,13,evt_01-P06_upper_body_0046,613967ce0dada8b1,native_source_context_fallback,no_pose_observation,18162.7,4.14,,1,01/e1/v1,
corpus_01,01.Candidate was found using a mobile phone in the examination hall..mkv,b842b03e5784d867e93770560d88150a526250df69077cd3065edbbd4c842098,rf_detr_sahi,68820.0,monitor_or_bezel,0.3539,175.0,497.03,202.08,548.72,1399.6,27.08,51.68,0.524,False,,True,unattributed,13,evt_01-P06_upper_body_0046,613967ce0dada8b1,native_source_context_fallback,no_pose_observation,18162.7,4.14,,1,01/e1/v1,
corpus_01,01.Candidate was found using a mobile phone in the examination hall..mkv,b842b03e5784d867e93770560d88150a526250df69077cd3065edbbd4c842098,rf_detr_sahi,68820.0,unknown_object,0.3365,248.25,576.91,292.95,651.89,3351.2,44.69,74.98,0.596,False,,True,unattributed,13,evt_01-P06_upper_body_0046,613967ce0dada8b1,native_source_context_fallback,no_pose_observation,18162.7,4.14,,1,01/e1/v1,
corpus_01,01.Candidate was found using a mobile phone in the examination hall..mkv,b842b03e5784d867e93770560d88150a526250df69077cd3065edbbd4c842098,rf_detr_sahi,68820.0,monitor_or_bezel,0.3331,197.53,588.94,240.9,651.68,2721.4,43.37,62.75,0.691,False,,True,unattributed,13,evt_01-P06_upper_body_0046,613967ce0dada8b1,native_source_context_fallback,no_pose_observation,18162.7,4.14,,1,01/e1/v1,
corpus_01,01.Candidate was found using a mobile phone in the examination hall..mkv,b842b03e5784d867e93770560d88150a526250df69077cd3065edbbd4c842098,rf_detr_sahi,68820.0,monitor_or_bezel,0.3132,175.0,565.0,222.28,652.0,4113.4,47.28,87.0,0.543,False,,True,unattributed,13,evt_01-P06_upper_body_0046,613967ce0dada8b1,native_source_context_fallback,no_pose_observation,18162.7,4.14,,1,01/e1/v1,
corpus_01,01.Candidate was found using a mobile phone in the examination hall..mkv,b842b03e5784d867e93770560d88150a526250df69077cd3065edbbd4c842098,rf_detr_sahi,68820.0,monitor_or_bezel,0.2895,226.11,497.0,292.99,583.71,5798.3,66.87,86.71,0.771,False,,True,unattributed,13,evt_01-P06_upper_body_0046,613967ce0dada8b1,native_source_context_fallback,no_pose_observation,18162.7,4.14,,1,01/e1/v1,
corpus_01,01.Candidate was found using a mobile phone in the examination hall..mkv,b842b03e5784d867e93770560d88150a526250df69077cd3065edbbd4c842098,rf_detr_sahi,68820.0,unknown_object,0.2926,246.03,681.01,292.98,719.9,1826.1,46.95,38.89,1.207,False,,True,unattributed,11,evt_01-P06_upper_body_0046,9decca29f10fcf8c,pose_hand_context,,5758.3,7.58,,1,01/e1/v1,rtmpose_baseline
corpus_01,01.Candidate was found using a mobile phone in the examination hall..mkv,b842b03e5784d867e93770560d88150a526250df69077cd3065edbbd4c842098,rf_detr_sahi,68820.0,unknown_object,0.261,215.43,651.0,256.0,687.78,1492.1,40.57,36.78,1.103,False,,True,unattributed,11,evt_01-P06_upper_body_0046,9decca29f10fcf8c,pose_hand_context,,5758.3,7.58,,1,01/e1/v1,rtmpose_baseline
corpus_01,01.Candidate was found using a mobile phone in the examination hall..mkv,b842b03e5784d867e93770560d88150a526250df69077cd3065edbbd4c842098,rf_detr_sahi,68820.0,unknown_object,0.256,209.24,651.09,293.0,719.67,5744.4,83.76,68.59,1.221,False,,True,unattributed,11,evt_01-P06_upper_body_0046,9decca29f10fcf8c,pose_hand_context,,5758.3,7.58,,1,01/e1/v1,rtmpose_baseline
corpus_01,01.Candidate was found using a mobile phone in the examination hall..mkv,b842b03e5784d867e93770560d88150a526250df69077cd3065edbbd4c842098,rf_detr_sahi,68820.0,monitor_or_bezel,0.2518,221.64,651.0,257.69,671.25,730.1,36.05,20.25,1.781,False,,True,unattributed,11,evt_01-P06_upper_body_0046,9decca29f10fcf8c,pose_hand_context,,5758.3,7.58,,1,01/e1/v1,rtmpose_baseline
corpus_01,01.Candidate was found using a mobile phone in the examination hall..mkv,b842b03e5784d867e93770560d88150a526250df69077cd3065edbbd4c842098,rf_detr_sahi,68820.0,unknown_object,0.3978,673.04,364.2,725.0,420.87,2944.5,51.96,56.67,0.917,False,,True,unattributed,9,evt_01-P06_upper_body_0046,c52663a591aeb708,pose_hand_context,,3278.7,11.18,,1,01/e1/v1,rtmpose_baseline
corpus_01,01.Candidate was found using a mobile phone in the examination hall..mkv,b842b03e5784d867e93770560d88150a526250df69077cd3065edbbd4c842098,rf_detr_sahi,68860.0,phone,0.6493,174.0,690.44,222.67,719.86,1432.2,48.67,29.43,1.654,False,,True,unattributed,7,evt_01-P03_desk_work_surface_0015,e6ce921ad99504be,pose_hand_context,,10997.5,4.89,,1,01/e1/v1,rtmpose_baseline
corpus_01,01.Candidate was found using a mobile phone in the examination hall..mkv,b842b03e5784d867e93770560d88150a526250df69077cd3065edbbd4c842098,rf_detr_sahi,68860.0,unknown_object,0.4107,213.04,636.0,247.99,670.16,1193.9,34.95,34.16,1.023,False,,True,unattributed,7,evt_01-P03_desk_work_surface_0015,e6ce921ad99504be,pose_hand_context,,10997.5,4.89,,1,01/e1/v1,rtmpose_baseline
corpus_01,01.Candidate was found using a mobile phone in the examination hall..mkv,b842b03e5784d867e93770560d88150a526250df69077cd3065edbbd4c842098,rf_detr_sahi,68860.0,unknown_object,0.2937,232.06,636.01,304.9,682.88,3413.9,72.84,46.87,1.554,False,,True,unattributed,7,evt_01-P03_desk_work_surface_0015,e6ce921ad99504be,pose_hand_context,,10997.5,4.89,,1,01/e1/v1,rtmpose_baseline
corpus_01,01.Candidate was found using a mobile phone in the examination hall..mkv,b842b03e5784d867e93770560d88150a526250df69077cd3065edbbd4c842098,rf_detr_sahi,68860.0,unknown_object,0.2531,232.06,672.0,305.0,719.93,3495.8,72.94,47.93,1.522,False,,True,unattributed,7,evt_01-P03_desk_work_surface_0015,e6ce921ad99504be,pose_hand_context,,10997.5,4.89,,1,01/e1/v1,rtmpose_baseline
corpus_01,01.Candidate was found using a mobile phone in the examination hall..mkv,b842b03e5784d867e93770560d88150a526250df69077cd3065edbbd4c842098,rf_detr_sahi,69020.0,unknown_object,0.4206,120.77,682.03,176.5,719.73,2100.8,55.73,37.7,1.478,False,,True,unattributed,7,evt_01-P06_desk_work_surface_0043,c53cf9adcf41927a,pose_hand_context,,14757.8,4.19,,1,01/e1/v1,rtmpose_baseline
corpus_01,01.Candidate was found using a mobile phone in the examination hall..mkv,b842b03e5784d867e93770560d88150a526250df69077cd3065edbbd4c842098,rf_detr_sahi,69020.0,stationery,0.3279,116.65,681.18,179.96,719.96,2454.9,63.32,38.77,1.633,False,,True,unattributed,7,evt_01-P06_desk_work_surface_0043,c53cf9adcf41927a,pose_hand_context,,14757.8,4.19,,1,01/e1/v1,rtmpose_baseline
corpus_01,01.Candidate was found using a mobile phone in the examination hall..mkv,b842b03e5784d867e93770560d88150a526250df69077cd3065edbbd4c842098,rf_detr_sahi,69020.0,unknown_object,0.3106,191.21,665.82,232.44,672.37,269.9,41.22,6.55,6.296,False,,True,unattributed,7,evt_01-P06_desk_work_surface_0043,c53cf9adcf41927a,pose_hand_context,,14757.8,4.19,,1,01/e1/v1,rtmpose_baseline
corpus_01,01.Candidate was found using a mobile phone in the examination hall..mkv,b842b03e5784d867e93770560d88150a526250df69077cd3065edbbd4c842098,rf_detr_sahi,69020.0,unknown_object,0.3064,200.79,681.29,249.78,690.72,462.3,48.98,9.44,5.191,False,,True,unattributed,7,evt_01-P06_desk_work_surface_0043,c53cf9adcf41927a,pose_hand_context,,14757.8,4.19,,1,01/e1/v1,rtmpose_baseline
corpus_01,01.Candidate was found using a mobile phone in the examination hall..mkv,b842b03e5784d867e93770560d88150a526250df69077cd3065edbbd4c842098,rf_detr_sahi,69020.0,unknown_object,0.2549,97.0,623.0,183.0,677.0,4644.0,86.0,54.0,1.593,False,,True,unattributed,7,evt_01-P06_desk_work_surface_0043,c53cf9adcf41927a,pose_hand_context,,14757.8,4.19,,1,01/e1/v1,rtmpose_baseline
corpus_01,01.Candidate was found using a mobile phone in the examination hall..mkv,b842b03e5784d867e93770560d88150a526250df69077cd3065edbbd4c842098,rf_detr_sahi,69060.0,unknown_object,0.3756,157.0,666.24,232.76,694.37,2131.4,75.77,28.13,2.694,False,,True,unattributed,7,evt_01-P02_desk_work_surface_0010,000c87e80cfa7e05,pose_hand_context,,15459.0,4.16,,1,01/e1/v1,rtmpose_baseline
corpus_01,01.Candidate was found using a mobile phone in the examination hall..mkv,b842b03e5784d867e93770560d88150a526250df69077cd3065edbbd4c842098,rf_detr_sahi,69060.0,unknown_object,0.3594,105.64,619.0,233.0,719.89,12849.4,127.36,100.89,1.262,False,,True,unattributed,7,evt_01-P02_desk_work_surface_0010,000c87e80cfa7e05,pose_hand_context,,15459.0,4.16,,1,01/e1/v1,rtmpose_baseline
corpus_01,01.Candidate was found using a mobile phone in the examination hall..mkv,b842b03e5784d867e93770560d88150a526250df69077cd3065edbbd4c842098,rf_detr_sahi,69060.0,unknown_object,0.3139,154.87,619.0,232.95,675.79,4434.5,78.08,56.79,1.375,False,,True,unattributed,7,evt_01-P02_desk_work_surface_0010,000c87e80cfa7e05,pose_hand_context,,15459.0,4.16,,1,01/e1/v1,rtmpose_baseline
corpus_01,01.Candidate was found using a mobile phone in the examination hall..mkv,b842b03e5784d867e93770560d88150a526250df69077cd3065edbbd4c842098,rf_detr_sahi,69060.0,unknown_object,0.3131,102.89,663.0,145.28,700.18,1576.5,42.4,37.18,1.14,False,,True,unattributed,7,evt_01-P02_desk_work_surface_0010,000c87e80cfa7e05,pose_hand_context,,15459.0,4.16,,1,01/e1/v1,rtmpose_baseline
corpus_01,01.Candidate was found using a mobile phone in the examination hall..mkv,b842b03e5784d867e93770560d88150a526250df69077cd3065edbbd4c842098,rf_detr_sahi,69060.0,unknown_object,0.2822,113.49,619.0,166.0,675.96,2991.0,52.51,56.96,0.922,False,,True,unattributed,7,evt_01-P02_desk_work_surface_0010,000c87e80cfa7e05,pose_hand_context,,15459.0,4.16,,1,01/e1/v1,rtmpose_baseline
corpus_01,01.Candidate was found using a mobile phone in the examination hall..mkv,b842b03e5784d867e93770560d88150a526250df69077cd3065edbbd4c842098,rf_detr_sahi,69060.0,unknown_object,0.2747,605.02,382.01,620.88,429.78,757.6,15.86,47.77,0.332,False,,True,unattributed,9,evt_01-P02_desk_work_surface_0010,dd2a6998b9bf971e,pose_hand_context,,3062.5,11.56,,1,01/e1/v1,rtmpose_baseline
corpus_01,01.Candidate was found using a mobile phone in the examination hall..mkv,b842b03e5784d867e93770560d88150a526250df69077cd3065edbbd4c842098,rf_detr_sahi,69220.0,unknown_object,0.5827,67.24,636.0,171.98,719.79,8775.7,104.74,83.79,1.25,False,,True,unattributed,7,evt_01-P05_desk_work_surface_0034,e25b84c463805e20,pose_hand_context,,10949.7,4.88,,1,01/e1/v1,rtmpose_baseline
corpus_01,01.Candidate was found using a mobile phone in the examination hall..mkv,b842b03e5784d867e93770560d88150a526250df69077cd3065edbbd4c842098,rf_detr_sahi,69220.0,unknown_object,0.4755,98.07,636.05,171.86,682.85,3453.0,73.79,46.8,1.577,False,,True,unattributed,7,evt_01-P05_desk_work_surface_0034,e25b84c463805e20,pose_hand_context,,10949.7,4.88,,1,01/e1/v1,rtmpose_baseline
corpus_01,01.Candidate was found using a mobile phone in the examination hall..mkv,b842b03e5784d867e93770560d88150a526250df69077cd3065edbbd4c842098,rf_detr_sahi,69220.0,unknown_object,0.3018,41.06,636.0,111.76,719.83,5926.3,70.7,83.83,0.843,False,,True,unattributed,7,evt_01-P05_desk_work_surface_0034,e25b84c463805e20,pose_hand_context,,10949.7,4.88,,1,01/e1/v1,rtmpose_baseline
corpus_01,01.Candidate was found using a mobile phone in the examination hall..mkv,b842b03e5784d867e93770560d88150a526250df69077cd3065edbbd4c842098,rf_detr_sahi,69220.0,unknown_object,0.2562,67.41,683.95,112.29,720.0,1617.8,44.88,36.05,1.245,False,,True,unattributed,7,evt_01-P05_desk_work_surface_0034,e25b84c463805e20,pose_hand_context,,10949.7,4.88,,1,01/e1/v1,rtmpose_baseline
corpus_01,01.Candidate was found using a mobile phone in the examination hall..mkv,b842b03e5784d867e93770560d88150a526250df69077cd3065edbbd4c842098,rf_detr_sahi,69380.0,unknown_object,0.8396,0.0,530.5,110.0,635.0,11494.6,110.0,104.5,1.053,False,,True,unattributed,7,evt_01-P01_desk_work_surface_0002,c0d3d2fe46c17c19,native_source_context_fallback,wrist_confidence_below_floor,37015.3,3.26,,1,01/e1/v1,rtmpose_baseline
corpus_01,01.Candidate was found using a mobile phone in the examination hall..mkv,b842b03e5784d867e93770560d88150a526250df69077cd3065edbbd4c842098,rf_detr_sahi,69380.0,unknown_object,0.7243,13.22,611.0,109.97,717.0,10254.8,96.74,106.0,0.913,False,,True,unattributed,7,evt_01-P01_desk_work_surface_0002,c0d3d2fe46c17c19,native_source_context_fallback,wrist_confidence_below_floor,37015.3,3.26,,1,01/e1/v1,rtmpose_baseline
corpus_01,01.Candidate was found using a mobile phone in the examination hall..mkv,b842b03e5784d867e93770560d88150a526250df69077cd3065edbbd4c842098,rf_detr_sahi,69380.0,unknown_object,0.6422,85.15,611.0,196.0,717.0,11750.2,110.85,106.0,1.046,False,,True,unattributed,7,evt_01-P01_desk_work_surface_0002,c0d3d2fe46c17c19,native_source_context_fallback,wrist_confidence_below_floor,37015.3,3.26,,1,01/e1/v1,rtmpose_baseline
corpus_01,01.Candidate was found using a mobile phone in the examination hall..mkv,b842b03e5784d867e93770560d88150a526250df69077cd3065edbbd4c842098,rf_detr_sahi,69380.0,unknown_object,0.4806,0.36,530.97,196.0,716.69,36333.0,195.64,185.71,1.053,False,,True,unattributed,7,evt_01-P01_desk_work_surface_0002,c0d3d2fe46c17c19,native_source_context_fallback,wrist_confidence_below_floor,37015.3,3.26,,1,01/e1/v1,rtmpose_baseline
corpus_01,01.Candidate was found using a mobile phone in the examination hall..mkv,b842b03e5784d867e93770560d88150a526250df69077cd3065edbbd4c842098,rf_detr_sahi,69380.0,unknown_object,0.3893,14.34,611.07,109.71,646.01,3332.3,95.37,34.94,2.73,False,,True,unattributed,7,evt_01-P01_desk_work_surface_0002,c0d3d2fe46c17c19,native_source_context_fallback,wrist_confidence_below_floor,37015.3,3.26,,1,01/e1/v1,rtmpose_baseline
corpus_01,01.Candidate was found using a mobile phone in the examination hall..mkv,b842b03e5784d867e93770560d88150a526250df69077cd3065edbbd4c842098,rf_detr_sahi,69380.0,unknown_object,0.3356,71.99,560.71,99.45,617.33,1555.4,27.47,56.62,0.485,False,,True,unattributed,7,evt_01-P01_desk_work_surface_0002,c0d3d2fe46c17c19,native_source_context_fallback,wrist_confidence_below_floor,37015.3,3.26,,1,01/e1/v1,rtmpose_baseline
corpus_01,01.Candidate was found using a mobile phone in the examination hall..mkv,b842b03e5784d867e93770560d88150a526250df69077cd3065edbbd4c842098,rf_detr_sahi,69500.0,unknown_object,0.6505,0.0,532.11,43.3,636.84,4535.3,43.3,104.73,0.413,False,,True,unattributed,7,evt_01-P01_upper_body_0006,3522d6561483e82d,native_source_context_fallback,wrist_confidence_below_floor,32108.5,3.42,,1,01/e1/v1,rtmpose_baseline
corpus_01,01.Candidate was found using a mobile phone in the examination hall..mkv,b842b03e5784d867e93770560d88150a526250df69077cd3065edbbd4c842098,rf_detr_sahi,69500.0,unknown_object,0.4772,3.05,613.48,95.99,718.74,9781.6,92.93,105.25,0.883,False,,True,unattributed,7,evt_01-P01_upper_body_0006,3522d6561483e82d,native_source_context_fallback,wrist_confidence_below_floor,32108.5,3.42,,1,01/e1/v1,rtmpose_baseline
corpus_01,01.Candidate was found using a mobile phone in the examination hall..mkv,b842b03e5784d867e93770560d88150a526250df69077cd3065edbbd4c842098,rf_detr_sahi,69500.0,unknown_object,0.3641,75.04,613.0,161.93,719.0,9211.0,86.9,106.0,0.82,False,,True,unattributed,7,evt_01-P01_upper_body_0006,3522d6561483e82d,native_source_context_fallback,wrist_confidence_below_floor,32108.5,3.42,,1,01/e1/v1,rtmpose_baseline
corpus_01,01.Candidate was found using a mobile phone in the examination hall..mkv,b842b03e5784d867e93770560d88150a526250df69077cd3065edbbd4c842098,rf_detr_sahi,69500.0,stationery,0.3273,3.05,613.48,95.99,718.74,9781.6,92.93,105.25,0.883,False,,True,unattributed,7,evt_01-P01_upper_body_0006,3522d6561483e82d,native_source_context_fallback,wrist_confidence_below_floor,32108.5,3.42,,1,01/e1/v1,rtmpose_baseline
corpus_01,01.Candidate was found using a mobile phone in the examination hall..mkv,b842b03e5784d867e93770560d88150a526250df69077cd3065edbbd4c842098,rf_detr_sahi,69500.0,unknown_object,0.6452,79.15,662.08,173.98,718.91,5389.9,94.83,56.84,1.669,False,,True,unattributed,14,evt_01-P01_upper_body_0006,3d71d4d1b4eee1fc,native_source_context_fallback,wrist_confidence_below_floor,17075.7,3.78,,1,01/e1/v1,rtmpose_baseline
corpus_01,01.Candidate was found using a mobile phone in the examination hall..mkv,b842b03e5784d867e93770560d88150a526250df69077cd3065edbbd4c842098,rf_detr_sahi,69500.0,unknown_object,0.5479,5.75,618.33,168.24,718.59,16292.3,162.49,100.27,1.621,False,,True,unattributed,14,evt_01-P01_upper_body_0006,3d71d4d1b4eee1fc,native_source_context_fallback,wrist_confidence_below_floor,17075.7,3.78,,1,01/e1/v1,rtmpose_baseline
corpus_01,01.Candidate was found using a mobile phone in the examination hall..mkv,b842b03e5784d867e93770560d88150a526250df69077cd3065edbbd4c842098,rf_detr_sahi,69500.0,unknown_object,0.3906,79.08,618.12,144.81,674.89,3731.8,65.73,56.77,1.158,False,,True,unattributed,14,evt_01-P01_upper_body_0006,3d71d4d1b4eee1fc,native_source_context_fallback,wrist_confidence_below_floor,17075.7,3.78,,1,01/e1/v1,rtmpose_baseline
corpus_01,01.Candidate was found using a mobile phone in the examination hall..mkv,b842b03e5784d867e93770560d88150a526250df69077cd3065edbbd4c842098,rf_detr_sahi,69500.0,unknown_object,0.2636,10.27,618.04,99.91,674.76,5084.4,89.63,56.72,1.58,False,,True,unattributed,14,evt_01-P01_upper_body_0006,3d71d4d1b4eee1fc,native_source_context_fallback,wrist_confidence_below_floor,17075.7,3.78,,1,01/e1/v1,rtmpose_baseline
corpus_01,01.Candidate was found using a mobile phone in the examination hall..mkv,b842b03e5784d867e93770560d88150a526250df69077cd3065edbbd4c842098,rf_detr_sahi,69500.0,unknown_object,0.4909,0.06,531.47,46.0,663.94,6085.6,45.94,132.48,0.347,False,,True,unattributed,15,evt_01-P01_upper_body_0006,4151119075254674,native_source_context_fallback,no_pose_observation,6194.2,4.83,,1,01/e1/v1,
corpus_01,01.Candidate was found using a mobile phone in the examination hall..mkv,b842b03e5784d867e93770560d88150a526250df69077cd3065edbbd4c842098,rf_detr_sahi,69500.0,stationery,0.5609,655.0,405.67,688.83,426.91,718.8,33.83,21.25,1.592,False,,True,unattributed,9,evt_01-P01_upper_body_0006,5395bfb5ce127735,pose_hand_context,,3633.7,10.62,,1,01/e1/v1,rtmpose_baseline
corpus_01,01.Candidate was found using a mobile phone in the examination hall..mkv,b842b03e5784d867e93770560d88150a526250df69077cd3065edbbd4c842098,rf_detr_sahi,69500.0,keyboard,0.3838,655.0,405.67,688.83,426.91,718.8,33.83,21.25,1.592,False,,True,unattributed,9,evt_01-P01_upper_body_0006,5395bfb5ce127735,pose_hand_context,,3633.7,10.62,,1,01/e1/v1,rtmpose_baseline
corpus_01,01.Candidate was found using a mobile phone in the examination hall..mkv,b842b03e5784d867e93770560d88150a526250df69077cd3065edbbd4c842098,rf_detr_sahi,69500.0,monitor_or_bezel,0.2864,655.0,366.11,694.02,426.94,2373.2,39.02,60.83,0.641,False,,True,unattributed,9,evt_01-P01_upper_body_0006,5395bfb5ce127735,pose_hand_context,,3633.7,10.62,,1,01/e1/v1,rtmpose_baseline
corpus_01,01.Candidate was found using a mobile phone in the examination hall..mkv,b842b03e5784d867e93770560d88150a526250df69077cd3065edbbd4c842098,rf_detr_sahi,69500.0,unknown_object,0.2659,655.0,366.0,688.57,397.26,1049.4,33.57,31.26,1.074,False,,True,unattributed,9,evt_01-P01_upper_body_0006,5395bfb5ce127735,pose_hand_context,,3633.7,10.62,,1,01/e1/v1,rtmpose_baseline
corpus_01,01.Candidate was found using a mobile phone in the examination hall..mkv,b842b03e5784d867e93770560d88150a526250df69077cd3065edbbd4c842098,rf_detr_sahi,69580.0,unknown_object,0.4302,683.07,368.04,705.62,392.61,554.1,22.55,24.57,0.918,False,,True,unattributed,9,evt_01-P03_upper_body_0020,3ec40d3b5bb1368d,pose_hand_context,,3772.4,10.42,,1,01/e1/v1,rtmpose_baseline
corpus_01,01.Candidate was found using a mobile phone in the examination hall..mkv,b842b03e5784d867e93770560d88150a526250df69077cd3065edbbd4c842098,rf_detr_sahi,69580.0,monitor_or_bezel,0.3465,656.01,368.07,689.98,401.84,1147.3,33.97,33.77,1.006,False,,True,unattributed,9,evt_01-P03_upper_body_0020,3ec40d3b5bb1368d,pose_hand_context,,3772.4,10.42,,1,01/e1/v1,rtmpose_baseline
corpus_01,01.Candidate was found using a mobile phone in the examination hall..mkv,b842b03e5784d867e93770560d88150a526250df69077cd3065edbbd4c842098,rf_detr_sahi,69580.0,keyboard,0.2987,656.0,406.79,689.89,428.94,750.6,33.89,22.15,1.53,False,,True,unattributed,9,evt_01-P03_upper_body_0020,3ec40d3b5bb1368d,pose_hand_context,,3772.4,10.42,,1,01/e1/v1,rtmpose_baseline
corpus_01,01.Candidate was found using a mobile phone in the examination hall..mkv,b842b03e5784d867e93770560d88150a526250df69077cd3065edbbd4c842098,rf_detr_sahi,69580.0,stationery,0.2951,656.0,406.79,689.89,428.94,750.6,33.89,22.15,1.53,False,,True,unattributed,9,evt_01-P03_upper_body_0020,3ec40d3b5bb1368d,pose_hand_context,,3772.4,10.42,,1,01/e1/v1,rtmpose_baseline
corpus_01,01.Candidate was found using a mobile phone in the examination hall..mkv,b842b03e5784d867e93770560d88150a526250df69077cd3065edbbd4c842098,rf_detr_sahi,69580.0,unknown_object,0.2782,689.74,368.0,717.0,428.77,1656.7,27.26,60.77,0.449,False,,True,unattributed,9,evt_01-P03_upper_body_0020,3ec40d3b5bb1368d,pose_hand_context,,3772.4,10.42,,1,01/e1/v1,rtmpose_baseline
corpus_01,01.Candidate was found using a mobile phone in the examination hall..mkv,b842b03e5784d867e93770560d88150a526250df69077cd3065edbbd4c842098,rf_detr_sahi,69580.0,unknown_object,0.2646,656.01,368.07,689.98,401.84,1147.3,33.97,33.77,1.006,False,,True,unattributed,9,evt_01-P03_upper_body_0020,3ec40d3b5bb1368d,pose_hand_context,,3772.4,10.42,,1,01/e1/v1,rtmpose_baseline
corpus_01,01.Candidate was found using a mobile phone in the examination hall..mkv,b842b03e5784d867e93770560d88150a526250df69077cd3065edbbd4c842098,rf_detr_sahi,69580.0,unknown_object,0.7439,58.14,616.0,133.0,718.8,7695.6,74.86,102.8,0.728,False,,True,unattributed,7,evt_01-P03_upper_body_0020,e9cf698d94b8b2e9,native_source_context_fallback,no_pose_observation,24338.3,3.51,,1,01/e1/v1,
corpus_01,01.Candidate was found using a mobile phone in the examination hall..mkv,b842b03e5784d867e93770560d88150a526250df69077cd3065edbbd4c842098,rf_detr_sahi,69580.0,monitor_or_bezel,0.4288,0.11,536.0,75.0,638.95,7710.5,74.89,102.95,0.727,False,,True,unattributed,7,evt_01-P03_upper_body_0020,e9cf698d94b8b2e9,native_source_context_fallback,no_pose_observation,24338.3,3.51,,1,01/e1/v1,
corpus_01,01.Candidate was found using a mobile phone in the examination hall..mkv,b842b03e5784d867e93770560d88150a526250df69077cd3065edbbd4c842098,rf_detr_sahi,69580.0,keyboard,0.3001,22.12,557.94,74.91,624.77,3528.4,52.79,66.83,0.79,False,,True,unattributed,7,evt_01-P03_upper_body_0020,e9cf698d94b8b2e9,native_source_context_fallback,no_pose_observation,24338.3,3.51,,1,01/e1/v1,
corpus_01,01.Candidate was found using a mobile phone in the examination hall..mkv,b842b03e5784d867e93770560d88150a526250df69077cd3065edbbd4c842098,rf_detr_sahi,69580.0,stationery,0.3001,58.03,559.62,100.99,638.5,3389.2,42.96,78.88,0.545,False,,True,unattributed,7,evt_01-P03_upper_body_0020,e9cf698d94b8b2e9,native_source_context_fallback,no_pose_observation,24338.3,3.51,,1,01/e1/v1,
corpus_01,01.Candidate was found using a mobile phone in the examination hall..mkv,b842b03e5784d867e93770560d88150a526250df69077cd3065edbbd4c842098,rf_detr_sahi,69820.0,keyboard,0.8648,31.87,615.0,79.92,642.77,1334.3,48.05,27.77,1.73,False,,True,unattributed,14,evt_01-P06_upper_body_0046,08eeead62b32ad13,native_source_context_fallback,no_pose_observation,8315.4,6.16,,1,01/e1/v1,
corpus_01,01.Candidate was found using a mobile phone in the examination hall..mkv,b842b03e5784d867e93770560d88150a526250df69077cd3065edbbd4c842098,rf_detr_sahi,69820.0,unknown_object,0.7688,0.14,615.43,78.35,718.87,8090.0,78.21,103.44,0.756,False,,True,unattributed,14,evt_01-P06_upper_body_0046,08eeead62b32ad13,native_source_context_fallback,no_pose_observation,8315.4,6.16,,1,01/e1/v1,
corpus_01,01.Candidate was found using a mobile phone in the examination hall..mkv,b842b03e5784d867e93770560d88150a526250df69077cd3065edbbd4c842098,rf_detr_sahi,69820.0,unknown_object,0.5367,0.1,615.16,45.0,673.88,2636.5,44.9,58.72,0.765,False,,True,unattributed,14,evt_01-P06_upper_body_0046,08eeead62b32ad13,native_source_context_fallback,no_pose_observation,8315.4,6.16,,1,01/e1/v1,
corpus_01,01.Candidate was found using a mobile phone in the examination hall..mkv,b842b03e5784d867e93770560d88150a526250df69077cd3065edbbd4c842098,rf_detr_sahi,69820.0,stationery,0.267,35.08,639.17,60.9,673.94,898.1,25.83,34.77,0.743,False,,True,unattributed,14,evt_01-P06_upper_body_0046,08eeead62b32ad13,native_source_context_fallback,no_pose_observation,8315.4,6.16,,1,01/e1/v1,
corpus_01,01.Candidate was found using a mobile phone in the examination hall..mkv,b842b03e5784d867e93770560d88150a526250df69077cd3065edbbd4c842098,rf_detr_sahi,69820.0,unknown_object,0.3336,683.0,368.03,707.49,391.19,567.2,24.49,23.15,1.058,False,,True,unattributed,9,evt_01-P06_upper_body_0046,2987c73f281beb24,pose_hand_context,,3445.7,10.9,,1,01/e1/v1,rtmpose_baseline
corpus_01,01.Candidate was found using a mobile phone in the examination hall..mkv,b842b03e5784d867e93770560d88150a526250df69077cd3065edbbd4c842098,rf_detr_sahi,69820.0,unknown_object,0.3247,660.19,368.0,716.0,426.86,3284.9,55.81,58.86,0.948,False,,True,unattributed,9,evt_01-P06_upper_body_0046,2987c73f281beb24,pose_hand_context,,3445.7,10.9,,1,01/e1/v1,rtmpose_baseline
corpus_01,01.Candidate was found using a mobile phone in the examination hall..mkv,b842b03e5784d867e93770560d88150a526250df69077cd3065edbbd4c842098,rf_detr_sahi,69820.0,unknown_object,0.3069,657.0,368.0,685.47,396.34,806.7,28.47,28.34,1.005,False,,True,unattributed,9,evt_01-P06_upper_body_0046,2987c73f281beb24,pose_hand_context,,3445.7,10.9,,1,01/e1/v1,rtmpose_baseline
corpus_01,01.Candidate was found using a mobile phone in the examination hall..mkv,b842b03e5784d867e93770560d88150a526250df69077cd3065edbbd4c842098,rf_detr_sahi,69860.0,keyboard,0.3817,659.03,408.12,691.77,425.87,581.3,32.74,17.75,1.844,False,,True,unattributed,9,evt_01-P03_desk_work_surface_0015,593cabf673dc56e5,pose_hand_context,,3504.6,10.81,,1,01/e1/v1,rtmpose_baseline
corpus_01,01.Candidate was found using a mobile phone in the examination hall..mkv,b842b03e5784d867e93770560d88150a526250df69077cd3065edbbd4c842098,rf_detr_sahi,69860.0,monitor_or_bezel,0.3376,659.11,367.0,691.96,395.49,935.8,32.85,28.49,1.153,False,,True,unattributed,9,evt_01-P03_desk_work_surface_0015,593cabf673dc56e5,pose_hand_context,,3504.6,10.81,,1,01/e1/v1,rtmpose_baseline
corpus_01,01.Candidate was found using a mobile phone in the examination hall..mkv,b842b03e5784d867e93770560d88150a526250df69077cd3065edbbd4c842098,rf_detr_sahi,69860.0,unknown_object,0.3243,659.11,367.0,691.96,395.49,935.8,32.85,28.49,1.153,False,,True,unattributed,9,evt_01-P03_desk_work_surface_0015,593cabf673dc56e5,pose_hand_context,,3504.6,10.81,,1,01/e1/v1,rtmpose_baseline
corpus_01,01.Candidate was found using a mobile phone in the examination hall..mkv,b842b03e5784d867e93770560d88150a526250df69077cd3065edbbd4c842098,rf_detr_sahi,69860.0,unknown_object,0.2742,690.44,367.07,718.0,425.88,1620.8,27.56,58.81,0.469,False,,True,unattributed,9,evt_01-P03_desk_work_surface_0015,593cabf673dc56e5,pose_hand_context,,3504.6,10.81,,1,01/e1/v1,rtmpose_baseline
corpus_01,01.Candidate was found using a mobile phone in the examination hall..mkv,b842b03e5784d867e93770560d88150a526250df69077cd3065edbbd4c842098,rf_detr_sahi,69860.0,unknown_object,0.2536,685.01,392.5,693.46,425.93,282.4,8.45,33.42,0.253,False,,True,unattributed,9,evt_01-P03_desk_work_surface_0015,593cabf673dc56e5,pose_hand_context,,3504.6,10.81,,1,01/e1/v1,rtmpose_baseline
corpus_01,01.Candidate was found using a mobile phone in the examination hall..mkv,b842b03e5784d867e93770560d88150a526250df69077cd3065edbbd4c842098,rf_detr_sahi,70020.0,bag,0.5318,661.01,405.97,693.67,449.34,1416.5,32.65,43.38,0.753,False,,True,unattributed,9,evt_01-P06_desk_work_surface_0043,6f12c715cf0cb853,native_source_context_fallback,no_pose_observation,29456.6,2.39,,1,01/e1/v1,
corpus_01,01.Candidate was found using a mobile phone in the examination hall..mkv,b842b03e5784d867e93770560d88150a526250df69077cd3065edbbd4c842098,rf_detr_sahi,70020.0,unknown_object,0.4678,661.04,403.98,693.57,555.64,4932.9,32.53,151.65,0.214,False,,True,unattributed,9,evt_01-P06_desk_work_surface_0043,6f12c715cf0cb853,native_source_context_fallback,no_pose_observation,29456.6,2.39,,1,01/e1/v1,
corpus_01,01.Candidate was found using a mobile phone in the examination hall..mkv,b842b03e5784d867e93770560d88150a526250df69077cd3065edbbd4c842098,rf_detr_sahi,70020.0,unknown_object,0.3849,693.14,368.0,771.0,566.2,15430.6,77.86,198.2,0.393,False,,True,unattributed,9,evt_01-P06_desk_work_surface_0043,6f12c715cf0cb853,native_source_context_fallback,no_pose_observation,29456.6,2.39,,1,01/e1/v1,
corpus_01,01.Candidate was found using a mobile phone in the examination hall..mkv,b842b03e5784d867e93770560d88150a526250df69077cd3065edbbd4c842098,rf_detr_sahi,70020.0,unknown_object,0.287,709.0,453.37,769.56,465.13,712.2,60.56,11.76,5.149,False,,True,unattributed,9,evt_01-P06_desk_work_surface_0043,6f12c715cf0cb853,native_source_context_fallback,no_pose_observation,29456.6,2.39,,1,01/e1/v1,
corpus_01,01.Candidate was found using a mobile phone in the examination hall..mkv,b842b03e5784d867e93770560d88150a526250df69077cd3065edbbd4c842098,rf_detr_sahi,70020.0,unknown_object,0.2865,661.11,390.12,688.42,417.54,748.8,27.31,27.42,0.996,False,,True,unattributed,9,evt_01-P06_desk_work_surface_0043,6f12c715cf0cb853,native_source_context_fallback,no_pose_observation,29456.6,2.39,,1,01/e1/v1,
corpus_01,01.Candidate was found using a mobile phone in the examination hall..mkv,b842b03e5784d867e93770560d88150a526250df69077cd3065edbbd4c842098,rf_detr_sahi,70020.0,unknown_object,0.2676,709.09,417.29,769.63,501.15,5077.5,60.54,83.87,0.722,False,,True,unattributed,9,evt_01-P06_desk_work_surface_0043,6f12c715cf0cb853,native_source_context_fallback,no_pose_observation,29456.6,2.39,,1,01/e1/v1,
corpus_01,01.Candidate was found using a mobile phone in the examination hall..mkv,b842b03e5784d867e93770560d88150a526250df69077cd3065edbbd4c842098,rf_detr_sahi,70220.0,bag,0.439,658.0,418.0,698.27,568.5,6059.8,40.27,150.5,0.268,False,,True,unattributed,9,evt_01-P05_desk_work_surface_0034,93155b1f2a72b3a1,native_source_context_fallback,no_pose_observation,30312.0,2.39,,1,01/e1/v1,
corpus_01,01.Candidate was found using a mobile phone in the examination hall..mkv,b842b03e5784d867e93770560d88150a526250df69077cd3065edbbd4c842098,rf_detr_sahi,70220.0,unknown_object,0.4289,692.08,335.07,772.0,568.94,18692.1,79.92,233.88,0.342,False,,True,unattributed,9,evt_01-P05_desk_work_surface_0034,93155b1f2a72b3a1,native_source_context_fallback,no_pose_observation,30312.0,2.39,,1,01/e1/v1,
corpus_01,01.Candidate was found using a mobile phone in the examination hall..mkv,b842b03e5784d867e93770560d88150a526250df69077cd3065edbbd4c842098,rf_detr_sahi,70220.0,bag,0.4033,658.0,388.51,694.73,450.85,2289.9,36.73,62.34,0.589,False,,True,unattributed,9,evt_01-P05_desk_work_surface_0034,93155b1f2a72b3a1,native_source_context_fallback,no_pose_observation,30312.0,2.39,,1,01/e1/v1,
corpus_01,01.Candidate was found using a mobile phone in the examination hall..mkv,b842b03e5784d867e93770560d88150a526250df69077cd3065edbbd4c842098,rf_detr_sahi,70220.0,unknown_object,0.3391,708.0,418.2,769.69,487.52,4276.6,61.69,69.33,0.89,False,,True,unattributed,9,evt_01-P05_desk_work_surface_0034,93155b1f2a72b3a1,native_source_context_fallback,no_pose_observation,30312.0,2.39,,1,01/e1/v1,
corpus_01,01.Candidate was found using a mobile phone in the examination hall..mkv,b842b03e5784d867e93770560d88150a526250df69077cd3065edbbd4c842098,rf_detr_sahi,70220.0,unknown_object,0.3335,708.02,452.88,762.45,466.08,718.5,54.44,13.2,4.124,False,,True,unattributed,9,evt_01-P05_desk_work_surface_0034,93155b1f2a72b3a1,native_source_context_fallback,no_pose_observation,30312.0,2.39,,1,01/e1/v1,
corpus_01,01.Candidate was found using a mobile phone in the examination hall..mkv,b842b03e5784d867e93770560d88150a526250df69077cd3065edbbd4c842098,rf_detr_sahi,70220.0,unknown_object,0.3286,658.15,405.0,694.45,564.05,5773.2,36.3,159.05,0.228,False,,True,unattributed,9,evt_01-P05_desk_work_surface_0034,93155b1f2a72b3a1,native_source_context_fallback,no_pose_observation,30312.0,2.39,,1,01/e1/v1,
corpus_01,01.Candidate was found using a mobile phone in the examination hall..mkv,b842b03e5784d867e93770560d88150a526250df69077cd3065edbbd4c842098,rf_detr_sahi,70220.0,unknown_object,0.2607,708.2,477.39,772.0,505.32,1782.0,63.8,27.93,2.284,False,,True,unattributed,9,evt_01-P05_desk_work_surface_0034,93155b1f2a72b3a1,native_source_context_fallback,no_pose_observation,30312.0,2.39,,1,01/e1/v1,
corpus_01,01.Candidate was found using a mobile phone in the examination hall..mkv,b842b03e5784d867e93770560d88150a526250df69077cd3065edbbd4c842098,rf_detr_sahi,70220.0,unknown_object,0.2562,708.0,449.01,771.91,568.86,7658.9,63.91,119.84,0.533,False,,True,unattributed,9,evt_01-P05_desk_work_surface_0034,93155b1f2a72b3a1,native_source_context_fallback,no_pose_observation,30312.0,2.39,,1,01/e1/v1,
corpus_01,01.Candidate was found using a mobile phone in the examination hall..mkv,b842b03e5784d867e93770560d88150a526250df69077cd3065edbbd4c842098,rf_detr_sahi,70500.0,monitor_or_bezel,0.281,662.04,396.51,696.91,426.98,1062.3,34.87,30.47,1.145,False,,True,unattributed,9,evt_01-P01_upper_body_0006,38cc48898557d70c,pose_hand_context,,4147.4,9.94,,1,01/e1/v1,rtmpose_baseline
corpus_01,01.Candidate was found using a mobile phone in the examination hall..mkv,b842b03e5784d867e93770560d88150a526250df69077cd3065edbbd4c842098,rf_detr_sahi,71220.0,unknown_object,0.8639,630.0,407.06,694.18,568.71,10375.0,64.18,161.65,0.397,False,,True,unattributed,9,evt_01-P05_desk_work_surface_0034,e0968401a682c7ff,native_source_context_fallback,wrist_confidence_below_floor,34891.3,2.32,,1,01/e1/v1,rtmpose_baseline
corpus_01,01.Candidate was found using a mobile phone in the examination hall..mkv,b842b03e5784d867e93770560d88150a526250df69077cd3065edbbd4c842098,rf_detr_sahi,71220.0,unknown_object,0.4063,685.12,329.71,755.81,448.77,8415.7,70.69,119.06,0.594,False,,True,unattributed,9,evt_01-P05_desk_work_surface_0034,e0968401a682c7ff,native_source_context_fallback,wrist_confidence_below_floor,34891.3,2.32,,1,01/e1/v1,rtmpose_baseline
corpus_01,01.Candidate was found using a mobile phone in the examination hall..mkv,b842b03e5784d867e93770560d88150a526250df69077cd3065edbbd4c842098,rf_detr_sahi,71220.0,unknown_object,0.3927,695.52,368.77,755.91,569.75,12136.6,60.39,200.98,0.3,False,,True,unattributed,9,evt_01-P05_desk_work_surface_0034,e0968401a682c7ff,native_source_context_fallback,wrist_confidence_below_floor,34891.3,2.32,,1,01/e1/v1,rtmpose_baseline
corpus_01,01.Candidate was found using a mobile phone in the examination hall..mkv,b842b03e5784d867e93770560d88150a526250df69077cd3065edbbd4c842098,rf_detr_sahi,71220.0,unknown_object,0.3186,634.48,294.4,701.0,362.53,4531.5,66.52,68.12,0.976,False,,True,unattributed,9,evt_01-P05_desk_work_surface_0034,e0968401a682c7ff,native_source_context_fallback,wrist_confidence_below_floor,34891.3,2.32,,1,01/e1/v1,rtmpose_baseline
corpus_01,01.Candidate was found using a mobile phone in the examination hall..mkv,b842b03e5784d867e93770560d88150a526250df69077cd3065edbbd4c842098,rf_detr_sahi,71220.0,phone,0.3055,630.0,364.85,646.7,395.86,517.7,16.7,31.01,0.538,False,,True,unattributed,9,evt_01-P05_desk_work_surface_0034,e0968401a682c7ff,native_source_context_fallback,wrist_confidence_below_floor,34891.3,2.32,,1,01/e1/v1,rtmpose_baseline
corpus_01,01.Candidate was found using a mobile phone in the examination hall..mkv,b842b03e5784d867e93770560d88150a526250df69077cd3065edbbd4c842098,rf_detr_sahi,71220.0,unknown_object,0.2888,685.0,406.7,694.2,449.0,389.3,9.2,42.3,0.218,False,,True,unattributed,9,evt_01-P05_desk_work_surface_0034,e0968401a682c7ff,native_source_context_fallback,wrist_confidence_below_floor,34891.3,2.32,,1,01/e1/v1,rtmpose_baseline
corpus_01,01.Candidate was found using a mobile phone in the examination hall..mkv,b842b03e5784d867e93770560d88150a526250df69077cd3065edbbd4c842098,rf_detr_sahi,71220.0,unknown_object,0.2513,714.37,368.95,756.0,402.13,1381.2,41.63,33.18,1.255,False,,True,unattributed,9,evt_01-P05_desk_work_surface_0034,e0968401a682c7ff,native_source_context_fallback,wrist_confidence_below_floor,34891.3,2.32,,1,01/e1/v1,rtmpose_baseline
corpus_01,01.Candidate was found using a mobile phone in the examination hall..mkv,b842b03e5784d867e93770560d88150a526250df69077cd3065edbbd4c842098,rf_detr_sahi,71500.0,unknown_object,0.3478,614.28,159.82,648.6,249.73,3085.9,34.32,89.91,0.382,False,,True,unattributed,17,evt_01-P01_upper_body_0006,90ee45a13b0872da,native_source_context_fallback,no_pose_observation,3300.8,6.99,,1,01/e1/v1,
corpus_01,01.Candidate was found using a mobile phone in the examination hall..mkv,b842b03e5784d867e93770560d88150a526250df69077cd3065edbbd4c842098,rf_detr_sahi,71500.0,unknown_object,0.2946,639.06,180.88,649.0,234.03,528.2,9.94,53.15,0.187,False,,True,unattributed,17,evt_01-P01_upper_body_0006,90ee45a13b0872da,native_source_context_fallback,no_pose_observation,3300.8,6.99,,1,01/e1/v1,
corpus_01,01.Candidate was found using a mobile phone in the examination hall..mkv,b842b03e5784d867e93770560d88150a526250df69077cd3065edbbd4c842098,rf_detr_sahi,71500.0,unknown_object,0.6365,632.79,311.0,680.0,335.41,1152.3,47.21,24.41,1.934,False,,True,unattributed,9,evt_01-P01_upper_body_0006,f7bf6872d96738c2,pose_hand_context,,11794.0,5.89,,1,01/e1/v1,rtmpose_baseline
corpus_01,01.Candidate was found using a mobile phone in the examination hall..mkv,b842b03e5784d867e93770560d88150a526250df69077cd3065edbbd4c842098,rf_detr_sahi,71500.0,monitor_or_bezel,0.4871,571.16,313.67,607.85,371.88,2135.7,36.69,58.21,0.63,False,,True,unattributed,9,evt_01-P01_upper_body_0006,f7bf6872d96738c2,pose_hand_context,,11794.0,5.89,,1,01/e1/v1,rtmpose_baseline
corpus_01,01.Candidate was found using a mobile phone in the examination hall..mkv,b842b03e5784d867e93770560d88150a526250df69077cd3065edbbd4c842098,rf_detr_sahi,71500.0,unknown_object,0.2555,625.18,311.01,679.87,371.86,3327.6,54.69,60.85,0.899,False,,True,unattributed,9,evt_01-P01_upper_body_0006,f7bf6872d96738c2,pose_hand_context,,11794.0,5.89,,1,01/e1/v1,rtmpose_baseline
corpus_01,01.Candidate was found using a mobile phone in the examination hall..mkv,b842b03e5784d867e93770560d88150a526250df69077cd3065edbbd4c842098,rf_detr_sahi,72220.0,insufficient_visual_evidence,0.0,687.12,152.67,710.66,206.47,1266.5,23.54,53.8,0.438,True,"native footprint 24x54 px is under the 32 px floor; magnifying it 11.9x adds interpolation, not detail",False,unattributed,18,evt_01-P05_desk_work_surface_0034,9ab2370f09b1d38c,native_source_context_fallback,no_pose_observation,1266.5,11.9,,1,01/e1/v1,
corpus_01,01.Candidate was found using a mobile phone in the examination hall..mkv,b842b03e5784d867e93770560d88150a526250df69077cd3065edbbd4c842098,rf_detr_sahi,72220.0,insufficient_visual_evidence,0.0,618.01,160.79,649.41,247.14,2711.4,31.4,86.35,0.364,True,"native footprint 31x86 px is under the 32 px floor; magnifying it 7.4x adds interpolation, not detail",False,unattributed,17,evt_01-P05_desk_work_surface_0034,9bedff32cf1afa49,native_source_context_fallback,wrist_confidence_below_floor,2711.4,7.41,,1,01/e1/v1,rtmpose_baseline
corpus_01,01.Candidate was found using a mobile phone in the examination hall..mkv,b842b03e5784d867e93770560d88150a526250df69077cd3065edbbd4c842098,rf_detr_sahi,72220.0,unknown_object,0.4819,569.1,347.01,636.0,413.98,4480.6,66.9,66.97,0.999,False,,True,unattributed,9,evt_01-P05_desk_work_surface_0034,da21efe8337edc6a,pose_hand_context,,14118.2,5.39,,1,01/e1/v1,rtmpose_baseline
corpus_01,01.Candidate was found using a mobile phone in the examination hall..mkv,b842b03e5784d867e93770560d88150a526250df69077cd3065edbbd4c842098,rf_detr_sahi,72220.0,monitor_or_bezel,0.3625,597.74,323.66,626.61,355.89,930.4,28.87,32.23,0.896,False,,True,unattributed,9,evt_01-P05_desk_work_surface_0034,da21efe8337edc6a,pose_hand_context,,14118.2,5.39,,1,01/e1/v1,rtmpose_baseline
corpus_01,01.Candidate was found using a mobile phone in the examination hall..mkv,b842b03e5784d867e93770560d88150a526250df69077cd3065edbbd4c842098,rf_detr_sahi,72220.0,unknown_object,0.2987,622.1,295.02,688.0,361.89,4406.7,65.9,66.87,0.985,False,,True,unattributed,9,evt_01-P05_desk_work_surface_0034,da21efe8337edc6a,pose_hand_context,,14118.2,5.39,,1,01/e1/v1,rtmpose_baseline
corpus_01,01.Candidate was found using a mobile phone in the examination hall..mkv,b842b03e5784d867e93770560d88150a526250df69077cd3065edbbd4c842098,rf_detr_sahi,72220.0,monitor_or_bezel,0.2693,596.35,347.02,616.12,355.68,171.1,19.77,8.66,2.284,False,,True,unattributed,9,evt_01-P05_desk_work_surface_0034,da21efe8337edc6a,pose_hand_context,,14118.2,5.39,,1,01/e1/v1,rtmpose_baseline
corpus_01,01.Candidate was found using a mobile phone in the examination hall..mkv,b842b03e5784d867e93770560d88150a526250df69077cd3065edbbd4c842098,rf_detr_sahi,72220.0,monitor_or_bezel,0.2513,569.06,313.08,644.71,413.92,7629.0,75.65,100.85,0.75,False,,True,unattributed,9,evt_01-P05_desk_work_surface_0034,da21efe8337edc6a,pose_hand_context,,14118.2,5.39,,1,01/e1/v1,rtmpose_baseline
corpus_01,01.Candidate was found using a mobile phone in the examination hall..mkv,b842b03e5784d867e93770560d88150a526250df69077cd3065edbbd4c842098,rf_detr_sahi,72500.0,unknown_object,0.5026,726.7,335.68,779.98,392.0,3001.1,53.28,56.32,0.946,False,,True,unattributed,9,evt_01-P01_upper_body_0006,81e278ad53f493bd,pose_hand_context,,14175.3,5.38,,1,01/e1/v1,rtmpose_baseline
corpus_01,01.Candidate was found using a mobile phone in the examination hall..mkv,b842b03e5784d867e93770560d88150a526250df69077cd3065edbbd4c842098,rf_detr_sahi,72500.0,phone,0.3494,661.0,405.61,693.53,443.84,1243.8,32.53,38.24,0.851,False,,True,unattributed,9,evt_01-P01_upper_body_0006,81e278ad53f493bd,pose_hand_context,,14175.3,5.38,,1,01/e1/v1,rtmpose_baseline
corpus_01,01.Candidate was found using a mobile phone in the examination hall..mkv,b842b03e5784d867e93770560d88150a526250df69077cd3065edbbd4c842098,rf_detr_sahi,72500.0,monitor_or_bezel,0.3322,661.0,405.61,693.53,443.84,1243.8,32.53,38.24,0.851,False,,True,unattributed,9,evt_01-P01_upper_body_0006,81e278ad53f493bd,pose_hand_context,,14175.3,5.38,,1,01/e1/v1,rtmpose_baseline
corpus_01,01.Candidate was found using a mobile phone in the examination hall..mkv,b842b03e5784d867e93770560d88150a526250df69077cd3065edbbd4c842098,rf_detr_sahi,72500.0,unknown_object,0.3178,723.51,377.12,779.82,443.98,3765.7,56.32,66.87,0.842,False,,True,unattributed,9,evt_01-P01_upper_body_0006,81e278ad53f493bd,pose_hand_context,,14175.3,5.38,,1,01/e1/v1,rtmpose_baseline
corpus_01,01.Candidate was found using a mobile phone in the examination hall..mkv,b842b03e5784d867e93770560d88150a526250df69077cd3065edbbd4c842098,rf_detr_sahi,72500.0,unknown_object,0.2617,726.63,369.18,779.99,403.82,1848.6,53.36,34.64,1.54,False,,True,unattributed,9,evt_01-P01_upper_body_0006,81e278ad53f493bd,pose_hand_context,,14175.3,5.38,,1,01/e1/v1,rtmpose_baseline
corpus_01,01.Candidate was found using a mobile phone in the examination hall..mkv,b842b03e5784d867e93770560d88150a526250df69077cd3065edbbd4c842098,rf_detr_sahi,72500.0,insufficient_visual_evidence,0.0,617.69,163.03,647.51,246.68,2494.4,29.82,83.65,0.356,True,"native footprint 30x84 px is under the 32 px floor; magnifying it 7.7x adds interpolation, not detail",False,unattributed,17,evt_01-P01_upper_body_0006,c4e9ad198a8eae0c,native_source_context_fallback,wrist_confidence_below_floor,2494.4,7.65,,1,01/e1/v1,rtmpose_baseline
corpus_01,01.Candidate was found using a mobile phone in the examination hall..mkv,b842b03e5784d867e93770560d88150a526250df69077cd3065edbbd4c842098,rf_detr_sahi,73220.0,monitor_or_bezel,0.5492,575.0,313.72,601.51,352.85,1037.2,26.51,39.13,0.677,False,,True,unattributed,9,evt_01-P05_desk_work_surface_0034,b9d395d936a48172,pose_hand_context,,10120.4,6.36,,1,01/e1/v1,rtmpose_baseline
corpus_01,01.Candidate was found using a mobile phone in the examination hall..mkv,b842b03e5784d867e93770560d88150a526250df69077cd3065edbbd4c842098,rf_detr_sahi,73220.0,unknown_object,0.2964,628.05,297.0,675.98,352.83,2675.8,47.93,55.83,0.858,False,,True,unattributed,9,evt_01-P05_desk_work_surface_0034,b9d395d936a48172,pose_hand_context,,10120.4,6.36,,1,01/e1/v1,rtmpose_baseline
corpus_01,01.Candidate was found using a mobile phone in the examination hall..mkv,b842b03e5784d867e93770560d88150a526250df69077cd3065edbbd4c842098,rf_detr_sahi,73220.0,monitor_or_bezel,0.2808,598.52,311.82,631.94,342.28,1017.7,33.42,30.46,1.097,False,,True,unattributed,9,evt_01-P05_desk_work_surface_0034,b9d395d936a48172,pose_hand_context,,10120.4,6.36,,1,01/e1/v1,rtmpose_baseline
corpus_01,01.Candidate was found using a mobile phone in the examination hall..mkv,b842b03e5784d867e93770560d88150a526250df69077cd3065edbbd4c842098,rf_detr_sahi,73220.0,monitor_or_bezel,0.3115,608.03,194.17,620.39,225.13,382.6,12.36,30.96,0.399,False,,True,unattributed,17,evt_01-P05_desk_work_surface_0034,fe9112957651495a,native_source_context_fallback,no_pose_observation,2930.7,8.05,,1,01/e1/v1,
corpus_01,01.Candidate was found using a mobile phone in the examination hall..mkv,b842b03e5784d867e93770560d88150a526250df69077cd3065edbbd4c842098,rf_detr_sahi,73220.0,monitor_or_bezel,0.2562,639.47,183.62,644.99,220.61,204.2,5.52,37.0,0.149,False,,True,unattributed,17,evt_01-P05_desk_work_surface_0034,fe9112957651495a,native_source_context_fallback,no_pose_observation,2930.7,8.05,,1,01/e1/v1,
corpus_01,01.Candidate was found using a mobile phone in the examination hall..mkv,b842b03e5784d867e93770560d88150a526250df69077cd3065edbbd4c842098,rf_detr_sahi,73500.0,monitor_or_bezel,0.4809,575.1,313.6,614.11,385.65,2810.9,39.01,72.06,0.541,False,,True,unattributed,9,evt_01-P01_upper_body_0006,3c59806dcf0fad56,pose_hand_context,,7180.9,7.55,,1,01/e1/v1,rtmpose_baseline
corpus_01,01.Candidate was found using a mobile phone in the examination hall..mkv,b842b03e5784d867e93770560d88150a526250df69077cd3065edbbd4c842098,rf_detr_sahi,73500.0,unknown_object,0.319,612.05,365.03,640.77,385.89,599.1,28.72,20.86,1.377,False,,True,unattributed,9,evt_01-P01_upper_body_0006,3c59806dcf0fad56,pose_hand_context,,7180.9,7.55,,1,01/e1/v1,rtmpose_baseline
corpus_01,01.Candidate was found using a mobile phone in the examination hall..mkv,b842b03e5784d867e93770560d88150a526250df69077cd3065edbbd4c842098,rf_detr_sahi,73500.0,unknown_object,0.3009,635.44,324.14,659.0,385.76,1451.4,23.56,61.62,0.382,False,,True,unattributed,9,evt_01-P01_upper_body_0006,3c59806dcf0fad56,pose_hand_context,,7180.9,7.55,,1,01/e1/v1,rtmpose_baseline
corpus_01,01.Candidate was found using a mobile phone in the examination hall..mkv,b842b03e5784d867e93770560d88150a526250df69077cd3065edbbd4c842098,rf_detr_sahi,73500.0,unknown_object,0.2959,635.3,309.46,659.0,349.0,937.2,23.7,39.54,0.599,False,,True,unattributed,9,evt_01-P01_upper_body_0006,3c59806dcf0fad56,pose_hand_context,,7180.9,7.55,,1,01/e1/v1,rtmpose_baseline
corpus_01,01.Candidate was found using a mobile phone in the examination hall..mkv,b842b03e5784d867e93770560d88150a526250df69077cd3065edbbd4c842098,rf_detr_sahi,73500.0,unknown_object,0.291,592.46,323.11,621.94,342.76,579.3,29.48,19.65,1.5,False,,True,unattributed,9,evt_01-P01_upper_body_0006,3c59806dcf0fad56,pose_hand_context,,7180.9,7.55,,1,01/e1/v1,rtmpose_baseline
corpus_01,01.Candidate was found using a mobile phone in the examination hall..mkv,b842b03e5784d867e93770560d88150a526250df69077cd3065edbbd4c842098,rf_detr_sahi,73500.0,monitor_or_bezel,0.2894,617.47,338.0,636.81,346.43,163.0,19.34,8.43,2.295,False,,True,unattributed,9,evt_01-P01_upper_body_0006,3c59806dcf0fad56,pose_hand_context,,7180.9,7.55,,1,01/e1/v1,rtmpose_baseline
corpus_01,01.Candidate was found using a mobile phone in the examination hall..mkv,b842b03e5784d867e93770560d88150a526250df69077cd3065edbbd4c842098,rf_detr_sahi,73500.0,unknown_object,0.2516,575.0,338.01,622.0,385.93,2252.4,47.0,47.92,0.981,False,,True,unattributed,9,evt_01-P01_upper_body_0006,3c59806dcf0fad56,pose_hand_context,,7180.9,7.55,,1,01/e1/v1,rtmpose_baseline
corpus_01,01.Candidate was found using a mobile phone in the examination hall..mkv,b842b03e5784d867e93770560d88150a526250df69077cd3065edbbd4c842098,rf_detr_sahi,73500.0,unknown_object,0.3407,610.89,193.08,630.67,205.8,251.7,19.78,12.72,1.555,False,,True,unattributed,17,evt_01-P01_upper_body_0006,4e30ec986dc2fb7f,native_source_context_fallback,wrist_confidence_below_floor,5328.9,6.97,,1,01/e1/v1,rtmpose_baseline
corpus_01,01.Candidate was found using a mobile phone in the examination hall..mkv,b842b03e5784d867e93770560d88150a526250df69077cd3065edbbd4c842098,rf_detr_sahi,73500.0,monitor_or_bezel,0.3398,604.03,213.92,610.59,263.54,325.3,6.56,49.61,0.132,False,,True,unattributed,17,evt_01-P01_upper_body_0006,4e30ec986dc2fb7f,native_source_context_fallback,wrist_confidence_below_floor,5328.9,6.97,,1,01/e1/v1,rtmpose_baseline
corpus_01,01.Candidate was found using a mobile phone in the examination hall..mkv,b842b03e5784d867e93770560d88150a526250df69077cd3065edbbd4c842098,rf_detr_sahi,73500.0,unknown_object,0.3387,623.89,221.25,636.0,263.87,516.0,12.11,42.61,0.284,False,,True,unattributed,17,evt_01-P01_upper_body_0006,4e30ec986dc2fb7f,native_source_context_fallback,wrist_confidence_below_floor,5328.9,6.97,,1,01/e1/v1,rtmpose_baseline
corpus_01,01.Candidate was found using a mobile phone in the examination hall..mkv,b842b03e5784d867e93770560d88150a526250df69077cd3065edbbd4c842098,rf_detr_sahi,73500.0,unknown_object,0.3327,578.04,194.7,588.54,223.87,306.3,10.5,29.17,0.36,False,,True,unattributed,17,evt_01-P01_upper_body_0006,4e30ec986dc2fb7f,native_source_context_fallback,wrist_confidence_below_floor,5328.9,6.97,,1,01/e1/v1,rtmpose_baseline
corpus_01,01.Candidate was found using a mobile phone in the examination hall..mkv,b842b03e5784d867e93770560d88150a526250df69077cd3065edbbd4c842098,rf_detr_sahi,73500.0,stationery,0.2909,578.01,213.0,610.98,263.91,1678.8,32.98,50.91,0.648,False,,True,unattributed,17,evt_01-P01_upper_body_0006,4e30ec986dc2fb7f,native_source_context_fallback,wrist_confidence_below_floor,5328.9,6.97,,1,01/e1/v1,rtmpose_baseline
corpus_01,01.Candidate was found using a mobile phone in the examination hall..mkv,b842b03e5784d867e93770560d88150a526250df69077cd3065edbbd4c842098,rf_detr_sahi,74420.0,unknown_object,0.3132,644.3,332.0,661.0,379.92,800.2,16.7,47.92,0.348,False,,True,unattributed,9,evt_01-P05_desk_work_surface_0035,2ac1a69f7153fc5d,pose_hand_context,,2304.0,13.33,,1,01/e1/v1,rtmpose_baseline
corpus_01,01.Candidate was found using a mobile phone in the examination hall..mkv,b842b03e5784d867e93770560d88150a526250df69077cd3065edbbd4c842098,rf_detr_sahi,74940.0,unknown_object,0.6917,611.31,356.78,638.95,373.94,474.5,27.65,17.16,1.611,False,,True,unattributed,9,evt_01-P01_desk_work_surface_0003,bdd304dc44972606,pose_hand_context,,3740.5,10.46,,1,01/e1/v1,rtmpose_baseline
corpus_01,01.Candidate was found using a mobile phone in the examination hall..mkv,b842b03e5784d867e93770560d88150a526250df69077cd3065edbbd4c842098,rf_detr_sahi,74940.0,monitor_or_bezel,0.2681,604.04,340.0,639.93,371.26,1121.9,35.9,31.26,1.148,False,,True,unattributed,9,evt_01-P01_desk_work_surface_0003,bdd304dc44972606,pose_hand_context,,3740.5,10.46,,1,01/e1/v1,rtmpose_baseline
corpus_01,01.Candidate was found using a mobile phone in the examination hall..mkv,b842b03e5784d867e93770560d88150a526250df69077cd3065edbbd4c842098,rf_detr_sahi,75420.0,monitor_or_bezel,0.6309,549.15,313.11,603.85,365.59,2870.8,54.7,52.48,1.042,False,,True,unattributed,9,evt_01-P05_desk_work_surface_0035,e9b3c6ad6e711642,pose_hand_context,,16332.8,5.01,,1,01/e1/v1,rtmpose_baseline
corpus_01,01.Candidate was found using a mobile phone in the examination hall..mkv,b842b03e5784d867e93770560d88150a526250df69077cd3065edbbd4c842098,rf_detr_sahi,75420.0,unknown_object,0.2836,663.84,306.75,672.38,313.85,60.6,8.54,7.1,1.202,True,object footprint 61 px is under the 120 px floor for a call,False,unattributed,9,evt_01-P05_desk_work_surface_0035,e9b3c6ad6e711642,pose_hand_context,,16332.8,5.01,,1,01/e1/v1,rtmpose_baseline
corpus_01,01.Candidate was found using a mobile phone in the examination hall..mkv,b842b03e5784d867e93770560d88150a526250df69077cd3065edbbd4c842098,rf_detr_sahi,75940.0,unknown_object,0.6511,604.02,288.03,690.0,373.97,7388.9,85.98,85.94,1.0,False,,True,unattributed,9,evt_01-P01_desk_work_surface_0003,8bfc1031befa88ed,pose_hand_context,,23494.8,4.18,,1,01/e1/v1,rtmpose_baseline
corpus_01,01.Candidate was found using a mobile phone in the examination hall..mkv,b842b03e5784d867e93770560d88150a526250df69077cd3065edbbd4c842098,rf_detr_sahi,75940.0,unknown_object,0.4644,639.69,406.02,689.98,440.97,1757.4,50.29,34.95,1.439,False,,True,unattributed,9,evt_01-P01_desk_work_surface_0003,8bfc1031befa88ed,pose_hand_context,,23494.8,4.18,,1,01/e1/v1,rtmpose_baseline
corpus_01,01.Candidate was found using a mobile phone in the examination hall..mkv,b842b03e5784d867e93770560d88150a526250df69077cd3065edbbd4c842098,rf_detr_sahi,75940.0,monitor_or_bezel,0.3724,537.09,313.35,605.67,373.87,4150.6,68.58,60.52,1.133,False,,True,unattributed,9,evt_01-P01_desk_work_surface_0003,8bfc1031befa88ed,pose_hand_context,,23494.8,4.18,,1,01/e1/v1,rtmpose_baseline
corpus_01,01.Candidate was found using a mobile phone in the examination hall..mkv,b842b03e5784d867e93770560d88150a526250df69077cd3065edbbd4c842098,rf_detr_sahi,75940.0,monitor_or_bezel,0.2841,641.93,405.98,690.0,440.88,1677.7,48.07,34.9,1.377,False,,True,unattributed,9,evt_01-P01_desk_work_surface_0003,8bfc1031befa88ed,pose_hand_context,,23494.8,4.18,,1,01/e1/v1,rtmpose_baseline
corpus_01,01.Candidate was found using a mobile phone in the examination hall..mkv,b842b03e5784d867e93770560d88150a526250df69077cd3065edbbd4c842098,rf_detr_sahi,75980.0,unknown_object,0.3957,649.03,406.52,694.27,431.96,1150.8,45.24,25.44,1.779,False,,True,unattributed,9,evt_01-P04_desk_work_surface_0026,3aea290c2dfbc7aa,pose_hand_context,,23061.5,4.21,,1,01/e1/v1,rtmpose_baseline
corpus_01,01.Candidate was found using a mobile phone in the examination hall..mkv,b842b03e5784d867e93770560d88150a526250df69077cd3065edbbd4c842098,rf_detr_sahi,75980.0,unknown_object,0.324,712.45,286.5,800.89,431.98,12866.2,88.44,145.47,0.608,False,,True,unattributed,9,evt_01-P04_desk_work_surface_0026,3aea290c2dfbc7aa,pose_hand_context,,23061.5,4.21,,1,01/e1/v1,rtmpose_baseline
corpus_01,01.Candidate was found using a mobile phone in the examination hall..mkv,b842b03e5784d867e93770560d88150a526250df69077cd3065edbbd4c842098,rf_detr_sahi,75980.0,phone,0.308,749.88,357.19,772.7,362.17,113.8,22.83,4.99,4.578,True,object footprint 114 px is under the 120 px floor for a call,False,unattributed,9,evt_01-P04_desk_work_surface_0026,3aea290c2dfbc7aa,pose_hand_context,,23061.5,4.21,,1,01/e1/v1,rtmpose_baseline
corpus_01,01.Candidate was found using a mobile phone in the examination hall..mkv,b842b03e5784d867e93770560d88150a526250df69077cd3065edbbd4c842098,rf_detr_sahi,75980.0,stationery,0.2837,720.09,356.88,775.35,364.93,444.5,55.26,8.04,6.869,False,,True,unattributed,9,evt_01-P04_desk_work_surface_0026,3aea290c2dfbc7aa,pose_hand_context,,23061.5,4.21,,1,01/e1/v1,rtmpose_baseline
corpus_01,01.Candidate was found using a mobile phone in the examination hall..mkv,b842b03e5784d867e93770560d88150a526250df69077cd3065edbbd4c842098,rf_detr_sahi,75980.0,bag,0.2578,649.0,406.2,693.69,431.89,1148.4,44.69,25.69,1.739,False,,True,unattributed,9,evt_01-P04_desk_work_surface_0026,3aea290c2dfbc7aa,pose_hand_context,,23061.5,4.21,,1,01/e1/v1,rtmpose_baseline
corpus_01,01.Candidate was found using a mobile phone in the examination hall..mkv,b842b03e5784d867e93770560d88150a526250df69077cd3065edbbd4c842098,rf_detr_sahi,76420.0,bag,0.4372,670.05,405.55,694.29,477.53,1744.6,24.24,71.98,0.337,False,,True,unattributed,9,evt_01-P05_desk_work_surface_0035,9dcc6d7eaf748e0a,pose_hand_context,,24661.6,4.08,,1,01/e1/v1,rtmpose_baseline
corpus_01,01.Candidate was found using a mobile phone in the examination hall..mkv,b842b03e5784d867e93770560d88150a526250df69077cd3065edbbd4c842098,rf_detr_sahi,76420.0,unknown_object,0.4066,749.52,333.02,822.29,475.37,10357.6,72.76,142.35,0.511,False,,True,unattributed,9,evt_01-P05_desk_work_surface_0035,9dcc6d7eaf748e0a,pose_hand_context,,24661.6,4.08,,1,01/e1/v1,rtmpose_baseline
corpus_01,01.Candidate was found using a mobile phone in the examination hall..mkv,b842b03e5784d867e93770560d88150a526250df69077cd3065edbbd4c842098,rf_detr_sahi,76420.0,bag,0.3969,750.22,333.38,823.57,410.0,5620.7,73.35,76.62,0.957,False,,True,unattributed,9,evt_01-P05_desk_work_surface_0035,9dcc6d7eaf748e0a,pose_hand_context,,24661.6,4.08,,1,01/e1/v1,rtmpose_baseline
corpus_01,01.Candidate was found using a mobile phone in the examination hall..mkv,b842b03e5784d867e93770560d88150a526250df69077cd3065edbbd4c842098,rf_detr_sahi,76420.0,unknown_object,0.3238,716.64,402.96,758.0,427.39,1010.2,41.36,24.42,1.694,False,,True,unattributed,9,evt_01-P05_desk_work_surface_0035,9dcc6d7eaf748e0a,pose_hand_context,,24661.6,4.08,,1,01/e1/v1,rtmpose_baseline
corpus_01,01.Candidate was found using a mobile phone in the examination hall..mkv,b842b03e5784d867e93770560d88150a526250df69077cd3065edbbd4c842098,rf_detr_sahi,76420.0,bag,0.2918,733.61,447.35,800.02,478.0,2035.7,66.41,30.65,2.167,False,,True,unattributed,9,evt_01-P05_desk_work_surface_0035,9dcc6d7eaf748e0a,pose_hand_context,,24661.6,4.08,,1,01/e1/v1,rtmpose_baseline
corpus_01,01.Candidate was found using a mobile phone in the examination hall..mkv,b842b03e5784d867e93770560d88150a526250df69077cd3065edbbd4c842098,rf_detr_sahi,76420.0,unknown_object,0.2841,719.69,402.62,758.0,409.98,282.1,38.31,7.36,5.203,False,,True,unattributed,9,evt_01-P05_desk_work_surface_0035,9dcc6d7eaf748e0a,pose_hand_context,,24661.6,4.08,,1,01/e1/v1,rtmpose_baseline
corpus_01,01.Candidate was found using a mobile phone in the examination hall..mkv,b842b03e5784d867e93770560d88150a526250df69077cd3065edbbd4c842098,rf_detr_sahi,76420.0,unknown_object,0.2534,670.05,405.55,694.29,477.53,1744.6,24.24,71.98,0.337,False,,True,unattributed,9,evt_01-P05_desk_work_surface_0035,9dcc6d7eaf748e0a,pose_hand_context,,24661.6,4.08,,1,01/e1/v1,rtmpose_baseline
corpus_01,01.Candidate was found using a mobile phone in the examination hall..mkv,b842b03e5784d867e93770560d88150a526250df69077cd3065edbbd4c842098,rf_detr_sahi,76500.0,bag,0.7361,671.04,404.2,694.38,479.8,1764.2,23.34,75.6,0.309,False,,True,unattributed,9,evt_01-P01_upper_body_0007,d95e0fe029164d59,pose_hand_context,,25850.2,3.98,,1,01/e1/v1,rtmpose_baseline
corpus_01,01.Candidate was found using a mobile phone in the examination hall..mkv,b842b03e5784d867e93770560d88150a526250df69077cd3065edbbd4c842098,rf_detr_sahi,76500.0,unknown_object,0.418,757.81,332.92,822.04,467.68,8655.0,64.23,134.75,0.477,False,,True,unattributed,9,evt_01-P01_upper_body_0007,d95e0fe029164d59,pose_hand_context,,25850.2,3.98,,1,01/e1/v1,rtmpose_baseline
corpus_01,01.Candidate was found using a mobile phone in the examination hall..mkv,b842b03e5784d867e93770560d88150a526250df69077cd3065edbbd4c842098,rf_detr_sahi,76500.0,bag,0.4147,740.67,446.8,802.28,479.96,2042.9,61.61,33.16,1.858,False,,True,unattributed,9,evt_01-P01_upper_body_0007,d95e0fe029164d59,pose_hand_context,,25850.2,3.98,,1,01/e1/v1,rtmpose_baseline
corpus_01,01.Candidate was found using a mobile phone in the examination hall..mkv,b842b03e5784d867e93770560d88150a526250df69077cd3065edbbd4c842098,rf_detr_sahi,76500.0,bag,0.3298,758.47,333.6,822.03,409.92,4851.0,63.56,76.32,0.833,False,,True,unattributed,9,evt_01-P01_upper_body_0007,d95e0fe029164d59,pose_hand_context,,25850.2,3.98,,1,01/e1/v1,rtmpose_baseline
corpus_01,01.Candidate was found using a mobile phone in the examination hall..mkv,b842b03e5784d867e93770560d88150a526250df69077cd3065edbbd4c842098,rf_detr_sahi,76500.0,unknown_object,0.3143,712.64,407.94,760.99,434.97,1306.8,48.35,27.03,1.789,False,,True,unattributed,9,evt_01-P01_upper_body_0007,d95e0fe029164d59,pose_hand_context,,25850.2,3.98,,1,01/e1/v1,rtmpose_baseline
corpus_01,01.Candidate was found using a mobile phone in the examination hall..mkv,b842b03e5784d867e93770560d88150a526250df69077cd3065edbbd4c842098,rf_detr_sahi,76940.0,unknown_object,0.5618,730.7,429.78,749.98,466.47,707.3,19.28,36.69,0.526,False,,True,unattributed,9,evt_01-P01_desk_work_surface_0003,73cf7ab46a760cec,pose_hand_context,,26134.0,3.96,,1,01/e1/v1,rtmpose_baseline
corpus_01,01.Candidate was found using a mobile phone in the examination hall..mkv,b842b03e5784d867e93770560d88150a526250df69077cd3065edbbd4c842098,rf_detr_sahi,76940.0,mouse,0.4217,639.44,368.7,658.92,377.88,178.8,19.48,9.18,2.122,False,,True,unattributed,9,evt_01-P01_desk_work_surface_0003,73cf7ab46a760cec,pose_hand_context,,26134.0,3.96,,1,01/e1/v1,rtmpose_baseline
corpus_01,01.Candidate was found using a mobile phone in the examination hall..mkv,b842b03e5784d867e93770560d88150a526250df69077cd3065edbbd4c842098,rf_detr_sahi,76940.0,bag,0.405,659.1,406.45,696.32,481.84,2806.0,37.22,75.39,0.494,False,,True,unattributed,9,evt_01-P01_desk_work_surface_0003,73cf7ab46a760cec,pose_hand_context,,26134.0,3.96,,1,01/e1/v1,rtmpose_baseline
corpus_01,01.Candidate was found using a mobile phone in the examination hall..mkv,b842b03e5784d867e93770560d88150a526250df69077cd3065edbbd4c842098,rf_detr_sahi,76940.0,unknown_object,0.3752,588.39,409.1,695.84,481.83,7814.9,107.44,72.73,1.477,False,,True,unattributed,9,evt_01-P01_desk_work_surface_0003,73cf7ab46a760cec,pose_hand_context,,26134.0,3.96,,1,01/e1/v1,rtmpose_baseline
corpus_01,01.Candidate was found using a mobile phone in the examination hall..mkv,b842b03e5784d867e93770560d88150a526250df69077cd3065edbbd4c842098,rf_detr_sahi,76940.0,bag,0.3394,633.01,417.39,679.0,481.87,2965.7,45.99,64.48,0.713,False,,True,unattributed,9,evt_01-P01_desk_work_surface_0003,73cf7ab46a760cec,pose_hand_context,,26134.0,3.96,,1,01/e1/v1,rtmpose_baseline
corpus_01,01.Candidate was found using a mobile phone in the examination hall..mkv,b842b03e5784d867e93770560d88150a526250df69077cd3065edbbd4c842098,rf_detr_sahi,76940.0,unknown_object,0.2938,588.06,320.07,663.98,411.0,6904.1,75.93,90.93,0.835,False,,True,unattributed,9,evt_01-P01_desk_work_surface_0003,73cf7ab46a760cec,pose_hand_context,,26134.0,3.96,,1,01/e1/v1,rtmpose_baseline
corpus_01,01.Candidate was found using a mobile phone in the examination hall..mkv,b842b03e5784d867e93770560d88150a526250df69077cd3065edbbd4c842098,rf_detr_sahi,76940.0,phone,0.2854,730.63,420.22,750.0,466.62,898.6,19.37,46.4,0.417,False,,True,unattributed,9,evt_01-P01_desk_work_surface_0003,73cf7ab46a760cec,pose_hand_context,,26134.0,3.96,,1,01/e1/v1,rtmpose_baseline
corpus_01,01.Candidate was found using a mobile phone in the examination hall..mkv,b842b03e5784d867e93770560d88150a526250df69077cd3065edbbd4c842098,rf_detr_sahi,76980.0,mouse,0.6248,639.37,368.78,659.16,377.84,179.2,19.79,9.06,2.185,False,,True,unattributed,9,evt_01-P04_desk_work_surface_0026,0367ccb78cbbacf8,pose_hand_context,,26712.6,3.92,,1,01/e1/v1,rtmpose_baseline
corpus_01,01.Candidate was found using a mobile phone in the examination hall..mkv,b842b03e5784d867e93770560d88150a526250df69077cd3065edbbd4c842098,rf_detr_sahi,76980.0,unknown_object,0.5956,729.81,428.7,749.98,466.66,765.9,20.18,37.96,0.532,False,,True,unattributed,9,evt_01-P04_desk_work_surface_0026,0367ccb78cbbacf8,pose_hand_context,,26712.6,3.92,,1,01/e1/v1,rtmpose_baseline
corpus_01,01.Candidate was found using a mobile phone in the examination hall..mkv,b842b03e5784d867e93770560d88150a526250df69077cd3065edbbd4c842098,rf_detr_sahi,76980.0,bag,0.4908,658.09,407.48,696.96,482.97,2934.0,38.87,75.49,0.515,False,,True,unattributed,9,evt_01-P04_desk_work_surface_0026,0367ccb78cbbacf8,pose_hand_context,,26712.6,3.92,,1,01/e1/v1,rtmpose_baseline
corpus_01,01.Candidate was found using a mobile phone in the examination hall..mkv,b842b03e5784d867e93770560d88150a526250df69077cd3065edbbd4c842098,rf_detr_sahi,76980.0,unknown_object,0.398,587.32,409.25,695.19,482.8,7932.9,107.87,73.54,1.467,False,,True,unattributed,9,evt_01-P04_desk_work_surface_0026,0367ccb78cbbacf8,pose_hand_context,,26712.6,3.92,,1,01/e1/v1,rtmpose_baseline
corpus_01,01.Candidate was found using a mobile phone in the examination hall..mkv,b842b03e5784d867e93770560d88150a526250df69077cd3065edbbd4c842098,rf_detr_sahi,76980.0,bag,0.2941,632.61,417.44,679.0,482.92,3037.5,46.39,65.48,0.708,False,,True,unattributed,9,evt_01-P04_desk_work_surface_0026,0367ccb78cbbacf8,pose_hand_context,,26712.6,3.92,,1,01/e1/v1,rtmpose_baseline
corpus_01,01.Candidate was found using a mobile phone in the examination hall..mkv,b842b03e5784d867e93770560d88150a526250df69077cd3065edbbd4c842098,rf_detr_sahi,77420.0,unknown_object,0.6132,776.73,333.38,825.37,491.59,7694.5,48.64,158.21,0.307,False,,True,unattributed,9,evt_01-P05_desk_work_surface_0035,c6928d0fe12dbece,pose_hand_context,,29646.0,3.72,,1,01/e1/v1,rtmpose_baseline
corpus_01,01.Candidate was found using a mobile phone in the examination hall..mkv,b842b03e5784d867e93770560d88150a526250df69077cd3065edbbd4c842098,rf_detr_sahi,77420.0,unknown_object,0.4147,821.86,333.0,849.0,387.48,1479.0,27.14,54.48,0.498,False,,True,unattributed,9,evt_01-P05_desk_work_surface_0035,c6928d0fe12dbece,pose_hand_context,,29646.0,3.72,,1,01/e1/v1,rtmpose_baseline
corpus_01,01.Candidate was found using a mobile phone in the examination hall..mkv,b842b03e5784d867e93770560d88150a526250df69077cd3065edbbd4c842098,rf_detr_sahi,77420.0,unknown_object,0.3796,815.52,408.0,849.0,453.68,1529.6,33.48,45.68,0.733,False,,True,unattributed,9,evt_01-P05_desk_work_surface_0035,c6928d0fe12dbece,pose_hand_context,,29646.0,3.72,,1,01/e1/v1,rtmpose_baseline
corpus_01,01.Candidate was found using a mobile phone in the examination hall..mkv,b842b03e5784d867e93770560d88150a526250df69077cd3065edbbd4c842098,rf_detr_sahi,77420.0,unknown_object,0.3713,787.26,333.2,848.94,440.27,6603.7,61.67,107.07,0.576,False,,True,unattributed,9,evt_01-P05_desk_work_surface_0035,c6928d0fe12dbece,pose_hand_context,,29646.0,3.72,,1,01/e1/v1,rtmpose_baseline
corpus_01,01.Candidate was found using a mobile phone in the examination hall..mkv,b842b03e5784d867e93770560d88150a526250df69077cd3065edbbd4c842098,rf_detr_sahi,77420.0,unknown_object,0.3165,784.12,408.0,825.84,492.45,3523.0,41.72,84.45,0.494,False,,True,unattributed,9,evt_01-P05_desk_work_surface_0035,c6928d0fe12dbece,pose_hand_context,,29646.0,3.72,,1,01/e1/v1,rtmpose_baseline
corpus_01,01.Candidate was found using a mobile phone in the examination hall..mkv,b842b03e5784d867e93770560d88150a526250df69077cd3065edbbd4c842098,rf_detr_sahi,77420.0,unknown_object,0.2948,706.97,420.81,759.41,460.12,2061.0,52.44,39.3,1.334,False,,True,unattributed,9,evt_01-P05_desk_work_surface_0035,c6928d0fe12dbece,pose_hand_context,,29646.0,3.72,,1,01/e1/v1,rtmpose_baseline
corpus_01,01.Candidate was found using a mobile phone in the examination hall..mkv,b842b03e5784d867e93770560d88150a526250df69077cd3065edbbd4c842098,rf_detr_sahi,77500.0,unknown_object,0.6304,710.61,427.41,752.5,448.36,877.5,41.89,20.95,1.999,False,,True,unattributed,9,evt_01-P01_upper_body_0007,5abceb2ac73ca5b7,pose_hand_context,,28446.2,3.79,,1,01/e1/v1,rtmpose_baseline
corpus_01,01.Candidate was found using a mobile phone in the examination hall..mkv,b842b03e5784d867e93770560d88150a526250df69077cd3065edbbd4c842098,rf_detr_sahi,77500.0,mouse,0.3495,639.41,368.74,658.44,377.89,174.2,19.02,9.16,2.078,False,,True,unattributed,9,evt_01-P01_upper_body_0007,5abceb2ac73ca5b7,pose_hand_context,,28446.2,3.79,,1,01/e1/v1,rtmpose_baseline
corpus_01,01.Candidate was found using a mobile phone in the examination hall..mkv,b842b03e5784d867e93770560d88150a526250df69077cd3065edbbd4c842098,rf_detr_sahi,77500.0,bag,0.3136,631.56,412.74,687.83,485.83,4112.8,56.27,73.09,0.77,False,,True,unattributed,9,evt_01-P01_upper_body_0007,5abceb2ac73ca5b7,pose_hand_context,,28446.2,3.79,,1,01/e1/v1,rtmpose_baseline
corpus_01,01.Candidate was found using a mobile phone in the examination hall..mkv,b842b03e5784d867e93770560d88150a526250df69077cd3065edbbd4c842098,rf_detr_sahi,77500.0,unknown_object,0.2517,660.61,326.13,680.0,373.86,925.4,19.39,47.73,0.406,False,,True,unattributed,9,evt_01-P01_upper_body_0007,5abceb2ac73ca5b7,pose_hand_context,,28446.2,3.79,,1,01/e1/v1,rtmpose_baseline
corpus_01,01.Candidate was found using a mobile phone in the examination hall..mkv,b842b03e5784d867e93770560d88150a526250df69077cd3065edbbd4c842098,rf_detr_sahi,77540.0,unknown_object,0.5883,772.27,335.0,826.38,489.63,8367.4,54.11,154.63,0.35,False,,True,unattributed,9,evt_01-P03_desk_work_surface_0016,9b9b0756948b0f5a,pose_hand_context,,29852.9,3.7,,1,01/e1/v1,rtmpose_baseline
corpus_01,01.Candidate was found using a mobile phone in the examination hall..mkv,b842b03e5784d867e93770560d88150a526250df69077cd3065edbbd4c842098,rf_detr_sahi,77540.0,unknown_object,0.411,822.42,335.0,846.98,387.97,1300.9,24.56,52.97,0.464,False,,True,unattributed,9,evt_01-P03_desk_work_surface_0016,9b9b0756948b0f5a,pose_hand_context,,29852.9,3.7,,1,01/e1/v1,rtmpose_baseline
corpus_01,01.Candidate was found using a mobile phone in the examination hall..mkv,b842b03e5784d867e93770560d88150a526250df69077cd3065edbbd4c842098,rf_detr_sahi,77540.0,unknown_object,0.3376,816.11,335.0,847.0,434.3,3066.9,30.89,99.3,0.311,False,,True,unattributed,9,evt_01-P03_desk_work_surface_0016,9b9b0756948b0f5a,pose_hand_context,,29852.9,3.7,,1,01/e1/v1,rtmpose_baseline
corpus_01,01.Candidate was found using a mobile phone in the examination hall..mkv,b842b03e5784d867e93770560d88150a526250df69077cd3065edbbd4c842098,rf_detr_sahi,77540.0,unknown_object,0.3321,675.0,335.07,772.0,431.96,9397.8,97.0,96.88,1.001,False,,True,unattributed,9,evt_01-P03_desk_work_surface_0016,9b9b0756948b0f5a,pose_hand_context,,29852.9,3.7,,1,01/e1/v1,rtmpose_baseline
corpus_01,01.Candidate was found using a mobile phone in the examination hall..mkv,b842b03e5784d867e93770560d88150a526250df69077cd3065edbbd4c842098,rf_detr_sahi,77540.0,unknown_object,0.3103,780.15,335.02,846.99,387.89,3534.3,66.84,52.88,1.264,False,,True,unattributed,9,evt_01-P03_desk_work_surface_0016,9b9b0756948b0f5a,pose_hand_context,,29852.9,3.7,,1,01/e1/v1,rtmpose_baseline
corpus_01,01.Candidate was found using a mobile phone in the examination hall..mkv,b842b03e5784d867e93770560d88150a526250df69077cd3065edbbd4c842098,rf_detr_sahi,77540.0,unknown_object,0.3072,815.32,411.0,847.0,453.52,1347.2,31.68,42.52,0.745,False,,True,unattributed,9,evt_01-P03_desk_work_surface_0016,9b9b0756948b0f5a,pose_hand_context,,29852.9,3.7,,1,01/e1/v1,rtmpose_baseline
corpus_01,01.Candidate was found using a mobile phone in the examination hall..mkv,b842b03e5784d867e93770560d88150a526250df69077cd3065edbbd4c842098,rf_detr_sahi,77540.0,unknown_object,0.304,779.66,411.0,825.66,493.69,3804.0,46.01,82.69,0.556,False,,True,unattributed,9,evt_01-P03_desk_work_surface_0016,9b9b0756948b0f5a,pose_hand_context,,29852.9,3.7,,1,01/e1/v1,rtmpose_baseline
corpus_01,01.Candidate was found using a mobile phone in the examination hall..mkv,b842b03e5784d867e93770560d88150a526250df69077cd3065edbbd4c842098,rf_detr_sahi,77940.0,phone,0.6717,667.13,425.82,732.88,448.45,1488.6,65.75,22.64,2.905,False,,True,unattributed,9,evt_01-P01_desk_work_surface_0003,4488b8cb51dd240e,pose_hand_context,,33087.6,3.52,,1,01/e1/v1,rtmpose_baseline
corpus_01,01.Candidate was found using a mobile phone in the examination hall..mkv,b842b03e5784d867e93770560d88150a526250df69077cd3065edbbd4c842098,rf_detr_sahi,77940.0,unknown_object,0.6131,667.28,425.82,734.0,444.39,1239.4,66.72,18.58,3.592,False,,True,unattributed,9,evt_01-P01_desk_work_surface_0003,4488b8cb51dd240e,pose_hand_context,,33087.6,3.52,,1,01/e1/v1,rtmpose_baseline
corpus_01,01.Candidate was found using a mobile phone in the examination hall..mkv,b842b03e5784d867e93770560d88150a526250df69077cd3065edbbd4c842098,rf_detr_sahi,77940.0,unknown_object,0.4001,580.43,436.9,667.88,528.86,8041.7,87.45,91.96,0.951,False,,True,unattributed,9,evt_01-P01_desk_work_surface_0003,4488b8cb51dd240e,pose_hand_context,,33087.6,3.52,,1,01/e1/v1,rtmpose_baseline
corpus_01,01.Candidate was found using a mobile phone in the examination hall..mkv,b842b03e5784d867e93770560d88150a526250df69077cd3065edbbd4c842098,rf_detr_sahi,77940.0,unknown_object,0.2848,667.41,430.94,682.0,441.69,156.8,14.59,10.75,1.357,False,,True,unattributed,9,evt_01-P01_desk_work_surface_0003,4488b8cb51dd240e,pose_hand_context,,33087.6,3.52,,1,01/e1/v1,rtmpose_baseline
corpus_01,01.Candidate was found using a mobile phone in the examination hall..mkv,b842b03e5784d867e93770560d88150a526250df69077cd3065edbbd4c842098,rf_detr_sahi,77980.0,unknown_object,0.657,666.55,425.67,735.06,450.02,1668.5,68.51,24.35,2.813,False,,True,unattributed,9,evt_01-P04_desk_work_surface_0026,b87cefe41c4fb67b,pose_hand_context,,34998.9,3.42,,1,01/e1/v1,rtmpose_baseline
corpus_01,01.Candidate was found using a mobile phone in the examination hall..mkv,b842b03e5784d867e93770560d88150a526250df69077cd3065edbbd4c842098,rf_detr_sahi,77980.0,unknown_object,0.4926,664.11,428.11,765.0,532.85,10566.9,100.89,104.73,0.963,False,,True,unattributed,9,evt_01-P04_desk_work_surface_0026,b87cefe41c4fb67b,pose_hand_context,,34998.9,3.42,,1,01/e1/v1,rtmpose_baseline
corpus_01,01.Candidate was found using a mobile phone in the examination hall..mkv,b842b03e5784d867e93770560d88150a526250df69077cd3065edbbd4c842098,rf_detr_sahi,77980.0,unknown_object,0.4801,578.0,438.2,667.11,532.85,8435.0,89.11,94.66,0.941,False,,True,unattributed,9,evt_01-P04_desk_work_surface_0026,b87cefe41c4fb67b,pose_hand_context,,34998.9,3.42,,1,01/e1/v1,rtmpose_baseline
corpus_01,01.Candidate was found using a mobile phone in the examination hall..mkv,b842b03e5784d867e93770560d88150a526250df69077cd3065edbbd4c842098,rf_detr_sahi,77980.0,unknown_object,0.2705,578.07,428.0,625.77,478.84,2425.1,47.7,50.84,0.938,False,,True,unattributed,9,evt_01-P04_desk_work_surface_0026,b87cefe41c4fb67b,pose_hand_context,,34998.9,3.42,,1,01/e1/v1,rtmpose_baseline
corpus_01,01.Candidate was found using a mobile phone in the examination hall..mkv,b842b03e5784d867e93770560d88150a526250df69077cd3065edbbd4c842098,rf_detr_sahi,78420.0,unknown_object,0.7476,581.17,456.01,671.01,565.67,9851.2,89.83,109.66,0.819,False,,True,unattributed,9,evt_01-P05_desk_work_surface_0035,f185c960580a4e49,pose_hand_context,,38698.8,3.25,,1,01/e1/v1,rtmpose_baseline
corpus_01,01.Candidate was found using a mobile phone in the examination hall..mkv,b842b03e5784d867e93770560d88150a526250df69077cd3065edbbd4c842098,rf_detr_sahi,78420.0,stationery,0.5112,678.09,458.43,692.0,475.51,237.6,13.91,17.08,0.814,False,,True,unattributed,9,evt_01-P05_desk_work_surface_0035,f185c960580a4e49,pose_hand_context,,38698.8,3.25,,1,01/e1/v1,rtmpose_baseline
corpus_01,01.Candidate was found using a mobile phone in the examination hall..mkv,b842b03e5784d867e93770560d88150a526250df69077cd3065edbbd4c842098,rf_detr_sahi,78420.0,unknown_object,0.298,678.27,458.85,750.85,478.97,1459.7,72.58,20.11,3.609,False,,True,unattributed,9,evt_01-P05_desk_work_surface_0035,f185c960580a4e49,pose_hand_context,,38698.8,3.25,,1,01/e1/v1,rtmpose_baseline
corpus_01,01.Candidate was found using a mobile phone in the examination hall..mkv,b842b03e5784d867e93770560d88150a526250df69077cd3065edbbd4c842098,rf_detr_sahi,78500.0,unknown_object,0.6547,816.02,376.0,849.78,434.33,1969.5,33.77,58.33,0.579,False,,True,unattributed,9,evt_01-P01_upper_body_0007,190a783a5bbb81b6,pose_hand_context,,40120.1,3.2,,1,01/e1/v1,rtmpose_baseline
corpus_01,01.Candidate was found using a mobile phone in the examination hall..mkv,b842b03e5784d867e93770560d88150a526250df69077cd3065edbbd4c842098,rf_detr_sahi,78500.0,bag,0.5943,810.8,494.06,849.94,575.63,3192.7,39.14,81.56,0.48,False,,True,unattributed,9,evt_01-P01_upper_body_0007,190a783a5bbb81b6,pose_hand_context,,40120.1,3.2,,1,01/e1/v1,rtmpose_baseline
corpus_01,01.Candidate was found using a mobile phone in the examination hall..mkv,b842b03e5784d867e93770560d88150a526250df69077cd3065edbbd4c842098,rf_detr_sahi,78500.0,unknown_object,0.5859,810.23,495.11,849.98,575.61,3199.1,39.74,80.5,0.494,False,,True,unattributed,9,evt_01-P01_upper_body_0007,190a783a5bbb81b6,pose_hand_context,,40120.1,3.2,,1,01/e1/v1,rtmpose_baseline
corpus_01,01.Candidate was found using a mobile phone in the examination hall..mkv,b842b03e5784d867e93770560d88150a526250df69077cd3065edbbd4c842098,rf_detr_sahi,78500.0,unknown_object,0.5274,823.2,376.0,850.0,387.71,314.0,26.8,11.71,2.288,False,,True,unattributed,9,evt_01-P01_upper_body_0007,190a783a5bbb81b6,pose_hand_context,,40120.1,3.2,,1,01/e1/v1,rtmpose_baseline
corpus_01,01.Candidate was found using a mobile phone in the examination hall..mkv,b842b03e5784d867e93770560d88150a526250df69077cd3065edbbd4c842098,rf_detr_sahi,78500.0,unknown_object,0.4664,753.59,376.0,826.65,485.88,8027.5,73.06,109.88,0.665,False,,True,unattributed,9,evt_01-P01_upper_body_0007,190a783a5bbb81b6,pose_hand_context,,40120.1,3.2,,1,01/e1/v1,rtmpose_baseline
corpus_01,01.Candidate was found using a mobile phone in the examination hall..mkv,b842b03e5784d867e93770560d88150a526250df69077cd3065edbbd4c842098,rf_detr_sahi,78500.0,unknown_object,0.3572,649.0,395.41,671.65,573.31,4029.3,22.65,177.9,0.127,False,,True,unattributed,9,evt_01-P01_upper_body_0007,190a783a5bbb81b6,pose_hand_context,,40120.1,3.2,,1,01/e1/v1,rtmpose_baseline
corpus_01,01.Candidate was found using a mobile phone in the examination hall..mkv,b842b03e5784d867e93770560d88150a526250df69077cd3065edbbd4c842098,rf_detr_sahi,78500.0,stationery,0.3173,685.77,454.16,752.73,487.15,2208.6,66.96,32.98,2.03,False,,True,unattributed,9,evt_01-P01_upper_body_0007,190a783a5bbb81b6,pose_hand_context,,40120.1,3.2,,1,01/e1/v1,rtmpose_baseline
corpus_01,01.Candidate was found using a mobile phone in the examination hall..mkv,b842b03e5784d867e93770560d88150a526250df69077cd3065edbbd4c842098,rf_detr_sahi,78500.0,unknown_object,0.2909,783.56,464.03,825.14,493.06,1207.0,41.58,29.03,1.432,False,,True,unattributed,9,evt_01-P01_upper_body_0007,190a783a5bbb81b6,pose_hand_context,,40120.1,3.2,,1,01/e1/v1,rtmpose_baseline
corpus_01,01.Candidate was found using a mobile phone in the examination hall..mkv,b842b03e5784d867e93770560d88150a526250df69077cd3065edbbd4c842098,rf_detr_sahi,78500.0,unknown_object,0.2729,733.61,464.0,761.97,472.74,247.9,28.36,8.74,3.244,False,,True,unattributed,9,evt_01-P01_upper_body_0007,190a783a5bbb81b6,pose_hand_context,,40120.1,3.2,,1,01/e1/v1,rtmpose_baseline
corpus_01,01.Candidate was found using a mobile phone in the examination hall..mkv,b842b03e5784d867e93770560d88150a526250df69077cd3065edbbd4c842098,rf_detr_sahi,78500.0,unknown_object,0.2591,819.64,376.34,843.01,411.88,830.5,23.37,35.54,0.658,False,,True,unattributed,9,evt_01-P01_upper_body_0007,190a783a5bbb81b6,pose_hand_context,,40120.1,3.2,,1,01/e1/v1,rtmpose_baseline
corpus_01,01.Candidate was found using a mobile phone in the examination hall..mkv,b842b03e5784d867e93770560d88150a526250df69077cd3065edbbd4c842098,rf_detr_sahi,78540.0,bag,0.6678,811.05,494.75,849.98,581.66,3384.0,38.94,86.91,0.448,False,,True,unattributed,9,evt_01-P03_desk_work_surface_0016,f25d9bff7c11b1f2,pose_hand_context,,40925.3,3.16,,1,01/e1/v1,rtmpose_baseline
corpus_01,01.Candidate was found using a mobile phone in the examination hall..mkv,b842b03e5784d867e93770560d88150a526250df69077cd3065edbbd4c842098,rf_detr_sahi,78540.0,unknown_object,0.6631,816.44,379.37,849.7,434.32,1827.9,33.27,54.94,0.605,False,,True,unattributed,9,evt_01-P03_desk_work_surface_0016,f25d9bff7c11b1f2,pose_hand_context,,40925.3,3.16,,1,01/e1/v1,rtmpose_baseline
corpus_01,01.Candidate was found using a mobile phone in the examination hall..mkv,b842b03e5784d867e93770560d88150a526250df69077cd3065edbbd4c842098,rf_detr_sahi,78540.0,unknown_object,0.5824,810.19,494.56,849.98,581.63,3464.4,39.79,87.07,0.457,False,,True,unattributed,9,evt_01-P03_desk_work_surface_0016,f25d9bff7c11b1f2,pose_hand_context,,40925.3,3.16,,1,01/e1/v1,rtmpose_baseline
corpus_01,01.Candidate was found using a mobile phone in the examination hall..mkv,b842b03e5784d867e93770560d88150a526250df69077cd3065edbbd4c842098,rf_detr_sahi,78540.0,unknown_object,0.5714,769.15,379.0,826.48,483.28,5977.6,57.32,104.28,0.55,False,,True,unattributed,9,evt_01-P03_desk_work_surface_0016,f25d9bff7c11b1f2,pose_hand_context,,40925.3,3.16,,1,01/e1/v1,rtmpose_baseline
corpus_01,01.Candidate was found using a mobile phone in the examination hall..mkv,b842b03e5784d867e93770560d88150a526250df69077cd3065edbbd4c842098,rf_detr_sahi,78540.0,unknown_object,0.415,823.6,379.0,850.0,387.88,234.4,26.4,8.88,2.973,False,,True,unattributed,9,evt_01-P03_desk_work_surface_0016,f25d9bff7c11b1f2,pose_hand_context,,40925.3,3.16,,1,01/e1/v1,rtmpose_baseline
corpus_01,01.Candidate was found using a mobile phone in the examination hall..mkv,b842b03e5784d867e93770560d88150a526250df69077cd3065edbbd4c842098,rf_detr_sahi,78540.0,unknown_object,0.3457,647.0,423.06,672.24,580.21,3967.0,25.24,157.14,0.161,False,,True,unattributed,9,evt_01-P03_desk_work_surface_0016,f25d9bff7c11b1f2,pose_hand_context,,40925.3,3.16,,1,01/e1/v1,rtmpose_baseline
corpus_01,01.Candidate was found using a mobile phone in the examination hall..mkv,b842b03e5784d867e93770560d88150a526250df69077cd3065edbbd4c842098,rf_detr_sahi,78540.0,unknown_object,0.3216,804.45,468.0,826.19,482.81,321.9,21.74,14.81,1.468,False,,True,unattributed,9,evt_01-P03_desk_work_surface_0016,f25d9bff7c11b1f2,pose_hand_context,,40925.3,3.16,,1,01/e1/v1,rtmpose_baseline
corpus_01,01.Candidate was found using a mobile phone in the examination hall..mkv,b842b03e5784d867e93770560d88150a526250df69077cd3065edbbd4c842098,rf_detr_sahi,78540.0,unknown_object,0.2725,820.52,379.18,842.84,411.51,721.6,22.32,32.33,0.69,False,,True,unattributed,9,evt_01-P03_desk_work_surface_0016,f25d9bff7c11b1f2,pose_hand_context,,40925.3,3.16,,1,01/e1/v1,rtmpose_baseline
corpus_01,01.Candidate was found using a mobile phone in the examination hall..mkv,b842b03e5784d867e93770560d88150a526250df69077cd3065edbbd4c842098,rf_detr_sahi,78540.0,unknown_object,0.2688,791.35,513.4,815.71,572.16,1431.1,24.35,58.76,0.414,False,,True,unattributed,9,evt_01-P03_desk_work_surface_0016,f25d9bff7c11b1f2,pose_hand_context,,40925.3,3.16,,1,01/e1/v1,rtmpose_baseline
corpus_01,01.Candidate was found using a mobile phone in the examination hall..mkv,b842b03e5784d867e93770560d88150a526250df69077cd3065edbbd4c842098,rf_detr_sahi,78540.0,unknown_object,0.2569,733.75,468.0,761.0,476.0,217.8,27.25,7.99,3.409,False,,True,unattributed,9,evt_01-P03_desk_work_surface_0016,f25d9bff7c11b1f2,pose_hand_context,,40925.3,3.16,,1,01/e1/v1,rtmpose_baseline
corpus_01,01.Candidate was found using a mobile phone in the examination hall..mkv,b842b03e5784d867e93770560d88150a526250df69077cd3065edbbd4c842098,rf_detr_sahi,78940.0,unknown_object,0.6611,636.0,510.27,669.58,620.69,3708.0,33.58,110.43,0.304,False,,True,unattributed,9,evt_01-P01_desk_work_surface_0003,c57197ad2bcf4746,pose_hand_context,,41918.5,3.13,,1,01/e1/v1,rtmpose_baseline
corpus_01,01.Candidate was found using a mobile phone in the examination hall..mkv,b842b03e5784d867e93770560d88150a526250df69077cd3065edbbd4c842098,rf_detr_sahi,78940.0,bag,0.6228,789.38,510.0,839.9,624.98,5809.0,50.52,114.98,0.439,False,,True,unattributed,9,evt_01-P01_desk_work_surface_0003,c57197ad2bcf4746,pose_hand_context,,41918.5,3.13,,1,01/e1/v1,rtmpose_baseline
corpus_01,01.Candidate was found using a mobile phone in the examination hall..mkv,b842b03e5784d867e93770560d88150a526250df69077cd3065edbbd4c842098,rf_detr_sahi,78940.0,unknown_object,0.4818,786.65,420.0,826.34,482.97,2499.4,39.69,62.97,0.63,False,,True,unattributed,9,evt_01-P01_desk_work_surface_0003,c57197ad2bcf4746,pose_hand_context,,41918.5,3.13,,1,01/e1/v1,rtmpose_baseline
corpus_01,01.Candidate was found using a mobile phone in the examination hall..mkv,b842b03e5784d867e93770560d88150a526250df69077cd3065edbbd4c842098,rf_detr_sahi,78940.0,unknown_object,0.4792,810.65,501.4,839.92,624.64,3607.3,29.27,123.23,0.238,False,,True,unattributed,9,evt_01-P01_desk_work_surface_0003,c57197ad2bcf4746,pose_hand_context,,41918.5,3.13,,1,01/e1/v1,rtmpose_baseline
corpus_01,01.Candidate was found using a mobile phone in the examination hall..mkv,b842b03e5784d867e93770560d88150a526250df69077cd3065edbbd4c842098,rf_detr_sahi,78940.0,unknown_object,0.3577,788.92,499.94,839.94,534.95,1785.7,51.02,35.0,1.458,False,,True,unattributed,9,evt_01-P01_desk_work_surface_0003,c57197ad2bcf4746,pose_hand_context,,41918.5,3.13,,1,01/e1/v1,rtmpose_baseline
corpus_01,01.Candidate was found using a mobile phone in the examination hall..mkv,b842b03e5784d867e93770560d88150a526250df69077cd3065edbbd4c842098,rf_detr_sahi,78940.0,stationery,0.3157,675.42,483.78,728.1,543.69,3156.1,52.68,59.92,0.879,False,,True,unattributed,9,evt_01-P01_desk_work_surface_0003,c57197ad2bcf4746,pose_hand_context,,41918.5,3.13,,1,01/e1/v1,rtmpose_baseline
corpus_01,01.Candidate was found using a mobile phone in the examination hall..mkv,b842b03e5784d867e93770560d88150a526250df69077cd3065edbbd4c842098,rf_detr_sahi,78940.0,bag,0.3105,788.92,499.94,839.94,534.95,1785.7,51.02,35.0,1.458,False,,True,unattributed,9,evt_01-P01_desk_work_surface_0003,c57197ad2bcf4746,pose_hand_context,,41918.5,3.13,,1,01/e1/v1,rtmpose_baseline
corpus_01,01.Candidate was found using a mobile phone in the examination hall..mkv,b842b03e5784d867e93770560d88150a526250df69077cd3065edbbd4c842098,rf_detr_sahi,78940.0,unknown_object,0.3088,789.72,512.03,816.22,572.74,1608.6,26.5,60.71,0.437,False,,True,unattributed,9,evt_01-P01_desk_work_surface_0003,c57197ad2bcf4746,pose_hand_context,,41918.5,3.13,,1,01/e1/v1,rtmpose_baseline
corpus_01,01.Candidate was found using a mobile phone in the examination hall..mkv,b842b03e5784d867e93770560d88150a526250df69077cd3065edbbd4c842098,rf_detr_sahi,78940.0,stationery,0.2888,675.62,483.56,704.06,526.77,1229.1,28.44,43.21,0.658,False,,True,unattributed,9,evt_01-P01_desk_work_surface_0003,c57197ad2bcf4746,pose_hand_context,,41918.5,3.13,,1,01/e1/v1,rtmpose_baseline
corpus_01,01.Candidate was found using a mobile phone in the examination hall..mkv,b842b03e5784d867e93770560d88150a526250df69077cd3065edbbd4c842098,rf_detr_sahi,78980.0,unknown_object,0.6702,629.0,427.38,666.7,621.16,7304.8,37.7,193.78,0.195,False,,True,unattributed,9,evt_01-P04_desk_work_surface_0026,b45377b156476b3e,pose_hand_context,,42049.6,3.12,,1,01/e1/v1,rtmpose_baseline
corpus_01,01.Candidate was found using a mobile phone in the examination hall..mkv,b842b03e5784d867e93770560d88150a526250df69077cd3065edbbd4c842098,rf_detr_sahi,78980.0,unknown_object,0.4814,810.66,502.87,833.95,628.59,2927.8,23.29,125.73,0.185,False,,True,unattributed,9,evt_01-P04_desk_work_surface_0026,b45377b156476b3e,pose_hand_context,,42049.6,3.12,,1,01/e1/v1,rtmpose_baseline
corpus_01,01.Candidate was found using a mobile phone in the examination hall..mkv,b842b03e5784d867e93770560d88150a526250df69077cd3065edbbd4c842098,rf_detr_sahi,78980.0,unknown_object,0.4671,783.5,424.0,826.49,482.93,2533.9,43.0,58.93,0.73,False,,True,unattributed,9,evt_01-P04_desk_work_surface_0026,b45377b156476b3e,pose_hand_context,,42049.6,3.12,,1,01/e1/v1,rtmpose_baseline
corpus_01,01.Candidate was found using a mobile phone in the examination hall..mkv,b842b03e5784d867e93770560d88150a526250df69077cd3065edbbd4c842098,rf_detr_sahi,78980.0,stationery,0.4492,669.49,489.68,721.59,546.43,2957.5,52.11,56.76,0.918,False,,True,unattributed,9,evt_01-P04_desk_work_surface_0026,b45377b156476b3e,pose_hand_context,,42049.6,3.12,,1,01/e1/v1,rtmpose_baseline
corpus_01,01.Candidate was found using a mobile phone in the examination hall..mkv,b842b03e5784d867e93770560d88150a526250df69077cd3065edbbd4c842098,rf_detr_sahi,78980.0,stationery,0.438,669.73,489.4,697.47,530.61,1143.0,27.74,41.21,0.673,False,,True,unattributed,9,evt_01-P04_desk_work_surface_0026,b45377b156476b3e,pose_hand_context,,42049.6,3.12,,1,01/e1/v1,rtmpose_baseline
corpus_01,01.Candidate was found using a mobile phone in the examination hall..mkv,b842b03e5784d867e93770560d88150a526250df69077cd3065edbbd4c842098,rf_detr_sahi,78980.0,unknown_object,0.3766,788.2,502.53,833.94,538.94,1665.3,45.74,36.41,1.256,False,,True,unattributed,9,evt_01-P04_desk_work_surface_0026,b45377b156476b3e,pose_hand_context,,42049.6,3.12,,1,01/e1/v1,rtmpose_baseline
corpus_01,01.Candidate was found using a mobile phone in the examination hall..mkv,b842b03e5784d867e93770560d88150a526250df69077cd3065edbbd4c842098,rf_detr_sahi,78980.0,bag,0.2633,810.66,502.87,833.95,628.59,2927.8,23.29,125.73,0.185,False,,True,unattributed,9,evt_01-P04_desk_work_surface_0026,b45377b156476b3e,pose_hand_context,,42049.6,3.12,,1,01/e1/v1,rtmpose_baseline
corpus_01,01.Candidate was found using a mobile phone in the examination hall..mkv,b842b03e5784d867e93770560d88150a526250df69077cd3065edbbd4c842098,rf_detr_sahi,79420.0,unknown_object,0.4017,728.97,469.0,753.0,585.77,2806.4,24.03,116.77,0.206,False,,True,unattributed,9,evt_01-P05_desk_work_surface_0035,84f0b5c23f578507,pose_hand_context,,44318.7,3.04,,1,01/e1/v1,rtmpose_baseline
corpus_01,01.Candidate was found using a mobile phone in the examination hall..mkv,b842b03e5784d867e93770560d88150a526250df69077cd3065edbbd4c842098,rf_detr_sahi,79420.0,stationery,0.3652,565.72,534.8,623.44,589.0,3129.2,57.73,54.21,1.065,False,,True,unattributed,9,evt_01-P05_desk_work_surface_0035,84f0b5c23f578507,pose_hand_context,,44318.7,3.04,,1,01/e1/v1,rtmpose_baseline
corpus_01,01.Candidate was found using a mobile phone in the examination hall..mkv,b842b03e5784d867e93770560d88150a526250df69077cd3065edbbd4c842098,rf_detr_sahi,79420.0,unknown_object,0.2897,542.41,469.0,752.87,678.77,44148.9,210.46,209.77,1.003,False,,True,unattributed,9,evt_01-P05_desk_work_surface_0035,84f0b5c23f578507,pose_hand_context,,44318.7,3.04,,1,01/e1/v1,rtmpose_baseline
corpus_01,01.Candidate was found using a mobile phone in the examination hall..mkv,b842b03e5784d867e93770560d88150a526250df69077cd3065edbbd4c842098,rf_detr_sahi,79500.0,unknown_object,0.3984,529.0,541.86,602.79,690.0,10930.8,73.79,148.14,0.498,False,,True,unattributed,9,evt_01-P01_upper_body_0007,7eac7081edfe6178,pose_hand_context,,44884.7,3.02,,1,01/e1/v1,rtmpose_baseline
corpus_01,01.Candidate was found using a mobile phone in the examination hall..mkv,b842b03e5784d867e93770560d88150a526250df69077cd3065edbbd4c842098,rf_detr_sahi,79500.0,unknown_object,0.3879,715.92,478.0,740.0,589.14,2676.2,24.08,111.14,0.217,False,,True,unattributed,9,evt_01-P01_upper_body_0007,7eac7081edfe6178,pose_hand_context,,44884.7,3.02,,1,01/e1/v1,rtmpose_baseline
corpus_01,01.Candidate was found using a mobile phone in the examination hall..mkv,b842b03e5784d867e93770560d88150a526250df69077cd3065edbbd4c842098,rf_detr_sahi,79540.0,unknown_object,0.3075,526.0,541.57,600.07,693.0,11215.9,74.07,151.43,0.489,False,,True,unattributed,9,evt_01-P03_desk_work_surface_0016,8bf8cbd629dee8c5,pose_hand_context,,43322.3,3.07,,1,01/e1/v1,rtmpose_baseline
corpus_01,01.Candidate was found using a mobile phone in the examination hall..mkv,b842b03e5784d867e93770560d88150a526250df69077cd3065edbbd4c842098,rf_detr_sahi,79540.0,stationery,0.2852,555.17,576.0,604.33,607.35,1541.3,49.16,31.35,1.568,False,,True,unattributed,9,evt_01-P03_desk_work_surface_0016,8bf8cbd629dee8c5,pose_hand_context,,43322.3,3.07,,1,01/e1/v1,rtmpose_baseline
corpus_01,01.Candidate was found using a mobile phone in the examination hall..mkv,b842b03e5784d867e93770560d88150a526250df69077cd3065edbbd4c842098,rf_detr_sahi,79540.0,unknown_object,0.2573,526.09,485.07,579.96,582.82,5265.3,53.86,97.75,0.551,False,,True,unattributed,9,evt_01-P03_desk_work_surface_0016,8bf8cbd629dee8c5,pose_hand_context,,43322.3,3.07,,1,01/e1/v1,rtmpose_baseline
corpus_01,01.Candidate was found using a mobile phone in the examination hall..mkv,b842b03e5784d867e93770560d88150a526250df69077cd3065edbbd4c842098,rf_detr_sahi,79940.0,unknown_object,0.4019,500.88,638.0,571.0,719.72,5730.0,70.12,81.72,0.858,False,,True,unattributed,9,evt_01-P01_desk_work_surface_0003,69e175d70f405a8f,pose_hand_context,,27010.2,3.43,,1,01/e1/v1,rtmpose_baseline
corpus_01,01.Candidate was found using a mobile phone in the examination hall..mkv,b842b03e5784d867e93770560d88150a526250df69077cd3065edbbd4c842098,rf_detr_sahi,79940.0,unknown_object,0.3492,548.24,575.05,651.99,655.98,8397.8,103.76,80.94,1.282,False,,True,unattributed,9,evt_01-P01_desk_work_surface_0003,69e175d70f405a8f,pose_hand_context,,27010.2,3.43,,1,01/e1/v1,rtmpose_baseline
corpus_01,01.Candidate was found using a mobile phone in the examination hall..mkv,b842b03e5784d867e93770560d88150a526250df69077cd3065edbbd4c842098,rf_detr_sahi,79940.0,unknown_object,0.3326,548.03,638.09,652.0,719.96,8512.0,103.96,81.87,1.27,False,,True,unattributed,9,evt_01-P01_desk_work_surface_0003,69e175d70f405a8f,pose_hand_context,,27010.2,3.43,,1,01/e1/v1,rtmpose_baseline
corpus_01,01.Candidate was found using a mobile phone in the examination hall..mkv,b842b03e5784d867e93770560d88150a526250df69077cd3065edbbd4c842098,rf_detr_sahi,79940.0,unknown_object,0.2697,485.82,575.0,571.0,655.87,6888.6,85.18,80.87,1.053,False,,True,unattributed,9,evt_01-P01_desk_work_surface_0003,69e175d70f405a8f,pose_hand_context,,27010.2,3.43,,1,01/e1/v1,rtmpose_baseline
corpus_01,01.Candidate was found using a mobile phone in the examination hall..mkv,b842b03e5784d867e93770560d88150a526250df69077cd3065edbbd4c842098,rf_detr_sahi,79940.0,keyboard,0.251,466.1,575.1,515.84,648.84,3668.1,49.75,73.73,0.675,False,,True,unattributed,9,evt_01-P01_desk_work_surface_0003,69e175d70f405a8f,pose_hand_context,,27010.2,3.43,,1,01/e1/v1,rtmpose_baseline
corpus_01,01.Candidate was found using a mobile phone in the examination hall..mkv,b842b03e5784d867e93770560d88150a526250df69077cd3065edbbd4c842098,rf_detr_sahi,79980.0,unknown_object,0.3463,535.01,641.14,641.91,719.86,8415.5,106.9,78.72,1.358,False,,True,unattributed,9,evt_01-P04_desk_work_surface_0026,6dbfe88e23c4f19e,pose_hand_context,,26453.0,3.36,,1,01/e1/v1,rtmpose_baseline
corpus_01,01.Candidate was found using a mobile phone in the examination hall..mkv,b842b03e5784d867e93770560d88150a526250df69077cd3065edbbd4c842098,rf_detr_sahi,79980.0,bag,0.336,452.0,580.09,507.52,657.43,4293.9,55.52,77.34,0.718,False,,True,unattributed,9,evt_01-P04_desk_work_surface_0026,6dbfe88e23c4f19e,pose_hand_context,,26453.0,3.36,,1,01/e1/v1,rtmpose_baseline
corpus_01,01.Candidate was found using a mobile phone in the examination hall..mkv,b842b03e5784d867e93770560d88150a526250df69077cd3065edbbd4c842098,rf_detr_sahi,79980.0,unknown_object,0.287,535.38,580.02,641.83,658.9,8396.6,106.45,78.88,1.35,False,,True,unattributed,9,evt_01-P04_desk_work_surface_0026,6dbfe88e23c4f19e,pose_hand_context,,26453.0,3.36,,1,01/e1/v1,rtmpose_baseline
corpus_01,01.Candidate was found using a mobile phone in the examination hall..mkv,b842b03e5784d867e93770560d88150a526250df69077cd3065edbbd4c842098,rf_detr_sahi,79980.0,unknown_object,0.2827,452.11,652.4,536.93,712.41,5090.4,84.82,60.01,1.413,False,,True,unattributed,9,evt_01-P04_desk_work_surface_0026,6dbfe88e23c4f19e,pose_hand_context,,26453.0,3.36,,1,01/e1/v1,rtmpose_baseline
corpus_01,01.Candidate was found using a mobile phone in the examination hall..mkv,b842b03e5784d867e93770560d88150a526250df69077cd3065edbbd4c842098,rf_detr_sahi,80420.0,monitor_or_bezel,0.5376,321.26,627.03,411.44,719.77,8363.3,90.19,92.73,0.973,False,,True,unattributed,9,evt_01-P05_desk_work_surface_0035,b276b66e760bafd2,pose_hand_context,,14298.4,4.14,,1,01/e1/v1,rtmpose_baseline
corpus_01,01.Candidate was found using a mobile phone in the examination hall..mkv,b842b03e5784d867e93770560d88150a526250df69077cd3065edbbd4c842098,rf_detr_sahi,80420.0,monitor_or_bezel,0.3701,321.11,667.05,370.22,718.61,2532.2,49.12,51.55,0.953,False,,True,unattributed,9,evt_01-P05_desk_work_surface_0035,b276b66e760bafd2,pose_hand_context,,14298.4,4.14,,1,01/e1/v1,rtmpose_baseline
corpus_01,01.Candidate was found using a mobile phone in the examination hall..mkv,b842b03e5784d867e93770560d88150a526250df69077cd3065edbbd4c842098,rf_detr_sahi,80420.0,unknown_object,0.3411,327.22,681.86,378.47,708.0,1339.4,51.25,26.13,1.961,False,,True,unattributed,9,evt_01-P05_desk_work_surface_0035,b276b66e760bafd2,pose_hand_context,,14298.4,4.14,,1,01/e1/v1,rtmpose_baseline
corpus_01,01.Candidate was found using a mobile phone in the examination hall..mkv,b842b03e5784d867e93770560d88150a526250df69077cd3065edbbd4c842098,rf_detr_sahi,80500.0,monitor_or_bezel,0.9156,300.0,652.1,384.56,719.73,5718.7,84.56,67.63,1.25,False,,True,unattributed,9,evt_01-P01_upper_body_0007,6cbdc754738a46fd,pose_hand_context,,8126.6,5.28,,1,01/e1/v1,rtmpose_baseline
corpus_01,01.Candidate was found using a mobile phone in the examination hall..mkv,b842b03e5784d867e93770560d88150a526250df69077cd3065edbbd4c842098,rf_detr_sahi,80500.0,monitor_or_bezel,0.3663,300.1,682.09,368.0,719.88,2566.0,67.9,37.79,1.797,False,,True,unattributed,9,evt_01-P01_upper_body_0007,6cbdc754738a46fd,pose_hand_context,,8126.6,5.28,,1,01/e1/v1,rtmpose_baseline
corpus_01,01.Candidate was found using a mobile phone in the examination hall..mkv,b842b03e5784d867e93770560d88150a526250df69077cd3065edbbd4c842098,rf_detr_sahi,80500.0,unknown_object,0.2903,300.0,652.1,384.56,719.73,5718.7,84.56,67.63,1.25,False,,True,unattributed,9,evt_01-P01_upper_body_0007,6cbdc754738a46fd,pose_hand_context,,8126.6,5.28,,1,01/e1/v1,rtmpose_baseline
corpus_01,01.Candidate was found using a mobile phone in the examination hall..mkv,b842b03e5784d867e93770560d88150a526250df69077cd3065edbbd4c842098,rf_detr_sahi,80500.0,unknown_object,0.2856,353.05,682.03,380.24,708.91,730.8,27.19,26.88,1.011,False,,True,unattributed,9,evt_01-P01_upper_body_0007,6cbdc754738a46fd,pose_hand_context,,8126.6,5.28,,1,01/e1/v1,rtmpose_baseline
corpus_01,01.Candidate was found using a mobile phone in the examination hall..mkv,b842b03e5784d867e93770560d88150a526250df69077cd3065edbbd4c842098,rf_detr_sahi,80540.0,unknown_object,0.7806,329.45,527.07,426.99,633.88,10417.2,97.54,106.8,0.913,False,,True,unattributed,9,evt_01-P03_desk_work_surface_0016,ea273c6a1265ed0d,native_source_context_fallback,no_pose_observation,35339.7,3.34,,1,01/e1/v1,
corpus_01,01.Candidate was found using a mobile phone in the examination hall..mkv,b842b03e5784d867e93770560d88150a526250df69077cd3065edbbd4c842098,rf_detr_sahi,80540.0,monitor_or_bezel,0.7252,404.0,526.0,507.0,633.86,11109.7,103.0,107.86,0.955,False,,True,unattributed,9,evt_01-P03_desk_work_surface_0016,ea273c6a1265ed0d,native_source_context_fallback,no_pose_observation,35339.7,3.34,,1,01/e1/v1,
corpus_01,01.Candidate was found using a mobile phone in the examination hall..mkv,b842b03e5784d867e93770560d88150a526250df69077cd3065edbbd4c842098,rf_detr_sahi,80540.0,unknown_object,0.4888,323.28,610.0,427.0,716.95,11092.6,103.72,106.95,0.97,False,,True,unattributed,9,evt_01-P03_desk_work_surface_0016,ea273c6a1265ed0d,native_source_context_fallback,no_pose_observation,35339.7,3.34,,1,01/e1/v1,
corpus_01,01.Candidate was found using a mobile phone in the examination hall..mkv,b842b03e5784d867e93770560d88150a526250df69077cd3065edbbd4c842098,rf_detr_sahi,80540.0,monitor_or_bezel,0.4636,323.0,610.05,376.35,714.65,5580.5,53.35,104.6,0.51,False,,True,unattributed,9,evt_01-P03_desk_work_surface_0016,ea273c6a1265ed0d,native_source_context_fallback,no_pose_observation,35339.7,3.34,,1,01/e1/v1,
corpus_01,01.Candidate was found using a mobile phone in the examination hall..mkv,b842b03e5784d867e93770560d88150a526250df69077cd3065edbbd4c842098,rf_detr_sahi,80540.0,stationery,0.3493,323.11,704.57,347.68,716.94,303.9,24.57,12.37,1.986,False,,True,unattributed,9,evt_01-P03_desk_work_surface_0016,ea273c6a1265ed0d,native_source_context_fallback,no_pose_observation,35339.7,3.34,,1,01/e1/v1,
corpus_01,01.Candidate was found using a mobile phone in the examination hall..mkv,b842b03e5784d867e93770560d88150a526250df69077cd3065edbbd4c842098,rf_detr_sahi,80540.0,monitor_or_bezel,0.2646,323.0,526.0,506.91,716.12,34964.7,183.91,190.12,0.967,False,,True,unattributed,9,evt_01-P03_desk_work_surface_0016,ea273c6a1265ed0d,native_source_context_fallback,no_pose_observation,35339.7,3.34,,1,01/e1/v1,
corpus_01,01.Candidate was found using a mobile phone in the examination hall..mkv,b842b03e5784d867e93770560d88150a526250df69077cd3065edbbd4c842098,rf_detr_sahi,80940.0,unknown_object,0.7232,217.46,648.0,299.0,717.83,5693.7,81.54,69.83,1.168,False,,True,unattributed,9,evt_01-P01_desk_work_surface_0003,f5f72f3579b74937,native_source_context_fallback,no_pose_observation,19180.7,4.19,,1,01/e1/v1,
corpus_01,01.Candidate was found using a mobile phone in the examination hall..mkv,b842b03e5784d867e93770560d88150a526250df69077cd3065edbbd4c842098,rf_detr_sahi,80940.0,unknown_object,0.6165,213.44,594.34,365.59,717.59,18752.8,152.15,123.25,1.234,False,,True,unattributed,9,evt_01-P01_desk_work_surface_0003,f5f72f3579b74937,native_source_context_fallback,no_pose_observation,19180.7,4.19,,1,01/e1/v1,
corpus_01,01.Candidate was found using a mobile phone in the examination hall..mkv,b842b03e5784d867e93770560d88150a526250df69077cd3065edbbd4c842098,rf_detr_sahi,80940.0,unknown_object,0.5821,296.5,593.05,366.0,662.98,4860.4,69.5,69.93,0.994,False,,True,unattributed,9,evt_01-P01_desk_work_surface_0003,f5f72f3579b74937,native_source_context_fallback,no_pose_observation,19180.7,4.19,,1,01/e1/v1,
corpus_01,01.Candidate was found using a mobile phone in the examination hall..mkv,b842b03e5784d867e93770560d88150a526250df69077cd3065edbbd4c842098,rf_detr_sahi,80940.0,unknown_object,0.3824,280.21,694.95,356.81,717.96,1762.7,76.6,23.01,3.329,False,,True,unattributed,9,evt_01-P01_desk_work_surface_0003,f5f72f3579b74937,native_source_context_fallback,no_pose_observation,19180.7,4.19,,1,01/e1/v1,
corpus_01,01.Candidate was found using a mobile phone in the examination hall..mkv,b842b03e5784d867e93770560d88150a526250df69077cd3065edbbd4c842098,rf_detr_sahi,80940.0,unknown_object,0.3744,280.12,593.1,330.18,662.93,3496.0,50.06,69.84,0.717,False,,True,unattributed,9,evt_01-P01_desk_work_surface_0003,f5f72f3579b74937,native_source_context_fallback,no_pose_observation,19180.7,4.19,,1,01/e1/v1,
corpus_01,01.Candidate was found using a mobile phone in the examination hall..mkv,b842b03e5784d867e93770560d88150a526250df69077cd3065edbbd4c842098,rf_detr_sahi,80940.0,unknown_object,0.3415,280.01,648.06,365.99,717.82,5997.7,85.98,69.76,1.233,False,,True,unattributed,9,evt_01-P01_desk_work_surface_0003,f5f72f3579b74937,native_source_context_fallback,no_pose_observation,19180.7,4.19,,1,01/e1/v1,
corpus_01,01.Candidate was found using a mobile phone in the examination hall..mkv,b842b03e5784d867e93770560d88150a526250df69077cd3065edbbd4c842098,rf_detr_sahi,80940.0,monitor_or_bezel,0.2751,217.46,648.0,299.0,717.83,5693.7,81.54,69.83,1.168,False,,True,unattributed,9,evt_01-P01_desk_work_surface_0003,f5f72f3579b74937,native_source_context_fallback,no_pose_observation,19180.7,4.19,,1,01/e1/v1,
corpus_01,01.Candidate was found using a mobile phone in the examination hall..mkv,b842b03e5784d867e93770560d88150a526250df69077cd3065edbbd4c842098,rf_detr_sahi,80940.0,unknown_object,0.2587,323.09,648.01,366.0,685.08,1590.9,42.91,37.08,1.157,False,,True,unattributed,9,evt_01-P01_desk_work_surface_0003,f5f72f3579b74937,native_source_context_fallback,no_pose_observation,19180.7,4.19,,1,01/e1/v1,
corpus_01,01.Candidate was found using a mobile phone in the examination hall..mkv,b842b03e5784d867e93770560d88150a526250df69077cd3065edbbd4c842098,rf_detr_sahi,80980.0,unknown_object,0.8552,204.11,648.04,290.0,718.9,6087.0,85.89,70.87,1.212,False,,True,unattributed,9,evt_01-P04_desk_work_surface_0026,66771097af49150f,native_source_context_fallback,no_pose_observation,19045.2,4.19,,1,01/e1/v1,
corpus_01,01.Candidate was found using a mobile phone in the examination hall..mkv,b842b03e5784d867e93770560d88150a526250df69077cd3065edbbd4c842098,rf_detr_sahi,80980.0,unknown_object,0.4589,204.15,594.11,355.25,718.9,18854.6,151.09,124.79,1.211,False,,True,unattributed,9,evt_01-P04_desk_work_surface_0026,66771097af49150f,native_source_context_fallback,no_pose_observation,19045.2,4.19,,1,01/e1/v1,
corpus_01,01.Candidate was found using a mobile phone in the examination hall..mkv,b842b03e5784d867e93770560d88150a526250df69077cd3065edbbd4c842098,rf_detr_sahi,80980.0,unknown_object,0.4316,271.0,648.0,355.92,718.98,6028.0,84.92,70.98,1.196,False,,True,unattributed,9,evt_01-P04_desk_work_surface_0026,66771097af49150f,native_source_context_fallback,no_pose_observation,19045.2,4.19,,1,01/e1/v1,
corpus_01,01.Candidate was found using a mobile phone in the examination hall..mkv,b842b03e5784d867e93770560d88150a526250df69077cd3065edbbd4c842098,rf_detr_sahi,80980.0,unknown_object,0.3627,287.07,594.0,355.88,663.98,4814.9,68.81,69.98,0.983,False,,True,unattributed,9,evt_01-P04_desk_work_surface_0026,66771097af49150f,native_source_context_fallback,no_pose_observation,19045.2,4.19,,1,01/e1/v1,
corpus_01,01.Candidate was found using a mobile phone in the examination hall..mkv,b842b03e5784d867e93770560d88150a526250df69077cd3065edbbd4c842098,rf_detr_sahi,81420.0,unknown_object,0.7529,55.58,659.27,152.04,692.89,3243.3,96.46,33.63,2.869,False,,True,unattributed,9,evt_01-P05_desk_work_surface_0035,5465043bfa330230,native_source_context_fallback,no_pose_observation,11255.8,3.47,,1,01/e1/v1,
corpus_01,01.Candidate was found using a mobile phone in the examination hall..mkv,b842b03e5784d867e93770560d88150a526250df69077cd3065edbbd4c842098,rf_detr_sahi,81420.0,unknown_object,0.4034,163.55,691.73,239.0,718.86,2047.3,75.45,27.14,2.78,False,,True,unattributed,9,evt_01-P05_desk_work_surface_0035,5465043bfa330230,native_source_context_fallback,no_pose_observation,11255.8,3.47,,1,01/e1/v1,
corpus_01,01.Candidate was found using a mobile phone in the examination hall..mkv,b842b03e5784d867e93770560d88150a526250df69077cd3065edbbd4c842098,rf_detr_sahi,81420.0,unknown_object,0.749,56.29,659.51,119.0,692.92,2094.9,62.71,33.41,1.877,False,,True,unattributed,19,evt_01-P05_desk_work_surface_0035,8b2fe0173b88e467,native_source_context_fallback,no_pose_observation,6908.6,5.64,,1,01/e1/v1,
corpus_01,01.Candidate was found using a mobile phone in the examination hall..mkv,b842b03e5784d867e93770560d88150a526250df69077cd3065edbbd4c842098,rf_detr_sahi,81420.0,unknown_object,0.4832,56.63,659.58,141.32,719.68,5089.6,84.69,60.1,1.409,False,,True,unattributed,19,evt_01-P05_desk_work_surface_0035,8b2fe0173b88e467,native_source_context_fallback,no_pose_observation,6908.6,5.64,,1,01/e1/v1,
corpus_01,01.Candidate was found using a mobile phone in the examination hall..mkv,b842b03e5784d867e93770560d88150a526250df69077cd3065edbbd4c842098,rf_detr_sahi,81420.0,unknown_object,0.267,56.11,685.03,118.96,719.96,2195.0,62.85,34.93,1.8,False,,True,unattributed,19,evt_01-P05_desk_work_surface_0035,8b2fe0173b88e467,native_source_context_fallback,no_pose_observation,6908.6,5.64,,1,01/e1/v1,
corpus_01,01.Candidate was found using a mobile phone in the examination hall..mkv,b842b03e5784d867e93770560d88150a526250df69077cd3065edbbd4c842098,rf_detr_sahi,81500.0,unknown_object,0.8724,41.26,666.29,142.47,718.79,5313.0,101.21,52.5,1.928,False,,True,unattributed,9,evt_01-P01_upper_body_0007,ae826232a0ffec3d,native_source_context_fallback,no_pose_observation,9820.9,3.59,,1,01/e1/v1,
corpus_01,01.Candidate was found using a mobile phone in the examination hall..mkv,b842b03e5784d867e93770560d88150a526250df69077cd3065edbbd4c842098,rf_detr_sahi,81500.0,unknown_object,0.2516,155.74,701.64,217.76,718.91,1070.8,62.02,17.26,3.593,False,,True,unattributed,9,evt_01-P01_upper_body_0007,ae826232a0ffec3d,native_source_context_fallback,no_pose_observation,9820.9,3.59,,1,01/e1/v1,
corpus_01,01.Candidate was found using a mobile phone in the examination hall..mkv,b842b03e5784d867e93770560d88150a526250df69077cd3065edbbd4c842098,rf_detr_sahi,81500.0,unknown_object,0.787,40.75,666.91,142.47,718.72,5270.2,101.73,51.81,1.964,False,,True,unattributed,19,evt_01-P01_upper_body_0007,d4f9fb054db4fe6f,native_source_context_fallback,no_pose_observation,5707.0,6.1,,1,01/e1/v1,
corpus_01,01.Candidate was found using a mobile phone in the examination hall..mkv,b842b03e5784d867e93770560d88150a526250df69077cd3065edbbd4c842098,rf_detr_sahi,92100.0,phone,0.623,538.15,550.78,582.09,611.32,2659.9,43.94,60.54,0.726,False,,True,unattributed,20,evt_01-P01_desk_work_surface_0004,86b0c4045365dd48,pose_hand_context,,64060.1,2.23,,1,01/e1/v1,rtmpose_baseline
corpus_01,01.Candidate was found using a mobile phone in the examination hall..mkv,b842b03e5784d867e93770560d88150a526250df69077cd3065edbbd4c842098,rf_detr_sahi,92100.0,mouse,0.4915,413.35,515.33,429.1,529.89,229.2,15.75,14.56,1.082,False,,True,unattributed,20,evt_01-P01_desk_work_surface_0004,86b0c4045365dd48,pose_hand_context,,64060.1,2.23,,1,01/e1/v1,rtmpose_baseline
corpus_01,01.Candidate was found using a mobile phone in the examination hall..mkv,b842b03e5784d867e93770560d88150a526250df69077cd3065edbbd4c842098,rf_detr_sahi,92100.0,unknown_object,0.4591,531.14,503.65,692.0,621.86,19016.3,160.86,118.22,1.361,False,,True,unattributed,20,evt_01-P01_desk_work_surface_0004,86b0c4045365dd48,pose_hand_context,,64060.1,2.23,,1,01/e1/v1,rtmpose_baseline
corpus_01,01.Candidate was found using a mobile phone in the examination hall..mkv,b842b03e5784d867e93770560d88150a526250df69077cd3065edbbd4c842098,rf_detr_sahi,92100.0,unknown_object,0.3003,420.21,594.0,539.5,720.0,15030.7,119.29,126.0,0.947,False,,True,unattributed,20,evt_01-P01_desk_work_surface_0004,86b0c4045365dd48,pose_hand_context,,64060.1,2.23,,1,01/e1/v1,rtmpose_baseline
corpus_01,01.Candidate was found using a mobile phone in the examination hall..mkv,b842b03e5784d867e93770560d88150a526250df69077cd3065edbbd4c842098,rf_detr_sahi,92620.0,unknown_object,0.7639,29.46,657.02,101.0,718.93,4428.8,71.54,61.91,1.155,False,,True,unattributed,21,evt_01-P01_upper_body_0008,adb76b05b002c296,native_source_context_fallback,wrist_confidence_below_floor,14863.9,4.75,,1,01/e1/v1,rtmpose_baseline
corpus_01,01.Candidate was found using a mobile phone in the examination hall..mkv,b842b03e5784d867e93770560d88150a526250df69077cd3065edbbd4c842098,rf_detr_sahi,92620.0,unknown_object,0.6998,28.36,609.59,157.84,718.89,14153.2,129.48,109.31,1.185,False,,True,unattributed,21,evt_01-P01_upper_body_0008,adb76b05b002c296,native_source_context_fallback,wrist_confidence_below_floor,14863.9,4.75,,1,01/e1/v1,rtmpose_baseline
corpus_01,01.Candidate was found using a mobile phone in the examination hall..mkv,b842b03e5784d867e93770560d88150a526250df69077cd3065edbbd4c842098,rf_detr_sahi,92620.0,unknown_object,0.5416,28.94,610.66,89.03,671.0,3625.6,60.09,60.34,0.996,False,,True,unattributed,21,evt_01-P01_upper_body_0008,adb76b05b002c296,native_source_context_fallback,wrist_confidence_below_floor,14863.9,4.75,,1,01/e1/v1,rtmpose_baseline
corpus_01,01.Candidate was found using a mobile phone in the examination hall..mkv,b842b03e5784d867e93770560d88150a526250df69077cd3065edbbd4c842098,rf_detr_sahi,92620.0,unknown_object,0.3325,84.24,657.06,159.89,718.71,4663.9,75.65,61.65,1.227,False,,True,unattributed,21,evt_01-P01_upper_body_0008,adb76b05b002c296,native_source_context_fallback,wrist_confidence_below_floor,14863.9,4.75,,1,01/e1/v1,rtmpose_baseline
corpus_01,01.Candidate was found using a mobile phone in the examination hall..mkv,b842b03e5784d867e93770560d88150a526250df69077cd3065edbbd4c842098,rf_detr_sahi,92620.0,unknown_object,0.8348,523.03,548.08,660.6,644.68,13289.4,137.57,96.6,1.424,False,,True,unattributed,20,evt_01-P01_upper_body_0008,dc6659d20355692e,pose_hand_context,,47050.4,2.33,,1,01/e1/v1,rtmpose_baseline
corpus_01,01.Candidate was found using a mobile phone in the examination hall..mkv,b842b03e5784d867e93770560d88150a526250df69077cd3065edbbd4c842098,rf_detr_sahi,92620.0,stationery,0.3528,398.95,699.87,428.51,719.0,565.5,29.56,19.13,1.545,False,,True,unattributed,20,evt_01-P01_upper_body_0008,dc6659d20355692e,pose_hand_context,,47050.4,2.33,,1,01/e1/v1,rtmpose_baseline
corpus_01,01.Candidate was found using a mobile phone in the examination hall..mkv,b842b03e5784d867e93770560d88150a526250df69077cd3065edbbd4c842098,rf_detr_sahi,92620.0,unknown_object,0.3216,521.15,623.0,659.24,707.48,11666.1,138.09,84.48,1.635,False,,True,unattributed,20,evt_01-P01_upper_body_0008,dc6659d20355692e,pose_hand_context,,47050.4,2.33,,1,01/e1/v1,rtmpose_baseline
corpus_01,01.Candidate was found using a mobile phone in the examination hall..mkv,b842b03e5784d867e93770560d88150a526250df69077cd3065edbbd4c842098,rf_detr_sahi,92620.0,unknown_object,0.2885,387.18,548.0,541.91,644.88,14990.2,154.73,96.88,1.597,False,,True,unattributed,20,evt_01-P01_upper_body_0008,dc6659d20355692e,pose_hand_context,,47050.4,2.33,,1,01/e1/v1,rtmpose_baseline
corpus_01,01.Candidate was found using a mobile phone in the examination hall..mkv,b842b03e5784d867e93770560d88150a526250df69077cd3065edbbd4c842098,rf_detr_sahi,92620.0,monitor_or_bezel,0.2784,387.0,658.54,416.39,716.82,1713.0,29.39,58.29,0.504,False,,True,unattributed,20,evt_01-P01_upper_body_0008,dc6659d20355692e,pose_hand_context,,47050.4,2.33,,1,01/e1/v1,rtmpose_baseline
corpus_01,01.Candidate was found using a mobile phone in the examination hall..mkv,b842b03e5784d867e93770560d88150a526250df69077cd3065edbbd4c842098,rf_detr_sahi,92620.0,monitor_or_bezel,0.2762,387.18,548.0,541.91,644.88,14990.2,154.73,96.88,1.597,False,,True,unattributed,20,evt_01-P01_upper_body_0008,dc6659d20355692e,pose_hand_context,,47050.4,2.33,,1,01/e1/v1,rtmpose_baseline
corpus_01,01.Candidate was found using a mobile phone in the examination hall..mkv,b842b03e5784d867e93770560d88150a526250df69077cd3065edbbd4c842098,rf_detr_sahi,92620.0,unknown_object,0.2642,517.01,605.95,530.8,645.0,538.7,13.79,39.05,0.353,False,,True,unattributed,20,evt_01-P01_upper_body_0008,dc6659d20355692e,pose_hand_context,,47050.4,2.33,,1,01/e1/v1,rtmpose_baseline
corpus_01,01.Candidate was found using a mobile phone in the examination hall..mkv,b842b03e5784d867e93770560d88150a526250df69077cd3065edbbd4c842098,rf_detr_sahi,93100.0,unknown_object,0.537,497.44,582.05,629.0,658.86,10105.1,131.56,76.81,1.713,False,,True,unattributed,20,evt_01-P01_desk_work_surface_0004,25019a54fd9f9aa6,pose_hand_context,,35205.1,2.5,,1,01/e1/v1,rtmpose_baseline
corpus_01,01.Candidate was found using a mobile phone in the examination hall..mkv,b842b03e5784d867e93770560d88150a526250df69077cd3065edbbd4c842098,rf_detr_sahi,93100.0,phone,0.4851,373.0,658.73,415.64,719.39,2586.5,42.64,60.66,0.703,False,,True,unattributed,20,evt_01-P01_desk_work_surface_0004,25019a54fd9f9aa6,pose_hand_context,,35205.1,2.5,,1,01/e1/v1,rtmpose_baseline
corpus_01,01.Candidate was found using a mobile phone in the examination hall..mkv,b842b03e5784d867e93770560d88150a526250df69077cd3065edbbd4c842098,rf_detr_sahi,93100.0,stationery,0.469,397.25,700.15,418.81,718.13,387.4,21.55,17.97,1.199,False,,True,unattributed,20,evt_01-P01_desk_work_surface_0004,25019a54fd9f9aa6,pose_hand_context,,35205.1,2.5,,1,01/e1/v1,rtmpose_baseline
corpus_01,01.Candidate was found using a mobile phone in the examination hall..mkv,b842b03e5784d867e93770560d88150a526250df69077cd3065edbbd4c842098,rf_detr_sahi,93100.0,stationery,0.4024,403.73,701.9,428.62,718.73,418.7,24.89,16.83,1.479,False,,True,unattributed,20,evt_01-P01_desk_work_surface_0004,25019a54fd9f9aa6,pose_hand_context,,35205.1,2.5,,1,01/e1/v1,rtmpose_baseline
corpus_01,01.Candidate was found using a mobile phone in the examination hall..mkv,b842b03e5784d867e93770560d88150a526250df69077cd3065edbbd4c842098,rf_detr_sahi,93100.0,unknown_object,0.3446,419.46,642.04,516.83,719.82,7573.8,97.38,77.78,1.252,False,,True,unattributed,20,evt_01-P01_desk_work_surface_0004,25019a54fd9f9aa6,pose_hand_context,,35205.1,2.5,,1,01/e1/v1,rtmpose_baseline
corpus_01,01.Candidate was found using a mobile phone in the examination hall..mkv,b842b03e5784d867e93770560d88150a526250df69077cd3065edbbd4c842098,rf_detr_sahi,93100.0,stationery,0.3192,373.04,660.51,412.61,712.07,2040.1,39.58,51.55,0.768,False,,True,unattributed,20,evt_01-P01_desk_work_surface_0004,25019a54fd9f9aa6,pose_hand_context,,35205.1,2.5,,1,01/e1/v1,rtmpose_baseline
corpus_01,01.Candidate was found using a mobile phone in the examination hall..mkv,b842b03e5784d867e93770560d88150a526250df69077cd3065edbbd4c842098,rf_detr_sahi,93100.0,unknown_object,0.7216,194.88,569.06,259.96,652.99,5461.8,65.08,83.93,0.775,False,,True,unattributed,22,evt_01-P01_desk_work_surface_0004,7afee83f4be7385b,native_source_context_fallback,no_pose_observation,18139.9,4.28,,1,01/e1/v1,
corpus_01,01.Candidate was found using a mobile phone in the examination hall..mkv,b842b03e5784d867e93770560d88150a526250df69077cd3065edbbd4c842098,rf_detr_sahi,93100.0,unknown_object,0.6914,197.06,569.0,302.82,683.64,12124.8,105.77,114.64,0.923,False,,True,unattributed,22,evt_01-P01_desk_work_surface_0004,7afee83f4be7385b,native_source_context_fallback,no_pose_observation,18139.9,4.28,,1,01/e1/v1,
corpus_01,01.Candidate was found using a mobile phone in the examination hall..mkv,b842b03e5784d867e93770560d88150a526250df69077cd3065edbbd4c842098,rf_detr_sahi,93100.0,unknown_object,0.6473,199.94,634.0,259.94,717.89,5033.1,60.0,83.89,0.715,False,,True,unattributed,22,evt_01-P01_desk_work_surface_0004,7afee83f4be7385b,native_source_context_fallback,no_pose_observation,18139.9,4.28,,1,01/e1/v1,
corpus_01,01.Candidate was found using a mobile phone in the examination hall..mkv,b842b03e5784d867e93770560d88150a526250df69077cd3065edbbd4c842098,rf_detr_sahi,93100.0,monitor_or_bezel,0.6101,244.2,569.08,313.0,652.93,5769.5,68.8,83.86,0.82,False,,True,unattributed,22,evt_01-P01_desk_work_surface_0004,7afee83f4be7385b,native_source_context_fallback,no_pose_observation,18139.9,4.28,,1,01/e1/v1,
corpus_01,01.Candidate was found using a mobile phone in the examination hall..mkv,b842b03e5784d867e93770560d88150a526250df69077cd3065edbbd4c842098,rf_detr_sahi,93100.0,unknown_object,0.3452,244.07,634.1,311.37,717.83,5635.4,67.3,83.73,0.804,False,,True,unattributed,22,evt_01-P01_desk_work_surface_0004,7afee83f4be7385b,native_source_context_fallback,no_pose_observation,18139.9,4.28,,1,01/e1/v1,
corpus_01,01.Candidate was found using a mobile phone in the examination hall..mkv,b842b03e5784d867e93770560d88150a526250df69077cd3065edbbd4c842098,rf_detr_sahi,93100.0,phone,0.2557,255.6,631.4,302.61,652.99,1014.8,47.02,21.58,2.178,False,,True,unattributed,22,evt_01-P01_desk_work_surface_0004,7afee83f4be7385b,native_source_context_fallback,no_pose_observation,18139.9,4.28,,1,01/e1/v1,
corpus_01,01.Candidate was found using a mobile phone in the examination hall..mkv,b842b03e5784d867e93770560d88150a526250df69077cd3065edbbd4c842098,rf_detr_sahi,93620.0,unknown_object,0.6694,541.96,510.1,668.0,630.74,15206.1,126.04,120.64,1.045,False,,True,unattributed,20,evt_01-P01_upper_body_0008,5d8ef9fb8d6af50a,pose_hand_context,,60178.9,2.23,,1,01/e1/v1,rtmpose_baseline
corpus_01,01.Candidate was found using a mobile phone in the examination hall..mkv,b842b03e5784d867e93770560d88150a526250df69077cd3065edbbd4c842098,rf_detr_sahi,93620.0,unknown_object,0.3685,383.52,510.0,541.0,618.22,17041.8,157.48,108.22,1.455,False,,True,unattributed,20,evt_01-P01_upper_body_0008,5d8ef9fb8d6af50a,pose_hand_context,,60178.9,2.23,,1,01/e1/v1,rtmpose_baseline
corpus_01,01.Candidate was found using a mobile phone in the examination hall..mkv,b842b03e5784d867e93770560d88150a526250df69077cd3065edbbd4c842098,rf_detr_sahi,93620.0,monitor_or_bezel,0.3181,401.58,510.0,542.09,627.68,16536.1,140.51,117.68,1.194,False,,True,unattributed,20,evt_01-P01_upper_body_0008,5d8ef9fb8d6af50a,pose_hand_context,,60178.9,2.23,,1,01/e1/v1,rtmpose_baseline
corpus_01,01.Candidate was found using a mobile phone in the examination hall..mkv,b842b03e5784d867e93770560d88150a526250df69077cd3065edbbd4c842098,rf_detr_sahi,93620.0,unknown_object,0.8134,383.13,512.46,450.9,615.02,6949.9,67.76,102.56,0.661,False,,True,unattributed,23,evt_01-P01_upper_body_0008,6dda818546703860,native_source_context_fallback,wrist_confidence_below_floor,29499.8,3.1,,1,01/e1/v1,rtmpose_baseline
corpus_01,01.Candidate was found using a mobile phone in the examination hall..mkv,b842b03e5784d867e93770560d88150a526250df69077cd3065edbbd4c842098,rf_detr_sahi,93620.0,unknown_object,0.5741,371.01,601.12,450.95,717.99,9343.2,79.95,116.87,0.684,False,,True,unattributed,23,evt_01-P01_upper_body_0008,6dda818546703860,native_source_context_fallback,wrist_confidence_below_floor,29499.8,3.1,,1,01/e1/v1,rtmpose_baseline
corpus_01,01.Candidate was found using a mobile phone in the examination hall..mkv,b842b03e5784d867e93770560d88150a526250df69077cd3065edbbd4c842098,rf_detr_sahi,93620.0,monitor_or_bezel,0.4838,433.03,511.1,513.0,627.0,9268.0,79.97,115.9,0.69,False,,True,unattributed,23,evt_01-P01_upper_body_0008,6dda818546703860,native_source_context_fallback,wrist_confidence_below_floor,29499.8,3.1,,1,01/e1/v1,rtmpose_baseline
corpus_01,01.Candidate was found using a mobile phone in the examination hall..mkv,b842b03e5784d867e93770560d88150a526250df69077cd3065edbbd4c842098,rf_detr_sahi,93620.0,bag,0.4248,433.13,601.24,513.0,717.85,9313.0,79.87,116.61,0.685,False,,True,unattributed,23,evt_01-P01_upper_body_0008,6dda818546703860,native_source_context_fallback,wrist_confidence_below_floor,29499.8,3.1,,1,01/e1/v1,rtmpose_baseline
corpus_01,01.Candidate was found using a mobile phone in the examination hall..mkv,b842b03e5784d867e93770560d88150a526250df69077cd3065edbbd4c842098,rf_detr_sahi,93660.0,monitor_or_bezel,0.7215,443.08,508.0,521.0,625.99,9193.6,77.92,117.99,0.66,False,,True,unattributed,23,evt_01-P04_desk_work_surface_0027,7ef433fc39b0410e,native_source_context_fallback,wrist_confidence_below_floor,29274.0,3.05,,1,01/e1/v1,rtmpose_baseline
corpus_01,01.Candidate was found using a mobile phone in the examination hall..mkv,b842b03e5784d867e93770560d88150a526250df69077cd3065edbbd4c842098,rf_detr_sahi,93660.0,unknown_object,0.6695,395.57,509.28,460.0,609.0,6424.9,64.43,99.72,0.646,False,,True,unattributed,23,evt_01-P04_desk_work_surface_0027,7ef433fc39b0410e,native_source_context_fallback,wrist_confidence_below_floor,29274.0,3.05,,1,01/e1/v1,rtmpose_baseline
corpus_01,01.Candidate was found using a mobile phone in the examination hall..mkv,b842b03e5784d867e93770560d88150a526250df69077cd3065edbbd4c842098,rf_detr_sahi,93660.0,unknown_object,0.3144,443.02,508.44,465.76,605.42,2205.3,22.74,96.98,0.234,False,,True,unattributed,23,evt_01-P04_desk_work_surface_0027,7ef433fc39b0410e,native_source_context_fallback,wrist_confidence_below_floor,29274.0,3.05,,1,01/e1/v1,rtmpose_baseline
corpus_01,01.Candidate was found using a mobile phone in the examination hall..mkv,b842b03e5784d867e93770560d88150a526250df69077cd3065edbbd4c842098,rf_detr_sahi,93660.0,bag,0.2574,443.0,604.35,520.66,717.84,8814.7,77.66,113.5,0.684,False,,True,unattributed,23,evt_01-P04_desk_work_surface_0027,7ef433fc39b0410e,native_source_context_fallback,wrist_confidence_below_floor,29274.0,3.05,,1,01/e1/v1,rtmpose_baseline
corpus_01,01.Candidate was found using a mobile phone in the examination hall..mkv,b842b03e5784d867e93770560d88150a526250df69077cd3065edbbd4c842098,rf_detr_sahi,93660.0,unknown_object,0.8233,581.18,613.15,642.72,717.23,6405.7,61.55,104.08,0.591,False,,True,unattributed,20,evt_01-P04_desk_work_surface_0027,95c8fc45c3aa0544,native_source_context_fallback,wrist_confidence_below_floor,42803.3,2.79,,1,01/e1/v1,rtmpose_baseline
corpus_01,01.Candidate was found using a mobile phone in the examination hall..mkv,b842b03e5784d867e93770560d88150a526250df69077cd3065edbbd4c842098,rf_detr_sahi,93660.0,unknown_object,0.6844,564.0,531.0,700.37,645.97,15677.6,136.37,114.97,1.186,False,,True,unattributed,20,evt_01-P04_desk_work_surface_0027,95c8fc45c3aa0544,native_source_context_fallback,wrist_confidence_below_floor,42803.3,2.79,,1,01/e1/v1,rtmpose_baseline
corpus_01,01.Candidate was found using a mobile phone in the examination hall..mkv,b842b03e5784d867e93770560d88150a526250df69077cd3065edbbd4c842098,rf_detr_sahi,93660.0,unknown_object,0.6428,526.1,533.61,610.0,635.9,8581.4,83.9,102.28,0.82,False,,True,unattributed,20,evt_01-P04_desk_work_surface_0027,95c8fc45c3aa0544,native_source_context_fallback,wrist_confidence_below_floor,42803.3,2.79,,1,01/e1/v1,rtmpose_baseline
corpus_01,01.Candidate was found using a mobile phone in the examination hall..mkv,b842b03e5784d867e93770560d88150a526250df69077cd3065edbbd4c842098,rf_detr_sahi,93660.0,unknown_object,0.5712,481.0,613.06,609.83,718.0,13519.4,128.83,104.94,1.228,False,,True,unattributed,20,evt_01-P04_desk_work_surface_0027,95c8fc45c3aa0544,native_source_context_fallback,wrist_confidence_below_floor,42803.3,2.79,,1,01/e1/v1,rtmpose_baseline
corpus_01,01.Candidate was found using a mobile phone in the examination hall..mkv,b842b03e5784d867e93770560d88150a526250df69077cd3065edbbd4c842098,rf_detr_sahi,93660.0,unknown_object,0.5407,581.0,633.88,709.79,717.44,10761.0,128.79,83.56,1.541,False,,True,unattributed,20,evt_01-P04_desk_work_surface_0027,95c8fc45c3aa0544,native_source_context_fallback,wrist_confidence_below_floor,42803.3,2.79,,1,01/e1/v1,rtmpose_baseline
corpus_01,01.Candidate was found using a mobile phone in the examination hall..mkv,b842b03e5784d867e93770560d88150a526250df69077cd3065edbbd4c842098,rf_detr_sahi,93660.0,unknown_object,0.402,687.58,531.08,710.0,555.45,546.2,22.42,24.36,0.92,False,,True,unattributed,20,evt_01-P04_desk_work_surface_0027,95c8fc45c3aa0544,native_source_context_fallback,wrist_confidence_below_floor,42803.3,2.79,,1,01/e1/v1,rtmpose_baseline
corpus_01,01.Candidate was found using a mobile phone in the examination hall..mkv,b842b03e5784d867e93770560d88150a526250df69077cd3065edbbd4c842098,rf_detr_sahi,93660.0,unknown_object,0.3482,481.08,613.35,522.29,718.0,4312.4,41.21,104.65,0.394,False,,True,unattributed,20,evt_01-P04_desk_work_surface_0027,95c8fc45c3aa0544,native_source_context_fallback,wrist_confidence_below_floor,42803.3,2.79,,1,01/e1/v1,rtmpose_baseline
corpus_01,01.Candidate was found using a mobile phone in the examination hall..mkv,b842b03e5784d867e93770560d88150a526250df69077cd3065edbbd4c842098,rf_detr_sahi,93660.0,unknown_object,0.3059,581.0,531.0,641.34,636.0,6335.4,60.34,105.0,0.575,False,,True,unattributed,20,evt_01-P04_desk_work_surface_0027,95c8fc45c3aa0544,native_source_context_fallback,wrist_confidence_below_floor,42803.3,2.79,,1,01/e1/v1,rtmpose_baseline
corpus_01,01.Candidate was found using a mobile phone in the examination hall..mkv,b842b03e5784d867e93770560d88150a526250df69077cd3065edbbd4c842098,rf_detr_sahi,93660.0,unknown_object,0.2813,481.54,533.23,666.67,717.46,34106.8,185.13,184.23,1.005,False,,True,unattributed,20,evt_01-P04_desk_work_surface_0027,95c8fc45c3aa0544,native_source_context_fallback,wrist_confidence_below_floor,42803.3,2.79,,1,01/e1/v1,rtmpose_baseline
corpus_01,01.Candidate was found using a mobile phone in the examination hall..mkv,b842b03e5784d867e93770560d88150a526250df69077cd3065edbbd4c842098,rf_detr_sahi,94100.0,unknown_object,0.4987,544.02,600.02,604.93,666.97,4078.6,60.91,66.96,0.91,False,,True,unattributed,23,evt_01-P01_desk_work_surface_0004,9db944323245ec94,pose_hand_context,,20603.8,3.7,,1,01/e1/v1,rtmpose_baseline
corpus_01,01.Candidate was found using a mobile phone in the examination hall..mkv,b842b03e5784d867e93770560d88150a526250df69077cd3065edbbd4c842098,rf_detr_sahi,94100.0,unknown_object,0.6359,543.63,561.24,618.0,719.93,11801.2,74.37,158.69,0.469,False,,True,unattributed,20,evt_01-P01_desk_work_surface_0004,b6c885fe93a4d710,pose_hand_context,,79912.8,2.26,,1,01/e1/v1,rtmpose_baseline
corpus_01,01.Candidate was found using a mobile phone in the examination hall..mkv,b842b03e5784d867e93770560d88150a526250df69077cd3065edbbd4c842098,rf_detr_sahi,94100.0,unknown_object,0.6062,694.82,439.82,743.0,577.61,6638.8,48.18,137.8,0.35,False,,True,unattributed,20,evt_01-P01_desk_work_surface_0004,b6c885fe93a4d710,pose_hand_context,,79912.8,2.26,,1,01/e1/v1,rtmpose_baseline
corpus_01,01.Candidate was found using a mobile phone in the examination hall..mkv,b842b03e5784d867e93770560d88150a526250df69077cd3065edbbd4c842098,rf_detr_sahi,94100.0,unknown_object,0.2692,637.05,438.0,696.62,489.97,3096.5,59.58,51.97,1.146,False,,True,unattributed,20,evt_01-P01_desk_work_surface_0004,b6c885fe93a4d710,pose_hand_context,,79912.8,2.26,,1,01/e1/v1,rtmpose_baseline
corpus_01,01.Candidate was found using a mobile phone in the examination hall..mkv,b842b03e5784d867e93770560d88150a526250df69077cd3065edbbd4c842098,rf_detr_sahi,94620.0,unknown_object,0.8255,653.1,467.15,728.36,566.88,7505.2,75.26,99.73,0.755,False,,True,unattributed,23,evt_01-P01_upper_body_0008,32d51cf4abbecb61,native_source_context_fallback,no_pose_observation,27151.6,3.61,,1,01/e1/v1,
corpus_01,01.Candidate was found using a mobile phone in the examination hall..mkv,b842b03e5784d867e93770560d88150a526250df69077cd3065edbbd4c842098,rf_detr_sahi,94620.0,unknown_object,0.6354,609.57,467.0,671.99,556.07,5559.8,62.42,89.07,0.701,False,,True,unattributed,23,evt_01-P01_upper_body_0008,32d51cf4abbecb61,native_source_context_fallback,no_pose_observation,27151.6,3.61,,1,01/e1/v1,
corpus_01,01.Candidate was found using a mobile phone in the examination hall..mkv,b842b03e5784d867e93770560d88150a526250df69077cd3065edbbd4c842098,rf_detr_sahi,94620.0,unknown_object,0.4296,610.81,474.19,636.27,529.7,1413.6,25.47,55.51,0.459,False,,True,unattributed,23,evt_01-P01_upper_body_0008,32d51cf4abbecb61,native_source_context_fallback,no_pose_observation,27151.6,3.61,,1,01/e1/v1,
corpus_01,01.Candidate was found using a mobile phone in the examination hall..mkv,b842b03e5784d867e93770560d88150a526250df69077cd3065edbbd4c842098,rf_detr_sahi,94620.0,unknown_object,0.3311,653.22,390.0,721.25,490.0,6803.7,68.04,100.0,0.68,False,,True,unattributed,23,evt_01-P01_upper_body_0008,32d51cf4abbecb61,native_source_context_fallback,no_pose_observation,27151.6,3.61,,1,01/e1/v1,
corpus_01,01.Candidate was found using a mobile phone in the examination hall..mkv,b842b03e5784d867e93770560d88150a526250df69077cd3065edbbd4c842098,rf_detr_sahi,94620.0,unknown_object,0.2983,690.97,404.47,738.82,458.94,2606.6,47.85,54.47,0.878,False,,True,unattributed,23,evt_01-P01_upper_body_0008,32d51cf4abbecb61,native_source_context_fallback,no_pose_observation,27151.6,3.61,,1,01/e1/v1,
corpus_01,01.Candidate was found using a mobile phone in the examination hall..mkv,b842b03e5784d867e93770560d88150a526250df69077cd3065edbbd4c842098,rf_detr_sahi,94620.0,unknown_object,0.4771,606.42,393.26,648.99,442.0,2075.3,42.58,48.74,0.874,False,,True,unattributed,25,evt_01-P01_upper_body_0008,4ba0c4be5964f03b,native_source_context_fallback,no_pose_observation,6983.2,7.01,,1,01/e1/v1,
corpus_01,01.Candidate was found using a mobile phone in the examination hall..mkv,b842b03e5784d867e93770560d88150a526250df69077cd3065edbbd4c842098,rf_detr_sahi,94620.0,unknown_object,0.3638,608.47,391.09,682.0,481.96,6680.8,73.53,90.86,0.809,False,,True,unattributed,25,evt_01-P01_upper_body_0008,4ba0c4be5964f03b,native_source_context_fallback,no_pose_observation,6983.2,7.01,,1,01/e1/v1,
corpus_01,01.Candidate was found using a mobile phone in the examination hall..mkv,b842b03e5784d867e93770560d88150a526250df69077cd3065edbbd4c842098,rf_detr_sahi,94620.0,unknown_object,0.3355,606.05,431.0,649.0,481.95,2188.3,42.95,50.95,0.843,False,,True,unattributed,25,evt_01-P01_upper_body_0008,4ba0c4be5964f03b,native_source_context_fallback,no_pose_observation,6983.2,7.01,,1,01/e1/v1,
corpus_01,01.Candidate was found using a mobile phone in the examination hall..mkv,b842b03e5784d867e93770560d88150a526250df69077cd3065edbbd4c842098,rf_detr_sahi,94620.0,unknown_object,0.7667,615.04,471.08,674.0,530.0,3473.6,58.96,58.92,1.001,False,,True,unattributed,24,evt_01-P01_upper_body_0008,65f95c2461713bcc,pose_hand_context,,11008.2,6.1,,1,01/e1/v1,rtmpose_baseline
corpus_01,01.Candidate was found using a mobile phone in the examination hall..mkv,b842b03e5784d867e93770560d88150a526250df69077cd3065edbbd4c842098,rf_detr_sahi,94620.0,unknown_object,0.622,610.43,474.23,627.99,529.87,977.3,17.56,55.64,0.316,False,,True,unattributed,24,evt_01-P01_upper_body_0008,65f95c2461713bcc,pose_hand_context,,11008.2,6.1,,1,01/e1/v1,rtmpose_baseline
corpus_01,01.Candidate was found using a mobile phone in the examination hall..mkv,b842b03e5784d867e93770560d88150a526250df69077cd3065edbbd4c842098,rf_detr_sahi,94620.0,unknown_object,0.3496,584.42,517.08,628.0,575.87,2562.1,43.58,58.79,0.741,False,,True,unattributed,24,evt_01-P01_upper_body_0008,65f95c2461713bcc,pose_hand_context,,11008.2,6.1,,1,01/e1/v1,rtmpose_baseline
corpus_01,01.Candidate was found using a mobile phone in the examination hall..mkv,b842b03e5784d867e93770560d88150a526250df69077cd3065edbbd4c842098,rf_detr_sahi,94620.0,unknown_object,0.2688,615.12,517.04,673.88,554.1,2177.7,58.76,37.06,1.585,False,,True,unattributed,24,evt_01-P01_upper_body_0008,65f95c2461713bcc,pose_hand_context,,11008.2,6.1,,1,01/e1/v1,rtmpose_baseline
corpus_01,01.Candidate was found using a mobile phone in the examination hall..mkv,b842b03e5784d867e93770560d88150a526250df69077cd3065edbbd4c842098,rf_detr_sahi,94620.0,unknown_object,0.6165,489.0,540.63,586.78,652.82,10970.2,97.78,112.19,0.872,False,,True,unattributed,26,evt_01-P01_upper_body_0008,aa8dddfe4ce6ab00,pose_hand_context,,68392.7,2.45,,1,01/e1/v1,rtmpose_baseline
corpus_01,01.Candidate was found using a mobile phone in the examination hall..mkv,b842b03e5784d867e93770560d88150a526250df69077cd3065edbbd4c842098,rf_detr_sahi,94620.0,monitor_or_bezel,0.4515,489.0,392.0,531.97,451.64,2562.4,42.97,59.64,0.72,False,,True,unattributed,26,evt_01-P01_upper_body_0008,aa8dddfe4ce6ab00,pose_hand_context,,68392.7,2.45,,1,01/e1/v1,rtmpose_baseline
corpus_01,01.Candidate was found using a mobile phone in the examination hall..mkv,b842b03e5784d867e93770560d88150a526250df69077cd3065edbbd4c842098,rf_detr_sahi,94620.0,unknown_object,0.3496,621.34,392.4,682.5,436.64,2705.8,61.16,44.24,1.383,False,,True,unattributed,26,evt_01-P01_upper_body_0008,aa8dddfe4ce6ab00,pose_hand_context,,68392.7,2.45,,1,01/e1/v1,rtmpose_baseline
corpus_01,01.Candidate was found using a mobile phone in the examination hall..mkv,b842b03e5784d867e93770560d88150a526250df69077cd3065edbbd4c842098,rf_detr_sahi,94620.0,unknown_object,0.3374,687.84,393.49,750.9,525.34,8315.0,63.06,131.85,0.478,False,,True,unattributed,26,evt_01-P01_upper_body_0008,aa8dddfe4ce6ab00,pose_hand_context,,68392.7,2.45,,1,01/e1/v1,rtmpose_baseline
corpus_01,01.Candidate was found using a mobile phone in the examination hall..mkv,b842b03e5784d867e93770560d88150a526250df69077cd3065edbbd4c842098,rf_detr_sahi,94620.0,unknown_object,0.3043,533.69,506.61,590.83,562.9,3216.7,57.14,56.29,1.015,False,,True,unattributed,26,evt_01-P01_upper_body_0008,aa8dddfe4ce6ab00,pose_hand_context,,68392.7,2.45,,1,01/e1/v1,rtmpose_baseline
corpus_01,01.Candidate was found using a mobile phone in the examination hall..mkv,b842b03e5784d867e93770560d88150a526250df69077cd3065edbbd4c842098,rf_detr_sahi,94620.0,unknown_object,0.2927,691.28,402.83,750.56,455.01,3093.4,59.28,52.18,1.136,False,,True,unattributed,26,evt_01-P01_upper_body_0008,aa8dddfe4ce6ab00,pose_hand_context,,68392.7,2.45,,1,01/e1/v1,rtmpose_baseline
corpus_01,01.Candidate was found using a mobile phone in the examination hall..mkv,b842b03e5784d867e93770560d88150a526250df69077cd3065edbbd4c842098,rf_detr_sahi,94620.0,unknown_object,0.2872,631.99,506.0,722.68,571.79,5966.1,90.69,65.79,1.379,False,,True,unattributed,26,evt_01-P01_upper_body_0008,aa8dddfe4ce6ab00,pose_hand_context,,68392.7,2.45,,1,01/e1/v1,rtmpose_baseline
corpus_01,01.Candidate was found using a mobile phone in the examination hall..mkv,b842b03e5784d867e93770560d88150a526250df69077cd3065edbbd4c842098,rf_detr_sahi,94620.0,unknown_object,0.2597,709.14,443.86,751.0,527.94,3519.5,41.86,84.08,0.498,False,,True,unattributed,26,evt_01-P01_upper_body_0008,aa8dddfe4ce6ab00,pose_hand_context,,68392.7,2.45,,1,01/e1/v1,rtmpose_baseline
corpus_01,01.Candidate was found using a mobile phone in the examination hall..mkv,b842b03e5784d867e93770560d88150a526250df69077cd3065edbbd4c842098,rf_detr_sahi,94620.0,unknown_object,0.6165,489.0,540.63,586.78,652.82,10970.2,97.78,112.19,0.872,False,,True,unattributed,20,evt_01-P01_upper_body_0008,aa8dddfe4ce6ab00,pose_hand_context,,68392.7,2.45,,1,01/e1/v1,rtmpose_baseline
corpus_01,01.Candidate was found using a mobile phone in the examination hall..mkv,b842b03e5784d867e93770560d88150a526250df69077cd3065edbbd4c842098,rf_detr_sahi,94620.0,monitor_or_bezel,0.4515,489.0,392.0,531.97,451.64,2562.4,42.97,59.64,0.72,False,,True,unattributed,20,evt_01-P01_upper_body_0008,aa8dddfe4ce6ab00,pose_hand_context,,68392.7,2.45,,1,01/e1/v1,rtmpose_baseline
corpus_01,01.Candidate was found using a mobile phone in the examination hall..mkv,b842b03e5784d867e93770560d88150a526250df69077cd3065edbbd4c842098,rf_detr_sahi,94620.0,unknown_object,0.3496,621.34,392.4,682.5,436.64,2705.8,61.16,44.24,1.383,False,,True,unattributed,20,evt_01-P01_upper_body_0008,aa8dddfe4ce6ab00,pose_hand_context,,68392.7,2.45,,1,01/e1/v1,rtmpose_baseline
corpus_01,01.Candidate was found using a mobile phone in the examination hall..mkv,b842b03e5784d867e93770560d88150a526250df69077cd3065edbbd4c842098,rf_detr_sahi,94620.0,unknown_object,0.3374,687.84,393.49,750.9,525.34,8315.0,63.06,131.85,0.478,False,,True,unattributed,20,evt_01-P01_upper_body_0008,aa8dddfe4ce6ab00,pose_hand_context,,68392.7,2.45,,1,01/e1/v1,rtmpose_baseline
corpus_01,01.Candidate was found using a mobile phone in the examination hall..mkv,b842b03e5784d867e93770560d88150a526250df69077cd3065edbbd4c842098,rf_detr_sahi,94620.0,unknown_object,0.3043,533.69,506.61,590.83,562.9,3216.7,57.14,56.29,1.015,False,,True,unattributed,20,evt_01-P01_upper_body_0008,aa8dddfe4ce6ab00,pose_hand_context,,68392.7,2.45,,1,01/e1/v1,rtmpose_baseline
corpus_01,01.Candidate was found using a mobile phone in the examination hall..mkv,b842b03e5784d867e93770560d88150a526250df69077cd3065edbbd4c842098,rf_detr_sahi,94620.0,unknown_object,0.2927,691.28,402.83,750.56,455.01,3093.4,59.28,52.18,1.136,False,,True,unattributed,20,evt_01-P01_upper_body_0008,aa8dddfe4ce6ab00,pose_hand_context,,68392.7,2.45,,1,01/e1/v1,rtmpose_baseline
corpus_01,01.Candidate was found using a mobile phone in the examination hall..mkv,b842b03e5784d867e93770560d88150a526250df69077cd3065edbbd4c842098,rf_detr_sahi,94620.0,unknown_object,0.2872,631.99,506.0,722.68,571.79,5966.1,90.69,65.79,1.379,False,,True,unattributed,20,evt_01-P01_upper_body_0008,aa8dddfe4ce6ab00,pose_hand_context,,68392.7,2.45,,1,01/e1/v1,rtmpose_baseline
corpus_01,01.Candidate was found using a mobile phone in the examination hall..mkv,b842b03e5784d867e93770560d88150a526250df69077cd3065edbbd4c842098,rf_detr_sahi,94620.0,unknown_object,0.2597,709.14,443.86,751.0,527.94,3519.5,41.86,84.08,0.498,False,,True,unattributed,20,evt_01-P01_upper_body_0008,aa8dddfe4ce6ab00,pose_hand_context,,68392.7,2.45,,1,01/e1/v1,rtmpose_baseline
corpus_01,01.Candidate was found using a mobile phone in the examination hall..mkv,b842b03e5784d867e93770560d88150a526250df69077cd3065edbbd4c842098,rf_detr_sahi,94660.0,unknown_object,0.5743,490.0,540.46,588.32,648.85,10655.8,98.32,108.38,0.907,False,,True,unattributed,20,evt_01-P04_desk_work_surface_0027,534ab31a91aa2d0d,pose_hand_context,,67548.0,2.46,,1,01/e1/v1,rtmpose_baseline
corpus_01,01.Candidate was found using a mobile phone in the examination hall..mkv,b842b03e5784d867e93770560d88150a526250df69077cd3065edbbd4c842098,rf_detr_sahi,94660.0,unknown_object,0.4194,623.4,390.46,689.05,435.69,2968.8,65.64,45.23,1.451,False,,True,unattributed,20,evt_01-P04_desk_work_surface_0027,534ab31a91aa2d0d,pose_hand_context,,67548.0,2.46,,1,01/e1/v1,rtmpose_baseline
corpus_01,01.Candidate was found using a mobile phone in the examination hall..mkv,b842b03e5784d867e93770560d88150a526250df69077cd3065edbbd4c842098,rf_detr_sahi,94660.0,monitor_or_bezel,0.3905,490.02,390.0,531.97,451.57,2582.7,41.95,61.57,0.681,False,,True,unattributed,20,evt_01-P04_desk_work_surface_0027,534ab31a91aa2d0d,pose_hand_context,,67548.0,2.46,,1,01/e1/v1,rtmpose_baseline
corpus_01,01.Candidate was found using a mobile phone in the examination hall..mkv,b842b03e5784d867e93770560d88150a526250df69077cd3065edbbd4c842098,rf_detr_sahi,94660.0,unknown_object,0.3271,692.02,404.14,750.0,504.58,5823.4,57.98,100.44,0.577,False,,True,unattributed,20,evt_01-P04_desk_work_surface_0027,534ab31a91aa2d0d,pose_hand_context,,67548.0,2.46,,1,01/e1/v1,rtmpose_baseline
corpus_01,01.Candidate was found using a mobile phone in the examination hall..mkv,b842b03e5784d867e93770560d88150a526250df69077cd3065edbbd4c842098,rf_detr_sahi,94660.0,unknown_object,0.3116,622.82,390.71,749.78,524.1,16934.2,126.96,133.38,0.952,False,,True,unattributed,20,evt_01-P04_desk_work_surface_0027,534ab31a91aa2d0d,pose_hand_context,,67548.0,2.46,,1,01/e1/v1,rtmpose_baseline
corpus_01,01.Candidate was found using a mobile phone in the examination hall..mkv,b842b03e5784d867e93770560d88150a526250df69077cd3065edbbd4c842098,rf_detr_sahi,94660.0,unknown_object,0.2532,710.96,445.22,750.0,524.58,3098.5,39.04,79.36,0.492,False,,True,unattributed,20,evt_01-P04_desk_work_surface_0027,534ab31a91aa2d0d,pose_hand_context,,67548.0,2.46,,1,01/e1/v1,rtmpose_baseline
corpus_01,01.Candidate was found using a mobile phone in the examination hall..mkv,b842b03e5784d867e93770560d88150a526250df69077cd3065edbbd4c842098,rf_detr_sahi,94660.0,unknown_object,0.641,605.44,389.16,684.0,479.84,7124.3,78.56,90.68,0.866,False,,True,unattributed,25,evt_01-P04_desk_work_surface_0027,8947b3c0adfa1d58,native_source_context_fallback,no_pose_observation,7171.1,7.01,,1,01/e1/v1,
corpus_01,01.Candidate was found using a mobile phone in the examination hall..mkv,b842b03e5784d867e93770560d88150a526250df69077cd3065edbbd4c842098,rf_detr_sahi,94660.0,unknown_object,0.4101,605.48,434.11,633.59,480.0,1289.9,28.11,45.89,0.613,False,,True,unattributed,25,evt_01-P04_desk_work_surface_0027,8947b3c0adfa1d58,native_source_context_fallback,no_pose_observation,7171.1,7.01,,1,01/e1/v1,
corpus_01,01.Candidate was found using a mobile phone in the examination hall..mkv,b842b03e5784d867e93770560d88150a526250df69077cd3065edbbd4c842098,rf_detr_sahi,94660.0,unknown_object,0.3669,639.02,389.14,684.0,439.9,2283.2,44.98,50.76,0.886,False,,True,unattributed,25,evt_01-P04_desk_work_surface_0027,8947b3c0adfa1d58,native_source_context_fallback,no_pose_observation,7171.1,7.01,,1,01/e1/v1,
corpus_01,01.Candidate was found using a mobile phone in the examination hall..mkv,b842b03e5784d867e93770560d88150a526250df69077cd3065edbbd4c842098,rf_detr_sahi,94660.0,unknown_object,0.3647,607.16,391.01,648.98,440.0,2049.4,41.83,48.99,0.854,False,,True,unattributed,25,evt_01-P04_desk_work_surface_0027,8947b3c0adfa1d58,native_source_context_fallback,no_pose_observation,7171.1,7.01,,1,01/e1/v1,
corpus_01,01.Candidate was found using a mobile phone in the examination hall..mkv,b842b03e5784d867e93770560d88150a526250df69077cd3065edbbd4c842098,rf_detr_sahi,94660.0,unknown_object,0.6186,608.32,473.47,641.97,539.92,2235.9,33.65,66.45,0.506,False,,True,unattributed,24,evt_01-P04_desk_work_surface_0027,d4f9c8f6462ae00e,native_source_context_fallback,no_pose_observation,16002.9,3.93,,1,01/e1/v1,
corpus_01,01.Candidate was found using a mobile phone in the examination hall..mkv,b842b03e5784d867e93770560d88150a526250df69077cd3065edbbd4c842098,rf_detr_sahi,94660.0,unknown_object,0.5439,630.0,460.2,684.96,550.6,4968.6,54.96,90.41,0.608,False,,True,unattributed,24,evt_01-P04_desk_work_surface_0027,d4f9c8f6462ae00e,native_source_context_fallback,no_pose_observation,16002.9,3.93,,1,01/e1/v1,
corpus_01,01.Candidate was found using a mobile phone in the examination hall..mkv,b842b03e5784d867e93770560d88150a526250df69077cd3065edbbd4c842098,rf_detr_sahi,94660.0,unknown_object,0.4746,630.11,389.15,685.0,479.89,4981.0,54.89,90.75,0.605,False,,True,unattributed,24,evt_01-P04_desk_work_surface_0027,d4f9c8f6462ae00e,native_source_context_fallback,no_pose_observation,16002.9,3.93,,1,01/e1/v1,
corpus_01,01.Candidate was found using a mobile phone in the examination hall..mkv,b842b03e5784d867e93770560d88150a526250df69077cd3065edbbd4c842098,rf_detr_sahi,94660.0,unknown_object,0.2908,587.06,390.02,641.95,479.75,4925.2,54.89,89.73,0.612,False,,True,unattributed,24,evt_01-P04_desk_work_surface_0027,d4f9c8f6462ae00e,native_source_context_fallback,no_pose_observation,16002.9,3.93,,1,01/e1/v1,
corpus_01,01.Candidate was found using a mobile phone in the examination hall..mkv,b842b03e5784d867e93770560d88150a526250df69077cd3065edbbd4c842098,rf_detr_sahi,94660.0,unknown_object,0.256,603.94,413.01,684.79,550.76,11137.6,80.86,137.75,0.587,False,,True,unattributed,24,evt_01-P04_desk_work_surface_0027,d4f9c8f6462ae00e,native_source_context_fallback,no_pose_observation,16002.9,3.93,,1,01/e1/v1,
corpus_01,01.Candidate was found using a mobile phone in the examination hall..mkv,b842b03e5784d867e93770560d88150a526250df69077cd3065edbbd4c842098,rf_detr_sahi,94700.0,monitor_or_bezel,0.4644,495.0,395.0,531.84,451.94,2097.4,36.84,56.94,0.647,False,,True,unattributed,20,evt_01-P05_desk_work_surface_0036,2457bb791693b8c3,pose_hand_context,,62110.6,2.57,,1,01/e1/v1,rtmpose_baseline
corpus_01,01.Candidate was found using a mobile phone in the examination hall..mkv,b842b03e5784d867e93770560d88150a526250df69077cd3065edbbd4c842098,rf_detr_sahi,94700.0,unknown_object,0.4221,495.0,539.9,584.08,643.86,9260.9,89.08,103.96,0.857,False,,True,unattributed,20,evt_01-P05_desk_work_surface_0036,2457bb791693b8c3,pose_hand_context,,62110.6,2.57,,1,01/e1/v1,rtmpose_baseline
corpus_01,01.Candidate was found using a mobile phone in the examination hall..mkv,b842b03e5784d867e93770560d88150a526250df69077cd3065edbbd4c842098,rf_detr_sahi,94700.0,unknown_object,0.3902,625.7,395.14,689.81,435.94,2615.4,64.11,40.8,1.571,False,,True,unattributed,20,evt_01-P05_desk_work_surface_0036,2457bb791693b8c3,pose_hand_context,,62110.6,2.57,,1,01/e1/v1,rtmpose_baseline
corpus_01,01.Candidate was found using a mobile phone in the examination hall..mkv,b842b03e5784d867e93770560d88150a526250df69077cd3065edbbd4c842098,rf_detr_sahi,94700.0,unknown_object,0.3781,691.5,401.07,743.99,502.75,5336.7,52.48,101.69,0.516,False,,True,unattributed,20,evt_01-P05_desk_work_surface_0036,2457bb791693b8c3,pose_hand_context,,62110.6,2.57,,1,01/e1/v1,rtmpose_baseline
corpus_01,01.Candidate was found using a mobile phone in the examination hall..mkv,b842b03e5784d867e93770560d88150a526250df69077cd3065edbbd4c842098,rf_detr_sahi,94700.0,unknown_object,0.3205,624.51,395.0,739.79,456.59,7100.5,115.28,61.59,1.872,False,,True,unattributed,20,evt_01-P05_desk_work_surface_0036,2457bb791693b8c3,pose_hand_context,,62110.6,2.57,,1,01/e1/v1,rtmpose_baseline
corpus_01,01.Candidate was found using a mobile phone in the examination hall..mkv,b842b03e5784d867e93770560d88150a526250df69077cd3065edbbd4c842098,rf_detr_sahi,94700.0,unknown_object,0.2664,533.95,507.47,598.1,562.03,3499.5,64.14,54.56,1.176,False,,True,unattributed,20,evt_01-P05_desk_work_surface_0036,2457bb791693b8c3,pose_hand_context,,62110.6,2.57,,1,01/e1/v1,rtmpose_baseline
corpus_01,01.Candidate was found using a mobile phone in the examination hall..mkv,b842b03e5784d867e93770560d88150a526250df69077cd3065edbbd4c842098,rf_detr_sahi,95100.0,unknown_object,0.4949,497.72,541.37,598.01,684.77,14381.1,100.29,143.4,0.699,False,,True,unattributed,20,evt_01-P01_desk_work_surface_0004,19491eed25ce2506,pose_hand_context,,56539.3,2.69,,1,01/e1/v1,rtmpose_baseline
corpus_01,01.Candidate was found using a mobile phone in the examination hall..mkv,b842b03e5784d867e93770560d88150a526250df69077cd3065edbbd4c842098,rf_detr_sahi,95100.0,unknown_object,0.4806,608.22,448.0,709.29,532.66,8556.2,101.06,84.66,1.194,False,,True,unattributed,20,evt_01-P01_desk_work_surface_0004,19491eed25ce2506,pose_hand_context,,56539.3,2.69,,1,01/e1/v1,rtmpose_baseline
corpus_01,01.Candidate was found using a mobile phone in the examination hall..mkv,b842b03e5784d867e93770560d88150a526250df69077cd3065edbbd4c842098,rf_detr_sahi,95100.0,unknown_object,0.288,598.31,488.44,731.94,580.74,12333.4,133.62,92.3,1.448,False,,True,unattributed,20,evt_01-P01_desk_work_surface_0004,19491eed25ce2506,pose_hand_context,,56539.3,2.69,,1,01/e1/v1,rtmpose_baseline
corpus_01,01.Candidate was found using a mobile phone in the examination hall..mkv,b842b03e5784d867e93770560d88150a526250df69077cd3065edbbd4c842098,rf_detr_sahi,95100.0,unknown_object,0.2822,533.27,540.56,577.91,580.97,1803.8,44.64,40.41,1.105,False,,True,unattributed,20,evt_01-P01_desk_work_surface_0004,19491eed25ce2506,pose_hand_context,,56539.3,2.69,,1,01/e1/v1,rtmpose_baseline
corpus_01,01.Candidate was found using a mobile phone in the examination hall..mkv,b842b03e5784d867e93770560d88150a526250df69077cd3065edbbd4c842098,rf_detr_sahi,95620.0,unknown_object,0.5988,521.0,611.04,594.14,711.92,7378.0,73.14,100.88,0.725,False,,True,unattributed,26,evt_01-P01_upper_body_0008,48b9f50b0d190acd,pose_hand_context,,32826.2,3.53,,1,01/e1/v1,rtmpose_baseline
corpus_01,01.Candidate was found using a mobile phone in the examination hall..mkv,b842b03e5784d867e93770560d88150a526250df69077cd3065edbbd4c842098,rf_detr_sahi,95620.0,unknown_object,0.343,521.53,540.41,593.99,632.84,6697.8,72.46,92.43,0.784,False,,True,unattributed,26,evt_01-P01_upper_body_0008,48b9f50b0d190acd,pose_hand_context,,32826.2,3.53,,1,01/e1/v1,rtmpose_baseline
corpus_01,01.Candidate was found using a mobile phone in the examination hall..mkv,b842b03e5784d867e93770560d88150a526250df69077cd3065edbbd4c842098,rf_detr_sahi,95620.0,unknown_object,0.3398,660.36,559.68,687.79,587.19,754.6,27.43,27.51,0.997,False,,True,unattributed,26,evt_01-P01_upper_body_0008,48b9f50b0d190acd,pose_hand_context,,32826.2,3.53,,1,01/e1/v1,rtmpose_baseline
corpus_01,01.Candidate was found using a mobile phone in the examination hall..mkv,b842b03e5784d867e93770560d88150a526250df69077cd3065edbbd4c842098,rf_detr_sahi,95620.0,monitor_or_bezel,0.3268,521.0,540.26,595.04,709.68,12544.2,74.04,169.42,0.437,False,,True,unattributed,26,evt_01-P01_upper_body_0008,48b9f50b0d190acd,pose_hand_context,,32826.2,3.53,,1,01/e1/v1,rtmpose_baseline
corpus_01,01.Candidate was found using a mobile phone in the examination hall..mkv,b842b03e5784d867e93770560d88150a526250df69077cd3065edbbd4c842098,rf_detr_sahi,95620.0,unknown_object,0.2947,600.11,611.07,667.81,711.85,6822.3,67.69,100.78,0.672,False,,True,unattributed,26,evt_01-P01_upper_body_0008,48b9f50b0d190acd,pose_hand_context,,32826.2,3.53,,1,01/e1/v1,rtmpose_baseline
corpus_01,01.Candidate was found using a mobile phone in the examination hall..mkv,b842b03e5784d867e93770560d88150a526250df69077cd3065edbbd4c842098,rf_detr_sahi,95620.0,bag,0.2588,521.0,540.26,595.04,709.68,12544.2,74.04,169.42,0.437,False,,True,unattributed,26,evt_01-P01_upper_body_0008,48b9f50b0d190acd,pose_hand_context,,32826.2,3.53,,1,01/e1/v1,rtmpose_baseline
corpus_01,01.Candidate was found using a mobile phone in the examination hall..mkv,b842b03e5784d867e93770560d88150a526250df69077cd3065edbbd4c842098,rf_detr_sahi,95620.0,unknown_object,0.348,658.9,454.72,761.0,528.0,7482.4,102.1,73.28,1.393,False,,True,unattributed,20,evt_01-P01_upper_body_0008,c4a98c8f93f89b62,pose_hand_context,,42115.2,3.12,,1,01/e1/v1,rtmpose_baseline
corpus_01,01.Candidate was found using a mobile phone in the examination hall..mkv,b842b03e5784d867e93770560d88150a526250df69077cd3065edbbd4c842098,rf_detr_sahi,95620.0,unknown_object,0.3134,646.39,503.1,671.0,617.83,2823.5,24.61,114.73,0.215,False,,True,unattributed,20,evt_01-P01_upper_body_0008,c4a98c8f93f89b62,pose_hand_context,,42115.2,3.12,,1,01/e1/v1,rtmpose_baseline
corpus_01,01.Candidate was found using a mobile phone in the examination hall..mkv,b842b03e5784d867e93770560d88150a526250df69077cd3065edbbd4c842098,rf_detr_sahi,95620.0,unknown_object,0.2939,646.7,503.0,760.95,617.95,13132.6,114.25,114.95,0.994,False,,True,unattributed,20,evt_01-P01_upper_body_0008,c4a98c8f93f89b62,pose_hand_context,,42115.2,3.12,,1,01/e1/v1,rtmpose_baseline
corpus_01,01.Candidate was found using a mobile phone in the examination hall..mkv,b842b03e5784d867e93770560d88150a526250df69077cd3065edbbd4c842098,rf_detr_sahi,95620.0,unknown_object,0.2877,556.01,540.27,591.26,617.87,2735.2,35.25,77.6,0.454,False,,True,unattributed,20,evt_01-P01_upper_body_0008,c4a98c8f93f89b62,pose_hand_context,,42115.2,3.12,,1,01/e1/v1,rtmpose_baseline
corpus_01,01.Candidate was found using a mobile phone in the examination hall..mkv,b842b03e5784d867e93770560d88150a526250df69077cd3065edbbd4c842098,rf_detr_sahi,95660.0,unknown_object,0.5427,661.6,417.12,758.96,527.91,10787.2,97.36,110.79,0.879,False,,True,unattributed,20,evt_01-P04_desk_work_surface_0027,1b8313e4e1b97b70,pose_hand_context,,39315.0,3.23,,1,01/e1/v1,rtmpose_baseline
corpus_01,01.Candidate was found using a mobile phone in the examination hall..mkv,b842b03e5784d867e93770560d88150a526250df69077cd3065edbbd4c842098,rf_detr_sahi,95660.0,unknown_object,0.4084,649.92,503.0,758.84,615.0,12199.0,108.92,112.0,0.973,False,,True,unattributed,20,evt_01-P04_desk_work_surface_0027,1b8313e4e1b97b70,pose_hand_context,,39315.0,3.23,,1,01/e1/v1,rtmpose_baseline
corpus_01,01.Candidate was found using a mobile phone in the examination hall..mkv,b842b03e5784d867e93770560d88150a526250df69077cd3065edbbd4c842098,rf_detr_sahi,95660.0,unknown_object,0.5579,517.09,609.03,593.71,710.0,7736.5,76.62,100.97,0.759,False,,True,unattributed,26,evt_01-P04_desk_work_surface_0027,628c4b68dc11c3fc,pose_hand_context,,32666.9,3.54,,1,01/e1/v1,rtmpose_baseline
corpus_01,01.Candidate was found using a mobile phone in the examination hall..mkv,b842b03e5784d867e93770560d88150a526250df69077cd3065edbbd4c842098,rf_detr_sahi,95660.0,unknown_object,0.5285,596.09,609.16,671.05,709.97,7556.2,74.96,100.81,0.744,False,,True,unattributed,26,evt_01-P04_desk_work_surface_0027,628c4b68dc11c3fc,pose_hand_context,,32666.9,3.54,,1,01/e1/v1,rtmpose_baseline
corpus_01,01.Candidate was found using a mobile phone in the examination hall..mkv,b842b03e5784d867e93770560d88150a526250df69077cd3065edbbd4c842098,rf_detr_sahi,95660.0,unknown_object,0.4738,517.49,540.65,590.74,630.72,6597.8,73.25,90.07,0.813,False,,True,unattributed,26,evt_01-P04_desk_work_surface_0027,628c4b68dc11c3fc,pose_hand_context,,32666.9,3.54,,1,01/e1/v1,rtmpose_baseline
corpus_01,01.Candidate was found using a mobile phone in the examination hall..mkv,b842b03e5784d867e93770560d88150a526250df69077cd3065edbbd4c842098,rf_detr_sahi,95700.0,unknown_object,0.3906,654.28,506.03,754.96,614.0,10870.2,100.68,107.97,0.933,False,,True,unattributed,20,evt_01-P05_desk_work_surface_0036,3788ec6b46b996b8,pose_hand_context,,36588.0,3.35,,1,01/e1/v1,rtmpose_baseline
corpus_01,01.Candidate was found using a mobile phone in the examination hall..mkv,b842b03e5784d867e93770560d88150a526250df69077cd3065edbbd4c842098,rf_detr_sahi,95700.0,monitor_or_bezel,0.2664,564.0,423.0,606.49,503.22,3408.8,42.49,80.22,0.53,False,,True,unattributed,20,evt_01-P05_desk_work_surface_0036,3788ec6b46b996b8,pose_hand_context,,36588.0,3.35,,1,01/e1/v1,rtmpose_baseline
corpus_01,01.Candidate was found using a mobile phone in the examination hall..mkv,b842b03e5784d867e93770560d88150a526250df69077cd3065edbbd4c842098,rf_detr_sahi,95700.0,unknown_object,0.4549,514.24,608.1,592.19,707.9,7780.1,77.95,99.81,0.781,False,,True,unattributed,26,evt_01-P05_desk_work_surface_0036,9fd3aca8051c8b02,pose_hand_context,,31584.4,3.6,,1,01/e1/v1,rtmpose_baseline
corpus_01,01.Candidate was found using a mobile phone in the examination hall..mkv,b842b03e5784d867e93770560d88150a526250df69077cd3065edbbd4c842098,rf_detr_sahi,95700.0,unknown_object,0.3946,514.05,541.0,586.55,629.87,6442.1,72.49,88.87,0.816,False,,True,unattributed,26,evt_01-P05_desk_work_surface_0036,9fd3aca8051c8b02,pose_hand_context,,31584.4,3.6,,1,01/e1/v1,rtmpose_baseline
corpus_01,01.Candidate was found using a mobile phone in the examination hall..mkv,b842b03e5784d867e93770560d88150a526250df69077cd3065edbbd4c842098,rf_detr_sahi,95700.0,bag,0.3511,514.81,540.56,591.74,707.52,12844.2,76.93,166.95,0.461,False,,True,unattributed,26,evt_01-P05_desk_work_surface_0036,9fd3aca8051c8b02,pose_hand_context,,31584.4,3.6,,1,01/e1/v1,rtmpose_baseline
corpus_01,01.Candidate was found using a mobile phone in the examination hall..mkv,b842b03e5784d867e93770560d88150a526250df69077cd3065edbbd4c842098,rf_detr_sahi,95700.0,unknown_object,0.3057,671.44,578.73,691.0,629.9,1000.7,19.56,51.16,0.382,False,,True,unattributed,26,evt_01-P05_desk_work_surface_0036,9fd3aca8051c8b02,pose_hand_context,,31584.4,3.6,,1,01/e1/v1,rtmpose_baseline
corpus_01,01.Candidate was found using a mobile phone in the examination hall..mkv,b842b03e5784d867e93770560d88150a526250df69077cd3065edbbd4c842098,rf_detr_sahi,95700.0,unknown_object,0.2979,591.19,608.08,673.31,708.0,8205.3,82.12,99.92,0.822,False,,True,unattributed,26,evt_01-P05_desk_work_surface_0036,9fd3aca8051c8b02,pose_hand_context,,31584.4,3.6,,1,01/e1/v1,rtmpose_baseline
corpus_01,01.Candidate was found using a mobile phone in the examination hall..mkv,b842b03e5784d867e93770560d88150a526250df69077cd3065edbbd4c842098,rf_detr_sahi,95740.0,unknown_object,0.5078,514.05,540.79,581.6,628.74,5940.8,67.55,87.95,0.768,False,,True,unattributed,26,evt_01-P05_upper_body_0039,4d2b2dc0bdd9275b,pose_hand_context,,30074.5,3.69,,1,01/e1/v1,rtmpose_baseline
corpus_01,01.Candidate was found using a mobile phone in the examination hall..mkv,b842b03e5784d867e93770560d88150a526250df69077cd3065edbbd4c842098,rf_detr_sahi,95740.0,unknown_object,0.3922,661.83,608.0,686.97,704.98,2438.4,25.14,96.98,0.259,False,,True,unattributed,26,evt_01-P05_upper_body_0039,4d2b2dc0bdd9275b,pose_hand_context,,30074.5,3.69,,1,01/e1/v1,rtmpose_baseline
corpus_01,01.Candidate was found using a mobile phone in the examination hall..mkv,b842b03e5784d867e93770560d88150a526250df69077cd3065edbbd4c842098,rf_detr_sahi,95740.0,unknown_object,0.3237,657.35,505.0,758.85,614.0,11063.6,101.5,109.0,0.931,False,,True,unattributed,20,evt_01-P05_upper_body_0039,8a8e59e075e5afb1,pose_hand_context,,38189.0,3.27,,1,01/e1/v1,rtmpose_baseline
corpus_01,01.Candidate was found using a mobile phone in the examination hall..mkv,b842b03e5784d867e93770560d88150a526250df69077cd3065edbbd4c842098,rf_detr_sahi,95740.0,unknown_object,0.2618,657.07,505.05,672.98,583.15,1242.5,15.91,78.1,0.204,False,,True,unattributed,20,evt_01-P05_upper_body_0039,8a8e59e075e5afb1,pose_hand_context,,38189.0,3.27,,1,01/e1/v1,rtmpose_baseline
corpus_01,01.Candidate was found using a mobile phone in the examination hall..mkv,b842b03e5784d867e93770560d88150a526250df69077cd3065edbbd4c842098,rf_detr_sahi,96100.0,unknown_object,0.4167,509.34,540.53,581.99,621.81,5905.2,72.65,81.29,0.894,False,,True,unattributed,26,evt_01-P01_desk_work_surface_0004,4d6072c5f99bf614,pose_hand_context,,31237.0,3.62,,1,01/e1/v1,rtmpose_baseline
corpus_01,01.Candidate was found using a mobile phone in the examination hall..mkv,b842b03e5784d867e93770560d88150a526250df69077cd3065edbbd4c842098,rf_detr_sahi,96620.0,unknown_object,0.5525,656.52,549.06,769.92,663.0,12920.6,113.4,113.94,0.995,False,,True,unattributed,20,evt_01-P01_upper_body_0008,454d4cd592a5a5cc,pose_hand_context,,41379.7,3.15,,1,01/e1/v1,rtmpose_baseline
corpus_01,01.Candidate was found using a mobile phone in the examination hall..mkv,b842b03e5784d867e93770560d88150a526250df69077cd3065edbbd4c842098,rf_detr_sahi,96620.0,unknown_object,0.5539,520.0,539.73,599.34,657.94,9378.9,79.34,118.21,0.671,False,,True,unattributed,26,evt_01-P01_upper_body_0008,c8248db94738d8ff,pose_hand_context,,30157.8,3.69,,1,01/e1/v1,rtmpose_baseline
corpus_01,01.Candidate was found using a mobile phone in the examination hall..mkv,b842b03e5784d867e93770560d88150a526250df69077cd3065edbbd4c842098,rf_detr_sahi,96620.0,unknown_object,0.3392,645.66,485.13,694.0,581.82,4674.1,48.34,96.69,0.5,False,,True,unattributed,26,evt_01-P01_upper_body_0008,c8248db94738d8ff,pose_hand_context,,30157.8,3.69,,1,01/e1/v1,rtmpose_baseline
corpus_01,01.Candidate was found using a mobile phone in the examination hall..mkv,b842b03e5784d867e93770560d88150a526250df69077cd3065edbbd4c842098,rf_detr_sahi,96620.0,unknown_object,0.272,645.73,561.08,689.28,581.34,882.4,43.56,20.26,2.15,False,,True,unattributed,26,evt_01-P01_upper_body_0008,c8248db94738d8ff,pose_hand_context,,30157.8,3.69,,1,01/e1/v1,rtmpose_baseline
corpus_01,01.Candidate was found using a mobile phone in the examination hall..mkv,b842b03e5784d867e93770560d88150a526250df69077cd3065edbbd4c842098,rf_detr_sahi,96660.0,unknown_object,0.4776,641.6,493.12,683.0,575.81,3423.4,41.4,82.69,0.501,False,,True,unattributed,26,evt_01-P04_desk_work_surface_0027,ac5bc3b3c54d377f,pose_hand_context,,21744.5,4.34,,1,01/e1/v1,rtmpose_baseline
corpus_01,01.Candidate was found using a mobile phone in the examination hall..mkv,b842b03e5784d867e93770560d88150a526250df69077cd3065edbbd4c842098,rf_detr_sahi,96660.0,unknown_object,0.4575,535.0,539.73,599.89,640.98,6569.8,64.89,101.25,0.641,False,,True,unattributed,26,evt_01-P04_desk_work_surface_0027,ac5bc3b3c54d377f,pose_hand_context,,21744.5,4.34,,1,01/e1/v1,rtmpose_baseline
corpus_01,01.Candidate was found using a mobile phone in the examination hall..mkv,b842b03e5784d867e93770560d88150a526250df69077cd3065edbbd4c842098,rf_detr_sahi,96660.0,unknown_object,0.427,641.19,558.02,682.79,581.42,973.1,41.59,23.39,1.778,False,,True,unattributed,26,evt_01-P04_desk_work_surface_0027,ac5bc3b3c54d377f,pose_hand_context,,21744.5,4.34,,1,01/e1/v1,rtmpose_baseline
corpus_01,01.Candidate was found using a mobile phone in the examination hall..mkv,b842b03e5784d867e93770560d88150a526250df69077cd3065edbbd4c842098,rf_detr_sahi,96660.0,unknown_object,0.3101,535.11,507.58,604.8,576.0,4768.5,69.7,68.42,1.019,False,,True,unattributed,26,evt_01-P04_desk_work_surface_0027,ac5bc3b3c54d377f,pose_hand_context,,21744.5,4.34,,1,01/e1/v1,rtmpose_baseline
corpus_01,01.Candidate was found using a mobile phone in the examination hall..mkv,b842b03e5784d867e93770560d88150a526250df69077cd3065edbbd4c842098,rf_detr_sahi,96660.0,unknown_object,0.4888,665.75,573.24,675.0,660.82,809.9,9.25,87.59,0.106,False,,True,unattributed,20,evt_01-P04_desk_work_surface_0027,b2c2a6ffb7bd733c,pose_hand_context,,41192.8,3.15,,1,01/e1/v1,rtmpose_baseline
corpus_01,01.Candidate was found using a mobile phone in the examination hall..mkv,b842b03e5784d867e93770560d88150a526250df69077cd3065edbbd4c842098,rf_detr_sahi,96660.0,unknown_object,0.3945,650.0,547.06,763.81,660.93,12959.8,113.81,113.87,0.999,False,,True,unattributed,20,evt_01-P04_desk_work_surface_0027,b2c2a6ffb7bd733c,pose_hand_context,,41192.8,3.15,,1,01/e1/v1,rtmpose_baseline
corpus_01,01.Candidate was found using a mobile phone in the examination hall..mkv,b842b03e5784d867e93770560d88150a526250df69077cd3065edbbd4c842098,rf_detr_sahi,96660.0,unknown_object,0.3164,650.0,458.07,764.0,572.0,12988.5,114.0,113.93,1.001,False,,True,unattributed,20,evt_01-P04_desk_work_surface_0027,b2c2a6ffb7bd733c,pose_hand_context,,41192.8,3.15,,1,01/e1/v1,rtmpose_baseline
corpus_01,01.Candidate was found using a mobile phone in the examination hall..mkv,b842b03e5784d867e93770560d88150a526250df69077cd3065edbbd4c842098,rf_detr_sahi,96700.0,unknown_object,0.6269,648.0,449.32,764.0,564.85,13401.7,116.0,115.53,1.004,False,,True,unattributed,20,evt_01-P05_desk_work_surface_0036,2013532c94610ce2,pose_hand_context,,42733.2,3.1,,1,01/e1/v1,rtmpose_baseline
corpus_01,01.Candidate was found using a mobile phone in the examination hall..mkv,b842b03e5784d867e93770560d88150a526250df69077cd3065edbbd4c842098,rf_detr_sahi,96700.0,unknown_object,0.3179,683.83,449.0,764.0,484.22,2823.9,80.17,35.22,2.276,False,,True,unattributed,20,evt_01-P05_desk_work_surface_0036,2013532c94610ce2,pose_hand_context,,42733.2,3.1,,1,01/e1/v1,rtmpose_baseline
corpus_01,01.Candidate was found using a mobile phone in the examination hall..mkv,b842b03e5784d867e93770560d88150a526250df69077cd3065edbbd4c842098,rf_detr_sahi,96700.0,unknown_object,0.2951,557.15,449.0,674.0,565.0,13554.2,116.85,116.0,1.007,False,,True,unattributed,20,evt_01-P05_desk_work_surface_0036,2013532c94610ce2,pose_hand_context,,42733.2,3.1,,1,01/e1/v1,rtmpose_baseline
corpus_01,01.Candidate was found using a mobile phone in the examination hall..mkv,b842b03e5784d867e93770560d88150a526250df69077cd3065edbbd4c842098,rf_detr_sahi,96700.0,unknown_object,0.2782,664.44,570.86,674.0,655.98,813.8,9.56,85.13,0.112,False,,True,unattributed,20,evt_01-P05_desk_work_surface_0036,2013532c94610ce2,pose_hand_context,,42733.2,3.1,,1,01/e1/v1,rtmpose_baseline
corpus_01,01.Candidate was found using a mobile phone in the examination hall..mkv,b842b03e5784d867e93770560d88150a526250df69077cd3065edbbd4c842098,rf_detr_sahi,96700.0,unknown_object,0.274,648.0,539.04,763.94,655.95,13554.5,115.94,116.91,0.992,False,,True,unattributed,20,evt_01-P05_desk_work_surface_0036,2013532c94610ce2,pose_hand_context,,42733.2,3.1,,1,01/e1/v1,rtmpose_baseline
corpus_01,01.Candidate was found using a mobile phone in the examination hall..mkv,b842b03e5784d867e93770560d88150a526250df69077cd3065edbbd4c842098,rf_detr_sahi,96700.0,unknown_object,0.3854,536.0,540.11,598.01,628.97,5509.8,62.01,88.86,0.698,False,,True,unattributed,26,evt_01-P05_desk_work_surface_0036,f3fa2b07d694c3c9,pose_hand_context,,20181.0,4.51,,1,01/e1/v1,rtmpose_baseline
corpus_01,01.Candidate was found using a mobile phone in the examination hall..mkv,b842b03e5784d867e93770560d88150a526250df69077cd3065edbbd4c842098,rf_detr_sahi,96700.0,unknown_object,0.3496,637.37,487.07,678.0,566.96,3246.0,40.63,79.9,0.508,False,,True,unattributed,26,evt_01-P05_desk_work_surface_0036,f3fa2b07d694c3c9,pose_hand_context,,20181.0,4.51,,1,01/e1/v1,rtmpose_baseline
corpus_01,01.Candidate was found using a mobile phone in the examination hall..mkv,b842b03e5784d867e93770560d88150a526250df69077cd3065edbbd4c842098,rf_detr_sahi,96700.0,unknown_object,0.262,536.19,507.48,605.42,567.0,4121.3,69.24,59.52,1.163,False,,True,unattributed,26,evt_01-P05_desk_work_surface_0036,f3fa2b07d694c3c9,pose_hand_context,,20181.0,4.51,,1,01/e1/v1,rtmpose_baseline
corpus_01,01.Candidate was found using a mobile phone in the examination hall..mkv,b842b03e5784d867e93770560d88150a526250df69077cd3065edbbd4c842098,rf_detr_sahi,96740.0,unknown_object,0.5362,641.0,453.17,756.84,567.94,13295.7,115.84,114.78,1.009,False,,True,unattributed,20,evt_01-P05_upper_body_0039,457bf637bc5c4528,pose_hand_context,,42526.7,3.1,,1,01/e1/v1,rtmpose_baseline
corpus_01,01.Candidate was found using a mobile phone in the examination hall..mkv,b842b03e5784d867e93770560d88150a526250df69077cd3065edbbd4c842098,rf_detr_sahi,96740.0,unknown_object,0.4472,531.1,509.14,628.69,621.89,11003.8,97.59,112.75,0.866,False,,True,unattributed,26,evt_01-P05_upper_body_0039,eedd3f02ec035821,pose_hand_context,,22010.7,4.31,,1,01/e1/v1,rtmpose_baseline
corpus_01,01.Candidate was found using a mobile phone in the examination hall..mkv,b842b03e5784d867e93770560d88150a526250df69077cd3065edbbd4c842098,rf_detr_sahi,96740.0,unknown_object,0.2866,531.06,474.01,615.0,556.92,6958.8,83.94,82.9,1.013,False,,True,unattributed,26,evt_01-P05_upper_body_0039,eedd3f02ec035821,pose_hand_context,,22010.7,4.31,,1,01/e1/v1,rtmpose_baseline
corpus_01,01.Candidate was found using a mobile phone in the examination hall..mkv,b842b03e5784d867e93770560d88150a526250df69077cd3065edbbd4c842098,rf_detr_sahi,96740.0,unknown_object,0.2736,664.52,570.7,680.0,621.84,791.8,15.48,51.14,0.303,False,,True,unattributed,26,evt_01-P05_upper_body_0039,eedd3f02ec035821,pose_hand_context,,22010.7,4.31,,1,01/e1/v1,rtmpose_baseline
corpus_01,01.Candidate was found using a mobile phone in the examination hall..mkv,b842b03e5784d867e93770560d88150a526250df69077cd3065edbbd4c842098,rf_detr_sahi,96740.0,unknown_object,0.2539,633.94,474.0,680.0,556.79,3813.7,46.06,82.79,0.556,False,,True,unattributed,26,evt_01-P05_upper_body_0039,eedd3f02ec035821,pose_hand_context,,22010.7,4.31,,1,01/e1/v1,rtmpose_baseline
corpus_01,01.Candidate was found using a mobile phone in the examination hall..mkv,b842b03e5784d867e93770560d88150a526250df69077cd3065edbbd4c842098,rf_detr_sahi,97100.0,mouse,0.3717,526.47,464.27,536.72,477.76,138.2,10.25,13.49,0.76,False,,True,unattributed,28,evt_01-P01_desk_work_surface_0004,35d6a1ba598258ff,pose_hand_context,,44487.2,3.03,,1,01/e1/v1,rtmpose_baseline
corpus_01,01.Candidate was found using a mobile phone in the examination hall..mkv,b842b03e5784d867e93770560d88150a526250df69077cd3065edbbd4c842098,rf_detr_sahi,97100.0,stationery,0.2981,616.09,368.9,660.65,380.74,527.6,44.56,11.84,3.764,False,,True,unattributed,28,evt_01-P01_desk_work_surface_0004,35d6a1ba598258ff,pose_hand_context,,44487.2,3.03,,1,01/e1/v1,rtmpose_baseline
corpus_01,01.Candidate was found using a mobile phone in the examination hall..mkv,b842b03e5784d867e93770560d88150a526250df69077cd3065edbbd4c842098,rf_detr_sahi,97100.0,unknown_object,0.2889,616.0,337.56,735.0,452.77,13711.0,119.0,115.22,1.033,False,,True,unattributed,28,evt_01-P01_desk_work_surface_0004,35d6a1ba598258ff,pose_hand_context,,44487.2,3.03,,1,01/e1/v1,rtmpose_baseline
corpus_01,01.Candidate was found using a mobile phone in the examination hall..mkv,b842b03e5784d867e93770560d88150a526250df69077cd3065edbbd4c842098,rf_detr_sahi,97100.0,mouse,0.3717,526.47,464.27,536.72,477.76,138.2,10.25,13.49,0.76,False,,True,unattributed,27,evt_01-P01_desk_work_surface_0004,35d6a1ba598258ff,pose_hand_context,,44487.2,3.03,,1,01/e1/v1,rtmpose_baseline
corpus_01,01.Candidate was found using a mobile phone in the examination hall..mkv,b842b03e5784d867e93770560d88150a526250df69077cd3065edbbd4c842098,rf_detr_sahi,97100.0,stationery,0.2981,616.09,368.9,660.65,380.74,527.6,44.56,11.84,3.764,False,,True,unattributed,27,evt_01-P01_desk_work_surface_0004,35d6a1ba598258ff,pose_hand_context,,44487.2,3.03,,1,01/e1/v1,rtmpose_baseline
corpus_01,01.Candidate was found using a mobile phone in the examination hall..mkv,b842b03e5784d867e93770560d88150a526250df69077cd3065edbbd4c842098,rf_detr_sahi,97100.0,unknown_object,0.2889,616.0,337.56,735.0,452.77,13711.0,119.0,115.22,1.033,False,,True,unattributed,27,evt_01-P01_desk_work_surface_0004,35d6a1ba598258ff,pose_hand_context,,44487.2,3.03,,1,01/e1/v1,rtmpose_baseline
corpus_01,01.Candidate was found using a mobile phone in the examination hall..mkv,b842b03e5784d867e93770560d88150a526250df69077cd3065edbbd4c842098,rf_detr_sahi,97100.0,unknown_object,0.6166,761.33,339.0,827.16,482.8,9465.9,65.83,143.8,0.458,False,,True,unattributed,20,evt_01-P01_desk_work_surface_0004,d386ade6d9124438,native_source_context_fallback,wrist_confidence_below_floor,72098.3,1.69,,1,01/e1/v1,rtmpose_baseline
corpus_01,01.Candidate was found using a mobile phone in the examination hall..mkv,b842b03e5784d867e93770560d88150a526250df69077cd3065edbbd4c842098,rf_detr_sahi,97100.0,unknown_object,0.4114,691.32,339.0,747.0,477.14,7691.1,55.68,138.14,0.403,False,,True,unattributed,20,evt_01-P01_desk_work_surface_0004,d386ade6d9124438,native_source_context_fallback,wrist_confidence_below_floor,72098.3,1.69,,1,01/e1/v1,rtmpose_baseline
corpus_01,01.Candidate was found using a mobile phone in the examination hall..mkv,b842b03e5784d867e93770560d88150a526250df69077cd3065edbbd4c842098,rf_detr_sahi,97100.0,unknown_object,0.3928,810.08,505.18,831.0,702.02,4117.8,20.92,196.84,0.106,False,,True,unattributed,20,evt_01-P01_desk_work_surface_0004,d386ade6d9124438,native_source_context_fallback,wrist_confidence_below_floor,72098.3,1.69,,1,01/e1/v1,rtmpose_baseline
corpus_01,01.Candidate was found using a mobile phone in the examination hall..mkv,b842b03e5784d867e93770560d88150a526250df69077cd3065edbbd4c842098,rf_detr_sahi,97100.0,bag,0.3857,811.5,505.65,831.0,550.7,878.6,19.5,45.05,0.433,False,,True,unattributed,20,evt_01-P01_desk_work_surface_0004,d386ade6d9124438,native_source_context_fallback,wrist_confidence_below_floor,72098.3,1.69,,1,01/e1/v1,rtmpose_baseline
corpus_01,01.Candidate was found using a mobile phone in the examination hall..mkv,b842b03e5784d867e93770560d88150a526250df69077cd3065edbbd4c842098,rf_detr_sahi,97100.0,monitor_or_bezel,0.3465,640.09,339.21,701.7,414.49,4638.6,61.61,75.29,0.818,False,,True,unattributed,20,evt_01-P01_desk_work_surface_0004,d386ade6d9124438,native_source_context_fallback,wrist_confidence_below_floor,72098.3,1.69,,1,01/e1/v1,rtmpose_baseline
corpus_01,01.Candidate was found using a mobile phone in the examination hall..mkv,b842b03e5784d867e93770560d88150a526250df69077cd3065edbbd4c842098,rf_detr_sahi,97100.0,unknown_object,0.289,640.0,546.51,669.41,622.03,2220.8,29.41,75.52,0.389,False,,True,unattributed,20,evt_01-P01_desk_work_surface_0004,d386ade6d9124438,native_source_context_fallback,wrist_confidence_below_floor,72098.3,1.69,,1,01/e1/v1,rtmpose_baseline
corpus_01,01.Candidate was found using a mobile phone in the examination hall..mkv,b842b03e5784d867e93770560d88150a526250df69077cd3065edbbd4c842098,rf_detr_sahi,97100.0,unknown_object,0.2809,640.47,339.2,746.8,550.4,22456.6,106.33,211.21,0.503,False,,True,unattributed,20,evt_01-P01_desk_work_surface_0004,d386ade6d9124438,native_source_context_fallback,wrist_confidence_below_floor,72098.3,1.69,,1,01/e1/v1,rtmpose_baseline
corpus_01,01.Candidate was found using a mobile phone in the examination hall..mkv,b842b03e5784d867e93770560d88150a526250df69077cd3065edbbd4c842098,rf_detr_sahi,97620.0,unknown_object,0.4531,642.1,292.33,706.86,458.55,10764.0,64.76,166.22,0.39,False,,True,unattributed,28,evt_01-P01_upper_body_0008,a787e1a036ae9505,native_source_context_fallback,wrist_confidence_below_floor,34442.6,2.15,,1,01/e1/v1,rtmpose_baseline
corpus_01,01.Candidate was found using a mobile phone in the examination hall..mkv,b842b03e5784d867e93770560d88150a526250df69077cd3065edbbd4c842098,rf_detr_sahi,97620.0,bag,0.2915,642.08,422.02,707.0,588.75,10824.4,64.92,166.73,0.389,False,,True,unattributed,28,evt_01-P01_upper_body_0008,a787e1a036ae9505,native_source_context_fallback,wrist_confidence_below_floor,34442.6,2.15,,1,01/e1/v1,rtmpose_baseline
corpus_01,01.Candidate was found using a mobile phone in the examination hall..mkv,b842b03e5784d867e93770560d88150a526250df69077cd3065edbbd4c842098,rf_detr_sahi,97620.0,unknown_object,0.2518,642.0,419.41,685.7,570.83,6616.8,43.7,151.43,0.289,False,,True,unattributed,28,evt_01-P01_upper_body_0008,a787e1a036ae9505,native_source_context_fallback,wrist_confidence_below_floor,34442.6,2.15,,1,01/e1/v1,rtmpose_baseline
corpus_01,01.Candidate was found using a mobile phone in the examination hall..mkv,b842b03e5784d867e93770560d88150a526250df69077cd3065edbbd4c842098,rf_detr_sahi,97620.0,unknown_object,0.5695,721.15,432.08,819.0,530.88,9667.2,97.85,98.8,0.99,False,,True,unattributed,20,evt_01-P01_upper_body_0008,f7c2cc977d6ffafc,pose_hand_context,,30618.0,3.66,,1,01/e1/v1,rtmpose_baseline
corpus_01,01.Candidate was found using a mobile phone in the examination hall..mkv,b842b03e5784d867e93770560d88150a526250df69077cd3065edbbd4c842098,rf_detr_sahi,97620.0,unknown_object,0.3516,757.01,356.0,819.0,398.6,2640.9,61.99,42.6,1.455,False,,True,unattributed,20,evt_01-P01_upper_body_0008,f7c2cc977d6ffafc,pose_hand_context,,30618.0,3.66,,1,01/e1/v1,rtmpose_baseline
corpus_01,01.Candidate was found using a mobile phone in the examination hall..mkv,b842b03e5784d867e93770560d88150a526250df69077cd3065edbbd4c842098,rf_detr_sahi,97620.0,unknown_object,0.2779,644.03,368.71,660.31,378.15,153.6,16.28,9.44,1.724,False,,True,unattributed,20,evt_01-P01_upper_body_0008,f7c2cc977d6ffafc,pose_hand_context,,30618.0,3.66,,1,01/e1/v1,rtmpose_baseline
corpus_01,01.Candidate was found using a mobile phone in the examination hall..mkv,b842b03e5784d867e93770560d88150a526250df69077cd3065edbbd4c842098,rf_detr_sahi,97620.0,unknown_object,0.2747,644.11,356.13,698.41,413.13,3095.4,54.3,57.0,0.953,False,,True,unattributed,20,evt_01-P01_upper_body_0008,f7c2cc977d6ffafc,pose_hand_context,,30618.0,3.66,,1,01/e1/v1,rtmpose_baseline
corpus_01,01.Candidate was found using a mobile phone in the examination hall..mkv,b842b03e5784d867e93770560d88150a526250df69077cd3065edbbd4c842098,rf_detr_sahi,97620.0,unknown_object,0.2541,644.0,356.0,742.0,454.0,9604.0,98.0,98.0,1.0,False,,True,unattributed,20,evt_01-P01_upper_body_0008,f7c2cc977d6ffafc,pose_hand_context,,30618.0,3.66,,1,01/e1/v1,rtmpose_baseline
corpus_01,01.Candidate was found using a mobile phone in the examination hall..mkv,b842b03e5784d867e93770560d88150a526250df69077cd3065edbbd4c842098,rf_detr_sahi,97660.0,unknown_object,0.2808,643.1,290.44,707.98,457.25,10822.9,64.88,166.81,0.389,False,,True,unattributed,28,evt_01-P04_desk_work_surface_0027,3dede15876347b86,native_source_context_fallback,wrist_confidence_below_floor,34133.9,2.15,,1,01/e1/v1,rtmpose_baseline
corpus_01,01.Candidate was found using a mobile phone in the examination hall..mkv,b842b03e5784d867e93770560d88150a526250df69077cd3065edbbd4c842098,rf_detr_sahi,97660.0,bag,0.26,643.01,416.13,686.44,570.52,6705.1,43.43,154.38,0.281,False,,True,unattributed,28,evt_01-P04_desk_work_surface_0027,3dede15876347b86,native_source_context_fallback,wrist_confidence_below_floor,34133.9,2.15,,1,01/e1/v1,rtmpose_baseline
corpus_01,01.Candidate was found using a mobile phone in the examination hall..mkv,b842b03e5784d867e93770560d88150a526250df69077cd3065edbbd4c842098,rf_detr_sahi,97660.0,unknown_object,0.6052,719.09,431.06,818.0,528.89,9676.0,98.91,97.83,1.011,False,,True,unattributed,20,evt_01-P04_desk_work_surface_0027,72ee4af00e701c56,pose_hand_context,,30765.2,3.65,,1,01/e1/v1,rtmpose_baseline
corpus_01,01.Candidate was found using a mobile phone in the examination hall..mkv,b842b03e5784d867e93770560d88150a526250df69077cd3065edbbd4c842098,rf_detr_sahi,97660.0,mouse,0.6002,642.0,369.06,660.54,378.55,175.9,18.54,9.49,1.954,False,,True,unattributed,20,evt_01-P04_desk_work_surface_0027,72ee4af00e701c56,pose_hand_context,,30765.2,3.65,,1,01/e1/v1,rtmpose_baseline
corpus_01,01.Candidate was found using a mobile phone in the examination hall..mkv,b842b03e5784d867e93770560d88150a526250df69077cd3065edbbd4c842098,rf_detr_sahi,97660.0,unknown_object,0.4176,757.53,354.05,818.0,395.1,2482.4,60.47,41.05,1.473,False,,True,unattributed,20,evt_01-P04_desk_work_surface_0027,72ee4af00e701c56,pose_hand_context,,30765.2,3.65,,1,01/e1/v1,rtmpose_baseline
corpus_01,01.Candidate was found using a mobile phone in the examination hall..mkv,b842b03e5784d867e93770560d88150a526250df69077cd3065edbbd4c842098,rf_detr_sahi,97660.0,unknown_object,0.3645,719.18,363.55,817.91,452.92,8823.7,98.72,89.38,1.105,False,,True,unattributed,20,evt_01-P04_desk_work_surface_0027,72ee4af00e701c56,pose_hand_context,,30765.2,3.65,,1,01/e1/v1,rtmpose_baseline
corpus_01,01.Candidate was found using a mobile phone in the examination hall..mkv,b842b03e5784d867e93770560d88150a526250df69077cd3065edbbd4c842098,rf_detr_sahi,97660.0,bag,0.2634,642.14,405.44,686.46,529.0,5476.2,44.32,123.56,0.359,False,,True,unattributed,20,evt_01-P04_desk_work_surface_0027,72ee4af00e701c56,pose_hand_context,,30765.2,3.65,,1,01/e1/v1,rtmpose_baseline
corpus_01,01.Candidate was found using a mobile phone in the examination hall..mkv,b842b03e5784d867e93770560d88150a526250df69077cd3065edbbd4c842098,rf_detr_sahi,97700.0,mouse,0.3222,640.17,368.74,660.33,378.19,190.4,20.16,9.45,2.133,False,,True,unattributed,20,evt_01-P05_desk_work_surface_0036,5edd4160a12216b5,pose_hand_context,,30019.0,3.69,,1,01/e1/v1,rtmpose_baseline
corpus_01,01.Candidate was found using a mobile phone in the examination hall..mkv,b842b03e5784d867e93770560d88150a526250df69077cd3065edbbd4c842098,rf_detr_sahi,97700.0,unknown_object,0.3136,640.14,363.88,680.55,428.94,2629.0,40.41,65.06,0.621,False,,True,unattributed,20,evt_01-P05_desk_work_surface_0036,5edd4160a12216b5,pose_hand_context,,30019.0,3.69,,1,01/e1/v1,rtmpose_baseline
corpus_01,01.Candidate was found using a mobile phone in the examination hall..mkv,b842b03e5784d867e93770560d88150a526250df69077cd3065edbbd4c842098,rf_detr_sahi,97700.0,unknown_object,0.293,705.67,362.99,736.98,454.0,2849.2,31.31,91.01,0.344,False,,True,unattributed,20,evt_01-P05_desk_work_surface_0036,5edd4160a12216b5,pose_hand_context,,30019.0,3.69,,1,01/e1/v1,rtmpose_baseline
corpus_01,01.Candidate was found using a mobile phone in the examination hall..mkv,b842b03e5784d867e93770560d88150a526250df69077cd3065edbbd4c842098,rf_detr_sahi,97700.0,unknown_object,0.2576,759.44,356.0,813.0,392.78,1969.9,53.56,36.78,1.456,False,,True,unattributed,20,evt_01-P05_desk_work_surface_0036,5edd4160a12216b5,pose_hand_context,,30019.0,3.69,,1,01/e1/v1,rtmpose_baseline
corpus_01,01.Candidate was found using a mobile phone in the examination hall..mkv,b842b03e5784d867e93770560d88150a526250df69077cd3065edbbd4c842098,rf_detr_sahi,97700.0,unknown_object,0.403,645.12,289.5,708.93,455.54,10596.0,63.82,166.04,0.384,False,,True,unattributed,28,evt_01-P05_desk_work_surface_0036,d039c088a5263511,native_source_context_fallback,wrist_confidence_below_floor,33697.4,2.16,,1,01/e1/v1,rtmpose_baseline
corpus_01,01.Candidate was found using a mobile phone in the examination hall..mkv,b842b03e5784d867e93770560d88150a526250df69077cd3065edbbd4c842098,rf_detr_sahi,97700.0,bag,0.395,645.0,414.85,686.56,539.03,5160.4,41.56,124.18,0.335,False,,True,unattributed,28,evt_01-P05_desk_work_surface_0036,d039c088a5263511,native_source_context_fallback,wrist_confidence_below_floor,33697.4,2.16,,1,01/e1/v1,rtmpose_baseline
corpus_01,01.Candidate was found using a mobile phone in the examination hall..mkv,b842b03e5784d867e93770560d88150a526250df69077cd3065edbbd4c842098,rf_detr_sahi,97740.0,mouse,0.4646,640.17,368.65,660.34,378.18,192.4,20.18,9.54,2.116,False,,True,unattributed,20,evt_01-P05_upper_body_0039,8b5a21bfa005a049,pose_hand_context,,28655.7,3.78,,1,01/e1/v1,rtmpose_baseline
corpus_01,01.Candidate was found using a mobile phone in the examination hall..mkv,b842b03e5784d867e93770560d88150a526250df69077cd3065edbbd4c842098,rf_detr_sahi,97740.0,unknown_object,0.3371,714.0,361.03,808.98,450.98,8542.5,94.98,89.94,1.056,False,,True,unattributed,20,evt_01-P05_upper_body_0039,8b5a21bfa005a049,pose_hand_context,,28655.7,3.78,,1,01/e1/v1,rtmpose_baseline
corpus_01,01.Candidate was found using a mobile phone in the examination hall..mkv,b842b03e5784d867e93770560d88150a526250df69077cd3065edbbd4c842098,rf_detr_sahi,97740.0,unknown_object,0.3214,647.01,418.67,690.81,578.95,7019.3,43.79,160.28,0.273,False,,True,unattributed,28,evt_01-P05_upper_body_0039,bed6c0760f4b439b,native_source_context_fallback,wrist_confidence_below_floor,33069.7,2.17,,1,01/e1/v1,rtmpose_baseline
corpus_01,01.Candidate was found using a mobile phone in the examination hall..mkv,b842b03e5784d867e93770560d88150a526250df69077cd3065edbbd4c842098,rf_detr_sahi,97740.0,unknown_object,0.2983,647.06,288.6,684.61,406.29,4419.7,37.55,117.69,0.319,False,,True,unattributed,28,evt_01-P05_upper_body_0039,bed6c0760f4b439b,native_source_context_fallback,wrist_confidence_below_floor,33069.7,2.17,,1,01/e1/v1,rtmpose_baseline
corpus_01,01.Candidate was found using a mobile phone in the examination hall..mkv,b842b03e5784d867e93770560d88150a526250df69077cd3065edbbd4c842098,rf_detr_sahi,97740.0,unknown_object,0.2528,647.04,290.49,709.99,453.7,10274.5,62.96,163.2,0.386,False,,True,unattributed,28,evt_01-P05_upper_body_0039,bed6c0760f4b439b,native_source_context_fallback,wrist_confidence_below_floor,33069.7,2.17,,1,01/e1/v1,rtmpose_baseline
corpus_01,01.Candidate was found using a mobile phone in the examination hall..mkv,b842b03e5784d867e93770560d88150a526250df69077cd3065edbbd4c842098,rf_detr_sahi,98100.0,unknown_object,0.787,747.59,331.0,815.0,385.93,3703.1,67.41,54.93,1.227,False,,True,unattributed,20,evt_01-P01_desk_work_surface_0004,71abbb5fd0c7d14e,pose_hand_context,,33959.1,3.47,,1,01/e1/v1,rtmpose_baseline
corpus_01,01.Candidate was found using a mobile phone in the examination hall..mkv,b842b03e5784d867e93770560d88150a526250df69077cd3065edbbd4c842098,rf_detr_sahi,98100.0,stationery,0.7845,630.0,369.08,660.5,378.66,292.0,30.5,9.57,3.185,False,,True,unattributed,20,evt_01-P01_desk_work_surface_0004,71abbb5fd0c7d14e,pose_hand_context,,33959.1,3.47,,1,01/e1/v1,rtmpose_baseline
corpus_01,01.Candidate was found using a mobile phone in the examination hall..mkv,b842b03e5784d867e93770560d88150a526250df69077cd3065edbbd4c842098,rf_detr_sahi,98100.0,unknown_object,0.296,711.0,331.25,814.99,434.0,10683.8,103.99,102.74,1.012,False,,True,unattributed,20,evt_01-P01_desk_work_surface_0004,71abbb5fd0c7d14e,pose_hand_context,,33959.1,3.47,,1,01/e1/v1,rtmpose_baseline
corpus_01,01.Candidate was found using a mobile phone in the examination hall..mkv,b842b03e5784d867e93770560d88150a526250df69077cd3065edbbd4c842098,rf_detr_sahi,98100.0,unknown_object,0.3125,657.0,365.48,683.72,395.91,812.9,26.72,30.42,0.878,False,,True,unattributed,27,evt_01-P01_desk_work_surface_0004,f79b92f495320be0,native_source_context_fallback,wrist_confidence_below_floor,14279.0,4.19,,1,01/e1/v1,rtmpose_baseline
corpus_01,01.Candidate was found using a mobile phone in the examination hall..mkv,b842b03e5784d867e93770560d88150a526250df69077cd3065edbbd4c842098,rf_detr_sahi,98620.0,unknown_object,0.5571,611.0,364.92,674.91,414.99,3200.2,63.91,50.08,1.276,False,,True,unattributed,28,evt_01-P01_upper_body_0008,1daaddda17c52e86,pose_hand_context,,13174.4,5.58,,1,01/e1/v1,rtmpose_baseline
corpus_01,01.Candidate was found using a mobile phone in the examination hall..mkv,b842b03e5784d867e93770560d88150a526250df69077cd3065edbbd4c842098,rf_detr_sahi,98620.0,mouse,0.3804,639.68,368.99,660.58,377.56,179.2,20.9,8.57,2.437,False,,True,unattributed,28,evt_01-P01_upper_body_0008,1daaddda17c52e86,pose_hand_context,,13174.4,5.58,,1,01/e1/v1,rtmpose_baseline
corpus_01,01.Candidate was found using a mobile phone in the examination hall..mkv,b842b03e5784d867e93770560d88150a526250df69077cd3065edbbd4c842098,rf_detr_sahi,98620.0,bag,0.3015,636.18,412.03,693.4,464.98,3030.3,57.22,52.96,1.08,False,,True,unattributed,28,evt_01-P01_upper_body_0008,1daaddda17c52e86,pose_hand_context,,13174.4,5.58,,1,01/e1/v1,rtmpose_baseline
corpus_01,01.Candidate was found using a mobile phone in the examination hall..mkv,b842b03e5784d867e93770560d88150a526250df69077cd3065edbbd4c842098,rf_detr_sahi,98620.0,unknown_object,0.7515,801.0,303.0,896.57,346.2,4128.4,95.57,43.2,2.212,False,,True,unattributed,20,evt_01-P01_upper_body_0008,41e6582d3a372e79,pose_hand_context,,29515.2,3.73,,1,01/e1/v1,rtmpose_baseline
corpus_01,01.Candidate was found using a mobile phone in the examination hall..mkv,b842b03e5784d867e93770560d88150a526250df69077cd3065edbbd4c842098,rf_detr_sahi,98620.0,unknown_object,0.3397,726.0,325.53,781.68,399.97,4144.4,55.68,74.43,0.748,False,,True,unattributed,20,evt_01-P01_upper_body_0008,41e6582d3a372e79,pose_hand_context,,29515.2,3.73,,1,01/e1/v1,rtmpose_baseline
corpus_01,01.Candidate was found using a mobile phone in the examination hall..mkv,b842b03e5784d867e93770560d88150a526250df69077cd3065edbbd4c842098,rf_detr_sahi,98620.0,unknown_object,0.3121,801.0,303.13,896.73,399.97,9271.2,95.73,96.84,0.989,False,,True,unattributed,20,evt_01-P01_upper_body_0008,41e6582d3a372e79,pose_hand_context,,29515.2,3.73,,1,01/e1/v1,rtmpose_baseline
corpus_01,01.Candidate was found using a mobile phone in the examination hall..mkv,b842b03e5784d867e93770560d88150a526250df69077cd3065edbbd4c842098,rf_detr_sahi,98620.0,unknown_object,0.2925,801.42,378.09,897.0,474.9,9252.9,95.58,96.81,0.987,False,,True,unattributed,20,evt_01-P01_upper_body_0008,41e6582d3a372e79,pose_hand_context,,29515.2,3.73,,1,01/e1/v1,rtmpose_baseline
corpus_01,01.Candidate was found using a mobile phone in the examination hall..mkv,b842b03e5784d867e93770560d88150a526250df69077cd3065edbbd4c842098,rf_detr_sahi,98660.0,unknown_object,0.4947,805.23,298.0,901.0,395.0,9289.9,95.77,97.0,0.987,False,,True,unattributed,20,evt_01-P04_desk_work_surface_0027,2dac33bef600f6cd,pose_hand_context,,29247.8,3.74,,1,01/e1/v1,rtmpose_baseline
corpus_01,01.Candidate was found using a mobile phone in the examination hall..mkv,b842b03e5784d867e93770560d88150a526250df69077cd3065edbbd4c842098,rf_detr_sahi,98660.0,unknown_object,0.4463,817.73,298.0,887.03,341.37,3005.9,69.3,43.37,1.598,False,,True,unattributed,20,evt_01-P04_desk_work_surface_0027,2dac33bef600f6cd,pose_hand_context,,29247.8,3.74,,1,01/e1/v1,rtmpose_baseline
corpus_01,01.Candidate was found using a mobile phone in the examination hall..mkv,b842b03e5784d867e93770560d88150a526250df69077cd3065edbbd4c842098,rf_detr_sahi,98660.0,unknown_object,0.3054,805.38,373.01,901.0,469.0,9178.0,95.62,95.99,0.996,False,,True,unattributed,20,evt_01-P04_desk_work_surface_0027,2dac33bef600f6cd,pose_hand_context,,29247.8,3.74,,1,01/e1/v1,rtmpose_baseline
corpus_01,01.Candidate was found using a mobile phone in the examination hall..mkv,b842b03e5784d867e93770560d88150a526250df69077cd3065edbbd4c842098,rf_detr_sahi,98660.0,mouse,0.4661,639.9,369.05,660.3,377.82,178.9,20.4,8.77,2.326,False,,True,unattributed,28,evt_01-P04_desk_work_surface_0027,9661ef173ef7889b,pose_hand_context,,12895.9,5.64,,1,01/e1/v1,rtmpose_baseline
corpus_01,01.Candidate was found using a mobile phone in the examination hall..mkv,b842b03e5784d867e93770560d88150a526250df69077cd3065edbbd4c842098,rf_detr_sahi,98660.0,unknown_object,0.4224,612.11,364.64,676.0,414.96,3215.7,63.89,50.33,1.27,False,,True,unattributed,28,evt_01-P04_desk_work_surface_0027,9661ef173ef7889b,pose_hand_context,,12895.9,5.64,,1,01/e1/v1,rtmpose_baseline
corpus_01,01.Candidate was found using a mobile phone in the examination hall..mkv,b842b03e5784d867e93770560d88150a526250df69077cd3065edbbd4c842098,rf_detr_sahi,98660.0,bag,0.325,636.22,411.27,693.9,464.93,3095.0,57.68,53.66,1.075,False,,True,unattributed,28,evt_01-P04_desk_work_surface_0027,9661ef173ef7889b,pose_hand_context,,12895.9,5.64,,1,01/e1/v1,rtmpose_baseline
corpus_01,01.Candidate was found using a mobile phone in the examination hall..mkv,b842b03e5784d867e93770560d88150a526250df69077cd3065edbbd4c842098,rf_detr_sahi,98660.0,unknown_object,0.2848,612.0,401.04,663.13,464.88,3263.9,51.13,63.84,0.801,False,,True,unattributed,28,evt_01-P04_desk_work_surface_0027,9661ef173ef7889b,pose_hand_context,,12895.9,5.64,,1,01/e1/v1,rtmpose_baseline
corpus_01,01.Candidate was found using a mobile phone in the examination hall..mkv,b842b03e5784d867e93770560d88150a526250df69077cd3065edbbd4c842098,rf_detr_sahi,98700.0,unknown_object,0.5561,815.81,299.0,890.74,335.63,2745.2,74.94,36.63,2.046,False,,True,unattributed,20,evt_01-P05_desk_work_surface_0036,2ad256169b21c7cc,pose_hand_context,,27086.6,3.89,,1,01/e1/v1,rtmpose_baseline
corpus_01,01.Candidate was found using a mobile phone in the examination hall..mkv,b842b03e5784d867e93770560d88150a526250df69077cd3065edbbd4c842098,rf_detr_sahi,98700.0,unknown_object,0.3798,796.55,371.0,829.96,463.0,3074.2,33.42,92.0,0.363,False,,True,unattributed,20,evt_01-P05_desk_work_surface_0036,2ad256169b21c7cc,pose_hand_context,,27086.6,3.89,,1,01/e1/v1,rtmpose_baseline
corpus_01,01.Candidate was found using a mobile phone in the examination hall..mkv,b842b03e5784d867e93770560d88150a526250df69077cd3065edbbd4c842098,rf_detr_sahi,98700.0,unknown_object,0.3239,809.3,371.14,901.98,462.99,8512.8,92.68,91.85,1.009,False,,True,unattributed,20,evt_01-P05_desk_work_surface_0036,2ad256169b21c7cc,pose_hand_context,,27086.6,3.89,,1,01/e1/v1,rtmpose_baseline
corpus_01,01.Candidate was found using a mobile phone in the examination hall..mkv,b842b03e5784d867e93770560d88150a526250df69077cd3065edbbd4c842098,rf_detr_sahi,98700.0,unknown_object,0.2541,881.32,425.8,902.0,462.85,766.2,20.68,37.05,0.558,False,,True,unattributed,20,evt_01-P05_desk_work_surface_0036,2ad256169b21c7cc,pose_hand_context,,27086.6,3.89,,1,01/e1/v1,rtmpose_baseline
corpus_01,01.Candidate was found using a mobile phone in the examination hall..mkv,b842b03e5784d867e93770560d88150a526250df69077cd3065edbbd4c842098,rf_detr_sahi,98700.0,unknown_object,0.3352,609.04,365.16,674.9,418.99,3545.6,65.86,53.83,1.223,False,,True,unattributed,28,evt_01-P05_desk_work_surface_0036,62b329a029b43dd8,pose_hand_context,,13815.7,5.44,,1,01/e1/v1,rtmpose_baseline
corpus_01,01.Candidate was found using a mobile phone in the examination hall..mkv,b842b03e5784d867e93770560d88150a526250df69077cd3065edbbd4c842098,rf_detr_sahi,98700.0,monitor_or_bezel,0.3254,609.04,365.16,674.9,418.99,3545.6,65.86,53.83,1.223,False,,True,unattributed,28,evt_01-P05_desk_work_surface_0036,62b329a029b43dd8,pose_hand_context,,13815.7,5.44,,1,01/e1/v1,rtmpose_baseline
corpus_01,01.Candidate was found using a mobile phone in the examination hall..mkv,b842b03e5784d867e93770560d88150a526250df69077cd3065edbbd4c842098,rf_detr_sahi,98700.0,stationery,0.2903,612.46,368.71,660.61,380.69,576.8,48.16,11.98,4.021,False,,True,unattributed,28,evt_01-P05_desk_work_surface_0036,62b329a029b43dd8,pose_hand_context,,13815.7,5.44,,1,01/e1/v1,rtmpose_baseline
corpus_01,01.Candidate was found using a mobile phone in the examination hall..mkv,b842b03e5784d867e93770560d88150a526250df69077cd3065edbbd4c842098,rf_detr_sahi,98740.0,unknown_object,0.6774,830.34,297.0,893.6,332.89,2270.5,63.26,35.89,1.763,False,,True,unattributed,20,evt_01-P05_upper_body_0039,7f211520f099ef83,pose_hand_context,,23907.3,4.14,,1,01/e1/v1,rtmpose_baseline
corpus_01,01.Candidate was found using a mobile phone in the examination hall..mkv,b842b03e5784d867e93770560d88150a526250df69077cd3065edbbd4c842098,rf_detr_sahi,98740.0,unknown_object,0.3401,767.74,334.03,809.82,451.76,4954.5,42.09,117.72,0.358,False,,True,unattributed,20,evt_01-P05_upper_body_0039,7f211520f099ef83,pose_hand_context,,23907.3,4.14,,1,01/e1/v1,rtmpose_baseline
corpus_01,01.Candidate was found using a mobile phone in the examination hall..mkv,b842b03e5784d867e93770560d88150a526250df69077cd3065edbbd4c842098,rf_detr_sahi,98740.0,unknown_object,0.59,609.04,364.63,676.87,418.94,3684.1,67.83,54.31,1.249,False,,True,unattributed,28,evt_01-P05_upper_body_0039,c8ae2ec04f460524,pose_hand_context,,14636.2,5.29,,1,01/e1/v1,rtmpose_baseline
corpus_01,01.Candidate was found using a mobile phone in the examination hall..mkv,b842b03e5784d867e93770560d88150a526250df69077cd3065edbbd4c842098,rf_detr_sahi,98740.0,stationery,0.4382,614.26,368.89,660.45,380.3,526.7,46.19,11.4,4.051,False,,True,unattributed,28,evt_01-P05_upper_body_0039,c8ae2ec04f460524,pose_hand_context,,14636.2,5.29,,1,01/e1/v1,rtmpose_baseline
corpus_01,01.Candidate was found using a mobile phone in the examination hall..mkv,b842b03e5784d867e93770560d88150a526250df69077cd3065edbbd4c842098,rf_detr_sahi,98740.0,unknown_object,0.335,662.31,351.0,730.0,419.0,4603.3,67.69,68.0,0.996,False,,True,unattributed,28,evt_01-P05_upper_body_0039,c8ae2ec04f460524,pose_hand_context,,14636.2,5.29,,1,01/e1/v1,rtmpose_baseline
corpus_01,01.Candidate was found using a mobile phone in the examination hall..mkv,b842b03e5784d867e93770560d88150a526250df69077cd3065edbbd4c842098,rf_detr_sahi,98740.0,monitor_or_bezel,0.2779,609.04,364.63,676.87,418.94,3684.1,67.83,54.31,1.249,False,,True,unattributed,28,evt_01-P05_upper_body_0039,c8ae2ec04f460524,pose_hand_context,,14636.2,5.29,,1,01/e1/v1,rtmpose_baseline
corpus_01,01.Candidate was found using a mobile phone in the examination hall..mkv,b842b03e5784d867e93770560d88150a526250df69077cd3065edbbd4c842098,rf_detr_sahi,98860.0,unknown_object,0.5249,600.05,349.1,672.98,422.0,5317.0,72.93,72.9,1.0,False,,True,unattributed,28,evt_01-P05_upper_body_0040,603f3bd911918cf4,pose_hand_context,,16739.2,4.95,,1,01/e1/v1,rtmpose_baseline
corpus_01,01.Candidate was found using a mobile phone in the examination hall..mkv,b842b03e5784d867e93770560d88150a526250df69077cd3065edbbd4c842098,rf_detr_sahi,98860.0,stationery,0.3728,613.76,368.99,660.64,380.24,527.4,46.87,11.25,4.166,False,,True,unattributed,28,evt_01-P05_upper_body_0040,603f3bd911918cf4,pose_hand_context,,16739.2,4.95,,1,01/e1/v1,rtmpose_baseline
corpus_01,01.Candidate was found using a mobile phone in the examination hall..mkv,b842b03e5784d867e93770560d88150a526250df69077cd3065edbbd4c842098,rf_detr_sahi,98860.0,bag,0.34,632.37,412.92,695.12,478.71,4128.6,62.75,65.79,0.954,False,,True,unattributed,28,evt_01-P05_upper_body_0040,603f3bd911918cf4,pose_hand_context,,16739.2,4.95,,1,01/e1/v1,rtmpose_baseline
corpus_01,01.Candidate was found using a mobile phone in the examination hall..mkv,b842b03e5784d867e93770560d88150a526250df69077cd3065edbbd4c842098,rf_detr_sahi,98860.0,bag,0.3125,600.05,349.1,672.98,422.0,5317.0,72.93,72.9,1.0,False,,True,unattributed,28,evt_01-P05_upper_body_0040,603f3bd911918cf4,pose_hand_context,,16739.2,4.95,,1,01/e1/v1,rtmpose_baseline
corpus_01,01.Candidate was found using a mobile phone in the examination hall..mkv,b842b03e5784d867e93770560d88150a526250df69077cd3065edbbd4c842098,rf_detr_sahi,98860.0,unknown_object,0.3805,794.94,368.0,829.95,454.98,3045.5,35.01,86.98,0.403,False,,True,unattributed,20,evt_01-P05_upper_body_0040,ea31386b4e76177f,pose_hand_context,,23728.3,4.15,,1,01/e1/v1,rtmpose_baseline
corpus_01,01.Candidate was found using a mobile phone in the examination hall..mkv,b842b03e5784d867e93770560d88150a526250df69077cd3065edbbd4c842098,rf_detr_sahi,98860.0,unknown_object,0.3494,811.16,368.1,897.93,454.97,7537.2,86.77,86.87,0.999,False,,True,unattributed,20,evt_01-P05_upper_body_0040,ea31386b4e76177f,pose_hand_context,,23728.3,4.15,,1,01/e1/v1,rtmpose_baseline
corpus_01,01.Candidate was found using a mobile phone in the examination hall..mkv,b842b03e5784d867e93770560d88150a526250df69077cd3065edbbd4c842098,rf_detr_sahi,98860.0,unknown_object,0.335,764.95,333.06,815.26,454.59,6114.2,50.31,121.53,0.414,False,,True,unattributed,20,evt_01-P05_upper_body_0040,ea31386b4e76177f,pose_hand_context,,23728.3,4.15,,1,01/e1/v1,rtmpose_baseline
corpus_01,01.Candidate was found using a mobile phone in the examination hall..mkv,b842b03e5784d867e93770560d88150a526250df69077cd3065edbbd4c842098,rf_detr_sahi,98860.0,unknown_object,0.3051,743.06,327.46,781.4,386.98,2282.2,38.34,59.52,0.644,False,,True,unattributed,20,evt_01-P05_upper_body_0040,ea31386b4e76177f,pose_hand_context,,23728.3,4.15,,1,01/e1/v1,rtmpose_baseline
corpus_01,01.Candidate was found using a mobile phone in the examination hall..mkv,b842b03e5784d867e93770560d88150a526250df69077cd3065edbbd4c842098,rf_detr_sahi,99100.0,unknown_object,0.5959,801.34,299.01,833.98,382.0,2708.8,32.64,82.99,0.393,False,,True,unattributed,20,evt_01-P01_desk_work_surface_0004,0e91edef3819197e,pose_hand_context,,21656.1,4.35,,1,01/e1/v1,rtmpose_baseline
corpus_01,01.Candidate was found using a mobile phone in the examination hall..mkv,b842b03e5784d867e93770560d88150a526250df69077cd3065edbbd4c842098,rf_detr_sahi,99100.0,unknown_object,0.5798,815.0,299.04,898.0,381.91,6877.9,83.0,82.87,1.002,False,,True,unattributed,20,evt_01-P01_desk_work_surface_0004,0e91edef3819197e,pose_hand_context,,21656.1,4.35,,1,01/e1/v1,rtmpose_baseline
corpus_01,01.Candidate was found using a mobile phone in the examination hall..mkv,b842b03e5784d867e93770560d88150a526250df69077cd3065edbbd4c842098,rf_detr_sahi,99100.0,unknown_object,0.3459,758.25,333.03,818.88,446.0,6849.4,60.63,112.97,0.537,False,,True,unattributed,20,evt_01-P01_desk_work_surface_0004,0e91edef3819197e,pose_hand_context,,21656.1,4.35,,1,01/e1/v1,rtmpose_baseline
corpus_01,01.Candidate was found using a mobile phone in the examination hall..mkv,b842b03e5784d867e93770560d88150a526250df69077cd3065edbbd4c842098,rf_detr_sahi,99100.0,unknown_object,0.2825,815.0,299.0,897.9,313.88,1233.9,82.9,14.88,5.57,False,,True,unattributed,20,evt_01-P01_desk_work_surface_0004,0e91edef3819197e,pose_hand_context,,21656.1,4.35,,1,01/e1/v1,rtmpose_baseline
corpus_01,01.Candidate was found using a mobile phone in the examination hall..mkv,b842b03e5784d867e93770560d88150a526250df69077cd3065edbbd4c842098,rf_detr_sahi,99100.0,stationery,0.6281,614.2,368.84,660.69,380.08,522.9,46.49,11.25,4.132,False,,True,unattributed,28,evt_01-P01_desk_work_surface_0004,52d0ea1a20c38507,pose_hand_context,,18873.3,4.66,,1,01/e1/v1,rtmpose_baseline
corpus_01,01.Candidate was found using a mobile phone in the examination hall..mkv,b842b03e5784d867e93770560d88150a526250df69077cd3065edbbd4c842098,rf_detr_sahi,99100.0,mouse,0.352,639.59,369.17,660.3,378.21,187.1,20.71,9.04,2.291,False,,True,unattributed,28,evt_01-P01_desk_work_surface_0004,52d0ea1a20c38507,pose_hand_context,,18873.3,4.66,,1,01/e1/v1,rtmpose_baseline
corpus_01,01.Candidate was found using a mobile phone in the examination hall..mkv,b842b03e5784d867e93770560d88150a526250df69077cd3065edbbd4c842098,rf_detr_sahi,99100.0,unknown_object,0.325,604.46,364.63,670.91,424.73,3993.7,66.45,60.1,1.106,False,,True,unattributed,28,evt_01-P01_desk_work_surface_0004,52d0ea1a20c38507,pose_hand_context,,18873.3,4.66,,1,01/e1/v1,rtmpose_baseline
corpus_01,01.Candidate was found using a mobile phone in the examination hall..mkv,b842b03e5784d867e93770560d88150a526250df69077cd3065edbbd4c842098,rf_detr_sahi,99100.0,bag,0.3121,631.59,418.42,691.82,484.79,3997.0,60.22,66.37,0.907,False,,True,unattributed,28,evt_01-P01_desk_work_surface_0004,52d0ea1a20c38507,pose_hand_context,,18873.3,4.66,,1,01/e1/v1,rtmpose_baseline
corpus_01,01.Candidate was found using a mobile phone in the examination hall..mkv,b842b03e5784d867e93770560d88150a526250df69077cd3065edbbd4c842098,rf_detr_sahi,99620.0,unknown_object,0.3971,778.0,315.54,810.02,341.9,844.1,32.02,26.36,1.214,False,,True,unattributed,20,evt_01-P01_upper_body_0008,9657cece28e4f2f5,pose_hand_context,,7807.5,7.24,,1,01/e1/v1,rtmpose_baseline
corpus_01,01.Candidate was found using a mobile phone in the examination hall..mkv,b842b03e5784d867e93770560d88150a526250df69077cd3065edbbd4c842098,rf_detr_sahi,99620.0,unknown_object,0.3226,778.08,329.49,808.17,341.95,374.9,30.1,12.45,2.417,False,,True,unattributed,20,evt_01-P01_upper_body_0008,9657cece28e4f2f5,pose_hand_context,,7807.5,7.24,,1,01/e1/v1,rtmpose_baseline
corpus_01,01.Candidate was found using a mobile phone in the examination hall..mkv,b842b03e5784d867e93770560d88150a526250df69077cd3065edbbd4c842098,rf_detr_sahi,99620.0,unknown_object,0.4904,600.03,337.19,676.0,412.98,5758.7,75.97,75.8,1.002,False,,True,unattributed,28,evt_01-P01_upper_body_0008,bc8ab0dbe37b921a,pose_hand_context,,18322.3,4.73,,1,01/e1/v1,rtmpose_baseline
corpus_01,01.Candidate was found using a mobile phone in the examination hall..mkv,b842b03e5784d867e93770560d88150a526250df69077cd3065edbbd4c842098,rf_detr_sahi,99620.0,mouse,0.4336,639.59,368.87,660.38,377.64,182.4,20.79,8.77,2.369,False,,True,unattributed,28,evt_01-P01_upper_body_0008,bc8ab0dbe37b921a,pose_hand_context,,18322.3,4.73,,1,01/e1/v1,rtmpose_baseline
corpus_01,01.Candidate was found using a mobile phone in the examination hall..mkv,b842b03e5784d867e93770560d88150a526250df69077cd3065edbbd4c842098,rf_detr_sahi,99620.0,unknown_object,0.3444,659.02,365.49,678.58,398.32,642.4,19.56,32.84,0.596,False,,True,unattributed,28,evt_01-P01_upper_body_0008,bc8ab0dbe37b921a,pose_hand_context,,18322.3,4.73,,1,01/e1/v1,rtmpose_baseline
corpus_01,01.Candidate was found using a mobile phone in the examination hall..mkv,b842b03e5784d867e93770560d88150a526250df69077cd3065edbbd4c842098,rf_detr_sahi,99620.0,bag,0.3335,634.23,420.07,684.95,471.85,2626.3,50.72,51.78,0.98,False,,True,unattributed,28,evt_01-P01_upper_body_0008,bc8ab0dbe37b921a,pose_hand_context,,18322.3,4.73,,1,01/e1/v1,rtmpose_baseline
corpus_01,01.Candidate was found using a mobile phone in the examination hall..mkv,b842b03e5784d867e93770560d88150a526250df69077cd3065edbbd4c842098,rf_detr_sahi,99660.0,unknown_object,0.6513,601.93,363.85,676.0,412.92,3635.2,74.07,49.08,1.509,False,,True,unattributed,28,evt_01-P04_desk_work_surface_0027,e49a8e5089300fab,pose_hand_context,,17865.0,4.79,,1,01/e1/v1,rtmpose_baseline
corpus_01,01.Candidate was found using a mobile phone in the examination hall..mkv,b842b03e5784d867e93770560d88150a526250df69077cd3065edbbd4c842098,rf_detr_sahi,99660.0,unknown_object,0.3794,659.0,365.39,678.81,398.02,646.2,19.81,32.63,0.607,False,,True,unattributed,28,evt_01-P04_desk_work_surface_0027,e49a8e5089300fab,pose_hand_context,,17865.0,4.79,,1,01/e1/v1,rtmpose_baseline
corpus_01,01.Candidate was found using a mobile phone in the examination hall..mkv,b842b03e5784d867e93770560d88150a526250df69077cd3065edbbd4c842098,rf_detr_sahi,99660.0,stationery,0.3172,612.16,368.8,660.78,380.77,582.1,48.62,11.97,4.061,False,,True,unattributed,28,evt_01-P04_desk_work_surface_0027,e49a8e5089300fab,pose_hand_context,,17865.0,4.79,,1,01/e1/v1,rtmpose_baseline
corpus_01,01.Candidate was found using a mobile phone in the examination hall..mkv,b842b03e5784d867e93770560d88150a526250df69077cd3065edbbd4c842098,rf_detr_sahi,99660.0,mouse,0.3127,639.64,368.83,660.5,377.52,181.2,20.86,8.69,2.401,False,,True,unattributed,28,evt_01-P04_desk_work_surface_0027,e49a8e5089300fab,pose_hand_context,,17865.0,4.79,,1,01/e1/v1,rtmpose_baseline
corpus_01,01.Candidate was found using a mobile phone in the examination hall..mkv,b842b03e5784d867e93770560d88150a526250df69077cd3065edbbd4c842098,rf_detr_sahi,99660.0,bag,0.2858,634.18,419.93,684.94,471.87,2636.2,50.75,51.94,0.977,False,,True,unattributed,28,evt_01-P04_desk_work_surface_0027,e49a8e5089300fab,pose_hand_context,,17865.0,4.79,,1,01/e1/v1,rtmpose_baseline
corpus_01,01.Candidate was found using a mobile phone in the examination hall..mkv,b842b03e5784d867e93770560d88150a526250df69077cd3065edbbd4c842098,rf_detr_sahi,99660.0,unknown_object,0.7297,782.02,300.06,813.03,342.96,1330.3,31.01,42.9,0.723,False,,True,unattributed,20,evt_01-P04_desk_work_surface_0027,eec7555b71a8b3e9,pose_hand_context,,5947.5,8.3,,1,01/e1/v1,rtmpose_baseline
corpus_01,01.Candidate was found using a mobile phone in the examination hall..mkv,b842b03e5784d867e93770560d88150a526250df69077cd3065edbbd4c842098,rf_detr_sahi,99660.0,unknown_object,0.2549,782.21,334.11,825.99,376.95,1875.5,43.78,42.84,1.022,False,,True,unattributed,20,evt_01-P04_desk_work_surface_0027,eec7555b71a8b3e9,pose_hand_context,,5947.5,8.3,,1,01/e1/v1,rtmpose_baseline
corpus_01,01.Candidate was found using a mobile phone in the examination hall..mkv,b842b03e5784d867e93770560d88150a526250df69077cd3065edbbd4c842098,rf_detr_sahi,99700.0,unknown_object,0.4265,600.76,363.05,677.0,411.81,3717.3,76.24,48.76,1.564,False,,True,unattributed,28,evt_01-P05_desk_work_surface_0036,8c1234d2ca999cd7,pose_hand_context,,18643.2,4.69,,1,01/e1/v1,rtmpose_baseline
corpus_01,01.Candidate was found using a mobile phone in the examination hall..mkv,b842b03e5784d867e93770560d88150a526250df69077cd3065edbbd4c842098,rf_detr_sahi,99700.0,unknown_object,0.3813,660.02,366.02,678.86,397.1,585.7,18.84,31.08,0.606,False,,True,unattributed,28,evt_01-P05_desk_work_surface_0036,8c1234d2ca999cd7,pose_hand_context,,18643.2,4.69,,1,01/e1/v1,rtmpose_baseline
corpus_01,01.Candidate was found using a mobile phone in the examination hall..mkv,b842b03e5784d867e93770560d88150a526250df69077cd3065edbbd4c842098,rf_detr_sahi,99700.0,stationery,0.2937,612.72,368.86,660.59,380.37,550.6,47.87,11.5,4.162,False,,True,unattributed,28,evt_01-P05_desk_work_surface_0036,8c1234d2ca999cd7,pose_hand_context,,18643.2,4.69,,1,01/e1/v1,rtmpose_baseline
corpus_01,01.Candidate was found using a mobile phone in the examination hall..mkv,b842b03e5784d867e93770560d88150a526250df69077cd3065edbbd4c842098,rf_detr_sahi,99700.0,bag,0.2806,634.17,420.07,685.4,471.86,2653.0,51.23,51.79,0.989,False,,True,unattributed,28,evt_01-P05_desk_work_surface_0036,8c1234d2ca999cd7,pose_hand_context,,18643.2,4.69,,1,01/e1/v1,rtmpose_baseline
corpus_01,01.Candidate was found using a mobile phone in the examination hall..mkv,b842b03e5784d867e93770560d88150a526250df69077cd3065edbbd4c842098,rf_detr_sahi,99700.0,unknown_object,0.2579,600.08,395.0,676.98,471.96,5918.4,76.9,76.96,0.999,False,,True,unattributed,28,evt_01-P05_desk_work_surface_0036,8c1234d2ca999cd7,pose_hand_context,,18643.2,4.69,,1,01/e1/v1,rtmpose_baseline
corpus_01,01.Candidate was found using a mobile phone in the examination hall..mkv,b842b03e5784d867e93770560d88150a526250df69077cd3065edbbd4c842098,rf_detr_sahi,99700.0,unknown_object,0.254,785.0,319.61,812.51,343.63,660.8,27.51,24.02,1.145,False,,True,unattributed,20,evt_01-P05_desk_work_surface_0036,be94302681c1b647,pose_hand_context,,4505.1,9.54,,1,01/e1/v1,rtmpose_baseline
corpus_01,01.Candidate was found using a mobile phone in the examination hall..mkv,b842b03e5784d867e93770560d88150a526250df69077cd3065edbbd4c842098,rf_detr_sahi,99740.0,unknown_object,0.6007,599.0,337.13,675.0,414.0,5841.9,76.0,76.87,0.989,False,,True,unattributed,28,evt_01-P06_desk_work_surface_0044,0d98e1cd232f409e,pose_hand_context,,18517.8,4.7,,1,01/e1/v1,rtmpose_baseline
corpus_01,01.Candidate was found using a mobile phone in the examination hall..mkv,b842b03e5784d867e93770560d88150a526250df69077cd3065edbbd4c842098,rf_detr_sahi,99740.0,unknown_object,0.362,658.0,364.79,678.8,398.56,702.1,20.79,33.77,0.616,False,,True,unattributed,28,evt_01-P06_desk_work_surface_0044,0d98e1cd232f409e,pose_hand_context,,18517.8,4.7,,1,01/e1/v1,rtmpose_baseline
corpus_01,01.Candidate was found using a mobile phone in the examination hall..mkv,b842b03e5784d867e93770560d88150a526250df69077cd3065edbbd4c842098,rf_detr_sahi,99740.0,stationery,0.3615,611.63,368.9,660.65,380.48,567.5,49.02,11.58,4.235,False,,True,unattributed,28,evt_01-P06_desk_work_surface_0044,0d98e1cd232f409e,pose_hand_context,,18517.8,4.7,,1,01/e1/v1,rtmpose_baseline
corpus_01,01.Candidate was found using a mobile phone in the examination hall..mkv,b842b03e5784d867e93770560d88150a526250df69077cd3065edbbd4c842098,rf_detr_sahi,99740.0,bag,0.3184,634.04,419.95,685.66,472.86,2731.3,51.62,52.91,0.976,False,,True,unattributed,28,evt_01-P06_desk_work_surface_0044,0d98e1cd232f409e,pose_hand_context,,18517.8,4.7,,1,01/e1/v1,rtmpose_baseline
corpus_01,01.Candidate was found using a mobile phone in the examination hall..mkv,b842b03e5784d867e93770560d88150a526250df69077cd3065edbbd4c842098,rf_detr_sahi,99740.0,unknown_object,0.2826,789.03,312.06,804.02,323.77,175.6,15.0,11.71,1.28,False,,True,unattributed,20,evt_01-P06_desk_work_surface_0044,aa780c5a72eecebe,pose_hand_context,,4149.9,9.93,,1,01/e1/v1,rtmpose_baseline
corpus_01,01.Candidate was found using a mobile phone in the examination hall..mkv,b842b03e5784d867e93770560d88150a526250df69077cd3065edbbd4c842098,rf_detr_sahi,99860.0,phone,0.5666,778.0,352.68,792.46,368.29,225.8,14.46,15.61,0.927,False,,True,unattributed,20,evt_01-P05_upper_body_0040,00108bc942e1fb71,pose_hand_context,,2304.0,13.33,,1,01/e1/v1,rtmpose_baseline
corpus_01,01.Candidate was found using a mobile phone in the examination hall..mkv,b842b03e5784d867e93770560d88150a526250df69077cd3065edbbd4c842098,rf_detr_sahi,99860.0,unknown_object,0.5709,600.0,361.13,676.0,415.0,4094.1,76.0,53.87,1.411,False,,True,unattributed,28,evt_01-P05_upper_body_0040,cfaa82d5b7c21689,pose_hand_context,,18414.5,4.72,,1,01/e1/v1,rtmpose_baseline
corpus_01,01.Candidate was found using a mobile phone in the examination hall..mkv,b842b03e5784d867e93770560d88150a526250df69077cd3065edbbd4c842098,rf_detr_sahi,99860.0,bag,0.4348,633.15,420.27,685.8,473.8,2818.3,52.65,53.53,0.983,False,,True,unattributed,28,evt_01-P05_upper_body_0040,cfaa82d5b7c21689,pose_hand_context,,18414.5,4.72,,1,01/e1/v1,rtmpose_baseline
corpus_01,01.Candidate was found using a mobile phone in the examination hall..mkv,b842b03e5784d867e93770560d88150a526250df69077cd3065edbbd4c842098,rf_detr_sahi,99860.0,stationery,0.4099,611.84,368.71,660.84,380.81,593.2,49.0,12.1,4.048,False,,True,unattributed,28,evt_01-P05_upper_body_0040,cfaa82d5b7c21689,pose_hand_context,,18414.5,4.72,,1,01/e1/v1,rtmpose_baseline
corpus_01,01.Candidate was found using a mobile phone in the examination hall..mkv,b842b03e5784d867e93770560d88150a526250df69077cd3065edbbd4c842098,rf_detr_sahi,99860.0,unknown_object,0.3287,659.0,365.71,679.68,395.92,624.8,20.68,30.21,0.684,False,,True,unattributed,28,evt_01-P05_upper_body_0040,cfaa82d5b7c21689,pose_hand_context,,18414.5,4.72,,1,01/e1/v1,rtmpose_baseline
corpus_01,01.Candidate was found using a mobile phone in the examination hall..mkv,b842b03e5784d867e93770560d88150a526250df69077cd3065edbbd4c842098,rf_detr_sahi,100100.0,unknown_object,0.5214,604.07,364.24,675.0,414.94,3595.7,70.93,50.69,1.399,False,,True,unattributed,28,evt_01-P01_desk_work_surface_0004,25e5b3097983c9dc,pose_hand_context,,16225.7,5.02,,1,01/e1/v1,rtmpose_baseline
corpus_01,01.Candidate was found using a mobile phone in the examination hall..mkv,b842b03e5784d867e93770560d88150a526250df69077cd3065edbbd4c842098,rf_detr_sahi,100100.0,mouse,0.4104,640.12,368.99,660.42,377.75,177.8,20.3,8.76,2.318,False,,True,unattributed,28,evt_01-P01_desk_work_surface_0004,25e5b3097983c9dc,pose_hand_context,,16225.7,5.02,,1,01/e1/v1,rtmpose_baseline
corpus_01,01.Candidate was found using a mobile phone in the examination hall..mkv,b842b03e5784d867e93770560d88150a526250df69077cd3065edbbd4c842098,rf_detr_sahi,100100.0,unknown_object,0.331,659.0,343.0,731.0,414.98,5182.8,72.0,71.98,1.0,False,,True,unattributed,28,evt_01-P01_desk_work_surface_0004,25e5b3097983c9dc,pose_hand_context,,16225.7,5.02,,1,01/e1/v1,rtmpose_baseline
corpus_01,01.Candidate was found using a mobile phone in the examination hall..mkv,b842b03e5784d867e93770560d88150a526250df69077cd3065edbbd4c842098,rf_detr_sahi,100100.0,unknown_object,0.3256,659.02,365.43,679.97,396.44,649.7,20.95,31.01,0.676,False,,True,unattributed,28,evt_01-P01_desk_work_surface_0004,25e5b3097983c9dc,pose_hand_context,,16225.7,5.02,,1,01/e1/v1,rtmpose_baseline
corpus_01,01.Candidate was found using a mobile phone in the examination hall..mkv,b842b03e5784d867e93770560d88150a526250df69077cd3065edbbd4c842098,rf_detr_sahi,100100.0,bag,0.287,634.27,420.49,687.5,470.84,2680.4,53.24,50.35,1.057,False,,True,unattributed,28,evt_01-P01_desk_work_surface_0004,25e5b3097983c9dc,pose_hand_context,,16225.7,5.02,,1,01/e1/v1,rtmpose_baseline
corpus_01,01.Candidate was found using a mobile phone in the examination hall..mkv,b842b03e5784d867e93770560d88150a526250df69077cd3065edbbd4c842098,rf_detr_sahi,100660.0,unknown_object,0.4563,607.0,364.34,672.17,401.99,2453.9,65.17,37.65,1.731,False,,True,unattributed,28,evt_01-P04_desk_work_surface_0027,3de31b26b6a6eeab,pose_hand_context,,14762.2,5.27,,1,01/e1/v1,rtmpose_baseline
corpus_01,01.Candidate was found using a mobile phone in the examination hall..mkv,b842b03e5784d867e93770560d88150a526250df69077cd3065edbbd4c842098,rf_detr_sahi,100660.0,stationery,0.4428,614.36,369.0,660.37,380.07,509.0,46.01,11.06,4.159,False,,True,unattributed,28,evt_01-P04_desk_work_surface_0027,3de31b26b6a6eeab,pose_hand_context,,14762.2,5.27,,1,01/e1/v1,rtmpose_baseline
corpus_01,01.Candidate was found using a mobile phone in the examination hall..mkv,b842b03e5784d867e93770560d88150a526250df69077cd3065edbbd4c842098,rf_detr_sahi,100660.0,unknown_object,0.3006,660.12,334.0,728.0,402.0,4615.8,67.88,68.0,0.998,False,,True,unattributed,28,evt_01-P04_desk_work_surface_0027,3de31b26b6a6eeab,pose_hand_context,,14762.2,5.27,,1,01/e1/v1,rtmpose_baseline
corpus_01,01.Candidate was found using a mobile phone in the examination hall..mkv,b842b03e5784d867e93770560d88150a526250df69077cd3065edbbd4c842098,rf_detr_sahi,100660.0,unknown_object,0.5922,764.36,326.0,795.82,369.08,1355.6,31.46,43.08,0.73,False,,True,unattributed,20,evt_01-P04_desk_work_surface_0027,88123849d7d7fbfe,pose_hand_context,,11321.0,6.02,,1,01/e1/v1,rtmpose_baseline
corpus_01,01.Candidate was found using a mobile phone in the examination hall..mkv,b842b03e5784d867e93770560d88150a526250df69077cd3065edbbd4c842098,rf_detr_sahi,100660.0,unknown_object,0.448,798.03,279.12,841.83,338.97,2621.5,43.8,59.85,0.732,False,,True,unattributed,20,evt_01-P04_desk_work_surface_0027,88123849d7d7fbfe,pose_hand_context,,11321.0,6.02,,1,01/e1/v1,rtmpose_baseline
corpus_01,01.Candidate was found using a mobile phone in the examination hall..mkv,b842b03e5784d867e93770560d88150a526250df69077cd3065edbbd4c842098,rf_detr_sahi,100660.0,unknown_object,0.3158,801.89,326.0,850.77,384.96,2882.5,48.89,58.96,0.829,False,,True,unattributed,20,evt_01-P04_desk_work_surface_0027,88123849d7d7fbfe,pose_hand_context,,11321.0,6.02,,1,01/e1/v1,rtmpose_baseline
corpus_01,01.Candidate was found using a mobile phone in the examination hall..mkv,b842b03e5784d867e93770560d88150a526250df69077cd3065edbbd4c842098,rf_detr_sahi,100660.0,unknown_object,0.2914,819.64,279.0,858.0,338.92,2298.4,38.36,59.92,0.64,False,,True,unattributed,20,evt_01-P04_desk_work_surface_0027,88123849d7d7fbfe,pose_hand_context,,11321.0,6.02,,1,01/e1/v1,rtmpose_baseline
corpus_01,01.Candidate was found using a mobile phone in the examination hall..mkv,b842b03e5784d867e93770560d88150a526250df69077cd3065edbbd4c842098,rf_detr_sahi,100660.0,stationery,0.2505,769.73,321.21,795.53,338.98,458.5,25.8,17.77,1.451,False,,True,unattributed,20,evt_01-P04_desk_work_surface_0027,88123849d7d7fbfe,pose_hand_context,,11321.0,6.02,,1,01/e1/v1,rtmpose_baseline
corpus_01,01.Candidate was found using a mobile phone in the examination hall..mkv,b842b03e5784d867e93770560d88150a526250df69077cd3065edbbd4c842098,rf_detr_sahi,100700.0,unknown_object,0.6564,809.04,324.0,850.15,384.82,2501.0,41.12,60.82,0.676,False,,True,unattributed,20,evt_01-P05_desk_work_surface_0036,7d63985fbac96e6b,pose_hand_context,,11802.6,5.89,,1,01/e1/v1,rtmpose_baseline
corpus_01,01.Candidate was found using a mobile phone in the examination hall..mkv,b842b03e5784d867e93770560d88150a526250df69077cd3065edbbd4c842098,rf_detr_sahi,100700.0,unknown_object,0.4901,797.15,276.05,837.06,336.93,2430.0,39.92,60.87,0.656,False,,True,unattributed,20,evt_01-P05_desk_work_surface_0036,7d63985fbac96e6b,pose_hand_context,,11802.6,5.89,,1,01/e1/v1,rtmpose_baseline
corpus_01,01.Candidate was found using a mobile phone in the examination hall..mkv,b842b03e5784d867e93770560d88150a526250df69077cd3065edbbd4c842098,rf_detr_sahi,100700.0,unknown_object,0.3883,812.65,276.0,858.0,336.94,2763.8,45.35,60.94,0.744,False,,True,unattributed,20,evt_01-P05_desk_work_surface_0036,7d63985fbac96e6b,pose_hand_context,,11802.6,5.89,,1,01/e1/v1,rtmpose_baseline
corpus_01,01.Candidate was found using a mobile phone in the examination hall..mkv,b842b03e5784d867e93770560d88150a526250df69077cd3065edbbd4c842098,rf_detr_sahi,100700.0,unknown_object,0.3522,773.15,321.57,795.3,336.98,341.3,22.15,15.41,1.437,False,,True,unattributed,20,evt_01-P05_desk_work_surface_0036,7d63985fbac96e6b,pose_hand_context,,11802.6,5.89,,1,01/e1/v1,rtmpose_baseline
corpus_01,01.Candidate was found using a mobile phone in the examination hall..mkv,b842b03e5784d867e93770560d88150a526250df69077cd3065edbbd4c842098,rf_detr_sahi,100700.0,bag,0.3168,769.36,343.45,819.01,384.99,2062.1,49.65,41.54,1.195,False,,True,unattributed,20,evt_01-P05_desk_work_surface_0036,7d63985fbac96e6b,pose_hand_context,,11802.6,5.89,,1,01/e1/v1,rtmpose_baseline
corpus_01,01.Candidate was found using a mobile phone in the examination hall..mkv,b842b03e5784d867e93770560d88150a526250df69077cd3065edbbd4c842098,rf_detr_sahi,100700.0,unknown_object,0.3145,765.94,324.0,795.33,370.1,1354.9,29.39,46.1,0.637,False,,True,unattributed,20,evt_01-P05_desk_work_surface_0036,7d63985fbac96e6b,pose_hand_context,,11802.6,5.89,,1,01/e1/v1,rtmpose_baseline
corpus_01,01.Candidate was found using a mobile phone in the examination hall..mkv,b842b03e5784d867e93770560d88150a526250df69077cd3065edbbd4c842098,rf_detr_sahi,100700.0,unknown_object,0.251,815.35,319.96,833.24,337.0,304.7,17.89,17.03,1.05,False,,True,unattributed,20,evt_01-P05_desk_work_surface_0036,7d63985fbac96e6b,pose_hand_context,,11802.6,5.89,,1,01/e1/v1,rtmpose_baseline
corpus_01,01.Candidate was found using a mobile phone in the examination hall..mkv,b842b03e5784d867e93770560d88150a526250df69077cd3065edbbd4c842098,rf_detr_sahi,100700.0,stationery,0.3638,612.93,368.72,660.71,380.94,583.9,47.79,12.22,3.911,False,,True,unattributed,28,evt_01-P05_desk_work_surface_0036,a5590921a1a16148,pose_hand_context,,14023.3,5.4,,1,01/e1/v1,rtmpose_baseline
corpus_01,01.Candidate was found using a mobile phone in the examination hall..mkv,b842b03e5784d867e93770560d88150a526250df69077cd3065edbbd4c842098,rf_detr_sahi,100700.0,mouse,0.2928,639.57,369.01,659.99,378.32,190.0,20.42,9.31,2.194,False,,True,unattributed,28,evt_01-P05_desk_work_surface_0036,a5590921a1a16148,pose_hand_context,,14023.3,5.4,,1,01/e1/v1,rtmpose_baseline
corpus_01,01.Candidate was found using a mobile phone in the examination hall..mkv,b842b03e5784d867e93770560d88150a526250df69077cd3065edbbd4c842098,rf_detr_sahi,100740.0,unknown_object,0.644,777.59,323.75,794.87,335.99,211.5,17.28,12.24,1.412,False,,True,unattributed,20,evt_01-P06_desk_work_surface_0044,6d88b8347d050f31,pose_hand_context,,13976.0,5.41,,1,01/e1/v1,rtmpose_baseline
corpus_01,01.Candidate was found using a mobile phone in the examination hall..mkv,b842b03e5784d867e93770560d88150a526250df69077cd3065edbbd4c842098,rf_detr_sahi,100740.0,unknown_object,0.5293,797.17,321.0,848.81,387.88,3453.5,51.64,66.88,0.772,False,,True,unattributed,20,evt_01-P06_desk_work_surface_0044,6d88b8347d050f31,pose_hand_context,,13976.0,5.41,,1,01/e1/v1,rtmpose_baseline
corpus_01,01.Candidate was found using a mobile phone in the examination hall..mkv,b842b03e5784d867e93770560d88150a526250df69077cd3065edbbd4c842098,rf_detr_sahi,100740.0,stationery,0.3811,768.18,323.76,795.26,370.47,1264.6,27.08,46.7,0.58,False,,True,unattributed,20,evt_01-P06_desk_work_surface_0044,6d88b8347d050f31,pose_hand_context,,13976.0,5.41,,1,01/e1/v1,rtmpose_baseline
corpus_01,01.Candidate was found using a mobile phone in the examination hall..mkv,b842b03e5784d867e93770560d88150a526250df69077cd3065edbbd4c842098,rf_detr_sahi,100740.0,unknown_object,0.3334,768.18,323.76,795.26,370.47,1264.6,27.08,46.7,0.58,False,,True,unattributed,20,evt_01-P06_desk_work_surface_0044,6d88b8347d050f31,pose_hand_context,,13976.0,5.41,,1,01/e1/v1,rtmpose_baseline
corpus_01,01.Candidate was found using a mobile phone in the examination hall..mkv,b842b03e5784d867e93770560d88150a526250df69077cd3065edbbd4c842098,rf_detr_sahi,100740.0,phone,0.3204,768.18,323.76,795.26,370.47,1264.6,27.08,46.7,0.58,False,,True,unattributed,20,evt_01-P06_desk_work_surface_0044,6d88b8347d050f31,pose_hand_context,,13976.0,5.41,,1,01/e1/v1,rtmpose_baseline
corpus_01,01.Candidate was found using a mobile phone in the examination hall..mkv,b842b03e5784d867e93770560d88150a526250df69077cd3065edbbd4c842098,rf_detr_sahi,100740.0,mouse,0.5074,639.85,369.16,660.24,377.84,176.9,20.38,8.68,2.348,False,,True,unattributed,28,evt_01-P06_desk_work_surface_0044,b99eda2b574343f9,pose_hand_context,,13665.6,5.47,,1,01/e1/v1,rtmpose_baseline
corpus_01,01.Candidate was found using a mobile phone in the examination hall..mkv,b842b03e5784d867e93770560d88150a526250df69077cd3065edbbd4c842098,rf_detr_sahi,100740.0,stationery,0.4498,614.13,368.99,660.96,381.17,570.6,46.84,12.18,3.845,False,,True,unattributed,28,evt_01-P06_desk_work_surface_0044,b99eda2b574343f9,pose_hand_context,,13665.6,5.47,,1,01/e1/v1,rtmpose_baseline
corpus_01,01.Candidate was found using a mobile phone in the examination hall..mkv,b842b03e5784d867e93770560d88150a526250df69077cd3065edbbd4c842098,rf_detr_sahi,100740.0,unknown_object,0.3539,614.0,365.48,677.56,396.89,1996.3,63.56,31.41,2.024,False,,True,unattributed,28,evt_01-P06_desk_work_surface_0044,b99eda2b574343f9,pose_hand_context,,13665.6,5.47,,1,01/e1/v1,rtmpose_baseline
corpus_01,01.Candidate was found using a mobile phone in the examination hall..mkv,b842b03e5784d867e93770560d88150a526250df69077cd3065edbbd4c842098,rf_detr_sahi,100740.0,unknown_object,0.2837,614.0,369.23,660.33,380.75,533.7,46.33,11.52,4.022,False,,True,unattributed,28,evt_01-P06_desk_work_surface_0044,b99eda2b574343f9,pose_hand_context,,13665.6,5.47,,1,01/e1/v1,rtmpose_baseline
corpus_01,01.Candidate was found using a mobile phone in the examination hall..mkv,b842b03e5784d867e93770560d88150a526250df69077cd3065edbbd4c842098,rf_detr_sahi,100860.0,mouse,0.5113,639.68,369.07,660.18,377.97,182.3,20.49,8.9,2.303,False,,True,unattributed,28,evt_01-P05_upper_body_0040,b949c91847dfe8a9,pose_hand_context,,13609.6,5.49,,1,01/e1/v1,rtmpose_baseline
corpus_01,01.Candidate was found using a mobile phone in the examination hall..mkv,b842b03e5784d867e93770560d88150a526250df69077cd3065edbbd4c842098,rf_detr_sahi,100860.0,stationery,0.4898,612.19,368.91,660.84,381.41,608.2,48.65,12.5,3.891,False,,True,unattributed,28,evt_01-P05_upper_body_0040,b949c91847dfe8a9,pose_hand_context,,13609.6,5.49,,1,01/e1/v1,rtmpose_baseline
corpus_01,01.Candidate was found using a mobile phone in the examination hall..mkv,b842b03e5784d867e93770560d88150a526250df69077cd3065edbbd4c842098,rf_detr_sahi,100860.0,bag,0.3617,636.67,419.92,685.68,450.94,1520.6,49.01,31.02,1.58,False,,True,unattributed,28,evt_01-P05_upper_body_0040,b949c91847dfe8a9,pose_hand_context,,13609.6,5.49,,1,01/e1/v1,rtmpose_baseline
corpus_01,01.Candidate was found using a mobile phone in the examination hall..mkv,b842b03e5784d867e93770560d88150a526250df69077cd3065edbbd4c842098,rf_detr_sahi,100860.0,unknown_object,0.3443,662.0,334.0,728.0,399.98,4354.4,66.0,65.98,1.0,False,,True,unattributed,28,evt_01-P05_upper_body_0040,b949c91847dfe8a9,pose_hand_context,,13609.6,5.49,,1,01/e1/v1,rtmpose_baseline
corpus_01,01.Candidate was found using a mobile phone in the examination hall..mkv,b842b03e5784d867e93770560d88150a526250df69077cd3065edbbd4c842098,rf_detr_sahi,100860.0,unknown_object,0.2941,611.02,364.16,674.04,399.98,2256.9,63.02,35.81,1.76,False,,True,unattributed,28,evt_01-P05_upper_body_0040,b949c91847dfe8a9,pose_hand_context,,13609.6,5.49,,1,01/e1/v1,rtmpose_baseline
corpus_01,01.Candidate was found using a mobile phone in the examination hall..mkv,b842b03e5784d867e93770560d88150a526250df69077cd3065edbbd4c842098,rf_detr_sahi,100860.0,unknown_object,0.265,611.57,369.05,660.08,380.72,566.4,48.51,11.68,4.154,False,,True,unattributed,28,evt_01-P05_upper_body_0040,b949c91847dfe8a9,pose_hand_context,,13609.6,5.49,,1,01/e1/v1,rtmpose_baseline
corpus_01,01.Candidate was found using a mobile phone in the examination hall..mkv,b842b03e5784d867e93770560d88150a526250df69077cd3065edbbd4c842098,rf_detr_sahi,100860.0,unknown_object,0.4475,746.09,271.01,805.0,330.0,3475.3,58.91,58.99,0.999,False,,True,unattributed,20,evt_01-P05_upper_body_0040,c051360ce2ae5ede,pose_hand_context,,10957.9,6.11,,1,01/e1/v1,rtmpose_baseline
corpus_01,01.Candidate was found using a mobile phone in the examination hall..mkv,b842b03e5784d867e93770560d88150a526250df69077cd3065edbbd4c842098,rf_detr_sahi,100860.0,bag,0.3182,822.0,271.01,851.0,329.94,1709.1,29.0,58.93,0.492,False,,True,unattributed,20,evt_01-P05_upper_body_0040,c051360ce2ae5ede,pose_hand_context,,10957.9,6.11,,1,01/e1/v1,rtmpose_baseline
corpus_01,01.Candidate was found using a mobile phone in the examination hall..mkv,b842b03e5784d867e93770560d88150a526250df69077cd3065edbbd4c842098,rf_detr_sahi,100860.0,unknown_object,0.2923,812.8,271.0,851.0,376.0,4011.4,38.2,105.0,0.364,False,,True,unattributed,20,evt_01-P05_upper_body_0040,c051360ce2ae5ede,pose_hand_context,,10957.9,6.11,,1,01/e1/v1,rtmpose_baseline
corpus_01,01.Candidate was found using a mobile phone in the examination hall..mkv,b842b03e5784d867e93770560d88150a526250df69077cd3065edbbd4c842098,rf_detr_sahi,100860.0,unknown_object,0.4475,746.09,271.01,805.0,330.0,3475.3,58.91,58.99,0.999,False,,True,unattributed,29,evt_01-P05_upper_body_0040,c051360ce2ae5ede,pose_hand_context,,10957.9,6.11,,1,01/e1/v1,rtmpose_baseline
corpus_01,01.Candidate was found using a mobile phone in the examination hall..mkv,b842b03e5784d867e93770560d88150a526250df69077cd3065edbbd4c842098,rf_detr_sahi,100860.0,bag,0.3182,822.0,271.01,851.0,329.94,1709.1,29.0,58.93,0.492,False,,True,unattributed,29,evt_01-P05_upper_body_0040,c051360ce2ae5ede,pose_hand_context,,10957.9,6.11,,1,01/e1/v1,rtmpose_baseline
corpus_01,01.Candidate was found using a mobile phone in the examination hall..mkv,b842b03e5784d867e93770560d88150a526250df69077cd3065edbbd4c842098,rf_detr_sahi,100860.0,unknown_object,0.2923,812.8,271.0,851.0,376.0,4011.4,38.2,105.0,0.364,False,,True,unattributed,29,evt_01-P05_upper_body_0040,c051360ce2ae5ede,pose_hand_context,,10957.9,6.11,,1,01/e1/v1,rtmpose_baseline
corpus_01,01.Candidate was found using a mobile phone in the examination hall..mkv,b842b03e5784d867e93770560d88150a526250df69077cd3065edbbd4c842098,rf_detr_sahi,101660.0,unknown_object,0.3355,727.49,271.09,780.0,343.73,3814.6,52.51,72.64,0.723,False,,True,unattributed,29,evt_01-P04_desk_work_surface_0027,04f9924a1d6b1e3a,native_source_context_fallback,no_pose_observation,21206.3,2.86,,1,01/e1/v1,
corpus_01,01.Candidate was found using a mobile phone in the examination hall..mkv,b842b03e5784d867e93770560d88150a526250df69077cd3065edbbd4c842098,rf_detr_sahi,101660.0,unknown_object,0.291,727.13,369.0,780.0,495.0,6661.4,52.87,126.0,0.42,False,,True,unattributed,29,evt_01-P04_desk_work_surface_0027,04f9924a1d6b1e3a,native_source_context_fallback,no_pose_observation,21206.3,2.86,,1,01/e1/v1,
corpus_01,01.Candidate was found using a mobile phone in the examination hall..mkv,b842b03e5784d867e93770560d88150a526250df69077cd3065edbbd4c842098,rf_detr_sahi,101660.0,mouse,0.7514,639.4,371.02,660.06,380.03,186.1,20.65,9.01,2.292,False,,True,unattributed,28,evt_01-P04_desk_work_surface_0027,8e0afbc53f33d27d,pose_hand_context,,12135.2,5.81,,1,01/e1/v1,rtmpose_baseline
corpus_01,01.Candidate was found using a mobile phone in the examination hall..mkv,b842b03e5784d867e93770560d88150a526250df69077cd3065edbbd4c842098,rf_detr_sahi,101660.0,unknown_object,0.4959,691.77,337.6,699.76,345.9,66.4,8.0,8.3,0.963,True,object footprint 66 px is under the 120 px floor for a call,False,unattributed,28,evt_01-P04_desk_work_surface_0027,8e0afbc53f33d27d,pose_hand_context,,12135.2,5.81,,1,01/e1/v1,rtmpose_baseline
corpus_01,01.Candidate was found using a mobile phone in the examination hall..mkv,b842b03e5784d867e93770560d88150a526250df69077cd3065edbbd4c842098,rf_detr_sahi,101660.0,unknown_object,0.4225,664.03,318.08,683.85,379.86,1224.6,19.82,61.78,0.321,False,,True,unattributed,28,evt_01-P04_desk_work_surface_0027,8e0afbc53f33d27d,pose_hand_context,,12135.2,5.81,,1,01/e1/v1,rtmpose_baseline
corpus_01,01.Candidate was found using a mobile phone in the examination hall..mkv,b842b03e5784d867e93770560d88150a526250df69077cd3065edbbd4c842098,rf_detr_sahi,101660.0,unknown_object,0.2923,616.02,391.08,621.75,428.88,216.7,5.73,37.8,0.152,False,,True,unattributed,28,evt_01-P04_desk_work_surface_0027,8e0afbc53f33d27d,pose_hand_context,,12135.2,5.81,,1,01/e1/v1,rtmpose_baseline
corpus_01,01.Candidate was found using a mobile phone in the examination hall..mkv,b842b03e5784d867e93770560d88150a526250df69077cd3065edbbd4c842098,rf_detr_sahi,101660.0,unknown_object,0.284,616.11,367.28,674.69,429.0,3615.3,58.58,61.71,0.949,False,,True,unattributed,28,evt_01-P04_desk_work_surface_0027,8e0afbc53f33d27d,pose_hand_context,,12135.2,5.81,,1,01/e1/v1,rtmpose_baseline
corpus_01,01.Candidate was found using a mobile phone in the examination hall..mkv,b842b03e5784d867e93770560d88150a526250df69077cd3065edbbd4c842098,rf_detr_sahi,101860.0,unknown_object,0.447,727.65,270.42,779.0,343.36,3745.7,51.35,72.94,0.704,False,,True,unattributed,29,evt_01-P05_upper_body_0040,01100039534e853c,native_source_context_fallback,no_pose_observation,20068.0,2.99,,1,01/e1/v1,
corpus_01,01.Candidate was found using a mobile phone in the examination hall..mkv,b842b03e5784d867e93770560d88150a526250df69077cd3065edbbd4c842098,rf_detr_sahi,101860.0,unknown_object,0.275,767.01,364.04,796.07,483.94,3484.6,29.06,119.91,0.242,False,,True,unattributed,29,evt_01-P05_upper_body_0040,01100039534e853c,native_source_context_fallback,no_pose_observation,20068.0,2.99,,1,01/e1/v1,
corpus_01,01.Candidate was found using a mobile phone in the examination hall..mkv,b842b03e5784d867e93770560d88150a526250df69077cd3065edbbd4c842098,rf_detr_sahi,101860.0,mouse,0.7194,639.67,370.95,659.92,379.89,181.1,20.25,8.94,2.265,False,,True,unattributed,28,evt_01-P05_upper_body_0040,871786400233c47b,pose_hand_context,,11833.1,5.88,,1,01/e1/v1,rtmpose_baseline
corpus_01,01.Candidate was found using a mobile phone in the examination hall..mkv,b842b03e5784d867e93770560d88150a526250df69077cd3065edbbd4c842098,rf_detr_sahi,101860.0,unknown_object,0.4295,666.02,317.01,683.78,378.0,1083.5,17.77,60.99,0.291,False,,True,unattributed,28,evt_01-P05_upper_body_0040,871786400233c47b,pose_hand_context,,11833.1,5.88,,1,01/e1/v1,rtmpose_baseline
corpus_01,01.Candidate was found using a mobile phone in the examination hall..mkv,b842b03e5784d867e93770560d88150a526250df69077cd3065edbbd4c842098,rf_detr_sahi,101860.0,unknown_object,0.4093,618.06,365.11,674.14,425.87,3407.6,56.09,60.76,0.923,False,,True,unattributed,28,evt_01-P05_upper_body_0040,871786400233c47b,pose_hand_context,,11833.1,5.88,,1,01/e1/v1,rtmpose_baseline
corpus_01,01.Candidate was found using a mobile phone in the examination hall..mkv,b842b03e5784d867e93770560d88150a526250df69077cd3065edbbd4c842098,rf_detr_sahi,102860.0,unknown_object,0.5161,618.09,365.39,673.79,424.89,3314.2,55.7,59.5,0.936,False,,True,unattributed,28,evt_01-P05_upper_body_0040,2644df7a3a7dc854,pose_hand_context,,11754.9,5.9,,1,01/e1/v1,rtmpose_baseline
corpus_01,01.Candidate was found using a mobile phone in the examination hall..mkv,b842b03e5784d867e93770560d88150a526250df69077cd3065edbbd4c842098,rf_detr_sahi,102860.0,mouse,0.4156,638.85,370.99,659.52,379.35,172.8,20.67,8.36,2.473,False,,True,unattributed,28,evt_01-P05_upper_body_0040,2644df7a3a7dc854,pose_hand_context,,11754.9,5.9,,1,01/e1/v1,rtmpose_baseline
corpus_01,01.Candidate was found using a mobile phone in the examination hall..mkv,b842b03e5784d867e93770560d88150a526250df69077cd3065edbbd4c842098,rf_detr_sahi,102860.0,unknown_object,0.3651,665.13,317.06,697.91,377.99,1997.5,32.78,60.93,0.538,False,,True,unattributed,28,evt_01-P05_upper_body_0040,2644df7a3a7dc854,pose_hand_context,,11754.9,5.9,,1,01/e1/v1,rtmpose_baseline
corpus_01,01.Candidate was found using a mobile phone in the examination hall..mkv,b842b03e5784d867e93770560d88150a526250df69077cd3065edbbd4c842098,rf_detr_sahi,102860.0,unknown_object,0.5762,727.98,270.2,780.0,343.92,3834.6,52.02,73.71,0.706,False,,True,unattributed,29,evt_01-P05_upper_body_0040,d9aec3307cc8f996,native_source_context_fallback,no_pose_observation,20194.4,2.99,,1,01/e1/v1,
corpus_01,01.Candidate was found using a mobile phone in the examination hall..mkv,b842b03e5784d867e93770560d88150a526250df69077cd3065edbbd4c842098,rf_detr_sahi,102860.0,unknown_object,0.3532,727.04,324.06,772.01,390.94,3007.4,44.97,66.88,0.672,False,,True,unattributed,29,evt_01-P05_upper_body_0040,d9aec3307cc8f996,native_source_context_fallback,no_pose_observation,20194.4,2.99,,1,01/e1/v1,
corpus_01,01.Candidate was found using a mobile phone in the examination hall..mkv,b842b03e5784d867e93770560d88150a526250df69077cd3065edbbd4c842098,rf_detr_sahi,102860.0,unknown_object,0.2955,776.03,299.73,789.69,315.02,208.9,13.66,15.29,0.893,False,,True,unattributed,29,evt_01-P05_upper_body_0040,d9aec3307cc8f996,native_source_context_fallback,no_pose_observation,20194.4,2.99,,1,01/e1/v1,
corpus_03,03.CCTV Mobile Usage.mkv,632de9ed55947761d56d4c6142a3cb1a1fe69d0b1a6d0e01a2e404c697962623,dfine_native,9700.0,unknown_object,0.4601,132.03,136.48,193.82,269.29,8207.5,61.8,132.81,0.465,False,,True,S-61,2,evt_S-61_desk_work_surface_0001,221f3c51e350e5d4,pose_hand_context,,17977.4,4.77,,1,cam12/e1/v1,rtmpose_baseline
corpus_03,03.CCTV Mobile Usage.mkv,632de9ed55947761d56d4c6142a3cb1a1fe69d0b1a6d0e01a2e404c697962623,dfine_native,9700.0,unknown_object,0.3504,190.18,201.26,208.79,264.56,1178.5,18.62,63.3,0.294,False,,True,S-61,2,evt_S-61_desk_work_surface_0001,221f3c51e350e5d4,pose_hand_context,,17977.4,4.77,,1,cam12/e1/v1,rtmpose_baseline
corpus_03,03.CCTV Mobile Usage.mkv,632de9ed55947761d56d4c6142a3cb1a1fe69d0b1a6d0e01a2e404c697962623,dfine_native,9700.0,unknown_object,0.2953,190.37,201.8,208.22,239.17,667.2,17.85,37.37,0.478,False,,True,S-61,2,evt_S-61_desk_work_surface_0001,221f3c51e350e5d4,pose_hand_context,,17977.4,4.77,,1,cam12/e1/v1,rtmpose_baseline
corpus_03,03.CCTV Mobile Usage.mkv,632de9ed55947761d56d4c6142a3cb1a1fe69d0b1a6d0e01a2e404c697962623,dfine_native,9700.0,stationery,0.2724,203.21,169.66,265.51,216.53,2920.0,62.29,46.88,1.329,False,,True,S-61,2,evt_S-61_desk_work_surface_0001,221f3c51e350e5d4,pose_hand_context,,17977.4,4.77,,1,cam12/e1/v1,rtmpose_baseline
corpus_03,03.CCTV Mobile Usage.mkv,632de9ed55947761d56d4c6142a3cb1a1fe69d0b1a6d0e01a2e404c697962623,dfine_native,9700.0,keyboard,0.9035,962.11,451.94,1068.0,491.44,4182.8,105.88,39.5,2.68,False,,True,R-desk,3,evt_S-61_desk_work_surface_0001,aa2a91065abbd7fe,lap_bag_context,no_pose_observation,34560.0,1.33,,1,cam12/e1/v1,
corpus_03,03.CCTV Mobile Usage.mkv,632de9ed55947761d56d4c6142a3cb1a1fe69d0b1a6d0e01a2e404c697962623,dfine_native,9700.0,monitor_or_bezel,0.6032,1018.64,395.69,1145.25,447.3,6534.0,126.61,51.61,2.453,False,,True,R-desk,3,evt_S-61_desk_work_surface_0001,aa2a91065abbd7fe,lap_bag_context,no_pose_observation,34560.0,1.33,,1,cam12/e1/v1,
corpus_03,03.CCTV Mobile Usage.mkv,632de9ed55947761d56d4c6142a3cb1a1fe69d0b1a6d0e01a2e404c697962623,dfine_native,9700.0,unknown_object,0.5179,700.11,396.17,862.39,492.21,15585.3,162.28,96.04,1.69,False,,True,R-desk,3,evt_S-61_desk_work_surface_0001,aa2a91065abbd7fe,lap_bag_context,no_pose_observation,34560.0,1.33,,1,cam12/e1/v1,
corpus_03,03.CCTV Mobile Usage.mkv,632de9ed55947761d56d4c6142a3cb1a1fe69d0b1a6d0e01a2e404c697962623,dfine_native,9700.0,unknown_object,0.3775,699.98,396.11,771.33,491.82,6829.3,71.35,95.71,0.746,False,,True,R-desk,3,evt_S-61_desk_work_surface_0001,aa2a91065abbd7fe,lap_bag_context,no_pose_observation,34560.0,1.33,,1,cam12/e1/v1,
corpus_03,03.CCTV Mobile Usage.mkv,632de9ed55947761d56d4c6142a3cb1a1fe69d0b1a6d0e01a2e404c697962623,dfine_native,9700.0,keyboard,0.4761,802.25,396.25,870.72,420.71,1674.8,68.47,24.46,2.799,False,,True,R-desk,3,evt_S-61_desk_work_surface_0001,aa2a91065abbd7fe,lap_bag_context,no_pose_observation,34560.0,1.33,,1,cam12/e1/v1,
corpus_03,03.CCTV Mobile Usage.mkv,632de9ed55947761d56d4c6142a3cb1a1fe69d0b1a6d0e01a2e404c697962623,dfine_native,9700.0,phone,0.3356,1042.86,421.37,1114.04,474.47,3779.1,71.18,53.09,1.341,False,,True,R-desk,3,evt_S-61_desk_work_surface_0001,aa2a91065abbd7fe,lap_bag_context,no_pose_observation,34560.0,1.33,,1,cam12/e1/v1,
corpus_03,03.CCTV Mobile Usage.mkv,632de9ed55947761d56d4c6142a3cb1a1fe69d0b1a6d0e01a2e404c697962623,dfine_native,9700.0,unknown_object,0.3186,700.06,396.27,758.23,490.41,5476.6,58.17,94.14,0.618,False,,True,R-desk,3,evt_S-61_desk_work_surface_0001,aa2a91065abbd7fe,lap_bag_context,no_pose_observation,34560.0,1.33,,1,cam12/e1/v1,
corpus_03,03.CCTV Mobile Usage.mkv,632de9ed55947761d56d4c6142a3cb1a1fe69d0b1a6d0e01a2e404c697962623,dfine_native,9700.0,monitor_or_bezel,0.2952,1011.98,395.68,1146.4,488.42,12466.4,134.42,92.74,1.449,False,,True,R-desk,3,evt_S-61_desk_work_surface_0001,aa2a91065abbd7fe,lap_bag_context,no_pose_observation,34560.0,1.33,,1,cam12/e1/v1,
corpus_03,03.CCTV Mobile Usage.mkv,632de9ed55947761d56d4c6142a3cb1a1fe69d0b1a6d0e01a2e404c697962623,dfine_native,9700.0,monitor_or_bezel,0.2681,881.36,396.18,948.1,452.48,3757.9,66.74,56.3,1.185,False,,True,R-desk,3,evt_S-61_desk_work_surface_0001,aa2a91065abbd7fe,lap_bag_context,no_pose_observation,34560.0,1.33,,1,cam12/e1/v1,
corpus_03,03.CCTV Mobile Usage.mkv,632de9ed55947761d56d4c6142a3cb1a1fe69d0b1a6d0e01a2e404c697962623,dfine_native,9700.0,mouse,0.5184,864.74,413.84,892.29,435.32,591.6,27.54,21.48,1.282,False,,True,R-desk,3,evt_S-61_desk_work_surface_0001,aa2a91065abbd7fe,lap_bag_context,no_pose_observation,34560.0,1.33,,1,cam12/e1/v1,
corpus_03,03.CCTV Mobile Usage.mkv,632de9ed55947761d56d4c6142a3cb1a1fe69d0b1a6d0e01a2e404c697962623,dfine_native,9700.0,mouse,0.278,967.15,398.42,992.01,410.59,302.6,24.86,12.17,2.042,False,,True,R-desk,3,evt_S-61_desk_work_surface_0001,aa2a91065abbd7fe,lap_bag_context,no_pose_observation,34560.0,1.33,,1,cam12/e1/v1,
corpus_03,03.CCTV Mobile Usage.mkv,632de9ed55947761d56d4c6142a3cb1a1fe69d0b1a6d0e01a2e404c697962623,dfine_native,9700.0,unknown_object,0.2805,700.03,396.09,835.11,492.14,12974.5,135.08,96.05,1.406,False,,True,R-desk,3,evt_S-61_desk_work_surface_0001,aa2a91065abbd7fe,lap_bag_context,no_pose_observation,34560.0,1.33,,1,cam12/e1/v1,
corpus_03,03.CCTV Mobile Usage.mkv,632de9ed55947761d56d4c6142a3cb1a1fe69d0b1a6d0e01a2e404c697962623,dfine_native,9700.0,mouse,0.2529,991.28,400.93,1028.29,413.57,467.7,37.01,12.63,2.929,False,,True,R-desk,3,evt_S-61_desk_work_surface_0001,aa2a91065abbd7fe,lap_bag_context,no_pose_observation,34560.0,1.33,,1,cam12/e1/v1,
corpus_03,03.CCTV Mobile Usage.mkv,632de9ed55947761d56d4c6142a3cb1a1fe69d0b1a6d0e01a2e404c697962623,dfine_native,9700.0,keyboard,0.9035,962.11,451.94,1068.0,491.44,4182.8,105.88,39.5,2.68,False,,True,R-desk,4,evt_S-61_desk_work_surface_0001,aa2a91065abbd7fe,lap_bag_context,no_pose_observation,34560.0,1.33,,1,cam12/e1/v1,
corpus_03,03.CCTV Mobile Usage.mkv,632de9ed55947761d56d4c6142a3cb1a1fe69d0b1a6d0e01a2e404c697962623,dfine_native,9700.0,monitor_or_bezel,0.6032,1018.64,395.69,1145.25,447.3,6534.0,126.61,51.61,2.453,False,,True,R-desk,4,evt_S-61_desk_work_surface_0001,aa2a91065abbd7fe,lap_bag_context,no_pose_observation,34560.0,1.33,,1,cam12/e1/v1,
corpus_03,03.CCTV Mobile Usage.mkv,632de9ed55947761d56d4c6142a3cb1a1fe69d0b1a6d0e01a2e404c697962623,dfine_native,9700.0,unknown_object,0.5179,700.11,396.17,862.39,492.21,15585.3,162.28,96.04,1.69,False,,True,R-desk,4,evt_S-61_desk_work_surface_0001,aa2a91065abbd7fe,lap_bag_context,no_pose_observation,34560.0,1.33,,1,cam12/e1/v1,
corpus_03,03.CCTV Mobile Usage.mkv,632de9ed55947761d56d4c6142a3cb1a1fe69d0b1a6d0e01a2e404c697962623,dfine_native,9700.0,unknown_object,0.3775,699.98,396.11,771.33,491.82,6829.3,71.35,95.71,0.746,False,,True,R-desk,4,evt_S-61_desk_work_surface_0001,aa2a91065abbd7fe,lap_bag_context,no_pose_observation,34560.0,1.33,,1,cam12/e1/v1,
corpus_03,03.CCTV Mobile Usage.mkv,632de9ed55947761d56d4c6142a3cb1a1fe69d0b1a6d0e01a2e404c697962623,dfine_native,9700.0,keyboard,0.4761,802.25,396.25,870.72,420.71,1674.8,68.47,24.46,2.799,False,,True,R-desk,4,evt_S-61_desk_work_surface_0001,aa2a91065abbd7fe,lap_bag_context,no_pose_observation,34560.0,1.33,,1,cam12/e1/v1,
corpus_03,03.CCTV Mobile Usage.mkv,632de9ed55947761d56d4c6142a3cb1a1fe69d0b1a6d0e01a2e404c697962623,dfine_native,9700.0,phone,0.3356,1042.86,421.37,1114.04,474.47,3779.1,71.18,53.09,1.341,False,,True,R-desk,4,evt_S-61_desk_work_surface_0001,aa2a91065abbd7fe,lap_bag_context,no_pose_observation,34560.0,1.33,,1,cam12/e1/v1,
corpus_03,03.CCTV Mobile Usage.mkv,632de9ed55947761d56d4c6142a3cb1a1fe69d0b1a6d0e01a2e404c697962623,dfine_native,9700.0,unknown_object,0.3186,700.06,396.27,758.23,490.41,5476.6,58.17,94.14,0.618,False,,True,R-desk,4,evt_S-61_desk_work_surface_0001,aa2a91065abbd7fe,lap_bag_context,no_pose_observation,34560.0,1.33,,1,cam12/e1/v1,
corpus_03,03.CCTV Mobile Usage.mkv,632de9ed55947761d56d4c6142a3cb1a1fe69d0b1a6d0e01a2e404c697962623,dfine_native,9700.0,monitor_or_bezel,0.2952,1011.98,395.68,1146.4,488.42,12466.4,134.42,92.74,1.449,False,,True,R-desk,4,evt_S-61_desk_work_surface_0001,aa2a91065abbd7fe,lap_bag_context,no_pose_observation,34560.0,1.33,,1,cam12/e1/v1,
corpus_03,03.CCTV Mobile Usage.mkv,632de9ed55947761d56d4c6142a3cb1a1fe69d0b1a6d0e01a2e404c697962623,dfine_native,9700.0,monitor_or_bezel,0.2681,881.36,396.18,948.1,452.48,3757.9,66.74,56.3,1.185,False,,True,R-desk,4,evt_S-61_desk_work_surface_0001,aa2a91065abbd7fe,lap_bag_context,no_pose_observation,34560.0,1.33,,1,cam12/e1/v1,
corpus_03,03.CCTV Mobile Usage.mkv,632de9ed55947761d56d4c6142a3cb1a1fe69d0b1a6d0e01a2e404c697962623,dfine_native,9700.0,mouse,0.5184,864.74,413.84,892.29,435.32,591.6,27.54,21.48,1.282,False,,True,R-desk,4,evt_S-61_desk_work_surface_0001,aa2a91065abbd7fe,lap_bag_context,no_pose_observation,34560.0,1.33,,1,cam12/e1/v1,
corpus_03,03.CCTV Mobile Usage.mkv,632de9ed55947761d56d4c6142a3cb1a1fe69d0b1a6d0e01a2e404c697962623,dfine_native,9700.0,mouse,0.278,967.15,398.42,992.01,410.59,302.6,24.86,12.17,2.042,False,,True,R-desk,4,evt_S-61_desk_work_surface_0001,aa2a91065abbd7fe,lap_bag_context,no_pose_observation,34560.0,1.33,,1,cam12/e1/v1,
corpus_03,03.CCTV Mobile Usage.mkv,632de9ed55947761d56d4c6142a3cb1a1fe69d0b1a6d0e01a2e404c697962623,dfine_native,9700.0,unknown_object,0.2805,700.03,396.09,835.11,492.14,12974.5,135.08,96.05,1.406,False,,True,R-desk,4,evt_S-61_desk_work_surface_0001,aa2a91065abbd7fe,lap_bag_context,no_pose_observation,34560.0,1.33,,1,cam12/e1/v1,
corpus_03,03.CCTV Mobile Usage.mkv,632de9ed55947761d56d4c6142a3cb1a1fe69d0b1a6d0e01a2e404c697962623,dfine_native,9700.0,mouse,0.2529,991.28,400.93,1028.29,413.57,467.7,37.01,12.63,2.929,False,,True,R-desk,4,evt_S-61_desk_work_surface_0001,aa2a91065abbd7fe,lap_bag_context,no_pose_observation,34560.0,1.33,,1,cam12/e1/v1,
corpus_03,03.CCTV Mobile Usage.mkv,632de9ed55947761d56d4c6142a3cb1a1fe69d0b1a6d0e01a2e404c697962623,dfine_native,9700.0,unknown_object,0.2924,144.46,502.6,248.93,597.44,9907.9,104.47,94.84,1.101,False,,True,S-61,1,evt_S-61_desk_work_surface_0001,d142004b4e59ec48,pose_hand_context,,20713.0,4.45,,1,cam12/e1/v1,rtmpose_baseline
corpus_03,03.CCTV Mobile Usage.mkv,632de9ed55947761d56d4c6142a3cb1a1fe69d0b1a6d0e01a2e404c697962623,dfine_native,10700.0,unknown_object,0.6902,112.2,261.21,241.92,331.36,9098.9,129.72,70.14,1.849,False,,True,S-61,2,evt_S-61_desk_work_surface_0001,306d5f013085fa12,pose_hand_context,,22428.1,4.27,,1,cam12/e1/v1,rtmpose_baseline
corpus_03,03.CCTV Mobile Usage.mkv,632de9ed55947761d56d4c6142a3cb1a1fe69d0b1a6d0e01a2e404c697962623,dfine_native,10700.0,unknown_object,0.4654,211.13,228.02,228.93,255.87,495.9,17.8,27.85,0.639,False,,True,S-61,2,evt_S-61_desk_work_surface_0001,306d5f013085fa12,pose_hand_context,,22428.1,4.27,,1,cam12/e1/v1,rtmpose_baseline
corpus_03,03.CCTV Mobile Usage.mkv,632de9ed55947761d56d4c6142a3cb1a1fe69d0b1a6d0e01a2e404c697962623,dfine_native,10700.0,unknown_object,0.2988,112.7,265.44,186.99,331.16,4882.6,74.29,65.72,1.13,False,,True,S-61,2,evt_S-61_desk_work_surface_0001,306d5f013085fa12,pose_hand_context,,22428.1,4.27,,1,cam12/e1/v1,rtmpose_baseline
corpus_03,03.CCTV Mobile Usage.mkv,632de9ed55947761d56d4c6142a3cb1a1fe69d0b1a6d0e01a2e404c697962623,dfine_native,10700.0,unknown_object,0.2683,111.92,239.0,241.81,331.25,11982.0,129.89,92.25,1.408,False,,True,S-61,2,evt_S-61_desk_work_surface_0001,306d5f013085fa12,pose_hand_context,,22428.1,4.27,,1,cam12/e1/v1,rtmpose_baseline
corpus_03,03.CCTV Mobile Usage.mkv,632de9ed55947761d56d4c6142a3cb1a1fe69d0b1a6d0e01a2e404c697962623,dfine_native,10700.0,unknown_object,0.274,112.46,225.49,241.92,331.26,13694.4,129.46,105.78,1.224,False,,True,S-61,2,evt_S-61_desk_work_surface_0001,306d5f013085fa12,pose_hand_context,,22428.1,4.27,,1,cam12/e1/v1,rtmpose_baseline
corpus_03,03.CCTV Mobile Usage.mkv,632de9ed55947761d56d4c6142a3cb1a1fe69d0b1a6d0e01a2e404c697962623,dfine_native,10700.0,unknown_object,0.4196,132.38,471.75,243.9,567.08,10632.2,111.52,95.34,1.17,False,,True,S-61,1,evt_S-61_desk_work_surface_0001,fc3e6f6ad9de900d,pose_hand_context,,16022.5,5.06,,1,cam12/e1/v1,rtmpose_baseline
corpus_03,03.CCTV Mobile Usage.mkv,632de9ed55947761d56d4c6142a3cb1a1fe69d0b1a6d0e01a2e404c697962623,dfine_native,11700.0,unknown_object,0.4091,58.01,537.57,96.74,603.13,2539.6,38.74,65.56,0.591,False,,True,S-61,1,evt_S-61_desk_work_surface_0001,b6a05af65e1ac343,pose_hand_context,,28995.3,3.76,,1,cam12/e1/v1,rtmpose_baseline
corpus_03,03.CCTV Mobile Usage.mkv,632de9ed55947761d56d4c6142a3cb1a1fe69d0b1a6d0e01a2e404c697962623,dfine_native,11700.0,stationery,0.4808,57.97,509.52,85.38,552.39,1175.0,27.4,42.87,0.639,False,,True,S-61,1,evt_S-61_desk_work_surface_0001,b6a05af65e1ac343,pose_hand_context,,28995.3,3.76,,1,cam12/e1/v1,rtmpose_baseline
corpus_03,03.CCTV Mobile Usage.mkv,632de9ed55947761d56d4c6142a3cb1a1fe69d0b1a6d0e01a2e404c697962623,dfine_native,11700.0,unknown_object,0.3189,90.9,475.58,218.82,603.21,16326.1,127.91,127.63,1.002,False,,True,S-61,1,evt_S-61_desk_work_surface_0001,b6a05af65e1ac343,pose_hand_context,,28995.3,3.76,,1,cam12/e1/v1,rtmpose_baseline
corpus_03,03.CCTV Mobile Usage.mkv,632de9ed55947761d56d4c6142a3cb1a1fe69d0b1a6d0e01a2e404c697962623,dfine_native,11700.0,unknown_object,0.352,57.99,486.29,97.41,602.22,4569.9,39.42,115.92,0.34,False,,True,S-61,1,evt_S-61_desk_work_surface_0001,b6a05af65e1ac343,pose_hand_context,,28995.3,3.76,,1,cam12/e1/v1,rtmpose_baseline
corpus_03,03.CCTV Mobile Usage.mkv,632de9ed55947761d56d4c6142a3cb1a1fe69d0b1a6d0e01a2e404c697962623,dfine_native,11700.0,unknown_object,0.2911,58.51,474.24,225.71,603.23,21567.0,167.2,128.99,1.296,False,,True,S-61,1,evt_S-61_desk_work_surface_0001,b6a05af65e1ac343,pose_hand_context,,28995.3,3.76,,1,cam12/e1/v1,rtmpose_baseline
corpus_03,03.CCTV Mobile Usage.mkv,632de9ed55947761d56d4c6142a3cb1a1fe69d0b1a6d0e01a2e404c697962623,dfine_native,11700.0,unknown_object,0.3554,58.73,476.46,219.68,603.2,20399.7,160.95,126.74,1.27,False,,True,S-61,1,evt_S-61_desk_work_surface_0001,b6a05af65e1ac343,pose_hand_context,,28995.3,3.76,,1,cam12/e1/v1,rtmpose_baseline
corpus_03,03.CCTV Mobile Usage.mkv,632de9ed55947761d56d4c6142a3cb1a1fe69d0b1a6d0e01a2e404c697962623,dfine_native,11700.0,unknown_object,0.2704,58.12,476.96,229.03,603.28,21589.6,170.91,126.32,1.353,False,,True,S-61,1,evt_S-61_desk_work_surface_0001,b6a05af65e1ac343,pose_hand_context,,28995.3,3.76,,1,cam12/e1/v1,rtmpose_baseline
corpus_03,03.CCTV Mobile Usage.mkv,632de9ed55947761d56d4c6142a3cb1a1fe69d0b1a6d0e01a2e404c697962623,dfine_native,12700.0,unknown_object,0.312,180.49,293.84,335.84,384.62,14102.7,155.35,90.78,1.711,False,,True,S-61,2,evt_S-61_desk_work_surface_0001,1f3041ccf4ecfadb,pose_hand_context,,34165.8,3.46,,1,cam12/e1/v1,rtmpose_baseline
corpus_03,03.CCTV Mobile Usage.mkv,632de9ed55947761d56d4c6142a3cb1a1fe69d0b1a6d0e01a2e404c697962623,dfine_native,12700.0,stationery,0.3639,16.87,392.15,101.84,498.64,9048.2,84.97,106.49,0.798,False,,True,S-61,1,evt_S-61_desk_work_surface_0001,4da4af0040eee7f8,pose_hand_context,,26771.5,3.91,,1,cam12/e1/v1,rtmpose_baseline
corpus_03,03.CCTV Mobile Usage.mkv,632de9ed55947761d56d4c6142a3cb1a1fe69d0b1a6d0e01a2e404c697962623,dfine_native,12700.0,stationery,0.4537,43.03,443.84,71.91,471.22,790.8,28.88,27.38,1.055,False,,True,S-61,1,evt_S-61_desk_work_surface_0001,4da4af0040eee7f8,pose_hand_context,,26771.5,3.91,,1,cam12/e1/v1,rtmpose_baseline
corpus_03,03.CCTV Mobile Usage.mkv,632de9ed55947761d56d4c6142a3cb1a1fe69d0b1a6d0e01a2e404c697962623,dfine_native,12700.0,stationery,0.2584,43.55,506.11,90.56,554.91,2293.7,47.0,48.8,0.963,False,,True,S-61,1,evt_S-61_desk_work_surface_0001,4da4af0040eee7f8,pose_hand_context,,26771.5,3.91,,1,cam12/e1/v1,rtmpose_baseline
corpus_03,03.CCTV Mobile Usage.mkv,632de9ed55947761d56d4c6142a3cb1a1fe69d0b1a6d0e01a2e404c697962623,dfine_native,12700.0,stationery,0.4137,100.29,478.46,160.44,531.68,3201.6,60.15,53.23,1.13,False,,True,S-61,1,evt_S-61_desk_work_surface_0001,4da4af0040eee7f8,pose_hand_context,,26771.5,3.91,,1,cam12/e1/v1,rtmpose_baseline
corpus_03,03.CCTV Mobile Usage.mkv,632de9ed55947761d56d4c6142a3cb1a1fe69d0b1a6d0e01a2e404c697962623,dfine_native,12700.0,stationery,0.6678,16.94,415.09,101.63,498.59,7071.1,84.68,83.5,1.014,False,,True,S-61,1,evt_S-61_desk_work_surface_0001,4da4af0040eee7f8,pose_hand_context,,26771.5,3.91,,1,cam12/e1/v1,rtmpose_baseline
corpus_03,03.CCTV Mobile Usage.mkv,632de9ed55947761d56d4c6142a3cb1a1fe69d0b1a6d0e01a2e404c697962623,dfine_native,12700.0,unknown_object,0.3187,16.81,392.13,180.06,555.34,26644.7,163.25,163.21,1.0,False,,True,S-61,1,evt_S-61_desk_work_surface_0001,4da4af0040eee7f8,pose_hand_context,,26771.5,3.91,,1,cam12/e1/v1,rtmpose_baseline
corpus_03,03.CCTV Mobile Usage.mkv,632de9ed55947761d56d4c6142a3cb1a1fe69d0b1a6d0e01a2e404c697962623,dfine_native,12700.0,stationery,0.3759,83.39,418.29,149.81,496.41,5188.5,66.42,78.12,0.85,False,,True,S-61,1,evt_S-61_desk_work_surface_0001,4da4af0040eee7f8,pose_hand_context,,26771.5,3.91,,1,cam12/e1/v1,rtmpose_baseline
corpus_03,03.CCTV Mobile Usage.mkv,632de9ed55947761d56d4c6142a3cb1a1fe69d0b1a6d0e01a2e404c697962623,dfine_native,12700.0,stationery,0.3028,70.68,418.06,155.51,497.46,6734.8,84.83,79.39,1.069,False,,True,S-61,1,evt_S-61_desk_work_surface_0001,4da4af0040eee7f8,pose_hand_context,,26771.5,3.91,,1,cam12/e1/v1,rtmpose_baseline
corpus_03,03.CCTV Mobile Usage.mkv,632de9ed55947761d56d4c6142a3cb1a1fe69d0b1a6d0e01a2e404c697962623,dfine_native,12700.0,stationery,0.3619,17.13,415.57,156.62,499.59,11719.5,139.49,84.02,1.66,False,,True,S-61,1,evt_S-61_desk_work_surface_0001,4da4af0040eee7f8,pose_hand_context,,26771.5,3.91,,1,cam12/e1/v1,rtmpose_baseline
corpus_03,03.CCTV Mobile Usage.mkv,632de9ed55947761d56d4c6142a3cb1a1fe69d0b1a6d0e01a2e404c697962623,dfine_native,12700.0,stationery,0.3928,17.08,478.77,179.78,555.65,12507.6,162.7,76.88,2.116,False,,True,S-61,1,evt_S-61_desk_work_surface_0001,4da4af0040eee7f8,pose_hand_context,,26771.5,3.91,,1,cam12/e1/v1,rtmpose_baseline
corpus_03,03.CCTV Mobile Usage.mkv,632de9ed55947761d56d4c6142a3cb1a1fe69d0b1a6d0e01a2e404c697962623,dfine_native,12700.0,stationery,0.2793,17.43,495.06,157.88,555.67,8512.7,140.45,60.61,2.317,False,,True,S-61,1,evt_S-61_desk_work_surface_0001,4da4af0040eee7f8,pose_hand_context,,26771.5,3.91,,1,cam12/e1/v1,rtmpose_baseline
corpus_03,03.CCTV Mobile Usage.mkv,632de9ed55947761d56d4c6142a3cb1a1fe69d0b1a6d0e01a2e404c697962623,dfine_native,12700.0,stationery,0.2505,127.81,445.39,158.05,490.1,1352.2,30.24,44.71,0.676,False,,True,S-61,1,evt_S-61_desk_work_surface_0001,4da4af0040eee7f8,pose_hand_context,,26771.5,3.91,,1,cam12/e1/v1,rtmpose_baseline
corpus_03,03.CCTV Mobile Usage.mkv,632de9ed55947761d56d4c6142a3cb1a1fe69d0b1a6d0e01a2e404c697962623,dfine_native,12700.0,stationery,0.3629,16.92,493.35,179.88,555.67,10157.4,162.96,62.33,2.615,False,,True,S-61,1,evt_S-61_desk_work_surface_0001,4da4af0040eee7f8,pose_hand_context,,26771.5,3.91,,1,cam12/e1/v1,rtmpose_baseline
corpus_03,03.CCTV Mobile Usage.mkv,632de9ed55947761d56d4c6142a3cb1a1fe69d0b1a6d0e01a2e404c697962623,dfine_native,12700.0,stationery,0.2657,16.92,392.08,157.98,499.53,15155.8,141.05,107.45,1.313,False,,True,S-61,1,evt_S-61_desk_work_surface_0001,4da4af0040eee7f8,pose_hand_context,,26771.5,3.91,,1,cam12/e1/v1,rtmpose_baseline
corpus_03,03.CCTV Mobile Usage.mkv,632de9ed55947761d56d4c6142a3cb1a1fe69d0b1a6d0e01a2e404c697962623,dfine_native,12700.0,stationery,0.306,17.33,478.23,160.24,555.36,11022.2,142.92,77.12,1.853,False,,True,S-61,1,evt_S-61_desk_work_surface_0001,4da4af0040eee7f8,pose_hand_context,,26771.5,3.91,,1,cam12/e1/v1,rtmpose_baseline
corpus_03,03.CCTV Mobile Usage.mkv,632de9ed55947761d56d4c6142a3cb1a1fe69d0b1a6d0e01a2e404c697962623,dfine_native,12700.0,keyboard,0.894,962.1,451.9,1067.92,491.45,4185.1,105.83,39.55,2.676,False,,True,R-desk,7,evt_S-61_desk_work_surface_0001,968235d01208b21f,lap_bag_context,no_pose_observation,34560.0,1.33,,1,cam12/e1/v1,
corpus_03,03.CCTV Mobile Usage.mkv,632de9ed55947761d56d4c6142a3cb1a1fe69d0b1a6d0e01a2e404c697962623,dfine_native,12700.0,unknown_object,0.6223,699.91,396.23,849.49,492.42,14387.6,149.57,96.19,1.555,False,,True,R-desk,7,evt_S-61_desk_work_surface_0001,968235d01208b21f,lap_bag_context,no_pose_observation,34560.0,1.33,,1,cam12/e1/v1,
corpus_03,03.CCTV Mobile Usage.mkv,632de9ed55947761d56d4c6142a3cb1a1fe69d0b1a6d0e01a2e404c697962623,dfine_native,12700.0,keyboard,0.4237,802.46,396.22,870.9,420.71,1675.7,68.44,24.48,2.795,False,,True,R-desk,7,evt_S-61_desk_work_surface_0001,968235d01208b21f,lap_bag_context,no_pose_observation,34560.0,1.33,,1,cam12/e1/v1,
corpus_03,03.CCTV Mobile Usage.mkv,632de9ed55947761d56d4c6142a3cb1a1fe69d0b1a6d0e01a2e404c697962623,dfine_native,12700.0,unknown_object,0.3092,736.55,395.62,1140.16,491.17,38565.1,403.61,95.55,4.224,False,,True,R-desk,7,evt_S-61_desk_work_surface_0001,968235d01208b21f,lap_bag_context,no_pose_observation,34560.0,1.33,,1,cam12/e1/v1,
corpus_03,03.CCTV Mobile Usage.mkv,632de9ed55947761d56d4c6142a3cb1a1fe69d0b1a6d0e01a2e404c697962623,dfine_native,12700.0,monitor_or_bezel,0.3892,1019.66,395.52,1145.06,446.55,6399.4,125.4,51.03,2.457,False,,True,R-desk,7,evt_S-61_desk_work_surface_0001,968235d01208b21f,lap_bag_context,no_pose_observation,34560.0,1.33,,1,cam12/e1/v1,
corpus_03,03.CCTV Mobile Usage.mkv,632de9ed55947761d56d4c6142a3cb1a1fe69d0b1a6d0e01a2e404c697962623,dfine_native,12700.0,unknown_object,0.4019,699.97,396.22,757.52,491.04,5456.4,57.55,94.82,0.607,False,,True,R-desk,7,evt_S-61_desk_work_surface_0001,968235d01208b21f,lap_bag_context,no_pose_observation,34560.0,1.33,,1,cam12/e1/v1,
corpus_03,03.CCTV Mobile Usage.mkv,632de9ed55947761d56d4c6142a3cb1a1fe69d0b1a6d0e01a2e404c697962623,dfine_native,12700.0,monitor_or_bezel,0.3272,1013.37,395.62,1146.34,488.37,12331.9,132.97,92.74,1.434,False,,True,R-desk,7,evt_S-61_desk_work_surface_0001,968235d01208b21f,lap_bag_context,no_pose_observation,34560.0,1.33,,1,cam12/e1/v1,
corpus_03,03.CCTV Mobile Usage.mkv,632de9ed55947761d56d4c6142a3cb1a1fe69d0b1a6d0e01a2e404c697962623,dfine_native,12700.0,phone,0.2574,1042.72,421.48,1114.16,474.32,3775.4,71.45,52.84,1.352,False,,True,R-desk,7,evt_S-61_desk_work_surface_0001,968235d01208b21f,lap_bag_context,no_pose_observation,34560.0,1.33,,1,cam12/e1/v1,
corpus_03,03.CCTV Mobile Usage.mkv,632de9ed55947761d56d4c6142a3cb1a1fe69d0b1a6d0e01a2e404c697962623,dfine_native,12700.0,monitor_or_bezel,0.4822,967.01,395.52,1146.45,490.67,17075.0,179.45,95.15,1.886,False,,True,R-desk,7,evt_S-61_desk_work_surface_0001,968235d01208b21f,lap_bag_context,no_pose_observation,34560.0,1.33,,1,cam12/e1/v1,
corpus_03,03.CCTV Mobile Usage.mkv,632de9ed55947761d56d4c6142a3cb1a1fe69d0b1a6d0e01a2e404c697962623,dfine_native,12700.0,mouse,0.5254,865.29,413.82,892.12,435.31,576.5,26.83,21.48,1.249,False,,True,R-desk,7,evt_S-61_desk_work_surface_0001,968235d01208b21f,lap_bag_context,no_pose_observation,34560.0,1.33,,1,cam12/e1/v1,
corpus_03,03.CCTV Mobile Usage.mkv,632de9ed55947761d56d4c6142a3cb1a1fe69d0b1a6d0e01a2e404c697962623,dfine_native,12700.0,mouse,0.2733,966.85,398.32,992.32,410.44,308.6,25.46,12.12,2.101,False,,True,R-desk,7,evt_S-61_desk_work_surface_0001,968235d01208b21f,lap_bag_context,no_pose_observation,34560.0,1.33,,1,cam12/e1/v1,
corpus_03,03.CCTV Mobile Usage.mkv,632de9ed55947761d56d4c6142a3cb1a1fe69d0b1a6d0e01a2e404c697962623,dfine_native,12700.0,monitor_or_bezel,0.281,967.29,395.4,1146.3,490.86,17088.5,179.0,95.46,1.875,False,,True,R-desk,7,evt_S-61_desk_work_surface_0001,968235d01208b21f,lap_bag_context,no_pose_observation,34560.0,1.33,,1,cam12/e1/v1,
corpus_03,03.CCTV Mobile Usage.mkv,632de9ed55947761d56d4c6142a3cb1a1fe69d0b1a6d0e01a2e404c697962623,dfine_native,12700.0,monitor_or_bezel,0.3241,874.69,395.46,1146.43,491.41,26072.2,271.74,95.95,2.832,False,,True,R-desk,7,evt_S-61_desk_work_surface_0001,968235d01208b21f,lap_bag_context,no_pose_observation,34560.0,1.33,,1,cam12/e1/v1,
corpus_03,03.CCTV Mobile Usage.mkv,632de9ed55947761d56d4c6142a3cb1a1fe69d0b1a6d0e01a2e404c697962623,dfine_native,12700.0,unknown_object,0.3147,699.92,396.15,779.06,492.48,7623.9,79.14,96.33,0.822,False,,True,R-desk,7,evt_S-61_desk_work_surface_0001,968235d01208b21f,lap_bag_context,no_pose_observation,34560.0,1.33,,1,cam12/e1/v1,
corpus_03,03.CCTV Mobile Usage.mkv,632de9ed55947761d56d4c6142a3cb1a1fe69d0b1a6d0e01a2e404c697962623,dfine_native,12700.0,keyboard,0.894,962.1,451.9,1067.92,491.45,4185.1,105.83,39.55,2.676,False,,True,R-desk,5,evt_S-61_desk_work_surface_0001,968235d01208b21f,lap_bag_context,no_pose_observation,34560.0,1.33,,1,cam12/e1/v1,
corpus_03,03.CCTV Mobile Usage.mkv,632de9ed55947761d56d4c6142a3cb1a1fe69d0b1a6d0e01a2e404c697962623,dfine_native,12700.0,unknown_object,0.6223,699.91,396.23,849.49,492.42,14387.6,149.57,96.19,1.555,False,,True,R-desk,5,evt_S-61_desk_work_surface_0001,968235d01208b21f,lap_bag_context,no_pose_observation,34560.0,1.33,,1,cam12/e1/v1,
corpus_03,03.CCTV Mobile Usage.mkv,632de9ed55947761d56d4c6142a3cb1a1fe69d0b1a6d0e01a2e404c697962623,dfine_native,12700.0,keyboard,0.4237,802.46,396.22,870.9,420.71,1675.7,68.44,24.48,2.795,False,,True,R-desk,5,evt_S-61_desk_work_surface_0001,968235d01208b21f,lap_bag_context,no_pose_observation,34560.0,1.33,,1,cam12/e1/v1,
corpus_03,03.CCTV Mobile Usage.mkv,632de9ed55947761d56d4c6142a3cb1a1fe69d0b1a6d0e01a2e404c697962623,dfine_native,12700.0,unknown_object,0.3092,736.55,395.62,1140.16,491.17,38565.1,403.61,95.55,4.224,False,,True,R-desk,5,evt_S-61_desk_work_surface_0001,968235d01208b21f,lap_bag_context,no_pose_observation,34560.0,1.33,,1,cam12/e1/v1,
corpus_03,03.CCTV Mobile Usage.mkv,632de9ed55947761d56d4c6142a3cb1a1fe69d0b1a6d0e01a2e404c697962623,dfine_native,12700.0,monitor_or_bezel,0.3892,1019.66,395.52,1145.06,446.55,6399.4,125.4,51.03,2.457,False,,True,R-desk,5,evt_S-61_desk_work_surface_0001,968235d01208b21f,lap_bag_context,no_pose_observation,34560.0,1.33,,1,cam12/e1/v1,
corpus_03,03.CCTV Mobile Usage.mkv,632de9ed55947761d56d4c6142a3cb1a1fe69d0b1a6d0e01a2e404c697962623,dfine_native,12700.0,unknown_object,0.4019,699.97,396.22,757.52,491.04,5456.4,57.55,94.82,0.607,False,,True,R-desk,5,evt_S-61_desk_work_surface_0001,968235d01208b21f,lap_bag_context,no_pose_observation,34560.0,1.33,,1,cam12/e1/v1,
corpus_03,03.CCTV Mobile Usage.mkv,632de9ed55947761d56d4c6142a3cb1a1fe69d0b1a6d0e01a2e404c697962623,dfine_native,12700.0,monitor_or_bezel,0.3272,1013.37,395.62,1146.34,488.37,12331.9,132.97,92.74,1.434,False,,True,R-desk,5,evt_S-61_desk_work_surface_0001,968235d01208b21f,lap_bag_context,no_pose_observation,34560.0,1.33,,1,cam12/e1/v1,
corpus_03,03.CCTV Mobile Usage.mkv,632de9ed55947761d56d4c6142a3cb1a1fe69d0b1a6d0e01a2e404c697962623,dfine_native,12700.0,phone,0.2574,1042.72,421.48,1114.16,474.32,3775.4,71.45,52.84,1.352,False,,True,R-desk,5,evt_S-61_desk_work_surface_0001,968235d01208b21f,lap_bag_context,no_pose_observation,34560.0,1.33,,1,cam12/e1/v1,
corpus_03,03.CCTV Mobile Usage.mkv,632de9ed55947761d56d4c6142a3cb1a1fe69d0b1a6d0e01a2e404c697962623,dfine_native,12700.0,monitor_or_bezel,0.4822,967.01,395.52,1146.45,490.67,17075.0,179.45,95.15,1.886,False,,True,R-desk,5,evt_S-61_desk_work_surface_0001,968235d01208b21f,lap_bag_context,no_pose_observation,34560.0,1.33,,1,cam12/e1/v1,
corpus_03,03.CCTV Mobile Usage.mkv,632de9ed55947761d56d4c6142a3cb1a1fe69d0b1a6d0e01a2e404c697962623,dfine_native,12700.0,mouse,0.5254,865.29,413.82,892.12,435.31,576.5,26.83,21.48,1.249,False,,True,R-desk,5,evt_S-61_desk_work_surface_0001,968235d01208b21f,lap_bag_context,no_pose_observation,34560.0,1.33,,1,cam12/e1/v1,
corpus_03,03.CCTV Mobile Usage.mkv,632de9ed55947761d56d4c6142a3cb1a1fe69d0b1a6d0e01a2e404c697962623,dfine_native,12700.0,mouse,0.2733,966.85,398.32,992.32,410.44,308.6,25.46,12.12,2.101,False,,True,R-desk,5,evt_S-61_desk_work_surface_0001,968235d01208b21f,lap_bag_context,no_pose_observation,34560.0,1.33,,1,cam12/e1/v1,
corpus_03,03.CCTV Mobile Usage.mkv,632de9ed55947761d56d4c6142a3cb1a1fe69d0b1a6d0e01a2e404c697962623,dfine_native,12700.0,monitor_or_bezel,0.281,967.29,395.4,1146.3,490.86,17088.5,179.0,95.46,1.875,False,,True,R-desk,5,evt_S-61_desk_work_surface_0001,968235d01208b21f,lap_bag_context,no_pose_observation,34560.0,1.33,,1,cam12/e1/v1,
corpus_03,03.CCTV Mobile Usage.mkv,632de9ed55947761d56d4c6142a3cb1a1fe69d0b1a6d0e01a2e404c697962623,dfine_native,12700.0,monitor_or_bezel,0.3241,874.69,395.46,1146.43,491.41,26072.2,271.74,95.95,2.832,False,,True,R-desk,5,evt_S-61_desk_work_surface_0001,968235d01208b21f,lap_bag_context,no_pose_observation,34560.0,1.33,,1,cam12/e1/v1,
corpus_03,03.CCTV Mobile Usage.mkv,632de9ed55947761d56d4c6142a3cb1a1fe69d0b1a6d0e01a2e404c697962623,dfine_native,12700.0,unknown_object,0.3147,699.92,396.15,779.06,492.48,7623.9,79.14,96.33,0.822,False,,True,R-desk,5,evt_S-61_desk_work_surface_0001,968235d01208b21f,lap_bag_context,no_pose_observation,34560.0,1.33,,1,cam12/e1/v1,
corpus_03,03.CCTV Mobile Usage.mkv,632de9ed55947761d56d4c6142a3cb1a1fe69d0b1a6d0e01a2e404c697962623,dfine_native,12700.0,keyboard,0.894,962.1,451.9,1067.92,491.45,4185.1,105.83,39.55,2.676,False,,True,R-desk,6,evt_S-61_desk_work_surface_0001,968235d01208b21f,lap_bag_context,no_pose_observation,34560.0,1.33,,1,cam12/e1/v1,
corpus_03,03.CCTV Mobile Usage.mkv,632de9ed55947761d56d4c6142a3cb1a1fe69d0b1a6d0e01a2e404c697962623,dfine_native,12700.0,unknown_object,0.6223,699.91,396.23,849.49,492.42,14387.6,149.57,96.19,1.555,False,,True,R-desk,6,evt_S-61_desk_work_surface_0001,968235d01208b21f,lap_bag_context,no_pose_observation,34560.0,1.33,,1,cam12/e1/v1,
corpus_03,03.CCTV Mobile Usage.mkv,632de9ed55947761d56d4c6142a3cb1a1fe69d0b1a6d0e01a2e404c697962623,dfine_native,12700.0,keyboard,0.4237,802.46,396.22,870.9,420.71,1675.7,68.44,24.48,2.795,False,,True,R-desk,6,evt_S-61_desk_work_surface_0001,968235d01208b21f,lap_bag_context,no_pose_observation,34560.0,1.33,,1,cam12/e1/v1,
corpus_03,03.CCTV Mobile Usage.mkv,632de9ed55947761d56d4c6142a3cb1a1fe69d0b1a6d0e01a2e404c697962623,dfine_native,12700.0,unknown_object,0.3092,736.55,395.62,1140.16,491.17,38565.1,403.61,95.55,4.224,False,,True,R-desk,6,evt_S-61_desk_work_surface_0001,968235d01208b21f,lap_bag_context,no_pose_observation,34560.0,1.33,,1,cam12/e1/v1,
corpus_03,03.CCTV Mobile Usage.mkv,632de9ed55947761d56d4c6142a3cb1a1fe69d0b1a6d0e01a2e404c697962623,dfine_native,12700.0,monitor_or_bezel,0.3892,1019.66,395.52,1145.06,446.55,6399.4,125.4,51.03,2.457,False,,True,R-desk,6,evt_S-61_desk_work_surface_0001,968235d01208b21f,lap_bag_context,no_pose_observation,34560.0,1.33,,1,cam12/e1/v1,
corpus_03,03.CCTV Mobile Usage.mkv,632de9ed55947761d56d4c6142a3cb1a1fe69d0b1a6d0e01a2e404c697962623,dfine_native,12700.0,unknown_object,0.4019,699.97,396.22,757.52,491.04,5456.4,57.55,94.82,0.607,False,,True,R-desk,6,evt_S-61_desk_work_surface_0001,968235d01208b21f,lap_bag_context,no_pose_observation,34560.0,1.33,,1,cam12/e1/v1,
corpus_03,03.CCTV Mobile Usage.mkv,632de9ed55947761d56d4c6142a3cb1a1fe69d0b1a6d0e01a2e404c697962623,dfine_native,12700.0,monitor_or_bezel,0.3272,1013.37,395.62,1146.34,488.37,12331.9,132.97,92.74,1.434,False,,True,R-desk,6,evt_S-61_desk_work_surface_0001,968235d01208b21f,lap_bag_context,no_pose_observation,34560.0,1.33,,1,cam12/e1/v1,
corpus_03,03.CCTV Mobile Usage.mkv,632de9ed55947761d56d4c6142a3cb1a1fe69d0b1a6d0e01a2e404c697962623,dfine_native,12700.0,phone,0.2574,1042.72,421.48,1114.16,474.32,3775.4,71.45,52.84,1.352,False,,True,R-desk,6,evt_S-61_desk_work_surface_0001,968235d01208b21f,lap_bag_context,no_pose_observation,34560.0,1.33,,1,cam12/e1/v1,
corpus_03,03.CCTV Mobile Usage.mkv,632de9ed55947761d56d4c6142a3cb1a1fe69d0b1a6d0e01a2e404c697962623,dfine_native,12700.0,monitor_or_bezel,0.4822,967.01,395.52,1146.45,490.67,17075.0,179.45,95.15,1.886,False,,True,R-desk,6,evt_S-61_desk_work_surface_0001,968235d01208b21f,lap_bag_context,no_pose_observation,34560.0,1.33,,1,cam12/e1/v1,
corpus_03,03.CCTV Mobile Usage.mkv,632de9ed55947761d56d4c6142a3cb1a1fe69d0b1a6d0e01a2e404c697962623,dfine_native,12700.0,mouse,0.5254,865.29,413.82,892.12,435.31,576.5,26.83,21.48,1.249,False,,True,R-desk,6,evt_S-61_desk_work_surface_0001,968235d01208b21f,lap_bag_context,no_pose_observation,34560.0,1.33,,1,cam12/e1/v1,
corpus_03,03.CCTV Mobile Usage.mkv,632de9ed55947761d56d4c6142a3cb1a1fe69d0b1a6d0e01a2e404c697962623,dfine_native,12700.0,mouse,0.2733,966.85,398.32,992.32,410.44,308.6,25.46,12.12,2.101,False,,True,R-desk,6,evt_S-61_desk_work_surface_0001,968235d01208b21f,lap_bag_context,no_pose_observation,34560.0,1.33,,1,cam12/e1/v1,
corpus_03,03.CCTV Mobile Usage.mkv,632de9ed55947761d56d4c6142a3cb1a1fe69d0b1a6d0e01a2e404c697962623,dfine_native,12700.0,monitor_or_bezel,0.281,967.29,395.4,1146.3,490.86,17088.5,179.0,95.46,1.875,False,,True,R-desk,6,evt_S-61_desk_work_surface_0001,968235d01208b21f,lap_bag_context,no_pose_observation,34560.0,1.33,,1,cam12/e1/v1,
corpus_03,03.CCTV Mobile Usage.mkv,632de9ed55947761d56d4c6142a3cb1a1fe69d0b1a6d0e01a2e404c697962623,dfine_native,12700.0,monitor_or_bezel,0.3241,874.69,395.46,1146.43,491.41,26072.2,271.74,95.95,2.832,False,,True,R-desk,6,evt_S-61_desk_work_surface_0001,968235d01208b21f,lap_bag_context,no_pose_observation,34560.0,1.33,,1,cam12/e1/v1,
corpus_03,03.CCTV Mobile Usage.mkv,632de9ed55947761d56d4c6142a3cb1a1fe69d0b1a6d0e01a2e404c697962623,dfine_native,12700.0,unknown_object,0.3147,699.92,396.15,779.06,492.48,7623.9,79.14,96.33,0.822,False,,True,R-desk,6,evt_S-61_desk_work_surface_0001,968235d01208b21f,lap_bag_context,no_pose_observation,34560.0,1.33,,1,cam12/e1/v1,
corpus_03,03.CCTV Mobile Usage.mkv,632de9ed55947761d56d4c6142a3cb1a1fe69d0b1a6d0e01a2e404c697962623,dfine_native,13700.0,keyboard,0.8943,962.1,451.9,1067.92,491.45,4185.3,105.83,39.55,2.676,False,,True,R-desk,5,evt_S-61_desk_work_surface_0001,243d4174c5ecf8e0,lap_bag_context,no_pose_observation,34560.0,1.33,,1,cam12/e1/v1,
corpus_03,03.CCTV Mobile Usage.mkv,632de9ed55947761d56d4c6142a3cb1a1fe69d0b1a6d0e01a2e404c697962623,dfine_native,13700.0,unknown_object,0.6351,699.91,396.23,849.23,492.42,14363.2,149.32,96.19,1.552,False,,True,R-desk,5,evt_S-61_desk_work_surface_0001,243d4174c5ecf8e0,lap_bag_context,no_pose_observation,34560.0,1.33,,1,cam12/e1/v1,
corpus_03,03.CCTV Mobile Usage.mkv,632de9ed55947761d56d4c6142a3cb1a1fe69d0b1a6d0e01a2e404c697962623,dfine_native,13700.0,keyboard,0.4275,802.46,396.23,870.9,420.71,1675.4,68.44,24.48,2.796,False,,True,R-desk,5,evt_S-61_desk_work_surface_0001,243d4174c5ecf8e0,lap_bag_context,no_pose_observation,34560.0,1.33,,1,cam12/e1/v1,
corpus_03,03.CCTV Mobile Usage.mkv,632de9ed55947761d56d4c6142a3cb1a1fe69d0b1a6d0e01a2e404c697962623,dfine_native,13700.0,unknown_object,0.3122,736.53,395.62,1140.46,491.18,38597.9,403.92,95.56,4.227,False,,True,R-desk,5,evt_S-61_desk_work_surface_0001,243d4174c5ecf8e0,lap_bag_context,no_pose_observation,34560.0,1.33,,1,cam12/e1/v1,
corpus_03,03.CCTV Mobile Usage.mkv,632de9ed55947761d56d4c6142a3cb1a1fe69d0b1a6d0e01a2e404c697962623,dfine_native,13700.0,monitor_or_bezel,0.3911,1019.66,395.52,1145.07,446.54,6398.2,125.4,51.02,2.458,False,,True,R-desk,5,evt_S-61_desk_work_surface_0001,243d4174c5ecf8e0,lap_bag_context,no_pose_observation,34560.0,1.33,,1,cam12/e1/v1,
corpus_03,03.CCTV Mobile Usage.mkv,632de9ed55947761d56d4c6142a3cb1a1fe69d0b1a6d0e01a2e404c697962623,dfine_native,13700.0,monitor_or_bezel,0.3285,1013.36,395.62,1146.34,488.38,12335.5,132.98,92.76,1.434,False,,True,R-desk,5,evt_S-61_desk_work_surface_0001,243d4174c5ecf8e0,lap_bag_context,no_pose_observation,34560.0,1.33,,1,cam12/e1/v1,
corpus_03,03.CCTV Mobile Usage.mkv,632de9ed55947761d56d4c6142a3cb1a1fe69d0b1a6d0e01a2e404c697962623,dfine_native,13700.0,unknown_object,0.4047,699.97,396.23,757.44,491.07,5450.2,57.47,94.84,0.606,False,,True,R-desk,5,evt_S-61_desk_work_surface_0001,243d4174c5ecf8e0,lap_bag_context,no_pose_observation,34560.0,1.33,,1,cam12/e1/v1,
corpus_03,03.CCTV Mobile Usage.mkv,632de9ed55947761d56d4c6142a3cb1a1fe69d0b1a6d0e01a2e404c697962623,dfine_native,13700.0,phone,0.2566,1042.72,421.48,1114.17,474.32,3775.7,71.45,52.84,1.352,False,,True,R-desk,5,evt_S-61_desk_work_surface_0001,243d4174c5ecf8e0,lap_bag_context,no_pose_observation,34560.0,1.33,,1,cam12/e1/v1,
corpus_03,03.CCTV Mobile Usage.mkv,632de9ed55947761d56d4c6142a3cb1a1fe69d0b1a6d0e01a2e404c697962623,dfine_native,13700.0,monitor_or_bezel,0.4849,967.02,395.52,1146.46,490.68,17075.9,179.44,95.16,1.886,False,,True,R-desk,5,evt_S-61_desk_work_surface_0001,243d4174c5ecf8e0,lap_bag_context,no_pose_observation,34560.0,1.33,,1,cam12/e1/v1,
corpus_03,03.CCTV Mobile Usage.mkv,632de9ed55947761d56d4c6142a3cb1a1fe69d0b1a6d0e01a2e404c697962623,dfine_native,13700.0,mouse,0.5281,865.29,413.83,892.11,435.3,576.1,26.82,21.48,1.249,False,,True,R-desk,5,evt_S-61_desk_work_surface_0001,243d4174c5ecf8e0,lap_bag_context,no_pose_observation,34560.0,1.33,,1,cam12/e1/v1,
corpus_03,03.CCTV Mobile Usage.mkv,632de9ed55947761d56d4c6142a3cb1a1fe69d0b1a6d0e01a2e404c697962623,dfine_native,13700.0,mouse,0.2755,966.86,398.32,992.31,410.43,308.4,25.45,12.12,2.101,False,,True,R-desk,5,evt_S-61_desk_work_surface_0001,243d4174c5ecf8e0,lap_bag_context,no_pose_observation,34560.0,1.33,,1,cam12/e1/v1,
corpus_03,03.CCTV Mobile Usage.mkv,632de9ed55947761d56d4c6142a3cb1a1fe69d0b1a6d0e01a2e404c697962623,dfine_native,13700.0,monitor_or_bezel,0.2843,967.27,395.4,1146.3,490.87,17092.1,179.03,95.47,1.875,False,,True,R-desk,5,evt_S-61_desk_work_surface_0001,243d4174c5ecf8e0,lap_bag_context,no_pose_observation,34560.0,1.33,,1,cam12/e1/v1,
corpus_03,03.CCTV Mobile Usage.mkv,632de9ed55947761d56d4c6142a3cb1a1fe69d0b1a6d0e01a2e404c697962623,dfine_native,13700.0,monitor_or_bezel,0.3254,874.73,395.47,1146.41,491.41,26065.6,271.69,95.94,2.832,False,,True,R-desk,5,evt_S-61_desk_work_surface_0001,243d4174c5ecf8e0,lap_bag_context,no_pose_observation,34560.0,1.33,,1,cam12/e1/v1,
corpus_03,03.CCTV Mobile Usage.mkv,632de9ed55947761d56d4c6142a3cb1a1fe69d0b1a6d0e01a2e404c697962623,dfine_native,13700.0,unknown_object,0.3076,699.93,396.15,779.19,492.48,7635.6,79.26,96.34,0.823,False,,True,R-desk,5,evt_S-61_desk_work_surface_0001,243d4174c5ecf8e0,lap_bag_context,no_pose_observation,34560.0,1.33,,1,cam12/e1/v1,
corpus_03,03.CCTV Mobile Usage.mkv,632de9ed55947761d56d4c6142a3cb1a1fe69d0b1a6d0e01a2e404c697962623,dfine_native,13700.0,keyboard,0.8943,962.1,451.9,1067.92,491.45,4185.3,105.83,39.55,2.676,False,,True,R-desk,7,evt_S-61_desk_work_surface_0001,243d4174c5ecf8e0,lap_bag_context,no_pose_observation,34560.0,1.33,,1,cam12/e1/v1,
corpus_03,03.CCTV Mobile Usage.mkv,632de9ed55947761d56d4c6142a3cb1a1fe69d0b1a6d0e01a2e404c697962623,dfine_native,13700.0,unknown_object,0.6351,699.91,396.23,849.23,492.42,14363.2,149.32,96.19,1.552,False,,True,R-desk,7,evt_S-61_desk_work_surface_0001,243d4174c5ecf8e0,lap_bag_context,no_pose_observation,34560.0,1.33,,1,cam12/e1/v1,
corpus_03,03.CCTV Mobile Usage.mkv,632de9ed55947761d56d4c6142a3cb1a1fe69d0b1a6d0e01a2e404c697962623,dfine_native,13700.0,keyboard,0.4275,802.46,396.23,870.9,420.71,1675.4,68.44,24.48,2.796,False,,True,R-desk,7,evt_S-61_desk_work_surface_0001,243d4174c5ecf8e0,lap_bag_context,no_pose_observation,34560.0,1.33,,1,cam12/e1/v1,
corpus_03,03.CCTV Mobile Usage.mkv,632de9ed55947761d56d4c6142a3cb1a1fe69d0b1a6d0e01a2e404c697962623,dfine_native,13700.0,unknown_object,0.3122,736.53,395.62,1140.46,491.18,38597.9,403.92,95.56,4.227,False,,True,R-desk,7,evt_S-61_desk_work_surface_0001,243d4174c5ecf8e0,lap_bag_context,no_pose_observation,34560.0,1.33,,1,cam12/e1/v1,
corpus_03,03.CCTV Mobile Usage.mkv,632de9ed55947761d56d4c6142a3cb1a1fe69d0b1a6d0e01a2e404c697962623,dfine_native,13700.0,monitor_or_bezel,0.3911,1019.66,395.52,1145.07,446.54,6398.2,125.4,51.02,2.458,False,,True,R-desk,7,evt_S-61_desk_work_surface_0001,243d4174c5ecf8e0,lap_bag_context,no_pose_observation,34560.0,1.33,,1,cam12/e1/v1,
corpus_03,03.CCTV Mobile Usage.mkv,632de9ed55947761d56d4c6142a3cb1a1fe69d0b1a6d0e01a2e404c697962623,dfine_native,13700.0,monitor_or_bezel,0.3285,1013.36,395.62,1146.34,488.38,12335.5,132.98,92.76,1.434,False,,True,R-desk,7,evt_S-61_desk_work_surface_0001,243d4174c5ecf8e0,lap_bag_context,no_pose_observation,34560.0,1.33,,1,cam12/e1/v1,
corpus_03,03.CCTV Mobile Usage.mkv,632de9ed55947761d56d4c6142a3cb1a1fe69d0b1a6d0e01a2e404c697962623,dfine_native,13700.0,unknown_object,0.4047,699.97,396.23,757.44,491.07,5450.2,57.47,94.84,0.606,False,,True,R-desk,7,evt_S-61_desk_work_surface_0001,243d4174c5ecf8e0,lap_bag_context,no_pose_observation,34560.0,1.33,,1,cam12/e1/v1,
corpus_03,03.CCTV Mobile Usage.mkv,632de9ed55947761d56d4c6142a3cb1a1fe69d0b1a6d0e01a2e404c697962623,dfine_native,13700.0,phone,0.2566,1042.72,421.48,1114.17,474.32,3775.7,71.45,52.84,1.352,False,,True,R-desk,7,evt_S-61_desk_work_surface_0001,243d4174c5ecf8e0,lap_bag_context,no_pose_observation,34560.0,1.33,,1,cam12/e1/v1,
corpus_03,03.CCTV Mobile Usage.mkv,632de9ed55947761d56d4c6142a3cb1a1fe69d0b1a6d0e01a2e404c697962623,dfine_native,13700.0,monitor_or_bezel,0.4849,967.02,395.52,1146.46,490.68,17075.9,179.44,95.16,1.886,False,,True,R-desk,7,evt_S-61_desk_work_surface_0001,243d4174c5ecf8e0,lap_bag_context,no_pose_observation,34560.0,1.33,,1,cam12/e1/v1,
corpus_03,03.CCTV Mobile Usage.mkv,632de9ed55947761d56d4c6142a3cb1a1fe69d0b1a6d0e01a2e404c697962623,dfine_native,13700.0,mouse,0.5281,865.29,413.83,892.11,435.3,576.1,26.82,21.48,1.249,False,,True,R-desk,7,evt_S-61_desk_work_surface_0001,243d4174c5ecf8e0,lap_bag_context,no_pose_observation,34560.0,1.33,,1,cam12/e1/v1,
corpus_03,03.CCTV Mobile Usage.mkv,632de9ed55947761d56d4c6142a3cb1a1fe69d0b1a6d0e01a2e404c697962623,dfine_native,13700.0,mouse,0.2755,966.86,398.32,992.31,410.43,308.4,25.45,12.12,2.101,False,,True,R-desk,7,evt_S-61_desk_work_surface_0001,243d4174c5ecf8e0,lap_bag_context,no_pose_observation,34560.0,1.33,,1,cam12/e1/v1,
corpus_03,03.CCTV Mobile Usage.mkv,632de9ed55947761d56d4c6142a3cb1a1fe69d0b1a6d0e01a2e404c697962623,dfine_native,13700.0,monitor_or_bezel,0.2843,967.27,395.4,1146.3,490.87,17092.1,179.03,95.47,1.875,False,,True,R-desk,7,evt_S-61_desk_work_surface_0001,243d4174c5ecf8e0,lap_bag_context,no_pose_observation,34560.0,1.33,,1,cam12/e1/v1,
corpus_03,03.CCTV Mobile Usage.mkv,632de9ed55947761d56d4c6142a3cb1a1fe69d0b1a6d0e01a2e404c697962623,dfine_native,13700.0,monitor_or_bezel,0.3254,874.73,395.47,1146.41,491.41,26065.6,271.69,95.94,2.832,False,,True,R-desk,7,evt_S-61_desk_work_surface_0001,243d4174c5ecf8e0,lap_bag_context,no_pose_observation,34560.0,1.33,,1,cam12/e1/v1,
corpus_03,03.CCTV Mobile Usage.mkv,632de9ed55947761d56d4c6142a3cb1a1fe69d0b1a6d0e01a2e404c697962623,dfine_native,13700.0,unknown_object,0.3076,699.93,396.15,779.19,492.48,7635.6,79.26,96.34,0.823,False,,True,R-desk,7,evt_S-61_desk_work_surface_0001,243d4174c5ecf8e0,lap_bag_context,no_pose_observation,34560.0,1.33,,1,cam12/e1/v1,
corpus_03,03.CCTV Mobile Usage.mkv,632de9ed55947761d56d4c6142a3cb1a1fe69d0b1a6d0e01a2e404c697962623,dfine_native,13700.0,keyboard,0.8943,962.1,451.9,1067.92,491.45,4185.3,105.83,39.55,2.676,False,,True,R-desk,6,evt_S-61_desk_work_surface_0001,243d4174c5ecf8e0,lap_bag_context,no_pose_observation,34560.0,1.33,,1,cam12/e1/v1,
corpus_03,03.CCTV Mobile Usage.mkv,632de9ed55947761d56d4c6142a3cb1a1fe69d0b1a6d0e01a2e404c697962623,dfine_native,13700.0,unknown_object,0.6351,699.91,396.23,849.23,492.42,14363.2,149.32,96.19,1.552,False,,True,R-desk,6,evt_S-61_desk_work_surface_0001,243d4174c5ecf8e0,lap_bag_context,no_pose_observation,34560.0,1.33,,1,cam12/e1/v1,
corpus_03,03.CCTV Mobile Usage.mkv,632de9ed55947761d56d4c6142a3cb1a1fe69d0b1a6d0e01a2e404c697962623,dfine_native,13700.0,keyboard,0.4275,802.46,396.23,870.9,420.71,1675.4,68.44,24.48,2.796,False,,True,R-desk,6,evt_S-61_desk_work_surface_0001,243d4174c5ecf8e0,lap_bag_context,no_pose_observation,34560.0,1.33,,1,cam12/e1/v1,
corpus_03,03.CCTV Mobile Usage.mkv,632de9ed55947761d56d4c6142a3cb1a1fe69d0b1a6d0e01a2e404c697962623,dfine_native,13700.0,unknown_object,0.3122,736.53,395.62,1140.46,491.18,38597.9,403.92,95.56,4.227,False,,True,R-desk,6,evt_S-61_desk_work_surface_0001,243d4174c5ecf8e0,lap_bag_context,no_pose_observation,34560.0,1.33,,1,cam12/e1/v1,
corpus_03,03.CCTV Mobile Usage.mkv,632de9ed55947761d56d4c6142a3cb1a1fe69d0b1a6d0e01a2e404c697962623,dfine_native,13700.0,monitor_or_bezel,0.3911,1019.66,395.52,1145.07,446.54,6398.2,125.4,51.02,2.458,False,,True,R-desk,6,evt_S-61_desk_work_surface_0001,243d4174c5ecf8e0,lap_bag_context,no_pose_observation,34560.0,1.33,,1,cam12/e1/v1,
corpus_03,03.CCTV Mobile Usage.mkv,632de9ed55947761d56d4c6142a3cb1a1fe69d0b1a6d0e01a2e404c697962623,dfine_native,13700.0,monitor_or_bezel,0.3285,1013.36,395.62,1146.34,488.38,12335.5,132.98,92.76,1.434,False,,True,R-desk,6,evt_S-61_desk_work_surface_0001,243d4174c5ecf8e0,lap_bag_context,no_pose_observation,34560.0,1.33,,1,cam12/e1/v1,
corpus_03,03.CCTV Mobile Usage.mkv,632de9ed55947761d56d4c6142a3cb1a1fe69d0b1a6d0e01a2e404c697962623,dfine_native,13700.0,unknown_object,0.4047,699.97,396.23,757.44,491.07,5450.2,57.47,94.84,0.606,False,,True,R-desk,6,evt_S-61_desk_work_surface_0001,243d4174c5ecf8e0,lap_bag_context,no_pose_observation,34560.0,1.33,,1,cam12/e1/v1,
corpus_03,03.CCTV Mobile Usage.mkv,632de9ed55947761d56d4c6142a3cb1a1fe69d0b1a6d0e01a2e404c697962623,dfine_native,13700.0,phone,0.2566,1042.72,421.48,1114.17,474.32,3775.7,71.45,52.84,1.352,False,,True,R-desk,6,evt_S-61_desk_work_surface_0001,243d4174c5ecf8e0,lap_bag_context,no_pose_observation,34560.0,1.33,,1,cam12/e1/v1,
corpus_03,03.CCTV Mobile Usage.mkv,632de9ed55947761d56d4c6142a3cb1a1fe69d0b1a6d0e01a2e404c697962623,dfine_native,13700.0,monitor_or_bezel,0.4849,967.02,395.52,1146.46,490.68,17075.9,179.44,95.16,1.886,False,,True,R-desk,6,evt_S-61_desk_work_surface_0001,243d4174c5ecf8e0,lap_bag_context,no_pose_observation,34560.0,1.33,,1,cam12/e1/v1,
corpus_03,03.CCTV Mobile Usage.mkv,632de9ed55947761d56d4c6142a3cb1a1fe69d0b1a6d0e01a2e404c697962623,dfine_native,13700.0,mouse,0.5281,865.29,413.83,892.11,435.3,576.1,26.82,21.48,1.249,False,,True,R-desk,6,evt_S-61_desk_work_surface_0001,243d4174c5ecf8e0,lap_bag_context,no_pose_observation,34560.0,1.33,,1,cam12/e1/v1,
corpus_03,03.CCTV Mobile Usage.mkv,632de9ed55947761d56d4c6142a3cb1a1fe69d0b1a6d0e01a2e404c697962623,dfine_native,13700.0,mouse,0.2755,966.86,398.32,992.31,410.43,308.4,25.45,12.12,2.101,False,,True,R-desk,6,evt_S-61_desk_work_surface_0001,243d4174c5ecf8e0,lap_bag_context,no_pose_observation,34560.0,1.33,,1,cam12/e1/v1,
corpus_03,03.CCTV Mobile Usage.mkv,632de9ed55947761d56d4c6142a3cb1a1fe69d0b1a6d0e01a2e404c697962623,dfine_native,13700.0,monitor_or_bezel,0.2843,967.27,395.4,1146.3,490.87,17092.1,179.03,95.47,1.875,False,,True,R-desk,6,evt_S-61_desk_work_surface_0001,243d4174c5ecf8e0,lap_bag_context,no_pose_observation,34560.0,1.33,,1,cam12/e1/v1,
corpus_03,03.CCTV Mobile Usage.mkv,632de9ed55947761d56d4c6142a3cb1a1fe69d0b1a6d0e01a2e404c697962623,dfine_native,13700.0,monitor_or_bezel,0.3254,874.73,395.47,1146.41,491.41,26065.6,271.69,95.94,2.832,False,,True,R-desk,6,evt_S-61_desk_work_surface_0001,243d4174c5ecf8e0,lap_bag_context,no_pose_observation,34560.0,1.33,,1,cam12/e1/v1,
corpus_03,03.CCTV Mobile Usage.mkv,632de9ed55947761d56d4c6142a3cb1a1fe69d0b1a6d0e01a2e404c697962623,dfine_native,13700.0,unknown_object,0.3076,699.93,396.15,779.19,492.48,7635.6,79.26,96.34,0.823,False,,True,R-desk,6,evt_S-61_desk_work_surface_0001,243d4174c5ecf8e0,lap_bag_context,no_pose_observation,34560.0,1.33,,1,cam12/e1/v1,
corpus_03,03.CCTV Mobile Usage.mkv,632de9ed55947761d56d4c6142a3cb1a1fe69d0b1a6d0e01a2e404c697962623,dfine_native,13700.0,unknown_object,0.448,0.34,254.1,45.11,306.08,2327.2,44.77,51.98,0.861,False,,True,S-61,2,evt_S-61_desk_work_surface_0001,843ac0bd3ddb8743,pose_hand_context,,44783.0,3.02,,1,cam12/e1/v1,rtmpose_baseline
corpus_03,03.CCTV Mobile Usage.mkv,632de9ed55947761d56d4c6142a3cb1a1fe69d0b1a6d0e01a2e404c697962623,dfine_native,13700.0,unknown_object,0.4153,-0.16,278.33,84.97,421.88,12220.0,85.13,143.55,0.593,False,,True,S-61,2,evt_S-61_desk_work_surface_0001,843ac0bd3ddb8743,pose_hand_context,,44783.0,3.02,,1,cam12/e1/v1,rtmpose_baseline
corpus_03,03.CCTV Mobile Usage.mkv,632de9ed55947761d56d4c6142a3cb1a1fe69d0b1a6d0e01a2e404c697962623,dfine_native,13700.0,unknown_object,0.317,100.52,266.27,210.65,420.55,16990.1,110.13,154.28,0.714,False,,True,S-61,2,evt_S-61_desk_work_surface_0001,843ac0bd3ddb8743,pose_hand_context,,44783.0,3.02,,1,cam12/e1/v1,rtmpose_baseline
corpus_03,03.CCTV Mobile Usage.mkv,632de9ed55947761d56d4c6142a3cb1a1fe69d0b1a6d0e01a2e404c697962623,dfine_native,13700.0,unknown_object,0.3091,105.15,323.16,210.36,420.12,10200.6,105.21,96.96,1.085,False,,True,S-61,2,evt_S-61_desk_work_surface_0001,843ac0bd3ddb8743,pose_hand_context,,44783.0,3.02,,1,cam12/e1/v1,rtmpose_baseline
corpus_03,03.CCTV Mobile Usage.mkv,632de9ed55947761d56d4c6142a3cb1a1fe69d0b1a6d0e01a2e404c697962623,dfine_native,13700.0,unknown_object,0.2514,78.56,323.07,210.57,422.04,13065.9,132.01,98.98,1.334,False,,True,S-61,2,evt_S-61_desk_work_surface_0001,843ac0bd3ddb8743,pose_hand_context,,44783.0,3.02,,1,cam12/e1/v1,rtmpose_baseline
corpus_03,03.CCTV Mobile Usage.mkv,632de9ed55947761d56d4c6142a3cb1a1fe69d0b1a6d0e01a2e404c697962623,dfine_native,13700.0,unknown_object,0.3157,76.32,267.09,210.79,421.73,20794.9,134.47,154.64,0.87,False,,True,S-61,2,evt_S-61_desk_work_surface_0001,843ac0bd3ddb8743,pose_hand_context,,44783.0,3.02,,1,cam12/e1/v1,rtmpose_baseline
corpus_03,03.CCTV Mobile Usage.mkv,632de9ed55947761d56d4c6142a3cb1a1fe69d0b1a6d0e01a2e404c697962623,dfine_native,13700.0,unknown_object,0.3306,0.04,254.9,210.74,421.83,35171.2,210.7,166.93,1.262,False,,True,S-61,2,evt_S-61_desk_work_surface_0001,843ac0bd3ddb8743,pose_hand_context,,44783.0,3.02,,1,cam12/e1/v1,rtmpose_baseline
corpus_03,03.CCTV Mobile Usage.mkv,632de9ed55947761d56d4c6142a3cb1a1fe69d0b1a6d0e01a2e404c697962623,dfine_native,13700.0,unknown_object,0.3236,0.1,278.96,210.7,421.91,30105.6,210.61,142.95,1.473,False,,True,S-61,2,evt_S-61_desk_work_surface_0001,843ac0bd3ddb8743,pose_hand_context,,44783.0,3.02,,1,cam12/e1/v1,rtmpose_baseline
corpus_03,03.CCTV Mobile Usage.mkv,632de9ed55947761d56d4c6142a3cb1a1fe69d0b1a6d0e01a2e404c697962623,dfine_native,13700.0,unknown_object,0.2627,0.71,254.35,122.88,387.17,16225.9,122.16,132.82,0.92,False,,True,S-61,2,evt_S-61_desk_work_surface_0001,843ac0bd3ddb8743,pose_hand_context,,44783.0,3.02,,1,cam12/e1/v1,rtmpose_baseline
corpus_03,03.CCTV Mobile Usage.mkv,632de9ed55947761d56d4c6142a3cb1a1fe69d0b1a6d0e01a2e404c697962623,dfine_native,13700.0,unknown_object,0.5722,7.96,493.85,204.72,567.96,14581.5,196.76,74.11,2.655,False,,True,S-61,1,evt_S-61_desk_work_surface_0001,96838b91a5af473a,pose_hand_context,,38722.4,3.25,,1,cam12/e1/v1,rtmpose_baseline
corpus_03,03.CCTV Mobile Usage.mkv,632de9ed55947761d56d4c6142a3cb1a1fe69d0b1a6d0e01a2e404c697962623,dfine_native,13700.0,stationery,0.4846,43.14,443.47,72.21,471.07,802.4,29.07,27.6,1.053,False,,True,S-61,1,evt_S-61_desk_work_surface_0001,96838b91a5af473a,pose_hand_context,,38722.4,3.25,,1,cam12/e1/v1,rtmpose_baseline
corpus_03,03.CCTV Mobile Usage.mkv,632de9ed55947761d56d4c6142a3cb1a1fe69d0b1a6d0e01a2e404c697962623,dfine_native,13700.0,stationery,0.3904,8.03,415.42,103.85,502.76,8368.7,95.81,87.34,1.097,False,,True,S-61,1,evt_S-61_desk_work_surface_0001,96838b91a5af473a,pose_hand_context,,38722.4,3.25,,1,cam12/e1/v1,rtmpose_baseline
corpus_03,03.CCTV Mobile Usage.mkv,632de9ed55947761d56d4c6142a3cb1a1fe69d0b1a6d0e01a2e404c697962623,dfine_native,13700.0,stationery,0.2723,43.64,508.95,89.79,557.11,2223.0,46.15,48.17,0.958,False,,True,S-61,1,evt_S-61_desk_work_surface_0001,96838b91a5af473a,pose_hand_context,,38722.4,3.25,,1,cam12/e1/v1,rtmpose_baseline
corpus_03,03.CCTV Mobile Usage.mkv,632de9ed55947761d56d4c6142a3cb1a1fe69d0b1a6d0e01a2e404c697962623,dfine_native,13700.0,unknown_object,0.3029,8.15,494.38,159.22,567.62,11064.2,151.06,73.24,2.063,False,,True,S-61,1,evt_S-61_desk_work_surface_0001,96838b91a5af473a,pose_hand_context,,38722.4,3.25,,1,cam12/e1/v1,rtmpose_baseline
corpus_03,03.CCTV Mobile Usage.mkv,632de9ed55947761d56d4c6142a3cb1a1fe69d0b1a6d0e01a2e404c697962623,dfine_native,13700.0,unknown_object,0.3044,8.15,413.99,156.49,504.3,13395.9,148.34,90.3,1.643,False,,True,S-61,1,evt_S-61_desk_work_surface_0001,96838b91a5af473a,pose_hand_context,,38722.4,3.25,,1,cam12/e1/v1,rtmpose_baseline
corpus_03,03.CCTV Mobile Usage.mkv,632de9ed55947761d56d4c6142a3cb1a1fe69d0b1a6d0e01a2e404c697962623,dfine_native,41183.0,unknown_object,0.3097,190.05,165.8,232.31,198.42,1378.4,42.25,32.62,1.295,False,,True,S-61,9,evt_S-61_desk_work_surface_0002,0732a167cd42c65f,pose_hand_context,,2304.0,13.33,,1,cam12/e1/v1,rtmpose_baseline
corpus_03,03.CCTV Mobile Usage.mkv,632de9ed55947761d56d4c6142a3cb1a1fe69d0b1a6d0e01a2e404c697962623,dfine_native,41183.0,unknown_object,0.2872,175.28,165.64,232.25,224.81,3371.2,56.97,59.18,0.963,False,,True,S-61,9,evt_S-61_desk_work_surface_0002,0732a167cd42c65f,pose_hand_context,,2304.0,13.33,,1,cam12/e1/v1,rtmpose_baseline
corpus_03,03.CCTV Mobile Usage.mkv,632de9ed55947761d56d4c6142a3cb1a1fe69d0b1a6d0e01a2e404c697962623,dfine_native,41183.0,stationery,0.293,190.38,165.97,232.32,193.07,1136.5,41.94,27.1,1.547,False,,True,S-61,9,evt_S-61_desk_work_surface_0002,0732a167cd42c65f,pose_hand_context,,2304.0,13.33,,1,cam12/e1/v1,rtmpose_baseline
corpus_03,03.CCTV Mobile Usage.mkv,632de9ed55947761d56d4c6142a3cb1a1fe69d0b1a6d0e01a2e404c697962623,dfine_native,41183.0,unknown_object,0.2606,189.69,165.7,232.27,224.71,2512.7,42.58,59.01,0.722,False,,True,S-61,9,evt_S-61_desk_work_surface_0002,0732a167cd42c65f,pose_hand_context,,2304.0,13.33,,1,cam12/e1/v1,rtmpose_baseline
corpus_03,03.CCTV Mobile Usage.mkv,632de9ed55947761d56d4c6142a3cb1a1fe69d0b1a6d0e01a2e404c697962623,dfine_native,41183.0,unknown_object,0.2627,175.02,191.04,225.08,224.87,1693.4,50.06,33.82,1.48,False,,True,S-61,9,evt_S-61_desk_work_surface_0002,0732a167cd42c65f,pose_hand_context,,2304.0,13.33,,1,cam12/e1/v1,rtmpose_baseline
corpus_03,03.CCTV Mobile Usage.mkv,632de9ed55947761d56d4c6142a3cb1a1fe69d0b1a6d0e01a2e404c697962623,dfine_native,41183.0,unknown_object,0.3259,11.92,448.07,152.86,520.55,10215.1,140.93,72.48,1.944,False,,True,S-61,8,evt_S-61_desk_work_surface_0002,25dbd0c1ca232cd5,pose_hand_context,,29097.5,3.75,,1,cam12/e1/v1,rtmpose_baseline
corpus_03,03.CCTV Mobile Usage.mkv,632de9ed55947761d56d4c6142a3cb1a1fe69d0b1a6d0e01a2e404c697962623,dfine_native,42183.0,unknown_object,0.2594,19.04,357.23,177.02,514.29,24812.9,157.99,157.05,1.006,False,,True,S-61,8,evt_S-61_desk_work_surface_0002,0ed7f38a73807b8f,pose_hand_context,,24800.0,4.06,,1,cam12/e1/v1,rtmpose_baseline
corpus_03,03.CCTV Mobile Usage.mkv,632de9ed55947761d56d4c6142a3cb1a1fe69d0b1a6d0e01a2e404c697962623,dfine_native,42183.0,stationery,0.2657,42.79,448.56,74.36,473.65,792.0,31.57,25.09,1.258,False,,True,S-61,8,evt_S-61_desk_work_surface_0002,0ed7f38a73807b8f,pose_hand_context,,24800.0,4.06,,1,cam12/e1/v1,rtmpose_baseline
corpus_03,03.CCTV Mobile Usage.mkv,632de9ed55947761d56d4c6142a3cb1a1fe69d0b1a6d0e01a2e404c697962623,dfine_native,44183.0,unknown_object,0.28,-0.3,449.24,182.48,549.56,18337.9,182.78,100.33,1.822,False,,True,S-61,8,evt_S-61_desk_work_surface_0002,7c395881a5f1ef2d,pose_hand_context,,46926.0,2.85,,1,cam12/e1/v1,rtmpose_baseline
corpus_03,03.CCTV Mobile Usage.mkv,632de9ed55947761d56d4c6142a3cb1a1fe69d0b1a6d0e01a2e404c697962623,dfine_native,45183.0,unknown_object,0.3441,-0.27,449.0,170.22,537.48,15084.5,170.5,88.47,1.927,False,,True,S-61,8,evt_S-61_desk_work_surface_0002,f3fd8c36fba179ee,pose_hand_context,,40231.3,3.16,,1,cam12/e1/v1,rtmpose_baseline
corpus_03,03.CCTV Mobile Usage.mkv,632de9ed55947761d56d4c6142a3cb1a1fe69d0b1a6d0e01a2e404c697962623,dfine_native,54500.0,unknown_object,0.4906,821.1,115.39,916.89,206.35,8712.5,95.79,90.96,1.053,False,,True,R-desk,12,evt_S-61_upper_body_0016,3073e6f5a08e6e96,pose_hand_context,,2637.8,12.46,,1,cam12/e1/v1,rtmpose_baseline
corpus_03,03.CCTV Mobile Usage.mkv,632de9ed55947761d56d4c6142a3cb1a1fe69d0b1a6d0e01a2e404c697962623,dfine_native,54500.0,unknown_object,0.3539,821.0,140.99,916.9,210.55,6671.0,95.9,69.57,1.378,False,,True,R-desk,12,evt_S-61_upper_body_0016,3073e6f5a08e6e96,pose_hand_context,,2637.8,12.46,,1,cam12/e1/v1,rtmpose_baseline
corpus_03,03.CCTV Mobile Usage.mkv,632de9ed55947761d56d4c6142a3cb1a1fe69d0b1a6d0e01a2e404c697962623,dfine_native,54500.0,unknown_object,0.4552,-0.19,332.03,191.48,551.22,42011.9,191.68,219.18,0.875,False,,True,S-61,10,evt_S-61_upper_body_0016,331015195509780b,pose_hand_context,,49114.4,2.77,,1,cam12/e1/v1,rtmpose_baseline
corpus_03,03.CCTV Mobile Usage.mkv,632de9ed55947761d56d4c6142a3cb1a1fe69d0b1a6d0e01a2e404c697962623,dfine_native,54500.0,stationery,0.3538,43.35,446.69,74.8,473.22,834.3,31.45,26.53,1.185,False,,True,S-61,10,evt_S-61_upper_body_0016,331015195509780b,pose_hand_context,,49114.4,2.77,,1,cam12/e1/v1,rtmpose_baseline
corpus_03,03.CCTV Mobile Usage.mkv,632de9ed55947761d56d4c6142a3cb1a1fe69d0b1a6d0e01a2e404c697962623,dfine_native,54500.0,unknown_object,0.3387,-0.13,447.27,186.69,551.62,19496.3,186.82,104.36,1.79,False,,True,S-61,10,evt_S-61_upper_body_0016,331015195509780b,pose_hand_context,,49114.4,2.77,,1,cam12/e1/v1,rtmpose_baseline
corpus_03,03.CCTV Mobile Usage.mkv,632de9ed55947761d56d4c6142a3cb1a1fe69d0b1a6d0e01a2e404c697962623,dfine_native,54500.0,unknown_object,0.4906,-0.35,321.35,186.28,551.18,42892.8,186.63,229.83,0.812,False,,True,S-61,10,evt_S-61_upper_body_0016,331015195509780b,pose_hand_context,,49114.4,2.77,,1,cam12/e1/v1,rtmpose_baseline
corpus_03,03.CCTV Mobile Usage.mkv,632de9ed55947761d56d4c6142a3cb1a1fe69d0b1a6d0e01a2e404c697962623,dfine_native,54500.0,keyboard,0.9157,962.12,451.98,1068.04,491.44,4179.7,105.92,39.46,2.684,False,,True,R-desk,13,evt_S-61_upper_body_0016,8c286679ee927725,lap_bag_context,no_pose_observation,34560.0,1.33,,1,cam12/e1/v1,
corpus_03,03.CCTV Mobile Usage.mkv,632de9ed55947761d56d4c6142a3cb1a1fe69d0b1a6d0e01a2e404c697962623,dfine_native,54500.0,monitor_or_bezel,0.6494,1018.6,395.85,1146.16,448.21,6678.2,127.55,52.36,2.436,False,,True,R-desk,13,evt_S-61_upper_body_0016,8c286679ee927725,lap_bag_context,no_pose_observation,34560.0,1.33,,1,cam12/e1/v1,
corpus_03,03.CCTV Mobile Usage.mkv,632de9ed55947761d56d4c6142a3cb1a1fe69d0b1a6d0e01a2e404c697962623,dfine_native,54500.0,unknown_object,0.5027,699.98,396.21,850.35,492.31,14450.4,150.37,96.1,1.565,False,,True,R-desk,13,evt_S-61_upper_body_0016,8c286679ee927725,lap_bag_context,no_pose_observation,34560.0,1.33,,1,cam12/e1/v1,
corpus_03,03.CCTV Mobile Usage.mkv,632de9ed55947761d56d4c6142a3cb1a1fe69d0b1a6d0e01a2e404c697962623,dfine_native,54500.0,unknown_object,0.3415,699.97,396.14,775.66,492.09,7262.4,75.69,95.95,0.789,False,,True,R-desk,13,evt_S-61_upper_body_0016,8c286679ee927725,lap_bag_context,no_pose_observation,34560.0,1.33,,1,cam12/e1/v1,
corpus_03,03.CCTV Mobile Usage.mkv,632de9ed55947761d56d4c6142a3cb1a1fe69d0b1a6d0e01a2e404c697962623,dfine_native,54500.0,keyboard,0.4472,802.44,396.33,870.79,420.58,1657.3,68.35,24.25,2.819,False,,True,R-desk,13,evt_S-61_upper_body_0016,8c286679ee927725,lap_bag_context,no_pose_observation,34560.0,1.33,,1,cam12/e1/v1,
corpus_03,03.CCTV Mobile Usage.mkv,632de9ed55947761d56d4c6142a3cb1a1fe69d0b1a6d0e01a2e404c697962623,dfine_native,54500.0,mouse,0.575,864.68,413.67,892.22,435.43,599.3,27.54,21.76,1.266,False,,True,R-desk,13,evt_S-61_upper_body_0016,8c286679ee927725,lap_bag_context,no_pose_observation,34560.0,1.33,,1,cam12/e1/v1,
corpus_03,03.CCTV Mobile Usage.mkv,632de9ed55947761d56d4c6142a3cb1a1fe69d0b1a6d0e01a2e404c697962623,dfine_native,54500.0,phone,0.2699,1043.04,421.92,1112.26,474.04,3607.6,69.22,52.12,1.328,False,,True,R-desk,13,evt_S-61_upper_body_0016,8c286679ee927725,lap_bag_context,no_pose_observation,34560.0,1.33,,1,cam12/e1/v1,
corpus_03,03.CCTV Mobile Usage.mkv,632de9ed55947761d56d4c6142a3cb1a1fe69d0b1a6d0e01a2e404c697962623,dfine_native,54500.0,mouse,0.3336,967.12,398.45,991.97,410.6,302.0,24.85,12.15,2.045,False,,True,R-desk,13,evt_S-61_upper_body_0016,8c286679ee927725,lap_bag_context,no_pose_observation,34560.0,1.33,,1,cam12/e1/v1,
corpus_03,03.CCTV Mobile Usage.mkv,632de9ed55947761d56d4c6142a3cb1a1fe69d0b1a6d0e01a2e404c697962623,dfine_native,54500.0,monitor_or_bezel,0.3705,1015.62,395.85,1147.99,488.7,12290.4,132.38,92.85,1.426,False,,True,R-desk,13,evt_S-61_upper_body_0016,8c286679ee927725,lap_bag_context,no_pose_observation,34560.0,1.33,,1,cam12/e1/v1,
corpus_03,03.CCTV Mobile Usage.mkv,632de9ed55947761d56d4c6142a3cb1a1fe69d0b1a6d0e01a2e404c697962623,dfine_native,54500.0,unknown_object,0.2968,700.07,396.38,757.48,490.94,5428.9,57.41,94.56,0.607,False,,True,R-desk,13,evt_S-61_upper_body_0016,8c286679ee927725,lap_bag_context,no_pose_observation,34560.0,1.33,,1,cam12/e1/v1,
corpus_03,03.CCTV Mobile Usage.mkv,632de9ed55947761d56d4c6142a3cb1a1fe69d0b1a6d0e01a2e404c697962623,dfine_native,54500.0,mouse,0.2636,990.66,399.07,1026.57,413.4,514.5,35.91,14.33,2.506,False,,True,R-desk,13,evt_S-61_upper_body_0016,8c286679ee927725,lap_bag_context,no_pose_observation,34560.0,1.33,,1,cam12/e1/v1,
corpus_03,03.CCTV Mobile Usage.mkv,632de9ed55947761d56d4c6142a3cb1a1fe69d0b1a6d0e01a2e404c697962623,dfine_native,54500.0,monitor_or_bezel,0.2529,970.41,395.69,1145.81,449.43,9425.0,175.4,53.73,3.264,False,,True,R-desk,13,evt_S-61_upper_body_0016,8c286679ee927725,lap_bag_context,no_pose_observation,34560.0,1.33,,1,cam12/e1/v1,
corpus_03,03.CCTV Mobile Usage.mkv,632de9ed55947761d56d4c6142a3cb1a1fe69d0b1a6d0e01a2e404c697962623,dfine_native,54500.0,keyboard,0.9157,962.12,451.98,1068.04,491.44,4179.7,105.92,39.46,2.684,False,,True,R-desk,11,evt_S-61_upper_body_0016,8c286679ee927725,lap_bag_context,no_pose_observation,34560.0,1.33,,1,cam12/e1/v1,
corpus_03,03.CCTV Mobile Usage.mkv,632de9ed55947761d56d4c6142a3cb1a1fe69d0b1a6d0e01a2e404c697962623,dfine_native,54500.0,monitor_or_bezel,0.6494,1018.6,395.85,1146.16,448.21,6678.2,127.55,52.36,2.436,False,,True,R-desk,11,evt_S-61_upper_body_0016,8c286679ee927725,lap_bag_context,no_pose_observation,34560.0,1.33,,1,cam12/e1/v1,
corpus_03,03.CCTV Mobile Usage.mkv,632de9ed55947761d56d4c6142a3cb1a1fe69d0b1a6d0e01a2e404c697962623,dfine_native,54500.0,unknown_object,0.5027,699.98,396.21,850.35,492.31,14450.4,150.37,96.1,1.565,False,,True,R-desk,11,evt_S-61_upper_body_0016,8c286679ee927725,lap_bag_context,no_pose_observation,34560.0,1.33,,1,cam12/e1/v1,
corpus_03,03.CCTV Mobile Usage.mkv,632de9ed55947761d56d4c6142a3cb1a1fe69d0b1a6d0e01a2e404c697962623,dfine_native,54500.0,unknown_object,0.3415,699.97,396.14,775.66,492.09,7262.4,75.69,95.95,0.789,False,,True,R-desk,11,evt_S-61_upper_body_0016,8c286679ee927725,lap_bag_context,no_pose_observation,34560.0,1.33,,1,cam12/e1/v1,
corpus_03,03.CCTV Mobile Usage.mkv,632de9ed55947761d56d4c6142a3cb1a1fe69d0b1a6d0e01a2e404c697962623,dfine_native,54500.0,keyboard,0.4472,802.44,396.33,870.79,420.58,1657.3,68.35,24.25,2.819,False,,True,R-desk,11,evt_S-61_upper_body_0016,8c286679ee927725,lap_bag_context,no_pose_observation,34560.0,1.33,,1,cam12/e1/v1,
corpus_03,03.CCTV Mobile Usage.mkv,632de9ed55947761d56d4c6142a3cb1a1fe69d0b1a6d0e01a2e404c697962623,dfine_native,54500.0,mouse,0.575,864.68,413.67,892.22,435.43,599.3,27.54,21.76,1.266,False,,True,R-desk,11,evt_S-61_upper_body_0016,8c286679ee927725,lap_bag_context,no_pose_observation,34560.0,1.33,,1,cam12/e1/v1,
corpus_03,03.CCTV Mobile Usage.mkv,632de9ed55947761d56d4c6142a3cb1a1fe69d0b1a6d0e01a2e404c697962623,dfine_native,54500.0,phone,0.2699,1043.04,421.92,1112.26,474.04,3607.6,69.22,52.12,1.328,False,,True,R-desk,11,evt_S-61_upper_body_0016,8c286679ee927725,lap_bag_context,no_pose_observation,34560.0,1.33,,1,cam12/e1/v1,
corpus_03,03.CCTV Mobile Usage.mkv,632de9ed55947761d56d4c6142a3cb1a1fe69d0b1a6d0e01a2e404c697962623,dfine_native,54500.0,mouse,0.3336,967.12,398.45,991.97,410.6,302.0,24.85,12.15,2.045,False,,True,R-desk,11,evt_S-61_upper_body_0016,8c286679ee927725,lap_bag_context,no_pose_observation,34560.0,1.33,,1,cam12/e1/v1,
corpus_03,03.CCTV Mobile Usage.mkv,632de9ed55947761d56d4c6142a3cb1a1fe69d0b1a6d0e01a2e404c697962623,dfine_native,54500.0,monitor_or_bezel,0.3705,1015.62,395.85,1147.99,488.7,12290.4,132.38,92.85,1.426,False,,True,R-desk,11,evt_S-61_upper_body_0016,8c286679ee927725,lap_bag_context,no_pose_observation,34560.0,1.33,,1,cam12/e1/v1,
corpus_03,03.CCTV Mobile Usage.mkv,632de9ed55947761d56d4c6142a3cb1a1fe69d0b1a6d0e01a2e404c697962623,dfine_native,54500.0,unknown_object,0.2968,700.07,396.38,757.48,490.94,5428.9,57.41,94.56,0.607,False,,True,R-desk,11,evt_S-61_upper_body_0016,8c286679ee927725,lap_bag_context,no_pose_observation,34560.0,1.33,,1,cam12/e1/v1,
corpus_03,03.CCTV Mobile Usage.mkv,632de9ed55947761d56d4c6142a3cb1a1fe69d0b1a6d0e01a2e404c697962623,dfine_native,54500.0,mouse,0.2636,990.66,399.07,1026.57,413.4,514.5,35.91,14.33,2.506,False,,True,R-desk,11,evt_S-61_upper_body_0016,8c286679ee927725,lap_bag_context,no_pose_observation,34560.0,1.33,,1,cam12/e1/v1,
corpus_03,03.CCTV Mobile Usage.mkv,632de9ed55947761d56d4c6142a3cb1a1fe69d0b1a6d0e01a2e404c697962623,dfine_native,54500.0,monitor_or_bezel,0.2529,970.41,395.69,1145.81,449.43,9425.0,175.4,53.73,3.264,False,,True,R-desk,11,evt_S-61_upper_body_0016,8c286679ee927725,lap_bag_context,no_pose_observation,34560.0,1.33,,1,cam12/e1/v1,
corpus_03,03.CCTV Mobile Usage.mkv,632de9ed55947761d56d4c6142a3cb1a1fe69d0b1a6d0e01a2e404c697962623,dfine_native,54500.0,keyboard,0.9157,962.12,451.98,1068.04,491.44,4179.7,105.92,39.46,2.684,False,,True,R-desk,14,evt_S-61_upper_body_0016,8c286679ee927725,lap_bag_context,no_pose_observation,34560.0,1.33,,1,cam12/e1/v1,
corpus_03,03.CCTV Mobile Usage.mkv,632de9ed55947761d56d4c6142a3cb1a1fe69d0b1a6d0e01a2e404c697962623,dfine_native,54500.0,monitor_or_bezel,0.6494,1018.6,395.85,1146.16,448.21,6678.2,127.55,52.36,2.436,False,,True,R-desk,14,evt_S-61_upper_body_0016,8c286679ee927725,lap_bag_context,no_pose_observation,34560.0,1.33,,1,cam12/e1/v1,
corpus_03,03.CCTV Mobile Usage.mkv,632de9ed55947761d56d4c6142a3cb1a1fe69d0b1a6d0e01a2e404c697962623,dfine_native,54500.0,unknown_object,0.5027,699.98,396.21,850.35,492.31,14450.4,150.37,96.1,1.565,False,,True,R-desk,14,evt_S-61_upper_body_0016,8c286679ee927725,lap_bag_context,no_pose_observation,34560.0,1.33,,1,cam12/e1/v1,
corpus_03,03.CCTV Mobile Usage.mkv,632de9ed55947761d56d4c6142a3cb1a1fe69d0b1a6d0e01a2e404c697962623,dfine_native,54500.0,unknown_object,0.3415,699.97,396.14,775.66,492.09,7262.4,75.69,95.95,0.789,False,,True,R-desk,14,evt_S-61_upper_body_0016,8c286679ee927725,lap_bag_context,no_pose_observation,34560.0,1.33,,1,cam12/e1/v1,
corpus_03,03.CCTV Mobile Usage.mkv,632de9ed55947761d56d4c6142a3cb1a1fe69d0b1a6d0e01a2e404c697962623,dfine_native,54500.0,keyboard,0.4472,802.44,396.33,870.79,420.58,1657.3,68.35,24.25,2.819,False,,True,R-desk,14,evt_S-61_upper_body_0016,8c286679ee927725,lap_bag_context,no_pose_observation,34560.0,1.33,,1,cam12/e1/v1,
corpus_03,03.CCTV Mobile Usage.mkv,632de9ed55947761d56d4c6142a3cb1a1fe69d0b1a6d0e01a2e404c697962623,dfine_native,54500.0,mouse,0.575,864.68,413.67,892.22,435.43,599.3,27.54,21.76,1.266,False,,True,R-desk,14,evt_S-61_upper_body_0016,8c286679ee927725,lap_bag_context,no_pose_observation,34560.0,1.33,,1,cam12/e1/v1,
corpus_03,03.CCTV Mobile Usage.mkv,632de9ed55947761d56d4c6142a3cb1a1fe69d0b1a6d0e01a2e404c697962623,dfine_native,54500.0,phone,0.2699,1043.04,421.92,1112.26,474.04,3607.6,69.22,52.12,1.328,False,,True,R-desk,14,evt_S-61_upper_body_0016,8c286679ee927725,lap_bag_context,no_pose_observation,34560.0,1.33,,1,cam12/e1/v1,
corpus_03,03.CCTV Mobile Usage.mkv,632de9ed55947761d56d4c6142a3cb1a1fe69d0b1a6d0e01a2e404c697962623,dfine_native,54500.0,mouse,0.3336,967.12,398.45,991.97,410.6,302.0,24.85,12.15,2.045,False,,True,R-desk,14,evt_S-61_upper_body_0016,8c286679ee927725,lap_bag_context,no_pose_observation,34560.0,1.33,,1,cam12/e1/v1,
corpus_03,03.CCTV Mobile Usage.mkv,632de9ed55947761d56d4c6142a3cb1a1fe69d0b1a6d0e01a2e404c697962623,dfine_native,54500.0,monitor_or_bezel,0.3705,1015.62,395.85,1147.99,488.7,12290.4,132.38,92.85,1.426,False,,True,R-desk,14,evt_S-61_upper_body_0016,8c286679ee927725,lap_bag_context,no_pose_observation,34560.0,1.33,,1,cam12/e1/v1,
corpus_03,03.CCTV Mobile Usage.mkv,632de9ed55947761d56d4c6142a3cb1a1fe69d0b1a6d0e01a2e404c697962623,dfine_native,54500.0,unknown_object,0.2968,700.07,396.38,757.48,490.94,5428.9,57.41,94.56,0.607,False,,True,R-desk,14,evt_S-61_upper_body_0016,8c286679ee927725,lap_bag_context,no_pose_observation,34560.0,1.33,,1,cam12/e1/v1,
corpus_03,03.CCTV Mobile Usage.mkv,632de9ed55947761d56d4c6142a3cb1a1fe69d0b1a6d0e01a2e404c697962623,dfine_native,54500.0,mouse,0.2636,990.66,399.07,1026.57,413.4,514.5,35.91,14.33,2.506,False,,True,R-desk,14,evt_S-61_upper_body_0016,8c286679ee927725,lap_bag_context,no_pose_observation,34560.0,1.33,,1,cam12/e1/v1,
corpus_03,03.CCTV Mobile Usage.mkv,632de9ed55947761d56d4c6142a3cb1a1fe69d0b1a6d0e01a2e404c697962623,dfine_native,54500.0,monitor_or_bezel,0.2529,970.41,395.69,1145.81,449.43,9425.0,175.4,53.73,3.264,False,,True,R-desk,14,evt_S-61_upper_body_0016,8c286679ee927725,lap_bag_context,no_pose_observation,34560.0,1.33,,1,cam12/e1/v1,
corpus_03,03.CCTV Mobile Usage.mkv,632de9ed55947761d56d4c6142a3cb1a1fe69d0b1a6d0e01a2e404c697962623,dfine_native,55500.0,stationery,0.3371,43.14,447.02,74.12,473.22,811.6,30.97,26.2,1.182,False,,True,S-61,10,evt_S-61_upper_body_0016,504d997039895a1f,pose_hand_context,,29632.2,3.72,,1,cam12/e1/v1,rtmpose_baseline
corpus_03,03.CCTV Mobile Usage.mkv,632de9ed55947761d56d4c6142a3cb1a1fe69d0b1a6d0e01a2e404c697962623,dfine_native,55500.0,bag,0.2586,78.16,383.55,152.41,428.07,3305.8,74.25,44.52,1.668,False,,True,S-61,10,evt_S-61_upper_body_0016,504d997039895a1f,pose_hand_context,,29632.2,3.72,,1,cam12/e1/v1,rtmpose_baseline
corpus_03,03.CCTV Mobile Usage.mkv,632de9ed55947761d56d4c6142a3cb1a1fe69d0b1a6d0e01a2e404c697962623,dfine_native,55500.0,unknown_object,0.2516,158.75,394.88,180.99,521.08,2806.6,22.24,126.2,0.176,False,,True,S-61,10,evt_S-61_upper_body_0016,504d997039895a1f,pose_hand_context,,29632.2,3.72,,1,cam12/e1/v1,rtmpose_baseline
corpus_03,03.CCTV Mobile Usage.mkv,632de9ed55947761d56d4c6142a3cb1a1fe69d0b1a6d0e01a2e404c697962623,dfine_native,55500.0,keyboard,0.9227,962.3,451.95,1068.02,491.45,4176.2,105.72,39.5,2.676,False,,True,R-desk,12,evt_S-61_upper_body_0016,de801b56dc91232e,lap_bag_context,no_pose_observation,34560.0,1.33,,1,cam12/e1/v1,
corpus_03,03.CCTV Mobile Usage.mkv,632de9ed55947761d56d4c6142a3cb1a1fe69d0b1a6d0e01a2e404c697962623,dfine_native,55500.0,unknown_object,0.6617,699.87,396.17,844.21,492.12,13849.0,144.34,95.94,1.504,False,,True,R-desk,12,evt_S-61_upper_body_0016,de801b56dc91232e,lap_bag_context,no_pose_observation,34560.0,1.33,,1,cam12/e1/v1,
corpus_03,03.CCTV Mobile Usage.mkv,632de9ed55947761d56d4c6142a3cb1a1fe69d0b1a6d0e01a2e404c697962623,dfine_native,55500.0,monitor_or_bezel,0.6805,1018.94,395.65,1146.05,448.18,6677.9,127.12,52.53,2.42,False,,True,R-desk,12,evt_S-61_upper_body_0016,de801b56dc91232e,lap_bag_context,no_pose_observation,34560.0,1.33,,1,cam12/e1/v1,
corpus_03,03.CCTV Mobile Usage.mkv,632de9ed55947761d56d4c6142a3cb1a1fe69d0b1a6d0e01a2e404c697962623,dfine_native,55500.0,unknown_object,0.3747,700.02,396.16,776.05,491.96,7283.2,76.03,95.8,0.794,False,,True,R-desk,12,evt_S-61_upper_body_0016,de801b56dc91232e,lap_bag_context,no_pose_observation,34560.0,1.33,,1,cam12/e1/v1,
corpus_03,03.CCTV Mobile Usage.mkv,632de9ed55947761d56d4c6142a3cb1a1fe69d0b1a6d0e01a2e404c697962623,dfine_native,55500.0,keyboard,0.5436,802.52,396.31,870.69,420.51,1649.7,68.16,24.2,2.817,False,,True,R-desk,12,evt_S-61_upper_body_0016,de801b56dc91232e,lap_bag_context,no_pose_observation,34560.0,1.33,,1,cam12/e1/v1,
corpus_03,03.CCTV Mobile Usage.mkv,632de9ed55947761d56d4c6142a3cb1a1fe69d0b1a6d0e01a2e404c697962623,dfine_native,55500.0,monitor_or_bezel,0.38,1015.15,395.6,1147.41,487.89,12204.8,132.26,92.28,1.433,False,,True,R-desk,12,evt_S-61_upper_body_0016,de801b56dc91232e,lap_bag_context,no_pose_observation,34560.0,1.33,,1,cam12/e1/v1,
corpus_03,03.CCTV Mobile Usage.mkv,632de9ed55947761d56d4c6142a3cb1a1fe69d0b1a6d0e01a2e404c697962623,dfine_native,55500.0,phone,0.3048,1042.98,421.86,1112.47,474.22,3638.7,69.49,52.36,1.327,False,,True,R-desk,12,evt_S-61_upper_body_0016,de801b56dc91232e,lap_bag_context,no_pose_observation,34560.0,1.33,,1,cam12/e1/v1,
corpus_03,03.CCTV Mobile Usage.mkv,632de9ed55947761d56d4c6142a3cb1a1fe69d0b1a6d0e01a2e404c697962623,dfine_native,55500.0,mouse,0.386,967.17,398.39,992.02,410.49,300.7,24.85,12.1,2.054,False,,True,R-desk,12,evt_S-61_upper_body_0016,de801b56dc91232e,lap_bag_context,no_pose_observation,34560.0,1.33,,1,cam12/e1/v1,
corpus_03,03.CCTV Mobile Usage.mkv,632de9ed55947761d56d4c6142a3cb1a1fe69d0b1a6d0e01a2e404c697962623,dfine_native,55500.0,mouse,0.5665,864.9,413.79,892.02,435.25,582.2,27.12,21.47,1.263,False,,True,R-desk,12,evt_S-61_upper_body_0016,de801b56dc91232e,lap_bag_context,no_pose_observation,34560.0,1.33,,1,cam12/e1/v1,
corpus_03,03.CCTV Mobile Usage.mkv,632de9ed55947761d56d4c6142a3cb1a1fe69d0b1a6d0e01a2e404c697962623,dfine_native,55500.0,unknown_object,0.3989,700.06,396.31,757.7,491.0,5458.9,57.65,94.7,0.609,False,,True,R-desk,12,evt_S-61_upper_body_0016,de801b56dc91232e,lap_bag_context,no_pose_observation,34560.0,1.33,,1,cam12/e1/v1,
corpus_03,03.CCTV Mobile Usage.mkv,632de9ed55947761d56d4c6142a3cb1a1fe69d0b1a6d0e01a2e404c697962623,dfine_native,55500.0,monitor_or_bezel,0.2862,881.22,396.15,948.68,452.74,3817.3,67.46,56.59,1.192,False,,True,R-desk,12,evt_S-61_upper_body_0016,de801b56dc91232e,lap_bag_context,no_pose_observation,34560.0,1.33,,1,cam12/e1/v1,
corpus_03,03.CCTV Mobile Usage.mkv,632de9ed55947761d56d4c6142a3cb1a1fe69d0b1a6d0e01a2e404c697962623,dfine_native,55500.0,monitor_or_bezel,0.2603,738.85,395.99,948.24,463.41,14116.9,209.39,67.42,3.106,False,,True,R-desk,12,evt_S-61_upper_body_0016,de801b56dc91232e,lap_bag_context,no_pose_observation,34560.0,1.33,,1,cam12/e1/v1,
corpus_03,03.CCTV Mobile Usage.mkv,632de9ed55947761d56d4c6142a3cb1a1fe69d0b1a6d0e01a2e404c697962623,dfine_native,55500.0,monitor_or_bezel,0.265,800.41,396.13,948.5,452.45,8341.4,148.09,56.33,2.629,False,,True,R-desk,12,evt_S-61_upper_body_0016,de801b56dc91232e,lap_bag_context,no_pose_observation,34560.0,1.33,,1,cam12/e1/v1,
corpus_03,03.CCTV Mobile Usage.mkv,632de9ed55947761d56d4c6142a3cb1a1fe69d0b1a6d0e01a2e404c697962623,dfine_native,55500.0,monitor_or_bezel,0.258,1017.24,395.51,1146.83,470.3,9691.7,129.58,74.79,1.733,False,,True,R-desk,12,evt_S-61_upper_body_0016,de801b56dc91232e,lap_bag_context,no_pose_observation,34560.0,1.33,,1,cam12/e1/v1,
corpus_03,03.CCTV Mobile Usage.mkv,632de9ed55947761d56d4c6142a3cb1a1fe69d0b1a6d0e01a2e404c697962623,dfine_native,55500.0,mouse,0.2829,991.15,399.37,1026.83,413.41,501.0,35.68,14.04,2.541,False,,True,R-desk,12,evt_S-61_upper_body_0016,de801b56dc91232e,lap_bag_context,no_pose_observation,34560.0,1.33,,1,cam12/e1/v1,
corpus_03,03.CCTV Mobile Usage.mkv,632de9ed55947761d56d4c6142a3cb1a1fe69d0b1a6d0e01a2e404c697962623,dfine_native,55500.0,keyboard,0.9227,962.3,451.95,1068.02,491.45,4176.2,105.72,39.5,2.676,False,,True,R-desk,11,evt_S-61_upper_body_0016,de801b56dc91232e,lap_bag_context,no_pose_observation,34560.0,1.33,,1,cam12/e1/v1,
corpus_03,03.CCTV Mobile Usage.mkv,632de9ed55947761d56d4c6142a3cb1a1fe69d0b1a6d0e01a2e404c697962623,dfine_native,55500.0,unknown_object,0.6617,699.87,396.17,844.21,492.12,13849.0,144.34,95.94,1.504,False,,True,R-desk,11,evt_S-61_upper_body_0016,de801b56dc91232e,lap_bag_context,no_pose_observation,34560.0,1.33,,1,cam12/e1/v1,
corpus_03,03.CCTV Mobile Usage.mkv,632de9ed55947761d56d4c6142a3cb1a1fe69d0b1a6d0e01a2e404c697962623,dfine_native,55500.0,monitor_or_bezel,0.6805,1018.94,395.65,1146.05,448.18,6677.9,127.12,52.53,2.42,False,,True,R-desk,11,evt_S-61_upper_body_0016,de801b56dc91232e,lap_bag_context,no_pose_observation,34560.0,1.33,,1,cam12/e1/v1,
corpus_03,03.CCTV Mobile Usage.mkv,632de9ed55947761d56d4c6142a3cb1a1fe69d0b1a6d0e01a2e404c697962623,dfine_native,55500.0,unknown_object,0.3747,700.02,396.16,776.05,491.96,7283.2,76.03,95.8,0.794,False,,True,R-desk,11,evt_S-61_upper_body_0016,de801b56dc91232e,lap_bag_context,no_pose_observation,34560.0,1.33,,1,cam12/e1/v1,
corpus_03,03.CCTV Mobile Usage.mkv,632de9ed55947761d56d4c6142a3cb1a1fe69d0b1a6d0e01a2e404c697962623,dfine_native,55500.0,keyboard,0.5436,802.52,396.31,870.69,420.51,1649.7,68.16,24.2,2.817,False,,True,R-desk,11,evt_S-61_upper_body_0016,de801b56dc91232e,lap_bag_context,no_pose_observation,34560.0,1.33,,1,cam12/e1/v1,
corpus_03,03.CCTV Mobile Usage.mkv,632de9ed55947761d56d4c6142a3cb1a1fe69d0b1a6d0e01a2e404c697962623,dfine_native,55500.0,monitor_or_bezel,0.38,1015.15,395.6,1147.41,487.89,12204.8,132.26,92.28,1.433,False,,True,R-desk,11,evt_S-61_upper_body_0016,de801b56dc91232e,lap_bag_context,no_pose_observation,34560.0,1.33,,1,cam12/e1/v1,
corpus_03,03.CCTV Mobile Usage.mkv,632de9ed55947761d56d4c6142a3cb1a1fe69d0b1a6d0e01a2e404c697962623,dfine_native,55500.0,phone,0.3048,1042.98,421.86,1112.47,474.22,3638.7,69.49,52.36,1.327,False,,True,R-desk,11,evt_S-61_upper_body_0016,de801b56dc91232e,lap_bag_context,no_pose_observation,34560.0,1.33,,1,cam12/e1/v1,
corpus_03,03.CCTV Mobile Usage.mkv,632de9ed55947761d56d4c6142a3cb1a1fe69d0b1a6d0e01a2e404c697962623,dfine_native,55500.0,mouse,0.386,967.17,398.39,992.02,410.49,300.7,24.85,12.1,2.054,False,,True,R-desk,11,evt_S-61_upper_body_0016,de801b56dc91232e,lap_bag_context,no_pose_observation,34560.0,1.33,,1,cam12/e1/v1,
corpus_03,03.CCTV Mobile Usage.mkv,632de9ed55947761d56d4c6142a3cb1a1fe69d0b1a6d0e01a2e404c697962623,dfine_native,55500.0,mouse,0.5665,864.9,413.79,892.02,435.25,582.2,27.12,21.47,1.263,False,,True,R-desk,11,evt_S-61_upper_body_0016,de801b56dc91232e,lap_bag_context,no_pose_observation,34560.0,1.33,,1,cam12/e1/v1,
corpus_03,03.CCTV Mobile Usage.mkv,632de9ed55947761d56d4c6142a3cb1a1fe69d0b1a6d0e01a2e404c697962623,dfine_native,55500.0,unknown_object,0.3989,700.06,396.31,757.7,491.0,5458.9,57.65,94.7,0.609,False,,True,R-desk,11,evt_S-61_upper_body_0016,de801b56dc91232e,lap_bag_context,no_pose_observation,34560.0,1.33,,1,cam12/e1/v1,
corpus_03,03.CCTV Mobile Usage.mkv,632de9ed55947761d56d4c6142a3cb1a1fe69d0b1a6d0e01a2e404c697962623,dfine_native,55500.0,monitor_or_bezel,0.2862,881.22,396.15,948.68,452.74,3817.3,67.46,56.59,1.192,False,,True,R-desk,11,evt_S-61_upper_body_0016,de801b56dc91232e,lap_bag_context,no_pose_observation,34560.0,1.33,,1,cam12/e1/v1,
corpus_03,03.CCTV Mobile Usage.mkv,632de9ed55947761d56d4c6142a3cb1a1fe69d0b1a6d0e01a2e404c697962623,dfine_native,55500.0,monitor_or_bezel,0.2603,738.85,395.99,948.24,463.41,14116.9,209.39,67.42,3.106,False,,True,R-desk,11,evt_S-61_upper_body_0016,de801b56dc91232e,lap_bag_context,no_pose_observation,34560.0,1.33,,1,cam12/e1/v1,
corpus_03,03.CCTV Mobile Usage.mkv,632de9ed55947761d56d4c6142a3cb1a1fe69d0b1a6d0e01a2e404c697962623,dfine_native,55500.0,monitor_or_bezel,0.265,800.41,396.13,948.5,452.45,8341.4,148.09,56.33,2.629,False,,True,R-desk,11,evt_S-61_upper_body_0016,de801b56dc91232e,lap_bag_context,no_pose_observation,34560.0,1.33,,1,cam12/e1/v1,
corpus_03,03.CCTV Mobile Usage.mkv,632de9ed55947761d56d4c6142a3cb1a1fe69d0b1a6d0e01a2e404c697962623,dfine_native,55500.0,monitor_or_bezel,0.258,1017.24,395.51,1146.83,470.3,9691.7,129.58,74.79,1.733,False,,True,R-desk,11,evt_S-61_upper_body_0016,de801b56dc91232e,lap_bag_context,no_pose_observation,34560.0,1.33,,1,cam12/e1/v1,
corpus_03,03.CCTV Mobile Usage.mkv,632de9ed55947761d56d4c6142a3cb1a1fe69d0b1a6d0e01a2e404c697962623,dfine_native,55500.0,mouse,0.2829,991.15,399.37,1026.83,413.41,501.0,35.68,14.04,2.541,False,,True,R-desk,11,evt_S-61_upper_body_0016,de801b56dc91232e,lap_bag_context,no_pose_observation,34560.0,1.33,,1,cam12/e1/v1,
corpus_03,03.CCTV Mobile Usage.mkv,632de9ed55947761d56d4c6142a3cb1a1fe69d0b1a6d0e01a2e404c697962623,dfine_native,56500.0,stationery,0.2994,43.43,446.0,73.42,473.11,813.0,29.99,27.11,1.106,False,,True,S-61,10,evt_S-61_upper_body_0016,1d2938dea1632546,pose_hand_context,,35955.7,3.38,,1,cam12/e1/v1,rtmpose_baseline
corpus_03,03.CCTV Mobile Usage.mkv,632de9ed55947761d56d4c6142a3cb1a1fe69d0b1a6d0e01a2e404c697962623,dfine_native,56500.0,unknown_object,0.2827,18.04,303.57,205.04,492.16,35265.4,187.0,188.59,0.992,False,,True,S-61,10,evt_S-61_upper_body_0016,1d2938dea1632546,pose_hand_context,,35955.7,3.38,,1,cam12/e1/v1,rtmpose_baseline
corpus_03,03.CCTV Mobile Usage.mkv,632de9ed55947761d56d4c6142a3cb1a1fe69d0b1a6d0e01a2e404c697962623,dfine_native,56500.0,unknown_object,0.3752,17.99,416.07,134.97,492.54,8945.7,116.99,76.47,1.53,False,,True,S-61,10,evt_S-61_upper_body_0016,1d2938dea1632546,pose_hand_context,,35955.7,3.38,,1,cam12/e1/v1,rtmpose_baseline
corpus_03,03.CCTV Mobile Usage.mkv,632de9ed55947761d56d4c6142a3cb1a1fe69d0b1a6d0e01a2e404c697962623,dfine_native,56500.0,unknown_object,0.3125,18.42,303.49,190.14,491.78,32333.8,171.72,188.29,0.912,False,,True,S-61,10,evt_S-61_upper_body_0016,1d2938dea1632546,pose_hand_context,,35955.7,3.38,,1,cam12/e1/v1,rtmpose_baseline
corpus_03,03.CCTV Mobile Usage.mkv,632de9ed55947761d56d4c6142a3cb1a1fe69d0b1a6d0e01a2e404c697962623,dfine_native,56500.0,unknown_object,0.5509,18.01,304.79,136.26,491.94,22131.0,118.25,187.15,0.632,False,,True,S-61,10,evt_S-61_upper_body_0016,1d2938dea1632546,pose_hand_context,,35955.7,3.38,,1,cam12/e1/v1,rtmpose_baseline
corpus_03,03.CCTV Mobile Usage.mkv,632de9ed55947761d56d4c6142a3cb1a1fe69d0b1a6d0e01a2e404c697962623,dfine_native,56500.0,unknown_object,0.257,18.07,319.14,189.34,492.07,29618.1,171.28,172.93,0.99,False,,True,S-61,10,evt_S-61_upper_body_0016,1d2938dea1632546,pose_hand_context,,35955.7,3.38,,1,cam12/e1/v1,rtmpose_baseline
corpus_03,03.CCTV Mobile Usage.mkv,632de9ed55947761d56d4c6142a3cb1a1fe69d0b1a6d0e01a2e404c697962623,dfine_native,56500.0,unknown_object,0.2544,18.13,414.63,189.66,492.57,13370.8,171.53,77.95,2.201,False,,True,S-61,10,evt_S-61_upper_body_0016,1d2938dea1632546,pose_hand_context,,35955.7,3.38,,1,cam12/e1/v1,rtmpose_baseline
corpus_03,03.CCTV Mobile Usage.mkv,632de9ed55947761d56d4c6142a3cb1a1fe69d0b1a6d0e01a2e404c697962623,dfine_native,56500.0,unknown_object,0.4543,18.12,304.5,189.54,491.98,32138.1,171.42,187.48,0.914,False,,True,S-61,10,evt_S-61_upper_body_0016,1d2938dea1632546,pose_hand_context,,35955.7,3.38,,1,cam12/e1/v1,rtmpose_baseline
corpus_03,03.CCTV Mobile Usage.mkv,632de9ed55947761d56d4c6142a3cb1a1fe69d0b1a6d0e01a2e404c697962623,dfine_native,56500.0,unknown_object,0.2508,18.13,313.24,139.09,491.9,21611.0,120.96,178.66,0.677,False,,True,S-61,10,evt_S-61_upper_body_0016,1d2938dea1632546,pose_hand_context,,35955.7,3.38,,1,cam12/e1/v1,rtmpose_baseline
corpus_03,03.CCTV Mobile Usage.mkv,632de9ed55947761d56d4c6142a3cb1a1fe69d0b1a6d0e01a2e404c697962623,dfine_native,56500.0,unknown_object,0.2643,18.08,303.94,168.27,492.08,28256.8,150.19,188.14,0.798,False,,True,S-61,10,evt_S-61_upper_body_0016,1d2938dea1632546,pose_hand_context,,35955.7,3.38,,1,cam12/e1/v1,rtmpose_baseline
corpus_03,03.CCTV Mobile Usage.mkv,632de9ed55947761d56d4c6142a3cb1a1fe69d0b1a6d0e01a2e404c697962623,dfine_native,56500.0,keyboard,0.9217,962.33,451.93,1068.07,491.46,4180.4,105.74,39.53,2.675,False,,True,R-desk,12,evt_S-61_upper_body_0016,ecb2b433368518e0,lap_bag_context,no_pose_observation,34560.0,1.33,,1,cam12/e1/v1,
corpus_03,03.CCTV Mobile Usage.mkv,632de9ed55947761d56d4c6142a3cb1a1fe69d0b1a6d0e01a2e404c697962623,dfine_native,56500.0,unknown_object,0.7128,699.85,396.13,844.59,492.17,13901.1,144.74,96.04,1.507,False,,True,R-desk,12,evt_S-61_upper_body_0016,ecb2b433368518e0,lap_bag_context,no_pose_observation,34560.0,1.33,,1,cam12/e1/v1,
corpus_03,03.CCTV Mobile Usage.mkv,632de9ed55947761d56d4c6142a3cb1a1fe69d0b1a6d0e01a2e404c697962623,dfine_native,56500.0,monitor_or_bezel,0.6962,1018.8,395.66,1146.01,448.02,6661.1,127.21,52.36,2.43,False,,True,R-desk,12,evt_S-61_upper_body_0016,ecb2b433368518e0,lap_bag_context,no_pose_observation,34560.0,1.33,,1,cam12/e1/v1,
corpus_03,03.CCTV Mobile Usage.mkv,632de9ed55947761d56d4c6142a3cb1a1fe69d0b1a6d0e01a2e404c697962623,dfine_native,56500.0,keyboard,0.5358,802.59,396.29,870.71,420.51,1650.1,68.11,24.23,2.812,False,,True,R-desk,12,evt_S-61_upper_body_0016,ecb2b433368518e0,lap_bag_context,no_pose_observation,34560.0,1.33,,1,cam12/e1/v1,
corpus_03,03.CCTV Mobile Usage.mkv,632de9ed55947761d56d4c6142a3cb1a1fe69d0b1a6d0e01a2e404c697962623,dfine_native,56500.0,phone,0.2731,1042.97,421.83,1112.84,474.18,3658.3,69.87,52.35,1.335,False,,True,R-desk,12,evt_S-61_upper_body_0016,ecb2b433368518e0,lap_bag_context,no_pose_observation,34560.0,1.33,,1,cam12/e1/v1,
corpus_03,03.CCTV Mobile Usage.mkv,632de9ed55947761d56d4c6142a3cb1a1fe69d0b1a6d0e01a2e404c697962623,dfine_native,56500.0,mouse,0.3925,967.1,398.41,992.0,410.47,300.2,24.9,12.06,2.065,False,,True,R-desk,12,evt_S-61_upper_body_0016,ecb2b433368518e0,lap_bag_context,no_pose_observation,34560.0,1.33,,1,cam12/e1/v1,
corpus_03,03.CCTV Mobile Usage.mkv,632de9ed55947761d56d4c6142a3cb1a1fe69d0b1a6d0e01a2e404c697962623,dfine_native,56500.0,unknown_object,0.2938,700.03,396.09,776.91,491.99,7372.0,76.88,95.89,0.802,False,,True,R-desk,12,evt_S-61_upper_body_0016,ecb2b433368518e0,lap_bag_context,no_pose_observation,34560.0,1.33,,1,cam12/e1/v1,
corpus_03,03.CCTV Mobile Usage.mkv,632de9ed55947761d56d4c6142a3cb1a1fe69d0b1a6d0e01a2e404c697962623,dfine_native,56500.0,unknown_object,0.4063,700.0,396.27,760.92,491.2,5783.3,60.92,94.93,0.642,False,,True,R-desk,12,evt_S-61_upper_body_0016,ecb2b433368518e0,lap_bag_context,no_pose_observation,34560.0,1.33,,1,cam12/e1/v1,
corpus_03,03.CCTV Mobile Usage.mkv,632de9ed55947761d56d4c6142a3cb1a1fe69d0b1a6d0e01a2e404c697962623,dfine_native,56500.0,mouse,0.5734,864.85,413.83,892.0,435.2,580.3,27.15,21.37,1.271,False,,True,R-desk,12,evt_S-61_upper_body_0016,ecb2b433368518e0,lap_bag_context,no_pose_observation,34560.0,1.33,,1,cam12/e1/v1,
corpus_03,03.CCTV Mobile Usage.mkv,632de9ed55947761d56d4c6142a3cb1a1fe69d0b1a6d0e01a2e404c697962623,dfine_native,56500.0,monitor_or_bezel,0.2816,881.27,396.16,948.59,452.72,3807.8,67.32,56.56,1.19,False,,True,R-desk,12,evt_S-61_upper_body_0016,ecb2b433368518e0,lap_bag_context,no_pose_observation,34560.0,1.33,,1,cam12/e1/v1,
corpus_03,03.CCTV Mobile Usage.mkv,632de9ed55947761d56d4c6142a3cb1a1fe69d0b1a6d0e01a2e404c697962623,dfine_native,56500.0,monitor_or_bezel,0.3565,1017.32,395.72,1147.66,488.52,12094.4,130.34,92.79,1.405,False,,True,R-desk,12,evt_S-61_upper_body_0016,ecb2b433368518e0,lap_bag_context,no_pose_observation,34560.0,1.33,,1,cam12/e1/v1,
corpus_03,03.CCTV Mobile Usage.mkv,632de9ed55947761d56d4c6142a3cb1a1fe69d0b1a6d0e01a2e404c697962623,dfine_native,56500.0,monitor_or_bezel,0.253,797.42,396.05,948.55,452.52,8534.7,151.13,56.47,2.676,False,,True,R-desk,12,evt_S-61_upper_body_0016,ecb2b433368518e0,lap_bag_context,no_pose_observation,34560.0,1.33,,1,cam12/e1/v1,
corpus_03,03.CCTV Mobile Usage.mkv,632de9ed55947761d56d4c6142a3cb1a1fe69d0b1a6d0e01a2e404c697962623,dfine_native,56500.0,mouse,0.2978,991.04,399.33,1027.0,413.47,508.6,35.96,14.14,2.542,False,,True,R-desk,12,evt_S-61_upper_body_0016,ecb2b433368518e0,lap_bag_context,no_pose_observation,34560.0,1.33,,1,cam12/e1/v1,
corpus_03,03.CCTV Mobile Usage.mkv,632de9ed55947761d56d4c6142a3cb1a1fe69d0b1a6d0e01a2e404c697962623,dfine_native,56500.0,keyboard,0.9217,962.33,451.93,1068.07,491.46,4180.4,105.74,39.53,2.675,False,,True,R-desk,11,evt_S-61_upper_body_0016,ecb2b433368518e0,lap_bag_context,no_pose_observation,34560.0,1.33,,1,cam12/e1/v1,
corpus_03,03.CCTV Mobile Usage.mkv,632de9ed55947761d56d4c6142a3cb1a1fe69d0b1a6d0e01a2e404c697962623,dfine_native,56500.0,unknown_object,0.7128,699.85,396.13,844.59,492.17,13901.1,144.74,96.04,1.507,False,,True,R-desk,11,evt_S-61_upper_body_0016,ecb2b433368518e0,lap_bag_context,no_pose_observation,34560.0,1.33,,1,cam12/e1/v1,
corpus_03,03.CCTV Mobile Usage.mkv,632de9ed55947761d56d4c6142a3cb1a1fe69d0b1a6d0e01a2e404c697962623,dfine_native,56500.0,monitor_or_bezel,0.6962,1018.8,395.66,1146.01,448.02,6661.1,127.21,52.36,2.43,False,,True,R-desk,11,evt_S-61_upper_body_0016,ecb2b433368518e0,lap_bag_context,no_pose_observation,34560.0,1.33,,1,cam12/e1/v1,
corpus_03,03.CCTV Mobile Usage.mkv,632de9ed55947761d56d4c6142a3cb1a1fe69d0b1a6d0e01a2e404c697962623,dfine_native,56500.0,keyboard,0.5358,802.59,396.29,870.71,420.51,1650.1,68.11,24.23,2.812,False,,True,R-desk,11,evt_S-61_upper_body_0016,ecb2b433368518e0,lap_bag_context,no_pose_observation,34560.0,1.33,,1,cam12/e1/v1,
corpus_03,03.CCTV Mobile Usage.mkv,632de9ed55947761d56d4c6142a3cb1a1fe69d0b1a6d0e01a2e404c697962623,dfine_native,56500.0,phone,0.2731,1042.97,421.83,1112.84,474.18,3658.3,69.87,52.35,1.335,False,,True,R-desk,11,evt_S-61_upper_body_0016,ecb2b433368518e0,lap_bag_context,no_pose_observation,34560.0,1.33,,1,cam12/e1/v1,
corpus_03,03.CCTV Mobile Usage.mkv,632de9ed55947761d56d4c6142a3cb1a1fe69d0b1a6d0e01a2e404c697962623,dfine_native,56500.0,mouse,0.3925,967.1,398.41,992.0,410.47,300.2,24.9,12.06,2.065,False,,True,R-desk,11,evt_S-61_upper_body_0016,ecb2b433368518e0,lap_bag_context,no_pose_observation,34560.0,1.33,,1,cam12/e1/v1,
corpus_03,03.CCTV Mobile Usage.mkv,632de9ed55947761d56d4c6142a3cb1a1fe69d0b1a6d0e01a2e404c697962623,dfine_native,56500.0,unknown_object,0.2938,700.03,396.09,776.91,491.99,7372.0,76.88,95.89,0.802,False,,True,R-desk,11,evt_S-61_upper_body_0016,ecb2b433368518e0,lap_bag_context,no_pose_observation,34560.0,1.33,,1,cam12/e1/v1,
corpus_03,03.CCTV Mobile Usage.mkv,632de9ed55947761d56d4c6142a3cb1a1fe69d0b1a6d0e01a2e404c697962623,dfine_native,56500.0,unknown_object,0.4063,700.0,396.27,760.92,491.2,5783.3,60.92,94.93,0.642,False,,True,R-desk,11,evt_S-61_upper_body_0016,ecb2b433368518e0,lap_bag_context,no_pose_observation,34560.0,1.33,,1,cam12/e1/v1,
corpus_03,03.CCTV Mobile Usage.mkv,632de9ed55947761d56d4c6142a3cb1a1fe69d0b1a6d0e01a2e404c697962623,dfine_native,56500.0,mouse,0.5734,864.85,413.83,892.0,435.2,580.3,27.15,21.37,1.271,False,,True,R-desk,11,evt_S-61_upper_body_0016,ecb2b433368518e0,lap_bag_context,no_pose_observation,34560.0,1.33,,1,cam12/e1/v1,
corpus_03,03.CCTV Mobile Usage.mkv,632de9ed55947761d56d4c6142a3cb1a1fe69d0b1a6d0e01a2e404c697962623,dfine_native,56500.0,monitor_or_bezel,0.2816,881.27,396.16,948.59,452.72,3807.8,67.32,56.56,1.19,False,,True,R-desk,11,evt_S-61_upper_body_0016,ecb2b433368518e0,lap_bag_context,no_pose_observation,34560.0,1.33,,1,cam12/e1/v1,
corpus_03,03.CCTV Mobile Usage.mkv,632de9ed55947761d56d4c6142a3cb1a1fe69d0b1a6d0e01a2e404c697962623,dfine_native,56500.0,monitor_or_bezel,0.3565,1017.32,395.72,1147.66,488.52,12094.4,130.34,92.79,1.405,False,,True,R-desk,11,evt_S-61_upper_body_0016,ecb2b433368518e0,lap_bag_context,no_pose_observation,34560.0,1.33,,1,cam12/e1/v1,
corpus_03,03.CCTV Mobile Usage.mkv,632de9ed55947761d56d4c6142a3cb1a1fe69d0b1a6d0e01a2e404c697962623,dfine_native,56500.0,monitor_or_bezel,0.253,797.42,396.05,948.55,452.52,8534.7,151.13,56.47,2.676,False,,True,R-desk,11,evt_S-61_upper_body_0016,ecb2b433368518e0,lap_bag_context,no_pose_observation,34560.0,1.33,,1,cam12/e1/v1,
corpus_03,03.CCTV Mobile Usage.mkv,632de9ed55947761d56d4c6142a3cb1a1fe69d0b1a6d0e01a2e404c697962623,dfine_native,56500.0,mouse,0.2978,991.04,399.33,1027.0,413.47,508.6,35.96,14.14,2.542,False,,True,R-desk,11,evt_S-61_upper_body_0016,ecb2b433368518e0,lap_bag_context,no_pose_observation,34560.0,1.33,,1,cam12/e1/v1,
corpus_03,03.CCTV Mobile Usage.mkv,632de9ed55947761d56d4c6142a3cb1a1fe69d0b1a6d0e01a2e404c697962623,dfine_native,57500.0,unknown_object,0.6519,0.18,254.29,45.42,304.22,2258.8,45.24,49.93,0.906,False,,True,S-61,10,evt_S-61_upper_body_0016,9b7c89e0f28e9540,pose_hand_context,,49554.2,2.71,,1,cam12/e1/v1,rtmpose_baseline
corpus_03,03.CCTV Mobile Usage.mkv,632de9ed55947761d56d4c6142a3cb1a1fe69d0b1a6d0e01a2e404c697962623,dfine_native,57500.0,unknown_object,0.433,-0.07,280.3,193.47,485.35,39686.3,193.54,205.05,0.944,False,,True,S-61,10,evt_S-61_upper_body_0016,9b7c89e0f28e9540,pose_hand_context,,49554.2,2.71,,1,cam12/e1/v1,rtmpose_baseline
corpus_03,03.CCTV Mobile Usage.mkv,632de9ed55947761d56d4c6142a3cb1a1fe69d0b1a6d0e01a2e404c697962623,dfine_native,57500.0,bag,0.2976,15.78,297.77,108.02,356.91,5455.3,92.24,59.14,1.56,False,,True,S-61,10,evt_S-61_upper_body_0016,9b7c89e0f28e9540,pose_hand_context,,49554.2,2.71,,1,cam12/e1/v1,rtmpose_baseline
corpus_03,03.CCTV Mobile Usage.mkv,632de9ed55947761d56d4c6142a3cb1a1fe69d0b1a6d0e01a2e404c697962623,dfine_native,57500.0,unknown_object,0.303,112.99,266.37,173.86,360.01,5699.6,60.87,93.63,0.65,False,,True,S-61,10,evt_S-61_upper_body_0016,9b7c89e0f28e9540,pose_hand_context,,49554.2,2.71,,1,cam12/e1/v1,rtmpose_baseline
corpus_03,03.CCTV Mobile Usage.mkv,632de9ed55947761d56d4c6142a3cb1a1fe69d0b1a6d0e01a2e404c697962623,dfine_native,57500.0,unknown_object,0.4662,0.11,279.83,199.16,485.27,40893.9,199.06,205.44,0.969,False,,True,S-61,10,evt_S-61_upper_body_0016,9b7c89e0f28e9540,pose_hand_context,,49554.2,2.71,,1,cam12/e1/v1,rtmpose_baseline
corpus_03,03.CCTV Mobile Usage.mkv,632de9ed55947761d56d4c6142a3cb1a1fe69d0b1a6d0e01a2e404c697962623,dfine_native,57500.0,unknown_object,0.4506,-0.31,279.74,138.1,485.24,28442.1,138.41,205.5,0.674,False,,True,S-61,10,evt_S-61_upper_body_0016,9b7c89e0f28e9540,pose_hand_context,,49554.2,2.71,,1,cam12/e1/v1,rtmpose_baseline
corpus_03,03.CCTV Mobile Usage.mkv,632de9ed55947761d56d4c6142a3cb1a1fe69d0b1a6d0e01a2e404c697962623,dfine_native,57500.0,unknown_object,0.2557,0.89,264.48,203.53,485.42,44771.2,202.64,220.94,0.917,False,,True,S-61,10,evt_S-61_upper_body_0016,9b7c89e0f28e9540,pose_hand_context,,49554.2,2.71,,1,cam12/e1/v1,rtmpose_baseline
corpus_03,03.CCTV Mobile Usage.mkv,632de9ed55947761d56d4c6142a3cb1a1fe69d0b1a6d0e01a2e404c697962623,dfine_native,57500.0,keyboard,0.9137,962.32,451.93,1067.76,491.46,4168.1,105.44,39.53,2.667,False,,True,R-desk,15,evt_S-61_upper_body_0016,ee27b78399c18ce8,lap_bag_context,no_pose_observation,34560.0,1.33,,1,cam12/e1/v1,
corpus_03,03.CCTV Mobile Usage.mkv,632de9ed55947761d56d4c6142a3cb1a1fe69d0b1a6d0e01a2e404c697962623,dfine_native,57500.0,unknown_object,0.7381,699.86,396.09,844.27,492.0,13849.5,144.41,95.9,1.506,False,,True,R-desk,15,evt_S-61_upper_body_0016,ee27b78399c18ce8,lap_bag_context,no_pose_observation,34560.0,1.33,,1,cam12/e1/v1,
corpus_03,03.CCTV Mobile Usage.mkv,632de9ed55947761d56d4c6142a3cb1a1fe69d0b1a6d0e01a2e404c697962623,dfine_native,57500.0,monitor_or_bezel,0.7309,1018.86,395.71,1145.9,447.81,6619.2,127.04,52.1,2.438,False,,True,R-desk,15,evt_S-61_upper_body_0016,ee27b78399c18ce8,lap_bag_context,no_pose_observation,34560.0,1.33,,1,cam12/e1/v1,
corpus_03,03.CCTV Mobile Usage.mkv,632de9ed55947761d56d4c6142a3cb1a1fe69d0b1a6d0e01a2e404c697962623,dfine_native,57500.0,keyboard,0.5529,802.98,396.29,870.5,420.47,1633.0,67.53,24.18,2.792,False,,True,R-desk,15,evt_S-61_upper_body_0016,ee27b78399c18ce8,lap_bag_context,no_pose_observation,34560.0,1.33,,1,cam12/e1/v1,
corpus_03,03.CCTV Mobile Usage.mkv,632de9ed55947761d56d4c6142a3cb1a1fe69d0b1a6d0e01a2e404c697962623,dfine_native,57500.0,phone,0.2746,1042.99,421.92,1112.7,474.14,3639.9,69.71,52.22,1.335,False,,True,R-desk,15,evt_S-61_upper_body_0016,ee27b78399c18ce8,lap_bag_context,no_pose_observation,34560.0,1.33,,1,cam12/e1/v1,
corpus_03,03.CCTV Mobile Usage.mkv,632de9ed55947761d56d4c6142a3cb1a1fe69d0b1a6d0e01a2e404c697962623,dfine_native,57500.0,mouse,0.5932,864.98,413.89,891.92,435.06,570.0,26.94,21.16,1.273,False,,True,R-desk,15,evt_S-61_upper_body_0016,ee27b78399c18ce8,lap_bag_context,no_pose_observation,34560.0,1.33,,1,cam12/e1/v1,
corpus_03,03.CCTV Mobile Usage.mkv,632de9ed55947761d56d4c6142a3cb1a1fe69d0b1a6d0e01a2e404c697962623,dfine_native,57500.0,unknown_object,0.3333,700.01,396.32,762.58,491.29,5942.3,62.57,94.98,0.659,False,,True,R-desk,15,evt_S-61_upper_body_0016,ee27b78399c18ce8,lap_bag_context,no_pose_observation,34560.0,1.33,,1,cam12/e1/v1,
corpus_03,03.CCTV Mobile Usage.mkv,632de9ed55947761d56d4c6142a3cb1a1fe69d0b1a6d0e01a2e404c697962623,dfine_native,57500.0,mouse,0.4084,967.08,398.36,992.12,410.45,302.9,25.04,12.1,2.07,False,,True,R-desk,15,evt_S-61_upper_body_0016,ee27b78399c18ce8,lap_bag_context,no_pose_observation,34560.0,1.33,,1,cam12/e1/v1,
corpus_03,03.CCTV Mobile Usage.mkv,632de9ed55947761d56d4c6142a3cb1a1fe69d0b1a6d0e01a2e404c697962623,dfine_native,57500.0,monitor_or_bezel,0.2993,881.28,396.18,948.6,452.73,3807.2,67.32,56.55,1.19,False,,True,R-desk,15,evt_S-61_upper_body_0016,ee27b78399c18ce8,lap_bag_context,no_pose_observation,34560.0,1.33,,1,cam12/e1/v1,
corpus_03,03.CCTV Mobile Usage.mkv,632de9ed55947761d56d4c6142a3cb1a1fe69d0b1a6d0e01a2e404c697962623,dfine_native,57500.0,mouse,0.3317,991.74,400.33,1028.08,413.49,478.5,36.34,13.17,2.761,False,,True,R-desk,15,evt_S-61_upper_body_0016,ee27b78399c18ce8,lap_bag_context,no_pose_observation,34560.0,1.33,,1,cam12/e1/v1,
corpus_03,03.CCTV Mobile Usage.mkv,632de9ed55947761d56d4c6142a3cb1a1fe69d0b1a6d0e01a2e404c697962623,dfine_native,57500.0,monitor_or_bezel,0.2731,1017.2,395.8,1147.26,488.6,12068.0,130.05,92.79,1.402,False,,True,R-desk,15,evt_S-61_upper_body_0016,ee27b78399c18ce8,lap_bag_context,no_pose_observation,34560.0,1.33,,1,cam12/e1/v1,
corpus_03,03.CCTV Mobile Usage.mkv,632de9ed55947761d56d4c6142a3cb1a1fe69d0b1a6d0e01a2e404c697962623,dfine_native,57500.0,keyboard,0.9137,962.32,451.93,1067.76,491.46,4168.1,105.44,39.53,2.667,False,,True,R-desk,12,evt_S-61_upper_body_0016,ee27b78399c18ce8,lap_bag_context,no_pose_observation,34560.0,1.33,,1,cam12/e1/v1,
corpus_03,03.CCTV Mobile Usage.mkv,632de9ed55947761d56d4c6142a3cb1a1fe69d0b1a6d0e01a2e404c697962623,dfine_native,57500.0,unknown_object,0.7381,699.86,396.09,844.27,492.0,13849.5,144.41,95.9,1.506,False,,True,R-desk,12,evt_S-61_upper_body_0016,ee27b78399c18ce8,lap_bag_context,no_pose_observation,34560.0,1.33,,1,cam12/e1/v1,
corpus_03,03.CCTV Mobile Usage.mkv,632de9ed55947761d56d4c6142a3cb1a1fe69d0b1a6d0e01a2e404c697962623,dfine_native,57500.0,monitor_or_bezel,0.7309,1018.86,395.71,1145.9,447.81,6619.2,127.04,52.1,2.438,False,,True,R-desk,12,evt_S-61_upper_body_0016,ee27b78399c18ce8,lap_bag_context,no_pose_observation,34560.0,1.33,,1,cam12/e1/v1,
corpus_03,03.CCTV Mobile Usage.mkv,632de9ed55947761d56d4c6142a3cb1a1fe69d0b1a6d0e01a2e404c697962623,dfine_native,57500.0,keyboard,0.5529,802.98,396.29,870.5,420.47,1633.0,67.53,24.18,2.792,False,,True,R-desk,12,evt_S-61_upper_body_0016,ee27b78399c18ce8,lap_bag_context,no_pose_observation,34560.0,1.33,,1,cam12/e1/v1,
corpus_03,03.CCTV Mobile Usage.mkv,632de9ed55947761d56d4c6142a3cb1a1fe69d0b1a6d0e01a2e404c697962623,dfine_native,57500.0,phone,0.2746,1042.99,421.92,1112.7,474.14,3639.9,69.71,52.22,1.335,False,,True,R-desk,12,evt_S-61_upper_body_0016,ee27b78399c18ce8,lap_bag_context,no_pose_observation,34560.0,1.33,,1,cam12/e1/v1,
corpus_03,03.CCTV Mobile Usage.mkv,632de9ed55947761d56d4c6142a3cb1a1fe69d0b1a6d0e01a2e404c697962623,dfine_native,57500.0,mouse,0.5932,864.98,413.89,891.92,435.06,570.0,26.94,21.16,1.273,False,,True,R-desk,12,evt_S-61_upper_body_0016,ee27b78399c18ce8,lap_bag_context,no_pose_observation,34560.0,1.33,,1,cam12/e1/v1,
corpus_03,03.CCTV Mobile Usage.mkv,632de9ed55947761d56d4c6142a3cb1a1fe69d0b1a6d0e01a2e404c697962623,dfine_native,57500.0,unknown_object,0.3333,700.01,396.32,762.58,491.29,5942.3,62.57,94.98,0.659,False,,True,R-desk,12,evt_S-61_upper_body_0016,ee27b78399c18ce8,lap_bag_context,no_pose_observation,34560.0,1.33,,1,cam12/e1/v1,
corpus_03,03.CCTV Mobile Usage.mkv,632de9ed55947761d56d4c6142a3cb1a1fe69d0b1a6d0e01a2e404c697962623,dfine_native,57500.0,mouse,0.4084,967.08,398.36,992.12,410.45,302.9,25.04,12.1,2.07,False,,True,R-desk,12,evt_S-61_upper_body_0016,ee27b78399c18ce8,lap_bag_context,no_pose_observation,34560.0,1.33,,1,cam12/e1/v1,
corpus_03,03.CCTV Mobile Usage.mkv,632de9ed55947761d56d4c6142a3cb1a1fe69d0b1a6d0e01a2e404c697962623,dfine_native,57500.0,monitor_or_bezel,0.2993,881.28,396.18,948.6,452.73,3807.2,67.32,56.55,1.19,False,,True,R-desk,12,evt_S-61_upper_body_0016,ee27b78399c18ce8,lap_bag_context,no_pose_observation,34560.0,1.33,,1,cam12/e1/v1,
corpus_03,03.CCTV Mobile Usage.mkv,632de9ed55947761d56d4c6142a3cb1a1fe69d0b1a6d0e01a2e404c697962623,dfine_native,57500.0,mouse,0.3317,991.74,400.33,1028.08,413.49,478.5,36.34,13.17,2.761,False,,True,R-desk,12,evt_S-61_upper_body_0016,ee27b78399c18ce8,lap_bag_context,no_pose_observation,34560.0,1.33,,1,cam12/e1/v1,
corpus_03,03.CCTV Mobile Usage.mkv,632de9ed55947761d56d4c6142a3cb1a1fe69d0b1a6d0e01a2e404c697962623,dfine_native,57500.0,monitor_or_bezel,0.2731,1017.2,395.8,1147.26,488.6,12068.0,130.05,92.79,1.402,False,,True,R-desk,12,evt_S-61_upper_body_0016,ee27b78399c18ce8,lap_bag_context,no_pose_observation,34560.0,1.33,,1,cam12/e1/v1,
corpus_03,03.CCTV Mobile Usage.mkv,632de9ed55947761d56d4c6142a3cb1a1fe69d0b1a6d0e01a2e404c697962623,dfine_native,57500.0,keyboard,0.9137,962.32,451.93,1067.76,491.46,4168.1,105.44,39.53,2.667,False,,True,R-desk,11,evt_S-61_upper_body_0016,ee27b78399c18ce8,lap_bag_context,no_pose_observation,34560.0,1.33,,1,cam12/e1/v1,
corpus_03,03.CCTV Mobile Usage.mkv,632de9ed55947761d56d4c6142a3cb1a1fe69d0b1a6d0e01a2e404c697962623,dfine_native,57500.0,unknown_object,0.7381,699.86,396.09,844.27,492.0,13849.5,144.41,95.9,1.506,False,,True,R-desk,11,evt_S-61_upper_body_0016,ee27b78399c18ce8,lap_bag_context,no_pose_observation,34560.0,1.33,,1,cam12/e1/v1,
corpus_03,03.CCTV Mobile Usage.mkv,632de9ed55947761d56d4c6142a3cb1a1fe69d0b1a6d0e01a2e404c697962623,dfine_native,57500.0,monitor_or_bezel,0.7309,1018.86,395.71,1145.9,447.81,6619.2,127.04,52.1,2.438,False,,True,R-desk,11,evt_S-61_upper_body_0016,ee27b78399c18ce8,lap_bag_context,no_pose_observation,34560.0,1.33,,1,cam12/e1/v1,
corpus_03,03.CCTV Mobile Usage.mkv,632de9ed55947761d56d4c6142a3cb1a1fe69d0b1a6d0e01a2e404c697962623,dfine_native,57500.0,keyboard,0.5529,802.98,396.29,870.5,420.47,1633.0,67.53,24.18,2.792,False,,True,R-desk,11,evt_S-61_upper_body_0016,ee27b78399c18ce8,lap_bag_context,no_pose_observation,34560.0,1.33,,1,cam12/e1/v1,
corpus_03,03.CCTV Mobile Usage.mkv,632de9ed55947761d56d4c6142a3cb1a1fe69d0b1a6d0e01a2e404c697962623,dfine_native,57500.0,phone,0.2746,1042.99,421.92,1112.7,474.14,3639.9,69.71,52.22,1.335,False,,True,R-desk,11,evt_S-61_upper_body_0016,ee27b78399c18ce8,lap_bag_context,no_pose_observation,34560.0,1.33,,1,cam12/e1/v1,
corpus_03,03.CCTV Mobile Usage.mkv,632de9ed55947761d56d4c6142a3cb1a1fe69d0b1a6d0e01a2e404c697962623,dfine_native,57500.0,mouse,0.5932,864.98,413.89,891.92,435.06,570.0,26.94,21.16,1.273,False,,True,R-desk,11,evt_S-61_upper_body_0016,ee27b78399c18ce8,lap_bag_context,no_pose_observation,34560.0,1.33,,1,cam12/e1/v1,
corpus_03,03.CCTV Mobile Usage.mkv,632de9ed55947761d56d4c6142a3cb1a1fe69d0b1a6d0e01a2e404c697962623,dfine_native,57500.0,unknown_object,0.3333,700.01,396.32,762.58,491.29,5942.3,62.57,94.98,0.659,False,,True,R-desk,11,evt_S-61_upper_body_0016,ee27b78399c18ce8,lap_bag_context,no_pose_observation,34560.0,1.33,,1,cam12/e1/v1,
corpus_03,03.CCTV Mobile Usage.mkv,632de9ed55947761d56d4c6142a3cb1a1fe69d0b1a6d0e01a2e404c697962623,dfine_native,57500.0,mouse,0.4084,967.08,398.36,992.12,410.45,302.9,25.04,12.1,2.07,False,,True,R-desk,11,evt_S-61_upper_body_0016,ee27b78399c18ce8,lap_bag_context,no_pose_observation,34560.0,1.33,,1,cam12/e1/v1,
corpus_03,03.CCTV Mobile Usage.mkv,632de9ed55947761d56d4c6142a3cb1a1fe69d0b1a6d0e01a2e404c697962623,dfine_native,57500.0,monitor_or_bezel,0.2993,881.28,396.18,948.6,452.73,3807.2,67.32,56.55,1.19,False,,True,R-desk,11,evt_S-61_upper_body_0016,ee27b78399c18ce8,lap_bag_context,no_pose_observation,34560.0,1.33,,1,cam12/e1/v1,
corpus_03,03.CCTV Mobile Usage.mkv,632de9ed55947761d56d4c6142a3cb1a1fe69d0b1a6d0e01a2e404c697962623,dfine_native,57500.0,mouse,0.3317,991.74,400.33,1028.08,413.49,478.5,36.34,13.17,2.761,False,,True,R-desk,11,evt_S-61_upper_body_0016,ee27b78399c18ce8,lap_bag_context,no_pose_observation,34560.0,1.33,,1,cam12/e1/v1,
corpus_03,03.CCTV Mobile Usage.mkv,632de9ed55947761d56d4c6142a3cb1a1fe69d0b1a6d0e01a2e404c697962623,dfine_native,57500.0,monitor_or_bezel,0.2731,1017.2,395.8,1147.26,488.6,12068.0,130.05,92.79,1.402,False,,True,R-desk,11,evt_S-61_upper_body_0016,ee27b78399c18ce8,lap_bag_context,no_pose_observation,34560.0,1.33,,1,cam12/e1/v1,
corpus_03,03.CCTV Mobile Usage.mkv,632de9ed55947761d56d4c6142a3cb1a1fe69d0b1a6d0e01a2e404c697962623,dfine_native,80100.0,unknown_object,0.2516,117.98,450.72,338.2,662.37,46609.9,220.22,211.65,1.04,False,,True,S-61,16,evt_S-61_desk_work_surface_0003,349c527ccc29dabd,pose_hand_context,,48197.8,2.92,,1,cam12/e1/v1,rtmpose_baseline
corpus_03,03.CCTV Mobile Usage.mkv,632de9ed55947761d56d4c6142a3cb1a1fe69d0b1a6d0e01a2e404c697962623,dfine_native,80100.0,stationery,0.2846,117.95,454.89,203.07,545.22,7689.2,85.13,90.33,0.942,False,,True,S-61,16,evt_S-61_desk_work_surface_0003,349c527ccc29dabd,pose_hand_context,,48197.8,2.92,,1,cam12/e1/v1,rtmpose_baseline
corpus_03,03.CCTV Mobile Usage.mkv,632de9ed55947761d56d4c6142a3cb1a1fe69d0b1a6d0e01a2e404c697962623,dfine_native,80100.0,unknown_object,0.5878,118.05,453.71,272.04,663.79,32351.2,153.99,210.09,0.733,False,,True,S-61,16,evt_S-61_desk_work_surface_0003,349c527ccc29dabd,pose_hand_context,,48197.8,2.92,,1,cam12/e1/v1,rtmpose_baseline
corpus_03,03.CCTV Mobile Usage.mkv,632de9ed55947761d56d4c6142a3cb1a1fe69d0b1a6d0e01a2e404c697962623,dfine_native,80100.0,unknown_object,0.2566,118.02,503.87,270.49,664.21,24447.2,152.48,160.34,0.951,False,,True,S-61,16,evt_S-61_desk_work_surface_0003,349c527ccc29dabd,pose_hand_context,,48197.8,2.92,,1,cam12/e1/v1,rtmpose_baseline
corpus_03,03.CCTV Mobile Usage.mkv,632de9ed55947761d56d4c6142a3cb1a1fe69d0b1a6d0e01a2e404c697962623,dfine_native,80100.0,unknown_object,0.2785,117.92,588.44,270.51,664.4,11591.2,152.59,75.96,2.009,False,,True,S-61,16,evt_S-61_desk_work_surface_0003,349c527ccc29dabd,pose_hand_context,,48197.8,2.92,,1,cam12/e1/v1,rtmpose_baseline
corpus_03,03.CCTV Mobile Usage.mkv,632de9ed55947761d56d4c6142a3cb1a1fe69d0b1a6d0e01a2e404c697962623,dfine_native,81100.0,unknown_object,0.5193,16.2,303.22,109.55,384.69,7605.5,93.35,81.47,1.146,False,,True,S-61,16,evt_S-61_desk_work_surface_0003,d85e3150d3c5eba9,pose_hand_context,,62064.0,2.36,,1,cam12/e1/v1,rtmpose_baseline
corpus_03,03.CCTV Mobile Usage.mkv,632de9ed55947761d56d4c6142a3cb1a1fe69d0b1a6d0e01a2e404c697962623,dfine_native,81100.0,phone,0.4824,184.17,490.89,218.65,522.3,1083.2,34.48,31.42,1.098,False,,True,S-61,16,evt_S-61_desk_work_surface_0003,d85e3150d3c5eba9,pose_hand_context,,62064.0,2.36,,1,cam12/e1/v1,rtmpose_baseline
corpus_03,03.CCTV Mobile Usage.mkv,632de9ed55947761d56d4c6142a3cb1a1fe69d0b1a6d0e01a2e404c697962623,dfine_native,81100.0,monitor_or_bezel,0.341,-0.11,494.62,202.94,572.63,15839.9,203.05,78.01,2.603,False,,True,S-61,16,evt_S-61_desk_work_surface_0003,d85e3150d3c5eba9,pose_hand_context,,62064.0,2.36,,1,cam12/e1/v1,rtmpose_baseline
corpus_03,03.CCTV Mobile Usage.mkv,632de9ed55947761d56d4c6142a3cb1a1fe69d0b1a6d0e01a2e404c697962623,dfine_native,81100.0,unknown_object,0.2633,1.66,449.27,226.17,572.75,27723.0,224.51,123.48,1.818,False,,True,S-61,16,evt_S-61_desk_work_surface_0003,d85e3150d3c5eba9,pose_hand_context,,62064.0,2.36,,1,cam12/e1/v1,rtmpose_baseline
corpus_03,03.CCTV Mobile Usage.mkv,632de9ed55947761d56d4c6142a3cb1a1fe69d0b1a6d0e01a2e404c697962623,dfine_native,81100.0,unknown_object,0.2971,-0.17,303.08,228.68,571.99,61537.1,228.84,268.9,0.851,False,,True,S-61,16,evt_S-61_desk_work_surface_0003,d85e3150d3c5eba9,pose_hand_context,,62064.0,2.36,,1,cam12/e1/v1,rtmpose_baseline
corpus_03,03.CCTV Mobile Usage.mkv,632de9ed55947761d56d4c6142a3cb1a1fe69d0b1a6d0e01a2e404c697962623,dfine_native,82100.0,phone,0.2918,175.98,370.82,191.97,384.88,224.7,15.99,14.06,1.137,False,,True,S-61,16,evt_S-61_desk_work_surface_0003,853aabc1e2041093,pose_hand_context,,44780.8,2.92,,1,cam12/e1/v1,rtmpose_baseline
corpus_03,03.CCTV Mobile Usage.mkv,632de9ed55947761d56d4c6142a3cb1a1fe69d0b1a6d0e01a2e404c697962623,dfine_native,82100.0,unknown_object,0.2563,91.72,455.13,176.89,522.17,5709.5,85.17,67.03,1.271,False,,True,S-61,16,evt_S-61_desk_work_surface_0003,853aabc1e2041093,pose_hand_context,,44780.8,2.92,,1,cam12/e1/v1,rtmpose_baseline
corpus_03,03.CCTV Mobile Usage.mkv,632de9ed55947761d56d4c6142a3cb1a1fe69d0b1a6d0e01a2e404c697962623,dfine_native,82100.0,unknown_object,0.3403,111.06,455.4,176.43,520.28,4241.0,65.37,64.88,1.008,False,,True,S-61,16,evt_S-61_desk_work_surface_0003,853aabc1e2041093,pose_hand_context,,44780.8,2.92,,1,cam12/e1/v1,rtmpose_baseline
corpus_03,03.CCTV Mobile Usage.mkv,632de9ed55947761d56d4c6142a3cb1a1fe69d0b1a6d0e01a2e404c697962623,dfine_native,83100.0,unknown_object,0.5691,89.88,455.37,177.15,522.17,5829.4,87.27,66.8,1.306,False,,True,S-61,16,evt_S-61_desk_work_surface_0003,e1a851f71775b910,pose_hand_context,,44400.6,2.95,,1,cam12/e1/v1,rtmpose_baseline
corpus_03,03.CCTV Mobile Usage.mkv,632de9ed55947761d56d4c6142a3cb1a1fe69d0b1a6d0e01a2e404c697962623,dfine_native,83100.0,keyboard,0.3562,79.96,384.8,151.67,426.8,3011.7,71.71,42.0,1.707,False,,True,S-61,16,evt_S-61_desk_work_surface_0003,e1a851f71775b910,pose_hand_context,,44400.6,2.95,,1,cam12/e1/v1,rtmpose_baseline
corpus_03,03.CCTV Mobile Usage.mkv,632de9ed55947761d56d4c6142a3cb1a1fe69d0b1a6d0e01a2e404c697962623,dfine_native,83100.0,unknown_object,0.3313,8.0,448.0,113.06,501.52,5623.4,105.06,53.53,1.963,False,,True,S-61,16,evt_S-61_desk_work_surface_0003,e1a851f71775b910,pose_hand_context,,44400.6,2.95,,1,cam12/e1/v1,rtmpose_baseline
corpus_03,03.CCTV Mobile Usage.mkv,632de9ed55947761d56d4c6142a3cb1a1fe69d0b1a6d0e01a2e404c697962623,dfine_native,83100.0,monitor_or_bezel,0.2954,-0.08,494.12,173.09,544.94,8801.5,173.17,50.83,3.407,False,,True,S-61,16,evt_S-61_desk_work_surface_0003,e1a851f71775b910,pose_hand_context,,44400.6,2.95,,1,cam12/e1/v1,rtmpose_baseline
corpus_03,03.CCTV Mobile Usage.mkv,632de9ed55947761d56d4c6142a3cb1a1fe69d0b1a6d0e01a2e404c697962623,dfine_native,83100.0,unknown_object,0.3001,7.07,447.85,177.25,523.45,12865.0,170.18,75.59,2.251,False,,True,S-61,16,evt_S-61_desk_work_surface_0003,e1a851f71775b910,pose_hand_context,,44400.6,2.95,,1,cam12/e1/v1,rtmpose_baseline
corpus_03,03.CCTV Mobile Usage.mkv,632de9ed55947761d56d4c6142a3cb1a1fe69d0b1a6d0e01a2e404c697962623,dfine_native,83100.0,unknown_object,0.3761,111.42,456.11,176.96,520.25,4203.4,65.54,64.14,1.022,False,,True,S-61,16,evt_S-61_desk_work_surface_0003,e1a851f71775b910,pose_hand_context,,44400.6,2.95,,1,cam12/e1/v1,rtmpose_baseline
corpus_03,03.CCTV Mobile Usage.mkv,632de9ed55947761d56d4c6142a3cb1a1fe69d0b1a6d0e01a2e404c697962623,dfine_native,102500.0,unknown_object,0.3299,111.28,454.64,177.27,519.56,4284.6,65.99,64.93,1.016,False,,True,S-61,17,evt_S-61_desk_work_surface_0004,c429f65ecea87bb2,pose_hand_context,,31272.4,3.62,,1,cam12/e1/v1,rtmpose_baseline
corpus_03,03.CCTV Mobile Usage.mkv,632de9ed55947761d56d4c6142a3cb1a1fe69d0b1a6d0e01a2e404c697962623,dfine_native,102500.0,monitor_or_bezel,0.2897,816.0,8.3,843.99,44.15,1003.2,27.98,35.85,0.781,False,,True,unattributed,18,evt_S-61_desk_work_surface_0004,d93b48690c9b5016,native_source_context_fallback,wrist_confidence_below_floor,9573.1,6.49,,1,cam12/e1/v1,rtmpose_baseline
corpus_03,03.CCTV Mobile Usage.mkv,632de9ed55947761d56d4c6142a3cb1a1fe69d0b1a6d0e01a2e404c697962623,dfine_native,102500.0,unknown_object,0.2855,854.17,8.38,902.45,49.66,1992.4,48.27,41.27,1.17,False,,True,unattributed,18,evt_S-61_desk_work_surface_0004,d93b48690c9b5016,native_source_context_fallback,wrist_confidence_below_floor,9573.1,6.49,,1,cam12/e1/v1,rtmpose_baseline
corpus_03,03.CCTV Mobile Usage.mkv,632de9ed55947761d56d4c6142a3cb1a1fe69d0b1a6d0e01a2e404c697962623,dfine_native,102500.0,keyboard,0.9188,962.3,451.95,1068.05,491.44,4175.7,105.74,39.49,2.678,False,,True,R-desk,19,evt_S-61_desk_work_surface_0004,f15934d2f04eb552,lap_bag_context,wrist_confidence_below_floor,34560.0,1.33,,1,cam12/e1/v1,rtmpose_baseline
corpus_03,03.CCTV Mobile Usage.mkv,632de9ed55947761d56d4c6142a3cb1a1fe69d0b1a6d0e01a2e404c697962623,dfine_native,102500.0,unknown_object,0.7189,699.88,396.2,847.87,491.77,14144.0,147.99,95.57,1.548,False,,True,R-desk,19,evt_S-61_desk_work_surface_0004,f15934d2f04eb552,lap_bag_context,wrist_confidence_below_floor,34560.0,1.33,,1,cam12/e1/v1,rtmpose_baseline
corpus_03,03.CCTV Mobile Usage.mkv,632de9ed55947761d56d4c6142a3cb1a1fe69d0b1a6d0e01a2e404c697962623,dfine_native,102500.0,monitor_or_bezel,0.7213,1018.99,395.79,1146.17,448.54,6709.0,127.19,52.75,2.411,False,,True,R-desk,19,evt_S-61_desk_work_surface_0004,f15934d2f04eb552,lap_bag_context,wrist_confidence_below_floor,34560.0,1.33,,1,cam12/e1/v1,rtmpose_baseline
corpus_03,03.CCTV Mobile Usage.mkv,632de9ed55947761d56d4c6142a3cb1a1fe69d0b1a6d0e01a2e404c697962623,dfine_native,102500.0,mouse,0.6205,864.69,413.78,891.95,435.07,580.2,27.26,21.28,1.281,False,,True,R-desk,19,evt_S-61_desk_work_surface_0004,f15934d2f04eb552,lap_bag_context,wrist_confidence_below_floor,34560.0,1.33,,1,cam12/e1/v1,rtmpose_baseline
corpus_03,03.CCTV Mobile Usage.mkv,632de9ed55947761d56d4c6142a3cb1a1fe69d0b1a6d0e01a2e404c697962623,dfine_native,102500.0,keyboard,0.5628,802.84,396.3,870.33,420.63,1642.2,67.48,24.34,2.773,False,,True,R-desk,19,evt_S-61_desk_work_surface_0004,f15934d2f04eb552,lap_bag_context,wrist_confidence_below_floor,34560.0,1.33,,1,cam12/e1/v1,rtmpose_baseline
corpus_03,03.CCTV Mobile Usage.mkv,632de9ed55947761d56d4c6142a3cb1a1fe69d0b1a6d0e01a2e404c697962623,dfine_native,102500.0,unknown_object,0.2564,700.05,396.13,773.28,491.94,7015.9,73.23,95.81,0.764,False,,True,R-desk,19,evt_S-61_desk_work_surface_0004,f15934d2f04eb552,lap_bag_context,wrist_confidence_below_floor,34560.0,1.33,,1,cam12/e1/v1,rtmpose_baseline
corpus_03,03.CCTV Mobile Usage.mkv,632de9ed55947761d56d4c6142a3cb1a1fe69d0b1a6d0e01a2e404c697962623,dfine_native,102500.0,monitor_or_bezel,0.3713,880.93,396.16,948.85,452.62,3835.1,67.93,56.46,1.203,False,,True,R-desk,19,evt_S-61_desk_work_surface_0004,f15934d2f04eb552,lap_bag_context,wrist_confidence_below_floor,34560.0,1.33,,1,cam12/e1/v1,rtmpose_baseline
corpus_03,03.CCTV Mobile Usage.mkv,632de9ed55947761d56d4c6142a3cb1a1fe69d0b1a6d0e01a2e404c697962623,dfine_native,102500.0,mouse,0.3886,967.01,398.39,991.79,410.68,304.4,24.78,12.28,2.018,False,,True,R-desk,19,evt_S-61_desk_work_surface_0004,f15934d2f04eb552,lap_bag_context,wrist_confidence_below_floor,34560.0,1.33,,1,cam12/e1/v1,rtmpose_baseline
corpus_03,03.CCTV Mobile Usage.mkv,632de9ed55947761d56d4c6142a3cb1a1fe69d0b1a6d0e01a2e404c697962623,dfine_native,102500.0,unknown_object,0.4015,700.01,396.27,757.47,491.39,5465.0,57.46,95.11,0.604,False,,True,R-desk,19,evt_S-61_desk_work_surface_0004,f15934d2f04eb552,lap_bag_context,wrist_confidence_below_floor,34560.0,1.33,,1,cam12/e1/v1,rtmpose_baseline
corpus_03,03.CCTV Mobile Usage.mkv,632de9ed55947761d56d4c6142a3cb1a1fe69d0b1a6d0e01a2e404c697962623,dfine_native,102500.0,monitor_or_bezel,0.257,1016.36,395.87,1147.74,488.44,12161.6,131.38,92.57,1.419,False,,True,R-desk,19,evt_S-61_desk_work_surface_0004,f15934d2f04eb552,lap_bag_context,wrist_confidence_below_floor,34560.0,1.33,,1,cam12/e1/v1,rtmpose_baseline
corpus_03,03.CCTV Mobile Usage.mkv,632de9ed55947761d56d4c6142a3cb1a1fe69d0b1a6d0e01a2e404c697962623,dfine_native,102500.0,mouse,0.2742,991.54,401.09,1027.99,413.64,457.5,36.44,12.55,2.903,False,,True,R-desk,19,evt_S-61_desk_work_surface_0004,f15934d2f04eb552,lap_bag_context,wrist_confidence_below_floor,34560.0,1.33,,1,cam12/e1/v1,rtmpose_baseline
corpus_03,03.CCTV Mobile Usage.mkv,632de9ed55947761d56d4c6142a3cb1a1fe69d0b1a6d0e01a2e404c697962623,dfine_native,103067.0,monitor_or_bezel,0.4163,486.65,0.07,536.55,32.68,1627.2,49.9,32.61,1.53,False,,True,unattributed,20,evt_S-61_upper_body_0018,1b6ef25c1b1a0d0f,native_source_context_fallback,no_pose_observation,4015.6,8.62,,1,cam12/e1/v1,
corpus_03,03.CCTV Mobile Usage.mkv,632de9ed55947761d56d4c6142a3cb1a1fe69d0b1a6d0e01a2e404c697962623,dfine_native,103067.0,unknown_object,0.5191,478.81,52.04,508.22,84.02,940.7,29.41,31.99,0.919,False,,True,unattributed,20,evt_S-61_upper_body_0018,1b6ef25c1b1a0d0f,native_source_context_fallback,no_pose_observation,4015.6,8.62,,1,cam12/e1/v1,
corpus_03,03.CCTV Mobile Usage.mkv,632de9ed55947761d56d4c6142a3cb1a1fe69d0b1a6d0e01a2e404c697962623,dfine_native,103067.0,unknown_object,0.3013,462.07,56.66,477.8,84.49,437.6,15.72,27.84,0.565,False,,True,unattributed,20,evt_S-61_upper_body_0018,1b6ef25c1b1a0d0f,native_source_context_fallback,no_pose_observation,4015.6,8.62,,1,cam12/e1/v1,
corpus_03,03.CCTV Mobile Usage.mkv,632de9ed55947761d56d4c6142a3cb1a1fe69d0b1a6d0e01a2e404c697962623,dfine_native,103067.0,unknown_object,0.3184,541.57,51.97,557.99,83.53,518.2,16.42,31.56,0.52,False,,True,unattributed,20,evt_S-61_upper_body_0018,1b6ef25c1b1a0d0f,native_source_context_fallback,no_pose_observation,4015.6,8.62,,1,cam12/e1/v1,
corpus_03,03.CCTV Mobile Usage.mkv,632de9ed55947761d56d4c6142a3cb1a1fe69d0b1a6d0e01a2e404c697962623,dfine_native,103067.0,unknown_object,0.2565,478.32,52.11,508.77,95.62,1325.1,30.46,43.51,0.7,False,,True,unattributed,20,evt_S-61_upper_body_0018,1b6ef25c1b1a0d0f,native_source_context_fallback,no_pose_observation,4015.6,8.62,,1,cam12/e1/v1,
corpus_03,03.CCTV Mobile Usage.mkv,632de9ed55947761d56d4c6142a3cb1a1fe69d0b1a6d0e01a2e404c697962623,dfine_native,103067.0,unknown_object,0.3175,486.15,52.31,507.52,83.97,676.6,21.37,31.66,0.675,False,,True,unattributed,20,evt_S-61_upper_body_0018,1b6ef25c1b1a0d0f,native_source_context_fallback,no_pose_observation,4015.6,8.62,,1,cam12/e1/v1,
corpus_03,03.CCTV Mobile Usage.mkv,632de9ed55947761d56d4c6142a3cb1a1fe69d0b1a6d0e01a2e404c697962623,dfine_native,103067.0,unknown_object,0.5145,171.62,394.37,192.18,518.52,2552.1,20.56,124.15,0.166,False,,True,S-61,17,evt_S-61_upper_body_0018,7f7c3ddf9739c48c,pose_hand_context,,37640.3,3.28,,1,cam12/e1/v1,rtmpose_baseline
corpus_03,03.CCTV Mobile Usage.mkv,632de9ed55947761d56d4c6142a3cb1a1fe69d0b1a6d0e01a2e404c697962623,dfine_native,103067.0,unknown_object,0.4556,110.76,454.74,176.99,521.37,4413.1,66.23,66.63,0.994,False,,True,S-61,17,evt_S-61_upper_body_0018,7f7c3ddf9739c48c,pose_hand_context,,37640.3,3.28,,1,cam12/e1/v1,rtmpose_baseline
corpus_03,03.CCTV Mobile Usage.mkv,632de9ed55947761d56d4c6142a3cb1a1fe69d0b1a6d0e01a2e404c697962623,dfine_native,103067.0,monitor_or_bezel,0.4,817.01,8.33,844.13,44.26,974.4,27.12,35.93,0.755,False,,True,unattributed,18,evt_S-61_upper_body_0018,ab6eccf616b714df,native_source_context_fallback,wrist_confidence_below_floor,9521.8,6.46,,1,cam12/e1/v1,rtmpose_baseline
corpus_03,03.CCTV Mobile Usage.mkv,632de9ed55947761d56d4c6142a3cb1a1fe69d0b1a6d0e01a2e404c697962623,dfine_native,103067.0,bag,0.3598,822.43,46.09,913.88,101.44,5062.2,91.46,55.35,1.652,False,,True,unattributed,18,evt_S-61_upper_body_0018,ab6eccf616b714df,native_source_context_fallback,wrist_confidence_below_floor,9521.8,6.46,,1,cam12/e1/v1,rtmpose_baseline
corpus_03,03.CCTV Mobile Usage.mkv,632de9ed55947761d56d4c6142a3cb1a1fe69d0b1a6d0e01a2e404c697962623,dfine_native,103067.0,bag,0.2801,828.18,46.77,914.27,101.41,4703.3,86.08,54.64,1.576,False,,True,unattributed,18,evt_S-61_upper_body_0018,ab6eccf616b714df,native_source_context_fallback,wrist_confidence_below_floor,9521.8,6.46,,1,cam12/e1/v1,rtmpose_baseline
corpus_03,03.CCTV Mobile Usage.mkv,632de9ed55947761d56d4c6142a3cb1a1fe69d0b1a6d0e01a2e404c697962623,dfine_native,103067.0,bag,0.2698,828.45,46.81,914.16,101.12,4654.6,85.7,54.31,1.578,False,,True,unattributed,18,evt_S-61_upper_body_0018,ab6eccf616b714df,native_source_context_fallback,wrist_confidence_below_floor,9521.8,6.46,,1,cam12/e1/v1,rtmpose_baseline
corpus_03,03.CCTV Mobile Usage.mkv,632de9ed55947761d56d4c6142a3cb1a1fe69d0b1a6d0e01a2e404c697962623,dfine_native,103500.0,monitor_or_bezel,0.4634,816.01,8.02,844.11,44.37,1021.6,28.11,36.35,0.773,False,,True,unattributed,18,evt_S-61_desk_work_surface_0004,1d8ae10ec47cb224,native_source_context_fallback,wrist_confidence_below_floor,9323.6,6.6,,1,cam12/e1/v1,rtmpose_baseline
corpus_03,03.CCTV Mobile Usage.mkv,632de9ed55947761d56d4c6142a3cb1a1fe69d0b1a6d0e01a2e404c697962623,dfine_native,103500.0,bag,0.2513,827.19,46.93,912.45,100.74,4588.2,85.26,53.81,1.584,False,,True,unattributed,18,evt_S-61_desk_work_surface_0004,1d8ae10ec47cb224,native_source_context_fallback,wrist_confidence_below_floor,9323.6,6.6,,1,cam12/e1/v1,rtmpose_baseline
corpus_03,03.CCTV Mobile Usage.mkv,632de9ed55947761d56d4c6142a3cb1a1fe69d0b1a6d0e01a2e404c697962623,dfine_native,103500.0,keyboard,0.918,962.29,451.95,1068.04,491.44,4176.7,105.75,39.5,2.678,False,,True,R-desk,21,evt_S-61_desk_work_surface_0004,21618b8f2530ce00,lap_bag_context,no_pose_observation,34560.0,1.33,,1,cam12/e1/v1,
corpus_03,03.CCTV Mobile Usage.mkv,632de9ed55947761d56d4c6142a3cb1a1fe69d0b1a6d0e01a2e404c697962623,dfine_native,103500.0,unknown_object,0.7156,699.87,396.2,848.57,491.79,14213.2,148.69,95.59,1.556,False,,True,R-desk,21,evt_S-61_desk_work_surface_0004,21618b8f2530ce00,lap_bag_context,no_pose_observation,34560.0,1.33,,1,cam12/e1/v1,
corpus_03,03.CCTV Mobile Usage.mkv,632de9ed55947761d56d4c6142a3cb1a1fe69d0b1a6d0e01a2e404c697962623,dfine_native,103500.0,monitor_or_bezel,0.7131,1018.97,395.76,1146.12,448.52,6707.4,127.14,52.75,2.41,False,,True,R-desk,21,evt_S-61_desk_work_surface_0004,21618b8f2530ce00,lap_bag_context,no_pose_observation,34560.0,1.33,,1,cam12/e1/v1,
corpus_03,03.CCTV Mobile Usage.mkv,632de9ed55947761d56d4c6142a3cb1a1fe69d0b1a6d0e01a2e404c697962623,dfine_native,103500.0,mouse,0.6126,864.7,413.78,891.99,435.09,581.5,27.29,21.31,1.281,False,,True,R-desk,21,evt_S-61_desk_work_surface_0004,21618b8f2530ce00,lap_bag_context,no_pose_observation,34560.0,1.33,,1,cam12/e1/v1,
corpus_03,03.CCTV Mobile Usage.mkv,632de9ed55947761d56d4c6142a3cb1a1fe69d0b1a6d0e01a2e404c697962623,dfine_native,103500.0,keyboard,0.555,802.84,396.3,870.32,420.63,1642.2,67.48,24.33,2.773,False,,True,R-desk,21,evt_S-61_desk_work_surface_0004,21618b8f2530ce00,lap_bag_context,no_pose_observation,34560.0,1.33,,1,cam12/e1/v1,
corpus_03,03.CCTV Mobile Usage.mkv,632de9ed55947761d56d4c6142a3cb1a1fe69d0b1a6d0e01a2e404c697962623,dfine_native,103500.0,unknown_object,0.2635,700.06,396.11,772.48,491.92,6938.8,72.42,95.81,0.756,False,,True,R-desk,21,evt_S-61_desk_work_surface_0004,21618b8f2530ce00,lap_bag_context,no_pose_observation,34560.0,1.33,,1,cam12/e1/v1,
corpus_03,03.CCTV Mobile Usage.mkv,632de9ed55947761d56d4c6142a3cb1a1fe69d0b1a6d0e01a2e404c697962623,dfine_native,103500.0,monitor_or_bezel,0.3643,880.9,396.16,948.81,452.62,3834.4,67.91,56.46,1.203,False,,True,R-desk,21,evt_S-61_desk_work_surface_0004,21618b8f2530ce00,lap_bag_context,no_pose_observation,34560.0,1.33,,1,cam12/e1/v1,
corpus_03,03.CCTV Mobile Usage.mkv,632de9ed55947761d56d4c6142a3cb1a1fe69d0b1a6d0e01a2e404c697962623,dfine_native,103500.0,mouse,0.3808,967.04,398.39,991.85,410.66,304.5,24.81,12.27,2.022,False,,True,R-desk,21,evt_S-61_desk_work_surface_0004,21618b8f2530ce00,lap_bag_context,no_pose_observation,34560.0,1.33,,1,cam12/e1/v1,
corpus_03,03.CCTV Mobile Usage.mkv,632de9ed55947761d56d4c6142a3cb1a1fe69d0b1a6d0e01a2e404c697962623,dfine_native,103500.0,unknown_object,0.4008,700.01,396.26,757.46,491.38,5464.3,57.45,95.12,0.604,False,,True,R-desk,21,evt_S-61_desk_work_surface_0004,21618b8f2530ce00,lap_bag_context,no_pose_observation,34560.0,1.33,,1,cam12/e1/v1,
corpus_03,03.CCTV Mobile Usage.mkv,632de9ed55947761d56d4c6142a3cb1a1fe69d0b1a6d0e01a2e404c697962623,dfine_native,103500.0,monitor_or_bezel,0.266,1016.72,395.84,1147.73,488.67,12161.4,131.01,92.83,1.411,False,,True,R-desk,21,evt_S-61_desk_work_surface_0004,21618b8f2530ce00,lap_bag_context,no_pose_observation,34560.0,1.33,,1,cam12/e1/v1,
corpus_03,03.CCTV Mobile Usage.mkv,632de9ed55947761d56d4c6142a3cb1a1fe69d0b1a6d0e01a2e404c697962623,dfine_native,103500.0,mouse,0.2741,991.54,401.11,1028.1,413.65,458.7,36.56,12.55,2.913,False,,True,R-desk,21,evt_S-61_desk_work_surface_0004,21618b8f2530ce00,lap_bag_context,no_pose_observation,34560.0,1.33,,1,cam12/e1/v1,
corpus_03,03.CCTV Mobile Usage.mkv,632de9ed55947761d56d4c6142a3cb1a1fe69d0b1a6d0e01a2e404c697962623,dfine_native,103500.0,unknown_object,0.6907,171.35,397.29,190.31,513.02,2193.6,18.95,115.73,0.164,False,,True,S-61,17,evt_S-61_desk_work_surface_0004,37282cdd2ce70388,pose_hand_context,,36288.3,3.36,,1,cam12/e1/v1,rtmpose_baseline
corpus_03,03.CCTV Mobile Usage.mkv,632de9ed55947761d56d4c6142a3cb1a1fe69d0b1a6d0e01a2e404c697962623,dfine_native,103500.0,unknown_object,0.3583,102.94,454.24,177.19,521.27,4977.3,74.25,67.03,1.108,False,,True,S-61,17,evt_S-61_desk_work_surface_0004,37282cdd2ce70388,pose_hand_context,,36288.3,3.36,,1,cam12/e1/v1,rtmpose_baseline
corpus_03,03.CCTV Mobile Usage.mkv,632de9ed55947761d56d4c6142a3cb1a1fe69d0b1a6d0e01a2e404c697962623,dfine_native,103500.0,unknown_object,0.3124,110.97,454.7,176.94,520.27,4325.7,65.97,65.57,1.006,False,,True,S-61,17,evt_S-61_desk_work_surface_0004,37282cdd2ce70388,pose_hand_context,,36288.3,3.36,,1,cam12/e1/v1,rtmpose_baseline
corpus_03,03.CCTV Mobile Usage.mkv,632de9ed55947761d56d4c6142a3cb1a1fe69d0b1a6d0e01a2e404c697962623,dfine_native,103500.0,unknown_object,0.3643,89.89,453.29,177.36,521.97,6007.2,87.47,68.68,1.274,False,,True,S-61,17,evt_S-61_desk_work_surface_0004,37282cdd2ce70388,pose_hand_context,,36288.3,3.36,,1,cam12/e1/v1,rtmpose_baseline
corpus_03,03.CCTV Mobile Usage.mkv,632de9ed55947761d56d4c6142a3cb1a1fe69d0b1a6d0e01a2e404c697962623,dfine_native,104067.0,keyboard,0.9169,962.28,451.95,1068.03,491.44,4176.6,105.75,39.5,2.678,False,,True,R-desk,22,evt_S-61_upper_body_0018,106fe20c61c64386,lap_bag_context,no_pose_observation,34560.0,1.33,,1,cam12/e1/v1,
corpus_03,03.CCTV Mobile Usage.mkv,632de9ed55947761d56d4c6142a3cb1a1fe69d0b1a6d0e01a2e404c697962623,dfine_native,104067.0,unknown_object,0.7169,699.87,396.2,848.57,491.79,14213.2,148.7,95.58,1.556,False,,True,R-desk,22,evt_S-61_upper_body_0018,106fe20c61c64386,lap_bag_context,no_pose_observation,34560.0,1.33,,1,cam12/e1/v1,
corpus_03,03.CCTV Mobile Usage.mkv,632de9ed55947761d56d4c6142a3cb1a1fe69d0b1a6d0e01a2e404c697962623,dfine_native,104067.0,monitor_or_bezel,0.7088,1018.98,395.77,1146.16,448.53,6710.8,127.19,52.76,2.411,False,,True,R-desk,22,evt_S-61_upper_body_0018,106fe20c61c64386,lap_bag_context,no_pose_observation,34560.0,1.33,,1,cam12/e1/v1,
corpus_03,03.CCTV Mobile Usage.mkv,632de9ed55947761d56d4c6142a3cb1a1fe69d0b1a6d0e01a2e404c697962623,dfine_native,104067.0,mouse,0.6124,864.7,413.78,891.99,435.09,581.7,27.3,21.31,1.281,False,,True,R-desk,22,evt_S-61_upper_body_0018,106fe20c61c64386,lap_bag_context,no_pose_observation,34560.0,1.33,,1,cam12/e1/v1,
corpus_03,03.CCTV Mobile Usage.mkv,632de9ed55947761d56d4c6142a3cb1a1fe69d0b1a6d0e01a2e404c697962623,dfine_native,104067.0,keyboard,0.5548,802.84,396.3,870.33,420.63,1642.4,67.49,24.34,2.773,False,,True,R-desk,22,evt_S-61_upper_body_0018,106fe20c61c64386,lap_bag_context,no_pose_observation,34560.0,1.33,,1,cam12/e1/v1,
corpus_03,03.CCTV Mobile Usage.mkv,632de9ed55947761d56d4c6142a3cb1a1fe69d0b1a6d0e01a2e404c697962623,dfine_native,104067.0,unknown_object,0.2637,700.06,396.12,772.49,491.91,6938.3,72.43,95.8,0.756,False,,True,R-desk,22,evt_S-61_upper_body_0018,106fe20c61c64386,lap_bag_context,no_pose_observation,34560.0,1.33,,1,cam12/e1/v1,
corpus_03,03.CCTV Mobile Usage.mkv,632de9ed55947761d56d4c6142a3cb1a1fe69d0b1a6d0e01a2e404c697962623,dfine_native,104067.0,monitor_or_bezel,0.3664,880.89,396.16,948.81,452.62,3834.7,67.92,56.46,1.203,False,,True,R-desk,22,evt_S-61_upper_body_0018,106fe20c61c64386,lap_bag_context,no_pose_observation,34560.0,1.33,,1,cam12/e1/v1,
corpus_03,03.CCTV Mobile Usage.mkv,632de9ed55947761d56d4c6142a3cb1a1fe69d0b1a6d0e01a2e404c697962623,dfine_native,104067.0,mouse,0.378,967.04,398.39,991.84,410.66,304.3,24.8,12.27,2.021,False,,True,R-desk,22,evt_S-61_upper_body_0018,106fe20c61c64386,lap_bag_context,no_pose_observation,34560.0,1.33,,1,cam12/e1/v1,
corpus_03,03.CCTV Mobile Usage.mkv,632de9ed55947761d56d4c6142a3cb1a1fe69d0b1a6d0e01a2e404c697962623,dfine_native,104067.0,unknown_object,0.4026,700.01,396.27,757.46,491.38,5464.1,57.45,95.12,0.604,False,,True,R-desk,22,evt_S-61_upper_body_0018,106fe20c61c64386,lap_bag_context,no_pose_observation,34560.0,1.33,,1,cam12/e1/v1,
corpus_03,03.CCTV Mobile Usage.mkv,632de9ed55947761d56d4c6142a3cb1a1fe69d0b1a6d0e01a2e404c697962623,dfine_native,104067.0,monitor_or_bezel,0.268,1016.78,395.87,1147.64,488.61,12135.6,130.86,92.74,1.411,False,,True,R-desk,22,evt_S-61_upper_body_0018,106fe20c61c64386,lap_bag_context,no_pose_observation,34560.0,1.33,,1,cam12/e1/v1,
corpus_03,03.CCTV Mobile Usage.mkv,632de9ed55947761d56d4c6142a3cb1a1fe69d0b1a6d0e01a2e404c697962623,dfine_native,104067.0,mouse,0.2747,991.52,401.12,1028.12,413.65,458.7,36.6,12.53,2.92,False,,True,R-desk,22,evt_S-61_upper_body_0018,106fe20c61c64386,lap_bag_context,no_pose_observation,34560.0,1.33,,1,cam12/e1/v1,
corpus_03,03.CCTV Mobile Usage.mkv,632de9ed55947761d56d4c6142a3cb1a1fe69d0b1a6d0e01a2e404c697962623,dfine_native,104067.0,keyboard,0.9169,962.28,451.95,1068.03,491.44,4176.6,105.75,39.5,2.678,False,,True,R-desk,21,evt_S-61_upper_body_0018,106fe20c61c64386,lap_bag_context,no_pose_observation,34560.0,1.33,,1,cam12/e1/v1,
corpus_03,03.CCTV Mobile Usage.mkv,632de9ed55947761d56d4c6142a3cb1a1fe69d0b1a6d0e01a2e404c697962623,dfine_native,104067.0,unknown_object,0.7169,699.87,396.2,848.57,491.79,14213.2,148.7,95.58,1.556,False,,True,R-desk,21,evt_S-61_upper_body_0018,106fe20c61c64386,lap_bag_context,no_pose_observation,34560.0,1.33,,1,cam12/e1/v1,
corpus_03,03.CCTV Mobile Usage.mkv,632de9ed55947761d56d4c6142a3cb1a1fe69d0b1a6d0e01a2e404c697962623,dfine_native,104067.0,monitor_or_bezel,0.7088,1018.98,395.77,1146.16,448.53,6710.8,127.19,52.76,2.411,False,,True,R-desk,21,evt_S-61_upper_body_0018,106fe20c61c64386,lap_bag_context,no_pose_observation,34560.0,1.33,,1,cam12/e1/v1,
corpus_03,03.CCTV Mobile Usage.mkv,632de9ed55947761d56d4c6142a3cb1a1fe69d0b1a6d0e01a2e404c697962623,dfine_native,104067.0,mouse,0.6124,864.7,413.78,891.99,435.09,581.7,27.3,21.31,1.281,False,,True,R-desk,21,evt_S-61_upper_body_0018,106fe20c61c64386,lap_bag_context,no_pose_observation,34560.0,1.33,,1,cam12/e1/v1,
corpus_03,03.CCTV Mobile Usage.mkv,632de9ed55947761d56d4c6142a3cb1a1fe69d0b1a6d0e01a2e404c697962623,dfine_native,104067.0,keyboard,0.5548,802.84,396.3,870.33,420.63,1642.4,67.49,24.34,2.773,False,,True,R-desk,21,evt_S-61_upper_body_0018,106fe20c61c64386,lap_bag_context,no_pose_observation,34560.0,1.33,,1,cam12/e1/v1,
corpus_03,03.CCTV Mobile Usage.mkv,632de9ed55947761d56d4c6142a3cb1a1fe69d0b1a6d0e01a2e404c697962623,dfine_native,104067.0,unknown_object,0.2637,700.06,396.12,772.49,491.91,6938.3,72.43,95.8,0.756,False,,True,R-desk,21,evt_S-61_upper_body_0018,106fe20c61c64386,lap_bag_context,no_pose_observation,34560.0,1.33,,1,cam12/e1/v1,
corpus_03,03.CCTV Mobile Usage.mkv,632de9ed55947761d56d4c6142a3cb1a1fe69d0b1a6d0e01a2e404c697962623,dfine_native,104067.0,monitor_or_bezel,0.3664,880.89,396.16,948.81,452.62,3834.7,67.92,56.46,1.203,False,,True,R-desk,21,evt_S-61_upper_body_0018,106fe20c61c64386,lap_bag_context,no_pose_observation,34560.0,1.33,,1,cam12/e1/v1,
corpus_03,03.CCTV Mobile Usage.mkv,632de9ed55947761d56d4c6142a3cb1a1fe69d0b1a6d0e01a2e404c697962623,dfine_native,104067.0,mouse,0.378,967.04,398.39,991.84,410.66,304.3,24.8,12.27,2.021,False,,True,R-desk,21,evt_S-61_upper_body_0018,106fe20c61c64386,lap_bag_context,no_pose_observation,34560.0,1.33,,1,cam12/e1/v1,
corpus_03,03.CCTV Mobile Usage.mkv,632de9ed55947761d56d4c6142a3cb1a1fe69d0b1a6d0e01a2e404c697962623,dfine_native,104067.0,unknown_object,0.4026,700.01,396.27,757.46,491.38,5464.1,57.45,95.12,0.604,False,,True,R-desk,21,evt_S-61_upper_body_0018,106fe20c61c64386,lap_bag_context,no_pose_observation,34560.0,1.33,,1,cam12/e1/v1,
corpus_03,03.CCTV Mobile Usage.mkv,632de9ed55947761d56d4c6142a3cb1a1fe69d0b1a6d0e01a2e404c697962623,dfine_native,104067.0,monitor_or_bezel,0.268,1016.78,395.87,1147.64,488.61,12135.6,130.86,92.74,1.411,False,,True,R-desk,21,evt_S-61_upper_body_0018,106fe20c61c64386,lap_bag_context,no_pose_observation,34560.0,1.33,,1,cam12/e1/v1,
corpus_03,03.CCTV Mobile Usage.mkv,632de9ed55947761d56d4c6142a3cb1a1fe69d0b1a6d0e01a2e404c697962623,dfine_native,104067.0,mouse,0.2747,991.52,401.12,1028.12,413.65,458.7,36.6,12.53,2.92,False,,True,R-desk,21,evt_S-61_upper_body_0018,106fe20c61c64386,lap_bag_context,no_pose_observation,34560.0,1.33,,1,cam12/e1/v1,
corpus_03,03.CCTV Mobile Usage.mkv,632de9ed55947761d56d4c6142a3cb1a1fe69d0b1a6d0e01a2e404c697962623,dfine_native,104067.0,monitor_or_bezel,0.4426,817.02,8.01,844.23,44.37,989.1,27.2,36.36,0.748,False,,True,unattributed,18,evt_S-61_upper_body_0018,803a895752aa8ab0,native_source_context_fallback,wrist_confidence_below_floor,9340.2,6.61,,1,cam12/e1/v1,rtmpose_baseline
corpus_03,03.CCTV Mobile Usage.mkv,632de9ed55947761d56d4c6142a3cb1a1fe69d0b1a6d0e01a2e404c697962623,dfine_native,104067.0,unknown_object,0.2644,830.77,84.82,913.88,103.84,1580.6,83.11,19.02,4.37,False,,True,unattributed,18,evt_S-61_upper_body_0018,803a895752aa8ab0,native_source_context_fallback,wrist_confidence_below_floor,9340.2,6.61,,1,cam12/e1/v1,rtmpose_baseline
corpus_03,03.CCTV Mobile Usage.mkv,632de9ed55947761d56d4c6142a3cb1a1fe69d0b1a6d0e01a2e404c697962623,dfine_native,104067.0,unknown_object,0.3028,-0.47,338.32,186.68,535.03,36814.8,187.15,196.71,0.951,False,,True,S-61,17,evt_S-61_upper_body_0018,c23c170093e5b93f,pose_hand_context,,38602.3,3.23,,1,cam12/e1/v1,rtmpose_baseline
corpus_03,03.CCTV Mobile Usage.mkv,632de9ed55947761d56d4c6142a3cb1a1fe69d0b1a6d0e01a2e404c697962623,dfine_native,104500.0,unknown_object,0.3323,115.0,503.39,284.72,678.34,29693.7,169.73,174.95,0.97,False,,True,S-61,17,evt_S-61_desk_work_surface_0004,11a84f3ed4dbc72d,pose_hand_context,,58341.6,2.65,,1,cam12/e1/v1,rtmpose_baseline
corpus_03,03.CCTV Mobile Usage.mkv,632de9ed55947761d56d4c6142a3cb1a1fe69d0b1a6d0e01a2e404c697962623,dfine_native,104500.0,mouse,0.3677,115.46,649.2,156.81,679.94,1271.1,41.35,30.74,1.345,False,,True,S-61,17,evt_S-61_desk_work_surface_0004,11a84f3ed4dbc72d,pose_hand_context,,58341.6,2.65,,1,cam12/e1/v1,rtmpose_baseline
corpus_03,03.CCTV Mobile Usage.mkv,632de9ed55947761d56d4c6142a3cb1a1fe69d0b1a6d0e01a2e404c697962623,dfine_native,104500.0,unknown_object,0.2954,245.24,556.85,355.76,678.63,13458.7,110.52,121.78,0.907,False,,True,S-61,17,evt_S-61_desk_work_surface_0004,11a84f3ed4dbc72d,pose_hand_context,,58341.6,2.65,,1,cam12/e1/v1,rtmpose_baseline
corpus_03,03.CCTV Mobile Usage.mkv,632de9ed55947761d56d4c6142a3cb1a1fe69d0b1a6d0e01a2e404c697962623,dfine_native,104500.0,unknown_object,0.277,115.11,454.71,211.55,564.75,10612.0,96.44,110.04,0.876,False,,True,S-61,17,evt_S-61_desk_work_surface_0004,11a84f3ed4dbc72d,pose_hand_context,,58341.6,2.65,,1,cam12/e1/v1,rtmpose_baseline
corpus_03,03.CCTV Mobile Usage.mkv,632de9ed55947761d56d4c6142a3cb1a1fe69d0b1a6d0e01a2e404c697962623,dfine_native,104500.0,unknown_object,0.2553,114.98,455.15,177.88,522.2,4217.4,62.9,67.05,0.938,False,,True,S-61,17,evt_S-61_desk_work_surface_0004,11a84f3ed4dbc72d,pose_hand_context,,58341.6,2.65,,1,cam12/e1/v1,rtmpose_baseline
corpus_03,03.CCTV Mobile Usage.mkv,632de9ed55947761d56d4c6142a3cb1a1fe69d0b1a6d0e01a2e404c697962623,dfine_native,104500.0,monitor_or_bezel,0.5251,816.03,8.07,843.97,44.72,1024.1,27.94,36.65,0.762,False,,True,unattributed,18,evt_S-61_desk_work_surface_0004,394db3e8861080b1,native_source_context_fallback,wrist_confidence_below_floor,9542.4,6.55,,1,cam12/e1/v1,rtmpose_baseline
corpus_03,03.CCTV Mobile Usage.mkv,632de9ed55947761d56d4c6142a3cb1a1fe69d0b1a6d0e01a2e404c697962623,dfine_native,104500.0,phone,0.2781,847.66,83.12,859.86,87.09,48.5,12.2,3.97,3.071,True,object footprint 48 px is under the 120 px floor for a call,False,unattributed,18,evt_S-61_desk_work_surface_0004,394db3e8861080b1,native_source_context_fallback,wrist_confidence_below_floor,9542.4,6.55,,1,cam12/e1/v1,rtmpose_baseline
corpus_03,03.CCTV Mobile Usage.mkv,632de9ed55947761d56d4c6142a3cb1a1fe69d0b1a6d0e01a2e404c697962623,dfine_native,104500.0,keyboard,0.9115,962.23,451.9,1067.99,491.47,4185.0,105.76,39.57,2.673,False,,True,R-desk,22,evt_S-61_desk_work_surface_0004,e9011dbea08156df,lap_bag_context,no_pose_observation,34560.0,1.33,,1,cam12/e1/v1,
corpus_03,03.CCTV Mobile Usage.mkv,632de9ed55947761d56d4c6142a3cb1a1fe69d0b1a6d0e01a2e404c697962623,dfine_native,104500.0,unknown_object,0.7167,699.91,396.21,848.01,492.02,14190.0,148.11,95.81,1.546,False,,True,R-desk,22,evt_S-61_desk_work_surface_0004,e9011dbea08156df,lap_bag_context,no_pose_observation,34560.0,1.33,,1,cam12/e1/v1,
corpus_03,03.CCTV Mobile Usage.mkv,632de9ed55947761d56d4c6142a3cb1a1fe69d0b1a6d0e01a2e404c697962623,dfine_native,104500.0,monitor_or_bezel,0.7261,1018.62,395.7,1146.02,448.32,6703.7,127.4,52.62,2.421,False,,True,R-desk,22,evt_S-61_desk_work_surface_0004,e9011dbea08156df,lap_bag_context,no_pose_observation,34560.0,1.33,,1,cam12/e1/v1,
corpus_03,03.CCTV Mobile Usage.mkv,632de9ed55947761d56d4c6142a3cb1a1fe69d0b1a6d0e01a2e404c697962623,dfine_native,104500.0,keyboard,0.5058,802.77,396.29,870.37,420.63,1646.0,67.6,24.35,2.777,False,,True,R-desk,22,evt_S-61_desk_work_surface_0004,e9011dbea08156df,lap_bag_context,no_pose_observation,34560.0,1.33,,1,cam12/e1/v1,
corpus_03,03.CCTV Mobile Usage.mkv,632de9ed55947761d56d4c6142a3cb1a1fe69d0b1a6d0e01a2e404c697962623,dfine_native,104500.0,mouse,0.6152,864.53,413.73,891.88,435.29,589.7,27.36,21.56,1.269,False,,True,R-desk,22,evt_S-61_desk_work_surface_0004,e9011dbea08156df,lap_bag_context,no_pose_observation,34560.0,1.33,,1,cam12/e1/v1,
corpus_03,03.CCTV Mobile Usage.mkv,632de9ed55947761d56d4c6142a3cb1a1fe69d0b1a6d0e01a2e404c697962623,dfine_native,104500.0,monitor_or_bezel,0.2588,1012.45,395.59,1147.5,487.69,12438.0,135.06,92.09,1.467,False,,True,R-desk,22,evt_S-61_desk_work_surface_0004,e9011dbea08156df,lap_bag_context,no_pose_observation,34560.0,1.33,,1,cam12/e1/v1,
corpus_03,03.CCTV Mobile Usage.mkv,632de9ed55947761d56d4c6142a3cb1a1fe69d0b1a6d0e01a2e404c697962623,dfine_native,104500.0,unknown_object,0.4238,700.04,396.2,760.48,491.67,5769.9,60.44,95.47,0.633,False,,True,R-desk,22,evt_S-61_desk_work_surface_0004,e9011dbea08156df,lap_bag_context,no_pose_observation,34560.0,1.33,,1,cam12/e1/v1,
corpus_03,03.CCTV Mobile Usage.mkv,632de9ed55947761d56d4c6142a3cb1a1fe69d0b1a6d0e01a2e404c697962623,dfine_native,104500.0,monitor_or_bezel,0.316,881.23,396.15,949.07,452.7,3836.2,67.84,56.55,1.2,False,,True,R-desk,22,evt_S-61_desk_work_surface_0004,e9011dbea08156df,lap_bag_context,no_pose_observation,34560.0,1.33,,1,cam12/e1/v1,
corpus_03,03.CCTV Mobile Usage.mkv,632de9ed55947761d56d4c6142a3cb1a1fe69d0b1a6d0e01a2e404c697962623,dfine_native,104500.0,mouse,0.3672,967.05,398.43,991.94,410.69,305.1,24.89,12.26,2.03,False,,True,R-desk,22,evt_S-61_desk_work_surface_0004,e9011dbea08156df,lap_bag_context,no_pose_observation,34560.0,1.33,,1,cam12/e1/v1,
corpus_03,03.CCTV Mobile Usage.mkv,632de9ed55947761d56d4c6142a3cb1a1fe69d0b1a6d0e01a2e404c697962623,dfine_native,104500.0,keyboard,0.9115,962.23,451.9,1067.99,491.47,4185.0,105.76,39.57,2.673,False,,True,R-desk,21,evt_S-61_desk_work_surface_0004,e9011dbea08156df,lap_bag_context,no_pose_observation,34560.0,1.33,,1,cam12/e1/v1,
corpus_03,03.CCTV Mobile Usage.mkv,632de9ed55947761d56d4c6142a3cb1a1fe69d0b1a6d0e01a2e404c697962623,dfine_native,104500.0,unknown_object,0.7167,699.91,396.21,848.01,492.02,14190.0,148.11,95.81,1.546,False,,True,R-desk,21,evt_S-61_desk_work_surface_0004,e9011dbea08156df,lap_bag_context,no_pose_observation,34560.0,1.33,,1,cam12/e1/v1,
corpus_03,03.CCTV Mobile Usage.mkv,632de9ed55947761d56d4c6142a3cb1a1fe69d0b1a6d0e01a2e404c697962623,dfine_native,104500.0,monitor_or_bezel,0.7261,1018.62,395.7,1146.02,448.32,6703.7,127.4,52.62,2.421,False,,True,R-desk,21,evt_S-61_desk_work_surface_0004,e9011dbea08156df,lap_bag_context,no_pose_observation,34560.0,1.33,,1,cam12/e1/v1,
corpus_03,03.CCTV Mobile Usage.mkv,632de9ed55947761d56d4c6142a3cb1a1fe69d0b1a6d0e01a2e404c697962623,dfine_native,104500.0,keyboard,0.5058,802.77,396.29,870.37,420.63,1646.0,67.6,24.35,2.777,False,,True,R-desk,21,evt_S-61_desk_work_surface_0004,e9011dbea08156df,lap_bag_context,no_pose_observation,34560.0,1.33,,1,cam12/e1/v1,
corpus_03,03.CCTV Mobile Usage.mkv,632de9ed55947761d56d4c6142a3cb1a1fe69d0b1a6d0e01a2e404c697962623,dfine_native,104500.0,mouse,0.6152,864.53,413.73,891.88,435.29,589.7,27.36,21.56,1.269,False,,True,R-desk,21,evt_S-61_desk_work_surface_0004,e9011dbea08156df,lap_bag_context,no_pose_observation,34560.0,1.33,,1,cam12/e1/v1,
corpus_03,03.CCTV Mobile Usage.mkv,632de9ed55947761d56d4c6142a3cb1a1fe69d0b1a6d0e01a2e404c697962623,dfine_native,104500.0,monitor_or_bezel,0.2588,1012.45,395.59,1147.5,487.69,12438.0,135.06,92.09,1.467,False,,True,R-desk,21,evt_S-61_desk_work_surface_0004,e9011dbea08156df,lap_bag_context,no_pose_observation,34560.0,1.33,,1,cam12/e1/v1,
corpus_03,03.CCTV Mobile Usage.mkv,632de9ed55947761d56d4c6142a3cb1a1fe69d0b1a6d0e01a2e404c697962623,dfine_native,104500.0,unknown_object,0.4238,700.04,396.2,760.48,491.67,5769.9,60.44,95.47,0.633,False,,True,R-desk,21,evt_S-61_desk_work_surface_0004,e9011dbea08156df,lap_bag_context,no_pose_observation,34560.0,1.33,,1,cam12/e1/v1,
corpus_03,03.CCTV Mobile Usage.mkv,632de9ed55947761d56d4c6142a3cb1a1fe69d0b1a6d0e01a2e404c697962623,dfine_native,104500.0,monitor_or_bezel,0.316,881.23,396.15,949.07,452.7,3836.2,67.84,56.55,1.2,False,,True,R-desk,21,evt_S-61_desk_work_surface_0004,e9011dbea08156df,lap_bag_context,no_pose_observation,34560.0,1.33,,1,cam12/e1/v1,
corpus_03,03.CCTV Mobile Usage.mkv,632de9ed55947761d56d4c6142a3cb1a1fe69d0b1a6d0e01a2e404c697962623,dfine_native,104500.0,mouse,0.3672,967.05,398.43,991.94,410.69,305.1,24.89,12.26,2.03,False,,True,R-desk,21,evt_S-61_desk_work_surface_0004,e9011dbea08156df,lap_bag_context,no_pose_observation,34560.0,1.33,,1,cam12/e1/v1,
corpus_03,03.CCTV Mobile Usage.mkv,632de9ed55947761d56d4c6142a3cb1a1fe69d0b1a6d0e01a2e404c697962623,dfine_native,104500.0,unknown_object,0.6148,541.72,51.53,574.3,87.25,1163.8,32.58,35.72,0.912,False,,True,unattributed,23,evt_S-61_desk_work_surface_0004,fd9e993113506b6c,native_source_context_fallback,no_pose_observation,6818.0,7.42,,1,cam12/e1/v1,
corpus_03,03.CCTV Mobile Usage.mkv,632de9ed55947761d56d4c6142a3cb1a1fe69d0b1a6d0e01a2e404c697962623,dfine_native,104500.0,unknown_object,0.2864,497.07,49.93,592.85,95.64,4378.2,95.78,45.71,2.095,False,,True,unattributed,23,evt_S-61_desk_work_surface_0004,fd9e993113506b6c,native_source_context_fallback,no_pose_observation,6818.0,7.42,,1,cam12/e1/v1,
corpus_03,03.CCTV Mobile Usage.mkv,632de9ed55947761d56d4c6142a3cb1a1fe69d0b1a6d0e01a2e404c697962623,dfine_native,104500.0,unknown_object,0.2882,542.3,52.39,573.49,83.96,984.9,31.19,31.57,0.988,False,,True,unattributed,23,evt_S-61_desk_work_surface_0004,fd9e993113506b6c,native_source_context_fallback,no_pose_observation,6818.0,7.42,,1,cam12/e1/v1,
corpus_03,03.CCTV Mobile Usage.mkv,632de9ed55947761d56d4c6142a3cb1a1fe69d0b1a6d0e01a2e404c697962623,dfine_native,104500.0,unknown_object,0.2515,497.09,72.36,592.83,95.85,2248.9,95.74,23.49,4.076,False,,True,unattributed,23,evt_S-61_desk_work_surface_0004,fd9e993113506b6c,native_source_context_fallback,no_pose_observation,6818.0,7.42,,1,cam12/e1/v1,
corpus_03,03.CCTV Mobile Usage.mkv,632de9ed55947761d56d4c6142a3cb1a1fe69d0b1a6d0e01a2e404c697962623,dfine_native,105067.0,unknown_object,0.5918,541.34,51.65,574.03,88.53,1205.9,32.69,36.88,0.886,False,,True,unattributed,23,evt_S-61_upper_body_0018,698dd9f920e21e66,native_source_context_fallback,no_pose_observation,6553.0,6.79,,1,cam12/e1/v1,
corpus_03,03.CCTV Mobile Usage.mkv,632de9ed55947761d56d4c6142a3cb1a1fe69d0b1a6d0e01a2e404c697962623,dfine_native,105067.0,unknown_object,0.2795,539.05,0.45,608.36,94.13,6492.1,69.3,93.68,0.74,False,,True,unattributed,23,evt_S-61_upper_body_0018,698dd9f920e21e66,native_source_context_fallback,no_pose_observation,6553.0,6.79,,1,cam12/e1/v1,
corpus_03,03.CCTV Mobile Usage.mkv,632de9ed55947761d56d4c6142a3cb1a1fe69d0b1a6d0e01a2e404c697962623,dfine_native,105067.0,unknown_object,0.3017,573.36,51.97,606.43,85.38,1104.8,33.07,33.41,0.99,False,,True,unattributed,23,evt_S-61_upper_body_0018,698dd9f920e21e66,native_source_context_fallback,no_pose_observation,6553.0,6.79,,1,cam12/e1/v1,
corpus_03,03.CCTV Mobile Usage.mkv,632de9ed55947761d56d4c6142a3cb1a1fe69d0b1a6d0e01a2e404c697962623,dfine_native,105067.0,unknown_object,0.2842,535.72,51.23,574.43,89.21,1470.2,38.71,37.98,1.019,False,,True,unattributed,23,evt_S-61_upper_body_0018,698dd9f920e21e66,native_source_context_fallback,no_pose_observation,6553.0,6.79,,1,cam12/e1/v1,
corpus_03,03.CCTV Mobile Usage.mkv,632de9ed55947761d56d4c6142a3cb1a1fe69d0b1a6d0e01a2e404c697962623,dfine_native,105067.0,unknown_object,0.2593,551.9,56.82,563.93,80.88,289.4,12.03,24.06,0.5,False,,True,unattributed,23,evt_S-61_upper_body_0018,698dd9f920e21e66,native_source_context_fallback,no_pose_observation,6553.0,6.79,,1,cam12/e1/v1,
corpus_03,03.CCTV Mobile Usage.mkv,632de9ed55947761d56d4c6142a3cb1a1fe69d0b1a6d0e01a2e404c697962623,dfine_native,105067.0,keyboard,0.9115,962.23,451.9,1067.99,491.47,4184.9,105.76,39.57,2.673,False,,True,R-desk,21,evt_S-61_upper_body_0018,745d503d39d05fad,lap_bag_context,wrist_confidence_below_floor,34560.0,1.33,,1,cam12/e1/v1,rtmpose_baseline
corpus_03,03.CCTV Mobile Usage.mkv,632de9ed55947761d56d4c6142a3cb1a1fe69d0b1a6d0e01a2e404c697962623,dfine_native,105067.0,unknown_object,0.7167,699.91,396.21,848.01,492.02,14190.2,148.11,95.81,1.546,False,,True,R-desk,21,evt_S-61_upper_body_0018,745d503d39d05fad,lap_bag_context,wrist_confidence_below_floor,34560.0,1.33,,1,cam12/e1/v1,rtmpose_baseline
corpus_03,03.CCTV Mobile Usage.mkv,632de9ed55947761d56d4c6142a3cb1a1fe69d0b1a6d0e01a2e404c697962623,dfine_native,105067.0,monitor_or_bezel,0.726,1018.62,395.7,1146.02,448.32,6704.0,127.4,52.62,2.421,False,,True,R-desk,21,evt_S-61_upper_body_0018,745d503d39d05fad,lap_bag_context,wrist_confidence_below_floor,34560.0,1.33,,1,cam12/e1/v1,rtmpose_baseline
corpus_03,03.CCTV Mobile Usage.mkv,632de9ed55947761d56d4c6142a3cb1a1fe69d0b1a6d0e01a2e404c697962623,dfine_native,105067.0,keyboard,0.5057,802.77,396.29,870.37,420.63,1646.0,67.6,24.35,2.777,False,,True,R-desk,21,evt_S-61_upper_body_0018,745d503d39d05fad,lap_bag_context,wrist_confidence_below_floor,34560.0,1.33,,1,cam12/e1/v1,rtmpose_baseline
corpus_03,03.CCTV Mobile Usage.mkv,632de9ed55947761d56d4c6142a3cb1a1fe69d0b1a6d0e01a2e404c697962623,dfine_native,105067.0,mouse,0.6148,864.53,413.73,891.88,435.29,589.7,27.36,21.56,1.269,False,,True,R-desk,21,evt_S-61_upper_body_0018,745d503d39d05fad,lap_bag_context,wrist_confidence_below_floor,34560.0,1.33,,1,cam12/e1/v1,rtmpose_baseline
corpus_03,03.CCTV Mobile Usage.mkv,632de9ed55947761d56d4c6142a3cb1a1fe69d0b1a6d0e01a2e404c697962623,dfine_native,105067.0,monitor_or_bezel,0.2592,1012.46,395.59,1147.51,487.74,12444.8,135.05,92.15,1.466,False,,True,R-desk,21,evt_S-61_upper_body_0018,745d503d39d05fad,lap_bag_context,wrist_confidence_below_floor,34560.0,1.33,,1,cam12/e1/v1,rtmpose_baseline
corpus_03,03.CCTV Mobile Usage.mkv,632de9ed55947761d56d4c6142a3cb1a1fe69d0b1a6d0e01a2e404c697962623,dfine_native,105067.0,unknown_object,0.4237,700.04,396.2,760.49,491.67,5770.6,60.45,95.47,0.633,False,,True,R-desk,21,evt_S-61_upper_body_0018,745d503d39d05fad,lap_bag_context,wrist_confidence_below_floor,34560.0,1.33,,1,cam12/e1/v1,rtmpose_baseline
corpus_03,03.CCTV Mobile Usage.mkv,632de9ed55947761d56d4c6142a3cb1a1fe69d0b1a6d0e01a2e404c697962623,dfine_native,105067.0,monitor_or_bezel,0.316,881.23,396.15,949.07,452.7,3836.2,67.84,56.54,1.2,False,,True,R-desk,21,evt_S-61_upper_body_0018,745d503d39d05fad,lap_bag_context,wrist_confidence_below_floor,34560.0,1.33,,1,cam12/e1/v1,rtmpose_baseline
corpus_03,03.CCTV Mobile Usage.mkv,632de9ed55947761d56d4c6142a3cb1a1fe69d0b1a6d0e01a2e404c697962623,dfine_native,105067.0,mouse,0.3666,967.05,398.43,991.94,410.69,305.1,24.89,12.26,2.03,False,,True,R-desk,21,evt_S-61_upper_body_0018,745d503d39d05fad,lap_bag_context,wrist_confidence_below_floor,34560.0,1.33,,1,cam12/e1/v1,rtmpose_baseline
corpus_03,03.CCTV Mobile Usage.mkv,632de9ed55947761d56d4c6142a3cb1a1fe69d0b1a6d0e01a2e404c697962623,dfine_native,105067.0,keyboard,0.9115,962.23,451.9,1067.99,491.47,4184.9,105.76,39.57,2.673,False,,True,R-desk,22,evt_S-61_upper_body_0018,745d503d39d05fad,lap_bag_context,wrist_confidence_below_floor,34560.0,1.33,,1,cam12/e1/v1,rtmpose_baseline
corpus_03,03.CCTV Mobile Usage.mkv,632de9ed55947761d56d4c6142a3cb1a1fe69d0b1a6d0e01a2e404c697962623,dfine_native,105067.0,unknown_object,0.7167,699.91,396.21,848.01,492.02,14190.2,148.11,95.81,1.546,False,,True,R-desk,22,evt_S-61_upper_body_0018,745d503d39d05fad,lap_bag_context,wrist_confidence_below_floor,34560.0,1.33,,1,cam12/e1/v1,rtmpose_baseline
corpus_03,03.CCTV Mobile Usage.mkv,632de9ed55947761d56d4c6142a3cb1a1fe69d0b1a6d0e01a2e404c697962623,dfine_native,105067.0,monitor_or_bezel,0.726,1018.62,395.7,1146.02,448.32,6704.0,127.4,52.62,2.421,False,,True,R-desk,22,evt_S-61_upper_body_0018,745d503d39d05fad,lap_bag_context,wrist_confidence_below_floor,34560.0,1.33,,1,cam12/e1/v1,rtmpose_baseline
corpus_03,03.CCTV Mobile Usage.mkv,632de9ed55947761d56d4c6142a3cb1a1fe69d0b1a6d0e01a2e404c697962623,dfine_native,105067.0,keyboard,0.5057,802.77,396.29,870.37,420.63,1646.0,67.6,24.35,2.777,False,,True,R-desk,22,evt_S-61_upper_body_0018,745d503d39d05fad,lap_bag_context,wrist_confidence_below_floor,34560.0,1.33,,1,cam12/e1/v1,rtmpose_baseline
corpus_03,03.CCTV Mobile Usage.mkv,632de9ed55947761d56d4c6142a3cb1a1fe69d0b1a6d0e01a2e404c697962623,dfine_native,105067.0,mouse,0.6148,864.53,413.73,891.88,435.29,589.7,27.36,21.56,1.269,False,,True,R-desk,22,evt_S-61_upper_body_0018,745d503d39d05fad,lap_bag_context,wrist_confidence_below_floor,34560.0,1.33,,1,cam12/e1/v1,rtmpose_baseline
corpus_03,03.CCTV Mobile Usage.mkv,632de9ed55947761d56d4c6142a3cb1a1fe69d0b1a6d0e01a2e404c697962623,dfine_native,105067.0,monitor_or_bezel,0.2592,1012.46,395.59,1147.51,487.74,12444.8,135.05,92.15,1.466,False,,True,R-desk,22,evt_S-61_upper_body_0018,745d503d39d05fad,lap_bag_context,wrist_confidence_below_floor,34560.0,1.33,,1,cam12/e1/v1,rtmpose_baseline
corpus_03,03.CCTV Mobile Usage.mkv,632de9ed55947761d56d4c6142a3cb1a1fe69d0b1a6d0e01a2e404c697962623,dfine_native,105067.0,unknown_object,0.4237,700.04,396.2,760.49,491.67,5770.6,60.45,95.47,0.633,False,,True,R-desk,22,evt_S-61_upper_body_0018,745d503d39d05fad,lap_bag_context,wrist_confidence_below_floor,34560.0,1.33,,1,cam12/e1/v1,rtmpose_baseline
corpus_03,03.CCTV Mobile Usage.mkv,632de9ed55947761d56d4c6142a3cb1a1fe69d0b1a6d0e01a2e404c697962623,dfine_native,105067.0,monitor_or_bezel,0.316,881.23,396.15,949.07,452.7,3836.2,67.84,56.54,1.2,False,,True,R-desk,22,evt_S-61_upper_body_0018,745d503d39d05fad,lap_bag_context,wrist_confidence_below_floor,34560.0,1.33,,1,cam12/e1/v1,rtmpose_baseline
corpus_03,03.CCTV Mobile Usage.mkv,632de9ed55947761d56d4c6142a3cb1a1fe69d0b1a6d0e01a2e404c697962623,dfine_native,105067.0,mouse,0.3666,967.05,398.43,991.94,410.69,305.1,24.89,12.26,2.03,False,,True,R-desk,22,evt_S-61_upper_body_0018,745d503d39d05fad,lap_bag_context,wrist_confidence_below_floor,34560.0,1.33,,1,cam12/e1/v1,rtmpose_baseline
corpus_03,03.CCTV Mobile Usage.mkv,632de9ed55947761d56d4c6142a3cb1a1fe69d0b1a6d0e01a2e404c697962623,dfine_native,105067.0,unknown_object,0.5505,541.3,51.48,573.95,89.3,1234.9,32.65,37.82,0.863,False,,True,unattributed,24,evt_S-61_upper_body_0018,aff1f684b5dd4187,native_source_context_fallback,no_pose_observation,2738.4,11.86,,1,cam12/e1/v1,
corpus_03,03.CCTV Mobile Usage.mkv,632de9ed55947761d56d4c6142a3cb1a1fe69d0b1a6d0e01a2e404c697962623,dfine_native,105067.0,unknown_object,0.307,564.33,51.81,607.7,106.14,2356.1,43.36,54.33,0.798,False,,True,unattributed,24,evt_S-61_upper_body_0018,aff1f684b5dd4187,native_source_context_fallback,no_pose_observation,2738.4,11.86,,1,cam12/e1/v1,
corpus_03,03.CCTV Mobile Usage.mkv,632de9ed55947761d56d4c6142a3cb1a1fe69d0b1a6d0e01a2e404c697962623,dfine_native,105067.0,unknown_object,0.414,542.33,51.96,573.29,84.64,1011.8,30.95,32.69,0.947,False,,True,unattributed,24,evt_S-61_upper_body_0018,aff1f684b5dd4187,native_source_context_fallback,no_pose_observation,2738.4,11.86,,1,cam12/e1/v1,
corpus_03,03.CCTV Mobile Usage.mkv,632de9ed55947761d56d4c6142a3cb1a1fe69d0b1a6d0e01a2e404c697962623,dfine_native,105067.0,unknown_object,0.3149,536.53,48.76,608.39,107.63,4230.5,71.86,58.87,1.221,False,,True,unattributed,24,evt_S-61_upper_body_0018,aff1f684b5dd4187,native_source_context_fallback,no_pose_observation,2738.4,11.86,,1,cam12/e1/v1,
corpus_03,03.CCTV Mobile Usage.mkv,632de9ed55947761d56d4c6142a3cb1a1fe69d0b1a6d0e01a2e404c697962623,dfine_native,105067.0,unknown_object,0.3456,533.0,30.13,628.92,125.49,9146.8,95.91,95.36,1.006,False,,True,unattributed,24,evt_S-61_upper_body_0018,aff1f684b5dd4187,native_source_context_fallback,no_pose_observation,2738.4,11.86,,1,cam12/e1/v1,
corpus_03,03.CCTV Mobile Usage.mkv,632de9ed55947761d56d4c6142a3cb1a1fe69d0b1a6d0e01a2e404c697962623,dfine_native,105067.0,bag,0.2651,-0.17,343.15,79.02,435.05,7276.8,79.19,91.89,0.862,False,,True,S-61,17,evt_S-61_upper_body_0018,b2c68097785dd540,pose_hand_context,,59267.1,2.44,,1,cam12/e1/v1,rtmpose_baseline
corpus_03,03.CCTV Mobile Usage.mkv,632de9ed55947761d56d4c6142a3cb1a1fe69d0b1a6d0e01a2e404c697962623,dfine_native,105067.0,unknown_object,0.3345,109.19,455.22,178.21,521.0,4540.7,69.02,65.78,1.049,False,,True,S-61,17,evt_S-61_upper_body_0018,b2c68097785dd540,pose_hand_context,,59267.1,2.44,,1,cam12/e1/v1,rtmpose_baseline
corpus_03,03.CCTV Mobile Usage.mkv,632de9ed55947761d56d4c6142a3cb1a1fe69d0b1a6d0e01a2e404c697962623,dfine_native,105067.0,bag,0.3273,14.91,305.14,110.09,386.15,7711.0,95.18,81.02,1.175,False,,True,S-61,17,evt_S-61_upper_body_0018,b2c68097785dd540,pose_hand_context,,59267.1,2.44,,1,cam12/e1/v1,rtmpose_baseline
corpus_03,03.CCTV Mobile Usage.mkv,632de9ed55947761d56d4c6142a3cb1a1fe69d0b1a6d0e01a2e404c697962623,dfine_native,105067.0,unknown_object,0.3775,89.73,454.61,178.49,522.38,6015.0,88.76,67.77,1.31,False,,True,S-61,17,evt_S-61_upper_body_0018,b2c68097785dd540,pose_hand_context,,59267.1,2.44,,1,cam12/e1/v1,rtmpose_baseline
corpus_03,03.CCTV Mobile Usage.mkv,632de9ed55947761d56d4c6142a3cb1a1fe69d0b1a6d0e01a2e404c697962623,dfine_native,105067.0,monitor_or_bezel,0.3151,0.01,494.9,195.9,566.8,14085.1,195.89,71.9,2.724,False,,True,S-61,17,evt_S-61_upper_body_0018,b2c68097785dd540,pose_hand_context,,59267.1,2.44,,1,cam12/e1/v1,rtmpose_baseline
corpus_03,03.CCTV Mobile Usage.mkv,632de9ed55947761d56d4c6142a3cb1a1fe69d0b1a6d0e01a2e404c697962623,dfine_native,105067.0,monitor_or_bezel,0.5733,815.01,7.8,844.0,44.68,1069.0,28.99,36.88,0.786,False,,True,unattributed,18,evt_S-61_upper_body_0018,c4c93bc251980e50,native_source_context_fallback,wrist_confidence_below_floor,9606.9,6.52,,1,cam12/e1/v1,rtmpose_baseline
corpus_03,03.CCTV Mobile Usage.mkv,632de9ed55947761d56d4c6142a3cb1a1fe69d0b1a6d0e01a2e404c697962623,dfine_native,105067.0,unknown_object,0.2907,815.09,38.18,913.83,104.26,6524.5,98.73,66.08,1.494,False,,True,unattributed,18,evt_S-61_upper_body_0018,c4c93bc251980e50,native_source_context_fallback,wrist_confidence_below_floor,9606.9,6.52,,1,cam12/e1/v1,rtmpose_baseline
corpus_03,03.CCTV Mobile Usage.mkv,632de9ed55947761d56d4c6142a3cb1a1fe69d0b1a6d0e01a2e404c697962623,dfine_native,105067.0,unknown_object,0.3112,831.26,84.0,913.6,104.51,1689.5,82.34,20.52,4.013,False,,True,unattributed,18,evt_S-61_upper_body_0018,c4c93bc251980e50,native_source_context_fallback,wrist_confidence_below_floor,9606.9,6.52,,1,cam12/e1/v1,rtmpose_baseline
corpus_03,03.CCTV Mobile Usage.mkv,632de9ed55947761d56d4c6142a3cb1a1fe69d0b1a6d0e01a2e404c697962623,dfine_native,105500.0,keyboard,0.9097,962.17,451.92,1067.93,491.47,4181.9,105.76,39.54,2.675,False,,True,R-desk,22,evt_S-61_desk_work_surface_0004,1a7ffb919a00e5cd,lap_bag_context,no_pose_observation,34560.0,1.33,,1,cam12/e1/v1,
corpus_03,03.CCTV Mobile Usage.mkv,632de9ed55947761d56d4c6142a3cb1a1fe69d0b1a6d0e01a2e404c697962623,dfine_native,105500.0,unknown_object,0.7345,699.87,396.21,847.68,491.96,14151.2,147.81,95.74,1.544,False,,True,R-desk,22,evt_S-61_desk_work_surface_0004,1a7ffb919a00e5cd,lap_bag_context,no_pose_observation,34560.0,1.33,,1,cam12/e1/v1,
corpus_03,03.CCTV Mobile Usage.mkv,632de9ed55947761d56d4c6142a3cb1a1fe69d0b1a6d0e01a2e404c697962623,dfine_native,105500.0,monitor_or_bezel,0.6784,1018.6,395.8,1146.01,448.07,6660.4,127.41,52.27,2.437,False,,True,R-desk,22,evt_S-61_desk_work_surface_0004,1a7ffb919a00e5cd,lap_bag_context,no_pose_observation,34560.0,1.33,,1,cam12/e1/v1,
corpus_03,03.CCTV Mobile Usage.mkv,632de9ed55947761d56d4c6142a3cb1a1fe69d0b1a6d0e01a2e404c697962623,dfine_native,105500.0,keyboard,0.5623,802.53,396.27,870.85,420.6,1662.9,68.33,24.34,2.808,False,,True,R-desk,22,evt_S-61_desk_work_surface_0004,1a7ffb919a00e5cd,lap_bag_context,no_pose_observation,34560.0,1.33,,1,cam12/e1/v1,
corpus_03,03.CCTV Mobile Usage.mkv,632de9ed55947761d56d4c6142a3cb1a1fe69d0b1a6d0e01a2e404c697962623,dfine_native,105500.0,mouse,0.6016,864.79,413.81,892.0,435.16,580.8,27.21,21.35,1.275,False,,True,R-desk,22,evt_S-61_desk_work_surface_0004,1a7ffb919a00e5cd,lap_bag_context,no_pose_observation,34560.0,1.33,,1,cam12/e1/v1,
corpus_03,03.CCTV Mobile Usage.mkv,632de9ed55947761d56d4c6142a3cb1a1fe69d0b1a6d0e01a2e404c697962623,dfine_native,105500.0,phone,0.292,1043.05,422.04,1112.82,474.21,3639.8,69.77,52.17,1.337,False,,True,R-desk,22,evt_S-61_desk_work_surface_0004,1a7ffb919a00e5cd,lap_bag_context,no_pose_observation,34560.0,1.33,,1,cam12/e1/v1,
corpus_03,03.CCTV Mobile Usage.mkv,632de9ed55947761d56d4c6142a3cb1a1fe69d0b1a6d0e01a2e404c697962623,dfine_native,105500.0,monitor_or_bezel,0.327,1013.46,395.69,1147.51,488.39,12426.2,134.04,92.7,1.446,False,,True,R-desk,22,evt_S-61_desk_work_surface_0004,1a7ffb919a00e5cd,lap_bag_context,no_pose_observation,34560.0,1.33,,1,cam12/e1/v1,
corpus_03,03.CCTV Mobile Usage.mkv,632de9ed55947761d56d4c6142a3cb1a1fe69d0b1a6d0e01a2e404c697962623,dfine_native,105500.0,unknown_object,0.4097,700.01,396.3,757.68,491.54,5491.7,57.66,95.24,0.605,False,,True,R-desk,22,evt_S-61_desk_work_surface_0004,1a7ffb919a00e5cd,lap_bag_context,no_pose_observation,34560.0,1.33,,1,cam12/e1/v1,
corpus_03,03.CCTV Mobile Usage.mkv,632de9ed55947761d56d4c6142a3cb1a1fe69d0b1a6d0e01a2e404c697962623,dfine_native,105500.0,monitor_or_bezel,0.3256,881.23,396.15,949.19,452.65,3839.7,67.96,56.5,1.203,False,,True,R-desk,22,evt_S-61_desk_work_surface_0004,1a7ffb919a00e5cd,lap_bag_context,no_pose_observation,34560.0,1.33,,1,cam12/e1/v1,
corpus_03,03.CCTV Mobile Usage.mkv,632de9ed55947761d56d4c6142a3cb1a1fe69d0b1a6d0e01a2e404c697962623,dfine_native,105500.0,mouse,0.3262,967.1,398.43,991.94,410.65,303.6,24.85,12.22,2.033,False,,True,R-desk,22,evt_S-61_desk_work_surface_0004,1a7ffb919a00e5cd,lap_bag_context,no_pose_observation,34560.0,1.33,,1,cam12/e1/v1,
corpus_03,03.CCTV Mobile Usage.mkv,632de9ed55947761d56d4c6142a3cb1a1fe69d0b1a6d0e01a2e404c697962623,dfine_native,105500.0,monitor_or_bezel,0.2549,802.24,396.01,948.99,452.36,8268.8,146.75,56.35,2.604,False,,True,R-desk,22,evt_S-61_desk_work_surface_0004,1a7ffb919a00e5cd,lap_bag_context,no_pose_observation,34560.0,1.33,,1,cam12/e1/v1,
corpus_03,03.CCTV Mobile Usage.mkv,632de9ed55947761d56d4c6142a3cb1a1fe69d0b1a6d0e01a2e404c697962623,dfine_native,105500.0,mouse,0.2601,990.87,399.14,1026.67,413.28,505.9,35.8,14.13,2.534,False,,True,R-desk,22,evt_S-61_desk_work_surface_0004,1a7ffb919a00e5cd,lap_bag_context,no_pose_observation,34560.0,1.33,,1,cam12/e1/v1,
corpus_03,03.CCTV Mobile Usage.mkv,632de9ed55947761d56d4c6142a3cb1a1fe69d0b1a6d0e01a2e404c697962623,dfine_native,105500.0,monitor_or_bezel,0.258,969.89,395.62,1145.7,449.7,9507.6,175.82,54.08,3.251,False,,True,R-desk,22,evt_S-61_desk_work_surface_0004,1a7ffb919a00e5cd,lap_bag_context,no_pose_observation,34560.0,1.33,,1,cam12/e1/v1,
corpus_03,03.CCTV Mobile Usage.mkv,632de9ed55947761d56d4c6142a3cb1a1fe69d0b1a6d0e01a2e404c697962623,dfine_native,105500.0,keyboard,0.9097,962.17,451.92,1067.93,491.47,4181.9,105.76,39.54,2.675,False,,True,R-desk,21,evt_S-61_desk_work_surface_0004,1a7ffb919a00e5cd,lap_bag_context,no_pose_observation,34560.0,1.33,,1,cam12/e1/v1,
corpus_03,03.CCTV Mobile Usage.mkv,632de9ed55947761d56d4c6142a3cb1a1fe69d0b1a6d0e01a2e404c697962623,dfine_native,105500.0,unknown_object,0.7345,699.87,396.21,847.68,491.96,14151.2,147.81,95.74,1.544,False,,True,R-desk,21,evt_S-61_desk_work_surface_0004,1a7ffb919a00e5cd,lap_bag_context,no_pose_observation,34560.0,1.33,,1,cam12/e1/v1,
corpus_03,03.CCTV Mobile Usage.mkv,632de9ed55947761d56d4c6142a3cb1a1fe69d0b1a6d0e01a2e404c697962623,dfine_native,105500.0,monitor_or_bezel,0.6784,1018.6,395.8,1146.01,448.07,6660.4,127.41,52.27,2.437,False,,True,R-desk,21,evt_S-61_desk_work_surface_0004,1a7ffb919a00e5cd,lap_bag_context,no_pose_observation,34560.0,1.33,,1,cam12/e1/v1,
corpus_03,03.CCTV Mobile Usage.mkv,632de9ed55947761d56d4c6142a3cb1a1fe69d0b1a6d0e01a2e404c697962623,dfine_native,105500.0,keyboard,0.5623,802.53,396.27,870.85,420.6,1662.9,68.33,24.34,2.808,False,,True,R-desk,21,evt_S-61_desk_work_surface_0004,1a7ffb919a00e5cd,lap_bag_context,no_pose_observation,34560.0,1.33,,1,cam12/e1/v1,
corpus_03,03.CCTV Mobile Usage.mkv,632de9ed55947761d56d4c6142a3cb1a1fe69d0b1a6d0e01a2e404c697962623,dfine_native,105500.0,mouse,0.6016,864.79,413.81,892.0,435.16,580.8,27.21,21.35,1.275,False,,True,R-desk,21,evt_S-61_desk_work_surface_0004,1a7ffb919a00e5cd,lap_bag_context,no_pose_observation,34560.0,1.33,,1,cam12/e1/v1,
corpus_03,03.CCTV Mobile Usage.mkv,632de9ed55947761d56d4c6142a3cb1a1fe69d0b1a6d0e01a2e404c697962623,dfine_native,105500.0,phone,0.292,1043.05,422.04,1112.82,474.21,3639.8,69.77,52.17,1.337,False,,True,R-desk,21,evt_S-61_desk_work_surface_0004,1a7ffb919a00e5cd,lap_bag_context,no_pose_observation,34560.0,1.33,,1,cam12/e1/v1,
corpus_03,03.CCTV Mobile Usage.mkv,632de9ed55947761d56d4c6142a3cb1a1fe69d0b1a6d0e01a2e404c697962623,dfine_native,105500.0,monitor_or_bezel,0.327,1013.46,395.69,1147.51,488.39,12426.2,134.04,92.7,1.446,False,,True,R-desk,21,evt_S-61_desk_work_surface_0004,1a7ffb919a00e5cd,lap_bag_context,no_pose_observation,34560.0,1.33,,1,cam12/e1/v1,
corpus_03,03.CCTV Mobile Usage.mkv,632de9ed55947761d56d4c6142a3cb1a1fe69d0b1a6d0e01a2e404c697962623,dfine_native,105500.0,unknown_object,0.4097,700.01,396.3,757.68,491.54,5491.7,57.66,95.24,0.605,False,,True,R-desk,21,evt_S-61_desk_work_surface_0004,1a7ffb919a00e5cd,lap_bag_context,no_pose_observation,34560.0,1.33,,1,cam12/e1/v1,
corpus_03,03.CCTV Mobile Usage.mkv,632de9ed55947761d56d4c6142a3cb1a1fe69d0b1a6d0e01a2e404c697962623,dfine_native,105500.0,monitor_or_bezel,0.3256,881.23,396.15,949.19,452.65,3839.7,67.96,56.5,1.203,False,,True,R-desk,21,evt_S-61_desk_work_surface_0004,1a7ffb919a00e5cd,lap_bag_context,no_pose_observation,34560.0,1.33,,1,cam12/e1/v1,
corpus_03,03.CCTV Mobile Usage.mkv,632de9ed55947761d56d4c6142a3cb1a1fe69d0b1a6d0e01a2e404c697962623,dfine_native,105500.0,mouse,0.3262,967.1,398.43,991.94,410.65,303.6,24.85,12.22,2.033,False,,True,R-desk,21,evt_S-61_desk_work_surface_0004,1a7ffb919a00e5cd,lap_bag_context,no_pose_observation,34560.0,1.33,,1,cam12/e1/v1,
corpus_03,03.CCTV Mobile Usage.mkv,632de9ed55947761d56d4c6142a3cb1a1fe69d0b1a6d0e01a2e404c697962623,dfine_native,105500.0,monitor_or_bezel,0.2549,802.24,396.01,948.99,452.36,8268.8,146.75,56.35,2.604,False,,True,R-desk,21,evt_S-61_desk_work_surface_0004,1a7ffb919a00e5cd,lap_bag_context,no_pose_observation,34560.0,1.33,,1,cam12/e1/v1,
corpus_03,03.CCTV Mobile Usage.mkv,632de9ed55947761d56d4c6142a3cb1a1fe69d0b1a6d0e01a2e404c697962623,dfine_native,105500.0,mouse,0.2601,990.87,399.14,1026.67,413.28,505.9,35.8,14.13,2.534,False,,True,R-desk,21,evt_S-61_desk_work_surface_0004,1a7ffb919a00e5cd,lap_bag_context,no_pose_observation,34560.0,1.33,,1,cam12/e1/v1,
corpus_03,03.CCTV Mobile Usage.mkv,632de9ed55947761d56d4c6142a3cb1a1fe69d0b1a6d0e01a2e404c697962623,dfine_native,105500.0,monitor_or_bezel,0.258,969.89,395.62,1145.7,449.7,9507.6,175.82,54.08,3.251,False,,True,R-desk,21,evt_S-61_desk_work_surface_0004,1a7ffb919a00e5cd,lap_bag_context,no_pose_observation,34560.0,1.33,,1,cam12/e1/v1,
corpus_03,03.CCTV Mobile Usage.mkv,632de9ed55947761d56d4c6142a3cb1a1fe69d0b1a6d0e01a2e404c697962623,dfine_native,105500.0,phone,0.3216,160.33,519.14,217.03,558.97,2258.6,56.71,39.83,1.424,False,,True,S-61,17,evt_S-61_desk_work_surface_0004,6bfbb6244c115ab5,pose_hand_context,,54142.5,2.59,,1,cam12/e1/v1,rtmpose_baseline
corpus_03,03.CCTV Mobile Usage.mkv,632de9ed55947761d56d4c6142a3cb1a1fe69d0b1a6d0e01a2e404c697962623,dfine_native,105500.0,monitor_or_bezel,0.4024,-0.2,494.93,189.92,560.82,12526.9,190.12,65.89,2.885,False,,True,S-61,17,evt_S-61_desk_work_surface_0004,6bfbb6244c115ab5,pose_hand_context,,54142.5,2.59,,1,cam12/e1/v1,rtmpose_baseline
corpus_03,03.CCTV Mobile Usage.mkv,632de9ed55947761d56d4c6142a3cb1a1fe69d0b1a6d0e01a2e404c697962623,dfine_native,105500.0,bag,0.2526,-0.24,342.7,79.97,437.02,7565.1,80.21,94.31,0.85,False,,True,S-61,17,evt_S-61_desk_work_surface_0004,6bfbb6244c115ab5,pose_hand_context,,54142.5,2.59,,1,cam12/e1/v1,rtmpose_baseline
corpus_03,03.CCTV Mobile Usage.mkv,632de9ed55947761d56d4c6142a3cb1a1fe69d0b1a6d0e01a2e404c697962623,dfine_native,105500.0,phone,0.3019,108.06,454.62,178.4,522.18,4752.3,70.35,67.56,1.041,False,,True,S-61,17,evt_S-61_desk_work_surface_0004,6bfbb6244c115ab5,pose_hand_context,,54142.5,2.59,,1,cam12/e1/v1,rtmpose_baseline
corpus_03,03.CCTV Mobile Usage.mkv,632de9ed55947761d56d4c6142a3cb1a1fe69d0b1a6d0e01a2e404c697962623,dfine_native,105500.0,unknown_object,0.2636,18.5,313.11,109.7,383.2,6392.6,91.2,70.09,1.301,False,,True,S-61,17,evt_S-61_desk_work_surface_0004,6bfbb6244c115ab5,pose_hand_context,,54142.5,2.59,,1,cam12/e1/v1,rtmpose_baseline
corpus_03,03.CCTV Mobile Usage.mkv,632de9ed55947761d56d4c6142a3cb1a1fe69d0b1a6d0e01a2e404c697962623,dfine_native,105500.0,phone,0.299,157.59,493.37,217.63,559.96,3997.8,60.03,66.59,0.901,False,,True,S-61,17,evt_S-61_desk_work_surface_0004,6bfbb6244c115ab5,pose_hand_context,,54142.5,2.59,,1,cam12/e1/v1,rtmpose_baseline
corpus_03,03.CCTV Mobile Usage.mkv,632de9ed55947761d56d4c6142a3cb1a1fe69d0b1a6d0e01a2e404c697962623,dfine_native,105500.0,monitor_or_bezel,0.4125,814.9,6.95,844.36,44.67,1111.3,29.46,37.72,0.781,False,,True,unattributed,18,evt_S-61_desk_work_surface_0004,a1e2587a6f762e63,native_source_context_fallback,wrist_confidence_below_floor,9714.0,6.48,,1,cam12/e1/v1,rtmpose_baseline
corpus_03,03.CCTV Mobile Usage.mkv,632de9ed55947761d56d4c6142a3cb1a1fe69d0b1a6d0e01a2e404c697962623,dfine_native,105500.0,unknown_object,0.3426,831.41,84.09,912.76,104.9,1693.0,81.35,20.81,3.909,False,,True,unattributed,18,evt_S-61_desk_work_surface_0004,a1e2587a6f762e63,native_source_context_fallback,wrist_confidence_below_floor,9714.0,6.48,,1,cam12/e1/v1,rtmpose_baseline
corpus_03,03.CCTV Mobile Usage.mkv,632de9ed55947761d56d4c6142a3cb1a1fe69d0b1a6d0e01a2e404c697962623,dfine_native,105500.0,phone,0.3865,847.92,82.92,859.87,87.36,53.1,11.95,4.44,2.69,True,object footprint 53 px is under the 120 px floor for a call,False,unattributed,18,evt_S-61_desk_work_surface_0004,a1e2587a6f762e63,native_source_context_fallback,wrist_confidence_below_floor,9714.0,6.48,,1,cam12/e1/v1,rtmpose_baseline
corpus_03,03.CCTV Mobile Usage.mkv,632de9ed55947761d56d4c6142a3cb1a1fe69d0b1a6d0e01a2e404c697962623,dfine_native,105500.0,unknown_object,0.3069,815.11,40.47,912.95,104.75,6289.1,97.83,64.28,1.522,False,,True,unattributed,18,evt_S-61_desk_work_surface_0004,a1e2587a6f762e63,native_source_context_fallback,wrist_confidence_below_floor,9714.0,6.48,,1,cam12/e1/v1,rtmpose_baseline
corpus_03,03.CCTV Mobile Usage.mkv,632de9ed55947761d56d4c6142a3cb1a1fe69d0b1a6d0e01a2e404c697962623,dfine_native,105500.0,unknown_object,0.2604,831.14,72.01,912.81,104.91,2686.4,81.67,32.9,2.483,False,,True,unattributed,18,evt_S-61_desk_work_surface_0004,a1e2587a6f762e63,native_source_context_fallback,wrist_confidence_below_floor,9714.0,6.48,,1,cam12/e1/v1,rtmpose_baseline
corpus_03,03.CCTV Mobile Usage.mkv,632de9ed55947761d56d4c6142a3cb1a1fe69d0b1a6d0e01a2e404c697962623,dfine_native,105500.0,unknown_object,0.4797,542.05,52.0,573.96,85.44,1067.0,31.9,33.45,0.954,False,,True,unattributed,23,evt_S-61_desk_work_surface_0004,e7e061d063d353a8,native_source_context_fallback,no_pose_observation,6388.9,6.87,,1,cam12/e1/v1,
corpus_03,03.CCTV Mobile Usage.mkv,632de9ed55947761d56d4c6142a3cb1a1fe69d0b1a6d0e01a2e404c697962623,dfine_native,105500.0,phone,0.2838,566.48,53.17,606.83,95.33,1701.0,40.35,42.16,0.957,False,,True,unattributed,23,evt_S-61_desk_work_surface_0004,e7e061d063d353a8,native_source_context_fallback,no_pose_observation,6388.9,6.87,,1,cam12/e1/v1,
corpus_03,03.CCTV Mobile Usage.mkv,632de9ed55947761d56d4c6142a3cb1a1fe69d0b1a6d0e01a2e404c697962623,dfine_native,105500.0,bag,0.2551,543.87,8.62,608.78,84.29,4912.4,64.92,75.67,0.858,False,,True,unattributed,23,evt_S-61_desk_work_surface_0004,e7e061d063d353a8,native_source_context_fallback,no_pose_observation,6388.9,6.87,,1,cam12/e1/v1,
corpus_03,03.CCTV Mobile Usage.mkv,632de9ed55947761d56d4c6142a3cb1a1fe69d0b1a6d0e01a2e404c697962623,dfine_native,105500.0,unknown_object,0.2925,527.01,18.82,547.28,82.55,1291.6,20.27,63.73,0.318,False,,True,unattributed,23,evt_S-61_desk_work_surface_0004,e7e061d063d353a8,native_source_context_fallback,no_pose_observation,6388.9,6.87,,1,cam12/e1/v1,
corpus_03,03.CCTV Mobile Usage.mkv,632de9ed55947761d56d4c6142a3cb1a1fe69d0b1a6d0e01a2e404c697962623,dfine_native,105500.0,phone,0.2511,573.0,53.11,605.31,83.94,996.3,32.31,30.84,1.048,False,,True,unattributed,23,evt_S-61_desk_work_surface_0004,e7e061d063d353a8,native_source_context_fallback,no_pose_observation,6388.9,6.87,,1,cam12/e1/v1,
corpus_03,03.CCTV Mobile Usage.mkv,632de9ed55947761d56d4c6142a3cb1a1fe69d0b1a6d0e01a2e404c697962623,dfine_native,106067.0,monitor_or_bezel,0.4864,815.01,8.53,844.58,44.52,1064.3,29.57,36.0,0.821,False,,True,unattributed,18,evt_S-61_upper_body_0018,031f56c00e7bc06c,native_source_context_fallback,wrist_confidence_below_floor,9410.0,6.59,,1,cam12/e1/v1,rtmpose_baseline
corpus_03,03.CCTV Mobile Usage.mkv,632de9ed55947761d56d4c6142a3cb1a1fe69d0b1a6d0e01a2e404c697962623,dfine_native,106067.0,keyboard,0.9058,962.22,451.91,1067.94,491.47,4183.1,105.72,39.57,2.672,False,,True,R-desk,21,evt_S-61_upper_body_0018,16beff7bd8032466,lap_bag_context,no_pose_observation,34560.0,1.33,,1,cam12/e1/v1,
corpus_03,03.CCTV Mobile Usage.mkv,632de9ed55947761d56d4c6142a3cb1a1fe69d0b1a6d0e01a2e404c697962623,dfine_native,106067.0,monitor_or_bezel,0.6477,1018.74,395.62,1145.88,448.0,6660.0,127.14,52.38,2.427,False,,True,R-desk,21,evt_S-61_upper_body_0018,16beff7bd8032466,lap_bag_context,no_pose_observation,34560.0,1.33,,1,cam12/e1/v1,
corpus_03,03.CCTV Mobile Usage.mkv,632de9ed55947761d56d4c6142a3cb1a1fe69d0b1a6d0e01a2e404c697962623,dfine_native,106067.0,unknown_object,0.5195,699.94,396.15,854.37,492.15,14825.8,154.42,96.01,1.608,False,,True,R-desk,21,evt_S-61_upper_body_0018,16beff7bd8032466,lap_bag_context,no_pose_observation,34560.0,1.33,,1,cam12/e1/v1,
corpus_03,03.CCTV Mobile Usage.mkv,632de9ed55947761d56d4c6142a3cb1a1fe69d0b1a6d0e01a2e404c697962623,dfine_native,106067.0,unknown_object,0.4941,700.07,396.14,759.08,491.67,5636.7,59.01,95.53,0.618,False,,True,R-desk,21,evt_S-61_upper_body_0018,16beff7bd8032466,lap_bag_context,no_pose_observation,34560.0,1.33,,1,cam12/e1/v1,
corpus_03,03.CCTV Mobile Usage.mkv,632de9ed55947761d56d4c6142a3cb1a1fe69d0b1a6d0e01a2e404c697962623,dfine_native,106067.0,keyboard,0.4832,802.47,396.26,870.74,420.59,1661.2,68.27,24.33,2.806,False,,True,R-desk,21,evt_S-61_upper_body_0018,16beff7bd8032466,lap_bag_context,no_pose_observation,34560.0,1.33,,1,cam12/e1/v1,
corpus_03,03.CCTV Mobile Usage.mkv,632de9ed55947761d56d4c6142a3cb1a1fe69d0b1a6d0e01a2e404c697962623,dfine_native,106067.0,phone,0.3386,1042.92,421.92,1112.92,474.22,3661.3,70.0,52.3,1.338,False,,True,R-desk,21,evt_S-61_upper_body_0018,16beff7bd8032466,lap_bag_context,no_pose_observation,34560.0,1.33,,1,cam12/e1/v1,
corpus_03,03.CCTV Mobile Usage.mkv,632de9ed55947761d56d4c6142a3cb1a1fe69d0b1a6d0e01a2e404c697962623,dfine_native,106067.0,monitor_or_bezel,0.3285,1013.7,395.55,1147.26,488.06,12356.2,133.56,92.51,1.444,False,,True,R-desk,21,evt_S-61_upper_body_0018,16beff7bd8032466,lap_bag_context,no_pose_observation,34560.0,1.33,,1,cam12/e1/v1,
corpus_03,03.CCTV Mobile Usage.mkv,632de9ed55947761d56d4c6142a3cb1a1fe69d0b1a6d0e01a2e404c697962623,dfine_native,106067.0,mouse,0.308,967.03,398.4,991.99,410.65,305.7,24.96,12.25,2.038,False,,True,R-desk,21,evt_S-61_upper_body_0018,16beff7bd8032466,lap_bag_context,no_pose_observation,34560.0,1.33,,1,cam12/e1/v1,
corpus_03,03.CCTV Mobile Usage.mkv,632de9ed55947761d56d4c6142a3cb1a1fe69d0b1a6d0e01a2e404c697962623,dfine_native,106067.0,mouse,0.5374,864.88,413.89,891.95,435.15,575.6,27.07,21.27,1.273,False,,True,R-desk,21,evt_S-61_upper_body_0018,16beff7bd8032466,lap_bag_context,no_pose_observation,34560.0,1.33,,1,cam12/e1/v1,
corpus_03,03.CCTV Mobile Usage.mkv,632de9ed55947761d56d4c6142a3cb1a1fe69d0b1a6d0e01a2e404c697962623,dfine_native,106067.0,monitor_or_bezel,0.3043,881.28,396.16,949.08,452.59,3825.8,67.8,56.43,1.202,False,,True,R-desk,21,evt_S-61_upper_body_0018,16beff7bd8032466,lap_bag_context,no_pose_observation,34560.0,1.33,,1,cam12/e1/v1,
corpus_03,03.CCTV Mobile Usage.mkv,632de9ed55947761d56d4c6142a3cb1a1fe69d0b1a6d0e01a2e404c697962623,dfine_native,106067.0,mouse,0.2758,990.72,399.4,1026.76,413.41,504.6,36.03,14.0,2.573,False,,True,R-desk,21,evt_S-61_upper_body_0018,16beff7bd8032466,lap_bag_context,no_pose_observation,34560.0,1.33,,1,cam12/e1/v1,
corpus_03,03.CCTV Mobile Usage.mkv,632de9ed55947761d56d4c6142a3cb1a1fe69d0b1a6d0e01a2e404c697962623,dfine_native,106067.0,unknown_object,0.5082,542.32,51.83,573.59,87.91,1128.1,31.27,36.08,0.867,False,,True,unattributed,23,evt_S-61_upper_body_0018,8df53ea7b81cf515,native_source_context_fallback,no_pose_observation,6568.5,7.0,,1,cam12/e1/v1,
corpus_03,03.CCTV Mobile Usage.mkv,632de9ed55947761d56d4c6142a3cb1a1fe69d0b1a6d0e01a2e404c697962623,dfine_native,106067.0,bag,0.4505,544.11,9.66,610.94,95.07,5707.7,66.83,85.41,0.782,False,,True,unattributed,23,evt_S-61_upper_body_0018,8df53ea7b81cf515,native_source_context_fallback,no_pose_observation,6568.5,7.0,,1,cam12/e1/v1,
corpus_03,03.CCTV Mobile Usage.mkv,632de9ed55947761d56d4c6142a3cb1a1fe69d0b1a6d0e01a2e404c697962623,dfine_native,106067.0,unknown_object,0.2924,573.19,52.9,604.07,83.89,956.9,30.88,30.99,0.996,False,,True,unattributed,23,evt_S-61_upper_body_0018,8df53ea7b81cf515,native_source_context_fallback,no_pose_observation,6568.5,7.0,,1,cam12/e1/v1,
corpus_03,03.CCTV Mobile Usage.mkv,632de9ed55947761d56d4c6142a3cb1a1fe69d0b1a6d0e01a2e404c697962623,dfine_native,106067.0,phone,0.2685,571.87,52.84,606.13,94.72,1435.2,34.26,41.88,0.818,False,,True,unattributed,23,evt_S-61_upper_body_0018,8df53ea7b81cf515,native_source_context_fallback,no_pose_observation,6568.5,7.0,,1,cam12/e1/v1,
corpus_03,03.CCTV Mobile Usage.mkv,632de9ed55947761d56d4c6142a3cb1a1fe69d0b1a6d0e01a2e404c697962623,dfine_native,106067.0,phone,0.2755,564.47,52.85,606.76,95.63,1808.8,42.29,42.77,0.989,False,,True,unattributed,23,evt_S-61_upper_body_0018,8df53ea7b81cf515,native_source_context_fallback,no_pose_observation,6568.5,7.0,,1,cam12/e1/v1,
corpus_03,03.CCTV Mobile Usage.mkv,632de9ed55947761d56d4c6142a3cb1a1fe69d0b1a6d0e01a2e404c697962623,dfine_native,106067.0,bag,0.2848,547.91,11.49,610.56,63.35,3249.0,62.65,51.86,1.208,False,,True,unattributed,23,evt_S-61_upper_body_0018,8df53ea7b81cf515,native_source_context_fallback,no_pose_observation,6568.5,7.0,,1,cam12/e1/v1,
corpus_03,03.CCTV Mobile Usage.mkv,632de9ed55947761d56d4c6142a3cb1a1fe69d0b1a6d0e01a2e404c697962623,dfine_native,106067.0,unknown_object,0.2896,551.72,57.12,563.83,80.76,286.3,12.11,23.64,0.512,False,,True,unattributed,23,evt_S-61_upper_body_0018,8df53ea7b81cf515,native_source_context_fallback,no_pose_observation,6568.5,7.0,,1,cam12/e1/v1,
corpus_03,03.CCTV Mobile Usage.mkv,632de9ed55947761d56d4c6142a3cb1a1fe69d0b1a6d0e01a2e404c697962623,dfine_native,106067.0,bag,0.3557,547.07,10.16,610.42,83.34,4636.2,63.35,73.18,0.866,False,,True,unattributed,23,evt_S-61_upper_body_0018,8df53ea7b81cf515,native_source_context_fallback,no_pose_observation,6568.5,7.0,,1,cam12/e1/v1,
corpus_03,03.CCTV Mobile Usage.mkv,632de9ed55947761d56d4c6142a3cb1a1fe69d0b1a6d0e01a2e404c697962623,dfine_native,106067.0,bag,0.3105,548.18,10.69,610.39,59.83,3056.3,62.2,49.13,1.266,False,,True,unattributed,23,evt_S-61_upper_body_0018,8df53ea7b81cf515,native_source_context_fallback,no_pose_observation,6568.5,7.0,,1,cam12/e1/v1,
corpus_03,03.CCTV Mobile Usage.mkv,632de9ed55947761d56d4c6142a3cb1a1fe69d0b1a6d0e01a2e404c697962623,dfine_native,106067.0,bag,0.3076,548.47,11.09,610.2,55.67,2751.8,61.73,44.58,1.385,False,,True,unattributed,23,evt_S-61_upper_body_0018,8df53ea7b81cf515,native_source_context_fallback,no_pose_observation,6568.5,7.0,,1,cam12/e1/v1,
corpus_03,03.CCTV Mobile Usage.mkv,632de9ed55947761d56d4c6142a3cb1a1fe69d0b1a6d0e01a2e404c697962623,dfine_native,106067.0,unknown_object,0.3258,542.71,52.19,573.25,83.81,965.8,30.54,31.62,0.966,False,,True,unattributed,23,evt_S-61_upper_body_0018,8df53ea7b81cf515,native_source_context_fallback,no_pose_observation,6568.5,7.0,,1,cam12/e1/v1,
corpus_03,03.CCTV Mobile Usage.mkv,632de9ed55947761d56d4c6142a3cb1a1fe69d0b1a6d0e01a2e404c697962623,dfine_native,106067.0,bag,0.2526,547.3,9.45,611.0,62.58,3384.3,63.7,53.13,1.199,False,,True,unattributed,23,evt_S-61_upper_body_0018,8df53ea7b81cf515,native_source_context_fallback,no_pose_observation,6568.5,7.0,,1,cam12/e1/v1,
corpus_03,03.CCTV Mobile Usage.mkv,632de9ed55947761d56d4c6142a3cb1a1fe69d0b1a6d0e01a2e404c697962623,dfine_native,106067.0,stationery,0.4366,-0.22,495.47,192.0,563.72,13118.6,192.22,68.25,2.817,False,,True,S-61,17,evt_S-61_upper_body_0018,d4eced94fe4af9c6,pose_hand_context,,56356.4,2.53,,1,cam12/e1/v1,rtmpose_baseline
corpus_03,03.CCTV Mobile Usage.mkv,632de9ed55947761d56d4c6142a3cb1a1fe69d0b1a6d0e01a2e404c697962623,dfine_native,106500.0,bag,0.4263,545.3,6.36,610.11,94.67,5722.6,64.81,88.3,0.734,False,,True,unattributed,23,evt_S-61_desk_work_surface_0004,039120638806876b,native_source_context_fallback,no_pose_observation,6585.3,6.74,,1,cam12/e1/v1,
corpus_03,03.CCTV Mobile Usage.mkv,632de9ed55947761d56d4c6142a3cb1a1fe69d0b1a6d0e01a2e404c697962623,dfine_native,106500.0,unknown_object,0.4656,542.41,52.19,573.9,86.66,1085.5,31.49,34.47,0.913,False,,True,unattributed,23,evt_S-61_desk_work_surface_0004,039120638806876b,native_source_context_fallback,no_pose_observation,6585.3,6.74,,1,cam12/e1/v1,
corpus_03,03.CCTV Mobile Usage.mkv,632de9ed55947761d56d4c6142a3cb1a1fe69d0b1a6d0e01a2e404c697962623,dfine_native,106500.0,unknown_object,0.2565,573.55,53.02,604.64,83.59,950.6,31.09,30.57,1.017,False,,True,unattributed,23,evt_S-61_desk_work_surface_0004,039120638806876b,native_source_context_fallback,no_pose_observation,6585.3,6.74,,1,cam12/e1/v1,
corpus_03,03.CCTV Mobile Usage.mkv,632de9ed55947761d56d4c6142a3cb1a1fe69d0b1a6d0e01a2e404c697962623,dfine_native,106500.0,bag,0.4016,547.31,6.59,609.53,82.93,4749.3,62.22,76.33,0.815,False,,True,unattributed,23,evt_S-61_desk_work_surface_0004,039120638806876b,native_source_context_fallback,no_pose_observation,6585.3,6.74,,1,cam12/e1/v1,
corpus_03,03.CCTV Mobile Usage.mkv,632de9ed55947761d56d4c6142a3cb1a1fe69d0b1a6d0e01a2e404c697962623,dfine_native,106500.0,bag,0.4779,548.48,6.7,609.09,58.44,3135.7,60.61,51.73,1.172,False,,True,unattributed,23,evt_S-61_desk_work_surface_0004,039120638806876b,native_source_context_fallback,no_pose_observation,6585.3,6.74,,1,cam12/e1/v1,
corpus_03,03.CCTV Mobile Usage.mkv,632de9ed55947761d56d4c6142a3cb1a1fe69d0b1a6d0e01a2e404c697962623,dfine_native,106500.0,unknown_object,0.2578,551.62,57.1,563.81,80.8,288.9,12.19,23.71,0.514,False,,True,unattributed,23,evt_S-61_desk_work_surface_0004,039120638806876b,native_source_context_fallback,no_pose_observation,6585.3,6.74,,1,cam12/e1/v1,
corpus_03,03.CCTV Mobile Usage.mkv,632de9ed55947761d56d4c6142a3cb1a1fe69d0b1a6d0e01a2e404c697962623,dfine_native,106500.0,bag,0.279,548.04,6.47,610.09,61.98,3443.6,62.04,55.5,1.118,False,,True,unattributed,23,evt_S-61_desk_work_surface_0004,039120638806876b,native_source_context_fallback,no_pose_observation,6585.3,6.74,,1,cam12/e1/v1,
corpus_03,03.CCTV Mobile Usage.mkv,632de9ed55947761d56d4c6142a3cb1a1fe69d0b1a6d0e01a2e404c697962623,dfine_native,106500.0,keyboard,0.9069,962.2,451.9,1067.99,491.47,4185.9,105.78,39.57,2.673,False,,True,R-desk,21,evt_S-61_desk_work_surface_0004,5328ad095fb4cb28,lap_bag_context,wrist_confidence_below_floor,34560.0,1.33,,1,cam12/e1/v1,rtmpose_baseline
corpus_03,03.CCTV Mobile Usage.mkv,632de9ed55947761d56d4c6142a3cb1a1fe69d0b1a6d0e01a2e404c697962623,dfine_native,106500.0,unknown_object,0.5885,699.98,396.11,851.04,491.94,14474.6,151.05,95.83,1.576,False,,True,R-desk,21,evt_S-61_desk_work_surface_0004,5328ad095fb4cb28,lap_bag_context,wrist_confidence_below_floor,34560.0,1.33,,1,cam12/e1/v1,rtmpose_baseline
corpus_03,03.CCTV Mobile Usage.mkv,632de9ed55947761d56d4c6142a3cb1a1fe69d0b1a6d0e01a2e404c697962623,dfine_native,106500.0,monitor_or_bezel,0.6468,1018.6,395.62,1145.91,447.91,6657.5,127.31,52.29,2.435,False,,True,R-desk,21,evt_S-61_desk_work_surface_0004,5328ad095fb4cb28,lap_bag_context,wrist_confidence_below_floor,34560.0,1.33,,1,cam12/e1/v1,rtmpose_baseline
corpus_03,03.CCTV Mobile Usage.mkv,632de9ed55947761d56d4c6142a3cb1a1fe69d0b1a6d0e01a2e404c697962623,dfine_native,106500.0,keyboard,0.4604,802.48,396.25,870.72,420.63,1663.5,68.23,24.38,2.799,False,,True,R-desk,21,evt_S-61_desk_work_surface_0004,5328ad095fb4cb28,lap_bag_context,wrist_confidence_below_floor,34560.0,1.33,,1,cam12/e1/v1,rtmpose_baseline
corpus_03,03.CCTV Mobile Usage.mkv,632de9ed55947761d56d4c6142a3cb1a1fe69d0b1a6d0e01a2e404c697962623,dfine_native,106500.0,phone,0.3334,1042.97,421.9,1112.97,474.18,3659.2,70.0,52.27,1.339,False,,True,R-desk,21,evt_S-61_desk_work_surface_0004,5328ad095fb4cb28,lap_bag_context,wrist_confidence_below_floor,34560.0,1.33,,1,cam12/e1/v1,rtmpose_baseline
corpus_03,03.CCTV Mobile Usage.mkv,632de9ed55947761d56d4c6142a3cb1a1fe69d0b1a6d0e01a2e404c697962623,dfine_native,106500.0,unknown_object,0.4701,700.04,396.12,758.27,491.33,5543.3,58.22,95.21,0.612,False,,True,R-desk,21,evt_S-61_desk_work_surface_0004,5328ad095fb4cb28,lap_bag_context,wrist_confidence_below_floor,34560.0,1.33,,1,cam12/e1/v1,rtmpose_baseline
corpus_03,03.CCTV Mobile Usage.mkv,632de9ed55947761d56d4c6142a3cb1a1fe69d0b1a6d0e01a2e404c697962623,dfine_native,106500.0,monitor_or_bezel,0.349,1013.41,395.52,1147.54,487.98,12400.6,134.13,92.45,1.451,False,,True,R-desk,21,evt_S-61_desk_work_surface_0004,5328ad095fb4cb28,lap_bag_context,wrist_confidence_below_floor,34560.0,1.33,,1,cam12/e1/v1,rtmpose_baseline
corpus_03,03.CCTV Mobile Usage.mkv,632de9ed55947761d56d4c6142a3cb1a1fe69d0b1a6d0e01a2e404c697962623,dfine_native,106500.0,mouse,0.5613,864.8,413.76,892.12,435.4,591.4,27.32,21.65,1.262,False,,True,R-desk,21,evt_S-61_desk_work_surface_0004,5328ad095fb4cb28,lap_bag_context,wrist_confidence_below_floor,34560.0,1.33,,1,cam12/e1/v1,rtmpose_baseline
corpus_03,03.CCTV Mobile Usage.mkv,632de9ed55947761d56d4c6142a3cb1a1fe69d0b1a6d0e01a2e404c697962623,dfine_native,106500.0,unknown_object,0.296,699.97,396.03,772.72,491.96,6978.8,72.75,95.93,0.758,False,,True,R-desk,21,evt_S-61_desk_work_surface_0004,5328ad095fb4cb28,lap_bag_context,wrist_confidence_below_floor,34560.0,1.33,,1,cam12/e1/v1,rtmpose_baseline
corpus_03,03.CCTV Mobile Usage.mkv,632de9ed55947761d56d4c6142a3cb1a1fe69d0b1a6d0e01a2e404c697962623,dfine_native,106500.0,monitor_or_bezel,0.2878,881.33,396.15,949.2,452.57,3829.6,67.88,56.42,1.203,False,,True,R-desk,21,evt_S-61_desk_work_surface_0004,5328ad095fb4cb28,lap_bag_context,wrist_confidence_below_floor,34560.0,1.33,,1,cam12/e1/v1,rtmpose_baseline
corpus_03,03.CCTV Mobile Usage.mkv,632de9ed55947761d56d4c6142a3cb1a1fe69d0b1a6d0e01a2e404c697962623,dfine_native,106500.0,mouse,0.2997,967.0,398.42,991.91,410.66,304.9,24.91,12.24,2.036,False,,True,R-desk,21,evt_S-61_desk_work_surface_0004,5328ad095fb4cb28,lap_bag_context,wrist_confidence_below_floor,34560.0,1.33,,1,cam12/e1/v1,rtmpose_baseline
corpus_03,03.CCTV Mobile Usage.mkv,632de9ed55947761d56d4c6142a3cb1a1fe69d0b1a6d0e01a2e404c697962623,dfine_native,106500.0,unknown_object,0.2703,699.88,396.08,873.18,492.42,16696.5,173.3,96.35,1.799,False,,True,R-desk,21,evt_S-61_desk_work_surface_0004,5328ad095fb4cb28,lap_bag_context,wrist_confidence_below_floor,34560.0,1.33,,1,cam12/e1/v1,rtmpose_baseline
corpus_03,03.CCTV Mobile Usage.mkv,632de9ed55947761d56d4c6142a3cb1a1fe69d0b1a6d0e01a2e404c697962623,dfine_native,106500.0,mouse,0.2736,990.59,399.48,1026.74,413.38,502.7,36.15,13.9,2.6,False,,True,R-desk,21,evt_S-61_desk_work_surface_0004,5328ad095fb4cb28,lap_bag_context,wrist_confidence_below_floor,34560.0,1.33,,1,cam12/e1/v1,rtmpose_baseline
corpus_03,03.CCTV Mobile Usage.mkv,632de9ed55947761d56d4c6142a3cb1a1fe69d0b1a6d0e01a2e404c697962623,dfine_native,106500.0,keyboard,0.9069,962.2,451.9,1067.99,491.47,4185.9,105.78,39.57,2.673,False,,True,R-desk,22,evt_S-61_desk_work_surface_0004,5328ad095fb4cb28,lap_bag_context,wrist_confidence_below_floor,34560.0,1.33,,1,cam12/e1/v1,rtmpose_baseline
corpus_03,03.CCTV Mobile Usage.mkv,632de9ed55947761d56d4c6142a3cb1a1fe69d0b1a6d0e01a2e404c697962623,dfine_native,106500.0,unknown_object,0.5885,699.98,396.11,851.04,491.94,14474.6,151.05,95.83,1.576,False,,True,R-desk,22,evt_S-61_desk_work_surface_0004,5328ad095fb4cb28,lap_bag_context,wrist_confidence_below_floor,34560.0,1.33,,1,cam12/e1/v1,rtmpose_baseline
corpus_03,03.CCTV Mobile Usage.mkv,632de9ed55947761d56d4c6142a3cb1a1fe69d0b1a6d0e01a2e404c697962623,dfine_native,106500.0,monitor_or_bezel,0.6468,1018.6,395.62,1145.91,447.91,6657.5,127.31,52.29,2.435,False,,True,R-desk,22,evt_S-61_desk_work_surface_0004,5328ad095fb4cb28,lap_bag_context,wrist_confidence_below_floor,34560.0,1.33,,1,cam12/e1/v1,rtmpose_baseline
corpus_03,03.CCTV Mobile Usage.mkv,632de9ed55947761d56d4c6142a3cb1a1fe69d0b1a6d0e01a2e404c697962623,dfine_native,106500.0,keyboard,0.4604,802.48,396.25,870.72,420.63,1663.5,68.23,24.38,2.799,False,,True,R-desk,22,evt_S-61_desk_work_surface_0004,5328ad095fb4cb28,lap_bag_context,wrist_confidence_below_floor,34560.0,1.33,,1,cam12/e1/v1,rtmpose_baseline
corpus_03,03.CCTV Mobile Usage.mkv,632de9ed55947761d56d4c6142a3cb1a1fe69d0b1a6d0e01a2e404c697962623,dfine_native,106500.0,phone,0.3334,1042.97,421.9,1112.97,474.18,3659.2,70.0,52.27,1.339,False,,True,R-desk,22,evt_S-61_desk_work_surface_0004,5328ad095fb4cb28,lap_bag_context,wrist_confidence_below_floor,34560.0,1.33,,1,cam12/e1/v1,rtmpose_baseline
corpus_03,03.CCTV Mobile Usage.mkv,632de9ed55947761d56d4c6142a3cb1a1fe69d0b1a6d0e01a2e404c697962623,dfine_native,106500.0,unknown_object,0.4701,700.04,396.12,758.27,491.33,5543.3,58.22,95.21,0.612,False,,True,R-desk,22,evt_S-61_desk_work_surface_0004,5328ad095fb4cb28,lap_bag_context,wrist_confidence_below_floor,34560.0,1.33,,1,cam12/e1/v1,rtmpose_baseline
corpus_03,03.CCTV Mobile Usage.mkv,632de9ed55947761d56d4c6142a3cb1a1fe69d0b1a6d0e01a2e404c697962623,dfine_native,106500.0,monitor_or_bezel,0.349,1013.41,395.52,1147.54,487.98,12400.6,134.13,92.45,1.451,False,,True,R-desk,22,evt_S-61_desk_work_surface_0004,5328ad095fb4cb28,lap_bag_context,wrist_confidence_below_floor,34560.0,1.33,,1,cam12/e1/v1,rtmpose_baseline
corpus_03,03.CCTV Mobile Usage.mkv,632de9ed55947761d56d4c6142a3cb1a1fe69d0b1a6d0e01a2e404c697962623,dfine_native,106500.0,mouse,0.5613,864.8,413.76,892.12,435.4,591.4,27.32,21.65,1.262,False,,True,R-desk,22,evt_S-61_desk_work_surface_0004,5328ad095fb4cb28,lap_bag_context,wrist_confidence_below_floor,34560.0,1.33,,1,cam12/e1/v1,rtmpose_baseline
corpus_03,03.CCTV Mobile Usage.mkv,632de9ed55947761d56d4c6142a3cb1a1fe69d0b1a6d0e01a2e404c697962623,dfine_native,106500.0,unknown_object,0.296,699.97,396.03,772.72,491.96,6978.8,72.75,95.93,0.758,False,,True,R-desk,22,evt_S-61_desk_work_surface_0004,5328ad095fb4cb28,lap_bag_context,wrist_confidence_below_floor,34560.0,1.33,,1,cam12/e1/v1,rtmpose_baseline
corpus_03,03.CCTV Mobile Usage.mkv,632de9ed55947761d56d4c6142a3cb1a1fe69d0b1a6d0e01a2e404c697962623,dfine_native,106500.0,monitor_or_bezel,0.2878,881.33,396.15,949.2,452.57,3829.6,67.88,56.42,1.203,False,,True,R-desk,22,evt_S-61_desk_work_surface_0004,5328ad095fb4cb28,lap_bag_context,wrist_confidence_below_floor,34560.0,1.33,,1,cam12/e1/v1,rtmpose_baseline
corpus_03,03.CCTV Mobile Usage.mkv,632de9ed55947761d56d4c6142a3cb1a1fe69d0b1a6d0e01a2e404c697962623,dfine_native,106500.0,mouse,0.2997,967.0,398.42,991.91,410.66,304.9,24.91,12.24,2.036,False,,True,R-desk,22,evt_S-61_desk_work_surface_0004,5328ad095fb4cb28,lap_bag_context,wrist_confidence_below_floor,34560.0,1.33,,1,cam12/e1/v1,rtmpose_baseline
corpus_03,03.CCTV Mobile Usage.mkv,632de9ed55947761d56d4c6142a3cb1a1fe69d0b1a6d0e01a2e404c697962623,dfine_native,106500.0,unknown_object,0.2703,699.88,396.08,873.18,492.42,16696.5,173.3,96.35,1.799,False,,True,R-desk,22,evt_S-61_desk_work_surface_0004,5328ad095fb4cb28,lap_bag_context,wrist_confidence_below_floor,34560.0,1.33,,1,cam12/e1/v1,rtmpose_baseline
corpus_03,03.CCTV Mobile Usage.mkv,632de9ed55947761d56d4c6142a3cb1a1fe69d0b1a6d0e01a2e404c697962623,dfine_native,106500.0,mouse,0.2736,990.59,399.48,1026.74,413.38,502.7,36.15,13.9,2.6,False,,True,R-desk,22,evt_S-61_desk_work_surface_0004,5328ad095fb4cb28,lap_bag_context,wrist_confidence_below_floor,34560.0,1.33,,1,cam12/e1/v1,rtmpose_baseline
corpus_03,03.CCTV Mobile Usage.mkv,632de9ed55947761d56d4c6142a3cb1a1fe69d0b1a6d0e01a2e404c697962623,dfine_native,106500.0,monitor_or_bezel,0.6513,815.0,8.31,844.03,45.28,1073.5,29.04,36.97,0.785,False,,True,unattributed,18,evt_S-61_desk_work_surface_0004,8835fd8ef44f249c,native_source_context_fallback,wrist_confidence_below_floor,9442.0,6.57,,1,cam12/e1/v1,rtmpose_baseline
corpus_03,03.CCTV Mobile Usage.mkv,632de9ed55947761d56d4c6142a3cb1a1fe69d0b1a6d0e01a2e404c697962623,dfine_native,106500.0,unknown_object,0.263,830.97,83.08,911.92,104.85,1761.9,80.94,21.77,3.718,False,,True,unattributed,18,evt_S-61_desk_work_surface_0004,8835fd8ef44f249c,native_source_context_fallback,wrist_confidence_below_floor,9442.0,6.57,,1,cam12/e1/v1,rtmpose_baseline
corpus_03,03.CCTV Mobile Usage.mkv,632de9ed55947761d56d4c6142a3cb1a1fe69d0b1a6d0e01a2e404c697962623,dfine_native,106500.0,unknown_object,0.2506,902.76,89.26,911.99,101.86,116.3,9.23,12.6,0.733,True,object footprint 116 px is under the 120 px floor for a call,False,unattributed,18,evt_S-61_desk_work_surface_0004,8835fd8ef44f249c,native_source_context_fallback,wrist_confidence_below_floor,9442.0,6.57,,1,cam12/e1/v1,rtmpose_baseline
corpus_03,03.CCTV Mobile Usage.mkv,632de9ed55947761d56d4c6142a3cb1a1fe69d0b1a6d0e01a2e404c697962623,dfine_native,106500.0,unknown_object,0.4308,-0.34,315.13,217.67,558.31,53017.2,218.01,243.19,0.896,False,,True,S-61,17,evt_S-61_desk_work_surface_0004,e3bab5cb105d4b75,pose_hand_context,,53066.1,2.63,,1,cam12/e1/v1,rtmpose_baseline
corpus_03,03.CCTV Mobile Usage.mkv,632de9ed55947761d56d4c6142a3cb1a1fe69d0b1a6d0e01a2e404c697962623,dfine_native,106500.0,stationery,0.2826,-0.28,494.96,186.26,558.77,11904.6,186.55,63.82,2.923,False,,True,S-61,17,evt_S-61_desk_work_surface_0004,e3bab5cb105d4b75,pose_hand_context,,53066.1,2.63,,1,cam12/e1/v1,rtmpose_baseline
corpus_03,03.CCTV Mobile Usage.mkv,632de9ed55947761d56d4c6142a3cb1a1fe69d0b1a6d0e01a2e404c697962623,dfine_native,106500.0,unknown_object,0.2763,97.79,453.74,216.39,558.22,12390.8,118.6,104.48,1.135,False,,True,S-61,17,evt_S-61_desk_work_surface_0004,e3bab5cb105d4b75,pose_hand_context,,53066.1,2.63,,1,cam12/e1/v1,rtmpose_baseline
corpus_03,03.CCTV Mobile Usage.mkv,632de9ed55947761d56d4c6142a3cb1a1fe69d0b1a6d0e01a2e404c697962623,dfine_native,107500.0,phone,0.5819,159.16,432.4,184.12,474.22,1043.9,24.96,41.82,0.597,False,,True,S-61,17,evt_S-61_desk_work_surface_0004,061504b531fc9201,pose_hand_context,,52253.4,2.65,,1,cam12/e1/v1,rtmpose_baseline
corpus_03,03.CCTV Mobile Usage.mkv,632de9ed55947761d56d4c6142a3cb1a1fe69d0b1a6d0e01a2e404c697962623,dfine_native,107500.0,unknown_object,0.4626,92.68,455.13,178.94,523.5,5897.8,86.26,68.37,1.262,False,,True,S-61,17,evt_S-61_desk_work_surface_0004,061504b531fc9201,pose_hand_context,,52253.4,2.65,,1,cam12/e1/v1,rtmpose_baseline
corpus_03,03.CCTV Mobile Usage.mkv,632de9ed55947761d56d4c6142a3cb1a1fe69d0b1a6d0e01a2e404c697962623,dfine_native,107500.0,unknown_object,0.4339,110.26,455.51,178.72,521.68,4529.2,68.46,66.16,1.035,False,,True,S-61,17,evt_S-61_desk_work_surface_0004,061504b531fc9201,pose_hand_context,,52253.4,2.65,,1,cam12/e1/v1,rtmpose_baseline
corpus_03,03.CCTV Mobile Usage.mkv,632de9ed55947761d56d4c6142a3cb1a1fe69d0b1a6d0e01a2e404c697962623,dfine_native,107500.0,phone,0.5332,159.02,432.36,191.93,479.62,1555.8,32.91,47.27,0.696,False,,True,S-61,17,evt_S-61_desk_work_surface_0004,061504b531fc9201,pose_hand_context,,52253.4,2.65,,1,cam12/e1/v1,rtmpose_baseline
corpus_03,03.CCTV Mobile Usage.mkv,632de9ed55947761d56d4c6142a3cb1a1fe69d0b1a6d0e01a2e404c697962623,dfine_native,107500.0,monitor_or_bezel,0.3218,-0.29,495.19,186.77,557.76,11703.0,187.06,62.56,2.99,False,,True,S-61,17,evt_S-61_desk_work_surface_0004,061504b531fc9201,pose_hand_context,,52253.4,2.65,,1,cam12/e1/v1,rtmpose_baseline
corpus_03,03.CCTV Mobile Usage.mkv,632de9ed55947761d56d4c6142a3cb1a1fe69d0b1a6d0e01a2e404c697962623,dfine_native,107500.0,unknown_object,0.3825,64.2,453.82,179.91,524.7,8201.4,115.71,70.88,1.632,False,,True,S-61,17,evt_S-61_desk_work_surface_0004,061504b531fc9201,pose_hand_context,,52253.4,2.65,,1,cam12/e1/v1,rtmpose_baseline
corpus_03,03.CCTV Mobile Usage.mkv,632de9ed55947761d56d4c6142a3cb1a1fe69d0b1a6d0e01a2e404c697962623,dfine_native,107500.0,monitor_or_bezel,0.3776,814.89,7.51,843.33,44.02,1038.3,28.44,36.51,0.779,False,,True,unattributed,18,evt_S-61_desk_work_surface_0004,0633178326796df2,native_source_context_fallback,wrist_confidence_below_floor,9535.1,6.51,,1,cam12/e1/v1,rtmpose_baseline
corpus_03,03.CCTV Mobile Usage.mkv,632de9ed55947761d56d4c6142a3cb1a1fe69d0b1a6d0e01a2e404c697962623,dfine_native,107500.0,unknown_object,0.2565,846.79,83.13,864.19,104.71,375.4,17.39,21.58,0.806,False,,True,unattributed,18,evt_S-61_desk_work_surface_0004,0633178326796df2,native_source_context_fallback,wrist_confidence_below_floor,9535.1,6.51,,1,cam12/e1/v1,rtmpose_baseline
corpus_03,03.CCTV Mobile Usage.mkv,632de9ed55947761d56d4c6142a3cb1a1fe69d0b1a6d0e01a2e404c697962623,dfine_native,107500.0,unknown_object,0.4788,541.73,48.12,573.98,87.16,1259.3,32.26,39.04,0.826,False,,True,unattributed,23,evt_S-61_desk_work_surface_0004,07dc176ad9cb3fb4,native_source_context_fallback,no_pose_observation,5535.3,7.42,,1,cam12/e1/v1,
corpus_03,03.CCTV Mobile Usage.mkv,632de9ed55947761d56d4c6142a3cb1a1fe69d0b1a6d0e01a2e404c697962623,dfine_native,107500.0,unknown_object,0.4452,553.47,5.59,610.72,95.03,5120.7,57.25,89.44,0.64,False,,True,unattributed,23,evt_S-61_desk_work_surface_0004,07dc176ad9cb3fb4,native_source_context_fallback,no_pose_observation,5535.3,7.42,,1,cam12/e1/v1,
corpus_03,03.CCTV Mobile Usage.mkv,632de9ed55947761d56d4c6142a3cb1a1fe69d0b1a6d0e01a2e404c697962623,dfine_native,107500.0,unknown_object,0.2845,530.01,0.36,559.79,83.55,2477.3,29.78,83.19,0.358,False,,True,unattributed,23,evt_S-61_desk_work_surface_0004,07dc176ad9cb3fb4,native_source_context_fallback,no_pose_observation,5535.3,7.42,,1,cam12/e1/v1,
corpus_03,03.CCTV Mobile Usage.mkv,632de9ed55947761d56d4c6142a3cb1a1fe69d0b1a6d0e01a2e404c697962623,dfine_native,107500.0,unknown_object,0.345,605.62,0.08,625.98,95.55,1944.1,20.37,95.46,0.213,False,,True,unattributed,23,evt_S-61_desk_work_surface_0004,07dc176ad9cb3fb4,native_source_context_fallback,no_pose_observation,5535.3,7.42,,1,cam12/e1/v1,
corpus_03,03.CCTV Mobile Usage.mkv,632de9ed55947761d56d4c6142a3cb1a1fe69d0b1a6d0e01a2e404c697962623,dfine_native,107500.0,unknown_object,0.2658,569.76,52.52,607.05,95.43,1600.3,37.29,42.91,0.869,False,,True,unattributed,23,evt_S-61_desk_work_surface_0004,07dc176ad9cb3fb4,native_source_context_fallback,no_pose_observation,5535.3,7.42,,1,cam12/e1/v1,
corpus_03,03.CCTV Mobile Usage.mkv,632de9ed55947761d56d4c6142a3cb1a1fe69d0b1a6d0e01a2e404c697962623,dfine_native,107500.0,keyboard,0.2778,530.02,82.56,596.6,96.0,894.9,66.57,13.44,4.952,False,,True,unattributed,23,evt_S-61_desk_work_surface_0004,07dc176ad9cb3fb4,native_source_context_fallback,no_pose_observation,5535.3,7.42,,1,cam12/e1/v1,
corpus_03,03.CCTV Mobile Usage.mkv,632de9ed55947761d56d4c6142a3cb1a1fe69d0b1a6d0e01a2e404c697962623,dfine_native,107500.0,keyboard,0.903,962.06,451.96,1067.87,491.45,4178.3,105.82,39.49,2.68,False,,True,R-desk,21,evt_S-61_desk_work_surface_0004,bdac2b57433fb1af,lap_bag_context,wrist_confidence_below_floor,34560.0,1.33,,1,cam12/e1/v1,rtmpose_baseline
corpus_03,03.CCTV Mobile Usage.mkv,632de9ed55947761d56d4c6142a3cb1a1fe69d0b1a6d0e01a2e404c697962623,dfine_native,107500.0,unknown_object,0.5905,699.98,396.16,853.08,491.93,14662.6,153.1,95.77,1.599,False,,True,R-desk,21,evt_S-61_desk_work_surface_0004,bdac2b57433fb1af,lap_bag_context,wrist_confidence_below_floor,34560.0,1.33,,1,cam12/e1/v1,rtmpose_baseline
corpus_03,03.CCTV Mobile Usage.mkv,632de9ed55947761d56d4c6142a3cb1a1fe69d0b1a6d0e01a2e404c697962623,dfine_native,107500.0,monitor_or_bezel,0.63,1018.68,395.62,1145.93,447.77,6635.6,127.25,52.15,2.44,False,,True,R-desk,21,evt_S-61_desk_work_surface_0004,bdac2b57433fb1af,lap_bag_context,wrist_confidence_below_floor,34560.0,1.33,,1,cam12/e1/v1,rtmpose_baseline
corpus_03,03.CCTV Mobile Usage.mkv,632de9ed55947761d56d4c6142a3cb1a1fe69d0b1a6d0e01a2e404c697962623,dfine_native,107500.0,keyboard,0.5129,802.59,396.27,870.81,420.64,1662.7,68.22,24.37,2.799,False,,True,R-desk,21,evt_S-61_desk_work_surface_0004,bdac2b57433fb1af,lap_bag_context,wrist_confidence_below_floor,34560.0,1.33,,1,cam12/e1/v1,rtmpose_baseline
corpus_03,03.CCTV Mobile Usage.mkv,632de9ed55947761d56d4c6142a3cb1a1fe69d0b1a6d0e01a2e404c697962623,dfine_native,107500.0,phone,0.3335,1043.04,421.97,1112.9,474.08,3640.5,69.86,52.11,1.341,False,,True,R-desk,21,evt_S-61_desk_work_surface_0004,bdac2b57433fb1af,lap_bag_context,wrist_confidence_below_floor,34560.0,1.33,,1,cam12/e1/v1,rtmpose_baseline
corpus_03,03.CCTV Mobile Usage.mkv,632de9ed55947761d56d4c6142a3cb1a1fe69d0b1a6d0e01a2e404c697962623,dfine_native,107500.0,monitor_or_bezel,0.3252,1012.0,395.52,1147.4,487.89,12507.4,135.39,92.38,1.466,False,,True,R-desk,21,evt_S-61_desk_work_surface_0004,bdac2b57433fb1af,lap_bag_context,wrist_confidence_below_floor,34560.0,1.33,,1,cam12/e1/v1,rtmpose_baseline
corpus_03,03.CCTV Mobile Usage.mkv,632de9ed55947761d56d4c6142a3cb1a1fe69d0b1a6d0e01a2e404c697962623,dfine_native,107500.0,unknown_object,0.3866,700.04,396.12,760.15,491.5,5733.0,60.11,95.38,0.63,False,,True,R-desk,21,evt_S-61_desk_work_surface_0004,bdac2b57433fb1af,lap_bag_context,wrist_confidence_below_floor,34560.0,1.33,,1,cam12/e1/v1,rtmpose_baseline
corpus_03,03.CCTV Mobile Usage.mkv,632de9ed55947761d56d4c6142a3cb1a1fe69d0b1a6d0e01a2e404c697962623,dfine_native,107500.0,mouse,0.3285,966.91,398.41,992.1,410.63,307.9,25.2,12.22,2.062,False,,True,R-desk,21,evt_S-61_desk_work_surface_0004,bdac2b57433fb1af,lap_bag_context,wrist_confidence_below_floor,34560.0,1.33,,1,cam12/e1/v1,rtmpose_baseline
corpus_03,03.CCTV Mobile Usage.mkv,632de9ed55947761d56d4c6142a3cb1a1fe69d0b1a6d0e01a2e404c697962623,dfine_native,107500.0,mouse,0.5555,864.77,413.8,892.01,435.15,581.6,27.24,21.35,1.276,False,,True,R-desk,21,evt_S-61_desk_work_surface_0004,bdac2b57433fb1af,lap_bag_context,wrist_confidence_below_floor,34560.0,1.33,,1,cam12/e1/v1,rtmpose_baseline
corpus_03,03.CCTV Mobile Usage.mkv,632de9ed55947761d56d4c6142a3cb1a1fe69d0b1a6d0e01a2e404c697962623,dfine_native,107500.0,monitor_or_bezel,0.2728,881.32,396.14,949.13,452.58,3827.0,67.81,56.43,1.202,False,,True,R-desk,21,evt_S-61_desk_work_surface_0004,bdac2b57433fb1af,lap_bag_context,wrist_confidence_below_floor,34560.0,1.33,,1,cam12/e1/v1,rtmpose_baseline
corpus_03,03.CCTV Mobile Usage.mkv,632de9ed55947761d56d4c6142a3cb1a1fe69d0b1a6d0e01a2e404c697962623,dfine_native,107500.0,monitor_or_bezel,0.2683,748.27,395.22,1146.97,491.14,38244.9,398.69,95.93,4.156,False,,True,R-desk,21,evt_S-61_desk_work_surface_0004,bdac2b57433fb1af,lap_bag_context,wrist_confidence_below_floor,34560.0,1.33,,1,cam12/e1/v1,rtmpose_baseline
corpus_03,03.CCTV Mobile Usage.mkv,632de9ed55947761d56d4c6142a3cb1a1fe69d0b1a6d0e01a2e404c697962623,dfine_native,107500.0,keyboard,0.903,962.06,451.96,1067.87,491.45,4178.3,105.82,39.49,2.68,False,,True,R-desk,22,evt_S-61_desk_work_surface_0004,bdac2b57433fb1af,lap_bag_context,wrist_confidence_below_floor,34560.0,1.33,,1,cam12/e1/v1,rtmpose_baseline
corpus_03,03.CCTV Mobile Usage.mkv,632de9ed55947761d56d4c6142a3cb1a1fe69d0b1a6d0e01a2e404c697962623,dfine_native,107500.0,unknown_object,0.5905,699.98,396.16,853.08,491.93,14662.6,153.1,95.77,1.599,False,,True,R-desk,22,evt_S-61_desk_work_surface_0004,bdac2b57433fb1af,lap_bag_context,wrist_confidence_below_floor,34560.0,1.33,,1,cam12/e1/v1,rtmpose_baseline
corpus_03,03.CCTV Mobile Usage.mkv,632de9ed55947761d56d4c6142a3cb1a1fe69d0b1a6d0e01a2e404c697962623,dfine_native,107500.0,monitor_or_bezel,0.63,1018.68,395.62,1145.93,447.77,6635.6,127.25,52.15,2.44,False,,True,R-desk,22,evt_S-61_desk_work_surface_0004,bdac2b57433fb1af,lap_bag_context,wrist_confidence_below_floor,34560.0,1.33,,1,cam12/e1/v1,rtmpose_baseline
corpus_03,03.CCTV Mobile Usage.mkv,632de9ed55947761d56d4c6142a3cb1a1fe69d0b1a6d0e01a2e404c697962623,dfine_native,107500.0,keyboard,0.5129,802.59,396.27,870.81,420.64,1662.7,68.22,24.37,2.799,False,,True,R-desk,22,evt_S-61_desk_work_surface_0004,bdac2b57433fb1af,lap_bag_context,wrist_confidence_below_floor,34560.0,1.33,,1,cam12/e1/v1,rtmpose_baseline
corpus_03,03.CCTV Mobile Usage.mkv,632de9ed55947761d56d4c6142a3cb1a1fe69d0b1a6d0e01a2e404c697962623,dfine_native,107500.0,phone,0.3335,1043.04,421.97,1112.9,474.08,3640.5,69.86,52.11,1.341,False,,True,R-desk,22,evt_S-61_desk_work_surface_0004,bdac2b57433fb1af,lap_bag_context,wrist_confidence_below_floor,34560.0,1.33,,1,cam12/e1/v1,rtmpose_baseline
corpus_03,03.CCTV Mobile Usage.mkv,632de9ed55947761d56d4c6142a3cb1a1fe69d0b1a6d0e01a2e404c697962623,dfine_native,107500.0,monitor_or_bezel,0.3252,1012.0,395.52,1147.4,487.89,12507.4,135.39,92.38,1.466,False,,True,R-desk,22,evt_S-61_desk_work_surface_0004,bdac2b57433fb1af,lap_bag_context,wrist_confidence_below_floor,34560.0,1.33,,1,cam12/e1/v1,rtmpose_baseline
corpus_03,03.CCTV Mobile Usage.mkv,632de9ed55947761d56d4c6142a3cb1a1fe69d0b1a6d0e01a2e404c697962623,dfine_native,107500.0,unknown_object,0.3866,700.04,396.12,760.15,491.5,5733.0,60.11,95.38,0.63,False,,True,R-desk,22,evt_S-61_desk_work_surface_0004,bdac2b57433fb1af,lap_bag_context,wrist_confidence_below_floor,34560.0,1.33,,1,cam12/e1/v1,rtmpose_baseline
corpus_03,03.CCTV Mobile Usage.mkv,632de9ed55947761d56d4c6142a3cb1a1fe69d0b1a6d0e01a2e404c697962623,dfine_native,107500.0,mouse,0.3285,966.91,398.41,992.1,410.63,307.9,25.2,12.22,2.062,False,,True,R-desk,22,evt_S-61_desk_work_surface_0004,bdac2b57433fb1af,lap_bag_context,wrist_confidence_below_floor,34560.0,1.33,,1,cam12/e1/v1,rtmpose_baseline
corpus_03,03.CCTV Mobile Usage.mkv,632de9ed55947761d56d4c6142a3cb1a1fe69d0b1a6d0e01a2e404c697962623,dfine_native,107500.0,mouse,0.5555,864.77,413.8,892.01,435.15,581.6,27.24,21.35,1.276,False,,True,R-desk,22,evt_S-61_desk_work_surface_0004,bdac2b57433fb1af,lap_bag_context,wrist_confidence_below_floor,34560.0,1.33,,1,cam12/e1/v1,rtmpose_baseline
corpus_03,03.CCTV Mobile Usage.mkv,632de9ed55947761d56d4c6142a3cb1a1fe69d0b1a6d0e01a2e404c697962623,dfine_native,107500.0,monitor_or_bezel,0.2728,881.32,396.14,949.13,452.58,3827.0,67.81,56.43,1.202,False,,True,R-desk,22,evt_S-61_desk_work_surface_0004,bdac2b57433fb1af,lap_bag_context,wrist_confidence_below_floor,34560.0,1.33,,1,cam12/e1/v1,rtmpose_baseline
corpus_03,03.CCTV Mobile Usage.mkv,632de9ed55947761d56d4c6142a3cb1a1fe69d0b1a6d0e01a2e404c697962623,dfine_native,107500.0,monitor_or_bezel,0.2683,748.27,395.22,1146.97,491.14,38244.9,398.69,95.93,4.156,False,,True,R-desk,22,evt_S-61_desk_work_surface_0004,bdac2b57433fb1af,lap_bag_context,wrist_confidence_below_floor,34560.0,1.33,,1,cam12/e1/v1,rtmpose_baseline
corpus_03,03.CCTV Mobile Usage.mkv,632de9ed55947761d56d4c6142a3cb1a1fe69d0b1a6d0e01a2e404c697962623,dfine_native,112100.0,bag,0.4723,840.68,1.21,911.4,92.2,6434.4,70.72,90.99,0.777,False,,True,unattributed,26,evt_S-61_upper_body_0019,2eaedc89c6a0012a,native_source_context_fallback,no_pose_observation,7016.6,6.81,,1,cam12/e1/v1,
corpus_03,03.CCTV Mobile Usage.mkv,632de9ed55947761d56d4c6142a3cb1a1fe69d0b1a6d0e01a2e404c697962623,dfine_native,112100.0,monitor_or_bezel,0.5415,825.0,7.63,843.67,44.33,685.1,18.67,36.7,0.509,False,,True,unattributed,26,evt_S-61_upper_body_0019,2eaedc89c6a0012a,native_source_context_fallback,no_pose_observation,7016.6,6.81,,1,cam12/e1/v1,
corpus_03,03.CCTV Mobile Usage.mkv,632de9ed55947761d56d4c6142a3cb1a1fe69d0b1a6d0e01a2e404c697962623,dfine_native,112100.0,bag,0.5036,842.15,35.72,910.27,91.58,3805.1,68.12,55.86,1.219,False,,True,unattributed,26,evt_S-61_upper_body_0019,2eaedc89c6a0012a,native_source_context_fallback,no_pose_observation,7016.6,6.81,,1,cam12/e1/v1,
corpus_03,03.CCTV Mobile Usage.mkv,632de9ed55947761d56d4c6142a3cb1a1fe69d0b1a6d0e01a2e404c697962623,dfine_native,112100.0,bag,0.2908,843.16,1.34,910.28,92.39,6111.8,67.12,91.05,0.737,False,,True,unattributed,26,evt_S-61_upper_body_0019,2eaedc89c6a0012a,native_source_context_fallback,no_pose_observation,7016.6,6.81,,1,cam12/e1/v1,
corpus_03,03.CCTV Mobile Usage.mkv,632de9ed55947761d56d4c6142a3cb1a1fe69d0b1a6d0e01a2e404c697962623,dfine_native,112100.0,bag,0.3053,843.73,46.93,909.04,90.8,2865.3,65.32,43.87,1.489,False,,True,unattributed,26,evt_S-61_upper_body_0019,2eaedc89c6a0012a,native_source_context_fallback,no_pose_observation,7016.6,6.81,,1,cam12/e1/v1,
corpus_03,03.CCTV Mobile Usage.mkv,632de9ed55947761d56d4c6142a3cb1a1fe69d0b1a6d0e01a2e404c697962623,dfine_native,112100.0,unknown_object,0.2811,102.62,454.82,215.89,560.27,11944.5,113.27,105.45,1.074,False,,True,S-61,25,evt_S-61_upper_body_0019,c56edce7ca7440a5,pose_hand_context,,53613.8,2.6,,1,cam12/e1/v1,rtmpose_baseline
corpus_03,03.CCTV Mobile Usage.mkv,632de9ed55947761d56d4c6142a3cb1a1fe69d0b1a6d0e01a2e404c697962623,dfine_native,112100.0,unknown_object,0.3056,18.47,314.07,109.05,384.03,6336.7,90.58,69.96,1.295,False,,True,S-61,25,evt_S-61_upper_body_0019,c56edce7ca7440a5,pose_hand_context,,53613.8,2.6,,1,cam12/e1/v1,rtmpose_baseline
corpus_03,03.CCTV Mobile Usage.mkv,632de9ed55947761d56d4c6142a3cb1a1fe69d0b1a6d0e01a2e404c697962623,dfine_native,112100.0,unknown_object,0.2877,-0.24,494.68,188.87,560.72,12489.2,189.11,66.04,2.863,False,,True,S-61,25,evt_S-61_upper_body_0019,c56edce7ca7440a5,pose_hand_context,,53613.8,2.6,,1,cam12/e1/v1,rtmpose_baseline
corpus_03,03.CCTV Mobile Usage.mkv,632de9ed55947761d56d4c6142a3cb1a1fe69d0b1a6d0e01a2e404c697962623,dfine_native,112100.0,unknown_object,0.309,47.22,325.52,108.85,384.22,3618.0,61.63,58.7,1.05,False,,True,S-61,25,evt_S-61_upper_body_0019,c56edce7ca7440a5,pose_hand_context,,53613.8,2.6,,1,cam12/e1/v1,rtmpose_baseline
corpus_03,03.CCTV Mobile Usage.mkv,632de9ed55947761d56d4c6142a3cb1a1fe69d0b1a6d0e01a2e404c697962623,dfine_native,112100.0,unknown_object,0.254,90.0,330.85,129.53,382.17,2028.7,39.53,51.32,0.77,False,,True,S-61,25,evt_S-61_upper_body_0019,c56edce7ca7440a5,pose_hand_context,,53613.8,2.6,,1,cam12/e1/v1,rtmpose_baseline
corpus_03,03.CCTV Mobile Usage.mkv,632de9ed55947761d56d4c6142a3cb1a1fe69d0b1a6d0e01a2e404c697962623,dfine_native,112100.0,unknown_object,0.2595,22.47,314.11,130.11,386.19,7758.8,107.64,72.08,1.493,False,,True,S-61,25,evt_S-61_upper_body_0019,c56edce7ca7440a5,pose_hand_context,,53613.8,2.6,,1,cam12/e1/v1,rtmpose_baseline
corpus_03,03.CCTV Mobile Usage.mkv,632de9ed55947761d56d4c6142a3cb1a1fe69d0b1a6d0e01a2e404c697962623,dfine_native,113100.0,monitor_or_bezel,0.2587,-0.35,494.18,183.25,554.81,11132.0,183.6,60.63,3.028,False,,True,S-61,25,evt_S-61_upper_body_0019,fc7dfd92575d2bcd,pose_hand_context,,49709.5,2.73,,1,cam12/e1/v1,rtmpose_baseline
corpus_03,03.CCTV Mobile Usage.mkv,632de9ed55947761d56d4c6142a3cb1a1fe69d0b1a6d0e01a2e404c697962623,dfine_native,113100.0,unknown_object,0.3353,21.32,320.07,109.9,386.21,5858.0,88.57,66.14,1.339,False,,True,S-61,25,evt_S-61_upper_body_0019,fc7dfd92575d2bcd,pose_hand_context,,49709.5,2.73,,1,cam12/e1/v1,rtmpose_baseline
corpus_03,03.CCTV Mobile Usage.mkv,632de9ed55947761d56d4c6142a3cb1a1fe69d0b1a6d0e01a2e404c697962623,dfine_native,114100.0,unknown_object,0.2566,-0.47,338.41,91.82,505.32,15405.1,92.29,166.92,0.553,False,,True,S-61,25,evt_S-61_upper_body_0019,c99a5c8067dd97f6,pose_hand_context,,37923.7,3.26,,1,cam12/e1/v1,rtmpose_baseline
corpus_03,03.CCTV Mobile Usage.mkv,632de9ed55947761d56d4c6142a3cb1a1fe69d0b1a6d0e01a2e404c697962623,dfine_native,114100.0,unknown_object,0.2844,-0.33,338.53,111.48,506.61,18792.5,111.81,168.08,0.665,False,,True,S-61,25,evt_S-61_upper_body_0019,c99a5c8067dd97f6,pose_hand_context,,37923.7,3.26,,1,cam12/e1/v1,rtmpose_baseline
corpus_03,03.CCTV Mobile Usage.mkv,632de9ed55947761d56d4c6142a3cb1a1fe69d0b1a6d0e01a2e404c697962623,dfine_native,114100.0,unknown_object,0.2576,-0.4,338.16,88.85,476.6,12356.5,89.25,138.44,0.645,False,,True,S-61,25,evt_S-61_upper_body_0019,c99a5c8067dd97f6,pose_hand_context,,37923.7,3.26,,1,cam12/e1/v1,rtmpose_baseline
corpus_03,03.CCTV Mobile Usage.mkv,632de9ed55947761d56d4c6142a3cb1a1fe69d0b1a6d0e01a2e404c697962623,dfine_native,114100.0,unknown_object,0.3213,-0.15,338.28,172.12,505.28,28768.6,172.27,167.0,1.032,False,,True,S-61,25,evt_S-61_upper_body_0019,c99a5c8067dd97f6,pose_hand_context,,37923.7,3.26,,1,cam12/e1/v1,rtmpose_baseline
corpus_03,03.CCTV Mobile Usage.mkv,632de9ed55947761d56d4c6142a3cb1a1fe69d0b1a6d0e01a2e404c697962623,dfine_native,114100.0,unknown_object,0.2625,112.04,454.38,176.96,520.75,4308.6,64.92,66.37,0.978,False,,True,S-61,25,evt_S-61_upper_body_0019,c99a5c8067dd97f6,pose_hand_context,,37923.7,3.26,,1,cam12/e1/v1,rtmpose_baseline
corpus_03,03.CCTV Mobile Usage.mkv,632de9ed55947761d56d4c6142a3cb1a1fe69d0b1a6d0e01a2e404c697962623,dfine_native,115100.0,unknown_object,0.3513,90.22,454.26,178.25,523.69,6111.3,88.03,69.43,1.268,False,,True,S-61,25,evt_S-61_upper_body_0019,da9caebcc70585aa,pose_hand_context,,41624.2,3.14,,1,cam12/e1/v1,rtmpose_baseline
corpus_03,03.CCTV Mobile Usage.mkv,632de9ed55947761d56d4c6142a3cb1a1fe69d0b1a6d0e01a2e404c697962623,dfine_native,115100.0,unknown_object,0.275,110.02,454.64,177.24,521.34,4483.4,67.21,66.7,1.008,False,,True,S-61,25,evt_S-61_upper_body_0019,da9caebcc70585aa,pose_hand_context,,41624.2,3.14,,1,cam12/e1/v1,rtmpose_baseline
corpus_03,03.CCTV Mobile Usage.mkv,632de9ed55947761d56d4c6142a3cb1a1fe69d0b1a6d0e01a2e404c697962623,dfine_native,115100.0,stationery,0.3232,6.0,424.67,111.71,508.57,8869.3,105.71,83.9,1.26,False,,True,S-61,25,evt_S-61_upper_body_0019,da9caebcc70585aa,pose_hand_context,,41624.2,3.14,,1,cam12/e1/v1,rtmpose_baseline
corpus_03,03.CCTV Mobile Usage.mkv,632de9ed55947761d56d4c6142a3cb1a1fe69d0b1a6d0e01a2e404c697962623,dfine_native,116900.0,unknown_object,0.5196,7.01,254.14,45.71,304.65,1954.9,38.7,50.51,0.766,False,,True,S-61,27,evt_S-61_desk_work_surface_0005,a3458d5ce9213834,pose_hand_context,,46742.4,2.96,,1,cam12/e1/v1,rtmpose_baseline
corpus_03,03.CCTV Mobile Usage.mkv,632de9ed55947761d56d4c6142a3cb1a1fe69d0b1a6d0e01a2e404c697962623,dfine_native,116900.0,stationery,0.4357,50.46,325.95,108.41,356.5,1770.0,57.95,30.54,1.897,False,,True,S-61,27,evt_S-61_desk_work_surface_0005,a3458d5ce9213834,pose_hand_context,,46742.4,2.96,,1,cam12/e1/v1,rtmpose_baseline
corpus_03,03.CCTV Mobile Usage.mkv,632de9ed55947761d56d4c6142a3cb1a1fe69d0b1a6d0e01a2e404c697962623,dfine_native,116900.0,bag,0.418,73.88,375.27,176.26,463.91,9074.9,102.38,88.64,1.155,False,,True,S-61,27,evt_S-61_desk_work_surface_0005,a3458d5ce9213834,pose_hand_context,,46742.4,2.96,,1,cam12/e1/v1,rtmpose_baseline
corpus_03,03.CCTV Mobile Usage.mkv,632de9ed55947761d56d4c6142a3cb1a1fe69d0b1a6d0e01a2e404c697962623,dfine_native,116900.0,monitor_or_bezel,0.2805,15.33,250.68,108.6,356.51,9871.8,93.28,105.83,0.881,False,,True,S-61,27,evt_S-61_desk_work_surface_0005,a3458d5ce9213834,pose_hand_context,,46742.4,2.96,,1,cam12/e1/v1,rtmpose_baseline
corpus_03,03.CCTV Mobile Usage.mkv,632de9ed55947761d56d4c6142a3cb1a1fe69d0b1a6d0e01a2e404c697962623,dfine_native,116900.0,bag,0.3038,15.69,297.44,108.12,356.55,5463.0,92.43,59.11,1.564,False,,True,S-61,27,evt_S-61_desk_work_surface_0005,a3458d5ce9213834,pose_hand_context,,46742.4,2.96,,1,cam12/e1/v1,rtmpose_baseline
corpus_03,03.CCTV Mobile Usage.mkv,632de9ed55947761d56d4c6142a3cb1a1fe69d0b1a6d0e01a2e404c697962623,dfine_native,116900.0,mouse,0.3262,40.3,443.72,71.97,465.98,705.3,31.67,22.27,1.422,False,,True,S-61,27,evt_S-61_desk_work_surface_0005,a3458d5ce9213834,pose_hand_context,,46742.4,2.96,,1,cam12/e1/v1,rtmpose_baseline
corpus_03,03.CCTV Mobile Usage.mkv,632de9ed55947761d56d4c6142a3cb1a1fe69d0b1a6d0e01a2e404c697962623,dfine_native,116900.0,stationery,0.3014,53.46,357.0,97.52,400.52,1917.5,44.06,43.52,1.012,False,,True,S-61,27,evt_S-61_desk_work_surface_0005,a3458d5ce9213834,pose_hand_context,,46742.4,2.96,,1,cam12/e1/v1,rtmpose_baseline
corpus_03,03.CCTV Mobile Usage.mkv,632de9ed55947761d56d4c6142a3cb1a1fe69d0b1a6d0e01a2e404c697962623,dfine_native,116900.0,unknown_object,0.3483,7.09,283.14,176.86,464.68,30818.3,169.77,181.53,0.935,False,,True,S-61,27,evt_S-61_desk_work_surface_0005,a3458d5ce9213834,pose_hand_context,,46742.4,2.96,,1,cam12/e1/v1,rtmpose_baseline
corpus_03,03.CCTV Mobile Usage.mkv,632de9ed55947761d56d4c6142a3cb1a1fe69d0b1a6d0e01a2e404c697962623,dfine_native,116900.0,unknown_object,0.2721,7.06,254.51,174.74,464.59,35227.1,167.68,210.08,0.798,False,,True,S-61,27,evt_S-61_desk_work_surface_0005,a3458d5ce9213834,pose_hand_context,,46742.4,2.96,,1,cam12/e1/v1,rtmpose_baseline
corpus_03,03.CCTV Mobile Usage.mkv,632de9ed55947761d56d4c6142a3cb1a1fe69d0b1a6d0e01a2e404c697962623,dfine_native,116900.0,unknown_object,0.3236,6.95,284.97,114.41,465.43,19392.3,107.46,180.46,0.595,False,,True,S-61,27,evt_S-61_desk_work_surface_0005,a3458d5ce9213834,pose_hand_context,,46742.4,2.96,,1,cam12/e1/v1,rtmpose_baseline
corpus_03,03.CCTV Mobile Usage.mkv,632de9ed55947761d56d4c6142a3cb1a1fe69d0b1a6d0e01a2e404c697962623,dfine_native,117900.0,unknown_object,0.4789,116.05,497.54,296.36,689.76,34657.8,180.3,192.22,0.938,False,,True,S-61,27,evt_S-61_desk_work_surface_0005,89ee27bf194e6394,pose_hand_context,,38064.0,3.28,,1,cam12/e1/v1,rtmpose_baseline
corpus_03,03.CCTV Mobile Usage.mkv,632de9ed55947761d56d4c6142a3cb1a1fe69d0b1a6d0e01a2e404c697962623,dfine_native,117900.0,mouse,0.5197,116.15,648.87,156.39,687.46,1553.0,40.24,38.59,1.043,False,,True,S-61,27,evt_S-61_desk_work_surface_0005,89ee27bf194e6394,pose_hand_context,,38064.0,3.28,,1,cam12/e1/v1,rtmpose_baseline
corpus_03,03.CCTV Mobile Usage.mkv,632de9ed55947761d56d4c6142a3cb1a1fe69d0b1a6d0e01a2e404c697962623,dfine_native,117900.0,unknown_object,0.2891,116.01,496.38,310.37,690.13,37658.4,194.36,193.76,1.003,False,,True,S-61,27,evt_S-61_desk_work_surface_0005,89ee27bf194e6394,pose_hand_context,,38064.0,3.28,,1,cam12/e1/v1,rtmpose_baseline
corpus_03,03.CCTV Mobile Usage.mkv,632de9ed55947761d56d4c6142a3cb1a1fe69d0b1a6d0e01a2e404c697962623,dfine_native,117900.0,stationery,0.3909,124.21,669.87,187.26,690.95,1329.2,63.05,21.08,2.991,False,,True,S-61,27,evt_S-61_desk_work_surface_0005,89ee27bf194e6394,pose_hand_context,,38064.0,3.28,,1,cam12/e1/v1,rtmpose_baseline
corpus_03,03.CCTV Mobile Usage.mkv,632de9ed55947761d56d4c6142a3cb1a1fe69d0b1a6d0e01a2e404c697962623,dfine_native,117900.0,stationery,0.3383,116.07,649.02,187.01,691.04,2980.5,70.93,42.02,1.688,False,,True,S-61,27,evt_S-61_desk_work_surface_0005,89ee27bf194e6394,pose_hand_context,,38064.0,3.28,,1,cam12/e1/v1,rtmpose_baseline
corpus_03,03.CCTV Mobile Usage.mkv,632de9ed55947761d56d4c6142a3cb1a1fe69d0b1a6d0e01a2e404c697962623,dfine_native,118900.0,unknown_object,0.3031,152.11,529.45,287.57,678.58,20201.0,135.46,149.12,0.908,False,,True,S-61,27,evt_S-61_desk_work_surface_0005,2697210375e77d5c,pose_hand_context,,48514.5,2.91,,1,cam12/e1/v1,rtmpose_baseline
corpus_03,03.CCTV Mobile Usage.mkv,632de9ed55947761d56d4c6142a3cb1a1fe69d0b1a6d0e01a2e404c697962623,dfine_native,118900.0,unknown_object,0.2516,152.09,461.47,291.44,678.54,30251.4,139.36,217.08,0.642,False,,True,S-61,27,evt_S-61_desk_work_surface_0005,2697210375e77d5c,pose_hand_context,,48514.5,2.91,,1,cam12/e1/v1,rtmpose_baseline
corpus_03,03.CCTV Mobile Usage.mkv,632de9ed55947761d56d4c6142a3cb1a1fe69d0b1a6d0e01a2e404c697962623,dfine_native,119900.0,unknown_object,0.3414,114.02,476.12,191.3,531.33,4267.4,77.28,55.22,1.4,False,,True,S-61,27,evt_S-61_desk_work_surface_0005,0c194ca6c838fcb4,pose_hand_context,,52413.5,2.8,,1,cam12/e1/v1,rtmpose_baseline
corpus_03,03.CCTV Mobile Usage.mkv,632de9ed55947761d56d4c6142a3cb1a1fe69d0b1a6d0e01a2e404c697962623,dfine_native,119900.0,phone,0.3873,180.77,464.37,209.01,488.37,677.6,28.23,24.0,1.177,False,,True,S-61,27,evt_S-61_desk_work_surface_0005,0c194ca6c838fcb4,pose_hand_context,,52413.5,2.8,,1,cam12/e1/v1,rtmpose_baseline
corpus_03,03.CCTV Mobile Usage.mkv,632de9ed55947761d56d4c6142a3cb1a1fe69d0b1a6d0e01a2e404c697962623,dfine_native,119900.0,phone,0.3307,167.69,443.39,208.91,488.08,1842.1,41.22,44.69,0.922,False,,True,S-61,27,evt_S-61_desk_work_surface_0005,0c194ca6c838fcb4,pose_hand_context,,52413.5,2.8,,1,cam12/e1/v1,rtmpose_baseline
corpus_03,03.CCTV Mobile Usage.mkv,632de9ed55947761d56d4c6142a3cb1a1fe69d0b1a6d0e01a2e404c697962623,dfine_native,119900.0,phone,0.4372,41.36,443.21,72.23,473.24,926.9,30.86,30.03,1.028,False,,True,S-61,27,evt_S-61_desk_work_surface_0005,0c194ca6c838fcb4,pose_hand_context,,52413.5,2.8,,1,cam12/e1/v1,rtmpose_baseline
corpus_03,03.CCTV Mobile Usage.mkv,632de9ed55947761d56d4c6142a3cb1a1fe69d0b1a6d0e01a2e404c697962623,dfine_native,119900.0,unknown_object,0.3677,111.4,437.05,180.12,485.11,3302.3,68.71,48.06,1.43,False,,True,S-61,27,evt_S-61_desk_work_surface_0005,0c194ca6c838fcb4,pose_hand_context,,52413.5,2.8,,1,cam12/e1/v1,rtmpose_baseline
corpus_03,03.CCTV Mobile Usage.mkv,632de9ed55947761d56d4c6142a3cb1a1fe69d0b1a6d0e01a2e404c697962623,dfine_native,119900.0,unknown_object,0.2525,60.74,463.22,116.27,504.97,2318.3,55.53,41.75,1.33,False,,True,S-61,27,evt_S-61_desk_work_surface_0005,0c194ca6c838fcb4,pose_hand_context,,52413.5,2.8,,1,cam12/e1/v1,rtmpose_baseline
corpus_03,03.CCTV Mobile Usage.mkv,632de9ed55947761d56d4c6142a3cb1a1fe69d0b1a6d0e01a2e404c697962623,dfine_native,119900.0,unknown_object,0.2532,60.24,437.18,201.04,536.64,14004.3,140.8,99.46,1.416,False,,True,S-61,27,evt_S-61_desk_work_surface_0005,0c194ca6c838fcb4,pose_hand_context,,52413.5,2.8,,1,cam12/e1/v1,rtmpose_baseline
corpus_03,03.CCTV Mobile Usage.mkv,632de9ed55947761d56d4c6142a3cb1a1fe69d0b1a6d0e01a2e404c697962623,dfine_native,119900.0,unknown_object,0.2854,60.35,450.11,141.26,506.15,4533.6,80.91,56.03,1.444,False,,True,S-61,27,evt_S-61_desk_work_surface_0005,0c194ca6c838fcb4,pose_hand_context,,52413.5,2.8,,1,cam12/e1/v1,rtmpose_baseline
corpus_03,03.CCTV Mobile Usage.mkv,632de9ed55947761d56d4c6142a3cb1a1fe69d0b1a6d0e01a2e404c697962623,dfine_native,119900.0,unknown_object,0.2986,61.64,437.55,180.62,506.16,8163.2,118.98,68.61,1.734,False,,True,S-61,27,evt_S-61_desk_work_surface_0005,0c194ca6c838fcb4,pose_hand_context,,52413.5,2.8,,1,cam12/e1/v1,rtmpose_baseline
corpus_03,03.CCTV Mobile Usage.mkv,632de9ed55947761d56d4c6142a3cb1a1fe69d0b1a6d0e01a2e404c697962623,dfine_native,119900.0,unknown_object,0.2701,116.17,477.06,183.76,520.91,2963.5,67.59,43.85,1.541,False,,True,S-61,27,evt_S-61_desk_work_surface_0005,0c194ca6c838fcb4,pose_hand_context,,52413.5,2.8,,1,cam12/e1/v1,rtmpose_baseline
corpus_03,03.CCTV Mobile Usage.mkv,632de9ed55947761d56d4c6142a3cb1a1fe69d0b1a6d0e01a2e404c697962623,dfine_native,119900.0,mouse,0.2703,47.69,519.14,79.85,540.96,701.8,32.16,21.82,1.474,False,,True,S-61,27,evt_S-61_desk_work_surface_0005,0c194ca6c838fcb4,pose_hand_context,,52413.5,2.8,,1,cam12/e1/v1,rtmpose_baseline
corpus_03,03.CCTV Mobile Usage.mkv,632de9ed55947761d56d4c6142a3cb1a1fe69d0b1a6d0e01a2e404c697962623,dfine_native,119900.0,unknown_object,0.2641,113.75,477.28,199.16,540.57,5405.1,85.4,63.29,1.349,False,,True,S-61,27,evt_S-61_desk_work_surface_0005,0c194ca6c838fcb4,pose_hand_context,,52413.5,2.8,,1,cam12/e1/v1,rtmpose_baseline
corpus_03,03.CCTV Mobile Usage.mkv,632de9ed55947761d56d4c6142a3cb1a1fe69d0b1a6d0e01a2e404c697962623,dfine_native,120900.0,phone,0.4812,166.25,436.0,195.88,465.92,886.8,29.64,29.92,0.99,False,,True,S-61,27,evt_S-61_desk_work_surface_0005,11de1f78939503ad,pose_hand_context,,53683.3,2.71,,1,cam12/e1/v1,rtmpose_baseline
corpus_03,03.CCTV Mobile Usage.mkv,632de9ed55947761d56d4c6142a3cb1a1fe69d0b1a6d0e01a2e404c697962623,dfine_native,120900.0,unknown_object,0.4369,85.95,450.93,144.29,500.49,2890.8,58.33,49.56,1.177,False,,True,S-61,27,evt_S-61_desk_work_surface_0005,11de1f78939503ad,pose_hand_context,,53683.3,2.71,,1,cam12/e1/v1,rtmpose_baseline
corpus_03,03.CCTV Mobile Usage.mkv,632de9ed55947761d56d4c6142a3cb1a1fe69d0b1a6d0e01a2e404c697962623,dfine_native,120900.0,phone,0.5356,41.71,443.93,71.74,473.34,883.2,30.03,29.41,1.021,False,,True,S-61,27,evt_S-61_desk_work_surface_0005,11de1f78939503ad,pose_hand_context,,53683.3,2.71,,1,cam12/e1/v1,rtmpose_baseline
corpus_03,03.CCTV Mobile Usage.mkv,632de9ed55947761d56d4c6142a3cb1a1fe69d0b1a6d0e01a2e404c697962623,dfine_native,120900.0,unknown_object,0.4179,118.8,478.31,178.36,522.02,2603.7,59.56,43.72,1.362,False,,True,S-61,27,evt_S-61_desk_work_surface_0005,11de1f78939503ad,pose_hand_context,,53683.3,2.71,,1,cam12/e1/v1,rtmpose_baseline
corpus_03,03.CCTV Mobile Usage.mkv,632de9ed55947761d56d4c6142a3cb1a1fe69d0b1a6d0e01a2e404c697962623,dfine_native,120900.0,unknown_object,0.4025,62.5,450.68,144.11,504.66,4405.1,81.61,53.98,1.512,False,,True,S-61,27,evt_S-61_desk_work_surface_0005,11de1f78939503ad,pose_hand_context,,53683.3,2.71,,1,cam12/e1/v1,rtmpose_baseline
corpus_03,03.CCTV Mobile Usage.mkv,632de9ed55947761d56d4c6142a3cb1a1fe69d0b1a6d0e01a2e404c697962623,dfine_native,120900.0,unknown_object,0.3693,110.4,437.05,169.16,483.26,2715.4,58.76,46.21,1.272,False,,True,S-61,27,evt_S-61_desk_work_surface_0005,11de1f78939503ad,pose_hand_context,,53683.3,2.71,,1,cam12/e1/v1,rtmpose_baseline
corpus_03,03.CCTV Mobile Usage.mkv,632de9ed55947761d56d4c6142a3cb1a1fe69d0b1a6d0e01a2e404c697962623,dfine_native,120900.0,unknown_object,0.2675,132.68,491.01,177.11,521.23,1342.7,44.43,30.22,1.47,False,,True,S-61,27,evt_S-61_desk_work_surface_0005,11de1f78939503ad,pose_hand_context,,53683.3,2.71,,1,cam12/e1/v1,rtmpose_baseline
corpus_03,03.CCTV Mobile Usage.mkv,632de9ed55947761d56d4c6142a3cb1a1fe69d0b1a6d0e01a2e404c697962623,dfine_native,120900.0,phone,0.3533,165.64,437.35,185.8,464.33,543.9,20.16,26.98,0.747,False,,True,S-61,27,evt_S-61_desk_work_surface_0005,11de1f78939503ad,pose_hand_context,,53683.3,2.71,,1,cam12/e1/v1,rtmpose_baseline
corpus_03,03.CCTV Mobile Usage.mkv,632de9ed55947761d56d4c6142a3cb1a1fe69d0b1a6d0e01a2e404c697962623,dfine_native,120900.0,unknown_object,0.3367,-0.27,306.26,203.67,541.03,47878.4,203.94,234.76,0.869,False,,True,S-61,27,evt_S-61_desk_work_surface_0005,11de1f78939503ad,pose_hand_context,,53683.3,2.71,,1,cam12/e1/v1,rtmpose_baseline
corpus_03,03.CCTV Mobile Usage.mkv,632de9ed55947761d56d4c6142a3cb1a1fe69d0b1a6d0e01a2e404c697962623,dfine_native,120900.0,keyboard,0.3109,89.91,386.22,150.9,413.46,1661.3,60.99,27.24,2.239,False,,True,S-61,27,evt_S-61_desk_work_surface_0005,11de1f78939503ad,pose_hand_context,,53683.3,2.71,,1,cam12/e1/v1,rtmpose_baseline
corpus_03,03.CCTV Mobile Usage.mkv,632de9ed55947761d56d4c6142a3cb1a1fe69d0b1a6d0e01a2e404c697962623,dfine_native,120900.0,unknown_object,0.2879,62.02,463.3,118.19,503.97,2284.6,56.17,40.67,1.381,False,,True,S-61,27,evt_S-61_desk_work_surface_0005,11de1f78939503ad,pose_hand_context,,53683.3,2.71,,1,cam12/e1/v1,rtmpose_baseline
corpus_03,03.CCTV Mobile Usage.mkv,632de9ed55947761d56d4c6142a3cb1a1fe69d0b1a6d0e01a2e404c697962623,dfine_native,120900.0,keyboard,0.3056,81.64,384.93,151.25,413.58,1994.7,69.61,28.66,2.429,False,,True,S-61,27,evt_S-61_desk_work_surface_0005,11de1f78939503ad,pose_hand_context,,53683.3,2.71,,1,cam12/e1/v1,rtmpose_baseline
corpus_03,03.CCTV Mobile Usage.mkv,632de9ed55947761d56d4c6142a3cb1a1fe69d0b1a6d0e01a2e404c697962623,dfine_native,120900.0,unknown_object,0.3824,62.52,437.16,170.22,505.21,7329.4,107.69,68.06,1.582,False,,True,S-61,27,evt_S-61_desk_work_surface_0005,11de1f78939503ad,pose_hand_context,,53683.3,2.71,,1,cam12/e1/v1,rtmpose_baseline
corpus_03,03.CCTV Mobile Usage.mkv,632de9ed55947761d56d4c6142a3cb1a1fe69d0b1a6d0e01a2e404c697962623,dfine_native,120900.0,unknown_object,0.3465,-0.36,305.76,176.47,540.91,41582.0,176.83,235.15,0.752,False,,True,S-61,27,evt_S-61_desk_work_surface_0005,11de1f78939503ad,pose_hand_context,,53683.3,2.71,,1,cam12/e1/v1,rtmpose_baseline
corpus_03,03.CCTV Mobile Usage.mkv,632de9ed55947761d56d4c6142a3cb1a1fe69d0b1a6d0e01a2e404c697962623,dfine_native,120900.0,unknown_object,0.2879,61.33,436.79,178.61,522.5,10052.1,117.28,85.71,1.368,False,,True,S-61,27,evt_S-61_desk_work_surface_0005,11de1f78939503ad,pose_hand_context,,53683.3,2.71,,1,cam12/e1/v1,rtmpose_baseline
corpus_03,03.CCTV Mobile Usage.mkv,632de9ed55947761d56d4c6142a3cb1a1fe69d0b1a6d0e01a2e404c697962623,dfine_native,120900.0,unknown_object,0.2923,-0.11,493.59,171.04,541.81,8252.4,171.15,48.22,3.55,False,,True,S-61,27,evt_S-61_desk_work_surface_0005,11de1f78939503ad,pose_hand_context,,53683.3,2.71,,1,cam12/e1/v1,rtmpose_baseline
corpus_03,03.CCTV Mobile Usage.mkv,632de9ed55947761d56d4c6142a3cb1a1fe69d0b1a6d0e01a2e404c697962623,dfine_native,120900.0,unknown_object,0.3029,48.61,325.12,108.4,379.47,3249.3,59.79,54.34,1.1,False,,True,S-61,27,evt_S-61_desk_work_surface_0005,11de1f78939503ad,pose_hand_context,,53683.3,2.71,,1,cam12/e1/v1,rtmpose_baseline
corpus_03,03.CCTV Mobile Usage.mkv,632de9ed55947761d56d4c6142a3cb1a1fe69d0b1a6d0e01a2e404c697962623,dfine_native,121900.0,unknown_object,0.4302,118.57,476.85,180.5,522.11,2803.1,61.93,45.26,1.368,False,,True,S-61,27,evt_S-61_desk_work_surface_0005,c1251c880eb77e62,pose_hand_context,,51252.1,2.67,,1,cam12/e1/v1,rtmpose_baseline
corpus_03,03.CCTV Mobile Usage.mkv,632de9ed55947761d56d4c6142a3cb1a1fe69d0b1a6d0e01a2e404c697962623,dfine_native,121900.0,phone,0.4416,174.94,437.58,202.83,467.53,835.3,27.89,29.95,0.931,False,,True,S-61,27,evt_S-61_desk_work_surface_0005,c1251c880eb77e62,pose_hand_context,,51252.1,2.67,,1,cam12/e1/v1,rtmpose_baseline
corpus_03,03.CCTV Mobile Usage.mkv,632de9ed55947761d56d4c6142a3cb1a1fe69d0b1a6d0e01a2e404c697962623,dfine_native,121900.0,unknown_object,0.4101,60.42,450.06,144.64,504.51,4585.7,84.22,54.45,1.547,False,,True,S-61,27,evt_S-61_desk_work_surface_0005,c1251c880eb77e62,pose_hand_context,,51252.1,2.67,,1,cam12/e1/v1,rtmpose_baseline
corpus_03,03.CCTV Mobile Usage.mkv,632de9ed55947761d56d4c6142a3cb1a1fe69d0b1a6d0e01a2e404c697962623,dfine_native,121900.0,phone,0.3318,42.76,450.13,69.4,472.52,596.2,26.64,22.39,1.19,False,,True,S-61,27,evt_S-61_desk_work_surface_0005,c1251c880eb77e62,pose_hand_context,,51252.1,2.67,,1,cam12/e1/v1,rtmpose_baseline
corpus_03,03.CCTV Mobile Usage.mkv,632de9ed55947761d56d4c6142a3cb1a1fe69d0b1a6d0e01a2e404c697962623,dfine_native,121900.0,unknown_object,0.5249,60.28,437.4,173.74,505.21,7693.2,113.45,67.81,1.673,False,,True,S-61,27,evt_S-61_desk_work_surface_0005,c1251c880eb77e62,pose_hand_context,,51252.1,2.67,,1,cam12/e1/v1,rtmpose_baseline
corpus_03,03.CCTV Mobile Usage.mkv,632de9ed55947761d56d4c6142a3cb1a1fe69d0b1a6d0e01a2e404c697962623,dfine_native,121900.0,phone,0.3352,176.05,451.12,203.08,467.68,447.5,27.03,16.56,1.632,False,,True,S-61,27,evt_S-61_desk_work_surface_0005,c1251c880eb77e62,pose_hand_context,,51252.1,2.67,,1,cam12/e1/v1,rtmpose_baseline
corpus_03,03.CCTV Mobile Usage.mkv,632de9ed55947761d56d4c6142a3cb1a1fe69d0b1a6d0e01a2e404c697962623,dfine_native,121900.0,monitor_or_bezel,0.5115,-0.06,493.69,189.04,558.74,12300.3,189.09,65.05,2.907,False,,True,S-61,27,evt_S-61_desk_work_surface_0005,c1251c880eb77e62,pose_hand_context,,51252.1,2.67,,1,cam12/e1/v1,rtmpose_baseline
corpus_03,03.CCTV Mobile Usage.mkv,632de9ed55947761d56d4c6142a3cb1a1fe69d0b1a6d0e01a2e404c697962623,dfine_native,121900.0,unknown_object,0.3604,111.31,436.82,173.38,486.5,3083.6,62.07,49.68,1.25,False,,True,S-61,27,evt_S-61_desk_work_surface_0005,c1251c880eb77e62,pose_hand_context,,51252.1,2.67,,1,cam12/e1/v1,rtmpose_baseline
corpus_03,03.CCTV Mobile Usage.mkv,632de9ed55947761d56d4c6142a3cb1a1fe69d0b1a6d0e01a2e404c697962623,dfine_native,121900.0,stationery,0.3088,44.87,507.45,93.15,554.27,2260.3,48.28,46.82,1.031,False,,True,S-61,27,evt_S-61_desk_work_surface_0005,c1251c880eb77e62,pose_hand_context,,51252.1,2.67,,1,cam12/e1/v1,rtmpose_baseline
corpus_03,03.CCTV Mobile Usage.mkv,632de9ed55947761d56d4c6142a3cb1a1fe69d0b1a6d0e01a2e404c697962623,dfine_native,121900.0,unknown_object,0.3783,86.38,450.62,144.0,500.23,2858.4,57.62,49.61,1.162,False,,True,S-61,27,evt_S-61_desk_work_surface_0005,c1251c880eb77e62,pose_hand_context,,51252.1,2.67,,1,cam12/e1/v1,rtmpose_baseline
corpus_03,03.CCTV Mobile Usage.mkv,632de9ed55947761d56d4c6142a3cb1a1fe69d0b1a6d0e01a2e404c697962623,dfine_native,121900.0,phone,0.274,157.71,440.29,202.41,467.77,1228.3,44.7,27.48,1.627,False,,True,S-61,27,evt_S-61_desk_work_surface_0005,c1251c880eb77e62,pose_hand_context,,51252.1,2.67,,1,cam12/e1/v1,rtmpose_baseline
corpus_03,03.CCTV Mobile Usage.mkv,632de9ed55947761d56d4c6142a3cb1a1fe69d0b1a6d0e01a2e404c697962623,dfine_native,121900.0,unknown_object,0.2517,135.07,491.12,177.76,521.33,1289.8,42.7,30.21,1.413,False,,True,S-61,27,evt_S-61_desk_work_surface_0005,c1251c880eb77e62,pose_hand_context,,51252.1,2.67,,1,cam12/e1/v1,rtmpose_baseline
corpus_03,03.CCTV Mobile Usage.mkv,632de9ed55947761d56d4c6142a3cb1a1fe69d0b1a6d0e01a2e404c697962623,dfine_native,121900.0,monitor_or_bezel,0.3787,-0.24,342.33,89.4,505.22,14601.1,89.64,162.89,0.55,False,,True,S-61,27,evt_S-61_desk_work_surface_0005,c1251c880eb77e62,pose_hand_context,,51252.1,2.67,,1,cam12/e1/v1,rtmpose_baseline
corpus_03,03.CCTV Mobile Usage.mkv,632de9ed55947761d56d4c6142a3cb1a1fe69d0b1a6d0e01a2e404c697962623,dfine_native,121900.0,unknown_object,0.413,86.08,436.96,174.01,501.85,5705.9,87.93,64.89,1.355,False,,True,S-61,27,evt_S-61_desk_work_surface_0005,c1251c880eb77e62,pose_hand_context,,51252.1,2.67,,1,cam12/e1/v1,rtmpose_baseline
corpus_03,03.CCTV Mobile Usage.mkv,632de9ed55947761d56d4c6142a3cb1a1fe69d0b1a6d0e01a2e404c697962623,dfine_native,121900.0,monitor_or_bezel,0.2551,-0.13,371.33,86.43,451.2,6914.1,86.57,79.87,1.084,False,,True,S-61,27,evt_S-61_desk_work_surface_0005,c1251c880eb77e62,pose_hand_context,,51252.1,2.67,,1,cam12/e1/v1,rtmpose_baseline
corpus_03,03.CCTV Mobile Usage.mkv,632de9ed55947761d56d4c6142a3cb1a1fe69d0b1a6d0e01a2e404c697962623,dfine_native,121900.0,unknown_object,0.3555,-0.29,319.7,203.86,557.77,48602.8,204.16,238.07,0.858,False,,True,S-61,27,evt_S-61_desk_work_surface_0005,c1251c880eb77e62,pose_hand_context,,51252.1,2.67,,1,cam12/e1/v1,rtmpose_baseline
corpus_03,03.CCTV Mobile Usage.mkv,632de9ed55947761d56d4c6142a3cb1a1fe69d0b1a6d0e01a2e404c697962623,dfine_native,121900.0,monitor_or_bezel,0.2503,-0.18,373.15,87.84,505.05,11610.1,88.02,131.91,0.667,False,,True,S-61,27,evt_S-61_desk_work_surface_0005,c1251c880eb77e62,pose_hand_context,,51252.1,2.67,,1,cam12/e1/v1,rtmpose_baseline
corpus_03,03.CCTV Mobile Usage.mkv,632de9ed55947761d56d4c6142a3cb1a1fe69d0b1a6d0e01a2e404c697962623,dfine_native,121900.0,bag,0.26,77.96,382.61,158.63,429.33,3769.2,80.67,46.72,1.727,False,,True,S-61,27,evt_S-61_desk_work_surface_0005,c1251c880eb77e62,pose_hand_context,,51252.1,2.67,,1,cam12/e1/v1,rtmpose_baseline
corpus_03,03.CCTV Mobile Usage.mkv,632de9ed55947761d56d4c6142a3cb1a1fe69d0b1a6d0e01a2e404c697962623,dfine_native,121900.0,monitor_or_bezel,0.3413,-0.17,342.99,86.25,449.98,9246.0,86.42,106.99,0.808,False,,True,S-61,27,evt_S-61_desk_work_surface_0005,c1251c880eb77e62,pose_hand_context,,51252.1,2.67,,1,cam12/e1/v1,rtmpose_baseline
corpus_03,03.CCTV Mobile Usage.mkv,632de9ed55947761d56d4c6142a3cb1a1fe69d0b1a6d0e01a2e404c697962623,dfine_native,121900.0,unknown_object,0.2558,60.37,461.62,118.5,504.21,2475.6,58.12,42.59,1.365,False,,True,S-61,27,evt_S-61_desk_work_surface_0005,c1251c880eb77e62,pose_hand_context,,51252.1,2.67,,1,cam12/e1/v1,rtmpose_baseline
corpus_03,03.CCTV Mobile Usage.mkv,632de9ed55947761d56d4c6142a3cb1a1fe69d0b1a6d0e01a2e404c697962623,dfine_native,121900.0,unknown_object,0.4145,59.75,436.97,180.5,521.22,10172.1,120.74,84.25,1.433,False,,True,S-61,27,evt_S-61_desk_work_surface_0005,c1251c880eb77e62,pose_hand_context,,51252.1,2.67,,1,cam12/e1/v1,rtmpose_baseline
corpus_03,03.CCTV Mobile Usage.mkv,632de9ed55947761d56d4c6142a3cb1a1fe69d0b1a6d0e01a2e404c697962623,dfine_native,121900.0,mouse,0.2656,40.1,432.64,70.13,471.93,1179.9,30.03,39.29,0.764,False,,True,S-61,27,evt_S-61_desk_work_surface_0005,c1251c880eb77e62,pose_hand_context,,51252.1,2.67,,1,cam12/e1/v1,rtmpose_baseline
corpus_03,03.CCTV Mobile Usage.mkv,632de9ed55947761d56d4c6142a3cb1a1fe69d0b1a6d0e01a2e404c697962623,dfine_native,121900.0,unknown_object,0.318,59.13,436.67,191.36,532.45,12664.5,132.23,95.78,1.381,False,,True,S-61,27,evt_S-61_desk_work_surface_0005,c1251c880eb77e62,pose_hand_context,,51252.1,2.67,,1,cam12/e1/v1,rtmpose_baseline
corpus_03,03.CCTV Mobile Usage.mkv,632de9ed55947761d56d4c6142a3cb1a1fe69d0b1a6d0e01a2e404c697962623,dfine_native,121900.0,monitor_or_bezel,0.2718,-0.11,320.81,87.7,449.91,11337.1,87.81,129.11,0.68,False,,True,S-61,27,evt_S-61_desk_work_surface_0005,c1251c880eb77e62,pose_hand_context,,51252.1,2.67,,1,cam12/e1/v1,rtmpose_baseline
corpus_03,03.CCTV Mobile Usage.mkv,632de9ed55947761d56d4c6142a3cb1a1fe69d0b1a6d0e01a2e404c697962623,dfine_native,123300.0,phone,0.4179,174.44,433.21,201.27,467.19,911.8,26.83,33.98,0.79,False,,True,S-61,28,evt_S-61_desk_work_surface_0006,f267303709494a37,pose_hand_context,,50814.9,2.69,,1,cam12/e1/v1,rtmpose_baseline
corpus_03,03.CCTV Mobile Usage.mkv,632de9ed55947761d56d4c6142a3cb1a1fe69d0b1a6d0e01a2e404c697962623,dfine_native,123300.0,phone,0.3721,43.13,450.35,69.13,472.17,567.3,26.0,21.82,1.192,False,,True,S-61,28,evt_S-61_desk_work_surface_0006,f267303709494a37,pose_hand_context,,50814.9,2.69,,1,cam12/e1/v1,rtmpose_baseline
corpus_03,03.CCTV Mobile Usage.mkv,632de9ed55947761d56d4c6142a3cb1a1fe69d0b1a6d0e01a2e404c697962623,dfine_native,123300.0,monitor_or_bezel,0.4103,-0.22,493.94,188.97,560.71,12632.2,189.19,66.77,2.833,False,,True,S-61,28,evt_S-61_desk_work_surface_0006,f267303709494a37,pose_hand_context,,50814.9,2.69,,1,cam12/e1/v1,rtmpose_baseline
corpus_03,03.CCTV Mobile Usage.mkv,632de9ed55947761d56d4c6142a3cb1a1fe69d0b1a6d0e01a2e404c697962623,dfine_native,123300.0,bag,0.2925,73.53,369.92,158.1,430.66,5136.8,84.57,60.74,1.392,False,,True,S-61,28,evt_S-61_desk_work_surface_0006,f267303709494a37,pose_hand_context,,50814.9,2.69,,1,cam12/e1/v1,rtmpose_baseline
corpus_03,03.CCTV Mobile Usage.mkv,632de9ed55947761d56d4c6142a3cb1a1fe69d0b1a6d0e01a2e404c697962623,dfine_native,123300.0,unknown_object,0.287,85.7,450.31,144.21,501.3,2983.5,58.52,50.99,1.148,False,,True,S-61,28,evt_S-61_desk_work_surface_0006,f267303709494a37,pose_hand_context,,50814.9,2.69,,1,cam12/e1/v1,rtmpose_baseline
corpus_03,03.CCTV Mobile Usage.mkv,632de9ed55947761d56d4c6142a3cb1a1fe69d0b1a6d0e01a2e404c697962623,dfine_native,123300.0,unknown_object,0.393,84.83,436.58,173.89,502.36,5858.4,89.06,65.78,1.354,False,,True,S-61,28,evt_S-61_desk_work_surface_0006,f267303709494a37,pose_hand_context,,50814.9,2.69,,1,cam12/e1/v1,rtmpose_baseline
corpus_03,03.CCTV Mobile Usage.mkv,632de9ed55947761d56d4c6142a3cb1a1fe69d0b1a6d0e01a2e404c697962623,dfine_native,123300.0,unknown_object,0.2597,111.02,436.67,173.52,485.21,3034.3,62.5,48.55,1.287,False,,True,S-61,28,evt_S-61_desk_work_surface_0006,f267303709494a37,pose_hand_context,,50814.9,2.69,,1,cam12/e1/v1,rtmpose_baseline
corpus_03,03.CCTV Mobile Usage.mkv,632de9ed55947761d56d4c6142a3cb1a1fe69d0b1a6d0e01a2e404c697962623,dfine_native,123300.0,unknown_object,0.3206,22.02,323.06,109.88,380.05,5006.9,87.86,56.99,1.542,False,,True,S-61,28,evt_S-61_desk_work_surface_0006,f267303709494a37,pose_hand_context,,50814.9,2.69,,1,cam12/e1/v1,rtmpose_baseline
corpus_03,03.CCTV Mobile Usage.mkv,632de9ed55947761d56d4c6142a3cb1a1fe69d0b1a6d0e01a2e404c697962623,dfine_native,123300.0,unknown_object,0.4283,60.32,436.43,173.88,505.27,7817.8,113.56,68.84,1.65,False,,True,S-61,28,evt_S-61_desk_work_surface_0006,f267303709494a37,pose_hand_context,,50814.9,2.69,,1,cam12/e1/v1,rtmpose_baseline
corpus_03,03.CCTV Mobile Usage.mkv,632de9ed55947761d56d4c6142a3cb1a1fe69d0b1a6d0e01a2e404c697962623,dfine_native,123300.0,monitor_or_bezel,0.2993,-0.14,343.62,86.6,454.8,9643.3,86.74,111.18,0.78,False,,True,S-61,28,evt_S-61_desk_work_surface_0006,f267303709494a37,pose_hand_context,,50814.9,2.69,,1,cam12/e1/v1,rtmpose_baseline
corpus_03,03.CCTV Mobile Usage.mkv,632de9ed55947761d56d4c6142a3cb1a1fe69d0b1a6d0e01a2e404c697962623,dfine_native,123300.0,unknown_object,0.3261,-0.37,323.29,211.39,559.98,50120.0,211.76,236.68,0.895,False,,True,S-61,28,evt_S-61_desk_work_surface_0006,f267303709494a37,pose_hand_context,,50814.9,2.69,,1,cam12/e1/v1,rtmpose_baseline
corpus_03,03.CCTV Mobile Usage.mkv,632de9ed55947761d56d4c6142a3cb1a1fe69d0b1a6d0e01a2e404c697962623,dfine_native,123300.0,monitor_or_bezel,0.2694,-0.27,343.0,88.76,504.09,14340.3,89.02,161.08,0.553,False,,True,S-61,28,evt_S-61_desk_work_surface_0006,f267303709494a37,pose_hand_context,,50814.9,2.69,,1,cam12/e1/v1,rtmpose_baseline
corpus_03,03.CCTV Mobile Usage.mkv,632de9ed55947761d56d4c6142a3cb1a1fe69d0b1a6d0e01a2e404c697962623,dfine_native,123300.0,unknown_object,0.2557,-0.28,343.8,196.05,559.86,42419.6,196.33,216.06,0.909,False,,True,S-61,28,evt_S-61_desk_work_surface_0006,f267303709494a37,pose_hand_context,,50814.9,2.69,,1,cam12/e1/v1,rtmpose_baseline
corpus_03,03.CCTV Mobile Usage.mkv,632de9ed55947761d56d4c6142a3cb1a1fe69d0b1a6d0e01a2e404c697962623,dfine_native,123300.0,phone,0.2902,173.67,432.46,193.3,465.54,649.2,19.63,33.07,0.594,False,,True,S-61,28,evt_S-61_desk_work_surface_0006,f267303709494a37,pose_hand_context,,50814.9,2.69,,1,cam12/e1/v1,rtmpose_baseline
corpus_03,03.CCTV Mobile Usage.mkv,632de9ed55947761d56d4c6142a3cb1a1fe69d0b1a6d0e01a2e404c697962623,dfine_native,123300.0,phone,0.2888,180.73,434.45,201.86,466.97,686.8,21.12,32.52,0.65,False,,True,S-61,28,evt_S-61_desk_work_surface_0006,f267303709494a37,pose_hand_context,,50814.9,2.69,,1,cam12/e1/v1,rtmpose_baseline
corpus_03,03.CCTV Mobile Usage.mkv,632de9ed55947761d56d4c6142a3cb1a1fe69d0b1a6d0e01a2e404c697962623,dfine_native,123867.0,phone,0.4872,175.03,433.61,200.63,466.96,853.9,25.6,33.35,0.768,False,,True,S-61,28,evt_S-61_upper_body_0021,c59b0187c26444f7,pose_hand_context,,59487.2,2.62,,1,cam12/e1/v1,rtmpose_baseline
corpus_03,03.CCTV Mobile Usage.mkv,632de9ed55947761d56d4c6142a3cb1a1fe69d0b1a6d0e01a2e404c697962623,dfine_native,123867.0,phone,0.4034,175.41,438.76,193.33,465.13,472.6,17.93,26.36,0.68,False,,True,S-61,28,evt_S-61_upper_body_0021,c59b0187c26444f7,pose_hand_context,,59487.2,2.62,,1,cam12/e1/v1,rtmpose_baseline
corpus_03,03.CCTV Mobile Usage.mkv,632de9ed55947761d56d4c6142a3cb1a1fe69d0b1a6d0e01a2e404c697962623,dfine_native,123867.0,bag,0.3163,262.27,542.4,342.02,619.7,6164.2,79.75,77.3,1.032,False,,True,S-61,28,evt_S-61_upper_body_0021,c59b0187c26444f7,pose_hand_context,,59487.2,2.62,,1,cam12/e1/v1,rtmpose_baseline
corpus_03,03.CCTV Mobile Usage.mkv,632de9ed55947761d56d4c6142a3cb1a1fe69d0b1a6d0e01a2e404c697962623,dfine_native,123867.0,unknown_object,0.3376,109.96,436.42,175.77,484.54,3167.2,65.81,48.12,1.368,False,,True,S-61,28,evt_S-61_upper_body_0021,c59b0187c26444f7,pose_hand_context,,59487.2,2.62,,1,cam12/e1/v1,rtmpose_baseline
corpus_03,03.CCTV Mobile Usage.mkv,632de9ed55947761d56d4c6142a3cb1a1fe69d0b1a6d0e01a2e404c697962623,dfine_native,123867.0,unknown_object,0.5106,97.97,436.28,176.18,503.36,5246.4,78.21,67.08,1.166,False,,True,S-61,28,evt_S-61_upper_body_0021,c59b0187c26444f7,pose_hand_context,,59487.2,2.62,,1,cam12/e1/v1,rtmpose_baseline
corpus_03,03.CCTV Mobile Usage.mkv,632de9ed55947761d56d4c6142a3cb1a1fe69d0b1a6d0e01a2e404c697962623,dfine_native,123867.0,unknown_object,0.2599,135.21,492.59,177.47,521.76,1232.9,42.27,29.17,1.449,False,,True,S-61,28,evt_S-61_upper_body_0021,c59b0187c26444f7,pose_hand_context,,59487.2,2.62,,1,cam12/e1/v1,rtmpose_baseline
corpus_03,03.CCTV Mobile Usage.mkv,632de9ed55947761d56d4c6142a3cb1a1fe69d0b1a6d0e01a2e404c697962623,dfine_native,123867.0,unknown_object,0.442,98.05,498.73,233.31,618.75,16234.0,135.27,120.01,1.127,False,,True,S-61,28,evt_S-61_upper_body_0021,c59b0187c26444f7,pose_hand_context,,59487.2,2.62,,1,cam12/e1/v1,rtmpose_baseline
corpus_03,03.CCTV Mobile Usage.mkv,632de9ed55947761d56d4c6142a3cb1a1fe69d0b1a6d0e01a2e404c697962623,dfine_native,123867.0,unknown_object,0.3472,97.97,450.36,144.98,501.26,2393.5,47.02,50.91,0.924,False,,True,S-61,28,evt_S-61_upper_body_0021,c59b0187c26444f7,pose_hand_context,,59487.2,2.62,,1,cam12/e1/v1,rtmpose_baseline
corpus_03,03.CCTV Mobile Usage.mkv,632de9ed55947761d56d4c6142a3cb1a1fe69d0b1a6d0e01a2e404c697962623,dfine_native,123867.0,phone,0.4505,173.03,422.03,193.51,465.26,885.2,20.48,43.22,0.474,False,,True,S-61,28,evt_S-61_upper_body_0021,c59b0187c26444f7,pose_hand_context,,59487.2,2.62,,1,cam12/e1/v1,rtmpose_baseline
corpus_03,03.CCTV Mobile Usage.mkv,632de9ed55947761d56d4c6142a3cb1a1fe69d0b1a6d0e01a2e404c697962623,dfine_native,123867.0,unknown_object,0.3487,115.67,477.46,179.49,521.92,2837.5,63.82,44.46,1.435,False,,True,S-61,28,evt_S-61_upper_body_0021,c59b0187c26444f7,pose_hand_context,,59487.2,2.62,,1,cam12/e1/v1,rtmpose_baseline
corpus_03,03.CCTV Mobile Usage.mkv,632de9ed55947761d56d4c6142a3cb1a1fe69d0b1a6d0e01a2e404c697962623,dfine_native,123867.0,unknown_object,0.4469,97.96,436.44,180.73,522.54,7126.4,82.77,86.1,0.961,False,,True,S-61,28,evt_S-61_upper_body_0021,c59b0187c26444f7,pose_hand_context,,59487.2,2.62,,1,cam12/e1/v1,rtmpose_baseline
corpus_03,03.CCTV Mobile Usage.mkv,632de9ed55947761d56d4c6142a3cb1a1fe69d0b1a6d0e01a2e404c697962623,dfine_native,123867.0,unknown_object,0.3256,98.1,436.1,235.2,618.8,25047.5,137.1,182.69,0.75,False,,True,S-61,28,evt_S-61_upper_body_0021,c59b0187c26444f7,pose_hand_context,,59487.2,2.62,,1,cam12/e1/v1,rtmpose_baseline
corpus_03,03.CCTV Mobile Usage.mkv,632de9ed55947761d56d4c6142a3cb1a1fe69d0b1a6d0e01a2e404c697962623,dfine_native,123867.0,bag,0.2859,262.72,561.17,341.96,619.76,4642.9,79.24,58.59,1.353,False,,True,S-61,28,evt_S-61_upper_body_0021,c59b0187c26444f7,pose_hand_context,,59487.2,2.62,,1,cam12/e1/v1,rtmpose_baseline
corpus_03,03.CCTV Mobile Usage.mkv,632de9ed55947761d56d4c6142a3cb1a1fe69d0b1a6d0e01a2e404c697962623,dfine_native,123867.0,unknown_object,0.2871,97.91,436.02,192.58,531.93,9080.2,94.68,95.91,0.987,False,,True,S-61,28,evt_S-61_upper_body_0021,c59b0187c26444f7,pose_hand_context,,59487.2,2.62,,1,cam12/e1/v1,rtmpose_baseline
corpus_03,03.CCTV Mobile Usage.mkv,632de9ed55947761d56d4c6142a3cb1a1fe69d0b1a6d0e01a2e404c697962623,dfine_native,123867.0,phone,0.2692,180.13,450.21,192.96,464.92,188.8,12.84,14.71,0.873,False,,True,S-61,28,evt_S-61_upper_body_0021,c59b0187c26444f7,pose_hand_context,,59487.2,2.62,,1,cam12/e1/v1,rtmpose_baseline
corpus_03,03.CCTV Mobile Usage.mkv,632de9ed55947761d56d4c6142a3cb1a1fe69d0b1a6d0e01a2e404c697962623,dfine_native,123867.0,phone,0.3409,172.64,421.15,203.52,467.82,1441.1,30.88,46.67,0.662,False,,True,S-61,28,evt_S-61_upper_body_0021,c59b0187c26444f7,pose_hand_context,,59487.2,2.62,,1,cam12/e1/v1,rtmpose_baseline
corpus_03,03.CCTV Mobile Usage.mkv,632de9ed55947761d56d4c6142a3cb1a1fe69d0b1a6d0e01a2e404c697962623,dfine_native,124300.0,keyboard,0.8996,962.03,451.92,1067.79,491.46,4181.5,105.76,39.54,2.675,False,,True,R-desk,29,evt_S-61_desk_work_surface_0006,3f231be20d60b9e1,lap_bag_context,no_pose_observation,34560.0,1.33,,1,cam12/e1/v1,
corpus_03,03.CCTV Mobile Usage.mkv,632de9ed55947761d56d4c6142a3cb1a1fe69d0b1a6d0e01a2e404c697962623,dfine_native,124300.0,unknown_object,0.5589,699.97,396.2,853.44,492.16,14727.0,153.47,95.96,1.599,False,,True,R-desk,29,evt_S-61_desk_work_surface_0006,3f231be20d60b9e1,lap_bag_context,no_pose_observation,34560.0,1.33,,1,cam12/e1/v1,
corpus_03,03.CCTV Mobile Usage.mkv,632de9ed55947761d56d4c6142a3cb1a1fe69d0b1a6d0e01a2e404c697962623,dfine_native,124300.0,monitor_or_bezel,0.6184,1018.74,395.55,1145.55,447.85,6632.4,126.81,52.3,2.425,False,,True,R-desk,29,evt_S-61_desk_work_surface_0006,3f231be20d60b9e1,lap_bag_context,no_pose_observation,34560.0,1.33,,1,cam12/e1/v1,
corpus_03,03.CCTV Mobile Usage.mkv,632de9ed55947761d56d4c6142a3cb1a1fe69d0b1a6d0e01a2e404c697962623,dfine_native,124300.0,keyboard,0.5882,802.87,396.26,870.71,420.56,1648.1,67.84,24.29,2.793,False,,True,R-desk,29,evt_S-61_desk_work_surface_0006,3f231be20d60b9e1,lap_bag_context,no_pose_observation,34560.0,1.33,,1,cam12/e1/v1,
corpus_03,03.CCTV Mobile Usage.mkv,632de9ed55947761d56d4c6142a3cb1a1fe69d0b1a6d0e01a2e404c697962623,dfine_native,124300.0,monitor_or_bezel,0.3227,1012.16,395.5,1146.87,488.56,12535.1,134.71,93.05,1.448,False,,True,R-desk,29,evt_S-61_desk_work_surface_0006,3f231be20d60b9e1,lap_bag_context,no_pose_observation,34560.0,1.33,,1,cam12/e1/v1,
corpus_03,03.CCTV Mobile Usage.mkv,632de9ed55947761d56d4c6142a3cb1a1fe69d0b1a6d0e01a2e404c697962623,dfine_native,124300.0,phone,0.3,1042.82,421.85,1112.75,474.25,3664.6,69.93,52.41,1.334,False,,True,R-desk,29,evt_S-61_desk_work_surface_0006,3f231be20d60b9e1,lap_bag_context,no_pose_observation,34560.0,1.33,,1,cam12/e1/v1,
corpus_03,03.CCTV Mobile Usage.mkv,632de9ed55947761d56d4c6142a3cb1a1fe69d0b1a6d0e01a2e404c697962623,dfine_native,124300.0,mouse,0.5571,864.75,413.85,891.89,435.18,579.0,27.14,21.33,1.272,False,,True,R-desk,29,evt_S-61_desk_work_surface_0006,3f231be20d60b9e1,lap_bag_context,no_pose_observation,34560.0,1.33,,1,cam12/e1/v1,
corpus_03,03.CCTV Mobile Usage.mkv,632de9ed55947761d56d4c6142a3cb1a1fe69d0b1a6d0e01a2e404c697962623,dfine_native,124300.0,unknown_object,0.331,700.04,396.13,771.36,491.98,6836.7,71.32,95.85,0.744,False,,True,R-desk,29,evt_S-61_desk_work_surface_0006,3f231be20d60b9e1,lap_bag_context,no_pose_observation,34560.0,1.33,,1,cam12/e1/v1,
corpus_03,03.CCTV Mobile Usage.mkv,632de9ed55947761d56d4c6142a3cb1a1fe69d0b1a6d0e01a2e404c697962623,dfine_native,124300.0,mouse,0.3275,966.93,398.39,991.84,410.57,303.5,24.91,12.18,2.045,False,,True,R-desk,29,evt_S-61_desk_work_surface_0006,3f231be20d60b9e1,lap_bag_context,no_pose_observation,34560.0,1.33,,1,cam12/e1/v1,
corpus_03,03.CCTV Mobile Usage.mkv,632de9ed55947761d56d4c6142a3cb1a1fe69d0b1a6d0e01a2e404c697962623,dfine_native,124300.0,monitor_or_bezel,0.2852,881.18,396.15,948.82,452.69,3824.7,67.64,56.54,1.196,False,,True,R-desk,29,evt_S-61_desk_work_surface_0006,3f231be20d60b9e1,lap_bag_context,no_pose_observation,34560.0,1.33,,1,cam12/e1/v1,
corpus_03,03.CCTV Mobile Usage.mkv,632de9ed55947761d56d4c6142a3cb1a1fe69d0b1a6d0e01a2e404c697962623,dfine_native,124300.0,unknown_object,0.3372,700.04,396.33,757.94,491.38,5503.3,57.9,95.05,0.609,False,,True,R-desk,29,evt_S-61_desk_work_surface_0006,3f231be20d60b9e1,lap_bag_context,no_pose_observation,34560.0,1.33,,1,cam12/e1/v1,
corpus_03,03.CCTV Mobile Usage.mkv,632de9ed55947761d56d4c6142a3cb1a1fe69d0b1a6d0e01a2e404c697962623,dfine_native,124300.0,mouse,0.2936,990.89,400.7,1028.49,413.6,484.7,37.6,12.89,2.916,False,,True,R-desk,29,evt_S-61_desk_work_surface_0006,3f231be20d60b9e1,lap_bag_context,no_pose_observation,34560.0,1.33,,1,cam12/e1/v1,
corpus_03,03.CCTV Mobile Usage.mkv,632de9ed55947761d56d4c6142a3cb1a1fe69d0b1a6d0e01a2e404c697962623,dfine_native,124300.0,monitor_or_bezel,0.2604,733.93,395.32,1146.2,491.03,39458.6,412.27,95.71,4.307,False,,True,R-desk,29,evt_S-61_desk_work_surface_0006,3f231be20d60b9e1,lap_bag_context,no_pose_observation,34560.0,1.33,,1,cam12/e1/v1,
corpus_03,03.CCTV Mobile Usage.mkv,632de9ed55947761d56d4c6142a3cb1a1fe69d0b1a6d0e01a2e404c697962623,dfine_native,124300.0,monitor_or_bezel,0.4106,-0.22,493.91,188.4,560.7,12597.2,188.62,66.79,2.824,False,,True,S-61,28,evt_S-61_desk_work_surface_0006,c73f0c4608cab469,pose_hand_context,,52101.0,2.66,,1,cam12/e1/v1,rtmpose_baseline
corpus_03,03.CCTV Mobile Usage.mkv,632de9ed55947761d56d4c6142a3cb1a1fe69d0b1a6d0e01a2e404c697962623,dfine_native,124300.0,unknown_object,0.3491,61.59,436.42,178.64,506.35,8184.9,117.05,69.93,1.674,False,,True,S-61,28,evt_S-61_desk_work_surface_0006,c73f0c4608cab469,pose_hand_context,,52101.0,2.66,,1,cam12/e1/v1,rtmpose_baseline
corpus_03,03.CCTV Mobile Usage.mkv,632de9ed55947761d56d4c6142a3cb1a1fe69d0b1a6d0e01a2e404c697962623,dfine_native,124300.0,phone,0.3478,43.17,450.69,69.69,472.07,566.9,26.52,21.38,1.241,False,,True,S-61,28,evt_S-61_desk_work_surface_0006,c73f0c4608cab469,pose_hand_context,,52101.0,2.66,,1,cam12/e1/v1,rtmpose_baseline
corpus_03,03.CCTV Mobile Usage.mkv,632de9ed55947761d56d4c6142a3cb1a1fe69d0b1a6d0e01a2e404c697962623,dfine_native,124300.0,unknown_object,0.2596,111.02,436.44,176.58,483.88,3109.8,65.56,47.44,1.382,False,,True,S-61,28,evt_S-61_desk_work_surface_0006,c73f0c4608cab469,pose_hand_context,,52101.0,2.66,,1,cam12/e1/v1,rtmpose_baseline
corpus_03,03.CCTV Mobile Usage.mkv,632de9ed55947761d56d4c6142a3cb1a1fe69d0b1a6d0e01a2e404c697962623,dfine_native,124300.0,unknown_object,0.2749,85.99,451.2,145.04,500.33,2901.4,59.05,49.13,1.202,False,,True,S-61,28,evt_S-61_desk_work_surface_0006,c73f0c4608cab469,pose_hand_context,,52101.0,2.66,,1,cam12/e1/v1,rtmpose_baseline
corpus_03,03.CCTV Mobile Usage.mkv,632de9ed55947761d56d4c6142a3cb1a1fe69d0b1a6d0e01a2e404c697962623,dfine_native,124300.0,phone,0.289,178.73,433.17,198.8,464.69,632.5,20.07,31.52,0.637,False,,True,S-61,28,evt_S-61_desk_work_surface_0006,c73f0c4608cab469,pose_hand_context,,52101.0,2.66,,1,cam12/e1/v1,rtmpose_baseline
corpus_03,03.CCTV Mobile Usage.mkv,632de9ed55947761d56d4c6142a3cb1a1fe69d0b1a6d0e01a2e404c697962623,dfine_native,124300.0,phone,0.3444,172.5,420.87,198.11,464.61,1120.2,25.61,43.74,0.586,False,,True,S-61,28,evt_S-61_desk_work_surface_0006,c73f0c4608cab469,pose_hand_context,,52101.0,2.66,,1,cam12/e1/v1,rtmpose_baseline
corpus_03,03.CCTV Mobile Usage.mkv,632de9ed55947761d56d4c6142a3cb1a1fe69d0b1a6d0e01a2e404c697962623,dfine_native,124300.0,unknown_object,0.3191,86.77,436.37,177.72,501.92,5962.2,90.96,65.55,1.388,False,,True,S-61,28,evt_S-61_desk_work_surface_0006,c73f0c4608cab469,pose_hand_context,,52101.0,2.66,,1,cam12/e1/v1,rtmpose_baseline
corpus_03,03.CCTV Mobile Usage.mkv,632de9ed55947761d56d4c6142a3cb1a1fe69d0b1a6d0e01a2e404c697962623,dfine_native,124300.0,unknown_object,0.3472,61.18,436.57,183.41,522.84,10544.4,122.23,86.27,1.417,False,,True,S-61,28,evt_S-61_desk_work_surface_0006,c73f0c4608cab469,pose_hand_context,,52101.0,2.66,,1,cam12/e1/v1,rtmpose_baseline
corpus_03,03.CCTV Mobile Usage.mkv,632de9ed55947761d56d4c6142a3cb1a1fe69d0b1a6d0e01a2e404c697962623,dfine_native,124867.0,unknown_object,0.5889,109.0,436.31,177.14,501.9,4468.8,68.14,65.58,1.039,False,,True,S-61,28,evt_S-61_upper_body_0021,0fc2f4392cd3915c,pose_hand_context,,56463.3,2.69,,1,cam12/e1/v1,rtmpose_baseline
corpus_03,03.CCTV Mobile Usage.mkv,632de9ed55947761d56d4c6142a3cb1a1fe69d0b1a6d0e01a2e404c697962623,dfine_native,124867.0,monitor_or_bezel,0.4323,109.06,503.19,272.97,662.6,26129.0,163.91,159.41,1.028,False,,True,S-61,28,evt_S-61_upper_body_0021,0fc2f4392cd3915c,pose_hand_context,,56463.3,2.69,,1,cam12/e1/v1,rtmpose_baseline
corpus_03,03.CCTV Mobile Usage.mkv,632de9ed55947761d56d4c6142a3cb1a1fe69d0b1a6d0e01a2e404c697962623,dfine_native,124867.0,unknown_object,0.3924,109.89,436.51,176.6,488.86,3492.7,66.71,52.36,1.274,False,,True,S-61,28,evt_S-61_upper_body_0021,0fc2f4392cd3915c,pose_hand_context,,56463.3,2.69,,1,cam12/e1/v1,rtmpose_baseline
corpus_03,03.CCTV Mobile Usage.mkv,632de9ed55947761d56d4c6142a3cb1a1fe69d0b1a6d0e01a2e404c697962623,dfine_native,124867.0,bag,0.353,245.2,568.61,345.97,663.54,9566.2,100.77,94.94,1.061,False,,True,S-61,28,evt_S-61_upper_body_0021,0fc2f4392cd3915c,pose_hand_context,,56463.3,2.69,,1,cam12/e1/v1,rtmpose_baseline
corpus_03,03.CCTV Mobile Usage.mkv,632de9ed55947761d56d4c6142a3cb1a1fe69d0b1a6d0e01a2e404c697962623,dfine_native,124867.0,mouse,0.3904,116.18,648.71,156.7,663.98,618.9,40.51,15.28,2.652,False,,True,S-61,28,evt_S-61_upper_body_0021,0fc2f4392cd3915c,pose_hand_context,,56463.3,2.69,,1,cam12/e1/v1,rtmpose_baseline
corpus_03,03.CCTV Mobile Usage.mkv,632de9ed55947761d56d4c6142a3cb1a1fe69d0b1a6d0e01a2e404c697962623,dfine_native,124867.0,unknown_object,0.2934,135.35,492.93,177.77,521.93,1230.4,42.42,29.0,1.463,False,,True,S-61,28,evt_S-61_upper_body_0021,0fc2f4392cd3915c,pose_hand_context,,56463.3,2.69,,1,cam12/e1/v1,rtmpose_baseline
corpus_03,03.CCTV Mobile Usage.mkv,632de9ed55947761d56d4c6142a3cb1a1fe69d0b1a6d0e01a2e404c697962623,dfine_native,124867.0,unknown_object,0.3076,154.47,428.82,209.4,483.36,2995.8,54.93,54.54,1.007,False,,True,S-61,28,evt_S-61_upper_body_0021,0fc2f4392cd3915c,pose_hand_context,,56463.3,2.69,,1,cam12/e1/v1,rtmpose_baseline
corpus_03,03.CCTV Mobile Usage.mkv,632de9ed55947761d56d4c6142a3cb1a1fe69d0b1a6d0e01a2e404c697962623,dfine_native,124867.0,unknown_object,0.4471,108.96,436.61,180.96,522.82,6207.3,72.0,86.21,0.835,False,,True,S-61,28,evt_S-61_upper_body_0021,0fc2f4392cd3915c,pose_hand_context,,56463.3,2.69,,1,cam12/e1/v1,rtmpose_baseline
corpus_03,03.CCTV Mobile Usage.mkv,632de9ed55947761d56d4c6142a3cb1a1fe69d0b1a6d0e01a2e404c697962623,dfine_native,124867.0,unknown_object,0.3552,115.85,475.55,180.22,521.94,2985.5,64.37,46.38,1.388,False,,True,S-61,28,evt_S-61_upper_body_0021,0fc2f4392cd3915c,pose_hand_context,,56463.3,2.69,,1,cam12/e1/v1,rtmpose_baseline
corpus_03,03.CCTV Mobile Usage.mkv,632de9ed55947761d56d4c6142a3cb1a1fe69d0b1a6d0e01a2e404c697962623,dfine_native,124867.0,unknown_object,0.3476,109.01,436.25,273.36,662.38,37164.4,164.35,226.13,0.727,False,,True,S-61,28,evt_S-61_upper_body_0021,0fc2f4392cd3915c,pose_hand_context,,56463.3,2.69,,1,cam12/e1/v1,rtmpose_baseline
corpus_03,03.CCTV Mobile Usage.mkv,632de9ed55947761d56d4c6142a3cb1a1fe69d0b1a6d0e01a2e404c697962623,dfine_native,124867.0,keyboard,0.8996,962.03,451.92,1067.79,491.46,4181.5,105.76,39.54,2.675,False,,True,R-desk,30,evt_S-61_upper_body_0021,f36d96d43f74c80f,lap_bag_context,no_pose_observation,34560.0,1.33,,1,cam12/e1/v1,
corpus_03,03.CCTV Mobile Usage.mkv,632de9ed55947761d56d4c6142a3cb1a1fe69d0b1a6d0e01a2e404c697962623,dfine_native,124867.0,unknown_object,0.5589,699.97,396.2,853.44,492.16,14727.0,153.47,95.96,1.599,False,,True,R-desk,30,evt_S-61_upper_body_0021,f36d96d43f74c80f,lap_bag_context,no_pose_observation,34560.0,1.33,,1,cam12/e1/v1,
corpus_03,03.CCTV Mobile Usage.mkv,632de9ed55947761d56d4c6142a3cb1a1fe69d0b1a6d0e01a2e404c697962623,dfine_native,124867.0,monitor_or_bezel,0.6184,1018.74,395.55,1145.55,447.85,6632.4,126.81,52.3,2.425,False,,True,R-desk,30,evt_S-61_upper_body_0021,f36d96d43f74c80f,lap_bag_context,no_pose_observation,34560.0,1.33,,1,cam12/e1/v1,
corpus_03,03.CCTV Mobile Usage.mkv,632de9ed55947761d56d4c6142a3cb1a1fe69d0b1a6d0e01a2e404c697962623,dfine_native,124867.0,keyboard,0.5882,802.87,396.26,870.71,420.56,1648.1,67.84,24.29,2.793,False,,True,R-desk,30,evt_S-61_upper_body_0021,f36d96d43f74c80f,lap_bag_context,no_pose_observation,34560.0,1.33,,1,cam12/e1/v1,
corpus_03,03.CCTV Mobile Usage.mkv,632de9ed55947761d56d4c6142a3cb1a1fe69d0b1a6d0e01a2e404c697962623,dfine_native,124867.0,monitor_or_bezel,0.3227,1012.16,395.5,1146.87,488.56,12535.1,134.71,93.05,1.448,False,,True,R-desk,30,evt_S-61_upper_body_0021,f36d96d43f74c80f,lap_bag_context,no_pose_observation,34560.0,1.33,,1,cam12/e1/v1,
corpus_03,03.CCTV Mobile Usage.mkv,632de9ed55947761d56d4c6142a3cb1a1fe69d0b1a6d0e01a2e404c697962623,dfine_native,124867.0,phone,0.3,1042.82,421.85,1112.75,474.25,3664.6,69.93,52.41,1.334,False,,True,R-desk,30,evt_S-61_upper_body_0021,f36d96d43f74c80f,lap_bag_context,no_pose_observation,34560.0,1.33,,1,cam12/e1/v1,
corpus_03,03.CCTV Mobile Usage.mkv,632de9ed55947761d56d4c6142a3cb1a1fe69d0b1a6d0e01a2e404c697962623,dfine_native,124867.0,mouse,0.5571,864.75,413.85,891.89,435.18,579.0,27.14,21.33,1.272,False,,True,R-desk,30,evt_S-61_upper_body_0021,f36d96d43f74c80f,lap_bag_context,no_pose_observation,34560.0,1.33,,1,cam12/e1/v1,
corpus_03,03.CCTV Mobile Usage.mkv,632de9ed55947761d56d4c6142a3cb1a1fe69d0b1a6d0e01a2e404c697962623,dfine_native,124867.0,unknown_object,0.331,700.04,396.13,771.36,491.98,6836.7,71.32,95.85,0.744,False,,True,R-desk,30,evt_S-61_upper_body_0021,f36d96d43f74c80f,lap_bag_context,no_pose_observation,34560.0,1.33,,1,cam12/e1/v1,
corpus_03,03.CCTV Mobile Usage.mkv,632de9ed55947761d56d4c6142a3cb1a1fe69d0b1a6d0e01a2e404c697962623,dfine_native,124867.0,mouse,0.3275,966.93,398.39,991.84,410.57,303.5,24.91,12.18,2.045,False,,True,R-desk,30,evt_S-61_upper_body_0021,f36d96d43f74c80f,lap_bag_context,no_pose_observation,34560.0,1.33,,1,cam12/e1/v1,
corpus_03,03.CCTV Mobile Usage.mkv,632de9ed55947761d56d4c6142a3cb1a1fe69d0b1a6d0e01a2e404c697962623,dfine_native,124867.0,monitor_or_bezel,0.2852,881.18,396.15,948.82,452.69,3824.7,67.64,56.54,1.196,False,,True,R-desk,30,evt_S-61_upper_body_0021,f36d96d43f74c80f,lap_bag_context,no_pose_observation,34560.0,1.33,,1,cam12/e1/v1,
corpus_03,03.CCTV Mobile Usage.mkv,632de9ed55947761d56d4c6142a3cb1a1fe69d0b1a6d0e01a2e404c697962623,dfine_native,124867.0,unknown_object,0.3372,700.04,396.33,757.94,491.38,5503.3,57.9,95.05,0.609,False,,True,R-desk,30,evt_S-61_upper_body_0021,f36d96d43f74c80f,lap_bag_context,no_pose_observation,34560.0,1.33,,1,cam12/e1/v1,
corpus_03,03.CCTV Mobile Usage.mkv,632de9ed55947761d56d4c6142a3cb1a1fe69d0b1a6d0e01a2e404c697962623,dfine_native,124867.0,mouse,0.2936,990.89,400.7,1028.49,413.6,484.7,37.6,12.89,2.916,False,,True,R-desk,30,evt_S-61_upper_body_0021,f36d96d43f74c80f,lap_bag_context,no_pose_observation,34560.0,1.33,,1,cam12/e1/v1,
corpus_03,03.CCTV Mobile Usage.mkv,632de9ed55947761d56d4c6142a3cb1a1fe69d0b1a6d0e01a2e404c697962623,dfine_native,124867.0,monitor_or_bezel,0.2604,733.93,395.32,1146.2,491.03,39458.6,412.27,95.71,4.307,False,,True,R-desk,30,evt_S-61_upper_body_0021,f36d96d43f74c80f,lap_bag_context,no_pose_observation,34560.0,1.33,,1,cam12/e1/v1,
corpus_03,03.CCTV Mobile Usage.mkv,632de9ed55947761d56d4c6142a3cb1a1fe69d0b1a6d0e01a2e404c697962623,dfine_native,124867.0,keyboard,0.8996,962.03,451.92,1067.79,491.46,4181.5,105.76,39.54,2.675,False,,True,R-desk,29,evt_S-61_upper_body_0021,f36d96d43f74c80f,lap_bag_context,no_pose_observation,34560.0,1.33,,1,cam12/e1/v1,
corpus_03,03.CCTV Mobile Usage.mkv,632de9ed55947761d56d4c6142a3cb1a1fe69d0b1a6d0e01a2e404c697962623,dfine_native,124867.0,unknown_object,0.5589,699.97,396.2,853.44,492.16,14727.0,153.47,95.96,1.599,False,,True,R-desk,29,evt_S-61_upper_body_0021,f36d96d43f74c80f,lap_bag_context,no_pose_observation,34560.0,1.33,,1,cam12/e1/v1,
corpus_03,03.CCTV Mobile Usage.mkv,632de9ed55947761d56d4c6142a3cb1a1fe69d0b1a6d0e01a2e404c697962623,dfine_native,124867.0,monitor_or_bezel,0.6184,1018.74,395.55,1145.55,447.85,6632.4,126.81,52.3,2.425,False,,True,R-desk,29,evt_S-61_upper_body_0021,f36d96d43f74c80f,lap_bag_context,no_pose_observation,34560.0,1.33,,1,cam12/e1/v1,
corpus_03,03.CCTV Mobile Usage.mkv,632de9ed55947761d56d4c6142a3cb1a1fe69d0b1a6d0e01a2e404c697962623,dfine_native,124867.0,keyboard,0.5882,802.87,396.26,870.71,420.56,1648.1,67.84,24.29,2.793,False,,True,R-desk,29,evt_S-61_upper_body_0021,f36d96d43f74c80f,lap_bag_context,no_pose_observation,34560.0,1.33,,1,cam12/e1/v1,
corpus_03,03.CCTV Mobile Usage.mkv,632de9ed55947761d56d4c6142a3cb1a1fe69d0b1a6d0e01a2e404c697962623,dfine_native,124867.0,monitor_or_bezel,0.3227,1012.16,395.5,1146.87,488.56,12535.1,134.71,93.05,1.448,False,,True,R-desk,29,evt_S-61_upper_body_0021,f36d96d43f74c80f,lap_bag_context,no_pose_observation,34560.0,1.33,,1,cam12/e1/v1,
corpus_03,03.CCTV Mobile Usage.mkv,632de9ed55947761d56d4c6142a3cb1a1fe69d0b1a6d0e01a2e404c697962623,dfine_native,124867.0,phone,0.3,1042.82,421.85,1112.75,474.25,3664.6,69.93,52.41,1.334,False,,True,R-desk,29,evt_S-61_upper_body_0021,f36d96d43f74c80f,lap_bag_context,no_pose_observation,34560.0,1.33,,1,cam12/e1/v1,
corpus_03,03.CCTV Mobile Usage.mkv,632de9ed55947761d56d4c6142a3cb1a1fe69d0b1a6d0e01a2e404c697962623,dfine_native,124867.0,mouse,0.5571,864.75,413.85,891.89,435.18,579.0,27.14,21.33,1.272,False,,True,R-desk,29,evt_S-61_upper_body_0021,f36d96d43f74c80f,lap_bag_context,no_pose_observation,34560.0,1.33,,1,cam12/e1/v1,
corpus_03,03.CCTV Mobile Usage.mkv,632de9ed55947761d56d4c6142a3cb1a1fe69d0b1a6d0e01a2e404c697962623,dfine_native,124867.0,unknown_object,0.331,700.04,396.13,771.36,491.98,6836.7,71.32,95.85,0.744,False,,True,R-desk,29,evt_S-61_upper_body_0021,f36d96d43f74c80f,lap_bag_context,no_pose_observation,34560.0,1.33,,1,cam12/e1/v1,
corpus_03,03.CCTV Mobile Usage.mkv,632de9ed55947761d56d4c6142a3cb1a1fe69d0b1a6d0e01a2e404c697962623,dfine_native,124867.0,mouse,0.3275,966.93,398.39,991.84,410.57,303.5,24.91,12.18,2.045,False,,True,R-desk,29,evt_S-61_upper_body_0021,f36d96d43f74c80f,lap_bag_context,no_pose_observation,34560.0,1.33,,1,cam12/e1/v1,
corpus_03,03.CCTV Mobile Usage.mkv,632de9ed55947761d56d4c6142a3cb1a1fe69d0b1a6d0e01a2e404c697962623,dfine_native,124867.0,monitor_or_bezel,0.2852,881.18,396.15,948.82,452.69,3824.7,67.64,56.54,1.196,False,,True,R-desk,29,evt_S-61_upper_body_0021,f36d96d43f74c80f,lap_bag_context,no_pose_observation,34560.0,1.33,,1,cam12/e1/v1,
corpus_03,03.CCTV Mobile Usage.mkv,632de9ed55947761d56d4c6142a3cb1a1fe69d0b1a6d0e01a2e404c697962623,dfine_native,124867.0,unknown_object,0.3372,700.04,396.33,757.94,491.38,5503.3,57.9,95.05,0.609,False,,True,R-desk,29,evt_S-61_upper_body_0021,f36d96d43f74c80f,lap_bag_context,no_pose_observation,34560.0,1.33,,1,cam12/e1/v1,
corpus_03,03.CCTV Mobile Usage.mkv,632de9ed55947761d56d4c6142a3cb1a1fe69d0b1a6d0e01a2e404c697962623,dfine_native,124867.0,mouse,0.2936,990.89,400.7,1028.49,413.6,484.7,37.6,12.89,2.916,False,,True,R-desk,29,evt_S-61_upper_body_0021,f36d96d43f74c80f,lap_bag_context,no_pose_observation,34560.0,1.33,,1,cam12/e1/v1,
corpus_03,03.CCTV Mobile Usage.mkv,632de9ed55947761d56d4c6142a3cb1a1fe69d0b1a6d0e01a2e404c697962623,dfine_native,124867.0,monitor_or_bezel,0.2604,733.93,395.32,1146.2,491.03,39458.6,412.27,95.71,4.307,False,,True,R-desk,29,evt_S-61_upper_body_0021,f36d96d43f74c80f,lap_bag_context,no_pose_observation,34560.0,1.33,,1,cam12/e1/v1,
corpus_03,03.CCTV Mobile Usage.mkv,632de9ed55947761d56d4c6142a3cb1a1fe69d0b1a6d0e01a2e404c697962623,dfine_native,125300.0,unknown_object,0.5277,737.02,93.2,832.92,188.68,9156.6,95.9,95.48,1.004,False,,True,R-desk,31,evt_S-61_desk_work_surface_0006,4f5b0c1938812495,pose_hand_context,,5049.5,9.01,,1,cam12/e1/v1,rtmpose_baseline
corpus_03,03.CCTV Mobile Usage.mkv,632de9ed55947761d56d4c6142a3cb1a1fe69d0b1a6d0e01a2e404c697962623,dfine_native,125300.0,unknown_object,0.3132,737.04,93.72,786.13,146.35,2583.3,49.09,52.63,0.933,False,,True,R-desk,31,evt_S-61_desk_work_surface_0006,4f5b0c1938812495,pose_hand_context,,5049.5,9.01,,1,cam12/e1/v1,rtmpose_baseline
corpus_03,03.CCTV Mobile Usage.mkv,632de9ed55947761d56d4c6142a3cb1a1fe69d0b1a6d0e01a2e404c697962623,dfine_native,125300.0,unknown_object,0.3105,737.03,150.3,832.89,188.83,3694.3,95.86,38.54,2.488,False,,True,R-desk,31,evt_S-61_desk_work_surface_0006,4f5b0c1938812495,pose_hand_context,,5049.5,9.01,,1,cam12/e1/v1,rtmpose_baseline
corpus_03,03.CCTV Mobile Usage.mkv,632de9ed55947761d56d4c6142a3cb1a1fe69d0b1a6d0e01a2e404c697962623,dfine_native,125300.0,keyboard,0.8996,962.03,451.92,1067.79,491.46,4181.5,105.76,39.54,2.675,False,,True,R-desk,30,evt_S-61_desk_work_surface_0006,56160f94226673d2,lap_bag_context,no_pose_observation,34560.0,1.33,,1,cam12/e1/v1,
corpus_03,03.CCTV Mobile Usage.mkv,632de9ed55947761d56d4c6142a3cb1a1fe69d0b1a6d0e01a2e404c697962623,dfine_native,125300.0,unknown_object,0.5589,699.97,396.2,853.44,492.16,14727.0,153.47,95.96,1.599,False,,True,R-desk,30,evt_S-61_desk_work_surface_0006,56160f94226673d2,lap_bag_context,no_pose_observation,34560.0,1.33,,1,cam12/e1/v1,
corpus_03,03.CCTV Mobile Usage.mkv,632de9ed55947761d56d4c6142a3cb1a1fe69d0b1a6d0e01a2e404c697962623,dfine_native,125300.0,monitor_or_bezel,0.6184,1018.74,395.55,1145.55,447.85,6632.4,126.81,52.3,2.425,False,,True,R-desk,30,evt_S-61_desk_work_surface_0006,56160f94226673d2,lap_bag_context,no_pose_observation,34560.0,1.33,,1,cam12/e1/v1,
corpus_03,03.CCTV Mobile Usage.mkv,632de9ed55947761d56d4c6142a3cb1a1fe69d0b1a6d0e01a2e404c697962623,dfine_native,125300.0,keyboard,0.5882,802.87,396.26,870.71,420.56,1648.1,67.84,24.29,2.793,False,,True,R-desk,30,evt_S-61_desk_work_surface_0006,56160f94226673d2,lap_bag_context,no_pose_observation,34560.0,1.33,,1,cam12/e1/v1,
corpus_03,03.CCTV Mobile Usage.mkv,632de9ed55947761d56d4c6142a3cb1a1fe69d0b1a6d0e01a2e404c697962623,dfine_native,125300.0,monitor_or_bezel,0.3227,1012.16,395.5,1146.87,488.56,12535.1,134.71,93.05,1.448,False,,True,R-desk,30,evt_S-61_desk_work_surface_0006,56160f94226673d2,lap_bag_context,no_pose_observation,34560.0,1.33,,1,cam12/e1/v1,
corpus_03,03.CCTV Mobile Usage.mkv,632de9ed55947761d56d4c6142a3cb1a1fe69d0b1a6d0e01a2e404c697962623,dfine_native,125300.0,phone,0.3,1042.82,421.85,1112.75,474.25,3664.6,69.93,52.41,1.334,False,,True,R-desk,30,evt_S-61_desk_work_surface_0006,56160f94226673d2,lap_bag_context,no_pose_observation,34560.0,1.33,,1,cam12/e1/v1,
corpus_03,03.CCTV Mobile Usage.mkv,632de9ed55947761d56d4c6142a3cb1a1fe69d0b1a6d0e01a2e404c697962623,dfine_native,125300.0,mouse,0.5571,864.75,413.85,891.89,435.18,579.0,27.14,21.33,1.272,False,,True,R-desk,30,evt_S-61_desk_work_surface_0006,56160f94226673d2,lap_bag_context,no_pose_observation,34560.0,1.33,,1,cam12/e1/v1,
corpus_03,03.CCTV Mobile Usage.mkv,632de9ed55947761d56d4c6142a3cb1a1fe69d0b1a6d0e01a2e404c697962623,dfine_native,125300.0,unknown_object,0.331,700.04,396.13,771.36,491.98,6836.7,71.32,95.85,0.744,False,,True,R-desk,30,evt_S-61_desk_work_surface_0006,56160f94226673d2,lap_bag_context,no_pose_observation,34560.0,1.33,,1,cam12/e1/v1,
corpus_03,03.CCTV Mobile Usage.mkv,632de9ed55947761d56d4c6142a3cb1a1fe69d0b1a6d0e01a2e404c697962623,dfine_native,125300.0,mouse,0.3275,966.93,398.39,991.84,410.57,303.5,24.91,12.18,2.045,False,,True,R-desk,30,evt_S-61_desk_work_surface_0006,56160f94226673d2,lap_bag_context,no_pose_observation,34560.0,1.33,,1,cam12/e1/v1,
corpus_03,03.CCTV Mobile Usage.mkv,632de9ed55947761d56d4c6142a3cb1a1fe69d0b1a6d0e01a2e404c697962623,dfine_native,125300.0,monitor_or_bezel,0.2852,881.18,396.15,948.82,452.69,3824.7,67.64,56.54,1.196,False,,True,R-desk,30,evt_S-61_desk_work_surface_0006,56160f94226673d2,lap_bag_context,no_pose_observation,34560.0,1.33,,1,cam12/e1/v1,
corpus_03,03.CCTV Mobile Usage.mkv,632de9ed55947761d56d4c6142a3cb1a1fe69d0b1a6d0e01a2e404c697962623,dfine_native,125300.0,unknown_object,0.3372,700.04,396.33,757.94,491.38,5503.3,57.9,95.05,0.609,False,,True,R-desk,30,evt_S-61_desk_work_surface_0006,56160f94226673d2,lap_bag_context,no_pose_observation,34560.0,1.33,,1,cam12/e1/v1,
corpus_03,03.CCTV Mobile Usage.mkv,632de9ed55947761d56d4c6142a3cb1a1fe69d0b1a6d0e01a2e404c697962623,dfine_native,125300.0,mouse,0.2936,990.89,400.7,1028.49,413.6,484.7,37.6,12.89,2.916,False,,True,R-desk,30,evt_S-61_desk_work_surface_0006,56160f94226673d2,lap_bag_context,no_pose_observation,34560.0,1.33,,1,cam12/e1/v1,
corpus_03,03.CCTV Mobile Usage.mkv,632de9ed55947761d56d4c6142a3cb1a1fe69d0b1a6d0e01a2e404c697962623,dfine_native,125300.0,monitor_or_bezel,0.2604,733.93,395.32,1146.2,491.03,39458.6,412.27,95.71,4.307,False,,True,R-desk,30,evt_S-61_desk_work_surface_0006,56160f94226673d2,lap_bag_context,no_pose_observation,34560.0,1.33,,1,cam12/e1/v1,
corpus_03,03.CCTV Mobile Usage.mkv,632de9ed55947761d56d4c6142a3cb1a1fe69d0b1a6d0e01a2e404c697962623,dfine_native,125300.0,keyboard,0.8996,962.03,451.92,1067.79,491.46,4181.5,105.76,39.54,2.675,False,,True,R-desk,29,evt_S-61_desk_work_surface_0006,56160f94226673d2,lap_bag_context,no_pose_observation,34560.0,1.33,,1,cam12/e1/v1,
corpus_03,03.CCTV Mobile Usage.mkv,632de9ed55947761d56d4c6142a3cb1a1fe69d0b1a6d0e01a2e404c697962623,dfine_native,125300.0,unknown_object,0.5589,699.97,396.2,853.44,492.16,14727.0,153.47,95.96,1.599,False,,True,R-desk,29,evt_S-61_desk_work_surface_0006,56160f94226673d2,lap_bag_context,no_pose_observation,34560.0,1.33,,1,cam12/e1/v1,
corpus_03,03.CCTV Mobile Usage.mkv,632de9ed55947761d56d4c6142a3cb1a1fe69d0b1a6d0e01a2e404c697962623,dfine_native,125300.0,monitor_or_bezel,0.6184,1018.74,395.55,1145.55,447.85,6632.4,126.81,52.3,2.425,False,,True,R-desk,29,evt_S-61_desk_work_surface_0006,56160f94226673d2,lap_bag_context,no_pose_observation,34560.0,1.33,,1,cam12/e1/v1,
corpus_03,03.CCTV Mobile Usage.mkv,632de9ed55947761d56d4c6142a3cb1a1fe69d0b1a6d0e01a2e404c697962623,dfine_native,125300.0,keyboard,0.5882,802.87,396.26,870.71,420.56,1648.1,67.84,24.29,2.793,False,,True,R-desk,29,evt_S-61_desk_work_surface_0006,56160f94226673d2,lap_bag_context,no_pose_observation,34560.0,1.33,,1,cam12/e1/v1,
corpus_03,03.CCTV Mobile Usage.mkv,632de9ed55947761d56d4c6142a3cb1a1fe69d0b1a6d0e01a2e404c697962623,dfine_native,125300.0,monitor_or_bezel,0.3227,1012.16,395.5,1146.87,488.56,12535.1,134.71,93.05,1.448,False,,True,R-desk,29,evt_S-61_desk_work_surface_0006,56160f94226673d2,lap_bag_context,no_pose_observation,34560.0,1.33,,1,cam12/e1/v1,
corpus_03,03.CCTV Mobile Usage.mkv,632de9ed55947761d56d4c6142a3cb1a1fe69d0b1a6d0e01a2e404c697962623,dfine_native,125300.0,phone,0.3,1042.82,421.85,1112.75,474.25,3664.6,69.93,52.41,1.334,False,,True,R-desk,29,evt_S-61_desk_work_surface_0006,56160f94226673d2,lap_bag_context,no_pose_observation,34560.0,1.33,,1,cam12/e1/v1,
corpus_03,03.CCTV Mobile Usage.mkv,632de9ed55947761d56d4c6142a3cb1a1fe69d0b1a6d0e01a2e404c697962623,dfine_native,125300.0,mouse,0.5571,864.75,413.85,891.89,435.18,579.0,27.14,21.33,1.272,False,,True,R-desk,29,evt_S-61_desk_work_surface_0006,56160f94226673d2,lap_bag_context,no_pose_observation,34560.0,1.33,,1,cam12/e1/v1,
corpus_03,03.CCTV Mobile Usage.mkv,632de9ed55947761d56d4c6142a3cb1a1fe69d0b1a6d0e01a2e404c697962623,dfine_native,125300.0,unknown_object,0.331,700.04,396.13,771.36,491.98,6836.7,71.32,95.85,0.744,False,,True,R-desk,29,evt_S-61_desk_work_surface_0006,56160f94226673d2,lap_bag_context,no_pose_observation,34560.0,1.33,,1,cam12/e1/v1,
corpus_03,03.CCTV Mobile Usage.mkv,632de9ed55947761d56d4c6142a3cb1a1fe69d0b1a6d0e01a2e404c697962623,dfine_native,125300.0,mouse,0.3275,966.93,398.39,991.84,410.57,303.5,24.91,12.18,2.045,False,,True,R-desk,29,evt_S-61_desk_work_surface_0006,56160f94226673d2,lap_bag_context,no_pose_observation,34560.0,1.33,,1,cam12/e1/v1,
corpus_03,03.CCTV Mobile Usage.mkv,632de9ed55947761d56d4c6142a3cb1a1fe69d0b1a6d0e01a2e404c697962623,dfine_native,125300.0,monitor_or_bezel,0.2852,881.18,396.15,948.82,452.69,3824.7,67.64,56.54,1.196,False,,True,R-desk,29,evt_S-61_desk_work_surface_0006,56160f94226673d2,lap_bag_context,no_pose_observation,34560.0,1.33,,1,cam12/e1/v1,
corpus_03,03.CCTV Mobile Usage.mkv,632de9ed55947761d56d4c6142a3cb1a1fe69d0b1a6d0e01a2e404c697962623,dfine_native,125300.0,unknown_object,0.3372,700.04,396.33,757.94,491.38,5503.3,57.9,95.05,0.609,False,,True,R-desk,29,evt_S-61_desk_work_surface_0006,56160f94226673d2,lap_bag_context,no_pose_observation,34560.0,1.33,,1,cam12/e1/v1,
corpus_03,03.CCTV Mobile Usage.mkv,632de9ed55947761d56d4c6142a3cb1a1fe69d0b1a6d0e01a2e404c697962623,dfine_native,125300.0,mouse,0.2936,990.89,400.7,1028.49,413.6,484.7,37.6,12.89,2.916,False,,True,R-desk,29,evt_S-61_desk_work_surface_0006,56160f94226673d2,lap_bag_context,no_pose_observation,34560.0,1.33,,1,cam12/e1/v1,
corpus_03,03.CCTV Mobile Usage.mkv,632de9ed55947761d56d4c6142a3cb1a1fe69d0b1a6d0e01a2e404c697962623,dfine_native,125300.0,monitor_or_bezel,0.2604,733.93,395.32,1146.2,491.03,39458.6,412.27,95.71,4.307,False,,True,R-desk,29,evt_S-61_desk_work_surface_0006,56160f94226673d2,lap_bag_context,no_pose_observation,34560.0,1.33,,1,cam12/e1/v1,
corpus_03,03.CCTV Mobile Usage.mkv,632de9ed55947761d56d4c6142a3cb1a1fe69d0b1a6d0e01a2e404c697962623,dfine_native,125300.0,unknown_object,0.5929,61.34,436.56,177.28,505.14,7951.1,115.94,68.58,1.691,False,,True,S-61,28,evt_S-61_desk_work_surface_0006,a8821403c5f877ef,pose_hand_context,,45169.0,2.92,,1,cam12/e1/v1,rtmpose_baseline
corpus_03,03.CCTV Mobile Usage.mkv,632de9ed55947761d56d4c6142a3cb1a1fe69d0b1a6d0e01a2e404c697962623,dfine_native,125300.0,unknown_object,0.2784,110.37,437.03,176.8,488.51,3419.9,66.43,51.48,1.29,False,,True,S-61,28,evt_S-61_desk_work_surface_0006,a8821403c5f877ef,pose_hand_context,,45169.0,2.92,,1,cam12/e1/v1,rtmpose_baseline
corpus_03,03.CCTV Mobile Usage.mkv,632de9ed55947761d56d4c6142a3cb1a1fe69d0b1a6d0e01a2e404c697962623,dfine_native,125300.0,unknown_object,0.2847,134.61,492.26,178.15,522.01,1295.4,43.54,29.75,1.464,False,,True,S-61,28,evt_S-61_desk_work_surface_0006,a8821403c5f877ef,pose_hand_context,,45169.0,2.92,,1,cam12/e1/v1,rtmpose_baseline
corpus_03,03.CCTV Mobile Usage.mkv,632de9ed55947761d56d4c6142a3cb1a1fe69d0b1a6d0e01a2e404c697962623,dfine_native,125300.0,monitor_or_bezel,0.4447,-0.41,493.96,179.68,550.74,10225.9,180.1,56.78,3.172,False,,True,S-61,28,evt_S-61_desk_work_surface_0006,a8821403c5f877ef,pose_hand_context,,45169.0,2.92,,1,cam12/e1/v1,rtmpose_baseline
corpus_03,03.CCTV Mobile Usage.mkv,632de9ed55947761d56d4c6142a3cb1a1fe69d0b1a6d0e01a2e404c697962623,dfine_native,125300.0,phone,0.3527,43.31,450.62,69.48,472.17,563.9,26.16,21.56,1.214,False,,True,S-61,28,evt_S-61_desk_work_surface_0006,a8821403c5f877ef,pose_hand_context,,45169.0,2.92,,1,cam12/e1/v1,rtmpose_baseline
corpus_03,03.CCTV Mobile Usage.mkv,632de9ed55947761d56d4c6142a3cb1a1fe69d0b1a6d0e01a2e404c697962623,dfine_native,125300.0,unknown_object,0.2859,86.16,451.31,145.11,500.22,2883.1,58.95,48.91,1.205,False,,True,S-61,28,evt_S-61_desk_work_surface_0006,a8821403c5f877ef,pose_hand_context,,45169.0,2.92,,1,cam12/e1/v1,rtmpose_baseline
corpus_03,03.CCTV Mobile Usage.mkv,632de9ed55947761d56d4c6142a3cb1a1fe69d0b1a6d0e01a2e404c697962623,dfine_native,125300.0,unknown_object,0.3988,59.91,436.2,179.73,521.63,10235.4,119.82,85.43,1.403,False,,True,S-61,28,evt_S-61_desk_work_surface_0006,a8821403c5f877ef,pose_hand_context,,45169.0,2.92,,1,cam12/e1/v1,rtmpose_baseline
corpus_03,03.CCTV Mobile Usage.mkv,632de9ed55947761d56d4c6142a3cb1a1fe69d0b1a6d0e01a2e404c697962623,dfine_native,125300.0,unknown_object,0.2566,25.85,331.08,130.28,385.38,5670.6,104.43,54.3,1.923,False,,True,S-61,28,evt_S-61_desk_work_surface_0006,a8821403c5f877ef,pose_hand_context,,45169.0,2.92,,1,cam12/e1/v1,rtmpose_baseline
corpus_03,03.CCTV Mobile Usage.mkv,632de9ed55947761d56d4c6142a3cb1a1fe69d0b1a6d0e01a2e404c697962623,dfine_native,125300.0,unknown_object,0.2556,117.16,477.52,179.43,521.12,2715.1,62.27,43.6,1.428,False,,True,S-61,28,evt_S-61_desk_work_surface_0006,a8821403c5f877ef,pose_hand_context,,45169.0,2.92,,1,cam12/e1/v1,rtmpose_baseline
corpus_03,03.CCTV Mobile Usage.mkv,632de9ed55947761d56d4c6142a3cb1a1fe69d0b1a6d0e01a2e404c697962623,dfine_native,125300.0,unknown_object,0.3008,-0.22,331.24,203.84,550.24,44688.0,204.06,219.0,0.932,False,,True,S-61,28,evt_S-61_desk_work_surface_0006,a8821403c5f877ef,pose_hand_context,,45169.0,2.92,,1,cam12/e1/v1,rtmpose_baseline
corpus_03,03.CCTV Mobile Usage.mkv,632de9ed55947761d56d4c6142a3cb1a1fe69d0b1a6d0e01a2e404c697962623,dfine_native,125867.0,keyboard,0.9148,962.13,451.95,1067.82,491.38,4167.3,105.69,39.43,2.68,False,,True,R-desk,30,evt_S-61_upper_body_0021,068495c9888cf8db,lap_bag_context,no_pose_observation,34560.0,1.33,,1,cam12/e1/v1,
corpus_03,03.CCTV Mobile Usage.mkv,632de9ed55947761d56d4c6142a3cb1a1fe69d0b1a6d0e01a2e404c697962623,dfine_native,125867.0,unknown_object,0.6797,699.88,396.18,845.07,492.22,13943.9,145.19,96.04,1.512,False,,True,R-desk,30,evt_S-61_upper_body_0021,068495c9888cf8db,lap_bag_context,no_pose_observation,34560.0,1.33,,1,cam12/e1/v1,
corpus_03,03.CCTV Mobile Usage.mkv,632de9ed55947761d56d4c6142a3cb1a1fe69d0b1a6d0e01a2e404c697962623,dfine_native,125867.0,monitor_or_bezel,0.7018,1019.11,395.69,1145.64,447.96,6613.5,126.52,52.27,2.42,False,,True,R-desk,30,evt_S-61_upper_body_0021,068495c9888cf8db,lap_bag_context,no_pose_observation,34560.0,1.33,,1,cam12/e1/v1,
corpus_03,03.CCTV Mobile Usage.mkv,632de9ed55947761d56d4c6142a3cb1a1fe69d0b1a6d0e01a2e404c697962623,dfine_native,125867.0,unknown_object,0.2667,700.11,396.29,780.69,492.0,7712.9,80.58,95.72,0.842,False,,True,R-desk,30,evt_S-61_upper_body_0021,068495c9888cf8db,lap_bag_context,no_pose_observation,34560.0,1.33,,1,cam12/e1/v1,
corpus_03,03.CCTV Mobile Usage.mkv,632de9ed55947761d56d4c6142a3cb1a1fe69d0b1a6d0e01a2e404c697962623,dfine_native,125867.0,keyboard,0.5677,802.2,396.27,870.51,420.72,1670.5,68.31,24.45,2.794,False,,True,R-desk,30,evt_S-61_upper_body_0021,068495c9888cf8db,lap_bag_context,no_pose_observation,34560.0,1.33,,1,cam12/e1/v1,
corpus_03,03.CCTV Mobile Usage.mkv,632de9ed55947761d56d4c6142a3cb1a1fe69d0b1a6d0e01a2e404c697962623,dfine_native,125867.0,phone,0.2744,1043.02,422.08,1112.86,474.16,3637.5,69.85,52.08,1.341,False,,True,R-desk,30,evt_S-61_upper_body_0021,068495c9888cf8db,lap_bag_context,no_pose_observation,34560.0,1.33,,1,cam12/e1/v1,
corpus_03,03.CCTV Mobile Usage.mkv,632de9ed55947761d56d4c6142a3cb1a1fe69d0b1a6d0e01a2e404c697962623,dfine_native,125867.0,mouse,0.578,864.77,413.81,892.34,435.24,591.1,27.58,21.43,1.287,False,,True,R-desk,30,evt_S-61_upper_body_0021,068495c9888cf8db,lap_bag_context,no_pose_observation,34560.0,1.33,,1,cam12/e1/v1,
corpus_03,03.CCTV Mobile Usage.mkv,632de9ed55947761d56d4c6142a3cb1a1fe69d0b1a6d0e01a2e404c697962623,dfine_native,125867.0,unknown_object,0.4403,700.06,396.17,764.51,491.72,6158.4,64.45,95.55,0.675,False,,True,R-desk,30,evt_S-61_upper_body_0021,068495c9888cf8db,lap_bag_context,no_pose_observation,34560.0,1.33,,1,cam12/e1/v1,
corpus_03,03.CCTV Mobile Usage.mkv,632de9ed55947761d56d4c6142a3cb1a1fe69d0b1a6d0e01a2e404c697962623,dfine_native,125867.0,mouse,0.5501,864.91,413.93,892.04,435.0,571.8,27.13,21.07,1.287,False,,True,R-desk,30,evt_S-61_upper_body_0021,068495c9888cf8db,lap_bag_context,no_pose_observation,34560.0,1.33,,1,cam12/e1/v1,
corpus_03,03.CCTV Mobile Usage.mkv,632de9ed55947761d56d4c6142a3cb1a1fe69d0b1a6d0e01a2e404c697962623,dfine_native,125867.0,mouse,0.3219,967.02,398.39,991.9,410.65,305.1,24.88,12.26,2.029,False,,True,R-desk,30,evt_S-61_upper_body_0021,068495c9888cf8db,lap_bag_context,no_pose_observation,34560.0,1.33,,1,cam12/e1/v1,
corpus_03,03.CCTV Mobile Usage.mkv,632de9ed55947761d56d4c6142a3cb1a1fe69d0b1a6d0e01a2e404c697962623,dfine_native,125867.0,monitor_or_bezel,0.2538,881.44,396.18,948.7,452.71,3802.0,67.26,56.53,1.19,False,,True,R-desk,30,evt_S-61_upper_body_0021,068495c9888cf8db,lap_bag_context,no_pose_observation,34560.0,1.33,,1,cam12/e1/v1,
corpus_03,03.CCTV Mobile Usage.mkv,632de9ed55947761d56d4c6142a3cb1a1fe69d0b1a6d0e01a2e404c697962623,dfine_native,125867.0,monitor_or_bezel,0.3047,1017.59,395.75,1146.6,488.15,11920.6,129.01,92.4,1.396,False,,True,R-desk,30,evt_S-61_upper_body_0021,068495c9888cf8db,lap_bag_context,no_pose_observation,34560.0,1.33,,1,cam12/e1/v1,
corpus_03,03.CCTV Mobile Usage.mkv,632de9ed55947761d56d4c6142a3cb1a1fe69d0b1a6d0e01a2e404c697962623,dfine_native,125867.0,mouse,0.3007,990.78,399.56,1026.89,413.44,501.2,36.11,13.88,2.602,False,,True,R-desk,30,evt_S-61_upper_body_0021,068495c9888cf8db,lap_bag_context,no_pose_observation,34560.0,1.33,,1,cam12/e1/v1,
corpus_03,03.CCTV Mobile Usage.mkv,632de9ed55947761d56d4c6142a3cb1a1fe69d0b1a6d0e01a2e404c697962623,dfine_native,125867.0,unknown_object,0.463,110.82,436.73,172.0,483.86,2883.9,61.19,47.13,1.298,False,,True,S-61,28,evt_S-61_upper_body_0021,ff5261592f0db36e,pose_hand_context,,28331.6,3.8,,1,cam12/e1/v1,rtmpose_baseline
corpus_03,03.CCTV Mobile Usage.mkv,632de9ed55947761d56d4c6142a3cb1a1fe69d0b1a6d0e01a2e404c697962623,dfine_native,125867.0,unknown_object,0.3869,117.35,476.56,178.21,520.38,2667.4,60.86,43.83,1.389,False,,True,S-61,28,evt_S-61_upper_body_0021,ff5261592f0db36e,pose_hand_context,,28331.6,3.8,,1,cam12/e1/v1,rtmpose_baseline
corpus_03,03.CCTV Mobile Usage.mkv,632de9ed55947761d56d4c6142a3cb1a1fe69d0b1a6d0e01a2e404c697962623,dfine_native,125867.0,unknown_object,0.3178,62.39,449.31,145.12,503.8,4507.9,82.72,54.49,1.518,False,,True,S-61,28,evt_S-61_upper_body_0021,ff5261592f0db36e,pose_hand_context,,28331.6,3.8,,1,cam12/e1/v1,rtmpose_baseline
corpus_03,03.CCTV Mobile Usage.mkv,632de9ed55947761d56d4c6142a3cb1a1fe69d0b1a6d0e01a2e404c697962623,dfine_native,125867.0,unknown_object,0.4566,61.83,436.74,174.85,504.52,7661.3,113.03,67.78,1.667,False,,True,S-61,28,evt_S-61_upper_body_0021,ff5261592f0db36e,pose_hand_context,,28331.6,3.8,,1,cam12/e1/v1,rtmpose_baseline
corpus_03,03.CCTV Mobile Usage.mkv,632de9ed55947761d56d4c6142a3cb1a1fe69d0b1a6d0e01a2e404c697962623,dfine_native,125867.0,unknown_object,0.2577,85.83,450.35,145.35,501.13,3022.1,59.51,50.78,1.172,False,,True,S-61,28,evt_S-61_upper_body_0021,ff5261592f0db36e,pose_hand_context,,28331.6,3.8,,1,cam12/e1/v1,rtmpose_baseline
corpus_03,03.CCTV Mobile Usage.mkv,632de9ed55947761d56d4c6142a3cb1a1fe69d0b1a6d0e01a2e404c697962623,dfine_native,125867.0,unknown_object,0.3142,135.4,493.13,177.42,521.68,1199.9,42.03,28.55,1.472,False,,True,S-61,28,evt_S-61_upper_body_0021,ff5261592f0db36e,pose_hand_context,,28331.6,3.8,,1,cam12/e1/v1,rtmpose_baseline
corpus_03,03.CCTV Mobile Usage.mkv,632de9ed55947761d56d4c6142a3cb1a1fe69d0b1a6d0e01a2e404c697962623,dfine_native,126300.0,unknown_object,0.4736,61.21,437.27,179.71,505.42,8075.2,118.49,68.15,1.739,False,,True,S-61,28,evt_S-61_desk_work_surface_0006,55b72420f494d8ab,pose_hand_context,,42862.7,3.01,,1,cam12/e1/v1,rtmpose_baseline
corpus_03,03.CCTV Mobile Usage.mkv,632de9ed55947761d56d4c6142a3cb1a1fe69d0b1a6d0e01a2e404c697962623,dfine_native,126300.0,unknown_object,0.2676,86.5,450.93,145.43,501.14,2959.1,58.93,50.21,1.174,False,,True,S-61,28,evt_S-61_desk_work_surface_0006,55b72420f494d8ab,pose_hand_context,,42862.7,3.01,,1,cam12/e1/v1,rtmpose_baseline
corpus_03,03.CCTV Mobile Usage.mkv,632de9ed55947761d56d4c6142a3cb1a1fe69d0b1a6d0e01a2e404c697962623,dfine_native,126300.0,unknown_object,0.2823,61.21,450.03,144.96,504.13,4530.9,83.75,54.1,1.548,False,,True,S-61,28,evt_S-61_desk_work_surface_0006,55b72420f494d8ab,pose_hand_context,,42862.7,3.01,,1,cam12/e1/v1,rtmpose_baseline
corpus_03,03.CCTV Mobile Usage.mkv,632de9ed55947761d56d4c6142a3cb1a1fe69d0b1a6d0e01a2e404c697962623,dfine_native,126300.0,keyboard,0.2589,-0.2,441.7,65.91,505.52,4218.4,66.1,63.82,1.036,False,,True,S-61,28,evt_S-61_desk_work_surface_0006,55b72420f494d8ab,pose_hand_context,,42862.7,3.01,,1,cam12/e1/v1,rtmpose_baseline
corpus_03,03.CCTV Mobile Usage.mkv,632de9ed55947761d56d4c6142a3cb1a1fe69d0b1a6d0e01a2e404c697962623,dfine_native,126300.0,stationery,0.4137,47.26,510.03,86.19,547.0,1439.1,38.93,36.97,1.053,False,,True,S-61,28,evt_S-61_desk_work_surface_0006,55b72420f494d8ab,pose_hand_context,,42862.7,3.01,,1,cam12/e1/v1,rtmpose_baseline
corpus_03,03.CCTV Mobile Usage.mkv,632de9ed55947761d56d4c6142a3cb1a1fe69d0b1a6d0e01a2e404c697962623,dfine_native,126300.0,unknown_object,0.3092,87.08,437.06,178.49,503.36,6060.6,91.42,66.3,1.379,False,,True,S-61,28,evt_S-61_desk_work_surface_0006,55b72420f494d8ab,pose_hand_context,,42862.7,3.01,,1,cam12/e1/v1,rtmpose_baseline
corpus_03,03.CCTV Mobile Usage.mkv,632de9ed55947761d56d4c6142a3cb1a1fe69d0b1a6d0e01a2e404c697962623,dfine_native,126300.0,unknown_object,0.2616,117.77,478.17,182.12,522.57,2857.6,64.36,44.4,1.449,False,,True,S-61,28,evt_S-61_desk_work_surface_0006,55b72420f494d8ab,pose_hand_context,,42862.7,3.01,,1,cam12/e1/v1,rtmpose_baseline
corpus_03,03.CCTV Mobile Usage.mkv,632de9ed55947761d56d4c6142a3cb1a1fe69d0b1a6d0e01a2e404c697962623,dfine_native,126300.0,unknown_object,0.3396,60.11,437.25,183.11,523.08,10556.1,123.0,85.82,1.433,False,,True,S-61,28,evt_S-61_desk_work_surface_0006,55b72420f494d8ab,pose_hand_context,,42862.7,3.01,,1,cam12/e1/v1,rtmpose_baseline
corpus_03,03.CCTV Mobile Usage.mkv,632de9ed55947761d56d4c6142a3cb1a1fe69d0b1a6d0e01a2e404c697962623,dfine_native,126867.0,unknown_object,0.575,61.96,437.05,177.75,504.82,7847.0,115.79,67.77,1.709,False,,True,S-61,28,evt_S-61_upper_body_0021,7e8e37e8407f1cc8,pose_hand_context,,42135.7,3.02,,1,cam12/e1/v1,rtmpose_baseline
corpus_03,03.CCTV Mobile Usage.mkv,632de9ed55947761d56d4c6142a3cb1a1fe69d0b1a6d0e01a2e404c697962623,dfine_native,126867.0,unknown_object,0.32,134.36,491.91,178.09,522.12,1320.9,43.73,30.2,1.448,False,,True,S-61,28,evt_S-61_upper_body_0021,7e8e37e8407f1cc8,pose_hand_context,,42135.7,3.02,,1,cam12/e1/v1,rtmpose_baseline
corpus_03,03.CCTV Mobile Usage.mkv,632de9ed55947761d56d4c6142a3cb1a1fe69d0b1a6d0e01a2e404c697962623,dfine_native,126867.0,unknown_object,0.4377,87.0,437.01,177.44,502.82,5952.0,90.44,65.81,1.374,False,,True,S-61,28,evt_S-61_upper_body_0021,7e8e37e8407f1cc8,pose_hand_context,,42135.7,3.02,,1,cam12/e1/v1,rtmpose_baseline
corpus_03,03.CCTV Mobile Usage.mkv,632de9ed55947761d56d4c6142a3cb1a1fe69d0b1a6d0e01a2e404c697962623,dfine_native,126867.0,unknown_object,0.3719,118.26,478.06,181.3,521.81,2758.1,63.04,43.75,1.441,False,,True,S-61,28,evt_S-61_upper_body_0021,7e8e37e8407f1cc8,pose_hand_context,,42135.7,3.02,,1,cam12/e1/v1,rtmpose_baseline
corpus_03,03.CCTV Mobile Usage.mkv,632de9ed55947761d56d4c6142a3cb1a1fe69d0b1a6d0e01a2e404c697962623,dfine_native,126867.0,unknown_object,0.2607,61.47,462.12,115.59,503.19,2222.4,54.12,41.06,1.318,False,,True,S-61,28,evt_S-61_upper_body_0021,7e8e37e8407f1cc8,pose_hand_context,,42135.7,3.02,,1,cam12/e1/v1,rtmpose_baseline
corpus_03,03.CCTV Mobile Usage.mkv,632de9ed55947761d56d4c6142a3cb1a1fe69d0b1a6d0e01a2e404c697962623,dfine_native,126867.0,unknown_object,0.3095,110.22,437.09,176.69,487.87,3375.0,66.47,50.77,1.309,False,,True,S-61,28,evt_S-61_upper_body_0021,7e8e37e8407f1cc8,pose_hand_context,,42135.7,3.02,,1,cam12/e1/v1,rtmpose_baseline
corpus_03,03.CCTV Mobile Usage.mkv,632de9ed55947761d56d4c6142a3cb1a1fe69d0b1a6d0e01a2e404c697962623,dfine_native,126867.0,unknown_object,0.3392,86.59,450.85,145.37,500.92,2942.9,58.77,50.07,1.174,False,,True,S-61,28,evt_S-61_upper_body_0021,7e8e37e8407f1cc8,pose_hand_context,,42135.7,3.02,,1,cam12/e1/v1,rtmpose_baseline
corpus_03,03.CCTV Mobile Usage.mkv,632de9ed55947761d56d4c6142a3cb1a1fe69d0b1a6d0e01a2e404c697962623,dfine_native,126867.0,unknown_object,0.2994,61.32,450.71,144.26,504.12,4429.7,82.94,53.41,1.553,False,,True,S-61,28,evt_S-61_upper_body_0021,7e8e37e8407f1cc8,pose_hand_context,,42135.7,3.02,,1,cam12/e1/v1,rtmpose_baseline
corpus_03,03.CCTV Mobile Usage.mkv,632de9ed55947761d56d4c6142a3cb1a1fe69d0b1a6d0e01a2e404c697962623,dfine_native,126867.0,phone,0.3178,42.01,450.34,69.2,472.44,600.7,27.19,22.09,1.231,False,,True,S-61,28,evt_S-61_upper_body_0021,7e8e37e8407f1cc8,pose_hand_context,,42135.7,3.02,,1,cam12/e1/v1,rtmpose_baseline
corpus_03,03.CCTV Mobile Usage.mkv,632de9ed55947761d56d4c6142a3cb1a1fe69d0b1a6d0e01a2e404c697962623,dfine_native,126867.0,stationery,0.4015,47.19,510.25,85.51,547.03,1409.5,38.33,36.78,1.042,False,,True,S-61,28,evt_S-61_upper_body_0021,7e8e37e8407f1cc8,pose_hand_context,,42135.7,3.02,,1,cam12/e1/v1,rtmpose_baseline
corpus_03,03.CCTV Mobile Usage.mkv,632de9ed55947761d56d4c6142a3cb1a1fe69d0b1a6d0e01a2e404c697962623,dfine_native,126867.0,unknown_object,0.25,88.69,437.09,182.44,521.33,7897.9,93.75,84.24,1.113,False,,True,S-61,28,evt_S-61_upper_body_0021,7e8e37e8407f1cc8,pose_hand_context,,42135.7,3.02,,1,cam12/e1/v1,rtmpose_baseline
corpus_03,03.CCTV Mobile Usage.mkv,632de9ed55947761d56d4c6142a3cb1a1fe69d0b1a6d0e01a2e404c697962623,dfine_native,126867.0,unknown_object,0.3421,60.82,436.88,182.77,523.24,10530.4,121.95,86.35,1.412,False,,True,S-61,28,evt_S-61_upper_body_0021,7e8e37e8407f1cc8,pose_hand_context,,42135.7,3.02,,1,cam12/e1/v1,rtmpose_baseline
corpus_03,03.CCTV Mobile Usage.mkv,632de9ed55947761d56d4c6142a3cb1a1fe69d0b1a6d0e01a2e404c697962623,dfine_native,127300.0,mouse,0.6064,43.38,450.38,70.6,473.99,642.5,27.21,23.61,1.152,False,,True,S-61,28,evt_S-61_desk_work_surface_0006,1db5cfca75146df7,pose_hand_context,,47029.7,2.83,,1,cam12/e1/v1,rtmpose_baseline
corpus_03,03.CCTV Mobile Usage.mkv,632de9ed55947761d56d4c6142a3cb1a1fe69d0b1a6d0e01a2e404c697962623,dfine_native,127300.0,unknown_object,0.5104,61.0,436.68,176.91,504.62,7874.8,115.91,67.94,1.706,False,,True,S-61,28,evt_S-61_desk_work_surface_0006,1db5cfca75146df7,pose_hand_context,,47029.7,2.83,,1,cam12/e1/v1,rtmpose_baseline
corpus_03,03.CCTV Mobile Usage.mkv,632de9ed55947761d56d4c6142a3cb1a1fe69d0b1a6d0e01a2e404c697962623,dfine_native,127300.0,unknown_object,0.4556,87.38,436.62,176.65,502.24,5857.6,89.27,65.62,1.36,False,,True,S-61,28,evt_S-61_desk_work_surface_0006,1db5cfca75146df7,pose_hand_context,,47029.7,2.83,,1,cam12/e1/v1,rtmpose_baseline
corpus_03,03.CCTV Mobile Usage.mkv,632de9ed55947761d56d4c6142a3cb1a1fe69d0b1a6d0e01a2e404c697962623,dfine_native,127300.0,unknown_object,0.3093,110.61,436.77,175.84,488.15,3351.8,65.23,51.38,1.27,False,,True,S-61,28,evt_S-61_desk_work_surface_0006,1db5cfca75146df7,pose_hand_context,,47029.7,2.83,,1,cam12/e1/v1,rtmpose_baseline
corpus_03,03.CCTV Mobile Usage.mkv,632de9ed55947761d56d4c6142a3cb1a1fe69d0b1a6d0e01a2e404c697962623,dfine_native,127300.0,unknown_object,0.4258,25.17,328.07,109.51,382.25,4570.1,84.34,54.19,1.556,False,,True,S-61,28,evt_S-61_desk_work_surface_0006,1db5cfca75146df7,pose_hand_context,,47029.7,2.83,,1,cam12/e1/v1,rtmpose_baseline
corpus_03,03.CCTV Mobile Usage.mkv,632de9ed55947761d56d4c6142a3cb1a1fe69d0b1a6d0e01a2e404c697962623,dfine_native,127300.0,unknown_object,0.2784,134.68,492.01,178.48,522.23,1323.9,43.81,30.22,1.45,False,,True,S-61,28,evt_S-61_desk_work_surface_0006,1db5cfca75146df7,pose_hand_context,,47029.7,2.83,,1,cam12/e1/v1,rtmpose_baseline
corpus_03,03.CCTV Mobile Usage.mkv,632de9ed55947761d56d4c6142a3cb1a1fe69d0b1a6d0e01a2e404c697962623,dfine_native,127300.0,unknown_object,0.3271,86.94,450.36,145.27,500.74,2937.9,58.32,50.37,1.158,False,,True,S-61,28,evt_S-61_desk_work_surface_0006,1db5cfca75146df7,pose_hand_context,,47029.7,2.83,,1,cam12/e1/v1,rtmpose_baseline
corpus_03,03.CCTV Mobile Usage.mkv,632de9ed55947761d56d4c6142a3cb1a1fe69d0b1a6d0e01a2e404c697962623,dfine_native,127300.0,unknown_object,0.2746,60.43,462.82,117.54,503.54,2325.3,57.11,40.72,1.403,False,,True,S-61,28,evt_S-61_desk_work_surface_0006,1db5cfca75146df7,pose_hand_context,,47029.7,2.83,,1,cam12/e1/v1,rtmpose_baseline
corpus_03,03.CCTV Mobile Usage.mkv,632de9ed55947761d56d4c6142a3cb1a1fe69d0b1a6d0e01a2e404c697962623,dfine_native,127300.0,stationery,0.3301,47.06,509.61,85.45,552.13,1632.6,38.4,42.52,0.903,False,,True,S-61,28,evt_S-61_desk_work_surface_0006,1db5cfca75146df7,pose_hand_context,,47029.7,2.83,,1,cam12/e1/v1,rtmpose_baseline
corpus_03,03.CCTV Mobile Usage.mkv,632de9ed55947761d56d4c6142a3cb1a1fe69d0b1a6d0e01a2e404c697962623,dfine_native,127300.0,unknown_object,0.3324,118.55,478.09,180.85,520.64,2650.6,62.29,42.55,1.464,False,,True,S-61,28,evt_S-61_desk_work_surface_0006,1db5cfca75146df7,pose_hand_context,,47029.7,2.83,,1,cam12/e1/v1,rtmpose_baseline
corpus_03,03.CCTV Mobile Usage.mkv,632de9ed55947761d56d4c6142a3cb1a1fe69d0b1a6d0e01a2e404c697962623,dfine_native,127300.0,monitor_or_bezel,0.334,-0.22,494.18,182.88,553.81,10916.8,183.1,59.62,3.071,False,,True,S-61,28,evt_S-61_desk_work_surface_0006,1db5cfca75146df7,pose_hand_context,,47029.7,2.83,,1,cam12/e1/v1,rtmpose_baseline
corpus_03,03.CCTV Mobile Usage.mkv,632de9ed55947761d56d4c6142a3cb1a1fe69d0b1a6d0e01a2e404c697962623,dfine_native,127300.0,unknown_object,0.2558,23.64,328.11,129.35,384.54,5965.7,105.71,56.43,1.873,False,,True,S-61,28,evt_S-61_desk_work_surface_0006,1db5cfca75146df7,pose_hand_context,,47029.7,2.83,,1,cam12/e1/v1,rtmpose_baseline
corpus_03,03.CCTV Mobile Usage.mkv,632de9ed55947761d56d4c6142a3cb1a1fe69d0b1a6d0e01a2e404c697962623,dfine_native,127300.0,keyboard,0.9173,962.11,451.96,1067.93,491.38,4171.5,105.82,39.42,2.684,False,,True,R-desk,32,evt_S-61_desk_work_surface_0006,8a7953295bd2532a,lap_bag_context,no_pose_observation,34560.0,1.33,,1,cam12/e1/v1,
corpus_03,03.CCTV Mobile Usage.mkv,632de9ed55947761d56d4c6142a3cb1a1fe69d0b1a6d0e01a2e404c697962623,dfine_native,127300.0,monitor_or_bezel,0.6996,1019.16,395.8,1145.66,448.06,6611.2,126.5,52.26,2.42,False,,True,R-desk,32,evt_S-61_desk_work_surface_0006,8a7953295bd2532a,lap_bag_context,no_pose_observation,34560.0,1.33,,1,cam12/e1/v1,
corpus_03,03.CCTV Mobile Usage.mkv,632de9ed55947761d56d4c6142a3cb1a1fe69d0b1a6d0e01a2e404c697962623,dfine_native,127300.0,unknown_object,0.6226,699.92,396.19,847.18,492.32,14156.4,147.27,96.13,1.532,False,,True,R-desk,32,evt_S-61_desk_work_surface_0006,8a7953295bd2532a,lap_bag_context,no_pose_observation,34560.0,1.33,,1,cam12/e1/v1,
corpus_03,03.CCTV Mobile Usage.mkv,632de9ed55947761d56d4c6142a3cb1a1fe69d0b1a6d0e01a2e404c697962623,dfine_native,127300.0,unknown_object,0.4337,700.05,396.15,767.44,492.02,6460.9,67.39,95.88,0.703,False,,True,R-desk,32,evt_S-61_desk_work_surface_0006,8a7953295bd2532a,lap_bag_context,no_pose_observation,34560.0,1.33,,1,cam12/e1/v1,
corpus_03,03.CCTV Mobile Usage.mkv,632de9ed55947761d56d4c6142a3cb1a1fe69d0b1a6d0e01a2e404c697962623,dfine_native,127300.0,keyboard,0.5786,802.09,396.25,870.56,420.7,1673.9,68.47,24.45,2.801,False,,True,R-desk,32,evt_S-61_desk_work_surface_0006,8a7953295bd2532a,lap_bag_context,no_pose_observation,34560.0,1.33,,1,cam12/e1/v1,
corpus_03,03.CCTV Mobile Usage.mkv,632de9ed55947761d56d4c6142a3cb1a1fe69d0b1a6d0e01a2e404c697962623,dfine_native,127300.0,unknown_object,0.4786,700.06,396.2,756.08,491.6,5343.6,56.02,95.39,0.587,False,,True,R-desk,32,evt_S-61_desk_work_surface_0006,8a7953295bd2532a,lap_bag_context,no_pose_observation,34560.0,1.33,,1,cam12/e1/v1,
corpus_03,03.CCTV Mobile Usage.mkv,632de9ed55947761d56d4c6142a3cb1a1fe69d0b1a6d0e01a2e404c697962623,dfine_native,127300.0,phone,0.2884,1042.84,421.97,1113.41,474.26,3690.3,70.57,52.29,1.349,False,,True,R-desk,32,evt_S-61_desk_work_surface_0006,8a7953295bd2532a,lap_bag_context,no_pose_observation,34560.0,1.33,,1,cam12/e1/v1,
corpus_03,03.CCTV Mobile Usage.mkv,632de9ed55947761d56d4c6142a3cb1a1fe69d0b1a6d0e01a2e404c697962623,dfine_native,127300.0,mouse,0.6092,864.81,413.83,892.33,435.1,585.4,27.52,21.27,1.294,False,,True,R-desk,32,evt_S-61_desk_work_surface_0006,8a7953295bd2532a,lap_bag_context,no_pose_observation,34560.0,1.33,,1,cam12/e1/v1,
corpus_03,03.CCTV Mobile Usage.mkv,632de9ed55947761d56d4c6142a3cb1a1fe69d0b1a6d0e01a2e404c697962623,dfine_native,127300.0,monitor_or_bezel,0.3286,1015.36,395.77,1146.96,488.32,12179.9,131.61,92.55,1.422,False,,True,R-desk,32,evt_S-61_desk_work_surface_0006,8a7953295bd2532a,lap_bag_context,no_pose_observation,34560.0,1.33,,1,cam12/e1/v1,
corpus_03,03.CCTV Mobile Usage.mkv,632de9ed55947761d56d4c6142a3cb1a1fe69d0b1a6d0e01a2e404c697962623,dfine_native,127300.0,mouse,0.3536,967.12,398.39,992.02,410.66,305.6,24.9,12.27,2.03,False,,True,R-desk,32,evt_S-61_desk_work_surface_0006,8a7953295bd2532a,lap_bag_context,no_pose_observation,34560.0,1.33,,1,cam12/e1/v1,
corpus_03,03.CCTV Mobile Usage.mkv,632de9ed55947761d56d4c6142a3cb1a1fe69d0b1a6d0e01a2e404c697962623,dfine_native,127300.0,unknown_object,0.2613,700.08,396.15,784.65,492.3,8130.2,84.56,96.14,0.88,False,,True,R-desk,32,evt_S-61_desk_work_surface_0006,8a7953295bd2532a,lap_bag_context,no_pose_observation,34560.0,1.33,,1,cam12/e1/v1,
corpus_03,03.CCTV Mobile Usage.mkv,632de9ed55947761d56d4c6142a3cb1a1fe69d0b1a6d0e01a2e404c697962623,dfine_native,127300.0,mouse,0.2588,992.09,401.21,1028.05,413.54,443.5,35.96,12.33,2.915,False,,True,R-desk,32,evt_S-61_desk_work_surface_0006,8a7953295bd2532a,lap_bag_context,no_pose_observation,34560.0,1.33,,1,cam12/e1/v1,
corpus_03,03.CCTV Mobile Usage.mkv,632de9ed55947761d56d4c6142a3cb1a1fe69d0b1a6d0e01a2e404c697962623,dfine_native,127300.0,mouse,0.2831,991.05,399.22,1026.76,413.36,505.2,35.72,14.15,2.525,False,,True,R-desk,32,evt_S-61_desk_work_surface_0006,8a7953295bd2532a,lap_bag_context,no_pose_observation,34560.0,1.33,,1,cam12/e1/v1,
corpus_03,03.CCTV Mobile Usage.mkv,632de9ed55947761d56d4c6142a3cb1a1fe69d0b1a6d0e01a2e404c697962623,dfine_native,131867.0,keyboard,0.9027,962.07,451.93,1067.86,491.43,4179.1,105.79,39.5,2.678,False,,True,R-desk,36,evt_S-61_upper_body_0022,38cbde6a80224cf5,lap_bag_context,no_pose_observation,34560.0,1.33,,1,cam12/e1/v1,
corpus_03,03.CCTV Mobile Usage.mkv,632de9ed55947761d56d4c6142a3cb1a1fe69d0b1a6d0e01a2e404c697962623,dfine_native,131867.0,monitor_or_bezel,0.7035,1018.8,395.9,1146.03,447.43,6555.9,127.23,51.53,2.469,False,,True,R-desk,36,evt_S-61_upper_body_0022,38cbde6a80224cf5,lap_bag_context,no_pose_observation,34560.0,1.33,,1,cam12/e1/v1,
corpus_03,03.CCTV Mobile Usage.mkv,632de9ed55947761d56d4c6142a3cb1a1fe69d0b1a6d0e01a2e404c697962623,dfine_native,131867.0,unknown_object,0.4509,700.01,396.15,855.88,492.34,14991.9,155.87,96.18,1.621,False,,True,R-desk,36,evt_S-61_upper_body_0022,38cbde6a80224cf5,lap_bag_context,no_pose_observation,34560.0,1.33,,1,cam12/e1/v1,
corpus_03,03.CCTV Mobile Usage.mkv,632de9ed55947761d56d4c6142a3cb1a1fe69d0b1a6d0e01a2e404c697962623,dfine_native,131867.0,unknown_object,0.4114,700.02,396.19,762.44,491.82,5969.0,62.42,95.63,0.653,False,,True,R-desk,36,evt_S-61_upper_body_0022,38cbde6a80224cf5,lap_bag_context,no_pose_observation,34560.0,1.33,,1,cam12/e1/v1,
corpus_03,03.CCTV Mobile Usage.mkv,632de9ed55947761d56d4c6142a3cb1a1fe69d0b1a6d0e01a2e404c697962623,dfine_native,131867.0,keyboard,0.4944,802.61,396.28,870.81,420.56,1656.2,68.2,24.28,2.809,False,,True,R-desk,36,evt_S-61_upper_body_0022,38cbde6a80224cf5,lap_bag_context,no_pose_observation,34560.0,1.33,,1,cam12/e1/v1,
corpus_03,03.CCTV Mobile Usage.mkv,632de9ed55947761d56d4c6142a3cb1a1fe69d0b1a6d0e01a2e404c697962623,dfine_native,131867.0,phone,0.2675,1042.95,422.16,1112.84,474.17,3634.8,69.88,52.01,1.344,False,,True,R-desk,36,evt_S-61_upper_body_0022,38cbde6a80224cf5,lap_bag_context,no_pose_observation,34560.0,1.33,,1,cam12/e1/v1,
corpus_03,03.CCTV Mobile Usage.mkv,632de9ed55947761d56d4c6142a3cb1a1fe69d0b1a6d0e01a2e404c697962623,dfine_native,131867.0,mouse,0.3257,967.01,398.37,992.23,410.6,308.5,25.22,12.23,2.062,False,,True,R-desk,36,evt_S-61_upper_body_0022,38cbde6a80224cf5,lap_bag_context,no_pose_observation,34560.0,1.33,,1,cam12/e1/v1,
corpus_03,03.CCTV Mobile Usage.mkv,632de9ed55947761d56d4c6142a3cb1a1fe69d0b1a6d0e01a2e404c697962623,dfine_native,131867.0,mouse,0.549,864.77,413.77,892.29,435.28,591.9,27.52,21.51,1.279,False,,True,R-desk,36,evt_S-61_upper_body_0022,38cbde6a80224cf5,lap_bag_context,no_pose_observation,34560.0,1.33,,1,cam12/e1/v1,
corpus_03,03.CCTV Mobile Usage.mkv,632de9ed55947761d56d4c6142a3cb1a1fe69d0b1a6d0e01a2e404c697962623,dfine_native,131867.0,mouse,0.2607,990.58,399.29,1026.63,413.39,508.5,36.05,14.11,2.555,False,,True,R-desk,36,evt_S-61_upper_body_0022,38cbde6a80224cf5,lap_bag_context,no_pose_observation,34560.0,1.33,,1,cam12/e1/v1,
corpus_03,03.CCTV Mobile Usage.mkv,632de9ed55947761d56d4c6142a3cb1a1fe69d0b1a6d0e01a2e404c697962623,dfine_native,131867.0,keyboard,0.9027,962.07,451.93,1067.86,491.43,4179.1,105.79,39.5,2.678,False,,True,R-desk,35,evt_S-61_upper_body_0022,38cbde6a80224cf5,lap_bag_context,no_pose_observation,34560.0,1.33,,1,cam12/e1/v1,
corpus_03,03.CCTV Mobile Usage.mkv,632de9ed55947761d56d4c6142a3cb1a1fe69d0b1a6d0e01a2e404c697962623,dfine_native,131867.0,monitor_or_bezel,0.7035,1018.8,395.9,1146.03,447.43,6555.9,127.23,51.53,2.469,False,,True,R-desk,35,evt_S-61_upper_body_0022,38cbde6a80224cf5,lap_bag_context,no_pose_observation,34560.0,1.33,,1,cam12/e1/v1,
corpus_03,03.CCTV Mobile Usage.mkv,632de9ed55947761d56d4c6142a3cb1a1fe69d0b1a6d0e01a2e404c697962623,dfine_native,131867.0,unknown_object,0.4509,700.01,396.15,855.88,492.34,14991.9,155.87,96.18,1.621,False,,True,R-desk,35,evt_S-61_upper_body_0022,38cbde6a80224cf5,lap_bag_context,no_pose_observation,34560.0,1.33,,1,cam12/e1/v1,
corpus_03,03.CCTV Mobile Usage.mkv,632de9ed55947761d56d4c6142a3cb1a1fe69d0b1a6d0e01a2e404c697962623,dfine_native,131867.0,unknown_object,0.4114,700.02,396.19,762.44,491.82,5969.0,62.42,95.63,0.653,False,,True,R-desk,35,evt_S-61_upper_body_0022,38cbde6a80224cf5,lap_bag_context,no_pose_observation,34560.0,1.33,,1,cam12/e1/v1,
corpus_03,03.CCTV Mobile Usage.mkv,632de9ed55947761d56d4c6142a3cb1a1fe69d0b1a6d0e01a2e404c697962623,dfine_native,131867.0,keyboard,0.4944,802.61,396.28,870.81,420.56,1656.2,68.2,24.28,2.809,False,,True,R-desk,35,evt_S-61_upper_body_0022,38cbde6a80224cf5,lap_bag_context,no_pose_observation,34560.0,1.33,,1,cam12/e1/v1,
corpus_03,03.CCTV Mobile Usage.mkv,632de9ed55947761d56d4c6142a3cb1a1fe69d0b1a6d0e01a2e404c697962623,dfine_native,131867.0,phone,0.2675,1042.95,422.16,1112.84,474.17,3634.8,69.88,52.01,1.344,False,,True,R-desk,35,evt_S-61_upper_body_0022,38cbde6a80224cf5,lap_bag_context,no_pose_observation,34560.0,1.33,,1,cam12/e1/v1,
corpus_03,03.CCTV Mobile Usage.mkv,632de9ed55947761d56d4c6142a3cb1a1fe69d0b1a6d0e01a2e404c697962623,dfine_native,131867.0,mouse,0.3257,967.01,398.37,992.23,410.6,308.5,25.22,12.23,2.062,False,,True,R-desk,35,evt_S-61_upper_body_0022,38cbde6a80224cf5,lap_bag_context,no_pose_observation,34560.0,1.33,,1,cam12/e1/v1,
corpus_03,03.CCTV Mobile Usage.mkv,632de9ed55947761d56d4c6142a3cb1a1fe69d0b1a6d0e01a2e404c697962623,dfine_native,131867.0,mouse,0.549,864.77,413.77,892.29,435.28,591.9,27.52,21.51,1.279,False,,True,R-desk,35,evt_S-61_upper_body_0022,38cbde6a80224cf5,lap_bag_context,no_pose_observation,34560.0,1.33,,1,cam12/e1/v1,
corpus_03,03.CCTV Mobile Usage.mkv,632de9ed55947761d56d4c6142a3cb1a1fe69d0b1a6d0e01a2e404c697962623,dfine_native,131867.0,mouse,0.2607,990.58,399.29,1026.63,413.39,508.5,36.05,14.11,2.555,False,,True,R-desk,35,evt_S-61_upper_body_0022,38cbde6a80224cf5,lap_bag_context,no_pose_observation,34560.0,1.33,,1,cam12/e1/v1,
corpus_03,03.CCTV Mobile Usage.mkv,632de9ed55947761d56d4c6142a3cb1a1fe69d0b1a6d0e01a2e404c697962623,dfine_native,131867.0,bag,0.3006,866.37,42.62,960.23,108.6,6193.2,93.86,65.98,1.423,False,,True,unattributed,34,evt_S-61_upper_body_0022,906acfc70bd7ec82,native_source_context_fallback,wrist_confidence_below_floor,11895.6,5.82,,1,cam12/e1/v1,rtmpose_baseline
corpus_03,03.CCTV Mobile Usage.mkv,632de9ed55947761d56d4c6142a3cb1a1fe69d0b1a6d0e01a2e404c697962623,dfine_native,131867.0,unknown_object,0.5619,114.98,436.12,176.74,503.3,4149.3,61.77,67.18,0.919,False,,True,S-61,33,evt_S-61_upper_body_0022,fc2e3874fd08bc57,pose_hand_context,,65577.0,2.5,,1,cam12/e1/v1,rtmpose_baseline
corpus_03,03.CCTV Mobile Usage.mkv,632de9ed55947761d56d4c6142a3cb1a1fe69d0b1a6d0e01a2e404c697962623,dfine_native,131867.0,bag,0.4326,114.99,385.2,177.24,451.65,4136.0,62.24,66.45,0.937,False,,True,S-61,33,evt_S-61_upper_body_0022,fc2e3874fd08bc57,pose_hand_context,,65577.0,2.5,,1,cam12/e1/v1,rtmpose_baseline
corpus_03,03.CCTV Mobile Usage.mkv,632de9ed55947761d56d4c6142a3cb1a1fe69d0b1a6d0e01a2e404c697962623,dfine_native,131867.0,unknown_object,0.3308,115.06,501.36,250.32,638.89,18601.3,135.26,137.53,0.983,False,,True,S-61,33,evt_S-61_upper_body_0022,fc2e3874fd08bc57,pose_hand_context,,65577.0,2.5,,1,cam12/e1/v1,rtmpose_baseline
corpus_03,03.CCTV Mobile Usage.mkv,632de9ed55947761d56d4c6142a3cb1a1fe69d0b1a6d0e01a2e404c697962623,dfine_native,131867.0,bag,0.2586,247.16,540.2,370.99,640.65,12437.1,123.82,100.44,1.233,False,,True,S-61,33,evt_S-61_upper_body_0022,fc2e3874fd08bc57,pose_hand_context,,65577.0,2.5,,1,cam12/e1/v1,rtmpose_baseline
corpus_03,03.CCTV Mobile Usage.mkv,632de9ed55947761d56d4c6142a3cb1a1fe69d0b1a6d0e01a2e404c697962623,dfine_native,131867.0,unknown_object,0.3012,115.05,385.6,251.39,639.0,34546.3,136.33,253.39,0.538,False,,True,S-61,33,evt_S-61_upper_body_0022,fc2e3874fd08bc57,pose_hand_context,,65577.0,2.5,,1,cam12/e1/v1,rtmpose_baseline
corpus_03,03.CCTV Mobile Usage.mkv,632de9ed55947761d56d4c6142a3cb1a1fe69d0b1a6d0e01a2e404c697962623,dfine_native,131867.0,unknown_object,0.4453,114.92,436.24,179.63,522.78,5599.4,64.7,86.54,0.748,False,,True,S-61,33,evt_S-61_upper_body_0022,fc2e3874fd08bc57,pose_hand_context,,65577.0,2.5,,1,cam12/e1/v1,rtmpose_baseline
corpus_03,03.CCTV Mobile Usage.mkv,632de9ed55947761d56d4c6142a3cb1a1fe69d0b1a6d0e01a2e404c697962623,dfine_native,131867.0,unknown_object,0.339,117.83,475.16,179.39,522.18,2894.6,61.56,47.02,1.309,False,,True,S-61,33,evt_S-61_upper_body_0022,fc2e3874fd08bc57,pose_hand_context,,65577.0,2.5,,1,cam12/e1/v1,rtmpose_baseline
corpus_03,03.CCTV Mobile Usage.mkv,632de9ed55947761d56d4c6142a3cb1a1fe69d0b1a6d0e01a2e404c697962623,dfine_native,131867.0,unknown_object,0.2782,114.97,435.98,186.63,531.65,6856.0,71.66,95.68,0.749,False,,True,S-61,33,evt_S-61_upper_body_0022,fc2e3874fd08bc57,pose_hand_context,,65577.0,2.5,,1,cam12/e1/v1,rtmpose_baseline
corpus_03,03.CCTV Mobile Usage.mkv,632de9ed55947761d56d4c6142a3cb1a1fe69d0b1a6d0e01a2e404c697962623,dfine_native,132867.0,keyboard,0.9052,962.04,451.94,1067.92,491.42,4179.9,105.88,39.48,2.682,False,,True,R-desk,37,evt_S-61_upper_body_0022,7b62738820a09667,lap_bag_context,no_pose_observation,34560.0,1.33,,1,cam12/e1/v1,
corpus_03,03.CCTV Mobile Usage.mkv,632de9ed55947761d56d4c6142a3cb1a1fe69d0b1a6d0e01a2e404c697962623,dfine_native,132867.0,monitor_or_bezel,0.6363,1018.92,395.75,1145.9,447.97,6630.9,126.98,52.22,2.432,False,,True,R-desk,37,evt_S-61_upper_body_0022,7b62738820a09667,lap_bag_context,no_pose_observation,34560.0,1.33,,1,cam12/e1/v1,
corpus_03,03.CCTV Mobile Usage.mkv,632de9ed55947761d56d4c6142a3cb1a1fe69d0b1a6d0e01a2e404c697962623,dfine_native,132867.0,unknown_object,0.4659,699.99,396.12,768.71,491.74,6571.0,68.72,95.62,0.719,False,,True,R-desk,37,evt_S-61_upper_body_0022,7b62738820a09667,lap_bag_context,no_pose_observation,34560.0,1.33,,1,cam12/e1/v1,
corpus_03,03.CCTV Mobile Usage.mkv,632de9ed55947761d56d4c6142a3cb1a1fe69d0b1a6d0e01a2e404c697962623,dfine_native,132867.0,unknown_object,0.4738,700.21,396.14,859.47,492.21,15301.6,159.27,96.07,1.658,False,,True,R-desk,37,evt_S-61_upper_body_0022,7b62738820a09667,lap_bag_context,no_pose_observation,34560.0,1.33,,1,cam12/e1/v1,
corpus_03,03.CCTV Mobile Usage.mkv,632de9ed55947761d56d4c6142a3cb1a1fe69d0b1a6d0e01a2e404c697962623,dfine_native,132867.0,keyboard,0.3329,802.01,396.23,870.68,420.82,1688.3,68.67,24.59,2.793,False,,True,R-desk,37,evt_S-61_upper_body_0022,7b62738820a09667,lap_bag_context,no_pose_observation,34560.0,1.33,,1,cam12/e1/v1,
corpus_03,03.CCTV Mobile Usage.mkv,632de9ed55947761d56d4c6142a3cb1a1fe69d0b1a6d0e01a2e404c697962623,dfine_native,132867.0,phone,0.3205,1042.94,421.82,1113.19,474.23,3681.7,70.25,52.41,1.34,False,,True,R-desk,37,evt_S-61_upper_body_0022,7b62738820a09667,lap_bag_context,no_pose_observation,34560.0,1.33,,1,cam12/e1/v1,
corpus_03,03.CCTV Mobile Usage.mkv,632de9ed55947761d56d4c6142a3cb1a1fe69d0b1a6d0e01a2e404c697962623,dfine_native,132867.0,monitor_or_bezel,0.3385,1013.26,395.76,1147.39,488.13,12389.4,134.13,92.37,1.452,False,,True,R-desk,37,evt_S-61_upper_body_0022,7b62738820a09667,lap_bag_context,no_pose_observation,34560.0,1.33,,1,cam12/e1/v1,
corpus_03,03.CCTV Mobile Usage.mkv,632de9ed55947761d56d4c6142a3cb1a1fe69d0b1a6d0e01a2e404c697962623,dfine_native,132867.0,unknown_object,0.2645,700.07,396.31,757.38,490.91,5421.3,57.31,94.6,0.606,False,,True,R-desk,37,evt_S-61_upper_body_0022,7b62738820a09667,lap_bag_context,no_pose_observation,34560.0,1.33,,1,cam12/e1/v1,
corpus_03,03.CCTV Mobile Usage.mkv,632de9ed55947761d56d4c6142a3cb1a1fe69d0b1a6d0e01a2e404c697962623,dfine_native,132867.0,mouse,0.5514,864.71,413.74,892.18,435.13,587.5,27.47,21.39,1.285,False,,True,R-desk,37,evt_S-61_upper_body_0022,7b62738820a09667,lap_bag_context,no_pose_observation,34560.0,1.33,,1,cam12/e1/v1,
corpus_03,03.CCTV Mobile Usage.mkv,632de9ed55947761d56d4c6142a3cb1a1fe69d0b1a6d0e01a2e404c697962623,dfine_native,132867.0,mouse,0.2938,967.24,398.34,992.24,410.54,305.2,25.0,12.21,2.049,False,,True,R-desk,37,evt_S-61_upper_body_0022,7b62738820a09667,lap_bag_context,no_pose_observation,34560.0,1.33,,1,cam12/e1/v1,
corpus_03,03.CCTV Mobile Usage.mkv,632de9ed55947761d56d4c6142a3cb1a1fe69d0b1a6d0e01a2e404c697962623,dfine_native,132867.0,keyboard,0.9052,962.04,451.94,1067.92,491.42,4179.9,105.88,39.48,2.682,False,,True,R-desk,36,evt_S-61_upper_body_0022,7b62738820a09667,lap_bag_context,no_pose_observation,34560.0,1.33,,1,cam12/e1/v1,
corpus_03,03.CCTV Mobile Usage.mkv,632de9ed55947761d56d4c6142a3cb1a1fe69d0b1a6d0e01a2e404c697962623,dfine_native,132867.0,monitor_or_bezel,0.6363,1018.92,395.75,1145.9,447.97,6630.9,126.98,52.22,2.432,False,,True,R-desk,36,evt_S-61_upper_body_0022,7b62738820a09667,lap_bag_context,no_pose_observation,34560.0,1.33,,1,cam12/e1/v1,
corpus_03,03.CCTV Mobile Usage.mkv,632de9ed55947761d56d4c6142a3cb1a1fe69d0b1a6d0e01a2e404c697962623,dfine_native,132867.0,unknown_object,0.4659,699.99,396.12,768.71,491.74,6571.0,68.72,95.62,0.719,False,,True,R-desk,36,evt_S-61_upper_body_0022,7b62738820a09667,lap_bag_context,no_pose_observation,34560.0,1.33,,1,cam12/e1/v1,
corpus_03,03.CCTV Mobile Usage.mkv,632de9ed55947761d56d4c6142a3cb1a1fe69d0b1a6d0e01a2e404c697962623,dfine_native,132867.0,unknown_object,0.4738,700.21,396.14,859.47,492.21,15301.6,159.27,96.07,1.658,False,,True,R-desk,36,evt_S-61_upper_body_0022,7b62738820a09667,lap_bag_context,no_pose_observation,34560.0,1.33,,1,cam12/e1/v1,
corpus_03,03.CCTV Mobile Usage.mkv,632de9ed55947761d56d4c6142a3cb1a1fe69d0b1a6d0e01a2e404c697962623,dfine_native,132867.0,keyboard,0.3329,802.01,396.23,870.68,420.82,1688.3,68.67,24.59,2.793,False,,True,R-desk,36,evt_S-61_upper_body_0022,7b62738820a09667,lap_bag_context,no_pose_observation,34560.0,1.33,,1,cam12/e1/v1,
corpus_03,03.CCTV Mobile Usage.mkv,632de9ed55947761d56d4c6142a3cb1a1fe69d0b1a6d0e01a2e404c697962623,dfine_native,132867.0,phone,0.3205,1042.94,421.82,1113.19,474.23,3681.7,70.25,52.41,1.34,False,,True,R-desk,36,evt_S-61_upper_body_0022,7b62738820a09667,lap_bag_context,no_pose_observation,34560.0,1.33,,1,cam12/e1/v1,
corpus_03,03.CCTV Mobile Usage.mkv,632de9ed55947761d56d4c6142a3cb1a1fe69d0b1a6d0e01a2e404c697962623,dfine_native,132867.0,monitor_or_bezel,0.3385,1013.26,395.76,1147.39,488.13,12389.4,134.13,92.37,1.452,False,,True,R-desk,36,evt_S-61_upper_body_0022,7b62738820a09667,lap_bag_context,no_pose_observation,34560.0,1.33,,1,cam12/e1/v1,
corpus_03,03.CCTV Mobile Usage.mkv,632de9ed55947761d56d4c6142a3cb1a1fe69d0b1a6d0e01a2e404c697962623,dfine_native,132867.0,unknown_object,0.2645,700.07,396.31,757.38,490.91,5421.3,57.31,94.6,0.606,False,,True,R-desk,36,evt_S-61_upper_body_0022,7b62738820a09667,lap_bag_context,no_pose_observation,34560.0,1.33,,1,cam12/e1/v1,
corpus_03,03.CCTV Mobile Usage.mkv,632de9ed55947761d56d4c6142a3cb1a1fe69d0b1a6d0e01a2e404c697962623,dfine_native,132867.0,mouse,0.5514,864.71,413.74,892.18,435.13,587.5,27.47,21.39,1.285,False,,True,R-desk,36,evt_S-61_upper_body_0022,7b62738820a09667,lap_bag_context,no_pose_observation,34560.0,1.33,,1,cam12/e1/v1,
corpus_03,03.CCTV Mobile Usage.mkv,632de9ed55947761d56d4c6142a3cb1a1fe69d0b1a6d0e01a2e404c697962623,dfine_native,132867.0,mouse,0.2938,967.24,398.34,992.24,410.54,305.2,25.0,12.21,2.049,False,,True,R-desk,36,evt_S-61_upper_body_0022,7b62738820a09667,lap_bag_context,no_pose_observation,34560.0,1.33,,1,cam12/e1/v1,
corpus_03,03.CCTV Mobile Usage.mkv,632de9ed55947761d56d4c6142a3cb1a1fe69d0b1a6d0e01a2e404c697962623,dfine_native,132867.0,unknown_object,0.2831,147.04,520.46,255.44,643.34,13319.9,108.39,122.88,0.882,False,,True,S-61,33,evt_S-61_upper_body_0022,8cf2bbf89c894fa5,pose_hand_context,,56188.0,2.7,,1,cam12/e1/v1,rtmpose_baseline
corpus_03,03.CCTV Mobile Usage.mkv,632de9ed55947761d56d4c6142a3cb1a1fe69d0b1a6d0e01a2e404c697962623,dfine_native,132867.0,unknown_object,0.2562,147.24,426.0,258.11,642.59,24012.7,110.87,216.58,0.512,False,,True,S-61,33,evt_S-61_upper_body_0022,8cf2bbf89c894fa5,pose_hand_context,,56188.0,2.7,,1,cam12/e1/v1,rtmpose_baseline
corpus_03,03.CCTV Mobile Usage.mkv,632de9ed55947761d56d4c6142a3cb1a1fe69d0b1a6d0e01a2e404c697962623,dfine_native,132867.0,unknown_object,0.2868,147.01,439.82,256.36,642.55,22167.3,109.35,202.72,0.539,False,,True,S-61,33,evt_S-61_upper_body_0022,8cf2bbf89c894fa5,pose_hand_context,,56188.0,2.7,,1,cam12/e1/v1,rtmpose_baseline
corpus_03,03.CCTV Mobile Usage.mkv,632de9ed55947761d56d4c6142a3cb1a1fe69d0b1a6d0e01a2e404c697962623,dfine_native,132867.0,unknown_object,0.2613,147.24,409.57,258.69,643.05,26022.7,111.46,233.48,0.477,False,,True,S-61,33,evt_S-61_upper_body_0022,8cf2bbf89c894fa5,pose_hand_context,,56188.0,2.7,,1,cam12/e1/v1,rtmpose_baseline
corpus_03,03.CCTV Mobile Usage.mkv,632de9ed55947761d56d4c6142a3cb1a1fe69d0b1a6d0e01a2e404c697962623,dfine_native,133867.0,unknown_object,0.5956,133.13,436.43,331.8,633.42,39136.3,198.67,196.99,1.009,False,,True,S-61,33,evt_S-61_upper_body_0022,3a65d52bb31ff068,pose_hand_context,,39537.3,3.22,,1,cam12/e1/v1,rtmpose_baseline
corpus_03,03.CCTV Mobile Usage.mkv,632de9ed55947761d56d4c6142a3cb1a1fe69d0b1a6d0e01a2e404c697962623,dfine_native,133867.0,unknown_object,0.4811,132.99,436.57,176.29,486.95,2181.5,43.3,50.38,0.859,False,,True,S-61,33,evt_S-61_upper_body_0022,3a65d52bb31ff068,pose_hand_context,,39537.3,3.22,,1,cam12/e1/v1,rtmpose_baseline
corpus_03,03.CCTV Mobile Usage.mkv,632de9ed55947761d56d4c6142a3cb1a1fe69d0b1a6d0e01a2e404c697962623,dfine_native,133867.0,unknown_object,0.3363,134.41,492.84,176.62,521.86,1225.1,42.21,29.02,1.455,False,,True,S-61,33,evt_S-61_upper_body_0022,3a65d52bb31ff068,pose_hand_context,,39537.3,3.22,,1,cam12/e1/v1,rtmpose_baseline
corpus_03,03.CCTV Mobile Usage.mkv,632de9ed55947761d56d4c6142a3cb1a1fe69d0b1a6d0e01a2e404c697962623,dfine_native,133867.0,unknown_object,0.3419,132.98,436.78,179.2,513.38,3539.9,46.22,76.6,0.603,False,,True,S-61,33,evt_S-61_upper_body_0022,3a65d52bb31ff068,pose_hand_context,,39537.3,3.22,,1,cam12/e1/v1,rtmpose_baseline
corpus_03,03.CCTV Mobile Usage.mkv,632de9ed55947761d56d4c6142a3cb1a1fe69d0b1a6d0e01a2e404c697962623,dfine_native,133867.0,unknown_object,0.2686,133.11,488.36,331.81,633.82,28903.3,198.7,145.46,1.366,False,,True,S-61,33,evt_S-61_upper_body_0022,3a65d52bb31ff068,pose_hand_context,,39537.3,3.22,,1,cam12/e1/v1,rtmpose_baseline
corpus_03,03.CCTV Mobile Usage.mkv,632de9ed55947761d56d4c6142a3cb1a1fe69d0b1a6d0e01a2e404c697962623,dfine_native,133867.0,unknown_object,0.2611,133.11,437.75,331.74,633.43,38867.8,198.63,195.68,1.015,False,,True,S-61,33,evt_S-61_upper_body_0022,3a65d52bb31ff068,pose_hand_context,,39537.3,3.22,,1,cam12/e1/v1,rtmpose_baseline
corpus_03,03.CCTV Mobile Usage.mkv,632de9ed55947761d56d4c6142a3cb1a1fe69d0b1a6d0e01a2e404c697962623,dfine_native,133867.0,unknown_object,0.3304,133.01,473.98,178.8,514.19,1841.1,45.79,40.21,1.139,False,,True,S-61,33,evt_S-61_upper_body_0022,3a65d52bb31ff068,pose_hand_context,,39537.3,3.22,,1,cam12/e1/v1,rtmpose_baseline
corpus_03,03.CCTV Mobile Usage.mkv,632de9ed55947761d56d4c6142a3cb1a1fe69d0b1a6d0e01a2e404c697962623,dfine_native,133867.0,unknown_object,0.34,132.97,511.18,243.82,633.66,13576.5,110.85,122.48,0.905,False,,True,S-61,33,evt_S-61_upper_body_0022,3a65d52bb31ff068,pose_hand_context,,39537.3,3.22,,1,cam12/e1/v1,rtmpose_baseline
corpus_03,03.CCTV Mobile Usage.mkv,632de9ed55947761d56d4c6142a3cb1a1fe69d0b1a6d0e01a2e404c697962623,dfine_native,133867.0,unknown_object,0.2522,163.43,445.21,198.21,489.75,1549.2,34.79,44.54,0.781,False,,True,S-61,33,evt_S-61_upper_body_0022,3a65d52bb31ff068,pose_hand_context,,39537.3,3.22,,1,cam12/e1/v1,rtmpose_baseline
corpus_03,03.CCTV Mobile Usage.mkv,632de9ed55947761d56d4c6142a3cb1a1fe69d0b1a6d0e01a2e404c697962623,dfine_native,133867.0,unknown_object,0.5103,133.11,436.78,244.33,633.55,21884.7,111.22,196.77,0.565,False,,True,S-61,33,evt_S-61_upper_body_0022,3a65d52bb31ff068,pose_hand_context,,39537.3,3.22,,1,cam12/e1/v1,rtmpose_baseline
corpus_03,03.CCTV Mobile Usage.mkv,632de9ed55947761d56d4c6142a3cb1a1fe69d0b1a6d0e01a2e404c697962623,dfine_native,133867.0,unknown_object,0.2761,156.78,515.41,331.91,633.58,20694.9,175.13,118.17,1.482,False,,True,S-61,33,evt_S-61_upper_body_0022,3a65d52bb31ff068,pose_hand_context,,39537.3,3.22,,1,cam12/e1/v1,rtmpose_baseline
corpus_03,03.CCTV Mobile Usage.mkv,632de9ed55947761d56d4c6142a3cb1a1fe69d0b1a6d0e01a2e404c697962623,dfine_native,133867.0,unknown_object,0.2707,133.06,513.35,331.85,634.02,23987.3,198.78,120.67,1.647,False,,True,S-61,33,evt_S-61_upper_body_0022,3a65d52bb31ff068,pose_hand_context,,39537.3,3.22,,1,cam12/e1/v1,rtmpose_baseline
corpus_03,03.CCTV Mobile Usage.mkv,632de9ed55947761d56d4c6142a3cb1a1fe69d0b1a6d0e01a2e404c697962623,dfine_native,133867.0,keyboard,0.9044,961.99,451.95,1067.93,491.43,4182.1,105.94,39.48,2.684,False,,True,R-desk,38,evt_S-61_upper_body_0022,f1a8113867df619c,lap_bag_context,no_pose_observation,34560.0,1.33,,1,cam12/e1/v1,
corpus_03,03.CCTV Mobile Usage.mkv,632de9ed55947761d56d4c6142a3cb1a1fe69d0b1a6d0e01a2e404c697962623,dfine_native,133867.0,monitor_or_bezel,0.6332,1018.89,395.72,1145.92,447.9,6628.2,127.03,52.18,2.434,False,,True,R-desk,38,evt_S-61_upper_body_0022,f1a8113867df619c,lap_bag_context,no_pose_observation,34560.0,1.33,,1,cam12/e1/v1,
corpus_03,03.CCTV Mobile Usage.mkv,632de9ed55947761d56d4c6142a3cb1a1fe69d0b1a6d0e01a2e404c697962623,dfine_native,133867.0,unknown_object,0.466,699.99,396.12,768.71,491.73,6570.3,68.72,95.61,0.719,False,,True,R-desk,38,evt_S-61_upper_body_0022,f1a8113867df619c,lap_bag_context,no_pose_observation,34560.0,1.33,,1,cam12/e1/v1,
corpus_03,03.CCTV Mobile Usage.mkv,632de9ed55947761d56d4c6142a3cb1a1fe69d0b1a6d0e01a2e404c697962623,dfine_native,133867.0,unknown_object,0.472,700.21,396.14,860.04,492.21,15355.5,159.83,96.07,1.664,False,,True,R-desk,38,evt_S-61_upper_body_0022,f1a8113867df619c,lap_bag_context,no_pose_observation,34560.0,1.33,,1,cam12/e1/v1,
corpus_03,03.CCTV Mobile Usage.mkv,632de9ed55947761d56d4c6142a3cb1a1fe69d0b1a6d0e01a2e404c697962623,dfine_native,133867.0,keyboard,0.3318,801.99,396.23,870.68,420.82,1689.2,68.69,24.59,2.794,False,,True,R-desk,38,evt_S-61_upper_body_0022,f1a8113867df619c,lap_bag_context,no_pose_observation,34560.0,1.33,,1,cam12/e1/v1,
corpus_03,03.CCTV Mobile Usage.mkv,632de9ed55947761d56d4c6142a3cb1a1fe69d0b1a6d0e01a2e404c697962623,dfine_native,133867.0,phone,0.3393,1043.03,421.82,1113.11,474.17,3669.4,70.09,52.35,1.339,False,,True,R-desk,38,evt_S-61_upper_body_0022,f1a8113867df619c,lap_bag_context,no_pose_observation,34560.0,1.33,,1,cam12/e1/v1,
corpus_03,03.CCTV Mobile Usage.mkv,632de9ed55947761d56d4c6142a3cb1a1fe69d0b1a6d0e01a2e404c697962623,dfine_native,133867.0,monitor_or_bezel,0.3187,1012.6,395.73,1147.59,488.28,12493.6,134.99,92.55,1.459,False,,True,R-desk,38,evt_S-61_upper_body_0022,f1a8113867df619c,lap_bag_context,no_pose_observation,34560.0,1.33,,1,cam12/e1/v1,
corpus_03,03.CCTV Mobile Usage.mkv,632de9ed55947761d56d4c6142a3cb1a1fe69d0b1a6d0e01a2e404c697962623,dfine_native,133867.0,unknown_object,0.2593,700.07,396.3,757.38,490.9,5421.2,57.31,94.6,0.606,False,,True,R-desk,38,evt_S-61_upper_body_0022,f1a8113867df619c,lap_bag_context,no_pose_observation,34560.0,1.33,,1,cam12/e1/v1,
corpus_03,03.CCTV Mobile Usage.mkv,632de9ed55947761d56d4c6142a3cb1a1fe69d0b1a6d0e01a2e404c697962623,dfine_native,133867.0,mouse,0.5465,864.7,413.74,892.2,435.16,589.1,27.5,21.42,1.284,False,,True,R-desk,38,evt_S-61_upper_body_0022,f1a8113867df619c,lap_bag_context,no_pose_observation,34560.0,1.33,,1,cam12/e1/v1,
corpus_03,03.CCTV Mobile Usage.mkv,632de9ed55947761d56d4c6142a3cb1a1fe69d0b1a6d0e01a2e404c697962623,dfine_native,133867.0,mouse,0.2853,967.23,398.34,992.25,410.55,305.6,25.02,12.21,2.049,False,,True,R-desk,38,evt_S-61_upper_body_0022,f1a8113867df619c,lap_bag_context,no_pose_observation,34560.0,1.33,,1,cam12/e1/v1,
corpus_03,03.CCTV Mobile Usage.mkv,632de9ed55947761d56d4c6142a3cb1a1fe69d0b1a6d0e01a2e404c697962623,dfine_native,133867.0,keyboard,0.9044,961.99,451.95,1067.93,491.43,4182.1,105.94,39.48,2.684,False,,True,R-desk,36,evt_S-61_upper_body_0022,f1a8113867df619c,lap_bag_context,no_pose_observation,34560.0,1.33,,1,cam12/e1/v1,
corpus_03,03.CCTV Mobile Usage.mkv,632de9ed55947761d56d4c6142a3cb1a1fe69d0b1a6d0e01a2e404c697962623,dfine_native,133867.0,monitor_or_bezel,0.6332,1018.89,395.72,1145.92,447.9,6628.2,127.03,52.18,2.434,False,,True,R-desk,36,evt_S-61_upper_body_0022,f1a8113867df619c,lap_bag_context,no_pose_observation,34560.0,1.33,,1,cam12/e1/v1,
corpus_03,03.CCTV Mobile Usage.mkv,632de9ed55947761d56d4c6142a3cb1a1fe69d0b1a6d0e01a2e404c697962623,dfine_native,133867.0,unknown_object,0.466,699.99,396.12,768.71,491.73,6570.3,68.72,95.61,0.719,False,,True,R-desk,36,evt_S-61_upper_body_0022,f1a8113867df619c,lap_bag_context,no_pose_observation,34560.0,1.33,,1,cam12/e1/v1,
corpus_03,03.CCTV Mobile Usage.mkv,632de9ed55947761d56d4c6142a3cb1a1fe69d0b1a6d0e01a2e404c697962623,dfine_native,133867.0,unknown_object,0.472,700.21,396.14,860.04,492.21,15355.5,159.83,96.07,1.664,False,,True,R-desk,36,evt_S-61_upper_body_0022,f1a8113867df619c,lap_bag_context,no_pose_observation,34560.0,1.33,,1,cam12/e1/v1,
corpus_03,03.CCTV Mobile Usage.mkv,632de9ed55947761d56d4c6142a3cb1a1fe69d0b1a6d0e01a2e404c697962623,dfine_native,133867.0,keyboard,0.3318,801.99,396.23,870.68,420.82,1689.2,68.69,24.59,2.794,False,,True,R-desk,36,evt_S-61_upper_body_0022,f1a8113867df619c,lap_bag_context,no_pose_observation,34560.0,1.33,,1,cam12/e1/v1,
corpus_03,03.CCTV Mobile Usage.mkv,632de9ed55947761d56d4c6142a3cb1a1fe69d0b1a6d0e01a2e404c697962623,dfine_native,133867.0,phone,0.3393,1043.03,421.82,1113.11,474.17,3669.4,70.09,52.35,1.339,False,,True,R-desk,36,evt_S-61_upper_body_0022,f1a8113867df619c,lap_bag_context,no_pose_observation,34560.0,1.33,,1,cam12/e1/v1,
corpus_03,03.CCTV Mobile Usage.mkv,632de9ed55947761d56d4c6142a3cb1a1fe69d0b1a6d0e01a2e404c697962623,dfine_native,133867.0,monitor_or_bezel,0.3187,1012.6,395.73,1147.59,488.28,12493.6,134.99,92.55,1.459,False,,True,R-desk,36,evt_S-61_upper_body_0022,f1a8113867df619c,lap_bag_context,no_pose_observation,34560.0,1.33,,1,cam12/e1/v1,
corpus_03,03.CCTV Mobile Usage.mkv,632de9ed55947761d56d4c6142a3cb1a1fe69d0b1a6d0e01a2e404c697962623,dfine_native,133867.0,unknown_object,0.2593,700.07,396.3,757.38,490.9,5421.2,57.31,94.6,0.606,False,,True,R-desk,36,evt_S-61_upper_body_0022,f1a8113867df619c,lap_bag_context,no_pose_observation,34560.0,1.33,,1,cam12/e1/v1,
corpus_03,03.CCTV Mobile Usage.mkv,632de9ed55947761d56d4c6142a3cb1a1fe69d0b1a6d0e01a2e404c697962623,dfine_native,133867.0,mouse,0.5465,864.7,413.74,892.2,435.16,589.1,27.5,21.42,1.284,False,,True,R-desk,36,evt_S-61_upper_body_0022,f1a8113867df619c,lap_bag_context,no_pose_observation,34560.0,1.33,,1,cam12/e1/v1,
corpus_03,03.CCTV Mobile Usage.mkv,632de9ed55947761d56d4c6142a3cb1a1fe69d0b1a6d0e01a2e404c697962623,dfine_native,133867.0,mouse,0.2853,967.23,398.34,992.25,410.55,305.6,25.02,12.21,2.049,False,,True,R-desk,36,evt_S-61_upper_body_0022,f1a8113867df619c,lap_bag_context,no_pose_observation,34560.0,1.33,,1,cam12/e1/v1,
corpus_03,03.CCTV Mobile Usage.mkv,632de9ed55947761d56d4c6142a3cb1a1fe69d0b1a6d0e01a2e404c697962623,dfine_native,134867.0,keyboard,0.9174,961.88,451.96,1067.85,491.45,4184.4,105.97,39.49,2.684,False,,True,R-desk,36,evt_S-61_upper_body_0022,0e31788d13d3d0fd,lap_bag_context,no_pose_observation,34560.0,1.33,,1,cam12/e1/v1,
corpus_03,03.CCTV Mobile Usage.mkv,632de9ed55947761d56d4c6142a3cb1a1fe69d0b1a6d0e01a2e404c697962623,dfine_native,134867.0,unknown_object,0.6808,699.9,396.16,847.81,492.0,14174.8,147.9,95.84,1.543,False,,True,R-desk,36,evt_S-61_upper_body_0022,0e31788d13d3d0fd,lap_bag_context,no_pose_observation,34560.0,1.33,,1,cam12/e1/v1,
corpus_03,03.CCTV Mobile Usage.mkv,632de9ed55947761d56d4c6142a3cb1a1fe69d0b1a6d0e01a2e404c697962623,dfine_native,134867.0,monitor_or_bezel,0.6908,1019.05,395.65,1145.72,447.85,6612.1,126.66,52.2,2.426,False,,True,R-desk,36,evt_S-61_upper_body_0022,0e31788d13d3d0fd,lap_bag_context,no_pose_observation,34560.0,1.33,,1,cam12/e1/v1,
corpus_03,03.CCTV Mobile Usage.mkv,632de9ed55947761d56d4c6142a3cb1a1fe69d0b1a6d0e01a2e404c697962623,dfine_native,134867.0,keyboard,0.5124,801.89,396.22,870.98,420.8,1697.7,69.09,24.57,2.812,False,,True,R-desk,36,evt_S-61_upper_body_0022,0e31788d13d3d0fd,lap_bag_context,no_pose_observation,34560.0,1.33,,1,cam12/e1/v1,
corpus_03,03.CCTV Mobile Usage.mkv,632de9ed55947761d56d4c6142a3cb1a1fe69d0b1a6d0e01a2e404c697962623,dfine_native,134867.0,mouse,0.6237,864.68,413.76,892.26,435.07,587.8,27.58,21.31,1.294,False,,True,R-desk,36,evt_S-61_upper_body_0022,0e31788d13d3d0fd,lap_bag_context,no_pose_observation,34560.0,1.33,,1,cam12/e1/v1,
corpus_03,03.CCTV Mobile Usage.mkv,632de9ed55947761d56d4c6142a3cb1a1fe69d0b1a6d0e01a2e404c697962623,dfine_native,134867.0,phone,0.3061,1042.85,421.63,1113.53,474.28,3720.6,70.68,52.64,1.343,False,,True,R-desk,36,evt_S-61_upper_body_0022,0e31788d13d3d0fd,lap_bag_context,no_pose_observation,34560.0,1.33,,1,cam12/e1/v1,
corpus_03,03.CCTV Mobile Usage.mkv,632de9ed55947761d56d4c6142a3cb1a1fe69d0b1a6d0e01a2e404c697962623,dfine_native,134867.0,monitor_or_bezel,0.3353,1014.97,395.64,1146.82,488.62,12260.3,131.85,92.99,1.418,False,,True,R-desk,36,evt_S-61_upper_body_0022,0e31788d13d3d0fd,lap_bag_context,no_pose_observation,34560.0,1.33,,1,cam12/e1/v1,
corpus_03,03.CCTV Mobile Usage.mkv,632de9ed55947761d56d4c6142a3cb1a1fe69d0b1a6d0e01a2e404c697962623,dfine_native,134867.0,unknown_object,0.4467,700.07,396.15,760.76,491.37,5778.5,60.68,95.22,0.637,False,,True,R-desk,36,evt_S-61_upper_body_0022,0e31788d13d3d0fd,lap_bag_context,no_pose_observation,34560.0,1.33,,1,cam12/e1/v1,
corpus_03,03.CCTV Mobile Usage.mkv,632de9ed55947761d56d4c6142a3cb1a1fe69d0b1a6d0e01a2e404c697962623,dfine_native,134867.0,monitor_or_bezel,0.2864,881.43,396.17,948.82,452.68,3808.2,67.39,56.51,1.192,False,,True,R-desk,36,evt_S-61_upper_body_0022,0e31788d13d3d0fd,lap_bag_context,no_pose_observation,34560.0,1.33,,1,cam12/e1/v1,
corpus_03,03.CCTV Mobile Usage.mkv,632de9ed55947761d56d4c6142a3cb1a1fe69d0b1a6d0e01a2e404c697962623,dfine_native,134867.0,mouse,0.3854,967.09,398.41,992.18,410.57,305.0,25.1,12.15,2.065,False,,True,R-desk,36,evt_S-61_upper_body_0022,0e31788d13d3d0fd,lap_bag_context,no_pose_observation,34560.0,1.33,,1,cam12/e1/v1,
corpus_03,03.CCTV Mobile Usage.mkv,632de9ed55947761d56d4c6142a3cb1a1fe69d0b1a6d0e01a2e404c697962623,dfine_native,134867.0,mouse,0.3164,991.5,400.95,1028.42,413.63,468.3,36.93,12.68,2.912,False,,True,R-desk,36,evt_S-61_upper_body_0022,0e31788d13d3d0fd,lap_bag_context,no_pose_observation,34560.0,1.33,,1,cam12/e1/v1,
corpus_03,03.CCTV Mobile Usage.mkv,632de9ed55947761d56d4c6142a3cb1a1fe69d0b1a6d0e01a2e404c697962623,dfine_native,134867.0,keyboard,0.9174,961.88,451.96,1067.85,491.45,4184.4,105.97,39.49,2.684,False,,True,R-desk,38,evt_S-61_upper_body_0022,0e31788d13d3d0fd,lap_bag_context,no_pose_observation,34560.0,1.33,,1,cam12/e1/v1,
corpus_03,03.CCTV Mobile Usage.mkv,632de9ed55947761d56d4c6142a3cb1a1fe69d0b1a6d0e01a2e404c697962623,dfine_native,134867.0,unknown_object,0.6808,699.9,396.16,847.81,492.0,14174.8,147.9,95.84,1.543,False,,True,R-desk,38,evt_S-61_upper_body_0022,0e31788d13d3d0fd,lap_bag_context,no_pose_observation,34560.0,1.33,,1,cam12/e1/v1,
corpus_03,03.CCTV Mobile Usage.mkv,632de9ed55947761d56d4c6142a3cb1a1fe69d0b1a6d0e01a2e404c697962623,dfine_native,134867.0,monitor_or_bezel,0.6908,1019.05,395.65,1145.72,447.85,6612.1,126.66,52.2,2.426,False,,True,R-desk,38,evt_S-61_upper_body_0022,0e31788d13d3d0fd,lap_bag_context,no_pose_observation,34560.0,1.33,,1,cam12/e1/v1,
corpus_03,03.CCTV Mobile Usage.mkv,632de9ed55947761d56d4c6142a3cb1a1fe69d0b1a6d0e01a2e404c697962623,dfine_native,134867.0,keyboard,0.5124,801.89,396.22,870.98,420.8,1697.7,69.09,24.57,2.812,False,,True,R-desk,38,evt_S-61_upper_body_0022,0e31788d13d3d0fd,lap_bag_context,no_pose_observation,34560.0,1.33,,1,cam12/e1/v1,
corpus_03,03.CCTV Mobile Usage.mkv,632de9ed55947761d56d4c6142a3cb1a1fe69d0b1a6d0e01a2e404c697962623,dfine_native,134867.0,mouse,0.6237,864.68,413.76,892.26,435.07,587.8,27.58,21.31,1.294,False,,True,R-desk,38,evt_S-61_upper_body_0022,0e31788d13d3d0fd,lap_bag_context,no_pose_observation,34560.0,1.33,,1,cam12/e1/v1,
corpus_03,03.CCTV Mobile Usage.mkv,632de9ed55947761d56d4c6142a3cb1a1fe69d0b1a6d0e01a2e404c697962623,dfine_native,134867.0,phone,0.3061,1042.85,421.63,1113.53,474.28,3720.6,70.68,52.64,1.343,False,,True,R-desk,38,evt_S-61_upper_body_0022,0e31788d13d3d0fd,lap_bag_context,no_pose_observation,34560.0,1.33,,1,cam12/e1/v1,
corpus_03,03.CCTV Mobile Usage.mkv,632de9ed55947761d56d4c6142a3cb1a1fe69d0b1a6d0e01a2e404c697962623,dfine_native,134867.0,monitor_or_bezel,0.3353,1014.97,395.64,1146.82,488.62,12260.3,131.85,92.99,1.418,False,,True,R-desk,38,evt_S-61_upper_body_0022,0e31788d13d3d0fd,lap_bag_context,no_pose_observation,34560.0,1.33,,1,cam12/e1/v1,
corpus_03,03.CCTV Mobile Usage.mkv,632de9ed55947761d56d4c6142a3cb1a1fe69d0b1a6d0e01a2e404c697962623,dfine_native,134867.0,unknown_object,0.4467,700.07,396.15,760.76,491.37,5778.5,60.68,95.22,0.637,False,,True,R-desk,38,evt_S-61_upper_body_0022,0e31788d13d3d0fd,lap_bag_context,no_pose_observation,34560.0,1.33,,1,cam12/e1/v1,
corpus_03,03.CCTV Mobile Usage.mkv,632de9ed55947761d56d4c6142a3cb1a1fe69d0b1a6d0e01a2e404c697962623,dfine_native,134867.0,monitor_or_bezel,0.2864,881.43,396.17,948.82,452.68,3808.2,67.39,56.51,1.192,False,,True,R-desk,38,evt_S-61_upper_body_0022,0e31788d13d3d0fd,lap_bag_context,no_pose_observation,34560.0,1.33,,1,cam12/e1/v1,
corpus_03,03.CCTV Mobile Usage.mkv,632de9ed55947761d56d4c6142a3cb1a1fe69d0b1a6d0e01a2e404c697962623,dfine_native,134867.0,mouse,0.3854,967.09,398.41,992.18,410.57,305.0,25.1,12.15,2.065,False,,True,R-desk,38,evt_S-61_upper_body_0022,0e31788d13d3d0fd,lap_bag_context,no_pose_observation,34560.0,1.33,,1,cam12/e1/v1,
corpus_03,03.CCTV Mobile Usage.mkv,632de9ed55947761d56d4c6142a3cb1a1fe69d0b1a6d0e01a2e404c697962623,dfine_native,134867.0,mouse,0.3164,991.5,400.95,1028.42,413.63,468.3,36.93,12.68,2.912,False,,True,R-desk,38,evt_S-61_upper_body_0022,0e31788d13d3d0fd,lap_bag_context,no_pose_observation,34560.0,1.33,,1,cam12/e1/v1,
corpus_03,03.CCTV Mobile Usage.mkv,632de9ed55947761d56d4c6142a3cb1a1fe69d0b1a6d0e01a2e404c697962623,dfine_native,134867.0,unknown_object,0.4432,133.99,486.44,176.81,521.19,1488.2,42.82,34.75,1.232,False,,True,S-61,33,evt_S-61_upper_body_0022,8716417f52686cc5,pose_hand_context,,36198.9,3.36,,1,cam12/e1/v1,rtmpose_baseline
corpus_03,03.CCTV Mobile Usage.mkv,632de9ed55947761d56d4c6142a3cb1a1fe69d0b1a6d0e01a2e404c697962623,dfine_native,134867.0,unknown_object,0.3541,133.99,424.04,200.34,493.92,4636.9,66.36,69.88,0.95,False,,True,S-61,33,evt_S-61_upper_body_0022,8716417f52686cc5,pose_hand_context,,36198.9,3.36,,1,cam12/e1/v1,rtmpose_baseline
corpus_03,03.CCTV Mobile Usage.mkv,632de9ed55947761d56d4c6142a3cb1a1fe69d0b1a6d0e01a2e404c697962623,dfine_native,134867.0,unknown_object,0.3964,133.91,423.75,324.87,611.22,35798.7,190.96,187.47,1.019,False,,True,S-61,33,evt_S-61_upper_body_0022,8716417f52686cc5,pose_hand_context,,36198.9,3.36,,1,cam12/e1/v1,rtmpose_baseline
corpus_03,03.CCTV Mobile Usage.mkv,632de9ed55947761d56d4c6142a3cb1a1fe69d0b1a6d0e01a2e404c697962623,dfine_native,134867.0,unknown_object,0.2747,133.97,486.03,224.04,611.4,11293.0,90.07,125.37,0.718,False,,True,S-61,33,evt_S-61_upper_body_0022,8716417f52686cc5,pose_hand_context,,36198.9,3.36,,1,cam12/e1/v1,rtmpose_baseline
corpus_03,03.CCTV Mobile Usage.mkv,632de9ed55947761d56d4c6142a3cb1a1fe69d0b1a6d0e01a2e404c697962623,dfine_native,134867.0,unknown_object,0.2724,133.99,510.88,223.68,611.48,9023.7,89.7,100.6,0.892,False,,True,S-61,33,evt_S-61_upper_body_0022,8716417f52686cc5,pose_hand_context,,36198.9,3.36,,1,cam12/e1/v1,rtmpose_baseline
corpus_03,03.CCTV Mobile Usage.mkv,632de9ed55947761d56d4c6142a3cb1a1fe69d0b1a6d0e01a2e404c697962623,dfine_native,134867.0,stationery,0.2608,133.99,486.41,210.14,582.98,7355.1,76.16,96.58,0.789,False,,True,S-61,33,evt_S-61_upper_body_0022,8716417f52686cc5,pose_hand_context,,36198.9,3.36,,1,cam12/e1/v1,rtmpose_baseline
corpus_03,03.CCTV Mobile Usage.mkv,632de9ed55947761d56d4c6142a3cb1a1fe69d0b1a6d0e01a2e404c697962623,dfine_native,135583.0,unknown_object,0.4707,144.01,467.59,176.94,522.42,1805.2,32.93,54.83,0.601,False,,True,S-61,33,evt_S-61_desk_work_surface_0007,a63530a8077c6717,pose_hand_context,,24983.0,4.05,,1,cam12/e1/v1,rtmpose_baseline
corpus_03,03.CCTV Mobile Usage.mkv,632de9ed55947761d56d4c6142a3cb1a1fe69d0b1a6d0e01a2e404c697962623,dfine_native,135583.0,unknown_object,0.5519,144.0,463.38,301.86,620.18,24753.8,157.86,156.81,1.007,False,,True,S-61,33,evt_S-61_desk_work_surface_0007,a63530a8077c6717,pose_hand_context,,24983.0,4.05,,1,cam12/e1/v1,rtmpose_baseline
corpus_03,03.CCTV Mobile Usage.mkv,632de9ed55947761d56d4c6142a3cb1a1fe69d0b1a6d0e01a2e404c697962623,dfine_native,135583.0,unknown_object,0.2512,144.07,490.45,301.91,620.28,20494.0,157.84,129.84,1.216,False,,True,S-61,33,evt_S-61_desk_work_surface_0007,a63530a8077c6717,pose_hand_context,,24983.0,4.05,,1,cam12/e1/v1,rtmpose_baseline
corpus_03,03.CCTV Mobile Usage.mkv,632de9ed55947761d56d4c6142a3cb1a1fe69d0b1a6d0e01a2e404c697962623,dfine_native,135583.0,unknown_object,0.3448,144.02,520.72,231.71,619.98,8703.6,87.69,99.25,0.884,False,,True,S-61,33,evt_S-61_desk_work_surface_0007,a63530a8077c6717,pose_hand_context,,24983.0,4.05,,1,cam12/e1/v1,rtmpose_baseline
corpus_03,03.CCTV Mobile Usage.mkv,632de9ed55947761d56d4c6142a3cb1a1fe69d0b1a6d0e01a2e404c697962623,dfine_native,135583.0,unknown_object,0.2564,144.05,489.6,231.8,620.04,11445.9,87.75,130.44,0.673,False,,True,S-61,33,evt_S-61_desk_work_surface_0007,a63530a8077c6717,pose_hand_context,,24983.0,4.05,,1,cam12/e1/v1,rtmpose_baseline
corpus_03,03.CCTV Mobile Usage.mkv,632de9ed55947761d56d4c6142a3cb1a1fe69d0b1a6d0e01a2e404c697962623,dfine_native,135583.0,unknown_object,0.573,144.08,465.1,232.77,619.98,13736.6,88.69,154.88,0.573,False,,True,S-61,33,evt_S-61_desk_work_surface_0007,a63530a8077c6717,pose_hand_context,,24983.0,4.05,,1,cam12/e1/v1,rtmpose_baseline
corpus_03,03.CCTV Mobile Usage.mkv,632de9ed55947761d56d4c6142a3cb1a1fe69d0b1a6d0e01a2e404c697962623,dfine_native,135583.0,unknown_object,0.2516,144.08,464.22,262.43,620.28,18470.6,118.35,156.07,0.758,False,,True,S-61,33,evt_S-61_desk_work_surface_0007,a63530a8077c6717,pose_hand_context,,24983.0,4.05,,1,cam12/e1/v1,rtmpose_baseline
corpus_03,03.CCTV Mobile Usage.mkv,632de9ed55947761d56d4c6142a3cb1a1fe69d0b1a6d0e01a2e404c697962623,dfine_native,135583.0,keyboard,0.9081,962.2,451.9,1067.69,491.35,4161.5,105.49,39.45,2.674,False,,True,R-desk,38,evt_S-61_desk_work_surface_0007,daa38b05f0c1050d,lap_bag_context,no_pose_observation,34560.0,1.33,,1,cam12/e1/v1,
corpus_03,03.CCTV Mobile Usage.mkv,632de9ed55947761d56d4c6142a3cb1a1fe69d0b1a6d0e01a2e404c697962623,dfine_native,135583.0,unknown_object,0.7705,699.84,396.11,843.61,492.01,13787.3,143.76,95.9,1.499,False,,True,R-desk,38,evt_S-61_desk_work_surface_0007,daa38b05f0c1050d,lap_bag_context,no_pose_observation,34560.0,1.33,,1,cam12/e1/v1,
corpus_03,03.CCTV Mobile Usage.mkv,632de9ed55947761d56d4c6142a3cb1a1fe69d0b1a6d0e01a2e404c697962623,dfine_native,135583.0,monitor_or_bezel,0.594,1019.12,395.67,1145.71,447.85,6605.3,126.59,52.18,2.426,False,,True,R-desk,38,evt_S-61_desk_work_surface_0007,daa38b05f0c1050d,lap_bag_context,no_pose_observation,34560.0,1.33,,1,cam12/e1/v1,
corpus_03,03.CCTV Mobile Usage.mkv,632de9ed55947761d56d4c6142a3cb1a1fe69d0b1a6d0e01a2e404c697962623,dfine_native,135583.0,keyboard,0.6251,802.55,396.22,870.9,420.64,1669.5,68.35,24.42,2.799,False,,True,R-desk,38,evt_S-61_desk_work_surface_0007,daa38b05f0c1050d,lap_bag_context,no_pose_observation,34560.0,1.33,,1,cam12/e1/v1,
corpus_03,03.CCTV Mobile Usage.mkv,632de9ed55947761d56d4c6142a3cb1a1fe69d0b1a6d0e01a2e404c697962623,dfine_native,135583.0,mouse,0.6194,864.75,413.76,892.12,435.27,588.8,27.37,21.51,1.272,False,,True,R-desk,38,evt_S-61_desk_work_surface_0007,daa38b05f0c1050d,lap_bag_context,no_pose_observation,34560.0,1.33,,1,cam12/e1/v1,
corpus_03,03.CCTV Mobile Usage.mkv,632de9ed55947761d56d4c6142a3cb1a1fe69d0b1a6d0e01a2e404c697962623,dfine_native,135583.0,phone,0.3505,1043.0,421.55,1112.75,474.21,3673.1,69.75,52.66,1.324,False,,True,R-desk,38,evt_S-61_desk_work_surface_0007,daa38b05f0c1050d,lap_bag_context,no_pose_observation,34560.0,1.33,,1,cam12/e1/v1,
corpus_03,03.CCTV Mobile Usage.mkv,632de9ed55947761d56d4c6142a3cb1a1fe69d0b1a6d0e01a2e404c697962623,dfine_native,135583.0,unknown_object,0.3507,700.01,396.25,759.02,491.3,5608.7,59.01,95.05,0.621,False,,True,R-desk,38,evt_S-61_desk_work_surface_0007,daa38b05f0c1050d,lap_bag_context,no_pose_observation,34560.0,1.33,,1,cam12/e1/v1,
corpus_03,03.CCTV Mobile Usage.mkv,632de9ed55947761d56d4c6142a3cb1a1fe69d0b1a6d0e01a2e404c697962623,dfine_native,135583.0,monitor_or_bezel,0.3715,881.06,396.2,948.75,452.4,3804.0,67.69,56.2,1.205,False,,True,R-desk,38,evt_S-61_desk_work_surface_0007,daa38b05f0c1050d,lap_bag_context,no_pose_observation,34560.0,1.33,,1,cam12/e1/v1,
corpus_03,03.CCTV Mobile Usage.mkv,632de9ed55947761d56d4c6142a3cb1a1fe69d0b1a6d0e01a2e404c697962623,dfine_native,135583.0,monitor_or_bezel,0.3116,1012.14,395.69,1147.08,488.67,12546.9,134.93,92.99,1.451,False,,True,R-desk,38,evt_S-61_desk_work_surface_0007,daa38b05f0c1050d,lap_bag_context,no_pose_observation,34560.0,1.33,,1,cam12/e1/v1,
corpus_03,03.CCTV Mobile Usage.mkv,632de9ed55947761d56d4c6142a3cb1a1fe69d0b1a6d0e01a2e404c697962623,dfine_native,135583.0,mouse,0.3406,967.3,398.39,991.9,410.49,297.7,24.6,12.1,2.032,False,,True,R-desk,38,evt_S-61_desk_work_surface_0007,daa38b05f0c1050d,lap_bag_context,no_pose_observation,34560.0,1.33,,1,cam12/e1/v1,
corpus_03,03.CCTV Mobile Usage.mkv,632de9ed55947761d56d4c6142a3cb1a1fe69d0b1a6d0e01a2e404c697962623,dfine_native,135583.0,monitor_or_bezel,0.3214,799.96,396.07,949.1,452.21,8371.5,149.14,56.13,2.657,False,,True,R-desk,38,evt_S-61_desk_work_surface_0007,daa38b05f0c1050d,lap_bag_context,no_pose_observation,34560.0,1.33,,1,cam12/e1/v1,
corpus_03,03.CCTV Mobile Usage.mkv,632de9ed55947761d56d4c6142a3cb1a1fe69d0b1a6d0e01a2e404c697962623,dfine_native,135583.0,monitor_or_bezel,0.2898,967.76,395.67,1146.94,490.46,16983.3,179.18,94.78,1.89,False,,True,R-desk,38,evt_S-61_desk_work_surface_0007,daa38b05f0c1050d,lap_bag_context,no_pose_observation,34560.0,1.33,,1,cam12/e1/v1,
corpus_03,03.CCTV Mobile Usage.mkv,632de9ed55947761d56d4c6142a3cb1a1fe69d0b1a6d0e01a2e404c697962623,dfine_native,135583.0,unknown_object,0.2781,737.59,395.51,1146.86,491.07,39110.0,409.28,95.56,4.283,False,,True,R-desk,38,evt_S-61_desk_work_surface_0007,daa38b05f0c1050d,lap_bag_context,no_pose_observation,34560.0,1.33,,1,cam12/e1/v1,
corpus_03,03.CCTV Mobile Usage.mkv,632de9ed55947761d56d4c6142a3cb1a1fe69d0b1a6d0e01a2e404c697962623,dfine_native,135583.0,mouse,0.3059,990.76,399.48,1026.4,413.35,494.3,35.64,13.87,2.57,False,,True,R-desk,38,evt_S-61_desk_work_surface_0007,daa38b05f0c1050d,lap_bag_context,no_pose_observation,34560.0,1.33,,1,cam12/e1/v1,
corpus_03,03.CCTV Mobile Usage.mkv,632de9ed55947761d56d4c6142a3cb1a1fe69d0b1a6d0e01a2e404c697962623,dfine_native,135583.0,keyboard,0.9081,962.2,451.9,1067.69,491.35,4161.5,105.49,39.45,2.674,False,,True,R-desk,39,evt_S-61_desk_work_surface_0007,daa38b05f0c1050d,lap_bag_context,no_pose_observation,34560.0,1.33,,1,cam12/e1/v1,
corpus_03,03.CCTV Mobile Usage.mkv,632de9ed55947761d56d4c6142a3cb1a1fe69d0b1a6d0e01a2e404c697962623,dfine_native,135583.0,unknown_object,0.7705,699.84,396.11,843.61,492.01,13787.3,143.76,95.9,1.499,False,,True,R-desk,39,evt_S-61_desk_work_surface_0007,daa38b05f0c1050d,lap_bag_context,no_pose_observation,34560.0,1.33,,1,cam12/e1/v1,
corpus_03,03.CCTV Mobile Usage.mkv,632de9ed55947761d56d4c6142a3cb1a1fe69d0b1a6d0e01a2e404c697962623,dfine_native,135583.0,monitor_or_bezel,0.594,1019.12,395.67,1145.71,447.85,6605.3,126.59,52.18,2.426,False,,True,R-desk,39,evt_S-61_desk_work_surface_0007,daa38b05f0c1050d,lap_bag_context,no_pose_observation,34560.0,1.33,,1,cam12/e1/v1,
corpus_03,03.CCTV Mobile Usage.mkv,632de9ed55947761d56d4c6142a3cb1a1fe69d0b1a6d0e01a2e404c697962623,dfine_native,135583.0,keyboard,0.6251,802.55,396.22,870.9,420.64,1669.5,68.35,24.42,2.799,False,,True,R-desk,39,evt_S-61_desk_work_surface_0007,daa38b05f0c1050d,lap_bag_context,no_pose_observation,34560.0,1.33,,1,cam12/e1/v1,
corpus_03,03.CCTV Mobile Usage.mkv,632de9ed55947761d56d4c6142a3cb1a1fe69d0b1a6d0e01a2e404c697962623,dfine_native,135583.0,mouse,0.6194,864.75,413.76,892.12,435.27,588.8,27.37,21.51,1.272,False,,True,R-desk,39,evt_S-61_desk_work_surface_0007,daa38b05f0c1050d,lap_bag_context,no_pose_observation,34560.0,1.33,,1,cam12/e1/v1,
corpus_03,03.CCTV Mobile Usage.mkv,632de9ed55947761d56d4c6142a3cb1a1fe69d0b1a6d0e01a2e404c697962623,dfine_native,135583.0,phone,0.3505,1043.0,421.55,1112.75,474.21,3673.1,69.75,52.66,1.324,False,,True,R-desk,39,evt_S-61_desk_work_surface_0007,daa38b05f0c1050d,lap_bag_context,no_pose_observation,34560.0,1.33,,1,cam12/e1/v1,
corpus_03,03.CCTV Mobile Usage.mkv,632de9ed55947761d56d4c6142a3cb1a1fe69d0b1a6d0e01a2e404c697962623,dfine_native,135583.0,unknown_object,0.3507,700.01,396.25,759.02,491.3,5608.7,59.01,95.05,0.621,False,,True,R-desk,39,evt_S-61_desk_work_surface_0007,daa38b05f0c1050d,lap_bag_context,no_pose_observation,34560.0,1.33,,1,cam12/e1/v1,
corpus_03,03.CCTV Mobile Usage.mkv,632de9ed55947761d56d4c6142a3cb1a1fe69d0b1a6d0e01a2e404c697962623,dfine_native,135583.0,monitor_or_bezel,0.3715,881.06,396.2,948.75,452.4,3804.0,67.69,56.2,1.205,False,,True,R-desk,39,evt_S-61_desk_work_surface_0007,daa38b05f0c1050d,lap_bag_context,no_pose_observation,34560.0,1.33,,1,cam12/e1/v1,
corpus_03,03.CCTV Mobile Usage.mkv,632de9ed55947761d56d4c6142a3cb1a1fe69d0b1a6d0e01a2e404c697962623,dfine_native,135583.0,monitor_or_bezel,0.3116,1012.14,395.69,1147.08,488.67,12546.9,134.93,92.99,1.451,False,,True,R-desk,39,evt_S-61_desk_work_surface_0007,daa38b05f0c1050d,lap_bag_context,no_pose_observation,34560.0,1.33,,1,cam12/e1/v1,
corpus_03,03.CCTV Mobile Usage.mkv,632de9ed55947761d56d4c6142a3cb1a1fe69d0b1a6d0e01a2e404c697962623,dfine_native,135583.0,mouse,0.3406,967.3,398.39,991.9,410.49,297.7,24.6,12.1,2.032,False,,True,R-desk,39,evt_S-61_desk_work_surface_0007,daa38b05f0c1050d,lap_bag_context,no_pose_observation,34560.0,1.33,,1,cam12/e1/v1,
corpus_03,03.CCTV Mobile Usage.mkv,632de9ed55947761d56d4c6142a3cb1a1fe69d0b1a6d0e01a2e404c697962623,dfine_native,135583.0,monitor_or_bezel,0.3214,799.96,396.07,949.1,452.21,8371.5,149.14,56.13,2.657,False,,True,R-desk,39,evt_S-61_desk_work_surface_0007,daa38b05f0c1050d,lap_bag_context,no_pose_observation,34560.0,1.33,,1,cam12/e1/v1,
corpus_03,03.CCTV Mobile Usage.mkv,632de9ed55947761d56d4c6142a3cb1a1fe69d0b1a6d0e01a2e404c697962623,dfine_native,135583.0,monitor_or_bezel,0.2898,967.76,395.67,1146.94,490.46,16983.3,179.18,94.78,1.89,False,,True,R-desk,39,evt_S-61_desk_work_surface_0007,daa38b05f0c1050d,lap_bag_context,no_pose_observation,34560.0,1.33,,1,cam12/e1/v1,
corpus_03,03.CCTV Mobile Usage.mkv,632de9ed55947761d56d4c6142a3cb1a1fe69d0b1a6d0e01a2e404c697962623,dfine_native,135583.0,unknown_object,0.2781,737.59,395.51,1146.86,491.07,39110.0,409.28,95.56,4.283,False,,True,R-desk,39,evt_S-61_desk_work_surface_0007,daa38b05f0c1050d,lap_bag_context,no_pose_observation,34560.0,1.33,,1,cam12/e1/v1,
corpus_03,03.CCTV Mobile Usage.mkv,632de9ed55947761d56d4c6142a3cb1a1fe69d0b1a6d0e01a2e404c697962623,dfine_native,135583.0,mouse,0.3059,990.76,399.48,1026.4,413.35,494.3,35.64,13.87,2.57,False,,True,R-desk,39,evt_S-61_desk_work_surface_0007,daa38b05f0c1050d,lap_bag_context,no_pose_observation,34560.0,1.33,,1,cam12/e1/v1,
corpus_03,03.CCTV Mobile Usage.mkv,632de9ed55947761d56d4c6142a3cb1a1fe69d0b1a6d0e01a2e404c697962623,dfine_native,135867.0,unknown_object,0.2907,160.85,473.31,293.95,606.61,17741.9,133.1,133.3,0.998,False,,True,S-61,33,evt_S-61_upper_body_0022,1a85b7444b845b72,pose_hand_context,,17774.2,4.8,,1,cam12/e1/v1,rtmpose_baseline
corpus_03,03.CCTV Mobile Usage.mkv,632de9ed55947761d56d4c6142a3cb1a1fe69d0b1a6d0e01a2e404c697962623,dfine_native,135867.0,keyboard,0.9078,962.25,451.9,1067.68,491.34,4157.8,105.43,39.44,2.673,False,,True,R-desk,38,evt_S-61_upper_body_0022,ddc3448c69a0dfb5,lap_bag_context,no_pose_observation,34560.0,1.33,,1,cam12/e1/v1,
corpus_03,03.CCTV Mobile Usage.mkv,632de9ed55947761d56d4c6142a3cb1a1fe69d0b1a6d0e01a2e404c697962623,dfine_native,135867.0,unknown_object,0.7102,699.88,396.06,843.68,492.29,13837.5,143.8,96.23,1.494,False,,True,R-desk,38,evt_S-61_upper_body_0022,ddc3448c69a0dfb5,lap_bag_context,no_pose_observation,34560.0,1.33,,1,cam12/e1/v1,
corpus_03,03.CCTV Mobile Usage.mkv,632de9ed55947761d56d4c6142a3cb1a1fe69d0b1a6d0e01a2e404c697962623,dfine_native,135867.0,monitor_or_bezel,0.5937,1019.08,395.61,1145.8,447.83,6617.5,126.73,52.22,2.427,False,,True,R-desk,38,evt_S-61_upper_body_0022,ddc3448c69a0dfb5,lap_bag_context,no_pose_observation,34560.0,1.33,,1,cam12/e1/v1,
corpus_03,03.CCTV Mobile Usage.mkv,632de9ed55947761d56d4c6142a3cb1a1fe69d0b1a6d0e01a2e404c697962623,dfine_native,135867.0,keyboard,0.6399,802.68,396.22,870.83,420.61,1662.0,68.15,24.39,2.795,False,,True,R-desk,38,evt_S-61_upper_body_0022,ddc3448c69a0dfb5,lap_bag_context,no_pose_observation,34560.0,1.33,,1,cam12/e1/v1,
corpus_03,03.CCTV Mobile Usage.mkv,632de9ed55947761d56d4c6142a3cb1a1fe69d0b1a6d0e01a2e404c697962623,dfine_native,135867.0,phone,0.3653,1042.95,421.54,1112.81,474.23,3680.4,69.86,52.68,1.326,False,,True,R-desk,38,evt_S-61_upper_body_0022,ddc3448c69a0dfb5,lap_bag_context,no_pose_observation,34560.0,1.33,,1,cam12/e1/v1,
corpus_03,03.CCTV Mobile Usage.mkv,632de9ed55947761d56d4c6142a3cb1a1fe69d0b1a6d0e01a2e404c697962623,dfine_native,135867.0,mouse,0.5885,864.75,413.81,892.0,435.18,582.6,27.26,21.37,1.275,False,,True,R-desk,38,evt_S-61_upper_body_0022,ddc3448c69a0dfb5,lap_bag_context,no_pose_observation,34560.0,1.33,,1,cam12/e1/v1,
corpus_03,03.CCTV Mobile Usage.mkv,632de9ed55947761d56d4c6142a3cb1a1fe69d0b1a6d0e01a2e404c697962623,dfine_native,135867.0,monitor_or_bezel,0.354,881.19,396.17,948.77,452.35,3796.9,67.58,56.18,1.203,False,,True,R-desk,38,evt_S-61_upper_body_0022,ddc3448c69a0dfb5,lap_bag_context,no_pose_observation,34560.0,1.33,,1,cam12/e1/v1,
corpus_03,03.CCTV Mobile Usage.mkv,632de9ed55947761d56d4c6142a3cb1a1fe69d0b1a6d0e01a2e404c697962623,dfine_native,135867.0,monitor_or_bezel,0.2826,1011.41,395.62,1147.37,488.76,12662.8,135.96,93.14,1.46,False,,True,R-desk,38,evt_S-61_upper_body_0022,ddc3448c69a0dfb5,lap_bag_context,no_pose_observation,34560.0,1.33,,1,cam12/e1/v1,
corpus_03,03.CCTV Mobile Usage.mkv,632de9ed55947761d56d4c6142a3cb1a1fe69d0b1a6d0e01a2e404c697962623,dfine_native,135867.0,unknown_object,0.2952,700.0,396.21,762.3,491.27,5922.9,62.3,95.06,0.655,False,,True,R-desk,38,evt_S-61_upper_body_0022,ddc3448c69a0dfb5,lap_bag_context,no_pose_observation,34560.0,1.33,,1,cam12/e1/v1,
corpus_03,03.CCTV Mobile Usage.mkv,632de9ed55947761d56d4c6142a3cb1a1fe69d0b1a6d0e01a2e404c697962623,dfine_native,135867.0,mouse,0.3351,967.25,398.39,991.9,410.48,298.2,24.65,12.1,2.038,False,,True,R-desk,38,evt_S-61_upper_body_0022,ddc3448c69a0dfb5,lap_bag_context,no_pose_observation,34560.0,1.33,,1,cam12/e1/v1,
corpus_03,03.CCTV Mobile Usage.mkv,632de9ed55947761d56d4c6142a3cb1a1fe69d0b1a6d0e01a2e404c697962623,dfine_native,135867.0,monitor_or_bezel,0.3395,800.18,396.11,948.89,452.16,8335.3,148.71,56.05,2.653,False,,True,R-desk,38,evt_S-61_upper_body_0022,ddc3448c69a0dfb5,lap_bag_context,no_pose_observation,34560.0,1.33,,1,cam12/e1/v1,
corpus_03,03.CCTV Mobile Usage.mkv,632de9ed55947761d56d4c6142a3cb1a1fe69d0b1a6d0e01a2e404c697962623,dfine_native,135867.0,monitor_or_bezel,0.2833,967.79,395.63,1147.09,490.39,16989.5,179.3,94.75,1.892,False,,True,R-desk,38,evt_S-61_upper_body_0022,ddc3448c69a0dfb5,lap_bag_context,no_pose_observation,34560.0,1.33,,1,cam12/e1/v1,
corpus_03,03.CCTV Mobile Usage.mkv,632de9ed55947761d56d4c6142a3cb1a1fe69d0b1a6d0e01a2e404c697962623,dfine_native,135867.0,monitor_or_bezel,0.2504,737.85,395.43,1147.18,491.05,39136.8,409.32,95.61,4.281,False,,True,R-desk,38,evt_S-61_upper_body_0022,ddc3448c69a0dfb5,lap_bag_context,no_pose_observation,34560.0,1.33,,1,cam12/e1/v1,
corpus_03,03.CCTV Mobile Usage.mkv,632de9ed55947761d56d4c6142a3cb1a1fe69d0b1a6d0e01a2e404c697962623,dfine_native,135867.0,mouse,0.2985,990.81,399.44,1026.41,413.31,494.0,35.6,13.88,2.566,False,,True,R-desk,38,evt_S-61_upper_body_0022,ddc3448c69a0dfb5,lap_bag_context,no_pose_observation,34560.0,1.33,,1,cam12/e1/v1,
corpus_03,03.CCTV Mobile Usage.mkv,632de9ed55947761d56d4c6142a3cb1a1fe69d0b1a6d0e01a2e404c697962623,dfine_native,136583.0,unknown_object,0.4826,204.75,556.44,260.96,594.87,2159.8,56.21,38.43,1.463,False,,True,S-61,33,evt_S-61_desk_work_surface_0007,65cff10b1905b625,pose_hand_context,,11854.9,5.88,,1,cam12/e1/v1,rtmpose_baseline
corpus_03,03.CCTV Mobile Usage.mkv,632de9ed55947761d56d4c6142a3cb1a1fe69d0b1a6d0e01a2e404c697962623,dfine_native,136583.0,unknown_object,0.279,204.61,541.16,260.99,594.77,3022.3,56.37,53.61,1.051,False,,True,S-61,33,evt_S-61_desk_work_surface_0007,65cff10b1905b625,pose_hand_context,,11854.9,5.88,,1,cam12/e1/v1,rtmpose_baseline
corpus_03,03.CCTV Mobile Usage.mkv,632de9ed55947761d56d4c6142a3cb1a1fe69d0b1a6d0e01a2e404c697962623,dfine_native,136583.0,keyboard,0.9078,962.27,451.92,1067.7,491.37,4159.2,105.43,39.45,2.672,False,,True,R-desk,39,evt_S-61_desk_work_surface_0007,bd8581999b3cb815,lap_bag_context,no_pose_observation,34560.0,1.33,,1,cam12/e1/v1,
corpus_03,03.CCTV Mobile Usage.mkv,632de9ed55947761d56d4c6142a3cb1a1fe69d0b1a6d0e01a2e404c697962623,dfine_native,136583.0,unknown_object,0.7287,699.87,396.11,843.41,492.22,13796.1,143.55,96.11,1.494,False,,True,R-desk,39,evt_S-61_desk_work_surface_0007,bd8581999b3cb815,lap_bag_context,no_pose_observation,34560.0,1.33,,1,cam12/e1/v1,
corpus_03,03.CCTV Mobile Usage.mkv,632de9ed55947761d56d4c6142a3cb1a1fe69d0b1a6d0e01a2e404c697962623,dfine_native,136583.0,monitor_or_bezel,0.6328,1018.92,395.73,1145.72,447.5,6565.7,126.81,51.78,2.449,False,,True,R-desk,39,evt_S-61_desk_work_surface_0007,bd8581999b3cb815,lap_bag_context,no_pose_observation,34560.0,1.33,,1,cam12/e1/v1,
corpus_03,03.CCTV Mobile Usage.mkv,632de9ed55947761d56d4c6142a3cb1a1fe69d0b1a6d0e01a2e404c697962623,dfine_native,136583.0,keyboard,0.6588,802.71,396.23,870.49,420.54,1647.8,67.78,24.31,2.788,False,,True,R-desk,39,evt_S-61_desk_work_surface_0007,bd8581999b3cb815,lap_bag_context,no_pose_observation,34560.0,1.33,,1,cam12/e1/v1,
corpus_03,03.CCTV Mobile Usage.mkv,632de9ed55947761d56d4c6142a3cb1a1fe69d0b1a6d0e01a2e404c697962623,dfine_native,136583.0,phone,0.3542,1042.87,421.79,1113.08,474.19,3679.1,70.2,52.41,1.34,False,,True,R-desk,39,evt_S-61_desk_work_surface_0007,bd8581999b3cb815,lap_bag_context,no_pose_observation,34560.0,1.33,,1,cam12/e1/v1,
corpus_03,03.CCTV Mobile Usage.mkv,632de9ed55947761d56d4c6142a3cb1a1fe69d0b1a6d0e01a2e404c697962623,dfine_native,136583.0,monitor_or_bezel,0.304,1013.46,395.8,1147.21,488.22,12361.2,133.74,92.42,1.447,False,,True,R-desk,39,evt_S-61_desk_work_surface_0007,bd8581999b3cb815,lap_bag_context,no_pose_observation,34560.0,1.33,,1,cam12/e1/v1,
corpus_03,03.CCTV Mobile Usage.mkv,632de9ed55947761d56d4c6142a3cb1a1fe69d0b1a6d0e01a2e404c697962623,dfine_native,136583.0,mouse,0.5986,864.83,413.84,891.94,435.24,580.2,27.11,21.4,1.267,False,,True,R-desk,39,evt_S-61_desk_work_surface_0007,bd8581999b3cb815,lap_bag_context,no_pose_observation,34560.0,1.33,,1,cam12/e1/v1,
corpus_03,03.CCTV Mobile Usage.mkv,632de9ed55947761d56d4c6142a3cb1a1fe69d0b1a6d0e01a2e404c697962623,dfine_native,136583.0,monitor_or_bezel,0.316,881.26,396.2,948.53,452.37,3778.6,67.27,56.17,1.198,False,,True,R-desk,39,evt_S-61_desk_work_surface_0007,bd8581999b3cb815,lap_bag_context,no_pose_observation,34560.0,1.33,,1,cam12/e1/v1,
corpus_03,03.CCTV Mobile Usage.mkv,632de9ed55947761d56d4c6142a3cb1a1fe69d0b1a6d0e01a2e404c697962623,dfine_native,136583.0,unknown_object,0.3422,700.02,396.26,765.88,491.54,6276.0,65.87,95.28,0.691,False,,True,R-desk,39,evt_S-61_desk_work_surface_0007,bd8581999b3cb815,lap_bag_context,no_pose_observation,34560.0,1.33,,1,cam12/e1/v1,
corpus_03,03.CCTV Mobile Usage.mkv,632de9ed55947761d56d4c6142a3cb1a1fe69d0b1a6d0e01a2e404c697962623,dfine_native,136583.0,mouse,0.3542,967.24,398.33,991.83,410.48,298.7,24.59,12.15,2.024,False,,True,R-desk,39,evt_S-61_desk_work_surface_0007,bd8581999b3cb815,lap_bag_context,no_pose_observation,34560.0,1.33,,1,cam12/e1/v1,
corpus_03,03.CCTV Mobile Usage.mkv,632de9ed55947761d56d4c6142a3cb1a1fe69d0b1a6d0e01a2e404c697962623,dfine_native,136583.0,monitor_or_bezel,0.3033,800.17,396.12,948.68,452.19,8325.7,148.5,56.06,2.649,False,,True,R-desk,39,evt_S-61_desk_work_surface_0007,bd8581999b3cb815,lap_bag_context,no_pose_observation,34560.0,1.33,,1,cam12/e1/v1,
corpus_03,03.CCTV Mobile Usage.mkv,632de9ed55947761d56d4c6142a3cb1a1fe69d0b1a6d0e01a2e404c697962623,dfine_native,136583.0,monitor_or_bezel,0.2828,967.6,395.73,1147.03,490.44,16993.4,179.43,94.71,1.895,False,,True,R-desk,39,evt_S-61_desk_work_surface_0007,bd8581999b3cb815,lap_bag_context,no_pose_observation,34560.0,1.33,,1,cam12/e1/v1,
corpus_03,03.CCTV Mobile Usage.mkv,632de9ed55947761d56d4c6142a3cb1a1fe69d0b1a6d0e01a2e404c697962623,dfine_native,136583.0,monitor_or_bezel,0.2836,737.82,395.62,1147.17,491.06,39066.1,409.34,95.44,4.289,False,,True,R-desk,39,evt_S-61_desk_work_surface_0007,bd8581999b3cb815,lap_bag_context,no_pose_observation,34560.0,1.33,,1,cam12/e1/v1,
corpus_03,03.CCTV Mobile Usage.mkv,632de9ed55947761d56d4c6142a3cb1a1fe69d0b1a6d0e01a2e404c697962623,dfine_native,136583.0,mouse,0.327,990.71,399.45,1026.9,413.37,503.5,36.19,13.91,2.601,False,,True,R-desk,39,evt_S-61_desk_work_surface_0007,bd8581999b3cb815,lap_bag_context,no_pose_observation,34560.0,1.33,,1,cam12/e1/v1,
corpus_03,03.CCTV Mobile Usage.mkv,632de9ed55947761d56d4c6142a3cb1a1fe69d0b1a6d0e01a2e404c697962623,dfine_native,136867.0,keyboard,0.9078,962.27,451.92,1067.7,491.37,4159.2,105.43,39.45,2.672,False,,True,R-desk,39,evt_S-61_upper_body_0022,9288fa4f7a20cfac,lap_bag_context,no_pose_observation,34560.0,1.33,,1,cam12/e1/v1,
corpus_03,03.CCTV Mobile Usage.mkv,632de9ed55947761d56d4c6142a3cb1a1fe69d0b1a6d0e01a2e404c697962623,dfine_native,136867.0,unknown_object,0.7287,699.87,396.11,843.41,492.22,13796.1,143.55,96.11,1.494,False,,True,R-desk,39,evt_S-61_upper_body_0022,9288fa4f7a20cfac,lap_bag_context,no_pose_observation,34560.0,1.33,,1,cam12/e1/v1,
corpus_03,03.CCTV Mobile Usage.mkv,632de9ed55947761d56d4c6142a3cb1a1fe69d0b1a6d0e01a2e404c697962623,dfine_native,136867.0,monitor_or_bezel,0.6328,1018.92,395.73,1145.72,447.5,6565.7,126.81,51.78,2.449,False,,True,R-desk,39,evt_S-61_upper_body_0022,9288fa4f7a20cfac,lap_bag_context,no_pose_observation,34560.0,1.33,,1,cam12/e1/v1,
corpus_03,03.CCTV Mobile Usage.mkv,632de9ed55947761d56d4c6142a3cb1a1fe69d0b1a6d0e01a2e404c697962623,dfine_native,136867.0,keyboard,0.6588,802.71,396.23,870.49,420.54,1647.8,67.78,24.31,2.788,False,,True,R-desk,39,evt_S-61_upper_body_0022,9288fa4f7a20cfac,lap_bag_context,no_pose_observation,34560.0,1.33,,1,cam12/e1/v1,
corpus_03,03.CCTV Mobile Usage.mkv,632de9ed55947761d56d4c6142a3cb1a1fe69d0b1a6d0e01a2e404c697962623,dfine_native,136867.0,phone,0.3542,1042.87,421.79,1113.08,474.19,3679.1,70.2,52.41,1.34,False,,True,R-desk,39,evt_S-61_upper_body_0022,9288fa4f7a20cfac,lap_bag_context,no_pose_observation,34560.0,1.33,,1,cam12/e1/v1,
corpus_03,03.CCTV Mobile Usage.mkv,632de9ed55947761d56d4c6142a3cb1a1fe69d0b1a6d0e01a2e404c697962623,dfine_native,136867.0,monitor_or_bezel,0.304,1013.46,395.8,1147.21,488.22,12361.2,133.74,92.42,1.447,False,,True,R-desk,39,evt_S-61_upper_body_0022,9288fa4f7a20cfac,lap_bag_context,no_pose_observation,34560.0,1.33,,1,cam12/e1/v1,
corpus_03,03.CCTV Mobile Usage.mkv,632de9ed55947761d56d4c6142a3cb1a1fe69d0b1a6d0e01a2e404c697962623,dfine_native,136867.0,mouse,0.5986,864.83,413.84,891.94,435.24,580.2,27.11,21.4,1.267,False,,True,R-desk,39,evt_S-61_upper_body_0022,9288fa4f7a20cfac,lap_bag_context,no_pose_observation,34560.0,1.33,,1,cam12/e1/v1,
corpus_03,03.CCTV Mobile Usage.mkv,632de9ed55947761d56d4c6142a3cb1a1fe69d0b1a6d0e01a2e404c697962623,dfine_native,136867.0,monitor_or_bezel,0.316,881.26,396.2,948.53,452.37,3778.6,67.27,56.17,1.198,False,,True,R-desk,39,evt_S-61_upper_body_0022,9288fa4f7a20cfac,lap_bag_context,no_pose_observation,34560.0,1.33,,1,cam12/e1/v1,
corpus_03,03.CCTV Mobile Usage.mkv,632de9ed55947761d56d4c6142a3cb1a1fe69d0b1a6d0e01a2e404c697962623,dfine_native,136867.0,unknown_object,0.3422,700.02,396.26,765.88,491.54,6276.0,65.87,95.28,0.691,False,,True,R-desk,39,evt_S-61_upper_body_0022,9288fa4f7a20cfac,lap_bag_context,no_pose_observation,34560.0,1.33,,1,cam12/e1/v1,
corpus_03,03.CCTV Mobile Usage.mkv,632de9ed55947761d56d4c6142a3cb1a1fe69d0b1a6d0e01a2e404c697962623,dfine_native,136867.0,mouse,0.3542,967.24,398.33,991.83,410.48,298.7,24.59,12.15,2.024,False,,True,R-desk,39,evt_S-61_upper_body_0022,9288fa4f7a20cfac,lap_bag_context,no_pose_observation,34560.0,1.33,,1,cam12/e1/v1,
corpus_03,03.CCTV Mobile Usage.mkv,632de9ed55947761d56d4c6142a3cb1a1fe69d0b1a6d0e01a2e404c697962623,dfine_native,136867.0,monitor_or_bezel,0.3033,800.17,396.12,948.68,452.19,8325.7,148.5,56.06,2.649,False,,True,R-desk,39,evt_S-61_upper_body_0022,9288fa4f7a20cfac,lap_bag_context,no_pose_observation,34560.0,1.33,,1,cam12/e1/v1,
corpus_03,03.CCTV Mobile Usage.mkv,632de9ed55947761d56d4c6142a3cb1a1fe69d0b1a6d0e01a2e404c697962623,dfine_native,136867.0,monitor_or_bezel,0.2828,967.6,395.73,1147.03,490.44,16993.4,179.43,94.71,1.895,False,,True,R-desk,39,evt_S-61_upper_body_0022,9288fa4f7a20cfac,lap_bag_context,no_pose_observation,34560.0,1.33,,1,cam12/e1/v1,
corpus_03,03.CCTV Mobile Usage.mkv,632de9ed55947761d56d4c6142a3cb1a1fe69d0b1a6d0e01a2e404c697962623,dfine_native,136867.0,monitor_or_bezel,0.2836,737.82,395.62,1147.17,491.06,39066.1,409.34,95.44,4.289,False,,True,R-desk,39,evt_S-61_upper_body_0022,9288fa4f7a20cfac,lap_bag_context,no_pose_observation,34560.0,1.33,,1,cam12/e1/v1,
corpus_03,03.CCTV Mobile Usage.mkv,632de9ed55947761d56d4c6142a3cb1a1fe69d0b1a6d0e01a2e404c697962623,dfine_native,136867.0,mouse,0.327,990.71,399.45,1026.9,413.37,503.5,36.19,13.91,2.601,False,,True,R-desk,39,evt_S-61_upper_body_0022,9288fa4f7a20cfac,lap_bag_context,no_pose_observation,34560.0,1.33,,1,cam12/e1/v1,
corpus_03,03.CCTV Mobile Usage.mkv,632de9ed55947761d56d4c6142a3cb1a1fe69d0b1a6d0e01a2e404c697962623,dfine_native,136867.0,unknown_object,0.5052,61.94,367.77,171.9,459.17,10050.9,109.96,91.4,1.203,False,,True,S-61,33,evt_S-61_upper_body_0022,e03dffc8b8df0955,pose_hand_context,,22722.5,4.25,,1,cam12/e1/v1,rtmpose_baseline
corpus_03,03.CCTV Mobile Usage.mkv,632de9ed55947761d56d4c6142a3cb1a1fe69d0b1a6d0e01a2e404c697962623,dfine_native,136867.0,unknown_object,0.4835,62.1,309.45,171.83,459.18,16429.3,109.72,149.73,0.733,False,,True,S-61,33,evt_S-61_upper_body_0022,e03dffc8b8df0955,pose_hand_context,,22722.5,4.25,,1,cam12/e1/v1,rtmpose_baseline
corpus_03,03.CCTV Mobile Usage.mkv,632de9ed55947761d56d4c6142a3cb1a1fe69d0b1a6d0e01a2e404c697962623,dfine_native,136867.0,unknown_object,0.4258,66.7,395.88,167.79,459.4,6420.9,101.09,63.52,1.591,False,,True,S-61,33,evt_S-61_upper_body_0022,e03dffc8b8df0955,pose_hand_context,,22722.5,4.25,,1,cam12/e1/v1,rtmpose_baseline
corpus_03,03.CCTV Mobile Usage.mkv,632de9ed55947761d56d4c6142a3cb1a1fe69d0b1a6d0e01a2e404c697962623,dfine_native,136867.0,unknown_object,0.3713,21.26,309.18,109.91,374.64,5803.3,88.65,65.46,1.354,False,,True,S-61,33,evt_S-61_upper_body_0022,e03dffc8b8df0955,pose_hand_context,,22722.5,4.25,,1,cam12/e1/v1,rtmpose_baseline
corpus_03,03.CCTV Mobile Usage.mkv,632de9ed55947761d56d4c6142a3cb1a1fe69d0b1a6d0e01a2e404c697962623,dfine_native,136867.0,unknown_object,0.3462,21.03,348.09,171.69,459.35,16762.7,150.66,111.26,1.354,False,,True,S-61,33,evt_S-61_upper_body_0022,e03dffc8b8df0955,pose_hand_context,,22722.5,4.25,,1,cam12/e1/v1,rtmpose_baseline
corpus_03,03.CCTV Mobile Usage.mkv,632de9ed55947761d56d4c6142a3cb1a1fe69d0b1a6d0e01a2e404c697962623,dfine_native,136867.0,unknown_object,0.2905,66.29,395.26,171.79,459.52,6778.9,105.49,64.26,1.642,False,,True,S-61,33,evt_S-61_upper_body_0022,e03dffc8b8df0955,pose_hand_context,,22722.5,4.25,,1,cam12/e1/v1,rtmpose_baseline
corpus_03,03.CCTV Mobile Usage.mkv,632de9ed55947761d56d4c6142a3cb1a1fe69d0b1a6d0e01a2e404c697962623,dfine_native,137583.0,unknown_object,0.5309,105.23,454.94,177.41,521.21,4782.7,72.18,66.26,1.089,False,,True,S-61,33,evt_S-61_desk_work_surface_0007,91d419cfcd5b8430,pose_hand_context,,39045.8,3.24,,1,cam12/e1/v1,rtmpose_baseline
corpus_03,03.CCTV Mobile Usage.mkv,632de9ed55947761d56d4c6142a3cb1a1fe69d0b1a6d0e01a2e404c697962623,dfine_native,137583.0,unknown_object,0.4722,85.26,454.65,177.6,522.24,6241.3,92.34,67.59,1.366,False,,True,S-61,33,evt_S-61_desk_work_surface_0007,91d419cfcd5b8430,pose_hand_context,,39045.8,3.24,,1,cam12/e1/v1,rtmpose_baseline
corpus_03,03.CCTV Mobile Usage.mkv,632de9ed55947761d56d4c6142a3cb1a1fe69d0b1a6d0e01a2e404c697962623,dfine_native,137583.0,phone,0.2654,57.98,445.81,72.59,473.08,398.6,14.61,27.28,0.536,False,,True,S-61,33,evt_S-61_desk_work_surface_0007,91d419cfcd5b8430,pose_hand_context,,39045.8,3.24,,1,cam12/e1/v1,rtmpose_baseline
corpus_03,03.CCTV Mobile Usage.mkv,632de9ed55947761d56d4c6142a3cb1a1fe69d0b1a6d0e01a2e404c697962623,dfine_native,137583.0,phone,0.3287,138.14,447.67,193.61,492.02,2460.1,55.47,44.35,1.251,False,,True,S-61,33,evt_S-61_desk_work_surface_0007,91d419cfcd5b8430,pose_hand_context,,39045.8,3.24,,1,cam12/e1/v1,rtmpose_baseline
corpus_03,03.CCTV Mobile Usage.mkv,632de9ed55947761d56d4c6142a3cb1a1fe69d0b1a6d0e01a2e404c697962623,dfine_native,137583.0,unknown_object,0.3007,58.98,454.78,177.62,528.16,8705.4,118.63,73.38,1.617,False,,True,S-61,33,evt_S-61_desk_work_surface_0007,91d419cfcd5b8430,pose_hand_context,,39045.8,3.24,,1,cam12/e1/v1,rtmpose_baseline
corpus_03,03.CCTV Mobile Usage.mkv,632de9ed55947761d56d4c6142a3cb1a1fe69d0b1a6d0e01a2e404c697962623,dfine_native,137583.0,unknown_object,0.3185,190.35,385.23,255.98,518.63,8755.3,65.64,133.39,0.492,False,,True,S-61,33,evt_S-61_desk_work_surface_0007,91d419cfcd5b8430,pose_hand_context,,39045.8,3.24,,1,cam12/e1/v1,rtmpose_baseline
corpus_03,03.CCTV Mobile Usage.mkv,632de9ed55947761d56d4c6142a3cb1a1fe69d0b1a6d0e01a2e404c697962623,dfine_native,137867.0,keyboard,0.9078,962.27,451.92,1067.7,491.37,4159.2,105.43,39.45,2.672,False,,True,R-desk,39,evt_S-61_upper_body_0022,1f6f9d7c495d1041,lap_bag_context,no_pose_observation,34560.0,1.33,,1,cam12/e1/v1,
corpus_03,03.CCTV Mobile Usage.mkv,632de9ed55947761d56d4c6142a3cb1a1fe69d0b1a6d0e01a2e404c697962623,dfine_native,137867.0,unknown_object,0.7287,699.87,396.11,843.41,492.22,13796.1,143.55,96.11,1.494,False,,True,R-desk,39,evt_S-61_upper_body_0022,1f6f9d7c495d1041,lap_bag_context,no_pose_observation,34560.0,1.33,,1,cam12/e1/v1,
corpus_03,03.CCTV Mobile Usage.mkv,632de9ed55947761d56d4c6142a3cb1a1fe69d0b1a6d0e01a2e404c697962623,dfine_native,137867.0,monitor_or_bezel,0.6328,1018.92,395.73,1145.72,447.5,6565.7,126.81,51.78,2.449,False,,True,R-desk,39,evt_S-61_upper_body_0022,1f6f9d7c495d1041,lap_bag_context,no_pose_observation,34560.0,1.33,,1,cam12/e1/v1,
corpus_03,03.CCTV Mobile Usage.mkv,632de9ed55947761d56d4c6142a3cb1a1fe69d0b1a6d0e01a2e404c697962623,dfine_native,137867.0,keyboard,0.6588,802.71,396.23,870.49,420.54,1647.8,67.78,24.31,2.788,False,,True,R-desk,39,evt_S-61_upper_body_0022,1f6f9d7c495d1041,lap_bag_context,no_pose_observation,34560.0,1.33,,1,cam12/e1/v1,
corpus_03,03.CCTV Mobile Usage.mkv,632de9ed55947761d56d4c6142a3cb1a1fe69d0b1a6d0e01a2e404c697962623,dfine_native,137867.0,phone,0.3542,1042.87,421.79,1113.08,474.19,3679.1,70.2,52.41,1.34,False,,True,R-desk,39,evt_S-61_upper_body_0022,1f6f9d7c495d1041,lap_bag_context,no_pose_observation,34560.0,1.33,,1,cam12/e1/v1,
corpus_03,03.CCTV Mobile Usage.mkv,632de9ed55947761d56d4c6142a3cb1a1fe69d0b1a6d0e01a2e404c697962623,dfine_native,137867.0,monitor_or_bezel,0.304,1013.46,395.8,1147.21,488.22,12361.2,133.74,92.42,1.447,False,,True,R-desk,39,evt_S-61_upper_body_0022,1f6f9d7c495d1041,lap_bag_context,no_pose_observation,34560.0,1.33,,1,cam12/e1/v1,
corpus_03,03.CCTV Mobile Usage.mkv,632de9ed55947761d56d4c6142a3cb1a1fe69d0b1a6d0e01a2e404c697962623,dfine_native,137867.0,mouse,0.5986,864.83,413.84,891.94,435.24,580.2,27.11,21.4,1.267,False,,True,R-desk,39,evt_S-61_upper_body_0022,1f6f9d7c495d1041,lap_bag_context,no_pose_observation,34560.0,1.33,,1,cam12/e1/v1,
corpus_03,03.CCTV Mobile Usage.mkv,632de9ed55947761d56d4c6142a3cb1a1fe69d0b1a6d0e01a2e404c697962623,dfine_native,137867.0,monitor_or_bezel,0.316,881.26,396.2,948.53,452.37,3778.6,67.27,56.17,1.198,False,,True,R-desk,39,evt_S-61_upper_body_0022,1f6f9d7c495d1041,lap_bag_context,no_pose_observation,34560.0,1.33,,1,cam12/e1/v1,
corpus_03,03.CCTV Mobile Usage.mkv,632de9ed55947761d56d4c6142a3cb1a1fe69d0b1a6d0e01a2e404c697962623,dfine_native,137867.0,unknown_object,0.3422,700.02,396.26,765.88,491.54,6276.0,65.87,95.28,0.691,False,,True,R-desk,39,evt_S-61_upper_body_0022,1f6f9d7c495d1041,lap_bag_context,no_pose_observation,34560.0,1.33,,1,cam12/e1/v1,
corpus_03,03.CCTV Mobile Usage.mkv,632de9ed55947761d56d4c6142a3cb1a1fe69d0b1a6d0e01a2e404c697962623,dfine_native,137867.0,mouse,0.3542,967.24,398.33,991.83,410.48,298.7,24.59,12.15,2.024,False,,True,R-desk,39,evt_S-61_upper_body_0022,1f6f9d7c495d1041,lap_bag_context,no_pose_observation,34560.0,1.33,,1,cam12/e1/v1,
corpus_03,03.CCTV Mobile Usage.mkv,632de9ed55947761d56d4c6142a3cb1a1fe69d0b1a6d0e01a2e404c697962623,dfine_native,137867.0,monitor_or_bezel,0.3033,800.17,396.12,948.68,452.19,8325.7,148.5,56.06,2.649,False,,True,R-desk,39,evt_S-61_upper_body_0022,1f6f9d7c495d1041,lap_bag_context,no_pose_observation,34560.0,1.33,,1,cam12/e1/v1,
corpus_03,03.CCTV Mobile Usage.mkv,632de9ed55947761d56d4c6142a3cb1a1fe69d0b1a6d0e01a2e404c697962623,dfine_native,137867.0,monitor_or_bezel,0.2828,967.6,395.73,1147.03,490.44,16993.4,179.43,94.71,1.895,False,,True,R-desk,39,evt_S-61_upper_body_0022,1f6f9d7c495d1041,lap_bag_context,no_pose_observation,34560.0,1.33,,1,cam12/e1/v1,
corpus_03,03.CCTV Mobile Usage.mkv,632de9ed55947761d56d4c6142a3cb1a1fe69d0b1a6d0e01a2e404c697962623,dfine_native,137867.0,monitor_or_bezel,0.2836,737.82,395.62,1147.17,491.06,39066.1,409.34,95.44,4.289,False,,True,R-desk,39,evt_S-61_upper_body_0022,1f6f9d7c495d1041,lap_bag_context,no_pose_observation,34560.0,1.33,,1,cam12/e1/v1,
corpus_03,03.CCTV Mobile Usage.mkv,632de9ed55947761d56d4c6142a3cb1a1fe69d0b1a6d0e01a2e404c697962623,dfine_native,137867.0,mouse,0.327,990.71,399.45,1026.9,413.37,503.5,36.19,13.91,2.601,False,,True,R-desk,39,evt_S-61_upper_body_0022,1f6f9d7c495d1041,lap_bag_context,no_pose_observation,34560.0,1.33,,1,cam12/e1/v1,
corpus_03,03.CCTV Mobile Usage.mkv,632de9ed55947761d56d4c6142a3cb1a1fe69d0b1a6d0e01a2e404c697962623,dfine_native,137867.0,unknown_object,0.6354,106.27,454.87,177.07,516.0,4328.7,70.81,61.14,1.158,False,,True,S-61,33,evt_S-61_upper_body_0022,be16d9a66db15103,pose_hand_context,,32170.0,3.57,,1,cam12/e1/v1,rtmpose_baseline
corpus_03,03.CCTV Mobile Usage.mkv,632de9ed55947761d56d4c6142a3cb1a1fe69d0b1a6d0e01a2e404c697962623,dfine_native,137867.0,unknown_object,0.6734,92.05,443.36,270.88,621.05,31775.4,178.83,177.69,1.006,False,,True,S-61,33,evt_S-61_upper_body_0022,be16d9a66db15103,pose_hand_context,,32170.0,3.57,,1,cam12/e1/v1,rtmpose_baseline
corpus_03,03.CCTV Mobile Usage.mkv,632de9ed55947761d56d4c6142a3cb1a1fe69d0b1a6d0e01a2e404c697962623,dfine_native,137867.0,unknown_object,0.4335,92.26,449.28,177.05,518.16,5840.7,84.8,68.88,1.231,False,,True,S-61,33,evt_S-61_upper_body_0022,be16d9a66db15103,pose_hand_context,,32170.0,3.57,,1,cam12/e1/v1,rtmpose_baseline
corpus_03,03.CCTV Mobile Usage.mkv,632de9ed55947761d56d4c6142a3cb1a1fe69d0b1a6d0e01a2e404c697962623,dfine_native,137867.0,unknown_object,0.3292,92.11,467.94,233.2,620.85,21576.4,141.1,152.92,0.923,False,,True,S-61,33,evt_S-61_upper_body_0022,be16d9a66db15103,pose_hand_context,,32170.0,3.57,,1,cam12/e1/v1,rtmpose_baseline
corpus_03,03.CCTV Mobile Usage.mkv,632de9ed55947761d56d4c6142a3cb1a1fe69d0b1a6d0e01a2e404c697962623,dfine_native,137867.0,unknown_object,0.3079,92.48,548.56,232.23,621.12,10140.5,139.76,72.56,1.926,False,,True,S-61,33,evt_S-61_upper_body_0022,be16d9a66db15103,pose_hand_context,,32170.0,3.57,,1,cam12/e1/v1,rtmpose_baseline
corpus_03,03.CCTV Mobile Usage.mkv,632de9ed55947761d56d4c6142a3cb1a1fe69d0b1a6d0e01a2e404c697962623,dfine_native,137867.0,unknown_object,0.25,92.18,508.21,232.81,621.14,15879.9,140.62,112.93,1.245,False,,True,S-61,33,evt_S-61_upper_body_0022,be16d9a66db15103,pose_hand_context,,32170.0,3.57,,1,cam12/e1/v1,rtmpose_baseline
corpus_03,03.CCTV Mobile Usage.mkv,632de9ed55947761d56d4c6142a3cb1a1fe69d0b1a6d0e01a2e404c697962623,dfine_native,137867.0,unknown_object,0.4776,92.06,495.43,233.15,621.02,17719.9,141.09,125.59,1.123,False,,True,S-61,33,evt_S-61_upper_body_0022,be16d9a66db15103,pose_hand_context,,32170.0,3.57,,1,cam12/e1/v1,rtmpose_baseline
corpus_03,03.CCTV Mobile Usage.mkv,632de9ed55947761d56d4c6142a3cb1a1fe69d0b1a6d0e01a2e404c697962623,dfine_native,137867.0,unknown_object,0.3382,92.16,470.34,270.94,621.06,26947.2,178.78,150.72,1.186,False,,True,S-61,33,evt_S-61_upper_body_0022,be16d9a66db15103,pose_hand_context,,32170.0,3.57,,1,cam12/e1/v1,rtmpose_baseline
corpus_03,03.CCTV Mobile Usage.mkv,632de9ed55947761d56d4c6142a3cb1a1fe69d0b1a6d0e01a2e404c697962623,dfine_native,137867.0,unknown_object,0.3471,92.2,468.99,270.94,620.96,27162.6,178.74,151.97,1.176,False,,True,S-61,33,evt_S-61_upper_body_0022,be16d9a66db15103,pose_hand_context,,32170.0,3.57,,1,cam12/e1/v1,rtmpose_baseline
corpus_03,03.CCTV Mobile Usage.mkv,632de9ed55947761d56d4c6142a3cb1a1fe69d0b1a6d0e01a2e404c697962623,dfine_native,137867.0,unknown_object,0.3954,91.9,453.5,176.99,518.19,5504.5,85.09,64.69,1.315,False,,True,S-61,33,evt_S-61_upper_body_0022,be16d9a66db15103,pose_hand_context,,32170.0,3.57,,1,cam12/e1/v1,rtmpose_baseline
corpus_03,03.CCTV Mobile Usage.mkv,632de9ed55947761d56d4c6142a3cb1a1fe69d0b1a6d0e01a2e404c697962623,dfine_native,137867.0,unknown_object,0.2824,141.4,469.25,271.08,620.86,19659.8,129.68,151.61,0.855,False,,True,S-61,33,evt_S-61_upper_body_0022,be16d9a66db15103,pose_hand_context,,32170.0,3.57,,1,cam12/e1/v1,rtmpose_baseline
corpus_03,03.CCTV Mobile Usage.mkv,632de9ed55947761d56d4c6142a3cb1a1fe69d0b1a6d0e01a2e404c697962623,dfine_native,137867.0,unknown_object,0.3224,92.12,492.35,270.85,621.0,22993.2,178.73,128.65,1.389,False,,True,S-61,33,evt_S-61_upper_body_0022,be16d9a66db15103,pose_hand_context,,32170.0,3.57,,1,cam12/e1/v1,rtmpose_baseline
corpus_03,03.CCTV Mobile Usage.mkv,632de9ed55947761d56d4c6142a3cb1a1fe69d0b1a6d0e01a2e404c697962623,dfine_native,137867.0,unknown_object,0.6187,92.11,443.16,233.72,620.88,25166.5,141.61,177.72,0.797,False,,True,S-61,33,evt_S-61_upper_body_0022,be16d9a66db15103,pose_hand_context,,32170.0,3.57,,1,cam12/e1/v1,rtmpose_baseline
corpus_03,03.CCTV Mobile Usage.mkv,632de9ed55947761d56d4c6142a3cb1a1fe69d0b1a6d0e01a2e404c697962623,dfine_native,138583.0,unknown_object,0.5794,86.09,426.4,288.73,627.84,40818.7,202.64,201.44,1.006,False,,True,S-61,33,evt_S-61_desk_work_surface_0007,80caf17b82558058,pose_hand_context,,41144.1,3.16,,1,cam12/e1/v1,rtmpose_baseline
corpus_03,03.CCTV Mobile Usage.mkv,632de9ed55947761d56d4c6142a3cb1a1fe69d0b1a6d0e01a2e404c697962623,dfine_native,138583.0,unknown_object,0.2726,111.73,460.37,166.86,505.9,2510.1,55.13,45.53,1.211,False,,True,S-61,33,evt_S-61_desk_work_surface_0007,80caf17b82558058,pose_hand_context,,41144.1,3.16,,1,cam12/e1/v1,rtmpose_baseline
corpus_03,03.CCTV Mobile Usage.mkv,632de9ed55947761d56d4c6142a3cb1a1fe69d0b1a6d0e01a2e404c697962623,dfine_native,138583.0,unknown_object,0.3908,110.94,449.92,193.77,510.21,4993.4,82.83,60.29,1.374,False,,True,S-61,33,evt_S-61_desk_work_surface_0007,80caf17b82558058,pose_hand_context,,41144.1,3.16,,1,cam12/e1/v1,rtmpose_baseline
corpus_03,03.CCTV Mobile Usage.mkv,632de9ed55947761d56d4c6142a3cb1a1fe69d0b1a6d0e01a2e404c697962623,dfine_native,138583.0,unknown_object,0.3042,86.05,499.31,239.36,627.98,19725.4,153.31,128.66,1.192,False,,True,S-61,33,evt_S-61_desk_work_surface_0007,80caf17b82558058,pose_hand_context,,41144.1,3.16,,1,cam12/e1/v1,rtmpose_baseline
corpus_03,03.CCTV Mobile Usage.mkv,632de9ed55947761d56d4c6142a3cb1a1fe69d0b1a6d0e01a2e404c697962623,dfine_native,138583.0,unknown_object,0.262,85.97,470.96,131.7,507.88,1688.7,45.73,36.92,1.239,False,,True,S-61,33,evt_S-61_desk_work_surface_0007,80caf17b82558058,pose_hand_context,,41144.1,3.16,,1,cam12/e1/v1,rtmpose_baseline
corpus_03,03.CCTV Mobile Usage.mkv,632de9ed55947761d56d4c6142a3cb1a1fe69d0b1a6d0e01a2e404c697962623,dfine_native,138583.0,unknown_object,0.6954,86.08,426.32,241.67,627.67,31327.5,155.59,201.35,0.773,False,,True,S-61,33,evt_S-61_desk_work_surface_0007,80caf17b82558058,pose_hand_context,,41144.1,3.16,,1,cam12/e1/v1,rtmpose_baseline
corpus_03,03.CCTV Mobile Usage.mkv,632de9ed55947761d56d4c6142a3cb1a1fe69d0b1a6d0e01a2e404c697962623,dfine_native,138583.0,unknown_object,0.2722,86.04,462.62,239.24,627.78,25304.0,153.21,165.16,0.928,False,,True,S-61,33,evt_S-61_desk_work_surface_0007,80caf17b82558058,pose_hand_context,,41144.1,3.16,,1,cam12/e1/v1,rtmpose_baseline
corpus_03,03.CCTV Mobile Usage.mkv,632de9ed55947761d56d4c6142a3cb1a1fe69d0b1a6d0e01a2e404c697962623,dfine_native,138583.0,unknown_object,0.4592,85.82,450.17,193.09,513.47,6790.5,107.27,63.3,1.695,False,,True,S-61,33,evt_S-61_desk_work_surface_0007,80caf17b82558058,pose_hand_context,,41144.1,3.16,,1,cam12/e1/v1,rtmpose_baseline
corpus_03,03.CCTV Mobile Usage.mkv,632de9ed55947761d56d4c6142a3cb1a1fe69d0b1a6d0e01a2e404c697962623,dfine_native,138583.0,unknown_object,0.3248,86.03,426.55,255.75,627.74,34146.6,169.72,201.19,0.844,False,,True,S-61,33,evt_S-61_desk_work_surface_0007,80caf17b82558058,pose_hand_context,,41144.1,3.16,,1,cam12/e1/v1,rtmpose_baseline
corpus_03,03.CCTV Mobile Usage.mkv,632de9ed55947761d56d4c6142a3cb1a1fe69d0b1a6d0e01a2e404c697962623,dfine_native,138867.0,unknown_object,0.4127,84.92,451.21,192.59,515.49,6920.2,107.66,64.28,1.675,False,,True,S-61,33,evt_S-61_upper_body_0022,65a212c90b663166,pose_hand_context,,40425.1,3.18,,1,cam12/e1/v1,rtmpose_baseline
corpus_03,03.CCTV Mobile Usage.mkv,632de9ed55947761d56d4c6142a3cb1a1fe69d0b1a6d0e01a2e404c697962623,dfine_native,138867.0,unknown_object,0.3884,85.07,429.49,241.79,628.76,31230.0,156.72,199.27,0.786,False,,True,S-61,33,evt_S-61_upper_body_0022,65a212c90b663166,pose_hand_context,,40425.1,3.18,,1,cam12/e1/v1,rtmpose_baseline
corpus_03,03.CCTV Mobile Usage.mkv,632de9ed55947761d56d4c6142a3cb1a1fe69d0b1a6d0e01a2e404c697962623,dfine_native,138867.0,phone,0.2602,263.89,578.82,285.98,596.81,397.6,22.09,18.0,1.227,False,,True,S-61,33,evt_S-61_upper_body_0022,65a212c90b663166,pose_hand_context,,40425.1,3.18,,1,cam12/e1/v1,rtmpose_baseline
corpus_03,03.CCTV Mobile Usage.mkv,632de9ed55947761d56d4c6142a3cb1a1fe69d0b1a6d0e01a2e404c697962623,dfine_native,139583.0,unknown_object,0.406,97.03,429.49,320.83,652.07,49814.0,223.8,222.59,1.005,False,,True,S-61,33,evt_S-61_desk_work_surface_0007,3f271ff03fbcd110,pose_hand_context,,50274.6,2.85,,1,cam12/e1/v1,rtmpose_baseline
corpus_03,03.CCTV Mobile Usage.mkv,632de9ed55947761d56d4c6142a3cb1a1fe69d0b1a6d0e01a2e404c697962623,dfine_native,139583.0,unknown_object,0.3722,96.84,430.73,261.94,652.11,36549.2,165.1,221.38,0.746,False,,True,S-61,33,evt_S-61_desk_work_surface_0007,3f271ff03fbcd110,pose_hand_context,,50274.6,2.85,,1,cam12/e1/v1,rtmpose_baseline
corpus_03,03.CCTV Mobile Usage.mkv,632de9ed55947761d56d4c6142a3cb1a1fe69d0b1a6d0e01a2e404c697962623,dfine_native,139867.0,keyboard,0.9174,962.22,451.93,1067.99,491.45,4180.3,105.77,39.52,2.676,False,,True,R-desk,40,evt_S-61_upper_body_0022,9006d665f9af6662,lap_bag_context,no_pose_observation,34560.0,1.33,,1,cam12/e1/v1,
corpus_03,03.CCTV Mobile Usage.mkv,632de9ed55947761d56d4c6142a3cb1a1fe69d0b1a6d0e01a2e404c697962623,dfine_native,139867.0,unknown_object,0.6084,699.92,396.15,843.85,492.18,13821.1,143.93,96.03,1.499,False,,True,R-desk,40,evt_S-61_upper_body_0022,9006d665f9af6662,lap_bag_context,no_pose_observation,34560.0,1.33,,1,cam12/e1/v1,
corpus_03,03.CCTV Mobile Usage.mkv,632de9ed55947761d56d4c6142a3cb1a1fe69d0b1a6d0e01a2e404c697962623,dfine_native,139867.0,monitor_or_bezel,0.6116,1019.25,395.96,1145.4,448.36,6610.3,126.15,52.4,2.408,False,,True,R-desk,40,evt_S-61_upper_body_0022,9006d665f9af6662,lap_bag_context,no_pose_observation,34560.0,1.33,,1,cam12/e1/v1,
corpus_03,03.CCTV Mobile Usage.mkv,632de9ed55947761d56d4c6142a3cb1a1fe69d0b1a6d0e01a2e404c697962623,dfine_native,139867.0,unknown_object,0.4622,699.98,396.13,776.18,491.9,7298.3,76.2,95.77,0.796,False,,True,R-desk,40,evt_S-61_upper_body_0022,9006d665f9af6662,lap_bag_context,no_pose_observation,34560.0,1.33,,1,cam12/e1/v1,
corpus_03,03.CCTV Mobile Usage.mkv,632de9ed55947761d56d4c6142a3cb1a1fe69d0b1a6d0e01a2e404c697962623,dfine_native,139867.0,keyboard,0.5845,802.39,396.2,870.66,420.59,1665.3,68.27,24.39,2.799,False,,True,R-desk,40,evt_S-61_upper_body_0022,9006d665f9af6662,lap_bag_context,no_pose_observation,34560.0,1.33,,1,cam12/e1/v1,
corpus_03,03.CCTV Mobile Usage.mkv,632de9ed55947761d56d4c6142a3cb1a1fe69d0b1a6d0e01a2e404c697962623,dfine_native,139867.0,monitor_or_bezel,0.4151,1015.71,396.01,1146.42,487.84,12004.0,130.71,91.84,1.423,False,,True,R-desk,40,evt_S-61_upper_body_0022,9006d665f9af6662,lap_bag_context,no_pose_observation,34560.0,1.33,,1,cam12/e1/v1,
corpus_03,03.CCTV Mobile Usage.mkv,632de9ed55947761d56d4c6142a3cb1a1fe69d0b1a6d0e01a2e404c697962623,dfine_native,139867.0,mouse,0.6038,864.83,413.78,891.84,435.12,576.4,27.01,21.34,1.266,False,,True,R-desk,40,evt_S-61_upper_body_0022,9006d665f9af6662,lap_bag_context,no_pose_observation,34560.0,1.33,,1,cam12/e1/v1,
corpus_03,03.CCTV Mobile Usage.mkv,632de9ed55947761d56d4c6142a3cb1a1fe69d0b1a6d0e01a2e404c697962623,dfine_native,139867.0,mouse,0.3435,967.35,398.38,991.93,410.54,298.9,24.58,12.16,2.021,False,,True,R-desk,40,evt_S-61_upper_body_0022,9006d665f9af6662,lap_bag_context,no_pose_observation,34560.0,1.33,,1,cam12/e1/v1,
corpus_03,03.CCTV Mobile Usage.mkv,632de9ed55947761d56d4c6142a3cb1a1fe69d0b1a6d0e01a2e404c697962623,dfine_native,139867.0,monitor_or_bezel,0.2766,1017.06,395.87,1146.24,471.97,9830.3,129.18,76.1,1.698,False,,True,R-desk,40,evt_S-61_upper_body_0022,9006d665f9af6662,lap_bag_context,no_pose_observation,34560.0,1.33,,1,cam12/e1/v1,
corpus_03,03.CCTV Mobile Usage.mkv,632de9ed55947761d56d4c6142a3cb1a1fe69d0b1a6d0e01a2e404c697962623,dfine_native,139867.0,mouse,0.2642,990.7,399.47,1026.49,413.36,496.8,35.79,13.88,2.578,False,,True,R-desk,40,evt_S-61_upper_body_0022,9006d665f9af6662,lap_bag_context,no_pose_observation,34560.0,1.33,,1,cam12/e1/v1,
corpus_03,03.CCTV Mobile Usage.mkv,632de9ed55947761d56d4c6142a3cb1a1fe69d0b1a6d0e01a2e404c697962623,dfine_native,139867.0,stationery,0.2869,20.05,409.0,121.11,502.16,9415.3,101.06,93.16,1.085,False,,True,S-61,33,evt_S-61_upper_body_0022,9aba67611ee3fca8,pose_hand_context,,49675.5,2.87,,1,cam12/e1/v1,rtmpose_baseline
corpus_03,03.CCTV Mobile Usage.mkv,632de9ed55947761d56d4c6142a3cb1a1fe69d0b1a6d0e01a2e404c697962623,dfine_native,139867.0,unknown_object,0.3271,19.96,353.98,242.23,575.38,49210.7,222.27,221.4,1.004,False,,True,S-61,33,evt_S-61_upper_body_0022,9aba67611ee3fca8,pose_hand_context,,49675.5,2.87,,1,cam12/e1/v1,rtmpose_baseline
corpus_03,03.CCTV Mobile Usage.mkv,632de9ed55947761d56d4c6142a3cb1a1fe69d0b1a6d0e01a2e404c697962623,dfine_native,139867.0,stationery,0.321,20.1,493.95,160.07,575.71,11443.9,139.97,81.76,1.712,False,,True,S-61,33,evt_S-61_upper_body_0022,9aba67611ee3fca8,pose_hand_context,,49675.5,2.87,,1,cam12/e1/v1,rtmpose_baseline
corpus_03,03.CCTV Mobile Usage.mkv,632de9ed55947761d56d4c6142a3cb1a1fe69d0b1a6d0e01a2e404c697962623,dfine_native,140583.0,unknown_object,0.3673,21.45,491.91,227.22,604.54,23175.2,205.78,112.62,1.827,False,,True,S-61,33,evt_S-61_desk_work_surface_0007,56d747897902ef08,pose_hand_context,,50949.5,2.84,,1,cam12/e1/v1,rtmpose_baseline
corpus_03,03.CCTV Mobile Usage.mkv,632de9ed55947761d56d4c6142a3cb1a1fe69d0b1a6d0e01a2e404c697962623,dfine_native,140583.0,stationery,0.2923,42.97,496.07,176.65,575.24,10584.3,133.68,79.18,1.688,False,,True,S-61,33,evt_S-61_desk_work_surface_0007,56d747897902ef08,pose_hand_context,,50949.5,2.84,,1,cam12/e1/v1,rtmpose_baseline
corpus_03,03.CCTV Mobile Usage.mkv,632de9ed55947761d56d4c6142a3cb1a1fe69d0b1a6d0e01a2e404c697962623,dfine_native,140583.0,unknown_object,0.2505,21.1,379.34,146.74,498.47,14967.8,125.64,119.13,1.055,False,,True,S-61,33,evt_S-61_desk_work_surface_0007,56d747897902ef08,pose_hand_context,,50949.5,2.84,,1,cam12/e1/v1,rtmpose_baseline
corpus_03,03.CCTV Mobile Usage.mkv,632de9ed55947761d56d4c6142a3cb1a1fe69d0b1a6d0e01a2e404c697962623,dfine_native,140583.0,unknown_object,0.3897,21.31,491.6,245.58,604.67,25356.9,224.27,113.06,1.984,False,,True,S-61,33,evt_S-61_desk_work_surface_0007,56d747897902ef08,pose_hand_context,,50949.5,2.84,,1,cam12/e1/v1,rtmpose_baseline
corpus_03,03.CCTV Mobile Usage.mkv,632de9ed55947761d56d4c6142a3cb1a1fe69d0b1a6d0e01a2e404c697962623,dfine_native,140583.0,keyboard,0.9192,962.12,451.91,1067.92,491.45,4182.9,105.79,39.54,2.676,False,,True,R-desk,40,evt_S-61_desk_work_surface_0007,cf9ece1f4d8544de,lap_bag_context,no_pose_observation,34560.0,1.33,,1,cam12/e1/v1,
corpus_03,03.CCTV Mobile Usage.mkv,632de9ed55947761d56d4c6142a3cb1a1fe69d0b1a6d0e01a2e404c697962623,dfine_native,140583.0,unknown_object,0.6454,699.93,396.18,843.39,492.4,13802.8,143.46,96.21,1.491,False,,True,R-desk,40,evt_S-61_desk_work_surface_0007,cf9ece1f4d8544de,lap_bag_context,no_pose_observation,34560.0,1.33,,1,cam12/e1/v1,
corpus_03,03.CCTV Mobile Usage.mkv,632de9ed55947761d56d4c6142a3cb1a1fe69d0b1a6d0e01a2e404c697962623,dfine_native,140583.0,monitor_or_bezel,0.6235,1019.27,395.92,1145.44,447.7,6533.3,126.17,51.78,2.436,False,,True,R-desk,40,evt_S-61_desk_work_surface_0007,cf9ece1f4d8544de,lap_bag_context,no_pose_observation,34560.0,1.33,,1,cam12/e1/v1,
corpus_03,03.CCTV Mobile Usage.mkv,632de9ed55947761d56d4c6142a3cb1a1fe69d0b1a6d0e01a2e404c697962623,dfine_native,140583.0,keyboard,0.5387,802.45,396.19,870.9,420.65,1674.0,68.45,24.46,2.799,False,,True,R-desk,40,evt_S-61_desk_work_surface_0007,cf9ece1f4d8544de,lap_bag_context,no_pose_observation,34560.0,1.33,,1,cam12/e1/v1,
corpus_03,03.CCTV Mobile Usage.mkv,632de9ed55947761d56d4c6142a3cb1a1fe69d0b1a6d0e01a2e404c697962623,dfine_native,140583.0,unknown_object,0.4239,700.01,396.17,773.47,492.08,7044.9,73.46,95.91,0.766,False,,True,R-desk,40,evt_S-61_desk_work_surface_0007,cf9ece1f4d8544de,lap_bag_context,no_pose_observation,34560.0,1.33,,1,cam12/e1/v1,
corpus_03,03.CCTV Mobile Usage.mkv,632de9ed55947761d56d4c6142a3cb1a1fe69d0b1a6d0e01a2e404c697962623,dfine_native,140583.0,monitor_or_bezel,0.4147,1015.01,395.97,1146.78,488.28,12164.1,131.77,92.32,1.427,False,,True,R-desk,40,evt_S-61_desk_work_surface_0007,cf9ece1f4d8544de,lap_bag_context,no_pose_observation,34560.0,1.33,,1,cam12/e1/v1,
corpus_03,03.CCTV Mobile Usage.mkv,632de9ed55947761d56d4c6142a3cb1a1fe69d0b1a6d0e01a2e404c697962623,dfine_native,140583.0,mouse,0.3189,967.26,398.35,992.04,410.52,301.7,24.77,12.18,2.035,False,,True,R-desk,40,evt_S-61_desk_work_surface_0007,cf9ece1f4d8544de,lap_bag_context,no_pose_observation,34560.0,1.33,,1,cam12/e1/v1,
corpus_03,03.CCTV Mobile Usage.mkv,632de9ed55947761d56d4c6142a3cb1a1fe69d0b1a6d0e01a2e404c697962623,dfine_native,140583.0,mouse,0.5927,864.79,413.71,892.15,435.06,584.1,27.36,21.35,1.282,False,,True,R-desk,40,evt_S-61_desk_work_surface_0007,cf9ece1f4d8544de,lap_bag_context,no_pose_observation,34560.0,1.33,,1,cam12/e1/v1,
corpus_03,03.CCTV Mobile Usage.mkv,632de9ed55947761d56d4c6142a3cb1a1fe69d0b1a6d0e01a2e404c697962623,dfine_native,140583.0,unknown_object,0.3444,700.08,396.33,756.48,491.12,5346.3,56.4,94.79,0.595,False,,True,R-desk,40,evt_S-61_desk_work_surface_0007,cf9ece1f4d8544de,lap_bag_context,no_pose_observation,34560.0,1.33,,1,cam12/e1/v1,
corpus_03,03.CCTV Mobile Usage.mkv,632de9ed55947761d56d4c6142a3cb1a1fe69d0b1a6d0e01a2e404c697962623,dfine_native,140867.0,stationery,0.3256,44.2,498.99,178.47,588.58,12028.6,134.27,89.59,1.499,False,,True,S-61,33,evt_S-61_upper_body_0022,4de764fefa842d4a,pose_hand_context,,51130.3,2.83,,1,cam12/e1/v1,rtmpose_baseline
corpus_03,03.CCTV Mobile Usage.mkv,632de9ed55947761d56d4c6142a3cb1a1fe69d0b1a6d0e01a2e404c697962623,dfine_native,140867.0,unknown_object,0.4411,18.3,492.23,237.82,615.51,27061.3,219.52,123.28,1.781,False,,True,S-61,33,evt_S-61_upper_body_0022,4de764fefa842d4a,pose_hand_context,,51130.3,2.83,,1,cam12/e1/v1,rtmpose_baseline
corpus_03,03.CCTV Mobile Usage.mkv,632de9ed55947761d56d4c6142a3cb1a1fe69d0b1a6d0e01a2e404c697962623,dfine_native,140867.0,unknown_object,0.2689,18.27,492.31,187.32,614.92,20727.9,169.05,122.61,1.379,False,,True,S-61,33,evt_S-61_upper_body_0022,4de764fefa842d4a,pose_hand_context,,51130.3,2.83,,1,cam12/e1/v1,rtmpose_baseline
corpus_03,03.CCTV Mobile Usage.mkv,632de9ed55947761d56d4c6142a3cb1a1fe69d0b1a6d0e01a2e404c697962623,dfine_native,140867.0,unknown_object,0.328,18.16,390.31,243.77,615.19,50735.7,225.61,224.88,1.003,False,,True,S-61,33,evt_S-61_upper_body_0022,4de764fefa842d4a,pose_hand_context,,51130.3,2.83,,1,cam12/e1/v1,rtmpose_baseline
corpus_03,03.CCTV Mobile Usage.mkv,632de9ed55947761d56d4c6142a3cb1a1fe69d0b1a6d0e01a2e404c697962623,dfine_native,140867.0,unknown_object,0.2595,18.04,389.03,137.9,497.65,13019.2,119.85,108.63,1.103,False,,True,S-61,33,evt_S-61_upper_body_0022,4de764fefa842d4a,pose_hand_context,,51130.3,2.83,,1,cam12/e1/v1,rtmpose_baseline
corpus_03,03.CCTV Mobile Usage.mkv,632de9ed55947761d56d4c6142a3cb1a1fe69d0b1a6d0e01a2e404c697962623,dfine_native,140867.0,unknown_object,0.2804,18.01,389.17,129.45,497.41,12062.3,111.44,108.24,1.03,False,,True,S-61,33,evt_S-61_upper_body_0022,4de764fefa842d4a,pose_hand_context,,51130.3,2.83,,1,cam12/e1/v1,rtmpose_baseline
corpus_03,03.CCTV Mobile Usage.mkv,632de9ed55947761d56d4c6142a3cb1a1fe69d0b1a6d0e01a2e404c697962623,dfine_native,140867.0,unknown_object,0.2622,18.16,404.36,236.78,615.1,46072.6,218.62,210.75,1.037,False,,True,S-61,33,evt_S-61_upper_body_0022,4de764fefa842d4a,pose_hand_context,,51130.3,2.83,,1,cam12/e1/v1,rtmpose_baseline
corpus_03,03.CCTV Mobile Usage.mkv,632de9ed55947761d56d4c6142a3cb1a1fe69d0b1a6d0e01a2e404c697962623,dfine_native,140867.0,unknown_object,0.253,18.26,493.06,131.04,615.15,13769.1,112.78,122.09,0.924,False,,True,S-61,33,evt_S-61_upper_body_0022,4de764fefa842d4a,pose_hand_context,,51130.3,2.83,,1,cam12/e1/v1,rtmpose_baseline
corpus_03,03.CCTV Mobile Usage.mkv,632de9ed55947761d56d4c6142a3cb1a1fe69d0b1a6d0e01a2e404c697962623,dfine_native,141583.0,stationery,0.5025,42.76,446.81,72.5,475.04,839.8,29.75,28.23,1.054,False,,True,S-61,33,evt_S-61_desk_work_surface_0007,7a25f2ac3f7f9292,pose_hand_context,,34638.0,3.4,,1,cam12/e1/v1,rtmpose_baseline
corpus_03,03.CCTV Mobile Usage.mkv,632de9ed55947761d56d4c6142a3cb1a1fe69d0b1a6d0e01a2e404c697962623,dfine_native,141583.0,unknown_object,0.2925,-0.12,433.89,182.65,517.45,15273.4,182.77,83.57,2.187,False,,True,S-61,33,evt_S-61_desk_work_surface_0007,7a25f2ac3f7f9292,pose_hand_context,,34638.0,3.4,,1,cam12/e1/v1,rtmpose_baseline
corpus_03,03.CCTV Mobile Usage.mkv,632de9ed55947761d56d4c6142a3cb1a1fe69d0b1a6d0e01a2e404c697962623,dfine_native,141583.0,unknown_object,0.3968,146.47,400.99,183.28,507.44,3918.2,36.81,106.45,0.346,False,,True,S-61,33,evt_S-61_desk_work_surface_0007,7a25f2ac3f7f9292,pose_hand_context,,34638.0,3.4,,1,cam12/e1/v1,rtmpose_baseline
corpus_03,03.CCTV Mobile Usage.mkv,632de9ed55947761d56d4c6142a3cb1a1fe69d0b1a6d0e01a2e404c697962623,dfine_native,141583.0,unknown_object,0.3961,-0.66,330.28,183.07,517.05,34314.9,183.73,186.77,0.984,False,,True,S-61,33,evt_S-61_desk_work_surface_0007,7a25f2ac3f7f9292,pose_hand_context,,34638.0,3.4,,1,cam12/e1/v1,rtmpose_baseline
corpus_03,03.CCTV Mobile Usage.mkv,632de9ed55947761d56d4c6142a3cb1a1fe69d0b1a6d0e01a2e404c697962623,dfine_native,141583.0,keyboard,0.3339,-0.38,441.66,49.59,500.13,2921.5,49.97,58.47,0.855,False,,True,S-61,33,evt_S-61_desk_work_surface_0007,7a25f2ac3f7f9292,pose_hand_context,,34638.0,3.4,,1,cam12/e1/v1,rtmpose_baseline
corpus_03,03.CCTV Mobile Usage.mkv,632de9ed55947761d56d4c6142a3cb1a1fe69d0b1a6d0e01a2e404c697962623,dfine_native,141867.0,unknown_object,0.4739,18.06,349.31,144.03,507.06,19871.8,125.97,157.75,0.799,False,,True,S-61,33,evt_S-61_upper_body_0022,8480df3c8367b923,pose_hand_context,,25287.4,4.02,,1,cam12/e1/v1,rtmpose_baseline
corpus_03,03.CCTV Mobile Usage.mkv,632de9ed55947761d56d4c6142a3cb1a1fe69d0b1a6d0e01a2e404c697962623,dfine_native,141867.0,unknown_object,0.2915,43.06,368.45,158.35,498.69,15015.6,115.29,130.24,0.885,False,,True,S-61,33,evt_S-61_upper_body_0022,8480df3c8367b923,pose_hand_context,,25287.4,4.02,,1,cam12/e1/v1,rtmpose_baseline
corpus_03,03.CCTV Mobile Usage.mkv,632de9ed55947761d56d4c6142a3cb1a1fe69d0b1a6d0e01a2e404c697962623,dfine_native,141867.0,unknown_object,0.2659,42.43,370.13,159.48,501.63,15392.4,117.05,131.51,0.89,False,,True,S-61,33,evt_S-61_upper_body_0022,8480df3c8367b923,pose_hand_context,,25287.4,4.02,,1,cam12/e1/v1,rtmpose_baseline
corpus_03,03.CCTV Mobile Usage.mkv,632de9ed55947761d56d4c6142a3cb1a1fe69d0b1a6d0e01a2e404c697962623,dfine_native,142583.0,unknown_object,0.51,39.31,413.95,151.15,474.05,6721.9,111.84,60.1,1.861,False,,True,S-61,33,evt_S-61_desk_work_surface_0007,5b6a897cc877e08e,pose_hand_context,,19521.7,4.58,,1,cam12/e1/v1,rtmpose_baseline
corpus_03,03.CCTV Mobile Usage.mkv,632de9ed55947761d56d4c6142a3cb1a1fe69d0b1a6d0e01a2e404c697962623,dfine_native,142583.0,unknown_object,0.2802,39.13,413.05,165.46,502.7,11324.3,126.32,89.65,1.409,False,,True,S-61,33,evt_S-61_desk_work_surface_0007,5b6a897cc877e08e,pose_hand_context,,19521.7,4.58,,1,cam12/e1/v1,rtmpose_baseline
corpus_03,03.CCTV Mobile Usage.mkv,632de9ed55947761d56d4c6142a3cb1a1fe69d0b1a6d0e01a2e404c697962623,dfine_native,156383.0,unknown_object,0.4414,103.44,351.66,256.62,500.99,22874.9,153.18,149.33,1.026,False,,True,S-61,41,evt_S-61_desk_work_surface_0008,10f4138e905a317a,pose_hand_context,,29343.7,3.74,,1,cam12/e1/v1,rtmpose_baseline
corpus_03,03.CCTV Mobile Usage.mkv,632de9ed55947761d56d4c6142a3cb1a1fe69d0b1a6d0e01a2e404c697962623,dfine_native,156383.0,unknown_object,0.3236,102.96,383.51,173.12,500.49,8207.5,70.16,116.98,0.6,False,,True,S-61,41,evt_S-61_desk_work_surface_0008,10f4138e905a317a,pose_hand_context,,29343.7,3.74,,1,cam12/e1/v1,rtmpose_baseline
corpus_03,03.CCTV Mobile Usage.mkv,632de9ed55947761d56d4c6142a3cb1a1fe69d0b1a6d0e01a2e404c697962623,dfine_native,156383.0,unknown_object,0.4071,102.99,364.91,172.98,500.24,9471.7,69.99,135.32,0.517,False,,True,S-61,41,evt_S-61_desk_work_surface_0008,10f4138e905a317a,pose_hand_context,,29343.7,3.74,,1,cam12/e1/v1,rtmpose_baseline
corpus_03,03.CCTV Mobile Usage.mkv,632de9ed55947761d56d4c6142a3cb1a1fe69d0b1a6d0e01a2e404c697962623,dfine_native,156383.0,unknown_object,0.3823,167.65,353.84,202.31,384.64,1067.9,34.67,30.81,1.125,False,,True,S-61,41,evt_S-61_desk_work_surface_0008,10f4138e905a317a,pose_hand_context,,29343.7,3.74,,1,cam12/e1/v1,rtmpose_baseline
corpus_03,03.CCTV Mobile Usage.mkv,632de9ed55947761d56d4c6142a3cb1a1fe69d0b1a6d0e01a2e404c697962623,dfine_native,156383.0,unknown_object,0.2851,102.96,355.22,208.2,500.88,15329.1,105.24,145.66,0.723,False,,True,S-61,41,evt_S-61_desk_work_surface_0008,10f4138e905a317a,pose_hand_context,,29343.7,3.74,,1,cam12/e1/v1,rtmpose_baseline
corpus_03,03.CCTV Mobile Usage.mkv,632de9ed55947761d56d4c6142a3cb1a1fe69d0b1a6d0e01a2e404c697962623,dfine_native,156383.0,unknown_object,0.3929,102.95,330.37,172.49,500.45,11828.8,69.55,170.08,0.409,False,,True,S-61,41,evt_S-61_desk_work_surface_0008,10f4138e905a317a,pose_hand_context,,29343.7,3.74,,1,cam12/e1/v1,rtmpose_baseline
corpus_03,03.CCTV Mobile Usage.mkv,632de9ed55947761d56d4c6142a3cb1a1fe69d0b1a6d0e01a2e404c697962623,dfine_native,156383.0,unknown_object,0.327,103.0,354.45,275.03,501.2,25246.1,172.04,146.75,1.172,False,,True,S-61,41,evt_S-61_desk_work_surface_0008,10f4138e905a317a,pose_hand_context,,29343.7,3.74,,1,cam12/e1/v1,rtmpose_baseline
corpus_03,03.CCTV Mobile Usage.mkv,632de9ed55947761d56d4c6142a3cb1a1fe69d0b1a6d0e01a2e404c697962623,dfine_native,156383.0,unknown_object,0.2877,103.04,419.0,174.41,501.14,5862.8,71.37,82.15,0.869,False,,True,S-61,41,evt_S-61_desk_work_surface_0008,10f4138e905a317a,pose_hand_context,,29343.7,3.74,,1,cam12/e1/v1,rtmpose_baseline
corpus_03,03.CCTV Mobile Usage.mkv,632de9ed55947761d56d4c6142a3cb1a1fe69d0b1a6d0e01a2e404c697962623,dfine_native,156383.0,unknown_object,0.3433,167.24,353.82,208.75,418.38,2679.3,41.5,64.55,0.643,False,,True,S-61,41,evt_S-61_desk_work_surface_0008,10f4138e905a317a,pose_hand_context,,29343.7,3.74,,1,cam12/e1/v1,rtmpose_baseline
corpus_03,03.CCTV Mobile Usage.mkv,632de9ed55947761d56d4c6142a3cb1a1fe69d0b1a6d0e01a2e404c697962623,dfine_native,157383.0,unknown_object,0.4262,153.94,493.48,207.43,568.9,4034.5,53.49,75.42,0.709,False,,True,S-61,41,evt_S-61_desk_work_surface_0008,eca9a6c02819dd2d,pose_hand_context,,38919.4,3.24,,1,cam12/e1/v1,rtmpose_baseline
corpus_03,03.CCTV Mobile Usage.mkv,632de9ed55947761d56d4c6142a3cb1a1fe69d0b1a6d0e01a2e404c697962623,dfine_native,158383.0,unknown_object,0.3564,117.07,406.46,342.8,631.11,50710.7,225.74,224.65,1.005,False,,True,S-61,41,evt_S-61_desk_work_surface_0008,fceae00cd1315882,pose_hand_context,,51266.0,2.83,,1,cam12/e1/v1,rtmpose_baseline
corpus_03,03.CCTV Mobile Usage.mkv,632de9ed55947761d56d4c6142a3cb1a1fe69d0b1a6d0e01a2e404c697962623,dfine_native,158383.0,unknown_object,0.2984,117.2,456.02,195.04,526.24,5466.0,77.84,70.22,1.108,False,,True,S-61,41,evt_S-61_desk_work_surface_0008,fceae00cd1315882,pose_hand_context,,51266.0,2.83,,1,cam12/e1/v1,rtmpose_baseline
corpus_03,03.CCTV Mobile Usage.mkv,632de9ed55947761d56d4c6142a3cb1a1fe69d0b1a6d0e01a2e404c697962623,dfine_native,158383.0,unknown_object,0.3195,117.03,455.86,247.7,631.11,22898.5,130.66,175.25,0.746,False,,True,S-61,41,evt_S-61_desk_work_surface_0008,fceae00cd1315882,pose_hand_context,,51266.0,2.83,,1,cam12/e1/v1,rtmpose_baseline
corpus_03,03.CCTV Mobile Usage.mkv,632de9ed55947761d56d4c6142a3cb1a1fe69d0b1a6d0e01a2e404c697962623,dfine_native,158383.0,unknown_object,0.3572,117.15,406.37,249.56,631.11,29760.0,132.42,224.74,0.589,False,,True,S-61,41,evt_S-61_desk_work_surface_0008,fceae00cd1315882,pose_hand_context,,51266.0,2.83,,1,cam12/e1/v1,rtmpose_baseline
corpus_03,03.CCTV Mobile Usage.mkv,632de9ed55947761d56d4c6142a3cb1a1fe69d0b1a6d0e01a2e404c697962623,dfine_native,159067.0,unknown_object,0.4115,70.55,344.3,192.76,496.89,18648.6,122.21,152.59,0.801,False,,True,S-61,41,evt_S-61_desk_work_surface_0009,082f9fd43fb18bb2,pose_hand_context,,31046.4,3.63,,1,cam12/e1/v1,rtmpose_baseline
corpus_03,03.CCTV Mobile Usage.mkv,632de9ed55947761d56d4c6142a3cb1a1fe69d0b1a6d0e01a2e404c697962623,dfine_native,159067.0,unknown_object,0.3424,68.85,344.34,193.2,455.08,13769.9,124.35,110.74,1.123,False,,True,S-61,41,evt_S-61_desk_work_surface_0009,082f9fd43fb18bb2,pose_hand_context,,31046.4,3.63,,1,cam12/e1/v1,rtmpose_baseline
corpus_03,03.CCTV Mobile Usage.mkv,632de9ed55947761d56d4c6142a3cb1a1fe69d0b1a6d0e01a2e404c697962623,dfine_native,159067.0,unknown_object,0.294,105.71,345.07,193.59,492.54,12959.5,87.88,147.47,0.596,False,,True,S-61,41,evt_S-61_desk_work_surface_0009,082f9fd43fb18bb2,pose_hand_context,,31046.4,3.63,,1,cam12/e1/v1,rtmpose_baseline
corpus_03,03.CCTV Mobile Usage.mkv,632de9ed55947761d56d4c6142a3cb1a1fe69d0b1a6d0e01a2e404c697962623,dfine_native,159067.0,unknown_object,0.393,66.37,344.27,192.58,501.46,19839.2,126.21,157.19,0.803,False,,True,S-61,41,evt_S-61_desk_work_surface_0009,082f9fd43fb18bb2,pose_hand_context,,31046.4,3.63,,1,cam12/e1/v1,rtmpose_baseline
corpus_03,03.CCTV Mobile Usage.mkv,632de9ed55947761d56d4c6142a3cb1a1fe69d0b1a6d0e01a2e404c697962623,dfine_native,159067.0,unknown_object,0.2929,66.16,344.29,191.69,513.48,21239.0,125.53,169.19,0.742,False,,True,S-61,41,evt_S-61_desk_work_surface_0009,082f9fd43fb18bb2,pose_hand_context,,31046.4,3.63,,1,cam12/e1/v1,rtmpose_baseline
corpus_03,03.CCTV Mobile Usage.mkv,632de9ed55947761d56d4c6142a3cb1a1fe69d0b1a6d0e01a2e404c697962623,dfine_native,159067.0,unknown_object,0.255,80.91,344.61,191.92,500.54,17310.1,111.01,155.94,0.712,False,,True,S-61,41,evt_S-61_desk_work_surface_0009,082f9fd43fb18bb2,pose_hand_context,,31046.4,3.63,,1,cam12/e1/v1,rtmpose_baseline
corpus_03,03.CCTV Mobile Usage.mkv,632de9ed55947761d56d4c6142a3cb1a1fe69d0b1a6d0e01a2e404c697962623,dfine_native,159383.0,unknown_object,0.4726,104.07,427.48,284.87,605.4,32168.1,180.8,177.92,1.016,False,,True,S-61,41,evt_S-61_desk_work_surface_0008,ccfbf889b0025c53,pose_hand_context,,32515.3,3.55,,1,cam12/e1/v1,rtmpose_baseline
corpus_03,03.CCTV Mobile Usage.mkv,632de9ed55947761d56d4c6142a3cb1a1fe69d0b1a6d0e01a2e404c697962623,dfine_native,159383.0,unknown_object,0.4125,104.09,428.06,221.47,605.25,20797.8,117.38,177.19,0.662,False,,True,S-61,41,evt_S-61_desk_work_surface_0008,ccfbf889b0025c53,pose_hand_context,,32515.3,3.55,,1,cam12/e1/v1,rtmpose_baseline
corpus_03,03.CCTV Mobile Usage.mkv,632de9ed55947761d56d4c6142a3cb1a1fe69d0b1a6d0e01a2e404c697962623,dfine_native,159383.0,unknown_object,0.3635,104.03,497.02,220.51,605.3,12612.2,116.48,108.27,1.076,False,,True,S-61,41,evt_S-61_desk_work_surface_0008,ccfbf889b0025c53,pose_hand_context,,32515.3,3.55,,1,cam12/e1/v1,rtmpose_baseline
corpus_03,03.CCTV Mobile Usage.mkv,632de9ed55947761d56d4c6142a3cb1a1fe69d0b1a6d0e01a2e404c697962623,dfine_native,159383.0,unknown_object,0.4137,139.39,446.73,181.27,484.25,1571.8,41.89,37.53,1.116,False,,True,S-61,41,evt_S-61_desk_work_surface_0008,ccfbf889b0025c53,pose_hand_context,,32515.3,3.55,,1,cam12/e1/v1,rtmpose_baseline
corpus_03,03.CCTV Mobile Usage.mkv,632de9ed55947761d56d4c6142a3cb1a1fe69d0b1a6d0e01a2e404c697962623,dfine_native,159383.0,unknown_object,0.3398,104.05,497.53,284.62,605.35,19470.1,180.57,107.82,1.675,False,,True,S-61,41,evt_S-61_desk_work_surface_0008,ccfbf889b0025c53,pose_hand_context,,32515.3,3.55,,1,cam12/e1/v1,rtmpose_baseline
corpus_03,03.CCTV Mobile Usage.mkv,632de9ed55947761d56d4c6142a3cb1a1fe69d0b1a6d0e01a2e404c697962623,dfine_native,159383.0,unknown_object,0.2872,196.86,568.49,284.88,605.68,3273.0,88.02,37.18,2.367,False,,True,S-61,41,evt_S-61_desk_work_surface_0008,ccfbf889b0025c53,pose_hand_context,,32515.3,3.55,,1,cam12/e1/v1,rtmpose_baseline
corpus_03,03.CCTV Mobile Usage.mkv,632de9ed55947761d56d4c6142a3cb1a1fe69d0b1a6d0e01a2e404c697962623,dfine_native,159383.0,unknown_object,0.2799,104.04,452.22,284.83,605.25,27666.4,180.79,153.03,1.181,False,,True,S-61,41,evt_S-61_desk_work_surface_0008,ccfbf889b0025c53,pose_hand_context,,32515.3,3.55,,1,cam12/e1/v1,rtmpose_baseline
corpus_03,03.CCTV Mobile Usage.mkv,632de9ed55947761d56d4c6142a3cb1a1fe69d0b1a6d0e01a2e404c697962623,dfine_native,160067.0,bag,0.3601,75.65,382.86,160.15,438.1,4667.5,84.5,55.24,1.53,False,,True,S-61,41,evt_S-61_desk_work_surface_0009,caa78e1300eab2f7,pose_hand_context,,33841.3,3.48,,1,cam12/e1/v1,rtmpose_baseline
corpus_03,03.CCTV Mobile Usage.mkv,632de9ed55947761d56d4c6142a3cb1a1fe69d0b1a6d0e01a2e404c697962623,dfine_native,160067.0,unknown_object,0.5074,110.49,454.38,157.59,497.71,2040.4,47.1,43.32,1.087,False,,True,S-61,41,evt_S-61_desk_work_surface_0009,caa78e1300eab2f7,pose_hand_context,,33841.3,3.48,,1,cam12/e1/v1,rtmpose_baseline
corpus_03,03.CCTV Mobile Usage.mkv,632de9ed55947761d56d4c6142a3cb1a1fe69d0b1a6d0e01a2e404c697962623,dfine_native,160067.0,unknown_object,0.5226,101.76,431.2,158.04,498.18,3769.5,56.28,66.98,0.84,False,,True,S-61,41,evt_S-61_desk_work_surface_0009,caa78e1300eab2f7,pose_hand_context,,33841.3,3.48,,1,cam12/e1/v1,rtmpose_baseline
corpus_03,03.CCTV Mobile Usage.mkv,632de9ed55947761d56d4c6142a3cb1a1fe69d0b1a6d0e01a2e404c697962623,dfine_native,160067.0,unknown_object,0.3202,63.02,452.64,103.17,508.31,2235.0,40.15,55.67,0.721,False,,True,S-61,41,evt_S-61_desk_work_surface_0009,caa78e1300eab2f7,pose_hand_context,,33841.3,3.48,,1,cam12/e1/v1,rtmpose_baseline
corpus_03,03.CCTV Mobile Usage.mkv,632de9ed55947761d56d4c6142a3cb1a1fe69d0b1a6d0e01a2e404c697962623,dfine_native,160067.0,unknown_object,0.4339,63.0,452.99,101.22,502.14,1878.4,38.21,49.16,0.777,False,,True,S-61,41,evt_S-61_desk_work_surface_0009,caa78e1300eab2f7,pose_hand_context,,33841.3,3.48,,1,cam12/e1/v1,rtmpose_baseline
corpus_03,03.CCTV Mobile Usage.mkv,632de9ed55947761d56d4c6142a3cb1a1fe69d0b1a6d0e01a2e404c697962623,dfine_native,160067.0,unknown_object,0.3027,101.58,430.75,181.89,498.6,5449.1,80.31,67.85,1.184,False,,True,S-61,41,evt_S-61_desk_work_surface_0009,caa78e1300eab2f7,pose_hand_context,,33841.3,3.48,,1,cam12/e1/v1,rtmpose_baseline
corpus_03,03.CCTV Mobile Usage.mkv,632de9ed55947761d56d4c6142a3cb1a1fe69d0b1a6d0e01a2e404c697962623,dfine_native,160067.0,unknown_object,0.2782,62.85,450.58,132.13,508.53,4015.0,69.29,57.95,1.196,False,,True,S-61,41,evt_S-61_desk_work_surface_0009,caa78e1300eab2f7,pose_hand_context,,33841.3,3.48,,1,cam12/e1/v1,rtmpose_baseline
corpus_03,03.CCTV Mobile Usage.mkv,632de9ed55947761d56d4c6142a3cb1a1fe69d0b1a6d0e01a2e404c697962623,dfine_native,160067.0,unknown_object,0.2965,101.31,425.68,181.97,498.57,5879.0,80.66,72.88,1.107,False,,True,S-61,41,evt_S-61_desk_work_surface_0009,caa78e1300eab2f7,pose_hand_context,,33841.3,3.48,,1,cam12/e1/v1,rtmpose_baseline
corpus_03,03.CCTV Mobile Usage.mkv,632de9ed55947761d56d4c6142a3cb1a1fe69d0b1a6d0e01a2e404c697962623,dfine_native,160383.0,unknown_object,0.4899,145.17,447.7,184.18,478.42,1198.3,39.01,30.72,1.27,False,,True,S-61,41,evt_S-61_desk_work_surface_0008,6eb381d66ec56f06,pose_hand_context,,42074.2,3.12,,1,cam12/e1/v1,rtmpose_baseline
corpus_03,03.CCTV Mobile Usage.mkv,632de9ed55947761d56d4c6142a3cb1a1fe69d0b1a6d0e01a2e404c697962623,dfine_native,160383.0,bag,0.4048,73.4,381.22,162.32,428.84,4235.4,88.93,47.63,1.867,False,,True,S-61,41,evt_S-61_desk_work_surface_0008,6eb381d66ec56f06,pose_hand_context,,42074.2,3.12,,1,cam12/e1/v1,rtmpose_baseline
corpus_03,03.CCTV Mobile Usage.mkv,632de9ed55947761d56d4c6142a3cb1a1fe69d0b1a6d0e01a2e404c697962623,dfine_native,160383.0,bag,0.3372,72.62,368.09,163.0,428.83,5489.9,90.38,60.74,1.488,False,,True,S-61,41,evt_S-61_desk_work_surface_0008,6eb381d66ec56f06,pose_hand_context,,42074.2,3.12,,1,cam12/e1/v1,rtmpose_baseline
corpus_03,03.CCTV Mobile Usage.mkv,632de9ed55947761d56d4c6142a3cb1a1fe69d0b1a6d0e01a2e404c697962623,dfine_native,160383.0,unknown_object,0.2501,83.29,424.82,131.8,507.6,4015.8,48.51,82.78,0.586,False,,True,S-61,41,evt_S-61_desk_work_surface_0008,6eb381d66ec56f06,pose_hand_context,,42074.2,3.12,,1,cam12/e1/v1,rtmpose_baseline
corpus_03,03.CCTV Mobile Usage.mkv,632de9ed55947761d56d4c6142a3cb1a1fe69d0b1a6d0e01a2e404c697962623,dfine_native,160383.0,bag,0.323,72.1,367.51,171.94,429.05,6145.0,99.85,61.54,1.622,False,,True,S-61,41,evt_S-61_desk_work_surface_0008,6eb381d66ec56f06,pose_hand_context,,42074.2,3.12,,1,cam12/e1/v1,rtmpose_baseline
corpus_03,03.CCTV Mobile Usage.mkv,632de9ed55947761d56d4c6142a3cb1a1fe69d0b1a6d0e01a2e404c697962623,dfine_native,160383.0,unknown_object,0.2822,53.0,421.68,174.52,532.39,13452.4,121.51,110.71,1.098,False,,True,S-61,41,evt_S-61_desk_work_surface_0008,6eb381d66ec56f06,pose_hand_context,,42074.2,3.12,,1,cam12/e1/v1,rtmpose_baseline
corpus_03,03.CCTV Mobile Usage.mkv,632de9ed55947761d56d4c6142a3cb1a1fe69d0b1a6d0e01a2e404c697962623,dfine_native,161067.0,phone,0.43,42.04,443.57,71.72,470.87,810.3,29.68,27.3,1.087,False,,True,S-61,41,evt_S-61_desk_work_surface_0009,ddae060e7fec4511,pose_hand_context,,57484.9,2.67,,1,cam12/e1/v1,rtmpose_baseline
corpus_03,03.CCTV Mobile Usage.mkv,632de9ed55947761d56d4c6142a3cb1a1fe69d0b1a6d0e01a2e404c697962623,dfine_native,161067.0,bag,0.3994,78.34,382.57,152.58,459.08,5679.8,74.24,76.51,0.97,False,,True,S-61,41,evt_S-61_desk_work_surface_0009,ddae060e7fec4511,pose_hand_context,,57484.9,2.67,,1,cam12/e1/v1,rtmpose_baseline
corpus_03,03.CCTV Mobile Usage.mkv,632de9ed55947761d56d4c6142a3cb1a1fe69d0b1a6d0e01a2e404c697962623,dfine_native,161067.0,bag,0.3327,73.93,341.33,165.89,459.16,10835.7,91.96,117.83,0.78,False,,True,S-61,41,evt_S-61_desk_work_surface_0009,ddae060e7fec4511,pose_hand_context,,57484.9,2.67,,1,cam12/e1/v1,rtmpose_baseline
corpus_03,03.CCTV Mobile Usage.mkv,632de9ed55947761d56d4c6142a3cb1a1fe69d0b1a6d0e01a2e404c697962623,dfine_native,161067.0,stationery,0.3364,144.74,503.5,185.58,522.34,769.6,40.84,18.84,2.167,False,,True,S-61,41,evt_S-61_desk_work_surface_0009,ddae060e7fec4511,pose_hand_context,,57484.9,2.67,,1,cam12/e1/v1,rtmpose_baseline
corpus_03,03.CCTV Mobile Usage.mkv,632de9ed55947761d56d4c6142a3cb1a1fe69d0b1a6d0e01a2e404c697962623,dfine_native,161067.0,stationery,0.2764,42.01,451.71,199.72,579.66,20178.9,157.71,127.95,1.233,False,,True,S-61,41,evt_S-61_desk_work_surface_0009,ddae060e7fec4511,pose_hand_context,,57484.9,2.67,,1,cam12/e1/v1,rtmpose_baseline
corpus_03,03.CCTV Mobile Usage.mkv,632de9ed55947761d56d4c6142a3cb1a1fe69d0b1a6d0e01a2e404c697962623,dfine_native,161067.0,stationery,0.3356,42.14,491.14,198.06,579.99,13853.9,155.93,88.85,1.755,False,,True,S-61,41,evt_S-61_desk_work_surface_0009,ddae060e7fec4511,pose_hand_context,,57484.9,2.67,,1,cam12/e1/v1,rtmpose_baseline
corpus_03,03.CCTV Mobile Usage.mkv,632de9ed55947761d56d4c6142a3cb1a1fe69d0b1a6d0e01a2e404c697962623,dfine_native,161067.0,bag,0.2574,42.69,341.23,156.08,459.11,13365.9,113.39,117.88,0.962,False,,True,S-61,41,evt_S-61_desk_work_surface_0009,ddae060e7fec4511,pose_hand_context,,57484.9,2.67,,1,cam12/e1/v1,rtmpose_baseline
corpus_03,03.CCTV Mobile Usage.mkv,632de9ed55947761d56d4c6142a3cb1a1fe69d0b1a6d0e01a2e404c697962623,dfine_native,161067.0,bag,0.2615,59.83,341.39,151.26,458.94,10748.3,91.43,117.55,0.778,False,,True,S-61,41,evt_S-61_desk_work_surface_0009,ddae060e7fec4511,pose_hand_context,,57484.9,2.67,,1,cam12/e1/v1,rtmpose_baseline
corpus_03,03.CCTV Mobile Usage.mkv,632de9ed55947761d56d4c6142a3cb1a1fe69d0b1a6d0e01a2e404c697962623,dfine_native,161067.0,stationery,0.2552,42.12,435.18,80.99,471.2,1400.2,38.87,36.02,1.079,False,,True,S-61,41,evt_S-61_desk_work_surface_0009,ddae060e7fec4511,pose_hand_context,,57484.9,2.67,,1,cam12/e1/v1,rtmpose_baseline
corpus_03,03.CCTV Mobile Usage.mkv,632de9ed55947761d56d4c6142a3cb1a1fe69d0b1a6d0e01a2e404c697962623,dfine_native,161067.0,stationery,0.2745,145.44,503.84,185.54,519.0,607.9,40.1,15.16,2.645,False,,True,S-61,41,evt_S-61_desk_work_surface_0009,ddae060e7fec4511,pose_hand_context,,57484.9,2.67,,1,cam12/e1/v1,rtmpose_baseline
corpus_03,03.CCTV Mobile Usage.mkv,632de9ed55947761d56d4c6142a3cb1a1fe69d0b1a6d0e01a2e404c697962623,dfine_native,162067.0,unknown_object,0.5094,62.08,404.77,192.07,524.57,15573.2,129.99,119.8,1.085,False,,True,S-61,41,evt_S-61_desk_work_surface_0009,6b22d0f8c4e103be,pose_hand_context,,34566.2,3.44,,1,cam12/e1/v1,rtmpose_baseline
corpus_03,03.CCTV Mobile Usage.mkv,632de9ed55947761d56d4c6142a3cb1a1fe69d0b1a6d0e01a2e404c697962623,dfine_native,162067.0,unknown_object,0.363,62.03,382.03,192.4,524.67,18596.8,130.38,142.64,0.914,False,,True,S-61,41,evt_S-61_desk_work_surface_0009,6b22d0f8c4e103be,pose_hand_context,,34566.2,3.44,,1,cam12/e1/v1,rtmpose_baseline
corpus_03,03.CCTV Mobile Usage.mkv,632de9ed55947761d56d4c6142a3cb1a1fe69d0b1a6d0e01a2e404c697962623,dfine_native,162067.0,unknown_object,0.3298,62.07,456.97,191.68,524.91,8805.2,129.61,67.94,1.908,False,,True,S-61,41,evt_S-61_desk_work_surface_0009,6b22d0f8c4e103be,pose_hand_context,,34566.2,3.44,,1,cam12/e1/v1,rtmpose_baseline
corpus_03,03.CCTV Mobile Usage.mkv,632de9ed55947761d56d4c6142a3cb1a1fe69d0b1a6d0e01a2e404c697962623,dfine_native,162067.0,unknown_object,0.3447,62.12,359.03,192.28,524.63,21554.9,130.16,165.6,0.786,False,,True,S-61,41,evt_S-61_desk_work_surface_0009,6b22d0f8c4e103be,pose_hand_context,,34566.2,3.44,,1,cam12/e1/v1,rtmpose_baseline
corpus_03,03.CCTV Mobile Usage.mkv,632de9ed55947761d56d4c6142a3cb1a1fe69d0b1a6d0e01a2e404c697962623,dfine_native,162067.0,unknown_object,0.4157,62.05,341.38,192.45,524.7,23906.3,130.4,183.33,0.711,False,,True,S-61,41,evt_S-61_desk_work_surface_0009,6b22d0f8c4e103be,pose_hand_context,,34566.2,3.44,,1,cam12/e1/v1,rtmpose_baseline
corpus_03,03.CCTV Mobile Usage.mkv,632de9ed55947761d56d4c6142a3cb1a1fe69d0b1a6d0e01a2e404c697962623,dfine_native,162067.0,unknown_object,0.3135,62.06,340.81,206.86,524.83,26646.4,144.8,184.02,0.787,False,,True,S-61,41,evt_S-61_desk_work_surface_0009,6b22d0f8c4e103be,pose_hand_context,,34566.2,3.44,,1,cam12/e1/v1,rtmpose_baseline
corpus_03,03.CCTV Mobile Usage.mkv,632de9ed55947761d56d4c6142a3cb1a1fe69d0b1a6d0e01a2e404c697962623,dfine_native,163067.0,stationery,0.6441,108.5,469.82,161.29,498.02,1489.0,52.8,28.2,1.872,False,,True,S-61,41,evt_S-61_desk_work_surface_0009,02e5b799b1f5ee2b,pose_hand_context,,27615.8,3.85,,1,cam12/e1/v1,rtmpose_baseline
corpus_03,03.CCTV Mobile Usage.mkv,632de9ed55947761d56d4c6142a3cb1a1fe69d0b1a6d0e01a2e404c697962623,dfine_native,163067.0,unknown_object,0.5303,68.14,423.34,233.22,588.39,27246.2,165.08,165.05,1.0,False,,True,S-61,41,evt_S-61_desk_work_surface_0009,02e5b799b1f5ee2b,pose_hand_context,,27615.8,3.85,,1,cam12/e1/v1,rtmpose_baseline
corpus_03,03.CCTV Mobile Usage.mkv,632de9ed55947761d56d4c6142a3cb1a1fe69d0b1a6d0e01a2e404c697962623,dfine_native,163067.0,unknown_object,0.3027,68.08,495.73,211.13,588.5,13270.1,143.05,92.76,1.542,False,,True,S-61,41,evt_S-61_desk_work_surface_0009,02e5b799b1f5ee2b,pose_hand_context,,27615.8,3.85,,1,cam12/e1/v1,rtmpose_baseline
corpus_03,03.CCTV Mobile Usage.mkv,632de9ed55947761d56d4c6142a3cb1a1fe69d0b1a6d0e01a2e404c697962623,dfine_native,163067.0,unknown_object,0.3982,68.17,432.14,213.92,588.29,22758.5,145.75,156.15,0.933,False,,True,S-61,41,evt_S-61_desk_work_surface_0009,02e5b799b1f5ee2b,pose_hand_context,,27615.8,3.85,,1,cam12/e1/v1,rtmpose_baseline
corpus_03,03.CCTV Mobile Usage.mkv,632de9ed55947761d56d4c6142a3cb1a1fe69d0b1a6d0e01a2e404c697962623,dfine_native,163067.0,unknown_object,0.4958,68.11,423.46,210.17,588.26,23410.4,142.06,164.79,0.862,False,,True,S-61,41,evt_S-61_desk_work_surface_0009,02e5b799b1f5ee2b,pose_hand_context,,27615.8,3.85,,1,cam12/e1/v1,rtmpose_baseline
corpus_03,03.CCTV Mobile Usage.mkv,632de9ed55947761d56d4c6142a3cb1a1fe69d0b1a6d0e01a2e404c697962623,dfine_native,163067.0,stationery,0.2749,108.54,469.96,155.45,483.21,621.6,46.91,13.25,3.539,False,,True,S-61,41,evt_S-61_desk_work_surface_0009,02e5b799b1f5ee2b,pose_hand_context,,27615.8,3.85,,1,cam12/e1/v1,rtmpose_baseline
corpus_03,03.CCTV Mobile Usage.mkv,632de9ed55947761d56d4c6142a3cb1a1fe69d0b1a6d0e01a2e404c697962623,dfine_native,163067.0,stationery,0.3475,68.04,470.19,161.22,499.17,2700.4,93.18,28.98,3.215,False,,True,S-61,41,evt_S-61_desk_work_surface_0009,02e5b799b1f5ee2b,pose_hand_context,,27615.8,3.85,,1,cam12/e1/v1,rtmpose_baseline
corpus_03,03.CCTV Mobile Usage.mkv,632de9ed55947761d56d4c6142a3cb1a1fe69d0b1a6d0e01a2e404c697962623,dfine_native,164067.0,unknown_object,0.2546,50.01,488.7,182.79,553.64,8622.4,132.78,64.94,2.045,False,,True,S-61,41,evt_S-61_desk_work_surface_0009,b97de9aa69e74436,pose_hand_context,,24304.8,4.11,,1,cam12/e1/v1,rtmpose_baseline
corpus_03,03.CCTV Mobile Usage.mkv,632de9ed55947761d56d4c6142a3cb1a1fe69d0b1a6d0e01a2e404c697962623,dfine_native,165067.0,unknown_object,0.3493,57.01,392.37,207.62,542.22,22569.5,150.61,149.85,1.005,False,,True,S-61,41,evt_S-61_desk_work_surface_0009,395543345cad2d74,pose_hand_context,,22807.0,4.24,,1,cam12/e1/v1,rtmpose_baseline
corpus_03,03.CCTV Mobile Usage.mkv,632de9ed55947761d56d4c6142a3cb1a1fe69d0b1a6d0e01a2e404c697962623,dfine_native,165067.0,bag,0.4066,73.99,392.07,176.71,446.99,5642.0,102.73,54.92,1.87,False,,True,S-61,41,evt_S-61_desk_work_surface_0009,395543345cad2d74,pose_hand_context,,22807.0,4.24,,1,cam12/e1/v1,rtmpose_baseline
corpus_03,03.CCTV Mobile Usage.mkv,632de9ed55947761d56d4c6142a3cb1a1fe69d0b1a6d0e01a2e404c697962623,dfine_native,165067.0,stationery,0.3247,56.99,444.05,72.03,469.35,380.5,15.04,25.29,0.595,False,,True,S-61,41,evt_S-61_desk_work_surface_0009,395543345cad2d74,pose_hand_context,,22807.0,4.24,,1,cam12/e1/v1,rtmpose_baseline
corpus_03,03.CCTV Mobile Usage.mkv,632de9ed55947761d56d4c6142a3cb1a1fe69d0b1a6d0e01a2e404c697962623,dfine_native,165067.0,unknown_object,0.2873,82.92,403.78,192.12,507.34,11309.2,109.2,103.57,1.054,False,,True,S-61,41,evt_S-61_desk_work_surface_0009,395543345cad2d74,pose_hand_context,,22807.0,4.24,,1,cam12/e1/v1,rtmpose_baseline
corpus_03,03.CCTV Mobile Usage.mkv,632de9ed55947761d56d4c6142a3cb1a1fe69d0b1a6d0e01a2e404c697962623,dfine_native,165067.0,unknown_object,0.3192,57.15,393.29,174.4,542.28,17468.1,117.24,148.99,0.787,False,,True,S-61,41,evt_S-61_desk_work_surface_0009,395543345cad2d74,pose_hand_context,,22807.0,4.24,,1,cam12/e1/v1,rtmpose_baseline
corpus_03,03.CCTV Mobile Usage.mkv,632de9ed55947761d56d4c6142a3cb1a1fe69d0b1a6d0e01a2e404c697962623,dfine_native,166067.0,unknown_object,0.4431,87.02,374.35,230.93,527.65,22061.8,143.91,153.3,0.939,False,,True,S-61,41,evt_S-61_desk_work_surface_0009,0c7517c98226e31d,pose_hand_context,,25497.7,4.01,,1,cam12/e1/v1,rtmpose_baseline
corpus_03,03.CCTV Mobile Usage.mkv,632de9ed55947761d56d4c6142a3cb1a1fe69d0b1a6d0e01a2e404c697962623,dfine_native,166067.0,unknown_object,0.3414,124.87,467.26,161.61,529.27,2278.1,36.74,62.01,0.593,False,,True,S-61,41,evt_S-61_desk_work_surface_0009,0c7517c98226e31d,pose_hand_context,,25497.7,4.01,,1,cam12/e1/v1,rtmpose_baseline
corpus_03,03.CCTV Mobile Usage.mkv,632de9ed55947761d56d4c6142a3cb1a1fe69d0b1a6d0e01a2e404c697962623,dfine_native,166067.0,unknown_object,0.3043,155.13,494.46,187.37,532.95,1240.9,32.24,38.49,0.838,False,,True,S-61,41,evt_S-61_desk_work_surface_0009,0c7517c98226e31d,pose_hand_context,,25497.7,4.01,,1,cam12/e1/v1,rtmpose_baseline
corpus_03,03.CCTV Mobile Usage.mkv,632de9ed55947761d56d4c6142a3cb1a1fe69d0b1a6d0e01a2e404c697962623,dfine_native,166067.0,unknown_object,0.3474,127.01,467.57,160.75,503.54,1213.7,33.74,35.97,0.938,False,,True,S-61,41,evt_S-61_desk_work_surface_0009,0c7517c98226e31d,pose_hand_context,,25497.7,4.01,,1,cam12/e1/v1,rtmpose_baseline
corpus_03,03.CCTV Mobile Usage.mkv,632de9ed55947761d56d4c6142a3cb1a1fe69d0b1a6d0e01a2e404c697962623,dfine_native,166067.0,unknown_object,0.3034,126.51,467.74,160.5,523.02,1878.6,33.99,55.27,0.615,False,,True,S-61,41,evt_S-61_desk_work_surface_0009,0c7517c98226e31d,pose_hand_context,,25497.7,4.01,,1,cam12/e1/v1,rtmpose_baseline
corpus_03,03.CCTV Mobile Usage.mkv,632de9ed55947761d56d4c6142a3cb1a1fe69d0b1a6d0e01a2e404c697962623,dfine_native,166067.0,unknown_object,0.4044,73.36,374.16,230.9,510.46,21473.4,157.54,136.3,1.156,False,,True,S-61,41,evt_S-61_desk_work_surface_0009,0c7517c98226e31d,pose_hand_context,,25497.7,4.01,,1,cam12/e1/v1,rtmpose_baseline
corpus_03,03.CCTV Mobile Usage.mkv,632de9ed55947761d56d4c6142a3cb1a1fe69d0b1a6d0e01a2e404c697962623,dfine_native,166067.0,unknown_object,0.4232,94.73,374.15,230.95,510.05,18512.1,136.22,135.9,1.002,False,,True,S-61,41,evt_S-61_desk_work_surface_0009,0c7517c98226e31d,pose_hand_context,,25497.7,4.01,,1,cam12/e1/v1,rtmpose_baseline
corpus_03,03.CCTV Mobile Usage.mkv,632de9ed55947761d56d4c6142a3cb1a1fe69d0b1a6d0e01a2e404c697962623,dfine_native,166067.0,unknown_object,0.3393,95.38,374.24,230.95,531.9,21375.6,135.57,157.67,0.86,False,,True,S-61,41,evt_S-61_desk_work_surface_0009,0c7517c98226e31d,pose_hand_context,,25497.7,4.01,,1,cam12/e1/v1,rtmpose_baseline
corpus_03,03.CCTV Mobile Usage.mkv,632de9ed55947761d56d4c6142a3cb1a1fe69d0b1a6d0e01a2e404c697962623,dfine_native,167067.0,unknown_object,0.4806,130.02,464.17,158.46,527.62,1804.2,28.44,63.44,0.448,False,,True,S-61,41,evt_S-61_desk_work_surface_0009,d38e7e1208f0e995,pose_hand_context,,31598.6,3.6,,1,cam12/e1/v1,rtmpose_baseline
corpus_03,03.CCTV Mobile Usage.mkv,632de9ed55947761d56d4c6142a3cb1a1fe69d0b1a6d0e01a2e404c697962623,dfine_native,167067.0,unknown_object,0.5043,130.05,454.35,307.87,631.0,31410.7,177.82,176.65,1.007,False,,True,S-61,41,evt_S-61_desk_work_surface_0009,d38e7e1208f0e995,pose_hand_context,,31598.6,3.6,,1,cam12/e1/v1,rtmpose_baseline
corpus_03,03.CCTV Mobile Usage.mkv,632de9ed55947761d56d4c6142a3cb1a1fe69d0b1a6d0e01a2e404c697962623,dfine_native,167067.0,unknown_object,0.3995,129.98,525.86,242.35,630.76,11786.6,112.36,104.9,1.071,False,,True,S-61,41,evt_S-61_desk_work_surface_0009,d38e7e1208f0e995,pose_hand_context,,31598.6,3.6,,1,cam12/e1/v1,rtmpose_baseline
corpus_03,03.CCTV Mobile Usage.mkv,632de9ed55947761d56d4c6142a3cb1a1fe69d0b1a6d0e01a2e404c697962623,dfine_native,167067.0,unknown_object,0.3929,130.05,464.36,156.3,503.11,1016.9,26.24,38.75,0.677,False,,True,S-61,41,evt_S-61_desk_work_surface_0009,d38e7e1208f0e995,pose_hand_context,,31598.6,3.6,,1,cam12/e1/v1,rtmpose_baseline
corpus_03,03.CCTV Mobile Usage.mkv,632de9ed55947761d56d4c6142a3cb1a1fe69d0b1a6d0e01a2e404c697962623,dfine_native,167067.0,unknown_object,0.2854,130.08,513.74,307.85,631.36,20910.3,177.77,117.62,1.511,False,,True,S-61,41,evt_S-61_desk_work_surface_0009,d38e7e1208f0e995,pose_hand_context,,31598.6,3.6,,1,cam12/e1/v1,rtmpose_baseline
corpus_03,03.CCTV Mobile Usage.mkv,632de9ed55947761d56d4c6142a3cb1a1fe69d0b1a6d0e01a2e404c697962623,dfine_native,167067.0,unknown_object,0.2605,203.44,562.81,307.96,631.2,7148.2,104.51,68.4,1.528,False,,True,S-61,41,evt_S-61_desk_work_surface_0009,d38e7e1208f0e995,pose_hand_context,,31598.6,3.6,,1,cam12/e1/v1,rtmpose_baseline
corpus_03,03.CCTV Mobile Usage.mkv,632de9ed55947761d56d4c6142a3cb1a1fe69d0b1a6d0e01a2e404c697962623,dfine_native,167067.0,unknown_object,0.297,130.07,524.9,307.84,631.33,18919.5,177.77,106.43,1.67,False,,True,S-61,41,evt_S-61_desk_work_surface_0009,d38e7e1208f0e995,pose_hand_context,,31598.6,3.6,,1,cam12/e1/v1,rtmpose_baseline
corpus_03,03.CCTV Mobile Usage.mkv,632de9ed55947761d56d4c6142a3cb1a1fe69d0b1a6d0e01a2e404c697962623,dfine_native,167067.0,unknown_object,0.2505,130.04,464.3,145.96,498.44,543.5,15.92,34.14,0.466,False,,True,S-61,41,evt_S-61_desk_work_surface_0009,d38e7e1208f0e995,pose_hand_context,,31598.6,3.6,,1,cam12/e1/v1,rtmpose_baseline
corpus_03,03.CCTV Mobile Usage.mkv,632de9ed55947761d56d4c6142a3cb1a1fe69d0b1a6d0e01a2e404c697962623,dfine_native,167067.0,unknown_object,0.3167,130.1,461.26,244.02,630.97,19331.6,113.91,169.7,0.671,False,,True,S-61,41,evt_S-61_desk_work_surface_0009,d38e7e1208f0e995,pose_hand_context,,31598.6,3.6,,1,cam12/e1/v1,rtmpose_baseline
corpus_03,03.CCTV Mobile Usage.mkv,632de9ed55947761d56d4c6142a3cb1a1fe69d0b1a6d0e01a2e404c697962623,dfine_native,167067.0,unknown_object,0.3333,130.02,463.76,165.74,531.71,2427.6,35.72,67.96,0.526,False,,True,S-61,41,evt_S-61_desk_work_surface_0009,d38e7e1208f0e995,pose_hand_context,,31598.6,3.6,,1,cam12/e1/v1,rtmpose_baseline
corpus_03,03.CCTV Mobile Usage.mkv,632de9ed55947761d56d4c6142a3cb1a1fe69d0b1a6d0e01a2e404c697962623,dfine_native,168067.0,unknown_object,0.3573,74.27,380.15,176.63,448.12,6958.0,102.36,67.98,1.506,False,,True,S-61,41,evt_S-61_desk_work_surface_0009,072257dc5fed13e5,pose_hand_context,,18884.3,4.66,,1,cam12/e1/v1,rtmpose_baseline
corpus_03,03.CCTV Mobile Usage.mkv,632de9ed55947761d56d4c6142a3cb1a1fe69d0b1a6d0e01a2e404c697962623,dfine_native,168067.0,unknown_object,0.4201,93.92,436.65,207.9,517.07,9167.2,113.99,80.42,1.417,False,,True,S-61,41,evt_S-61_desk_work_surface_0009,072257dc5fed13e5,pose_hand_context,,18884.3,4.66,,1,cam12/e1/v1,rtmpose_baseline
corpus_03,03.CCTV Mobile Usage.mkv,632de9ed55947761d56d4c6142a3cb1a1fe69d0b1a6d0e01a2e404c697962623,dfine_native,168067.0,unknown_object,0.2691,72.25,380.24,177.87,501.87,12846.5,105.62,121.63,0.868,False,,True,S-61,41,evt_S-61_desk_work_surface_0009,072257dc5fed13e5,pose_hand_context,,18884.3,4.66,,1,cam12/e1/v1,rtmpose_baseline
corpus_03,03.CCTV Mobile Usage.mkv,632de9ed55947761d56d4c6142a3cb1a1fe69d0b1a6d0e01a2e404c697962623,dfine_native,169067.0,unknown_object,0.309,70.62,401.1,176.78,455.02,5724.4,106.17,53.92,1.969,False,,True,S-61,41,evt_S-61_desk_work_surface_0009,d7ea696609167034,pose_hand_context,,17297.5,4.87,,1,cam12/e1/v1,rtmpose_baseline
corpus_03,03.CCTV Mobile Usage.mkv,632de9ed55947761d56d4c6142a3cb1a1fe69d0b1a6d0e01a2e404c697962623,dfine_native,169067.0,unknown_object,0.3061,68.87,401.18,178.01,505.61,11397.6,109.14,104.43,1.045,False,,True,S-61,41,evt_S-61_desk_work_surface_0009,d7ea696609167034,pose_hand_context,,17297.5,4.87,,1,cam12/e1/v1,rtmpose_baseline
corpus_03,03.CCTV Mobile Usage.mkv,632de9ed55947761d56d4c6142a3cb1a1fe69d0b1a6d0e01a2e404c697962623,dfine_native,172383.0,unknown_object,0.4143,65.96,502.32,93.48,553.36,1404.4,27.52,51.04,0.539,False,,True,S-61,42,evt_S-61_desk_work_surface_0010,350a73bad131f1b8,pose_hand_context,,25664.0,4.0,,1,cam12/e1/v1,rtmpose_baseline
corpus_03,03.CCTV Mobile Usage.mkv,632de9ed55947761d56d4c6142a3cb1a1fe69d0b1a6d0e01a2e404c697962623,dfine_native,172383.0,bag,0.347,65.99,495.32,195.55,570.48,9738.2,129.56,75.16,1.724,False,,True,S-61,42,evt_S-61_desk_work_surface_0010,350a73bad131f1b8,pose_hand_context,,25664.0,4.0,,1,cam12/e1/v1,rtmpose_baseline
corpus_03,03.CCTV Mobile Usage.mkv,632de9ed55947761d56d4c6142a3cb1a1fe69d0b1a6d0e01a2e404c697962623,dfine_native,172383.0,unknown_object,0.3319,66.04,411.18,225.37,570.52,25387.7,159.33,159.34,1.0,False,,True,S-61,42,evt_S-61_desk_work_surface_0010,350a73bad131f1b8,pose_hand_context,,25664.0,4.0,,1,cam12/e1/v1,rtmpose_baseline
corpus_03,03.CCTV Mobile Usage.mkv,632de9ed55947761d56d4c6142a3cb1a1fe69d0b1a6d0e01a2e404c697962623,dfine_native,172383.0,unknown_object,0.3628,66.08,411.33,200.19,570.17,21302.4,134.12,158.84,0.844,False,,True,S-61,42,evt_S-61_desk_work_surface_0010,350a73bad131f1b8,pose_hand_context,,25664.0,4.0,,1,cam12/e1/v1,rtmpose_baseline
corpus_03,03.CCTV Mobile Usage.mkv,632de9ed55947761d56d4c6142a3cb1a1fe69d0b1a6d0e01a2e404c697962623,dfine_native,173383.0,unknown_object,0.6162,61.67,455.19,102.08,498.1,1733.9,40.41,42.91,0.942,False,,True,S-61,42,evt_S-61_desk_work_surface_0010,7f1684b90a55e8eb,pose_hand_context,,30109.2,3.69,,1,cam12/e1/v1,rtmpose_baseline
corpus_03,03.CCTV Mobile Usage.mkv,632de9ed55947761d56d4c6142a3cb1a1fe69d0b1a6d0e01a2e404c697962623,dfine_native,173383.0,bag,0.4159,71.56,366.11,176.24,447.21,8490.0,104.68,81.1,1.291,False,,True,S-61,42,evt_S-61_desk_work_surface_0010,7f1684b90a55e8eb,pose_hand_context,,30109.2,3.69,,1,cam12/e1/v1,rtmpose_baseline
corpus_03,03.CCTV Mobile Usage.mkv,632de9ed55947761d56d4c6142a3cb1a1fe69d0b1a6d0e01a2e404c697962623,dfine_native,173383.0,unknown_object,0.3822,127.44,472.35,152.95,523.01,1292.7,25.52,50.66,0.504,False,,True,S-61,42,evt_S-61_desk_work_surface_0010,7f1684b90a55e8eb,pose_hand_context,,30109.2,3.69,,1,cam12/e1/v1,rtmpose_baseline
corpus_03,03.CCTV Mobile Usage.mkv,632de9ed55947761d56d4c6142a3cb1a1fe69d0b1a6d0e01a2e404c697962623,dfine_native,173383.0,unknown_object,0.3852,101.71,477.55,129.46,509.67,891.6,27.75,32.13,0.864,False,,True,S-61,42,evt_S-61_desk_work_surface_0010,7f1684b90a55e8eb,pose_hand_context,,30109.2,3.69,,1,cam12/e1/v1,rtmpose_baseline
corpus_03,03.CCTV Mobile Usage.mkv,632de9ed55947761d56d4c6142a3cb1a1fe69d0b1a6d0e01a2e404c697962623,dfine_native,173383.0,unknown_object,0.342,127.54,475.03,168.56,532.6,2361.9,41.03,57.57,0.713,False,,True,S-61,42,evt_S-61_desk_work_surface_0010,7f1684b90a55e8eb,pose_hand_context,,30109.2,3.69,,1,cam12/e1/v1,rtmpose_baseline
corpus_03,03.CCTV Mobile Usage.mkv,632de9ed55947761d56d4c6142a3cb1a1fe69d0b1a6d0e01a2e404c697962623,dfine_native,173383.0,unknown_object,0.2563,60.39,494.7,165.09,537.9,4523.5,104.69,43.21,2.423,False,,True,S-61,42,evt_S-61_desk_work_surface_0010,7f1684b90a55e8eb,pose_hand_context,,30109.2,3.69,,1,cam12/e1/v1,rtmpose_baseline
corpus_03,03.CCTV Mobile Usage.mkv,632de9ed55947761d56d4c6142a3cb1a1fe69d0b1a6d0e01a2e404c697962623,dfine_native,173383.0,unknown_object,0.2562,155.11,496.16,182.05,538.34,1136.1,26.94,42.17,0.639,False,,True,S-61,42,evt_S-61_desk_work_surface_0010,7f1684b90a55e8eb,pose_hand_context,,30109.2,3.69,,1,cam12/e1/v1,rtmpose_baseline
corpus_03,03.CCTV Mobile Usage.mkv,632de9ed55947761d56d4c6142a3cb1a1fe69d0b1a6d0e01a2e404c697962623,dfine_native,173383.0,unknown_object,0.2793,60.18,477.08,182.45,537.7,7411.7,122.27,60.62,2.017,False,,True,S-61,42,evt_S-61_desk_work_surface_0010,7f1684b90a55e8eb,pose_hand_context,,30109.2,3.69,,1,cam12/e1/v1,rtmpose_baseline
corpus_03,03.CCTV Mobile Usage.mkv,632de9ed55947761d56d4c6142a3cb1a1fe69d0b1a6d0e01a2e404c697962623,dfine_native,174383.0,stationery,0.6033,100.99,455.95,161.11,499.73,2632.5,60.12,43.79,1.373,False,,True,S-61,42,evt_S-61_desk_work_surface_0010,4a199a3aa7423197,pose_hand_context,,34373.2,3.45,,1,cam12/e1/v1,rtmpose_baseline
corpus_03,03.CCTV Mobile Usage.mkv,632de9ed55947761d56d4c6142a3cb1a1fe69d0b1a6d0e01a2e404c697962623,dfine_native,174383.0,unknown_object,0.2818,101.0,497.0,229.39,614.33,15064.3,128.39,117.33,1.094,False,,True,S-61,42,evt_S-61_desk_work_surface_0010,4a199a3aa7423197,pose_hand_context,,34373.2,3.45,,1,cam12/e1/v1,rtmpose_baseline
corpus_03,03.CCTV Mobile Usage.mkv,632de9ed55947761d56d4c6142a3cb1a1fe69d0b1a6d0e01a2e404c697962623,dfine_native,174383.0,unknown_object,0.3164,101.0,431.03,231.44,614.22,23893.9,130.43,183.19,0.712,False,,True,S-61,42,evt_S-61_desk_work_surface_0010,4a199a3aa7423197,pose_hand_context,,34373.2,3.45,,1,cam12/e1/v1,rtmpose_baseline
corpus_03,03.CCTV Mobile Usage.mkv,632de9ed55947761d56d4c6142a3cb1a1fe69d0b1a6d0e01a2e404c697962623,dfine_native,175383.0,unknown_object,0.299,105.03,501.54,216.31,598.03,10736.8,111.28,96.48,1.153,False,,True,S-61,42,evt_S-61_desk_work_surface_0010,bc47ca5eb507b04d,pose_hand_context,,32098.3,3.57,,1,cam12/e1/v1,rtmpose_baseline
corpus_03,03.CCTV Mobile Usage.mkv,632de9ed55947761d56d4c6142a3cb1a1fe69d0b1a6d0e01a2e404c697962623,dfine_native,175383.0,unknown_object,0.3883,105.08,420.56,283.64,598.29,31734.7,178.56,177.73,1.005,False,,True,S-61,42,evt_S-61_desk_work_surface_0010,bc47ca5eb507b04d,pose_hand_context,,32098.3,3.57,,1,cam12/e1/v1,rtmpose_baseline
corpus_03,03.CCTV Mobile Usage.mkv,632de9ed55947761d56d4c6142a3cb1a1fe69d0b1a6d0e01a2e404c697962623,dfine_native,175383.0,phone,0.2619,105.03,442.11,159.89,512.8,3877.8,54.86,70.68,0.776,False,,True,S-61,42,evt_S-61_desk_work_surface_0010,bc47ca5eb507b04d,pose_hand_context,,32098.3,3.57,,1,cam12/e1/v1,rtmpose_baseline
corpus_03,03.CCTV Mobile Usage.mkv,632de9ed55947761d56d4c6142a3cb1a1fe69d0b1a6d0e01a2e404c697962623,dfine_native,175383.0,phone,0.2708,127.44,444.9,156.26,487.06,1215.2,28.82,42.16,0.684,False,,True,S-61,42,evt_S-61_desk_work_surface_0010,bc47ca5eb507b04d,pose_hand_context,,32098.3,3.57,,1,cam12/e1/v1,rtmpose_baseline
corpus_03,03.CCTV Mobile Usage.mkv,632de9ed55947761d56d4c6142a3cb1a1fe69d0b1a6d0e01a2e404c697962623,dfine_native,175383.0,monitor_or_bezel,0.3096,104.99,440.42,217.53,598.1,17746.6,112.55,157.68,0.714,False,,True,S-61,42,evt_S-61_desk_work_surface_0010,bc47ca5eb507b04d,pose_hand_context,,32098.3,3.57,,1,cam12/e1/v1,rtmpose_baseline
corpus_03,03.CCTV Mobile Usage.mkv,632de9ed55947761d56d4c6142a3cb1a1fe69d0b1a6d0e01a2e404c697962623,dfine_native,175383.0,unknown_object,0.2775,105.1,501.98,283.62,598.54,17236.5,178.52,96.55,1.849,False,,True,S-61,42,evt_S-61_desk_work_surface_0010,bc47ca5eb507b04d,pose_hand_context,,32098.3,3.57,,1,cam12/e1/v1,rtmpose_baseline
corpus_03,03.CCTV Mobile Usage.mkv,632de9ed55947761d56d4c6142a3cb1a1fe69d0b1a6d0e01a2e404c697962623,dfine_native,176383.0,unknown_object,0.3397,104.99,415.48,286.12,595.99,32694.0,181.12,180.51,1.003,False,,True,S-61,42,evt_S-61_desk_work_surface_0010,f813fba80aad2861,pose_hand_context,,33116.7,3.52,,1,cam12/e1/v1,rtmpose_baseline
corpus_03,03.CCTV Mobile Usage.mkv,632de9ed55947761d56d4c6142a3cb1a1fe69d0b1a6d0e01a2e404c697962623,dfine_native,176383.0,unknown_object,0.2975,104.97,444.34,151.09,511.67,3104.6,46.12,67.32,0.685,False,,True,S-61,42,evt_S-61_desk_work_surface_0010,f813fba80aad2861,pose_hand_context,,33116.7,3.52,,1,cam12/e1/v1,rtmpose_baseline
corpus_03,03.CCTV Mobile Usage.mkv,632de9ed55947761d56d4c6142a3cb1a1fe69d0b1a6d0e01a2e404c697962623,dfine_native,176383.0,phone,0.2885,126.77,444.09,159.84,484.39,1332.5,33.07,40.3,0.821,False,,True,S-61,42,evt_S-61_desk_work_surface_0010,f813fba80aad2861,pose_hand_context,,33116.7,3.52,,1,cam12/e1/v1,rtmpose_baseline
corpus_03,03.CCTV Mobile Usage.mkv,632de9ed55947761d56d4c6142a3cb1a1fe69d0b1a6d0e01a2e404c697962623,dfine_native,176383.0,unknown_object,0.3691,105.04,501.65,215.16,595.95,10384.3,110.12,94.3,1.168,False,,True,S-61,42,evt_S-61_desk_work_surface_0010,f813fba80aad2861,pose_hand_context,,33116.7,3.52,,1,cam12/e1/v1,rtmpose_baseline
corpus_03,03.CCTV Mobile Usage.mkv,632de9ed55947761d56d4c6142a3cb1a1fe69d0b1a6d0e01a2e404c697962623,dfine_native,176383.0,unknown_object,0.3273,105.12,439.12,282.51,596.09,27844.2,177.39,156.96,1.13,False,,True,S-61,42,evt_S-61_desk_work_surface_0010,f813fba80aad2861,pose_hand_context,,33116.7,3.52,,1,cam12/e1/v1,rtmpose_baseline
corpus_03,03.CCTV Mobile Usage.mkv,632de9ed55947761d56d4c6142a3cb1a1fe69d0b1a6d0e01a2e404c697962623,dfine_native,176383.0,unknown_object,0.2749,105.14,416.22,217.31,595.98,20163.5,112.17,179.76,0.624,False,,True,S-61,42,evt_S-61_desk_work_surface_0010,f813fba80aad2861,pose_hand_context,,33116.7,3.52,,1,cam12/e1/v1,rtmpose_baseline
corpus_03,03.CCTV Mobile Usage.mkv,632de9ed55947761d56d4c6142a3cb1a1fe69d0b1a6d0e01a2e404c697962623,dfine_native,176383.0,unknown_object,0.2619,159.1,458.03,186.58,480.39,614.6,27.48,22.37,1.229,False,,True,S-61,42,evt_S-61_desk_work_surface_0010,f813fba80aad2861,pose_hand_context,,33116.7,3.52,,1,cam12/e1/v1,rtmpose_baseline
corpus_03,03.CCTV Mobile Usage.mkv,632de9ed55947761d56d4c6142a3cb1a1fe69d0b1a6d0e01a2e404c697962623,dfine_native,176383.0,unknown_object,0.3295,105.01,439.97,216.33,595.92,17359.5,111.32,155.95,0.714,False,,True,S-61,42,evt_S-61_desk_work_surface_0010,f813fba80aad2861,pose_hand_context,,33116.7,3.52,,1,cam12/e1/v1,rtmpose_baseline
corpus_03,03.CCTV Mobile Usage.mkv,632de9ed55947761d56d4c6142a3cb1a1fe69d0b1a6d0e01a2e404c697962623,dfine_native,176383.0,unknown_object,0.2737,105.16,501.44,283.53,596.48,16953.9,178.37,95.05,1.877,False,,True,S-61,42,evt_S-61_desk_work_surface_0010,f813fba80aad2861,pose_hand_context,,33116.7,3.52,,1,cam12/e1/v1,rtmpose_baseline
corpus_03,03.CCTV Mobile Usage.mkv,632de9ed55947761d56d4c6142a3cb1a1fe69d0b1a6d0e01a2e404c697962623,dfine_native,176383.0,unknown_object,0.2529,105.13,416.11,217.59,595.92,20222.0,112.46,179.82,0.625,False,,True,S-61,42,evt_S-61_desk_work_surface_0010,f813fba80aad2861,pose_hand_context,,33116.7,3.52,,1,cam12/e1/v1,rtmpose_baseline
corpus_03,03.CCTV Mobile Usage.mkv,632de9ed55947761d56d4c6142a3cb1a1fe69d0b1a6d0e01a2e404c697962623,dfine_native,180900.0,stationery,0.5138,39.81,443.75,71.84,470.55,858.4,32.03,26.8,1.195,False,,True,S-61,43,evt_S-61_desk_work_surface_0011,0b9ec7eed2bacf5b,pose_hand_context,,37799.1,3.29,,1,cam12/e1/v1,rtmpose_baseline
corpus_03,03.CCTV Mobile Usage.mkv,632de9ed55947761d56d4c6142a3cb1a1fe69d0b1a6d0e01a2e404c697962623,dfine_native,180900.0,monitor_or_bezel,0.4359,16.02,297.68,108.05,360.19,5752.2,92.03,62.51,1.472,False,,True,S-61,43,evt_S-61_desk_work_surface_0011,0b9ec7eed2bacf5b,pose_hand_context,,37799.1,3.29,,1,cam12/e1/v1,rtmpose_baseline
corpus_03,03.CCTV Mobile Usage.mkv,632de9ed55947761d56d4c6142a3cb1a1fe69d0b1a6d0e01a2e404c697962623,dfine_native,180900.0,monitor_or_bezel,0.5394,70.48,383.93,171.56,452.71,6952.5,101.08,68.78,1.47,False,,True,S-61,43,evt_S-61_desk_work_surface_0011,0b9ec7eed2bacf5b,pose_hand_context,,37799.1,3.29,,1,cam12/e1/v1,rtmpose_baseline
corpus_03,03.CCTV Mobile Usage.mkv,632de9ed55947761d56d4c6142a3cb1a1fe69d0b1a6d0e01a2e404c697962623,dfine_native,180900.0,keyboard,0.2697,42.89,326.12,107.86,358.95,2133.1,64.97,32.83,1.979,False,,True,S-61,43,evt_S-61_desk_work_surface_0011,0b9ec7eed2bacf5b,pose_hand_context,,37799.1,3.29,,1,cam12/e1/v1,rtmpose_baseline
corpus_03,03.CCTV Mobile Usage.mkv,632de9ed55947761d56d4c6142a3cb1a1fe69d0b1a6d0e01a2e404c697962623,dfine_native,180900.0,mouse,0.2986,58.81,379.1,75.68,393.18,237.5,16.87,14.08,1.198,False,,True,S-61,43,evt_S-61_desk_work_surface_0011,0b9ec7eed2bacf5b,pose_hand_context,,37799.1,3.29,,1,cam12/e1/v1,rtmpose_baseline
corpus_03,03.CCTV Mobile Usage.mkv,632de9ed55947761d56d4c6142a3cb1a1fe69d0b1a6d0e01a2e404c697962623,dfine_native,180900.0,unknown_object,0.4759,9.12,279.76,197.43,469.96,35818.4,188.32,190.2,0.99,False,,True,S-61,43,evt_S-61_desk_work_surface_0011,0b9ec7eed2bacf5b,pose_hand_context,,37799.1,3.29,,1,cam12/e1/v1,rtmpose_baseline
corpus_03,03.CCTV Mobile Usage.mkv,632de9ed55947761d56d4c6142a3cb1a1fe69d0b1a6d0e01a2e404c697962623,dfine_native,180900.0,monitor_or_bezel,0.38,60.46,353.1,172.17,452.56,11109.6,111.7,99.46,1.123,False,,True,S-61,43,evt_S-61_desk_work_surface_0011,0b9ec7eed2bacf5b,pose_hand_context,,37799.1,3.29,,1,cam12/e1/v1,rtmpose_baseline
corpus_03,03.CCTV Mobile Usage.mkv,632de9ed55947761d56d4c6142a3cb1a1fe69d0b1a6d0e01a2e404c697962623,dfine_native,180900.0,monitor_or_bezel,0.3249,37.65,302.2,170.7,452.79,20035.9,133.05,150.59,0.884,False,,True,S-61,43,evt_S-61_desk_work_surface_0011,0b9ec7eed2bacf5b,pose_hand_context,,37799.1,3.29,,1,cam12/e1/v1,rtmpose_baseline
corpus_03,03.CCTV Mobile Usage.mkv,632de9ed55947761d56d4c6142a3cb1a1fe69d0b1a6d0e01a2e404c697962623,dfine_native,180900.0,unknown_object,0.2622,9.0,281.48,168.23,469.4,29922.2,159.22,187.93,0.847,False,,True,S-61,43,evt_S-61_desk_work_surface_0011,0b9ec7eed2bacf5b,pose_hand_context,,37799.1,3.29,,1,cam12/e1/v1,rtmpose_baseline
corpus_03,03.CCTV Mobile Usage.mkv,632de9ed55947761d56d4c6142a3cb1a1fe69d0b1a6d0e01a2e404c697962623,dfine_native,180900.0,monitor_or_bezel,0.2599,62.37,378.17,172.75,452.76,8233.2,110.38,74.59,1.48,False,,True,S-61,43,evt_S-61_desk_work_surface_0011,0b9ec7eed2bacf5b,pose_hand_context,,37799.1,3.29,,1,cam12/e1/v1,rtmpose_baseline
corpus_03,03.CCTV Mobile Usage.mkv,632de9ed55947761d56d4c6142a3cb1a1fe69d0b1a6d0e01a2e404c697962623,dfine_native,180900.0,monitor_or_bezel,0.2867,9.39,279.45,107.86,360.31,7961.6,98.47,80.85,1.218,False,,True,S-61,43,evt_S-61_desk_work_surface_0011,0b9ec7eed2bacf5b,pose_hand_context,,37799.1,3.29,,1,cam12/e1/v1,rtmpose_baseline
corpus_03,03.CCTV Mobile Usage.mkv,632de9ed55947761d56d4c6142a3cb1a1fe69d0b1a6d0e01a2e404c697962623,dfine_native,180900.0,unknown_object,0.3092,8.98,285.34,83.26,451.26,12324.5,74.28,165.92,0.448,False,,True,S-61,43,evt_S-61_desk_work_surface_0011,0b9ec7eed2bacf5b,pose_hand_context,,37799.1,3.29,,1,cam12/e1/v1,rtmpose_baseline
corpus_03,03.CCTV Mobile Usage.mkv,632de9ed55947761d56d4c6142a3cb1a1fe69d0b1a6d0e01a2e404c697962623,dfine_native,181900.0,unknown_object,0.2637,102.01,499.93,216.64,598.41,11289.0,114.63,98.48,1.164,False,,True,S-61,43,evt_S-61_desk_work_surface_0011,69c4ad3f30796d74,pose_hand_context,,37581.7,3.3,,1,cam12/e1/v1,rtmpose_baseline
corpus_03,03.CCTV Mobile Usage.mkv,632de9ed55947761d56d4c6142a3cb1a1fe69d0b1a6d0e01a2e404c697962623,dfine_native,181900.0,unknown_object,0.3053,102.04,405.5,295.81,598.35,37370.6,193.77,192.86,1.005,False,,True,S-61,43,evt_S-61_desk_work_surface_0011,69c4ad3f30796d74,pose_hand_context,,37581.7,3.3,,1,cam12/e1/v1,rtmpose_baseline
corpus_03,03.CCTV Mobile Usage.mkv,632de9ed55947761d56d4c6142a3cb1a1fe69d0b1a6d0e01a2e404c697962623,dfine_native,182900.0,unknown_object,0.3822,58.04,358.46,85.74,446.06,2426.9,27.7,87.6,0.316,False,,True,S-61,43,evt_S-61_desk_work_surface_0011,67da8fb03982df7d,pose_hand_context,,44977.9,3.02,,1,cam12/e1/v1,rtmpose_baseline
corpus_03,03.CCTV Mobile Usage.mkv,632de9ed55947761d56d4c6142a3cb1a1fe69d0b1a6d0e01a2e404c697962623,dfine_native,182900.0,phone,0.2805,57.99,443.85,71.92,467.77,333.1,13.93,23.92,0.582,False,,True,S-61,43,evt_S-61_desk_work_surface_0011,67da8fb03982df7d,pose_hand_context,,44977.9,3.02,,1,cam12/e1/v1,rtmpose_baseline
corpus_03,03.CCTV Mobile Usage.mkv,632de9ed55947761d56d4c6142a3cb1a1fe69d0b1a6d0e01a2e404c697962623,dfine_native,182900.0,unknown_object,0.2633,111.44,332.01,198.61,459.82,11140.7,87.17,127.81,0.682,False,,True,S-61,43,evt_S-61_desk_work_surface_0011,67da8fb03982df7d,pose_hand_context,,44977.9,3.02,,1,cam12/e1/v1,rtmpose_baseline
corpus_03,03.CCTV Mobile Usage.mkv,632de9ed55947761d56d4c6142a3cb1a1fe69d0b1a6d0e01a2e404c697962623,dfine_native,182900.0,unknown_object,0.26,125.54,348.78,197.9,458.89,7968.0,72.37,110.11,0.657,False,,True,S-61,43,evt_S-61_desk_work_surface_0011,67da8fb03982df7d,pose_hand_context,,44977.9,3.02,,1,cam12/e1/v1,rtmpose_baseline
corpus_03,03.CCTV Mobile Usage.mkv,632de9ed55947761d56d4c6142a3cb1a1fe69d0b1a6d0e01a2e404c697962623,dfine_native,182900.0,unknown_object,0.3844,57.97,358.5,84.47,408.78,1332.4,26.5,50.28,0.527,False,,True,S-61,43,evt_S-61_desk_work_surface_0011,67da8fb03982df7d,pose_hand_context,,44977.9,3.02,,1,cam12/e1/v1,rtmpose_baseline
corpus_03,03.CCTV Mobile Usage.mkv,632de9ed55947761d56d4c6142a3cb1a1fe69d0b1a6d0e01a2e404c697962623,dfine_native,182900.0,unknown_object,0.2744,58.02,358.02,87.03,471.4,3289.5,29.01,113.38,0.256,False,,True,S-61,43,evt_S-61_desk_work_surface_0011,67da8fb03982df7d,pose_hand_context,,44977.9,3.02,,1,cam12/e1/v1,rtmpose_baseline
corpus_03,03.CCTV Mobile Usage.mkv,632de9ed55947761d56d4c6142a3cb1a1fe69d0b1a6d0e01a2e404c697962623,dfine_native,182900.0,unknown_object,0.2736,58.01,357.73,86.97,476.41,3436.3,28.95,118.69,0.244,False,,True,S-61,43,evt_S-61_desk_work_surface_0011,67da8fb03982df7d,pose_hand_context,,44977.9,3.02,,1,cam12/e1/v1,rtmpose_baseline
corpus_03,03.CCTV Mobile Usage.mkv,632de9ed55947761d56d4c6142a3cb1a1fe69d0b1a6d0e01a2e404c697962623,dfine_native,182900.0,unknown_object,0.3073,112.74,348.21,198.5,459.97,9583.5,85.75,111.76,0.767,False,,True,S-61,43,evt_S-61_desk_work_surface_0011,67da8fb03982df7d,pose_hand_context,,44977.9,3.02,,1,cam12/e1/v1,rtmpose_baseline
corpus_03,03.CCTV Mobile Usage.mkv,632de9ed55947761d56d4c6142a3cb1a1fe69d0b1a6d0e01a2e404c697962623,dfine_native,182900.0,unknown_object,0.2541,58.13,331.44,199.01,457.37,17740.9,140.87,125.93,1.119,False,,True,S-61,43,evt_S-61_desk_work_surface_0011,67da8fb03982df7d,pose_hand_context,,44977.9,3.02,,1,cam12/e1/v1,rtmpose_baseline
corpus_03,03.CCTV Mobile Usage.mkv,632de9ed55947761d56d4c6142a3cb1a1fe69d0b1a6d0e01a2e404c697962623,dfine_native,183900.0,unknown_object,0.5183,133.74,406.27,189.91,466.35,3374.5,56.16,60.08,0.935,False,,True,S-61,43,evt_S-61_desk_work_surface_0011,59b6bfd1e62d29fb,pose_hand_context,,48461.6,2.91,,1,cam12/e1/v1,rtmpose_baseline
corpus_03,03.CCTV Mobile Usage.mkv,632de9ed55947761d56d4c6142a3cb1a1fe69d0b1a6d0e01a2e404c697962623,dfine_native,183900.0,unknown_object,0.5828,74.1,378.8,293.85,597.09,47969.3,219.75,218.29,1.007,False,,True,S-61,43,evt_S-61_desk_work_surface_0011,59b6bfd1e62d29fb,pose_hand_context,,48461.6,2.91,,1,cam12/e1/v1,rtmpose_baseline
corpus_03,03.CCTV Mobile Usage.mkv,632de9ed55947761d56d4c6142a3cb1a1fe69d0b1a6d0e01a2e404c697962623,dfine_native,183900.0,unknown_object,0.3412,134.32,428.09,177.88,464.6,1590.7,43.57,36.51,1.193,False,,True,S-61,43,evt_S-61_desk_work_surface_0011,59b6bfd1e62d29fb,pose_hand_context,,48461.6,2.91,,1,cam12/e1/v1,rtmpose_baseline
corpus_03,03.CCTV Mobile Usage.mkv,632de9ed55947761d56d4c6142a3cb1a1fe69d0b1a6d0e01a2e404c697962623,dfine_native,183900.0,unknown_object,0.3289,133.65,378.23,204.69,465.65,6210.7,71.04,87.42,0.813,False,,True,S-61,43,evt_S-61_desk_work_surface_0011,59b6bfd1e62d29fb,pose_hand_context,,48461.6,2.91,,1,cam12/e1/v1,rtmpose_baseline
corpus_03,03.CCTV Mobile Usage.mkv,632de9ed55947761d56d4c6142a3cb1a1fe69d0b1a6d0e01a2e404c697962623,dfine_native,183900.0,unknown_object,0.4457,126.78,406.26,189.98,476.39,4432.3,63.2,70.13,0.901,False,,True,S-61,43,evt_S-61_desk_work_surface_0011,59b6bfd1e62d29fb,pose_hand_context,,48461.6,2.91,,1,cam12/e1/v1,rtmpose_baseline
corpus_03,03.CCTV Mobile Usage.mkv,632de9ed55947761d56d4c6142a3cb1a1fe69d0b1a6d0e01a2e404c697962623,dfine_native,183900.0,unknown_object,0.2553,74.03,414.93,293.93,597.13,40065.1,219.9,182.2,1.207,False,,True,S-61,43,evt_S-61_desk_work_surface_0011,59b6bfd1e62d29fb,pose_hand_context,,48461.6,2.91,,1,cam12/e1/v1,rtmpose_baseline
corpus_03,03.CCTV Mobile Usage.mkv,632de9ed55947761d56d4c6142a3cb1a1fe69d0b1a6d0e01a2e404c697962623,dfine_native,183900.0,unknown_object,0.277,127.01,378.13,203.31,475.23,7407.9,76.3,97.09,0.786,False,,True,S-61,43,evt_S-61_desk_work_surface_0011,59b6bfd1e62d29fb,pose_hand_context,,48461.6,2.91,,1,cam12/e1/v1,rtmpose_baseline
corpus_03,03.CCTV Mobile Usage.mkv,632de9ed55947761d56d4c6142a3cb1a1fe69d0b1a6d0e01a2e404c697962623,dfine_native,183900.0,unknown_object,0.2577,74.08,469.44,293.83,597.43,28126.8,219.75,127.99,1.717,False,,True,S-61,43,evt_S-61_desk_work_surface_0011,59b6bfd1e62d29fb,pose_hand_context,,48461.6,2.91,,1,cam12/e1/v1,rtmpose_baseline
corpus_03,03.CCTV Mobile Usage.mkv,632de9ed55947761d56d4c6142a3cb1a1fe69d0b1a6d0e01a2e404c697962623,dfine_native,183900.0,unknown_object,0.3389,73.98,379.33,215.81,596.68,30825.7,141.83,217.34,0.653,False,,True,S-61,43,evt_S-61_desk_work_surface_0011,59b6bfd1e62d29fb,pose_hand_context,,48461.6,2.91,,1,cam12/e1/v1,rtmpose_baseline
corpus_03,03.CCTV Mobile Usage.mkv,632de9ed55947761d56d4c6142a3cb1a1fe69d0b1a6d0e01a2e404c697962623,dfine_native,183900.0,unknown_object,0.278,74.28,379.36,285.17,597.05,45907.9,210.89,217.69,0.969,False,,True,S-61,43,evt_S-61_desk_work_surface_0011,59b6bfd1e62d29fb,pose_hand_context,,48461.6,2.91,,1,cam12/e1/v1,rtmpose_baseline
corpus_03,03.CCTV Mobile Usage.mkv,632de9ed55947761d56d4c6142a3cb1a1fe69d0b1a6d0e01a2e404c697962623,dfine_native,183900.0,unknown_object,0.2855,74.08,449.92,293.96,597.32,32408.8,219.88,147.4,1.492,False,,True,S-61,43,evt_S-61_desk_work_surface_0011,59b6bfd1e62d29fb,pose_hand_context,,48461.6,2.91,,1,cam12/e1/v1,rtmpose_baseline
corpus_03,03.CCTV Mobile Usage.mkv,632de9ed55947761d56d4c6142a3cb1a1fe69d0b1a6d0e01a2e404c697962623,dfine_native,184900.0,unknown_object,0.3628,62.05,381.72,207.82,533.18,22080.4,145.78,151.47,0.962,False,,True,S-61,43,evt_S-61_desk_work_surface_0011,7fdfd314c4f1fd2a,pose_hand_context,,41477.4,3.14,,1,cam12/e1/v1,rtmpose_baseline
corpus_03,03.CCTV Mobile Usage.mkv,632de9ed55947761d56d4c6142a3cb1a1fe69d0b1a6d0e01a2e404c697962623,dfine_native,184900.0,unknown_object,0.6187,61.97,335.6,208.19,533.17,28889.0,146.22,197.57,0.74,False,,True,S-61,43,evt_S-61_desk_work_surface_0011,7fdfd314c4f1fd2a,pose_hand_context,,41477.4,3.14,,1,cam12/e1/v1,rtmpose_baseline
corpus_03,03.CCTV Mobile Usage.mkv,632de9ed55947761d56d4c6142a3cb1a1fe69d0b1a6d0e01a2e404c697962623,dfine_native,184900.0,unknown_object,0.372,62.04,452.22,207.41,533.47,11811.0,145.37,81.25,1.789,False,,True,S-61,43,evt_S-61_desk_work_surface_0011,7fdfd314c4f1fd2a,pose_hand_context,,41477.4,3.14,,1,cam12/e1/v1,rtmpose_baseline
corpus_03,03.CCTV Mobile Usage.mkv,632de9ed55947761d56d4c6142a3cb1a1fe69d0b1a6d0e01a2e404c697962623,dfine_native,184900.0,unknown_object,0.3545,61.95,332.59,181.55,456.34,14800.6,119.6,123.75,0.966,False,,True,S-61,43,evt_S-61_desk_work_surface_0011,7fdfd314c4f1fd2a,pose_hand_context,,41477.4,3.14,,1,cam12/e1/v1,rtmpose_baseline
corpus_03,03.CCTV Mobile Usage.mkv,632de9ed55947761d56d4c6142a3cb1a1fe69d0b1a6d0e01a2e404c697962623,dfine_native,184900.0,unknown_object,0.2687,61.98,361.92,83.41,410.07,1032.1,21.44,48.15,0.445,False,,True,S-61,43,evt_S-61_desk_work_surface_0011,7fdfd314c4f1fd2a,pose_hand_context,,41477.4,3.14,,1,cam12/e1/v1,rtmpose_baseline
corpus_03,03.CCTV Mobile Usage.mkv,632de9ed55947761d56d4c6142a3cb1a1fe69d0b1a6d0e01a2e404c697962623,dfine_native,184900.0,unknown_object,0.2855,119.04,390.01,189.23,481.57,6426.9,70.2,91.56,0.767,False,,True,S-61,43,evt_S-61_desk_work_surface_0011,7fdfd314c4f1fd2a,pose_hand_context,,41477.4,3.14,,1,cam12/e1/v1,rtmpose_baseline
corpus_03,03.CCTV Mobile Usage.mkv,632de9ed55947761d56d4c6142a3cb1a1fe69d0b1a6d0e01a2e404c697962623,dfine_native,184900.0,unknown_object,0.3704,62.06,332.45,265.85,533.11,40892.2,203.79,200.66,1.016,False,,True,S-61,43,evt_S-61_desk_work_surface_0011,7fdfd314c4f1fd2a,pose_hand_context,,41477.4,3.14,,1,cam12/e1/v1,rtmpose_baseline
corpus_03,03.CCTV Mobile Usage.mkv,632de9ed55947761d56d4c6142a3cb1a1fe69d0b1a6d0e01a2e404c697962623,dfine_native,184900.0,unknown_object,0.2616,61.99,361.72,85.55,440.02,1844.9,23.56,78.3,0.301,False,,True,S-61,43,evt_S-61_desk_work_surface_0011,7fdfd314c4f1fd2a,pose_hand_context,,41477.4,3.14,,1,cam12/e1/v1,rtmpose_baseline
corpus_03,03.CCTV Mobile Usage.mkv,632de9ed55947761d56d4c6142a3cb1a1fe69d0b1a6d0e01a2e404c697962623,dfine_native,184900.0,unknown_object,0.4289,62.06,360.61,207.82,533.6,25216.5,145.77,172.99,0.843,False,,True,S-61,43,evt_S-61_desk_work_surface_0011,7fdfd314c4f1fd2a,pose_hand_context,,41477.4,3.14,,1,cam12/e1/v1,rtmpose_baseline
corpus_03,03.CCTV Mobile Usage.mkv,632de9ed55947761d56d4c6142a3cb1a1fe69d0b1a6d0e01a2e404c697962623,dfine_native,184900.0,unknown_object,0.2818,62.17,402.28,207.57,533.13,19025.8,145.4,130.85,1.111,False,,True,S-61,43,evt_S-61_desk_work_surface_0011,7fdfd314c4f1fd2a,pose_hand_context,,41477.4,3.14,,1,cam12/e1/v1,rtmpose_baseline
corpus_03,03.CCTV Mobile Usage.mkv,632de9ed55947761d56d4c6142a3cb1a1fe69d0b1a6d0e01a2e404c697962623,dfine_native,185900.0,phone,0.4379,52.01,443.71,71.79,471.6,551.9,19.79,27.89,0.709,False,,True,S-61,43,evt_S-61_desk_work_surface_0011,4e9267c05a309422,pose_hand_context,,50319.5,2.85,,1,cam12/e1/v1,rtmpose_baseline
corpus_03,03.CCTV Mobile Usage.mkv,632de9ed55947761d56d4c6142a3cb1a1fe69d0b1a6d0e01a2e404c697962623,dfine_native,185900.0,bag,0.3836,80.92,383.97,160.24,456.84,5780.0,79.32,72.87,1.089,False,,True,S-61,43,evt_S-61_desk_work_surface_0011,4e9267c05a309422,pose_hand_context,,50319.5,2.85,,1,cam12/e1/v1,rtmpose_baseline
corpus_03,03.CCTV Mobile Usage.mkv,632de9ed55947761d56d4c6142a3cb1a1fe69d0b1a6d0e01a2e404c697962623,dfine_native,185900.0,unknown_object,0.2913,52.0,356.18,85.88,439.11,2809.7,33.88,82.93,0.409,False,,True,S-61,43,evt_S-61_desk_work_surface_0011,4e9267c05a309422,pose_hand_context,,50319.5,2.85,,1,cam12/e1/v1,rtmpose_baseline
corpus_03,03.CCTV Mobile Usage.mkv,632de9ed55947761d56d4c6142a3cb1a1fe69d0b1a6d0e01a2e404c697962623,dfine_native,185900.0,unknown_object,0.3151,51.96,356.29,84.26,409.2,1708.9,32.3,52.91,0.61,False,,True,S-61,43,evt_S-61_desk_work_surface_0011,4e9267c05a309422,pose_hand_context,,50319.5,2.85,,1,cam12/e1/v1,rtmpose_baseline
corpus_03,03.CCTV Mobile Usage.mkv,632de9ed55947761d56d4c6142a3cb1a1fe69d0b1a6d0e01a2e404c697962623,dfine_native,185900.0,stationery,0.2579,51.96,492.83,102.09,560.61,3398.0,50.13,67.79,0.74,False,,True,S-61,43,evt_S-61_desk_work_surface_0011,4e9267c05a309422,pose_hand_context,,50319.5,2.85,,1,cam12/e1/v1,rtmpose_baseline
corpus_03,03.CCTV Mobile Usage.mkv,632de9ed55947761d56d4c6142a3cb1a1fe69d0b1a6d0e01a2e404c697962623,dfine_native,185900.0,bag,0.2589,79.31,368.38,167.58,457.22,7841.6,88.27,88.84,0.994,False,,True,S-61,43,evt_S-61_desk_work_surface_0011,4e9267c05a309422,pose_hand_context,,50319.5,2.85,,1,cam12/e1/v1,rtmpose_baseline
corpus_03,03.CCTV Mobile Usage.mkv,632de9ed55947761d56d4c6142a3cb1a1fe69d0b1a6d0e01a2e404c697962623,dfine_native,186900.0,stationery,0.4128,47.79,442.32,72.0,471.12,697.4,24.21,28.81,0.84,False,,True,S-61,43,evt_S-61_desk_work_surface_0011,b7bdb405893ab3c6,pose_hand_context,,53527.4,2.77,,1,cam12/e1/v1,rtmpose_baseline
corpus_03,03.CCTV Mobile Usage.mkv,632de9ed55947761d56d4c6142a3cb1a1fe69d0b1a6d0e01a2e404c697962623,dfine_native,186900.0,unknown_object,0.4418,47.95,356.18,85.45,438.35,3081.2,37.5,82.17,0.456,False,,True,S-61,43,evt_S-61_desk_work_surface_0011,b7bdb405893ab3c6,pose_hand_context,,53527.4,2.77,,1,cam12/e1/v1,rtmpose_baseline
corpus_03,03.CCTV Mobile Usage.mkv,632de9ed55947761d56d4c6142a3cb1a1fe69d0b1a6d0e01a2e404c697962623,dfine_native,186900.0,stationery,0.4738,48.06,491.44,173.67,559.58,8559.8,125.62,68.14,1.844,False,,True,S-61,43,evt_S-61_desk_work_surface_0011,b7bdb405893ab3c6,pose_hand_context,,53527.4,2.77,,1,cam12/e1/v1,rtmpose_baseline
corpus_03,03.CCTV Mobile Usage.mkv,632de9ed55947761d56d4c6142a3cb1a1fe69d0b1a6d0e01a2e404c697962623,dfine_native,186900.0,bag,0.4017,80.95,383.33,170.68,456.32,6549.1,89.72,72.99,1.229,False,,True,S-61,43,evt_S-61_desk_work_surface_0011,b7bdb405893ab3c6,pose_hand_context,,53527.4,2.77,,1,cam12/e1/v1,rtmpose_baseline
corpus_03,03.CCTV Mobile Usage.mkv,632de9ed55947761d56d4c6142a3cb1a1fe69d0b1a6d0e01a2e404c697962623,dfine_native,186900.0,phone,0.2522,162.66,530.79,206.06,548.94,787.6,43.4,18.15,2.391,False,,True,S-61,43,evt_S-61_desk_work_surface_0011,b7bdb405893ab3c6,pose_hand_context,,53527.4,2.77,,1,cam12/e1/v1,rtmpose_baseline
corpus_03,03.CCTV Mobile Usage.mkv,632de9ed55947761d56d4c6142a3cb1a1fe69d0b1a6d0e01a2e404c697962623,dfine_native,186900.0,phone,0.306,122.14,480.97,173.08,510.9,1524.6,50.94,29.93,1.702,False,,True,S-61,43,evt_S-61_desk_work_surface_0011,b7bdb405893ab3c6,pose_hand_context,,53527.4,2.77,,1,cam12/e1/v1,rtmpose_baseline
corpus_03,03.CCTV Mobile Usage.mkv,632de9ed55947761d56d4c6142a3cb1a1fe69d0b1a6d0e01a2e404c697962623,dfine_native,186900.0,bag,0.2715,79.85,367.43,173.95,456.39,8371.3,94.1,88.96,1.058,False,,True,S-61,43,evt_S-61_desk_work_surface_0011,b7bdb405893ab3c6,pose_hand_context,,53527.4,2.77,,1,cam12/e1/v1,rtmpose_baseline
corpus_03,03.CCTV Mobile Usage.mkv,632de9ed55947761d56d4c6142a3cb1a1fe69d0b1a6d0e01a2e404c697962623,dfine_native,187900.0,monitor_or_bezel,0.6565,814.03,17.08,843.74,44.68,819.9,29.71,27.59,1.077,False,,True,unattributed,44,evt_S-61_desk_work_surface_0011,32e9c8a7263b94d7,pose_hand_context,,2304.0,13.33,,1,cam12/e1/v1,rtmpose_baseline
corpus_03,03.CCTV Mobile Usage.mkv,632de9ed55947761d56d4c6142a3cb1a1fe69d0b1a6d0e01a2e404c697962623,dfine_native,187900.0,unknown_object,0.3252,830.44,83.24,909.9,112.85,2352.8,79.45,29.61,2.683,False,,True,unattributed,44,evt_S-61_desk_work_surface_0011,32e9c8a7263b94d7,pose_hand_context,,2304.0,13.33,,1,cam12/e1/v1,rtmpose_baseline
corpus_03,03.CCTV Mobile Usage.mkv,632de9ed55947761d56d4c6142a3cb1a1fe69d0b1a6d0e01a2e404c697962623,dfine_native,187900.0,unknown_object,0.3666,75.05,401.41,247.93,571.39,29385.9,172.88,169.98,1.017,False,,True,S-61,43,evt_S-61_desk_work_surface_0011,4bf3398ba8046c09,pose_hand_context,,29908.2,3.7,,1,cam12/e1/v1,rtmpose_baseline
corpus_03,03.CCTV Mobile Usage.mkv,632de9ed55947761d56d4c6142a3cb1a1fe69d0b1a6d0e01a2e404c697962623,dfine_native,187900.0,unknown_object,0.3639,75.1,402.08,225.99,571.21,25520.7,150.9,169.13,0.892,False,,True,S-61,43,evt_S-61_desk_work_surface_0011,4bf3398ba8046c09,pose_hand_context,,29908.2,3.7,,1,cam12/e1/v1,rtmpose_baseline
corpus_03,03.CCTV Mobile Usage.mkv,632de9ed55947761d56d4c6142a3cb1a1fe69d0b1a6d0e01a2e404c697962623,dfine_native,187900.0,unknown_object,0.3084,103.12,409.46,184.84,501.86,7551.4,81.72,92.41,0.884,False,,True,S-61,43,evt_S-61_desk_work_surface_0011,4bf3398ba8046c09,pose_hand_context,,29908.2,3.7,,1,cam12/e1/v1,rtmpose_baseline
corpus_03,03.CCTV Mobile Usage.mkv,632de9ed55947761d56d4c6142a3cb1a1fe69d0b1a6d0e01a2e404c697962623,dfine_native,187900.0,unknown_object,0.5872,75.04,403.12,216.54,571.14,23775.1,141.5,168.02,0.842,False,,True,S-61,43,evt_S-61_desk_work_surface_0011,4bf3398ba8046c09,pose_hand_context,,29908.2,3.7,,1,cam12/e1/v1,rtmpose_baseline
corpus_03,03.CCTV Mobile Usage.mkv,632de9ed55947761d56d4c6142a3cb1a1fe69d0b1a6d0e01a2e404c697962623,dfine_native,187900.0,stationery,0.2692,105.14,448.43,183.2,481.18,2556.4,78.06,32.75,2.383,False,,True,S-61,43,evt_S-61_desk_work_surface_0011,4bf3398ba8046c09,pose_hand_context,,29908.2,3.7,,1,cam12/e1/v1,rtmpose_baseline
corpus_03,03.CCTV Mobile Usage.mkv,632de9ed55947761d56d4c6142a3cb1a1fe69d0b1a6d0e01a2e404c697962623,dfine_native,187900.0,unknown_object,0.2665,75.06,414.45,215.53,570.92,21978.1,140.47,156.47,0.898,False,,True,S-61,43,evt_S-61_desk_work_surface_0011,4bf3398ba8046c09,pose_hand_context,,29908.2,3.7,,1,cam12/e1/v1,rtmpose_baseline
corpus_03,03.CCTV Mobile Usage.mkv,632de9ed55947761d56d4c6142a3cb1a1fe69d0b1a6d0e01a2e404c697962623,dfine_native,187900.0,stationery,0.2605,104.62,448.91,183.57,502.6,4238.6,78.95,53.69,1.471,False,,True,S-61,43,evt_S-61_desk_work_surface_0011,4bf3398ba8046c09,pose_hand_context,,29908.2,3.7,,1,cam12/e1/v1,rtmpose_baseline
corpus_03,03.CCTV Mobile Usage.mkv,632de9ed55947761d56d4c6142a3cb1a1fe69d0b1a6d0e01a2e404c697962623,dfine_native,188900.0,bag,0.5448,841.92,14.44,886.38,53.42,1733.2,44.47,38.98,1.141,False,,True,unattributed,45,evt_S-61_desk_work_surface_0011,d5629fce5745428f,native_source_context_fallback,no_pose_observation,6264.2,6.73,,1,cam12/e1/v1,
corpus_03,03.CCTV Mobile Usage.mkv,632de9ed55947761d56d4c6142a3cb1a1fe69d0b1a6d0e01a2e404c697962623,dfine_native,188900.0,monitor_or_bezel,0.5446,807.03,4.24,854.63,45.23,1951.3,47.6,40.99,1.161,False,,True,unattributed,45,evt_S-61_desk_work_surface_0011,d5629fce5745428f,native_source_context_fallback,no_pose_observation,6264.2,6.73,,1,cam12/e1/v1,
corpus_03,03.CCTV Mobile Usage.mkv,632de9ed55947761d56d4c6142a3cb1a1fe69d0b1a6d0e01a2e404c697962623,dfine_native,188900.0,bag,0.5757,829.04,46.74,879.07,85.57,1942.3,50.02,38.83,1.288,False,,True,unattributed,45,evt_S-61_desk_work_surface_0011,d5629fce5745428f,native_source_context_fallback,no_pose_observation,6264.2,6.73,,1,cam12/e1/v1,
corpus_03,03.CCTV Mobile Usage.mkv,632de9ed55947761d56d4c6142a3cb1a1fe69d0b1a6d0e01a2e404c697962623,dfine_native,188900.0,unknown_object,0.323,831.57,83.27,902.95,95.86,899.2,71.38,12.6,5.666,False,,True,unattributed,45,evt_S-61_desk_work_surface_0011,d5629fce5745428f,native_source_context_fallback,no_pose_observation,6264.2,6.73,,1,cam12/e1/v1,
corpus_03,03.CCTV Mobile Usage.mkv,632de9ed55947761d56d4c6142a3cb1a1fe69d0b1a6d0e01a2e404c697962623,dfine_native,188900.0,monitor_or_bezel,0.45,807.03,5.13,843.34,44.47,1428.7,36.31,39.34,0.923,False,,True,unattributed,45,evt_S-61_desk_work_surface_0011,d5629fce5745428f,native_source_context_fallback,no_pose_observation,6264.2,6.73,,1,cam12/e1/v1,
corpus_03,03.CCTV Mobile Usage.mkv,632de9ed55947761d56d4c6142a3cb1a1fe69d0b1a6d0e01a2e404c697962623,dfine_native,188900.0,bag,0.2642,807.05,46.03,830.88,91.97,1094.8,23.83,45.94,0.519,False,,True,unattributed,45,evt_S-61_desk_work_surface_0011,d5629fce5745428f,native_source_context_fallback,no_pose_observation,6264.2,6.73,,1,cam12/e1/v1,
corpus_03,03.CCTV Mobile Usage.mkv,632de9ed55947761d56d4c6142a3cb1a1fe69d0b1a6d0e01a2e404c697962623,dfine_native,188900.0,bag,0.3205,823.3,46.17,879.65,93.97,2694.2,56.36,47.81,1.179,False,,True,unattributed,45,evt_S-61_desk_work_surface_0011,d5629fce5745428f,native_source_context_fallback,no_pose_observation,6264.2,6.73,,1,cam12/e1/v1,
corpus_03,03.CCTV Mobile Usage.mkv,632de9ed55947761d56d4c6142a3cb1a1fe69d0b1a6d0e01a2e404c697962623,dfine_native,188900.0,phone,0.459,44.97,443.56,71.62,471.15,735.1,26.65,27.59,0.966,False,,True,S-61,43,evt_S-61_desk_work_surface_0011,d8e5ab1b8e525e2d,pose_hand_context,,38573.0,3.26,,1,cam12/e1/v1,rtmpose_baseline
corpus_03,03.CCTV Mobile Usage.mkv,632de9ed55947761d56d4c6142a3cb1a1fe69d0b1a6d0e01a2e404c697962623,dfine_native,188900.0,bag,0.2674,81.86,383.73,163.78,442.53,4817.3,81.92,58.81,1.393,False,,True,S-61,43,evt_S-61_desk_work_surface_0011,d8e5ab1b8e525e2d,pose_hand_context,,38573.0,3.26,,1,cam12/e1/v1,rtmpose_baseline
corpus_03,03.CCTV Mobile Usage.mkv,632de9ed55947761d56d4c6142a3cb1a1fe69d0b1a6d0e01a2e404c697962623,dfine_native,188900.0,phone,0.3098,175.73,376.61,190.5,388.49,175.3,14.76,11.87,1.243,False,,True,S-61,43,evt_S-61_desk_work_surface_0011,d8e5ab1b8e525e2d,pose_hand_context,,38573.0,3.26,,1,cam12/e1/v1,rtmpose_baseline
corpus_03,03.CCTV Mobile Usage.mkv,632de9ed55947761d56d4c6142a3cb1a1fe69d0b1a6d0e01a2e404c697962623,dfine_native,188900.0,unknown_object,0.3461,44.99,356.29,83.97,407.3,1988.3,38.97,51.02,0.764,False,,True,S-61,43,evt_S-61_desk_work_surface_0011,d8e5ab1b8e525e2d,pose_hand_context,,38573.0,3.26,,1,cam12/e1/v1,rtmpose_baseline
corpus_03,03.CCTV Mobile Usage.mkv,632de9ed55947761d56d4c6142a3cb1a1fe69d0b1a6d0e01a2e404c697962623,dfine_native,189900.0,bag,0.4506,78.26,381.34,171.26,452.49,6616.7,92.99,71.15,1.307,False,,True,S-61,43,evt_S-61_desk_work_surface_0011,9312cfc9f7912b33,pose_hand_context,,42956.7,3.09,,1,cam12/e1/v1,rtmpose_baseline
corpus_03,03.CCTV Mobile Usage.mkv,632de9ed55947761d56d4c6142a3cb1a1fe69d0b1a6d0e01a2e404c697962623,dfine_native,189900.0,unknown_object,0.4005,73.06,382.27,220.86,587.09,30271.0,147.79,204.82,0.722,False,,True,S-61,43,evt_S-61_desk_work_surface_0011,9312cfc9f7912b33,pose_hand_context,,42956.7,3.09,,1,cam12/e1/v1,rtmpose_baseline
corpus_03,03.CCTV Mobile Usage.mkv,632de9ed55947761d56d4c6142a3cb1a1fe69d0b1a6d0e01a2e404c697962623,dfine_native,189900.0,unknown_object,0.2528,73.16,381.68,279.47,587.24,42409.3,206.31,205.56,1.004,False,,True,S-61,43,evt_S-61_desk_work_surface_0011,9312cfc9f7912b33,pose_hand_context,,42956.7,3.09,,1,cam12/e1/v1,rtmpose_baseline
corpus_03,03.CCTV Mobile Usage.mkv,632de9ed55947761d56d4c6142a3cb1a1fe69d0b1a6d0e01a2e404c697962623,dfine_native,189900.0,phone,0.3893,90.22,451.87,136.68,471.04,890.4,46.46,19.17,2.424,False,,True,S-61,43,evt_S-61_desk_work_surface_0011,9312cfc9f7912b33,pose_hand_context,,42956.7,3.09,,1,cam12/e1/v1,rtmpose_baseline
corpus_03,03.CCTV Mobile Usage.mkv,632de9ed55947761d56d4c6142a3cb1a1fe69d0b1a6d0e01a2e404c697962623,dfine_native,189900.0,unknown_object,0.2518,73.06,462.6,216.89,587.16,17915.3,143.83,124.56,1.155,False,,True,S-61,43,evt_S-61_desk_work_surface_0011,9312cfc9f7912b33,pose_hand_context,,42956.7,3.09,,1,cam12/e1/v1,rtmpose_baseline
corpus_03,03.CCTV Mobile Usage.mkv,632de9ed55947761d56d4c6142a3cb1a1fe69d0b1a6d0e01a2e404c697962623,dfine_native,189900.0,bag,0.281,83.84,384.4,155.54,450.24,4720.7,71.7,65.84,1.089,False,,True,S-61,43,evt_S-61_desk_work_surface_0011,9312cfc9f7912b33,pose_hand_context,,42956.7,3.09,,1,cam12/e1/v1,rtmpose_baseline
corpus_03,03.CCTV Mobile Usage.mkv,632de9ed55947761d56d4c6142a3cb1a1fe69d0b1a6d0e01a2e404c697962623,dfine_native,189900.0,phone,0.3157,90.73,439.82,164.41,471.22,2313.3,73.68,31.39,2.347,False,,True,S-61,43,evt_S-61_desk_work_surface_0011,9312cfc9f7912b33,pose_hand_context,,42956.7,3.09,,1,cam12/e1/v1,rtmpose_baseline
corpus_03,03.CCTV Mobile Usage.mkv,632de9ed55947761d56d4c6142a3cb1a1fe69d0b1a6d0e01a2e404c697962623,dfine_native,190900.0,unknown_object,0.3681,39.69,356.31,84.24,408.22,2312.4,44.55,51.9,0.858,False,,True,S-61,43,evt_S-61_desk_work_surface_0011,d9ace3c4db8b6ae4,pose_hand_context,,42543.2,3.1,,1,cam12/e1/v1,rtmpose_baseline
corpus_03,03.CCTV Mobile Usage.mkv,632de9ed55947761d56d4c6142a3cb1a1fe69d0b1a6d0e01a2e404c697962623,dfine_native,190900.0,unknown_object,0.2534,40.11,443.98,71.75,471.58,873.5,31.64,27.61,1.146,False,,True,S-61,43,evt_S-61_desk_work_surface_0011,d9ace3c4db8b6ae4,pose_hand_context,,42543.2,3.1,,1,cam12/e1/v1,rtmpose_baseline
corpus_03,03.CCTV Mobile Usage.mkv,632de9ed55947761d56d4c6142a3cb1a1fe69d0b1a6d0e01a2e404c697962623,dfine_native,190900.0,unknown_object,0.2794,37.95,339.56,84.91,411.57,3381.9,46.96,72.01,0.652,False,,True,S-61,43,evt_S-61_desk_work_surface_0011,d9ace3c4db8b6ae4,pose_hand_context,,42543.2,3.1,,1,cam12/e1/v1,rtmpose_baseline
corpus_03,03.CCTV Mobile Usage.mkv,632de9ed55947761d56d4c6142a3cb1a1fe69d0b1a6d0e01a2e404c697962623,dfine_native,191900.0,keyboard,0.9092,962.22,451.95,1067.64,491.42,4160.7,105.42,39.47,2.671,False,,True,R-desk,46,evt_S-61_desk_work_surface_0011,18214d6b4fef384d,lap_bag_context,no_pose_observation,34560.0,1.33,,1,cam12/e1/v1,
corpus_03,03.CCTV Mobile Usage.mkv,632de9ed55947761d56d4c6142a3cb1a1fe69d0b1a6d0e01a2e404c697962623,dfine_native,191900.0,unknown_object,0.7392,699.86,396.17,842.85,492.08,13714.7,142.99,95.91,1.491,False,,True,R-desk,46,evt_S-61_desk_work_surface_0011,18214d6b4fef384d,lap_bag_context,no_pose_observation,34560.0,1.33,,1,cam12/e1/v1,
corpus_03,03.CCTV Mobile Usage.mkv,632de9ed55947761d56d4c6142a3cb1a1fe69d0b1a6d0e01a2e404c697962623,dfine_native,191900.0,monitor_or_bezel,0.6704,1019.22,395.98,1145.74,447.85,6562.1,126.52,51.87,2.439,False,,True,R-desk,46,evt_S-61_desk_work_surface_0011,18214d6b4fef384d,lap_bag_context,no_pose_observation,34560.0,1.33,,1,cam12/e1/v1,
corpus_03,03.CCTV Mobile Usage.mkv,632de9ed55947761d56d4c6142a3cb1a1fe69d0b1a6d0e01a2e404c697962623,dfine_native,191900.0,keyboard,0.6273,802.03,396.21,871.1,420.57,1682.6,69.06,24.36,2.835,False,,True,R-desk,46,evt_S-61_desk_work_surface_0011,18214d6b4fef384d,lap_bag_context,no_pose_observation,34560.0,1.33,,1,cam12/e1/v1,
corpus_03,03.CCTV Mobile Usage.mkv,632de9ed55947761d56d4c6142a3cb1a1fe69d0b1a6d0e01a2e404c697962623,dfine_native,191900.0,monitor_or_bezel,0.3734,1015.23,396.0,1146.84,488.11,12122.4,131.62,92.1,1.429,False,,True,R-desk,46,evt_S-61_desk_work_surface_0011,18214d6b4fef384d,lap_bag_context,no_pose_observation,34560.0,1.33,,1,cam12/e1/v1,
corpus_03,03.CCTV Mobile Usage.mkv,632de9ed55947761d56d4c6142a3cb1a1fe69d0b1a6d0e01a2e404c697962623,dfine_native,191900.0,phone,0.2512,1042.83,421.69,1113.98,474.47,3755.0,71.15,52.78,1.348,False,,True,R-desk,46,evt_S-61_desk_work_surface_0011,18214d6b4fef384d,lap_bag_context,no_pose_observation,34560.0,1.33,,1,cam12/e1/v1,
corpus_03,03.CCTV Mobile Usage.mkv,632de9ed55947761d56d4c6142a3cb1a1fe69d0b1a6d0e01a2e404c697962623,dfine_native,191900.0,mouse,0.6127,864.81,413.85,892.21,434.85,575.4,27.4,21.0,1.305,False,,True,R-desk,46,evt_S-61_desk_work_surface_0011,18214d6b4fef384d,lap_bag_context,no_pose_observation,34560.0,1.33,,1,cam12/e1/v1,
corpus_03,03.CCTV Mobile Usage.mkv,632de9ed55947761d56d4c6142a3cb1a1fe69d0b1a6d0e01a2e404c697962623,dfine_native,191900.0,unknown_object,0.3976,700.01,396.25,761.12,491.32,5809.5,61.11,95.07,0.643,False,,True,R-desk,46,evt_S-61_desk_work_surface_0011,18214d6b4fef384d,lap_bag_context,no_pose_observation,34560.0,1.33,,1,cam12/e1/v1,
corpus_03,03.CCTV Mobile Usage.mkv,632de9ed55947761d56d4c6142a3cb1a1fe69d0b1a6d0e01a2e404c697962623,dfine_native,191900.0,mouse,0.34,967.23,398.4,992.11,410.48,300.6,24.88,12.08,2.059,False,,True,R-desk,46,evt_S-61_desk_work_surface_0011,18214d6b4fef384d,lap_bag_context,no_pose_observation,34560.0,1.33,,1,cam12/e1/v1,
corpus_03,03.CCTV Mobile Usage.mkv,632de9ed55947761d56d4c6142a3cb1a1fe69d0b1a6d0e01a2e404c697962623,dfine_native,191900.0,monitor_or_bezel,0.2626,881.33,396.15,949.39,452.71,3848.7,68.05,56.55,1.203,False,,True,R-desk,46,evt_S-61_desk_work_surface_0011,18214d6b4fef384d,lap_bag_context,no_pose_observation,34560.0,1.33,,1,cam12/e1/v1,
corpus_03,03.CCTV Mobile Usage.mkv,632de9ed55947761d56d4c6142a3cb1a1fe69d0b1a6d0e01a2e404c697962623,dfine_native,191900.0,bag,0.2569,82.1,381.68,170.7,433.85,4621.7,88.6,52.16,1.699,False,,True,S-61,43,evt_S-61_desk_work_surface_0011,fbcd773baf9b06c1,pose_hand_context,,48682.0,2.9,,1,cam12/e1/v1,rtmpose_baseline
corpus_03,03.CCTV Mobile Usage.mkv,632de9ed55947761d56d4c6142a3cb1a1fe69d0b1a6d0e01a2e404c697962623,dfine_native,191900.0,stationery,0.338,23.05,492.52,165.92,540.75,6889.9,142.87,48.22,2.963,False,,True,S-61,43,evt_S-61_desk_work_surface_0011,fbcd773baf9b06c1,pose_hand_context,,48682.0,2.9,,1,cam12/e1/v1,rtmpose_baseline
corpus_03,03.CCTV Mobile Usage.mkv,632de9ed55947761d56d4c6142a3cb1a1fe69d0b1a6d0e01a2e404c697962623,dfine_native,191900.0,unknown_object,0.2901,22.95,320.77,85.7,409.96,5596.0,62.75,89.18,0.704,False,,True,S-61,43,evt_S-61_desk_work_surface_0011,fbcd773baf9b06c1,pose_hand_context,,48682.0,2.9,,1,cam12/e1/v1,rtmpose_baseline
corpus_03,03.CCTV Mobile Usage.mkv,632de9ed55947761d56d4c6142a3cb1a1fe69d0b1a6d0e01a2e404c697962623,dfine_native,191900.0,stationery,0.2793,23.0,424.98,94.97,497.85,5244.9,71.97,72.88,0.988,False,,True,S-61,43,evt_S-61_desk_work_surface_0011,fbcd773baf9b06c1,pose_hand_context,,48682.0,2.9,,1,cam12/e1/v1,rtmpose_baseline
corpus_03,03.CCTV Mobile Usage.mkv,632de9ed55947761d56d4c6142a3cb1a1fe69d0b1a6d0e01a2e404c697962623,dfine_native,192900.0,unknown_object,0.4497,56.03,448.83,159.38,511.54,6481.6,103.35,62.71,1.648,False,,True,S-61,43,evt_S-61_desk_work_surface_0011,75fc24d0e8581c00,pose_hand_context,,41314.6,3.15,,1,cam12/e1/v1,rtmpose_baseline
corpus_03,03.CCTV Mobile Usage.mkv,632de9ed55947761d56d4c6142a3cb1a1fe69d0b1a6d0e01a2e404c697962623,dfine_native,192900.0,stationery,0.2883,143.08,516.7,201.76,537.97,1248.5,58.68,21.27,2.758,False,,True,S-61,43,evt_S-61_desk_work_surface_0011,75fc24d0e8581c00,pose_hand_context,,41314.6,3.15,,1,cam12/e1/v1,rtmpose_baseline
corpus_03,03.CCTV Mobile Usage.mkv,632de9ed55947761d56d4c6142a3cb1a1fe69d0b1a6d0e01a2e404c697962623,dfine_native,192900.0,stationery,0.3606,34.01,423.52,97.44,497.57,4696.6,63.43,74.04,0.857,False,,True,S-61,43,evt_S-61_desk_work_surface_0011,75fc24d0e8581c00,pose_hand_context,,41314.6,3.15,,1,cam12/e1/v1,rtmpose_baseline
corpus_03,03.CCTV Mobile Usage.mkv,632de9ed55947761d56d4c6142a3cb1a1fe69d0b1a6d0e01a2e404c697962623,dfine_native,192900.0,unknown_object,0.2555,137.19,450.1,188.23,480.48,1550.8,51.04,30.39,1.68,False,,True,S-61,43,evt_S-61_desk_work_surface_0011,75fc24d0e8581c00,pose_hand_context,,41314.6,3.15,,1,cam12/e1/v1,rtmpose_baseline
corpus_03,03.CCTV Mobile Usage.mkv,632de9ed55947761d56d4c6142a3cb1a1fe69d0b1a6d0e01a2e404c697962623,dfine_native,192900.0,unknown_object,0.3956,55.08,448.78,188.35,511.74,8391.1,133.27,62.96,2.117,False,,True,S-61,43,evt_S-61_desk_work_surface_0011,75fc24d0e8581c00,pose_hand_context,,41314.6,3.15,,1,cam12/e1/v1,rtmpose_baseline
corpus_03,03.CCTV Mobile Usage.mkv,632de9ed55947761d56d4c6142a3cb1a1fe69d0b1a6d0e01a2e404c697962623,dfine_native,193900.0,unknown_object,0.4929,48.06,358.29,228.54,539.09,32630.8,180.48,180.8,0.998,False,,True,S-61,43,evt_S-61_desk_work_surface_0011,be12dc87ad3b1c13,pose_hand_context,,33218.7,3.51,,1,cam12/e1/v1,rtmpose_baseline
corpus_03,03.CCTV Mobile Usage.mkv,632de9ed55947761d56d4c6142a3cb1a1fe69d0b1a6d0e01a2e404c697962623,dfine_native,193900.0,stationery,0.3999,47.98,443.04,71.55,471.53,671.2,23.56,28.49,0.827,False,,True,S-61,43,evt_S-61_desk_work_surface_0011,be12dc87ad3b1c13,pose_hand_context,,33218.7,3.51,,1,cam12/e1/v1,rtmpose_baseline
corpus_03,03.CCTV Mobile Usage.mkv,632de9ed55947761d56d4c6142a3cb1a1fe69d0b1a6d0e01a2e404c697962623,dfine_native,193900.0,bag,0.345,73.53,358.25,174.78,450.36,9325.2,101.25,92.1,1.099,False,,True,S-61,43,evt_S-61_desk_work_surface_0011,be12dc87ad3b1c13,pose_hand_context,,33218.7,3.51,,1,cam12/e1/v1,rtmpose_baseline
corpus_03,03.CCTV Mobile Usage.mkv,632de9ed55947761d56d4c6142a3cb1a1fe69d0b1a6d0e01a2e404c697962623,dfine_native,193900.0,unknown_object,0.3213,48.11,458.03,194.29,539.37,11889.9,146.18,81.34,1.797,False,,True,S-61,43,evt_S-61_desk_work_surface_0011,be12dc87ad3b1c13,pose_hand_context,,33218.7,3.51,,1,cam12/e1/v1,rtmpose_baseline
corpus_03,03.CCTV Mobile Usage.mkv,632de9ed55947761d56d4c6142a3cb1a1fe69d0b1a6d0e01a2e404c697962623,dfine_native,193900.0,bag,0.2928,78.92,384.28,169.82,450.1,5982.9,90.9,65.82,1.381,False,,True,S-61,43,evt_S-61_desk_work_surface_0011,be12dc87ad3b1c13,pose_hand_context,,33218.7,3.51,,1,cam12/e1/v1,rtmpose_baseline
corpus_03,03.CCTV Mobile Usage.mkv,632de9ed55947761d56d4c6142a3cb1a1fe69d0b1a6d0e01a2e404c697962623,dfine_native,193900.0,unknown_object,0.5933,48.08,358.15,199.2,538.97,27325.5,151.12,180.82,0.836,False,,True,S-61,43,evt_S-61_desk_work_surface_0011,be12dc87ad3b1c13,pose_hand_context,,33218.7,3.51,,1,cam12/e1/v1,rtmpose_baseline
corpus_03,03.CCTV Mobile Usage.mkv,632de9ed55947761d56d4c6142a3cb1a1fe69d0b1a6d0e01a2e404c697962623,dfine_native,193900.0,unknown_object,0.3181,48.05,403.94,196.12,539.11,20014.4,148.08,135.16,1.096,False,,True,S-61,43,evt_S-61_desk_work_surface_0011,be12dc87ad3b1c13,pose_hand_context,,33218.7,3.51,,1,cam12/e1/v1,rtmpose_baseline
corpus_03,03.CCTV Mobile Usage.mkv,632de9ed55947761d56d4c6142a3cb1a1fe69d0b1a6d0e01a2e404c697962623,dfine_native,254500.0,keyboard,0.9077,962.4,451.86,1067.45,491.39,4153.0,105.05,39.53,2.657,False,,True,R-desk,48,evt_S-61_desk_work_surface_0012,038aed9b3e7a3d2e,lap_bag_context,no_pose_observation,34560.0,1.33,,1,cam12/e1/v1,
corpus_03,03.CCTV Mobile Usage.mkv,632de9ed55947761d56d4c6142a3cb1a1fe69d0b1a6d0e01a2e404c697962623,dfine_native,254500.0,unknown_object,0.7028,699.86,396.18,846.1,491.95,14006.2,146.24,95.78,1.527,False,,True,R-desk,48,evt_S-61_desk_work_surface_0012,038aed9b3e7a3d2e,lap_bag_context,no_pose_observation,34560.0,1.33,,1,cam12/e1/v1,
corpus_03,03.CCTV Mobile Usage.mkv,632de9ed55947761d56d4c6142a3cb1a1fe69d0b1a6d0e01a2e404c697962623,dfine_native,254500.0,monitor_or_bezel,0.6664,1018.99,395.65,1146.1,448.03,6657.6,127.11,52.38,2.427,False,,True,R-desk,48,evt_S-61_desk_work_surface_0012,038aed9b3e7a3d2e,lap_bag_context,no_pose_observation,34560.0,1.33,,1,cam12/e1/v1,
corpus_03,03.CCTV Mobile Usage.mkv,632de9ed55947761d56d4c6142a3cb1a1fe69d0b1a6d0e01a2e404c697962623,dfine_native,254500.0,mouse,0.6317,864.73,413.8,891.81,435.06,575.6,27.08,21.26,1.274,False,,True,R-desk,48,evt_S-61_desk_work_surface_0012,038aed9b3e7a3d2e,lap_bag_context,no_pose_observation,34560.0,1.33,,1,cam12/e1/v1,
corpus_03,03.CCTV Mobile Usage.mkv,632de9ed55947761d56d4c6142a3cb1a1fe69d0b1a6d0e01a2e404c697962623,dfine_native,254500.0,keyboard,0.519,802.67,396.28,870.5,420.45,1639.6,67.83,24.17,2.806,False,,True,R-desk,48,evt_S-61_desk_work_surface_0012,038aed9b3e7a3d2e,lap_bag_context,no_pose_observation,34560.0,1.33,,1,cam12/e1/v1,
corpus_03,03.CCTV Mobile Usage.mkv,632de9ed55947761d56d4c6142a3cb1a1fe69d0b1a6d0e01a2e404c697962623,dfine_native,254500.0,phone,0.2826,1042.99,421.5,1113.37,474.29,3715.7,70.38,52.79,1.333,False,,True,R-desk,48,evt_S-61_desk_work_surface_0012,038aed9b3e7a3d2e,lap_bag_context,no_pose_observation,34560.0,1.33,,1,cam12/e1/v1,
corpus_03,03.CCTV Mobile Usage.mkv,632de9ed55947761d56d4c6142a3cb1a1fe69d0b1a6d0e01a2e404c697962623,dfine_native,254500.0,monitor_or_bezel,0.3187,1012.12,395.56,1147.61,488.51,12594.1,135.49,92.95,1.458,False,,True,R-desk,48,evt_S-61_desk_work_surface_0012,038aed9b3e7a3d2e,lap_bag_context,no_pose_observation,34560.0,1.33,,1,cam12/e1/v1,
corpus_03,03.CCTV Mobile Usage.mkv,632de9ed55947761d56d4c6142a3cb1a1fe69d0b1a6d0e01a2e404c697962623,dfine_native,254500.0,monitor_or_bezel,0.3432,880.83,396.18,948.95,452.57,3841.4,68.12,56.39,1.208,False,,True,R-desk,48,evt_S-61_desk_work_surface_0012,038aed9b3e7a3d2e,lap_bag_context,no_pose_observation,34560.0,1.33,,1,cam12/e1/v1,
corpus_03,03.CCTV Mobile Usage.mkv,632de9ed55947761d56d4c6142a3cb1a1fe69d0b1a6d0e01a2e404c697962623,dfine_native,254500.0,unknown_object,0.3618,700.03,396.26,762.37,491.56,5940.4,62.34,95.3,0.654,False,,True,R-desk,48,evt_S-61_desk_work_surface_0012,038aed9b3e7a3d2e,lap_bag_context,no_pose_observation,34560.0,1.33,,1,cam12/e1/v1,
corpus_03,03.CCTV Mobile Usage.mkv,632de9ed55947761d56d4c6142a3cb1a1fe69d0b1a6d0e01a2e404c697962623,dfine_native,254500.0,mouse,0.3715,966.95,398.33,991.68,410.72,306.2,24.73,12.39,1.996,False,,True,R-desk,48,evt_S-61_desk_work_surface_0012,038aed9b3e7a3d2e,lap_bag_context,no_pose_observation,34560.0,1.33,,1,cam12/e1/v1,
corpus_03,03.CCTV Mobile Usage.mkv,632de9ed55947761d56d4c6142a3cb1a1fe69d0b1a6d0e01a2e404c697962623,dfine_native,254500.0,monitor_or_bezel,0.3404,738.89,395.98,947.84,464.33,14282.7,208.95,68.36,3.057,False,,True,R-desk,48,evt_S-61_desk_work_surface_0012,038aed9b3e7a3d2e,lap_bag_context,no_pose_observation,34560.0,1.33,,1,cam12/e1/v1,
corpus_03,03.CCTV Mobile Usage.mkv,632de9ed55947761d56d4c6142a3cb1a1fe69d0b1a6d0e01a2e404c697962623,dfine_native,254500.0,monitor_or_bezel,0.2767,801.39,396.16,949.08,452.4,8306.1,147.69,56.24,2.626,False,,True,R-desk,48,evt_S-61_desk_work_surface_0012,038aed9b3e7a3d2e,lap_bag_context,no_pose_observation,34560.0,1.33,,1,cam12/e1/v1,
corpus_03,03.CCTV Mobile Usage.mkv,632de9ed55947761d56d4c6142a3cb1a1fe69d0b1a6d0e01a2e404c697962623,dfine_native,254500.0,mouse,0.2793,991.8,401.16,1029.6,413.7,474.2,37.8,12.54,3.014,False,,True,R-desk,48,evt_S-61_desk_work_surface_0012,038aed9b3e7a3d2e,lap_bag_context,no_pose_observation,34560.0,1.33,,1,cam12/e1/v1,
corpus_03,03.CCTV Mobile Usage.mkv,632de9ed55947761d56d4c6142a3cb1a1fe69d0b1a6d0e01a2e404c697962623,dfine_native,254500.0,monitor_or_bezel,0.2539,738.87,395.41,1147.28,491.03,39052.1,408.41,95.62,4.271,False,,True,R-desk,48,evt_S-61_desk_work_surface_0012,038aed9b3e7a3d2e,lap_bag_context,no_pose_observation,34560.0,1.33,,1,cam12/e1/v1,
corpus_03,03.CCTV Mobile Usage.mkv,632de9ed55947761d56d4c6142a3cb1a1fe69d0b1a6d0e01a2e404c697962623,dfine_native,254500.0,unknown_object,0.4398,27.94,365.17,171.07,508.36,20495.1,143.13,143.2,1.0,False,,True,S-61,47,evt_S-61_desk_work_surface_0012,654989f4cc25f471,pose_hand_context,,20529.2,4.47,,1,cam12/e1/v1,rtmpose_baseline
corpus_03,03.CCTV Mobile Usage.mkv,632de9ed55947761d56d4c6142a3cb1a1fe69d0b1a6d0e01a2e404c697962623,dfine_native,254500.0,unknown_object,0.275,67.64,458.98,170.79,508.87,5146.5,103.15,49.89,2.067,False,,True,S-61,47,evt_S-61_desk_work_surface_0012,654989f4cc25f471,pose_hand_context,,20529.2,4.47,,1,cam12/e1/v1,rtmpose_baseline
corpus_03,03.CCTV Mobile Usage.mkv,632de9ed55947761d56d4c6142a3cb1a1fe69d0b1a6d0e01a2e404c697962623,dfine_native,254500.0,stationery,0.2976,39.54,446.4,71.2,470.77,771.5,31.66,24.37,1.299,False,,True,S-61,47,evt_S-61_desk_work_surface_0012,654989f4cc25f471,pose_hand_context,,20529.2,4.47,,1,cam12/e1/v1,rtmpose_baseline
corpus_03,03.CCTV Mobile Usage.mkv,632de9ed55947761d56d4c6142a3cb1a1fe69d0b1a6d0e01a2e404c697962623,dfine_native,254500.0,bag,0.253,80.7,385.82,159.38,430.25,3495.6,78.68,44.43,1.771,False,,True,S-61,47,evt_S-61_desk_work_surface_0012,654989f4cc25f471,pose_hand_context,,20529.2,4.47,,1,cam12/e1/v1,rtmpose_baseline
corpus_03,03.CCTV Mobile Usage.mkv,632de9ed55947761d56d4c6142a3cb1a1fe69d0b1a6d0e01a2e404c697962623,dfine_native,255500.0,stationery,0.3576,39.47,446.65,71.01,470.83,762.5,31.54,24.18,1.305,False,,True,S-61,47,evt_S-61_desk_work_surface_0012,376f4d7fa965cf43,pose_hand_context,,20891.8,4.43,,1,cam12/e1/v1,rtmpose_baseline
corpus_03,03.CCTV Mobile Usage.mkv,632de9ed55947761d56d4c6142a3cb1a1fe69d0b1a6d0e01a2e404c697962623,dfine_native,255500.0,unknown_object,0.4445,26.03,366.35,170.92,508.56,20604.6,144.89,142.21,1.019,False,,True,S-61,47,evt_S-61_desk_work_surface_0012,376f4d7fa965cf43,pose_hand_context,,20891.8,4.43,,1,cam12/e1/v1,rtmpose_baseline
corpus_03,03.CCTV Mobile Usage.mkv,632de9ed55947761d56d4c6142a3cb1a1fe69d0b1a6d0e01a2e404c697962623,dfine_native,255500.0,bag,0.2743,80.13,384.99,167.72,430.16,3956.2,87.59,45.17,1.939,False,,True,S-61,47,evt_S-61_desk_work_surface_0012,376f4d7fa965cf43,pose_hand_context,,20891.8,4.43,,1,cam12/e1/v1,rtmpose_baseline
corpus_03,03.CCTV Mobile Usage.mkv,632de9ed55947761d56d4c6142a3cb1a1fe69d0b1a6d0e01a2e404c697962623,dfine_native,255500.0,keyboard,0.9214,962.48,451.85,1067.77,491.41,4165.9,105.28,39.57,2.661,False,,True,R-desk,49,evt_S-61_desk_work_surface_0012,451c6c12f28a4d5b,lap_bag_context,no_pose_observation,34560.0,1.33,,1,cam12/e1/v1,
corpus_03,03.CCTV Mobile Usage.mkv,632de9ed55947761d56d4c6142a3cb1a1fe69d0b1a6d0e01a2e404c697962623,dfine_native,255500.0,unknown_object,0.8202,699.9,396.24,847.56,491.79,14108.8,147.67,95.55,1.546,False,,True,R-desk,49,evt_S-61_desk_work_surface_0012,451c6c12f28a4d5b,lap_bag_context,no_pose_observation,34560.0,1.33,,1,cam12/e1/v1,
corpus_03,03.CCTV Mobile Usage.mkv,632de9ed55947761d56d4c6142a3cb1a1fe69d0b1a6d0e01a2e404c697962623,dfine_native,255500.0,monitor_or_bezel,0.7378,1018.89,395.82,1146.02,447.8,6607.8,127.13,51.98,2.446,False,,True,R-desk,49,evt_S-61_desk_work_surface_0012,451c6c12f28a4d5b,lap_bag_context,no_pose_observation,34560.0,1.33,,1,cam12/e1/v1,
corpus_03,03.CCTV Mobile Usage.mkv,632de9ed55947761d56d4c6142a3cb1a1fe69d0b1a6d0e01a2e404c697962623,dfine_native,255500.0,mouse,0.6676,864.75,413.8,891.82,434.88,570.7,27.07,21.08,1.284,False,,True,R-desk,49,evt_S-61_desk_work_surface_0012,451c6c12f28a4d5b,lap_bag_context,no_pose_observation,34560.0,1.33,,1,cam12/e1/v1,
corpus_03,03.CCTV Mobile Usage.mkv,632de9ed55947761d56d4c6142a3cb1a1fe69d0b1a6d0e01a2e404c697962623,dfine_native,255500.0,keyboard,0.4963,802.5,396.27,870.67,420.55,1655.2,68.17,24.28,2.808,False,,True,R-desk,49,evt_S-61_desk_work_surface_0012,451c6c12f28a4d5b,lap_bag_context,no_pose_observation,34560.0,1.33,,1,cam12/e1/v1,
corpus_03,03.CCTV Mobile Usage.mkv,632de9ed55947761d56d4c6142a3cb1a1fe69d0b1a6d0e01a2e404c697962623,dfine_native,255500.0,monitor_or_bezel,0.2877,1013.0,395.71,1147.57,488.59,12498.7,134.57,92.88,1.449,False,,True,R-desk,49,evt_S-61_desk_work_surface_0012,451c6c12f28a4d5b,lap_bag_context,no_pose_observation,34560.0,1.33,,1,cam12/e1/v1,
corpus_03,03.CCTV Mobile Usage.mkv,632de9ed55947761d56d4c6142a3cb1a1fe69d0b1a6d0e01a2e404c697962623,dfine_native,255500.0,monitor_or_bezel,0.3635,880.99,396.16,949.13,452.59,3845.1,68.14,56.43,1.208,False,,True,R-desk,49,evt_S-61_desk_work_surface_0012,451c6c12f28a4d5b,lap_bag_context,no_pose_observation,34560.0,1.33,,1,cam12/e1/v1,
corpus_03,03.CCTV Mobile Usage.mkv,632de9ed55947761d56d4c6142a3cb1a1fe69d0b1a6d0e01a2e404c697962623,dfine_native,255500.0,unknown_object,0.3259,700.01,396.38,760.19,491.29,5712.4,60.19,94.91,0.634,False,,True,R-desk,49,evt_S-61_desk_work_surface_0012,451c6c12f28a4d5b,lap_bag_context,no_pose_observation,34560.0,1.33,,1,cam12/e1/v1,
corpus_03,03.CCTV Mobile Usage.mkv,632de9ed55947761d56d4c6142a3cb1a1fe69d0b1a6d0e01a2e404c697962623,dfine_native,255500.0,mouse,0.4373,967.07,398.39,991.58,410.71,301.9,24.52,12.32,1.99,False,,True,R-desk,49,evt_S-61_desk_work_surface_0012,451c6c12f28a4d5b,lap_bag_context,no_pose_observation,34560.0,1.33,,1,cam12/e1/v1,
corpus_03,03.CCTV Mobile Usage.mkv,632de9ed55947761d56d4c6142a3cb1a1fe69d0b1a6d0e01a2e404c697962623,dfine_native,255500.0,mouse,0.3102,991.78,400.87,1028.45,413.63,467.8,36.67,12.76,2.874,False,,True,R-desk,49,evt_S-61_desk_work_surface_0012,451c6c12f28a4d5b,lap_bag_context,no_pose_observation,34560.0,1.33,,1,cam12/e1/v1,
corpus_03,03.CCTV Mobile Usage.mkv,632de9ed55947761d56d4c6142a3cb1a1fe69d0b1a6d0e01a2e404c697962623,dfine_native,256500.0,monitor_or_bezel,0.447,168.08,489.04,257.63,646.06,14061.2,89.55,157.02,0.57,False,,True,S-61,47,evt_S-61_desk_work_surface_0012,19ff9a8f8da79889,pose_hand_context,,28271.1,3.81,,1,cam12/e1/v1,rtmpose_baseline
corpus_03,03.CCTV Mobile Usage.mkv,632de9ed55947761d56d4c6142a3cb1a1fe69d0b1a6d0e01a2e404c697962623,dfine_native,256500.0,stationery,0.296,168.01,493.79,210.69,607.09,4836.0,42.68,113.3,0.377,False,,True,S-61,47,evt_S-61_desk_work_surface_0012,19ff9a8f8da79889,pose_hand_context,,28271.1,3.81,,1,cam12/e1/v1,rtmpose_baseline
corpus_03,03.CCTV Mobile Usage.mkv,632de9ed55947761d56d4c6142a3cb1a1fe69d0b1a6d0e01a2e404c697962623,dfine_native,256500.0,stationery,0.2587,167.98,509.49,209.86,592.97,3496.9,41.89,83.49,0.502,False,,True,S-61,47,evt_S-61_desk_work_surface_0012,19ff9a8f8da79889,pose_hand_context,,28271.1,3.81,,1,cam12/e1/v1,rtmpose_baseline
corpus_03,03.CCTV Mobile Usage.mkv,632de9ed55947761d56d4c6142a3cb1a1fe69d0b1a6d0e01a2e404c697962623,dfine_native,256500.0,keyboard,0.9191,962.46,451.85,1067.81,491.4,4166.7,105.34,39.55,2.663,False,,True,R-desk,49,evt_S-61_desk_work_surface_0012,757bc2dfadf8a267,lap_bag_context,no_pose_observation,34560.0,1.33,,1,cam12/e1/v1,
corpus_03,03.CCTV Mobile Usage.mkv,632de9ed55947761d56d4c6142a3cb1a1fe69d0b1a6d0e01a2e404c697962623,dfine_native,256500.0,unknown_object,0.7296,699.87,396.19,845.82,492.02,13986.3,145.94,95.83,1.523,False,,True,R-desk,49,evt_S-61_desk_work_surface_0012,757bc2dfadf8a267,lap_bag_context,no_pose_observation,34560.0,1.33,,1,cam12/e1/v1,
corpus_03,03.CCTV Mobile Usage.mkv,632de9ed55947761d56d4c6142a3cb1a1fe69d0b1a6d0e01a2e404c697962623,dfine_native,256500.0,monitor_or_bezel,0.6943,1018.96,395.89,1145.98,448.05,6625.2,127.01,52.16,2.435,False,,True,R-desk,49,evt_S-61_desk_work_surface_0012,757bc2dfadf8a267,lap_bag_context,no_pose_observation,34560.0,1.33,,1,cam12/e1/v1,
corpus_03,03.CCTV Mobile Usage.mkv,632de9ed55947761d56d4c6142a3cb1a1fe69d0b1a6d0e01a2e404c697962623,dfine_native,256500.0,mouse,0.6212,864.54,413.73,891.97,434.9,580.7,27.43,21.17,1.296,False,,True,R-desk,49,evt_S-61_desk_work_surface_0012,757bc2dfadf8a267,lap_bag_context,no_pose_observation,34560.0,1.33,,1,cam12/e1/v1,
corpus_03,03.CCTV Mobile Usage.mkv,632de9ed55947761d56d4c6142a3cb1a1fe69d0b1a6d0e01a2e404c697962623,dfine_native,256500.0,keyboard,0.5088,802.48,396.27,870.64,420.57,1656.2,68.16,24.3,2.805,False,,True,R-desk,49,evt_S-61_desk_work_surface_0012,757bc2dfadf8a267,lap_bag_context,no_pose_observation,34560.0,1.33,,1,cam12/e1/v1,
corpus_03,03.CCTV Mobile Usage.mkv,632de9ed55947761d56d4c6142a3cb1a1fe69d0b1a6d0e01a2e404c697962623,dfine_native,256500.0,unknown_object,0.4432,700.03,396.17,761.19,491.62,5837.7,61.16,95.45,0.641,False,,True,R-desk,49,evt_S-61_desk_work_surface_0012,757bc2dfadf8a267,lap_bag_context,no_pose_observation,34560.0,1.33,,1,cam12/e1/v1,
corpus_03,03.CCTV Mobile Usage.mkv,632de9ed55947761d56d4c6142a3cb1a1fe69d0b1a6d0e01a2e404c697962623,dfine_native,256500.0,monitor_or_bezel,0.3758,1012.79,395.82,1147.31,488.46,12462.5,134.52,92.64,1.452,False,,True,R-desk,49,evt_S-61_desk_work_surface_0012,757bc2dfadf8a267,lap_bag_context,no_pose_observation,34560.0,1.33,,1,cam12/e1/v1,
corpus_03,03.CCTV Mobile Usage.mkv,632de9ed55947761d56d4c6142a3cb1a1fe69d0b1a6d0e01a2e404c697962623,dfine_native,256500.0,unknown_object,0.2952,700.09,396.2,777.43,492.04,7412.1,77.33,95.84,0.807,False,,True,R-desk,49,evt_S-61_desk_work_surface_0012,757bc2dfadf8a267,lap_bag_context,no_pose_observation,34560.0,1.33,,1,cam12/e1/v1,
corpus_03,03.CCTV Mobile Usage.mkv,632de9ed55947761d56d4c6142a3cb1a1fe69d0b1a6d0e01a2e404c697962623,dfine_native,256500.0,phone,0.2513,1043.04,421.75,1113.12,474.5,3697.0,70.08,52.75,1.329,False,,True,R-desk,49,evt_S-61_desk_work_surface_0012,757bc2dfadf8a267,lap_bag_context,no_pose_observation,34560.0,1.33,,1,cam12/e1/v1,
corpus_03,03.CCTV Mobile Usage.mkv,632de9ed55947761d56d4c6142a3cb1a1fe69d0b1a6d0e01a2e404c697962623,dfine_native,256500.0,monitor_or_bezel,0.3442,881.26,396.13,948.57,452.56,3797.9,67.31,56.42,1.193,False,,True,R-desk,49,evt_S-61_desk_work_surface_0012,757bc2dfadf8a267,lap_bag_context,no_pose_observation,34560.0,1.33,,1,cam12/e1/v1,
corpus_03,03.CCTV Mobile Usage.mkv,632de9ed55947761d56d4c6142a3cb1a1fe69d0b1a6d0e01a2e404c697962623,dfine_native,256500.0,mouse,0.3569,967.03,398.4,991.4,410.69,299.4,24.37,12.29,1.983,False,,True,R-desk,49,evt_S-61_desk_work_surface_0012,757bc2dfadf8a267,lap_bag_context,no_pose_observation,34560.0,1.33,,1,cam12/e1/v1,
corpus_03,03.CCTV Mobile Usage.mkv,632de9ed55947761d56d4c6142a3cb1a1fe69d0b1a6d0e01a2e404c697962623,dfine_native,257500.0,keyboard,0.9195,962.46,451.85,1067.81,491.4,4166.8,105.34,39.55,2.663,False,,True,R-desk,50,evt_S-61_desk_work_surface_0012,6e4133af21bee8a3,lap_bag_context,no_pose_observation,34560.0,1.33,,1,cam12/e1/v1,
corpus_03,03.CCTV Mobile Usage.mkv,632de9ed55947761d56d4c6142a3cb1a1fe69d0b1a6d0e01a2e404c697962623,dfine_native,257500.0,unknown_object,0.7304,699.87,396.18,845.82,492.02,13986.7,145.95,95.83,1.523,False,,True,R-desk,50,evt_S-61_desk_work_surface_0012,6e4133af21bee8a3,lap_bag_context,no_pose_observation,34560.0,1.33,,1,cam12/e1/v1,
corpus_03,03.CCTV Mobile Usage.mkv,632de9ed55947761d56d4c6142a3cb1a1fe69d0b1a6d0e01a2e404c697962623,dfine_native,257500.0,monitor_or_bezel,0.7026,1018.98,395.89,1145.93,448.03,6619.8,126.95,52.14,2.435,False,,True,R-desk,50,evt_S-61_desk_work_surface_0012,6e4133af21bee8a3,lap_bag_context,no_pose_observation,34560.0,1.33,,1,cam12/e1/v1,
corpus_03,03.CCTV Mobile Usage.mkv,632de9ed55947761d56d4c6142a3cb1a1fe69d0b1a6d0e01a2e404c697962623,dfine_native,257500.0,mouse,0.6223,864.54,413.73,891.97,434.9,580.7,27.43,21.17,1.296,False,,True,R-desk,50,evt_S-61_desk_work_surface_0012,6e4133af21bee8a3,lap_bag_context,no_pose_observation,34560.0,1.33,,1,cam12/e1/v1,
corpus_03,03.CCTV Mobile Usage.mkv,632de9ed55947761d56d4c6142a3cb1a1fe69d0b1a6d0e01a2e404c697962623,dfine_native,257500.0,keyboard,0.5104,802.48,396.27,870.64,420.57,1656.1,68.16,24.3,2.805,False,,True,R-desk,50,evt_S-61_desk_work_surface_0012,6e4133af21bee8a3,lap_bag_context,no_pose_observation,34560.0,1.33,,1,cam12/e1/v1,
corpus_03,03.CCTV Mobile Usage.mkv,632de9ed55947761d56d4c6142a3cb1a1fe69d0b1a6d0e01a2e404c697962623,dfine_native,257500.0,unknown_object,0.4435,700.03,396.17,761.14,491.62,5832.9,61.11,95.45,0.64,False,,True,R-desk,50,evt_S-61_desk_work_surface_0012,6e4133af21bee8a3,lap_bag_context,no_pose_observation,34560.0,1.33,,1,cam12/e1/v1,
corpus_03,03.CCTV Mobile Usage.mkv,632de9ed55947761d56d4c6142a3cb1a1fe69d0b1a6d0e01a2e404c697962623,dfine_native,257500.0,monitor_or_bezel,0.3692,1012.83,395.82,1147.23,488.51,12457.1,134.4,92.69,1.45,False,,True,R-desk,50,evt_S-61_desk_work_surface_0012,6e4133af21bee8a3,lap_bag_context,no_pose_observation,34560.0,1.33,,1,cam12/e1/v1,
corpus_03,03.CCTV Mobile Usage.mkv,632de9ed55947761d56d4c6142a3cb1a1fe69d0b1a6d0e01a2e404c697962623,dfine_native,257500.0,unknown_object,0.2941,700.08,396.2,777.42,492.04,7412.5,77.34,95.85,0.807,False,,True,R-desk,50,evt_S-61_desk_work_surface_0012,6e4133af21bee8a3,lap_bag_context,no_pose_observation,34560.0,1.33,,1,cam12/e1/v1,
corpus_03,03.CCTV Mobile Usage.mkv,632de9ed55947761d56d4c6142a3cb1a1fe69d0b1a6d0e01a2e404c697962623,dfine_native,257500.0,monitor_or_bezel,0.3455,881.27,396.13,948.57,452.56,3797.5,67.3,56.42,1.193,False,,True,R-desk,50,evt_S-61_desk_work_surface_0012,6e4133af21bee8a3,lap_bag_context,no_pose_observation,34560.0,1.33,,1,cam12/e1/v1,
corpus_03,03.CCTV Mobile Usage.mkv,632de9ed55947761d56d4c6142a3cb1a1fe69d0b1a6d0e01a2e404c697962623,dfine_native,257500.0,mouse,0.3593,967.03,398.4,991.4,410.69,299.3,24.36,12.29,1.983,False,,True,R-desk,50,evt_S-61_desk_work_surface_0012,6e4133af21bee8a3,lap_bag_context,no_pose_observation,34560.0,1.33,,1,cam12/e1/v1,
corpus_03,03.CCTV Mobile Usage.mkv,632de9ed55947761d56d4c6142a3cb1a1fe69d0b1a6d0e01a2e404c697962623,dfine_native,257500.0,bag,0.2861,79.06,368.98,159.15,429.21,4824.1,80.1,60.23,1.33,False,,True,S-61,47,evt_S-61_desk_work_surface_0012,9367598ba2df894d,pose_hand_context,,28770.9,3.77,,1,cam12/e1/v1,rtmpose_baseline
corpus_03,03.CCTV Mobile Usage.mkv,632de9ed55947761d56d4c6142a3cb1a1fe69d0b1a6d0e01a2e404c697962623,dfine_native,257500.0,stationery,0.38,39.87,446.64,71.2,470.69,753.3,31.33,24.04,1.303,False,,True,S-61,47,evt_S-61_desk_work_surface_0012,9367598ba2df894d,pose_hand_context,,28770.9,3.77,,1,cam12/e1/v1,rtmpose_baseline
corpus_03,03.CCTV Mobile Usage.mkv,632de9ed55947761d56d4c6142a3cb1a1fe69d0b1a6d0e01a2e404c697962623,dfine_native,257500.0,bag,0.2798,80.02,384.1,158.59,429.29,3550.2,78.57,45.18,1.739,False,,True,S-61,47,evt_S-61_desk_work_surface_0012,9367598ba2df894d,pose_hand_context,,28770.9,3.77,,1,cam12/e1/v1,rtmpose_baseline
corpus_03,03.CCTV Mobile Usage.mkv,632de9ed55947761d56d4c6142a3cb1a1fe69d0b1a6d0e01a2e404c697962623,dfine_native,258500.0,keyboard,0.9199,962.46,451.85,1067.81,491.4,4167.2,105.35,39.56,2.663,False,,True,R-desk,51,evt_S-61_desk_work_surface_0012,bdb86f3dff80f5b6,lap_bag_context,no_pose_observation,34560.0,1.33,,1,cam12/e1/v1,
corpus_03,03.CCTV Mobile Usage.mkv,632de9ed55947761d56d4c6142a3cb1a1fe69d0b1a6d0e01a2e404c697962623,dfine_native,258500.0,unknown_object,0.7314,699.87,396.18,845.81,492.02,13985.6,145.94,95.83,1.523,False,,True,R-desk,51,evt_S-61_desk_work_surface_0012,bdb86f3dff80f5b6,lap_bag_context,no_pose_observation,34560.0,1.33,,1,cam12/e1/v1,
corpus_03,03.CCTV Mobile Usage.mkv,632de9ed55947761d56d4c6142a3cb1a1fe69d0b1a6d0e01a2e404c697962623,dfine_native,258500.0,monitor_or_bezel,0.6997,1018.98,395.88,1145.89,448.06,6622.4,126.92,52.18,2.432,False,,True,R-desk,51,evt_S-61_desk_work_surface_0012,bdb86f3dff80f5b6,lap_bag_context,no_pose_observation,34560.0,1.33,,1,cam12/e1/v1,
corpus_03,03.CCTV Mobile Usage.mkv,632de9ed55947761d56d4c6142a3cb1a1fe69d0b1a6d0e01a2e404c697962623,dfine_native,258500.0,mouse,0.6227,864.54,413.73,891.98,434.9,580.8,27.43,21.17,1.296,False,,True,R-desk,51,evt_S-61_desk_work_surface_0012,bdb86f3dff80f5b6,lap_bag_context,no_pose_observation,34560.0,1.33,,1,cam12/e1/v1,
corpus_03,03.CCTV Mobile Usage.mkv,632de9ed55947761d56d4c6142a3cb1a1fe69d0b1a6d0e01a2e404c697962623,dfine_native,258500.0,keyboard,0.5103,802.48,396.27,870.64,420.57,1656.0,68.16,24.3,2.805,False,,True,R-desk,51,evt_S-61_desk_work_surface_0012,bdb86f3dff80f5b6,lap_bag_context,no_pose_observation,34560.0,1.33,,1,cam12/e1/v1,
corpus_03,03.CCTV Mobile Usage.mkv,632de9ed55947761d56d4c6142a3cb1a1fe69d0b1a6d0e01a2e404c697962623,dfine_native,258500.0,unknown_object,0.4421,700.03,396.17,761.2,491.62,5838.9,61.17,95.45,0.641,False,,True,R-desk,51,evt_S-61_desk_work_surface_0012,bdb86f3dff80f5b6,lap_bag_context,no_pose_observation,34560.0,1.33,,1,cam12/e1/v1,
corpus_03,03.CCTV Mobile Usage.mkv,632de9ed55947761d56d4c6142a3cb1a1fe69d0b1a6d0e01a2e404c697962623,dfine_native,258500.0,monitor_or_bezel,0.3699,1012.93,395.82,1147.2,488.37,12426.7,134.27,92.55,1.451,False,,True,R-desk,51,evt_S-61_desk_work_surface_0012,bdb86f3dff80f5b6,lap_bag_context,no_pose_observation,34560.0,1.33,,1,cam12/e1/v1,
corpus_03,03.CCTV Mobile Usage.mkv,632de9ed55947761d56d4c6142a3cb1a1fe69d0b1a6d0e01a2e404c697962623,dfine_native,258500.0,unknown_object,0.2921,700.09,396.2,777.44,492.04,7413.2,77.35,95.84,0.807,False,,True,R-desk,51,evt_S-61_desk_work_surface_0012,bdb86f3dff80f5b6,lap_bag_context,no_pose_observation,34560.0,1.33,,1,cam12/e1/v1,
corpus_03,03.CCTV Mobile Usage.mkv,632de9ed55947761d56d4c6142a3cb1a1fe69d0b1a6d0e01a2e404c697962623,dfine_native,258500.0,monitor_or_bezel,0.3442,881.27,396.13,948.57,452.56,3797.3,67.3,56.42,1.193,False,,True,R-desk,51,evt_S-61_desk_work_surface_0012,bdb86f3dff80f5b6,lap_bag_context,no_pose_observation,34560.0,1.33,,1,cam12/e1/v1,
corpus_03,03.CCTV Mobile Usage.mkv,632de9ed55947761d56d4c6142a3cb1a1fe69d0b1a6d0e01a2e404c697962623,dfine_native,258500.0,mouse,0.3589,967.03,398.4,991.4,410.69,299.4,24.36,12.29,1.983,False,,True,R-desk,51,evt_S-61_desk_work_surface_0012,bdb86f3dff80f5b6,lap_bag_context,no_pose_observation,34560.0,1.33,,1,cam12/e1/v1,
corpus_03,03.CCTV Mobile Usage.mkv,632de9ed55947761d56d4c6142a3cb1a1fe69d0b1a6d0e01a2e404c697962623,dfine_native,258500.0,keyboard,0.9199,962.46,451.85,1067.81,491.4,4167.2,105.35,39.56,2.663,False,,True,R-desk,50,evt_S-61_desk_work_surface_0012,bdb86f3dff80f5b6,lap_bag_context,no_pose_observation,34560.0,1.33,,1,cam12/e1/v1,
corpus_03,03.CCTV Mobile Usage.mkv,632de9ed55947761d56d4c6142a3cb1a1fe69d0b1a6d0e01a2e404c697962623,dfine_native,258500.0,unknown_object,0.7314,699.87,396.18,845.81,492.02,13985.6,145.94,95.83,1.523,False,,True,R-desk,50,evt_S-61_desk_work_surface_0012,bdb86f3dff80f5b6,lap_bag_context,no_pose_observation,34560.0,1.33,,1,cam12/e1/v1,
corpus_03,03.CCTV Mobile Usage.mkv,632de9ed55947761d56d4c6142a3cb1a1fe69d0b1a6d0e01a2e404c697962623,dfine_native,258500.0,monitor_or_bezel,0.6997,1018.98,395.88,1145.89,448.06,6622.4,126.92,52.18,2.432,False,,True,R-desk,50,evt_S-61_desk_work_surface_0012,bdb86f3dff80f5b6,lap_bag_context,no_pose_observation,34560.0,1.33,,1,cam12/e1/v1,
corpus_03,03.CCTV Mobile Usage.mkv,632de9ed55947761d56d4c6142a3cb1a1fe69d0b1a6d0e01a2e404c697962623,dfine_native,258500.0,mouse,0.6227,864.54,413.73,891.98,434.9,580.8,27.43,21.17,1.296,False,,True,R-desk,50,evt_S-61_desk_work_surface_0012,bdb86f3dff80f5b6,lap_bag_context,no_pose_observation,34560.0,1.33,,1,cam12/e1/v1,
corpus_03,03.CCTV Mobile Usage.mkv,632de9ed55947761d56d4c6142a3cb1a1fe69d0b1a6d0e01a2e404c697962623,dfine_native,258500.0,keyboard,0.5103,802.48,396.27,870.64,420.57,1656.0,68.16,24.3,2.805,False,,True,R-desk,50,evt_S-61_desk_work_surface_0012,bdb86f3dff80f5b6,lap_bag_context,no_pose_observation,34560.0,1.33,,1,cam12/e1/v1,
corpus_03,03.CCTV Mobile Usage.mkv,632de9ed55947761d56d4c6142a3cb1a1fe69d0b1a6d0e01a2e404c697962623,dfine_native,258500.0,unknown_object,0.4421,700.03,396.17,761.2,491.62,5838.9,61.17,95.45,0.641,False,,True,R-desk,50,evt_S-61_desk_work_surface_0012,bdb86f3dff80f5b6,lap_bag_context,no_pose_observation,34560.0,1.33,,1,cam12/e1/v1,
corpus_03,03.CCTV Mobile Usage.mkv,632de9ed55947761d56d4c6142a3cb1a1fe69d0b1a6d0e01a2e404c697962623,dfine_native,258500.0,monitor_or_bezel,0.3699,1012.93,395.82,1147.2,488.37,12426.7,134.27,92.55,1.451,False,,True,R-desk,50,evt_S-61_desk_work_surface_0012,bdb86f3dff80f5b6,lap_bag_context,no_pose_observation,34560.0,1.33,,1,cam12/e1/v1,
corpus_03,03.CCTV Mobile Usage.mkv,632de9ed55947761d56d4c6142a3cb1a1fe69d0b1a6d0e01a2e404c697962623,dfine_native,258500.0,unknown_object,0.2921,700.09,396.2,777.44,492.04,7413.2,77.35,95.84,0.807,False,,True,R-desk,50,evt_S-61_desk_work_surface_0012,bdb86f3dff80f5b6,lap_bag_context,no_pose_observation,34560.0,1.33,,1,cam12/e1/v1,
corpus_03,03.CCTV Mobile Usage.mkv,632de9ed55947761d56d4c6142a3cb1a1fe69d0b1a6d0e01a2e404c697962623,dfine_native,258500.0,monitor_or_bezel,0.3442,881.27,396.13,948.57,452.56,3797.3,67.3,56.42,1.193,False,,True,R-desk,50,evt_S-61_desk_work_surface_0012,bdb86f3dff80f5b6,lap_bag_context,no_pose_observation,34560.0,1.33,,1,cam12/e1/v1,
corpus_03,03.CCTV Mobile Usage.mkv,632de9ed55947761d56d4c6142a3cb1a1fe69d0b1a6d0e01a2e404c697962623,dfine_native,258500.0,mouse,0.3589,967.03,398.4,991.4,410.69,299.4,24.36,12.29,1.983,False,,True,R-desk,50,evt_S-61_desk_work_surface_0012,bdb86f3dff80f5b6,lap_bag_context,no_pose_observation,34560.0,1.33,,1,cam12/e1/v1,
corpus_03,03.CCTV Mobile Usage.mkv,632de9ed55947761d56d4c6142a3cb1a1fe69d0b1a6d0e01a2e404c697962623,dfine_native,258500.0,bag,0.321,78.93,382.66,149.96,429.0,3291.1,71.03,46.34,1.533,False,,True,S-61,47,evt_S-61_desk_work_surface_0012,f7fbefc2289fa486,pose_hand_context,,32227.4,3.57,,1,cam12/e1/v1,rtmpose_baseline
corpus_03,03.CCTV Mobile Usage.mkv,632de9ed55947761d56d4c6142a3cb1a1fe69d0b1a6d0e01a2e404c697962623,dfine_native,258500.0,bag,0.2787,7.14,448.23,183.48,525.4,13607.6,176.35,77.16,2.285,False,,True,S-61,47,evt_S-61_desk_work_surface_0012,f7fbefc2289fa486,pose_hand_context,,32227.4,3.57,,1,cam12/e1/v1,rtmpose_baseline
corpus_03,03.CCTV Mobile Usage.mkv,632de9ed55947761d56d4c6142a3cb1a1fe69d0b1a6d0e01a2e404c697962623,dfine_native,258500.0,stationery,0.3511,39.72,446.47,72.32,470.66,788.5,32.6,24.19,1.348,False,,True,S-61,47,evt_S-61_desk_work_surface_0012,f7fbefc2289fa486,pose_hand_context,,32227.4,3.57,,1,cam12/e1/v1,rtmpose_baseline
corpus_03,03.CCTV Mobile Usage.mkv,632de9ed55947761d56d4c6142a3cb1a1fe69d0b1a6d0e01a2e404c697962623,dfine_native,259500.0,monitor_or_bezel,0.2585,2.06,493.27,153.29,531.83,5832.2,151.23,38.57,3.921,False,,True,S-61,47,evt_S-61_desk_work_surface_0012,5402a68bcdd2c9e7,pose_hand_context,,36016.4,3.37,,1,cam12/e1/v1,rtmpose_baseline
corpus_03,03.CCTV Mobile Usage.mkv,632de9ed55947761d56d4c6142a3cb1a1fe69d0b1a6d0e01a2e404c697962623,dfine_native,273183.0,unknown_object,0.3599,111.87,277.49,205.96,471.4,18246.8,94.1,193.92,0.485,False,,True,S-61,52,evt_S-61_desk_work_surface_0013,781a97f7370f14b4,pose_hand_context,,38518.0,3.26,,1,cam12/e1/v1,rtmpose_baseline
corpus_03,03.CCTV Mobile Usage.mkv,632de9ed55947761d56d4c6142a3cb1a1fe69d0b1a6d0e01a2e404c697962623,dfine_native,273183.0,unknown_object,0.371,61.98,358.74,180.27,468.15,12942.4,118.29,109.41,1.081,False,,True,S-61,52,evt_S-61_desk_work_surface_0013,781a97f7370f14b4,pose_hand_context,,38518.0,3.26,,1,cam12/e1/v1,rtmpose_baseline
corpus_03,03.CCTV Mobile Usage.mkv,632de9ed55947761d56d4c6142a3cb1a1fe69d0b1a6d0e01a2e404c697962623,dfine_native,273183.0,unknown_object,0.3545,10.0,277.63,205.59,472.15,38046.1,195.59,194.52,1.006,False,,True,S-61,52,evt_S-61_desk_work_surface_0013,781a97f7370f14b4,pose_hand_context,,38518.0,3.26,,1,cam12/e1/v1,rtmpose_baseline
corpus_03,03.CCTV Mobile Usage.mkv,632de9ed55947761d56d4c6142a3cb1a1fe69d0b1a6d0e01a2e404c697962623,dfine_native,273183.0,unknown_object,0.2601,113.29,277.33,205.92,410.34,12321.0,92.63,133.01,0.696,False,,True,S-61,52,evt_S-61_desk_work_surface_0013,781a97f7370f14b4,pose_hand_context,,38518.0,3.26,,1,cam12/e1/v1,rtmpose_baseline
corpus_03,03.CCTV Mobile Usage.mkv,632de9ed55947761d56d4c6142a3cb1a1fe69d0b1a6d0e01a2e404c697962623,dfine_native,273183.0,unknown_object,0.4646,62.64,277.53,206.05,470.1,27616.7,143.41,192.57,0.745,False,,True,S-61,52,evt_S-61_desk_work_surface_0013,781a97f7370f14b4,pose_hand_context,,38518.0,3.26,,1,cam12/e1/v1,rtmpose_baseline
corpus_03,03.CCTV Mobile Usage.mkv,632de9ed55947761d56d4c6142a3cb1a1fe69d0b1a6d0e01a2e404c697962623,dfine_native,273183.0,stationery,0.3569,40.99,445.21,72.53,471.57,831.4,31.54,26.36,1.196,False,,True,S-61,52,evt_S-61_desk_work_surface_0013,781a97f7370f14b4,pose_hand_context,,38518.0,3.26,,1,cam12/e1/v1,rtmpose_baseline
corpus_03,03.CCTV Mobile Usage.mkv,632de9ed55947761d56d4c6142a3cb1a1fe69d0b1a6d0e01a2e404c697962623,dfine_native,273183.0,unknown_object,0.3174,39.12,355.41,180.08,468.36,15920.6,140.96,112.94,1.248,False,,True,S-61,52,evt_S-61_desk_work_surface_0013,781a97f7370f14b4,pose_hand_context,,38518.0,3.26,,1,cam12/e1/v1,rtmpose_baseline
corpus_03,03.CCTV Mobile Usage.mkv,632de9ed55947761d56d4c6142a3cb1a1fe69d0b1a6d0e01a2e404c697962623,dfine_native,273183.0,unknown_object,0.3716,10.37,287.07,177.06,470.08,30505.6,166.68,183.01,0.911,False,,True,S-61,52,evt_S-61_desk_work_surface_0013,781a97f7370f14b4,pose_hand_context,,38518.0,3.26,,1,cam12/e1/v1,rtmpose_baseline
corpus_03,03.CCTV Mobile Usage.mkv,632de9ed55947761d56d4c6142a3cb1a1fe69d0b1a6d0e01a2e404c697962623,dfine_native,273183.0,unknown_object,0.3672,12.72,277.55,181.34,468.96,32274.0,168.61,191.41,0.881,False,,True,S-61,52,evt_S-61_desk_work_surface_0013,781a97f7370f14b4,pose_hand_context,,38518.0,3.26,,1,cam12/e1/v1,rtmpose_baseline
corpus_03,03.CCTV Mobile Usage.mkv,632de9ed55947761d56d4c6142a3cb1a1fe69d0b1a6d0e01a2e404c697962623,dfine_native,273183.0,unknown_object,0.2551,9.97,290.96,117.19,472.16,19427.3,107.22,181.2,0.592,False,,True,S-61,52,evt_S-61_desk_work_surface_0013,781a97f7370f14b4,pose_hand_context,,38518.0,3.26,,1,cam12/e1/v1,rtmpose_baseline
corpus_03,03.CCTV Mobile Usage.mkv,632de9ed55947761d56d4c6142a3cb1a1fe69d0b1a6d0e01a2e404c697962623,dfine_native,273183.0,unknown_object,0.3461,10.4,295.06,181.93,470.7,30128.0,171.53,175.64,0.977,False,,True,S-61,52,evt_S-61_desk_work_surface_0013,781a97f7370f14b4,pose_hand_context,,38518.0,3.26,,1,cam12/e1/v1,rtmpose_baseline
corpus_03,03.CCTV Mobile Usage.mkv,632de9ed55947761d56d4c6142a3cb1a1fe69d0b1a6d0e01a2e404c697962623,dfine_native,274183.0,unknown_object,0.539,24.94,298.61,106.89,455.14,12828.0,81.95,156.53,0.524,False,,True,S-61,52,evt_S-61_desk_work_surface_0013,ac1564b58896f1a9,pose_hand_context,,37698.1,3.3,,1,cam12/e1/v1,rtmpose_baseline
corpus_03,03.CCTV Mobile Usage.mkv,632de9ed55947761d56d4c6142a3cb1a1fe69d0b1a6d0e01a2e404c697962623,dfine_native,274183.0,unknown_object,0.4352,25.21,298.21,106.44,385.48,7088.9,81.23,87.27,0.931,False,,True,S-61,52,evt_S-61_desk_work_surface_0013,ac1564b58896f1a9,pose_hand_context,,37698.1,3.3,,1,cam12/e1/v1,rtmpose_baseline
corpus_03,03.CCTV Mobile Usage.mkv,632de9ed55947761d56d4c6142a3cb1a1fe69d0b1a6d0e01a2e404c697962623,dfine_native,274183.0,unknown_object,0.4148,25.25,299.4,101.17,381.44,6228.6,75.92,82.04,0.925,False,,True,S-61,52,evt_S-61_desk_work_surface_0013,ac1564b58896f1a9,pose_hand_context,,37698.1,3.3,,1,cam12/e1/v1,rtmpose_baseline
corpus_03,03.CCTV Mobile Usage.mkv,632de9ed55947761d56d4c6142a3cb1a1fe69d0b1a6d0e01a2e404c697962623,dfine_native,274183.0,bag,0.3005,69.54,373.0,174.95,454.88,8631.7,105.41,81.89,1.287,False,,True,S-61,52,evt_S-61_desk_work_surface_0013,ac1564b58896f1a9,pose_hand_context,,37698.1,3.3,,1,cam12/e1/v1,rtmpose_baseline
corpus_03,03.CCTV Mobile Usage.mkv,632de9ed55947761d56d4c6142a3cb1a1fe69d0b1a6d0e01a2e404c697962623,dfine_native,274183.0,unknown_object,0.4388,25.25,299.1,176.0,455.05,23510.2,150.75,155.95,0.967,False,,True,S-61,52,evt_S-61_desk_work_surface_0013,ac1564b58896f1a9,pose_hand_context,,37698.1,3.3,,1,cam12/e1/v1,rtmpose_baseline
corpus_03,03.CCTV Mobile Usage.mkv,632de9ed55947761d56d4c6142a3cb1a1fe69d0b1a6d0e01a2e404c697962623,dfine_native,274183.0,unknown_object,0.3958,25.09,298.61,194.75,455.2,26567.3,169.66,156.59,1.083,False,,True,S-61,52,evt_S-61_desk_work_surface_0013,ac1564b58896f1a9,pose_hand_context,,37698.1,3.3,,1,cam12/e1/v1,rtmpose_baseline
corpus_03,03.CCTV Mobile Usage.mkv,632de9ed55947761d56d4c6142a3cb1a1fe69d0b1a6d0e01a2e404c697962623,dfine_native,275183.0,stationery,0.3417,136.95,502.8,219.54,576.3,6070.3,82.59,73.5,1.124,False,,True,S-61,52,evt_S-61_desk_work_surface_0013,ef0c4f8fb6937e71,pose_hand_context,,31109.9,3.63,,1,cam12/e1/v1,rtmpose_baseline
corpus_03,03.CCTV Mobile Usage.mkv,632de9ed55947761d56d4c6142a3cb1a1fe69d0b1a6d0e01a2e404c697962623,dfine_native,275183.0,stationery,0.309,96.42,447.12,186.38,507.01,5387.8,89.97,59.89,1.502,False,,True,S-61,52,evt_S-61_desk_work_surface_0013,ef0c4f8fb6937e71,pose_hand_context,,31109.9,3.63,,1,cam12/e1/v1,rtmpose_baseline
corpus_03,03.CCTV Mobile Usage.mkv,632de9ed55947761d56d4c6142a3cb1a1fe69d0b1a6d0e01a2e404c697962623,dfine_native,275183.0,unknown_object,0.2981,82.06,405.94,220.97,576.18,23649.4,138.92,170.24,0.816,False,,True,S-61,52,evt_S-61_desk_work_surface_0013,ef0c4f8fb6937e71,pose_hand_context,,31109.9,3.63,,1,cam12/e1/v1,rtmpose_baseline
corpus_03,03.CCTV Mobile Usage.mkv,632de9ed55947761d56d4c6142a3cb1a1fe69d0b1a6d0e01a2e404c697962623,dfine_native,275183.0,keyboard,0.9236,962.38,451.92,1067.88,491.44,4169.7,105.5,39.52,2.669,False,,True,R-desk,53,evt_S-61_desk_work_surface_0013,fbf7b74247a54f94,lap_bag_context,no_pose_observation,34560.0,1.33,,1,cam12/e1/v1,
corpus_03,03.CCTV Mobile Usage.mkv,632de9ed55947761d56d4c6142a3cb1a1fe69d0b1a6d0e01a2e404c697962623,dfine_native,275183.0,unknown_object,0.8267,699.92,396.26,846.6,491.95,14036.2,146.68,95.69,1.533,False,,True,R-desk,53,evt_S-61_desk_work_surface_0013,fbf7b74247a54f94,lap_bag_context,no_pose_observation,34560.0,1.33,,1,cam12/e1/v1,
corpus_03,03.CCTV Mobile Usage.mkv,632de9ed55947761d56d4c6142a3cb1a1fe69d0b1a6d0e01a2e404c697962623,dfine_native,275183.0,monitor_or_bezel,0.7676,1019.22,395.67,1146.15,448.62,6720.9,126.93,52.95,2.397,False,,True,R-desk,53,evt_S-61_desk_work_surface_0013,fbf7b74247a54f94,lap_bag_context,no_pose_observation,34560.0,1.33,,1,cam12/e1/v1,
corpus_03,03.CCTV Mobile Usage.mkv,632de9ed55947761d56d4c6142a3cb1a1fe69d0b1a6d0e01a2e404c697962623,dfine_native,275183.0,mouse,0.6707,864.86,413.67,892.49,434.89,586.5,27.64,21.22,1.302,False,,True,R-desk,53,evt_S-61_desk_work_surface_0013,fbf7b74247a54f94,lap_bag_context,no_pose_observation,34560.0,1.33,,1,cam12/e1/v1,
corpus_03,03.CCTV Mobile Usage.mkv,632de9ed55947761d56d4c6142a3cb1a1fe69d0b1a6d0e01a2e404c697962623,dfine_native,275183.0,keyboard,0.4629,802.79,396.26,870.45,420.58,1645.2,67.66,24.32,2.782,False,,True,R-desk,53,evt_S-61_desk_work_surface_0013,fbf7b74247a54f94,lap_bag_context,no_pose_observation,34560.0,1.33,,1,cam12/e1/v1,
corpus_03,03.CCTV Mobile Usage.mkv,632de9ed55947761d56d4c6142a3cb1a1fe69d0b1a6d0e01a2e404c697962623,dfine_native,275183.0,mouse,0.4367,967.17,398.44,991.73,410.54,297.1,24.56,12.1,2.03,False,,True,R-desk,53,evt_S-61_desk_work_surface_0013,fbf7b74247a54f94,lap_bag_context,no_pose_observation,34560.0,1.33,,1,cam12/e1/v1,
corpus_03,03.CCTV Mobile Usage.mkv,632de9ed55947761d56d4c6142a3cb1a1fe69d0b1a6d0e01a2e404c697962623,dfine_native,275183.0,unknown_object,0.2967,700.01,396.41,759.42,491.53,5651.1,59.41,95.12,0.625,False,,True,R-desk,53,evt_S-61_desk_work_surface_0013,fbf7b74247a54f94,lap_bag_context,no_pose_observation,34560.0,1.33,,1,cam12/e1/v1,
corpus_03,03.CCTV Mobile Usage.mkv,632de9ed55947761d56d4c6142a3cb1a1fe69d0b1a6d0e01a2e404c697962623,dfine_native,275183.0,monitor_or_bezel,0.3682,881.21,396.14,948.62,452.6,3806.1,67.41,56.46,1.194,False,,True,R-desk,53,evt_S-61_desk_work_surface_0013,fbf7b74247a54f94,lap_bag_context,no_pose_observation,34560.0,1.33,,1,cam12/e1/v1,
corpus_03,03.CCTV Mobile Usage.mkv,632de9ed55947761d56d4c6142a3cb1a1fe69d0b1a6d0e01a2e404c697962623,dfine_native,275183.0,keyboard,0.2776,773.87,458.78,842.21,490.23,2149.3,68.34,31.45,2.173,False,,True,R-desk,53,evt_S-61_desk_work_surface_0013,fbf7b74247a54f94,lap_bag_context,no_pose_observation,34560.0,1.33,,1,cam12/e1/v1,
corpus_03,03.CCTV Mobile Usage.mkv,632de9ed55947761d56d4c6142a3cb1a1fe69d0b1a6d0e01a2e404c697962623,dfine_native,275183.0,mouse,0.2837,991.88,400.71,1028.35,413.68,473.1,36.47,12.97,2.811,False,,True,R-desk,53,evt_S-61_desk_work_surface_0013,fbf7b74247a54f94,lap_bag_context,no_pose_observation,34560.0,1.33,,1,cam12/e1/v1,
corpus_03,03.CCTV Mobile Usage.mkv,632de9ed55947761d56d4c6142a3cb1a1fe69d0b1a6d0e01a2e404c697962623,dfine_native,275183.0,monitor_or_bezel,0.2531,1015.59,395.65,1147.77,488.47,12269.8,132.19,92.82,1.424,False,,True,R-desk,53,evt_S-61_desk_work_surface_0013,fbf7b74247a54f94,lap_bag_context,no_pose_observation,34560.0,1.33,,1,cam12/e1/v1,
corpus_03,03.CCTV Mobile Usage.mkv,632de9ed55947761d56d4c6142a3cb1a1fe69d0b1a6d0e01a2e404c697962623,dfine_native,276183.0,unknown_object,0.3481,93.13,426.37,250.03,583.32,24624.9,156.9,156.95,1.0,False,,True,S-61,52,evt_S-61_desk_work_surface_0013,41a86abd42cbc6ba,pose_hand_context,,24755.9,4.07,,1,cam12/e1/v1,rtmpose_baseline
corpus_03,03.CCTV Mobile Usage.mkv,632de9ed55947761d56d4c6142a3cb1a1fe69d0b1a6d0e01a2e404c697962623,dfine_native,276183.0,unknown_object,0.6789,92.89,430.49,220.95,583.5,19594.2,128.05,153.02,0.837,False,,True,S-61,52,evt_S-61_desk_work_surface_0013,41a86abd42cbc6ba,pose_hand_context,,24755.9,4.07,,1,cam12/e1/v1,rtmpose_baseline
corpus_03,03.CCTV Mobile Usage.mkv,632de9ed55947761d56d4c6142a3cb1a1fe69d0b1a6d0e01a2e404c697962623,dfine_native,276183.0,unknown_object,0.291,93.11,499.88,219.77,583.62,10606.1,126.65,83.74,1.512,False,,True,S-61,52,evt_S-61_desk_work_surface_0013,41a86abd42cbc6ba,pose_hand_context,,24755.9,4.07,,1,cam12/e1/v1,rtmpose_baseline
corpus_03,03.CCTV Mobile Usage.mkv,632de9ed55947761d56d4c6142a3cb1a1fe69d0b1a6d0e01a2e404c697962623,dfine_native,276183.0,unknown_object,0.4274,93.06,478.29,220.14,583.41,13358.0,127.08,105.11,1.209,False,,True,S-61,52,evt_S-61_desk_work_surface_0013,41a86abd42cbc6ba,pose_hand_context,,24755.9,4.07,,1,cam12/e1/v1,rtmpose_baseline
corpus_03,03.CCTV Mobile Usage.mkv,632de9ed55947761d56d4c6142a3cb1a1fe69d0b1a6d0e01a2e404c697962623,dfine_native,276183.0,unknown_object,0.4093,92.98,441.84,219.94,583.37,17969.1,126.97,141.53,0.897,False,,True,S-61,52,evt_S-61_desk_work_surface_0013,41a86abd42cbc6ba,pose_hand_context,,24755.9,4.07,,1,cam12/e1/v1,rtmpose_baseline
corpus_03,03.CCTV Mobile Usage.mkv,632de9ed55947761d56d4c6142a3cb1a1fe69d0b1a6d0e01a2e404c697962623,dfine_native,276183.0,unknown_object,0.2823,98.84,426.15,179.21,482.79,4553.0,80.38,56.65,1.419,False,,True,S-61,52,evt_S-61_desk_work_surface_0013,41a86abd42cbc6ba,pose_hand_context,,24755.9,4.07,,1,cam12/e1/v1,rtmpose_baseline
corpus_03,03.CCTV Mobile Usage.mkv,632de9ed55947761d56d4c6142a3cb1a1fe69d0b1a6d0e01a2e404c697962623,dfine_native,276183.0,unknown_object,0.3588,93.14,426.13,179.11,498.44,6216.4,85.97,72.31,1.189,False,,True,S-61,52,evt_S-61_desk_work_surface_0013,41a86abd42cbc6ba,pose_hand_context,,24755.9,4.07,,1,cam12/e1/v1,rtmpose_baseline
corpus_03,03.CCTV Mobile Usage.mkv,632de9ed55947761d56d4c6142a3cb1a1fe69d0b1a6d0e01a2e404c697962623,dfine_native,276183.0,keyboard,0.9228,962.3,451.94,1068.04,491.44,4177.6,105.75,39.51,2.677,False,,True,R-desk,53,evt_S-61_desk_work_surface_0013,7d01d521e679a68c,lap_bag_context,no_pose_observation,34560.0,1.33,,1,cam12/e1/v1,
corpus_03,03.CCTV Mobile Usage.mkv,632de9ed55947761d56d4c6142a3cb1a1fe69d0b1a6d0e01a2e404c697962623,dfine_native,276183.0,unknown_object,0.6929,699.89,396.15,846.61,492.19,14090.7,146.72,96.04,1.528,False,,True,R-desk,53,evt_S-61_desk_work_surface_0013,7d01d521e679a68c,lap_bag_context,no_pose_observation,34560.0,1.33,,1,cam12/e1/v1,
corpus_03,03.CCTV Mobile Usage.mkv,632de9ed55947761d56d4c6142a3cb1a1fe69d0b1a6d0e01a2e404c697962623,dfine_native,276183.0,monitor_or_bezel,0.6451,1019.02,395.94,1146.14,448.12,6632.6,127.12,52.18,2.436,False,,True,R-desk,53,evt_S-61_desk_work_surface_0013,7d01d521e679a68c,lap_bag_context,no_pose_observation,34560.0,1.33,,1,cam12/e1/v1,
corpus_03,03.CCTV Mobile Usage.mkv,632de9ed55947761d56d4c6142a3cb1a1fe69d0b1a6d0e01a2e404c697962623,dfine_native,276183.0,keyboard,0.5376,802.58,396.26,870.82,420.61,1661.4,68.24,24.35,2.803,False,,True,R-desk,53,evt_S-61_desk_work_surface_0013,7d01d521e679a68c,lap_bag_context,no_pose_observation,34560.0,1.33,,1,cam12/e1/v1,
corpus_03,03.CCTV Mobile Usage.mkv,632de9ed55947761d56d4c6142a3cb1a1fe69d0b1a6d0e01a2e404c697962623,dfine_native,276183.0,monitor_or_bezel,0.4227,1014.64,395.81,1147.43,488.42,12297.5,132.79,92.61,1.434,False,,True,R-desk,53,evt_S-61_desk_work_surface_0013,7d01d521e679a68c,lap_bag_context,no_pose_observation,34560.0,1.33,,1,cam12/e1/v1,
corpus_03,03.CCTV Mobile Usage.mkv,632de9ed55947761d56d4c6142a3cb1a1fe69d0b1a6d0e01a2e404c697962623,dfine_native,276183.0,phone,0.2556,1042.94,421.97,1112.63,474.27,3644.3,69.69,52.29,1.333,False,,True,R-desk,53,evt_S-61_desk_work_surface_0013,7d01d521e679a68c,lap_bag_context,no_pose_observation,34560.0,1.33,,1,cam12/e1/v1,
corpus_03,03.CCTV Mobile Usage.mkv,632de9ed55947761d56d4c6142a3cb1a1fe69d0b1a6d0e01a2e404c697962623,dfine_native,276183.0,mouse,0.5913,864.87,413.9,891.9,435.11,573.3,27.03,21.21,1.274,False,,True,R-desk,53,evt_S-61_desk_work_surface_0013,7d01d521e679a68c,lap_bag_context,no_pose_observation,34560.0,1.33,,1,cam12/e1/v1,
corpus_03,03.CCTV Mobile Usage.mkv,632de9ed55947761d56d4c6142a3cb1a1fe69d0b1a6d0e01a2e404c697962623,dfine_native,276183.0,mouse,0.3782,967.12,398.31,992.05,410.48,303.5,24.94,12.17,2.048,False,,True,R-desk,53,evt_S-61_desk_work_surface_0013,7d01d521e679a68c,lap_bag_context,no_pose_observation,34560.0,1.33,,1,cam12/e1/v1,
corpus_03,03.CCTV Mobile Usage.mkv,632de9ed55947761d56d4c6142a3cb1a1fe69d0b1a6d0e01a2e404c697962623,dfine_native,276183.0,monitor_or_bezel,0.311,881.05,396.17,948.84,452.6,3825.0,67.79,56.43,1.201,False,,True,R-desk,53,evt_S-61_desk_work_surface_0013,7d01d521e679a68c,lap_bag_context,no_pose_observation,34560.0,1.33,,1,cam12/e1/v1,
corpus_03,03.CCTV Mobile Usage.mkv,632de9ed55947761d56d4c6142a3cb1a1fe69d0b1a6d0e01a2e404c697962623,dfine_native,276183.0,unknown_object,0.3172,700.01,396.31,766.68,491.25,6330.3,66.68,94.94,0.702,False,,True,R-desk,53,evt_S-61_desk_work_surface_0013,7d01d521e679a68c,lap_bag_context,no_pose_observation,34560.0,1.33,,1,cam12/e1/v1,
corpus_03,03.CCTV Mobile Usage.mkv,632de9ed55947761d56d4c6142a3cb1a1fe69d0b1a6d0e01a2e404c697962623,dfine_native,276183.0,monitor_or_bezel,0.303,738.39,395.42,1147.24,491.06,39100.7,408.84,95.64,4.275,False,,True,R-desk,53,evt_S-61_desk_work_surface_0013,7d01d521e679a68c,lap_bag_context,no_pose_observation,34560.0,1.33,,1,cam12/e1/v1,
corpus_03,03.CCTV Mobile Usage.mkv,632de9ed55947761d56d4c6142a3cb1a1fe69d0b1a6d0e01a2e404c697962623,dfine_native,276183.0,keyboard,0.9228,962.3,451.94,1068.04,491.44,4177.6,105.75,39.51,2.677,False,,True,R-desk,54,evt_S-61_desk_work_surface_0013,7d01d521e679a68c,lap_bag_context,no_pose_observation,34560.0,1.33,,1,cam12/e1/v1,
corpus_03,03.CCTV Mobile Usage.mkv,632de9ed55947761d56d4c6142a3cb1a1fe69d0b1a6d0e01a2e404c697962623,dfine_native,276183.0,unknown_object,0.6929,699.89,396.15,846.61,492.19,14090.7,146.72,96.04,1.528,False,,True,R-desk,54,evt_S-61_desk_work_surface_0013,7d01d521e679a68c,lap_bag_context,no_pose_observation,34560.0,1.33,,1,cam12/e1/v1,
corpus_03,03.CCTV Mobile Usage.mkv,632de9ed55947761d56d4c6142a3cb1a1fe69d0b1a6d0e01a2e404c697962623,dfine_native,276183.0,monitor_or_bezel,0.6451,1019.02,395.94,1146.14,448.12,6632.6,127.12,52.18,2.436,False,,True,R-desk,54,evt_S-61_desk_work_surface_0013,7d01d521e679a68c,lap_bag_context,no_pose_observation,34560.0,1.33,,1,cam12/e1/v1,
corpus_03,03.CCTV Mobile Usage.mkv,632de9ed55947761d56d4c6142a3cb1a1fe69d0b1a6d0e01a2e404c697962623,dfine_native,276183.0,keyboard,0.5376,802.58,396.26,870.82,420.61,1661.4,68.24,24.35,2.803,False,,True,R-desk,54,evt_S-61_desk_work_surface_0013,7d01d521e679a68c,lap_bag_context,no_pose_observation,34560.0,1.33,,1,cam12/e1/v1,
corpus_03,03.CCTV Mobile Usage.mkv,632de9ed55947761d56d4c6142a3cb1a1fe69d0b1a6d0e01a2e404c697962623,dfine_native,276183.0,monitor_or_bezel,0.4227,1014.64,395.81,1147.43,488.42,12297.5,132.79,92.61,1.434,False,,True,R-desk,54,evt_S-61_desk_work_surface_0013,7d01d521e679a68c,lap_bag_context,no_pose_observation,34560.0,1.33,,1,cam12/e1/v1,
corpus_03,03.CCTV Mobile Usage.mkv,632de9ed55947761d56d4c6142a3cb1a1fe69d0b1a6d0e01a2e404c697962623,dfine_native,276183.0,phone,0.2556,1042.94,421.97,1112.63,474.27,3644.3,69.69,52.29,1.333,False,,True,R-desk,54,evt_S-61_desk_work_surface_0013,7d01d521e679a68c,lap_bag_context,no_pose_observation,34560.0,1.33,,1,cam12/e1/v1,
corpus_03,03.CCTV Mobile Usage.mkv,632de9ed55947761d56d4c6142a3cb1a1fe69d0b1a6d0e01a2e404c697962623,dfine_native,276183.0,mouse,0.5913,864.87,413.9,891.9,435.11,573.3,27.03,21.21,1.274,False,,True,R-desk,54,evt_S-61_desk_work_surface_0013,7d01d521e679a68c,lap_bag_context,no_pose_observation,34560.0,1.33,,1,cam12/e1/v1,
corpus_03,03.CCTV Mobile Usage.mkv,632de9ed55947761d56d4c6142a3cb1a1fe69d0b1a6d0e01a2e404c697962623,dfine_native,276183.0,mouse,0.3782,967.12,398.31,992.05,410.48,303.5,24.94,12.17,2.048,False,,True,R-desk,54,evt_S-61_desk_work_surface_0013,7d01d521e679a68c,lap_bag_context,no_pose_observation,34560.0,1.33,,1,cam12/e1/v1,
corpus_03,03.CCTV Mobile Usage.mkv,632de9ed55947761d56d4c6142a3cb1a1fe69d0b1a6d0e01a2e404c697962623,dfine_native,276183.0,monitor_or_bezel,0.311,881.05,396.17,948.84,452.6,3825.0,67.79,56.43,1.201,False,,True,R-desk,54,evt_S-61_desk_work_surface_0013,7d01d521e679a68c,lap_bag_context,no_pose_observation,34560.0,1.33,,1,cam12/e1/v1,
corpus_03,03.CCTV Mobile Usage.mkv,632de9ed55947761d56d4c6142a3cb1a1fe69d0b1a6d0e01a2e404c697962623,dfine_native,276183.0,unknown_object,0.3172,700.01,396.31,766.68,491.25,6330.3,66.68,94.94,0.702,False,,True,R-desk,54,evt_S-61_desk_work_surface_0013,7d01d521e679a68c,lap_bag_context,no_pose_observation,34560.0,1.33,,1,cam12/e1/v1,
corpus_03,03.CCTV Mobile Usage.mkv,632de9ed55947761d56d4c6142a3cb1a1fe69d0b1a6d0e01a2e404c697962623,dfine_native,276183.0,monitor_or_bezel,0.303,738.39,395.42,1147.24,491.06,39100.7,408.84,95.64,4.275,False,,True,R-desk,54,evt_S-61_desk_work_surface_0013,7d01d521e679a68c,lap_bag_context,no_pose_observation,34560.0,1.33,,1,cam12/e1/v1,
corpus_03,03.CCTV Mobile Usage.mkv,632de9ed55947761d56d4c6142a3cb1a1fe69d0b1a6d0e01a2e404c697962623,dfine_native,277467.0,keyboard,0.9193,962.21,452.0,1068.05,491.44,4174.7,105.84,39.44,2.683,False,,True,R-desk,56,evt_S-61_desk_work_surface_0014,2787998bb369fb67,lap_bag_context,no_pose_observation,34560.0,1.33,,1,cam12/e1/v1,
corpus_03,03.CCTV Mobile Usage.mkv,632de9ed55947761d56d4c6142a3cb1a1fe69d0b1a6d0e01a2e404c697962623,dfine_native,277467.0,unknown_object,0.7027,699.89,396.16,847.03,491.89,14084.6,147.14,95.73,1.537,False,,True,R-desk,56,evt_S-61_desk_work_surface_0014,2787998bb369fb67,lap_bag_context,no_pose_observation,34560.0,1.33,,1,cam12/e1/v1,
corpus_03,03.CCTV Mobile Usage.mkv,632de9ed55947761d56d4c6142a3cb1a1fe69d0b1a6d0e01a2e404c697962623,dfine_native,277467.0,monitor_or_bezel,0.6122,1018.63,395.79,1145.9,447.85,6625.9,127.27,52.06,2.445,False,,True,R-desk,56,evt_S-61_desk_work_surface_0014,2787998bb369fb67,lap_bag_context,no_pose_observation,34560.0,1.33,,1,cam12/e1/v1,
corpus_03,03.CCTV Mobile Usage.mkv,632de9ed55947761d56d4c6142a3cb1a1fe69d0b1a6d0e01a2e404c697962623,dfine_native,277467.0,keyboard,0.574,802.32,396.25,870.93,420.76,1681.8,68.61,24.51,2.799,False,,True,R-desk,56,evt_S-61_desk_work_surface_0014,2787998bb369fb67,lap_bag_context,no_pose_observation,34560.0,1.33,,1,cam12/e1/v1,
corpus_03,03.CCTV Mobile Usage.mkv,632de9ed55947761d56d4c6142a3cb1a1fe69d0b1a6d0e01a2e404c697962623,dfine_native,277467.0,monitor_or_bezel,0.3848,1013.89,395.71,1147.25,488.46,12368.7,133.36,92.75,1.438,False,,True,R-desk,56,evt_S-61_desk_work_surface_0014,2787998bb369fb67,lap_bag_context,no_pose_observation,34560.0,1.33,,1,cam12/e1/v1,
corpus_03,03.CCTV Mobile Usage.mkv,632de9ed55947761d56d4c6142a3cb1a1fe69d0b1a6d0e01a2e404c697962623,dfine_native,277467.0,phone,0.2576,1042.77,421.71,1113.38,474.26,3710.7,70.61,52.55,1.344,False,,True,R-desk,56,evt_S-61_desk_work_surface_0014,2787998bb369fb67,lap_bag_context,no_pose_observation,34560.0,1.33,,1,cam12/e1/v1,
corpus_03,03.CCTV Mobile Usage.mkv,632de9ed55947761d56d4c6142a3cb1a1fe69d0b1a6d0e01a2e404c697962623,dfine_native,277467.0,mouse,0.5743,864.76,413.85,891.92,435.18,579.3,27.16,21.33,1.273,False,,True,R-desk,56,evt_S-61_desk_work_surface_0014,2787998bb369fb67,lap_bag_context,no_pose_observation,34560.0,1.33,,1,cam12/e1/v1,
corpus_03,03.CCTV Mobile Usage.mkv,632de9ed55947761d56d4c6142a3cb1a1fe69d0b1a6d0e01a2e404c697962623,dfine_native,277467.0,monitor_or_bezel,0.282,881.04,396.18,949.11,452.71,3847.9,68.07,56.53,1.204,False,,True,R-desk,56,evt_S-61_desk_work_surface_0014,2787998bb369fb67,lap_bag_context,no_pose_observation,34560.0,1.33,,1,cam12/e1/v1,
corpus_03,03.CCTV Mobile Usage.mkv,632de9ed55947761d56d4c6142a3cb1a1fe69d0b1a6d0e01a2e404c697962623,dfine_native,277467.0,mouse,0.3489,967.04,398.3,992.09,410.58,307.4,25.05,12.27,2.041,False,,True,R-desk,56,evt_S-61_desk_work_surface_0014,2787998bb369fb67,lap_bag_context,no_pose_observation,34560.0,1.33,,1,cam12/e1/v1,
corpus_03,03.CCTV Mobile Usage.mkv,632de9ed55947761d56d4c6142a3cb1a1fe69d0b1a6d0e01a2e404c697962623,dfine_native,277467.0,unknown_object,0.2643,700.02,396.29,767.22,490.74,6347.1,67.2,94.45,0.712,False,,True,R-desk,56,evt_S-61_desk_work_surface_0014,2787998bb369fb67,lap_bag_context,no_pose_observation,34560.0,1.33,,1,cam12/e1/v1,
corpus_03,03.CCTV Mobile Usage.mkv,632de9ed55947761d56d4c6142a3cb1a1fe69d0b1a6d0e01a2e404c697962623,dfine_native,277467.0,monitor_or_bezel,0.2706,739.51,395.34,1146.72,490.94,38930.4,407.21,95.6,4.259,False,,True,R-desk,56,evt_S-61_desk_work_surface_0014,2787998bb369fb67,lap_bag_context,no_pose_observation,34560.0,1.33,,1,cam12/e1/v1,
corpus_03,03.CCTV Mobile Usage.mkv,632de9ed55947761d56d4c6142a3cb1a1fe69d0b1a6d0e01a2e404c697962623,dfine_native,277467.0,mouse,0.2706,990.96,399.46,1026.18,413.23,485.2,35.22,13.78,2.557,False,,True,R-desk,56,evt_S-61_desk_work_surface_0014,2787998bb369fb67,lap_bag_context,no_pose_observation,34560.0,1.33,,1,cam12/e1/v1,
corpus_03,03.CCTV Mobile Usage.mkv,632de9ed55947761d56d4c6142a3cb1a1fe69d0b1a6d0e01a2e404c697962623,dfine_native,277467.0,unknown_object,0.3492,104.07,340.38,235.76,447.09,14052.6,131.69,106.71,1.234,False,,True,S-61,55,evt_S-61_desk_work_surface_0014,75ed3c1c34239082,pose_hand_context,,26205.1,3.95,,1,cam12/e1/v1,rtmpose_baseline
corpus_03,03.CCTV Mobile Usage.mkv,632de9ed55947761d56d4c6142a3cb1a1fe69d0b1a6d0e01a2e404c697962623,dfine_native,277467.0,unknown_object,0.3206,74.23,340.27,187.52,447.33,12130.1,113.3,107.06,1.058,False,,True,S-61,55,evt_S-61_desk_work_surface_0014,75ed3c1c34239082,pose_hand_context,,26205.1,3.95,,1,cam12/e1/v1,rtmpose_baseline
corpus_03,03.CCTV Mobile Usage.mkv,632de9ed55947761d56d4c6142a3cb1a1fe69d0b1a6d0e01a2e404c697962623,dfine_native,278467.0,stationery,0.2809,138.46,504.9,166.36,522.58,493.2,27.89,17.68,1.577,False,,True,S-61,55,evt_S-61_desk_work_surface_0014,2a36a7787b46837e,pose_hand_context,,23777.6,4.15,,1,cam12/e1/v1,rtmpose_baseline
corpus_03,03.CCTV Mobile Usage.mkv,632de9ed55947761d56d4c6142a3cb1a1fe69d0b1a6d0e01a2e404c697962623,dfine_native,278467.0,unknown_object,0.5368,77.06,398.34,230.73,551.33,23509.8,153.67,152.99,1.004,False,,True,S-61,55,evt_S-61_desk_work_surface_0014,2a36a7787b46837e,pose_hand_context,,23777.6,4.15,,1,cam12/e1/v1,rtmpose_baseline
corpus_03,03.CCTV Mobile Usage.mkv,632de9ed55947761d56d4c6142a3cb1a1fe69d0b1a6d0e01a2e404c697962623,dfine_native,278467.0,unknown_object,0.2642,77.04,496.05,203.52,551.71,7040.1,126.48,55.66,2.272,False,,True,S-61,55,evt_S-61_desk_work_surface_0014,2a36a7787b46837e,pose_hand_context,,23777.6,4.15,,1,cam12/e1/v1,rtmpose_baseline
corpus_03,03.CCTV Mobile Usage.mkv,632de9ed55947761d56d4c6142a3cb1a1fe69d0b1a6d0e01a2e404c697962623,dfine_native,278467.0,unknown_object,0.322,77.09,421.65,204.09,551.27,16462.3,127.01,129.62,0.98,False,,True,S-61,55,evt_S-61_desk_work_surface_0014,2a36a7787b46837e,pose_hand_context,,23777.6,4.15,,1,cam12/e1/v1,rtmpose_baseline
corpus_03,03.CCTV Mobile Usage.mkv,632de9ed55947761d56d4c6142a3cb1a1fe69d0b1a6d0e01a2e404c697962623,dfine_native,278467.0,unknown_object,0.2594,100.16,399.19,186.01,491.74,7945.5,85.85,92.55,0.928,False,,True,S-61,55,evt_S-61_desk_work_surface_0014,2a36a7787b46837e,pose_hand_context,,23777.6,4.15,,1,cam12/e1/v1,rtmpose_baseline
corpus_03,03.CCTV Mobile Usage.mkv,632de9ed55947761d56d4c6142a3cb1a1fe69d0b1a6d0e01a2e404c697962623,dfine_native,278467.0,unknown_object,0.2557,77.07,485.42,204.44,551.71,8443.4,127.37,66.29,1.921,False,,True,S-61,55,evt_S-61_desk_work_surface_0014,2a36a7787b46837e,pose_hand_context,,23777.6,4.15,,1,cam12/e1/v1,rtmpose_baseline
corpus_03,03.CCTV Mobile Usage.mkv,632de9ed55947761d56d4c6142a3cb1a1fe69d0b1a6d0e01a2e404c697962623,dfine_native,278467.0,unknown_object,0.5283,76.95,400.26,205.49,551.39,19423.9,128.53,151.12,0.851,False,,True,S-61,55,evt_S-61_desk_work_surface_0014,2a36a7787b46837e,pose_hand_context,,23777.6,4.15,,1,cam12/e1/v1,rtmpose_baseline
corpus_03,03.CCTV Mobile Usage.mkv,632de9ed55947761d56d4c6142a3cb1a1fe69d0b1a6d0e01a2e404c697962623,dfine_native,278467.0,stationery,0.3017,138.76,505.42,203.62,551.7,3001.9,64.86,46.28,1.401,False,,True,S-61,55,evt_S-61_desk_work_surface_0014,2a36a7787b46837e,pose_hand_context,,23777.6,4.15,,1,cam12/e1/v1,rtmpose_baseline
corpus_03,03.CCTV Mobile Usage.mkv,632de9ed55947761d56d4c6142a3cb1a1fe69d0b1a6d0e01a2e404c697962623,dfine_native,278467.0,unknown_object,0.3838,77.07,398.63,216.42,551.4,21288.1,139.35,152.77,0.912,False,,True,S-61,55,evt_S-61_desk_work_surface_0014,2a36a7787b46837e,pose_hand_context,,23777.6,4.15,,1,cam12/e1/v1,rtmpose_baseline
corpus_03,03.CCTV Mobile Usage.mkv,632de9ed55947761d56d4c6142a3cb1a1fe69d0b1a6d0e01a2e404c697962623,dfine_native,278467.0,keyboard,0.9216,962.2,452.0,1068.06,491.44,4174.9,105.86,39.44,2.684,False,,True,R-desk,56,evt_S-61_desk_work_surface_0014,e67f8a5d9e10f4f0,lap_bag_context,no_pose_observation,34560.0,1.33,,1,cam12/e1/v1,
corpus_03,03.CCTV Mobile Usage.mkv,632de9ed55947761d56d4c6142a3cb1a1fe69d0b1a6d0e01a2e404c697962623,dfine_native,278467.0,unknown_object,0.6705,699.92,396.16,847.07,491.91,14089.9,147.16,95.75,1.537,False,,True,R-desk,56,evt_S-61_desk_work_surface_0014,e67f8a5d9e10f4f0,lap_bag_context,no_pose_observation,34560.0,1.33,,1,cam12/e1/v1,
corpus_03,03.CCTV Mobile Usage.mkv,632de9ed55947761d56d4c6142a3cb1a1fe69d0b1a6d0e01a2e404c697962623,dfine_native,278467.0,monitor_or_bezel,0.6252,1018.79,395.76,1145.89,447.88,6624.4,127.1,52.12,2.439,False,,True,R-desk,56,evt_S-61_desk_work_surface_0014,e67f8a5d9e10f4f0,lap_bag_context,no_pose_observation,34560.0,1.33,,1,cam12/e1/v1,
corpus_03,03.CCTV Mobile Usage.mkv,632de9ed55947761d56d4c6142a3cb1a1fe69d0b1a6d0e01a2e404c697962623,dfine_native,278467.0,keyboard,0.5547,802.3,396.25,870.91,420.77,1682.1,68.61,24.52,2.798,False,,True,R-desk,56,evt_S-61_desk_work_surface_0014,e67f8a5d9e10f4f0,lap_bag_context,no_pose_observation,34560.0,1.33,,1,cam12/e1/v1,
corpus_03,03.CCTV Mobile Usage.mkv,632de9ed55947761d56d4c6142a3cb1a1fe69d0b1a6d0e01a2e404c697962623,dfine_native,278467.0,monitor_or_bezel,0.3673,1014.61,395.71,1147.17,488.47,12296.3,132.56,92.76,1.429,False,,True,R-desk,56,evt_S-61_desk_work_surface_0014,e67f8a5d9e10f4f0,lap_bag_context,no_pose_observation,34560.0,1.33,,1,cam12/e1/v1,
corpus_03,03.CCTV Mobile Usage.mkv,632de9ed55947761d56d4c6142a3cb1a1fe69d0b1a6d0e01a2e404c697962623,dfine_native,278467.0,phone,0.2643,1042.87,421.71,1113.38,474.28,3706.8,70.51,52.57,1.341,False,,True,R-desk,56,evt_S-61_desk_work_surface_0014,e67f8a5d9e10f4f0,lap_bag_context,no_pose_observation,34560.0,1.33,,1,cam12/e1/v1,
corpus_03,03.CCTV Mobile Usage.mkv,632de9ed55947761d56d4c6142a3cb1a1fe69d0b1a6d0e01a2e404c697962623,dfine_native,278467.0,mouse,0.5631,864.75,413.84,891.96,435.17,580.3,27.21,21.33,1.276,False,,True,R-desk,56,evt_S-61_desk_work_surface_0014,e67f8a5d9e10f4f0,lap_bag_context,no_pose_observation,34560.0,1.33,,1,cam12/e1/v1,
corpus_03,03.CCTV Mobile Usage.mkv,632de9ed55947761d56d4c6142a3cb1a1fe69d0b1a6d0e01a2e404c697962623,dfine_native,278467.0,monitor_or_bezel,0.2752,881.04,396.18,949.0,452.71,3841.8,67.96,56.53,1.202,False,,True,R-desk,56,evt_S-61_desk_work_surface_0014,e67f8a5d9e10f4f0,lap_bag_context,no_pose_observation,34560.0,1.33,,1,cam12/e1/v1,
corpus_03,03.CCTV Mobile Usage.mkv,632de9ed55947761d56d4c6142a3cb1a1fe69d0b1a6d0e01a2e404c697962623,dfine_native,278467.0,mouse,0.3319,967.05,398.32,992.0,410.61,306.4,24.94,12.29,2.03,False,,True,R-desk,56,evt_S-61_desk_work_surface_0014,e67f8a5d9e10f4f0,lap_bag_context,no_pose_observation,34560.0,1.33,,1,cam12/e1/v1,
corpus_03,03.CCTV Mobile Usage.mkv,632de9ed55947761d56d4c6142a3cb1a1fe69d0b1a6d0e01a2e404c697962623,dfine_native,278467.0,unknown_object,0.2673,700.03,396.3,766.09,490.78,6240.7,66.05,94.48,0.699,False,,True,R-desk,56,evt_S-61_desk_work_surface_0014,e67f8a5d9e10f4f0,lap_bag_context,no_pose_observation,34560.0,1.33,,1,cam12/e1/v1,
corpus_03,03.CCTV Mobile Usage.mkv,632de9ed55947761d56d4c6142a3cb1a1fe69d0b1a6d0e01a2e404c697962623,dfine_native,278467.0,mouse,0.255,990.88,399.42,1025.81,413.26,483.2,34.93,13.83,2.525,False,,True,R-desk,56,evt_S-61_desk_work_surface_0014,e67f8a5d9e10f4f0,lap_bag_context,no_pose_observation,34560.0,1.33,,1,cam12/e1/v1,
corpus_03,03.CCTV Mobile Usage.mkv,632de9ed55947761d56d4c6142a3cb1a1fe69d0b1a6d0e01a2e404c697962623,dfine_native,278467.0,monitor_or_bezel,0.2776,737.66,395.46,1146.77,490.59,38921.1,409.11,95.14,4.3,False,,True,R-desk,56,evt_S-61_desk_work_surface_0014,e67f8a5d9e10f4f0,lap_bag_context,no_pose_observation,34560.0,1.33,,1,cam12/e1/v1,
corpus_03,03.CCTV Mobile Usage.mkv,632de9ed55947761d56d4c6142a3cb1a1fe69d0b1a6d0e01a2e404c697962623,dfine_native,279467.0,stationery,0.6473,144.67,468.61,193.94,498.24,1459.9,49.27,29.63,1.663,False,,True,S-61,55,evt_S-61_desk_work_surface_0014,a57b706d1278d0ee,pose_hand_context,,29804.6,3.71,,1,cam12/e1/v1,rtmpose_baseline
corpus_03,03.CCTV Mobile Usage.mkv,632de9ed55947761d56d4c6142a3cb1a1fe69d0b1a6d0e01a2e404c697962623,dfine_native,279467.0,unknown_object,0.334,114.71,337.22,228.97,399.43,7108.6,114.26,62.22,1.836,False,,True,S-61,55,evt_S-61_desk_work_surface_0014,a57b706d1278d0ee,pose_hand_context,,29804.6,3.71,,1,cam12/e1/v1,rtmpose_baseline
corpus_03,03.CCTV Mobile Usage.mkv,632de9ed55947761d56d4c6142a3cb1a1fe69d0b1a6d0e01a2e404c697962623,dfine_native,279467.0,stationery,0.2867,145.58,478.38,169.54,497.05,447.3,23.95,18.67,1.283,False,,True,S-61,55,evt_S-61_desk_work_surface_0014,a57b706d1278d0ee,pose_hand_context,,29804.6,3.71,,1,cam12/e1/v1,rtmpose_baseline
corpus_03,03.CCTV Mobile Usage.mkv,632de9ed55947761d56d4c6142a3cb1a1fe69d0b1a6d0e01a2e404c697962623,dfine_native,279467.0,stationery,0.4148,158.0,468.8,193.77,494.22,909.4,35.77,25.42,1.407,False,,True,S-61,55,evt_S-61_desk_work_surface_0014,a57b706d1278d0ee,pose_hand_context,,29804.6,3.71,,1,cam12/e1/v1,rtmpose_baseline
corpus_03,03.CCTV Mobile Usage.mkv,632de9ed55947761d56d4c6142a3cb1a1fe69d0b1a6d0e01a2e404c697962623,dfine_native,279467.0,unknown_object,0.2657,56.78,370.32,85.08,469.27,2800.8,28.31,98.95,0.286,False,,True,S-61,55,evt_S-61_desk_work_surface_0014,a57b706d1278d0ee,pose_hand_context,,29804.6,3.71,,1,cam12/e1/v1,rtmpose_baseline
corpus_03,03.CCTV Mobile Usage.mkv,632de9ed55947761d56d4c6142a3cb1a1fe69d0b1a6d0e01a2e404c697962623,dfine_native,279467.0,stationery,0.3677,56.78,438.63,193.71,509.76,9739.7,136.93,71.13,1.925,False,,True,S-61,55,evt_S-61_desk_work_surface_0014,a57b706d1278d0ee,pose_hand_context,,29804.6,3.71,,1,cam12/e1/v1,rtmpose_baseline
corpus_03,03.CCTV Mobile Usage.mkv,632de9ed55947761d56d4c6142a3cb1a1fe69d0b1a6d0e01a2e404c697962623,dfine_native,279467.0,stationery,0.2512,95.18,408.5,179.93,453.37,3802.7,84.76,44.87,1.889,False,,True,S-61,55,evt_S-61_desk_work_surface_0014,a57b706d1278d0ee,pose_hand_context,,29804.6,3.71,,1,cam12/e1/v1,rtmpose_baseline
corpus_03,03.CCTV Mobile Usage.mkv,632de9ed55947761d56d4c6142a3cb1a1fe69d0b1a6d0e01a2e404c697962623,dfine_native,279467.0,stationery,0.3578,140.93,468.56,194.53,509.32,2184.9,53.59,40.77,1.315,False,,True,S-61,55,evt_S-61_desk_work_surface_0014,a57b706d1278d0ee,pose_hand_context,,29804.6,3.71,,1,cam12/e1/v1,rtmpose_baseline
corpus_03,03.CCTV Mobile Usage.mkv,632de9ed55947761d56d4c6142a3cb1a1fe69d0b1a6d0e01a2e404c697962623,dfine_native,279467.0,stationery,0.3444,57.17,468.28,193.95,509.94,5699.1,136.78,41.66,3.283,False,,True,S-61,55,evt_S-61_desk_work_surface_0014,a57b706d1278d0ee,pose_hand_context,,29804.6,3.71,,1,cam12/e1/v1,rtmpose_baseline
corpus_03,03.CCTV Mobile Usage.mkv,632de9ed55947761d56d4c6142a3cb1a1fe69d0b1a6d0e01a2e404c697962623,dfine_native,279467.0,keyboard,0.916,962.09,451.97,1068.04,491.43,4180.3,105.95,39.46,2.685,False,,True,R-desk,56,evt_S-61_desk_work_surface_0014,c46ca4533dbf3ed3,lap_bag_context,no_pose_observation,34560.0,1.33,,1,cam12/e1/v1,
corpus_03,03.CCTV Mobile Usage.mkv,632de9ed55947761d56d4c6142a3cb1a1fe69d0b1a6d0e01a2e404c697962623,dfine_native,279467.0,monitor_or_bezel,0.6333,1018.68,395.93,1145.76,448.22,6644.9,127.08,52.29,2.43,False,,True,R-desk,56,evt_S-61_desk_work_surface_0014,c46ca4533dbf3ed3,lap_bag_context,no_pose_observation,34560.0,1.33,,1,cam12/e1/v1,
corpus_03,03.CCTV Mobile Usage.mkv,632de9ed55947761d56d4c6142a3cb1a1fe69d0b1a6d0e01a2e404c697962623,dfine_native,279467.0,keyboard,0.5259,802.63,396.31,870.68,420.58,1651.7,68.05,24.27,2.804,False,,True,R-desk,56,evt_S-61_desk_work_surface_0014,c46ca4533dbf3ed3,lap_bag_context,no_pose_observation,34560.0,1.33,,1,cam12/e1/v1,
corpus_03,03.CCTV Mobile Usage.mkv,632de9ed55947761d56d4c6142a3cb1a1fe69d0b1a6d0e01a2e404c697962623,dfine_native,279467.0,unknown_object,0.4175,700.26,396.13,858.29,492.02,15153.3,158.03,95.89,1.648,False,,True,R-desk,56,evt_S-61_desk_work_surface_0014,c46ca4533dbf3ed3,lap_bag_context,no_pose_observation,34560.0,1.33,,1,cam12/e1/v1,
corpus_03,03.CCTV Mobile Usage.mkv,632de9ed55947761d56d4c6142a3cb1a1fe69d0b1a6d0e01a2e404c697962623,dfine_native,279467.0,unknown_object,0.3538,700.03,396.11,762.1,491.64,5929.7,62.08,95.52,0.65,False,,True,R-desk,56,evt_S-61_desk_work_surface_0014,c46ca4533dbf3ed3,lap_bag_context,no_pose_observation,34560.0,1.33,,1,cam12/e1/v1,
corpus_03,03.CCTV Mobile Usage.mkv,632de9ed55947761d56d4c6142a3cb1a1fe69d0b1a6d0e01a2e404c697962623,dfine_native,279467.0,mouse,0.5781,864.7,413.78,891.89,434.95,575.4,27.19,21.16,1.285,False,,True,R-desk,56,evt_S-61_desk_work_surface_0014,c46ca4533dbf3ed3,lap_bag_context,no_pose_observation,34560.0,1.33,,1,cam12/e1/v1,
corpus_03,03.CCTV Mobile Usage.mkv,632de9ed55947761d56d4c6142a3cb1a1fe69d0b1a6d0e01a2e404c697962623,dfine_native,279467.0,monitor_or_bezel,0.329,1013.46,395.84,1147.28,488.29,12371.6,133.82,92.45,1.448,False,,True,R-desk,56,evt_S-61_desk_work_surface_0014,c46ca4533dbf3ed3,lap_bag_context,no_pose_observation,34560.0,1.33,,1,cam12/e1/v1,
corpus_03,03.CCTV Mobile Usage.mkv,632de9ed55947761d56d4c6142a3cb1a1fe69d0b1a6d0e01a2e404c697962623,dfine_native,279467.0,phone,0.2941,1042.98,421.97,1112.95,474.26,3658.1,69.96,52.29,1.338,False,,True,R-desk,56,evt_S-61_desk_work_surface_0014,c46ca4533dbf3ed3,lap_bag_context,no_pose_observation,34560.0,1.33,,1,cam12/e1/v1,
corpus_03,03.CCTV Mobile Usage.mkv,632de9ed55947761d56d4c6142a3cb1a1fe69d0b1a6d0e01a2e404c697962623,dfine_native,279467.0,monitor_or_bezel,0.276,881.33,396.16,948.79,452.66,3812.0,67.46,56.51,1.194,False,,True,R-desk,56,evt_S-61_desk_work_surface_0014,c46ca4533dbf3ed3,lap_bag_context,no_pose_observation,34560.0,1.33,,1,cam12/e1/v1,
corpus_03,03.CCTV Mobile Usage.mkv,632de9ed55947761d56d4c6142a3cb1a1fe69d0b1a6d0e01a2e404c697962623,dfine_native,279467.0,mouse,0.3562,967.0,398.41,992.09,410.56,304.9,25.1,12.15,2.065,False,,True,R-desk,56,evt_S-61_desk_work_surface_0014,c46ca4533dbf3ed3,lap_bag_context,no_pose_observation,34560.0,1.33,,1,cam12/e1/v1,
corpus_03,03.CCTV Mobile Usage.mkv,632de9ed55947761d56d4c6142a3cb1a1fe69d0b1a6d0e01a2e404c697962623,dfine_native,279467.0,monitor_or_bezel,0.2716,735.59,395.69,1146.66,491.15,39244.5,411.08,95.47,4.306,False,,True,R-desk,56,evt_S-61_desk_work_surface_0014,c46ca4533dbf3ed3,lap_bag_context,no_pose_observation,34560.0,1.33,,1,cam12/e1/v1,
corpus_03,03.CCTV Mobile Usage.mkv,632de9ed55947761d56d4c6142a3cb1a1fe69d0b1a6d0e01a2e404c697962623,dfine_native,280467.0,keyboard,0.9166,962.16,451.91,1068.04,491.45,4186.5,105.88,39.54,2.678,False,,True,R-desk,56,evt_S-61_desk_work_surface_0014,ee24b459f33e7687,lap_bag_context,no_pose_observation,34560.0,1.33,,1,cam12/e1/v1,
corpus_03,03.CCTV Mobile Usage.mkv,632de9ed55947761d56d4c6142a3cb1a1fe69d0b1a6d0e01a2e404c697962623,dfine_native,280467.0,monitor_or_bezel,0.6574,1018.51,395.9,1146.0,448.42,6696.8,127.49,52.53,2.427,False,,True,R-desk,56,evt_S-61_desk_work_surface_0014,ee24b459f33e7687,lap_bag_context,no_pose_observation,34560.0,1.33,,1,cam12/e1/v1,
corpus_03,03.CCTV Mobile Usage.mkv,632de9ed55947761d56d4c6142a3cb1a1fe69d0b1a6d0e01a2e404c697962623,dfine_native,280467.0,keyboard,0.5601,802.93,396.28,870.65,420.59,1646.2,67.72,24.31,2.786,False,,True,R-desk,56,evt_S-61_desk_work_surface_0014,ee24b459f33e7687,lap_bag_context,no_pose_observation,34560.0,1.33,,1,cam12/e1/v1,
corpus_03,03.CCTV Mobile Usage.mkv,632de9ed55947761d56d4c6142a3cb1a1fe69d0b1a6d0e01a2e404c697962623,dfine_native,280467.0,unknown_object,0.4287,700.29,396.14,857.8,492.19,15130.3,157.51,96.06,1.64,False,,True,R-desk,56,evt_S-61_desk_work_surface_0014,ee24b459f33e7687,lap_bag_context,no_pose_observation,34560.0,1.33,,1,cam12/e1/v1,
corpus_03,03.CCTV Mobile Usage.mkv,632de9ed55947761d56d4c6142a3cb1a1fe69d0b1a6d0e01a2e404c697962623,dfine_native,280467.0,monitor_or_bezel,0.3455,1012.51,395.81,1147.49,487.57,12384.7,134.98,91.75,1.471,False,,True,R-desk,56,evt_S-61_desk_work_surface_0014,ee24b459f33e7687,lap_bag_context,no_pose_observation,34560.0,1.33,,1,cam12/e1/v1,
corpus_03,03.CCTV Mobile Usage.mkv,632de9ed55947761d56d4c6142a3cb1a1fe69d0b1a6d0e01a2e404c697962623,dfine_native,280467.0,unknown_object,0.3191,700.04,396.11,765.66,491.95,6289.1,65.62,95.84,0.685,False,,True,R-desk,56,evt_S-61_desk_work_surface_0014,ee24b459f33e7687,lap_bag_context,no_pose_observation,34560.0,1.33,,1,cam12/e1/v1,
corpus_03,03.CCTV Mobile Usage.mkv,632de9ed55947761d56d4c6142a3cb1a1fe69d0b1a6d0e01a2e404c697962623,dfine_native,280467.0,mouse,0.5699,864.84,413.8,891.97,434.92,573.2,27.14,21.12,1.285,False,,True,R-desk,56,evt_S-61_desk_work_surface_0014,ee24b459f33e7687,lap_bag_context,no_pose_observation,34560.0,1.33,,1,cam12/e1/v1,
corpus_03,03.CCTV Mobile Usage.mkv,632de9ed55947761d56d4c6142a3cb1a1fe69d0b1a6d0e01a2e404c697962623,dfine_native,280467.0,phone,0.2651,1043.08,422.07,1113.19,474.18,3653.3,70.11,52.11,1.346,False,,True,R-desk,56,evt_S-61_desk_work_surface_0014,ee24b459f33e7687,lap_bag_context,no_pose_observation,34560.0,1.33,,1,cam12/e1/v1,
corpus_03,03.CCTV Mobile Usage.mkv,632de9ed55947761d56d4c6142a3cb1a1fe69d0b1a6d0e01a2e404c697962623,dfine_native,280467.0,monitor_or_bezel,0.2858,881.36,396.15,949.21,452.58,3828.9,67.85,56.43,1.202,False,,True,R-desk,56,evt_S-61_desk_work_surface_0014,ee24b459f33e7687,lap_bag_context,no_pose_observation,34560.0,1.33,,1,cam12/e1/v1,
corpus_03,03.CCTV Mobile Usage.mkv,632de9ed55947761d56d4c6142a3cb1a1fe69d0b1a6d0e01a2e404c697962623,dfine_native,280467.0,unknown_object,0.3301,700.02,396.25,756.23,491.6,5358.6,56.2,95.34,0.59,False,,True,R-desk,56,evt_S-61_desk_work_surface_0014,ee24b459f33e7687,lap_bag_context,no_pose_observation,34560.0,1.33,,1,cam12/e1/v1,
corpus_03,03.CCTV Mobile Usage.mkv,632de9ed55947761d56d4c6142a3cb1a1fe69d0b1a6d0e01a2e404c697962623,dfine_native,280467.0,mouse,0.3654,966.92,398.38,992.03,410.56,305.9,25.1,12.19,2.06,False,,True,R-desk,56,evt_S-61_desk_work_surface_0014,ee24b459f33e7687,lap_bag_context,no_pose_observation,34560.0,1.33,,1,cam12/e1/v1,
corpus_03,03.CCTV Mobile Usage.mkv,632de9ed55947761d56d4c6142a3cb1a1fe69d0b1a6d0e01a2e404c697962623,dfine_native,280467.0,mouse,0.2776,991.54,400.72,1028.54,413.61,477.0,37.0,12.89,2.87,False,,True,R-desk,56,evt_S-61_desk_work_surface_0014,ee24b459f33e7687,lap_bag_context,no_pose_observation,34560.0,1.33,,1,cam12/e1/v1,
corpus_03,03.CCTV Mobile Usage.mkv,632de9ed55947761d56d4c6142a3cb1a1fe69d0b1a6d0e01a2e404c697962623,dfine_native,280467.0,mouse,0.2532,990.77,399.45,1025.63,413.34,484.4,34.86,13.9,2.509,False,,True,R-desk,56,evt_S-61_desk_work_surface_0014,ee24b459f33e7687,lap_bag_context,no_pose_observation,34560.0,1.33,,1,cam12/e1/v1,
corpus_03,03.CCTV Mobile Usage.mkv,632de9ed55947761d56d4c6142a3cb1a1fe69d0b1a6d0e01a2e404c697962623,dfine_native,280467.0,unknown_object,0.2501,86.94,488.61,202.56,549.9,7085.9,115.62,61.29,1.886,False,,True,S-61,55,evt_S-61_desk_work_surface_0014,f68b1efea9ead5d4,pose_hand_context,,22596.1,4.26,,1,cam12/e1/v1,rtmpose_baseline
corpus_03,03.CCTV Mobile Usage.mkv,632de9ed55947761d56d4c6142a3cb1a1fe69d0b1a6d0e01a2e404c697962623,dfine_native,281467.0,keyboard,0.9164,962.16,451.91,1068.04,491.45,4186.5,105.88,39.54,2.678,False,,True,R-desk,56,evt_S-61_desk_work_surface_0014,79372baebdaec1bf,lap_bag_context,no_pose_observation,34560.0,1.33,,1,cam12/e1/v1,
corpus_03,03.CCTV Mobile Usage.mkv,632de9ed55947761d56d4c6142a3cb1a1fe69d0b1a6d0e01a2e404c697962623,dfine_native,281467.0,monitor_or_bezel,0.6596,1018.5,395.9,1146.01,448.41,6695.7,127.51,52.51,2.428,False,,True,R-desk,56,evt_S-61_desk_work_surface_0014,79372baebdaec1bf,lap_bag_context,no_pose_observation,34560.0,1.33,,1,cam12/e1/v1,
corpus_03,03.CCTV Mobile Usage.mkv,632de9ed55947761d56d4c6142a3cb1a1fe69d0b1a6d0e01a2e404c697962623,dfine_native,281467.0,keyboard,0.5642,802.93,396.28,870.65,420.59,1646.3,67.73,24.31,2.786,False,,True,R-desk,56,evt_S-61_desk_work_surface_0014,79372baebdaec1bf,lap_bag_context,no_pose_observation,34560.0,1.33,,1,cam12/e1/v1,
corpus_03,03.CCTV Mobile Usage.mkv,632de9ed55947761d56d4c6142a3cb1a1fe69d0b1a6d0e01a2e404c697962623,dfine_native,281467.0,unknown_object,0.4282,700.29,396.14,857.81,492.19,15130.2,157.52,96.06,1.64,False,,True,R-desk,56,evt_S-61_desk_work_surface_0014,79372baebdaec1bf,lap_bag_context,no_pose_observation,34560.0,1.33,,1,cam12/e1/v1,
corpus_03,03.CCTV Mobile Usage.mkv,632de9ed55947761d56d4c6142a3cb1a1fe69d0b1a6d0e01a2e404c697962623,dfine_native,281467.0,monitor_or_bezel,0.3505,1012.6,395.82,1147.47,487.48,12362.0,134.88,91.65,1.472,False,,True,R-desk,56,evt_S-61_desk_work_surface_0014,79372baebdaec1bf,lap_bag_context,no_pose_observation,34560.0,1.33,,1,cam12/e1/v1,
corpus_03,03.CCTV Mobile Usage.mkv,632de9ed55947761d56d4c6142a3cb1a1fe69d0b1a6d0e01a2e404c697962623,dfine_native,281467.0,unknown_object,0.3197,700.04,396.11,765.65,491.95,6288.4,65.61,95.84,0.685,False,,True,R-desk,56,evt_S-61_desk_work_surface_0014,79372baebdaec1bf,lap_bag_context,no_pose_observation,34560.0,1.33,,1,cam12/e1/v1,
corpus_03,03.CCTV Mobile Usage.mkv,632de9ed55947761d56d4c6142a3cb1a1fe69d0b1a6d0e01a2e404c697962623,dfine_native,281467.0,mouse,0.5708,864.84,413.8,891.97,434.92,573.0,27.13,21.12,1.285,False,,True,R-desk,56,evt_S-61_desk_work_surface_0014,79372baebdaec1bf,lap_bag_context,no_pose_observation,34560.0,1.33,,1,cam12/e1/v1,
corpus_03,03.CCTV Mobile Usage.mkv,632de9ed55947761d56d4c6142a3cb1a1fe69d0b1a6d0e01a2e404c697962623,dfine_native,281467.0,phone,0.2651,1043.08,422.07,1113.19,474.17,3653.2,70.12,52.1,1.346,False,,True,R-desk,56,evt_S-61_desk_work_surface_0014,79372baebdaec1bf,lap_bag_context,no_pose_observation,34560.0,1.33,,1,cam12/e1/v1,
corpus_03,03.CCTV Mobile Usage.mkv,632de9ed55947761d56d4c6142a3cb1a1fe69d0b1a6d0e01a2e404c697962623,dfine_native,281467.0,monitor_or_bezel,0.2862,881.36,396.15,949.22,452.58,3829.1,67.86,56.43,1.203,False,,True,R-desk,56,evt_S-61_desk_work_surface_0014,79372baebdaec1bf,lap_bag_context,no_pose_observation,34560.0,1.33,,1,cam12/e1/v1,
corpus_03,03.CCTV Mobile Usage.mkv,632de9ed55947761d56d4c6142a3cb1a1fe69d0b1a6d0e01a2e404c697962623,dfine_native,281467.0,unknown_object,0.3305,700.02,396.25,756.23,491.59,5358.4,56.2,95.34,0.59,False,,True,R-desk,56,evt_S-61_desk_work_surface_0014,79372baebdaec1bf,lap_bag_context,no_pose_observation,34560.0,1.33,,1,cam12/e1/v1,
corpus_03,03.CCTV Mobile Usage.mkv,632de9ed55947761d56d4c6142a3cb1a1fe69d0b1a6d0e01a2e404c697962623,dfine_native,281467.0,mouse,0.3668,966.92,398.38,992.03,410.56,305.9,25.1,12.18,2.06,False,,True,R-desk,56,evt_S-61_desk_work_surface_0014,79372baebdaec1bf,lap_bag_context,no_pose_observation,34560.0,1.33,,1,cam12/e1/v1,
corpus_03,03.CCTV Mobile Usage.mkv,632de9ed55947761d56d4c6142a3cb1a1fe69d0b1a6d0e01a2e404c697962623,dfine_native,281467.0,mouse,0.2792,991.54,400.72,1028.54,413.61,477.0,37.0,12.89,2.871,False,,True,R-desk,56,evt_S-61_desk_work_surface_0014,79372baebdaec1bf,lap_bag_context,no_pose_observation,34560.0,1.33,,1,cam12/e1/v1,
corpus_03,03.CCTV Mobile Usage.mkv,632de9ed55947761d56d4c6142a3cb1a1fe69d0b1a6d0e01a2e404c697962623,dfine_native,281467.0,mouse,0.2547,990.77,399.45,1025.65,413.34,484.3,34.88,13.89,2.512,False,,True,R-desk,56,evt_S-61_desk_work_surface_0014,79372baebdaec1bf,lap_bag_context,no_pose_observation,34560.0,1.33,,1,cam12/e1/v1,
corpus_03,03.CCTV Mobile Usage.mkv,632de9ed55947761d56d4c6142a3cb1a1fe69d0b1a6d0e01a2e404c697962623,dfine_native,281467.0,monitor_or_bezel,0.5754,124.99,444.19,252.28,636.85,24525.0,127.3,192.66,0.661,False,,True,S-61,55,evt_S-61_desk_work_surface_0014,99079c30567159a2,pose_hand_context,,37473.2,3.31,,1,cam12/e1/v1,rtmpose_baseline
corpus_03,03.CCTV Mobile Usage.mkv,632de9ed55947761d56d4c6142a3cb1a1fe69d0b1a6d0e01a2e404c697962623,dfine_native,281467.0,keyboard,0.285,125.01,444.44,216.29,618.55,15892.3,91.28,174.1,0.524,False,,True,S-61,55,evt_S-61_desk_work_surface_0014,99079c30567159a2,pose_hand_context,,37473.2,3.31,,1,cam12/e1/v1,rtmpose_baseline
corpus_03,03.CCTV Mobile Usage.mkv,632de9ed55947761d56d4c6142a3cb1a1fe69d0b1a6d0e01a2e404c697962623,dfine_sahi,9700.0,bag,0.4774,180.55,260.2,247.49,279.89,1318.6,66.94,19.7,3.398,False,,True,S-61,2,evt_S-61_desk_work_surface_0001,221f3c51e350e5d4,pose_hand_context,,17977.4,4.77,,1,cam12/e1/v1,rtmpose_baseline
corpus_03,03.CCTV Mobile Usage.mkv,632de9ed55947761d56d4c6142a3cb1a1fe69d0b1a6d0e01a2e404c697962623,dfine_sahi,9700.0,unknown_object,0.4734,121.02,125.36,189.27,219.43,6418.9,68.24,94.06,0.726,False,,True,S-61,2,evt_S-61_desk_work_surface_0001,221f3c51e350e5d4,pose_hand_context,,17977.4,4.77,,1,cam12/e1/v1,rtmpose_baseline
corpus_03,03.CCTV Mobile Usage.mkv,632de9ed55947761d56d4c6142a3cb1a1fe69d0b1a6d0e01a2e404c697962623,dfine_sahi,9700.0,unknown_object,0.4027,203.19,184.08,272.12,216.33,2222.9,68.93,32.25,2.137,False,,True,S-61,2,evt_S-61_desk_work_surface_0001,221f3c51e350e5d4,pose_hand_context,,17977.4,4.77,,1,cam12/e1/v1,rtmpose_baseline
corpus_03,03.CCTV Mobile Usage.mkv,632de9ed55947761d56d4c6142a3cb1a1fe69d0b1a6d0e01a2e404c697962623,dfine_sahi,9700.0,monitor_or_bezel,0.3828,121.01,125.06,164.34,150.09,1084.3,43.33,25.03,1.731,False,,True,S-61,2,evt_S-61_desk_work_surface_0001,221f3c51e350e5d4,pose_hand_context,,17977.4,4.77,,1,cam12/e1/v1,rtmpose_baseline
corpus_03,03.CCTV Mobile Usage.mkv,632de9ed55947761d56d4c6142a3cb1a1fe69d0b1a6d0e01a2e404c697962623,dfine_sahi,9700.0,unknown_object,0.3583,203.53,191.56,224.54,213.0,450.7,21.02,21.44,0.98,False,,True,S-61,2,evt_S-61_desk_work_surface_0001,221f3c51e350e5d4,pose_hand_context,,17977.4,4.77,,1,cam12/e1/v1,rtmpose_baseline
corpus_03,03.CCTV Mobile Usage.mkv,632de9ed55947761d56d4c6142a3cb1a1fe69d0b1a6d0e01a2e404c697962623,dfine_sahi,9700.0,unknown_object,0.3504,190.18,201.26,208.79,264.56,1178.5,18.62,63.3,0.294,False,,True,S-61,2,evt_S-61_desk_work_surface_0001,221f3c51e350e5d4,pose_hand_context,,17977.4,4.77,,1,cam12/e1/v1,rtmpose_baseline
corpus_03,03.CCTV Mobile Usage.mkv,632de9ed55947761d56d4c6142a3cb1a1fe69d0b1a6d0e01a2e404c697962623,dfine_sahi,9700.0,unknown_object,0.3363,190.66,125.13,216.96,203.1,2050.4,26.3,77.97,0.337,False,,True,S-61,2,evt_S-61_desk_work_surface_0001,221f3c51e350e5d4,pose_hand_context,,17977.4,4.77,,1,cam12/e1/v1,rtmpose_baseline
corpus_03,03.CCTV Mobile Usage.mkv,632de9ed55947761d56d4c6142a3cb1a1fe69d0b1a6d0e01a2e404c697962623,dfine_sahi,9700.0,unknown_object,0.3292,158.48,187.9,181.62,208.97,487.6,23.14,21.07,1.098,False,,True,S-61,2,evt_S-61_desk_work_surface_0001,221f3c51e350e5d4,pose_hand_context,,17977.4,4.77,,1,cam12/e1/v1,rtmpose_baseline
corpus_03,03.CCTV Mobile Usage.mkv,632de9ed55947761d56d4c6142a3cb1a1fe69d0b1a6d0e01a2e404c697962623,dfine_sahi,9700.0,unknown_object,0.2938,191.45,223.19,207.7,239.94,272.2,16.25,16.75,0.97,False,,True,S-61,2,evt_S-61_desk_work_surface_0001,221f3c51e350e5d4,pose_hand_context,,17977.4,4.77,,1,cam12/e1/v1,rtmpose_baseline
corpus_03,03.CCTV Mobile Usage.mkv,632de9ed55947761d56d4c6142a3cb1a1fe69d0b1a6d0e01a2e404c697962623,dfine_sahi,9700.0,stationery,0.2724,203.21,169.66,265.51,216.53,2920.0,62.29,46.88,1.329,False,,True,S-61,2,evt_S-61_desk_work_surface_0001,221f3c51e350e5d4,pose_hand_context,,17977.4,4.77,,1,cam12/e1/v1,rtmpose_baseline
corpus_03,03.CCTV Mobile Usage.mkv,632de9ed55947761d56d4c6142a3cb1a1fe69d0b1a6d0e01a2e404c697962623,dfine_sahi,9700.0,unknown_object,0.2627,121.09,190.72,216.99,220.91,2894.6,95.9,30.18,3.177,False,,True,S-61,2,evt_S-61_desk_work_surface_0001,221f3c51e350e5d4,pose_hand_context,,17977.4,4.77,,1,cam12/e1/v1,rtmpose_baseline
corpus_03,03.CCTV Mobile Usage.mkv,632de9ed55947761d56d4c6142a3cb1a1fe69d0b1a6d0e01a2e404c697962623,dfine_sahi,9700.0,unknown_object,0.2621,190.21,191.7,208.59,220.59,531.2,18.38,28.89,0.636,False,,True,S-61,2,evt_S-61_desk_work_surface_0001,221f3c51e350e5d4,pose_hand_context,,17977.4,4.77,,1,cam12/e1/v1,rtmpose_baseline
corpus_03,03.CCTV Mobile Usage.mkv,632de9ed55947761d56d4c6142a3cb1a1fe69d0b1a6d0e01a2e404c697962623,dfine_sahi,9700.0,unknown_object,0.2558,227.36,125.11,269.48,180.41,2329.3,42.12,55.3,0.762,False,,True,S-61,2,evt_S-61_desk_work_surface_0001,221f3c51e350e5d4,pose_hand_context,,17977.4,4.77,,1,cam12/e1/v1,rtmpose_baseline
corpus_03,03.CCTV Mobile Usage.mkv,632de9ed55947761d56d4c6142a3cb1a1fe69d0b1a6d0e01a2e404c697962623,dfine_sahi,9700.0,keyboard,0.9035,962.11,451.94,1068.0,491.44,4182.8,105.88,39.5,2.68,False,,True,R-desk,3,evt_S-61_desk_work_surface_0001,aa2a91065abbd7fe,lap_bag_context,no_pose_observation,34560.0,1.33,,1,cam12/e1/v1,
corpus_03,03.CCTV Mobile Usage.mkv,632de9ed55947761d56d4c6142a3cb1a1fe69d0b1a6d0e01a2e404c697962623,dfine_sahi,9700.0,monitor_or_bezel,0.7337,910.07,411.23,1140.98,506.33,21958.7,230.91,95.1,2.428,False,,True,R-desk,3,evt_S-61_desk_work_surface_0001,aa2a91065abbd7fe,lap_bag_context,no_pose_observation,34560.0,1.33,,1,cam12/e1/v1,
corpus_03,03.CCTV Mobile Usage.mkv,632de9ed55947761d56d4c6142a3cb1a1fe69d0b1a6d0e01a2e404c697962623,dfine_sahi,9700.0,phone,0.6948,1043.44,421.36,1112.88,474.29,3675.6,69.44,52.93,1.312,False,,True,R-desk,3,evt_S-61_desk_work_surface_0001,aa2a91065abbd7fe,lap_bag_context,no_pose_observation,34560.0,1.33,,1,cam12/e1/v1,
corpus_03,03.CCTV Mobile Usage.mkv,632de9ed55947761d56d4c6142a3cb1a1fe69d0b1a6d0e01a2e404c697962623,dfine_sahi,9700.0,monitor_or_bezel,0.6863,963.26,380.45,1152.65,474.95,17898.4,189.39,94.5,2.004,False,,True,R-desk,3,evt_S-61_desk_work_surface_0001,aa2a91065abbd7fe,lap_bag_context,no_pose_observation,34560.0,1.33,,1,cam12/e1/v1,
corpus_03,03.CCTV Mobile Usage.mkv,632de9ed55947761d56d4c6142a3cb1a1fe69d0b1a6d0e01a2e404c697962623,dfine_sahi,9700.0,keyboard,0.6478,962.83,452.29,1034.66,475.54,1669.9,71.82,23.25,3.089,False,,True,R-desk,3,evt_S-61_desk_work_surface_0001,aa2a91065abbd7fe,lap_bag_context,no_pose_observation,34560.0,1.33,,1,cam12/e1/v1,
corpus_03,03.CCTV Mobile Usage.mkv,632de9ed55947761d56d4c6142a3cb1a1fe69d0b1a6d0e01a2e404c697962623,dfine_sahi,9700.0,monitor_or_bezel,0.6474,709.36,379.91,969.63,474.88,24718.8,260.27,94.97,2.74,False,,True,R-desk,3,evt_S-61_desk_work_surface_0001,aa2a91065abbd7fe,lap_bag_context,no_pose_observation,34560.0,1.33,,1,cam12/e1/v1,
corpus_03,03.CCTV Mobile Usage.mkv,632de9ed55947761d56d4c6142a3cb1a1fe69d0b1a6d0e01a2e404c697962623,dfine_sahi,9700.0,monitor_or_bezel,0.6032,1018.64,395.69,1145.25,447.3,6534.0,126.61,51.61,2.453,False,,True,R-desk,3,evt_S-61_desk_work_surface_0001,aa2a91065abbd7fe,lap_bag_context,no_pose_observation,34560.0,1.33,,1,cam12/e1/v1,
corpus_03,03.CCTV Mobile Usage.mkv,632de9ed55947761d56d4c6142a3cb1a1fe69d0b1a6d0e01a2e404c697962623,dfine_sahi,9700.0,keyboard,0.5917,772.29,380.2,870.83,420.35,3956.6,98.54,40.15,2.454,False,,True,R-desk,3,evt_S-61_desk_work_surface_0001,aa2a91065abbd7fe,lap_bag_context,no_pose_observation,34560.0,1.33,,1,cam12/e1/v1,
corpus_03,03.CCTV Mobile Usage.mkv,632de9ed55947761d56d4c6142a3cb1a1fe69d0b1a6d0e01a2e404c697962623,dfine_sahi,9700.0,unknown_object,0.5792,699.91,411.27,871.8,506.27,16329.4,171.9,95.0,1.81,False,,True,R-desk,3,evt_S-61_desk_work_surface_0001,aa2a91065abbd7fe,lap_bag_context,no_pose_observation,34560.0,1.33,,1,cam12/e1/v1,
corpus_03,03.CCTV Mobile Usage.mkv,632de9ed55947761d56d4c6142a3cb1a1fe69d0b1a6d0e01a2e404c697962623,dfine_sahi,9700.0,mouse,0.5184,864.74,413.84,892.29,435.32,591.6,27.54,21.48,1.282,False,,True,R-desk,3,evt_S-61_desk_work_surface_0001,aa2a91065abbd7fe,lap_bag_context,no_pose_observation,34560.0,1.33,,1,cam12/e1/v1,
corpus_03,03.CCTV Mobile Usage.mkv,632de9ed55947761d56d4c6142a3cb1a1fe69d0b1a6d0e01a2e404c697962623,dfine_sahi,9700.0,unknown_object,0.4968,769.11,410.99,969.85,505.83,19037.5,200.74,94.84,2.117,False,,True,R-desk,3,evt_S-61_desk_work_surface_0001,aa2a91065abbd7fe,lap_bag_context,no_pose_observation,34560.0,1.33,,1,cam12/e1/v1,
corpus_03,03.CCTV Mobile Usage.mkv,632de9ed55947761d56d4c6142a3cb1a1fe69d0b1a6d0e01a2e404c697962623,dfine_sahi,9700.0,keyboard,0.4761,802.25,396.25,870.72,420.71,1674.8,68.47,24.46,2.799,False,,True,R-desk,3,evt_S-61_desk_work_surface_0001,aa2a91065abbd7fe,lap_bag_context,no_pose_observation,34560.0,1.33,,1,cam12/e1/v1,
corpus_03,03.CCTV Mobile Usage.mkv,632de9ed55947761d56d4c6142a3cb1a1fe69d0b1a6d0e01a2e404c697962623,dfine_sahi,9700.0,unknown_object,0.3775,699.98,396.11,771.33,491.82,6829.3,71.35,95.71,0.746,False,,True,R-desk,3,evt_S-61_desk_work_surface_0001,aa2a91065abbd7fe,lap_bag_context,no_pose_observation,34560.0,1.33,,1,cam12/e1/v1,
corpus_03,03.CCTV Mobile Usage.mkv,632de9ed55947761d56d4c6142a3cb1a1fe69d0b1a6d0e01a2e404c697962623,dfine_sahi,9700.0,keyboard,0.3239,910.12,411.73,1092.28,506.24,17216.6,182.16,94.51,1.927,False,,True,R-desk,3,evt_S-61_desk_work_surface_0001,aa2a91065abbd7fe,lap_bag_context,no_pose_observation,34560.0,1.33,,1,cam12/e1/v1,
corpus_03,03.CCTV Mobile Usage.mkv,632de9ed55947761d56d4c6142a3cb1a1fe69d0b1a6d0e01a2e404c697962623,dfine_sahi,9700.0,unknown_object,0.2788,881.54,411.13,933.06,452.89,2151.5,51.52,41.76,1.234,False,,True,R-desk,3,evt_S-61_desk_work_surface_0001,aa2a91065abbd7fe,lap_bag_context,no_pose_observation,34560.0,1.33,,1,cam12/e1/v1,
corpus_03,03.CCTV Mobile Usage.mkv,632de9ed55947761d56d4c6142a3cb1a1fe69d0b1a6d0e01a2e404c697962623,dfine_sahi,9700.0,mouse,0.278,967.15,398.42,992.01,410.59,302.6,24.86,12.17,2.042,False,,True,R-desk,3,evt_S-61_desk_work_surface_0001,aa2a91065abbd7fe,lap_bag_context,no_pose_observation,34560.0,1.33,,1,cam12/e1/v1,
corpus_03,03.CCTV Mobile Usage.mkv,632de9ed55947761d56d4c6142a3cb1a1fe69d0b1a6d0e01a2e404c697962623,dfine_sahi,9700.0,unknown_object,0.2718,700.04,380.32,839.49,475.37,13253.4,139.45,95.04,1.467,False,,True,R-desk,3,evt_S-61_desk_work_surface_0001,aa2a91065abbd7fe,lap_bag_context,no_pose_observation,34560.0,1.33,,1,cam12/e1/v1,
corpus_03,03.CCTV Mobile Usage.mkv,632de9ed55947761d56d4c6142a3cb1a1fe69d0b1a6d0e01a2e404c697962623,dfine_sahi,9700.0,monitor_or_bezel,0.2681,881.36,396.18,948.1,452.48,3757.9,66.74,56.3,1.185,False,,True,R-desk,3,evt_S-61_desk_work_surface_0001,aa2a91065abbd7fe,lap_bag_context,no_pose_observation,34560.0,1.33,,1,cam12/e1/v1,
corpus_03,03.CCTV Mobile Usage.mkv,632de9ed55947761d56d4c6142a3cb1a1fe69d0b1a6d0e01a2e404c697962623,dfine_sahi,9700.0,mouse,0.2529,991.28,400.93,1028.29,413.57,467.7,37.01,12.63,2.929,False,,True,R-desk,3,evt_S-61_desk_work_surface_0001,aa2a91065abbd7fe,lap_bag_context,no_pose_observation,34560.0,1.33,,1,cam12/e1/v1,
corpus_03,03.CCTV Mobile Usage.mkv,632de9ed55947761d56d4c6142a3cb1a1fe69d0b1a6d0e01a2e404c697962623,dfine_sahi,9700.0,keyboard,0.9035,962.11,451.94,1068.0,491.44,4182.8,105.88,39.5,2.68,False,,True,R-desk,4,evt_S-61_desk_work_surface_0001,aa2a91065abbd7fe,lap_bag_context,no_pose_observation,34560.0,1.33,,1,cam12/e1/v1,
corpus_03,03.CCTV Mobile Usage.mkv,632de9ed55947761d56d4c6142a3cb1a1fe69d0b1a6d0e01a2e404c697962623,dfine_sahi,9700.0,monitor_or_bezel,0.7337,910.07,411.23,1140.98,506.33,21958.7,230.91,95.1,2.428,False,,True,R-desk,4,evt_S-61_desk_work_surface_0001,aa2a91065abbd7fe,lap_bag_context,no_pose_observation,34560.0,1.33,,1,cam12/e1/v1,
corpus_03,03.CCTV Mobile Usage.mkv,632de9ed55947761d56d4c6142a3cb1a1fe69d0b1a6d0e01a2e404c697962623,dfine_sahi,9700.0,phone,0.6948,1043.44,421.36,1112.88,474.29,3675.6,69.44,52.93,1.312,False,,True,R-desk,4,evt_S-61_desk_work_surface_0001,aa2a91065abbd7fe,lap_bag_context,no_pose_observation,34560.0,1.33,,1,cam12/e1/v1,
corpus_03,03.CCTV Mobile Usage.mkv,632de9ed55947761d56d4c6142a3cb1a1fe69d0b1a6d0e01a2e404c697962623,dfine_sahi,9700.0,monitor_or_bezel,0.6863,963.26,380.45,1152.65,474.95,17898.4,189.39,94.5,2.004,False,,True,R-desk,4,evt_S-61_desk_work_surface_0001,aa2a91065abbd7fe,lap_bag_context,no_pose_observation,34560.0,1.33,,1,cam12/e1/v1,
corpus_03,03.CCTV Mobile Usage.mkv,632de9ed55947761d56d4c6142a3cb1a1fe69d0b1a6d0e01a2e404c697962623,dfine_sahi,9700.0,keyboard,0.6478,962.83,452.29,1034.66,475.54,1669.9,71.82,23.25,3.089,False,,True,R-desk,4,evt_S-61_desk_work_surface_0001,aa2a91065abbd7fe,lap_bag_context,no_pose_observation,34560.0,1.33,,1,cam12/e1/v1,
corpus_03,03.CCTV Mobile Usage.mkv,632de9ed55947761d56d4c6142a3cb1a1fe69d0b1a6d0e01a2e404c697962623,dfine_sahi,9700.0,monitor_or_bezel,0.6474,709.36,379.91,969.63,474.88,24718.8,260.27,94.97,2.74,False,,True,R-desk,4,evt_S-61_desk_work_surface_0001,aa2a91065abbd7fe,lap_bag_context,no_pose_observation,34560.0,1.33,,1,cam12/e1/v1,
corpus_03,03.CCTV Mobile Usage.mkv,632de9ed55947761d56d4c6142a3cb1a1fe69d0b1a6d0e01a2e404c697962623,dfine_sahi,9700.0,monitor_or_bezel,0.6032,1018.64,395.69,1145.25,447.3,6534.0,126.61,51.61,2.453,False,,True,R-desk,4,evt_S-61_desk_work_surface_0001,aa2a91065abbd7fe,lap_bag_context,no_pose_observation,34560.0,1.33,,1,cam12/e1/v1,
corpus_03,03.CCTV Mobile Usage.mkv,632de9ed55947761d56d4c6142a3cb1a1fe69d0b1a6d0e01a2e404c697962623,dfine_sahi,9700.0,keyboard,0.5917,772.29,380.2,870.83,420.35,3956.6,98.54,40.15,2.454,False,,True,R-desk,4,evt_S-61_desk_work_surface_0001,aa2a91065abbd7fe,lap_bag_context,no_pose_observation,34560.0,1.33,,1,cam12/e1/v1,
corpus_03,03.CCTV Mobile Usage.mkv,632de9ed55947761d56d4c6142a3cb1a1fe69d0b1a6d0e01a2e404c697962623,dfine_sahi,9700.0,unknown_object,0.5792,699.91,411.27,871.8,506.27,16329.4,171.9,95.0,1.81,False,,True,R-desk,4,evt_S-61_desk_work_surface_0001,aa2a91065abbd7fe,lap_bag_context,no_pose_observation,34560.0,1.33,,1,cam12/e1/v1,
corpus_03,03.CCTV Mobile Usage.mkv,632de9ed55947761d56d4c6142a3cb1a1fe69d0b1a6d0e01a2e404c697962623,dfine_sahi,9700.0,mouse,0.5184,864.74,413.84,892.29,435.32,591.6,27.54,21.48,1.282,False,,True,R-desk,4,evt_S-61_desk_work_surface_0001,aa2a91065abbd7fe,lap_bag_context,no_pose_observation,34560.0,1.33,,1,cam12/e1/v1,
corpus_03,03.CCTV Mobile Usage.mkv,632de9ed55947761d56d4c6142a3cb1a1fe69d0b1a6d0e01a2e404c697962623,dfine_sahi,9700.0,unknown_object,0.4968,769.11,410.99,969.85,505.83,19037.5,200.74,94.84,2.117,False,,True,R-desk,4,evt_S-61_desk_work_surface_0001,aa2a91065abbd7fe,lap_bag_context,no_pose_observation,34560.0,1.33,,1,cam12/e1/v1,
corpus_03,03.CCTV Mobile Usage.mkv,632de9ed55947761d56d4c6142a3cb1a1fe69d0b1a6d0e01a2e404c697962623,dfine_sahi,9700.0,keyboard,0.4761,802.25,396.25,870.72,420.71,1674.8,68.47,24.46,2.799,False,,True,R-desk,4,evt_S-61_desk_work_surface_0001,aa2a91065abbd7fe,lap_bag_context,no_pose_observation,34560.0,1.33,,1,cam12/e1/v1,
corpus_03,03.CCTV Mobile Usage.mkv,632de9ed55947761d56d4c6142a3cb1a1fe69d0b1a6d0e01a2e404c697962623,dfine_sahi,9700.0,unknown_object,0.3775,699.98,396.11,771.33,491.82,6829.3,71.35,95.71,0.746,False,,True,R-desk,4,evt_S-61_desk_work_surface_0001,aa2a91065abbd7fe,lap_bag_context,no_pose_observation,34560.0,1.33,,1,cam12/e1/v1,
corpus_03,03.CCTV Mobile Usage.mkv,632de9ed55947761d56d4c6142a3cb1a1fe69d0b1a6d0e01a2e404c697962623,dfine_sahi,9700.0,keyboard,0.3239,910.12,411.73,1092.28,506.24,17216.6,182.16,94.51,1.927,False,,True,R-desk,4,evt_S-61_desk_work_surface_0001,aa2a91065abbd7fe,lap_bag_context,no_pose_observation,34560.0,1.33,,1,cam12/e1/v1,
corpus_03,03.CCTV Mobile Usage.mkv,632de9ed55947761d56d4c6142a3cb1a1fe69d0b1a6d0e01a2e404c697962623,dfine_sahi,9700.0,unknown_object,0.2788,881.54,411.13,933.06,452.89,2151.5,51.52,41.76,1.234,False,,True,R-desk,4,evt_S-61_desk_work_surface_0001,aa2a91065abbd7fe,lap_bag_context,no_pose_observation,34560.0,1.33,,1,cam12/e1/v1,
corpus_03,03.CCTV Mobile Usage.mkv,632de9ed55947761d56d4c6142a3cb1a1fe69d0b1a6d0e01a2e404c697962623,dfine_sahi,9700.0,mouse,0.278,967.15,398.42,992.01,410.59,302.6,24.86,12.17,2.042,False,,True,R-desk,4,evt_S-61_desk_work_surface_0001,aa2a91065abbd7fe,lap_bag_context,no_pose_observation,34560.0,1.33,,1,cam12/e1/v1,
corpus_03,03.CCTV Mobile Usage.mkv,632de9ed55947761d56d4c6142a3cb1a1fe69d0b1a6d0e01a2e404c697962623,dfine_sahi,9700.0,unknown_object,0.2718,700.04,380.32,839.49,475.37,13253.4,139.45,95.04,1.467,False,,True,R-desk,4,evt_S-61_desk_work_surface_0001,aa2a91065abbd7fe,lap_bag_context,no_pose_observation,34560.0,1.33,,1,cam12/e1/v1,
corpus_03,03.CCTV Mobile Usage.mkv,632de9ed55947761d56d4c6142a3cb1a1fe69d0b1a6d0e01a2e404c697962623,dfine_sahi,9700.0,monitor_or_bezel,0.2681,881.36,396.18,948.1,452.48,3757.9,66.74,56.3,1.185,False,,True,R-desk,4,evt_S-61_desk_work_surface_0001,aa2a91065abbd7fe,lap_bag_context,no_pose_observation,34560.0,1.33,,1,cam12/e1/v1,
corpus_03,03.CCTV Mobile Usage.mkv,632de9ed55947761d56d4c6142a3cb1a1fe69d0b1a6d0e01a2e404c697962623,dfine_sahi,9700.0,mouse,0.2529,991.28,400.93,1028.29,413.57,467.7,37.01,12.63,2.929,False,,True,R-desk,4,evt_S-61_desk_work_surface_0001,aa2a91065abbd7fe,lap_bag_context,no_pose_observation,34560.0,1.33,,1,cam12/e1/v1,
corpus_03,03.CCTV Mobile Usage.mkv,632de9ed55947761d56d4c6142a3cb1a1fe69d0b1a6d0e01a2e404c697962623,dfine_sahi,9700.0,unknown_object,0.6518,160.07,510.19,255.94,605.44,9132.4,95.87,95.25,1.006,False,,True,S-61,1,evt_S-61_desk_work_surface_0001,d142004b4e59ec48,pose_hand_context,,20713.0,4.45,,1,cam12/e1/v1,rtmpose_baseline
corpus_03,03.CCTV Mobile Usage.mkv,632de9ed55947761d56d4c6142a3cb1a1fe69d0b1a6d0e01a2e404c697962623,dfine_sahi,9700.0,unknown_object,0.5446,167.23,478.71,235.77,522.61,3009.5,68.54,43.91,1.561,False,,True,S-61,1,evt_S-61_desk_work_surface_0001,d142004b4e59ec48,pose_hand_context,,20713.0,4.45,,1,cam12/e1/v1,rtmpose_baseline
corpus_03,03.CCTV Mobile Usage.mkv,632de9ed55947761d56d4c6142a3cb1a1fe69d0b1a6d0e01a2e404c697962623,dfine_sahi,9700.0,unknown_object,0.352,159.99,502.92,255.98,542.77,3825.7,95.99,39.85,2.409,False,,True,S-61,1,evt_S-61_desk_work_surface_0001,d142004b4e59ec48,pose_hand_context,,20713.0,4.45,,1,cam12/e1/v1,rtmpose_baseline
corpus_03,03.CCTV Mobile Usage.mkv,632de9ed55947761d56d4c6142a3cb1a1fe69d0b1a6d0e01a2e404c697962623,dfine_sahi,9700.0,unknown_object,0.3168,97.01,510.07,192.96,605.63,9169.9,95.95,95.57,1.004,False,,True,S-61,1,evt_S-61_desk_work_surface_0001,d142004b4e59ec48,pose_hand_context,,20713.0,4.45,,1,cam12/e1/v1,rtmpose_baseline
corpus_03,03.CCTV Mobile Usage.mkv,632de9ed55947761d56d4c6142a3cb1a1fe69d0b1a6d0e01a2e404c697962623,dfine_sahi,10700.0,unknown_object,0.6902,112.2,261.21,241.92,331.36,9098.9,129.72,70.14,1.849,False,,True,S-61,2,evt_S-61_desk_work_surface_0001,306d5f013085fa12,pose_hand_context,,22428.1,4.27,,1,cam12/e1/v1,rtmpose_baseline
corpus_03,03.CCTV Mobile Usage.mkv,632de9ed55947761d56d4c6142a3cb1a1fe69d0b1a6d0e01a2e404c697962623,dfine_sahi,10700.0,unknown_object,0.5304,210.79,227.5,229.56,256.29,540.3,18.77,28.79,0.652,False,,True,S-61,2,evt_S-61_desk_work_surface_0001,306d5f013085fa12,pose_hand_context,,22428.1,4.27,,1,cam12/e1/v1,rtmpose_baseline
corpus_03,03.CCTV Mobile Usage.mkv,632de9ed55947761d56d4c6142a3cb1a1fe69d0b1a6d0e01a2e404c697962623,dfine_sahi,10700.0,unknown_object,0.4644,187.18,178.34,209.06,266.56,1929.9,21.87,88.22,0.248,False,,True,S-61,2,evt_S-61_desk_work_surface_0001,306d5f013085fa12,pose_hand_context,,22428.1,4.27,,1,cam12/e1/v1,rtmpose_baseline
corpus_03,03.CCTV Mobile Usage.mkv,632de9ed55947761d56d4c6142a3cb1a1fe69d0b1a6d0e01a2e404c697962623,dfine_sahi,10700.0,unknown_object,0.2995,175.19,239.4,192.94,272.78,592.7,17.76,33.38,0.532,False,,True,S-61,2,evt_S-61_desk_work_surface_0001,306d5f013085fa12,pose_hand_context,,22428.1,4.27,,1,cam12/e1/v1,rtmpose_baseline
corpus_03,03.CCTV Mobile Usage.mkv,632de9ed55947761d56d4c6142a3cb1a1fe69d0b1a6d0e01a2e404c697962623,dfine_sahi,10700.0,unknown_object,0.2976,158.89,256.61,176.71,272.95,291.1,17.82,16.33,1.091,False,,True,S-61,2,evt_S-61_desk_work_surface_0001,306d5f013085fa12,pose_hand_context,,22428.1,4.27,,1,cam12/e1/v1,rtmpose_baseline
corpus_03,03.CCTV Mobile Usage.mkv,632de9ed55947761d56d4c6142a3cb1a1fe69d0b1a6d0e01a2e404c697962623,dfine_sahi,10700.0,unknown_object,0.2961,191.24,239.33,208.59,266.18,465.7,17.35,26.84,0.646,False,,True,S-61,2,evt_S-61_desk_work_surface_0001,306d5f013085fa12,pose_hand_context,,22428.1,4.27,,1,cam12/e1/v1,rtmpose_baseline
corpus_03,03.CCTV Mobile Usage.mkv,632de9ed55947761d56d4c6142a3cb1a1fe69d0b1a6d0e01a2e404c697962623,dfine_sahi,10700.0,unknown_object,0.2882,205.98,177.12,226.53,229.97,1086.0,20.55,52.85,0.389,False,,True,S-61,2,evt_S-61_desk_work_surface_0001,306d5f013085fa12,pose_hand_context,,22428.1,4.27,,1,cam12/e1/v1,rtmpose_baseline
corpus_03,03.CCTV Mobile Usage.mkv,632de9ed55947761d56d4c6142a3cb1a1fe69d0b1a6d0e01a2e404c697962623,dfine_sahi,10700.0,unknown_object,0.5279,104.11,437.15,199.93,532.46,9131.9,95.82,95.3,1.005,False,,True,S-61,1,evt_S-61_desk_work_surface_0001,fc3e6f6ad9de900d,pose_hand_context,,16022.5,5.06,,1,cam12/e1/v1,rtmpose_baseline
corpus_03,03.CCTV Mobile Usage.mkv,632de9ed55947761d56d4c6142a3cb1a1fe69d0b1a6d0e01a2e404c697962623,dfine_sahi,10700.0,unknown_object,0.489,139.02,493.09,199.96,560.91,4132.8,60.94,67.82,0.899,False,,True,S-61,1,evt_S-61_desk_work_surface_0001,fc3e6f6ad9de900d,pose_hand_context,,16022.5,5.06,,1,cam12/e1/v1,rtmpose_baseline
corpus_03,03.CCTV Mobile Usage.mkv,632de9ed55947761d56d4c6142a3cb1a1fe69d0b1a6d0e01a2e404c697962623,dfine_sahi,10700.0,unknown_object,0.4385,159.99,493.15,255.91,588.53,9148.9,95.92,95.38,1.006,False,,True,S-61,1,evt_S-61_desk_work_surface_0001,fc3e6f6ad9de900d,pose_hand_context,,16022.5,5.06,,1,cam12/e1/v1,rtmpose_baseline
corpus_03,03.CCTV Mobile Usage.mkv,632de9ed55947761d56d4c6142a3cb1a1fe69d0b1a6d0e01a2e404c697962623,dfine_sahi,10700.0,unknown_object,0.3279,169.01,477.54,246.93,518.3,3176.0,77.92,40.76,1.912,False,,True,S-61,1,evt_S-61_desk_work_surface_0001,fc3e6f6ad9de900d,pose_hand_context,,16022.5,5.06,,1,cam12/e1/v1,rtmpose_baseline
corpus_03,03.CCTV Mobile Usage.mkv,632de9ed55947761d56d4c6142a3cb1a1fe69d0b1a6d0e01a2e404c697962623,dfine_sahi,11700.0,unknown_object,0.6442,57.99,510.03,85.26,552.11,1147.5,27.27,42.08,0.648,False,,True,S-61,1,evt_S-61_desk_work_surface_0001,b6a05af65e1ac343,pose_hand_context,,28995.3,3.76,,1,cam12/e1/v1,rtmpose_baseline
corpus_03,03.CCTV Mobile Usage.mkv,632de9ed55947761d56d4c6142a3cb1a1fe69d0b1a6d0e01a2e404c697962623,dfine_sahi,11700.0,unknown_object,0.5521,58.03,435.09,153.92,491.52,5410.6,95.89,56.42,1.699,False,,True,S-61,1,evt_S-61_desk_work_surface_0001,b6a05af65e1ac343,pose_hand_context,,28995.3,3.76,,1,cam12/e1/v1,rtmpose_baseline
corpus_03,03.CCTV Mobile Usage.mkv,632de9ed55947761d56d4c6142a3cb1a1fe69d0b1a6d0e01a2e404c697962623,dfine_sahi,11700.0,stationery,0.4808,57.97,509.52,85.38,552.39,1175.0,27.4,42.87,0.639,False,,True,S-61,1,evt_S-61_desk_work_surface_0001,b6a05af65e1ac343,pose_hand_context,,28995.3,3.76,,1,cam12/e1/v1,rtmpose_baseline
corpus_03,03.CCTV Mobile Usage.mkv,632de9ed55947761d56d4c6142a3cb1a1fe69d0b1a6d0e01a2e404c697962623,dfine_sahi,11700.0,unknown_object,0.434,63.11,485.21,96.79,530.5,1525.7,33.69,45.29,0.744,False,,True,S-61,1,evt_S-61_desk_work_surface_0001,b6a05af65e1ac343,pose_hand_context,,28995.3,3.76,,1,cam12/e1/v1,rtmpose_baseline
corpus_03,03.CCTV Mobile Usage.mkv,632de9ed55947761d56d4c6142a3cb1a1fe69d0b1a6d0e01a2e404c697962623,dfine_sahi,11700.0,unknown_object,0.4093,57.99,509.82,96.88,602.52,3605.2,38.89,92.7,0.42,False,,True,S-61,1,evt_S-61_desk_work_surface_0001,b6a05af65e1ac343,pose_hand_context,,28995.3,3.76,,1,cam12/e1/v1,rtmpose_baseline
corpus_03,03.CCTV Mobile Usage.mkv,632de9ed55947761d56d4c6142a3cb1a1fe69d0b1a6d0e01a2e404c697962623,dfine_sahi,11700.0,unknown_object,0.3554,58.73,476.46,219.68,603.2,20399.7,160.95,126.74,1.27,False,,True,S-61,1,evt_S-61_desk_work_surface_0001,b6a05af65e1ac343,pose_hand_context,,28995.3,3.76,,1,cam12/e1/v1,rtmpose_baseline
corpus_03,03.CCTV Mobile Usage.mkv,632de9ed55947761d56d4c6142a3cb1a1fe69d0b1a6d0e01a2e404c697962623,dfine_sahi,11700.0,unknown_object,0.3438,133.41,509.21,228.92,569.5,5757.9,95.51,60.28,1.584,False,,True,S-61,1,evt_S-61_desk_work_surface_0001,b6a05af65e1ac343,pose_hand_context,,28995.3,3.76,,1,cam12/e1/v1,rtmpose_baseline
corpus_03,03.CCTV Mobile Usage.mkv,632de9ed55947761d56d4c6142a3cb1a1fe69d0b1a6d0e01a2e404c697962623,dfine_sahi,11700.0,unknown_object,0.3222,58.01,509.25,153.95,604.46,9134.1,95.94,95.21,1.008,False,,True,S-61,1,evt_S-61_desk_work_surface_0001,b6a05af65e1ac343,pose_hand_context,,28995.3,3.76,,1,cam12/e1/v1,rtmpose_baseline
corpus_03,03.CCTV Mobile Usage.mkv,632de9ed55947761d56d4c6142a3cb1a1fe69d0b1a6d0e01a2e404c697962623,dfine_sahi,11700.0,unknown_object,0.3029,133.06,481.67,228.37,530.71,4674.2,95.31,49.04,1.943,False,,True,S-61,1,evt_S-61_desk_work_surface_0001,b6a05af65e1ac343,pose_hand_context,,28995.3,3.76,,1,cam12/e1/v1,rtmpose_baseline
corpus_03,03.CCTV Mobile Usage.mkv,632de9ed55947761d56d4c6142a3cb1a1fe69d0b1a6d0e01a2e404c697962623,dfine_sahi,11700.0,unknown_object,0.2764,157.74,435.26,220.81,520.3,5363.6,63.08,85.03,0.742,False,,True,S-61,1,evt_S-61_desk_work_surface_0001,b6a05af65e1ac343,pose_hand_context,,28995.3,3.76,,1,cam12/e1/v1,rtmpose_baseline
corpus_03,03.CCTV Mobile Usage.mkv,632de9ed55947761d56d4c6142a3cb1a1fe69d0b1a6d0e01a2e404c697962623,dfine_sahi,11700.0,unknown_object,0.2642,159.0,449.7,193.36,517.72,2337.4,34.36,68.02,0.505,False,,True,S-61,1,evt_S-61_desk_work_surface_0001,b6a05af65e1ac343,pose_hand_context,,28995.3,3.76,,1,cam12/e1/v1,rtmpose_baseline
corpus_03,03.CCTV Mobile Usage.mkv,632de9ed55947761d56d4c6142a3cb1a1fe69d0b1a6d0e01a2e404c697962623,dfine_sahi,11700.0,unknown_object,0.2501,67.33,510.58,75.49,524.58,114.2,8.16,14.0,0.583,True,object footprint 114 px is under the 120 px floor for a call,False,S-61,1,evt_S-61_desk_work_surface_0001,b6a05af65e1ac343,pose_hand_context,,28995.3,3.76,,1,cam12/e1/v1,rtmpose_baseline
corpus_03,03.CCTV Mobile Usage.mkv,632de9ed55947761d56d4c6142a3cb1a1fe69d0b1a6d0e01a2e404c697962623,dfine_sahi,11700.0,unknown_object,0.6616,194.12,302.26,289.87,397.56,9125.4,95.75,95.3,1.005,False,,True,S-61,2,evt_S-61_desk_work_surface_0001,eee0fc316a8f1a81,pose_hand_context,,28486.7,3.79,,1,cam12/e1/v1,rtmpose_baseline
corpus_03,03.CCTV Mobile Usage.mkv,632de9ed55947761d56d4c6142a3cb1a1fe69d0b1a6d0e01a2e404c697962623,dfine_sahi,11700.0,unknown_object,0.4318,268.0,302.25,292.15,357.51,1334.7,24.15,55.26,0.437,False,,True,S-61,2,evt_S-61_desk_work_surface_0001,eee0fc316a8f1a81,pose_hand_context,,28486.7,3.79,,1,cam12/e1/v1,rtmpose_baseline
corpus_03,03.CCTV Mobile Usage.mkv,632de9ed55947761d56d4c6142a3cb1a1fe69d0b1a6d0e01a2e404c697962623,dfine_sahi,11700.0,unknown_object,0.3898,288.7,286.28,344.8,324.7,2155.3,56.1,38.42,1.46,False,,True,S-61,2,evt_S-61_desk_work_surface_0001,eee0fc316a8f1a81,pose_hand_context,,28486.7,3.79,,1,cam12/e1/v1,rtmpose_baseline
corpus_03,03.CCTV Mobile Usage.mkv,632de9ed55947761d56d4c6142a3cb1a1fe69d0b1a6d0e01a2e404c697962623,dfine_sahi,12700.0,unknown_object,0.6258,208.22,282.17,254.8,347.59,3047.4,46.58,65.43,0.712,False,,True,S-61,2,evt_S-61_desk_work_surface_0001,1f3041ccf4ecfadb,pose_hand_context,,34165.8,3.46,,1,cam12/e1/v1,rtmpose_baseline
corpus_03,03.CCTV Mobile Usage.mkv,632de9ed55947761d56d4c6142a3cb1a1fe69d0b1a6d0e01a2e404c697962623,dfine_sahi,12700.0,unknown_object,0.4182,232.03,282.05,335.92,346.9,6737.7,103.89,64.85,1.602,False,,True,S-61,2,evt_S-61_desk_work_surface_0001,1f3041ccf4ecfadb,pose_hand_context,,34165.8,3.46,,1,cam12/e1/v1,rtmpose_baseline
corpus_03,03.CCTV Mobile Usage.mkv,632de9ed55947761d56d4c6142a3cb1a1fe69d0b1a6d0e01a2e404c697962623,dfine_sahi,12700.0,unknown_object,0.4033,179.18,282.25,254.91,385.2,7795.8,75.73,102.94,0.736,False,,True,S-61,2,evt_S-61_desk_work_surface_0001,1f3041ccf4ecfadb,pose_hand_context,,34165.8,3.46,,1,cam12/e1/v1,rtmpose_baseline
corpus_03,03.CCTV Mobile Usage.mkv,632de9ed55947761d56d4c6142a3cb1a1fe69d0b1a6d0e01a2e404c697962623,dfine_sahi,12700.0,unknown_object,0.3581,232.0,282.15,269.37,345.04,2350.1,37.37,62.88,0.594,False,,True,S-61,2,evt_S-61_desk_work_surface_0001,1f3041ccf4ecfadb,pose_hand_context,,34165.8,3.46,,1,cam12/e1/v1,rtmpose_baseline
corpus_03,03.CCTV Mobile Usage.mkv,632de9ed55947761d56d4c6142a3cb1a1fe69d0b1a6d0e01a2e404c697962623,dfine_sahi,12700.0,stationery,0.3238,204.07,224.11,234.9,299.29,2317.4,30.82,75.18,0.41,False,,True,S-61,2,evt_S-61_desk_work_surface_0001,1f3041ccf4ecfadb,pose_hand_context,,34165.8,3.46,,1,cam12/e1/v1,rtmpose_baseline
corpus_03,03.CCTV Mobile Usage.mkv,632de9ed55947761d56d4c6142a3cb1a1fe69d0b1a6d0e01a2e404c697962623,dfine_sahi,12700.0,unknown_object,0.312,180.49,293.84,335.84,384.62,14102.7,155.35,90.78,1.711,False,,True,S-61,2,evt_S-61_desk_work_surface_0001,1f3041ccf4ecfadb,pose_hand_context,,34165.8,3.46,,1,cam12/e1/v1,rtmpose_baseline
corpus_03,03.CCTV Mobile Usage.mkv,632de9ed55947761d56d4c6142a3cb1a1fe69d0b1a6d0e01a2e404c697962623,dfine_sahi,12700.0,unknown_object,0.296,232.09,225.53,251.91,302.99,1535.1,19.82,77.46,0.256,False,,True,S-61,2,evt_S-61_desk_work_surface_0001,1f3041ccf4ecfadb,pose_hand_context,,34165.8,3.46,,1,cam12/e1/v1,rtmpose_baseline
corpus_03,03.CCTV Mobile Usage.mkv,632de9ed55947761d56d4c6142a3cb1a1fe69d0b1a6d0e01a2e404c697962623,dfine_sahi,12700.0,unknown_object,0.2821,232.0,202.2,274.95,302.87,4324.2,42.95,100.67,0.427,False,,True,S-61,2,evt_S-61_desk_work_surface_0001,1f3041ccf4ecfadb,pose_hand_context,,34165.8,3.46,,1,cam12/e1/v1,rtmpose_baseline
corpus_03,03.CCTV Mobile Usage.mkv,632de9ed55947761d56d4c6142a3cb1a1fe69d0b1a6d0e01a2e404c697962623,dfine_sahi,12700.0,unknown_object,0.693,44.6,506.5,85.59,554.91,1984.3,40.99,48.41,0.847,False,,True,S-61,1,evt_S-61_desk_work_surface_0001,4da4af0040eee7f8,pose_hand_context,,26771.5,3.91,,1,cam12/e1/v1,rtmpose_baseline
corpus_03,03.CCTV Mobile Usage.mkv,632de9ed55947761d56d4c6142a3cb1a1fe69d0b1a6d0e01a2e404c697962623,dfine_sahi,12700.0,stationery,0.6678,16.94,415.09,101.63,498.59,7071.1,84.68,83.5,1.014,False,,True,S-61,1,evt_S-61_desk_work_surface_0001,4da4af0040eee7f8,pose_hand_context,,26771.5,3.91,,1,cam12/e1/v1,rtmpose_baseline
corpus_03,03.CCTV Mobile Usage.mkv,632de9ed55947761d56d4c6142a3cb1a1fe69d0b1a6d0e01a2e404c697962623,dfine_sahi,12700.0,unknown_object,0.573,15.0,390.2,110.87,485.48,9133.7,95.87,95.28,1.006,False,,True,S-61,1,evt_S-61_desk_work_surface_0001,4da4af0040eee7f8,pose_hand_context,,26771.5,3.91,,1,cam12/e1/v1,rtmpose_baseline
corpus_03,03.CCTV Mobile Usage.mkv,632de9ed55947761d56d4c6142a3cb1a1fe69d0b1a6d0e01a2e404c697962623,dfine_sahi,12700.0,unknown_object,0.4848,86.04,390.49,181.69,485.39,9077.6,95.65,94.91,1.008,False,,True,S-61,1,evt_S-61_desk_work_surface_0001,4da4af0040eee7f8,pose_hand_context,,26771.5,3.91,,1,cam12/e1/v1,rtmpose_baseline
corpus_03,03.CCTV Mobile Usage.mkv,632de9ed55947761d56d4c6142a3cb1a1fe69d0b1a6d0e01a2e404c697962623,dfine_sahi,12700.0,stationery,0.4537,43.03,443.84,71.91,471.22,790.8,28.88,27.38,1.055,False,,True,S-61,1,evt_S-61_desk_work_surface_0001,4da4af0040eee7f8,pose_hand_context,,26771.5,3.91,,1,cam12/e1/v1,rtmpose_baseline
corpus_03,03.CCTV Mobile Usage.mkv,632de9ed55947761d56d4c6142a3cb1a1fe69d0b1a6d0e01a2e404c697962623,dfine_sahi,12700.0,unknown_object,0.4373,86.05,462.07,158.68,498.66,2657.5,72.63,36.59,1.985,False,,True,S-61,1,evt_S-61_desk_work_surface_0001,4da4af0040eee7f8,pose_hand_context,,26771.5,3.91,,1,cam12/e1/v1,rtmpose_baseline
corpus_03,03.CCTV Mobile Usage.mkv,632de9ed55947761d56d4c6142a3cb1a1fe69d0b1a6d0e01a2e404c697962623,dfine_sahi,12700.0,stationery,0.4137,100.29,478.46,160.44,531.68,3201.6,60.15,53.23,1.13,False,,True,S-61,1,evt_S-61_desk_work_surface_0001,4da4af0040eee7f8,pose_hand_context,,26771.5,3.91,,1,cam12/e1/v1,rtmpose_baseline
corpus_03,03.CCTV Mobile Usage.mkv,632de9ed55947761d56d4c6142a3cb1a1fe69d0b1a6d0e01a2e404c697962623,dfine_sahi,12700.0,stationery,0.3928,17.08,478.77,179.78,555.65,12507.6,162.7,76.88,2.116,False,,True,S-61,1,evt_S-61_desk_work_surface_0001,4da4af0040eee7f8,pose_hand_context,,26771.5,3.91,,1,cam12/e1/v1,rtmpose_baseline
corpus_03,03.CCTV Mobile Usage.mkv,632de9ed55947761d56d4c6142a3cb1a1fe69d0b1a6d0e01a2e404c697962623,dfine_sahi,12700.0,stationery,0.3759,83.39,418.29,149.81,496.41,5188.5,66.42,78.12,0.85,False,,True,S-61,1,evt_S-61_desk_work_surface_0001,4da4af0040eee7f8,pose_hand_context,,26771.5,3.91,,1,cam12/e1/v1,rtmpose_baseline
corpus_03,03.CCTV Mobile Usage.mkv,632de9ed55947761d56d4c6142a3cb1a1fe69d0b1a6d0e01a2e404c697962623,dfine_sahi,12700.0,unknown_object,0.3453,15.1,462.18,110.99,557.22,9113.6,95.89,95.04,1.009,False,,True,S-61,1,evt_S-61_desk_work_surface_0001,4da4af0040eee7f8,pose_hand_context,,26771.5,3.91,,1,cam12/e1/v1,rtmpose_baseline
corpus_03,03.CCTV Mobile Usage.mkv,632de9ed55947761d56d4c6142a3cb1a1fe69d0b1a6d0e01a2e404c697962623,dfine_sahi,12700.0,unknown_object,0.3365,85.99,462.21,181.95,557.61,9154.5,95.96,95.4,1.006,False,,True,S-61,1,evt_S-61_desk_work_surface_0001,4da4af0040eee7f8,pose_hand_context,,26771.5,3.91,,1,cam12/e1/v1,rtmpose_baseline
corpus_03,03.CCTV Mobile Usage.mkv,632de9ed55947761d56d4c6142a3cb1a1fe69d0b1a6d0e01a2e404c697962623,dfine_sahi,12700.0,unknown_object,0.3187,16.81,392.13,180.06,555.34,26644.7,163.25,163.21,1.0,False,,True,S-61,1,evt_S-61_desk_work_surface_0001,4da4af0040eee7f8,pose_hand_context,,26771.5,3.91,,1,cam12/e1/v1,rtmpose_baseline
corpus_03,03.CCTV Mobile Usage.mkv,632de9ed55947761d56d4c6142a3cb1a1fe69d0b1a6d0e01a2e404c697962623,dfine_sahi,12700.0,unknown_object,0.3066,15.18,462.04,110.87,500.4,3670.7,95.69,38.36,2.494,False,,True,S-61,1,evt_S-61_desk_work_surface_0001,4da4af0040eee7f8,pose_hand_context,,26771.5,3.91,,1,cam12/e1/v1,rtmpose_baseline
corpus_03,03.CCTV Mobile Usage.mkv,632de9ed55947761d56d4c6142a3cb1a1fe69d0b1a6d0e01a2e404c697962623,dfine_sahi,12700.0,unknown_object,0.2972,42.81,443.28,72.54,470.88,820.3,29.73,27.59,1.077,False,,True,S-61,1,evt_S-61_desk_work_surface_0001,4da4af0040eee7f8,pose_hand_context,,26771.5,3.91,,1,cam12/e1/v1,rtmpose_baseline
corpus_03,03.CCTV Mobile Usage.mkv,632de9ed55947761d56d4c6142a3cb1a1fe69d0b1a6d0e01a2e404c697962623,dfine_sahi,12700.0,unknown_object,0.2901,100.15,445.78,159.03,485.67,2349.3,58.89,39.89,1.476,False,,True,S-61,1,evt_S-61_desk_work_surface_0001,4da4af0040eee7f8,pose_hand_context,,26771.5,3.91,,1,cam12/e1/v1,rtmpose_baseline
corpus_03,03.CCTV Mobile Usage.mkv,632de9ed55947761d56d4c6142a3cb1a1fe69d0b1a6d0e01a2e404c697962623,dfine_sahi,12700.0,unknown_object,0.2805,145.05,431.21,181.9,485.47,1998.9,36.85,54.25,0.679,False,,True,S-61,1,evt_S-61_desk_work_surface_0001,4da4af0040eee7f8,pose_hand_context,,26771.5,3.91,,1,cam12/e1/v1,rtmpose_baseline
corpus_03,03.CCTV Mobile Usage.mkv,632de9ed55947761d56d4c6142a3cb1a1fe69d0b1a6d0e01a2e404c697962623,dfine_sahi,12700.0,unknown_object,0.2733,87.04,417.43,147.03,485.06,4057.1,59.98,67.64,0.887,False,,True,S-61,1,evt_S-61_desk_work_surface_0001,4da4af0040eee7f8,pose_hand_context,,26771.5,3.91,,1,cam12/e1/v1,rtmpose_baseline
corpus_03,03.CCTV Mobile Usage.mkv,632de9ed55947761d56d4c6142a3cb1a1fe69d0b1a6d0e01a2e404c697962623,dfine_sahi,12700.0,stationery,0.2584,43.55,506.11,90.56,554.91,2293.7,47.0,48.8,0.963,False,,True,S-61,1,evt_S-61_desk_work_surface_0001,4da4af0040eee7f8,pose_hand_context,,26771.5,3.91,,1,cam12/e1/v1,rtmpose_baseline
corpus_03,03.CCTV Mobile Usage.mkv,632de9ed55947761d56d4c6142a3cb1a1fe69d0b1a6d0e01a2e404c697962623,dfine_sahi,12700.0,stationery,0.2505,127.81,445.39,158.05,490.1,1352.2,30.24,44.71,0.676,False,,True,S-61,1,evt_S-61_desk_work_surface_0001,4da4af0040eee7f8,pose_hand_context,,26771.5,3.91,,1,cam12/e1/v1,rtmpose_baseline
corpus_03,03.CCTV Mobile Usage.mkv,632de9ed55947761d56d4c6142a3cb1a1fe69d0b1a6d0e01a2e404c697962623,dfine_sahi,12700.0,keyboard,0.894,962.1,451.9,1067.92,491.45,4185.1,105.83,39.55,2.676,False,,True,R-desk,7,evt_S-61_desk_work_surface_0001,968235d01208b21f,lap_bag_context,no_pose_observation,34560.0,1.33,,1,cam12/e1/v1,
corpus_03,03.CCTV Mobile Usage.mkv,632de9ed55947761d56d4c6142a3cb1a1fe69d0b1a6d0e01a2e404c697962623,dfine_sahi,12700.0,monitor_or_bezel,0.7704,910.05,411.11,1140.77,506.4,21985.2,230.72,95.29,2.421,False,,True,R-desk,7,evt_S-61_desk_work_surface_0001,968235d01208b21f,lap_bag_context,no_pose_observation,34560.0,1.33,,1,cam12/e1/v1,
corpus_03,03.CCTV Mobile Usage.mkv,632de9ed55947761d56d4c6142a3cb1a1fe69d0b1a6d0e01a2e404c697962623,dfine_sahi,12700.0,monitor_or_bezel,0.7415,963.79,380.39,1152.82,475.21,17925.6,189.04,94.83,1.994,False,,True,R-desk,7,evt_S-61_desk_work_surface_0001,968235d01208b21f,lap_bag_context,no_pose_observation,34560.0,1.33,,1,cam12/e1/v1,
corpus_03,03.CCTV Mobile Usage.mkv,632de9ed55947761d56d4c6142a3cb1a1fe69d0b1a6d0e01a2e404c697962623,dfine_sahi,12700.0,monitor_or_bezel,0.7017,707.0,379.91,969.69,474.94,24964.2,262.7,95.03,2.764,False,,True,R-desk,7,evt_S-61_desk_work_surface_0001,968235d01208b21f,lap_bag_context,no_pose_observation,34560.0,1.33,,1,cam12/e1/v1,
corpus_03,03.CCTV Mobile Usage.mkv,632de9ed55947761d56d4c6142a3cb1a1fe69d0b1a6d0e01a2e404c697962623,dfine_sahi,12700.0,keyboard,0.6368,772.62,380.23,871.14,420.4,3956.9,98.52,40.16,2.453,False,,True,R-desk,7,evt_S-61_desk_work_surface_0001,968235d01208b21f,lap_bag_context,no_pose_observation,34560.0,1.33,,1,cam12/e1/v1,
corpus_03,03.CCTV Mobile Usage.mkv,632de9ed55947761d56d4c6142a3cb1a1fe69d0b1a6d0e01a2e404c697962623,dfine_sahi,12700.0,keyboard,0.626,962.63,452.36,1035.08,475.63,1686.1,72.45,23.27,3.113,False,,True,R-desk,7,evt_S-61_desk_work_surface_0001,968235d01208b21f,lap_bag_context,no_pose_observation,34560.0,1.33,,1,cam12/e1/v1,
corpus_03,03.CCTV Mobile Usage.mkv,632de9ed55947761d56d4c6142a3cb1a1fe69d0b1a6d0e01a2e404c697962623,dfine_sahi,12700.0,unknown_object,0.6223,699.91,396.23,849.49,492.42,14387.6,149.57,96.19,1.555,False,,True,R-desk,7,evt_S-61_desk_work_surface_0001,968235d01208b21f,lap_bag_context,no_pose_observation,34560.0,1.33,,1,cam12/e1/v1,
corpus_03,03.CCTV Mobile Usage.mkv,632de9ed55947761d56d4c6142a3cb1a1fe69d0b1a6d0e01a2e404c697962623,dfine_sahi,12700.0,mouse,0.5609,865.43,413.69,891.29,435.25,557.7,25.86,21.56,1.2,False,,True,R-desk,7,evt_S-61_desk_work_surface_0001,968235d01208b21f,lap_bag_context,no_pose_observation,34560.0,1.33,,1,cam12/e1/v1,
corpus_03,03.CCTV Mobile Usage.mkv,632de9ed55947761d56d4c6142a3cb1a1fe69d0b1a6d0e01a2e404c697962623,dfine_sahi,12700.0,unknown_object,0.5153,769.06,411.0,969.84,505.95,19064.3,200.79,94.95,2.115,False,,True,R-desk,7,evt_S-61_desk_work_surface_0001,968235d01208b21f,lap_bag_context,no_pose_observation,34560.0,1.33,,1,cam12/e1/v1,
corpus_03,03.CCTV Mobile Usage.mkv,632de9ed55947761d56d4c6142a3cb1a1fe69d0b1a6d0e01a2e404c697962623,dfine_sahi,12700.0,phone,0.4329,1043.38,421.52,1113.16,473.57,3632.0,69.78,52.05,1.341,False,,True,R-desk,7,evt_S-61_desk_work_surface_0001,968235d01208b21f,lap_bag_context,no_pose_observation,34560.0,1.33,,1,cam12/e1/v1,
corpus_03,03.CCTV Mobile Usage.mkv,632de9ed55947761d56d4c6142a3cb1a1fe69d0b1a6d0e01a2e404c697962623,dfine_sahi,12700.0,keyboard,0.4237,802.46,396.22,870.9,420.71,1675.7,68.44,24.48,2.795,False,,True,R-desk,7,evt_S-61_desk_work_surface_0001,968235d01208b21f,lap_bag_context,no_pose_observation,34560.0,1.33,,1,cam12/e1/v1,
corpus_03,03.CCTV Mobile Usage.mkv,632de9ed55947761d56d4c6142a3cb1a1fe69d0b1a6d0e01a2e404c697962623,dfine_sahi,12700.0,unknown_object,0.4019,699.97,396.22,757.52,491.04,5456.4,57.55,94.82,0.607,False,,True,R-desk,7,evt_S-61_desk_work_surface_0001,968235d01208b21f,lap_bag_context,no_pose_observation,34560.0,1.33,,1,cam12/e1/v1,
corpus_03,03.CCTV Mobile Usage.mkv,632de9ed55947761d56d4c6142a3cb1a1fe69d0b1a6d0e01a2e404c697962623,dfine_sahi,12700.0,monitor_or_bezel,0.3892,1019.66,395.52,1145.06,446.55,6399.4,125.4,51.03,2.457,False,,True,R-desk,7,evt_S-61_desk_work_surface_0001,968235d01208b21f,lap_bag_context,no_pose_observation,34560.0,1.33,,1,cam12/e1/v1,
corpus_03,03.CCTV Mobile Usage.mkv,632de9ed55947761d56d4c6142a3cb1a1fe69d0b1a6d0e01a2e404c697962623,dfine_sahi,12700.0,keyboard,0.3418,910.14,412.13,1092.2,506.31,17145.9,182.06,94.18,1.933,False,,True,R-desk,7,evt_S-61_desk_work_surface_0001,968235d01208b21f,lap_bag_context,no_pose_observation,34560.0,1.33,,1,cam12/e1/v1,
corpus_03,03.CCTV Mobile Usage.mkv,632de9ed55947761d56d4c6142a3cb1a1fe69d0b1a6d0e01a2e404c697962623,dfine_sahi,12700.0,unknown_object,0.3256,882.06,411.12,932.43,452.77,2097.6,50.37,41.64,1.209,False,,True,R-desk,7,evt_S-61_desk_work_surface_0001,968235d01208b21f,lap_bag_context,no_pose_observation,34560.0,1.33,,1,cam12/e1/v1,
corpus_03,03.CCTV Mobile Usage.mkv,632de9ed55947761d56d4c6142a3cb1a1fe69d0b1a6d0e01a2e404c697962623,dfine_sahi,12700.0,keyboard,0.3233,965.98,396.21,1096.59,475.06,10299.0,130.61,78.85,1.656,False,,True,R-desk,7,evt_S-61_desk_work_surface_0001,968235d01208b21f,lap_bag_context,no_pose_observation,34560.0,1.33,,1,cam12/e1/v1,
corpus_03,03.CCTV Mobile Usage.mkv,632de9ed55947761d56d4c6142a3cb1a1fe69d0b1a6d0e01a2e404c697962623,dfine_sahi,12700.0,unknown_object,0.3092,736.55,395.62,1140.16,491.17,38565.1,403.61,95.55,4.224,False,,True,R-desk,7,evt_S-61_desk_work_surface_0001,968235d01208b21f,lap_bag_context,no_pose_observation,34560.0,1.33,,1,cam12/e1/v1,
corpus_03,03.CCTV Mobile Usage.mkv,632de9ed55947761d56d4c6142a3cb1a1fe69d0b1a6d0e01a2e404c697962623,dfine_sahi,12700.0,unknown_object,0.2767,881.3,411.54,969.9,505.58,8331.2,88.6,94.03,0.942,False,,True,R-desk,7,evt_S-61_desk_work_surface_0001,968235d01208b21f,lap_bag_context,no_pose_observation,34560.0,1.33,,1,cam12/e1/v1,
corpus_03,03.CCTV Mobile Usage.mkv,632de9ed55947761d56d4c6142a3cb1a1fe69d0b1a6d0e01a2e404c697962623,dfine_sahi,12700.0,mouse,0.2733,966.85,398.32,992.32,410.44,308.6,25.46,12.12,2.101,False,,True,R-desk,7,evt_S-61_desk_work_surface_0001,968235d01208b21f,lap_bag_context,no_pose_observation,34560.0,1.33,,1,cam12/e1/v1,
corpus_03,03.CCTV Mobile Usage.mkv,632de9ed55947761d56d4c6142a3cb1a1fe69d0b1a6d0e01a2e404c697962623,dfine_sahi,12700.0,keyboard,0.2603,882.33,380.23,968.97,453.05,6309.5,86.65,72.82,1.19,False,,True,R-desk,7,evt_S-61_desk_work_surface_0001,968235d01208b21f,lap_bag_context,no_pose_observation,34560.0,1.33,,1,cam12/e1/v1,
corpus_03,03.CCTV Mobile Usage.mkv,632de9ed55947761d56d4c6142a3cb1a1fe69d0b1a6d0e01a2e404c697962623,dfine_sahi,12700.0,unknown_object,0.2557,910.47,411.12,1177.79,506.5,25496.8,267.32,95.38,2.803,False,,True,R-desk,7,evt_S-61_desk_work_surface_0001,968235d01208b21f,lap_bag_context,no_pose_observation,34560.0,1.33,,1,cam12/e1/v1,
corpus_03,03.CCTV Mobile Usage.mkv,632de9ed55947761d56d4c6142a3cb1a1fe69d0b1a6d0e01a2e404c697962623,dfine_sahi,12700.0,keyboard,0.894,962.1,451.9,1067.92,491.45,4185.1,105.83,39.55,2.676,False,,True,R-desk,5,evt_S-61_desk_work_surface_0001,968235d01208b21f,lap_bag_context,no_pose_observation,34560.0,1.33,,1,cam12/e1/v1,
corpus_03,03.CCTV Mobile Usage.mkv,632de9ed55947761d56d4c6142a3cb1a1fe69d0b1a6d0e01a2e404c697962623,dfine_sahi,12700.0,monitor_or_bezel,0.7704,910.05,411.11,1140.77,506.4,21985.2,230.72,95.29,2.421,False,,True,R-desk,5,evt_S-61_desk_work_surface_0001,968235d01208b21f,lap_bag_context,no_pose_observation,34560.0,1.33,,1,cam12/e1/v1,
corpus_03,03.CCTV Mobile Usage.mkv,632de9ed55947761d56d4c6142a3cb1a1fe69d0b1a6d0e01a2e404c697962623,dfine_sahi,12700.0,monitor_or_bezel,0.7415,963.79,380.39,1152.82,475.21,17925.6,189.04,94.83,1.994,False,,True,R-desk,5,evt_S-61_desk_work_surface_0001,968235d01208b21f,lap_bag_context,no_pose_observation,34560.0,1.33,,1,cam12/e1/v1,
corpus_03,03.CCTV Mobile Usage.mkv,632de9ed55947761d56d4c6142a3cb1a1fe69d0b1a6d0e01a2e404c697962623,dfine_sahi,12700.0,monitor_or_bezel,0.7017,707.0,379.91,969.69,474.94,24964.2,262.7,95.03,2.764,False,,True,R-desk,5,evt_S-61_desk_work_surface_0001,968235d01208b21f,lap_bag_context,no_pose_observation,34560.0,1.33,,1,cam12/e1/v1,
corpus_03,03.CCTV Mobile Usage.mkv,632de9ed55947761d56d4c6142a3cb1a1fe69d0b1a6d0e01a2e404c697962623,dfine_sahi,12700.0,keyboard,0.6368,772.62,380.23,871.14,420.4,3956.9,98.52,40.16,2.453,False,,True,R-desk,5,evt_S-61_desk_work_surface_0001,968235d01208b21f,lap_bag_context,no_pose_observation,34560.0,1.33,,1,cam12/e1/v1,
corpus_03,03.CCTV Mobile Usage.mkv,632de9ed55947761d56d4c6142a3cb1a1fe69d0b1a6d0e01a2e404c697962623,dfine_sahi,12700.0,keyboard,0.626,962.63,452.36,1035.08,475.63,1686.1,72.45,23.27,3.113,False,,True,R-desk,5,evt_S-61_desk_work_surface_0001,968235d01208b21f,lap_bag_context,no_pose_observation,34560.0,1.33,,1,cam12/e1/v1,
corpus_03,03.CCTV Mobile Usage.mkv,632de9ed55947761d56d4c6142a3cb1a1fe69d0b1a6d0e01a2e404c697962623,dfine_sahi,12700.0,unknown_object,0.6223,699.91,396.23,849.49,492.42,14387.6,149.57,96.19,1.555,False,,True,R-desk,5,evt_S-61_desk_work_surface_0001,968235d01208b21f,lap_bag_context,no_pose_observation,34560.0,1.33,,1,cam12/e1/v1,
corpus_03,03.CCTV Mobile Usage.mkv,632de9ed55947761d56d4c6142a3cb1a1fe69d0b1a6d0e01a2e404c697962623,dfine_sahi,12700.0,mouse,0.5609,865.43,413.69,891.29,435.25,557.7,25.86,21.56,1.2,False,,True,R-desk,5,evt_S-61_desk_work_surface_0001,968235d01208b21f,lap_bag_context,no_pose_observation,34560.0,1.33,,1,cam12/e1/v1,
corpus_03,03.CCTV Mobile Usage.mkv,632de9ed55947761d56d4c6142a3cb1a1fe69d0b1a6d0e01a2e404c697962623,dfine_sahi,12700.0,unknown_object,0.5153,769.06,411.0,969.84,505.95,19064.3,200.79,94.95,2.115,False,,True,R-desk,5,evt_S-61_desk_work_surface_0001,968235d01208b21f,lap_bag_context,no_pose_observation,34560.0,1.33,,1,cam12/e1/v1,
corpus_03,03.CCTV Mobile Usage.mkv,632de9ed55947761d56d4c6142a3cb1a1fe69d0b1a6d0e01a2e404c697962623,dfine_sahi,12700.0,phone,0.4329,1043.38,421.52,1113.16,473.57,3632.0,69.78,52.05,1.341,False,,True,R-desk,5,evt_S-61_desk_work_surface_0001,968235d01208b21f,lap_bag_context,no_pose_observation,34560.0,1.33,,1,cam12/e1/v1,
corpus_03,03.CCTV Mobile Usage.mkv,632de9ed55947761d56d4c6142a3cb1a1fe69d0b1a6d0e01a2e404c697962623,dfine_sahi,12700.0,keyboard,0.4237,802.46,396.22,870.9,420.71,1675.7,68.44,24.48,2.795,False,,True,R-desk,5,evt_S-61_desk_work_surface_0001,968235d01208b21f,lap_bag_context,no_pose_observation,34560.0,1.33,,1,cam12/e1/v1,
corpus_03,03.CCTV Mobile Usage.mkv,632de9ed55947761d56d4c6142a3cb1a1fe69d0b1a6d0e01a2e404c697962623,dfine_sahi,12700.0,unknown_object,0.4019,699.97,396.22,757.52,491.04,5456.4,57.55,94.82,0.607,False,,True,R-desk,5,evt_S-61_desk_work_surface_0001,968235d01208b21f,lap_bag_context,no_pose_observation,34560.0,1.33,,1,cam12/e1/v1,
corpus_03,03.CCTV Mobile Usage.mkv,632de9ed55947761d56d4c6142a3cb1a1fe69d0b1a6d0e01a2e404c697962623,dfine_sahi,12700.0,monitor_or_bezel,0.3892,1019.66,395.52,1145.06,446.55,6399.4,125.4,51.03,2.457,False,,True,R-desk,5,evt_S-61_desk_work_surface_0001,968235d01208b21f,lap_bag_context,no_pose_observation,34560.0,1.33,,1,cam12/e1/v1,
corpus_03,03.CCTV Mobile Usage.mkv,632de9ed55947761d56d4c6142a3cb1a1fe69d0b1a6d0e01a2e404c697962623,dfine_sahi,12700.0,keyboard,0.3418,910.14,412.13,1092.2,506.31,17145.9,182.06,94.18,1.933,False,,True,R-desk,5,evt_S-61_desk_work_surface_0001,968235d01208b21f,lap_bag_context,no_pose_observation,34560.0,1.33,,1,cam12/e1/v1,
corpus_03,03.CCTV Mobile Usage.mkv,632de9ed55947761d56d4c6142a3cb1a1fe69d0b1a6d0e01a2e404c697962623,dfine_sahi,12700.0,unknown_object,0.3256,882.06,411.12,932.43,452.77,2097.6,50.37,41.64,1.209,False,,True,R-desk,5,evt_S-61_desk_work_surface_0001,968235d01208b21f,lap_bag_context,no_pose_observation,34560.0,1.33,,1,cam12/e1/v1,
corpus_03,03.CCTV Mobile Usage.mkv,632de9ed55947761d56d4c6142a3cb1a1fe69d0b1a6d0e01a2e404c697962623,dfine_sahi,12700.0,keyboard,0.3233,965.98,396.21,1096.59,475.06,10299.0,130.61,78.85,1.656,False,,True,R-desk,5,evt_S-61_desk_work_surface_0001,968235d01208b21f,lap_bag_context,no_pose_observation,34560.0,1.33,,1,cam12/e1/v1,
corpus_03,03.CCTV Mobile Usage.mkv,632de9ed55947761d56d4c6142a3cb1a1fe69d0b1a6d0e01a2e404c697962623,dfine_sahi,12700.0,unknown_object,0.3092,736.55,395.62,1140.16,491.17,38565.1,403.61,95.55,4.224,False,,True,R-desk,5,evt_S-61_desk_work_surface_0001,968235d01208b21f,lap_bag_context,no_pose_observation,34560.0,1.33,,1,cam12/e1/v1,
corpus_03,03.CCTV Mobile Usage.mkv,632de9ed55947761d56d4c6142a3cb1a1fe69d0b1a6d0e01a2e404c697962623,dfine_sahi,12700.0,unknown_object,0.2767,881.3,411.54,969.9,505.58,8331.2,88.6,94.03,0.942,False,,True,R-desk,5,evt_S-61_desk_work_surface_0001,968235d01208b21f,lap_bag_context,no_pose_observation,34560.0,1.33,,1,cam12/e1/v1,
corpus_03,03.CCTV Mobile Usage.mkv,632de9ed55947761d56d4c6142a3cb1a1fe69d0b1a6d0e01a2e404c697962623,dfine_sahi,12700.0,mouse,0.2733,966.85,398.32,992.32,410.44,308.6,25.46,12.12,2.101,False,,True,R-desk,5,evt_S-61_desk_work_surface_0001,968235d01208b21f,lap_bag_context,no_pose_observation,34560.0,1.33,,1,cam12/e1/v1,
corpus_03,03.CCTV Mobile Usage.mkv,632de9ed55947761d56d4c6142a3cb1a1fe69d0b1a6d0e01a2e404c697962623,dfine_sahi,12700.0,keyboard,0.2603,882.33,380.23,968.97,453.05,6309.5,86.65,72.82,1.19,False,,True,R-desk,5,evt_S-61_desk_work_surface_0001,968235d01208b21f,lap_bag_context,no_pose_observation,34560.0,1.33,,1,cam12/e1/v1,
corpus_03,03.CCTV Mobile Usage.mkv,632de9ed55947761d56d4c6142a3cb1a1fe69d0b1a6d0e01a2e404c697962623,dfine_sahi,12700.0,unknown_object,0.2557,910.47,411.12,1177.79,506.5,25496.8,267.32,95.38,2.803,False,,True,R-desk,5,evt_S-61_desk_work_surface_0001,968235d01208b21f,lap_bag_context,no_pose_observation,34560.0,1.33,,1,cam12/e1/v1,
corpus_03,03.CCTV Mobile Usage.mkv,632de9ed55947761d56d4c6142a3cb1a1fe69d0b1a6d0e01a2e404c697962623,dfine_sahi,12700.0,keyboard,0.894,962.1,451.9,1067.92,491.45,4185.1,105.83,39.55,2.676,False,,True,R-desk,6,evt_S-61_desk_work_surface_0001,968235d01208b21f,lap_bag_context,no_pose_observation,34560.0,1.33,,1,cam12/e1/v1,
corpus_03,03.CCTV Mobile Usage.mkv,632de9ed55947761d56d4c6142a3cb1a1fe69d0b1a6d0e01a2e404c697962623,dfine_sahi,12700.0,monitor_or_bezel,0.7704,910.05,411.11,1140.77,506.4,21985.2,230.72,95.29,2.421,False,,True,R-desk,6,evt_S-61_desk_work_surface_0001,968235d01208b21f,lap_bag_context,no_pose_observation,34560.0,1.33,,1,cam12/e1/v1,
corpus_03,03.CCTV Mobile Usage.mkv,632de9ed55947761d56d4c6142a3cb1a1fe69d0b1a6d0e01a2e404c697962623,dfine_sahi,12700.0,monitor_or_bezel,0.7415,963.79,380.39,1152.82,475.21,17925.6,189.04,94.83,1.994,False,,True,R-desk,6,evt_S-61_desk_work_surface_0001,968235d01208b21f,lap_bag_context,no_pose_observation,34560.0,1.33,,1,cam12/e1/v1,
corpus_03,03.CCTV Mobile Usage.mkv,632de9ed55947761d56d4c6142a3cb1a1fe69d0b1a6d0e01a2e404c697962623,dfine_sahi,12700.0,monitor_or_bezel,0.7017,707.0,379.91,969.69,474.94,24964.2,262.7,95.03,2.764,False,,True,R-desk,6,evt_S-61_desk_work_surface_0001,968235d01208b21f,lap_bag_context,no_pose_observation,34560.0,1.33,,1,cam12/e1/v1,
corpus_03,03.CCTV Mobile Usage.mkv,632de9ed55947761d56d4c6142a3cb1a1fe69d0b1a6d0e01a2e404c697962623,dfine_sahi,12700.0,keyboard,0.6368,772.62,380.23,871.14,420.4,3956.9,98.52,40.16,2.453,False,,True,R-desk,6,evt_S-61_desk_work_surface_0001,968235d01208b21f,lap_bag_context,no_pose_observation,34560.0,1.33,,1,cam12/e1/v1,
corpus_03,03.CCTV Mobile Usage.mkv,632de9ed55947761d56d4c6142a3cb1a1fe69d0b1a6d0e01a2e404c697962623,dfine_sahi,12700.0,keyboard,0.626,962.63,452.36,1035.08,475.63,1686.1,72.45,23.27,3.113,False,,True,R-desk,6,evt_S-61_desk_work_surface_0001,968235d01208b21f,lap_bag_context,no_pose_observation,34560.0,1.33,,1,cam12/e1/v1,
corpus_03,03.CCTV Mobile Usage.mkv,632de9ed55947761d56d4c6142a3cb1a1fe69d0b1a6d0e01a2e404c697962623,dfine_sahi,12700.0,unknown_object,0.6223,699.91,396.23,849.49,492.42,14387.6,149.57,96.19,1.555,False,,True,R-desk,6,evt_S-61_desk_work_surface_0001,968235d01208b21f,lap_bag_context,no_pose_observation,34560.0,1.33,,1,cam12/e1/v1,
corpus_03,03.CCTV Mobile Usage.mkv,632de9ed55947761d56d4c6142a3cb1a1fe69d0b1a6d0e01a2e404c697962623,dfine_sahi,12700.0,mouse,0.5609,865.43,413.69,891.29,435.25,557.7,25.86,21.56,1.2,False,,True,R-desk,6,evt_S-61_desk_work_surface_0001,968235d01208b21f,lap_bag_context,no_pose_observation,34560.0,1.33,,1,cam12/e1/v1,
corpus_03,03.CCTV Mobile Usage.mkv,632de9ed55947761d56d4c6142a3cb1a1fe69d0b1a6d0e01a2e404c697962623,dfine_sahi,12700.0,unknown_object,0.5153,769.06,411.0,969.84,505.95,19064.3,200.79,94.95,2.115,False,,True,R-desk,6,evt_S-61_desk_work_surface_0001,968235d01208b21f,lap_bag_context,no_pose_observation,34560.0,1.33,,1,cam12/e1/v1,
corpus_03,03.CCTV Mobile Usage.mkv,632de9ed55947761d56d4c6142a3cb1a1fe69d0b1a6d0e01a2e404c697962623,dfine_sahi,12700.0,phone,0.4329,1043.38,421.52,1113.16,473.57,3632.0,69.78,52.05,1.341,False,,True,R-desk,6,evt_S-61_desk_work_surface_0001,968235d01208b21f,lap_bag_context,no_pose_observation,34560.0,1.33,,1,cam12/e1/v1,
corpus_03,03.CCTV Mobile Usage.mkv,632de9ed55947761d56d4c6142a3cb1a1fe69d0b1a6d0e01a2e404c697962623,dfine_sahi,12700.0,keyboard,0.4237,802.46,396.22,870.9,420.71,1675.7,68.44,24.48,2.795,False,,True,R-desk,6,evt_S-61_desk_work_surface_0001,968235d01208b21f,lap_bag_context,no_pose_observation,34560.0,1.33,,1,cam12/e1/v1,
corpus_03,03.CCTV Mobile Usage.mkv,632de9ed55947761d56d4c6142a3cb1a1fe69d0b1a6d0e01a2e404c697962623,dfine_sahi,12700.0,unknown_object,0.4019,699.97,396.22,757.52,491.04,5456.4,57.55,94.82,0.607,False,,True,R-desk,6,evt_S-61_desk_work_surface_0001,968235d01208b21f,lap_bag_context,no_pose_observation,34560.0,1.33,,1,cam12/e1/v1,
corpus_03,03.CCTV Mobile Usage.mkv,632de9ed55947761d56d4c6142a3cb1a1fe69d0b1a6d0e01a2e404c697962623,dfine_sahi,12700.0,monitor_or_bezel,0.3892,1019.66,395.52,1145.06,446.55,6399.4,125.4,51.03,2.457,False,,True,R-desk,6,evt_S-61_desk_work_surface_0001,968235d01208b21f,lap_bag_context,no_pose_observation,34560.0,1.33,,1,cam12/e1/v1,
corpus_03,03.CCTV Mobile Usage.mkv,632de9ed55947761d56d4c6142a3cb1a1fe69d0b1a6d0e01a2e404c697962623,dfine_sahi,12700.0,keyboard,0.3418,910.14,412.13,1092.2,506.31,17145.9,182.06,94.18,1.933,False,,True,R-desk,6,evt_S-61_desk_work_surface_0001,968235d01208b21f,lap_bag_context,no_pose_observation,34560.0,1.33,,1,cam12/e1/v1,
corpus_03,03.CCTV Mobile Usage.mkv,632de9ed55947761d56d4c6142a3cb1a1fe69d0b1a6d0e01a2e404c697962623,dfine_sahi,12700.0,unknown_object,0.3256,882.06,411.12,932.43,452.77,2097.6,50.37,41.64,1.209,False,,True,R-desk,6,evt_S-61_desk_work_surface_0001,968235d01208b21f,lap_bag_context,no_pose_observation,34560.0,1.33,,1,cam12/e1/v1,
corpus_03,03.CCTV Mobile Usage.mkv,632de9ed55947761d56d4c6142a3cb1a1fe69d0b1a6d0e01a2e404c697962623,dfine_sahi,12700.0,keyboard,0.3233,965.98,396.21,1096.59,475.06,10299.0,130.61,78.85,1.656,False,,True,R-desk,6,evt_S-61_desk_work_surface_0001,968235d01208b21f,lap_bag_context,no_pose_observation,34560.0,1.33,,1,cam12/e1/v1,
corpus_03,03.CCTV Mobile Usage.mkv,632de9ed55947761d56d4c6142a3cb1a1fe69d0b1a6d0e01a2e404c697962623,dfine_sahi,12700.0,unknown_object,0.3092,736.55,395.62,1140.16,491.17,38565.1,403.61,95.55,4.224,False,,True,R-desk,6,evt_S-61_desk_work_surface_0001,968235d01208b21f,lap_bag_context,no_pose_observation,34560.0,1.33,,1,cam12/e1/v1,
corpus_03,03.CCTV Mobile Usage.mkv,632de9ed55947761d56d4c6142a3cb1a1fe69d0b1a6d0e01a2e404c697962623,dfine_sahi,12700.0,unknown_object,0.2767,881.3,411.54,969.9,505.58,8331.2,88.6,94.03,0.942,False,,True,R-desk,6,evt_S-61_desk_work_surface_0001,968235d01208b21f,lap_bag_context,no_pose_observation,34560.0,1.33,,1,cam12/e1/v1,
corpus_03,03.CCTV Mobile Usage.mkv,632de9ed55947761d56d4c6142a3cb1a1fe69d0b1a6d0e01a2e404c697962623,dfine_sahi,12700.0,mouse,0.2733,966.85,398.32,992.32,410.44,308.6,25.46,12.12,2.101,False,,True,R-desk,6,evt_S-61_desk_work_surface_0001,968235d01208b21f,lap_bag_context,no_pose_observation,34560.0,1.33,,1,cam12/e1/v1,
corpus_03,03.CCTV Mobile Usage.mkv,632de9ed55947761d56d4c6142a3cb1a1fe69d0b1a6d0e01a2e404c697962623,dfine_sahi,12700.0,keyboard,0.2603,882.33,380.23,968.97,453.05,6309.5,86.65,72.82,1.19,False,,True,R-desk,6,evt_S-61_desk_work_surface_0001,968235d01208b21f,lap_bag_context,no_pose_observation,34560.0,1.33,,1,cam12/e1/v1,
corpus_03,03.CCTV Mobile Usage.mkv,632de9ed55947761d56d4c6142a3cb1a1fe69d0b1a6d0e01a2e404c697962623,dfine_sahi,12700.0,unknown_object,0.2557,910.47,411.12,1177.79,506.5,25496.8,267.32,95.38,2.803,False,,True,R-desk,6,evt_S-61_desk_work_surface_0001,968235d01208b21f,lap_bag_context,no_pose_observation,34560.0,1.33,,1,cam12/e1/v1,
corpus_03,03.CCTV Mobile Usage.mkv,632de9ed55947761d56d4c6142a3cb1a1fe69d0b1a6d0e01a2e404c697962623,dfine_sahi,13700.0,keyboard,0.8943,962.1,451.9,1067.92,491.45,4185.3,105.83,39.55,2.676,False,,True,R-desk,5,evt_S-61_desk_work_surface_0001,243d4174c5ecf8e0,lap_bag_context,no_pose_observation,34560.0,1.33,,1,cam12/e1/v1,
corpus_03,03.CCTV Mobile Usage.mkv,632de9ed55947761d56d4c6142a3cb1a1fe69d0b1a6d0e01a2e404c697962623,dfine_sahi,13700.0,monitor_or_bezel,0.7706,910.05,411.11,1140.78,506.4,21985.7,230.72,95.29,2.421,False,,True,R-desk,5,evt_S-61_desk_work_surface_0001,243d4174c5ecf8e0,lap_bag_context,no_pose_observation,34560.0,1.33,,1,cam12/e1/v1,
corpus_03,03.CCTV Mobile Usage.mkv,632de9ed55947761d56d4c6142a3cb1a1fe69d0b1a6d0e01a2e404c697962623,dfine_sahi,13700.0,monitor_or_bezel,0.7502,963.79,380.38,1152.82,475.22,17926.7,189.03,94.84,1.993,False,,True,R-desk,5,evt_S-61_desk_work_surface_0001,243d4174c5ecf8e0,lap_bag_context,no_pose_observation,34560.0,1.33,,1,cam12/e1/v1,
corpus_03,03.CCTV Mobile Usage.mkv,632de9ed55947761d56d4c6142a3cb1a1fe69d0b1a6d0e01a2e404c697962623,dfine_sahi,13700.0,monitor_or_bezel,0.7047,707.05,379.91,969.7,474.94,24958.5,262.65,95.03,2.764,False,,True,R-desk,5,evt_S-61_desk_work_surface_0001,243d4174c5ecf8e0,lap_bag_context,no_pose_observation,34560.0,1.33,,1,cam12/e1/v1,
corpus_03,03.CCTV Mobile Usage.mkv,632de9ed55947761d56d4c6142a3cb1a1fe69d0b1a6d0e01a2e404c697962623,dfine_sahi,13700.0,keyboard,0.6385,772.63,380.23,871.12,420.39,3955.7,98.5,40.16,2.453,False,,True,R-desk,5,evt_S-61_desk_work_surface_0001,243d4174c5ecf8e0,lap_bag_context,no_pose_observation,34560.0,1.33,,1,cam12/e1/v1,
corpus_03,03.CCTV Mobile Usage.mkv,632de9ed55947761d56d4c6142a3cb1a1fe69d0b1a6d0e01a2e404c697962623,dfine_sahi,13700.0,unknown_object,0.6351,699.91,396.23,849.23,492.42,14363.2,149.32,96.19,1.552,False,,True,R-desk,5,evt_S-61_desk_work_surface_0001,243d4174c5ecf8e0,lap_bag_context,no_pose_observation,34560.0,1.33,,1,cam12/e1/v1,
corpus_03,03.CCTV Mobile Usage.mkv,632de9ed55947761d56d4c6142a3cb1a1fe69d0b1a6d0e01a2e404c697962623,dfine_sahi,13700.0,keyboard,0.6268,962.63,452.36,1035.07,475.63,1686.1,72.44,23.28,3.112,False,,True,R-desk,5,evt_S-61_desk_work_surface_0001,243d4174c5ecf8e0,lap_bag_context,no_pose_observation,34560.0,1.33,,1,cam12/e1/v1,
corpus_03,03.CCTV Mobile Usage.mkv,632de9ed55947761d56d4c6142a3cb1a1fe69d0b1a6d0e01a2e404c697962623,dfine_sahi,13700.0,mouse,0.5573,865.43,413.69,891.29,435.25,557.5,25.86,21.56,1.2,False,,True,R-desk,5,evt_S-61_desk_work_surface_0001,243d4174c5ecf8e0,lap_bag_context,no_pose_observation,34560.0,1.33,,1,cam12/e1/v1,
corpus_03,03.CCTV Mobile Usage.mkv,632de9ed55947761d56d4c6142a3cb1a1fe69d0b1a6d0e01a2e404c697962623,dfine_sahi,13700.0,unknown_object,0.5137,769.18,411.0,969.84,505.94,19052.0,200.66,94.95,2.113,False,,True,R-desk,5,evt_S-61_desk_work_surface_0001,243d4174c5ecf8e0,lap_bag_context,no_pose_observation,34560.0,1.33,,1,cam12/e1/v1,
corpus_03,03.CCTV Mobile Usage.mkv,632de9ed55947761d56d4c6142a3cb1a1fe69d0b1a6d0e01a2e404c697962623,dfine_sahi,13700.0,phone,0.4353,1043.38,421.51,1113.15,473.57,3632.2,69.77,52.06,1.34,False,,True,R-desk,5,evt_S-61_desk_work_surface_0001,243d4174c5ecf8e0,lap_bag_context,no_pose_observation,34560.0,1.33,,1,cam12/e1/v1,
corpus_03,03.CCTV Mobile Usage.mkv,632de9ed55947761d56d4c6142a3cb1a1fe69d0b1a6d0e01a2e404c697962623,dfine_sahi,13700.0,keyboard,0.4275,802.46,396.23,870.9,420.71,1675.4,68.44,24.48,2.796,False,,True,R-desk,5,evt_S-61_desk_work_surface_0001,243d4174c5ecf8e0,lap_bag_context,no_pose_observation,34560.0,1.33,,1,cam12/e1/v1,
corpus_03,03.CCTV Mobile Usage.mkv,632de9ed55947761d56d4c6142a3cb1a1fe69d0b1a6d0e01a2e404c697962623,dfine_sahi,13700.0,unknown_object,0.4047,699.97,396.23,757.44,491.07,5450.2,57.47,94.84,0.606,False,,True,R-desk,5,evt_S-61_desk_work_surface_0001,243d4174c5ecf8e0,lap_bag_context,no_pose_observation,34560.0,1.33,,1,cam12/e1/v1,
corpus_03,03.CCTV Mobile Usage.mkv,632de9ed55947761d56d4c6142a3cb1a1fe69d0b1a6d0e01a2e404c697962623,dfine_sahi,13700.0,monitor_or_bezel,0.3911,1019.66,395.52,1145.07,446.54,6398.2,125.4,51.02,2.458,False,,True,R-desk,5,evt_S-61_desk_work_surface_0001,243d4174c5ecf8e0,lap_bag_context,no_pose_observation,34560.0,1.33,,1,cam12/e1/v1,
corpus_03,03.CCTV Mobile Usage.mkv,632de9ed55947761d56d4c6142a3cb1a1fe69d0b1a6d0e01a2e404c697962623,dfine_sahi,13700.0,keyboard,0.3412,910.14,412.13,1092.2,506.31,17146.7,182.06,94.18,1.933,False,,True,R-desk,5,evt_S-61_desk_work_surface_0001,243d4174c5ecf8e0,lap_bag_context,no_pose_observation,34560.0,1.33,,1,cam12/e1/v1,
corpus_03,03.CCTV Mobile Usage.mkv,632de9ed55947761d56d4c6142a3cb1a1fe69d0b1a6d0e01a2e404c697962623,dfine_sahi,13700.0,unknown_object,0.3252,882.06,411.12,932.43,452.77,2097.8,50.37,41.65,1.21,False,,True,R-desk,5,evt_S-61_desk_work_surface_0001,243d4174c5ecf8e0,lap_bag_context,no_pose_observation,34560.0,1.33,,1,cam12/e1/v1,
corpus_03,03.CCTV Mobile Usage.mkv,632de9ed55947761d56d4c6142a3cb1a1fe69d0b1a6d0e01a2e404c697962623,dfine_sahi,13700.0,keyboard,0.3242,965.98,396.23,1096.61,475.05,10296.4,130.63,78.82,1.657,False,,True,R-desk,5,evt_S-61_desk_work_surface_0001,243d4174c5ecf8e0,lap_bag_context,no_pose_observation,34560.0,1.33,,1,cam12/e1/v1,
corpus_03,03.CCTV Mobile Usage.mkv,632de9ed55947761d56d4c6142a3cb1a1fe69d0b1a6d0e01a2e404c697962623,dfine_sahi,13700.0,unknown_object,0.3122,736.53,395.62,1140.46,491.18,38597.9,403.92,95.56,4.227,False,,True,R-desk,5,evt_S-61_desk_work_surface_0001,243d4174c5ecf8e0,lap_bag_context,no_pose_observation,34560.0,1.33,,1,cam12/e1/v1,
corpus_03,03.CCTV Mobile Usage.mkv,632de9ed55947761d56d4c6142a3cb1a1fe69d0b1a6d0e01a2e404c697962623,dfine_sahi,13700.0,unknown_object,0.277,881.3,411.54,969.9,505.57,8331.3,88.6,94.03,0.942,False,,True,R-desk,5,evt_S-61_desk_work_surface_0001,243d4174c5ecf8e0,lap_bag_context,no_pose_observation,34560.0,1.33,,1,cam12/e1/v1,
corpus_03,03.CCTV Mobile Usage.mkv,632de9ed55947761d56d4c6142a3cb1a1fe69d0b1a6d0e01a2e404c697962623,dfine_sahi,13700.0,mouse,0.2755,966.86,398.32,992.31,410.43,308.4,25.45,12.12,2.101,False,,True,R-desk,5,evt_S-61_desk_work_surface_0001,243d4174c5ecf8e0,lap_bag_context,no_pose_observation,34560.0,1.33,,1,cam12/e1/v1,
corpus_03,03.CCTV Mobile Usage.mkv,632de9ed55947761d56d4c6142a3cb1a1fe69d0b1a6d0e01a2e404c697962623,dfine_sahi,13700.0,keyboard,0.2612,882.33,380.24,968.97,453.05,6308.7,86.65,72.81,1.19,False,,True,R-desk,5,evt_S-61_desk_work_surface_0001,243d4174c5ecf8e0,lap_bag_context,no_pose_observation,34560.0,1.33,,1,cam12/e1/v1,
corpus_03,03.CCTV Mobile Usage.mkv,632de9ed55947761d56d4c6142a3cb1a1fe69d0b1a6d0e01a2e404c697962623,dfine_sahi,13700.0,unknown_object,0.2541,910.47,411.12,1177.82,506.5,25500.8,267.36,95.38,2.803,False,,True,R-desk,5,evt_S-61_desk_work_surface_0001,243d4174c5ecf8e0,lap_bag_context,no_pose_observation,34560.0,1.33,,1,cam12/e1/v1,
corpus_03,03.CCTV Mobile Usage.mkv,632de9ed55947761d56d4c6142a3cb1a1fe69d0b1a6d0e01a2e404c697962623,dfine_sahi,13700.0,keyboard,0.8943,962.1,451.9,1067.92,491.45,4185.3,105.83,39.55,2.676,False,,True,R-desk,7,evt_S-61_desk_work_surface_0001,243d4174c5ecf8e0,lap_bag_context,no_pose_observation,34560.0,1.33,,1,cam12/e1/v1,
corpus_03,03.CCTV Mobile Usage.mkv,632de9ed55947761d56d4c6142a3cb1a1fe69d0b1a6d0e01a2e404c697962623,dfine_sahi,13700.0,monitor_or_bezel,0.7706,910.05,411.11,1140.78,506.4,21985.7,230.72,95.29,2.421,False,,True,R-desk,7,evt_S-61_desk_work_surface_0001,243d4174c5ecf8e0,lap_bag_context,no_pose_observation,34560.0,1.33,,1,cam12/e1/v1,
corpus_03,03.CCTV Mobile Usage.mkv,632de9ed55947761d56d4c6142a3cb1a1fe69d0b1a6d0e01a2e404c697962623,dfine_sahi,13700.0,monitor_or_bezel,0.7502,963.79,380.38,1152.82,475.22,17926.7,189.03,94.84,1.993,False,,True,R-desk,7,evt_S-61_desk_work_surface_0001,243d4174c5ecf8e0,lap_bag_context,no_pose_observation,34560.0,1.33,,1,cam12/e1/v1,
corpus_03,03.CCTV Mobile Usage.mkv,632de9ed55947761d56d4c6142a3cb1a1fe69d0b1a6d0e01a2e404c697962623,dfine_sahi,13700.0,monitor_or_bezel,0.7047,707.05,379.91,969.7,474.94,24958.5,262.65,95.03,2.764,False,,True,R-desk,7,evt_S-61_desk_work_surface_0001,243d4174c5ecf8e0,lap_bag_context,no_pose_observation,34560.0,1.33,,1,cam12/e1/v1,
corpus_03,03.CCTV Mobile Usage.mkv,632de9ed55947761d56d4c6142a3cb1a1fe69d0b1a6d0e01a2e404c697962623,dfine_sahi,13700.0,keyboard,0.6385,772.63,380.23,871.12,420.39,3955.7,98.5,40.16,2.453,False,,True,R-desk,7,evt_S-61_desk_work_surface_0001,243d4174c5ecf8e0,lap_bag_context,no_pose_observation,34560.0,1.33,,1,cam12/e1/v1,
corpus_03,03.CCTV Mobile Usage.mkv,632de9ed55947761d56d4c6142a3cb1a1fe69d0b1a6d0e01a2e404c697962623,dfine_sahi,13700.0,unknown_object,0.6351,699.91,396.23,849.23,492.42,14363.2,149.32,96.19,1.552,False,,True,R-desk,7,evt_S-61_desk_work_surface_0001,243d4174c5ecf8e0,lap_bag_context,no_pose_observation,34560.0,1.33,,1,cam12/e1/v1,
corpus_03,03.CCTV Mobile Usage.mkv,632de9ed55947761d56d4c6142a3cb1a1fe69d0b1a6d0e01a2e404c697962623,dfine_sahi,13700.0,keyboard,0.6268,962.63,452.36,1035.07,475.63,1686.1,72.44,23.28,3.112,False,,True,R-desk,7,evt_S-61_desk_work_surface_0001,243d4174c5ecf8e0,lap_bag_context,no_pose_observation,34560.0,1.33,,1,cam12/e1/v1,
corpus_03,03.CCTV Mobile Usage.mkv,632de9ed55947761d56d4c6142a3cb1a1fe69d0b1a6d0e01a2e404c697962623,dfine_sahi,13700.0,mouse,0.5573,865.43,413.69,891.29,435.25,557.5,25.86,21.56,1.2,False,,True,R-desk,7,evt_S-61_desk_work_surface_0001,243d4174c5ecf8e0,lap_bag_context,no_pose_observation,34560.0,1.33,,1,cam12/e1/v1,
corpus_03,03.CCTV Mobile Usage.mkv,632de9ed55947761d56d4c6142a3cb1a1fe69d0b1a6d0e01a2e404c697962623,dfine_sahi,13700.0,unknown_object,0.5137,769.18,411.0,969.84,505.94,19052.0,200.66,94.95,2.113,False,,True,R-desk,7,evt_S-61_desk_work_surface_0001,243d4174c5ecf8e0,lap_bag_context,no_pose_observation,34560.0,1.33,,1,cam12/e1/v1,
corpus_03,03.CCTV Mobile Usage.mkv,632de9ed55947761d56d4c6142a3cb1a1fe69d0b1a6d0e01a2e404c697962623,dfine_sahi,13700.0,phone,0.4353,1043.38,421.51,1113.15,473.57,3632.2,69.77,52.06,1.34,False,,True,R-desk,7,evt_S-61_desk_work_surface_0001,243d4174c5ecf8e0,lap_bag_context,no_pose_observation,34560.0,1.33,,1,cam12/e1/v1,
corpus_03,03.CCTV Mobile Usage.mkv,632de9ed55947761d56d4c6142a3cb1a1fe69d0b1a6d0e01a2e404c697962623,dfine_sahi,13700.0,keyboard,0.4275,802.46,396.23,870.9,420.71,1675.4,68.44,24.48,2.796,False,,True,R-desk,7,evt_S-61_desk_work_surface_0001,243d4174c5ecf8e0,lap_bag_context,no_pose_observation,34560.0,1.33,,1,cam12/e1/v1,
corpus_03,03.CCTV Mobile Usage.mkv,632de9ed55947761d56d4c6142a3cb1a1fe69d0b1a6d0e01a2e404c697962623,dfine_sahi,13700.0,unknown_object,0.4047,699.97,396.23,757.44,491.07,5450.2,57.47,94.84,0.606,False,,True,R-desk,7,evt_S-61_desk_work_surface_0001,243d4174c5ecf8e0,lap_bag_context,no_pose_observation,34560.0,1.33,,1,cam12/e1/v1,
corpus_03,03.CCTV Mobile Usage.mkv,632de9ed55947761d56d4c6142a3cb1a1fe69d0b1a6d0e01a2e404c697962623,dfine_sahi,13700.0,monitor_or_bezel,0.3911,1019.66,395.52,1145.07,446.54,6398.2,125.4,51.02,2.458,False,,True,R-desk,7,evt_S-61_desk_work_surface_0001,243d4174c5ecf8e0,lap_bag_context,no_pose_observation,34560.0,1.33,,1,cam12/e1/v1,
corpus_03,03.CCTV Mobile Usage.mkv,632de9ed55947761d56d4c6142a3cb1a1fe69d0b1a6d0e01a2e404c697962623,dfine_sahi,13700.0,keyboard,0.3412,910.14,412.13,1092.2,506.31,17146.7,182.06,94.18,1.933,False,,True,R-desk,7,evt_S-61_desk_work_surface_0001,243d4174c5ecf8e0,lap_bag_context,no_pose_observation,34560.0,1.33,,1,cam12/e1/v1,
corpus_03,03.CCTV Mobile Usage.mkv,632de9ed55947761d56d4c6142a3cb1a1fe69d0b1a6d0e01a2e404c697962623,dfine_sahi,13700.0,unknown_object,0.3252,882.06,411.12,932.43,452.77,2097.8,50.37,41.65,1.21,False,,True,R-desk,7,evt_S-61_desk_work_surface_0001,243d4174c5ecf8e0,lap_bag_context,no_pose_observation,34560.0,1.33,,1,cam12/e1/v1,
corpus_03,03.CCTV Mobile Usage.mkv,632de9ed55947761d56d4c6142a3cb1a1fe69d0b1a6d0e01a2e404c697962623,dfine_sahi,13700.0,keyboard,0.3242,965.98,396.23,1096.61,475.05,10296.4,130.63,78.82,1.657,False,,True,R-desk,7,evt_S-61_desk_work_surface_0001,243d4174c5ecf8e0,lap_bag_context,no_pose_observation,34560.0,1.33,,1,cam12/e1/v1,
corpus_03,03.CCTV Mobile Usage.mkv,632de9ed55947761d56d4c6142a3cb1a1fe69d0b1a6d0e01a2e404c697962623,dfine_sahi,13700.0,unknown_object,0.3122,736.53,395.62,1140.46,491.18,38597.9,403.92,95.56,4.227,False,,True,R-desk,7,evt_S-61_desk_work_surface_0001,243d4174c5ecf8e0,lap_bag_context,no_pose_observation,34560.0,1.33,,1,cam12/e1/v1,
corpus_03,03.CCTV Mobile Usage.mkv,632de9ed55947761d56d4c6142a3cb1a1fe69d0b1a6d0e01a2e404c697962623,dfine_sahi,13700.0,unknown_object,0.277,881.3,411.54,969.9,505.57,8331.3,88.6,94.03,0.942,False,,True,R-desk,7,evt_S-61_desk_work_surface_0001,243d4174c5ecf8e0,lap_bag_context,no_pose_observation,34560.0,1.33,,1,cam12/e1/v1,
corpus_03,03.CCTV Mobile Usage.mkv,632de9ed55947761d56d4c6142a3cb1a1fe69d0b1a6d0e01a2e404c697962623,dfine_sahi,13700.0,mouse,0.2755,966.86,398.32,992.31,410.43,308.4,25.45,12.12,2.101,False,,True,R-desk,7,evt_S-61_desk_work_surface_0001,243d4174c5ecf8e0,lap_bag_context,no_pose_observation,34560.0,1.33,,1,cam12/e1/v1,
corpus_03,03.CCTV Mobile Usage.mkv,632de9ed55947761d56d4c6142a3cb1a1fe69d0b1a6d0e01a2e404c697962623,dfine_sahi,13700.0,keyboard,0.2612,882.33,380.24,968.97,453.05,6308.7,86.65,72.81,1.19,False,,True,R-desk,7,evt_S-61_desk_work_surface_0001,243d4174c5ecf8e0,lap_bag_context,no_pose_observation,34560.0,1.33,,1,cam12/e1/v1,
corpus_03,03.CCTV Mobile Usage.mkv,632de9ed55947761d56d4c6142a3cb1a1fe69d0b1a6d0e01a2e404c697962623,dfine_sahi,13700.0,unknown_object,0.2541,910.47,411.12,1177.82,506.5,25500.8,267.36,95.38,2.803,False,,True,R-desk,7,evt_S-61_desk_work_surface_0001,243d4174c5ecf8e0,lap_bag_context,no_pose_observation,34560.0,1.33,,1,cam12/e1/v1,
corpus_03,03.CCTV Mobile Usage.mkv,632de9ed55947761d56d4c6142a3cb1a1fe69d0b1a6d0e01a2e404c697962623,dfine_sahi,13700.0,keyboard,0.8943,962.1,451.9,1067.92,491.45,4185.3,105.83,39.55,2.676,False,,True,R-desk,6,evt_S-61_desk_work_surface_0001,243d4174c5ecf8e0,lap_bag_context,no_pose_observation,34560.0,1.33,,1,cam12/e1/v1,
corpus_03,03.CCTV Mobile Usage.mkv,632de9ed55947761d56d4c6142a3cb1a1fe69d0b1a6d0e01a2e404c697962623,dfine_sahi,13700.0,monitor_or_bezel,0.7706,910.05,411.11,1140.78,506.4,21985.7,230.72,95.29,2.421,False,,True,R-desk,6,evt_S-61_desk_work_surface_0001,243d4174c5ecf8e0,lap_bag_context,no_pose_observation,34560.0,1.33,,1,cam12/e1/v1,
corpus_03,03.CCTV Mobile Usage.mkv,632de9ed55947761d56d4c6142a3cb1a1fe69d0b1a6d0e01a2e404c697962623,dfine_sahi,13700.0,monitor_or_bezel,0.7502,963.79,380.38,1152.82,475.22,17926.7,189.03,94.84,1.993,False,,True,R-desk,6,evt_S-61_desk_work_surface_0001,243d4174c5ecf8e0,lap_bag_context,no_pose_observation,34560.0,1.33,,1,cam12/e1/v1,
corpus_03,03.CCTV Mobile Usage.mkv,632de9ed55947761d56d4c6142a3cb1a1fe69d0b1a6d0e01a2e404c697962623,dfine_sahi,13700.0,monitor_or_bezel,0.7047,707.05,379.91,969.7,474.94,24958.5,262.65,95.03,2.764,False,,True,R-desk,6,evt_S-61_desk_work_surface_0001,243d4174c5ecf8e0,lap_bag_context,no_pose_observation,34560.0,1.33,,1,cam12/e1/v1,
corpus_03,03.CCTV Mobile Usage.mkv,632de9ed55947761d56d4c6142a3cb1a1fe69d0b1a6d0e01a2e404c697962623,dfine_sahi,13700.0,keyboard,0.6385,772.63,380.23,871.12,420.39,3955.7,98.5,40.16,2.453,False,,True,R-desk,6,evt_S-61_desk_work_surface_0001,243d4174c5ecf8e0,lap_bag_context,no_pose_observation,34560.0,1.33,,1,cam12/e1/v1,
corpus_03,03.CCTV Mobile Usage.mkv,632de9ed55947761d56d4c6142a3cb1a1fe69d0b1a6d0e01a2e404c697962623,dfine_sahi,13700.0,unknown_object,0.6351,699.91,396.23,849.23,492.42,14363.2,149.32,96.19,1.552,False,,True,R-desk,6,evt_S-61_desk_work_surface_0001,243d4174c5ecf8e0,lap_bag_context,no_pose_observation,34560.0,1.33,,1,cam12/e1/v1,
corpus_03,03.CCTV Mobile Usage.mkv,632de9ed55947761d56d4c6142a3cb1a1fe69d0b1a6d0e01a2e404c697962623,dfine_sahi,13700.0,keyboard,0.6268,962.63,452.36,1035.07,475.63,1686.1,72.44,23.28,3.112,False,,True,R-desk,6,evt_S-61_desk_work_surface_0001,243d4174c5ecf8e0,lap_bag_context,no_pose_observation,34560.0,1.33,,1,cam12/e1/v1,
corpus_03,03.CCTV Mobile Usage.mkv,632de9ed55947761d56d4c6142a3cb1a1fe69d0b1a6d0e01a2e404c697962623,dfine_sahi,13700.0,mouse,0.5573,865.43,413.69,891.29,435.25,557.5,25.86,21.56,1.2,False,,True,R-desk,6,evt_S-61_desk_work_surface_0001,243d4174c5ecf8e0,lap_bag_context,no_pose_observation,34560.0,1.33,,1,cam12/e1/v1,
corpus_03,03.CCTV Mobile Usage.mkv,632de9ed55947761d56d4c6142a3cb1a1fe69d0b1a6d0e01a2e404c697962623,dfine_sahi,13700.0,unknown_object,0.5137,769.18,411.0,969.84,505.94,19052.0,200.66,94.95,2.113,False,,True,R-desk,6,evt_S-61_desk_work_surface_0001,243d4174c5ecf8e0,lap_bag_context,no_pose_observation,34560.0,1.33,,1,cam12/e1/v1,
corpus_03,03.CCTV Mobile Usage.mkv,632de9ed55947761d56d4c6142a3cb1a1fe69d0b1a6d0e01a2e404c697962623,dfine_sahi,13700.0,phone,0.4353,1043.38,421.51,1113.15,473.57,3632.2,69.77,52.06,1.34,False,,True,R-desk,6,evt_S-61_desk_work_surface_0001,243d4174c5ecf8e0,lap_bag_context,no_pose_observation,34560.0,1.33,,1,cam12/e1/v1,
corpus_03,03.CCTV Mobile Usage.mkv,632de9ed55947761d56d4c6142a3cb1a1fe69d0b1a6d0e01a2e404c697962623,dfine_sahi,13700.0,keyboard,0.4275,802.46,396.23,870.9,420.71,1675.4,68.44,24.48,2.796,False,,True,R-desk,6,evt_S-61_desk_work_surface_0001,243d4174c5ecf8e0,lap_bag_context,no_pose_observation,34560.0,1.33,,1,cam12/e1/v1,
corpus_03,03.CCTV Mobile Usage.mkv,632de9ed55947761d56d4c6142a3cb1a1fe69d0b1a6d0e01a2e404c697962623,dfine_sahi,13700.0,unknown_object,0.4047,699.97,396.23,757.44,491.07,5450.2,57.47,94.84,0.606,False,,True,R-desk,6,evt_S-61_desk_work_surface_0001,243d4174c5ecf8e0,lap_bag_context,no_pose_observation,34560.0,1.33,,1,cam12/e1/v1,
corpus_03,03.CCTV Mobile Usage.mkv,632de9ed55947761d56d4c6142a3cb1a1fe69d0b1a6d0e01a2e404c697962623,dfine_sahi,13700.0,monitor_or_bezel,0.3911,1019.66,395.52,1145.07,446.54,6398.2,125.4,51.02,2.458,False,,True,R-desk,6,evt_S-61_desk_work_surface_0001,243d4174c5ecf8e0,lap_bag_context,no_pose_observation,34560.0,1.33,,1,cam12/e1/v1,
corpus_03,03.CCTV Mobile Usage.mkv,632de9ed55947761d56d4c6142a3cb1a1fe69d0b1a6d0e01a2e404c697962623,dfine_sahi,13700.0,keyboard,0.3412,910.14,412.13,1092.2,506.31,17146.7,182.06,94.18,1.933,False,,True,R-desk,6,evt_S-61_desk_work_surface_0001,243d4174c5ecf8e0,lap_bag_context,no_pose_observation,34560.0,1.33,,1,cam12/e1/v1,
corpus_03,03.CCTV Mobile Usage.mkv,632de9ed55947761d56d4c6142a3cb1a1fe69d0b1a6d0e01a2e404c697962623,dfine_sahi,13700.0,unknown_object,0.3252,882.06,411.12,932.43,452.77,2097.8,50.37,41.65,1.21,False,,True,R-desk,6,evt_S-61_desk_work_surface_0001,243d4174c5ecf8e0,lap_bag_context,no_pose_observation,34560.0,1.33,,1,cam12/e1/v1,
corpus_03,03.CCTV Mobile Usage.mkv,632de9ed55947761d56d4c6142a3cb1a1fe69d0b1a6d0e01a2e404c697962623,dfine_sahi,13700.0,keyboard,0.3242,965.98,396.23,1096.61,475.05,10296.4,130.63,78.82,1.657,False,,True,R-desk,6,evt_S-61_desk_work_surface_0001,243d4174c5ecf8e0,lap_bag_context,no_pose_observation,34560.0,1.33,,1,cam12/e1/v1,
corpus_03,03.CCTV Mobile Usage.mkv,632de9ed55947761d56d4c6142a3cb1a1fe69d0b1a6d0e01a2e404c697962623,dfine_sahi,13700.0,unknown_object,0.3122,736.53,395.62,1140.46,491.18,38597.9,403.92,95.56,4.227,False,,True,R-desk,6,evt_S-61_desk_work_surface_0001,243d4174c5ecf8e0,lap_bag_context,no_pose_observation,34560.0,1.33,,1,cam12/e1/v1,
corpus_03,03.CCTV Mobile Usage.mkv,632de9ed55947761d56d4c6142a3cb1a1fe69d0b1a6d0e01a2e404c697962623,dfine_sahi,13700.0,unknown_object,0.277,881.3,411.54,969.9,505.57,8331.3,88.6,94.03,0.942,False,,True,R-desk,6,evt_S-61_desk_work_surface_0001,243d4174c5ecf8e0,lap_bag_context,no_pose_observation,34560.0,1.33,,1,cam12/e1/v1,
corpus_03,03.CCTV Mobile Usage.mkv,632de9ed55947761d56d4c6142a3cb1a1fe69d0b1a6d0e01a2e404c697962623,dfine_sahi,13700.0,mouse,0.2755,966.86,398.32,992.31,410.43,308.4,25.45,12.12,2.101,False,,True,R-desk,6,evt_S-61_desk_work_surface_0001,243d4174c5ecf8e0,lap_bag_context,no_pose_observation,34560.0,1.33,,1,cam12/e1/v1,
corpus_03,03.CCTV Mobile Usage.mkv,632de9ed55947761d56d4c6142a3cb1a1fe69d0b1a6d0e01a2e404c697962623,dfine_sahi,13700.0,keyboard,0.2612,882.33,380.24,968.97,453.05,6308.7,86.65,72.81,1.19,False,,True,R-desk,6,evt_S-61_desk_work_surface_0001,243d4174c5ecf8e0,lap_bag_context,no_pose_observation,34560.0,1.33,,1,cam12/e1/v1,
corpus_03,03.CCTV Mobile Usage.mkv,632de9ed55947761d56d4c6142a3cb1a1fe69d0b1a6d0e01a2e404c697962623,dfine_sahi,13700.0,unknown_object,0.2541,910.47,411.12,1177.82,506.5,25500.8,267.36,95.38,2.803,False,,True,R-desk,6,evt_S-61_desk_work_surface_0001,243d4174c5ecf8e0,lap_bag_context,no_pose_observation,34560.0,1.33,,1,cam12/e1/v1,
corpus_03,03.CCTV Mobile Usage.mkv,632de9ed55947761d56d4c6142a3cb1a1fe69d0b1a6d0e01a2e404c697962623,dfine_sahi,13700.0,unknown_object,0.6503,96.2,324.35,210.75,421.62,11142.7,114.55,97.27,1.178,False,,True,S-61,2,evt_S-61_desk_work_surface_0001,843ac0bd3ddb8743,pose_hand_context,,44783.0,3.02,,1,cam12/e1/v1,rtmpose_baseline
corpus_03,03.CCTV Mobile Usage.mkv,632de9ed55947761d56d4c6142a3cb1a1fe69d0b1a6d0e01a2e404c697962623,dfine_sahi,13700.0,unknown_object,0.448,0.34,254.1,45.11,306.08,2327.2,44.77,51.98,0.861,False,,True,S-61,2,evt_S-61_desk_work_surface_0001,843ac0bd3ddb8743,pose_hand_context,,44783.0,3.02,,1,cam12/e1/v1,rtmpose_baseline
corpus_03,03.CCTV Mobile Usage.mkv,632de9ed55947761d56d4c6142a3cb1a1fe69d0b1a6d0e01a2e404c697962623,dfine_sahi,13700.0,unknown_object,0.4153,-0.16,278.33,84.97,421.88,12220.0,85.13,143.55,0.593,False,,True,S-61,2,evt_S-61_desk_work_surface_0001,843ac0bd3ddb8743,pose_hand_context,,44783.0,3.02,,1,cam12/e1/v1,rtmpose_baseline
corpus_03,03.CCTV Mobile Usage.mkv,632de9ed55947761d56d4c6142a3cb1a1fe69d0b1a6d0e01a2e404c697962623,dfine_sahi,13700.0,bag,0.3746,0.43,254.6,96.07,329.45,7157.9,95.63,74.85,1.278,False,,True,S-61,2,evt_S-61_desk_work_surface_0001,843ac0bd3ddb8743,pose_hand_context,,44783.0,3.02,,1,cam12/e1/v1,rtmpose_baseline
corpus_03,03.CCTV Mobile Usage.mkv,632de9ed55947761d56d4c6142a3cb1a1fe69d0b1a6d0e01a2e404c697962623,dfine_sahi,13700.0,bag,0.3578,17.2,300.65,94.62,329.71,2250.0,77.41,29.07,2.663,False,,True,S-61,2,evt_S-61_desk_work_surface_0001,843ac0bd3ddb8743,pose_hand_context,,44783.0,3.02,,1,cam12/e1/v1,rtmpose_baseline
corpus_03,03.CCTV Mobile Usage.mkv,632de9ed55947761d56d4c6142a3cb1a1fe69d0b1a6d0e01a2e404c697962623,dfine_sahi,13700.0,unknown_object,0.3306,0.04,254.9,210.74,421.83,35171.2,210.7,166.93,1.262,False,,True,S-61,2,evt_S-61_desk_work_surface_0001,843ac0bd3ddb8743,pose_hand_context,,44783.0,3.02,,1,cam12/e1/v1,rtmpose_baseline
corpus_03,03.CCTV Mobile Usage.mkv,632de9ed55947761d56d4c6142a3cb1a1fe69d0b1a6d0e01a2e404c697962623,dfine_sahi,13700.0,keyboard,0.3124,191.28,337.71,210.99,367.37,584.6,19.71,29.66,0.664,False,,True,S-61,2,evt_S-61_desk_work_surface_0001,843ac0bd3ddb8743,pose_hand_context,,44783.0,3.02,,1,cam12/e1/v1,rtmpose_baseline
corpus_03,03.CCTV Mobile Usage.mkv,632de9ed55947761d56d4c6142a3cb1a1fe69d0b1a6d0e01a2e404c697962623,dfine_sahi,13700.0,unknown_object,0.2542,0.27,254.34,117.5,329.65,8827.7,117.23,75.3,1.557,False,,True,S-61,2,evt_S-61_desk_work_surface_0001,843ac0bd3ddb8743,pose_hand_context,,44783.0,3.02,,1,cam12/e1/v1,rtmpose_baseline
corpus_03,03.CCTV Mobile Usage.mkv,632de9ed55947761d56d4c6142a3cb1a1fe69d0b1a6d0e01a2e404c697962623,dfine_sahi,13700.0,unknown_object,0.6748,94.0,372.12,204.94,480.54,12027.8,110.94,108.42,1.023,False,,True,S-61,1,evt_S-61_desk_work_surface_0001,96838b91a5af473a,pose_hand_context,,38722.4,3.25,,1,cam12/e1/v1,rtmpose_baseline
corpus_03,03.CCTV Mobile Usage.mkv,632de9ed55947761d56d4c6142a3cb1a1fe69d0b1a6d0e01a2e404c697962623,dfine_sahi,13700.0,unknown_object,0.649,46.03,509.21,85.17,555.62,1816.6,39.14,46.41,0.843,False,,True,S-61,1,evt_S-61_desk_work_surface_0001,96838b91a5af473a,pose_hand_context,,38722.4,3.25,,1,cam12/e1/v1,rtmpose_baseline
corpus_03,03.CCTV Mobile Usage.mkv,632de9ed55947761d56d4c6142a3cb1a1fe69d0b1a6d0e01a2e404c697962623,dfine_sahi,13700.0,unknown_object,0.5722,7.96,493.85,204.72,567.96,14581.5,196.76,74.11,2.655,False,,True,S-61,1,evt_S-61_desk_work_surface_0001,96838b91a5af473a,pose_hand_context,,38722.4,3.25,,1,cam12/e1/v1,rtmpose_baseline
corpus_03,03.CCTV Mobile Usage.mkv,632de9ed55947761d56d4c6142a3cb1a1fe69d0b1a6d0e01a2e404c697962623,dfine_sahi,13700.0,stationery,0.4846,43.14,443.47,72.21,471.07,802.4,29.07,27.6,1.053,False,,True,S-61,1,evt_S-61_desk_work_surface_0001,96838b91a5af473a,pose_hand_context,,38722.4,3.25,,1,cam12/e1/v1,rtmpose_baseline
corpus_03,03.CCTV Mobile Usage.mkv,632de9ed55947761d56d4c6142a3cb1a1fe69d0b1a6d0e01a2e404c697962623,dfine_sahi,13700.0,unknown_object,0.4473,7.97,372.29,118.87,480.86,12039.7,110.9,108.56,1.022,False,,True,S-61,1,evt_S-61_desk_work_surface_0001,96838b91a5af473a,pose_hand_context,,38722.4,3.25,,1,cam12/e1/v1,rtmpose_baseline
corpus_03,03.CCTV Mobile Usage.mkv,632de9ed55947761d56d4c6142a3cb1a1fe69d0b1a6d0e01a2e404c697962623,dfine_sahi,13700.0,stationery,0.3904,8.03,415.42,103.85,502.76,8368.7,95.81,87.34,1.097,False,,True,S-61,1,evt_S-61_desk_work_surface_0001,96838b91a5af473a,pose_hand_context,,38722.4,3.25,,1,cam12/e1/v1,rtmpose_baseline
corpus_03,03.CCTV Mobile Usage.mkv,632de9ed55947761d56d4c6142a3cb1a1fe69d0b1a6d0e01a2e404c697962623,dfine_sahi,13700.0,unknown_object,0.3749,94.02,417.66,153.57,480.06,3716.1,59.55,62.4,0.954,False,,True,S-61,1,evt_S-61_desk_work_surface_0001,96838b91a5af473a,pose_hand_context,,38722.4,3.25,,1,cam12/e1/v1,rtmpose_baseline
corpus_03,03.CCTV Mobile Usage.mkv,632de9ed55947761d56d4c6142a3cb1a1fe69d0b1a6d0e01a2e404c697962623,dfine_sahi,13700.0,unknown_object,0.3212,93.98,458.08,144.96,498.15,2042.6,50.97,40.07,1.272,False,,True,S-61,1,evt_S-61_desk_work_surface_0001,96838b91a5af473a,pose_hand_context,,38722.4,3.25,,1,cam12/e1/v1,rtmpose_baseline
corpus_03,03.CCTV Mobile Usage.mkv,632de9ed55947761d56d4c6142a3cb1a1fe69d0b1a6d0e01a2e404c697962623,dfine_sahi,13700.0,unknown_object,0.3177,42.96,443.4,72.09,470.78,797.6,29.13,27.38,1.064,False,,True,S-61,1,evt_S-61_desk_work_surface_0001,96838b91a5af473a,pose_hand_context,,38722.4,3.25,,1,cam12/e1/v1,rtmpose_baseline
corpus_03,03.CCTV Mobile Usage.mkv,632de9ed55947761d56d4c6142a3cb1a1fe69d0b1a6d0e01a2e404c697962623,dfine_sahi,13700.0,unknown_object,0.3162,48.7,518.93,72.78,552.76,814.9,24.09,33.83,0.712,False,,True,S-61,1,evt_S-61_desk_work_surface_0001,96838b91a5af473a,pose_hand_context,,38722.4,3.25,,1,cam12/e1/v1,rtmpose_baseline
corpus_03,03.CCTV Mobile Usage.mkv,632de9ed55947761d56d4c6142a3cb1a1fe69d0b1a6d0e01a2e404c697962623,dfine_sahi,13700.0,unknown_object,0.3044,8.15,413.99,156.49,504.3,13395.9,148.34,90.3,1.643,False,,True,S-61,1,evt_S-61_desk_work_surface_0001,96838b91a5af473a,pose_hand_context,,38722.4,3.25,,1,cam12/e1/v1,rtmpose_baseline
corpus_03,03.CCTV Mobile Usage.mkv,632de9ed55947761d56d4c6142a3cb1a1fe69d0b1a6d0e01a2e404c697962623,dfine_sahi,13700.0,unknown_object,0.298,42.48,458.04,73.29,471.26,407.4,30.82,13.22,2.331,False,,True,S-61,1,evt_S-61_desk_work_surface_0001,96838b91a5af473a,pose_hand_context,,38722.4,3.25,,1,cam12/e1/v1,rtmpose_baseline
corpus_03,03.CCTV Mobile Usage.mkv,632de9ed55947761d56d4c6142a3cb1a1fe69d0b1a6d0e01a2e404c697962623,dfine_sahi,13700.0,unknown_object,0.2967,68.72,372.91,118.95,450.77,3911.7,50.24,77.86,0.645,False,,True,S-61,1,evt_S-61_desk_work_surface_0001,96838b91a5af473a,pose_hand_context,,38722.4,3.25,,1,cam12/e1/v1,rtmpose_baseline
corpus_03,03.CCTV Mobile Usage.mkv,632de9ed55947761d56d4c6142a3cb1a1fe69d0b1a6d0e01a2e404c697962623,dfine_sahi,13700.0,unknown_object,0.2763,8.66,458.05,118.9,502.21,4868.0,110.24,44.16,2.496,False,,True,S-61,1,evt_S-61_desk_work_surface_0001,96838b91a5af473a,pose_hand_context,,38722.4,3.25,,1,cam12/e1/v1,rtmpose_baseline
corpus_03,03.CCTV Mobile Usage.mkv,632de9ed55947761d56d4c6142a3cb1a1fe69d0b1a6d0e01a2e404c697962623,dfine_sahi,13700.0,stationery,0.2723,43.64,508.95,89.79,557.11,2223.0,46.15,48.17,0.958,False,,True,S-61,1,evt_S-61_desk_work_surface_0001,96838b91a5af473a,pose_hand_context,,38722.4,3.25,,1,cam12/e1/v1,rtmpose_baseline
corpus_03,03.CCTV Mobile Usage.mkv,632de9ed55947761d56d4c6142a3cb1a1fe69d0b1a6d0e01a2e404c697962623,dfine_sahi,41183.0,unknown_object,0.3097,190.05,165.8,232.31,198.42,1378.4,42.25,32.62,1.295,False,,True,S-61,9,evt_S-61_desk_work_surface_0002,0732a167cd42c65f,pose_hand_context,,2304.0,13.33,,1,cam12/e1/v1,rtmpose_baseline
corpus_03,03.CCTV Mobile Usage.mkv,632de9ed55947761d56d4c6142a3cb1a1fe69d0b1a6d0e01a2e404c697962623,dfine_sahi,41183.0,stationery,0.293,190.38,165.97,232.32,193.07,1136.5,41.94,27.1,1.547,False,,True,S-61,9,evt_S-61_desk_work_surface_0002,0732a167cd42c65f,pose_hand_context,,2304.0,13.33,,1,cam12/e1/v1,rtmpose_baseline
corpus_03,03.CCTV Mobile Usage.mkv,632de9ed55947761d56d4c6142a3cb1a1fe69d0b1a6d0e01a2e404c697962623,dfine_sahi,41183.0,unknown_object,0.2872,175.28,165.64,232.25,224.81,3371.2,56.97,59.18,0.963,False,,True,S-61,9,evt_S-61_desk_work_surface_0002,0732a167cd42c65f,pose_hand_context,,2304.0,13.33,,1,cam12/e1/v1,rtmpose_baseline
corpus_03,03.CCTV Mobile Usage.mkv,632de9ed55947761d56d4c6142a3cb1a1fe69d0b1a6d0e01a2e404c697962623,dfine_sahi,41183.0,unknown_object,0.6345,87.0,425.17,182.83,520.44,9129.1,95.83,95.27,1.006,False,,True,S-61,8,evt_S-61_desk_work_surface_0002,25dbd0c1ca232cd5,pose_hand_context,,29097.5,3.75,,1,cam12/e1/v1,rtmpose_baseline
corpus_03,03.CCTV Mobile Usage.mkv,632de9ed55947761d56d4c6142a3cb1a1fe69d0b1a6d0e01a2e404c697962623,dfine_sahi,41183.0,unknown_object,0.4796,40.07,425.23,107.92,474.45,3339.6,67.85,49.22,1.379,False,,True,S-61,8,evt_S-61_desk_work_surface_0002,25dbd0c1ca232cd5,pose_hand_context,,29097.5,3.75,,1,cam12/e1/v1,rtmpose_baseline
corpus_03,03.CCTV Mobile Usage.mkv,632de9ed55947761d56d4c6142a3cb1a1fe69d0b1a6d0e01a2e404c697962623,dfine_sahi,41183.0,unknown_object,0.4095,12.01,425.08,107.95,520.67,9170.4,95.93,95.59,1.004,False,,True,S-61,8,evt_S-61_desk_work_surface_0002,25dbd0c1ca232cd5,pose_hand_context,,29097.5,3.75,,1,cam12/e1/v1,rtmpose_baseline
corpus_03,03.CCTV Mobile Usage.mkv,632de9ed55947761d56d4c6142a3cb1a1fe69d0b1a6d0e01a2e404c697962623,dfine_sahi,41183.0,unknown_object,0.4012,87.01,381.17,163.79,445.38,4930.6,76.78,64.21,1.196,False,,True,S-61,8,evt_S-61_desk_work_surface_0002,25dbd0c1ca232cd5,pose_hand_context,,29097.5,3.75,,1,cam12/e1/v1,rtmpose_baseline
corpus_03,03.CCTV Mobile Usage.mkv,632de9ed55947761d56d4c6142a3cb1a1fe69d0b1a6d0e01a2e404c697962623,dfine_sahi,41183.0,unknown_object,0.3851,44.18,509.6,77.81,520.99,382.8,33.62,11.39,2.953,False,,True,S-61,8,evt_S-61_desk_work_surface_0002,25dbd0c1ca232cd5,pose_hand_context,,29097.5,3.75,,1,cam12/e1/v1,rtmpose_baseline
corpus_03,03.CCTV Mobile Usage.mkv,632de9ed55947761d56d4c6142a3cb1a1fe69d0b1a6d0e01a2e404c697962623,dfine_sahi,41183.0,unknown_object,0.3267,43.41,421.43,107.97,445.75,1570.3,64.56,24.32,2.654,False,,True,S-61,8,evt_S-61_desk_work_surface_0002,25dbd0c1ca232cd5,pose_hand_context,,29097.5,3.75,,1,cam12/e1/v1,rtmpose_baseline
corpus_03,03.CCTV Mobile Usage.mkv,632de9ed55947761d56d4c6142a3cb1a1fe69d0b1a6d0e01a2e404c697962623,dfine_sahi,41183.0,unknown_object,0.2955,12.02,493.75,107.86,520.93,2605.0,95.85,27.18,3.527,False,,True,S-61,8,evt_S-61_desk_work_surface_0002,25dbd0c1ca232cd5,pose_hand_context,,29097.5,3.75,,1,cam12/e1/v1,rtmpose_baseline
corpus_03,03.CCTV Mobile Usage.mkv,632de9ed55947761d56d4c6142a3cb1a1fe69d0b1a6d0e01a2e404c697962623,dfine_sahi,42183.0,unknown_object,0.6097,83.98,422.23,158.47,517.19,7073.8,74.49,94.96,0.784,False,,True,S-61,8,evt_S-61_desk_work_surface_0002,0ed7f38a73807b8f,pose_hand_context,,24800.0,4.06,,1,cam12/e1/v1,rtmpose_baseline
corpus_03,03.CCTV Mobile Usage.mkv,632de9ed55947761d56d4c6142a3cb1a1fe69d0b1a6d0e01a2e404c697962623,dfine_sahi,42183.0,unknown_object,0.381,42.57,393.68,110.97,448.7,3764.1,68.4,55.03,1.243,False,,True,S-61,8,evt_S-61_desk_work_surface_0002,0ed7f38a73807b8f,pose_hand_context,,24800.0,4.06,,1,cam12/e1/v1,rtmpose_baseline
corpus_03,03.CCTV Mobile Usage.mkv,632de9ed55947761d56d4c6142a3cb1a1fe69d0b1a6d0e01a2e404c697962623,dfine_sahi,42183.0,unknown_object,0.3593,84.06,373.87,161.09,448.53,5751.2,77.03,74.66,1.032,False,,True,S-61,8,evt_S-61_desk_work_surface_0002,0ed7f38a73807b8f,pose_hand_context,,24800.0,4.06,,1,cam12/e1/v1,rtmpose_baseline
corpus_03,03.CCTV Mobile Usage.mkv,632de9ed55947761d56d4c6142a3cb1a1fe69d0b1a6d0e01a2e404c697962623,dfine_sahi,42183.0,stationery,0.2657,42.79,448.56,74.36,473.65,792.0,31.57,25.09,1.258,False,,True,S-61,8,evt_S-61_desk_work_surface_0002,0ed7f38a73807b8f,pose_hand_context,,24800.0,4.06,,1,cam12/e1/v1,rtmpose_baseline
corpus_03,03.CCTV Mobile Usage.mkv,632de9ed55947761d56d4c6142a3cb1a1fe69d0b1a6d0e01a2e404c697962623,dfine_sahi,42183.0,unknown_object,0.2594,19.04,357.23,177.02,514.29,24812.9,157.99,157.05,1.006,False,,True,S-61,8,evt_S-61_desk_work_surface_0002,0ed7f38a73807b8f,pose_hand_context,,24800.0,4.06,,1,cam12/e1/v1,rtmpose_baseline
corpus_03,03.CCTV Mobile Usage.mkv,632de9ed55947761d56d4c6142a3cb1a1fe69d0b1a6d0e01a2e404c697962623,dfine_sahi,42183.0,unknown_object,0.2537,15.03,422.15,110.98,517.72,9169.4,95.95,95.57,1.004,False,,True,S-61,8,evt_S-61_desk_work_surface_0002,0ed7f38a73807b8f,pose_hand_context,,24800.0,4.06,,1,cam12/e1/v1,rtmpose_baseline
corpus_03,03.CCTV Mobile Usage.mkv,632de9ed55947761d56d4c6142a3cb1a1fe69d0b1a6d0e01a2e404c697962623,dfine_sahi,43183.0,unknown_object,0.578,83.99,342.31,191.73,447.97,11383.3,107.74,105.66,1.02,False,,True,S-61,8,evt_S-61_desk_work_surface_0002,f4e7487a74c01a08,pose_hand_context,,36343.6,3.36,,1,cam12/e1/v1,rtmpose_baseline
corpus_03,03.CCTV Mobile Usage.mkv,632de9ed55947761d56d4c6142a3cb1a1fe69d0b1a6d0e01a2e404c697962623,dfine_sahi,43183.0,unknown_object,0.5609,41.83,422.57,107.95,448.83,1736.5,66.13,26.26,2.518,False,,True,S-61,8,evt_S-61_desk_work_surface_0002,f4e7487a74c01a08,pose_hand_context,,36343.6,3.36,,1,cam12/e1/v1,rtmpose_baseline
corpus_03,03.CCTV Mobile Usage.mkv,632de9ed55947761d56d4c6142a3cb1a1fe69d0b1a6d0e01a2e404c697962623,dfine_sahi,43183.0,unknown_object,0.5362,84.02,425.29,170.4,530.65,9101.4,86.38,105.36,0.82,False,,True,S-61,8,evt_S-61_desk_work_surface_0002,f4e7487a74c01a08,pose_hand_context,,36343.6,3.36,,1,cam12/e1/v1,rtmpose_baseline
corpus_03,03.CCTV Mobile Usage.mkv,632de9ed55947761d56d4c6142a3cb1a1fe69d0b1a6d0e01a2e404c697962623,dfine_sahi,43183.0,unknown_object,0.4654,40.34,425.26,107.94,474.53,3331.0,67.6,49.28,1.372,False,,True,S-61,8,evt_S-61_desk_work_surface_0002,f4e7487a74c01a08,pose_hand_context,,36343.6,3.36,,1,cam12/e1/v1,rtmpose_baseline
corpus_03,03.CCTV Mobile Usage.mkv,632de9ed55947761d56d4c6142a3cb1a1fe69d0b1a6d0e01a2e404c697962623,dfine_sahi,43183.0,unknown_object,0.3448,1.04,346.4,108.01,448.37,10907.8,106.96,101.98,1.049,False,,True,S-61,8,evt_S-61_desk_work_surface_0002,f4e7487a74c01a08,pose_hand_context,,36343.6,3.36,,1,cam12/e1/v1,rtmpose_baseline
corpus_03,03.CCTV Mobile Usage.mkv,632de9ed55947761d56d4c6142a3cb1a1fe69d0b1a6d0e01a2e404c697962623,dfine_sahi,43183.0,unknown_object,0.2722,159.6,425.11,192.0,502.8,2517.8,32.41,77.69,0.417,False,,True,S-61,8,evt_S-61_desk_work_surface_0002,f4e7487a74c01a08,pose_hand_context,,36343.6,3.36,,1,cam12/e1/v1,rtmpose_baseline
corpus_03,03.CCTV Mobile Usage.mkv,632de9ed55947761d56d4c6142a3cb1a1fe69d0b1a6d0e01a2e404c697962623,dfine_sahi,43183.0,unknown_object,0.2567,8.0,479.5,24.57,495.11,258.7,16.58,15.61,1.062,False,,True,S-61,8,evt_S-61_desk_work_surface_0002,f4e7487a74c01a08,pose_hand_context,,36343.6,3.36,,1,cam12/e1/v1,rtmpose_baseline
corpus_03,03.CCTV Mobile Usage.mkv,632de9ed55947761d56d4c6142a3cb1a1fe69d0b1a6d0e01a2e404c697962623,dfine_sahi,43183.0,stationery,0.2509,84.85,386.87,149.26,428.81,2701.8,64.42,41.94,1.536,False,,True,S-61,8,evt_S-61_desk_work_surface_0002,f4e7487a74c01a08,pose_hand_context,,36343.6,3.36,,1,cam12/e1/v1,rtmpose_baseline
corpus_03,03.CCTV Mobile Usage.mkv,632de9ed55947761d56d4c6142a3cb1a1fe69d0b1a6d0e01a2e404c697962623,dfine_sahi,44183.0,unknown_object,0.4301,42.56,418.73,117.04,451.88,2469.5,74.49,33.15,2.247,False,,True,S-61,8,evt_S-61_desk_work_surface_0002,7c395881a5f1ef2d,pose_hand_context,,46926.0,2.85,,1,cam12/e1/v1,rtmpose_baseline
corpus_03,03.CCTV Mobile Usage.mkv,632de9ed55947761d56d4c6142a3cb1a1fe69d0b1a6d0e01a2e404c697962623,dfine_sahi,44183.0,unknown_object,0.398,91.0,423.07,181.39,503.52,7271.5,90.39,80.45,1.124,False,,True,S-61,8,evt_S-61_desk_work_surface_0002,7c395881a5f1ef2d,pose_hand_context,,46926.0,2.85,,1,cam12/e1/v1,rtmpose_baseline
corpus_03,03.CCTV Mobile Usage.mkv,632de9ed55947761d56d4c6142a3cb1a1fe69d0b1a6d0e01a2e404c697962623,dfine_sahi,44183.0,unknown_object,0.28,-0.3,449.24,182.48,549.56,18337.9,182.78,100.33,1.822,False,,True,S-61,8,evt_S-61_desk_work_surface_0002,7c395881a5f1ef2d,pose_hand_context,,46926.0,2.85,,1,cam12/e1/v1,rtmpose_baseline
corpus_03,03.CCTV Mobile Usage.mkv,632de9ed55947761d56d4c6142a3cb1a1fe69d0b1a6d0e01a2e404c697962623,dfine_sahi,44183.0,unknown_object,0.2606,-0.14,342.14,116.97,451.51,12807.5,117.11,109.36,1.071,False,,True,S-61,8,evt_S-61_desk_work_surface_0002,7c395881a5f1ef2d,pose_hand_context,,46926.0,2.85,,1,cam12/e1/v1,rtmpose_baseline
corpus_03,03.CCTV Mobile Usage.mkv,632de9ed55947761d56d4c6142a3cb1a1fe69d0b1a6d0e01a2e404c697962623,dfine_sahi,45183.0,unknown_object,0.6013,85.65,335.12,197.94,448.62,12744.9,112.29,113.5,0.989,False,,True,S-61,8,evt_S-61_desk_work_surface_0002,f3fd8c36fba179ee,pose_hand_context,,40231.3,3.16,,1,cam12/e1/v1,rtmpose_baseline
corpus_03,03.CCTV Mobile Usage.mkv,632de9ed55947761d56d4c6142a3cb1a1fe69d0b1a6d0e01a2e404c697962623,dfine_sahi,45183.0,unknown_object,0.5017,86.09,424.13,172.53,504.47,6944.3,86.43,80.34,1.076,False,,True,S-61,8,evt_S-61_desk_work_surface_0002,f3fd8c36fba179ee,pose_hand_context,,40231.3,3.16,,1,cam12/e1/v1,rtmpose_baseline
corpus_03,03.CCTV Mobile Usage.mkv,632de9ed55947761d56d4c6142a3cb1a1fe69d0b1a6d0e01a2e404c697962623,dfine_sahi,45183.0,unknown_object,0.4014,40.26,424.11,110.97,474.0,3528.3,70.71,49.9,1.417,False,,True,S-61,8,evt_S-61_desk_work_surface_0002,f3fd8c36fba179ee,pose_hand_context,,40231.3,3.16,,1,cam12/e1/v1,rtmpose_baseline
corpus_03,03.CCTV Mobile Usage.mkv,632de9ed55947761d56d4c6142a3cb1a1fe69d0b1a6d0e01a2e404c697962623,dfine_sahi,45183.0,unknown_object,0.3441,-0.27,449.0,170.22,537.48,15084.5,170.5,88.47,1.927,False,,True,S-61,8,evt_S-61_desk_work_surface_0002,f3fd8c36fba179ee,pose_hand_context,,40231.3,3.16,,1,cam12/e1/v1,rtmpose_baseline
corpus_03,03.CCTV Mobile Usage.mkv,632de9ed55947761d56d4c6142a3cb1a1fe69d0b1a6d0e01a2e404c697962623,dfine_sahi,45183.0,unknown_object,0.319,-0.33,341.88,111.1,448.47,11876.8,111.43,106.58,1.046,False,,True,S-61,8,evt_S-61_desk_work_surface_0002,f3fd8c36fba179ee,pose_hand_context,,40231.3,3.16,,1,cam12/e1/v1,rtmpose_baseline
corpus_03,03.CCTV Mobile Usage.mkv,632de9ed55947761d56d4c6142a3cb1a1fe69d0b1a6d0e01a2e404c697962623,dfine_sahi,45183.0,unknown_object,0.2539,0.28,424.13,111.02,505.97,9062.7,110.74,81.84,1.353,False,,True,S-61,8,evt_S-61_desk_work_surface_0002,f3fd8c36fba179ee,pose_hand_context,,40231.3,3.16,,1,cam12/e1/v1,rtmpose_baseline
corpus_03,03.CCTV Mobile Usage.mkv,632de9ed55947761d56d4c6142a3cb1a1fe69d0b1a6d0e01a2e404c697962623,dfine_sahi,54500.0,unknown_object,0.4906,821.1,115.39,916.89,206.35,8712.5,95.79,90.96,1.053,False,,True,R-desk,12,evt_S-61_upper_body_0016,3073e6f5a08e6e96,pose_hand_context,,2637.8,12.46,,1,cam12/e1/v1,rtmpose_baseline
corpus_03,03.CCTV Mobile Usage.mkv,632de9ed55947761d56d4c6142a3cb1a1fe69d0b1a6d0e01a2e404c697962623,dfine_sahi,54500.0,unknown_object,0.4906,-0.35,321.35,186.28,551.18,42892.8,186.63,229.83,0.812,False,,True,S-61,10,evt_S-61_upper_body_0016,331015195509780b,pose_hand_context,,49114.4,2.77,,1,cam12/e1/v1,rtmpose_baseline
corpus_03,03.CCTV Mobile Usage.mkv,632de9ed55947761d56d4c6142a3cb1a1fe69d0b1a6d0e01a2e404c697962623,dfine_sahi,54500.0,stationery,0.3538,43.35,446.69,74.8,473.22,834.3,31.45,26.53,1.185,False,,True,S-61,10,evt_S-61_upper_body_0016,331015195509780b,pose_hand_context,,49114.4,2.77,,1,cam12/e1/v1,rtmpose_baseline
corpus_03,03.CCTV Mobile Usage.mkv,632de9ed55947761d56d4c6142a3cb1a1fe69d0b1a6d0e01a2e404c697962623,dfine_sahi,54500.0,unknown_object,0.3373,92.8,334.81,181.95,450.33,10297.6,89.14,115.52,0.772,False,,True,S-61,10,evt_S-61_upper_body_0016,331015195509780b,pose_hand_context,,49114.4,2.77,,1,cam12/e1/v1,rtmpose_baseline
corpus_03,03.CCTV Mobile Usage.mkv,632de9ed55947761d56d4c6142a3cb1a1fe69d0b1a6d0e01a2e404c697962623,dfine_sahi,54500.0,unknown_object,0.2774,173.66,422.17,212.02,542.54,4617.4,38.36,120.37,0.319,False,,True,S-61,10,evt_S-61_upper_body_0016,331015195509780b,pose_hand_context,,49114.4,2.77,,1,cam12/e1/v1,rtmpose_baseline
corpus_03,03.CCTV Mobile Usage.mkv,632de9ed55947761d56d4c6142a3cb1a1fe69d0b1a6d0e01a2e404c697962623,dfine_sahi,54500.0,unknown_object,0.2706,133.05,465.63,183.15,500.98,1771.0,50.1,35.35,1.417,False,,True,S-61,10,evt_S-61_upper_body_0016,331015195509780b,pose_hand_context,,49114.4,2.77,,1,cam12/e1/v1,rtmpose_baseline
corpus_03,03.CCTV Mobile Usage.mkv,632de9ed55947761d56d4c6142a3cb1a1fe69d0b1a6d0e01a2e404c697962623,dfine_sahi,54500.0,keyboard,0.9157,962.12,451.98,1068.04,491.44,4179.7,105.92,39.46,2.684,False,,True,R-desk,13,evt_S-61_upper_body_0016,8c286679ee927725,lap_bag_context,no_pose_observation,34560.0,1.33,,1,cam12/e1/v1,
corpus_03,03.CCTV Mobile Usage.mkv,632de9ed55947761d56d4c6142a3cb1a1fe69d0b1a6d0e01a2e404c697962623,dfine_sahi,54500.0,monitor_or_bezel,0.7767,909.97,411.19,1141.13,506.35,21996.4,231.16,95.16,2.429,False,,True,R-desk,13,evt_S-61_upper_body_0016,8c286679ee927725,lap_bag_context,no_pose_observation,34560.0,1.33,,1,cam12/e1/v1,
corpus_03,03.CCTV Mobile Usage.mkv,632de9ed55947761d56d4c6142a3cb1a1fe69d0b1a6d0e01a2e404c697962623,dfine_sahi,54500.0,phone,0.6959,1043.47,421.82,1111.63,474.08,3561.7,68.16,52.26,1.304,False,,True,R-desk,13,evt_S-61_upper_body_0016,8c286679ee927725,lap_bag_context,no_pose_observation,34560.0,1.33,,1,cam12/e1/v1,
corpus_03,03.CCTV Mobile Usage.mkv,632de9ed55947761d56d4c6142a3cb1a1fe69d0b1a6d0e01a2e404c697962623,dfine_sahi,54500.0,monitor_or_bezel,0.6581,706.03,379.9,969.55,474.73,24988.0,263.52,94.82,2.779,False,,True,R-desk,13,evt_S-61_upper_body_0016,8c286679ee927725,lap_bag_context,no_pose_observation,34560.0,1.33,,1,cam12/e1/v1,
corpus_03,03.CCTV Mobile Usage.mkv,632de9ed55947761d56d4c6142a3cb1a1fe69d0b1a6d0e01a2e404c697962623,dfine_sahi,54500.0,monitor_or_bezel,0.6494,1018.6,395.85,1146.16,448.21,6678.2,127.55,52.36,2.436,False,,True,R-desk,13,evt_S-61_upper_body_0016,8c286679ee927725,lap_bag_context,no_pose_observation,34560.0,1.33,,1,cam12/e1/v1,
corpus_03,03.CCTV Mobile Usage.mkv,632de9ed55947761d56d4c6142a3cb1a1fe69d0b1a6d0e01a2e404c697962623,dfine_sahi,54500.0,mouse,0.6458,864.87,413.47,891.44,435.43,583.3,26.57,21.95,1.21,False,,True,R-desk,13,evt_S-61_upper_body_0016,8c286679ee927725,lap_bag_context,no_pose_observation,34560.0,1.33,,1,cam12/e1/v1,
corpus_03,03.CCTV Mobile Usage.mkv,632de9ed55947761d56d4c6142a3cb1a1fe69d0b1a6d0e01a2e404c697962623,dfine_sahi,54500.0,keyboard,0.6417,772.83,380.2,870.61,420.29,3920.1,97.77,40.09,2.439,False,,True,R-desk,13,evt_S-61_upper_body_0016,8c286679ee927725,lap_bag_context,no_pose_observation,34560.0,1.33,,1,cam12/e1/v1,
corpus_03,03.CCTV Mobile Usage.mkv,632de9ed55947761d56d4c6142a3cb1a1fe69d0b1a6d0e01a2e404c697962623,dfine_sahi,54500.0,monitor_or_bezel,0.6187,962.72,380.39,1153.14,474.91,17997.3,190.42,94.51,2.015,False,,True,R-desk,13,evt_S-61_upper_body_0016,8c286679ee927725,lap_bag_context,no_pose_observation,34560.0,1.33,,1,cam12/e1/v1,
corpus_03,03.CCTV Mobile Usage.mkv,632de9ed55947761d56d4c6142a3cb1a1fe69d0b1a6d0e01a2e404c697962623,dfine_sahi,54500.0,keyboard,0.594,962.78,452.38,1034.59,475.57,1664.6,71.81,23.18,3.097,False,,True,R-desk,13,evt_S-61_upper_body_0016,8c286679ee927725,lap_bag_context,no_pose_observation,34560.0,1.33,,1,cam12/e1/v1,
corpus_03,03.CCTV Mobile Usage.mkv,632de9ed55947761d56d4c6142a3cb1a1fe69d0b1a6d0e01a2e404c697962623,dfine_sahi,54500.0,unknown_object,0.5863,699.84,411.22,870.36,506.28,16211.2,170.52,95.07,1.794,False,,True,R-desk,13,evt_S-61_upper_body_0016,8c286679ee927725,lap_bag_context,no_pose_observation,34560.0,1.33,,1,cam12/e1/v1,
corpus_03,03.CCTV Mobile Usage.mkv,632de9ed55947761d56d4c6142a3cb1a1fe69d0b1a6d0e01a2e404c697962623,dfine_sahi,54500.0,unknown_object,0.4605,766.37,410.98,969.84,505.99,19331.7,203.47,95.01,2.142,False,,True,R-desk,13,evt_S-61_upper_body_0016,8c286679ee927725,lap_bag_context,no_pose_observation,34560.0,1.33,,1,cam12/e1/v1,
corpus_03,03.CCTV Mobile Usage.mkv,632de9ed55947761d56d4c6142a3cb1a1fe69d0b1a6d0e01a2e404c697962623,dfine_sahi,54500.0,keyboard,0.4472,802.44,396.33,870.79,420.58,1657.3,68.35,24.25,2.819,False,,True,R-desk,13,evt_S-61_upper_body_0016,8c286679ee927725,lap_bag_context,no_pose_observation,34560.0,1.33,,1,cam12/e1/v1,
corpus_03,03.CCTV Mobile Usage.mkv,632de9ed55947761d56d4c6142a3cb1a1fe69d0b1a6d0e01a2e404c697962623,dfine_sahi,54500.0,unknown_object,0.4113,699.99,380.63,759.82,474.96,5644.3,59.83,94.34,0.634,False,,True,R-desk,13,evt_S-61_upper_body_0016,8c286679ee927725,lap_bag_context,no_pose_observation,34560.0,1.33,,1,cam12/e1/v1,
corpus_03,03.CCTV Mobile Usage.mkv,632de9ed55947761d56d4c6142a3cb1a1fe69d0b1a6d0e01a2e404c697962623,dfine_sahi,54500.0,keyboard,0.3954,910.05,411.66,1091.84,506.2,17185.8,181.79,94.54,1.923,False,,True,R-desk,13,evt_S-61_upper_body_0016,8c286679ee927725,lap_bag_context,no_pose_observation,34560.0,1.33,,1,cam12/e1/v1,
corpus_03,03.CCTV Mobile Usage.mkv,632de9ed55947761d56d4c6142a3cb1a1fe69d0b1a6d0e01a2e404c697962623,dfine_sahi,54500.0,mouse,0.3336,967.12,398.45,991.97,410.6,302.0,24.85,12.15,2.045,False,,True,R-desk,13,evt_S-61_upper_body_0016,8c286679ee927725,lap_bag_context,no_pose_observation,34560.0,1.33,,1,cam12/e1/v1,
corpus_03,03.CCTV Mobile Usage.mkv,632de9ed55947761d56d4c6142a3cb1a1fe69d0b1a6d0e01a2e404c697962623,dfine_sahi,54500.0,unknown_object,0.3158,878.24,411.46,969.9,505.66,8634.3,91.65,94.21,0.973,False,,True,R-desk,13,evt_S-61_upper_body_0016,8c286679ee927725,lap_bag_context,no_pose_observation,34560.0,1.33,,1,cam12/e1/v1,
corpus_03,03.CCTV Mobile Usage.mkv,632de9ed55947761d56d4c6142a3cb1a1fe69d0b1a6d0e01a2e404c697962623,dfine_sahi,54500.0,unknown_object,0.2941,700.01,380.32,838.24,475.38,13140.1,138.23,95.06,1.454,False,,True,R-desk,13,evt_S-61_upper_body_0016,8c286679ee927725,lap_bag_context,no_pose_observation,34560.0,1.33,,1,cam12/e1/v1,
corpus_03,03.CCTV Mobile Usage.mkv,632de9ed55947761d56d4c6142a3cb1a1fe69d0b1a6d0e01a2e404c697962623,dfine_sahi,54500.0,keyboard,0.2792,964.15,390.98,1109.24,474.81,12162.2,145.09,83.83,1.731,False,,True,R-desk,13,evt_S-61_upper_body_0016,8c286679ee927725,lap_bag_context,no_pose_observation,34560.0,1.33,,1,cam12/e1/v1,
corpus_03,03.CCTV Mobile Usage.mkv,632de9ed55947761d56d4c6142a3cb1a1fe69d0b1a6d0e01a2e404c697962623,dfine_sahi,54500.0,mouse,0.2636,990.66,399.07,1026.57,413.4,514.5,35.91,14.33,2.506,False,,True,R-desk,13,evt_S-61_upper_body_0016,8c286679ee927725,lap_bag_context,no_pose_observation,34560.0,1.33,,1,cam12/e1/v1,
corpus_03,03.CCTV Mobile Usage.mkv,632de9ed55947761d56d4c6142a3cb1a1fe69d0b1a6d0e01a2e404c697962623,dfine_sahi,54500.0,phone,0.2627,1051.21,411.36,1138.8,446.96,3118.1,87.59,35.6,2.46,False,,True,R-desk,13,evt_S-61_upper_body_0016,8c286679ee927725,lap_bag_context,no_pose_observation,34560.0,1.33,,1,cam12/e1/v1,
corpus_03,03.CCTV Mobile Usage.mkv,632de9ed55947761d56d4c6142a3cb1a1fe69d0b1a6d0e01a2e404c697962623,dfine_sahi,54500.0,unknown_object,0.2573,881.71,411.14,969.72,453.37,3716.2,88.01,42.22,2.084,False,,True,R-desk,13,evt_S-61_upper_body_0016,8c286679ee927725,lap_bag_context,no_pose_observation,34560.0,1.33,,1,cam12/e1/v1,
corpus_03,03.CCTV Mobile Usage.mkv,632de9ed55947761d56d4c6142a3cb1a1fe69d0b1a6d0e01a2e404c697962623,dfine_sahi,54500.0,keyboard,0.2505,881.93,380.22,965.63,452.8,6075.4,83.7,72.59,1.153,False,,True,R-desk,13,evt_S-61_upper_body_0016,8c286679ee927725,lap_bag_context,no_pose_observation,34560.0,1.33,,1,cam12/e1/v1,
corpus_03,03.CCTV Mobile Usage.mkv,632de9ed55947761d56d4c6142a3cb1a1fe69d0b1a6d0e01a2e404c697962623,dfine_sahi,54500.0,keyboard,0.9157,962.12,451.98,1068.04,491.44,4179.7,105.92,39.46,2.684,False,,True,R-desk,11,evt_S-61_upper_body_0016,8c286679ee927725,lap_bag_context,no_pose_observation,34560.0,1.33,,1,cam12/e1/v1,
corpus_03,03.CCTV Mobile Usage.mkv,632de9ed55947761d56d4c6142a3cb1a1fe69d0b1a6d0e01a2e404c697962623,dfine_sahi,54500.0,monitor_or_bezel,0.7767,909.97,411.19,1141.13,506.35,21996.4,231.16,95.16,2.429,False,,True,R-desk,11,evt_S-61_upper_body_0016,8c286679ee927725,lap_bag_context,no_pose_observation,34560.0,1.33,,1,cam12/e1/v1,
corpus_03,03.CCTV Mobile Usage.mkv,632de9ed55947761d56d4c6142a3cb1a1fe69d0b1a6d0e01a2e404c697962623,dfine_sahi,54500.0,phone,0.6959,1043.47,421.82,1111.63,474.08,3561.7,68.16,52.26,1.304,False,,True,R-desk,11,evt_S-61_upper_body_0016,8c286679ee927725,lap_bag_context,no_pose_observation,34560.0,1.33,,1,cam12/e1/v1,
corpus_03,03.CCTV Mobile Usage.mkv,632de9ed55947761d56d4c6142a3cb1a1fe69d0b1a6d0e01a2e404c697962623,dfine_sahi,54500.0,monitor_or_bezel,0.6581,706.03,379.9,969.55,474.73,24988.0,263.52,94.82,2.779,False,,True,R-desk,11,evt_S-61_upper_body_0016,8c286679ee927725,lap_bag_context,no_pose_observation,34560.0,1.33,,1,cam12/e1/v1,
corpus_03,03.CCTV Mobile Usage.mkv,632de9ed55947761d56d4c6142a3cb1a1fe69d0b1a6d0e01a2e404c697962623,dfine_sahi,54500.0,monitor_or_bezel,0.6494,1018.6,395.85,1146.16,448.21,6678.2,127.55,52.36,2.436,False,,True,R-desk,11,evt_S-61_upper_body_0016,8c286679ee927725,lap_bag_context,no_pose_observation,34560.0,1.33,,1,cam12/e1/v1,
corpus_03,03.CCTV Mobile Usage.mkv,632de9ed55947761d56d4c6142a3cb1a1fe69d0b1a6d0e01a2e404c697962623,dfine_sahi,54500.0,mouse,0.6458,864.87,413.47,891.44,435.43,583.3,26.57,21.95,1.21,False,,True,R-desk,11,evt_S-61_upper_body_0016,8c286679ee927725,lap_bag_context,no_pose_observation,34560.0,1.33,,1,cam12/e1/v1,
corpus_03,03.CCTV Mobile Usage.mkv,632de9ed55947761d56d4c6142a3cb1a1fe69d0b1a6d0e01a2e404c697962623,dfine_sahi,54500.0,keyboard,0.6417,772.83,380.2,870.61,420.29,3920.1,97.77,40.09,2.439,False,,True,R-desk,11,evt_S-61_upper_body_0016,8c286679ee927725,lap_bag_context,no_pose_observation,34560.0,1.33,,1,cam12/e1/v1,
corpus_03,03.CCTV Mobile Usage.mkv,632de9ed55947761d56d4c6142a3cb1a1fe69d0b1a6d0e01a2e404c697962623,dfine_sahi,54500.0,monitor_or_bezel,0.6187,962.72,380.39,1153.14,474.91,17997.3,190.42,94.51,2.015,False,,True,R-desk,11,evt_S-61_upper_body_0016,8c286679ee927725,lap_bag_context,no_pose_observation,34560.0,1.33,,1,cam12/e1/v1,
corpus_03,03.CCTV Mobile Usage.mkv,632de9ed55947761d56d4c6142a3cb1a1fe69d0b1a6d0e01a2e404c697962623,dfine_sahi,54500.0,keyboard,0.594,962.78,452.38,1034.59,475.57,1664.6,71.81,23.18,3.097,False,,True,R-desk,11,evt_S-61_upper_body_0016,8c286679ee927725,lap_bag_context,no_pose_observation,34560.0,1.33,,1,cam12/e1/v1,
corpus_03,03.CCTV Mobile Usage.mkv,632de9ed55947761d56d4c6142a3cb1a1fe69d0b1a6d0e01a2e404c697962623,dfine_sahi,54500.0,unknown_object,0.5863,699.84,411.22,870.36,506.28,16211.2,170.52,95.07,1.794,False,,True,R-desk,11,evt_S-61_upper_body_0016,8c286679ee927725,lap_bag_context,no_pose_observation,34560.0,1.33,,1,cam12/e1/v1,
corpus_03,03.CCTV Mobile Usage.mkv,632de9ed55947761d56d4c6142a3cb1a1fe69d0b1a6d0e01a2e404c697962623,dfine_sahi,54500.0,unknown_object,0.4605,766.37,410.98,969.84,505.99,19331.7,203.47,95.01,2.142,False,,True,R-desk,11,evt_S-61_upper_body_0016,8c286679ee927725,lap_bag_context,no_pose_observation,34560.0,1.33,,1,cam12/e1/v1,
corpus_03,03.CCTV Mobile Usage.mkv,632de9ed55947761d56d4c6142a3cb1a1fe69d0b1a6d0e01a2e404c697962623,dfine_sahi,54500.0,keyboard,0.4472,802.44,396.33,870.79,420.58,1657.3,68.35,24.25,2.819,False,,True,R-desk,11,evt_S-61_upper_body_0016,8c286679ee927725,lap_bag_context,no_pose_observation,34560.0,1.33,,1,cam12/e1/v1,
corpus_03,03.CCTV Mobile Usage.mkv,632de9ed55947761d56d4c6142a3cb1a1fe69d0b1a6d0e01a2e404c697962623,dfine_sahi,54500.0,unknown_object,0.4113,699.99,380.63,759.82,474.96,5644.3,59.83,94.34,0.634,False,,True,R-desk,11,evt_S-61_upper_body_0016,8c286679ee927725,lap_bag_context,no_pose_observation,34560.0,1.33,,1,cam12/e1/v1,
corpus_03,03.CCTV Mobile Usage.mkv,632de9ed55947761d56d4c6142a3cb1a1fe69d0b1a6d0e01a2e404c697962623,dfine_sahi,54500.0,keyboard,0.3954,910.05,411.66,1091.84,506.2,17185.8,181.79,94.54,1.923,False,,True,R-desk,11,evt_S-61_upper_body_0016,8c286679ee927725,lap_bag_context,no_pose_observation,34560.0,1.33,,1,cam12/e1/v1,
corpus_03,03.CCTV Mobile Usage.mkv,632de9ed55947761d56d4c6142a3cb1a1fe69d0b1a6d0e01a2e404c697962623,dfine_sahi,54500.0,mouse,0.3336,967.12,398.45,991.97,410.6,302.0,24.85,12.15,2.045,False,,True,R-desk,11,evt_S-61_upper_body_0016,8c286679ee927725,lap_bag_context,no_pose_observation,34560.0,1.33,,1,cam12/e1/v1,
corpus_03,03.CCTV Mobile Usage.mkv,632de9ed55947761d56d4c6142a3cb1a1fe69d0b1a6d0e01a2e404c697962623,dfine_sahi,54500.0,unknown_object,0.3158,878.24,411.46,969.9,505.66,8634.3,91.65,94.21,0.973,False,,True,R-desk,11,evt_S-61_upper_body_0016,8c286679ee927725,lap_bag_context,no_pose_observation,34560.0,1.33,,1,cam12/e1/v1,
corpus_03,03.CCTV Mobile Usage.mkv,632de9ed55947761d56d4c6142a3cb1a1fe69d0b1a6d0e01a2e404c697962623,dfine_sahi,54500.0,unknown_object,0.2941,700.01,380.32,838.24,475.38,13140.1,138.23,95.06,1.454,False,,True,R-desk,11,evt_S-61_upper_body_0016,8c286679ee927725,lap_bag_context,no_pose_observation,34560.0,1.33,,1,cam12/e1/v1,
corpus_03,03.CCTV Mobile Usage.mkv,632de9ed55947761d56d4c6142a3cb1a1fe69d0b1a6d0e01a2e404c697962623,dfine_sahi,54500.0,keyboard,0.2792,964.15,390.98,1109.24,474.81,12162.2,145.09,83.83,1.731,False,,True,R-desk,11,evt_S-61_upper_body_0016,8c286679ee927725,lap_bag_context,no_pose_observation,34560.0,1.33,,1,cam12/e1/v1,
corpus_03,03.CCTV Mobile Usage.mkv,632de9ed55947761d56d4c6142a3cb1a1fe69d0b1a6d0e01a2e404c697962623,dfine_sahi,54500.0,mouse,0.2636,990.66,399.07,1026.57,413.4,514.5,35.91,14.33,2.506,False,,True,R-desk,11,evt_S-61_upper_body_0016,8c286679ee927725,lap_bag_context,no_pose_observation,34560.0,1.33,,1,cam12/e1/v1,
corpus_03,03.CCTV Mobile Usage.mkv,632de9ed55947761d56d4c6142a3cb1a1fe69d0b1a6d0e01a2e404c697962623,dfine_sahi,54500.0,phone,0.2627,1051.21,411.36,1138.8,446.96,3118.1,87.59,35.6,2.46,False,,True,R-desk,11,evt_S-61_upper_body_0016,8c286679ee927725,lap_bag_context,no_pose_observation,34560.0,1.33,,1,cam12/e1/v1,
corpus_03,03.CCTV Mobile Usage.mkv,632de9ed55947761d56d4c6142a3cb1a1fe69d0b1a6d0e01a2e404c697962623,dfine_sahi,54500.0,unknown_object,0.2573,881.71,411.14,969.72,453.37,3716.2,88.01,42.22,2.084,False,,True,R-desk,11,evt_S-61_upper_body_0016,8c286679ee927725,lap_bag_context,no_pose_observation,34560.0,1.33,,1,cam12/e1/v1,
corpus_03,03.CCTV Mobile Usage.mkv,632de9ed55947761d56d4c6142a3cb1a1fe69d0b1a6d0e01a2e404c697962623,dfine_sahi,54500.0,keyboard,0.2505,881.93,380.22,965.63,452.8,6075.4,83.7,72.59,1.153,False,,True,R-desk,11,evt_S-61_upper_body_0016,8c286679ee927725,lap_bag_context,no_pose_observation,34560.0,1.33,,1,cam12/e1/v1,
corpus_03,03.CCTV Mobile Usage.mkv,632de9ed55947761d56d4c6142a3cb1a1fe69d0b1a6d0e01a2e404c697962623,dfine_sahi,54500.0,keyboard,0.9157,962.12,451.98,1068.04,491.44,4179.7,105.92,39.46,2.684,False,,True,R-desk,14,evt_S-61_upper_body_0016,8c286679ee927725,lap_bag_context,no_pose_observation,34560.0,1.33,,1,cam12/e1/v1,
corpus_03,03.CCTV Mobile Usage.mkv,632de9ed55947761d56d4c6142a3cb1a1fe69d0b1a6d0e01a2e404c697962623,dfine_sahi,54500.0,monitor_or_bezel,0.7767,909.97,411.19,1141.13,506.35,21996.4,231.16,95.16,2.429,False,,True,R-desk,14,evt_S-61_upper_body_0016,8c286679ee927725,lap_bag_context,no_pose_observation,34560.0,1.33,,1,cam12/e1/v1,
corpus_03,03.CCTV Mobile Usage.mkv,632de9ed55947761d56d4c6142a3cb1a1fe69d0b1a6d0e01a2e404c697962623,dfine_sahi,54500.0,phone,0.6959,1043.47,421.82,1111.63,474.08,3561.7,68.16,52.26,1.304,False,,True,R-desk,14,evt_S-61_upper_body_0016,8c286679ee927725,lap_bag_context,no_pose_observation,34560.0,1.33,,1,cam12/e1/v1,
corpus_03,03.CCTV Mobile Usage.mkv,632de9ed55947761d56d4c6142a3cb1a1fe69d0b1a6d0e01a2e404c697962623,dfine_sahi,54500.0,monitor_or_bezel,0.6581,706.03,379.9,969.55,474.73,24988.0,263.52,94.82,2.779,False,,True,R-desk,14,evt_S-61_upper_body_0016,8c286679ee927725,lap_bag_context,no_pose_observation,34560.0,1.33,,1,cam12/e1/v1,
corpus_03,03.CCTV Mobile Usage.mkv,632de9ed55947761d56d4c6142a3cb1a1fe69d0b1a6d0e01a2e404c697962623,dfine_sahi,54500.0,monitor_or_bezel,0.6494,1018.6,395.85,1146.16,448.21,6678.2,127.55,52.36,2.436,False,,True,R-desk,14,evt_S-61_upper_body_0016,8c286679ee927725,lap_bag_context,no_pose_observation,34560.0,1.33,,1,cam12/e1/v1,
corpus_03,03.CCTV Mobile Usage.mkv,632de9ed55947761d56d4c6142a3cb1a1fe69d0b1a6d0e01a2e404c697962623,dfine_sahi,54500.0,mouse,0.6458,864.87,413.47,891.44,435.43,583.3,26.57,21.95,1.21,False,,True,R-desk,14,evt_S-61_upper_body_0016,8c286679ee927725,lap_bag_context,no_pose_observation,34560.0,1.33,,1,cam12/e1/v1,
corpus_03,03.CCTV Mobile Usage.mkv,632de9ed55947761d56d4c6142a3cb1a1fe69d0b1a6d0e01a2e404c697962623,dfine_sahi,54500.0,keyboard,0.6417,772.83,380.2,870.61,420.29,3920.1,97.77,40.09,2.439,False,,True,R-desk,14,evt_S-61_upper_body_0016,8c286679ee927725,lap_bag_context,no_pose_observation,34560.0,1.33,,1,cam12/e1/v1,
corpus_03,03.CCTV Mobile Usage.mkv,632de9ed55947761d56d4c6142a3cb1a1fe69d0b1a6d0e01a2e404c697962623,dfine_sahi,54500.0,monitor_or_bezel,0.6187,962.72,380.39,1153.14,474.91,17997.3,190.42,94.51,2.015,False,,True,R-desk,14,evt_S-61_upper_body_0016,8c286679ee927725,lap_bag_context,no_pose_observation,34560.0,1.33,,1,cam12/e1/v1,
corpus_03,03.CCTV Mobile Usage.mkv,632de9ed55947761d56d4c6142a3cb1a1fe69d0b1a6d0e01a2e404c697962623,dfine_sahi,54500.0,keyboard,0.594,962.78,452.38,1034.59,475.57,1664.6,71.81,23.18,3.097,False,,True,R-desk,14,evt_S-61_upper_body_0016,8c286679ee927725,lap_bag_context,no_pose_observation,34560.0,1.33,,1,cam12/e1/v1,
corpus_03,03.CCTV Mobile Usage.mkv,632de9ed55947761d56d4c6142a3cb1a1fe69d0b1a6d0e01a2e404c697962623,dfine_sahi,54500.0,unknown_object,0.5863,699.84,411.22,870.36,506.28,16211.2,170.52,95.07,1.794,False,,True,R-desk,14,evt_S-61_upper_body_0016,8c286679ee927725,lap_bag_context,no_pose_observation,34560.0,1.33,,1,cam12/e1/v1,
corpus_03,03.CCTV Mobile Usage.mkv,632de9ed55947761d56d4c6142a3cb1a1fe69d0b1a6d0e01a2e404c697962623,dfine_sahi,54500.0,unknown_object,0.4605,766.37,410.98,969.84,505.99,19331.7,203.47,95.01,2.142,False,,True,R-desk,14,evt_S-61_upper_body_0016,8c286679ee927725,lap_bag_context,no_pose_observation,34560.0,1.33,,1,cam12/e1/v1,
corpus_03,03.CCTV Mobile Usage.mkv,632de9ed55947761d56d4c6142a3cb1a1fe69d0b1a6d0e01a2e404c697962623,dfine_sahi,54500.0,keyboard,0.4472,802.44,396.33,870.79,420.58,1657.3,68.35,24.25,2.819,False,,True,R-desk,14,evt_S-61_upper_body_0016,8c286679ee927725,lap_bag_context,no_pose_observation,34560.0,1.33,,1,cam12/e1/v1,
corpus_03,03.CCTV Mobile Usage.mkv,632de9ed55947761d56d4c6142a3cb1a1fe69d0b1a6d0e01a2e404c697962623,dfine_sahi,54500.0,unknown_object,0.4113,699.99,380.63,759.82,474.96,5644.3,59.83,94.34,0.634,False,,True,R-desk,14,evt_S-61_upper_body_0016,8c286679ee927725,lap_bag_context,no_pose_observation,34560.0,1.33,,1,cam12/e1/v1,
corpus_03,03.CCTV Mobile Usage.mkv,632de9ed55947761d56d4c6142a3cb1a1fe69d0b1a6d0e01a2e404c697962623,dfine_sahi,54500.0,keyboard,0.3954,910.05,411.66,1091.84,506.2,17185.8,181.79,94.54,1.923,False,,True,R-desk,14,evt_S-61_upper_body_0016,8c286679ee927725,lap_bag_context,no_pose_observation,34560.0,1.33,,1,cam12/e1/v1,
corpus_03,03.CCTV Mobile Usage.mkv,632de9ed55947761d56d4c6142a3cb1a1fe69d0b1a6d0e01a2e404c697962623,dfine_sahi,54500.0,mouse,0.3336,967.12,398.45,991.97,410.6,302.0,24.85,12.15,2.045,False,,True,R-desk,14,evt_S-61_upper_body_0016,8c286679ee927725,lap_bag_context,no_pose_observation,34560.0,1.33,,1,cam12/e1/v1,
corpus_03,03.CCTV Mobile Usage.mkv,632de9ed55947761d56d4c6142a3cb1a1fe69d0b1a6d0e01a2e404c697962623,dfine_sahi,54500.0,unknown_object,0.3158,878.24,411.46,969.9,505.66,8634.3,91.65,94.21,0.973,False,,True,R-desk,14,evt_S-61_upper_body_0016,8c286679ee927725,lap_bag_context,no_pose_observation,34560.0,1.33,,1,cam12/e1/v1,
corpus_03,03.CCTV Mobile Usage.mkv,632de9ed55947761d56d4c6142a3cb1a1fe69d0b1a6d0e01a2e404c697962623,dfine_sahi,54500.0,unknown_object,0.2941,700.01,380.32,838.24,475.38,13140.1,138.23,95.06,1.454,False,,True,R-desk,14,evt_S-61_upper_body_0016,8c286679ee927725,lap_bag_context,no_pose_observation,34560.0,1.33,,1,cam12/e1/v1,
corpus_03,03.CCTV Mobile Usage.mkv,632de9ed55947761d56d4c6142a3cb1a1fe69d0b1a6d0e01a2e404c697962623,dfine_sahi,54500.0,keyboard,0.2792,964.15,390.98,1109.24,474.81,12162.2,145.09,83.83,1.731,False,,True,R-desk,14,evt_S-61_upper_body_0016,8c286679ee927725,lap_bag_context,no_pose_observation,34560.0,1.33,,1,cam12/e1/v1,
corpus_03,03.CCTV Mobile Usage.mkv,632de9ed55947761d56d4c6142a3cb1a1fe69d0b1a6d0e01a2e404c697962623,dfine_sahi,54500.0,mouse,0.2636,990.66,399.07,1026.57,413.4,514.5,35.91,14.33,2.506,False,,True,R-desk,14,evt_S-61_upper_body_0016,8c286679ee927725,lap_bag_context,no_pose_observation,34560.0,1.33,,1,cam12/e1/v1,
corpus_03,03.CCTV Mobile Usage.mkv,632de9ed55947761d56d4c6142a3cb1a1fe69d0b1a6d0e01a2e404c697962623,dfine_sahi,54500.0,phone,0.2627,1051.21,411.36,1138.8,446.96,3118.1,87.59,35.6,2.46,False,,True,R-desk,14,evt_S-61_upper_body_0016,8c286679ee927725,lap_bag_context,no_pose_observation,34560.0,1.33,,1,cam12/e1/v1,
corpus_03,03.CCTV Mobile Usage.mkv,632de9ed55947761d56d4c6142a3cb1a1fe69d0b1a6d0e01a2e404c697962623,dfine_sahi,54500.0,unknown_object,0.2573,881.71,411.14,969.72,453.37,3716.2,88.01,42.22,2.084,False,,True,R-desk,14,evt_S-61_upper_body_0016,8c286679ee927725,lap_bag_context,no_pose_observation,34560.0,1.33,,1,cam12/e1/v1,
corpus_03,03.CCTV Mobile Usage.mkv,632de9ed55947761d56d4c6142a3cb1a1fe69d0b1a6d0e01a2e404c697962623,dfine_sahi,54500.0,keyboard,0.2505,881.93,380.22,965.63,452.8,6075.4,83.7,72.59,1.153,False,,True,R-desk,14,evt_S-61_upper_body_0016,8c286679ee927725,lap_bag_context,no_pose_observation,34560.0,1.33,,1,cam12/e1/v1,
corpus_03,03.CCTV Mobile Usage.mkv,632de9ed55947761d56d4c6142a3cb1a1fe69d0b1a6d0e01a2e404c697962623,dfine_sahi,55500.0,unknown_object,0.6206,159.48,430.34,180.98,520.73,1943.1,21.5,90.39,0.238,False,,True,S-61,10,evt_S-61_upper_body_0016,504d997039895a1f,pose_hand_context,,29632.2,3.72,,1,cam12/e1/v1,rtmpose_baseline
corpus_03,03.CCTV Mobile Usage.mkv,632de9ed55947761d56d4c6142a3cb1a1fe69d0b1a6d0e01a2e404c697962623,dfine_sahi,55500.0,unknown_object,0.4813,84.01,350.37,163.89,446.37,7668.4,79.88,96.0,0.832,False,,True,S-61,10,evt_S-61_upper_body_0016,504d997039895a1f,pose_hand_context,,29632.2,3.72,,1,cam12/e1/v1,rtmpose_baseline
corpus_03,03.CCTV Mobile Usage.mkv,632de9ed55947761d56d4c6142a3cb1a1fe69d0b1a6d0e01a2e404c697962623,dfine_sahi,55500.0,unknown_object,0.4771,159.6,394.69,181.0,446.72,1113.3,21.4,52.03,0.411,False,,True,S-61,10,evt_S-61_upper_body_0016,504d997039895a1f,pose_hand_context,,29632.2,3.72,,1,cam12/e1/v1,rtmpose_baseline
corpus_03,03.CCTV Mobile Usage.mkv,632de9ed55947761d56d4c6142a3cb1a1fe69d0b1a6d0e01a2e404c697962623,dfine_sahi,55500.0,unknown_object,0.4648,38.84,426.46,105.95,474.07,3194.7,67.11,47.6,1.41,False,,True,S-61,10,evt_S-61_upper_body_0016,504d997039895a1f,pose_hand_context,,29632.2,3.72,,1,cam12/e1/v1,rtmpose_baseline
corpus_03,03.CCTV Mobile Usage.mkv,632de9ed55947761d56d4c6142a3cb1a1fe69d0b1a6d0e01a2e404c697962623,dfine_sahi,55500.0,unknown_object,0.4458,83.99,426.28,165.89,521.1,7766.2,81.9,94.83,0.864,False,,True,S-61,10,evt_S-61_upper_body_0016,504d997039895a1f,pose_hand_context,,29632.2,3.72,,1,cam12/e1/v1,rtmpose_baseline
corpus_03,03.CCTV Mobile Usage.mkv,632de9ed55947761d56d4c6142a3cb1a1fe69d0b1a6d0e01a2e404c697962623,dfine_sahi,55500.0,stationery,0.3371,43.14,447.02,74.12,473.22,811.6,30.97,26.2,1.182,False,,True,S-61,10,evt_S-61_upper_body_0016,504d997039895a1f,pose_hand_context,,29632.2,3.72,,1,cam12/e1/v1,rtmpose_baseline
corpus_03,03.CCTV Mobile Usage.mkv,632de9ed55947761d56d4c6142a3cb1a1fe69d0b1a6d0e01a2e404c697962623,dfine_sahi,55500.0,unknown_object,0.3301,44.03,425.23,105.95,446.88,1340.4,61.92,21.65,2.86,False,,True,S-61,10,evt_S-61_upper_body_0016,504d997039895a1f,pose_hand_context,,29632.2,3.72,,1,cam12/e1/v1,rtmpose_baseline
corpus_03,03.CCTV Mobile Usage.mkv,632de9ed55947761d56d4c6142a3cb1a1fe69d0b1a6d0e01a2e404c697962623,dfine_sahi,55500.0,bag,0.2586,78.16,383.55,152.41,428.07,3305.8,74.25,44.52,1.668,False,,True,S-61,10,evt_S-61_upper_body_0016,504d997039895a1f,pose_hand_context,,29632.2,3.72,,1,cam12/e1/v1,rtmpose_baseline
corpus_03,03.CCTV Mobile Usage.mkv,632de9ed55947761d56d4c6142a3cb1a1fe69d0b1a6d0e01a2e404c697962623,dfine_sahi,55500.0,keyboard,0.9227,962.3,451.95,1068.02,491.45,4176.2,105.72,39.5,2.676,False,,True,R-desk,12,evt_S-61_upper_body_0016,de801b56dc91232e,lap_bag_context,no_pose_observation,34560.0,1.33,,1,cam12/e1/v1,
corpus_03,03.CCTV Mobile Usage.mkv,632de9ed55947761d56d4c6142a3cb1a1fe69d0b1a6d0e01a2e404c697962623,dfine_sahi,55500.0,monitor_or_bezel,0.7751,910.01,411.21,1141.09,506.32,21978.8,231.07,95.12,2.429,False,,True,R-desk,12,evt_S-61_upper_body_0016,de801b56dc91232e,lap_bag_context,no_pose_observation,34560.0,1.33,,1,cam12/e1/v1,
corpus_03,03.CCTV Mobile Usage.mkv,632de9ed55947761d56d4c6142a3cb1a1fe69d0b1a6d0e01a2e404c697962623,dfine_sahi,55500.0,mouse,0.7542,864.95,413.39,891.56,435.15,579.0,26.61,21.76,1.223,False,,True,R-desk,12,evt_S-61_upper_body_0016,de801b56dc91232e,lap_bag_context,no_pose_observation,34560.0,1.33,,1,cam12/e1/v1,
corpus_03,03.CCTV Mobile Usage.mkv,632de9ed55947761d56d4c6142a3cb1a1fe69d0b1a6d0e01a2e404c697962623,dfine_sahi,55500.0,phone,0.7487,1043.38,421.87,1111.51,473.89,3544.1,68.13,52.02,1.31,False,,True,R-desk,12,evt_S-61_upper_body_0016,de801b56dc91232e,lap_bag_context,no_pose_observation,34560.0,1.33,,1,cam12/e1/v1,
corpus_03,03.CCTV Mobile Usage.mkv,632de9ed55947761d56d4c6142a3cb1a1fe69d0b1a6d0e01a2e404c697962623,dfine_sahi,55500.0,monitor_or_bezel,0.708,708.52,379.9,969.63,474.8,24779.3,261.11,94.9,2.751,False,,True,R-desk,12,evt_S-61_upper_body_0016,de801b56dc91232e,lap_bag_context,no_pose_observation,34560.0,1.33,,1,cam12/e1/v1,
corpus_03,03.CCTV Mobile Usage.mkv,632de9ed55947761d56d4c6142a3cb1a1fe69d0b1a6d0e01a2e404c697962623,dfine_sahi,55500.0,keyboard,0.6944,772.36,380.16,870.61,420.35,3948.5,98.25,40.19,2.445,False,,True,R-desk,12,evt_S-61_upper_body_0016,de801b56dc91232e,lap_bag_context,no_pose_observation,34560.0,1.33,,1,cam12/e1/v1,
corpus_03,03.CCTV Mobile Usage.mkv,632de9ed55947761d56d4c6142a3cb1a1fe69d0b1a6d0e01a2e404c697962623,dfine_sahi,55500.0,monitor_or_bezel,0.6805,1018.94,395.65,1146.05,448.18,6677.9,127.12,52.53,2.42,False,,True,R-desk,12,evt_S-61_upper_body_0016,de801b56dc91232e,lap_bag_context,no_pose_observation,34560.0,1.33,,1,cam12/e1/v1,
corpus_03,03.CCTV Mobile Usage.mkv,632de9ed55947761d56d4c6142a3cb1a1fe69d0b1a6d0e01a2e404c697962623,dfine_sahi,55500.0,unknown_object,0.6617,699.87,396.17,844.21,492.12,13849.0,144.34,95.94,1.504,False,,True,R-desk,12,evt_S-61_upper_body_0016,de801b56dc91232e,lap_bag_context,no_pose_observation,34560.0,1.33,,1,cam12/e1/v1,
corpus_03,03.CCTV Mobile Usage.mkv,632de9ed55947761d56d4c6142a3cb1a1fe69d0b1a6d0e01a2e404c697962623,dfine_sahi,55500.0,keyboard,0.5887,963.01,452.4,1034.7,475.57,1661.4,71.7,23.17,3.094,False,,True,R-desk,12,evt_S-61_upper_body_0016,de801b56dc91232e,lap_bag_context,no_pose_observation,34560.0,1.33,,1,cam12/e1/v1,
corpus_03,03.CCTV Mobile Usage.mkv,632de9ed55947761d56d4c6142a3cb1a1fe69d0b1a6d0e01a2e404c697962623,dfine_sahi,55500.0,monitor_or_bezel,0.5691,962.63,380.48,1152.99,474.84,17962.5,190.36,94.36,2.017,False,,True,R-desk,12,evt_S-61_upper_body_0016,de801b56dc91232e,lap_bag_context,no_pose_observation,34560.0,1.33,,1,cam12/e1/v1,
corpus_03,03.CCTV Mobile Usage.mkv,632de9ed55947761d56d4c6142a3cb1a1fe69d0b1a6d0e01a2e404c697962623,dfine_sahi,55500.0,keyboard,0.5436,802.52,396.31,870.69,420.51,1649.7,68.16,24.2,2.817,False,,True,R-desk,12,evt_S-61_upper_body_0016,de801b56dc91232e,lap_bag_context,no_pose_observation,34560.0,1.33,,1,cam12/e1/v1,
corpus_03,03.CCTV Mobile Usage.mkv,632de9ed55947761d56d4c6142a3cb1a1fe69d0b1a6d0e01a2e404c697962623,dfine_sahi,55500.0,unknown_object,0.48,699.99,380.55,761.59,475.06,5822.4,61.61,94.51,0.652,False,,True,R-desk,12,evt_S-61_upper_body_0016,de801b56dc91232e,lap_bag_context,no_pose_observation,34560.0,1.33,,1,cam12/e1/v1,
corpus_03,03.CCTV Mobile Usage.mkv,632de9ed55947761d56d4c6142a3cb1a1fe69d0b1a6d0e01a2e404c697962623,dfine_sahi,55500.0,unknown_object,0.4698,763.13,410.95,969.79,505.89,19619.4,206.66,94.94,2.177,False,,True,R-desk,12,evt_S-61_upper_body_0016,de801b56dc91232e,lap_bag_context,no_pose_observation,34560.0,1.33,,1,cam12/e1/v1,
corpus_03,03.CCTV Mobile Usage.mkv,632de9ed55947761d56d4c6142a3cb1a1fe69d0b1a6d0e01a2e404c697962623,dfine_sahi,55500.0,mouse,0.386,967.17,398.39,992.02,410.49,300.7,24.85,12.1,2.054,False,,True,R-desk,12,evt_S-61_upper_body_0016,de801b56dc91232e,lap_bag_context,no_pose_observation,34560.0,1.33,,1,cam12/e1/v1,
corpus_03,03.CCTV Mobile Usage.mkv,632de9ed55947761d56d4c6142a3cb1a1fe69d0b1a6d0e01a2e404c697962623,dfine_sahi,55500.0,keyboard,0.3713,910.06,411.39,1092.09,506.1,17241.4,182.03,94.72,1.922,False,,True,R-desk,12,evt_S-61_upper_body_0016,de801b56dc91232e,lap_bag_context,no_pose_observation,34560.0,1.33,,1,cam12/e1/v1,
corpus_03,03.CCTV Mobile Usage.mkv,632de9ed55947761d56d4c6142a3cb1a1fe69d0b1a6d0e01a2e404c697962623,dfine_sahi,55500.0,unknown_object,0.2952,880.22,411.47,969.9,505.67,8447.0,89.68,94.2,0.952,False,,True,R-desk,12,evt_S-61_upper_body_0016,de801b56dc91232e,lap_bag_context,no_pose_observation,34560.0,1.33,,1,cam12/e1/v1,
corpus_03,03.CCTV Mobile Usage.mkv,632de9ed55947761d56d4c6142a3cb1a1fe69d0b1a6d0e01a2e404c697962623,dfine_sahi,55500.0,keyboard,0.2929,881.84,380.21,963.7,452.75,5937.7,81.86,72.54,1.128,False,,True,R-desk,12,evt_S-61_upper_body_0016,de801b56dc91232e,lap_bag_context,no_pose_observation,34560.0,1.33,,1,cam12/e1/v1,
corpus_03,03.CCTV Mobile Usage.mkv,632de9ed55947761d56d4c6142a3cb1a1fe69d0b1a6d0e01a2e404c697962623,dfine_sahi,55500.0,monitor_or_bezel,0.2862,881.22,396.15,948.68,452.74,3817.3,67.46,56.59,1.192,False,,True,R-desk,12,evt_S-61_upper_body_0016,de801b56dc91232e,lap_bag_context,no_pose_observation,34560.0,1.33,,1,cam12/e1/v1,
corpus_03,03.CCTV Mobile Usage.mkv,632de9ed55947761d56d4c6142a3cb1a1fe69d0b1a6d0e01a2e404c697962623,dfine_sahi,55500.0,mouse,0.2829,991.15,399.37,1026.83,413.41,501.0,35.68,14.04,2.541,False,,True,R-desk,12,evt_S-61_upper_body_0016,de801b56dc91232e,lap_bag_context,no_pose_observation,34560.0,1.33,,1,cam12/e1/v1,
corpus_03,03.CCTV Mobile Usage.mkv,632de9ed55947761d56d4c6142a3cb1a1fe69d0b1a6d0e01a2e404c697962623,dfine_sahi,55500.0,keyboard,0.2799,964.48,387.51,1110.2,474.73,12710.3,145.73,87.22,1.671,False,,True,R-desk,12,evt_S-61_upper_body_0016,de801b56dc91232e,lap_bag_context,no_pose_observation,34560.0,1.33,,1,cam12/e1/v1,
corpus_03,03.CCTV Mobile Usage.mkv,632de9ed55947761d56d4c6142a3cb1a1fe69d0b1a6d0e01a2e404c697962623,dfine_sahi,55500.0,unknown_object,0.2674,881.65,411.12,969.82,453.41,3728.3,88.17,42.29,2.085,False,,True,R-desk,12,evt_S-61_upper_body_0016,de801b56dc91232e,lap_bag_context,no_pose_observation,34560.0,1.33,,1,cam12/e1/v1,
corpus_03,03.CCTV Mobile Usage.mkv,632de9ed55947761d56d4c6142a3cb1a1fe69d0b1a6d0e01a2e404c697962623,dfine_sahi,55500.0,keyboard,0.9227,962.3,451.95,1068.02,491.45,4176.2,105.72,39.5,2.676,False,,True,R-desk,11,evt_S-61_upper_body_0016,de801b56dc91232e,lap_bag_context,no_pose_observation,34560.0,1.33,,1,cam12/e1/v1,
corpus_03,03.CCTV Mobile Usage.mkv,632de9ed55947761d56d4c6142a3cb1a1fe69d0b1a6d0e01a2e404c697962623,dfine_sahi,55500.0,monitor_or_bezel,0.7751,910.01,411.21,1141.09,506.32,21978.8,231.07,95.12,2.429,False,,True,R-desk,11,evt_S-61_upper_body_0016,de801b56dc91232e,lap_bag_context,no_pose_observation,34560.0,1.33,,1,cam12/e1/v1,
corpus_03,03.CCTV Mobile Usage.mkv,632de9ed55947761d56d4c6142a3cb1a1fe69d0b1a6d0e01a2e404c697962623,dfine_sahi,55500.0,mouse,0.7542,864.95,413.39,891.56,435.15,579.0,26.61,21.76,1.223,False,,True,R-desk,11,evt_S-61_upper_body_0016,de801b56dc91232e,lap_bag_context,no_pose_observation,34560.0,1.33,,1,cam12/e1/v1,
corpus_03,03.CCTV Mobile Usage.mkv,632de9ed55947761d56d4c6142a3cb1a1fe69d0b1a6d0e01a2e404c697962623,dfine_sahi,55500.0,phone,0.7487,1043.38,421.87,1111.51,473.89,3544.1,68.13,52.02,1.31,False,,True,R-desk,11,evt_S-61_upper_body_0016,de801b56dc91232e,lap_bag_context,no_pose_observation,34560.0,1.33,,1,cam12/e1/v1,
corpus_03,03.CCTV Mobile Usage.mkv,632de9ed55947761d56d4c6142a3cb1a1fe69d0b1a6d0e01a2e404c697962623,dfine_sahi,55500.0,monitor_or_bezel,0.708,708.52,379.9,969.63,474.8,24779.3,261.11,94.9,2.751,False,,True,R-desk,11,evt_S-61_upper_body_0016,de801b56dc91232e,lap_bag_context,no_pose_observation,34560.0,1.33,,1,cam12/e1/v1,
corpus_03,03.CCTV Mobile Usage.mkv,632de9ed55947761d56d4c6142a3cb1a1fe69d0b1a6d0e01a2e404c697962623,dfine_sahi,55500.0,keyboard,0.6944,772.36,380.16,870.61,420.35,3948.5,98.25,40.19,2.445,False,,True,R-desk,11,evt_S-61_upper_body_0016,de801b56dc91232e,lap_bag_context,no_pose_observation,34560.0,1.33,,1,cam12/e1/v1,
corpus_03,03.CCTV Mobile Usage.mkv,632de9ed55947761d56d4c6142a3cb1a1fe69d0b1a6d0e01a2e404c697962623,dfine_sahi,55500.0,monitor_or_bezel,0.6805,1018.94,395.65,1146.05,448.18,6677.9,127.12,52.53,2.42,False,,True,R-desk,11,evt_S-61_upper_body_0016,de801b56dc91232e,lap_bag_context,no_pose_observation,34560.0,1.33,,1,cam12/e1/v1,
corpus_03,03.CCTV Mobile Usage.mkv,632de9ed55947761d56d4c6142a3cb1a1fe69d0b1a6d0e01a2e404c697962623,dfine_sahi,55500.0,unknown_object,0.6617,699.87,396.17,844.21,492.12,13849.0,144.34,95.94,1.504,False,,True,R-desk,11,evt_S-61_upper_body_0016,de801b56dc91232e,lap_bag_context,no_pose_observation,34560.0,1.33,,1,cam12/e1/v1,
corpus_03,03.CCTV Mobile Usage.mkv,632de9ed55947761d56d4c6142a3cb1a1fe69d0b1a6d0e01a2e404c697962623,dfine_sahi,55500.0,keyboard,0.5887,963.01,452.4,1034.7,475.57,1661.4,71.7,23.17,3.094,False,,True,R-desk,11,evt_S-61_upper_body_0016,de801b56dc91232e,lap_bag_context,no_pose_observation,34560.0,1.33,,1,cam12/e1/v1,
corpus_03,03.CCTV Mobile Usage.mkv,632de9ed55947761d56d4c6142a3cb1a1fe69d0b1a6d0e01a2e404c697962623,dfine_sahi,55500.0,monitor_or_bezel,0.5691,962.63,380.48,1152.99,474.84,17962.5,190.36,94.36,2.017,False,,True,R-desk,11,evt_S-61_upper_body_0016,de801b56dc91232e,lap_bag_context,no_pose_observation,34560.0,1.33,,1,cam12/e1/v1,
corpus_03,03.CCTV Mobile Usage.mkv,632de9ed55947761d56d4c6142a3cb1a1fe69d0b1a6d0e01a2e404c697962623,dfine_sahi,55500.0,keyboard,0.5436,802.52,396.31,870.69,420.51,1649.7,68.16,24.2,2.817,False,,True,R-desk,11,evt_S-61_upper_body_0016,de801b56dc91232e,lap_bag_context,no_pose_observation,34560.0,1.33,,1,cam12/e1/v1,
corpus_03,03.CCTV Mobile Usage.mkv,632de9ed55947761d56d4c6142a3cb1a1fe69d0b1a6d0e01a2e404c697962623,dfine_sahi,55500.0,unknown_object,0.48,699.99,380.55,761.59,475.06,5822.4,61.61,94.51,0.652,False,,True,R-desk,11,evt_S-61_upper_body_0016,de801b56dc91232e,lap_bag_context,no_pose_observation,34560.0,1.33,,1,cam12/e1/v1,
corpus_03,03.CCTV Mobile Usage.mkv,632de9ed55947761d56d4c6142a3cb1a1fe69d0b1a6d0e01a2e404c697962623,dfine_sahi,55500.0,unknown_object,0.4698,763.13,410.95,969.79,505.89,19619.4,206.66,94.94,2.177,False,,True,R-desk,11,evt_S-61_upper_body_0016,de801b56dc91232e,lap_bag_context,no_pose_observation,34560.0,1.33,,1,cam12/e1/v1,
corpus_03,03.CCTV Mobile Usage.mkv,632de9ed55947761d56d4c6142a3cb1a1fe69d0b1a6d0e01a2e404c697962623,dfine_sahi,55500.0,mouse,0.386,967.17,398.39,992.02,410.49,300.7,24.85,12.1,2.054,False,,True,R-desk,11,evt_S-61_upper_body_0016,de801b56dc91232e,lap_bag_context,no_pose_observation,34560.0,1.33,,1,cam12/e1/v1,
corpus_03,03.CCTV Mobile Usage.mkv,632de9ed55947761d56d4c6142a3cb1a1fe69d0b1a6d0e01a2e404c697962623,dfine_sahi,55500.0,keyboard,0.3713,910.06,411.39,1092.09,506.1,17241.4,182.03,94.72,1.922,False,,True,R-desk,11,evt_S-61_upper_body_0016,de801b56dc91232e,lap_bag_context,no_pose_observation,34560.0,1.33,,1,cam12/e1/v1,
corpus_03,03.CCTV Mobile Usage.mkv,632de9ed55947761d56d4c6142a3cb1a1fe69d0b1a6d0e01a2e404c697962623,dfine_sahi,55500.0,unknown_object,0.2952,880.22,411.47,969.9,505.67,8447.0,89.68,94.2,0.952,False,,True,R-desk,11,evt_S-61_upper_body_0016,de801b56dc91232e,lap_bag_context,no_pose_observation,34560.0,1.33,,1,cam12/e1/v1,
corpus_03,03.CCTV Mobile Usage.mkv,632de9ed55947761d56d4c6142a3cb1a1fe69d0b1a6d0e01a2e404c697962623,dfine_sahi,55500.0,keyboard,0.2929,881.84,380.21,963.7,452.75,5937.7,81.86,72.54,1.128,False,,True,R-desk,11,evt_S-61_upper_body_0016,de801b56dc91232e,lap_bag_context,no_pose_observation,34560.0,1.33,,1,cam12/e1/v1,
corpus_03,03.CCTV Mobile Usage.mkv,632de9ed55947761d56d4c6142a3cb1a1fe69d0b1a6d0e01a2e404c697962623,dfine_sahi,55500.0,monitor_or_bezel,0.2862,881.22,396.15,948.68,452.74,3817.3,67.46,56.59,1.192,False,,True,R-desk,11,evt_S-61_upper_body_0016,de801b56dc91232e,lap_bag_context,no_pose_observation,34560.0,1.33,,1,cam12/e1/v1,
corpus_03,03.CCTV Mobile Usage.mkv,632de9ed55947761d56d4c6142a3cb1a1fe69d0b1a6d0e01a2e404c697962623,dfine_sahi,55500.0,mouse,0.2829,991.15,399.37,1026.83,413.41,501.0,35.68,14.04,2.541,False,,True,R-desk,11,evt_S-61_upper_body_0016,de801b56dc91232e,lap_bag_context,no_pose_observation,34560.0,1.33,,1,cam12/e1/v1,
corpus_03,03.CCTV Mobile Usage.mkv,632de9ed55947761d56d4c6142a3cb1a1fe69d0b1a6d0e01a2e404c697962623,dfine_sahi,55500.0,keyboard,0.2799,964.48,387.51,1110.2,474.73,12710.3,145.73,87.22,1.671,False,,True,R-desk,11,evt_S-61_upper_body_0016,de801b56dc91232e,lap_bag_context,no_pose_observation,34560.0,1.33,,1,cam12/e1/v1,
corpus_03,03.CCTV Mobile Usage.mkv,632de9ed55947761d56d4c6142a3cb1a1fe69d0b1a6d0e01a2e404c697962623,dfine_sahi,55500.0,unknown_object,0.2674,881.65,411.12,969.82,453.41,3728.3,88.17,42.29,2.085,False,,True,R-desk,11,evt_S-61_upper_body_0016,de801b56dc91232e,lap_bag_context,no_pose_observation,34560.0,1.33,,1,cam12/e1/v1,
corpus_03,03.CCTV Mobile Usage.mkv,632de9ed55947761d56d4c6142a3cb1a1fe69d0b1a6d0e01a2e404c697962623,dfine_sahi,56500.0,unknown_object,0.5509,18.01,304.79,136.26,491.94,22131.0,118.25,187.15,0.632,False,,True,S-61,10,evt_S-61_upper_body_0016,1d2938dea1632546,pose_hand_context,,35955.7,3.38,,1,cam12/e1/v1,rtmpose_baseline
corpus_03,03.CCTV Mobile Usage.mkv,632de9ed55947761d56d4c6142a3cb1a1fe69d0b1a6d0e01a2e404c697962623,dfine_sahi,56500.0,unknown_object,0.3752,17.99,416.07,134.97,492.54,8945.7,116.99,76.47,1.53,False,,True,S-61,10,evt_S-61_upper_body_0016,1d2938dea1632546,pose_hand_context,,35955.7,3.38,,1,cam12/e1/v1,rtmpose_baseline
corpus_03,03.CCTV Mobile Usage.mkv,632de9ed55947761d56d4c6142a3cb1a1fe69d0b1a6d0e01a2e404c697962623,dfine_sahi,56500.0,unknown_object,0.3304,43.22,445.02,72.58,473.08,823.8,29.37,28.05,1.047,False,,True,S-61,10,evt_S-61_upper_body_0016,1d2938dea1632546,pose_hand_context,,35955.7,3.38,,1,cam12/e1/v1,rtmpose_baseline
corpus_03,03.CCTV Mobile Usage.mkv,632de9ed55947761d56d4c6142a3cb1a1fe69d0b1a6d0e01a2e404c697962623,dfine_sahi,56500.0,unknown_object,0.3214,101.09,386.11,193.19,428.27,3883.0,92.1,42.16,2.184,False,,True,S-61,10,evt_S-61_upper_body_0016,1d2938dea1632546,pose_hand_context,,35955.7,3.38,,1,cam12/e1/v1,rtmpose_baseline
corpus_03,03.CCTV Mobile Usage.mkv,632de9ed55947761d56d4c6142a3cb1a1fe69d0b1a6d0e01a2e404c697962623,dfine_sahi,56500.0,unknown_object,0.3017,101.07,386.12,193.74,492.27,9837.5,92.67,106.16,0.873,False,,True,S-61,10,evt_S-61_upper_body_0016,1d2938dea1632546,pose_hand_context,,35955.7,3.38,,1,cam12/e1/v1,rtmpose_baseline
corpus_03,03.CCTV Mobile Usage.mkv,632de9ed55947761d56d4c6142a3cb1a1fe69d0b1a6d0e01a2e404c697962623,dfine_sahi,56500.0,stationery,0.2994,43.43,446.0,73.42,473.11,813.0,29.99,27.11,1.106,False,,True,S-61,10,evt_S-61_upper_body_0016,1d2938dea1632546,pose_hand_context,,35955.7,3.38,,1,cam12/e1/v1,rtmpose_baseline
corpus_03,03.CCTV Mobile Usage.mkv,632de9ed55947761d56d4c6142a3cb1a1fe69d0b1a6d0e01a2e404c697962623,dfine_sahi,56500.0,unknown_object,0.2904,112.64,303.14,207.66,393.28,8565.2,95.02,90.14,1.054,False,,True,S-61,10,evt_S-61_upper_body_0016,1d2938dea1632546,pose_hand_context,,35955.7,3.38,,1,cam12/e1/v1,rtmpose_baseline
corpus_03,03.CCTV Mobile Usage.mkv,632de9ed55947761d56d4c6142a3cb1a1fe69d0b1a6d0e01a2e404c697962623,dfine_sahi,56500.0,unknown_object,0.2739,166.85,344.52,201.04,392.91,1654.6,34.19,48.4,0.706,False,,True,S-61,10,evt_S-61_upper_body_0016,1d2938dea1632546,pose_hand_context,,35955.7,3.38,,1,cam12/e1/v1,rtmpose_baseline
corpus_03,03.CCTV Mobile Usage.mkv,632de9ed55947761d56d4c6142a3cb1a1fe69d0b1a6d0e01a2e404c697962623,dfine_sahi,56500.0,keyboard,0.9217,962.33,451.93,1068.07,491.46,4180.4,105.74,39.53,2.675,False,,True,R-desk,12,evt_S-61_upper_body_0016,ecb2b433368518e0,lap_bag_context,no_pose_observation,34560.0,1.33,,1,cam12/e1/v1,
corpus_03,03.CCTV Mobile Usage.mkv,632de9ed55947761d56d4c6142a3cb1a1fe69d0b1a6d0e01a2e404c697962623,dfine_sahi,56500.0,mouse,0.7598,864.98,413.41,891.5,435.05,573.8,26.52,21.64,1.226,False,,True,R-desk,12,evt_S-61_upper_body_0016,ecb2b433368518e0,lap_bag_context,no_pose_observation,34560.0,1.33,,1,cam12/e1/v1,
corpus_03,03.CCTV Mobile Usage.mkv,632de9ed55947761d56d4c6142a3cb1a1fe69d0b1a6d0e01a2e404c697962623,dfine_sahi,56500.0,monitor_or_bezel,0.7575,910.01,411.19,1141.07,506.35,21987.1,231.05,95.16,2.428,False,,True,R-desk,12,evt_S-61_upper_body_0016,ecb2b433368518e0,lap_bag_context,no_pose_observation,34560.0,1.33,,1,cam12/e1/v1,
corpus_03,03.CCTV Mobile Usage.mkv,632de9ed55947761d56d4c6142a3cb1a1fe69d0b1a6d0e01a2e404c697962623,dfine_sahi,56500.0,phone,0.7293,1043.42,421.8,1111.93,473.85,3566.2,68.51,52.05,1.316,False,,True,R-desk,12,evt_S-61_upper_body_0016,ecb2b433368518e0,lap_bag_context,no_pose_observation,34560.0,1.33,,1,cam12/e1/v1,
corpus_03,03.CCTV Mobile Usage.mkv,632de9ed55947761d56d4c6142a3cb1a1fe69d0b1a6d0e01a2e404c697962623,dfine_sahi,56500.0,monitor_or_bezel,0.7164,708.64,379.92,969.68,474.76,24758.9,261.05,94.84,2.752,False,,True,R-desk,12,evt_S-61_upper_body_0016,ecb2b433368518e0,lap_bag_context,no_pose_observation,34560.0,1.33,,1,cam12/e1/v1,
corpus_03,03.CCTV Mobile Usage.mkv,632de9ed55947761d56d4c6142a3cb1a1fe69d0b1a6d0e01a2e404c697962623,dfine_sahi,56500.0,keyboard,0.716,772.24,380.16,870.66,420.34,3954.7,98.42,40.18,2.449,False,,True,R-desk,12,evt_S-61_upper_body_0016,ecb2b433368518e0,lap_bag_context,no_pose_observation,34560.0,1.33,,1,cam12/e1/v1,
corpus_03,03.CCTV Mobile Usage.mkv,632de9ed55947761d56d4c6142a3cb1a1fe69d0b1a6d0e01a2e404c697962623,dfine_sahi,56500.0,unknown_object,0.7128,699.85,396.13,844.59,492.17,13901.1,144.74,96.04,1.507,False,,True,R-desk,12,evt_S-61_upper_body_0016,ecb2b433368518e0,lap_bag_context,no_pose_observation,34560.0,1.33,,1,cam12/e1/v1,
corpus_03,03.CCTV Mobile Usage.mkv,632de9ed55947761d56d4c6142a3cb1a1fe69d0b1a6d0e01a2e404c697962623,dfine_sahi,56500.0,monitor_or_bezel,0.6962,1018.8,395.66,1146.01,448.02,6661.1,127.21,52.36,2.43,False,,True,R-desk,12,evt_S-61_upper_body_0016,ecb2b433368518e0,lap_bag_context,no_pose_observation,34560.0,1.33,,1,cam12/e1/v1,
corpus_03,03.CCTV Mobile Usage.mkv,632de9ed55947761d56d4c6142a3cb1a1fe69d0b1a6d0e01a2e404c697962623,dfine_sahi,56500.0,keyboard,0.5853,963.09,452.39,1034.73,475.59,1662.1,71.64,23.2,3.088,False,,True,R-desk,12,evt_S-61_upper_body_0016,ecb2b433368518e0,lap_bag_context,no_pose_observation,34560.0,1.33,,1,cam12/e1/v1,
corpus_03,03.CCTV Mobile Usage.mkv,632de9ed55947761d56d4c6142a3cb1a1fe69d0b1a6d0e01a2e404c697962623,dfine_sahi,56500.0,keyboard,0.5358,802.59,396.29,870.71,420.51,1650.1,68.11,24.23,2.812,False,,True,R-desk,12,evt_S-61_upper_body_0016,ecb2b433368518e0,lap_bag_context,no_pose_observation,34560.0,1.33,,1,cam12/e1/v1,
corpus_03,03.CCTV Mobile Usage.mkv,632de9ed55947761d56d4c6142a3cb1a1fe69d0b1a6d0e01a2e404c697962623,dfine_sahi,56500.0,unknown_object,0.5324,699.99,380.45,762.82,475.03,5941.6,62.82,94.58,0.664,False,,True,R-desk,12,evt_S-61_upper_body_0016,ecb2b433368518e0,lap_bag_context,no_pose_observation,34560.0,1.33,,1,cam12/e1/v1,
corpus_03,03.CCTV Mobile Usage.mkv,632de9ed55947761d56d4c6142a3cb1a1fe69d0b1a6d0e01a2e404c697962623,dfine_sahi,56500.0,monitor_or_bezel,0.5043,962.13,380.52,1153.16,474.92,18032.7,191.03,94.4,2.024,False,,True,R-desk,12,evt_S-61_upper_body_0016,ecb2b433368518e0,lap_bag_context,no_pose_observation,34560.0,1.33,,1,cam12/e1/v1,
corpus_03,03.CCTV Mobile Usage.mkv,632de9ed55947761d56d4c6142a3cb1a1fe69d0b1a6d0e01a2e404c697962623,dfine_sahi,56500.0,unknown_object,0.4031,765.27,411.0,969.85,505.88,19410.6,204.59,94.88,2.156,False,,True,R-desk,12,evt_S-61_upper_body_0016,ecb2b433368518e0,lap_bag_context,no_pose_observation,34560.0,1.33,,1,cam12/e1/v1,
corpus_03,03.CCTV Mobile Usage.mkv,632de9ed55947761d56d4c6142a3cb1a1fe69d0b1a6d0e01a2e404c697962623,dfine_sahi,56500.0,mouse,0.3925,967.1,398.41,992.0,410.47,300.2,24.9,12.06,2.065,False,,True,R-desk,12,evt_S-61_upper_body_0016,ecb2b433368518e0,lap_bag_context,no_pose_observation,34560.0,1.33,,1,cam12/e1/v1,
corpus_03,03.CCTV Mobile Usage.mkv,632de9ed55947761d56d4c6142a3cb1a1fe69d0b1a6d0e01a2e404c697962623,dfine_sahi,56500.0,keyboard,0.3714,910.08,411.37,1092.4,506.14,17278.3,182.32,94.77,1.924,False,,True,R-desk,12,evt_S-61_upper_body_0016,ecb2b433368518e0,lap_bag_context,no_pose_observation,34560.0,1.33,,1,cam12/e1/v1,
corpus_03,03.CCTV Mobile Usage.mkv,632de9ed55947761d56d4c6142a3cb1a1fe69d0b1a6d0e01a2e404c697962623,dfine_sahi,56500.0,keyboard,0.3061,881.95,380.23,964.44,452.79,5985.6,82.49,72.56,1.137,False,,True,R-desk,12,evt_S-61_upper_body_0016,ecb2b433368518e0,lap_bag_context,no_pose_observation,34560.0,1.33,,1,cam12/e1/v1,
corpus_03,03.CCTV Mobile Usage.mkv,632de9ed55947761d56d4c6142a3cb1a1fe69d0b1a6d0e01a2e404c697962623,dfine_sahi,56500.0,mouse,0.2978,991.04,399.33,1027.0,413.47,508.6,35.96,14.14,2.542,False,,True,R-desk,12,evt_S-61_upper_body_0016,ecb2b433368518e0,lap_bag_context,no_pose_observation,34560.0,1.33,,1,cam12/e1/v1,
corpus_03,03.CCTV Mobile Usage.mkv,632de9ed55947761d56d4c6142a3cb1a1fe69d0b1a6d0e01a2e404c697962623,dfine_sahi,56500.0,unknown_object,0.2937,880.73,411.41,969.89,505.59,8397.0,89.16,94.18,0.947,False,,True,R-desk,12,evt_S-61_upper_body_0016,ecb2b433368518e0,lap_bag_context,no_pose_observation,34560.0,1.33,,1,cam12/e1/v1,
corpus_03,03.CCTV Mobile Usage.mkv,632de9ed55947761d56d4c6142a3cb1a1fe69d0b1a6d0e01a2e404c697962623,dfine_sahi,56500.0,monitor_or_bezel,0.2816,881.27,396.16,948.59,452.72,3807.8,67.32,56.56,1.19,False,,True,R-desk,12,evt_S-61_upper_body_0016,ecb2b433368518e0,lap_bag_context,no_pose_observation,34560.0,1.33,,1,cam12/e1/v1,
corpus_03,03.CCTV Mobile Usage.mkv,632de9ed55947761d56d4c6142a3cb1a1fe69d0b1a6d0e01a2e404c697962623,dfine_sahi,56500.0,keyboard,0.2811,964.76,388.39,1110.99,474.77,12632.4,146.23,86.39,1.693,False,,True,R-desk,12,evt_S-61_upper_body_0016,ecb2b433368518e0,lap_bag_context,no_pose_observation,34560.0,1.33,,1,cam12/e1/v1,
corpus_03,03.CCTV Mobile Usage.mkv,632de9ed55947761d56d4c6142a3cb1a1fe69d0b1a6d0e01a2e404c697962623,dfine_sahi,56500.0,phone,0.2607,1051.27,411.29,1139.47,446.98,3148.3,88.2,35.7,2.471,False,,True,R-desk,12,evt_S-61_upper_body_0016,ecb2b433368518e0,lap_bag_context,no_pose_observation,34560.0,1.33,,1,cam12/e1/v1,
corpus_03,03.CCTV Mobile Usage.mkv,632de9ed55947761d56d4c6142a3cb1a1fe69d0b1a6d0e01a2e404c697962623,dfine_sahi,56500.0,monitor_or_bezel,0.253,797.42,396.05,948.55,452.52,8534.7,151.13,56.47,2.676,False,,True,R-desk,12,evt_S-61_upper_body_0016,ecb2b433368518e0,lap_bag_context,no_pose_observation,34560.0,1.33,,1,cam12/e1/v1,
corpus_03,03.CCTV Mobile Usage.mkv,632de9ed55947761d56d4c6142a3cb1a1fe69d0b1a6d0e01a2e404c697962623,dfine_sahi,56500.0,keyboard,0.9217,962.33,451.93,1068.07,491.46,4180.4,105.74,39.53,2.675,False,,True,R-desk,11,evt_S-61_upper_body_0016,ecb2b433368518e0,lap_bag_context,no_pose_observation,34560.0,1.33,,1,cam12/e1/v1,
corpus_03,03.CCTV Mobile Usage.mkv,632de9ed55947761d56d4c6142a3cb1a1fe69d0b1a6d0e01a2e404c697962623,dfine_sahi,56500.0,mouse,0.7598,864.98,413.41,891.5,435.05,573.8,26.52,21.64,1.226,False,,True,R-desk,11,evt_S-61_upper_body_0016,ecb2b433368518e0,lap_bag_context,no_pose_observation,34560.0,1.33,,1,cam12/e1/v1,
corpus_03,03.CCTV Mobile Usage.mkv,632de9ed55947761d56d4c6142a3cb1a1fe69d0b1a6d0e01a2e404c697962623,dfine_sahi,56500.0,monitor_or_bezel,0.7575,910.01,411.19,1141.07,506.35,21987.1,231.05,95.16,2.428,False,,True,R-desk,11,evt_S-61_upper_body_0016,ecb2b433368518e0,lap_bag_context,no_pose_observation,34560.0,1.33,,1,cam12/e1/v1,
corpus_03,03.CCTV Mobile Usage.mkv,632de9ed55947761d56d4c6142a3cb1a1fe69d0b1a6d0e01a2e404c697962623,dfine_sahi,56500.0,phone,0.7293,1043.42,421.8,1111.93,473.85,3566.2,68.51,52.05,1.316,False,,True,R-desk,11,evt_S-61_upper_body_0016,ecb2b433368518e0,lap_bag_context,no_pose_observation,34560.0,1.33,,1,cam12/e1/v1,
corpus_03,03.CCTV Mobile Usage.mkv,632de9ed55947761d56d4c6142a3cb1a1fe69d0b1a6d0e01a2e404c697962623,dfine_sahi,56500.0,monitor_or_bezel,0.7164,708.64,379.92,969.68,474.76,24758.9,261.05,94.84,2.752,False,,True,R-desk,11,evt_S-61_upper_body_0016,ecb2b433368518e0,lap_bag_context,no_pose_observation,34560.0,1.33,,1,cam12/e1/v1,
corpus_03,03.CCTV Mobile Usage.mkv,632de9ed55947761d56d4c6142a3cb1a1fe69d0b1a6d0e01a2e404c697962623,dfine_sahi,56500.0,keyboard,0.716,772.24,380.16,870.66,420.34,3954.7,98.42,40.18,2.449,False,,True,R-desk,11,evt_S-61_upper_body_0016,ecb2b433368518e0,lap_bag_context,no_pose_observation,34560.0,1.33,,1,cam12/e1/v1,
corpus_03,03.CCTV Mobile Usage.mkv,632de9ed55947761d56d4c6142a3cb1a1fe69d0b1a6d0e01a2e404c697962623,dfine_sahi,56500.0,unknown_object,0.7128,699.85,396.13,844.59,492.17,13901.1,144.74,96.04,1.507,False,,True,R-desk,11,evt_S-61_upper_body_0016,ecb2b433368518e0,lap_bag_context,no_pose_observation,34560.0,1.33,,1,cam12/e1/v1,
corpus_03,03.CCTV Mobile Usage.mkv,632de9ed55947761d56d4c6142a3cb1a1fe69d0b1a6d0e01a2e404c697962623,dfine_sahi,56500.0,monitor_or_bezel,0.6962,1018.8,395.66,1146.01,448.02,6661.1,127.21,52.36,2.43,False,,True,R-desk,11,evt_S-61_upper_body_0016,ecb2b433368518e0,lap_bag_context,no_pose_observation,34560.0,1.33,,1,cam12/e1/v1,
corpus_03,03.CCTV Mobile Usage.mkv,632de9ed55947761d56d4c6142a3cb1a1fe69d0b1a6d0e01a2e404c697962623,dfine_sahi,56500.0,keyboard,0.5853,963.09,452.39,1034.73,475.59,1662.1,71.64,23.2,3.088,False,,True,R-desk,11,evt_S-61_upper_body_0016,ecb2b433368518e0,lap_bag_context,no_pose_observation,34560.0,1.33,,1,cam12/e1/v1,
corpus_03,03.CCTV Mobile Usage.mkv,632de9ed55947761d56d4c6142a3cb1a1fe69d0b1a6d0e01a2e404c697962623,dfine_sahi,56500.0,keyboard,0.5358,802.59,396.29,870.71,420.51,1650.1,68.11,24.23,2.812,False,,True,R-desk,11,evt_S-61_upper_body_0016,ecb2b433368518e0,lap_bag_context,no_pose_observation,34560.0,1.33,,1,cam12/e1/v1,
corpus_03,03.CCTV Mobile Usage.mkv,632de9ed55947761d56d4c6142a3cb1a1fe69d0b1a6d0e01a2e404c697962623,dfine_sahi,56500.0,unknown_object,0.5324,699.99,380.45,762.82,475.03,5941.6,62.82,94.58,0.664,False,,True,R-desk,11,evt_S-61_upper_body_0016,ecb2b433368518e0,lap_bag_context,no_pose_observation,34560.0,1.33,,1,cam12/e1/v1,
corpus_03,03.CCTV Mobile Usage.mkv,632de9ed55947761d56d4c6142a3cb1a1fe69d0b1a6d0e01a2e404c697962623,dfine_sahi,56500.0,monitor_or_bezel,0.5043,962.13,380.52,1153.16,474.92,18032.7,191.03,94.4,2.024,False,,True,R-desk,11,evt_S-61_upper_body_0016,ecb2b433368518e0,lap_bag_context,no_pose_observation,34560.0,1.33,,1,cam12/e1/v1,
corpus_03,03.CCTV Mobile Usage.mkv,632de9ed55947761d56d4c6142a3cb1a1fe69d0b1a6d0e01a2e404c697962623,dfine_sahi,56500.0,unknown_object,0.4031,765.27,411.0,969.85,505.88,19410.6,204.59,94.88,2.156,False,,True,R-desk,11,evt_S-61_upper_body_0016,ecb2b433368518e0,lap_bag_context,no_pose_observation,34560.0,1.33,,1,cam12/e1/v1,
corpus_03,03.CCTV Mobile Usage.mkv,632de9ed55947761d56d4c6142a3cb1a1fe69d0b1a6d0e01a2e404c697962623,dfine_sahi,56500.0,mouse,0.3925,967.1,398.41,992.0,410.47,300.2,24.9,12.06,2.065,False,,True,R-desk,11,evt_S-61_upper_body_0016,ecb2b433368518e0,lap_bag_context,no_pose_observation,34560.0,1.33,,1,cam12/e1/v1,
corpus_03,03.CCTV Mobile Usage.mkv,632de9ed55947761d56d4c6142a3cb1a1fe69d0b1a6d0e01a2e404c697962623,dfine_sahi,56500.0,keyboard,0.3714,910.08,411.37,1092.4,506.14,17278.3,182.32,94.77,1.924,False,,True,R-desk,11,evt_S-61_upper_body_0016,ecb2b433368518e0,lap_bag_context,no_pose_observation,34560.0,1.33,,1,cam12/e1/v1,
corpus_03,03.CCTV Mobile Usage.mkv,632de9ed55947761d56d4c6142a3cb1a1fe69d0b1a6d0e01a2e404c697962623,dfine_sahi,56500.0,keyboard,0.3061,881.95,380.23,964.44,452.79,5985.6,82.49,72.56,1.137,False,,True,R-desk,11,evt_S-61_upper_body_0016,ecb2b433368518e0,lap_bag_context,no_pose_observation,34560.0,1.33,,1,cam12/e1/v1,
corpus_03,03.CCTV Mobile Usage.mkv,632de9ed55947761d56d4c6142a3cb1a1fe69d0b1a6d0e01a2e404c697962623,dfine_sahi,56500.0,mouse,0.2978,991.04,399.33,1027.0,413.47,508.6,35.96,14.14,2.542,False,,True,R-desk,11,evt_S-61_upper_body_0016,ecb2b433368518e0,lap_bag_context,no_pose_observation,34560.0,1.33,,1,cam12/e1/v1,
corpus_03,03.CCTV Mobile Usage.mkv,632de9ed55947761d56d4c6142a3cb1a1fe69d0b1a6d0e01a2e404c697962623,dfine_sahi,56500.0,unknown_object,0.2937,880.73,411.41,969.89,505.59,8397.0,89.16,94.18,0.947,False,,True,R-desk,11,evt_S-61_upper_body_0016,ecb2b433368518e0,lap_bag_context,no_pose_observation,34560.0,1.33,,1,cam12/e1/v1,
corpus_03,03.CCTV Mobile Usage.mkv,632de9ed55947761d56d4c6142a3cb1a1fe69d0b1a6d0e01a2e404c697962623,dfine_sahi,56500.0,monitor_or_bezel,0.2816,881.27,396.16,948.59,452.72,3807.8,67.32,56.56,1.19,False,,True,R-desk,11,evt_S-61_upper_body_0016,ecb2b433368518e0,lap_bag_context,no_pose_observation,34560.0,1.33,,1,cam12/e1/v1,
corpus_03,03.CCTV Mobile Usage.mkv,632de9ed55947761d56d4c6142a3cb1a1fe69d0b1a6d0e01a2e404c697962623,dfine_sahi,56500.0,keyboard,0.2811,964.76,388.39,1110.99,474.77,12632.4,146.23,86.39,1.693,False,,True,R-desk,11,evt_S-61_upper_body_0016,ecb2b433368518e0,lap_bag_context,no_pose_observation,34560.0,1.33,,1,cam12/e1/v1,
corpus_03,03.CCTV Mobile Usage.mkv,632de9ed55947761d56d4c6142a3cb1a1fe69d0b1a6d0e01a2e404c697962623,dfine_sahi,56500.0,phone,0.2607,1051.27,411.29,1139.47,446.98,3148.3,88.2,35.7,2.471,False,,True,R-desk,11,evt_S-61_upper_body_0016,ecb2b433368518e0,lap_bag_context,no_pose_observation,34560.0,1.33,,1,cam12/e1/v1,
corpus_03,03.CCTV Mobile Usage.mkv,632de9ed55947761d56d4c6142a3cb1a1fe69d0b1a6d0e01a2e404c697962623,dfine_sahi,56500.0,monitor_or_bezel,0.253,797.42,396.05,948.55,452.52,8534.7,151.13,56.47,2.676,False,,True,R-desk,11,evt_S-61_upper_body_0016,ecb2b433368518e0,lap_bag_context,no_pose_observation,34560.0,1.33,,1,cam12/e1/v1,
corpus_03,03.CCTV Mobile Usage.mkv,632de9ed55947761d56d4c6142a3cb1a1fe69d0b1a6d0e01a2e404c697962623,dfine_sahi,57500.0,unknown_object,0.6519,0.18,254.29,45.42,304.22,2258.8,45.24,49.93,0.906,False,,True,S-61,10,evt_S-61_upper_body_0016,9b7c89e0f28e9540,pose_hand_context,,49554.2,2.71,,1,cam12/e1/v1,rtmpose_baseline
corpus_03,03.CCTV Mobile Usage.mkv,632de9ed55947761d56d4c6142a3cb1a1fe69d0b1a6d0e01a2e404c697962623,dfine_sahi,57500.0,unknown_object,0.4662,0.11,279.83,199.16,485.27,40893.9,199.06,205.44,0.969,False,,True,S-61,10,evt_S-61_upper_body_0016,9b7c89e0f28e9540,pose_hand_context,,49554.2,2.71,,1,cam12/e1/v1,rtmpose_baseline
corpus_03,03.CCTV Mobile Usage.mkv,632de9ed55947761d56d4c6142a3cb1a1fe69d0b1a6d0e01a2e404c697962623,dfine_sahi,57500.0,unknown_object,0.4651,-0.08,284.65,64.44,382.57,6317.9,64.52,97.92,0.659,False,,True,S-61,10,evt_S-61_upper_body_0016,9b7c89e0f28e9540,pose_hand_context,,49554.2,2.71,,1,cam12/e1/v1,rtmpose_baseline
corpus_03,03.CCTV Mobile Usage.mkv,632de9ed55947761d56d4c6142a3cb1a1fe69d0b1a6d0e01a2e404c697962623,dfine_sahi,57500.0,unknown_object,0.4225,90.94,337.1,209.04,382.65,5380.4,118.1,45.56,2.592,False,,True,S-61,10,evt_S-61_upper_body_0016,9b7c89e0f28e9540,pose_hand_context,,49554.2,2.71,,1,cam12/e1/v1,rtmpose_baseline
corpus_03,03.CCTV Mobile Usage.mkv,632de9ed55947761d56d4c6142a3cb1a1fe69d0b1a6d0e01a2e404c697962623,dfine_sahi,57500.0,unknown_object,0.4139,90.72,250.55,209.25,382.48,15637.0,118.53,131.92,0.898,False,,True,S-61,10,evt_S-61_upper_body_0016,9b7c89e0f28e9540,pose_hand_context,,49554.2,2.71,,1,cam12/e1/v1,rtmpose_baseline
corpus_03,03.CCTV Mobile Usage.mkv,632de9ed55947761d56d4c6142a3cb1a1fe69d0b1a6d0e01a2e404c697962623,dfine_sahi,57500.0,unknown_object,0.3842,56.06,353.3,117.05,468.87,7047.8,60.99,115.56,0.528,False,,True,S-61,10,evt_S-61_upper_body_0016,9b7c89e0f28e9540,pose_hand_context,,49554.2,2.71,,1,cam12/e1/v1,rtmpose_baseline
corpus_03,03.CCTV Mobile Usage.mkv,632de9ed55947761d56d4c6142a3cb1a1fe69d0b1a6d0e01a2e404c697962623,dfine_sahi,57500.0,unknown_object,0.345,90.99,381.16,194.3,485.56,10785.8,103.31,104.4,0.99,False,,True,S-61,10,evt_S-61_upper_body_0016,9b7c89e0f28e9540,pose_hand_context,,49554.2,2.71,,1,cam12/e1/v1,rtmpose_baseline
corpus_03,03.CCTV Mobile Usage.mkv,632de9ed55947761d56d4c6142a3cb1a1fe69d0b1a6d0e01a2e404c697962623,dfine_sahi,57500.0,unknown_object,0.3183,0.7,250.86,109.66,356.95,11559.2,108.96,106.08,1.027,False,,True,S-61,10,evt_S-61_upper_body_0016,9b7c89e0f28e9540,pose_hand_context,,49554.2,2.71,,1,cam12/e1/v1,rtmpose_baseline
corpus_03,03.CCTV Mobile Usage.mkv,632de9ed55947761d56d4c6142a3cb1a1fe69d0b1a6d0e01a2e404c697962623,dfine_sahi,57500.0,unknown_object,0.303,112.99,266.37,173.86,360.01,5699.6,60.87,93.63,0.65,False,,True,S-61,10,evt_S-61_upper_body_0016,9b7c89e0f28e9540,pose_hand_context,,49554.2,2.71,,1,cam12/e1/v1,rtmpose_baseline
corpus_03,03.CCTV Mobile Usage.mkv,632de9ed55947761d56d4c6142a3cb1a1fe69d0b1a6d0e01a2e404c697962623,dfine_sahi,57500.0,bag,0.2976,15.78,297.77,108.02,356.91,5455.3,92.24,59.14,1.56,False,,True,S-61,10,evt_S-61_upper_body_0016,9b7c89e0f28e9540,pose_hand_context,,49554.2,2.71,,1,cam12/e1/v1,rtmpose_baseline
corpus_03,03.CCTV Mobile Usage.mkv,632de9ed55947761d56d4c6142a3cb1a1fe69d0b1a6d0e01a2e404c697962623,dfine_sahi,57500.0,unknown_object,0.2582,166.83,290.01,209.37,382.65,3941.5,42.54,92.64,0.459,False,,True,S-61,10,evt_S-61_upper_body_0016,9b7c89e0f28e9540,pose_hand_context,,49554.2,2.71,,1,cam12/e1/v1,rtmpose_baseline
corpus_03,03.CCTV Mobile Usage.mkv,632de9ed55947761d56d4c6142a3cb1a1fe69d0b1a6d0e01a2e404c697962623,dfine_sahi,57500.0,stationery,0.2542,43.47,445.28,72.7,473.03,811.2,29.23,27.75,1.053,False,,True,S-61,10,evt_S-61_upper_body_0016,9b7c89e0f28e9540,pose_hand_context,,49554.2,2.71,,1,cam12/e1/v1,rtmpose_baseline
corpus_03,03.CCTV Mobile Usage.mkv,632de9ed55947761d56d4c6142a3cb1a1fe69d0b1a6d0e01a2e404c697962623,dfine_sahi,57500.0,keyboard,0.9137,962.32,451.93,1067.76,491.46,4168.1,105.44,39.53,2.667,False,,True,R-desk,15,evt_S-61_upper_body_0016,ee27b78399c18ce8,lap_bag_context,no_pose_observation,34560.0,1.33,,1,cam12/e1/v1,
corpus_03,03.CCTV Mobile Usage.mkv,632de9ed55947761d56d4c6142a3cb1a1fe69d0b1a6d0e01a2e404c697962623,dfine_sahi,57500.0,mouse,0.8009,865.03,413.44,891.24,434.85,561.2,26.22,21.41,1.225,False,,True,R-desk,15,evt_S-61_upper_body_0016,ee27b78399c18ce8,lap_bag_context,no_pose_observation,34560.0,1.33,,1,cam12/e1/v1,
corpus_03,03.CCTV Mobile Usage.mkv,632de9ed55947761d56d4c6142a3cb1a1fe69d0b1a6d0e01a2e404c697962623,dfine_sahi,57500.0,monitor_or_bezel,0.7654,910.03,411.18,1141.29,506.37,22012.2,231.26,95.18,2.43,False,,True,R-desk,15,evt_S-61_upper_body_0016,ee27b78399c18ce8,lap_bag_context,no_pose_observation,34560.0,1.33,,1,cam12/e1/v1,
corpus_03,03.CCTV Mobile Usage.mkv,632de9ed55947761d56d4c6142a3cb1a1fe69d0b1a6d0e01a2e404c697962623,dfine_sahi,57500.0,keyboard,0.7625,772.27,380.16,870.54,420.38,3952.1,98.27,40.22,2.443,False,,True,R-desk,15,evt_S-61_upper_body_0016,ee27b78399c18ce8,lap_bag_context,no_pose_observation,34560.0,1.33,,1,cam12/e1/v1,
corpus_03,03.CCTV Mobile Usage.mkv,632de9ed55947761d56d4c6142a3cb1a1fe69d0b1a6d0e01a2e404c697962623,dfine_sahi,57500.0,unknown_object,0.7381,699.86,396.09,844.27,492.0,13849.5,144.41,95.9,1.506,False,,True,R-desk,15,evt_S-61_upper_body_0016,ee27b78399c18ce8,lap_bag_context,no_pose_observation,34560.0,1.33,,1,cam12/e1/v1,
corpus_03,03.CCTV Mobile Usage.mkv,632de9ed55947761d56d4c6142a3cb1a1fe69d0b1a6d0e01a2e404c697962623,dfine_sahi,57500.0,monitor_or_bezel,0.7309,1018.86,395.71,1145.9,447.81,6619.2,127.04,52.1,2.438,False,,True,R-desk,15,evt_S-61_upper_body_0016,ee27b78399c18ce8,lap_bag_context,no_pose_observation,34560.0,1.33,,1,cam12/e1/v1,
corpus_03,03.CCTV Mobile Usage.mkv,632de9ed55947761d56d4c6142a3cb1a1fe69d0b1a6d0e01a2e404c697962623,dfine_sahi,57500.0,monitor_or_bezel,0.6188,963.02,380.48,1152.77,474.96,17929.4,189.76,94.49,2.008,False,,True,R-desk,15,evt_S-61_upper_body_0016,ee27b78399c18ce8,lap_bag_context,no_pose_observation,34560.0,1.33,,1,cam12/e1/v1,
corpus_03,03.CCTV Mobile Usage.mkv,632de9ed55947761d56d4c6142a3cb1a1fe69d0b1a6d0e01a2e404c697962623,dfine_sahi,57500.0,phone,0.6181,1043.74,422.04,1111.85,473.38,3496.2,68.11,51.33,1.327,False,,True,R-desk,15,evt_S-61_upper_body_0016,ee27b78399c18ce8,lap_bag_context,no_pose_observation,34560.0,1.33,,1,cam12/e1/v1,
corpus_03,03.CCTV Mobile Usage.mkv,632de9ed55947761d56d4c6142a3cb1a1fe69d0b1a6d0e01a2e404c697962623,dfine_sahi,57500.0,keyboard,0.5863,963.02,452.38,1034.74,475.6,1665.0,71.72,23.22,3.089,False,,True,R-desk,15,evt_S-61_upper_body_0016,ee27b78399c18ce8,lap_bag_context,no_pose_observation,34560.0,1.33,,1,cam12/e1/v1,
corpus_03,03.CCTV Mobile Usage.mkv,632de9ed55947761d56d4c6142a3cb1a1fe69d0b1a6d0e01a2e404c697962623,dfine_sahi,57500.0,monitor_or_bezel,0.5846,708.73,379.85,969.55,474.83,24769.8,260.81,94.97,2.746,False,,True,R-desk,15,evt_S-61_upper_body_0016,ee27b78399c18ce8,lap_bag_context,no_pose_observation,34560.0,1.33,,1,cam12/e1/v1,
corpus_03,03.CCTV Mobile Usage.mkv,632de9ed55947761d56d4c6142a3cb1a1fe69d0b1a6d0e01a2e404c697962623,dfine_sahi,57500.0,unknown_object,0.559,699.99,380.52,762.7,475.0,5924.8,62.71,94.48,0.664,False,,True,R-desk,15,evt_S-61_upper_body_0016,ee27b78399c18ce8,lap_bag_context,no_pose_observation,34560.0,1.33,,1,cam12/e1/v1,
corpus_03,03.CCTV Mobile Usage.mkv,632de9ed55947761d56d4c6142a3cb1a1fe69d0b1a6d0e01a2e404c697962623,dfine_sahi,57500.0,keyboard,0.5529,802.98,396.29,870.5,420.47,1633.0,67.53,24.18,2.792,False,,True,R-desk,15,evt_S-61_upper_body_0016,ee27b78399c18ce8,lap_bag_context,no_pose_observation,34560.0,1.33,,1,cam12/e1/v1,
corpus_03,03.CCTV Mobile Usage.mkv,632de9ed55947761d56d4c6142a3cb1a1fe69d0b1a6d0e01a2e404c697962623,dfine_sahi,57500.0,unknown_object,0.4121,758.83,410.98,969.85,506.03,20057.5,211.02,95.05,2.22,False,,True,R-desk,15,evt_S-61_upper_body_0016,ee27b78399c18ce8,lap_bag_context,no_pose_observation,34560.0,1.33,,1,cam12/e1/v1,
corpus_03,03.CCTV Mobile Usage.mkv,632de9ed55947761d56d4c6142a3cb1a1fe69d0b1a6d0e01a2e404c697962623,dfine_sahi,57500.0,mouse,0.4084,967.08,398.36,992.12,410.45,302.9,25.04,12.1,2.07,False,,True,R-desk,15,evt_S-61_upper_body_0016,ee27b78399c18ce8,lap_bag_context,no_pose_observation,34560.0,1.33,,1,cam12/e1/v1,
corpus_03,03.CCTV Mobile Usage.mkv,632de9ed55947761d56d4c6142a3cb1a1fe69d0b1a6d0e01a2e404c697962623,dfine_sahi,57500.0,keyboard,0.3859,910.06,411.26,1092.57,506.14,17316.6,182.5,94.88,1.923,False,,True,R-desk,15,evt_S-61_upper_body_0016,ee27b78399c18ce8,lap_bag_context,no_pose_observation,34560.0,1.33,,1,cam12/e1/v1,
corpus_03,03.CCTV Mobile Usage.mkv,632de9ed55947761d56d4c6142a3cb1a1fe69d0b1a6d0e01a2e404c697962623,dfine_sahi,57500.0,mouse,0.3317,991.74,400.33,1028.08,413.49,478.5,36.34,13.17,2.761,False,,True,R-desk,15,evt_S-61_upper_body_0016,ee27b78399c18ce8,lap_bag_context,no_pose_observation,34560.0,1.33,,1,cam12/e1/v1,
corpus_03,03.CCTV Mobile Usage.mkv,632de9ed55947761d56d4c6142a3cb1a1fe69d0b1a6d0e01a2e404c697962623,dfine_sahi,57500.0,keyboard,0.3131,881.98,380.19,966.14,452.98,6124.9,84.15,72.78,1.156,False,,True,R-desk,15,evt_S-61_upper_body_0016,ee27b78399c18ce8,lap_bag_context,no_pose_observation,34560.0,1.33,,1,cam12/e1/v1,
corpus_03,03.CCTV Mobile Usage.mkv,632de9ed55947761d56d4c6142a3cb1a1fe69d0b1a6d0e01a2e404c697962623,dfine_sahi,57500.0,monitor_or_bezel,0.2993,881.28,396.18,948.6,452.73,3807.2,67.32,56.55,1.19,False,,True,R-desk,15,evt_S-61_upper_body_0016,ee27b78399c18ce8,lap_bag_context,no_pose_observation,34560.0,1.33,,1,cam12/e1/v1,
corpus_03,03.CCTV Mobile Usage.mkv,632de9ed55947761d56d4c6142a3cb1a1fe69d0b1a6d0e01a2e404c697962623,dfine_sahi,57500.0,unknown_object,0.2864,880.03,411.42,969.89,505.63,8465.7,89.86,94.21,0.954,False,,True,R-desk,15,evt_S-61_upper_body_0016,ee27b78399c18ce8,lap_bag_context,no_pose_observation,34560.0,1.33,,1,cam12/e1/v1,
corpus_03,03.CCTV Mobile Usage.mkv,632de9ed55947761d56d4c6142a3cb1a1fe69d0b1a6d0e01a2e404c697962623,dfine_sahi,57500.0,keyboard,0.2737,965.5,394.63,1110.84,474.8,11650.8,145.34,80.16,1.813,False,,True,R-desk,15,evt_S-61_upper_body_0016,ee27b78399c18ce8,lap_bag_context,no_pose_observation,34560.0,1.33,,1,cam12/e1/v1,
corpus_03,03.CCTV Mobile Usage.mkv,632de9ed55947761d56d4c6142a3cb1a1fe69d0b1a6d0e01a2e404c697962623,dfine_sahi,57500.0,keyboard,0.9137,962.32,451.93,1067.76,491.46,4168.1,105.44,39.53,2.667,False,,True,R-desk,12,evt_S-61_upper_body_0016,ee27b78399c18ce8,lap_bag_context,no_pose_observation,34560.0,1.33,,1,cam12/e1/v1,
corpus_03,03.CCTV Mobile Usage.mkv,632de9ed55947761d56d4c6142a3cb1a1fe69d0b1a6d0e01a2e404c697962623,dfine_sahi,57500.0,mouse,0.8009,865.03,413.44,891.24,434.85,561.2,26.22,21.41,1.225,False,,True,R-desk,12,evt_S-61_upper_body_0016,ee27b78399c18ce8,lap_bag_context,no_pose_observation,34560.0,1.33,,1,cam12/e1/v1,
corpus_03,03.CCTV Mobile Usage.mkv,632de9ed55947761d56d4c6142a3cb1a1fe69d0b1a6d0e01a2e404c697962623,dfine_sahi,57500.0,monitor_or_bezel,0.7654,910.03,411.18,1141.29,506.37,22012.2,231.26,95.18,2.43,False,,True,R-desk,12,evt_S-61_upper_body_0016,ee27b78399c18ce8,lap_bag_context,no_pose_observation,34560.0,1.33,,1,cam12/e1/v1,
corpus_03,03.CCTV Mobile Usage.mkv,632de9ed55947761d56d4c6142a3cb1a1fe69d0b1a6d0e01a2e404c697962623,dfine_sahi,57500.0,keyboard,0.7625,772.27,380.16,870.54,420.38,3952.1,98.27,40.22,2.443,False,,True,R-desk,12,evt_S-61_upper_body_0016,ee27b78399c18ce8,lap_bag_context,no_pose_observation,34560.0,1.33,,1,cam12/e1/v1,
corpus_03,03.CCTV Mobile Usage.mkv,632de9ed55947761d56d4c6142a3cb1a1fe69d0b1a6d0e01a2e404c697962623,dfine_sahi,57500.0,unknown_object,0.7381,699.86,396.09,844.27,492.0,13849.5,144.41,95.9,1.506,False,,True,R-desk,12,evt_S-61_upper_body_0016,ee27b78399c18ce8,lap_bag_context,no_pose_observation,34560.0,1.33,,1,cam12/e1/v1,
corpus_03,03.CCTV Mobile Usage.mkv,632de9ed55947761d56d4c6142a3cb1a1fe69d0b1a6d0e01a2e404c697962623,dfine_sahi,57500.0,monitor_or_bezel,0.7309,1018.86,395.71,1145.9,447.81,6619.2,127.04,52.1,2.438,False,,True,R-desk,12,evt_S-61_upper_body_0016,ee27b78399c18ce8,lap_bag_context,no_pose_observation,34560.0,1.33,,1,cam12/e1/v1,
corpus_03,03.CCTV Mobile Usage.mkv,632de9ed55947761d56d4c6142a3cb1a1fe69d0b1a6d0e01a2e404c697962623,dfine_sahi,57500.0,monitor_or_bezel,0.6188,963.02,380.48,1152.77,474.96,17929.4,189.76,94.49,2.008,False,,True,R-desk,12,evt_S-61_upper_body_0016,ee27b78399c18ce8,lap_bag_context,no_pose_observation,34560.0,1.33,,1,cam12/e1/v1,
corpus_03,03.CCTV Mobile Usage.mkv,632de9ed55947761d56d4c6142a3cb1a1fe69d0b1a6d0e01a2e404c697962623,dfine_sahi,57500.0,phone,0.6181,1043.74,422.04,1111.85,473.38,3496.2,68.11,51.33,1.327,False,,True,R-desk,12,evt_S-61_upper_body_0016,ee27b78399c18ce8,lap_bag_context,no_pose_observation,34560.0,1.33,,1,cam12/e1/v1,
corpus_03,03.CCTV Mobile Usage.mkv,632de9ed55947761d56d4c6142a3cb1a1fe69d0b1a6d0e01a2e404c697962623,dfine_sahi,57500.0,keyboard,0.5863,963.02,452.38,1034.74,475.6,1665.0,71.72,23.22,3.089,False,,True,R-desk,12,evt_S-61_upper_body_0016,ee27b78399c18ce8,lap_bag_context,no_pose_observation,34560.0,1.33,,1,cam12/e1/v1,
corpus_03,03.CCTV Mobile Usage.mkv,632de9ed55947761d56d4c6142a3cb1a1fe69d0b1a6d0e01a2e404c697962623,dfine_sahi,57500.0,monitor_or_bezel,0.5846,708.73,379.85,969.55,474.83,24769.8,260.81,94.97,2.746,False,,True,R-desk,12,evt_S-61_upper_body_0016,ee27b78399c18ce8,lap_bag_context,no_pose_observation,34560.0,1.33,,1,cam12/e1/v1,
corpus_03,03.CCTV Mobile Usage.mkv,632de9ed55947761d56d4c6142a3cb1a1fe69d0b1a6d0e01a2e404c697962623,dfine_sahi,57500.0,unknown_object,0.559,699.99,380.52,762.7,475.0,5924.8,62.71,94.48,0.664,False,,True,R-desk,12,evt_S-61_upper_body_0016,ee27b78399c18ce8,lap_bag_context,no_pose_observation,34560.0,1.33,,1,cam12/e1/v1,
corpus_03,03.CCTV Mobile Usage.mkv,632de9ed55947761d56d4c6142a3cb1a1fe69d0b1a6d0e01a2e404c697962623,dfine_sahi,57500.0,keyboard,0.5529,802.98,396.29,870.5,420.47,1633.0,67.53,24.18,2.792,False,,True,R-desk,12,evt_S-61_upper_body_0016,ee27b78399c18ce8,lap_bag_context,no_pose_observation,34560.0,1.33,,1,cam12/e1/v1,
corpus_03,03.CCTV Mobile Usage.mkv,632de9ed55947761d56d4c6142a3cb1a1fe69d0b1a6d0e01a2e404c697962623,dfine_sahi,57500.0,unknown_object,0.4121,758.83,410.98,969.85,506.03,20057.5,211.02,95.05,2.22,False,,True,R-desk,12,evt_S-61_upper_body_0016,ee27b78399c18ce8,lap_bag_context,no_pose_observation,34560.0,1.33,,1,cam12/e1/v1,
corpus_03,03.CCTV Mobile Usage.mkv,632de9ed55947761d56d4c6142a3cb1a1fe69d0b1a6d0e01a2e404c697962623,dfine_sahi,57500.0,mouse,0.4084,967.08,398.36,992.12,410.45,302.9,25.04,12.1,2.07,False,,True,R-desk,12,evt_S-61_upper_body_0016,ee27b78399c18ce8,lap_bag_context,no_pose_observation,34560.0,1.33,,1,cam12/e1/v1,
corpus_03,03.CCTV Mobile Usage.mkv,632de9ed55947761d56d4c6142a3cb1a1fe69d0b1a6d0e01a2e404c697962623,dfine_sahi,57500.0,keyboard,0.3859,910.06,411.26,1092.57,506.14,17316.6,182.5,94.88,1.923,False,,True,R-desk,12,evt_S-61_upper_body_0016,ee27b78399c18ce8,lap_bag_context,no_pose_observation,34560.0,1.33,,1,cam12/e1/v1,
corpus_03,03.CCTV Mobile Usage.mkv,632de9ed55947761d56d4c6142a3cb1a1fe69d0b1a6d0e01a2e404c697962623,dfine_sahi,57500.0,mouse,0.3317,991.74,400.33,1028.08,413.49,478.5,36.34,13.17,2.761,False,,True,R-desk,12,evt_S-61_upper_body_0016,ee27b78399c18ce8,lap_bag_context,no_pose_observation,34560.0,1.33,,1,cam12/e1/v1,
corpus_03,03.CCTV Mobile Usage.mkv,632de9ed55947761d56d4c6142a3cb1a1fe69d0b1a6d0e01a2e404c697962623,dfine_sahi,57500.0,keyboard,0.3131,881.98,380.19,966.14,452.98,6124.9,84.15,72.78,1.156,False,,True,R-desk,12,evt_S-61_upper_body_0016,ee27b78399c18ce8,lap_bag_context,no_pose_observation,34560.0,1.33,,1,cam12/e1/v1,
corpus_03,03.CCTV Mobile Usage.mkv,632de9ed55947761d56d4c6142a3cb1a1fe69d0b1a6d0e01a2e404c697962623,dfine_sahi,57500.0,monitor_or_bezel,0.2993,881.28,396.18,948.6,452.73,3807.2,67.32,56.55,1.19,False,,True,R-desk,12,evt_S-61_upper_body_0016,ee27b78399c18ce8,lap_bag_context,no_pose_observation,34560.0,1.33,,1,cam12/e1/v1,
corpus_03,03.CCTV Mobile Usage.mkv,632de9ed55947761d56d4c6142a3cb1a1fe69d0b1a6d0e01a2e404c697962623,dfine_sahi,57500.0,unknown_object,0.2864,880.03,411.42,969.89,505.63,8465.7,89.86,94.21,0.954,False,,True,R-desk,12,evt_S-61_upper_body_0016,ee27b78399c18ce8,lap_bag_context,no_pose_observation,34560.0,1.33,,1,cam12/e1/v1,
corpus_03,03.CCTV Mobile Usage.mkv,632de9ed55947761d56d4c6142a3cb1a1fe69d0b1a6d0e01a2e404c697962623,dfine_sahi,57500.0,keyboard,0.2737,965.5,394.63,1110.84,474.8,11650.8,145.34,80.16,1.813,False,,True,R-desk,12,evt_S-61_upper_body_0016,ee27b78399c18ce8,lap_bag_context,no_pose_observation,34560.0,1.33,,1,cam12/e1/v1,
corpus_03,03.CCTV Mobile Usage.mkv,632de9ed55947761d56d4c6142a3cb1a1fe69d0b1a6d0e01a2e404c697962623,dfine_sahi,57500.0,keyboard,0.9137,962.32,451.93,1067.76,491.46,4168.1,105.44,39.53,2.667,False,,True,R-desk,11,evt_S-61_upper_body_0016,ee27b78399c18ce8,lap_bag_context,no_pose_observation,34560.0,1.33,,1,cam12/e1/v1,
corpus_03,03.CCTV Mobile Usage.mkv,632de9ed55947761d56d4c6142a3cb1a1fe69d0b1a6d0e01a2e404c697962623,dfine_sahi,57500.0,mouse,0.8009,865.03,413.44,891.24,434.85,561.2,26.22,21.41,1.225,False,,True,R-desk,11,evt_S-61_upper_body_0016,ee27b78399c18ce8,lap_bag_context,no_pose_observation,34560.0,1.33,,1,cam12/e1/v1,
corpus_03,03.CCTV Mobile Usage.mkv,632de9ed55947761d56d4c6142a3cb1a1fe69d0b1a6d0e01a2e404c697962623,dfine_sahi,57500.0,monitor_or_bezel,0.7654,910.03,411.18,1141.29,506.37,22012.2,231.26,95.18,2.43,False,,True,R-desk,11,evt_S-61_upper_body_0016,ee27b78399c18ce8,lap_bag_context,no_pose_observation,34560.0,1.33,,1,cam12/e1/v1,
corpus_03,03.CCTV Mobile Usage.mkv,632de9ed55947761d56d4c6142a3cb1a1fe69d0b1a6d0e01a2e404c697962623,dfine_sahi,57500.0,keyboard,0.7625,772.27,380.16,870.54,420.38,3952.1,98.27,40.22,2.443,False,,True,R-desk,11,evt_S-61_upper_body_0016,ee27b78399c18ce8,lap_bag_context,no_pose_observation,34560.0,1.33,,1,cam12/e1/v1,
corpus_03,03.CCTV Mobile Usage.mkv,632de9ed55947761d56d4c6142a3cb1a1fe69d0b1a6d0e01a2e404c697962623,dfine_sahi,57500.0,unknown_object,0.7381,699.86,396.09,844.27,492.0,13849.5,144.41,95.9,1.506,False,,True,R-desk,11,evt_S-61_upper_body_0016,ee27b78399c18ce8,lap_bag_context,no_pose_observation,34560.0,1.33,,1,cam12/e1/v1,
corpus_03,03.CCTV Mobile Usage.mkv,632de9ed55947761d56d4c6142a3cb1a1fe69d0b1a6d0e01a2e404c697962623,dfine_sahi,57500.0,monitor_or_bezel,0.7309,1018.86,395.71,1145.9,447.81,6619.2,127.04,52.1,2.438,False,,True,R-desk,11,evt_S-61_upper_body_0016,ee27b78399c18ce8,lap_bag_context,no_pose_observation,34560.0,1.33,,1,cam12/e1/v1,
corpus_03,03.CCTV Mobile Usage.mkv,632de9ed55947761d56d4c6142a3cb1a1fe69d0b1a6d0e01a2e404c697962623,dfine_sahi,57500.0,monitor_or_bezel,0.6188,963.02,380.48,1152.77,474.96,17929.4,189.76,94.49,2.008,False,,True,R-desk,11,evt_S-61_upper_body_0016,ee27b78399c18ce8,lap_bag_context,no_pose_observation,34560.0,1.33,,1,cam12/e1/v1,
corpus_03,03.CCTV Mobile Usage.mkv,632de9ed55947761d56d4c6142a3cb1a1fe69d0b1a6d0e01a2e404c697962623,dfine_sahi,57500.0,phone,0.6181,1043.74,422.04,1111.85,473.38,3496.2,68.11,51.33,1.327,False,,True,R-desk,11,evt_S-61_upper_body_0016,ee27b78399c18ce8,lap_bag_context,no_pose_observation,34560.0,1.33,,1,cam12/e1/v1,
corpus_03,03.CCTV Mobile Usage.mkv,632de9ed55947761d56d4c6142a3cb1a1fe69d0b1a6d0e01a2e404c697962623,dfine_sahi,57500.0,keyboard,0.5863,963.02,452.38,1034.74,475.6,1665.0,71.72,23.22,3.089,False,,True,R-desk,11,evt_S-61_upper_body_0016,ee27b78399c18ce8,lap_bag_context,no_pose_observation,34560.0,1.33,,1,cam12/e1/v1,
corpus_03,03.CCTV Mobile Usage.mkv,632de9ed55947761d56d4c6142a3cb1a1fe69d0b1a6d0e01a2e404c697962623,dfine_sahi,57500.0,monitor_or_bezel,0.5846,708.73,379.85,969.55,474.83,24769.8,260.81,94.97,2.746,False,,True,R-desk,11,evt_S-61_upper_body_0016,ee27b78399c18ce8,lap_bag_context,no_pose_observation,34560.0,1.33,,1,cam12/e1/v1,
corpus_03,03.CCTV Mobile Usage.mkv,632de9ed55947761d56d4c6142a3cb1a1fe69d0b1a6d0e01a2e404c697962623,dfine_sahi,57500.0,unknown_object,0.559,699.99,380.52,762.7,475.0,5924.8,62.71,94.48,0.664,False,,True,R-desk,11,evt_S-61_upper_body_0016,ee27b78399c18ce8,lap_bag_context,no_pose_observation,34560.0,1.33,,1,cam12/e1/v1,
corpus_03,03.CCTV Mobile Usage.mkv,632de9ed55947761d56d4c6142a3cb1a1fe69d0b1a6d0e01a2e404c697962623,dfine_sahi,57500.0,keyboard,0.5529,802.98,396.29,870.5,420.47,1633.0,67.53,24.18,2.792,False,,True,R-desk,11,evt_S-61_upper_body_0016,ee27b78399c18ce8,lap_bag_context,no_pose_observation,34560.0,1.33,,1,cam12/e1/v1,
corpus_03,03.CCTV Mobile Usage.mkv,632de9ed55947761d56d4c6142a3cb1a1fe69d0b1a6d0e01a2e404c697962623,dfine_sahi,57500.0,unknown_object,0.4121,758.83,410.98,969.85,506.03,20057.5,211.02,95.05,2.22,False,,True,R-desk,11,evt_S-61_upper_body_0016,ee27b78399c18ce8,lap_bag_context,no_pose_observation,34560.0,1.33,,1,cam12/e1/v1,
corpus_03,03.CCTV Mobile Usage.mkv,632de9ed55947761d56d4c6142a3cb1a1fe69d0b1a6d0e01a2e404c697962623,dfine_sahi,57500.0,mouse,0.4084,967.08,398.36,992.12,410.45,302.9,25.04,12.1,2.07,False,,True,R-desk,11,evt_S-61_upper_body_0016,ee27b78399c18ce8,lap_bag_context,no_pose_observation,34560.0,1.33,,1,cam12/e1/v1,
corpus_03,03.CCTV Mobile Usage.mkv,632de9ed55947761d56d4c6142a3cb1a1fe69d0b1a6d0e01a2e404c697962623,dfine_sahi,57500.0,keyboard,0.3859,910.06,411.26,1092.57,506.14,17316.6,182.5,94.88,1.923,False,,True,R-desk,11,evt_S-61_upper_body_0016,ee27b78399c18ce8,lap_bag_context,no_pose_observation,34560.0,1.33,,1,cam12/e1/v1,
corpus_03,03.CCTV Mobile Usage.mkv,632de9ed55947761d56d4c6142a3cb1a1fe69d0b1a6d0e01a2e404c697962623,dfine_sahi,57500.0,mouse,0.3317,991.74,400.33,1028.08,413.49,478.5,36.34,13.17,2.761,False,,True,R-desk,11,evt_S-61_upper_body_0016,ee27b78399c18ce8,lap_bag_context,no_pose_observation,34560.0,1.33,,1,cam12/e1/v1,
corpus_03,03.CCTV Mobile Usage.mkv,632de9ed55947761d56d4c6142a3cb1a1fe69d0b1a6d0e01a2e404c697962623,dfine_sahi,57500.0,keyboard,0.3131,881.98,380.19,966.14,452.98,6124.9,84.15,72.78,1.156,False,,True,R-desk,11,evt_S-61_upper_body_0016,ee27b78399c18ce8,lap_bag_context,no_pose_observation,34560.0,1.33,,1,cam12/e1/v1,
corpus_03,03.CCTV Mobile Usage.mkv,632de9ed55947761d56d4c6142a3cb1a1fe69d0b1a6d0e01a2e404c697962623,dfine_sahi,57500.0,monitor_or_bezel,0.2993,881.28,396.18,948.6,452.73,3807.2,67.32,56.55,1.19,False,,True,R-desk,11,evt_S-61_upper_body_0016,ee27b78399c18ce8,lap_bag_context,no_pose_observation,34560.0,1.33,,1,cam12/e1/v1,
corpus_03,03.CCTV Mobile Usage.mkv,632de9ed55947761d56d4c6142a3cb1a1fe69d0b1a6d0e01a2e404c697962623,dfine_sahi,57500.0,unknown_object,0.2864,880.03,411.42,969.89,505.63,8465.7,89.86,94.21,0.954,False,,True,R-desk,11,evt_S-61_upper_body_0016,ee27b78399c18ce8,lap_bag_context,no_pose_observation,34560.0,1.33,,1,cam12/e1/v1,
corpus_03,03.CCTV Mobile Usage.mkv,632de9ed55947761d56d4c6142a3cb1a1fe69d0b1a6d0e01a2e404c697962623,dfine_sahi,57500.0,keyboard,0.2737,965.5,394.63,1110.84,474.8,11650.8,145.34,80.16,1.813,False,,True,R-desk,11,evt_S-61_upper_body_0016,ee27b78399c18ce8,lap_bag_context,no_pose_observation,34560.0,1.33,,1,cam12/e1/v1,
corpus_03,03.CCTV Mobile Usage.mkv,632de9ed55947761d56d4c6142a3cb1a1fe69d0b1a6d0e01a2e404c697962623,dfine_sahi,80100.0,unknown_object,0.6597,117.98,455.01,177.11,522.24,3975.3,59.12,67.24,0.879,False,,True,S-61,16,evt_S-61_desk_work_surface_0003,349c527ccc29dabd,pose_hand_context,,48197.8,2.92,,1,cam12/e1/v1,rtmpose_baseline
corpus_03,03.CCTV Mobile Usage.mkv,632de9ed55947761d56d4c6142a3cb1a1fe69d0b1a6d0e01a2e404c697962623,dfine_sahi,80100.0,unknown_object,0.5878,118.05,453.71,272.04,663.79,32351.2,153.99,210.09,0.733,False,,True,S-61,16,evt_S-61_desk_work_surface_0003,349c527ccc29dabd,pose_hand_context,,48197.8,2.92,,1,cam12/e1/v1,rtmpose_baseline
corpus_03,03.CCTV Mobile Usage.mkv,632de9ed55947761d56d4c6142a3cb1a1fe69d0b1a6d0e01a2e404c697962623,dfine_sahi,80100.0,unknown_object,0.4085,213.97,447.15,337.97,545.05,12138.6,124.0,97.89,1.267,False,,True,S-61,16,evt_S-61_desk_work_surface_0003,349c527ccc29dabd,pose_hand_context,,48197.8,2.92,,1,cam12/e1/v1,rtmpose_baseline
corpus_03,03.CCTV Mobile Usage.mkv,632de9ed55947761d56d4c6142a3cb1a1fe69d0b1a6d0e01a2e404c697962623,dfine_sahi,80100.0,unknown_object,0.359,142.86,602.32,161.27,618.12,290.9,18.41,15.8,1.165,False,,True,S-61,16,evt_S-61_desk_work_surface_0003,349c527ccc29dabd,pose_hand_context,,48197.8,2.92,,1,cam12/e1/v1,rtmpose_baseline
corpus_03,03.CCTV Mobile Usage.mkv,632de9ed55947761d56d4c6142a3cb1a1fe69d0b1a6d0e01a2e404c697962623,dfine_sahi,80100.0,stationery,0.2846,117.95,454.89,203.07,545.22,7689.2,85.13,90.33,0.942,False,,True,S-61,16,evt_S-61_desk_work_surface_0003,349c527ccc29dabd,pose_hand_context,,48197.8,2.92,,1,cam12/e1/v1,rtmpose_baseline
corpus_03,03.CCTV Mobile Usage.mkv,632de9ed55947761d56d4c6142a3cb1a1fe69d0b1a6d0e01a2e404c697962623,dfine_sahi,80100.0,unknown_object,0.2785,117.92,588.44,270.51,664.4,11591.2,152.59,75.96,2.009,False,,True,S-61,16,evt_S-61_desk_work_surface_0003,349c527ccc29dabd,pose_hand_context,,48197.8,2.92,,1,cam12/e1/v1,rtmpose_baseline
corpus_03,03.CCTV Mobile Usage.mkv,632de9ed55947761d56d4c6142a3cb1a1fe69d0b1a6d0e01a2e404c697962623,dfine_sahi,80100.0,keyboard,0.2617,214.06,555.25,337.93,664.91,13584.0,123.87,109.67,1.129,False,,True,S-61,16,evt_S-61_desk_work_surface_0003,349c527ccc29dabd,pose_hand_context,,48197.8,2.92,,1,cam12/e1/v1,rtmpose_baseline
corpus_03,03.CCTV Mobile Usage.mkv,632de9ed55947761d56d4c6142a3cb1a1fe69d0b1a6d0e01a2e404c697962623,dfine_sahi,81100.0,unknown_object,0.6411,111.76,454.78,178.09,522.02,4459.0,66.32,67.23,0.986,False,,True,S-61,16,evt_S-61_desk_work_surface_0003,d85e3150d3c5eba9,pose_hand_context,,62064.0,2.36,,1,cam12/e1/v1,rtmpose_baseline
corpus_03,03.CCTV Mobile Usage.mkv,632de9ed55947761d56d4c6142a3cb1a1fe69d0b1a6d0e01a2e404c697962623,dfine_sahi,81100.0,unknown_object,0.5457,0.13,303.19,129.06,454.45,19502.8,128.93,151.26,0.852,False,,True,S-61,16,evt_S-61_desk_work_surface_0003,d85e3150d3c5eba9,pose_hand_context,,62064.0,2.36,,1,cam12/e1/v1,rtmpose_baseline
corpus_03,03.CCTV Mobile Usage.mkv,632de9ed55947761d56d4c6142a3cb1a1fe69d0b1a6d0e01a2e404c697962623,dfine_sahi,81100.0,unknown_object,0.5281,2.77,421.07,129.01,506.91,10837.2,126.25,85.84,1.471,False,,True,S-61,16,evt_S-61_desk_work_surface_0003,d85e3150d3c5eba9,pose_hand_context,,62064.0,2.36,,1,cam12/e1/v1,rtmpose_baseline
corpus_03,03.CCTV Mobile Usage.mkv,632de9ed55947761d56d4c6142a3cb1a1fe69d0b1a6d0e01a2e404c697962623,dfine_sahi,81100.0,unknown_object,0.5193,16.2,303.22,109.55,384.69,7605.5,93.35,81.47,1.146,False,,True,S-61,16,evt_S-61_desk_work_surface_0003,d85e3150d3c5eba9,pose_hand_context,,62064.0,2.36,,1,cam12/e1/v1,rtmpose_baseline
corpus_03,03.CCTV Mobile Usage.mkv,632de9ed55947761d56d4c6142a3cb1a1fe69d0b1a6d0e01a2e404c697962623,dfine_sahi,81100.0,phone,0.4824,184.17,490.89,218.65,522.3,1083.2,34.48,31.42,1.098,False,,True,S-61,16,evt_S-61_desk_work_surface_0003,d85e3150d3c5eba9,pose_hand_context,,62064.0,2.36,,1,cam12/e1/v1,rtmpose_baseline
corpus_03,03.CCTV Mobile Usage.mkv,632de9ed55947761d56d4c6142a3cb1a1fe69d0b1a6d0e01a2e404c697962623,dfine_sahi,81100.0,monitor_or_bezel,0.341,-0.11,494.62,202.94,572.63,15839.9,203.05,78.01,2.603,False,,True,S-61,16,evt_S-61_desk_work_surface_0003,d85e3150d3c5eba9,pose_hand_context,,62064.0,2.36,,1,cam12/e1/v1,rtmpose_baseline
corpus_03,03.CCTV Mobile Usage.mkv,632de9ed55947761d56d4c6142a3cb1a1fe69d0b1a6d0e01a2e404c697962623,dfine_sahi,81100.0,unknown_object,0.3085,198.03,506.16,228.95,557.21,1578.7,30.92,51.05,0.606,False,,True,S-61,16,evt_S-61_desk_work_surface_0003,d85e3150d3c5eba9,pose_hand_context,,62064.0,2.36,,1,cam12/e1/v1,rtmpose_baseline
corpus_03,03.CCTV Mobile Usage.mkv,632de9ed55947761d56d4c6142a3cb1a1fe69d0b1a6d0e01a2e404c697962623,dfine_sahi,81100.0,unknown_object,0.308,38.27,421.08,128.95,474.22,4819.1,90.69,53.14,1.707,False,,True,S-61,16,evt_S-61_desk_work_surface_0003,d85e3150d3c5eba9,pose_hand_context,,62064.0,2.36,,1,cam12/e1/v1,rtmpose_baseline
corpus_03,03.CCTV Mobile Usage.mkv,632de9ed55947761d56d4c6142a3cb1a1fe69d0b1a6d0e01a2e404c697962623,dfine_sahi,81100.0,stationery,0.2996,47.38,509.53,84.81,554.95,1700.1,37.43,45.43,0.824,False,,True,S-61,16,evt_S-61_desk_work_surface_0003,d85e3150d3c5eba9,pose_hand_context,,62064.0,2.36,,1,cam12/e1/v1,rtmpose_baseline
corpus_03,03.CCTV Mobile Usage.mkv,632de9ed55947761d56d4c6142a3cb1a1fe69d0b1a6d0e01a2e404c697962623,dfine_sahi,81100.0,unknown_object,0.2971,-0.17,303.08,228.68,571.99,61537.1,228.84,268.9,0.851,False,,True,S-61,16,evt_S-61_desk_work_surface_0003,d85e3150d3c5eba9,pose_hand_context,,62064.0,2.36,,1,cam12/e1/v1,rtmpose_baseline
corpus_03,03.CCTV Mobile Usage.mkv,632de9ed55947761d56d4c6142a3cb1a1fe69d0b1a6d0e01a2e404c697962623,dfine_sahi,81100.0,stationery,0.2966,155.71,517.18,228.49,572.8,4048.2,72.78,55.62,1.309,False,,True,S-61,16,evt_S-61_desk_work_surface_0003,d85e3150d3c5eba9,pose_hand_context,,62064.0,2.36,,1,cam12/e1/v1,rtmpose_baseline
corpus_03,03.CCTV Mobile Usage.mkv,632de9ed55947761d56d4c6142a3cb1a1fe69d0b1a6d0e01a2e404c697962623,dfine_sahi,81100.0,unknown_object,0.2922,164.31,455.48,225.34,489.92,2101.7,61.03,34.44,1.772,False,,True,S-61,16,evt_S-61_desk_work_surface_0003,d85e3150d3c5eba9,pose_hand_context,,62064.0,2.36,,1,cam12/e1/v1,rtmpose_baseline
corpus_03,03.CCTV Mobile Usage.mkv,632de9ed55947761d56d4c6142a3cb1a1fe69d0b1a6d0e01a2e404c697962623,dfine_sahi,81100.0,unknown_object,0.2921,37.66,367.56,129.07,454.64,7959.7,91.41,87.08,1.05,False,,True,S-61,16,evt_S-61_desk_work_surface_0003,d85e3150d3c5eba9,pose_hand_context,,62064.0,2.36,,1,cam12/e1/v1,rtmpose_baseline
corpus_03,03.CCTV Mobile Usage.mkv,632de9ed55947761d56d4c6142a3cb1a1fe69d0b1a6d0e01a2e404c697962623,dfine_sahi,81100.0,unknown_object,0.2633,1.66,449.27,226.17,572.75,27723.0,224.51,123.48,1.818,False,,True,S-61,16,evt_S-61_desk_work_surface_0003,d85e3150d3c5eba9,pose_hand_context,,62064.0,2.36,,1,cam12/e1/v1,rtmpose_baseline
corpus_03,03.CCTV Mobile Usage.mkv,632de9ed55947761d56d4c6142a3cb1a1fe69d0b1a6d0e01a2e404c697962623,dfine_sahi,81100.0,unknown_object,0.2601,99.88,303.08,229.08,454.59,19574.7,129.2,151.51,0.853,False,,True,S-61,16,evt_S-61_desk_work_surface_0003,d85e3150d3c5eba9,pose_hand_context,,62064.0,2.36,,1,cam12/e1/v1,rtmpose_baseline
corpus_03,03.CCTV Mobile Usage.mkv,632de9ed55947761d56d4c6142a3cb1a1fe69d0b1a6d0e01a2e404c697962623,dfine_sahi,82100.0,unknown_object,0.7149,111.03,454.63,176.7,522.02,4426.5,65.68,67.4,0.975,False,,True,S-61,16,evt_S-61_desk_work_surface_0003,853aabc1e2041093,pose_hand_context,,44780.8,2.92,,1,cam12/e1/v1,rtmpose_baseline
corpus_03,03.CCTV Mobile Usage.mkv,632de9ed55947761d56d4c6142a3cb1a1fe69d0b1a6d0e01a2e404c697962623,dfine_sahi,82100.0,unknown_object,0.5732,-0.16,326.15,114.88,448.55,14081.1,115.04,122.4,0.94,False,,True,S-61,16,evt_S-61_desk_work_surface_0003,853aabc1e2041093,pose_hand_context,,44780.8,2.92,,1,cam12/e1/v1,rtmpose_baseline
corpus_03,03.CCTV Mobile Usage.mkv,632de9ed55947761d56d4c6142a3cb1a1fe69d0b1a6d0e01a2e404c697962623,dfine_sahi,82100.0,unknown_object,0.4691,2.37,422.1,114.91,505.91,9431.8,112.54,83.81,1.343,False,,True,S-61,16,evt_S-61_desk_work_surface_0003,853aabc1e2041093,pose_hand_context,,44780.8,2.92,,1,cam12/e1/v1,rtmpose_baseline
corpus_03,03.CCTV Mobile Usage.mkv,632de9ed55947761d56d4c6142a3cb1a1fe69d0b1a6d0e01a2e404c697962623,dfine_sahi,82100.0,unknown_object,0.3406,88.88,326.82,187.25,448.24,11943.2,98.36,121.42,0.81,False,,True,S-61,16,evt_S-61_desk_work_surface_0003,853aabc1e2041093,pose_hand_context,,44780.8,2.92,,1,cam12/e1/v1,rtmpose_baseline
corpus_03,03.CCTV Mobile Usage.mkv,632de9ed55947761d56d4c6142a3cb1a1fe69d0b1a6d0e01a2e404c697962623,dfine_sahi,82100.0,unknown_object,0.3385,38.09,422.2,114.78,474.79,4033.6,76.7,52.59,1.458,False,,True,S-61,16,evt_S-61_desk_work_surface_0003,853aabc1e2041093,pose_hand_context,,44780.8,2.92,,1,cam12/e1/v1,rtmpose_baseline
corpus_03,03.CCTV Mobile Usage.mkv,632de9ed55947761d56d4c6142a3cb1a1fe69d0b1a6d0e01a2e404c697962623,dfine_sahi,82100.0,phone,0.2918,175.98,370.82,191.97,384.88,224.7,15.99,14.06,1.137,False,,True,S-61,16,evt_S-61_desk_work_surface_0003,853aabc1e2041093,pose_hand_context,,44780.8,2.92,,1,cam12/e1/v1,rtmpose_baseline
corpus_03,03.CCTV Mobile Usage.mkv,632de9ed55947761d56d4c6142a3cb1a1fe69d0b1a6d0e01a2e404c697962623,dfine_sahi,82100.0,unknown_object,0.251,88.97,386.08,149.22,427.48,2494.2,60.25,41.4,1.455,False,,True,S-61,16,evt_S-61_desk_work_surface_0003,853aabc1e2041093,pose_hand_context,,44780.8,2.92,,1,cam12/e1/v1,rtmpose_baseline
corpus_03,03.CCTV Mobile Usage.mkv,632de9ed55947761d56d4c6142a3cb1a1fe69d0b1a6d0e01a2e404c697962623,dfine_sahi,83100.0,unknown_object,0.7839,111.32,454.83,176.65,522.3,4407.2,65.33,67.46,0.968,False,,True,S-61,16,evt_S-61_desk_work_surface_0003,e1a851f71775b910,pose_hand_context,,44400.6,2.95,,1,cam12/e1/v1,rtmpose_baseline
corpus_03,03.CCTV Mobile Usage.mkv,632de9ed55947761d56d4c6142a3cb1a1fe69d0b1a6d0e01a2e404c697962623,dfine_sahi,83100.0,unknown_object,0.5656,-0.02,328.15,114.84,449.42,13929.0,114.85,121.28,0.947,False,,True,S-61,16,evt_S-61_desk_work_surface_0003,e1a851f71775b910,pose_hand_context,,44400.6,2.95,,1,cam12/e1/v1,rtmpose_baseline
corpus_03,03.CCTV Mobile Usage.mkv,632de9ed55947761d56d4c6142a3cb1a1fe69d0b1a6d0e01a2e404c697962623,dfine_sahi,83100.0,unknown_object,0.4111,37.89,423.17,114.81,474.67,3961.7,76.92,51.5,1.494,False,,True,S-61,16,evt_S-61_desk_work_surface_0003,e1a851f71775b910,pose_hand_context,,44400.6,2.95,,1,cam12/e1/v1,rtmpose_baseline
corpus_03,03.CCTV Mobile Usage.mkv,632de9ed55947761d56d4c6142a3cb1a1fe69d0b1a6d0e01a2e404c697962623,dfine_sahi,83100.0,keyboard,0.3562,79.96,384.8,151.67,426.8,3011.7,71.71,42.0,1.707,False,,True,S-61,16,evt_S-61_desk_work_surface_0003,e1a851f71775b910,pose_hand_context,,44400.6,2.95,,1,cam12/e1/v1,rtmpose_baseline
corpus_03,03.CCTV Mobile Usage.mkv,632de9ed55947761d56d4c6142a3cb1a1fe69d0b1a6d0e01a2e404c697962623,dfine_sahi,83100.0,unknown_object,0.3408,88.94,328.32,186.64,449.27,11817.2,97.7,120.95,0.808,False,,True,S-61,16,evt_S-61_desk_work_surface_0003,e1a851f71775b910,pose_hand_context,,44400.6,2.95,,1,cam12/e1/v1,rtmpose_baseline
corpus_03,03.CCTV Mobile Usage.mkv,632de9ed55947761d56d4c6142a3cb1a1fe69d0b1a6d0e01a2e404c697962623,dfine_sahi,83100.0,unknown_object,0.335,0.53,423.2,114.99,544.46,13879.5,114.46,121.26,0.944,False,,True,S-61,16,evt_S-61_desk_work_surface_0003,e1a851f71775b910,pose_hand_context,,44400.6,2.95,,1,cam12/e1/v1,rtmpose_baseline
corpus_03,03.CCTV Mobile Usage.mkv,632de9ed55947761d56d4c6142a3cb1a1fe69d0b1a6d0e01a2e404c697962623,dfine_sahi,83100.0,unknown_object,0.3313,8.0,448.0,113.06,501.52,5623.4,105.06,53.53,1.963,False,,True,S-61,16,evt_S-61_desk_work_surface_0003,e1a851f71775b910,pose_hand_context,,44400.6,2.95,,1,cam12/e1/v1,rtmpose_baseline
corpus_03,03.CCTV Mobile Usage.mkv,632de9ed55947761d56d4c6142a3cb1a1fe69d0b1a6d0e01a2e404c697962623,dfine_sahi,83100.0,unknown_object,0.3001,7.07,447.85,177.25,523.45,12865.0,170.18,75.59,2.251,False,,True,S-61,16,evt_S-61_desk_work_surface_0003,e1a851f71775b910,pose_hand_context,,44400.6,2.95,,1,cam12/e1/v1,rtmpose_baseline
corpus_03,03.CCTV Mobile Usage.mkv,632de9ed55947761d56d4c6142a3cb1a1fe69d0b1a6d0e01a2e404c697962623,dfine_sahi,83100.0,monitor_or_bezel,0.2954,-0.08,494.12,173.09,544.94,8801.5,173.17,50.83,3.407,False,,True,S-61,16,evt_S-61_desk_work_surface_0003,e1a851f71775b910,pose_hand_context,,44400.6,2.95,,1,cam12/e1/v1,rtmpose_baseline
corpus_03,03.CCTV Mobile Usage.mkv,632de9ed55947761d56d4c6142a3cb1a1fe69d0b1a6d0e01a2e404c697962623,dfine_sahi,102500.0,unknown_object,0.7592,110.87,454.22,176.88,519.06,4279.7,66.01,64.84,1.018,False,,True,S-61,17,evt_S-61_desk_work_surface_0004,c429f65ecea87bb2,pose_hand_context,,31272.4,3.62,,1,cam12/e1/v1,rtmpose_baseline
corpus_03,03.CCTV Mobile Usage.mkv,632de9ed55947761d56d4c6142a3cb1a1fe69d0b1a6d0e01a2e404c697962623,dfine_sahi,102500.0,unknown_object,0.501,39.61,426.19,103.94,472.35,2969.2,64.33,46.16,1.394,False,,True,S-61,17,evt_S-61_desk_work_surface_0004,c429f65ecea87bb2,pose_hand_context,,31272.4,3.62,,1,cam12/e1/v1,rtmpose_baseline
corpus_03,03.CCTV Mobile Usage.mkv,632de9ed55947761d56d4c6142a3cb1a1fe69d0b1a6d0e01a2e404c697962623,dfine_sahi,102500.0,unknown_object,0.4314,81.99,425.37,181.81,523.07,9752.1,99.82,97.7,1.022,False,,True,S-61,17,evt_S-61_desk_work_surface_0004,c429f65ecea87bb2,pose_hand_context,,31272.4,3.62,,1,cam12/e1/v1,rtmpose_baseline
corpus_03,03.CCTV Mobile Usage.mkv,632de9ed55947761d56d4c6142a3cb1a1fe69d0b1a6d0e01a2e404c697962623,dfine_sahi,102500.0,unknown_object,0.3548,43.21,509.32,79.56,523.98,533.0,36.35,14.66,2.479,False,,True,S-61,17,evt_S-61_desk_work_surface_0004,c429f65ecea87bb2,pose_hand_context,,31272.4,3.62,,1,cam12/e1/v1,rtmpose_baseline
corpus_03,03.CCTV Mobile Usage.mkv,632de9ed55947761d56d4c6142a3cb1a1fe69d0b1a6d0e01a2e404c697962623,dfine_sahi,102500.0,unknown_object,0.349,5.0,425.27,103.98,523.57,9729.2,98.97,98.3,1.007,False,,True,S-61,17,evt_S-61_desk_work_surface_0004,c429f65ecea87bb2,pose_hand_context,,31272.4,3.62,,1,cam12/e1/v1,rtmpose_baseline
corpus_03,03.CCTV Mobile Usage.mkv,632de9ed55947761d56d4c6142a3cb1a1fe69d0b1a6d0e01a2e404c697962623,dfine_sahi,102500.0,unknown_object,0.3154,82.19,387.06,172.48,445.92,5314.2,90.29,58.85,1.534,False,,True,S-61,17,evt_S-61_desk_work_surface_0004,c429f65ecea87bb2,pose_hand_context,,31272.4,3.62,,1,cam12/e1/v1,rtmpose_baseline
corpus_03,03.CCTV Mobile Usage.mkv,632de9ed55947761d56d4c6142a3cb1a1fe69d0b1a6d0e01a2e404c697962623,dfine_sahi,102500.0,unknown_object,0.2915,7.84,479.47,24.87,494.97,263.9,17.02,15.5,1.098,False,,True,S-61,17,evt_S-61_desk_work_surface_0004,c429f65ecea87bb2,pose_hand_context,,31272.4,3.62,,1,cam12/e1/v1,rtmpose_baseline
corpus_03,03.CCTV Mobile Usage.mkv,632de9ed55947761d56d4c6142a3cb1a1fe69d0b1a6d0e01a2e404c697962623,dfine_sahi,102500.0,unknown_object,0.266,73.42,483.17,103.55,500.91,534.3,30.13,17.73,1.699,False,,True,S-61,17,evt_S-61_desk_work_surface_0004,c429f65ecea87bb2,pose_hand_context,,31272.4,3.62,,1,cam12/e1/v1,rtmpose_baseline
corpus_03,03.CCTV Mobile Usage.mkv,632de9ed55947761d56d4c6142a3cb1a1fe69d0b1a6d0e01a2e404c697962623,dfine_sahi,102500.0,monitor_or_bezel,0.3833,796.03,2.34,844.0,44.3,2012.4,47.96,41.96,1.143,False,,True,unattributed,18,evt_S-61_desk_work_surface_0004,d93b48690c9b5016,native_source_context_fallback,wrist_confidence_below_floor,9573.1,6.49,,1,cam12/e1/v1,rtmpose_baseline
corpus_03,03.CCTV Mobile Usage.mkv,632de9ed55947761d56d4c6142a3cb1a1fe69d0b1a6d0e01a2e404c697962623,dfine_sahi,102500.0,monitor_or_bezel,0.3224,796.01,29.03,844.53,44.81,765.3,48.52,15.77,3.076,False,,True,unattributed,18,evt_S-61_desk_work_surface_0004,d93b48690c9b5016,native_source_context_fallback,wrist_confidence_below_floor,9573.1,6.49,,1,cam12/e1/v1,rtmpose_baseline
corpus_03,03.CCTV Mobile Usage.mkv,632de9ed55947761d56d4c6142a3cb1a1fe69d0b1a6d0e01a2e404c697962623,dfine_sahi,102500.0,unknown_object,0.3188,830.66,86.24,891.95,124.46,2342.6,61.29,38.22,1.603,False,,True,unattributed,18,evt_S-61_desk_work_surface_0004,d93b48690c9b5016,native_source_context_fallback,wrist_confidence_below_floor,9573.1,6.49,,1,cam12/e1/v1,rtmpose_baseline
corpus_03,03.CCTV Mobile Usage.mkv,632de9ed55947761d56d4c6142a3cb1a1fe69d0b1a6d0e01a2e404c697962623,dfine_sahi,102500.0,bag,0.3083,839.22,46.07,911.8,94.77,3533.9,72.58,48.69,1.491,False,,True,unattributed,18,evt_S-61_desk_work_surface_0004,d93b48690c9b5016,native_source_context_fallback,wrist_confidence_below_floor,9573.1,6.49,,1,cam12/e1/v1,rtmpose_baseline
corpus_03,03.CCTV Mobile Usage.mkv,632de9ed55947761d56d4c6142a3cb1a1fe69d0b1a6d0e01a2e404c697962623,dfine_sahi,102500.0,unknown_object,0.2855,854.17,8.38,902.45,49.66,1992.4,48.27,41.27,1.17,False,,True,unattributed,18,evt_S-61_desk_work_surface_0004,d93b48690c9b5016,native_source_context_fallback,wrist_confidence_below_floor,9573.1,6.49,,1,cam12/e1/v1,rtmpose_baseline
corpus_03,03.CCTV Mobile Usage.mkv,632de9ed55947761d56d4c6142a3cb1a1fe69d0b1a6d0e01a2e404c697962623,dfine_sahi,102500.0,unknown_object,0.2729,839.04,29.07,934.97,124.6,9164.8,95.94,95.53,1.004,False,,True,unattributed,18,evt_S-61_desk_work_surface_0004,d93b48690c9b5016,native_source_context_fallback,wrist_confidence_below_floor,9573.1,6.49,,1,cam12/e1/v1,rtmpose_baseline
corpus_03,03.CCTV Mobile Usage.mkv,632de9ed55947761d56d4c6142a3cb1a1fe69d0b1a6d0e01a2e404c697962623,dfine_sahi,102500.0,keyboard,0.9188,962.3,451.95,1068.05,491.44,4175.7,105.74,39.49,2.678,False,,True,R-desk,19,evt_S-61_desk_work_surface_0004,f15934d2f04eb552,lap_bag_context,wrist_confidence_below_floor,34560.0,1.33,,1,cam12/e1/v1,rtmpose_baseline
corpus_03,03.CCTV Mobile Usage.mkv,632de9ed55947761d56d4c6142a3cb1a1fe69d0b1a6d0e01a2e404c697962623,dfine_sahi,102500.0,phone,0.7377,1043.6,421.86,1112.16,473.96,3571.6,68.55,52.1,1.316,False,,True,R-desk,19,evt_S-61_desk_work_surface_0004,f15934d2f04eb552,lap_bag_context,wrist_confidence_below_floor,34560.0,1.33,,1,cam12/e1/v1,rtmpose_baseline
corpus_03,03.CCTV Mobile Usage.mkv,632de9ed55947761d56d4c6142a3cb1a1fe69d0b1a6d0e01a2e404c697962623,dfine_sahi,102500.0,mouse,0.7292,864.71,413.43,891.43,435.08,578.5,26.72,21.65,1.235,False,,True,R-desk,19,evt_S-61_desk_work_surface_0004,f15934d2f04eb552,lap_bag_context,wrist_confidence_below_floor,34560.0,1.33,,1,cam12/e1/v1,rtmpose_baseline
corpus_03,03.CCTV Mobile Usage.mkv,632de9ed55947761d56d4c6142a3cb1a1fe69d0b1a6d0e01a2e404c697962623,dfine_sahi,102500.0,monitor_or_bezel,0.7279,910.22,411.29,1141.69,506.37,22008.4,231.47,95.08,2.435,False,,True,R-desk,19,evt_S-61_desk_work_surface_0004,f15934d2f04eb552,lap_bag_context,wrist_confidence_below_floor,34560.0,1.33,,1,cam12/e1/v1,rtmpose_baseline
corpus_03,03.CCTV Mobile Usage.mkv,632de9ed55947761d56d4c6142a3cb1a1fe69d0b1a6d0e01a2e404c697962623,dfine_sahi,102500.0,monitor_or_bezel,0.7213,1018.99,395.79,1146.17,448.54,6709.0,127.19,52.75,2.411,False,,True,R-desk,19,evt_S-61_desk_work_surface_0004,f15934d2f04eb552,lap_bag_context,wrist_confidence_below_floor,34560.0,1.33,,1,cam12/e1/v1,rtmpose_baseline
corpus_03,03.CCTV Mobile Usage.mkv,632de9ed55947761d56d4c6142a3cb1a1fe69d0b1a6d0e01a2e404c697962623,dfine_sahi,102500.0,unknown_object,0.7189,699.88,396.2,847.87,491.77,14144.0,147.99,95.57,1.548,False,,True,R-desk,19,evt_S-61_desk_work_surface_0004,f15934d2f04eb552,lap_bag_context,wrist_confidence_below_floor,34560.0,1.33,,1,cam12/e1/v1,rtmpose_baseline
corpus_03,03.CCTV Mobile Usage.mkv,632de9ed55947761d56d4c6142a3cb1a1fe69d0b1a6d0e01a2e404c697962623,dfine_sahi,102500.0,keyboard,0.7061,772.35,380.18,870.45,420.35,3940.6,98.1,40.17,2.442,False,,True,R-desk,19,evt_S-61_desk_work_surface_0004,f15934d2f04eb552,lap_bag_context,wrist_confidence_below_floor,34560.0,1.33,,1,cam12/e1/v1,rtmpose_baseline
corpus_03,03.CCTV Mobile Usage.mkv,632de9ed55947761d56d4c6142a3cb1a1fe69d0b1a6d0e01a2e404c697962623,dfine_sahi,102500.0,keyboard,0.6559,962.88,452.32,1034.12,475.53,1653.1,71.24,23.2,3.07,False,,True,R-desk,19,evt_S-61_desk_work_surface_0004,f15934d2f04eb552,lap_bag_context,wrist_confidence_below_floor,34560.0,1.33,,1,cam12/e1/v1,rtmpose_baseline
corpus_03,03.CCTV Mobile Usage.mkv,632de9ed55947761d56d4c6142a3cb1a1fe69d0b1a6d0e01a2e404c697962623,dfine_sahi,102500.0,monitor_or_bezel,0.564,706.77,379.88,969.4,474.72,24909.3,262.63,94.85,2.769,False,,True,R-desk,19,evt_S-61_desk_work_surface_0004,f15934d2f04eb552,lap_bag_context,wrist_confidence_below_floor,34560.0,1.33,,1,cam12/e1/v1,rtmpose_baseline
corpus_03,03.CCTV Mobile Usage.mkv,632de9ed55947761d56d4c6142a3cb1a1fe69d0b1a6d0e01a2e404c697962623,dfine_sahi,102500.0,keyboard,0.5628,802.84,396.3,870.33,420.63,1642.2,67.48,24.34,2.773,False,,True,R-desk,19,evt_S-61_desk_work_surface_0004,f15934d2f04eb552,lap_bag_context,wrist_confidence_below_floor,34560.0,1.33,,1,cam12/e1/v1,rtmpose_baseline
corpus_03,03.CCTV Mobile Usage.mkv,632de9ed55947761d56d4c6142a3cb1a1fe69d0b1a6d0e01a2e404c697962623,dfine_sahi,102500.0,monitor_or_bezel,0.5371,962.7,380.41,1153.03,474.84,17972.4,190.33,94.43,2.016,False,,True,R-desk,19,evt_S-61_desk_work_surface_0004,f15934d2f04eb552,lap_bag_context,wrist_confidence_below_floor,34560.0,1.33,,1,cam12/e1/v1,rtmpose_baseline
corpus_03,03.CCTV Mobile Usage.mkv,632de9ed55947761d56d4c6142a3cb1a1fe69d0b1a6d0e01a2e404c697962623,dfine_sahi,102500.0,unknown_object,0.5203,699.99,380.64,758.6,475.08,5535.2,58.61,94.44,0.621,False,,True,R-desk,19,evt_S-61_desk_work_surface_0004,f15934d2f04eb552,lap_bag_context,wrist_confidence_below_floor,34560.0,1.33,,1,cam12/e1/v1,rtmpose_baseline
corpus_03,03.CCTV Mobile Usage.mkv,632de9ed55947761d56d4c6142a3cb1a1fe69d0b1a6d0e01a2e404c697962623,dfine_sahi,102500.0,unknown_object,0.4912,750.4,410.99,969.79,505.98,20840.5,219.39,94.99,2.31,False,,True,R-desk,19,evt_S-61_desk_work_surface_0004,f15934d2f04eb552,lap_bag_context,wrist_confidence_below_floor,34560.0,1.33,,1,cam12/e1/v1,rtmpose_baseline
corpus_03,03.CCTV Mobile Usage.mkv,632de9ed55947761d56d4c6142a3cb1a1fe69d0b1a6d0e01a2e404c697962623,dfine_sahi,102500.0,keyboard,0.4813,910.05,411.25,1091.96,506.15,17263.6,181.91,94.9,1.917,False,,True,R-desk,19,evt_S-61_desk_work_surface_0004,f15934d2f04eb552,lap_bag_context,wrist_confidence_below_floor,34560.0,1.33,,1,cam12/e1/v1,rtmpose_baseline
corpus_03,03.CCTV Mobile Usage.mkv,632de9ed55947761d56d4c6142a3cb1a1fe69d0b1a6d0e01a2e404c697962623,dfine_sahi,102500.0,mouse,0.3886,967.01,398.39,991.79,410.68,304.4,24.78,12.28,2.018,False,,True,R-desk,19,evt_S-61_desk_work_surface_0004,f15934d2f04eb552,lap_bag_context,wrist_confidence_below_floor,34560.0,1.33,,1,cam12/e1/v1,rtmpose_baseline
corpus_03,03.CCTV Mobile Usage.mkv,632de9ed55947761d56d4c6142a3cb1a1fe69d0b1a6d0e01a2e404c697962623,dfine_sahi,102500.0,phone,0.3726,1051.52,411.43,1139.96,446.85,3132.3,88.44,35.42,2.497,False,,True,R-desk,19,evt_S-61_desk_work_surface_0004,f15934d2f04eb552,lap_bag_context,wrist_confidence_below_floor,34560.0,1.33,,1,cam12/e1/v1,rtmpose_baseline
corpus_03,03.CCTV Mobile Usage.mkv,632de9ed55947761d56d4c6142a3cb1a1fe69d0b1a6d0e01a2e404c697962623,dfine_sahi,102500.0,monitor_or_bezel,0.3713,880.93,396.16,948.85,452.62,3835.1,67.93,56.46,1.203,False,,True,R-desk,19,evt_S-61_desk_work_surface_0004,f15934d2f04eb552,lap_bag_context,wrist_confidence_below_floor,34560.0,1.33,,1,cam12/e1/v1,rtmpose_baseline
corpus_03,03.CCTV Mobile Usage.mkv,632de9ed55947761d56d4c6142a3cb1a1fe69d0b1a6d0e01a2e404c697962623,dfine_sahi,102500.0,mouse,0.2742,991.54,401.09,1027.99,413.64,457.5,36.44,12.55,2.903,False,,True,R-desk,19,evt_S-61_desk_work_surface_0004,f15934d2f04eb552,lap_bag_context,wrist_confidence_below_floor,34560.0,1.33,,1,cam12/e1/v1,rtmpose_baseline
corpus_03,03.CCTV Mobile Usage.mkv,632de9ed55947761d56d4c6142a3cb1a1fe69d0b1a6d0e01a2e404c697962623,dfine_sahi,103067.0,unknown_object,0.5191,478.81,52.04,508.22,84.02,940.7,29.41,31.99,0.919,False,,True,unattributed,20,evt_S-61_upper_body_0018,1b6ef25c1b1a0d0f,native_source_context_fallback,no_pose_observation,4015.6,8.62,,1,cam12/e1/v1,
corpus_03,03.CCTV Mobile Usage.mkv,632de9ed55947761d56d4c6142a3cb1a1fe69d0b1a6d0e01a2e404c697962623,dfine_sahi,103067.0,monitor_or_bezel,0.4163,486.65,0.07,536.55,32.68,1627.2,49.9,32.61,1.53,False,,True,unattributed,20,evt_S-61_upper_body_0018,1b6ef25c1b1a0d0f,native_source_context_fallback,no_pose_observation,4015.6,8.62,,1,cam12/e1/v1,
corpus_03,03.CCTV Mobile Usage.mkv,632de9ed55947761d56d4c6142a3cb1a1fe69d0b1a6d0e01a2e404c697962623,dfine_sahi,103067.0,unknown_object,0.3184,541.57,51.97,557.99,83.53,518.2,16.42,31.56,0.52,False,,True,unattributed,20,evt_S-61_upper_body_0018,1b6ef25c1b1a0d0f,native_source_context_fallback,no_pose_observation,4015.6,8.62,,1,cam12/e1/v1,
corpus_03,03.CCTV Mobile Usage.mkv,632de9ed55947761d56d4c6142a3cb1a1fe69d0b1a6d0e01a2e404c697962623,dfine_sahi,103067.0,unknown_object,0.3013,462.07,56.66,477.8,84.49,437.6,15.72,27.84,0.565,False,,True,unattributed,20,evt_S-61_upper_body_0018,1b6ef25c1b1a0d0f,native_source_context_fallback,no_pose_observation,4015.6,8.62,,1,cam12/e1/v1,
corpus_03,03.CCTV Mobile Usage.mkv,632de9ed55947761d56d4c6142a3cb1a1fe69d0b1a6d0e01a2e404c697962623,dfine_sahi,103067.0,unknown_object,0.7983,110.7,454.28,176.72,520.86,4396.0,66.02,66.58,0.992,False,,True,S-61,17,evt_S-61_upper_body_0018,7f7c3ddf9739c48c,pose_hand_context,,37640.3,3.28,,1,cam12/e1/v1,rtmpose_baseline
corpus_03,03.CCTV Mobile Usage.mkv,632de9ed55947761d56d4c6142a3cb1a1fe69d0b1a6d0e01a2e404c697962623,dfine_sahi,103067.0,unknown_object,0.5145,171.62,394.37,192.18,518.52,2552.1,20.56,124.15,0.166,False,,True,S-61,17,evt_S-61_upper_body_0018,7f7c3ddf9739c48c,pose_hand_context,,37640.3,3.28,,1,cam12/e1/v1,rtmpose_baseline
corpus_03,03.CCTV Mobile Usage.mkv,632de9ed55947761d56d4c6142a3cb1a1fe69d0b1a6d0e01a2e404c697962623,dfine_sahi,103067.0,unknown_object,0.4344,84.05,386.61,175.98,448.38,5677.9,91.93,61.76,1.489,False,,True,S-61,17,evt_S-61_upper_body_0018,7f7c3ddf9739c48c,pose_hand_context,,37640.3,3.28,,1,cam12/e1/v1,rtmpose_baseline
corpus_03,03.CCTV Mobile Usage.mkv,632de9ed55947761d56d4c6142a3cb1a1fe69d0b1a6d0e01a2e404c697962623,dfine_sahi,103067.0,unknown_object,0.3833,83.86,425.19,191.55,534.55,11777.4,107.69,109.36,0.985,False,,True,S-61,17,evt_S-61_upper_body_0018,7f7c3ddf9739c48c,pose_hand_context,,37640.3,3.28,,1,cam12/e1/v1,rtmpose_baseline
corpus_03,03.CCTV Mobile Usage.mkv,632de9ed55947761d56d4c6142a3cb1a1fe69d0b1a6d0e01a2e404c697962623,dfine_sahi,103067.0,unknown_object,0.366,38.1,425.39,107.88,474.13,3400.9,69.78,48.74,1.432,False,,True,S-61,17,evt_S-61_upper_body_0018,7f7c3ddf9739c48c,pose_hand_context,,37640.3,3.28,,1,cam12/e1/v1,rtmpose_baseline
corpus_03,03.CCTV Mobile Usage.mkv,632de9ed55947761d56d4c6142a3cb1a1fe69d0b1a6d0e01a2e404c697962623,dfine_sahi,103067.0,unknown_object,0.3097,-0.19,340.43,87.97,448.39,9516.9,88.16,107.95,0.817,False,,True,S-61,17,evt_S-61_upper_body_0018,7f7c3ddf9739c48c,pose_hand_context,,37640.3,3.28,,1,cam12/e1/v1,rtmpose_baseline
corpus_03,03.CCTV Mobile Usage.mkv,632de9ed55947761d56d4c6142a3cb1a1fe69d0b1a6d0e01a2e404c697962623,dfine_sahi,103067.0,unknown_object,0.2854,-0.22,425.26,108.16,534.63,11852.8,108.37,109.37,0.991,False,,True,S-61,17,evt_S-61_upper_body_0018,7f7c3ddf9739c48c,pose_hand_context,,37640.3,3.28,,1,cam12/e1/v1,rtmpose_baseline
corpus_03,03.CCTV Mobile Usage.mkv,632de9ed55947761d56d4c6142a3cb1a1fe69d0b1a6d0e01a2e404c697962623,dfine_sahi,103067.0,unknown_object,0.2777,33.69,340.15,107.94,428.25,6542.0,74.25,88.1,0.843,False,,True,S-61,17,evt_S-61_upper_body_0018,7f7c3ddf9739c48c,pose_hand_context,,37640.3,3.28,,1,cam12/e1/v1,rtmpose_baseline
corpus_03,03.CCTV Mobile Usage.mkv,632de9ed55947761d56d4c6142a3cb1a1fe69d0b1a6d0e01a2e404c697962623,dfine_sahi,103067.0,unknown_object,0.2509,138.75,435.98,177.67,492.64,2205.1,38.91,56.67,0.687,False,,True,S-61,17,evt_S-61_upper_body_0018,7f7c3ddf9739c48c,pose_hand_context,,37640.3,3.28,,1,cam12/e1/v1,rtmpose_baseline
corpus_03,03.CCTV Mobile Usage.mkv,632de9ed55947761d56d4c6142a3cb1a1fe69d0b1a6d0e01a2e404c697962623,dfine_sahi,103067.0,monitor_or_bezel,0.4462,796.04,2.29,843.92,44.42,2017.5,47.89,42.13,1.137,False,,True,unattributed,18,evt_S-61_upper_body_0018,ab6eccf616b714df,native_source_context_fallback,wrist_confidence_below_floor,9521.8,6.46,,1,cam12/e1/v1,rtmpose_baseline
corpus_03,03.CCTV Mobile Usage.mkv,632de9ed55947761d56d4c6142a3cb1a1fe69d0b1a6d0e01a2e404c697962623,dfine_sahi,103067.0,unknown_object,0.3817,856.48,8.31,901.82,92.07,3797.6,45.34,83.76,0.541,False,,True,unattributed,18,evt_S-61_upper_body_0018,ab6eccf616b714df,native_source_context_fallback,wrist_confidence_below_floor,9521.8,6.46,,1,cam12/e1/v1,rtmpose_baseline
corpus_03,03.CCTV Mobile Usage.mkv,632de9ed55947761d56d4c6142a3cb1a1fe69d0b1a6d0e01a2e404c697962623,dfine_sahi,103067.0,bag,0.3598,822.43,46.09,913.88,101.44,5062.2,91.46,55.35,1.652,False,,True,unattributed,18,evt_S-61_upper_body_0018,ab6eccf616b714df,native_source_context_fallback,wrist_confidence_below_floor,9521.8,6.46,,1,cam12/e1/v1,rtmpose_baseline
corpus_03,03.CCTV Mobile Usage.mkv,632de9ed55947761d56d4c6142a3cb1a1fe69d0b1a6d0e01a2e404c697962623,dfine_sahi,103067.0,monitor_or_bezel,0.3589,796.05,28.04,844.43,44.92,816.7,48.38,16.88,2.866,False,,True,unattributed,18,evt_S-61_upper_body_0018,ab6eccf616b714df,native_source_context_fallback,wrist_confidence_below_floor,9521.8,6.46,,1,cam12/e1/v1,rtmpose_baseline
corpus_03,03.CCTV Mobile Usage.mkv,632de9ed55947761d56d4c6142a3cb1a1fe69d0b1a6d0e01a2e404c697962623,dfine_sahi,103067.0,bag,0.346,865.4,36.66,895.51,48.52,357.1,30.11,11.86,2.539,False,,True,unattributed,18,evt_S-61_upper_body_0018,ab6eccf616b714df,native_source_context_fallback,wrist_confidence_below_floor,9521.8,6.46,,1,cam12/e1/v1,rtmpose_baseline
corpus_03,03.CCTV Mobile Usage.mkv,632de9ed55947761d56d4c6142a3cb1a1fe69d0b1a6d0e01a2e404c697962623,dfine_sahi,103067.0,bag,0.338,796.0,2.01,844.18,92.28,4349.1,48.18,90.27,0.534,False,,True,unattributed,18,evt_S-61_upper_body_0018,ab6eccf616b714df,native_source_context_fallback,wrist_confidence_below_floor,9521.8,6.46,,1,cam12/e1/v1,rtmpose_baseline
corpus_03,03.CCTV Mobile Usage.mkv,632de9ed55947761d56d4c6142a3cb1a1fe69d0b1a6d0e01a2e404c697962623,dfine_sahi,103067.0,bag,0.333,840.3,8.0,914.04,94.16,6353.7,73.74,86.16,0.856,False,,True,unattributed,18,evt_S-61_upper_body_0018,ab6eccf616b714df,native_source_context_fallback,wrist_confidence_below_floor,9521.8,6.46,,1,cam12/e1/v1,rtmpose_baseline
corpus_03,03.CCTV Mobile Usage.mkv,632de9ed55947761d56d4c6142a3cb1a1fe69d0b1a6d0e01a2e404c697962623,dfine_sahi,103067.0,bag,0.3214,879.19,53.87,896.98,92.02,678.8,17.79,38.15,0.466,False,,True,unattributed,18,evt_S-61_upper_body_0018,ab6eccf616b714df,native_source_context_fallback,wrist_confidence_below_floor,9521.8,6.46,,1,cam12/e1/v1,rtmpose_baseline
corpus_03,03.CCTV Mobile Usage.mkv,632de9ed55947761d56d4c6142a3cb1a1fe69d0b1a6d0e01a2e404c697962623,dfine_sahi,103067.0,unknown_object,0.2979,840.08,28.02,935.99,123.61,9168.8,95.91,95.59,1.003,False,,True,unattributed,18,evt_S-61_upper_body_0018,ab6eccf616b714df,native_source_context_fallback,wrist_confidence_below_floor,9521.8,6.46,,1,cam12/e1/v1,rtmpose_baseline
corpus_03,03.CCTV Mobile Usage.mkv,632de9ed55947761d56d4c6142a3cb1a1fe69d0b1a6d0e01a2e404c697962623,dfine_sahi,103067.0,unknown_object,0.278,911.02,79.5,935.88,123.3,1088.6,24.85,43.8,0.567,False,,True,unattributed,18,evt_S-61_upper_body_0018,ab6eccf616b714df,native_source_context_fallback,wrist_confidence_below_floor,9521.8,6.46,,1,cam12/e1/v1,rtmpose_baseline
corpus_03,03.CCTV Mobile Usage.mkv,632de9ed55947761d56d4c6142a3cb1a1fe69d0b1a6d0e01a2e404c697962623,dfine_sahi,103067.0,bag,0.2743,856.33,8.26,901.56,48.93,1839.6,45.23,40.67,1.112,False,,True,unattributed,18,evt_S-61_upper_body_0018,ab6eccf616b714df,native_source_context_fallback,wrist_confidence_below_floor,9521.8,6.46,,1,cam12/e1/v1,rtmpose_baseline
corpus_03,03.CCTV Mobile Usage.mkv,632de9ed55947761d56d4c6142a3cb1a1fe69d0b1a6d0e01a2e404c697962623,dfine_sahi,103067.0,unknown_object,0.2655,831.37,85.64,891.87,123.5,2290.5,60.49,37.86,1.598,False,,True,unattributed,18,evt_S-61_upper_body_0018,ab6eccf616b714df,native_source_context_fallback,wrist_confidence_below_floor,9521.8,6.46,,1,cam12/e1/v1,rtmpose_baseline
corpus_03,03.CCTV Mobile Usage.mkv,632de9ed55947761d56d4c6142a3cb1a1fe69d0b1a6d0e01a2e404c697962623,dfine_sahi,103500.0,monitor_or_bezel,0.4758,795.02,2.25,843.79,44.37,2053.5,48.76,42.11,1.158,False,,True,unattributed,18,evt_S-61_desk_work_surface_0004,1d8ae10ec47cb224,native_source_context_fallback,wrist_confidence_below_floor,9323.6,6.6,,1,cam12/e1/v1,rtmpose_baseline
corpus_03,03.CCTV Mobile Usage.mkv,632de9ed55947761d56d4c6142a3cb1a1fe69d0b1a6d0e01a2e404c697962623,dfine_sahi,103500.0,monitor_or_bezel,0.3895,795.02,28.04,843.97,44.78,819.4,48.95,16.74,2.924,False,,True,unattributed,18,evt_S-61_desk_work_surface_0004,1d8ae10ec47cb224,native_source_context_fallback,wrist_confidence_below_floor,9323.6,6.6,,1,cam12/e1/v1,rtmpose_baseline
corpus_03,03.CCTV Mobile Usage.mkv,632de9ed55947761d56d4c6142a3cb1a1fe69d0b1a6d0e01a2e404c697962623,dfine_sahi,103500.0,bag,0.3273,838.13,47.19,912.22,94.83,3529.9,74.09,47.64,1.555,False,,True,unattributed,18,evt_S-61_desk_work_surface_0004,1d8ae10ec47cb224,native_source_context_fallback,wrist_confidence_below_floor,9323.6,6.6,,1,cam12/e1/v1,rtmpose_baseline
corpus_03,03.CCTV Mobile Usage.mkv,632de9ed55947761d56d4c6142a3cb1a1fe69d0b1a6d0e01a2e404c697962623,dfine_sahi,103500.0,unknown_object,0.2945,838.08,28.1,933.91,123.5,9142.5,95.83,95.4,1.005,False,,True,unattributed,18,evt_S-61_desk_work_surface_0004,1d8ae10ec47cb224,native_source_context_fallback,wrist_confidence_below_floor,9323.6,6.6,,1,cam12/e1/v1,rtmpose_baseline
corpus_03,03.CCTV Mobile Usage.mkv,632de9ed55947761d56d4c6142a3cb1a1fe69d0b1a6d0e01a2e404c697962623,dfine_sahi,103500.0,bag,0.2837,879.19,50.11,911.64,92.97,1390.6,32.45,42.86,0.757,False,,True,unattributed,18,evt_S-61_desk_work_surface_0004,1d8ae10ec47cb224,native_source_context_fallback,wrist_confidence_below_floor,9323.6,6.6,,1,cam12/e1/v1,rtmpose_baseline
corpus_03,03.CCTV Mobile Usage.mkv,632de9ed55947761d56d4c6142a3cb1a1fe69d0b1a6d0e01a2e404c697962623,dfine_sahi,103500.0,unknown_object,0.2694,831.96,85.82,890.96,123.59,2228.3,59.0,37.77,1.562,False,,True,unattributed,18,evt_S-61_desk_work_surface_0004,1d8ae10ec47cb224,native_source_context_fallback,wrist_confidence_below_floor,9323.6,6.6,,1,cam12/e1/v1,rtmpose_baseline
corpus_03,03.CCTV Mobile Usage.mkv,632de9ed55947761d56d4c6142a3cb1a1fe69d0b1a6d0e01a2e404c697962623,dfine_sahi,103500.0,unknown_object,0.2543,825.74,45.56,891.03,121.77,4975.0,65.28,76.21,0.857,False,,True,unattributed,18,evt_S-61_desk_work_surface_0004,1d8ae10ec47cb224,native_source_context_fallback,wrist_confidence_below_floor,9323.6,6.6,,1,cam12/e1/v1,rtmpose_baseline
corpus_03,03.CCTV Mobile Usage.mkv,632de9ed55947761d56d4c6142a3cb1a1fe69d0b1a6d0e01a2e404c697962623,dfine_sahi,103500.0,keyboard,0.918,962.29,451.95,1068.04,491.44,4176.7,105.75,39.5,2.678,False,,True,R-desk,21,evt_S-61_desk_work_surface_0004,21618b8f2530ce00,lap_bag_context,no_pose_observation,34560.0,1.33,,1,cam12/e1/v1,
corpus_03,03.CCTV Mobile Usage.mkv,632de9ed55947761d56d4c6142a3cb1a1fe69d0b1a6d0e01a2e404c697962623,dfine_sahi,103500.0,phone,0.7398,1043.6,421.86,1112.16,473.95,3571.0,68.56,52.09,1.316,False,,True,R-desk,21,evt_S-61_desk_work_surface_0004,21618b8f2530ce00,lap_bag_context,no_pose_observation,34560.0,1.33,,1,cam12/e1/v1,
corpus_03,03.CCTV Mobile Usage.mkv,632de9ed55947761d56d4c6142a3cb1a1fe69d0b1a6d0e01a2e404c697962623,dfine_sahi,103500.0,monitor_or_bezel,0.7291,910.22,411.3,1141.68,506.36,22005.1,231.47,95.07,2.435,False,,True,R-desk,21,evt_S-61_desk_work_surface_0004,21618b8f2530ce00,lap_bag_context,no_pose_observation,34560.0,1.33,,1,cam12/e1/v1,
corpus_03,03.CCTV Mobile Usage.mkv,632de9ed55947761d56d4c6142a3cb1a1fe69d0b1a6d0e01a2e404c697962623,dfine_sahi,103500.0,mouse,0.7289,864.74,413.43,891.42,435.03,576.4,26.68,21.61,1.235,False,,True,R-desk,21,evt_S-61_desk_work_surface_0004,21618b8f2530ce00,lap_bag_context,no_pose_observation,34560.0,1.33,,1,cam12/e1/v1,
corpus_03,03.CCTV Mobile Usage.mkv,632de9ed55947761d56d4c6142a3cb1a1fe69d0b1a6d0e01a2e404c697962623,dfine_sahi,103500.0,unknown_object,0.7156,699.87,396.2,848.57,491.79,14213.2,148.69,95.59,1.556,False,,True,R-desk,21,evt_S-61_desk_work_surface_0004,21618b8f2530ce00,lap_bag_context,no_pose_observation,34560.0,1.33,,1,cam12/e1/v1,
corpus_03,03.CCTV Mobile Usage.mkv,632de9ed55947761d56d4c6142a3cb1a1fe69d0b1a6d0e01a2e404c697962623,dfine_sahi,103500.0,monitor_or_bezel,0.7131,1018.97,395.76,1146.12,448.52,6707.4,127.14,52.75,2.41,False,,True,R-desk,21,evt_S-61_desk_work_surface_0004,21618b8f2530ce00,lap_bag_context,no_pose_observation,34560.0,1.33,,1,cam12/e1/v1,
corpus_03,03.CCTV Mobile Usage.mkv,632de9ed55947761d56d4c6142a3cb1a1fe69d0b1a6d0e01a2e404c697962623,dfine_sahi,103500.0,keyboard,0.7022,772.41,380.18,870.38,420.33,3934.0,97.97,40.15,2.44,False,,True,R-desk,21,evt_S-61_desk_work_surface_0004,21618b8f2530ce00,lap_bag_context,no_pose_observation,34560.0,1.33,,1,cam12/e1/v1,
corpus_03,03.CCTV Mobile Usage.mkv,632de9ed55947761d56d4c6142a3cb1a1fe69d0b1a6d0e01a2e404c697962623,dfine_sahi,103500.0,keyboard,0.6619,962.87,452.32,1034.18,475.53,1655.0,71.31,23.21,3.072,False,,True,R-desk,21,evt_S-61_desk_work_surface_0004,21618b8f2530ce00,lap_bag_context,no_pose_observation,34560.0,1.33,,1,cam12/e1/v1,
corpus_03,03.CCTV Mobile Usage.mkv,632de9ed55947761d56d4c6142a3cb1a1fe69d0b1a6d0e01a2e404c697962623,dfine_sahi,103500.0,monitor_or_bezel,0.5826,706.61,379.89,969.26,474.72,24908.5,262.65,94.83,2.77,False,,True,R-desk,21,evt_S-61_desk_work_surface_0004,21618b8f2530ce00,lap_bag_context,no_pose_observation,34560.0,1.33,,1,cam12/e1/v1,
corpus_03,03.CCTV Mobile Usage.mkv,632de9ed55947761d56d4c6142a3cb1a1fe69d0b1a6d0e01a2e404c697962623,dfine_sahi,103500.0,keyboard,0.555,802.84,396.3,870.32,420.63,1642.2,67.48,24.33,2.773,False,,True,R-desk,21,evt_S-61_desk_work_surface_0004,21618b8f2530ce00,lap_bag_context,no_pose_observation,34560.0,1.33,,1,cam12/e1/v1,
corpus_03,03.CCTV Mobile Usage.mkv,632de9ed55947761d56d4c6142a3cb1a1fe69d0b1a6d0e01a2e404c697962623,dfine_sahi,103500.0,monitor_or_bezel,0.5326,962.69,380.41,1153.01,474.85,17973.2,190.32,94.44,2.015,False,,True,R-desk,21,evt_S-61_desk_work_surface_0004,21618b8f2530ce00,lap_bag_context,no_pose_observation,34560.0,1.33,,1,cam12/e1/v1,
corpus_03,03.CCTV Mobile Usage.mkv,632de9ed55947761d56d4c6142a3cb1a1fe69d0b1a6d0e01a2e404c697962623,dfine_sahi,103500.0,unknown_object,0.5195,700.0,380.66,758.6,475.06,5531.7,58.6,94.4,0.621,False,,True,R-desk,21,evt_S-61_desk_work_surface_0004,21618b8f2530ce00,lap_bag_context,no_pose_observation,34560.0,1.33,,1,cam12/e1/v1,
corpus_03,03.CCTV Mobile Usage.mkv,632de9ed55947761d56d4c6142a3cb1a1fe69d0b1a6d0e01a2e404c697962623,dfine_sahi,103500.0,unknown_object,0.494,750.18,411.0,969.75,505.98,20855.9,219.57,94.98,2.312,False,,True,R-desk,21,evt_S-61_desk_work_surface_0004,21618b8f2530ce00,lap_bag_context,no_pose_observation,34560.0,1.33,,1,cam12/e1/v1,
corpus_03,03.CCTV Mobile Usage.mkv,632de9ed55947761d56d4c6142a3cb1a1fe69d0b1a6d0e01a2e404c697962623,dfine_sahi,103500.0,keyboard,0.4755,910.06,411.36,1091.97,506.16,17244.3,181.91,94.8,1.919,False,,True,R-desk,21,evt_S-61_desk_work_surface_0004,21618b8f2530ce00,lap_bag_context,no_pose_observation,34560.0,1.33,,1,cam12/e1/v1,
corpus_03,03.CCTV Mobile Usage.mkv,632de9ed55947761d56d4c6142a3cb1a1fe69d0b1a6d0e01a2e404c697962623,dfine_sahi,103500.0,mouse,0.3808,967.04,398.39,991.85,410.66,304.5,24.81,12.27,2.022,False,,True,R-desk,21,evt_S-61_desk_work_surface_0004,21618b8f2530ce00,lap_bag_context,no_pose_observation,34560.0,1.33,,1,cam12/e1/v1,
corpus_03,03.CCTV Mobile Usage.mkv,632de9ed55947761d56d4c6142a3cb1a1fe69d0b1a6d0e01a2e404c697962623,dfine_sahi,103500.0,phone,0.3756,1051.53,411.44,1139.97,446.87,3133.4,88.44,35.43,2.496,False,,True,R-desk,21,evt_S-61_desk_work_surface_0004,21618b8f2530ce00,lap_bag_context,no_pose_observation,34560.0,1.33,,1,cam12/e1/v1,
corpus_03,03.CCTV Mobile Usage.mkv,632de9ed55947761d56d4c6142a3cb1a1fe69d0b1a6d0e01a2e404c697962623,dfine_sahi,103500.0,monitor_or_bezel,0.3643,880.9,396.16,948.81,452.62,3834.4,67.91,56.46,1.203,False,,True,R-desk,21,evt_S-61_desk_work_surface_0004,21618b8f2530ce00,lap_bag_context,no_pose_observation,34560.0,1.33,,1,cam12/e1/v1,
corpus_03,03.CCTV Mobile Usage.mkv,632de9ed55947761d56d4c6142a3cb1a1fe69d0b1a6d0e01a2e404c697962623,dfine_sahi,103500.0,keyboard,0.2772,962.62,421.46,1114.48,475.53,8212.0,151.86,54.07,2.808,False,,True,R-desk,21,evt_S-61_desk_work_surface_0004,21618b8f2530ce00,lap_bag_context,no_pose_observation,34560.0,1.33,,1,cam12/e1/v1,
corpus_03,03.CCTV Mobile Usage.mkv,632de9ed55947761d56d4c6142a3cb1a1fe69d0b1a6d0e01a2e404c697962623,dfine_sahi,103500.0,mouse,0.2741,991.54,401.11,1028.1,413.65,458.7,36.56,12.55,2.913,False,,True,R-desk,21,evt_S-61_desk_work_surface_0004,21618b8f2530ce00,lap_bag_context,no_pose_observation,34560.0,1.33,,1,cam12/e1/v1,
corpus_03,03.CCTV Mobile Usage.mkv,632de9ed55947761d56d4c6142a3cb1a1fe69d0b1a6d0e01a2e404c697962623,dfine_sahi,103500.0,unknown_object,0.2639,878.51,411.28,969.86,505.63,8618.9,91.35,94.35,0.968,False,,True,R-desk,21,evt_S-61_desk_work_surface_0004,21618b8f2530ce00,lap_bag_context,no_pose_observation,34560.0,1.33,,1,cam12/e1/v1,
corpus_03,03.CCTV Mobile Usage.mkv,632de9ed55947761d56d4c6142a3cb1a1fe69d0b1a6d0e01a2e404c697962623,dfine_sahi,103500.0,unknown_object,0.6907,171.35,397.29,190.31,513.02,2193.6,18.95,115.73,0.164,False,,True,S-61,17,evt_S-61_desk_work_surface_0004,37282cdd2ce70388,pose_hand_context,,36288.3,3.36,,1,cam12/e1/v1,rtmpose_baseline
corpus_03,03.CCTV Mobile Usage.mkv,632de9ed55947761d56d4c6142a3cb1a1fe69d0b1a6d0e01a2e404c697962623,dfine_sahi,103500.0,unknown_object,0.6228,110.61,454.41,176.89,521.62,4455.0,66.29,67.21,0.986,False,,True,S-61,17,evt_S-61_desk_work_surface_0004,37282cdd2ce70388,pose_hand_context,,36288.3,3.36,,1,cam12/e1/v1,rtmpose_baseline
corpus_03,03.CCTV Mobile Usage.mkv,632de9ed55947761d56d4c6142a3cb1a1fe69d0b1a6d0e01a2e404c697962623,dfine_sahi,103500.0,unknown_object,0.4876,38.44,426.62,106.94,473.83,3234.4,68.51,47.21,1.451,False,,True,S-61,17,evt_S-61_desk_work_surface_0004,37282cdd2ce70388,pose_hand_context,,36288.3,3.36,,1,cam12/e1/v1,rtmpose_baseline
corpus_03,03.CCTV Mobile Usage.mkv,632de9ed55947761d56d4c6142a3cb1a1fe69d0b1a6d0e01a2e404c697962623,dfine_sahi,103500.0,unknown_object,0.363,83.04,426.25,187.74,532.47,11121.7,104.7,106.23,0.986,False,,True,S-61,17,evt_S-61_desk_work_surface_0004,37282cdd2ce70388,pose_hand_context,,36288.3,3.36,,1,cam12/e1/v1,rtmpose_baseline
corpus_03,03.CCTV Mobile Usage.mkv,632de9ed55947761d56d4c6142a3cb1a1fe69d0b1a6d0e01a2e404c697962623,dfine_sahi,103500.0,unknown_object,0.3593,0.04,426.53,106.9,532.46,11319.3,106.85,105.93,1.009,False,,True,S-61,17,evt_S-61_desk_work_surface_0004,37282cdd2ce70388,pose_hand_context,,36288.3,3.36,,1,cam12/e1/v1,rtmpose_baseline
corpus_03,03.CCTV Mobile Usage.mkv,632de9ed55947761d56d4c6142a3cb1a1fe69d0b1a6d0e01a2e404c697962623,dfine_sahi,103500.0,unknown_object,0.3287,170.71,394.83,190.08,449.79,1065.1,19.38,54.96,0.353,False,,True,S-61,17,evt_S-61_desk_work_surface_0004,37282cdd2ce70388,pose_hand_context,,36288.3,3.36,,1,cam12/e1/v1,rtmpose_baseline
corpus_03,03.CCTV Mobile Usage.mkv,632de9ed55947761d56d4c6142a3cb1a1fe69d0b1a6d0e01a2e404c697962623,dfine_sahi,103500.0,unknown_object,0.3033,34.54,342.1,106.99,429.07,6301.0,72.45,86.97,0.833,False,,True,S-61,17,evt_S-61_desk_work_surface_0004,37282cdd2ce70388,pose_hand_context,,36288.3,3.36,,1,cam12/e1/v1,rtmpose_baseline
corpus_03,03.CCTV Mobile Usage.mkv,632de9ed55947761d56d4c6142a3cb1a1fe69d0b1a6d0e01a2e404c697962623,dfine_sahi,103500.0,unknown_object,0.277,83.88,386.6,156.87,430.67,3217.4,73.0,44.08,1.656,False,,True,S-61,17,evt_S-61_desk_work_surface_0004,37282cdd2ce70388,pose_hand_context,,36288.3,3.36,,1,cam12/e1/v1,rtmpose_baseline
corpus_03,03.CCTV Mobile Usage.mkv,632de9ed55947761d56d4c6142a3cb1a1fe69d0b1a6d0e01a2e404c697962623,dfine_sahi,103500.0,unknown_object,0.2608,46.6,509.59,82.04,532.95,827.8,35.43,23.36,1.517,False,,True,S-61,17,evt_S-61_desk_work_surface_0004,37282cdd2ce70388,pose_hand_context,,36288.3,3.36,,1,cam12/e1/v1,rtmpose_baseline
corpus_03,03.CCTV Mobile Usage.mkv,632de9ed55947761d56d4c6142a3cb1a1fe69d0b1a6d0e01a2e404c697962623,dfine_sahi,104067.0,keyboard,0.9169,962.28,451.95,1068.03,491.44,4176.6,105.75,39.5,2.678,False,,True,R-desk,22,evt_S-61_upper_body_0018,106fe20c61c64386,lap_bag_context,no_pose_observation,34560.0,1.33,,1,cam12/e1/v1,
corpus_03,03.CCTV Mobile Usage.mkv,632de9ed55947761d56d4c6142a3cb1a1fe69d0b1a6d0e01a2e404c697962623,dfine_sahi,104067.0,phone,0.745,1043.6,421.86,1112.17,474.0,3575.0,68.57,52.14,1.315,False,,True,R-desk,22,evt_S-61_upper_body_0018,106fe20c61c64386,lap_bag_context,no_pose_observation,34560.0,1.33,,1,cam12/e1/v1,
corpus_03,03.CCTV Mobile Usage.mkv,632de9ed55947761d56d4c6142a3cb1a1fe69d0b1a6d0e01a2e404c697962623,dfine_sahi,104067.0,monitor_or_bezel,0.7325,910.21,411.29,1141.46,506.36,21985.5,231.25,95.07,2.432,False,,True,R-desk,22,evt_S-61_upper_body_0018,106fe20c61c64386,lap_bag_context,no_pose_observation,34560.0,1.33,,1,cam12/e1/v1,
corpus_03,03.CCTV Mobile Usage.mkv,632de9ed55947761d56d4c6142a3cb1a1fe69d0b1a6d0e01a2e404c697962623,dfine_sahi,104067.0,mouse,0.7274,864.74,413.43,891.42,435.04,576.7,26.69,21.61,1.235,False,,True,R-desk,22,evt_S-61_upper_body_0018,106fe20c61c64386,lap_bag_context,no_pose_observation,34560.0,1.33,,1,cam12/e1/v1,
corpus_03,03.CCTV Mobile Usage.mkv,632de9ed55947761d56d4c6142a3cb1a1fe69d0b1a6d0e01a2e404c697962623,dfine_sahi,104067.0,unknown_object,0.7169,699.87,396.2,848.57,491.79,14213.2,148.7,95.58,1.556,False,,True,R-desk,22,evt_S-61_upper_body_0018,106fe20c61c64386,lap_bag_context,no_pose_observation,34560.0,1.33,,1,cam12/e1/v1,
corpus_03,03.CCTV Mobile Usage.mkv,632de9ed55947761d56d4c6142a3cb1a1fe69d0b1a6d0e01a2e404c697962623,dfine_sahi,104067.0,monitor_or_bezel,0.7088,1018.98,395.77,1146.16,448.53,6710.8,127.19,52.76,2.411,False,,True,R-desk,22,evt_S-61_upper_body_0018,106fe20c61c64386,lap_bag_context,no_pose_observation,34560.0,1.33,,1,cam12/e1/v1,
corpus_03,03.CCTV Mobile Usage.mkv,632de9ed55947761d56d4c6142a3cb1a1fe69d0b1a6d0e01a2e404c697962623,dfine_sahi,104067.0,keyboard,0.7024,772.41,380.18,870.38,420.33,3934.2,97.98,40.15,2.44,False,,True,R-desk,22,evt_S-61_upper_body_0018,106fe20c61c64386,lap_bag_context,no_pose_observation,34560.0,1.33,,1,cam12/e1/v1,
corpus_03,03.CCTV Mobile Usage.mkv,632de9ed55947761d56d4c6142a3cb1a1fe69d0b1a6d0e01a2e404c697962623,dfine_sahi,104067.0,keyboard,0.6635,962.95,452.3,1034.18,475.52,1654.2,71.23,23.22,3.067,False,,True,R-desk,22,evt_S-61_upper_body_0018,106fe20c61c64386,lap_bag_context,no_pose_observation,34560.0,1.33,,1,cam12/e1/v1,
corpus_03,03.CCTV Mobile Usage.mkv,632de9ed55947761d56d4c6142a3cb1a1fe69d0b1a6d0e01a2e404c697962623,dfine_sahi,104067.0,monitor_or_bezel,0.5781,706.67,379.89,969.26,474.71,24899.0,262.59,94.82,2.769,False,,True,R-desk,22,evt_S-61_upper_body_0018,106fe20c61c64386,lap_bag_context,no_pose_observation,34560.0,1.33,,1,cam12/e1/v1,
corpus_03,03.CCTV Mobile Usage.mkv,632de9ed55947761d56d4c6142a3cb1a1fe69d0b1a6d0e01a2e404c697962623,dfine_sahi,104067.0,keyboard,0.5548,802.84,396.3,870.33,420.63,1642.4,67.49,24.34,2.773,False,,True,R-desk,22,evt_S-61_upper_body_0018,106fe20c61c64386,lap_bag_context,no_pose_observation,34560.0,1.33,,1,cam12/e1/v1,
corpus_03,03.CCTV Mobile Usage.mkv,632de9ed55947761d56d4c6142a3cb1a1fe69d0b1a6d0e01a2e404c697962623,dfine_sahi,104067.0,monitor_or_bezel,0.5338,962.77,380.43,1152.98,474.85,17960.3,190.21,94.42,2.015,False,,True,R-desk,22,evt_S-61_upper_body_0018,106fe20c61c64386,lap_bag_context,no_pose_observation,34560.0,1.33,,1,cam12/e1/v1,
corpus_03,03.CCTV Mobile Usage.mkv,632de9ed55947761d56d4c6142a3cb1a1fe69d0b1a6d0e01a2e404c697962623,dfine_sahi,104067.0,unknown_object,0.5253,699.99,380.65,758.69,475.05,5540.9,58.69,94.4,0.622,False,,True,R-desk,22,evt_S-61_upper_body_0018,106fe20c61c64386,lap_bag_context,no_pose_observation,34560.0,1.33,,1,cam12/e1/v1,
corpus_03,03.CCTV Mobile Usage.mkv,632de9ed55947761d56d4c6142a3cb1a1fe69d0b1a6d0e01a2e404c697962623,dfine_sahi,104067.0,unknown_object,0.4972,750.17,411.0,969.69,505.98,20851.3,219.52,94.98,2.311,False,,True,R-desk,22,evt_S-61_upper_body_0018,106fe20c61c64386,lap_bag_context,no_pose_observation,34560.0,1.33,,1,cam12/e1/v1,
corpus_03,03.CCTV Mobile Usage.mkv,632de9ed55947761d56d4c6142a3cb1a1fe69d0b1a6d0e01a2e404c697962623,dfine_sahi,104067.0,keyboard,0.4616,910.07,411.38,1092.0,506.16,17243.5,181.93,94.78,1.92,False,,True,R-desk,22,evt_S-61_upper_body_0018,106fe20c61c64386,lap_bag_context,no_pose_observation,34560.0,1.33,,1,cam12/e1/v1,
corpus_03,03.CCTV Mobile Usage.mkv,632de9ed55947761d56d4c6142a3cb1a1fe69d0b1a6d0e01a2e404c697962623,dfine_sahi,104067.0,phone,0.3881,1051.51,411.43,1139.96,446.91,3138.5,88.45,35.48,2.493,False,,True,R-desk,22,evt_S-61_upper_body_0018,106fe20c61c64386,lap_bag_context,no_pose_observation,34560.0,1.33,,1,cam12/e1/v1,
corpus_03,03.CCTV Mobile Usage.mkv,632de9ed55947761d56d4c6142a3cb1a1fe69d0b1a6d0e01a2e404c697962623,dfine_sahi,104067.0,mouse,0.378,967.04,398.39,991.84,410.66,304.3,24.8,12.27,2.021,False,,True,R-desk,22,evt_S-61_upper_body_0018,106fe20c61c64386,lap_bag_context,no_pose_observation,34560.0,1.33,,1,cam12/e1/v1,
corpus_03,03.CCTV Mobile Usage.mkv,632de9ed55947761d56d4c6142a3cb1a1fe69d0b1a6d0e01a2e404c697962623,dfine_sahi,104067.0,monitor_or_bezel,0.3664,880.89,396.16,948.81,452.62,3834.7,67.92,56.46,1.203,False,,True,R-desk,22,evt_S-61_upper_body_0018,106fe20c61c64386,lap_bag_context,no_pose_observation,34560.0,1.33,,1,cam12/e1/v1,
corpus_03,03.CCTV Mobile Usage.mkv,632de9ed55947761d56d4c6142a3cb1a1fe69d0b1a6d0e01a2e404c697962623,dfine_sahi,104067.0,mouse,0.2747,991.52,401.12,1028.12,413.65,458.7,36.6,12.53,2.92,False,,True,R-desk,22,evt_S-61_upper_body_0018,106fe20c61c64386,lap_bag_context,no_pose_observation,34560.0,1.33,,1,cam12/e1/v1,
corpus_03,03.CCTV Mobile Usage.mkv,632de9ed55947761d56d4c6142a3cb1a1fe69d0b1a6d0e01a2e404c697962623,dfine_sahi,104067.0,unknown_object,0.2719,878.69,411.28,969.85,505.63,8600.7,91.16,94.35,0.966,False,,True,R-desk,22,evt_S-61_upper_body_0018,106fe20c61c64386,lap_bag_context,no_pose_observation,34560.0,1.33,,1,cam12/e1/v1,
corpus_03,03.CCTV Mobile Usage.mkv,632de9ed55947761d56d4c6142a3cb1a1fe69d0b1a6d0e01a2e404c697962623,dfine_sahi,104067.0,keyboard,0.2667,962.66,421.44,1117.35,475.55,8369.9,154.69,54.11,2.859,False,,True,R-desk,22,evt_S-61_upper_body_0018,106fe20c61c64386,lap_bag_context,no_pose_observation,34560.0,1.33,,1,cam12/e1/v1,
corpus_03,03.CCTV Mobile Usage.mkv,632de9ed55947761d56d4c6142a3cb1a1fe69d0b1a6d0e01a2e404c697962623,dfine_sahi,104067.0,keyboard,0.9169,962.28,451.95,1068.03,491.44,4176.6,105.75,39.5,2.678,False,,True,R-desk,21,evt_S-61_upper_body_0018,106fe20c61c64386,lap_bag_context,no_pose_observation,34560.0,1.33,,1,cam12/e1/v1,
corpus_03,03.CCTV Mobile Usage.mkv,632de9ed55947761d56d4c6142a3cb1a1fe69d0b1a6d0e01a2e404c697962623,dfine_sahi,104067.0,phone,0.745,1043.6,421.86,1112.17,474.0,3575.0,68.57,52.14,1.315,False,,True,R-desk,21,evt_S-61_upper_body_0018,106fe20c61c64386,lap_bag_context,no_pose_observation,34560.0,1.33,,1,cam12/e1/v1,
corpus_03,03.CCTV Mobile Usage.mkv,632de9ed55947761d56d4c6142a3cb1a1fe69d0b1a6d0e01a2e404c697962623,dfine_sahi,104067.0,monitor_or_bezel,0.7325,910.21,411.29,1141.46,506.36,21985.5,231.25,95.07,2.432,False,,True,R-desk,21,evt_S-61_upper_body_0018,106fe20c61c64386,lap_bag_context,no_pose_observation,34560.0,1.33,,1,cam12/e1/v1,
corpus_03,03.CCTV Mobile Usage.mkv,632de9ed55947761d56d4c6142a3cb1a1fe69d0b1a6d0e01a2e404c697962623,dfine_sahi,104067.0,mouse,0.7274,864.74,413.43,891.42,435.04,576.7,26.69,21.61,1.235,False,,True,R-desk,21,evt_S-61_upper_body_0018,106fe20c61c64386,lap_bag_context,no_pose_observation,34560.0,1.33,,1,cam12/e1/v1,
corpus_03,03.CCTV Mobile Usage.mkv,632de9ed55947761d56d4c6142a3cb1a1fe69d0b1a6d0e01a2e404c697962623,dfine_sahi,104067.0,unknown_object,0.7169,699.87,396.2,848.57,491.79,14213.2,148.7,95.58,1.556,False,,True,R-desk,21,evt_S-61_upper_body_0018,106fe20c61c64386,lap_bag_context,no_pose_observation,34560.0,1.33,,1,cam12/e1/v1,
corpus_03,03.CCTV Mobile Usage.mkv,632de9ed55947761d56d4c6142a3cb1a1fe69d0b1a6d0e01a2e404c697962623,dfine_sahi,104067.0,monitor_or_bezel,0.7088,1018.98,395.77,1146.16,448.53,6710.8,127.19,52.76,2.411,False,,True,R-desk,21,evt_S-61_upper_body_0018,106fe20c61c64386,lap_bag_context,no_pose_observation,34560.0,1.33,,1,cam12/e1/v1,
corpus_03,03.CCTV Mobile Usage.mkv,632de9ed55947761d56d4c6142a3cb1a1fe69d0b1a6d0e01a2e404c697962623,dfine_sahi,104067.0,keyboard,0.7024,772.41,380.18,870.38,420.33,3934.2,97.98,40.15,2.44,False,,True,R-desk,21,evt_S-61_upper_body_0018,106fe20c61c64386,lap_bag_context,no_pose_observation,34560.0,1.33,,1,cam12/e1/v1,
corpus_03,03.CCTV Mobile Usage.mkv,632de9ed55947761d56d4c6142a3cb1a1fe69d0b1a6d0e01a2e404c697962623,dfine_sahi,104067.0,keyboard,0.6635,962.95,452.3,1034.18,475.52,1654.2,71.23,23.22,3.067,False,,True,R-desk,21,evt_S-61_upper_body_0018,106fe20c61c64386,lap_bag_context,no_pose_observation,34560.0,1.33,,1,cam12/e1/v1,
corpus_03,03.CCTV Mobile Usage.mkv,632de9ed55947761d56d4c6142a3cb1a1fe69d0b1a6d0e01a2e404c697962623,dfine_sahi,104067.0,monitor_or_bezel,0.5781,706.67,379.89,969.26,474.71,24899.0,262.59,94.82,2.769,False,,True,R-desk,21,evt_S-61_upper_body_0018,106fe20c61c64386,lap_bag_context,no_pose_observation,34560.0,1.33,,1,cam12/e1/v1,
corpus_03,03.CCTV Mobile Usage.mkv,632de9ed55947761d56d4c6142a3cb1a1fe69d0b1a6d0e01a2e404c697962623,dfine_sahi,104067.0,keyboard,0.5548,802.84,396.3,870.33,420.63,1642.4,67.49,24.34,2.773,False,,True,R-desk,21,evt_S-61_upper_body_0018,106fe20c61c64386,lap_bag_context,no_pose_observation,34560.0,1.33,,1,cam12/e1/v1,
corpus_03,03.CCTV Mobile Usage.mkv,632de9ed55947761d56d4c6142a3cb1a1fe69d0b1a6d0e01a2e404c697962623,dfine_sahi,104067.0,monitor_or_bezel,0.5338,962.77,380.43,1152.98,474.85,17960.3,190.21,94.42,2.015,False,,True,R-desk,21,evt_S-61_upper_body_0018,106fe20c61c64386,lap_bag_context,no_pose_observation,34560.0,1.33,,1,cam12/e1/v1,
corpus_03,03.CCTV Mobile Usage.mkv,632de9ed55947761d56d4c6142a3cb1a1fe69d0b1a6d0e01a2e404c697962623,dfine_sahi,104067.0,unknown_object,0.5253,699.99,380.65,758.69,475.05,5540.9,58.69,94.4,0.622,False,,True,R-desk,21,evt_S-61_upper_body_0018,106fe20c61c64386,lap_bag_context,no_pose_observation,34560.0,1.33,,1,cam12/e1/v1,
corpus_03,03.CCTV Mobile Usage.mkv,632de9ed55947761d56d4c6142a3cb1a1fe69d0b1a6d0e01a2e404c697962623,dfine_sahi,104067.0,unknown_object,0.4972,750.17,411.0,969.69,505.98,20851.3,219.52,94.98,2.311,False,,True,R-desk,21,evt_S-61_upper_body_0018,106fe20c61c64386,lap_bag_context,no_pose_observation,34560.0,1.33,,1,cam12/e1/v1,
corpus_03,03.CCTV Mobile Usage.mkv,632de9ed55947761d56d4c6142a3cb1a1fe69d0b1a6d0e01a2e404c697962623,dfine_sahi,104067.0,keyboard,0.4616,910.07,411.38,1092.0,506.16,17243.5,181.93,94.78,1.92,False,,True,R-desk,21,evt_S-61_upper_body_0018,106fe20c61c64386,lap_bag_context,no_pose_observation,34560.0,1.33,,1,cam12/e1/v1,
corpus_03,03.CCTV Mobile Usage.mkv,632de9ed55947761d56d4c6142a3cb1a1fe69d0b1a6d0e01a2e404c697962623,dfine_sahi,104067.0,phone,0.3881,1051.51,411.43,1139.96,446.91,3138.5,88.45,35.48,2.493,False,,True,R-desk,21,evt_S-61_upper_body_0018,106fe20c61c64386,lap_bag_context,no_pose_observation,34560.0,1.33,,1,cam12/e1/v1,
corpus_03,03.CCTV Mobile Usage.mkv,632de9ed55947761d56d4c6142a3cb1a1fe69d0b1a6d0e01a2e404c697962623,dfine_sahi,104067.0,mouse,0.378,967.04,398.39,991.84,410.66,304.3,24.8,12.27,2.021,False,,True,R-desk,21,evt_S-61_upper_body_0018,106fe20c61c64386,lap_bag_context,no_pose_observation,34560.0,1.33,,1,cam12/e1/v1,
corpus_03,03.CCTV Mobile Usage.mkv,632de9ed55947761d56d4c6142a3cb1a1fe69d0b1a6d0e01a2e404c697962623,dfine_sahi,104067.0,monitor_or_bezel,0.3664,880.89,396.16,948.81,452.62,3834.7,67.92,56.46,1.203,False,,True,R-desk,21,evt_S-61_upper_body_0018,106fe20c61c64386,lap_bag_context,no_pose_observation,34560.0,1.33,,1,cam12/e1/v1,
corpus_03,03.CCTV Mobile Usage.mkv,632de9ed55947761d56d4c6142a3cb1a1fe69d0b1a6d0e01a2e404c697962623,dfine_sahi,104067.0,mouse,0.2747,991.52,401.12,1028.12,413.65,458.7,36.6,12.53,2.92,False,,True,R-desk,21,evt_S-61_upper_body_0018,106fe20c61c64386,lap_bag_context,no_pose_observation,34560.0,1.33,,1,cam12/e1/v1,
corpus_03,03.CCTV Mobile Usage.mkv,632de9ed55947761d56d4c6142a3cb1a1fe69d0b1a6d0e01a2e404c697962623,dfine_sahi,104067.0,unknown_object,0.2719,878.69,411.28,969.85,505.63,8600.7,91.16,94.35,0.966,False,,True,R-desk,21,evt_S-61_upper_body_0018,106fe20c61c64386,lap_bag_context,no_pose_observation,34560.0,1.33,,1,cam12/e1/v1,
corpus_03,03.CCTV Mobile Usage.mkv,632de9ed55947761d56d4c6142a3cb1a1fe69d0b1a6d0e01a2e404c697962623,dfine_sahi,104067.0,keyboard,0.2667,962.66,421.44,1117.35,475.55,8369.9,154.69,54.11,2.859,False,,True,R-desk,21,evt_S-61_upper_body_0018,106fe20c61c64386,lap_bag_context,no_pose_observation,34560.0,1.33,,1,cam12/e1/v1,
corpus_03,03.CCTV Mobile Usage.mkv,632de9ed55947761d56d4c6142a3cb1a1fe69d0b1a6d0e01a2e404c697962623,dfine_sahi,104067.0,monitor_or_bezel,0.5555,796.02,2.39,843.92,44.4,2012.4,47.9,42.01,1.14,False,,True,unattributed,18,evt_S-61_upper_body_0018,803a895752aa8ab0,native_source_context_fallback,wrist_confidence_below_floor,9340.2,6.61,,1,cam12/e1/v1,rtmpose_baseline
corpus_03,03.CCTV Mobile Usage.mkv,632de9ed55947761d56d4c6142a3cb1a1fe69d0b1a6d0e01a2e404c697962623,dfine_sahi,104067.0,monitor_or_bezel,0.3791,796.0,29.04,844.2,45.05,772.1,48.2,16.02,3.009,False,,True,unattributed,18,evt_S-61_upper_body_0018,803a895752aa8ab0,native_source_context_fallback,wrist_confidence_below_floor,9340.2,6.61,,1,cam12/e1/v1,rtmpose_baseline
corpus_03,03.CCTV Mobile Usage.mkv,632de9ed55947761d56d4c6142a3cb1a1fe69d0b1a6d0e01a2e404c697962623,dfine_sahi,104067.0,unknown_object,0.2644,830.77,84.82,913.88,103.84,1580.6,83.11,19.02,4.37,False,,True,unattributed,18,evt_S-61_upper_body_0018,803a895752aa8ab0,native_source_context_fallback,wrist_confidence_below_floor,9340.2,6.61,,1,cam12/e1/v1,rtmpose_baseline
corpus_03,03.CCTV Mobile Usage.mkv,632de9ed55947761d56d4c6142a3cb1a1fe69d0b1a6d0e01a2e404c697962623,dfine_sahi,104067.0,unknown_object,0.2524,796.4,84.5,891.91,124.83,3851.7,95.51,40.33,2.368,False,,True,unattributed,18,evt_S-61_upper_body_0018,803a895752aa8ab0,native_source_context_fallback,wrist_confidence_below_floor,9340.2,6.61,,1,cam12/e1/v1,rtmpose_baseline
corpus_03,03.CCTV Mobile Usage.mkv,632de9ed55947761d56d4c6142a3cb1a1fe69d0b1a6d0e01a2e404c697962623,dfine_sahi,104067.0,unknown_object,0.8416,110.76,454.53,176.84,520.81,4379.5,66.08,66.28,0.997,False,,True,S-61,17,evt_S-61_upper_body_0018,c23c170093e5b93f,pose_hand_context,,38602.3,3.23,,1,cam12/e1/v1,rtmpose_baseline
corpus_03,03.CCTV Mobile Usage.mkv,632de9ed55947761d56d4c6142a3cb1a1fe69d0b1a6d0e01a2e404c697962623,dfine_sahi,104067.0,unknown_object,0.5281,-0.24,338.16,108.99,449.49,12158.9,109.22,111.32,0.981,False,,True,S-61,17,evt_S-61_upper_body_0018,c23c170093e5b93f,pose_hand_context,,38602.3,3.23,,1,cam12/e1/v1,rtmpose_baseline
corpus_03,03.CCTV Mobile Usage.mkv,632de9ed55947761d56d4c6142a3cb1a1fe69d0b1a6d0e01a2e404c697962623,dfine_sahi,104067.0,unknown_object,0.4477,38.29,425.35,108.9,473.82,3422.4,70.61,48.47,1.457,False,,True,S-61,17,evt_S-61_upper_body_0018,c23c170093e5b93f,pose_hand_context,,38602.3,3.23,,1,cam12/e1/v1,rtmpose_baseline
corpus_03,03.CCTV Mobile Usage.mkv,632de9ed55947761d56d4c6142a3cb1a1fe69d0b1a6d0e01a2e404c697962623,dfine_sahi,104067.0,unknown_object,0.4309,-0.05,425.36,109.03,535.62,12026.7,109.08,110.26,0.989,False,,True,S-61,17,evt_S-61_upper_body_0018,c23c170093e5b93f,pose_hand_context,,38602.3,3.23,,1,cam12/e1/v1,rtmpose_baseline
corpus_03,03.CCTV Mobile Usage.mkv,632de9ed55947761d56d4c6142a3cb1a1fe69d0b1a6d0e01a2e404c697962623,dfine_sahi,104067.0,unknown_object,0.3904,84.98,387.31,174.91,449.37,5581.0,89.93,62.06,1.449,False,,True,S-61,17,evt_S-61_upper_body_0018,c23c170093e5b93f,pose_hand_context,,38602.3,3.23,,1,cam12/e1/v1,rtmpose_baseline
corpus_03,03.CCTV Mobile Usage.mkv,632de9ed55947761d56d4c6142a3cb1a1fe69d0b1a6d0e01a2e404c697962623,dfine_sahi,104067.0,unknown_object,0.3887,171.15,393.11,195.14,449.8,1359.6,23.98,56.69,0.423,False,,True,S-61,17,evt_S-61_upper_body_0018,c23c170093e5b93f,pose_hand_context,,38602.3,3.23,,1,cam12/e1/v1,rtmpose_baseline
corpus_03,03.CCTV Mobile Usage.mkv,632de9ed55947761d56d4c6142a3cb1a1fe69d0b1a6d0e01a2e404c697962623,dfine_sahi,104067.0,unknown_object,0.3028,-0.47,338.32,186.68,535.03,36814.8,187.15,196.71,0.951,False,,True,S-61,17,evt_S-61_upper_body_0018,c23c170093e5b93f,pose_hand_context,,38602.3,3.23,,1,cam12/e1/v1,rtmpose_baseline
corpus_03,03.CCTV Mobile Usage.mkv,632de9ed55947761d56d4c6142a3cb1a1fe69d0b1a6d0e01a2e404c697962623,dfine_sahi,104067.0,unknown_object,0.281,44.74,509.38,84.54,535.94,1057.3,39.8,26.56,1.498,False,,True,S-61,17,evt_S-61_upper_body_0018,c23c170093e5b93f,pose_hand_context,,38602.3,3.23,,1,cam12/e1/v1,rtmpose_baseline
corpus_03,03.CCTV Mobile Usage.mkv,632de9ed55947761d56d4c6142a3cb1a1fe69d0b1a6d0e01a2e404c697962623,dfine_sahi,104500.0,unknown_object,0.6963,115.39,649.13,156.24,679.96,1259.3,40.85,30.83,1.325,False,,True,S-61,17,evt_S-61_desk_work_surface_0004,11a84f3ed4dbc72d,pose_hand_context,,58341.6,2.65,,1,cam12/e1/v1,rtmpose_baseline
corpus_03,03.CCTV Mobile Usage.mkv,632de9ed55947761d56d4c6142a3cb1a1fe69d0b1a6d0e01a2e404c697962623,dfine_sahi,104500.0,unknown_object,0.6838,114.96,544.22,250.04,679.41,18260.6,135.07,135.19,0.999,False,,True,S-61,17,evt_S-61_desk_work_surface_0004,11a84f3ed4dbc72d,pose_hand_context,,58341.6,2.65,,1,cam12/e1/v1,rtmpose_baseline
corpus_03,03.CCTV Mobile Usage.mkv,632de9ed55947761d56d4c6142a3cb1a1fe69d0b1a6d0e01a2e404c697962623,dfine_sahi,104500.0,unknown_object,0.6111,115.23,454.43,177.2,521.21,4138.4,61.97,66.78,0.928,False,,True,S-61,17,evt_S-61_desk_work_surface_0004,11a84f3ed4dbc72d,pose_hand_context,,58341.6,2.65,,1,cam12/e1/v1,rtmpose_baseline
corpus_03,03.CCTV Mobile Usage.mkv,632de9ed55947761d56d4c6142a3cb1a1fe69d0b1a6d0e01a2e404c697962623,dfine_sahi,104500.0,unknown_object,0.5084,145.28,669.94,177.71,679.98,325.4,32.42,10.04,3.231,False,,True,S-61,17,evt_S-61_desk_work_surface_0004,11a84f3ed4dbc72d,pose_hand_context,,58341.6,2.65,,1,cam12/e1/v1,rtmpose_baseline
corpus_03,03.CCTV Mobile Usage.mkv,632de9ed55947761d56d4c6142a3cb1a1fe69d0b1a6d0e01a2e404c697962623,dfine_sahi,104500.0,unknown_object,0.3708,220.02,544.44,355.87,679.52,18350.9,135.85,135.08,1.006,False,,True,S-61,17,evt_S-61_desk_work_surface_0004,11a84f3ed4dbc72d,pose_hand_context,,58341.6,2.65,,1,cam12/e1/v1,rtmpose_baseline
corpus_03,03.CCTV Mobile Usage.mkv,632de9ed55947761d56d4c6142a3cb1a1fe69d0b1a6d0e01a2e404c697962623,dfine_sahi,104500.0,mouse,0.3677,115.46,649.2,156.81,679.94,1271.1,41.35,30.74,1.345,False,,True,S-61,17,evt_S-61_desk_work_surface_0004,11a84f3ed4dbc72d,pose_hand_context,,58341.6,2.65,,1,cam12/e1/v1,rtmpose_baseline
corpus_03,03.CCTV Mobile Usage.mkv,632de9ed55947761d56d4c6142a3cb1a1fe69d0b1a6d0e01a2e404c697962623,dfine_sahi,104500.0,unknown_object,0.3582,303.03,438.24,355.94,527.12,4703.8,52.92,88.89,0.595,False,,True,S-61,17,evt_S-61_desk_work_surface_0004,11a84f3ed4dbc72d,pose_hand_context,,58341.6,2.65,,1,cam12/e1/v1,rtmpose_baseline
corpus_03,03.CCTV Mobile Usage.mkv,632de9ed55947761d56d4c6142a3cb1a1fe69d0b1a6d0e01a2e404c697962623,dfine_sahi,104500.0,unknown_object,0.333,114.92,438.65,206.63,573.51,12367.7,91.71,134.86,0.68,False,,True,S-61,17,evt_S-61_desk_work_surface_0004,11a84f3ed4dbc72d,pose_hand_context,,58341.6,2.65,,1,cam12/e1/v1,rtmpose_baseline
corpus_03,03.CCTV Mobile Usage.mkv,632de9ed55947761d56d4c6142a3cb1a1fe69d0b1a6d0e01a2e404c697962623,dfine_sahi,104500.0,unknown_object,0.2697,142.59,601.64,161.16,617.63,296.9,18.57,15.98,1.162,False,,True,S-61,17,evt_S-61_desk_work_surface_0004,11a84f3ed4dbc72d,pose_hand_context,,58341.6,2.65,,1,cam12/e1/v1,rtmpose_baseline
corpus_03,03.CCTV Mobile Usage.mkv,632de9ed55947761d56d4c6142a3cb1a1fe69d0b1a6d0e01a2e404c697962623,dfine_sahi,104500.0,unknown_object,0.2594,220.04,438.28,355.89,573.14,18321.1,135.85,134.87,1.007,False,,True,S-61,17,evt_S-61_desk_work_surface_0004,11a84f3ed4dbc72d,pose_hand_context,,58341.6,2.65,,1,cam12/e1/v1,rtmpose_baseline
corpus_03,03.CCTV Mobile Usage.mkv,632de9ed55947761d56d4c6142a3cb1a1fe69d0b1a6d0e01a2e404c697962623,dfine_sahi,104500.0,monitor_or_bezel,0.618,795.02,2.41,843.96,44.7,2069.8,48.94,42.29,1.157,False,,True,unattributed,18,evt_S-61_desk_work_surface_0004,394db3e8861080b1,native_source_context_fallback,wrist_confidence_below_floor,9542.4,6.55,,1,cam12/e1/v1,rtmpose_baseline
corpus_03,03.CCTV Mobile Usage.mkv,632de9ed55947761d56d4c6142a3cb1a1fe69d0b1a6d0e01a2e404c697962623,dfine_sahi,104500.0,monitor_or_bezel,0.4345,795.02,29.05,843.64,44.91,771.1,48.61,15.86,3.065,False,,True,unattributed,18,evt_S-61_desk_work_surface_0004,394db3e8861080b1,native_source_context_fallback,wrist_confidence_below_floor,9542.4,6.55,,1,cam12/e1/v1,rtmpose_baseline
corpus_03,03.CCTV Mobile Usage.mkv,632de9ed55947761d56d4c6142a3cb1a1fe69d0b1a6d0e01a2e404c697962623,dfine_sahi,104500.0,unknown_object,0.3335,803.97,46.04,831.55,86.31,1110.5,27.58,40.27,0.685,False,,True,unattributed,18,evt_S-61_desk_work_surface_0004,394db3e8861080b1,native_source_context_fallback,wrist_confidence_below_floor,9542.4,6.55,,1,cam12/e1/v1,rtmpose_baseline
corpus_03,03.CCTV Mobile Usage.mkv,632de9ed55947761d56d4c6142a3cb1a1fe69d0b1a6d0e01a2e404c697962623,dfine_sahi,104500.0,phone,0.2781,847.66,83.12,859.86,87.09,48.5,12.2,3.97,3.071,True,object footprint 48 px is under the 120 px floor for a call,False,unattributed,18,evt_S-61_desk_work_surface_0004,394db3e8861080b1,native_source_context_fallback,wrist_confidence_below_floor,9542.4,6.55,,1,cam12/e1/v1,rtmpose_baseline
corpus_03,03.CCTV Mobile Usage.mkv,632de9ed55947761d56d4c6142a3cb1a1fe69d0b1a6d0e01a2e404c697962623,dfine_sahi,104500.0,keyboard,0.9115,962.23,451.9,1067.99,491.47,4185.0,105.76,39.57,2.673,False,,True,R-desk,22,evt_S-61_desk_work_surface_0004,e9011dbea08156df,lap_bag_context,no_pose_observation,34560.0,1.33,,1,cam12/e1/v1,
corpus_03,03.CCTV Mobile Usage.mkv,632de9ed55947761d56d4c6142a3cb1a1fe69d0b1a6d0e01a2e404c697962623,dfine_sahi,104500.0,phone,0.7541,1043.73,421.96,1112.38,473.82,3560.4,68.64,51.87,1.323,False,,True,R-desk,22,evt_S-61_desk_work_surface_0004,e9011dbea08156df,lap_bag_context,no_pose_observation,34560.0,1.33,,1,cam12/e1/v1,
corpus_03,03.CCTV Mobile Usage.mkv,632de9ed55947761d56d4c6142a3cb1a1fe69d0b1a6d0e01a2e404c697962623,dfine_sahi,104500.0,monitor_or_bezel,0.7413,910.18,411.23,1141.85,506.38,22043.6,231.67,95.15,2.435,False,,True,R-desk,22,evt_S-61_desk_work_surface_0004,e9011dbea08156df,lap_bag_context,no_pose_observation,34560.0,1.33,,1,cam12/e1/v1,
corpus_03,03.CCTV Mobile Usage.mkv,632de9ed55947761d56d4c6142a3cb1a1fe69d0b1a6d0e01a2e404c697962623,dfine_sahi,104500.0,monitor_or_bezel,0.7261,1018.62,395.7,1146.02,448.32,6703.7,127.4,52.62,2.421,False,,True,R-desk,22,evt_S-61_desk_work_surface_0004,e9011dbea08156df,lap_bag_context,no_pose_observation,34560.0,1.33,,1,cam12/e1/v1,
corpus_03,03.CCTV Mobile Usage.mkv,632de9ed55947761d56d4c6142a3cb1a1fe69d0b1a6d0e01a2e404c697962623,dfine_sahi,104500.0,keyboard,0.7168,772.59,380.18,870.62,420.22,3925.8,98.03,40.05,2.448,False,,True,R-desk,22,evt_S-61_desk_work_surface_0004,e9011dbea08156df,lap_bag_context,no_pose_observation,34560.0,1.33,,1,cam12/e1/v1,
corpus_03,03.CCTV Mobile Usage.mkv,632de9ed55947761d56d4c6142a3cb1a1fe69d0b1a6d0e01a2e404c697962623,dfine_sahi,104500.0,unknown_object,0.7167,699.91,396.21,848.01,492.02,14190.0,148.11,95.81,1.546,False,,True,R-desk,22,evt_S-61_desk_work_surface_0004,e9011dbea08156df,lap_bag_context,no_pose_observation,34560.0,1.33,,1,cam12/e1/v1,
corpus_03,03.CCTV Mobile Usage.mkv,632de9ed55947761d56d4c6142a3cb1a1fe69d0b1a6d0e01a2e404c697962623,dfine_sahi,104500.0,mouse,0.7129,864.67,413.44,891.22,435.4,583.1,26.55,21.96,1.209,False,,True,R-desk,22,evt_S-61_desk_work_surface_0004,e9011dbea08156df,lap_bag_context,no_pose_observation,34560.0,1.33,,1,cam12/e1/v1,
corpus_03,03.CCTV Mobile Usage.mkv,632de9ed55947761d56d4c6142a3cb1a1fe69d0b1a6d0e01a2e404c697962623,dfine_sahi,104500.0,keyboard,0.6439,962.91,452.27,1034.57,475.56,1669.3,71.67,23.29,3.077,False,,True,R-desk,22,evt_S-61_desk_work_surface_0004,e9011dbea08156df,lap_bag_context,no_pose_observation,34560.0,1.33,,1,cam12/e1/v1,
corpus_03,03.CCTV Mobile Usage.mkv,632de9ed55947761d56d4c6142a3cb1a1fe69d0b1a6d0e01a2e404c697962623,dfine_sahi,104500.0,monitor_or_bezel,0.5586,707.07,379.89,969.35,474.73,24874.9,262.28,94.84,2.766,False,,True,R-desk,22,evt_S-61_desk_work_surface_0004,e9011dbea08156df,lap_bag_context,no_pose_observation,34560.0,1.33,,1,cam12/e1/v1,
corpus_03,03.CCTV Mobile Usage.mkv,632de9ed55947761d56d4c6142a3cb1a1fe69d0b1a6d0e01a2e404c697962623,dfine_sahi,104500.0,unknown_object,0.5293,699.98,380.72,759.44,475.03,5607.3,59.45,94.31,0.63,False,,True,R-desk,22,evt_S-61_desk_work_surface_0004,e9011dbea08156df,lap_bag_context,no_pose_observation,34560.0,1.33,,1,cam12/e1/v1,
corpus_03,03.CCTV Mobile Usage.mkv,632de9ed55947761d56d4c6142a3cb1a1fe69d0b1a6d0e01a2e404c697962623,dfine_sahi,104500.0,keyboard,0.5058,802.77,396.29,870.37,420.63,1646.0,67.6,24.35,2.777,False,,True,R-desk,22,evt_S-61_desk_work_surface_0004,e9011dbea08156df,lap_bag_context,no_pose_observation,34560.0,1.33,,1,cam12/e1/v1,
corpus_03,03.CCTV Mobile Usage.mkv,632de9ed55947761d56d4c6142a3cb1a1fe69d0b1a6d0e01a2e404c697962623,dfine_sahi,104500.0,unknown_object,0.4931,751.65,411.03,969.87,506.0,20724.3,218.22,94.97,2.298,False,,True,R-desk,22,evt_S-61_desk_work_surface_0004,e9011dbea08156df,lap_bag_context,no_pose_observation,34560.0,1.33,,1,cam12/e1/v1,
corpus_03,03.CCTV Mobile Usage.mkv,632de9ed55947761d56d4c6142a3cb1a1fe69d0b1a6d0e01a2e404c697962623,dfine_sahi,104500.0,monitor_or_bezel,0.4687,963.05,380.45,1152.94,474.85,17926.5,189.89,94.4,2.011,False,,True,R-desk,22,evt_S-61_desk_work_surface_0004,e9011dbea08156df,lap_bag_context,no_pose_observation,34560.0,1.33,,1,cam12/e1/v1,
corpus_03,03.CCTV Mobile Usage.mkv,632de9ed55947761d56d4c6142a3cb1a1fe69d0b1a6d0e01a2e404c697962623,dfine_sahi,104500.0,keyboard,0.4093,910.08,411.46,1092.19,506.24,17258.5,182.11,94.77,1.922,False,,True,R-desk,22,evt_S-61_desk_work_surface_0004,e9011dbea08156df,lap_bag_context,no_pose_observation,34560.0,1.33,,1,cam12/e1/v1,
corpus_03,03.CCTV Mobile Usage.mkv,632de9ed55947761d56d4c6142a3cb1a1fe69d0b1a6d0e01a2e404c697962623,dfine_sahi,104500.0,phone,0.3895,1051.21,411.38,1139.91,446.74,3136.5,88.71,35.36,2.509,False,,True,R-desk,22,evt_S-61_desk_work_surface_0004,e9011dbea08156df,lap_bag_context,no_pose_observation,34560.0,1.33,,1,cam12/e1/v1,
corpus_03,03.CCTV Mobile Usage.mkv,632de9ed55947761d56d4c6142a3cb1a1fe69d0b1a6d0e01a2e404c697962623,dfine_sahi,104500.0,mouse,0.3672,967.05,398.43,991.94,410.69,305.1,24.89,12.26,2.03,False,,True,R-desk,22,evt_S-61_desk_work_surface_0004,e9011dbea08156df,lap_bag_context,no_pose_observation,34560.0,1.33,,1,cam12/e1/v1,
corpus_03,03.CCTV Mobile Usage.mkv,632de9ed55947761d56d4c6142a3cb1a1fe69d0b1a6d0e01a2e404c697962623,dfine_sahi,104500.0,monitor_or_bezel,0.316,881.23,396.15,949.07,452.7,3836.2,67.84,56.55,1.2,False,,True,R-desk,22,evt_S-61_desk_work_surface_0004,e9011dbea08156df,lap_bag_context,no_pose_observation,34560.0,1.33,,1,cam12/e1/v1,
corpus_03,03.CCTV Mobile Usage.mkv,632de9ed55947761d56d4c6142a3cb1a1fe69d0b1a6d0e01a2e404c697962623,dfine_sahi,104500.0,unknown_object,0.2772,879.57,411.28,969.89,505.79,8536.8,90.33,94.51,0.956,False,,True,R-desk,22,evt_S-61_desk_work_surface_0004,e9011dbea08156df,lap_bag_context,no_pose_observation,34560.0,1.33,,1,cam12/e1/v1,
corpus_03,03.CCTV Mobile Usage.mkv,632de9ed55947761d56d4c6142a3cb1a1fe69d0b1a6d0e01a2e404c697962623,dfine_sahi,104500.0,keyboard,0.9115,962.23,451.9,1067.99,491.47,4185.0,105.76,39.57,2.673,False,,True,R-desk,21,evt_S-61_desk_work_surface_0004,e9011dbea08156df,lap_bag_context,no_pose_observation,34560.0,1.33,,1,cam12/e1/v1,
corpus_03,03.CCTV Mobile Usage.mkv,632de9ed55947761d56d4c6142a3cb1a1fe69d0b1a6d0e01a2e404c697962623,dfine_sahi,104500.0,phone,0.7541,1043.73,421.96,1112.38,473.82,3560.4,68.64,51.87,1.323,False,,True,R-desk,21,evt_S-61_desk_work_surface_0004,e9011dbea08156df,lap_bag_context,no_pose_observation,34560.0,1.33,,1,cam12/e1/v1,
corpus_03,03.CCTV Mobile Usage.mkv,632de9ed55947761d56d4c6142a3cb1a1fe69d0b1a6d0e01a2e404c697962623,dfine_sahi,104500.0,monitor_or_bezel,0.7413,910.18,411.23,1141.85,506.38,22043.6,231.67,95.15,2.435,False,,True,R-desk,21,evt_S-61_desk_work_surface_0004,e9011dbea08156df,lap_bag_context,no_pose_observation,34560.0,1.33,,1,cam12/e1/v1,
corpus_03,03.CCTV Mobile Usage.mkv,632de9ed55947761d56d4c6142a3cb1a1fe69d0b1a6d0e01a2e404c697962623,dfine_sahi,104500.0,monitor_or_bezel,0.7261,1018.62,395.7,1146.02,448.32,6703.7,127.4,52.62,2.421,False,,True,R-desk,21,evt_S-61_desk_work_surface_0004,e9011dbea08156df,lap_bag_context,no_pose_observation,34560.0,1.33,,1,cam12/e1/v1,
corpus_03,03.CCTV Mobile Usage.mkv,632de9ed55947761d56d4c6142a3cb1a1fe69d0b1a6d0e01a2e404c697962623,dfine_sahi,104500.0,keyboard,0.7168,772.59,380.18,870.62,420.22,3925.8,98.03,40.05,2.448,False,,True,R-desk,21,evt_S-61_desk_work_surface_0004,e9011dbea08156df,lap_bag_context,no_pose_observation,34560.0,1.33,,1,cam12/e1/v1,
corpus_03,03.CCTV Mobile Usage.mkv,632de9ed55947761d56d4c6142a3cb1a1fe69d0b1a6d0e01a2e404c697962623,dfine_sahi,104500.0,unknown_object,0.7167,699.91,396.21,848.01,492.02,14190.0,148.11,95.81,1.546,False,,True,R-desk,21,evt_S-61_desk_work_surface_0004,e9011dbea08156df,lap_bag_context,no_pose_observation,34560.0,1.33,,1,cam12/e1/v1,
corpus_03,03.CCTV Mobile Usage.mkv,632de9ed55947761d56d4c6142a3cb1a1fe69d0b1a6d0e01a2e404c697962623,dfine_sahi,104500.0,mouse,0.7129,864.67,413.44,891.22,435.4,583.1,26.55,21.96,1.209,False,,True,R-desk,21,evt_S-61_desk_work_surface_0004,e9011dbea08156df,lap_bag_context,no_pose_observation,34560.0,1.33,,1,cam12/e1/v1,
corpus_03,03.CCTV Mobile Usage.mkv,632de9ed55947761d56d4c6142a3cb1a1fe69d0b1a6d0e01a2e404c697962623,dfine_sahi,104500.0,keyboard,0.6439,962.91,452.27,1034.57,475.56,1669.3,71.67,23.29,3.077,False,,True,R-desk,21,evt_S-61_desk_work_surface_0004,e9011dbea08156df,lap_bag_context,no_pose_observation,34560.0,1.33,,1,cam12/e1/v1,
corpus_03,03.CCTV Mobile Usage.mkv,632de9ed55947761d56d4c6142a3cb1a1fe69d0b1a6d0e01a2e404c697962623,dfine_sahi,104500.0,monitor_or_bezel,0.5586,707.07,379.89,969.35,474.73,24874.9,262.28,94.84,2.766,False,,True,R-desk,21,evt_S-61_desk_work_surface_0004,e9011dbea08156df,lap_bag_context,no_pose_observation,34560.0,1.33,,1,cam12/e1/v1,
corpus_03,03.CCTV Mobile Usage.mkv,632de9ed55947761d56d4c6142a3cb1a1fe69d0b1a6d0e01a2e404c697962623,dfine_sahi,104500.0,unknown_object,0.5293,699.98,380.72,759.44,475.03,5607.3,59.45,94.31,0.63,False,,True,R-desk,21,evt_S-61_desk_work_surface_0004,e9011dbea08156df,lap_bag_context,no_pose_observation,34560.0,1.33,,1,cam12/e1/v1,
corpus_03,03.CCTV Mobile Usage.mkv,632de9ed55947761d56d4c6142a3cb1a1fe69d0b1a6d0e01a2e404c697962623,dfine_sahi,104500.0,keyboard,0.5058,802.77,396.29,870.37,420.63,1646.0,67.6,24.35,2.777,False,,True,R-desk,21,evt_S-61_desk_work_surface_0004,e9011dbea08156df,lap_bag_context,no_pose_observation,34560.0,1.33,,1,cam12/e1/v1,
corpus_03,03.CCTV Mobile Usage.mkv,632de9ed55947761d56d4c6142a3cb1a1fe69d0b1a6d0e01a2e404c697962623,dfine_sahi,104500.0,unknown_object,0.4931,751.65,411.03,969.87,506.0,20724.3,218.22,94.97,2.298,False,,True,R-desk,21,evt_S-61_desk_work_surface_0004,e9011dbea08156df,lap_bag_context,no_pose_observation,34560.0,1.33,,1,cam12/e1/v1,
corpus_03,03.CCTV Mobile Usage.mkv,632de9ed55947761d56d4c6142a3cb1a1fe69d0b1a6d0e01a2e404c697962623,dfine_sahi,104500.0,monitor_or_bezel,0.4687,963.05,380.45,1152.94,474.85,17926.5,189.89,94.4,2.011,False,,True,R-desk,21,evt_S-61_desk_work_surface_0004,e9011dbea08156df,lap_bag_context,no_pose_observation,34560.0,1.33,,1,cam12/e1/v1,
corpus_03,03.CCTV Mobile Usage.mkv,632de9ed55947761d56d4c6142a3cb1a1fe69d0b1a6d0e01a2e404c697962623,dfine_sahi,104500.0,keyboard,0.4093,910.08,411.46,1092.19,506.24,17258.5,182.11,94.77,1.922,False,,True,R-desk,21,evt_S-61_desk_work_surface_0004,e9011dbea08156df,lap_bag_context,no_pose_observation,34560.0,1.33,,1,cam12/e1/v1,
corpus_03,03.CCTV Mobile Usage.mkv,632de9ed55947761d56d4c6142a3cb1a1fe69d0b1a6d0e01a2e404c697962623,dfine_sahi,104500.0,phone,0.3895,1051.21,411.38,1139.91,446.74,3136.5,88.71,35.36,2.509,False,,True,R-desk,21,evt_S-61_desk_work_surface_0004,e9011dbea08156df,lap_bag_context,no_pose_observation,34560.0,1.33,,1,cam12/e1/v1,
corpus_03,03.CCTV Mobile Usage.mkv,632de9ed55947761d56d4c6142a3cb1a1fe69d0b1a6d0e01a2e404c697962623,dfine_sahi,104500.0,mouse,0.3672,967.05,398.43,991.94,410.69,305.1,24.89,12.26,2.03,False,,True,R-desk,21,evt_S-61_desk_work_surface_0004,e9011dbea08156df,lap_bag_context,no_pose_observation,34560.0,1.33,,1,cam12/e1/v1,
corpus_03,03.CCTV Mobile Usage.mkv,632de9ed55947761d56d4c6142a3cb1a1fe69d0b1a6d0e01a2e404c697962623,dfine_sahi,104500.0,monitor_or_bezel,0.316,881.23,396.15,949.07,452.7,3836.2,67.84,56.55,1.2,False,,True,R-desk,21,evt_S-61_desk_work_surface_0004,e9011dbea08156df,lap_bag_context,no_pose_observation,34560.0,1.33,,1,cam12/e1/v1,
corpus_03,03.CCTV Mobile Usage.mkv,632de9ed55947761d56d4c6142a3cb1a1fe69d0b1a6d0e01a2e404c697962623,dfine_sahi,104500.0,unknown_object,0.2772,879.57,411.28,969.89,505.79,8536.8,90.33,94.51,0.956,False,,True,R-desk,21,evt_S-61_desk_work_surface_0004,e9011dbea08156df,lap_bag_context,no_pose_observation,34560.0,1.33,,1,cam12/e1/v1,
corpus_03,03.CCTV Mobile Usage.mkv,632de9ed55947761d56d4c6142a3cb1a1fe69d0b1a6d0e01a2e404c697962623,dfine_sahi,104500.0,unknown_object,0.6296,541.77,51.8,574.51,89.73,1241.8,32.74,37.93,0.863,False,,True,unattributed,23,evt_S-61_desk_work_surface_0004,fd9e993113506b6c,native_source_context_fallback,no_pose_observation,6818.0,7.42,,1,cam12/e1/v1,
corpus_03,03.CCTV Mobile Usage.mkv,632de9ed55947761d56d4c6142a3cb1a1fe69d0b1a6d0e01a2e404c697962623,dfine_sahi,104500.0,unknown_object,0.3254,478.05,68.34,573.82,95.87,2636.8,95.77,27.53,3.478,False,,True,unattributed,23,evt_S-61_desk_work_surface_0004,fd9e993113506b6c,native_source_context_fallback,no_pose_observation,6818.0,7.42,,1,cam12/e1/v1,
corpus_03,03.CCTV Mobile Usage.mkv,632de9ed55947761d56d4c6142a3cb1a1fe69d0b1a6d0e01a2e404c697962623,dfine_sahi,104500.0,unknown_object,0.3235,485.29,78.08,512.43,95.99,486.1,27.14,17.91,1.515,False,,True,unattributed,23,evt_S-61_desk_work_surface_0004,fd9e993113506b6c,native_source_context_fallback,no_pose_observation,6818.0,7.42,,1,cam12/e1/v1,
corpus_03,03.CCTV Mobile Usage.mkv,632de9ed55947761d56d4c6142a3cb1a1fe69d0b1a6d0e01a2e404c697962623,dfine_sahi,104500.0,unknown_object,0.3185,516.01,47.41,610.03,103.45,5269.3,94.02,56.04,1.678,False,,True,unattributed,23,evt_S-61_desk_work_surface_0004,fd9e993113506b6c,native_source_context_fallback,no_pose_observation,6818.0,7.42,,1,cam12/e1/v1,
corpus_03,03.CCTV Mobile Usage.mkv,632de9ed55947761d56d4c6142a3cb1a1fe69d0b1a6d0e01a2e404c697962623,dfine_sahi,104500.0,unknown_object,0.3138,509.88,78.91,566.47,95.85,958.6,56.59,16.94,3.341,False,,True,unattributed,23,evt_S-61_desk_work_surface_0004,fd9e993113506b6c,native_source_context_fallback,no_pose_observation,6818.0,7.42,,1,cam12/e1/v1,
corpus_03,03.CCTV Mobile Usage.mkv,632de9ed55947761d56d4c6142a3cb1a1fe69d0b1a6d0e01a2e404c697962623,dfine_sahi,104500.0,unknown_object,0.3098,479.42,53.49,508.17,84.02,878.1,28.75,30.54,0.941,False,,True,unattributed,23,evt_S-61_desk_work_surface_0004,fd9e993113506b6c,native_source_context_fallback,no_pose_observation,6818.0,7.42,,1,cam12/e1/v1,
corpus_03,03.CCTV Mobile Usage.mkv,632de9ed55947761d56d4c6142a3cb1a1fe69d0b1a6d0e01a2e404c697962623,dfine_sahi,104500.0,unknown_object,0.2954,574.09,53.19,604.42,84.29,943.3,30.33,31.1,0.975,False,,True,unattributed,23,evt_S-61_desk_work_surface_0004,fd9e993113506b6c,native_source_context_fallback,no_pose_observation,6818.0,7.42,,1,cam12/e1/v1,
corpus_03,03.CCTV Mobile Usage.mkv,632de9ed55947761d56d4c6142a3cb1a1fe69d0b1a6d0e01a2e404c697962623,dfine_sahi,105067.0,unknown_object,0.6341,541.84,51.49,574.01,88.79,1200.2,32.17,37.3,0.862,False,,True,unattributed,23,evt_S-61_upper_body_0018,698dd9f920e21e66,native_source_context_fallback,no_pose_observation,6553.0,6.79,,1,cam12/e1/v1,
corpus_03,03.CCTV Mobile Usage.mkv,632de9ed55947761d56d4c6142a3cb1a1fe69d0b1a6d0e01a2e404c697962623,dfine_sahi,105067.0,unknown_object,0.4877,509.05,19.07,604.92,107.21,8450.2,95.87,88.14,1.088,False,,True,unattributed,23,evt_S-61_upper_body_0018,698dd9f920e21e66,native_source_context_fallback,no_pose_observation,6553.0,6.79,,1,cam12/e1/v1,
corpus_03,03.CCTV Mobile Usage.mkv,632de9ed55947761d56d4c6142a3cb1a1fe69d0b1a6d0e01a2e404c697962623,dfine_sahi,105067.0,phone,0.4328,541.31,19.14,609.55,107.45,6026.7,68.24,88.31,0.773,False,,True,unattributed,23,evt_S-61_upper_body_0018,698dd9f920e21e66,native_source_context_fallback,no_pose_observation,6553.0,6.79,,1,cam12/e1/v1,
corpus_03,03.CCTV Mobile Usage.mkv,632de9ed55947761d56d4c6142a3cb1a1fe69d0b1a6d0e01a2e404c697962623,dfine_sahi,105067.0,unknown_object,0.3916,541.8,48.3,608.55,107.31,3938.5,66.75,59.01,1.131,False,,True,unattributed,23,evt_S-61_upper_body_0018,698dd9f920e21e66,native_source_context_fallback,no_pose_observation,6553.0,6.79,,1,cam12/e1/v1,
corpus_03,03.CCTV Mobile Usage.mkv,632de9ed55947761d56d4c6142a3cb1a1fe69d0b1a6d0e01a2e404c697962623,dfine_sahi,105067.0,stationery,0.3337,617.28,57.39,633.06,84.44,426.8,15.78,27.04,0.584,False,,True,unattributed,23,evt_S-61_upper_body_0018,698dd9f920e21e66,native_source_context_fallback,no_pose_observation,6553.0,6.79,,1,cam12/e1/v1,
corpus_03,03.CCTV Mobile Usage.mkv,632de9ed55947761d56d4c6142a3cb1a1fe69d0b1a6d0e01a2e404c697962623,dfine_sahi,105067.0,unknown_object,0.3067,573.22,52.56,606.29,85.86,1101.2,33.07,33.3,0.993,False,,True,unattributed,23,evt_S-61_upper_body_0018,698dd9f920e21e66,native_source_context_fallback,no_pose_observation,6553.0,6.79,,1,cam12/e1/v1,
corpus_03,03.CCTV Mobile Usage.mkv,632de9ed55947761d56d4c6142a3cb1a1fe69d0b1a6d0e01a2e404c697962623,dfine_sahi,105067.0,unknown_object,0.2976,509.04,19.26,547.25,82.91,2432.3,38.21,63.66,0.6,False,,True,unattributed,23,evt_S-61_upper_body_0018,698dd9f920e21e66,native_source_context_fallback,no_pose_observation,6553.0,6.79,,1,cam12/e1/v1,
corpus_03,03.CCTV Mobile Usage.mkv,632de9ed55947761d56d4c6142a3cb1a1fe69d0b1a6d0e01a2e404c697962623,dfine_sahi,105067.0,stationery,0.27,608.4,56.54,635.96,113.16,1560.9,27.56,56.63,0.487,False,,True,unattributed,23,evt_S-61_upper_body_0018,698dd9f920e21e66,native_source_context_fallback,no_pose_observation,6553.0,6.79,,1,cam12/e1/v1,
corpus_03,03.CCTV Mobile Usage.mkv,632de9ed55947761d56d4c6142a3cb1a1fe69d0b1a6d0e01a2e404c697962623,dfine_sahi,105067.0,phone,0.2601,606.15,0.25,636.0,95.54,2845.0,29.85,95.3,0.313,False,,True,unattributed,23,evt_S-61_upper_body_0018,698dd9f920e21e66,native_source_context_fallback,no_pose_observation,6553.0,6.79,,1,cam12/e1/v1,
corpus_03,03.CCTV Mobile Usage.mkv,632de9ed55947761d56d4c6142a3cb1a1fe69d0b1a6d0e01a2e404c697962623,dfine_sahi,105067.0,unknown_object,0.2593,551.9,56.82,563.93,80.88,289.4,12.03,24.06,0.5,False,,True,unattributed,23,evt_S-61_upper_body_0018,698dd9f920e21e66,native_source_context_fallback,no_pose_observation,6553.0,6.79,,1,cam12/e1/v1,
corpus_03,03.CCTV Mobile Usage.mkv,632de9ed55947761d56d4c6142a3cb1a1fe69d0b1a6d0e01a2e404c697962623,dfine_sahi,105067.0,keyboard,0.9115,962.23,451.9,1067.99,491.47,4184.9,105.76,39.57,2.673,False,,True,R-desk,21,evt_S-61_upper_body_0018,745d503d39d05fad,lap_bag_context,wrist_confidence_below_floor,34560.0,1.33,,1,cam12/e1/v1,rtmpose_baseline
corpus_03,03.CCTV Mobile Usage.mkv,632de9ed55947761d56d4c6142a3cb1a1fe69d0b1a6d0e01a2e404c697962623,dfine_sahi,105067.0,phone,0.7539,1043.73,421.96,1112.37,473.82,3560.4,68.64,51.87,1.323,False,,True,R-desk,21,evt_S-61_upper_body_0018,745d503d39d05fad,lap_bag_context,wrist_confidence_below_floor,34560.0,1.33,,1,cam12/e1/v1,rtmpose_baseline
corpus_03,03.CCTV Mobile Usage.mkv,632de9ed55947761d56d4c6142a3cb1a1fe69d0b1a6d0e01a2e404c697962623,dfine_sahi,105067.0,monitor_or_bezel,0.7412,910.18,411.23,1141.87,506.38,22044.8,231.68,95.15,2.435,False,,True,R-desk,21,evt_S-61_upper_body_0018,745d503d39d05fad,lap_bag_context,wrist_confidence_below_floor,34560.0,1.33,,1,cam12/e1/v1,rtmpose_baseline
corpus_03,03.CCTV Mobile Usage.mkv,632de9ed55947761d56d4c6142a3cb1a1fe69d0b1a6d0e01a2e404c697962623,dfine_sahi,105067.0,monitor_or_bezel,0.726,1018.62,395.7,1146.02,448.32,6704.0,127.4,52.62,2.421,False,,True,R-desk,21,evt_S-61_upper_body_0018,745d503d39d05fad,lap_bag_context,wrist_confidence_below_floor,34560.0,1.33,,1,cam12/e1/v1,rtmpose_baseline
corpus_03,03.CCTV Mobile Usage.mkv,632de9ed55947761d56d4c6142a3cb1a1fe69d0b1a6d0e01a2e404c697962623,dfine_sahi,105067.0,keyboard,0.7168,772.59,380.18,870.62,420.22,3925.8,98.03,40.05,2.448,False,,True,R-desk,21,evt_S-61_upper_body_0018,745d503d39d05fad,lap_bag_context,wrist_confidence_below_floor,34560.0,1.33,,1,cam12/e1/v1,rtmpose_baseline
corpus_03,03.CCTV Mobile Usage.mkv,632de9ed55947761d56d4c6142a3cb1a1fe69d0b1a6d0e01a2e404c697962623,dfine_sahi,105067.0,unknown_object,0.7167,699.91,396.21,848.01,492.02,14190.2,148.11,95.81,1.546,False,,True,R-desk,21,evt_S-61_upper_body_0018,745d503d39d05fad,lap_bag_context,wrist_confidence_below_floor,34560.0,1.33,,1,cam12/e1/v1,rtmpose_baseline
corpus_03,03.CCTV Mobile Usage.mkv,632de9ed55947761d56d4c6142a3cb1a1fe69d0b1a6d0e01a2e404c697962623,dfine_sahi,105067.0,mouse,0.7129,864.67,413.44,891.22,435.4,583.1,26.55,21.96,1.209,False,,True,R-desk,21,evt_S-61_upper_body_0018,745d503d39d05fad,lap_bag_context,wrist_confidence_below_floor,34560.0,1.33,,1,cam12/e1/v1,rtmpose_baseline
corpus_03,03.CCTV Mobile Usage.mkv,632de9ed55947761d56d4c6142a3cb1a1fe69d0b1a6d0e01a2e404c697962623,dfine_sahi,105067.0,keyboard,0.6445,962.91,452.27,1034.58,475.56,1669.5,71.67,23.29,3.077,False,,True,R-desk,21,evt_S-61_upper_body_0018,745d503d39d05fad,lap_bag_context,wrist_confidence_below_floor,34560.0,1.33,,1,cam12/e1/v1,rtmpose_baseline
corpus_03,03.CCTV Mobile Usage.mkv,632de9ed55947761d56d4c6142a3cb1a1fe69d0b1a6d0e01a2e404c697962623,dfine_sahi,105067.0,monitor_or_bezel,0.5586,707.07,379.89,969.35,474.73,24874.9,262.28,94.84,2.766,False,,True,R-desk,21,evt_S-61_upper_body_0018,745d503d39d05fad,lap_bag_context,wrist_confidence_below_floor,34560.0,1.33,,1,cam12/e1/v1,rtmpose_baseline
corpus_03,03.CCTV Mobile Usage.mkv,632de9ed55947761d56d4c6142a3cb1a1fe69d0b1a6d0e01a2e404c697962623,dfine_sahi,105067.0,unknown_object,0.5293,699.98,380.72,759.44,475.03,5607.3,59.45,94.31,0.63,False,,True,R-desk,21,evt_S-61_upper_body_0018,745d503d39d05fad,lap_bag_context,wrist_confidence_below_floor,34560.0,1.33,,1,cam12/e1/v1,rtmpose_baseline
corpus_03,03.CCTV Mobile Usage.mkv,632de9ed55947761d56d4c6142a3cb1a1fe69d0b1a6d0e01a2e404c697962623,dfine_sahi,105067.0,keyboard,0.5057,802.77,396.29,870.37,420.63,1646.0,67.6,24.35,2.777,False,,True,R-desk,21,evt_S-61_upper_body_0018,745d503d39d05fad,lap_bag_context,wrist_confidence_below_floor,34560.0,1.33,,1,cam12/e1/v1,rtmpose_baseline
corpus_03,03.CCTV Mobile Usage.mkv,632de9ed55947761d56d4c6142a3cb1a1fe69d0b1a6d0e01a2e404c697962623,dfine_sahi,105067.0,unknown_object,0.4931,751.65,411.03,969.87,506.0,20724.3,218.22,94.97,2.298,False,,True,R-desk,21,evt_S-61_upper_body_0018,745d503d39d05fad,lap_bag_context,wrist_confidence_below_floor,34560.0,1.33,,1,cam12/e1/v1,rtmpose_baseline
corpus_03,03.CCTV Mobile Usage.mkv,632de9ed55947761d56d4c6142a3cb1a1fe69d0b1a6d0e01a2e404c697962623,dfine_sahi,105067.0,monitor_or_bezel,0.4683,963.05,380.46,1152.94,474.86,17925.0,189.88,94.4,2.011,False,,True,R-desk,21,evt_S-61_upper_body_0018,745d503d39d05fad,lap_bag_context,wrist_confidence_below_floor,34560.0,1.33,,1,cam12/e1/v1,rtmpose_baseline
corpus_03,03.CCTV Mobile Usage.mkv,632de9ed55947761d56d4c6142a3cb1a1fe69d0b1a6d0e01a2e404c697962623,dfine_sahi,105067.0,keyboard,0.4099,910.08,411.47,1092.18,506.23,17257.0,182.1,94.77,1.921,False,,True,R-desk,21,evt_S-61_upper_body_0018,745d503d39d05fad,lap_bag_context,wrist_confidence_below_floor,34560.0,1.33,,1,cam12/e1/v1,rtmpose_baseline
corpus_03,03.CCTV Mobile Usage.mkv,632de9ed55947761d56d4c6142a3cb1a1fe69d0b1a6d0e01a2e404c697962623,dfine_sahi,105067.0,phone,0.3898,1051.21,411.38,1139.92,446.74,3136.7,88.71,35.36,2.509,False,,True,R-desk,21,evt_S-61_upper_body_0018,745d503d39d05fad,lap_bag_context,wrist_confidence_below_floor,34560.0,1.33,,1,cam12/e1/v1,rtmpose_baseline
corpus_03,03.CCTV Mobile Usage.mkv,632de9ed55947761d56d4c6142a3cb1a1fe69d0b1a6d0e01a2e404c697962623,dfine_sahi,105067.0,mouse,0.3666,967.05,398.43,991.94,410.69,305.1,24.89,12.26,2.03,False,,True,R-desk,21,evt_S-61_upper_body_0018,745d503d39d05fad,lap_bag_context,wrist_confidence_below_floor,34560.0,1.33,,1,cam12/e1/v1,rtmpose_baseline
corpus_03,03.CCTV Mobile Usage.mkv,632de9ed55947761d56d4c6142a3cb1a1fe69d0b1a6d0e01a2e404c697962623,dfine_sahi,105067.0,monitor_or_bezel,0.316,881.23,396.15,949.07,452.7,3836.2,67.84,56.54,1.2,False,,True,R-desk,21,evt_S-61_upper_body_0018,745d503d39d05fad,lap_bag_context,wrist_confidence_below_floor,34560.0,1.33,,1,cam12/e1/v1,rtmpose_baseline
corpus_03,03.CCTV Mobile Usage.mkv,632de9ed55947761d56d4c6142a3cb1a1fe69d0b1a6d0e01a2e404c697962623,dfine_sahi,105067.0,unknown_object,0.2772,879.57,411.28,969.89,505.79,8536.8,90.33,94.51,0.956,False,,True,R-desk,21,evt_S-61_upper_body_0018,745d503d39d05fad,lap_bag_context,wrist_confidence_below_floor,34560.0,1.33,,1,cam12/e1/v1,rtmpose_baseline
corpus_03,03.CCTV Mobile Usage.mkv,632de9ed55947761d56d4c6142a3cb1a1fe69d0b1a6d0e01a2e404c697962623,dfine_sahi,105067.0,keyboard,0.9115,962.23,451.9,1067.99,491.47,4184.9,105.76,39.57,2.673,False,,True,R-desk,22,evt_S-61_upper_body_0018,745d503d39d05fad,lap_bag_context,wrist_confidence_below_floor,34560.0,1.33,,1,cam12/e1/v1,rtmpose_baseline
corpus_03,03.CCTV Mobile Usage.mkv,632de9ed55947761d56d4c6142a3cb1a1fe69d0b1a6d0e01a2e404c697962623,dfine_sahi,105067.0,phone,0.7539,1043.73,421.96,1112.37,473.82,3560.4,68.64,51.87,1.323,False,,True,R-desk,22,evt_S-61_upper_body_0018,745d503d39d05fad,lap_bag_context,wrist_confidence_below_floor,34560.0,1.33,,1,cam12/e1/v1,rtmpose_baseline
corpus_03,03.CCTV Mobile Usage.mkv,632de9ed55947761d56d4c6142a3cb1a1fe69d0b1a6d0e01a2e404c697962623,dfine_sahi,105067.0,monitor_or_bezel,0.7412,910.18,411.23,1141.87,506.38,22044.8,231.68,95.15,2.435,False,,True,R-desk,22,evt_S-61_upper_body_0018,745d503d39d05fad,lap_bag_context,wrist_confidence_below_floor,34560.0,1.33,,1,cam12/e1/v1,rtmpose_baseline
corpus_03,03.CCTV Mobile Usage.mkv,632de9ed55947761d56d4c6142a3cb1a1fe69d0b1a6d0e01a2e404c697962623,dfine_sahi,105067.0,monitor_or_bezel,0.726,1018.62,395.7,1146.02,448.32,6704.0,127.4,52.62,2.421,False,,True,R-desk,22,evt_S-61_upper_body_0018,745d503d39d05fad,lap_bag_context,wrist_confidence_below_floor,34560.0,1.33,,1,cam12/e1/v1,rtmpose_baseline
corpus_03,03.CCTV Mobile Usage.mkv,632de9ed55947761d56d4c6142a3cb1a1fe69d0b1a6d0e01a2e404c697962623,dfine_sahi,105067.0,keyboard,0.7168,772.59,380.18,870.62,420.22,3925.8,98.03,40.05,2.448,False,,True,R-desk,22,evt_S-61_upper_body_0018,745d503d39d05fad,lap_bag_context,wrist_confidence_below_floor,34560.0,1.33,,1,cam12/e1/v1,rtmpose_baseline
corpus_03,03.CCTV Mobile Usage.mkv,632de9ed55947761d56d4c6142a3cb1a1fe69d0b1a6d0e01a2e404c697962623,dfine_sahi,105067.0,unknown_object,0.7167,699.91,396.21,848.01,492.02,14190.2,148.11,95.81,1.546,False,,True,R-desk,22,evt_S-61_upper_body_0018,745d503d39d05fad,lap_bag_context,wrist_confidence_below_floor,34560.0,1.33,,1,cam12/e1/v1,rtmpose_baseline
corpus_03,03.CCTV Mobile Usage.mkv,632de9ed55947761d56d4c6142a3cb1a1fe69d0b1a6d0e01a2e404c697962623,dfine_sahi,105067.0,mouse,0.7129,864.67,413.44,891.22,435.4,583.1,26.55,21.96,1.209,False,,True,R-desk,22,evt_S-61_upper_body_0018,745d503d39d05fad,lap_bag_context,wrist_confidence_below_floor,34560.0,1.33,,1,cam12/e1/v1,rtmpose_baseline
corpus_03,03.CCTV Mobile Usage.mkv,632de9ed55947761d56d4c6142a3cb1a1fe69d0b1a6d0e01a2e404c697962623,dfine_sahi,105067.0,keyboard,0.6445,962.91,452.27,1034.58,475.56,1669.5,71.67,23.29,3.077,False,,True,R-desk,22,evt_S-61_upper_body_0018,745d503d39d05fad,lap_bag_context,wrist_confidence_below_floor,34560.0,1.33,,1,cam12/e1/v1,rtmpose_baseline
corpus_03,03.CCTV Mobile Usage.mkv,632de9ed55947761d56d4c6142a3cb1a1fe69d0b1a6d0e01a2e404c697962623,dfine_sahi,105067.0,monitor_or_bezel,0.5586,707.07,379.89,969.35,474.73,24874.9,262.28,94.84,2.766,False,,True,R-desk,22,evt_S-61_upper_body_0018,745d503d39d05fad,lap_bag_context,wrist_confidence_below_floor,34560.0,1.33,,1,cam12/e1/v1,rtmpose_baseline
corpus_03,03.CCTV Mobile Usage.mkv,632de9ed55947761d56d4c6142a3cb1a1fe69d0b1a6d0e01a2e404c697962623,dfine_sahi,105067.0,unknown_object,0.5293,699.98,380.72,759.44,475.03,5607.3,59.45,94.31,0.63,False,,True,R-desk,22,evt_S-61_upper_body_0018,745d503d39d05fad,lap_bag_context,wrist_confidence_below_floor,34560.0,1.33,,1,cam12/e1/v1,rtmpose_baseline
corpus_03,03.CCTV Mobile Usage.mkv,632de9ed55947761d56d4c6142a3cb1a1fe69d0b1a6d0e01a2e404c697962623,dfine_sahi,105067.0,keyboard,0.5057,802.77,396.29,870.37,420.63,1646.0,67.6,24.35,2.777,False,,True,R-desk,22,evt_S-61_upper_body_0018,745d503d39d05fad,lap_bag_context,wrist_confidence_below_floor,34560.0,1.33,,1,cam12/e1/v1,rtmpose_baseline
corpus_03,03.CCTV Mobile Usage.mkv,632de9ed55947761d56d4c6142a3cb1a1fe69d0b1a6d0e01a2e404c697962623,dfine_sahi,105067.0,unknown_object,0.4931,751.65,411.03,969.87,506.0,20724.3,218.22,94.97,2.298,False,,True,R-desk,22,evt_S-61_upper_body_0018,745d503d39d05fad,lap_bag_context,wrist_confidence_below_floor,34560.0,1.33,,1,cam12/e1/v1,rtmpose_baseline
corpus_03,03.CCTV Mobile Usage.mkv,632de9ed55947761d56d4c6142a3cb1a1fe69d0b1a6d0e01a2e404c697962623,dfine_sahi,105067.0,monitor_or_bezel,0.4683,963.05,380.46,1152.94,474.86,17925.0,189.88,94.4,2.011,False,,True,R-desk,22,evt_S-61_upper_body_0018,745d503d39d05fad,lap_bag_context,wrist_confidence_below_floor,34560.0,1.33,,1,cam12/e1/v1,rtmpose_baseline
corpus_03,03.CCTV Mobile Usage.mkv,632de9ed55947761d56d4c6142a3cb1a1fe69d0b1a6d0e01a2e404c697962623,dfine_sahi,105067.0,keyboard,0.4099,910.08,411.47,1092.18,506.23,17257.0,182.1,94.77,1.921,False,,True,R-desk,22,evt_S-61_upper_body_0018,745d503d39d05fad,lap_bag_context,wrist_confidence_below_floor,34560.0,1.33,,1,cam12/e1/v1,rtmpose_baseline
corpus_03,03.CCTV Mobile Usage.mkv,632de9ed55947761d56d4c6142a3cb1a1fe69d0b1a6d0e01a2e404c697962623,dfine_sahi,105067.0,phone,0.3898,1051.21,411.38,1139.92,446.74,3136.7,88.71,35.36,2.509,False,,True,R-desk,22,evt_S-61_upper_body_0018,745d503d39d05fad,lap_bag_context,wrist_confidence_below_floor,34560.0,1.33,,1,cam12/e1/v1,rtmpose_baseline
corpus_03,03.CCTV Mobile Usage.mkv,632de9ed55947761d56d4c6142a3cb1a1fe69d0b1a6d0e01a2e404c697962623,dfine_sahi,105067.0,mouse,0.3666,967.05,398.43,991.94,410.69,305.1,24.89,12.26,2.03,False,,True,R-desk,22,evt_S-61_upper_body_0018,745d503d39d05fad,lap_bag_context,wrist_confidence_below_floor,34560.0,1.33,,1,cam12/e1/v1,rtmpose_baseline
corpus_03,03.CCTV Mobile Usage.mkv,632de9ed55947761d56d4c6142a3cb1a1fe69d0b1a6d0e01a2e404c697962623,dfine_sahi,105067.0,monitor_or_bezel,0.316,881.23,396.15,949.07,452.7,3836.2,67.84,56.54,1.2,False,,True,R-desk,22,evt_S-61_upper_body_0018,745d503d39d05fad,lap_bag_context,wrist_confidence_below_floor,34560.0,1.33,,1,cam12/e1/v1,rtmpose_baseline
corpus_03,03.CCTV Mobile Usage.mkv,632de9ed55947761d56d4c6142a3cb1a1fe69d0b1a6d0e01a2e404c697962623,dfine_sahi,105067.0,unknown_object,0.2772,879.57,411.28,969.89,505.79,8536.8,90.33,94.51,0.956,False,,True,R-desk,22,evt_S-61_upper_body_0018,745d503d39d05fad,lap_bag_context,wrist_confidence_below_floor,34560.0,1.33,,1,cam12/e1/v1,rtmpose_baseline
corpus_03,03.CCTV Mobile Usage.mkv,632de9ed55947761d56d4c6142a3cb1a1fe69d0b1a6d0e01a2e404c697962623,dfine_sahi,105067.0,unknown_object,0.5505,541.3,51.48,573.95,89.3,1234.9,32.65,37.82,0.863,False,,True,unattributed,24,evt_S-61_upper_body_0018,aff1f684b5dd4187,native_source_context_fallback,no_pose_observation,2738.4,11.86,,1,cam12/e1/v1,
corpus_03,03.CCTV Mobile Usage.mkv,632de9ed55947761d56d4c6142a3cb1a1fe69d0b1a6d0e01a2e404c697962623,dfine_sahi,105067.0,unknown_object,0.3456,533.0,30.13,628.92,125.49,9146.8,95.91,95.36,1.006,False,,True,unattributed,24,evt_S-61_upper_body_0018,aff1f684b5dd4187,native_source_context_fallback,no_pose_observation,2738.4,11.86,,1,cam12/e1/v1,
corpus_03,03.CCTV Mobile Usage.mkv,632de9ed55947761d56d4c6142a3cb1a1fe69d0b1a6d0e01a2e404c697962623,dfine_sahi,105067.0,unknown_object,0.307,564.33,51.81,607.7,106.14,2356.1,43.36,54.33,0.798,False,,True,unattributed,24,evt_S-61_upper_body_0018,aff1f684b5dd4187,native_source_context_fallback,no_pose_observation,2738.4,11.86,,1,cam12/e1/v1,
corpus_03,03.CCTV Mobile Usage.mkv,632de9ed55947761d56d4c6142a3cb1a1fe69d0b1a6d0e01a2e404c697962623,dfine_sahi,105067.0,unknown_object,0.7228,112.56,454.61,178.12,518.91,4215.5,65.56,64.3,1.02,False,,True,S-61,17,evt_S-61_upper_body_0018,b2c68097785dd540,pose_hand_context,,59267.1,2.44,,1,cam12/e1/v1,rtmpose_baseline
corpus_03,03.CCTV Mobile Usage.mkv,632de9ed55947761d56d4c6142a3cb1a1fe69d0b1a6d0e01a2e404c697962623,dfine_sahi,105067.0,unknown_object,0.3645,-0.28,305.17,136.29,451.64,20004.1,136.58,146.47,0.932,False,,True,S-61,17,evt_S-61_upper_body_0018,b2c68097785dd540,pose_hand_context,,59267.1,2.44,,1,cam12/e1/v1,rtmpose_baseline
corpus_03,03.CCTV Mobile Usage.mkv,632de9ed55947761d56d4c6142a3cb1a1fe69d0b1a6d0e01a2e404c697962623,dfine_sahi,105067.0,bag,0.3273,14.91,305.14,110.09,386.15,7711.0,95.18,81.02,1.175,False,,True,S-61,17,evt_S-61_upper_body_0018,b2c68097785dd540,pose_hand_context,,59267.1,2.44,,1,cam12/e1/v1,rtmpose_baseline
corpus_03,03.CCTV Mobile Usage.mkv,632de9ed55947761d56d4c6142a3cb1a1fe69d0b1a6d0e01a2e404c697962623,dfine_sahi,105067.0,monitor_or_bezel,0.3151,0.01,494.9,195.9,566.8,14085.1,195.89,71.9,2.724,False,,True,S-61,17,evt_S-61_upper_body_0018,b2c68097785dd540,pose_hand_context,,59267.1,2.44,,1,cam12/e1/v1,rtmpose_baseline
corpus_03,03.CCTV Mobile Usage.mkv,632de9ed55947761d56d4c6142a3cb1a1fe69d0b1a6d0e01a2e404c697962623,dfine_sahi,105067.0,unknown_object,0.2874,14.08,305.12,126.53,383.91,8860.3,112.45,78.79,1.427,False,,True,S-61,17,evt_S-61_upper_body_0018,b2c68097785dd540,pose_hand_context,,59267.1,2.44,,1,cam12/e1/v1,rtmpose_baseline
corpus_03,03.CCTV Mobile Usage.mkv,632de9ed55947761d56d4c6142a3cb1a1fe69d0b1a6d0e01a2e404c697962623,dfine_sahi,105067.0,stationery,0.283,44.9,509.52,85.25,554.7,1823.1,40.35,45.18,0.893,False,,True,S-61,17,evt_S-61_upper_body_0018,b2c68097785dd540,pose_hand_context,,59267.1,2.44,,1,cam12/e1/v1,rtmpose_baseline
corpus_03,03.CCTV Mobile Usage.mkv,632de9ed55947761d56d4c6142a3cb1a1fe69d0b1a6d0e01a2e404c697962623,dfine_sahi,105067.0,bag,0.2651,-0.17,343.15,79.02,435.05,7276.8,79.19,91.89,0.862,False,,True,S-61,17,evt_S-61_upper_body_0018,b2c68097785dd540,pose_hand_context,,59267.1,2.44,,1,cam12/e1/v1,rtmpose_baseline
corpus_03,03.CCTV Mobile Usage.mkv,632de9ed55947761d56d4c6142a3cb1a1fe69d0b1a6d0e01a2e404c697962623,dfine_sahi,105067.0,monitor_or_bezel,0.5979,795.02,2.33,844.06,44.44,2065.0,49.03,42.11,1.164,False,,True,unattributed,18,evt_S-61_upper_body_0018,c4c93bc251980e50,native_source_context_fallback,wrist_confidence_below_floor,9606.9,6.52,,1,cam12/e1/v1,rtmpose_baseline
corpus_03,03.CCTV Mobile Usage.mkv,632de9ed55947761d56d4c6142a3cb1a1fe69d0b1a6d0e01a2e404c697962623,dfine_sahi,105067.0,bag,0.4682,838.12,47.16,912.51,96.47,3668.1,74.39,49.31,1.509,False,,True,unattributed,18,evt_S-61_upper_body_0018,c4c93bc251980e50,native_source_context_fallback,wrist_confidence_below_floor,9606.9,6.52,,1,cam12/e1/v1,rtmpose_baseline
corpus_03,03.CCTV Mobile Usage.mkv,632de9ed55947761d56d4c6142a3cb1a1fe69d0b1a6d0e01a2e404c697962623,dfine_sahi,105067.0,monitor_or_bezel,0.416,795.03,29.05,843.53,44.66,757.1,48.5,15.61,3.107,False,,True,unattributed,18,evt_S-61_upper_body_0018,c4c93bc251980e50,native_source_context_fallback,wrist_confidence_below_floor,9606.9,6.52,,1,cam12/e1/v1,rtmpose_baseline
corpus_03,03.CCTV Mobile Usage.mkv,632de9ed55947761d56d4c6142a3cb1a1fe69d0b1a6d0e01a2e404c697962623,dfine_sahi,105067.0,unknown_object,0.3112,831.26,84.0,913.6,104.51,1689.5,82.34,20.52,4.013,False,,True,unattributed,18,evt_S-61_upper_body_0018,c4c93bc251980e50,native_source_context_fallback,wrist_confidence_below_floor,9606.9,6.52,,1,cam12/e1/v1,rtmpose_baseline
corpus_03,03.CCTV Mobile Usage.mkv,632de9ed55947761d56d4c6142a3cb1a1fe69d0b1a6d0e01a2e404c697962623,dfine_sahi,105067.0,bag,0.2953,872.4,52.97,898.17,90.86,976.3,25.77,37.89,0.68,False,,True,unattributed,18,evt_S-61_upper_body_0018,c4c93bc251980e50,native_source_context_fallback,wrist_confidence_below_floor,9606.9,6.52,,1,cam12/e1/v1,rtmpose_baseline
corpus_03,03.CCTV Mobile Usage.mkv,632de9ed55947761d56d4c6142a3cb1a1fe69d0b1a6d0e01a2e404c697962623,dfine_sahi,105067.0,unknown_object,0.2907,815.09,38.18,913.83,104.26,6524.5,98.73,66.08,1.494,False,,True,unattributed,18,evt_S-61_upper_body_0018,c4c93bc251980e50,native_source_context_fallback,wrist_confidence_below_floor,9606.9,6.52,,1,cam12/e1/v1,rtmpose_baseline
corpus_03,03.CCTV Mobile Usage.mkv,632de9ed55947761d56d4c6142a3cb1a1fe69d0b1a6d0e01a2e404c697962623,dfine_sahi,105067.0,phone,0.2667,847.65,83.02,859.91,87.11,50.1,12.26,4.09,2.999,True,object footprint 50 px is under the 120 px floor for a call,False,unattributed,18,evt_S-61_upper_body_0018,c4c93bc251980e50,native_source_context_fallback,wrist_confidence_below_floor,9606.9,6.52,,1,cam12/e1/v1,rtmpose_baseline
corpus_03,03.CCTV Mobile Usage.mkv,632de9ed55947761d56d4c6142a3cb1a1fe69d0b1a6d0e01a2e404c697962623,dfine_sahi,105067.0,unknown_object,0.2653,838.08,83.29,933.37,124.78,3954.3,95.29,41.5,2.296,False,,True,unattributed,18,evt_S-61_upper_body_0018,c4c93bc251980e50,native_source_context_fallback,wrist_confidence_below_floor,9606.9,6.52,,1,cam12/e1/v1,rtmpose_baseline
corpus_03,03.CCTV Mobile Usage.mkv,632de9ed55947761d56d4c6142a3cb1a1fe69d0b1a6d0e01a2e404c697962623,dfine_sahi,105067.0,bag,0.2625,876.91,49.66,913.0,95.93,1669.9,36.09,46.27,0.78,False,,True,unattributed,18,evt_S-61_upper_body_0018,c4c93bc251980e50,native_source_context_fallback,wrist_confidence_below_floor,9606.9,6.52,,1,cam12/e1/v1,rtmpose_baseline
corpus_03,03.CCTV Mobile Usage.mkv,632de9ed55947761d56d4c6142a3cb1a1fe69d0b1a6d0e01a2e404c697962623,dfine_sahi,105500.0,keyboard,0.9097,962.17,451.92,1067.93,491.47,4181.9,105.76,39.54,2.675,False,,True,R-desk,22,evt_S-61_desk_work_surface_0004,1a7ffb919a00e5cd,lap_bag_context,no_pose_observation,34560.0,1.33,,1,cam12/e1/v1,
corpus_03,03.CCTV Mobile Usage.mkv,632de9ed55947761d56d4c6142a3cb1a1fe69d0b1a6d0e01a2e404c697962623,dfine_sahi,105500.0,mouse,0.7694,864.9,413.49,891.31,435.27,575.1,26.41,21.78,1.213,False,,True,R-desk,22,evt_S-61_desk_work_surface_0004,1a7ffb919a00e5cd,lap_bag_context,no_pose_observation,34560.0,1.33,,1,cam12/e1/v1,
corpus_03,03.CCTV Mobile Usage.mkv,632de9ed55947761d56d4c6142a3cb1a1fe69d0b1a6d0e01a2e404c697962623,dfine_sahi,105500.0,monitor_or_bezel,0.7654,910.16,411.26,1141.87,506.33,22029.8,231.71,95.08,2.437,False,,True,R-desk,22,evt_S-61_desk_work_surface_0004,1a7ffb919a00e5cd,lap_bag_context,no_pose_observation,34560.0,1.33,,1,cam12/e1/v1,
corpus_03,03.CCTV Mobile Usage.mkv,632de9ed55947761d56d4c6142a3cb1a1fe69d0b1a6d0e01a2e404c697962623,dfine_sahi,105500.0,phone,0.7612,1043.38,421.83,1111.87,473.92,3567.1,68.49,52.08,1.315,False,,True,R-desk,22,evt_S-61_desk_work_surface_0004,1a7ffb919a00e5cd,lap_bag_context,no_pose_observation,34560.0,1.33,,1,cam12/e1/v1,
corpus_03,03.CCTV Mobile Usage.mkv,632de9ed55947761d56d4c6142a3cb1a1fe69d0b1a6d0e01a2e404c697962623,dfine_sahi,105500.0,keyboard,0.756,772.32,380.15,870.57,420.29,3943.2,98.25,40.13,2.448,False,,True,R-desk,22,evt_S-61_desk_work_surface_0004,1a7ffb919a00e5cd,lap_bag_context,no_pose_observation,34560.0,1.33,,1,cam12/e1/v1,
corpus_03,03.CCTV Mobile Usage.mkv,632de9ed55947761d56d4c6142a3cb1a1fe69d0b1a6d0e01a2e404c697962623,dfine_sahi,105500.0,unknown_object,0.7345,699.87,396.21,847.68,491.96,14151.2,147.81,95.74,1.544,False,,True,R-desk,22,evt_S-61_desk_work_surface_0004,1a7ffb919a00e5cd,lap_bag_context,no_pose_observation,34560.0,1.33,,1,cam12/e1/v1,
corpus_03,03.CCTV Mobile Usage.mkv,632de9ed55947761d56d4c6142a3cb1a1fe69d0b1a6d0e01a2e404c697962623,dfine_sahi,105500.0,monitor_or_bezel,0.6784,1018.6,395.8,1146.01,448.07,6660.4,127.41,52.27,2.437,False,,True,R-desk,22,evt_S-61_desk_work_surface_0004,1a7ffb919a00e5cd,lap_bag_context,no_pose_observation,34560.0,1.33,,1,cam12/e1/v1,
corpus_03,03.CCTV Mobile Usage.mkv,632de9ed55947761d56d4c6142a3cb1a1fe69d0b1a6d0e01a2e404c697962623,dfine_sahi,105500.0,monitor_or_bezel,0.6389,963.02,380.48,1152.87,474.93,17931.3,189.85,94.45,2.01,False,,True,R-desk,22,evt_S-61_desk_work_surface_0004,1a7ffb919a00e5cd,lap_bag_context,no_pose_observation,34560.0,1.33,,1,cam12/e1/v1,
corpus_03,03.CCTV Mobile Usage.mkv,632de9ed55947761d56d4c6142a3cb1a1fe69d0b1a6d0e01a2e404c697962623,dfine_sahi,105500.0,keyboard,0.6145,963.1,452.26,1034.19,475.53,1654.0,71.09,23.26,3.056,False,,True,R-desk,22,evt_S-61_desk_work_surface_0004,1a7ffb919a00e5cd,lap_bag_context,no_pose_observation,34560.0,1.33,,1,cam12/e1/v1,
corpus_03,03.CCTV Mobile Usage.mkv,632de9ed55947761d56d4c6142a3cb1a1fe69d0b1a6d0e01a2e404c697962623,dfine_sahi,105500.0,keyboard,0.5623,802.53,396.27,870.85,420.6,1662.9,68.33,24.34,2.808,False,,True,R-desk,22,evt_S-61_desk_work_surface_0004,1a7ffb919a00e5cd,lap_bag_context,no_pose_observation,34560.0,1.33,,1,cam12/e1/v1,
corpus_03,03.CCTV Mobile Usage.mkv,632de9ed55947761d56d4c6142a3cb1a1fe69d0b1a6d0e01a2e404c697962623,dfine_sahi,105500.0,monitor_or_bezel,0.5446,706.44,379.9,969.19,474.78,24928.5,262.74,94.88,2.769,False,,True,R-desk,22,evt_S-61_desk_work_surface_0004,1a7ffb919a00e5cd,lap_bag_context,no_pose_observation,34560.0,1.33,,1,cam12/e1/v1,
corpus_03,03.CCTV Mobile Usage.mkv,632de9ed55947761d56d4c6142a3cb1a1fe69d0b1a6d0e01a2e404c697962623,dfine_sahi,105500.0,unknown_object,0.5016,761.7,410.97,969.8,505.95,19767.3,208.1,94.99,2.191,False,,True,R-desk,22,evt_S-61_desk_work_surface_0004,1a7ffb919a00e5cd,lap_bag_context,no_pose_observation,34560.0,1.33,,1,cam12/e1/v1,
corpus_03,03.CCTV Mobile Usage.mkv,632de9ed55947761d56d4c6142a3cb1a1fe69d0b1a6d0e01a2e404c697962623,dfine_sahi,105500.0,unknown_object,0.4763,700.01,380.57,759.1,474.96,5577.8,59.1,94.39,0.626,False,,True,R-desk,22,evt_S-61_desk_work_surface_0004,1a7ffb919a00e5cd,lap_bag_context,no_pose_observation,34560.0,1.33,,1,cam12/e1/v1,
corpus_03,03.CCTV Mobile Usage.mkv,632de9ed55947761d56d4c6142a3cb1a1fe69d0b1a6d0e01a2e404c697962623,dfine_sahi,105500.0,keyboard,0.3426,910.11,411.48,1092.76,506.16,17294.2,182.65,94.68,1.929,False,,True,R-desk,22,evt_S-61_desk_work_surface_0004,1a7ffb919a00e5cd,lap_bag_context,no_pose_observation,34560.0,1.33,,1,cam12/e1/v1,
corpus_03,03.CCTV Mobile Usage.mkv,632de9ed55947761d56d4c6142a3cb1a1fe69d0b1a6d0e01a2e404c697962623,dfine_sahi,105500.0,mouse,0.3262,967.1,398.43,991.94,410.65,303.6,24.85,12.22,2.033,False,,True,R-desk,22,evt_S-61_desk_work_surface_0004,1a7ffb919a00e5cd,lap_bag_context,no_pose_observation,34560.0,1.33,,1,cam12/e1/v1,
corpus_03,03.CCTV Mobile Usage.mkv,632de9ed55947761d56d4c6142a3cb1a1fe69d0b1a6d0e01a2e404c697962623,dfine_sahi,105500.0,monitor_or_bezel,0.3256,881.23,396.15,949.19,452.65,3839.7,67.96,56.5,1.203,False,,True,R-desk,22,evt_S-61_desk_work_surface_0004,1a7ffb919a00e5cd,lap_bag_context,no_pose_observation,34560.0,1.33,,1,cam12/e1/v1,
corpus_03,03.CCTV Mobile Usage.mkv,632de9ed55947761d56d4c6142a3cb1a1fe69d0b1a6d0e01a2e404c697962623,dfine_sahi,105500.0,phone,0.3032,1051.49,411.38,1140.11,446.79,3137.4,88.62,35.4,2.503,False,,True,R-desk,22,evt_S-61_desk_work_surface_0004,1a7ffb919a00e5cd,lap_bag_context,no_pose_observation,34560.0,1.33,,1,cam12/e1/v1,
corpus_03,03.CCTV Mobile Usage.mkv,632de9ed55947761d56d4c6142a3cb1a1fe69d0b1a6d0e01a2e404c697962623,dfine_sahi,105500.0,keyboard,0.2995,963.89,397.27,1094.71,474.93,10159.4,130.82,77.66,1.685,False,,True,R-desk,22,evt_S-61_desk_work_surface_0004,1a7ffb919a00e5cd,lap_bag_context,no_pose_observation,34560.0,1.33,,1,cam12/e1/v1,
corpus_03,03.CCTV Mobile Usage.mkv,632de9ed55947761d56d4c6142a3cb1a1fe69d0b1a6d0e01a2e404c697962623,dfine_sahi,105500.0,unknown_object,0.2878,878.52,411.33,969.91,505.85,8638.3,91.4,94.52,0.967,False,,True,R-desk,22,evt_S-61_desk_work_surface_0004,1a7ffb919a00e5cd,lap_bag_context,no_pose_observation,34560.0,1.33,,1,cam12/e1/v1,
corpus_03,03.CCTV Mobile Usage.mkv,632de9ed55947761d56d4c6142a3cb1a1fe69d0b1a6d0e01a2e404c697962623,dfine_sahi,105500.0,mouse,0.2601,990.87,399.14,1026.67,413.28,505.9,35.8,14.13,2.534,False,,True,R-desk,22,evt_S-61_desk_work_surface_0004,1a7ffb919a00e5cd,lap_bag_context,no_pose_observation,34560.0,1.33,,1,cam12/e1/v1,
corpus_03,03.CCTV Mobile Usage.mkv,632de9ed55947761d56d4c6142a3cb1a1fe69d0b1a6d0e01a2e404c697962623,dfine_sahi,105500.0,keyboard,0.9097,962.17,451.92,1067.93,491.47,4181.9,105.76,39.54,2.675,False,,True,R-desk,21,evt_S-61_desk_work_surface_0004,1a7ffb919a00e5cd,lap_bag_context,no_pose_observation,34560.0,1.33,,1,cam12/e1/v1,
corpus_03,03.CCTV Mobile Usage.mkv,632de9ed55947761d56d4c6142a3cb1a1fe69d0b1a6d0e01a2e404c697962623,dfine_sahi,105500.0,mouse,0.7694,864.9,413.49,891.31,435.27,575.1,26.41,21.78,1.213,False,,True,R-desk,21,evt_S-61_desk_work_surface_0004,1a7ffb919a00e5cd,lap_bag_context,no_pose_observation,34560.0,1.33,,1,cam12/e1/v1,
corpus_03,03.CCTV Mobile Usage.mkv,632de9ed55947761d56d4c6142a3cb1a1fe69d0b1a6d0e01a2e404c697962623,dfine_sahi,105500.0,monitor_or_bezel,0.7654,910.16,411.26,1141.87,506.33,22029.8,231.71,95.08,2.437,False,,True,R-desk,21,evt_S-61_desk_work_surface_0004,1a7ffb919a00e5cd,lap_bag_context,no_pose_observation,34560.0,1.33,,1,cam12/e1/v1,
corpus_03,03.CCTV Mobile Usage.mkv,632de9ed55947761d56d4c6142a3cb1a1fe69d0b1a6d0e01a2e404c697962623,dfine_sahi,105500.0,phone,0.7612,1043.38,421.83,1111.87,473.92,3567.1,68.49,52.08,1.315,False,,True,R-desk,21,evt_S-61_desk_work_surface_0004,1a7ffb919a00e5cd,lap_bag_context,no_pose_observation,34560.0,1.33,,1,cam12/e1/v1,
corpus_03,03.CCTV Mobile Usage.mkv,632de9ed55947761d56d4c6142a3cb1a1fe69d0b1a6d0e01a2e404c697962623,dfine_sahi,105500.0,keyboard,0.756,772.32,380.15,870.57,420.29,3943.2,98.25,40.13,2.448,False,,True,R-desk,21,evt_S-61_desk_work_surface_0004,1a7ffb919a00e5cd,lap_bag_context,no_pose_observation,34560.0,1.33,,1,cam12/e1/v1,
corpus_03,03.CCTV Mobile Usage.mkv,632de9ed55947761d56d4c6142a3cb1a1fe69d0b1a6d0e01a2e404c697962623,dfine_sahi,105500.0,unknown_object,0.7345,699.87,396.21,847.68,491.96,14151.2,147.81,95.74,1.544,False,,True,R-desk,21,evt_S-61_desk_work_surface_0004,1a7ffb919a00e5cd,lap_bag_context,no_pose_observation,34560.0,1.33,,1,cam12/e1/v1,
corpus_03,03.CCTV Mobile Usage.mkv,632de9ed55947761d56d4c6142a3cb1a1fe69d0b1a6d0e01a2e404c697962623,dfine_sahi,105500.0,monitor_or_bezel,0.6784,1018.6,395.8,1146.01,448.07,6660.4,127.41,52.27,2.437,False,,True,R-desk,21,evt_S-61_desk_work_surface_0004,1a7ffb919a00e5cd,lap_bag_context,no_pose_observation,34560.0,1.33,,1,cam12/e1/v1,
corpus_03,03.CCTV Mobile Usage.mkv,632de9ed55947761d56d4c6142a3cb1a1fe69d0b1a6d0e01a2e404c697962623,dfine_sahi,105500.0,monitor_or_bezel,0.6389,963.02,380.48,1152.87,474.93,17931.3,189.85,94.45,2.01,False,,True,R-desk,21,evt_S-61_desk_work_surface_0004,1a7ffb919a00e5cd,lap_bag_context,no_pose_observation,34560.0,1.33,,1,cam12/e1/v1,
corpus_03,03.CCTV Mobile Usage.mkv,632de9ed55947761d56d4c6142a3cb1a1fe69d0b1a6d0e01a2e404c697962623,dfine_sahi,105500.0,keyboard,0.6145,963.1,452.26,1034.19,475.53,1654.0,71.09,23.26,3.056,False,,True,R-desk,21,evt_S-61_desk_work_surface_0004,1a7ffb919a00e5cd,lap_bag_context,no_pose_observation,34560.0,1.33,,1,cam12/e1/v1,
corpus_03,03.CCTV Mobile Usage.mkv,632de9ed55947761d56d4c6142a3cb1a1fe69d0b1a6d0e01a2e404c697962623,dfine_sahi,105500.0,keyboard,0.5623,802.53,396.27,870.85,420.6,1662.9,68.33,24.34,2.808,False,,True,R-desk,21,evt_S-61_desk_work_surface_0004,1a7ffb919a00e5cd,lap_bag_context,no_pose_observation,34560.0,1.33,,1,cam12/e1/v1,
corpus_03,03.CCTV Mobile Usage.mkv,632de9ed55947761d56d4c6142a3cb1a1fe69d0b1a6d0e01a2e404c697962623,dfine_sahi,105500.0,monitor_or_bezel,0.5446,706.44,379.9,969.19,474.78,24928.5,262.74,94.88,2.769,False,,True,R-desk,21,evt_S-61_desk_work_surface_0004,1a7ffb919a00e5cd,lap_bag_context,no_pose_observation,34560.0,1.33,,1,cam12/e1/v1,
corpus_03,03.CCTV Mobile Usage.mkv,632de9ed55947761d56d4c6142a3cb1a1fe69d0b1a6d0e01a2e404c697962623,dfine_sahi,105500.0,unknown_object,0.5016,761.7,410.97,969.8,505.95,19767.3,208.1,94.99,2.191,False,,True,R-desk,21,evt_S-61_desk_work_surface_0004,1a7ffb919a00e5cd,lap_bag_context,no_pose_observation,34560.0,1.33,,1,cam12/e1/v1,
corpus_03,03.CCTV Mobile Usage.mkv,632de9ed55947761d56d4c6142a3cb1a1fe69d0b1a6d0e01a2e404c697962623,dfine_sahi,105500.0,unknown_object,0.4763,700.01,380.57,759.1,474.96,5577.8,59.1,94.39,0.626,False,,True,R-desk,21,evt_S-61_desk_work_surface_0004,1a7ffb919a00e5cd,lap_bag_context,no_pose_observation,34560.0,1.33,,1,cam12/e1/v1,
corpus_03,03.CCTV Mobile Usage.mkv,632de9ed55947761d56d4c6142a3cb1a1fe69d0b1a6d0e01a2e404c697962623,dfine_sahi,105500.0,keyboard,0.3426,910.11,411.48,1092.76,506.16,17294.2,182.65,94.68,1.929,False,,True,R-desk,21,evt_S-61_desk_work_surface_0004,1a7ffb919a00e5cd,lap_bag_context,no_pose_observation,34560.0,1.33,,1,cam12/e1/v1,
corpus_03,03.CCTV Mobile Usage.mkv,632de9ed55947761d56d4c6142a3cb1a1fe69d0b1a6d0e01a2e404c697962623,dfine_sahi,105500.0,mouse,0.3262,967.1,398.43,991.94,410.65,303.6,24.85,12.22,2.033,False,,True,R-desk,21,evt_S-61_desk_work_surface_0004,1a7ffb919a00e5cd,lap_bag_context,no_pose_observation,34560.0,1.33,,1,cam12/e1/v1,
corpus_03,03.CCTV Mobile Usage.mkv,632de9ed55947761d56d4c6142a3cb1a1fe69d0b1a6d0e01a2e404c697962623,dfine_sahi,105500.0,monitor_or_bezel,0.3256,881.23,396.15,949.19,452.65,3839.7,67.96,56.5,1.203,False,,True,R-desk,21,evt_S-61_desk_work_surface_0004,1a7ffb919a00e5cd,lap_bag_context,no_pose_observation,34560.0,1.33,,1,cam12/e1/v1,
corpus_03,03.CCTV Mobile Usage.mkv,632de9ed55947761d56d4c6142a3cb1a1fe69d0b1a6d0e01a2e404c697962623,dfine_sahi,105500.0,phone,0.3032,1051.49,411.38,1140.11,446.79,3137.4,88.62,35.4,2.503,False,,True,R-desk,21,evt_S-61_desk_work_surface_0004,1a7ffb919a00e5cd,lap_bag_context,no_pose_observation,34560.0,1.33,,1,cam12/e1/v1,
corpus_03,03.CCTV Mobile Usage.mkv,632de9ed55947761d56d4c6142a3cb1a1fe69d0b1a6d0e01a2e404c697962623,dfine_sahi,105500.0,keyboard,0.2995,963.89,397.27,1094.71,474.93,10159.4,130.82,77.66,1.685,False,,True,R-desk,21,evt_S-61_desk_work_surface_0004,1a7ffb919a00e5cd,lap_bag_context,no_pose_observation,34560.0,1.33,,1,cam12/e1/v1,
corpus_03,03.CCTV Mobile Usage.mkv,632de9ed55947761d56d4c6142a3cb1a1fe69d0b1a6d0e01a2e404c697962623,dfine_sahi,105500.0,unknown_object,0.2878,878.52,411.33,969.91,505.85,8638.3,91.4,94.52,0.967,False,,True,R-desk,21,evt_S-61_desk_work_surface_0004,1a7ffb919a00e5cd,lap_bag_context,no_pose_observation,34560.0,1.33,,1,cam12/e1/v1,
corpus_03,03.CCTV Mobile Usage.mkv,632de9ed55947761d56d4c6142a3cb1a1fe69d0b1a6d0e01a2e404c697962623,dfine_sahi,105500.0,mouse,0.2601,990.87,399.14,1026.67,413.28,505.9,35.8,14.13,2.534,False,,True,R-desk,21,evt_S-61_desk_work_surface_0004,1a7ffb919a00e5cd,lap_bag_context,no_pose_observation,34560.0,1.33,,1,cam12/e1/v1,
corpus_03,03.CCTV Mobile Usage.mkv,632de9ed55947761d56d4c6142a3cb1a1fe69d0b1a6d0e01a2e404c697962623,dfine_sahi,105500.0,unknown_object,0.6572,111.7,454.34,177.9,521.77,4464.3,66.2,67.44,0.982,False,,True,S-61,17,evt_S-61_desk_work_surface_0004,6bfbb6244c115ab5,pose_hand_context,,54142.5,2.59,,1,cam12/e1/v1,rtmpose_baseline
corpus_03,03.CCTV Mobile Usage.mkv,632de9ed55947761d56d4c6142a3cb1a1fe69d0b1a6d0e01a2e404c697962623,dfine_sahi,105500.0,unknown_object,0.6122,38.42,422.14,122.82,473.47,4332.7,84.41,51.33,1.644,False,,True,S-61,17,evt_S-61_desk_work_surface_0004,6bfbb6244c115ab5,pose_hand_context,,54142.5,2.59,,1,cam12/e1/v1,rtmpose_baseline
corpus_03,03.CCTV Mobile Usage.mkv,632de9ed55947761d56d4c6142a3cb1a1fe69d0b1a6d0e01a2e404c697962623,dfine_sahi,105500.0,unknown_object,0.5616,-0.05,313.16,122.99,451.43,17012.5,123.04,138.27,0.89,False,,True,S-61,17,evt_S-61_desk_work_surface_0004,6bfbb6244c115ab5,pose_hand_context,,54142.5,2.59,,1,cam12/e1/v1,rtmpose_baseline
corpus_03,03.CCTV Mobile Usage.mkv,632de9ed55947761d56d4c6142a3cb1a1fe69d0b1a6d0e01a2e404c697962623,dfine_sahi,105500.0,unknown_object,0.5214,94.9,313.18,218.16,451.55,17056.8,123.27,138.37,0.891,False,,True,S-61,17,evt_S-61_desk_work_surface_0004,6bfbb6244c115ab5,pose_hand_context,,54142.5,2.59,,1,cam12/e1/v1,rtmpose_baseline
corpus_03,03.CCTV Mobile Usage.mkv,632de9ed55947761d56d4c6142a3cb1a1fe69d0b1a6d0e01a2e404c697962623,dfine_sahi,105500.0,monitor_or_bezel,0.4024,-0.2,494.93,189.92,560.82,12526.9,190.12,65.89,2.885,False,,True,S-61,17,evt_S-61_desk_work_surface_0004,6bfbb6244c115ab5,pose_hand_context,,54142.5,2.59,,1,cam12/e1/v1,rtmpose_baseline
corpus_03,03.CCTV Mobile Usage.mkv,632de9ed55947761d56d4c6142a3cb1a1fe69d0b1a6d0e01a2e404c697962623,dfine_sahi,105500.0,unknown_object,0.3553,-0.04,422.2,123.12,559.93,16964.4,123.17,137.74,0.894,False,,True,S-61,17,evt_S-61_desk_work_surface_0004,6bfbb6244c115ab5,pose_hand_context,,54142.5,2.59,,1,cam12/e1/v1,rtmpose_baseline
corpus_03,03.CCTV Mobile Usage.mkv,632de9ed55947761d56d4c6142a3cb1a1fe69d0b1a6d0e01a2e404c697962623,dfine_sahi,105500.0,phone,0.3216,160.33,519.14,217.03,558.97,2258.6,56.71,39.83,1.424,False,,True,S-61,17,evt_S-61_desk_work_surface_0004,6bfbb6244c115ab5,pose_hand_context,,54142.5,2.59,,1,cam12/e1/v1,rtmpose_baseline
corpus_03,03.CCTV Mobile Usage.mkv,632de9ed55947761d56d4c6142a3cb1a1fe69d0b1a6d0e01a2e404c697962623,dfine_sahi,105500.0,phone,0.3019,108.06,454.62,178.4,522.18,4752.3,70.35,67.56,1.041,False,,True,S-61,17,evt_S-61_desk_work_surface_0004,6bfbb6244c115ab5,pose_hand_context,,54142.5,2.59,,1,cam12/e1/v1,rtmpose_baseline
corpus_03,03.CCTV Mobile Usage.mkv,632de9ed55947761d56d4c6142a3cb1a1fe69d0b1a6d0e01a2e404c697962623,dfine_sahi,105500.0,unknown_object,0.2636,18.5,313.11,109.7,383.2,6392.6,91.2,70.09,1.301,False,,True,S-61,17,evt_S-61_desk_work_surface_0004,6bfbb6244c115ab5,pose_hand_context,,54142.5,2.59,,1,cam12/e1/v1,rtmpose_baseline
corpus_03,03.CCTV Mobile Usage.mkv,632de9ed55947761d56d4c6142a3cb1a1fe69d0b1a6d0e01a2e404c697962623,dfine_sahi,105500.0,bag,0.2526,-0.24,342.7,79.97,437.02,7565.1,80.21,94.31,0.85,False,,True,S-61,17,evt_S-61_desk_work_surface_0004,6bfbb6244c115ab5,pose_hand_context,,54142.5,2.59,,1,cam12/e1/v1,rtmpose_baseline
corpus_03,03.CCTV Mobile Usage.mkv,632de9ed55947761d56d4c6142a3cb1a1fe69d0b1a6d0e01a2e404c697962623,dfine_sahi,105500.0,unknown_object,0.4757,902.16,49.19,932.83,95.33,1415.1,30.67,46.14,0.665,False,,True,unattributed,18,evt_S-61_desk_work_surface_0004,a1e2587a6f762e63,native_source_context_fallback,wrist_confidence_below_floor,9714.0,6.48,,1,cam12/e1/v1,rtmpose_baseline
corpus_03,03.CCTV Mobile Usage.mkv,632de9ed55947761d56d4c6142a3cb1a1fe69d0b1a6d0e01a2e404c697962623,dfine_sahi,105500.0,monitor_or_bezel,0.4709,794.03,2.07,844.18,44.61,2133.3,50.15,42.54,1.179,False,,True,unattributed,18,evt_S-61_desk_work_surface_0004,a1e2587a6f762e63,native_source_context_fallback,wrist_confidence_below_floor,9714.0,6.48,,1,cam12/e1/v1,rtmpose_baseline
corpus_03,03.CCTV Mobile Usage.mkv,632de9ed55947761d56d4c6142a3cb1a1fe69d0b1a6d0e01a2e404c697962623,dfine_sahi,105500.0,phone,0.3865,847.92,82.92,859.87,87.36,53.1,11.95,4.44,2.69,True,object footprint 53 px is under the 120 px floor for a call,False,unattributed,18,evt_S-61_desk_work_surface_0004,a1e2587a6f762e63,native_source_context_fallback,wrist_confidence_below_floor,9714.0,6.48,,1,cam12/e1/v1,rtmpose_baseline
corpus_03,03.CCTV Mobile Usage.mkv,632de9ed55947761d56d4c6142a3cb1a1fe69d0b1a6d0e01a2e404c697962623,dfine_sahi,105500.0,monitor_or_bezel,0.37,794.09,29.04,843.93,45.06,798.0,49.84,16.01,3.112,False,,True,unattributed,18,evt_S-61_desk_work_surface_0004,a1e2587a6f762e63,native_source_context_fallback,wrist_confidence_below_floor,9714.0,6.48,,1,cam12/e1/v1,rtmpose_baseline
corpus_03,03.CCTV Mobile Usage.mkv,632de9ed55947761d56d4c6142a3cb1a1fe69d0b1a6d0e01a2e404c697962623,dfine_sahi,105500.0,unknown_object,0.3426,831.41,84.09,912.76,104.9,1693.0,81.35,20.81,3.909,False,,True,unattributed,18,evt_S-61_desk_work_surface_0004,a1e2587a6f762e63,native_source_context_fallback,wrist_confidence_below_floor,9714.0,6.48,,1,cam12/e1/v1,rtmpose_baseline
corpus_03,03.CCTV Mobile Usage.mkv,632de9ed55947761d56d4c6142a3cb1a1fe69d0b1a6d0e01a2e404c697962623,dfine_sahi,105500.0,unknown_object,0.3069,815.11,40.47,912.95,104.75,6289.1,97.83,64.28,1.522,False,,True,unattributed,18,evt_S-61_desk_work_surface_0004,a1e2587a6f762e63,native_source_context_fallback,wrist_confidence_below_floor,9714.0,6.48,,1,cam12/e1/v1,rtmpose_baseline
corpus_03,03.CCTV Mobile Usage.mkv,632de9ed55947761d56d4c6142a3cb1a1fe69d0b1a6d0e01a2e404c697962623,dfine_sahi,105500.0,bag,0.2931,902.41,49.68,932.63,82.72,998.6,30.22,33.04,0.915,False,,True,unattributed,18,evt_S-61_desk_work_surface_0004,a1e2587a6f762e63,native_source_context_fallback,wrist_confidence_below_floor,9714.0,6.48,,1,cam12/e1/v1,rtmpose_baseline
corpus_03,03.CCTV Mobile Usage.mkv,632de9ed55947761d56d4c6142a3cb1a1fe69d0b1a6d0e01a2e404c697962623,dfine_sahi,105500.0,bag,0.2833,877.88,53.92,898.3,92.03,778.3,20.42,38.11,0.536,False,,True,unattributed,18,evt_S-61_desk_work_surface_0004,a1e2587a6f762e63,native_source_context_fallback,wrist_confidence_below_floor,9714.0,6.48,,1,cam12/e1/v1,rtmpose_baseline
corpus_03,03.CCTV Mobile Usage.mkv,632de9ed55947761d56d4c6142a3cb1a1fe69d0b1a6d0e01a2e404c697962623,dfine_sahi,105500.0,bag,0.261,793.99,2.04,844.16,87.19,4271.8,50.17,85.15,0.589,False,,True,unattributed,18,evt_S-61_desk_work_surface_0004,a1e2587a6f762e63,native_source_context_fallback,wrist_confidence_below_floor,9714.0,6.48,,1,cam12/e1/v1,rtmpose_baseline
corpus_03,03.CCTV Mobile Usage.mkv,632de9ed55947761d56d4c6142a3cb1a1fe69d0b1a6d0e01a2e404c697962623,dfine_sahi,105500.0,unknown_object,0.6131,542.17,51.61,574.07,91.0,1257.0,31.91,39.4,0.81,False,,True,unattributed,23,evt_S-61_desk_work_surface_0004,e7e061d063d353a8,native_source_context_fallback,no_pose_observation,6388.9,6.87,,1,cam12/e1/v1,
corpus_03,03.CCTV Mobile Usage.mkv,632de9ed55947761d56d4c6142a3cb1a1fe69d0b1a6d0e01a2e404c697962623,dfine_sahi,105500.0,phone,0.5051,543.92,18.09,609.78,106.84,5845.2,65.86,88.75,0.742,False,,True,unattributed,23,evt_S-61_desk_work_surface_0004,e7e061d063d353a8,native_source_context_fallback,no_pose_observation,6388.9,6.87,,1,cam12/e1/v1,
corpus_03,03.CCTV Mobile Usage.mkv,632de9ed55947761d56d4c6142a3cb1a1fe69d0b1a6d0e01a2e404c697962623,dfine_sahi,105500.0,phone,0.3871,606.22,0.22,637.98,95.49,3025.6,31.76,95.27,0.333,False,,True,unattributed,23,evt_S-61_desk_work_surface_0004,e7e061d063d353a8,native_source_context_fallback,no_pose_observation,6388.9,6.87,,1,cam12/e1/v1,
corpus_03,03.CCTV Mobile Usage.mkv,632de9ed55947761d56d4c6142a3cb1a1fe69d0b1a6d0e01a2e404c697962623,dfine_sahi,105500.0,phone,0.3666,567.47,53.06,606.82,95.43,1667.7,39.36,42.37,0.929,False,,True,unattributed,23,evt_S-61_desk_work_surface_0004,e7e061d063d353a8,native_source_context_fallback,no_pose_observation,6388.9,6.87,,1,cam12/e1/v1,
corpus_03,03.CCTV Mobile Usage.mkv,632de9ed55947761d56d4c6142a3cb1a1fe69d0b1a6d0e01a2e404c697962623,dfine_sahi,105500.0,unknown_object,0.3622,512.15,51.37,607.48,107.1,5313.1,95.33,55.73,1.71,False,,True,unattributed,23,evt_S-61_desk_work_surface_0004,e7e061d063d353a8,native_source_context_fallback,no_pose_observation,6388.9,6.87,,1,cam12/e1/v1,
corpus_03,03.CCTV Mobile Usage.mkv,632de9ed55947761d56d4c6142a3cb1a1fe69d0b1a6d0e01a2e404c697962623,dfine_sahi,105500.0,bag,0.3603,543.29,18.12,607.72,106.5,5694.3,64.43,88.38,0.729,False,,True,unattributed,23,evt_S-61_desk_work_surface_0004,e7e061d063d353a8,native_source_context_fallback,no_pose_observation,6388.9,6.87,,1,cam12/e1/v1,
corpus_03,03.CCTV Mobile Usage.mkv,632de9ed55947761d56d4c6142a3cb1a1fe69d0b1a6d0e01a2e404c697962623,dfine_sahi,105500.0,bag,0.3553,546.64,18.16,606.3,56.13,2266.0,59.67,37.98,1.571,False,,True,unattributed,23,evt_S-61_desk_work_surface_0004,e7e061d063d353a8,native_source_context_fallback,no_pose_observation,6388.9,6.87,,1,cam12/e1/v1,
corpus_03,03.CCTV Mobile Usage.mkv,632de9ed55947761d56d4c6142a3cb1a1fe69d0b1a6d0e01a2e404c697962623,dfine_sahi,105500.0,unknown_object,0.3086,563.77,52.83,606.74,105.52,2264.2,42.97,52.69,0.816,False,,True,unattributed,23,evt_S-61_desk_work_surface_0004,e7e061d063d353a8,native_source_context_fallback,no_pose_observation,6388.9,6.87,,1,cam12/e1/v1,
corpus_03,03.CCTV Mobile Usage.mkv,632de9ed55947761d56d4c6142a3cb1a1fe69d0b1a6d0e01a2e404c697962623,dfine_sahi,105500.0,unknown_object,0.2925,527.01,18.82,547.28,82.55,1291.6,20.27,63.73,0.318,False,,True,unattributed,23,evt_S-61_desk_work_surface_0004,e7e061d063d353a8,native_source_context_fallback,no_pose_observation,6388.9,6.87,,1,cam12/e1/v1,
corpus_03,03.CCTV Mobile Usage.mkv,632de9ed55947761d56d4c6142a3cb1a1fe69d0b1a6d0e01a2e404c697962623,dfine_sahi,106067.0,monitor_or_bezel,0.4864,815.01,8.53,844.58,44.52,1064.3,29.57,36.0,0.821,False,,True,unattributed,18,evt_S-61_upper_body_0018,031f56c00e7bc06c,native_source_context_fallback,wrist_confidence_below_floor,9410.0,6.59,,1,cam12/e1/v1,rtmpose_baseline
corpus_03,03.CCTV Mobile Usage.mkv,632de9ed55947761d56d4c6142a3cb1a1fe69d0b1a6d0e01a2e404c697962623,dfine_sahi,106067.0,monitor_or_bezel,0.3397,794.07,29.04,843.07,44.83,773.7,49.0,15.79,3.103,False,,True,unattributed,18,evt_S-61_upper_body_0018,031f56c00e7bc06c,native_source_context_fallback,wrist_confidence_below_floor,9410.0,6.59,,1,cam12/e1/v1,rtmpose_baseline
corpus_03,03.CCTV Mobile Usage.mkv,632de9ed55947761d56d4c6142a3cb1a1fe69d0b1a6d0e01a2e404c697962623,dfine_sahi,106067.0,unknown_object,0.3206,794.05,0.29,889.92,95.58,9135.8,95.87,95.29,1.006,False,,True,unattributed,18,evt_S-61_upper_body_0018,031f56c00e7bc06c,native_source_context_fallback,wrist_confidence_below_floor,9410.0,6.59,,1,cam12/e1/v1,rtmpose_baseline
corpus_03,03.CCTV Mobile Usage.mkv,632de9ed55947761d56d4c6142a3cb1a1fe69d0b1a6d0e01a2e404c697962623,dfine_sahi,106067.0,unknown_object,0.3123,847.54,83.07,859.98,97.31,177.2,12.44,14.24,0.874,False,,True,unattributed,18,evt_S-61_upper_body_0018,031f56c00e7bc06c,native_source_context_fallback,wrist_confidence_below_floor,9410.0,6.59,,1,cam12/e1/v1,rtmpose_baseline
corpus_03,03.CCTV Mobile Usage.mkv,632de9ed55947761d56d4c6142a3cb1a1fe69d0b1a6d0e01a2e404c697962623,dfine_sahi,106067.0,bag,0.31,836.07,42.99,910.77,93.43,3767.6,74.7,50.44,1.481,False,,True,unattributed,18,evt_S-61_upper_body_0018,031f56c00e7bc06c,native_source_context_fallback,wrist_confidence_below_floor,9410.0,6.59,,1,cam12/e1/v1,rtmpose_baseline
corpus_03,03.CCTV Mobile Usage.mkv,632de9ed55947761d56d4c6142a3cb1a1fe69d0b1a6d0e01a2e404c697962623,dfine_sahi,106067.0,unknown_object,0.2595,903.27,49.56,931.96,95.45,1316.2,28.69,45.89,0.625,False,,True,unattributed,18,evt_S-61_upper_body_0018,031f56c00e7bc06c,native_source_context_fallback,wrist_confidence_below_floor,9410.0,6.59,,1,cam12/e1/v1,rtmpose_baseline
corpus_03,03.CCTV Mobile Usage.mkv,632de9ed55947761d56d4c6142a3cb1a1fe69d0b1a6d0e01a2e404c697962623,dfine_sahi,106067.0,unknown_object,0.2592,836.11,83.11,931.8,124.79,3987.7,95.69,41.67,2.296,False,,True,unattributed,18,evt_S-61_upper_body_0018,031f56c00e7bc06c,native_source_context_fallback,wrist_confidence_below_floor,9410.0,6.59,,1,cam12/e1/v1,rtmpose_baseline
corpus_03,03.CCTV Mobile Usage.mkv,632de9ed55947761d56d4c6142a3cb1a1fe69d0b1a6d0e01a2e404c697962623,dfine_sahi,106067.0,keyboard,0.9058,962.22,451.91,1067.94,491.47,4183.1,105.72,39.57,2.672,False,,True,R-desk,21,evt_S-61_upper_body_0018,16beff7bd8032466,lap_bag_context,no_pose_observation,34560.0,1.33,,1,cam12/e1/v1,
corpus_03,03.CCTV Mobile Usage.mkv,632de9ed55947761d56d4c6142a3cb1a1fe69d0b1a6d0e01a2e404c697962623,dfine_sahi,106067.0,mouse,0.7782,865.15,413.46,891.28,434.93,561.1,26.13,21.48,1.217,False,,True,R-desk,21,evt_S-61_upper_body_0018,16beff7bd8032466,lap_bag_context,no_pose_observation,34560.0,1.33,,1,cam12/e1/v1,
corpus_03,03.CCTV Mobile Usage.mkv,632de9ed55947761d56d4c6142a3cb1a1fe69d0b1a6d0e01a2e404c697962623,dfine_sahi,106067.0,keyboard,0.752,772.32,380.14,870.48,420.25,3937.3,98.17,40.11,2.448,False,,True,R-desk,21,evt_S-61_upper_body_0018,16beff7bd8032466,lap_bag_context,no_pose_observation,34560.0,1.33,,1,cam12/e1/v1,
corpus_03,03.CCTV Mobile Usage.mkv,632de9ed55947761d56d4c6142a3cb1a1fe69d0b1a6d0e01a2e404c697962623,dfine_sahi,106067.0,monitor_or_bezel,0.7461,910.14,411.25,1141.91,506.35,22041.4,231.77,95.1,2.437,False,,True,R-desk,21,evt_S-61_upper_body_0018,16beff7bd8032466,lap_bag_context,no_pose_observation,34560.0,1.33,,1,cam12/e1/v1,
corpus_03,03.CCTV Mobile Usage.mkv,632de9ed55947761d56d4c6142a3cb1a1fe69d0b1a6d0e01a2e404c697962623,dfine_sahi,106067.0,phone,0.7325,1043.38,421.79,1111.71,474.0,3567.1,68.33,52.21,1.309,False,,True,R-desk,21,evt_S-61_upper_body_0018,16beff7bd8032466,lap_bag_context,no_pose_observation,34560.0,1.33,,1,cam12/e1/v1,
corpus_03,03.CCTV Mobile Usage.mkv,632de9ed55947761d56d4c6142a3cb1a1fe69d0b1a6d0e01a2e404c697962623,dfine_sahi,106067.0,monitor_or_bezel,0.6606,707.76,379.9,969.53,474.68,24811.5,261.77,94.78,2.762,False,,True,R-desk,21,evt_S-61_upper_body_0018,16beff7bd8032466,lap_bag_context,no_pose_observation,34560.0,1.33,,1,cam12/e1/v1,
corpus_03,03.CCTV Mobile Usage.mkv,632de9ed55947761d56d4c6142a3cb1a1fe69d0b1a6d0e01a2e404c697962623,dfine_sahi,106067.0,monitor_or_bezel,0.6477,1018.74,395.62,1145.88,448.0,6660.0,127.14,52.38,2.427,False,,True,R-desk,21,evt_S-61_upper_body_0018,16beff7bd8032466,lap_bag_context,no_pose_observation,34560.0,1.33,,1,cam12/e1/v1,
corpus_03,03.CCTV Mobile Usage.mkv,632de9ed55947761d56d4c6142a3cb1a1fe69d0b1a6d0e01a2e404c697962623,dfine_sahi,106067.0,keyboard,0.6397,963.11,452.28,1034.28,475.55,1655.7,71.17,23.27,3.059,False,,True,R-desk,21,evt_S-61_upper_body_0018,16beff7bd8032466,lap_bag_context,no_pose_observation,34560.0,1.33,,1,cam12/e1/v1,
corpus_03,03.CCTV Mobile Usage.mkv,632de9ed55947761d56d4c6142a3cb1a1fe69d0b1a6d0e01a2e404c697962623,dfine_sahi,106067.0,monitor_or_bezel,0.6033,962.92,380.52,1152.96,474.92,17940.1,190.04,94.4,2.013,False,,True,R-desk,21,evt_S-61_upper_body_0018,16beff7bd8032466,lap_bag_context,no_pose_observation,34560.0,1.33,,1,cam12/e1/v1,
corpus_03,03.CCTV Mobile Usage.mkv,632de9ed55947761d56d4c6142a3cb1a1fe69d0b1a6d0e01a2e404c697962623,dfine_sahi,106067.0,unknown_object,0.5366,699.83,411.18,870.71,506.24,16243.6,170.88,95.06,1.798,False,,True,R-desk,21,evt_S-61_upper_body_0018,16beff7bd8032466,lap_bag_context,no_pose_observation,34560.0,1.33,,1,cam12/e1/v1,
corpus_03,03.CCTV Mobile Usage.mkv,632de9ed55947761d56d4c6142a3cb1a1fe69d0b1a6d0e01a2e404c697962623,dfine_sahi,106067.0,unknown_object,0.5094,700.01,380.49,758.25,474.92,5500.4,58.24,94.44,0.617,False,,True,R-desk,21,evt_S-61_upper_body_0018,16beff7bd8032466,lap_bag_context,no_pose_observation,34560.0,1.33,,1,cam12/e1/v1,
corpus_03,03.CCTV Mobile Usage.mkv,632de9ed55947761d56d4c6142a3cb1a1fe69d0b1a6d0e01a2e404c697962623,dfine_sahi,106067.0,keyboard,0.4832,802.47,396.26,870.74,420.59,1661.2,68.27,24.33,2.806,False,,True,R-desk,21,evt_S-61_upper_body_0018,16beff7bd8032466,lap_bag_context,no_pose_observation,34560.0,1.33,,1,cam12/e1/v1,
corpus_03,03.CCTV Mobile Usage.mkv,632de9ed55947761d56d4c6142a3cb1a1fe69d0b1a6d0e01a2e404c697962623,dfine_sahi,106067.0,unknown_object,0.4777,766.72,410.98,969.84,505.88,19274.2,203.12,94.89,2.141,False,,True,R-desk,21,evt_S-61_upper_body_0018,16beff7bd8032466,lap_bag_context,no_pose_observation,34560.0,1.33,,1,cam12/e1/v1,
corpus_03,03.CCTV Mobile Usage.mkv,632de9ed55947761d56d4c6142a3cb1a1fe69d0b1a6d0e01a2e404c697962623,dfine_sahi,106067.0,keyboard,0.3496,910.1,411.38,1092.46,506.2,17290.8,182.36,94.82,1.923,False,,True,R-desk,21,evt_S-61_upper_body_0018,16beff7bd8032466,lap_bag_context,no_pose_observation,34560.0,1.33,,1,cam12/e1/v1,
corpus_03,03.CCTV Mobile Usage.mkv,632de9ed55947761d56d4c6142a3cb1a1fe69d0b1a6d0e01a2e404c697962623,dfine_sahi,106067.0,unknown_object,0.3482,700.06,380.29,836.56,475.37,12978.1,136.5,95.08,1.436,False,,True,R-desk,21,evt_S-61_upper_body_0018,16beff7bd8032466,lap_bag_context,no_pose_observation,34560.0,1.33,,1,cam12/e1/v1,
corpus_03,03.CCTV Mobile Usage.mkv,632de9ed55947761d56d4c6142a3cb1a1fe69d0b1a6d0e01a2e404c697962623,dfine_sahi,106067.0,keyboard,0.3209,964.36,397.55,1095.42,474.91,10139.7,131.06,77.37,1.694,False,,True,R-desk,21,evt_S-61_upper_body_0018,16beff7bd8032466,lap_bag_context,no_pose_observation,34560.0,1.33,,1,cam12/e1/v1,
corpus_03,03.CCTV Mobile Usage.mkv,632de9ed55947761d56d4c6142a3cb1a1fe69d0b1a6d0e01a2e404c697962623,dfine_sahi,106067.0,mouse,0.308,967.03,398.4,991.99,410.65,305.7,24.96,12.25,2.038,False,,True,R-desk,21,evt_S-61_upper_body_0018,16beff7bd8032466,lap_bag_context,no_pose_observation,34560.0,1.33,,1,cam12/e1/v1,
corpus_03,03.CCTV Mobile Usage.mkv,632de9ed55947761d56d4c6142a3cb1a1fe69d0b1a6d0e01a2e404c697962623,dfine_sahi,106067.0,monitor_or_bezel,0.3043,881.28,396.16,949.08,452.59,3825.8,67.8,56.43,1.202,False,,True,R-desk,21,evt_S-61_upper_body_0018,16beff7bd8032466,lap_bag_context,no_pose_observation,34560.0,1.33,,1,cam12/e1/v1,
corpus_03,03.CCTV Mobile Usage.mkv,632de9ed55947761d56d4c6142a3cb1a1fe69d0b1a6d0e01a2e404c697962623,dfine_sahi,106067.0,keyboard,0.2895,882.11,380.2,964.81,452.59,5986.6,82.7,72.39,1.142,False,,True,R-desk,21,evt_S-61_upper_body_0018,16beff7bd8032466,lap_bag_context,no_pose_observation,34560.0,1.33,,1,cam12/e1/v1,
corpus_03,03.CCTV Mobile Usage.mkv,632de9ed55947761d56d4c6142a3cb1a1fe69d0b1a6d0e01a2e404c697962623,dfine_sahi,106067.0,mouse,0.2758,990.72,399.4,1026.76,413.41,504.6,36.03,14.0,2.573,False,,True,R-desk,21,evt_S-61_upper_body_0018,16beff7bd8032466,lap_bag_context,no_pose_observation,34560.0,1.33,,1,cam12/e1/v1,
corpus_03,03.CCTV Mobile Usage.mkv,632de9ed55947761d56d4c6142a3cb1a1fe69d0b1a6d0e01a2e404c697962623,dfine_sahi,106067.0,phone,0.2661,1053.45,411.47,1140.1,446.99,3077.9,86.66,35.52,2.44,False,,True,R-desk,21,evt_S-61_upper_body_0018,16beff7bd8032466,lap_bag_context,no_pose_observation,34560.0,1.33,,1,cam12/e1/v1,
corpus_03,03.CCTV Mobile Usage.mkv,632de9ed55947761d56d4c6142a3cb1a1fe69d0b1a6d0e01a2e404c697962623,dfine_sahi,106067.0,unknown_object,0.2609,881.67,411.12,932.93,452.71,2132.3,51.26,41.6,1.232,False,,True,R-desk,21,evt_S-61_upper_body_0018,16beff7bd8032466,lap_bag_context,no_pose_observation,34560.0,1.33,,1,cam12/e1/v1,
corpus_03,03.CCTV Mobile Usage.mkv,632de9ed55947761d56d4c6142a3cb1a1fe69d0b1a6d0e01a2e404c697962623,dfine_sahi,106067.0,bag,0.562,542.89,9.44,609.45,94.24,5643.8,66.56,84.8,0.785,False,,True,unattributed,23,evt_S-61_upper_body_0018,8df53ea7b81cf515,native_source_context_fallback,no_pose_observation,6568.5,7.0,,1,cam12/e1/v1,
corpus_03,03.CCTV Mobile Usage.mkv,632de9ed55947761d56d4c6142a3cb1a1fe69d0b1a6d0e01a2e404c697962623,dfine_sahi,106067.0,unknown_object,0.5524,545.02,52.18,573.93,89.79,1087.4,28.91,37.61,0.769,False,,True,unattributed,23,evt_S-61_upper_body_0018,8df53ea7b81cf515,native_source_context_fallback,no_pose_observation,6568.5,7.0,,1,cam12/e1/v1,
corpus_03,03.CCTV Mobile Usage.mkv,632de9ed55947761d56d4c6142a3cb1a1fe69d0b1a6d0e01a2e404c697962623,dfine_sahi,106067.0,phone,0.4824,547.05,9.03,610.87,95.21,5500.0,63.82,86.18,0.741,False,,True,unattributed,23,evt_S-61_upper_body_0018,8df53ea7b81cf515,native_source_context_fallback,no_pose_observation,6568.5,7.0,,1,cam12/e1/v1,
corpus_03,03.CCTV Mobile Usage.mkv,632de9ed55947761d56d4c6142a3cb1a1fe69d0b1a6d0e01a2e404c697962623,dfine_sahi,106067.0,unknown_object,0.4526,543.69,17.32,609.4,106.57,5864.4,65.71,89.24,0.736,False,,True,unattributed,23,evt_S-61_upper_body_0018,8df53ea7b81cf515,native_source_context_fallback,no_pose_observation,6568.5,7.0,,1,cam12/e1/v1,
corpus_03,03.CCTV Mobile Usage.mkv,632de9ed55947761d56d4c6142a3cb1a1fe69d0b1a6d0e01a2e404c697962623,dfine_sahi,106067.0,unknown_object,0.4311,563.55,52.79,607.12,105.23,2285.0,43.57,52.44,0.831,False,,True,unattributed,23,evt_S-61_upper_body_0018,8df53ea7b81cf515,native_source_context_fallback,no_pose_observation,6568.5,7.0,,1,cam12/e1/v1,
corpus_03,03.CCTV Mobile Usage.mkv,632de9ed55947761d56d4c6142a3cb1a1fe69d0b1a6d0e01a2e404c697962623,dfine_sahi,106067.0,unknown_object,0.4084,514.05,71.26,535.54,83.07,253.8,21.49,11.81,1.82,False,,True,unattributed,23,evt_S-61_upper_body_0018,8df53ea7b81cf515,native_source_context_fallback,no_pose_observation,6568.5,7.0,,1,cam12/e1/v1,
corpus_03,03.CCTV Mobile Usage.mkv,632de9ed55947761d56d4c6142a3cb1a1fe69d0b1a6d0e01a2e404c697962623,dfine_sahi,106067.0,stationery,0.3862,606.23,0.2,641.0,95.49,3313.1,34.77,95.29,0.365,False,,True,unattributed,23,evt_S-61_upper_body_0018,8df53ea7b81cf515,native_source_context_fallback,no_pose_observation,6568.5,7.0,,1,cam12/e1/v1,
corpus_03,03.CCTV Mobile Usage.mkv,632de9ed55947761d56d4c6142a3cb1a1fe69d0b1a6d0e01a2e404c697962623,dfine_sahi,106067.0,phone,0.3787,571.62,52.73,606.29,95.06,1467.7,34.67,42.33,0.819,False,,True,unattributed,23,evt_S-61_upper_body_0018,8df53ea7b81cf515,native_source_context_fallback,no_pose_observation,6568.5,7.0,,1,cam12/e1/v1,
corpus_03,03.CCTV Mobile Usage.mkv,632de9ed55947761d56d4c6142a3cb1a1fe69d0b1a6d0e01a2e404c697962623,dfine_sahi,106067.0,unknown_object,0.3648,534.69,77.16,547.62,86.1,115.5,12.93,8.93,1.447,True,object footprint 115 px is under the 120 px floor for a call,False,unattributed,23,evt_S-61_upper_body_0018,8df53ea7b81cf515,native_source_context_fallback,no_pose_observation,6568.5,7.0,,1,cam12/e1/v1,
corpus_03,03.CCTV Mobile Usage.mkv,632de9ed55947761d56d4c6142a3cb1a1fe69d0b1a6d0e01a2e404c697962623,dfine_sahi,106067.0,unknown_object,0.3127,573.13,52.77,604.39,84.03,977.2,31.26,31.26,1.0,False,,True,unattributed,23,evt_S-61_upper_body_0018,8df53ea7b81cf515,native_source_context_fallback,no_pose_observation,6568.5,7.0,,1,cam12/e1/v1,
corpus_03,03.CCTV Mobile Usage.mkv,632de9ed55947761d56d4c6142a3cb1a1fe69d0b1a6d0e01a2e404c697962623,dfine_sahi,106067.0,bag,0.2897,549.14,17.73,608.79,55.23,2236.9,59.65,37.5,1.591,False,,True,unattributed,23,evt_S-61_upper_body_0018,8df53ea7b81cf515,native_source_context_fallback,no_pose_observation,6568.5,7.0,,1,cam12/e1/v1,
corpus_03,03.CCTV Mobile Usage.mkv,632de9ed55947761d56d4c6142a3cb1a1fe69d0b1a6d0e01a2e404c697962623,dfine_sahi,106067.0,unknown_object,0.2896,551.72,57.12,563.83,80.76,286.3,12.11,23.64,0.512,False,,True,unattributed,23,evt_S-61_upper_body_0018,8df53ea7b81cf515,native_source_context_fallback,no_pose_observation,6568.5,7.0,,1,cam12/e1/v1,
corpus_03,03.CCTV Mobile Usage.mkv,632de9ed55947761d56d4c6142a3cb1a1fe69d0b1a6d0e01a2e404c697962623,dfine_sahi,106067.0,unknown_object,0.2531,514.0,106.77,533.14,112.99,119.1,19.14,6.22,3.077,True,object footprint 119 px is under the 120 px floor for a call,False,unattributed,23,evt_S-61_upper_body_0018,8df53ea7b81cf515,native_source_context_fallback,no_pose_observation,6568.5,7.0,,1,cam12/e1/v1,
corpus_03,03.CCTV Mobile Usage.mkv,632de9ed55947761d56d4c6142a3cb1a1fe69d0b1a6d0e01a2e404c697962623,dfine_sahi,106067.0,unknown_object,0.7287,111.08,454.73,177.74,521.01,4417.7,66.65,66.28,1.006,False,,True,S-61,17,evt_S-61_upper_body_0018,d4eced94fe4af9c6,pose_hand_context,,56356.4,2.53,,1,cam12/e1/v1,rtmpose_baseline
corpus_03,03.CCTV Mobile Usage.mkv,632de9ed55947761d56d4c6142a3cb1a1fe69d0b1a6d0e01a2e404c697962623,dfine_sahi,106067.0,unknown_object,0.5397,0.05,311.15,124.97,452.44,17651.6,124.93,141.3,0.884,False,,True,S-61,17,evt_S-61_upper_body_0018,d4eced94fe4af9c6,pose_hand_context,,56356.4,2.53,,1,cam12/e1/v1,rtmpose_baseline
corpus_03,03.CCTV Mobile Usage.mkv,632de9ed55947761d56d4c6142a3cb1a1fe69d0b1a6d0e01a2e404c697962623,dfine_sahi,106067.0,unknown_object,0.503,97.28,311.27,222.58,452.36,17678.5,125.3,141.09,0.888,False,,True,S-61,17,evt_S-61_upper_body_0018,d4eced94fe4af9c6,pose_hand_context,,56356.4,2.53,,1,cam12/e1/v1,rtmpose_baseline
corpus_03,03.CCTV Mobile Usage.mkv,632de9ed55947761d56d4c6142a3cb1a1fe69d0b1a6d0e01a2e404c697962623,dfine_sahi,106067.0,unknown_object,0.4871,38.51,421.12,124.84,473.67,4536.2,86.33,52.54,1.643,False,,True,S-61,17,evt_S-61_upper_body_0018,d4eced94fe4af9c6,pose_hand_context,,56356.4,2.53,,1,cam12/e1/v1,rtmpose_baseline
corpus_03,03.CCTV Mobile Usage.mkv,632de9ed55947761d56d4c6142a3cb1a1fe69d0b1a6d0e01a2e404c697962623,dfine_sahi,106067.0,stationery,0.4398,46.78,509.59,84.97,554.41,1712.0,38.19,44.83,0.852,False,,True,S-61,17,evt_S-61_upper_body_0018,d4eced94fe4af9c6,pose_hand_context,,56356.4,2.53,,1,cam12/e1/v1,rtmpose_baseline
corpus_03,03.CCTV Mobile Usage.mkv,632de9ed55947761d56d4c6142a3cb1a1fe69d0b1a6d0e01a2e404c697962623,dfine_sahi,106067.0,stationery,0.4366,-0.22,495.47,192.0,563.72,13118.6,192.22,68.25,2.817,False,,True,S-61,17,evt_S-61_upper_body_0018,d4eced94fe4af9c6,pose_hand_context,,56356.4,2.53,,1,cam12/e1/v1,rtmpose_baseline
corpus_03,03.CCTV Mobile Usage.mkv,632de9ed55947761d56d4c6142a3cb1a1fe69d0b1a6d0e01a2e404c697962623,dfine_sahi,106067.0,unknown_object,0.4297,0.26,421.11,124.88,507.86,10810.1,124.62,86.75,1.437,False,,True,S-61,17,evt_S-61_upper_body_0018,d4eced94fe4af9c6,pose_hand_context,,56356.4,2.53,,1,cam12/e1/v1,rtmpose_baseline
corpus_03,03.CCTV Mobile Usage.mkv,632de9ed55947761d56d4c6142a3cb1a1fe69d0b1a6d0e01a2e404c697962623,dfine_sahi,106067.0,unknown_object,0.2836,134.63,414.43,220.05,452.75,3273.8,85.42,38.33,2.229,False,,True,S-61,17,evt_S-61_upper_body_0018,d4eced94fe4af9c6,pose_hand_context,,56356.4,2.53,,1,cam12/e1/v1,rtmpose_baseline
corpus_03,03.CCTV Mobile Usage.mkv,632de9ed55947761d56d4c6142a3cb1a1fe69d0b1a6d0e01a2e404c697962623,dfine_sahi,106067.0,unknown_object,0.2609,38.1,368.11,125.03,452.54,7339.5,86.93,84.43,1.03,False,,True,S-61,17,evt_S-61_upper_body_0018,d4eced94fe4af9c6,pose_hand_context,,56356.4,2.53,,1,cam12/e1/v1,rtmpose_baseline
corpus_03,03.CCTV Mobile Usage.mkv,632de9ed55947761d56d4c6142a3cb1a1fe69d0b1a6d0e01a2e404c697962623,dfine_sahi,106067.0,unknown_object,0.2561,17.31,311.09,124.06,384.24,7808.5,106.74,73.15,1.459,False,,True,S-61,17,evt_S-61_upper_body_0018,d4eced94fe4af9c6,pose_hand_context,,56356.4,2.53,,1,cam12/e1/v1,rtmpose_baseline
corpus_03,03.CCTV Mobile Usage.mkv,632de9ed55947761d56d4c6142a3cb1a1fe69d0b1a6d0e01a2e404c697962623,dfine_sahi,106500.0,bag,0.6551,548.74,6.77,606.14,57.26,2898.0,57.4,50.49,1.137,False,,True,unattributed,23,evt_S-61_desk_work_surface_0004,039120638806876b,native_source_context_fallback,no_pose_observation,6585.3,6.74,,1,cam12/e1/v1,
corpus_03,03.CCTV Mobile Usage.mkv,632de9ed55947761d56d4c6142a3cb1a1fe69d0b1a6d0e01a2e404c697962623,dfine_sahi,106500.0,unknown_object,0.6181,543.08,51.79,574.35,90.61,1213.9,31.27,38.82,0.805,False,,True,unattributed,23,evt_S-61_desk_work_surface_0004,039120638806876b,native_source_context_fallback,no_pose_observation,6585.3,6.74,,1,cam12/e1/v1,
corpus_03,03.CCTV Mobile Usage.mkv,632de9ed55947761d56d4c6142a3cb1a1fe69d0b1a6d0e01a2e404c697962623,dfine_sahi,106500.0,phone,0.5137,543.72,20.13,610.36,107.51,5822.5,66.64,87.37,0.763,False,,True,unattributed,23,evt_S-61_desk_work_surface_0004,039120638806876b,native_source_context_fallback,no_pose_observation,6585.3,6.74,,1,cam12/e1/v1,
corpus_03,03.CCTV Mobile Usage.mkv,632de9ed55947761d56d4c6142a3cb1a1fe69d0b1a6d0e01a2e404c697962623,dfine_sahi,106500.0,unknown_object,0.4765,512.22,51.2,606.97,107.16,5302.6,94.75,55.96,1.693,False,,True,unattributed,23,evt_S-61_desk_work_surface_0004,039120638806876b,native_source_context_fallback,no_pose_observation,6585.3,6.74,,1,cam12/e1/v1,
corpus_03,03.CCTV Mobile Usage.mkv,632de9ed55947761d56d4c6142a3cb1a1fe69d0b1a6d0e01a2e404c697962623,dfine_sahi,106500.0,unknown_object,0.3679,605.87,20.26,638.97,113.68,3092.1,33.1,93.42,0.354,False,,True,unattributed,23,evt_S-61_desk_work_surface_0004,039120638806876b,native_source_context_fallback,no_pose_observation,6585.3,6.74,,1,cam12/e1/v1,
corpus_03,03.CCTV Mobile Usage.mkv,632de9ed55947761d56d4c6142a3cb1a1fe69d0b1a6d0e01a2e404c697962623,dfine_sahi,106500.0,phone,0.3298,563.66,52.79,606.99,106.09,2309.4,43.33,53.3,0.813,False,,True,unattributed,23,evt_S-61_desk_work_surface_0004,039120638806876b,native_source_context_fallback,no_pose_observation,6585.3,6.74,,1,cam12/e1/v1,
corpus_03,03.CCTV Mobile Usage.mkv,632de9ed55947761d56d4c6142a3cb1a1fe69d0b1a6d0e01a2e404c697962623,dfine_sahi,106500.0,unknown_object,0.3069,563.41,52.78,606.68,105.38,2275.7,43.26,52.6,0.823,False,,True,unattributed,23,evt_S-61_desk_work_surface_0004,039120638806876b,native_source_context_fallback,no_pose_observation,6585.3,6.74,,1,cam12/e1/v1,
corpus_03,03.CCTV Mobile Usage.mkv,632de9ed55947761d56d4c6142a3cb1a1fe69d0b1a6d0e01a2e404c697962623,dfine_sahi,106500.0,unknown_object,0.3009,512.15,71.15,534.96,83.06,271.9,22.82,11.92,1.915,False,,True,unattributed,23,evt_S-61_desk_work_surface_0004,039120638806876b,native_source_context_fallback,no_pose_observation,6585.3,6.74,,1,cam12/e1/v1,
corpus_03,03.CCTV Mobile Usage.mkv,632de9ed55947761d56d4c6142a3cb1a1fe69d0b1a6d0e01a2e404c697962623,dfine_sahi,106500.0,unknown_object,0.2938,551.36,57.21,563.86,80.97,296.8,12.49,23.76,0.526,False,,True,unattributed,23,evt_S-61_desk_work_surface_0004,039120638806876b,native_source_context_fallback,no_pose_observation,6585.3,6.74,,1,cam12/e1/v1,
corpus_03,03.CCTV Mobile Usage.mkv,632de9ed55947761d56d4c6142a3cb1a1fe69d0b1a6d0e01a2e404c697962623,dfine_sahi,106500.0,unknown_object,0.2901,543.03,20.09,638.96,115.38,9140.4,95.93,95.28,1.007,False,,True,unattributed,23,evt_S-61_desk_work_surface_0004,039120638806876b,native_source_context_fallback,no_pose_observation,6585.3,6.74,,1,cam12/e1/v1,
corpus_03,03.CCTV Mobile Usage.mkv,632de9ed55947761d56d4c6142a3cb1a1fe69d0b1a6d0e01a2e404c697962623,dfine_sahi,106500.0,bag,0.287,543.98,20.18,607.61,106.69,5504.9,63.63,86.51,0.736,False,,True,unattributed,23,evt_S-61_desk_work_surface_0004,039120638806876b,native_source_context_fallback,no_pose_observation,6585.3,6.74,,1,cam12/e1/v1,
corpus_03,03.CCTV Mobile Usage.mkv,632de9ed55947761d56d4c6142a3cb1a1fe69d0b1a6d0e01a2e404c697962623,dfine_sahi,106500.0,phone,0.2784,573.76,52.96,604.86,83.7,955.9,31.1,30.73,1.012,False,,True,unattributed,23,evt_S-61_desk_work_surface_0004,039120638806876b,native_source_context_fallback,no_pose_observation,6585.3,6.74,,1,cam12/e1/v1,
corpus_03,03.CCTV Mobile Usage.mkv,632de9ed55947761d56d4c6142a3cb1a1fe69d0b1a6d0e01a2e404c697962623,dfine_sahi,106500.0,unknown_object,0.2726,574.14,53.03,603.94,83.52,908.2,29.79,30.48,0.977,False,,True,unattributed,23,evt_S-61_desk_work_surface_0004,039120638806876b,native_source_context_fallback,no_pose_observation,6585.3,6.74,,1,cam12/e1/v1,
corpus_03,03.CCTV Mobile Usage.mkv,632de9ed55947761d56d4c6142a3cb1a1fe69d0b1a6d0e01a2e404c697962623,dfine_sahi,106500.0,keyboard,0.9069,962.2,451.9,1067.99,491.47,4185.9,105.78,39.57,2.673,False,,True,R-desk,21,evt_S-61_desk_work_surface_0004,5328ad095fb4cb28,lap_bag_context,wrist_confidence_below_floor,34560.0,1.33,,1,cam12/e1/v1,rtmpose_baseline
corpus_03,03.CCTV Mobile Usage.mkv,632de9ed55947761d56d4c6142a3cb1a1fe69d0b1a6d0e01a2e404c697962623,dfine_sahi,106500.0,monitor_or_bezel,0.7672,910.15,411.26,1142.02,506.33,22044.5,231.87,95.07,2.439,False,,True,R-desk,21,evt_S-61_desk_work_surface_0004,5328ad095fb4cb28,lap_bag_context,wrist_confidence_below_floor,34560.0,1.33,,1,cam12/e1/v1,rtmpose_baseline
corpus_03,03.CCTV Mobile Usage.mkv,632de9ed55947761d56d4c6142a3cb1a1fe69d0b1a6d0e01a2e404c697962623,dfine_sahi,106500.0,mouse,0.7487,865.22,413.54,891.17,435.04,557.9,25.95,21.5,1.207,False,,True,R-desk,21,evt_S-61_desk_work_surface_0004,5328ad095fb4cb28,lap_bag_context,wrist_confidence_below_floor,34560.0,1.33,,1,cam12/e1/v1,rtmpose_baseline
corpus_03,03.CCTV Mobile Usage.mkv,632de9ed55947761d56d4c6142a3cb1a1fe69d0b1a6d0e01a2e404c697962623,dfine_sahi,106500.0,keyboard,0.7442,772.11,380.14,870.56,420.26,3949.8,98.44,40.12,2.454,False,,True,R-desk,21,evt_S-61_desk_work_surface_0004,5328ad095fb4cb28,lap_bag_context,wrist_confidence_below_floor,34560.0,1.33,,1,cam12/e1/v1,rtmpose_baseline
corpus_03,03.CCTV Mobile Usage.mkv,632de9ed55947761d56d4c6142a3cb1a1fe69d0b1a6d0e01a2e404c697962623,dfine_sahi,106500.0,phone,0.7162,1043.39,421.67,1111.84,473.99,3581.0,68.45,52.32,1.308,False,,True,R-desk,21,evt_S-61_desk_work_surface_0004,5328ad095fb4cb28,lap_bag_context,wrist_confidence_below_floor,34560.0,1.33,,1,cam12/e1/v1,rtmpose_baseline
corpus_03,03.CCTV Mobile Usage.mkv,632de9ed55947761d56d4c6142a3cb1a1fe69d0b1a6d0e01a2e404c697962623,dfine_sahi,106500.0,monitor_or_bezel,0.6468,1018.6,395.62,1145.91,447.91,6657.5,127.31,52.29,2.435,False,,True,R-desk,21,evt_S-61_desk_work_surface_0004,5328ad095fb4cb28,lap_bag_context,wrist_confidence_below_floor,34560.0,1.33,,1,cam12/e1/v1,rtmpose_baseline
corpus_03,03.CCTV Mobile Usage.mkv,632de9ed55947761d56d4c6142a3cb1a1fe69d0b1a6d0e01a2e404c697962623,dfine_sahi,106500.0,keyboard,0.6451,963.07,452.29,1034.57,475.57,1664.5,71.51,23.28,3.072,False,,True,R-desk,21,evt_S-61_desk_work_surface_0004,5328ad095fb4cb28,lap_bag_context,wrist_confidence_below_floor,34560.0,1.33,,1,cam12/e1/v1,rtmpose_baseline
corpus_03,03.CCTV Mobile Usage.mkv,632de9ed55947761d56d4c6142a3cb1a1fe69d0b1a6d0e01a2e404c697962623,dfine_sahi,106500.0,monitor_or_bezel,0.632,706.97,379.9,969.06,474.71,24848.4,262.09,94.81,2.764,False,,True,R-desk,21,evt_S-61_desk_work_surface_0004,5328ad095fb4cb28,lap_bag_context,wrist_confidence_below_floor,34560.0,1.33,,1,cam12/e1/v1,rtmpose_baseline
corpus_03,03.CCTV Mobile Usage.mkv,632de9ed55947761d56d4c6142a3cb1a1fe69d0b1a6d0e01a2e404c697962623,dfine_sahi,106500.0,monitor_or_bezel,0.6151,963.43,380.44,1152.84,474.96,17903.4,189.42,94.52,2.004,False,,True,R-desk,21,evt_S-61_desk_work_surface_0004,5328ad095fb4cb28,lap_bag_context,wrist_confidence_below_floor,34560.0,1.33,,1,cam12/e1/v1,rtmpose_baseline
corpus_03,03.CCTV Mobile Usage.mkv,632de9ed55947761d56d4c6142a3cb1a1fe69d0b1a6d0e01a2e404c697962623,dfine_sahi,106500.0,unknown_object,0.5909,699.87,411.18,871.02,506.21,16265.4,171.15,95.04,1.801,False,,True,R-desk,21,evt_S-61_desk_work_surface_0004,5328ad095fb4cb28,lap_bag_context,wrist_confidence_below_floor,34560.0,1.33,,1,cam12/e1/v1,rtmpose_baseline
corpus_03,03.CCTV Mobile Usage.mkv,632de9ed55947761d56d4c6142a3cb1a1fe69d0b1a6d0e01a2e404c697962623,dfine_sahi,106500.0,unknown_object,0.5015,700.0,380.46,758.49,474.92,5524.6,58.49,94.46,0.619,False,,True,R-desk,21,evt_S-61_desk_work_surface_0004,5328ad095fb4cb28,lap_bag_context,wrist_confidence_below_floor,34560.0,1.33,,1,cam12/e1/v1,rtmpose_baseline
corpus_03,03.CCTV Mobile Usage.mkv,632de9ed55947761d56d4c6142a3cb1a1fe69d0b1a6d0e01a2e404c697962623,dfine_sahi,106500.0,unknown_object,0.4959,767.73,410.99,969.86,505.87,19178.0,202.13,94.88,2.13,False,,True,R-desk,21,evt_S-61_desk_work_surface_0004,5328ad095fb4cb28,lap_bag_context,wrist_confidence_below_floor,34560.0,1.33,,1,cam12/e1/v1,rtmpose_baseline
corpus_03,03.CCTV Mobile Usage.mkv,632de9ed55947761d56d4c6142a3cb1a1fe69d0b1a6d0e01a2e404c697962623,dfine_sahi,106500.0,keyboard,0.4604,802.48,396.25,870.72,420.63,1663.5,68.23,24.38,2.799,False,,True,R-desk,21,evt_S-61_desk_work_surface_0004,5328ad095fb4cb28,lap_bag_context,wrist_confidence_below_floor,34560.0,1.33,,1,cam12/e1/v1,rtmpose_baseline
corpus_03,03.CCTV Mobile Usage.mkv,632de9ed55947761d56d4c6142a3cb1a1fe69d0b1a6d0e01a2e404c697962623,dfine_sahi,106500.0,keyboard,0.3422,910.11,411.33,1092.24,506.18,17276.6,182.14,94.86,1.92,False,,True,R-desk,21,evt_S-61_desk_work_surface_0004,5328ad095fb4cb28,lap_bag_context,wrist_confidence_below_floor,34560.0,1.33,,1,cam12/e1/v1,rtmpose_baseline
corpus_03,03.CCTV Mobile Usage.mkv,632de9ed55947761d56d4c6142a3cb1a1fe69d0b1a6d0e01a2e404c697962623,dfine_sahi,106500.0,unknown_object,0.3376,700.06,380.31,837.6,475.35,13072.0,137.54,95.04,1.447,False,,True,R-desk,21,evt_S-61_desk_work_surface_0004,5328ad095fb4cb28,lap_bag_context,wrist_confidence_below_floor,34560.0,1.33,,1,cam12/e1/v1,rtmpose_baseline
corpus_03,03.CCTV Mobile Usage.mkv,632de9ed55947761d56d4c6142a3cb1a1fe69d0b1a6d0e01a2e404c697962623,dfine_sahi,106500.0,keyboard,0.317,964.96,396.47,1096.06,474.96,10289.8,131.1,78.49,1.67,False,,True,R-desk,21,evt_S-61_desk_work_surface_0004,5328ad095fb4cb28,lap_bag_context,wrist_confidence_below_floor,34560.0,1.33,,1,cam12/e1/v1,rtmpose_baseline
corpus_03,03.CCTV Mobile Usage.mkv,632de9ed55947761d56d4c6142a3cb1a1fe69d0b1a6d0e01a2e404c697962623,dfine_sahi,106500.0,mouse,0.2997,967.0,398.42,991.91,410.66,304.9,24.91,12.24,2.036,False,,True,R-desk,21,evt_S-61_desk_work_surface_0004,5328ad095fb4cb28,lap_bag_context,wrist_confidence_below_floor,34560.0,1.33,,1,cam12/e1/v1,rtmpose_baseline
corpus_03,03.CCTV Mobile Usage.mkv,632de9ed55947761d56d4c6142a3cb1a1fe69d0b1a6d0e01a2e404c697962623,dfine_sahi,106500.0,keyboard,0.2891,881.89,380.15,964.76,452.73,6014.6,82.88,72.57,1.142,False,,True,R-desk,21,evt_S-61_desk_work_surface_0004,5328ad095fb4cb28,lap_bag_context,wrist_confidence_below_floor,34560.0,1.33,,1,cam12/e1/v1,rtmpose_baseline
corpus_03,03.CCTV Mobile Usage.mkv,632de9ed55947761d56d4c6142a3cb1a1fe69d0b1a6d0e01a2e404c697962623,dfine_sahi,106500.0,monitor_or_bezel,0.2878,881.33,396.15,949.2,452.57,3829.6,67.88,56.42,1.203,False,,True,R-desk,21,evt_S-61_desk_work_surface_0004,5328ad095fb4cb28,lap_bag_context,wrist_confidence_below_floor,34560.0,1.33,,1,cam12/e1/v1,rtmpose_baseline
corpus_03,03.CCTV Mobile Usage.mkv,632de9ed55947761d56d4c6142a3cb1a1fe69d0b1a6d0e01a2e404c697962623,dfine_sahi,106500.0,mouse,0.2736,990.59,399.48,1026.74,413.38,502.7,36.15,13.9,2.6,False,,True,R-desk,21,evt_S-61_desk_work_surface_0004,5328ad095fb4cb28,lap_bag_context,wrist_confidence_below_floor,34560.0,1.33,,1,cam12/e1/v1,rtmpose_baseline
corpus_03,03.CCTV Mobile Usage.mkv,632de9ed55947761d56d4c6142a3cb1a1fe69d0b1a6d0e01a2e404c697962623,dfine_sahi,106500.0,unknown_object,0.2508,881.55,411.12,933.15,452.78,2149.5,51.6,41.66,1.239,False,,True,R-desk,21,evt_S-61_desk_work_surface_0004,5328ad095fb4cb28,lap_bag_context,wrist_confidence_below_floor,34560.0,1.33,,1,cam12/e1/v1,rtmpose_baseline
corpus_03,03.CCTV Mobile Usage.mkv,632de9ed55947761d56d4c6142a3cb1a1fe69d0b1a6d0e01a2e404c697962623,dfine_sahi,106500.0,keyboard,0.9069,962.2,451.9,1067.99,491.47,4185.9,105.78,39.57,2.673,False,,True,R-desk,22,evt_S-61_desk_work_surface_0004,5328ad095fb4cb28,lap_bag_context,wrist_confidence_below_floor,34560.0,1.33,,1,cam12/e1/v1,rtmpose_baseline
corpus_03,03.CCTV Mobile Usage.mkv,632de9ed55947761d56d4c6142a3cb1a1fe69d0b1a6d0e01a2e404c697962623,dfine_sahi,106500.0,monitor_or_bezel,0.7672,910.15,411.26,1142.02,506.33,22044.5,231.87,95.07,2.439,False,,True,R-desk,22,evt_S-61_desk_work_surface_0004,5328ad095fb4cb28,lap_bag_context,wrist_confidence_below_floor,34560.0,1.33,,1,cam12/e1/v1,rtmpose_baseline
corpus_03,03.CCTV Mobile Usage.mkv,632de9ed55947761d56d4c6142a3cb1a1fe69d0b1a6d0e01a2e404c697962623,dfine_sahi,106500.0,mouse,0.7487,865.22,413.54,891.17,435.04,557.9,25.95,21.5,1.207,False,,True,R-desk,22,evt_S-61_desk_work_surface_0004,5328ad095fb4cb28,lap_bag_context,wrist_confidence_below_floor,34560.0,1.33,,1,cam12/e1/v1,rtmpose_baseline
corpus_03,03.CCTV Mobile Usage.mkv,632de9ed55947761d56d4c6142a3cb1a1fe69d0b1a6d0e01a2e404c697962623,dfine_sahi,106500.0,keyboard,0.7442,772.11,380.14,870.56,420.26,3949.8,98.44,40.12,2.454,False,,True,R-desk,22,evt_S-61_desk_work_surface_0004,5328ad095fb4cb28,lap_bag_context,wrist_confidence_below_floor,34560.0,1.33,,1,cam12/e1/v1,rtmpose_baseline
corpus_03,03.CCTV Mobile Usage.mkv,632de9ed55947761d56d4c6142a3cb1a1fe69d0b1a6d0e01a2e404c697962623,dfine_sahi,106500.0,phone,0.7162,1043.39,421.67,1111.84,473.99,3581.0,68.45,52.32,1.308,False,,True,R-desk,22,evt_S-61_desk_work_surface_0004,5328ad095fb4cb28,lap_bag_context,wrist_confidence_below_floor,34560.0,1.33,,1,cam12/e1/v1,rtmpose_baseline
corpus_03,03.CCTV Mobile Usage.mkv,632de9ed55947761d56d4c6142a3cb1a1fe69d0b1a6d0e01a2e404c697962623,dfine_sahi,106500.0,monitor_or_bezel,0.6468,1018.6,395.62,1145.91,447.91,6657.5,127.31,52.29,2.435,False,,True,R-desk,22,evt_S-61_desk_work_surface_0004,5328ad095fb4cb28,lap_bag_context,wrist_confidence_below_floor,34560.0,1.33,,1,cam12/e1/v1,rtmpose_baseline
corpus_03,03.CCTV Mobile Usage.mkv,632de9ed55947761d56d4c6142a3cb1a1fe69d0b1a6d0e01a2e404c697962623,dfine_sahi,106500.0,keyboard,0.6451,963.07,452.29,1034.57,475.57,1664.5,71.51,23.28,3.072,False,,True,R-desk,22,evt_S-61_desk_work_surface_0004,5328ad095fb4cb28,lap_bag_context,wrist_confidence_below_floor,34560.0,1.33,,1,cam12/e1/v1,rtmpose_baseline
corpus_03,03.CCTV Mobile Usage.mkv,632de9ed55947761d56d4c6142a3cb1a1fe69d0b1a6d0e01a2e404c697962623,dfine_sahi,106500.0,monitor_or_bezel,0.632,706.97,379.9,969.06,474.71,24848.4,262.09,94.81,2.764,False,,True,R-desk,22,evt_S-61_desk_work_surface_0004,5328ad095fb4cb28,lap_bag_context,wrist_confidence_below_floor,34560.0,1.33,,1,cam12/e1/v1,rtmpose_baseline
corpus_03,03.CCTV Mobile Usage.mkv,632de9ed55947761d56d4c6142a3cb1a1fe69d0b1a6d0e01a2e404c697962623,dfine_sahi,106500.0,monitor_or_bezel,0.6151,963.43,380.44,1152.84,474.96,17903.4,189.42,94.52,2.004,False,,True,R-desk,22,evt_S-61_desk_work_surface_0004,5328ad095fb4cb28,lap_bag_context,wrist_confidence_below_floor,34560.0,1.33,,1,cam12/e1/v1,rtmpose_baseline
corpus_03,03.CCTV Mobile Usage.mkv,632de9ed55947761d56d4c6142a3cb1a1fe69d0b1a6d0e01a2e404c697962623,dfine_sahi,106500.0,unknown_object,0.5909,699.87,411.18,871.02,506.21,16265.4,171.15,95.04,1.801,False,,True,R-desk,22,evt_S-61_desk_work_surface_0004,5328ad095fb4cb28,lap_bag_context,wrist_confidence_below_floor,34560.0,1.33,,1,cam12/e1/v1,rtmpose_baseline
corpus_03,03.CCTV Mobile Usage.mkv,632de9ed55947761d56d4c6142a3cb1a1fe69d0b1a6d0e01a2e404c697962623,dfine_sahi,106500.0,unknown_object,0.5015,700.0,380.46,758.49,474.92,5524.6,58.49,94.46,0.619,False,,True,R-desk,22,evt_S-61_desk_work_surface_0004,5328ad095fb4cb28,lap_bag_context,wrist_confidence_below_floor,34560.0,1.33,,1,cam12/e1/v1,rtmpose_baseline
corpus_03,03.CCTV Mobile Usage.mkv,632de9ed55947761d56d4c6142a3cb1a1fe69d0b1a6d0e01a2e404c697962623,dfine_sahi,106500.0,unknown_object,0.4959,767.73,410.99,969.86,505.87,19178.0,202.13,94.88,2.13,False,,True,R-desk,22,evt_S-61_desk_work_surface_0004,5328ad095fb4cb28,lap_bag_context,wrist_confidence_below_floor,34560.0,1.33,,1,cam12/e1/v1,rtmpose_baseline
corpus_03,03.CCTV Mobile Usage.mkv,632de9ed55947761d56d4c6142a3cb1a1fe69d0b1a6d0e01a2e404c697962623,dfine_sahi,106500.0,keyboard,0.4604,802.48,396.25,870.72,420.63,1663.5,68.23,24.38,2.799,False,,True,R-desk,22,evt_S-61_desk_work_surface_0004,5328ad095fb4cb28,lap_bag_context,wrist_confidence_below_floor,34560.0,1.33,,1,cam12/e1/v1,rtmpose_baseline
corpus_03,03.CCTV Mobile Usage.mkv,632de9ed55947761d56d4c6142a3cb1a1fe69d0b1a6d0e01a2e404c697962623,dfine_sahi,106500.0,keyboard,0.3422,910.11,411.33,1092.24,506.18,17276.6,182.14,94.86,1.92,False,,True,R-desk,22,evt_S-61_desk_work_surface_0004,5328ad095fb4cb28,lap_bag_context,wrist_confidence_below_floor,34560.0,1.33,,1,cam12/e1/v1,rtmpose_baseline
corpus_03,03.CCTV Mobile Usage.mkv,632de9ed55947761d56d4c6142a3cb1a1fe69d0b1a6d0e01a2e404c697962623,dfine_sahi,106500.0,unknown_object,0.3376,700.06,380.31,837.6,475.35,13072.0,137.54,95.04,1.447,False,,True,R-desk,22,evt_S-61_desk_work_surface_0004,5328ad095fb4cb28,lap_bag_context,wrist_confidence_below_floor,34560.0,1.33,,1,cam12/e1/v1,rtmpose_baseline
corpus_03,03.CCTV Mobile Usage.mkv,632de9ed55947761d56d4c6142a3cb1a1fe69d0b1a6d0e01a2e404c697962623,dfine_sahi,106500.0,keyboard,0.317,964.96,396.47,1096.06,474.96,10289.8,131.1,78.49,1.67,False,,True,R-desk,22,evt_S-61_desk_work_surface_0004,5328ad095fb4cb28,lap_bag_context,wrist_confidence_below_floor,34560.0,1.33,,1,cam12/e1/v1,rtmpose_baseline
corpus_03,03.CCTV Mobile Usage.mkv,632de9ed55947761d56d4c6142a3cb1a1fe69d0b1a6d0e01a2e404c697962623,dfine_sahi,106500.0,mouse,0.2997,967.0,398.42,991.91,410.66,304.9,24.91,12.24,2.036,False,,True,R-desk,22,evt_S-61_desk_work_surface_0004,5328ad095fb4cb28,lap_bag_context,wrist_confidence_below_floor,34560.0,1.33,,1,cam12/e1/v1,rtmpose_baseline
corpus_03,03.CCTV Mobile Usage.mkv,632de9ed55947761d56d4c6142a3cb1a1fe69d0b1a6d0e01a2e404c697962623,dfine_sahi,106500.0,keyboard,0.2891,881.89,380.15,964.76,452.73,6014.6,82.88,72.57,1.142,False,,True,R-desk,22,evt_S-61_desk_work_surface_0004,5328ad095fb4cb28,lap_bag_context,wrist_confidence_below_floor,34560.0,1.33,,1,cam12/e1/v1,rtmpose_baseline
corpus_03,03.CCTV Mobile Usage.mkv,632de9ed55947761d56d4c6142a3cb1a1fe69d0b1a6d0e01a2e404c697962623,dfine_sahi,106500.0,monitor_or_bezel,0.2878,881.33,396.15,949.2,452.57,3829.6,67.88,56.42,1.203,False,,True,R-desk,22,evt_S-61_desk_work_surface_0004,5328ad095fb4cb28,lap_bag_context,wrist_confidence_below_floor,34560.0,1.33,,1,cam12/e1/v1,rtmpose_baseline
corpus_03,03.CCTV Mobile Usage.mkv,632de9ed55947761d56d4c6142a3cb1a1fe69d0b1a6d0e01a2e404c697962623,dfine_sahi,106500.0,mouse,0.2736,990.59,399.48,1026.74,413.38,502.7,36.15,13.9,2.6,False,,True,R-desk,22,evt_S-61_desk_work_surface_0004,5328ad095fb4cb28,lap_bag_context,wrist_confidence_below_floor,34560.0,1.33,,1,cam12/e1/v1,rtmpose_baseline
corpus_03,03.CCTV Mobile Usage.mkv,632de9ed55947761d56d4c6142a3cb1a1fe69d0b1a6d0e01a2e404c697962623,dfine_sahi,106500.0,unknown_object,0.2508,881.55,411.12,933.15,452.78,2149.5,51.6,41.66,1.239,False,,True,R-desk,22,evt_S-61_desk_work_surface_0004,5328ad095fb4cb28,lap_bag_context,wrist_confidence_below_floor,34560.0,1.33,,1,cam12/e1/v1,rtmpose_baseline
corpus_03,03.CCTV Mobile Usage.mkv,632de9ed55947761d56d4c6142a3cb1a1fe69d0b1a6d0e01a2e404c697962623,dfine_sahi,106500.0,monitor_or_bezel,0.7496,794.02,2.32,843.89,45.01,2128.7,49.87,42.69,1.168,False,,True,unattributed,18,evt_S-61_desk_work_surface_0004,8835fd8ef44f249c,native_source_context_fallback,wrist_confidence_below_floor,9442.0,6.57,,1,cam12/e1/v1,rtmpose_baseline
corpus_03,03.CCTV Mobile Usage.mkv,632de9ed55947761d56d4c6142a3cb1a1fe69d0b1a6d0e01a2e404c697962623,dfine_sahi,106500.0,monitor_or_bezel,0.5157,794.05,29.04,842.72,46.99,874.1,48.67,17.96,2.71,False,,True,unattributed,18,evt_S-61_desk_work_surface_0004,8835fd8ef44f249c,native_source_context_fallback,wrist_confidence_below_floor,9442.0,6.57,,1,cam12/e1/v1,rtmpose_baseline
corpus_03,03.CCTV Mobile Usage.mkv,632de9ed55947761d56d4c6142a3cb1a1fe69d0b1a6d0e01a2e404c697962623,dfine_sahi,106500.0,monitor_or_bezel,0.3232,836.01,10.29,843.99,44.7,274.8,7.99,34.41,0.232,False,,True,unattributed,18,evt_S-61_desk_work_surface_0004,8835fd8ef44f249c,native_source_context_fallback,wrist_confidence_below_floor,9442.0,6.57,,1,cam12/e1/v1,rtmpose_baseline
corpus_03,03.CCTV Mobile Usage.mkv,632de9ed55947761d56d4c6142a3cb1a1fe69d0b1a6d0e01a2e404c697962623,dfine_sahi,106500.0,unknown_object,0.3091,794.0,33.18,831.66,68.69,1337.2,37.66,35.51,1.061,False,,True,unattributed,18,evt_S-61_desk_work_surface_0004,8835fd8ef44f249c,native_source_context_fallback,wrist_confidence_below_floor,9442.0,6.57,,1,cam12/e1/v1,rtmpose_baseline
corpus_03,03.CCTV Mobile Usage.mkv,632de9ed55947761d56d4c6142a3cb1a1fe69d0b1a6d0e01a2e404c697962623,dfine_sahi,106500.0,bag,0.3013,836.13,45.01,910.93,94.92,3733.0,74.8,49.91,1.499,False,,True,unattributed,18,evt_S-61_desk_work_surface_0004,8835fd8ef44f249c,native_source_context_fallback,wrist_confidence_below_floor,9442.0,6.57,,1,cam12/e1/v1,rtmpose_baseline
corpus_03,03.CCTV Mobile Usage.mkv,632de9ed55947761d56d4c6142a3cb1a1fe69d0b1a6d0e01a2e404c697962623,dfine_sahi,106500.0,unknown_object,0.2694,829.15,84.71,889.98,124.59,2425.7,60.84,39.87,1.526,False,,True,unattributed,18,evt_S-61_desk_work_surface_0004,8835fd8ef44f249c,native_source_context_fallback,wrist_confidence_below_floor,9442.0,6.57,,1,cam12/e1/v1,rtmpose_baseline
corpus_03,03.CCTV Mobile Usage.mkv,632de9ed55947761d56d4c6142a3cb1a1fe69d0b1a6d0e01a2e404c697962623,dfine_sahi,106500.0,unknown_object,0.267,836.02,29.15,931.86,124.68,9155.9,95.84,95.53,1.003,False,,True,unattributed,18,evt_S-61_desk_work_surface_0004,8835fd8ef44f249c,native_source_context_fallback,wrist_confidence_below_floor,9442.0,6.57,,1,cam12/e1/v1,rtmpose_baseline
corpus_03,03.CCTV Mobile Usage.mkv,632de9ed55947761d56d4c6142a3cb1a1fe69d0b1a6d0e01a2e404c697962623,dfine_sahi,106500.0,unknown_object,0.2651,847.52,83.02,860.3,97.24,181.6,12.77,14.22,0.899,False,,True,unattributed,18,evt_S-61_desk_work_surface_0004,8835fd8ef44f249c,native_source_context_fallback,wrist_confidence_below_floor,9442.0,6.57,,1,cam12/e1/v1,rtmpose_baseline
corpus_03,03.CCTV Mobile Usage.mkv,632de9ed55947761d56d4c6142a3cb1a1fe69d0b1a6d0e01a2e404c697962623,dfine_sahi,106500.0,unknown_object,0.263,830.97,83.08,911.92,104.85,1761.9,80.94,21.77,3.718,False,,True,unattributed,18,evt_S-61_desk_work_surface_0004,8835fd8ef44f249c,native_source_context_fallback,wrist_confidence_below_floor,9442.0,6.57,,1,cam12/e1/v1,rtmpose_baseline
corpus_03,03.CCTV Mobile Usage.mkv,632de9ed55947761d56d4c6142a3cb1a1fe69d0b1a6d0e01a2e404c697962623,dfine_sahi,106500.0,unknown_object,0.2518,794.03,0.33,889.9,95.3,9104.8,95.87,94.97,1.009,False,,True,unattributed,18,evt_S-61_desk_work_surface_0004,8835fd8ef44f249c,native_source_context_fallback,wrist_confidence_below_floor,9442.0,6.57,,1,cam12/e1/v1,rtmpose_baseline
corpus_03,03.CCTV Mobile Usage.mkv,632de9ed55947761d56d4c6142a3cb1a1fe69d0b1a6d0e01a2e404c697962623,dfine_sahi,106500.0,unknown_object,0.2506,902.76,89.26,911.99,101.86,116.3,9.23,12.6,0.733,True,object footprint 116 px is under the 120 px floor for a call,False,unattributed,18,evt_S-61_desk_work_surface_0004,8835fd8ef44f249c,native_source_context_fallback,wrist_confidence_below_floor,9442.0,6.57,,1,cam12/e1/v1,rtmpose_baseline
corpus_03,03.CCTV Mobile Usage.mkv,632de9ed55947761d56d4c6142a3cb1a1fe69d0b1a6d0e01a2e404c697962623,dfine_sahi,106500.0,unknown_object,0.7933,111.52,454.56,177.71,518.97,4263.4,66.19,64.41,1.028,False,,True,S-61,17,evt_S-61_desk_work_surface_0004,e3bab5cb105d4b75,pose_hand_context,,53066.1,2.63,,1,cam12/e1/v1,rtmpose_baseline
corpus_03,03.CCTV Mobile Usage.mkv,632de9ed55947761d56d4c6142a3cb1a1fe69d0b1a6d0e01a2e404c697962623,dfine_sahi,106500.0,unknown_object,0.6093,0.02,315.17,121.97,451.45,16618.3,121.95,136.28,0.895,False,,True,S-61,17,evt_S-61_desk_work_surface_0004,e3bab5cb105d4b75,pose_hand_context,,53066.1,2.63,,1,cam12/e1/v1,rtmpose_baseline
corpus_03,03.CCTV Mobile Usage.mkv,632de9ed55947761d56d4c6142a3cb1a1fe69d0b1a6d0e01a2e404c697962623,dfine_sahi,106500.0,unknown_object,0.5411,94.79,333.52,210.48,451.49,13648.3,115.7,117.97,0.981,False,,True,S-61,17,evt_S-61_desk_work_surface_0004,e3bab5cb105d4b75,pose_hand_context,,53066.1,2.63,,1,cam12/e1/v1,rtmpose_baseline
corpus_03,03.CCTV Mobile Usage.mkv,632de9ed55947761d56d4c6142a3cb1a1fe69d0b1a6d0e01a2e404c697962623,dfine_sahi,106500.0,unknown_object,0.4947,94.79,422.22,218.2,558.53,16822.1,123.41,136.31,0.905,False,,True,S-61,17,evt_S-61_desk_work_surface_0004,e3bab5cb105d4b75,pose_hand_context,,53066.1,2.63,,1,cam12/e1/v1,rtmpose_baseline
corpus_03,03.CCTV Mobile Usage.mkv,632de9ed55947761d56d4c6142a3cb1a1fe69d0b1a6d0e01a2e404c697962623,dfine_sahi,106500.0,unknown_object,0.4308,-0.34,315.13,217.67,558.31,53017.2,218.01,243.19,0.896,False,,True,S-61,17,evt_S-61_desk_work_surface_0004,e3bab5cb105d4b75,pose_hand_context,,53066.1,2.63,,1,cam12/e1/v1,rtmpose_baseline
corpus_03,03.CCTV Mobile Usage.mkv,632de9ed55947761d56d4c6142a3cb1a1fe69d0b1a6d0e01a2e404c697962623,dfine_sahi,106500.0,unknown_object,0.4112,38.96,422.15,121.94,474.07,4307.9,82.98,51.92,1.598,False,,True,S-61,17,evt_S-61_desk_work_surface_0004,e3bab5cb105d4b75,pose_hand_context,,53066.1,2.63,,1,cam12/e1/v1,rtmpose_baseline
corpus_03,03.CCTV Mobile Usage.mkv,632de9ed55947761d56d4c6142a3cb1a1fe69d0b1a6d0e01a2e404c697962623,dfine_sahi,106500.0,stationery,0.3852,46.48,509.72,85.07,554.06,1710.8,38.58,44.34,0.87,False,,True,S-61,17,evt_S-61_desk_work_surface_0004,e3bab5cb105d4b75,pose_hand_context,,53066.1,2.63,,1,cam12/e1/v1,rtmpose_baseline
corpus_03,03.CCTV Mobile Usage.mkv,632de9ed55947761d56d4c6142a3cb1a1fe69d0b1a6d0e01a2e404c697962623,dfine_sahi,106500.0,unknown_object,0.31,135.13,420.61,210.73,451.83,2360.0,75.6,31.22,2.422,False,,True,S-61,17,evt_S-61_desk_work_surface_0004,e3bab5cb105d4b75,pose_hand_context,,53066.1,2.63,,1,cam12/e1/v1,rtmpose_baseline
corpus_03,03.CCTV Mobile Usage.mkv,632de9ed55947761d56d4c6142a3cb1a1fe69d0b1a6d0e01a2e404c697962623,dfine_sahi,106500.0,unknown_object,0.2833,-0.6,422.13,122.74,558.45,16812.5,123.33,136.32,0.905,False,,True,S-61,17,evt_S-61_desk_work_surface_0004,e3bab5cb105d4b75,pose_hand_context,,53066.1,2.63,,1,cam12/e1/v1,rtmpose_baseline
corpus_03,03.CCTV Mobile Usage.mkv,632de9ed55947761d56d4c6142a3cb1a1fe69d0b1a6d0e01a2e404c697962623,dfine_sahi,106500.0,stationery,0.2826,-0.28,494.96,186.26,558.77,11904.6,186.55,63.82,2.923,False,,True,S-61,17,evt_S-61_desk_work_surface_0004,e3bab5cb105d4b75,pose_hand_context,,53066.1,2.63,,1,cam12/e1/v1,rtmpose_baseline
corpus_03,03.CCTV Mobile Usage.mkv,632de9ed55947761d56d4c6142a3cb1a1fe69d0b1a6d0e01a2e404c697962623,dfine_sahi,107500.0,phone,0.5819,159.16,432.4,184.12,474.22,1043.9,24.96,41.82,0.597,False,,True,S-61,17,evt_S-61_desk_work_surface_0004,061504b531fc9201,pose_hand_context,,52253.4,2.65,,1,cam12/e1/v1,rtmpose_baseline
corpus_03,03.CCTV Mobile Usage.mkv,632de9ed55947761d56d4c6142a3cb1a1fe69d0b1a6d0e01a2e404c697962623,dfine_sahi,107500.0,unknown_object,0.5177,111.15,454.2,178.17,521.0,4477.8,67.03,66.81,1.003,False,,True,S-61,17,evt_S-61_desk_work_surface_0004,061504b531fc9201,pose_hand_context,,52253.4,2.65,,1,cam12/e1/v1,rtmpose_baseline
corpus_03,03.CCTV Mobile Usage.mkv,632de9ed55947761d56d4c6142a3cb1a1fe69d0b1a6d0e01a2e404c697962623,dfine_sahi,107500.0,unknown_object,0.4238,93.81,340.86,216.01,451.42,13511.3,122.21,110.56,1.105,False,,True,S-61,17,evt_S-61_desk_work_surface_0004,061504b531fc9201,pose_hand_context,,52253.4,2.65,,1,cam12/e1/v1,rtmpose_baseline
corpus_03,03.CCTV Mobile Usage.mkv,632de9ed55947761d56d4c6142a3cb1a1fe69d0b1a6d0e01a2e404c697962623,dfine_sahi,107500.0,unknown_object,0.4199,38.91,422.18,120.79,474.24,4262.7,81.88,52.06,1.573,False,,True,S-61,17,evt_S-61_desk_work_surface_0004,061504b531fc9201,pose_hand_context,,52253.4,2.65,,1,cam12/e1/v1,rtmpose_baseline
corpus_03,03.CCTV Mobile Usage.mkv,632de9ed55947761d56d4c6142a3cb1a1fe69d0b1a6d0e01a2e404c697962623,dfine_sahi,107500.0,stationery,0.3608,47.12,509.77,84.99,553.35,1650.4,37.87,43.58,0.869,False,,True,S-61,17,evt_S-61_desk_work_surface_0004,061504b531fc9201,pose_hand_context,,52253.4,2.65,,1,cam12/e1/v1,rtmpose_baseline
corpus_03,03.CCTV Mobile Usage.mkv,632de9ed55947761d56d4c6142a3cb1a1fe69d0b1a6d0e01a2e404c697962623,dfine_sahi,107500.0,unknown_object,0.3302,19.9,316.07,109.99,377.91,5571.4,90.09,61.84,1.457,False,,True,S-61,17,evt_S-61_desk_work_surface_0004,061504b531fc9201,pose_hand_context,,52253.4,2.65,,1,cam12/e1/v1,rtmpose_baseline
corpus_03,03.CCTV Mobile Usage.mkv,632de9ed55947761d56d4c6142a3cb1a1fe69d0b1a6d0e01a2e404c697962623,dfine_sahi,107500.0,monitor_or_bezel,0.3218,-0.29,495.19,186.77,557.76,11703.0,187.06,62.56,2.99,False,,True,S-61,17,evt_S-61_desk_work_surface_0004,061504b531fc9201,pose_hand_context,,52253.4,2.65,,1,cam12/e1/v1,rtmpose_baseline
corpus_03,03.CCTV Mobile Usage.mkv,632de9ed55947761d56d4c6142a3cb1a1fe69d0b1a6d0e01a2e404c697962623,dfine_sahi,107500.0,unknown_object,0.2818,94.0,448.87,215.35,557.75,13212.4,121.35,108.88,1.114,False,,True,S-61,17,evt_S-61_desk_work_surface_0004,061504b531fc9201,pose_hand_context,,52253.4,2.65,,1,cam12/e1/v1,rtmpose_baseline
corpus_03,03.CCTV Mobile Usage.mkv,632de9ed55947761d56d4c6142a3cb1a1fe69d0b1a6d0e01a2e404c697962623,dfine_sahi,107500.0,monitor_or_bezel,0.5104,794.01,2.15,844.11,43.94,2093.6,50.1,41.79,1.199,False,,True,unattributed,18,evt_S-61_desk_work_surface_0004,0633178326796df2,native_source_context_fallback,wrist_confidence_below_floor,9535.1,6.51,,1,cam12/e1/v1,rtmpose_baseline
corpus_03,03.CCTV Mobile Usage.mkv,632de9ed55947761d56d4c6142a3cb1a1fe69d0b1a6d0e01a2e404c697962623,dfine_sahi,107500.0,unknown_object,0.4266,836.45,83.22,871.01,124.72,1434.8,34.57,41.51,0.833,False,,True,unattributed,18,evt_S-61_desk_work_surface_0004,0633178326796df2,native_source_context_fallback,wrist_confidence_below_floor,9535.1,6.51,,1,cam12/e1/v1,rtmpose_baseline
corpus_03,03.CCTV Mobile Usage.mkv,632de9ed55947761d56d4c6142a3cb1a1fe69d0b1a6d0e01a2e404c697962623,dfine_sahi,107500.0,bag,0.3549,836.15,45.88,910.18,97.47,3819.0,74.03,51.59,1.435,False,,True,unattributed,18,evt_S-61_desk_work_surface_0004,0633178326796df2,native_source_context_fallback,wrist_confidence_below_floor,9535.1,6.51,,1,cam12/e1/v1,rtmpose_baseline
corpus_03,03.CCTV Mobile Usage.mkv,632de9ed55947761d56d4c6142a3cb1a1fe69d0b1a6d0e01a2e404c697962623,dfine_sahi,107500.0,unknown_object,0.2969,903.25,47.85,931.91,102.66,1570.9,28.66,54.81,0.523,False,,True,unattributed,18,evt_S-61_desk_work_surface_0004,0633178326796df2,native_source_context_fallback,wrist_confidence_below_floor,9535.1,6.51,,1,cam12/e1/v1,rtmpose_baseline
corpus_03,03.CCTV Mobile Usage.mkv,632de9ed55947761d56d4c6142a3cb1a1fe69d0b1a6d0e01a2e404c697962623,dfine_sahi,107500.0,unknown_object,0.2906,846.8,83.04,864.44,105.83,402.1,17.65,22.79,0.774,False,,True,unattributed,18,evt_S-61_desk_work_surface_0004,0633178326796df2,native_source_context_fallback,wrist_confidence_below_floor,9535.1,6.51,,1,cam12/e1/v1,rtmpose_baseline
corpus_03,03.CCTV Mobile Usage.mkv,632de9ed55947761d56d4c6142a3cb1a1fe69d0b1a6d0e01a2e404c697962623,dfine_sahi,107500.0,bag,0.2889,878.34,48.52,909.52,96.48,1495.4,31.18,47.96,0.65,False,,True,unattributed,18,evt_S-61_desk_work_surface_0004,0633178326796df2,native_source_context_fallback,wrist_confidence_below_floor,9535.1,6.51,,1,cam12/e1/v1,rtmpose_baseline
corpus_03,03.CCTV Mobile Usage.mkv,632de9ed55947761d56d4c6142a3cb1a1fe69d0b1a6d0e01a2e404c697962623,dfine_sahi,107500.0,unknown_object,0.2748,836.04,29.03,931.99,124.64,9173.7,95.95,95.61,1.004,False,,True,unattributed,18,evt_S-61_desk_work_surface_0004,0633178326796df2,native_source_context_fallback,wrist_confidence_below_floor,9535.1,6.51,,1,cam12/e1/v1,rtmpose_baseline
corpus_03,03.CCTV Mobile Usage.mkv,632de9ed55947761d56d4c6142a3cb1a1fe69d0b1a6d0e01a2e404c697962623,dfine_sahi,107500.0,monitor_or_bezel,0.2515,794.07,29.04,841.51,44.02,710.7,47.43,14.98,3.166,False,,True,unattributed,18,evt_S-61_desk_work_surface_0004,0633178326796df2,native_source_context_fallback,wrist_confidence_below_floor,9535.1,6.51,,1,cam12/e1/v1,rtmpose_baseline
corpus_03,03.CCTV Mobile Usage.mkv,632de9ed55947761d56d4c6142a3cb1a1fe69d0b1a6d0e01a2e404c697962623,dfine_sahi,107500.0,unknown_object,0.5687,544.03,48.63,574.0,91.31,1278.9,29.96,42.68,0.702,False,,True,unattributed,23,evt_S-61_desk_work_surface_0004,07dc176ad9cb3fb4,native_source_context_fallback,no_pose_observation,5535.3,7.42,,1,cam12/e1/v1,
corpus_03,03.CCTV Mobile Usage.mkv,632de9ed55947761d56d4c6142a3cb1a1fe69d0b1a6d0e01a2e404c697962623,dfine_sahi,107500.0,unknown_object,0.492,552.66,5.41,610.81,95.08,5214.9,58.16,89.67,0.649,False,,True,unattributed,23,evt_S-61_desk_work_surface_0004,07dc176ad9cb3fb4,native_source_context_fallback,no_pose_observation,5535.3,7.42,,1,cam12/e1/v1,
corpus_03,03.CCTV Mobile Usage.mkv,632de9ed55947761d56d4c6142a3cb1a1fe69d0b1a6d0e01a2e404c697962623,dfine_sahi,107500.0,unknown_object,0.4662,605.92,0.27,639.98,95.5,3242.9,34.05,95.24,0.358,False,,True,unattributed,23,evt_S-61_desk_work_surface_0004,07dc176ad9cb3fb4,native_source_context_fallback,no_pose_observation,5535.3,7.42,,1,cam12/e1/v1,
corpus_03,03.CCTV Mobile Usage.mkv,632de9ed55947761d56d4c6142a3cb1a1fe69d0b1a6d0e01a2e404c697962623,dfine_sahi,107500.0,unknown_object,0.4321,516.11,71.73,532.96,80.45,146.9,16.86,8.72,1.934,False,,True,unattributed,23,evt_S-61_desk_work_surface_0004,07dc176ad9cb3fb4,native_source_context_fallback,no_pose_observation,5535.3,7.42,,1,cam12/e1/v1,
corpus_03,03.CCTV Mobile Usage.mkv,632de9ed55947761d56d4c6142a3cb1a1fe69d0b1a6d0e01a2e404c697962623,dfine_sahi,107500.0,unknown_object,0.4098,563.92,51.39,607.49,105.73,2367.8,43.57,54.35,0.802,False,,True,unattributed,23,evt_S-61_desk_work_surface_0004,07dc176ad9cb3fb4,native_source_context_fallback,no_pose_observation,5535.3,7.42,,1,cam12/e1/v1,
corpus_03,03.CCTV Mobile Usage.mkv,632de9ed55947761d56d4c6142a3cb1a1fe69d0b1a6d0e01a2e404c697962623,dfine_sahi,107500.0,unknown_object,0.3732,534.46,77.47,549.48,86.02,128.4,15.03,8.55,1.758,False,,True,unattributed,23,evt_S-61_desk_work_surface_0004,07dc176ad9cb3fb4,native_source_context_fallback,no_pose_observation,5535.3,7.42,,1,cam12/e1/v1,
corpus_03,03.CCTV Mobile Usage.mkv,632de9ed55947761d56d4c6142a3cb1a1fe69d0b1a6d0e01a2e404c697962623,dfine_sahi,107500.0,unknown_object,0.3446,525.48,75.87,536.44,83.1,79.3,10.96,7.24,1.515,True,object footprint 79 px is under the 120 px floor for a call,False,unattributed,23,evt_S-61_desk_work_surface_0004,07dc176ad9cb3fb4,native_source_context_fallback,no_pose_observation,5535.3,7.42,,1,cam12/e1/v1,
corpus_03,03.CCTV Mobile Usage.mkv,632de9ed55947761d56d4c6142a3cb1a1fe69d0b1a6d0e01a2e404c697962623,dfine_sahi,107500.0,unknown_object,0.3224,544.02,0.13,560.11,59.11,948.9,16.09,58.98,0.273,False,,True,unattributed,23,evt_S-61_desk_work_surface_0004,07dc176ad9cb3fb4,native_source_context_fallback,no_pose_observation,5535.3,7.42,,1,cam12/e1/v1,
corpus_03,03.CCTV Mobile Usage.mkv,632de9ed55947761d56d4c6142a3cb1a1fe69d0b1a6d0e01a2e404c697962623,dfine_sahi,107500.0,unknown_object,0.2845,530.01,0.36,559.79,83.55,2477.3,29.78,83.19,0.358,False,,True,unattributed,23,evt_S-61_desk_work_surface_0004,07dc176ad9cb3fb4,native_source_context_fallback,no_pose_observation,5535.3,7.42,,1,cam12/e1/v1,
corpus_03,03.CCTV Mobile Usage.mkv,632de9ed55947761d56d4c6142a3cb1a1fe69d0b1a6d0e01a2e404c697962623,dfine_sahi,107500.0,keyboard,0.2778,530.02,82.56,596.6,96.0,894.9,66.57,13.44,4.952,False,,True,unattributed,23,evt_S-61_desk_work_surface_0004,07dc176ad9cb3fb4,native_source_context_fallback,no_pose_observation,5535.3,7.42,,1,cam12/e1/v1,
corpus_03,03.CCTV Mobile Usage.mkv,632de9ed55947761d56d4c6142a3cb1a1fe69d0b1a6d0e01a2e404c697962623,dfine_sahi,107500.0,keyboard,0.903,962.06,451.96,1067.87,491.45,4178.3,105.82,39.49,2.68,False,,True,R-desk,21,evt_S-61_desk_work_surface_0004,bdac2b57433fb1af,lap_bag_context,wrist_confidence_below_floor,34560.0,1.33,,1,cam12/e1/v1,rtmpose_baseline
corpus_03,03.CCTV Mobile Usage.mkv,632de9ed55947761d56d4c6142a3cb1a1fe69d0b1a6d0e01a2e404c697962623,dfine_sahi,107500.0,monitor_or_bezel,0.7439,910.15,411.23,1141.56,506.35,22011.6,231.42,95.12,2.433,False,,True,R-desk,21,evt_S-61_desk_work_surface_0004,bdac2b57433fb1af,lap_bag_context,wrist_confidence_below_floor,34560.0,1.33,,1,cam12/e1/v1,rtmpose_baseline
corpus_03,03.CCTV Mobile Usage.mkv,632de9ed55947761d56d4c6142a3cb1a1fe69d0b1a6d0e01a2e404c697962623,dfine_sahi,107500.0,mouse,0.7351,864.91,413.54,891.33,435.1,569.7,26.41,21.57,1.225,False,,True,R-desk,21,evt_S-61_desk_work_surface_0004,bdac2b57433fb1af,lap_bag_context,wrist_confidence_below_floor,34560.0,1.33,,1,cam12/e1/v1,rtmpose_baseline
corpus_03,03.CCTV Mobile Usage.mkv,632de9ed55947761d56d4c6142a3cb1a1fe69d0b1a6d0e01a2e404c697962623,dfine_sahi,107500.0,keyboard,0.7281,772.11,380.18,870.69,420.34,3959.4,98.58,40.17,2.454,False,,True,R-desk,21,evt_S-61_desk_work_surface_0004,bdac2b57433fb1af,lap_bag_context,wrist_confidence_below_floor,34560.0,1.33,,1,cam12/e1/v1,rtmpose_baseline
corpus_03,03.CCTV Mobile Usage.mkv,632de9ed55947761d56d4c6142a3cb1a1fe69d0b1a6d0e01a2e404c697962623,dfine_sahi,107500.0,monitor_or_bezel,0.722,963.21,380.57,1152.78,474.98,17898.1,189.57,94.42,2.008,False,,True,R-desk,21,evt_S-61_desk_work_surface_0004,bdac2b57433fb1af,lap_bag_context,wrist_confidence_below_floor,34560.0,1.33,,1,cam12/e1/v1,rtmpose_baseline
corpus_03,03.CCTV Mobile Usage.mkv,632de9ed55947761d56d4c6142a3cb1a1fe69d0b1a6d0e01a2e404c697962623,dfine_sahi,107500.0,phone,0.6973,1043.29,421.64,1111.69,473.74,3563.6,68.4,52.1,1.313,False,,True,R-desk,21,evt_S-61_desk_work_surface_0004,bdac2b57433fb1af,lap_bag_context,wrist_confidence_below_floor,34560.0,1.33,,1,cam12/e1/v1,rtmpose_baseline
corpus_03,03.CCTV Mobile Usage.mkv,632de9ed55947761d56d4c6142a3cb1a1fe69d0b1a6d0e01a2e404c697962623,dfine_sahi,107500.0,monitor_or_bezel,0.6356,706.68,379.93,968.93,474.75,24867.5,262.25,94.82,2.766,False,,True,R-desk,21,evt_S-61_desk_work_surface_0004,bdac2b57433fb1af,lap_bag_context,wrist_confidence_below_floor,34560.0,1.33,,1,cam12/e1/v1,rtmpose_baseline
corpus_03,03.CCTV Mobile Usage.mkv,632de9ed55947761d56d4c6142a3cb1a1fe69d0b1a6d0e01a2e404c697962623,dfine_sahi,107500.0,monitor_or_bezel,0.63,1018.68,395.62,1145.93,447.77,6635.6,127.25,52.15,2.44,False,,True,R-desk,21,evt_S-61_desk_work_surface_0004,bdac2b57433fb1af,lap_bag_context,wrist_confidence_below_floor,34560.0,1.33,,1,cam12/e1/v1,rtmpose_baseline
corpus_03,03.CCTV Mobile Usage.mkv,632de9ed55947761d56d4c6142a3cb1a1fe69d0b1a6d0e01a2e404c697962623,dfine_sahi,107500.0,keyboard,0.6045,962.92,452.38,1034.37,475.58,1658.0,71.46,23.2,3.08,False,,True,R-desk,21,evt_S-61_desk_work_surface_0004,bdac2b57433fb1af,lap_bag_context,wrist_confidence_below_floor,34560.0,1.33,,1,cam12/e1/v1,rtmpose_baseline
corpus_03,03.CCTV Mobile Usage.mkv,632de9ed55947761d56d4c6142a3cb1a1fe69d0b1a6d0e01a2e404c697962623,dfine_sahi,107500.0,unknown_object,0.5905,699.98,396.16,853.08,491.93,14662.6,153.1,95.77,1.599,False,,True,R-desk,21,evt_S-61_desk_work_surface_0004,bdac2b57433fb1af,lap_bag_context,wrist_confidence_below_floor,34560.0,1.33,,1,cam12/e1/v1,rtmpose_baseline
corpus_03,03.CCTV Mobile Usage.mkv,632de9ed55947761d56d4c6142a3cb1a1fe69d0b1a6d0e01a2e404c697962623,dfine_sahi,107500.0,keyboard,0.5129,802.59,396.27,870.81,420.64,1662.7,68.22,24.37,2.799,False,,True,R-desk,21,evt_S-61_desk_work_surface_0004,bdac2b57433fb1af,lap_bag_context,wrist_confidence_below_floor,34560.0,1.33,,1,cam12/e1/v1,rtmpose_baseline
corpus_03,03.CCTV Mobile Usage.mkv,632de9ed55947761d56d4c6142a3cb1a1fe69d0b1a6d0e01a2e404c697962623,dfine_sahi,107500.0,unknown_object,0.4876,767.09,410.99,969.85,505.92,19249.3,202.76,94.94,2.136,False,,True,R-desk,21,evt_S-61_desk_work_surface_0004,bdac2b57433fb1af,lap_bag_context,wrist_confidence_below_floor,34560.0,1.33,,1,cam12/e1/v1,rtmpose_baseline
corpus_03,03.CCTV Mobile Usage.mkv,632de9ed55947761d56d4c6142a3cb1a1fe69d0b1a6d0e01a2e404c697962623,dfine_sahi,107500.0,unknown_object,0.4224,700.0,380.45,758.52,474.92,5528.8,58.52,94.48,0.619,False,,True,R-desk,21,evt_S-61_desk_work_surface_0004,bdac2b57433fb1af,lap_bag_context,wrist_confidence_below_floor,34560.0,1.33,,1,cam12/e1/v1,rtmpose_baseline
corpus_03,03.CCTV Mobile Usage.mkv,632de9ed55947761d56d4c6142a3cb1a1fe69d0b1a6d0e01a2e404c697962623,dfine_sahi,107500.0,keyboard,0.3507,910.11,411.25,1092.29,506.17,17292.0,182.18,94.92,1.919,False,,True,R-desk,21,evt_S-61_desk_work_surface_0004,bdac2b57433fb1af,lap_bag_context,wrist_confidence_below_floor,34560.0,1.33,,1,cam12/e1/v1,rtmpose_baseline
corpus_03,03.CCTV Mobile Usage.mkv,632de9ed55947761d56d4c6142a3cb1a1fe69d0b1a6d0e01a2e404c697962623,dfine_sahi,107500.0,mouse,0.3285,966.91,398.41,992.1,410.63,307.9,25.2,12.22,2.062,False,,True,R-desk,21,evt_S-61_desk_work_surface_0004,bdac2b57433fb1af,lap_bag_context,wrist_confidence_below_floor,34560.0,1.33,,1,cam12/e1/v1,rtmpose_baseline
corpus_03,03.CCTV Mobile Usage.mkv,632de9ed55947761d56d4c6142a3cb1a1fe69d0b1a6d0e01a2e404c697962623,dfine_sahi,107500.0,keyboard,0.3157,964.86,396.93,1096.45,474.87,10254.9,131.59,77.93,1.688,False,,True,R-desk,21,evt_S-61_desk_work_surface_0004,bdac2b57433fb1af,lap_bag_context,wrist_confidence_below_floor,34560.0,1.33,,1,cam12/e1/v1,rtmpose_baseline
corpus_03,03.CCTV Mobile Usage.mkv,632de9ed55947761d56d4c6142a3cb1a1fe69d0b1a6d0e01a2e404c697962623,dfine_sahi,107500.0,monitor_or_bezel,0.2993,881.57,380.17,965.38,452.87,6092.9,83.81,72.7,1.153,False,,True,R-desk,21,evt_S-61_desk_work_surface_0004,bdac2b57433fb1af,lap_bag_context,wrist_confidence_below_floor,34560.0,1.33,,1,cam12/e1/v1,rtmpose_baseline
corpus_03,03.CCTV Mobile Usage.mkv,632de9ed55947761d56d4c6142a3cb1a1fe69d0b1a6d0e01a2e404c697962623,dfine_sahi,107500.0,monitor_or_bezel,0.2683,748.27,395.22,1146.97,491.14,38244.9,398.69,95.93,4.156,False,,True,R-desk,21,evt_S-61_desk_work_surface_0004,bdac2b57433fb1af,lap_bag_context,wrist_confidence_below_floor,34560.0,1.33,,1,cam12/e1/v1,rtmpose_baseline
corpus_03,03.CCTV Mobile Usage.mkv,632de9ed55947761d56d4c6142a3cb1a1fe69d0b1a6d0e01a2e404c697962623,dfine_sahi,107500.0,unknown_object,0.2679,881.49,411.13,933.45,452.81,2165.6,51.96,41.67,1.247,False,,True,R-desk,21,evt_S-61_desk_work_surface_0004,bdac2b57433fb1af,lap_bag_context,wrist_confidence_below_floor,34560.0,1.33,,1,cam12/e1/v1,rtmpose_baseline
corpus_03,03.CCTV Mobile Usage.mkv,632de9ed55947761d56d4c6142a3cb1a1fe69d0b1a6d0e01a2e404c697962623,dfine_sahi,107500.0,keyboard,0.903,962.06,451.96,1067.87,491.45,4178.3,105.82,39.49,2.68,False,,True,R-desk,22,evt_S-61_desk_work_surface_0004,bdac2b57433fb1af,lap_bag_context,wrist_confidence_below_floor,34560.0,1.33,,1,cam12/e1/v1,rtmpose_baseline
corpus_03,03.CCTV Mobile Usage.mkv,632de9ed55947761d56d4c6142a3cb1a1fe69d0b1a6d0e01a2e404c697962623,dfine_sahi,107500.0,monitor_or_bezel,0.7439,910.15,411.23,1141.56,506.35,22011.6,231.42,95.12,2.433,False,,True,R-desk,22,evt_S-61_desk_work_surface_0004,bdac2b57433fb1af,lap_bag_context,wrist_confidence_below_floor,34560.0,1.33,,1,cam12/e1/v1,rtmpose_baseline
corpus_03,03.CCTV Mobile Usage.mkv,632de9ed55947761d56d4c6142a3cb1a1fe69d0b1a6d0e01a2e404c697962623,dfine_sahi,107500.0,mouse,0.7351,864.91,413.54,891.33,435.1,569.7,26.41,21.57,1.225,False,,True,R-desk,22,evt_S-61_desk_work_surface_0004,bdac2b57433fb1af,lap_bag_context,wrist_confidence_below_floor,34560.0,1.33,,1,cam12/e1/v1,rtmpose_baseline
corpus_03,03.CCTV Mobile Usage.mkv,632de9ed55947761d56d4c6142a3cb1a1fe69d0b1a6d0e01a2e404c697962623,dfine_sahi,107500.0,keyboard,0.7281,772.11,380.18,870.69,420.34,3959.4,98.58,40.17,2.454,False,,True,R-desk,22,evt_S-61_desk_work_surface_0004,bdac2b57433fb1af,lap_bag_context,wrist_confidence_below_floor,34560.0,1.33,,1,cam12/e1/v1,rtmpose_baseline
corpus_03,03.CCTV Mobile Usage.mkv,632de9ed55947761d56d4c6142a3cb1a1fe69d0b1a6d0e01a2e404c697962623,dfine_sahi,107500.0,monitor_or_bezel,0.722,963.21,380.57,1152.78,474.98,17898.1,189.57,94.42,2.008,False,,True,R-desk,22,evt_S-61_desk_work_surface_0004,bdac2b57433fb1af,lap_bag_context,wrist_confidence_below_floor,34560.0,1.33,,1,cam12/e1/v1,rtmpose_baseline
corpus_03,03.CCTV Mobile Usage.mkv,632de9ed55947761d56d4c6142a3cb1a1fe69d0b1a6d0e01a2e404c697962623,dfine_sahi,107500.0,phone,0.6973,1043.29,421.64,1111.69,473.74,3563.6,68.4,52.1,1.313,False,,True,R-desk,22,evt_S-61_desk_work_surface_0004,bdac2b57433fb1af,lap_bag_context,wrist_confidence_below_floor,34560.0,1.33,,1,cam12/e1/v1,rtmpose_baseline
corpus_03,03.CCTV Mobile Usage.mkv,632de9ed55947761d56d4c6142a3cb1a1fe69d0b1a6d0e01a2e404c697962623,dfine_sahi,107500.0,monitor_or_bezel,0.6356,706.68,379.93,968.93,474.75,24867.5,262.25,94.82,2.766,False,,True,R-desk,22,evt_S-61_desk_work_surface_0004,bdac2b57433fb1af,lap_bag_context,wrist_confidence_below_floor,34560.0,1.33,,1,cam12/e1/v1,rtmpose_baseline
corpus_03,03.CCTV Mobile Usage.mkv,632de9ed55947761d56d4c6142a3cb1a1fe69d0b1a6d0e01a2e404c697962623,dfine_sahi,107500.0,monitor_or_bezel,0.63,1018.68,395.62,1145.93,447.77,6635.6,127.25,52.15,2.44,False,,True,R-desk,22,evt_S-61_desk_work_surface_0004,bdac2b57433fb1af,lap_bag_context,wrist_confidence_below_floor,34560.0,1.33,,1,cam12/e1/v1,rtmpose_baseline
corpus_03,03.CCTV Mobile Usage.mkv,632de9ed55947761d56d4c6142a3cb1a1fe69d0b1a6d0e01a2e404c697962623,dfine_sahi,107500.0,keyboard,0.6045,962.92,452.38,1034.37,475.58,1658.0,71.46,23.2,3.08,False,,True,R-desk,22,evt_S-61_desk_work_surface_0004,bdac2b57433fb1af,lap_bag_context,wrist_confidence_below_floor,34560.0,1.33,,1,cam12/e1/v1,rtmpose_baseline
corpus_03,03.CCTV Mobile Usage.mkv,632de9ed55947761d56d4c6142a3cb1a1fe69d0b1a6d0e01a2e404c697962623,dfine_sahi,107500.0,unknown_object,0.5905,699.98,396.16,853.08,491.93,14662.6,153.1,95.77,1.599,False,,True,R-desk,22,evt_S-61_desk_work_surface_0004,bdac2b57433fb1af,lap_bag_context,wrist_confidence_below_floor,34560.0,1.33,,1,cam12/e1/v1,rtmpose_baseline
corpus_03,03.CCTV Mobile Usage.mkv,632de9ed55947761d56d4c6142a3cb1a1fe69d0b1a6d0e01a2e404c697962623,dfine_sahi,107500.0,keyboard,0.5129,802.59,396.27,870.81,420.64,1662.7,68.22,24.37,2.799,False,,True,R-desk,22,evt_S-61_desk_work_surface_0004,bdac2b57433fb1af,lap_bag_context,wrist_confidence_below_floor,34560.0,1.33,,1,cam12/e1/v1,rtmpose_baseline
corpus_03,03.CCTV Mobile Usage.mkv,632de9ed55947761d56d4c6142a3cb1a1fe69d0b1a6d0e01a2e404c697962623,dfine_sahi,107500.0,unknown_object,0.4876,767.09,410.99,969.85,505.92,19249.3,202.76,94.94,2.136,False,,True,R-desk,22,evt_S-61_desk_work_surface_0004,bdac2b57433fb1af,lap_bag_context,wrist_confidence_below_floor,34560.0,1.33,,1,cam12/e1/v1,rtmpose_baseline
corpus_03,03.CCTV Mobile Usage.mkv,632de9ed55947761d56d4c6142a3cb1a1fe69d0b1a6d0e01a2e404c697962623,dfine_sahi,107500.0,unknown_object,0.4224,700.0,380.45,758.52,474.92,5528.8,58.52,94.48,0.619,False,,True,R-desk,22,evt_S-61_desk_work_surface_0004,bdac2b57433fb1af,lap_bag_context,wrist_confidence_below_floor,34560.0,1.33,,1,cam12/e1/v1,rtmpose_baseline
corpus_03,03.CCTV Mobile Usage.mkv,632de9ed55947761d56d4c6142a3cb1a1fe69d0b1a6d0e01a2e404c697962623,dfine_sahi,107500.0,keyboard,0.3507,910.11,411.25,1092.29,506.17,17292.0,182.18,94.92,1.919,False,,True,R-desk,22,evt_S-61_desk_work_surface_0004,bdac2b57433fb1af,lap_bag_context,wrist_confidence_below_floor,34560.0,1.33,,1,cam12/e1/v1,rtmpose_baseline
corpus_03,03.CCTV Mobile Usage.mkv,632de9ed55947761d56d4c6142a3cb1a1fe69d0b1a6d0e01a2e404c697962623,dfine_sahi,107500.0,mouse,0.3285,966.91,398.41,992.1,410.63,307.9,25.2,12.22,2.062,False,,True,R-desk,22,evt_S-61_desk_work_surface_0004,bdac2b57433fb1af,lap_bag_context,wrist_confidence_below_floor,34560.0,1.33,,1,cam12/e1/v1,rtmpose_baseline
corpus_03,03.CCTV Mobile Usage.mkv,632de9ed55947761d56d4c6142a3cb1a1fe69d0b1a6d0e01a2e404c697962623,dfine_sahi,107500.0,keyboard,0.3157,964.86,396.93,1096.45,474.87,10254.9,131.59,77.93,1.688,False,,True,R-desk,22,evt_S-61_desk_work_surface_0004,bdac2b57433fb1af,lap_bag_context,wrist_confidence_below_floor,34560.0,1.33,,1,cam12/e1/v1,rtmpose_baseline
corpus_03,03.CCTV Mobile Usage.mkv,632de9ed55947761d56d4c6142a3cb1a1fe69d0b1a6d0e01a2e404c697962623,dfine_sahi,107500.0,monitor_or_bezel,0.2993,881.57,380.17,965.38,452.87,6092.9,83.81,72.7,1.153,False,,True,R-desk,22,evt_S-61_desk_work_surface_0004,bdac2b57433fb1af,lap_bag_context,wrist_confidence_below_floor,34560.0,1.33,,1,cam12/e1/v1,rtmpose_baseline
corpus_03,03.CCTV Mobile Usage.mkv,632de9ed55947761d56d4c6142a3cb1a1fe69d0b1a6d0e01a2e404c697962623,dfine_sahi,107500.0,monitor_or_bezel,0.2683,748.27,395.22,1146.97,491.14,38244.9,398.69,95.93,4.156,False,,True,R-desk,22,evt_S-61_desk_work_surface_0004,bdac2b57433fb1af,lap_bag_context,wrist_confidence_below_floor,34560.0,1.33,,1,cam12/e1/v1,rtmpose_baseline
corpus_03,03.CCTV Mobile Usage.mkv,632de9ed55947761d56d4c6142a3cb1a1fe69d0b1a6d0e01a2e404c697962623,dfine_sahi,107500.0,unknown_object,0.2679,881.49,411.13,933.45,452.81,2165.6,51.96,41.67,1.247,False,,True,R-desk,22,evt_S-61_desk_work_surface_0004,bdac2b57433fb1af,lap_bag_context,wrist_confidence_below_floor,34560.0,1.33,,1,cam12/e1/v1,rtmpose_baseline
corpus_03,03.CCTV Mobile Usage.mkv,632de9ed55947761d56d4c6142a3cb1a1fe69d0b1a6d0e01a2e404c697962623,dfine_sahi,112100.0,bag,0.6633,842.44,19.43,910.94,92.97,5037.2,68.5,73.54,0.931,False,,True,unattributed,26,evt_S-61_upper_body_0019,2eaedc89c6a0012a,native_source_context_fallback,no_pose_observation,7016.6,6.81,,1,cam12/e1/v1,
corpus_03,03.CCTV Mobile Usage.mkv,632de9ed55947761d56d4c6142a3cb1a1fe69d0b1a6d0e01a2e404c697962623,dfine_sahi,112100.0,monitor_or_bezel,0.595,809.0,4.69,843.45,44.07,1356.7,34.45,39.38,0.875,False,,True,unattributed,26,evt_S-61_upper_body_0019,2eaedc89c6a0012a,native_source_context_fallback,no_pose_observation,7016.6,6.81,,1,cam12/e1/v1,
corpus_03,03.CCTV Mobile Usage.mkv,632de9ed55947761d56d4c6142a3cb1a1fe69d0b1a6d0e01a2e404c697962623,dfine_sahi,112100.0,unknown_object,0.3363,832.29,83.81,904.92,114.76,2248.5,72.63,30.96,2.346,False,,True,unattributed,26,evt_S-61_upper_body_0019,2eaedc89c6a0012a,native_source_context_fallback,no_pose_observation,7016.6,6.81,,1,cam12/e1/v1,
corpus_03,03.CCTV Mobile Usage.mkv,632de9ed55947761d56d4c6142a3cb1a1fe69d0b1a6d0e01a2e404c697962623,dfine_sahi,112100.0,bag,0.3059,853.09,2.03,891.32,36.2,1306.2,38.23,34.17,1.119,False,,True,unattributed,26,evt_S-61_upper_body_0019,2eaedc89c6a0012a,native_source_context_fallback,no_pose_observation,7016.6,6.81,,1,cam12/e1/v1,
corpus_03,03.CCTV Mobile Usage.mkv,632de9ed55947761d56d4c6142a3cb1a1fe69d0b1a6d0e01a2e404c697962623,dfine_sahi,112100.0,unknown_object,0.6353,-0.02,314.16,121.96,452.35,16857.2,121.98,138.19,0.883,False,,True,S-61,25,evt_S-61_upper_body_0019,c56edce7ca7440a5,pose_hand_context,,53613.8,2.6,,1,cam12/e1/v1,rtmpose_baseline
corpus_03,03.CCTV Mobile Usage.mkv,632de9ed55947761d56d4c6142a3cb1a1fe69d0b1a6d0e01a2e404c697962623,dfine_sahi,112100.0,unknown_object,0.5857,111.29,454.37,177.55,520.65,4392.2,66.26,66.29,1.0,False,,True,S-61,25,evt_S-61_upper_body_0019,c56edce7ca7440a5,pose_hand_context,,53613.8,2.6,,1,cam12/e1/v1,rtmpose_baseline
corpus_03,03.CCTV Mobile Usage.mkv,632de9ed55947761d56d4c6142a3cb1a1fe69d0b1a6d0e01a2e404c697962623,dfine_sahi,112100.0,unknown_object,0.4914,38.88,422.13,122.0,474.12,4321.1,83.12,51.99,1.599,False,,True,S-61,25,evt_S-61_upper_body_0019,c56edce7ca7440a5,pose_hand_context,,53613.8,2.6,,1,cam12/e1/v1,rtmpose_baseline
corpus_03,03.CCTV Mobile Usage.mkv,632de9ed55947761d56d4c6142a3cb1a1fe69d0b1a6d0e01a2e404c697962623,dfine_sahi,112100.0,unknown_object,0.4604,94.84,314.06,216.12,452.5,16790.3,121.28,138.44,0.876,False,,True,S-61,25,evt_S-61_upper_body_0019,c56edce7ca7440a5,pose_hand_context,,53613.8,2.6,,1,cam12/e1/v1,rtmpose_baseline
corpus_03,03.CCTV Mobile Usage.mkv,632de9ed55947761d56d4c6142a3cb1a1fe69d0b1a6d0e01a2e404c697962623,dfine_sahi,112100.0,unknown_object,0.3684,0.24,422.25,122.42,560.35,16873.3,122.19,138.1,0.885,False,,True,S-61,25,evt_S-61_upper_body_0019,c56edce7ca7440a5,pose_hand_context,,53613.8,2.6,,1,cam12/e1/v1,rtmpose_baseline
corpus_03,03.CCTV Mobile Usage.mkv,632de9ed55947761d56d4c6142a3cb1a1fe69d0b1a6d0e01a2e404c697962623,dfine_sahi,112100.0,phone,0.3375,203.27,353.47,216.36,369.11,204.7,13.09,15.64,0.837,False,,True,S-61,25,evt_S-61_upper_body_0019,c56edce7ca7440a5,pose_hand_context,,53613.8,2.6,,1,cam12/e1/v1,rtmpose_baseline
corpus_03,03.CCTV Mobile Usage.mkv,632de9ed55947761d56d4c6142a3cb1a1fe69d0b1a6d0e01a2e404c697962623,dfine_sahi,112100.0,unknown_object,0.311,95.62,429.56,197.64,452.58,2349.1,102.02,23.03,4.431,False,,True,S-61,25,evt_S-61_upper_body_0019,c56edce7ca7440a5,pose_hand_context,,53613.8,2.6,,1,cam12/e1/v1,rtmpose_baseline
corpus_03,03.CCTV Mobile Usage.mkv,632de9ed55947761d56d4c6142a3cb1a1fe69d0b1a6d0e01a2e404c697962623,dfine_sahi,112100.0,unknown_object,0.309,47.22,325.52,108.85,384.22,3618.0,61.63,58.7,1.05,False,,True,S-61,25,evt_S-61_upper_body_0019,c56edce7ca7440a5,pose_hand_context,,53613.8,2.6,,1,cam12/e1/v1,rtmpose_baseline
corpus_03,03.CCTV Mobile Usage.mkv,632de9ed55947761d56d4c6142a3cb1a1fe69d0b1a6d0e01a2e404c697962623,dfine_sahi,112100.0,unknown_object,0.2958,94.97,384.76,197.26,452.55,6935.1,102.29,67.8,1.509,False,,True,S-61,25,evt_S-61_upper_body_0019,c56edce7ca7440a5,pose_hand_context,,53613.8,2.6,,1,cam12/e1/v1,rtmpose_baseline
corpus_03,03.CCTV Mobile Usage.mkv,632de9ed55947761d56d4c6142a3cb1a1fe69d0b1a6d0e01a2e404c697962623,dfine_sahi,112100.0,phone,0.2893,203.4,353.65,209.98,363.21,63.0,6.58,9.57,0.688,True,object footprint 63 px is under the 120 px floor for a call,False,S-61,25,evt_S-61_upper_body_0019,c56edce7ca7440a5,pose_hand_context,,53613.8,2.6,,1,cam12/e1/v1,rtmpose_baseline
corpus_03,03.CCTV Mobile Usage.mkv,632de9ed55947761d56d4c6142a3cb1a1fe69d0b1a6d0e01a2e404c697962623,dfine_sahi,112100.0,unknown_object,0.2877,-0.24,494.68,188.87,560.72,12489.2,189.11,66.04,2.863,False,,True,S-61,25,evt_S-61_upper_body_0019,c56edce7ca7440a5,pose_hand_context,,53613.8,2.6,,1,cam12/e1/v1,rtmpose_baseline
corpus_03,03.CCTV Mobile Usage.mkv,632de9ed55947761d56d4c6142a3cb1a1fe69d0b1a6d0e01a2e404c697962623,dfine_sahi,112100.0,unknown_object,0.2811,102.62,454.82,215.89,560.27,11944.5,113.27,105.45,1.074,False,,True,S-61,25,evt_S-61_upper_body_0019,c56edce7ca7440a5,pose_hand_context,,53613.8,2.6,,1,cam12/e1/v1,rtmpose_baseline
corpus_03,03.CCTV Mobile Usage.mkv,632de9ed55947761d56d4c6142a3cb1a1fe69d0b1a6d0e01a2e404c697962623,dfine_sahi,112100.0,stationery,0.2724,46.39,509.46,85.3,554.88,1767.1,38.91,45.42,0.857,False,,True,S-61,25,evt_S-61_upper_body_0019,c56edce7ca7440a5,pose_hand_context,,53613.8,2.6,,1,cam12/e1/v1,rtmpose_baseline
corpus_03,03.CCTV Mobile Usage.mkv,632de9ed55947761d56d4c6142a3cb1a1fe69d0b1a6d0e01a2e404c697962623,dfine_sahi,112100.0,unknown_object,0.254,90.0,330.85,129.53,382.17,2028.7,39.53,51.32,0.77,False,,True,S-61,25,evt_S-61_upper_body_0019,c56edce7ca7440a5,pose_hand_context,,53613.8,2.6,,1,cam12/e1/v1,rtmpose_baseline
corpus_03,03.CCTV Mobile Usage.mkv,632de9ed55947761d56d4c6142a3cb1a1fe69d0b1a6d0e01a2e404c697962623,dfine_sahi,113100.0,unknown_object,0.7176,-0.05,320.15,118.99,451.39,15623.2,119.04,131.24,0.907,False,,True,S-61,25,evt_S-61_upper_body_0019,fc7dfd92575d2bcd,pose_hand_context,,49709.5,2.73,,1,cam12/e1/v1,rtmpose_baseline
corpus_03,03.CCTV Mobile Usage.mkv,632de9ed55947761d56d4c6142a3cb1a1fe69d0b1a6d0e01a2e404c697962623,dfine_sahi,113100.0,unknown_object,0.5749,111.02,454.45,177.8,520.54,4413.6,66.77,66.1,1.01,False,,True,S-61,25,evt_S-61_upper_body_0019,fc7dfd92575d2bcd,pose_hand_context,,49709.5,2.73,,1,cam12/e1/v1,rtmpose_baseline
corpus_03,03.CCTV Mobile Usage.mkv,632de9ed55947761d56d4c6142a3cb1a1fe69d0b1a6d0e01a2e404c697962623,dfine_sahi,113100.0,unknown_object,0.4251,39.15,423.12,118.98,474.08,4067.9,79.83,50.96,1.566,False,,True,S-61,25,evt_S-61_upper_body_0019,fc7dfd92575d2bcd,pose_hand_context,,49709.5,2.73,,1,cam12/e1/v1,rtmpose_baseline
corpus_03,03.CCTV Mobile Usage.mkv,632de9ed55947761d56d4c6142a3cb1a1fe69d0b1a6d0e01a2e404c697962623,dfine_sahi,113100.0,unknown_object,0.3853,91.69,319.84,210.02,451.29,15555.6,118.34,131.45,0.9,False,,True,S-61,25,evt_S-61_upper_body_0019,fc7dfd92575d2bcd,pose_hand_context,,49709.5,2.73,,1,cam12/e1/v1,rtmpose_baseline
corpus_03,03.CCTV Mobile Usage.mkv,632de9ed55947761d56d4c6142a3cb1a1fe69d0b1a6d0e01a2e404c697962623,dfine_sahi,113100.0,unknown_object,0.3581,0.51,423.19,119.06,553.73,15474.0,118.55,130.53,0.908,False,,True,S-61,25,evt_S-61_upper_body_0019,fc7dfd92575d2bcd,pose_hand_context,,49709.5,2.73,,1,cam12/e1/v1,rtmpose_baseline
corpus_03,03.CCTV Mobile Usage.mkv,632de9ed55947761d56d4c6142a3cb1a1fe69d0b1a6d0e01a2e404c697962623,dfine_sahi,113100.0,unknown_object,0.3353,21.32,320.07,109.9,386.21,5858.0,88.57,66.14,1.339,False,,True,S-61,25,evt_S-61_upper_body_0019,fc7dfd92575d2bcd,pose_hand_context,,49709.5,2.73,,1,cam12/e1/v1,rtmpose_baseline
corpus_03,03.CCTV Mobile Usage.mkv,632de9ed55947761d56d4c6142a3cb1a1fe69d0b1a6d0e01a2e404c697962623,dfine_sahi,113100.0,unknown_object,0.3073,137.38,430.37,199.48,451.87,1334.7,62.1,21.49,2.89,False,,True,S-61,25,evt_S-61_upper_body_0019,fc7dfd92575d2bcd,pose_hand_context,,49709.5,2.73,,1,cam12/e1/v1,rtmpose_baseline
corpus_03,03.CCTV Mobile Usage.mkv,632de9ed55947761d56d4c6142a3cb1a1fe69d0b1a6d0e01a2e404c697962623,dfine_sahi,113100.0,unknown_object,0.2988,46.97,509.53,85.22,553.33,1675.4,38.25,43.8,0.873,False,,True,S-61,25,evt_S-61_upper_body_0019,fc7dfd92575d2bcd,pose_hand_context,,49709.5,2.73,,1,cam12/e1/v1,rtmpose_baseline
corpus_03,03.CCTV Mobile Usage.mkv,632de9ed55947761d56d4c6142a3cb1a1fe69d0b1a6d0e01a2e404c697962623,dfine_sahi,113100.0,unknown_object,0.2942,111.09,454.2,210.76,554.55,10002.4,99.68,100.35,0.993,False,,True,S-61,25,evt_S-61_upper_body_0019,fc7dfd92575d2bcd,pose_hand_context,,49709.5,2.73,,1,cam12/e1/v1,rtmpose_baseline
corpus_03,03.CCTV Mobile Usage.mkv,632de9ed55947761d56d4c6142a3cb1a1fe69d0b1a6d0e01a2e404c697962623,dfine_sahi,113100.0,monitor_or_bezel,0.2587,-0.35,494.18,183.25,554.81,11132.0,183.6,60.63,3.028,False,,True,S-61,25,evt_S-61_upper_body_0019,fc7dfd92575d2bcd,pose_hand_context,,49709.5,2.73,,1,cam12/e1/v1,rtmpose_baseline
corpus_03,03.CCTV Mobile Usage.mkv,632de9ed55947761d56d4c6142a3cb1a1fe69d0b1a6d0e01a2e404c697962623,dfine_sahi,114100.0,unknown_object,0.7651,111.42,454.52,176.78,522.37,4434.0,65.35,67.85,0.963,False,,True,S-61,25,evt_S-61_upper_body_0019,c99a5c8067dd97f6,pose_hand_context,,37923.7,3.26,,1,cam12/e1/v1,rtmpose_baseline
corpus_03,03.CCTV Mobile Usage.mkv,632de9ed55947761d56d4c6142a3cb1a1fe69d0b1a6d0e01a2e404c697962623,dfine_sahi,114100.0,unknown_object,0.5499,-0.17,338.17,108.05,448.55,11945.4,108.22,110.38,0.98,False,,True,S-61,25,evt_S-61_upper_body_0019,c99a5c8067dd97f6,pose_hand_context,,37923.7,3.26,,1,cam12/e1/v1,rtmpose_baseline
corpus_03,03.CCTV Mobile Usage.mkv,632de9ed55947761d56d4c6142a3cb1a1fe69d0b1a6d0e01a2e404c697962623,dfine_sahi,114100.0,unknown_object,0.451,38.98,424.2,108.08,473.93,3436.5,69.11,49.73,1.39,False,,True,S-61,25,evt_S-61_upper_body_0019,c99a5c8067dd97f6,pose_hand_context,,37923.7,3.26,,1,cam12/e1/v1,rtmpose_baseline
corpus_03,03.CCTV Mobile Usage.mkv,632de9ed55947761d56d4c6142a3cb1a1fe69d0b1a6d0e01a2e404c697962623,dfine_sahi,114100.0,unknown_object,0.3704,0.15,424.19,108.13,506.0,8832.9,107.98,81.8,1.32,False,,True,S-61,25,evt_S-61_upper_body_0019,c99a5c8067dd97f6,pose_hand_context,,37923.7,3.26,,1,cam12/e1/v1,rtmpose_baseline
corpus_03,03.CCTV Mobile Usage.mkv,632de9ed55947761d56d4c6142a3cb1a1fe69d0b1a6d0e01a2e404c697962623,dfine_sahi,114100.0,unknown_object,0.3213,-0.15,338.28,172.12,505.28,28768.6,172.27,167.0,1.032,False,,True,S-61,25,evt_S-61_upper_body_0019,c99a5c8067dd97f6,pose_hand_context,,37923.7,3.26,,1,cam12/e1/v1,rtmpose_baseline
corpus_03,03.CCTV Mobile Usage.mkv,632de9ed55947761d56d4c6142a3cb1a1fe69d0b1a6d0e01a2e404c697962623,dfine_sahi,114100.0,stationery,0.309,84.0,381.78,176.09,448.35,6130.4,92.09,66.57,1.383,False,,True,S-61,25,evt_S-61_upper_body_0019,c99a5c8067dd97f6,pose_hand_context,,37923.7,3.26,,1,cam12/e1/v1,rtmpose_baseline
corpus_03,03.CCTV Mobile Usage.mkv,632de9ed55947761d56d4c6142a3cb1a1fe69d0b1a6d0e01a2e404c697962623,dfine_sahi,114100.0,unknown_object,0.3059,83.92,367.38,176.3,448.32,7477.6,92.38,80.94,1.141,False,,True,S-61,25,evt_S-61_upper_body_0019,c99a5c8067dd97f6,pose_hand_context,,37923.7,3.26,,1,cam12/e1/v1,rtmpose_baseline
corpus_03,03.CCTV Mobile Usage.mkv,632de9ed55947761d56d4c6142a3cb1a1fe69d0b1a6d0e01a2e404c697962623,dfine_sahi,114100.0,unknown_object,0.2999,83.9,481.82,103.6,500.92,376.3,19.7,19.1,1.031,False,,True,S-61,25,evt_S-61_upper_body_0019,c99a5c8067dd97f6,pose_hand_context,,37923.7,3.26,,1,cam12/e1/v1,rtmpose_baseline
corpus_03,03.CCTV Mobile Usage.mkv,632de9ed55947761d56d4c6142a3cb1a1fe69d0b1a6d0e01a2e404c697962623,dfine_sahi,115100.0,unknown_object,0.5444,6.09,327.14,120.88,441.17,13089.9,114.79,114.03,1.007,False,,True,S-61,25,evt_S-61_upper_body_0019,da9caebcc70585aa,pose_hand_context,,41624.2,3.14,,1,cam12/e1/v1,rtmpose_baseline
corpus_03,03.CCTV Mobile Usage.mkv,632de9ed55947761d56d4c6142a3cb1a1fe69d0b1a6d0e01a2e404c697962623,dfine_sahi,115100.0,unknown_object,0.5256,110.01,454.34,176.93,520.37,4418.8,66.92,66.03,1.013,False,,True,S-61,25,evt_S-61_upper_body_0019,da9caebcc70585aa,pose_hand_context,,41624.2,3.14,,1,cam12/e1/v1,rtmpose_baseline
corpus_03,03.CCTV Mobile Usage.mkv,632de9ed55947761d56d4c6142a3cb1a1fe69d0b1a6d0e01a2e404c697962623,dfine_sahi,115100.0,unknown_object,0.4594,41.24,443.21,72.81,473.27,948.9,31.57,30.06,1.05,False,,True,S-61,25,evt_S-61_upper_body_0019,da9caebcc70585aa,pose_hand_context,,41624.2,3.14,,1,cam12/e1/v1,rtmpose_baseline
corpus_03,03.CCTV Mobile Usage.mkv,632de9ed55947761d56d4c6142a3cb1a1fe69d0b1a6d0e01a2e404c697962623,dfine_sahi,115100.0,unknown_object,0.4006,95.01,327.31,184.93,441.36,10254.7,89.92,114.05,0.788,False,,True,S-61,25,evt_S-61_upper_body_0019,da9caebcc70585aa,pose_hand_context,,41624.2,3.14,,1,cam12/e1/v1,rtmpose_baseline
corpus_03,03.CCTV Mobile Usage.mkv,632de9ed55947761d56d4c6142a3cb1a1fe69d0b1a6d0e01a2e404c697962623,dfine_sahi,115100.0,unknown_object,0.3277,6.0,416.46,120.98,530.42,13103.5,114.98,113.96,1.009,False,,True,S-61,25,evt_S-61_upper_body_0019,da9caebcc70585aa,pose_hand_context,,41624.2,3.14,,1,cam12/e1/v1,rtmpose_baseline
corpus_03,03.CCTV Mobile Usage.mkv,632de9ed55947761d56d4c6142a3cb1a1fe69d0b1a6d0e01a2e404c697962623,dfine_sahi,115100.0,stationery,0.3232,6.0,424.67,111.71,508.57,8869.3,105.71,83.9,1.26,False,,True,S-61,25,evt_S-61_upper_body_0019,da9caebcc70585aa,pose_hand_context,,41624.2,3.14,,1,cam12/e1/v1,rtmpose_baseline
corpus_03,03.CCTV Mobile Usage.mkv,632de9ed55947761d56d4c6142a3cb1a1fe69d0b1a6d0e01a2e404c697962623,dfine_sahi,115100.0,unknown_object,0.2914,95.07,416.27,184.71,530.27,10218.1,89.64,114.0,0.786,False,,True,S-61,25,evt_S-61_upper_body_0019,da9caebcc70585aa,pose_hand_context,,41624.2,3.14,,1,cam12/e1/v1,rtmpose_baseline
corpus_03,03.CCTV Mobile Usage.mkv,632de9ed55947761d56d4c6142a3cb1a1fe69d0b1a6d0e01a2e404c697962623,dfine_sahi,115100.0,unknown_object,0.2869,8.04,479.59,24.74,494.78,253.6,16.7,15.19,1.099,False,,True,S-61,25,evt_S-61_upper_body_0019,da9caebcc70585aa,pose_hand_context,,41624.2,3.14,,1,cam12/e1/v1,rtmpose_baseline
corpus_03,03.CCTV Mobile Usage.mkv,632de9ed55947761d56d4c6142a3cb1a1fe69d0b1a6d0e01a2e404c697962623,dfine_sahi,116900.0,unknown_object,0.7032,114.18,266.42,222.88,370.6,11323.5,108.69,104.18,1.043,False,,True,S-61,27,evt_S-61_desk_work_surface_0005,a3458d5ce9213834,pose_hand_context,,46742.4,2.96,,1,cam12/e1/v1,rtmpose_baseline
corpus_03,03.CCTV Mobile Usage.mkv,632de9ed55947761d56d4c6142a3cb1a1fe69d0b1a6d0e01a2e404c697962623,dfine_sahi,116900.0,unknown_object,0.6533,101.01,345.1,222.94,464.72,14585.2,121.93,119.62,1.019,False,,True,S-61,27,evt_S-61_desk_work_surface_0005,a3458d5ce9213834,pose_hand_context,,46742.4,2.96,,1,cam12/e1/v1,rtmpose_baseline
corpus_03,03.CCTV Mobile Usage.mkv,632de9ed55947761d56d4c6142a3cb1a1fe69d0b1a6d0e01a2e404c697962623,dfine_sahi,116900.0,unknown_object,0.5196,7.01,254.14,45.71,304.65,1954.9,38.7,50.51,0.766,False,,True,S-61,27,evt_S-61_desk_work_surface_0005,a3458d5ce9213834,pose_hand_context,,46742.4,2.96,,1,cam12/e1/v1,rtmpose_baseline
corpus_03,03.CCTV Mobile Usage.mkv,632de9ed55947761d56d4c6142a3cb1a1fe69d0b1a6d0e01a2e404c697962623,dfine_sahi,116900.0,unknown_object,0.5018,6.93,252.29,128.23,371.48,14458.6,121.3,119.19,1.018,False,,True,S-61,27,evt_S-61_desk_work_surface_0005,a3458d5ce9213834,pose_hand_context,,46742.4,2.96,,1,cam12/e1/v1,rtmpose_baseline
corpus_03,03.CCTV Mobile Usage.mkv,632de9ed55947761d56d4c6142a3cb1a1fe69d0b1a6d0e01a2e404c697962623,dfine_sahi,116900.0,stationery,0.4357,50.46,325.95,108.41,356.5,1770.0,57.95,30.54,1.897,False,,True,S-61,27,evt_S-61_desk_work_surface_0005,a3458d5ce9213834,pose_hand_context,,46742.4,2.96,,1,cam12/e1/v1,rtmpose_baseline
corpus_03,03.CCTV Mobile Usage.mkv,632de9ed55947761d56d4c6142a3cb1a1fe69d0b1a6d0e01a2e404c697962623,dfine_sahi,116900.0,bag,0.418,73.88,375.27,176.26,463.91,9074.9,102.38,88.64,1.155,False,,True,S-61,27,evt_S-61_desk_work_surface_0005,a3458d5ce9213834,pose_hand_context,,46742.4,2.96,,1,cam12/e1/v1,rtmpose_baseline
corpus_03,03.CCTV Mobile Usage.mkv,632de9ed55947761d56d4c6142a3cb1a1fe69d0b1a6d0e01a2e404c697962623,dfine_sahi,116900.0,unknown_object,0.3483,7.09,283.14,176.86,464.68,30818.3,169.77,181.53,0.935,False,,True,S-61,27,evt_S-61_desk_work_surface_0005,a3458d5ce9213834,pose_hand_context,,46742.4,2.96,,1,cam12/e1/v1,rtmpose_baseline
corpus_03,03.CCTV Mobile Usage.mkv,632de9ed55947761d56d4c6142a3cb1a1fe69d0b1a6d0e01a2e404c697962623,dfine_sahi,116900.0,mouse,0.3262,40.3,443.72,71.97,465.98,705.3,31.67,22.27,1.422,False,,True,S-61,27,evt_S-61_desk_work_surface_0005,a3458d5ce9213834,pose_hand_context,,46742.4,2.96,,1,cam12/e1/v1,rtmpose_baseline
corpus_03,03.CCTV Mobile Usage.mkv,632de9ed55947761d56d4c6142a3cb1a1fe69d0b1a6d0e01a2e404c697962623,dfine_sahi,116900.0,bag,0.3038,15.69,297.44,108.12,356.55,5463.0,92.43,59.11,1.564,False,,True,S-61,27,evt_S-61_desk_work_surface_0005,a3458d5ce9213834,pose_hand_context,,46742.4,2.96,,1,cam12/e1/v1,rtmpose_baseline
corpus_03,03.CCTV Mobile Usage.mkv,632de9ed55947761d56d4c6142a3cb1a1fe69d0b1a6d0e01a2e404c697962623,dfine_sahi,116900.0,unknown_object,0.3019,161.68,345.2,222.96,404.61,3640.4,61.28,59.41,1.031,False,,True,S-61,27,evt_S-61_desk_work_surface_0005,a3458d5ce9213834,pose_hand_context,,46742.4,2.96,,1,cam12/e1/v1,rtmpose_baseline
corpus_03,03.CCTV Mobile Usage.mkv,632de9ed55947761d56d4c6142a3cb1a1fe69d0b1a6d0e01a2e404c697962623,dfine_sahi,116900.0,stationery,0.3014,53.46,357.0,97.52,400.52,1917.5,44.06,43.52,1.012,False,,True,S-61,27,evt_S-61_desk_work_surface_0005,a3458d5ce9213834,pose_hand_context,,46742.4,2.96,,1,cam12/e1/v1,rtmpose_baseline
corpus_03,03.CCTV Mobile Usage.mkv,632de9ed55947761d56d4c6142a3cb1a1fe69d0b1a6d0e01a2e404c697962623,dfine_sahi,116900.0,monitor_or_bezel,0.2805,15.33,250.68,108.6,356.51,9871.8,93.28,105.83,0.881,False,,True,S-61,27,evt_S-61_desk_work_surface_0005,a3458d5ce9213834,pose_hand_context,,46742.4,2.96,,1,cam12/e1/v1,rtmpose_baseline
corpus_03,03.CCTV Mobile Usage.mkv,632de9ed55947761d56d4c6142a3cb1a1fe69d0b1a6d0e01a2e404c697962623,dfine_sahi,116900.0,unknown_object,0.2703,101.07,343.62,222.54,371.52,3389.2,121.47,27.9,4.354,False,,True,S-61,27,evt_S-61_desk_work_surface_0005,a3458d5ce9213834,pose_hand_context,,46742.4,2.96,,1,cam12/e1/v1,rtmpose_baseline
corpus_03,03.CCTV Mobile Usage.mkv,632de9ed55947761d56d4c6142a3cb1a1fe69d0b1a6d0e01a2e404c697962623,dfine_sahi,117900.0,unknown_object,0.7612,116.12,649.16,156.75,687.3,1549.4,40.63,38.14,1.065,False,,True,S-61,27,evt_S-61_desk_work_surface_0005,89ee27bf194e6394,pose_hand_context,,38064.0,3.28,,1,cam12/e1/v1,rtmpose_baseline
corpus_03,03.CCTV Mobile Usage.mkv,632de9ed55947761d56d4c6142a3cb1a1fe69d0b1a6d0e01a2e404c697962623,dfine_sahi,117900.0,unknown_object,0.5949,124.89,670.57,187.78,690.91,1278.8,62.89,20.33,3.093,False,,True,S-61,27,evt_S-61_desk_work_surface_0005,89ee27bf194e6394,pose_hand_context,,38064.0,3.28,,1,cam12/e1/v1,rtmpose_baseline
corpus_03,03.CCTV Mobile Usage.mkv,632de9ed55947761d56d4c6142a3cb1a1fe69d0b1a6d0e01a2e404c697962623,dfine_sahi,117900.0,unknown_object,0.5524,116.23,496.13,225.03,605.54,11905.2,108.81,109.42,0.994,False,,True,S-61,27,evt_S-61_desk_work_surface_0005,89ee27bf194e6394,pose_hand_context,,38064.0,3.28,,1,cam12/e1/v1,rtmpose_baseline
corpus_03,03.CCTV Mobile Usage.mkv,632de9ed55947761d56d4c6142a3cb1a1fe69d0b1a6d0e01a2e404c697962623,dfine_sahi,117900.0,mouse,0.5197,116.15,648.87,156.39,687.46,1553.0,40.24,38.59,1.043,False,,True,S-61,27,evt_S-61_desk_work_surface_0005,89ee27bf194e6394,pose_hand_context,,38064.0,3.28,,1,cam12/e1/v1,rtmpose_baseline
corpus_03,03.CCTV Mobile Usage.mkv,632de9ed55947761d56d4c6142a3cb1a1fe69d0b1a6d0e01a2e404c697962623,dfine_sahi,117900.0,unknown_object,0.4789,116.05,497.54,296.36,689.76,34657.8,180.3,192.22,0.938,False,,True,S-61,27,evt_S-61_desk_work_surface_0005,89ee27bf194e6394,pose_hand_context,,38064.0,3.28,,1,cam12/e1/v1,rtmpose_baseline
corpus_03,03.CCTV Mobile Usage.mkv,632de9ed55947761d56d4c6142a3cb1a1fe69d0b1a6d0e01a2e404c697962623,dfine_sahi,117900.0,unknown_object,0.4132,201.4,582.36,310.88,689.92,11776.3,109.49,107.56,1.018,False,,True,S-61,27,evt_S-61_desk_work_surface_0005,89ee27bf194e6394,pose_hand_context,,38064.0,3.28,,1,cam12/e1/v1,rtmpose_baseline
corpus_03,03.CCTV Mobile Usage.mkv,632de9ed55947761d56d4c6142a3cb1a1fe69d0b1a6d0e01a2e404c697962623,dfine_sahi,117900.0,stationery,0.3909,124.21,669.87,187.26,690.95,1329.2,63.05,21.08,2.991,False,,True,S-61,27,evt_S-61_desk_work_surface_0005,89ee27bf194e6394,pose_hand_context,,38064.0,3.28,,1,cam12/e1/v1,rtmpose_baseline
corpus_03,03.CCTV Mobile Usage.mkv,632de9ed55947761d56d4c6142a3cb1a1fe69d0b1a6d0e01a2e404c697962623,dfine_sahi,117900.0,unknown_object,0.3538,132.19,496.04,176.96,518.31,997.3,44.78,22.27,2.011,False,,True,S-61,27,evt_S-61_desk_work_surface_0005,89ee27bf194e6394,pose_hand_context,,38064.0,3.28,,1,cam12/e1/v1,rtmpose_baseline
corpus_03,03.CCTV Mobile Usage.mkv,632de9ed55947761d56d4c6142a3cb1a1fe69d0b1a6d0e01a2e404c697962623,dfine_sahi,117900.0,unknown_object,0.3456,116.01,582.17,224.9,690.45,11791.0,108.9,108.28,1.006,False,,True,S-61,27,evt_S-61_desk_work_surface_0005,89ee27bf194e6394,pose_hand_context,,38064.0,3.28,,1,cam12/e1/v1,rtmpose_baseline
corpus_03,03.CCTV Mobile Usage.mkv,632de9ed55947761d56d4c6142a3cb1a1fe69d0b1a6d0e01a2e404c697962623,dfine_sahi,117900.0,stationery,0.3383,116.07,649.02,187.01,691.04,2980.5,70.93,42.02,1.688,False,,True,S-61,27,evt_S-61_desk_work_surface_0005,89ee27bf194e6394,pose_hand_context,,38064.0,3.28,,1,cam12/e1/v1,rtmpose_baseline
corpus_03,03.CCTV Mobile Usage.mkv,632de9ed55947761d56d4c6142a3cb1a1fe69d0b1a6d0e01a2e404c697962623,dfine_sahi,117900.0,unknown_object,0.2899,143.1,602.25,161.64,618.9,308.6,18.53,16.65,1.113,False,,True,S-61,27,evt_S-61_desk_work_surface_0005,89ee27bf194e6394,pose_hand_context,,38064.0,3.28,,1,cam12/e1/v1,rtmpose_baseline
corpus_03,03.CCTV Mobile Usage.mkv,632de9ed55947761d56d4c6142a3cb1a1fe69d0b1a6d0e01a2e404c697962623,dfine_sahi,117900.0,unknown_object,0.2781,201.07,496.11,310.93,605.54,12022.3,109.86,109.44,1.004,False,,True,S-61,27,evt_S-61_desk_work_surface_0005,89ee27bf194e6394,pose_hand_context,,38064.0,3.28,,1,cam12/e1/v1,rtmpose_baseline
corpus_03,03.CCTV Mobile Usage.mkv,632de9ed55947761d56d4c6142a3cb1a1fe69d0b1a6d0e01a2e404c697962623,dfine_sahi,118900.0,unknown_object,0.5052,152.06,459.27,275.93,582.59,15275.3,123.87,123.32,1.004,False,,True,S-61,27,evt_S-61_desk_work_surface_0005,2697210375e77d5c,pose_hand_context,,48514.5,2.91,,1,cam12/e1/v1,rtmpose_baseline
corpus_03,03.CCTV Mobile Usage.mkv,632de9ed55947761d56d4c6142a3cb1a1fe69d0b1a6d0e01a2e404c697962623,dfine_sahi,118900.0,unknown_object,0.4776,248.05,556.27,371.88,679.31,15236.7,123.84,123.04,1.006,False,,True,S-61,27,evt_S-61_desk_work_surface_0005,2697210375e77d5c,pose_hand_context,,48514.5,2.91,,1,cam12/e1/v1,rtmpose_baseline
corpus_03,03.CCTV Mobile Usage.mkv,632de9ed55947761d56d4c6142a3cb1a1fe69d0b1a6d0e01a2e404c697962623,dfine_sahi,118900.0,unknown_object,0.4452,151.97,556.23,275.85,679.42,15261.0,123.88,123.19,1.006,False,,True,S-61,27,evt_S-61_desk_work_surface_0005,2697210375e77d5c,pose_hand_context,,48514.5,2.91,,1,cam12/e1/v1,rtmpose_baseline
corpus_03,03.CCTV Mobile Usage.mkv,632de9ed55947761d56d4c6142a3cb1a1fe69d0b1a6d0e01a2e404c697962623,dfine_sahi,118900.0,unknown_object,0.3742,178.31,556.14,275.87,600.46,4323.9,97.56,44.32,2.201,False,,True,S-61,27,evt_S-61_desk_work_surface_0005,2697210375e77d5c,pose_hand_context,,48514.5,2.91,,1,cam12/e1/v1,rtmpose_baseline
corpus_03,03.CCTV Mobile Usage.mkv,632de9ed55947761d56d4c6142a3cb1a1fe69d0b1a6d0e01a2e404c697962623,dfine_sahi,118900.0,unknown_object,0.2938,152.01,493.42,203.41,582.37,4572.4,51.4,88.96,0.578,False,,True,S-61,27,evt_S-61_desk_work_surface_0005,2697210375e77d5c,pose_hand_context,,48514.5,2.91,,1,cam12/e1/v1,rtmpose_baseline
corpus_03,03.CCTV Mobile Usage.mkv,632de9ed55947761d56d4c6142a3cb1a1fe69d0b1a6d0e01a2e404c697962623,dfine_sahi,118900.0,unknown_object,0.2834,298.71,459.05,368.87,520.18,4288.9,70.16,61.13,1.148,False,,True,S-61,27,evt_S-61_desk_work_surface_0005,2697210375e77d5c,pose_hand_context,,48514.5,2.91,,1,cam12/e1/v1,rtmpose_baseline
corpus_03,03.CCTV Mobile Usage.mkv,632de9ed55947761d56d4c6142a3cb1a1fe69d0b1a6d0e01a2e404c697962623,dfine_sahi,119900.0,unknown_object,0.6885,131.09,312.28,259.89,440.18,16473.5,128.81,127.89,1.007,False,,True,S-61,27,evt_S-61_desk_work_surface_0005,0c194ca6c838fcb4,pose_hand_context,,52413.5,2.8,,1,cam12/e1/v1,rtmpose_baseline
corpus_03,03.CCTV Mobile Usage.mkv,632de9ed55947761d56d4c6142a3cb1a1fe69d0b1a6d0e01a2e404c697962623,dfine_sahi,119900.0,unknown_object,0.5713,31.03,312.19,158.94,440.6,16424.9,127.91,128.41,0.996,False,,True,S-61,27,evt_S-61_desk_work_surface_0005,0c194ca6c838fcb4,pose_hand_context,,52413.5,2.8,,1,cam12/e1/v1,rtmpose_baseline
corpus_03,03.CCTV Mobile Usage.mkv,632de9ed55947761d56d4c6142a3cb1a1fe69d0b1a6d0e01a2e404c697962623,dfine_sahi,119900.0,unknown_object,0.443,81.0,412.08,158.87,452.25,3128.2,77.87,40.17,1.939,False,,True,S-61,27,evt_S-61_desk_work_surface_0005,0c194ca6c838fcb4,pose_hand_context,,52413.5,2.8,,1,cam12/e1/v1,rtmpose_baseline
corpus_03,03.CCTV Mobile Usage.mkv,632de9ed55947761d56d4c6142a3cb1a1fe69d0b1a6d0e01a2e404c697962623,dfine_sahi,119900.0,phone,0.4372,41.36,443.21,72.23,473.24,926.9,30.86,30.03,1.028,False,,True,S-61,27,evt_S-61_desk_work_surface_0005,0c194ca6c838fcb4,pose_hand_context,,52413.5,2.8,,1,cam12/e1/v1,rtmpose_baseline
corpus_03,03.CCTV Mobile Usage.mkv,632de9ed55947761d56d4c6142a3cb1a1fe69d0b1a6d0e01a2e404c697962623,dfine_sahi,119900.0,phone,0.3873,180.77,464.37,209.01,488.37,677.6,28.23,24.0,1.177,False,,True,S-61,27,evt_S-61_desk_work_surface_0005,0c194ca6c838fcb4,pose_hand_context,,52413.5,2.8,,1,cam12/e1/v1,rtmpose_baseline
corpus_03,03.CCTV Mobile Usage.mkv,632de9ed55947761d56d4c6142a3cb1a1fe69d0b1a6d0e01a2e404c697962623,dfine_sahi,119900.0,unknown_object,0.3677,111.4,437.05,180.12,485.11,3302.3,68.71,48.06,1.43,False,,True,S-61,27,evt_S-61_desk_work_surface_0005,0c194ca6c838fcb4,pose_hand_context,,52413.5,2.8,,1,cam12/e1/v1,rtmpose_baseline
corpus_03,03.CCTV Mobile Usage.mkv,632de9ed55947761d56d4c6142a3cb1a1fe69d0b1a6d0e01a2e404c697962623,dfine_sahi,119900.0,unknown_object,0.3532,61.08,463.71,114.86,504.4,2188.2,53.78,40.69,1.322,False,,True,S-61,27,evt_S-61_desk_work_surface_0005,0c194ca6c838fcb4,pose_hand_context,,52413.5,2.8,,1,cam12/e1/v1,rtmpose_baseline
corpus_03,03.CCTV Mobile Usage.mkv,632de9ed55947761d56d4c6142a3cb1a1fe69d0b1a6d0e01a2e404c697962623,dfine_sahi,119900.0,unknown_object,0.3418,31.0,412.21,159.05,540.47,16425.1,128.06,128.26,0.998,False,,True,S-61,27,evt_S-61_desk_work_surface_0005,0c194ca6c838fcb4,pose_hand_context,,52413.5,2.8,,1,cam12/e1/v1,rtmpose_baseline
corpus_03,03.CCTV Mobile Usage.mkv,632de9ed55947761d56d4c6142a3cb1a1fe69d0b1a6d0e01a2e404c697962623,dfine_sahi,119900.0,unknown_object,0.3414,114.02,476.12,191.3,531.33,4267.4,77.28,55.22,1.4,False,,True,S-61,27,evt_S-61_desk_work_surface_0005,0c194ca6c838fcb4,pose_hand_context,,52413.5,2.8,,1,cam12/e1/v1,rtmpose_baseline
corpus_03,03.CCTV Mobile Usage.mkv,632de9ed55947761d56d4c6142a3cb1a1fe69d0b1a6d0e01a2e404c697962623,dfine_sahi,119900.0,phone,0.3307,167.69,443.39,208.91,488.08,1842.1,41.22,44.69,0.922,False,,True,S-61,27,evt_S-61_desk_work_surface_0005,0c194ca6c838fcb4,pose_hand_context,,52413.5,2.8,,1,cam12/e1/v1,rtmpose_baseline
corpus_03,03.CCTV Mobile Usage.mkv,632de9ed55947761d56d4c6142a3cb1a1fe69d0b1a6d0e01a2e404c697962623,dfine_sahi,119900.0,unknown_object,0.3125,45.04,509.42,85.76,540.95,1284.1,40.72,31.53,1.292,False,,True,S-61,27,evt_S-61_desk_work_surface_0005,0c194ca6c838fcb4,pose_hand_context,,52413.5,2.8,,1,cam12/e1/v1,rtmpose_baseline
corpus_03,03.CCTV Mobile Usage.mkv,632de9ed55947761d56d4c6142a3cb1a1fe69d0b1a6d0e01a2e404c697962623,dfine_sahi,119900.0,unknown_object,0.308,39.95,442.87,72.99,474.08,1031.2,33.04,31.21,1.059,False,,True,S-61,27,evt_S-61_desk_work_surface_0005,0c194ca6c838fcb4,pose_hand_context,,52413.5,2.8,,1,cam12/e1/v1,rtmpose_baseline
corpus_03,03.CCTV Mobile Usage.mkv,632de9ed55947761d56d4c6142a3cb1a1fe69d0b1a6d0e01a2e404c697962623,dfine_sahi,119900.0,unknown_object,0.2986,61.64,437.55,180.62,506.16,8163.2,118.98,68.61,1.734,False,,True,S-61,27,evt_S-61_desk_work_surface_0005,0c194ca6c838fcb4,pose_hand_context,,52413.5,2.8,,1,cam12/e1/v1,rtmpose_baseline
corpus_03,03.CCTV Mobile Usage.mkv,632de9ed55947761d56d4c6142a3cb1a1fe69d0b1a6d0e01a2e404c697962623,dfine_sahi,119900.0,mouse,0.2703,47.69,519.14,79.85,540.96,701.8,32.16,21.82,1.474,False,,True,S-61,27,evt_S-61_desk_work_surface_0005,0c194ca6c838fcb4,pose_hand_context,,52413.5,2.8,,1,cam12/e1/v1,rtmpose_baseline
corpus_03,03.CCTV Mobile Usage.mkv,632de9ed55947761d56d4c6142a3cb1a1fe69d0b1a6d0e01a2e404c697962623,dfine_sahi,119900.0,unknown_object,0.2674,199.01,355.94,260.0,440.19,5138.1,60.99,84.25,0.724,False,,True,S-61,27,evt_S-61_desk_work_surface_0005,0c194ca6c838fcb4,pose_hand_context,,52413.5,2.8,,1,cam12/e1/v1,rtmpose_baseline
corpus_03,03.CCTV Mobile Usage.mkv,632de9ed55947761d56d4c6142a3cb1a1fe69d0b1a6d0e01a2e404c697962623,dfine_sahi,119900.0,unknown_object,0.263,31.11,312.17,109.31,379.08,5232.5,78.2,66.91,1.169,False,,True,S-61,27,evt_S-61_desk_work_surface_0005,0c194ca6c838fcb4,pose_hand_context,,52413.5,2.8,,1,cam12/e1/v1,rtmpose_baseline
corpus_03,03.CCTV Mobile Usage.mkv,632de9ed55947761d56d4c6142a3cb1a1fe69d0b1a6d0e01a2e404c697962623,dfine_sahi,120900.0,phone,0.5356,41.71,443.93,71.74,473.34,883.2,30.03,29.41,1.021,False,,True,S-61,27,evt_S-61_desk_work_surface_0005,11de1f78939503ad,pose_hand_context,,53683.3,2.71,,1,cam12/e1/v1,rtmpose_baseline
corpus_03,03.CCTV Mobile Usage.mkv,632de9ed55947761d56d4c6142a3cb1a1fe69d0b1a6d0e01a2e404c697962623,dfine_sahi,120900.0,phone,0.4812,166.25,436.0,195.88,465.92,886.8,29.64,29.92,0.99,False,,True,S-61,27,evt_S-61_desk_work_surface_0005,11de1f78939503ad,pose_hand_context,,53683.3,2.71,,1,cam12/e1/v1,rtmpose_baseline
corpus_03,03.CCTV Mobile Usage.mkv,632de9ed55947761d56d4c6142a3cb1a1fe69d0b1a6d0e01a2e404c697962623,dfine_sahi,120900.0,unknown_object,0.4606,110.97,437.49,169.11,481.72,2571.4,58.14,44.23,1.314,False,,True,S-61,27,evt_S-61_desk_work_surface_0005,11de1f78939503ad,pose_hand_context,,53683.3,2.71,,1,cam12/e1/v1,rtmpose_baseline
corpus_03,03.CCTV Mobile Usage.mkv,632de9ed55947761d56d4c6142a3cb1a1fe69d0b1a6d0e01a2e404c697962623,dfine_sahi,120900.0,unknown_object,0.4521,98.97,337.13,209.7,438.25,11197.9,110.73,101.12,1.095,False,,True,S-61,27,evt_S-61_desk_work_surface_0005,11de1f78939503ad,pose_hand_context,,53683.3,2.71,,1,cam12/e1/v1,rtmpose_baseline
corpus_03,03.CCTV Mobile Usage.mkv,632de9ed55947761d56d4c6142a3cb1a1fe69d0b1a6d0e01a2e404c697962623,dfine_sahi,120900.0,unknown_object,0.4369,85.95,450.93,144.29,500.49,2890.8,58.33,49.56,1.177,False,,True,S-61,27,evt_S-61_desk_work_surface_0005,11de1f78939503ad,pose_hand_context,,53683.3,2.71,,1,cam12/e1/v1,rtmpose_baseline
corpus_03,03.CCTV Mobile Usage.mkv,632de9ed55947761d56d4c6142a3cb1a1fe69d0b1a6d0e01a2e404c697962623,dfine_sahi,120900.0,unknown_object,0.4179,118.8,478.31,178.36,522.02,2603.7,59.56,43.72,1.362,False,,True,S-61,27,evt_S-61_desk_work_surface_0005,11de1f78939503ad,pose_hand_context,,53683.3,2.71,,1,cam12/e1/v1,rtmpose_baseline
corpus_03,03.CCTV Mobile Usage.mkv,632de9ed55947761d56d4c6142a3cb1a1fe69d0b1a6d0e01a2e404c697962623,dfine_sahi,120900.0,unknown_object,0.385,-0.04,430.46,126.75,511.26,10244.3,126.79,80.8,1.569,False,,True,S-61,27,evt_S-61_desk_work_surface_0005,11de1f78939503ad,pose_hand_context,,53683.3,2.71,,1,cam12/e1/v1,rtmpose_baseline
corpus_03,03.CCTV Mobile Usage.mkv,632de9ed55947761d56d4c6142a3cb1a1fe69d0b1a6d0e01a2e404c697962623,dfine_sahi,120900.0,unknown_object,0.383,62.5,409.12,126.97,452.58,2801.4,64.47,43.45,1.484,False,,True,S-61,27,evt_S-61_desk_work_surface_0005,11de1f78939503ad,pose_hand_context,,53683.3,2.71,,1,cam12/e1/v1,rtmpose_baseline
corpus_03,03.CCTV Mobile Usage.mkv,632de9ed55947761d56d4c6142a3cb1a1fe69d0b1a6d0e01a2e404c697962623,dfine_sahi,120900.0,unknown_object,0.3824,62.52,437.16,170.22,505.21,7329.4,107.69,68.06,1.582,False,,True,S-61,27,evt_S-61_desk_work_surface_0005,11de1f78939503ad,pose_hand_context,,53683.3,2.71,,1,cam12/e1/v1,rtmpose_baseline
corpus_03,03.CCTV Mobile Usage.mkv,632de9ed55947761d56d4c6142a3cb1a1fe69d0b1a6d0e01a2e404c697962623,dfine_sahi,120900.0,unknown_object,0.3767,44.76,509.12,86.35,541.92,1364.4,41.59,32.81,1.268,False,,True,S-61,27,evt_S-61_desk_work_surface_0005,11de1f78939503ad,pose_hand_context,,53683.3,2.71,,1,cam12/e1/v1,rtmpose_baseline
corpus_03,03.CCTV Mobile Usage.mkv,632de9ed55947761d56d4c6142a3cb1a1fe69d0b1a6d0e01a2e404c697962623,dfine_sahi,120900.0,unknown_object,0.3465,-0.36,305.76,176.47,540.91,41582.0,176.83,235.15,0.752,False,,True,S-61,27,evt_S-61_desk_work_surface_0005,11de1f78939503ad,pose_hand_context,,53683.3,2.71,,1,cam12/e1/v1,rtmpose_baseline
corpus_03,03.CCTV Mobile Usage.mkv,632de9ed55947761d56d4c6142a3cb1a1fe69d0b1a6d0e01a2e404c697962623,dfine_sahi,120900.0,unknown_object,0.3355,138.13,491.91,176.95,520.84,1123.1,38.82,28.93,1.342,False,,True,S-61,27,evt_S-61_desk_work_surface_0005,11de1f78939503ad,pose_hand_context,,53683.3,2.71,,1,cam12/e1/v1,rtmpose_baseline
corpus_03,03.CCTV Mobile Usage.mkv,632de9ed55947761d56d4c6142a3cb1a1fe69d0b1a6d0e01a2e404c697962623,dfine_sahi,120900.0,stationery,0.3156,41.38,443.78,71.79,473.47,902.7,30.41,29.69,1.024,False,,True,S-61,27,evt_S-61_desk_work_surface_0005,11de1f78939503ad,pose_hand_context,,53683.3,2.71,,1,cam12/e1/v1,rtmpose_baseline
corpus_03,03.CCTV Mobile Usage.mkv,632de9ed55947761d56d4c6142a3cb1a1fe69d0b1a6d0e01a2e404c697962623,dfine_sahi,120900.0,keyboard,0.3109,89.91,386.22,150.9,413.46,1661.3,60.99,27.24,2.239,False,,True,S-61,27,evt_S-61_desk_work_surface_0005,11de1f78939503ad,pose_hand_context,,53683.3,2.71,,1,cam12/e1/v1,rtmpose_baseline
corpus_03,03.CCTV Mobile Usage.mkv,632de9ed55947761d56d4c6142a3cb1a1fe69d0b1a6d0e01a2e404c697962623,dfine_sahi,120900.0,unknown_object,0.3029,48.61,325.12,108.4,379.47,3249.3,59.79,54.34,1.1,False,,True,S-61,27,evt_S-61_desk_work_surface_0005,11de1f78939503ad,pose_hand_context,,53683.3,2.71,,1,cam12/e1/v1,rtmpose_baseline
corpus_03,03.CCTV Mobile Usage.mkv,632de9ed55947761d56d4c6142a3cb1a1fe69d0b1a6d0e01a2e404c697962623,dfine_sahi,120900.0,unknown_object,0.2923,-0.11,493.59,171.04,541.81,8252.4,171.15,48.22,3.55,False,,True,S-61,27,evt_S-61_desk_work_surface_0005,11de1f78939503ad,pose_hand_context,,53683.3,2.71,,1,cam12/e1/v1,rtmpose_baseline
corpus_03,03.CCTV Mobile Usage.mkv,632de9ed55947761d56d4c6142a3cb1a1fe69d0b1a6d0e01a2e404c697962623,dfine_sahi,120900.0,unknown_object,0.2879,62.02,463.3,118.19,503.97,2284.6,56.17,40.67,1.381,False,,True,S-61,27,evt_S-61_desk_work_surface_0005,11de1f78939503ad,pose_hand_context,,53683.3,2.71,,1,cam12/e1/v1,rtmpose_baseline
corpus_03,03.CCTV Mobile Usage.mkv,632de9ed55947761d56d4c6142a3cb1a1fe69d0b1a6d0e01a2e404c697962623,dfine_sahi,121900.0,unknown_object,0.5462,-0.11,320.16,120.06,454.47,16140.3,120.17,134.31,0.895,False,,True,S-61,27,evt_S-61_desk_work_surface_0005,c1251c880eb77e62,pose_hand_context,,51252.1,2.67,,1,cam12/e1/v1,rtmpose_baseline
corpus_03,03.CCTV Mobile Usage.mkv,632de9ed55947761d56d4c6142a3cb1a1fe69d0b1a6d0e01a2e404c697962623,dfine_sahi,121900.0,unknown_object,0.5249,60.28,437.4,173.74,505.21,7693.2,113.45,67.81,1.673,False,,True,S-61,27,evt_S-61_desk_work_surface_0005,c1251c880eb77e62,pose_hand_context,,51252.1,2.67,,1,cam12/e1/v1,rtmpose_baseline
corpus_03,03.CCTV Mobile Usage.mkv,632de9ed55947761d56d4c6142a3cb1a1fe69d0b1a6d0e01a2e404c697962623,dfine_sahi,121900.0,monitor_or_bezel,0.5115,-0.06,493.69,189.04,558.74,12300.3,189.09,65.05,2.907,False,,True,S-61,27,evt_S-61_desk_work_surface_0005,c1251c880eb77e62,pose_hand_context,,51252.1,2.67,,1,cam12/e1/v1,rtmpose_baseline
corpus_03,03.CCTV Mobile Usage.mkv,632de9ed55947761d56d4c6142a3cb1a1fe69d0b1a6d0e01a2e404c697962623,dfine_sahi,121900.0,unknown_object,0.4822,92.94,425.28,214.1,558.56,16149.7,121.17,133.28,0.909,False,,True,S-61,27,evt_S-61_desk_work_surface_0005,c1251c880eb77e62,pose_hand_context,,51252.1,2.67,,1,cam12/e1/v1,rtmpose_baseline
corpus_03,03.CCTV Mobile Usage.mkv,632de9ed55947761d56d4c6142a3cb1a1fe69d0b1a6d0e01a2e404c697962623,dfine_sahi,121900.0,phone,0.4416,174.94,437.58,202.83,467.53,835.3,27.89,29.95,0.931,False,,True,S-61,27,evt_S-61_desk_work_surface_0005,c1251c880eb77e62,pose_hand_context,,51252.1,2.67,,1,cam12/e1/v1,rtmpose_baseline
corpus_03,03.CCTV Mobile Usage.mkv,632de9ed55947761d56d4c6142a3cb1a1fe69d0b1a6d0e01a2e404c697962623,dfine_sahi,121900.0,unknown_object,0.4394,39.11,425.14,119.91,473.84,3934.9,80.8,48.7,1.659,False,,True,S-61,27,evt_S-61_desk_work_surface_0005,c1251c880eb77e62,pose_hand_context,,51252.1,2.67,,1,cam12/e1/v1,rtmpose_baseline
corpus_03,03.CCTV Mobile Usage.mkv,632de9ed55947761d56d4c6142a3cb1a1fe69d0b1a6d0e01a2e404c697962623,dfine_sahi,121900.0,unknown_object,0.4302,118.57,476.85,180.5,522.11,2803.1,61.93,45.26,1.368,False,,True,S-61,27,evt_S-61_desk_work_surface_0005,c1251c880eb77e62,pose_hand_context,,51252.1,2.67,,1,cam12/e1/v1,rtmpose_baseline
corpus_03,03.CCTV Mobile Usage.mkv,632de9ed55947761d56d4c6142a3cb1a1fe69d0b1a6d0e01a2e404c697962623,dfine_sahi,121900.0,monitor_or_bezel,0.3787,-0.24,342.33,89.4,505.22,14601.1,89.64,162.89,0.55,False,,True,S-61,27,evt_S-61_desk_work_surface_0005,c1251c880eb77e62,pose_hand_context,,51252.1,2.67,,1,cam12/e1/v1,rtmpose_baseline
corpus_03,03.CCTV Mobile Usage.mkv,632de9ed55947761d56d4c6142a3cb1a1fe69d0b1a6d0e01a2e404c697962623,dfine_sahi,121900.0,unknown_object,0.3783,86.38,450.62,144.0,500.23,2858.4,57.62,49.61,1.162,False,,True,S-61,27,evt_S-61_desk_work_surface_0005,c1251c880eb77e62,pose_hand_context,,51252.1,2.67,,1,cam12/e1/v1,rtmpose_baseline
corpus_03,03.CCTV Mobile Usage.mkv,632de9ed55947761d56d4c6142a3cb1a1fe69d0b1a6d0e01a2e404c697962623,dfine_sahi,121900.0,stationery,0.3778,118.33,478.26,178.18,519.98,2497.0,59.85,41.72,1.435,False,,True,S-61,27,evt_S-61_desk_work_surface_0005,c1251c880eb77e62,pose_hand_context,,51252.1,2.67,,1,cam12/e1/v1,rtmpose_baseline
corpus_03,03.CCTV Mobile Usage.mkv,632de9ed55947761d56d4c6142a3cb1a1fe69d0b1a6d0e01a2e404c697962623,dfine_sahi,121900.0,unknown_object,0.369,44.45,508.04,88.98,555.6,2118.1,44.53,47.57,0.936,False,,True,S-61,27,evt_S-61_desk_work_surface_0005,c1251c880eb77e62,pose_hand_context,,51252.1,2.67,,1,cam12/e1/v1,rtmpose_baseline
corpus_03,03.CCTV Mobile Usage.mkv,632de9ed55947761d56d4c6142a3cb1a1fe69d0b1a6d0e01a2e404c697962623,dfine_sahi,121900.0,unknown_object,0.3604,111.31,436.82,173.38,486.5,3083.6,62.07,49.68,1.25,False,,True,S-61,27,evt_S-61_desk_work_surface_0005,c1251c880eb77e62,pose_hand_context,,51252.1,2.67,,1,cam12/e1/v1,rtmpose_baseline
corpus_03,03.CCTV Mobile Usage.mkv,632de9ed55947761d56d4c6142a3cb1a1fe69d0b1a6d0e01a2e404c697962623,dfine_sahi,121900.0,unknown_object,0.3555,-0.29,319.7,203.86,557.77,48602.8,204.16,238.07,0.858,False,,True,S-61,27,evt_S-61_desk_work_surface_0005,c1251c880eb77e62,pose_hand_context,,51252.1,2.67,,1,cam12/e1/v1,rtmpose_baseline
corpus_03,03.CCTV Mobile Usage.mkv,632de9ed55947761d56d4c6142a3cb1a1fe69d0b1a6d0e01a2e404c697962623,dfine_sahi,121900.0,phone,0.3318,42.76,450.13,69.4,472.52,596.2,26.64,22.39,1.19,False,,True,S-61,27,evt_S-61_desk_work_surface_0005,c1251c880eb77e62,pose_hand_context,,51252.1,2.67,,1,cam12/e1/v1,rtmpose_baseline
corpus_03,03.CCTV Mobile Usage.mkv,632de9ed55947761d56d4c6142a3cb1a1fe69d0b1a6d0e01a2e404c697962623,dfine_sahi,121900.0,unknown_object,0.3276,59.82,463.66,119.63,506.92,2586.8,59.8,43.25,1.383,False,,True,S-61,27,evt_S-61_desk_work_surface_0005,c1251c880eb77e62,pose_hand_context,,51252.1,2.67,,1,cam12/e1/v1,rtmpose_baseline
corpus_03,03.CCTV Mobile Usage.mkv,632de9ed55947761d56d4c6142a3cb1a1fe69d0b1a6d0e01a2e404c697962623,dfine_sahi,121900.0,stationery,0.3088,44.87,507.45,93.15,554.27,2260.3,48.28,46.82,1.031,False,,True,S-61,27,evt_S-61_desk_work_surface_0005,c1251c880eb77e62,pose_hand_context,,51252.1,2.67,,1,cam12/e1/v1,rtmpose_baseline
corpus_03,03.CCTV Mobile Usage.mkv,632de9ed55947761d56d4c6142a3cb1a1fe69d0b1a6d0e01a2e404c697962623,dfine_sahi,121900.0,unknown_object,0.3036,142.18,494.45,177.34,522.11,972.3,35.15,27.66,1.271,False,,True,S-61,27,evt_S-61_desk_work_surface_0005,c1251c880eb77e62,pose_hand_context,,51252.1,2.67,,1,cam12/e1/v1,rtmpose_baseline
corpus_03,03.CCTV Mobile Usage.mkv,632de9ed55947761d56d4c6142a3cb1a1fe69d0b1a6d0e01a2e404c697962623,dfine_sahi,121900.0,unknown_object,0.2744,-0.05,425.45,120.25,557.75,15916.0,120.3,132.3,0.909,False,,True,S-61,27,evt_S-61_desk_work_surface_0005,c1251c880eb77e62,pose_hand_context,,51252.1,2.67,,1,cam12/e1/v1,rtmpose_baseline
corpus_03,03.CCTV Mobile Usage.mkv,632de9ed55947761d56d4c6142a3cb1a1fe69d0b1a6d0e01a2e404c697962623,dfine_sahi,121900.0,mouse,0.2656,40.1,432.64,70.13,471.93,1179.9,30.03,39.29,0.764,False,,True,S-61,27,evt_S-61_desk_work_surface_0005,c1251c880eb77e62,pose_hand_context,,51252.1,2.67,,1,cam12/e1/v1,rtmpose_baseline
corpus_03,03.CCTV Mobile Usage.mkv,632de9ed55947761d56d4c6142a3cb1a1fe69d0b1a6d0e01a2e404c697962623,dfine_sahi,121900.0,bag,0.26,77.96,382.61,158.63,429.33,3769.2,80.67,46.72,1.727,False,,True,S-61,27,evt_S-61_desk_work_surface_0005,c1251c880eb77e62,pose_hand_context,,51252.1,2.67,,1,cam12/e1/v1,rtmpose_baseline
corpus_03,03.CCTV Mobile Usage.mkv,632de9ed55947761d56d4c6142a3cb1a1fe69d0b1a6d0e01a2e404c697962623,dfine_sahi,123300.0,unknown_object,0.6284,93.01,364.15,212.94,455.66,10975.1,119.94,91.51,1.311,False,,True,S-61,28,evt_S-61_desk_work_surface_0006,f267303709494a37,pose_hand_context,,50814.9,2.69,,1,cam12/e1/v1,rtmpose_baseline
corpus_03,03.CCTV Mobile Usage.mkv,632de9ed55947761d56d4c6142a3cb1a1fe69d0b1a6d0e01a2e404c697962623,dfine_sahi,123300.0,unknown_object,0.5859,-0.09,323.17,119.95,455.49,15882.4,120.03,132.32,0.907,False,,True,S-61,28,evt_S-61_desk_work_surface_0006,f267303709494a37,pose_hand_context,,50814.9,2.69,,1,cam12/e1/v1,rtmpose_baseline
corpus_03,03.CCTV Mobile Usage.mkv,632de9ed55947761d56d4c6142a3cb1a1fe69d0b1a6d0e01a2e404c697962623,dfine_sahi,123300.0,unknown_object,0.4668,92.97,436.33,173.88,503.73,5454.0,80.91,67.4,1.2,False,,True,S-61,28,evt_S-61_desk_work_surface_0006,f267303709494a37,pose_hand_context,,50814.9,2.69,,1,cam12/e1/v1,rtmpose_baseline
corpus_03,03.CCTV Mobile Usage.mkv,632de9ed55947761d56d4c6142a3cb1a1fe69d0b1a6d0e01a2e404c697962623,dfine_sahi,123300.0,phone,0.4179,174.44,433.21,201.27,467.19,911.8,26.83,33.98,0.79,False,,True,S-61,28,evt_S-61_desk_work_surface_0006,f267303709494a37,pose_hand_context,,50814.9,2.69,,1,cam12/e1/v1,rtmpose_baseline
corpus_03,03.CCTV Mobile Usage.mkv,632de9ed55947761d56d4c6142a3cb1a1fe69d0b1a6d0e01a2e404c697962623,dfine_sahi,123300.0,monitor_or_bezel,0.4103,-0.22,493.94,188.97,560.71,12632.2,189.19,66.77,2.833,False,,True,S-61,28,evt_S-61_desk_work_surface_0006,f267303709494a37,pose_hand_context,,50814.9,2.69,,1,cam12/e1/v1,rtmpose_baseline
corpus_03,03.CCTV Mobile Usage.mkv,632de9ed55947761d56d4c6142a3cb1a1fe69d0b1a6d0e01a2e404c697962623,dfine_sahi,123300.0,phone,0.3721,43.13,450.35,69.13,472.17,567.3,26.0,21.82,1.192,False,,True,S-61,28,evt_S-61_desk_work_surface_0006,f267303709494a37,pose_hand_context,,50814.9,2.69,,1,cam12/e1/v1,rtmpose_baseline
corpus_03,03.CCTV Mobile Usage.mkv,632de9ed55947761d56d4c6142a3cb1a1fe69d0b1a6d0e01a2e404c697962623,dfine_sahi,123300.0,unknown_object,0.3489,46.48,509.52,85.16,555.09,1762.8,38.68,45.57,0.849,False,,True,S-61,28,evt_S-61_desk_work_surface_0006,f267303709494a37,pose_hand_context,,50814.9,2.69,,1,cam12/e1/v1,rtmpose_baseline
corpus_03,03.CCTV Mobile Usage.mkv,632de9ed55947761d56d4c6142a3cb1a1fe69d0b1a6d0e01a2e404c697962623,dfine_sahi,123300.0,unknown_object,0.3261,-0.37,323.29,211.39,559.98,50120.0,211.76,236.68,0.895,False,,True,S-61,28,evt_S-61_desk_work_surface_0006,f267303709494a37,pose_hand_context,,50814.9,2.69,,1,cam12/e1/v1,rtmpose_baseline
corpus_03,03.CCTV Mobile Usage.mkv,632de9ed55947761d56d4c6142a3cb1a1fe69d0b1a6d0e01a2e404c697962623,dfine_sahi,123300.0,unknown_object,0.3206,22.02,323.06,109.88,380.05,5006.9,87.86,56.99,1.542,False,,True,S-61,28,evt_S-61_desk_work_surface_0006,f267303709494a37,pose_hand_context,,50814.9,2.69,,1,cam12/e1/v1,rtmpose_baseline
corpus_03,03.CCTV Mobile Usage.mkv,632de9ed55947761d56d4c6142a3cb1a1fe69d0b1a6d0e01a2e404c697962623,dfine_sahi,123300.0,unknown_object,0.3023,143.0,493.88,177.48,521.92,966.8,34.48,28.04,1.23,False,,True,S-61,28,evt_S-61_desk_work_surface_0006,f267303709494a37,pose_hand_context,,50814.9,2.69,,1,cam12/e1/v1,rtmpose_baseline
corpus_03,03.CCTV Mobile Usage.mkv,632de9ed55947761d56d4c6142a3cb1a1fe69d0b1a6d0e01a2e404c697962623,dfine_sahi,123300.0,monitor_or_bezel,0.2993,-0.14,343.62,86.6,454.8,9643.3,86.74,111.18,0.78,False,,True,S-61,28,evt_S-61_desk_work_surface_0006,f267303709494a37,pose_hand_context,,50814.9,2.69,,1,cam12/e1/v1,rtmpose_baseline
corpus_03,03.CCTV Mobile Usage.mkv,632de9ed55947761d56d4c6142a3cb1a1fe69d0b1a6d0e01a2e404c697962623,dfine_sahi,123300.0,bag,0.2925,73.53,369.92,158.1,430.66,5136.8,84.57,60.74,1.392,False,,True,S-61,28,evt_S-61_desk_work_surface_0006,f267303709494a37,pose_hand_context,,50814.9,2.69,,1,cam12/e1/v1,rtmpose_baseline
corpus_03,03.CCTV Mobile Usage.mkv,632de9ed55947761d56d4c6142a3cb1a1fe69d0b1a6d0e01a2e404c697962623,dfine_sahi,123300.0,unknown_object,0.287,85.7,450.31,144.21,501.3,2983.5,58.52,50.99,1.148,False,,True,S-61,28,evt_S-61_desk_work_surface_0006,f267303709494a37,pose_hand_context,,50814.9,2.69,,1,cam12/e1/v1,rtmpose_baseline
corpus_03,03.CCTV Mobile Usage.mkv,632de9ed55947761d56d4c6142a3cb1a1fe69d0b1a6d0e01a2e404c697962623,dfine_sahi,123300.0,unknown_object,0.2672,-0.21,427.34,120.26,560.21,16007.3,120.47,132.87,0.907,False,,True,S-61,28,evt_S-61_desk_work_surface_0006,f267303709494a37,pose_hand_context,,50814.9,2.69,,1,cam12/e1/v1,rtmpose_baseline
corpus_03,03.CCTV Mobile Usage.mkv,632de9ed55947761d56d4c6142a3cb1a1fe69d0b1a6d0e01a2e404c697962623,dfine_sahi,123867.0,unknown_object,0.7309,98.03,483.16,234.78,619.32,18620.1,136.75,136.16,1.004,False,,True,S-61,28,evt_S-61_upper_body_0021,c59b0187c26444f7,pose_hand_context,,59487.2,2.62,,1,cam12/e1/v1,rtmpose_baseline
corpus_03,03.CCTV Mobile Usage.mkv,632de9ed55947761d56d4c6142a3cb1a1fe69d0b1a6d0e01a2e404c697962623,dfine_sahi,123867.0,unknown_object,0.5689,97.98,436.84,175.66,504.63,5265.1,77.67,67.78,1.146,False,,True,S-61,28,evt_S-61_upper_body_0021,c59b0187c26444f7,pose_hand_context,,59487.2,2.62,,1,cam12/e1/v1,rtmpose_baseline
corpus_03,03.CCTV Mobile Usage.mkv,632de9ed55947761d56d4c6142a3cb1a1fe69d0b1a6d0e01a2e404c697962623,dfine_sahi,123867.0,phone,0.4872,175.03,433.61,200.63,466.96,853.9,25.6,33.35,0.768,False,,True,S-61,28,evt_S-61_upper_body_0021,c59b0187c26444f7,pose_hand_context,,59487.2,2.62,,1,cam12/e1/v1,rtmpose_baseline
corpus_03,03.CCTV Mobile Usage.mkv,632de9ed55947761d56d4c6142a3cb1a1fe69d0b1a6d0e01a2e404c697962623,dfine_sahi,123867.0,unknown_object,0.4334,98.01,451.53,143.04,504.14,2369.2,45.03,52.61,0.856,False,,True,S-61,28,evt_S-61_upper_body_0021,c59b0187c26444f7,pose_hand_context,,59487.2,2.62,,1,cam12/e1/v1,rtmpose_baseline
corpus_03,03.CCTV Mobile Usage.mkv,632de9ed55947761d56d4c6142a3cb1a1fe69d0b1a6d0e01a2e404c697962623,dfine_sahi,123867.0,unknown_object,0.3544,205.02,376.36,341.87,512.2,18589.4,136.85,135.84,1.007,False,,True,S-61,28,evt_S-61_upper_body_0021,c59b0187c26444f7,pose_hand_context,,59487.2,2.62,,1,cam12/e1/v1,rtmpose_baseline
corpus_03,03.CCTV Mobile Usage.mkv,632de9ed55947761d56d4c6142a3cb1a1fe69d0b1a6d0e01a2e404c697962623,dfine_sahi,123867.0,unknown_object,0.3487,115.67,477.46,179.49,521.92,2837.5,63.82,44.46,1.435,False,,True,S-61,28,evt_S-61_upper_body_0021,c59b0187c26444f7,pose_hand_context,,59487.2,2.62,,1,cam12/e1/v1,rtmpose_baseline
corpus_03,03.CCTV Mobile Usage.mkv,632de9ed55947761d56d4c6142a3cb1a1fe69d0b1a6d0e01a2e404c697962623,dfine_sahi,123867.0,bag,0.3163,262.27,542.4,342.02,619.7,6164.2,79.75,77.3,1.032,False,,True,S-61,28,evt_S-61_upper_body_0021,c59b0187c26444f7,pose_hand_context,,59487.2,2.62,,1,cam12/e1/v1,rtmpose_baseline
corpus_03,03.CCTV Mobile Usage.mkv,632de9ed55947761d56d4c6142a3cb1a1fe69d0b1a6d0e01a2e404c697962623,dfine_sahi,123867.0,unknown_object,0.3054,263.04,560.75,341.86,619.54,4633.2,78.82,58.78,1.341,False,,True,S-61,28,evt_S-61_upper_body_0021,c59b0187c26444f7,pose_hand_context,,59487.2,2.62,,1,cam12/e1/v1,rtmpose_baseline
corpus_03,03.CCTV Mobile Usage.mkv,632de9ed55947761d56d4c6142a3cb1a1fe69d0b1a6d0e01a2e404c697962623,dfine_sahi,123867.0,unknown_object,0.2842,146.35,493.58,177.27,512.81,594.3,30.91,19.23,1.608,False,,True,S-61,28,evt_S-61_upper_body_0021,c59b0187c26444f7,pose_hand_context,,59487.2,2.62,,1,cam12/e1/v1,rtmpose_baseline
corpus_03,03.CCTV Mobile Usage.mkv,632de9ed55947761d56d4c6142a3cb1a1fe69d0b1a6d0e01a2e404c697962623,dfine_sahi,123867.0,unknown_object,0.2751,98.03,376.31,234.89,496.25,16416.6,136.87,119.95,1.141,False,,True,S-61,28,evt_S-61_upper_body_0021,c59b0187c26444f7,pose_hand_context,,59487.2,2.62,,1,cam12/e1/v1,rtmpose_baseline
corpus_03,03.CCTV Mobile Usage.mkv,632de9ed55947761d56d4c6142a3cb1a1fe69d0b1a6d0e01a2e404c697962623,dfine_sahi,123867.0,unknown_object,0.2728,205.14,483.25,341.89,619.4,18619.8,136.76,136.15,1.004,False,,True,S-61,28,evt_S-61_upper_body_0021,c59b0187c26444f7,pose_hand_context,,59487.2,2.62,,1,cam12/e1/v1,rtmpose_baseline
corpus_03,03.CCTV Mobile Usage.mkv,632de9ed55947761d56d4c6142a3cb1a1fe69d0b1a6d0e01a2e404c697962623,dfine_sahi,123867.0,phone,0.2692,180.13,450.21,192.96,464.92,188.8,12.84,14.71,0.873,False,,True,S-61,28,evt_S-61_upper_body_0021,c59b0187c26444f7,pose_hand_context,,59487.2,2.62,,1,cam12/e1/v1,rtmpose_baseline
corpus_03,03.CCTV Mobile Usage.mkv,632de9ed55947761d56d4c6142a3cb1a1fe69d0b1a6d0e01a2e404c697962623,dfine_sahi,124300.0,keyboard,0.8996,962.03,451.92,1067.79,491.46,4181.5,105.76,39.54,2.675,False,,True,R-desk,29,evt_S-61_desk_work_surface_0006,3f231be20d60b9e1,lap_bag_context,no_pose_observation,34560.0,1.33,,1,cam12/e1/v1,
corpus_03,03.CCTV Mobile Usage.mkv,632de9ed55947761d56d4c6142a3cb1a1fe69d0b1a6d0e01a2e404c697962623,dfine_sahi,124300.0,monitor_or_bezel,0.7527,910.15,411.18,1141.49,506.4,22028.4,231.34,95.22,2.43,False,,True,R-desk,29,evt_S-61_desk_work_surface_0006,3f231be20d60b9e1,lap_bag_context,no_pose_observation,34560.0,1.33,,1,cam12/e1/v1,
corpus_03,03.CCTV Mobile Usage.mkv,632de9ed55947761d56d4c6142a3cb1a1fe69d0b1a6d0e01a2e404c697962623,dfine_sahi,124300.0,mouse,0.7082,864.9,413.41,891.42,435.06,574.0,26.51,21.65,1.224,False,,True,R-desk,29,evt_S-61_desk_work_surface_0006,3f231be20d60b9e1,lap_bag_context,no_pose_observation,34560.0,1.33,,1,cam12/e1/v1,
corpus_03,03.CCTV Mobile Usage.mkv,632de9ed55947761d56d4c6142a3cb1a1fe69d0b1a6d0e01a2e404c697962623,dfine_sahi,124300.0,phone,0.6995,1043.3,421.72,1111.96,474.01,3590.7,68.66,52.29,1.313,False,,True,R-desk,29,evt_S-61_desk_work_surface_0006,3f231be20d60b9e1,lap_bag_context,no_pose_observation,34560.0,1.33,,1,cam12/e1/v1,
corpus_03,03.CCTV Mobile Usage.mkv,632de9ed55947761d56d4c6142a3cb1a1fe69d0b1a6d0e01a2e404c697962623,dfine_sahi,124300.0,monitor_or_bezel,0.6864,709.09,379.88,969.75,474.85,24756.0,260.66,94.97,2.745,False,,True,R-desk,29,evt_S-61_desk_work_surface_0006,3f231be20d60b9e1,lap_bag_context,no_pose_observation,34560.0,1.33,,1,cam12/e1/v1,
corpus_03,03.CCTV Mobile Usage.mkv,632de9ed55947761d56d4c6142a3cb1a1fe69d0b1a6d0e01a2e404c697962623,dfine_sahi,124300.0,keyboard,0.682,772.49,380.17,870.52,420.32,3935.2,98.03,40.14,2.442,False,,True,R-desk,29,evt_S-61_desk_work_surface_0006,3f231be20d60b9e1,lap_bag_context,no_pose_observation,34560.0,1.33,,1,cam12/e1/v1,
corpus_03,03.CCTV Mobile Usage.mkv,632de9ed55947761d56d4c6142a3cb1a1fe69d0b1a6d0e01a2e404c697962623,dfine_sahi,124300.0,keyboard,0.6465,962.69,452.32,1034.82,475.61,1680.1,72.13,23.29,3.097,False,,True,R-desk,29,evt_S-61_desk_work_surface_0006,3f231be20d60b9e1,lap_bag_context,no_pose_observation,34560.0,1.33,,1,cam12/e1/v1,
corpus_03,03.CCTV Mobile Usage.mkv,632de9ed55947761d56d4c6142a3cb1a1fe69d0b1a6d0e01a2e404c697962623,dfine_sahi,124300.0,unknown_object,0.6402,700.03,411.23,872.19,506.19,16347.5,172.15,94.96,1.813,False,,True,R-desk,29,evt_S-61_desk_work_surface_0006,3f231be20d60b9e1,lap_bag_context,no_pose_observation,34560.0,1.33,,1,cam12/e1/v1,
corpus_03,03.CCTV Mobile Usage.mkv,632de9ed55947761d56d4c6142a3cb1a1fe69d0b1a6d0e01a2e404c697962623,dfine_sahi,124300.0,monitor_or_bezel,0.6184,1018.74,395.55,1145.55,447.85,6632.4,126.81,52.3,2.425,False,,True,R-desk,29,evt_S-61_desk_work_surface_0006,3f231be20d60b9e1,lap_bag_context,no_pose_observation,34560.0,1.33,,1,cam12/e1/v1,
corpus_03,03.CCTV Mobile Usage.mkv,632de9ed55947761d56d4c6142a3cb1a1fe69d0b1a6d0e01a2e404c697962623,dfine_sahi,124300.0,keyboard,0.5882,802.87,396.26,870.71,420.56,1648.1,67.84,24.29,2.793,False,,True,R-desk,29,evt_S-61_desk_work_surface_0006,3f231be20d60b9e1,lap_bag_context,no_pose_observation,34560.0,1.33,,1,cam12/e1/v1,
corpus_03,03.CCTV Mobile Usage.mkv,632de9ed55947761d56d4c6142a3cb1a1fe69d0b1a6d0e01a2e404c697962623,dfine_sahi,124300.0,monitor_or_bezel,0.5877,962.87,380.42,1152.84,474.91,17949.7,189.97,94.49,2.011,False,,True,R-desk,29,evt_S-61_desk_work_surface_0006,3f231be20d60b9e1,lap_bag_context,no_pose_observation,34560.0,1.33,,1,cam12/e1/v1,
corpus_03,03.CCTV Mobile Usage.mkv,632de9ed55947761d56d4c6142a3cb1a1fe69d0b1a6d0e01a2e404c697962623,dfine_sahi,124300.0,unknown_object,0.5162,699.99,380.49,761.59,475.1,5827.6,61.6,94.61,0.651,False,,True,R-desk,29,evt_S-61_desk_work_surface_0006,3f231be20d60b9e1,lap_bag_context,no_pose_observation,34560.0,1.33,,1,cam12/e1/v1,
corpus_03,03.CCTV Mobile Usage.mkv,632de9ed55947761d56d4c6142a3cb1a1fe69d0b1a6d0e01a2e404c697962623,dfine_sahi,124300.0,unknown_object,0.4832,700.08,380.26,843.28,475.54,13644.5,143.2,95.28,1.503,False,,True,R-desk,29,evt_S-61_desk_work_surface_0006,3f231be20d60b9e1,lap_bag_context,no_pose_observation,34560.0,1.33,,1,cam12/e1/v1,
corpus_03,03.CCTV Mobile Usage.mkv,632de9ed55947761d56d4c6142a3cb1a1fe69d0b1a6d0e01a2e404c697962623,dfine_sahi,124300.0,unknown_object,0.3512,764.7,411.04,969.9,505.96,19476.6,205.2,94.91,2.162,False,,True,R-desk,29,evt_S-61_desk_work_surface_0006,3f231be20d60b9e1,lap_bag_context,no_pose_observation,34560.0,1.33,,1,cam12/e1/v1,
corpus_03,03.CCTV Mobile Usage.mkv,632de9ed55947761d56d4c6142a3cb1a1fe69d0b1a6d0e01a2e404c697962623,dfine_sahi,124300.0,mouse,0.3275,966.93,398.39,991.84,410.57,303.5,24.91,12.18,2.045,False,,True,R-desk,29,evt_S-61_desk_work_surface_0006,3f231be20d60b9e1,lap_bag_context,no_pose_observation,34560.0,1.33,,1,cam12/e1/v1,
corpus_03,03.CCTV Mobile Usage.mkv,632de9ed55947761d56d4c6142a3cb1a1fe69d0b1a6d0e01a2e404c697962623,dfine_sahi,124300.0,keyboard,0.3072,910.11,411.32,1093.43,506.22,17397.5,183.32,94.9,1.932,False,,True,R-desk,29,evt_S-61_desk_work_surface_0006,3f231be20d60b9e1,lap_bag_context,no_pose_observation,34560.0,1.33,,1,cam12/e1/v1,
corpus_03,03.CCTV Mobile Usage.mkv,632de9ed55947761d56d4c6142a3cb1a1fe69d0b1a6d0e01a2e404c697962623,dfine_sahi,124300.0,mouse,0.2936,990.89,400.7,1028.49,413.6,484.7,37.6,12.89,2.916,False,,True,R-desk,29,evt_S-61_desk_work_surface_0006,3f231be20d60b9e1,lap_bag_context,no_pose_observation,34560.0,1.33,,1,cam12/e1/v1,
corpus_03,03.CCTV Mobile Usage.mkv,632de9ed55947761d56d4c6142a3cb1a1fe69d0b1a6d0e01a2e404c697962623,dfine_sahi,124300.0,keyboard,0.2885,965.19,395.25,1105.21,475.11,11181.8,140.02,79.86,1.753,False,,True,R-desk,29,evt_S-61_desk_work_surface_0006,3f231be20d60b9e1,lap_bag_context,no_pose_observation,34560.0,1.33,,1,cam12/e1/v1,
corpus_03,03.CCTV Mobile Usage.mkv,632de9ed55947761d56d4c6142a3cb1a1fe69d0b1a6d0e01a2e404c697962623,dfine_sahi,124300.0,monitor_or_bezel,0.2852,881.18,396.15,948.82,452.69,3824.7,67.64,56.54,1.196,False,,True,R-desk,29,evt_S-61_desk_work_surface_0006,3f231be20d60b9e1,lap_bag_context,no_pose_observation,34560.0,1.33,,1,cam12/e1/v1,
corpus_03,03.CCTV Mobile Usage.mkv,632de9ed55947761d56d4c6142a3cb1a1fe69d0b1a6d0e01a2e404c697962623,dfine_sahi,124300.0,unknown_object,0.2821,880.19,411.2,969.89,505.63,8469.9,89.7,94.43,0.95,False,,True,R-desk,29,evt_S-61_desk_work_surface_0006,3f231be20d60b9e1,lap_bag_context,no_pose_observation,34560.0,1.33,,1,cam12/e1/v1,
corpus_03,03.CCTV Mobile Usage.mkv,632de9ed55947761d56d4c6142a3cb1a1fe69d0b1a6d0e01a2e404c697962623,dfine_sahi,124300.0,keyboard,0.2642,881.91,380.23,965.8,452.95,6100.6,83.88,72.73,1.153,False,,True,R-desk,29,evt_S-61_desk_work_surface_0006,3f231be20d60b9e1,lap_bag_context,no_pose_observation,34560.0,1.33,,1,cam12/e1/v1,
corpus_03,03.CCTV Mobile Usage.mkv,632de9ed55947761d56d4c6142a3cb1a1fe69d0b1a6d0e01a2e404c697962623,dfine_sahi,124300.0,monitor_or_bezel,0.2604,733.93,395.32,1146.2,491.03,39458.6,412.27,95.71,4.307,False,,True,R-desk,29,evt_S-61_desk_work_surface_0006,3f231be20d60b9e1,lap_bag_context,no_pose_observation,34560.0,1.33,,1,cam12/e1/v1,
corpus_03,03.CCTV Mobile Usage.mkv,632de9ed55947761d56d4c6142a3cb1a1fe69d0b1a6d0e01a2e404c697962623,dfine_sahi,124300.0,unknown_object,0.5832,-0.06,320.16,121.09,455.42,16387.5,121.15,135.26,0.896,False,,True,S-61,28,evt_S-61_desk_work_surface_0006,c73f0c4608cab469,pose_hand_context,,52101.0,2.66,,1,cam12/e1/v1,rtmpose_baseline
corpus_03,03.CCTV Mobile Usage.mkv,632de9ed55947761d56d4c6142a3cb1a1fe69d0b1a6d0e01a2e404c697962623,dfine_sahi,124300.0,unknown_object,0.5301,93.82,365.96,216.0,455.35,10921.4,122.18,89.39,1.367,False,,True,S-61,28,evt_S-61_desk_work_surface_0006,c73f0c4608cab469,pose_hand_context,,52101.0,2.66,,1,cam12/e1/v1,rtmpose_baseline
corpus_03,03.CCTV Mobile Usage.mkv,632de9ed55947761d56d4c6142a3cb1a1fe69d0b1a6d0e01a2e404c697962623,dfine_sahi,124300.0,unknown_object,0.4711,93.84,436.74,177.05,504.54,5641.7,83.21,67.8,1.227,False,,True,S-61,28,evt_S-61_desk_work_surface_0006,c73f0c4608cab469,pose_hand_context,,52101.0,2.66,,1,cam12/e1/v1,rtmpose_baseline
corpus_03,03.CCTV Mobile Usage.mkv,632de9ed55947761d56d4c6142a3cb1a1fe69d0b1a6d0e01a2e404c697962623,dfine_sahi,124300.0,unknown_object,0.4228,93.75,425.37,216.06,560.58,16537.1,122.31,135.21,0.905,False,,True,S-61,28,evt_S-61_desk_work_surface_0006,c73f0c4608cab469,pose_hand_context,,52101.0,2.66,,1,cam12/e1/v1,rtmpose_baseline
corpus_03,03.CCTV Mobile Usage.mkv,632de9ed55947761d56d4c6142a3cb1a1fe69d0b1a6d0e01a2e404c697962623,dfine_sahi,124300.0,monitor_or_bezel,0.4106,-0.22,493.91,188.4,560.7,12597.2,188.62,66.79,2.824,False,,True,S-61,28,evt_S-61_desk_work_surface_0006,c73f0c4608cab469,pose_hand_context,,52101.0,2.66,,1,cam12/e1/v1,rtmpose_baseline
corpus_03,03.CCTV Mobile Usage.mkv,632de9ed55947761d56d4c6142a3cb1a1fe69d0b1a6d0e01a2e404c697962623,dfine_sahi,124300.0,unknown_object,0.4104,143.35,494.29,177.71,521.92,949.5,34.36,27.63,1.243,False,,True,S-61,28,evt_S-61_desk_work_surface_0006,c73f0c4608cab469,pose_hand_context,,52101.0,2.66,,1,cam12/e1/v1,rtmpose_baseline
corpus_03,03.CCTV Mobile Usage.mkv,632de9ed55947761d56d4c6142a3cb1a1fe69d0b1a6d0e01a2e404c697962623,dfine_sahi,124300.0,unknown_object,0.3676,46.26,509.39,85.48,554.4,1765.1,39.22,45.01,0.871,False,,True,S-61,28,evt_S-61_desk_work_surface_0006,c73f0c4608cab469,pose_hand_context,,52101.0,2.66,,1,cam12/e1/v1,rtmpose_baseline
corpus_03,03.CCTV Mobile Usage.mkv,632de9ed55947761d56d4c6142a3cb1a1fe69d0b1a6d0e01a2e404c697962623,dfine_sahi,124300.0,phone,0.3478,43.17,450.69,69.69,472.07,566.9,26.52,21.38,1.241,False,,True,S-61,28,evt_S-61_desk_work_surface_0006,c73f0c4608cab469,pose_hand_context,,52101.0,2.66,,1,cam12/e1/v1,rtmpose_baseline
corpus_03,03.CCTV Mobile Usage.mkv,632de9ed55947761d56d4c6142a3cb1a1fe69d0b1a6d0e01a2e404c697962623,dfine_sahi,124300.0,phone,0.3444,172.5,420.87,198.11,464.61,1120.2,25.61,43.74,0.586,False,,True,S-61,28,evt_S-61_desk_work_surface_0006,c73f0c4608cab469,pose_hand_context,,52101.0,2.66,,1,cam12/e1/v1,rtmpose_baseline
corpus_03,03.CCTV Mobile Usage.mkv,632de9ed55947761d56d4c6142a3cb1a1fe69d0b1a6d0e01a2e404c697962623,dfine_sahi,124300.0,unknown_object,0.2779,60.68,463.91,119.95,505.56,2468.6,59.27,41.65,1.423,False,,True,S-61,28,evt_S-61_desk_work_surface_0006,c73f0c4608cab469,pose_hand_context,,52101.0,2.66,,1,cam12/e1/v1,rtmpose_baseline
corpus_03,03.CCTV Mobile Usage.mkv,632de9ed55947761d56d4c6142a3cb1a1fe69d0b1a6d0e01a2e404c697962623,dfine_sahi,124300.0,unknown_object,0.2749,85.99,451.2,145.04,500.33,2901.4,59.05,49.13,1.202,False,,True,S-61,28,evt_S-61_desk_work_surface_0006,c73f0c4608cab469,pose_hand_context,,52101.0,2.66,,1,cam12/e1/v1,rtmpose_baseline
corpus_03,03.CCTV Mobile Usage.mkv,632de9ed55947761d56d4c6142a3cb1a1fe69d0b1a6d0e01a2e404c697962623,dfine_sahi,124300.0,unknown_object,0.2701,0.08,425.44,121.17,558.95,16166.6,121.09,133.51,0.907,False,,True,S-61,28,evt_S-61_desk_work_surface_0006,c73f0c4608cab469,pose_hand_context,,52101.0,2.66,,1,cam12/e1/v1,rtmpose_baseline
corpus_03,03.CCTV Mobile Usage.mkv,632de9ed55947761d56d4c6142a3cb1a1fe69d0b1a6d0e01a2e404c697962623,dfine_sahi,124867.0,unknown_object,0.5889,109.0,436.31,177.14,501.9,4468.8,68.14,65.58,1.039,False,,True,S-61,28,evt_S-61_upper_body_0021,0fc2f4392cd3915c,pose_hand_context,,56463.3,2.69,,1,cam12/e1/v1,rtmpose_baseline
corpus_03,03.CCTV Mobile Usage.mkv,632de9ed55947761d56d4c6142a3cb1a1fe69d0b1a6d0e01a2e404c697962623,dfine_sahi,124867.0,monitor_or_bezel,0.4323,109.06,503.19,272.97,662.6,26129.0,163.91,159.41,1.028,False,,True,S-61,28,evt_S-61_upper_body_0021,0fc2f4392cd3915c,pose_hand_context,,56463.3,2.69,,1,cam12/e1/v1,rtmpose_baseline
corpus_03,03.CCTV Mobile Usage.mkv,632de9ed55947761d56d4c6142a3cb1a1fe69d0b1a6d0e01a2e404c697962623,dfine_sahi,124867.0,mouse,0.3904,116.18,648.71,156.7,663.98,618.9,40.51,15.28,2.652,False,,True,S-61,28,evt_S-61_upper_body_0021,0fc2f4392cd3915c,pose_hand_context,,56463.3,2.69,,1,cam12/e1/v1,rtmpose_baseline
corpus_03,03.CCTV Mobile Usage.mkv,632de9ed55947761d56d4c6142a3cb1a1fe69d0b1a6d0e01a2e404c697962623,dfine_sahi,124867.0,unknown_object,0.3835,212.99,560.91,345.85,663.63,13646.9,132.86,102.72,1.293,False,,True,S-61,28,evt_S-61_upper_body_0021,0fc2f4392cd3915c,pose_hand_context,,56463.3,2.69,,1,cam12/e1/v1,rtmpose_baseline
corpus_03,03.CCTV Mobile Usage.mkv,632de9ed55947761d56d4c6142a3cb1a1fe69d0b1a6d0e01a2e404c697962623,dfine_sahi,124867.0,stationery,0.369,246.81,444.67,265.05,463.57,344.7,18.24,18.9,0.965,False,,True,S-61,28,evt_S-61_upper_body_0021,0fc2f4392cd3915c,pose_hand_context,,56463.3,2.69,,1,cam12/e1/v1,rtmpose_baseline
corpus_03,03.CCTV Mobile Usage.mkv,632de9ed55947761d56d4c6142a3cb1a1fe69d0b1a6d0e01a2e404c697962623,dfine_sahi,124867.0,unknown_object,0.3552,115.85,475.55,180.22,521.94,2985.5,64.37,46.38,1.388,False,,True,S-61,28,evt_S-61_upper_body_0021,0fc2f4392cd3915c,pose_hand_context,,56463.3,2.69,,1,cam12/e1/v1,rtmpose_baseline
corpus_03,03.CCTV Mobile Usage.mkv,632de9ed55947761d56d4c6142a3cb1a1fe69d0b1a6d0e01a2e404c697962623,dfine_sahi,124867.0,bag,0.353,245.2,568.61,345.97,663.54,9566.2,100.77,94.94,1.061,False,,True,S-61,28,evt_S-61_upper_body_0021,0fc2f4392cd3915c,pose_hand_context,,56463.3,2.69,,1,cam12/e1/v1,rtmpose_baseline
corpus_03,03.CCTV Mobile Usage.mkv,632de9ed55947761d56d4c6142a3cb1a1fe69d0b1a6d0e01a2e404c697962623,dfine_sahi,124867.0,unknown_object,0.3476,109.01,436.25,273.36,662.38,37164.4,164.35,226.13,0.727,False,,True,S-61,28,evt_S-61_upper_body_0021,0fc2f4392cd3915c,pose_hand_context,,56463.3,2.69,,1,cam12/e1/v1,rtmpose_baseline
corpus_03,03.CCTV Mobile Usage.mkv,632de9ed55947761d56d4c6142a3cb1a1fe69d0b1a6d0e01a2e404c697962623,dfine_sahi,124867.0,unknown_object,0.3465,214.37,426.48,345.85,537.17,14554.4,131.48,110.7,1.188,False,,True,S-61,28,evt_S-61_upper_body_0021,0fc2f4392cd3915c,pose_hand_context,,56463.3,2.69,,1,cam12/e1/v1,rtmpose_baseline
corpus_03,03.CCTV Mobile Usage.mkv,632de9ed55947761d56d4c6142a3cb1a1fe69d0b1a6d0e01a2e404c697962623,dfine_sahi,124867.0,phone,0.316,214.03,563.66,254.64,576.05,502.9,40.6,12.39,3.278,False,,True,S-61,28,evt_S-61_upper_body_0021,0fc2f4392cd3915c,pose_hand_context,,56463.3,2.69,,1,cam12/e1/v1,rtmpose_baseline
corpus_03,03.CCTV Mobile Usage.mkv,632de9ed55947761d56d4c6142a3cb1a1fe69d0b1a6d0e01a2e404c697962623,dfine_sahi,124867.0,unknown_object,0.3099,212.99,597.67,273.68,663.72,4008.5,60.69,66.05,0.919,False,,True,S-61,28,evt_S-61_upper_body_0021,0fc2f4392cd3915c,pose_hand_context,,56463.3,2.69,,1,cam12/e1/v1,rtmpose_baseline
corpus_03,03.CCTV Mobile Usage.mkv,632de9ed55947761d56d4c6142a3cb1a1fe69d0b1a6d0e01a2e404c697962623,dfine_sahi,124867.0,unknown_object,0.3076,154.47,428.82,209.4,483.36,2995.8,54.93,54.54,1.007,False,,True,S-61,28,evt_S-61_upper_body_0021,0fc2f4392cd3915c,pose_hand_context,,56463.3,2.69,,1,cam12/e1/v1,rtmpose_baseline
corpus_03,03.CCTV Mobile Usage.mkv,632de9ed55947761d56d4c6142a3cb1a1fe69d0b1a6d0e01a2e404c697962623,dfine_sahi,124867.0,unknown_object,0.3028,178.2,490.01,208.04,527.93,1131.3,29.84,37.92,0.787,False,,True,S-61,28,evt_S-61_upper_body_0021,0fc2f4392cd3915c,pose_hand_context,,56463.3,2.69,,1,cam12/e1/v1,rtmpose_baseline
corpus_03,03.CCTV Mobile Usage.mkv,632de9ed55947761d56d4c6142a3cb1a1fe69d0b1a6d0e01a2e404c697962623,dfine_sahi,124867.0,unknown_object,0.2934,135.35,492.93,177.77,521.93,1230.4,42.42,29.0,1.463,False,,True,S-61,28,evt_S-61_upper_body_0021,0fc2f4392cd3915c,pose_hand_context,,56463.3,2.69,,1,cam12/e1/v1,rtmpose_baseline
corpus_03,03.CCTV Mobile Usage.mkv,632de9ed55947761d56d4c6142a3cb1a1fe69d0b1a6d0e01a2e404c697962623,dfine_sahi,124867.0,unknown_object,0.264,109.12,427.03,210.85,559.44,13470.0,101.73,132.41,0.768,False,,True,S-61,28,evt_S-61_upper_body_0021,0fc2f4392cd3915c,pose_hand_context,,56463.3,2.69,,1,cam12/e1/v1,rtmpose_baseline
corpus_03,03.CCTV Mobile Usage.mkv,632de9ed55947761d56d4c6142a3cb1a1fe69d0b1a6d0e01a2e404c697962623,dfine_sahi,124867.0,unknown_object,0.2541,172.25,464.76,207.3,496.88,1125.6,35.05,32.11,1.092,False,,True,S-61,28,evt_S-61_upper_body_0021,0fc2f4392cd3915c,pose_hand_context,,56463.3,2.69,,1,cam12/e1/v1,rtmpose_baseline
corpus_03,03.CCTV Mobile Usage.mkv,632de9ed55947761d56d4c6142a3cb1a1fe69d0b1a6d0e01a2e404c697962623,dfine_sahi,124867.0,keyboard,0.8996,962.03,451.92,1067.79,491.46,4181.5,105.76,39.54,2.675,False,,True,R-desk,30,evt_S-61_upper_body_0021,f36d96d43f74c80f,lap_bag_context,no_pose_observation,34560.0,1.33,,1,cam12/e1/v1,
corpus_03,03.CCTV Mobile Usage.mkv,632de9ed55947761d56d4c6142a3cb1a1fe69d0b1a6d0e01a2e404c697962623,dfine_sahi,124867.0,monitor_or_bezel,0.7527,910.15,411.18,1141.49,506.4,22028.4,231.34,95.22,2.43,False,,True,R-desk,30,evt_S-61_upper_body_0021,f36d96d43f74c80f,lap_bag_context,no_pose_observation,34560.0,1.33,,1,cam12/e1/v1,
corpus_03,03.CCTV Mobile Usage.mkv,632de9ed55947761d56d4c6142a3cb1a1fe69d0b1a6d0e01a2e404c697962623,dfine_sahi,124867.0,mouse,0.7082,864.9,413.41,891.42,435.06,574.0,26.51,21.65,1.224,False,,True,R-desk,30,evt_S-61_upper_body_0021,f36d96d43f74c80f,lap_bag_context,no_pose_observation,34560.0,1.33,,1,cam12/e1/v1,
corpus_03,03.CCTV Mobile Usage.mkv,632de9ed55947761d56d4c6142a3cb1a1fe69d0b1a6d0e01a2e404c697962623,dfine_sahi,124867.0,phone,0.6995,1043.3,421.72,1111.96,474.01,3590.7,68.66,52.29,1.313,False,,True,R-desk,30,evt_S-61_upper_body_0021,f36d96d43f74c80f,lap_bag_context,no_pose_observation,34560.0,1.33,,1,cam12/e1/v1,
corpus_03,03.CCTV Mobile Usage.mkv,632de9ed55947761d56d4c6142a3cb1a1fe69d0b1a6d0e01a2e404c697962623,dfine_sahi,124867.0,monitor_or_bezel,0.6864,709.09,379.88,969.75,474.85,24756.0,260.66,94.97,2.745,False,,True,R-desk,30,evt_S-61_upper_body_0021,f36d96d43f74c80f,lap_bag_context,no_pose_observation,34560.0,1.33,,1,cam12/e1/v1,
corpus_03,03.CCTV Mobile Usage.mkv,632de9ed55947761d56d4c6142a3cb1a1fe69d0b1a6d0e01a2e404c697962623,dfine_sahi,124867.0,keyboard,0.682,772.49,380.17,870.52,420.32,3935.2,98.03,40.14,2.442,False,,True,R-desk,30,evt_S-61_upper_body_0021,f36d96d43f74c80f,lap_bag_context,no_pose_observation,34560.0,1.33,,1,cam12/e1/v1,
corpus_03,03.CCTV Mobile Usage.mkv,632de9ed55947761d56d4c6142a3cb1a1fe69d0b1a6d0e01a2e404c697962623,dfine_sahi,124867.0,keyboard,0.6464,962.69,452.32,1034.82,475.61,1680.1,72.13,23.29,3.097,False,,True,R-desk,30,evt_S-61_upper_body_0021,f36d96d43f74c80f,lap_bag_context,no_pose_observation,34560.0,1.33,,1,cam12/e1/v1,
corpus_03,03.CCTV Mobile Usage.mkv,632de9ed55947761d56d4c6142a3cb1a1fe69d0b1a6d0e01a2e404c697962623,dfine_sahi,124867.0,unknown_object,0.6402,700.03,411.23,872.19,506.19,16347.5,172.15,94.96,1.813,False,,True,R-desk,30,evt_S-61_upper_body_0021,f36d96d43f74c80f,lap_bag_context,no_pose_observation,34560.0,1.33,,1,cam12/e1/v1,
corpus_03,03.CCTV Mobile Usage.mkv,632de9ed55947761d56d4c6142a3cb1a1fe69d0b1a6d0e01a2e404c697962623,dfine_sahi,124867.0,monitor_or_bezel,0.6184,1018.74,395.55,1145.55,447.85,6632.4,126.81,52.3,2.425,False,,True,R-desk,30,evt_S-61_upper_body_0021,f36d96d43f74c80f,lap_bag_context,no_pose_observation,34560.0,1.33,,1,cam12/e1/v1,
corpus_03,03.CCTV Mobile Usage.mkv,632de9ed55947761d56d4c6142a3cb1a1fe69d0b1a6d0e01a2e404c697962623,dfine_sahi,124867.0,keyboard,0.5882,802.87,396.26,870.71,420.56,1648.1,67.84,24.29,2.793,False,,True,R-desk,30,evt_S-61_upper_body_0021,f36d96d43f74c80f,lap_bag_context,no_pose_observation,34560.0,1.33,,1,cam12/e1/v1,
corpus_03,03.CCTV Mobile Usage.mkv,632de9ed55947761d56d4c6142a3cb1a1fe69d0b1a6d0e01a2e404c697962623,dfine_sahi,124867.0,monitor_or_bezel,0.5873,962.87,380.42,1152.83,474.91,17949.4,189.97,94.49,2.01,False,,True,R-desk,30,evt_S-61_upper_body_0021,f36d96d43f74c80f,lap_bag_context,no_pose_observation,34560.0,1.33,,1,cam12/e1/v1,
corpus_03,03.CCTV Mobile Usage.mkv,632de9ed55947761d56d4c6142a3cb1a1fe69d0b1a6d0e01a2e404c697962623,dfine_sahi,124867.0,unknown_object,0.5162,699.99,380.49,761.59,475.1,5827.6,61.6,94.61,0.651,False,,True,R-desk,30,evt_S-61_upper_body_0021,f36d96d43f74c80f,lap_bag_context,no_pose_observation,34560.0,1.33,,1,cam12/e1/v1,
corpus_03,03.CCTV Mobile Usage.mkv,632de9ed55947761d56d4c6142a3cb1a1fe69d0b1a6d0e01a2e404c697962623,dfine_sahi,124867.0,unknown_object,0.4832,700.08,380.26,843.28,475.54,13644.5,143.2,95.28,1.503,False,,True,R-desk,30,evt_S-61_upper_body_0021,f36d96d43f74c80f,lap_bag_context,no_pose_observation,34560.0,1.33,,1,cam12/e1/v1,
corpus_03,03.CCTV Mobile Usage.mkv,632de9ed55947761d56d4c6142a3cb1a1fe69d0b1a6d0e01a2e404c697962623,dfine_sahi,124867.0,unknown_object,0.3512,764.7,411.04,969.9,505.96,19476.6,205.2,94.91,2.162,False,,True,R-desk,30,evt_S-61_upper_body_0021,f36d96d43f74c80f,lap_bag_context,no_pose_observation,34560.0,1.33,,1,cam12/e1/v1,
corpus_03,03.CCTV Mobile Usage.mkv,632de9ed55947761d56d4c6142a3cb1a1fe69d0b1a6d0e01a2e404c697962623,dfine_sahi,124867.0,mouse,0.3275,966.93,398.39,991.84,410.57,303.5,24.91,12.18,2.045,False,,True,R-desk,30,evt_S-61_upper_body_0021,f36d96d43f74c80f,lap_bag_context,no_pose_observation,34560.0,1.33,,1,cam12/e1/v1,
corpus_03,03.CCTV Mobile Usage.mkv,632de9ed55947761d56d4c6142a3cb1a1fe69d0b1a6d0e01a2e404c697962623,dfine_sahi,124867.0,keyboard,0.3072,910.11,411.32,1093.43,506.22,17397.5,183.32,94.9,1.932,False,,True,R-desk,30,evt_S-61_upper_body_0021,f36d96d43f74c80f,lap_bag_context,no_pose_observation,34560.0,1.33,,1,cam12/e1/v1,
corpus_03,03.CCTV Mobile Usage.mkv,632de9ed55947761d56d4c6142a3cb1a1fe69d0b1a6d0e01a2e404c697962623,dfine_sahi,124867.0,mouse,0.2936,990.89,400.7,1028.49,413.6,484.7,37.6,12.89,2.916,False,,True,R-desk,30,evt_S-61_upper_body_0021,f36d96d43f74c80f,lap_bag_context,no_pose_observation,34560.0,1.33,,1,cam12/e1/v1,
corpus_03,03.CCTV Mobile Usage.mkv,632de9ed55947761d56d4c6142a3cb1a1fe69d0b1a6d0e01a2e404c697962623,dfine_sahi,124867.0,keyboard,0.2883,965.19,395.25,1105.21,475.1,11181.6,140.02,79.86,1.753,False,,True,R-desk,30,evt_S-61_upper_body_0021,f36d96d43f74c80f,lap_bag_context,no_pose_observation,34560.0,1.33,,1,cam12/e1/v1,
corpus_03,03.CCTV Mobile Usage.mkv,632de9ed55947761d56d4c6142a3cb1a1fe69d0b1a6d0e01a2e404c697962623,dfine_sahi,124867.0,monitor_or_bezel,0.2852,881.18,396.15,948.82,452.69,3824.7,67.64,56.54,1.196,False,,True,R-desk,30,evt_S-61_upper_body_0021,f36d96d43f74c80f,lap_bag_context,no_pose_observation,34560.0,1.33,,1,cam12/e1/v1,
corpus_03,03.CCTV Mobile Usage.mkv,632de9ed55947761d56d4c6142a3cb1a1fe69d0b1a6d0e01a2e404c697962623,dfine_sahi,124867.0,unknown_object,0.2821,880.19,411.2,969.89,505.63,8469.9,89.7,94.43,0.95,False,,True,R-desk,30,evt_S-61_upper_body_0021,f36d96d43f74c80f,lap_bag_context,no_pose_observation,34560.0,1.33,,1,cam12/e1/v1,
corpus_03,03.CCTV Mobile Usage.mkv,632de9ed55947761d56d4c6142a3cb1a1fe69d0b1a6d0e01a2e404c697962623,dfine_sahi,124867.0,keyboard,0.2642,881.91,380.23,965.8,452.95,6100.6,83.88,72.73,1.153,False,,True,R-desk,30,evt_S-61_upper_body_0021,f36d96d43f74c80f,lap_bag_context,no_pose_observation,34560.0,1.33,,1,cam12/e1/v1,
corpus_03,03.CCTV Mobile Usage.mkv,632de9ed55947761d56d4c6142a3cb1a1fe69d0b1a6d0e01a2e404c697962623,dfine_sahi,124867.0,monitor_or_bezel,0.2604,733.93,395.32,1146.2,491.03,39458.6,412.27,95.71,4.307,False,,True,R-desk,30,evt_S-61_upper_body_0021,f36d96d43f74c80f,lap_bag_context,no_pose_observation,34560.0,1.33,,1,cam12/e1/v1,
corpus_03,03.CCTV Mobile Usage.mkv,632de9ed55947761d56d4c6142a3cb1a1fe69d0b1a6d0e01a2e404c697962623,dfine_sahi,124867.0,keyboard,0.8996,962.03,451.92,1067.79,491.46,4181.5,105.76,39.54,2.675,False,,True,R-desk,29,evt_S-61_upper_body_0021,f36d96d43f74c80f,lap_bag_context,no_pose_observation,34560.0,1.33,,1,cam12/e1/v1,
corpus_03,03.CCTV Mobile Usage.mkv,632de9ed55947761d56d4c6142a3cb1a1fe69d0b1a6d0e01a2e404c697962623,dfine_sahi,124867.0,monitor_or_bezel,0.7527,910.15,411.18,1141.49,506.4,22028.4,231.34,95.22,2.43,False,,True,R-desk,29,evt_S-61_upper_body_0021,f36d96d43f74c80f,lap_bag_context,no_pose_observation,34560.0,1.33,,1,cam12/e1/v1,
corpus_03,03.CCTV Mobile Usage.mkv,632de9ed55947761d56d4c6142a3cb1a1fe69d0b1a6d0e01a2e404c697962623,dfine_sahi,124867.0,mouse,0.7082,864.9,413.41,891.42,435.06,574.0,26.51,21.65,1.224,False,,True,R-desk,29,evt_S-61_upper_body_0021,f36d96d43f74c80f,lap_bag_context,no_pose_observation,34560.0,1.33,,1,cam12/e1/v1,
corpus_03,03.CCTV Mobile Usage.mkv,632de9ed55947761d56d4c6142a3cb1a1fe69d0b1a6d0e01a2e404c697962623,dfine_sahi,124867.0,phone,0.6995,1043.3,421.72,1111.96,474.01,3590.7,68.66,52.29,1.313,False,,True,R-desk,29,evt_S-61_upper_body_0021,f36d96d43f74c80f,lap_bag_context,no_pose_observation,34560.0,1.33,,1,cam12/e1/v1,
corpus_03,03.CCTV Mobile Usage.mkv,632de9ed55947761d56d4c6142a3cb1a1fe69d0b1a6d0e01a2e404c697962623,dfine_sahi,124867.0,monitor_or_bezel,0.6864,709.09,379.88,969.75,474.85,24756.0,260.66,94.97,2.745,False,,True,R-desk,29,evt_S-61_upper_body_0021,f36d96d43f74c80f,lap_bag_context,no_pose_observation,34560.0,1.33,,1,cam12/e1/v1,
corpus_03,03.CCTV Mobile Usage.mkv,632de9ed55947761d56d4c6142a3cb1a1fe69d0b1a6d0e01a2e404c697962623,dfine_sahi,124867.0,keyboard,0.682,772.49,380.17,870.52,420.32,3935.2,98.03,40.14,2.442,False,,True,R-desk,29,evt_S-61_upper_body_0021,f36d96d43f74c80f,lap_bag_context,no_pose_observation,34560.0,1.33,,1,cam12/e1/v1,
corpus_03,03.CCTV Mobile Usage.mkv,632de9ed55947761d56d4c6142a3cb1a1fe69d0b1a6d0e01a2e404c697962623,dfine_sahi,124867.0,keyboard,0.6464,962.69,452.32,1034.82,475.61,1680.1,72.13,23.29,3.097,False,,True,R-desk,29,evt_S-61_upper_body_0021,f36d96d43f74c80f,lap_bag_context,no_pose_observation,34560.0,1.33,,1,cam12/e1/v1,
corpus_03,03.CCTV Mobile Usage.mkv,632de9ed55947761d56d4c6142a3cb1a1fe69d0b1a6d0e01a2e404c697962623,dfine_sahi,124867.0,unknown_object,0.6402,700.03,411.23,872.19,506.19,16347.5,172.15,94.96,1.813,False,,True,R-desk,29,evt_S-61_upper_body_0021,f36d96d43f74c80f,lap_bag_context,no_pose_observation,34560.0,1.33,,1,cam12/e1/v1,
corpus_03,03.CCTV Mobile Usage.mkv,632de9ed55947761d56d4c6142a3cb1a1fe69d0b1a6d0e01a2e404c697962623,dfine_sahi,124867.0,monitor_or_bezel,0.6184,1018.74,395.55,1145.55,447.85,6632.4,126.81,52.3,2.425,False,,True,R-desk,29,evt_S-61_upper_body_0021,f36d96d43f74c80f,lap_bag_context,no_pose_observation,34560.0,1.33,,1,cam12/e1/v1,
corpus_03,03.CCTV Mobile Usage.mkv,632de9ed55947761d56d4c6142a3cb1a1fe69d0b1a6d0e01a2e404c697962623,dfine_sahi,124867.0,keyboard,0.5882,802.87,396.26,870.71,420.56,1648.1,67.84,24.29,2.793,False,,True,R-desk,29,evt_S-61_upper_body_0021,f36d96d43f74c80f,lap_bag_context,no_pose_observation,34560.0,1.33,,1,cam12/e1/v1,
corpus_03,03.CCTV Mobile Usage.mkv,632de9ed55947761d56d4c6142a3cb1a1fe69d0b1a6d0e01a2e404c697962623,dfine_sahi,124867.0,monitor_or_bezel,0.5873,962.87,380.42,1152.83,474.91,17949.4,189.97,94.49,2.01,False,,True,R-desk,29,evt_S-61_upper_body_0021,f36d96d43f74c80f,lap_bag_context,no_pose_observation,34560.0,1.33,,1,cam12/e1/v1,
corpus_03,03.CCTV Mobile Usage.mkv,632de9ed55947761d56d4c6142a3cb1a1fe69d0b1a6d0e01a2e404c697962623,dfine_sahi,124867.0,unknown_object,0.5162,699.99,380.49,761.59,475.1,5827.6,61.6,94.61,0.651,False,,True,R-desk,29,evt_S-61_upper_body_0021,f36d96d43f74c80f,lap_bag_context,no_pose_observation,34560.0,1.33,,1,cam12/e1/v1,
corpus_03,03.CCTV Mobile Usage.mkv,632de9ed55947761d56d4c6142a3cb1a1fe69d0b1a6d0e01a2e404c697962623,dfine_sahi,124867.0,unknown_object,0.4832,700.08,380.26,843.28,475.54,13644.5,143.2,95.28,1.503,False,,True,R-desk,29,evt_S-61_upper_body_0021,f36d96d43f74c80f,lap_bag_context,no_pose_observation,34560.0,1.33,,1,cam12/e1/v1,
corpus_03,03.CCTV Mobile Usage.mkv,632de9ed55947761d56d4c6142a3cb1a1fe69d0b1a6d0e01a2e404c697962623,dfine_sahi,124867.0,unknown_object,0.3512,764.7,411.04,969.9,505.96,19476.6,205.2,94.91,2.162,False,,True,R-desk,29,evt_S-61_upper_body_0021,f36d96d43f74c80f,lap_bag_context,no_pose_observation,34560.0,1.33,,1,cam12/e1/v1,
corpus_03,03.CCTV Mobile Usage.mkv,632de9ed55947761d56d4c6142a3cb1a1fe69d0b1a6d0e01a2e404c697962623,dfine_sahi,124867.0,mouse,0.3275,966.93,398.39,991.84,410.57,303.5,24.91,12.18,2.045,False,,True,R-desk,29,evt_S-61_upper_body_0021,f36d96d43f74c80f,lap_bag_context,no_pose_observation,34560.0,1.33,,1,cam12/e1/v1,
corpus_03,03.CCTV Mobile Usage.mkv,632de9ed55947761d56d4c6142a3cb1a1fe69d0b1a6d0e01a2e404c697962623,dfine_sahi,124867.0,keyboard,0.3072,910.11,411.32,1093.43,506.22,17397.5,183.32,94.9,1.932,False,,True,R-desk,29,evt_S-61_upper_body_0021,f36d96d43f74c80f,lap_bag_context,no_pose_observation,34560.0,1.33,,1,cam12/e1/v1,
corpus_03,03.CCTV Mobile Usage.mkv,632de9ed55947761d56d4c6142a3cb1a1fe69d0b1a6d0e01a2e404c697962623,dfine_sahi,124867.0,mouse,0.2936,990.89,400.7,1028.49,413.6,484.7,37.6,12.89,2.916,False,,True,R-desk,29,evt_S-61_upper_body_0021,f36d96d43f74c80f,lap_bag_context,no_pose_observation,34560.0,1.33,,1,cam12/e1/v1,
corpus_03,03.CCTV Mobile Usage.mkv,632de9ed55947761d56d4c6142a3cb1a1fe69d0b1a6d0e01a2e404c697962623,dfine_sahi,124867.0,keyboard,0.2883,965.19,395.25,1105.21,475.1,11181.6,140.02,79.86,1.753,False,,True,R-desk,29,evt_S-61_upper_body_0021,f36d96d43f74c80f,lap_bag_context,no_pose_observation,34560.0,1.33,,1,cam12/e1/v1,
corpus_03,03.CCTV Mobile Usage.mkv,632de9ed55947761d56d4c6142a3cb1a1fe69d0b1a6d0e01a2e404c697962623,dfine_sahi,124867.0,monitor_or_bezel,0.2852,881.18,396.15,948.82,452.69,3824.7,67.64,56.54,1.196,False,,True,R-desk,29,evt_S-61_upper_body_0021,f36d96d43f74c80f,lap_bag_context,no_pose_observation,34560.0,1.33,,1,cam12/e1/v1,
corpus_03,03.CCTV Mobile Usage.mkv,632de9ed55947761d56d4c6142a3cb1a1fe69d0b1a6d0e01a2e404c697962623,dfine_sahi,124867.0,unknown_object,0.2821,880.19,411.2,969.89,505.63,8469.9,89.7,94.43,0.95,False,,True,R-desk,29,evt_S-61_upper_body_0021,f36d96d43f74c80f,lap_bag_context,no_pose_observation,34560.0,1.33,,1,cam12/e1/v1,
corpus_03,03.CCTV Mobile Usage.mkv,632de9ed55947761d56d4c6142a3cb1a1fe69d0b1a6d0e01a2e404c697962623,dfine_sahi,124867.0,keyboard,0.2642,881.91,380.23,965.8,452.95,6100.6,83.88,72.73,1.153,False,,True,R-desk,29,evt_S-61_upper_body_0021,f36d96d43f74c80f,lap_bag_context,no_pose_observation,34560.0,1.33,,1,cam12/e1/v1,
corpus_03,03.CCTV Mobile Usage.mkv,632de9ed55947761d56d4c6142a3cb1a1fe69d0b1a6d0e01a2e404c697962623,dfine_sahi,124867.0,monitor_or_bezel,0.2604,733.93,395.32,1146.2,491.03,39458.6,412.27,95.71,4.307,False,,True,R-desk,29,evt_S-61_upper_body_0021,f36d96d43f74c80f,lap_bag_context,no_pose_observation,34560.0,1.33,,1,cam12/e1/v1,
corpus_03,03.CCTV Mobile Usage.mkv,632de9ed55947761d56d4c6142a3cb1a1fe69d0b1a6d0e01a2e404c697962623,dfine_sahi,125300.0,unknown_object,0.5397,753.05,109.83,848.89,195.46,8206.8,95.83,85.64,1.119,False,,True,R-desk,31,evt_S-61_desk_work_surface_0006,4f5b0c1938812495,pose_hand_context,,5049.5,9.01,,1,cam12/e1/v1,rtmpose_baseline
corpus_03,03.CCTV Mobile Usage.mkv,632de9ed55947761d56d4c6142a3cb1a1fe69d0b1a6d0e01a2e404c697962623,dfine_sahi,125300.0,unknown_object,0.4648,722.04,78.21,817.92,173.6,9145.6,95.88,95.39,1.005,False,,True,R-desk,31,evt_S-61_desk_work_surface_0006,4f5b0c1938812495,pose_hand_context,,5049.5,9.01,,1,cam12/e1/v1,rtmpose_baseline
corpus_03,03.CCTV Mobile Usage.mkv,632de9ed55947761d56d4c6142a3cb1a1fe69d0b1a6d0e01a2e404c697962623,dfine_sahi,125300.0,unknown_object,0.4485,722.08,109.08,786.41,146.99,2439.0,64.33,37.91,1.697,False,,True,R-desk,31,evt_S-61_desk_work_surface_0006,4f5b0c1938812495,pose_hand_context,,5049.5,9.01,,1,cam12/e1/v1,rtmpose_baseline
corpus_03,03.CCTV Mobile Usage.mkv,632de9ed55947761d56d4c6142a3cb1a1fe69d0b1a6d0e01a2e404c697962623,dfine_sahi,125300.0,unknown_object,0.3105,737.03,150.3,832.89,188.83,3694.3,95.86,38.54,2.488,False,,True,R-desk,31,evt_S-61_desk_work_surface_0006,4f5b0c1938812495,pose_hand_context,,5049.5,9.01,,1,cam12/e1/v1,rtmpose_baseline
corpus_03,03.CCTV Mobile Usage.mkv,632de9ed55947761d56d4c6142a3cb1a1fe69d0b1a6d0e01a2e404c697962623,dfine_sahi,125300.0,unknown_object,0.2694,753.11,78.16,776.93,104.73,632.6,23.81,26.57,0.896,False,,True,R-desk,31,evt_S-61_desk_work_surface_0006,4f5b0c1938812495,pose_hand_context,,5049.5,9.01,,1,cam12/e1/v1,rtmpose_baseline
corpus_03,03.CCTV Mobile Usage.mkv,632de9ed55947761d56d4c6142a3cb1a1fe69d0b1a6d0e01a2e404c697962623,dfine_sahi,125300.0,keyboard,0.8996,962.03,451.92,1067.79,491.46,4181.5,105.76,39.54,2.675,False,,True,R-desk,30,evt_S-61_desk_work_surface_0006,56160f94226673d2,lap_bag_context,no_pose_observation,34560.0,1.33,,1,cam12/e1/v1,
corpus_03,03.CCTV Mobile Usage.mkv,632de9ed55947761d56d4c6142a3cb1a1fe69d0b1a6d0e01a2e404c697962623,dfine_sahi,125300.0,monitor_or_bezel,0.7527,910.15,411.18,1141.49,506.4,22028.4,231.34,95.22,2.43,False,,True,R-desk,30,evt_S-61_desk_work_surface_0006,56160f94226673d2,lap_bag_context,no_pose_observation,34560.0,1.33,,1,cam12/e1/v1,
corpus_03,03.CCTV Mobile Usage.mkv,632de9ed55947761d56d4c6142a3cb1a1fe69d0b1a6d0e01a2e404c697962623,dfine_sahi,125300.0,mouse,0.7077,864.9,413.41,891.41,435.06,574.0,26.51,21.65,1.224,False,,True,R-desk,30,evt_S-61_desk_work_surface_0006,56160f94226673d2,lap_bag_context,no_pose_observation,34560.0,1.33,,1,cam12/e1/v1,
corpus_03,03.CCTV Mobile Usage.mkv,632de9ed55947761d56d4c6142a3cb1a1fe69d0b1a6d0e01a2e404c697962623,dfine_sahi,125300.0,phone,0.6995,1043.3,421.72,1111.96,474.01,3590.7,68.66,52.29,1.313,False,,True,R-desk,30,evt_S-61_desk_work_surface_0006,56160f94226673d2,lap_bag_context,no_pose_observation,34560.0,1.33,,1,cam12/e1/v1,
corpus_03,03.CCTV Mobile Usage.mkv,632de9ed55947761d56d4c6142a3cb1a1fe69d0b1a6d0e01a2e404c697962623,dfine_sahi,125300.0,monitor_or_bezel,0.6873,709.09,379.88,969.75,474.85,24756.0,260.66,94.98,2.744,False,,True,R-desk,30,evt_S-61_desk_work_surface_0006,56160f94226673d2,lap_bag_context,no_pose_observation,34560.0,1.33,,1,cam12/e1/v1,
corpus_03,03.CCTV Mobile Usage.mkv,632de9ed55947761d56d4c6142a3cb1a1fe69d0b1a6d0e01a2e404c697962623,dfine_sahi,125300.0,keyboard,0.6814,772.5,380.17,870.52,420.32,3935.2,98.02,40.15,2.442,False,,True,R-desk,30,evt_S-61_desk_work_surface_0006,56160f94226673d2,lap_bag_context,no_pose_observation,34560.0,1.33,,1,cam12/e1/v1,
corpus_03,03.CCTV Mobile Usage.mkv,632de9ed55947761d56d4c6142a3cb1a1fe69d0b1a6d0e01a2e404c697962623,dfine_sahi,125300.0,keyboard,0.6469,962.69,452.32,1034.82,475.61,1680.1,72.13,23.29,3.096,False,,True,R-desk,30,evt_S-61_desk_work_surface_0006,56160f94226673d2,lap_bag_context,no_pose_observation,34560.0,1.33,,1,cam12/e1/v1,
corpus_03,03.CCTV Mobile Usage.mkv,632de9ed55947761d56d4c6142a3cb1a1fe69d0b1a6d0e01a2e404c697962623,dfine_sahi,125300.0,unknown_object,0.6402,700.03,411.23,872.19,506.19,16347.5,172.15,94.96,1.813,False,,True,R-desk,30,evt_S-61_desk_work_surface_0006,56160f94226673d2,lap_bag_context,no_pose_observation,34560.0,1.33,,1,cam12/e1/v1,
corpus_03,03.CCTV Mobile Usage.mkv,632de9ed55947761d56d4c6142a3cb1a1fe69d0b1a6d0e01a2e404c697962623,dfine_sahi,125300.0,monitor_or_bezel,0.6184,1018.74,395.55,1145.55,447.85,6632.4,126.81,52.3,2.425,False,,True,R-desk,30,evt_S-61_desk_work_surface_0006,56160f94226673d2,lap_bag_context,no_pose_observation,34560.0,1.33,,1,cam12/e1/v1,
corpus_03,03.CCTV Mobile Usage.mkv,632de9ed55947761d56d4c6142a3cb1a1fe69d0b1a6d0e01a2e404c697962623,dfine_sahi,125300.0,keyboard,0.5882,802.87,396.26,870.71,420.56,1648.1,67.84,24.29,2.793,False,,True,R-desk,30,evt_S-61_desk_work_surface_0006,56160f94226673d2,lap_bag_context,no_pose_observation,34560.0,1.33,,1,cam12/e1/v1,
corpus_03,03.CCTV Mobile Usage.mkv,632de9ed55947761d56d4c6142a3cb1a1fe69d0b1a6d0e01a2e404c697962623,dfine_sahi,125300.0,monitor_or_bezel,0.5872,962.87,380.42,1152.83,474.91,17949.1,189.96,94.49,2.01,False,,True,R-desk,30,evt_S-61_desk_work_surface_0006,56160f94226673d2,lap_bag_context,no_pose_observation,34560.0,1.33,,1,cam12/e1/v1,
corpus_03,03.CCTV Mobile Usage.mkv,632de9ed55947761d56d4c6142a3cb1a1fe69d0b1a6d0e01a2e404c697962623,dfine_sahi,125300.0,unknown_object,0.5163,699.99,380.49,761.59,475.1,5827.4,61.6,94.61,0.651,False,,True,R-desk,30,evt_S-61_desk_work_surface_0006,56160f94226673d2,lap_bag_context,no_pose_observation,34560.0,1.33,,1,cam12/e1/v1,
corpus_03,03.CCTV Mobile Usage.mkv,632de9ed55947761d56d4c6142a3cb1a1fe69d0b1a6d0e01a2e404c697962623,dfine_sahi,125300.0,unknown_object,0.4829,700.08,380.26,843.28,475.54,13644.6,143.2,95.28,1.503,False,,True,R-desk,30,evt_S-61_desk_work_surface_0006,56160f94226673d2,lap_bag_context,no_pose_observation,34560.0,1.33,,1,cam12/e1/v1,
corpus_03,03.CCTV Mobile Usage.mkv,632de9ed55947761d56d4c6142a3cb1a1fe69d0b1a6d0e01a2e404c697962623,dfine_sahi,125300.0,unknown_object,0.3512,764.7,411.04,969.9,505.96,19476.6,205.2,94.91,2.162,False,,True,R-desk,30,evt_S-61_desk_work_surface_0006,56160f94226673d2,lap_bag_context,no_pose_observation,34560.0,1.33,,1,cam12/e1/v1,
corpus_03,03.CCTV Mobile Usage.mkv,632de9ed55947761d56d4c6142a3cb1a1fe69d0b1a6d0e01a2e404c697962623,dfine_sahi,125300.0,mouse,0.3275,966.93,398.39,991.84,410.57,303.5,24.91,12.18,2.045,False,,True,R-desk,30,evt_S-61_desk_work_surface_0006,56160f94226673d2,lap_bag_context,no_pose_observation,34560.0,1.33,,1,cam12/e1/v1,
corpus_03,03.CCTV Mobile Usage.mkv,632de9ed55947761d56d4c6142a3cb1a1fe69d0b1a6d0e01a2e404c697962623,dfine_sahi,125300.0,keyboard,0.3072,910.11,411.32,1093.43,506.22,17397.5,183.32,94.9,1.932,False,,True,R-desk,30,evt_S-61_desk_work_surface_0006,56160f94226673d2,lap_bag_context,no_pose_observation,34560.0,1.33,,1,cam12/e1/v1,
corpus_03,03.CCTV Mobile Usage.mkv,632de9ed55947761d56d4c6142a3cb1a1fe69d0b1a6d0e01a2e404c697962623,dfine_sahi,125300.0,mouse,0.2936,990.89,400.7,1028.49,413.6,484.7,37.6,12.89,2.916,False,,True,R-desk,30,evt_S-61_desk_work_surface_0006,56160f94226673d2,lap_bag_context,no_pose_observation,34560.0,1.33,,1,cam12/e1/v1,
corpus_03,03.CCTV Mobile Usage.mkv,632de9ed55947761d56d4c6142a3cb1a1fe69d0b1a6d0e01a2e404c697962623,dfine_sahi,125300.0,keyboard,0.288,965.18,395.24,1105.23,475.11,11185.4,140.05,79.86,1.754,False,,True,R-desk,30,evt_S-61_desk_work_surface_0006,56160f94226673d2,lap_bag_context,no_pose_observation,34560.0,1.33,,1,cam12/e1/v1,
corpus_03,03.CCTV Mobile Usage.mkv,632de9ed55947761d56d4c6142a3cb1a1fe69d0b1a6d0e01a2e404c697962623,dfine_sahi,125300.0,monitor_or_bezel,0.2852,881.18,396.15,948.82,452.69,3824.7,67.64,56.54,1.196,False,,True,R-desk,30,evt_S-61_desk_work_surface_0006,56160f94226673d2,lap_bag_context,no_pose_observation,34560.0,1.33,,1,cam12/e1/v1,
corpus_03,03.CCTV Mobile Usage.mkv,632de9ed55947761d56d4c6142a3cb1a1fe69d0b1a6d0e01a2e404c697962623,dfine_sahi,125300.0,unknown_object,0.2821,880.19,411.2,969.89,505.63,8469.9,89.7,94.43,0.95,False,,True,R-desk,30,evt_S-61_desk_work_surface_0006,56160f94226673d2,lap_bag_context,no_pose_observation,34560.0,1.33,,1,cam12/e1/v1,
corpus_03,03.CCTV Mobile Usage.mkv,632de9ed55947761d56d4c6142a3cb1a1fe69d0b1a6d0e01a2e404c697962623,dfine_sahi,125300.0,keyboard,0.2635,881.91,380.23,965.82,452.95,6102.3,83.91,72.73,1.154,False,,True,R-desk,30,evt_S-61_desk_work_surface_0006,56160f94226673d2,lap_bag_context,no_pose_observation,34560.0,1.33,,1,cam12/e1/v1,
corpus_03,03.CCTV Mobile Usage.mkv,632de9ed55947761d56d4c6142a3cb1a1fe69d0b1a6d0e01a2e404c697962623,dfine_sahi,125300.0,monitor_or_bezel,0.2604,733.93,395.32,1146.2,491.03,39458.6,412.27,95.71,4.307,False,,True,R-desk,30,evt_S-61_desk_work_surface_0006,56160f94226673d2,lap_bag_context,no_pose_observation,34560.0,1.33,,1,cam12/e1/v1,
corpus_03,03.CCTV Mobile Usage.mkv,632de9ed55947761d56d4c6142a3cb1a1fe69d0b1a6d0e01a2e404c697962623,dfine_sahi,125300.0,keyboard,0.8996,962.03,451.92,1067.79,491.46,4181.5,105.76,39.54,2.675,False,,True,R-desk,29,evt_S-61_desk_work_surface_0006,56160f94226673d2,lap_bag_context,no_pose_observation,34560.0,1.33,,1,cam12/e1/v1,
corpus_03,03.CCTV Mobile Usage.mkv,632de9ed55947761d56d4c6142a3cb1a1fe69d0b1a6d0e01a2e404c697962623,dfine_sahi,125300.0,monitor_or_bezel,0.7527,910.15,411.18,1141.49,506.4,22028.4,231.34,95.22,2.43,False,,True,R-desk,29,evt_S-61_desk_work_surface_0006,56160f94226673d2,lap_bag_context,no_pose_observation,34560.0,1.33,,1,cam12/e1/v1,
corpus_03,03.CCTV Mobile Usage.mkv,632de9ed55947761d56d4c6142a3cb1a1fe69d0b1a6d0e01a2e404c697962623,dfine_sahi,125300.0,mouse,0.7077,864.9,413.41,891.41,435.06,574.0,26.51,21.65,1.224,False,,True,R-desk,29,evt_S-61_desk_work_surface_0006,56160f94226673d2,lap_bag_context,no_pose_observation,34560.0,1.33,,1,cam12/e1/v1,
corpus_03,03.CCTV Mobile Usage.mkv,632de9ed55947761d56d4c6142a3cb1a1fe69d0b1a6d0e01a2e404c697962623,dfine_sahi,125300.0,phone,0.6995,1043.3,421.72,1111.96,474.01,3590.7,68.66,52.29,1.313,False,,True,R-desk,29,evt_S-61_desk_work_surface_0006,56160f94226673d2,lap_bag_context,no_pose_observation,34560.0,1.33,,1,cam12/e1/v1,
corpus_03,03.CCTV Mobile Usage.mkv,632de9ed55947761d56d4c6142a3cb1a1fe69d0b1a6d0e01a2e404c697962623,dfine_sahi,125300.0,monitor_or_bezel,0.6873,709.09,379.88,969.75,474.85,24756.0,260.66,94.98,2.744,False,,True,R-desk,29,evt_S-61_desk_work_surface_0006,56160f94226673d2,lap_bag_context,no_pose_observation,34560.0,1.33,,1,cam12/e1/v1,
corpus_03,03.CCTV Mobile Usage.mkv,632de9ed55947761d56d4c6142a3cb1a1fe69d0b1a6d0e01a2e404c697962623,dfine_sahi,125300.0,keyboard,0.6814,772.5,380.17,870.52,420.32,3935.2,98.02,40.15,2.442,False,,True,R-desk,29,evt_S-61_desk_work_surface_0006,56160f94226673d2,lap_bag_context,no_pose_observation,34560.0,1.33,,1,cam12/e1/v1,
corpus_03,03.CCTV Mobile Usage.mkv,632de9ed55947761d56d4c6142a3cb1a1fe69d0b1a6d0e01a2e404c697962623,dfine_sahi,125300.0,keyboard,0.6469,962.69,452.32,1034.82,475.61,1680.1,72.13,23.29,3.096,False,,True,R-desk,29,evt_S-61_desk_work_surface_0006,56160f94226673d2,lap_bag_context,no_pose_observation,34560.0,1.33,,1,cam12/e1/v1,
corpus_03,03.CCTV Mobile Usage.mkv,632de9ed55947761d56d4c6142a3cb1a1fe69d0b1a6d0e01a2e404c697962623,dfine_sahi,125300.0,unknown_object,0.6402,700.03,411.23,872.19,506.19,16347.5,172.15,94.96,1.813,False,,True,R-desk,29,evt_S-61_desk_work_surface_0006,56160f94226673d2,lap_bag_context,no_pose_observation,34560.0,1.33,,1,cam12/e1/v1,
corpus_03,03.CCTV Mobile Usage.mkv,632de9ed55947761d56d4c6142a3cb1a1fe69d0b1a6d0e01a2e404c697962623,dfine_sahi,125300.0,monitor_or_bezel,0.6184,1018.74,395.55,1145.55,447.85,6632.4,126.81,52.3,2.425,False,,True,R-desk,29,evt_S-61_desk_work_surface_0006,56160f94226673d2,lap_bag_context,no_pose_observation,34560.0,1.33,,1,cam12/e1/v1,
corpus_03,03.CCTV Mobile Usage.mkv,632de9ed55947761d56d4c6142a3cb1a1fe69d0b1a6d0e01a2e404c697962623,dfine_sahi,125300.0,keyboard,0.5882,802.87,396.26,870.71,420.56,1648.1,67.84,24.29,2.793,False,,True,R-desk,29,evt_S-61_desk_work_surface_0006,56160f94226673d2,lap_bag_context,no_pose_observation,34560.0,1.33,,1,cam12/e1/v1,
corpus_03,03.CCTV Mobile Usage.mkv,632de9ed55947761d56d4c6142a3cb1a1fe69d0b1a6d0e01a2e404c697962623,dfine_sahi,125300.0,monitor_or_bezel,0.5872,962.87,380.42,1152.83,474.91,17949.1,189.96,94.49,2.01,False,,True,R-desk,29,evt_S-61_desk_work_surface_0006,56160f94226673d2,lap_bag_context,no_pose_observation,34560.0,1.33,,1,cam12/e1/v1,
corpus_03,03.CCTV Mobile Usage.mkv,632de9ed55947761d56d4c6142a3cb1a1fe69d0b1a6d0e01a2e404c697962623,dfine_sahi,125300.0,unknown_object,0.5163,699.99,380.49,761.59,475.1,5827.4,61.6,94.61,0.651,False,,True,R-desk,29,evt_S-61_desk_work_surface_0006,56160f94226673d2,lap_bag_context,no_pose_observation,34560.0,1.33,,1,cam12/e1/v1,
corpus_03,03.CCTV Mobile Usage.mkv,632de9ed55947761d56d4c6142a3cb1a1fe69d0b1a6d0e01a2e404c697962623,dfine_sahi,125300.0,unknown_object,0.4829,700.08,380.26,843.28,475.54,13644.6,143.2,95.28,1.503,False,,True,R-desk,29,evt_S-61_desk_work_surface_0006,56160f94226673d2,lap_bag_context,no_pose_observation,34560.0,1.33,,1,cam12/e1/v1,
corpus_03,03.CCTV Mobile Usage.mkv,632de9ed55947761d56d4c6142a3cb1a1fe69d0b1a6d0e01a2e404c697962623,dfine_sahi,125300.0,unknown_object,0.3512,764.7,411.04,969.9,505.96,19476.6,205.2,94.91,2.162,False,,True,R-desk,29,evt_S-61_desk_work_surface_0006,56160f94226673d2,lap_bag_context,no_pose_observation,34560.0,1.33,,1,cam12/e1/v1,
corpus_03,03.CCTV Mobile Usage.mkv,632de9ed55947761d56d4c6142a3cb1a1fe69d0b1a6d0e01a2e404c697962623,dfine_sahi,125300.0,mouse,0.3275,966.93,398.39,991.84,410.57,303.5,24.91,12.18,2.045,False,,True,R-desk,29,evt_S-61_desk_work_surface_0006,56160f94226673d2,lap_bag_context,no_pose_observation,34560.0,1.33,,1,cam12/e1/v1,
corpus_03,03.CCTV Mobile Usage.mkv,632de9ed55947761d56d4c6142a3cb1a1fe69d0b1a6d0e01a2e404c697962623,dfine_sahi,125300.0,keyboard,0.3072,910.11,411.32,1093.43,506.22,17397.5,183.32,94.9,1.932,False,,True,R-desk,29,evt_S-61_desk_work_surface_0006,56160f94226673d2,lap_bag_context,no_pose_observation,34560.0,1.33,,1,cam12/e1/v1,
corpus_03,03.CCTV Mobile Usage.mkv,632de9ed55947761d56d4c6142a3cb1a1fe69d0b1a6d0e01a2e404c697962623,dfine_sahi,125300.0,mouse,0.2936,990.89,400.7,1028.49,413.6,484.7,37.6,12.89,2.916,False,,True,R-desk,29,evt_S-61_desk_work_surface_0006,56160f94226673d2,lap_bag_context,no_pose_observation,34560.0,1.33,,1,cam12/e1/v1,
corpus_03,03.CCTV Mobile Usage.mkv,632de9ed55947761d56d4c6142a3cb1a1fe69d0b1a6d0e01a2e404c697962623,dfine_sahi,125300.0,keyboard,0.288,965.18,395.24,1105.23,475.11,11185.4,140.05,79.86,1.754,False,,True,R-desk,29,evt_S-61_desk_work_surface_0006,56160f94226673d2,lap_bag_context,no_pose_observation,34560.0,1.33,,1,cam12/e1/v1,
corpus_03,03.CCTV Mobile Usage.mkv,632de9ed55947761d56d4c6142a3cb1a1fe69d0b1a6d0e01a2e404c697962623,dfine_sahi,125300.0,monitor_or_bezel,0.2852,881.18,396.15,948.82,452.69,3824.7,67.64,56.54,1.196,False,,True,R-desk,29,evt_S-61_desk_work_surface_0006,56160f94226673d2,lap_bag_context,no_pose_observation,34560.0,1.33,,1,cam12/e1/v1,
corpus_03,03.CCTV Mobile Usage.mkv,632de9ed55947761d56d4c6142a3cb1a1fe69d0b1a6d0e01a2e404c697962623,dfine_sahi,125300.0,unknown_object,0.2821,880.19,411.2,969.89,505.63,8469.9,89.7,94.43,0.95,False,,True,R-desk,29,evt_S-61_desk_work_surface_0006,56160f94226673d2,lap_bag_context,no_pose_observation,34560.0,1.33,,1,cam12/e1/v1,
corpus_03,03.CCTV Mobile Usage.mkv,632de9ed55947761d56d4c6142a3cb1a1fe69d0b1a6d0e01a2e404c697962623,dfine_sahi,125300.0,keyboard,0.2635,881.91,380.23,965.82,452.95,6102.3,83.91,72.73,1.154,False,,True,R-desk,29,evt_S-61_desk_work_surface_0006,56160f94226673d2,lap_bag_context,no_pose_observation,34560.0,1.33,,1,cam12/e1/v1,
corpus_03,03.CCTV Mobile Usage.mkv,632de9ed55947761d56d4c6142a3cb1a1fe69d0b1a6d0e01a2e404c697962623,dfine_sahi,125300.0,monitor_or_bezel,0.2604,733.93,395.32,1146.2,491.03,39458.6,412.27,95.71,4.307,False,,True,R-desk,29,evt_S-61_desk_work_surface_0006,56160f94226673d2,lap_bag_context,no_pose_observation,34560.0,1.33,,1,cam12/e1/v1,
corpus_03,03.CCTV Mobile Usage.mkv,632de9ed55947761d56d4c6142a3cb1a1fe69d0b1a6d0e01a2e404c697962623,dfine_sahi,125300.0,unknown_object,0.5929,61.34,436.56,177.28,505.14,7951.1,115.94,68.58,1.691,False,,True,S-61,28,evt_S-61_desk_work_surface_0006,a8821403c5f877ef,pose_hand_context,,45169.0,2.92,,1,cam12/e1/v1,rtmpose_baseline
corpus_03,03.CCTV Mobile Usage.mkv,632de9ed55947761d56d4c6142a3cb1a1fe69d0b1a6d0e01a2e404c697962623,dfine_sahi,125300.0,unknown_object,0.5296,-0.21,331.14,114.95,454.45,14200.1,115.16,123.31,0.934,False,,True,S-61,28,evt_S-61_desk_work_surface_0006,a8821403c5f877ef,pose_hand_context,,45169.0,2.92,,1,cam12/e1/v1,rtmpose_baseline
corpus_03,03.CCTV Mobile Usage.mkv,632de9ed55947761d56d4c6142a3cb1a1fe69d0b1a6d0e01a2e404c697962623,dfine_sahi,125300.0,unknown_object,0.5149,89.98,427.34,205.05,550.53,14176.3,115.08,123.19,0.934,False,,True,S-61,28,evt_S-61_desk_work_surface_0006,a8821403c5f877ef,pose_hand_context,,45169.0,2.92,,1,cam12/e1/v1,rtmpose_baseline
corpus_03,03.CCTV Mobile Usage.mkv,632de9ed55947761d56d4c6142a3cb1a1fe69d0b1a6d0e01a2e404c697962623,dfine_sahi,125300.0,unknown_object,0.4755,89.97,365.7,205.08,454.49,10222.0,115.12,88.8,1.296,False,,True,S-61,28,evt_S-61_desk_work_surface_0006,a8821403c5f877ef,pose_hand_context,,45169.0,2.92,,1,cam12/e1/v1,rtmpose_baseline
corpus_03,03.CCTV Mobile Usage.mkv,632de9ed55947761d56d4c6142a3cb1a1fe69d0b1a6d0e01a2e404c697962623,dfine_sahi,125300.0,unknown_object,0.4693,111.42,436.95,176.61,483.4,3028.3,65.19,46.45,1.404,False,,True,S-61,28,evt_S-61_desk_work_surface_0006,a8821403c5f877ef,pose_hand_context,,45169.0,2.92,,1,cam12/e1/v1,rtmpose_baseline
corpus_03,03.CCTV Mobile Usage.mkv,632de9ed55947761d56d4c6142a3cb1a1fe69d0b1a6d0e01a2e404c697962623,dfine_sahi,125300.0,monitor_or_bezel,0.4447,-0.41,493.96,179.68,550.74,10225.9,180.1,56.78,3.172,False,,True,S-61,28,evt_S-61_desk_work_surface_0006,a8821403c5f877ef,pose_hand_context,,45169.0,2.92,,1,cam12/e1/v1,rtmpose_baseline
corpus_03,03.CCTV Mobile Usage.mkv,632de9ed55947761d56d4c6142a3cb1a1fe69d0b1a6d0e01a2e404c697962623,dfine_sahi,125300.0,unknown_object,0.4446,89.97,451.65,143.4,504.19,2807.5,53.43,52.54,1.017,False,,True,S-61,28,evt_S-61_desk_work_surface_0006,a8821403c5f877ef,pose_hand_context,,45169.0,2.92,,1,cam12/e1/v1,rtmpose_baseline
corpus_03,03.CCTV Mobile Usage.mkv,632de9ed55947761d56d4c6142a3cb1a1fe69d0b1a6d0e01a2e404c697962623,dfine_sahi,125300.0,phone,0.3527,43.31,450.62,69.48,472.17,563.9,26.16,21.56,1.214,False,,True,S-61,28,evt_S-61_desk_work_surface_0006,a8821403c5f877ef,pose_hand_context,,45169.0,2.92,,1,cam12/e1/v1,rtmpose_baseline
corpus_03,03.CCTV Mobile Usage.mkv,632de9ed55947761d56d4c6142a3cb1a1fe69d0b1a6d0e01a2e404c697962623,dfine_sahi,125300.0,unknown_object,0.3008,-0.22,331.24,203.84,550.24,44688.0,204.06,219.0,0.932,False,,True,S-61,28,evt_S-61_desk_work_surface_0006,a8821403c5f877ef,pose_hand_context,,45169.0,2.92,,1,cam12/e1/v1,rtmpose_baseline
corpus_03,03.CCTV Mobile Usage.mkv,632de9ed55947761d56d4c6142a3cb1a1fe69d0b1a6d0e01a2e404c697962623,dfine_sahi,125300.0,unknown_object,0.2847,134.61,492.26,178.15,522.01,1295.4,43.54,29.75,1.464,False,,True,S-61,28,evt_S-61_desk_work_surface_0006,a8821403c5f877ef,pose_hand_context,,45169.0,2.92,,1,cam12/e1/v1,rtmpose_baseline
corpus_03,03.CCTV Mobile Usage.mkv,632de9ed55947761d56d4c6142a3cb1a1fe69d0b1a6d0e01a2e404c697962623,dfine_sahi,125300.0,unknown_object,0.2749,46.66,509.75,85.33,550.88,1590.8,38.67,41.13,0.94,False,,True,S-61,28,evt_S-61_desk_work_surface_0006,a8821403c5f877ef,pose_hand_context,,45169.0,2.92,,1,cam12/e1/v1,rtmpose_baseline
corpus_03,03.CCTV Mobile Usage.mkv,632de9ed55947761d56d4c6142a3cb1a1fe69d0b1a6d0e01a2e404c697962623,dfine_sahi,125300.0,unknown_object,0.2722,157.09,431.49,200.42,481.56,2169.7,43.33,50.07,0.865,False,,True,S-61,28,evt_S-61_desk_work_surface_0006,a8821403c5f877ef,pose_hand_context,,45169.0,2.92,,1,cam12/e1/v1,rtmpose_baseline
corpus_03,03.CCTV Mobile Usage.mkv,632de9ed55947761d56d4c6142a3cb1a1fe69d0b1a6d0e01a2e404c697962623,dfine_sahi,125300.0,unknown_object,0.2671,60.97,450.04,115.01,504.87,2963.0,54.04,54.83,0.986,False,,True,S-61,28,evt_S-61_desk_work_surface_0006,a8821403c5f877ef,pose_hand_context,,45169.0,2.92,,1,cam12/e1/v1,rtmpose_baseline
corpus_03,03.CCTV Mobile Usage.mkv,632de9ed55947761d56d4c6142a3cb1a1fe69d0b1a6d0e01a2e404c697962623,dfine_sahi,125300.0,unknown_object,0.2648,37.59,422.9,115.01,454.87,2475.2,77.42,31.97,2.422,False,,True,S-61,28,evt_S-61_desk_work_surface_0006,a8821403c5f877ef,pose_hand_context,,45169.0,2.92,,1,cam12/e1/v1,rtmpose_baseline
corpus_03,03.CCTV Mobile Usage.mkv,632de9ed55947761d56d4c6142a3cb1a1fe69d0b1a6d0e01a2e404c697962623,dfine_sahi,125300.0,unknown_object,0.2618,90.02,427.06,194.35,455.6,2977.5,104.33,28.54,3.656,False,,True,S-61,28,evt_S-61_desk_work_surface_0006,a8821403c5f877ef,pose_hand_context,,45169.0,2.92,,1,cam12/e1/v1,rtmpose_baseline
corpus_03,03.CCTV Mobile Usage.mkv,632de9ed55947761d56d4c6142a3cb1a1fe69d0b1a6d0e01a2e404c697962623,dfine_sahi,125300.0,unknown_object,0.2566,25.85,331.08,130.28,385.38,5670.6,104.43,54.3,1.923,False,,True,S-61,28,evt_S-61_desk_work_surface_0006,a8821403c5f877ef,pose_hand_context,,45169.0,2.92,,1,cam12/e1/v1,rtmpose_baseline
corpus_03,03.CCTV Mobile Usage.mkv,632de9ed55947761d56d4c6142a3cb1a1fe69d0b1a6d0e01a2e404c697962623,dfine_sahi,125867.0,keyboard,0.9148,962.13,451.95,1067.82,491.38,4167.3,105.69,39.43,2.68,False,,True,R-desk,30,evt_S-61_upper_body_0021,068495c9888cf8db,lap_bag_context,no_pose_observation,34560.0,1.33,,1,cam12/e1/v1,
corpus_03,03.CCTV Mobile Usage.mkv,632de9ed55947761d56d4c6142a3cb1a1fe69d0b1a6d0e01a2e404c697962623,dfine_sahi,125867.0,phone,0.7634,1043.38,421.64,1111.82,473.59,3555.5,68.44,51.95,1.317,False,,True,R-desk,30,evt_S-61_upper_body_0021,068495c9888cf8db,lap_bag_context,no_pose_observation,34560.0,1.33,,1,cam12/e1/v1,
corpus_03,03.CCTV Mobile Usage.mkv,632de9ed55947761d56d4c6142a3cb1a1fe69d0b1a6d0e01a2e404c697962623,dfine_sahi,125867.0,monitor_or_bezel,0.7018,1019.11,395.69,1145.64,447.96,6613.5,126.52,52.27,2.42,False,,True,R-desk,30,evt_S-61_upper_body_0021,068495c9888cf8db,lap_bag_context,no_pose_observation,34560.0,1.33,,1,cam12/e1/v1,
corpus_03,03.CCTV Mobile Usage.mkv,632de9ed55947761d56d4c6142a3cb1a1fe69d0b1a6d0e01a2e404c697962623,dfine_sahi,125867.0,mouse,0.6918,865.01,413.62,891.48,435.39,576.3,26.47,21.77,1.216,False,,True,R-desk,30,evt_S-61_upper_body_0021,068495c9888cf8db,lap_bag_context,no_pose_observation,34560.0,1.33,,1,cam12/e1/v1,
corpus_03,03.CCTV Mobile Usage.mkv,632de9ed55947761d56d4c6142a3cb1a1fe69d0b1a6d0e01a2e404c697962623,dfine_sahi,125867.0,unknown_object,0.6797,699.88,396.18,845.07,492.22,13943.9,145.19,96.04,1.512,False,,True,R-desk,30,evt_S-61_upper_body_0021,068495c9888cf8db,lap_bag_context,no_pose_observation,34560.0,1.33,,1,cam12/e1/v1,
corpus_03,03.CCTV Mobile Usage.mkv,632de9ed55947761d56d4c6142a3cb1a1fe69d0b1a6d0e01a2e404c697962623,dfine_sahi,125867.0,keyboard,0.6619,772.22,380.18,870.56,420.34,3949.3,98.34,40.16,2.449,False,,True,R-desk,30,evt_S-61_upper_body_0021,068495c9888cf8db,lap_bag_context,no_pose_observation,34560.0,1.33,,1,cam12/e1/v1,
corpus_03,03.CCTV Mobile Usage.mkv,632de9ed55947761d56d4c6142a3cb1a1fe69d0b1a6d0e01a2e404c697962623,dfine_sahi,125867.0,monitor_or_bezel,0.656,709.23,379.89,969.65,474.81,24719.0,260.42,94.92,2.744,False,,True,R-desk,30,evt_S-61_upper_body_0021,068495c9888cf8db,lap_bag_context,no_pose_observation,34560.0,1.33,,1,cam12/e1/v1,
corpus_03,03.CCTV Mobile Usage.mkv,632de9ed55947761d56d4c6142a3cb1a1fe69d0b1a6d0e01a2e404c697962623,dfine_sahi,125867.0,monitor_or_bezel,0.6056,963.47,380.48,1152.86,474.87,17876.2,189.39,94.39,2.006,False,,True,R-desk,30,evt_S-61_upper_body_0021,068495c9888cf8db,lap_bag_context,no_pose_observation,34560.0,1.33,,1,cam12/e1/v1,
corpus_03,03.CCTV Mobile Usage.mkv,632de9ed55947761d56d4c6142a3cb1a1fe69d0b1a6d0e01a2e404c697962623,dfine_sahi,125867.0,keyboard,0.5922,963.03,452.33,1034.78,475.56,1666.7,71.74,23.23,3.088,False,,True,R-desk,30,evt_S-61_upper_body_0021,068495c9888cf8db,lap_bag_context,no_pose_observation,34560.0,1.33,,1,cam12/e1/v1,
corpus_03,03.CCTV Mobile Usage.mkv,632de9ed55947761d56d4c6142a3cb1a1fe69d0b1a6d0e01a2e404c697962623,dfine_sahi,125867.0,monitor_or_bezel,0.5916,910.18,411.19,1141.96,506.37,22059.4,231.78,95.17,2.435,False,,True,R-desk,30,evt_S-61_upper_body_0021,068495c9888cf8db,lap_bag_context,no_pose_observation,34560.0,1.33,,1,cam12/e1/v1,
corpus_03,03.CCTV Mobile Usage.mkv,632de9ed55947761d56d4c6142a3cb1a1fe69d0b1a6d0e01a2e404c697962623,dfine_sahi,125867.0,keyboard,0.5677,802.2,396.27,870.51,420.72,1670.5,68.31,24.45,2.794,False,,True,R-desk,30,evt_S-61_upper_body_0021,068495c9888cf8db,lap_bag_context,no_pose_observation,34560.0,1.33,,1,cam12/e1/v1,
corpus_03,03.CCTV Mobile Usage.mkv,632de9ed55947761d56d4c6142a3cb1a1fe69d0b1a6d0e01a2e404c697962623,dfine_sahi,125867.0,unknown_object,0.4603,699.99,380.54,759.05,475.06,5582.7,59.06,94.52,0.625,False,,True,R-desk,30,evt_S-61_upper_body_0021,068495c9888cf8db,lap_bag_context,no_pose_observation,34560.0,1.33,,1,cam12/e1/v1,
corpus_03,03.CCTV Mobile Usage.mkv,632de9ed55947761d56d4c6142a3cb1a1fe69d0b1a6d0e01a2e404c697962623,dfine_sahi,125867.0,unknown_object,0.356,881.72,411.13,969.71,453.35,3714.2,87.99,42.21,2.085,False,,True,R-desk,30,evt_S-61_upper_body_0021,068495c9888cf8db,lap_bag_context,no_pose_observation,34560.0,1.33,,1,cam12/e1/v1,
corpus_03,03.CCTV Mobile Usage.mkv,632de9ed55947761d56d4c6142a3cb1a1fe69d0b1a6d0e01a2e404c697962623,dfine_sahi,125867.0,unknown_object,0.345,749.31,411.47,873.72,505.52,11702.5,124.42,94.06,1.323,False,,True,R-desk,30,evt_S-61_upper_body_0021,068495c9888cf8db,lap_bag_context,no_pose_observation,34560.0,1.33,,1,cam12/e1/v1,
corpus_03,03.CCTV Mobile Usage.mkv,632de9ed55947761d56d4c6142a3cb1a1fe69d0b1a6d0e01a2e404c697962623,dfine_sahi,125867.0,mouse,0.3219,967.02,398.39,991.9,410.65,305.1,24.88,12.26,2.029,False,,True,R-desk,30,evt_S-61_upper_body_0021,068495c9888cf8db,lap_bag_context,no_pose_observation,34560.0,1.33,,1,cam12/e1/v1,
corpus_03,03.CCTV Mobile Usage.mkv,632de9ed55947761d56d4c6142a3cb1a1fe69d0b1a6d0e01a2e404c697962623,dfine_sahi,125867.0,mouse,0.3007,990.78,399.56,1026.89,413.44,501.2,36.11,13.88,2.602,False,,True,R-desk,30,evt_S-61_upper_body_0021,068495c9888cf8db,lap_bag_context,no_pose_observation,34560.0,1.33,,1,cam12/e1/v1,
corpus_03,03.CCTV Mobile Usage.mkv,632de9ed55947761d56d4c6142a3cb1a1fe69d0b1a6d0e01a2e404c697962623,dfine_sahi,125867.0,unknown_object,0.297,874.05,411.39,969.89,505.77,9045.2,95.84,94.38,1.015,False,,True,R-desk,30,evt_S-61_upper_body_0021,068495c9888cf8db,lap_bag_context,no_pose_observation,34560.0,1.33,,1,cam12/e1/v1,
corpus_03,03.CCTV Mobile Usage.mkv,632de9ed55947761d56d4c6142a3cb1a1fe69d0b1a6d0e01a2e404c697962623,dfine_sahi,125867.0,keyboard,0.2904,965.5,396.43,1098.79,474.87,10454.9,133.29,78.44,1.699,False,,True,R-desk,30,evt_S-61_upper_body_0021,068495c9888cf8db,lap_bag_context,no_pose_observation,34560.0,1.33,,1,cam12/e1/v1,
corpus_03,03.CCTV Mobile Usage.mkv,632de9ed55947761d56d4c6142a3cb1a1fe69d0b1a6d0e01a2e404c697962623,dfine_sahi,125867.0,monitor_or_bezel,0.2538,881.44,396.18,948.7,452.71,3802.0,67.26,56.53,1.19,False,,True,R-desk,30,evt_S-61_upper_body_0021,068495c9888cf8db,lap_bag_context,no_pose_observation,34560.0,1.33,,1,cam12/e1/v1,
corpus_03,03.CCTV Mobile Usage.mkv,632de9ed55947761d56d4c6142a3cb1a1fe69d0b1a6d0e01a2e404c697962623,dfine_sahi,125867.0,unknown_object,0.6536,38.14,429.24,105.94,473.12,2975.8,67.81,43.89,1.545,False,,True,S-61,28,evt_S-61_upper_body_0021,ff5261592f0db36e,pose_hand_context,,28331.6,3.8,,1,cam12/e1/v1,rtmpose_baseline
corpus_03,03.CCTV Mobile Usage.mkv,632de9ed55947761d56d4c6142a3cb1a1fe69d0b1a6d0e01a2e404c697962623,dfine_sahi,125867.0,unknown_object,0.5529,84.07,435.27,179.35,524.28,8481.1,95.28,89.01,1.07,False,,True,S-61,28,evt_S-61_upper_body_0021,ff5261592f0db36e,pose_hand_context,,28331.6,3.8,,1,cam12/e1/v1,rtmpose_baseline
corpus_03,03.CCTV Mobile Usage.mkv,632de9ed55947761d56d4c6142a3cb1a1fe69d0b1a6d0e01a2e404c697962623,dfine_sahi,125867.0,unknown_object,0.463,110.82,436.73,172.0,483.86,2883.9,61.19,47.13,1.298,False,,True,S-61,28,evt_S-61_upper_body_0021,ff5261592f0db36e,pose_hand_context,,28331.6,3.8,,1,cam12/e1/v1,rtmpose_baseline
corpus_03,03.CCTV Mobile Usage.mkv,632de9ed55947761d56d4c6142a3cb1a1fe69d0b1a6d0e01a2e404c697962623,dfine_sahi,125867.0,unknown_object,0.4249,10.36,479.69,24.98,493.55,202.7,14.63,13.86,1.055,False,,True,S-61,28,evt_S-61_upper_body_0021,ff5261592f0db36e,pose_hand_context,,28331.6,3.8,,1,cam12/e1/v1,rtmpose_baseline
corpus_03,03.CCTV Mobile Usage.mkv,632de9ed55947761d56d4c6142a3cb1a1fe69d0b1a6d0e01a2e404c697962623,dfine_sahi,125867.0,unknown_object,0.3871,84.26,388.24,169.38,451.29,5365.9,85.12,63.04,1.35,False,,True,S-61,28,evt_S-61_upper_body_0021,ff5261592f0db36e,pose_hand_context,,28331.6,3.8,,1,cam12/e1/v1,rtmpose_baseline
corpus_03,03.CCTV Mobile Usage.mkv,632de9ed55947761d56d4c6142a3cb1a1fe69d0b1a6d0e01a2e404c697962623,dfine_sahi,125867.0,unknown_object,0.3869,117.35,476.56,178.21,520.38,2667.4,60.86,43.83,1.389,False,,True,S-61,28,evt_S-61_upper_body_0021,ff5261592f0db36e,pose_hand_context,,28331.6,3.8,,1,cam12/e1/v1,rtmpose_baseline
corpus_03,03.CCTV Mobile Usage.mkv,632de9ed55947761d56d4c6142a3cb1a1fe69d0b1a6d0e01a2e404c697962623,dfine_sahi,125867.0,unknown_object,0.3806,42.54,500.13,105.97,524.93,1572.7,63.42,24.8,2.558,False,,True,S-61,28,evt_S-61_upper_body_0021,ff5261592f0db36e,pose_hand_context,,28331.6,3.8,,1,cam12/e1/v1,rtmpose_baseline
corpus_03,03.CCTV Mobile Usage.mkv,632de9ed55947761d56d4c6142a3cb1a1fe69d0b1a6d0e01a2e404c697962623,dfine_sahi,125867.0,unknown_object,0.3178,62.39,449.31,145.12,503.8,4507.9,82.72,54.49,1.518,False,,True,S-61,28,evt_S-61_upper_body_0021,ff5261592f0db36e,pose_hand_context,,28331.6,3.8,,1,cam12/e1/v1,rtmpose_baseline
corpus_03,03.CCTV Mobile Usage.mkv,632de9ed55947761d56d4c6142a3cb1a1fe69d0b1a6d0e01a2e404c697962623,dfine_sahi,125867.0,unknown_object,0.3142,135.4,493.13,177.42,521.68,1199.9,42.03,28.55,1.472,False,,True,S-61,28,evt_S-61_upper_body_0021,ff5261592f0db36e,pose_hand_context,,28331.6,3.8,,1,cam12/e1/v1,rtmpose_baseline
corpus_03,03.CCTV Mobile Usage.mkv,632de9ed55947761d56d4c6142a3cb1a1fe69d0b1a6d0e01a2e404c697962623,dfine_sahi,125867.0,unknown_object,0.3104,84.07,429.04,170.21,461.77,2819.5,86.14,32.73,2.632,False,,True,S-61,28,evt_S-61_upper_body_0021,ff5261592f0db36e,pose_hand_context,,28331.6,3.8,,1,cam12/e1/v1,rtmpose_baseline
corpus_03,03.CCTV Mobile Usage.mkv,632de9ed55947761d56d4c6142a3cb1a1fe69d0b1a6d0e01a2e404c697962623,dfine_sahi,125867.0,unknown_object,0.2881,105.53,436.54,154.16,451.94,749.0,48.64,15.4,3.158,False,,True,S-61,28,evt_S-61_upper_body_0021,ff5261592f0db36e,pose_hand_context,,28331.6,3.8,,1,cam12/e1/v1,rtmpose_baseline
corpus_03,03.CCTV Mobile Usage.mkv,632de9ed55947761d56d4c6142a3cb1a1fe69d0b1a6d0e01a2e404c697962623,dfine_sahi,125867.0,unknown_object,0.2653,42.29,449.81,70.45,472.65,643.1,28.16,22.84,1.233,False,,True,S-61,28,evt_S-61_upper_body_0021,ff5261592f0db36e,pose_hand_context,,28331.6,3.8,,1,cam12/e1/v1,rtmpose_baseline
corpus_03,03.CCTV Mobile Usage.mkv,632de9ed55947761d56d4c6142a3cb1a1fe69d0b1a6d0e01a2e404c697962623,dfine_sahi,126300.0,unknown_object,0.7092,87.88,334.18,200.88,453.43,13475.3,113.0,119.26,0.948,False,,True,S-61,28,evt_S-61_desk_work_surface_0006,55b72420f494d8ab,pose_hand_context,,42862.7,3.01,,1,cam12/e1/v1,rtmpose_baseline
corpus_03,03.CCTV Mobile Usage.mkv,632de9ed55947761d56d4c6142a3cb1a1fe69d0b1a6d0e01a2e404c697962623,dfine_sahi,126300.0,unknown_object,0.5907,37.49,427.13,112.95,473.5,3499.6,75.46,46.38,1.627,False,,True,S-61,28,evt_S-61_desk_work_surface_0006,55b72420f494d8ab,pose_hand_context,,42862.7,3.01,,1,cam12/e1/v1,rtmpose_baseline
corpus_03,03.CCTV Mobile Usage.mkv,632de9ed55947761d56d4c6142a3cb1a1fe69d0b1a6d0e01a2e404c697962623,dfine_sahi,126300.0,unknown_object,0.5408,-0.25,334.13,112.98,453.46,13510.4,113.22,119.32,0.949,False,,True,S-61,28,evt_S-61_desk_work_surface_0006,55b72420f494d8ab,pose_hand_context,,42862.7,3.01,,1,cam12/e1/v1,rtmpose_baseline
corpus_03,03.CCTV Mobile Usage.mkv,632de9ed55947761d56d4c6142a3cb1a1fe69d0b1a6d0e01a2e404c697962623,dfine_sahi,126300.0,unknown_object,0.5362,87.84,436.32,180.74,505.65,6441.1,92.9,69.34,1.34,False,,True,S-61,28,evt_S-61_desk_work_surface_0006,55b72420f494d8ab,pose_hand_context,,42862.7,3.01,,1,cam12/e1/v1,rtmpose_baseline
corpus_03,03.CCTV Mobile Usage.mkv,632de9ed55947761d56d4c6142a3cb1a1fe69d0b1a6d0e01a2e404c697962623,dfine_sahi,126300.0,stationery,0.4137,47.26,510.03,86.19,547.0,1439.1,38.93,36.97,1.053,False,,True,S-61,28,evt_S-61_desk_work_surface_0006,55b72420f494d8ab,pose_hand_context,,42862.7,3.01,,1,cam12/e1/v1,rtmpose_baseline
corpus_03,03.CCTV Mobile Usage.mkv,632de9ed55947761d56d4c6142a3cb1a1fe69d0b1a6d0e01a2e404c697962623,dfine_sahi,126300.0,unknown_object,0.3614,142.68,494.49,176.87,522.78,967.6,34.19,28.3,1.208,False,,True,S-61,28,evt_S-61_desk_work_surface_0006,55b72420f494d8ab,pose_hand_context,,42862.7,3.01,,1,cam12/e1/v1,rtmpose_baseline
corpus_03,03.CCTV Mobile Usage.mkv,632de9ed55947761d56d4c6142a3cb1a1fe69d0b1a6d0e01a2e404c697962623,dfine_sahi,126300.0,unknown_object,0.3231,87.94,427.05,179.89,455.52,2618.0,91.95,28.47,3.229,False,,True,S-61,28,evt_S-61_desk_work_surface_0006,55b72420f494d8ab,pose_hand_context,,42862.7,3.01,,1,cam12/e1/v1,rtmpose_baseline
corpus_03,03.CCTV Mobile Usage.mkv,632de9ed55947761d56d4c6142a3cb1a1fe69d0b1a6d0e01a2e404c697962623,dfine_sahi,126300.0,stationery,0.317,118.77,477.3,181.98,519.36,2658.6,63.21,42.06,1.503,False,,True,S-61,28,evt_S-61_desk_work_surface_0006,55b72420f494d8ab,pose_hand_context,,42862.7,3.01,,1,cam12/e1/v1,rtmpose_baseline
corpus_03,03.CCTV Mobile Usage.mkv,632de9ed55947761d56d4c6142a3cb1a1fe69d0b1a6d0e01a2e404c697962623,dfine_sahi,126300.0,unknown_object,0.3133,7.6,479.56,25.43,494.86,272.8,17.83,15.3,1.166,False,,True,S-61,28,evt_S-61_desk_work_surface_0006,55b72420f494d8ab,pose_hand_context,,42862.7,3.01,,1,cam12/e1/v1,rtmpose_baseline
corpus_03,03.CCTV Mobile Usage.mkv,632de9ed55947761d56d4c6142a3cb1a1fe69d0b1a6d0e01a2e404c697962623,dfine_sahi,126300.0,unknown_object,0.312,62.53,451.24,113.02,504.0,2663.9,50.49,52.76,0.957,False,,True,S-61,28,evt_S-61_desk_work_surface_0006,55b72420f494d8ab,pose_hand_context,,42862.7,3.01,,1,cam12/e1/v1,rtmpose_baseline
corpus_03,03.CCTV Mobile Usage.mkv,632de9ed55947761d56d4c6142a3cb1a1fe69d0b1a6d0e01a2e404c697962623,dfine_sahi,126300.0,unknown_object,0.2676,86.5,450.93,145.43,501.14,2959.1,58.93,50.21,1.174,False,,True,S-61,28,evt_S-61_desk_work_surface_0006,55b72420f494d8ab,pose_hand_context,,42862.7,3.01,,1,cam12/e1/v1,rtmpose_baseline
corpus_03,03.CCTV Mobile Usage.mkv,632de9ed55947761d56d4c6142a3cb1a1fe69d0b1a6d0e01a2e404c697962623,dfine_sahi,126300.0,unknown_object,0.2616,117.77,478.17,182.12,522.57,2857.6,64.36,44.4,1.449,False,,True,S-61,28,evt_S-61_desk_work_surface_0006,55b72420f494d8ab,pose_hand_context,,42862.7,3.01,,1,cam12/e1/v1,rtmpose_baseline
corpus_03,03.CCTV Mobile Usage.mkv,632de9ed55947761d56d4c6142a3cb1a1fe69d0b1a6d0e01a2e404c697962623,dfine_sahi,126300.0,keyboard,0.2589,-0.2,441.7,65.91,505.52,4218.4,66.1,63.82,1.036,False,,True,S-61,28,evt_S-61_desk_work_surface_0006,55b72420f494d8ab,pose_hand_context,,42862.7,3.01,,1,cam12/e1/v1,rtmpose_baseline
corpus_03,03.CCTV Mobile Usage.mkv,632de9ed55947761d56d4c6142a3cb1a1fe69d0b1a6d0e01a2e404c697962623,dfine_sahi,126300.0,unknown_object,0.2569,114.52,334.19,201.16,400.46,5741.7,86.63,66.27,1.307,False,,True,S-61,28,evt_S-61_desk_work_surface_0006,55b72420f494d8ab,pose_hand_context,,42862.7,3.01,,1,cam12/e1/v1,rtmpose_baseline
corpus_03,03.CCTV Mobile Usage.mkv,632de9ed55947761d56d4c6142a3cb1a1fe69d0b1a6d0e01a2e404c697962623,dfine_sahi,126867.0,unknown_object,0.6606,86.84,335.24,198.85,453.59,13256.8,112.01,118.36,0.946,False,,True,S-61,28,evt_S-61_upper_body_0021,7e8e37e8407f1cc8,pose_hand_context,,42135.7,3.02,,1,cam12/e1/v1,rtmpose_baseline
corpus_03,03.CCTV Mobile Usage.mkv,632de9ed55947761d56d4c6142a3cb1a1fe69d0b1a6d0e01a2e404c697962623,dfine_sahi,126867.0,unknown_object,0.575,61.96,437.05,177.75,504.82,7847.0,115.79,67.77,1.709,False,,True,S-61,28,evt_S-61_upper_body_0021,7e8e37e8407f1cc8,pose_hand_context,,42135.7,3.02,,1,cam12/e1/v1,rtmpose_baseline
corpus_03,03.CCTV Mobile Usage.mkv,632de9ed55947761d56d4c6142a3cb1a1fe69d0b1a6d0e01a2e404c697962623,dfine_sahi,126867.0,unknown_object,0.5376,38.33,428.25,110.93,473.4,3278.4,72.61,45.15,1.608,False,,True,S-61,28,evt_S-61_upper_body_0021,7e8e37e8407f1cc8,pose_hand_context,,42135.7,3.02,,1,cam12/e1/v1,rtmpose_baseline
corpus_03,03.CCTV Mobile Usage.mkv,632de9ed55947761d56d4c6142a3cb1a1fe69d0b1a6d0e01a2e404c697962623,dfine_sahi,126867.0,unknown_object,0.5196,-0.18,335.14,110.9,453.48,13145.4,111.09,118.33,0.939,False,,True,S-61,28,evt_S-61_upper_body_0021,7e8e37e8407f1cc8,pose_hand_context,,42135.7,3.02,,1,cam12/e1/v1,rtmpose_baseline
corpus_03,03.CCTV Mobile Usage.mkv,632de9ed55947761d56d4c6142a3cb1a1fe69d0b1a6d0e01a2e404c697962623,dfine_sahi,126867.0,unknown_object,0.5152,111.29,436.95,176.92,485.69,3198.7,65.63,48.74,1.347,False,,True,S-61,28,evt_S-61_upper_body_0021,7e8e37e8407f1cc8,pose_hand_context,,42135.7,3.02,,1,cam12/e1/v1,rtmpose_baseline
corpus_03,03.CCTV Mobile Usage.mkv,632de9ed55947761d56d4c6142a3cb1a1fe69d0b1a6d0e01a2e404c697962623,dfine_sahi,126867.0,unknown_object,0.4406,141.17,493.99,177.29,522.7,1037.1,36.12,28.71,1.258,False,,True,S-61,28,evt_S-61_upper_body_0021,7e8e37e8407f1cc8,pose_hand_context,,42135.7,3.02,,1,cam12/e1/v1,rtmpose_baseline
corpus_03,03.CCTV Mobile Usage.mkv,632de9ed55947761d56d4c6142a3cb1a1fe69d0b1a6d0e01a2e404c697962623,dfine_sahi,126867.0,unknown_object,0.423,87.1,452.18,144.1,504.12,2960.5,57.0,51.94,1.097,False,,True,S-61,28,evt_S-61_upper_body_0021,7e8e37e8407f1cc8,pose_hand_context,,42135.7,3.02,,1,cam12/e1/v1,rtmpose_baseline
corpus_03,03.CCTV Mobile Usage.mkv,632de9ed55947761d56d4c6142a3cb1a1fe69d0b1a6d0e01a2e404c697962623,dfine_sahi,126867.0,unknown_object,0.4038,86.9,428.31,197.71,546.67,13116.0,110.82,118.36,0.936,False,,True,S-61,28,evt_S-61_upper_body_0021,7e8e37e8407f1cc8,pose_hand_context,,42135.7,3.02,,1,cam12/e1/v1,rtmpose_baseline
corpus_03,03.CCTV Mobile Usage.mkv,632de9ed55947761d56d4c6142a3cb1a1fe69d0b1a6d0e01a2e404c697962623,dfine_sahi,126867.0,stationery,0.4015,47.19,510.25,85.51,547.03,1409.5,38.33,36.78,1.042,False,,True,S-61,28,evt_S-61_upper_body_0021,7e8e37e8407f1cc8,pose_hand_context,,42135.7,3.02,,1,cam12/e1/v1,rtmpose_baseline
corpus_03,03.CCTV Mobile Usage.mkv,632de9ed55947761d56d4c6142a3cb1a1fe69d0b1a6d0e01a2e404c697962623,dfine_sahi,126867.0,unknown_object,0.3719,118.26,478.06,181.3,521.81,2758.1,63.04,43.75,1.441,False,,True,S-61,28,evt_S-61_upper_body_0021,7e8e37e8407f1cc8,pose_hand_context,,42135.7,3.02,,1,cam12/e1/v1,rtmpose_baseline
corpus_03,03.CCTV Mobile Usage.mkv,632de9ed55947761d56d4c6142a3cb1a1fe69d0b1a6d0e01a2e404c697962623,dfine_sahi,126867.0,unknown_object,0.3515,114.17,335.18,172.63,401.67,3886.9,58.46,66.49,0.879,False,,True,S-61,28,evt_S-61_upper_body_0021,7e8e37e8407f1cc8,pose_hand_context,,42135.7,3.02,,1,cam12/e1/v1,rtmpose_baseline
corpus_03,03.CCTV Mobile Usage.mkv,632de9ed55947761d56d4c6142a3cb1a1fe69d0b1a6d0e01a2e404c697962623,dfine_sahi,126867.0,unknown_object,0.3376,86.98,428.03,184.12,456.93,2807.3,97.14,28.9,3.361,False,,True,S-61,28,evt_S-61_upper_body_0021,7e8e37e8407f1cc8,pose_hand_context,,42135.7,3.02,,1,cam12/e1/v1,rtmpose_baseline
corpus_03,03.CCTV Mobile Usage.mkv,632de9ed55947761d56d4c6142a3cb1a1fe69d0b1a6d0e01a2e404c697962623,dfine_sahi,126867.0,phone,0.3178,42.01,450.34,69.2,472.44,600.7,27.19,22.09,1.231,False,,True,S-61,28,evt_S-61_upper_body_0021,7e8e37e8407f1cc8,pose_hand_context,,42135.7,3.02,,1,cam12/e1/v1,rtmpose_baseline
corpus_03,03.CCTV Mobile Usage.mkv,632de9ed55947761d56d4c6142a3cb1a1fe69d0b1a6d0e01a2e404c697962623,dfine_sahi,126867.0,unknown_object,0.308,86.94,465.1,113.52,503.64,1024.2,26.58,38.54,0.69,False,,True,S-61,28,evt_S-61_upper_body_0021,7e8e37e8407f1cc8,pose_hand_context,,42135.7,3.02,,1,cam12/e1/v1,rtmpose_baseline
corpus_03,03.CCTV Mobile Usage.mkv,632de9ed55947761d56d4c6142a3cb1a1fe69d0b1a6d0e01a2e404c697962623,dfine_sahi,126867.0,unknown_object,0.3057,62.36,452.13,111.04,503.51,2501.1,48.68,51.38,0.947,False,,True,S-61,28,evt_S-61_upper_body_0021,7e8e37e8407f1cc8,pose_hand_context,,42135.7,3.02,,1,cam12/e1/v1,rtmpose_baseline
corpus_03,03.CCTV Mobile Usage.mkv,632de9ed55947761d56d4c6142a3cb1a1fe69d0b1a6d0e01a2e404c697962623,dfine_sahi,127300.0,unknown_object,0.6071,89.89,328.21,207.03,454.46,14789.9,117.14,126.26,0.928,False,,True,S-61,28,evt_S-61_desk_work_surface_0006,1db5cfca75146df7,pose_hand_context,,47029.7,2.83,,1,cam12/e1/v1,rtmpose_baseline
corpus_03,03.CCTV Mobile Usage.mkv,632de9ed55947761d56d4c6142a3cb1a1fe69d0b1a6d0e01a2e404c697962623,dfine_sahi,127300.0,mouse,0.6064,43.38,450.38,70.6,473.99,642.5,27.21,23.61,1.152,False,,True,S-61,28,evt_S-61_desk_work_surface_0006,1db5cfca75146df7,pose_hand_context,,47029.7,2.83,,1,cam12/e1/v1,rtmpose_baseline
corpus_03,03.CCTV Mobile Usage.mkv,632de9ed55947761d56d4c6142a3cb1a1fe69d0b1a6d0e01a2e404c697962623,dfine_sahi,127300.0,unknown_object,0.6035,38.36,427.13,115.98,474.9,3708.0,77.62,47.77,1.625,False,,True,S-61,28,evt_S-61_desk_work_surface_0006,1db5cfca75146df7,pose_hand_context,,47029.7,2.83,,1,cam12/e1/v1,rtmpose_baseline
corpus_03,03.CCTV Mobile Usage.mkv,632de9ed55947761d56d4c6142a3cb1a1fe69d0b1a6d0e01a2e404c697962623,dfine_sahi,127300.0,unknown_object,0.5917,-0.29,328.13,115.99,454.5,14694.9,116.28,126.38,0.92,False,,True,S-61,28,evt_S-61_desk_work_surface_0006,1db5cfca75146df7,pose_hand_context,,47029.7,2.83,,1,cam12/e1/v1,rtmpose_baseline
corpus_03,03.CCTV Mobile Usage.mkv,632de9ed55947761d56d4c6142a3cb1a1fe69d0b1a6d0e01a2e404c697962623,dfine_sahi,127300.0,unknown_object,0.5392,90.05,436.89,177.63,505.51,6010.4,87.58,68.62,1.276,False,,True,S-61,28,evt_S-61_desk_work_surface_0006,1db5cfca75146df7,pose_hand_context,,47029.7,2.83,,1,cam12/e1/v1,rtmpose_baseline
corpus_03,03.CCTV Mobile Usage.mkv,632de9ed55947761d56d4c6142a3cb1a1fe69d0b1a6d0e01a2e404c697962623,dfine_sahi,127300.0,unknown_object,0.4258,25.17,328.07,109.51,382.25,4570.1,84.34,54.19,1.556,False,,True,S-61,28,evt_S-61_desk_work_surface_0006,1db5cfca75146df7,pose_hand_context,,47029.7,2.83,,1,cam12/e1/v1,rtmpose_baseline
corpus_03,03.CCTV Mobile Usage.mkv,632de9ed55947761d56d4c6142a3cb1a1fe69d0b1a6d0e01a2e404c697962623,dfine_sahi,127300.0,unknown_object,0.3648,89.97,427.34,206.94,553.57,14765.1,116.97,126.23,0.927,False,,True,S-61,28,evt_S-61_desk_work_surface_0006,1db5cfca75146df7,pose_hand_context,,47029.7,2.83,,1,cam12/e1/v1,rtmpose_baseline
corpus_03,03.CCTV Mobile Usage.mkv,632de9ed55947761d56d4c6142a3cb1a1fe69d0b1a6d0e01a2e404c697962623,dfine_sahi,127300.0,unknown_object,0.3451,46.95,509.42,84.94,552.89,1651.6,37.99,43.47,0.874,False,,True,S-61,28,evt_S-61_desk_work_surface_0006,1db5cfca75146df7,pose_hand_context,,47029.7,2.83,,1,cam12/e1/v1,rtmpose_baseline
corpus_03,03.CCTV Mobile Usage.mkv,632de9ed55947761d56d4c6142a3cb1a1fe69d0b1a6d0e01a2e404c697962623,dfine_sahi,127300.0,unknown_object,0.3369,141.71,494.22,177.54,522.66,1018.6,35.82,28.43,1.26,False,,True,S-61,28,evt_S-61_desk_work_surface_0006,1db5cfca75146df7,pose_hand_context,,47029.7,2.83,,1,cam12/e1/v1,rtmpose_baseline
corpus_03,03.CCTV Mobile Usage.mkv,632de9ed55947761d56d4c6142a3cb1a1fe69d0b1a6d0e01a2e404c697962623,dfine_sahi,127300.0,monitor_or_bezel,0.334,-0.22,494.18,182.88,553.81,10916.8,183.1,59.62,3.071,False,,True,S-61,28,evt_S-61_desk_work_surface_0006,1db5cfca75146df7,pose_hand_context,,47029.7,2.83,,1,cam12/e1/v1,rtmpose_baseline
corpus_03,03.CCTV Mobile Usage.mkv,632de9ed55947761d56d4c6142a3cb1a1fe69d0b1a6d0e01a2e404c697962623,dfine_sahi,127300.0,unknown_object,0.3324,118.55,478.09,180.85,520.64,2650.6,62.29,42.55,1.464,False,,True,S-61,28,evt_S-61_desk_work_surface_0006,1db5cfca75146df7,pose_hand_context,,47029.7,2.83,,1,cam12/e1/v1,rtmpose_baseline
corpus_03,03.CCTV Mobile Usage.mkv,632de9ed55947761d56d4c6142a3cb1a1fe69d0b1a6d0e01a2e404c697962623,dfine_sahi,127300.0,stationery,0.3301,47.06,509.61,85.45,552.13,1632.6,38.4,42.52,0.903,False,,True,S-61,28,evt_S-61_desk_work_surface_0006,1db5cfca75146df7,pose_hand_context,,47029.7,2.83,,1,cam12/e1/v1,rtmpose_baseline
corpus_03,03.CCTV Mobile Usage.mkv,632de9ed55947761d56d4c6142a3cb1a1fe69d0b1a6d0e01a2e404c697962623,dfine_sahi,127300.0,unknown_object,0.2946,-0.33,427.36,116.19,553.53,14700.6,116.51,126.17,0.923,False,,True,S-61,28,evt_S-61_desk_work_surface_0006,1db5cfca75146df7,pose_hand_context,,47029.7,2.83,,1,cam12/e1/v1,rtmpose_baseline
corpus_03,03.CCTV Mobile Usage.mkv,632de9ed55947761d56d4c6142a3cb1a1fe69d0b1a6d0e01a2e404c697962623,dfine_sahi,127300.0,unknown_object,0.2746,60.43,462.82,117.54,503.54,2325.3,57.11,40.72,1.403,False,,True,S-61,28,evt_S-61_desk_work_surface_0006,1db5cfca75146df7,pose_hand_context,,47029.7,2.83,,1,cam12/e1/v1,rtmpose_baseline
corpus_03,03.CCTV Mobile Usage.mkv,632de9ed55947761d56d4c6142a3cb1a1fe69d0b1a6d0e01a2e404c697962623,dfine_sahi,127300.0,unknown_object,0.262,90.05,386.73,152.51,431.42,2791.7,62.46,44.69,1.398,False,,True,S-61,28,evt_S-61_desk_work_surface_0006,1db5cfca75146df7,pose_hand_context,,47029.7,2.83,,1,cam12/e1/v1,rtmpose_baseline
corpus_03,03.CCTV Mobile Usage.mkv,632de9ed55947761d56d4c6142a3cb1a1fe69d0b1a6d0e01a2e404c697962623,dfine_sahi,127300.0,unknown_object,0.2555,90.09,427.05,188.1,455.33,2771.7,98.01,28.28,3.466,False,,True,S-61,28,evt_S-61_desk_work_surface_0006,1db5cfca75146df7,pose_hand_context,,47029.7,2.83,,1,cam12/e1/v1,rtmpose_baseline
corpus_03,03.CCTV Mobile Usage.mkv,632de9ed55947761d56d4c6142a3cb1a1fe69d0b1a6d0e01a2e404c697962623,dfine_sahi,127300.0,keyboard,0.9173,962.11,451.96,1067.93,491.38,4171.5,105.82,39.42,2.684,False,,True,R-desk,32,evt_S-61_desk_work_surface_0006,8a7953295bd2532a,lap_bag_context,no_pose_observation,34560.0,1.33,,1,cam12/e1/v1,
corpus_03,03.CCTV Mobile Usage.mkv,632de9ed55947761d56d4c6142a3cb1a1fe69d0b1a6d0e01a2e404c697962623,dfine_sahi,127300.0,phone,0.7222,1043.33,421.45,1112.7,473.78,3630.4,69.37,52.33,1.326,False,,True,R-desk,32,evt_S-61_desk_work_surface_0006,8a7953295bd2532a,lap_bag_context,no_pose_observation,34560.0,1.33,,1,cam12/e1/v1,
corpus_03,03.CCTV Mobile Usage.mkv,632de9ed55947761d56d4c6142a3cb1a1fe69d0b1a6d0e01a2e404c697962623,dfine_sahi,127300.0,mouse,0.7142,865.04,413.69,891.38,435.57,576.6,26.35,21.89,1.204,False,,True,R-desk,32,evt_S-61_desk_work_surface_0006,8a7953295bd2532a,lap_bag_context,no_pose_observation,34560.0,1.33,,1,cam12/e1/v1,
corpus_03,03.CCTV Mobile Usage.mkv,632de9ed55947761d56d4c6142a3cb1a1fe69d0b1a6d0e01a2e404c697962623,dfine_sahi,127300.0,monitor_or_bezel,0.6996,1019.16,395.8,1145.66,448.06,6611.2,126.5,52.26,2.42,False,,True,R-desk,32,evt_S-61_desk_work_surface_0006,8a7953295bd2532a,lap_bag_context,no_pose_observation,34560.0,1.33,,1,cam12/e1/v1,
corpus_03,03.CCTV Mobile Usage.mkv,632de9ed55947761d56d4c6142a3cb1a1fe69d0b1a6d0e01a2e404c697962623,dfine_sahi,127300.0,keyboard,0.6825,772.09,380.19,870.58,420.45,3964.2,98.48,40.25,2.447,False,,True,R-desk,32,evt_S-61_desk_work_surface_0006,8a7953295bd2532a,lap_bag_context,no_pose_observation,34560.0,1.33,,1,cam12/e1/v1,
corpus_03,03.CCTV Mobile Usage.mkv,632de9ed55947761d56d4c6142a3cb1a1fe69d0b1a6d0e01a2e404c697962623,dfine_sahi,127300.0,keyboard,0.6266,962.95,452.35,1035.09,475.57,1674.9,72.14,23.22,3.107,False,,True,R-desk,32,evt_S-61_desk_work_surface_0006,8a7953295bd2532a,lap_bag_context,no_pose_observation,34560.0,1.33,,1,cam12/e1/v1,
corpus_03,03.CCTV Mobile Usage.mkv,632de9ed55947761d56d4c6142a3cb1a1fe69d0b1a6d0e01a2e404c697962623,dfine_sahi,127300.0,unknown_object,0.6226,699.92,396.19,847.18,492.32,14156.4,147.27,96.13,1.532,False,,True,R-desk,32,evt_S-61_desk_work_surface_0006,8a7953295bd2532a,lap_bag_context,no_pose_observation,34560.0,1.33,,1,cam12/e1/v1,
corpus_03,03.CCTV Mobile Usage.mkv,632de9ed55947761d56d4c6142a3cb1a1fe69d0b1a6d0e01a2e404c697962623,dfine_sahi,127300.0,monitor_or_bezel,0.6007,910.2,411.22,1141.81,506.35,22032.0,231.61,95.13,2.435,False,,True,R-desk,32,evt_S-61_desk_work_surface_0006,8a7953295bd2532a,lap_bag_context,no_pose_observation,34560.0,1.33,,1,cam12/e1/v1,
corpus_03,03.CCTV Mobile Usage.mkv,632de9ed55947761d56d4c6142a3cb1a1fe69d0b1a6d0e01a2e404c697962623,dfine_sahi,127300.0,keyboard,0.5786,802.09,396.25,870.56,420.7,1673.9,68.47,24.45,2.801,False,,True,R-desk,32,evt_S-61_desk_work_surface_0006,8a7953295bd2532a,lap_bag_context,no_pose_observation,34560.0,1.33,,1,cam12/e1/v1,
corpus_03,03.CCTV Mobile Usage.mkv,632de9ed55947761d56d4c6142a3cb1a1fe69d0b1a6d0e01a2e404c697962623,dfine_sahi,127300.0,monitor_or_bezel,0.5728,963.24,380.55,1152.89,474.9,17895.7,189.66,94.36,2.01,False,,True,R-desk,32,evt_S-61_desk_work_surface_0006,8a7953295bd2532a,lap_bag_context,no_pose_observation,34560.0,1.33,,1,cam12/e1/v1,
corpus_03,03.CCTV Mobile Usage.mkv,632de9ed55947761d56d4c6142a3cb1a1fe69d0b1a6d0e01a2e404c697962623,dfine_sahi,127300.0,monitor_or_bezel,0.5539,709.83,379.88,969.6,474.74,24640.4,259.78,94.85,2.739,False,,True,R-desk,32,evt_S-61_desk_work_surface_0006,8a7953295bd2532a,lap_bag_context,no_pose_observation,34560.0,1.33,,1,cam12/e1/v1,
corpus_03,03.CCTV Mobile Usage.mkv,632de9ed55947761d56d4c6142a3cb1a1fe69d0b1a6d0e01a2e404c697962623,dfine_sahi,127300.0,unknown_object,0.4821,699.96,380.5,758.71,475.07,5556.1,58.75,94.57,0.621,False,,True,R-desk,32,evt_S-61_desk_work_surface_0006,8a7953295bd2532a,lap_bag_context,no_pose_observation,34560.0,1.33,,1,cam12/e1/v1,
corpus_03,03.CCTV Mobile Usage.mkv,632de9ed55947761d56d4c6142a3cb1a1fe69d0b1a6d0e01a2e404c697962623,dfine_sahi,127300.0,unknown_object,0.4248,748.89,411.46,873.22,505.64,11708.9,124.33,94.18,1.32,False,,True,R-desk,32,evt_S-61_desk_work_surface_0006,8a7953295bd2532a,lap_bag_context,no_pose_observation,34560.0,1.33,,1,cam12/e1/v1,
corpus_03,03.CCTV Mobile Usage.mkv,632de9ed55947761d56d4c6142a3cb1a1fe69d0b1a6d0e01a2e404c697962623,dfine_sahi,127300.0,mouse,0.3536,967.12,398.39,992.02,410.66,305.6,24.9,12.27,2.03,False,,True,R-desk,32,evt_S-61_desk_work_surface_0006,8a7953295bd2532a,lap_bag_context,no_pose_observation,34560.0,1.33,,1,cam12/e1/v1,
corpus_03,03.CCTV Mobile Usage.mkv,632de9ed55947761d56d4c6142a3cb1a1fe69d0b1a6d0e01a2e404c697962623,dfine_sahi,127300.0,unknown_object,0.3518,881.75,411.17,969.7,453.5,3722.6,87.94,42.33,2.078,False,,True,R-desk,32,evt_S-61_desk_work_surface_0006,8a7953295bd2532a,lap_bag_context,no_pose_observation,34560.0,1.33,,1,cam12/e1/v1,
corpus_03,03.CCTV Mobile Usage.mkv,632de9ed55947761d56d4c6142a3cb1a1fe69d0b1a6d0e01a2e404c697962623,dfine_sahi,127300.0,keyboard,0.286,910.09,411.4,1093.3,506.32,17388.9,183.2,94.92,1.93,False,,True,R-desk,32,evt_S-61_desk_work_surface_0006,8a7953295bd2532a,lap_bag_context,no_pose_observation,34560.0,1.33,,1,cam12/e1/v1,
corpus_03,03.CCTV Mobile Usage.mkv,632de9ed55947761d56d4c6142a3cb1a1fe69d0b1a6d0e01a2e404c697962623,dfine_sahi,127300.0,mouse,0.2831,991.05,399.22,1026.76,413.36,505.2,35.72,14.15,2.525,False,,True,R-desk,32,evt_S-61_desk_work_surface_0006,8a7953295bd2532a,lap_bag_context,no_pose_observation,34560.0,1.33,,1,cam12/e1/v1,
corpus_03,03.CCTV Mobile Usage.mkv,632de9ed55947761d56d4c6142a3cb1a1fe69d0b1a6d0e01a2e404c697962623,dfine_sahi,127300.0,unknown_object,0.2749,832.03,411.02,969.86,505.88,13074.0,137.83,94.85,1.453,False,,True,R-desk,32,evt_S-61_desk_work_surface_0006,8a7953295bd2532a,lap_bag_context,no_pose_observation,34560.0,1.33,,1,cam12/e1/v1,
corpus_03,03.CCTV Mobile Usage.mkv,632de9ed55947761d56d4c6142a3cb1a1fe69d0b1a6d0e01a2e404c697962623,dfine_sahi,127300.0,keyboard,0.2708,965.63,395.17,1102.2,474.97,10897.7,136.57,79.8,1.711,False,,True,R-desk,32,evt_S-61_desk_work_surface_0006,8a7953295bd2532a,lap_bag_context,no_pose_observation,34560.0,1.33,,1,cam12/e1/v1,
corpus_03,03.CCTV Mobile Usage.mkv,632de9ed55947761d56d4c6142a3cb1a1fe69d0b1a6d0e01a2e404c697962623,dfine_sahi,131867.0,keyboard,0.9027,962.07,451.93,1067.86,491.43,4179.1,105.79,39.5,2.678,False,,True,R-desk,36,evt_S-61_upper_body_0022,38cbde6a80224cf5,lap_bag_context,no_pose_observation,34560.0,1.33,,1,cam12/e1/v1,
corpus_03,03.CCTV Mobile Usage.mkv,632de9ed55947761d56d4c6142a3cb1a1fe69d0b1a6d0e01a2e404c697962623,dfine_sahi,131867.0,phone,0.7732,1043.36,421.93,1111.78,473.85,3552.1,68.42,51.92,1.318,False,,True,R-desk,36,evt_S-61_upper_body_0022,38cbde6a80224cf5,lap_bag_context,no_pose_observation,34560.0,1.33,,1,cam12/e1/v1,
corpus_03,03.CCTV Mobile Usage.mkv,632de9ed55947761d56d4c6142a3cb1a1fe69d0b1a6d0e01a2e404c697962623,dfine_sahi,131867.0,monitor_or_bezel,0.72,706.56,379.91,969.64,474.81,24966.2,263.08,94.9,2.772,False,,True,R-desk,36,evt_S-61_upper_body_0022,38cbde6a80224cf5,lap_bag_context,no_pose_observation,34560.0,1.33,,1,cam12/e1/v1,
corpus_03,03.CCTV Mobile Usage.mkv,632de9ed55947761d56d4c6142a3cb1a1fe69d0b1a6d0e01a2e404c697962623,dfine_sahi,131867.0,monitor_or_bezel,0.7035,1018.8,395.9,1146.03,447.43,6555.9,127.23,51.53,2.469,False,,True,R-desk,36,evt_S-61_upper_body_0022,38cbde6a80224cf5,lap_bag_context,no_pose_observation,34560.0,1.33,,1,cam12/e1/v1,
corpus_03,03.CCTV Mobile Usage.mkv,632de9ed55947761d56d4c6142a3cb1a1fe69d0b1a6d0e01a2e404c697962623,dfine_sahi,131867.0,keyboard,0.6773,772.0,380.18,870.53,420.28,3950.4,98.52,40.1,2.457,False,,True,R-desk,36,evt_S-61_upper_body_0022,38cbde6a80224cf5,lap_bag_context,no_pose_observation,34560.0,1.33,,1,cam12/e1/v1,
corpus_03,03.CCTV Mobile Usage.mkv,632de9ed55947761d56d4c6142a3cb1a1fe69d0b1a6d0e01a2e404c697962623,dfine_sahi,131867.0,monitor_or_bezel,0.6641,910.25,411.24,1141.59,506.32,21995.6,231.34,95.08,2.433,False,,True,R-desk,36,evt_S-61_upper_body_0022,38cbde6a80224cf5,lap_bag_context,no_pose_observation,34560.0,1.33,,1,cam12/e1/v1,
corpus_03,03.CCTV Mobile Usage.mkv,632de9ed55947761d56d4c6142a3cb1a1fe69d0b1a6d0e01a2e404c697962623,dfine_sahi,131867.0,keyboard,0.6614,962.99,452.33,1034.83,475.6,1671.9,71.84,23.27,3.087,False,,True,R-desk,36,evt_S-61_upper_body_0022,38cbde6a80224cf5,lap_bag_context,no_pose_observation,34560.0,1.33,,1,cam12/e1/v1,
corpus_03,03.CCTV Mobile Usage.mkv,632de9ed55947761d56d4c6142a3cb1a1fe69d0b1a6d0e01a2e404c697962623,dfine_sahi,131867.0,mouse,0.6536,865.08,413.5,891.48,434.98,567.2,26.4,21.48,1.229,False,,True,R-desk,36,evt_S-61_upper_body_0022,38cbde6a80224cf5,lap_bag_context,no_pose_observation,34560.0,1.33,,1,cam12/e1/v1,
corpus_03,03.CCTV Mobile Usage.mkv,632de9ed55947761d56d4c6142a3cb1a1fe69d0b1a6d0e01a2e404c697962623,dfine_sahi,131867.0,unknown_object,0.6418,699.94,411.17,872.25,506.27,16387.2,172.31,95.1,1.812,False,,True,R-desk,36,evt_S-61_upper_body_0022,38cbde6a80224cf5,lap_bag_context,no_pose_observation,34560.0,1.33,,1,cam12/e1/v1,
corpus_03,03.CCTV Mobile Usage.mkv,632de9ed55947761d56d4c6142a3cb1a1fe69d0b1a6d0e01a2e404c697962623,dfine_sahi,131867.0,monitor_or_bezel,0.6181,963.23,380.45,1152.93,474.94,17923.5,189.7,94.49,2.008,False,,True,R-desk,36,evt_S-61_upper_body_0022,38cbde6a80224cf5,lap_bag_context,no_pose_observation,34560.0,1.33,,1,cam12/e1/v1,
corpus_03,03.CCTV Mobile Usage.mkv,632de9ed55947761d56d4c6142a3cb1a1fe69d0b1a6d0e01a2e404c697962623,dfine_sahi,131867.0,keyboard,0.4944,802.61,396.28,870.81,420.56,1656.2,68.2,24.28,2.809,False,,True,R-desk,36,evt_S-61_upper_body_0022,38cbde6a80224cf5,lap_bag_context,no_pose_observation,34560.0,1.33,,1,cam12/e1/v1,
corpus_03,03.CCTV Mobile Usage.mkv,632de9ed55947761d56d4c6142a3cb1a1fe69d0b1a6d0e01a2e404c697962623,dfine_sahi,131867.0,unknown_object,0.4356,700.0,380.57,760.76,474.83,5726.8,60.75,94.26,0.645,False,,True,R-desk,36,evt_S-61_upper_body_0022,38cbde6a80224cf5,lap_bag_context,no_pose_observation,34560.0,1.33,,1,cam12/e1/v1,
corpus_03,03.CCTV Mobile Usage.mkv,632de9ed55947761d56d4c6142a3cb1a1fe69d0b1a6d0e01a2e404c697962623,dfine_sahi,131867.0,unknown_object,0.3938,768.44,411.01,969.9,505.74,19084.3,201.46,94.73,2.127,False,,True,R-desk,36,evt_S-61_upper_body_0022,38cbde6a80224cf5,lap_bag_context,no_pose_observation,34560.0,1.33,,1,cam12/e1/v1,
corpus_03,03.CCTV Mobile Usage.mkv,632de9ed55947761d56d4c6142a3cb1a1fe69d0b1a6d0e01a2e404c697962623,dfine_sahi,131867.0,mouse,0.3257,967.01,398.37,992.23,410.6,308.5,25.22,12.23,2.062,False,,True,R-desk,36,evt_S-61_upper_body_0022,38cbde6a80224cf5,lap_bag_context,no_pose_observation,34560.0,1.33,,1,cam12/e1/v1,
corpus_03,03.CCTV Mobile Usage.mkv,632de9ed55947761d56d4c6142a3cb1a1fe69d0b1a6d0e01a2e404c697962623,dfine_sahi,131867.0,unknown_object,0.3101,880.16,411.28,969.88,505.51,8455.1,89.73,94.23,0.952,False,,True,R-desk,36,evt_S-61_upper_body_0022,38cbde6a80224cf5,lap_bag_context,no_pose_observation,34560.0,1.33,,1,cam12/e1/v1,
corpus_03,03.CCTV Mobile Usage.mkv,632de9ed55947761d56d4c6142a3cb1a1fe69d0b1a6d0e01a2e404c697962623,dfine_sahi,131867.0,phone,0.3101,1050.88,411.39,1139.99,447.31,3200.6,89.11,35.92,2.481,False,,True,R-desk,36,evt_S-61_upper_body_0022,38cbde6a80224cf5,lap_bag_context,no_pose_observation,34560.0,1.33,,1,cam12/e1/v1,
corpus_03,03.CCTV Mobile Usage.mkv,632de9ed55947761d56d4c6142a3cb1a1fe69d0b1a6d0e01a2e404c697962623,dfine_sahi,131867.0,keyboard,0.2777,965.35,391.27,1108.24,474.79,11934.1,142.9,83.52,1.711,False,,True,R-desk,36,evt_S-61_upper_body_0022,38cbde6a80224cf5,lap_bag_context,no_pose_observation,34560.0,1.33,,1,cam12/e1/v1,
corpus_03,03.CCTV Mobile Usage.mkv,632de9ed55947761d56d4c6142a3cb1a1fe69d0b1a6d0e01a2e404c697962623,dfine_sahi,131867.0,keyboard,0.27,742.85,402.36,843.64,458.71,5679.4,100.79,56.35,1.789,False,,True,R-desk,36,evt_S-61_upper_body_0022,38cbde6a80224cf5,lap_bag_context,no_pose_observation,34560.0,1.33,,1,cam12/e1/v1,
corpus_03,03.CCTV Mobile Usage.mkv,632de9ed55947761d56d4c6142a3cb1a1fe69d0b1a6d0e01a2e404c697962623,dfine_sahi,131867.0,mouse,0.2607,990.58,399.29,1026.63,413.39,508.5,36.05,14.11,2.555,False,,True,R-desk,36,evt_S-61_upper_body_0022,38cbde6a80224cf5,lap_bag_context,no_pose_observation,34560.0,1.33,,1,cam12/e1/v1,
corpus_03,03.CCTV Mobile Usage.mkv,632de9ed55947761d56d4c6142a3cb1a1fe69d0b1a6d0e01a2e404c697962623,dfine_sahi,131867.0,keyboard,0.9027,962.07,451.93,1067.86,491.43,4179.1,105.79,39.5,2.678,False,,True,R-desk,35,evt_S-61_upper_body_0022,38cbde6a80224cf5,lap_bag_context,no_pose_observation,34560.0,1.33,,1,cam12/e1/v1,
corpus_03,03.CCTV Mobile Usage.mkv,632de9ed55947761d56d4c6142a3cb1a1fe69d0b1a6d0e01a2e404c697962623,dfine_sahi,131867.0,phone,0.7732,1043.36,421.93,1111.78,473.85,3552.1,68.42,51.92,1.318,False,,True,R-desk,35,evt_S-61_upper_body_0022,38cbde6a80224cf5,lap_bag_context,no_pose_observation,34560.0,1.33,,1,cam12/e1/v1,
corpus_03,03.CCTV Mobile Usage.mkv,632de9ed55947761d56d4c6142a3cb1a1fe69d0b1a6d0e01a2e404c697962623,dfine_sahi,131867.0,monitor_or_bezel,0.72,706.56,379.91,969.64,474.81,24966.2,263.08,94.9,2.772,False,,True,R-desk,35,evt_S-61_upper_body_0022,38cbde6a80224cf5,lap_bag_context,no_pose_observation,34560.0,1.33,,1,cam12/e1/v1,
corpus_03,03.CCTV Mobile Usage.mkv,632de9ed55947761d56d4c6142a3cb1a1fe69d0b1a6d0e01a2e404c697962623,dfine_sahi,131867.0,monitor_or_bezel,0.7035,1018.8,395.9,1146.03,447.43,6555.9,127.23,51.53,2.469,False,,True,R-desk,35,evt_S-61_upper_body_0022,38cbde6a80224cf5,lap_bag_context,no_pose_observation,34560.0,1.33,,1,cam12/e1/v1,
corpus_03,03.CCTV Mobile Usage.mkv,632de9ed55947761d56d4c6142a3cb1a1fe69d0b1a6d0e01a2e404c697962623,dfine_sahi,131867.0,keyboard,0.6773,772.0,380.18,870.53,420.28,3950.4,98.52,40.1,2.457,False,,True,R-desk,35,evt_S-61_upper_body_0022,38cbde6a80224cf5,lap_bag_context,no_pose_observation,34560.0,1.33,,1,cam12/e1/v1,
corpus_03,03.CCTV Mobile Usage.mkv,632de9ed55947761d56d4c6142a3cb1a1fe69d0b1a6d0e01a2e404c697962623,dfine_sahi,131867.0,monitor_or_bezel,0.6641,910.25,411.24,1141.59,506.32,21995.6,231.34,95.08,2.433,False,,True,R-desk,35,evt_S-61_upper_body_0022,38cbde6a80224cf5,lap_bag_context,no_pose_observation,34560.0,1.33,,1,cam12/e1/v1,
corpus_03,03.CCTV Mobile Usage.mkv,632de9ed55947761d56d4c6142a3cb1a1fe69d0b1a6d0e01a2e404c697962623,dfine_sahi,131867.0,keyboard,0.6614,962.99,452.33,1034.83,475.6,1671.9,71.84,23.27,3.087,False,,True,R-desk,35,evt_S-61_upper_body_0022,38cbde6a80224cf5,lap_bag_context,no_pose_observation,34560.0,1.33,,1,cam12/e1/v1,
corpus_03,03.CCTV Mobile Usage.mkv,632de9ed55947761d56d4c6142a3cb1a1fe69d0b1a6d0e01a2e404c697962623,dfine_sahi,131867.0,mouse,0.6536,865.08,413.5,891.48,434.98,567.2,26.4,21.48,1.229,False,,True,R-desk,35,evt_S-61_upper_body_0022,38cbde6a80224cf5,lap_bag_context,no_pose_observation,34560.0,1.33,,1,cam12/e1/v1,
corpus_03,03.CCTV Mobile Usage.mkv,632de9ed55947761d56d4c6142a3cb1a1fe69d0b1a6d0e01a2e404c697962623,dfine_sahi,131867.0,unknown_object,0.6418,699.94,411.17,872.25,506.27,16387.2,172.31,95.1,1.812,False,,True,R-desk,35,evt_S-61_upper_body_0022,38cbde6a80224cf5,lap_bag_context,no_pose_observation,34560.0,1.33,,1,cam12/e1/v1,
corpus_03,03.CCTV Mobile Usage.mkv,632de9ed55947761d56d4c6142a3cb1a1fe69d0b1a6d0e01a2e404c697962623,dfine_sahi,131867.0,monitor_or_bezel,0.6181,963.23,380.45,1152.93,474.94,17923.5,189.7,94.49,2.008,False,,True,R-desk,35,evt_S-61_upper_body_0022,38cbde6a80224cf5,lap_bag_context,no_pose_observation,34560.0,1.33,,1,cam12/e1/v1,
corpus_03,03.CCTV Mobile Usage.mkv,632de9ed55947761d56d4c6142a3cb1a1fe69d0b1a6d0e01a2e404c697962623,dfine_sahi,131867.0,keyboard,0.4944,802.61,396.28,870.81,420.56,1656.2,68.2,24.28,2.809,False,,True,R-desk,35,evt_S-61_upper_body_0022,38cbde6a80224cf5,lap_bag_context,no_pose_observation,34560.0,1.33,,1,cam12/e1/v1,
corpus_03,03.CCTV Mobile Usage.mkv,632de9ed55947761d56d4c6142a3cb1a1fe69d0b1a6d0e01a2e404c697962623,dfine_sahi,131867.0,unknown_object,0.4356,700.0,380.57,760.76,474.83,5726.8,60.75,94.26,0.645,False,,True,R-desk,35,evt_S-61_upper_body_0022,38cbde6a80224cf5,lap_bag_context,no_pose_observation,34560.0,1.33,,1,cam12/e1/v1,
corpus_03,03.CCTV Mobile Usage.mkv,632de9ed55947761d56d4c6142a3cb1a1fe69d0b1a6d0e01a2e404c697962623,dfine_sahi,131867.0,unknown_object,0.3938,768.44,411.01,969.9,505.74,19084.3,201.46,94.73,2.127,False,,True,R-desk,35,evt_S-61_upper_body_0022,38cbde6a80224cf5,lap_bag_context,no_pose_observation,34560.0,1.33,,1,cam12/e1/v1,
corpus_03,03.CCTV Mobile Usage.mkv,632de9ed55947761d56d4c6142a3cb1a1fe69d0b1a6d0e01a2e404c697962623,dfine_sahi,131867.0,mouse,0.3257,967.01,398.37,992.23,410.6,308.5,25.22,12.23,2.062,False,,True,R-desk,35,evt_S-61_upper_body_0022,38cbde6a80224cf5,lap_bag_context,no_pose_observation,34560.0,1.33,,1,cam12/e1/v1,
corpus_03,03.CCTV Mobile Usage.mkv,632de9ed55947761d56d4c6142a3cb1a1fe69d0b1a6d0e01a2e404c697962623,dfine_sahi,131867.0,unknown_object,0.3101,880.16,411.28,969.88,505.51,8455.1,89.73,94.23,0.952,False,,True,R-desk,35,evt_S-61_upper_body_0022,38cbde6a80224cf5,lap_bag_context,no_pose_observation,34560.0,1.33,,1,cam12/e1/v1,
corpus_03,03.CCTV Mobile Usage.mkv,632de9ed55947761d56d4c6142a3cb1a1fe69d0b1a6d0e01a2e404c697962623,dfine_sahi,131867.0,phone,0.3101,1050.88,411.39,1139.99,447.31,3200.6,89.11,35.92,2.481,False,,True,R-desk,35,evt_S-61_upper_body_0022,38cbde6a80224cf5,lap_bag_context,no_pose_observation,34560.0,1.33,,1,cam12/e1/v1,
corpus_03,03.CCTV Mobile Usage.mkv,632de9ed55947761d56d4c6142a3cb1a1fe69d0b1a6d0e01a2e404c697962623,dfine_sahi,131867.0,keyboard,0.2777,965.35,391.27,1108.24,474.79,11934.1,142.9,83.52,1.711,False,,True,R-desk,35,evt_S-61_upper_body_0022,38cbde6a80224cf5,lap_bag_context,no_pose_observation,34560.0,1.33,,1,cam12/e1/v1,
corpus_03,03.CCTV Mobile Usage.mkv,632de9ed55947761d56d4c6142a3cb1a1fe69d0b1a6d0e01a2e404c697962623,dfine_sahi,131867.0,keyboard,0.27,742.85,402.36,843.64,458.71,5679.4,100.79,56.35,1.789,False,,True,R-desk,35,evt_S-61_upper_body_0022,38cbde6a80224cf5,lap_bag_context,no_pose_observation,34560.0,1.33,,1,cam12/e1/v1,
corpus_03,03.CCTV Mobile Usage.mkv,632de9ed55947761d56d4c6142a3cb1a1fe69d0b1a6d0e01a2e404c697962623,dfine_sahi,131867.0,mouse,0.2607,990.58,399.29,1026.63,413.39,508.5,36.05,14.11,2.555,False,,True,R-desk,35,evt_S-61_upper_body_0022,38cbde6a80224cf5,lap_bag_context,no_pose_observation,34560.0,1.33,,1,cam12/e1/v1,
corpus_03,03.CCTV Mobile Usage.mkv,632de9ed55947761d56d4c6142a3cb1a1fe69d0b1a6d0e01a2e404c697962623,dfine_sahi,131867.0,bag,0.7094,893.14,40.09,959.21,108.68,4531.5,66.07,68.59,0.963,False,,True,unattributed,34,evt_S-61_upper_body_0022,906acfc70bd7ec82,native_source_context_fallback,wrist_confidence_below_floor,11895.6,5.82,,1,cam12/e1/v1,rtmpose_baseline
corpus_03,03.CCTV Mobile Usage.mkv,632de9ed55947761d56d4c6142a3cb1a1fe69d0b1a6d0e01a2e404c697962623,dfine_sahi,131867.0,bag,0.5378,893.13,45.49,927.67,95.32,1721.2,34.54,49.83,0.693,False,,True,unattributed,34,evt_S-61_upper_body_0022,906acfc70bd7ec82,native_source_context_fallback,wrist_confidence_below_floor,11895.6,5.82,,1,cam12/e1/v1,rtmpose_baseline
corpus_03,03.CCTV Mobile Usage.mkv,632de9ed55947761d56d4c6142a3cb1a1fe69d0b1a6d0e01a2e404c697962623,dfine_sahi,131867.0,bag,0.3254,942.57,70.73,982.3,126.9,2231.7,39.73,56.17,0.707,False,,True,unattributed,34,evt_S-61_upper_body_0022,906acfc70bd7ec82,native_source_context_fallback,wrist_confidence_below_floor,11895.6,5.82,,1,cam12/e1/v1,rtmpose_baseline
corpus_03,03.CCTV Mobile Usage.mkv,632de9ed55947761d56d4c6142a3cb1a1fe69d0b1a6d0e01a2e404c697962623,dfine_sahi,131867.0,unknown_object,0.2872,846.11,34.6,864.8,86.27,965.6,18.69,51.67,0.362,False,,True,unattributed,34,evt_S-61_upper_body_0022,906acfc70bd7ec82,native_source_context_fallback,wrist_confidence_below_floor,11895.6,5.82,,1,cam12/e1/v1,rtmpose_baseline
corpus_03,03.CCTV Mobile Usage.mkv,632de9ed55947761d56d4c6142a3cb1a1fe69d0b1a6d0e01a2e404c697962623,dfine_sahi,131867.0,unknown_object,0.2802,846.01,84.44,925.6,127.8,3451.6,79.59,43.37,1.835,False,,True,unattributed,34,evt_S-61_upper_body_0022,906acfc70bd7ec82,native_source_context_fallback,wrist_confidence_below_floor,11895.6,5.82,,1,cam12/e1/v1,rtmpose_baseline
corpus_03,03.CCTV Mobile Usage.mkv,632de9ed55947761d56d4c6142a3cb1a1fe69d0b1a6d0e01a2e404c697962623,dfine_sahi,131867.0,unknown_object,0.5628,114.99,385.17,176.16,450.7,4008.2,61.17,65.52,0.934,False,,True,S-61,33,evt_S-61_upper_body_0022,fc2e3874fd08bc57,pose_hand_context,,65577.0,2.5,,1,cam12/e1/v1,rtmpose_baseline
corpus_03,03.CCTV Mobile Usage.mkv,632de9ed55947761d56d4c6142a3cb1a1fe69d0b1a6d0e01a2e404c697962623,dfine_sahi,131867.0,unknown_object,0.5619,114.98,436.12,176.74,503.3,4149.3,61.77,67.18,0.919,False,,True,S-61,33,evt_S-61_upper_body_0022,fc2e3874fd08bc57,pose_hand_context,,65577.0,2.5,,1,cam12/e1/v1,rtmpose_baseline
corpus_03,03.CCTV Mobile Usage.mkv,632de9ed55947761d56d4c6142a3cb1a1fe69d0b1a6d0e01a2e404c697962623,dfine_sahi,131867.0,unknown_object,0.5157,227.01,385.24,370.91,528.2,20571.0,143.9,142.96,1.007,False,,True,S-61,33,evt_S-61_upper_body_0022,fc2e3874fd08bc57,pose_hand_context,,65577.0,2.5,,1,cam12/e1/v1,rtmpose_baseline
corpus_03,03.CCTV Mobile Usage.mkv,632de9ed55947761d56d4c6142a3cb1a1fe69d0b1a6d0e01a2e404c697962623,dfine_sahi,131867.0,bag,0.4326,114.99,385.2,177.24,451.65,4136.0,62.24,66.45,0.937,False,,True,S-61,33,evt_S-61_upper_body_0022,fc2e3874fd08bc57,pose_hand_context,,65577.0,2.5,,1,cam12/e1/v1,rtmpose_baseline
corpus_03,03.CCTV Mobile Usage.mkv,632de9ed55947761d56d4c6142a3cb1a1fe69d0b1a6d0e01a2e404c697962623,dfine_sahi,131867.0,stationery,0.3848,117.48,475.97,178.55,519.01,2629.0,61.07,43.05,1.419,False,,True,S-61,33,evt_S-61_upper_body_0022,fc2e3874fd08bc57,pose_hand_context,,65577.0,2.5,,1,cam12/e1/v1,rtmpose_baseline
corpus_03,03.CCTV Mobile Usage.mkv,632de9ed55947761d56d4c6142a3cb1a1fe69d0b1a6d0e01a2e404c697962623,dfine_sahi,131867.0,unknown_object,0.3403,227.01,483.56,370.48,528.7,6476.2,143.47,45.14,3.178,False,,True,S-61,33,evt_S-61_upper_body_0022,fc2e3874fd08bc57,pose_hand_context,,65577.0,2.5,,1,cam12/e1/v1,rtmpose_baseline
corpus_03,03.CCTV Mobile Usage.mkv,632de9ed55947761d56d4c6142a3cb1a1fe69d0b1a6d0e01a2e404c697962623,dfine_sahi,131867.0,unknown_object,0.339,117.83,475.16,179.39,522.18,2894.6,61.56,47.02,1.309,False,,True,S-61,33,evt_S-61_upper_body_0022,fc2e3874fd08bc57,pose_hand_context,,65577.0,2.5,,1,cam12/e1/v1,rtmpose_baseline
corpus_03,03.CCTV Mobile Usage.mkv,632de9ed55947761d56d4c6142a3cb1a1fe69d0b1a6d0e01a2e404c697962623,dfine_sahi,131867.0,unknown_object,0.3308,115.06,501.36,250.32,638.89,18601.3,135.26,137.53,0.983,False,,True,S-61,33,evt_S-61_upper_body_0022,fc2e3874fd08bc57,pose_hand_context,,65577.0,2.5,,1,cam12/e1/v1,rtmpose_baseline
corpus_03,03.CCTV Mobile Usage.mkv,632de9ed55947761d56d4c6142a3cb1a1fe69d0b1a6d0e01a2e404c697962623,dfine_sahi,131867.0,unknown_object,0.3019,114.96,385.1,258.9,528.55,20647.1,143.94,143.45,1.003,False,,True,S-61,33,evt_S-61_upper_body_0022,fc2e3874fd08bc57,pose_hand_context,,65577.0,2.5,,1,cam12/e1/v1,rtmpose_baseline
corpus_03,03.CCTV Mobile Usage.mkv,632de9ed55947761d56d4c6142a3cb1a1fe69d0b1a6d0e01a2e404c697962623,dfine_sahi,131867.0,stationery,0.2829,175.57,490.04,216.17,528.84,1575.4,40.6,38.8,1.046,False,,True,S-61,33,evt_S-61_upper_body_0022,fc2e3874fd08bc57,pose_hand_context,,65577.0,2.5,,1,cam12/e1/v1,rtmpose_baseline
corpus_03,03.CCTV Mobile Usage.mkv,632de9ed55947761d56d4c6142a3cb1a1fe69d0b1a6d0e01a2e404c697962623,dfine_sahi,131867.0,bag,0.2586,247.16,540.2,370.99,640.65,12437.1,123.82,100.44,1.233,False,,True,S-61,33,evt_S-61_upper_body_0022,fc2e3874fd08bc57,pose_hand_context,,65577.0,2.5,,1,cam12/e1/v1,rtmpose_baseline
corpus_03,03.CCTV Mobile Usage.mkv,632de9ed55947761d56d4c6142a3cb1a1fe69d0b1a6d0e01a2e404c697962623,dfine_sahi,131867.0,stationery,0.2527,172.59,467.53,205.32,496.85,959.4,32.73,29.32,1.116,False,,True,S-61,33,evt_S-61_upper_body_0022,fc2e3874fd08bc57,pose_hand_context,,65577.0,2.5,,1,cam12/e1/v1,rtmpose_baseline
corpus_03,03.CCTV Mobile Usage.mkv,632de9ed55947761d56d4c6142a3cb1a1fe69d0b1a6d0e01a2e404c697962623,dfine_sahi,132867.0,keyboard,0.9052,962.04,451.94,1067.92,491.42,4179.9,105.88,39.48,2.682,False,,True,R-desk,37,evt_S-61_upper_body_0022,7b62738820a09667,lap_bag_context,no_pose_observation,34560.0,1.33,,1,cam12/e1/v1,
corpus_03,03.CCTV Mobile Usage.mkv,632de9ed55947761d56d4c6142a3cb1a1fe69d0b1a6d0e01a2e404c697962623,dfine_sahi,132867.0,phone,0.7134,1043.23,421.67,1112.49,473.93,3618.9,69.26,52.25,1.325,False,,True,R-desk,37,evt_S-61_upper_body_0022,7b62738820a09667,lap_bag_context,no_pose_observation,34560.0,1.33,,1,cam12/e1/v1,
corpus_03,03.CCTV Mobile Usage.mkv,632de9ed55947761d56d4c6142a3cb1a1fe69d0b1a6d0e01a2e404c697962623,dfine_sahi,132867.0,monitor_or_bezel,0.6755,910.19,411.1,1141.51,506.4,22046.5,231.32,95.31,2.427,False,,True,R-desk,37,evt_S-61_upper_body_0022,7b62738820a09667,lap_bag_context,no_pose_observation,34560.0,1.33,,1,cam12/e1/v1,
corpus_03,03.CCTV Mobile Usage.mkv,632de9ed55947761d56d4c6142a3cb1a1fe69d0b1a6d0e01a2e404c697962623,dfine_sahi,132867.0,keyboard,0.6428,962.83,452.33,1034.28,475.52,1656.8,71.45,23.19,3.081,False,,True,R-desk,37,evt_S-61_upper_body_0022,7b62738820a09667,lap_bag_context,no_pose_observation,34560.0,1.33,,1,cam12/e1/v1,
corpus_03,03.CCTV Mobile Usage.mkv,632de9ed55947761d56d4c6142a3cb1a1fe69d0b1a6d0e01a2e404c697962623,dfine_sahi,132867.0,monitor_or_bezel,0.6402,707.93,379.9,969.54,474.86,24844.6,261.61,94.97,2.755,False,,True,R-desk,37,evt_S-61_upper_body_0022,7b62738820a09667,lap_bag_context,no_pose_observation,34560.0,1.33,,1,cam12/e1/v1,
corpus_03,03.CCTV Mobile Usage.mkv,632de9ed55947761d56d4c6142a3cb1a1fe69d0b1a6d0e01a2e404c697962623,dfine_sahi,132867.0,monitor_or_bezel,0.6363,1018.92,395.75,1145.9,447.97,6630.9,126.98,52.22,2.432,False,,True,R-desk,37,evt_S-61_upper_body_0022,7b62738820a09667,lap_bag_context,no_pose_observation,34560.0,1.33,,1,cam12/e1/v1,
corpus_03,03.CCTV Mobile Usage.mkv,632de9ed55947761d56d4c6142a3cb1a1fe69d0b1a6d0e01a2e404c697962623,dfine_sahi,132867.0,unknown_object,0.6258,699.93,411.18,871.38,506.4,16325.2,171.45,95.22,1.801,False,,True,R-desk,37,evt_S-61_upper_body_0022,7b62738820a09667,lap_bag_context,no_pose_observation,34560.0,1.33,,1,cam12/e1/v1,
corpus_03,03.CCTV Mobile Usage.mkv,632de9ed55947761d56d4c6142a3cb1a1fe69d0b1a6d0e01a2e404c697962623,dfine_sahi,132867.0,keyboard,0.609,772.4,380.22,870.8,420.48,3961.9,98.4,40.26,2.444,False,,True,R-desk,37,evt_S-61_upper_body_0022,7b62738820a09667,lap_bag_context,no_pose_observation,34560.0,1.33,,1,cam12/e1/v1,
corpus_03,03.CCTV Mobile Usage.mkv,632de9ed55947761d56d4c6142a3cb1a1fe69d0b1a6d0e01a2e404c697962623,dfine_sahi,132867.0,monitor_or_bezel,0.6043,962.97,380.59,1152.86,474.92,17911.9,189.89,94.33,2.013,False,,True,R-desk,37,evt_S-61_upper_body_0022,7b62738820a09667,lap_bag_context,no_pose_observation,34560.0,1.33,,1,cam12/e1/v1,
corpus_03,03.CCTV Mobile Usage.mkv,632de9ed55947761d56d4c6142a3cb1a1fe69d0b1a6d0e01a2e404c697962623,dfine_sahi,132867.0,mouse,0.5902,864.88,413.57,891.5,435.51,583.9,26.62,21.94,1.213,False,,True,R-desk,37,evt_S-61_upper_body_0022,7b62738820a09667,lap_bag_context,no_pose_observation,34560.0,1.33,,1,cam12/e1/v1,
corpus_03,03.CCTV Mobile Usage.mkv,632de9ed55947761d56d4c6142a3cb1a1fe69d0b1a6d0e01a2e404c697962623,dfine_sahi,132867.0,unknown_object,0.4659,699.99,396.12,768.71,491.74,6571.0,68.72,95.62,0.719,False,,True,R-desk,37,evt_S-61_upper_body_0022,7b62738820a09667,lap_bag_context,no_pose_observation,34560.0,1.33,,1,cam12/e1/v1,
corpus_03,03.CCTV Mobile Usage.mkv,632de9ed55947761d56d4c6142a3cb1a1fe69d0b1a6d0e01a2e404c697962623,dfine_sahi,132867.0,keyboard,0.4576,910.01,411.2,1092.06,506.29,17311.9,182.05,95.09,1.914,False,,True,R-desk,37,evt_S-61_upper_body_0022,7b62738820a09667,lap_bag_context,no_pose_observation,34560.0,1.33,,1,cam12/e1/v1,
corpus_03,03.CCTV Mobile Usage.mkv,632de9ed55947761d56d4c6142a3cb1a1fe69d0b1a6d0e01a2e404c697962623,dfine_sahi,132867.0,unknown_object,0.4323,768.1,410.98,969.86,505.91,19152.9,201.75,94.93,2.125,False,,True,R-desk,37,evt_S-61_upper_body_0022,7b62738820a09667,lap_bag_context,no_pose_observation,34560.0,1.33,,1,cam12/e1/v1,
corpus_03,03.CCTV Mobile Usage.mkv,632de9ed55947761d56d4c6142a3cb1a1fe69d0b1a6d0e01a2e404c697962623,dfine_sahi,132867.0,keyboard,0.3329,802.01,396.23,870.68,420.82,1688.3,68.67,24.59,2.793,False,,True,R-desk,37,evt_S-61_upper_body_0022,7b62738820a09667,lap_bag_context,no_pose_observation,34560.0,1.33,,1,cam12/e1/v1,
corpus_03,03.CCTV Mobile Usage.mkv,632de9ed55947761d56d4c6142a3cb1a1fe69d0b1a6d0e01a2e404c697962623,dfine_sahi,132867.0,keyboard,0.3057,965.26,396.46,1097.18,474.9,10348.2,131.91,78.45,1.682,False,,True,R-desk,37,evt_S-61_upper_body_0022,7b62738820a09667,lap_bag_context,no_pose_observation,34560.0,1.33,,1,cam12/e1/v1,
corpus_03,03.CCTV Mobile Usage.mkv,632de9ed55947761d56d4c6142a3cb1a1fe69d0b1a6d0e01a2e404c697962623,dfine_sahi,132867.0,phone,0.2942,1052.08,411.34,1139.64,447.1,3131.7,87.56,35.77,2.448,False,,True,R-desk,37,evt_S-61_upper_body_0022,7b62738820a09667,lap_bag_context,no_pose_observation,34560.0,1.33,,1,cam12/e1/v1,
corpus_03,03.CCTV Mobile Usage.mkv,632de9ed55947761d56d4c6142a3cb1a1fe69d0b1a6d0e01a2e404c697962623,dfine_sahi,132867.0,mouse,0.2938,967.24,398.34,992.24,410.54,305.2,25.0,12.21,2.049,False,,True,R-desk,37,evt_S-61_upper_body_0022,7b62738820a09667,lap_bag_context,no_pose_observation,34560.0,1.33,,1,cam12/e1/v1,
corpus_03,03.CCTV Mobile Usage.mkv,632de9ed55947761d56d4c6142a3cb1a1fe69d0b1a6d0e01a2e404c697962623,dfine_sahi,132867.0,unknown_object,0.2678,880.74,411.35,969.88,505.61,8403.6,89.15,94.27,0.946,False,,True,R-desk,37,evt_S-61_upper_body_0022,7b62738820a09667,lap_bag_context,no_pose_observation,34560.0,1.33,,1,cam12/e1/v1,
corpus_03,03.CCTV Mobile Usage.mkv,632de9ed55947761d56d4c6142a3cb1a1fe69d0b1a6d0e01a2e404c697962623,dfine_sahi,132867.0,keyboard,0.9052,962.04,451.94,1067.92,491.42,4179.9,105.88,39.48,2.682,False,,True,R-desk,36,evt_S-61_upper_body_0022,7b62738820a09667,lap_bag_context,no_pose_observation,34560.0,1.33,,1,cam12/e1/v1,
corpus_03,03.CCTV Mobile Usage.mkv,632de9ed55947761d56d4c6142a3cb1a1fe69d0b1a6d0e01a2e404c697962623,dfine_sahi,132867.0,phone,0.7134,1043.23,421.67,1112.49,473.93,3618.9,69.26,52.25,1.325,False,,True,R-desk,36,evt_S-61_upper_body_0022,7b62738820a09667,lap_bag_context,no_pose_observation,34560.0,1.33,,1,cam12/e1/v1,
corpus_03,03.CCTV Mobile Usage.mkv,632de9ed55947761d56d4c6142a3cb1a1fe69d0b1a6d0e01a2e404c697962623,dfine_sahi,132867.0,monitor_or_bezel,0.6755,910.19,411.1,1141.51,506.4,22046.5,231.32,95.31,2.427,False,,True,R-desk,36,evt_S-61_upper_body_0022,7b62738820a09667,lap_bag_context,no_pose_observation,34560.0,1.33,,1,cam12/e1/v1,
corpus_03,03.CCTV Mobile Usage.mkv,632de9ed55947761d56d4c6142a3cb1a1fe69d0b1a6d0e01a2e404c697962623,dfine_sahi,132867.0,keyboard,0.6428,962.83,452.33,1034.28,475.52,1656.8,71.45,23.19,3.081,False,,True,R-desk,36,evt_S-61_upper_body_0022,7b62738820a09667,lap_bag_context,no_pose_observation,34560.0,1.33,,1,cam12/e1/v1,
corpus_03,03.CCTV Mobile Usage.mkv,632de9ed55947761d56d4c6142a3cb1a1fe69d0b1a6d0e01a2e404c697962623,dfine_sahi,132867.0,monitor_or_bezel,0.6402,707.93,379.9,969.54,474.86,24844.6,261.61,94.97,2.755,False,,True,R-desk,36,evt_S-61_upper_body_0022,7b62738820a09667,lap_bag_context,no_pose_observation,34560.0,1.33,,1,cam12/e1/v1,
corpus_03,03.CCTV Mobile Usage.mkv,632de9ed55947761d56d4c6142a3cb1a1fe69d0b1a6d0e01a2e404c697962623,dfine_sahi,132867.0,monitor_or_bezel,0.6363,1018.92,395.75,1145.9,447.97,6630.9,126.98,52.22,2.432,False,,True,R-desk,36,evt_S-61_upper_body_0022,7b62738820a09667,lap_bag_context,no_pose_observation,34560.0,1.33,,1,cam12/e1/v1,
corpus_03,03.CCTV Mobile Usage.mkv,632de9ed55947761d56d4c6142a3cb1a1fe69d0b1a6d0e01a2e404c697962623,dfine_sahi,132867.0,unknown_object,0.6258,699.93,411.18,871.38,506.4,16325.2,171.45,95.22,1.801,False,,True,R-desk,36,evt_S-61_upper_body_0022,7b62738820a09667,lap_bag_context,no_pose_observation,34560.0,1.33,,1,cam12/e1/v1,
corpus_03,03.CCTV Mobile Usage.mkv,632de9ed55947761d56d4c6142a3cb1a1fe69d0b1a6d0e01a2e404c697962623,dfine_sahi,132867.0,keyboard,0.609,772.4,380.22,870.8,420.48,3961.9,98.4,40.26,2.444,False,,True,R-desk,36,evt_S-61_upper_body_0022,7b62738820a09667,lap_bag_context,no_pose_observation,34560.0,1.33,,1,cam12/e1/v1,
corpus_03,03.CCTV Mobile Usage.mkv,632de9ed55947761d56d4c6142a3cb1a1fe69d0b1a6d0e01a2e404c697962623,dfine_sahi,132867.0,monitor_or_bezel,0.6043,962.97,380.59,1152.86,474.92,17911.9,189.89,94.33,2.013,False,,True,R-desk,36,evt_S-61_upper_body_0022,7b62738820a09667,lap_bag_context,no_pose_observation,34560.0,1.33,,1,cam12/e1/v1,
corpus_03,03.CCTV Mobile Usage.mkv,632de9ed55947761d56d4c6142a3cb1a1fe69d0b1a6d0e01a2e404c697962623,dfine_sahi,132867.0,mouse,0.5902,864.88,413.57,891.5,435.51,583.9,26.62,21.94,1.213,False,,True,R-desk,36,evt_S-61_upper_body_0022,7b62738820a09667,lap_bag_context,no_pose_observation,34560.0,1.33,,1,cam12/e1/v1,
corpus_03,03.CCTV Mobile Usage.mkv,632de9ed55947761d56d4c6142a3cb1a1fe69d0b1a6d0e01a2e404c697962623,dfine_sahi,132867.0,unknown_object,0.4659,699.99,396.12,768.71,491.74,6571.0,68.72,95.62,0.719,False,,True,R-desk,36,evt_S-61_upper_body_0022,7b62738820a09667,lap_bag_context,no_pose_observation,34560.0,1.33,,1,cam12/e1/v1,
corpus_03,03.CCTV Mobile Usage.mkv,632de9ed55947761d56d4c6142a3cb1a1fe69d0b1a6d0e01a2e404c697962623,dfine_sahi,132867.0,keyboard,0.4576,910.01,411.2,1092.06,506.29,17311.9,182.05,95.09,1.914,False,,True,R-desk,36,evt_S-61_upper_body_0022,7b62738820a09667,lap_bag_context,no_pose_observation,34560.0,1.33,,1,cam12/e1/v1,
corpus_03,03.CCTV Mobile Usage.mkv,632de9ed55947761d56d4c6142a3cb1a1fe69d0b1a6d0e01a2e404c697962623,dfine_sahi,132867.0,unknown_object,0.4323,768.1,410.98,969.86,505.91,19152.9,201.75,94.93,2.125,False,,True,R-desk,36,evt_S-61_upper_body_0022,7b62738820a09667,lap_bag_context,no_pose_observation,34560.0,1.33,,1,cam12/e1/v1,
corpus_03,03.CCTV Mobile Usage.mkv,632de9ed55947761d56d4c6142a3cb1a1fe69d0b1a6d0e01a2e404c697962623,dfine_sahi,132867.0,keyboard,0.3329,802.01,396.23,870.68,420.82,1688.3,68.67,24.59,2.793,False,,True,R-desk,36,evt_S-61_upper_body_0022,7b62738820a09667,lap_bag_context,no_pose_observation,34560.0,1.33,,1,cam12/e1/v1,
corpus_03,03.CCTV Mobile Usage.mkv,632de9ed55947761d56d4c6142a3cb1a1fe69d0b1a6d0e01a2e404c697962623,dfine_sahi,132867.0,keyboard,0.3057,965.26,396.46,1097.18,474.9,10348.2,131.91,78.45,1.682,False,,True,R-desk,36,evt_S-61_upper_body_0022,7b62738820a09667,lap_bag_context,no_pose_observation,34560.0,1.33,,1,cam12/e1/v1,
corpus_03,03.CCTV Mobile Usage.mkv,632de9ed55947761d56d4c6142a3cb1a1fe69d0b1a6d0e01a2e404c697962623,dfine_sahi,132867.0,phone,0.2942,1052.08,411.34,1139.64,447.1,3131.7,87.56,35.77,2.448,False,,True,R-desk,36,evt_S-61_upper_body_0022,7b62738820a09667,lap_bag_context,no_pose_observation,34560.0,1.33,,1,cam12/e1/v1,
corpus_03,03.CCTV Mobile Usage.mkv,632de9ed55947761d56d4c6142a3cb1a1fe69d0b1a6d0e01a2e404c697962623,dfine_sahi,132867.0,mouse,0.2938,967.24,398.34,992.24,410.54,305.2,25.0,12.21,2.049,False,,True,R-desk,36,evt_S-61_upper_body_0022,7b62738820a09667,lap_bag_context,no_pose_observation,34560.0,1.33,,1,cam12/e1/v1,
corpus_03,03.CCTV Mobile Usage.mkv,632de9ed55947761d56d4c6142a3cb1a1fe69d0b1a6d0e01a2e404c697962623,dfine_sahi,132867.0,unknown_object,0.2678,880.74,411.35,969.88,505.61,8403.6,89.15,94.27,0.946,False,,True,R-desk,36,evt_S-61_upper_body_0022,7b62738820a09667,lap_bag_context,no_pose_observation,34560.0,1.33,,1,cam12/e1/v1,
corpus_03,03.CCTV Mobile Usage.mkv,632de9ed55947761d56d4c6142a3cb1a1fe69d0b1a6d0e01a2e404c697962623,dfine_sahi,132867.0,unknown_object,0.5404,153.55,512.18,279.92,644.26,16691.2,126.37,132.08,0.957,False,,True,S-61,33,evt_S-61_upper_body_0022,8cf2bbf89c894fa5,pose_hand_context,,56188.0,2.7,,1,cam12/e1/v1,rtmpose_baseline
corpus_03,03.CCTV Mobile Usage.mkv,632de9ed55947761d56d4c6142a3cb1a1fe69d0b1a6d0e01a2e404c697962623,dfine_sahi,132867.0,unknown_object,0.4204,147.36,408.12,279.93,515.68,14257.9,132.57,107.55,1.233,False,,True,S-61,33,evt_S-61_upper_body_0022,8cf2bbf89c894fa5,pose_hand_context,,56188.0,2.7,,1,cam12/e1/v1,rtmpose_baseline
corpus_03,03.CCTV Mobile Usage.mkv,632de9ed55947761d56d4c6142a3cb1a1fe69d0b1a6d0e01a2e404c697962623,dfine_sahi,132867.0,unknown_object,0.3947,250.03,408.3,383.94,539.63,17587.2,133.91,131.33,1.02,False,,True,S-61,33,evt_S-61_upper_body_0022,8cf2bbf89c894fa5,pose_hand_context,,56188.0,2.7,,1,cam12/e1/v1,rtmpose_baseline
corpus_03,03.CCTV Mobile Usage.mkv,632de9ed55947761d56d4c6142a3cb1a1fe69d0b1a6d0e01a2e404c697962623,dfine_sahi,132867.0,unknown_object,0.3644,250.04,552.51,359.32,644.12,10010.2,109.28,91.6,1.193,False,,True,S-61,33,evt_S-61_upper_body_0022,8cf2bbf89c894fa5,pose_hand_context,,56188.0,2.7,,1,cam12/e1/v1,rtmpose_baseline
corpus_03,03.CCTV Mobile Usage.mkv,632de9ed55947761d56d4c6142a3cb1a1fe69d0b1a6d0e01a2e404c697962623,dfine_sahi,132867.0,stationery,0.3565,171.83,464.01,209.79,495.45,1193.6,37.96,31.44,1.207,False,,True,S-61,33,evt_S-61_upper_body_0022,8cf2bbf89c894fa5,pose_hand_context,,56188.0,2.7,,1,cam12/e1/v1,rtmpose_baseline
corpus_03,03.CCTV Mobile Usage.mkv,632de9ed55947761d56d4c6142a3cb1a1fe69d0b1a6d0e01a2e404c697962623,dfine_sahi,132867.0,unknown_object,0.2863,250.05,605.1,345.97,644.41,3770.9,95.92,39.31,2.44,False,,True,S-61,33,evt_S-61_upper_body_0022,8cf2bbf89c894fa5,pose_hand_context,,56188.0,2.7,,1,cam12/e1/v1,rtmpose_baseline
corpus_03,03.CCTV Mobile Usage.mkv,632de9ed55947761d56d4c6142a3cb1a1fe69d0b1a6d0e01a2e404c697962623,dfine_sahi,132867.0,unknown_object,0.2709,318.72,554.97,357.95,606.09,2005.4,39.23,51.11,0.768,False,,True,S-61,33,evt_S-61_upper_body_0022,8cf2bbf89c894fa5,pose_hand_context,,56188.0,2.7,,1,cam12/e1/v1,rtmpose_baseline
corpus_03,03.CCTV Mobile Usage.mkv,632de9ed55947761d56d4c6142a3cb1a1fe69d0b1a6d0e01a2e404c697962623,dfine_sahi,132867.0,unknown_object,0.2667,147.01,493.92,176.74,522.92,862.3,29.73,29.0,1.025,False,,True,S-61,33,evt_S-61_upper_body_0022,8cf2bbf89c894fa5,pose_hand_context,,56188.0,2.7,,1,cam12/e1/v1,rtmpose_baseline
corpus_03,03.CCTV Mobile Usage.mkv,632de9ed55947761d56d4c6142a3cb1a1fe69d0b1a6d0e01a2e404c697962623,dfine_sahi,132867.0,unknown_object,0.2508,147.0,491.95,279.96,540.81,6496.5,132.96,48.86,2.721,False,,True,S-61,33,evt_S-61_upper_body_0022,8cf2bbf89c894fa5,pose_hand_context,,56188.0,2.7,,1,cam12/e1/v1,rtmpose_baseline
corpus_03,03.CCTV Mobile Usage.mkv,632de9ed55947761d56d4c6142a3cb1a1fe69d0b1a6d0e01a2e404c697962623,dfine_sahi,133867.0,unknown_object,0.5956,133.13,436.43,331.8,633.42,39136.3,198.67,196.99,1.009,False,,True,S-61,33,evt_S-61_upper_body_0022,3a65d52bb31ff068,pose_hand_context,,39537.3,3.22,,1,cam12/e1/v1,rtmpose_baseline
corpus_03,03.CCTV Mobile Usage.mkv,632de9ed55947761d56d4c6142a3cb1a1fe69d0b1a6d0e01a2e404c697962623,dfine_sahi,133867.0,unknown_object,0.5235,132.97,523.11,244.94,634.56,12478.2,111.96,111.45,1.005,False,,True,S-61,33,evt_S-61_upper_body_0022,3a65d52bb31ff068,pose_hand_context,,39537.3,3.22,,1,cam12/e1/v1,rtmpose_baseline
corpus_03,03.CCTV Mobile Usage.mkv,632de9ed55947761d56d4c6142a3cb1a1fe69d0b1a6d0e01a2e404c697962623,dfine_sahi,133867.0,unknown_object,0.4811,132.99,436.57,176.29,486.95,2181.5,43.3,50.38,0.859,False,,True,S-61,33,evt_S-61_upper_body_0022,3a65d52bb31ff068,pose_hand_context,,39537.3,3.22,,1,cam12/e1/v1,rtmpose_baseline
corpus_03,03.CCTV Mobile Usage.mkv,632de9ed55947761d56d4c6142a3cb1a1fe69d0b1a6d0e01a2e404c697962623,dfine_sahi,133867.0,unknown_object,0.4247,220.02,436.26,331.96,547.33,12432.3,111.93,111.07,1.008,False,,True,S-61,33,evt_S-61_upper_body_0022,3a65d52bb31ff068,pose_hand_context,,39537.3,3.22,,1,cam12/e1/v1,rtmpose_baseline
corpus_03,03.CCTV Mobile Usage.mkv,632de9ed55947761d56d4c6142a3cb1a1fe69d0b1a6d0e01a2e404c697962623,dfine_sahi,133867.0,unknown_object,0.4018,142.38,494.85,177.09,522.35,954.6,34.71,27.5,1.262,False,,True,S-61,33,evt_S-61_upper_body_0022,3a65d52bb31ff068,pose_hand_context,,39537.3,3.22,,1,cam12/e1/v1,rtmpose_baseline
corpus_03,03.CCTV Mobile Usage.mkv,632de9ed55947761d56d4c6142a3cb1a1fe69d0b1a6d0e01a2e404c697962623,dfine_sahi,133867.0,unknown_object,0.371,220.02,523.86,331.93,565.94,4709.6,111.9,42.09,2.659,False,,True,S-61,33,evt_S-61_upper_body_0022,3a65d52bb31ff068,pose_hand_context,,39537.3,3.22,,1,cam12/e1/v1,rtmpose_baseline
corpus_03,03.CCTV Mobile Usage.mkv,632de9ed55947761d56d4c6142a3cb1a1fe69d0b1a6d0e01a2e404c697962623,dfine_sahi,133867.0,unknown_object,0.3361,133.01,436.22,244.93,547.48,12450.8,111.91,111.26,1.006,False,,True,S-61,33,evt_S-61_upper_body_0022,3a65d52bb31ff068,pose_hand_context,,39537.3,3.22,,1,cam12/e1/v1,rtmpose_baseline
corpus_03,03.CCTV Mobile Usage.mkv,632de9ed55947761d56d4c6142a3cb1a1fe69d0b1a6d0e01a2e404c697962623,dfine_sahi,133867.0,unknown_object,0.3304,133.01,473.98,178.8,514.19,1841.1,45.79,40.21,1.139,False,,True,S-61,33,evt_S-61_upper_body_0022,3a65d52bb31ff068,pose_hand_context,,39537.3,3.22,,1,cam12/e1/v1,rtmpose_baseline
corpus_03,03.CCTV Mobile Usage.mkv,632de9ed55947761d56d4c6142a3cb1a1fe69d0b1a6d0e01a2e404c697962623,dfine_sahi,133867.0,stationery,0.32,133.05,473.75,178.65,514.11,1840.8,45.61,40.36,1.13,False,,True,S-61,33,evt_S-61_upper_body_0022,3a65d52bb31ff068,pose_hand_context,,39537.3,3.22,,1,cam12/e1/v1,rtmpose_baseline
corpus_03,03.CCTV Mobile Usage.mkv,632de9ed55947761d56d4c6142a3cb1a1fe69d0b1a6d0e01a2e404c697962623,dfine_sahi,133867.0,unknown_object,0.2564,221.22,447.48,239.81,465.29,331.0,18.59,17.81,1.044,False,,True,S-61,33,evt_S-61_upper_body_0022,3a65d52bb31ff068,pose_hand_context,,39537.3,3.22,,1,cam12/e1/v1,rtmpose_baseline
corpus_03,03.CCTV Mobile Usage.mkv,632de9ed55947761d56d4c6142a3cb1a1fe69d0b1a6d0e01a2e404c697962623,dfine_sahi,133867.0,unknown_object,0.2532,220.05,512.84,331.97,547.56,3886.0,111.92,34.72,3.223,False,,True,S-61,33,evt_S-61_upper_body_0022,3a65d52bb31ff068,pose_hand_context,,39537.3,3.22,,1,cam12/e1/v1,rtmpose_baseline
corpus_03,03.CCTV Mobile Usage.mkv,632de9ed55947761d56d4c6142a3cb1a1fe69d0b1a6d0e01a2e404c697962623,dfine_sahi,133867.0,unknown_object,0.2522,163.43,445.21,198.21,489.75,1549.2,34.79,44.54,0.781,False,,True,S-61,33,evt_S-61_upper_body_0022,3a65d52bb31ff068,pose_hand_context,,39537.3,3.22,,1,cam12/e1/v1,rtmpose_baseline
corpus_03,03.CCTV Mobile Usage.mkv,632de9ed55947761d56d4c6142a3cb1a1fe69d0b1a6d0e01a2e404c697962623,dfine_sahi,133867.0,keyboard,0.9044,961.99,451.95,1067.93,491.43,4182.1,105.94,39.48,2.684,False,,True,R-desk,38,evt_S-61_upper_body_0022,f1a8113867df619c,lap_bag_context,no_pose_observation,34560.0,1.33,,1,cam12/e1/v1,
corpus_03,03.CCTV Mobile Usage.mkv,632de9ed55947761d56d4c6142a3cb1a1fe69d0b1a6d0e01a2e404c697962623,dfine_sahi,133867.0,phone,0.6998,1043.35,421.84,1112.52,473.82,3595.8,69.17,51.98,1.331,False,,True,R-desk,38,evt_S-61_upper_body_0022,f1a8113867df619c,lap_bag_context,no_pose_observation,34560.0,1.33,,1,cam12/e1/v1,
corpus_03,03.CCTV Mobile Usage.mkv,632de9ed55947761d56d4c6142a3cb1a1fe69d0b1a6d0e01a2e404c697962623,dfine_sahi,133867.0,monitor_or_bezel,0.6753,910.19,411.13,1141.61,506.43,22056.0,231.42,95.31,2.428,False,,True,R-desk,38,evt_S-61_upper_body_0022,f1a8113867df619c,lap_bag_context,no_pose_observation,34560.0,1.33,,1,cam12/e1/v1,
corpus_03,03.CCTV Mobile Usage.mkv,632de9ed55947761d56d4c6142a3cb1a1fe69d0b1a6d0e01a2e404c697962623,dfine_sahi,133867.0,keyboard,0.6381,962.74,452.34,1034.25,475.52,1657.6,71.5,23.18,3.085,False,,True,R-desk,38,evt_S-61_upper_body_0022,f1a8113867df619c,lap_bag_context,no_pose_observation,34560.0,1.33,,1,cam12/e1/v1,
corpus_03,03.CCTV Mobile Usage.mkv,632de9ed55947761d56d4c6142a3cb1a1fe69d0b1a6d0e01a2e404c697962623,dfine_sahi,133867.0,monitor_or_bezel,0.636,707.93,379.9,969.53,474.86,24842.5,261.59,94.97,2.755,False,,True,R-desk,38,evt_S-61_upper_body_0022,f1a8113867df619c,lap_bag_context,no_pose_observation,34560.0,1.33,,1,cam12/e1/v1,
corpus_03,03.CCTV Mobile Usage.mkv,632de9ed55947761d56d4c6142a3cb1a1fe69d0b1a6d0e01a2e404c697962623,dfine_sahi,133867.0,monitor_or_bezel,0.6332,1018.89,395.72,1145.92,447.9,6628.2,127.03,52.18,2.434,False,,True,R-desk,38,evt_S-61_upper_body_0022,f1a8113867df619c,lap_bag_context,no_pose_observation,34560.0,1.33,,1,cam12/e1/v1,
corpus_03,03.CCTV Mobile Usage.mkv,632de9ed55947761d56d4c6142a3cb1a1fe69d0b1a6d0e01a2e404c697962623,dfine_sahi,133867.0,unknown_object,0.6261,699.93,411.18,871.38,506.4,16325.4,171.44,95.22,1.8,False,,True,R-desk,38,evt_S-61_upper_body_0022,f1a8113867df619c,lap_bag_context,no_pose_observation,34560.0,1.33,,1,cam12/e1/v1,
corpus_03,03.CCTV Mobile Usage.mkv,632de9ed55947761d56d4c6142a3cb1a1fe69d0b1a6d0e01a2e404c697962623,dfine_sahi,133867.0,keyboard,0.6106,772.4,380.22,870.8,420.48,3962.3,98.4,40.27,2.444,False,,True,R-desk,38,evt_S-61_upper_body_0022,f1a8113867df619c,lap_bag_context,no_pose_observation,34560.0,1.33,,1,cam12/e1/v1,
corpus_03,03.CCTV Mobile Usage.mkv,632de9ed55947761d56d4c6142a3cb1a1fe69d0b1a6d0e01a2e404c697962623,dfine_sahi,133867.0,mouse,0.5946,864.88,413.57,891.5,435.51,584.1,26.62,21.94,1.213,False,,True,R-desk,38,evt_S-61_upper_body_0022,f1a8113867df619c,lap_bag_context,no_pose_observation,34560.0,1.33,,1,cam12/e1/v1,
corpus_03,03.CCTV Mobile Usage.mkv,632de9ed55947761d56d4c6142a3cb1a1fe69d0b1a6d0e01a2e404c697962623,dfine_sahi,133867.0,monitor_or_bezel,0.579,963.11,380.65,1152.82,474.93,17886.6,189.71,94.28,2.012,False,,True,R-desk,38,evt_S-61_upper_body_0022,f1a8113867df619c,lap_bag_context,no_pose_observation,34560.0,1.33,,1,cam12/e1/v1,
corpus_03,03.CCTV Mobile Usage.mkv,632de9ed55947761d56d4c6142a3cb1a1fe69d0b1a6d0e01a2e404c697962623,dfine_sahi,133867.0,keyboard,0.4778,910.02,411.21,1092.02,506.31,17308.4,182.01,95.1,1.914,False,,True,R-desk,38,evt_S-61_upper_body_0022,f1a8113867df619c,lap_bag_context,no_pose_observation,34560.0,1.33,,1,cam12/e1/v1,
corpus_03,03.CCTV Mobile Usage.mkv,632de9ed55947761d56d4c6142a3cb1a1fe69d0b1a6d0e01a2e404c697962623,dfine_sahi,133867.0,unknown_object,0.466,699.99,396.12,768.71,491.73,6570.3,68.72,95.61,0.719,False,,True,R-desk,38,evt_S-61_upper_body_0022,f1a8113867df619c,lap_bag_context,no_pose_observation,34560.0,1.33,,1,cam12/e1/v1,
corpus_03,03.CCTV Mobile Usage.mkv,632de9ed55947761d56d4c6142a3cb1a1fe69d0b1a6d0e01a2e404c697962623,dfine_sahi,133867.0,unknown_object,0.4309,768.12,410.98,969.86,505.91,19152.1,201.74,94.93,2.125,False,,True,R-desk,38,evt_S-61_upper_body_0022,f1a8113867df619c,lap_bag_context,no_pose_observation,34560.0,1.33,,1,cam12/e1/v1,
corpus_03,03.CCTV Mobile Usage.mkv,632de9ed55947761d56d4c6142a3cb1a1fe69d0b1a6d0e01a2e404c697962623,dfine_sahi,133867.0,keyboard,0.3318,801.99,396.23,870.68,420.82,1689.2,68.69,24.59,2.794,False,,True,R-desk,38,evt_S-61_upper_body_0022,f1a8113867df619c,lap_bag_context,no_pose_observation,34560.0,1.33,,1,cam12/e1/v1,
corpus_03,03.CCTV Mobile Usage.mkv,632de9ed55947761d56d4c6142a3cb1a1fe69d0b1a6d0e01a2e404c697962623,dfine_sahi,133867.0,keyboard,0.3213,964.76,396.37,1097.91,474.92,10459.3,133.14,78.56,1.695,False,,True,R-desk,38,evt_S-61_upper_body_0022,f1a8113867df619c,lap_bag_context,no_pose_observation,34560.0,1.33,,1,cam12/e1/v1,
corpus_03,03.CCTV Mobile Usage.mkv,632de9ed55947761d56d4c6142a3cb1a1fe69d0b1a6d0e01a2e404c697962623,dfine_sahi,133867.0,mouse,0.2853,967.23,398.34,992.25,410.55,305.6,25.02,12.21,2.049,False,,True,R-desk,38,evt_S-61_upper_body_0022,f1a8113867df619c,lap_bag_context,no_pose_observation,34560.0,1.33,,1,cam12/e1/v1,
corpus_03,03.CCTV Mobile Usage.mkv,632de9ed55947761d56d4c6142a3cb1a1fe69d0b1a6d0e01a2e404c697962623,dfine_sahi,133867.0,phone,0.28,1052.47,411.34,1139.72,447.08,3118.8,87.26,35.74,2.441,False,,True,R-desk,38,evt_S-61_upper_body_0022,f1a8113867df619c,lap_bag_context,no_pose_observation,34560.0,1.33,,1,cam12/e1/v1,
corpus_03,03.CCTV Mobile Usage.mkv,632de9ed55947761d56d4c6142a3cb1a1fe69d0b1a6d0e01a2e404c697962623,dfine_sahi,133867.0,unknown_object,0.2663,880.69,411.34,969.88,505.62,8408.1,89.19,94.27,0.946,False,,True,R-desk,38,evt_S-61_upper_body_0022,f1a8113867df619c,lap_bag_context,no_pose_observation,34560.0,1.33,,1,cam12/e1/v1,
corpus_03,03.CCTV Mobile Usage.mkv,632de9ed55947761d56d4c6142a3cb1a1fe69d0b1a6d0e01a2e404c697962623,dfine_sahi,133867.0,keyboard,0.9044,961.99,451.95,1067.93,491.43,4182.1,105.94,39.48,2.684,False,,True,R-desk,36,evt_S-61_upper_body_0022,f1a8113867df619c,lap_bag_context,no_pose_observation,34560.0,1.33,,1,cam12/e1/v1,
corpus_03,03.CCTV Mobile Usage.mkv,632de9ed55947761d56d4c6142a3cb1a1fe69d0b1a6d0e01a2e404c697962623,dfine_sahi,133867.0,phone,0.6998,1043.35,421.84,1112.52,473.82,3595.8,69.17,51.98,1.331,False,,True,R-desk,36,evt_S-61_upper_body_0022,f1a8113867df619c,lap_bag_context,no_pose_observation,34560.0,1.33,,1,cam12/e1/v1,
corpus_03,03.CCTV Mobile Usage.mkv,632de9ed55947761d56d4c6142a3cb1a1fe69d0b1a6d0e01a2e404c697962623,dfine_sahi,133867.0,monitor_or_bezel,0.6753,910.19,411.13,1141.61,506.43,22056.0,231.42,95.31,2.428,False,,True,R-desk,36,evt_S-61_upper_body_0022,f1a8113867df619c,lap_bag_context,no_pose_observation,34560.0,1.33,,1,cam12/e1/v1,
corpus_03,03.CCTV Mobile Usage.mkv,632de9ed55947761d56d4c6142a3cb1a1fe69d0b1a6d0e01a2e404c697962623,dfine_sahi,133867.0,keyboard,0.6381,962.74,452.34,1034.25,475.52,1657.6,71.5,23.18,3.085,False,,True,R-desk,36,evt_S-61_upper_body_0022,f1a8113867df619c,lap_bag_context,no_pose_observation,34560.0,1.33,,1,cam12/e1/v1,
corpus_03,03.CCTV Mobile Usage.mkv,632de9ed55947761d56d4c6142a3cb1a1fe69d0b1a6d0e01a2e404c697962623,dfine_sahi,133867.0,monitor_or_bezel,0.636,707.93,379.9,969.53,474.86,24842.5,261.59,94.97,2.755,False,,True,R-desk,36,evt_S-61_upper_body_0022,f1a8113867df619c,lap_bag_context,no_pose_observation,34560.0,1.33,,1,cam12/e1/v1,
corpus_03,03.CCTV Mobile Usage.mkv,632de9ed55947761d56d4c6142a3cb1a1fe69d0b1a6d0e01a2e404c697962623,dfine_sahi,133867.0,monitor_or_bezel,0.6332,1018.89,395.72,1145.92,447.9,6628.2,127.03,52.18,2.434,False,,True,R-desk,36,evt_S-61_upper_body_0022,f1a8113867df619c,lap_bag_context,no_pose_observation,34560.0,1.33,,1,cam12/e1/v1,
corpus_03,03.CCTV Mobile Usage.mkv,632de9ed55947761d56d4c6142a3cb1a1fe69d0b1a6d0e01a2e404c697962623,dfine_sahi,133867.0,unknown_object,0.6261,699.93,411.18,871.38,506.4,16325.4,171.44,95.22,1.8,False,,True,R-desk,36,evt_S-61_upper_body_0022,f1a8113867df619c,lap_bag_context,no_pose_observation,34560.0,1.33,,1,cam12/e1/v1,
corpus_03,03.CCTV Mobile Usage.mkv,632de9ed55947761d56d4c6142a3cb1a1fe69d0b1a6d0e01a2e404c697962623,dfine_sahi,133867.0,keyboard,0.6106,772.4,380.22,870.8,420.48,3962.3,98.4,40.27,2.444,False,,True,R-desk,36,evt_S-61_upper_body_0022,f1a8113867df619c,lap_bag_context,no_pose_observation,34560.0,1.33,,1,cam12/e1/v1,
corpus_03,03.CCTV Mobile Usage.mkv,632de9ed55947761d56d4c6142a3cb1a1fe69d0b1a6d0e01a2e404c697962623,dfine_sahi,133867.0,mouse,0.5946,864.88,413.57,891.5,435.51,584.1,26.62,21.94,1.213,False,,True,R-desk,36,evt_S-61_upper_body_0022,f1a8113867df619c,lap_bag_context,no_pose_observation,34560.0,1.33,,1,cam12/e1/v1,
corpus_03,03.CCTV Mobile Usage.mkv,632de9ed55947761d56d4c6142a3cb1a1fe69d0b1a6d0e01a2e404c697962623,dfine_sahi,133867.0,monitor_or_bezel,0.579,963.11,380.65,1152.82,474.93,17886.6,189.71,94.28,2.012,False,,True,R-desk,36,evt_S-61_upper_body_0022,f1a8113867df619c,lap_bag_context,no_pose_observation,34560.0,1.33,,1,cam12/e1/v1,
corpus_03,03.CCTV Mobile Usage.mkv,632de9ed55947761d56d4c6142a3cb1a1fe69d0b1a6d0e01a2e404c697962623,dfine_sahi,133867.0,keyboard,0.4778,910.02,411.21,1092.02,506.31,17308.4,182.01,95.1,1.914,False,,True,R-desk,36,evt_S-61_upper_body_0022,f1a8113867df619c,lap_bag_context,no_pose_observation,34560.0,1.33,,1,cam12/e1/v1,
corpus_03,03.CCTV Mobile Usage.mkv,632de9ed55947761d56d4c6142a3cb1a1fe69d0b1a6d0e01a2e404c697962623,dfine_sahi,133867.0,unknown_object,0.466,699.99,396.12,768.71,491.73,6570.3,68.72,95.61,0.719,False,,True,R-desk,36,evt_S-61_upper_body_0022,f1a8113867df619c,lap_bag_context,no_pose_observation,34560.0,1.33,,1,cam12/e1/v1,
corpus_03,03.CCTV Mobile Usage.mkv,632de9ed55947761d56d4c6142a3cb1a1fe69d0b1a6d0e01a2e404c697962623,dfine_sahi,133867.0,unknown_object,0.4309,768.12,410.98,969.86,505.91,19152.1,201.74,94.93,2.125,False,,True,R-desk,36,evt_S-61_upper_body_0022,f1a8113867df619c,lap_bag_context,no_pose_observation,34560.0,1.33,,1,cam12/e1/v1,
corpus_03,03.CCTV Mobile Usage.mkv,632de9ed55947761d56d4c6142a3cb1a1fe69d0b1a6d0e01a2e404c697962623,dfine_sahi,133867.0,keyboard,0.3318,801.99,396.23,870.68,420.82,1689.2,68.69,24.59,2.794,False,,True,R-desk,36,evt_S-61_upper_body_0022,f1a8113867df619c,lap_bag_context,no_pose_observation,34560.0,1.33,,1,cam12/e1/v1,
corpus_03,03.CCTV Mobile Usage.mkv,632de9ed55947761d56d4c6142a3cb1a1fe69d0b1a6d0e01a2e404c697962623,dfine_sahi,133867.0,keyboard,0.3213,964.76,396.37,1097.91,474.92,10459.3,133.14,78.56,1.695,False,,True,R-desk,36,evt_S-61_upper_body_0022,f1a8113867df619c,lap_bag_context,no_pose_observation,34560.0,1.33,,1,cam12/e1/v1,
corpus_03,03.CCTV Mobile Usage.mkv,632de9ed55947761d56d4c6142a3cb1a1fe69d0b1a6d0e01a2e404c697962623,dfine_sahi,133867.0,mouse,0.2853,967.23,398.34,992.25,410.55,305.6,25.02,12.21,2.049,False,,True,R-desk,36,evt_S-61_upper_body_0022,f1a8113867df619c,lap_bag_context,no_pose_observation,34560.0,1.33,,1,cam12/e1/v1,
corpus_03,03.CCTV Mobile Usage.mkv,632de9ed55947761d56d4c6142a3cb1a1fe69d0b1a6d0e01a2e404c697962623,dfine_sahi,133867.0,phone,0.28,1052.47,411.34,1139.72,447.08,3118.8,87.26,35.74,2.441,False,,True,R-desk,36,evt_S-61_upper_body_0022,f1a8113867df619c,lap_bag_context,no_pose_observation,34560.0,1.33,,1,cam12/e1/v1,
corpus_03,03.CCTV Mobile Usage.mkv,632de9ed55947761d56d4c6142a3cb1a1fe69d0b1a6d0e01a2e404c697962623,dfine_sahi,133867.0,unknown_object,0.2663,880.69,411.34,969.88,505.62,8408.1,89.19,94.27,0.946,False,,True,R-desk,36,evt_S-61_upper_body_0022,f1a8113867df619c,lap_bag_context,no_pose_observation,34560.0,1.33,,1,cam12/e1/v1,
corpus_03,03.CCTV Mobile Usage.mkv,632de9ed55947761d56d4c6142a3cb1a1fe69d0b1a6d0e01a2e404c697962623,dfine_sahi,134867.0,keyboard,0.9174,961.88,451.96,1067.85,491.45,4184.4,105.97,39.49,2.684,False,,True,R-desk,36,evt_S-61_upper_body_0022,0e31788d13d3d0fd,lap_bag_context,no_pose_observation,34560.0,1.33,,1,cam12/e1/v1,
corpus_03,03.CCTV Mobile Usage.mkv,632de9ed55947761d56d4c6142a3cb1a1fe69d0b1a6d0e01a2e404c697962623,dfine_sahi,134867.0,phone,0.699,1043.43,421.63,1112.76,473.76,3614.2,69.32,52.13,1.33,False,,True,R-desk,36,evt_S-61_upper_body_0022,0e31788d13d3d0fd,lap_bag_context,no_pose_observation,34560.0,1.33,,1,cam12/e1/v1,
corpus_03,03.CCTV Mobile Usage.mkv,632de9ed55947761d56d4c6142a3cb1a1fe69d0b1a6d0e01a2e404c697962623,dfine_sahi,134867.0,monitor_or_bezel,0.6908,1019.05,395.65,1145.72,447.85,6612.1,126.66,52.2,2.426,False,,True,R-desk,36,evt_S-61_upper_body_0022,0e31788d13d3d0fd,lap_bag_context,no_pose_observation,34560.0,1.33,,1,cam12/e1/v1,
corpus_03,03.CCTV Mobile Usage.mkv,632de9ed55947761d56d4c6142a3cb1a1fe69d0b1a6d0e01a2e404c697962623,dfine_sahi,134867.0,unknown_object,0.6808,699.9,396.16,847.81,492.0,14174.8,147.9,95.84,1.543,False,,True,R-desk,36,evt_S-61_upper_body_0022,0e31788d13d3d0fd,lap_bag_context,no_pose_observation,34560.0,1.33,,1,cam12/e1/v1,
corpus_03,03.CCTV Mobile Usage.mkv,632de9ed55947761d56d4c6142a3cb1a1fe69d0b1a6d0e01a2e404c697962623,dfine_sahi,134867.0,monitor_or_bezel,0.6545,910.24,411.12,1141.26,506.4,22010.2,231.02,95.27,2.425,False,,True,R-desk,36,evt_S-61_upper_body_0022,0e31788d13d3d0fd,lap_bag_context,no_pose_observation,34560.0,1.33,,1,cam12/e1/v1,
corpus_03,03.CCTV Mobile Usage.mkv,632de9ed55947761d56d4c6142a3cb1a1fe69d0b1a6d0e01a2e404c697962623,dfine_sahi,134867.0,mouse,0.6242,864.69,413.62,891.33,435.7,588.4,26.65,22.08,1.207,False,,True,R-desk,36,evt_S-61_upper_body_0022,0e31788d13d3d0fd,lap_bag_context,no_pose_observation,34560.0,1.33,,1,cam12/e1/v1,
corpus_03,03.CCTV Mobile Usage.mkv,632de9ed55947761d56d4c6142a3cb1a1fe69d0b1a6d0e01a2e404c697962623,dfine_sahi,134867.0,keyboard,0.6037,962.64,452.43,1034.25,475.54,1654.8,71.61,23.11,3.099,False,,True,R-desk,36,evt_S-61_upper_body_0022,0e31788d13d3d0fd,lap_bag_context,no_pose_observation,34560.0,1.33,,1,cam12/e1/v1,
corpus_03,03.CCTV Mobile Usage.mkv,632de9ed55947761d56d4c6142a3cb1a1fe69d0b1a6d0e01a2e404c697962623,dfine_sahi,134867.0,keyboard,0.5954,772.29,380.19,870.86,420.45,3968.4,98.57,40.26,2.448,False,,True,R-desk,36,evt_S-61_upper_body_0022,0e31788d13d3d0fd,lap_bag_context,no_pose_observation,34560.0,1.33,,1,cam12/e1/v1,
corpus_03,03.CCTV Mobile Usage.mkv,632de9ed55947761d56d4c6142a3cb1a1fe69d0b1a6d0e01a2e404c697962623,dfine_sahi,134867.0,monitor_or_bezel,0.5921,962.24,380.44,1152.75,474.98,18010.3,190.51,94.54,2.015,False,,True,R-desk,36,evt_S-61_upper_body_0022,0e31788d13d3d0fd,lap_bag_context,no_pose_observation,34560.0,1.33,,1,cam12/e1/v1,
corpus_03,03.CCTV Mobile Usage.mkv,632de9ed55947761d56d4c6142a3cb1a1fe69d0b1a6d0e01a2e404c697962623,dfine_sahi,134867.0,monitor_or_bezel,0.5642,707.29,379.89,969.57,474.88,24913.5,262.28,94.99,2.761,False,,True,R-desk,36,evt_S-61_upper_body_0022,0e31788d13d3d0fd,lap_bag_context,no_pose_observation,34560.0,1.33,,1,cam12/e1/v1,
corpus_03,03.CCTV Mobile Usage.mkv,632de9ed55947761d56d4c6142a3cb1a1fe69d0b1a6d0e01a2e404c697962623,dfine_sahi,134867.0,keyboard,0.5124,801.89,396.22,870.98,420.8,1697.7,69.09,24.57,2.812,False,,True,R-desk,36,evt_S-61_upper_body_0022,0e31788d13d3d0fd,lap_bag_context,no_pose_observation,34560.0,1.33,,1,cam12/e1/v1,
corpus_03,03.CCTV Mobile Usage.mkv,632de9ed55947761d56d4c6142a3cb1a1fe69d0b1a6d0e01a2e404c697962623,dfine_sahi,134867.0,unknown_object,0.4467,700.07,396.15,760.76,491.37,5778.5,60.68,95.22,0.637,False,,True,R-desk,36,evt_S-61_upper_body_0022,0e31788d13d3d0fd,lap_bag_context,no_pose_observation,34560.0,1.33,,1,cam12/e1/v1,
corpus_03,03.CCTV Mobile Usage.mkv,632de9ed55947761d56d4c6142a3cb1a1fe69d0b1a6d0e01a2e404c697962623,dfine_sahi,134867.0,unknown_object,0.4208,767.02,411.0,969.83,505.94,19255.1,202.81,94.94,2.136,False,,True,R-desk,36,evt_S-61_upper_body_0022,0e31788d13d3d0fd,lap_bag_context,no_pose_observation,34560.0,1.33,,1,cam12/e1/v1,
corpus_03,03.CCTV Mobile Usage.mkv,632de9ed55947761d56d4c6142a3cb1a1fe69d0b1a6d0e01a2e404c697962623,dfine_sahi,134867.0,mouse,0.3854,967.09,398.41,992.18,410.57,305.0,25.1,12.15,2.065,False,,True,R-desk,36,evt_S-61_upper_body_0022,0e31788d13d3d0fd,lap_bag_context,no_pose_observation,34560.0,1.33,,1,cam12/e1/v1,
corpus_03,03.CCTV Mobile Usage.mkv,632de9ed55947761d56d4c6142a3cb1a1fe69d0b1a6d0e01a2e404c697962623,dfine_sahi,134867.0,keyboard,0.3305,910.07,411.34,1092.24,506.29,17298.4,182.17,94.96,1.918,False,,True,R-desk,36,evt_S-61_upper_body_0022,0e31788d13d3d0fd,lap_bag_context,no_pose_observation,34560.0,1.33,,1,cam12/e1/v1,
corpus_03,03.CCTV Mobile Usage.mkv,632de9ed55947761d56d4c6142a3cb1a1fe69d0b1a6d0e01a2e404c697962623,dfine_sahi,134867.0,mouse,0.3164,991.5,400.95,1028.42,413.63,468.3,36.93,12.68,2.912,False,,True,R-desk,36,evt_S-61_upper_body_0022,0e31788d13d3d0fd,lap_bag_context,no_pose_observation,34560.0,1.33,,1,cam12/e1/v1,
corpus_03,03.CCTV Mobile Usage.mkv,632de9ed55947761d56d4c6142a3cb1a1fe69d0b1a6d0e01a2e404c697962623,dfine_sahi,134867.0,stationery,0.3026,774.55,459.68,836.2,489.6,1844.7,61.65,29.92,2.06,False,,True,R-desk,36,evt_S-61_upper_body_0022,0e31788d13d3d0fd,lap_bag_context,no_pose_observation,34560.0,1.33,,1,cam12/e1/v1,
corpus_03,03.CCTV Mobile Usage.mkv,632de9ed55947761d56d4c6142a3cb1a1fe69d0b1a6d0e01a2e404c697962623,dfine_sahi,134867.0,unknown_object,0.2867,881.93,411.16,969.82,453.45,3717.0,87.89,42.29,2.078,False,,True,R-desk,36,evt_S-61_upper_body_0022,0e31788d13d3d0fd,lap_bag_context,no_pose_observation,34560.0,1.33,,1,cam12/e1/v1,
corpus_03,03.CCTV Mobile Usage.mkv,632de9ed55947761d56d4c6142a3cb1a1fe69d0b1a6d0e01a2e404c697962623,dfine_sahi,134867.0,monitor_or_bezel,0.2864,881.43,396.17,948.82,452.68,3808.2,67.39,56.51,1.192,False,,True,R-desk,36,evt_S-61_upper_body_0022,0e31788d13d3d0fd,lap_bag_context,no_pose_observation,34560.0,1.33,,1,cam12/e1/v1,
corpus_03,03.CCTV Mobile Usage.mkv,632de9ed55947761d56d4c6142a3cb1a1fe69d0b1a6d0e01a2e404c697962623,dfine_sahi,134867.0,unknown_object,0.271,880.11,411.55,969.89,505.6,8444.5,89.78,94.05,0.955,False,,True,R-desk,36,evt_S-61_upper_body_0022,0e31788d13d3d0fd,lap_bag_context,no_pose_observation,34560.0,1.33,,1,cam12/e1/v1,
corpus_03,03.CCTV Mobile Usage.mkv,632de9ed55947761d56d4c6142a3cb1a1fe69d0b1a6d0e01a2e404c697962623,dfine_sahi,134867.0,keyboard,0.9174,961.88,451.96,1067.85,491.45,4184.4,105.97,39.49,2.684,False,,True,R-desk,38,evt_S-61_upper_body_0022,0e31788d13d3d0fd,lap_bag_context,no_pose_observation,34560.0,1.33,,1,cam12/e1/v1,
corpus_03,03.CCTV Mobile Usage.mkv,632de9ed55947761d56d4c6142a3cb1a1fe69d0b1a6d0e01a2e404c697962623,dfine_sahi,134867.0,phone,0.699,1043.43,421.63,1112.76,473.76,3614.2,69.32,52.13,1.33,False,,True,R-desk,38,evt_S-61_upper_body_0022,0e31788d13d3d0fd,lap_bag_context,no_pose_observation,34560.0,1.33,,1,cam12/e1/v1,
corpus_03,03.CCTV Mobile Usage.mkv,632de9ed55947761d56d4c6142a3cb1a1fe69d0b1a6d0e01a2e404c697962623,dfine_sahi,134867.0,monitor_or_bezel,0.6908,1019.05,395.65,1145.72,447.85,6612.1,126.66,52.2,2.426,False,,True,R-desk,38,evt_S-61_upper_body_0022,0e31788d13d3d0fd,lap_bag_context,no_pose_observation,34560.0,1.33,,1,cam12/e1/v1,
corpus_03,03.CCTV Mobile Usage.mkv,632de9ed55947761d56d4c6142a3cb1a1fe69d0b1a6d0e01a2e404c697962623,dfine_sahi,134867.0,unknown_object,0.6808,699.9,396.16,847.81,492.0,14174.8,147.9,95.84,1.543,False,,True,R-desk,38,evt_S-61_upper_body_0022,0e31788d13d3d0fd,lap_bag_context,no_pose_observation,34560.0,1.33,,1,cam12/e1/v1,
corpus_03,03.CCTV Mobile Usage.mkv,632de9ed55947761d56d4c6142a3cb1a1fe69d0b1a6d0e01a2e404c697962623,dfine_sahi,134867.0,monitor_or_bezel,0.6545,910.24,411.12,1141.26,506.4,22010.2,231.02,95.27,2.425,False,,True,R-desk,38,evt_S-61_upper_body_0022,0e31788d13d3d0fd,lap_bag_context,no_pose_observation,34560.0,1.33,,1,cam12/e1/v1,
corpus_03,03.CCTV Mobile Usage.mkv,632de9ed55947761d56d4c6142a3cb1a1fe69d0b1a6d0e01a2e404c697962623,dfine_sahi,134867.0,mouse,0.6242,864.69,413.62,891.33,435.7,588.4,26.65,22.08,1.207,False,,True,R-desk,38,evt_S-61_upper_body_0022,0e31788d13d3d0fd,lap_bag_context,no_pose_observation,34560.0,1.33,,1,cam12/e1/v1,
corpus_03,03.CCTV Mobile Usage.mkv,632de9ed55947761d56d4c6142a3cb1a1fe69d0b1a6d0e01a2e404c697962623,dfine_sahi,134867.0,keyboard,0.6037,962.64,452.43,1034.25,475.54,1654.8,71.61,23.11,3.099,False,,True,R-desk,38,evt_S-61_upper_body_0022,0e31788d13d3d0fd,lap_bag_context,no_pose_observation,34560.0,1.33,,1,cam12/e1/v1,
corpus_03,03.CCTV Mobile Usage.mkv,632de9ed55947761d56d4c6142a3cb1a1fe69d0b1a6d0e01a2e404c697962623,dfine_sahi,134867.0,keyboard,0.5954,772.29,380.19,870.86,420.45,3968.4,98.57,40.26,2.448,False,,True,R-desk,38,evt_S-61_upper_body_0022,0e31788d13d3d0fd,lap_bag_context,no_pose_observation,34560.0,1.33,,1,cam12/e1/v1,
corpus_03,03.CCTV Mobile Usage.mkv,632de9ed55947761d56d4c6142a3cb1a1fe69d0b1a6d0e01a2e404c697962623,dfine_sahi,134867.0,monitor_or_bezel,0.5921,962.24,380.44,1152.75,474.98,18010.3,190.51,94.54,2.015,False,,True,R-desk,38,evt_S-61_upper_body_0022,0e31788d13d3d0fd,lap_bag_context,no_pose_observation,34560.0,1.33,,1,cam12/e1/v1,
corpus_03,03.CCTV Mobile Usage.mkv,632de9ed55947761d56d4c6142a3cb1a1fe69d0b1a6d0e01a2e404c697962623,dfine_sahi,134867.0,monitor_or_bezel,0.5642,707.29,379.89,969.57,474.88,24913.5,262.28,94.99,2.761,False,,True,R-desk,38,evt_S-61_upper_body_0022,0e31788d13d3d0fd,lap_bag_context,no_pose_observation,34560.0,1.33,,1,cam12/e1/v1,
corpus_03,03.CCTV Mobile Usage.mkv,632de9ed55947761d56d4c6142a3cb1a1fe69d0b1a6d0e01a2e404c697962623,dfine_sahi,134867.0,keyboard,0.5124,801.89,396.22,870.98,420.8,1697.7,69.09,24.57,2.812,False,,True,R-desk,38,evt_S-61_upper_body_0022,0e31788d13d3d0fd,lap_bag_context,no_pose_observation,34560.0,1.33,,1,cam12/e1/v1,
corpus_03,03.CCTV Mobile Usage.mkv,632de9ed55947761d56d4c6142a3cb1a1fe69d0b1a6d0e01a2e404c697962623,dfine_sahi,134867.0,unknown_object,0.4467,700.07,396.15,760.76,491.37,5778.5,60.68,95.22,0.637,False,,True,R-desk,38,evt_S-61_upper_body_0022,0e31788d13d3d0fd,lap_bag_context,no_pose_observation,34560.0,1.33,,1,cam12/e1/v1,
corpus_03,03.CCTV Mobile Usage.mkv,632de9ed55947761d56d4c6142a3cb1a1fe69d0b1a6d0e01a2e404c697962623,dfine_sahi,134867.0,unknown_object,0.4208,767.02,411.0,969.83,505.94,19255.1,202.81,94.94,2.136,False,,True,R-desk,38,evt_S-61_upper_body_0022,0e31788d13d3d0fd,lap_bag_context,no_pose_observation,34560.0,1.33,,1,cam12/e1/v1,
corpus_03,03.CCTV Mobile Usage.mkv,632de9ed55947761d56d4c6142a3cb1a1fe69d0b1a6d0e01a2e404c697962623,dfine_sahi,134867.0,mouse,0.3854,967.09,398.41,992.18,410.57,305.0,25.1,12.15,2.065,False,,True,R-desk,38,evt_S-61_upper_body_0022,0e31788d13d3d0fd,lap_bag_context,no_pose_observation,34560.0,1.33,,1,cam12/e1/v1,
corpus_03,03.CCTV Mobile Usage.mkv,632de9ed55947761d56d4c6142a3cb1a1fe69d0b1a6d0e01a2e404c697962623,dfine_sahi,134867.0,keyboard,0.3305,910.07,411.34,1092.24,506.29,17298.4,182.17,94.96,1.918,False,,True,R-desk,38,evt_S-61_upper_body_0022,0e31788d13d3d0fd,lap_bag_context,no_pose_observation,34560.0,1.33,,1,cam12/e1/v1,
corpus_03,03.CCTV Mobile Usage.mkv,632de9ed55947761d56d4c6142a3cb1a1fe69d0b1a6d0e01a2e404c697962623,dfine_sahi,134867.0,mouse,0.3164,991.5,400.95,1028.42,413.63,468.3,36.93,12.68,2.912,False,,True,R-desk,38,evt_S-61_upper_body_0022,0e31788d13d3d0fd,lap_bag_context,no_pose_observation,34560.0,1.33,,1,cam12/e1/v1,
corpus_03,03.CCTV Mobile Usage.mkv,632de9ed55947761d56d4c6142a3cb1a1fe69d0b1a6d0e01a2e404c697962623,dfine_sahi,134867.0,stationery,0.3026,774.55,459.68,836.2,489.6,1844.7,61.65,29.92,2.06,False,,True,R-desk,38,evt_S-61_upper_body_0022,0e31788d13d3d0fd,lap_bag_context,no_pose_observation,34560.0,1.33,,1,cam12/e1/v1,
corpus_03,03.CCTV Mobile Usage.mkv,632de9ed55947761d56d4c6142a3cb1a1fe69d0b1a6d0e01a2e404c697962623,dfine_sahi,134867.0,unknown_object,0.2867,881.93,411.16,969.82,453.45,3717.0,87.89,42.29,2.078,False,,True,R-desk,38,evt_S-61_upper_body_0022,0e31788d13d3d0fd,lap_bag_context,no_pose_observation,34560.0,1.33,,1,cam12/e1/v1,
corpus_03,03.CCTV Mobile Usage.mkv,632de9ed55947761d56d4c6142a3cb1a1fe69d0b1a6d0e01a2e404c697962623,dfine_sahi,134867.0,monitor_or_bezel,0.2864,881.43,396.17,948.82,452.68,3808.2,67.39,56.51,1.192,False,,True,R-desk,38,evt_S-61_upper_body_0022,0e31788d13d3d0fd,lap_bag_context,no_pose_observation,34560.0,1.33,,1,cam12/e1/v1,
corpus_03,03.CCTV Mobile Usage.mkv,632de9ed55947761d56d4c6142a3cb1a1fe69d0b1a6d0e01a2e404c697962623,dfine_sahi,134867.0,unknown_object,0.271,880.11,411.55,969.89,505.6,8444.5,89.78,94.05,0.955,False,,True,R-desk,38,evt_S-61_upper_body_0022,0e31788d13d3d0fd,lap_bag_context,no_pose_observation,34560.0,1.33,,1,cam12/e1/v1,
corpus_03,03.CCTV Mobile Usage.mkv,632de9ed55947761d56d4c6142a3cb1a1fe69d0b1a6d0e01a2e404c697962623,dfine_sahi,134867.0,unknown_object,0.6052,218.03,423.28,324.91,529.5,11352.1,106.88,106.22,1.006,False,,True,S-61,33,evt_S-61_upper_body_0022,8716417f52686cc5,pose_hand_context,,36198.9,3.36,,1,cam12/e1/v1,rtmpose_baseline
corpus_03,03.CCTV Mobile Usage.mkv,632de9ed55947761d56d4c6142a3cb1a1fe69d0b1a6d0e01a2e404c697962623,dfine_sahi,134867.0,unknown_object,0.4785,218.0,506.22,324.95,612.49,11365.7,106.95,106.27,1.006,False,,True,S-61,33,evt_S-61_upper_body_0022,8716417f52686cc5,pose_hand_context,,36198.9,3.36,,1,cam12/e1/v1,rtmpose_baseline
corpus_03,03.CCTV Mobile Usage.mkv,632de9ed55947761d56d4c6142a3cb1a1fe69d0b1a6d0e01a2e404c697962623,dfine_sahi,134867.0,unknown_object,0.4432,133.99,486.44,176.81,521.19,1488.2,42.82,34.75,1.232,False,,True,S-61,33,evt_S-61_upper_body_0022,8716417f52686cc5,pose_hand_context,,36198.9,3.36,,1,cam12/e1/v1,rtmpose_baseline
corpus_03,03.CCTV Mobile Usage.mkv,632de9ed55947761d56d4c6142a3cb1a1fe69d0b1a6d0e01a2e404c697962623,dfine_sahi,134867.0,unknown_object,0.4112,134.0,423.43,203.07,529.2,7305.6,69.07,105.77,0.653,False,,True,S-61,33,evt_S-61_upper_body_0022,8716417f52686cc5,pose_hand_context,,36198.9,3.36,,1,cam12/e1/v1,rtmpose_baseline
corpus_03,03.CCTV Mobile Usage.mkv,632de9ed55947761d56d4c6142a3cb1a1fe69d0b1a6d0e01a2e404c697962623,dfine_sahi,134867.0,unknown_object,0.3964,133.91,423.75,324.87,611.22,35798.7,190.96,187.47,1.019,False,,True,S-61,33,evt_S-61_upper_body_0022,8716417f52686cc5,pose_hand_context,,36198.9,3.36,,1,cam12/e1/v1,rtmpose_baseline
corpus_03,03.CCTV Mobile Usage.mkv,632de9ed55947761d56d4c6142a3cb1a1fe69d0b1a6d0e01a2e404c697962623,dfine_sahi,134867.0,unknown_object,0.3851,133.98,506.14,240.94,612.59,11385.3,106.95,106.45,1.005,False,,True,S-61,33,evt_S-61_upper_body_0022,8716417f52686cc5,pose_hand_context,,36198.9,3.36,,1,cam12/e1/v1,rtmpose_baseline
corpus_03,03.CCTV Mobile Usage.mkv,632de9ed55947761d56d4c6142a3cb1a1fe69d0b1a6d0e01a2e404c697962623,dfine_sahi,134867.0,unknown_object,0.2648,218.25,477.41,294.23,516.43,2965.0,75.98,39.02,1.947,False,,True,S-61,33,evt_S-61_upper_body_0022,8716417f52686cc5,pose_hand_context,,36198.9,3.36,,1,cam12/e1/v1,rtmpose_baseline
corpus_03,03.CCTV Mobile Usage.mkv,632de9ed55947761d56d4c6142a3cb1a1fe69d0b1a6d0e01a2e404c697962623,dfine_sahi,134867.0,stationery,0.2608,133.99,486.41,210.14,582.98,7355.1,76.16,96.58,0.789,False,,True,S-61,33,evt_S-61_upper_body_0022,8716417f52686cc5,pose_hand_context,,36198.9,3.36,,1,cam12/e1/v1,rtmpose_baseline
corpus_03,03.CCTV Mobile Usage.mkv,632de9ed55947761d56d4c6142a3cb1a1fe69d0b1a6d0e01a2e404c697962623,dfine_sahi,135583.0,unknown_object,0.5995,140.17,528.16,235.9,623.41,9117.4,95.73,95.24,1.005,False,,True,S-61,33,evt_S-61_desk_work_surface_0007,a63530a8077c6717,pose_hand_context,,24983.0,4.05,,1,cam12/e1/v1,rtmpose_baseline
corpus_03,03.CCTV Mobile Usage.mkv,632de9ed55947761d56d4c6142a3cb1a1fe69d0b1a6d0e01a2e404c697962623,dfine_sahi,135583.0,unknown_object,0.5843,287.35,504.84,304.97,534.26,518.3,17.62,29.42,0.599,False,,True,S-61,33,evt_S-61_desk_work_surface_0007,a63530a8077c6717,pose_hand_context,,24983.0,4.05,,1,cam12/e1/v1,rtmpose_baseline
corpus_03,03.CCTV Mobile Usage.mkv,632de9ed55947761d56d4c6142a3cb1a1fe69d0b1a6d0e01a2e404c697962623,dfine_sahi,135583.0,unknown_object,0.5519,144.0,463.38,301.86,620.18,24753.8,157.86,156.81,1.007,False,,True,S-61,33,evt_S-61_desk_work_surface_0007,a63530a8077c6717,pose_hand_context,,24983.0,4.05,,1,cam12/e1/v1,rtmpose_baseline
corpus_03,03.CCTV Mobile Usage.mkv,632de9ed55947761d56d4c6142a3cb1a1fe69d0b1a6d0e01a2e404c697962623,dfine_sahi,135583.0,unknown_object,0.5003,140.0,462.21,176.9,521.91,2203.1,36.9,59.7,0.618,False,,True,S-61,33,evt_S-61_desk_work_surface_0007,a63530a8077c6717,pose_hand_context,,24983.0,4.05,,1,cam12/e1/v1,rtmpose_baseline
corpus_03,03.CCTV Mobile Usage.mkv,632de9ed55947761d56d4c6142a3cb1a1fe69d0b1a6d0e01a2e404c697962623,dfine_sahi,135583.0,unknown_object,0.342,279.11,478.97,304.93,514.74,923.3,25.82,35.77,0.722,False,,True,S-61,33,evt_S-61_desk_work_surface_0007,a63530a8077c6717,pose_hand_context,,24983.0,4.05,,1,cam12/e1/v1,rtmpose_baseline
corpus_03,03.CCTV Mobile Usage.mkv,632de9ed55947761d56d4c6142a3cb1a1fe69d0b1a6d0e01a2e404c697962623,dfine_sahi,135583.0,unknown_object,0.3206,209.32,565.33,279.73,623.64,4105.9,70.41,58.31,1.208,False,,True,S-61,33,evt_S-61_desk_work_surface_0007,a63530a8077c6717,pose_hand_context,,24983.0,4.05,,1,cam12/e1/v1,rtmpose_baseline
corpus_03,03.CCTV Mobile Usage.mkv,632de9ed55947761d56d4c6142a3cb1a1fe69d0b1a6d0e01a2e404c697962623,dfine_sahi,135583.0,unknown_object,0.2973,143.25,601.99,161.3,617.76,284.5,18.05,15.76,1.145,False,,True,S-61,33,evt_S-61_desk_work_surface_0007,a63530a8077c6717,pose_hand_context,,24983.0,4.05,,1,cam12/e1/v1,rtmpose_baseline
corpus_03,03.CCTV Mobile Usage.mkv,632de9ed55947761d56d4c6142a3cb1a1fe69d0b1a6d0e01a2e404c697962623,dfine_sahi,135583.0,keyboard,0.9081,962.2,451.9,1067.69,491.35,4161.5,105.49,39.45,2.674,False,,True,R-desk,38,evt_S-61_desk_work_surface_0007,daa38b05f0c1050d,lap_bag_context,no_pose_observation,34560.0,1.33,,1,cam12/e1/v1,
corpus_03,03.CCTV Mobile Usage.mkv,632de9ed55947761d56d4c6142a3cb1a1fe69d0b1a6d0e01a2e404c697962623,dfine_sahi,135583.0,unknown_object,0.7705,699.84,396.11,843.61,492.01,13787.3,143.76,95.9,1.499,False,,True,R-desk,38,evt_S-61_desk_work_surface_0007,daa38b05f0c1050d,lap_bag_context,no_pose_observation,34560.0,1.33,,1,cam12/e1/v1,
corpus_03,03.CCTV Mobile Usage.mkv,632de9ed55947761d56d4c6142a3cb1a1fe69d0b1a6d0e01a2e404c697962623,dfine_sahi,135583.0,phone,0.7423,1043.52,421.29,1111.7,473.92,3588.6,68.18,52.64,1.295,False,,True,R-desk,38,evt_S-61_desk_work_surface_0007,daa38b05f0c1050d,lap_bag_context,no_pose_observation,34560.0,1.33,,1,cam12/e1/v1,
corpus_03,03.CCTV Mobile Usage.mkv,632de9ed55947761d56d4c6142a3cb1a1fe69d0b1a6d0e01a2e404c697962623,dfine_sahi,135583.0,mouse,0.7291,864.89,413.54,891.41,435.39,579.3,26.52,21.85,1.214,False,,True,R-desk,38,evt_S-61_desk_work_surface_0007,daa38b05f0c1050d,lap_bag_context,no_pose_observation,34560.0,1.33,,1,cam12/e1/v1,
corpus_03,03.CCTV Mobile Usage.mkv,632de9ed55947761d56d4c6142a3cb1a1fe69d0b1a6d0e01a2e404c697962623,dfine_sahi,135583.0,keyboard,0.678,771.78,380.18,870.95,420.39,3986.9,99.17,40.2,2.467,False,,True,R-desk,38,evt_S-61_desk_work_surface_0007,daa38b05f0c1050d,lap_bag_context,no_pose_observation,34560.0,1.33,,1,cam12/e1/v1,
corpus_03,03.CCTV Mobile Usage.mkv,632de9ed55947761d56d4c6142a3cb1a1fe69d0b1a6d0e01a2e404c697962623,dfine_sahi,135583.0,monitor_or_bezel,0.669,1018.83,380.39,1152.46,473.31,12417.4,133.63,92.92,1.438,False,,True,R-desk,38,evt_S-61_desk_work_surface_0007,daa38b05f0c1050d,lap_bag_context,no_pose_observation,34560.0,1.33,,1,cam12/e1/v1,
corpus_03,03.CCTV Mobile Usage.mkv,632de9ed55947761d56d4c6142a3cb1a1fe69d0b1a6d0e01a2e404c697962623,dfine_sahi,135583.0,keyboard,0.6251,802.55,396.22,870.9,420.64,1669.5,68.35,24.42,2.799,False,,True,R-desk,38,evt_S-61_desk_work_surface_0007,daa38b05f0c1050d,lap_bag_context,no_pose_observation,34560.0,1.33,,1,cam12/e1/v1,
corpus_03,03.CCTV Mobile Usage.mkv,632de9ed55947761d56d4c6142a3cb1a1fe69d0b1a6d0e01a2e404c697962623,dfine_sahi,135583.0,monitor_or_bezel,0.617,709.8,379.91,969.62,474.89,24677.8,259.81,94.98,2.735,False,,True,R-desk,38,evt_S-61_desk_work_surface_0007,daa38b05f0c1050d,lap_bag_context,no_pose_observation,34560.0,1.33,,1,cam12/e1/v1,
corpus_03,03.CCTV Mobile Usage.mkv,632de9ed55947761d56d4c6142a3cb1a1fe69d0b1a6d0e01a2e404c697962623,dfine_sahi,135583.0,keyboard,0.6087,962.89,452.37,1034.14,475.56,1652.6,71.25,23.19,3.072,False,,True,R-desk,38,evt_S-61_desk_work_surface_0007,daa38b05f0c1050d,lap_bag_context,no_pose_observation,34560.0,1.33,,1,cam12/e1/v1,
corpus_03,03.CCTV Mobile Usage.mkv,632de9ed55947761d56d4c6142a3cb1a1fe69d0b1a6d0e01a2e404c697962623,dfine_sahi,135583.0,monitor_or_bezel,0.6016,910.25,411.22,1141.6,506.35,22009.3,231.35,95.13,2.432,False,,True,R-desk,38,evt_S-61_desk_work_surface_0007,daa38b05f0c1050d,lap_bag_context,no_pose_observation,34560.0,1.33,,1,cam12/e1/v1,
corpus_03,03.CCTV Mobile Usage.mkv,632de9ed55947761d56d4c6142a3cb1a1fe69d0b1a6d0e01a2e404c697962623,dfine_sahi,135583.0,unknown_object,0.4525,700.0,380.54,759.78,475.04,5649.3,59.78,94.51,0.632,False,,True,R-desk,38,evt_S-61_desk_work_surface_0007,daa38b05f0c1050d,lap_bag_context,no_pose_observation,34560.0,1.33,,1,cam12/e1/v1,
corpus_03,03.CCTV Mobile Usage.mkv,632de9ed55947761d56d4c6142a3cb1a1fe69d0b1a6d0e01a2e404c697962623,dfine_sahi,135583.0,monitor_or_bezel,0.3715,881.06,396.2,948.75,452.4,3804.0,67.69,56.2,1.205,False,,True,R-desk,38,evt_S-61_desk_work_surface_0007,daa38b05f0c1050d,lap_bag_context,no_pose_observation,34560.0,1.33,,1,cam12/e1/v1,
corpus_03,03.CCTV Mobile Usage.mkv,632de9ed55947761d56d4c6142a3cb1a1fe69d0b1a6d0e01a2e404c697962623,dfine_sahi,135583.0,unknown_object,0.3418,700.15,410.87,969.97,506.27,25740.6,269.81,95.4,2.828,False,,True,R-desk,38,evt_S-61_desk_work_surface_0007,daa38b05f0c1050d,lap_bag_context,no_pose_observation,34560.0,1.33,,1,cam12/e1/v1,
corpus_03,03.CCTV Mobile Usage.mkv,632de9ed55947761d56d4c6142a3cb1a1fe69d0b1a6d0e01a2e404c697962623,dfine_sahi,135583.0,mouse,0.3406,967.3,398.39,991.9,410.49,297.7,24.6,12.1,2.032,False,,True,R-desk,38,evt_S-61_desk_work_surface_0007,daa38b05f0c1050d,lap_bag_context,no_pose_observation,34560.0,1.33,,1,cam12/e1/v1,
corpus_03,03.CCTV Mobile Usage.mkv,632de9ed55947761d56d4c6142a3cb1a1fe69d0b1a6d0e01a2e404c697962623,dfine_sahi,135583.0,keyboard,0.327,882.1,380.24,969.03,452.89,6315.3,86.93,72.65,1.196,False,,True,R-desk,38,evt_S-61_desk_work_surface_0007,daa38b05f0c1050d,lap_bag_context,no_pose_observation,34560.0,1.33,,1,cam12/e1/v1,
corpus_03,03.CCTV Mobile Usage.mkv,632de9ed55947761d56d4c6142a3cb1a1fe69d0b1a6d0e01a2e404c697962623,dfine_sahi,135583.0,unknown_object,0.3208,879.83,411.31,969.86,505.67,8495.4,90.03,94.36,0.954,False,,True,R-desk,38,evt_S-61_desk_work_surface_0007,daa38b05f0c1050d,lap_bag_context,no_pose_observation,34560.0,1.33,,1,cam12/e1/v1,
corpus_03,03.CCTV Mobile Usage.mkv,632de9ed55947761d56d4c6142a3cb1a1fe69d0b1a6d0e01a2e404c697962623,dfine_sahi,135583.0,mouse,0.3059,990.76,399.48,1026.4,413.35,494.3,35.64,13.87,2.57,False,,True,R-desk,38,evt_S-61_desk_work_surface_0007,daa38b05f0c1050d,lap_bag_context,no_pose_observation,34560.0,1.33,,1,cam12/e1/v1,
corpus_03,03.CCTV Mobile Usage.mkv,632de9ed55947761d56d4c6142a3cb1a1fe69d0b1a6d0e01a2e404c697962623,dfine_sahi,135583.0,keyboard,0.2926,965.43,396.54,1096.13,474.89,10240.4,130.7,78.35,1.668,False,,True,R-desk,38,evt_S-61_desk_work_surface_0007,daa38b05f0c1050d,lap_bag_context,no_pose_observation,34560.0,1.33,,1,cam12/e1/v1,
corpus_03,03.CCTV Mobile Usage.mkv,632de9ed55947761d56d4c6142a3cb1a1fe69d0b1a6d0e01a2e404c697962623,dfine_sahi,135583.0,unknown_object,0.2781,737.59,395.51,1146.86,491.07,39110.0,409.28,95.56,4.283,False,,True,R-desk,38,evt_S-61_desk_work_surface_0007,daa38b05f0c1050d,lap_bag_context,no_pose_observation,34560.0,1.33,,1,cam12/e1/v1,
corpus_03,03.CCTV Mobile Usage.mkv,632de9ed55947761d56d4c6142a3cb1a1fe69d0b1a6d0e01a2e404c697962623,dfine_sahi,135583.0,phone,0.2771,1052.0,411.35,1139.81,447.06,3136.1,87.82,35.71,2.459,False,,True,R-desk,38,evt_S-61_desk_work_surface_0007,daa38b05f0c1050d,lap_bag_context,no_pose_observation,34560.0,1.33,,1,cam12/e1/v1,
corpus_03,03.CCTV Mobile Usage.mkv,632de9ed55947761d56d4c6142a3cb1a1fe69d0b1a6d0e01a2e404c697962623,dfine_sahi,135583.0,unknown_object,0.2578,881.62,411.11,969.88,453.34,3727.1,88.26,42.23,2.09,False,,True,R-desk,38,evt_S-61_desk_work_surface_0007,daa38b05f0c1050d,lap_bag_context,no_pose_observation,34560.0,1.33,,1,cam12/e1/v1,
corpus_03,03.CCTV Mobile Usage.mkv,632de9ed55947761d56d4c6142a3cb1a1fe69d0b1a6d0e01a2e404c697962623,dfine_sahi,135583.0,keyboard,0.9081,962.2,451.9,1067.69,491.35,4161.5,105.49,39.45,2.674,False,,True,R-desk,39,evt_S-61_desk_work_surface_0007,daa38b05f0c1050d,lap_bag_context,no_pose_observation,34560.0,1.33,,1,cam12/e1/v1,
corpus_03,03.CCTV Mobile Usage.mkv,632de9ed55947761d56d4c6142a3cb1a1fe69d0b1a6d0e01a2e404c697962623,dfine_sahi,135583.0,unknown_object,0.7705,699.84,396.11,843.61,492.01,13787.3,143.76,95.9,1.499,False,,True,R-desk,39,evt_S-61_desk_work_surface_0007,daa38b05f0c1050d,lap_bag_context,no_pose_observation,34560.0,1.33,,1,cam12/e1/v1,
corpus_03,03.CCTV Mobile Usage.mkv,632de9ed55947761d56d4c6142a3cb1a1fe69d0b1a6d0e01a2e404c697962623,dfine_sahi,135583.0,phone,0.7423,1043.52,421.29,1111.7,473.92,3588.6,68.18,52.64,1.295,False,,True,R-desk,39,evt_S-61_desk_work_surface_0007,daa38b05f0c1050d,lap_bag_context,no_pose_observation,34560.0,1.33,,1,cam12/e1/v1,
corpus_03,03.CCTV Mobile Usage.mkv,632de9ed55947761d56d4c6142a3cb1a1fe69d0b1a6d0e01a2e404c697962623,dfine_sahi,135583.0,mouse,0.7291,864.89,413.54,891.41,435.39,579.3,26.52,21.85,1.214,False,,True,R-desk,39,evt_S-61_desk_work_surface_0007,daa38b05f0c1050d,lap_bag_context,no_pose_observation,34560.0,1.33,,1,cam12/e1/v1,
corpus_03,03.CCTV Mobile Usage.mkv,632de9ed55947761d56d4c6142a3cb1a1fe69d0b1a6d0e01a2e404c697962623,dfine_sahi,135583.0,keyboard,0.678,771.78,380.18,870.95,420.39,3986.9,99.17,40.2,2.467,False,,True,R-desk,39,evt_S-61_desk_work_surface_0007,daa38b05f0c1050d,lap_bag_context,no_pose_observation,34560.0,1.33,,1,cam12/e1/v1,
corpus_03,03.CCTV Mobile Usage.mkv,632de9ed55947761d56d4c6142a3cb1a1fe69d0b1a6d0e01a2e404c697962623,dfine_sahi,135583.0,monitor_or_bezel,0.669,1018.83,380.39,1152.46,473.31,12417.4,133.63,92.92,1.438,False,,True,R-desk,39,evt_S-61_desk_work_surface_0007,daa38b05f0c1050d,lap_bag_context,no_pose_observation,34560.0,1.33,,1,cam12/e1/v1,
corpus_03,03.CCTV Mobile Usage.mkv,632de9ed55947761d56d4c6142a3cb1a1fe69d0b1a6d0e01a2e404c697962623,dfine_sahi,135583.0,keyboard,0.6251,802.55,396.22,870.9,420.64,1669.5,68.35,24.42,2.799,False,,True,R-desk,39,evt_S-61_desk_work_surface_0007,daa38b05f0c1050d,lap_bag_context,no_pose_observation,34560.0,1.33,,1,cam12/e1/v1,
corpus_03,03.CCTV Mobile Usage.mkv,632de9ed55947761d56d4c6142a3cb1a1fe69d0b1a6d0e01a2e404c697962623,dfine_sahi,135583.0,monitor_or_bezel,0.617,709.8,379.91,969.62,474.89,24677.8,259.81,94.98,2.735,False,,True,R-desk,39,evt_S-61_desk_work_surface_0007,daa38b05f0c1050d,lap_bag_context,no_pose_observation,34560.0,1.33,,1,cam12/e1/v1,
corpus_03,03.CCTV Mobile Usage.mkv,632de9ed55947761d56d4c6142a3cb1a1fe69d0b1a6d0e01a2e404c697962623,dfine_sahi,135583.0,keyboard,0.6087,962.89,452.37,1034.14,475.56,1652.6,71.25,23.19,3.072,False,,True,R-desk,39,evt_S-61_desk_work_surface_0007,daa38b05f0c1050d,lap_bag_context,no_pose_observation,34560.0,1.33,,1,cam12/e1/v1,
corpus_03,03.CCTV Mobile Usage.mkv,632de9ed55947761d56d4c6142a3cb1a1fe69d0b1a6d0e01a2e404c697962623,dfine_sahi,135583.0,monitor_or_bezel,0.6016,910.25,411.22,1141.6,506.35,22009.3,231.35,95.13,2.432,False,,True,R-desk,39,evt_S-61_desk_work_surface_0007,daa38b05f0c1050d,lap_bag_context,no_pose_observation,34560.0,1.33,,1,cam12/e1/v1,
corpus_03,03.CCTV Mobile Usage.mkv,632de9ed55947761d56d4c6142a3cb1a1fe69d0b1a6d0e01a2e404c697962623,dfine_sahi,135583.0,unknown_object,0.4525,700.0,380.54,759.78,475.04,5649.3,59.78,94.51,0.632,False,,True,R-desk,39,evt_S-61_desk_work_surface_0007,daa38b05f0c1050d,lap_bag_context,no_pose_observation,34560.0,1.33,,1,cam12/e1/v1,
corpus_03,03.CCTV Mobile Usage.mkv,632de9ed55947761d56d4c6142a3cb1a1fe69d0b1a6d0e01a2e404c697962623,dfine_sahi,135583.0,monitor_or_bezel,0.3715,881.06,396.2,948.75,452.4,3804.0,67.69,56.2,1.205,False,,True,R-desk,39,evt_S-61_desk_work_surface_0007,daa38b05f0c1050d,lap_bag_context,no_pose_observation,34560.0,1.33,,1,cam12/e1/v1,
corpus_03,03.CCTV Mobile Usage.mkv,632de9ed55947761d56d4c6142a3cb1a1fe69d0b1a6d0e01a2e404c697962623,dfine_sahi,135583.0,unknown_object,0.3418,700.15,410.87,969.97,506.27,25740.6,269.81,95.4,2.828,False,,True,R-desk,39,evt_S-61_desk_work_surface_0007,daa38b05f0c1050d,lap_bag_context,no_pose_observation,34560.0,1.33,,1,cam12/e1/v1,
corpus_03,03.CCTV Mobile Usage.mkv,632de9ed55947761d56d4c6142a3cb1a1fe69d0b1a6d0e01a2e404c697962623,dfine_sahi,135583.0,mouse,0.3406,967.3,398.39,991.9,410.49,297.7,24.6,12.1,2.032,False,,True,R-desk,39,evt_S-61_desk_work_surface_0007,daa38b05f0c1050d,lap_bag_context,no_pose_observation,34560.0,1.33,,1,cam12/e1/v1,
corpus_03,03.CCTV Mobile Usage.mkv,632de9ed55947761d56d4c6142a3cb1a1fe69d0b1a6d0e01a2e404c697962623,dfine_sahi,135583.0,keyboard,0.327,882.1,380.24,969.03,452.89,6315.3,86.93,72.65,1.196,False,,True,R-desk,39,evt_S-61_desk_work_surface_0007,daa38b05f0c1050d,lap_bag_context,no_pose_observation,34560.0,1.33,,1,cam12/e1/v1,
corpus_03,03.CCTV Mobile Usage.mkv,632de9ed55947761d56d4c6142a3cb1a1fe69d0b1a6d0e01a2e404c697962623,dfine_sahi,135583.0,unknown_object,0.3208,879.83,411.31,969.86,505.67,8495.4,90.03,94.36,0.954,False,,True,R-desk,39,evt_S-61_desk_work_surface_0007,daa38b05f0c1050d,lap_bag_context,no_pose_observation,34560.0,1.33,,1,cam12/e1/v1,
corpus_03,03.CCTV Mobile Usage.mkv,632de9ed55947761d56d4c6142a3cb1a1fe69d0b1a6d0e01a2e404c697962623,dfine_sahi,135583.0,mouse,0.3059,990.76,399.48,1026.4,413.35,494.3,35.64,13.87,2.57,False,,True,R-desk,39,evt_S-61_desk_work_surface_0007,daa38b05f0c1050d,lap_bag_context,no_pose_observation,34560.0,1.33,,1,cam12/e1/v1,
corpus_03,03.CCTV Mobile Usage.mkv,632de9ed55947761d56d4c6142a3cb1a1fe69d0b1a6d0e01a2e404c697962623,dfine_sahi,135583.0,keyboard,0.2926,965.43,396.54,1096.13,474.89,10240.4,130.7,78.35,1.668,False,,True,R-desk,39,evt_S-61_desk_work_surface_0007,daa38b05f0c1050d,lap_bag_context,no_pose_observation,34560.0,1.33,,1,cam12/e1/v1,
corpus_03,03.CCTV Mobile Usage.mkv,632de9ed55947761d56d4c6142a3cb1a1fe69d0b1a6d0e01a2e404c697962623,dfine_sahi,135583.0,unknown_object,0.2781,737.59,395.51,1146.86,491.07,39110.0,409.28,95.56,4.283,False,,True,R-desk,39,evt_S-61_desk_work_surface_0007,daa38b05f0c1050d,lap_bag_context,no_pose_observation,34560.0,1.33,,1,cam12/e1/v1,
corpus_03,03.CCTV Mobile Usage.mkv,632de9ed55947761d56d4c6142a3cb1a1fe69d0b1a6d0e01a2e404c697962623,dfine_sahi,135583.0,phone,0.2771,1052.0,411.35,1139.81,447.06,3136.1,87.82,35.71,2.459,False,,True,R-desk,39,evt_S-61_desk_work_surface_0007,daa38b05f0c1050d,lap_bag_context,no_pose_observation,34560.0,1.33,,1,cam12/e1/v1,
corpus_03,03.CCTV Mobile Usage.mkv,632de9ed55947761d56d4c6142a3cb1a1fe69d0b1a6d0e01a2e404c697962623,dfine_sahi,135583.0,unknown_object,0.2578,881.62,411.11,969.88,453.34,3727.1,88.26,42.23,2.09,False,,True,R-desk,39,evt_S-61_desk_work_surface_0007,daa38b05f0c1050d,lap_bag_context,no_pose_observation,34560.0,1.33,,1,cam12/e1/v1,
corpus_03,03.CCTV Mobile Usage.mkv,632de9ed55947761d56d4c6142a3cb1a1fe69d0b1a6d0e01a2e404c697962623,dfine_sahi,135867.0,unknown_object,0.6248,149.99,521.21,245.9,616.3,9119.8,95.91,95.08,1.009,False,,True,S-61,33,evt_S-61_upper_body_0022,1a85b7444b845b72,pose_hand_context,,17774.2,4.8,,1,cam12/e1/v1,rtmpose_baseline
corpus_03,03.CCTV Mobile Usage.mkv,632de9ed55947761d56d4c6142a3cb1a1fe69d0b1a6d0e01a2e404c697962623,dfine_sahi,135867.0,unknown_object,0.4158,150.02,470.78,176.88,519.84,1317.8,26.86,49.06,0.547,False,,True,S-61,33,evt_S-61_upper_body_0022,1a85b7444b845b72,pose_hand_context,,17774.2,4.8,,1,cam12/e1/v1,rtmpose_baseline
corpus_03,03.CCTV Mobile Usage.mkv,632de9ed55947761d56d4c6142a3cb1a1fe69d0b1a6d0e01a2e404c697962623,dfine_sahi,135867.0,unknown_object,0.3303,203.51,462.1,245.99,525.6,2697.5,42.48,63.51,0.669,False,,True,S-61,33,evt_S-61_upper_body_0022,1a85b7444b845b72,pose_hand_context,,17774.2,4.8,,1,cam12/e1/v1,rtmpose_baseline
corpus_03,03.CCTV Mobile Usage.mkv,632de9ed55947761d56d4c6142a3cb1a1fe69d0b1a6d0e01a2e404c697962623,dfine_sahi,135867.0,keyboard,0.3167,259.29,563.82,303.97,616.66,2360.7,44.67,52.84,0.845,False,,True,S-61,33,evt_S-61_upper_body_0022,1a85b7444b845b72,pose_hand_context,,17774.2,4.8,,1,cam12/e1/v1,rtmpose_baseline
corpus_03,03.CCTV Mobile Usage.mkv,632de9ed55947761d56d4c6142a3cb1a1fe69d0b1a6d0e01a2e404c697962623,dfine_sahi,135867.0,unknown_object,0.3131,149.99,462.18,245.92,557.67,9160.6,95.93,95.49,1.005,False,,True,S-61,33,evt_S-61_upper_body_0022,1a85b7444b845b72,pose_hand_context,,17774.2,4.8,,1,cam12/e1/v1,rtmpose_baseline
corpus_03,03.CCTV Mobile Usage.mkv,632de9ed55947761d56d4c6142a3cb1a1fe69d0b1a6d0e01a2e404c697962623,dfine_sahi,135867.0,unknown_object,0.2907,160.85,473.31,293.95,606.61,17741.9,133.1,133.3,0.998,False,,True,S-61,33,evt_S-61_upper_body_0022,1a85b7444b845b72,pose_hand_context,,17774.2,4.8,,1,cam12/e1/v1,rtmpose_baseline
corpus_03,03.CCTV Mobile Usage.mkv,632de9ed55947761d56d4c6142a3cb1a1fe69d0b1a6d0e01a2e404c697962623,dfine_sahi,135867.0,unknown_object,0.2564,287.5,546.95,304.0,557.92,180.9,16.5,10.96,1.505,False,,True,S-61,33,evt_S-61_upper_body_0022,1a85b7444b845b72,pose_hand_context,,17774.2,4.8,,1,cam12/e1/v1,rtmpose_baseline
corpus_03,03.CCTV Mobile Usage.mkv,632de9ed55947761d56d4c6142a3cb1a1fe69d0b1a6d0e01a2e404c697962623,dfine_sahi,135867.0,keyboard,0.9078,962.25,451.9,1067.68,491.34,4157.8,105.43,39.44,2.673,False,,True,R-desk,38,evt_S-61_upper_body_0022,ddc3448c69a0dfb5,lap_bag_context,no_pose_observation,34560.0,1.33,,1,cam12/e1/v1,
corpus_03,03.CCTV Mobile Usage.mkv,632de9ed55947761d56d4c6142a3cb1a1fe69d0b1a6d0e01a2e404c697962623,dfine_sahi,135867.0,mouse,0.7775,864.81,413.43,891.38,435.21,578.4,26.57,21.77,1.22,False,,True,R-desk,38,evt_S-61_upper_body_0022,ddc3448c69a0dfb5,lap_bag_context,no_pose_observation,34560.0,1.33,,1,cam12/e1/v1,
corpus_03,03.CCTV Mobile Usage.mkv,632de9ed55947761d56d4c6142a3cb1a1fe69d0b1a6d0e01a2e404c697962623,dfine_sahi,135867.0,phone,0.733,1043.52,421.4,1111.77,474.0,3589.8,68.25,52.6,1.297,False,,True,R-desk,38,evt_S-61_upper_body_0022,ddc3448c69a0dfb5,lap_bag_context,no_pose_observation,34560.0,1.33,,1,cam12/e1/v1,
corpus_03,03.CCTV Mobile Usage.mkv,632de9ed55947761d56d4c6142a3cb1a1fe69d0b1a6d0e01a2e404c697962623,dfine_sahi,135867.0,unknown_object,0.7102,699.88,396.06,843.68,492.29,13837.5,143.8,96.23,1.494,False,,True,R-desk,38,evt_S-61_upper_body_0022,ddc3448c69a0dfb5,lap_bag_context,no_pose_observation,34560.0,1.33,,1,cam12/e1/v1,
corpus_03,03.CCTV Mobile Usage.mkv,632de9ed55947761d56d4c6142a3cb1a1fe69d0b1a6d0e01a2e404c697962623,dfine_sahi,135867.0,keyboard,0.6933,771.76,380.16,871.04,420.4,3995.3,99.28,40.24,2.467,False,,True,R-desk,38,evt_S-61_upper_body_0022,ddc3448c69a0dfb5,lap_bag_context,no_pose_observation,34560.0,1.33,,1,cam12/e1/v1,
corpus_03,03.CCTV Mobile Usage.mkv,632de9ed55947761d56d4c6142a3cb1a1fe69d0b1a6d0e01a2e404c697962623,dfine_sahi,135867.0,monitor_or_bezel,0.6782,963.13,380.53,1152.53,474.96,17884.3,189.39,94.43,2.006,False,,True,R-desk,38,evt_S-61_upper_body_0022,ddc3448c69a0dfb5,lap_bag_context,no_pose_observation,34560.0,1.33,,1,cam12/e1/v1,
corpus_03,03.CCTV Mobile Usage.mkv,632de9ed55947761d56d4c6142a3cb1a1fe69d0b1a6d0e01a2e404c697962623,dfine_sahi,135867.0,monitor_or_bezel,0.6657,709.6,379.89,969.65,474.81,24684.4,260.05,94.92,2.74,False,,True,R-desk,38,evt_S-61_upper_body_0022,ddc3448c69a0dfb5,lap_bag_context,no_pose_observation,34560.0,1.33,,1,cam12/e1/v1,
corpus_03,03.CCTV Mobile Usage.mkv,632de9ed55947761d56d4c6142a3cb1a1fe69d0b1a6d0e01a2e404c697962623,dfine_sahi,135867.0,keyboard,0.6399,802.68,396.22,870.83,420.61,1662.0,68.15,24.39,2.795,False,,True,R-desk,38,evt_S-61_upper_body_0022,ddc3448c69a0dfb5,lap_bag_context,no_pose_observation,34560.0,1.33,,1,cam12/e1/v1,
corpus_03,03.CCTV Mobile Usage.mkv,632de9ed55947761d56d4c6142a3cb1a1fe69d0b1a6d0e01a2e404c697962623,dfine_sahi,135867.0,monitor_or_bezel,0.6207,910.25,411.18,1141.26,506.35,21985.5,231.01,95.17,2.427,False,,True,R-desk,38,evt_S-61_upper_body_0022,ddc3448c69a0dfb5,lap_bag_context,no_pose_observation,34560.0,1.33,,1,cam12/e1/v1,
corpus_03,03.CCTV Mobile Usage.mkv,632de9ed55947761d56d4c6142a3cb1a1fe69d0b1a6d0e01a2e404c697962623,dfine_sahi,135867.0,monitor_or_bezel,0.5937,1019.08,395.61,1145.8,447.83,6617.5,126.73,52.22,2.427,False,,True,R-desk,38,evt_S-61_upper_body_0022,ddc3448c69a0dfb5,lap_bag_context,no_pose_observation,34560.0,1.33,,1,cam12/e1/v1,
corpus_03,03.CCTV Mobile Usage.mkv,632de9ed55947761d56d4c6142a3cb1a1fe69d0b1a6d0e01a2e404c697962623,dfine_sahi,135867.0,keyboard,0.5836,963.06,452.35,1033.8,475.52,1639.1,70.74,23.17,3.053,False,,True,R-desk,38,evt_S-61_upper_body_0022,ddc3448c69a0dfb5,lap_bag_context,no_pose_observation,34560.0,1.33,,1,cam12/e1/v1,
corpus_03,03.CCTV Mobile Usage.mkv,632de9ed55947761d56d4c6142a3cb1a1fe69d0b1a6d0e01a2e404c697962623,dfine_sahi,135867.0,unknown_object,0.414,700.0,380.55,761.21,475.19,5793.0,61.21,94.64,0.647,False,,True,R-desk,38,evt_S-61_upper_body_0022,ddc3448c69a0dfb5,lap_bag_context,no_pose_observation,34560.0,1.33,,1,cam12/e1/v1,
corpus_03,03.CCTV Mobile Usage.mkv,632de9ed55947761d56d4c6142a3cb1a1fe69d0b1a6d0e01a2e404c697962623,dfine_sahi,135867.0,keyboard,0.3796,882.31,380.26,968.88,452.7,6270.6,86.57,72.44,1.195,False,,True,R-desk,38,evt_S-61_upper_body_0022,ddc3448c69a0dfb5,lap_bag_context,no_pose_observation,34560.0,1.33,,1,cam12/e1/v1,
corpus_03,03.CCTV Mobile Usage.mkv,632de9ed55947761d56d4c6142a3cb1a1fe69d0b1a6d0e01a2e404c697962623,dfine_sahi,135867.0,unknown_object,0.3606,700.18,410.43,969.81,506.18,25819.0,269.63,95.76,2.816,False,,True,R-desk,38,evt_S-61_upper_body_0022,ddc3448c69a0dfb5,lap_bag_context,no_pose_observation,34560.0,1.33,,1,cam12/e1/v1,
corpus_03,03.CCTV Mobile Usage.mkv,632de9ed55947761d56d4c6142a3cb1a1fe69d0b1a6d0e01a2e404c697962623,dfine_sahi,135867.0,monitor_or_bezel,0.354,881.19,396.17,948.77,452.35,3796.9,67.58,56.18,1.203,False,,True,R-desk,38,evt_S-61_upper_body_0022,ddc3448c69a0dfb5,lap_bag_context,no_pose_observation,34560.0,1.33,,1,cam12/e1/v1,
corpus_03,03.CCTV Mobile Usage.mkv,632de9ed55947761d56d4c6142a3cb1a1fe69d0b1a6d0e01a2e404c697962623,dfine_sahi,135867.0,mouse,0.3351,967.25,398.39,991.9,410.48,298.2,24.65,12.1,2.038,False,,True,R-desk,38,evt_S-61_upper_body_0022,ddc3448c69a0dfb5,lap_bag_context,no_pose_observation,34560.0,1.33,,1,cam12/e1/v1,
corpus_03,03.CCTV Mobile Usage.mkv,632de9ed55947761d56d4c6142a3cb1a1fe69d0b1a6d0e01a2e404c697962623,dfine_sahi,135867.0,keyboard,0.3131,965.1,394.69,1117.3,475.0,12222.4,152.2,80.31,1.895,False,,True,R-desk,38,evt_S-61_upper_body_0022,ddc3448c69a0dfb5,lap_bag_context,no_pose_observation,34560.0,1.33,,1,cam12/e1/v1,
corpus_03,03.CCTV Mobile Usage.mkv,632de9ed55947761d56d4c6142a3cb1a1fe69d0b1a6d0e01a2e404c697962623,dfine_sahi,135867.0,unknown_object,0.3109,880.21,411.38,969.87,505.67,8455.2,89.67,94.3,0.951,False,,True,R-desk,38,evt_S-61_upper_body_0022,ddc3448c69a0dfb5,lap_bag_context,no_pose_observation,34560.0,1.33,,1,cam12/e1/v1,
corpus_03,03.CCTV Mobile Usage.mkv,632de9ed55947761d56d4c6142a3cb1a1fe69d0b1a6d0e01a2e404c697962623,dfine_sahi,135867.0,mouse,0.2985,990.81,399.44,1026.41,413.31,494.0,35.6,13.88,2.566,False,,True,R-desk,38,evt_S-61_upper_body_0022,ddc3448c69a0dfb5,lap_bag_context,no_pose_observation,34560.0,1.33,,1,cam12/e1/v1,
corpus_03,03.CCTV Mobile Usage.mkv,632de9ed55947761d56d4c6142a3cb1a1fe69d0b1a6d0e01a2e404c697962623,dfine_sahi,135867.0,phone,0.2651,1052.45,411.33,1139.75,447.29,3139.4,87.31,35.96,2.428,False,,True,R-desk,38,evt_S-61_upper_body_0022,ddc3448c69a0dfb5,lap_bag_context,no_pose_observation,34560.0,1.33,,1,cam12/e1/v1,
corpus_03,03.CCTV Mobile Usage.mkv,632de9ed55947761d56d4c6142a3cb1a1fe69d0b1a6d0e01a2e404c697962623,dfine_sahi,135867.0,unknown_object,0.2577,864.61,466.66,957.58,506.53,3706.2,92.96,39.87,2.332,False,,True,R-desk,38,evt_S-61_upper_body_0022,ddc3448c69a0dfb5,lap_bag_context,no_pose_observation,34560.0,1.33,,1,cam12/e1/v1,
corpus_03,03.CCTV Mobile Usage.mkv,632de9ed55947761d56d4c6142a3cb1a1fe69d0b1a6d0e01a2e404c697962623,dfine_sahi,135867.0,unknown_object,0.2511,881.59,411.13,935.88,452.71,2257.4,54.29,41.58,1.306,False,,True,R-desk,38,evt_S-61_upper_body_0022,ddc3448c69a0dfb5,lap_bag_context,no_pose_observation,34560.0,1.33,,1,cam12/e1/v1,
corpus_03,03.CCTV Mobile Usage.mkv,632de9ed55947761d56d4c6142a3cb1a1fe69d0b1a6d0e01a2e404c697962623,dfine_sahi,135867.0,keyboard,0.2509,910.05,411.49,1092.6,506.31,17308.4,182.55,94.81,1.925,False,,True,R-desk,38,evt_S-61_upper_body_0022,ddc3448c69a0dfb5,lap_bag_context,no_pose_observation,34560.0,1.33,,1,cam12/e1/v1,
corpus_03,03.CCTV Mobile Usage.mkv,632de9ed55947761d56d4c6142a3cb1a1fe69d0b1a6d0e01a2e404c697962623,dfine_sahi,135867.0,monitor_or_bezel,0.2504,737.85,395.43,1147.18,491.05,39136.8,409.32,95.61,4.281,False,,True,R-desk,38,evt_S-61_upper_body_0022,ddc3448c69a0dfb5,lap_bag_context,no_pose_observation,34560.0,1.33,,1,cam12/e1/v1,
corpus_03,03.CCTV Mobile Usage.mkv,632de9ed55947761d56d4c6142a3cb1a1fe69d0b1a6d0e01a2e404c697962623,dfine_sahi,136583.0,unknown_object,0.5617,134.01,516.21,229.88,611.4,9126.8,95.87,95.2,1.007,False,,True,S-61,33,evt_S-61_desk_work_surface_0007,65cff10b1905b625,pose_hand_context,,11854.9,5.88,,1,cam12/e1/v1,rtmpose_baseline
corpus_03,03.CCTV Mobile Usage.mkv,632de9ed55947761d56d4c6142a3cb1a1fe69d0b1a6d0e01a2e404c697962623,dfine_sahi,136583.0,unknown_object,0.4826,204.75,556.44,260.96,594.87,2159.8,56.21,38.43,1.463,False,,True,S-61,33,evt_S-61_desk_work_surface_0007,65cff10b1905b625,pose_hand_context,,11854.9,5.88,,1,cam12/e1/v1,rtmpose_baseline
corpus_03,03.CCTV Mobile Usage.mkv,632de9ed55947761d56d4c6142a3cb1a1fe69d0b1a6d0e01a2e404c697962623,dfine_sahi,136583.0,unknown_object,0.4491,133.96,468.14,176.53,521.45,2269.3,42.57,53.31,0.799,False,,True,S-61,33,evt_S-61_desk_work_surface_0007,65cff10b1905b625,pose_hand_context,,11854.9,5.88,,1,cam12/e1/v1,rtmpose_baseline
corpus_03,03.CCTV Mobile Usage.mkv,632de9ed55947761d56d4c6142a3cb1a1fe69d0b1a6d0e01a2e404c697962623,dfine_sahi,136583.0,unknown_object,0.3865,182.0,516.06,277.89,583.18,6436.4,95.89,67.13,1.428,False,,True,S-61,33,evt_S-61_desk_work_surface_0007,65cff10b1905b625,pose_hand_context,,11854.9,5.88,,1,cam12/e1/v1,rtmpose_baseline
corpus_03,03.CCTV Mobile Usage.mkv,632de9ed55947761d56d4c6142a3cb1a1fe69d0b1a6d0e01a2e404c697962623,dfine_sahi,136583.0,unknown_object,0.3032,188.63,468.12,260.03,527.82,4262.8,71.4,59.7,1.196,False,,True,S-61,33,evt_S-61_desk_work_surface_0007,65cff10b1905b625,pose_hand_context,,11854.9,5.88,,1,cam12/e1/v1,rtmpose_baseline
corpus_03,03.CCTV Mobile Usage.mkv,632de9ed55947761d56d4c6142a3cb1a1fe69d0b1a6d0e01a2e404c697962623,dfine_sahi,136583.0,keyboard,0.9078,962.27,451.92,1067.7,491.37,4159.2,105.43,39.45,2.672,False,,True,R-desk,39,evt_S-61_desk_work_surface_0007,bd8581999b3cb815,lap_bag_context,no_pose_observation,34560.0,1.33,,1,cam12/e1/v1,
corpus_03,03.CCTV Mobile Usage.mkv,632de9ed55947761d56d4c6142a3cb1a1fe69d0b1a6d0e01a2e404c697962623,dfine_sahi,136583.0,mouse,0.7356,864.95,413.57,891.37,435.58,581.7,26.42,22.02,1.2,False,,True,R-desk,39,evt_S-61_desk_work_surface_0007,bd8581999b3cb815,lap_bag_context,no_pose_observation,34560.0,1.33,,1,cam12/e1/v1,
corpus_03,03.CCTV Mobile Usage.mkv,632de9ed55947761d56d4c6142a3cb1a1fe69d0b1a6d0e01a2e404c697962623,dfine_sahi,136583.0,monitor_or_bezel,0.7317,963.05,380.54,1152.76,475.04,17927.0,189.7,94.5,2.007,False,,True,R-desk,39,evt_S-61_desk_work_surface_0007,bd8581999b3cb815,lap_bag_context,no_pose_observation,34560.0,1.33,,1,cam12/e1/v1,
corpus_03,03.CCTV Mobile Usage.mkv,632de9ed55947761d56d4c6142a3cb1a1fe69d0b1a6d0e01a2e404c697962623,dfine_sahi,136583.0,unknown_object,0.7287,699.87,396.11,843.41,492.22,13796.1,143.55,96.11,1.494,False,,True,R-desk,39,evt_S-61_desk_work_surface_0007,bd8581999b3cb815,lap_bag_context,no_pose_observation,34560.0,1.33,,1,cam12/e1/v1,
corpus_03,03.CCTV Mobile Usage.mkv,632de9ed55947761d56d4c6142a3cb1a1fe69d0b1a6d0e01a2e404c697962623,dfine_sahi,136583.0,phone,0.716,1043.35,421.09,1112.07,473.86,3626.2,68.73,52.76,1.303,False,,True,R-desk,39,evt_S-61_desk_work_surface_0007,bd8581999b3cb815,lap_bag_context,no_pose_observation,34560.0,1.33,,1,cam12/e1/v1,
corpus_03,03.CCTV Mobile Usage.mkv,632de9ed55947761d56d4c6142a3cb1a1fe69d0b1a6d0e01a2e404c697962623,dfine_sahi,136583.0,keyboard,0.7122,771.84,380.17,871.23,420.48,4005.7,99.39,40.3,2.466,False,,True,R-desk,39,evt_S-61_desk_work_surface_0007,bd8581999b3cb815,lap_bag_context,no_pose_observation,34560.0,1.33,,1,cam12/e1/v1,
corpus_03,03.CCTV Mobile Usage.mkv,632de9ed55947761d56d4c6142a3cb1a1fe69d0b1a6d0e01a2e404c697962623,dfine_sahi,136583.0,keyboard,0.6588,802.71,396.23,870.49,420.54,1647.8,67.78,24.31,2.788,False,,True,R-desk,39,evt_S-61_desk_work_surface_0007,bd8581999b3cb815,lap_bag_context,no_pose_observation,34560.0,1.33,,1,cam12/e1/v1,
corpus_03,03.CCTV Mobile Usage.mkv,632de9ed55947761d56d4c6142a3cb1a1fe69d0b1a6d0e01a2e404c697962623,dfine_sahi,136583.0,monitor_or_bezel,0.6328,1018.92,395.73,1145.72,447.5,6565.7,126.81,51.78,2.449,False,,True,R-desk,39,evt_S-61_desk_work_surface_0007,bd8581999b3cb815,lap_bag_context,no_pose_observation,34560.0,1.33,,1,cam12/e1/v1,
corpus_03,03.CCTV Mobile Usage.mkv,632de9ed55947761d56d4c6142a3cb1a1fe69d0b1a6d0e01a2e404c697962623,dfine_sahi,136583.0,monitor_or_bezel,0.5821,910.23,411.15,1141.96,506.34,22059.1,231.74,95.19,2.434,False,,True,R-desk,39,evt_S-61_desk_work_surface_0007,bd8581999b3cb815,lap_bag_context,no_pose_observation,34560.0,1.33,,1,cam12/e1/v1,
corpus_03,03.CCTV Mobile Usage.mkv,632de9ed55947761d56d4c6142a3cb1a1fe69d0b1a6d0e01a2e404c697962623,dfine_sahi,136583.0,monitor_or_bezel,0.5777,707.26,379.91,968.75,475.01,24867.2,261.49,95.1,2.75,False,,True,R-desk,39,evt_S-61_desk_work_surface_0007,bd8581999b3cb815,lap_bag_context,no_pose_observation,34560.0,1.33,,1,cam12/e1/v1,
corpus_03,03.CCTV Mobile Usage.mkv,632de9ed55947761d56d4c6142a3cb1a1fe69d0b1a6d0e01a2e404c697962623,dfine_sahi,136583.0,keyboard,0.5663,962.95,452.36,1034.92,475.57,1670.3,71.96,23.21,3.1,False,,True,R-desk,39,evt_S-61_desk_work_surface_0007,bd8581999b3cb815,lap_bag_context,no_pose_observation,34560.0,1.33,,1,cam12/e1/v1,
corpus_03,03.CCTV Mobile Usage.mkv,632de9ed55947761d56d4c6142a3cb1a1fe69d0b1a6d0e01a2e404c697962623,dfine_sahi,136583.0,unknown_object,0.3861,700.25,410.54,969.86,506.31,25819.6,269.61,95.76,2.815,False,,True,R-desk,39,evt_S-61_desk_work_surface_0007,bd8581999b3cb815,lap_bag_context,no_pose_observation,34560.0,1.33,,1,cam12/e1/v1,
corpus_03,03.CCTV Mobile Usage.mkv,632de9ed55947761d56d4c6142a3cb1a1fe69d0b1a6d0e01a2e404c697962623,dfine_sahi,136583.0,unknown_object,0.3609,700.01,380.66,761.13,475.23,5780.5,61.12,94.57,0.646,False,,True,R-desk,39,evt_S-61_desk_work_surface_0007,bd8581999b3cb815,lap_bag_context,no_pose_observation,34560.0,1.33,,1,cam12/e1/v1,
corpus_03,03.CCTV Mobile Usage.mkv,632de9ed55947761d56d4c6142a3cb1a1fe69d0b1a6d0e01a2e404c697962623,dfine_sahi,136583.0,mouse,0.3542,967.24,398.33,991.83,410.48,298.7,24.59,12.15,2.024,False,,True,R-desk,39,evt_S-61_desk_work_surface_0007,bd8581999b3cb815,lap_bag_context,no_pose_observation,34560.0,1.33,,1,cam12/e1/v1,
corpus_03,03.CCTV Mobile Usage.mkv,632de9ed55947761d56d4c6142a3cb1a1fe69d0b1a6d0e01a2e404c697962623,dfine_sahi,136583.0,mouse,0.327,990.71,399.45,1026.9,413.37,503.5,36.19,13.91,2.601,False,,True,R-desk,39,evt_S-61_desk_work_surface_0007,bd8581999b3cb815,lap_bag_context,no_pose_observation,34560.0,1.33,,1,cam12/e1/v1,
corpus_03,03.CCTV Mobile Usage.mkv,632de9ed55947761d56d4c6142a3cb1a1fe69d0b1a6d0e01a2e404c697962623,dfine_sahi,136583.0,keyboard,0.3171,910.04,411.38,1092.16,506.28,17282.0,182.11,94.9,1.919,False,,True,R-desk,39,evt_S-61_desk_work_surface_0007,bd8581999b3cb815,lap_bag_context,no_pose_observation,34560.0,1.33,,1,cam12/e1/v1,
corpus_03,03.CCTV Mobile Usage.mkv,632de9ed55947761d56d4c6142a3cb1a1fe69d0b1a6d0e01a2e404c697962623,dfine_sahi,136583.0,monitor_or_bezel,0.316,881.26,396.2,948.53,452.37,3778.6,67.27,56.17,1.198,False,,True,R-desk,39,evt_S-61_desk_work_surface_0007,bd8581999b3cb815,lap_bag_context,no_pose_observation,34560.0,1.33,,1,cam12/e1/v1,
corpus_03,03.CCTV Mobile Usage.mkv,632de9ed55947761d56d4c6142a3cb1a1fe69d0b1a6d0e01a2e404c697962623,dfine_sahi,136583.0,keyboard,0.3144,965.05,393.62,1122.86,475.1,12858.6,157.8,81.48,1.937,False,,True,R-desk,39,evt_S-61_desk_work_surface_0007,bd8581999b3cb815,lap_bag_context,no_pose_observation,34560.0,1.33,,1,cam12/e1/v1,
corpus_03,03.CCTV Mobile Usage.mkv,632de9ed55947761d56d4c6142a3cb1a1fe69d0b1a6d0e01a2e404c697962623,dfine_sahi,136583.0,unknown_object,0.3065,879.6,411.34,969.87,505.75,8522.3,90.27,94.41,0.956,False,,True,R-desk,39,evt_S-61_desk_work_surface_0007,bd8581999b3cb815,lap_bag_context,no_pose_observation,34560.0,1.33,,1,cam12/e1/v1,
corpus_03,03.CCTV Mobile Usage.mkv,632de9ed55947761d56d4c6142a3cb1a1fe69d0b1a6d0e01a2e404c697962623,dfine_sahi,136583.0,keyboard,0.3041,881.97,380.18,966.69,452.81,6154.2,84.72,72.64,1.166,False,,True,R-desk,39,evt_S-61_desk_work_surface_0007,bd8581999b3cb815,lap_bag_context,no_pose_observation,34560.0,1.33,,1,cam12/e1/v1,
corpus_03,03.CCTV Mobile Usage.mkv,632de9ed55947761d56d4c6142a3cb1a1fe69d0b1a6d0e01a2e404c697962623,dfine_sahi,136583.0,unknown_object,0.2887,881.74,411.13,969.76,453.32,3713.3,88.02,42.19,2.086,False,,True,R-desk,39,evt_S-61_desk_work_surface_0007,bd8581999b3cb815,lap_bag_context,no_pose_observation,34560.0,1.33,,1,cam12/e1/v1,
corpus_03,03.CCTV Mobile Usage.mkv,632de9ed55947761d56d4c6142a3cb1a1fe69d0b1a6d0e01a2e404c697962623,dfine_sahi,136583.0,monitor_or_bezel,0.2836,737.82,395.62,1147.17,491.06,39066.1,409.34,95.44,4.289,False,,True,R-desk,39,evt_S-61_desk_work_surface_0007,bd8581999b3cb815,lap_bag_context,no_pose_observation,34560.0,1.33,,1,cam12/e1/v1,
corpus_03,03.CCTV Mobile Usage.mkv,632de9ed55947761d56d4c6142a3cb1a1fe69d0b1a6d0e01a2e404c697962623,dfine_sahi,136583.0,unknown_object,0.2793,864.13,465.68,958.0,506.58,3839.2,93.87,40.9,2.295,False,,True,R-desk,39,evt_S-61_desk_work_surface_0007,bd8581999b3cb815,lap_bag_context,no_pose_observation,34560.0,1.33,,1,cam12/e1/v1,
corpus_03,03.CCTV Mobile Usage.mkv,632de9ed55947761d56d4c6142a3cb1a1fe69d0b1a6d0e01a2e404c697962623,dfine_sahi,136583.0,phone,0.263,1052.27,411.38,1139.8,447.52,3163.6,87.53,36.14,2.422,False,,True,R-desk,39,evt_S-61_desk_work_surface_0007,bd8581999b3cb815,lap_bag_context,no_pose_observation,34560.0,1.33,,1,cam12/e1/v1,
corpus_03,03.CCTV Mobile Usage.mkv,632de9ed55947761d56d4c6142a3cb1a1fe69d0b1a6d0e01a2e404c697962623,dfine_sahi,136583.0,unknown_object,0.2561,864.33,413.62,891.86,436.39,626.9,27.53,22.77,1.209,False,,True,R-desk,39,evt_S-61_desk_work_surface_0007,bd8581999b3cb815,lap_bag_context,no_pose_observation,34560.0,1.33,,1,cam12/e1/v1,
corpus_03,03.CCTV Mobile Usage.mkv,632de9ed55947761d56d4c6142a3cb1a1fe69d0b1a6d0e01a2e404c697962623,dfine_sahi,136867.0,keyboard,0.9078,962.27,451.92,1067.7,491.37,4159.2,105.43,39.45,2.672,False,,True,R-desk,39,evt_S-61_upper_body_0022,9288fa4f7a20cfac,lap_bag_context,no_pose_observation,34560.0,1.33,,1,cam12/e1/v1,
corpus_03,03.CCTV Mobile Usage.mkv,632de9ed55947761d56d4c6142a3cb1a1fe69d0b1a6d0e01a2e404c697962623,dfine_sahi,136867.0,mouse,0.7356,864.95,413.57,891.37,435.58,581.7,26.42,22.02,1.2,False,,True,R-desk,39,evt_S-61_upper_body_0022,9288fa4f7a20cfac,lap_bag_context,no_pose_observation,34560.0,1.33,,1,cam12/e1/v1,
corpus_03,03.CCTV Mobile Usage.mkv,632de9ed55947761d56d4c6142a3cb1a1fe69d0b1a6d0e01a2e404c697962623,dfine_sahi,136867.0,monitor_or_bezel,0.7317,963.05,380.54,1152.76,475.04,17927.0,189.7,94.5,2.007,False,,True,R-desk,39,evt_S-61_upper_body_0022,9288fa4f7a20cfac,lap_bag_context,no_pose_observation,34560.0,1.33,,1,cam12/e1/v1,
corpus_03,03.CCTV Mobile Usage.mkv,632de9ed55947761d56d4c6142a3cb1a1fe69d0b1a6d0e01a2e404c697962623,dfine_sahi,136867.0,unknown_object,0.7287,699.87,396.11,843.41,492.22,13796.1,143.55,96.11,1.494,False,,True,R-desk,39,evt_S-61_upper_body_0022,9288fa4f7a20cfac,lap_bag_context,no_pose_observation,34560.0,1.33,,1,cam12/e1/v1,
corpus_03,03.CCTV Mobile Usage.mkv,632de9ed55947761d56d4c6142a3cb1a1fe69d0b1a6d0e01a2e404c697962623,dfine_sahi,136867.0,phone,0.716,1043.35,421.09,1112.07,473.86,3626.2,68.73,52.76,1.303,False,,True,R-desk,39,evt_S-61_upper_body_0022,9288fa4f7a20cfac,lap_bag_context,no_pose_observation,34560.0,1.33,,1,cam12/e1/v1,
corpus_03,03.CCTV Mobile Usage.mkv,632de9ed55947761d56d4c6142a3cb1a1fe69d0b1a6d0e01a2e404c697962623,dfine_sahi,136867.0,keyboard,0.7122,771.84,380.17,871.23,420.48,4005.7,99.39,40.3,2.466,False,,True,R-desk,39,evt_S-61_upper_body_0022,9288fa4f7a20cfac,lap_bag_context,no_pose_observation,34560.0,1.33,,1,cam12/e1/v1,
corpus_03,03.CCTV Mobile Usage.mkv,632de9ed55947761d56d4c6142a3cb1a1fe69d0b1a6d0e01a2e404c697962623,dfine_sahi,136867.0,keyboard,0.6588,802.71,396.23,870.49,420.54,1647.8,67.78,24.31,2.788,False,,True,R-desk,39,evt_S-61_upper_body_0022,9288fa4f7a20cfac,lap_bag_context,no_pose_observation,34560.0,1.33,,1,cam12/e1/v1,
corpus_03,03.CCTV Mobile Usage.mkv,632de9ed55947761d56d4c6142a3cb1a1fe69d0b1a6d0e01a2e404c697962623,dfine_sahi,136867.0,monitor_or_bezel,0.6328,1018.92,395.73,1145.72,447.5,6565.7,126.81,51.78,2.449,False,,True,R-desk,39,evt_S-61_upper_body_0022,9288fa4f7a20cfac,lap_bag_context,no_pose_observation,34560.0,1.33,,1,cam12/e1/v1,
corpus_03,03.CCTV Mobile Usage.mkv,632de9ed55947761d56d4c6142a3cb1a1fe69d0b1a6d0e01a2e404c697962623,dfine_sahi,136867.0,monitor_or_bezel,0.5821,910.23,411.15,1141.96,506.34,22059.1,231.74,95.19,2.434,False,,True,R-desk,39,evt_S-61_upper_body_0022,9288fa4f7a20cfac,lap_bag_context,no_pose_observation,34560.0,1.33,,1,cam12/e1/v1,
corpus_03,03.CCTV Mobile Usage.mkv,632de9ed55947761d56d4c6142a3cb1a1fe69d0b1a6d0e01a2e404c697962623,dfine_sahi,136867.0,monitor_or_bezel,0.5777,707.26,379.91,968.75,475.01,24867.2,261.49,95.1,2.75,False,,True,R-desk,39,evt_S-61_upper_body_0022,9288fa4f7a20cfac,lap_bag_context,no_pose_observation,34560.0,1.33,,1,cam12/e1/v1,
corpus_03,03.CCTV Mobile Usage.mkv,632de9ed55947761d56d4c6142a3cb1a1fe69d0b1a6d0e01a2e404c697962623,dfine_sahi,136867.0,keyboard,0.5663,962.95,452.36,1034.92,475.57,1670.3,71.96,23.21,3.1,False,,True,R-desk,39,evt_S-61_upper_body_0022,9288fa4f7a20cfac,lap_bag_context,no_pose_observation,34560.0,1.33,,1,cam12/e1/v1,
corpus_03,03.CCTV Mobile Usage.mkv,632de9ed55947761d56d4c6142a3cb1a1fe69d0b1a6d0e01a2e404c697962623,dfine_sahi,136867.0,unknown_object,0.3861,700.25,410.54,969.86,506.31,25819.6,269.61,95.76,2.815,False,,True,R-desk,39,evt_S-61_upper_body_0022,9288fa4f7a20cfac,lap_bag_context,no_pose_observation,34560.0,1.33,,1,cam12/e1/v1,
corpus_03,03.CCTV Mobile Usage.mkv,632de9ed55947761d56d4c6142a3cb1a1fe69d0b1a6d0e01a2e404c697962623,dfine_sahi,136867.0,unknown_object,0.3609,700.01,380.66,761.13,475.23,5780.5,61.12,94.57,0.646,False,,True,R-desk,39,evt_S-61_upper_body_0022,9288fa4f7a20cfac,lap_bag_context,no_pose_observation,34560.0,1.33,,1,cam12/e1/v1,
corpus_03,03.CCTV Mobile Usage.mkv,632de9ed55947761d56d4c6142a3cb1a1fe69d0b1a6d0e01a2e404c697962623,dfine_sahi,136867.0,mouse,0.3542,967.24,398.33,991.83,410.48,298.7,24.59,12.15,2.024,False,,True,R-desk,39,evt_S-61_upper_body_0022,9288fa4f7a20cfac,lap_bag_context,no_pose_observation,34560.0,1.33,,1,cam12/e1/v1,
corpus_03,03.CCTV Mobile Usage.mkv,632de9ed55947761d56d4c6142a3cb1a1fe69d0b1a6d0e01a2e404c697962623,dfine_sahi,136867.0,mouse,0.327,990.71,399.45,1026.9,413.37,503.5,36.19,13.91,2.601,False,,True,R-desk,39,evt_S-61_upper_body_0022,9288fa4f7a20cfac,lap_bag_context,no_pose_observation,34560.0,1.33,,1,cam12/e1/v1,
corpus_03,03.CCTV Mobile Usage.mkv,632de9ed55947761d56d4c6142a3cb1a1fe69d0b1a6d0e01a2e404c697962623,dfine_sahi,136867.0,keyboard,0.3171,910.04,411.38,1092.16,506.28,17282.0,182.11,94.9,1.919,False,,True,R-desk,39,evt_S-61_upper_body_0022,9288fa4f7a20cfac,lap_bag_context,no_pose_observation,34560.0,1.33,,1,cam12/e1/v1,
corpus_03,03.CCTV Mobile Usage.mkv,632de9ed55947761d56d4c6142a3cb1a1fe69d0b1a6d0e01a2e404c697962623,dfine_sahi,136867.0,monitor_or_bezel,0.316,881.26,396.2,948.53,452.37,3778.6,67.27,56.17,1.198,False,,True,R-desk,39,evt_S-61_upper_body_0022,9288fa4f7a20cfac,lap_bag_context,no_pose_observation,34560.0,1.33,,1,cam12/e1/v1,
corpus_03,03.CCTV Mobile Usage.mkv,632de9ed55947761d56d4c6142a3cb1a1fe69d0b1a6d0e01a2e404c697962623,dfine_sahi,136867.0,keyboard,0.3144,965.05,393.62,1122.86,475.1,12858.6,157.8,81.48,1.937,False,,True,R-desk,39,evt_S-61_upper_body_0022,9288fa4f7a20cfac,lap_bag_context,no_pose_observation,34560.0,1.33,,1,cam12/e1/v1,
corpus_03,03.CCTV Mobile Usage.mkv,632de9ed55947761d56d4c6142a3cb1a1fe69d0b1a6d0e01a2e404c697962623,dfine_sahi,136867.0,unknown_object,0.3065,879.6,411.34,969.87,505.75,8522.3,90.27,94.41,0.956,False,,True,R-desk,39,evt_S-61_upper_body_0022,9288fa4f7a20cfac,lap_bag_context,no_pose_observation,34560.0,1.33,,1,cam12/e1/v1,
corpus_03,03.CCTV Mobile Usage.mkv,632de9ed55947761d56d4c6142a3cb1a1fe69d0b1a6d0e01a2e404c697962623,dfine_sahi,136867.0,keyboard,0.3041,881.97,380.18,966.69,452.81,6154.2,84.72,72.64,1.166,False,,True,R-desk,39,evt_S-61_upper_body_0022,9288fa4f7a20cfac,lap_bag_context,no_pose_observation,34560.0,1.33,,1,cam12/e1/v1,
corpus_03,03.CCTV Mobile Usage.mkv,632de9ed55947761d56d4c6142a3cb1a1fe69d0b1a6d0e01a2e404c697962623,dfine_sahi,136867.0,unknown_object,0.2887,881.74,411.13,969.76,453.32,3713.3,88.02,42.19,2.086,False,,True,R-desk,39,evt_S-61_upper_body_0022,9288fa4f7a20cfac,lap_bag_context,no_pose_observation,34560.0,1.33,,1,cam12/e1/v1,
corpus_03,03.CCTV Mobile Usage.mkv,632de9ed55947761d56d4c6142a3cb1a1fe69d0b1a6d0e01a2e404c697962623,dfine_sahi,136867.0,monitor_or_bezel,0.2836,737.82,395.62,1147.17,491.06,39066.1,409.34,95.44,4.289,False,,True,R-desk,39,evt_S-61_upper_body_0022,9288fa4f7a20cfac,lap_bag_context,no_pose_observation,34560.0,1.33,,1,cam12/e1/v1,
corpus_03,03.CCTV Mobile Usage.mkv,632de9ed55947761d56d4c6142a3cb1a1fe69d0b1a6d0e01a2e404c697962623,dfine_sahi,136867.0,unknown_object,0.2793,864.13,465.68,958.0,506.58,3839.2,93.87,40.9,2.295,False,,True,R-desk,39,evt_S-61_upper_body_0022,9288fa4f7a20cfac,lap_bag_context,no_pose_observation,34560.0,1.33,,1,cam12/e1/v1,
corpus_03,03.CCTV Mobile Usage.mkv,632de9ed55947761d56d4c6142a3cb1a1fe69d0b1a6d0e01a2e404c697962623,dfine_sahi,136867.0,phone,0.263,1052.27,411.38,1139.8,447.52,3163.6,87.53,36.14,2.422,False,,True,R-desk,39,evt_S-61_upper_body_0022,9288fa4f7a20cfac,lap_bag_context,no_pose_observation,34560.0,1.33,,1,cam12/e1/v1,
corpus_03,03.CCTV Mobile Usage.mkv,632de9ed55947761d56d4c6142a3cb1a1fe69d0b1a6d0e01a2e404c697962623,dfine_sahi,136867.0,unknown_object,0.2561,864.33,413.62,891.86,436.39,626.9,27.53,22.77,1.209,False,,True,R-desk,39,evt_S-61_upper_body_0022,9288fa4f7a20cfac,lap_bag_context,no_pose_observation,34560.0,1.33,,1,cam12/e1/v1,
corpus_03,03.CCTV Mobile Usage.mkv,632de9ed55947761d56d4c6142a3cb1a1fe69d0b1a6d0e01a2e404c697962623,dfine_sahi,136867.0,unknown_object,0.6981,80.99,369.16,176.95,464.4,9138.1,95.95,95.24,1.008,False,,True,S-61,33,evt_S-61_upper_body_0022,e03dffc8b8df0955,pose_hand_context,,22722.5,4.25,,1,cam12/e1/v1,rtmpose_baseline
corpus_03,03.CCTV Mobile Usage.mkv,632de9ed55947761d56d4c6142a3cb1a1fe69d0b1a6d0e01a2e404c697962623,dfine_sahi,136867.0,unknown_object,0.5335,15.12,303.18,110.81,398.49,9120.2,95.69,95.31,1.004,False,,True,S-61,33,evt_S-61_upper_body_0022,e03dffc8b8df0955,pose_hand_context,,22722.5,4.25,,1,cam12/e1/v1,rtmpose_baseline
corpus_03,03.CCTV Mobile Usage.mkv,632de9ed55947761d56d4c6142a3cb1a1fe69d0b1a6d0e01a2e404c697962623,dfine_sahi,136867.0,unknown_object,0.4126,62.09,369.4,110.96,463.76,4610.9,48.87,94.35,0.518,False,,True,S-61,33,evt_S-61_upper_body_0022,e03dffc8b8df0955,pose_hand_context,,22722.5,4.25,,1,cam12/e1/v1,rtmpose_baseline
corpus_03,03.CCTV Mobile Usage.mkv,632de9ed55947761d56d4c6142a3cb1a1fe69d0b1a6d0e01a2e404c697962623,dfine_sahi,136867.0,unknown_object,0.378,81.0,303.25,109.47,374.81,2037.1,28.47,71.56,0.398,False,,True,S-61,33,evt_S-61_upper_body_0022,e03dffc8b8df0955,pose_hand_context,,22722.5,4.25,,1,cam12/e1/v1,rtmpose_baseline
corpus_03,03.CCTV Mobile Usage.mkv,632de9ed55947761d56d4c6142a3cb1a1fe69d0b1a6d0e01a2e404c697962623,dfine_sahi,136867.0,unknown_object,0.3171,80.97,303.12,177.01,398.54,9164.1,96.04,95.42,1.006,False,,True,S-61,33,evt_S-61_upper_body_0022,e03dffc8b8df0955,pose_hand_context,,22722.5,4.25,,1,cam12/e1/v1,rtmpose_baseline
corpus_03,03.CCTV Mobile Usage.mkv,632de9ed55947761d56d4c6142a3cb1a1fe69d0b1a6d0e01a2e404c697962623,dfine_sahi,136867.0,unknown_object,0.2547,15.15,396.91,110.95,464.67,6490.8,95.8,67.75,1.414,False,,True,S-61,33,evt_S-61_upper_body_0022,e03dffc8b8df0955,pose_hand_context,,22722.5,4.25,,1,cam12/e1/v1,rtmpose_baseline
corpus_03,03.CCTV Mobile Usage.mkv,632de9ed55947761d56d4c6142a3cb1a1fe69d0b1a6d0e01a2e404c697962623,dfine_sahi,137583.0,unknown_object,0.7811,190.59,419.25,255.94,517.6,6427.5,65.35,98.35,0.664,False,,True,S-61,33,evt_S-61_desk_work_surface_0007,91d419cfcd5b8430,pose_hand_context,,39045.8,3.24,,1,cam12/e1/v1,rtmpose_baseline
corpus_03,03.CCTV Mobile Usage.mkv,632de9ed55947761d56d4c6142a3cb1a1fe69d0b1a6d0e01a2e404c697962623,dfine_sahi,137583.0,unknown_object,0.5687,108.62,455.49,168.98,515.39,3615.8,60.36,59.91,1.007,False,,True,S-61,33,evt_S-61_desk_work_surface_0007,91d419cfcd5b8430,pose_hand_context,,39045.8,3.24,,1,cam12/e1/v1,rtmpose_baseline
corpus_03,03.CCTV Mobile Usage.mkv,632de9ed55947761d56d4c6142a3cb1a1fe69d0b1a6d0e01a2e404c697962623,dfine_sahi,137583.0,unknown_object,0.4275,145.02,467.65,176.77,515.34,1514.8,31.76,47.7,0.666,False,,True,S-61,33,evt_S-61_desk_work_surface_0007,91d419cfcd5b8430,pose_hand_context,,39045.8,3.24,,1,cam12/e1/v1,rtmpose_baseline
corpus_03,03.CCTV Mobile Usage.mkv,632de9ed55947761d56d4c6142a3cb1a1fe69d0b1a6d0e01a2e404c697962623,dfine_sahi,137583.0,unknown_object,0.4062,145.12,446.76,193.03,488.57,2003.0,47.91,41.81,1.146,False,,True,S-61,33,evt_S-61_desk_work_surface_0007,91d419cfcd5b8430,pose_hand_context,,39045.8,3.24,,1,cam12/e1/v1,rtmpose_baseline
corpus_03,03.CCTV Mobile Usage.mkv,632de9ed55947761d56d4c6142a3cb1a1fe69d0b1a6d0e01a2e404c697962623,dfine_sahi,137583.0,phone,0.3376,145.01,333.15,175.73,426.48,2866.9,30.72,93.33,0.329,False,,True,S-61,33,evt_S-61_desk_work_surface_0007,91d419cfcd5b8430,pose_hand_context,,39045.8,3.24,,1,cam12/e1/v1,rtmpose_baseline
corpus_03,03.CCTV Mobile Usage.mkv,632de9ed55947761d56d4c6142a3cb1a1fe69d0b1a6d0e01a2e404c697962623,dfine_sahi,137583.0,phone,0.3287,138.14,447.67,193.61,492.02,2460.1,55.47,44.35,1.251,False,,True,S-61,33,evt_S-61_desk_work_surface_0007,91d419cfcd5b8430,pose_hand_context,,39045.8,3.24,,1,cam12/e1/v1,rtmpose_baseline
corpus_03,03.CCTV Mobile Usage.mkv,632de9ed55947761d56d4c6142a3cb1a1fe69d0b1a6d0e01a2e404c697962623,dfine_sahi,137583.0,unknown_object,0.3007,58.98,454.78,177.62,528.16,8705.4,118.63,73.38,1.617,False,,True,S-61,33,evt_S-61_desk_work_surface_0007,91d419cfcd5b8430,pose_hand_context,,39045.8,3.24,,1,cam12/e1/v1,rtmpose_baseline
corpus_03,03.CCTV Mobile Usage.mkv,632de9ed55947761d56d4c6142a3cb1a1fe69d0b1a6d0e01a2e404c697962623,dfine_sahi,137583.0,unknown_object,0.2986,82.23,419.1,168.91,464.96,3975.2,86.69,45.86,1.89,False,,True,S-61,33,evt_S-61_desk_work_surface_0007,91d419cfcd5b8430,pose_hand_context,,39045.8,3.24,,1,cam12/e1/v1,rtmpose_baseline
corpus_03,03.CCTV Mobile Usage.mkv,632de9ed55947761d56d4c6142a3cb1a1fe69d0b1a6d0e01a2e404c697962623,dfine_sahi,137583.0,unknown_object,0.2771,144.44,397.7,161.69,408.87,192.6,17.25,11.17,1.544,False,,True,S-61,33,evt_S-61_desk_work_surface_0007,91d419cfcd5b8430,pose_hand_context,,39045.8,3.24,,1,cam12/e1/v1,rtmpose_baseline
corpus_03,03.CCTV Mobile Usage.mkv,632de9ed55947761d56d4c6142a3cb1a1fe69d0b1a6d0e01a2e404c697962623,dfine_sahi,137583.0,stationery,0.2752,57.98,446.17,72.15,471.89,364.3,14.17,25.72,0.551,False,,True,S-61,33,evt_S-61_desk_work_surface_0007,91d419cfcd5b8430,pose_hand_context,,39045.8,3.24,,1,cam12/e1/v1,rtmpose_baseline
corpus_03,03.CCTV Mobile Usage.mkv,632de9ed55947761d56d4c6142a3cb1a1fe69d0b1a6d0e01a2e404c697962623,dfine_sahi,137583.0,phone,0.2654,57.98,445.81,72.59,473.08,398.6,14.61,27.28,0.536,False,,True,S-61,33,evt_S-61_desk_work_surface_0007,91d419cfcd5b8430,pose_hand_context,,39045.8,3.24,,1,cam12/e1/v1,rtmpose_baseline
corpus_03,03.CCTV Mobile Usage.mkv,632de9ed55947761d56d4c6142a3cb1a1fe69d0b1a6d0e01a2e404c697962623,dfine_sahi,137867.0,keyboard,0.9078,962.27,451.92,1067.7,491.37,4159.2,105.43,39.45,2.672,False,,True,R-desk,39,evt_S-61_upper_body_0022,1f6f9d7c495d1041,lap_bag_context,no_pose_observation,34560.0,1.33,,1,cam12/e1/v1,
corpus_03,03.CCTV Mobile Usage.mkv,632de9ed55947761d56d4c6142a3cb1a1fe69d0b1a6d0e01a2e404c697962623,dfine_sahi,137867.0,mouse,0.7356,864.95,413.57,891.37,435.58,581.7,26.42,22.02,1.2,False,,True,R-desk,39,evt_S-61_upper_body_0022,1f6f9d7c495d1041,lap_bag_context,no_pose_observation,34560.0,1.33,,1,cam12/e1/v1,
corpus_03,03.CCTV Mobile Usage.mkv,632de9ed55947761d56d4c6142a3cb1a1fe69d0b1a6d0e01a2e404c697962623,dfine_sahi,137867.0,monitor_or_bezel,0.7317,963.05,380.54,1152.76,475.04,17927.0,189.7,94.5,2.007,False,,True,R-desk,39,evt_S-61_upper_body_0022,1f6f9d7c495d1041,lap_bag_context,no_pose_observation,34560.0,1.33,,1,cam12/e1/v1,
corpus_03,03.CCTV Mobile Usage.mkv,632de9ed55947761d56d4c6142a3cb1a1fe69d0b1a6d0e01a2e404c697962623,dfine_sahi,137867.0,unknown_object,0.7287,699.87,396.11,843.41,492.22,13796.1,143.55,96.11,1.494,False,,True,R-desk,39,evt_S-61_upper_body_0022,1f6f9d7c495d1041,lap_bag_context,no_pose_observation,34560.0,1.33,,1,cam12/e1/v1,
corpus_03,03.CCTV Mobile Usage.mkv,632de9ed55947761d56d4c6142a3cb1a1fe69d0b1a6d0e01a2e404c697962623,dfine_sahi,137867.0,phone,0.716,1043.35,421.09,1112.07,473.86,3626.2,68.73,52.76,1.303,False,,True,R-desk,39,evt_S-61_upper_body_0022,1f6f9d7c495d1041,lap_bag_context,no_pose_observation,34560.0,1.33,,1,cam12/e1/v1,
corpus_03,03.CCTV Mobile Usage.mkv,632de9ed55947761d56d4c6142a3cb1a1fe69d0b1a6d0e01a2e404c697962623,dfine_sahi,137867.0,keyboard,0.7122,771.84,380.17,871.23,420.48,4005.7,99.39,40.3,2.466,False,,True,R-desk,39,evt_S-61_upper_body_0022,1f6f9d7c495d1041,lap_bag_context,no_pose_observation,34560.0,1.33,,1,cam12/e1/v1,
corpus_03,03.CCTV Mobile Usage.mkv,632de9ed55947761d56d4c6142a3cb1a1fe69d0b1a6d0e01a2e404c697962623,dfine_sahi,137867.0,keyboard,0.6588,802.71,396.23,870.49,420.54,1647.8,67.78,24.31,2.788,False,,True,R-desk,39,evt_S-61_upper_body_0022,1f6f9d7c495d1041,lap_bag_context,no_pose_observation,34560.0,1.33,,1,cam12/e1/v1,
corpus_03,03.CCTV Mobile Usage.mkv,632de9ed55947761d56d4c6142a3cb1a1fe69d0b1a6d0e01a2e404c697962623,dfine_sahi,137867.0,monitor_or_bezel,0.6328,1018.92,395.73,1145.72,447.5,6565.7,126.81,51.78,2.449,False,,True,R-desk,39,evt_S-61_upper_body_0022,1f6f9d7c495d1041,lap_bag_context,no_pose_observation,34560.0,1.33,,1,cam12/e1/v1,
corpus_03,03.CCTV Mobile Usage.mkv,632de9ed55947761d56d4c6142a3cb1a1fe69d0b1a6d0e01a2e404c697962623,dfine_sahi,137867.0,monitor_or_bezel,0.5821,910.23,411.15,1141.96,506.34,22059.1,231.74,95.19,2.434,False,,True,R-desk,39,evt_S-61_upper_body_0022,1f6f9d7c495d1041,lap_bag_context,no_pose_observation,34560.0,1.33,,1,cam12/e1/v1,
corpus_03,03.CCTV Mobile Usage.mkv,632de9ed55947761d56d4c6142a3cb1a1fe69d0b1a6d0e01a2e404c697962623,dfine_sahi,137867.0,monitor_or_bezel,0.5777,707.26,379.91,968.75,475.01,24867.2,261.49,95.1,2.75,False,,True,R-desk,39,evt_S-61_upper_body_0022,1f6f9d7c495d1041,lap_bag_context,no_pose_observation,34560.0,1.33,,1,cam12/e1/v1,
corpus_03,03.CCTV Mobile Usage.mkv,632de9ed55947761d56d4c6142a3cb1a1fe69d0b1a6d0e01a2e404c697962623,dfine_sahi,137867.0,keyboard,0.5663,962.95,452.36,1034.92,475.57,1670.3,71.96,23.21,3.1,False,,True,R-desk,39,evt_S-61_upper_body_0022,1f6f9d7c495d1041,lap_bag_context,no_pose_observation,34560.0,1.33,,1,cam12/e1/v1,
corpus_03,03.CCTV Mobile Usage.mkv,632de9ed55947761d56d4c6142a3cb1a1fe69d0b1a6d0e01a2e404c697962623,dfine_sahi,137867.0,unknown_object,0.3861,700.25,410.54,969.86,506.31,25819.6,269.61,95.76,2.815,False,,True,R-desk,39,evt_S-61_upper_body_0022,1f6f9d7c495d1041,lap_bag_context,no_pose_observation,34560.0,1.33,,1,cam12/e1/v1,
corpus_03,03.CCTV Mobile Usage.mkv,632de9ed55947761d56d4c6142a3cb1a1fe69d0b1a6d0e01a2e404c697962623,dfine_sahi,137867.0,unknown_object,0.3609,700.01,380.66,761.13,475.23,5780.5,61.12,94.57,0.646,False,,True,R-desk,39,evt_S-61_upper_body_0022,1f6f9d7c495d1041,lap_bag_context,no_pose_observation,34560.0,1.33,,1,cam12/e1/v1,
corpus_03,03.CCTV Mobile Usage.mkv,632de9ed55947761d56d4c6142a3cb1a1fe69d0b1a6d0e01a2e404c697962623,dfine_sahi,137867.0,mouse,0.3542,967.24,398.33,991.83,410.48,298.7,24.59,12.15,2.024,False,,True,R-desk,39,evt_S-61_upper_body_0022,1f6f9d7c495d1041,lap_bag_context,no_pose_observation,34560.0,1.33,,1,cam12/e1/v1,
corpus_03,03.CCTV Mobile Usage.mkv,632de9ed55947761d56d4c6142a3cb1a1fe69d0b1a6d0e01a2e404c697962623,dfine_sahi,137867.0,mouse,0.327,990.71,399.45,1026.9,413.37,503.5,36.19,13.91,2.601,False,,True,R-desk,39,evt_S-61_upper_body_0022,1f6f9d7c495d1041,lap_bag_context,no_pose_observation,34560.0,1.33,,1,cam12/e1/v1,
corpus_03,03.CCTV Mobile Usage.mkv,632de9ed55947761d56d4c6142a3cb1a1fe69d0b1a6d0e01a2e404c697962623,dfine_sahi,137867.0,keyboard,0.3171,910.04,411.38,1092.16,506.28,17282.0,182.11,94.9,1.919,False,,True,R-desk,39,evt_S-61_upper_body_0022,1f6f9d7c495d1041,lap_bag_context,no_pose_observation,34560.0,1.33,,1,cam12/e1/v1,
corpus_03,03.CCTV Mobile Usage.mkv,632de9ed55947761d56d4c6142a3cb1a1fe69d0b1a6d0e01a2e404c697962623,dfine_sahi,137867.0,monitor_or_bezel,0.316,881.26,396.2,948.53,452.37,3778.6,67.27,56.17,1.198,False,,True,R-desk,39,evt_S-61_upper_body_0022,1f6f9d7c495d1041,lap_bag_context,no_pose_observation,34560.0,1.33,,1,cam12/e1/v1,
corpus_03,03.CCTV Mobile Usage.mkv,632de9ed55947761d56d4c6142a3cb1a1fe69d0b1a6d0e01a2e404c697962623,dfine_sahi,137867.0,keyboard,0.3144,965.05,393.62,1122.86,475.1,12858.6,157.8,81.48,1.937,False,,True,R-desk,39,evt_S-61_upper_body_0022,1f6f9d7c495d1041,lap_bag_context,no_pose_observation,34560.0,1.33,,1,cam12/e1/v1,
corpus_03,03.CCTV Mobile Usage.mkv,632de9ed55947761d56d4c6142a3cb1a1fe69d0b1a6d0e01a2e404c697962623,dfine_sahi,137867.0,unknown_object,0.3065,879.6,411.34,969.87,505.75,8522.3,90.27,94.41,0.956,False,,True,R-desk,39,evt_S-61_upper_body_0022,1f6f9d7c495d1041,lap_bag_context,no_pose_observation,34560.0,1.33,,1,cam12/e1/v1,
corpus_03,03.CCTV Mobile Usage.mkv,632de9ed55947761d56d4c6142a3cb1a1fe69d0b1a6d0e01a2e404c697962623,dfine_sahi,137867.0,keyboard,0.3041,881.97,380.18,966.69,452.81,6154.2,84.72,72.64,1.166,False,,True,R-desk,39,evt_S-61_upper_body_0022,1f6f9d7c495d1041,lap_bag_context,no_pose_observation,34560.0,1.33,,1,cam12/e1/v1,
corpus_03,03.CCTV Mobile Usage.mkv,632de9ed55947761d56d4c6142a3cb1a1fe69d0b1a6d0e01a2e404c697962623,dfine_sahi,137867.0,unknown_object,0.2887,881.74,411.13,969.76,453.32,3713.3,88.02,42.19,2.086,False,,True,R-desk,39,evt_S-61_upper_body_0022,1f6f9d7c495d1041,lap_bag_context,no_pose_observation,34560.0,1.33,,1,cam12/e1/v1,
corpus_03,03.CCTV Mobile Usage.mkv,632de9ed55947761d56d4c6142a3cb1a1fe69d0b1a6d0e01a2e404c697962623,dfine_sahi,137867.0,monitor_or_bezel,0.2836,737.82,395.62,1147.17,491.06,39066.1,409.34,95.44,4.289,False,,True,R-desk,39,evt_S-61_upper_body_0022,1f6f9d7c495d1041,lap_bag_context,no_pose_observation,34560.0,1.33,,1,cam12/e1/v1,
corpus_03,03.CCTV Mobile Usage.mkv,632de9ed55947761d56d4c6142a3cb1a1fe69d0b1a6d0e01a2e404c697962623,dfine_sahi,137867.0,unknown_object,0.2793,864.13,465.68,958.0,506.58,3839.2,93.87,40.9,2.295,False,,True,R-desk,39,evt_S-61_upper_body_0022,1f6f9d7c495d1041,lap_bag_context,no_pose_observation,34560.0,1.33,,1,cam12/e1/v1,
corpus_03,03.CCTV Mobile Usage.mkv,632de9ed55947761d56d4c6142a3cb1a1fe69d0b1a6d0e01a2e404c697962623,dfine_sahi,137867.0,phone,0.263,1052.27,411.38,1139.8,447.52,3163.6,87.53,36.14,2.422,False,,True,R-desk,39,evt_S-61_upper_body_0022,1f6f9d7c495d1041,lap_bag_context,no_pose_observation,34560.0,1.33,,1,cam12/e1/v1,
corpus_03,03.CCTV Mobile Usage.mkv,632de9ed55947761d56d4c6142a3cb1a1fe69d0b1a6d0e01a2e404c697962623,dfine_sahi,137867.0,unknown_object,0.2561,864.33,413.62,891.86,436.39,626.9,27.53,22.77,1.209,False,,True,R-desk,39,evt_S-61_upper_body_0022,1f6f9d7c495d1041,lap_bag_context,no_pose_observation,34560.0,1.33,,1,cam12/e1/v1,
corpus_03,03.CCTV Mobile Usage.mkv,632de9ed55947761d56d4c6142a3cb1a1fe69d0b1a6d0e01a2e404c697962623,dfine_sahi,137867.0,unknown_object,0.8694,108.82,454.99,176.87,515.27,4101.9,68.05,60.28,1.129,False,,True,S-61,33,evt_S-61_upper_body_0022,be16d9a66db15103,pose_hand_context,,32170.0,3.57,,1,cam12/e1/v1,rtmpose_baseline
corpus_03,03.CCTV Mobile Usage.mkv,632de9ed55947761d56d4c6142a3cb1a1fe69d0b1a6d0e01a2e404c697962623,dfine_sahi,137867.0,unknown_object,0.6734,92.05,443.36,270.88,621.05,31775.4,178.83,177.69,1.006,False,,True,S-61,33,evt_S-61_upper_body_0022,be16d9a66db15103,pose_hand_context,,32170.0,3.57,,1,cam12/e1/v1,rtmpose_baseline
corpus_03,03.CCTV Mobile Usage.mkv,632de9ed55947761d56d4c6142a3cb1a1fe69d0b1a6d0e01a2e404c697962623,dfine_sahi,137867.0,unknown_object,0.5515,170.0,469.54,270.95,543.57,7473.0,100.95,74.03,1.364,False,,True,S-61,33,evt_S-61_upper_body_0022,be16d9a66db15103,pose_hand_context,,32170.0,3.57,,1,cam12/e1/v1,rtmpose_baseline
corpus_03,03.CCTV Mobile Usage.mkv,632de9ed55947761d56d4c6142a3cb1a1fe69d0b1a6d0e01a2e404c697962623,dfine_sahi,137867.0,unknown_object,0.5446,170.03,522.3,270.91,621.12,9968.9,100.88,98.82,1.021,False,,True,S-61,33,evt_S-61_upper_body_0022,be16d9a66db15103,pose_hand_context,,32170.0,3.57,,1,cam12/e1/v1,rtmpose_baseline
corpus_03,03.CCTV Mobile Usage.mkv,632de9ed55947761d56d4c6142a3cb1a1fe69d0b1a6d0e01a2e404c697962623,dfine_sahi,137867.0,unknown_object,0.5088,170.09,515.89,268.91,543.72,2749.6,98.81,27.83,3.551,False,,True,S-61,33,evt_S-61_upper_body_0022,be16d9a66db15103,pose_hand_context,,32170.0,3.57,,1,cam12/e1/v1,rtmpose_baseline
corpus_03,03.CCTV Mobile Usage.mkv,632de9ed55947761d56d4c6142a3cb1a1fe69d0b1a6d0e01a2e404c697962623,dfine_sahi,137867.0,unknown_object,0.4699,92.15,522.29,192.96,621.13,9963.9,100.8,98.84,1.02,False,,True,S-61,33,evt_S-61_upper_body_0022,be16d9a66db15103,pose_hand_context,,32170.0,3.57,,1,cam12/e1/v1,rtmpose_baseline
corpus_03,03.CCTV Mobile Usage.mkv,632de9ed55947761d56d4c6142a3cb1a1fe69d0b1a6d0e01a2e404c697962623,dfine_sahi,137867.0,unknown_object,0.4537,92.03,443.33,192.93,543.57,10113.9,100.9,100.24,1.007,False,,True,S-61,33,evt_S-61_upper_body_0022,be16d9a66db15103,pose_hand_context,,32170.0,3.57,,1,cam12/e1/v1,rtmpose_baseline
corpus_03,03.CCTV Mobile Usage.mkv,632de9ed55947761d56d4c6142a3cb1a1fe69d0b1a6d0e01a2e404c697962623,dfine_sahi,137867.0,unknown_object,0.4429,169.99,548.34,230.65,621.16,4417.3,60.66,72.82,0.833,False,,True,S-61,33,evt_S-61_upper_body_0022,be16d9a66db15103,pose_hand_context,,32170.0,3.57,,1,cam12/e1/v1,rtmpose_baseline
corpus_03,03.CCTV Mobile Usage.mkv,632de9ed55947761d56d4c6142a3cb1a1fe69d0b1a6d0e01a2e404c697962623,dfine_sahi,137867.0,unknown_object,0.2926,142.7,601.84,160.87,618.03,294.1,18.17,16.19,1.122,False,,True,S-61,33,evt_S-61_upper_body_0022,be16d9a66db15103,pose_hand_context,,32170.0,3.57,,1,cam12/e1/v1,rtmpose_baseline
corpus_03,03.CCTV Mobile Usage.mkv,632de9ed55947761d56d4c6142a3cb1a1fe69d0b1a6d0e01a2e404c697962623,dfine_sahi,137867.0,unknown_object,0.2913,190.55,473.35,225.1,527.59,1874.2,34.55,54.24,0.637,False,,True,S-61,33,evt_S-61_upper_body_0022,be16d9a66db15103,pose_hand_context,,32170.0,3.57,,1,cam12/e1/v1,rtmpose_baseline
corpus_03,03.CCTV Mobile Usage.mkv,632de9ed55947761d56d4c6142a3cb1a1fe69d0b1a6d0e01a2e404c697962623,dfine_sahi,137867.0,unknown_object,0.2872,172.21,479.04,192.44,517.84,784.6,20.23,38.79,0.521,False,,True,S-61,33,evt_S-61_upper_body_0022,be16d9a66db15103,pose_hand_context,,32170.0,3.57,,1,cam12/e1/v1,rtmpose_baseline
corpus_03,03.CCTV Mobile Usage.mkv,632de9ed55947761d56d4c6142a3cb1a1fe69d0b1a6d0e01a2e404c697962623,dfine_sahi,137867.0,stationery,0.2838,199.44,561.92,224.72,591.67,752.0,25.28,29.75,0.85,False,,True,S-61,33,evt_S-61_upper_body_0022,be16d9a66db15103,pose_hand_context,,32170.0,3.57,,1,cam12/e1/v1,rtmpose_baseline
corpus_03,03.CCTV Mobile Usage.mkv,632de9ed55947761d56d4c6142a3cb1a1fe69d0b1a6d0e01a2e404c697962623,dfine_sahi,137867.0,stationery,0.2724,175.58,551.49,224.87,591.93,1993.0,49.29,40.43,1.219,False,,True,S-61,33,evt_S-61_upper_body_0022,be16d9a66db15103,pose_hand_context,,32170.0,3.57,,1,cam12/e1/v1,rtmpose_baseline
corpus_03,03.CCTV Mobile Usage.mkv,632de9ed55947761d56d4c6142a3cb1a1fe69d0b1a6d0e01a2e404c697962623,dfine_sahi,138583.0,unknown_object,0.6954,86.08,426.32,241.67,627.67,31327.5,155.59,201.35,0.773,False,,True,S-61,33,evt_S-61_desk_work_surface_0007,80caf17b82558058,pose_hand_context,,41144.1,3.16,,1,cam12/e1/v1,rtmpose_baseline
corpus_03,03.CCTV Mobile Usage.mkv,632de9ed55947761d56d4c6142a3cb1a1fe69d0b1a6d0e01a2e404c697962623,dfine_sahi,138583.0,unknown_object,0.5393,86.05,515.18,200.94,627.63,12918.6,114.89,112.44,1.022,False,,True,S-61,33,evt_S-61_desk_work_surface_0007,80caf17b82558058,pose_hand_context,,41144.1,3.16,,1,cam12/e1/v1,rtmpose_baseline
corpus_03,03.CCTV Mobile Usage.mkv,632de9ed55947761d56d4c6142a3cb1a1fe69d0b1a6d0e01a2e404c697962623,dfine_sahi,138583.0,unknown_object,0.5215,175.03,515.27,288.91,628.58,12903.4,113.88,113.31,1.005,False,,True,S-61,33,evt_S-61_desk_work_surface_0007,80caf17b82558058,pose_hand_context,,41144.1,3.16,,1,cam12/e1/v1,rtmpose_baseline
corpus_03,03.CCTV Mobile Usage.mkv,632de9ed55947761d56d4c6142a3cb1a1fe69d0b1a6d0e01a2e404c697962623,dfine_sahi,138583.0,unknown_object,0.5127,85.97,426.26,200.87,540.26,13097.9,114.9,113.99,1.008,False,,True,S-61,33,evt_S-61_desk_work_surface_0007,80caf17b82558058,pose_hand_context,,41144.1,3.16,,1,cam12/e1/v1,rtmpose_baseline
corpus_03,03.CCTV Mobile Usage.mkv,632de9ed55947761d56d4c6142a3cb1a1fe69d0b1a6d0e01a2e404c697962623,dfine_sahi,138583.0,unknown_object,0.5073,138.27,449.25,193.1,507.58,3197.8,54.83,58.33,0.94,False,,True,S-61,33,evt_S-61_desk_work_surface_0007,80caf17b82558058,pose_hand_context,,41144.1,3.16,,1,cam12/e1/v1,rtmpose_baseline
corpus_03,03.CCTV Mobile Usage.mkv,632de9ed55947761d56d4c6142a3cb1a1fe69d0b1a6d0e01a2e404c697962623,dfine_sahi,138583.0,unknown_object,0.4078,85.98,471.69,134.21,507.08,1706.8,48.23,35.39,1.363,False,,True,S-61,33,evt_S-61_desk_work_surface_0007,80caf17b82558058,pose_hand_context,,41144.1,3.16,,1,cam12/e1/v1,rtmpose_baseline
corpus_03,03.CCTV Mobile Usage.mkv,632de9ed55947761d56d4c6142a3cb1a1fe69d0b1a6d0e01a2e404c697962623,dfine_sahi,138583.0,unknown_object,0.373,87.03,426.11,164.53,468.04,3249.4,77.49,41.93,1.848,False,,True,S-61,33,evt_S-61_desk_work_surface_0007,80caf17b82558058,pose_hand_context,,41144.1,3.16,,1,cam12/e1/v1,rtmpose_baseline
corpus_03,03.CCTV Mobile Usage.mkv,632de9ed55947761d56d4c6142a3cb1a1fe69d0b1a6d0e01a2e404c697962623,dfine_sahi,138583.0,unknown_object,0.3573,174.87,448.94,185.76,477.38,309.9,10.89,28.45,0.383,False,,True,S-61,33,evt_S-61_desk_work_surface_0007,80caf17b82558058,pose_hand_context,,41144.1,3.16,,1,cam12/e1/v1,rtmpose_baseline
corpus_03,03.CCTV Mobile Usage.mkv,632de9ed55947761d56d4c6142a3cb1a1fe69d0b1a6d0e01a2e404c697962623,dfine_sahi,138583.0,unknown_object,0.3549,86.07,499.43,200.95,540.53,4721.4,114.88,41.1,2.795,False,,True,S-61,33,evt_S-61_desk_work_surface_0007,80caf17b82558058,pose_hand_context,,41144.1,3.16,,1,cam12/e1/v1,rtmpose_baseline
corpus_03,03.CCTV Mobile Usage.mkv,632de9ed55947761d56d4c6142a3cb1a1fe69d0b1a6d0e01a2e404c697962623,dfine_sahi,138583.0,unknown_object,0.2849,175.02,511.16,278.25,540.7,3049.5,103.24,29.54,3.495,False,,True,S-61,33,evt_S-61_desk_work_surface_0007,80caf17b82558058,pose_hand_context,,41144.1,3.16,,1,cam12/e1/v1,rtmpose_baseline
corpus_03,03.CCTV Mobile Usage.mkv,632de9ed55947761d56d4c6142a3cb1a1fe69d0b1a6d0e01a2e404c697962623,dfine_sahi,138583.0,unknown_object,0.2726,111.73,460.37,166.86,505.9,2510.1,55.13,45.53,1.211,False,,True,S-61,33,evt_S-61_desk_work_surface_0007,80caf17b82558058,pose_hand_context,,41144.1,3.16,,1,cam12/e1/v1,rtmpose_baseline
corpus_03,03.CCTV Mobile Usage.mkv,632de9ed55947761d56d4c6142a3cb1a1fe69d0b1a6d0e01a2e404c697962623,dfine_sahi,138583.0,unknown_object,0.2618,190.91,459.71,257.8,525.53,4402.6,66.89,65.82,1.016,False,,True,S-61,33,evt_S-61_desk_work_surface_0007,80caf17b82558058,pose_hand_context,,41144.1,3.16,,1,cam12/e1/v1,rtmpose_baseline
corpus_03,03.CCTV Mobile Usage.mkv,632de9ed55947761d56d4c6142a3cb1a1fe69d0b1a6d0e01a2e404c697962623,dfine_sahi,138867.0,unknown_object,0.4895,143.23,602.06,161.44,617.89,288.2,18.2,15.83,1.15,False,,True,S-61,33,evt_S-61_upper_body_0022,65a212c90b663166,pose_hand_context,,40425.1,3.18,,1,cam12/e1/v1,rtmpose_baseline
corpus_03,03.CCTV Mobile Usage.mkv,632de9ed55947761d56d4c6142a3cb1a1fe69d0b1a6d0e01a2e404c697962623,dfine_sahi,138867.0,unknown_object,0.4791,173.04,517.21,285.91,629.5,12675.1,112.87,112.3,1.005,False,,True,S-61,33,evt_S-61_upper_body_0022,65a212c90b663166,pose_hand_context,,40425.1,3.18,,1,cam12/e1/v1,rtmpose_baseline
corpus_03,03.CCTV Mobile Usage.mkv,632de9ed55947761d56d4c6142a3cb1a1fe69d0b1a6d0e01a2e404c697962623,dfine_sahi,138867.0,unknown_object,0.4127,84.92,451.21,192.59,515.49,6920.2,107.66,64.28,1.675,False,,True,S-61,33,evt_S-61_upper_body_0022,65a212c90b663166,pose_hand_context,,40425.1,3.18,,1,cam12/e1/v1,rtmpose_baseline
corpus_03,03.CCTV Mobile Usage.mkv,632de9ed55947761d56d4c6142a3cb1a1fe69d0b1a6d0e01a2e404c697962623,dfine_sahi,138867.0,unknown_object,0.3884,85.07,429.49,241.79,628.76,31230.0,156.72,199.27,0.786,False,,True,S-61,33,evt_S-61_upper_body_0022,65a212c90b663166,pose_hand_context,,40425.1,3.18,,1,cam12/e1/v1,rtmpose_baseline
corpus_03,03.CCTV Mobile Usage.mkv,632de9ed55947761d56d4c6142a3cb1a1fe69d0b1a6d0e01a2e404c697962623,dfine_sahi,138867.0,unknown_object,0.3855,175.24,429.16,284.64,527.08,10713.0,109.4,97.93,1.117,False,,True,S-61,33,evt_S-61_upper_body_0022,65a212c90b663166,pose_hand_context,,40425.1,3.18,,1,cam12/e1/v1,rtmpose_baseline
corpus_03,03.CCTV Mobile Usage.mkv,632de9ed55947761d56d4c6142a3cb1a1fe69d0b1a6d0e01a2e404c697962623,dfine_sahi,138867.0,phone,0.2602,263.89,578.82,285.98,596.81,397.6,22.09,18.0,1.227,False,,True,S-61,33,evt_S-61_upper_body_0022,65a212c90b663166,pose_hand_context,,40425.1,3.18,,1,cam12/e1/v1,rtmpose_baseline
corpus_03,03.CCTV Mobile Usage.mkv,632de9ed55947761d56d4c6142a3cb1a1fe69d0b1a6d0e01a2e404c697962623,dfine_sahi,138867.0,unknown_object,0.2522,112.39,591.34,197.44,629.62,3255.2,85.05,38.28,2.222,False,,True,S-61,33,evt_S-61_upper_body_0022,65a212c90b663166,pose_hand_context,,40425.1,3.18,,1,cam12/e1/v1,rtmpose_baseline
corpus_03,03.CCTV Mobile Usage.mkv,632de9ed55947761d56d4c6142a3cb1a1fe69d0b1a6d0e01a2e404c697962623,dfine_sahi,139583.0,unknown_object,0.8332,97.06,429.21,222.89,554.13,15718.6,125.82,124.93,1.007,False,,True,S-61,33,evt_S-61_desk_work_surface_0007,3f271ff03fbcd110,pose_hand_context,,50274.6,2.85,,1,cam12/e1/v1,rtmpose_baseline
corpus_03,03.CCTV Mobile Usage.mkv,632de9ed55947761d56d4c6142a3cb1a1fe69d0b1a6d0e01a2e404c697962623,dfine_sahi,139583.0,unknown_object,0.5024,195.07,429.17,320.74,532.13,12940.3,125.68,102.97,1.221,False,,True,S-61,33,evt_S-61_desk_work_surface_0007,3f271ff03fbcd110,pose_hand_context,,50274.6,2.85,,1,cam12/e1/v1,rtmpose_baseline
corpus_03,03.CCTV Mobile Usage.mkv,632de9ed55947761d56d4c6142a3cb1a1fe69d0b1a6d0e01a2e404c697962623,dfine_sahi,139583.0,unknown_object,0.4798,126.16,527.17,222.88,607.46,7766.1,96.73,80.29,1.205,False,,True,S-61,33,evt_S-61_desk_work_surface_0007,3f271ff03fbcd110,pose_hand_context,,50274.6,2.85,,1,cam12/e1/v1,rtmpose_baseline
corpus_03,03.CCTV Mobile Usage.mkv,632de9ed55947761d56d4c6142a3cb1a1fe69d0b1a6d0e01a2e404c697962623,dfine_sahi,139583.0,unknown_object,0.406,97.03,429.49,320.83,652.07,49814.0,223.8,222.59,1.005,False,,True,S-61,33,evt_S-61_desk_work_surface_0007,3f271ff03fbcd110,pose_hand_context,,50274.6,2.85,,1,cam12/e1/v1,rtmpose_baseline
corpus_03,03.CCTV Mobile Usage.mkv,632de9ed55947761d56d4c6142a3cb1a1fe69d0b1a6d0e01a2e404c697962623,dfine_sahi,139583.0,unknown_object,0.3669,195.07,557.33,320.95,652.45,11973.9,125.88,95.12,1.323,False,,True,S-61,33,evt_S-61_desk_work_surface_0007,3f271ff03fbcd110,pose_hand_context,,50274.6,2.85,,1,cam12/e1/v1,rtmpose_baseline
corpus_03,03.CCTV Mobile Usage.mkv,632de9ed55947761d56d4c6142a3cb1a1fe69d0b1a6d0e01a2e404c697962623,dfine_sahi,139867.0,keyboard,0.9174,962.22,451.93,1067.99,491.45,4180.3,105.77,39.52,2.676,False,,True,R-desk,40,evt_S-61_upper_body_0022,9006d665f9af6662,lap_bag_context,no_pose_observation,34560.0,1.33,,1,cam12/e1/v1,
corpus_03,03.CCTV Mobile Usage.mkv,632de9ed55947761d56d4c6142a3cb1a1fe69d0b1a6d0e01a2e404c697962623,dfine_sahi,139867.0,keyboard,0.7015,772.62,380.2,870.98,420.24,3938.1,98.36,40.04,2.457,False,,True,R-desk,40,evt_S-61_upper_body_0022,9006d665f9af6662,lap_bag_context,no_pose_observation,34560.0,1.33,,1,cam12/e1/v1,
corpus_03,03.CCTV Mobile Usage.mkv,632de9ed55947761d56d4c6142a3cb1a1fe69d0b1a6d0e01a2e404c697962623,dfine_sahi,139867.0,mouse,0.6949,865.18,413.47,891.14,435.08,560.8,25.96,21.6,1.202,False,,True,R-desk,40,evt_S-61_upper_body_0022,9006d665f9af6662,lap_bag_context,no_pose_observation,34560.0,1.33,,1,cam12/e1/v1,
corpus_03,03.CCTV Mobile Usage.mkv,632de9ed55947761d56d4c6142a3cb1a1fe69d0b1a6d0e01a2e404c697962623,dfine_sahi,139867.0,monitor_or_bezel,0.6603,963.38,380.54,1152.85,475.0,17897.9,189.48,94.46,2.006,False,,True,R-desk,40,evt_S-61_upper_body_0022,9006d665f9af6662,lap_bag_context,no_pose_observation,34560.0,1.33,,1,cam12/e1/v1,
corpus_03,03.CCTV Mobile Usage.mkv,632de9ed55947761d56d4c6142a3cb1a1fe69d0b1a6d0e01a2e404c697962623,dfine_sahi,139867.0,monitor_or_bezel,0.6489,708.59,379.92,969.67,474.92,24802.2,261.07,95.0,2.748,False,,True,R-desk,40,evt_S-61_upper_body_0022,9006d665f9af6662,lap_bag_context,no_pose_observation,34560.0,1.33,,1,cam12/e1/v1,
corpus_03,03.CCTV Mobile Usage.mkv,632de9ed55947761d56d4c6142a3cb1a1fe69d0b1a6d0e01a2e404c697962623,dfine_sahi,139867.0,phone,0.6376,1043.6,420.9,1112.53,473.78,3645.3,68.93,52.88,1.304,False,,True,R-desk,40,evt_S-61_upper_body_0022,9006d665f9af6662,lap_bag_context,no_pose_observation,34560.0,1.33,,1,cam12/e1/v1,
corpus_03,03.CCTV Mobile Usage.mkv,632de9ed55947761d56d4c6142a3cb1a1fe69d0b1a6d0e01a2e404c697962623,dfine_sahi,139867.0,keyboard,0.6316,962.92,452.33,1034.69,475.56,1667.0,71.77,23.23,3.09,False,,True,R-desk,40,evt_S-61_upper_body_0022,9006d665f9af6662,lap_bag_context,no_pose_observation,34560.0,1.33,,1,cam12/e1/v1,
corpus_03,03.CCTV Mobile Usage.mkv,632de9ed55947761d56d4c6142a3cb1a1fe69d0b1a6d0e01a2e404c697962623,dfine_sahi,139867.0,monitor_or_bezel,0.6116,1019.25,395.96,1145.4,448.36,6610.3,126.15,52.4,2.408,False,,True,R-desk,40,evt_S-61_upper_body_0022,9006d665f9af6662,lap_bag_context,no_pose_observation,34560.0,1.33,,1,cam12/e1/v1,
corpus_03,03.CCTV Mobile Usage.mkv,632de9ed55947761d56d4c6142a3cb1a1fe69d0b1a6d0e01a2e404c697962623,dfine_sahi,139867.0,monitor_or_bezel,0.6095,910.16,411.17,1141.3,506.37,22003.7,231.14,95.2,2.428,False,,True,R-desk,40,evt_S-61_upper_body_0022,9006d665f9af6662,lap_bag_context,no_pose_observation,34560.0,1.33,,1,cam12/e1/v1,
corpus_03,03.CCTV Mobile Usage.mkv,632de9ed55947761d56d4c6142a3cb1a1fe69d0b1a6d0e01a2e404c697962623,dfine_sahi,139867.0,unknown_object,0.6084,699.92,396.15,843.85,492.18,13821.1,143.93,96.03,1.499,False,,True,R-desk,40,evt_S-61_upper_body_0022,9006d665f9af6662,lap_bag_context,no_pose_observation,34560.0,1.33,,1,cam12/e1/v1,
corpus_03,03.CCTV Mobile Usage.mkv,632de9ed55947761d56d4c6142a3cb1a1fe69d0b1a6d0e01a2e404c697962623,dfine_sahi,139867.0,keyboard,0.5845,802.39,396.2,870.66,420.59,1665.3,68.27,24.39,2.799,False,,True,R-desk,40,evt_S-61_upper_body_0022,9006d665f9af6662,lap_bag_context,no_pose_observation,34560.0,1.33,,1,cam12/e1/v1,
corpus_03,03.CCTV Mobile Usage.mkv,632de9ed55947761d56d4c6142a3cb1a1fe69d0b1a6d0e01a2e404c697962623,dfine_sahi,139867.0,unknown_object,0.4494,766.47,410.98,969.85,506.03,19331.1,203.37,95.05,2.14,False,,True,R-desk,40,evt_S-61_upper_body_0022,9006d665f9af6662,lap_bag_context,no_pose_observation,34560.0,1.33,,1,cam12/e1/v1,
corpus_03,03.CCTV Mobile Usage.mkv,632de9ed55947761d56d4c6142a3cb1a1fe69d0b1a6d0e01a2e404c697962623,dfine_sahi,139867.0,unknown_object,0.3854,700.04,380.65,758.53,475.03,5520.0,58.49,94.38,0.62,False,,True,R-desk,40,evt_S-61_upper_body_0022,9006d665f9af6662,lap_bag_context,no_pose_observation,34560.0,1.33,,1,cam12/e1/v1,
corpus_03,03.CCTV Mobile Usage.mkv,632de9ed55947761d56d4c6142a3cb1a1fe69d0b1a6d0e01a2e404c697962623,dfine_sahi,139867.0,mouse,0.3435,967.35,398.38,991.93,410.54,298.9,24.58,12.16,2.021,False,,True,R-desk,40,evt_S-61_upper_body_0022,9006d665f9af6662,lap_bag_context,no_pose_observation,34560.0,1.33,,1,cam12/e1/v1,
corpus_03,03.CCTV Mobile Usage.mkv,632de9ed55947761d56d4c6142a3cb1a1fe69d0b1a6d0e01a2e404c697962623,dfine_sahi,139867.0,keyboard,0.3251,882.54,380.22,968.12,452.67,6200.1,85.59,72.44,1.181,False,,True,R-desk,40,evt_S-61_upper_body_0022,9006d665f9af6662,lap_bag_context,no_pose_observation,34560.0,1.33,,1,cam12/e1/v1,
corpus_03,03.CCTV Mobile Usage.mkv,632de9ed55947761d56d4c6142a3cb1a1fe69d0b1a6d0e01a2e404c697962623,dfine_sahi,139867.0,unknown_object,0.3093,881.74,411.11,933.16,452.75,2141.0,51.42,41.64,1.235,False,,True,R-desk,40,evt_S-61_upper_body_0022,9006d665f9af6662,lap_bag_context,no_pose_observation,34560.0,1.33,,1,cam12/e1/v1,
corpus_03,03.CCTV Mobile Usage.mkv,632de9ed55947761d56d4c6142a3cb1a1fe69d0b1a6d0e01a2e404c697962623,dfine_sahi,139867.0,keyboard,0.2823,965.97,394.15,1121.2,474.94,12540.7,155.23,80.79,1.922,False,,True,R-desk,40,evt_S-61_upper_body_0022,9006d665f9af6662,lap_bag_context,no_pose_observation,34560.0,1.33,,1,cam12/e1/v1,
corpus_03,03.CCTV Mobile Usage.mkv,632de9ed55947761d56d4c6142a3cb1a1fe69d0b1a6d0e01a2e404c697962623,dfine_sahi,139867.0,mouse,0.2642,990.7,399.47,1026.49,413.36,496.8,35.79,13.88,2.578,False,,True,R-desk,40,evt_S-61_upper_body_0022,9006d665f9af6662,lap_bag_context,no_pose_observation,34560.0,1.33,,1,cam12/e1/v1,
corpus_03,03.CCTV Mobile Usage.mkv,632de9ed55947761d56d4c6142a3cb1a1fe69d0b1a6d0e01a2e404c697962623,dfine_sahi,139867.0,unknown_object,0.2555,864.12,465.48,957.56,506.55,3837.8,93.45,41.07,2.275,False,,True,R-desk,40,evt_S-61_upper_body_0022,9006d665f9af6662,lap_bag_context,no_pose_observation,34560.0,1.33,,1,cam12/e1/v1,
corpus_03,03.CCTV Mobile Usage.mkv,632de9ed55947761d56d4c6142a3cb1a1fe69d0b1a6d0e01a2e404c697962623,dfine_sahi,139867.0,unknown_object,0.2534,880.83,411.44,969.91,505.66,8393.0,89.08,94.22,0.945,False,,True,R-desk,40,evt_S-61_upper_body_0022,9006d665f9af6662,lap_bag_context,no_pose_observation,34560.0,1.33,,1,cam12/e1/v1,
corpus_03,03.CCTV Mobile Usage.mkv,632de9ed55947761d56d4c6142a3cb1a1fe69d0b1a6d0e01a2e404c697962623,dfine_sahi,139867.0,mouse,0.393,43.45,445.76,71.95,473.81,799.4,28.5,28.05,1.016,False,,True,S-61,33,evt_S-61_upper_body_0022,9aba67611ee3fca8,pose_hand_context,,49675.5,2.87,,1,cam12/e1/v1,rtmpose_baseline
corpus_03,03.CCTV Mobile Usage.mkv,632de9ed55947761d56d4c6142a3cb1a1fe69d0b1a6d0e01a2e404c697962623,dfine_sahi,139867.0,unknown_object,0.3379,20.06,493.23,145.94,576.41,10471.5,125.89,83.18,1.513,False,,True,S-61,33,evt_S-61_upper_body_0022,9aba67611ee3fca8,pose_hand_context,,49675.5,2.87,,1,cam12/e1/v1,rtmpose_baseline
corpus_03,03.CCTV Mobile Usage.mkv,632de9ed55947761d56d4c6142a3cb1a1fe69d0b1a6d0e01a2e404c697962623,dfine_sahi,139867.0,unknown_object,0.3271,19.96,353.98,242.23,575.38,49210.7,222.27,221.4,1.004,False,,True,S-61,33,evt_S-61_upper_body_0022,9aba67611ee3fca8,pose_hand_context,,49675.5,2.87,,1,cam12/e1/v1,rtmpose_baseline
corpus_03,03.CCTV Mobile Usage.mkv,632de9ed55947761d56d4c6142a3cb1a1fe69d0b1a6d0e01a2e404c697962623,dfine_sahi,139867.0,stationery,0.321,20.1,493.95,160.07,575.71,11443.9,139.97,81.76,1.712,False,,True,S-61,33,evt_S-61_upper_body_0022,9aba67611ee3fca8,pose_hand_context,,49675.5,2.87,,1,cam12/e1/v1,rtmpose_baseline
corpus_03,03.CCTV Mobile Usage.mkv,632de9ed55947761d56d4c6142a3cb1a1fe69d0b1a6d0e01a2e404c697962623,dfine_sahi,139867.0,unknown_object,0.3099,102.82,451.14,145.99,517.42,2861.3,43.17,66.28,0.651,False,,True,S-61,33,evt_S-61_upper_body_0022,9aba67611ee3fca8,pose_hand_context,,49675.5,2.87,,1,cam12/e1/v1,rtmpose_baseline
corpus_03,03.CCTV Mobile Usage.mkv,632de9ed55947761d56d4c6142a3cb1a1fe69d0b1a6d0e01a2e404c697962623,dfine_sahi,139867.0,stationery,0.2869,20.05,409.0,121.11,502.16,9415.3,101.06,93.16,1.085,False,,True,S-61,33,evt_S-61_upper_body_0022,9aba67611ee3fca8,pose_hand_context,,49675.5,2.87,,1,cam12/e1/v1,rtmpose_baseline
corpus_03,03.CCTV Mobile Usage.mkv,632de9ed55947761d56d4c6142a3cb1a1fe69d0b1a6d0e01a2e404c697962623,dfine_sahi,139867.0,unknown_object,0.2544,117.98,451.16,166.95,507.07,2738.1,48.98,55.91,0.876,False,,True,S-61,33,evt_S-61_upper_body_0022,9aba67611ee3fca8,pose_hand_context,,49675.5,2.87,,1,cam12/e1/v1,rtmpose_baseline
corpus_03,03.CCTV Mobile Usage.mkv,632de9ed55947761d56d4c6142a3cb1a1fe69d0b1a6d0e01a2e404c697962623,dfine_sahi,139867.0,unknown_object,0.2522,47.48,509.9,84.51,553.56,1616.8,37.03,43.66,0.848,False,,True,S-61,33,evt_S-61_upper_body_0022,9aba67611ee3fca8,pose_hand_context,,49675.5,2.87,,1,cam12/e1/v1,rtmpose_baseline
corpus_03,03.CCTV Mobile Usage.mkv,632de9ed55947761d56d4c6142a3cb1a1fe69d0b1a6d0e01a2e404c697962623,dfine_sahi,140583.0,unknown_object,0.7064,44.77,379.22,147.86,498.31,12276.5,103.09,119.08,0.866,False,,True,S-61,33,evt_S-61_desk_work_surface_0007,56d747897902ef08,pose_hand_context,,50949.5,2.84,,1,cam12/e1/v1,rtmpose_baseline
corpus_03,03.CCTV Mobile Usage.mkv,632de9ed55947761d56d4c6142a3cb1a1fe69d0b1a6d0e01a2e404c697962623,dfine_sahi,140583.0,unknown_object,0.3897,21.31,491.6,245.58,604.67,25356.9,224.27,113.06,1.984,False,,True,S-61,33,evt_S-61_desk_work_surface_0007,56d747897902ef08,pose_hand_context,,50949.5,2.84,,1,cam12/e1/v1,rtmpose_baseline
corpus_03,03.CCTV Mobile Usage.mkv,632de9ed55947761d56d4c6142a3cb1a1fe69d0b1a6d0e01a2e404c697962623,dfine_sahi,140583.0,unknown_object,0.3137,44.98,505.6,83.98,555.8,1958.2,39.01,50.2,0.777,False,,True,S-61,33,evt_S-61_desk_work_surface_0007,56d747897902ef08,pose_hand_context,,50949.5,2.84,,1,cam12/e1/v1,rtmpose_baseline
corpus_03,03.CCTV Mobile Usage.mkv,632de9ed55947761d56d4c6142a3cb1a1fe69d0b1a6d0e01a2e404c697962623,dfine_sahi,140583.0,stationery,0.2923,42.97,496.07,176.65,575.24,10584.3,133.68,79.18,1.688,False,,True,S-61,33,evt_S-61_desk_work_surface_0007,56d747897902ef08,pose_hand_context,,50949.5,2.84,,1,cam12/e1/v1,rtmpose_baseline
corpus_03,03.CCTV Mobile Usage.mkv,632de9ed55947761d56d4c6142a3cb1a1fe69d0b1a6d0e01a2e404c697962623,dfine_sahi,140583.0,unknown_object,0.2839,119.03,478.26,192.57,552.15,5433.2,73.54,73.88,0.995,False,,True,S-61,33,evt_S-61_desk_work_surface_0007,56d747897902ef08,pose_hand_context,,50949.5,2.84,,1,cam12/e1/v1,rtmpose_baseline
corpus_03,03.CCTV Mobile Usage.mkv,632de9ed55947761d56d4c6142a3cb1a1fe69d0b1a6d0e01a2e404c697962623,dfine_sahi,140583.0,unknown_object,0.2555,43.09,498.19,147.85,594.51,10090.6,104.76,96.32,1.088,False,,True,S-61,33,evt_S-61_desk_work_surface_0007,56d747897902ef08,pose_hand_context,,50949.5,2.84,,1,cam12/e1/v1,rtmpose_baseline
corpus_03,03.CCTV Mobile Usage.mkv,632de9ed55947761d56d4c6142a3cb1a1fe69d0b1a6d0e01a2e404c697962623,dfine_sahi,140583.0,unknown_object,0.2521,21.07,478.1,54.1,498.56,675.8,33.03,20.46,1.614,False,,True,S-61,33,evt_S-61_desk_work_surface_0007,56d747897902ef08,pose_hand_context,,50949.5,2.84,,1,cam12/e1/v1,rtmpose_baseline
corpus_03,03.CCTV Mobile Usage.mkv,632de9ed55947761d56d4c6142a3cb1a1fe69d0b1a6d0e01a2e404c697962623,dfine_sahi,140583.0,keyboard,0.9192,962.12,451.91,1067.92,491.45,4182.9,105.79,39.54,2.676,False,,True,R-desk,40,evt_S-61_desk_work_surface_0007,cf9ece1f4d8544de,lap_bag_context,no_pose_observation,34560.0,1.33,,1,cam12/e1/v1,
corpus_03,03.CCTV Mobile Usage.mkv,632de9ed55947761d56d4c6142a3cb1a1fe69d0b1a6d0e01a2e404c697962623,dfine_sahi,140583.0,mouse,0.7528,865.2,413.38,891.29,434.81,559.0,26.09,21.43,1.217,False,,True,R-desk,40,evt_S-61_desk_work_surface_0007,cf9ece1f4d8544de,lap_bag_context,no_pose_observation,34560.0,1.33,,1,cam12/e1/v1,
corpus_03,03.CCTV Mobile Usage.mkv,632de9ed55947761d56d4c6142a3cb1a1fe69d0b1a6d0e01a2e404c697962623,dfine_sahi,140583.0,keyboard,0.7471,772.54,380.19,870.82,420.3,3941.9,98.29,40.11,2.451,False,,True,R-desk,40,evt_S-61_desk_work_surface_0007,cf9ece1f4d8544de,lap_bag_context,no_pose_observation,34560.0,1.33,,1,cam12/e1/v1,
corpus_03,03.CCTV Mobile Usage.mkv,632de9ed55947761d56d4c6142a3cb1a1fe69d0b1a6d0e01a2e404c697962623,dfine_sahi,140583.0,monitor_or_bezel,0.6549,963.39,380.51,1152.92,475.02,17912.5,189.53,94.51,2.005,False,,True,R-desk,40,evt_S-61_desk_work_surface_0007,cf9ece1f4d8544de,lap_bag_context,no_pose_observation,34560.0,1.33,,1,cam12/e1/v1,
corpus_03,03.CCTV Mobile Usage.mkv,632de9ed55947761d56d4c6142a3cb1a1fe69d0b1a6d0e01a2e404c697962623,dfine_sahi,140583.0,keyboard,0.6488,962.81,452.4,1034.91,475.59,1672.1,72.1,23.19,3.109,False,,True,R-desk,40,evt_S-61_desk_work_surface_0007,cf9ece1f4d8544de,lap_bag_context,no_pose_observation,34560.0,1.33,,1,cam12/e1/v1,
corpus_03,03.CCTV Mobile Usage.mkv,632de9ed55947761d56d4c6142a3cb1a1fe69d0b1a6d0e01a2e404c697962623,dfine_sahi,140583.0,unknown_object,0.6454,699.93,396.18,843.39,492.4,13802.8,143.46,96.21,1.491,False,,True,R-desk,40,evt_S-61_desk_work_surface_0007,cf9ece1f4d8544de,lap_bag_context,no_pose_observation,34560.0,1.33,,1,cam12/e1/v1,
corpus_03,03.CCTV Mobile Usage.mkv,632de9ed55947761d56d4c6142a3cb1a1fe69d0b1a6d0e01a2e404c697962623,dfine_sahi,140583.0,monitor_or_bezel,0.6235,1019.27,395.92,1145.44,447.7,6533.3,126.17,51.78,2.436,False,,True,R-desk,40,evt_S-61_desk_work_surface_0007,cf9ece1f4d8544de,lap_bag_context,no_pose_observation,34560.0,1.33,,1,cam12/e1/v1,
corpus_03,03.CCTV Mobile Usage.mkv,632de9ed55947761d56d4c6142a3cb1a1fe69d0b1a6d0e01a2e404c697962623,dfine_sahi,140583.0,monitor_or_bezel,0.6099,707.58,379.88,969.56,474.94,24903.8,261.98,95.06,2.756,False,,True,R-desk,40,evt_S-61_desk_work_surface_0007,cf9ece1f4d8544de,lap_bag_context,no_pose_observation,34560.0,1.33,,1,cam12/e1/v1,
corpus_03,03.CCTV Mobile Usage.mkv,632de9ed55947761d56d4c6142a3cb1a1fe69d0b1a6d0e01a2e404c697962623,dfine_sahi,140583.0,monitor_or_bezel,0.568,910.17,411.21,1141.37,506.38,22002.7,231.2,95.17,2.429,False,,True,R-desk,40,evt_S-61_desk_work_surface_0007,cf9ece1f4d8544de,lap_bag_context,no_pose_observation,34560.0,1.33,,1,cam12/e1/v1,
corpus_03,03.CCTV Mobile Usage.mkv,632de9ed55947761d56d4c6142a3cb1a1fe69d0b1a6d0e01a2e404c697962623,dfine_sahi,140583.0,keyboard,0.5387,802.45,396.19,870.9,420.65,1674.0,68.45,24.46,2.799,False,,True,R-desk,40,evt_S-61_desk_work_surface_0007,cf9ece1f4d8544de,lap_bag_context,no_pose_observation,34560.0,1.33,,1,cam12/e1/v1,
corpus_03,03.CCTV Mobile Usage.mkv,632de9ed55947761d56d4c6142a3cb1a1fe69d0b1a6d0e01a2e404c697962623,dfine_sahi,140583.0,phone,0.5362,1043.53,420.33,1113.39,473.99,3748.7,69.86,53.66,1.302,False,,True,R-desk,40,evt_S-61_desk_work_surface_0007,cf9ece1f4d8544de,lap_bag_context,no_pose_observation,34560.0,1.33,,1,cam12/e1/v1,
corpus_03,03.CCTV Mobile Usage.mkv,632de9ed55947761d56d4c6142a3cb1a1fe69d0b1a6d0e01a2e404c697962623,dfine_sahi,140583.0,unknown_object,0.4499,766.63,410.96,969.84,505.94,19299.5,203.2,94.98,2.14,False,,True,R-desk,40,evt_S-61_desk_work_surface_0007,cf9ece1f4d8544de,lap_bag_context,no_pose_observation,34560.0,1.33,,1,cam12/e1/v1,
corpus_03,03.CCTV Mobile Usage.mkv,632de9ed55947761d56d4c6142a3cb1a1fe69d0b1a6d0e01a2e404c697962623,dfine_sahi,140583.0,unknown_object,0.4297,700.01,380.58,758.53,475.04,5526.9,58.51,94.46,0.619,False,,True,R-desk,40,evt_S-61_desk_work_surface_0007,cf9ece1f4d8544de,lap_bag_context,no_pose_observation,34560.0,1.33,,1,cam12/e1/v1,
corpus_03,03.CCTV Mobile Usage.mkv,632de9ed55947761d56d4c6142a3cb1a1fe69d0b1a6d0e01a2e404c697962623,dfine_sahi,140583.0,keyboard,0.3511,882.57,380.18,968.61,452.51,6223.2,86.04,72.33,1.19,False,,True,R-desk,40,evt_S-61_desk_work_surface_0007,cf9ece1f4d8544de,lap_bag_context,no_pose_observation,34560.0,1.33,,1,cam12/e1/v1,
corpus_03,03.CCTV Mobile Usage.mkv,632de9ed55947761d56d4c6142a3cb1a1fe69d0b1a6d0e01a2e404c697962623,dfine_sahi,140583.0,stationery,0.3351,773.86,460.14,835.08,490.66,1868.3,61.21,30.52,2.006,False,,True,R-desk,40,evt_S-61_desk_work_surface_0007,cf9ece1f4d8544de,lap_bag_context,no_pose_observation,34560.0,1.33,,1,cam12/e1/v1,
corpus_03,03.CCTV Mobile Usage.mkv,632de9ed55947761d56d4c6142a3cb1a1fe69d0b1a6d0e01a2e404c697962623,dfine_sahi,140583.0,unknown_object,0.335,881.74,411.11,932.61,452.81,2121.5,50.87,41.7,1.22,False,,True,R-desk,40,evt_S-61_desk_work_surface_0007,cf9ece1f4d8544de,lap_bag_context,no_pose_observation,34560.0,1.33,,1,cam12/e1/v1,
corpus_03,03.CCTV Mobile Usage.mkv,632de9ed55947761d56d4c6142a3cb1a1fe69d0b1a6d0e01a2e404c697962623,dfine_sahi,140583.0,mouse,0.3189,967.26,398.35,992.04,410.52,301.7,24.77,12.18,2.035,False,,True,R-desk,40,evt_S-61_desk_work_surface_0007,cf9ece1f4d8544de,lap_bag_context,no_pose_observation,34560.0,1.33,,1,cam12/e1/v1,
corpus_03,03.CCTV Mobile Usage.mkv,632de9ed55947761d56d4c6142a3cb1a1fe69d0b1a6d0e01a2e404c697962623,dfine_sahi,140583.0,keyboard,0.2792,967.95,395.37,1118.29,474.25,11858.2,150.34,78.88,1.906,False,,True,R-desk,40,evt_S-61_desk_work_surface_0007,cf9ece1f4d8544de,lap_bag_context,no_pose_observation,34560.0,1.33,,1,cam12/e1/v1,
corpus_03,03.CCTV Mobile Usage.mkv,632de9ed55947761d56d4c6142a3cb1a1fe69d0b1a6d0e01a2e404c697962623,dfine_sahi,140583.0,keyboard,0.2591,910.0,380.74,1035.72,475.05,11857.4,125.72,94.32,1.333,False,,True,R-desk,40,evt_S-61_desk_work_surface_0007,cf9ece1f4d8544de,lap_bag_context,no_pose_observation,34560.0,1.33,,1,cam12/e1/v1,
corpus_03,03.CCTV Mobile Usage.mkv,632de9ed55947761d56d4c6142a3cb1a1fe69d0b1a6d0e01a2e404c697962623,dfine_sahi,140583.0,unknown_object,0.2527,881.2,411.44,969.92,505.64,8356.5,88.71,94.2,0.942,False,,True,R-desk,40,evt_S-61_desk_work_surface_0007,cf9ece1f4d8544de,lap_bag_context,no_pose_observation,34560.0,1.33,,1,cam12/e1/v1,
corpus_03,03.CCTV Mobile Usage.mkv,632de9ed55947761d56d4c6142a3cb1a1fe69d0b1a6d0e01a2e404c697962623,dfine_sahi,140867.0,unknown_object,0.625,116.99,488.14,244.03,615.44,16172.6,127.04,127.3,0.998,False,,True,S-61,33,evt_S-61_upper_body_0022,4de764fefa842d4a,pose_hand_context,,51130.3,2.83,,1,cam12/e1/v1,rtmpose_baseline
corpus_03,03.CCTV Mobile Usage.mkv,632de9ed55947761d56d4c6142a3cb1a1fe69d0b1a6d0e01a2e404c697962623,dfine_sahi,140867.0,unknown_object,0.5997,39.69,389.21,145.83,496.05,11339.6,106.14,106.84,0.993,False,,True,S-61,33,evt_S-61_upper_body_0022,4de764fefa842d4a,pose_hand_context,,51130.3,2.83,,1,cam12/e1/v1,rtmpose_baseline
corpus_03,03.CCTV Mobile Usage.mkv,632de9ed55947761d56d4c6142a3cb1a1fe69d0b1a6d0e01a2e404c697962623,dfine_sahi,140867.0,unknown_object,0.5943,116.84,389.15,244.03,516.4,16185.6,127.19,127.25,1.0,False,,True,S-61,33,evt_S-61_upper_body_0022,4de764fefa842d4a,pose_hand_context,,51130.3,2.83,,1,cam12/e1/v1,rtmpose_baseline
corpus_03,03.CCTV Mobile Usage.mkv,632de9ed55947761d56d4c6142a3cb1a1fe69d0b1a6d0e01a2e404c697962623,dfine_sahi,140867.0,unknown_object,0.4644,45.47,506.01,86.1,553.51,1930.0,40.63,47.5,0.855,False,,True,S-61,33,evt_S-61_upper_body_0022,4de764fefa842d4a,pose_hand_context,,51130.3,2.83,,1,cam12/e1/v1,rtmpose_baseline
corpus_03,03.CCTV Mobile Usage.mkv,632de9ed55947761d56d4c6142a3cb1a1fe69d0b1a6d0e01a2e404c697962623,dfine_sahi,140867.0,unknown_object,0.3855,117.05,475.14,243.71,516.6,5251.5,126.65,41.46,3.055,False,,True,S-61,33,evt_S-61_upper_body_0022,4de764fefa842d4a,pose_hand_context,,51130.3,2.83,,1,cam12/e1/v1,rtmpose_baseline
corpus_03,03.CCTV Mobile Usage.mkv,632de9ed55947761d56d4c6142a3cb1a1fe69d0b1a6d0e01a2e404c697962623,dfine_sahi,140867.0,unknown_object,0.3692,18.0,488.06,29.26,498.14,113.5,11.26,10.08,1.117,True,object footprint 114 px is under the 120 px floor for a call,False,S-61,33,evt_S-61_upper_body_0022,4de764fefa842d4a,pose_hand_context,,51130.3,2.83,,1,cam12/e1/v1,rtmpose_baseline
corpus_03,03.CCTV Mobile Usage.mkv,632de9ed55947761d56d4c6142a3cb1a1fe69d0b1a6d0e01a2e404c697962623,dfine_sahi,140867.0,unknown_object,0.3481,43.89,497.64,145.93,592.88,9718.3,102.04,95.24,1.071,False,,True,S-61,33,evt_S-61_upper_body_0022,4de764fefa842d4a,pose_hand_context,,51130.3,2.83,,1,cam12/e1/v1,rtmpose_baseline
corpus_03,03.CCTV Mobile Usage.mkv,632de9ed55947761d56d4c6142a3cb1a1fe69d0b1a6d0e01a2e404c697962623,dfine_sahi,140867.0,unknown_object,0.328,18.16,390.31,243.77,615.19,50735.7,225.61,224.88,1.003,False,,True,S-61,33,evt_S-61_upper_body_0022,4de764fefa842d4a,pose_hand_context,,51130.3,2.83,,1,cam12/e1/v1,rtmpose_baseline
corpus_03,03.CCTV Mobile Usage.mkv,632de9ed55947761d56d4c6142a3cb1a1fe69d0b1a6d0e01a2e404c697962623,dfine_sahi,140867.0,stationery,0.3256,44.2,498.99,178.47,588.58,12028.6,134.27,89.59,1.499,False,,True,S-61,33,evt_S-61_upper_body_0022,4de764fefa842d4a,pose_hand_context,,51130.3,2.83,,1,cam12/e1/v1,rtmpose_baseline
corpus_03,03.CCTV Mobile Usage.mkv,632de9ed55947761d56d4c6142a3cb1a1fe69d0b1a6d0e01a2e404c697962623,dfine_sahi,140867.0,unknown_object,0.3001,117.31,572.79,244.04,615.89,5462.5,126.74,43.1,2.94,False,,True,S-61,33,evt_S-61_upper_body_0022,4de764fefa842d4a,pose_hand_context,,51130.3,2.83,,1,cam12/e1/v1,rtmpose_baseline
corpus_03,03.CCTV Mobile Usage.mkv,632de9ed55947761d56d4c6142a3cb1a1fe69d0b1a6d0e01a2e404c697962623,dfine_sahi,141583.0,unknown_object,0.7092,79.92,412.1,179.76,507.99,9573.1,99.84,95.88,1.041,False,,True,S-61,33,evt_S-61_desk_work_surface_0007,7a25f2ac3f7f9292,pose_hand_context,,34638.0,3.4,,1,cam12/e1/v1,rtmpose_baseline
corpus_03,03.CCTV Mobile Usage.mkv,632de9ed55947761d56d4c6142a3cb1a1fe69d0b1a6d0e01a2e404c697962623,dfine_sahi,141583.0,unknown_object,0.5623,147.16,405.85,182.84,435.84,1070.2,35.68,30.0,1.189,False,,True,S-61,33,evt_S-61_desk_work_surface_0007,7a25f2ac3f7f9292,pose_hand_context,,34638.0,3.4,,1,cam12/e1/v1,rtmpose_baseline
corpus_03,03.CCTV Mobile Usage.mkv,632de9ed55947761d56d4c6142a3cb1a1fe69d0b1a6d0e01a2e404c697962623,dfine_sahi,141583.0,stationery,0.5025,42.76,446.81,72.5,475.04,839.8,29.75,28.23,1.054,False,,True,S-61,33,evt_S-61_desk_work_surface_0007,7a25f2ac3f7f9292,pose_hand_context,,34638.0,3.4,,1,cam12/e1/v1,rtmpose_baseline
corpus_03,03.CCTV Mobile Usage.mkv,632de9ed55947761d56d4c6142a3cb1a1fe69d0b1a6d0e01a2e404c697962623,dfine_sahi,141583.0,unknown_object,0.4453,26.33,330.11,102.99,415.18,6521.7,76.66,85.07,0.901,False,,True,S-61,33,evt_S-61_desk_work_surface_0007,7a25f2ac3f7f9292,pose_hand_context,,34638.0,3.4,,1,cam12/e1/v1,rtmpose_baseline
corpus_03,03.CCTV Mobile Usage.mkv,632de9ed55947761d56d4c6142a3cb1a1fe69d0b1a6d0e01a2e404c697962623,dfine_sahi,141583.0,unknown_object,0.3968,146.47,400.99,183.28,507.44,3918.2,36.81,106.45,0.346,False,,True,S-61,33,evt_S-61_desk_work_surface_0007,7a25f2ac3f7f9292,pose_hand_context,,34638.0,3.4,,1,cam12/e1/v1,rtmpose_baseline
corpus_03,03.CCTV Mobile Usage.mkv,632de9ed55947761d56d4c6142a3cb1a1fe69d0b1a6d0e01a2e404c697962623,dfine_sahi,141583.0,unknown_object,0.3961,-0.66,330.28,183.07,517.05,34314.9,183.73,186.77,0.984,False,,True,S-61,33,evt_S-61_desk_work_surface_0007,7a25f2ac3f7f9292,pose_hand_context,,34638.0,3.4,,1,cam12/e1/v1,rtmpose_baseline
corpus_03,03.CCTV Mobile Usage.mkv,632de9ed55947761d56d4c6142a3cb1a1fe69d0b1a6d0e01a2e404c697962623,dfine_sahi,141583.0,unknown_object,0.3515,-0.11,330.15,80.33,434.72,8411.9,80.44,104.57,0.769,False,,True,S-61,33,evt_S-61_desk_work_surface_0007,7a25f2ac3f7f9292,pose_hand_context,,34638.0,3.4,,1,cam12/e1/v1,rtmpose_baseline
corpus_03,03.CCTV Mobile Usage.mkv,632de9ed55947761d56d4c6142a3cb1a1fe69d0b1a6d0e01a2e404c697962623,dfine_sahi,141583.0,unknown_object,0.3514,43.0,446.68,72.52,474.82,830.8,29.52,28.14,1.049,False,,True,S-61,33,evt_S-61_desk_work_surface_0007,7a25f2ac3f7f9292,pose_hand_context,,34638.0,3.4,,1,cam12/e1/v1,rtmpose_baseline
corpus_03,03.CCTV Mobile Usage.mkv,632de9ed55947761d56d4c6142a3cb1a1fe69d0b1a6d0e01a2e404c697962623,dfine_sahi,141583.0,unknown_object,0.3468,139.98,381.16,156.45,395.66,238.7,16.47,14.49,1.136,False,,True,S-61,33,evt_S-61_desk_work_surface_0007,7a25f2ac3f7f9292,pose_hand_context,,34638.0,3.4,,1,cam12/e1/v1,rtmpose_baseline
corpus_03,03.CCTV Mobile Usage.mkv,632de9ed55947761d56d4c6142a3cb1a1fe69d0b1a6d0e01a2e404c697962623,dfine_sahi,141583.0,keyboard,0.3339,-0.38,441.66,49.59,500.13,2921.5,49.97,58.47,0.855,False,,True,S-61,33,evt_S-61_desk_work_surface_0007,7a25f2ac3f7f9292,pose_hand_context,,34638.0,3.4,,1,cam12/e1/v1,rtmpose_baseline
corpus_03,03.CCTV Mobile Usage.mkv,632de9ed55947761d56d4c6142a3cb1a1fe69d0b1a6d0e01a2e404c697962623,dfine_sahi,141583.0,unknown_object,0.3033,139.97,381.11,162.04,406.98,570.9,22.07,25.87,0.853,False,,True,S-61,33,evt_S-61_desk_work_surface_0007,7a25f2ac3f7f9292,pose_hand_context,,34638.0,3.4,,1,cam12/e1/v1,rtmpose_baseline
corpus_03,03.CCTV Mobile Usage.mkv,632de9ed55947761d56d4c6142a3cb1a1fe69d0b1a6d0e01a2e404c697962623,dfine_sahi,141583.0,unknown_object,0.2969,0.15,478.99,29.8,501.81,676.7,29.65,22.82,1.299,False,,True,S-61,33,evt_S-61_desk_work_surface_0007,7a25f2ac3f7f9292,pose_hand_context,,34638.0,3.4,,1,cam12/e1/v1,rtmpose_baseline
corpus_03,03.CCTV Mobile Usage.mkv,632de9ed55947761d56d4c6142a3cb1a1fe69d0b1a6d0e01a2e404c697962623,dfine_sahi,141583.0,unknown_object,0.2925,-0.12,433.89,182.65,517.45,15273.4,182.77,83.57,2.187,False,,True,S-61,33,evt_S-61_desk_work_surface_0007,7a25f2ac3f7f9292,pose_hand_context,,34638.0,3.4,,1,cam12/e1/v1,rtmpose_baseline
corpus_03,03.CCTV Mobile Usage.mkv,632de9ed55947761d56d4c6142a3cb1a1fe69d0b1a6d0e01a2e404c697962623,dfine_sahi,141583.0,unknown_object,0.2809,98.96,431.69,158.65,503.48,4285.1,59.69,71.79,0.832,False,,True,S-61,33,evt_S-61_desk_work_surface_0007,7a25f2ac3f7f9292,pose_hand_context,,34638.0,3.4,,1,cam12/e1/v1,rtmpose_baseline
corpus_03,03.CCTV Mobile Usage.mkv,632de9ed55947761d56d4c6142a3cb1a1fe69d0b1a6d0e01a2e404c697962623,dfine_sahi,141583.0,unknown_object,0.2657,42.05,412.26,102.98,475.37,3844.9,60.93,63.1,0.966,False,,True,S-61,33,evt_S-61_desk_work_surface_0007,7a25f2ac3f7f9292,pose_hand_context,,34638.0,3.4,,1,cam12/e1/v1,rtmpose_baseline
corpus_03,03.CCTV Mobile Usage.mkv,632de9ed55947761d56d4c6142a3cb1a1fe69d0b1a6d0e01a2e404c697962623,dfine_sahi,141867.0,unknown_object,0.7253,84.02,415.19,179.61,510.56,9116.2,95.58,95.38,1.002,False,,True,S-61,33,evt_S-61_upper_body_0022,8480df3c8367b923,pose_hand_context,,25287.4,4.02,,1,cam12/e1/v1,rtmpose_baseline
corpus_03,03.CCTV Mobile Usage.mkv,632de9ed55947761d56d4c6142a3cb1a1fe69d0b1a6d0e01a2e404c697962623,dfine_sahi,141867.0,unknown_object,0.4739,18.06,349.31,144.03,507.06,19871.8,125.97,157.75,0.799,False,,True,S-61,33,evt_S-61_upper_body_0022,8480df3c8367b923,pose_hand_context,,25287.4,4.02,,1,cam12/e1/v1,rtmpose_baseline
corpus_03,03.CCTV Mobile Usage.mkv,632de9ed55947761d56d4c6142a3cb1a1fe69d0b1a6d0e01a2e404c697962623,dfine_sahi,141867.0,unknown_object,0.3749,84.05,368.58,155.26,440.23,5102.3,71.21,71.65,0.994,False,,True,S-61,33,evt_S-61_upper_body_0022,8480df3c8367b923,pose_hand_context,,25287.4,4.02,,1,cam12/e1/v1,rtmpose_baseline
corpus_03,03.CCTV Mobile Usage.mkv,632de9ed55947761d56d4c6142a3cb1a1fe69d0b1a6d0e01a2e404c697962623,dfine_sahi,141867.0,unknown_object,0.2603,84.01,415.09,156.71,455.57,2943.1,72.7,40.48,1.796,False,,True,S-61,33,evt_S-61_upper_body_0022,8480df3c8367b923,pose_hand_context,,25287.4,4.02,,1,cam12/e1/v1,rtmpose_baseline
corpus_03,03.CCTV Mobile Usage.mkv,632de9ed55947761d56d4c6142a3cb1a1fe69d0b1a6d0e01a2e404c697962623,dfine_sahi,142583.0,unknown_object,0.7773,78.05,417.21,173.81,512.62,9136.5,95.76,95.41,1.004,False,,True,S-61,33,evt_S-61_desk_work_surface_0007,5b6a897cc877e08e,pose_hand_context,,19521.7,4.58,,1,cam12/e1/v1,rtmpose_baseline
corpus_03,03.CCTV Mobile Usage.mkv,632de9ed55947761d56d4c6142a3cb1a1fe69d0b1a6d0e01a2e404c697962623,dfine_sahi,142583.0,unknown_object,0.6106,39.69,421.56,112.96,473.73,3823.1,73.28,52.17,1.404,False,,True,S-61,33,evt_S-61_desk_work_surface_0007,5b6a897cc877e08e,pose_hand_context,,19521.7,4.58,,1,cam12/e1/v1,rtmpose_baseline
corpus_03,03.CCTV Mobile Usage.mkv,632de9ed55947761d56d4c6142a3cb1a1fe69d0b1a6d0e01a2e404c697962623,dfine_sahi,142583.0,unknown_object,0.3756,78.03,417.14,151.62,462.9,3367.7,73.59,45.76,1.608,False,,True,S-61,33,evt_S-61_desk_work_surface_0007,5b6a897cc877e08e,pose_hand_context,,19521.7,4.58,,1,cam12/e1/v1,rtmpose_baseline
corpus_03,03.CCTV Mobile Usage.mkv,632de9ed55947761d56d4c6142a3cb1a1fe69d0b1a6d0e01a2e404c697962623,dfine_sahi,142583.0,unknown_object,0.3053,82.11,417.04,112.96,428.73,360.6,30.85,11.69,2.639,False,,True,S-61,33,evt_S-61_desk_work_surface_0007,5b6a897cc877e08e,pose_hand_context,,19521.7,4.58,,1,cam12/e1/v1,rtmpose_baseline
corpus_03,03.CCTV Mobile Usage.mkv,632de9ed55947761d56d4c6142a3cb1a1fe69d0b1a6d0e01a2e404c697962623,dfine_sahi,142583.0,unknown_object,0.267,143.29,413.34,170.55,451.68,1045.3,27.26,38.35,0.711,False,,True,S-61,33,evt_S-61_desk_work_surface_0007,5b6a897cc877e08e,pose_hand_context,,19521.7,4.58,,1,cam12/e1/v1,rtmpose_baseline
corpus_03,03.CCTV Mobile Usage.mkv,632de9ed55947761d56d4c6142a3cb1a1fe69d0b1a6d0e01a2e404c697962623,dfine_sahi,156383.0,unknown_object,0.73,103.08,405.24,185.08,501.03,7855.2,82.01,95.79,0.856,False,,True,S-61,41,evt_S-61_desk_work_surface_0008,10f4138e905a317a,pose_hand_context,,29343.7,3.74,,1,cam12/e1/v1,rtmpose_baseline
corpus_03,03.CCTV Mobile Usage.mkv,632de9ed55947761d56d4c6142a3cb1a1fe69d0b1a6d0e01a2e404c697962623,dfine_sahi,156383.0,unknown_object,0.5145,203.63,405.18,274.96,501.42,6865.1,71.34,96.23,0.741,False,,True,S-61,41,evt_S-61_desk_work_surface_0008,10f4138e905a317a,pose_hand_context,,29343.7,3.74,,1,cam12/e1/v1,rtmpose_baseline
corpus_03,03.CCTV Mobile Usage.mkv,632de9ed55947761d56d4c6142a3cb1a1fe69d0b1a6d0e01a2e404c697962623,dfine_sahi,156383.0,unknown_object,0.4944,145.31,397.84,162.64,408.62,186.9,17.34,10.78,1.608,False,,True,S-61,41,evt_S-61_desk_work_surface_0008,10f4138e905a317a,pose_hand_context,,29343.7,3.74,,1,cam12/e1/v1,rtmpose_baseline
corpus_03,03.CCTV Mobile Usage.mkv,632de9ed55947761d56d4c6142a3cb1a1fe69d0b1a6d0e01a2e404c697962623,dfine_sahi,156383.0,unknown_object,0.4414,103.44,351.66,256.62,500.99,22874.9,153.18,149.33,1.026,False,,True,S-61,41,evt_S-61_desk_work_surface_0008,10f4138e905a317a,pose_hand_context,,29343.7,3.74,,1,cam12/e1/v1,rtmpose_baseline
corpus_03,03.CCTV Mobile Usage.mkv,632de9ed55947761d56d4c6142a3cb1a1fe69d0b1a6d0e01a2e404c697962623,dfine_sahi,156383.0,unknown_object,0.3931,177.98,352.94,210.4,426.49,2383.6,32.41,73.54,0.441,False,,True,S-61,41,evt_S-61_desk_work_surface_0008,10f4138e905a317a,pose_hand_context,,29343.7,3.74,,1,cam12/e1/v1,rtmpose_baseline
corpus_03,03.CCTV Mobile Usage.mkv,632de9ed55947761d56d4c6142a3cb1a1fe69d0b1a6d0e01a2e404c697962623,dfine_sahi,156383.0,unknown_object,0.3823,167.65,353.84,202.31,384.64,1067.9,34.67,30.81,1.125,False,,True,S-61,41,evt_S-61_desk_work_surface_0008,10f4138e905a317a,pose_hand_context,,29343.7,3.74,,1,cam12/e1/v1,rtmpose_baseline
corpus_03,03.CCTV Mobile Usage.mkv,632de9ed55947761d56d4c6142a3cb1a1fe69d0b1a6d0e01a2e404c697962623,dfine_sahi,156383.0,unknown_object,0.3287,103.02,405.12,172.94,453.44,3378.7,69.92,48.32,1.447,False,,True,S-61,41,evt_S-61_desk_work_surface_0008,10f4138e905a317a,pose_hand_context,,29343.7,3.74,,1,cam12/e1/v1,rtmpose_baseline
corpus_03,03.CCTV Mobile Usage.mkv,632de9ed55947761d56d4c6142a3cb1a1fe69d0b1a6d0e01a2e404c697962623,dfine_sahi,156383.0,monitor_or_bezel,0.2801,225.03,330.2,274.97,384.58,2715.4,49.94,54.37,0.918,False,,True,S-61,41,evt_S-61_desk_work_surface_0008,10f4138e905a317a,pose_hand_context,,29343.7,3.74,,1,cam12/e1/v1,rtmpose_baseline
corpus_03,03.CCTV Mobile Usage.mkv,632de9ed55947761d56d4c6142a3cb1a1fe69d0b1a6d0e01a2e404c697962623,dfine_sahi,156383.0,unknown_object,0.2544,208.54,382.81,274.93,426.55,2903.8,66.39,43.74,1.518,False,,True,S-61,41,evt_S-61_desk_work_surface_0008,10f4138e905a317a,pose_hand_context,,29343.7,3.74,,1,cam12/e1/v1,rtmpose_baseline
corpus_03,03.CCTV Mobile Usage.mkv,632de9ed55947761d56d4c6142a3cb1a1fe69d0b1a6d0e01a2e404c697962623,dfine_sahi,157383.0,unknown_object,0.5739,240.0,443.25,350.92,551.75,12034.6,110.92,108.49,1.022,False,,True,S-61,41,evt_S-61_desk_work_surface_0008,eca9a6c02819dd2d,pose_hand_context,,38919.4,3.24,,1,cam12/e1/v1,rtmpose_baseline
corpus_03,03.CCTV Mobile Usage.mkv,632de9ed55947761d56d4c6142a3cb1a1fe69d0b1a6d0e01a2e404c697962623,dfine_sahi,157383.0,unknown_object,0.5198,154.82,529.11,264.84,584.45,6088.6,110.02,55.34,1.988,False,,True,S-61,41,evt_S-61_desk_work_surface_0008,eca9a6c02819dd2d,pose_hand_context,,38919.4,3.24,,1,cam12/e1/v1,rtmpose_baseline
corpus_03,03.CCTV Mobile Usage.mkv,632de9ed55947761d56d4c6142a3cb1a1fe69d0b1a6d0e01a2e404c697962623,dfine_sahi,157383.0,unknown_object,0.4262,153.94,493.48,207.43,568.9,4034.5,53.49,75.42,0.709,False,,True,S-61,41,evt_S-61_desk_work_surface_0008,eca9a6c02819dd2d,pose_hand_context,,38919.4,3.24,,1,cam12/e1/v1,rtmpose_baseline
corpus_03,03.CCTV Mobile Usage.mkv,632de9ed55947761d56d4c6142a3cb1a1fe69d0b1a6d0e01a2e404c697962623,dfine_sahi,157383.0,unknown_object,0.4253,153.97,443.35,264.99,551.83,12041.9,111.01,108.47,1.023,False,,True,S-61,41,evt_S-61_desk_work_surface_0008,eca9a6c02819dd2d,pose_hand_context,,38919.4,3.24,,1,cam12/e1/v1,rtmpose_baseline
corpus_03,03.CCTV Mobile Usage.mkv,632de9ed55947761d56d4c6142a3cb1a1fe69d0b1a6d0e01a2e404c697962623,dfine_sahi,157383.0,unknown_object,0.3513,240.05,512.35,350.93,552.07,4404.3,110.88,39.72,2.791,False,,True,S-61,41,evt_S-61_desk_work_surface_0008,eca9a6c02819dd2d,pose_hand_context,,38919.4,3.24,,1,cam12/e1/v1,rtmpose_baseline
corpus_03,03.CCTV Mobile Usage.mkv,632de9ed55947761d56d4c6142a3cb1a1fe69d0b1a6d0e01a2e404c697962623,dfine_sahi,157383.0,unknown_object,0.2965,154.04,573.13,264.87,639.66,7373.3,110.83,66.53,1.666,False,,True,S-61,41,evt_S-61_desk_work_surface_0008,eca9a6c02819dd2d,pose_hand_context,,38919.4,3.24,,1,cam12/e1/v1,rtmpose_baseline
corpus_03,03.CCTV Mobile Usage.mkv,632de9ed55947761d56d4c6142a3cb1a1fe69d0b1a6d0e01a2e404c697962623,dfine_sahi,157383.0,unknown_object,0.2691,240.06,549.44,350.94,639.24,9956.7,110.88,89.8,1.235,False,,True,S-61,41,evt_S-61_desk_work_surface_0008,eca9a6c02819dd2d,pose_hand_context,,38919.4,3.24,,1,cam12/e1/v1,rtmpose_baseline
corpus_03,03.CCTV Mobile Usage.mkv,632de9ed55947761d56d4c6142a3cb1a1fe69d0b1a6d0e01a2e404c697962623,dfine_sahi,158383.0,unknown_object,0.7544,117.0,505.15,243.85,631.4,16013.8,126.85,126.24,1.005,False,,True,S-61,41,evt_S-61_desk_work_surface_0008,fceae00cd1315882,pose_hand_context,,51266.0,2.83,,1,cam12/e1/v1,rtmpose_baseline
corpus_03,03.CCTV Mobile Usage.mkv,632de9ed55947761d56d4c6142a3cb1a1fe69d0b1a6d0e01a2e404c697962623,dfine_sahi,158383.0,unknown_object,0.4765,216.06,406.25,342.89,529.09,15581.9,126.84,122.85,1.032,False,,True,S-61,41,evt_S-61_desk_work_surface_0008,fceae00cd1315882,pose_hand_context,,51266.0,2.83,,1,cam12/e1/v1,rtmpose_baseline
corpus_03,03.CCTV Mobile Usage.mkv,632de9ed55947761d56d4c6142a3cb1a1fe69d0b1a6d0e01a2e404c697962623,dfine_sahi,158383.0,unknown_object,0.4591,137.15,454.99,195.8,506.46,3018.4,58.64,51.47,1.139,False,,True,S-61,41,evt_S-61_desk_work_surface_0008,fceae00cd1315882,pose_hand_context,,51266.0,2.83,,1,cam12/e1/v1,rtmpose_baseline
corpus_03,03.CCTV Mobile Usage.mkv,632de9ed55947761d56d4c6142a3cb1a1fe69d0b1a6d0e01a2e404c697962623,dfine_sahi,158383.0,unknown_object,0.3564,117.07,406.46,342.8,631.11,50710.7,225.74,224.65,1.005,False,,True,S-61,41,evt_S-61_desk_work_surface_0008,fceae00cd1315882,pose_hand_context,,51266.0,2.83,,1,cam12/e1/v1,rtmpose_baseline
corpus_03,03.CCTV Mobile Usage.mkv,632de9ed55947761d56d4c6142a3cb1a1fe69d0b1a6d0e01a2e404c697962623,dfine_sahi,158383.0,unknown_object,0.3494,215.96,555.48,342.95,631.66,9674.2,127.0,76.18,1.667,False,,True,S-61,41,evt_S-61_desk_work_surface_0008,fceae00cd1315882,pose_hand_context,,51266.0,2.83,,1,cam12/e1/v1,rtmpose_baseline
corpus_03,03.CCTV Mobile Usage.mkv,632de9ed55947761d56d4c6142a3cb1a1fe69d0b1a6d0e01a2e404c697962623,dfine_sahi,158383.0,unknown_object,0.3352,216.26,486.95,304.67,515.41,2515.8,88.4,28.46,3.106,False,,True,S-61,41,evt_S-61_desk_work_surface_0008,fceae00cd1315882,pose_hand_context,,51266.0,2.83,,1,cam12/e1/v1,rtmpose_baseline
corpus_03,03.CCTV Mobile Usage.mkv,632de9ed55947761d56d4c6142a3cb1a1fe69d0b1a6d0e01a2e404c697962623,dfine_sahi,158383.0,unknown_object,0.2565,123.9,574.0,243.43,631.4,6860.6,119.52,57.4,2.082,False,,True,S-61,41,evt_S-61_desk_work_surface_0008,fceae00cd1315882,pose_hand_context,,51266.0,2.83,,1,cam12/e1/v1,rtmpose_baseline
corpus_03,03.CCTV Mobile Usage.mkv,632de9ed55947761d56d4c6142a3cb1a1fe69d0b1a6d0e01a2e404c697962623,dfine_sahi,159067.0,unknown_object,0.6232,65.99,421.23,164.93,519.53,9725.9,98.95,98.29,1.007,False,,True,S-61,41,evt_S-61_desk_work_surface_0009,082f9fd43fb18bb2,pose_hand_context,,31046.4,3.63,,1,cam12/e1/v1,rtmpose_baseline
corpus_03,03.CCTV Mobile Usage.mkv,632de9ed55947761d56d4c6142a3cb1a1fe69d0b1a6d0e01a2e404c697962623,dfine_sahi,159067.0,unknown_object,0.4115,70.55,344.3,192.76,496.89,18648.6,122.21,152.59,0.801,False,,True,S-61,41,evt_S-61_desk_work_surface_0009,082f9fd43fb18bb2,pose_hand_context,,31046.4,3.63,,1,cam12/e1/v1,rtmpose_baseline
corpus_03,03.CCTV Mobile Usage.mkv,632de9ed55947761d56d4c6142a3cb1a1fe69d0b1a6d0e01a2e404c697962623,dfine_sahi,159067.0,unknown_object,0.3375,106.41,421.54,164.93,494.29,4257.2,58.52,72.74,0.805,False,,True,S-61,41,evt_S-61_desk_work_surface_0009,082f9fd43fb18bb2,pose_hand_context,,31046.4,3.63,,1,cam12/e1/v1,rtmpose_baseline
corpus_03,03.CCTV Mobile Usage.mkv,632de9ed55947761d56d4c6142a3cb1a1fe69d0b1a6d0e01a2e404c697962623,dfine_sahi,159067.0,unknown_object,0.3203,110.68,419.8,164.96,442.84,1250.8,54.28,23.04,2.356,False,,True,S-61,41,evt_S-61_desk_work_surface_0009,082f9fd43fb18bb2,pose_hand_context,,31046.4,3.63,,1,cam12/e1/v1,rtmpose_baseline
corpus_03,03.CCTV Mobile Usage.mkv,632de9ed55947761d56d4c6142a3cb1a1fe69d0b1a6d0e01a2e404c697962623,dfine_sahi,159067.0,unknown_object,0.305,143.04,350.14,216.02,442.31,6726.5,72.98,92.17,0.792,False,,True,S-61,41,evt_S-61_desk_work_surface_0009,082f9fd43fb18bb2,pose_hand_context,,31046.4,3.63,,1,cam12/e1/v1,rtmpose_baseline
corpus_03,03.CCTV Mobile Usage.mkv,632de9ed55947761d56d4c6142a3cb1a1fe69d0b1a6d0e01a2e404c697962623,dfine_sahi,159067.0,unknown_object,0.2808,73.99,367.17,164.85,442.18,6815.8,90.86,75.01,1.211,False,,True,S-61,41,evt_S-61_desk_work_surface_0009,082f9fd43fb18bb2,pose_hand_context,,31046.4,3.63,,1,cam12/e1/v1,rtmpose_baseline
corpus_03,03.CCTV Mobile Usage.mkv,632de9ed55947761d56d4c6142a3cb1a1fe69d0b1a6d0e01a2e404c697962623,dfine_sahi,159067.0,unknown_object,0.2628,207.33,400.57,241.97,442.63,1457.0,34.64,42.07,0.823,False,,True,S-61,41,evt_S-61_desk_work_surface_0009,082f9fd43fb18bb2,pose_hand_context,,31046.4,3.63,,1,cam12/e1/v1,rtmpose_baseline
corpus_03,03.CCTV Mobile Usage.mkv,632de9ed55947761d56d4c6142a3cb1a1fe69d0b1a6d0e01a2e404c697962623,dfine_sahi,159383.0,unknown_object,0.6162,183.0,427.22,284.97,528.54,10332.1,101.97,101.32,1.006,False,,True,S-61,41,evt_S-61_desk_work_surface_0008,ccfbf889b0025c53,pose_hand_context,,32515.3,3.55,,1,cam12/e1/v1,rtmpose_baseline
corpus_03,03.CCTV Mobile Usage.mkv,632de9ed55947761d56d4c6142a3cb1a1fe69d0b1a6d0e01a2e404c697962623,dfine_sahi,159383.0,unknown_object,0.5381,142.12,446.6,181.34,484.81,1498.6,39.22,38.21,1.026,False,,True,S-61,41,evt_S-61_desk_work_surface_0008,ccfbf889b0025c53,pose_hand_context,,32515.3,3.55,,1,cam12/e1/v1,rtmpose_baseline
corpus_03,03.CCTV Mobile Usage.mkv,632de9ed55947761d56d4c6142a3cb1a1fe69d0b1a6d0e01a2e404c697962623,dfine_sahi,159383.0,unknown_object,0.4726,104.07,427.48,284.87,605.4,32168.1,180.8,177.92,1.016,False,,True,S-61,41,evt_S-61_desk_work_surface_0008,ccfbf889b0025c53,pose_hand_context,,32515.3,3.55,,1,cam12/e1/v1,rtmpose_baseline
corpus_03,03.CCTV Mobile Usage.mkv,632de9ed55947761d56d4c6142a3cb1a1fe69d0b1a6d0e01a2e404c697962623,dfine_sahi,159383.0,unknown_object,0.3708,128.04,506.28,205.97,605.84,7759.4,77.94,99.56,0.783,False,,True,S-61,41,evt_S-61_desk_work_surface_0008,ccfbf889b0025c53,pose_hand_context,,32515.3,3.55,,1,cam12/e1/v1,rtmpose_baseline
corpus_03,03.CCTV Mobile Usage.mkv,632de9ed55947761d56d4c6142a3cb1a1fe69d0b1a6d0e01a2e404c697962623,dfine_sahi,159383.0,unknown_object,0.3484,183.06,492.79,283.61,528.8,3621.2,100.55,36.01,2.792,False,,True,S-61,41,evt_S-61_desk_work_surface_0008,ccfbf889b0025c53,pose_hand_context,,32515.3,3.55,,1,cam12/e1/v1,rtmpose_baseline
corpus_03,03.CCTV Mobile Usage.mkv,632de9ed55947761d56d4c6142a3cb1a1fe69d0b1a6d0e01a2e404c697962623,dfine_sahi,159383.0,unknown_object,0.2927,183.03,506.11,284.96,606.03,10185.1,101.93,99.92,1.02,False,,True,S-61,41,evt_S-61_desk_work_surface_0008,ccfbf889b0025c53,pose_hand_context,,32515.3,3.55,,1,cam12/e1/v1,rtmpose_baseline
corpus_03,03.CCTV Mobile Usage.mkv,632de9ed55947761d56d4c6142a3cb1a1fe69d0b1a6d0e01a2e404c697962623,dfine_sahi,159383.0,unknown_object,0.2872,196.86,568.49,284.88,605.68,3273.0,88.02,37.18,2.367,False,,True,S-61,41,evt_S-61_desk_work_surface_0008,ccfbf889b0025c53,pose_hand_context,,32515.3,3.55,,1,cam12/e1/v1,rtmpose_baseline
corpus_03,03.CCTV Mobile Usage.mkv,632de9ed55947761d56d4c6142a3cb1a1fe69d0b1a6d0e01a2e404c697962623,dfine_sahi,160067.0,unknown_object,0.5226,101.76,431.2,158.04,498.18,3769.5,56.28,66.98,0.84,False,,True,S-61,41,evt_S-61_desk_work_surface_0009,caa78e1300eab2f7,pose_hand_context,,33841.3,3.48,,1,cam12/e1/v1,rtmpose_baseline
corpus_03,03.CCTV Mobile Usage.mkv,632de9ed55947761d56d4c6142a3cb1a1fe69d0b1a6d0e01a2e404c697962623,dfine_sahi,160067.0,unknown_object,0.4741,143.19,448.45,183.26,485.35,1478.5,40.07,36.89,1.086,False,,True,S-61,41,evt_S-61_desk_work_surface_0009,caa78e1300eab2f7,pose_hand_context,,33841.3,3.48,,1,cam12/e1/v1,rtmpose_baseline
corpus_03,03.CCTV Mobile Usage.mkv,632de9ed55947761d56d4c6142a3cb1a1fe69d0b1a6d0e01a2e404c697962623,dfine_sahi,160067.0,unknown_object,0.4715,143.01,341.65,193.59,443.01,5127.2,50.58,101.36,0.499,False,,True,S-61,41,evt_S-61_desk_work_surface_0009,caa78e1300eab2f7,pose_hand_context,,33841.3,3.48,,1,cam12/e1/v1,rtmpose_baseline
corpus_03,03.CCTV Mobile Usage.mkv,632de9ed55947761d56d4c6142a3cb1a1fe69d0b1a6d0e01a2e404c697962623,dfine_sahi,160067.0,unknown_object,0.4339,63.0,452.99,101.22,502.14,1878.4,38.21,49.16,0.777,False,,True,S-61,41,evt_S-61_desk_work_surface_0009,caa78e1300eab2f7,pose_hand_context,,33841.3,3.48,,1,cam12/e1/v1,rtmpose_baseline
corpus_03,03.CCTV Mobile Usage.mkv,632de9ed55947761d56d4c6142a3cb1a1fe69d0b1a6d0e01a2e404c697962623,dfine_sahi,160067.0,bag,0.3601,75.65,382.86,160.15,438.1,4667.5,84.5,55.24,1.53,False,,True,S-61,41,evt_S-61_desk_work_surface_0009,caa78e1300eab2f7,pose_hand_context,,33841.3,3.48,,1,cam12/e1/v1,rtmpose_baseline
corpus_03,03.CCTV Mobile Usage.mkv,632de9ed55947761d56d4c6142a3cb1a1fe69d0b1a6d0e01a2e404c697962623,dfine_sahi,160067.0,unknown_object,0.2944,104.87,421.46,165.98,455.55,2083.4,61.1,34.1,1.792,False,,True,S-61,41,evt_S-61_desk_work_surface_0009,caa78e1300eab2f7,pose_hand_context,,33841.3,3.48,,1,cam12/e1/v1,rtmpose_baseline
corpus_03,03.CCTV Mobile Usage.mkv,632de9ed55947761d56d4c6142a3cb1a1fe69d0b1a6d0e01a2e404c697962623,dfine_sahi,160067.0,unknown_object,0.2826,63.02,421.06,149.2,523.58,8834.3,86.18,102.51,0.841,False,,True,S-61,41,evt_S-61_desk_work_surface_0009,caa78e1300eab2f7,pose_hand_context,,33841.3,3.48,,1,cam12/e1/v1,rtmpose_baseline
corpus_03,03.CCTV Mobile Usage.mkv,632de9ed55947761d56d4c6142a3cb1a1fe69d0b1a6d0e01a2e404c697962623,dfine_sahi,160067.0,unknown_object,0.2527,72.9,367.21,162.42,437.93,6330.5,89.52,70.72,1.266,False,,True,S-61,41,evt_S-61_desk_work_surface_0009,caa78e1300eab2f7,pose_hand_context,,33841.3,3.48,,1,cam12/e1/v1,rtmpose_baseline
corpus_03,03.CCTV Mobile Usage.mkv,632de9ed55947761d56d4c6142a3cb1a1fe69d0b1a6d0e01a2e404c697962623,dfine_sahi,160383.0,unknown_object,0.5109,108.86,418.25,169.02,531.15,6791.7,60.16,112.9,0.533,False,,True,S-61,41,evt_S-61_desk_work_surface_0008,6eb381d66ec56f06,pose_hand_context,,42074.2,3.12,,1,cam12/e1/v1,rtmpose_baseline
corpus_03,03.CCTV Mobile Usage.mkv,632de9ed55947761d56d4c6142a3cb1a1fe69d0b1a6d0e01a2e404c697962623,dfine_sahi,160383.0,unknown_object,0.5093,145.92,447.66,184.77,478.81,1210.1,38.85,31.15,1.247,False,,True,S-61,41,evt_S-61_desk_work_surface_0008,6eb381d66ec56f06,pose_hand_context,,42074.2,3.12,,1,cam12/e1/v1,rtmpose_baseline
corpus_03,03.CCTV Mobile Usage.mkv,632de9ed55947761d56d4c6142a3cb1a1fe69d0b1a6d0e01a2e404c697962623,dfine_sahi,160383.0,unknown_object,0.4255,52.99,433.04,98.13,504.62,3231.2,45.14,71.58,0.631,False,,True,S-61,41,evt_S-61_desk_work_surface_0008,6eb381d66ec56f06,pose_hand_context,,42074.2,3.12,,1,cam12/e1/v1,rtmpose_baseline
corpus_03,03.CCTV Mobile Usage.mkv,632de9ed55947761d56d4c6142a3cb1a1fe69d0b1a6d0e01a2e404c697962623,dfine_sahi,160383.0,bag,0.4048,73.4,381.22,162.32,428.84,4235.4,88.93,47.63,1.867,False,,True,S-61,41,evt_S-61_desk_work_surface_0008,6eb381d66ec56f06,pose_hand_context,,42074.2,3.12,,1,cam12/e1/v1,rtmpose_baseline
corpus_03,03.CCTV Mobile Usage.mkv,632de9ed55947761d56d4c6142a3cb1a1fe69d0b1a6d0e01a2e404c697962623,dfine_sahi,160383.0,unknown_object,0.3416,182.18,418.12,257.93,516.96,7487.1,75.75,98.84,0.766,False,,True,S-61,41,evt_S-61_desk_work_surface_0008,6eb381d66ec56f06,pose_hand_context,,42074.2,3.12,,1,cam12/e1/v1,rtmpose_baseline
corpus_03,03.CCTV Mobile Usage.mkv,632de9ed55947761d56d4c6142a3cb1a1fe69d0b1a6d0e01a2e404c697962623,dfine_sahi,160383.0,unknown_object,0.2989,52.98,328.09,108.1,362.12,1875.6,55.11,34.03,1.619,False,,True,S-61,41,evt_S-61_desk_work_surface_0008,6eb381d66ec56f06,pose_hand_context,,42074.2,3.12,,1,cam12/e1/v1,rtmpose_baseline
corpus_03,03.CCTV Mobile Usage.mkv,632de9ed55947761d56d4c6142a3cb1a1fe69d0b1a6d0e01a2e404c697962623,dfine_sahi,160383.0,phone,0.2533,188.65,370.19,195.76,376.82,47.1,7.1,6.63,1.071,True,object footprint 47 px is under the 120 px floor for a call,False,S-61,41,evt_S-61_desk_work_surface_0008,6eb381d66ec56f06,pose_hand_context,,42074.2,3.12,,1,cam12/e1/v1,rtmpose_baseline
corpus_03,03.CCTV Mobile Usage.mkv,632de9ed55947761d56d4c6142a3cb1a1fe69d0b1a6d0e01a2e404c697962623,dfine_sahi,160383.0,unknown_object,0.2501,83.29,424.82,131.8,507.6,4015.8,48.51,82.78,0.586,False,,True,S-61,41,evt_S-61_desk_work_surface_0008,6eb381d66ec56f06,pose_hand_context,,42074.2,3.12,,1,cam12/e1/v1,rtmpose_baseline
corpus_03,03.CCTV Mobile Usage.mkv,632de9ed55947761d56d4c6142a3cb1a1fe69d0b1a6d0e01a2e404c697962623,dfine_sahi,161067.0,unknown_object,0.7175,42.25,446.28,176.9,579.32,17912.2,134.64,133.04,1.012,False,,True,S-61,41,evt_S-61_desk_work_surface_0009,ddae060e7fec4511,pose_hand_context,,57484.9,2.67,,1,cam12/e1/v1,rtmpose_baseline
corpus_03,03.CCTV Mobile Usage.mkv,632de9ed55947761d56d4c6142a3cb1a1fe69d0b1a6d0e01a2e404c697962623,dfine_sahi,161067.0,unknown_object,0.5979,42.24,341.25,176.87,474.74,17970.8,134.63,133.49,1.009,False,,True,S-61,41,evt_S-61_desk_work_surface_0009,ddae060e7fec4511,pose_hand_context,,57484.9,2.67,,1,cam12/e1/v1,rtmpose_baseline
corpus_03,03.CCTV Mobile Usage.mkv,632de9ed55947761d56d4c6142a3cb1a1fe69d0b1a6d0e01a2e404c697962623,dfine_sahi,161067.0,phone,0.43,42.04,443.57,71.72,470.87,810.3,29.68,27.3,1.087,False,,True,S-61,41,evt_S-61_desk_work_surface_0009,ddae060e7fec4511,pose_hand_context,,57484.9,2.67,,1,cam12/e1/v1,rtmpose_baseline
corpus_03,03.CCTV Mobile Usage.mkv,632de9ed55947761d56d4c6142a3cb1a1fe69d0b1a6d0e01a2e404c697962623,dfine_sahi,161067.0,unknown_object,0.4087,147.03,446.11,199.1,580.3,6987.3,52.07,134.19,0.388,False,,True,S-61,41,evt_S-61_desk_work_surface_0009,ddae060e7fec4511,pose_hand_context,,57484.9,2.67,,1,cam12/e1/v1,rtmpose_baseline
corpus_03,03.CCTV Mobile Usage.mkv,632de9ed55947761d56d4c6142a3cb1a1fe69d0b1a6d0e01a2e404c697962623,dfine_sahi,161067.0,bag,0.3994,78.34,382.57,152.58,459.08,5679.8,74.24,76.51,0.97,False,,True,S-61,41,evt_S-61_desk_work_surface_0009,ddae060e7fec4511,pose_hand_context,,57484.9,2.67,,1,cam12/e1/v1,rtmpose_baseline
corpus_03,03.CCTV Mobile Usage.mkv,632de9ed55947761d56d4c6142a3cb1a1fe69d0b1a6d0e01a2e404c697962623,dfine_sahi,161067.0,stationery,0.3834,42.0,443.18,71.71,470.93,824.7,29.71,27.76,1.07,False,,True,S-61,41,evt_S-61_desk_work_surface_0009,ddae060e7fec4511,pose_hand_context,,57484.9,2.67,,1,cam12/e1/v1,rtmpose_baseline
corpus_03,03.CCTV Mobile Usage.mkv,632de9ed55947761d56d4c6142a3cb1a1fe69d0b1a6d0e01a2e404c697962623,dfine_sahi,161067.0,stationery,0.3799,47.44,509.85,84.07,554.0,1617.3,36.63,44.15,0.83,False,,True,S-61,41,evt_S-61_desk_work_surface_0009,ddae060e7fec4511,pose_hand_context,,57484.9,2.67,,1,cam12/e1/v1,rtmpose_baseline
corpus_03,03.CCTV Mobile Usage.mkv,632de9ed55947761d56d4c6142a3cb1a1fe69d0b1a6d0e01a2e404c697962623,dfine_sahi,161067.0,unknown_object,0.3694,41.98,446.15,72.38,472.54,802.3,30.4,26.39,1.152,False,,True,S-61,41,evt_S-61_desk_work_surface_0009,ddae060e7fec4511,pose_hand_context,,57484.9,2.67,,1,cam12/e1/v1,rtmpose_baseline
corpus_03,03.CCTV Mobile Usage.mkv,632de9ed55947761d56d4c6142a3cb1a1fe69d0b1a6d0e01a2e404c697962623,dfine_sahi,161067.0,stationery,0.3364,144.74,503.5,185.58,522.34,769.6,40.84,18.84,2.167,False,,True,S-61,41,evt_S-61_desk_work_surface_0009,ddae060e7fec4511,pose_hand_context,,57484.9,2.67,,1,cam12/e1/v1,rtmpose_baseline
corpus_03,03.CCTV Mobile Usage.mkv,632de9ed55947761d56d4c6142a3cb1a1fe69d0b1a6d0e01a2e404c697962623,dfine_sahi,161067.0,stationery,0.3356,42.14,491.14,198.06,579.99,13853.9,155.93,88.85,1.755,False,,True,S-61,41,evt_S-61_desk_work_surface_0009,ddae060e7fec4511,pose_hand_context,,57484.9,2.67,,1,cam12/e1/v1,rtmpose_baseline
corpus_03,03.CCTV Mobile Usage.mkv,632de9ed55947761d56d4c6142a3cb1a1fe69d0b1a6d0e01a2e404c697962623,dfine_sahi,161067.0,unknown_object,0.3337,147.0,542.36,281.87,580.67,5167.8,134.87,38.32,3.52,False,,True,S-61,41,evt_S-61_desk_work_surface_0009,ddae060e7fec4511,pose_hand_context,,57484.9,2.67,,1,cam12/e1/v1,rtmpose_baseline
corpus_03,03.CCTV Mobile Usage.mkv,632de9ed55947761d56d4c6142a3cb1a1fe69d0b1a6d0e01a2e404c697962623,dfine_sahi,161067.0,unknown_object,0.3321,134.03,381.22,176.98,475.03,4029.1,42.95,93.81,0.458,False,,True,S-61,41,evt_S-61_desk_work_surface_0009,ddae060e7fec4511,pose_hand_context,,57484.9,2.67,,1,cam12/e1/v1,rtmpose_baseline
corpus_03,03.CCTV Mobile Usage.mkv,632de9ed55947761d56d4c6142a3cb1a1fe69d0b1a6d0e01a2e404c697962623,dfine_sahi,161067.0,unknown_object,0.3201,147.04,446.22,281.9,580.27,18077.7,134.86,134.05,1.006,False,,True,S-61,41,evt_S-61_desk_work_surface_0009,ddae060e7fec4511,pose_hand_context,,57484.9,2.67,,1,cam12/e1/v1,rtmpose_baseline
corpus_03,03.CCTV Mobile Usage.mkv,632de9ed55947761d56d4c6142a3cb1a1fe69d0b1a6d0e01a2e404c697962623,dfine_sahi,161067.0,unknown_object,0.2913,42.0,412.66,149.82,475.12,6734.8,107.81,62.47,1.726,False,,True,S-61,41,evt_S-61_desk_work_surface_0009,ddae060e7fec4511,pose_hand_context,,57484.9,2.67,,1,cam12/e1/v1,rtmpose_baseline
corpus_03,03.CCTV Mobile Usage.mkv,632de9ed55947761d56d4c6142a3cb1a1fe69d0b1a6d0e01a2e404c697962623,dfine_sahi,161067.0,phone,0.2706,180.38,365.86,192.24,378.1,145.1,11.86,12.24,0.969,False,,True,S-61,41,evt_S-61_desk_work_surface_0009,ddae060e7fec4511,pose_hand_context,,57484.9,2.67,,1,cam12/e1/v1,rtmpose_baseline
corpus_03,03.CCTV Mobile Usage.mkv,632de9ed55947761d56d4c6142a3cb1a1fe69d0b1a6d0e01a2e404c697962623,dfine_sahi,161067.0,bag,0.2574,42.69,341.23,156.08,459.11,13365.9,113.39,117.88,0.962,False,,True,S-61,41,evt_S-61_desk_work_surface_0009,ddae060e7fec4511,pose_hand_context,,57484.9,2.67,,1,cam12/e1/v1,rtmpose_baseline
corpus_03,03.CCTV Mobile Usage.mkv,632de9ed55947761d56d4c6142a3cb1a1fe69d0b1a6d0e01a2e404c697962623,dfine_sahi,162067.0,unknown_object,0.7687,61.93,421.22,166.04,525.49,10857.0,104.12,104.28,0.998,False,,True,S-61,41,evt_S-61_desk_work_surface_0009,6b22d0f8c4e103be,pose_hand_context,,34566.2,3.44,,1,cam12/e1/v1,rtmpose_baseline
corpus_03,03.CCTV Mobile Usage.mkv,632de9ed55947761d56d4c6142a3cb1a1fe69d0b1a6d0e01a2e404c697962623,dfine_sahi,162067.0,unknown_object,0.6025,174.58,409.38,208.46,444.7,1196.4,33.88,35.31,0.959,False,,True,S-61,41,evt_S-61_desk_work_surface_0009,6b22d0f8c4e103be,pose_hand_context,,34566.2,3.44,,1,cam12/e1/v1,rtmpose_baseline
corpus_03,03.CCTV Mobile Usage.mkv,632de9ed55947761d56d4c6142a3cb1a1fe69d0b1a6d0e01a2e404c697962623,dfine_sahi,162067.0,unknown_object,0.5335,142.99,446.52,176.25,488.92,1410.0,33.26,42.4,0.784,False,,True,S-61,41,evt_S-61_desk_work_surface_0009,6b22d0f8c4e103be,pose_hand_context,,34566.2,3.44,,1,cam12/e1/v1,rtmpose_baseline
corpus_03,03.CCTV Mobile Usage.mkv,632de9ed55947761d56d4c6142a3cb1a1fe69d0b1a6d0e01a2e404c697962623,dfine_sahi,162067.0,unknown_object,0.4681,81.28,421.1,166.05,462.89,3542.2,84.78,41.78,2.029,False,,True,S-61,41,evt_S-61_desk_work_surface_0009,6b22d0f8c4e103be,pose_hand_context,,34566.2,3.44,,1,cam12/e1/v1,rtmpose_baseline
corpus_03,03.CCTV Mobile Usage.mkv,632de9ed55947761d56d4c6142a3cb1a1fe69d0b1a6d0e01a2e404c697962623,dfine_sahi,162067.0,unknown_object,0.4157,62.05,341.38,192.45,524.7,23906.3,130.4,183.33,0.711,False,,True,S-61,41,evt_S-61_desk_work_surface_0009,6b22d0f8c4e103be,pose_hand_context,,34566.2,3.44,,1,cam12/e1/v1,rtmpose_baseline
corpus_03,03.CCTV Mobile Usage.mkv,632de9ed55947761d56d4c6142a3cb1a1fe69d0b1a6d0e01a2e404c697962623,dfine_sahi,162067.0,unknown_object,0.3497,173.88,421.24,247.96,525.33,7710.4,74.08,104.09,0.712,False,,True,S-61,41,evt_S-61_desk_work_surface_0009,6b22d0f8c4e103be,pose_hand_context,,34566.2,3.44,,1,cam12/e1/v1,rtmpose_baseline
corpus_03,03.CCTV Mobile Usage.mkv,632de9ed55947761d56d4c6142a3cb1a1fe69d0b1a6d0e01a2e404c697962623,dfine_sahi,162067.0,unknown_object,0.2824,175.28,421.17,208.76,483.43,2084.4,33.48,62.26,0.538,False,,True,S-61,41,evt_S-61_desk_work_surface_0009,6b22d0f8c4e103be,pose_hand_context,,34566.2,3.44,,1,cam12/e1/v1,rtmpose_baseline
corpus_03,03.CCTV Mobile Usage.mkv,632de9ed55947761d56d4c6142a3cb1a1fe69d0b1a6d0e01a2e404c697962623,dfine_sahi,162067.0,unknown_object,0.2605,143.08,397.32,163.17,427.54,607.1,20.09,30.21,0.665,False,,True,S-61,41,evt_S-61_desk_work_surface_0009,6b22d0f8c4e103be,pose_hand_context,,34566.2,3.44,,1,cam12/e1/v1,rtmpose_baseline
corpus_03,03.CCTV Mobile Usage.mkv,632de9ed55947761d56d4c6142a3cb1a1fe69d0b1a6d0e01a2e404c697962623,dfine_sahi,162067.0,unknown_object,0.2573,239.47,399.14,248.0,425.53,225.0,8.52,26.39,0.323,False,,True,S-61,41,evt_S-61_desk_work_surface_0009,6b22d0f8c4e103be,pose_hand_context,,34566.2,3.44,,1,cam12/e1/v1,rtmpose_baseline
corpus_03,03.CCTV Mobile Usage.mkv,632de9ed55947761d56d4c6142a3cb1a1fe69d0b1a6d0e01a2e404c697962623,dfine_sahi,163067.0,stationery,0.6441,108.5,469.82,161.29,498.02,1489.0,52.8,28.2,1.872,False,,True,S-61,41,evt_S-61_desk_work_surface_0009,02e5b799b1f5ee2b,pose_hand_context,,27615.8,3.85,,1,cam12/e1/v1,rtmpose_baseline
corpus_03,03.CCTV Mobile Usage.mkv,632de9ed55947761d56d4c6142a3cb1a1fe69d0b1a6d0e01a2e404c697962623,dfine_sahi,163067.0,unknown_object,0.5303,68.14,423.34,233.22,588.39,27246.2,165.08,165.05,1.0,False,,True,S-61,41,evt_S-61_desk_work_surface_0009,02e5b799b1f5ee2b,pose_hand_context,,27615.8,3.85,,1,cam12/e1/v1,rtmpose_baseline
corpus_03,03.CCTV Mobile Usage.mkv,632de9ed55947761d56d4c6142a3cb1a1fe69d0b1a6d0e01a2e404c697962623,dfine_sahi,163067.0,unknown_object,0.5042,66.0,494.28,161.91,552.34,5568.8,95.91,58.06,1.652,False,,True,S-61,41,evt_S-61_desk_work_surface_0009,02e5b799b1f5ee2b,pose_hand_context,,27615.8,3.85,,1,cam12/e1/v1,rtmpose_baseline
corpus_03,03.CCTV Mobile Usage.mkv,632de9ed55947761d56d4c6142a3cb1a1fe69d0b1a6d0e01a2e404c697962623,dfine_sahi,163067.0,unknown_object,0.4416,67.08,470.75,161.86,517.27,4409.6,94.78,46.52,2.037,False,,True,S-61,41,evt_S-61_desk_work_surface_0009,02e5b799b1f5ee2b,pose_hand_context,,27615.8,3.85,,1,cam12/e1/v1,rtmpose_baseline
corpus_03,03.CCTV Mobile Usage.mkv,632de9ed55947761d56d4c6142a3cb1a1fe69d0b1a6d0e01a2e404c697962623,dfine_sahi,163067.0,bag,0.3839,163.56,422.18,234.68,516.76,6726.0,71.11,94.58,0.752,False,,True,S-61,41,evt_S-61_desk_work_surface_0009,02e5b799b1f5ee2b,pose_hand_context,,27615.8,3.85,,1,cam12/e1/v1,rtmpose_baseline
corpus_03,03.CCTV Mobile Usage.mkv,632de9ed55947761d56d4c6142a3cb1a1fe69d0b1a6d0e01a2e404c697962623,dfine_sahi,163067.0,unknown_object,0.3454,84.81,422.07,161.99,452.72,2364.8,77.17,30.64,2.518,False,,True,S-61,41,evt_S-61_desk_work_surface_0009,02e5b799b1f5ee2b,pose_hand_context,,27615.8,3.85,,1,cam12/e1/v1,rtmpose_baseline
corpus_03,03.CCTV Mobile Usage.mkv,632de9ed55947761d56d4c6142a3cb1a1fe69d0b1a6d0e01a2e404c697962623,dfine_sahi,163067.0,unknown_object,0.3355,108.46,494.06,161.97,533.25,2096.8,53.51,39.18,1.366,False,,True,S-61,41,evt_S-61_desk_work_surface_0009,02e5b799b1f5ee2b,pose_hand_context,,27615.8,3.85,,1,cam12/e1/v1,rtmpose_baseline
corpus_03,03.CCTV Mobile Usage.mkv,632de9ed55947761d56d4c6142a3cb1a1fe69d0b1a6d0e01a2e404c697962623,dfine_sahi,163067.0,unknown_object,0.3214,65.99,523.58,81.09,552.28,433.3,15.1,28.69,0.526,False,,True,S-61,41,evt_S-61_desk_work_surface_0009,02e5b799b1f5ee2b,pose_hand_context,,27615.8,3.85,,1,cam12/e1/v1,rtmpose_baseline
corpus_03,03.CCTV Mobile Usage.mkv,632de9ed55947761d56d4c6142a3cb1a1fe69d0b1a6d0e01a2e404c697962623,dfine_sahi,163067.0,unknown_object,0.2914,66.01,494.95,102.04,552.15,2060.9,36.03,57.2,0.63,False,,True,S-61,41,evt_S-61_desk_work_surface_0009,02e5b799b1f5ee2b,pose_hand_context,,27615.8,3.85,,1,cam12/e1/v1,rtmpose_baseline
corpus_03,03.CCTV Mobile Usage.mkv,632de9ed55947761d56d4c6142a3cb1a1fe69d0b1a6d0e01a2e404c697962623,dfine_sahi,163067.0,stationery,0.2749,108.54,469.96,155.45,483.21,621.6,46.91,13.25,3.539,False,,True,S-61,41,evt_S-61_desk_work_surface_0009,02e5b799b1f5ee2b,pose_hand_context,,27615.8,3.85,,1,cam12/e1/v1,rtmpose_baseline
corpus_03,03.CCTV Mobile Usage.mkv,632de9ed55947761d56d4c6142a3cb1a1fe69d0b1a6d0e01a2e404c697962623,dfine_sahi,163067.0,unknown_object,0.2712,66.05,494.38,152.35,517.83,2023.8,86.3,23.45,3.68,False,,True,S-61,41,evt_S-61_desk_work_surface_0009,02e5b799b1f5ee2b,pose_hand_context,,27615.8,3.85,,1,cam12/e1/v1,rtmpose_baseline
corpus_03,03.CCTV Mobile Usage.mkv,632de9ed55947761d56d4c6142a3cb1a1fe69d0b1a6d0e01a2e404c697962623,dfine_sahi,163067.0,unknown_object,0.2566,66.06,432.64,161.95,485.96,5112.7,95.89,53.32,1.798,False,,True,S-61,41,evt_S-61_desk_work_surface_0009,02e5b799b1f5ee2b,pose_hand_context,,27615.8,3.85,,1,cam12/e1/v1,rtmpose_baseline
corpus_03,03.CCTV Mobile Usage.mkv,632de9ed55947761d56d4c6142a3cb1a1fe69d0b1a6d0e01a2e404c697962623,dfine_sahi,163067.0,unknown_object,0.2516,139.0,422.19,234.93,517.58,9150.6,95.93,95.39,1.006,False,,True,S-61,41,evt_S-61_desk_work_surface_0009,02e5b799b1f5ee2b,pose_hand_context,,27615.8,3.85,,1,cam12/e1/v1,rtmpose_baseline
corpus_03,03.CCTV Mobile Usage.mkv,632de9ed55947761d56d4c6142a3cb1a1fe69d0b1a6d0e01a2e404c697962623,dfine_sahi,164067.0,unknown_object,0.5827,46.07,486.93,141.76,557.49,6752.3,95.69,70.57,1.356,False,,True,S-61,41,evt_S-61_desk_work_surface_0009,b97de9aa69e74436,pose_hand_context,,24304.8,4.11,,1,cam12/e1/v1,rtmpose_baseline
corpus_03,03.CCTV Mobile Usage.mkv,632de9ed55947761d56d4c6142a3cb1a1fe69d0b1a6d0e01a2e404c697962623,dfine_sahi,164067.0,unknown_object,0.5125,47.0,462.08,141.91,515.81,5099.2,94.91,53.73,1.767,False,,True,S-61,41,evt_S-61_desk_work_surface_0009,b97de9aa69e74436,pose_hand_context,,24304.8,4.11,,1,cam12/e1/v1,rtmpose_baseline
corpus_03,03.CCTV Mobile Usage.mkv,632de9ed55947761d56d4c6142a3cb1a1fe69d0b1a6d0e01a2e404c697962623,dfine_sahi,164067.0,unknown_object,0.3934,142.97,447.5,175.06,484.08,1174.1,32.1,36.58,0.877,False,,True,S-61,41,evt_S-61_desk_work_surface_0009,b97de9aa69e74436,pose_hand_context,,24304.8,4.11,,1,cam12/e1/v1,rtmpose_baseline
corpus_03,03.CCTV Mobile Usage.mkv,632de9ed55947761d56d4c6142a3cb1a1fe69d0b1a6d0e01a2e404c697962623,dfine_sahi,164067.0,unknown_object,0.373,46.84,417.47,141.92,489.7,6867.4,95.08,72.23,1.316,False,,True,S-61,41,evt_S-61_desk_work_surface_0009,b97de9aa69e74436,pose_hand_context,,24304.8,4.11,,1,cam12/e1/v1,rtmpose_baseline
corpus_03,03.CCTV Mobile Usage.mkv,632de9ed55947761d56d4c6142a3cb1a1fe69d0b1a6d0e01a2e404c697962623,dfine_sahi,164067.0,stationery,0.3375,48.26,522.54,80.73,557.18,1124.9,32.47,34.64,0.937,False,,True,S-61,41,evt_S-61_desk_work_surface_0009,b97de9aa69e74436,pose_hand_context,,24304.8,4.11,,1,cam12/e1/v1,rtmpose_baseline
corpus_03,03.CCTV Mobile Usage.mkv,632de9ed55947761d56d4c6142a3cb1a1fe69d0b1a6d0e01a2e404c697962623,dfine_sahi,164067.0,unknown_object,0.2957,114.06,394.34,209.82,489.61,9124.4,95.77,95.28,1.005,False,,True,S-61,41,evt_S-61_desk_work_surface_0009,b97de9aa69e74436,pose_hand_context,,24304.8,4.11,,1,cam12/e1/v1,rtmpose_baseline
corpus_03,03.CCTV Mobile Usage.mkv,632de9ed55947761d56d4c6142a3cb1a1fe69d0b1a6d0e01a2e404c697962623,dfine_sahi,164067.0,unknown_object,0.265,113.98,462.11,209.99,557.52,9159.7,96.01,95.4,1.006,False,,True,S-61,41,evt_S-61_desk_work_surface_0009,b97de9aa69e74436,pose_hand_context,,24304.8,4.11,,1,cam12/e1/v1,rtmpose_baseline
corpus_03,03.CCTV Mobile Usage.mkv,632de9ed55947761d56d4c6142a3cb1a1fe69d0b1a6d0e01a2e404c697962623,dfine_sahi,164067.0,unknown_object,0.2592,114.05,405.23,178.28,450.31,2895.2,64.23,45.08,1.425,False,,True,S-61,41,evt_S-61_desk_work_surface_0009,b97de9aa69e74436,pose_hand_context,,24304.8,4.11,,1,cam12/e1/v1,rtmpose_baseline
corpus_03,03.CCTV Mobile Usage.mkv,632de9ed55947761d56d4c6142a3cb1a1fe69d0b1a6d0e01a2e404c697962623,dfine_sahi,164067.0,unknown_object,0.2537,171.88,395.44,209.81,489.39,3563.5,37.93,93.95,0.404,False,,True,S-61,41,evt_S-61_desk_work_surface_0009,b97de9aa69e74436,pose_hand_context,,24304.8,4.11,,1,cam12/e1/v1,rtmpose_baseline
corpus_03,03.CCTV Mobile Usage.mkv,632de9ed55947761d56d4c6142a3cb1a1fe69d0b1a6d0e01a2e404c697962623,dfine_sahi,165067.0,unknown_object,0.5414,51.02,386.28,146.93,481.42,9125.0,95.91,95.14,1.008,False,,True,S-61,41,evt_S-61_desk_work_surface_0009,395543345cad2d74,pose_hand_context,,22807.0,4.24,,1,cam12/e1/v1,rtmpose_baseline
corpus_03,03.CCTV Mobile Usage.mkv,632de9ed55947761d56d4c6142a3cb1a1fe69d0b1a6d0e01a2e404c697962623,dfine_sahi,165067.0,unknown_object,0.4796,117.03,410.57,189.82,481.42,5157.0,72.79,70.85,1.027,False,,True,S-61,41,evt_S-61_desk_work_surface_0009,395543345cad2d74,pose_hand_context,,22807.0,4.24,,1,cam12/e1/v1,rtmpose_baseline
corpus_03,03.CCTV Mobile Usage.mkv,632de9ed55947761d56d4c6142a3cb1a1fe69d0b1a6d0e01a2e404c697962623,dfine_sahi,165067.0,unknown_object,0.467,143.36,444.65,185.82,480.63,1527.7,42.47,35.97,1.18,False,,True,S-61,41,evt_S-61_desk_work_surface_0009,395543345cad2d74,pose_hand_context,,22807.0,4.24,,1,cam12/e1/v1,rtmpose_baseline
corpus_03,03.CCTV Mobile Usage.mkv,632de9ed55947761d56d4c6142a3cb1a1fe69d0b1a6d0e01a2e404c697962623,dfine_sahi,165067.0,bag,0.4066,73.99,392.07,176.71,446.99,5642.0,102.73,54.92,1.87,False,,True,S-61,41,evt_S-61_desk_work_surface_0009,395543345cad2d74,pose_hand_context,,22807.0,4.24,,1,cam12/e1/v1,rtmpose_baseline
corpus_03,03.CCTV Mobile Usage.mkv,632de9ed55947761d56d4c6142a3cb1a1fe69d0b1a6d0e01a2e404c697962623,dfine_sahi,165067.0,unknown_object,0.3531,93.9,424.98,146.97,481.34,2991.3,53.07,56.36,0.942,False,,True,S-61,41,evt_S-61_desk_work_surface_0009,395543345cad2d74,pose_hand_context,,22807.0,4.24,,1,cam12/e1/v1,rtmpose_baseline
corpus_03,03.CCTV Mobile Usage.mkv,632de9ed55947761d56d4c6142a3cb1a1fe69d0b1a6d0e01a2e404c697962623,dfine_sahi,165067.0,unknown_object,0.3529,51.09,509.51,84.59,547.82,1283.2,33.5,38.3,0.875,False,,True,S-61,41,evt_S-61_desk_work_surface_0009,395543345cad2d74,pose_hand_context,,22807.0,4.24,,1,cam12/e1/v1,rtmpose_baseline
corpus_03,03.CCTV Mobile Usage.mkv,632de9ed55947761d56d4c6142a3cb1a1fe69d0b1a6d0e01a2e404c697962623,dfine_sahi,165067.0,unknown_object,0.3493,57.01,392.37,207.62,542.22,22569.5,150.61,149.85,1.005,False,,True,S-61,41,evt_S-61_desk_work_surface_0009,395543345cad2d74,pose_hand_context,,22807.0,4.24,,1,cam12/e1/v1,rtmpose_baseline
corpus_03,03.CCTV Mobile Usage.mkv,632de9ed55947761d56d4c6142a3cb1a1fe69d0b1a6d0e01a2e404c697962623,dfine_sahi,165067.0,unknown_object,0.3367,51.08,452.18,146.91,547.42,9127.0,95.84,95.24,1.006,False,,True,S-61,41,evt_S-61_desk_work_surface_0009,395543345cad2d74,pose_hand_context,,22807.0,4.24,,1,cam12/e1/v1,rtmpose_baseline
corpus_03,03.CCTV Mobile Usage.mkv,632de9ed55947761d56d4c6142a3cb1a1fe69d0b1a6d0e01a2e404c697962623,dfine_sahi,165067.0,stationery,0.3247,56.99,444.05,72.03,469.35,380.5,15.04,25.29,0.595,False,,True,S-61,41,evt_S-61_desk_work_surface_0009,395543345cad2d74,pose_hand_context,,22807.0,4.24,,1,cam12/e1/v1,rtmpose_baseline
corpus_03,03.CCTV Mobile Usage.mkv,632de9ed55947761d56d4c6142a3cb1a1fe69d0b1a6d0e01a2e404c697962623,dfine_sahi,165067.0,unknown_object,0.3234,117.03,386.19,176.32,437.44,3038.0,59.29,51.24,1.157,False,,True,S-61,41,evt_S-61_desk_work_surface_0009,395543345cad2d74,pose_hand_context,,22807.0,4.24,,1,cam12/e1/v1,rtmpose_baseline
corpus_03,03.CCTV Mobile Usage.mkv,632de9ed55947761d56d4c6142a3cb1a1fe69d0b1a6d0e01a2e404c697962623,dfine_sahi,165067.0,bag,0.2836,173.82,452.09,212.98,492.07,1565.7,39.16,39.98,0.98,False,,True,S-61,41,evt_S-61_desk_work_surface_0009,395543345cad2d74,pose_hand_context,,22807.0,4.24,,1,cam12/e1/v1,rtmpose_baseline
corpus_03,03.CCTV Mobile Usage.mkv,632de9ed55947761d56d4c6142a3cb1a1fe69d0b1a6d0e01a2e404c697962623,dfine_sahi,165067.0,unknown_object,0.2731,144.37,397.98,161.37,409.47,195.4,17.01,11.49,1.481,False,,True,S-61,41,evt_S-61_desk_work_surface_0009,395543345cad2d74,pose_hand_context,,22807.0,4.24,,1,cam12/e1/v1,rtmpose_baseline
corpus_03,03.CCTV Mobile Usage.mkv,632de9ed55947761d56d4c6142a3cb1a1fe69d0b1a6d0e01a2e404c697962623,dfine_sahi,165067.0,unknown_object,0.2527,117.08,452.25,212.92,547.37,9115.9,95.84,95.12,1.008,False,,True,S-61,41,evt_S-61_desk_work_surface_0009,395543345cad2d74,pose_hand_context,,22807.0,4.24,,1,cam12/e1/v1,rtmpose_baseline
corpus_03,03.CCTV Mobile Usage.mkv,632de9ed55947761d56d4c6142a3cb1a1fe69d0b1a6d0e01a2e404c697962623,dfine_sahi,166067.0,unknown_object,0.4652,126.4,466.49,160.91,528.52,2140.3,34.51,62.03,0.556,False,,True,S-61,41,evt_S-61_desk_work_surface_0009,0c7517c98226e31d,pose_hand_context,,25497.7,4.01,,1,cam12/e1/v1,rtmpose_baseline
corpus_03,03.CCTV Mobile Usage.mkv,632de9ed55947761d56d4c6142a3cb1a1fe69d0b1a6d0e01a2e404c697962623,dfine_sahi,166067.0,unknown_object,0.4431,87.02,374.35,230.93,527.65,22061.8,143.91,153.3,0.939,False,,True,S-61,41,evt_S-61_desk_work_surface_0009,0c7517c98226e31d,pose_hand_context,,25497.7,4.01,,1,cam12/e1/v1,rtmpose_baseline
corpus_03,03.CCTV Mobile Usage.mkv,632de9ed55947761d56d4c6142a3cb1a1fe69d0b1a6d0e01a2e404c697962623,dfine_sahi,166067.0,unknown_object,0.3713,155.61,371.11,233.94,457.39,6757.9,78.33,86.28,0.908,False,,True,S-61,41,evt_S-61_desk_work_surface_0009,0c7517c98226e31d,pose_hand_context,,25497.7,4.01,,1,cam12/e1/v1,rtmpose_baseline
corpus_03,03.CCTV Mobile Usage.mkv,632de9ed55947761d56d4c6142a3cb1a1fe69d0b1a6d0e01a2e404c697962623,dfine_sahi,166067.0,unknown_object,0.3327,138.04,500.4,153.48,529.22,445.1,15.44,28.82,0.536,False,,True,S-61,41,evt_S-61_desk_work_surface_0009,0c7517c98226e31d,pose_hand_context,,25497.7,4.01,,1,cam12/e1/v1,rtmpose_baseline
corpus_03,03.CCTV Mobile Usage.mkv,632de9ed55947761d56d4c6142a3cb1a1fe69d0b1a6d0e01a2e404c697962623,dfine_sahi,166067.0,unknown_object,0.3275,158.28,494.92,187.09,535.84,1179.1,28.81,40.92,0.704,False,,True,S-61,41,evt_S-61_desk_work_surface_0009,0c7517c98226e31d,pose_hand_context,,25497.7,4.01,,1,cam12/e1/v1,rtmpose_baseline
corpus_03,03.CCTV Mobile Usage.mkv,632de9ed55947761d56d4c6142a3cb1a1fe69d0b1a6d0e01a2e404c697962623,dfine_sahi,166067.0,unknown_object,0.322,69.04,440.11,164.92,535.63,9159.0,95.89,95.52,1.004,False,,True,S-61,41,evt_S-61_desk_work_surface_0009,0c7517c98226e31d,pose_hand_context,,25497.7,4.01,,1,cam12/e1/v1,rtmpose_baseline
corpus_03,03.CCTV Mobile Usage.mkv,632de9ed55947761d56d4c6142a3cb1a1fe69d0b1a6d0e01a2e404c697962623,dfine_sahi,166067.0,unknown_object,0.3213,69.36,467.44,96.78,495.27,763.1,27.42,27.83,0.985,False,,True,S-61,41,evt_S-61_desk_work_surface_0009,0c7517c98226e31d,pose_hand_context,,25497.7,4.01,,1,cam12/e1/v1,rtmpose_baseline
corpus_03,03.CCTV Mobile Usage.mkv,632de9ed55947761d56d4c6142a3cb1a1fe69d0b1a6d0e01a2e404c697962623,dfine_sahi,166067.0,unknown_object,0.3137,93.4,426.08,165.05,466.68,2909.0,71.66,40.6,1.765,False,,True,S-61,41,evt_S-61_desk_work_surface_0009,0c7517c98226e31d,pose_hand_context,,25497.7,4.01,,1,cam12/e1/v1,rtmpose_baseline
corpus_03,03.CCTV Mobile Usage.mkv,632de9ed55947761d56d4c6142a3cb1a1fe69d0b1a6d0e01a2e404c697962623,dfine_sahi,166067.0,unknown_object,0.2879,78.49,496.44,112.81,535.74,1348.9,34.32,39.3,0.873,False,,True,S-61,41,evt_S-61_desk_work_surface_0009,0c7517c98226e31d,pose_hand_context,,25497.7,4.01,,1,cam12/e1/v1,rtmpose_baseline
corpus_03,03.CCTV Mobile Usage.mkv,632de9ed55947761d56d4c6142a3cb1a1fe69d0b1a6d0e01a2e404c697962623,dfine_sahi,166067.0,unknown_object,0.2819,138.04,474.13,152.55,501.08,391.2,14.51,26.95,0.539,False,,True,S-61,41,evt_S-61_desk_work_surface_0009,0c7517c98226e31d,pose_hand_context,,25497.7,4.01,,1,cam12/e1/v1,rtmpose_baseline
corpus_03,03.CCTV Mobile Usage.mkv,632de9ed55947761d56d4c6142a3cb1a1fe69d0b1a6d0e01a2e404c697962623,dfine_sahi,166067.0,unknown_object,0.2712,77.63,496.29,164.49,535.77,3428.6,86.86,39.47,2.2,False,,True,S-61,41,evt_S-61_desk_work_surface_0009,0c7517c98226e31d,pose_hand_context,,25497.7,4.01,,1,cam12/e1/v1,rtmpose_baseline
corpus_03,03.CCTV Mobile Usage.mkv,632de9ed55947761d56d4c6142a3cb1a1fe69d0b1a6d0e01a2e404c697962623,dfine_sahi,167067.0,unknown_object,0.532,208.01,454.15,307.94,553.34,9913.4,99.94,99.2,1.007,False,,True,S-61,41,evt_S-61_desk_work_surface_0009,d38e7e1208f0e995,pose_hand_context,,31598.6,3.6,,1,cam12/e1/v1,rtmpose_baseline
corpus_03,03.CCTV Mobile Usage.mkv,632de9ed55947761d56d4c6142a3cb1a1fe69d0b1a6d0e01a2e404c697962623,dfine_sahi,167067.0,unknown_object,0.5258,130.08,532.12,229.89,631.47,9916.5,99.81,99.35,1.005,False,,True,S-61,41,evt_S-61_desk_work_surface_0009,d38e7e1208f0e995,pose_hand_context,,31598.6,3.6,,1,cam12/e1/v1,rtmpose_baseline
corpus_03,03.CCTV Mobile Usage.mkv,632de9ed55947761d56d4c6142a3cb1a1fe69d0b1a6d0e01a2e404c697962623,dfine_sahi,167067.0,unknown_object,0.5043,130.05,454.35,307.87,631.0,31410.7,177.82,176.65,1.007,False,,True,S-61,41,evt_S-61_desk_work_surface_0009,d38e7e1208f0e995,pose_hand_context,,31598.6,3.6,,1,cam12/e1/v1,rtmpose_baseline
corpus_03,03.CCTV Mobile Usage.mkv,632de9ed55947761d56d4c6142a3cb1a1fe69d0b1a6d0e01a2e404c697962623,dfine_sahi,167067.0,unknown_object,0.4806,130.02,464.17,158.46,527.62,1804.2,28.44,63.44,0.448,False,,True,S-61,41,evt_S-61_desk_work_surface_0009,d38e7e1208f0e995,pose_hand_context,,31598.6,3.6,,1,cam12/e1/v1,rtmpose_baseline
corpus_03,03.CCTV Mobile Usage.mkv,632de9ed55947761d56d4c6142a3cb1a1fe69d0b1a6d0e01a2e404c697962623,dfine_sahi,167067.0,unknown_object,0.4568,208.03,514.68,307.95,553.58,3886.8,99.92,38.9,2.569,False,,True,S-61,41,evt_S-61_desk_work_surface_0009,d38e7e1208f0e995,pose_hand_context,,31598.6,3.6,,1,cam12/e1/v1,rtmpose_baseline
corpus_03,03.CCTV Mobile Usage.mkv,632de9ed55947761d56d4c6142a3cb1a1fe69d0b1a6d0e01a2e404c697962623,dfine_sahi,167067.0,unknown_object,0.4405,207.99,532.25,307.96,631.41,9912.6,99.96,99.16,1.008,False,,True,S-61,41,evt_S-61_desk_work_surface_0009,d38e7e1208f0e995,pose_hand_context,,31598.6,3.6,,1,cam12/e1/v1,rtmpose_baseline
corpus_03,03.CCTV Mobile Usage.mkv,632de9ed55947761d56d4c6142a3cb1a1fe69d0b1a6d0e01a2e404c697962623,dfine_sahi,167067.0,bag,0.2701,208.11,532.08,307.93,568.5,3635.5,99.82,36.42,2.741,False,,True,S-61,41,evt_S-61_desk_work_surface_0009,d38e7e1208f0e995,pose_hand_context,,31598.6,3.6,,1,cam12/e1/v1,rtmpose_baseline
corpus_03,03.CCTV Mobile Usage.mkv,632de9ed55947761d56d4c6142a3cb1a1fe69d0b1a6d0e01a2e404c697962623,dfine_sahi,167067.0,keyboard,0.2554,238.49,574.45,307.92,631.11,3933.8,69.43,56.66,1.225,False,,True,S-61,41,evt_S-61_desk_work_surface_0009,d38e7e1208f0e995,pose_hand_context,,31598.6,3.6,,1,cam12/e1/v1,rtmpose_baseline
corpus_03,03.CCTV Mobile Usage.mkv,632de9ed55947761d56d4c6142a3cb1a1fe69d0b1a6d0e01a2e404c697962623,dfine_sahi,167067.0,unknown_object,0.2505,130.04,464.3,145.96,498.44,543.5,15.92,34.14,0.466,False,,True,S-61,41,evt_S-61_desk_work_surface_0009,d38e7e1208f0e995,pose_hand_context,,31598.6,3.6,,1,cam12/e1/v1,rtmpose_baseline
corpus_03,03.CCTV Mobile Usage.mkv,632de9ed55947761d56d4c6142a3cb1a1fe69d0b1a6d0e01a2e404c697962623,dfine_sahi,168067.0,unknown_object,0.5377,121.06,436.11,216.94,523.82,8409.5,95.88,87.71,1.093,False,,True,S-61,41,evt_S-61_desk_work_surface_0009,072257dc5fed13e5,pose_hand_context,,18884.3,4.66,,1,cam12/e1/v1,rtmpose_baseline
corpus_03,03.CCTV Mobile Usage.mkv,632de9ed55947761d56d4c6142a3cb1a1fe69d0b1a6d0e01a2e404c697962623,dfine_sahi,168067.0,unknown_object,0.5315,60.1,431.09,155.96,512.27,7781.5,95.86,81.18,1.181,False,,True,S-61,41,evt_S-61_desk_work_surface_0009,072257dc5fed13e5,pose_hand_context,,18884.3,4.66,,1,cam12/e1/v1,rtmpose_baseline
corpus_03,03.CCTV Mobile Usage.mkv,632de9ed55947761d56d4c6142a3cb1a1fe69d0b1a6d0e01a2e404c697962623,dfine_sahi,168067.0,unknown_object,0.4583,120.97,371.19,216.96,466.48,9146.5,95.99,95.28,1.007,False,,True,S-61,41,evt_S-61_desk_work_surface_0009,072257dc5fed13e5,pose_hand_context,,18884.3,4.66,,1,cam12/e1/v1,rtmpose_baseline
corpus_03,03.CCTV Mobile Usage.mkv,632de9ed55947761d56d4c6142a3cb1a1fe69d0b1a6d0e01a2e404c697962623,dfine_sahi,168067.0,unknown_object,0.3907,121.0,436.55,216.97,466.67,2890.6,95.96,30.12,3.186,False,,True,S-61,41,evt_S-61_desk_work_surface_0009,072257dc5fed13e5,pose_hand_context,,18884.3,4.66,,1,cam12/e1/v1,rtmpose_baseline
corpus_03,03.CCTV Mobile Usage.mkv,632de9ed55947761d56d4c6142a3cb1a1fe69d0b1a6d0e01a2e404c697962623,dfine_sahi,168067.0,unknown_object,0.3776,64.9,464.9,103.92,501.34,1421.9,39.02,36.44,1.071,False,,True,S-61,41,evt_S-61_desk_work_surface_0009,072257dc5fed13e5,pose_hand_context,,18884.3,4.66,,1,cam12/e1/v1,rtmpose_baseline
corpus_03,03.CCTV Mobile Usage.mkv,632de9ed55947761d56d4c6142a3cb1a1fe69d0b1a6d0e01a2e404c697962623,dfine_sahi,168067.0,unknown_object,0.3599,126.48,469.84,154.45,526.74,1591.3,27.97,56.9,0.491,False,,True,S-61,41,evt_S-61_desk_work_surface_0009,072257dc5fed13e5,pose_hand_context,,18884.3,4.66,,1,cam12/e1/v1,rtmpose_baseline
corpus_03,03.CCTV Mobile Usage.mkv,632de9ed55947761d56d4c6142a3cb1a1fe69d0b1a6d0e01a2e404c697962623,dfine_sahi,168067.0,unknown_object,0.3573,74.27,380.15,176.63,448.12,6958.0,102.36,67.98,1.506,False,,True,S-61,41,evt_S-61_desk_work_surface_0009,072257dc5fed13e5,pose_hand_context,,18884.3,4.66,,1,cam12/e1/v1,rtmpose_baseline
corpus_03,03.CCTV Mobile Usage.mkv,632de9ed55947761d56d4c6142a3cb1a1fe69d0b1a6d0e01a2e404c697962623,dfine_sahi,169067.0,unknown_object,0.5884,112.02,390.11,207.95,485.29,9131.6,95.93,95.19,1.008,False,,True,S-61,41,evt_S-61_desk_work_surface_0009,d7ea696609167034,pose_hand_context,,17297.5,4.87,,1,cam12/e1/v1,rtmpose_baseline
corpus_03,03.CCTV Mobile Usage.mkv,632de9ed55947761d56d4c6142a3cb1a1fe69d0b1a6d0e01a2e404c697962623,dfine_sahi,169067.0,unknown_object,0.5394,93.85,447.29,150.94,507.23,3421.2,57.08,59.93,0.953,False,,True,S-61,41,evt_S-61_desk_work_surface_0009,d7ea696609167034,pose_hand_context,,17297.5,4.87,,1,cam12/e1/v1,rtmpose_baseline
corpus_03,03.CCTV Mobile Usage.mkv,632de9ed55947761d56d4c6142a3cb1a1fe69d0b1a6d0e01a2e404c697962623,dfine_sahi,169067.0,unknown_object,0.4714,60.8,467.45,101.58,485.93,753.7,40.77,18.49,2.206,False,,True,S-61,41,evt_S-61_desk_work_surface_0009,d7ea696609167034,pose_hand_context,,17297.5,4.87,,1,cam12/e1/v1,rtmpose_baseline
corpus_03,03.CCTV Mobile Usage.mkv,632de9ed55947761d56d4c6142a3cb1a1fe69d0b1a6d0e01a2e404c697962623,dfine_sahi,169067.0,unknown_object,0.4429,55.13,494.18,150.89,542.65,4642.0,95.76,48.47,1.976,False,,True,S-61,41,evt_S-61_desk_work_surface_0009,d7ea696609167034,pose_hand_context,,17297.5,4.87,,1,cam12/e1/v1,rtmpose_baseline
corpus_03,03.CCTV Mobile Usage.mkv,632de9ed55947761d56d4c6142a3cb1a1fe69d0b1a6d0e01a2e404c697962623,dfine_sahi,169067.0,unknown_object,0.3758,151.17,488.81,169.88,531.41,797.1,18.71,42.6,0.439,False,,True,S-61,41,evt_S-61_desk_work_surface_0009,d7ea696609167034,pose_hand_context,,17297.5,4.87,,1,cam12/e1/v1,rtmpose_baseline
corpus_03,03.CCTV Mobile Usage.mkv,632de9ed55947761d56d4c6142a3cb1a1fe69d0b1a6d0e01a2e404c697962623,dfine_sahi,169067.0,unknown_object,0.3425,112.01,390.22,176.9,453.52,4107.9,64.9,63.3,1.025,False,,True,S-61,41,evt_S-61_desk_work_surface_0009,d7ea696609167034,pose_hand_context,,17297.5,4.87,,1,cam12/e1/v1,rtmpose_baseline
corpus_03,03.CCTV Mobile Usage.mkv,632de9ed55947761d56d4c6142a3cb1a1fe69d0b1a6d0e01a2e404c697962623,dfine_sahi,169067.0,unknown_object,0.3061,68.87,401.18,178.01,505.61,11397.6,109.14,104.43,1.045,False,,True,S-61,41,evt_S-61_desk_work_surface_0009,d7ea696609167034,pose_hand_context,,17297.5,4.87,,1,cam12/e1/v1,rtmpose_baseline
corpus_03,03.CCTV Mobile Usage.mkv,632de9ed55947761d56d4c6142a3cb1a1fe69d0b1a6d0e01a2e404c697962623,dfine_sahi,169067.0,unknown_object,0.3004,71.17,390.05,150.96,454.56,5147.4,79.79,64.51,1.237,False,,True,S-61,41,evt_S-61_desk_work_surface_0009,d7ea696609167034,pose_hand_context,,17297.5,4.87,,1,cam12/e1/v1,rtmpose_baseline
corpus_03,03.CCTV Mobile Usage.mkv,632de9ed55947761d56d4c6142a3cb1a1fe69d0b1a6d0e01a2e404c697962623,dfine_sahi,169067.0,unknown_object,0.2505,112.03,451.98,207.99,485.7,3236.0,95.96,33.72,2.846,False,,True,S-61,41,evt_S-61_desk_work_surface_0009,d7ea696609167034,pose_hand_context,,17297.5,4.87,,1,cam12/e1/v1,rtmpose_baseline
corpus_03,03.CCTV Mobile Usage.mkv,632de9ed55947761d56d4c6142a3cb1a1fe69d0b1a6d0e01a2e404c697962623,dfine_sahi,172383.0,unknown_object,0.5959,132.98,408.12,228.96,503.42,9146.1,95.97,95.3,1.007,False,,True,S-61,42,evt_S-61_desk_work_surface_0010,350a73bad131f1b8,pose_hand_context,,25664.0,4.0,,1,cam12/e1/v1,rtmpose_baseline
corpus_03,03.CCTV Mobile Usage.mkv,632de9ed55947761d56d4c6142a3cb1a1fe69d0b1a6d0e01a2e404c697962623,dfine_sahi,172383.0,unknown_object,0.5407,63.03,478.12,158.91,553.18,7196.6,95.88,75.06,1.277,False,,True,S-61,42,evt_S-61_desk_work_surface_0010,350a73bad131f1b8,pose_hand_context,,25664.0,4.0,,1,cam12/e1/v1,rtmpose_baseline
corpus_03,03.CCTV Mobile Usage.mkv,632de9ed55947761d56d4c6142a3cb1a1fe69d0b1a6d0e01a2e404c697962623,dfine_sahi,172383.0,unknown_object,0.4542,69.52,408.09,158.88,471.12,5632.1,89.35,63.03,1.418,False,,True,S-61,42,evt_S-61_desk_work_surface_0010,350a73bad131f1b8,pose_hand_context,,25664.0,4.0,,1,cam12/e1/v1,rtmpose_baseline
corpus_03,03.CCTV Mobile Usage.mkv,632de9ed55947761d56d4c6142a3cb1a1fe69d0b1a6d0e01a2e404c697962623,dfine_sahi,172383.0,unknown_object,0.4143,65.96,502.32,93.48,553.36,1404.4,27.52,51.04,0.539,False,,True,S-61,42,evt_S-61_desk_work_surface_0010,350a73bad131f1b8,pose_hand_context,,25664.0,4.0,,1,cam12/e1/v1,rtmpose_baseline
corpus_03,03.CCTV Mobile Usage.mkv,632de9ed55947761d56d4c6142a3cb1a1fe69d0b1a6d0e01a2e404c697962623,dfine_sahi,172383.0,unknown_object,0.3972,133.03,478.72,228.98,503.66,2392.2,95.95,24.93,3.848,False,,True,S-61,42,evt_S-61_desk_work_surface_0010,350a73bad131f1b8,pose_hand_context,,25664.0,4.0,,1,cam12/e1/v1,rtmpose_baseline
corpus_03,03.CCTV Mobile Usage.mkv,632de9ed55947761d56d4c6142a3cb1a1fe69d0b1a6d0e01a2e404c697962623,dfine_sahi,172383.0,unknown_object,0.3725,63.24,472.11,110.07,499.73,1293.4,46.83,27.62,1.695,False,,True,S-61,42,evt_S-61_desk_work_surface_0010,350a73bad131f1b8,pose_hand_context,,25664.0,4.0,,1,cam12/e1/v1,rtmpose_baseline
corpus_03,03.CCTV Mobile Usage.mkv,632de9ed55947761d56d4c6142a3cb1a1fe69d0b1a6d0e01a2e404c697962623,dfine_sahi,172383.0,unknown_object,0.3628,66.08,411.33,200.19,570.17,21302.4,134.12,158.84,0.844,False,,True,S-61,42,evt_S-61_desk_work_surface_0010,350a73bad131f1b8,pose_hand_context,,25664.0,4.0,,1,cam12/e1/v1,rtmpose_baseline
corpus_03,03.CCTV Mobile Usage.mkv,632de9ed55947761d56d4c6142a3cb1a1fe69d0b1a6d0e01a2e404c697962623,dfine_sahi,172383.0,bag,0.347,65.99,495.32,195.55,570.48,9738.2,129.56,75.16,1.724,False,,True,S-61,42,evt_S-61_desk_work_surface_0010,350a73bad131f1b8,pose_hand_context,,25664.0,4.0,,1,cam12/e1/v1,rtmpose_baseline
corpus_03,03.CCTV Mobile Usage.mkv,632de9ed55947761d56d4c6142a3cb1a1fe69d0b1a6d0e01a2e404c697962623,dfine_sahi,172383.0,unknown_object,0.2524,62.99,520.78,85.6,552.7,721.9,22.61,31.93,0.708,False,,True,S-61,42,evt_S-61_desk_work_surface_0010,350a73bad131f1b8,pose_hand_context,,25664.0,4.0,,1,cam12/e1/v1,rtmpose_baseline
corpus_03,03.CCTV Mobile Usage.mkv,632de9ed55947761d56d4c6142a3cb1a1fe69d0b1a6d0e01a2e404c697962623,dfine_sahi,173383.0,unknown_object,0.6162,61.67,455.19,102.08,498.1,1733.9,40.41,42.91,0.942,False,,True,S-61,42,evt_S-61_desk_work_surface_0010,7f1684b90a55e8eb,pose_hand_context,,30109.2,3.69,,1,cam12/e1/v1,rtmpose_baseline
corpus_03,03.CCTV Mobile Usage.mkv,632de9ed55947761d56d4c6142a3cb1a1fe69d0b1a6d0e01a2e404c697962623,dfine_sahi,173383.0,unknown_object,0.4462,136.01,366.32,175.48,441.32,2961.2,39.48,75.01,0.526,False,,True,S-61,42,evt_S-61_desk_work_surface_0010,7f1684b90a55e8eb,pose_hand_context,,30109.2,3.69,,1,cam12/e1/v1,rtmpose_baseline
corpus_03,03.CCTV Mobile Usage.mkv,632de9ed55947761d56d4c6142a3cb1a1fe69d0b1a6d0e01a2e404c697962623,dfine_sahi,173383.0,unknown_object,0.4198,136.13,366.29,212.1,461.52,7234.6,75.97,95.23,0.798,False,,True,S-61,42,evt_S-61_desk_work_surface_0010,7f1684b90a55e8eb,pose_hand_context,,30109.2,3.69,,1,cam12/e1/v1,rtmpose_baseline
corpus_03,03.CCTV Mobile Usage.mkv,632de9ed55947761d56d4c6142a3cb1a1fe69d0b1a6d0e01a2e404c697962623,dfine_sahi,173383.0,bag,0.4159,71.56,366.11,176.24,447.21,8490.0,104.68,81.1,1.291,False,,True,S-61,42,evt_S-61_desk_work_surface_0010,7f1684b90a55e8eb,pose_hand_context,,30109.2,3.69,,1,cam12/e1/v1,rtmpose_baseline
corpus_03,03.CCTV Mobile Usage.mkv,632de9ed55947761d56d4c6142a3cb1a1fe69d0b1a6d0e01a2e404c697962623,dfine_sahi,173383.0,unknown_object,0.3943,103.09,478.47,129.24,511.57,865.8,26.15,33.11,0.79,False,,True,S-61,42,evt_S-61_desk_work_surface_0010,7f1684b90a55e8eb,pose_hand_context,,30109.2,3.69,,1,cam12/e1/v1,rtmpose_baseline
corpus_03,03.CCTV Mobile Usage.mkv,632de9ed55947761d56d4c6142a3cb1a1fe69d0b1a6d0e01a2e404c697962623,dfine_sahi,173383.0,unknown_object,0.3825,60.27,494.97,157.9,538.16,4217.4,97.63,43.2,2.26,False,,True,S-61,42,evt_S-61_desk_work_surface_0010,7f1684b90a55e8eb,pose_hand_context,,30109.2,3.69,,1,cam12/e1/v1,rtmpose_baseline
corpus_03,03.CCTV Mobile Usage.mkv,632de9ed55947761d56d4c6142a3cb1a1fe69d0b1a6d0e01a2e404c697962623,dfine_sahi,173383.0,unknown_object,0.3822,127.44,472.35,152.95,523.01,1292.7,25.52,50.66,0.504,False,,True,S-61,42,evt_S-61_desk_work_surface_0010,7f1684b90a55e8eb,pose_hand_context,,30109.2,3.69,,1,cam12/e1/v1,rtmpose_baseline
corpus_03,03.CCTV Mobile Usage.mkv,632de9ed55947761d56d4c6142a3cb1a1fe69d0b1a6d0e01a2e404c697962623,dfine_sahi,173383.0,unknown_object,0.3008,150.28,478.59,183.25,538.29,1968.4,32.97,59.7,0.552,False,,True,S-61,42,evt_S-61_desk_work_surface_0010,7f1684b90a55e8eb,pose_hand_context,,30109.2,3.69,,1,cam12/e1/v1,rtmpose_baseline
corpus_03,03.CCTV Mobile Usage.mkv,632de9ed55947761d56d4c6142a3cb1a1fe69d0b1a6d0e01a2e404c697962623,dfine_sahi,173383.0,bag,0.2684,85.22,393.34,157.65,444.88,3733.1,72.43,51.54,1.405,False,,True,S-61,42,evt_S-61_desk_work_surface_0010,7f1684b90a55e8eb,pose_hand_context,,30109.2,3.69,,1,cam12/e1/v1,rtmpose_baseline
corpus_03,03.CCTV Mobile Usage.mkv,632de9ed55947761d56d4c6142a3cb1a1fe69d0b1a6d0e01a2e404c697962623,dfine_sahi,173383.0,unknown_object,0.2617,101.34,436.65,157.98,462.47,1462.1,56.63,25.82,2.194,False,,True,S-61,42,evt_S-61_desk_work_surface_0010,7f1684b90a55e8eb,pose_hand_context,,30109.2,3.69,,1,cam12/e1/v1,rtmpose_baseline
corpus_03,03.CCTV Mobile Usage.mkv,632de9ed55947761d56d4c6142a3cb1a1fe69d0b1a6d0e01a2e404c697962623,dfine_sahi,173383.0,unknown_object,0.252,143.82,397.15,162.42,409.22,224.4,18.59,12.07,1.541,False,,True,S-61,42,evt_S-61_desk_work_surface_0010,7f1684b90a55e8eb,pose_hand_context,,30109.2,3.69,,1,cam12/e1/v1,rtmpose_baseline
corpus_03,03.CCTV Mobile Usage.mkv,632de9ed55947761d56d4c6142a3cb1a1fe69d0b1a6d0e01a2e404c697962623,dfine_sahi,174383.0,stationery,0.6033,100.99,455.95,161.11,499.73,2632.5,60.12,43.79,1.373,False,,True,S-61,42,evt_S-61_desk_work_surface_0010,4a199a3aa7423197,pose_hand_context,,34373.2,3.45,,1,cam12/e1/v1,rtmpose_baseline
corpus_03,03.CCTV Mobile Usage.mkv,632de9ed55947761d56d4c6142a3cb1a1fe69d0b1a6d0e01a2e404c697962623,dfine_sahi,174383.0,unknown_object,0.5752,101.08,430.17,204.92,533.27,10706.2,103.84,103.1,1.007,False,,True,S-61,42,evt_S-61_desk_work_surface_0010,4a199a3aa7423197,pose_hand_context,,34373.2,3.45,,1,cam12/e1/v1,rtmpose_baseline
corpus_03,03.CCTV Mobile Usage.mkv,632de9ed55947761d56d4c6142a3cb1a1fe69d0b1a6d0e01a2e404c697962623,dfine_sahi,174383.0,unknown_object,0.4363,134.6,511.11,204.96,592.22,5706.0,70.35,81.1,0.867,False,,True,S-61,42,evt_S-61_desk_work_surface_0010,4a199a3aa7423197,pose_hand_context,,34373.2,3.45,,1,cam12/e1/v1,rtmpose_baseline
corpus_03,03.CCTV Mobile Usage.mkv,632de9ed55947761d56d4c6142a3cb1a1fe69d0b1a6d0e01a2e404c697962623,dfine_sahi,174383.0,unknown_object,0.3881,182.0,511.19,285.92,563.66,5451.9,103.92,52.46,1.981,False,,True,S-61,42,evt_S-61_desk_work_surface_0010,4a199a3aa7423197,pose_hand_context,,34373.2,3.45,,1,cam12/e1/v1,rtmpose_baseline
corpus_03,03.CCTV Mobile Usage.mkv,632de9ed55947761d56d4c6142a3cb1a1fe69d0b1a6d0e01a2e404c697962623,dfine_sahi,174383.0,unknown_object,0.3164,101.0,431.03,231.44,614.22,23893.9,130.43,183.19,0.712,False,,True,S-61,42,evt_S-61_desk_work_surface_0010,4a199a3aa7423197,pose_hand_context,,34373.2,3.45,,1,cam12/e1/v1,rtmpose_baseline
corpus_03,03.CCTV Mobile Usage.mkv,632de9ed55947761d56d4c6142a3cb1a1fe69d0b1a6d0e01a2e404c697962623,dfine_sahi,174383.0,unknown_object,0.3058,182.02,430.16,285.97,533.41,10732.2,103.95,103.25,1.007,False,,True,S-61,42,evt_S-61_desk_work_surface_0010,4a199a3aa7423197,pose_hand_context,,34373.2,3.45,,1,cam12/e1/v1,rtmpose_baseline
corpus_03,03.CCTV Mobile Usage.mkv,632de9ed55947761d56d4c6142a3cb1a1fe69d0b1a6d0e01a2e404c697962623,dfine_sahi,174383.0,unknown_object,0.2816,101.01,430.19,163.41,501.94,4477.1,62.4,71.74,0.87,False,,True,S-61,42,evt_S-61_desk_work_surface_0010,4a199a3aa7423197,pose_hand_context,,34373.2,3.45,,1,cam12/e1/v1,rtmpose_baseline
corpus_03,03.CCTV Mobile Usage.mkv,632de9ed55947761d56d4c6142a3cb1a1fe69d0b1a6d0e01a2e404c697962623,dfine_sahi,175383.0,unknown_object,0.4794,124.9,442.81,161.14,488.9,1670.2,36.24,46.09,0.786,False,,True,S-61,42,evt_S-61_desk_work_surface_0010,bc47ca5eb507b04d,pose_hand_context,,32098.3,3.57,,1,cam12/e1/v1,rtmpose_baseline
corpus_03,03.CCTV Mobile Usage.mkv,632de9ed55947761d56d4c6142a3cb1a1fe69d0b1a6d0e01a2e404c697962623,dfine_sahi,175383.0,phone,0.4373,201.63,498.05,271.23,514.72,1160.3,69.6,16.67,4.175,False,,True,S-61,42,evt_S-61_desk_work_surface_0010,bc47ca5eb507b04d,pose_hand_context,,32098.3,3.57,,1,cam12/e1/v1,rtmpose_baseline
corpus_03,03.CCTV Mobile Usage.mkv,632de9ed55947761d56d4c6142a3cb1a1fe69d0b1a6d0e01a2e404c697962623,dfine_sahi,175383.0,unknown_object,0.404,183.04,420.13,283.9,520.59,10133.0,100.87,100.46,1.004,False,,True,S-61,42,evt_S-61_desk_work_surface_0010,bc47ca5eb507b04d,pose_hand_context,,32098.3,3.57,,1,cam12/e1/v1,rtmpose_baseline
corpus_03,03.CCTV Mobile Usage.mkv,632de9ed55947761d56d4c6142a3cb1a1fe69d0b1a6d0e01a2e404c697962623,dfine_sahi,175383.0,unknown_object,0.3883,105.08,420.56,283.64,598.29,31734.7,178.56,177.73,1.005,False,,True,S-61,42,evt_S-61_desk_work_surface_0010,bc47ca5eb507b04d,pose_hand_context,,32098.3,3.57,,1,cam12/e1/v1,rtmpose_baseline
corpus_03,03.CCTV Mobile Usage.mkv,632de9ed55947761d56d4c6142a3cb1a1fe69d0b1a6d0e01a2e404c697962623,dfine_sahi,175383.0,unknown_object,0.3627,128.05,498.29,205.16,569.67,5503.9,77.11,71.38,1.08,False,,True,S-61,42,evt_S-61_desk_work_surface_0010,bc47ca5eb507b04d,pose_hand_context,,32098.3,3.57,,1,cam12/e1/v1,rtmpose_baseline
corpus_03,03.CCTV Mobile Usage.mkv,632de9ed55947761d56d4c6142a3cb1a1fe69d0b1a6d0e01a2e404c697962623,dfine_sahi,175383.0,unknown_object,0.3399,263.42,479.29,283.99,520.09,839.3,20.57,40.8,0.504,False,,True,S-61,42,evt_S-61_desk_work_surface_0010,bc47ca5eb507b04d,pose_hand_context,,32098.3,3.57,,1,cam12/e1/v1,rtmpose_baseline
corpus_03,03.CCTV Mobile Usage.mkv,632de9ed55947761d56d4c6142a3cb1a1fe69d0b1a6d0e01a2e404c697962623,dfine_sahi,175383.0,monitor_or_bezel,0.3096,104.99,440.42,217.53,598.1,17746.6,112.55,157.68,0.714,False,,True,S-61,42,evt_S-61_desk_work_surface_0010,bc47ca5eb507b04d,pose_hand_context,,32098.3,3.57,,1,cam12/e1/v1,rtmpose_baseline
corpus_03,03.CCTV Mobile Usage.mkv,632de9ed55947761d56d4c6142a3cb1a1fe69d0b1a6d0e01a2e404c697962623,dfine_sahi,175383.0,phone,0.2708,127.44,444.9,156.26,487.06,1215.2,28.82,42.16,0.684,False,,True,S-61,42,evt_S-61_desk_work_surface_0010,bc47ca5eb507b04d,pose_hand_context,,32098.3,3.57,,1,cam12/e1/v1,rtmpose_baseline
corpus_03,03.CCTV Mobile Usage.mkv,632de9ed55947761d56d4c6142a3cb1a1fe69d0b1a6d0e01a2e404c697962623,dfine_sahi,175383.0,phone,0.2619,105.03,442.11,159.89,512.8,3877.8,54.86,70.68,0.776,False,,True,S-61,42,evt_S-61_desk_work_surface_0010,bc47ca5eb507b04d,pose_hand_context,,32098.3,3.57,,1,cam12/e1/v1,rtmpose_baseline
corpus_03,03.CCTV Mobile Usage.mkv,632de9ed55947761d56d4c6142a3cb1a1fe69d0b1a6d0e01a2e404c697962623,dfine_sahi,175383.0,unknown_object,0.2597,105.02,442.65,205.04,520.63,7799.5,100.02,77.98,1.283,False,,True,S-61,42,evt_S-61_desk_work_surface_0010,bc47ca5eb507b04d,pose_hand_context,,32098.3,3.57,,1,cam12/e1/v1,rtmpose_baseline
corpus_03,03.CCTV Mobile Usage.mkv,632de9ed55947761d56d4c6142a3cb1a1fe69d0b1a6d0e01a2e404c697962623,dfine_sahi,175383.0,unknown_object,0.2509,183.02,482.52,283.59,520.95,3864.9,100.57,38.43,2.617,False,,True,S-61,42,evt_S-61_desk_work_surface_0010,bc47ca5eb507b04d,pose_hand_context,,32098.3,3.57,,1,cam12/e1/v1,rtmpose_baseline
corpus_03,03.CCTV Mobile Usage.mkv,632de9ed55947761d56d4c6142a3cb1a1fe69d0b1a6d0e01a2e404c697962623,dfine_sahi,176383.0,unknown_object,0.6371,183.98,415.18,286.93,517.51,10535.6,102.96,102.33,1.006,False,,True,S-61,42,evt_S-61_desk_work_surface_0010,f813fba80aad2861,pose_hand_context,,33116.7,3.52,,1,cam12/e1/v1,rtmpose_baseline
corpus_03,03.CCTV Mobile Usage.mkv,632de9ed55947761d56d4c6142a3cb1a1fe69d0b1a6d0e01a2e404c697962623,dfine_sahi,176383.0,unknown_object,0.5288,125.51,440.82,161.7,501.24,2186.6,36.19,60.42,0.599,False,,True,S-61,42,evt_S-61_desk_work_surface_0010,f813fba80aad2861,pose_hand_context,,33116.7,3.52,,1,cam12/e1/v1,rtmpose_baseline
corpus_03,03.CCTV Mobile Usage.mkv,632de9ed55947761d56d4c6142a3cb1a1fe69d0b1a6d0e01a2e404c697962623,dfine_sahi,176383.0,unknown_object,0.3691,105.04,501.65,215.16,595.95,10384.3,110.12,94.3,1.168,False,,True,S-61,42,evt_S-61_desk_work_surface_0010,f813fba80aad2861,pose_hand_context,,33116.7,3.52,,1,cam12/e1/v1,rtmpose_baseline
corpus_03,03.CCTV Mobile Usage.mkv,632de9ed55947761d56d4c6142a3cb1a1fe69d0b1a6d0e01a2e404c697962623,dfine_sahi,176383.0,unknown_object,0.3397,104.99,415.48,286.12,595.99,32694.0,181.12,180.51,1.003,False,,True,S-61,42,evt_S-61_desk_work_surface_0010,f813fba80aad2861,pose_hand_context,,33116.7,3.52,,1,cam12/e1/v1,rtmpose_baseline
corpus_03,03.CCTV Mobile Usage.mkv,632de9ed55947761d56d4c6142a3cb1a1fe69d0b1a6d0e01a2e404c697962623,dfine_sahi,176383.0,unknown_object,0.3318,104.84,459.88,116.32,504.59,513.2,11.48,44.71,0.257,False,,True,S-61,42,evt_S-61_desk_work_surface_0010,f813fba80aad2861,pose_hand_context,,33116.7,3.52,,1,cam12/e1/v1,rtmpose_baseline
corpus_03,03.CCTV Mobile Usage.mkv,632de9ed55947761d56d4c6142a3cb1a1fe69d0b1a6d0e01a2e404c697962623,dfine_sahi,176383.0,unknown_object,0.2975,104.97,444.34,151.09,511.67,3104.6,46.12,67.32,0.685,False,,True,S-61,42,evt_S-61_desk_work_surface_0010,f813fba80aad2861,pose_hand_context,,33116.7,3.52,,1,cam12/e1/v1,rtmpose_baseline
corpus_03,03.CCTV Mobile Usage.mkv,632de9ed55947761d56d4c6142a3cb1a1fe69d0b1a6d0e01a2e404c697962623,dfine_sahi,176383.0,phone,0.2885,126.77,444.09,159.84,484.39,1332.5,33.07,40.3,0.821,False,,True,S-61,42,evt_S-61_desk_work_surface_0010,f813fba80aad2861,pose_hand_context,,33116.7,3.52,,1,cam12/e1/v1,rtmpose_baseline
corpus_03,03.CCTV Mobile Usage.mkv,632de9ed55947761d56d4c6142a3cb1a1fe69d0b1a6d0e01a2e404c697962623,dfine_sahi,176383.0,unknown_object,0.2746,184.01,495.21,286.95,575.7,8285.5,102.94,80.49,1.279,False,,True,S-61,42,evt_S-61_desk_work_surface_0010,f813fba80aad2861,pose_hand_context,,33116.7,3.52,,1,cam12/e1/v1,rtmpose_baseline
corpus_03,03.CCTV Mobile Usage.mkv,632de9ed55947761d56d4c6142a3cb1a1fe69d0b1a6d0e01a2e404c697962623,dfine_sahi,176383.0,unknown_object,0.2636,160.06,458.28,186.72,480.45,591.3,26.66,22.18,1.202,False,,True,S-61,42,evt_S-61_desk_work_surface_0010,f813fba80aad2861,pose_hand_context,,33116.7,3.52,,1,cam12/e1/v1,rtmpose_baseline
corpus_03,03.CCTV Mobile Usage.mkv,632de9ed55947761d56d4c6142a3cb1a1fe69d0b1a6d0e01a2e404c697962623,dfine_sahi,180900.0,unknown_object,0.5512,93.96,278.42,203.88,385.97,11822.0,109.91,107.56,1.022,False,,True,S-61,43,evt_S-61_desk_work_surface_0011,0b9ec7eed2bacf5b,pose_hand_context,,37799.1,3.29,,1,cam12/e1/v1,rtmpose_baseline
corpus_03,03.CCTV Mobile Usage.mkv,632de9ed55947761d56d4c6142a3cb1a1fe69d0b1a6d0e01a2e404c697962623,dfine_sahi,180900.0,monitor_or_bezel,0.5394,70.48,383.93,171.56,452.71,6952.5,101.08,68.78,1.47,False,,True,S-61,43,evt_S-61_desk_work_surface_0011,0b9ec7eed2bacf5b,pose_hand_context,,37799.1,3.29,,1,cam12/e1/v1,rtmpose_baseline
corpus_03,03.CCTV Mobile Usage.mkv,632de9ed55947761d56d4c6142a3cb1a1fe69d0b1a6d0e01a2e404c697962623,dfine_sahi,180900.0,stationery,0.5138,39.81,443.75,71.84,470.55,858.4,32.03,26.8,1.195,False,,True,S-61,43,evt_S-61_desk_work_surface_0011,0b9ec7eed2bacf5b,pose_hand_context,,37799.1,3.29,,1,cam12/e1/v1,rtmpose_baseline
corpus_03,03.CCTV Mobile Usage.mkv,632de9ed55947761d56d4c6142a3cb1a1fe69d0b1a6d0e01a2e404c697962623,dfine_sahi,180900.0,unknown_object,0.4759,9.12,279.76,197.43,469.96,35818.4,188.32,190.2,0.99,False,,True,S-61,43,evt_S-61_desk_work_surface_0011,0b9ec7eed2bacf5b,pose_hand_context,,37799.1,3.29,,1,cam12/e1/v1,rtmpose_baseline
corpus_03,03.CCTV Mobile Usage.mkv,632de9ed55947761d56d4c6142a3cb1a1fe69d0b1a6d0e01a2e404c697962623,dfine_sahi,180900.0,unknown_object,0.4399,62.22,353.14,118.99,386.18,1875.4,56.76,33.04,1.718,False,,True,S-61,43,evt_S-61_desk_work_surface_0011,0b9ec7eed2bacf5b,pose_hand_context,,37799.1,3.29,,1,cam12/e1/v1,rtmpose_baseline
corpus_03,03.CCTV Mobile Usage.mkv,632de9ed55947761d56d4c6142a3cb1a1fe69d0b1a6d0e01a2e404c697962623,dfine_sahi,180900.0,monitor_or_bezel,0.4359,16.02,297.68,108.05,360.19,5752.2,92.03,62.51,1.472,False,,True,S-61,43,evt_S-61_desk_work_surface_0011,0b9ec7eed2bacf5b,pose_hand_context,,37799.1,3.29,,1,cam12/e1/v1,rtmpose_baseline
corpus_03,03.CCTV Mobile Usage.mkv,632de9ed55947761d56d4c6142a3cb1a1fe69d0b1a6d0e01a2e404c697962623,dfine_sahi,180900.0,unknown_object,0.3581,94.04,385.29,193.43,471.03,8521.8,99.4,85.74,1.159,False,,True,S-61,43,evt_S-61_desk_work_surface_0011,0b9ec7eed2bacf5b,pose_hand_context,,37799.1,3.29,,1,cam12/e1/v1,rtmpose_baseline
corpus_03,03.CCTV Mobile Usage.mkv,632de9ed55947761d56d4c6142a3cb1a1fe69d0b1a6d0e01a2e404c697962623,dfine_sahi,180900.0,bag,0.3271,18.55,299.22,108.33,359.28,5391.4,89.78,60.05,1.495,False,,True,S-61,43,evt_S-61_desk_work_surface_0011,0b9ec7eed2bacf5b,pose_hand_context,,37799.1,3.29,,1,cam12/e1/v1,rtmpose_baseline
corpus_03,03.CCTV Mobile Usage.mkv,632de9ed55947761d56d4c6142a3cb1a1fe69d0b1a6d0e01a2e404c697962623,dfine_sahi,180900.0,monitor_or_bezel,0.3249,37.65,302.2,170.7,452.79,20035.9,133.05,150.59,0.884,False,,True,S-61,43,evt_S-61_desk_work_surface_0011,0b9ec7eed2bacf5b,pose_hand_context,,37799.1,3.29,,1,cam12/e1/v1,rtmpose_baseline
corpus_03,03.CCTV Mobile Usage.mkv,632de9ed55947761d56d4c6142a3cb1a1fe69d0b1a6d0e01a2e404c697962623,dfine_sahi,180900.0,unknown_object,0.3092,8.98,285.34,83.26,451.26,12324.5,74.28,165.92,0.448,False,,True,S-61,43,evt_S-61_desk_work_surface_0011,0b9ec7eed2bacf5b,pose_hand_context,,37799.1,3.29,,1,cam12/e1/v1,rtmpose_baseline
corpus_03,03.CCTV Mobile Usage.mkv,632de9ed55947761d56d4c6142a3cb1a1fe69d0b1a6d0e01a2e404c697962623,dfine_sahi,180900.0,unknown_object,0.3016,94.15,357.51,199.2,386.17,3011.4,105.05,28.67,3.665,False,,True,S-61,43,evt_S-61_desk_work_surface_0011,0b9ec7eed2bacf5b,pose_hand_context,,37799.1,3.29,,1,cam12/e1/v1,rtmpose_baseline
corpus_03,03.CCTV Mobile Usage.mkv,632de9ed55947761d56d4c6142a3cb1a1fe69d0b1a6d0e01a2e404c697962623,dfine_sahi,180900.0,mouse,0.2986,58.81,379.1,75.68,393.18,237.5,16.87,14.08,1.198,False,,True,S-61,43,evt_S-61_desk_work_surface_0011,0b9ec7eed2bacf5b,pose_hand_context,,37799.1,3.29,,1,cam12/e1/v1,rtmpose_baseline
corpus_03,03.CCTV Mobile Usage.mkv,632de9ed55947761d56d4c6142a3cb1a1fe69d0b1a6d0e01a2e404c697962623,dfine_sahi,180900.0,keyboard,0.2697,42.89,326.12,107.86,358.95,2133.1,64.97,32.83,1.979,False,,True,S-61,43,evt_S-61_desk_work_surface_0011,0b9ec7eed2bacf5b,pose_hand_context,,37799.1,3.29,,1,cam12/e1/v1,rtmpose_baseline
corpus_03,03.CCTV Mobile Usage.mkv,632de9ed55947761d56d4c6142a3cb1a1fe69d0b1a6d0e01a2e404c697962623,dfine_sahi,180900.0,bag,0.2691,72.74,385.33,118.98,452.42,3101.4,46.23,67.08,0.689,False,,True,S-61,43,evt_S-61_desk_work_surface_0011,0b9ec7eed2bacf5b,pose_hand_context,,37799.1,3.29,,1,cam12/e1/v1,rtmpose_baseline
corpus_03,03.CCTV Mobile Usage.mkv,632de9ed55947761d56d4c6142a3cb1a1fe69d0b1a6d0e01a2e404c697962623,dfine_sahi,181900.0,unknown_object,0.7577,102.01,405.2,210.9,513.09,11748.3,108.89,107.89,1.009,False,,True,S-61,43,evt_S-61_desk_work_surface_0011,69c4ad3f30796d74,pose_hand_context,,37581.7,3.3,,1,cam12/e1/v1,rtmpose_baseline
corpus_03,03.CCTV Mobile Usage.mkv,632de9ed55947761d56d4c6142a3cb1a1fe69d0b1a6d0e01a2e404c697962623,dfine_sahi,181900.0,unknown_object,0.5913,186.95,405.21,295.93,513.51,11801.5,108.98,108.29,1.006,False,,True,S-61,43,evt_S-61_desk_work_surface_0011,69c4ad3f30796d74,pose_hand_context,,37581.7,3.3,,1,cam12/e1/v1,rtmpose_baseline
corpus_03,03.CCTV Mobile Usage.mkv,632de9ed55947761d56d4c6142a3cb1a1fe69d0b1a6d0e01a2e404c697962623,dfine_sahi,181900.0,unknown_object,0.3535,187.02,490.15,295.95,598.73,11827.6,108.92,108.59,1.003,False,,True,S-61,43,evt_S-61_desk_work_surface_0011,69c4ad3f30796d74,pose_hand_context,,37581.7,3.3,,1,cam12/e1/v1,rtmpose_baseline
corpus_03,03.CCTV Mobile Usage.mkv,632de9ed55947761d56d4c6142a3cb1a1fe69d0b1a6d0e01a2e404c697962623,dfine_sahi,181900.0,unknown_object,0.3053,102.04,405.5,295.81,598.35,37370.6,193.77,192.86,1.005,False,,True,S-61,43,evt_S-61_desk_work_surface_0011,69c4ad3f30796d74,pose_hand_context,,37581.7,3.3,,1,cam12/e1/v1,rtmpose_baseline
corpus_03,03.CCTV Mobile Usage.mkv,632de9ed55947761d56d4c6142a3cb1a1fe69d0b1a6d0e01a2e404c697962623,dfine_sahi,181900.0,unknown_object,0.3036,121.12,490.07,168.73,510.37,966.5,47.62,20.3,2.346,False,,True,S-61,43,evt_S-61_desk_work_surface_0011,69c4ad3f30796d74,pose_hand_context,,37581.7,3.3,,1,cam12/e1/v1,rtmpose_baseline
corpus_03,03.CCTV Mobile Usage.mkv,632de9ed55947761d56d4c6142a3cb1a1fe69d0b1a6d0e01a2e404c697962623,dfine_sahi,181900.0,unknown_object,0.2637,102.01,499.93,216.64,598.41,11289.0,114.63,98.48,1.164,False,,True,S-61,43,evt_S-61_desk_work_surface_0011,69c4ad3f30796d74,pose_hand_context,,37581.7,3.3,,1,cam12/e1/v1,rtmpose_baseline
corpus_03,03.CCTV Mobile Usage.mkv,632de9ed55947761d56d4c6142a3cb1a1fe69d0b1a6d0e01a2e404c697962623,dfine_sahi,182900.0,unknown_object,0.6305,58.16,331.47,177.05,448.47,13909.7,118.89,116.99,1.016,False,,True,S-61,43,evt_S-61_desk_work_surface_0011,67da8fb03982df7d,pose_hand_context,,44977.9,3.02,,1,cam12/e1/v1,rtmpose_baseline
corpus_03,03.CCTV Mobile Usage.mkv,632de9ed55947761d56d4c6142a3cb1a1fe69d0b1a6d0e01a2e404c697962623,dfine_sahi,182900.0,unknown_object,0.5584,58.0,424.47,177.9,541.78,14064.6,119.9,117.3,1.022,False,,True,S-61,43,evt_S-61_desk_work_surface_0011,67da8fb03982df7d,pose_hand_context,,44977.9,3.02,,1,cam12/e1/v1,rtmpose_baseline
corpus_03,03.CCTV Mobile Usage.mkv,632de9ed55947761d56d4c6142a3cb1a1fe69d0b1a6d0e01a2e404c697962623,dfine_sahi,182900.0,unknown_object,0.3844,57.97,358.5,84.47,408.78,1332.4,26.5,50.28,0.527,False,,True,S-61,43,evt_S-61_desk_work_surface_0011,67da8fb03982df7d,pose_hand_context,,44977.9,3.02,,1,cam12/e1/v1,rtmpose_baseline
corpus_03,03.CCTV Mobile Usage.mkv,632de9ed55947761d56d4c6142a3cb1a1fe69d0b1a6d0e01a2e404c697962623,dfine_sahi,182900.0,unknown_object,0.3073,112.74,348.21,198.5,459.97,9583.5,85.75,111.76,0.767,False,,True,S-61,43,evt_S-61_desk_work_surface_0011,67da8fb03982df7d,pose_hand_context,,44977.9,3.02,,1,cam12/e1/v1,rtmpose_baseline
corpus_03,03.CCTV Mobile Usage.mkv,632de9ed55947761d56d4c6142a3cb1a1fe69d0b1a6d0e01a2e404c697962623,dfine_sahi,182900.0,unknown_object,0.3015,107.4,424.37,178.01,466.33,2962.9,70.61,41.96,1.683,False,,True,S-61,43,evt_S-61_desk_work_surface_0011,67da8fb03982df7d,pose_hand_context,,44977.9,3.02,,1,cam12/e1/v1,rtmpose_baseline
corpus_03,03.CCTV Mobile Usage.mkv,632de9ed55947761d56d4c6142a3cb1a1fe69d0b1a6d0e01a2e404c697962623,dfine_sahi,182900.0,phone,0.2805,57.99,443.85,71.92,467.77,333.1,13.93,23.92,0.582,False,,True,S-61,43,evt_S-61_desk_work_surface_0011,67da8fb03982df7d,pose_hand_context,,44977.9,3.02,,1,cam12/e1/v1,rtmpose_baseline
corpus_03,03.CCTV Mobile Usage.mkv,632de9ed55947761d56d4c6142a3cb1a1fe69d0b1a6d0e01a2e404c697962623,dfine_sahi,182900.0,unknown_object,0.2761,184.17,454.4,269.91,535.89,6987.1,85.74,81.49,1.052,False,,True,S-61,43,evt_S-61_desk_work_surface_0011,67da8fb03982df7d,pose_hand_context,,44977.9,3.02,,1,cam12/e1/v1,rtmpose_baseline
corpus_03,03.CCTV Mobile Usage.mkv,632de9ed55947761d56d4c6142a3cb1a1fe69d0b1a6d0e01a2e404c697962623,dfine_sahi,182900.0,unknown_object,0.2744,58.02,358.02,87.03,471.4,3289.5,29.01,113.38,0.256,False,,True,S-61,43,evt_S-61_desk_work_surface_0011,67da8fb03982df7d,pose_hand_context,,44977.9,3.02,,1,cam12/e1/v1,rtmpose_baseline
corpus_03,03.CCTV Mobile Usage.mkv,632de9ed55947761d56d4c6142a3cb1a1fe69d0b1a6d0e01a2e404c697962623,dfine_sahi,183900.0,unknown_object,0.5828,74.1,378.8,293.85,597.09,47969.3,219.75,218.29,1.007,False,,True,S-61,43,evt_S-61_desk_work_surface_0011,59b6bfd1e62d29fb,pose_hand_context,,48461.6,2.91,,1,cam12/e1/v1,rtmpose_baseline
corpus_03,03.CCTV Mobile Usage.mkv,632de9ed55947761d56d4c6142a3cb1a1fe69d0b1a6d0e01a2e404c697962623,dfine_sahi,183900.0,unknown_object,0.5646,74.01,378.33,197.85,501.21,15217.3,123.84,122.88,1.008,False,,True,S-61,43,evt_S-61_desk_work_surface_0011,59b6bfd1e62d29fb,pose_hand_context,,48461.6,2.91,,1,cam12/e1/v1,rtmpose_baseline
corpus_03,03.CCTV Mobile Usage.mkv,632de9ed55947761d56d4c6142a3cb1a1fe69d0b1a6d0e01a2e404c697962623,dfine_sahi,183900.0,unknown_object,0.5183,133.74,406.27,189.91,466.35,3374.5,56.16,60.08,0.935,False,,True,S-61,43,evt_S-61_desk_work_surface_0011,59b6bfd1e62d29fb,pose_hand_context,,48461.6,2.91,,1,cam12/e1/v1,rtmpose_baseline
corpus_03,03.CCTV Mobile Usage.mkv,632de9ed55947761d56d4c6142a3cb1a1fe69d0b1a6d0e01a2e404c697962623,dfine_sahi,183900.0,unknown_object,0.4516,74.0,509.61,84.71,543.48,362.6,10.71,33.86,0.316,False,,True,S-61,43,evt_S-61_desk_work_surface_0011,59b6bfd1e62d29fb,pose_hand_context,,48461.6,2.91,,1,cam12/e1/v1,rtmpose_baseline
corpus_03,03.CCTV Mobile Usage.mkv,632de9ed55947761d56d4c6142a3cb1a1fe69d0b1a6d0e01a2e404c697962623,dfine_sahi,183900.0,unknown_object,0.4063,170.03,474.16,293.98,597.49,15286.0,123.95,123.33,1.005,False,,True,S-61,43,evt_S-61_desk_work_surface_0011,59b6bfd1e62d29fb,pose_hand_context,,48461.6,2.91,,1,cam12/e1/v1,rtmpose_baseline
corpus_03,03.CCTV Mobile Usage.mkv,632de9ed55947761d56d4c6142a3cb1a1fe69d0b1a6d0e01a2e404c697962623,dfine_sahi,183900.0,unknown_object,0.371,73.99,474.11,197.91,543.9,8648.5,123.92,69.79,1.776,False,,True,S-61,43,evt_S-61_desk_work_surface_0011,59b6bfd1e62d29fb,pose_hand_context,,48461.6,2.91,,1,cam12/e1/v1,rtmpose_baseline
corpus_03,03.CCTV Mobile Usage.mkv,632de9ed55947761d56d4c6142a3cb1a1fe69d0b1a6d0e01a2e404c697962623,dfine_sahi,183900.0,unknown_object,0.3138,170.02,378.12,293.93,501.45,15281.9,123.91,123.33,1.005,False,,True,S-61,43,evt_S-61_desk_work_surface_0011,59b6bfd1e62d29fb,pose_hand_context,,48461.6,2.91,,1,cam12/e1/v1,rtmpose_baseline
corpus_03,03.CCTV Mobile Usage.mkv,632de9ed55947761d56d4c6142a3cb1a1fe69d0b1a6d0e01a2e404c697962623,dfine_sahi,183900.0,unknown_object,0.2567,81.22,387.13,165.98,455.7,5811.8,84.76,68.57,1.236,False,,True,S-61,43,evt_S-61_desk_work_surface_0011,59b6bfd1e62d29fb,pose_hand_context,,48461.6,2.91,,1,cam12/e1/v1,rtmpose_baseline
corpus_03,03.CCTV Mobile Usage.mkv,632de9ed55947761d56d4c6142a3cb1a1fe69d0b1a6d0e01a2e404c697962623,dfine_sahi,184900.0,unknown_object,0.6407,61.99,421.28,176.82,533.68,12907.1,114.83,112.4,1.022,False,,True,S-61,43,evt_S-61_desk_work_surface_0011,7fdfd314c4f1fd2a,pose_hand_context,,41477.4,3.14,,1,cam12/e1/v1,rtmpose_baseline
corpus_03,03.CCTV Mobile Usage.mkv,632de9ed55947761d56d4c6142a3cb1a1fe69d0b1a6d0e01a2e404c697962623,dfine_sahi,184900.0,unknown_object,0.6187,61.97,335.6,208.19,533.17,28889.0,146.22,197.57,0.74,False,,True,S-61,43,evt_S-61_desk_work_surface_0011,7fdfd314c4f1fd2a,pose_hand_context,,41477.4,3.14,,1,cam12/e1/v1,rtmpose_baseline
corpus_03,03.CCTV Mobile Usage.mkv,632de9ed55947761d56d4c6142a3cb1a1fe69d0b1a6d0e01a2e404c697962623,dfine_sahi,184900.0,unknown_object,0.6088,62.1,332.36,176.79,444.66,12879.2,114.69,112.3,1.021,False,,True,S-61,43,evt_S-61_desk_work_surface_0011,7fdfd314c4f1fd2a,pose_hand_context,,41477.4,3.14,,1,cam12/e1/v1,rtmpose_baseline
corpus_03,03.CCTV Mobile Usage.mkv,632de9ed55947761d56d4c6142a3cb1a1fe69d0b1a6d0e01a2e404c697962623,dfine_sahi,184900.0,unknown_object,0.4775,119.13,421.53,176.95,478.0,3264.9,57.81,56.48,1.024,False,,True,S-61,43,evt_S-61_desk_work_surface_0011,7fdfd314c4f1fd2a,pose_hand_context,,41477.4,3.14,,1,cam12/e1/v1,rtmpose_baseline
corpus_03,03.CCTV Mobile Usage.mkv,632de9ed55947761d56d4c6142a3cb1a1fe69d0b1a6d0e01a2e404c697962623,dfine_sahi,184900.0,unknown_object,0.3219,84.06,421.19,168.4,456.67,2993.1,84.35,35.49,2.377,False,,True,S-61,43,evt_S-61_desk_work_surface_0011,7fdfd314c4f1fd2a,pose_hand_context,,41477.4,3.14,,1,cam12/e1/v1,rtmpose_baseline
corpus_03,03.CCTV Mobile Usage.mkv,632de9ed55947761d56d4c6142a3cb1a1fe69d0b1a6d0e01a2e404c697962623,dfine_sahi,184900.0,unknown_object,0.3207,176.12,421.41,265.91,519.51,8808.4,89.79,98.1,0.915,False,,True,S-61,43,evt_S-61_desk_work_surface_0011,7fdfd314c4f1fd2a,pose_hand_context,,41477.4,3.14,,1,cam12/e1/v1,rtmpose_baseline
corpus_03,03.CCTV Mobile Usage.mkv,632de9ed55947761d56d4c6142a3cb1a1fe69d0b1a6d0e01a2e404c697962623,dfine_sahi,184900.0,unknown_object,0.2822,160.55,349.67,265.98,416.27,7020.9,105.43,66.6,1.583,False,,True,S-61,43,evt_S-61_desk_work_surface_0011,7fdfd314c4f1fd2a,pose_hand_context,,41477.4,3.14,,1,cam12/e1/v1,rtmpose_baseline
corpus_03,03.CCTV Mobile Usage.mkv,632de9ed55947761d56d4c6142a3cb1a1fe69d0b1a6d0e01a2e404c697962623,dfine_sahi,184900.0,unknown_object,0.2687,61.98,361.92,83.41,410.07,1032.1,21.44,48.15,0.445,False,,True,S-61,43,evt_S-61_desk_work_surface_0011,7fdfd314c4f1fd2a,pose_hand_context,,41477.4,3.14,,1,cam12/e1/v1,rtmpose_baseline
corpus_03,03.CCTV Mobile Usage.mkv,632de9ed55947761d56d4c6142a3cb1a1fe69d0b1a6d0e01a2e404c697962623,dfine_sahi,185900.0,unknown_object,0.4824,91.35,435.15,177.89,513.26,6759.2,86.54,78.11,1.108,False,,True,S-61,43,evt_S-61_desk_work_surface_0011,4e9267c05a309422,pose_hand_context,,50319.5,2.85,,1,cam12/e1/v1,rtmpose_baseline
corpus_03,03.CCTV Mobile Usage.mkv,632de9ed55947761d56d4c6142a3cb1a1fe69d0b1a6d0e01a2e404c697962623,dfine_sahi,185900.0,keyboard,0.4803,52.02,443.43,71.69,471.49,552.1,19.67,28.07,0.701,False,,True,S-61,43,evt_S-61_desk_work_surface_0011,4e9267c05a309422,pose_hand_context,,50319.5,2.85,,1,cam12/e1/v1,rtmpose_baseline
corpus_03,03.CCTV Mobile Usage.mkv,632de9ed55947761d56d4c6142a3cb1a1fe69d0b1a6d0e01a2e404c697962623,dfine_sahi,185900.0,monitor_or_bezel,0.4419,177.74,435.44,275.94,536.92,9964.6,98.2,101.47,0.968,False,,True,S-61,43,evt_S-61_desk_work_surface_0011,4e9267c05a309422,pose_hand_context,,50319.5,2.85,,1,cam12/e1/v1,rtmpose_baseline
corpus_03,03.CCTV Mobile Usage.mkv,632de9ed55947761d56d4c6142a3cb1a1fe69d0b1a6d0e01a2e404c697962623,dfine_sahi,185900.0,phone,0.4379,52.01,443.71,71.79,471.6,551.9,19.79,27.89,0.709,False,,True,S-61,43,evt_S-61_desk_work_surface_0011,4e9267c05a309422,pose_hand_context,,50319.5,2.85,,1,cam12/e1/v1,rtmpose_baseline
corpus_03,03.CCTV Mobile Usage.mkv,632de9ed55947761d56d4c6142a3cb1a1fe69d0b1a6d0e01a2e404c697962623,dfine_sahi,185900.0,unknown_object,0.4069,149.99,435.23,181.86,512.33,2457.1,31.87,77.1,0.413,False,,True,S-61,43,evt_S-61_desk_work_surface_0011,4e9267c05a309422,pose_hand_context,,50319.5,2.85,,1,cam12/e1/v1,rtmpose_baseline
corpus_03,03.CCTV Mobile Usage.mkv,632de9ed55947761d56d4c6142a3cb1a1fe69d0b1a6d0e01a2e404c697962623,dfine_sahi,185900.0,keyboard,0.3882,182.78,500.56,275.94,536.79,3375.6,93.16,36.24,2.571,False,,True,S-61,43,evt_S-61_desk_work_surface_0011,4e9267c05a309422,pose_hand_context,,50319.5,2.85,,1,cam12/e1/v1,rtmpose_baseline
corpus_03,03.CCTV Mobile Usage.mkv,632de9ed55947761d56d4c6142a3cb1a1fe69d0b1a6d0e01a2e404c697962623,dfine_sahi,185900.0,bag,0.3836,80.92,383.97,160.24,456.84,5780.0,79.32,72.87,1.089,False,,True,S-61,43,evt_S-61_desk_work_surface_0011,4e9267c05a309422,pose_hand_context,,50319.5,2.85,,1,cam12/e1/v1,rtmpose_baseline
corpus_03,03.CCTV Mobile Usage.mkv,632de9ed55947761d56d4c6142a3cb1a1fe69d0b1a6d0e01a2e404c697962623,dfine_sahi,185900.0,unknown_object,0.3562,51.99,435.21,177.94,560.33,15758.9,125.95,125.12,1.007,False,,True,S-61,43,evt_S-61_desk_work_surface_0011,4e9267c05a309422,pose_hand_context,,50319.5,2.85,,1,cam12/e1/v1,rtmpose_baseline
corpus_03,03.CCTV Mobile Usage.mkv,632de9ed55947761d56d4c6142a3cb1a1fe69d0b1a6d0e01a2e404c697962623,dfine_sahi,185900.0,unknown_object,0.3151,51.96,356.29,84.26,409.2,1708.9,32.3,52.91,0.61,False,,True,S-61,43,evt_S-61_desk_work_surface_0011,4e9267c05a309422,pose_hand_context,,50319.5,2.85,,1,cam12/e1/v1,rtmpose_baseline
corpus_03,03.CCTV Mobile Usage.mkv,632de9ed55947761d56d4c6142a3cb1a1fe69d0b1a6d0e01a2e404c697962623,dfine_sahi,185900.0,mouse,0.2819,52.21,522.35,78.77,553.07,816.1,26.56,30.73,0.864,False,,True,S-61,43,evt_S-61_desk_work_surface_0011,4e9267c05a309422,pose_hand_context,,50319.5,2.85,,1,cam12/e1/v1,rtmpose_baseline
corpus_03,03.CCTV Mobile Usage.mkv,632de9ed55947761d56d4c6142a3cb1a1fe69d0b1a6d0e01a2e404c697962623,dfine_sahi,185900.0,stationery,0.2579,51.96,492.83,102.09,560.61,3398.0,50.13,67.79,0.74,False,,True,S-61,43,evt_S-61_desk_work_surface_0011,4e9267c05a309422,pose_hand_context,,50319.5,2.85,,1,cam12/e1/v1,rtmpose_baseline
corpus_03,03.CCTV Mobile Usage.mkv,632de9ed55947761d56d4c6142a3cb1a1fe69d0b1a6d0e01a2e404c697962623,dfine_sahi,186900.0,stationery,0.5474,48.01,443.44,71.54,471.26,654.7,23.53,27.82,0.846,False,,True,S-61,43,evt_S-61_desk_work_surface_0011,b7bdb405893ab3c6,pose_hand_context,,53527.4,2.77,,1,cam12/e1/v1,rtmpose_baseline
corpus_03,03.CCTV Mobile Usage.mkv,632de9ed55947761d56d4c6142a3cb1a1fe69d0b1a6d0e01a2e404c697962623,dfine_sahi,186900.0,unknown_object,0.5359,149.0,430.28,208.69,559.19,7694.0,59.69,128.91,0.463,False,,True,S-61,43,evt_S-61_desk_work_surface_0011,b7bdb405893ab3c6,pose_hand_context,,53527.4,2.77,,1,cam12/e1/v1,rtmpose_baseline
corpus_03,03.CCTV Mobile Usage.mkv,632de9ed55947761d56d4c6142a3cb1a1fe69d0b1a6d0e01a2e404c697962623,dfine_sahi,186900.0,phone,0.4881,180.2,389.57,200.2,399.7,202.7,20.0,10.14,1.973,False,,True,S-61,43,evt_S-61_desk_work_surface_0011,b7bdb405893ab3c6,pose_hand_context,,53527.4,2.77,,1,cam12/e1/v1,rtmpose_baseline
corpus_03,03.CCTV Mobile Usage.mkv,632de9ed55947761d56d4c6142a3cb1a1fe69d0b1a6d0e01a2e404c697962623,dfine_sahi,186900.0,stationery,0.4738,48.06,491.44,173.67,559.58,8559.8,125.62,68.14,1.844,False,,True,S-61,43,evt_S-61_desk_work_surface_0011,b7bdb405893ab3c6,pose_hand_context,,53527.4,2.77,,1,cam12/e1/v1,rtmpose_baseline
corpus_03,03.CCTV Mobile Usage.mkv,632de9ed55947761d56d4c6142a3cb1a1fe69d0b1a6d0e01a2e404c697962623,dfine_sahi,186900.0,unknown_object,0.4418,47.95,356.18,85.45,438.35,3081.2,37.5,82.17,0.456,False,,True,S-61,43,evt_S-61_desk_work_surface_0011,b7bdb405893ab3c6,pose_hand_context,,53527.4,2.77,,1,cam12/e1/v1,rtmpose_baseline
corpus_03,03.CCTV Mobile Usage.mkv,632de9ed55947761d56d4c6142a3cb1a1fe69d0b1a6d0e01a2e404c697962623,dfine_sahi,186900.0,bag,0.4017,80.95,383.33,170.68,456.32,6549.1,89.72,72.99,1.229,False,,True,S-61,43,evt_S-61_desk_work_surface_0011,b7bdb405893ab3c6,pose_hand_context,,53527.4,2.77,,1,cam12/e1/v1,rtmpose_baseline
corpus_03,03.CCTV Mobile Usage.mkv,632de9ed55947761d56d4c6142a3cb1a1fe69d0b1a6d0e01a2e404c697962623,dfine_sahi,186900.0,unknown_object,0.3556,149.0,430.23,182.92,499.68,2356.4,33.93,69.46,0.488,False,,True,S-61,43,evt_S-61_desk_work_surface_0011,b7bdb405893ab3c6,pose_hand_context,,53527.4,2.77,,1,cam12/e1/v1,rtmpose_baseline
corpus_03,03.CCTV Mobile Usage.mkv,632de9ed55947761d56d4c6142a3cb1a1fe69d0b1a6d0e01a2e404c697962623,dfine_sahi,186900.0,unknown_object,0.3555,149.07,499.25,278.91,559.28,7794.0,129.84,60.03,2.163,False,,True,S-61,43,evt_S-61_desk_work_surface_0011,b7bdb405893ab3c6,pose_hand_context,,53527.4,2.77,,1,cam12/e1/v1,rtmpose_baseline
corpus_03,03.CCTV Mobile Usage.mkv,632de9ed55947761d56d4c6142a3cb1a1fe69d0b1a6d0e01a2e404c697962623,dfine_sahi,186900.0,unknown_object,0.3398,149.01,430.2,278.96,536.96,13873.2,129.94,106.76,1.217,False,,True,S-61,43,evt_S-61_desk_work_surface_0011,b7bdb405893ab3c6,pose_hand_context,,53527.4,2.77,,1,cam12/e1/v1,rtmpose_baseline
corpus_03,03.CCTV Mobile Usage.mkv,632de9ed55947761d56d4c6142a3cb1a1fe69d0b1a6d0e01a2e404c697962623,dfine_sahi,186900.0,phone,0.306,122.14,480.97,173.08,510.9,1524.6,50.94,29.93,1.702,False,,True,S-61,43,evt_S-61_desk_work_surface_0011,b7bdb405893ab3c6,pose_hand_context,,53527.4,2.77,,1,cam12/e1/v1,rtmpose_baseline
corpus_03,03.CCTV Mobile Usage.mkv,632de9ed55947761d56d4c6142a3cb1a1fe69d0b1a6d0e01a2e404c697962623,dfine_sahi,186900.0,unknown_object,0.304,48.15,328.77,108.59,382.7,3259.9,60.44,53.93,1.121,False,,True,S-61,43,evt_S-61_desk_work_surface_0011,b7bdb405893ab3c6,pose_hand_context,,53527.4,2.77,,1,cam12/e1/v1,rtmpose_baseline
corpus_03,03.CCTV Mobile Usage.mkv,632de9ed55947761d56d4c6142a3cb1a1fe69d0b1a6d0e01a2e404c697962623,dfine_sahi,186900.0,mouse,0.2797,48.89,519.07,78.8,553.22,1021.2,29.9,34.15,0.876,False,,True,S-61,43,evt_S-61_desk_work_surface_0011,b7bdb405893ab3c6,pose_hand_context,,53527.4,2.77,,1,cam12/e1/v1,rtmpose_baseline
corpus_03,03.CCTV Mobile Usage.mkv,632de9ed55947761d56d4c6142a3cb1a1fe69d0b1a6d0e01a2e404c697962623,dfine_sahi,186900.0,phone,0.2522,162.66,530.79,206.06,548.94,787.6,43.4,18.15,2.391,False,,True,S-61,43,evt_S-61_desk_work_surface_0011,b7bdb405893ab3c6,pose_hand_context,,53527.4,2.77,,1,cam12/e1/v1,rtmpose_baseline
corpus_03,03.CCTV Mobile Usage.mkv,632de9ed55947761d56d4c6142a3cb1a1fe69d0b1a6d0e01a2e404c697962623,dfine_sahi,187900.0,monitor_or_bezel,0.6565,814.03,17.08,843.74,44.68,819.9,29.71,27.59,1.077,False,,True,unattributed,44,evt_S-61_desk_work_surface_0011,32e9c8a7263b94d7,pose_hand_context,,2304.0,13.33,,1,cam12/e1/v1,rtmpose_baseline
corpus_03,03.CCTV Mobile Usage.mkv,632de9ed55947761d56d4c6142a3cb1a1fe69d0b1a6d0e01a2e404c697962623,dfine_sahi,187900.0,unknown_object,0.3252,830.44,83.24,909.9,112.85,2352.8,79.45,29.61,2.683,False,,True,unattributed,44,evt_S-61_desk_work_surface_0011,32e9c8a7263b94d7,pose_hand_context,,2304.0,13.33,,1,cam12/e1/v1,rtmpose_baseline
corpus_03,03.CCTV Mobile Usage.mkv,632de9ed55947761d56d4c6142a3cb1a1fe69d0b1a6d0e01a2e404c697962623,dfine_sahi,187900.0,unknown_object,0.868,75.06,401.22,171.96,497.43,9321.8,96.89,96.21,1.007,False,,True,S-61,43,evt_S-61_desk_work_surface_0011,4bf3398ba8046c09,pose_hand_context,,29908.2,3.7,,1,cam12/e1/v1,rtmpose_baseline
corpus_03,03.CCTV Mobile Usage.mkv,632de9ed55947761d56d4c6142a3cb1a1fe69d0b1a6d0e01a2e404c697962623,dfine_sahi,187900.0,unknown_object,0.5964,151.01,476.23,247.92,572.43,9321.7,96.9,96.19,1.007,False,,True,S-61,43,evt_S-61_desk_work_surface_0011,4bf3398ba8046c09,pose_hand_context,,29908.2,3.7,,1,cam12/e1/v1,rtmpose_baseline
corpus_03,03.CCTV Mobile Usage.mkv,632de9ed55947761d56d4c6142a3cb1a1fe69d0b1a6d0e01a2e404c697962623,dfine_sahi,187900.0,unknown_object,0.5872,75.04,403.12,216.54,571.14,23775.1,141.5,168.02,0.842,False,,True,S-61,43,evt_S-61_desk_work_surface_0011,4bf3398ba8046c09,pose_hand_context,,29908.2,3.7,,1,cam12/e1/v1,rtmpose_baseline
corpus_03,03.CCTV Mobile Usage.mkv,632de9ed55947761d56d4c6142a3cb1a1fe69d0b1a6d0e01a2e404c697962623,dfine_sahi,187900.0,unknown_object,0.549,75.01,476.09,171.89,543.69,6549.1,96.88,67.6,1.433,False,,True,S-61,43,evt_S-61_desk_work_surface_0011,4bf3398ba8046c09,pose_hand_context,,29908.2,3.7,,1,cam12/e1/v1,rtmpose_baseline
corpus_03,03.CCTV Mobile Usage.mkv,632de9ed55947761d56d4c6142a3cb1a1fe69d0b1a6d0e01a2e404c697962623,dfine_sahi,187900.0,unknown_object,0.4827,151.01,401.16,247.92,497.28,9315.2,96.91,96.12,1.008,False,,True,S-61,43,evt_S-61_desk_work_surface_0011,4bf3398ba8046c09,pose_hand_context,,29908.2,3.7,,1,cam12/e1/v1,rtmpose_baseline
corpus_03,03.CCTV Mobile Usage.mkv,632de9ed55947761d56d4c6142a3cb1a1fe69d0b1a6d0e01a2e404c697962623,dfine_sahi,187900.0,unknown_object,0.3959,104.35,476.06,171.96,505.86,2015.2,67.61,29.81,2.268,False,,True,S-61,43,evt_S-61_desk_work_surface_0011,4bf3398ba8046c09,pose_hand_context,,29908.2,3.7,,1,cam12/e1/v1,rtmpose_baseline
corpus_03,03.CCTV Mobile Usage.mkv,632de9ed55947761d56d4c6142a3cb1a1fe69d0b1a6d0e01a2e404c697962623,dfine_sahi,187900.0,unknown_object,0.3658,150.99,401.21,184.02,458.1,1878.7,33.03,56.89,0.581,False,,True,S-61,43,evt_S-61_desk_work_surface_0011,4bf3398ba8046c09,pose_hand_context,,29908.2,3.7,,1,cam12/e1/v1,rtmpose_baseline
corpus_03,03.CCTV Mobile Usage.mkv,632de9ed55947761d56d4c6142a3cb1a1fe69d0b1a6d0e01a2e404c697962623,dfine_sahi,187900.0,stationery,0.2692,105.14,448.43,183.2,481.18,2556.4,78.06,32.75,2.383,False,,True,S-61,43,evt_S-61_desk_work_surface_0011,4bf3398ba8046c09,pose_hand_context,,29908.2,3.7,,1,cam12/e1/v1,rtmpose_baseline
corpus_03,03.CCTV Mobile Usage.mkv,632de9ed55947761d56d4c6142a3cb1a1fe69d0b1a6d0e01a2e404c697962623,dfine_sahi,188900.0,monitor_or_bezel,0.7475,792.15,20.07,843.13,44.98,1269.7,50.97,24.91,2.046,False,,True,unattributed,45,evt_S-61_desk_work_surface_0011,d5629fce5745428f,native_source_context_fallback,no_pose_observation,6264.2,6.73,,1,cam12/e1/v1,
corpus_03,03.CCTV Mobile Usage.mkv,632de9ed55947761d56d4c6142a3cb1a1fe69d0b1a6d0e01a2e404c697962623,dfine_sahi,188900.0,bag,0.6265,841.8,14.43,886.43,53.85,1759.1,44.62,39.42,1.132,False,,True,unattributed,45,evt_S-61_desk_work_surface_0011,d5629fce5745428f,native_source_context_fallback,no_pose_observation,6264.2,6.73,,1,cam12/e1/v1,
corpus_03,03.CCTV Mobile Usage.mkv,632de9ed55947761d56d4c6142a3cb1a1fe69d0b1a6d0e01a2e404c697962623,dfine_sahi,188900.0,monitor_or_bezel,0.5804,821.0,20.09,843.31,45.06,557.3,22.31,24.97,0.893,False,,True,unattributed,45,evt_S-61_desk_work_surface_0011,d5629fce5745428f,native_source_context_fallback,no_pose_observation,6264.2,6.73,,1,cam12/e1/v1,
corpus_03,03.CCTV Mobile Usage.mkv,632de9ed55947761d56d4c6142a3cb1a1fe69d0b1a6d0e01a2e404c697962623,dfine_sahi,188900.0,bag,0.5757,829.04,46.74,879.07,85.57,1942.3,50.02,38.83,1.288,False,,True,unattributed,45,evt_S-61_desk_work_surface_0011,d5629fce5745428f,native_source_context_fallback,no_pose_observation,6264.2,6.73,,1,cam12/e1/v1,
corpus_03,03.CCTV Mobile Usage.mkv,632de9ed55947761d56d4c6142a3cb1a1fe69d0b1a6d0e01a2e404c697962623,dfine_sahi,188900.0,monitor_or_bezel,0.5446,807.03,4.24,854.63,45.23,1951.3,47.6,40.99,1.161,False,,True,unattributed,45,evt_S-61_desk_work_surface_0011,d5629fce5745428f,native_source_context_fallback,no_pose_observation,6264.2,6.73,,1,cam12/e1/v1,
corpus_03,03.CCTV Mobile Usage.mkv,632de9ed55947761d56d4c6142a3cb1a1fe69d0b1a6d0e01a2e404c697962623,dfine_sahi,188900.0,unknown_object,0.323,831.57,83.27,902.95,95.86,899.2,71.38,12.6,5.666,False,,True,unattributed,45,evt_S-61_desk_work_surface_0011,d5629fce5745428f,native_source_context_fallback,no_pose_observation,6264.2,6.73,,1,cam12/e1/v1,
corpus_03,03.CCTV Mobile Usage.mkv,632de9ed55947761d56d4c6142a3cb1a1fe69d0b1a6d0e01a2e404c697962623,dfine_sahi,188900.0,unknown_object,0.3188,823.08,46.79,879.69,94.83,2719.5,56.6,48.04,1.178,False,,True,unattributed,45,evt_S-61_desk_work_surface_0011,d5629fce5745428f,native_source_context_fallback,no_pose_observation,6264.2,6.73,,1,cam12/e1/v1,
corpus_03,03.CCTV Mobile Usage.mkv,632de9ed55947761d56d4c6142a3cb1a1fe69d0b1a6d0e01a2e404c697962623,dfine_sahi,188900.0,bag,0.2917,823.03,13.6,886.48,93.62,5077.2,63.45,80.02,0.793,False,,True,unattributed,45,evt_S-61_desk_work_surface_0011,d5629fce5745428f,native_source_context_fallback,no_pose_observation,6264.2,6.73,,1,cam12/e1/v1,
corpus_03,03.CCTV Mobile Usage.mkv,632de9ed55947761d56d4c6142a3cb1a1fe69d0b1a6d0e01a2e404c697962623,dfine_sahi,188900.0,bag,0.2767,792.16,32.31,830.57,89.22,2186.0,38.42,56.91,0.675,False,,True,unattributed,45,evt_S-61_desk_work_surface_0011,d5629fce5745428f,native_source_context_fallback,no_pose_observation,6264.2,6.73,,1,cam12/e1/v1,
corpus_03,03.CCTV Mobile Usage.mkv,632de9ed55947761d56d4c6142a3cb1a1fe69d0b1a6d0e01a2e404c697962623,dfine_sahi,188900.0,bag,0.2642,807.05,46.03,830.88,91.97,1094.8,23.83,45.94,0.519,False,,True,unattributed,45,evt_S-61_desk_work_surface_0011,d5629fce5745428f,native_source_context_fallback,no_pose_observation,6264.2,6.73,,1,cam12/e1/v1,
corpus_03,03.CCTV Mobile Usage.mkv,632de9ed55947761d56d4c6142a3cb1a1fe69d0b1a6d0e01a2e404c697962623,dfine_sahi,188900.0,monitor_or_bezel,0.26,792.05,20.09,842.92,87.19,3413.0,50.86,67.1,0.758,False,,True,unattributed,45,evt_S-61_desk_work_surface_0011,d5629fce5745428f,native_source_context_fallback,no_pose_observation,6264.2,6.73,,1,cam12/e1/v1,
corpus_03,03.CCTV Mobile Usage.mkv,632de9ed55947761d56d4c6142a3cb1a1fe69d0b1a6d0e01a2e404c697962623,dfine_sahi,188900.0,unknown_object,0.5553,80.49,417.09,155.01,455.52,2863.8,74.52,38.43,1.939,False,,True,S-61,43,evt_S-61_desk_work_surface_0011,d8e5ab1b8e525e2d,pose_hand_context,,38573.0,3.26,,1,cam12/e1/v1,rtmpose_baseline
corpus_03,03.CCTV Mobile Usage.mkv,632de9ed55947761d56d4c6142a3cb1a1fe69d0b1a6d0e01a2e404c697962623,dfine_sahi,188900.0,phone,0.459,44.97,443.56,71.62,471.15,735.1,26.65,27.59,0.966,False,,True,S-61,43,evt_S-61_desk_work_surface_0011,d8e5ab1b8e525e2d,pose_hand_context,,38573.0,3.26,,1,cam12/e1/v1,rtmpose_baseline
corpus_03,03.CCTV Mobile Usage.mkv,632de9ed55947761d56d4c6142a3cb1a1fe69d0b1a6d0e01a2e404c697962623,dfine_sahi,188900.0,unknown_object,0.4479,45.15,331.14,154.86,440.07,11951.2,109.71,108.93,1.007,False,,True,S-61,43,evt_S-61_desk_work_surface_0011,d8e5ab1b8e525e2d,pose_hand_context,,38573.0,3.26,,1,cam12/e1/v1,rtmpose_baseline
corpus_03,03.CCTV Mobile Usage.mkv,632de9ed55947761d56d4c6142a3cb1a1fe69d0b1a6d0e01a2e404c697962623,dfine_sahi,188900.0,unknown_object,0.4061,45.03,417.31,154.87,526.29,11971.2,109.85,108.98,1.008,False,,True,S-61,43,evt_S-61_desk_work_surface_0011,d8e5ab1b8e525e2d,pose_hand_context,,38573.0,3.26,,1,cam12/e1/v1,rtmpose_baseline
corpus_03,03.CCTV Mobile Usage.mkv,632de9ed55947761d56d4c6142a3cb1a1fe69d0b1a6d0e01a2e404c697962623,dfine_sahi,188900.0,unknown_object,0.3461,44.99,356.29,83.97,407.3,1988.3,38.97,51.02,0.764,False,,True,S-61,43,evt_S-61_desk_work_surface_0011,d8e5ab1b8e525e2d,pose_hand_context,,38573.0,3.26,,1,cam12/e1/v1,rtmpose_baseline
corpus_03,03.CCTV Mobile Usage.mkv,632de9ed55947761d56d4c6142a3cb1a1fe69d0b1a6d0e01a2e404c697962623,dfine_sahi,188900.0,phone,0.3098,175.73,376.61,190.5,388.49,175.3,14.76,11.87,1.243,False,,True,S-61,43,evt_S-61_desk_work_surface_0011,d8e5ab1b8e525e2d,pose_hand_context,,38573.0,3.26,,1,cam12/e1/v1,rtmpose_baseline
corpus_03,03.CCTV Mobile Usage.mkv,632de9ed55947761d56d4c6142a3cb1a1fe69d0b1a6d0e01a2e404c697962623,dfine_sahi,188900.0,unknown_object,0.2913,152.52,448.92,185.75,501.89,1759.8,33.23,52.97,0.627,False,,True,S-61,43,evt_S-61_desk_work_surface_0011,d8e5ab1b8e525e2d,pose_hand_context,,38573.0,3.26,,1,cam12/e1/v1,rtmpose_baseline
corpus_03,03.CCTV Mobile Usage.mkv,632de9ed55947761d56d4c6142a3cb1a1fe69d0b1a6d0e01a2e404c697962623,dfine_sahi,188900.0,bag,0.2674,81.86,383.73,163.78,442.53,4817.3,81.92,58.81,1.393,False,,True,S-61,43,evt_S-61_desk_work_surface_0011,d8e5ab1b8e525e2d,pose_hand_context,,38573.0,3.26,,1,cam12/e1/v1,rtmpose_baseline
corpus_03,03.CCTV Mobile Usage.mkv,632de9ed55947761d56d4c6142a3cb1a1fe69d0b1a6d0e01a2e404c697962623,dfine_sahi,189900.0,unknown_object,0.6063,107.31,471.07,189.09,514.07,3516.6,81.78,43.0,1.902,False,,True,S-61,43,evt_S-61_desk_work_surface_0011,9312cfc9f7912b33,pose_hand_context,,42956.7,3.09,,1,cam12/e1/v1,rtmpose_baseline
corpus_03,03.CCTV Mobile Usage.mkv,632de9ed55947761d56d4c6142a3cb1a1fe69d0b1a6d0e01a2e404c697962623,dfine_sahi,189900.0,unknown_object,0.5702,163.0,471.21,279.91,587.33,13574.7,116.9,116.12,1.007,False,,True,S-61,43,evt_S-61_desk_work_surface_0011,9312cfc9f7912b33,pose_hand_context,,42956.7,3.09,,1,cam12/e1/v1,rtmpose_baseline
corpus_03,03.CCTV Mobile Usage.mkv,632de9ed55947761d56d4c6142a3cb1a1fe69d0b1a6d0e01a2e404c697962623,dfine_sahi,189900.0,unknown_object,0.4588,175.57,381.42,279.88,495.48,11897.6,104.31,114.06,0.915,False,,True,S-61,43,evt_S-61_desk_work_surface_0011,9312cfc9f7912b33,pose_hand_context,,42956.7,3.09,,1,cam12/e1/v1,rtmpose_baseline
corpus_03,03.CCTV Mobile Usage.mkv,632de9ed55947761d56d4c6142a3cb1a1fe69d0b1a6d0e01a2e404c697962623,dfine_sahi,189900.0,unknown_object,0.4507,80.24,381.43,185.14,454.19,7631.7,104.89,72.76,1.442,False,,True,S-61,43,evt_S-61_desk_work_surface_0011,9312cfc9f7912b33,pose_hand_context,,42956.7,3.09,,1,cam12/e1/v1,rtmpose_baseline
corpus_03,03.CCTV Mobile Usage.mkv,632de9ed55947761d56d4c6142a3cb1a1fe69d0b1a6d0e01a2e404c697962623,dfine_sahi,189900.0,bag,0.4506,78.26,381.34,171.26,452.49,6616.7,92.99,71.15,1.307,False,,True,S-61,43,evt_S-61_desk_work_surface_0011,9312cfc9f7912b33,pose_hand_context,,42956.7,3.09,,1,cam12/e1/v1,rtmpose_baseline
corpus_03,03.CCTV Mobile Usage.mkv,632de9ed55947761d56d4c6142a3cb1a1fe69d0b1a6d0e01a2e404c697962623,dfine_sahi,189900.0,unknown_object,0.4005,73.06,382.27,220.86,587.09,30271.0,147.79,204.82,0.722,False,,True,S-61,43,evt_S-61_desk_work_surface_0011,9312cfc9f7912b33,pose_hand_context,,42956.7,3.09,,1,cam12/e1/v1,rtmpose_baseline
corpus_03,03.CCTV Mobile Usage.mkv,632de9ed55947761d56d4c6142a3cb1a1fe69d0b1a6d0e01a2e404c697962623,dfine_sahi,189900.0,phone,0.3893,90.22,451.87,136.68,471.04,890.4,46.46,19.17,2.424,False,,True,S-61,43,evt_S-61_desk_work_surface_0011,9312cfc9f7912b33,pose_hand_context,,42956.7,3.09,,1,cam12/e1/v1,rtmpose_baseline
corpus_03,03.CCTV Mobile Usage.mkv,632de9ed55947761d56d4c6142a3cb1a1fe69d0b1a6d0e01a2e404c697962623,dfine_sahi,189900.0,unknown_object,0.3652,108.56,439.95,188.93,496.71,4561.7,80.37,56.76,1.416,False,,True,S-61,43,evt_S-61_desk_work_surface_0011,9312cfc9f7912b33,pose_hand_context,,42956.7,3.09,,1,cam12/e1/v1,rtmpose_baseline
corpus_03,03.CCTV Mobile Usage.mkv,632de9ed55947761d56d4c6142a3cb1a1fe69d0b1a6d0e01a2e404c697962623,dfine_sahi,189900.0,unknown_object,0.3581,72.94,471.19,189.21,587.44,13515.8,116.27,116.25,1.0,False,,True,S-61,43,evt_S-61_desk_work_surface_0011,9312cfc9f7912b33,pose_hand_context,,42956.7,3.09,,1,cam12/e1/v1,rtmpose_baseline
corpus_03,03.CCTV Mobile Usage.mkv,632de9ed55947761d56d4c6142a3cb1a1fe69d0b1a6d0e01a2e404c697962623,dfine_sahi,189900.0,phone,0.3157,90.73,439.82,164.41,471.22,2313.3,73.68,31.39,2.347,False,,True,S-61,43,evt_S-61_desk_work_surface_0011,9312cfc9f7912b33,pose_hand_context,,42956.7,3.09,,1,cam12/e1/v1,rtmpose_baseline
corpus_03,03.CCTV Mobile Usage.mkv,632de9ed55947761d56d4c6142a3cb1a1fe69d0b1a6d0e01a2e404c697962623,dfine_sahi,189900.0,unknown_object,0.2754,73.14,399.77,188.86,496.55,11199.7,115.72,96.78,1.196,False,,True,S-61,43,evt_S-61_desk_work_surface_0011,9312cfc9f7912b33,pose_hand_context,,42956.7,3.09,,1,cam12/e1/v1,rtmpose_baseline
corpus_03,03.CCTV Mobile Usage.mkv,632de9ed55947761d56d4c6142a3cb1a1fe69d0b1a6d0e01a2e404c697962623,dfine_sahi,190900.0,unknown_object,0.6763,129.02,445.45,244.84,532.35,10065.8,115.83,86.9,1.333,False,,True,S-61,43,evt_S-61_desk_work_surface_0011,d9ace3c4db8b6ae4,pose_hand_context,,42543.2,3.1,,1,cam12/e1/v1,rtmpose_baseline
corpus_03,03.CCTV Mobile Usage.mkv,632de9ed55947761d56d4c6142a3cb1a1fe69d0b1a6d0e01a2e404c697962623,dfine_sahi,190900.0,unknown_object,0.5518,38.0,417.48,153.92,532.28,13308.0,115.92,114.8,1.01,False,,True,S-61,43,evt_S-61_desk_work_surface_0011,d9ace3c4db8b6ae4,pose_hand_context,,42543.2,3.1,,1,cam12/e1/v1,rtmpose_baseline
corpus_03,03.CCTV Mobile Usage.mkv,632de9ed55947761d56d4c6142a3cb1a1fe69d0b1a6d0e01a2e404c697962623,dfine_sahi,190900.0,unknown_object,0.4962,80.49,417.14,153.96,460.13,3158.5,73.47,42.99,1.709,False,,True,S-61,43,evt_S-61_desk_work_surface_0011,d9ace3c4db8b6ae4,pose_hand_context,,42543.2,3.1,,1,cam12/e1/v1,rtmpose_baseline
corpus_03,03.CCTV Mobile Usage.mkv,632de9ed55947761d56d4c6142a3cb1a1fe69d0b1a6d0e01a2e404c697962623,dfine_sahi,190900.0,unknown_object,0.3681,39.69,356.31,84.24,408.22,2312.4,44.55,51.9,0.858,False,,True,S-61,43,evt_S-61_desk_work_surface_0011,d9ace3c4db8b6ae4,pose_hand_context,,42543.2,3.1,,1,cam12/e1/v1,rtmpose_baseline
corpus_03,03.CCTV Mobile Usage.mkv,632de9ed55947761d56d4c6142a3cb1a1fe69d0b1a6d0e01a2e404c697962623,dfine_sahi,190900.0,phone,0.2879,178.57,378.51,194.2,390.9,193.7,15.63,12.39,1.261,False,,True,S-61,43,evt_S-61_desk_work_surface_0011,d9ace3c4db8b6ae4,pose_hand_context,,42543.2,3.1,,1,cam12/e1/v1,rtmpose_baseline
corpus_03,03.CCTV Mobile Usage.mkv,632de9ed55947761d56d4c6142a3cb1a1fe69d0b1a6d0e01a2e404c697962623,dfine_sahi,190900.0,unknown_object,0.2534,40.11,443.98,71.75,471.58,873.5,31.64,27.61,1.146,False,,True,S-61,43,evt_S-61_desk_work_surface_0011,d9ace3c4db8b6ae4,pose_hand_context,,42543.2,3.1,,1,cam12/e1/v1,rtmpose_baseline
corpus_03,03.CCTV Mobile Usage.mkv,632de9ed55947761d56d4c6142a3cb1a1fe69d0b1a6d0e01a2e404c697962623,dfine_sahi,191900.0,keyboard,0.9092,962.22,451.95,1067.64,491.42,4160.7,105.42,39.47,2.671,False,,True,R-desk,46,evt_S-61_desk_work_surface_0011,18214d6b4fef384d,lap_bag_context,no_pose_observation,34560.0,1.33,,1,cam12/e1/v1,
corpus_03,03.CCTV Mobile Usage.mkv,632de9ed55947761d56d4c6142a3cb1a1fe69d0b1a6d0e01a2e404c697962623,dfine_sahi,191900.0,keyboard,0.7476,772.04,380.18,870.8,420.33,3965.1,98.76,40.15,2.46,False,,True,R-desk,46,evt_S-61_desk_work_surface_0011,18214d6b4fef384d,lap_bag_context,no_pose_observation,34560.0,1.33,,1,cam12/e1/v1,
corpus_03,03.CCTV Mobile Usage.mkv,632de9ed55947761d56d4c6142a3cb1a1fe69d0b1a6d0e01a2e404c697962623,dfine_sahi,191900.0,unknown_object,0.7392,699.86,396.17,842.85,492.08,13714.7,142.99,95.91,1.491,False,,True,R-desk,46,evt_S-61_desk_work_surface_0011,18214d6b4fef384d,lap_bag_context,no_pose_observation,34560.0,1.33,,1,cam12/e1/v1,
corpus_03,03.CCTV Mobile Usage.mkv,632de9ed55947761d56d4c6142a3cb1a1fe69d0b1a6d0e01a2e404c697962623,dfine_sahi,191900.0,mouse,0.7361,864.93,413.64,891.25,435.43,573.6,26.32,21.79,1.208,False,,True,R-desk,46,evt_S-61_desk_work_surface_0011,18214d6b4fef384d,lap_bag_context,no_pose_observation,34560.0,1.33,,1,cam12/e1/v1,
corpus_03,03.CCTV Mobile Usage.mkv,632de9ed55947761d56d4c6142a3cb1a1fe69d0b1a6d0e01a2e404c697962623,dfine_sahi,191900.0,monitor_or_bezel,0.7032,962.85,380.46,1152.65,475.06,17955.7,189.8,94.6,2.006,False,,True,R-desk,46,evt_S-61_desk_work_surface_0011,18214d6b4fef384d,lap_bag_context,no_pose_observation,34560.0,1.33,,1,cam12/e1/v1,
corpus_03,03.CCTV Mobile Usage.mkv,632de9ed55947761d56d4c6142a3cb1a1fe69d0b1a6d0e01a2e404c697962623,dfine_sahi,191900.0,monitor_or_bezel,0.6978,910.27,411.2,1141.6,506.39,22020.7,231.33,95.19,2.43,False,,True,R-desk,46,evt_S-61_desk_work_surface_0011,18214d6b4fef384d,lap_bag_context,no_pose_observation,34560.0,1.33,,1,cam12/e1/v1,
corpus_03,03.CCTV Mobile Usage.mkv,632de9ed55947761d56d4c6142a3cb1a1fe69d0b1a6d0e01a2e404c697962623,dfine_sahi,191900.0,monitor_or_bezel,0.6704,1019.22,395.98,1145.74,447.85,6562.1,126.52,51.87,2.439,False,,True,R-desk,46,evt_S-61_desk_work_surface_0011,18214d6b4fef384d,lap_bag_context,no_pose_observation,34560.0,1.33,,1,cam12/e1/v1,
corpus_03,03.CCTV Mobile Usage.mkv,632de9ed55947761d56d4c6142a3cb1a1fe69d0b1a6d0e01a2e404c697962623,dfine_sahi,191900.0,keyboard,0.6273,802.03,396.21,871.1,420.57,1682.6,69.06,24.36,2.835,False,,True,R-desk,46,evt_S-61_desk_work_surface_0011,18214d6b4fef384d,lap_bag_context,no_pose_observation,34560.0,1.33,,1,cam12/e1/v1,
corpus_03,03.CCTV Mobile Usage.mkv,632de9ed55947761d56d4c6142a3cb1a1fe69d0b1a6d0e01a2e404c697962623,dfine_sahi,191900.0,monitor_or_bezel,0.6048,707.46,379.88,969.66,474.91,24915.4,262.2,95.03,2.759,False,,True,R-desk,46,evt_S-61_desk_work_surface_0011,18214d6b4fef384d,lap_bag_context,no_pose_observation,34560.0,1.33,,1,cam12/e1/v1,
corpus_03,03.CCTV Mobile Usage.mkv,632de9ed55947761d56d4c6142a3cb1a1fe69d0b1a6d0e01a2e404c697962623,dfine_sahi,191900.0,keyboard,0.593,962.88,452.37,1034.45,475.53,1657.6,71.57,23.16,3.09,False,,True,R-desk,46,evt_S-61_desk_work_surface_0011,18214d6b4fef384d,lap_bag_context,no_pose_observation,34560.0,1.33,,1,cam12/e1/v1,
corpus_03,03.CCTV Mobile Usage.mkv,632de9ed55947761d56d4c6142a3cb1a1fe69d0b1a6d0e01a2e404c697962623,dfine_sahi,191900.0,unknown_object,0.5425,699.98,380.69,759.1,474.93,5570.9,59.12,94.24,0.627,False,,True,R-desk,46,evt_S-61_desk_work_surface_0011,18214d6b4fef384d,lap_bag_context,no_pose_observation,34560.0,1.33,,1,cam12/e1/v1,
corpus_03,03.CCTV Mobile Usage.mkv,632de9ed55947761d56d4c6142a3cb1a1fe69d0b1a6d0e01a2e404c697962623,dfine_sahi,191900.0,phone,0.5423,1043.47,421.42,1113.26,474.01,3670.7,69.8,52.59,1.327,False,,True,R-desk,46,evt_S-61_desk_work_surface_0011,18214d6b4fef384d,lap_bag_context,no_pose_observation,34560.0,1.33,,1,cam12/e1/v1,
corpus_03,03.CCTV Mobile Usage.mkv,632de9ed55947761d56d4c6142a3cb1a1fe69d0b1a6d0e01a2e404c697962623,dfine_sahi,191900.0,unknown_object,0.3615,764.66,411.02,969.83,505.98,19483.6,205.18,94.96,2.161,False,,True,R-desk,46,evt_S-61_desk_work_surface_0011,18214d6b4fef384d,lap_bag_context,no_pose_observation,34560.0,1.33,,1,cam12/e1/v1,
corpus_03,03.CCTV Mobile Usage.mkv,632de9ed55947761d56d4c6142a3cb1a1fe69d0b1a6d0e01a2e404c697962623,dfine_sahi,191900.0,keyboard,0.3523,910.12,411.25,1092.62,506.25,17337.0,182.5,95.0,1.921,False,,True,R-desk,46,evt_S-61_desk_work_surface_0011,18214d6b4fef384d,lap_bag_context,no_pose_observation,34560.0,1.33,,1,cam12/e1/v1,
corpus_03,03.CCTV Mobile Usage.mkv,632de9ed55947761d56d4c6142a3cb1a1fe69d0b1a6d0e01a2e404c697962623,dfine_sahi,191900.0,keyboard,0.3482,964.36,396.89,1099.61,474.94,10556.2,135.25,78.05,1.733,False,,True,R-desk,46,evt_S-61_desk_work_surface_0011,18214d6b4fef384d,lap_bag_context,no_pose_observation,34560.0,1.33,,1,cam12/e1/v1,
corpus_03,03.CCTV Mobile Usage.mkv,632de9ed55947761d56d4c6142a3cb1a1fe69d0b1a6d0e01a2e404c697962623,dfine_sahi,191900.0,mouse,0.34,967.23,398.4,992.11,410.48,300.6,24.88,12.08,2.059,False,,True,R-desk,46,evt_S-61_desk_work_surface_0011,18214d6b4fef384d,lap_bag_context,no_pose_observation,34560.0,1.33,,1,cam12/e1/v1,
corpus_03,03.CCTV Mobile Usage.mkv,632de9ed55947761d56d4c6142a3cb1a1fe69d0b1a6d0e01a2e404c697962623,dfine_sahi,191900.0,unknown_object,0.281,881.32,411.27,969.87,505.68,8360.1,88.55,94.41,0.938,False,,True,R-desk,46,evt_S-61_desk_work_surface_0011,18214d6b4fef384d,lap_bag_context,no_pose_observation,34560.0,1.33,,1,cam12/e1/v1,
corpus_03,03.CCTV Mobile Usage.mkv,632de9ed55947761d56d4c6142a3cb1a1fe69d0b1a6d0e01a2e404c697962623,dfine_sahi,191900.0,monitor_or_bezel,0.2626,881.33,396.15,949.39,452.71,3848.7,68.05,56.55,1.203,False,,True,R-desk,46,evt_S-61_desk_work_surface_0011,18214d6b4fef384d,lap_bag_context,no_pose_observation,34560.0,1.33,,1,cam12/e1/v1,
corpus_03,03.CCTV Mobile Usage.mkv,632de9ed55947761d56d4c6142a3cb1a1fe69d0b1a6d0e01a2e404c697962623,dfine_sahi,191900.0,unknown_object,0.5142,22.9,416.52,147.06,540.54,15398.9,124.16,124.02,1.001,False,,True,S-61,43,evt_S-61_desk_work_surface_0011,fbcd773baf9b06c1,pose_hand_context,,48682.0,2.9,,1,cam12/e1/v1,rtmpose_baseline
corpus_03,03.CCTV Mobile Usage.mkv,632de9ed55947761d56d4c6142a3cb1a1fe69d0b1a6d0e01a2e404c697962623,dfine_sahi,191900.0,unknown_object,0.3746,90.82,417.47,147.03,464.8,2660.0,56.2,47.33,1.188,False,,True,S-61,43,evt_S-61_desk_work_surface_0011,fbcd773baf9b06c1,pose_hand_context,,48682.0,2.9,,1,cam12/e1/v1,rtmpose_baseline
corpus_03,03.CCTV Mobile Usage.mkv,632de9ed55947761d56d4c6142a3cb1a1fe69d0b1a6d0e01a2e404c697962623,dfine_sahi,191900.0,stationery,0.338,23.05,492.52,165.92,540.75,6889.9,142.87,48.22,2.963,False,,True,S-61,43,evt_S-61_desk_work_surface_0011,fbcd773baf9b06c1,pose_hand_context,,48682.0,2.9,,1,cam12/e1/v1,rtmpose_baseline
corpus_03,03.CCTV Mobile Usage.mkv,632de9ed55947761d56d4c6142a3cb1a1fe69d0b1a6d0e01a2e404c697962623,dfine_sahi,191900.0,stationery,0.3284,119.1,394.53,169.84,421.62,1374.9,50.74,27.09,1.873,False,,True,S-61,43,evt_S-61_desk_work_surface_0011,fbcd773baf9b06c1,pose_hand_context,,48682.0,2.9,,1,cam12/e1/v1,rtmpose_baseline
corpus_03,03.CCTV Mobile Usage.mkv,632de9ed55947761d56d4c6142a3cb1a1fe69d0b1a6d0e01a2e404c697962623,dfine_sahi,191900.0,unknown_object,0.3281,119.06,416.24,243.91,518.9,12817.2,124.84,102.67,1.216,False,,True,S-61,43,evt_S-61_desk_work_surface_0011,fbcd773baf9b06c1,pose_hand_context,,48682.0,2.9,,1,cam12/e1/v1,rtmpose_baseline
corpus_03,03.CCTV Mobile Usage.mkv,632de9ed55947761d56d4c6142a3cb1a1fe69d0b1a6d0e01a2e404c697962623,dfine_sahi,191900.0,unknown_object,0.2901,22.95,320.77,85.7,409.96,5596.0,62.75,89.18,0.704,False,,True,S-61,43,evt_S-61_desk_work_surface_0011,fbcd773baf9b06c1,pose_hand_context,,48682.0,2.9,,1,cam12/e1/v1,rtmpose_baseline
corpus_03,03.CCTV Mobile Usage.mkv,632de9ed55947761d56d4c6142a3cb1a1fe69d0b1a6d0e01a2e404c697962623,dfine_sahi,191900.0,stationery,0.2793,23.0,424.98,94.97,497.85,5244.9,71.97,72.88,0.988,False,,True,S-61,43,evt_S-61_desk_work_surface_0011,fbcd773baf9b06c1,pose_hand_context,,48682.0,2.9,,1,cam12/e1/v1,rtmpose_baseline
corpus_03,03.CCTV Mobile Usage.mkv,632de9ed55947761d56d4c6142a3cb1a1fe69d0b1a6d0e01a2e404c697962623,dfine_sahi,191900.0,unknown_object,0.2619,54.63,443.8,147.02,514.2,6504.1,92.39,70.4,1.312,False,,True,S-61,43,evt_S-61_desk_work_surface_0011,fbcd773baf9b06c1,pose_hand_context,,48682.0,2.9,,1,cam12/e1/v1,rtmpose_baseline
corpus_03,03.CCTV Mobile Usage.mkv,632de9ed55947761d56d4c6142a3cb1a1fe69d0b1a6d0e01a2e404c697962623,dfine_sahi,191900.0,bag,0.2569,82.1,381.68,170.7,433.85,4621.7,88.6,52.16,1.699,False,,True,S-61,43,evt_S-61_desk_work_surface_0011,fbcd773baf9b06c1,pose_hand_context,,48682.0,2.9,,1,cam12/e1/v1,rtmpose_baseline
corpus_03,03.CCTV Mobile Usage.mkv,632de9ed55947761d56d4c6142a3cb1a1fe69d0b1a6d0e01a2e404c697962623,dfine_sahi,192900.0,unknown_object,0.6301,34.07,335.24,147.87,448.29,12865.3,113.8,113.05,1.007,False,,True,S-61,43,evt_S-61_desk_work_surface_0011,75fc24d0e8581c00,pose_hand_context,,41314.6,3.15,,1,cam12/e1/v1,rtmpose_baseline
corpus_03,03.CCTV Mobile Usage.mkv,632de9ed55947761d56d4c6142a3cb1a1fe69d0b1a6d0e01a2e404c697962623,dfine_sahi,192900.0,unknown_object,0.6047,123.12,424.22,236.96,537.27,12870.2,113.84,113.06,1.007,False,,True,S-61,43,evt_S-61_desk_work_surface_0011,75fc24d0e8581c00,pose_hand_context,,41314.6,3.15,,1,cam12/e1/v1,rtmpose_baseline
corpus_03,03.CCTV Mobile Usage.mkv,632de9ed55947761d56d4c6142a3cb1a1fe69d0b1a6d0e01a2e404c697962623,dfine_sahi,192900.0,unknown_object,0.5437,85.15,424.25,147.95,469.19,2822.2,62.8,44.94,1.397,False,,True,S-61,43,evt_S-61_desk_work_surface_0011,75fc24d0e8581c00,pose_hand_context,,41314.6,3.15,,1,cam12/e1/v1,rtmpose_baseline
corpus_03,03.CCTV Mobile Usage.mkv,632de9ed55947761d56d4c6142a3cb1a1fe69d0b1a6d0e01a2e404c697962623,dfine_sahi,192900.0,unknown_object,0.5077,34.11,424.2,147.92,537.43,12886.5,113.81,113.23,1.005,False,,True,S-61,43,evt_S-61_desk_work_surface_0011,75fc24d0e8581c00,pose_hand_context,,41314.6,3.15,,1,cam12/e1/v1,rtmpose_baseline
corpus_03,03.CCTV Mobile Usage.mkv,632de9ed55947761d56d4c6142a3cb1a1fe69d0b1a6d0e01a2e404c697962623,dfine_sahi,192900.0,unknown_object,0.4497,56.03,448.83,159.38,511.54,6481.6,103.35,62.71,1.648,False,,True,S-61,43,evt_S-61_desk_work_surface_0011,75fc24d0e8581c00,pose_hand_context,,41314.6,3.15,,1,cam12/e1/v1,rtmpose_baseline
corpus_03,03.CCTV Mobile Usage.mkv,632de9ed55947761d56d4c6142a3cb1a1fe69d0b1a6d0e01a2e404c697962623,dfine_sahi,192900.0,unknown_object,0.3666,122.95,347.71,194.55,448.04,7183.6,71.6,100.33,0.714,False,,True,S-61,43,evt_S-61_desk_work_surface_0011,75fc24d0e8581c00,pose_hand_context,,41314.6,3.15,,1,cam12/e1/v1,rtmpose_baseline
corpus_03,03.CCTV Mobile Usage.mkv,632de9ed55947761d56d4c6142a3cb1a1fe69d0b1a6d0e01a2e404c697962623,dfine_sahi,192900.0,stationery,0.3606,34.01,423.52,97.44,497.57,4696.6,63.43,74.04,0.857,False,,True,S-61,43,evt_S-61_desk_work_surface_0011,75fc24d0e8581c00,pose_hand_context,,41314.6,3.15,,1,cam12/e1/v1,rtmpose_baseline
corpus_03,03.CCTV Mobile Usage.mkv,632de9ed55947761d56d4c6142a3cb1a1fe69d0b1a6d0e01a2e404c697962623,dfine_sahi,192900.0,stationery,0.3196,39.72,442.92,71.87,471.47,918.0,32.15,28.55,1.126,False,,True,S-61,43,evt_S-61_desk_work_surface_0011,75fc24d0e8581c00,pose_hand_context,,41314.6,3.15,,1,cam12/e1/v1,rtmpose_baseline
corpus_03,03.CCTV Mobile Usage.mkv,632de9ed55947761d56d4c6142a3cb1a1fe69d0b1a6d0e01a2e404c697962623,dfine_sahi,192900.0,stationery,0.2883,143.08,516.7,201.76,537.97,1248.5,58.68,21.27,2.758,False,,True,S-61,43,evt_S-61_desk_work_surface_0011,75fc24d0e8581c00,pose_hand_context,,41314.6,3.15,,1,cam12/e1/v1,rtmpose_baseline
corpus_03,03.CCTV Mobile Usage.mkv,632de9ed55947761d56d4c6142a3cb1a1fe69d0b1a6d0e01a2e404c697962623,dfine_sahi,192900.0,unknown_object,0.2791,34.02,356.15,96.41,448.48,5759.8,62.39,92.33,0.676,False,,True,S-61,43,evt_S-61_desk_work_surface_0011,75fc24d0e8581c00,pose_hand_context,,41314.6,3.15,,1,cam12/e1/v1,rtmpose_baseline
corpus_03,03.CCTV Mobile Usage.mkv,632de9ed55947761d56d4c6142a3cb1a1fe69d0b1a6d0e01a2e404c697962623,dfine_sahi,192900.0,unknown_object,0.2587,84.87,424.05,147.9,441.38,1092.3,63.03,17.33,3.637,False,,True,S-61,43,evt_S-61_desk_work_surface_0011,75fc24d0e8581c00,pose_hand_context,,41314.6,3.15,,1,cam12/e1/v1,rtmpose_baseline
corpus_03,03.CCTV Mobile Usage.mkv,632de9ed55947761d56d4c6142a3cb1a1fe69d0b1a6d0e01a2e404c697962623,dfine_sahi,192900.0,unknown_object,0.2555,137.19,450.1,188.23,480.48,1550.8,51.04,30.39,1.68,False,,True,S-61,43,evt_S-61_desk_work_surface_0011,75fc24d0e8581c00,pose_hand_context,,41314.6,3.15,,1,cam12/e1/v1,rtmpose_baseline
corpus_03,03.CCTV Mobile Usage.mkv,632de9ed55947761d56d4c6142a3cb1a1fe69d0b1a6d0e01a2e404c697962623,dfine_sahi,193900.0,unknown_object,0.5933,48.08,358.15,199.2,538.97,27325.5,151.12,180.82,0.836,False,,True,S-61,43,evt_S-61_desk_work_surface_0011,be12dc87ad3b1c13,pose_hand_context,,33218.7,3.51,,1,cam12/e1/v1,rtmpose_baseline
corpus_03,03.CCTV Mobile Usage.mkv,632de9ed55947761d56d4c6142a3cb1a1fe69d0b1a6d0e01a2e404c697962623,dfine_sahi,193900.0,unknown_object,0.5324,48.08,358.19,149.9,459.34,10299.1,101.82,101.15,1.007,False,,True,S-61,43,evt_S-61_desk_work_surface_0011,be12dc87ad3b1c13,pose_hand_context,,33218.7,3.51,,1,cam12/e1/v1,rtmpose_baseline
corpus_03,03.CCTV Mobile Usage.mkv,632de9ed55947761d56d4c6142a3cb1a1fe69d0b1a6d0e01a2e404c697962623,dfine_sahi,193900.0,unknown_object,0.5145,48.11,437.15,150.07,539.47,10432.8,101.96,102.32,0.996,False,,True,S-61,43,evt_S-61_desk_work_surface_0011,be12dc87ad3b1c13,pose_hand_context,,33218.7,3.51,,1,cam12/e1/v1,rtmpose_baseline
corpus_03,03.CCTV Mobile Usage.mkv,632de9ed55947761d56d4c6142a3cb1a1fe69d0b1a6d0e01a2e404c697962623,dfine_sahi,193900.0,stationery,0.3999,47.98,443.04,71.55,471.53,671.2,23.56,28.49,0.827,False,,True,S-61,43,evt_S-61_desk_work_surface_0011,be12dc87ad3b1c13,pose_hand_context,,33218.7,3.51,,1,cam12/e1/v1,rtmpose_baseline
corpus_03,03.CCTV Mobile Usage.mkv,632de9ed55947761d56d4c6142a3cb1a1fe69d0b1a6d0e01a2e404c697962623,dfine_sahi,193900.0,bag,0.345,73.53,358.25,174.78,450.36,9325.2,101.25,92.1,1.099,False,,True,S-61,43,evt_S-61_desk_work_surface_0011,be12dc87ad3b1c13,pose_hand_context,,33218.7,3.51,,1,cam12/e1/v1,rtmpose_baseline
corpus_03,03.CCTV Mobile Usage.mkv,632de9ed55947761d56d4c6142a3cb1a1fe69d0b1a6d0e01a2e404c697962623,dfine_sahi,193900.0,unknown_object,0.3364,93.13,437.14,149.98,477.45,2291.8,56.85,40.31,1.41,False,,True,S-61,43,evt_S-61_desk_work_surface_0011,be12dc87ad3b1c13,pose_hand_context,,33218.7,3.51,,1,cam12/e1/v1,rtmpose_baseline
corpus_03,03.CCTV Mobile Usage.mkv,632de9ed55947761d56d4c6142a3cb1a1fe69d0b1a6d0e01a2e404c697962623,dfine_sahi,193900.0,stationery,0.3033,127.88,458.35,172.16,515.97,2552.0,44.28,57.63,0.768,False,,True,S-61,43,evt_S-61_desk_work_surface_0011,be12dc87ad3b1c13,pose_hand_context,,33218.7,3.51,,1,cam12/e1/v1,rtmpose_baseline
corpus_03,03.CCTV Mobile Usage.mkv,632de9ed55947761d56d4c6142a3cb1a1fe69d0b1a6d0e01a2e404c697962623,dfine_sahi,193900.0,unknown_object,0.2604,127.93,437.21,196.01,539.54,6966.9,68.08,102.33,0.665,False,,True,S-61,43,evt_S-61_desk_work_surface_0011,be12dc87ad3b1c13,pose_hand_context,,33218.7,3.51,,1,cam12/e1/v1,rtmpose_baseline
corpus_03,03.CCTV Mobile Usage.mkv,632de9ed55947761d56d4c6142a3cb1a1fe69d0b1a6d0e01a2e404c697962623,dfine_sahi,254500.0,keyboard,0.9077,962.4,451.86,1067.45,491.39,4153.0,105.05,39.53,2.657,False,,True,R-desk,48,evt_S-61_desk_work_surface_0012,038aed9b3e7a3d2e,lap_bag_context,no_pose_observation,34560.0,1.33,,1,cam12/e1/v1,
corpus_03,03.CCTV Mobile Usage.mkv,632de9ed55947761d56d4c6142a3cb1a1fe69d0b1a6d0e01a2e404c697962623,dfine_sahi,254500.0,mouse,0.7962,864.82,413.42,891.09,434.77,560.9,26.27,21.35,1.23,False,,True,R-desk,48,evt_S-61_desk_work_surface_0012,038aed9b3e7a3d2e,lap_bag_context,no_pose_observation,34560.0,1.33,,1,cam12/e1/v1,
corpus_03,03.CCTV Mobile Usage.mkv,632de9ed55947761d56d4c6142a3cb1a1fe69d0b1a6d0e01a2e404c697962623,dfine_sahi,254500.0,keyboard,0.7443,772.49,380.15,870.49,420.2,3925.2,98.01,40.05,2.447,False,,True,R-desk,48,evt_S-61_desk_work_surface_0012,038aed9b3e7a3d2e,lap_bag_context,no_pose_observation,34560.0,1.33,,1,cam12/e1/v1,
corpus_03,03.CCTV Mobile Usage.mkv,632de9ed55947761d56d4c6142a3cb1a1fe69d0b1a6d0e01a2e404c697962623,dfine_sahi,254500.0,monitor_or_bezel,0.7401,909.98,411.21,1141.45,506.38,22028.7,231.47,95.17,2.432,False,,True,R-desk,48,evt_S-61_desk_work_surface_0012,038aed9b3e7a3d2e,lap_bag_context,no_pose_observation,34560.0,1.33,,1,cam12/e1/v1,
corpus_03,03.CCTV Mobile Usage.mkv,632de9ed55947761d56d4c6142a3cb1a1fe69d0b1a6d0e01a2e404c697962623,dfine_sahi,254500.0,unknown_object,0.7028,699.86,396.18,846.1,491.95,14006.2,146.24,95.78,1.527,False,,True,R-desk,48,evt_S-61_desk_work_surface_0012,038aed9b3e7a3d2e,lap_bag_context,no_pose_observation,34560.0,1.33,,1,cam12/e1/v1,
corpus_03,03.CCTV Mobile Usage.mkv,632de9ed55947761d56d4c6142a3cb1a1fe69d0b1a6d0e01a2e404c697962623,dfine_sahi,254500.0,phone,0.6936,1043.34,421.46,1112.65,474.31,3663.2,69.32,52.85,1.312,False,,True,R-desk,48,evt_S-61_desk_work_surface_0012,038aed9b3e7a3d2e,lap_bag_context,no_pose_observation,34560.0,1.33,,1,cam12/e1/v1,
corpus_03,03.CCTV Mobile Usage.mkv,632de9ed55947761d56d4c6142a3cb1a1fe69d0b1a6d0e01a2e404c697962623,dfine_sahi,254500.0,monitor_or_bezel,0.6677,963.39,380.46,1152.75,474.96,17894.6,189.37,94.5,2.004,False,,True,R-desk,48,evt_S-61_desk_work_surface_0012,038aed9b3e7a3d2e,lap_bag_context,no_pose_observation,34560.0,1.33,,1,cam12/e1/v1,
corpus_03,03.CCTV Mobile Usage.mkv,632de9ed55947761d56d4c6142a3cb1a1fe69d0b1a6d0e01a2e404c697962623,dfine_sahi,254500.0,monitor_or_bezel,0.6664,1018.99,395.65,1146.1,448.03,6657.6,127.11,52.38,2.427,False,,True,R-desk,48,evt_S-61_desk_work_surface_0012,038aed9b3e7a3d2e,lap_bag_context,no_pose_observation,34560.0,1.33,,1,cam12/e1/v1,
corpus_03,03.CCTV Mobile Usage.mkv,632de9ed55947761d56d4c6142a3cb1a1fe69d0b1a6d0e01a2e404c697962623,dfine_sahi,254500.0,monitor_or_bezel,0.6566,707.23,379.84,969.53,474.75,24893.2,262.3,94.9,2.764,False,,True,R-desk,48,evt_S-61_desk_work_surface_0012,038aed9b3e7a3d2e,lap_bag_context,no_pose_observation,34560.0,1.33,,1,cam12/e1/v1,
corpus_03,03.CCTV Mobile Usage.mkv,632de9ed55947761d56d4c6142a3cb1a1fe69d0b1a6d0e01a2e404c697962623,dfine_sahi,254500.0,keyboard,0.6512,963.3,452.25,1034.44,475.53,1656.1,71.14,23.28,3.056,False,,True,R-desk,48,evt_S-61_desk_work_surface_0012,038aed9b3e7a3d2e,lap_bag_context,no_pose_observation,34560.0,1.33,,1,cam12/e1/v1,
corpus_03,03.CCTV Mobile Usage.mkv,632de9ed55947761d56d4c6142a3cb1a1fe69d0b1a6d0e01a2e404c697962623,dfine_sahi,254500.0,unknown_object,0.5318,700.01,380.62,761.58,475.19,5822.5,61.57,94.57,0.651,False,,True,R-desk,48,evt_S-61_desk_work_surface_0012,038aed9b3e7a3d2e,lap_bag_context,no_pose_observation,34560.0,1.33,,1,cam12/e1/v1,
corpus_03,03.CCTV Mobile Usage.mkv,632de9ed55947761d56d4c6142a3cb1a1fe69d0b1a6d0e01a2e404c697962623,dfine_sahi,254500.0,keyboard,0.519,802.67,396.28,870.5,420.45,1639.6,67.83,24.17,2.806,False,,True,R-desk,48,evt_S-61_desk_work_surface_0012,038aed9b3e7a3d2e,lap_bag_context,no_pose_observation,34560.0,1.33,,1,cam12/e1/v1,
corpus_03,03.CCTV Mobile Usage.mkv,632de9ed55947761d56d4c6142a3cb1a1fe69d0b1a6d0e01a2e404c697962623,dfine_sahi,254500.0,unknown_object,0.4767,755.13,410.95,969.83,506.05,20417.6,214.71,95.09,2.258,False,,True,R-desk,48,evt_S-61_desk_work_surface_0012,038aed9b3e7a3d2e,lap_bag_context,no_pose_observation,34560.0,1.33,,1,cam12/e1/v1,
corpus_03,03.CCTV Mobile Usage.mkv,632de9ed55947761d56d4c6142a3cb1a1fe69d0b1a6d0e01a2e404c697962623,dfine_sahi,254500.0,mouse,0.3715,966.95,398.33,991.68,410.72,306.2,24.73,12.39,1.996,False,,True,R-desk,48,evt_S-61_desk_work_surface_0012,038aed9b3e7a3d2e,lap_bag_context,no_pose_observation,34560.0,1.33,,1,cam12/e1/v1,
corpus_03,03.CCTV Mobile Usage.mkv,632de9ed55947761d56d4c6142a3cb1a1fe69d0b1a6d0e01a2e404c697962623,dfine_sahi,254500.0,monitor_or_bezel,0.3432,880.83,396.18,948.95,452.57,3841.4,68.12,56.39,1.208,False,,True,R-desk,48,evt_S-61_desk_work_surface_0012,038aed9b3e7a3d2e,lap_bag_context,no_pose_observation,34560.0,1.33,,1,cam12/e1/v1,
corpus_03,03.CCTV Mobile Usage.mkv,632de9ed55947761d56d4c6142a3cb1a1fe69d0b1a6d0e01a2e404c697962623,dfine_sahi,254500.0,mouse,0.2793,991.8,401.16,1029.6,413.7,474.2,37.8,12.54,3.014,False,,True,R-desk,48,evt_S-61_desk_work_surface_0012,038aed9b3e7a3d2e,lap_bag_context,no_pose_observation,34560.0,1.33,,1,cam12/e1/v1,
corpus_03,03.CCTV Mobile Usage.mkv,632de9ed55947761d56d4c6142a3cb1a1fe69d0b1a6d0e01a2e404c697962623,dfine_sahi,254500.0,keyboard,0.2792,881.81,380.21,966.03,452.82,6115.4,84.22,72.61,1.16,False,,True,R-desk,48,evt_S-61_desk_work_surface_0012,038aed9b3e7a3d2e,lap_bag_context,no_pose_observation,34560.0,1.33,,1,cam12/e1/v1,
corpus_03,03.CCTV Mobile Usage.mkv,632de9ed55947761d56d4c6142a3cb1a1fe69d0b1a6d0e01a2e404c697962623,dfine_sahi,254500.0,unknown_object,0.2672,877.54,411.48,969.88,505.89,8718.2,92.35,94.41,0.978,False,,True,R-desk,48,evt_S-61_desk_work_surface_0012,038aed9b3e7a3d2e,lap_bag_context,no_pose_observation,34560.0,1.33,,1,cam12/e1/v1,
corpus_03,03.CCTV Mobile Usage.mkv,632de9ed55947761d56d4c6142a3cb1a1fe69d0b1a6d0e01a2e404c697962623,dfine_sahi,254500.0,unknown_object,0.2552,881.44,411.14,969.83,453.44,3738.8,88.39,42.3,2.09,False,,True,R-desk,48,evt_S-61_desk_work_surface_0012,038aed9b3e7a3d2e,lap_bag_context,no_pose_observation,34560.0,1.33,,1,cam12/e1/v1,
corpus_03,03.CCTV Mobile Usage.mkv,632de9ed55947761d56d4c6142a3cb1a1fe69d0b1a6d0e01a2e404c697962623,dfine_sahi,254500.0,monitor_or_bezel,0.2539,738.87,395.41,1147.28,491.03,39052.1,408.41,95.62,4.271,False,,True,R-desk,48,evt_S-61_desk_work_surface_0012,038aed9b3e7a3d2e,lap_bag_context,no_pose_observation,34560.0,1.33,,1,cam12/e1/v1,
corpus_03,03.CCTV Mobile Usage.mkv,632de9ed55947761d56d4c6142a3cb1a1fe69d0b1a6d0e01a2e404c697962623,dfine_sahi,254500.0,unknown_object,0.4921,83.04,447.45,175.8,513.43,6119.8,92.75,65.98,1.406,False,,True,S-61,47,evt_S-61_desk_work_surface_0012,654989f4cc25f471,pose_hand_context,,20529.2,4.47,,1,cam12/e1/v1,rtmpose_baseline
corpus_03,03.CCTV Mobile Usage.mkv,632de9ed55947761d56d4c6142a3cb1a1fe69d0b1a6d0e01a2e404c697962623,dfine_sahi,254500.0,unknown_object,0.4398,27.94,365.17,171.07,508.36,20495.1,143.13,143.2,1.0,False,,True,S-61,47,evt_S-61_desk_work_surface_0012,654989f4cc25f471,pose_hand_context,,20529.2,4.47,,1,cam12/e1/v1,rtmpose_baseline
corpus_03,03.CCTV Mobile Usage.mkv,632de9ed55947761d56d4c6142a3cb1a1fe69d0b1a6d0e01a2e404c697962623,dfine_sahi,254500.0,stationery,0.2976,39.54,446.4,71.2,470.77,771.5,31.66,24.37,1.299,False,,True,S-61,47,evt_S-61_desk_work_surface_0012,654989f4cc25f471,pose_hand_context,,20529.2,4.47,,1,cam12/e1/v1,rtmpose_baseline
corpus_03,03.CCTV Mobile Usage.mkv,632de9ed55947761d56d4c6142a3cb1a1fe69d0b1a6d0e01a2e404c697962623,dfine_sahi,254500.0,bag,0.2582,80.26,373.36,115.98,429.92,2020.4,35.72,56.56,0.632,False,,True,S-61,47,evt_S-61_desk_work_surface_0012,654989f4cc25f471,pose_hand_context,,20529.2,4.47,,1,cam12/e1/v1,rtmpose_baseline
corpus_03,03.CCTV Mobile Usage.mkv,632de9ed55947761d56d4c6142a3cb1a1fe69d0b1a6d0e01a2e404c697962623,dfine_sahi,254500.0,bag,0.253,80.7,385.82,159.38,430.25,3495.6,78.68,44.43,1.771,False,,True,S-61,47,evt_S-61_desk_work_surface_0012,654989f4cc25f471,pose_hand_context,,20529.2,4.47,,1,cam12/e1/v1,rtmpose_baseline
corpus_03,03.CCTV Mobile Usage.mkv,632de9ed55947761d56d4c6142a3cb1a1fe69d0b1a6d0e01a2e404c697962623,dfine_sahi,255500.0,unknown_object,0.5418,82.01,447.35,176.2,514.39,6315.2,94.19,67.05,1.405,False,,True,S-61,47,evt_S-61_desk_work_surface_0012,376f4d7fa965cf43,pose_hand_context,,20891.8,4.43,,1,cam12/e1/v1,rtmpose_baseline
corpus_03,03.CCTV Mobile Usage.mkv,632de9ed55947761d56d4c6142a3cb1a1fe69d0b1a6d0e01a2e404c697962623,dfine_sahi,255500.0,unknown_object,0.4445,26.03,366.35,170.92,508.56,20604.6,144.89,142.21,1.019,False,,True,S-61,47,evt_S-61_desk_work_surface_0012,376f4d7fa965cf43,pose_hand_context,,20891.8,4.43,,1,cam12/e1/v1,rtmpose_baseline
corpus_03,03.CCTV Mobile Usage.mkv,632de9ed55947761d56d4c6142a3cb1a1fe69d0b1a6d0e01a2e404c697962623,dfine_sahi,255500.0,unknown_object,0.3708,82.13,368.53,170.29,453.18,7463.5,88.16,84.66,1.041,False,,True,S-61,47,evt_S-61_desk_work_surface_0012,376f4d7fa965cf43,pose_hand_context,,20891.8,4.43,,1,cam12/e1/v1,rtmpose_baseline
corpus_03,03.CCTV Mobile Usage.mkv,632de9ed55947761d56d4c6142a3cb1a1fe69d0b1a6d0e01a2e404c697962623,dfine_sahi,255500.0,stationery,0.3576,39.47,446.65,71.01,470.83,762.5,31.54,24.18,1.305,False,,True,S-61,47,evt_S-61_desk_work_surface_0012,376f4d7fa965cf43,pose_hand_context,,20891.8,4.43,,1,cam12/e1/v1,rtmpose_baseline
corpus_03,03.CCTV Mobile Usage.mkv,632de9ed55947761d56d4c6142a3cb1a1fe69d0b1a6d0e01a2e404c697962623,dfine_sahi,255500.0,bag,0.3041,81.42,373.42,114.99,429.27,1875.1,33.58,55.85,0.601,False,,True,S-61,47,evt_S-61_desk_work_surface_0012,376f4d7fa965cf43,pose_hand_context,,20891.8,4.43,,1,cam12/e1/v1,rtmpose_baseline
corpus_03,03.CCTV Mobile Usage.mkv,632de9ed55947761d56d4c6142a3cb1a1fe69d0b1a6d0e01a2e404c697962623,dfine_sahi,255500.0,keyboard,0.2937,84.13,386.02,168.13,430.02,3696.0,84.0,44.0,1.909,False,,True,S-61,47,evt_S-61_desk_work_surface_0012,376f4d7fa965cf43,pose_hand_context,,20891.8,4.43,,1,cam12/e1/v1,rtmpose_baseline
corpus_03,03.CCTV Mobile Usage.mkv,632de9ed55947761d56d4c6142a3cb1a1fe69d0b1a6d0e01a2e404c697962623,dfine_sahi,255500.0,unknown_object,0.289,19.01,421.76,114.97,498.19,7334.5,95.96,76.43,1.256,False,,True,S-61,47,evt_S-61_desk_work_surface_0012,376f4d7fa965cf43,pose_hand_context,,20891.8,4.43,,1,cam12/e1/v1,rtmpose_baseline
corpus_03,03.CCTV Mobile Usage.mkv,632de9ed55947761d56d4c6142a3cb1a1fe69d0b1a6d0e01a2e404c697962623,dfine_sahi,255500.0,bag,0.2743,80.13,384.99,167.72,430.16,3956.2,87.59,45.17,1.939,False,,True,S-61,47,evt_S-61_desk_work_surface_0012,376f4d7fa965cf43,pose_hand_context,,20891.8,4.43,,1,cam12/e1/v1,rtmpose_baseline
corpus_03,03.CCTV Mobile Usage.mkv,632de9ed55947761d56d4c6142a3cb1a1fe69d0b1a6d0e01a2e404c697962623,dfine_sahi,255500.0,unknown_object,0.2582,18.99,479.28,29.08,497.6,184.7,10.08,18.33,0.55,False,,True,S-61,47,evt_S-61_desk_work_surface_0012,376f4d7fa965cf43,pose_hand_context,,20891.8,4.43,,1,cam12/e1/v1,rtmpose_baseline
corpus_03,03.CCTV Mobile Usage.mkv,632de9ed55947761d56d4c6142a3cb1a1fe69d0b1a6d0e01a2e404c697962623,dfine_sahi,255500.0,keyboard,0.9214,962.48,451.85,1067.77,491.41,4165.9,105.28,39.57,2.661,False,,True,R-desk,49,evt_S-61_desk_work_surface_0012,451c6c12f28a4d5b,lap_bag_context,no_pose_observation,34560.0,1.33,,1,cam12/e1/v1,
corpus_03,03.CCTV Mobile Usage.mkv,632de9ed55947761d56d4c6142a3cb1a1fe69d0b1a6d0e01a2e404c697962623,dfine_sahi,255500.0,keyboard,0.8227,772.12,380.15,870.55,420.21,3943.4,98.43,40.06,2.457,False,,True,R-desk,49,evt_S-61_desk_work_surface_0012,451c6c12f28a4d5b,lap_bag_context,no_pose_observation,34560.0,1.33,,1,cam12/e1/v1,
corpus_03,03.CCTV Mobile Usage.mkv,632de9ed55947761d56d4c6142a3cb1a1fe69d0b1a6d0e01a2e404c697962623,dfine_sahi,255500.0,mouse,0.8222,864.82,413.4,891.14,434.74,561.8,26.32,21.34,1.233,False,,True,R-desk,49,evt_S-61_desk_work_surface_0012,451c6c12f28a4d5b,lap_bag_context,no_pose_observation,34560.0,1.33,,1,cam12/e1/v1,
corpus_03,03.CCTV Mobile Usage.mkv,632de9ed55947761d56d4c6142a3cb1a1fe69d0b1a6d0e01a2e404c697962623,dfine_sahi,255500.0,unknown_object,0.8202,699.9,396.24,847.56,491.79,14108.8,147.67,95.55,1.546,False,,True,R-desk,49,evt_S-61_desk_work_surface_0012,451c6c12f28a4d5b,lap_bag_context,no_pose_observation,34560.0,1.33,,1,cam12/e1/v1,
corpus_03,03.CCTV Mobile Usage.mkv,632de9ed55947761d56d4c6142a3cb1a1fe69d0b1a6d0e01a2e404c697962623,dfine_sahi,255500.0,phone,0.7613,1043.3,421.52,1112.47,474.05,3633.6,69.17,52.53,1.317,False,,True,R-desk,49,evt_S-61_desk_work_surface_0012,451c6c12f28a4d5b,lap_bag_context,no_pose_observation,34560.0,1.33,,1,cam12/e1/v1,
corpus_03,03.CCTV Mobile Usage.mkv,632de9ed55947761d56d4c6142a3cb1a1fe69d0b1a6d0e01a2e404c697962623,dfine_sahi,255500.0,monitor_or_bezel,0.7378,1018.89,395.82,1146.02,447.8,6607.8,127.13,51.98,2.446,False,,True,R-desk,49,evt_S-61_desk_work_surface_0012,451c6c12f28a4d5b,lap_bag_context,no_pose_observation,34560.0,1.33,,1,cam12/e1/v1,
corpus_03,03.CCTV Mobile Usage.mkv,632de9ed55947761d56d4c6142a3cb1a1fe69d0b1a6d0e01a2e404c697962623,dfine_sahi,255500.0,monitor_or_bezel,0.7233,910.18,411.19,1141.68,506.36,22030.2,231.5,95.16,2.433,False,,True,R-desk,49,evt_S-61_desk_work_surface_0012,451c6c12f28a4d5b,lap_bag_context,no_pose_observation,34560.0,1.33,,1,cam12/e1/v1,
corpus_03,03.CCTV Mobile Usage.mkv,632de9ed55947761d56d4c6142a3cb1a1fe69d0b1a6d0e01a2e404c697962623,dfine_sahi,255500.0,monitor_or_bezel,0.6698,963.33,380.44,1152.45,474.96,17875.1,189.12,94.52,2.001,False,,True,R-desk,49,evt_S-61_desk_work_surface_0012,451c6c12f28a4d5b,lap_bag_context,no_pose_observation,34560.0,1.33,,1,cam12/e1/v1,
corpus_03,03.CCTV Mobile Usage.mkv,632de9ed55947761d56d4c6142a3cb1a1fe69d0b1a6d0e01a2e404c697962623,dfine_sahi,255500.0,keyboard,0.652,963.32,452.22,1034.4,475.52,1656.4,71.08,23.3,3.05,False,,True,R-desk,49,evt_S-61_desk_work_surface_0012,451c6c12f28a4d5b,lap_bag_context,no_pose_observation,34560.0,1.33,,1,cam12/e1/v1,
corpus_03,03.CCTV Mobile Usage.mkv,632de9ed55947761d56d4c6142a3cb1a1fe69d0b1a6d0e01a2e404c697962623,dfine_sahi,255500.0,unknown_object,0.5742,700.01,380.57,760.56,475.14,5725.6,60.55,94.57,0.64,False,,True,R-desk,49,evt_S-61_desk_work_surface_0012,451c6c12f28a4d5b,lap_bag_context,no_pose_observation,34560.0,1.33,,1,cam12/e1/v1,
corpus_03,03.CCTV Mobile Usage.mkv,632de9ed55947761d56d4c6142a3cb1a1fe69d0b1a6d0e01a2e404c697962623,dfine_sahi,255500.0,monitor_or_bezel,0.5135,706.77,379.82,969.46,474.78,24945.0,262.69,94.96,2.766,False,,True,R-desk,49,evt_S-61_desk_work_surface_0012,451c6c12f28a4d5b,lap_bag_context,no_pose_observation,34560.0,1.33,,1,cam12/e1/v1,
corpus_03,03.CCTV Mobile Usage.mkv,632de9ed55947761d56d4c6142a3cb1a1fe69d0b1a6d0e01a2e404c697962623,dfine_sahi,255500.0,keyboard,0.4963,802.5,396.27,870.67,420.55,1655.2,68.17,24.28,2.808,False,,True,R-desk,49,evt_S-61_desk_work_surface_0012,451c6c12f28a4d5b,lap_bag_context,no_pose_observation,34560.0,1.33,,1,cam12/e1/v1,
corpus_03,03.CCTV Mobile Usage.mkv,632de9ed55947761d56d4c6142a3cb1a1fe69d0b1a6d0e01a2e404c697962623,dfine_sahi,255500.0,unknown_object,0.4646,754.06,410.92,969.81,505.92,20496.0,215.75,95.0,2.271,False,,True,R-desk,49,evt_S-61_desk_work_surface_0012,451c6c12f28a4d5b,lap_bag_context,no_pose_observation,34560.0,1.33,,1,cam12/e1/v1,
corpus_03,03.CCTV Mobile Usage.mkv,632de9ed55947761d56d4c6142a3cb1a1fe69d0b1a6d0e01a2e404c697962623,dfine_sahi,255500.0,mouse,0.4373,967.07,398.39,991.58,410.71,301.9,24.52,12.32,1.99,False,,True,R-desk,49,evt_S-61_desk_work_surface_0012,451c6c12f28a4d5b,lap_bag_context,no_pose_observation,34560.0,1.33,,1,cam12/e1/v1,
corpus_03,03.CCTV Mobile Usage.mkv,632de9ed55947761d56d4c6142a3cb1a1fe69d0b1a6d0e01a2e404c697962623,dfine_sahi,255500.0,monitor_or_bezel,0.3635,880.99,396.16,949.13,452.59,3845.1,68.14,56.43,1.208,False,,True,R-desk,49,evt_S-61_desk_work_surface_0012,451c6c12f28a4d5b,lap_bag_context,no_pose_observation,34560.0,1.33,,1,cam12/e1/v1,
corpus_03,03.CCTV Mobile Usage.mkv,632de9ed55947761d56d4c6142a3cb1a1fe69d0b1a6d0e01a2e404c697962623,dfine_sahi,255500.0,keyboard,0.3197,910.1,411.68,1092.48,506.17,17233.5,182.38,94.49,1.93,False,,True,R-desk,49,evt_S-61_desk_work_surface_0012,451c6c12f28a4d5b,lap_bag_context,no_pose_observation,34560.0,1.33,,1,cam12/e1/v1,
corpus_03,03.CCTV Mobile Usage.mkv,632de9ed55947761d56d4c6142a3cb1a1fe69d0b1a6d0e01a2e404c697962623,dfine_sahi,255500.0,mouse,0.3102,991.78,400.87,1028.45,413.63,467.8,36.67,12.76,2.874,False,,True,R-desk,49,evt_S-61_desk_work_surface_0012,451c6c12f28a4d5b,lap_bag_context,no_pose_observation,34560.0,1.33,,1,cam12/e1/v1,
corpus_03,03.CCTV Mobile Usage.mkv,632de9ed55947761d56d4c6142a3cb1a1fe69d0b1a6d0e01a2e404c697962623,dfine_sahi,255500.0,unknown_object,0.3072,881.48,411.13,969.81,453.3,3724.5,88.33,42.17,2.095,False,,True,R-desk,49,evt_S-61_desk_work_surface_0012,451c6c12f28a4d5b,lap_bag_context,no_pose_observation,34560.0,1.33,,1,cam12/e1/v1,
corpus_03,03.CCTV Mobile Usage.mkv,632de9ed55947761d56d4c6142a3cb1a1fe69d0b1a6d0e01a2e404c697962623,dfine_sahi,255500.0,phone,0.265,1052.34,411.36,1139.29,446.27,3035.5,86.95,34.91,2.491,False,,True,R-desk,49,evt_S-61_desk_work_surface_0012,451c6c12f28a4d5b,lap_bag_context,no_pose_observation,34560.0,1.33,,1,cam12/e1/v1,
corpus_03,03.CCTV Mobile Usage.mkv,632de9ed55947761d56d4c6142a3cb1a1fe69d0b1a6d0e01a2e404c697962623,dfine_sahi,256500.0,monitor_or_bezel,0.447,168.08,489.04,257.63,646.06,14061.2,89.55,157.02,0.57,False,,True,S-61,47,evt_S-61_desk_work_surface_0012,19ff9a8f8da79889,pose_hand_context,,28271.1,3.81,,1,cam12/e1/v1,rtmpose_baseline
corpus_03,03.CCTV Mobile Usage.mkv,632de9ed55947761d56d4c6142a3cb1a1fe69d0b1a6d0e01a2e404c697962623,dfine_sahi,256500.0,unknown_object,0.3568,205.05,552.25,262.97,646.83,5477.6,57.92,94.57,0.612,False,,True,S-61,47,evt_S-61_desk_work_surface_0012,19ff9a8f8da79889,pose_hand_context,,28271.1,3.81,,1,cam12/e1/v1,rtmpose_baseline
corpus_03,03.CCTV Mobile Usage.mkv,632de9ed55947761d56d4c6142a3cb1a1fe69d0b1a6d0e01a2e404c697962623,dfine_sahi,256500.0,unknown_object,0.3488,240.03,552.13,335.95,647.59,9155.9,95.92,95.45,1.005,False,,True,S-61,47,evt_S-61_desk_work_surface_0012,19ff9a8f8da79889,pose_hand_context,,28271.1,3.81,,1,cam12/e1/v1,rtmpose_baseline
corpus_03,03.CCTV Mobile Usage.mkv,632de9ed55947761d56d4c6142a3cb1a1fe69d0b1a6d0e01a2e404c697962623,dfine_sahi,256500.0,keyboard,0.3126,187.03,514.19,262.77,557.01,3243.1,75.74,42.82,1.769,False,,True,S-61,47,evt_S-61_desk_work_surface_0012,19ff9a8f8da79889,pose_hand_context,,28271.1,3.81,,1,cam12/e1/v1,rtmpose_baseline
corpus_03,03.CCTV Mobile Usage.mkv,632de9ed55947761d56d4c6142a3cb1a1fe69d0b1a6d0e01a2e404c697962623,dfine_sahi,256500.0,stationery,0.296,168.01,493.79,210.69,607.09,4836.0,42.68,113.3,0.377,False,,True,S-61,47,evt_S-61_desk_work_surface_0012,19ff9a8f8da79889,pose_hand_context,,28271.1,3.81,,1,cam12/e1/v1,rtmpose_baseline
corpus_03,03.CCTV Mobile Usage.mkv,632de9ed55947761d56d4c6142a3cb1a1fe69d0b1a6d0e01a2e404c697962623,dfine_sahi,256500.0,unknown_object,0.2924,240.04,478.17,335.96,573.44,9137.7,95.92,95.26,1.007,False,,True,S-61,47,evt_S-61_desk_work_surface_0012,19ff9a8f8da79889,pose_hand_context,,28271.1,3.81,,1,cam12/e1/v1,rtmpose_baseline
corpus_03,03.CCTV Mobile Usage.mkv,632de9ed55947761d56d4c6142a3cb1a1fe69d0b1a6d0e01a2e404c697962623,dfine_sahi,256500.0,unknown_object,0.2727,167.13,590.79,256.99,647.73,5116.8,89.86,56.94,1.578,False,,True,S-61,47,evt_S-61_desk_work_surface_0012,19ff9a8f8da79889,pose_hand_context,,28271.1,3.81,,1,cam12/e1/v1,rtmpose_baseline
corpus_03,03.CCTV Mobile Usage.mkv,632de9ed55947761d56d4c6142a3cb1a1fe69d0b1a6d0e01a2e404c697962623,dfine_sahi,256500.0,keyboard,0.9191,962.46,451.85,1067.81,491.4,4166.7,105.34,39.55,2.663,False,,True,R-desk,49,evt_S-61_desk_work_surface_0012,757bc2dfadf8a267,lap_bag_context,no_pose_observation,34560.0,1.33,,1,cam12/e1/v1,
corpus_03,03.CCTV Mobile Usage.mkv,632de9ed55947761d56d4c6142a3cb1a1fe69d0b1a6d0e01a2e404c697962623,dfine_sahi,256500.0,mouse,0.8355,864.87,413.4,891.11,434.68,558.2,26.23,21.28,1.233,False,,True,R-desk,49,evt_S-61_desk_work_surface_0012,757bc2dfadf8a267,lap_bag_context,no_pose_observation,34560.0,1.33,,1,cam12/e1/v1,
corpus_03,03.CCTV Mobile Usage.mkv,632de9ed55947761d56d4c6142a3cb1a1fe69d0b1a6d0e01a2e404c697962623,dfine_sahi,256500.0,keyboard,0.8189,772.51,380.14,870.44,420.31,3934.2,97.93,40.17,2.438,False,,True,R-desk,49,evt_S-61_desk_work_surface_0012,757bc2dfadf8a267,lap_bag_context,no_pose_observation,34560.0,1.33,,1,cam12/e1/v1,
corpus_03,03.CCTV Mobile Usage.mkv,632de9ed55947761d56d4c6142a3cb1a1fe69d0b1a6d0e01a2e404c697962623,dfine_sahi,256500.0,unknown_object,0.7296,699.87,396.19,845.82,492.02,13986.3,145.94,95.83,1.523,False,,True,R-desk,49,evt_S-61_desk_work_surface_0012,757bc2dfadf8a267,lap_bag_context,no_pose_observation,34560.0,1.33,,1,cam12/e1/v1,
corpus_03,03.CCTV Mobile Usage.mkv,632de9ed55947761d56d4c6142a3cb1a1fe69d0b1a6d0e01a2e404c697962623,dfine_sahi,256500.0,monitor_or_bezel,0.7149,910.18,411.27,1141.54,506.36,22002.6,231.37,95.1,2.433,False,,True,R-desk,49,evt_S-61_desk_work_surface_0012,757bc2dfadf8a267,lap_bag_context,no_pose_observation,34560.0,1.33,,1,cam12/e1/v1,
corpus_03,03.CCTV Mobile Usage.mkv,632de9ed55947761d56d4c6142a3cb1a1fe69d0b1a6d0e01a2e404c697962623,dfine_sahi,256500.0,phone,0.6971,1043.56,421.63,1112.24,474.15,3606.2,68.68,52.51,1.308,False,,True,R-desk,49,evt_S-61_desk_work_surface_0012,757bc2dfadf8a267,lap_bag_context,no_pose_observation,34560.0,1.33,,1,cam12/e1/v1,
corpus_03,03.CCTV Mobile Usage.mkv,632de9ed55947761d56d4c6142a3cb1a1fe69d0b1a6d0e01a2e404c697962623,dfine_sahi,256500.0,monitor_or_bezel,0.6943,1018.96,395.89,1145.98,448.05,6625.2,127.01,52.16,2.435,False,,True,R-desk,49,evt_S-61_desk_work_surface_0012,757bc2dfadf8a267,lap_bag_context,no_pose_observation,34560.0,1.33,,1,cam12/e1/v1,
corpus_03,03.CCTV Mobile Usage.mkv,632de9ed55947761d56d4c6142a3cb1a1fe69d0b1a6d0e01a2e404c697962623,dfine_sahi,256500.0,keyboard,0.6393,963.21,452.24,1034.3,475.55,1656.8,71.09,23.31,3.05,False,,True,R-desk,49,evt_S-61_desk_work_surface_0012,757bc2dfadf8a267,lap_bag_context,no_pose_observation,34560.0,1.33,,1,cam12/e1/v1,
corpus_03,03.CCTV Mobile Usage.mkv,632de9ed55947761d56d4c6142a3cb1a1fe69d0b1a6d0e01a2e404c697962623,dfine_sahi,256500.0,monitor_or_bezel,0.6193,963.1,380.55,1152.84,474.94,17908.6,189.74,94.39,2.01,False,,True,R-desk,49,evt_S-61_desk_work_surface_0012,757bc2dfadf8a267,lap_bag_context,no_pose_observation,34560.0,1.33,,1,cam12/e1/v1,
corpus_03,03.CCTV Mobile Usage.mkv,632de9ed55947761d56d4c6142a3cb1a1fe69d0b1a6d0e01a2e404c697962623,dfine_sahi,256500.0,unknown_object,0.5809,700.02,380.59,761.12,475.04,5770.4,61.1,94.45,0.647,False,,True,R-desk,49,evt_S-61_desk_work_surface_0012,757bc2dfadf8a267,lap_bag_context,no_pose_observation,34560.0,1.33,,1,cam12/e1/v1,
corpus_03,03.CCTV Mobile Usage.mkv,632de9ed55947761d56d4c6142a3cb1a1fe69d0b1a6d0e01a2e404c697962623,dfine_sahi,256500.0,monitor_or_bezel,0.5254,707.1,379.85,969.65,474.71,24906.2,262.55,94.86,2.768,False,,True,R-desk,49,evt_S-61_desk_work_surface_0012,757bc2dfadf8a267,lap_bag_context,no_pose_observation,34560.0,1.33,,1,cam12/e1/v1,
corpus_03,03.CCTV Mobile Usage.mkv,632de9ed55947761d56d4c6142a3cb1a1fe69d0b1a6d0e01a2e404c697962623,dfine_sahi,256500.0,keyboard,0.5088,802.48,396.27,870.64,420.57,1656.2,68.16,24.3,2.805,False,,True,R-desk,49,evt_S-61_desk_work_surface_0012,757bc2dfadf8a267,lap_bag_context,no_pose_observation,34560.0,1.33,,1,cam12/e1/v1,
corpus_03,03.CCTV Mobile Usage.mkv,632de9ed55947761d56d4c6142a3cb1a1fe69d0b1a6d0e01a2e404c697962623,dfine_sahi,256500.0,unknown_object,0.4475,756.62,410.96,969.82,506.0,20263.8,213.2,95.05,2.243,False,,True,R-desk,49,evt_S-61_desk_work_surface_0012,757bc2dfadf8a267,lap_bag_context,no_pose_observation,34560.0,1.33,,1,cam12/e1/v1,
corpus_03,03.CCTV Mobile Usage.mkv,632de9ed55947761d56d4c6142a3cb1a1fe69d0b1a6d0e01a2e404c697962623,dfine_sahi,256500.0,mouse,0.3569,967.03,398.4,991.4,410.69,299.4,24.37,12.29,1.983,False,,True,R-desk,49,evt_S-61_desk_work_surface_0012,757bc2dfadf8a267,lap_bag_context,no_pose_observation,34560.0,1.33,,1,cam12/e1/v1,
corpus_03,03.CCTV Mobile Usage.mkv,632de9ed55947761d56d4c6142a3cb1a1fe69d0b1a6d0e01a2e404c697962623,dfine_sahi,256500.0,monitor_or_bezel,0.3442,881.26,396.13,948.57,452.56,3797.9,67.31,56.42,1.193,False,,True,R-desk,49,evt_S-61_desk_work_surface_0012,757bc2dfadf8a267,lap_bag_context,no_pose_observation,34560.0,1.33,,1,cam12/e1/v1,
corpus_03,03.CCTV Mobile Usage.mkv,632de9ed55947761d56d4c6142a3cb1a1fe69d0b1a6d0e01a2e404c697962623,dfine_sahi,256500.0,keyboard,0.3027,910.11,411.61,1092.72,506.19,17272.0,182.61,94.59,1.931,False,,True,R-desk,49,evt_S-61_desk_work_surface_0012,757bc2dfadf8a267,lap_bag_context,no_pose_observation,34560.0,1.33,,1,cam12/e1/v1,
corpus_03,03.CCTV Mobile Usage.mkv,632de9ed55947761d56d4c6142a3cb1a1fe69d0b1a6d0e01a2e404c697962623,dfine_sahi,256500.0,unknown_object,0.2724,881.76,411.15,969.77,453.36,3714.9,88.0,42.21,2.085,False,,True,R-desk,49,evt_S-61_desk_work_surface_0012,757bc2dfadf8a267,lap_bag_context,no_pose_observation,34560.0,1.33,,1,cam12/e1/v1,
corpus_03,03.CCTV Mobile Usage.mkv,632de9ed55947761d56d4c6142a3cb1a1fe69d0b1a6d0e01a2e404c697962623,dfine_sahi,257500.0,keyboard,0.9195,962.46,451.85,1067.81,491.4,4166.8,105.34,39.55,2.663,False,,True,R-desk,50,evt_S-61_desk_work_surface_0012,6e4133af21bee8a3,lap_bag_context,no_pose_observation,34560.0,1.33,,1,cam12/e1/v1,
corpus_03,03.CCTV Mobile Usage.mkv,632de9ed55947761d56d4c6142a3cb1a1fe69d0b1a6d0e01a2e404c697962623,dfine_sahi,257500.0,mouse,0.8355,864.87,413.4,891.11,434.68,558.2,26.23,21.28,1.233,False,,True,R-desk,50,evt_S-61_desk_work_surface_0012,6e4133af21bee8a3,lap_bag_context,no_pose_observation,34560.0,1.33,,1,cam12/e1/v1,
corpus_03,03.CCTV Mobile Usage.mkv,632de9ed55947761d56d4c6142a3cb1a1fe69d0b1a6d0e01a2e404c697962623,dfine_sahi,257500.0,keyboard,0.8189,772.51,380.14,870.44,420.31,3934.2,97.93,40.17,2.438,False,,True,R-desk,50,evt_S-61_desk_work_surface_0012,6e4133af21bee8a3,lap_bag_context,no_pose_observation,34560.0,1.33,,1,cam12/e1/v1,
corpus_03,03.CCTV Mobile Usage.mkv,632de9ed55947761d56d4c6142a3cb1a1fe69d0b1a6d0e01a2e404c697962623,dfine_sahi,257500.0,unknown_object,0.7304,699.87,396.18,845.82,492.02,13986.7,145.95,95.83,1.523,False,,True,R-desk,50,evt_S-61_desk_work_surface_0012,6e4133af21bee8a3,lap_bag_context,no_pose_observation,34560.0,1.33,,1,cam12/e1/v1,
corpus_03,03.CCTV Mobile Usage.mkv,632de9ed55947761d56d4c6142a3cb1a1fe69d0b1a6d0e01a2e404c697962623,dfine_sahi,257500.0,monitor_or_bezel,0.7147,910.19,411.25,1141.51,506.37,22001.4,231.32,95.11,2.432,False,,True,R-desk,50,evt_S-61_desk_work_surface_0012,6e4133af21bee8a3,lap_bag_context,no_pose_observation,34560.0,1.33,,1,cam12/e1/v1,
corpus_03,03.CCTV Mobile Usage.mkv,632de9ed55947761d56d4c6142a3cb1a1fe69d0b1a6d0e01a2e404c697962623,dfine_sahi,257500.0,monitor_or_bezel,0.7026,1018.98,395.89,1145.93,448.03,6619.8,126.95,52.14,2.435,False,,True,R-desk,50,evt_S-61_desk_work_surface_0012,6e4133af21bee8a3,lap_bag_context,no_pose_observation,34560.0,1.33,,1,cam12/e1/v1,
corpus_03,03.CCTV Mobile Usage.mkv,632de9ed55947761d56d4c6142a3cb1a1fe69d0b1a6d0e01a2e404c697962623,dfine_sahi,257500.0,phone,0.6893,1043.58,421.64,1112.22,474.11,3601.4,68.64,52.47,1.308,False,,True,R-desk,50,evt_S-61_desk_work_surface_0012,6e4133af21bee8a3,lap_bag_context,no_pose_observation,34560.0,1.33,,1,cam12/e1/v1,
corpus_03,03.CCTV Mobile Usage.mkv,632de9ed55947761d56d4c6142a3cb1a1fe69d0b1a6d0e01a2e404c697962623,dfine_sahi,257500.0,keyboard,0.6395,963.2,452.25,1034.31,475.54,1656.6,71.1,23.3,3.052,False,,True,R-desk,50,evt_S-61_desk_work_surface_0012,6e4133af21bee8a3,lap_bag_context,no_pose_observation,34560.0,1.33,,1,cam12/e1/v1,
corpus_03,03.CCTV Mobile Usage.mkv,632de9ed55947761d56d4c6142a3cb1a1fe69d0b1a6d0e01a2e404c697962623,dfine_sahi,257500.0,monitor_or_bezel,0.6175,963.1,380.55,1152.83,474.93,17907.6,189.74,94.38,2.01,False,,True,R-desk,50,evt_S-61_desk_work_surface_0012,6e4133af21bee8a3,lap_bag_context,no_pose_observation,34560.0,1.33,,1,cam12/e1/v1,
corpus_03,03.CCTV Mobile Usage.mkv,632de9ed55947761d56d4c6142a3cb1a1fe69d0b1a6d0e01a2e404c697962623,dfine_sahi,257500.0,unknown_object,0.5809,700.02,380.59,761.12,475.04,5770.4,61.1,94.45,0.647,False,,True,R-desk,50,evt_S-61_desk_work_surface_0012,6e4133af21bee8a3,lap_bag_context,no_pose_observation,34560.0,1.33,,1,cam12/e1/v1,
corpus_03,03.CCTV Mobile Usage.mkv,632de9ed55947761d56d4c6142a3cb1a1fe69d0b1a6d0e01a2e404c697962623,dfine_sahi,257500.0,monitor_or_bezel,0.5254,707.1,379.85,969.65,474.71,24906.2,262.55,94.86,2.768,False,,True,R-desk,50,evt_S-61_desk_work_surface_0012,6e4133af21bee8a3,lap_bag_context,no_pose_observation,34560.0,1.33,,1,cam12/e1/v1,
corpus_03,03.CCTV Mobile Usage.mkv,632de9ed55947761d56d4c6142a3cb1a1fe69d0b1a6d0e01a2e404c697962623,dfine_sahi,257500.0,keyboard,0.5104,802.48,396.27,870.64,420.57,1656.1,68.16,24.3,2.805,False,,True,R-desk,50,evt_S-61_desk_work_surface_0012,6e4133af21bee8a3,lap_bag_context,no_pose_observation,34560.0,1.33,,1,cam12/e1/v1,
corpus_03,03.CCTV Mobile Usage.mkv,632de9ed55947761d56d4c6142a3cb1a1fe69d0b1a6d0e01a2e404c697962623,dfine_sahi,257500.0,unknown_object,0.4475,756.62,410.96,969.82,506.0,20263.8,213.2,95.05,2.243,False,,True,R-desk,50,evt_S-61_desk_work_surface_0012,6e4133af21bee8a3,lap_bag_context,no_pose_observation,34560.0,1.33,,1,cam12/e1/v1,
corpus_03,03.CCTV Mobile Usage.mkv,632de9ed55947761d56d4c6142a3cb1a1fe69d0b1a6d0e01a2e404c697962623,dfine_sahi,257500.0,mouse,0.3593,967.03,398.4,991.4,410.69,299.3,24.36,12.29,1.983,False,,True,R-desk,50,evt_S-61_desk_work_surface_0012,6e4133af21bee8a3,lap_bag_context,no_pose_observation,34560.0,1.33,,1,cam12/e1/v1,
corpus_03,03.CCTV Mobile Usage.mkv,632de9ed55947761d56d4c6142a3cb1a1fe69d0b1a6d0e01a2e404c697962623,dfine_sahi,257500.0,monitor_or_bezel,0.3455,881.27,396.13,948.57,452.56,3797.5,67.3,56.42,1.193,False,,True,R-desk,50,evt_S-61_desk_work_surface_0012,6e4133af21bee8a3,lap_bag_context,no_pose_observation,34560.0,1.33,,1,cam12/e1/v1,
corpus_03,03.CCTV Mobile Usage.mkv,632de9ed55947761d56d4c6142a3cb1a1fe69d0b1a6d0e01a2e404c697962623,dfine_sahi,257500.0,keyboard,0.301,910.12,411.62,1092.7,506.2,17268.1,182.58,94.58,1.93,False,,True,R-desk,50,evt_S-61_desk_work_surface_0012,6e4133af21bee8a3,lap_bag_context,no_pose_observation,34560.0,1.33,,1,cam12/e1/v1,
corpus_03,03.CCTV Mobile Usage.mkv,632de9ed55947761d56d4c6142a3cb1a1fe69d0b1a6d0e01a2e404c697962623,dfine_sahi,257500.0,unknown_object,0.2724,881.76,411.15,969.77,453.36,3714.9,88.0,42.21,2.085,False,,True,R-desk,50,evt_S-61_desk_work_surface_0012,6e4133af21bee8a3,lap_bag_context,no_pose_observation,34560.0,1.33,,1,cam12/e1/v1,
corpus_03,03.CCTV Mobile Usage.mkv,632de9ed55947761d56d4c6142a3cb1a1fe69d0b1a6d0e01a2e404c697962623,dfine_sahi,257500.0,unknown_object,0.6269,86.03,427.24,181.82,522.51,9126.0,95.79,95.27,1.005,False,,True,S-61,47,evt_S-61_desk_work_surface_0012,9367598ba2df894d,pose_hand_context,,28770.9,3.77,,1,cam12/e1/v1,rtmpose_baseline
corpus_03,03.CCTV Mobile Usage.mkv,632de9ed55947761d56d4c6142a3cb1a1fe69d0b1a6d0e01a2e404c697962623,dfine_sahi,257500.0,unknown_object,0.5998,38.49,427.84,107.92,470.96,2994.3,69.43,43.13,1.61,False,,True,S-61,47,evt_S-61_desk_work_surface_0012,9367598ba2df894d,pose_hand_context,,28770.9,3.77,,1,cam12/e1/v1,rtmpose_baseline
corpus_03,03.CCTV Mobile Usage.mkv,632de9ed55947761d56d4c6142a3cb1a1fe69d0b1a6d0e01a2e404c697962623,dfine_sahi,257500.0,stationery,0.38,39.87,446.64,71.2,470.69,753.3,31.33,24.04,1.303,False,,True,S-61,47,evt_S-61_desk_work_surface_0012,9367598ba2df894d,pose_hand_context,,28770.9,3.77,,1,cam12/e1/v1,rtmpose_baseline
corpus_03,03.CCTV Mobile Usage.mkv,632de9ed55947761d56d4c6142a3cb1a1fe69d0b1a6d0e01a2e404c697962623,dfine_sahi,257500.0,unknown_object,0.3682,156.02,430.12,181.97,520.49,2345.1,25.95,90.37,0.287,False,,True,S-61,47,evt_S-61_desk_work_surface_0012,9367598ba2df894d,pose_hand_context,,28770.9,3.77,,1,cam12/e1/v1,rtmpose_baseline
corpus_03,03.CCTV Mobile Usage.mkv,632de9ed55947761d56d4c6142a3cb1a1fe69d0b1a6d0e01a2e404c697962623,dfine_sahi,257500.0,unknown_object,0.3555,12.0,479.74,28.46,499.84,330.9,16.46,20.11,0.819,False,,True,S-61,47,evt_S-61_desk_work_surface_0012,9367598ba2df894d,pose_hand_context,,28770.9,3.77,,1,cam12/e1/v1,rtmpose_baseline
corpus_03,03.CCTV Mobile Usage.mkv,632de9ed55947761d56d4c6142a3cb1a1fe69d0b1a6d0e01a2e404c697962623,dfine_sahi,257500.0,bag,0.3287,73.77,376.51,107.99,429.26,1804.5,34.21,52.74,0.649,False,,True,S-61,47,evt_S-61_desk_work_surface_0012,9367598ba2df894d,pose_hand_context,,28770.9,3.77,,1,cam12/e1/v1,rtmpose_baseline
corpus_03,03.CCTV Mobile Usage.mkv,632de9ed55947761d56d4c6142a3cb1a1fe69d0b1a6d0e01a2e404c697962623,dfine_sahi,257500.0,unknown_object,0.3265,12.08,427.69,107.97,522.61,9101.8,95.89,94.92,1.01,False,,True,S-61,47,evt_S-61_desk_work_surface_0012,9367598ba2df894d,pose_hand_context,,28770.9,3.77,,1,cam12/e1/v1,rtmpose_baseline
corpus_03,03.CCTV Mobile Usage.mkv,632de9ed55947761d56d4c6142a3cb1a1fe69d0b1a6d0e01a2e404c697962623,dfine_sahi,257500.0,phone,0.3062,139.55,380.38,144.4,388.9,41.3,4.85,8.52,0.57,True,object footprint 41 px is under the 120 px floor for a call,False,S-61,47,evt_S-61_desk_work_surface_0012,9367598ba2df894d,pose_hand_context,,28770.9,3.77,,1,cam12/e1/v1,rtmpose_baseline
corpus_03,03.CCTV Mobile Usage.mkv,632de9ed55947761d56d4c6142a3cb1a1fe69d0b1a6d0e01a2e404c697962623,dfine_sahi,257500.0,bag,0.2861,79.06,368.98,159.15,429.21,4824.1,80.1,60.23,1.33,False,,True,S-61,47,evt_S-61_desk_work_surface_0012,9367598ba2df894d,pose_hand_context,,28770.9,3.77,,1,cam12/e1/v1,rtmpose_baseline
corpus_03,03.CCTV Mobile Usage.mkv,632de9ed55947761d56d4c6142a3cb1a1fe69d0b1a6d0e01a2e404c697962623,dfine_sahi,258500.0,keyboard,0.9199,962.46,451.85,1067.81,491.4,4167.2,105.35,39.56,2.663,False,,True,R-desk,51,evt_S-61_desk_work_surface_0012,bdb86f3dff80f5b6,lap_bag_context,no_pose_observation,34560.0,1.33,,1,cam12/e1/v1,
corpus_03,03.CCTV Mobile Usage.mkv,632de9ed55947761d56d4c6142a3cb1a1fe69d0b1a6d0e01a2e404c697962623,dfine_sahi,258500.0,mouse,0.835,864.87,413.4,891.11,434.68,558.4,26.24,21.28,1.233,False,,True,R-desk,51,evt_S-61_desk_work_surface_0012,bdb86f3dff80f5b6,lap_bag_context,no_pose_observation,34560.0,1.33,,1,cam12/e1/v1,
corpus_03,03.CCTV Mobile Usage.mkv,632de9ed55947761d56d4c6142a3cb1a1fe69d0b1a6d0e01a2e404c697962623,dfine_sahi,258500.0,keyboard,0.8188,772.51,380.14,870.44,420.31,3933.9,97.93,40.17,2.438,False,,True,R-desk,51,evt_S-61_desk_work_surface_0012,bdb86f3dff80f5b6,lap_bag_context,no_pose_observation,34560.0,1.33,,1,cam12/e1/v1,
corpus_03,03.CCTV Mobile Usage.mkv,632de9ed55947761d56d4c6142a3cb1a1fe69d0b1a6d0e01a2e404c697962623,dfine_sahi,258500.0,unknown_object,0.7314,699.87,396.18,845.81,492.02,13985.6,145.94,95.83,1.523,False,,True,R-desk,51,evt_S-61_desk_work_surface_0012,bdb86f3dff80f5b6,lap_bag_context,no_pose_observation,34560.0,1.33,,1,cam12/e1/v1,
corpus_03,03.CCTV Mobile Usage.mkv,632de9ed55947761d56d4c6142a3cb1a1fe69d0b1a6d0e01a2e404c697962623,dfine_sahi,258500.0,monitor_or_bezel,0.7108,910.19,411.26,1141.5,506.37,21998.4,231.31,95.1,2.432,False,,True,R-desk,51,evt_S-61_desk_work_surface_0012,bdb86f3dff80f5b6,lap_bag_context,no_pose_observation,34560.0,1.33,,1,cam12/e1/v1,
corpus_03,03.CCTV Mobile Usage.mkv,632de9ed55947761d56d4c6142a3cb1a1fe69d0b1a6d0e01a2e404c697962623,dfine_sahi,258500.0,monitor_or_bezel,0.6997,1018.98,395.88,1145.89,448.06,6622.4,126.92,52.18,2.432,False,,True,R-desk,51,evt_S-61_desk_work_surface_0012,bdb86f3dff80f5b6,lap_bag_context,no_pose_observation,34560.0,1.33,,1,cam12/e1/v1,
corpus_03,03.CCTV Mobile Usage.mkv,632de9ed55947761d56d4c6142a3cb1a1fe69d0b1a6d0e01a2e404c697962623,dfine_sahi,258500.0,phone,0.6824,1043.58,421.64,1112.23,474.14,3604.6,68.66,52.5,1.308,False,,True,R-desk,51,evt_S-61_desk_work_surface_0012,bdb86f3dff80f5b6,lap_bag_context,no_pose_observation,34560.0,1.33,,1,cam12/e1/v1,
corpus_03,03.CCTV Mobile Usage.mkv,632de9ed55947761d56d4c6142a3cb1a1fe69d0b1a6d0e01a2e404c697962623,dfine_sahi,258500.0,keyboard,0.6407,963.21,452.25,1034.34,475.55,1657.4,71.14,23.3,3.053,False,,True,R-desk,51,evt_S-61_desk_work_surface_0012,bdb86f3dff80f5b6,lap_bag_context,no_pose_observation,34560.0,1.33,,1,cam12/e1/v1,
corpus_03,03.CCTV Mobile Usage.mkv,632de9ed55947761d56d4c6142a3cb1a1fe69d0b1a6d0e01a2e404c697962623,dfine_sahi,258500.0,monitor_or_bezel,0.6097,963.1,380.55,1152.81,474.94,17905.5,189.71,94.38,2.01,False,,True,R-desk,51,evt_S-61_desk_work_surface_0012,bdb86f3dff80f5b6,lap_bag_context,no_pose_observation,34560.0,1.33,,1,cam12/e1/v1,
corpus_03,03.CCTV Mobile Usage.mkv,632de9ed55947761d56d4c6142a3cb1a1fe69d0b1a6d0e01a2e404c697962623,dfine_sahi,258500.0,unknown_object,0.5801,700.02,380.59,761.1,475.04,5768.6,61.08,94.45,0.647,False,,True,R-desk,51,evt_S-61_desk_work_surface_0012,bdb86f3dff80f5b6,lap_bag_context,no_pose_observation,34560.0,1.33,,1,cam12/e1/v1,
corpus_03,03.CCTV Mobile Usage.mkv,632de9ed55947761d56d4c6142a3cb1a1fe69d0b1a6d0e01a2e404c697962623,dfine_sahi,258500.0,monitor_or_bezel,0.5253,707.1,379.84,969.62,474.71,24905.2,262.52,94.87,2.767,False,,True,R-desk,51,evt_S-61_desk_work_surface_0012,bdb86f3dff80f5b6,lap_bag_context,no_pose_observation,34560.0,1.33,,1,cam12/e1/v1,
corpus_03,03.CCTV Mobile Usage.mkv,632de9ed55947761d56d4c6142a3cb1a1fe69d0b1a6d0e01a2e404c697962623,dfine_sahi,258500.0,keyboard,0.5103,802.48,396.27,870.64,420.57,1656.0,68.16,24.3,2.805,False,,True,R-desk,51,evt_S-61_desk_work_surface_0012,bdb86f3dff80f5b6,lap_bag_context,no_pose_observation,34560.0,1.33,,1,cam12/e1/v1,
corpus_03,03.CCTV Mobile Usage.mkv,632de9ed55947761d56d4c6142a3cb1a1fe69d0b1a6d0e01a2e404c697962623,dfine_sahi,258500.0,unknown_object,0.4486,756.26,410.95,969.81,506.0,20298.3,213.56,95.05,2.247,False,,True,R-desk,51,evt_S-61_desk_work_surface_0012,bdb86f3dff80f5b6,lap_bag_context,no_pose_observation,34560.0,1.33,,1,cam12/e1/v1,
corpus_03,03.CCTV Mobile Usage.mkv,632de9ed55947761d56d4c6142a3cb1a1fe69d0b1a6d0e01a2e404c697962623,dfine_sahi,258500.0,mouse,0.3589,967.03,398.4,991.4,410.69,299.4,24.36,12.29,1.983,False,,True,R-desk,51,evt_S-61_desk_work_surface_0012,bdb86f3dff80f5b6,lap_bag_context,no_pose_observation,34560.0,1.33,,1,cam12/e1/v1,
corpus_03,03.CCTV Mobile Usage.mkv,632de9ed55947761d56d4c6142a3cb1a1fe69d0b1a6d0e01a2e404c697962623,dfine_sahi,258500.0,monitor_or_bezel,0.3442,881.27,396.13,948.57,452.56,3797.3,67.3,56.42,1.193,False,,True,R-desk,51,evt_S-61_desk_work_surface_0012,bdb86f3dff80f5b6,lap_bag_context,no_pose_observation,34560.0,1.33,,1,cam12/e1/v1,
corpus_03,03.CCTV Mobile Usage.mkv,632de9ed55947761d56d4c6142a3cb1a1fe69d0b1a6d0e01a2e404c697962623,dfine_sahi,258500.0,keyboard,0.3035,910.11,411.62,1092.68,506.2,17267.3,182.57,94.58,1.93,False,,True,R-desk,51,evt_S-61_desk_work_surface_0012,bdb86f3dff80f5b6,lap_bag_context,no_pose_observation,34560.0,1.33,,1,cam12/e1/v1,
corpus_03,03.CCTV Mobile Usage.mkv,632de9ed55947761d56d4c6142a3cb1a1fe69d0b1a6d0e01a2e404c697962623,dfine_sahi,258500.0,unknown_object,0.2738,881.76,411.15,969.77,453.36,3714.9,88.01,42.21,2.085,False,,True,R-desk,51,evt_S-61_desk_work_surface_0012,bdb86f3dff80f5b6,lap_bag_context,no_pose_observation,34560.0,1.33,,1,cam12/e1/v1,
corpus_03,03.CCTV Mobile Usage.mkv,632de9ed55947761d56d4c6142a3cb1a1fe69d0b1a6d0e01a2e404c697962623,dfine_sahi,258500.0,keyboard,0.9199,962.46,451.85,1067.81,491.4,4167.2,105.35,39.56,2.663,False,,True,R-desk,50,evt_S-61_desk_work_surface_0012,bdb86f3dff80f5b6,lap_bag_context,no_pose_observation,34560.0,1.33,,1,cam12/e1/v1,
corpus_03,03.CCTV Mobile Usage.mkv,632de9ed55947761d56d4c6142a3cb1a1fe69d0b1a6d0e01a2e404c697962623,dfine_sahi,258500.0,mouse,0.835,864.87,413.4,891.11,434.68,558.4,26.24,21.28,1.233,False,,True,R-desk,50,evt_S-61_desk_work_surface_0012,bdb86f3dff80f5b6,lap_bag_context,no_pose_observation,34560.0,1.33,,1,cam12/e1/v1,
corpus_03,03.CCTV Mobile Usage.mkv,632de9ed55947761d56d4c6142a3cb1a1fe69d0b1a6d0e01a2e404c697962623,dfine_sahi,258500.0,keyboard,0.8188,772.51,380.14,870.44,420.31,3933.9,97.93,40.17,2.438,False,,True,R-desk,50,evt_S-61_desk_work_surface_0012,bdb86f3dff80f5b6,lap_bag_context,no_pose_observation,34560.0,1.33,,1,cam12/e1/v1,
corpus_03,03.CCTV Mobile Usage.mkv,632de9ed55947761d56d4c6142a3cb1a1fe69d0b1a6d0e01a2e404c697962623,dfine_sahi,258500.0,unknown_object,0.7314,699.87,396.18,845.81,492.02,13985.6,145.94,95.83,1.523,False,,True,R-desk,50,evt_S-61_desk_work_surface_0012,bdb86f3dff80f5b6,lap_bag_context,no_pose_observation,34560.0,1.33,,1,cam12/e1/v1,
corpus_03,03.CCTV Mobile Usage.mkv,632de9ed55947761d56d4c6142a3cb1a1fe69d0b1a6d0e01a2e404c697962623,dfine_sahi,258500.0,monitor_or_bezel,0.7108,910.19,411.26,1141.5,506.37,21998.4,231.31,95.1,2.432,False,,True,R-desk,50,evt_S-61_desk_work_surface_0012,bdb86f3dff80f5b6,lap_bag_context,no_pose_observation,34560.0,1.33,,1,cam12/e1/v1,
corpus_03,03.CCTV Mobile Usage.mkv,632de9ed55947761d56d4c6142a3cb1a1fe69d0b1a6d0e01a2e404c697962623,dfine_sahi,258500.0,monitor_or_bezel,0.6997,1018.98,395.88,1145.89,448.06,6622.4,126.92,52.18,2.432,False,,True,R-desk,50,evt_S-61_desk_work_surface_0012,bdb86f3dff80f5b6,lap_bag_context,no_pose_observation,34560.0,1.33,,1,cam12/e1/v1,
corpus_03,03.CCTV Mobile Usage.mkv,632de9ed55947761d56d4c6142a3cb1a1fe69d0b1a6d0e01a2e404c697962623,dfine_sahi,258500.0,phone,0.6824,1043.58,421.64,1112.23,474.14,3604.6,68.66,52.5,1.308,False,,True,R-desk,50,evt_S-61_desk_work_surface_0012,bdb86f3dff80f5b6,lap_bag_context,no_pose_observation,34560.0,1.33,,1,cam12/e1/v1,
corpus_03,03.CCTV Mobile Usage.mkv,632de9ed55947761d56d4c6142a3cb1a1fe69d0b1a6d0e01a2e404c697962623,dfine_sahi,258500.0,keyboard,0.6407,963.21,452.25,1034.34,475.55,1657.4,71.14,23.3,3.053,False,,True,R-desk,50,evt_S-61_desk_work_surface_0012,bdb86f3dff80f5b6,lap_bag_context,no_pose_observation,34560.0,1.33,,1,cam12/e1/v1,
corpus_03,03.CCTV Mobile Usage.mkv,632de9ed55947761d56d4c6142a3cb1a1fe69d0b1a6d0e01a2e404c697962623,dfine_sahi,258500.0,monitor_or_bezel,0.6097,963.1,380.55,1152.81,474.94,17905.5,189.71,94.38,2.01,False,,True,R-desk,50,evt_S-61_desk_work_surface_0012,bdb86f3dff80f5b6,lap_bag_context,no_pose_observation,34560.0,1.33,,1,cam12/e1/v1,
corpus_03,03.CCTV Mobile Usage.mkv,632de9ed55947761d56d4c6142a3cb1a1fe69d0b1a6d0e01a2e404c697962623,dfine_sahi,258500.0,unknown_object,0.5801,700.02,380.59,761.1,475.04,5768.6,61.08,94.45,0.647,False,,True,R-desk,50,evt_S-61_desk_work_surface_0012,bdb86f3dff80f5b6,lap_bag_context,no_pose_observation,34560.0,1.33,,1,cam12/e1/v1,
corpus_03,03.CCTV Mobile Usage.mkv,632de9ed55947761d56d4c6142a3cb1a1fe69d0b1a6d0e01a2e404c697962623,dfine_sahi,258500.0,monitor_or_bezel,0.5253,707.1,379.84,969.62,474.71,24905.2,262.52,94.87,2.767,False,,True,R-desk,50,evt_S-61_desk_work_surface_0012,bdb86f3dff80f5b6,lap_bag_context,no_pose_observation,34560.0,1.33,,1,cam12/e1/v1,
corpus_03,03.CCTV Mobile Usage.mkv,632de9ed55947761d56d4c6142a3cb1a1fe69d0b1a6d0e01a2e404c697962623,dfine_sahi,258500.0,keyboard,0.5103,802.48,396.27,870.64,420.57,1656.0,68.16,24.3,2.805,False,,True,R-desk,50,evt_S-61_desk_work_surface_0012,bdb86f3dff80f5b6,lap_bag_context,no_pose_observation,34560.0,1.33,,1,cam12/e1/v1,
corpus_03,03.CCTV Mobile Usage.mkv,632de9ed55947761d56d4c6142a3cb1a1fe69d0b1a6d0e01a2e404c697962623,dfine_sahi,258500.0,unknown_object,0.4486,756.26,410.95,969.81,506.0,20298.3,213.56,95.05,2.247,False,,True,R-desk,50,evt_S-61_desk_work_surface_0012,bdb86f3dff80f5b6,lap_bag_context,no_pose_observation,34560.0,1.33,,1,cam12/e1/v1,
corpus_03,03.CCTV Mobile Usage.mkv,632de9ed55947761d56d4c6142a3cb1a1fe69d0b1a6d0e01a2e404c697962623,dfine_sahi,258500.0,mouse,0.3589,967.03,398.4,991.4,410.69,299.4,24.36,12.29,1.983,False,,True,R-desk,50,evt_S-61_desk_work_surface_0012,bdb86f3dff80f5b6,lap_bag_context,no_pose_observation,34560.0,1.33,,1,cam12/e1/v1,
corpus_03,03.CCTV Mobile Usage.mkv,632de9ed55947761d56d4c6142a3cb1a1fe69d0b1a6d0e01a2e404c697962623,dfine_sahi,258500.0,monitor_or_bezel,0.3442,881.27,396.13,948.57,452.56,3797.3,67.3,56.42,1.193,False,,True,R-desk,50,evt_S-61_desk_work_surface_0012,bdb86f3dff80f5b6,lap_bag_context,no_pose_observation,34560.0,1.33,,1,cam12/e1/v1,
corpus_03,03.CCTV Mobile Usage.mkv,632de9ed55947761d56d4c6142a3cb1a1fe69d0b1a6d0e01a2e404c697962623,dfine_sahi,258500.0,keyboard,0.3035,910.11,411.62,1092.68,506.2,17267.3,182.57,94.58,1.93,False,,True,R-desk,50,evt_S-61_desk_work_surface_0012,bdb86f3dff80f5b6,lap_bag_context,no_pose_observation,34560.0,1.33,,1,cam12/e1/v1,
corpus_03,03.CCTV Mobile Usage.mkv,632de9ed55947761d56d4c6142a3cb1a1fe69d0b1a6d0e01a2e404c697962623,dfine_sahi,258500.0,unknown_object,0.2738,881.76,411.15,969.77,453.36,3714.9,88.01,42.21,2.085,False,,True,R-desk,50,evt_S-61_desk_work_surface_0012,bdb86f3dff80f5b6,lap_bag_context,no_pose_observation,34560.0,1.33,,1,cam12/e1/v1,
corpus_03,03.CCTV Mobile Usage.mkv,632de9ed55947761d56d4c6142a3cb1a1fe69d0b1a6d0e01a2e404c697962623,dfine_sahi,258500.0,unknown_object,0.463,38.75,427.49,107.92,471.29,3029.6,69.17,43.8,1.579,False,,True,S-61,47,evt_S-61_desk_work_surface_0012,f7fbefc2289fa486,pose_hand_context,,32227.4,3.57,,1,cam12/e1/v1,rtmpose_baseline
corpus_03,03.CCTV Mobile Usage.mkv,632de9ed55947761d56d4c6142a3cb1a1fe69d0b1a6d0e01a2e404c697962623,dfine_sahi,258500.0,unknown_object,0.4191,86.04,447.45,184.52,526.44,7779.0,98.48,78.99,1.247,False,,True,S-61,47,evt_S-61_desk_work_surface_0012,f7fbefc2289fa486,pose_hand_context,,32227.4,3.57,,1,cam12/e1/v1,rtmpose_baseline
corpus_03,03.CCTV Mobile Usage.mkv,632de9ed55947761d56d4c6142a3cb1a1fe69d0b1a6d0e01a2e404c697962623,dfine_sahi,258500.0,stationery,0.3511,39.72,446.47,72.32,470.66,788.5,32.6,24.19,1.348,False,,True,S-61,47,evt_S-61_desk_work_surface_0012,f7fbefc2289fa486,pose_hand_context,,32227.4,3.57,,1,cam12/e1/v1,rtmpose_baseline
corpus_03,03.CCTV Mobile Usage.mkv,632de9ed55947761d56d4c6142a3cb1a1fe69d0b1a6d0e01a2e404c697962623,dfine_sahi,258500.0,bag,0.321,78.93,382.66,149.96,429.0,3291.1,71.03,46.34,1.533,False,,True,S-61,47,evt_S-61_desk_work_surface_0012,f7fbefc2289fa486,pose_hand_context,,32227.4,3.57,,1,cam12/e1/v1,rtmpose_baseline
corpus_03,03.CCTV Mobile Usage.mkv,632de9ed55947761d56d4c6142a3cb1a1fe69d0b1a6d0e01a2e404c697962623,dfine_sahi,258500.0,unknown_object,0.3097,7.07,427.4,107.95,500.69,7394.5,100.88,73.3,1.376,False,,True,S-61,47,evt_S-61_desk_work_surface_0012,f7fbefc2289fa486,pose_hand_context,,32227.4,3.57,,1,cam12/e1/v1,rtmpose_baseline
corpus_03,03.CCTV Mobile Usage.mkv,632de9ed55947761d56d4c6142a3cb1a1fe69d0b1a6d0e01a2e404c697962623,dfine_sahi,258500.0,bag,0.2787,7.14,448.23,183.48,525.4,13607.6,176.35,77.16,2.285,False,,True,S-61,47,evt_S-61_desk_work_surface_0012,f7fbefc2289fa486,pose_hand_context,,32227.4,3.57,,1,cam12/e1/v1,rtmpose_baseline
corpus_03,03.CCTV Mobile Usage.mkv,632de9ed55947761d56d4c6142a3cb1a1fe69d0b1a6d0e01a2e404c697962623,dfine_sahi,258500.0,unknown_object,0.2683,86.07,348.29,186.99,448.41,10103.5,100.92,100.11,1.008,False,,True,S-61,47,evt_S-61_desk_work_surface_0012,f7fbefc2289fa486,pose_hand_context,,32227.4,3.57,,1,cam12/e1/v1,rtmpose_baseline
corpus_03,03.CCTV Mobile Usage.mkv,632de9ed55947761d56d4c6142a3cb1a1fe69d0b1a6d0e01a2e404c697962623,dfine_sahi,258500.0,keyboard,0.263,86.15,386.73,144.78,428.63,2456.7,58.63,41.9,1.399,False,,True,S-61,47,evt_S-61_desk_work_surface_0012,f7fbefc2289fa486,pose_hand_context,,32227.4,3.57,,1,cam12/e1/v1,rtmpose_baseline
corpus_03,03.CCTV Mobile Usage.mkv,632de9ed55947761d56d4c6142a3cb1a1fe69d0b1a6d0e01a2e404c697962623,dfine_sahi,258500.0,unknown_object,0.2603,86.08,370.56,145.66,428.63,3460.2,59.59,58.07,1.026,False,,True,S-61,47,evt_S-61_desk_work_surface_0012,f7fbefc2289fa486,pose_hand_context,,32227.4,3.57,,1,cam12/e1/v1,rtmpose_baseline
corpus_03,03.CCTV Mobile Usage.mkv,632de9ed55947761d56d4c6142a3cb1a1fe69d0b1a6d0e01a2e404c697962623,dfine_sahi,258500.0,bag,0.2575,79.93,385.98,108.0,428.9,1205.0,28.08,42.92,0.654,False,,True,S-61,47,evt_S-61_desk_work_surface_0012,f7fbefc2289fa486,pose_hand_context,,32227.4,3.57,,1,cam12/e1/v1,rtmpose_baseline
corpus_03,03.CCTV Mobile Usage.mkv,632de9ed55947761d56d4c6142a3cb1a1fe69d0b1a6d0e01a2e404c697962623,dfine_sahi,258500.0,unknown_object,0.25,40.82,375.83,108.04,448.47,4883.0,67.22,72.64,0.925,False,,True,S-61,47,evt_S-61_desk_work_surface_0012,f7fbefc2289fa486,pose_hand_context,,32227.4,3.57,,1,cam12/e1/v1,rtmpose_baseline
corpus_03,03.CCTV Mobile Usage.mkv,632de9ed55947761d56d4c6142a3cb1a1fe69d0b1a6d0e01a2e404c697962623,dfine_sahi,259500.0,unknown_object,0.4622,38.86,427.49,108.89,471.97,3114.6,70.02,44.48,1.574,False,,True,S-61,47,evt_S-61_desk_work_surface_0012,5402a68bcdd2c9e7,pose_hand_context,,36016.4,3.37,,1,cam12/e1/v1,rtmpose_baseline
corpus_03,03.CCTV Mobile Usage.mkv,632de9ed55947761d56d4c6142a3cb1a1fe69d0b1a6d0e01a2e404c697962623,dfine_sahi,259500.0,unknown_object,0.4274,85.01,446.56,190.6,531.4,8958.0,105.59,84.83,1.245,False,,True,S-61,47,evt_S-61_desk_work_surface_0012,5402a68bcdd2c9e7,pose_hand_context,,36016.4,3.37,,1,cam12/e1/v1,rtmpose_baseline
corpus_03,03.CCTV Mobile Usage.mkv,632de9ed55947761d56d4c6142a3cb1a1fe69d0b1a6d0e01a2e404c697962623,dfine_sahi,259500.0,unknown_object,0.3095,23.84,470.51,40.49,496.83,438.3,16.65,26.32,0.633,False,,True,S-61,47,evt_S-61_desk_work_surface_0012,5402a68bcdd2c9e7,pose_hand_context,,36016.4,3.37,,1,cam12/e1/v1,rtmpose_baseline
corpus_03,03.CCTV Mobile Usage.mkv,632de9ed55947761d56d4c6142a3cb1a1fe69d0b1a6d0e01a2e404c697962623,dfine_sahi,259500.0,monitor_or_bezel,0.2585,2.06,493.27,153.29,531.83,5832.2,151.23,38.57,3.921,False,,True,S-61,47,evt_S-61_desk_work_surface_0012,5402a68bcdd2c9e7,pose_hand_context,,36016.4,3.37,,1,cam12/e1/v1,rtmpose_baseline
corpus_03,03.CCTV Mobile Usage.mkv,632de9ed55947761d56d4c6142a3cb1a1fe69d0b1a6d0e01a2e404c697962623,dfine_sahi,259500.0,bag,0.2551,77.3,376.42,109.01,428.95,1665.6,31.71,52.53,0.604,False,,True,S-61,47,evt_S-61_desk_work_surface_0012,5402a68bcdd2c9e7,pose_hand_context,,36016.4,3.37,,1,cam12/e1/v1,rtmpose_baseline
corpus_03,03.CCTV Mobile Usage.mkv,632de9ed55947761d56d4c6142a3cb1a1fe69d0b1a6d0e01a2e404c697962623,dfine_sahi,259500.0,unknown_object,0.2551,2.05,426.68,108.93,531.68,11223.0,106.89,105.0,1.018,False,,True,S-61,47,evt_S-61_desk_work_surface_0012,5402a68bcdd2c9e7,pose_hand_context,,36016.4,3.37,,1,cam12/e1/v1,rtmpose_baseline
corpus_03,03.CCTV Mobile Usage.mkv,632de9ed55947761d56d4c6142a3cb1a1fe69d0b1a6d0e01a2e404c697962623,dfine_sahi,273183.0,unknown_object,0.6288,96.0,363.24,205.89,472.37,11992.0,109.89,109.13,1.007,False,,True,S-61,52,evt_S-61_desk_work_surface_0013,781a97f7370f14b4,pose_hand_context,,38518.0,3.26,,1,cam12/e1/v1,rtmpose_baseline
corpus_03,03.CCTV Mobile Usage.mkv,632de9ed55947761d56d4c6142a3cb1a1fe69d0b1a6d0e01a2e404c697962623,dfine_sahi,273183.0,unknown_object,0.5976,10.1,363.21,119.89,472.46,11994.2,109.79,109.25,1.005,False,,True,S-61,52,evt_S-61_desk_work_surface_0013,781a97f7370f14b4,pose_hand_context,,38518.0,3.26,,1,cam12/e1/v1,rtmpose_baseline
corpus_03,03.CCTV Mobile Usage.mkv,632de9ed55947761d56d4c6142a3cb1a1fe69d0b1a6d0e01a2e404c697962623,dfine_sahi,273183.0,unknown_object,0.5907,114.15,277.26,205.97,385.97,9982.0,91.82,108.71,0.845,False,,True,S-61,52,evt_S-61_desk_work_surface_0013,781a97f7370f14b4,pose_hand_context,,38518.0,3.26,,1,cam12/e1/v1,rtmpose_baseline
corpus_03,03.CCTV Mobile Usage.mkv,632de9ed55947761d56d4c6142a3cb1a1fe69d0b1a6d0e01a2e404c697962623,dfine_sahi,273183.0,unknown_object,0.4646,62.64,277.53,206.05,470.1,27616.7,143.41,192.57,0.745,False,,True,S-61,52,evt_S-61_desk_work_surface_0013,781a97f7370f14b4,pose_hand_context,,38518.0,3.26,,1,cam12/e1/v1,rtmpose_baseline
corpus_03,03.CCTV Mobile Usage.mkv,632de9ed55947761d56d4c6142a3cb1a1fe69d0b1a6d0e01a2e404c697962623,dfine_sahi,273183.0,unknown_object,0.4175,148.28,331.04,205.97,386.32,3189.3,57.69,55.28,1.044,False,,True,S-61,52,evt_S-61_desk_work_surface_0013,781a97f7370f14b4,pose_hand_context,,38518.0,3.26,,1,cam12/e1/v1,rtmpose_baseline
corpus_03,03.CCTV Mobile Usage.mkv,632de9ed55947761d56d4c6142a3cb1a1fe69d0b1a6d0e01a2e404c697962623,dfine_sahi,273183.0,stationery,0.3569,40.99,445.21,72.53,471.57,831.4,31.54,26.36,1.196,False,,True,S-61,52,evt_S-61_desk_work_surface_0013,781a97f7370f14b4,pose_hand_context,,38518.0,3.26,,1,cam12/e1/v1,rtmpose_baseline
corpus_03,03.CCTV Mobile Usage.mkv,632de9ed55947761d56d4c6142a3cb1a1fe69d0b1a6d0e01a2e404c697962623,dfine_sahi,273183.0,bag,0.3022,16.16,299.33,108.44,363.46,5918.2,92.28,64.13,1.439,False,,True,S-61,52,evt_S-61_desk_work_surface_0013,781a97f7370f14b4,pose_hand_context,,38518.0,3.26,,1,cam12/e1/v1,rtmpose_baseline
corpus_03,03.CCTV Mobile Usage.mkv,632de9ed55947761d56d4c6142a3cb1a1fe69d0b1a6d0e01a2e404c697962623,dfine_sahi,273183.0,unknown_object,0.2676,9.99,294.55,120.04,386.71,10142.2,110.05,92.16,1.194,False,,True,S-61,52,evt_S-61_desk_work_surface_0013,781a97f7370f14b4,pose_hand_context,,38518.0,3.26,,1,cam12/e1/v1,rtmpose_baseline
corpus_03,03.CCTV Mobile Usage.mkv,632de9ed55947761d56d4c6142a3cb1a1fe69d0b1a6d0e01a2e404c697962623,dfine_sahi,273183.0,unknown_object,0.2524,156.4,363.15,206.02,472.41,5422.0,49.62,109.26,0.454,False,,True,S-61,52,evt_S-61_desk_work_surface_0013,781a97f7370f14b4,pose_hand_context,,38518.0,3.26,,1,cam12/e1/v1,rtmpose_baseline
corpus_03,03.CCTV Mobile Usage.mkv,632de9ed55947761d56d4c6142a3cb1a1fe69d0b1a6d0e01a2e404c697962623,dfine_sahi,274183.0,unknown_object,0.7249,24.87,261.29,134.22,370.48,11940.0,109.35,109.19,1.001,False,,True,S-61,52,evt_S-61_desk_work_surface_0013,ac1564b58896f1a9,pose_hand_context,,37698.1,3.3,,1,cam12/e1/v1,rtmpose_baseline
corpus_03,03.CCTV Mobile Usage.mkv,632de9ed55947761d56d4c6142a3cb1a1fe69d0b1a6d0e01a2e404c697962623,dfine_sahi,274183.0,unknown_object,0.5968,114.31,266.26,218.81,369.04,10741.3,104.5,102.78,1.017,False,,True,S-61,52,evt_S-61_desk_work_surface_0013,ac1564b58896f1a9,pose_hand_context,,37698.1,3.3,,1,cam12/e1/v1,rtmpose_baseline
corpus_03,03.CCTV Mobile Usage.mkv,632de9ed55947761d56d4c6142a3cb1a1fe69d0b1a6d0e01a2e404c697962623,dfine_sahi,274183.0,unknown_object,0.539,24.94,298.61,106.89,455.14,12828.0,81.95,156.53,0.524,False,,True,S-61,52,evt_S-61_desk_work_surface_0013,ac1564b58896f1a9,pose_hand_context,,37698.1,3.3,,1,cam12/e1/v1,rtmpose_baseline
corpus_03,03.CCTV Mobile Usage.mkv,632de9ed55947761d56d4c6142a3cb1a1fe69d0b1a6d0e01a2e404c697962623,dfine_sahi,274183.0,unknown_object,0.446,167.47,281.05,219.12,370.05,4596.0,51.64,89.0,0.58,False,,True,S-61,52,evt_S-61_desk_work_surface_0013,ac1564b58896f1a9,pose_hand_context,,37698.1,3.3,,1,cam12/e1/v1,rtmpose_baseline
corpus_03,03.CCTV Mobile Usage.mkv,632de9ed55947761d56d4c6142a3cb1a1fe69d0b1a6d0e01a2e404c697962623,dfine_sahi,274183.0,unknown_object,0.3322,110.07,341.35,188.86,370.68,2311.4,78.79,29.34,2.686,False,,True,S-61,52,evt_S-61_desk_work_surface_0013,ac1564b58896f1a9,pose_hand_context,,37698.1,3.3,,1,cam12/e1/v1,rtmpose_baseline
corpus_03,03.CCTV Mobile Usage.mkv,632de9ed55947761d56d4c6142a3cb1a1fe69d0b1a6d0e01a2e404c697962623,dfine_sahi,274183.0,bag,0.3005,69.54,373.0,174.95,454.88,8631.7,105.41,81.89,1.287,False,,True,S-61,52,evt_S-61_desk_work_surface_0013,ac1564b58896f1a9,pose_hand_context,,37698.1,3.3,,1,cam12/e1/v1,rtmpose_baseline
corpus_03,03.CCTV Mobile Usage.mkv,632de9ed55947761d56d4c6142a3cb1a1fe69d0b1a6d0e01a2e404c697962623,dfine_sahi,274183.0,unknown_object,0.2846,50.6,376.73,77.54,411.03,923.8,26.93,34.3,0.785,False,,True,S-61,52,evt_S-61_desk_work_surface_0013,ac1564b58896f1a9,pose_hand_context,,37698.1,3.3,,1,cam12/e1/v1,rtmpose_baseline
corpus_03,03.CCTV Mobile Usage.mkv,632de9ed55947761d56d4c6142a3cb1a1fe69d0b1a6d0e01a2e404c697962623,dfine_sahi,274183.0,unknown_object,0.2598,50.28,376.7,71.78,392.45,338.6,21.5,15.75,1.365,False,,True,S-61,52,evt_S-61_desk_work_surface_0013,ac1564b58896f1a9,pose_hand_context,,37698.1,3.3,,1,cam12/e1/v1,rtmpose_baseline
corpus_03,03.CCTV Mobile Usage.mkv,632de9ed55947761d56d4c6142a3cb1a1fe69d0b1a6d0e01a2e404c697962623,dfine_sahi,275183.0,unknown_object,0.6607,158.97,479.29,258.96,577.01,9771.0,99.99,97.72,1.023,False,,True,S-61,52,evt_S-61_desk_work_surface_0013,ef0c4f8fb6937e71,pose_hand_context,,31109.9,3.63,,1,cam12/e1/v1,rtmpose_baseline
corpus_03,03.CCTV Mobile Usage.mkv,632de9ed55947761d56d4c6142a3cb1a1fe69d0b1a6d0e01a2e404c697962623,dfine_sahi,275183.0,unknown_object,0.4418,111.37,405.76,161.55,455.93,2517.0,50.17,50.17,1.0,False,,True,S-61,52,evt_S-61_desk_work_surface_0013,ef0c4f8fb6937e71,pose_hand_context,,31109.9,3.63,,1,cam12/e1/v1,rtmpose_baseline
corpus_03,03.CCTV Mobile Usage.mkv,632de9ed55947761d56d4c6142a3cb1a1fe69d0b1a6d0e01a2e404c697962623,dfine_sahi,275183.0,stationery,0.3417,136.95,502.8,219.54,576.3,6070.3,82.59,73.5,1.124,False,,True,S-61,52,evt_S-61_desk_work_surface_0013,ef0c4f8fb6937e71,pose_hand_context,,31109.9,3.63,,1,cam12/e1/v1,rtmpose_baseline
corpus_03,03.CCTV Mobile Usage.mkv,632de9ed55947761d56d4c6142a3cb1a1fe69d0b1a6d0e01a2e404c697962623,dfine_sahi,275183.0,stationery,0.3393,137.75,502.39,168.46,522.63,621.6,30.71,20.24,1.517,False,,True,S-61,52,evt_S-61_desk_work_surface_0013,ef0c4f8fb6937e71,pose_hand_context,,31109.9,3.63,,1,cam12/e1/v1,rtmpose_baseline
corpus_03,03.CCTV Mobile Usage.mkv,632de9ed55947761d56d4c6142a3cb1a1fe69d0b1a6d0e01a2e404c697962623,dfine_sahi,275183.0,stationery,0.309,96.42,447.12,186.38,507.01,5387.8,89.97,59.89,1.502,False,,True,S-61,52,evt_S-61_desk_work_surface_0013,ef0c4f8fb6937e71,pose_hand_context,,31109.9,3.63,,1,cam12/e1/v1,rtmpose_baseline
corpus_03,03.CCTV Mobile Usage.mkv,632de9ed55947761d56d4c6142a3cb1a1fe69d0b1a6d0e01a2e404c697962623,dfine_sahi,275183.0,unknown_object,0.3026,94.25,448.45,180.99,500.6,4523.3,86.74,52.15,1.663,False,,True,S-61,52,evt_S-61_desk_work_surface_0013,ef0c4f8fb6937e71,pose_hand_context,,31109.9,3.63,,1,cam12/e1/v1,rtmpose_baseline
corpus_03,03.CCTV Mobile Usage.mkv,632de9ed55947761d56d4c6142a3cb1a1fe69d0b1a6d0e01a2e404c697962623,dfine_sahi,275183.0,unknown_object,0.2981,82.06,405.94,220.97,576.18,23649.4,138.92,170.24,0.816,False,,True,S-61,52,evt_S-61_desk_work_surface_0013,ef0c4f8fb6937e71,pose_hand_context,,31109.9,3.63,,1,cam12/e1/v1,rtmpose_baseline
corpus_03,03.CCTV Mobile Usage.mkv,632de9ed55947761d56d4c6142a3cb1a1fe69d0b1a6d0e01a2e404c697962623,dfine_sahi,275183.0,keyboard,0.9236,962.38,451.92,1067.88,491.44,4169.7,105.5,39.52,2.669,False,,True,R-desk,53,evt_S-61_desk_work_surface_0013,fbf7b74247a54f94,lap_bag_context,no_pose_observation,34560.0,1.33,,1,cam12/e1/v1,
corpus_03,03.CCTV Mobile Usage.mkv,632de9ed55947761d56d4c6142a3cb1a1fe69d0b1a6d0e01a2e404c697962623,dfine_sahi,275183.0,unknown_object,0.8267,699.92,396.26,846.6,491.95,14036.2,146.68,95.69,1.533,False,,True,R-desk,53,evt_S-61_desk_work_surface_0013,fbf7b74247a54f94,lap_bag_context,no_pose_observation,34560.0,1.33,,1,cam12/e1/v1,
corpus_03,03.CCTV Mobile Usage.mkv,632de9ed55947761d56d4c6142a3cb1a1fe69d0b1a6d0e01a2e404c697962623,dfine_sahi,275183.0,mouse,0.8165,864.99,413.37,891.32,434.75,563.2,26.34,21.38,1.232,False,,True,R-desk,53,evt_S-61_desk_work_surface_0013,fbf7b74247a54f94,lap_bag_context,no_pose_observation,34560.0,1.33,,1,cam12/e1/v1,
corpus_03,03.CCTV Mobile Usage.mkv,632de9ed55947761d56d4c6142a3cb1a1fe69d0b1a6d0e01a2e404c697962623,dfine_sahi,275183.0,keyboard,0.8024,771.99,380.15,870.55,420.29,3956.2,98.56,40.14,2.455,False,,True,R-desk,53,evt_S-61_desk_work_surface_0013,fbf7b74247a54f94,lap_bag_context,no_pose_observation,34560.0,1.33,,1,cam12/e1/v1,
corpus_03,03.CCTV Mobile Usage.mkv,632de9ed55947761d56d4c6142a3cb1a1fe69d0b1a6d0e01a2e404c697962623,dfine_sahi,275183.0,monitor_or_bezel,0.7676,1019.22,395.67,1146.15,448.62,6720.9,126.93,52.95,2.397,False,,True,R-desk,53,evt_S-61_desk_work_surface_0013,fbf7b74247a54f94,lap_bag_context,no_pose_observation,34560.0,1.33,,1,cam12/e1/v1,
corpus_03,03.CCTV Mobile Usage.mkv,632de9ed55947761d56d4c6142a3cb1a1fe69d0b1a6d0e01a2e404c697962623,dfine_sahi,275183.0,phone,0.7213,1043.55,421.77,1112.67,474.16,3620.9,69.12,52.39,1.319,False,,True,R-desk,53,evt_S-61_desk_work_surface_0013,fbf7b74247a54f94,lap_bag_context,no_pose_observation,34560.0,1.33,,1,cam12/e1/v1,
corpus_03,03.CCTV Mobile Usage.mkv,632de9ed55947761d56d4c6142a3cb1a1fe69d0b1a6d0e01a2e404c697962623,dfine_sahi,275183.0,monitor_or_bezel,0.7082,963.41,380.5,1153.14,474.97,17923.4,189.73,94.47,2.008,False,,True,R-desk,53,evt_S-61_desk_work_surface_0013,fbf7b74247a54f94,lap_bag_context,no_pose_observation,34560.0,1.33,,1,cam12/e1/v1,
corpus_03,03.CCTV Mobile Usage.mkv,632de9ed55947761d56d4c6142a3cb1a1fe69d0b1a6d0e01a2e404c697962623,dfine_sahi,275183.0,monitor_or_bezel,0.6995,910.22,411.24,1141.68,506.34,22010.6,231.46,95.1,2.434,False,,True,R-desk,53,evt_S-61_desk_work_surface_0013,fbf7b74247a54f94,lap_bag_context,no_pose_observation,34560.0,1.33,,1,cam12/e1/v1,
corpus_03,03.CCTV Mobile Usage.mkv,632de9ed55947761d56d4c6142a3cb1a1fe69d0b1a6d0e01a2e404c697962623,dfine_sahi,275183.0,keyboard,0.5991,963.42,452.29,1034.6,475.54,1654.8,71.18,23.25,3.062,False,,True,R-desk,53,evt_S-61_desk_work_surface_0013,fbf7b74247a54f94,lap_bag_context,no_pose_observation,34560.0,1.33,,1,cam12/e1/v1,
corpus_03,03.CCTV Mobile Usage.mkv,632de9ed55947761d56d4c6142a3cb1a1fe69d0b1a6d0e01a2e404c697962623,dfine_sahi,275183.0,unknown_object,0.5646,700.01,380.67,759.85,474.69,5625.6,59.84,94.01,0.637,False,,True,R-desk,53,evt_S-61_desk_work_surface_0013,fbf7b74247a54f94,lap_bag_context,no_pose_observation,34560.0,1.33,,1,cam12/e1/v1,
corpus_03,03.CCTV Mobile Usage.mkv,632de9ed55947761d56d4c6142a3cb1a1fe69d0b1a6d0e01a2e404c697962623,dfine_sahi,275183.0,unknown_object,0.5054,752.04,410.96,969.87,505.99,20700.2,217.83,95.03,2.292,False,,True,R-desk,53,evt_S-61_desk_work_surface_0013,fbf7b74247a54f94,lap_bag_context,no_pose_observation,34560.0,1.33,,1,cam12/e1/v1,
corpus_03,03.CCTV Mobile Usage.mkv,632de9ed55947761d56d4c6142a3cb1a1fe69d0b1a6d0e01a2e404c697962623,dfine_sahi,275183.0,keyboard,0.4629,802.79,396.26,870.45,420.58,1645.2,67.66,24.32,2.782,False,,True,R-desk,53,evt_S-61_desk_work_surface_0013,fbf7b74247a54f94,lap_bag_context,no_pose_observation,34560.0,1.33,,1,cam12/e1/v1,
corpus_03,03.CCTV Mobile Usage.mkv,632de9ed55947761d56d4c6142a3cb1a1fe69d0b1a6d0e01a2e404c697962623,dfine_sahi,275183.0,monitor_or_bezel,0.4463,708.21,379.82,969.59,474.82,24829.7,261.38,94.99,2.752,False,,True,R-desk,53,evt_S-61_desk_work_surface_0013,fbf7b74247a54f94,lap_bag_context,no_pose_observation,34560.0,1.33,,1,cam12/e1/v1,
corpus_03,03.CCTV Mobile Usage.mkv,632de9ed55947761d56d4c6142a3cb1a1fe69d0b1a6d0e01a2e404c697962623,dfine_sahi,275183.0,mouse,0.4367,967.17,398.44,991.73,410.54,297.1,24.56,12.1,2.03,False,,True,R-desk,53,evt_S-61_desk_work_surface_0013,fbf7b74247a54f94,lap_bag_context,no_pose_observation,34560.0,1.33,,1,cam12/e1/v1,
corpus_03,03.CCTV Mobile Usage.mkv,632de9ed55947761d56d4c6142a3cb1a1fe69d0b1a6d0e01a2e404c697962623,dfine_sahi,275183.0,keyboard,0.373,910.06,411.41,1092.39,506.21,17285.1,182.33,94.8,1.923,False,,True,R-desk,53,evt_S-61_desk_work_surface_0013,fbf7b74247a54f94,lap_bag_context,no_pose_observation,34560.0,1.33,,1,cam12/e1/v1,
corpus_03,03.CCTV Mobile Usage.mkv,632de9ed55947761d56d4c6142a3cb1a1fe69d0b1a6d0e01a2e404c697962623,dfine_sahi,275183.0,monitor_or_bezel,0.3682,881.21,396.14,948.62,452.6,3806.1,67.41,56.46,1.194,False,,True,R-desk,53,evt_S-61_desk_work_surface_0013,fbf7b74247a54f94,lap_bag_context,no_pose_observation,34560.0,1.33,,1,cam12/e1/v1,
corpus_03,03.CCTV Mobile Usage.mkv,632de9ed55947761d56d4c6142a3cb1a1fe69d0b1a6d0e01a2e404c697962623,dfine_sahi,275183.0,unknown_object,0.3642,881.87,411.11,969.85,453.2,3702.6,87.98,42.09,2.09,False,,True,R-desk,53,evt_S-61_desk_work_surface_0013,fbf7b74247a54f94,lap_bag_context,no_pose_observation,34560.0,1.33,,1,cam12/e1/v1,
corpus_03,03.CCTV Mobile Usage.mkv,632de9ed55947761d56d4c6142a3cb1a1fe69d0b1a6d0e01a2e404c697962623,dfine_sahi,275183.0,mouse,0.2837,991.88,400.71,1028.35,413.68,473.1,36.47,12.97,2.811,False,,True,R-desk,53,evt_S-61_desk_work_surface_0013,fbf7b74247a54f94,lap_bag_context,no_pose_observation,34560.0,1.33,,1,cam12/e1/v1,
corpus_03,03.CCTV Mobile Usage.mkv,632de9ed55947761d56d4c6142a3cb1a1fe69d0b1a6d0e01a2e404c697962623,dfine_sahi,275183.0,phone,0.2818,1051.21,411.36,1139.79,446.8,3140.1,88.58,35.45,2.499,False,,True,R-desk,53,evt_S-61_desk_work_surface_0013,fbf7b74247a54f94,lap_bag_context,no_pose_observation,34560.0,1.33,,1,cam12/e1/v1,
corpus_03,03.CCTV Mobile Usage.mkv,632de9ed55947761d56d4c6142a3cb1a1fe69d0b1a6d0e01a2e404c697962623,dfine_sahi,275183.0,keyboard,0.2776,773.87,458.78,842.21,490.23,2149.3,68.34,31.45,2.173,False,,True,R-desk,53,evt_S-61_desk_work_surface_0013,fbf7b74247a54f94,lap_bag_context,no_pose_observation,34560.0,1.33,,1,cam12/e1/v1,
corpus_03,03.CCTV Mobile Usage.mkv,632de9ed55947761d56d4c6142a3cb1a1fe69d0b1a6d0e01a2e404c697962623,dfine_sahi,276183.0,unknown_object,0.7586,89.06,422.21,184.89,517.15,9098.4,95.83,94.94,1.009,False,,True,S-61,52,evt_S-61_desk_work_surface_0013,41a86abd42cbc6ba,pose_hand_context,,24755.9,4.07,,1,cam12/e1/v1,rtmpose_baseline
corpus_03,03.CCTV Mobile Usage.mkv,632de9ed55947761d56d4c6142a3cb1a1fe69d0b1a6d0e01a2e404c697962623,dfine_sahi,276183.0,unknown_object,0.6789,92.89,430.49,220.95,583.5,19594.2,128.05,153.02,0.837,False,,True,S-61,52,evt_S-61_desk_work_surface_0013,41a86abd42cbc6ba,pose_hand_context,,24755.9,4.07,,1,cam12/e1/v1,rtmpose_baseline
corpus_03,03.CCTV Mobile Usage.mkv,632de9ed55947761d56d4c6142a3cb1a1fe69d0b1a6d0e01a2e404c697962623,dfine_sahi,276183.0,unknown_object,0.5577,157.99,441.57,177.42,487.96,901.3,19.43,46.39,0.419,False,,True,S-61,52,evt_S-61_desk_work_surface_0013,41a86abd42cbc6ba,pose_hand_context,,24755.9,4.07,,1,cam12/e1/v1,rtmpose_baseline
corpus_03,03.CCTV Mobile Usage.mkv,632de9ed55947761d56d4c6142a3cb1a1fe69d0b1a6d0e01a2e404c697962623,dfine_sahi,276183.0,unknown_object,0.5562,158.01,491.19,253.93,586.38,9131.0,95.92,95.2,1.008,False,,True,S-61,52,evt_S-61_desk_work_surface_0013,41a86abd42cbc6ba,pose_hand_context,,24755.9,4.07,,1,cam12/e1/v1,rtmpose_baseline
corpus_03,03.CCTV Mobile Usage.mkv,632de9ed55947761d56d4c6142a3cb1a1fe69d0b1a6d0e01a2e404c697962623,dfine_sahi,276183.0,unknown_object,0.4943,91.85,491.08,184.96,559.5,6370.0,93.11,68.42,1.361,False,,True,S-61,52,evt_S-61_desk_work_surface_0013,41a86abd42cbc6ba,pose_hand_context,,24755.9,4.07,,1,cam12/e1/v1,rtmpose_baseline
corpus_03,03.CCTV Mobile Usage.mkv,632de9ed55947761d56d4c6142a3cb1a1fe69d0b1a6d0e01a2e404c697962623,dfine_sahi,276183.0,unknown_object,0.3976,158.0,484.3,251.71,517.78,3137.6,93.7,33.48,2.798,False,,True,S-61,52,evt_S-61_desk_work_surface_0013,41a86abd42cbc6ba,pose_hand_context,,24755.9,4.07,,1,cam12/e1/v1,rtmpose_baseline
corpus_03,03.CCTV Mobile Usage.mkv,632de9ed55947761d56d4c6142a3cb1a1fe69d0b1a6d0e01a2e404c697962623,dfine_sahi,276183.0,unknown_object,0.3216,237.01,455.35,253.99,517.22,1050.4,16.98,61.87,0.274,False,,True,S-61,52,evt_S-61_desk_work_surface_0013,41a86abd42cbc6ba,pose_hand_context,,24755.9,4.07,,1,cam12/e1/v1,rtmpose_baseline
corpus_03,03.CCTV Mobile Usage.mkv,632de9ed55947761d56d4c6142a3cb1a1fe69d0b1a6d0e01a2e404c697962623,dfine_sahi,276183.0,unknown_object,0.2918,171.67,422.18,254.13,512.36,7436.4,82.46,90.18,0.914,False,,True,S-61,52,evt_S-61_desk_work_surface_0013,41a86abd42cbc6ba,pose_hand_context,,24755.9,4.07,,1,cam12/e1/v1,rtmpose_baseline
corpus_03,03.CCTV Mobile Usage.mkv,632de9ed55947761d56d4c6142a3cb1a1fe69d0b1a6d0e01a2e404c697962623,dfine_sahi,276183.0,unknown_object,0.2627,239.24,430.97,253.98,460.25,431.7,14.75,29.28,0.504,False,,True,S-61,52,evt_S-61_desk_work_surface_0013,41a86abd42cbc6ba,pose_hand_context,,24755.9,4.07,,1,cam12/e1/v1,rtmpose_baseline
corpus_03,03.CCTV Mobile Usage.mkv,632de9ed55947761d56d4c6142a3cb1a1fe69d0b1a6d0e01a2e404c697962623,dfine_sahi,276183.0,keyboard,0.9228,962.3,451.94,1068.04,491.44,4177.6,105.75,39.51,2.677,False,,True,R-desk,53,evt_S-61_desk_work_surface_0013,7d01d521e679a68c,lap_bag_context,no_pose_observation,34560.0,1.33,,1,cam12/e1/v1,
corpus_03,03.CCTV Mobile Usage.mkv,632de9ed55947761d56d4c6142a3cb1a1fe69d0b1a6d0e01a2e404c697962623,dfine_sahi,276183.0,mouse,0.7977,865.02,413.46,891.19,435.02,564.4,26.18,21.56,1.214,False,,True,R-desk,53,evt_S-61_desk_work_surface_0013,7d01d521e679a68c,lap_bag_context,no_pose_observation,34560.0,1.33,,1,cam12/e1/v1,
corpus_03,03.CCTV Mobile Usage.mkv,632de9ed55947761d56d4c6142a3cb1a1fe69d0b1a6d0e01a2e404c697962623,dfine_sahi,276183.0,keyboard,0.7767,772.19,380.17,870.59,420.41,3959.2,98.39,40.24,2.445,False,,True,R-desk,53,evt_S-61_desk_work_surface_0013,7d01d521e679a68c,lap_bag_context,no_pose_observation,34560.0,1.33,,1,cam12/e1/v1,
corpus_03,03.CCTV Mobile Usage.mkv,632de9ed55947761d56d4c6142a3cb1a1fe69d0b1a6d0e01a2e404c697962623,dfine_sahi,276183.0,phone,0.7137,1043.49,421.44,1111.85,473.94,3588.9,68.36,52.5,1.302,False,,True,R-desk,53,evt_S-61_desk_work_surface_0013,7d01d521e679a68c,lap_bag_context,no_pose_observation,34560.0,1.33,,1,cam12/e1/v1,
corpus_03,03.CCTV Mobile Usage.mkv,632de9ed55947761d56d4c6142a3cb1a1fe69d0b1a6d0e01a2e404c697962623,dfine_sahi,276183.0,unknown_object,0.6929,699.89,396.15,846.61,492.19,14090.7,146.72,96.04,1.528,False,,True,R-desk,53,evt_S-61_desk_work_surface_0013,7d01d521e679a68c,lap_bag_context,no_pose_observation,34560.0,1.33,,1,cam12/e1/v1,
corpus_03,03.CCTV Mobile Usage.mkv,632de9ed55947761d56d4c6142a3cb1a1fe69d0b1a6d0e01a2e404c697962623,dfine_sahi,276183.0,monitor_or_bezel,0.6877,910.27,411.25,1141.6,506.33,21993.9,231.32,95.08,2.433,False,,True,R-desk,53,evt_S-61_desk_work_surface_0013,7d01d521e679a68c,lap_bag_context,no_pose_observation,34560.0,1.33,,1,cam12/e1/v1,
corpus_03,03.CCTV Mobile Usage.mkv,632de9ed55947761d56d4c6142a3cb1a1fe69d0b1a6d0e01a2e404c697962623,dfine_sahi,276183.0,monitor_or_bezel,0.6451,1019.02,395.94,1146.14,448.12,6632.6,127.12,52.18,2.436,False,,True,R-desk,53,evt_S-61_desk_work_surface_0013,7d01d521e679a68c,lap_bag_context,no_pose_observation,34560.0,1.33,,1,cam12/e1/v1,
corpus_03,03.CCTV Mobile Usage.mkv,632de9ed55947761d56d4c6142a3cb1a1fe69d0b1a6d0e01a2e404c697962623,dfine_sahi,276183.0,monitor_or_bezel,0.618,962.32,380.37,1152.94,474.97,18033.3,190.62,94.61,2.015,False,,True,R-desk,53,evt_S-61_desk_work_surface_0013,7d01d521e679a68c,lap_bag_context,no_pose_observation,34560.0,1.33,,1,cam12/e1/v1,
corpus_03,03.CCTV Mobile Usage.mkv,632de9ed55947761d56d4c6142a3cb1a1fe69d0b1a6d0e01a2e404c697962623,dfine_sahi,276183.0,keyboard,0.6138,962.87,452.35,1034.55,475.55,1663.2,71.69,23.2,3.09,False,,True,R-desk,53,evt_S-61_desk_work_surface_0013,7d01d521e679a68c,lap_bag_context,no_pose_observation,34560.0,1.33,,1,cam12/e1/v1,
corpus_03,03.CCTV Mobile Usage.mkv,632de9ed55947761d56d4c6142a3cb1a1fe69d0b1a6d0e01a2e404c697962623,dfine_sahi,276183.0,monitor_or_bezel,0.5931,708.36,379.93,969.66,474.94,24827.5,261.3,95.02,2.75,False,,True,R-desk,53,evt_S-61_desk_work_surface_0013,7d01d521e679a68c,lap_bag_context,no_pose_observation,34560.0,1.33,,1,cam12/e1/v1,
corpus_03,03.CCTV Mobile Usage.mkv,632de9ed55947761d56d4c6142a3cb1a1fe69d0b1a6d0e01a2e404c697962623,dfine_sahi,276183.0,keyboard,0.5376,802.58,396.26,870.82,420.61,1661.4,68.24,24.35,2.803,False,,True,R-desk,53,evt_S-61_desk_work_surface_0013,7d01d521e679a68c,lap_bag_context,no_pose_observation,34560.0,1.33,,1,cam12/e1/v1,
corpus_03,03.CCTV Mobile Usage.mkv,632de9ed55947761d56d4c6142a3cb1a1fe69d0b1a6d0e01a2e404c697962623,dfine_sahi,276183.0,unknown_object,0.5196,700.01,380.71,760.53,474.9,5701.0,60.52,94.2,0.643,False,,True,R-desk,53,evt_S-61_desk_work_surface_0013,7d01d521e679a68c,lap_bag_context,no_pose_observation,34560.0,1.33,,1,cam12/e1/v1,
corpus_03,03.CCTV Mobile Usage.mkv,632de9ed55947761d56d4c6142a3cb1a1fe69d0b1a6d0e01a2e404c697962623,dfine_sahi,276183.0,unknown_object,0.5189,765.8,410.94,969.76,505.83,19354.3,203.95,94.9,2.149,False,,True,R-desk,53,evt_S-61_desk_work_surface_0013,7d01d521e679a68c,lap_bag_context,no_pose_observation,34560.0,1.33,,1,cam12/e1/v1,
corpus_03,03.CCTV Mobile Usage.mkv,632de9ed55947761d56d4c6142a3cb1a1fe69d0b1a6d0e01a2e404c697962623,dfine_sahi,276183.0,mouse,0.3782,967.12,398.31,992.05,410.48,303.5,24.94,12.17,2.048,False,,True,R-desk,53,evt_S-61_desk_work_surface_0013,7d01d521e679a68c,lap_bag_context,no_pose_observation,34560.0,1.33,,1,cam12/e1/v1,
corpus_03,03.CCTV Mobile Usage.mkv,632de9ed55947761d56d4c6142a3cb1a1fe69d0b1a6d0e01a2e404c697962623,dfine_sahi,276183.0,unknown_object,0.3425,881.6,411.14,933.4,452.78,2157.2,51.8,41.64,1.244,False,,True,R-desk,53,evt_S-61_desk_work_surface_0013,7d01d521e679a68c,lap_bag_context,no_pose_observation,34560.0,1.33,,1,cam12/e1/v1,
corpus_03,03.CCTV Mobile Usage.mkv,632de9ed55947761d56d4c6142a3cb1a1fe69d0b1a6d0e01a2e404c697962623,dfine_sahi,276183.0,monitor_or_bezel,0.311,881.05,396.17,948.84,452.6,3825.0,67.79,56.43,1.201,False,,True,R-desk,53,evt_S-61_desk_work_surface_0013,7d01d521e679a68c,lap_bag_context,no_pose_observation,34560.0,1.33,,1,cam12/e1/v1,
corpus_03,03.CCTV Mobile Usage.mkv,632de9ed55947761d56d4c6142a3cb1a1fe69d0b1a6d0e01a2e404c697962623,dfine_sahi,276183.0,monitor_or_bezel,0.303,738.39,395.42,1147.24,491.06,39100.7,408.84,95.64,4.275,False,,True,R-desk,53,evt_S-61_desk_work_surface_0013,7d01d521e679a68c,lap_bag_context,no_pose_observation,34560.0,1.33,,1,cam12/e1/v1,
corpus_03,03.CCTV Mobile Usage.mkv,632de9ed55947761d56d4c6142a3cb1a1fe69d0b1a6d0e01a2e404c697962623,dfine_sahi,276183.0,unknown_object,0.2785,880.41,411.46,969.91,505.46,8412.9,89.5,94.0,0.952,False,,True,R-desk,53,evt_S-61_desk_work_surface_0013,7d01d521e679a68c,lap_bag_context,no_pose_observation,34560.0,1.33,,1,cam12/e1/v1,
corpus_03,03.CCTV Mobile Usage.mkv,632de9ed55947761d56d4c6142a3cb1a1fe69d0b1a6d0e01a2e404c697962623,dfine_sahi,276183.0,keyboard,0.2708,910.11,411.67,1093.0,506.25,17297.8,182.89,94.58,1.934,False,,True,R-desk,53,evt_S-61_desk_work_surface_0013,7d01d521e679a68c,lap_bag_context,no_pose_observation,34560.0,1.33,,1,cam12/e1/v1,
corpus_03,03.CCTV Mobile Usage.mkv,632de9ed55947761d56d4c6142a3cb1a1fe69d0b1a6d0e01a2e404c697962623,dfine_sahi,276183.0,keyboard,0.2605,962.73,421.32,1115.19,475.62,8278.2,152.46,54.3,2.808,False,,True,R-desk,53,evt_S-61_desk_work_surface_0013,7d01d521e679a68c,lap_bag_context,no_pose_observation,34560.0,1.33,,1,cam12/e1/v1,
corpus_03,03.CCTV Mobile Usage.mkv,632de9ed55947761d56d4c6142a3cb1a1fe69d0b1a6d0e01a2e404c697962623,dfine_sahi,276183.0,keyboard,0.9228,962.3,451.94,1068.04,491.44,4177.6,105.75,39.51,2.677,False,,True,R-desk,54,evt_S-61_desk_work_surface_0013,7d01d521e679a68c,lap_bag_context,no_pose_observation,34560.0,1.33,,1,cam12/e1/v1,
corpus_03,03.CCTV Mobile Usage.mkv,632de9ed55947761d56d4c6142a3cb1a1fe69d0b1a6d0e01a2e404c697962623,dfine_sahi,276183.0,mouse,0.7977,865.02,413.46,891.19,435.02,564.4,26.18,21.56,1.214,False,,True,R-desk,54,evt_S-61_desk_work_surface_0013,7d01d521e679a68c,lap_bag_context,no_pose_observation,34560.0,1.33,,1,cam12/e1/v1,
corpus_03,03.CCTV Mobile Usage.mkv,632de9ed55947761d56d4c6142a3cb1a1fe69d0b1a6d0e01a2e404c697962623,dfine_sahi,276183.0,keyboard,0.7767,772.19,380.17,870.59,420.41,3959.2,98.39,40.24,2.445,False,,True,R-desk,54,evt_S-61_desk_work_surface_0013,7d01d521e679a68c,lap_bag_context,no_pose_observation,34560.0,1.33,,1,cam12/e1/v1,
corpus_03,03.CCTV Mobile Usage.mkv,632de9ed55947761d56d4c6142a3cb1a1fe69d0b1a6d0e01a2e404c697962623,dfine_sahi,276183.0,phone,0.7137,1043.49,421.44,1111.85,473.94,3588.9,68.36,52.5,1.302,False,,True,R-desk,54,evt_S-61_desk_work_surface_0013,7d01d521e679a68c,lap_bag_context,no_pose_observation,34560.0,1.33,,1,cam12/e1/v1,
corpus_03,03.CCTV Mobile Usage.mkv,632de9ed55947761d56d4c6142a3cb1a1fe69d0b1a6d0e01a2e404c697962623,dfine_sahi,276183.0,unknown_object,0.6929,699.89,396.15,846.61,492.19,14090.7,146.72,96.04,1.528,False,,True,R-desk,54,evt_S-61_desk_work_surface_0013,7d01d521e679a68c,lap_bag_context,no_pose_observation,34560.0,1.33,,1,cam12/e1/v1,
corpus_03,03.CCTV Mobile Usage.mkv,632de9ed55947761d56d4c6142a3cb1a1fe69d0b1a6d0e01a2e404c697962623,dfine_sahi,276183.0,monitor_or_bezel,0.6877,910.27,411.25,1141.6,506.33,21993.9,231.32,95.08,2.433,False,,True,R-desk,54,evt_S-61_desk_work_surface_0013,7d01d521e679a68c,lap_bag_context,no_pose_observation,34560.0,1.33,,1,cam12/e1/v1,
corpus_03,03.CCTV Mobile Usage.mkv,632de9ed55947761d56d4c6142a3cb1a1fe69d0b1a6d0e01a2e404c697962623,dfine_sahi,276183.0,monitor_or_bezel,0.6451,1019.02,395.94,1146.14,448.12,6632.6,127.12,52.18,2.436,False,,True,R-desk,54,evt_S-61_desk_work_surface_0013,7d01d521e679a68c,lap_bag_context,no_pose_observation,34560.0,1.33,,1,cam12/e1/v1,
corpus_03,03.CCTV Mobile Usage.mkv,632de9ed55947761d56d4c6142a3cb1a1fe69d0b1a6d0e01a2e404c697962623,dfine_sahi,276183.0,monitor_or_bezel,0.618,962.32,380.37,1152.94,474.97,18033.3,190.62,94.61,2.015,False,,True,R-desk,54,evt_S-61_desk_work_surface_0013,7d01d521e679a68c,lap_bag_context,no_pose_observation,34560.0,1.33,,1,cam12/e1/v1,
corpus_03,03.CCTV Mobile Usage.mkv,632de9ed55947761d56d4c6142a3cb1a1fe69d0b1a6d0e01a2e404c697962623,dfine_sahi,276183.0,keyboard,0.6138,962.87,452.35,1034.55,475.55,1663.2,71.69,23.2,3.09,False,,True,R-desk,54,evt_S-61_desk_work_surface_0013,7d01d521e679a68c,lap_bag_context,no_pose_observation,34560.0,1.33,,1,cam12/e1/v1,
corpus_03,03.CCTV Mobile Usage.mkv,632de9ed55947761d56d4c6142a3cb1a1fe69d0b1a6d0e01a2e404c697962623,dfine_sahi,276183.0,monitor_or_bezel,0.5931,708.36,379.93,969.66,474.94,24827.5,261.3,95.02,2.75,False,,True,R-desk,54,evt_S-61_desk_work_surface_0013,7d01d521e679a68c,lap_bag_context,no_pose_observation,34560.0,1.33,,1,cam12/e1/v1,
corpus_03,03.CCTV Mobile Usage.mkv,632de9ed55947761d56d4c6142a3cb1a1fe69d0b1a6d0e01a2e404c697962623,dfine_sahi,276183.0,keyboard,0.5376,802.58,396.26,870.82,420.61,1661.4,68.24,24.35,2.803,False,,True,R-desk,54,evt_S-61_desk_work_surface_0013,7d01d521e679a68c,lap_bag_context,no_pose_observation,34560.0,1.33,,1,cam12/e1/v1,
corpus_03,03.CCTV Mobile Usage.mkv,632de9ed55947761d56d4c6142a3cb1a1fe69d0b1a6d0e01a2e404c697962623,dfine_sahi,276183.0,unknown_object,0.5196,700.01,380.71,760.53,474.9,5701.0,60.52,94.2,0.643,False,,True,R-desk,54,evt_S-61_desk_work_surface_0013,7d01d521e679a68c,lap_bag_context,no_pose_observation,34560.0,1.33,,1,cam12/e1/v1,
corpus_03,03.CCTV Mobile Usage.mkv,632de9ed55947761d56d4c6142a3cb1a1fe69d0b1a6d0e01a2e404c697962623,dfine_sahi,276183.0,unknown_object,0.5189,765.8,410.94,969.76,505.83,19354.3,203.95,94.9,2.149,False,,True,R-desk,54,evt_S-61_desk_work_surface_0013,7d01d521e679a68c,lap_bag_context,no_pose_observation,34560.0,1.33,,1,cam12/e1/v1,
corpus_03,03.CCTV Mobile Usage.mkv,632de9ed55947761d56d4c6142a3cb1a1fe69d0b1a6d0e01a2e404c697962623,dfine_sahi,276183.0,mouse,0.3782,967.12,398.31,992.05,410.48,303.5,24.94,12.17,2.048,False,,True,R-desk,54,evt_S-61_desk_work_surface_0013,7d01d521e679a68c,lap_bag_context,no_pose_observation,34560.0,1.33,,1,cam12/e1/v1,
corpus_03,03.CCTV Mobile Usage.mkv,632de9ed55947761d56d4c6142a3cb1a1fe69d0b1a6d0e01a2e404c697962623,dfine_sahi,276183.0,unknown_object,0.3425,881.6,411.14,933.4,452.78,2157.2,51.8,41.64,1.244,False,,True,R-desk,54,evt_S-61_desk_work_surface_0013,7d01d521e679a68c,lap_bag_context,no_pose_observation,34560.0,1.33,,1,cam12/e1/v1,
corpus_03,03.CCTV Mobile Usage.mkv,632de9ed55947761d56d4c6142a3cb1a1fe69d0b1a6d0e01a2e404c697962623,dfine_sahi,276183.0,monitor_or_bezel,0.311,881.05,396.17,948.84,452.6,3825.0,67.79,56.43,1.201,False,,True,R-desk,54,evt_S-61_desk_work_surface_0013,7d01d521e679a68c,lap_bag_context,no_pose_observation,34560.0,1.33,,1,cam12/e1/v1,
corpus_03,03.CCTV Mobile Usage.mkv,632de9ed55947761d56d4c6142a3cb1a1fe69d0b1a6d0e01a2e404c697962623,dfine_sahi,276183.0,monitor_or_bezel,0.303,738.39,395.42,1147.24,491.06,39100.7,408.84,95.64,4.275,False,,True,R-desk,54,evt_S-61_desk_work_surface_0013,7d01d521e679a68c,lap_bag_context,no_pose_observation,34560.0,1.33,,1,cam12/e1/v1,
corpus_03,03.CCTV Mobile Usage.mkv,632de9ed55947761d56d4c6142a3cb1a1fe69d0b1a6d0e01a2e404c697962623,dfine_sahi,276183.0,unknown_object,0.2785,880.41,411.46,969.91,505.46,8412.9,89.5,94.0,0.952,False,,True,R-desk,54,evt_S-61_desk_work_surface_0013,7d01d521e679a68c,lap_bag_context,no_pose_observation,34560.0,1.33,,1,cam12/e1/v1,
corpus_03,03.CCTV Mobile Usage.mkv,632de9ed55947761d56d4c6142a3cb1a1fe69d0b1a6d0e01a2e404c697962623,dfine_sahi,276183.0,keyboard,0.2708,910.11,411.67,1093.0,506.25,17297.8,182.89,94.58,1.934,False,,True,R-desk,54,evt_S-61_desk_work_surface_0013,7d01d521e679a68c,lap_bag_context,no_pose_observation,34560.0,1.33,,1,cam12/e1/v1,
corpus_03,03.CCTV Mobile Usage.mkv,632de9ed55947761d56d4c6142a3cb1a1fe69d0b1a6d0e01a2e404c697962623,dfine_sahi,276183.0,keyboard,0.2605,962.73,421.32,1115.19,475.62,8278.2,152.46,54.3,2.808,False,,True,R-desk,54,evt_S-61_desk_work_surface_0013,7d01d521e679a68c,lap_bag_context,no_pose_observation,34560.0,1.33,,1,cam12/e1/v1,
corpus_03,03.CCTV Mobile Usage.mkv,632de9ed55947761d56d4c6142a3cb1a1fe69d0b1a6d0e01a2e404c697962623,dfine_sahi,277467.0,keyboard,0.9193,962.21,452.0,1068.05,491.44,4174.7,105.84,39.44,2.683,False,,True,R-desk,56,evt_S-61_desk_work_surface_0014,2787998bb369fb67,lap_bag_context,no_pose_observation,34560.0,1.33,,1,cam12/e1/v1,
corpus_03,03.CCTV Mobile Usage.mkv,632de9ed55947761d56d4c6142a3cb1a1fe69d0b1a6d0e01a2e404c697962623,dfine_sahi,277467.0,keyboard,0.7221,772.26,380.18,870.81,420.44,3967.3,98.55,40.26,2.448,False,,True,R-desk,56,evt_S-61_desk_work_surface_0014,2787998bb369fb67,lap_bag_context,no_pose_observation,34560.0,1.33,,1,cam12/e1/v1,
corpus_03,03.CCTV Mobile Usage.mkv,632de9ed55947761d56d4c6142a3cb1a1fe69d0b1a6d0e01a2e404c697962623,dfine_sahi,277467.0,mouse,0.7043,865.05,413.69,891.33,435.67,577.5,26.28,21.97,1.196,False,,True,R-desk,56,evt_S-61_desk_work_surface_0014,2787998bb369fb67,lap_bag_context,no_pose_observation,34560.0,1.33,,1,cam12/e1/v1,
corpus_03,03.CCTV Mobile Usage.mkv,632de9ed55947761d56d4c6142a3cb1a1fe69d0b1a6d0e01a2e404c697962623,dfine_sahi,277467.0,unknown_object,0.7027,699.89,396.16,847.03,491.89,14084.6,147.14,95.73,1.537,False,,True,R-desk,56,evt_S-61_desk_work_surface_0014,2787998bb369fb67,lap_bag_context,no_pose_observation,34560.0,1.33,,1,cam12/e1/v1,
corpus_03,03.CCTV Mobile Usage.mkv,632de9ed55947761d56d4c6142a3cb1a1fe69d0b1a6d0e01a2e404c697962623,dfine_sahi,277467.0,phone,0.6984,1043.3,421.21,1112.22,474.05,3641.6,68.92,52.84,1.304,False,,True,R-desk,56,evt_S-61_desk_work_surface_0014,2787998bb369fb67,lap_bag_context,no_pose_observation,34560.0,1.33,,1,cam12/e1/v1,
corpus_03,03.CCTV Mobile Usage.mkv,632de9ed55947761d56d4c6142a3cb1a1fe69d0b1a6d0e01a2e404c697962623,dfine_sahi,277467.0,monitor_or_bezel,0.6896,910.16,411.24,1141.32,506.4,21996.3,231.16,95.16,2.429,False,,True,R-desk,56,evt_S-61_desk_work_surface_0014,2787998bb369fb67,lap_bag_context,no_pose_observation,34560.0,1.33,,1,cam12/e1/v1,
corpus_03,03.CCTV Mobile Usage.mkv,632de9ed55947761d56d4c6142a3cb1a1fe69d0b1a6d0e01a2e404c697962623,dfine_sahi,277467.0,monitor_or_bezel,0.6538,1018.83,380.3,1152.4,473.44,12441.6,133.57,93.14,1.434,False,,True,R-desk,56,evt_S-61_desk_work_surface_0014,2787998bb369fb67,lap_bag_context,no_pose_observation,34560.0,1.33,,1,cam12/e1/v1,
corpus_03,03.CCTV Mobile Usage.mkv,632de9ed55947761d56d4c6142a3cb1a1fe69d0b1a6d0e01a2e404c697962623,dfine_sahi,277467.0,keyboard,0.645,962.78,452.44,1034.83,475.58,1667.0,72.05,23.14,3.114,False,,True,R-desk,56,evt_S-61_desk_work_surface_0014,2787998bb369fb67,lap_bag_context,no_pose_observation,34560.0,1.33,,1,cam12/e1/v1,
corpus_03,03.CCTV Mobile Usage.mkv,632de9ed55947761d56d4c6142a3cb1a1fe69d0b1a6d0e01a2e404c697962623,dfine_sahi,277467.0,monitor_or_bezel,0.5773,707.96,379.88,969.48,474.93,24858.7,261.52,95.05,2.751,False,,True,R-desk,56,evt_S-61_desk_work_surface_0014,2787998bb369fb67,lap_bag_context,no_pose_observation,34560.0,1.33,,1,cam12/e1/v1,
corpus_03,03.CCTV Mobile Usage.mkv,632de9ed55947761d56d4c6142a3cb1a1fe69d0b1a6d0e01a2e404c697962623,dfine_sahi,277467.0,keyboard,0.574,802.32,396.25,870.93,420.76,1681.8,68.61,24.51,2.799,False,,True,R-desk,56,evt_S-61_desk_work_surface_0014,2787998bb369fb67,lap_bag_context,no_pose_observation,34560.0,1.33,,1,cam12/e1/v1,
corpus_03,03.CCTV Mobile Usage.mkv,632de9ed55947761d56d4c6142a3cb1a1fe69d0b1a6d0e01a2e404c697962623,dfine_sahi,277467.0,unknown_object,0.4406,769.38,410.96,969.77,505.87,19018.3,200.39,94.91,2.111,False,,True,R-desk,56,evt_S-61_desk_work_surface_0014,2787998bb369fb67,lap_bag_context,no_pose_observation,34560.0,1.33,,1,cam12/e1/v1,
corpus_03,03.CCTV Mobile Usage.mkv,632de9ed55947761d56d4c6142a3cb1a1fe69d0b1a6d0e01a2e404c697962623,dfine_sahi,277467.0,unknown_object,0.3848,700.0,380.64,761.35,474.97,5786.9,61.34,94.33,0.65,False,,True,R-desk,56,evt_S-61_desk_work_surface_0014,2787998bb369fb67,lap_bag_context,no_pose_observation,34560.0,1.33,,1,cam12/e1/v1,
corpus_03,03.CCTV Mobile Usage.mkv,632de9ed55947761d56d4c6142a3cb1a1fe69d0b1a6d0e01a2e404c697962623,dfine_sahi,277467.0,mouse,0.3489,967.04,398.3,992.09,410.58,307.4,25.05,12.27,2.041,False,,True,R-desk,56,evt_S-61_desk_work_surface_0014,2787998bb369fb67,lap_bag_context,no_pose_observation,34560.0,1.33,,1,cam12/e1/v1,
corpus_03,03.CCTV Mobile Usage.mkv,632de9ed55947761d56d4c6142a3cb1a1fe69d0b1a6d0e01a2e404c697962623,dfine_sahi,277467.0,unknown_object,0.3324,881.54,411.14,969.68,453.68,3749.4,88.14,42.54,2.072,False,,True,R-desk,56,evt_S-61_desk_work_surface_0014,2787998bb369fb67,lap_bag_context,no_pose_observation,34560.0,1.33,,1,cam12/e1/v1,
corpus_03,03.CCTV Mobile Usage.mkv,632de9ed55947761d56d4c6142a3cb1a1fe69d0b1a6d0e01a2e404c697962623,dfine_sahi,277467.0,unknown_object,0.2924,880.24,411.64,969.89,505.47,8412.0,89.65,93.84,0.955,False,,True,R-desk,56,evt_S-61_desk_work_surface_0014,2787998bb369fb67,lap_bag_context,no_pose_observation,34560.0,1.33,,1,cam12/e1/v1,
corpus_03,03.CCTV Mobile Usage.mkv,632de9ed55947761d56d4c6142a3cb1a1fe69d0b1a6d0e01a2e404c697962623,dfine_sahi,277467.0,monitor_or_bezel,0.282,881.04,396.18,949.11,452.71,3847.9,68.07,56.53,1.204,False,,True,R-desk,56,evt_S-61_desk_work_surface_0014,2787998bb369fb67,lap_bag_context,no_pose_observation,34560.0,1.33,,1,cam12/e1/v1,
corpus_03,03.CCTV Mobile Usage.mkv,632de9ed55947761d56d4c6142a3cb1a1fe69d0b1a6d0e01a2e404c697962623,dfine_sahi,277467.0,monitor_or_bezel,0.2706,739.51,395.34,1146.72,490.94,38930.4,407.21,95.6,4.259,False,,True,R-desk,56,evt_S-61_desk_work_surface_0014,2787998bb369fb67,lap_bag_context,no_pose_observation,34560.0,1.33,,1,cam12/e1/v1,
corpus_03,03.CCTV Mobile Usage.mkv,632de9ed55947761d56d4c6142a3cb1a1fe69d0b1a6d0e01a2e404c697962623,dfine_sahi,277467.0,mouse,0.2706,990.96,399.46,1026.18,413.23,485.2,35.22,13.78,2.557,False,,True,R-desk,56,evt_S-61_desk_work_surface_0014,2787998bb369fb67,lap_bag_context,no_pose_observation,34560.0,1.33,,1,cam12/e1/v1,
corpus_03,03.CCTV Mobile Usage.mkv,632de9ed55947761d56d4c6142a3cb1a1fe69d0b1a6d0e01a2e404c697962623,dfine_sahi,277467.0,keyboard,0.2686,965.39,394.24,1107.39,474.79,11438.2,142.0,80.55,1.763,False,,True,R-desk,56,evt_S-61_desk_work_surface_0014,2787998bb369fb67,lap_bag_context,no_pose_observation,34560.0,1.33,,1,cam12/e1/v1,
corpus_03,03.CCTV Mobile Usage.mkv,632de9ed55947761d56d4c6142a3cb1a1fe69d0b1a6d0e01a2e404c697962623,dfine_sahi,277467.0,keyboard,0.2552,910.07,411.38,1093.08,506.28,17368.3,183.01,94.9,1.928,False,,True,R-desk,56,evt_S-61_desk_work_surface_0014,2787998bb369fb67,lap_bag_context,no_pose_observation,34560.0,1.33,,1,cam12/e1/v1,
corpus_03,03.CCTV Mobile Usage.mkv,632de9ed55947761d56d4c6142a3cb1a1fe69d0b1a6d0e01a2e404c697962623,dfine_sahi,277467.0,unknown_object,0.5327,94.99,409.31,167.03,503.42,6779.3,72.04,94.11,0.765,False,,True,S-61,55,evt_S-61_desk_work_surface_0014,75ed3c1c34239082,pose_hand_context,,26205.1,3.95,,1,cam12/e1/v1,rtmpose_baseline
corpus_03,03.CCTV Mobile Usage.mkv,632de9ed55947761d56d4c6142a3cb1a1fe69d0b1a6d0e01a2e404c697962623,dfine_sahi,277467.0,unknown_object,0.5007,141.97,341.3,193.04,432.34,4649.5,51.07,91.04,0.561,False,,True,S-61,55,evt_S-61_desk_work_surface_0014,75ed3c1c34239082,pose_hand_context,,26205.1,3.95,,1,cam12/e1/v1,rtmpose_baseline
corpus_03,03.CCTV Mobile Usage.mkv,632de9ed55947761d56d4c6142a3cb1a1fe69d0b1a6d0e01a2e404c697962623,dfine_sahi,277467.0,unknown_object,0.4187,71.11,337.14,166.96,432.48,9137.9,95.84,95.34,1.005,False,,True,S-61,55,evt_S-61_desk_work_surface_0014,75ed3c1c34239082,pose_hand_context,,26205.1,3.95,,1,cam12/e1/v1,rtmpose_baseline
corpus_03,03.CCTV Mobile Usage.mkv,632de9ed55947761d56d4c6142a3cb1a1fe69d0b1a6d0e01a2e404c697962623,dfine_sahi,277467.0,unknown_object,0.3772,103.83,409.21,166.94,449.12,2518.9,63.11,39.91,1.581,False,,True,S-61,55,evt_S-61_desk_work_surface_0014,75ed3c1c34239082,pose_hand_context,,26205.1,3.95,,1,cam12/e1/v1,rtmpose_baseline
corpus_03,03.CCTV Mobile Usage.mkv,632de9ed55947761d56d4c6142a3cb1a1fe69d0b1a6d0e01a2e404c697962623,dfine_sahi,277467.0,unknown_object,0.3594,142.01,443.52,205.04,503.67,3791.2,63.03,60.15,1.048,False,,True,S-61,55,evt_S-61_desk_work_surface_0014,75ed3c1c34239082,pose_hand_context,,26205.1,3.95,,1,cam12/e1/v1,rtmpose_baseline
corpus_03,03.CCTV Mobile Usage.mkv,632de9ed55947761d56d4c6142a3cb1a1fe69d0b1a6d0e01a2e404c697962623,dfine_sahi,277467.0,unknown_object,0.3492,104.07,340.38,235.76,447.09,14052.6,131.69,106.71,1.234,False,,True,S-61,55,evt_S-61_desk_work_surface_0014,75ed3c1c34239082,pose_hand_context,,26205.1,3.95,,1,cam12/e1/v1,rtmpose_baseline
corpus_03,03.CCTV Mobile Usage.mkv,632de9ed55947761d56d4c6142a3cb1a1fe69d0b1a6d0e01a2e404c697962623,dfine_sahi,277467.0,unknown_object,0.2812,71.05,408.19,125.29,499.64,4959.6,54.23,91.45,0.593,False,,True,S-61,55,evt_S-61_desk_work_surface_0014,75ed3c1c34239082,pose_hand_context,,26205.1,3.95,,1,cam12/e1/v1,rtmpose_baseline
corpus_03,03.CCTV Mobile Usage.mkv,632de9ed55947761d56d4c6142a3cb1a1fe69d0b1a6d0e01a2e404c697962623,dfine_sahi,277467.0,unknown_object,0.2716,141.99,408.28,237.89,503.45,9127.0,95.91,95.17,1.008,False,,True,S-61,55,evt_S-61_desk_work_surface_0014,75ed3c1c34239082,pose_hand_context,,26205.1,3.95,,1,cam12/e1/v1,rtmpose_baseline
corpus_03,03.CCTV Mobile Usage.mkv,632de9ed55947761d56d4c6142a3cb1a1fe69d0b1a6d0e01a2e404c697962623,dfine_sahi,277467.0,stationery,0.2694,84.87,386.8,150.1,432.46,2978.2,65.23,45.66,1.429,False,,True,S-61,55,evt_S-61_desk_work_surface_0014,75ed3c1c34239082,pose_hand_context,,26205.1,3.95,,1,cam12/e1/v1,rtmpose_baseline
corpus_03,03.CCTV Mobile Usage.mkv,632de9ed55947761d56d4c6142a3cb1a1fe69d0b1a6d0e01a2e404c697962623,dfine_sahi,277467.0,unknown_object,0.2553,142.01,476.0,214.97,503.83,2030.1,72.96,27.83,2.622,False,,True,S-61,55,evt_S-61_desk_work_surface_0014,75ed3c1c34239082,pose_hand_context,,26205.1,3.95,,1,cam12/e1/v1,rtmpose_baseline
corpus_03,03.CCTV Mobile Usage.mkv,632de9ed55947761d56d4c6142a3cb1a1fe69d0b1a6d0e01a2e404c697962623,dfine_sahi,278467.0,unknown_object,0.5757,103.15,460.08,168.0,509.29,3191.4,64.85,49.21,1.318,False,,True,S-61,55,evt_S-61_desk_work_surface_0014,2a36a7787b46837e,pose_hand_context,,23777.6,4.15,,1,cam12/e1/v1,rtmpose_baseline
corpus_03,03.CCTV Mobile Usage.mkv,632de9ed55947761d56d4c6142a3cb1a1fe69d0b1a6d0e01a2e404c697962623,dfine_sahi,278467.0,unknown_object,0.5368,77.06,398.34,230.73,551.33,23509.8,153.67,152.99,1.004,False,,True,S-61,55,evt_S-61_desk_work_surface_0014,2a36a7787b46837e,pose_hand_context,,23777.6,4.15,,1,cam12/e1/v1,rtmpose_baseline
corpus_03,03.CCTV Mobile Usage.mkv,632de9ed55947761d56d4c6142a3cb1a1fe69d0b1a6d0e01a2e404c697962623,dfine_sahi,278467.0,unknown_object,0.4964,140.01,485.56,206.16,555.68,4638.4,66.15,70.12,0.943,False,,True,S-61,55,evt_S-61_desk_work_surface_0014,2a36a7787b46837e,pose_hand_context,,23777.6,4.15,,1,cam12/e1/v1,rtmpose_baseline
corpus_03,03.CCTV Mobile Usage.mkv,632de9ed55947761d56d4c6142a3cb1a1fe69d0b1a6d0e01a2e404c697962623,dfine_sahi,278467.0,unknown_object,0.4869,72.29,393.22,167.97,488.42,9108.7,95.68,95.2,1.005,False,,True,S-61,55,evt_S-61_desk_work_surface_0014,2a36a7787b46837e,pose_hand_context,,23777.6,4.15,,1,cam12/e1/v1,rtmpose_baseline
corpus_03,03.CCTV Mobile Usage.mkv,632de9ed55947761d56d4c6142a3cb1a1fe69d0b1a6d0e01a2e404c697962623,dfine_sahi,278467.0,unknown_object,0.4382,72.0,460.17,167.95,555.44,9141.2,95.95,95.27,1.007,False,,True,S-61,55,evt_S-61_desk_work_surface_0014,2a36a7787b46837e,pose_hand_context,,23777.6,4.15,,1,cam12/e1/v1,rtmpose_baseline
corpus_03,03.CCTV Mobile Usage.mkv,632de9ed55947761d56d4c6142a3cb1a1fe69d0b1a6d0e01a2e404c697962623,dfine_sahi,278467.0,unknown_object,0.4355,140.1,393.72,235.94,488.41,9074.4,95.84,94.69,1.012,False,,True,S-61,55,evt_S-61_desk_work_surface_0014,2a36a7787b46837e,pose_hand_context,,23777.6,4.15,,1,cam12/e1/v1,rtmpose_baseline
corpus_03,03.CCTV Mobile Usage.mkv,632de9ed55947761d56d4c6142a3cb1a1fe69d0b1a6d0e01a2e404c697962623,dfine_sahi,278467.0,unknown_object,0.3974,140.0,394.7,185.57,448.15,2435.7,45.57,53.45,0.853,False,,True,S-61,55,evt_S-61_desk_work_surface_0014,2a36a7787b46837e,pose_hand_context,,23777.6,4.15,,1,cam12/e1/v1,rtmpose_baseline
corpus_03,03.CCTV Mobile Usage.mkv,632de9ed55947761d56d4c6142a3cb1a1fe69d0b1a6d0e01a2e404c697962623,dfine_sahi,278467.0,stationery,0.3266,138.33,506.08,165.27,521.96,427.7,26.94,15.87,1.697,False,,True,S-61,55,evt_S-61_desk_work_surface_0014,2a36a7787b46837e,pose_hand_context,,23777.6,4.15,,1,cam12/e1/v1,rtmpose_baseline
corpus_03,03.CCTV Mobile Usage.mkv,632de9ed55947761d56d4c6142a3cb1a1fe69d0b1a6d0e01a2e404c697962623,dfine_sahi,278467.0,unknown_object,0.303,79.96,393.13,167.67,436.01,3761.2,87.71,42.88,2.046,False,,True,S-61,55,evt_S-61_desk_work_surface_0014,2a36a7787b46837e,pose_hand_context,,23777.6,4.15,,1,cam12/e1/v1,rtmpose_baseline
corpus_03,03.CCTV Mobile Usage.mkv,632de9ed55947761d56d4c6142a3cb1a1fe69d0b1a6d0e01a2e404c697962623,dfine_sahi,278467.0,stationery,0.3017,138.76,505.42,203.62,551.7,3001.9,64.86,46.28,1.401,False,,True,S-61,55,evt_S-61_desk_work_surface_0014,2a36a7787b46837e,pose_hand_context,,23777.6,4.15,,1,cam12/e1/v1,rtmpose_baseline
corpus_03,03.CCTV Mobile Usage.mkv,632de9ed55947761d56d4c6142a3cb1a1fe69d0b1a6d0e01a2e404c697962623,dfine_sahi,278467.0,stationery,0.2607,139.99,486.09,165.96,521.79,927.2,25.97,35.7,0.727,False,,True,S-61,55,evt_S-61_desk_work_surface_0014,2a36a7787b46837e,pose_hand_context,,23777.6,4.15,,1,cam12/e1/v1,rtmpose_baseline
corpus_03,03.CCTV Mobile Usage.mkv,632de9ed55947761d56d4c6142a3cb1a1fe69d0b1a6d0e01a2e404c697962623,dfine_sahi,278467.0,keyboard,0.9216,962.2,452.0,1068.06,491.44,4174.9,105.86,39.44,2.684,False,,True,R-desk,56,evt_S-61_desk_work_surface_0014,e67f8a5d9e10f4f0,lap_bag_context,no_pose_observation,34560.0,1.33,,1,cam12/e1/v1,
corpus_03,03.CCTV Mobile Usage.mkv,632de9ed55947761d56d4c6142a3cb1a1fe69d0b1a6d0e01a2e404c697962623,dfine_sahi,278467.0,keyboard,0.7251,772.2,380.18,870.82,420.44,3970.8,98.62,40.26,2.449,False,,True,R-desk,56,evt_S-61_desk_work_surface_0014,e67f8a5d9e10f4f0,lap_bag_context,no_pose_observation,34560.0,1.33,,1,cam12/e1/v1,
corpus_03,03.CCTV Mobile Usage.mkv,632de9ed55947761d56d4c6142a3cb1a1fe69d0b1a6d0e01a2e404c697962623,dfine_sahi,278467.0,phone,0.721,1043.34,421.07,1112.18,473.98,3642.4,68.84,52.91,1.301,False,,True,R-desk,56,evt_S-61_desk_work_surface_0014,e67f8a5d9e10f4f0,lap_bag_context,no_pose_observation,34560.0,1.33,,1,cam12/e1/v1,
corpus_03,03.CCTV Mobile Usage.mkv,632de9ed55947761d56d4c6142a3cb1a1fe69d0b1a6d0e01a2e404c697962623,dfine_sahi,278467.0,monitor_or_bezel,0.7076,910.14,411.24,1141.27,506.38,21990.7,231.13,95.14,2.429,False,,True,R-desk,56,evt_S-61_desk_work_surface_0014,e67f8a5d9e10f4f0,lap_bag_context,no_pose_observation,34560.0,1.33,,1,cam12/e1/v1,
corpus_03,03.CCTV Mobile Usage.mkv,632de9ed55947761d56d4c6142a3cb1a1fe69d0b1a6d0e01a2e404c697962623,dfine_sahi,278467.0,mouse,0.7072,865.06,413.7,891.37,435.64,577.2,26.3,21.94,1.199,False,,True,R-desk,56,evt_S-61_desk_work_surface_0014,e67f8a5d9e10f4f0,lap_bag_context,no_pose_observation,34560.0,1.33,,1,cam12/e1/v1,
corpus_03,03.CCTV Mobile Usage.mkv,632de9ed55947761d56d4c6142a3cb1a1fe69d0b1a6d0e01a2e404c697962623,dfine_sahi,278467.0,unknown_object,0.6705,699.92,396.16,847.07,491.91,14089.9,147.16,95.75,1.537,False,,True,R-desk,56,evt_S-61_desk_work_surface_0014,e67f8a5d9e10f4f0,lap_bag_context,no_pose_observation,34560.0,1.33,,1,cam12/e1/v1,
corpus_03,03.CCTV Mobile Usage.mkv,632de9ed55947761d56d4c6142a3cb1a1fe69d0b1a6d0e01a2e404c697962623,dfine_sahi,278467.0,monitor_or_bezel,0.6583,1018.82,380.29,1152.49,473.39,12445.0,133.67,93.1,1.436,False,,True,R-desk,56,evt_S-61_desk_work_surface_0014,e67f8a5d9e10f4f0,lap_bag_context,no_pose_observation,34560.0,1.33,,1,cam12/e1/v1,
corpus_03,03.CCTV Mobile Usage.mkv,632de9ed55947761d56d4c6142a3cb1a1fe69d0b1a6d0e01a2e404c697962623,dfine_sahi,278467.0,keyboard,0.6472,962.84,452.44,1034.75,475.57,1662.9,71.91,23.13,3.109,False,,True,R-desk,56,evt_S-61_desk_work_surface_0014,e67f8a5d9e10f4f0,lap_bag_context,no_pose_observation,34560.0,1.33,,1,cam12/e1/v1,
corpus_03,03.CCTV Mobile Usage.mkv,632de9ed55947761d56d4c6142a3cb1a1fe69d0b1a6d0e01a2e404c697962623,dfine_sahi,278467.0,monitor_or_bezel,0.5558,708.27,379.88,969.48,474.9,24821.5,261.21,95.03,2.749,False,,True,R-desk,56,evt_S-61_desk_work_surface_0014,e67f8a5d9e10f4f0,lap_bag_context,no_pose_observation,34560.0,1.33,,1,cam12/e1/v1,
corpus_03,03.CCTV Mobile Usage.mkv,632de9ed55947761d56d4c6142a3cb1a1fe69d0b1a6d0e01a2e404c697962623,dfine_sahi,278467.0,keyboard,0.5547,802.3,396.25,870.91,420.77,1682.1,68.61,24.52,2.798,False,,True,R-desk,56,evt_S-61_desk_work_surface_0014,e67f8a5d9e10f4f0,lap_bag_context,no_pose_observation,34560.0,1.33,,1,cam12/e1/v1,
corpus_03,03.CCTV Mobile Usage.mkv,632de9ed55947761d56d4c6142a3cb1a1fe69d0b1a6d0e01a2e404c697962623,dfine_sahi,278467.0,unknown_object,0.4084,770.2,410.99,969.79,505.86,18935.6,199.59,94.87,2.104,False,,True,R-desk,56,evt_S-61_desk_work_surface_0014,e67f8a5d9e10f4f0,lap_bag_context,no_pose_observation,34560.0,1.33,,1,cam12/e1/v1,
corpus_03,03.CCTV Mobile Usage.mkv,632de9ed55947761d56d4c6142a3cb1a1fe69d0b1a6d0e01a2e404c697962623,dfine_sahi,278467.0,unknown_object,0.3544,700.02,380.63,762.65,475.01,5911.8,62.64,94.38,0.664,False,,True,R-desk,56,evt_S-61_desk_work_surface_0014,e67f8a5d9e10f4f0,lap_bag_context,no_pose_observation,34560.0,1.33,,1,cam12/e1/v1,
corpus_03,03.CCTV Mobile Usage.mkv,632de9ed55947761d56d4c6142a3cb1a1fe69d0b1a6d0e01a2e404c697962623,dfine_sahi,278467.0,mouse,0.3319,967.05,398.32,992.0,410.61,306.4,24.94,12.29,2.03,False,,True,R-desk,56,evt_S-61_desk_work_surface_0014,e67f8a5d9e10f4f0,lap_bag_context,no_pose_observation,34560.0,1.33,,1,cam12/e1/v1,
corpus_03,03.CCTV Mobile Usage.mkv,632de9ed55947761d56d4c6142a3cb1a1fe69d0b1a6d0e01a2e404c697962623,dfine_sahi,278467.0,unknown_object,0.3065,881.58,411.15,969.73,453.6,3742.3,88.16,42.45,2.077,False,,True,R-desk,56,evt_S-61_desk_work_surface_0014,e67f8a5d9e10f4f0,lap_bag_context,no_pose_observation,34560.0,1.33,,1,cam12/e1/v1,
corpus_03,03.CCTV Mobile Usage.mkv,632de9ed55947761d56d4c6142a3cb1a1fe69d0b1a6d0e01a2e404c697962623,dfine_sahi,278467.0,keyboard,0.2925,965.0,392.67,1108.46,474.74,11774.1,143.46,82.07,1.748,False,,True,R-desk,56,evt_S-61_desk_work_surface_0014,e67f8a5d9e10f4f0,lap_bag_context,no_pose_observation,34560.0,1.33,,1,cam12/e1/v1,
corpus_03,03.CCTV Mobile Usage.mkv,632de9ed55947761d56d4c6142a3cb1a1fe69d0b1a6d0e01a2e404c697962623,dfine_sahi,278467.0,monitor_or_bezel,0.2776,737.66,395.46,1146.77,490.59,38921.1,409.11,95.14,4.3,False,,True,R-desk,56,evt_S-61_desk_work_surface_0014,e67f8a5d9e10f4f0,lap_bag_context,no_pose_observation,34560.0,1.33,,1,cam12/e1/v1,
corpus_03,03.CCTV Mobile Usage.mkv,632de9ed55947761d56d4c6142a3cb1a1fe69d0b1a6d0e01a2e404c697962623,dfine_sahi,278467.0,monitor_or_bezel,0.2752,881.04,396.18,949.0,452.71,3841.8,67.96,56.53,1.202,False,,True,R-desk,56,evt_S-61_desk_work_surface_0014,e67f8a5d9e10f4f0,lap_bag_context,no_pose_observation,34560.0,1.33,,1,cam12/e1/v1,
corpus_03,03.CCTV Mobile Usage.mkv,632de9ed55947761d56d4c6142a3cb1a1fe69d0b1a6d0e01a2e404c697962623,dfine_sahi,278467.0,unknown_object,0.2685,880.29,411.49,969.88,505.43,8416.5,89.59,93.94,0.954,False,,True,R-desk,56,evt_S-61_desk_work_surface_0014,e67f8a5d9e10f4f0,lap_bag_context,no_pose_observation,34560.0,1.33,,1,cam12/e1/v1,
corpus_03,03.CCTV Mobile Usage.mkv,632de9ed55947761d56d4c6142a3cb1a1fe69d0b1a6d0e01a2e404c697962623,dfine_sahi,278467.0,mouse,0.255,990.88,399.42,1025.81,413.26,483.2,34.93,13.83,2.525,False,,True,R-desk,56,evt_S-61_desk_work_surface_0014,e67f8a5d9e10f4f0,lap_bag_context,no_pose_observation,34560.0,1.33,,1,cam12/e1/v1,
corpus_03,03.CCTV Mobile Usage.mkv,632de9ed55947761d56d4c6142a3cb1a1fe69d0b1a6d0e01a2e404c697962623,dfine_sahi,278467.0,keyboard,0.2526,910.09,411.47,1093.29,506.25,17365.3,183.2,94.79,1.933,False,,True,R-desk,56,evt_S-61_desk_work_surface_0014,e67f8a5d9e10f4f0,lap_bag_context,no_pose_observation,34560.0,1.33,,1,cam12/e1/v1,
corpus_03,03.CCTV Mobile Usage.mkv,632de9ed55947761d56d4c6142a3cb1a1fe69d0b1a6d0e01a2e404c697962623,dfine_sahi,279467.0,unknown_object,0.6575,57.09,337.16,153.96,434.49,9428.2,96.87,97.33,0.995,False,,True,S-61,55,evt_S-61_desk_work_surface_0014,a57b706d1278d0ee,pose_hand_context,,29804.6,3.71,,1,cam12/e1/v1,rtmpose_baseline
corpus_03,03.CCTV Mobile Usage.mkv,632de9ed55947761d56d4c6142a3cb1a1fe69d0b1a6d0e01a2e404c697962623,dfine_sahi,279467.0,stationery,0.6473,144.67,468.61,193.94,498.24,1459.9,49.27,29.63,1.663,False,,True,S-61,55,evt_S-61_desk_work_surface_0014,a57b706d1278d0ee,pose_hand_context,,29804.6,3.71,,1,cam12/e1/v1,rtmpose_baseline
corpus_03,03.CCTV Mobile Usage.mkv,632de9ed55947761d56d4c6142a3cb1a1fe69d0b1a6d0e01a2e404c697962623,dfine_sahi,279467.0,unknown_object,0.5808,79.91,413.12,153.92,455.01,3100.7,74.01,41.89,1.767,False,,True,S-61,55,evt_S-61_desk_work_surface_0014,a57b706d1278d0ee,pose_hand_context,,29804.6,3.71,,1,cam12/e1/v1,rtmpose_baseline
corpus_03,03.CCTV Mobile Usage.mkv,632de9ed55947761d56d4c6142a3cb1a1fe69d0b1a6d0e01a2e404c697962623,dfine_sahi,279467.0,unknown_object,0.444,132.09,413.18,228.93,509.43,9321.5,96.84,96.26,1.006,False,,True,S-61,55,evt_S-61_desk_work_surface_0014,a57b706d1278d0ee,pose_hand_context,,29804.6,3.71,,1,cam12/e1/v1,rtmpose_baseline
corpus_03,03.CCTV Mobile Usage.mkv,632de9ed55947761d56d4c6142a3cb1a1fe69d0b1a6d0e01a2e404c697962623,dfine_sahi,279467.0,unknown_object,0.3866,57.09,413.43,153.89,509.12,9264.1,96.81,95.7,1.012,False,,True,S-61,55,evt_S-61_desk_work_surface_0014,a57b706d1278d0ee,pose_hand_context,,29804.6,3.71,,1,cam12/e1/v1,rtmpose_baseline
corpus_03,03.CCTV Mobile Usage.mkv,632de9ed55947761d56d4c6142a3cb1a1fe69d0b1a6d0e01a2e404c697962623,dfine_sahi,279467.0,unknown_object,0.3752,140.32,468.91,194.41,509.48,2194.6,54.09,40.57,1.333,False,,True,S-61,55,evt_S-61_desk_work_surface_0014,a57b706d1278d0ee,pose_hand_context,,29804.6,3.71,,1,cam12/e1/v1,rtmpose_baseline
corpus_03,03.CCTV Mobile Usage.mkv,632de9ed55947761d56d4c6142a3cb1a1fe69d0b1a6d0e01a2e404c697962623,dfine_sahi,279467.0,stationery,0.3677,56.78,438.63,193.71,509.76,9739.7,136.93,71.13,1.925,False,,True,S-61,55,evt_S-61_desk_work_surface_0014,a57b706d1278d0ee,pose_hand_context,,29804.6,3.71,,1,cam12/e1/v1,rtmpose_baseline
corpus_03,03.CCTV Mobile Usage.mkv,632de9ed55947761d56d4c6142a3cb1a1fe69d0b1a6d0e01a2e404c697962623,dfine_sahi,279467.0,unknown_object,0.334,114.71,337.22,228.97,399.43,7108.6,114.26,62.22,1.836,False,,True,S-61,55,evt_S-61_desk_work_surface_0014,a57b706d1278d0ee,pose_hand_context,,29804.6,3.71,,1,cam12/e1/v1,rtmpose_baseline
corpus_03,03.CCTV Mobile Usage.mkv,632de9ed55947761d56d4c6142a3cb1a1fe69d0b1a6d0e01a2e404c697962623,dfine_sahi,279467.0,stationery,0.2867,145.58,478.38,169.54,497.05,447.3,23.95,18.67,1.283,False,,True,S-61,55,evt_S-61_desk_work_surface_0014,a57b706d1278d0ee,pose_hand_context,,29804.6,3.71,,1,cam12/e1/v1,rtmpose_baseline
corpus_03,03.CCTV Mobile Usage.mkv,632de9ed55947761d56d4c6142a3cb1a1fe69d0b1a6d0e01a2e404c697962623,dfine_sahi,279467.0,unknown_object,0.2713,172.98,397.86,209.84,434.77,1360.5,36.86,36.91,0.999,False,,True,S-61,55,evt_S-61_desk_work_surface_0014,a57b706d1278d0ee,pose_hand_context,,29804.6,3.71,,1,cam12/e1/v1,rtmpose_baseline
corpus_03,03.CCTV Mobile Usage.mkv,632de9ed55947761d56d4c6142a3cb1a1fe69d0b1a6d0e01a2e404c697962623,dfine_sahi,279467.0,unknown_object,0.2657,56.78,370.32,85.08,469.27,2800.8,28.31,98.95,0.286,False,,True,S-61,55,evt_S-61_desk_work_surface_0014,a57b706d1278d0ee,pose_hand_context,,29804.6,3.71,,1,cam12/e1/v1,rtmpose_baseline
corpus_03,03.CCTV Mobile Usage.mkv,632de9ed55947761d56d4c6142a3cb1a1fe69d0b1a6d0e01a2e404c697962623,dfine_sahi,279467.0,unknown_object,0.2645,132.05,408.81,177.99,434.83,1195.1,45.94,26.01,1.766,False,,True,S-61,55,evt_S-61_desk_work_surface_0014,a57b706d1278d0ee,pose_hand_context,,29804.6,3.71,,1,cam12/e1/v1,rtmpose_baseline
corpus_03,03.CCTV Mobile Usage.mkv,632de9ed55947761d56d4c6142a3cb1a1fe69d0b1a6d0e01a2e404c697962623,dfine_sahi,279467.0,stationery,0.2512,95.18,408.5,179.93,453.37,3802.7,84.76,44.87,1.889,False,,True,S-61,55,evt_S-61_desk_work_surface_0014,a57b706d1278d0ee,pose_hand_context,,29804.6,3.71,,1,cam12/e1/v1,rtmpose_baseline
corpus_03,03.CCTV Mobile Usage.mkv,632de9ed55947761d56d4c6142a3cb1a1fe69d0b1a6d0e01a2e404c697962623,dfine_sahi,279467.0,keyboard,0.916,962.09,451.97,1068.04,491.43,4180.3,105.95,39.46,2.685,False,,True,R-desk,56,evt_S-61_desk_work_surface_0014,c46ca4533dbf3ed3,lap_bag_context,no_pose_observation,34560.0,1.33,,1,cam12/e1/v1,
corpus_03,03.CCTV Mobile Usage.mkv,632de9ed55947761d56d4c6142a3cb1a1fe69d0b1a6d0e01a2e404c697962623,dfine_sahi,279467.0,monitor_or_bezel,0.7914,910.01,411.25,1140.82,506.33,21946.3,230.81,95.08,2.427,False,,True,R-desk,56,evt_S-61_desk_work_surface_0014,c46ca4533dbf3ed3,lap_bag_context,no_pose_observation,34560.0,1.33,,1,cam12/e1/v1,
corpus_03,03.CCTV Mobile Usage.mkv,632de9ed55947761d56d4c6142a3cb1a1fe69d0b1a6d0e01a2e404c697962623,dfine_sahi,279467.0,mouse,0.6899,865.16,413.7,891.3,434.88,553.6,26.13,21.18,1.234,False,,True,R-desk,56,evt_S-61_desk_work_surface_0014,c46ca4533dbf3ed3,lap_bag_context,no_pose_observation,34560.0,1.33,,1,cam12/e1/v1,
corpus_03,03.CCTV Mobile Usage.mkv,632de9ed55947761d56d4c6142a3cb1a1fe69d0b1a6d0e01a2e404c697962623,dfine_sahi,279467.0,keyboard,0.6849,772.67,380.19,870.71,420.21,3923.6,98.04,40.02,2.449,False,,True,R-desk,56,evt_S-61_desk_work_surface_0014,c46ca4533dbf3ed3,lap_bag_context,no_pose_observation,34560.0,1.33,,1,cam12/e1/v1,
corpus_03,03.CCTV Mobile Usage.mkv,632de9ed55947761d56d4c6142a3cb1a1fe69d0b1a6d0e01a2e404c697962623,dfine_sahi,279467.0,monitor_or_bezel,0.6773,707.56,379.9,969.46,474.8,24855.5,261.91,94.9,2.76,False,,True,R-desk,56,evt_S-61_desk_work_surface_0014,c46ca4533dbf3ed3,lap_bag_context,no_pose_observation,34560.0,1.33,,1,cam12/e1/v1,
corpus_03,03.CCTV Mobile Usage.mkv,632de9ed55947761d56d4c6142a3cb1a1fe69d0b1a6d0e01a2e404c697962623,dfine_sahi,279467.0,keyboard,0.6575,962.84,452.24,1034.0,475.51,1655.8,71.16,23.27,3.059,False,,True,R-desk,56,evt_S-61_desk_work_surface_0014,c46ca4533dbf3ed3,lap_bag_context,no_pose_observation,34560.0,1.33,,1,cam12/e1/v1,
corpus_03,03.CCTV Mobile Usage.mkv,632de9ed55947761d56d4c6142a3cb1a1fe69d0b1a6d0e01a2e404c697962623,dfine_sahi,279467.0,phone,0.6551,1043.5,421.52,1112.35,474.16,3624.5,68.85,52.65,1.308,False,,True,R-desk,56,evt_S-61_desk_work_surface_0014,c46ca4533dbf3ed3,lap_bag_context,no_pose_observation,34560.0,1.33,,1,cam12/e1/v1,
corpus_03,03.CCTV Mobile Usage.mkv,632de9ed55947761d56d4c6142a3cb1a1fe69d0b1a6d0e01a2e404c697962623,dfine_sahi,279467.0,monitor_or_bezel,0.6333,1018.68,395.93,1145.76,448.22,6644.9,127.08,52.29,2.43,False,,True,R-desk,56,evt_S-61_desk_work_surface_0014,c46ca4533dbf3ed3,lap_bag_context,no_pose_observation,34560.0,1.33,,1,cam12/e1/v1,
corpus_03,03.CCTV Mobile Usage.mkv,632de9ed55947761d56d4c6142a3cb1a1fe69d0b1a6d0e01a2e404c697962623,dfine_sahi,279467.0,unknown_object,0.6195,699.98,411.2,872.09,506.21,16351.1,172.1,95.01,1.812,False,,True,R-desk,56,evt_S-61_desk_work_surface_0014,c46ca4533dbf3ed3,lap_bag_context,no_pose_observation,34560.0,1.33,,1,cam12/e1/v1,
corpus_03,03.CCTV Mobile Usage.mkv,632de9ed55947761d56d4c6142a3cb1a1fe69d0b1a6d0e01a2e404c697962623,dfine_sahi,279467.0,monitor_or_bezel,0.5836,962.52,380.47,1153.09,474.91,17997.4,190.57,94.44,2.018,False,,True,R-desk,56,evt_S-61_desk_work_surface_0014,c46ca4533dbf3ed3,lap_bag_context,no_pose_observation,34560.0,1.33,,1,cam12/e1/v1,
corpus_03,03.CCTV Mobile Usage.mkv,632de9ed55947761d56d4c6142a3cb1a1fe69d0b1a6d0e01a2e404c697962623,dfine_sahi,279467.0,keyboard,0.5259,802.63,396.31,870.68,420.58,1651.7,68.05,24.27,2.804,False,,True,R-desk,56,evt_S-61_desk_work_surface_0014,c46ca4533dbf3ed3,lap_bag_context,no_pose_observation,34560.0,1.33,,1,cam12/e1/v1,
corpus_03,03.CCTV Mobile Usage.mkv,632de9ed55947761d56d4c6142a3cb1a1fe69d0b1a6d0e01a2e404c697962623,dfine_sahi,279467.0,unknown_object,0.5037,700.01,380.54,758.55,474.92,5525.3,58.54,94.38,0.62,False,,True,R-desk,56,evt_S-61_desk_work_surface_0014,c46ca4533dbf3ed3,lap_bag_context,no_pose_observation,34560.0,1.33,,1,cam12/e1/v1,
corpus_03,03.CCTV Mobile Usage.mkv,632de9ed55947761d56d4c6142a3cb1a1fe69d0b1a6d0e01a2e404c697962623,dfine_sahi,279467.0,unknown_object,0.3798,756.55,411.06,969.92,505.98,20252.6,213.37,94.92,2.248,False,,True,R-desk,56,evt_S-61_desk_work_surface_0014,c46ca4533dbf3ed3,lap_bag_context,no_pose_observation,34560.0,1.33,,1,cam12/e1/v1,
corpus_03,03.CCTV Mobile Usage.mkv,632de9ed55947761d56d4c6142a3cb1a1fe69d0b1a6d0e01a2e404c697962623,dfine_sahi,279467.0,mouse,0.3562,967.0,398.41,992.09,410.56,304.9,25.1,12.15,2.065,False,,True,R-desk,56,evt_S-61_desk_work_surface_0014,c46ca4533dbf3ed3,lap_bag_context,no_pose_observation,34560.0,1.33,,1,cam12/e1/v1,
corpus_03,03.CCTV Mobile Usage.mkv,632de9ed55947761d56d4c6142a3cb1a1fe69d0b1a6d0e01a2e404c697962623,dfine_sahi,279467.0,unknown_object,0.3547,700.05,380.24,837.13,475.44,13049.3,137.08,95.2,1.44,False,,True,R-desk,56,evt_S-61_desk_work_surface_0014,c46ca4533dbf3ed3,lap_bag_context,no_pose_observation,34560.0,1.33,,1,cam12/e1/v1,
corpus_03,03.CCTV Mobile Usage.mkv,632de9ed55947761d56d4c6142a3cb1a1fe69d0b1a6d0e01a2e404c697962623,dfine_sahi,279467.0,keyboard,0.3241,910.09,411.22,1093.35,506.12,17392.0,183.26,94.9,1.931,False,,True,R-desk,56,evt_S-61_desk_work_surface_0014,c46ca4533dbf3ed3,lap_bag_context,no_pose_observation,34560.0,1.33,,1,cam12/e1/v1,
corpus_03,03.CCTV Mobile Usage.mkv,632de9ed55947761d56d4c6142a3cb1a1fe69d0b1a6d0e01a2e404c697962623,dfine_sahi,279467.0,keyboard,0.3195,965.1,390.57,1109.95,474.76,12194.7,144.85,84.19,1.721,False,,True,R-desk,56,evt_S-61_desk_work_surface_0014,c46ca4533dbf3ed3,lap_bag_context,no_pose_observation,34560.0,1.33,,1,cam12/e1/v1,
corpus_03,03.CCTV Mobile Usage.mkv,632de9ed55947761d56d4c6142a3cb1a1fe69d0b1a6d0e01a2e404c697962623,dfine_sahi,279467.0,unknown_object,0.3001,880.2,411.2,969.89,505.61,8468.4,89.69,94.42,0.95,False,,True,R-desk,56,evt_S-61_desk_work_surface_0014,c46ca4533dbf3ed3,lap_bag_context,no_pose_observation,34560.0,1.33,,1,cam12/e1/v1,
corpus_03,03.CCTV Mobile Usage.mkv,632de9ed55947761d56d4c6142a3cb1a1fe69d0b1a6d0e01a2e404c697962623,dfine_sahi,279467.0,monitor_or_bezel,0.276,881.33,396.16,948.79,452.66,3812.0,67.46,56.51,1.194,False,,True,R-desk,56,evt_S-61_desk_work_surface_0014,c46ca4533dbf3ed3,lap_bag_context,no_pose_observation,34560.0,1.33,,1,cam12/e1/v1,
corpus_03,03.CCTV Mobile Usage.mkv,632de9ed55947761d56d4c6142a3cb1a1fe69d0b1a6d0e01a2e404c697962623,dfine_sahi,279467.0,monitor_or_bezel,0.2716,735.59,395.69,1146.66,491.15,39244.5,411.08,95.47,4.306,False,,True,R-desk,56,evt_S-61_desk_work_surface_0014,c46ca4533dbf3ed3,lap_bag_context,no_pose_observation,34560.0,1.33,,1,cam12/e1/v1,
corpus_03,03.CCTV Mobile Usage.mkv,632de9ed55947761d56d4c6142a3cb1a1fe69d0b1a6d0e01a2e404c697962623,dfine_sahi,279467.0,unknown_object,0.2597,881.57,411.14,932.83,452.97,2144.6,51.27,41.83,1.226,False,,True,R-desk,56,evt_S-61_desk_work_surface_0014,c46ca4533dbf3ed3,lap_bag_context,no_pose_observation,34560.0,1.33,,1,cam12/e1/v1,
corpus_03,03.CCTV Mobile Usage.mkv,632de9ed55947761d56d4c6142a3cb1a1fe69d0b1a6d0e01a2e404c697962623,dfine_sahi,279467.0,keyboard,0.2552,881.85,380.18,964.2,452.74,5974.9,82.35,72.55,1.135,False,,True,R-desk,56,evt_S-61_desk_work_surface_0014,c46ca4533dbf3ed3,lap_bag_context,no_pose_observation,34560.0,1.33,,1,cam12/e1/v1,
corpus_03,03.CCTV Mobile Usage.mkv,632de9ed55947761d56d4c6142a3cb1a1fe69d0b1a6d0e01a2e404c697962623,dfine_sahi,280467.0,keyboard,0.9166,962.16,451.91,1068.04,491.45,4186.5,105.88,39.54,2.678,False,,True,R-desk,56,evt_S-61_desk_work_surface_0014,ee24b459f33e7687,lap_bag_context,no_pose_observation,34560.0,1.33,,1,cam12/e1/v1,
corpus_03,03.CCTV Mobile Usage.mkv,632de9ed55947761d56d4c6142a3cb1a1fe69d0b1a6d0e01a2e404c697962623,dfine_sahi,280467.0,monitor_or_bezel,0.807,910.0,411.24,1140.93,506.36,21966.2,230.93,95.12,2.428,False,,True,R-desk,56,evt_S-61_desk_work_surface_0014,ee24b459f33e7687,lap_bag_context,no_pose_observation,34560.0,1.33,,1,cam12/e1/v1,
corpus_03,03.CCTV Mobile Usage.mkv,632de9ed55947761d56d4c6142a3cb1a1fe69d0b1a6d0e01a2e404c697962623,dfine_sahi,280467.0,mouse,0.7453,865.14,413.58,891.31,434.81,555.7,26.18,21.23,1.233,False,,True,R-desk,56,evt_S-61_desk_work_surface_0014,ee24b459f33e7687,lap_bag_context,no_pose_observation,34560.0,1.33,,1,cam12/e1/v1,
corpus_03,03.CCTV Mobile Usage.mkv,632de9ed55947761d56d4c6142a3cb1a1fe69d0b1a6d0e01a2e404c697962623,dfine_sahi,280467.0,keyboard,0.7005,772.81,380.19,870.69,420.27,3923.3,97.88,40.08,2.442,False,,True,R-desk,56,evt_S-61_desk_work_surface_0014,ee24b459f33e7687,lap_bag_context,no_pose_observation,34560.0,1.33,,1,cam12/e1/v1,
corpus_03,03.CCTV Mobile Usage.mkv,632de9ed55947761d56d4c6142a3cb1a1fe69d0b1a6d0e01a2e404c697962623,dfine_sahi,280467.0,unknown_object,0.6873,699.9,411.14,871.88,506.27,16360.0,171.98,95.13,1.808,False,,True,R-desk,56,evt_S-61_desk_work_surface_0014,ee24b459f33e7687,lap_bag_context,no_pose_observation,34560.0,1.33,,1,cam12/e1/v1,
corpus_03,03.CCTV Mobile Usage.mkv,632de9ed55947761d56d4c6142a3cb1a1fe69d0b1a6d0e01a2e404c697962623,dfine_sahi,280467.0,monitor_or_bezel,0.6736,707.68,379.88,969.49,474.84,24860.1,261.81,94.96,2.757,False,,True,R-desk,56,evt_S-61_desk_work_surface_0014,ee24b459f33e7687,lap_bag_context,no_pose_observation,34560.0,1.33,,1,cam12/e1/v1,
corpus_03,03.CCTV Mobile Usage.mkv,632de9ed55947761d56d4c6142a3cb1a1fe69d0b1a6d0e01a2e404c697962623,dfine_sahi,280467.0,keyboard,0.6656,962.77,452.27,1033.79,475.52,1651.1,71.02,23.25,3.055,False,,True,R-desk,56,evt_S-61_desk_work_surface_0014,ee24b459f33e7687,lap_bag_context,no_pose_observation,34560.0,1.33,,1,cam12/e1/v1,
corpus_03,03.CCTV Mobile Usage.mkv,632de9ed55947761d56d4c6142a3cb1a1fe69d0b1a6d0e01a2e404c697962623,dfine_sahi,280467.0,monitor_or_bezel,0.6574,1018.51,395.9,1146.0,448.42,6696.8,127.49,52.53,2.427,False,,True,R-desk,56,evt_S-61_desk_work_surface_0014,ee24b459f33e7687,lap_bag_context,no_pose_observation,34560.0,1.33,,1,cam12/e1/v1,
corpus_03,03.CCTV Mobile Usage.mkv,632de9ed55947761d56d4c6142a3cb1a1fe69d0b1a6d0e01a2e404c697962623,dfine_sahi,280467.0,phone,0.6517,1043.67,421.66,1112.44,474.3,3619.3,68.77,52.63,1.307,False,,True,R-desk,56,evt_S-61_desk_work_surface_0014,ee24b459f33e7687,lap_bag_context,no_pose_observation,34560.0,1.33,,1,cam12/e1/v1,
corpus_03,03.CCTV Mobile Usage.mkv,632de9ed55947761d56d4c6142a3cb1a1fe69d0b1a6d0e01a2e404c697962623,dfine_sahi,280467.0,monitor_or_bezel,0.5972,962.71,380.51,1153.05,474.93,17971.4,190.34,94.42,2.016,False,,True,R-desk,56,evt_S-61_desk_work_surface_0014,ee24b459f33e7687,lap_bag_context,no_pose_observation,34560.0,1.33,,1,cam12/e1/v1,
corpus_03,03.CCTV Mobile Usage.mkv,632de9ed55947761d56d4c6142a3cb1a1fe69d0b1a6d0e01a2e404c697962623,dfine_sahi,280467.0,keyboard,0.5601,802.93,396.28,870.65,420.59,1646.2,67.72,24.31,2.786,False,,True,R-desk,56,evt_S-61_desk_work_surface_0014,ee24b459f33e7687,lap_bag_context,no_pose_observation,34560.0,1.33,,1,cam12/e1/v1,
corpus_03,03.CCTV Mobile Usage.mkv,632de9ed55947761d56d4c6142a3cb1a1fe69d0b1a6d0e01a2e404c697962623,dfine_sahi,280467.0,unknown_object,0.4919,700.05,380.62,758.63,474.92,5524.4,58.58,94.3,0.621,False,,True,R-desk,56,evt_S-61_desk_work_surface_0014,ee24b459f33e7687,lap_bag_context,no_pose_observation,34560.0,1.33,,1,cam12/e1/v1,
corpus_03,03.CCTV Mobile Usage.mkv,632de9ed55947761d56d4c6142a3cb1a1fe69d0b1a6d0e01a2e404c697962623,dfine_sahi,280467.0,mouse,0.3654,966.92,398.38,992.03,410.56,305.9,25.1,12.19,2.06,False,,True,R-desk,56,evt_S-61_desk_work_surface_0014,ee24b459f33e7687,lap_bag_context,no_pose_observation,34560.0,1.33,,1,cam12/e1/v1,
corpus_03,03.CCTV Mobile Usage.mkv,632de9ed55947761d56d4c6142a3cb1a1fe69d0b1a6d0e01a2e404c697962623,dfine_sahi,280467.0,unknown_object,0.365,767.91,411.06,969.89,505.86,19146.1,201.98,94.79,2.131,False,,True,R-desk,56,evt_S-61_desk_work_surface_0014,ee24b459f33e7687,lap_bag_context,no_pose_observation,34560.0,1.33,,1,cam12/e1/v1,
corpus_03,03.CCTV Mobile Usage.mkv,632de9ed55947761d56d4c6142a3cb1a1fe69d0b1a6d0e01a2e404c697962623,dfine_sahi,280467.0,unknown_object,0.3587,700.05,380.3,838.57,475.39,13172.5,138.52,95.1,1.457,False,,True,R-desk,56,evt_S-61_desk_work_surface_0014,ee24b459f33e7687,lap_bag_context,no_pose_observation,34560.0,1.33,,1,cam12/e1/v1,
corpus_03,03.CCTV Mobile Usage.mkv,632de9ed55947761d56d4c6142a3cb1a1fe69d0b1a6d0e01a2e404c697962623,dfine_sahi,280467.0,keyboard,0.3364,910.1,411.4,1092.82,506.15,17311.7,182.72,94.74,1.929,False,,True,R-desk,56,evt_S-61_desk_work_surface_0014,ee24b459f33e7687,lap_bag_context,no_pose_observation,34560.0,1.33,,1,cam12/e1/v1,
corpus_03,03.CCTV Mobile Usage.mkv,632de9ed55947761d56d4c6142a3cb1a1fe69d0b1a6d0e01a2e404c697962623,dfine_sahi,280467.0,unknown_object,0.3225,880.07,411.27,969.87,505.66,8475.9,89.8,94.39,0.951,False,,True,R-desk,56,evt_S-61_desk_work_surface_0014,ee24b459f33e7687,lap_bag_context,no_pose_observation,34560.0,1.33,,1,cam12/e1/v1,
corpus_03,03.CCTV Mobile Usage.mkv,632de9ed55947761d56d4c6142a3cb1a1fe69d0b1a6d0e01a2e404c697962623,dfine_sahi,280467.0,monitor_or_bezel,0.2858,881.36,396.15,949.21,452.58,3828.9,67.85,56.43,1.202,False,,True,R-desk,56,evt_S-61_desk_work_surface_0014,ee24b459f33e7687,lap_bag_context,no_pose_observation,34560.0,1.33,,1,cam12/e1/v1,
corpus_03,03.CCTV Mobile Usage.mkv,632de9ed55947761d56d4c6142a3cb1a1fe69d0b1a6d0e01a2e404c697962623,dfine_sahi,280467.0,keyboard,0.2855,882.02,380.21,965.45,452.7,6048.0,83.43,72.49,1.151,False,,True,R-desk,56,evt_S-61_desk_work_surface_0014,ee24b459f33e7687,lap_bag_context,no_pose_observation,34560.0,1.33,,1,cam12/e1/v1,
corpus_03,03.CCTV Mobile Usage.mkv,632de9ed55947761d56d4c6142a3cb1a1fe69d0b1a6d0e01a2e404c697962623,dfine_sahi,280467.0,mouse,0.2776,991.54,400.72,1028.54,413.61,477.0,37.0,12.89,2.87,False,,True,R-desk,56,evt_S-61_desk_work_surface_0014,ee24b459f33e7687,lap_bag_context,no_pose_observation,34560.0,1.33,,1,cam12/e1/v1,
corpus_03,03.CCTV Mobile Usage.mkv,632de9ed55947761d56d4c6142a3cb1a1fe69d0b1a6d0e01a2e404c697962623,dfine_sahi,280467.0,keyboard,0.2652,964.06,385.79,1110.78,474.87,13069.4,146.72,89.08,1.647,False,,True,R-desk,56,evt_S-61_desk_work_surface_0014,ee24b459f33e7687,lap_bag_context,no_pose_observation,34560.0,1.33,,1,cam12/e1/v1,
corpus_03,03.CCTV Mobile Usage.mkv,632de9ed55947761d56d4c6142a3cb1a1fe69d0b1a6d0e01a2e404c697962623,dfine_sahi,280467.0,unknown_object,0.2531,881.46,411.15,933.05,452.91,2154.6,51.59,41.76,1.235,False,,True,R-desk,56,evt_S-61_desk_work_surface_0014,ee24b459f33e7687,lap_bag_context,no_pose_observation,34560.0,1.33,,1,cam12/e1/v1,
corpus_03,03.CCTV Mobile Usage.mkv,632de9ed55947761d56d4c6142a3cb1a1fe69d0b1a6d0e01a2e404c697962623,dfine_sahi,280467.0,unknown_object,0.6932,147.01,487.25,226.27,556.48,5487.0,79.26,69.23,1.145,False,,True,S-61,55,evt_S-61_desk_work_surface_0014,f68b1efea9ead5d4,pose_hand_context,,22596.1,4.26,,1,cam12/e1/v1,rtmpose_baseline
corpus_03,03.CCTV Mobile Usage.mkv,632de9ed55947761d56d4c6142a3cb1a1fe69d0b1a6d0e01a2e404c697962623,dfine_sahi,280467.0,unknown_object,0.4689,112.05,461.11,176.96,511.35,3261.3,64.91,50.25,1.292,False,,True,S-61,55,evt_S-61_desk_work_surface_0014,f68b1efea9ead5d4,pose_hand_context,,22596.1,4.26,,1,cam12/e1/v1,rtmpose_baseline
corpus_03,03.CCTV Mobile Usage.mkv,632de9ed55947761d56d4c6142a3cb1a1fe69d0b1a6d0e01a2e404c697962623,dfine_sahi,280467.0,unknown_object,0.4551,103.05,408.75,176.93,451.52,3159.6,73.88,42.77,1.727,False,,True,S-61,55,evt_S-61_desk_work_surface_0014,f68b1efea9ead5d4,pose_hand_context,,22596.1,4.26,,1,cam12/e1/v1,rtmpose_baseline
corpus_03,03.CCTV Mobile Usage.mkv,632de9ed55947761d56d4c6142a3cb1a1fe69d0b1a6d0e01a2e404c697962623,dfine_sahi,280467.0,unknown_object,0.3848,175.07,395.13,243.01,484.99,6105.4,67.94,89.86,0.756,False,,True,S-61,55,evt_S-61_desk_work_surface_0014,f68b1efea9ead5d4,pose_hand_context,,22596.1,4.26,,1,cam12/e1/v1,rtmpose_baseline
corpus_03,03.CCTV Mobile Usage.mkv,632de9ed55947761d56d4c6142a3cb1a1fe69d0b1a6d0e01a2e404c697962623,dfine_sahi,280467.0,unknown_object,0.3496,111.49,443.22,176.98,490.68,3107.9,65.48,47.46,1.38,False,,True,S-61,55,evt_S-61_desk_work_surface_0014,f68b1efea9ead5d4,pose_hand_context,,22596.1,4.26,,1,cam12/e1/v1,rtmpose_baseline
corpus_03,03.CCTV Mobile Usage.mkv,632de9ed55947761d56d4c6142a3cb1a1fe69d0b1a6d0e01a2e404c697962623,dfine_sahi,280467.0,unknown_object,0.3038,147.02,443.37,179.1,490.64,1515.8,32.07,47.26,0.679,False,,True,S-61,55,evt_S-61_desk_work_surface_0014,f68b1efea9ead5d4,pose_hand_context,,22596.1,4.26,,1,cam12/e1/v1,rtmpose_baseline
corpus_03,03.CCTV Mobile Usage.mkv,632de9ed55947761d56d4c6142a3cb1a1fe69d0b1a6d0e01a2e404c697962623,dfine_sahi,280467.0,unknown_object,0.2955,81.1,395.27,176.95,490.46,9123.4,95.85,95.19,1.007,False,,True,S-61,55,evt_S-61_desk_work_surface_0014,f68b1efea9ead5d4,pose_hand_context,,22596.1,4.26,,1,cam12/e1/v1,rtmpose_baseline
corpus_03,03.CCTV Mobile Usage.mkv,632de9ed55947761d56d4c6142a3cb1a1fe69d0b1a6d0e01a2e404c697962623,dfine_sahi,280467.0,unknown_object,0.2778,175.89,461.09,242.37,485.37,1613.8,66.48,24.28,2.739,False,,True,S-61,55,evt_S-61_desk_work_surface_0014,f68b1efea9ead5d4,pose_hand_context,,22596.1,4.26,,1,cam12/e1/v1,rtmpose_baseline
corpus_03,03.CCTV Mobile Usage.mkv,632de9ed55947761d56d4c6142a3cb1a1fe69d0b1a6d0e01a2e404c697962623,dfine_sahi,280467.0,unknown_object,0.2501,86.94,488.61,202.56,549.9,7085.9,115.62,61.29,1.886,False,,True,S-61,55,evt_S-61_desk_work_surface_0014,f68b1efea9ead5d4,pose_hand_context,,22596.1,4.26,,1,cam12/e1/v1,rtmpose_baseline
corpus_03,03.CCTV Mobile Usage.mkv,632de9ed55947761d56d4c6142a3cb1a1fe69d0b1a6d0e01a2e404c697962623,dfine_sahi,281467.0,keyboard,0.9164,962.16,451.91,1068.04,491.45,4186.5,105.88,39.54,2.678,False,,True,R-desk,56,evt_S-61_desk_work_surface_0014,79372baebdaec1bf,lap_bag_context,no_pose_observation,34560.0,1.33,,1,cam12/e1/v1,
corpus_03,03.CCTV Mobile Usage.mkv,632de9ed55947761d56d4c6142a3cb1a1fe69d0b1a6d0e01a2e404c697962623,dfine_sahi,281467.0,monitor_or_bezel,0.8067,910.0,411.24,1140.93,506.36,21966.2,230.94,95.12,2.428,False,,True,R-desk,56,evt_S-61_desk_work_surface_0014,79372baebdaec1bf,lap_bag_context,no_pose_observation,34560.0,1.33,,1,cam12/e1/v1,
corpus_03,03.CCTV Mobile Usage.mkv,632de9ed55947761d56d4c6142a3cb1a1fe69d0b1a6d0e01a2e404c697962623,dfine_sahi,281467.0,mouse,0.7462,865.14,413.58,891.31,434.81,555.8,26.18,21.23,1.233,False,,True,R-desk,56,evt_S-61_desk_work_surface_0014,79372baebdaec1bf,lap_bag_context,no_pose_observation,34560.0,1.33,,1,cam12/e1/v1,
corpus_03,03.CCTV Mobile Usage.mkv,632de9ed55947761d56d4c6142a3cb1a1fe69d0b1a6d0e01a2e404c697962623,dfine_sahi,281467.0,keyboard,0.7007,772.81,380.19,870.69,420.27,3923.2,97.88,40.08,2.442,False,,True,R-desk,56,evt_S-61_desk_work_surface_0014,79372baebdaec1bf,lap_bag_context,no_pose_observation,34560.0,1.33,,1,cam12/e1/v1,
corpus_03,03.CCTV Mobile Usage.mkv,632de9ed55947761d56d4c6142a3cb1a1fe69d0b1a6d0e01a2e404c697962623,dfine_sahi,281467.0,unknown_object,0.6873,699.9,411.14,871.88,506.27,16360.0,171.98,95.13,1.808,False,,True,R-desk,56,evt_S-61_desk_work_surface_0014,79372baebdaec1bf,lap_bag_context,no_pose_observation,34560.0,1.33,,1,cam12/e1/v1,
corpus_03,03.CCTV Mobile Usage.mkv,632de9ed55947761d56d4c6142a3cb1a1fe69d0b1a6d0e01a2e404c697962623,dfine_sahi,281467.0,monitor_or_bezel,0.6721,707.67,379.88,969.48,474.84,24862.7,261.82,94.96,2.757,False,,True,R-desk,56,evt_S-61_desk_work_surface_0014,79372baebdaec1bf,lap_bag_context,no_pose_observation,34560.0,1.33,,1,cam12/e1/v1,
corpus_03,03.CCTV Mobile Usage.mkv,632de9ed55947761d56d4c6142a3cb1a1fe69d0b1a6d0e01a2e404c697962623,dfine_sahi,281467.0,keyboard,0.6663,962.77,452.26,1033.8,475.52,1651.9,71.03,23.26,3.054,False,,True,R-desk,56,evt_S-61_desk_work_surface_0014,79372baebdaec1bf,lap_bag_context,no_pose_observation,34560.0,1.33,,1,cam12/e1/v1,
corpus_03,03.CCTV Mobile Usage.mkv,632de9ed55947761d56d4c6142a3cb1a1fe69d0b1a6d0e01a2e404c697962623,dfine_sahi,281467.0,monitor_or_bezel,0.6596,1018.5,395.9,1146.01,448.41,6695.7,127.51,52.51,2.428,False,,True,R-desk,56,evt_S-61_desk_work_surface_0014,79372baebdaec1bf,lap_bag_context,no_pose_observation,34560.0,1.33,,1,cam12/e1/v1,
corpus_03,03.CCTV Mobile Usage.mkv,632de9ed55947761d56d4c6142a3cb1a1fe69d0b1a6d0e01a2e404c697962623,dfine_sahi,281467.0,phone,0.6496,1043.67,421.66,1112.44,474.3,3619.7,68.77,52.64,1.306,False,,True,R-desk,56,evt_S-61_desk_work_surface_0014,79372baebdaec1bf,lap_bag_context,no_pose_observation,34560.0,1.33,,1,cam12/e1/v1,
corpus_03,03.CCTV Mobile Usage.mkv,632de9ed55947761d56d4c6142a3cb1a1fe69d0b1a6d0e01a2e404c697962623,dfine_sahi,281467.0,monitor_or_bezel,0.6023,962.78,380.53,1153.03,474.93,17961.2,190.26,94.41,2.015,False,,True,R-desk,56,evt_S-61_desk_work_surface_0014,79372baebdaec1bf,lap_bag_context,no_pose_observation,34560.0,1.33,,1,cam12/e1/v1,
corpus_03,03.CCTV Mobile Usage.mkv,632de9ed55947761d56d4c6142a3cb1a1fe69d0b1a6d0e01a2e404c697962623,dfine_sahi,281467.0,keyboard,0.5642,802.93,396.28,870.65,420.59,1646.3,67.73,24.31,2.786,False,,True,R-desk,56,evt_S-61_desk_work_surface_0014,79372baebdaec1bf,lap_bag_context,no_pose_observation,34560.0,1.33,,1,cam12/e1/v1,
corpus_03,03.CCTV Mobile Usage.mkv,632de9ed55947761d56d4c6142a3cb1a1fe69d0b1a6d0e01a2e404c697962623,dfine_sahi,281467.0,unknown_object,0.4913,700.05,380.62,758.63,474.92,5524.1,58.58,94.3,0.621,False,,True,R-desk,56,evt_S-61_desk_work_surface_0014,79372baebdaec1bf,lap_bag_context,no_pose_observation,34560.0,1.33,,1,cam12/e1/v1,
corpus_03,03.CCTV Mobile Usage.mkv,632de9ed55947761d56d4c6142a3cb1a1fe69d0b1a6d0e01a2e404c697962623,dfine_sahi,281467.0,mouse,0.3668,966.92,398.38,992.03,410.56,305.9,25.1,12.18,2.06,False,,True,R-desk,56,evt_S-61_desk_work_surface_0014,79372baebdaec1bf,lap_bag_context,no_pose_observation,34560.0,1.33,,1,cam12/e1/v1,
corpus_03,03.CCTV Mobile Usage.mkv,632de9ed55947761d56d4c6142a3cb1a1fe69d0b1a6d0e01a2e404c697962623,dfine_sahi,281467.0,unknown_object,0.365,767.91,411.06,969.89,505.86,19146.1,201.98,94.79,2.131,False,,True,R-desk,56,evt_S-61_desk_work_surface_0014,79372baebdaec1bf,lap_bag_context,no_pose_observation,34560.0,1.33,,1,cam12/e1/v1,
corpus_03,03.CCTV Mobile Usage.mkv,632de9ed55947761d56d4c6142a3cb1a1fe69d0b1a6d0e01a2e404c697962623,dfine_sahi,281467.0,unknown_object,0.3593,700.06,380.3,838.58,475.39,13173.1,138.53,95.09,1.457,False,,True,R-desk,56,evt_S-61_desk_work_surface_0014,79372baebdaec1bf,lap_bag_context,no_pose_observation,34560.0,1.33,,1,cam12/e1/v1,
corpus_03,03.CCTV Mobile Usage.mkv,632de9ed55947761d56d4c6142a3cb1a1fe69d0b1a6d0e01a2e404c697962623,dfine_sahi,281467.0,keyboard,0.3364,910.1,411.4,1092.81,506.15,17310.5,182.71,94.74,1.928,False,,True,R-desk,56,evt_S-61_desk_work_surface_0014,79372baebdaec1bf,lap_bag_context,no_pose_observation,34560.0,1.33,,1,cam12/e1/v1,
corpus_03,03.CCTV Mobile Usage.mkv,632de9ed55947761d56d4c6142a3cb1a1fe69d0b1a6d0e01a2e404c697962623,dfine_sahi,281467.0,unknown_object,0.3225,880.07,411.27,969.87,505.66,8475.9,89.8,94.39,0.951,False,,True,R-desk,56,evt_S-61_desk_work_surface_0014,79372baebdaec1bf,lap_bag_context,no_pose_observation,34560.0,1.33,,1,cam12/e1/v1,
corpus_03,03.CCTV Mobile Usage.mkv,632de9ed55947761d56d4c6142a3cb1a1fe69d0b1a6d0e01a2e404c697962623,dfine_sahi,281467.0,monitor_or_bezel,0.2862,881.36,396.15,949.22,452.58,3829.1,67.86,56.43,1.203,False,,True,R-desk,56,evt_S-61_desk_work_surface_0014,79372baebdaec1bf,lap_bag_context,no_pose_observation,34560.0,1.33,,1,cam12/e1/v1,
corpus_03,03.CCTV Mobile Usage.mkv,632de9ed55947761d56d4c6142a3cb1a1fe69d0b1a6d0e01a2e404c697962623,dfine_sahi,281467.0,keyboard,0.2861,882.03,380.2,965.51,452.7,6052.3,83.48,72.5,1.151,False,,True,R-desk,56,evt_S-61_desk_work_surface_0014,79372baebdaec1bf,lap_bag_context,no_pose_observation,34560.0,1.33,,1,cam12/e1/v1,
corpus_03,03.CCTV Mobile Usage.mkv,632de9ed55947761d56d4c6142a3cb1a1fe69d0b1a6d0e01a2e404c697962623,dfine_sahi,281467.0,mouse,0.2792,991.54,400.72,1028.54,413.61,477.0,37.0,12.89,2.871,False,,True,R-desk,56,evt_S-61_desk_work_surface_0014,79372baebdaec1bf,lap_bag_context,no_pose_observation,34560.0,1.33,,1,cam12/e1/v1,
corpus_03,03.CCTV Mobile Usage.mkv,632de9ed55947761d56d4c6142a3cb1a1fe69d0b1a6d0e01a2e404c697962623,dfine_sahi,281467.0,keyboard,0.2607,964.01,385.59,1110.8,474.87,13104.0,146.78,89.27,1.644,False,,True,R-desk,56,evt_S-61_desk_work_surface_0014,79372baebdaec1bf,lap_bag_context,no_pose_observation,34560.0,1.33,,1,cam12/e1/v1,
corpus_03,03.CCTV Mobile Usage.mkv,632de9ed55947761d56d4c6142a3cb1a1fe69d0b1a6d0e01a2e404c697962623,dfine_sahi,281467.0,unknown_object,0.2531,881.46,411.15,933.05,452.91,2154.6,51.59,41.76,1.235,False,,True,R-desk,56,evt_S-61_desk_work_surface_0014,79372baebdaec1bf,lap_bag_context,no_pose_observation,34560.0,1.33,,1,cam12/e1/v1,
corpus_03,03.CCTV Mobile Usage.mkv,632de9ed55947761d56d4c6142a3cb1a1fe69d0b1a6d0e01a2e404c697962623,dfine_sahi,281467.0,monitor_or_bezel,0.5754,124.99,444.19,252.28,636.85,24525.0,127.3,192.66,0.661,False,,True,S-61,55,evt_S-61_desk_work_surface_0014,99079c30567159a2,pose_hand_context,,37473.2,3.31,,1,cam12/e1/v1,rtmpose_baseline
corpus_03,03.CCTV Mobile Usage.mkv,632de9ed55947761d56d4c6142a3cb1a1fe69d0b1a6d0e01a2e404c697962623,dfine_sahi,281467.0,unknown_object,0.5166,124.96,444.16,233.97,552.39,11797.7,109.01,108.22,1.007,False,,True,S-61,55,evt_S-61_desk_work_surface_0014,99079c30567159a2,pose_hand_context,,37473.2,3.31,,1,cam12/e1/v1,rtmpose_baseline
corpus_03,03.CCTV Mobile Usage.mkv,632de9ed55947761d56d4c6142a3cb1a1fe69d0b1a6d0e01a2e404c697962623,dfine_sahi,281467.0,unknown_object,0.4253,125.02,529.04,233.93,634.61,11497.9,108.91,105.57,1.032,False,,True,S-61,55,evt_S-61_desk_work_surface_0014,99079c30567159a2,pose_hand_context,,37473.2,3.31,,1,cam12/e1/v1,rtmpose_baseline
corpus_03,03.CCTV Mobile Usage.mkv,632de9ed55947761d56d4c6142a3cb1a1fe69d0b1a6d0e01a2e404c697962623,dfine_sahi,281467.0,unknown_object,0.4128,210.02,529.16,318.95,637.37,11786.9,108.93,108.21,1.007,False,,True,S-61,55,evt_S-61_desk_work_surface_0014,99079c30567159a2,pose_hand_context,,37473.2,3.31,,1,cam12/e1/v1,rtmpose_baseline
corpus_03,03.CCTV Mobile Usage.mkv,632de9ed55947761d56d4c6142a3cb1a1fe69d0b1a6d0e01a2e404c697962623,dfine_sahi,281467.0,keyboard,0.285,125.01,444.44,216.29,618.55,15892.3,91.28,174.1,0.524,False,,True,S-61,55,evt_S-61_desk_work_surface_0014,99079c30567159a2,pose_hand_context,,37473.2,3.31,,1,cam12/e1/v1,rtmpose_baseline
corpus_03,03.CCTV Mobile Usage.mkv,632de9ed55947761d56d4c6142a3cb1a1fe69d0b1a6d0e01a2e404c697962623,rf_detr_native,9700.0,unknown_object,0.7746,959.84,452.27,1056.99,479.95,2690.0,97.15,27.69,3.508,False,,True,R-desk,3,evt_S-61_desk_work_surface_0001,aa2a91065abbd7fe,lap_bag_context,no_pose_observation,34560.0,1.33,,1,cam12/e1/v1,
corpus_03,03.CCTV Mobile Usage.mkv,632de9ed55947761d56d4c6142a3cb1a1fe69d0b1a6d0e01a2e404c697962623,rf_detr_native,9700.0,unknown_object,0.5073,1042.37,422.89,1112.52,473.25,3533.3,70.16,50.36,1.393,False,,True,R-desk,3,evt_S-61_desk_work_surface_0001,aa2a91065abbd7fe,lap_bag_context,no_pose_observation,34560.0,1.33,,1,cam12/e1/v1,
corpus_03,03.CCTV Mobile Usage.mkv,632de9ed55947761d56d4c6142a3cb1a1fe69d0b1a6d0e01a2e404c697962623,rf_detr_native,9700.0,unknown_object,0.4437,821.29,408.05,866.1,420.79,570.5,44.81,12.73,3.519,False,,True,R-desk,3,evt_S-61_desk_work_surface_0001,aa2a91065abbd7fe,lap_bag_context,no_pose_observation,34560.0,1.33,,1,cam12/e1/v1,
corpus_03,03.CCTV Mobile Usage.mkv,632de9ed55947761d56d4c6142a3cb1a1fe69d0b1a6d0e01a2e404c697962623,rf_detr_native,9700.0,unknown_object,0.4156,864.25,413.49,892.47,438.32,700.4,28.22,24.82,1.137,False,,True,R-desk,3,evt_S-61_desk_work_surface_0001,aa2a91065abbd7fe,lap_bag_context,no_pose_observation,34560.0,1.33,,1,cam12/e1/v1,
corpus_03,03.CCTV Mobile Usage.mkv,632de9ed55947761d56d4c6142a3cb1a1fe69d0b1a6d0e01a2e404c697962623,rf_detr_native,9700.0,unknown_object,0.3025,1040.97,409.02,1113.02,473.68,4659.3,72.05,64.67,1.114,False,,True,R-desk,3,evt_S-61_desk_work_surface_0001,aa2a91065abbd7fe,lap_bag_context,no_pose_observation,34560.0,1.33,,1,cam12/e1/v1,
corpus_03,03.CCTV Mobile Usage.mkv,632de9ed55947761d56d4c6142a3cb1a1fe69d0b1a6d0e01a2e404c697962623,rf_detr_native,9700.0,unknown_object,0.2703,978.22,408.1,1123.89,474.02,9601.4,145.66,65.91,2.21,False,,True,R-desk,3,evt_S-61_desk_work_surface_0001,aa2a91065abbd7fe,lap_bag_context,no_pose_observation,34560.0,1.33,,1,cam12/e1/v1,
corpus_03,03.CCTV Mobile Usage.mkv,632de9ed55947761d56d4c6142a3cb1a1fe69d0b1a6d0e01a2e404c697962623,rf_detr_native,9700.0,unknown_object,0.2573,880.76,408.08,939.83,453.32,2672.6,59.07,45.25,1.306,False,,True,R-desk,3,evt_S-61_desk_work_surface_0001,aa2a91065abbd7fe,lap_bag_context,no_pose_observation,34560.0,1.33,,1,cam12/e1/v1,
corpus_03,03.CCTV Mobile Usage.mkv,632de9ed55947761d56d4c6142a3cb1a1fe69d0b1a6d0e01a2e404c697962623,rf_detr_native,9700.0,unknown_object,0.7746,959.84,452.27,1056.99,479.95,2690.0,97.15,27.69,3.508,False,,True,R-desk,4,evt_S-61_desk_work_surface_0001,aa2a91065abbd7fe,lap_bag_context,no_pose_observation,34560.0,1.33,,1,cam12/e1/v1,
corpus_03,03.CCTV Mobile Usage.mkv,632de9ed55947761d56d4c6142a3cb1a1fe69d0b1a6d0e01a2e404c697962623,rf_detr_native,9700.0,unknown_object,0.5073,1042.37,422.89,1112.52,473.25,3533.3,70.16,50.36,1.393,False,,True,R-desk,4,evt_S-61_desk_work_surface_0001,aa2a91065abbd7fe,lap_bag_context,no_pose_observation,34560.0,1.33,,1,cam12/e1/v1,
corpus_03,03.CCTV Mobile Usage.mkv,632de9ed55947761d56d4c6142a3cb1a1fe69d0b1a6d0e01a2e404c697962623,rf_detr_native,9700.0,unknown_object,0.4437,821.29,408.05,866.1,420.79,570.5,44.81,12.73,3.519,False,,True,R-desk,4,evt_S-61_desk_work_surface_0001,aa2a91065abbd7fe,lap_bag_context,no_pose_observation,34560.0,1.33,,1,cam12/e1/v1,
corpus_03,03.CCTV Mobile Usage.mkv,632de9ed55947761d56d4c6142a3cb1a1fe69d0b1a6d0e01a2e404c697962623,rf_detr_native,9700.0,unknown_object,0.4156,864.25,413.49,892.47,438.32,700.4,28.22,24.82,1.137,False,,True,R-desk,4,evt_S-61_desk_work_surface_0001,aa2a91065abbd7fe,lap_bag_context,no_pose_observation,34560.0,1.33,,1,cam12/e1/v1,
corpus_03,03.CCTV Mobile Usage.mkv,632de9ed55947761d56d4c6142a3cb1a1fe69d0b1a6d0e01a2e404c697962623,rf_detr_native,9700.0,unknown_object,0.3025,1040.97,409.02,1113.02,473.68,4659.3,72.05,64.67,1.114,False,,True,R-desk,4,evt_S-61_desk_work_surface_0001,aa2a91065abbd7fe,lap_bag_context,no_pose_observation,34560.0,1.33,,1,cam12/e1/v1,
corpus_03,03.CCTV Mobile Usage.mkv,632de9ed55947761d56d4c6142a3cb1a1fe69d0b1a6d0e01a2e404c697962623,rf_detr_native,9700.0,unknown_object,0.2703,978.22,408.1,1123.89,474.02,9601.4,145.66,65.91,2.21,False,,True,R-desk,4,evt_S-61_desk_work_surface_0001,aa2a91065abbd7fe,lap_bag_context,no_pose_observation,34560.0,1.33,,1,cam12/e1/v1,
corpus_03,03.CCTV Mobile Usage.mkv,632de9ed55947761d56d4c6142a3cb1a1fe69d0b1a6d0e01a2e404c697962623,rf_detr_native,9700.0,unknown_object,0.2573,880.76,408.08,939.83,453.32,2672.6,59.07,45.25,1.306,False,,True,R-desk,4,evt_S-61_desk_work_surface_0001,aa2a91065abbd7fe,lap_bag_context,no_pose_observation,34560.0,1.33,,1,cam12/e1/v1,
corpus_03,03.CCTV Mobile Usage.mkv,632de9ed55947761d56d4c6142a3cb1a1fe69d0b1a6d0e01a2e404c697962623,rf_detr_native,10700.0,unknown_object,0.5946,113.39,265.11,189.93,331.88,5110.7,76.54,66.77,1.146,False,,True,S-61,2,evt_S-61_desk_work_surface_0001,306d5f013085fa12,pose_hand_context,,22428.1,4.27,,1,cam12/e1/v1,rtmpose_baseline
corpus_03,03.CCTV Mobile Usage.mkv,632de9ed55947761d56d4c6142a3cb1a1fe69d0b1a6d0e01a2e404c697962623,rf_detr_native,10700.0,unknown_object,0.3998,92.0,194.88,128.7,331.57,5016.7,36.7,136.69,0.268,False,,True,S-61,2,evt_S-61_desk_work_surface_0001,306d5f013085fa12,pose_hand_context,,22428.1,4.27,,1,cam12/e1/v1,rtmpose_baseline
corpus_03,03.CCTV Mobile Usage.mkv,632de9ed55947761d56d4c6142a3cb1a1fe69d0b1a6d0e01a2e404c697962623,rf_detr_native,10700.0,unknown_object,0.3281,92.0,194.88,128.7,331.57,5016.7,36.7,136.69,0.268,False,,True,S-61,2,evt_S-61_desk_work_surface_0001,306d5f013085fa12,pose_hand_context,,22428.1,4.27,,1,cam12/e1/v1,rtmpose_baseline
corpus_03,03.CCTV Mobile Usage.mkv,632de9ed55947761d56d4c6142a3cb1a1fe69d0b1a6d0e01a2e404c697962623,rf_detr_native,10700.0,unknown_object,0.2696,113.83,265.72,171.75,331.76,3824.9,57.92,66.04,0.877,False,,True,S-61,2,evt_S-61_desk_work_surface_0001,306d5f013085fa12,pose_hand_context,,22428.1,4.27,,1,cam12/e1/v1,rtmpose_baseline
corpus_03,03.CCTV Mobile Usage.mkv,632de9ed55947761d56d4c6142a3cb1a1fe69d0b1a6d0e01a2e404c697962623,rf_detr_native,12700.0,unknown_object,0.3269,151.0,202.27,273.56,385.51,22458.2,122.56,183.24,0.669,False,,True,S-61,2,evt_S-61_desk_work_surface_0001,1f3041ccf4ecfadb,pose_hand_context,,34165.8,3.46,,1,cam12/e1/v1,rtmpose_baseline
corpus_03,03.CCTV Mobile Usage.mkv,632de9ed55947761d56d4c6142a3cb1a1fe69d0b1a6d0e01a2e404c697962623,rf_detr_native,12700.0,unknown_object,0.256,183.84,291.74,336.0,385.88,14324.1,152.16,94.14,1.616,False,,True,S-61,2,evt_S-61_desk_work_surface_0001,1f3041ccf4ecfadb,pose_hand_context,,34165.8,3.46,,1,cam12/e1/v1,rtmpose_baseline
corpus_03,03.CCTV Mobile Usage.mkv,632de9ed55947761d56d4c6142a3cb1a1fe69d0b1a6d0e01a2e404c697962623,rf_detr_native,12700.0,stationery,0.3386,17.5,493.42,179.35,555.96,10122.9,161.85,62.55,2.588,False,,True,S-61,1,evt_S-61_desk_work_surface_0001,4da4af0040eee7f8,pose_hand_context,,26771.5,3.91,,1,cam12/e1/v1,rtmpose_baseline
corpus_03,03.CCTV Mobile Usage.mkv,632de9ed55947761d56d4c6142a3cb1a1fe69d0b1a6d0e01a2e404c697962623,rf_detr_native,12700.0,monitor_or_bezel,0.3208,17.31,392.67,180.0,555.95,26564.3,162.69,163.28,0.996,False,,True,S-61,1,evt_S-61_desk_work_surface_0001,4da4af0040eee7f8,pose_hand_context,,26771.5,3.91,,1,cam12/e1/v1,rtmpose_baseline
corpus_03,03.CCTV Mobile Usage.mkv,632de9ed55947761d56d4c6142a3cb1a1fe69d0b1a6d0e01a2e404c697962623,rf_detr_native,12700.0,unknown_object,0.8301,960.81,452.29,1058.17,479.96,2693.8,97.36,27.67,3.518,False,,True,R-desk,7,evt_S-61_desk_work_surface_0001,968235d01208b21f,lap_bag_context,no_pose_observation,34560.0,1.33,,1,cam12/e1/v1,
corpus_03,03.CCTV Mobile Usage.mkv,632de9ed55947761d56d4c6142a3cb1a1fe69d0b1a6d0e01a2e404c697962623,rf_detr_native,12700.0,unknown_object,0.4426,1041.61,424.41,1113.7,473.39,3530.7,72.09,48.98,1.472,False,,True,R-desk,7,evt_S-61_desk_work_surface_0001,968235d01208b21f,lap_bag_context,no_pose_observation,34560.0,1.33,,1,cam12/e1/v1,
corpus_03,03.CCTV Mobile Usage.mkv,632de9ed55947761d56d4c6142a3cb1a1fe69d0b1a6d0e01a2e404c697962623,rf_detr_native,12700.0,unknown_object,0.395,821.47,408.06,865.73,420.76,561.9,44.26,12.7,3.486,False,,True,R-desk,7,evt_S-61_desk_work_surface_0001,968235d01208b21f,lap_bag_context,no_pose_observation,34560.0,1.33,,1,cam12/e1/v1,
corpus_03,03.CCTV Mobile Usage.mkv,632de9ed55947761d56d4c6142a3cb1a1fe69d0b1a6d0e01a2e404c697962623,rf_detr_native,12700.0,unknown_object,0.387,864.99,413.44,892.81,438.43,695.2,27.82,24.99,1.113,False,,True,R-desk,7,evt_S-61_desk_work_surface_0001,968235d01208b21f,lap_bag_context,no_pose_observation,34560.0,1.33,,1,cam12/e1/v1,
corpus_03,03.CCTV Mobile Usage.mkv,632de9ed55947761d56d4c6142a3cb1a1fe69d0b1a6d0e01a2e404c697962623,rf_detr_native,12700.0,unknown_object,0.3803,982.09,408.9,1108.88,473.48,8188.4,126.79,64.58,1.963,False,,True,R-desk,7,evt_S-61_desk_work_surface_0001,968235d01208b21f,lap_bag_context,no_pose_observation,34560.0,1.33,,1,cam12/e1/v1,
corpus_03,03.CCTV Mobile Usage.mkv,632de9ed55947761d56d4c6142a3cb1a1fe69d0b1a6d0e01a2e404c697962623,rf_detr_native,12700.0,unknown_object,0.3568,986.78,408.3,1091.76,473.72,6868.4,104.98,65.43,1.605,False,,True,R-desk,7,evt_S-61_desk_work_surface_0001,968235d01208b21f,lap_bag_context,no_pose_observation,34560.0,1.33,,1,cam12/e1/v1,
corpus_03,03.CCTV Mobile Usage.mkv,632de9ed55947761d56d4c6142a3cb1a1fe69d0b1a6d0e01a2e404c697962623,rf_detr_native,12700.0,unknown_object,0.2962,866.59,408.25,939.01,453.63,3287.0,72.42,45.39,1.596,False,,True,R-desk,7,evt_S-61_desk_work_surface_0001,968235d01208b21f,lap_bag_context,no_pose_observation,34560.0,1.33,,1,cam12/e1/v1,
corpus_03,03.CCTV Mobile Usage.mkv,632de9ed55947761d56d4c6142a3cb1a1fe69d0b1a6d0e01a2e404c697962623,rf_detr_native,12700.0,unknown_object,0.2715,1034.25,410.32,1113.26,473.7,5007.4,79.0,63.38,1.247,False,,True,R-desk,7,evt_S-61_desk_work_surface_0001,968235d01208b21f,lap_bag_context,no_pose_observation,34560.0,1.33,,1,cam12/e1/v1,
corpus_03,03.CCTV Mobile Usage.mkv,632de9ed55947761d56d4c6142a3cb1a1fe69d0b1a6d0e01a2e404c697962623,rf_detr_native,12700.0,unknown_object,0.8301,960.81,452.29,1058.17,479.96,2693.8,97.36,27.67,3.518,False,,True,R-desk,5,evt_S-61_desk_work_surface_0001,968235d01208b21f,lap_bag_context,no_pose_observation,34560.0,1.33,,1,cam12/e1/v1,
corpus_03,03.CCTV Mobile Usage.mkv,632de9ed55947761d56d4c6142a3cb1a1fe69d0b1a6d0e01a2e404c697962623,rf_detr_native,12700.0,unknown_object,0.4426,1041.61,424.41,1113.7,473.39,3530.7,72.09,48.98,1.472,False,,True,R-desk,5,evt_S-61_desk_work_surface_0001,968235d01208b21f,lap_bag_context,no_pose_observation,34560.0,1.33,,1,cam12/e1/v1,
corpus_03,03.CCTV Mobile Usage.mkv,632de9ed55947761d56d4c6142a3cb1a1fe69d0b1a6d0e01a2e404c697962623,rf_detr_native,12700.0,unknown_object,0.395,821.47,408.06,865.73,420.76,561.9,44.26,12.7,3.486,False,,True,R-desk,5,evt_S-61_desk_work_surface_0001,968235d01208b21f,lap_bag_context,no_pose_observation,34560.0,1.33,,1,cam12/e1/v1,
corpus_03,03.CCTV Mobile Usage.mkv,632de9ed55947761d56d4c6142a3cb1a1fe69d0b1a6d0e01a2e404c697962623,rf_detr_native,12700.0,unknown_object,0.387,864.99,413.44,892.81,438.43,695.2,27.82,24.99,1.113,False,,True,R-desk,5,evt_S-61_desk_work_surface_0001,968235d01208b21f,lap_bag_context,no_pose_observation,34560.0,1.33,,1,cam12/e1/v1,
corpus_03,03.CCTV Mobile Usage.mkv,632de9ed55947761d56d4c6142a3cb1a1fe69d0b1a6d0e01a2e404c697962623,rf_detr_native,12700.0,unknown_object,0.3803,982.09,408.9,1108.88,473.48,8188.4,126.79,64.58,1.963,False,,True,R-desk,5,evt_S-61_desk_work_surface_0001,968235d01208b21f,lap_bag_context,no_pose_observation,34560.0,1.33,,1,cam12/e1/v1,
corpus_03,03.CCTV Mobile Usage.mkv,632de9ed55947761d56d4c6142a3cb1a1fe69d0b1a6d0e01a2e404c697962623,rf_detr_native,12700.0,unknown_object,0.3568,986.78,408.3,1091.76,473.72,6868.4,104.98,65.43,1.605,False,,True,R-desk,5,evt_S-61_desk_work_surface_0001,968235d01208b21f,lap_bag_context,no_pose_observation,34560.0,1.33,,1,cam12/e1/v1,
corpus_03,03.CCTV Mobile Usage.mkv,632de9ed55947761d56d4c6142a3cb1a1fe69d0b1a6d0e01a2e404c697962623,rf_detr_native,12700.0,unknown_object,0.2962,866.59,408.25,939.01,453.63,3287.0,72.42,45.39,1.596,False,,True,R-desk,5,evt_S-61_desk_work_surface_0001,968235d01208b21f,lap_bag_context,no_pose_observation,34560.0,1.33,,1,cam12/e1/v1,
corpus_03,03.CCTV Mobile Usage.mkv,632de9ed55947761d56d4c6142a3cb1a1fe69d0b1a6d0e01a2e404c697962623,rf_detr_native,12700.0,unknown_object,0.2715,1034.25,410.32,1113.26,473.7,5007.4,79.0,63.38,1.247,False,,True,R-desk,5,evt_S-61_desk_work_surface_0001,968235d01208b21f,lap_bag_context,no_pose_observation,34560.0,1.33,,1,cam12/e1/v1,
corpus_03,03.CCTV Mobile Usage.mkv,632de9ed55947761d56d4c6142a3cb1a1fe69d0b1a6d0e01a2e404c697962623,rf_detr_native,12700.0,unknown_object,0.8301,960.81,452.29,1058.17,479.96,2693.8,97.36,27.67,3.518,False,,True,R-desk,6,evt_S-61_desk_work_surface_0001,968235d01208b21f,lap_bag_context,no_pose_observation,34560.0,1.33,,1,cam12/e1/v1,
corpus_03,03.CCTV Mobile Usage.mkv,632de9ed55947761d56d4c6142a3cb1a1fe69d0b1a6d0e01a2e404c697962623,rf_detr_native,12700.0,unknown_object,0.4426,1041.61,424.41,1113.7,473.39,3530.7,72.09,48.98,1.472,False,,True,R-desk,6,evt_S-61_desk_work_surface_0001,968235d01208b21f,lap_bag_context,no_pose_observation,34560.0,1.33,,1,cam12/e1/v1,
corpus_03,03.CCTV Mobile Usage.mkv,632de9ed55947761d56d4c6142a3cb1a1fe69d0b1a6d0e01a2e404c697962623,rf_detr_native,12700.0,unknown_object,0.395,821.47,408.06,865.73,420.76,561.9,44.26,12.7,3.486,False,,True,R-desk,6,evt_S-61_desk_work_surface_0001,968235d01208b21f,lap_bag_context,no_pose_observation,34560.0,1.33,,1,cam12/e1/v1,
corpus_03,03.CCTV Mobile Usage.mkv,632de9ed55947761d56d4c6142a3cb1a1fe69d0b1a6d0e01a2e404c697962623,rf_detr_native,12700.0,unknown_object,0.387,864.99,413.44,892.81,438.43,695.2,27.82,24.99,1.113,False,,True,R-desk,6,evt_S-61_desk_work_surface_0001,968235d01208b21f,lap_bag_context,no_pose_observation,34560.0,1.33,,1,cam12/e1/v1,
corpus_03,03.CCTV Mobile Usage.mkv,632de9ed55947761d56d4c6142a3cb1a1fe69d0b1a6d0e01a2e404c697962623,rf_detr_native,12700.0,unknown_object,0.3803,982.09,408.9,1108.88,473.48,8188.4,126.79,64.58,1.963,False,,True,R-desk,6,evt_S-61_desk_work_surface_0001,968235d01208b21f,lap_bag_context,no_pose_observation,34560.0,1.33,,1,cam12/e1/v1,
corpus_03,03.CCTV Mobile Usage.mkv,632de9ed55947761d56d4c6142a3cb1a1fe69d0b1a6d0e01a2e404c697962623,rf_detr_native,12700.0,unknown_object,0.3568,986.78,408.3,1091.76,473.72,6868.4,104.98,65.43,1.605,False,,True,R-desk,6,evt_S-61_desk_work_surface_0001,968235d01208b21f,lap_bag_context,no_pose_observation,34560.0,1.33,,1,cam12/e1/v1,
corpus_03,03.CCTV Mobile Usage.mkv,632de9ed55947761d56d4c6142a3cb1a1fe69d0b1a6d0e01a2e404c697962623,rf_detr_native,12700.0,unknown_object,0.2962,866.59,408.25,939.01,453.63,3287.0,72.42,45.39,1.596,False,,True,R-desk,6,evt_S-61_desk_work_surface_0001,968235d01208b21f,lap_bag_context,no_pose_observation,34560.0,1.33,,1,cam12/e1/v1,
corpus_03,03.CCTV Mobile Usage.mkv,632de9ed55947761d56d4c6142a3cb1a1fe69d0b1a6d0e01a2e404c697962623,rf_detr_native,12700.0,unknown_object,0.2715,1034.25,410.32,1113.26,473.7,5007.4,79.0,63.38,1.247,False,,True,R-desk,6,evt_S-61_desk_work_surface_0001,968235d01208b21f,lap_bag_context,no_pose_observation,34560.0,1.33,,1,cam12/e1/v1,
corpus_03,03.CCTV Mobile Usage.mkv,632de9ed55947761d56d4c6142a3cb1a1fe69d0b1a6d0e01a2e404c697962623,rf_detr_native,13700.0,unknown_object,0.8311,960.79,452.29,1058.27,479.96,2696.9,97.48,27.67,3.524,False,,True,R-desk,5,evt_S-61_desk_work_surface_0001,243d4174c5ecf8e0,lap_bag_context,no_pose_observation,34560.0,1.33,,1,cam12/e1/v1,
corpus_03,03.CCTV Mobile Usage.mkv,632de9ed55947761d56d4c6142a3cb1a1fe69d0b1a6d0e01a2e404c697962623,rf_detr_native,13700.0,unknown_object,0.4433,1041.59,424.41,1113.69,473.36,3530.2,72.11,48.96,1.473,False,,True,R-desk,5,evt_S-61_desk_work_surface_0001,243d4174c5ecf8e0,lap_bag_context,no_pose_observation,34560.0,1.33,,1,cam12/e1/v1,
corpus_03,03.CCTV Mobile Usage.mkv,632de9ed55947761d56d4c6142a3cb1a1fe69d0b1a6d0e01a2e404c697962623,rf_detr_native,13700.0,unknown_object,0.3965,821.46,408.05,865.73,420.75,561.9,44.26,12.7,3.487,False,,True,R-desk,5,evt_S-61_desk_work_surface_0001,243d4174c5ecf8e0,lap_bag_context,no_pose_observation,34560.0,1.33,,1,cam12/e1/v1,
corpus_03,03.CCTV Mobile Usage.mkv,632de9ed55947761d56d4c6142a3cb1a1fe69d0b1a6d0e01a2e404c697962623,rf_detr_native,13700.0,unknown_object,0.3873,864.99,413.44,892.82,438.43,695.5,27.83,24.99,1.114,False,,True,R-desk,5,evt_S-61_desk_work_surface_0001,243d4174c5ecf8e0,lap_bag_context,no_pose_observation,34560.0,1.33,,1,cam12/e1/v1,
corpus_03,03.CCTV Mobile Usage.mkv,632de9ed55947761d56d4c6142a3cb1a1fe69d0b1a6d0e01a2e404c697962623,rf_detr_native,13700.0,unknown_object,0.3605,986.69,408.3,1091.97,473.7,6884.6,105.28,65.39,1.61,False,,True,R-desk,5,evt_S-61_desk_work_surface_0001,243d4174c5ecf8e0,lap_bag_context,no_pose_observation,34560.0,1.33,,1,cam12/e1/v1,
corpus_03,03.CCTV Mobile Usage.mkv,632de9ed55947761d56d4c6142a3cb1a1fe69d0b1a6d0e01a2e404c697962623,rf_detr_native,13700.0,unknown_object,0.2939,866.51,408.19,938.86,453.65,3289.4,72.35,45.46,1.591,False,,True,R-desk,5,evt_S-61_desk_work_surface_0001,243d4174c5ecf8e0,lap_bag_context,no_pose_observation,34560.0,1.33,,1,cam12/e1/v1,
corpus_03,03.CCTV Mobile Usage.mkv,632de9ed55947761d56d4c6142a3cb1a1fe69d0b1a6d0e01a2e404c697962623,rf_detr_native,13700.0,unknown_object,0.275,1033.72,410.32,1113.32,473.71,5045.5,79.6,63.39,1.256,False,,True,R-desk,5,evt_S-61_desk_work_surface_0001,243d4174c5ecf8e0,lap_bag_context,no_pose_observation,34560.0,1.33,,1,cam12/e1/v1,
corpus_03,03.CCTV Mobile Usage.mkv,632de9ed55947761d56d4c6142a3cb1a1fe69d0b1a6d0e01a2e404c697962623,rf_detr_native,13700.0,unknown_object,0.2736,982.28,408.02,1117.01,474.17,8912.5,134.73,66.15,2.037,False,,True,R-desk,5,evt_S-61_desk_work_surface_0001,243d4174c5ecf8e0,lap_bag_context,no_pose_observation,34560.0,1.33,,1,cam12/e1/v1,
corpus_03,03.CCTV Mobile Usage.mkv,632de9ed55947761d56d4c6142a3cb1a1fe69d0b1a6d0e01a2e404c697962623,rf_detr_native,13700.0,unknown_object,0.8311,960.79,452.29,1058.27,479.96,2696.9,97.48,27.67,3.524,False,,True,R-desk,7,evt_S-61_desk_work_surface_0001,243d4174c5ecf8e0,lap_bag_context,no_pose_observation,34560.0,1.33,,1,cam12/e1/v1,
corpus_03,03.CCTV Mobile Usage.mkv,632de9ed55947761d56d4c6142a3cb1a1fe69d0b1a6d0e01a2e404c697962623,rf_detr_native,13700.0,unknown_object,0.4433,1041.59,424.41,1113.69,473.36,3530.2,72.11,48.96,1.473,False,,True,R-desk,7,evt_S-61_desk_work_surface_0001,243d4174c5ecf8e0,lap_bag_context,no_pose_observation,34560.0,1.33,,1,cam12/e1/v1,
corpus_03,03.CCTV Mobile Usage.mkv,632de9ed55947761d56d4c6142a3cb1a1fe69d0b1a6d0e01a2e404c697962623,rf_detr_native,13700.0,unknown_object,0.3965,821.46,408.05,865.73,420.75,561.9,44.26,12.7,3.487,False,,True,R-desk,7,evt_S-61_desk_work_surface_0001,243d4174c5ecf8e0,lap_bag_context,no_pose_observation,34560.0,1.33,,1,cam12/e1/v1,
corpus_03,03.CCTV Mobile Usage.mkv,632de9ed55947761d56d4c6142a3cb1a1fe69d0b1a6d0e01a2e404c697962623,rf_detr_native,13700.0,unknown_object,0.3873,864.99,413.44,892.82,438.43,695.5,27.83,24.99,1.114,False,,True,R-desk,7,evt_S-61_desk_work_surface_0001,243d4174c5ecf8e0,lap_bag_context,no_pose_observation,34560.0,1.33,,1,cam12/e1/v1,
corpus_03,03.CCTV Mobile Usage.mkv,632de9ed55947761d56d4c6142a3cb1a1fe69d0b1a6d0e01a2e404c697962623,rf_detr_native,13700.0,unknown_object,0.3605,986.69,408.3,1091.97,473.7,6884.6,105.28,65.39,1.61,False,,True,R-desk,7,evt_S-61_desk_work_surface_0001,243d4174c5ecf8e0,lap_bag_context,no_pose_observation,34560.0,1.33,,1,cam12/e1/v1,
corpus_03,03.CCTV Mobile Usage.mkv,632de9ed55947761d56d4c6142a3cb1a1fe69d0b1a6d0e01a2e404c697962623,rf_detr_native,13700.0,unknown_object,0.2939,866.51,408.19,938.86,453.65,3289.4,72.35,45.46,1.591,False,,True,R-desk,7,evt_S-61_desk_work_surface_0001,243d4174c5ecf8e0,lap_bag_context,no_pose_observation,34560.0,1.33,,1,cam12/e1/v1,
corpus_03,03.CCTV Mobile Usage.mkv,632de9ed55947761d56d4c6142a3cb1a1fe69d0b1a6d0e01a2e404c697962623,rf_detr_native,13700.0,unknown_object,0.275,1033.72,410.32,1113.32,473.71,5045.5,79.6,63.39,1.256,False,,True,R-desk,7,evt_S-61_desk_work_surface_0001,243d4174c5ecf8e0,lap_bag_context,no_pose_observation,34560.0,1.33,,1,cam12/e1/v1,
corpus_03,03.CCTV Mobile Usage.mkv,632de9ed55947761d56d4c6142a3cb1a1fe69d0b1a6d0e01a2e404c697962623,rf_detr_native,13700.0,unknown_object,0.2736,982.28,408.02,1117.01,474.17,8912.5,134.73,66.15,2.037,False,,True,R-desk,7,evt_S-61_desk_work_surface_0001,243d4174c5ecf8e0,lap_bag_context,no_pose_observation,34560.0,1.33,,1,cam12/e1/v1,
corpus_03,03.CCTV Mobile Usage.mkv,632de9ed55947761d56d4c6142a3cb1a1fe69d0b1a6d0e01a2e404c697962623,rf_detr_native,13700.0,unknown_object,0.8311,960.79,452.29,1058.27,479.96,2696.9,97.48,27.67,3.524,False,,True,R-desk,6,evt_S-61_desk_work_surface_0001,243d4174c5ecf8e0,lap_bag_context,no_pose_observation,34560.0,1.33,,1,cam12/e1/v1,
corpus_03,03.CCTV Mobile Usage.mkv,632de9ed55947761d56d4c6142a3cb1a1fe69d0b1a6d0e01a2e404c697962623,rf_detr_native,13700.0,unknown_object,0.4433,1041.59,424.41,1113.69,473.36,3530.2,72.11,48.96,1.473,False,,True,R-desk,6,evt_S-61_desk_work_surface_0001,243d4174c5ecf8e0,lap_bag_context,no_pose_observation,34560.0,1.33,,1,cam12/e1/v1,
corpus_03,03.CCTV Mobile Usage.mkv,632de9ed55947761d56d4c6142a3cb1a1fe69d0b1a6d0e01a2e404c697962623,rf_detr_native,13700.0,unknown_object,0.3965,821.46,408.05,865.73,420.75,561.9,44.26,12.7,3.487,False,,True,R-desk,6,evt_S-61_desk_work_surface_0001,243d4174c5ecf8e0,lap_bag_context,no_pose_observation,34560.0,1.33,,1,cam12/e1/v1,
corpus_03,03.CCTV Mobile Usage.mkv,632de9ed55947761d56d4c6142a3cb1a1fe69d0b1a6d0e01a2e404c697962623,rf_detr_native,13700.0,unknown_object,0.3873,864.99,413.44,892.82,438.43,695.5,27.83,24.99,1.114,False,,True,R-desk,6,evt_S-61_desk_work_surface_0001,243d4174c5ecf8e0,lap_bag_context,no_pose_observation,34560.0,1.33,,1,cam12/e1/v1,
corpus_03,03.CCTV Mobile Usage.mkv,632de9ed55947761d56d4c6142a3cb1a1fe69d0b1a6d0e01a2e404c697962623,rf_detr_native,13700.0,unknown_object,0.3605,986.69,408.3,1091.97,473.7,6884.6,105.28,65.39,1.61,False,,True,R-desk,6,evt_S-61_desk_work_surface_0001,243d4174c5ecf8e0,lap_bag_context,no_pose_observation,34560.0,1.33,,1,cam12/e1/v1,
corpus_03,03.CCTV Mobile Usage.mkv,632de9ed55947761d56d4c6142a3cb1a1fe69d0b1a6d0e01a2e404c697962623,rf_detr_native,13700.0,unknown_object,0.2939,866.51,408.19,938.86,453.65,3289.4,72.35,45.46,1.591,False,,True,R-desk,6,evt_S-61_desk_work_surface_0001,243d4174c5ecf8e0,lap_bag_context,no_pose_observation,34560.0,1.33,,1,cam12/e1/v1,
corpus_03,03.CCTV Mobile Usage.mkv,632de9ed55947761d56d4c6142a3cb1a1fe69d0b1a6d0e01a2e404c697962623,rf_detr_native,13700.0,unknown_object,0.275,1033.72,410.32,1113.32,473.71,5045.5,79.6,63.39,1.256,False,,True,R-desk,6,evt_S-61_desk_work_surface_0001,243d4174c5ecf8e0,lap_bag_context,no_pose_observation,34560.0,1.33,,1,cam12/e1/v1,
corpus_03,03.CCTV Mobile Usage.mkv,632de9ed55947761d56d4c6142a3cb1a1fe69d0b1a6d0e01a2e404c697962623,rf_detr_native,13700.0,unknown_object,0.2736,982.28,408.02,1117.01,474.17,8912.5,134.73,66.15,2.037,False,,True,R-desk,6,evt_S-61_desk_work_surface_0001,243d4174c5ecf8e0,lap_bag_context,no_pose_observation,34560.0,1.33,,1,cam12/e1/v1,
corpus_03,03.CCTV Mobile Usage.mkv,632de9ed55947761d56d4c6142a3cb1a1fe69d0b1a6d0e01a2e404c697962623,rf_detr_native,13700.0,unknown_object,0.3218,58.29,211.05,210.99,422.91,32352.9,152.7,211.87,0.721,False,,True,S-61,2,evt_S-61_desk_work_surface_0001,843ac0bd3ddb8743,pose_hand_context,,44783.0,3.02,,1,cam12/e1/v1,rtmpose_baseline
corpus_03,03.CCTV Mobile Usage.mkv,632de9ed55947761d56d4c6142a3cb1a1fe69d0b1a6d0e01a2e404c697962623,rf_detr_native,13700.0,unknown_object,0.3035,101.62,267.02,211.0,422.63,17020.9,109.38,155.61,0.703,False,,True,S-61,2,evt_S-61_desk_work_surface_0001,843ac0bd3ddb8743,pose_hand_context,,44783.0,3.02,,1,cam12/e1/v1,rtmpose_baseline
corpus_03,03.CCTV Mobile Usage.mkv,632de9ed55947761d56d4c6142a3cb1a1fe69d0b1a6d0e01a2e404c697962623,rf_detr_native,13700.0,unknown_object,0.2926,0.29,278.13,90.1,422.84,12996.7,89.81,144.71,0.621,False,,True,S-61,2,evt_S-61_desk_work_surface_0001,843ac0bd3ddb8743,pose_hand_context,,44783.0,3.02,,1,cam12/e1/v1,rtmpose_baseline
corpus_03,03.CCTV Mobile Usage.mkv,632de9ed55947761d56d4c6142a3cb1a1fe69d0b1a6d0e01a2e404c697962623,rf_detr_native,13700.0,unknown_object,0.271,101.71,325.09,211.0,422.91,10690.4,109.29,97.82,1.117,False,,True,S-61,2,evt_S-61_desk_work_surface_0001,843ac0bd3ddb8743,pose_hand_context,,44783.0,3.02,,1,cam12/e1/v1,rtmpose_baseline
corpus_03,03.CCTV Mobile Usage.mkv,632de9ed55947761d56d4c6142a3cb1a1fe69d0b1a6d0e01a2e404c697962623,rf_detr_native,13700.0,unknown_object,0.4187,8.0,372.18,193.68,569.0,36546.4,185.68,196.82,0.943,False,,True,S-61,1,evt_S-61_desk_work_surface_0001,96838b91a5af473a,pose_hand_context,,38722.4,3.25,,1,cam12/e1/v1,rtmpose_baseline
corpus_03,03.CCTV Mobile Usage.mkv,632de9ed55947761d56d4c6142a3cb1a1fe69d0b1a6d0e01a2e404c697962623,rf_detr_native,42183.0,unknown_object,0.2501,19.32,357.0,155.75,515.0,21556.6,136.43,158.0,0.864,False,,True,S-61,8,evt_S-61_desk_work_surface_0002,0ed7f38a73807b8f,pose_hand_context,,24800.0,4.06,,1,cam12/e1/v1,rtmpose_baseline
corpus_03,03.CCTV Mobile Usage.mkv,632de9ed55947761d56d4c6142a3cb1a1fe69d0b1a6d0e01a2e404c697962623,rf_detr_native,43183.0,unknown_object,0.4495,1.38,342.57,165.44,532.0,31075.0,164.05,189.42,0.866,False,,True,S-61,8,evt_S-61_desk_work_surface_0002,f4e7487a74c01a08,pose_hand_context,,36343.6,3.36,,1,cam12/e1/v1,rtmpose_baseline
corpus_03,03.CCTV Mobile Usage.mkv,632de9ed55947761d56d4c6142a3cb1a1fe69d0b1a6d0e01a2e404c697962623,rf_detr_native,44183.0,unknown_object,0.2898,0.3,325.0,185.96,550.0,41773.7,185.66,225.0,0.825,False,,True,S-61,8,evt_S-61_desk_work_surface_0002,7c395881a5f1ef2d,pose_hand_context,,46926.0,2.85,,1,cam12/e1/v1,rtmpose_baseline
corpus_03,03.CCTV Mobile Usage.mkv,632de9ed55947761d56d4c6142a3cb1a1fe69d0b1a6d0e01a2e404c697962623,rf_detr_native,44183.0,unknown_object,0.2586,21.93,325.0,148.35,427.26,12927.8,126.42,102.26,1.236,False,,True,S-61,8,evt_S-61_desk_work_surface_0002,7c395881a5f1ef2d,pose_hand_context,,46926.0,2.85,,1,cam12/e1/v1,rtmpose_baseline
corpus_03,03.CCTV Mobile Usage.mkv,632de9ed55947761d56d4c6142a3cb1a1fe69d0b1a6d0e01a2e404c697962623,rf_detr_native,45183.0,unknown_object,0.2985,0.42,339.54,180.82,537.83,35772.4,180.41,198.29,0.91,False,,True,S-61,8,evt_S-61_desk_work_surface_0002,f3fd8c36fba179ee,pose_hand_context,,40231.3,3.16,,1,cam12/e1/v1,rtmpose_baseline
corpus_03,03.CCTV Mobile Usage.mkv,632de9ed55947761d56d4c6142a3cb1a1fe69d0b1a6d0e01a2e404c697962623,rf_detr_native,54500.0,unknown_object,0.2941,843.12,137.0,894.96,188.88,2689.7,51.84,51.88,0.999,False,,True,R-desk,12,evt_S-61_upper_body_0016,3073e6f5a08e6e96,pose_hand_context,,2637.8,12.46,,1,cam12/e1/v1,rtmpose_baseline
corpus_03,03.CCTV Mobile Usage.mkv,632de9ed55947761d56d4c6142a3cb1a1fe69d0b1a6d0e01a2e404c697962623,rf_detr_native,54500.0,unknown_object,0.3526,20.16,321.0,149.61,426.47,13652.6,129.45,105.47,1.227,False,,True,S-61,10,evt_S-61_upper_body_0016,331015195509780b,pose_hand_context,,49114.4,2.77,,1,cam12/e1/v1,rtmpose_baseline
corpus_03,03.CCTV Mobile Usage.mkv,632de9ed55947761d56d4c6142a3cb1a1fe69d0b1a6d0e01a2e404c697962623,rf_detr_native,54500.0,unknown_object,0.2626,112.71,321.17,172.95,398.43,4654.3,60.24,77.26,0.78,False,,True,S-61,10,evt_S-61_upper_body_0016,331015195509780b,pose_hand_context,,49114.4,2.77,,1,cam12/e1/v1,rtmpose_baseline
corpus_03,03.CCTV Mobile Usage.mkv,632de9ed55947761d56d4c6142a3cb1a1fe69d0b1a6d0e01a2e404c697962623,rf_detr_native,54500.0,unknown_object,0.8376,961.07,452.18,1058.59,479.96,2709.4,97.52,27.78,3.51,False,,True,R-desk,13,evt_S-61_upper_body_0016,8c286679ee927725,lap_bag_context,no_pose_observation,34560.0,1.33,,1,cam12/e1/v1,
corpus_03,03.CCTV Mobile Usage.mkv,632de9ed55947761d56d4c6142a3cb1a1fe69d0b1a6d0e01a2e404c697962623,rf_detr_native,54500.0,unknown_object,0.7473,1043.27,423.03,1112.43,473.69,3503.9,69.16,50.66,1.365,False,,True,R-desk,13,evt_S-61_upper_body_0016,8c286679ee927725,lap_bag_context,no_pose_observation,34560.0,1.33,,1,cam12/e1/v1,
corpus_03,03.CCTV Mobile Usage.mkv,632de9ed55947761d56d4c6142a3cb1a1fe69d0b1a6d0e01a2e404c697962623,rf_detr_native,54500.0,unknown_object,0.4349,864.28,413.18,892.77,438.1,709.9,28.49,24.92,1.143,False,,True,R-desk,13,evt_S-61_upper_body_0016,8c286679ee927725,lap_bag_context,no_pose_observation,34560.0,1.33,,1,cam12/e1/v1,
corpus_03,03.CCTV Mobile Usage.mkv,632de9ed55947761d56d4c6142a3cb1a1fe69d0b1a6d0e01a2e404c697962623,rf_detr_native,54500.0,unknown_object,0.355,821.23,408.07,866.11,420.55,560.3,44.88,12.48,3.595,False,,True,R-desk,13,evt_S-61_upper_body_0016,8c286679ee927725,lap_bag_context,no_pose_observation,34560.0,1.33,,1,cam12/e1/v1,
corpus_03,03.CCTV Mobile Usage.mkv,632de9ed55947761d56d4c6142a3cb1a1fe69d0b1a6d0e01a2e404c697962623,rf_detr_native,54500.0,unknown_object,0.2597,879.21,408.18,936.98,453.52,2619.6,57.77,45.35,1.274,False,,True,R-desk,13,evt_S-61_upper_body_0016,8c286679ee927725,lap_bag_context,no_pose_observation,34560.0,1.33,,1,cam12/e1/v1,
corpus_03,03.CCTV Mobile Usage.mkv,632de9ed55947761d56d4c6142a3cb1a1fe69d0b1a6d0e01a2e404c697962623,rf_detr_native,54500.0,unknown_object,0.8376,961.07,452.18,1058.59,479.96,2709.4,97.52,27.78,3.51,False,,True,R-desk,11,evt_S-61_upper_body_0016,8c286679ee927725,lap_bag_context,no_pose_observation,34560.0,1.33,,1,cam12/e1/v1,
corpus_03,03.CCTV Mobile Usage.mkv,632de9ed55947761d56d4c6142a3cb1a1fe69d0b1a6d0e01a2e404c697962623,rf_detr_native,54500.0,unknown_object,0.7473,1043.27,423.03,1112.43,473.69,3503.9,69.16,50.66,1.365,False,,True,R-desk,11,evt_S-61_upper_body_0016,8c286679ee927725,lap_bag_context,no_pose_observation,34560.0,1.33,,1,cam12/e1/v1,
corpus_03,03.CCTV Mobile Usage.mkv,632de9ed55947761d56d4c6142a3cb1a1fe69d0b1a6d0e01a2e404c697962623,rf_detr_native,54500.0,unknown_object,0.4349,864.28,413.18,892.77,438.1,709.9,28.49,24.92,1.143,False,,True,R-desk,11,evt_S-61_upper_body_0016,8c286679ee927725,lap_bag_context,no_pose_observation,34560.0,1.33,,1,cam12/e1/v1,
corpus_03,03.CCTV Mobile Usage.mkv,632de9ed55947761d56d4c6142a3cb1a1fe69d0b1a6d0e01a2e404c697962623,rf_detr_native,54500.0,unknown_object,0.355,821.23,408.07,866.11,420.55,560.3,44.88,12.48,3.595,False,,True,R-desk,11,evt_S-61_upper_body_0016,8c286679ee927725,lap_bag_context,no_pose_observation,34560.0,1.33,,1,cam12/e1/v1,
corpus_03,03.CCTV Mobile Usage.mkv,632de9ed55947761d56d4c6142a3cb1a1fe69d0b1a6d0e01a2e404c697962623,rf_detr_native,54500.0,unknown_object,0.2597,879.21,408.18,936.98,453.52,2619.6,57.77,45.35,1.274,False,,True,R-desk,11,evt_S-61_upper_body_0016,8c286679ee927725,lap_bag_context,no_pose_observation,34560.0,1.33,,1,cam12/e1/v1,
corpus_03,03.CCTV Mobile Usage.mkv,632de9ed55947761d56d4c6142a3cb1a1fe69d0b1a6d0e01a2e404c697962623,rf_detr_native,54500.0,unknown_object,0.8376,961.07,452.18,1058.59,479.96,2709.4,97.52,27.78,3.51,False,,True,R-desk,14,evt_S-61_upper_body_0016,8c286679ee927725,lap_bag_context,no_pose_observation,34560.0,1.33,,1,cam12/e1/v1,
corpus_03,03.CCTV Mobile Usage.mkv,632de9ed55947761d56d4c6142a3cb1a1fe69d0b1a6d0e01a2e404c697962623,rf_detr_native,54500.0,unknown_object,0.7473,1043.27,423.03,1112.43,473.69,3503.9,69.16,50.66,1.365,False,,True,R-desk,14,evt_S-61_upper_body_0016,8c286679ee927725,lap_bag_context,no_pose_observation,34560.0,1.33,,1,cam12/e1/v1,
corpus_03,03.CCTV Mobile Usage.mkv,632de9ed55947761d56d4c6142a3cb1a1fe69d0b1a6d0e01a2e404c697962623,rf_detr_native,54500.0,unknown_object,0.4349,864.28,413.18,892.77,438.1,709.9,28.49,24.92,1.143,False,,True,R-desk,14,evt_S-61_upper_body_0016,8c286679ee927725,lap_bag_context,no_pose_observation,34560.0,1.33,,1,cam12/e1/v1,
corpus_03,03.CCTV Mobile Usage.mkv,632de9ed55947761d56d4c6142a3cb1a1fe69d0b1a6d0e01a2e404c697962623,rf_detr_native,54500.0,unknown_object,0.355,821.23,408.07,866.11,420.55,560.3,44.88,12.48,3.595,False,,True,R-desk,14,evt_S-61_upper_body_0016,8c286679ee927725,lap_bag_context,no_pose_observation,34560.0,1.33,,1,cam12/e1/v1,
corpus_03,03.CCTV Mobile Usage.mkv,632de9ed55947761d56d4c6142a3cb1a1fe69d0b1a6d0e01a2e404c697962623,rf_detr_native,54500.0,unknown_object,0.2597,879.21,408.18,936.98,453.52,2619.6,57.77,45.35,1.274,False,,True,R-desk,14,evt_S-61_upper_body_0016,8c286679ee927725,lap_bag_context,no_pose_observation,34560.0,1.33,,1,cam12/e1/v1,
corpus_03,03.CCTV Mobile Usage.mkv,632de9ed55947761d56d4c6142a3cb1a1fe69d0b1a6d0e01a2e404c697962623,rf_detr_native,55500.0,unknown_object,0.5517,9.0,350.29,161.09,522.0,26114.5,152.09,171.71,0.886,False,,True,S-61,10,evt_S-61_upper_body_0016,504d997039895a1f,pose_hand_context,,29632.2,3.72,,1,cam12/e1/v1,rtmpose_baseline
corpus_03,03.CCTV Mobile Usage.mkv,632de9ed55947761d56d4c6142a3cb1a1fe69d0b1a6d0e01a2e404c697962623,rf_detr_native,55500.0,unknown_object,0.4372,9.33,350.87,165.47,522.0,26721.9,156.15,171.13,0.912,False,,True,S-61,10,evt_S-61_upper_body_0016,504d997039895a1f,pose_hand_context,,29632.2,3.72,,1,cam12/e1/v1,rtmpose_baseline
corpus_03,03.CCTV Mobile Usage.mkv,632de9ed55947761d56d4c6142a3cb1a1fe69d0b1a6d0e01a2e404c697962623,rf_detr_native,55500.0,unknown_object,0.791,961.12,452.21,1056.38,479.95,2642.9,95.26,27.74,3.434,False,,True,R-desk,12,evt_S-61_upper_body_0016,de801b56dc91232e,lap_bag_context,no_pose_observation,34560.0,1.33,,1,cam12/e1/v1,
corpus_03,03.CCTV Mobile Usage.mkv,632de9ed55947761d56d4c6142a3cb1a1fe69d0b1a6d0e01a2e404c697962623,rf_detr_native,55500.0,unknown_object,0.6924,1043.32,423.04,1112.41,473.68,3498.7,69.09,50.64,1.364,False,,True,R-desk,12,evt_S-61_upper_body_0016,de801b56dc91232e,lap_bag_context,no_pose_observation,34560.0,1.33,,1,cam12/e1/v1,
corpus_03,03.CCTV Mobile Usage.mkv,632de9ed55947761d56d4c6142a3cb1a1fe69d0b1a6d0e01a2e404c697962623,rf_detr_native,55500.0,unknown_object,0.4487,864.51,413.17,892.76,437.99,701.2,28.25,24.83,1.138,False,,True,R-desk,12,evt_S-61_upper_body_0016,de801b56dc91232e,lap_bag_context,no_pose_observation,34560.0,1.33,,1,cam12/e1/v1,
corpus_03,03.CCTV Mobile Usage.mkv,632de9ed55947761d56d4c6142a3cb1a1fe69d0b1a6d0e01a2e404c697962623,rf_detr_native,55500.0,unknown_object,0.3719,821.76,408.07,865.67,420.62,551.1,43.91,12.55,3.499,False,,True,R-desk,12,evt_S-61_upper_body_0016,de801b56dc91232e,lap_bag_context,no_pose_observation,34560.0,1.33,,1,cam12/e1/v1,
corpus_03,03.CCTV Mobile Usage.mkv,632de9ed55947761d56d4c6142a3cb1a1fe69d0b1a6d0e01a2e404c697962623,rf_detr_native,55500.0,unknown_object,0.791,961.12,452.21,1056.38,479.95,2642.9,95.26,27.74,3.434,False,,True,R-desk,11,evt_S-61_upper_body_0016,de801b56dc91232e,lap_bag_context,no_pose_observation,34560.0,1.33,,1,cam12/e1/v1,
corpus_03,03.CCTV Mobile Usage.mkv,632de9ed55947761d56d4c6142a3cb1a1fe69d0b1a6d0e01a2e404c697962623,rf_detr_native,55500.0,unknown_object,0.6924,1043.32,423.04,1112.41,473.68,3498.7,69.09,50.64,1.364,False,,True,R-desk,11,evt_S-61_upper_body_0016,de801b56dc91232e,lap_bag_context,no_pose_observation,34560.0,1.33,,1,cam12/e1/v1,
corpus_03,03.CCTV Mobile Usage.mkv,632de9ed55947761d56d4c6142a3cb1a1fe69d0b1a6d0e01a2e404c697962623,rf_detr_native,55500.0,unknown_object,0.4487,864.51,413.17,892.76,437.99,701.2,28.25,24.83,1.138,False,,True,R-desk,11,evt_S-61_upper_body_0016,de801b56dc91232e,lap_bag_context,no_pose_observation,34560.0,1.33,,1,cam12/e1/v1,
corpus_03,03.CCTV Mobile Usage.mkv,632de9ed55947761d56d4c6142a3cb1a1fe69d0b1a6d0e01a2e404c697962623,rf_detr_native,55500.0,unknown_object,0.3719,821.76,408.07,865.67,420.62,551.1,43.91,12.55,3.499,False,,True,R-desk,11,evt_S-61_upper_body_0016,de801b56dc91232e,lap_bag_context,no_pose_observation,34560.0,1.33,,1,cam12/e1/v1,
corpus_03,03.CCTV Mobile Usage.mkv,632de9ed55947761d56d4c6142a3cb1a1fe69d0b1a6d0e01a2e404c697962623,rf_detr_native,56500.0,unknown_object,0.2542,18.23,303.17,154.46,493.0,25860.3,136.23,189.83,0.718,False,,True,S-61,10,evt_S-61_upper_body_0016,1d2938dea1632546,pose_hand_context,,35955.7,3.38,,1,cam12/e1/v1,rtmpose_baseline
corpus_03,03.CCTV Mobile Usage.mkv,632de9ed55947761d56d4c6142a3cb1a1fe69d0b1a6d0e01a2e404c697962623,rf_detr_native,56500.0,unknown_object,0.831,961.36,452.19,1056.19,479.94,2631.5,94.83,27.75,3.418,False,,True,R-desk,12,evt_S-61_upper_body_0016,ecb2b433368518e0,lap_bag_context,no_pose_observation,34560.0,1.33,,1,cam12/e1/v1,
corpus_03,03.CCTV Mobile Usage.mkv,632de9ed55947761d56d4c6142a3cb1a1fe69d0b1a6d0e01a2e404c697962623,rf_detr_native,56500.0,unknown_object,0.7201,1043.16,423.21,1112.37,473.38,3472.1,69.21,50.17,1.38,False,,True,R-desk,12,evt_S-61_upper_body_0016,ecb2b433368518e0,lap_bag_context,no_pose_observation,34560.0,1.33,,1,cam12/e1/v1,
corpus_03,03.CCTV Mobile Usage.mkv,632de9ed55947761d56d4c6142a3cb1a1fe69d0b1a6d0e01a2e404c697962623,rf_detr_native,56500.0,unknown_object,0.5035,864.54,413.24,892.75,438.05,700.0,28.21,24.82,1.137,False,,True,R-desk,12,evt_S-61_upper_body_0016,ecb2b433368518e0,lap_bag_context,no_pose_observation,34560.0,1.33,,1,cam12/e1/v1,
corpus_03,03.CCTV Mobile Usage.mkv,632de9ed55947761d56d4c6142a3cb1a1fe69d0b1a6d0e01a2e404c697962623,rf_detr_native,56500.0,unknown_object,0.4316,822.0,408.06,865.83,420.67,552.8,43.83,12.61,3.475,False,,True,R-desk,12,evt_S-61_upper_body_0016,ecb2b433368518e0,lap_bag_context,no_pose_observation,34560.0,1.33,,1,cam12/e1/v1,
corpus_03,03.CCTV Mobile Usage.mkv,632de9ed55947761d56d4c6142a3cb1a1fe69d0b1a6d0e01a2e404c697962623,rf_detr_native,56500.0,unknown_object,0.2927,880.94,408.16,938.63,453.55,2618.3,57.68,45.39,1.271,False,,True,R-desk,12,evt_S-61_upper_body_0016,ecb2b433368518e0,lap_bag_context,no_pose_observation,34560.0,1.33,,1,cam12/e1/v1,
corpus_03,03.CCTV Mobile Usage.mkv,632de9ed55947761d56d4c6142a3cb1a1fe69d0b1a6d0e01a2e404c697962623,rf_detr_native,56500.0,unknown_object,0.2621,979.49,408.13,1117.0,474.17,9081.2,137.51,66.04,2.082,False,,True,R-desk,12,evt_S-61_upper_body_0016,ecb2b433368518e0,lap_bag_context,no_pose_observation,34560.0,1.33,,1,cam12/e1/v1,
corpus_03,03.CCTV Mobile Usage.mkv,632de9ed55947761d56d4c6142a3cb1a1fe69d0b1a6d0e01a2e404c697962623,rf_detr_native,56500.0,unknown_object,0.831,961.36,452.19,1056.19,479.94,2631.5,94.83,27.75,3.418,False,,True,R-desk,11,evt_S-61_upper_body_0016,ecb2b433368518e0,lap_bag_context,no_pose_observation,34560.0,1.33,,1,cam12/e1/v1,
corpus_03,03.CCTV Mobile Usage.mkv,632de9ed55947761d56d4c6142a3cb1a1fe69d0b1a6d0e01a2e404c697962623,rf_detr_native,56500.0,unknown_object,0.7201,1043.16,423.21,1112.37,473.38,3472.1,69.21,50.17,1.38,False,,True,R-desk,11,evt_S-61_upper_body_0016,ecb2b433368518e0,lap_bag_context,no_pose_observation,34560.0,1.33,,1,cam12/e1/v1,
corpus_03,03.CCTV Mobile Usage.mkv,632de9ed55947761d56d4c6142a3cb1a1fe69d0b1a6d0e01a2e404c697962623,rf_detr_native,56500.0,unknown_object,0.5035,864.54,413.24,892.75,438.05,700.0,28.21,24.82,1.137,False,,True,R-desk,11,evt_S-61_upper_body_0016,ecb2b433368518e0,lap_bag_context,no_pose_observation,34560.0,1.33,,1,cam12/e1/v1,
corpus_03,03.CCTV Mobile Usage.mkv,632de9ed55947761d56d4c6142a3cb1a1fe69d0b1a6d0e01a2e404c697962623,rf_detr_native,56500.0,unknown_object,0.4316,822.0,408.06,865.83,420.67,552.8,43.83,12.61,3.475,False,,True,R-desk,11,evt_S-61_upper_body_0016,ecb2b433368518e0,lap_bag_context,no_pose_observation,34560.0,1.33,,1,cam12/e1/v1,
corpus_03,03.CCTV Mobile Usage.mkv,632de9ed55947761d56d4c6142a3cb1a1fe69d0b1a6d0e01a2e404c697962623,rf_detr_native,56500.0,unknown_object,0.2927,880.94,408.16,938.63,453.55,2618.3,57.68,45.39,1.271,False,,True,R-desk,11,evt_S-61_upper_body_0016,ecb2b433368518e0,lap_bag_context,no_pose_observation,34560.0,1.33,,1,cam12/e1/v1,
corpus_03,03.CCTV Mobile Usage.mkv,632de9ed55947761d56d4c6142a3cb1a1fe69d0b1a6d0e01a2e404c697962623,rf_detr_native,56500.0,unknown_object,0.2621,979.49,408.13,1117.0,474.17,9081.2,137.51,66.04,2.082,False,,True,R-desk,11,evt_S-61_upper_body_0016,ecb2b433368518e0,lap_bag_context,no_pose_observation,34560.0,1.33,,1,cam12/e1/v1,
corpus_03,03.CCTV Mobile Usage.mkv,632de9ed55947761d56d4c6142a3cb1a1fe69d0b1a6d0e01a2e404c697962623,rf_detr_native,57500.0,unknown_object,0.2522,58.72,250.0,107.5,323.28,3574.6,48.78,73.28,0.666,False,,True,S-61,10,evt_S-61_upper_body_0016,9b7c89e0f28e9540,pose_hand_context,,49554.2,2.71,,1,cam12/e1/v1,rtmpose_baseline
corpus_03,03.CCTV Mobile Usage.mkv,632de9ed55947761d56d4c6142a3cb1a1fe69d0b1a6d0e01a2e404c697962623,rf_detr_native,57500.0,unknown_object,0.8128,960.66,452.26,1056.78,479.95,2661.6,96.12,27.69,3.471,False,,True,R-desk,15,evt_S-61_upper_body_0016,ee27b78399c18ce8,lap_bag_context,no_pose_observation,34560.0,1.33,,1,cam12/e1/v1,
corpus_03,03.CCTV Mobile Usage.mkv,632de9ed55947761d56d4c6142a3cb1a1fe69d0b1a6d0e01a2e404c697962623,rf_detr_native,57500.0,unknown_object,0.7623,1042.82,423.2,1111.81,473.14,3444.8,68.98,49.94,1.381,False,,True,R-desk,15,evt_S-61_upper_body_0016,ee27b78399c18ce8,lap_bag_context,no_pose_observation,34560.0,1.33,,1,cam12/e1/v1,
corpus_03,03.CCTV Mobile Usage.mkv,632de9ed55947761d56d4c6142a3cb1a1fe69d0b1a6d0e01a2e404c697962623,rf_detr_native,57500.0,unknown_object,0.4188,864.31,413.21,892.58,438.27,708.5,28.27,25.06,1.128,False,,True,R-desk,15,evt_S-61_upper_body_0016,ee27b78399c18ce8,lap_bag_context,no_pose_observation,34560.0,1.33,,1,cam12/e1/v1,
corpus_03,03.CCTV Mobile Usage.mkv,632de9ed55947761d56d4c6142a3cb1a1fe69d0b1a6d0e01a2e404c697962623,rf_detr_native,57500.0,unknown_object,0.3745,821.72,408.07,865.94,420.61,554.7,44.22,12.54,3.526,False,,True,R-desk,15,evt_S-61_upper_body_0016,ee27b78399c18ce8,lap_bag_context,no_pose_observation,34560.0,1.33,,1,cam12/e1/v1,
corpus_03,03.CCTV Mobile Usage.mkv,632de9ed55947761d56d4c6142a3cb1a1fe69d0b1a6d0e01a2e404c697962623,rf_detr_native,57500.0,unknown_object,0.2708,881.52,408.13,938.96,453.47,2604.2,57.44,45.34,1.267,False,,True,R-desk,15,evt_S-61_upper_body_0016,ee27b78399c18ce8,lap_bag_context,no_pose_observation,34560.0,1.33,,1,cam12/e1/v1,
corpus_03,03.CCTV Mobile Usage.mkv,632de9ed55947761d56d4c6142a3cb1a1fe69d0b1a6d0e01a2e404c697962623,rf_detr_native,57500.0,unknown_object,0.8128,960.66,452.26,1056.78,479.95,2661.6,96.12,27.69,3.471,False,,True,R-desk,12,evt_S-61_upper_body_0016,ee27b78399c18ce8,lap_bag_context,no_pose_observation,34560.0,1.33,,1,cam12/e1/v1,
corpus_03,03.CCTV Mobile Usage.mkv,632de9ed55947761d56d4c6142a3cb1a1fe69d0b1a6d0e01a2e404c697962623,rf_detr_native,57500.0,unknown_object,0.7623,1042.82,423.2,1111.81,473.14,3444.8,68.98,49.94,1.381,False,,True,R-desk,12,evt_S-61_upper_body_0016,ee27b78399c18ce8,lap_bag_context,no_pose_observation,34560.0,1.33,,1,cam12/e1/v1,
corpus_03,03.CCTV Mobile Usage.mkv,632de9ed55947761d56d4c6142a3cb1a1fe69d0b1a6d0e01a2e404c697962623,rf_detr_native,57500.0,unknown_object,0.4188,864.31,413.21,892.58,438.27,708.5,28.27,25.06,1.128,False,,True,R-desk,12,evt_S-61_upper_body_0016,ee27b78399c18ce8,lap_bag_context,no_pose_observation,34560.0,1.33,,1,cam12/e1/v1,
corpus_03,03.CCTV Mobile Usage.mkv,632de9ed55947761d56d4c6142a3cb1a1fe69d0b1a6d0e01a2e404c697962623,rf_detr_native,57500.0,unknown_object,0.3745,821.72,408.07,865.94,420.61,554.7,44.22,12.54,3.526,False,,True,R-desk,12,evt_S-61_upper_body_0016,ee27b78399c18ce8,lap_bag_context,no_pose_observation,34560.0,1.33,,1,cam12/e1/v1,
corpus_03,03.CCTV Mobile Usage.mkv,632de9ed55947761d56d4c6142a3cb1a1fe69d0b1a6d0e01a2e404c697962623,rf_detr_native,57500.0,unknown_object,0.2708,881.52,408.13,938.96,453.47,2604.2,57.44,45.34,1.267,False,,True,R-desk,12,evt_S-61_upper_body_0016,ee27b78399c18ce8,lap_bag_context,no_pose_observation,34560.0,1.33,,1,cam12/e1/v1,
corpus_03,03.CCTV Mobile Usage.mkv,632de9ed55947761d56d4c6142a3cb1a1fe69d0b1a6d0e01a2e404c697962623,rf_detr_native,57500.0,unknown_object,0.8128,960.66,452.26,1056.78,479.95,2661.6,96.12,27.69,3.471,False,,True,R-desk,11,evt_S-61_upper_body_0016,ee27b78399c18ce8,lap_bag_context,no_pose_observation,34560.0,1.33,,1,cam12/e1/v1,
corpus_03,03.CCTV Mobile Usage.mkv,632de9ed55947761d56d4c6142a3cb1a1fe69d0b1a6d0e01a2e404c697962623,rf_detr_native,57500.0,unknown_object,0.7623,1042.82,423.2,1111.81,473.14,3444.8,68.98,49.94,1.381,False,,True,R-desk,11,evt_S-61_upper_body_0016,ee27b78399c18ce8,lap_bag_context,no_pose_observation,34560.0,1.33,,1,cam12/e1/v1,
corpus_03,03.CCTV Mobile Usage.mkv,632de9ed55947761d56d4c6142a3cb1a1fe69d0b1a6d0e01a2e404c697962623,rf_detr_native,57500.0,unknown_object,0.4188,864.31,413.21,892.58,438.27,708.5,28.27,25.06,1.128,False,,True,R-desk,11,evt_S-61_upper_body_0016,ee27b78399c18ce8,lap_bag_context,no_pose_observation,34560.0,1.33,,1,cam12/e1/v1,
corpus_03,03.CCTV Mobile Usage.mkv,632de9ed55947761d56d4c6142a3cb1a1fe69d0b1a6d0e01a2e404c697962623,rf_detr_native,57500.0,unknown_object,0.3745,821.72,408.07,865.94,420.61,554.7,44.22,12.54,3.526,False,,True,R-desk,11,evt_S-61_upper_body_0016,ee27b78399c18ce8,lap_bag_context,no_pose_observation,34560.0,1.33,,1,cam12/e1/v1,
corpus_03,03.CCTV Mobile Usage.mkv,632de9ed55947761d56d4c6142a3cb1a1fe69d0b1a6d0e01a2e404c697962623,rf_detr_native,57500.0,unknown_object,0.2708,881.52,408.13,938.96,453.47,2604.2,57.44,45.34,1.267,False,,True,R-desk,11,evt_S-61_upper_body_0016,ee27b78399c18ce8,lap_bag_context,no_pose_observation,34560.0,1.33,,1,cam12/e1/v1,
corpus_03,03.CCTV Mobile Usage.mkv,632de9ed55947761d56d4c6142a3cb1a1fe69d0b1a6d0e01a2e404c697962623,rf_detr_native,81100.0,mouse,0.3213,38.77,449.73,70.26,473.79,757.6,31.49,24.06,1.309,False,,True,S-61,16,evt_S-61_desk_work_surface_0003,d85e3150d3c5eba9,pose_hand_context,,62064.0,2.36,,1,cam12/e1/v1,rtmpose_baseline
corpus_03,03.CCTV Mobile Usage.mkv,632de9ed55947761d56d4c6142a3cb1a1fe69d0b1a6d0e01a2e404c697962623,rf_detr_native,81100.0,unknown_object,0.2929,65.19,452.08,180.91,526.05,8559.4,115.72,73.96,1.565,False,,True,S-61,16,evt_S-61_desk_work_surface_0003,d85e3150d3c5eba9,pose_hand_context,,62064.0,2.36,,1,cam12/e1/v1,rtmpose_baseline
corpus_03,03.CCTV Mobile Usage.mkv,632de9ed55947761d56d4c6142a3cb1a1fe69d0b1a6d0e01a2e404c697962623,rf_detr_native,81100.0,unknown_object,0.2782,15.81,303.24,110.32,384.0,7632.1,94.51,80.76,1.17,False,,True,S-61,16,evt_S-61_desk_work_surface_0003,d85e3150d3c5eba9,pose_hand_context,,62064.0,2.36,,1,cam12/e1/v1,rtmpose_baseline
corpus_03,03.CCTV Mobile Usage.mkv,632de9ed55947761d56d4c6142a3cb1a1fe69d0b1a6d0e01a2e404c697962623,rf_detr_native,82100.0,mouse,0.3723,39.73,448.29,70.29,473.64,774.5,30.55,25.35,1.205,False,,True,S-61,16,evt_S-61_desk_work_surface_0003,853aabc1e2041093,pose_hand_context,,44780.8,2.92,,1,cam12/e1/v1,rtmpose_baseline
corpus_03,03.CCTV Mobile Usage.mkv,632de9ed55947761d56d4c6142a3cb1a1fe69d0b1a6d0e01a2e404c697962623,rf_detr_native,82100.0,unknown_object,0.3478,18.59,326.0,148.32,424.97,12838.3,129.72,98.97,1.311,False,,True,S-61,16,evt_S-61_desk_work_surface_0003,853aabc1e2041093,pose_hand_context,,44780.8,2.92,,1,cam12/e1/v1,rtmpose_baseline
corpus_03,03.CCTV Mobile Usage.mkv,632de9ed55947761d56d4c6142a3cb1a1fe69d0b1a6d0e01a2e404c697962623,rf_detr_native,82100.0,unknown_object,0.2537,21.52,326.16,109.88,386.19,5304.3,88.36,60.03,1.472,False,,True,S-61,16,evt_S-61_desk_work_surface_0003,853aabc1e2041093,pose_hand_context,,44780.8,2.92,,1,cam12/e1/v1,rtmpose_baseline
corpus_03,03.CCTV Mobile Usage.mkv,632de9ed55947761d56d4c6142a3cb1a1fe69d0b1a6d0e01a2e404c697962623,rf_detr_native,82100.0,unknown_object,0.2503,0.42,492.45,180.75,545.0,9477.2,180.33,52.55,3.431,False,,True,S-61,16,evt_S-61_desk_work_surface_0003,853aabc1e2041093,pose_hand_context,,44780.8,2.92,,1,cam12/e1/v1,rtmpose_baseline
corpus_03,03.CCTV Mobile Usage.mkv,632de9ed55947761d56d4c6142a3cb1a1fe69d0b1a6d0e01a2e404c697962623,rf_detr_native,83100.0,mouse,0.3705,39.95,448.87,71.1,473.96,781.7,31.16,25.09,1.242,False,,True,S-61,16,evt_S-61_desk_work_surface_0003,e1a851f71775b910,pose_hand_context,,44400.6,2.95,,1,cam12/e1/v1,rtmpose_baseline
corpus_03,03.CCTV Mobile Usage.mkv,632de9ed55947761d56d4c6142a3cb1a1fe69d0b1a6d0e01a2e404c697962623,rf_detr_native,83100.0,unknown_object,0.3017,14.24,328.0,148.82,425.21,13081.9,134.58,97.21,1.384,False,,True,S-61,16,evt_S-61_desk_work_surface_0003,e1a851f71775b910,pose_hand_context,,44400.6,2.95,,1,cam12/e1/v1,rtmpose_baseline
corpus_03,03.CCTV Mobile Usage.mkv,632de9ed55947761d56d4c6142a3cb1a1fe69d0b1a6d0e01a2e404c697962623,rf_detr_native,83100.0,monitor_or_bezel,0.2672,0.36,329.65,182.22,545.0,39164.8,181.86,215.35,0.844,False,,True,S-61,16,evt_S-61_desk_work_surface_0003,e1a851f71775b910,pose_hand_context,,44400.6,2.95,,1,cam12/e1/v1,rtmpose_baseline
corpus_03,03.CCTV Mobile Usage.mkv,632de9ed55947761d56d4c6142a3cb1a1fe69d0b1a6d0e01a2e404c697962623,rf_detr_native,83100.0,unknown_object,0.2553,0.66,492.26,178.03,544.96,9347.3,177.37,52.7,3.366,False,,True,S-61,16,evt_S-61_desk_work_surface_0003,e1a851f71775b910,pose_hand_context,,44400.6,2.95,,1,cam12/e1/v1,rtmpose_baseline
corpus_03,03.CCTV Mobile Usage.mkv,632de9ed55947761d56d4c6142a3cb1a1fe69d0b1a6d0e01a2e404c697962623,rf_detr_native,83100.0,monitor_or_bezel,0.2537,0.61,339.92,183.13,545.0,37431.4,182.52,205.08,0.89,False,,True,S-61,16,evt_S-61_desk_work_surface_0003,e1a851f71775b910,pose_hand_context,,44400.6,2.95,,1,cam12/e1/v1,rtmpose_baseline
corpus_03,03.CCTV Mobile Usage.mkv,632de9ed55947761d56d4c6142a3cb1a1fe69d0b1a6d0e01a2e404c697962623,rf_detr_native,83100.0,unknown_object,0.2504,21.64,328.0,110.59,386.43,5197.6,88.96,58.43,1.522,False,,True,S-61,16,evt_S-61_desk_work_surface_0003,e1a851f71775b910,pose_hand_context,,44400.6,2.95,,1,cam12/e1/v1,rtmpose_baseline
corpus_03,03.CCTV Mobile Usage.mkv,632de9ed55947761d56d4c6142a3cb1a1fe69d0b1a6d0e01a2e404c697962623,rf_detr_native,102500.0,monitor_or_bezel,0.3116,5.35,348.17,181.21,523.91,30905.3,175.86,175.74,1.001,False,,True,S-61,17,evt_S-61_desk_work_surface_0004,c429f65ecea87bb2,pose_hand_context,,31272.4,3.62,,1,cam12/e1/v1,rtmpose_baseline
corpus_03,03.CCTV Mobile Usage.mkv,632de9ed55947761d56d4c6142a3cb1a1fe69d0b1a6d0e01a2e404c697962623,rf_detr_native,102500.0,unknown_object,0.5421,818.87,7.85,913.64,103.42,9057.6,94.77,95.58,0.992,False,,True,unattributed,18,evt_S-61_desk_work_surface_0004,d93b48690c9b5016,native_source_context_fallback,wrist_confidence_below_floor,9573.1,6.49,,1,cam12/e1/v1,rtmpose_baseline
corpus_03,03.CCTV Mobile Usage.mkv,632de9ed55947761d56d4c6142a3cb1a1fe69d0b1a6d0e01a2e404c697962623,rf_detr_native,102500.0,monitor_or_bezel,0.3326,816.02,7.0,843.74,44.47,1038.7,27.73,37.47,0.74,False,,True,unattributed,18,evt_S-61_desk_work_surface_0004,d93b48690c9b5016,native_source_context_fallback,wrist_confidence_below_floor,9573.1,6.49,,1,cam12/e1/v1,rtmpose_baseline
corpus_03,03.CCTV Mobile Usage.mkv,632de9ed55947761d56d4c6142a3cb1a1fe69d0b1a6d0e01a2e404c697962623,rf_detr_native,102500.0,unknown_object,0.2723,831.43,85.55,880.44,104.0,904.3,49.02,18.45,2.657,False,,True,unattributed,18,evt_S-61_desk_work_surface_0004,d93b48690c9b5016,native_source_context_fallback,wrist_confidence_below_floor,9573.1,6.49,,1,cam12/e1/v1,rtmpose_baseline
corpus_03,03.CCTV Mobile Usage.mkv,632de9ed55947761d56d4c6142a3cb1a1fe69d0b1a6d0e01a2e404c697962623,rf_detr_native,102500.0,unknown_object,0.7811,960.61,452.3,1056.69,479.96,2658.0,96.08,27.66,3.473,False,,True,R-desk,19,evt_S-61_desk_work_surface_0004,f15934d2f04eb552,lap_bag_context,wrist_confidence_below_floor,34560.0,1.33,,1,cam12/e1/v1,rtmpose_baseline
corpus_03,03.CCTV Mobile Usage.mkv,632de9ed55947761d56d4c6142a3cb1a1fe69d0b1a6d0e01a2e404c697962623,rf_detr_native,102500.0,unknown_object,0.715,1044.2,422.85,1112.23,473.49,3445.2,68.03,50.64,1.343,False,,True,R-desk,19,evt_S-61_desk_work_surface_0004,f15934d2f04eb552,lap_bag_context,wrist_confidence_below_floor,34560.0,1.33,,1,cam12/e1/v1,rtmpose_baseline
corpus_03,03.CCTV Mobile Usage.mkv,632de9ed55947761d56d4c6142a3cb1a1fe69d0b1a6d0e01a2e404c697962623,rf_detr_native,102500.0,unknown_object,0.4489,864.18,413.25,892.7,438.12,709.3,28.52,24.87,1.147,False,,True,R-desk,19,evt_S-61_desk_work_surface_0004,f15934d2f04eb552,lap_bag_context,wrist_confidence_below_floor,34560.0,1.33,,1,cam12/e1/v1,rtmpose_baseline
corpus_03,03.CCTV Mobile Usage.mkv,632de9ed55947761d56d4c6142a3cb1a1fe69d0b1a6d0e01a2e404c697962623,rf_detr_native,102500.0,unknown_object,0.4105,821.72,408.09,865.71,420.62,550.8,43.99,12.52,3.513,False,,True,R-desk,19,evt_S-61_desk_work_surface_0004,f15934d2f04eb552,lap_bag_context,wrist_confidence_below_floor,34560.0,1.33,,1,cam12/e1/v1,rtmpose_baseline
corpus_03,03.CCTV Mobile Usage.mkv,632de9ed55947761d56d4c6142a3cb1a1fe69d0b1a6d0e01a2e404c697962623,rf_detr_native,102500.0,unknown_object,0.2823,877.8,408.18,936.74,453.48,2670.0,58.95,45.3,1.301,False,,True,R-desk,19,evt_S-61_desk_work_surface_0004,f15934d2f04eb552,lap_bag_context,wrist_confidence_below_floor,34560.0,1.33,,1,cam12/e1/v1,rtmpose_baseline
corpus_03,03.CCTV Mobile Usage.mkv,632de9ed55947761d56d4c6142a3cb1a1fe69d0b1a6d0e01a2e404c697962623,rf_detr_native,103067.0,mouse,0.275,40.66,449.85,71.74,472.88,715.9,31.08,23.03,1.349,False,,True,S-61,17,evt_S-61_upper_body_0018,7f7c3ddf9739c48c,pose_hand_context,,37640.3,3.28,,1,cam12/e1/v1,rtmpose_baseline
corpus_03,03.CCTV Mobile Usage.mkv,632de9ed55947761d56d4c6142a3cb1a1fe69d0b1a6d0e01a2e404c697962623,rf_detr_native,103067.0,unknown_object,0.4324,819.63,8.13,915.46,102.44,9037.5,95.83,94.3,1.016,False,,True,unattributed,18,evt_S-61_upper_body_0018,ab6eccf616b714df,native_source_context_fallback,wrist_confidence_below_floor,9521.8,6.46,,1,cam12/e1/v1,rtmpose_baseline
corpus_03,03.CCTV Mobile Usage.mkv,632de9ed55947761d56d4c6142a3cb1a1fe69d0b1a6d0e01a2e404c697962623,rf_detr_native,103067.0,monitor_or_bezel,0.278,817.02,7.0,843.19,43.99,968.0,26.17,36.99,0.707,False,,True,unattributed,18,evt_S-61_upper_body_0018,ab6eccf616b714df,native_source_context_fallback,wrist_confidence_below_floor,9521.8,6.46,,1,cam12/e1/v1,rtmpose_baseline
corpus_03,03.CCTV Mobile Usage.mkv,632de9ed55947761d56d4c6142a3cb1a1fe69d0b1a6d0e01a2e404c697962623,rf_detr_native,103500.0,monitor_or_bezel,0.4189,816.03,7.0,843.91,44.56,1047.3,27.88,37.56,0.742,False,,True,unattributed,18,evt_S-61_desk_work_surface_0004,1d8ae10ec47cb224,native_source_context_fallback,wrist_confidence_below_floor,9323.6,6.6,,1,cam12/e1/v1,rtmpose_baseline
corpus_03,03.CCTV Mobile Usage.mkv,632de9ed55947761d56d4c6142a3cb1a1fe69d0b1a6d0e01a2e404c697962623,rf_detr_native,103500.0,unknown_object,0.3202,831.04,85.83,880.63,102.95,848.8,49.59,17.12,2.897,False,,True,unattributed,18,evt_S-61_desk_work_surface_0004,1d8ae10ec47cb224,native_source_context_fallback,wrist_confidence_below_floor,9323.6,6.6,,1,cam12/e1/v1,rtmpose_baseline
corpus_03,03.CCTV Mobile Usage.mkv,632de9ed55947761d56d4c6142a3cb1a1fe69d0b1a6d0e01a2e404c697962623,rf_detr_native,103500.0,unknown_object,0.2577,830.83,85.44,913.0,102.99,1441.8,82.17,17.55,4.683,False,,True,unattributed,18,evt_S-61_desk_work_surface_0004,1d8ae10ec47cb224,native_source_context_fallback,wrist_confidence_below_floor,9323.6,6.6,,1,cam12/e1/v1,rtmpose_baseline
corpus_03,03.CCTV Mobile Usage.mkv,632de9ed55947761d56d4c6142a3cb1a1fe69d0b1a6d0e01a2e404c697962623,rf_detr_native,103500.0,unknown_object,0.7836,960.68,452.3,1056.43,479.97,2649.2,95.75,27.67,3.461,False,,True,R-desk,21,evt_S-61_desk_work_surface_0004,21618b8f2530ce00,lap_bag_context,no_pose_observation,34560.0,1.33,,1,cam12/e1/v1,
corpus_03,03.CCTV Mobile Usage.mkv,632de9ed55947761d56d4c6142a3cb1a1fe69d0b1a6d0e01a2e404c697962623,rf_detr_native,103500.0,unknown_object,0.7207,1044.19,422.84,1112.21,473.46,3443.4,68.03,50.62,1.344,False,,True,R-desk,21,evt_S-61_desk_work_surface_0004,21618b8f2530ce00,lap_bag_context,no_pose_observation,34560.0,1.33,,1,cam12/e1/v1,
corpus_03,03.CCTV Mobile Usage.mkv,632de9ed55947761d56d4c6142a3cb1a1fe69d0b1a6d0e01a2e404c697962623,rf_detr_native,103500.0,unknown_object,0.4464,864.2,413.26,892.71,438.11,708.7,28.51,24.86,1.147,False,,True,R-desk,21,evt_S-61_desk_work_surface_0004,21618b8f2530ce00,lap_bag_context,no_pose_observation,34560.0,1.33,,1,cam12/e1/v1,
corpus_03,03.CCTV Mobile Usage.mkv,632de9ed55947761d56d4c6142a3cb1a1fe69d0b1a6d0e01a2e404c697962623,rf_detr_native,103500.0,unknown_object,0.4086,821.69,408.09,865.7,420.61,551.0,44.01,12.52,3.515,False,,True,R-desk,21,evt_S-61_desk_work_surface_0004,21618b8f2530ce00,lap_bag_context,no_pose_observation,34560.0,1.33,,1,cam12/e1/v1,
corpus_03,03.CCTV Mobile Usage.mkv,632de9ed55947761d56d4c6142a3cb1a1fe69d0b1a6d0e01a2e404c697962623,rf_detr_native,103500.0,unknown_object,0.2783,877.39,408.17,936.8,453.48,2691.7,59.41,45.31,1.311,False,,True,R-desk,21,evt_S-61_desk_work_surface_0004,21618b8f2530ce00,lap_bag_context,no_pose_observation,34560.0,1.33,,1,cam12/e1/v1,
corpus_03,03.CCTV Mobile Usage.mkv,632de9ed55947761d56d4c6142a3cb1a1fe69d0b1a6d0e01a2e404c697962623,rf_detr_native,103500.0,mouse,0.2765,40.62,448.63,72.12,472.81,761.7,31.5,24.18,1.302,False,,True,S-61,17,evt_S-61_desk_work_surface_0004,37282cdd2ce70388,pose_hand_context,,36288.3,3.36,,1,cam12/e1/v1,rtmpose_baseline
corpus_03,03.CCTV Mobile Usage.mkv,632de9ed55947761d56d4c6142a3cb1a1fe69d0b1a6d0e01a2e404c697962623,rf_detr_native,104067.0,unknown_object,0.7907,960.73,452.32,1056.12,479.96,2636.9,95.39,27.64,3.451,False,,True,R-desk,22,evt_S-61_upper_body_0018,106fe20c61c64386,lap_bag_context,no_pose_observation,34560.0,1.33,,1,cam12/e1/v1,
corpus_03,03.CCTV Mobile Usage.mkv,632de9ed55947761d56d4c6142a3cb1a1fe69d0b1a6d0e01a2e404c697962623,rf_detr_native,104067.0,unknown_object,0.7177,1044.19,422.82,1112.22,473.48,3446.1,68.03,50.66,1.343,False,,True,R-desk,22,evt_S-61_upper_body_0018,106fe20c61c64386,lap_bag_context,no_pose_observation,34560.0,1.33,,1,cam12/e1/v1,
corpus_03,03.CCTV Mobile Usage.mkv,632de9ed55947761d56d4c6142a3cb1a1fe69d0b1a6d0e01a2e404c697962623,rf_detr_native,104067.0,unknown_object,0.4404,864.18,413.25,892.69,438.11,708.6,28.5,24.86,1.147,False,,True,R-desk,22,evt_S-61_upper_body_0018,106fe20c61c64386,lap_bag_context,no_pose_observation,34560.0,1.33,,1,cam12/e1/v1,
corpus_03,03.CCTV Mobile Usage.mkv,632de9ed55947761d56d4c6142a3cb1a1fe69d0b1a6d0e01a2e404c697962623,rf_detr_native,104067.0,unknown_object,0.4023,821.66,408.09,865.7,420.61,551.3,44.04,12.52,3.517,False,,True,R-desk,22,evt_S-61_upper_body_0018,106fe20c61c64386,lap_bag_context,no_pose_observation,34560.0,1.33,,1,cam12/e1/v1,
corpus_03,03.CCTV Mobile Usage.mkv,632de9ed55947761d56d4c6142a3cb1a1fe69d0b1a6d0e01a2e404c697962623,rf_detr_native,104067.0,unknown_object,0.2767,877.11,408.18,936.85,453.48,2706.0,59.74,45.3,1.319,False,,True,R-desk,22,evt_S-61_upper_body_0018,106fe20c61c64386,lap_bag_context,no_pose_observation,34560.0,1.33,,1,cam12/e1/v1,
corpus_03,03.CCTV Mobile Usage.mkv,632de9ed55947761d56d4c6142a3cb1a1fe69d0b1a6d0e01a2e404c697962623,rf_detr_native,104067.0,unknown_object,0.7907,960.73,452.32,1056.12,479.96,2636.9,95.39,27.64,3.451,False,,True,R-desk,21,evt_S-61_upper_body_0018,106fe20c61c64386,lap_bag_context,no_pose_observation,34560.0,1.33,,1,cam12/e1/v1,
corpus_03,03.CCTV Mobile Usage.mkv,632de9ed55947761d56d4c6142a3cb1a1fe69d0b1a6d0e01a2e404c697962623,rf_detr_native,104067.0,unknown_object,0.7177,1044.19,422.82,1112.22,473.48,3446.1,68.03,50.66,1.343,False,,True,R-desk,21,evt_S-61_upper_body_0018,106fe20c61c64386,lap_bag_context,no_pose_observation,34560.0,1.33,,1,cam12/e1/v1,
corpus_03,03.CCTV Mobile Usage.mkv,632de9ed55947761d56d4c6142a3cb1a1fe69d0b1a6d0e01a2e404c697962623,rf_detr_native,104067.0,unknown_object,0.4404,864.18,413.25,892.69,438.11,708.6,28.5,24.86,1.147,False,,True,R-desk,21,evt_S-61_upper_body_0018,106fe20c61c64386,lap_bag_context,no_pose_observation,34560.0,1.33,,1,cam12/e1/v1,
corpus_03,03.CCTV Mobile Usage.mkv,632de9ed55947761d56d4c6142a3cb1a1fe69d0b1a6d0e01a2e404c697962623,rf_detr_native,104067.0,unknown_object,0.4023,821.66,408.09,865.7,420.61,551.3,44.04,12.52,3.517,False,,True,R-desk,21,evt_S-61_upper_body_0018,106fe20c61c64386,lap_bag_context,no_pose_observation,34560.0,1.33,,1,cam12/e1/v1,
corpus_03,03.CCTV Mobile Usage.mkv,632de9ed55947761d56d4c6142a3cb1a1fe69d0b1a6d0e01a2e404c697962623,rf_detr_native,104067.0,unknown_object,0.2767,877.11,408.18,936.85,453.48,2706.0,59.74,45.3,1.319,False,,True,R-desk,21,evt_S-61_upper_body_0018,106fe20c61c64386,lap_bag_context,no_pose_observation,34560.0,1.33,,1,cam12/e1/v1,
corpus_03,03.CCTV Mobile Usage.mkv,632de9ed55947761d56d4c6142a3cb1a1fe69d0b1a6d0e01a2e404c697962623,rf_detr_native,104067.0,monitor_or_bezel,0.3744,817.05,7.0,844.2,44.39,1015.1,27.15,37.39,0.726,False,,True,unattributed,18,evt_S-61_upper_body_0018,803a895752aa8ab0,native_source_context_fallback,wrist_confidence_below_floor,9340.2,6.61,,1,cam12/e1/v1,rtmpose_baseline
corpus_03,03.CCTV Mobile Usage.mkv,632de9ed55947761d56d4c6142a3cb1a1fe69d0b1a6d0e01a2e404c697962623,rf_detr_native,104067.0,mouse,0.3026,40.47,449.24,72.44,472.78,752.7,31.97,23.54,1.358,False,,True,S-61,17,evt_S-61_upper_body_0018,c23c170093e5b93f,pose_hand_context,,38602.3,3.23,,1,cam12/e1/v1,rtmpose_baseline
corpus_03,03.CCTV Mobile Usage.mkv,632de9ed55947761d56d4c6142a3cb1a1fe69d0b1a6d0e01a2e404c697962623,rf_detr_native,104500.0,monitor_or_bezel,0.3914,816.02,7.0,843.98,44.67,1053.3,27.96,37.67,0.742,False,,True,unattributed,18,evt_S-61_desk_work_surface_0004,394db3e8861080b1,native_source_context_fallback,wrist_confidence_below_floor,9542.4,6.55,,1,cam12/e1/v1,rtmpose_baseline
corpus_03,03.CCTV Mobile Usage.mkv,632de9ed55947761d56d4c6142a3cb1a1fe69d0b1a6d0e01a2e404c697962623,rf_detr_native,104500.0,monitor_or_bezel,0.273,830.36,85.03,913.91,104.9,1660.5,83.55,19.87,4.204,False,,True,unattributed,18,evt_S-61_desk_work_surface_0004,394db3e8861080b1,native_source_context_fallback,wrist_confidence_below_floor,9542.4,6.55,,1,cam12/e1/v1,rtmpose_baseline
corpus_03,03.CCTV Mobile Usage.mkv,632de9ed55947761d56d4c6142a3cb1a1fe69d0b1a6d0e01a2e404c697962623,rf_detr_native,104500.0,unknown_object,0.7276,960.56,452.29,1055.98,479.96,2640.4,95.41,27.67,3.448,False,,True,R-desk,22,evt_S-61_desk_work_surface_0004,e9011dbea08156df,lap_bag_context,no_pose_observation,34560.0,1.33,,1,cam12/e1/v1,
corpus_03,03.CCTV Mobile Usage.mkv,632de9ed55947761d56d4c6142a3cb1a1fe69d0b1a6d0e01a2e404c697962623,rf_detr_native,104500.0,unknown_object,0.5238,1045.4,423.73,1112.07,473.5,3318.5,66.67,49.77,1.339,False,,True,R-desk,22,evt_S-61_desk_work_surface_0004,e9011dbea08156df,lap_bag_context,no_pose_observation,34560.0,1.33,,1,cam12/e1/v1,
corpus_03,03.CCTV Mobile Usage.mkv,632de9ed55947761d56d4c6142a3cb1a1fe69d0b1a6d0e01a2e404c697962623,rf_detr_native,104500.0,unknown_object,0.3941,821.55,408.07,865.85,420.59,554.6,44.29,12.52,3.538,False,,True,R-desk,22,evt_S-61_desk_work_surface_0004,e9011dbea08156df,lap_bag_context,no_pose_observation,34560.0,1.33,,1,cam12/e1/v1,
corpus_03,03.CCTV Mobile Usage.mkv,632de9ed55947761d56d4c6142a3cb1a1fe69d0b1a6d0e01a2e404c697962623,rf_detr_native,104500.0,unknown_object,0.3939,864.2,413.29,892.39,438.21,702.2,28.18,24.92,1.131,False,,True,R-desk,22,evt_S-61_desk_work_surface_0004,e9011dbea08156df,lap_bag_context,no_pose_observation,34560.0,1.33,,1,cam12/e1/v1,
corpus_03,03.CCTV Mobile Usage.mkv,632de9ed55947761d56d4c6142a3cb1a1fe69d0b1a6d0e01a2e404c697962623,rf_detr_native,104500.0,unknown_object,0.2541,1043.27,423.65,1090.15,464.98,1937.9,46.88,41.33,1.134,False,,True,R-desk,22,evt_S-61_desk_work_surface_0004,e9011dbea08156df,lap_bag_context,no_pose_observation,34560.0,1.33,,1,cam12/e1/v1,
corpus_03,03.CCTV Mobile Usage.mkv,632de9ed55947761d56d4c6142a3cb1a1fe69d0b1a6d0e01a2e404c697962623,rf_detr_native,104500.0,unknown_object,0.7276,960.56,452.29,1055.98,479.96,2640.4,95.41,27.67,3.448,False,,True,R-desk,21,evt_S-61_desk_work_surface_0004,e9011dbea08156df,lap_bag_context,no_pose_observation,34560.0,1.33,,1,cam12/e1/v1,
corpus_03,03.CCTV Mobile Usage.mkv,632de9ed55947761d56d4c6142a3cb1a1fe69d0b1a6d0e01a2e404c697962623,rf_detr_native,104500.0,unknown_object,0.5238,1045.4,423.73,1112.07,473.5,3318.5,66.67,49.77,1.339,False,,True,R-desk,21,evt_S-61_desk_work_surface_0004,e9011dbea08156df,lap_bag_context,no_pose_observation,34560.0,1.33,,1,cam12/e1/v1,
corpus_03,03.CCTV Mobile Usage.mkv,632de9ed55947761d56d4c6142a3cb1a1fe69d0b1a6d0e01a2e404c697962623,rf_detr_native,104500.0,unknown_object,0.3941,821.55,408.07,865.85,420.59,554.6,44.29,12.52,3.538,False,,True,R-desk,21,evt_S-61_desk_work_surface_0004,e9011dbea08156df,lap_bag_context,no_pose_observation,34560.0,1.33,,1,cam12/e1/v1,
corpus_03,03.CCTV Mobile Usage.mkv,632de9ed55947761d56d4c6142a3cb1a1fe69d0b1a6d0e01a2e404c697962623,rf_detr_native,104500.0,unknown_object,0.3939,864.2,413.29,892.39,438.21,702.2,28.18,24.92,1.131,False,,True,R-desk,21,evt_S-61_desk_work_surface_0004,e9011dbea08156df,lap_bag_context,no_pose_observation,34560.0,1.33,,1,cam12/e1/v1,
corpus_03,03.CCTV Mobile Usage.mkv,632de9ed55947761d56d4c6142a3cb1a1fe69d0b1a6d0e01a2e404c697962623,rf_detr_native,104500.0,unknown_object,0.2541,1043.27,423.65,1090.15,464.98,1937.9,46.88,41.33,1.134,False,,True,R-desk,21,evt_S-61_desk_work_surface_0004,e9011dbea08156df,lap_bag_context,no_pose_observation,34560.0,1.33,,1,cam12/e1/v1,
corpus_03,03.CCTV Mobile Usage.mkv,632de9ed55947761d56d4c6142a3cb1a1fe69d0b1a6d0e01a2e404c697962623,rf_detr_native,105067.0,unknown_object,0.66,541.97,51.41,573.87,86.0,1103.4,31.9,34.59,0.922,False,,True,unattributed,23,evt_S-61_upper_body_0018,698dd9f920e21e66,native_source_context_fallback,no_pose_observation,6553.0,6.79,,1,cam12/e1/v1,
corpus_03,03.CCTV Mobile Usage.mkv,632de9ed55947761d56d4c6142a3cb1a1fe69d0b1a6d0e01a2e404c697962623,rf_detr_native,105067.0,unknown_object,0.262,541.59,13.71,606.2,88.12,4808.6,64.62,74.42,0.868,False,,True,unattributed,23,evt_S-61_upper_body_0018,698dd9f920e21e66,native_source_context_fallback,no_pose_observation,6553.0,6.79,,1,cam12/e1/v1,
corpus_03,03.CCTV Mobile Usage.mkv,632de9ed55947761d56d4c6142a3cb1a1fe69d0b1a6d0e01a2e404c697962623,rf_detr_native,105067.0,unknown_object,0.7276,960.56,452.29,1055.98,479.96,2640.4,95.41,27.67,3.448,False,,True,R-desk,21,evt_S-61_upper_body_0018,745d503d39d05fad,lap_bag_context,wrist_confidence_below_floor,34560.0,1.33,,1,cam12/e1/v1,rtmpose_baseline
corpus_03,03.CCTV Mobile Usage.mkv,632de9ed55947761d56d4c6142a3cb1a1fe69d0b1a6d0e01a2e404c697962623,rf_detr_native,105067.0,unknown_object,0.5238,1045.4,423.73,1112.07,473.5,3318.5,66.67,49.77,1.339,False,,True,R-desk,21,evt_S-61_upper_body_0018,745d503d39d05fad,lap_bag_context,wrist_confidence_below_floor,34560.0,1.33,,1,cam12/e1/v1,rtmpose_baseline
corpus_03,03.CCTV Mobile Usage.mkv,632de9ed55947761d56d4c6142a3cb1a1fe69d0b1a6d0e01a2e404c697962623,rf_detr_native,105067.0,unknown_object,0.3941,821.55,408.07,865.85,420.59,554.6,44.29,12.52,3.538,False,,True,R-desk,21,evt_S-61_upper_body_0018,745d503d39d05fad,lap_bag_context,wrist_confidence_below_floor,34560.0,1.33,,1,cam12/e1/v1,rtmpose_baseline
corpus_03,03.CCTV Mobile Usage.mkv,632de9ed55947761d56d4c6142a3cb1a1fe69d0b1a6d0e01a2e404c697962623,rf_detr_native,105067.0,unknown_object,0.3939,864.2,413.29,892.39,438.21,702.2,28.18,24.92,1.131,False,,True,R-desk,21,evt_S-61_upper_body_0018,745d503d39d05fad,lap_bag_context,wrist_confidence_below_floor,34560.0,1.33,,1,cam12/e1/v1,rtmpose_baseline
corpus_03,03.CCTV Mobile Usage.mkv,632de9ed55947761d56d4c6142a3cb1a1fe69d0b1a6d0e01a2e404c697962623,rf_detr_native,105067.0,unknown_object,0.2541,1043.27,423.65,1090.15,464.98,1937.9,46.88,41.33,1.134,False,,True,R-desk,21,evt_S-61_upper_body_0018,745d503d39d05fad,lap_bag_context,wrist_confidence_below_floor,34560.0,1.33,,1,cam12/e1/v1,rtmpose_baseline
corpus_03,03.CCTV Mobile Usage.mkv,632de9ed55947761d56d4c6142a3cb1a1fe69d0b1a6d0e01a2e404c697962623,rf_detr_native,105067.0,unknown_object,0.7276,960.56,452.29,1055.98,479.96,2640.4,95.41,27.67,3.448,False,,True,R-desk,22,evt_S-61_upper_body_0018,745d503d39d05fad,lap_bag_context,wrist_confidence_below_floor,34560.0,1.33,,1,cam12/e1/v1,rtmpose_baseline
corpus_03,03.CCTV Mobile Usage.mkv,632de9ed55947761d56d4c6142a3cb1a1fe69d0b1a6d0e01a2e404c697962623,rf_detr_native,105067.0,unknown_object,0.5238,1045.4,423.73,1112.07,473.5,3318.5,66.67,49.77,1.339,False,,True,R-desk,22,evt_S-61_upper_body_0018,745d503d39d05fad,lap_bag_context,wrist_confidence_below_floor,34560.0,1.33,,1,cam12/e1/v1,rtmpose_baseline
corpus_03,03.CCTV Mobile Usage.mkv,632de9ed55947761d56d4c6142a3cb1a1fe69d0b1a6d0e01a2e404c697962623,rf_detr_native,105067.0,unknown_object,0.3941,821.55,408.07,865.85,420.59,554.6,44.29,12.52,3.538,False,,True,R-desk,22,evt_S-61_upper_body_0018,745d503d39d05fad,lap_bag_context,wrist_confidence_below_floor,34560.0,1.33,,1,cam12/e1/v1,rtmpose_baseline
corpus_03,03.CCTV Mobile Usage.mkv,632de9ed55947761d56d4c6142a3cb1a1fe69d0b1a6d0e01a2e404c697962623,rf_detr_native,105067.0,unknown_object,0.3939,864.2,413.29,892.39,438.21,702.2,28.18,24.92,1.131,False,,True,R-desk,22,evt_S-61_upper_body_0018,745d503d39d05fad,lap_bag_context,wrist_confidence_below_floor,34560.0,1.33,,1,cam12/e1/v1,rtmpose_baseline
corpus_03,03.CCTV Mobile Usage.mkv,632de9ed55947761d56d4c6142a3cb1a1fe69d0b1a6d0e01a2e404c697962623,rf_detr_native,105067.0,unknown_object,0.2541,1043.27,423.65,1090.15,464.98,1937.9,46.88,41.33,1.134,False,,True,R-desk,22,evt_S-61_upper_body_0018,745d503d39d05fad,lap_bag_context,wrist_confidence_below_floor,34560.0,1.33,,1,cam12/e1/v1,rtmpose_baseline
corpus_03,03.CCTV Mobile Usage.mkv,632de9ed55947761d56d4c6142a3cb1a1fe69d0b1a6d0e01a2e404c697962623,rf_detr_native,105067.0,unknown_object,0.2942,556.0,51.62,574.02,86.55,629.5,18.02,34.93,0.516,False,,True,unattributed,24,evt_S-61_upper_body_0018,aff1f684b5dd4187,native_source_context_fallback,no_pose_observation,2738.4,11.86,,1,cam12/e1/v1,
corpus_03,03.CCTV Mobile Usage.mkv,632de9ed55947761d56d4c6142a3cb1a1fe69d0b1a6d0e01a2e404c697962623,rf_detr_native,105067.0,unknown_object,0.2862,556.06,51.0,607.0,104.77,2739.4,50.94,53.77,0.947,False,,True,unattributed,24,evt_S-61_upper_body_0018,aff1f684b5dd4187,native_source_context_fallback,no_pose_observation,2738.4,11.86,,1,cam12/e1/v1,
corpus_03,03.CCTV Mobile Usage.mkv,632de9ed55947761d56d4c6142a3cb1a1fe69d0b1a6d0e01a2e404c697962623,rf_detr_native,105067.0,unknown_object,0.2641,556.02,51.51,574.01,91.99,728.2,17.98,40.49,0.444,False,,True,unattributed,24,evt_S-61_upper_body_0018,aff1f684b5dd4187,native_source_context_fallback,no_pose_observation,2738.4,11.86,,1,cam12/e1/v1,
corpus_03,03.CCTV Mobile Usage.mkv,632de9ed55947761d56d4c6142a3cb1a1fe69d0b1a6d0e01a2e404c697962623,rf_detr_native,105067.0,unknown_object,0.2619,573.79,52.77,606.32,84.58,1034.6,32.53,31.8,1.023,False,,True,unattributed,24,evt_S-61_upper_body_0018,aff1f684b5dd4187,native_source_context_fallback,no_pose_observation,2738.4,11.86,,1,cam12/e1/v1,
corpus_03,03.CCTV Mobile Usage.mkv,632de9ed55947761d56d4c6142a3cb1a1fe69d0b1a6d0e01a2e404c697962623,rf_detr_native,105067.0,monitor_or_bezel,0.396,815.01,7.0,843.66,44.62,1077.9,28.65,37.62,0.762,False,,True,unattributed,18,evt_S-61_upper_body_0018,c4c93bc251980e50,native_source_context_fallback,wrist_confidence_below_floor,9606.9,6.52,,1,cam12/e1/v1,rtmpose_baseline
corpus_03,03.CCTV Mobile Usage.mkv,632de9ed55947761d56d4c6142a3cb1a1fe69d0b1a6d0e01a2e404c697962623,rf_detr_native,105067.0,monitor_or_bezel,0.3221,831.37,83.13,914.0,104.88,1797.1,82.63,21.75,3.799,False,,True,unattributed,18,evt_S-61_upper_body_0018,c4c93bc251980e50,native_source_context_fallback,wrist_confidence_below_floor,9606.9,6.52,,1,cam12/e1/v1,rtmpose_baseline
corpus_03,03.CCTV Mobile Usage.mkv,632de9ed55947761d56d4c6142a3cb1a1fe69d0b1a6d0e01a2e404c697962623,rf_detr_native,105500.0,unknown_object,0.844,960.97,452.35,1056.58,479.95,2638.6,95.61,27.6,3.465,False,,True,R-desk,22,evt_S-61_desk_work_surface_0004,1a7ffb919a00e5cd,lap_bag_context,no_pose_observation,34560.0,1.33,,1,cam12/e1/v1,
corpus_03,03.CCTV Mobile Usage.mkv,632de9ed55947761d56d4c6142a3cb1a1fe69d0b1a6d0e01a2e404c697962623,rf_detr_native,105500.0,unknown_object,0.6831,1043.09,423.53,1111.64,473.51,3426.3,68.55,49.98,1.371,False,,True,R-desk,22,evt_S-61_desk_work_surface_0004,1a7ffb919a00e5cd,lap_bag_context,no_pose_observation,34560.0,1.33,,1,cam12/e1/v1,
corpus_03,03.CCTV Mobile Usage.mkv,632de9ed55947761d56d4c6142a3cb1a1fe69d0b1a6d0e01a2e404c697962623,rf_detr_native,105500.0,unknown_object,0.413,864.33,413.29,892.62,438.24,705.7,28.29,24.95,1.134,False,,True,R-desk,22,evt_S-61_desk_work_surface_0004,1a7ffb919a00e5cd,lap_bag_context,no_pose_observation,34560.0,1.33,,1,cam12/e1/v1,
corpus_03,03.CCTV Mobile Usage.mkv,632de9ed55947761d56d4c6142a3cb1a1fe69d0b1a6d0e01a2e404c697962623,rf_detr_native,105500.0,unknown_object,0.3967,821.03,408.04,865.88,420.67,566.4,44.85,12.63,3.552,False,,True,R-desk,22,evt_S-61_desk_work_surface_0004,1a7ffb919a00e5cd,lap_bag_context,no_pose_observation,34560.0,1.33,,1,cam12/e1/v1,
corpus_03,03.CCTV Mobile Usage.mkv,632de9ed55947761d56d4c6142a3cb1a1fe69d0b1a6d0e01a2e404c697962623,rf_detr_native,105500.0,unknown_object,0.2736,1042.53,423.95,1089.49,465.0,1927.8,46.96,41.05,1.144,False,,True,R-desk,22,evt_S-61_desk_work_surface_0004,1a7ffb919a00e5cd,lap_bag_context,no_pose_observation,34560.0,1.33,,1,cam12/e1/v1,
corpus_03,03.CCTV Mobile Usage.mkv,632de9ed55947761d56d4c6142a3cb1a1fe69d0b1a6d0e01a2e404c697962623,rf_detr_native,105500.0,unknown_object,0.2571,981.32,408.14,1117.26,473.52,8886.4,135.94,65.37,2.079,False,,True,R-desk,22,evt_S-61_desk_work_surface_0004,1a7ffb919a00e5cd,lap_bag_context,no_pose_observation,34560.0,1.33,,1,cam12/e1/v1,
corpus_03,03.CCTV Mobile Usage.mkv,632de9ed55947761d56d4c6142a3cb1a1fe69d0b1a6d0e01a2e404c697962623,rf_detr_native,105500.0,unknown_object,0.844,960.97,452.35,1056.58,479.95,2638.6,95.61,27.6,3.465,False,,True,R-desk,21,evt_S-61_desk_work_surface_0004,1a7ffb919a00e5cd,lap_bag_context,no_pose_observation,34560.0,1.33,,1,cam12/e1/v1,
corpus_03,03.CCTV Mobile Usage.mkv,632de9ed55947761d56d4c6142a3cb1a1fe69d0b1a6d0e01a2e404c697962623,rf_detr_native,105500.0,unknown_object,0.6831,1043.09,423.53,1111.64,473.51,3426.3,68.55,49.98,1.371,False,,True,R-desk,21,evt_S-61_desk_work_surface_0004,1a7ffb919a00e5cd,lap_bag_context,no_pose_observation,34560.0,1.33,,1,cam12/e1/v1,
corpus_03,03.CCTV Mobile Usage.mkv,632de9ed55947761d56d4c6142a3cb1a1fe69d0b1a6d0e01a2e404c697962623,rf_detr_native,105500.0,unknown_object,0.413,864.33,413.29,892.62,438.24,705.7,28.29,24.95,1.134,False,,True,R-desk,21,evt_S-61_desk_work_surface_0004,1a7ffb919a00e5cd,lap_bag_context,no_pose_observation,34560.0,1.33,,1,cam12/e1/v1,
corpus_03,03.CCTV Mobile Usage.mkv,632de9ed55947761d56d4c6142a3cb1a1fe69d0b1a6d0e01a2e404c697962623,rf_detr_native,105500.0,unknown_object,0.3967,821.03,408.04,865.88,420.67,566.4,44.85,12.63,3.552,False,,True,R-desk,21,evt_S-61_desk_work_surface_0004,1a7ffb919a00e5cd,lap_bag_context,no_pose_observation,34560.0,1.33,,1,cam12/e1/v1,
corpus_03,03.CCTV Mobile Usage.mkv,632de9ed55947761d56d4c6142a3cb1a1fe69d0b1a6d0e01a2e404c697962623,rf_detr_native,105500.0,unknown_object,0.2736,1042.53,423.95,1089.49,465.0,1927.8,46.96,41.05,1.144,False,,True,R-desk,21,evt_S-61_desk_work_surface_0004,1a7ffb919a00e5cd,lap_bag_context,no_pose_observation,34560.0,1.33,,1,cam12/e1/v1,
corpus_03,03.CCTV Mobile Usage.mkv,632de9ed55947761d56d4c6142a3cb1a1fe69d0b1a6d0e01a2e404c697962623,rf_detr_native,105500.0,unknown_object,0.2571,981.32,408.14,1117.26,473.52,8886.4,135.94,65.37,2.079,False,,True,R-desk,21,evt_S-61_desk_work_surface_0004,1a7ffb919a00e5cd,lap_bag_context,no_pose_observation,34560.0,1.33,,1,cam12/e1/v1,
corpus_03,03.CCTV Mobile Usage.mkv,632de9ed55947761d56d4c6142a3cb1a1fe69d0b1a6d0e01a2e404c697962623,rf_detr_native,105500.0,monitor_or_bezel,0.279,0.44,313.0,212.55,561.0,52602.5,212.11,248.0,0.855,False,,True,S-61,17,evt_S-61_desk_work_surface_0004,6bfbb6244c115ab5,pose_hand_context,,54142.5,2.59,,1,cam12/e1/v1,rtmpose_baseline
corpus_03,03.CCTV Mobile Usage.mkv,632de9ed55947761d56d4c6142a3cb1a1fe69d0b1a6d0e01a2e404c697962623,rf_detr_native,105500.0,bag,0.2547,0.44,313.0,212.55,561.0,52602.5,212.11,248.0,0.855,False,,True,S-61,17,evt_S-61_desk_work_surface_0004,6bfbb6244c115ab5,pose_hand_context,,54142.5,2.59,,1,cam12/e1/v1,rtmpose_baseline
corpus_03,03.CCTV Mobile Usage.mkv,632de9ed55947761d56d4c6142a3cb1a1fe69d0b1a6d0e01a2e404c697962623,rf_detr_native,105500.0,unknown_object,0.8206,541.59,0.27,608.77,92.92,6224.0,67.18,92.65,0.725,False,,True,unattributed,23,evt_S-61_desk_work_surface_0004,e7e061d063d353a8,native_source_context_fallback,no_pose_observation,6388.9,6.87,,1,cam12/e1/v1,
corpus_03,03.CCTV Mobile Usage.mkv,632de9ed55947761d56d4c6142a3cb1a1fe69d0b1a6d0e01a2e404c697962623,rf_detr_native,105500.0,unknown_object,0.5106,541.98,51.37,574.2,86.38,1128.0,32.22,35.01,0.92,False,,True,unattributed,23,evt_S-61_desk_work_surface_0004,e7e061d063d353a8,native_source_context_fallback,no_pose_observation,6388.9,6.87,,1,cam12/e1/v1,
corpus_03,03.CCTV Mobile Usage.mkv,632de9ed55947761d56d4c6142a3cb1a1fe69d0b1a6d0e01a2e404c697962623,rf_detr_native,105500.0,unknown_object,0.3867,541.59,0.27,608.77,92.92,6224.0,67.18,92.65,0.725,False,,True,unattributed,23,evt_S-61_desk_work_surface_0004,e7e061d063d353a8,native_source_context_fallback,no_pose_observation,6388.9,6.87,,1,cam12/e1/v1,
corpus_03,03.CCTV Mobile Usage.mkv,632de9ed55947761d56d4c6142a3cb1a1fe69d0b1a6d0e01a2e404c697962623,rf_detr_native,106067.0,monitor_or_bezel,0.3478,815.02,8.0,843.72,44.22,1039.6,28.7,36.22,0.792,False,,True,unattributed,18,evt_S-61_upper_body_0018,031f56c00e7bc06c,native_source_context_fallback,wrist_confidence_below_floor,9410.0,6.59,,1,cam12/e1/v1,rtmpose_baseline
corpus_03,03.CCTV Mobile Usage.mkv,632de9ed55947761d56d4c6142a3cb1a1fe69d0b1a6d0e01a2e404c697962623,rf_detr_native,106067.0,unknown_object,0.857,960.93,452.38,1056.85,479.95,2644.5,95.92,27.57,3.479,False,,True,R-desk,21,evt_S-61_upper_body_0018,16beff7bd8032466,lap_bag_context,no_pose_observation,34560.0,1.33,,1,cam12/e1/v1,
corpus_03,03.CCTV Mobile Usage.mkv,632de9ed55947761d56d4c6142a3cb1a1fe69d0b1a6d0e01a2e404c697962623,rf_detr_native,106067.0,unknown_object,0.6788,1042.95,423.79,1111.74,473.12,3393.6,68.79,49.33,1.394,False,,True,R-desk,21,evt_S-61_upper_body_0018,16beff7bd8032466,lap_bag_context,no_pose_observation,34560.0,1.33,,1,cam12/e1/v1,
corpus_03,03.CCTV Mobile Usage.mkv,632de9ed55947761d56d4c6142a3cb1a1fe69d0b1a6d0e01a2e404c697962623,rf_detr_native,106067.0,unknown_object,0.4715,864.38,413.28,892.85,438.25,710.8,28.46,24.97,1.14,False,,True,R-desk,21,evt_S-61_upper_body_0018,16beff7bd8032466,lap_bag_context,no_pose_observation,34560.0,1.33,,1,cam12/e1/v1,
corpus_03,03.CCTV Mobile Usage.mkv,632de9ed55947761d56d4c6142a3cb1a1fe69d0b1a6d0e01a2e404c697962623,rf_detr_native,106067.0,unknown_object,0.4404,821.25,408.05,865.92,420.72,565.6,44.66,12.66,3.527,False,,True,R-desk,21,evt_S-61_upper_body_0018,16beff7bd8032466,lap_bag_context,no_pose_observation,34560.0,1.33,,1,cam12/e1/v1,
corpus_03,03.CCTV Mobile Usage.mkv,632de9ed55947761d56d4c6142a3cb1a1fe69d0b1a6d0e01a2e404c697962623,rf_detr_native,106067.0,unknown_object,0.3022,878.21,408.16,939.1,453.43,2756.3,60.89,45.27,1.345,False,,True,R-desk,21,evt_S-61_upper_body_0018,16beff7bd8032466,lap_bag_context,no_pose_observation,34560.0,1.33,,1,cam12/e1/v1,
corpus_03,03.CCTV Mobile Usage.mkv,632de9ed55947761d56d4c6142a3cb1a1fe69d0b1a6d0e01a2e404c697962623,rf_detr_native,106067.0,unknown_object,0.254,980.26,408.11,1116.69,473.43,8911.6,136.43,65.32,2.089,False,,True,R-desk,21,evt_S-61_upper_body_0018,16beff7bd8032466,lap_bag_context,no_pose_observation,34560.0,1.33,,1,cam12/e1/v1,
corpus_03,03.CCTV Mobile Usage.mkv,632de9ed55947761d56d4c6142a3cb1a1fe69d0b1a6d0e01a2e404c697962623,rf_detr_native,106067.0,unknown_object,0.7056,542.27,51.79,574.2,86.19,1098.5,31.93,34.4,0.928,False,,True,unattributed,23,evt_S-61_upper_body_0018,8df53ea7b81cf515,native_source_context_fallback,no_pose_observation,6568.5,7.0,,1,cam12/e1/v1,
corpus_03,03.CCTV Mobile Usage.mkv,632de9ed55947761d56d4c6142a3cb1a1fe69d0b1a6d0e01a2e404c697962623,rf_detr_native,106067.0,unknown_object,0.5239,542.23,0.83,610.18,91.0,6127.5,67.95,90.17,0.754,False,,True,unattributed,23,evt_S-61_upper_body_0018,8df53ea7b81cf515,native_source_context_fallback,no_pose_observation,6568.5,7.0,,1,cam12/e1/v1,
corpus_03,03.CCTV Mobile Usage.mkv,632de9ed55947761d56d4c6142a3cb1a1fe69d0b1a6d0e01a2e404c697962623,rf_detr_native,106500.0,unknown_object,0.7765,541.95,51.42,574.66,86.23,1138.6,32.71,34.81,0.94,False,,True,unattributed,23,evt_S-61_desk_work_surface_0004,039120638806876b,native_source_context_fallback,no_pose_observation,6585.3,6.74,,1,cam12/e1/v1,
corpus_03,03.CCTV Mobile Usage.mkv,632de9ed55947761d56d4c6142a3cb1a1fe69d0b1a6d0e01a2e404c697962623,rf_detr_native,106500.0,unknown_object,0.3877,541.97,0.47,609.43,95.0,6376.9,67.46,94.53,0.714,False,,True,unattributed,23,evt_S-61_desk_work_surface_0004,039120638806876b,native_source_context_fallback,no_pose_observation,6585.3,6.74,,1,cam12/e1/v1,
corpus_03,03.CCTV Mobile Usage.mkv,632de9ed55947761d56d4c6142a3cb1a1fe69d0b1a6d0e01a2e404c697962623,rf_detr_native,106500.0,unknown_object,0.2589,541.97,0.47,609.43,95.0,6376.9,67.46,94.53,0.714,False,,True,unattributed,23,evt_S-61_desk_work_surface_0004,039120638806876b,native_source_context_fallback,no_pose_observation,6585.3,6.74,,1,cam12/e1/v1,
corpus_03,03.CCTV Mobile Usage.mkv,632de9ed55947761d56d4c6142a3cb1a1fe69d0b1a6d0e01a2e404c697962623,rf_detr_native,106500.0,unknown_object,0.8415,960.6,452.34,1059.02,479.96,2718.8,98.42,27.62,3.563,False,,True,R-desk,21,evt_S-61_desk_work_surface_0004,5328ad095fb4cb28,lap_bag_context,wrist_confidence_below_floor,34560.0,1.33,,1,cam12/e1/v1,rtmpose_baseline
corpus_03,03.CCTV Mobile Usage.mkv,632de9ed55947761d56d4c6142a3cb1a1fe69d0b1a6d0e01a2e404c697962623,rf_detr_native,106500.0,unknown_object,0.6226,1043.36,423.75,1112.0,473.0,3381.0,68.64,49.25,1.394,False,,True,R-desk,21,evt_S-61_desk_work_surface_0004,5328ad095fb4cb28,lap_bag_context,wrist_confidence_below_floor,34560.0,1.33,,1,cam12/e1/v1,rtmpose_baseline
corpus_03,03.CCTV Mobile Usage.mkv,632de9ed55947761d56d4c6142a3cb1a1fe69d0b1a6d0e01a2e404c697962623,rf_detr_native,106500.0,unknown_object,0.4857,864.54,413.29,893.02,438.24,710.5,28.48,24.95,1.142,False,,True,R-desk,21,evt_S-61_desk_work_surface_0004,5328ad095fb4cb28,lap_bag_context,wrist_confidence_below_floor,34560.0,1.33,,1,cam12/e1/v1,rtmpose_baseline
corpus_03,03.CCTV Mobile Usage.mkv,632de9ed55947761d56d4c6142a3cb1a1fe69d0b1a6d0e01a2e404c697962623,rf_detr_native,106500.0,unknown_object,0.4499,821.28,408.05,866.0,420.73,567.2,44.73,12.68,3.527,False,,True,R-desk,21,evt_S-61_desk_work_surface_0004,5328ad095fb4cb28,lap_bag_context,wrist_confidence_below_floor,34560.0,1.33,,1,cam12/e1/v1,rtmpose_baseline
corpus_03,03.CCTV Mobile Usage.mkv,632de9ed55947761d56d4c6142a3cb1a1fe69d0b1a6d0e01a2e404c697962623,rf_detr_native,106500.0,unknown_object,0.3211,981.16,408.09,1114.82,473.15,8696.0,133.66,65.06,2.054,False,,True,R-desk,21,evt_S-61_desk_work_surface_0004,5328ad095fb4cb28,lap_bag_context,wrist_confidence_below_floor,34560.0,1.33,,1,cam12/e1/v1,rtmpose_baseline
corpus_03,03.CCTV Mobile Usage.mkv,632de9ed55947761d56d4c6142a3cb1a1fe69d0b1a6d0e01a2e404c697962623,rf_detr_native,106500.0,unknown_object,0.2659,879.85,408.24,939.19,453.44,2682.1,59.34,45.2,1.313,False,,True,R-desk,21,evt_S-61_desk_work_surface_0004,5328ad095fb4cb28,lap_bag_context,wrist_confidence_below_floor,34560.0,1.33,,1,cam12/e1/v1,rtmpose_baseline
corpus_03,03.CCTV Mobile Usage.mkv,632de9ed55947761d56d4c6142a3cb1a1fe69d0b1a6d0e01a2e404c697962623,rf_detr_native,106500.0,unknown_object,0.262,985.66,408.37,1089.71,467.9,6194.1,104.05,59.53,1.748,False,,True,R-desk,21,evt_S-61_desk_work_surface_0004,5328ad095fb4cb28,lap_bag_context,wrist_confidence_below_floor,34560.0,1.33,,1,cam12/e1/v1,rtmpose_baseline
corpus_03,03.CCTV Mobile Usage.mkv,632de9ed55947761d56d4c6142a3cb1a1fe69d0b1a6d0e01a2e404c697962623,rf_detr_native,106500.0,unknown_object,0.8415,960.6,452.34,1059.02,479.96,2718.8,98.42,27.62,3.563,False,,True,R-desk,22,evt_S-61_desk_work_surface_0004,5328ad095fb4cb28,lap_bag_context,wrist_confidence_below_floor,34560.0,1.33,,1,cam12/e1/v1,rtmpose_baseline
corpus_03,03.CCTV Mobile Usage.mkv,632de9ed55947761d56d4c6142a3cb1a1fe69d0b1a6d0e01a2e404c697962623,rf_detr_native,106500.0,unknown_object,0.6226,1043.36,423.75,1112.0,473.0,3381.0,68.64,49.25,1.394,False,,True,R-desk,22,evt_S-61_desk_work_surface_0004,5328ad095fb4cb28,lap_bag_context,wrist_confidence_below_floor,34560.0,1.33,,1,cam12/e1/v1,rtmpose_baseline
corpus_03,03.CCTV Mobile Usage.mkv,632de9ed55947761d56d4c6142a3cb1a1fe69d0b1a6d0e01a2e404c697962623,rf_detr_native,106500.0,unknown_object,0.4857,864.54,413.29,893.02,438.24,710.5,28.48,24.95,1.142,False,,True,R-desk,22,evt_S-61_desk_work_surface_0004,5328ad095fb4cb28,lap_bag_context,wrist_confidence_below_floor,34560.0,1.33,,1,cam12/e1/v1,rtmpose_baseline
corpus_03,03.CCTV Mobile Usage.mkv,632de9ed55947761d56d4c6142a3cb1a1fe69d0b1a6d0e01a2e404c697962623,rf_detr_native,106500.0,unknown_object,0.4499,821.28,408.05,866.0,420.73,567.2,44.73,12.68,3.527,False,,True,R-desk,22,evt_S-61_desk_work_surface_0004,5328ad095fb4cb28,lap_bag_context,wrist_confidence_below_floor,34560.0,1.33,,1,cam12/e1/v1,rtmpose_baseline
corpus_03,03.CCTV Mobile Usage.mkv,632de9ed55947761d56d4c6142a3cb1a1fe69d0b1a6d0e01a2e404c697962623,rf_detr_native,106500.0,unknown_object,0.3211,981.16,408.09,1114.82,473.15,8696.0,133.66,65.06,2.054,False,,True,R-desk,22,evt_S-61_desk_work_surface_0004,5328ad095fb4cb28,lap_bag_context,wrist_confidence_below_floor,34560.0,1.33,,1,cam12/e1/v1,rtmpose_baseline
corpus_03,03.CCTV Mobile Usage.mkv,632de9ed55947761d56d4c6142a3cb1a1fe69d0b1a6d0e01a2e404c697962623,rf_detr_native,106500.0,unknown_object,0.2659,879.85,408.24,939.19,453.44,2682.1,59.34,45.2,1.313,False,,True,R-desk,22,evt_S-61_desk_work_surface_0004,5328ad095fb4cb28,lap_bag_context,wrist_confidence_below_floor,34560.0,1.33,,1,cam12/e1/v1,rtmpose_baseline
corpus_03,03.CCTV Mobile Usage.mkv,632de9ed55947761d56d4c6142a3cb1a1fe69d0b1a6d0e01a2e404c697962623,rf_detr_native,106500.0,unknown_object,0.262,985.66,408.37,1089.71,467.9,6194.1,104.05,59.53,1.748,False,,True,R-desk,22,evt_S-61_desk_work_surface_0004,5328ad095fb4cb28,lap_bag_context,wrist_confidence_below_floor,34560.0,1.33,,1,cam12/e1/v1,rtmpose_baseline
corpus_03,03.CCTV Mobile Usage.mkv,632de9ed55947761d56d4c6142a3cb1a1fe69d0b1a6d0e01a2e404c697962623,rf_detr_native,106500.0,phone,0.3673,172.58,438.19,218.0,488.71,2294.7,45.42,50.52,0.899,False,,True,S-61,17,evt_S-61_desk_work_surface_0004,e3bab5cb105d4b75,pose_hand_context,,53066.1,2.63,,1,cam12/e1/v1,rtmpose_baseline
corpus_03,03.CCTV Mobile Usage.mkv,632de9ed55947761d56d4c6142a3cb1a1fe69d0b1a6d0e01a2e404c697962623,rf_detr_native,107500.0,monitor_or_bezel,0.3772,0.51,316.07,207.27,558.0,50021.8,206.77,241.93,0.855,False,,True,S-61,17,evt_S-61_desk_work_surface_0004,061504b531fc9201,pose_hand_context,,52253.4,2.65,,1,cam12/e1/v1,rtmpose_baseline
corpus_03,03.CCTV Mobile Usage.mkv,632de9ed55947761d56d4c6142a3cb1a1fe69d0b1a6d0e01a2e404c697962623,rf_detr_native,107500.0,unknown_object,0.3231,111.97,455.23,184.57,529.83,5415.6,72.6,74.6,0.973,False,,True,S-61,17,evt_S-61_desk_work_surface_0004,061504b531fc9201,pose_hand_context,,52253.4,2.65,,1,cam12/e1/v1,rtmpose_baseline
corpus_03,03.CCTV Mobile Usage.mkv,632de9ed55947761d56d4c6142a3cb1a1fe69d0b1a6d0e01a2e404c697962623,rf_detr_native,107500.0,unknown_object,0.3231,47.35,449.61,186.13,532.88,11556.3,138.78,83.27,1.667,False,,True,S-61,17,evt_S-61_desk_work_surface_0004,061504b531fc9201,pose_hand_context,,52253.4,2.65,,1,cam12/e1/v1,rtmpose_baseline
corpus_03,03.CCTV Mobile Usage.mkv,632de9ed55947761d56d4c6142a3cb1a1fe69d0b1a6d0e01a2e404c697962623,rf_detr_native,107500.0,monitor_or_bezel,0.2823,0.18,316.0,191.86,558.0,46388.2,191.69,242.0,0.792,False,,True,S-61,17,evt_S-61_desk_work_surface_0004,061504b531fc9201,pose_hand_context,,52253.4,2.65,,1,cam12/e1/v1,rtmpose_baseline
corpus_03,03.CCTV Mobile Usage.mkv,632de9ed55947761d56d4c6142a3cb1a1fe69d0b1a6d0e01a2e404c697962623,rf_detr_native,107500.0,bag,0.272,0.51,316.07,207.27,558.0,50021.8,206.77,241.93,0.855,False,,True,S-61,17,evt_S-61_desk_work_surface_0004,061504b531fc9201,pose_hand_context,,52253.4,2.65,,1,cam12/e1/v1,rtmpose_baseline
corpus_03,03.CCTV Mobile Usage.mkv,632de9ed55947761d56d4c6142a3cb1a1fe69d0b1a6d0e01a2e404c697962623,rf_detr_native,107500.0,unknown_object,0.2632,20.15,316.04,148.32,427.56,14294.5,128.17,111.53,1.149,False,,True,S-61,17,evt_S-61_desk_work_surface_0004,061504b531fc9201,pose_hand_context,,52253.4,2.65,,1,cam12/e1/v1,rtmpose_baseline
corpus_03,03.CCTV Mobile Usage.mkv,632de9ed55947761d56d4c6142a3cb1a1fe69d0b1a6d0e01a2e404c697962623,rf_detr_native,107500.0,unknown_object,0.2576,20.61,316.07,110.26,384.46,6130.6,89.65,68.38,1.311,False,,True,S-61,17,evt_S-61_desk_work_surface_0004,061504b531fc9201,pose_hand_context,,52253.4,2.65,,1,cam12/e1/v1,rtmpose_baseline
corpus_03,03.CCTV Mobile Usage.mkv,632de9ed55947761d56d4c6142a3cb1a1fe69d0b1a6d0e01a2e404c697962623,rf_detr_native,107500.0,phone,0.2509,161.18,438.53,185.14,474.28,856.8,23.96,35.76,0.67,False,,True,S-61,17,evt_S-61_desk_work_surface_0004,061504b531fc9201,pose_hand_context,,52253.4,2.65,,1,cam12/e1/v1,rtmpose_baseline
corpus_03,03.CCTV Mobile Usage.mkv,632de9ed55947761d56d4c6142a3cb1a1fe69d0b1a6d0e01a2e404c697962623,rf_detr_native,107500.0,unknown_object,0.4954,815.24,7.83,911.95,104.65,9362.8,96.71,96.81,0.999,False,,True,unattributed,18,evt_S-61_desk_work_surface_0004,0633178326796df2,native_source_context_fallback,wrist_confidence_below_floor,9535.1,6.51,,1,cam12/e1/v1,rtmpose_baseline
corpus_03,03.CCTV Mobile Usage.mkv,632de9ed55947761d56d4c6142a3cb1a1fe69d0b1a6d0e01a2e404c697962623,rf_detr_native,107500.0,unknown_object,0.2714,830.82,85.8,912.0,105.0,1558.5,81.18,19.2,4.229,False,,True,unattributed,18,evt_S-61_desk_work_surface_0004,0633178326796df2,native_source_context_fallback,wrist_confidence_below_floor,9535.1,6.51,,1,cam12/e1/v1,rtmpose_baseline
corpus_03,03.CCTV Mobile Usage.mkv,632de9ed55947761d56d4c6142a3cb1a1fe69d0b1a6d0e01a2e404c697962623,rf_detr_native,107500.0,unknown_object,0.9339,546.05,51.93,573.94,85.96,949.3,27.89,34.03,0.82,False,,True,unattributed,23,evt_S-61_desk_work_surface_0004,07dc176ad9cb3fb4,native_source_context_fallback,no_pose_observation,5535.3,7.42,,1,cam12/e1/v1,
corpus_03,03.CCTV Mobile Usage.mkv,632de9ed55947761d56d4c6142a3cb1a1fe69d0b1a6d0e01a2e404c697962623,rf_detr_native,107500.0,unknown_object,0.4943,546.0,1.07,609.92,86.99,5492.2,63.92,85.92,0.744,False,,True,unattributed,23,evt_S-61_desk_work_surface_0004,07dc176ad9cb3fb4,native_source_context_fallback,no_pose_observation,5535.3,7.42,,1,cam12/e1/v1,
corpus_03,03.CCTV Mobile Usage.mkv,632de9ed55947761d56d4c6142a3cb1a1fe69d0b1a6d0e01a2e404c697962623,rf_detr_native,107500.0,unknown_object,0.8357,960.34,452.32,1060.99,479.96,2781.7,100.65,27.64,3.641,False,,True,R-desk,21,evt_S-61_desk_work_surface_0004,bdac2b57433fb1af,lap_bag_context,wrist_confidence_below_floor,34560.0,1.33,,1,cam12/e1/v1,rtmpose_baseline
corpus_03,03.CCTV Mobile Usage.mkv,632de9ed55947761d56d4c6142a3cb1a1fe69d0b1a6d0e01a2e404c697962623,rf_detr_native,107500.0,unknown_object,0.6368,1043.47,423.62,1112.21,472.86,3384.7,68.74,49.24,1.396,False,,True,R-desk,21,evt_S-61_desk_work_surface_0004,bdac2b57433fb1af,lap_bag_context,wrist_confidence_below_floor,34560.0,1.33,,1,cam12/e1/v1,rtmpose_baseline
corpus_03,03.CCTV Mobile Usage.mkv,632de9ed55947761d56d4c6142a3cb1a1fe69d0b1a6d0e01a2e404c697962623,rf_detr_native,107500.0,unknown_object,0.4712,864.55,413.26,893.06,438.33,714.6,28.51,25.07,1.137,False,,True,R-desk,21,evt_S-61_desk_work_surface_0004,bdac2b57433fb1af,lap_bag_context,wrist_confidence_below_floor,34560.0,1.33,,1,cam12/e1/v1,rtmpose_baseline
corpus_03,03.CCTV Mobile Usage.mkv,632de9ed55947761d56d4c6142a3cb1a1fe69d0b1a6d0e01a2e404c697962623,rf_detr_native,107500.0,unknown_object,0.4422,821.25,408.04,865.99,420.81,571.0,44.73,12.76,3.504,False,,True,R-desk,21,evt_S-61_desk_work_surface_0004,bdac2b57433fb1af,lap_bag_context,wrist_confidence_below_floor,34560.0,1.33,,1,cam12/e1/v1,rtmpose_baseline
corpus_03,03.CCTV Mobile Usage.mkv,632de9ed55947761d56d4c6142a3cb1a1fe69d0b1a6d0e01a2e404c697962623,rf_detr_native,107500.0,unknown_object,0.4222,983.0,408.03,1116.95,473.57,8779.4,133.95,65.54,2.044,False,,True,R-desk,21,evt_S-61_desk_work_surface_0004,bdac2b57433fb1af,lap_bag_context,wrist_confidence_below_floor,34560.0,1.33,,1,cam12/e1/v1,rtmpose_baseline
corpus_03,03.CCTV Mobile Usage.mkv,632de9ed55947761d56d4c6142a3cb1a1fe69d0b1a6d0e01a2e404c697962623,rf_detr_native,107500.0,unknown_object,0.2897,879.83,408.21,939.05,453.49,2681.4,59.22,45.28,1.308,False,,True,R-desk,21,evt_S-61_desk_work_surface_0004,bdac2b57433fb1af,lap_bag_context,wrist_confidence_below_floor,34560.0,1.33,,1,cam12/e1/v1,rtmpose_baseline
corpus_03,03.CCTV Mobile Usage.mkv,632de9ed55947761d56d4c6142a3cb1a1fe69d0b1a6d0e01a2e404c697962623,rf_detr_native,107500.0,unknown_object,0.8357,960.34,452.32,1060.99,479.96,2781.7,100.65,27.64,3.641,False,,True,R-desk,22,evt_S-61_desk_work_surface_0004,bdac2b57433fb1af,lap_bag_context,wrist_confidence_below_floor,34560.0,1.33,,1,cam12/e1/v1,rtmpose_baseline
corpus_03,03.CCTV Mobile Usage.mkv,632de9ed55947761d56d4c6142a3cb1a1fe69d0b1a6d0e01a2e404c697962623,rf_detr_native,107500.0,unknown_object,0.6368,1043.47,423.62,1112.21,472.86,3384.7,68.74,49.24,1.396,False,,True,R-desk,22,evt_S-61_desk_work_surface_0004,bdac2b57433fb1af,lap_bag_context,wrist_confidence_below_floor,34560.0,1.33,,1,cam12/e1/v1,rtmpose_baseline
corpus_03,03.CCTV Mobile Usage.mkv,632de9ed55947761d56d4c6142a3cb1a1fe69d0b1a6d0e01a2e404c697962623,rf_detr_native,107500.0,unknown_object,0.4712,864.55,413.26,893.06,438.33,714.6,28.51,25.07,1.137,False,,True,R-desk,22,evt_S-61_desk_work_surface_0004,bdac2b57433fb1af,lap_bag_context,wrist_confidence_below_floor,34560.0,1.33,,1,cam12/e1/v1,rtmpose_baseline
corpus_03,03.CCTV Mobile Usage.mkv,632de9ed55947761d56d4c6142a3cb1a1fe69d0b1a6d0e01a2e404c697962623,rf_detr_native,107500.0,unknown_object,0.4422,821.25,408.04,865.99,420.81,571.0,44.73,12.76,3.504,False,,True,R-desk,22,evt_S-61_desk_work_surface_0004,bdac2b57433fb1af,lap_bag_context,wrist_confidence_below_floor,34560.0,1.33,,1,cam12/e1/v1,rtmpose_baseline
corpus_03,03.CCTV Mobile Usage.mkv,632de9ed55947761d56d4c6142a3cb1a1fe69d0b1a6d0e01a2e404c697962623,rf_detr_native,107500.0,unknown_object,0.4222,983.0,408.03,1116.95,473.57,8779.4,133.95,65.54,2.044,False,,True,R-desk,22,evt_S-61_desk_work_surface_0004,bdac2b57433fb1af,lap_bag_context,wrist_confidence_below_floor,34560.0,1.33,,1,cam12/e1/v1,rtmpose_baseline
corpus_03,03.CCTV Mobile Usage.mkv,632de9ed55947761d56d4c6142a3cb1a1fe69d0b1a6d0e01a2e404c697962623,rf_detr_native,107500.0,unknown_object,0.2897,879.83,408.21,939.05,453.49,2681.4,59.22,45.28,1.308,False,,True,R-desk,22,evt_S-61_desk_work_surface_0004,bdac2b57433fb1af,lap_bag_context,wrist_confidence_below_floor,34560.0,1.33,,1,cam12/e1/v1,rtmpose_baseline
corpus_03,03.CCTV Mobile Usage.mkv,632de9ed55947761d56d4c6142a3cb1a1fe69d0b1a6d0e01a2e404c697962623,rf_detr_native,112100.0,bag,0.2598,838.85,0.04,909.81,92.48,6559.5,70.96,92.43,0.768,False,,True,unattributed,26,evt_S-61_upper_body_0019,2eaedc89c6a0012a,native_source_context_fallback,no_pose_observation,7016.6,6.81,,1,cam12/e1/v1,
corpus_03,03.CCTV Mobile Usage.mkv,632de9ed55947761d56d4c6142a3cb1a1fe69d0b1a6d0e01a2e404c697962623,rf_detr_native,112100.0,mouse,0.443,39.96,450.55,72.26,472.98,724.7,32.3,22.44,1.44,False,,True,S-61,25,evt_S-61_upper_body_0019,c56edce7ca7440a5,pose_hand_context,,53613.8,2.6,,1,cam12/e1/v1,rtmpose_baseline
corpus_03,03.CCTV Mobile Usage.mkv,632de9ed55947761d56d4c6142a3cb1a1fe69d0b1a6d0e01a2e404c697962623,rf_detr_native,113100.0,monitor_or_bezel,0.3938,0.0,342.93,190.7,555.0,40441.2,190.7,212.07,0.899,False,,True,S-61,25,evt_S-61_upper_body_0019,fc7dfd92575d2bcd,pose_hand_context,,49709.5,2.73,,1,cam12/e1/v1,rtmpose_baseline
corpus_03,03.CCTV Mobile Usage.mkv,632de9ed55947761d56d4c6142a3cb1a1fe69d0b1a6d0e01a2e404c697962623,rf_detr_native,113100.0,monitor_or_bezel,0.3725,0.4,320.0,211.0,554.89,49467.7,210.6,234.89,0.897,False,,True,S-61,25,evt_S-61_upper_body_0019,fc7dfd92575d2bcd,pose_hand_context,,49709.5,2.73,,1,cam12/e1/v1,rtmpose_baseline
corpus_03,03.CCTV Mobile Usage.mkv,632de9ed55947761d56d4c6142a3cb1a1fe69d0b1a6d0e01a2e404c697962623,rf_detr_native,113100.0,unknown_object,0.2946,19.51,320.0,149.26,427.17,13905.9,129.75,107.17,1.211,False,,True,S-61,25,evt_S-61_upper_body_0019,fc7dfd92575d2bcd,pose_hand_context,,49709.5,2.73,,1,cam12/e1/v1,rtmpose_baseline
corpus_03,03.CCTV Mobile Usage.mkv,632de9ed55947761d56d4c6142a3cb1a1fe69d0b1a6d0e01a2e404c697962623,rf_detr_native,113100.0,unknown_object,0.2822,112.88,320.1,173.48,399.39,4805.1,60.6,79.3,0.764,False,,True,S-61,25,evt_S-61_upper_body_0019,fc7dfd92575d2bcd,pose_hand_context,,49709.5,2.73,,1,cam12/e1/v1,rtmpose_baseline
corpus_03,03.CCTV Mobile Usage.mkv,632de9ed55947761d56d4c6142a3cb1a1fe69d0b1a6d0e01a2e404c697962623,rf_detr_native,113100.0,mouse,0.2597,40.75,451.41,70.94,472.93,649.6,30.19,21.52,1.403,False,,True,S-61,25,evt_S-61_upper_body_0019,fc7dfd92575d2bcd,pose_hand_context,,49709.5,2.73,,1,cam12/e1/v1,rtmpose_baseline
corpus_03,03.CCTV Mobile Usage.mkv,632de9ed55947761d56d4c6142a3cb1a1fe69d0b1a6d0e01a2e404c697962623,rf_detr_native,114100.0,mouse,0.5553,40.53,449.48,76.28,473.88,872.1,35.75,24.39,1.465,False,,True,S-61,25,evt_S-61_upper_body_0019,c99a5c8067dd97f6,pose_hand_context,,37923.7,3.26,,1,cam12/e1/v1,rtmpose_baseline
corpus_03,03.CCTV Mobile Usage.mkv,632de9ed55947761d56d4c6142a3cb1a1fe69d0b1a6d0e01a2e404c697962623,rf_detr_native,114100.0,unknown_object,0.3149,112.04,454.05,180.07,522.7,4670.3,68.03,68.65,0.991,False,,True,S-61,25,evt_S-61_upper_body_0019,c99a5c8067dd97f6,pose_hand_context,,37923.7,3.26,,1,cam12/e1/v1,rtmpose_baseline
corpus_03,03.CCTV Mobile Usage.mkv,632de9ed55947761d56d4c6142a3cb1a1fe69d0b1a6d0e01a2e404c697962623,rf_detr_native,114100.0,mouse,0.2615,40.66,448.18,102.44,473.71,1577.2,61.78,25.53,2.42,False,,True,S-61,25,evt_S-61_upper_body_0019,c99a5c8067dd97f6,pose_hand_context,,37923.7,3.26,,1,cam12/e1/v1,rtmpose_baseline
corpus_03,03.CCTV Mobile Usage.mkv,632de9ed55947761d56d4c6142a3cb1a1fe69d0b1a6d0e01a2e404c697962623,rf_detr_native,115100.0,unknown_object,0.301,112.96,454.32,178.46,522.37,4456.6,65.5,68.04,0.963,False,,True,S-61,25,evt_S-61_upper_body_0019,da9caebcc70585aa,pose_hand_context,,41624.2,3.14,,1,cam12/e1/v1,rtmpose_baseline
corpus_03,03.CCTV Mobile Usage.mkv,632de9ed55947761d56d4c6142a3cb1a1fe69d0b1a6d0e01a2e404c697962623,rf_detr_native,116900.0,bag,0.5833,7.04,250.04,108.87,356.62,10853.2,101.83,106.58,0.955,False,,True,S-61,27,evt_S-61_desk_work_surface_0005,a3458d5ce9213834,pose_hand_context,,46742.4,2.96,,1,cam12/e1/v1,rtmpose_baseline
corpus_03,03.CCTV Mobile Usage.mkv,632de9ed55947761d56d4c6142a3cb1a1fe69d0b1a6d0e01a2e404c697962623,rf_detr_native,117900.0,monitor_or_bezel,0.4734,116.45,496.0,311.0,691.0,37937.3,194.55,195.0,0.998,False,,True,S-61,27,evt_S-61_desk_work_surface_0005,89ee27bf194e6394,pose_hand_context,,38064.0,3.28,,1,cam12/e1/v1,rtmpose_baseline
corpus_03,03.CCTV Mobile Usage.mkv,632de9ed55947761d56d4c6142a3cb1a1fe69d0b1a6d0e01a2e404c697962623,rf_detr_native,118900.0,unknown_object,0.3987,152.05,459.37,371.96,679.9,48496.2,219.91,220.53,0.997,False,,True,S-61,27,evt_S-61_desk_work_surface_0005,2697210375e77d5c,pose_hand_context,,48514.5,2.91,,1,cam12/e1/v1,rtmpose_baseline
corpus_03,03.CCTV Mobile Usage.mkv,632de9ed55947761d56d4c6142a3cb1a1fe69d0b1a6d0e01a2e404c697962623,rf_detr_native,118900.0,unknown_object,0.2877,152.05,459.37,371.96,679.9,48496.2,219.91,220.53,0.997,False,,True,S-61,27,evt_S-61_desk_work_surface_0005,2697210375e77d5c,pose_hand_context,,48514.5,2.91,,1,cam12/e1/v1,rtmpose_baseline
corpus_03,03.CCTV Mobile Usage.mkv,632de9ed55947761d56d4c6142a3cb1a1fe69d0b1a6d0e01a2e404c697962623,rf_detr_native,119900.0,unknown_object,0.3375,166.71,444.74,203.97,488.69,1637.6,37.26,43.95,0.848,False,,True,S-61,27,evt_S-61_desk_work_surface_0005,0c194ca6c838fcb4,pose_hand_context,,52413.5,2.8,,1,cam12/e1/v1,rtmpose_baseline
corpus_03,03.CCTV Mobile Usage.mkv,632de9ed55947761d56d4c6142a3cb1a1fe69d0b1a6d0e01a2e404c697962623,rf_detr_native,119900.0,unknown_object,0.2901,31.22,312.0,108.89,381.81,5422.2,77.67,69.81,1.112,False,,True,S-61,27,evt_S-61_desk_work_surface_0005,0c194ca6c838fcb4,pose_hand_context,,52413.5,2.8,,1,cam12/e1/v1,rtmpose_baseline
corpus_03,03.CCTV Mobile Usage.mkv,632de9ed55947761d56d4c6142a3cb1a1fe69d0b1a6d0e01a2e404c697962623,rf_detr_native,120900.0,unknown_object,0.3982,70.25,306.05,175.69,415.29,11517.5,105.44,109.24,0.965,False,,True,S-61,27,evt_S-61_desk_work_surface_0005,11de1f78939503ad,pose_hand_context,,53683.3,2.71,,1,cam12/e1/v1,rtmpose_baseline
corpus_03,03.CCTV Mobile Usage.mkv,632de9ed55947761d56d4c6142a3cb1a1fe69d0b1a6d0e01a2e404c697962623,rf_detr_native,120900.0,unknown_object,0.3017,11.78,306.15,176.27,414.05,17747.2,164.48,107.9,1.524,False,,True,S-61,27,evt_S-61_desk_work_surface_0005,11de1f78939503ad,pose_hand_context,,53683.3,2.71,,1,cam12/e1/v1,rtmpose_baseline
corpus_03,03.CCTV Mobile Usage.mkv,632de9ed55947761d56d4c6142a3cb1a1fe69d0b1a6d0e01a2e404c697962623,rf_detr_native,120900.0,unknown_object,0.3015,14.18,306.0,109.86,381.79,7251.6,95.69,75.79,1.263,False,,True,S-61,27,evt_S-61_desk_work_surface_0005,11de1f78939503ad,pose_hand_context,,53683.3,2.71,,1,cam12/e1/v1,rtmpose_baseline
corpus_03,03.CCTV Mobile Usage.mkv,632de9ed55947761d56d4c6142a3cb1a1fe69d0b1a6d0e01a2e404c697962623,rf_detr_native,121900.0,mouse,0.4864,40.02,445.39,70.12,472.6,819.1,30.11,27.21,1.107,False,,True,S-61,27,evt_S-61_desk_work_surface_0005,c1251c880eb77e62,pose_hand_context,,51252.1,2.67,,1,cam12/e1/v1,rtmpose_baseline
corpus_03,03.CCTV Mobile Usage.mkv,632de9ed55947761d56d4c6142a3cb1a1fe69d0b1a6d0e01a2e404c697962623,rf_detr_native,121900.0,unknown_object,0.3629,21.02,320.25,173.73,427.31,16349.7,152.71,107.06,1.426,False,,True,S-61,27,evt_S-61_desk_work_surface_0005,c1251c880eb77e62,pose_hand_context,,51252.1,2.67,,1,cam12/e1/v1,rtmpose_baseline
corpus_03,03.CCTV Mobile Usage.mkv,632de9ed55947761d56d4c6142a3cb1a1fe69d0b1a6d0e01a2e404c697962623,rf_detr_native,121900.0,unknown_object,0.3557,52.6,435.78,185.36,524.62,11796.0,132.77,88.85,1.494,False,,True,S-61,27,evt_S-61_desk_work_surface_0005,c1251c880eb77e62,pose_hand_context,,51252.1,2.67,,1,cam12/e1/v1,rtmpose_baseline
corpus_03,03.CCTV Mobile Usage.mkv,632de9ed55947761d56d4c6142a3cb1a1fe69d0b1a6d0e01a2e404c697962623,rf_detr_native,123300.0,mouse,0.555,40.71,450.69,69.28,471.95,607.2,28.57,21.25,1.344,False,,True,S-61,28,evt_S-61_desk_work_surface_0006,f267303709494a37,pose_hand_context,,50814.9,2.69,,1,cam12/e1/v1,rtmpose_baseline
corpus_03,03.CCTV Mobile Usage.mkv,632de9ed55947761d56d4c6142a3cb1a1fe69d0b1a6d0e01a2e404c697962623,rf_detr_native,123300.0,phone,0.3169,179.9,435.15,199.5,465.93,603.2,19.6,30.78,0.637,False,,True,S-61,28,evt_S-61_desk_work_surface_0006,f267303709494a37,pose_hand_context,,50814.9,2.69,,1,cam12/e1/v1,rtmpose_baseline
corpus_03,03.CCTV Mobile Usage.mkv,632de9ed55947761d56d4c6142a3cb1a1fe69d0b1a6d0e01a2e404c697962623,rf_detr_native,123300.0,unknown_object,0.2969,62.74,435.81,178.32,512.55,8869.8,115.58,76.74,1.506,False,,True,S-61,28,evt_S-61_desk_work_surface_0006,f267303709494a37,pose_hand_context,,50814.9,2.69,,1,cam12/e1/v1,rtmpose_baseline
corpus_03,03.CCTV Mobile Usage.mkv,632de9ed55947761d56d4c6142a3cb1a1fe69d0b1a6d0e01a2e404c697962623,rf_detr_native,123300.0,unknown_object,0.2788,19.46,323.06,150.65,430.25,14061.6,131.18,107.19,1.224,False,,True,S-61,28,evt_S-61_desk_work_surface_0006,f267303709494a37,pose_hand_context,,50814.9,2.69,,1,cam12/e1/v1,rtmpose_baseline
corpus_03,03.CCTV Mobile Usage.mkv,632de9ed55947761d56d4c6142a3cb1a1fe69d0b1a6d0e01a2e404c697962623,rf_detr_native,123300.0,unknown_object,0.2735,20.71,323.0,149.04,429.98,13729.4,128.33,106.98,1.2,False,,True,S-61,28,evt_S-61_desk_work_surface_0006,f267303709494a37,pose_hand_context,,50814.9,2.69,,1,cam12/e1/v1,rtmpose_baseline
corpus_03,03.CCTV Mobile Usage.mkv,632de9ed55947761d56d4c6142a3cb1a1fe69d0b1a6d0e01a2e404c697962623,rf_detr_native,123300.0,unknown_object,0.2592,41.18,435.43,180.7,527.8,12886.7,139.51,92.37,1.51,False,,True,S-61,28,evt_S-61_desk_work_surface_0006,f267303709494a37,pose_hand_context,,50814.9,2.69,,1,cam12/e1/v1,rtmpose_baseline
corpus_03,03.CCTV Mobile Usage.mkv,632de9ed55947761d56d4c6142a3cb1a1fe69d0b1a6d0e01a2e404c697962623,rf_detr_native,123300.0,unknown_object,0.2538,21.87,323.0,111.12,381.2,5194.2,89.25,58.2,1.534,False,,True,S-61,28,evt_S-61_desk_work_surface_0006,f267303709494a37,pose_hand_context,,50814.9,2.69,,1,cam12/e1/v1,rtmpose_baseline
corpus_03,03.CCTV Mobile Usage.mkv,632de9ed55947761d56d4c6142a3cb1a1fe69d0b1a6d0e01a2e404c697962623,rf_detr_native,123867.0,phone,0.4869,177.1,433.3,204.37,467.7,938.1,27.28,34.39,0.793,False,,True,S-61,28,evt_S-61_upper_body_0021,c59b0187c26444f7,pose_hand_context,,59487.2,2.62,,1,cam12/e1/v1,rtmpose_baseline
corpus_03,03.CCTV Mobile Usage.mkv,632de9ed55947761d56d4c6142a3cb1a1fe69d0b1a6d0e01a2e404c697962623,rf_detr_native,123867.0,unknown_object,0.3815,98.0,437.27,175.9,506.65,5405.2,77.9,69.38,1.123,False,,True,S-61,28,evt_S-61_upper_body_0021,c59b0187c26444f7,pose_hand_context,,59487.2,2.62,,1,cam12/e1/v1,rtmpose_baseline
corpus_03,03.CCTV Mobile Usage.mkv,632de9ed55947761d56d4c6142a3cb1a1fe69d0b1a6d0e01a2e404c697962623,rf_detr_native,123867.0,phone,0.366,172.89,421.25,204.27,467.57,1454.0,31.39,46.32,0.678,False,,True,S-61,28,evt_S-61_upper_body_0021,c59b0187c26444f7,pose_hand_context,,59487.2,2.62,,1,cam12/e1/v1,rtmpose_baseline
corpus_03,03.CCTV Mobile Usage.mkv,632de9ed55947761d56d4c6142a3cb1a1fe69d0b1a6d0e01a2e404c697962623,rf_detr_native,123867.0,unknown_object,0.2999,98.0,379.8,151.62,439.29,3189.6,53.62,59.48,0.901,False,,True,S-61,28,evt_S-61_upper_body_0021,c59b0187c26444f7,pose_hand_context,,59487.2,2.62,,1,cam12/e1/v1,rtmpose_baseline
corpus_03,03.CCTV Mobile Usage.mkv,632de9ed55947761d56d4c6142a3cb1a1fe69d0b1a6d0e01a2e404c697962623,rf_detr_native,123867.0,unknown_object,0.2807,136.38,492.76,177.87,521.24,1181.4,41.49,28.47,1.457,False,,True,S-61,28,evt_S-61_upper_body_0021,c59b0187c26444f7,pose_hand_context,,59487.2,2.62,,1,cam12/e1/v1,rtmpose_baseline
corpus_03,03.CCTV Mobile Usage.mkv,632de9ed55947761d56d4c6142a3cb1a1fe69d0b1a6d0e01a2e404c697962623,rf_detr_native,123867.0,unknown_object,0.2628,98.0,437.25,179.8,524.78,7160.4,81.8,87.53,0.935,False,,True,S-61,28,evt_S-61_upper_body_0021,c59b0187c26444f7,pose_hand_context,,59487.2,2.62,,1,cam12/e1/v1,rtmpose_baseline
corpus_03,03.CCTV Mobile Usage.mkv,632de9ed55947761d56d4c6142a3cb1a1fe69d0b1a6d0e01a2e404c697962623,rf_detr_native,124300.0,unknown_object,0.8534,960.87,452.26,1056.52,479.94,2647.6,95.65,27.68,3.456,False,,True,R-desk,29,evt_S-61_desk_work_surface_0006,3f231be20d60b9e1,lap_bag_context,no_pose_observation,34560.0,1.33,,1,cam12/e1/v1,
corpus_03,03.CCTV Mobile Usage.mkv,632de9ed55947761d56d4c6142a3cb1a1fe69d0b1a6d0e01a2e404c697962623,rf_detr_native,124300.0,unknown_object,0.7651,1043.14,422.73,1112.23,473.31,3494.6,69.09,50.58,1.366,False,,True,R-desk,29,evt_S-61_desk_work_surface_0006,3f231be20d60b9e1,lap_bag_context,no_pose_observation,34560.0,1.33,,1,cam12/e1/v1,
corpus_03,03.CCTV Mobile Usage.mkv,632de9ed55947761d56d4c6142a3cb1a1fe69d0b1a6d0e01a2e404c697962623,rf_detr_native,124300.0,unknown_object,0.4487,864.08,413.19,893.01,438.31,726.5,28.92,25.12,1.152,False,,True,R-desk,29,evt_S-61_desk_work_surface_0006,3f231be20d60b9e1,lap_bag_context,no_pose_observation,34560.0,1.33,,1,cam12/e1/v1,
corpus_03,03.CCTV Mobile Usage.mkv,632de9ed55947761d56d4c6142a3cb1a1fe69d0b1a6d0e01a2e404c697962623,rf_detr_native,124300.0,unknown_object,0.379,821.31,408.06,865.83,420.67,561.4,44.51,12.61,3.53,False,,True,R-desk,29,evt_S-61_desk_work_surface_0006,3f231be20d60b9e1,lap_bag_context,no_pose_observation,34560.0,1.33,,1,cam12/e1/v1,
corpus_03,03.CCTV Mobile Usage.mkv,632de9ed55947761d56d4c6142a3cb1a1fe69d0b1a6d0e01a2e404c697962623,rf_detr_native,124300.0,unknown_object,0.3234,980.21,408.0,1116.7,474.59,9088.4,136.49,66.59,2.05,False,,True,R-desk,29,evt_S-61_desk_work_surface_0006,3f231be20d60b9e1,lap_bag_context,no_pose_observation,34560.0,1.33,,1,cam12/e1/v1,
corpus_03,03.CCTV Mobile Usage.mkv,632de9ed55947761d56d4c6142a3cb1a1fe69d0b1a6d0e01a2e404c697962623,rf_detr_native,124300.0,mouse,0.495,40.7,448.55,71.15,472.24,721.6,30.45,23.69,1.285,False,,True,S-61,28,evt_S-61_desk_work_surface_0006,c73f0c4608cab469,pose_hand_context,,52101.0,2.66,,1,cam12/e1/v1,rtmpose_baseline
corpus_03,03.CCTV Mobile Usage.mkv,632de9ed55947761d56d4c6142a3cb1a1fe69d0b1a6d0e01a2e404c697962623,rf_detr_native,124300.0,unknown_object,0.2956,60.89,435.64,180.01,507.46,8555.6,119.12,71.82,1.659,False,,True,S-61,28,evt_S-61_desk_work_surface_0006,c73f0c4608cab469,pose_hand_context,,52101.0,2.66,,1,cam12/e1/v1,rtmpose_baseline
corpus_03,03.CCTV Mobile Usage.mkv,632de9ed55947761d56d4c6142a3cb1a1fe69d0b1a6d0e01a2e404c697962623,rf_detr_native,124867.0,unknown_object,0.3416,109.0,436.46,182.34,524.81,6479.0,73.34,88.34,0.83,False,,True,S-61,28,evt_S-61_upper_body_0021,0fc2f4392cd3915c,pose_hand_context,,56463.3,2.69,,1,cam12/e1/v1,rtmpose_baseline
corpus_03,03.CCTV Mobile Usage.mkv,632de9ed55947761d56d4c6142a3cb1a1fe69d0b1a6d0e01a2e404c697962623,rf_detr_native,124867.0,unknown_object,0.2656,109.11,437.77,179.4,505.91,4789.8,70.29,68.14,1.032,False,,True,S-61,28,evt_S-61_upper_body_0021,0fc2f4392cd3915c,pose_hand_context,,56463.3,2.69,,1,cam12/e1/v1,rtmpose_baseline
corpus_03,03.CCTV Mobile Usage.mkv,632de9ed55947761d56d4c6142a3cb1a1fe69d0b1a6d0e01a2e404c697962623,rf_detr_native,124867.0,unknown_object,0.8534,960.87,452.26,1056.52,479.94,2647.6,95.65,27.68,3.456,False,,True,R-desk,30,evt_S-61_upper_body_0021,f36d96d43f74c80f,lap_bag_context,no_pose_observation,34560.0,1.33,,1,cam12/e1/v1,
corpus_03,03.CCTV Mobile Usage.mkv,632de9ed55947761d56d4c6142a3cb1a1fe69d0b1a6d0e01a2e404c697962623,rf_detr_native,124867.0,unknown_object,0.7651,1043.14,422.73,1112.23,473.31,3494.6,69.09,50.58,1.366,False,,True,R-desk,30,evt_S-61_upper_body_0021,f36d96d43f74c80f,lap_bag_context,no_pose_observation,34560.0,1.33,,1,cam12/e1/v1,
corpus_03,03.CCTV Mobile Usage.mkv,632de9ed55947761d56d4c6142a3cb1a1fe69d0b1a6d0e01a2e404c697962623,rf_detr_native,124867.0,unknown_object,0.4487,864.08,413.19,893.01,438.31,726.5,28.92,25.12,1.152,False,,True,R-desk,30,evt_S-61_upper_body_0021,f36d96d43f74c80f,lap_bag_context,no_pose_observation,34560.0,1.33,,1,cam12/e1/v1,
corpus_03,03.CCTV Mobile Usage.mkv,632de9ed55947761d56d4c6142a3cb1a1fe69d0b1a6d0e01a2e404c697962623,rf_detr_native,124867.0,unknown_object,0.379,821.31,408.06,865.83,420.67,561.4,44.51,12.61,3.53,False,,True,R-desk,30,evt_S-61_upper_body_0021,f36d96d43f74c80f,lap_bag_context,no_pose_observation,34560.0,1.33,,1,cam12/e1/v1,
corpus_03,03.CCTV Mobile Usage.mkv,632de9ed55947761d56d4c6142a3cb1a1fe69d0b1a6d0e01a2e404c697962623,rf_detr_native,124867.0,unknown_object,0.3234,980.21,408.0,1116.7,474.59,9088.4,136.49,66.59,2.05,False,,True,R-desk,30,evt_S-61_upper_body_0021,f36d96d43f74c80f,lap_bag_context,no_pose_observation,34560.0,1.33,,1,cam12/e1/v1,
corpus_03,03.CCTV Mobile Usage.mkv,632de9ed55947761d56d4c6142a3cb1a1fe69d0b1a6d0e01a2e404c697962623,rf_detr_native,124867.0,unknown_object,0.8534,960.87,452.26,1056.52,479.94,2647.6,95.65,27.68,3.456,False,,True,R-desk,29,evt_S-61_upper_body_0021,f36d96d43f74c80f,lap_bag_context,no_pose_observation,34560.0,1.33,,1,cam12/e1/v1,
corpus_03,03.CCTV Mobile Usage.mkv,632de9ed55947761d56d4c6142a3cb1a1fe69d0b1a6d0e01a2e404c697962623,rf_detr_native,124867.0,unknown_object,0.7651,1043.14,422.73,1112.23,473.31,3494.6,69.09,50.58,1.366,False,,True,R-desk,29,evt_S-61_upper_body_0021,f36d96d43f74c80f,lap_bag_context,no_pose_observation,34560.0,1.33,,1,cam12/e1/v1,
corpus_03,03.CCTV Mobile Usage.mkv,632de9ed55947761d56d4c6142a3cb1a1fe69d0b1a6d0e01a2e404c697962623,rf_detr_native,124867.0,unknown_object,0.4487,864.08,413.19,893.01,438.31,726.5,28.92,25.12,1.152,False,,True,R-desk,29,evt_S-61_upper_body_0021,f36d96d43f74c80f,lap_bag_context,no_pose_observation,34560.0,1.33,,1,cam12/e1/v1,
corpus_03,03.CCTV Mobile Usage.mkv,632de9ed55947761d56d4c6142a3cb1a1fe69d0b1a6d0e01a2e404c697962623,rf_detr_native,124867.0,unknown_object,0.379,821.31,408.06,865.83,420.67,561.4,44.51,12.61,3.53,False,,True,R-desk,29,evt_S-61_upper_body_0021,f36d96d43f74c80f,lap_bag_context,no_pose_observation,34560.0,1.33,,1,cam12/e1/v1,
corpus_03,03.CCTV Mobile Usage.mkv,632de9ed55947761d56d4c6142a3cb1a1fe69d0b1a6d0e01a2e404c697962623,rf_detr_native,124867.0,unknown_object,0.3234,980.21,408.0,1116.7,474.59,9088.4,136.49,66.59,2.05,False,,True,R-desk,29,evt_S-61_upper_body_0021,f36d96d43f74c80f,lap_bag_context,no_pose_observation,34560.0,1.33,,1,cam12/e1/v1,
corpus_03,03.CCTV Mobile Usage.mkv,632de9ed55947761d56d4c6142a3cb1a1fe69d0b1a6d0e01a2e404c697962623,rf_detr_native,125300.0,unknown_object,0.8534,960.87,452.26,1056.52,479.94,2647.6,95.65,27.68,3.456,False,,True,R-desk,30,evt_S-61_desk_work_surface_0006,56160f94226673d2,lap_bag_context,no_pose_observation,34560.0,1.33,,1,cam12/e1/v1,
corpus_03,03.CCTV Mobile Usage.mkv,632de9ed55947761d56d4c6142a3cb1a1fe69d0b1a6d0e01a2e404c697962623,rf_detr_native,125300.0,unknown_object,0.7651,1043.14,422.73,1112.23,473.31,3494.6,69.09,50.58,1.366,False,,True,R-desk,30,evt_S-61_desk_work_surface_0006,56160f94226673d2,lap_bag_context,no_pose_observation,34560.0,1.33,,1,cam12/e1/v1,
corpus_03,03.CCTV Mobile Usage.mkv,632de9ed55947761d56d4c6142a3cb1a1fe69d0b1a6d0e01a2e404c697962623,rf_detr_native,125300.0,unknown_object,0.4487,864.08,413.19,893.01,438.31,726.5,28.92,25.12,1.152,False,,True,R-desk,30,evt_S-61_desk_work_surface_0006,56160f94226673d2,lap_bag_context,no_pose_observation,34560.0,1.33,,1,cam12/e1/v1,
corpus_03,03.CCTV Mobile Usage.mkv,632de9ed55947761d56d4c6142a3cb1a1fe69d0b1a6d0e01a2e404c697962623,rf_detr_native,125300.0,unknown_object,0.379,821.31,408.06,865.83,420.67,561.4,44.51,12.61,3.53,False,,True,R-desk,30,evt_S-61_desk_work_surface_0006,56160f94226673d2,lap_bag_context,no_pose_observation,34560.0,1.33,,1,cam12/e1/v1,
corpus_03,03.CCTV Mobile Usage.mkv,632de9ed55947761d56d4c6142a3cb1a1fe69d0b1a6d0e01a2e404c697962623,rf_detr_native,125300.0,unknown_object,0.3234,980.21,408.0,1116.7,474.59,9088.4,136.49,66.59,2.05,False,,True,R-desk,30,evt_S-61_desk_work_surface_0006,56160f94226673d2,lap_bag_context,no_pose_observation,34560.0,1.33,,1,cam12/e1/v1,
corpus_03,03.CCTV Mobile Usage.mkv,632de9ed55947761d56d4c6142a3cb1a1fe69d0b1a6d0e01a2e404c697962623,rf_detr_native,125300.0,unknown_object,0.8534,960.87,452.26,1056.52,479.94,2647.6,95.65,27.68,3.456,False,,True,R-desk,29,evt_S-61_desk_work_surface_0006,56160f94226673d2,lap_bag_context,no_pose_observation,34560.0,1.33,,1,cam12/e1/v1,
corpus_03,03.CCTV Mobile Usage.mkv,632de9ed55947761d56d4c6142a3cb1a1fe69d0b1a6d0e01a2e404c697962623,rf_detr_native,125300.0,unknown_object,0.7651,1043.14,422.73,1112.23,473.31,3494.6,69.09,50.58,1.366,False,,True,R-desk,29,evt_S-61_desk_work_surface_0006,56160f94226673d2,lap_bag_context,no_pose_observation,34560.0,1.33,,1,cam12/e1/v1,
corpus_03,03.CCTV Mobile Usage.mkv,632de9ed55947761d56d4c6142a3cb1a1fe69d0b1a6d0e01a2e404c697962623,rf_detr_native,125300.0,unknown_object,0.4487,864.08,413.19,893.01,438.31,726.5,28.92,25.12,1.152,False,,True,R-desk,29,evt_S-61_desk_work_surface_0006,56160f94226673d2,lap_bag_context,no_pose_observation,34560.0,1.33,,1,cam12/e1/v1,
corpus_03,03.CCTV Mobile Usage.mkv,632de9ed55947761d56d4c6142a3cb1a1fe69d0b1a6d0e01a2e404c697962623,rf_detr_native,125300.0,unknown_object,0.379,821.31,408.06,865.83,420.67,561.4,44.51,12.61,3.53,False,,True,R-desk,29,evt_S-61_desk_work_surface_0006,56160f94226673d2,lap_bag_context,no_pose_observation,34560.0,1.33,,1,cam12/e1/v1,
corpus_03,03.CCTV Mobile Usage.mkv,632de9ed55947761d56d4c6142a3cb1a1fe69d0b1a6d0e01a2e404c697962623,rf_detr_native,125300.0,unknown_object,0.3234,980.21,408.0,1116.7,474.59,9088.4,136.49,66.59,2.05,False,,True,R-desk,29,evt_S-61_desk_work_surface_0006,56160f94226673d2,lap_bag_context,no_pose_observation,34560.0,1.33,,1,cam12/e1/v1,
corpus_03,03.CCTV Mobile Usage.mkv,632de9ed55947761d56d4c6142a3cb1a1fe69d0b1a6d0e01a2e404c697962623,rf_detr_native,125300.0,unknown_object,0.5876,57.97,436.68,180.0,509.81,8923.0,122.03,73.12,1.669,False,,True,S-61,28,evt_S-61_desk_work_surface_0006,a8821403c5f877ef,pose_hand_context,,45169.0,2.92,,1,cam12/e1/v1,rtmpose_baseline
corpus_03,03.CCTV Mobile Usage.mkv,632de9ed55947761d56d4c6142a3cb1a1fe69d0b1a6d0e01a2e404c697962623,rf_detr_native,125300.0,mouse,0.5379,40.26,446.03,70.66,471.88,785.9,30.4,25.85,1.176,False,,True,S-61,28,evt_S-61_desk_work_surface_0006,a8821403c5f877ef,pose_hand_context,,45169.0,2.92,,1,cam12/e1/v1,rtmpose_baseline
corpus_03,03.CCTV Mobile Usage.mkv,632de9ed55947761d56d4c6142a3cb1a1fe69d0b1a6d0e01a2e404c697962623,rf_detr_native,125867.0,unknown_object,0.8169,961.01,452.21,1057.46,479.97,2677.9,96.45,27.76,3.474,False,,True,R-desk,30,evt_S-61_upper_body_0021,068495c9888cf8db,lap_bag_context,no_pose_observation,34560.0,1.33,,1,cam12/e1/v1,
corpus_03,03.CCTV Mobile Usage.mkv,632de9ed55947761d56d4c6142a3cb1a1fe69d0b1a6d0e01a2e404c697962623,rf_detr_native,125867.0,unknown_object,0.5416,1042.65,423.84,1112.11,472.77,3399.0,69.46,48.93,1.42,False,,True,R-desk,30,evt_S-61_upper_body_0021,068495c9888cf8db,lap_bag_context,no_pose_observation,34560.0,1.33,,1,cam12/e1/v1,
corpus_03,03.CCTV Mobile Usage.mkv,632de9ed55947761d56d4c6142a3cb1a1fe69d0b1a6d0e01a2e404c697962623,rf_detr_native,125867.0,unknown_object,0.4843,822.1,408.04,865.6,420.82,556.0,43.5,12.78,3.404,False,,True,R-desk,30,evt_S-61_upper_body_0021,068495c9888cf8db,lap_bag_context,no_pose_observation,34560.0,1.33,,1,cam12/e1/v1,
corpus_03,03.CCTV Mobile Usage.mkv,632de9ed55947761d56d4c6142a3cb1a1fe69d0b1a6d0e01a2e404c697962623,rf_detr_native,125867.0,unknown_object,0.4483,864.42,413.34,893.07,438.28,714.7,28.66,24.94,1.149,False,,True,R-desk,30,evt_S-61_upper_body_0021,068495c9888cf8db,lap_bag_context,no_pose_observation,34560.0,1.33,,1,cam12/e1/v1,
corpus_03,03.CCTV Mobile Usage.mkv,632de9ed55947761d56d4c6142a3cb1a1fe69d0b1a6d0e01a2e404c697962623,rf_detr_native,125867.0,unknown_object,0.3506,1040.66,408.65,1112.54,473.41,4654.3,71.88,64.76,1.11,False,,True,R-desk,30,evt_S-61_upper_body_0021,068495c9888cf8db,lap_bag_context,no_pose_observation,34560.0,1.33,,1,cam12/e1/v1,
corpus_03,03.CCTV Mobile Usage.mkv,632de9ed55947761d56d4c6142a3cb1a1fe69d0b1a6d0e01a2e404c697962623,rf_detr_native,125867.0,unknown_object,0.2553,980.62,408.15,1087.85,472.64,6915.2,107.23,64.49,1.663,False,,True,R-desk,30,evt_S-61_upper_body_0021,068495c9888cf8db,lap_bag_context,no_pose_observation,34560.0,1.33,,1,cam12/e1/v1,
corpus_03,03.CCTV Mobile Usage.mkv,632de9ed55947761d56d4c6142a3cb1a1fe69d0b1a6d0e01a2e404c697962623,rf_detr_native,125867.0,unknown_object,0.255,982.57,408.17,1098.63,473.65,7599.5,116.06,65.48,1.772,False,,True,R-desk,30,evt_S-61_upper_body_0021,068495c9888cf8db,lap_bag_context,no_pose_observation,34560.0,1.33,,1,cam12/e1/v1,
corpus_03,03.CCTV Mobile Usage.mkv,632de9ed55947761d56d4c6142a3cb1a1fe69d0b1a6d0e01a2e404c697962623,rf_detr_native,125867.0,mouse,0.4881,38.94,440.92,70.47,472.31,989.3,31.52,31.38,1.005,False,,True,S-61,28,evt_S-61_upper_body_0021,ff5261592f0db36e,pose_hand_context,,28331.6,3.8,,1,cam12/e1/v1,rtmpose_baseline
corpus_03,03.CCTV Mobile Usage.mkv,632de9ed55947761d56d4c6142a3cb1a1fe69d0b1a6d0e01a2e404c697962623,rf_detr_native,125867.0,mouse,0.3068,41.79,450.96,69.84,472.52,604.7,28.05,21.56,1.301,False,,True,S-61,28,evt_S-61_upper_body_0021,ff5261592f0db36e,pose_hand_context,,28331.6,3.8,,1,cam12/e1/v1,rtmpose_baseline
corpus_03,03.CCTV Mobile Usage.mkv,632de9ed55947761d56d4c6142a3cb1a1fe69d0b1a6d0e01a2e404c697962623,rf_detr_native,126300.0,mouse,0.4911,40.94,448.61,72.73,472.65,764.6,31.8,24.04,1.323,False,,True,S-61,28,evt_S-61_desk_work_surface_0006,55b72420f494d8ab,pose_hand_context,,42862.7,3.01,,1,cam12/e1/v1,rtmpose_baseline
corpus_03,03.CCTV Mobile Usage.mkv,632de9ed55947761d56d4c6142a3cb1a1fe69d0b1a6d0e01a2e404c697962623,rf_detr_native,126300.0,unknown_object,0.3693,59.29,435.53,181.47,512.46,9400.1,122.19,76.93,1.588,False,,True,S-61,28,evt_S-61_desk_work_surface_0006,55b72420f494d8ab,pose_hand_context,,42862.7,3.01,,1,cam12/e1/v1,rtmpose_baseline
corpus_03,03.CCTV Mobile Usage.mkv,632de9ed55947761d56d4c6142a3cb1a1fe69d0b1a6d0e01a2e404c697962623,rf_detr_native,126300.0,unknown_object,0.2645,26.56,334.0,114.03,383.1,4294.7,87.47,49.1,1.782,False,,True,S-61,28,evt_S-61_desk_work_surface_0006,55b72420f494d8ab,pose_hand_context,,42862.7,3.01,,1,cam12/e1/v1,rtmpose_baseline
corpus_03,03.CCTV Mobile Usage.mkv,632de9ed55947761d56d4c6142a3cb1a1fe69d0b1a6d0e01a2e404c697962623,rf_detr_native,126867.0,mouse,0.5536,40.77,449.11,71.57,472.33,715.1,30.8,23.22,1.327,False,,True,S-61,28,evt_S-61_upper_body_0021,7e8e37e8407f1cc8,pose_hand_context,,42135.7,3.02,,1,cam12/e1/v1,rtmpose_baseline
corpus_03,03.CCTV Mobile Usage.mkv,632de9ed55947761d56d4c6142a3cb1a1fe69d0b1a6d0e01a2e404c697962623,rf_detr_native,126867.0,unknown_object,0.4564,51.77,434.89,182.47,515.55,10541.5,130.69,80.66,1.62,False,,True,S-61,28,evt_S-61_upper_body_0021,7e8e37e8407f1cc8,pose_hand_context,,42135.7,3.02,,1,cam12/e1/v1,rtmpose_baseline
corpus_03,03.CCTV Mobile Usage.mkv,632de9ed55947761d56d4c6142a3cb1a1fe69d0b1a6d0e01a2e404c697962623,rf_detr_native,126867.0,unknown_object,0.2613,28.55,335.06,151.97,431.37,11885.7,123.42,96.31,1.281,False,,True,S-61,28,evt_S-61_upper_body_0021,7e8e37e8407f1cc8,pose_hand_context,,42135.7,3.02,,1,cam12/e1/v1,rtmpose_baseline
corpus_03,03.CCTV Mobile Usage.mkv,632de9ed55947761d56d4c6142a3cb1a1fe69d0b1a6d0e01a2e404c697962623,rf_detr_native,126867.0,unknown_object,0.259,0.11,335.07,150.1,431.77,14503.6,149.99,96.7,1.551,False,,True,S-61,28,evt_S-61_upper_body_0021,7e8e37e8407f1cc8,pose_hand_context,,42135.7,3.02,,1,cam12/e1/v1,rtmpose_baseline
corpus_03,03.CCTV Mobile Usage.mkv,632de9ed55947761d56d4c6142a3cb1a1fe69d0b1a6d0e01a2e404c697962623,rf_detr_native,127300.0,monitor_or_bezel,0.4387,0.12,339.65,195.59,554.0,41899.4,195.47,214.35,0.912,False,,True,S-61,28,evt_S-61_desk_work_surface_0006,1db5cfca75146df7,pose_hand_context,,47029.7,2.83,,1,cam12/e1/v1,rtmpose_baseline
corpus_03,03.CCTV Mobile Usage.mkv,632de9ed55947761d56d4c6142a3cb1a1fe69d0b1a6d0e01a2e404c697962623,rf_detr_native,127300.0,unknown_object,0.4214,53.25,434.94,183.15,513.11,10154.6,129.9,78.17,1.662,False,,True,S-61,28,evt_S-61_desk_work_surface_0006,1db5cfca75146df7,pose_hand_context,,47029.7,2.83,,1,cam12/e1/v1,rtmpose_baseline
corpus_03,03.CCTV Mobile Usage.mkv,632de9ed55947761d56d4c6142a3cb1a1fe69d0b1a6d0e01a2e404c697962623,rf_detr_native,127300.0,mouse,0.4051,41.57,449.56,71.22,473.97,723.7,29.64,24.41,1.214,False,,True,S-61,28,evt_S-61_desk_work_surface_0006,1db5cfca75146df7,pose_hand_context,,47029.7,2.83,,1,cam12/e1/v1,rtmpose_baseline
corpus_03,03.CCTV Mobile Usage.mkv,632de9ed55947761d56d4c6142a3cb1a1fe69d0b1a6d0e01a2e404c697962623,rf_detr_native,127300.0,unknown_object,0.3531,21.03,328.12,152.73,430.33,13461.7,131.7,102.22,1.288,False,,True,S-61,28,evt_S-61_desk_work_surface_0006,1db5cfca75146df7,pose_hand_context,,47029.7,2.83,,1,cam12/e1/v1,rtmpose_baseline
corpus_03,03.CCTV Mobile Usage.mkv,632de9ed55947761d56d4c6142a3cb1a1fe69d0b1a6d0e01a2e404c697962623,rf_detr_native,127300.0,unknown_object,0.2576,21.81,328.0,110.31,379.14,4525.8,88.51,51.14,1.731,False,,True,S-61,28,evt_S-61_desk_work_surface_0006,1db5cfca75146df7,pose_hand_context,,47029.7,2.83,,1,cam12/e1/v1,rtmpose_baseline
corpus_03,03.CCTV Mobile Usage.mkv,632de9ed55947761d56d4c6142a3cb1a1fe69d0b1a6d0e01a2e404c697962623,rf_detr_native,127300.0,unknown_object,0.8089,960.91,452.25,1058.69,479.95,2709.0,97.77,27.71,3.529,False,,True,R-desk,32,evt_S-61_desk_work_surface_0006,8a7953295bd2532a,lap_bag_context,no_pose_observation,34560.0,1.33,,1,cam12/e1/v1,
corpus_03,03.CCTV Mobile Usage.mkv,632de9ed55947761d56d4c6142a3cb1a1fe69d0b1a6d0e01a2e404c697962623,rf_detr_native,127300.0,unknown_object,0.4991,1042.6,423.74,1112.29,472.68,3410.4,69.69,48.94,1.424,False,,True,R-desk,32,evt_S-61_desk_work_surface_0006,8a7953295bd2532a,lap_bag_context,no_pose_observation,34560.0,1.33,,1,cam12/e1/v1,
corpus_03,03.CCTV Mobile Usage.mkv,632de9ed55947761d56d4c6142a3cb1a1fe69d0b1a6d0e01a2e404c697962623,rf_detr_native,127300.0,unknown_object,0.4208,822.01,408.06,865.33,420.83,553.3,43.32,12.77,3.391,False,,True,R-desk,32,evt_S-61_desk_work_surface_0006,8a7953295bd2532a,lap_bag_context,no_pose_observation,34560.0,1.33,,1,cam12/e1/v1,
corpus_03,03.CCTV Mobile Usage.mkv,632de9ed55947761d56d4c6142a3cb1a1fe69d0b1a6d0e01a2e404c697962623,rf_detr_native,127300.0,unknown_object,0.4007,864.4,413.35,892.91,438.42,714.6,28.51,25.07,1.137,False,,True,R-desk,32,evt_S-61_desk_work_surface_0006,8a7953295bd2532a,lap_bag_context,no_pose_observation,34560.0,1.33,,1,cam12/e1/v1,
corpus_03,03.CCTV Mobile Usage.mkv,632de9ed55947761d56d4c6142a3cb1a1fe69d0b1a6d0e01a2e404c697962623,rf_detr_native,127300.0,unknown_object,0.3065,1042.44,408.3,1112.79,473.13,4562.0,70.36,64.84,1.085,False,,True,R-desk,32,evt_S-61_desk_work_surface_0006,8a7953295bd2532a,lap_bag_context,no_pose_observation,34560.0,1.33,,1,cam12/e1/v1,
corpus_03,03.CCTV Mobile Usage.mkv,632de9ed55947761d56d4c6142a3cb1a1fe69d0b1a6d0e01a2e404c697962623,rf_detr_native,131867.0,unknown_object,0.8429,961.12,452.36,1052.71,479.94,2526.5,91.59,27.59,3.32,False,,True,R-desk,36,evt_S-61_upper_body_0022,38cbde6a80224cf5,lap_bag_context,no_pose_observation,34560.0,1.33,,1,cam12/e1/v1,
corpus_03,03.CCTV Mobile Usage.mkv,632de9ed55947761d56d4c6142a3cb1a1fe69d0b1a6d0e01a2e404c697962623,rf_detr_native,131867.0,unknown_object,0.5318,1042.9,423.57,1112.95,473.19,3475.8,70.06,49.61,1.412,False,,True,R-desk,36,evt_S-61_upper_body_0022,38cbde6a80224cf5,lap_bag_context,no_pose_observation,34560.0,1.33,,1,cam12/e1/v1,
corpus_03,03.CCTV Mobile Usage.mkv,632de9ed55947761d56d4c6142a3cb1a1fe69d0b1a6d0e01a2e404c697962623,rf_detr_native,131867.0,unknown_object,0.3256,864.22,413.18,893.01,438.36,725.1,28.79,25.18,1.143,False,,True,R-desk,36,evt_S-61_upper_body_0022,38cbde6a80224cf5,lap_bag_context,no_pose_observation,34560.0,1.33,,1,cam12/e1/v1,
corpus_03,03.CCTV Mobile Usage.mkv,632de9ed55947761d56d4c6142a3cb1a1fe69d0b1a6d0e01a2e404c697962623,rf_detr_native,131867.0,unknown_object,0.2752,821.77,408.07,866.0,420.58,553.1,44.23,12.5,3.537,False,,True,R-desk,36,evt_S-61_upper_body_0022,38cbde6a80224cf5,lap_bag_context,no_pose_observation,34560.0,1.33,,1,cam12/e1/v1,
corpus_03,03.CCTV Mobile Usage.mkv,632de9ed55947761d56d4c6142a3cb1a1fe69d0b1a6d0e01a2e404c697962623,rf_detr_native,131867.0,unknown_object,0.2516,1039.8,408.66,1113.63,473.81,4809.9,73.83,65.14,1.133,False,,True,R-desk,36,evt_S-61_upper_body_0022,38cbde6a80224cf5,lap_bag_context,no_pose_observation,34560.0,1.33,,1,cam12/e1/v1,
corpus_03,03.CCTV Mobile Usage.mkv,632de9ed55947761d56d4c6142a3cb1a1fe69d0b1a6d0e01a2e404c697962623,rf_detr_native,131867.0,unknown_object,0.8429,961.12,452.36,1052.71,479.94,2526.5,91.59,27.59,3.32,False,,True,R-desk,35,evt_S-61_upper_body_0022,38cbde6a80224cf5,lap_bag_context,no_pose_observation,34560.0,1.33,,1,cam12/e1/v1,
corpus_03,03.CCTV Mobile Usage.mkv,632de9ed55947761d56d4c6142a3cb1a1fe69d0b1a6d0e01a2e404c697962623,rf_detr_native,131867.0,unknown_object,0.5318,1042.9,423.57,1112.95,473.19,3475.8,70.06,49.61,1.412,False,,True,R-desk,35,evt_S-61_upper_body_0022,38cbde6a80224cf5,lap_bag_context,no_pose_observation,34560.0,1.33,,1,cam12/e1/v1,
corpus_03,03.CCTV Mobile Usage.mkv,632de9ed55947761d56d4c6142a3cb1a1fe69d0b1a6d0e01a2e404c697962623,rf_detr_native,131867.0,unknown_object,0.3256,864.22,413.18,893.01,438.36,725.1,28.79,25.18,1.143,False,,True,R-desk,35,evt_S-61_upper_body_0022,38cbde6a80224cf5,lap_bag_context,no_pose_observation,34560.0,1.33,,1,cam12/e1/v1,
corpus_03,03.CCTV Mobile Usage.mkv,632de9ed55947761d56d4c6142a3cb1a1fe69d0b1a6d0e01a2e404c697962623,rf_detr_native,131867.0,unknown_object,0.2752,821.77,408.07,866.0,420.58,553.1,44.23,12.5,3.537,False,,True,R-desk,35,evt_S-61_upper_body_0022,38cbde6a80224cf5,lap_bag_context,no_pose_observation,34560.0,1.33,,1,cam12/e1/v1,
corpus_03,03.CCTV Mobile Usage.mkv,632de9ed55947761d56d4c6142a3cb1a1fe69d0b1a6d0e01a2e404c697962623,rf_detr_native,131867.0,unknown_object,0.2516,1039.8,408.66,1113.63,473.81,4809.9,73.83,65.14,1.133,False,,True,R-desk,35,evt_S-61_upper_body_0022,38cbde6a80224cf5,lap_bag_context,no_pose_observation,34560.0,1.33,,1,cam12/e1/v1,
corpus_03,03.CCTV Mobile Usage.mkv,632de9ed55947761d56d4c6142a3cb1a1fe69d0b1a6d0e01a2e404c697962623,rf_detr_native,131867.0,unknown_object,0.7556,865.92,1.38,968.13,109.1,11010.5,102.21,107.72,0.949,False,,True,unattributed,34,evt_S-61_upper_body_0022,906acfc70bd7ec82,native_source_context_fallback,wrist_confidence_below_floor,11895.6,5.82,,1,cam12/e1/v1,rtmpose_baseline
corpus_03,03.CCTV Mobile Usage.mkv,632de9ed55947761d56d4c6142a3cb1a1fe69d0b1a6d0e01a2e404c697962623,rf_detr_native,131867.0,unknown_object,0.4813,865.92,1.38,968.13,109.1,11010.5,102.21,107.72,0.949,False,,True,unattributed,34,evt_S-61_upper_body_0022,906acfc70bd7ec82,native_source_context_fallback,wrist_confidence_below_floor,11895.6,5.82,,1,cam12/e1/v1,rtmpose_baseline
corpus_03,03.CCTV Mobile Usage.mkv,632de9ed55947761d56d4c6142a3cb1a1fe69d0b1a6d0e01a2e404c697962623,rf_detr_native,131867.0,unknown_object,0.2974,115.0,437.92,184.29,532.99,6587.7,69.29,95.07,0.729,False,,True,S-61,33,evt_S-61_upper_body_0022,fc2e3874fd08bc57,pose_hand_context,,65577.0,2.5,,1,cam12/e1/v1,rtmpose_baseline
corpus_03,03.CCTV Mobile Usage.mkv,632de9ed55947761d56d4c6142a3cb1a1fe69d0b1a6d0e01a2e404c697962623,rf_detr_native,131867.0,bag,0.2681,115.23,385.09,177.03,452.12,4142.3,61.8,67.03,0.922,False,,True,S-61,33,evt_S-61_upper_body_0022,fc2e3874fd08bc57,pose_hand_context,,65577.0,2.5,,1,cam12/e1/v1,rtmpose_baseline
corpus_03,03.CCTV Mobile Usage.mkv,632de9ed55947761d56d4c6142a3cb1a1fe69d0b1a6d0e01a2e404c697962623,rf_detr_native,132867.0,unknown_object,0.7475,960.61,452.37,1055.61,479.98,2622.5,95.0,27.61,3.441,False,,True,R-desk,37,evt_S-61_upper_body_0022,7b62738820a09667,lap_bag_context,no_pose_observation,34560.0,1.33,,1,cam12/e1/v1,
corpus_03,03.CCTV Mobile Usage.mkv,632de9ed55947761d56d4c6142a3cb1a1fe69d0b1a6d0e01a2e404c697962623,rf_detr_native,132867.0,unknown_object,0.4234,864.54,413.34,893.29,438.29,717.5,28.75,24.96,1.152,False,,True,R-desk,37,evt_S-61_upper_body_0022,7b62738820a09667,lap_bag_context,no_pose_observation,34560.0,1.33,,1,cam12/e1/v1,
corpus_03,03.CCTV Mobile Usage.mkv,632de9ed55947761d56d4c6142a3cb1a1fe69d0b1a6d0e01a2e404c697962623,rf_detr_native,132867.0,unknown_object,0.402,822.43,408.04,865.39,420.8,548.0,42.95,12.76,3.367,False,,True,R-desk,37,evt_S-61_upper_body_0022,7b62738820a09667,lap_bag_context,no_pose_observation,34560.0,1.33,,1,cam12/e1/v1,
corpus_03,03.CCTV Mobile Usage.mkv,632de9ed55947761d56d4c6142a3cb1a1fe69d0b1a6d0e01a2e404c697962623,rf_detr_native,132867.0,unknown_object,0.3619,1043.22,425.25,1111.82,473.45,3307.1,68.6,48.21,1.423,False,,True,R-desk,37,evt_S-61_upper_body_0022,7b62738820a09667,lap_bag_context,no_pose_observation,34560.0,1.33,,1,cam12/e1/v1,
corpus_03,03.CCTV Mobile Usage.mkv,632de9ed55947761d56d4c6142a3cb1a1fe69d0b1a6d0e01a2e404c697962623,rf_detr_native,132867.0,unknown_object,0.2541,982.38,408.27,1112.35,473.69,8501.6,129.97,65.41,1.987,False,,True,R-desk,37,evt_S-61_upper_body_0022,7b62738820a09667,lap_bag_context,no_pose_observation,34560.0,1.33,,1,cam12/e1/v1,
corpus_03,03.CCTV Mobile Usage.mkv,632de9ed55947761d56d4c6142a3cb1a1fe69d0b1a6d0e01a2e404c697962623,rf_detr_native,132867.0,unknown_object,0.7475,960.61,452.37,1055.61,479.98,2622.5,95.0,27.61,3.441,False,,True,R-desk,36,evt_S-61_upper_body_0022,7b62738820a09667,lap_bag_context,no_pose_observation,34560.0,1.33,,1,cam12/e1/v1,
corpus_03,03.CCTV Mobile Usage.mkv,632de9ed55947761d56d4c6142a3cb1a1fe69d0b1a6d0e01a2e404c697962623,rf_detr_native,132867.0,unknown_object,0.4234,864.54,413.34,893.29,438.29,717.5,28.75,24.96,1.152,False,,True,R-desk,36,evt_S-61_upper_body_0022,7b62738820a09667,lap_bag_context,no_pose_observation,34560.0,1.33,,1,cam12/e1/v1,
corpus_03,03.CCTV Mobile Usage.mkv,632de9ed55947761d56d4c6142a3cb1a1fe69d0b1a6d0e01a2e404c697962623,rf_detr_native,132867.0,unknown_object,0.402,822.43,408.04,865.39,420.8,548.0,42.95,12.76,3.367,False,,True,R-desk,36,evt_S-61_upper_body_0022,7b62738820a09667,lap_bag_context,no_pose_observation,34560.0,1.33,,1,cam12/e1/v1,
corpus_03,03.CCTV Mobile Usage.mkv,632de9ed55947761d56d4c6142a3cb1a1fe69d0b1a6d0e01a2e404c697962623,rf_detr_native,132867.0,unknown_object,0.3619,1043.22,425.25,1111.82,473.45,3307.1,68.6,48.21,1.423,False,,True,R-desk,36,evt_S-61_upper_body_0022,7b62738820a09667,lap_bag_context,no_pose_observation,34560.0,1.33,,1,cam12/e1/v1,
corpus_03,03.CCTV Mobile Usage.mkv,632de9ed55947761d56d4c6142a3cb1a1fe69d0b1a6d0e01a2e404c697962623,rf_detr_native,132867.0,unknown_object,0.2541,982.38,408.27,1112.35,473.69,8501.6,129.97,65.41,1.987,False,,True,R-desk,36,evt_S-61_upper_body_0022,7b62738820a09667,lap_bag_context,no_pose_observation,34560.0,1.33,,1,cam12/e1/v1,
corpus_03,03.CCTV Mobile Usage.mkv,632de9ed55947761d56d4c6142a3cb1a1fe69d0b1a6d0e01a2e404c697962623,rf_detr_native,133867.0,unknown_object,0.7359,960.63,452.35,1055.18,479.97,2611.4,94.55,27.62,3.423,False,,True,R-desk,38,evt_S-61_upper_body_0022,f1a8113867df619c,lap_bag_context,no_pose_observation,34560.0,1.33,,1,cam12/e1/v1,
corpus_03,03.CCTV Mobile Usage.mkv,632de9ed55947761d56d4c6142a3cb1a1fe69d0b1a6d0e01a2e404c697962623,rf_detr_native,133867.0,unknown_object,0.4145,864.52,413.35,893.29,438.28,717.5,28.77,24.94,1.154,False,,True,R-desk,38,evt_S-61_upper_body_0022,f1a8113867df619c,lap_bag_context,no_pose_observation,34560.0,1.33,,1,cam12/e1/v1,
corpus_03,03.CCTV Mobile Usage.mkv,632de9ed55947761d56d4c6142a3cb1a1fe69d0b1a6d0e01a2e404c697962623,rf_detr_native,133867.0,unknown_object,0.4046,1042.5,423.89,1111.99,473.05,3415.6,69.49,49.15,1.414,False,,True,R-desk,38,evt_S-61_upper_body_0022,f1a8113867df619c,lap_bag_context,no_pose_observation,34560.0,1.33,,1,cam12/e1/v1,
corpus_03,03.CCTV Mobile Usage.mkv,632de9ed55947761d56d4c6142a3cb1a1fe69d0b1a6d0e01a2e404c697962623,rf_detr_native,133867.0,unknown_object,0.3899,822.33,408.04,865.43,420.8,549.9,43.1,12.76,3.379,False,,True,R-desk,38,evt_S-61_upper_body_0022,f1a8113867df619c,lap_bag_context,no_pose_observation,34560.0,1.33,,1,cam12/e1/v1,
corpus_03,03.CCTV Mobile Usage.mkv,632de9ed55947761d56d4c6142a3cb1a1fe69d0b1a6d0e01a2e404c697962623,rf_detr_native,133867.0,unknown_object,0.7359,960.63,452.35,1055.18,479.97,2611.4,94.55,27.62,3.423,False,,True,R-desk,36,evt_S-61_upper_body_0022,f1a8113867df619c,lap_bag_context,no_pose_observation,34560.0,1.33,,1,cam12/e1/v1,
corpus_03,03.CCTV Mobile Usage.mkv,632de9ed55947761d56d4c6142a3cb1a1fe69d0b1a6d0e01a2e404c697962623,rf_detr_native,133867.0,unknown_object,0.4145,864.52,413.35,893.29,438.28,717.5,28.77,24.94,1.154,False,,True,R-desk,36,evt_S-61_upper_body_0022,f1a8113867df619c,lap_bag_context,no_pose_observation,34560.0,1.33,,1,cam12/e1/v1,
corpus_03,03.CCTV Mobile Usage.mkv,632de9ed55947761d56d4c6142a3cb1a1fe69d0b1a6d0e01a2e404c697962623,rf_detr_native,133867.0,unknown_object,0.4046,1042.5,423.89,1111.99,473.05,3415.6,69.49,49.15,1.414,False,,True,R-desk,36,evt_S-61_upper_body_0022,f1a8113867df619c,lap_bag_context,no_pose_observation,34560.0,1.33,,1,cam12/e1/v1,
corpus_03,03.CCTV Mobile Usage.mkv,632de9ed55947761d56d4c6142a3cb1a1fe69d0b1a6d0e01a2e404c697962623,rf_detr_native,133867.0,unknown_object,0.3899,822.33,408.04,865.43,420.8,549.9,43.1,12.76,3.379,False,,True,R-desk,36,evt_S-61_upper_body_0022,f1a8113867df619c,lap_bag_context,no_pose_observation,34560.0,1.33,,1,cam12/e1/v1,
corpus_03,03.CCTV Mobile Usage.mkv,632de9ed55947761d56d4c6142a3cb1a1fe69d0b1a6d0e01a2e404c697962623,rf_detr_native,134867.0,unknown_object,0.7089,960.78,452.37,1053.71,479.97,2564.2,92.93,27.59,3.368,False,,True,R-desk,36,evt_S-61_upper_body_0022,0e31788d13d3d0fd,lap_bag_context,no_pose_observation,34560.0,1.33,,1,cam12/e1/v1,
corpus_03,03.CCTV Mobile Usage.mkv,632de9ed55947761d56d4c6142a3cb1a1fe69d0b1a6d0e01a2e404c697962623,rf_detr_native,134867.0,unknown_object,0.3904,1042.66,423.79,1111.85,473.04,3407.6,69.19,49.25,1.405,False,,True,R-desk,36,evt_S-61_upper_body_0022,0e31788d13d3d0fd,lap_bag_context,no_pose_observation,34560.0,1.33,,1,cam12/e1/v1,
corpus_03,03.CCTV Mobile Usage.mkv,632de9ed55947761d56d4c6142a3cb1a1fe69d0b1a6d0e01a2e404c697962623,rf_detr_native,134867.0,unknown_object,0.3346,821.69,408.04,865.52,420.79,558.5,43.83,12.74,3.439,False,,True,R-desk,36,evt_S-61_upper_body_0022,0e31788d13d3d0fd,lap_bag_context,no_pose_observation,34560.0,1.33,,1,cam12/e1/v1,
corpus_03,03.CCTV Mobile Usage.mkv,632de9ed55947761d56d4c6142a3cb1a1fe69d0b1a6d0e01a2e404c697962623,rf_detr_native,134867.0,unknown_object,0.3199,864.25,413.34,892.89,438.23,712.8,28.64,24.89,1.151,False,,True,R-desk,36,evt_S-61_upper_body_0022,0e31788d13d3d0fd,lap_bag_context,no_pose_observation,34560.0,1.33,,1,cam12/e1/v1,
corpus_03,03.CCTV Mobile Usage.mkv,632de9ed55947761d56d4c6142a3cb1a1fe69d0b1a6d0e01a2e404c697962623,rf_detr_native,134867.0,unknown_object,0.7089,960.78,452.37,1053.71,479.97,2564.2,92.93,27.59,3.368,False,,True,R-desk,38,evt_S-61_upper_body_0022,0e31788d13d3d0fd,lap_bag_context,no_pose_observation,34560.0,1.33,,1,cam12/e1/v1,
corpus_03,03.CCTV Mobile Usage.mkv,632de9ed55947761d56d4c6142a3cb1a1fe69d0b1a6d0e01a2e404c697962623,rf_detr_native,134867.0,unknown_object,0.3904,1042.66,423.79,1111.85,473.04,3407.6,69.19,49.25,1.405,False,,True,R-desk,38,evt_S-61_upper_body_0022,0e31788d13d3d0fd,lap_bag_context,no_pose_observation,34560.0,1.33,,1,cam12/e1/v1,
corpus_03,03.CCTV Mobile Usage.mkv,632de9ed55947761d56d4c6142a3cb1a1fe69d0b1a6d0e01a2e404c697962623,rf_detr_native,134867.0,unknown_object,0.3346,821.69,408.04,865.52,420.79,558.5,43.83,12.74,3.439,False,,True,R-desk,38,evt_S-61_upper_body_0022,0e31788d13d3d0fd,lap_bag_context,no_pose_observation,34560.0,1.33,,1,cam12/e1/v1,
corpus_03,03.CCTV Mobile Usage.mkv,632de9ed55947761d56d4c6142a3cb1a1fe69d0b1a6d0e01a2e404c697962623,rf_detr_native,134867.0,unknown_object,0.3199,864.25,413.34,892.89,438.23,712.8,28.64,24.89,1.151,False,,True,R-desk,38,evt_S-61_upper_body_0022,0e31788d13d3d0fd,lap_bag_context,no_pose_observation,34560.0,1.33,,1,cam12/e1/v1,
corpus_03,03.CCTV Mobile Usage.mkv,632de9ed55947761d56d4c6142a3cb1a1fe69d0b1a6d0e01a2e404c697962623,rf_detr_native,135583.0,unknown_object,0.2515,144.2,463.0,242.96,621.0,15603.8,98.76,158.0,0.625,False,,True,S-61,33,evt_S-61_desk_work_surface_0007,a63530a8077c6717,pose_hand_context,,24983.0,4.05,,1,cam12/e1/v1,rtmpose_baseline
corpus_03,03.CCTV Mobile Usage.mkv,632de9ed55947761d56d4c6142a3cb1a1fe69d0b1a6d0e01a2e404c697962623,rf_detr_native,135583.0,unknown_object,0.8072,960.91,452.31,1055.74,479.98,2623.7,94.83,27.67,3.427,False,,True,R-desk,38,evt_S-61_desk_work_surface_0007,daa38b05f0c1050d,lap_bag_context,no_pose_observation,34560.0,1.33,,1,cam12/e1/v1,
corpus_03,03.CCTV Mobile Usage.mkv,632de9ed55947761d56d4c6142a3cb1a1fe69d0b1a6d0e01a2e404c697962623,rf_detr_native,135583.0,unknown_object,0.5302,1043.24,423.15,1111.92,473.34,3447.6,68.68,50.2,1.368,False,,True,R-desk,38,evt_S-61_desk_work_surface_0007,daa38b05f0c1050d,lap_bag_context,no_pose_observation,34560.0,1.33,,1,cam12/e1/v1,
corpus_03,03.CCTV Mobile Usage.mkv,632de9ed55947761d56d4c6142a3cb1a1fe69d0b1a6d0e01a2e404c697962623,rf_detr_native,135583.0,unknown_object,0.5068,822.2,408.03,865.54,420.82,554.6,43.34,12.8,3.386,False,,True,R-desk,38,evt_S-61_desk_work_surface_0007,daa38b05f0c1050d,lap_bag_context,no_pose_observation,34560.0,1.33,,1,cam12/e1/v1,
corpus_03,03.CCTV Mobile Usage.mkv,632de9ed55947761d56d4c6142a3cb1a1fe69d0b1a6d0e01a2e404c697962623,rf_detr_native,135583.0,unknown_object,0.4637,864.42,413.37,893.16,438.19,713.3,28.74,24.82,1.158,False,,True,R-desk,38,evt_S-61_desk_work_surface_0007,daa38b05f0c1050d,lap_bag_context,no_pose_observation,34560.0,1.33,,1,cam12/e1/v1,
corpus_03,03.CCTV Mobile Usage.mkv,632de9ed55947761d56d4c6142a3cb1a1fe69d0b1a6d0e01a2e404c697962623,rf_detr_native,135583.0,unknown_object,0.3159,980.66,408.04,1113.89,474.45,8848.0,133.23,66.41,2.006,False,,True,R-desk,38,evt_S-61_desk_work_surface_0007,daa38b05f0c1050d,lap_bag_context,no_pose_observation,34560.0,1.33,,1,cam12/e1/v1,
corpus_03,03.CCTV Mobile Usage.mkv,632de9ed55947761d56d4c6142a3cb1a1fe69d0b1a6d0e01a2e404c697962623,rf_detr_native,135583.0,unknown_object,0.2734,1040.87,411.88,1112.58,473.84,4443.0,71.71,61.96,1.157,False,,True,R-desk,38,evt_S-61_desk_work_surface_0007,daa38b05f0c1050d,lap_bag_context,no_pose_observation,34560.0,1.33,,1,cam12/e1/v1,
corpus_03,03.CCTV Mobile Usage.mkv,632de9ed55947761d56d4c6142a3cb1a1fe69d0b1a6d0e01a2e404c697962623,rf_detr_native,135583.0,unknown_object,0.2589,882.65,408.0,938.71,453.3,2540.0,56.07,45.3,1.238,False,,True,R-desk,38,evt_S-61_desk_work_surface_0007,daa38b05f0c1050d,lap_bag_context,no_pose_observation,34560.0,1.33,,1,cam12/e1/v1,
corpus_03,03.CCTV Mobile Usage.mkv,632de9ed55947761d56d4c6142a3cb1a1fe69d0b1a6d0e01a2e404c697962623,rf_detr_native,135583.0,unknown_object,0.8072,960.91,452.31,1055.74,479.98,2623.7,94.83,27.67,3.427,False,,True,R-desk,39,evt_S-61_desk_work_surface_0007,daa38b05f0c1050d,lap_bag_context,no_pose_observation,34560.0,1.33,,1,cam12/e1/v1,
corpus_03,03.CCTV Mobile Usage.mkv,632de9ed55947761d56d4c6142a3cb1a1fe69d0b1a6d0e01a2e404c697962623,rf_detr_native,135583.0,unknown_object,0.5302,1043.24,423.15,1111.92,473.34,3447.6,68.68,50.2,1.368,False,,True,R-desk,39,evt_S-61_desk_work_surface_0007,daa38b05f0c1050d,lap_bag_context,no_pose_observation,34560.0,1.33,,1,cam12/e1/v1,
corpus_03,03.CCTV Mobile Usage.mkv,632de9ed55947761d56d4c6142a3cb1a1fe69d0b1a6d0e01a2e404c697962623,rf_detr_native,135583.0,unknown_object,0.5068,822.2,408.03,865.54,420.82,554.6,43.34,12.8,3.386,False,,True,R-desk,39,evt_S-61_desk_work_surface_0007,daa38b05f0c1050d,lap_bag_context,no_pose_observation,34560.0,1.33,,1,cam12/e1/v1,
corpus_03,03.CCTV Mobile Usage.mkv,632de9ed55947761d56d4c6142a3cb1a1fe69d0b1a6d0e01a2e404c697962623,rf_detr_native,135583.0,unknown_object,0.4637,864.42,413.37,893.16,438.19,713.3,28.74,24.82,1.158,False,,True,R-desk,39,evt_S-61_desk_work_surface_0007,daa38b05f0c1050d,lap_bag_context,no_pose_observation,34560.0,1.33,,1,cam12/e1/v1,
corpus_03,03.CCTV Mobile Usage.mkv,632de9ed55947761d56d4c6142a3cb1a1fe69d0b1a6d0e01a2e404c697962623,rf_detr_native,135583.0,unknown_object,0.3159,980.66,408.04,1113.89,474.45,8848.0,133.23,66.41,2.006,False,,True,R-desk,39,evt_S-61_desk_work_surface_0007,daa38b05f0c1050d,lap_bag_context,no_pose_observation,34560.0,1.33,,1,cam12/e1/v1,
corpus_03,03.CCTV Mobile Usage.mkv,632de9ed55947761d56d4c6142a3cb1a1fe69d0b1a6d0e01a2e404c697962623,rf_detr_native,135583.0,unknown_object,0.2734,1040.87,411.88,1112.58,473.84,4443.0,71.71,61.96,1.157,False,,True,R-desk,39,evt_S-61_desk_work_surface_0007,daa38b05f0c1050d,lap_bag_context,no_pose_observation,34560.0,1.33,,1,cam12/e1/v1,
corpus_03,03.CCTV Mobile Usage.mkv,632de9ed55947761d56d4c6142a3cb1a1fe69d0b1a6d0e01a2e404c697962623,rf_detr_native,135583.0,unknown_object,0.2589,882.65,408.0,938.71,453.3,2540.0,56.07,45.3,1.238,False,,True,R-desk,39,evt_S-61_desk_work_surface_0007,daa38b05f0c1050d,lap_bag_context,no_pose_observation,34560.0,1.33,,1,cam12/e1/v1,
corpus_03,03.CCTV Mobile Usage.mkv,632de9ed55947761d56d4c6142a3cb1a1fe69d0b1a6d0e01a2e404c697962623,rf_detr_native,135867.0,unknown_object,0.8015,960.72,452.28,1055.79,479.99,2634.0,95.07,27.71,3.431,False,,True,R-desk,38,evt_S-61_upper_body_0022,ddc3448c69a0dfb5,lap_bag_context,no_pose_observation,34560.0,1.33,,1,cam12/e1/v1,
corpus_03,03.CCTV Mobile Usage.mkv,632de9ed55947761d56d4c6142a3cb1a1fe69d0b1a6d0e01a2e404c697962623,rf_detr_native,135867.0,unknown_object,0.5216,822.01,408.03,865.59,420.81,557.3,43.58,12.79,3.408,False,,True,R-desk,38,evt_S-61_upper_body_0022,ddc3448c69a0dfb5,lap_bag_context,no_pose_observation,34560.0,1.33,,1,cam12/e1/v1,
corpus_03,03.CCTV Mobile Usage.mkv,632de9ed55947761d56d4c6142a3cb1a1fe69d0b1a6d0e01a2e404c697962623,rf_detr_native,135867.0,unknown_object,0.5191,1042.96,422.9,1111.87,473.4,3479.5,68.9,50.5,1.365,False,,True,R-desk,38,evt_S-61_upper_body_0022,ddc3448c69a0dfb5,lap_bag_context,no_pose_observation,34560.0,1.33,,1,cam12/e1/v1,
corpus_03,03.CCTV Mobile Usage.mkv,632de9ed55947761d56d4c6142a3cb1a1fe69d0b1a6d0e01a2e404c697962623,rf_detr_native,135867.0,unknown_object,0.4739,864.47,413.34,893.01,438.31,712.8,28.54,24.97,1.143,False,,True,R-desk,38,evt_S-61_upper_body_0022,ddc3448c69a0dfb5,lap_bag_context,no_pose_observation,34560.0,1.33,,1,cam12/e1/v1,
corpus_03,03.CCTV Mobile Usage.mkv,632de9ed55947761d56d4c6142a3cb1a1fe69d0b1a6d0e01a2e404c697962623,rf_detr_native,135867.0,unknown_object,0.3305,878.76,408.04,939.64,453.35,2758.3,60.88,45.31,1.344,False,,True,R-desk,38,evt_S-61_upper_body_0022,ddc3448c69a0dfb5,lap_bag_context,no_pose_observation,34560.0,1.33,,1,cam12/e1/v1,
corpus_03,03.CCTV Mobile Usage.mkv,632de9ed55947761d56d4c6142a3cb1a1fe69d0b1a6d0e01a2e404c697962623,rf_detr_native,135867.0,unknown_object,0.282,979.6,408.03,1117.42,474.4,9147.2,137.82,66.37,2.077,False,,True,R-desk,38,evt_S-61_upper_body_0022,ddc3448c69a0dfb5,lap_bag_context,no_pose_observation,34560.0,1.33,,1,cam12/e1/v1,
corpus_03,03.CCTV Mobile Usage.mkv,632de9ed55947761d56d4c6142a3cb1a1fe69d0b1a6d0e01a2e404c697962623,rf_detr_native,135867.0,unknown_object,0.2587,979.22,408.07,1106.15,474.38,8417.0,126.93,66.31,1.914,False,,True,R-desk,38,evt_S-61_upper_body_0022,ddc3448c69a0dfb5,lap_bag_context,no_pose_observation,34560.0,1.33,,1,cam12/e1/v1,
corpus_03,03.CCTV Mobile Usage.mkv,632de9ed55947761d56d4c6142a3cb1a1fe69d0b1a6d0e01a2e404c697962623,rf_detr_native,136583.0,unknown_object,0.8202,960.92,452.16,1056.95,479.97,2670.4,96.03,27.81,3.453,False,,True,R-desk,39,evt_S-61_desk_work_surface_0007,bd8581999b3cb815,lap_bag_context,no_pose_observation,34560.0,1.33,,1,cam12/e1/v1,
corpus_03,03.CCTV Mobile Usage.mkv,632de9ed55947761d56d4c6142a3cb1a1fe69d0b1a6d0e01a2e404c697962623,rf_detr_native,136583.0,unknown_object,0.6356,822.11,408.02,865.47,420.87,557.0,43.36,12.85,3.375,False,,True,R-desk,39,evt_S-61_desk_work_surface_0007,bd8581999b3cb815,lap_bag_context,no_pose_observation,34560.0,1.33,,1,cam12/e1/v1,
corpus_03,03.CCTV Mobile Usage.mkv,632de9ed55947761d56d4c6142a3cb1a1fe69d0b1a6d0e01a2e404c697962623,rf_detr_native,136583.0,unknown_object,0.5571,1042.24,423.46,1112.36,473.52,3510.2,70.12,50.06,1.401,False,,True,R-desk,39,evt_S-61_desk_work_surface_0007,bd8581999b3cb815,lap_bag_context,no_pose_observation,34560.0,1.33,,1,cam12/e1/v1,
corpus_03,03.CCTV Mobile Usage.mkv,632de9ed55947761d56d4c6142a3cb1a1fe69d0b1a6d0e01a2e404c697962623,rf_detr_native,136583.0,unknown_object,0.5476,864.59,413.35,893.02,438.32,709.8,28.42,24.97,1.138,False,,True,R-desk,39,evt_S-61_desk_work_surface_0007,bd8581999b3cb815,lap_bag_context,no_pose_observation,34560.0,1.33,,1,cam12/e1/v1,
corpus_03,03.CCTV Mobile Usage.mkv,632de9ed55947761d56d4c6142a3cb1a1fe69d0b1a6d0e01a2e404c697962623,rf_detr_native,136583.0,unknown_object,0.3222,879.57,408.01,939.84,453.35,2732.3,60.27,45.34,1.329,False,,True,R-desk,39,evt_S-61_desk_work_surface_0007,bd8581999b3cb815,lap_bag_context,no_pose_observation,34560.0,1.33,,1,cam12/e1/v1,
corpus_03,03.CCTV Mobile Usage.mkv,632de9ed55947761d56d4c6142a3cb1a1fe69d0b1a6d0e01a2e404c697962623,rf_detr_native,136583.0,unknown_object,0.2731,979.28,408.17,1112.59,474.13,8793.9,133.31,65.97,2.021,False,,True,R-desk,39,evt_S-61_desk_work_surface_0007,bd8581999b3cb815,lap_bag_context,no_pose_observation,34560.0,1.33,,1,cam12/e1/v1,
corpus_03,03.CCTV Mobile Usage.mkv,632de9ed55947761d56d4c6142a3cb1a1fe69d0b1a6d0e01a2e404c697962623,rf_detr_native,136867.0,unknown_object,0.8202,960.92,452.16,1056.95,479.97,2670.4,96.03,27.81,3.453,False,,True,R-desk,39,evt_S-61_upper_body_0022,9288fa4f7a20cfac,lap_bag_context,no_pose_observation,34560.0,1.33,,1,cam12/e1/v1,
corpus_03,03.CCTV Mobile Usage.mkv,632de9ed55947761d56d4c6142a3cb1a1fe69d0b1a6d0e01a2e404c697962623,rf_detr_native,136867.0,unknown_object,0.6356,822.11,408.02,865.47,420.87,557.0,43.36,12.85,3.375,False,,True,R-desk,39,evt_S-61_upper_body_0022,9288fa4f7a20cfac,lap_bag_context,no_pose_observation,34560.0,1.33,,1,cam12/e1/v1,
corpus_03,03.CCTV Mobile Usage.mkv,632de9ed55947761d56d4c6142a3cb1a1fe69d0b1a6d0e01a2e404c697962623,rf_detr_native,136867.0,unknown_object,0.5571,1042.24,423.46,1112.36,473.52,3510.2,70.12,50.06,1.401,False,,True,R-desk,39,evt_S-61_upper_body_0022,9288fa4f7a20cfac,lap_bag_context,no_pose_observation,34560.0,1.33,,1,cam12/e1/v1,
corpus_03,03.CCTV Mobile Usage.mkv,632de9ed55947761d56d4c6142a3cb1a1fe69d0b1a6d0e01a2e404c697962623,rf_detr_native,136867.0,unknown_object,0.5476,864.59,413.35,893.02,438.32,709.8,28.42,24.97,1.138,False,,True,R-desk,39,evt_S-61_upper_body_0022,9288fa4f7a20cfac,lap_bag_context,no_pose_observation,34560.0,1.33,,1,cam12/e1/v1,
corpus_03,03.CCTV Mobile Usage.mkv,632de9ed55947761d56d4c6142a3cb1a1fe69d0b1a6d0e01a2e404c697962623,rf_detr_native,136867.0,unknown_object,0.3222,879.57,408.01,939.84,453.35,2732.3,60.27,45.34,1.329,False,,True,R-desk,39,evt_S-61_upper_body_0022,9288fa4f7a20cfac,lap_bag_context,no_pose_observation,34560.0,1.33,,1,cam12/e1/v1,
corpus_03,03.CCTV Mobile Usage.mkv,632de9ed55947761d56d4c6142a3cb1a1fe69d0b1a6d0e01a2e404c697962623,rf_detr_native,136867.0,unknown_object,0.2731,979.28,408.17,1112.59,474.13,8793.9,133.31,65.97,2.021,False,,True,R-desk,39,evt_S-61_upper_body_0022,9288fa4f7a20cfac,lap_bag_context,no_pose_observation,34560.0,1.33,,1,cam12/e1/v1,
corpus_03,03.CCTV Mobile Usage.mkv,632de9ed55947761d56d4c6142a3cb1a1fe69d0b1a6d0e01a2e404c697962623,rf_detr_native,137583.0,phone,0.3301,58.0,445.14,72.02,482.7,526.7,14.02,37.57,0.373,False,,True,S-61,33,evt_S-61_desk_work_surface_0007,91d419cfcd5b8430,pose_hand_context,,39045.8,3.24,,1,cam12/e1/v1,rtmpose_baseline
corpus_03,03.CCTV Mobile Usage.mkv,632de9ed55947761d56d4c6142a3cb1a1fe69d0b1a6d0e01a2e404c697962623,rf_detr_native,137583.0,unknown_object,0.3253,58.02,333.0,111.73,395.15,3338.0,53.71,62.15,0.864,False,,True,S-61,33,evt_S-61_desk_work_surface_0007,91d419cfcd5b8430,pose_hand_context,,39045.8,3.24,,1,cam12/e1/v1,rtmpose_baseline
corpus_03,03.CCTV Mobile Usage.mkv,632de9ed55947761d56d4c6142a3cb1a1fe69d0b1a6d0e01a2e404c697962623,rf_detr_native,137583.0,unknown_object,0.2803,106.96,455.01,177.57,520.67,4636.0,70.61,65.66,1.075,False,,True,S-61,33,evt_S-61_desk_work_surface_0007,91d419cfcd5b8430,pose_hand_context,,39045.8,3.24,,1,cam12/e1/v1,rtmpose_baseline
corpus_03,03.CCTV Mobile Usage.mkv,632de9ed55947761d56d4c6142a3cb1a1fe69d0b1a6d0e01a2e404c697962623,rf_detr_native,137583.0,unknown_object,0.2617,65.0,455.0,177.6,530.0,8444.6,112.6,75.0,1.501,False,,True,S-61,33,evt_S-61_desk_work_surface_0007,91d419cfcd5b8430,pose_hand_context,,39045.8,3.24,,1,cam12/e1/v1,rtmpose_baseline
corpus_03,03.CCTV Mobile Usage.mkv,632de9ed55947761d56d4c6142a3cb1a1fe69d0b1a6d0e01a2e404c697962623,rf_detr_native,137867.0,unknown_object,0.8202,960.92,452.16,1056.95,479.97,2670.4,96.03,27.81,3.453,False,,True,R-desk,39,evt_S-61_upper_body_0022,1f6f9d7c495d1041,lap_bag_context,no_pose_observation,34560.0,1.33,,1,cam12/e1/v1,
corpus_03,03.CCTV Mobile Usage.mkv,632de9ed55947761d56d4c6142a3cb1a1fe69d0b1a6d0e01a2e404c697962623,rf_detr_native,137867.0,unknown_object,0.6356,822.11,408.02,865.47,420.87,557.0,43.36,12.85,3.375,False,,True,R-desk,39,evt_S-61_upper_body_0022,1f6f9d7c495d1041,lap_bag_context,no_pose_observation,34560.0,1.33,,1,cam12/e1/v1,
corpus_03,03.CCTV Mobile Usage.mkv,632de9ed55947761d56d4c6142a3cb1a1fe69d0b1a6d0e01a2e404c697962623,rf_detr_native,137867.0,unknown_object,0.5571,1042.24,423.46,1112.36,473.52,3510.2,70.12,50.06,1.401,False,,True,R-desk,39,evt_S-61_upper_body_0022,1f6f9d7c495d1041,lap_bag_context,no_pose_observation,34560.0,1.33,,1,cam12/e1/v1,
corpus_03,03.CCTV Mobile Usage.mkv,632de9ed55947761d56d4c6142a3cb1a1fe69d0b1a6d0e01a2e404c697962623,rf_detr_native,137867.0,unknown_object,0.5476,864.59,413.35,893.02,438.32,709.8,28.42,24.97,1.138,False,,True,R-desk,39,evt_S-61_upper_body_0022,1f6f9d7c495d1041,lap_bag_context,no_pose_observation,34560.0,1.33,,1,cam12/e1/v1,
corpus_03,03.CCTV Mobile Usage.mkv,632de9ed55947761d56d4c6142a3cb1a1fe69d0b1a6d0e01a2e404c697962623,rf_detr_native,137867.0,unknown_object,0.3222,879.57,408.01,939.84,453.35,2732.3,60.27,45.34,1.329,False,,True,R-desk,39,evt_S-61_upper_body_0022,1f6f9d7c495d1041,lap_bag_context,no_pose_observation,34560.0,1.33,,1,cam12/e1/v1,
corpus_03,03.CCTV Mobile Usage.mkv,632de9ed55947761d56d4c6142a3cb1a1fe69d0b1a6d0e01a2e404c697962623,rf_detr_native,137867.0,unknown_object,0.2731,979.28,408.17,1112.59,474.13,8793.9,133.31,65.97,2.021,False,,True,R-desk,39,evt_S-61_upper_body_0022,1f6f9d7c495d1041,lap_bag_context,no_pose_observation,34560.0,1.33,,1,cam12/e1/v1,
corpus_03,03.CCTV Mobile Usage.mkv,632de9ed55947761d56d4c6142a3cb1a1fe69d0b1a6d0e01a2e404c697962623,rf_detr_native,137867.0,unknown_object,0.2842,101.47,456.15,177.35,520.23,4862.4,75.88,64.08,1.184,False,,True,S-61,33,evt_S-61_upper_body_0022,be16d9a66db15103,pose_hand_context,,32170.0,3.57,,1,cam12/e1/v1,rtmpose_baseline
corpus_03,03.CCTV Mobile Usage.mkv,632de9ed55947761d56d4c6142a3cb1a1fe69d0b1a6d0e01a2e404c697962623,rf_detr_native,139867.0,unknown_object,0.8189,960.98,452.18,1062.12,479.94,2807.5,101.13,27.76,3.643,False,,True,R-desk,40,evt_S-61_upper_body_0022,9006d665f9af6662,lap_bag_context,no_pose_observation,34560.0,1.33,,1,cam12/e1/v1,
corpus_03,03.CCTV Mobile Usage.mkv,632de9ed55947761d56d4c6142a3cb1a1fe69d0b1a6d0e01a2e404c697962623,rf_detr_native,139867.0,unknown_object,0.5934,864.69,413.43,893.21,438.61,717.9,28.51,25.18,1.132,False,,True,R-desk,40,evt_S-61_upper_body_0022,9006d665f9af6662,lap_bag_context,no_pose_observation,34560.0,1.33,,1,cam12/e1/v1,
corpus_03,03.CCTV Mobile Usage.mkv,632de9ed55947761d56d4c6142a3cb1a1fe69d0b1a6d0e01a2e404c697962623,rf_detr_native,139867.0,unknown_object,0.5607,821.93,408.03,865.37,420.82,555.2,43.43,12.78,3.398,False,,True,R-desk,40,evt_S-61_upper_body_0022,9006d665f9af6662,lap_bag_context,no_pose_observation,34560.0,1.33,,1,cam12/e1/v1,
corpus_03,03.CCTV Mobile Usage.mkv,632de9ed55947761d56d4c6142a3cb1a1fe69d0b1a6d0e01a2e404c697962623,rf_detr_native,139867.0,unknown_object,0.551,1041.72,423.04,1112.56,472.86,3529.6,70.84,49.83,1.422,False,,True,R-desk,40,evt_S-61_upper_body_0022,9006d665f9af6662,lap_bag_context,no_pose_observation,34560.0,1.33,,1,cam12/e1/v1,
corpus_03,03.CCTV Mobile Usage.mkv,632de9ed55947761d56d4c6142a3cb1a1fe69d0b1a6d0e01a2e404c697962623,rf_detr_native,139867.0,unknown_object,0.3191,1041.85,422.98,1089.99,465.83,2062.4,48.13,42.85,1.123,False,,True,R-desk,40,evt_S-61_upper_body_0022,9006d665f9af6662,lap_bag_context,no_pose_observation,34560.0,1.33,,1,cam12/e1/v1,
corpus_03,03.CCTV Mobile Usage.mkv,632de9ed55947761d56d4c6142a3cb1a1fe69d0b1a6d0e01a2e404c697962623,rf_detr_native,139867.0,unknown_object,0.3051,880.41,408.23,937.03,453.57,2566.7,56.62,45.33,1.249,False,,True,R-desk,40,evt_S-61_upper_body_0022,9006d665f9af6662,lap_bag_context,no_pose_observation,34560.0,1.33,,1,cam12/e1/v1,
corpus_03,03.CCTV Mobile Usage.mkv,632de9ed55947761d56d4c6142a3cb1a1fe69d0b1a6d0e01a2e404c697962623,rf_detr_native,140583.0,unknown_object,0.8501,961.06,452.41,1062.38,479.94,2789.1,101.32,27.53,3.681,False,,True,R-desk,40,evt_S-61_desk_work_surface_0007,cf9ece1f4d8544de,lap_bag_context,no_pose_observation,34560.0,1.33,,1,cam12/e1/v1,
corpus_03,03.CCTV Mobile Usage.mkv,632de9ed55947761d56d4c6142a3cb1a1fe69d0b1a6d0e01a2e404c697962623,rf_detr_native,140583.0,unknown_object,0.5422,864.6,413.46,893.29,438.82,727.7,28.69,25.36,1.131,False,,True,R-desk,40,evt_S-61_desk_work_surface_0007,cf9ece1f4d8544de,lap_bag_context,no_pose_observation,34560.0,1.33,,1,cam12/e1/v1,
corpus_03,03.CCTV Mobile Usage.mkv,632de9ed55947761d56d4c6142a3cb1a1fe69d0b1a6d0e01a2e404c697962623,rf_detr_native,140583.0,unknown_object,0.5052,821.68,408.03,865.54,420.74,557.4,43.86,12.71,3.451,False,,True,R-desk,40,evt_S-61_desk_work_surface_0007,cf9ece1f4d8544de,lap_bag_context,no_pose_observation,34560.0,1.33,,1,cam12/e1/v1,
corpus_03,03.CCTV Mobile Usage.mkv,632de9ed55947761d56d4c6142a3cb1a1fe69d0b1a6d0e01a2e404c697962623,rf_detr_native,140583.0,unknown_object,0.4536,1042.15,422.9,1112.23,472.58,3481.5,70.09,49.67,1.411,False,,True,R-desk,40,evt_S-61_desk_work_surface_0007,cf9ece1f4d8544de,lap_bag_context,no_pose_observation,34560.0,1.33,,1,cam12/e1/v1,
corpus_03,03.CCTV Mobile Usage.mkv,632de9ed55947761d56d4c6142a3cb1a1fe69d0b1a6d0e01a2e404c697962623,rf_detr_native,140583.0,unknown_object,0.2869,880.33,408.23,935.58,453.53,2502.6,55.25,45.3,1.22,False,,True,R-desk,40,evt_S-61_desk_work_surface_0007,cf9ece1f4d8544de,lap_bag_context,no_pose_observation,34560.0,1.33,,1,cam12/e1/v1,
corpus_03,03.CCTV Mobile Usage.mkv,632de9ed55947761d56d4c6142a3cb1a1fe69d0b1a6d0e01a2e404c697962623,rf_detr_native,140583.0,unknown_object,0.2791,982.34,408.16,1105.71,474.17,8144.1,123.37,66.01,1.869,False,,True,R-desk,40,evt_S-61_desk_work_surface_0007,cf9ece1f4d8544de,lap_bag_context,no_pose_observation,34560.0,1.33,,1,cam12/e1/v1,
corpus_03,03.CCTV Mobile Usage.mkv,632de9ed55947761d56d4c6142a3cb1a1fe69d0b1a6d0e01a2e404c697962623,rf_detr_native,140583.0,unknown_object,0.2746,1042.21,422.47,1089.25,466.36,2065.0,47.05,43.89,1.072,False,,True,R-desk,40,evt_S-61_desk_work_surface_0007,cf9ece1f4d8544de,lap_bag_context,no_pose_observation,34560.0,1.33,,1,cam12/e1/v1,
corpus_03,03.CCTV Mobile Usage.mkv,632de9ed55947761d56d4c6142a3cb1a1fe69d0b1a6d0e01a2e404c697962623,rf_detr_native,140583.0,unknown_object,0.2621,1040.49,408.35,1114.41,473.87,4842.5,73.92,65.51,1.128,False,,True,R-desk,40,evt_S-61_desk_work_surface_0007,cf9ece1f4d8544de,lap_bag_context,no_pose_observation,34560.0,1.33,,1,cam12/e1/v1,
corpus_03,03.CCTV Mobile Usage.mkv,632de9ed55947761d56d4c6142a3cb1a1fe69d0b1a6d0e01a2e404c697962623,rf_detr_native,156383.0,unknown_object,0.4328,103.0,382.39,173.33,502.0,8412.4,70.33,119.61,0.588,False,,True,S-61,41,evt_S-61_desk_work_surface_0008,10f4138e905a317a,pose_hand_context,,29343.7,3.74,,1,cam12/e1/v1,rtmpose_baseline
corpus_03,03.CCTV Mobile Usage.mkv,632de9ed55947761d56d4c6142a3cb1a1fe69d0b1a6d0e01a2e404c697962623,rf_detr_native,156383.0,unknown_object,0.3023,103.0,330.05,174.98,501.52,12341.1,71.98,171.46,0.42,False,,True,S-61,41,evt_S-61_desk_work_surface_0008,10f4138e905a317a,pose_hand_context,,29343.7,3.74,,1,cam12/e1/v1,rtmpose_baseline
corpus_03,03.CCTV Mobile Usage.mkv,632de9ed55947761d56d4c6142a3cb1a1fe69d0b1a6d0e01a2e404c697962623,rf_detr_native,160067.0,unknown_object,0.2515,63.0,498.86,157.92,524.0,2386.5,94.92,25.14,3.776,False,,True,S-61,41,evt_S-61_desk_work_surface_0009,caa78e1300eab2f7,pose_hand_context,,33841.3,3.48,,1,cam12/e1/v1,rtmpose_baseline
corpus_03,03.CCTV Mobile Usage.mkv,632de9ed55947761d56d4c6142a3cb1a1fe69d0b1a6d0e01a2e404c697962623,rf_detr_native,160383.0,unknown_object,0.4112,77.76,328.0,175.21,428.15,9759.8,97.45,100.15,0.973,False,,True,S-61,41,evt_S-61_desk_work_surface_0008,6eb381d66ec56f06,pose_hand_context,,42074.2,3.12,,1,cam12/e1/v1,rtmpose_baseline
corpus_03,03.CCTV Mobile Usage.mkv,632de9ed55947761d56d4c6142a3cb1a1fe69d0b1a6d0e01a2e404c697962623,rf_detr_native,160383.0,unknown_object,0.3783,53.03,328.01,109.63,388.29,3411.2,56.59,60.28,0.939,False,,True,S-61,41,evt_S-61_desk_work_surface_0008,6eb381d66ec56f06,pose_hand_context,,42074.2,3.12,,1,cam12/e1/v1,rtmpose_baseline
corpus_03,03.CCTV Mobile Usage.mkv,632de9ed55947761d56d4c6142a3cb1a1fe69d0b1a6d0e01a2e404c697962623,rf_detr_native,160383.0,unknown_object,0.357,75.82,328.0,175.37,428.05,9959.1,99.54,100.05,0.995,False,,True,S-61,41,evt_S-61_desk_work_surface_0008,6eb381d66ec56f06,pose_hand_context,,42074.2,3.12,,1,cam12/e1/v1,rtmpose_baseline
corpus_03,03.CCTV Mobile Usage.mkv,632de9ed55947761d56d4c6142a3cb1a1fe69d0b1a6d0e01a2e404c697962623,rf_detr_native,160383.0,unknown_object,0.3379,53.0,328.0,175.27,427.8,12202.8,122.27,99.8,1.225,False,,True,S-61,41,evt_S-61_desk_work_surface_0008,6eb381d66ec56f06,pose_hand_context,,42074.2,3.12,,1,cam12/e1/v1,rtmpose_baseline
corpus_03,03.CCTV Mobile Usage.mkv,632de9ed55947761d56d4c6142a3cb1a1fe69d0b1a6d0e01a2e404c697962623,rf_detr_native,160383.0,unknown_object,0.2789,53.58,498.57,169.03,532.97,3971.9,115.45,34.4,3.356,False,,True,S-61,41,evt_S-61_desk_work_surface_0008,6eb381d66ec56f06,pose_hand_context,,42074.2,3.12,,1,cam12/e1/v1,rtmpose_baseline
corpus_03,03.CCTV Mobile Usage.mkv,632de9ed55947761d56d4c6142a3cb1a1fe69d0b1a6d0e01a2e404c697962623,rf_detr_native,161067.0,unknown_object,0.2931,42.05,341.46,203.2,581.0,38601.9,161.15,239.54,0.673,False,,True,S-61,41,evt_S-61_desk_work_surface_0009,ddae060e7fec4511,pose_hand_context,,57484.9,2.67,,1,cam12/e1/v1,rtmpose_baseline
corpus_03,03.CCTV Mobile Usage.mkv,632de9ed55947761d56d4c6142a3cb1a1fe69d0b1a6d0e01a2e404c697962623,rf_detr_native,161067.0,unknown_object,0.2895,42.18,358.95,202.03,581.0,35495.9,159.86,222.05,0.72,False,,True,S-61,41,evt_S-61_desk_work_surface_0009,ddae060e7fec4511,pose_hand_context,,57484.9,2.67,,1,cam12/e1/v1,rtmpose_baseline
corpus_03,03.CCTV Mobile Usage.mkv,632de9ed55947761d56d4c6142a3cb1a1fe69d0b1a6d0e01a2e404c697962623,rf_detr_native,161067.0,unknown_object,0.2677,42.0,341.0,111.84,385.49,3107.2,69.84,44.49,1.57,False,,True,S-61,41,evt_S-61_desk_work_surface_0009,ddae060e7fec4511,pose_hand_context,,57484.9,2.67,,1,cam12/e1/v1,rtmpose_baseline
corpus_03,03.CCTV Mobile Usage.mkv,632de9ed55947761d56d4c6142a3cb1a1fe69d0b1a6d0e01a2e404c697962623,rf_detr_native,165067.0,unknown_object,0.3178,57.04,464.08,170.75,543.0,8974.9,113.71,78.92,1.441,False,,True,S-61,41,evt_S-61_desk_work_surface_0009,395543345cad2d74,pose_hand_context,,22807.0,4.24,,1,cam12/e1/v1,rtmpose_baseline
corpus_03,03.CCTV Mobile Usage.mkv,632de9ed55947761d56d4c6142a3cb1a1fe69d0b1a6d0e01a2e404c697962623,rf_detr_native,165067.0,bag,0.2676,76.57,392.0,177.96,446.68,5543.2,101.38,54.68,1.854,False,,True,S-61,41,evt_S-61_desk_work_surface_0009,395543345cad2d74,pose_hand_context,,22807.0,4.24,,1,cam12/e1/v1,rtmpose_baseline
corpus_03,03.CCTV Mobile Usage.mkv,632de9ed55947761d56d4c6142a3cb1a1fe69d0b1a6d0e01a2e404c697962623,rf_detr_native,166067.0,bag,0.3003,73.47,374.0,177.14,447.16,7584.5,103.67,73.16,1.417,False,,True,S-61,41,evt_S-61_desk_work_surface_0009,0c7517c98226e31d,pose_hand_context,,25497.7,4.01,,1,cam12/e1/v1,rtmpose_baseline
corpus_03,03.CCTV Mobile Usage.mkv,632de9ed55947761d56d4c6142a3cb1a1fe69d0b1a6d0e01a2e404c697962623,rf_detr_native,166067.0,bag,0.2944,73.47,374.0,177.14,447.16,7584.5,103.67,73.16,1.417,False,,True,S-61,41,evt_S-61_desk_work_surface_0009,0c7517c98226e31d,pose_hand_context,,25497.7,4.01,,1,cam12/e1/v1,rtmpose_baseline
corpus_03,03.CCTV Mobile Usage.mkv,632de9ed55947761d56d4c6142a3cb1a1fe69d0b1a6d0e01a2e404c697962623,rf_detr_native,167067.0,unknown_object,0.281,130.0,458.81,249.02,631.88,20599.6,119.02,173.07,0.688,False,,True,S-61,41,evt_S-61_desk_work_surface_0009,d38e7e1208f0e995,pose_hand_context,,31598.6,3.6,,1,cam12/e1/v1,rtmpose_baseline
corpus_03,03.CCTV Mobile Usage.mkv,632de9ed55947761d56d4c6142a3cb1a1fe69d0b1a6d0e01a2e404c697962623,rf_detr_native,168067.0,bag,0.3252,71.83,380.0,177.55,448.76,7269.1,105.72,68.76,1.538,False,,True,S-61,41,evt_S-61_desk_work_surface_0009,072257dc5fed13e5,pose_hand_context,,18884.3,4.66,,1,cam12/e1/v1,rtmpose_baseline
corpus_03,03.CCTV Mobile Usage.mkv,632de9ed55947761d56d4c6142a3cb1a1fe69d0b1a6d0e01a2e404c697962623,rf_detr_native,169067.0,bag,0.3954,74.72,401.0,176.72,454.3,5435.8,101.99,53.3,1.914,False,,True,S-61,41,evt_S-61_desk_work_surface_0009,d7ea696609167034,pose_hand_context,,17297.5,4.87,,1,cam12/e1/v1,rtmpose_baseline
corpus_03,03.CCTV Mobile Usage.mkv,632de9ed55947761d56d4c6142a3cb1a1fe69d0b1a6d0e01a2e404c697962623,rf_detr_native,172383.0,stationery,0.3332,66.0,469.28,155.8,524.06,4919.8,89.8,54.79,1.639,False,,True,S-61,42,evt_S-61_desk_work_surface_0010,350a73bad131f1b8,pose_hand_context,,25664.0,4.0,,1,cam12/e1/v1,rtmpose_baseline
corpus_03,03.CCTV Mobile Usage.mkv,632de9ed55947761d56d4c6142a3cb1a1fe69d0b1a6d0e01a2e404c697962623,rf_detr_native,172383.0,stationery,0.285,66.07,501.05,93.66,570.74,1922.7,27.59,69.7,0.396,False,,True,S-61,42,evt_S-61_desk_work_surface_0010,350a73bad131f1b8,pose_hand_context,,25664.0,4.0,,1,cam12/e1/v1,rtmpose_baseline
corpus_03,03.CCTV Mobile Usage.mkv,632de9ed55947761d56d4c6142a3cb1a1fe69d0b1a6d0e01a2e404c697962623,rf_detr_native,173383.0,bag,0.4302,78.14,366.0,176.99,443.14,7624.9,98.85,77.14,1.281,False,,True,S-61,42,evt_S-61_desk_work_surface_0010,7f1684b90a55e8eb,pose_hand_context,,30109.2,3.69,,1,cam12/e1/v1,rtmpose_baseline
corpus_03,03.CCTV Mobile Usage.mkv,632de9ed55947761d56d4c6142a3cb1a1fe69d0b1a6d0e01a2e404c697962623,rf_detr_native,175383.0,unknown_object,0.357,105.0,442.85,161.7,515.45,4116.7,56.7,72.6,0.781,False,,True,S-61,42,evt_S-61_desk_work_surface_0010,bc47ca5eb507b04d,pose_hand_context,,32098.3,3.57,,1,cam12/e1/v1,rtmpose_baseline
corpus_03,03.CCTV Mobile Usage.mkv,632de9ed55947761d56d4c6142a3cb1a1fe69d0b1a6d0e01a2e404c697962623,rf_detr_native,175383.0,unknown_object,0.2773,105.0,443.79,176.48,536.55,6630.9,71.48,92.76,0.771,False,,True,S-61,42,evt_S-61_desk_work_surface_0010,bc47ca5eb507b04d,pose_hand_context,,32098.3,3.57,,1,cam12/e1/v1,rtmpose_baseline
corpus_03,03.CCTV Mobile Usage.mkv,632de9ed55947761d56d4c6142a3cb1a1fe69d0b1a6d0e01a2e404c697962623,rf_detr_native,180900.0,bag,0.4327,14.88,278.0,108.86,359.11,7622.7,93.98,81.11,1.159,False,,True,S-61,43,evt_S-61_desk_work_surface_0011,0b9ec7eed2bacf5b,pose_hand_context,,37799.1,3.29,,1,cam12/e1/v1,rtmpose_baseline
corpus_03,03.CCTV Mobile Usage.mkv,632de9ed55947761d56d4c6142a3cb1a1fe69d0b1a6d0e01a2e404c697962623,rf_detr_native,180900.0,unknown_object,0.2952,115.02,278.0,173.45,369.7,5358.3,58.43,91.7,0.637,False,,True,S-61,43,evt_S-61_desk_work_surface_0011,0b9ec7eed2bacf5b,pose_hand_context,,37799.1,3.29,,1,cam12/e1/v1,rtmpose_baseline
corpus_03,03.CCTV Mobile Usage.mkv,632de9ed55947761d56d4c6142a3cb1a1fe69d0b1a6d0e01a2e404c697962623,rf_detr_native,180900.0,unknown_object,0.255,14.88,278.0,108.86,359.11,7622.7,93.98,81.11,1.159,False,,True,S-61,43,evt_S-61_desk_work_surface_0011,0b9ec7eed2bacf5b,pose_hand_context,,37799.1,3.29,,1,cam12/e1/v1,rtmpose_baseline
corpus_03,03.CCTV Mobile Usage.mkv,632de9ed55947761d56d4c6142a3cb1a1fe69d0b1a6d0e01a2e404c697962623,rf_detr_native,183900.0,unknown_object,0.3116,74.0,378.39,85.4,441.39,718.4,11.4,63.0,0.181,False,,True,S-61,43,evt_S-61_desk_work_surface_0011,59b6bfd1e62d29fb,pose_hand_context,,48461.6,2.91,,1,cam12/e1/v1,rtmpose_baseline
corpus_03,03.CCTV Mobile Usage.mkv,632de9ed55947761d56d4c6142a3cb1a1fe69d0b1a6d0e01a2e404c697962623,rf_detr_native,183900.0,unknown_object,0.2668,74.0,378.0,85.51,479.13,1163.6,11.51,101.13,0.114,False,,True,S-61,43,evt_S-61_desk_work_surface_0011,59b6bfd1e62d29fb,pose_hand_context,,48461.6,2.91,,1,cam12/e1/v1,rtmpose_baseline
corpus_03,03.CCTV Mobile Usage.mkv,632de9ed55947761d56d4c6142a3cb1a1fe69d0b1a6d0e01a2e404c697962623,rf_detr_native,184900.0,unknown_object,0.3122,62.0,332.0,110.25,385.72,2592.3,48.25,53.72,0.898,False,,True,S-61,43,evt_S-61_desk_work_surface_0011,7fdfd314c4f1fd2a,pose_hand_context,,41477.4,3.14,,1,cam12/e1/v1,rtmpose_baseline
corpus_03,03.CCTV Mobile Usage.mkv,632de9ed55947761d56d4c6142a3cb1a1fe69d0b1a6d0e01a2e404c697962623,rf_detr_native,185900.0,bag,0.324,80.38,382.56,159.33,456.01,5799.7,78.95,73.46,1.075,False,,True,S-61,43,evt_S-61_desk_work_surface_0011,4e9267c05a309422,pose_hand_context,,50319.5,2.85,,1,cam12/e1/v1,rtmpose_baseline
corpus_03,03.CCTV Mobile Usage.mkv,632de9ed55947761d56d4c6142a3cb1a1fe69d0b1a6d0e01a2e404c697962623,rf_detr_native,185900.0,phone,0.2661,52.0,437.93,72.03,480.57,853.9,20.03,42.63,0.47,False,,True,S-61,43,evt_S-61_desk_work_surface_0011,4e9267c05a309422,pose_hand_context,,50319.5,2.85,,1,cam12/e1/v1,rtmpose_baseline
corpus_03,03.CCTV Mobile Usage.mkv,632de9ed55947761d56d4c6142a3cb1a1fe69d0b1a6d0e01a2e404c697962623,rf_detr_native,186900.0,unknown_object,0.2876,48.0,328.0,109.21,388.03,3674.4,61.21,60.03,1.02,False,,True,S-61,43,evt_S-61_desk_work_surface_0011,b7bdb405893ab3c6,pose_hand_context,,53527.4,2.77,,1,cam12/e1/v1,rtmpose_baseline
corpus_03,03.CCTV Mobile Usage.mkv,632de9ed55947761d56d4c6142a3cb1a1fe69d0b1a6d0e01a2e404c697962623,rf_detr_native,186900.0,unknown_object,0.2851,48.39,492.98,174.91,559.73,8444.6,126.52,66.74,1.896,False,,True,S-61,43,evt_S-61_desk_work_surface_0011,b7bdb405893ab3c6,pose_hand_context,,53527.4,2.77,,1,cam12/e1/v1,rtmpose_baseline
corpus_03,03.CCTV Mobile Usage.mkv,632de9ed55947761d56d4c6142a3cb1a1fe69d0b1a6d0e01a2e404c697962623,rf_detr_native,186900.0,unknown_object,0.2835,121.87,479.04,171.3,511.59,1608.4,49.43,32.54,1.519,False,,True,S-61,43,evt_S-61_desk_work_surface_0011,b7bdb405893ab3c6,pose_hand_context,,53527.4,2.77,,1,cam12/e1/v1,rtmpose_baseline
corpus_03,03.CCTV Mobile Usage.mkv,632de9ed55947761d56d4c6142a3cb1a1fe69d0b1a6d0e01a2e404c697962623,rf_detr_native,186900.0,unknown_object,0.2621,79.82,328.0,176.65,456.13,12406.6,96.83,128.13,0.756,False,,True,S-61,43,evt_S-61_desk_work_surface_0011,b7bdb405893ab3c6,pose_hand_context,,53527.4,2.77,,1,cam12/e1/v1,rtmpose_baseline
corpus_03,03.CCTV Mobile Usage.mkv,632de9ed55947761d56d4c6142a3cb1a1fe69d0b1a6d0e01a2e404c697962623,rf_detr_native,187900.0,bag,0.2595,75.43,401.0,175.67,454.45,5357.8,100.23,53.45,1.875,False,,True,S-61,43,evt_S-61_desk_work_surface_0011,4bf3398ba8046c09,pose_hand_context,,29908.2,3.7,,1,cam12/e1/v1,rtmpose_baseline
corpus_03,03.CCTV Mobile Usage.mkv,632de9ed55947761d56d4c6142a3cb1a1fe69d0b1a6d0e01a2e404c697962623,rf_detr_native,188900.0,unknown_object,0.3229,822.05,6.83,855.0,44.82,1252.1,32.96,37.99,0.868,False,,True,unattributed,45,evt_S-61_desk_work_surface_0011,d5629fce5745428f,native_source_context_fallback,no_pose_observation,6264.2,6.73,,1,cam12/e1/v1,
corpus_03,03.CCTV Mobile Usage.mkv,632de9ed55947761d56d4c6142a3cb1a1fe69d0b1a6d0e01a2e404c697962623,rf_detr_native,188900.0,monitor_or_bezel,0.299,822.05,6.83,855.0,44.82,1252.1,32.96,37.99,0.868,False,,True,unattributed,45,evt_S-61_desk_work_surface_0011,d5629fce5745428f,native_source_context_fallback,no_pose_observation,6264.2,6.73,,1,cam12/e1/v1,
corpus_03,03.CCTV Mobile Usage.mkv,632de9ed55947761d56d4c6142a3cb1a1fe69d0b1a6d0e01a2e404c697962623,rf_detr_native,188900.0,bag,0.2666,822.19,5.72,886.24,94.44,5682.4,64.05,88.72,0.722,False,,True,unattributed,45,evt_S-61_desk_work_surface_0011,d5629fce5745428f,native_source_context_fallback,no_pose_observation,6264.2,6.73,,1,cam12/e1/v1,
corpus_03,03.CCTV Mobile Usage.mkv,632de9ed55947761d56d4c6142a3cb1a1fe69d0b1a6d0e01a2e404c697962623,rf_detr_native,190900.0,unknown_object,0.3659,38.32,447.48,203.07,532.75,14049.6,164.75,85.28,1.932,False,,True,S-61,43,evt_S-61_desk_work_surface_0011,d9ace3c4db8b6ae4,pose_hand_context,,42543.2,3.1,,1,cam12/e1/v1,rtmpose_baseline
corpus_03,03.CCTV Mobile Usage.mkv,632de9ed55947761d56d4c6142a3cb1a1fe69d0b1a6d0e01a2e404c697962623,rf_detr_native,190900.0,unknown_object,0.3322,38.37,335.38,204.75,532.74,32835.6,166.38,197.35,0.843,False,,True,S-61,43,evt_S-61_desk_work_surface_0011,d9ace3c4db8b6ae4,pose_hand_context,,42543.2,3.1,,1,cam12/e1/v1,rtmpose_baseline
corpus_03,03.CCTV Mobile Usage.mkv,632de9ed55947761d56d4c6142a3cb1a1fe69d0b1a6d0e01a2e404c697962623,rf_detr_native,190900.0,unknown_object,0.3264,64.79,450.08,176.21,532.85,9222.9,111.42,82.78,1.346,False,,True,S-61,43,evt_S-61_desk_work_surface_0011,d9ace3c4db8b6ae4,pose_hand_context,,42543.2,3.1,,1,cam12/e1/v1,rtmpose_baseline
corpus_03,03.CCTV Mobile Usage.mkv,632de9ed55947761d56d4c6142a3cb1a1fe69d0b1a6d0e01a2e404c697962623,rf_detr_native,191900.0,unknown_object,0.8239,960.11,452.26,1057.21,479.94,2687.3,97.11,27.67,3.509,False,,True,R-desk,46,evt_S-61_desk_work_surface_0011,18214d6b4fef384d,lap_bag_context,no_pose_observation,34560.0,1.33,,1,cam12/e1/v1,
corpus_03,03.CCTV Mobile Usage.mkv,632de9ed55947761d56d4c6142a3cb1a1fe69d0b1a6d0e01a2e404c697962623,rf_detr_native,191900.0,unknown_object,0.542,1042.83,423.03,1112.28,473.26,3489.0,69.45,50.24,1.382,False,,True,R-desk,46,evt_S-61_desk_work_surface_0011,18214d6b4fef384d,lap_bag_context,no_pose_observation,34560.0,1.33,,1,cam12/e1/v1,
corpus_03,03.CCTV Mobile Usage.mkv,632de9ed55947761d56d4c6142a3cb1a1fe69d0b1a6d0e01a2e404c697962623,rf_detr_native,191900.0,unknown_object,0.3625,821.59,408.07,865.78,420.64,555.5,44.19,12.57,3.515,False,,True,R-desk,46,evt_S-61_desk_work_surface_0011,18214d6b4fef384d,lap_bag_context,no_pose_observation,34560.0,1.33,,1,cam12/e1/v1,
corpus_03,03.CCTV Mobile Usage.mkv,632de9ed55947761d56d4c6142a3cb1a1fe69d0b1a6d0e01a2e404c697962623,rf_detr_native,191900.0,unknown_object,0.3298,864.29,413.35,892.48,438.38,705.5,28.19,25.03,1.126,False,,True,R-desk,46,evt_S-61_desk_work_surface_0011,18214d6b4fef384d,lap_bag_context,no_pose_observation,34560.0,1.33,,1,cam12/e1/v1,
corpus_03,03.CCTV Mobile Usage.mkv,632de9ed55947761d56d4c6142a3cb1a1fe69d0b1a6d0e01a2e404c697962623,rf_detr_native,191900.0,unknown_object,0.2733,979.31,408.1,1111.73,474.67,8815.2,132.41,66.57,1.989,False,,True,R-desk,46,evt_S-61_desk_work_surface_0011,18214d6b4fef384d,lap_bag_context,no_pose_observation,34560.0,1.33,,1,cam12/e1/v1,
corpus_03,03.CCTV Mobile Usage.mkv,632de9ed55947761d56d4c6142a3cb1a1fe69d0b1a6d0e01a2e404c697962623,rf_detr_native,191900.0,unknown_object,0.2583,23.0,492.4,176.32,541.0,7451.8,153.32,48.6,3.154,False,,True,S-61,43,evt_S-61_desk_work_surface_0011,fbcd773baf9b06c1,pose_hand_context,,48682.0,2.9,,1,cam12/e1/v1,rtmpose_baseline
corpus_03,03.CCTV Mobile Usage.mkv,632de9ed55947761d56d4c6142a3cb1a1fe69d0b1a6d0e01a2e404c697962623,rf_detr_native,192900.0,unknown_object,0.3558,34.07,335.0,113.57,384.8,3959.2,79.5,49.8,1.596,False,,True,S-61,43,evt_S-61_desk_work_surface_0011,75fc24d0e8581c00,pose_hand_context,,41314.6,3.15,,1,cam12/e1/v1,rtmpose_baseline
corpus_03,03.CCTV Mobile Usage.mkv,632de9ed55947761d56d4c6142a3cb1a1fe69d0b1a6d0e01a2e404c697962623,rf_detr_native,192900.0,unknown_object,0.2569,34.49,338.57,215.11,538.0,36020.9,180.62,199.43,0.906,False,,True,S-61,43,evt_S-61_desk_work_surface_0011,75fc24d0e8581c00,pose_hand_context,,41314.6,3.15,,1,cam12/e1/v1,rtmpose_baseline
corpus_03,03.CCTV Mobile Usage.mkv,632de9ed55947761d56d4c6142a3cb1a1fe69d0b1a6d0e01a2e404c697962623,rf_detr_native,192900.0,unknown_object,0.2514,34.39,335.0,236.34,538.0,40996.2,201.95,203.0,0.995,False,,True,S-61,43,evt_S-61_desk_work_surface_0011,75fc24d0e8581c00,pose_hand_context,,41314.6,3.15,,1,cam12/e1/v1,rtmpose_baseline
corpus_03,03.CCTV Mobile Usage.mkv,632de9ed55947761d56d4c6142a3cb1a1fe69d0b1a6d0e01a2e404c697962623,rf_detr_native,193900.0,phone,0.3727,48.01,442.84,71.43,473.93,728.1,23.42,31.09,0.753,False,,True,S-61,43,evt_S-61_desk_work_surface_0011,be12dc87ad3b1c13,pose_hand_context,,33218.7,3.51,,1,cam12/e1/v1,rtmpose_baseline
corpus_03,03.CCTV Mobile Usage.mkv,632de9ed55947761d56d4c6142a3cb1a1fe69d0b1a6d0e01a2e404c697962623,rf_detr_native,193900.0,mouse,0.2739,48.01,442.84,71.43,473.93,728.1,23.42,31.09,0.753,False,,True,S-61,43,evt_S-61_desk_work_surface_0011,be12dc87ad3b1c13,pose_hand_context,,33218.7,3.51,,1,cam12/e1/v1,rtmpose_baseline
corpus_03,03.CCTV Mobile Usage.mkv,632de9ed55947761d56d4c6142a3cb1a1fe69d0b1a6d0e01a2e404c697962623,rf_detr_native,254500.0,unknown_object,0.8359,960.37,452.14,1057.92,479.97,2714.5,97.55,27.83,3.506,False,,True,R-desk,48,evt_S-61_desk_work_surface_0012,038aed9b3e7a3d2e,lap_bag_context,no_pose_observation,34560.0,1.33,,1,cam12/e1/v1,
corpus_03,03.CCTV Mobile Usage.mkv,632de9ed55947761d56d4c6142a3cb1a1fe69d0b1a6d0e01a2e404c697962623,rf_detr_native,254500.0,unknown_object,0.7481,1042.68,422.46,1113.15,473.28,3581.2,70.47,50.82,1.387,False,,True,R-desk,48,evt_S-61_desk_work_surface_0012,038aed9b3e7a3d2e,lap_bag_context,no_pose_observation,34560.0,1.33,,1,cam12/e1/v1,
corpus_03,03.CCTV Mobile Usage.mkv,632de9ed55947761d56d4c6142a3cb1a1fe69d0b1a6d0e01a2e404c697962623,rf_detr_native,254500.0,unknown_object,0.5581,864.52,413.22,893.11,438.0,708.4,28.58,24.78,1.153,False,,True,R-desk,48,evt_S-61_desk_work_surface_0012,038aed9b3e7a3d2e,lap_bag_context,no_pose_observation,34560.0,1.33,,1,cam12/e1/v1,
corpus_03,03.CCTV Mobile Usage.mkv,632de9ed55947761d56d4c6142a3cb1a1fe69d0b1a6d0e01a2e404c697962623,rf_detr_native,254500.0,unknown_object,0.4686,822.07,408.05,865.56,420.57,544.7,43.49,12.52,3.473,False,,True,R-desk,48,evt_S-61_desk_work_surface_0012,038aed9b3e7a3d2e,lap_bag_context,no_pose_observation,34560.0,1.33,,1,cam12/e1/v1,
corpus_03,03.CCTV Mobile Usage.mkv,632de9ed55947761d56d4c6142a3cb1a1fe69d0b1a6d0e01a2e404c697962623,rf_detr_native,254500.0,unknown_object,0.2859,880.38,408.16,937.99,453.37,2604.2,57.61,45.21,1.274,False,,True,R-desk,48,evt_S-61_desk_work_surface_0012,038aed9b3e7a3d2e,lap_bag_context,no_pose_observation,34560.0,1.33,,1,cam12/e1/v1,
corpus_03,03.CCTV Mobile Usage.mkv,632de9ed55947761d56d4c6142a3cb1a1fe69d0b1a6d0e01a2e404c697962623,rf_detr_native,254500.0,keyboard,0.282,28.0,445.52,109.6,496.65,4172.8,81.6,51.13,1.596,False,,True,S-61,47,evt_S-61_desk_work_surface_0012,654989f4cc25f471,pose_hand_context,,20529.2,4.47,,1,cam12/e1/v1,rtmpose_baseline
corpus_03,03.CCTV Mobile Usage.mkv,632de9ed55947761d56d4c6142a3cb1a1fe69d0b1a6d0e01a2e404c697962623,rf_detr_native,254500.0,mouse,0.2792,39.32,438.28,73.66,471.27,1132.9,34.34,32.99,1.041,False,,True,S-61,47,evt_S-61_desk_work_surface_0012,654989f4cc25f471,pose_hand_context,,20529.2,4.47,,1,cam12/e1/v1,rtmpose_baseline
corpus_03,03.CCTV Mobile Usage.mkv,632de9ed55947761d56d4c6142a3cb1a1fe69d0b1a6d0e01a2e404c697962623,rf_detr_native,254500.0,unknown_object,0.2554,162.75,389.68,170.98,504.15,942.3,8.23,114.47,0.072,False,,True,S-61,47,evt_S-61_desk_work_surface_0012,654989f4cc25f471,pose_hand_context,,20529.2,4.47,,1,cam12/e1/v1,rtmpose_baseline
corpus_03,03.CCTV Mobile Usage.mkv,632de9ed55947761d56d4c6142a3cb1a1fe69d0b1a6d0e01a2e404c697962623,rf_detr_native,255500.0,mouse,0.3413,39.6,446.66,72.42,471.26,807.7,32.83,24.6,1.334,False,,True,S-61,47,evt_S-61_desk_work_surface_0012,376f4d7fa965cf43,pose_hand_context,,20891.8,4.43,,1,cam12/e1/v1,rtmpose_baseline
corpus_03,03.CCTV Mobile Usage.mkv,632de9ed55947761d56d4c6142a3cb1a1fe69d0b1a6d0e01a2e404c697962623,rf_detr_native,255500.0,unknown_object,0.8068,960.31,452.2,1056.9,479.97,2682.7,96.6,27.77,3.478,False,,True,R-desk,49,evt_S-61_desk_work_surface_0012,451c6c12f28a4d5b,lap_bag_context,no_pose_observation,34560.0,1.33,,1,cam12/e1/v1,
corpus_03,03.CCTV Mobile Usage.mkv,632de9ed55947761d56d4c6142a3cb1a1fe69d0b1a6d0e01a2e404c697962623,rf_detr_native,255500.0,unknown_object,0.6851,1042.8,422.49,1112.72,473.36,3556.9,69.92,50.87,1.374,False,,True,R-desk,49,evt_S-61_desk_work_surface_0012,451c6c12f28a4d5b,lap_bag_context,no_pose_observation,34560.0,1.33,,1,cam12/e1/v1,
corpus_03,03.CCTV Mobile Usage.mkv,632de9ed55947761d56d4c6142a3cb1a1fe69d0b1a6d0e01a2e404c697962623,rf_detr_native,255500.0,unknown_object,0.5447,864.62,413.19,893.16,438.01,708.3,28.54,24.82,1.15,False,,True,R-desk,49,evt_S-61_desk_work_surface_0012,451c6c12f28a4d5b,lap_bag_context,no_pose_observation,34560.0,1.33,,1,cam12/e1/v1,
corpus_03,03.CCTV Mobile Usage.mkv,632de9ed55947761d56d4c6142a3cb1a1fe69d0b1a6d0e01a2e404c697962623,rf_detr_native,255500.0,unknown_object,0.4545,822.38,408.06,865.01,420.64,536.4,42.62,12.59,3.387,False,,True,R-desk,49,evt_S-61_desk_work_surface_0012,451c6c12f28a4d5b,lap_bag_context,no_pose_observation,34560.0,1.33,,1,cam12/e1/v1,
corpus_03,03.CCTV Mobile Usage.mkv,632de9ed55947761d56d4c6142a3cb1a1fe69d0b1a6d0e01a2e404c697962623,rf_detr_native,255500.0,unknown_object,0.2915,880.3,408.18,938.57,453.45,2637.9,58.27,45.27,1.287,False,,True,R-desk,49,evt_S-61_desk_work_surface_0012,451c6c12f28a4d5b,lap_bag_context,no_pose_observation,34560.0,1.33,,1,cam12/e1/v1,
corpus_03,03.CCTV Mobile Usage.mkv,632de9ed55947761d56d4c6142a3cb1a1fe69d0b1a6d0e01a2e404c697962623,rf_detr_native,255500.0,unknown_object,0.2829,1042.46,422.96,1086.83,465.11,1870.4,44.37,42.15,1.053,False,,True,R-desk,49,evt_S-61_desk_work_surface_0012,451c6c12f28a4d5b,lap_bag_context,no_pose_observation,34560.0,1.33,,1,cam12/e1/v1,
corpus_03,03.CCTV Mobile Usage.mkv,632de9ed55947761d56d4c6142a3cb1a1fe69d0b1a6d0e01a2e404c697962623,rf_detr_native,255500.0,unknown_object,0.2615,1042.68,422.94,1090.6,465.21,2025.2,47.92,42.27,1.134,False,,True,R-desk,49,evt_S-61_desk_work_surface_0012,451c6c12f28a4d5b,lap_bag_context,no_pose_observation,34560.0,1.33,,1,cam12/e1/v1,
corpus_03,03.CCTV Mobile Usage.mkv,632de9ed55947761d56d4c6142a3cb1a1fe69d0b1a6d0e01a2e404c697962623,rf_detr_native,256500.0,unknown_object,0.7826,960.44,452.08,1057.75,479.97,2714.1,97.31,27.89,3.489,False,,True,R-desk,49,evt_S-61_desk_work_surface_0012,757bc2dfadf8a267,lap_bag_context,no_pose_observation,34560.0,1.33,,1,cam12/e1/v1,
corpus_03,03.CCTV Mobile Usage.mkv,632de9ed55947761d56d4c6142a3cb1a1fe69d0b1a6d0e01a2e404c697962623,rf_detr_native,256500.0,unknown_object,0.6789,1042.55,422.81,1112.31,473.51,3536.5,69.76,50.7,1.376,False,,True,R-desk,49,evt_S-61_desk_work_surface_0012,757bc2dfadf8a267,lap_bag_context,no_pose_observation,34560.0,1.33,,1,cam12/e1/v1,
corpus_03,03.CCTV Mobile Usage.mkv,632de9ed55947761d56d4c6142a3cb1a1fe69d0b1a6d0e01a2e404c697962623,rf_detr_native,256500.0,unknown_object,0.5492,864.52,413.22,893.2,437.66,700.9,28.68,24.44,1.174,False,,True,R-desk,49,evt_S-61_desk_work_surface_0012,757bc2dfadf8a267,lap_bag_context,no_pose_observation,34560.0,1.33,,1,cam12/e1/v1,
corpus_03,03.CCTV Mobile Usage.mkv,632de9ed55947761d56d4c6142a3cb1a1fe69d0b1a6d0e01a2e404c697962623,rf_detr_native,256500.0,unknown_object,0.4324,822.59,408.05,865.3,420.71,540.9,42.71,12.66,3.372,False,,True,R-desk,49,evt_S-61_desk_work_surface_0012,757bc2dfadf8a267,lap_bag_context,no_pose_observation,34560.0,1.33,,1,cam12/e1/v1,
corpus_03,03.CCTV Mobile Usage.mkv,632de9ed55947761d56d4c6142a3cb1a1fe69d0b1a6d0e01a2e404c697962623,rf_detr_native,256500.0,unknown_object,0.2925,1042.44,423.16,1089.24,465.46,1979.7,46.8,42.3,1.106,False,,True,R-desk,49,evt_S-61_desk_work_surface_0012,757bc2dfadf8a267,lap_bag_context,no_pose_observation,34560.0,1.33,,1,cam12/e1/v1,
corpus_03,03.CCTV Mobile Usage.mkv,632de9ed55947761d56d4c6142a3cb1a1fe69d0b1a6d0e01a2e404c697962623,rf_detr_native,256500.0,unknown_object,0.2568,880.95,408.11,939.77,453.4,2663.8,58.83,45.28,1.299,False,,True,R-desk,49,evt_S-61_desk_work_surface_0012,757bc2dfadf8a267,lap_bag_context,no_pose_observation,34560.0,1.33,,1,cam12/e1/v1,
corpus_03,03.CCTV Mobile Usage.mkv,632de9ed55947761d56d4c6142a3cb1a1fe69d0b1a6d0e01a2e404c697962623,rf_detr_native,257500.0,unknown_object,0.7805,960.42,452.08,1057.64,479.97,2711.1,97.22,27.89,3.486,False,,True,R-desk,50,evt_S-61_desk_work_surface_0012,6e4133af21bee8a3,lap_bag_context,no_pose_observation,34560.0,1.33,,1,cam12/e1/v1,
corpus_03,03.CCTV Mobile Usage.mkv,632de9ed55947761d56d4c6142a3cb1a1fe69d0b1a6d0e01a2e404c697962623,rf_detr_native,257500.0,unknown_object,0.6768,1042.56,422.81,1112.29,473.5,3534.8,69.73,50.69,1.376,False,,True,R-desk,50,evt_S-61_desk_work_surface_0012,6e4133af21bee8a3,lap_bag_context,no_pose_observation,34560.0,1.33,,1,cam12/e1/v1,
corpus_03,03.CCTV Mobile Usage.mkv,632de9ed55947761d56d4c6142a3cb1a1fe69d0b1a6d0e01a2e404c697962623,rf_detr_native,257500.0,unknown_object,0.5486,864.52,413.22,893.21,437.66,701.0,28.68,24.44,1.174,False,,True,R-desk,50,evt_S-61_desk_work_surface_0012,6e4133af21bee8a3,lap_bag_context,no_pose_observation,34560.0,1.33,,1,cam12/e1/v1,
corpus_03,03.CCTV Mobile Usage.mkv,632de9ed55947761d56d4c6142a3cb1a1fe69d0b1a6d0e01a2e404c697962623,rf_detr_native,257500.0,unknown_object,0.4297,822.59,408.05,865.29,420.71,540.8,42.7,12.66,3.372,False,,True,R-desk,50,evt_S-61_desk_work_surface_0012,6e4133af21bee8a3,lap_bag_context,no_pose_observation,34560.0,1.33,,1,cam12/e1/v1,
corpus_03,03.CCTV Mobile Usage.mkv,632de9ed55947761d56d4c6142a3cb1a1fe69d0b1a6d0e01a2e404c697962623,rf_detr_native,257500.0,unknown_object,0.2923,1042.44,423.14,1089.14,465.47,1976.7,46.71,42.32,1.104,False,,True,R-desk,50,evt_S-61_desk_work_surface_0012,6e4133af21bee8a3,lap_bag_context,no_pose_observation,34560.0,1.33,,1,cam12/e1/v1,
corpus_03,03.CCTV Mobile Usage.mkv,632de9ed55947761d56d4c6142a3cb1a1fe69d0b1a6d0e01a2e404c697962623,rf_detr_native,257500.0,unknown_object,0.2567,881.02,408.12,939.8,453.4,2661.5,58.78,45.28,1.298,False,,True,R-desk,50,evt_S-61_desk_work_surface_0012,6e4133af21bee8a3,lap_bag_context,no_pose_observation,34560.0,1.33,,1,cam12/e1/v1,
corpus_03,03.CCTV Mobile Usage.mkv,632de9ed55947761d56d4c6142a3cb1a1fe69d0b1a6d0e01a2e404c697962623,rf_detr_native,257500.0,mouse,0.5021,39.4,447.39,70.28,471.2,735.0,30.88,23.8,1.297,False,,True,S-61,47,evt_S-61_desk_work_surface_0012,9367598ba2df894d,pose_hand_context,,28770.9,3.77,,1,cam12/e1/v1,rtmpose_baseline
corpus_03,03.CCTV Mobile Usage.mkv,632de9ed55947761d56d4c6142a3cb1a1fe69d0b1a6d0e01a2e404c697962623,rf_detr_native,257500.0,keyboard,0.2643,23.97,447.13,106.8,496.07,4052.9,82.83,48.93,1.693,False,,True,S-61,47,evt_S-61_desk_work_surface_0012,9367598ba2df894d,pose_hand_context,,28770.9,3.77,,1,cam12/e1/v1,rtmpose_baseline
corpus_03,03.CCTV Mobile Usage.mkv,632de9ed55947761d56d4c6142a3cb1a1fe69d0b1a6d0e01a2e404c697962623,rf_detr_native,258500.0,unknown_object,0.78,960.47,452.08,1057.37,479.97,2702.3,96.9,27.89,3.474,False,,True,R-desk,51,evt_S-61_desk_work_surface_0012,bdb86f3dff80f5b6,lap_bag_context,no_pose_observation,34560.0,1.33,,1,cam12/e1/v1,
corpus_03,03.CCTV Mobile Usage.mkv,632de9ed55947761d56d4c6142a3cb1a1fe69d0b1a6d0e01a2e404c697962623,rf_detr_native,258500.0,unknown_object,0.6756,1042.64,422.87,1112.28,473.51,3526.1,69.64,50.64,1.375,False,,True,R-desk,51,evt_S-61_desk_work_surface_0012,bdb86f3dff80f5b6,lap_bag_context,no_pose_observation,34560.0,1.33,,1,cam12/e1/v1,
corpus_03,03.CCTV Mobile Usage.mkv,632de9ed55947761d56d4c6142a3cb1a1fe69d0b1a6d0e01a2e404c697962623,rf_detr_native,258500.0,unknown_object,0.5496,864.51,413.22,893.2,437.66,701.4,28.69,24.45,1.174,False,,True,R-desk,51,evt_S-61_desk_work_surface_0012,bdb86f3dff80f5b6,lap_bag_context,no_pose_observation,34560.0,1.33,,1,cam12/e1/v1,
corpus_03,03.CCTV Mobile Usage.mkv,632de9ed55947761d56d4c6142a3cb1a1fe69d0b1a6d0e01a2e404c697962623,rf_detr_native,258500.0,unknown_object,0.4293,822.61,408.05,865.27,420.71,540.2,42.66,12.66,3.369,False,,True,R-desk,51,evt_S-61_desk_work_surface_0012,bdb86f3dff80f5b6,lap_bag_context,no_pose_observation,34560.0,1.33,,1,cam12/e1/v1,
corpus_03,03.CCTV Mobile Usage.mkv,632de9ed55947761d56d4c6142a3cb1a1fe69d0b1a6d0e01a2e404c697962623,rf_detr_native,258500.0,unknown_object,0.2902,1042.43,423.1,1088.48,465.42,1948.6,46.05,42.31,1.088,False,,True,R-desk,51,evt_S-61_desk_work_surface_0012,bdb86f3dff80f5b6,lap_bag_context,no_pose_observation,34560.0,1.33,,1,cam12/e1/v1,
corpus_03,03.CCTV Mobile Usage.mkv,632de9ed55947761d56d4c6142a3cb1a1fe69d0b1a6d0e01a2e404c697962623,rf_detr_native,258500.0,unknown_object,0.2589,880.99,408.13,939.77,453.4,2661.3,58.78,45.27,1.298,False,,True,R-desk,51,evt_S-61_desk_work_surface_0012,bdb86f3dff80f5b6,lap_bag_context,no_pose_observation,34560.0,1.33,,1,cam12/e1/v1,
corpus_03,03.CCTV Mobile Usage.mkv,632de9ed55947761d56d4c6142a3cb1a1fe69d0b1a6d0e01a2e404c697962623,rf_detr_native,258500.0,unknown_object,0.78,960.47,452.08,1057.37,479.97,2702.3,96.9,27.89,3.474,False,,True,R-desk,50,evt_S-61_desk_work_surface_0012,bdb86f3dff80f5b6,lap_bag_context,no_pose_observation,34560.0,1.33,,1,cam12/e1/v1,
corpus_03,03.CCTV Mobile Usage.mkv,632de9ed55947761d56d4c6142a3cb1a1fe69d0b1a6d0e01a2e404c697962623,rf_detr_native,258500.0,unknown_object,0.6756,1042.64,422.87,1112.28,473.51,3526.1,69.64,50.64,1.375,False,,True,R-desk,50,evt_S-61_desk_work_surface_0012,bdb86f3dff80f5b6,lap_bag_context,no_pose_observation,34560.0,1.33,,1,cam12/e1/v1,
corpus_03,03.CCTV Mobile Usage.mkv,632de9ed55947761d56d4c6142a3cb1a1fe69d0b1a6d0e01a2e404c697962623,rf_detr_native,258500.0,unknown_object,0.5496,864.51,413.22,893.2,437.66,701.4,28.69,24.45,1.174,False,,True,R-desk,50,evt_S-61_desk_work_surface_0012,bdb86f3dff80f5b6,lap_bag_context,no_pose_observation,34560.0,1.33,,1,cam12/e1/v1,
corpus_03,03.CCTV Mobile Usage.mkv,632de9ed55947761d56d4c6142a3cb1a1fe69d0b1a6d0e01a2e404c697962623,rf_detr_native,258500.0,unknown_object,0.4293,822.61,408.05,865.27,420.71,540.2,42.66,12.66,3.369,False,,True,R-desk,50,evt_S-61_desk_work_surface_0012,bdb86f3dff80f5b6,lap_bag_context,no_pose_observation,34560.0,1.33,,1,cam12/e1/v1,
corpus_03,03.CCTV Mobile Usage.mkv,632de9ed55947761d56d4c6142a3cb1a1fe69d0b1a6d0e01a2e404c697962623,rf_detr_native,258500.0,unknown_object,0.2902,1042.43,423.1,1088.48,465.42,1948.6,46.05,42.31,1.088,False,,True,R-desk,50,evt_S-61_desk_work_surface_0012,bdb86f3dff80f5b6,lap_bag_context,no_pose_observation,34560.0,1.33,,1,cam12/e1/v1,
corpus_03,03.CCTV Mobile Usage.mkv,632de9ed55947761d56d4c6142a3cb1a1fe69d0b1a6d0e01a2e404c697962623,rf_detr_native,258500.0,unknown_object,0.2589,880.99,408.13,939.77,453.4,2661.3,58.78,45.27,1.298,False,,True,R-desk,50,evt_S-61_desk_work_surface_0012,bdb86f3dff80f5b6,lap_bag_context,no_pose_observation,34560.0,1.33,,1,cam12/e1/v1,
corpus_03,03.CCTV Mobile Usage.mkv,632de9ed55947761d56d4c6142a3cb1a1fe69d0b1a6d0e01a2e404c697962623,rf_detr_native,258500.0,phone,0.384,39.62,447.03,71.56,471.42,778.8,31.94,24.39,1.31,False,,True,S-61,47,evt_S-61_desk_work_surface_0012,f7fbefc2289fa486,pose_hand_context,,32227.4,3.57,,1,cam12/e1/v1,rtmpose_baseline
corpus_03,03.CCTV Mobile Usage.mkv,632de9ed55947761d56d4c6142a3cb1a1fe69d0b1a6d0e01a2e404c697962623,rf_detr_native,258500.0,mouse,0.2883,39.62,447.03,71.56,471.42,778.8,31.94,24.39,1.31,False,,True,S-61,47,evt_S-61_desk_work_surface_0012,f7fbefc2289fa486,pose_hand_context,,32227.4,3.57,,1,cam12/e1/v1,rtmpose_baseline
corpus_03,03.CCTV Mobile Usage.mkv,632de9ed55947761d56d4c6142a3cb1a1fe69d0b1a6d0e01a2e404c697962623,rf_detr_native,258500.0,keyboard,0.2658,23.35,446.66,113.6,496.47,4495.5,90.25,49.81,1.812,False,,True,S-61,47,evt_S-61_desk_work_surface_0012,f7fbefc2289fa486,pose_hand_context,,32227.4,3.57,,1,cam12/e1/v1,rtmpose_baseline
corpus_03,03.CCTV Mobile Usage.mkv,632de9ed55947761d56d4c6142a3cb1a1fe69d0b1a6d0e01a2e404c697962623,rf_detr_native,259500.0,mouse,0.7225,39.95,446.83,71.23,471.84,782.1,31.28,25.0,1.251,False,,True,S-61,47,evt_S-61_desk_work_surface_0012,5402a68bcdd2c9e7,pose_hand_context,,36016.4,3.37,,1,cam12/e1/v1,rtmpose_baseline
corpus_03,03.CCTV Mobile Usage.mkv,632de9ed55947761d56d4c6142a3cb1a1fe69d0b1a6d0e01a2e404c697962623,rf_detr_native,259500.0,keyboard,0.3087,23.34,447.83,107.06,496.62,4084.2,83.72,48.78,1.716,False,,True,S-61,47,evt_S-61_desk_work_surface_0012,5402a68bcdd2c9e7,pose_hand_context,,36016.4,3.37,,1,cam12/e1/v1,rtmpose_baseline
corpus_03,03.CCTV Mobile Usage.mkv,632de9ed55947761d56d4c6142a3cb1a1fe69d0b1a6d0e01a2e404c697962623,rf_detr_native,273183.0,unknown_object,0.2755,11.31,277.0,108.24,363.15,8350.0,96.92,86.15,1.125,False,,True,S-61,52,evt_S-61_desk_work_surface_0013,781a97f7370f14b4,pose_hand_context,,38518.0,3.26,,1,cam12/e1/v1,rtmpose_baseline
corpus_03,03.CCTV Mobile Usage.mkv,632de9ed55947761d56d4c6142a3cb1a1fe69d0b1a6d0e01a2e404c697962623,rf_detr_native,273183.0,bag,0.2589,11.31,277.0,108.24,363.15,8350.0,96.92,86.15,1.125,False,,True,S-61,52,evt_S-61_desk_work_surface_0013,781a97f7370f14b4,pose_hand_context,,38518.0,3.26,,1,cam12/e1/v1,rtmpose_baseline
corpus_03,03.CCTV Mobile Usage.mkv,632de9ed55947761d56d4c6142a3cb1a1fe69d0b1a6d0e01a2e404c697962623,rf_detr_native,275183.0,unknown_object,0.4277,82.16,406.55,164.67,494.38,7246.7,82.51,87.82,0.94,False,,True,S-61,52,evt_S-61_desk_work_surface_0013,ef0c4f8fb6937e71,pose_hand_context,,31109.9,3.63,,1,cam12/e1/v1,rtmpose_baseline
corpus_03,03.CCTV Mobile Usage.mkv,632de9ed55947761d56d4c6142a3cb1a1fe69d0b1a6d0e01a2e404c697962623,rf_detr_native,275183.0,unknown_object,0.7479,960.89,452.23,1052.19,479.92,2529.1,91.31,27.7,3.297,False,,True,R-desk,53,evt_S-61_desk_work_surface_0013,fbf7b74247a54f94,lap_bag_context,no_pose_observation,34560.0,1.33,,1,cam12/e1/v1,
corpus_03,03.CCTV Mobile Usage.mkv,632de9ed55947761d56d4c6142a3cb1a1fe69d0b1a6d0e01a2e404c697962623,rf_detr_native,275183.0,unknown_object,0.5281,1043.09,422.65,1112.91,473.68,3563.0,69.82,51.03,1.368,False,,True,R-desk,53,evt_S-61_desk_work_surface_0013,fbf7b74247a54f94,lap_bag_context,no_pose_observation,34560.0,1.33,,1,cam12/e1/v1,
corpus_03,03.CCTV Mobile Usage.mkv,632de9ed55947761d56d4c6142a3cb1a1fe69d0b1a6d0e01a2e404c697962623,rf_detr_native,275183.0,unknown_object,0.3223,864.24,413.04,893.15,437.97,720.6,28.91,24.93,1.159,False,,True,R-desk,53,evt_S-61_desk_work_surface_0013,fbf7b74247a54f94,lap_bag_context,no_pose_observation,34560.0,1.33,,1,cam12/e1/v1,
corpus_03,03.CCTV Mobile Usage.mkv,632de9ed55947761d56d4c6142a3cb1a1fe69d0b1a6d0e01a2e404c697962623,rf_detr_native,276183.0,unknown_object,0.8088,960.41,452.19,1055.42,479.97,2638.9,95.01,27.78,3.42,False,,True,R-desk,53,evt_S-61_desk_work_surface_0013,7d01d521e679a68c,lap_bag_context,no_pose_observation,34560.0,1.33,,1,cam12/e1/v1,
corpus_03,03.CCTV Mobile Usage.mkv,632de9ed55947761d56d4c6142a3cb1a1fe69d0b1a6d0e01a2e404c697962623,rf_detr_native,276183.0,unknown_object,0.5263,1042.52,423.15,1111.85,473.07,3460.9,69.33,49.92,1.389,False,,True,R-desk,53,evt_S-61_desk_work_surface_0013,7d01d521e679a68c,lap_bag_context,no_pose_observation,34560.0,1.33,,1,cam12/e1/v1,
corpus_03,03.CCTV Mobile Usage.mkv,632de9ed55947761d56d4c6142a3cb1a1fe69d0b1a6d0e01a2e404c697962623,rf_detr_native,276183.0,unknown_object,0.3075,820.91,408.06,865.71,420.72,566.9,44.81,12.65,3.541,False,,True,R-desk,53,evt_S-61_desk_work_surface_0013,7d01d521e679a68c,lap_bag_context,no_pose_observation,34560.0,1.33,,1,cam12/e1/v1,
corpus_03,03.CCTV Mobile Usage.mkv,632de9ed55947761d56d4c6142a3cb1a1fe69d0b1a6d0e01a2e404c697962623,rf_detr_native,276183.0,unknown_object,0.3056,864.33,413.26,892.4,438.31,703.3,28.07,25.05,1.121,False,,True,R-desk,53,evt_S-61_desk_work_surface_0013,7d01d521e679a68c,lap_bag_context,no_pose_observation,34560.0,1.33,,1,cam12/e1/v1,
corpus_03,03.CCTV Mobile Usage.mkv,632de9ed55947761d56d4c6142a3cb1a1fe69d0b1a6d0e01a2e404c697962623,rf_detr_native,276183.0,unknown_object,0.8088,960.41,452.19,1055.42,479.97,2638.9,95.01,27.78,3.42,False,,True,R-desk,54,evt_S-61_desk_work_surface_0013,7d01d521e679a68c,lap_bag_context,no_pose_observation,34560.0,1.33,,1,cam12/e1/v1,
corpus_03,03.CCTV Mobile Usage.mkv,632de9ed55947761d56d4c6142a3cb1a1fe69d0b1a6d0e01a2e404c697962623,rf_detr_native,276183.0,unknown_object,0.5263,1042.52,423.15,1111.85,473.07,3460.9,69.33,49.92,1.389,False,,True,R-desk,54,evt_S-61_desk_work_surface_0013,7d01d521e679a68c,lap_bag_context,no_pose_observation,34560.0,1.33,,1,cam12/e1/v1,
corpus_03,03.CCTV Mobile Usage.mkv,632de9ed55947761d56d4c6142a3cb1a1fe69d0b1a6d0e01a2e404c697962623,rf_detr_native,276183.0,unknown_object,0.3075,820.91,408.06,865.71,420.72,566.9,44.81,12.65,3.541,False,,True,R-desk,54,evt_S-61_desk_work_surface_0013,7d01d521e679a68c,lap_bag_context,no_pose_observation,34560.0,1.33,,1,cam12/e1/v1,
corpus_03,03.CCTV Mobile Usage.mkv,632de9ed55947761d56d4c6142a3cb1a1fe69d0b1a6d0e01a2e404c697962623,rf_detr_native,276183.0,unknown_object,0.3056,864.33,413.26,892.4,438.31,703.3,28.07,25.05,1.121,False,,True,R-desk,54,evt_S-61_desk_work_surface_0013,7d01d521e679a68c,lap_bag_context,no_pose_observation,34560.0,1.33,,1,cam12/e1/v1,
corpus_03,03.CCTV Mobile Usage.mkv,632de9ed55947761d56d4c6142a3cb1a1fe69d0b1a6d0e01a2e404c697962623,rf_detr_native,277467.0,unknown_object,0.8142,960.03,452.34,1058.19,479.96,2710.6,98.15,27.62,3.554,False,,True,R-desk,56,evt_S-61_desk_work_surface_0014,2787998bb369fb67,lap_bag_context,no_pose_observation,34560.0,1.33,,1,cam12/e1/v1,
corpus_03,03.CCTV Mobile Usage.mkv,632de9ed55947761d56d4c6142a3cb1a1fe69d0b1a6d0e01a2e404c697962623,rf_detr_native,277467.0,unknown_object,0.5182,1042.3,423.7,1112.95,473.29,3503.5,70.65,49.59,1.425,False,,True,R-desk,56,evt_S-61_desk_work_surface_0014,2787998bb369fb67,lap_bag_context,no_pose_observation,34560.0,1.33,,1,cam12/e1/v1,
corpus_03,03.CCTV Mobile Usage.mkv,632de9ed55947761d56d4c6142a3cb1a1fe69d0b1a6d0e01a2e404c697962623,rf_detr_native,277467.0,unknown_object,0.4751,864.44,413.38,892.58,438.35,702.5,28.13,24.97,1.127,False,,True,R-desk,56,evt_S-61_desk_work_surface_0014,2787998bb369fb67,lap_bag_context,no_pose_observation,34560.0,1.33,,1,cam12/e1/v1,
corpus_03,03.CCTV Mobile Usage.mkv,632de9ed55947761d56d4c6142a3cb1a1fe69d0b1a6d0e01a2e404c697962623,rf_detr_native,277467.0,unknown_object,0.4631,821.11,408.03,865.79,420.76,568.7,44.68,12.73,3.51,False,,True,R-desk,56,evt_S-61_desk_work_surface_0014,2787998bb369fb67,lap_bag_context,no_pose_observation,34560.0,1.33,,1,cam12/e1/v1,
corpus_03,03.CCTV Mobile Usage.mkv,632de9ed55947761d56d4c6142a3cb1a1fe69d0b1a6d0e01a2e404c697962623,rf_detr_native,277467.0,unknown_object,0.2778,880.94,408.01,986.49,453.69,4822.3,105.55,45.69,2.31,False,,True,R-desk,56,evt_S-61_desk_work_surface_0014,2787998bb369fb67,lap_bag_context,no_pose_observation,34560.0,1.33,,1,cam12/e1/v1,
corpus_03,03.CCTV Mobile Usage.mkv,632de9ed55947761d56d4c6142a3cb1a1fe69d0b1a6d0e01a2e404c697962623,rf_detr_native,277467.0,unknown_object,0.3407,74.0,383.35,84.73,442.36,633.4,10.73,59.02,0.182,False,,True,S-61,55,evt_S-61_desk_work_surface_0014,75ed3c1c34239082,pose_hand_context,,26205.1,3.95,,1,cam12/e1/v1,rtmpose_baseline
corpus_03,03.CCTV Mobile Usage.mkv,632de9ed55947761d56d4c6142a3cb1a1fe69d0b1a6d0e01a2e404c697962623,rf_detr_native,277467.0,unknown_object,0.2746,102.75,438.05,160.05,480.99,2460.4,57.29,42.95,1.334,False,,True,S-61,55,evt_S-61_desk_work_surface_0014,75ed3c1c34239082,pose_hand_context,,26205.1,3.95,,1,cam12/e1/v1,rtmpose_baseline
corpus_03,03.CCTV Mobile Usage.mkv,632de9ed55947761d56d4c6142a3cb1a1fe69d0b1a6d0e01a2e404c697962623,rf_detr_native,277467.0,unknown_object,0.2516,102.75,438.05,160.05,480.99,2460.4,57.29,42.95,1.334,False,,True,S-61,55,evt_S-61_desk_work_surface_0014,75ed3c1c34239082,pose_hand_context,,26205.1,3.95,,1,cam12/e1/v1,rtmpose_baseline
corpus_03,03.CCTV Mobile Usage.mkv,632de9ed55947761d56d4c6142a3cb1a1fe69d0b1a6d0e01a2e404c697962623,rf_detr_native,278467.0,unknown_object,0.8094,959.98,452.33,1058.33,479.96,2717.4,98.35,27.63,3.559,False,,True,R-desk,56,evt_S-61_desk_work_surface_0014,e67f8a5d9e10f4f0,lap_bag_context,no_pose_observation,34560.0,1.33,,1,cam12/e1/v1,
corpus_03,03.CCTV Mobile Usage.mkv,632de9ed55947761d56d4c6142a3cb1a1fe69d0b1a6d0e01a2e404c697962623,rf_detr_native,278467.0,unknown_object,0.4792,1042.28,423.73,1112.91,473.31,3501.6,70.63,49.58,1.425,False,,True,R-desk,56,evt_S-61_desk_work_surface_0014,e67f8a5d9e10f4f0,lap_bag_context,no_pose_observation,34560.0,1.33,,1,cam12/e1/v1,
corpus_03,03.CCTV Mobile Usage.mkv,632de9ed55947761d56d4c6142a3cb1a1fe69d0b1a6d0e01a2e404c697962623,rf_detr_native,278467.0,unknown_object,0.4719,864.4,413.37,892.58,438.36,704.2,28.18,24.99,1.128,False,,True,R-desk,56,evt_S-61_desk_work_surface_0014,e67f8a5d9e10f4f0,lap_bag_context,no_pose_observation,34560.0,1.33,,1,cam12/e1/v1,
corpus_03,03.CCTV Mobile Usage.mkv,632de9ed55947761d56d4c6142a3cb1a1fe69d0b1a6d0e01a2e404c697962623,rf_detr_native,278467.0,unknown_object,0.454,821.19,408.04,865.74,420.77,567.4,44.55,12.73,3.498,False,,True,R-desk,56,evt_S-61_desk_work_surface_0014,e67f8a5d9e10f4f0,lap_bag_context,no_pose_observation,34560.0,1.33,,1,cam12/e1/v1,
corpus_03,03.CCTV Mobile Usage.mkv,632de9ed55947761d56d4c6142a3cb1a1fe69d0b1a6d0e01a2e404c697962623,rf_detr_native,278467.0,unknown_object,0.251,881.18,408.0,985.87,453.6,4774.3,104.69,45.6,2.296,False,,True,R-desk,56,evt_S-61_desk_work_surface_0014,e67f8a5d9e10f4f0,lap_bag_context,no_pose_observation,34560.0,1.33,,1,cam12/e1/v1,
corpus_03,03.CCTV Mobile Usage.mkv,632de9ed55947761d56d4c6142a3cb1a1fe69d0b1a6d0e01a2e404c697962623,rf_detr_native,279467.0,unknown_object,0.8696,1043.19,422.64,1112.17,474.06,3547.3,68.99,51.42,1.342,False,,True,R-desk,56,evt_S-61_desk_work_surface_0014,c46ca4533dbf3ed3,lap_bag_context,no_pose_observation,34560.0,1.33,,1,cam12/e1/v1,
corpus_03,03.CCTV Mobile Usage.mkv,632de9ed55947761d56d4c6142a3cb1a1fe69d0b1a6d0e01a2e404c697962623,rf_detr_native,279467.0,unknown_object,0.8601,960.88,452.29,1054.27,479.93,2581.4,93.39,27.64,3.379,False,,True,R-desk,56,evt_S-61_desk_work_surface_0014,c46ca4533dbf3ed3,lap_bag_context,no_pose_observation,34560.0,1.33,,1,cam12/e1/v1,
corpus_03,03.CCTV Mobile Usage.mkv,632de9ed55947761d56d4c6142a3cb1a1fe69d0b1a6d0e01a2e404c697962623,rf_detr_native,279467.0,unknown_object,0.4961,981.88,408.03,1114.92,474.51,8845.0,133.04,66.49,2.001,False,,True,R-desk,56,evt_S-61_desk_work_surface_0014,c46ca4533dbf3ed3,lap_bag_context,no_pose_observation,34560.0,1.33,,1,cam12/e1/v1,
corpus_03,03.CCTV Mobile Usage.mkv,632de9ed55947761d56d4c6142a3cb1a1fe69d0b1a6d0e01a2e404c697962623,rf_detr_native,279467.0,unknown_object,0.4249,864.14,413.27,892.54,437.96,701.4,28.4,24.7,1.15,False,,True,R-desk,56,evt_S-61_desk_work_surface_0014,c46ca4533dbf3ed3,lap_bag_context,no_pose_observation,34560.0,1.33,,1,cam12/e1/v1,
corpus_03,03.CCTV Mobile Usage.mkv,632de9ed55947761d56d4c6142a3cb1a1fe69d0b1a6d0e01a2e404c697962623,rf_detr_native,279467.0,unknown_object,0.3019,821.72,408.09,865.89,420.61,553.0,44.17,12.52,3.528,False,,True,R-desk,56,evt_S-61_desk_work_surface_0014,c46ca4533dbf3ed3,lap_bag_context,no_pose_observation,34560.0,1.33,,1,cam12/e1/v1,
corpus_03,03.CCTV Mobile Usage.mkv,632de9ed55947761d56d4c6142a3cb1a1fe69d0b1a6d0e01a2e404c697962623,rf_detr_native,280467.0,unknown_object,0.8458,960.56,452.26,1054.96,479.96,2615.0,94.4,27.7,3.408,False,,True,R-desk,56,evt_S-61_desk_work_surface_0014,ee24b459f33e7687,lap_bag_context,no_pose_observation,34560.0,1.33,,1,cam12/e1/v1,
corpus_03,03.CCTV Mobile Usage.mkv,632de9ed55947761d56d4c6142a3cb1a1fe69d0b1a6d0e01a2e404c697962623,rf_detr_native,280467.0,unknown_object,0.8183,1043.01,423.12,1112.36,474.04,3531.7,69.35,50.93,1.362,False,,True,R-desk,56,evt_S-61_desk_work_surface_0014,ee24b459f33e7687,lap_bag_context,no_pose_observation,34560.0,1.33,,1,cam12/e1/v1,
corpus_03,03.CCTV Mobile Usage.mkv,632de9ed55947761d56d4c6142a3cb1a1fe69d0b1a6d0e01a2e404c697962623,rf_detr_native,280467.0,unknown_object,0.4436,864.14,413.22,892.87,438.0,712.3,28.74,24.79,1.16,False,,True,R-desk,56,evt_S-61_desk_work_surface_0014,ee24b459f33e7687,lap_bag_context,no_pose_observation,34560.0,1.33,,1,cam12/e1/v1,
corpus_03,03.CCTV Mobile Usage.mkv,632de9ed55947761d56d4c6142a3cb1a1fe69d0b1a6d0e01a2e404c697962623,rf_detr_native,280467.0,unknown_object,0.3604,981.1,408.05,1115.3,474.3,8890.8,134.2,66.25,2.026,False,,True,R-desk,56,evt_S-61_desk_work_surface_0014,ee24b459f33e7687,lap_bag_context,no_pose_observation,34560.0,1.33,,1,cam12/e1/v1,
corpus_03,03.CCTV Mobile Usage.mkv,632de9ed55947761d56d4c6142a3cb1a1fe69d0b1a6d0e01a2e404c697962623,rf_detr_native,280467.0,unknown_object,0.3154,821.6,408.08,866.15,420.57,556.1,44.55,12.48,3.568,False,,True,R-desk,56,evt_S-61_desk_work_surface_0014,ee24b459f33e7687,lap_bag_context,no_pose_observation,34560.0,1.33,,1,cam12/e1/v1,
corpus_03,03.CCTV Mobile Usage.mkv,632de9ed55947761d56d4c6142a3cb1a1fe69d0b1a6d0e01a2e404c697962623,rf_detr_native,280467.0,phone,0.3494,87.04,401.0,177.15,450.83,4490.6,90.11,49.83,1.808,False,,True,S-61,55,evt_S-61_desk_work_surface_0014,f68b1efea9ead5d4,pose_hand_context,,22596.1,4.26,,1,cam12/e1/v1,rtmpose_baseline
corpus_03,03.CCTV Mobile Usage.mkv,632de9ed55947761d56d4c6142a3cb1a1fe69d0b1a6d0e01a2e404c697962623,rf_detr_native,281467.0,unknown_object,0.8458,960.56,452.26,1054.96,479.96,2615.0,94.4,27.7,3.408,False,,True,R-desk,56,evt_S-61_desk_work_surface_0014,79372baebdaec1bf,lap_bag_context,no_pose_observation,34560.0,1.33,,1,cam12/e1/v1,
corpus_03,03.CCTV Mobile Usage.mkv,632de9ed55947761d56d4c6142a3cb1a1fe69d0b1a6d0e01a2e404c697962623,rf_detr_native,281467.0,unknown_object,0.8183,1043.01,423.12,1112.36,474.04,3531.7,69.35,50.93,1.362,False,,True,R-desk,56,evt_S-61_desk_work_surface_0014,79372baebdaec1bf,lap_bag_context,no_pose_observation,34560.0,1.33,,1,cam12/e1/v1,
corpus_03,03.CCTV Mobile Usage.mkv,632de9ed55947761d56d4c6142a3cb1a1fe69d0b1a6d0e01a2e404c697962623,rf_detr_native,281467.0,unknown_object,0.4436,864.14,413.22,892.87,438.0,712.3,28.74,24.79,1.16,False,,True,R-desk,56,evt_S-61_desk_work_surface_0014,79372baebdaec1bf,lap_bag_context,no_pose_observation,34560.0,1.33,,1,cam12/e1/v1,
corpus_03,03.CCTV Mobile Usage.mkv,632de9ed55947761d56d4c6142a3cb1a1fe69d0b1a6d0e01a2e404c697962623,rf_detr_native,281467.0,unknown_object,0.3604,981.1,408.05,1115.3,474.3,8890.8,134.2,66.25,2.026,False,,True,R-desk,56,evt_S-61_desk_work_surface_0014,79372baebdaec1bf,lap_bag_context,no_pose_observation,34560.0,1.33,,1,cam12/e1/v1,
corpus_03,03.CCTV Mobile Usage.mkv,632de9ed55947761d56d4c6142a3cb1a1fe69d0b1a6d0e01a2e404c697962623,rf_detr_native,281467.0,unknown_object,0.3154,821.6,408.08,866.15,420.57,556.1,44.55,12.48,3.568,False,,True,R-desk,56,evt_S-61_desk_work_surface_0014,79372baebdaec1bf,lap_bag_context,no_pose_observation,34560.0,1.33,,1,cam12/e1/v1,
corpus_03,03.CCTV Mobile Usage.mkv,632de9ed55947761d56d4c6142a3cb1a1fe69d0b1a6d0e01a2e404c697962623,rf_detr_native,281467.0,unknown_object,0.2634,125.04,444.0,258.62,638.0,25915.0,133.58,194.0,0.689,False,,True,S-61,55,evt_S-61_desk_work_surface_0014,99079c30567159a2,pose_hand_context,,37473.2,3.31,,1,cam12/e1/v1,rtmpose_baseline
corpus_03,03.CCTV Mobile Usage.mkv,632de9ed55947761d56d4c6142a3cb1a1fe69d0b1a6d0e01a2e404c697962623,rf_detr_sahi,9700.0,unknown_object,0.3094,190.57,202.29,206.97,269.39,1100.5,16.4,67.1,0.244,False,,True,S-61,2,evt_S-61_desk_work_surface_0001,221f3c51e350e5d4,pose_hand_context,,17977.4,4.77,,1,cam12/e1/v1,rtmpose_baseline
corpus_03,03.CCTV Mobile Usage.mkv,632de9ed55947761d56d4c6142a3cb1a1fe69d0b1a6d0e01a2e404c697962623,rf_detr_sahi,9700.0,unknown_object,0.8259,969.98,408.0,1137.4,448.0,6696.8,167.42,40.0,4.186,False,,True,R-desk,3,evt_S-61_desk_work_surface_0001,aa2a91065abbd7fe,lap_bag_context,no_pose_observation,34560.0,1.33,,1,cam12/e1/v1,
corpus_03,03.CCTV Mobile Usage.mkv,632de9ed55947761d56d4c6142a3cb1a1fe69d0b1a6d0e01a2e404c697962623,rf_detr_sahi,9700.0,unknown_object,0.7746,959.84,452.27,1056.99,479.95,2690.0,97.15,27.69,3.508,False,,True,R-desk,3,evt_S-61_desk_work_surface_0001,aa2a91065abbd7fe,lap_bag_context,no_pose_observation,34560.0,1.33,,1,cam12/e1/v1,
corpus_03,03.CCTV Mobile Usage.mkv,632de9ed55947761d56d4c6142a3cb1a1fe69d0b1a6d0e01a2e404c697962623,rf_detr_sahi,9700.0,unknown_object,0.5073,1042.37,422.89,1112.52,473.25,3533.3,70.16,50.36,1.393,False,,True,R-desk,3,evt_S-61_desk_work_surface_0001,aa2a91065abbd7fe,lap_bag_context,no_pose_observation,34560.0,1.33,,1,cam12/e1/v1,
corpus_03,03.CCTV Mobile Usage.mkv,632de9ed55947761d56d4c6142a3cb1a1fe69d0b1a6d0e01a2e404c697962623,rf_detr_sahi,9700.0,unknown_object,0.4437,821.29,408.05,866.1,420.79,570.5,44.81,12.73,3.519,False,,True,R-desk,3,evt_S-61_desk_work_surface_0001,aa2a91065abbd7fe,lap_bag_context,no_pose_observation,34560.0,1.33,,1,cam12/e1/v1,
corpus_03,03.CCTV Mobile Usage.mkv,632de9ed55947761d56d4c6142a3cb1a1fe69d0b1a6d0e01a2e404c697962623,rf_detr_sahi,9700.0,unknown_object,0.4156,864.25,413.49,892.47,438.32,700.4,28.22,24.82,1.137,False,,True,R-desk,3,evt_S-61_desk_work_surface_0001,aa2a91065abbd7fe,lap_bag_context,no_pose_observation,34560.0,1.33,,1,cam12/e1/v1,
corpus_03,03.CCTV Mobile Usage.mkv,632de9ed55947761d56d4c6142a3cb1a1fe69d0b1a6d0e01a2e404c697962623,rf_detr_sahi,9700.0,unknown_object,0.3425,959.68,439.0,1130.33,480.0,6996.1,170.65,41.0,4.162,False,,True,R-desk,3,evt_S-61_desk_work_surface_0001,aa2a91065abbd7fe,lap_bag_context,no_pose_observation,34560.0,1.33,,1,cam12/e1/v1,
corpus_03,03.CCTV Mobile Usage.mkv,632de9ed55947761d56d4c6142a3cb1a1fe69d0b1a6d0e01a2e404c697962623,rf_detr_sahi,9700.0,unknown_object,0.2573,880.76,408.08,939.83,453.32,2672.6,59.07,45.25,1.306,False,,True,R-desk,3,evt_S-61_desk_work_surface_0001,aa2a91065abbd7fe,lap_bag_context,no_pose_observation,34560.0,1.33,,1,cam12/e1/v1,
corpus_03,03.CCTV Mobile Usage.mkv,632de9ed55947761d56d4c6142a3cb1a1fe69d0b1a6d0e01a2e404c697962623,rf_detr_sahi,9700.0,unknown_object,0.8259,969.98,408.0,1137.4,448.0,6696.8,167.42,40.0,4.186,False,,True,R-desk,4,evt_S-61_desk_work_surface_0001,aa2a91065abbd7fe,lap_bag_context,no_pose_observation,34560.0,1.33,,1,cam12/e1/v1,
corpus_03,03.CCTV Mobile Usage.mkv,632de9ed55947761d56d4c6142a3cb1a1fe69d0b1a6d0e01a2e404c697962623,rf_detr_sahi,9700.0,unknown_object,0.7746,959.84,452.27,1056.99,479.95,2690.0,97.15,27.69,3.508,False,,True,R-desk,4,evt_S-61_desk_work_surface_0001,aa2a91065abbd7fe,lap_bag_context,no_pose_observation,34560.0,1.33,,1,cam12/e1/v1,
corpus_03,03.CCTV Mobile Usage.mkv,632de9ed55947761d56d4c6142a3cb1a1fe69d0b1a6d0e01a2e404c697962623,rf_detr_sahi,9700.0,unknown_object,0.5073,1042.37,422.89,1112.52,473.25,3533.3,70.16,50.36,1.393,False,,True,R-desk,4,evt_S-61_desk_work_surface_0001,aa2a91065abbd7fe,lap_bag_context,no_pose_observation,34560.0,1.33,,1,cam12/e1/v1,
corpus_03,03.CCTV Mobile Usage.mkv,632de9ed55947761d56d4c6142a3cb1a1fe69d0b1a6d0e01a2e404c697962623,rf_detr_sahi,9700.0,unknown_object,0.4437,821.29,408.05,866.1,420.79,570.5,44.81,12.73,3.519,False,,True,R-desk,4,evt_S-61_desk_work_surface_0001,aa2a91065abbd7fe,lap_bag_context,no_pose_observation,34560.0,1.33,,1,cam12/e1/v1,
corpus_03,03.CCTV Mobile Usage.mkv,632de9ed55947761d56d4c6142a3cb1a1fe69d0b1a6d0e01a2e404c697962623,rf_detr_sahi,9700.0,unknown_object,0.4156,864.25,413.49,892.47,438.32,700.4,28.22,24.82,1.137,False,,True,R-desk,4,evt_S-61_desk_work_surface_0001,aa2a91065abbd7fe,lap_bag_context,no_pose_observation,34560.0,1.33,,1,cam12/e1/v1,
corpus_03,03.CCTV Mobile Usage.mkv,632de9ed55947761d56d4c6142a3cb1a1fe69d0b1a6d0e01a2e404c697962623,rf_detr_sahi,9700.0,unknown_object,0.3425,959.68,439.0,1130.33,480.0,6996.1,170.65,41.0,4.162,False,,True,R-desk,4,evt_S-61_desk_work_surface_0001,aa2a91065abbd7fe,lap_bag_context,no_pose_observation,34560.0,1.33,,1,cam12/e1/v1,
corpus_03,03.CCTV Mobile Usage.mkv,632de9ed55947761d56d4c6142a3cb1a1fe69d0b1a6d0e01a2e404c697962623,rf_detr_sahi,9700.0,unknown_object,0.2573,880.76,408.08,939.83,453.32,2672.6,59.07,45.25,1.306,False,,True,R-desk,4,evt_S-61_desk_work_surface_0001,aa2a91065abbd7fe,lap_bag_context,no_pose_observation,34560.0,1.33,,1,cam12/e1/v1,
corpus_03,03.CCTV Mobile Usage.mkv,632de9ed55947761d56d4c6142a3cb1a1fe69d0b1a6d0e01a2e404c697962623,rf_detr_sahi,9700.0,unknown_object,0.5036,105.78,455.0,172.35,507.21,3475.5,66.57,52.21,1.275,False,,True,S-61,1,evt_S-61_desk_work_surface_0001,d142004b4e59ec48,pose_hand_context,,20713.0,4.45,,1,cam12/e1/v1,rtmpose_baseline
corpus_03,03.CCTV Mobile Usage.mkv,632de9ed55947761d56d4c6142a3cb1a1fe69d0b1a6d0e01a2e404c697962623,rf_detr_sahi,9700.0,unknown_object,0.4164,168.03,518.08,249.0,598.84,6538.9,80.97,80.76,1.003,False,,True,S-61,1,evt_S-61_desk_work_surface_0001,d142004b4e59ec48,pose_hand_context,,20713.0,4.45,,1,cam12/e1/v1,rtmpose_baseline
corpus_03,03.CCTV Mobile Usage.mkv,632de9ed55947761d56d4c6142a3cb1a1fe69d0b1a6d0e01a2e404c697962623,rf_detr_sahi,9700.0,unknown_object,0.2678,178.14,479.27,236.66,522.27,2516.4,58.52,43.0,1.361,False,,True,S-61,1,evt_S-61_desk_work_surface_0001,d142004b4e59ec48,pose_hand_context,,20713.0,4.45,,1,cam12/e1/v1,rtmpose_baseline
corpus_03,03.CCTV Mobile Usage.mkv,632de9ed55947761d56d4c6142a3cb1a1fe69d0b1a6d0e01a2e404c697962623,rf_detr_sahi,10700.0,unknown_object,0.5946,113.39,265.11,189.93,331.88,5110.7,76.54,66.77,1.146,False,,True,S-61,2,evt_S-61_desk_work_surface_0001,306d5f013085fa12,pose_hand_context,,22428.1,4.27,,1,cam12/e1/v1,rtmpose_baseline
corpus_03,03.CCTV Mobile Usage.mkv,632de9ed55947761d56d4c6142a3cb1a1fe69d0b1a6d0e01a2e404c697962623,rf_detr_sahi,10700.0,unknown_object,0.3998,92.0,194.88,128.7,331.57,5016.7,36.7,136.69,0.268,False,,True,S-61,2,evt_S-61_desk_work_surface_0001,306d5f013085fa12,pose_hand_context,,22428.1,4.27,,1,cam12/e1/v1,rtmpose_baseline
corpus_03,03.CCTV Mobile Usage.mkv,632de9ed55947761d56d4c6142a3cb1a1fe69d0b1a6d0e01a2e404c697962623,rf_detr_sahi,10700.0,unknown_object,0.963,117.02,450.06,188.0,520.89,5027.0,70.98,70.82,1.002,False,,True,S-61,1,evt_S-61_desk_work_surface_0001,fc3e6f6ad9de900d,pose_hand_context,,16022.5,5.06,,1,cam12/e1/v1,rtmpose_baseline
corpus_03,03.CCTV Mobile Usage.mkv,632de9ed55947761d56d4c6142a3cb1a1fe69d0b1a6d0e01a2e404c697962623,rf_detr_sahi,10700.0,unknown_object,0.4376,172.06,479.14,244.0,520.71,2990.6,71.94,41.57,1.73,False,,True,S-61,1,evt_S-61_desk_work_surface_0001,fc3e6f6ad9de900d,pose_hand_context,,16022.5,5.06,,1,cam12/e1/v1,rtmpose_baseline
corpus_03,03.CCTV Mobile Usage.mkv,632de9ed55947761d56d4c6142a3cb1a1fe69d0b1a6d0e01a2e404c697962623,rf_detr_sahi,10700.0,unknown_object,0.2616,172.0,506.04,244.0,576.93,5104.0,72.0,70.89,1.016,False,,True,S-61,1,evt_S-61_desk_work_surface_0001,fc3e6f6ad9de900d,pose_hand_context,,16022.5,5.06,,1,cam12/e1/v1,rtmpose_baseline
corpus_03,03.CCTV Mobile Usage.mkv,632de9ed55947761d56d4c6142a3cb1a1fe69d0b1a6d0e01a2e404c697962623,rf_detr_sahi,11700.0,unknown_object,0.386,58.02,510.0,86.43,551.88,1190.0,28.42,41.88,0.679,False,,True,S-61,1,evt_S-61_desk_work_surface_0001,b6a05af65e1ac343,pose_hand_context,,28995.3,3.76,,1,cam12/e1/v1,rtmpose_baseline
corpus_03,03.CCTV Mobile Usage.mkv,632de9ed55947761d56d4c6142a3cb1a1fe69d0b1a6d0e01a2e404c697962623,rf_detr_sahi,11700.0,unknown_object,0.3663,76.48,435.19,153.75,488.96,4155.2,77.27,53.77,1.437,False,,True,S-61,1,evt_S-61_desk_work_surface_0001,b6a05af65e1ac343,pose_hand_context,,28995.3,3.76,,1,cam12/e1/v1,rtmpose_baseline
corpus_03,03.CCTV Mobile Usage.mkv,632de9ed55947761d56d4c6142a3cb1a1fe69d0b1a6d0e01a2e404c697962623,rf_detr_sahi,11700.0,unknown_object,0.2695,133.03,435.09,161.58,477.49,1210.5,28.55,42.4,0.673,False,,True,S-61,1,evt_S-61_desk_work_surface_0001,b6a05af65e1ac343,pose_hand_context,,28995.3,3.76,,1,cam12/e1/v1,rtmpose_baseline
corpus_03,03.CCTV Mobile Usage.mkv,632de9ed55947761d56d4c6142a3cb1a1fe69d0b1a6d0e01a2e404c697962623,rf_detr_sahi,11700.0,unknown_object,0.4056,195.06,303.07,290.0,397.77,8990.5,94.94,94.7,1.003,False,,True,S-61,2,evt_S-61_desk_work_surface_0001,eee0fc316a8f1a81,pose_hand_context,,28486.7,3.79,,1,cam12/e1/v1,rtmpose_baseline
corpus_03,03.CCTV Mobile Usage.mkv,632de9ed55947761d56d4c6142a3cb1a1fe69d0b1a6d0e01a2e404c697962623,rf_detr_sahi,12700.0,unknown_object,0.7723,232.0,202.06,273.33,305.1,4258.1,41.33,103.03,0.401,False,,True,S-61,2,evt_S-61_desk_work_surface_0001,1f3041ccf4ecfadb,pose_hand_context,,34165.8,3.46,,1,cam12/e1/v1,rtmpose_baseline
corpus_03,03.CCTV Mobile Usage.mkv,632de9ed55947761d56d4c6142a3cb1a1fe69d0b1a6d0e01a2e404c697962623,rf_detr_sahi,12700.0,unknown_object,0.6248,184.36,282.15,254.84,386.0,7319.8,70.48,103.85,0.679,False,,True,S-61,2,evt_S-61_desk_work_surface_0001,1f3041ccf4ecfadb,pose_hand_context,,34165.8,3.46,,1,cam12/e1/v1,rtmpose_baseline
corpus_03,03.CCTV Mobile Usage.mkv,632de9ed55947761d56d4c6142a3cb1a1fe69d0b1a6d0e01a2e404c697962623,rf_detr_sahi,12700.0,unknown_object,0.4228,232.07,282.05,258.33,355.67,1933.4,26.26,73.62,0.357,False,,True,S-61,2,evt_S-61_desk_work_surface_0001,1f3041ccf4ecfadb,pose_hand_context,,34165.8,3.46,,1,cam12/e1/v1,rtmpose_baseline
corpus_03,03.CCTV Mobile Usage.mkv,632de9ed55947761d56d4c6142a3cb1a1fe69d0b1a6d0e01a2e404c697962623,rf_detr_sahi,12700.0,unknown_object,0.3269,151.0,202.27,273.56,385.51,22458.2,122.56,183.24,0.669,False,,True,S-61,2,evt_S-61_desk_work_surface_0001,1f3041ccf4ecfadb,pose_hand_context,,34165.8,3.46,,1,cam12/e1/v1,rtmpose_baseline
corpus_03,03.CCTV Mobile Usage.mkv,632de9ed55947761d56d4c6142a3cb1a1fe69d0b1a6d0e01a2e404c697962623,rf_detr_sahi,12700.0,unknown_object,0.256,183.84,291.74,336.0,385.88,14324.1,152.16,94.14,1.616,False,,True,S-61,2,evt_S-61_desk_work_surface_0001,1f3041ccf4ecfadb,pose_hand_context,,34165.8,3.46,,1,cam12/e1/v1,rtmpose_baseline
corpus_03,03.CCTV Mobile Usage.mkv,632de9ed55947761d56d4c6142a3cb1a1fe69d0b1a6d0e01a2e404c697962623,rf_detr_sahi,12700.0,unknown_object,0.8035,67.29,392.0,108.94,483.93,3829.3,41.65,91.93,0.453,False,,True,S-61,1,evt_S-61_desk_work_surface_0001,4da4af0040eee7f8,pose_hand_context,,26771.5,3.91,,1,cam12/e1/v1,rtmpose_baseline
corpus_03,03.CCTV Mobile Usage.mkv,632de9ed55947761d56d4c6142a3cb1a1fe69d0b1a6d0e01a2e404c697962623,rf_detr_sahi,12700.0,unknown_object,0.4708,88.06,464.05,158.12,497.75,2361.2,70.06,33.7,2.079,False,,True,S-61,1,evt_S-61_desk_work_surface_0001,4da4af0040eee7f8,pose_hand_context,,26771.5,3.91,,1,cam12/e1/v1,rtmpose_baseline
corpus_03,03.CCTV Mobile Usage.mkv,632de9ed55947761d56d4c6142a3cb1a1fe69d0b1a6d0e01a2e404c697962623,rf_detr_sahi,12700.0,unknown_object,0.459,88.01,392.0,157.99,484.0,6438.6,69.99,92.0,0.761,False,,True,S-61,1,evt_S-61_desk_work_surface_0001,4da4af0040eee7f8,pose_hand_context,,26771.5,3.91,,1,cam12/e1/v1,rtmpose_baseline
corpus_03,03.CCTV Mobile Usage.mkv,632de9ed55947761d56d4c6142a3cb1a1fe69d0b1a6d0e01a2e404c697962623,rf_detr_sahi,12700.0,unknown_object,0.3889,66.4,464.0,109.0,497.64,1433.3,42.6,33.64,1.266,False,,True,S-61,1,evt_S-61_desk_work_surface_0001,4da4af0040eee7f8,pose_hand_context,,26771.5,3.91,,1,cam12/e1/v1,rtmpose_baseline
corpus_03,03.CCTV Mobile Usage.mkv,632de9ed55947761d56d4c6142a3cb1a1fe69d0b1a6d0e01a2e404c697962623,rf_detr_sahi,12700.0,stationery,0.3386,17.5,493.42,179.35,555.96,10122.9,161.85,62.55,2.588,False,,True,S-61,1,evt_S-61_desk_work_surface_0001,4da4af0040eee7f8,pose_hand_context,,26771.5,3.91,,1,cam12/e1/v1,rtmpose_baseline
corpus_03,03.CCTV Mobile Usage.mkv,632de9ed55947761d56d4c6142a3cb1a1fe69d0b1a6d0e01a2e404c697962623,rf_detr_sahi,12700.0,monitor_or_bezel,0.3208,17.31,392.67,180.0,555.95,26564.3,162.69,163.28,0.996,False,,True,S-61,1,evt_S-61_desk_work_surface_0001,4da4af0040eee7f8,pose_hand_context,,26771.5,3.91,,1,cam12/e1/v1,rtmpose_baseline
corpus_03,03.CCTV Mobile Usage.mkv,632de9ed55947761d56d4c6142a3cb1a1fe69d0b1a6d0e01a2e404c697962623,rf_detr_sahi,12700.0,monitor_or_bezel,0.2989,17.13,464.14,108.93,555.83,8416.2,91.79,91.69,1.001,False,,True,S-61,1,evt_S-61_desk_work_surface_0001,4da4af0040eee7f8,pose_hand_context,,26771.5,3.91,,1,cam12/e1/v1,rtmpose_baseline
corpus_03,03.CCTV Mobile Usage.mkv,632de9ed55947761d56d4c6142a3cb1a1fe69d0b1a6d0e01a2e404c697962623,rf_detr_sahi,12700.0,unknown_object,0.2774,17.13,464.14,108.93,555.83,8416.2,91.79,91.69,1.001,False,,True,S-61,1,evt_S-61_desk_work_surface_0001,4da4af0040eee7f8,pose_hand_context,,26771.5,3.91,,1,cam12/e1/v1,rtmpose_baseline
corpus_03,03.CCTV Mobile Usage.mkv,632de9ed55947761d56d4c6142a3cb1a1fe69d0b1a6d0e01a2e404c697962623,rf_detr_sahi,12700.0,unknown_object,0.2697,88.1,464.2,165.13,533.16,5312.3,77.03,68.96,1.117,False,,True,S-61,1,evt_S-61_desk_work_surface_0001,4da4af0040eee7f8,pose_hand_context,,26771.5,3.91,,1,cam12/e1/v1,rtmpose_baseline
corpus_03,03.CCTV Mobile Usage.mkv,632de9ed55947761d56d4c6142a3cb1a1fe69d0b1a6d0e01a2e404c697962623,rf_detr_sahi,12700.0,unknown_object,0.8486,969.86,408.0,1140.43,448.0,6822.3,170.57,40.0,4.265,False,,True,R-desk,7,evt_S-61_desk_work_surface_0001,968235d01208b21f,lap_bag_context,no_pose_observation,34560.0,1.33,,1,cam12/e1/v1,
corpus_03,03.CCTV Mobile Usage.mkv,632de9ed55947761d56d4c6142a3cb1a1fe69d0b1a6d0e01a2e404c697962623,rf_detr_sahi,12700.0,unknown_object,0.8301,960.81,452.29,1058.17,479.96,2693.8,97.36,27.67,3.518,False,,True,R-desk,7,evt_S-61_desk_work_surface_0001,968235d01208b21f,lap_bag_context,no_pose_observation,34560.0,1.33,,1,cam12/e1/v1,
corpus_03,03.CCTV Mobile Usage.mkv,632de9ed55947761d56d4c6142a3cb1a1fe69d0b1a6d0e01a2e404c697962623,rf_detr_sahi,12700.0,unknown_object,0.4498,959.87,439.0,1128.6,480.0,6918.1,168.73,41.0,4.115,False,,True,R-desk,7,evt_S-61_desk_work_surface_0001,968235d01208b21f,lap_bag_context,no_pose_observation,34560.0,1.33,,1,cam12/e1/v1,
corpus_03,03.CCTV Mobile Usage.mkv,632de9ed55947761d56d4c6142a3cb1a1fe69d0b1a6d0e01a2e404c697962623,rf_detr_sahi,12700.0,unknown_object,0.4426,1041.61,424.41,1113.7,473.39,3530.7,72.09,48.98,1.472,False,,True,R-desk,7,evt_S-61_desk_work_surface_0001,968235d01208b21f,lap_bag_context,no_pose_observation,34560.0,1.33,,1,cam12/e1/v1,
corpus_03,03.CCTV Mobile Usage.mkv,632de9ed55947761d56d4c6142a3cb1a1fe69d0b1a6d0e01a2e404c697962623,rf_detr_sahi,12700.0,unknown_object,0.395,821.47,408.06,865.73,420.76,561.9,44.26,12.7,3.486,False,,True,R-desk,7,evt_S-61_desk_work_surface_0001,968235d01208b21f,lap_bag_context,no_pose_observation,34560.0,1.33,,1,cam12/e1/v1,
corpus_03,03.CCTV Mobile Usage.mkv,632de9ed55947761d56d4c6142a3cb1a1fe69d0b1a6d0e01a2e404c697962623,rf_detr_sahi,12700.0,unknown_object,0.387,864.99,413.44,892.81,438.43,695.2,27.82,24.99,1.113,False,,True,R-desk,7,evt_S-61_desk_work_surface_0001,968235d01208b21f,lap_bag_context,no_pose_observation,34560.0,1.33,,1,cam12/e1/v1,
corpus_03,03.CCTV Mobile Usage.mkv,632de9ed55947761d56d4c6142a3cb1a1fe69d0b1a6d0e01a2e404c697962623,rf_detr_sahi,12700.0,unknown_object,0.3568,986.78,408.3,1091.76,473.72,6868.4,104.98,65.43,1.605,False,,True,R-desk,7,evt_S-61_desk_work_surface_0001,968235d01208b21f,lap_bag_context,no_pose_observation,34560.0,1.33,,1,cam12/e1/v1,
corpus_03,03.CCTV Mobile Usage.mkv,632de9ed55947761d56d4c6142a3cb1a1fe69d0b1a6d0e01a2e404c697962623,rf_detr_sahi,12700.0,unknown_object,0.2962,866.59,408.25,939.01,453.63,3287.0,72.42,45.39,1.596,False,,True,R-desk,7,evt_S-61_desk_work_surface_0001,968235d01208b21f,lap_bag_context,no_pose_observation,34560.0,1.33,,1,cam12/e1/v1,
corpus_03,03.CCTV Mobile Usage.mkv,632de9ed55947761d56d4c6142a3cb1a1fe69d0b1a6d0e01a2e404c697962623,rf_detr_sahi,12700.0,unknown_object,0.2904,700.33,439.0,927.67,479.93,9305.6,227.35,40.93,5.554,False,,True,R-desk,7,evt_S-61_desk_work_surface_0001,968235d01208b21f,lap_bag_context,no_pose_observation,34560.0,1.33,,1,cam12/e1/v1,
corpus_03,03.CCTV Mobile Usage.mkv,632de9ed55947761d56d4c6142a3cb1a1fe69d0b1a6d0e01a2e404c697962623,rf_detr_sahi,12700.0,unknown_object,0.8486,969.86,408.0,1140.43,448.0,6822.3,170.57,40.0,4.265,False,,True,R-desk,5,evt_S-61_desk_work_surface_0001,968235d01208b21f,lap_bag_context,no_pose_observation,34560.0,1.33,,1,cam12/e1/v1,
corpus_03,03.CCTV Mobile Usage.mkv,632de9ed55947761d56d4c6142a3cb1a1fe69d0b1a6d0e01a2e404c697962623,rf_detr_sahi,12700.0,unknown_object,0.8301,960.81,452.29,1058.17,479.96,2693.8,97.36,27.67,3.518,False,,True,R-desk,5,evt_S-61_desk_work_surface_0001,968235d01208b21f,lap_bag_context,no_pose_observation,34560.0,1.33,,1,cam12/e1/v1,
corpus_03,03.CCTV Mobile Usage.mkv,632de9ed55947761d56d4c6142a3cb1a1fe69d0b1a6d0e01a2e404c697962623,rf_detr_sahi,12700.0,unknown_object,0.4498,959.87,439.0,1128.6,480.0,6918.1,168.73,41.0,4.115,False,,True,R-desk,5,evt_S-61_desk_work_surface_0001,968235d01208b21f,lap_bag_context,no_pose_observation,34560.0,1.33,,1,cam12/e1/v1,
corpus_03,03.CCTV Mobile Usage.mkv,632de9ed55947761d56d4c6142a3cb1a1fe69d0b1a6d0e01a2e404c697962623,rf_detr_sahi,12700.0,unknown_object,0.4426,1041.61,424.41,1113.7,473.39,3530.7,72.09,48.98,1.472,False,,True,R-desk,5,evt_S-61_desk_work_surface_0001,968235d01208b21f,lap_bag_context,no_pose_observation,34560.0,1.33,,1,cam12/e1/v1,
corpus_03,03.CCTV Mobile Usage.mkv,632de9ed55947761d56d4c6142a3cb1a1fe69d0b1a6d0e01a2e404c697962623,rf_detr_sahi,12700.0,unknown_object,0.395,821.47,408.06,865.73,420.76,561.9,44.26,12.7,3.486,False,,True,R-desk,5,evt_S-61_desk_work_surface_0001,968235d01208b21f,lap_bag_context,no_pose_observation,34560.0,1.33,,1,cam12/e1/v1,
corpus_03,03.CCTV Mobile Usage.mkv,632de9ed55947761d56d4c6142a3cb1a1fe69d0b1a6d0e01a2e404c697962623,rf_detr_sahi,12700.0,unknown_object,0.387,864.99,413.44,892.81,438.43,695.2,27.82,24.99,1.113,False,,True,R-desk,5,evt_S-61_desk_work_surface_0001,968235d01208b21f,lap_bag_context,no_pose_observation,34560.0,1.33,,1,cam12/e1/v1,
corpus_03,03.CCTV Mobile Usage.mkv,632de9ed55947761d56d4c6142a3cb1a1fe69d0b1a6d0e01a2e404c697962623,rf_detr_sahi,12700.0,unknown_object,0.3568,986.78,408.3,1091.76,473.72,6868.4,104.98,65.43,1.605,False,,True,R-desk,5,evt_S-61_desk_work_surface_0001,968235d01208b21f,lap_bag_context,no_pose_observation,34560.0,1.33,,1,cam12/e1/v1,
corpus_03,03.CCTV Mobile Usage.mkv,632de9ed55947761d56d4c6142a3cb1a1fe69d0b1a6d0e01a2e404c697962623,rf_detr_sahi,12700.0,unknown_object,0.2962,866.59,408.25,939.01,453.63,3287.0,72.42,45.39,1.596,False,,True,R-desk,5,evt_S-61_desk_work_surface_0001,968235d01208b21f,lap_bag_context,no_pose_observation,34560.0,1.33,,1,cam12/e1/v1,
corpus_03,03.CCTV Mobile Usage.mkv,632de9ed55947761d56d4c6142a3cb1a1fe69d0b1a6d0e01a2e404c697962623,rf_detr_sahi,12700.0,unknown_object,0.2904,700.33,439.0,927.67,479.93,9305.6,227.35,40.93,5.554,False,,True,R-desk,5,evt_S-61_desk_work_surface_0001,968235d01208b21f,lap_bag_context,no_pose_observation,34560.0,1.33,,1,cam12/e1/v1,
corpus_03,03.CCTV Mobile Usage.mkv,632de9ed55947761d56d4c6142a3cb1a1fe69d0b1a6d0e01a2e404c697962623,rf_detr_sahi,12700.0,unknown_object,0.8486,969.86,408.0,1140.43,448.0,6822.3,170.57,40.0,4.265,False,,True,R-desk,6,evt_S-61_desk_work_surface_0001,968235d01208b21f,lap_bag_context,no_pose_observation,34560.0,1.33,,1,cam12/e1/v1,
corpus_03,03.CCTV Mobile Usage.mkv,632de9ed55947761d56d4c6142a3cb1a1fe69d0b1a6d0e01a2e404c697962623,rf_detr_sahi,12700.0,unknown_object,0.8301,960.81,452.29,1058.17,479.96,2693.8,97.36,27.67,3.518,False,,True,R-desk,6,evt_S-61_desk_work_surface_0001,968235d01208b21f,lap_bag_context,no_pose_observation,34560.0,1.33,,1,cam12/e1/v1,
corpus_03,03.CCTV Mobile Usage.mkv,632de9ed55947761d56d4c6142a3cb1a1fe69d0b1a6d0e01a2e404c697962623,rf_detr_sahi,12700.0,unknown_object,0.4498,959.87,439.0,1128.6,480.0,6918.1,168.73,41.0,4.115,False,,True,R-desk,6,evt_S-61_desk_work_surface_0001,968235d01208b21f,lap_bag_context,no_pose_observation,34560.0,1.33,,1,cam12/e1/v1,
corpus_03,03.CCTV Mobile Usage.mkv,632de9ed55947761d56d4c6142a3cb1a1fe69d0b1a6d0e01a2e404c697962623,rf_detr_sahi,12700.0,unknown_object,0.4426,1041.61,424.41,1113.7,473.39,3530.7,72.09,48.98,1.472,False,,True,R-desk,6,evt_S-61_desk_work_surface_0001,968235d01208b21f,lap_bag_context,no_pose_observation,34560.0,1.33,,1,cam12/e1/v1,
corpus_03,03.CCTV Mobile Usage.mkv,632de9ed55947761d56d4c6142a3cb1a1fe69d0b1a6d0e01a2e404c697962623,rf_detr_sahi,12700.0,unknown_object,0.395,821.47,408.06,865.73,420.76,561.9,44.26,12.7,3.486,False,,True,R-desk,6,evt_S-61_desk_work_surface_0001,968235d01208b21f,lap_bag_context,no_pose_observation,34560.0,1.33,,1,cam12/e1/v1,
corpus_03,03.CCTV Mobile Usage.mkv,632de9ed55947761d56d4c6142a3cb1a1fe69d0b1a6d0e01a2e404c697962623,rf_detr_sahi,12700.0,unknown_object,0.387,864.99,413.44,892.81,438.43,695.2,27.82,24.99,1.113,False,,True,R-desk,6,evt_S-61_desk_work_surface_0001,968235d01208b21f,lap_bag_context,no_pose_observation,34560.0,1.33,,1,cam12/e1/v1,
corpus_03,03.CCTV Mobile Usage.mkv,632de9ed55947761d56d4c6142a3cb1a1fe69d0b1a6d0e01a2e404c697962623,rf_detr_sahi,12700.0,unknown_object,0.3568,986.78,408.3,1091.76,473.72,6868.4,104.98,65.43,1.605,False,,True,R-desk,6,evt_S-61_desk_work_surface_0001,968235d01208b21f,lap_bag_context,no_pose_observation,34560.0,1.33,,1,cam12/e1/v1,
corpus_03,03.CCTV Mobile Usage.mkv,632de9ed55947761d56d4c6142a3cb1a1fe69d0b1a6d0e01a2e404c697962623,rf_detr_sahi,12700.0,unknown_object,0.2962,866.59,408.25,939.01,453.63,3287.0,72.42,45.39,1.596,False,,True,R-desk,6,evt_S-61_desk_work_surface_0001,968235d01208b21f,lap_bag_context,no_pose_observation,34560.0,1.33,,1,cam12/e1/v1,
corpus_03,03.CCTV Mobile Usage.mkv,632de9ed55947761d56d4c6142a3cb1a1fe69d0b1a6d0e01a2e404c697962623,rf_detr_sahi,12700.0,unknown_object,0.2904,700.33,439.0,927.67,479.93,9305.6,227.35,40.93,5.554,False,,True,R-desk,6,evt_S-61_desk_work_surface_0001,968235d01208b21f,lap_bag_context,no_pose_observation,34560.0,1.33,,1,cam12/e1/v1,
corpus_03,03.CCTV Mobile Usage.mkv,632de9ed55947761d56d4c6142a3cb1a1fe69d0b1a6d0e01a2e404c697962623,rf_detr_sahi,13700.0,unknown_object,0.8486,969.86,408.0,1140.43,448.0,6822.3,170.57,40.0,4.265,False,,True,R-desk,5,evt_S-61_desk_work_surface_0001,243d4174c5ecf8e0,lap_bag_context,no_pose_observation,34560.0,1.33,,1,cam12/e1/v1,
corpus_03,03.CCTV Mobile Usage.mkv,632de9ed55947761d56d4c6142a3cb1a1fe69d0b1a6d0e01a2e404c697962623,rf_detr_sahi,13700.0,unknown_object,0.8311,960.79,452.29,1058.27,479.96,2696.9,97.48,27.67,3.524,False,,True,R-desk,5,evt_S-61_desk_work_surface_0001,243d4174c5ecf8e0,lap_bag_context,no_pose_observation,34560.0,1.33,,1,cam12/e1/v1,
corpus_03,03.CCTV Mobile Usage.mkv,632de9ed55947761d56d4c6142a3cb1a1fe69d0b1a6d0e01a2e404c697962623,rf_detr_sahi,13700.0,unknown_object,0.4472,959.86,439.0,1128.56,480.0,6916.9,168.71,41.0,4.115,False,,True,R-desk,5,evt_S-61_desk_work_surface_0001,243d4174c5ecf8e0,lap_bag_context,no_pose_observation,34560.0,1.33,,1,cam12/e1/v1,
corpus_03,03.CCTV Mobile Usage.mkv,632de9ed55947761d56d4c6142a3cb1a1fe69d0b1a6d0e01a2e404c697962623,rf_detr_sahi,13700.0,unknown_object,0.4433,1041.59,424.41,1113.69,473.36,3530.2,72.11,48.96,1.473,False,,True,R-desk,5,evt_S-61_desk_work_surface_0001,243d4174c5ecf8e0,lap_bag_context,no_pose_observation,34560.0,1.33,,1,cam12/e1/v1,
corpus_03,03.CCTV Mobile Usage.mkv,632de9ed55947761d56d4c6142a3cb1a1fe69d0b1a6d0e01a2e404c697962623,rf_detr_sahi,13700.0,unknown_object,0.3965,821.46,408.05,865.73,420.75,561.9,44.26,12.7,3.487,False,,True,R-desk,5,evt_S-61_desk_work_surface_0001,243d4174c5ecf8e0,lap_bag_context,no_pose_observation,34560.0,1.33,,1,cam12/e1/v1,
corpus_03,03.CCTV Mobile Usage.mkv,632de9ed55947761d56d4c6142a3cb1a1fe69d0b1a6d0e01a2e404c697962623,rf_detr_sahi,13700.0,unknown_object,0.3873,864.99,413.44,892.82,438.43,695.5,27.83,24.99,1.114,False,,True,R-desk,5,evt_S-61_desk_work_surface_0001,243d4174c5ecf8e0,lap_bag_context,no_pose_observation,34560.0,1.33,,1,cam12/e1/v1,
corpus_03,03.CCTV Mobile Usage.mkv,632de9ed55947761d56d4c6142a3cb1a1fe69d0b1a6d0e01a2e404c697962623,rf_detr_sahi,13700.0,unknown_object,0.3605,986.69,408.3,1091.97,473.7,6884.6,105.28,65.39,1.61,False,,True,R-desk,5,evt_S-61_desk_work_surface_0001,243d4174c5ecf8e0,lap_bag_context,no_pose_observation,34560.0,1.33,,1,cam12/e1/v1,
corpus_03,03.CCTV Mobile Usage.mkv,632de9ed55947761d56d4c6142a3cb1a1fe69d0b1a6d0e01a2e404c697962623,rf_detr_sahi,13700.0,unknown_object,0.2973,700.28,439.0,927.61,479.93,9304.7,227.33,40.93,5.554,False,,True,R-desk,5,evt_S-61_desk_work_surface_0001,243d4174c5ecf8e0,lap_bag_context,no_pose_observation,34560.0,1.33,,1,cam12/e1/v1,
corpus_03,03.CCTV Mobile Usage.mkv,632de9ed55947761d56d4c6142a3cb1a1fe69d0b1a6d0e01a2e404c697962623,rf_detr_sahi,13700.0,unknown_object,0.2939,866.51,408.19,938.86,453.65,3289.4,72.35,45.46,1.591,False,,True,R-desk,5,evt_S-61_desk_work_surface_0001,243d4174c5ecf8e0,lap_bag_context,no_pose_observation,34560.0,1.33,,1,cam12/e1/v1,
corpus_03,03.CCTV Mobile Usage.mkv,632de9ed55947761d56d4c6142a3cb1a1fe69d0b1a6d0e01a2e404c697962623,rf_detr_sahi,13700.0,unknown_object,0.8486,969.86,408.0,1140.43,448.0,6822.3,170.57,40.0,4.265,False,,True,R-desk,7,evt_S-61_desk_work_surface_0001,243d4174c5ecf8e0,lap_bag_context,no_pose_observation,34560.0,1.33,,1,cam12/e1/v1,
corpus_03,03.CCTV Mobile Usage.mkv,632de9ed55947761d56d4c6142a3cb1a1fe69d0b1a6d0e01a2e404c697962623,rf_detr_sahi,13700.0,unknown_object,0.8311,960.79,452.29,1058.27,479.96,2696.9,97.48,27.67,3.524,False,,True,R-desk,7,evt_S-61_desk_work_surface_0001,243d4174c5ecf8e0,lap_bag_context,no_pose_observation,34560.0,1.33,,1,cam12/e1/v1,
corpus_03,03.CCTV Mobile Usage.mkv,632de9ed55947761d56d4c6142a3cb1a1fe69d0b1a6d0e01a2e404c697962623,rf_detr_sahi,13700.0,unknown_object,0.4472,959.86,439.0,1128.56,480.0,6916.9,168.71,41.0,4.115,False,,True,R-desk,7,evt_S-61_desk_work_surface_0001,243d4174c5ecf8e0,lap_bag_context,no_pose_observation,34560.0,1.33,,1,cam12/e1/v1,
corpus_03,03.CCTV Mobile Usage.mkv,632de9ed55947761d56d4c6142a3cb1a1fe69d0b1a6d0e01a2e404c697962623,rf_detr_sahi,13700.0,unknown_object,0.4433,1041.59,424.41,1113.69,473.36,3530.2,72.11,48.96,1.473,False,,True,R-desk,7,evt_S-61_desk_work_surface_0001,243d4174c5ecf8e0,lap_bag_context,no_pose_observation,34560.0,1.33,,1,cam12/e1/v1,
corpus_03,03.CCTV Mobile Usage.mkv,632de9ed55947761d56d4c6142a3cb1a1fe69d0b1a6d0e01a2e404c697962623,rf_detr_sahi,13700.0,unknown_object,0.3965,821.46,408.05,865.73,420.75,561.9,44.26,12.7,3.487,False,,True,R-desk,7,evt_S-61_desk_work_surface_0001,243d4174c5ecf8e0,lap_bag_context,no_pose_observation,34560.0,1.33,,1,cam12/e1/v1,
corpus_03,03.CCTV Mobile Usage.mkv,632de9ed55947761d56d4c6142a3cb1a1fe69d0b1a6d0e01a2e404c697962623,rf_detr_sahi,13700.0,unknown_object,0.3873,864.99,413.44,892.82,438.43,695.5,27.83,24.99,1.114,False,,True,R-desk,7,evt_S-61_desk_work_surface_0001,243d4174c5ecf8e0,lap_bag_context,no_pose_observation,34560.0,1.33,,1,cam12/e1/v1,
corpus_03,03.CCTV Mobile Usage.mkv,632de9ed55947761d56d4c6142a3cb1a1fe69d0b1a6d0e01a2e404c697962623,rf_detr_sahi,13700.0,unknown_object,0.3605,986.69,408.3,1091.97,473.7,6884.6,105.28,65.39,1.61,False,,True,R-desk,7,evt_S-61_desk_work_surface_0001,243d4174c5ecf8e0,lap_bag_context,no_pose_observation,34560.0,1.33,,1,cam12/e1/v1,
corpus_03,03.CCTV Mobile Usage.mkv,632de9ed55947761d56d4c6142a3cb1a1fe69d0b1a6d0e01a2e404c697962623,rf_detr_sahi,13700.0,unknown_object,0.2973,700.28,439.0,927.61,479.93,9304.7,227.33,40.93,5.554,False,,True,R-desk,7,evt_S-61_desk_work_surface_0001,243d4174c5ecf8e0,lap_bag_context,no_pose_observation,34560.0,1.33,,1,cam12/e1/v1,
corpus_03,03.CCTV Mobile Usage.mkv,632de9ed55947761d56d4c6142a3cb1a1fe69d0b1a6d0e01a2e404c697962623,rf_detr_sahi,13700.0,unknown_object,0.2939,866.51,408.19,938.86,453.65,3289.4,72.35,45.46,1.591,False,,True,R-desk,7,evt_S-61_desk_work_surface_0001,243d4174c5ecf8e0,lap_bag_context,no_pose_observation,34560.0,1.33,,1,cam12/e1/v1,
corpus_03,03.CCTV Mobile Usage.mkv,632de9ed55947761d56d4c6142a3cb1a1fe69d0b1a6d0e01a2e404c697962623,rf_detr_sahi,13700.0,unknown_object,0.8486,969.86,408.0,1140.43,448.0,6822.3,170.57,40.0,4.265,False,,True,R-desk,6,evt_S-61_desk_work_surface_0001,243d4174c5ecf8e0,lap_bag_context,no_pose_observation,34560.0,1.33,,1,cam12/e1/v1,
corpus_03,03.CCTV Mobile Usage.mkv,632de9ed55947761d56d4c6142a3cb1a1fe69d0b1a6d0e01a2e404c697962623,rf_detr_sahi,13700.0,unknown_object,0.8311,960.79,452.29,1058.27,479.96,2696.9,97.48,27.67,3.524,False,,True,R-desk,6,evt_S-61_desk_work_surface_0001,243d4174c5ecf8e0,lap_bag_context,no_pose_observation,34560.0,1.33,,1,cam12/e1/v1,
corpus_03,03.CCTV Mobile Usage.mkv,632de9ed55947761d56d4c6142a3cb1a1fe69d0b1a6d0e01a2e404c697962623,rf_detr_sahi,13700.0,unknown_object,0.4472,959.86,439.0,1128.56,480.0,6916.9,168.71,41.0,4.115,False,,True,R-desk,6,evt_S-61_desk_work_surface_0001,243d4174c5ecf8e0,lap_bag_context,no_pose_observation,34560.0,1.33,,1,cam12/e1/v1,
corpus_03,03.CCTV Mobile Usage.mkv,632de9ed55947761d56d4c6142a3cb1a1fe69d0b1a6d0e01a2e404c697962623,rf_detr_sahi,13700.0,unknown_object,0.4433,1041.59,424.41,1113.69,473.36,3530.2,72.11,48.96,1.473,False,,True,R-desk,6,evt_S-61_desk_work_surface_0001,243d4174c5ecf8e0,lap_bag_context,no_pose_observation,34560.0,1.33,,1,cam12/e1/v1,
corpus_03,03.CCTV Mobile Usage.mkv,632de9ed55947761d56d4c6142a3cb1a1fe69d0b1a6d0e01a2e404c697962623,rf_detr_sahi,13700.0,unknown_object,0.3965,821.46,408.05,865.73,420.75,561.9,44.26,12.7,3.487,False,,True,R-desk,6,evt_S-61_desk_work_surface_0001,243d4174c5ecf8e0,lap_bag_context,no_pose_observation,34560.0,1.33,,1,cam12/e1/v1,
corpus_03,03.CCTV Mobile Usage.mkv,632de9ed55947761d56d4c6142a3cb1a1fe69d0b1a6d0e01a2e404c697962623,rf_detr_sahi,13700.0,unknown_object,0.3873,864.99,413.44,892.82,438.43,695.5,27.83,24.99,1.114,False,,True,R-desk,6,evt_S-61_desk_work_surface_0001,243d4174c5ecf8e0,lap_bag_context,no_pose_observation,34560.0,1.33,,1,cam12/e1/v1,
corpus_03,03.CCTV Mobile Usage.mkv,632de9ed55947761d56d4c6142a3cb1a1fe69d0b1a6d0e01a2e404c697962623,rf_detr_sahi,13700.0,unknown_object,0.3605,986.69,408.3,1091.97,473.7,6884.6,105.28,65.39,1.61,False,,True,R-desk,6,evt_S-61_desk_work_surface_0001,243d4174c5ecf8e0,lap_bag_context,no_pose_observation,34560.0,1.33,,1,cam12/e1/v1,
corpus_03,03.CCTV Mobile Usage.mkv,632de9ed55947761d56d4c6142a3cb1a1fe69d0b1a6d0e01a2e404c697962623,rf_detr_sahi,13700.0,unknown_object,0.2973,700.28,439.0,927.61,479.93,9304.7,227.33,40.93,5.554,False,,True,R-desk,6,evt_S-61_desk_work_surface_0001,243d4174c5ecf8e0,lap_bag_context,no_pose_observation,34560.0,1.33,,1,cam12/e1/v1,
corpus_03,03.CCTV Mobile Usage.mkv,632de9ed55947761d56d4c6142a3cb1a1fe69d0b1a6d0e01a2e404c697962623,rf_detr_sahi,13700.0,unknown_object,0.2939,866.51,408.19,938.86,453.65,3289.4,72.35,45.46,1.591,False,,True,R-desk,6,evt_S-61_desk_work_surface_0001,243d4174c5ecf8e0,lap_bag_context,no_pose_observation,34560.0,1.33,,1,cam12/e1/v1,
corpus_03,03.CCTV Mobile Usage.mkv,632de9ed55947761d56d4c6142a3cb1a1fe69d0b1a6d0e01a2e404c697962623,rf_detr_sahi,13700.0,unknown_object,0.6002,98.11,304.0,210.88,423.0,13418.9,112.76,119.0,0.948,False,,True,S-61,2,evt_S-61_desk_work_surface_0001,843ac0bd3ddb8743,pose_hand_context,,44783.0,3.02,,1,cam12/e1/v1,rtmpose_baseline
corpus_03,03.CCTV Mobile Usage.mkv,632de9ed55947761d56d4c6142a3cb1a1fe69d0b1a6d0e01a2e404c697962623,rf_detr_sahi,13700.0,unknown_object,0.3325,14.87,304.06,119.0,388.99,8843.4,104.13,84.93,1.226,False,,True,S-61,2,evt_S-61_desk_work_surface_0001,843ac0bd3ddb8743,pose_hand_context,,44783.0,3.02,,1,cam12/e1/v1,rtmpose_baseline
corpus_03,03.CCTV Mobile Usage.mkv,632de9ed55947761d56d4c6142a3cb1a1fe69d0b1a6d0e01a2e404c697962623,rf_detr_sahi,13700.0,unknown_object,0.3222,92.0,304.0,122.3,389.19,2581.4,30.3,85.19,0.356,False,,True,S-61,2,evt_S-61_desk_work_surface_0001,843ac0bd3ddb8743,pose_hand_context,,44783.0,3.02,,1,cam12/e1/v1,rtmpose_baseline
corpus_03,03.CCTV Mobile Usage.mkv,632de9ed55947761d56d4c6142a3cb1a1fe69d0b1a6d0e01a2e404c697962623,rf_detr_sahi,13700.0,unknown_object,0.3218,58.29,211.05,210.99,422.91,32352.9,152.7,211.87,0.721,False,,True,S-61,2,evt_S-61_desk_work_surface_0001,843ac0bd3ddb8743,pose_hand_context,,44783.0,3.02,,1,cam12/e1/v1,rtmpose_baseline
corpus_03,03.CCTV Mobile Usage.mkv,632de9ed55947761d56d4c6142a3cb1a1fe69d0b1a6d0e01a2e404c697962623,rf_detr_sahi,13700.0,unknown_object,0.2984,96.19,211.0,169.17,330.0,8685.5,72.99,119.0,0.613,False,,True,S-61,2,evt_S-61_desk_work_surface_0001,843ac0bd3ddb8743,pose_hand_context,,44783.0,3.02,,1,cam12/e1/v1,rtmpose_baseline
corpus_03,03.CCTV Mobile Usage.mkv,632de9ed55947761d56d4c6142a3cb1a1fe69d0b1a6d0e01a2e404c697962623,rf_detr_sahi,13700.0,unknown_object,0.2926,0.29,278.13,90.1,422.84,12996.7,89.81,144.71,0.621,False,,True,S-61,2,evt_S-61_desk_work_surface_0001,843ac0bd3ddb8743,pose_hand_context,,44783.0,3.02,,1,cam12/e1/v1,rtmpose_baseline
corpus_03,03.CCTV Mobile Usage.mkv,632de9ed55947761d56d4c6142a3cb1a1fe69d0b1a6d0e01a2e404c697962623,rf_detr_sahi,13700.0,unknown_object,0.2851,102.17,211.0,119.0,329.67,1997.1,16.83,118.67,0.142,False,,True,S-61,2,evt_S-61_desk_work_surface_0001,843ac0bd3ddb8743,pose_hand_context,,44783.0,3.02,,1,cam12/e1/v1,rtmpose_baseline
corpus_03,03.CCTV Mobile Usage.mkv,632de9ed55947761d56d4c6142a3cb1a1fe69d0b1a6d0e01a2e404c697962623,rf_detr_sahi,13700.0,unknown_object,0.2763,58.41,211.0,119.0,329.95,7207.6,60.59,118.95,0.509,False,,True,S-61,2,evt_S-61_desk_work_surface_0001,843ac0bd3ddb8743,pose_hand_context,,44783.0,3.02,,1,cam12/e1/v1,rtmpose_baseline
corpus_03,03.CCTV Mobile Usage.mkv,632de9ed55947761d56d4c6142a3cb1a1fe69d0b1a6d0e01a2e404c697962623,rf_detr_sahi,13700.0,unknown_object,0.6778,59.84,372.0,119.0,482.0,6507.6,59.16,110.0,0.538,False,,True,S-61,1,evt_S-61_desk_work_surface_0001,96838b91a5af473a,pose_hand_context,,38722.4,3.25,,1,cam12/e1/v1,rtmpose_baseline
corpus_03,03.CCTV Mobile Usage.mkv,632de9ed55947761d56d4c6142a3cb1a1fe69d0b1a6d0e01a2e404c697962623,rf_detr_sahi,13700.0,unknown_object,0.6365,94.0,372.05,204.98,481.97,12198.4,110.97,109.92,1.01,False,,True,S-61,1,evt_S-61_desk_work_surface_0001,96838b91a5af473a,pose_hand_context,,38722.4,3.25,,1,cam12/e1/v1,rtmpose_baseline
corpus_03,03.CCTV Mobile Usage.mkv,632de9ed55947761d56d4c6142a3cb1a1fe69d0b1a6d0e01a2e404c697962623,rf_detr_sahi,13700.0,unknown_object,0.4187,8.0,372.18,193.68,569.0,36546.4,185.68,196.82,0.943,False,,True,S-61,1,evt_S-61_desk_work_surface_0001,96838b91a5af473a,pose_hand_context,,38722.4,3.25,,1,cam12/e1/v1,rtmpose_baseline
corpus_03,03.CCTV Mobile Usage.mkv,632de9ed55947761d56d4c6142a3cb1a1fe69d0b1a6d0e01a2e404c697962623,rf_detr_sahi,13700.0,monitor_or_bezel,0.4153,8.06,458.1,119.0,568.66,12265.5,110.94,110.56,1.003,False,,True,S-61,1,evt_S-61_desk_work_surface_0001,96838b91a5af473a,pose_hand_context,,38722.4,3.25,,1,cam12/e1/v1,rtmpose_baseline
corpus_03,03.CCTV Mobile Usage.mkv,632de9ed55947761d56d4c6142a3cb1a1fe69d0b1a6d0e01a2e404c697962623,rf_detr_sahi,13700.0,unknown_object,0.3251,68.81,458.0,119.0,499.08,2061.9,50.19,41.08,1.222,False,,True,S-61,1,evt_S-61_desk_work_surface_0001,96838b91a5af473a,pose_hand_context,,38722.4,3.25,,1,cam12/e1/v1,rtmpose_baseline
corpus_03,03.CCTV Mobile Usage.mkv,632de9ed55947761d56d4c6142a3cb1a1fe69d0b1a6d0e01a2e404c697962623,rf_detr_sahi,13700.0,unknown_object,0.3095,94.01,458.0,166.71,530.92,5301.1,72.7,72.92,0.997,False,,True,S-61,1,evt_S-61_desk_work_surface_0001,96838b91a5af473a,pose_hand_context,,38722.4,3.25,,1,cam12/e1/v1,rtmpose_baseline
corpus_03,03.CCTV Mobile Usage.mkv,632de9ed55947761d56d4c6142a3cb1a1fe69d0b1a6d0e01a2e404c697962623,rf_detr_sahi,13700.0,unknown_object,0.2646,8.06,458.1,119.0,568.66,12265.5,110.94,110.56,1.003,False,,True,S-61,1,evt_S-61_desk_work_surface_0001,96838b91a5af473a,pose_hand_context,,38722.4,3.25,,1,cam12/e1/v1,rtmpose_baseline
corpus_03,03.CCTV Mobile Usage.mkv,632de9ed55947761d56d4c6142a3cb1a1fe69d0b1a6d0e01a2e404c697962623,rf_detr_sahi,41183.0,unknown_object,0.4186,104.93,443.48,159.89,505.85,3427.8,54.96,62.37,0.881,False,,True,S-61,8,evt_S-61_desk_work_surface_0002,25dbd0c1ca232cd5,pose_hand_context,,29097.5,3.75,,1,cam12/e1/v1,rtmpose_baseline
corpus_03,03.CCTV Mobile Usage.mkv,632de9ed55947761d56d4c6142a3cb1a1fe69d0b1a6d0e01a2e404c697962623,rf_detr_sahi,42183.0,unknown_object,0.4775,19.03,426.22,108.0,514.9,7888.9,88.97,88.67,1.003,False,,True,S-61,8,evt_S-61_desk_work_surface_0002,0ed7f38a73807b8f,pose_hand_context,,24800.0,4.06,,1,cam12/e1/v1,rtmpose_baseline
corpus_03,03.CCTV Mobile Usage.mkv,632de9ed55947761d56d4c6142a3cb1a1fe69d0b1a6d0e01a2e404c697962623,rf_detr_sahi,42183.0,unknown_object,0.4307,104.72,444.13,153.5,505.25,2981.1,48.78,61.12,0.798,False,,True,S-61,8,evt_S-61_desk_work_surface_0002,0ed7f38a73807b8f,pose_hand_context,,24800.0,4.06,,1,cam12/e1/v1,rtmpose_baseline
corpus_03,03.CCTV Mobile Usage.mkv,632de9ed55947761d56d4c6142a3cb1a1fe69d0b1a6d0e01a2e404c697962623,rf_detr_sahi,42183.0,unknown_object,0.2501,19.32,357.0,155.75,515.0,21556.6,136.43,158.0,0.864,False,,True,S-61,8,evt_S-61_desk_work_surface_0002,0ed7f38a73807b8f,pose_hand_context,,24800.0,4.06,,1,cam12/e1/v1,rtmpose_baseline
corpus_03,03.CCTV Mobile Usage.mkv,632de9ed55947761d56d4c6142a3cb1a1fe69d0b1a6d0e01a2e404c697962623,rf_detr_sahi,43183.0,unknown_object,0.4827,1.0,425.09,108.0,531.82,11420.3,107.0,106.73,1.003,False,,True,S-61,8,evt_S-61_desk_work_surface_0002,f4e7487a74c01a08,pose_hand_context,,36343.6,3.36,,1,cam12/e1/v1,rtmpose_baseline
corpus_03,03.CCTV Mobile Usage.mkv,632de9ed55947761d56d4c6142a3cb1a1fe69d0b1a6d0e01a2e404c697962623,rf_detr_sahi,43183.0,unknown_object,0.4495,1.38,342.57,165.44,532.0,31075.0,164.05,189.42,0.866,False,,True,S-61,8,evt_S-61_desk_work_surface_0002,f4e7487a74c01a08,pose_hand_context,,36343.6,3.36,,1,cam12/e1/v1,rtmpose_baseline
corpus_03,03.CCTV Mobile Usage.mkv,632de9ed55947761d56d4c6142a3cb1a1fe69d0b1a6d0e01a2e404c697962623,rf_detr_sahi,43183.0,unknown_object,0.355,163.42,380.68,192.0,448.93,1950.4,28.58,68.25,0.419,False,,True,S-61,8,evt_S-61_desk_work_surface_0002,f4e7487a74c01a08,pose_hand_context,,36343.6,3.36,,1,cam12/e1/v1,rtmpose_baseline
corpus_03,03.CCTV Mobile Usage.mkv,632de9ed55947761d56d4c6142a3cb1a1fe69d0b1a6d0e01a2e404c697962623,rf_detr_sahi,43183.0,unknown_object,0.2508,1.14,342.58,108.0,448.87,11358.5,106.86,106.29,1.005,False,,True,S-61,8,evt_S-61_desk_work_surface_0002,f4e7487a74c01a08,pose_hand_context,,36343.6,3.36,,1,cam12/e1/v1,rtmpose_baseline
corpus_03,03.CCTV Mobile Usage.mkv,632de9ed55947761d56d4c6142a3cb1a1fe69d0b1a6d0e01a2e404c697962623,rf_detr_sahi,44183.0,unknown_object,0.5508,0.13,423.06,117.0,549.7,14800.2,116.87,126.64,0.923,False,,True,S-61,8,evt_S-61_desk_work_surface_0002,7c395881a5f1ef2d,pose_hand_context,,46926.0,2.85,,1,cam12/e1/v1,rtmpose_baseline
corpus_03,03.CCTV Mobile Usage.mkv,632de9ed55947761d56d4c6142a3cb1a1fe69d0b1a6d0e01a2e404c697962623,rf_detr_sahi,44183.0,unknown_object,0.5082,114.26,325.0,171.62,398.23,4200.5,57.36,73.23,0.783,False,,True,S-61,8,evt_S-61_desk_work_surface_0002,7c395881a5f1ef2d,pose_hand_context,,46926.0,2.85,,1,cam12/e1/v1,rtmpose_baseline
corpus_03,03.CCTV Mobile Usage.mkv,632de9ed55947761d56d4c6142a3cb1a1fe69d0b1a6d0e01a2e404c697962623,rf_detr_sahi,44183.0,unknown_object,0.2898,0.3,325.0,185.96,550.0,41773.7,185.66,225.0,0.825,False,,True,S-61,8,evt_S-61_desk_work_surface_0002,7c395881a5f1ef2d,pose_hand_context,,46926.0,2.85,,1,cam12/e1/v1,rtmpose_baseline
corpus_03,03.CCTV Mobile Usage.mkv,632de9ed55947761d56d4c6142a3cb1a1fe69d0b1a6d0e01a2e404c697962623,rf_detr_sahi,44183.0,unknown_object,0.2688,0.16,341.46,84.86,452.0,9362.3,84.7,110.54,0.766,False,,True,S-61,8,evt_S-61_desk_work_surface_0002,7c395881a5f1ef2d,pose_hand_context,,46926.0,2.85,,1,cam12/e1/v1,rtmpose_baseline
corpus_03,03.CCTV Mobile Usage.mkv,632de9ed55947761d56d4c6142a3cb1a1fe69d0b1a6d0e01a2e404c697962623,rf_detr_sahi,44183.0,unknown_object,0.2586,21.93,325.0,148.35,427.26,12927.8,126.42,102.26,1.236,False,,True,S-61,8,evt_S-61_desk_work_surface_0002,7c395881a5f1ef2d,pose_hand_context,,46926.0,2.85,,1,cam12/e1/v1,rtmpose_baseline
corpus_03,03.CCTV Mobile Usage.mkv,632de9ed55947761d56d4c6142a3cb1a1fe69d0b1a6d0e01a2e404c697962623,rf_detr_sahi,45183.0,unknown_object,0.4862,113.17,335.0,169.46,398.52,3575.3,56.29,63.52,0.886,False,,True,S-61,8,evt_S-61_desk_work_surface_0002,f3fd8c36fba179ee,pose_hand_context,,40231.3,3.16,,1,cam12/e1/v1,rtmpose_baseline
corpus_03,03.CCTV Mobile Usage.mkv,632de9ed55947761d56d4c6142a3cb1a1fe69d0b1a6d0e01a2e404c697962623,rf_detr_sahi,45183.0,unknown_object,0.3514,0.23,341.25,111.0,449.0,11935.9,110.77,107.75,1.028,False,,True,S-61,8,evt_S-61_desk_work_surface_0002,f3fd8c36fba179ee,pose_hand_context,,40231.3,3.16,,1,cam12/e1/v1,rtmpose_baseline
corpus_03,03.CCTV Mobile Usage.mkv,632de9ed55947761d56d4c6142a3cb1a1fe69d0b1a6d0e01a2e404c697962623,rf_detr_sahi,45183.0,unknown_object,0.3294,86.01,335.0,170.92,448.98,9677.9,84.91,113.98,0.745,False,,True,S-61,8,evt_S-61_desk_work_surface_0002,f3fd8c36fba179ee,pose_hand_context,,40231.3,3.16,,1,cam12/e1/v1,rtmpose_baseline
corpus_03,03.CCTV Mobile Usage.mkv,632de9ed55947761d56d4c6142a3cb1a1fe69d0b1a6d0e01a2e404c697962623,rf_detr_sahi,45183.0,unknown_object,0.2985,0.42,339.54,180.82,537.83,35772.4,180.41,198.29,0.91,False,,True,S-61,8,evt_S-61_desk_work_surface_0002,f3fd8c36fba179ee,pose_hand_context,,40231.3,3.16,,1,cam12/e1/v1,rtmpose_baseline
corpus_03,03.CCTV Mobile Usage.mkv,632de9ed55947761d56d4c6142a3cb1a1fe69d0b1a6d0e01a2e404c697962623,rf_detr_sahi,45183.0,unknown_object,0.2677,0.14,424.25,111.0,537.69,12576.5,110.86,113.44,0.977,False,,True,S-61,8,evt_S-61_desk_work_surface_0002,f3fd8c36fba179ee,pose_hand_context,,40231.3,3.16,,1,cam12/e1/v1,rtmpose_baseline
corpus_03,03.CCTV Mobile Usage.mkv,632de9ed55947761d56d4c6142a3cb1a1fe69d0b1a6d0e01a2e404c697962623,rf_detr_sahi,54500.0,unknown_object,0.2941,843.12,137.0,894.96,188.88,2689.7,51.84,51.88,0.999,False,,True,R-desk,12,evt_S-61_upper_body_0016,3073e6f5a08e6e96,pose_hand_context,,2637.8,12.46,,1,cam12/e1/v1,rtmpose_baseline
corpus_03,03.CCTV Mobile Usage.mkv,632de9ed55947761d56d4c6142a3cb1a1fe69d0b1a6d0e01a2e404c697962623,rf_detr_sahi,54500.0,unknown_object,0.3789,0.14,448.52,119.0,551.58,12250.0,118.86,103.07,1.153,False,,True,S-61,10,evt_S-61_upper_body_0016,331015195509780b,pose_hand_context,,49114.4,2.77,,1,cam12/e1/v1,rtmpose_baseline
corpus_03,03.CCTV Mobile Usage.mkv,632de9ed55947761d56d4c6142a3cb1a1fe69d0b1a6d0e01a2e404c697962623,rf_detr_sahi,54500.0,unknown_object,0.3526,20.16,321.0,149.61,426.47,13652.6,129.45,105.47,1.227,False,,True,S-61,10,evt_S-61_upper_body_0016,331015195509780b,pose_hand_context,,49114.4,2.77,,1,cam12/e1/v1,rtmpose_baseline
corpus_03,03.CCTV Mobile Usage.mkv,632de9ed55947761d56d4c6142a3cb1a1fe69d0b1a6d0e01a2e404c697962623,rf_detr_sahi,54500.0,unknown_object,0.2626,112.71,321.17,172.95,398.43,4654.3,60.24,77.26,0.78,False,,True,S-61,10,evt_S-61_upper_body_0016,331015195509780b,pose_hand_context,,49114.4,2.77,,1,cam12/e1/v1,rtmpose_baseline
corpus_03,03.CCTV Mobile Usage.mkv,632de9ed55947761d56d4c6142a3cb1a1fe69d0b1a6d0e01a2e404c697962623,rf_detr_sahi,54500.0,unknown_object,0.8376,961.07,452.18,1058.59,479.96,2709.4,97.52,27.78,3.51,False,,True,R-desk,13,evt_S-61_upper_body_0016,8c286679ee927725,lap_bag_context,no_pose_observation,34560.0,1.33,,1,cam12/e1/v1,
corpus_03,03.CCTV Mobile Usage.mkv,632de9ed55947761d56d4c6142a3cb1a1fe69d0b1a6d0e01a2e404c697962623,rf_detr_sahi,54500.0,unknown_object,0.7473,1043.27,423.03,1112.43,473.69,3503.9,69.16,50.66,1.365,False,,True,R-desk,13,evt_S-61_upper_body_0016,8c286679ee927725,lap_bag_context,no_pose_observation,34560.0,1.33,,1,cam12/e1/v1,
corpus_03,03.CCTV Mobile Usage.mkv,632de9ed55947761d56d4c6142a3cb1a1fe69d0b1a6d0e01a2e404c697962623,rf_detr_sahi,54500.0,unknown_object,0.6484,971.08,408.0,1141.39,448.0,6812.2,170.31,40.0,4.258,False,,True,R-desk,13,evt_S-61_upper_body_0016,8c286679ee927725,lap_bag_context,no_pose_observation,34560.0,1.33,,1,cam12/e1/v1,
corpus_03,03.CCTV Mobile Usage.mkv,632de9ed55947761d56d4c6142a3cb1a1fe69d0b1a6d0e01a2e404c697962623,rf_detr_sahi,54500.0,unknown_object,0.4349,864.28,413.18,892.77,438.1,709.9,28.49,24.92,1.143,False,,True,R-desk,13,evt_S-61_upper_body_0016,8c286679ee927725,lap_bag_context,no_pose_observation,34560.0,1.33,,1,cam12/e1/v1,
corpus_03,03.CCTV Mobile Usage.mkv,632de9ed55947761d56d4c6142a3cb1a1fe69d0b1a6d0e01a2e404c697962623,rf_detr_sahi,54500.0,unknown_object,0.355,821.23,408.07,866.11,420.55,560.3,44.88,12.48,3.595,False,,True,R-desk,13,evt_S-61_upper_body_0016,8c286679ee927725,lap_bag_context,no_pose_observation,34560.0,1.33,,1,cam12/e1/v1,
corpus_03,03.CCTV Mobile Usage.mkv,632de9ed55947761d56d4c6142a3cb1a1fe69d0b1a6d0e01a2e404c697962623,rf_detr_sahi,54500.0,unknown_object,0.2597,879.21,408.18,936.98,453.52,2619.6,57.77,45.35,1.274,False,,True,R-desk,13,evt_S-61_upper_body_0016,8c286679ee927725,lap_bag_context,no_pose_observation,34560.0,1.33,,1,cam12/e1/v1,
corpus_03,03.CCTV Mobile Usage.mkv,632de9ed55947761d56d4c6142a3cb1a1fe69d0b1a6d0e01a2e404c697962623,rf_detr_sahi,54500.0,unknown_object,0.8376,961.07,452.18,1058.59,479.96,2709.4,97.52,27.78,3.51,False,,True,R-desk,11,evt_S-61_upper_body_0016,8c286679ee927725,lap_bag_context,no_pose_observation,34560.0,1.33,,1,cam12/e1/v1,
corpus_03,03.CCTV Mobile Usage.mkv,632de9ed55947761d56d4c6142a3cb1a1fe69d0b1a6d0e01a2e404c697962623,rf_detr_sahi,54500.0,unknown_object,0.7473,1043.27,423.03,1112.43,473.69,3503.9,69.16,50.66,1.365,False,,True,R-desk,11,evt_S-61_upper_body_0016,8c286679ee927725,lap_bag_context,no_pose_observation,34560.0,1.33,,1,cam12/e1/v1,
corpus_03,03.CCTV Mobile Usage.mkv,632de9ed55947761d56d4c6142a3cb1a1fe69d0b1a6d0e01a2e404c697962623,rf_detr_sahi,54500.0,unknown_object,0.6484,971.08,408.0,1141.39,448.0,6812.2,170.31,40.0,4.258,False,,True,R-desk,11,evt_S-61_upper_body_0016,8c286679ee927725,lap_bag_context,no_pose_observation,34560.0,1.33,,1,cam12/e1/v1,
corpus_03,03.CCTV Mobile Usage.mkv,632de9ed55947761d56d4c6142a3cb1a1fe69d0b1a6d0e01a2e404c697962623,rf_detr_sahi,54500.0,unknown_object,0.4349,864.28,413.18,892.77,438.1,709.9,28.49,24.92,1.143,False,,True,R-desk,11,evt_S-61_upper_body_0016,8c286679ee927725,lap_bag_context,no_pose_observation,34560.0,1.33,,1,cam12/e1/v1,
corpus_03,03.CCTV Mobile Usage.mkv,632de9ed55947761d56d4c6142a3cb1a1fe69d0b1a6d0e01a2e404c697962623,rf_detr_sahi,54500.0,unknown_object,0.355,821.23,408.07,866.11,420.55,560.3,44.88,12.48,3.595,False,,True,R-desk,11,evt_S-61_upper_body_0016,8c286679ee927725,lap_bag_context,no_pose_observation,34560.0,1.33,,1,cam12/e1/v1,
corpus_03,03.CCTV Mobile Usage.mkv,632de9ed55947761d56d4c6142a3cb1a1fe69d0b1a6d0e01a2e404c697962623,rf_detr_sahi,54500.0,unknown_object,0.2597,879.21,408.18,936.98,453.52,2619.6,57.77,45.35,1.274,False,,True,R-desk,11,evt_S-61_upper_body_0016,8c286679ee927725,lap_bag_context,no_pose_observation,34560.0,1.33,,1,cam12/e1/v1,
corpus_03,03.CCTV Mobile Usage.mkv,632de9ed55947761d56d4c6142a3cb1a1fe69d0b1a6d0e01a2e404c697962623,rf_detr_sahi,54500.0,unknown_object,0.8376,961.07,452.18,1058.59,479.96,2709.4,97.52,27.78,3.51,False,,True,R-desk,14,evt_S-61_upper_body_0016,8c286679ee927725,lap_bag_context,no_pose_observation,34560.0,1.33,,1,cam12/e1/v1,
corpus_03,03.CCTV Mobile Usage.mkv,632de9ed55947761d56d4c6142a3cb1a1fe69d0b1a6d0e01a2e404c697962623,rf_detr_sahi,54500.0,unknown_object,0.7473,1043.27,423.03,1112.43,473.69,3503.9,69.16,50.66,1.365,False,,True,R-desk,14,evt_S-61_upper_body_0016,8c286679ee927725,lap_bag_context,no_pose_observation,34560.0,1.33,,1,cam12/e1/v1,
corpus_03,03.CCTV Mobile Usage.mkv,632de9ed55947761d56d4c6142a3cb1a1fe69d0b1a6d0e01a2e404c697962623,rf_detr_sahi,54500.0,unknown_object,0.6484,971.08,408.0,1141.39,448.0,6812.2,170.31,40.0,4.258,False,,True,R-desk,14,evt_S-61_upper_body_0016,8c286679ee927725,lap_bag_context,no_pose_observation,34560.0,1.33,,1,cam12/e1/v1,
corpus_03,03.CCTV Mobile Usage.mkv,632de9ed55947761d56d4c6142a3cb1a1fe69d0b1a6d0e01a2e404c697962623,rf_detr_sahi,54500.0,unknown_object,0.4349,864.28,413.18,892.77,438.1,709.9,28.49,24.92,1.143,False,,True,R-desk,14,evt_S-61_upper_body_0016,8c286679ee927725,lap_bag_context,no_pose_observation,34560.0,1.33,,1,cam12/e1/v1,
corpus_03,03.CCTV Mobile Usage.mkv,632de9ed55947761d56d4c6142a3cb1a1fe69d0b1a6d0e01a2e404c697962623,rf_detr_sahi,54500.0,unknown_object,0.355,821.23,408.07,866.11,420.55,560.3,44.88,12.48,3.595,False,,True,R-desk,14,evt_S-61_upper_body_0016,8c286679ee927725,lap_bag_context,no_pose_observation,34560.0,1.33,,1,cam12/e1/v1,
corpus_03,03.CCTV Mobile Usage.mkv,632de9ed55947761d56d4c6142a3cb1a1fe69d0b1a6d0e01a2e404c697962623,rf_detr_sahi,54500.0,unknown_object,0.2597,879.21,408.18,936.98,453.52,2619.6,57.77,45.35,1.274,False,,True,R-desk,14,evt_S-61_upper_body_0016,8c286679ee927725,lap_bag_context,no_pose_observation,34560.0,1.33,,1,cam12/e1/v1,
corpus_03,03.CCTV Mobile Usage.mkv,632de9ed55947761d56d4c6142a3cb1a1fe69d0b1a6d0e01a2e404c697962623,rf_detr_sahi,55500.0,unknown_object,0.5517,9.0,350.29,161.09,522.0,26114.5,152.09,171.71,0.886,False,,True,S-61,10,evt_S-61_upper_body_0016,504d997039895a1f,pose_hand_context,,29632.2,3.72,,1,cam12/e1/v1,rtmpose_baseline
corpus_03,03.CCTV Mobile Usage.mkv,632de9ed55947761d56d4c6142a3cb1a1fe69d0b1a6d0e01a2e404c697962623,rf_detr_sahi,55500.0,unknown_object,0.3382,104.28,448.13,144.79,487.46,1593.5,40.51,39.33,1.03,False,,True,S-61,10,evt_S-61_upper_body_0016,504d997039895a1f,pose_hand_context,,29632.2,3.72,,1,cam12/e1/v1,rtmpose_baseline
corpus_03,03.CCTV Mobile Usage.mkv,632de9ed55947761d56d4c6142a3cb1a1fe69d0b1a6d0e01a2e404c697962623,rf_detr_sahi,55500.0,unknown_object,0.2869,9.16,426.09,105.95,521.66,9250.6,96.79,95.57,1.013,False,,True,S-61,10,evt_S-61_upper_body_0016,504d997039895a1f,pose_hand_context,,29632.2,3.72,,1,cam12/e1/v1,rtmpose_baseline
corpus_03,03.CCTV Mobile Usage.mkv,632de9ed55947761d56d4c6142a3cb1a1fe69d0b1a6d0e01a2e404c697962623,rf_detr_sahi,55500.0,unknown_object,0.791,961.12,452.21,1056.38,479.95,2642.9,95.26,27.74,3.434,False,,True,R-desk,12,evt_S-61_upper_body_0016,de801b56dc91232e,lap_bag_context,no_pose_observation,34560.0,1.33,,1,cam12/e1/v1,
corpus_03,03.CCTV Mobile Usage.mkv,632de9ed55947761d56d4c6142a3cb1a1fe69d0b1a6d0e01a2e404c697962623,rf_detr_sahi,55500.0,unknown_object,0.6924,1043.32,423.04,1112.41,473.68,3498.7,69.09,50.64,1.364,False,,True,R-desk,12,evt_S-61_upper_body_0016,de801b56dc91232e,lap_bag_context,no_pose_observation,34560.0,1.33,,1,cam12/e1/v1,
corpus_03,03.CCTV Mobile Usage.mkv,632de9ed55947761d56d4c6142a3cb1a1fe69d0b1a6d0e01a2e404c697962623,rf_detr_sahi,55500.0,unknown_object,0.5581,971.12,408.0,1140.85,448.0,6789.3,169.73,40.0,4.243,False,,True,R-desk,12,evt_S-61_upper_body_0016,de801b56dc91232e,lap_bag_context,no_pose_observation,34560.0,1.33,,1,cam12/e1/v1,
corpus_03,03.CCTV Mobile Usage.mkv,632de9ed55947761d56d4c6142a3cb1a1fe69d0b1a6d0e01a2e404c697962623,rf_detr_sahi,55500.0,unknown_object,0.4487,864.51,413.17,892.76,437.99,701.2,28.25,24.83,1.138,False,,True,R-desk,12,evt_S-61_upper_body_0016,de801b56dc91232e,lap_bag_context,no_pose_observation,34560.0,1.33,,1,cam12/e1/v1,
corpus_03,03.CCTV Mobile Usage.mkv,632de9ed55947761d56d4c6142a3cb1a1fe69d0b1a6d0e01a2e404c697962623,rf_detr_sahi,55500.0,unknown_object,0.3719,821.76,408.07,865.67,420.62,551.1,43.91,12.55,3.499,False,,True,R-desk,12,evt_S-61_upper_body_0016,de801b56dc91232e,lap_bag_context,no_pose_observation,34560.0,1.33,,1,cam12/e1/v1,
corpus_03,03.CCTV Mobile Usage.mkv,632de9ed55947761d56d4c6142a3cb1a1fe69d0b1a6d0e01a2e404c697962623,rf_detr_sahi,55500.0,unknown_object,0.3143,959.4,439.05,1129.77,479.98,6973.2,170.36,40.93,4.162,False,,True,R-desk,12,evt_S-61_upper_body_0016,de801b56dc91232e,lap_bag_context,no_pose_observation,34560.0,1.33,,1,cam12/e1/v1,
corpus_03,03.CCTV Mobile Usage.mkv,632de9ed55947761d56d4c6142a3cb1a1fe69d0b1a6d0e01a2e404c697962623,rf_detr_sahi,55500.0,unknown_object,0.791,961.12,452.21,1056.38,479.95,2642.9,95.26,27.74,3.434,False,,True,R-desk,11,evt_S-61_upper_body_0016,de801b56dc91232e,lap_bag_context,no_pose_observation,34560.0,1.33,,1,cam12/e1/v1,
corpus_03,03.CCTV Mobile Usage.mkv,632de9ed55947761d56d4c6142a3cb1a1fe69d0b1a6d0e01a2e404c697962623,rf_detr_sahi,55500.0,unknown_object,0.6924,1043.32,423.04,1112.41,473.68,3498.7,69.09,50.64,1.364,False,,True,R-desk,11,evt_S-61_upper_body_0016,de801b56dc91232e,lap_bag_context,no_pose_observation,34560.0,1.33,,1,cam12/e1/v1,
corpus_03,03.CCTV Mobile Usage.mkv,632de9ed55947761d56d4c6142a3cb1a1fe69d0b1a6d0e01a2e404c697962623,rf_detr_sahi,55500.0,unknown_object,0.5581,971.12,408.0,1140.85,448.0,6789.3,169.73,40.0,4.243,False,,True,R-desk,11,evt_S-61_upper_body_0016,de801b56dc91232e,lap_bag_context,no_pose_observation,34560.0,1.33,,1,cam12/e1/v1,
corpus_03,03.CCTV Mobile Usage.mkv,632de9ed55947761d56d4c6142a3cb1a1fe69d0b1a6d0e01a2e404c697962623,rf_detr_sahi,55500.0,unknown_object,0.4487,864.51,413.17,892.76,437.99,701.2,28.25,24.83,1.138,False,,True,R-desk,11,evt_S-61_upper_body_0016,de801b56dc91232e,lap_bag_context,no_pose_observation,34560.0,1.33,,1,cam12/e1/v1,
corpus_03,03.CCTV Mobile Usage.mkv,632de9ed55947761d56d4c6142a3cb1a1fe69d0b1a6d0e01a2e404c697962623,rf_detr_sahi,55500.0,unknown_object,0.3719,821.76,408.07,865.67,420.62,551.1,43.91,12.55,3.499,False,,True,R-desk,11,evt_S-61_upper_body_0016,de801b56dc91232e,lap_bag_context,no_pose_observation,34560.0,1.33,,1,cam12/e1/v1,
corpus_03,03.CCTV Mobile Usage.mkv,632de9ed55947761d56d4c6142a3cb1a1fe69d0b1a6d0e01a2e404c697962623,rf_detr_sahi,55500.0,unknown_object,0.3143,959.4,439.05,1129.77,479.98,6973.2,170.36,40.93,4.162,False,,True,R-desk,11,evt_S-61_upper_body_0016,de801b56dc91232e,lap_bag_context,no_pose_observation,34560.0,1.33,,1,cam12/e1/v1,
corpus_03,03.CCTV Mobile Usage.mkv,632de9ed55947761d56d4c6142a3cb1a1fe69d0b1a6d0e01a2e404c697962623,rf_detr_sahi,56500.0,unknown_object,0.8949,18.15,303.19,124.97,409.84,11393.4,106.82,106.66,1.002,False,,True,S-61,10,evt_S-61_upper_body_0016,1d2938dea1632546,pose_hand_context,,35955.7,3.38,,1,cam12/e1/v1,rtmpose_baseline
corpus_03,03.CCTV Mobile Usage.mkv,632de9ed55947761d56d4c6142a3cb1a1fe69d0b1a6d0e01a2e404c697962623,rf_detr_sahi,56500.0,unknown_object,0.6414,115.0,303.0,172.97,392.43,5183.4,57.96,89.43,0.648,False,,True,S-61,10,evt_S-61_upper_body_0016,1d2938dea1632546,pose_hand_context,,35955.7,3.38,,1,cam12/e1/v1,rtmpose_baseline
corpus_03,03.CCTV Mobile Usage.mkv,632de9ed55947761d56d4c6142a3cb1a1fe69d0b1a6d0e01a2e404c697962623,rf_detr_sahi,56500.0,unknown_object,0.4274,65.82,386.0,125.0,492.65,6311.9,59.18,106.65,0.555,False,,True,S-61,10,evt_S-61_upper_body_0016,1d2938dea1632546,pose_hand_context,,35955.7,3.38,,1,cam12/e1/v1,rtmpose_baseline
corpus_03,03.CCTV Mobile Usage.mkv,632de9ed55947761d56d4c6142a3cb1a1fe69d0b1a6d0e01a2e404c697962623,rf_detr_sahi,56500.0,unknown_object,0.3512,101.0,386.0,195.6,492.86,10108.3,94.6,106.86,0.885,False,,True,S-61,10,evt_S-61_upper_body_0016,1d2938dea1632546,pose_hand_context,,35955.7,3.38,,1,cam12/e1/v1,rtmpose_baseline
corpus_03,03.CCTV Mobile Usage.mkv,632de9ed55947761d56d4c6142a3cb1a1fe69d0b1a6d0e01a2e404c697962623,rf_detr_sahi,56500.0,unknown_object,0.323,184.78,303.03,207.99,368.3,1515.3,23.22,65.27,0.356,False,,True,S-61,10,evt_S-61_upper_body_0016,1d2938dea1632546,pose_hand_context,,35955.7,3.38,,1,cam12/e1/v1,rtmpose_baseline
corpus_03,03.CCTV Mobile Usage.mkv,632de9ed55947761d56d4c6142a3cb1a1fe69d0b1a6d0e01a2e404c697962623,rf_detr_sahi,56500.0,unknown_object,0.2542,18.23,303.17,154.46,493.0,25860.3,136.23,189.83,0.718,False,,True,S-61,10,evt_S-61_upper_body_0016,1d2938dea1632546,pose_hand_context,,35955.7,3.38,,1,cam12/e1/v1,rtmpose_baseline
corpus_03,03.CCTV Mobile Usage.mkv,632de9ed55947761d56d4c6142a3cb1a1fe69d0b1a6d0e01a2e404c697962623,rf_detr_sahi,56500.0,unknown_object,0.831,961.36,452.19,1056.19,479.94,2631.5,94.83,27.75,3.418,False,,True,R-desk,12,evt_S-61_upper_body_0016,ecb2b433368518e0,lap_bag_context,no_pose_observation,34560.0,1.33,,1,cam12/e1/v1,
corpus_03,03.CCTV Mobile Usage.mkv,632de9ed55947761d56d4c6142a3cb1a1fe69d0b1a6d0e01a2e404c697962623,rf_detr_sahi,56500.0,unknown_object,0.7201,1043.16,423.21,1112.37,473.38,3472.1,69.21,50.17,1.38,False,,True,R-desk,12,evt_S-61_upper_body_0016,ecb2b433368518e0,lap_bag_context,no_pose_observation,34560.0,1.33,,1,cam12/e1/v1,
corpus_03,03.CCTV Mobile Usage.mkv,632de9ed55947761d56d4c6142a3cb1a1fe69d0b1a6d0e01a2e404c697962623,rf_detr_sahi,56500.0,unknown_object,0.543,971.1,408.0,1141.03,448.0,6797.4,169.93,40.0,4.248,False,,True,R-desk,12,evt_S-61_upper_body_0016,ecb2b433368518e0,lap_bag_context,no_pose_observation,34560.0,1.33,,1,cam12/e1/v1,
corpus_03,03.CCTV Mobile Usage.mkv,632de9ed55947761d56d4c6142a3cb1a1fe69d0b1a6d0e01a2e404c697962623,rf_detr_sahi,56500.0,unknown_object,0.5035,864.54,413.24,892.75,438.05,700.0,28.21,24.82,1.137,False,,True,R-desk,12,evt_S-61_upper_body_0016,ecb2b433368518e0,lap_bag_context,no_pose_observation,34560.0,1.33,,1,cam12/e1/v1,
corpus_03,03.CCTV Mobile Usage.mkv,632de9ed55947761d56d4c6142a3cb1a1fe69d0b1a6d0e01a2e404c697962623,rf_detr_sahi,56500.0,unknown_object,0.4316,822.0,408.06,865.83,420.67,552.8,43.83,12.61,3.475,False,,True,R-desk,12,evt_S-61_upper_body_0016,ecb2b433368518e0,lap_bag_context,no_pose_observation,34560.0,1.33,,1,cam12/e1/v1,
corpus_03,03.CCTV Mobile Usage.mkv,632de9ed55947761d56d4c6142a3cb1a1fe69d0b1a6d0e01a2e404c697962623,rf_detr_sahi,56500.0,unknown_object,0.3501,960.16,439.0,1129.83,480.0,6956.6,169.67,41.0,4.138,False,,True,R-desk,12,evt_S-61_upper_body_0016,ecb2b433368518e0,lap_bag_context,no_pose_observation,34560.0,1.33,,1,cam12/e1/v1,
corpus_03,03.CCTV Mobile Usage.mkv,632de9ed55947761d56d4c6142a3cb1a1fe69d0b1a6d0e01a2e404c697962623,rf_detr_sahi,56500.0,unknown_object,0.2927,880.94,408.16,938.63,453.55,2618.3,57.68,45.39,1.271,False,,True,R-desk,12,evt_S-61_upper_body_0016,ecb2b433368518e0,lap_bag_context,no_pose_observation,34560.0,1.33,,1,cam12/e1/v1,
corpus_03,03.CCTV Mobile Usage.mkv,632de9ed55947761d56d4c6142a3cb1a1fe69d0b1a6d0e01a2e404c697962623,rf_detr_sahi,56500.0,unknown_object,0.831,961.36,452.19,1056.19,479.94,2631.5,94.83,27.75,3.418,False,,True,R-desk,11,evt_S-61_upper_body_0016,ecb2b433368518e0,lap_bag_context,no_pose_observation,34560.0,1.33,,1,cam12/e1/v1,
corpus_03,03.CCTV Mobile Usage.mkv,632de9ed55947761d56d4c6142a3cb1a1fe69d0b1a6d0e01a2e404c697962623,rf_detr_sahi,56500.0,unknown_object,0.7201,1043.16,423.21,1112.37,473.38,3472.1,69.21,50.17,1.38,False,,True,R-desk,11,evt_S-61_upper_body_0016,ecb2b433368518e0,lap_bag_context,no_pose_observation,34560.0,1.33,,1,cam12/e1/v1,
corpus_03,03.CCTV Mobile Usage.mkv,632de9ed55947761d56d4c6142a3cb1a1fe69d0b1a6d0e01a2e404c697962623,rf_detr_sahi,56500.0,unknown_object,0.543,971.1,408.0,1141.03,448.0,6797.4,169.93,40.0,4.248,False,,True,R-desk,11,evt_S-61_upper_body_0016,ecb2b433368518e0,lap_bag_context,no_pose_observation,34560.0,1.33,,1,cam12/e1/v1,
corpus_03,03.CCTV Mobile Usage.mkv,632de9ed55947761d56d4c6142a3cb1a1fe69d0b1a6d0e01a2e404c697962623,rf_detr_sahi,56500.0,unknown_object,0.5035,864.54,413.24,892.75,438.05,700.0,28.21,24.82,1.137,False,,True,R-desk,11,evt_S-61_upper_body_0016,ecb2b433368518e0,lap_bag_context,no_pose_observation,34560.0,1.33,,1,cam12/e1/v1,
corpus_03,03.CCTV Mobile Usage.mkv,632de9ed55947761d56d4c6142a3cb1a1fe69d0b1a6d0e01a2e404c697962623,rf_detr_sahi,56500.0,unknown_object,0.4316,822.0,408.06,865.83,420.67,552.8,43.83,12.61,3.475,False,,True,R-desk,11,evt_S-61_upper_body_0016,ecb2b433368518e0,lap_bag_context,no_pose_observation,34560.0,1.33,,1,cam12/e1/v1,
corpus_03,03.CCTV Mobile Usage.mkv,632de9ed55947761d56d4c6142a3cb1a1fe69d0b1a6d0e01a2e404c697962623,rf_detr_sahi,56500.0,unknown_object,0.3501,960.16,439.0,1129.83,480.0,6956.6,169.67,41.0,4.138,False,,True,R-desk,11,evt_S-61_upper_body_0016,ecb2b433368518e0,lap_bag_context,no_pose_observation,34560.0,1.33,,1,cam12/e1/v1,
corpus_03,03.CCTV Mobile Usage.mkv,632de9ed55947761d56d4c6142a3cb1a1fe69d0b1a6d0e01a2e404c697962623,rf_detr_sahi,56500.0,unknown_object,0.2927,880.94,408.16,938.63,453.55,2618.3,57.68,45.39,1.271,False,,True,R-desk,11,evt_S-61_upper_body_0016,ecb2b433368518e0,lap_bag_context,no_pose_observation,34560.0,1.33,,1,cam12/e1/v1,
corpus_03,03.CCTV Mobile Usage.mkv,632de9ed55947761d56d4c6142a3cb1a1fe69d0b1a6d0e01a2e404c697962623,rf_detr_sahi,57500.0,unknown_object,0.3934,0.13,353.0,105.6,485.82,14007.6,105.46,132.82,0.794,False,,True,S-61,10,evt_S-61_upper_body_0016,9b7c89e0f28e9540,pose_hand_context,,49554.2,2.71,,1,cam12/e1/v1,rtmpose_baseline
corpus_03,03.CCTV Mobile Usage.mkv,632de9ed55947761d56d4c6142a3cb1a1fe69d0b1a6d0e01a2e404c697962623,rf_detr_sahi,57500.0,unknown_object,0.3652,114.43,265.97,173.91,359.54,5565.6,59.48,93.57,0.636,False,,True,S-61,10,evt_S-61_upper_body_0016,9b7c89e0f28e9540,pose_hand_context,,49554.2,2.71,,1,cam12/e1/v1,rtmpose_baseline
corpus_03,03.CCTV Mobile Usage.mkv,632de9ed55947761d56d4c6142a3cb1a1fe69d0b1a6d0e01a2e404c697962623,rf_detr_sahi,57500.0,unknown_object,0.2721,58.76,250.04,107.85,326.77,3766.6,49.09,76.73,0.64,False,,True,S-61,10,evt_S-61_upper_body_0016,9b7c89e0f28e9540,pose_hand_context,,49554.2,2.71,,1,cam12/e1/v1,rtmpose_baseline
corpus_03,03.CCTV Mobile Usage.mkv,632de9ed55947761d56d4c6142a3cb1a1fe69d0b1a6d0e01a2e404c697962623,rf_detr_sahi,57500.0,unknown_object,0.8128,960.66,452.26,1056.78,479.95,2661.6,96.12,27.69,3.471,False,,True,R-desk,15,evt_S-61_upper_body_0016,ee27b78399c18ce8,lap_bag_context,no_pose_observation,34560.0,1.33,,1,cam12/e1/v1,
corpus_03,03.CCTV Mobile Usage.mkv,632de9ed55947761d56d4c6142a3cb1a1fe69d0b1a6d0e01a2e404c697962623,rf_detr_sahi,57500.0,unknown_object,0.7623,1042.82,423.2,1111.81,473.14,3444.8,68.98,49.94,1.381,False,,True,R-desk,15,evt_S-61_upper_body_0016,ee27b78399c18ce8,lap_bag_context,no_pose_observation,34560.0,1.33,,1,cam12/e1/v1,
corpus_03,03.CCTV Mobile Usage.mkv,632de9ed55947761d56d4c6142a3cb1a1fe69d0b1a6d0e01a2e404c697962623,rf_detr_sahi,57500.0,unknown_object,0.6236,970.42,408.0,1140.66,448.0,6809.6,170.24,40.0,4.256,False,,True,R-desk,15,evt_S-61_upper_body_0016,ee27b78399c18ce8,lap_bag_context,no_pose_observation,34560.0,1.33,,1,cam12/e1/v1,
corpus_03,03.CCTV Mobile Usage.mkv,632de9ed55947761d56d4c6142a3cb1a1fe69d0b1a6d0e01a2e404c697962623,rf_detr_sahi,57500.0,unknown_object,0.4188,864.31,413.21,892.58,438.27,708.5,28.27,25.06,1.128,False,,True,R-desk,15,evt_S-61_upper_body_0016,ee27b78399c18ce8,lap_bag_context,no_pose_observation,34560.0,1.33,,1,cam12/e1/v1,
corpus_03,03.CCTV Mobile Usage.mkv,632de9ed55947761d56d4c6142a3cb1a1fe69d0b1a6d0e01a2e404c697962623,rf_detr_sahi,57500.0,unknown_object,0.3745,821.72,408.07,865.94,420.61,554.7,44.22,12.54,3.526,False,,True,R-desk,15,evt_S-61_upper_body_0016,ee27b78399c18ce8,lap_bag_context,no_pose_observation,34560.0,1.33,,1,cam12/e1/v1,
corpus_03,03.CCTV Mobile Usage.mkv,632de9ed55947761d56d4c6142a3cb1a1fe69d0b1a6d0e01a2e404c697962623,rf_detr_sahi,57500.0,unknown_object,0.2708,881.52,408.13,938.96,453.47,2604.2,57.44,45.34,1.267,False,,True,R-desk,15,evt_S-61_upper_body_0016,ee27b78399c18ce8,lap_bag_context,no_pose_observation,34560.0,1.33,,1,cam12/e1/v1,
corpus_03,03.CCTV Mobile Usage.mkv,632de9ed55947761d56d4c6142a3cb1a1fe69d0b1a6d0e01a2e404c697962623,rf_detr_sahi,57500.0,unknown_object,0.8128,960.66,452.26,1056.78,479.95,2661.6,96.12,27.69,3.471,False,,True,R-desk,12,evt_S-61_upper_body_0016,ee27b78399c18ce8,lap_bag_context,no_pose_observation,34560.0,1.33,,1,cam12/e1/v1,
corpus_03,03.CCTV Mobile Usage.mkv,632de9ed55947761d56d4c6142a3cb1a1fe69d0b1a6d0e01a2e404c697962623,rf_detr_sahi,57500.0,unknown_object,0.7623,1042.82,423.2,1111.81,473.14,3444.8,68.98,49.94,1.381,False,,True,R-desk,12,evt_S-61_upper_body_0016,ee27b78399c18ce8,lap_bag_context,no_pose_observation,34560.0,1.33,,1,cam12/e1/v1,
corpus_03,03.CCTV Mobile Usage.mkv,632de9ed55947761d56d4c6142a3cb1a1fe69d0b1a6d0e01a2e404c697962623,rf_detr_sahi,57500.0,unknown_object,0.6236,970.42,408.0,1140.66,448.0,6809.6,170.24,40.0,4.256,False,,True,R-desk,12,evt_S-61_upper_body_0016,ee27b78399c18ce8,lap_bag_context,no_pose_observation,34560.0,1.33,,1,cam12/e1/v1,
corpus_03,03.CCTV Mobile Usage.mkv,632de9ed55947761d56d4c6142a3cb1a1fe69d0b1a6d0e01a2e404c697962623,rf_detr_sahi,57500.0,unknown_object,0.4188,864.31,413.21,892.58,438.27,708.5,28.27,25.06,1.128,False,,True,R-desk,12,evt_S-61_upper_body_0016,ee27b78399c18ce8,lap_bag_context,no_pose_observation,34560.0,1.33,,1,cam12/e1/v1,
corpus_03,03.CCTV Mobile Usage.mkv,632de9ed55947761d56d4c6142a3cb1a1fe69d0b1a6d0e01a2e404c697962623,rf_detr_sahi,57500.0,unknown_object,0.3745,821.72,408.07,865.94,420.61,554.7,44.22,12.54,3.526,False,,True,R-desk,12,evt_S-61_upper_body_0016,ee27b78399c18ce8,lap_bag_context,no_pose_observation,34560.0,1.33,,1,cam12/e1/v1,
corpus_03,03.CCTV Mobile Usage.mkv,632de9ed55947761d56d4c6142a3cb1a1fe69d0b1a6d0e01a2e404c697962623,rf_detr_sahi,57500.0,unknown_object,0.2708,881.52,408.13,938.96,453.47,2604.2,57.44,45.34,1.267,False,,True,R-desk,12,evt_S-61_upper_body_0016,ee27b78399c18ce8,lap_bag_context,no_pose_observation,34560.0,1.33,,1,cam12/e1/v1,
corpus_03,03.CCTV Mobile Usage.mkv,632de9ed55947761d56d4c6142a3cb1a1fe69d0b1a6d0e01a2e404c697962623,rf_detr_sahi,57500.0,unknown_object,0.8128,960.66,452.26,1056.78,479.95,2661.6,96.12,27.69,3.471,False,,True,R-desk,11,evt_S-61_upper_body_0016,ee27b78399c18ce8,lap_bag_context,no_pose_observation,34560.0,1.33,,1,cam12/e1/v1,
corpus_03,03.CCTV Mobile Usage.mkv,632de9ed55947761d56d4c6142a3cb1a1fe69d0b1a6d0e01a2e404c697962623,rf_detr_sahi,57500.0,unknown_object,0.7623,1042.82,423.2,1111.81,473.14,3444.8,68.98,49.94,1.381,False,,True,R-desk,11,evt_S-61_upper_body_0016,ee27b78399c18ce8,lap_bag_context,no_pose_observation,34560.0,1.33,,1,cam12/e1/v1,
corpus_03,03.CCTV Mobile Usage.mkv,632de9ed55947761d56d4c6142a3cb1a1fe69d0b1a6d0e01a2e404c697962623,rf_detr_sahi,57500.0,unknown_object,0.6236,970.42,408.0,1140.66,448.0,6809.6,170.24,40.0,4.256,False,,True,R-desk,11,evt_S-61_upper_body_0016,ee27b78399c18ce8,lap_bag_context,no_pose_observation,34560.0,1.33,,1,cam12/e1/v1,
corpus_03,03.CCTV Mobile Usage.mkv,632de9ed55947761d56d4c6142a3cb1a1fe69d0b1a6d0e01a2e404c697962623,rf_detr_sahi,57500.0,unknown_object,0.4188,864.31,413.21,892.58,438.27,708.5,28.27,25.06,1.128,False,,True,R-desk,11,evt_S-61_upper_body_0016,ee27b78399c18ce8,lap_bag_context,no_pose_observation,34560.0,1.33,,1,cam12/e1/v1,
corpus_03,03.CCTV Mobile Usage.mkv,632de9ed55947761d56d4c6142a3cb1a1fe69d0b1a6d0e01a2e404c697962623,rf_detr_sahi,57500.0,unknown_object,0.3745,821.72,408.07,865.94,420.61,554.7,44.22,12.54,3.526,False,,True,R-desk,11,evt_S-61_upper_body_0016,ee27b78399c18ce8,lap_bag_context,no_pose_observation,34560.0,1.33,,1,cam12/e1/v1,
corpus_03,03.CCTV Mobile Usage.mkv,632de9ed55947761d56d4c6142a3cb1a1fe69d0b1a6d0e01a2e404c697962623,rf_detr_sahi,57500.0,unknown_object,0.2708,881.52,408.13,938.96,453.47,2604.2,57.44,45.34,1.267,False,,True,R-desk,11,evt_S-61_upper_body_0016,ee27b78399c18ce8,lap_bag_context,no_pose_observation,34560.0,1.33,,1,cam12/e1/v1,
corpus_03,03.CCTV Mobile Usage.mkv,632de9ed55947761d56d4c6142a3cb1a1fe69d0b1a6d0e01a2e404c697962623,rf_detr_sahi,80100.0,unknown_object,0.2849,118.11,455.2,214.37,569.9,11040.9,96.26,114.7,0.839,False,,True,S-61,16,evt_S-61_desk_work_surface_0003,349c527ccc29dabd,pose_hand_context,,48197.8,2.92,,1,cam12/e1/v1,rtmpose_baseline
corpus_03,03.CCTV Mobile Usage.mkv,632de9ed55947761d56d4c6142a3cb1a1fe69d0b1a6d0e01a2e404c697962623,rf_detr_sahi,81100.0,monitor_or_bezel,0.425,0.18,447.93,128.87,572.64,16048.8,128.68,124.71,1.032,False,,True,S-61,16,evt_S-61_desk_work_surface_0003,d85e3150d3c5eba9,pose_hand_context,,62064.0,2.36,,1,cam12/e1/v1,rtmpose_baseline
corpus_03,03.CCTV Mobile Usage.mkv,632de9ed55947761d56d4c6142a3cb1a1fe69d0b1a6d0e01a2e404c697962623,rf_detr_sahi,81100.0,unknown_object,0.3355,114.35,303.0,176.42,394.72,5693.3,62.07,91.72,0.677,False,,True,S-61,16,evt_S-61_desk_work_surface_0003,d85e3150d3c5eba9,pose_hand_context,,62064.0,2.36,,1,cam12/e1/v1,rtmpose_baseline
corpus_03,03.CCTV Mobile Usage.mkv,632de9ed55947761d56d4c6142a3cb1a1fe69d0b1a6d0e01a2e404c697962623,rf_detr_sahi,81100.0,mouse,0.3213,38.77,449.73,70.26,473.79,757.6,31.49,24.06,1.309,False,,True,S-61,16,evt_S-61_desk_work_surface_0003,d85e3150d3c5eba9,pose_hand_context,,62064.0,2.36,,1,cam12/e1/v1,rtmpose_baseline
corpus_03,03.CCTV Mobile Usage.mkv,632de9ed55947761d56d4c6142a3cb1a1fe69d0b1a6d0e01a2e404c697962623,rf_detr_sahi,81100.0,stationery,0.2937,100.0,448.36,228.96,572.7,16035.9,128.96,124.35,1.037,False,,True,S-61,16,evt_S-61_desk_work_surface_0003,d85e3150d3c5eba9,pose_hand_context,,62064.0,2.36,,1,cam12/e1/v1,rtmpose_baseline
corpus_03,03.CCTV Mobile Usage.mkv,632de9ed55947761d56d4c6142a3cb1a1fe69d0b1a6d0e01a2e404c697962623,rf_detr_sahi,81100.0,unknown_object,0.2929,65.19,452.08,180.91,526.05,8559.4,115.72,73.96,1.565,False,,True,S-61,16,evt_S-61_desk_work_surface_0003,d85e3150d3c5eba9,pose_hand_context,,62064.0,2.36,,1,cam12/e1/v1,rtmpose_baseline
corpus_03,03.CCTV Mobile Usage.mkv,632de9ed55947761d56d4c6142a3cb1a1fe69d0b1a6d0e01a2e404c697962623,rf_detr_sahi,81100.0,unknown_object,0.2782,15.81,303.24,110.32,384.0,7632.1,94.51,80.76,1.17,False,,True,S-61,16,evt_S-61_desk_work_surface_0003,d85e3150d3c5eba9,pose_hand_context,,62064.0,2.36,,1,cam12/e1/v1,rtmpose_baseline
corpus_03,03.CCTV Mobile Usage.mkv,632de9ed55947761d56d4c6142a3cb1a1fe69d0b1a6d0e01a2e404c697962623,rf_detr_sahi,81100.0,unknown_object,0.2704,100.0,448.36,228.96,572.7,16035.9,128.96,124.35,1.037,False,,True,S-61,16,evt_S-61_desk_work_surface_0003,d85e3150d3c5eba9,pose_hand_context,,62064.0,2.36,,1,cam12/e1/v1,rtmpose_baseline
corpus_03,03.CCTV Mobile Usage.mkv,632de9ed55947761d56d4c6142a3cb1a1fe69d0b1a6d0e01a2e404c697962623,rf_detr_sahi,82100.0,mouse,0.3723,39.73,448.29,70.29,473.64,774.5,30.55,25.35,1.205,False,,True,S-61,16,evt_S-61_desk_work_surface_0003,853aabc1e2041093,pose_hand_context,,44780.8,2.92,,1,cam12/e1/v1,rtmpose_baseline
corpus_03,03.CCTV Mobile Usage.mkv,632de9ed55947761d56d4c6142a3cb1a1fe69d0b1a6d0e01a2e404c697962623,rf_detr_sahi,82100.0,phone,0.3714,0.13,343.94,86.43,448.79,9048.9,86.3,104.86,0.823,False,,True,S-61,16,evt_S-61_desk_work_surface_0003,853aabc1e2041093,pose_hand_context,,44780.8,2.92,,1,cam12/e1/v1,rtmpose_baseline
corpus_03,03.CCTV Mobile Usage.mkv,632de9ed55947761d56d4c6142a3cb1a1fe69d0b1a6d0e01a2e404c697962623,rf_detr_sahi,82100.0,unknown_object,0.3478,18.59,326.0,148.32,424.97,12838.3,129.72,98.97,1.311,False,,True,S-61,16,evt_S-61_desk_work_surface_0003,853aabc1e2041093,pose_hand_context,,44780.8,2.92,,1,cam12/e1/v1,rtmpose_baseline
corpus_03,03.CCTV Mobile Usage.mkv,632de9ed55947761d56d4c6142a3cb1a1fe69d0b1a6d0e01a2e404c697962623,rf_detr_sahi,82100.0,stationery,0.2631,0.13,343.94,86.43,448.79,9048.9,86.3,104.86,0.823,False,,True,S-61,16,evt_S-61_desk_work_surface_0003,853aabc1e2041093,pose_hand_context,,44780.8,2.92,,1,cam12/e1/v1,rtmpose_baseline
corpus_03,03.CCTV Mobile Usage.mkv,632de9ed55947761d56d4c6142a3cb1a1fe69d0b1a6d0e01a2e404c697962623,rf_detr_sahi,82100.0,monitor_or_bezel,0.2625,0.0,422.35,115.0,544.32,14026.5,115.0,121.97,0.943,False,,True,S-61,16,evt_S-61_desk_work_surface_0003,853aabc1e2041093,pose_hand_context,,44780.8,2.92,,1,cam12/e1/v1,rtmpose_baseline
corpus_03,03.CCTV Mobile Usage.mkv,632de9ed55947761d56d4c6142a3cb1a1fe69d0b1a6d0e01a2e404c697962623,rf_detr_sahi,82100.0,unknown_object,0.2537,21.52,326.16,109.88,386.19,5304.3,88.36,60.03,1.472,False,,True,S-61,16,evt_S-61_desk_work_surface_0003,853aabc1e2041093,pose_hand_context,,44780.8,2.92,,1,cam12/e1/v1,rtmpose_baseline
corpus_03,03.CCTV Mobile Usage.mkv,632de9ed55947761d56d4c6142a3cb1a1fe69d0b1a6d0e01a2e404c697962623,rf_detr_sahi,82100.0,unknown_object,0.2503,0.42,492.45,180.75,545.0,9477.2,180.33,52.55,3.431,False,,True,S-61,16,evt_S-61_desk_work_surface_0003,853aabc1e2041093,pose_hand_context,,44780.8,2.92,,1,cam12/e1/v1,rtmpose_baseline
corpus_03,03.CCTV Mobile Usage.mkv,632de9ed55947761d56d4c6142a3cb1a1fe69d0b1a6d0e01a2e404c697962623,rf_detr_sahi,83100.0,mouse,0.3705,39.95,448.87,71.1,473.96,781.7,31.16,25.09,1.242,False,,True,S-61,16,evt_S-61_desk_work_surface_0003,e1a851f71775b910,pose_hand_context,,44400.6,2.95,,1,cam12/e1/v1,rtmpose_baseline
corpus_03,03.CCTV Mobile Usage.mkv,632de9ed55947761d56d4c6142a3cb1a1fe69d0b1a6d0e01a2e404c697962623,rf_detr_sahi,83100.0,unknown_object,0.3017,14.24,328.0,148.82,425.21,13081.9,134.58,97.21,1.384,False,,True,S-61,16,evt_S-61_desk_work_surface_0003,e1a851f71775b910,pose_hand_context,,44400.6,2.95,,1,cam12/e1/v1,rtmpose_baseline
corpus_03,03.CCTV Mobile Usage.mkv,632de9ed55947761d56d4c6142a3cb1a1fe69d0b1a6d0e01a2e404c697962623,rf_detr_sahi,83100.0,phone,0.2945,0.0,343.15,87.3,449.86,9316.0,87.3,106.71,0.818,False,,True,S-61,16,evt_S-61_desk_work_surface_0003,e1a851f71775b910,pose_hand_context,,44400.6,2.95,,1,cam12/e1/v1,rtmpose_baseline
corpus_03,03.CCTV Mobile Usage.mkv,632de9ed55947761d56d4c6142a3cb1a1fe69d0b1a6d0e01a2e404c697962623,rf_detr_sahi,83100.0,monitor_or_bezel,0.2794,0.05,423.05,115.0,544.69,13983.0,114.95,121.65,0.945,False,,True,S-61,16,evt_S-61_desk_work_surface_0003,e1a851f71775b910,pose_hand_context,,44400.6,2.95,,1,cam12/e1/v1,rtmpose_baseline
corpus_03,03.CCTV Mobile Usage.mkv,632de9ed55947761d56d4c6142a3cb1a1fe69d0b1a6d0e01a2e404c697962623,rf_detr_sahi,83100.0,monitor_or_bezel,0.2672,0.36,329.65,182.22,545.0,39164.8,181.86,215.35,0.844,False,,True,S-61,16,evt_S-61_desk_work_surface_0003,e1a851f71775b910,pose_hand_context,,44400.6,2.95,,1,cam12/e1/v1,rtmpose_baseline
corpus_03,03.CCTV Mobile Usage.mkv,632de9ed55947761d56d4c6142a3cb1a1fe69d0b1a6d0e01a2e404c697962623,rf_detr_sahi,83100.0,unknown_object,0.2553,0.66,492.26,178.03,544.96,9347.3,177.37,52.7,3.366,False,,True,S-61,16,evt_S-61_desk_work_surface_0003,e1a851f71775b910,pose_hand_context,,44400.6,2.95,,1,cam12/e1/v1,rtmpose_baseline
corpus_03,03.CCTV Mobile Usage.mkv,632de9ed55947761d56d4c6142a3cb1a1fe69d0b1a6d0e01a2e404c697962623,rf_detr_sahi,83100.0,unknown_object,0.2504,21.64,328.0,110.59,386.43,5197.6,88.96,58.43,1.522,False,,True,S-61,16,evt_S-61_desk_work_surface_0003,e1a851f71775b910,pose_hand_context,,44400.6,2.95,,1,cam12/e1/v1,rtmpose_baseline
corpus_03,03.CCTV Mobile Usage.mkv,632de9ed55947761d56d4c6142a3cb1a1fe69d0b1a6d0e01a2e404c697962623,rf_detr_sahi,102500.0,monitor_or_bezel,0.3116,5.35,348.17,181.21,523.91,30905.3,175.86,175.74,1.001,False,,True,S-61,17,evt_S-61_desk_work_surface_0004,c429f65ecea87bb2,pose_hand_context,,31272.4,3.62,,1,cam12/e1/v1,rtmpose_baseline
corpus_03,03.CCTV Mobile Usage.mkv,632de9ed55947761d56d4c6142a3cb1a1fe69d0b1a6d0e01a2e404c697962623,rf_detr_sahi,102500.0,unknown_object,0.2811,115.47,348.0,163.45,397.07,2354.5,47.98,49.07,0.978,False,,True,S-61,17,evt_S-61_desk_work_surface_0004,c429f65ecea87bb2,pose_hand_context,,31272.4,3.62,,1,cam12/e1/v1,rtmpose_baseline
corpus_03,03.CCTV Mobile Usage.mkv,632de9ed55947761d56d4c6142a3cb1a1fe69d0b1a6d0e01a2e404c697962623,rf_detr_sahi,102500.0,unknown_object,0.2612,82.0,348.0,164.53,430.06,6772.8,82.53,82.06,1.006,False,,True,S-61,17,evt_S-61_desk_work_surface_0004,c429f65ecea87bb2,pose_hand_context,,31272.4,3.62,,1,cam12/e1/v1,rtmpose_baseline
corpus_03,03.CCTV Mobile Usage.mkv,632de9ed55947761d56d4c6142a3cb1a1fe69d0b1a6d0e01a2e404c697962623,rf_detr_sahi,102500.0,unknown_object,0.2593,5.0,425.3,103.95,523.78,9744.6,98.95,98.48,1.005,False,,True,S-61,17,evt_S-61_desk_work_surface_0004,c429f65ecea87bb2,pose_hand_context,,31272.4,3.62,,1,cam12/e1/v1,rtmpose_baseline
corpus_03,03.CCTV Mobile Usage.mkv,632de9ed55947761d56d4c6142a3cb1a1fe69d0b1a6d0e01a2e404c697962623,rf_detr_sahi,102500.0,unknown_object,0.5421,818.87,7.85,913.64,103.42,9057.6,94.77,95.58,0.992,False,,True,unattributed,18,evt_S-61_desk_work_surface_0004,d93b48690c9b5016,native_source_context_fallback,wrist_confidence_below_floor,9573.1,6.49,,1,cam12/e1/v1,rtmpose_baseline
corpus_03,03.CCTV Mobile Usage.mkv,632de9ed55947761d56d4c6142a3cb1a1fe69d0b1a6d0e01a2e404c697962623,rf_detr_sahi,102500.0,monitor_or_bezel,0.3326,816.02,7.0,843.74,44.47,1038.7,27.73,37.47,0.74,False,,True,unattributed,18,evt_S-61_desk_work_surface_0004,d93b48690c9b5016,native_source_context_fallback,wrist_confidence_below_floor,9573.1,6.49,,1,cam12/e1/v1,rtmpose_baseline
corpus_03,03.CCTV Mobile Usage.mkv,632de9ed55947761d56d4c6142a3cb1a1fe69d0b1a6d0e01a2e404c697962623,rf_detr_sahi,102500.0,unknown_object,0.2723,831.43,85.55,880.44,104.0,904.3,49.02,18.45,2.657,False,,True,unattributed,18,evt_S-61_desk_work_surface_0004,d93b48690c9b5016,native_source_context_fallback,wrist_confidence_below_floor,9573.1,6.49,,1,cam12/e1/v1,rtmpose_baseline
corpus_03,03.CCTV Mobile Usage.mkv,632de9ed55947761d56d4c6142a3cb1a1fe69d0b1a6d0e01a2e404c697962623,rf_detr_sahi,102500.0,unknown_object,0.7811,960.61,452.3,1056.69,479.96,2658.0,96.08,27.66,3.473,False,,True,R-desk,19,evt_S-61_desk_work_surface_0004,f15934d2f04eb552,lap_bag_context,wrist_confidence_below_floor,34560.0,1.33,,1,cam12/e1/v1,rtmpose_baseline
corpus_03,03.CCTV Mobile Usage.mkv,632de9ed55947761d56d4c6142a3cb1a1fe69d0b1a6d0e01a2e404c697962623,rf_detr_sahi,102500.0,unknown_object,0.715,1044.2,422.85,1112.23,473.49,3445.2,68.03,50.64,1.343,False,,True,R-desk,19,evt_S-61_desk_work_surface_0004,f15934d2f04eb552,lap_bag_context,wrist_confidence_below_floor,34560.0,1.33,,1,cam12/e1/v1,rtmpose_baseline
corpus_03,03.CCTV Mobile Usage.mkv,632de9ed55947761d56d4c6142a3cb1a1fe69d0b1a6d0e01a2e404c697962623,rf_detr_sahi,102500.0,unknown_object,0.6009,970.48,408.0,1141.55,448.0,6842.6,171.07,40.0,4.277,False,,True,R-desk,19,evt_S-61_desk_work_surface_0004,f15934d2f04eb552,lap_bag_context,wrist_confidence_below_floor,34560.0,1.33,,1,cam12/e1/v1,rtmpose_baseline
corpus_03,03.CCTV Mobile Usage.mkv,632de9ed55947761d56d4c6142a3cb1a1fe69d0b1a6d0e01a2e404c697962623,rf_detr_sahi,102500.0,unknown_object,0.4489,864.18,413.25,892.7,438.12,709.3,28.52,24.87,1.147,False,,True,R-desk,19,evt_S-61_desk_work_surface_0004,f15934d2f04eb552,lap_bag_context,wrist_confidence_below_floor,34560.0,1.33,,1,cam12/e1/v1,rtmpose_baseline
corpus_03,03.CCTV Mobile Usage.mkv,632de9ed55947761d56d4c6142a3cb1a1fe69d0b1a6d0e01a2e404c697962623,rf_detr_sahi,102500.0,unknown_object,0.4105,821.72,408.09,865.71,420.62,550.8,43.99,12.52,3.513,False,,True,R-desk,19,evt_S-61_desk_work_surface_0004,f15934d2f04eb552,lap_bag_context,wrist_confidence_below_floor,34560.0,1.33,,1,cam12/e1/v1,rtmpose_baseline
corpus_03,03.CCTV Mobile Usage.mkv,632de9ed55947761d56d4c6142a3cb1a1fe69d0b1a6d0e01a2e404c697962623,rf_detr_sahi,102500.0,unknown_object,0.2823,877.8,408.18,936.74,453.48,2670.0,58.95,45.3,1.301,False,,True,R-desk,19,evt_S-61_desk_work_surface_0004,f15934d2f04eb552,lap_bag_context,wrist_confidence_below_floor,34560.0,1.33,,1,cam12/e1/v1,rtmpose_baseline
corpus_03,03.CCTV Mobile Usage.mkv,632de9ed55947761d56d4c6142a3cb1a1fe69d0b1a6d0e01a2e404c697962623,rf_detr_sahi,102500.0,unknown_object,0.2549,960.16,439.0,1128.99,479.99,6920.5,168.84,40.99,4.119,False,,True,R-desk,19,evt_S-61_desk_work_surface_0004,f15934d2f04eb552,lap_bag_context,wrist_confidence_below_floor,34560.0,1.33,,1,cam12/e1/v1,rtmpose_baseline
corpus_03,03.CCTV Mobile Usage.mkv,632de9ed55947761d56d4c6142a3cb1a1fe69d0b1a6d0e01a2e404c697962623,rf_detr_sahi,103067.0,unknown_object,0.2802,171.17,391.45,192.0,448.89,1196.5,20.83,57.44,0.363,False,,True,S-61,17,evt_S-61_upper_body_0018,7f7c3ddf9739c48c,pose_hand_context,,37640.3,3.28,,1,cam12/e1/v1,rtmpose_baseline
corpus_03,03.CCTV Mobile Usage.mkv,632de9ed55947761d56d4c6142a3cb1a1fe69d0b1a6d0e01a2e404c697962623,rf_detr_sahi,103067.0,mouse,0.275,40.66,449.85,71.74,472.88,715.9,31.08,23.03,1.349,False,,True,S-61,17,evt_S-61_upper_body_0018,7f7c3ddf9739c48c,pose_hand_context,,37640.3,3.28,,1,cam12/e1/v1,rtmpose_baseline
corpus_03,03.CCTV Mobile Usage.mkv,632de9ed55947761d56d4c6142a3cb1a1fe69d0b1a6d0e01a2e404c697962623,rf_detr_sahi,103067.0,unknown_object,0.2719,0.09,425.07,108.0,534.75,11836.6,107.91,109.69,0.984,False,,True,S-61,17,evt_S-61_upper_body_0018,7f7c3ddf9739c48c,pose_hand_context,,37640.3,3.28,,1,cam12/e1/v1,rtmpose_baseline
corpus_03,03.CCTV Mobile Usage.mkv,632de9ed55947761d56d4c6142a3cb1a1fe69d0b1a6d0e01a2e404c697962623,rf_detr_sahi,103067.0,unknown_object,0.2591,111.02,455.83,176.78,520.42,4246.8,65.76,64.58,1.018,False,,True,S-61,17,evt_S-61_upper_body_0018,7f7c3ddf9739c48c,pose_hand_context,,37640.3,3.28,,1,cam12/e1/v1,rtmpose_baseline
corpus_03,03.CCTV Mobile Usage.mkv,632de9ed55947761d56d4c6142a3cb1a1fe69d0b1a6d0e01a2e404c697962623,rf_detr_sahi,103067.0,monitor_or_bezel,0.5066,817.02,7.0,843.77,44.52,1003.6,26.75,37.52,0.713,False,,True,unattributed,18,evt_S-61_upper_body_0018,ab6eccf616b714df,native_source_context_fallback,wrist_confidence_below_floor,9521.8,6.46,,1,cam12/e1/v1,rtmpose_baseline
corpus_03,03.CCTV Mobile Usage.mkv,632de9ed55947761d56d4c6142a3cb1a1fe69d0b1a6d0e01a2e404c697962623,rf_detr_sahi,103067.0,unknown_object,0.4324,819.63,8.13,915.46,102.44,9037.5,95.83,94.3,1.016,False,,True,unattributed,18,evt_S-61_upper_body_0018,ab6eccf616b714df,native_source_context_fallback,wrist_confidence_below_floor,9521.8,6.46,,1,cam12/e1/v1,rtmpose_baseline
corpus_03,03.CCTV Mobile Usage.mkv,632de9ed55947761d56d4c6142a3cb1a1fe69d0b1a6d0e01a2e404c697962623,rf_detr_sahi,103500.0,monitor_or_bezel,0.6741,816.06,7.0,843.53,44.6,1033.1,27.47,37.6,0.731,False,,True,unattributed,18,evt_S-61_desk_work_surface_0004,1d8ae10ec47cb224,native_source_context_fallback,wrist_confidence_below_floor,9323.6,6.6,,1,cam12/e1/v1,rtmpose_baseline
corpus_03,03.CCTV Mobile Usage.mkv,632de9ed55947761d56d4c6142a3cb1a1fe69d0b1a6d0e01a2e404c697962623,rf_detr_sahi,103500.0,unknown_object,0.3202,831.04,85.83,880.63,102.95,848.8,49.59,17.12,2.897,False,,True,unattributed,18,evt_S-61_desk_work_surface_0004,1d8ae10ec47cb224,native_source_context_fallback,wrist_confidence_below_floor,9323.6,6.6,,1,cam12/e1/v1,rtmpose_baseline
corpus_03,03.CCTV Mobile Usage.mkv,632de9ed55947761d56d4c6142a3cb1a1fe69d0b1a6d0e01a2e404c697962623,rf_detr_sahi,103500.0,unknown_object,0.7836,960.68,452.3,1056.43,479.97,2649.2,95.75,27.67,3.461,False,,True,R-desk,21,evt_S-61_desk_work_surface_0004,21618b8f2530ce00,lap_bag_context,no_pose_observation,34560.0,1.33,,1,cam12/e1/v1,
corpus_03,03.CCTV Mobile Usage.mkv,632de9ed55947761d56d4c6142a3cb1a1fe69d0b1a6d0e01a2e404c697962623,rf_detr_sahi,103500.0,unknown_object,0.7207,1044.19,422.84,1112.21,473.46,3443.4,68.03,50.62,1.344,False,,True,R-desk,21,evt_S-61_desk_work_surface_0004,21618b8f2530ce00,lap_bag_context,no_pose_observation,34560.0,1.33,,1,cam12/e1/v1,
corpus_03,03.CCTV Mobile Usage.mkv,632de9ed55947761d56d4c6142a3cb1a1fe69d0b1a6d0e01a2e404c697962623,rf_detr_sahi,103500.0,unknown_object,0.6275,970.81,408.03,1141.02,448.0,6802.5,170.21,39.97,4.259,False,,True,R-desk,21,evt_S-61_desk_work_surface_0004,21618b8f2530ce00,lap_bag_context,no_pose_observation,34560.0,1.33,,1,cam12/e1/v1,
corpus_03,03.CCTV Mobile Usage.mkv,632de9ed55947761d56d4c6142a3cb1a1fe69d0b1a6d0e01a2e404c697962623,rf_detr_sahi,103500.0,unknown_object,0.4464,864.2,413.26,892.71,438.11,708.7,28.51,24.86,1.147,False,,True,R-desk,21,evt_S-61_desk_work_surface_0004,21618b8f2530ce00,lap_bag_context,no_pose_observation,34560.0,1.33,,1,cam12/e1/v1,
corpus_03,03.CCTV Mobile Usage.mkv,632de9ed55947761d56d4c6142a3cb1a1fe69d0b1a6d0e01a2e404c697962623,rf_detr_sahi,103500.0,unknown_object,0.4086,821.69,408.09,865.7,420.61,551.0,44.01,12.52,3.515,False,,True,R-desk,21,evt_S-61_desk_work_surface_0004,21618b8f2530ce00,lap_bag_context,no_pose_observation,34560.0,1.33,,1,cam12/e1/v1,
corpus_03,03.CCTV Mobile Usage.mkv,632de9ed55947761d56d4c6142a3cb1a1fe69d0b1a6d0e01a2e404c697962623,rf_detr_sahi,103500.0,unknown_object,0.2783,877.39,408.17,936.8,453.48,2691.7,59.41,45.31,1.311,False,,True,R-desk,21,evt_S-61_desk_work_surface_0004,21618b8f2530ce00,lap_bag_context,no_pose_observation,34560.0,1.33,,1,cam12/e1/v1,
corpus_03,03.CCTV Mobile Usage.mkv,632de9ed55947761d56d4c6142a3cb1a1fe69d0b1a6d0e01a2e404c697962623,rf_detr_sahi,103500.0,monitor_or_bezel,0.3719,0.06,426.09,107.0,532.65,11395.2,106.94,106.56,1.004,False,,True,S-61,17,evt_S-61_desk_work_surface_0004,37282cdd2ce70388,pose_hand_context,,36288.3,3.36,,1,cam12/e1/v1,rtmpose_baseline
corpus_03,03.CCTV Mobile Usage.mkv,632de9ed55947761d56d4c6142a3cb1a1fe69d0b1a6d0e01a2e404c697962623,rf_detr_sahi,103500.0,unknown_object,0.3421,0.06,426.09,107.0,532.65,11395.2,106.94,106.56,1.004,False,,True,S-61,17,evt_S-61_desk_work_surface_0004,37282cdd2ce70388,pose_hand_context,,36288.3,3.36,,1,cam12/e1/v1,rtmpose_baseline
corpus_03,03.CCTV Mobile Usage.mkv,632de9ed55947761d56d4c6142a3cb1a1fe69d0b1a6d0e01a2e404c697962623,rf_detr_sahi,103500.0,unknown_object,0.3034,161.35,393.91,189.98,449.93,1604.1,28.64,56.02,0.511,False,,True,S-61,17,evt_S-61_desk_work_surface_0004,37282cdd2ce70388,pose_hand_context,,36288.3,3.36,,1,cam12/e1/v1,rtmpose_baseline
corpus_03,03.CCTV Mobile Usage.mkv,632de9ed55947761d56d4c6142a3cb1a1fe69d0b1a6d0e01a2e404c697962623,rf_detr_sahi,103500.0,mouse,0.2765,40.62,448.63,72.12,472.81,761.7,31.5,24.18,1.302,False,,True,S-61,17,evt_S-61_desk_work_surface_0004,37282cdd2ce70388,pose_hand_context,,36288.3,3.36,,1,cam12/e1/v1,rtmpose_baseline
corpus_03,03.CCTV Mobile Usage.mkv,632de9ed55947761d56d4c6142a3cb1a1fe69d0b1a6d0e01a2e404c697962623,rf_detr_sahi,104067.0,unknown_object,0.7907,960.73,452.32,1056.12,479.96,2636.9,95.39,27.64,3.451,False,,True,R-desk,22,evt_S-61_upper_body_0018,106fe20c61c64386,lap_bag_context,no_pose_observation,34560.0,1.33,,1,cam12/e1/v1,
corpus_03,03.CCTV Mobile Usage.mkv,632de9ed55947761d56d4c6142a3cb1a1fe69d0b1a6d0e01a2e404c697962623,rf_detr_sahi,104067.0,unknown_object,0.7177,1044.19,422.82,1112.22,473.48,3446.1,68.03,50.66,1.343,False,,True,R-desk,22,evt_S-61_upper_body_0018,106fe20c61c64386,lap_bag_context,no_pose_observation,34560.0,1.33,,1,cam12/e1/v1,
corpus_03,03.CCTV Mobile Usage.mkv,632de9ed55947761d56d4c6142a3cb1a1fe69d0b1a6d0e01a2e404c697962623,rf_detr_sahi,104067.0,unknown_object,0.6006,970.15,408.01,1141.47,448.0,6851.5,171.32,39.99,4.284,False,,True,R-desk,22,evt_S-61_upper_body_0018,106fe20c61c64386,lap_bag_context,no_pose_observation,34560.0,1.33,,1,cam12/e1/v1,
corpus_03,03.CCTV Mobile Usage.mkv,632de9ed55947761d56d4c6142a3cb1a1fe69d0b1a6d0e01a2e404c697962623,rf_detr_sahi,104067.0,unknown_object,0.4404,864.18,413.25,892.69,438.11,708.6,28.5,24.86,1.147,False,,True,R-desk,22,evt_S-61_upper_body_0018,106fe20c61c64386,lap_bag_context,no_pose_observation,34560.0,1.33,,1,cam12/e1/v1,
corpus_03,03.CCTV Mobile Usage.mkv,632de9ed55947761d56d4c6142a3cb1a1fe69d0b1a6d0e01a2e404c697962623,rf_detr_sahi,104067.0,unknown_object,0.4023,821.66,408.09,865.7,420.61,551.3,44.04,12.52,3.517,False,,True,R-desk,22,evt_S-61_upper_body_0018,106fe20c61c64386,lap_bag_context,no_pose_observation,34560.0,1.33,,1,cam12/e1/v1,
corpus_03,03.CCTV Mobile Usage.mkv,632de9ed55947761d56d4c6142a3cb1a1fe69d0b1a6d0e01a2e404c697962623,rf_detr_sahi,104067.0,unknown_object,0.2767,877.11,408.18,936.85,453.48,2706.0,59.74,45.3,1.319,False,,True,R-desk,22,evt_S-61_upper_body_0018,106fe20c61c64386,lap_bag_context,no_pose_observation,34560.0,1.33,,1,cam12/e1/v1,
corpus_03,03.CCTV Mobile Usage.mkv,632de9ed55947761d56d4c6142a3cb1a1fe69d0b1a6d0e01a2e404c697962623,rf_detr_sahi,104067.0,unknown_object,0.7907,960.73,452.32,1056.12,479.96,2636.9,95.39,27.64,3.451,False,,True,R-desk,21,evt_S-61_upper_body_0018,106fe20c61c64386,lap_bag_context,no_pose_observation,34560.0,1.33,,1,cam12/e1/v1,
corpus_03,03.CCTV Mobile Usage.mkv,632de9ed55947761d56d4c6142a3cb1a1fe69d0b1a6d0e01a2e404c697962623,rf_detr_sahi,104067.0,unknown_object,0.7177,1044.19,422.82,1112.22,473.48,3446.1,68.03,50.66,1.343,False,,True,R-desk,21,evt_S-61_upper_body_0018,106fe20c61c64386,lap_bag_context,no_pose_observation,34560.0,1.33,,1,cam12/e1/v1,
corpus_03,03.CCTV Mobile Usage.mkv,632de9ed55947761d56d4c6142a3cb1a1fe69d0b1a6d0e01a2e404c697962623,rf_detr_sahi,104067.0,unknown_object,0.6006,970.15,408.01,1141.47,448.0,6851.5,171.32,39.99,4.284,False,,True,R-desk,21,evt_S-61_upper_body_0018,106fe20c61c64386,lap_bag_context,no_pose_observation,34560.0,1.33,,1,cam12/e1/v1,
corpus_03,03.CCTV Mobile Usage.mkv,632de9ed55947761d56d4c6142a3cb1a1fe69d0b1a6d0e01a2e404c697962623,rf_detr_sahi,104067.0,unknown_object,0.4404,864.18,413.25,892.69,438.11,708.6,28.5,24.86,1.147,False,,True,R-desk,21,evt_S-61_upper_body_0018,106fe20c61c64386,lap_bag_context,no_pose_observation,34560.0,1.33,,1,cam12/e1/v1,
corpus_03,03.CCTV Mobile Usage.mkv,632de9ed55947761d56d4c6142a3cb1a1fe69d0b1a6d0e01a2e404c697962623,rf_detr_sahi,104067.0,unknown_object,0.4023,821.66,408.09,865.7,420.61,551.3,44.04,12.52,3.517,False,,True,R-desk,21,evt_S-61_upper_body_0018,106fe20c61c64386,lap_bag_context,no_pose_observation,34560.0,1.33,,1,cam12/e1/v1,
corpus_03,03.CCTV Mobile Usage.mkv,632de9ed55947761d56d4c6142a3cb1a1fe69d0b1a6d0e01a2e404c697962623,rf_detr_sahi,104067.0,unknown_object,0.2767,877.11,408.18,936.85,453.48,2706.0,59.74,45.3,1.319,False,,True,R-desk,21,evt_S-61_upper_body_0018,106fe20c61c64386,lap_bag_context,no_pose_observation,34560.0,1.33,,1,cam12/e1/v1,
corpus_03,03.CCTV Mobile Usage.mkv,632de9ed55947761d56d4c6142a3cb1a1fe69d0b1a6d0e01a2e404c697962623,rf_detr_sahi,104067.0,monitor_or_bezel,0.4344,817.07,7.01,843.5,44.79,998.5,26.43,37.78,0.7,False,,True,unattributed,18,evt_S-61_upper_body_0018,803a895752aa8ab0,native_source_context_fallback,wrist_confidence_below_floor,9340.2,6.61,,1,cam12/e1/v1,rtmpose_baseline
corpus_03,03.CCTV Mobile Usage.mkv,632de9ed55947761d56d4c6142a3cb1a1fe69d0b1a6d0e01a2e404c697962623,rf_detr_sahi,104067.0,monitor_or_bezel,0.3341,0.02,425.0,109.0,535.81,12075.6,108.98,110.81,0.983,False,,True,S-61,17,evt_S-61_upper_body_0018,c23c170093e5b93f,pose_hand_context,,38602.3,3.23,,1,cam12/e1/v1,rtmpose_baseline
corpus_03,03.CCTV Mobile Usage.mkv,632de9ed55947761d56d4c6142a3cb1a1fe69d0b1a6d0e01a2e404c697962623,rf_detr_sahi,104067.0,unknown_object,0.3286,111.29,455.26,177.3,521.38,4364.8,66.01,66.12,0.998,False,,True,S-61,17,evt_S-61_upper_body_0018,c23c170093e5b93f,pose_hand_context,,38602.3,3.23,,1,cam12/e1/v1,rtmpose_baseline
corpus_03,03.CCTV Mobile Usage.mkv,632de9ed55947761d56d4c6142a3cb1a1fe69d0b1a6d0e01a2e404c697962623,rf_detr_sahi,104067.0,mouse,0.3026,40.47,449.24,72.44,472.78,752.7,31.97,23.54,1.358,False,,True,S-61,17,evt_S-61_upper_body_0018,c23c170093e5b93f,pose_hand_context,,38602.3,3.23,,1,cam12/e1/v1,rtmpose_baseline
corpus_03,03.CCTV Mobile Usage.mkv,632de9ed55947761d56d4c6142a3cb1a1fe69d0b1a6d0e01a2e404c697962623,rf_detr_sahi,104067.0,unknown_object,0.2659,0.02,425.0,109.0,535.81,12075.6,108.98,110.81,0.983,False,,True,S-61,17,evt_S-61_upper_body_0018,c23c170093e5b93f,pose_hand_context,,38602.3,3.23,,1,cam12/e1/v1,rtmpose_baseline
corpus_03,03.CCTV Mobile Usage.mkv,632de9ed55947761d56d4c6142a3cb1a1fe69d0b1a6d0e01a2e404c697962623,rf_detr_sahi,104500.0,monitor_or_bezel,0.5143,816.08,7.01,843.12,44.92,1024.9,27.04,37.91,0.713,False,,True,unattributed,18,evt_S-61_desk_work_surface_0004,394db3e8861080b1,native_source_context_fallback,wrist_confidence_below_floor,9542.4,6.55,,1,cam12/e1/v1,rtmpose_baseline
corpus_03,03.CCTV Mobile Usage.mkv,632de9ed55947761d56d4c6142a3cb1a1fe69d0b1a6d0e01a2e404c697962623,rf_detr_sahi,104500.0,monitor_or_bezel,0.273,830.36,85.03,913.91,104.9,1660.5,83.55,19.87,4.204,False,,True,unattributed,18,evt_S-61_desk_work_surface_0004,394db3e8861080b1,native_source_context_fallback,wrist_confidence_below_floor,9542.4,6.55,,1,cam12/e1/v1,rtmpose_baseline
corpus_03,03.CCTV Mobile Usage.mkv,632de9ed55947761d56d4c6142a3cb1a1fe69d0b1a6d0e01a2e404c697962623,rf_detr_sahi,104500.0,unknown_object,0.7276,960.56,452.29,1055.98,479.96,2640.4,95.41,27.67,3.448,False,,True,R-desk,22,evt_S-61_desk_work_surface_0004,e9011dbea08156df,lap_bag_context,no_pose_observation,34560.0,1.33,,1,cam12/e1/v1,
corpus_03,03.CCTV Mobile Usage.mkv,632de9ed55947761d56d4c6142a3cb1a1fe69d0b1a6d0e01a2e404c697962623,rf_detr_sahi,104500.0,unknown_object,0.5402,971.1,408.0,1141.06,447.98,6794.2,169.96,39.98,4.252,False,,True,R-desk,22,evt_S-61_desk_work_surface_0004,e9011dbea08156df,lap_bag_context,no_pose_observation,34560.0,1.33,,1,cam12/e1/v1,
corpus_03,03.CCTV Mobile Usage.mkv,632de9ed55947761d56d4c6142a3cb1a1fe69d0b1a6d0e01a2e404c697962623,rf_detr_sahi,104500.0,unknown_object,0.5238,1045.4,423.73,1112.07,473.5,3318.5,66.67,49.77,1.339,False,,True,R-desk,22,evt_S-61_desk_work_surface_0004,e9011dbea08156df,lap_bag_context,no_pose_observation,34560.0,1.33,,1,cam12/e1/v1,
corpus_03,03.CCTV Mobile Usage.mkv,632de9ed55947761d56d4c6142a3cb1a1fe69d0b1a6d0e01a2e404c697962623,rf_detr_sahi,104500.0,unknown_object,0.3941,821.55,408.07,865.85,420.59,554.6,44.29,12.52,3.538,False,,True,R-desk,22,evt_S-61_desk_work_surface_0004,e9011dbea08156df,lap_bag_context,no_pose_observation,34560.0,1.33,,1,cam12/e1/v1,
corpus_03,03.CCTV Mobile Usage.mkv,632de9ed55947761d56d4c6142a3cb1a1fe69d0b1a6d0e01a2e404c697962623,rf_detr_sahi,104500.0,unknown_object,0.3939,864.2,413.29,892.39,438.21,702.2,28.18,24.92,1.131,False,,True,R-desk,22,evt_S-61_desk_work_surface_0004,e9011dbea08156df,lap_bag_context,no_pose_observation,34560.0,1.33,,1,cam12/e1/v1,
corpus_03,03.CCTV Mobile Usage.mkv,632de9ed55947761d56d4c6142a3cb1a1fe69d0b1a6d0e01a2e404c697962623,rf_detr_sahi,104500.0,unknown_object,0.7276,960.56,452.29,1055.98,479.96,2640.4,95.41,27.67,3.448,False,,True,R-desk,21,evt_S-61_desk_work_surface_0004,e9011dbea08156df,lap_bag_context,no_pose_observation,34560.0,1.33,,1,cam12/e1/v1,
corpus_03,03.CCTV Mobile Usage.mkv,632de9ed55947761d56d4c6142a3cb1a1fe69d0b1a6d0e01a2e404c697962623,rf_detr_sahi,104500.0,unknown_object,0.5402,971.1,408.0,1141.06,447.98,6794.2,169.96,39.98,4.252,False,,True,R-desk,21,evt_S-61_desk_work_surface_0004,e9011dbea08156df,lap_bag_context,no_pose_observation,34560.0,1.33,,1,cam12/e1/v1,
corpus_03,03.CCTV Mobile Usage.mkv,632de9ed55947761d56d4c6142a3cb1a1fe69d0b1a6d0e01a2e404c697962623,rf_detr_sahi,104500.0,unknown_object,0.5238,1045.4,423.73,1112.07,473.5,3318.5,66.67,49.77,1.339,False,,True,R-desk,21,evt_S-61_desk_work_surface_0004,e9011dbea08156df,lap_bag_context,no_pose_observation,34560.0,1.33,,1,cam12/e1/v1,
corpus_03,03.CCTV Mobile Usage.mkv,632de9ed55947761d56d4c6142a3cb1a1fe69d0b1a6d0e01a2e404c697962623,rf_detr_sahi,104500.0,unknown_object,0.3941,821.55,408.07,865.85,420.59,554.6,44.29,12.52,3.538,False,,True,R-desk,21,evt_S-61_desk_work_surface_0004,e9011dbea08156df,lap_bag_context,no_pose_observation,34560.0,1.33,,1,cam12/e1/v1,
corpus_03,03.CCTV Mobile Usage.mkv,632de9ed55947761d56d4c6142a3cb1a1fe69d0b1a6d0e01a2e404c697962623,rf_detr_sahi,104500.0,unknown_object,0.3939,864.2,413.29,892.39,438.21,702.2,28.18,24.92,1.131,False,,True,R-desk,21,evt_S-61_desk_work_surface_0004,e9011dbea08156df,lap_bag_context,no_pose_observation,34560.0,1.33,,1,cam12/e1/v1,
corpus_03,03.CCTV Mobile Usage.mkv,632de9ed55947761d56d4c6142a3cb1a1fe69d0b1a6d0e01a2e404c697962623,rf_detr_sahi,104500.0,unknown_object,0.2978,502.02,66.88,550.84,79.0,591.5,48.82,12.12,4.029,False,,True,unattributed,23,evt_S-61_desk_work_surface_0004,fd9e993113506b6c,native_source_context_fallback,no_pose_observation,6818.0,7.42,,1,cam12/e1/v1,
corpus_03,03.CCTV Mobile Usage.mkv,632de9ed55947761d56d4c6142a3cb1a1fe69d0b1a6d0e01a2e404c697962623,rf_detr_sahi,104500.0,unknown_object,0.2871,541.3,51.76,575.87,79.0,941.8,34.57,27.24,1.269,False,,True,unattributed,23,evt_S-61_desk_work_surface_0004,fd9e993113506b6c,native_source_context_fallback,no_pose_observation,6818.0,7.42,,1,cam12/e1/v1,
corpus_03,03.CCTV Mobile Usage.mkv,632de9ed55947761d56d4c6142a3cb1a1fe69d0b1a6d0e01a2e404c697962623,rf_detr_sahi,105067.0,unknown_object,0.66,541.97,51.41,573.87,86.0,1103.4,31.9,34.59,0.922,False,,True,unattributed,23,evt_S-61_upper_body_0018,698dd9f920e21e66,native_source_context_fallback,no_pose_observation,6553.0,6.79,,1,cam12/e1/v1,
corpus_03,03.CCTV Mobile Usage.mkv,632de9ed55947761d56d4c6142a3cb1a1fe69d0b1a6d0e01a2e404c697962623,rf_detr_sahi,105067.0,unknown_object,0.262,541.59,13.71,606.2,88.12,4808.6,64.62,74.42,0.868,False,,True,unattributed,23,evt_S-61_upper_body_0018,698dd9f920e21e66,native_source_context_fallback,no_pose_observation,6553.0,6.79,,1,cam12/e1/v1,
corpus_03,03.CCTV Mobile Usage.mkv,632de9ed55947761d56d4c6142a3cb1a1fe69d0b1a6d0e01a2e404c697962623,rf_detr_sahi,105067.0,unknown_object,0.7276,960.56,452.29,1055.98,479.96,2640.4,95.41,27.67,3.448,False,,True,R-desk,21,evt_S-61_upper_body_0018,745d503d39d05fad,lap_bag_context,wrist_confidence_below_floor,34560.0,1.33,,1,cam12/e1/v1,rtmpose_baseline
corpus_03,03.CCTV Mobile Usage.mkv,632de9ed55947761d56d4c6142a3cb1a1fe69d0b1a6d0e01a2e404c697962623,rf_detr_sahi,105067.0,unknown_object,0.5402,971.1,408.0,1141.06,447.98,6794.2,169.96,39.98,4.252,False,,True,R-desk,21,evt_S-61_upper_body_0018,745d503d39d05fad,lap_bag_context,wrist_confidence_below_floor,34560.0,1.33,,1,cam12/e1/v1,rtmpose_baseline
corpus_03,03.CCTV Mobile Usage.mkv,632de9ed55947761d56d4c6142a3cb1a1fe69d0b1a6d0e01a2e404c697962623,rf_detr_sahi,105067.0,unknown_object,0.5238,1045.4,423.73,1112.07,473.5,3318.5,66.67,49.77,1.339,False,,True,R-desk,21,evt_S-61_upper_body_0018,745d503d39d05fad,lap_bag_context,wrist_confidence_below_floor,34560.0,1.33,,1,cam12/e1/v1,rtmpose_baseline
corpus_03,03.CCTV Mobile Usage.mkv,632de9ed55947761d56d4c6142a3cb1a1fe69d0b1a6d0e01a2e404c697962623,rf_detr_sahi,105067.0,unknown_object,0.3941,821.55,408.07,865.85,420.59,554.6,44.29,12.52,3.538,False,,True,R-desk,21,evt_S-61_upper_body_0018,745d503d39d05fad,lap_bag_context,wrist_confidence_below_floor,34560.0,1.33,,1,cam12/e1/v1,rtmpose_baseline
corpus_03,03.CCTV Mobile Usage.mkv,632de9ed55947761d56d4c6142a3cb1a1fe69d0b1a6d0e01a2e404c697962623,rf_detr_sahi,105067.0,unknown_object,0.3939,864.2,413.29,892.39,438.21,702.2,28.18,24.92,1.131,False,,True,R-desk,21,evt_S-61_upper_body_0018,745d503d39d05fad,lap_bag_context,wrist_confidence_below_floor,34560.0,1.33,,1,cam12/e1/v1,rtmpose_baseline
corpus_03,03.CCTV Mobile Usage.mkv,632de9ed55947761d56d4c6142a3cb1a1fe69d0b1a6d0e01a2e404c697962623,rf_detr_sahi,105067.0,unknown_object,0.7276,960.56,452.29,1055.98,479.96,2640.4,95.41,27.67,3.448,False,,True,R-desk,22,evt_S-61_upper_body_0018,745d503d39d05fad,lap_bag_context,wrist_confidence_below_floor,34560.0,1.33,,1,cam12/e1/v1,rtmpose_baseline
corpus_03,03.CCTV Mobile Usage.mkv,632de9ed55947761d56d4c6142a3cb1a1fe69d0b1a6d0e01a2e404c697962623,rf_detr_sahi,105067.0,unknown_object,0.5402,971.1,408.0,1141.06,447.98,6794.2,169.96,39.98,4.252,False,,True,R-desk,22,evt_S-61_upper_body_0018,745d503d39d05fad,lap_bag_context,wrist_confidence_below_floor,34560.0,1.33,,1,cam12/e1/v1,rtmpose_baseline
corpus_03,03.CCTV Mobile Usage.mkv,632de9ed55947761d56d4c6142a3cb1a1fe69d0b1a6d0e01a2e404c697962623,rf_detr_sahi,105067.0,unknown_object,0.5238,1045.4,423.73,1112.07,473.5,3318.5,66.67,49.77,1.339,False,,True,R-desk,22,evt_S-61_upper_body_0018,745d503d39d05fad,lap_bag_context,wrist_confidence_below_floor,34560.0,1.33,,1,cam12/e1/v1,rtmpose_baseline
corpus_03,03.CCTV Mobile Usage.mkv,632de9ed55947761d56d4c6142a3cb1a1fe69d0b1a6d0e01a2e404c697962623,rf_detr_sahi,105067.0,unknown_object,0.3941,821.55,408.07,865.85,420.59,554.6,44.29,12.52,3.538,False,,True,R-desk,22,evt_S-61_upper_body_0018,745d503d39d05fad,lap_bag_context,wrist_confidence_below_floor,34560.0,1.33,,1,cam12/e1/v1,rtmpose_baseline
corpus_03,03.CCTV Mobile Usage.mkv,632de9ed55947761d56d4c6142a3cb1a1fe69d0b1a6d0e01a2e404c697962623,rf_detr_sahi,105067.0,unknown_object,0.3939,864.2,413.29,892.39,438.21,702.2,28.18,24.92,1.131,False,,True,R-desk,22,evt_S-61_upper_body_0018,745d503d39d05fad,lap_bag_context,wrist_confidence_below_floor,34560.0,1.33,,1,cam12/e1/v1,rtmpose_baseline
corpus_03,03.CCTV Mobile Usage.mkv,632de9ed55947761d56d4c6142a3cb1a1fe69d0b1a6d0e01a2e404c697962623,rf_detr_sahi,105067.0,unknown_object,0.2942,556.0,51.62,574.02,86.55,629.5,18.02,34.93,0.516,False,,True,unattributed,24,evt_S-61_upper_body_0018,aff1f684b5dd4187,native_source_context_fallback,no_pose_observation,2738.4,11.86,,1,cam12/e1/v1,
corpus_03,03.CCTV Mobile Usage.mkv,632de9ed55947761d56d4c6142a3cb1a1fe69d0b1a6d0e01a2e404c697962623,rf_detr_sahi,105067.0,unknown_object,0.2862,556.06,51.0,607.0,104.77,2739.4,50.94,53.77,0.947,False,,True,unattributed,24,evt_S-61_upper_body_0018,aff1f684b5dd4187,native_source_context_fallback,no_pose_observation,2738.4,11.86,,1,cam12/e1/v1,
corpus_03,03.CCTV Mobile Usage.mkv,632de9ed55947761d56d4c6142a3cb1a1fe69d0b1a6d0e01a2e404c697962623,rf_detr_sahi,105067.0,unknown_object,0.2619,573.79,52.77,606.32,84.58,1034.6,32.53,31.8,1.023,False,,True,unattributed,24,evt_S-61_upper_body_0018,aff1f684b5dd4187,native_source_context_fallback,no_pose_observation,2738.4,11.86,,1,cam12/e1/v1,
corpus_03,03.CCTV Mobile Usage.mkv,632de9ed55947761d56d4c6142a3cb1a1fe69d0b1a6d0e01a2e404c697962623,rf_detr_sahi,105067.0,phone,0.2847,0.29,343.21,88.86,452.0,9635.4,88.57,108.79,0.814,False,,True,S-61,17,evt_S-61_upper_body_0018,b2c68097785dd540,pose_hand_context,,59267.1,2.44,,1,cam12/e1/v1,rtmpose_baseline
corpus_03,03.CCTV Mobile Usage.mkv,632de9ed55947761d56d4c6142a3cb1a1fe69d0b1a6d0e01a2e404c697962623,rf_detr_sahi,105067.0,monitor_or_bezel,0.2841,0.0,419.61,127.0,566.53,18658.5,127.0,146.92,0.864,False,,True,S-61,17,evt_S-61_upper_body_0018,b2c68097785dd540,pose_hand_context,,59267.1,2.44,,1,cam12/e1/v1,rtmpose_baseline
corpus_03,03.CCTV Mobile Usage.mkv,632de9ed55947761d56d4c6142a3cb1a1fe69d0b1a6d0e01a2e404c697962623,rf_detr_sahi,105067.0,monitor_or_bezel,0.396,815.01,7.0,843.66,44.62,1077.9,28.65,37.62,0.762,False,,True,unattributed,18,evt_S-61_upper_body_0018,c4c93bc251980e50,native_source_context_fallback,wrist_confidence_below_floor,9606.9,6.52,,1,cam12/e1/v1,rtmpose_baseline
corpus_03,03.CCTV Mobile Usage.mkv,632de9ed55947761d56d4c6142a3cb1a1fe69d0b1a6d0e01a2e404c697962623,rf_detr_sahi,105067.0,monitor_or_bezel,0.3221,831.37,83.13,914.0,104.88,1797.1,82.63,21.75,3.799,False,,True,unattributed,18,evt_S-61_upper_body_0018,c4c93bc251980e50,native_source_context_fallback,wrist_confidence_below_floor,9606.9,6.52,,1,cam12/e1/v1,rtmpose_baseline
corpus_03,03.CCTV Mobile Usage.mkv,632de9ed55947761d56d4c6142a3cb1a1fe69d0b1a6d0e01a2e404c697962623,rf_detr_sahi,105500.0,unknown_object,0.844,960.97,452.35,1056.58,479.95,2638.6,95.61,27.6,3.465,False,,True,R-desk,22,evt_S-61_desk_work_surface_0004,1a7ffb919a00e5cd,lap_bag_context,no_pose_observation,34560.0,1.33,,1,cam12/e1/v1,
corpus_03,03.CCTV Mobile Usage.mkv,632de9ed55947761d56d4c6142a3cb1a1fe69d0b1a6d0e01a2e404c697962623,rf_detr_sahi,105500.0,unknown_object,0.6917,969.68,408.0,1140.79,448.0,6844.5,171.11,40.0,4.278,False,,True,R-desk,22,evt_S-61_desk_work_surface_0004,1a7ffb919a00e5cd,lap_bag_context,no_pose_observation,34560.0,1.33,,1,cam12/e1/v1,
corpus_03,03.CCTV Mobile Usage.mkv,632de9ed55947761d56d4c6142a3cb1a1fe69d0b1a6d0e01a2e404c697962623,rf_detr_sahi,105500.0,unknown_object,0.6831,1043.09,423.53,1111.64,473.51,3426.3,68.55,49.98,1.371,False,,True,R-desk,22,evt_S-61_desk_work_surface_0004,1a7ffb919a00e5cd,lap_bag_context,no_pose_observation,34560.0,1.33,,1,cam12/e1/v1,
corpus_03,03.CCTV Mobile Usage.mkv,632de9ed55947761d56d4c6142a3cb1a1fe69d0b1a6d0e01a2e404c697962623,rf_detr_sahi,105500.0,unknown_object,0.413,864.33,413.29,892.62,438.24,705.7,28.29,24.95,1.134,False,,True,R-desk,22,evt_S-61_desk_work_surface_0004,1a7ffb919a00e5cd,lap_bag_context,no_pose_observation,34560.0,1.33,,1,cam12/e1/v1,
corpus_03,03.CCTV Mobile Usage.mkv,632de9ed55947761d56d4c6142a3cb1a1fe69d0b1a6d0e01a2e404c697962623,rf_detr_sahi,105500.0,unknown_object,0.3967,821.03,408.04,865.88,420.67,566.4,44.85,12.63,3.552,False,,True,R-desk,22,evt_S-61_desk_work_surface_0004,1a7ffb919a00e5cd,lap_bag_context,no_pose_observation,34560.0,1.33,,1,cam12/e1/v1,
corpus_03,03.CCTV Mobile Usage.mkv,632de9ed55947761d56d4c6142a3cb1a1fe69d0b1a6d0e01a2e404c697962623,rf_detr_sahi,105500.0,unknown_object,0.2921,960.11,439.0,1126.81,480.0,6834.6,166.7,41.0,4.066,False,,True,R-desk,22,evt_S-61_desk_work_surface_0004,1a7ffb919a00e5cd,lap_bag_context,no_pose_observation,34560.0,1.33,,1,cam12/e1/v1,
corpus_03,03.CCTV Mobile Usage.mkv,632de9ed55947761d56d4c6142a3cb1a1fe69d0b1a6d0e01a2e404c697962623,rf_detr_sahi,105500.0,unknown_object,0.844,960.97,452.35,1056.58,479.95,2638.6,95.61,27.6,3.465,False,,True,R-desk,21,evt_S-61_desk_work_surface_0004,1a7ffb919a00e5cd,lap_bag_context,no_pose_observation,34560.0,1.33,,1,cam12/e1/v1,
corpus_03,03.CCTV Mobile Usage.mkv,632de9ed55947761d56d4c6142a3cb1a1fe69d0b1a6d0e01a2e404c697962623,rf_detr_sahi,105500.0,unknown_object,0.6917,969.68,408.0,1140.79,448.0,6844.5,171.11,40.0,4.278,False,,True,R-desk,21,evt_S-61_desk_work_surface_0004,1a7ffb919a00e5cd,lap_bag_context,no_pose_observation,34560.0,1.33,,1,cam12/e1/v1,
corpus_03,03.CCTV Mobile Usage.mkv,632de9ed55947761d56d4c6142a3cb1a1fe69d0b1a6d0e01a2e404c697962623,rf_detr_sahi,105500.0,unknown_object,0.6831,1043.09,423.53,1111.64,473.51,3426.3,68.55,49.98,1.371,False,,True,R-desk,21,evt_S-61_desk_work_surface_0004,1a7ffb919a00e5cd,lap_bag_context,no_pose_observation,34560.0,1.33,,1,cam12/e1/v1,
corpus_03,03.CCTV Mobile Usage.mkv,632de9ed55947761d56d4c6142a3cb1a1fe69d0b1a6d0e01a2e404c697962623,rf_detr_sahi,105500.0,unknown_object,0.413,864.33,413.29,892.62,438.24,705.7,28.29,24.95,1.134,False,,True,R-desk,21,evt_S-61_desk_work_surface_0004,1a7ffb919a00e5cd,lap_bag_context,no_pose_observation,34560.0,1.33,,1,cam12/e1/v1,
corpus_03,03.CCTV Mobile Usage.mkv,632de9ed55947761d56d4c6142a3cb1a1fe69d0b1a6d0e01a2e404c697962623,rf_detr_sahi,105500.0,unknown_object,0.3967,821.03,408.04,865.88,420.67,566.4,44.85,12.63,3.552,False,,True,R-desk,21,evt_S-61_desk_work_surface_0004,1a7ffb919a00e5cd,lap_bag_context,no_pose_observation,34560.0,1.33,,1,cam12/e1/v1,
corpus_03,03.CCTV Mobile Usage.mkv,632de9ed55947761d56d4c6142a3cb1a1fe69d0b1a6d0e01a2e404c697962623,rf_detr_sahi,105500.0,unknown_object,0.2921,960.11,439.0,1126.81,480.0,6834.6,166.7,41.0,4.066,False,,True,R-desk,21,evt_S-61_desk_work_surface_0004,1a7ffb919a00e5cd,lap_bag_context,no_pose_observation,34560.0,1.33,,1,cam12/e1/v1,
corpus_03,03.CCTV Mobile Usage.mkv,632de9ed55947761d56d4c6142a3cb1a1fe69d0b1a6d0e01a2e404c697962623,rf_detr_sahi,105500.0,monitor_or_bezel,0.5069,0.0,422.13,123.0,560.79,17054.3,123.0,138.65,0.887,False,,True,S-61,17,evt_S-61_desk_work_surface_0004,6bfbb6244c115ab5,pose_hand_context,,54142.5,2.59,,1,cam12/e1/v1,rtmpose_baseline
corpus_03,03.CCTV Mobile Usage.mkv,632de9ed55947761d56d4c6142a3cb1a1fe69d0b1a6d0e01a2e404c697962623,rf_detr_sahi,105500.0,unknown_object,0.3032,95.0,449.66,214.4,561.0,13294.1,119.4,111.34,1.072,False,,True,S-61,17,evt_S-61_desk_work_surface_0004,6bfbb6244c115ab5,pose_hand_context,,54142.5,2.59,,1,cam12/e1/v1,rtmpose_baseline
corpus_03,03.CCTV Mobile Usage.mkv,632de9ed55947761d56d4c6142a3cb1a1fe69d0b1a6d0e01a2e404c697962623,rf_detr_sahi,105500.0,unknown_object,0.2966,95.08,313.0,174.1,451.82,10969.3,79.02,138.82,0.569,False,,True,S-61,17,evt_S-61_desk_work_surface_0004,6bfbb6244c115ab5,pose_hand_context,,54142.5,2.59,,1,cam12/e1/v1,rtmpose_baseline
corpus_03,03.CCTV Mobile Usage.mkv,632de9ed55947761d56d4c6142a3cb1a1fe69d0b1a6d0e01a2e404c697962623,rf_detr_sahi,105500.0,monitor_or_bezel,0.279,0.44,313.0,212.55,561.0,52602.5,212.11,248.0,0.855,False,,True,S-61,17,evt_S-61_desk_work_surface_0004,6bfbb6244c115ab5,pose_hand_context,,54142.5,2.59,,1,cam12/e1/v1,rtmpose_baseline
corpus_03,03.CCTV Mobile Usage.mkv,632de9ed55947761d56d4c6142a3cb1a1fe69d0b1a6d0e01a2e404c697962623,rf_detr_sahi,105500.0,bag,0.2547,0.44,313.0,212.55,561.0,52602.5,212.11,248.0,0.855,False,,True,S-61,17,evt_S-61_desk_work_surface_0004,6bfbb6244c115ab5,pose_hand_context,,54142.5,2.59,,1,cam12/e1/v1,rtmpose_baseline
corpus_03,03.CCTV Mobile Usage.mkv,632de9ed55947761d56d4c6142a3cb1a1fe69d0b1a6d0e01a2e404c697962623,rf_detr_sahi,105500.0,unknown_object,0.2567,858.2,49.07,912.47,97.27,2615.9,54.27,48.2,1.126,False,,True,unattributed,18,evt_S-61_desk_work_surface_0004,a1e2587a6f762e63,native_source_context_fallback,wrist_confidence_below_floor,9714.0,6.48,,1,cam12/e1/v1,rtmpose_baseline
corpus_03,03.CCTV Mobile Usage.mkv,632de9ed55947761d56d4c6142a3cb1a1fe69d0b1a6d0e01a2e404c697962623,rf_detr_sahi,105500.0,unknown_object,0.8206,541.59,0.27,608.77,92.92,6224.0,67.18,92.65,0.725,False,,True,unattributed,23,evt_S-61_desk_work_surface_0004,e7e061d063d353a8,native_source_context_fallback,no_pose_observation,6388.9,6.87,,1,cam12/e1/v1,
corpus_03,03.CCTV Mobile Usage.mkv,632de9ed55947761d56d4c6142a3cb1a1fe69d0b1a6d0e01a2e404c697962623,rf_detr_sahi,105500.0,unknown_object,0.5106,541.98,51.37,574.2,86.38,1128.0,32.22,35.01,0.92,False,,True,unattributed,23,evt_S-61_desk_work_surface_0004,e7e061d063d353a8,native_source_context_fallback,no_pose_observation,6388.9,6.87,,1,cam12/e1/v1,
corpus_03,03.CCTV Mobile Usage.mkv,632de9ed55947761d56d4c6142a3cb1a1fe69d0b1a6d0e01a2e404c697962623,rf_detr_sahi,105500.0,unknown_object,0.5026,571.07,0.08,608.9,52.0,1964.7,37.84,51.92,0.729,False,,True,unattributed,23,evt_S-61_desk_work_surface_0004,e7e061d063d353a8,native_source_context_fallback,no_pose_observation,6388.9,6.87,,1,cam12/e1/v1,
corpus_03,03.CCTV Mobile Usage.mkv,632de9ed55947761d56d4c6142a3cb1a1fe69d0b1a6d0e01a2e404c697962623,rf_detr_sahi,105500.0,unknown_object,0.2566,571.0,52.35,608.85,93.0,1538.6,37.85,40.65,0.931,False,,True,unattributed,23,evt_S-61_desk_work_surface_0004,e7e061d063d353a8,native_source_context_fallback,no_pose_observation,6388.9,6.87,,1,cam12/e1/v1,
corpus_03,03.CCTV Mobile Usage.mkv,632de9ed55947761d56d4c6142a3cb1a1fe69d0b1a6d0e01a2e404c697962623,rf_detr_sahi,106067.0,monitor_or_bezel,0.3478,815.02,8.0,843.72,44.22,1039.6,28.7,36.22,0.792,False,,True,unattributed,18,evt_S-61_upper_body_0018,031f56c00e7bc06c,native_source_context_fallback,wrist_confidence_below_floor,9410.0,6.59,,1,cam12/e1/v1,rtmpose_baseline
corpus_03,03.CCTV Mobile Usage.mkv,632de9ed55947761d56d4c6142a3cb1a1fe69d0b1a6d0e01a2e404c697962623,rf_detr_sahi,106067.0,unknown_object,0.857,960.93,452.38,1056.85,479.95,2644.5,95.92,27.57,3.479,False,,True,R-desk,21,evt_S-61_upper_body_0018,16beff7bd8032466,lap_bag_context,no_pose_observation,34560.0,1.33,,1,cam12/e1/v1,
corpus_03,03.CCTV Mobile Usage.mkv,632de9ed55947761d56d4c6142a3cb1a1fe69d0b1a6d0e01a2e404c697962623,rf_detr_sahi,106067.0,unknown_object,0.7553,969.2,408.0,1140.69,448.0,6859.8,171.5,40.0,4.287,False,,True,R-desk,21,evt_S-61_upper_body_0018,16beff7bd8032466,lap_bag_context,no_pose_observation,34560.0,1.33,,1,cam12/e1/v1,
corpus_03,03.CCTV Mobile Usage.mkv,632de9ed55947761d56d4c6142a3cb1a1fe69d0b1a6d0e01a2e404c697962623,rf_detr_sahi,106067.0,unknown_object,0.6788,1042.95,423.79,1111.74,473.12,3393.6,68.79,49.33,1.394,False,,True,R-desk,21,evt_S-61_upper_body_0018,16beff7bd8032466,lap_bag_context,no_pose_observation,34560.0,1.33,,1,cam12/e1/v1,
corpus_03,03.CCTV Mobile Usage.mkv,632de9ed55947761d56d4c6142a3cb1a1fe69d0b1a6d0e01a2e404c697962623,rf_detr_sahi,106067.0,unknown_object,0.4715,864.38,413.28,892.85,438.25,710.8,28.46,24.97,1.14,False,,True,R-desk,21,evt_S-61_upper_body_0018,16beff7bd8032466,lap_bag_context,no_pose_observation,34560.0,1.33,,1,cam12/e1/v1,
corpus_03,03.CCTV Mobile Usage.mkv,632de9ed55947761d56d4c6142a3cb1a1fe69d0b1a6d0e01a2e404c697962623,rf_detr_sahi,106067.0,unknown_object,0.4404,821.25,408.05,865.92,420.72,565.6,44.66,12.66,3.527,False,,True,R-desk,21,evt_S-61_upper_body_0018,16beff7bd8032466,lap_bag_context,no_pose_observation,34560.0,1.33,,1,cam12/e1/v1,
corpus_03,03.CCTV Mobile Usage.mkv,632de9ed55947761d56d4c6142a3cb1a1fe69d0b1a6d0e01a2e404c697962623,rf_detr_sahi,106067.0,unknown_object,0.3022,878.21,408.16,939.1,453.43,2756.3,60.89,45.27,1.345,False,,True,R-desk,21,evt_S-61_upper_body_0018,16beff7bd8032466,lap_bag_context,no_pose_observation,34560.0,1.33,,1,cam12/e1/v1,
corpus_03,03.CCTV Mobile Usage.mkv,632de9ed55947761d56d4c6142a3cb1a1fe69d0b1a6d0e01a2e404c697962623,rf_detr_sahi,106067.0,unknown_object,0.2592,959.85,439.0,1129.9,479.96,6965.2,170.05,40.96,4.152,False,,True,R-desk,21,evt_S-61_upper_body_0018,16beff7bd8032466,lap_bag_context,no_pose_observation,34560.0,1.33,,1,cam12/e1/v1,
corpus_03,03.CCTV Mobile Usage.mkv,632de9ed55947761d56d4c6142a3cb1a1fe69d0b1a6d0e01a2e404c697962623,rf_detr_sahi,106067.0,unknown_object,0.7056,542.27,51.79,574.2,86.19,1098.5,31.93,34.4,0.928,False,,True,unattributed,23,evt_S-61_upper_body_0018,8df53ea7b81cf515,native_source_context_fallback,no_pose_observation,6568.5,7.0,,1,cam12/e1/v1,
corpus_03,03.CCTV Mobile Usage.mkv,632de9ed55947761d56d4c6142a3cb1a1fe69d0b1a6d0e01a2e404c697962623,rf_detr_sahi,106067.0,unknown_object,0.5239,542.23,0.83,610.18,91.0,6127.5,67.95,90.17,0.754,False,,True,unattributed,23,evt_S-61_upper_body_0018,8df53ea7b81cf515,native_source_context_fallback,no_pose_observation,6568.5,7.0,,1,cam12/e1/v1,
corpus_03,03.CCTV Mobile Usage.mkv,632de9ed55947761d56d4c6142a3cb1a1fe69d0b1a6d0e01a2e404c697962623,rf_detr_sahi,106067.0,unknown_object,0.3489,573.95,53.26,605.48,83.89,965.5,31.52,30.63,1.029,False,,True,unattributed,23,evt_S-61_upper_body_0018,8df53ea7b81cf515,native_source_context_fallback,no_pose_observation,6568.5,7.0,,1,cam12/e1/v1,
corpus_03,03.CCTV Mobile Usage.mkv,632de9ed55947761d56d4c6142a3cb1a1fe69d0b1a6d0e01a2e404c697962623,rf_detr_sahi,106067.0,monitor_or_bezel,0.4381,0.0,424.63,124.85,563.9,17387.4,124.85,139.27,0.896,False,,True,S-61,17,evt_S-61_upper_body_0018,d4eced94fe4af9c6,pose_hand_context,,56356.4,2.53,,1,cam12/e1/v1,rtmpose_baseline
corpus_03,03.CCTV Mobile Usage.mkv,632de9ed55947761d56d4c6142a3cb1a1fe69d0b1a6d0e01a2e404c697962623,rf_detr_sahi,106067.0,unknown_object,0.2879,97.0,452.4,222.99,563.83,14039.0,125.99,111.43,1.131,False,,True,S-61,17,evt_S-61_upper_body_0018,d4eced94fe4af9c6,pose_hand_context,,56356.4,2.53,,1,cam12/e1/v1,rtmpose_baseline
corpus_03,03.CCTV Mobile Usage.mkv,632de9ed55947761d56d4c6142a3cb1a1fe69d0b1a6d0e01a2e404c697962623,rf_detr_sahi,106067.0,keyboard,0.2814,97.0,383.7,156.9,434.33,3033.0,59.9,50.63,1.183,False,,True,S-61,17,evt_S-61_upper_body_0018,d4eced94fe4af9c6,pose_hand_context,,56356.4,2.53,,1,cam12/e1/v1,rtmpose_baseline
corpus_03,03.CCTV Mobile Usage.mkv,632de9ed55947761d56d4c6142a3cb1a1fe69d0b1a6d0e01a2e404c697962623,rf_detr_sahi,106500.0,unknown_object,0.7765,541.95,51.42,574.66,86.23,1138.6,32.71,34.81,0.94,False,,True,unattributed,23,evt_S-61_desk_work_surface_0004,039120638806876b,native_source_context_fallback,no_pose_observation,6585.3,6.74,,1,cam12/e1/v1,
corpus_03,03.CCTV Mobile Usage.mkv,632de9ed55947761d56d4c6142a3cb1a1fe69d0b1a6d0e01a2e404c697962623,rf_detr_sahi,106500.0,unknown_object,0.3877,541.97,0.47,609.43,95.0,6376.9,67.46,94.53,0.714,False,,True,unattributed,23,evt_S-61_desk_work_surface_0004,039120638806876b,native_source_context_fallback,no_pose_observation,6585.3,6.74,,1,cam12/e1/v1,
corpus_03,03.CCTV Mobile Usage.mkv,632de9ed55947761d56d4c6142a3cb1a1fe69d0b1a6d0e01a2e404c697962623,rf_detr_sahi,106500.0,unknown_object,0.2512,572.0,52.3,606.15,94.97,1456.9,34.15,42.67,0.8,False,,True,unattributed,23,evt_S-61_desk_work_surface_0004,039120638806876b,native_source_context_fallback,no_pose_observation,6585.3,6.74,,1,cam12/e1/v1,
corpus_03,03.CCTV Mobile Usage.mkv,632de9ed55947761d56d4c6142a3cb1a1fe69d0b1a6d0e01a2e404c697962623,rf_detr_sahi,106500.0,unknown_object,0.8415,960.6,452.34,1059.02,479.96,2718.8,98.42,27.62,3.563,False,,True,R-desk,21,evt_S-61_desk_work_surface_0004,5328ad095fb4cb28,lap_bag_context,wrist_confidence_below_floor,34560.0,1.33,,1,cam12/e1/v1,rtmpose_baseline
corpus_03,03.CCTV Mobile Usage.mkv,632de9ed55947761d56d4c6142a3cb1a1fe69d0b1a6d0e01a2e404c697962623,rf_detr_sahi,106500.0,unknown_object,0.6985,970.05,408.0,1140.46,448.0,6815.9,170.41,40.0,4.261,False,,True,R-desk,21,evt_S-61_desk_work_surface_0004,5328ad095fb4cb28,lap_bag_context,wrist_confidence_below_floor,34560.0,1.33,,1,cam12/e1/v1,rtmpose_baseline
corpus_03,03.CCTV Mobile Usage.mkv,632de9ed55947761d56d4c6142a3cb1a1fe69d0b1a6d0e01a2e404c697962623,rf_detr_sahi,106500.0,unknown_object,0.6226,1043.36,423.75,1112.0,473.0,3381.0,68.64,49.25,1.394,False,,True,R-desk,21,evt_S-61_desk_work_surface_0004,5328ad095fb4cb28,lap_bag_context,wrist_confidence_below_floor,34560.0,1.33,,1,cam12/e1/v1,rtmpose_baseline
corpus_03,03.CCTV Mobile Usage.mkv,632de9ed55947761d56d4c6142a3cb1a1fe69d0b1a6d0e01a2e404c697962623,rf_detr_sahi,106500.0,unknown_object,0.4857,864.54,413.29,893.02,438.24,710.5,28.48,24.95,1.142,False,,True,R-desk,21,evt_S-61_desk_work_surface_0004,5328ad095fb4cb28,lap_bag_context,wrist_confidence_below_floor,34560.0,1.33,,1,cam12/e1/v1,rtmpose_baseline
corpus_03,03.CCTV Mobile Usage.mkv,632de9ed55947761d56d4c6142a3cb1a1fe69d0b1a6d0e01a2e404c697962623,rf_detr_sahi,106500.0,unknown_object,0.4499,821.28,408.05,866.0,420.73,567.2,44.73,12.68,3.527,False,,True,R-desk,21,evt_S-61_desk_work_surface_0004,5328ad095fb4cb28,lap_bag_context,wrist_confidence_below_floor,34560.0,1.33,,1,cam12/e1/v1,rtmpose_baseline
corpus_03,03.CCTV Mobile Usage.mkv,632de9ed55947761d56d4c6142a3cb1a1fe69d0b1a6d0e01a2e404c697962623,rf_detr_sahi,106500.0,unknown_object,0.2659,879.85,408.24,939.19,453.44,2682.1,59.34,45.2,1.313,False,,True,R-desk,21,evt_S-61_desk_work_surface_0004,5328ad095fb4cb28,lap_bag_context,wrist_confidence_below_floor,34560.0,1.33,,1,cam12/e1/v1,rtmpose_baseline
corpus_03,03.CCTV Mobile Usage.mkv,632de9ed55947761d56d4c6142a3cb1a1fe69d0b1a6d0e01a2e404c697962623,rf_detr_sahi,106500.0,unknown_object,0.8415,960.6,452.34,1059.02,479.96,2718.8,98.42,27.62,3.563,False,,True,R-desk,22,evt_S-61_desk_work_surface_0004,5328ad095fb4cb28,lap_bag_context,wrist_confidence_below_floor,34560.0,1.33,,1,cam12/e1/v1,rtmpose_baseline
corpus_03,03.CCTV Mobile Usage.mkv,632de9ed55947761d56d4c6142a3cb1a1fe69d0b1a6d0e01a2e404c697962623,rf_detr_sahi,106500.0,unknown_object,0.6985,970.05,408.0,1140.46,448.0,6815.9,170.41,40.0,4.261,False,,True,R-desk,22,evt_S-61_desk_work_surface_0004,5328ad095fb4cb28,lap_bag_context,wrist_confidence_below_floor,34560.0,1.33,,1,cam12/e1/v1,rtmpose_baseline
corpus_03,03.CCTV Mobile Usage.mkv,632de9ed55947761d56d4c6142a3cb1a1fe69d0b1a6d0e01a2e404c697962623,rf_detr_sahi,106500.0,unknown_object,0.6226,1043.36,423.75,1112.0,473.0,3381.0,68.64,49.25,1.394,False,,True,R-desk,22,evt_S-61_desk_work_surface_0004,5328ad095fb4cb28,lap_bag_context,wrist_confidence_below_floor,34560.0,1.33,,1,cam12/e1/v1,rtmpose_baseline
corpus_03,03.CCTV Mobile Usage.mkv,632de9ed55947761d56d4c6142a3cb1a1fe69d0b1a6d0e01a2e404c697962623,rf_detr_sahi,106500.0,unknown_object,0.4857,864.54,413.29,893.02,438.24,710.5,28.48,24.95,1.142,False,,True,R-desk,22,evt_S-61_desk_work_surface_0004,5328ad095fb4cb28,lap_bag_context,wrist_confidence_below_floor,34560.0,1.33,,1,cam12/e1/v1,rtmpose_baseline
corpus_03,03.CCTV Mobile Usage.mkv,632de9ed55947761d56d4c6142a3cb1a1fe69d0b1a6d0e01a2e404c697962623,rf_detr_sahi,106500.0,unknown_object,0.4499,821.28,408.05,866.0,420.73,567.2,44.73,12.68,3.527,False,,True,R-desk,22,evt_S-61_desk_work_surface_0004,5328ad095fb4cb28,lap_bag_context,wrist_confidence_below_floor,34560.0,1.33,,1,cam12/e1/v1,rtmpose_baseline
corpus_03,03.CCTV Mobile Usage.mkv,632de9ed55947761d56d4c6142a3cb1a1fe69d0b1a6d0e01a2e404c697962623,rf_detr_sahi,106500.0,unknown_object,0.2659,879.85,408.24,939.19,453.44,2682.1,59.34,45.2,1.313,False,,True,R-desk,22,evt_S-61_desk_work_surface_0004,5328ad095fb4cb28,lap_bag_context,wrist_confidence_below_floor,34560.0,1.33,,1,cam12/e1/v1,rtmpose_baseline
corpus_03,03.CCTV Mobile Usage.mkv,632de9ed55947761d56d4c6142a3cb1a1fe69d0b1a6d0e01a2e404c697962623,rf_detr_sahi,106500.0,monitor_or_bezel,0.5387,815.05,8.0,843.16,44.86,1036.0,28.11,36.86,0.762,False,,True,unattributed,18,evt_S-61_desk_work_surface_0004,8835fd8ef44f249c,native_source_context_fallback,wrist_confidence_below_floor,9442.0,6.57,,1,cam12/e1/v1,rtmpose_baseline
corpus_03,03.CCTV Mobile Usage.mkv,632de9ed55947761d56d4c6142a3cb1a1fe69d0b1a6d0e01a2e404c697962623,rf_detr_sahi,106500.0,unknown_object,0.3781,857.0,8.95,907.0,61.87,2646.1,50.0,52.92,0.945,False,,True,unattributed,18,evt_S-61_desk_work_surface_0004,8835fd8ef44f249c,native_source_context_fallback,wrist_confidence_below_floor,9442.0,6.57,,1,cam12/e1/v1,rtmpose_baseline
corpus_03,03.CCTV Mobile Usage.mkv,632de9ed55947761d56d4c6142a3cb1a1fe69d0b1a6d0e01a2e404c697962623,rf_detr_sahi,106500.0,monitor_or_bezel,0.7,0.09,422.3,122.0,558.68,16626.8,121.91,136.38,0.894,False,,True,S-61,17,evt_S-61_desk_work_surface_0004,e3bab5cb105d4b75,pose_hand_context,,53066.1,2.63,,1,cam12/e1/v1,rtmpose_baseline
corpus_03,03.CCTV Mobile Usage.mkv,632de9ed55947761d56d4c6142a3cb1a1fe69d0b1a6d0e01a2e404c697962623,rf_detr_sahi,106500.0,phone,0.3673,172.58,438.19,218.0,488.71,2294.7,45.42,50.52,0.899,False,,True,S-61,17,evt_S-61_desk_work_surface_0004,e3bab5cb105d4b75,pose_hand_context,,53066.1,2.63,,1,cam12/e1/v1,rtmpose_baseline
corpus_03,03.CCTV Mobile Usage.mkv,632de9ed55947761d56d4c6142a3cb1a1fe69d0b1a6d0e01a2e404c697962623,rf_detr_sahi,106500.0,bag,0.2898,0.09,422.3,122.0,558.68,16626.8,121.91,136.38,0.894,False,,True,S-61,17,evt_S-61_desk_work_surface_0004,e3bab5cb105d4b75,pose_hand_context,,53066.1,2.63,,1,cam12/e1/v1,rtmpose_baseline
corpus_03,03.CCTV Mobile Usage.mkv,632de9ed55947761d56d4c6142a3cb1a1fe69d0b1a6d0e01a2e404c697962623,rf_detr_sahi,107500.0,monitor_or_bezel,0.4205,0.0,422.0,121.0,557.82,16434.5,121.0,135.82,0.891,False,,True,S-61,17,evt_S-61_desk_work_surface_0004,061504b531fc9201,pose_hand_context,,52253.4,2.65,,1,cam12/e1/v1,rtmpose_baseline
corpus_03,03.CCTV Mobile Usage.mkv,632de9ed55947761d56d4c6142a3cb1a1fe69d0b1a6d0e01a2e404c697962623,rf_detr_sahi,107500.0,monitor_or_bezel,0.3772,0.51,316.07,207.27,558.0,50021.8,206.77,241.93,0.855,False,,True,S-61,17,evt_S-61_desk_work_surface_0004,061504b531fc9201,pose_hand_context,,52253.4,2.65,,1,cam12/e1/v1,rtmpose_baseline
corpus_03,03.CCTV Mobile Usage.mkv,632de9ed55947761d56d4c6142a3cb1a1fe69d0b1a6d0e01a2e404c697962623,rf_detr_sahi,107500.0,unknown_object,0.3231,111.97,455.23,184.57,529.83,5415.6,72.6,74.6,0.973,False,,True,S-61,17,evt_S-61_desk_work_surface_0004,061504b531fc9201,pose_hand_context,,52253.4,2.65,,1,cam12/e1/v1,rtmpose_baseline
corpus_03,03.CCTV Mobile Usage.mkv,632de9ed55947761d56d4c6142a3cb1a1fe69d0b1a6d0e01a2e404c697962623,rf_detr_sahi,107500.0,keyboard,0.3148,94.0,382.99,149.73,437.73,3050.2,55.73,54.73,1.018,False,,True,S-61,17,evt_S-61_desk_work_surface_0004,061504b531fc9201,pose_hand_context,,52253.4,2.65,,1,cam12/e1/v1,rtmpose_baseline
corpus_03,03.CCTV Mobile Usage.mkv,632de9ed55947761d56d4c6142a3cb1a1fe69d0b1a6d0e01a2e404c697962623,rf_detr_sahi,107500.0,bag,0.272,0.51,316.07,207.27,558.0,50021.8,206.77,241.93,0.855,False,,True,S-61,17,evt_S-61_desk_work_surface_0004,061504b531fc9201,pose_hand_context,,52253.4,2.65,,1,cam12/e1/v1,rtmpose_baseline
corpus_03,03.CCTV Mobile Usage.mkv,632de9ed55947761d56d4c6142a3cb1a1fe69d0b1a6d0e01a2e404c697962623,rf_detr_sahi,107500.0,unknown_object,0.2632,20.15,316.04,148.32,427.56,14294.5,128.17,111.53,1.149,False,,True,S-61,17,evt_S-61_desk_work_surface_0004,061504b531fc9201,pose_hand_context,,52253.4,2.65,,1,cam12/e1/v1,rtmpose_baseline
corpus_03,03.CCTV Mobile Usage.mkv,632de9ed55947761d56d4c6142a3cb1a1fe69d0b1a6d0e01a2e404c697962623,rf_detr_sahi,107500.0,unknown_object,0.2576,20.61,316.07,110.26,384.46,6130.6,89.65,68.38,1.311,False,,True,S-61,17,evt_S-61_desk_work_surface_0004,061504b531fc9201,pose_hand_context,,52253.4,2.65,,1,cam12/e1/v1,rtmpose_baseline
corpus_03,03.CCTV Mobile Usage.mkv,632de9ed55947761d56d4c6142a3cb1a1fe69d0b1a6d0e01a2e404c697962623,rf_detr_sahi,107500.0,phone,0.2509,161.18,438.53,185.14,474.28,856.8,23.96,35.76,0.67,False,,True,S-61,17,evt_S-61_desk_work_surface_0004,061504b531fc9201,pose_hand_context,,52253.4,2.65,,1,cam12/e1/v1,rtmpose_baseline
corpus_03,03.CCTV Mobile Usage.mkv,632de9ed55947761d56d4c6142a3cb1a1fe69d0b1a6d0e01a2e404c697962623,rf_detr_sahi,107500.0,unknown_object,0.4954,815.24,7.83,911.95,104.65,9362.8,96.71,96.81,0.999,False,,True,unattributed,18,evt_S-61_desk_work_surface_0004,0633178326796df2,native_source_context_fallback,wrist_confidence_below_floor,9535.1,6.51,,1,cam12/e1/v1,rtmpose_baseline
corpus_03,03.CCTV Mobile Usage.mkv,632de9ed55947761d56d4c6142a3cb1a1fe69d0b1a6d0e01a2e404c697962623,rf_detr_sahi,107500.0,monitor_or_bezel,0.3629,815.05,7.0,842.62,44.29,1027.8,27.57,37.29,0.739,False,,True,unattributed,18,evt_S-61_desk_work_surface_0004,0633178326796df2,native_source_context_fallback,wrist_confidence_below_floor,9535.1,6.51,,1,cam12/e1/v1,rtmpose_baseline
corpus_03,03.CCTV Mobile Usage.mkv,632de9ed55947761d56d4c6142a3cb1a1fe69d0b1a6d0e01a2e404c697962623,rf_detr_sahi,107500.0,unknown_object,0.2714,830.82,85.8,912.0,105.0,1558.5,81.18,19.2,4.229,False,,True,unattributed,18,evt_S-61_desk_work_surface_0004,0633178326796df2,native_source_context_fallback,wrist_confidence_below_floor,9535.1,6.51,,1,cam12/e1/v1,rtmpose_baseline
corpus_03,03.CCTV Mobile Usage.mkv,632de9ed55947761d56d4c6142a3cb1a1fe69d0b1a6d0e01a2e404c697962623,rf_detr_sahi,107500.0,unknown_object,0.9339,546.05,51.93,573.94,85.96,949.3,27.89,34.03,0.82,False,,True,unattributed,23,evt_S-61_desk_work_surface_0004,07dc176ad9cb3fb4,native_source_context_fallback,no_pose_observation,5535.3,7.42,,1,cam12/e1/v1,
corpus_03,03.CCTV Mobile Usage.mkv,632de9ed55947761d56d4c6142a3cb1a1fe69d0b1a6d0e01a2e404c697962623,rf_detr_sahi,107500.0,unknown_object,0.4943,546.0,1.07,609.92,86.99,5492.2,63.92,85.92,0.744,False,,True,unattributed,23,evt_S-61_desk_work_surface_0004,07dc176ad9cb3fb4,native_source_context_fallback,no_pose_observation,5535.3,7.42,,1,cam12/e1/v1,
corpus_03,03.CCTV Mobile Usage.mkv,632de9ed55947761d56d4c6142a3cb1a1fe69d0b1a6d0e01a2e404c697962623,rf_detr_sahi,107500.0,unknown_object,0.4717,574.12,38.11,609.82,86.9,1741.5,35.69,48.79,0.732,False,,True,unattributed,23,evt_S-61_desk_work_surface_0004,07dc176ad9cb3fb4,native_source_context_fallback,no_pose_observation,5535.3,7.42,,1,cam12/e1/v1,
corpus_03,03.CCTV Mobile Usage.mkv,632de9ed55947761d56d4c6142a3cb1a1fe69d0b1a6d0e01a2e404c697962623,rf_detr_sahi,107500.0,unknown_object,0.8357,960.34,452.32,1060.99,479.96,2781.7,100.65,27.64,3.641,False,,True,R-desk,21,evt_S-61_desk_work_surface_0004,bdac2b57433fb1af,lap_bag_context,wrist_confidence_below_floor,34560.0,1.33,,1,cam12/e1/v1,rtmpose_baseline
corpus_03,03.CCTV Mobile Usage.mkv,632de9ed55947761d56d4c6142a3cb1a1fe69d0b1a6d0e01a2e404c697962623,rf_detr_sahi,107500.0,unknown_object,0.718,969.61,408.0,1140.65,448.0,6841.8,171.04,40.0,4.276,False,,True,R-desk,21,evt_S-61_desk_work_surface_0004,bdac2b57433fb1af,lap_bag_context,wrist_confidence_below_floor,34560.0,1.33,,1,cam12/e1/v1,rtmpose_baseline
corpus_03,03.CCTV Mobile Usage.mkv,632de9ed55947761d56d4c6142a3cb1a1fe69d0b1a6d0e01a2e404c697962623,rf_detr_sahi,107500.0,unknown_object,0.6368,1043.47,423.62,1112.21,472.86,3384.7,68.74,49.24,1.396,False,,True,R-desk,21,evt_S-61_desk_work_surface_0004,bdac2b57433fb1af,lap_bag_context,wrist_confidence_below_floor,34560.0,1.33,,1,cam12/e1/v1,rtmpose_baseline
corpus_03,03.CCTV Mobile Usage.mkv,632de9ed55947761d56d4c6142a3cb1a1fe69d0b1a6d0e01a2e404c697962623,rf_detr_sahi,107500.0,unknown_object,0.4712,864.55,413.26,893.06,438.33,714.6,28.51,25.07,1.137,False,,True,R-desk,21,evt_S-61_desk_work_surface_0004,bdac2b57433fb1af,lap_bag_context,wrist_confidence_below_floor,34560.0,1.33,,1,cam12/e1/v1,rtmpose_baseline
corpus_03,03.CCTV Mobile Usage.mkv,632de9ed55947761d56d4c6142a3cb1a1fe69d0b1a6d0e01a2e404c697962623,rf_detr_sahi,107500.0,unknown_object,0.4422,821.25,408.04,865.99,420.81,571.0,44.73,12.76,3.504,False,,True,R-desk,21,evt_S-61_desk_work_surface_0004,bdac2b57433fb1af,lap_bag_context,wrist_confidence_below_floor,34560.0,1.33,,1,cam12/e1/v1,rtmpose_baseline
corpus_03,03.CCTV Mobile Usage.mkv,632de9ed55947761d56d4c6142a3cb1a1fe69d0b1a6d0e01a2e404c697962623,rf_detr_sahi,107500.0,unknown_object,0.2897,879.83,408.21,939.05,453.49,2681.4,59.22,45.28,1.308,False,,True,R-desk,21,evt_S-61_desk_work_surface_0004,bdac2b57433fb1af,lap_bag_context,wrist_confidence_below_floor,34560.0,1.33,,1,cam12/e1/v1,rtmpose_baseline
corpus_03,03.CCTV Mobile Usage.mkv,632de9ed55947761d56d4c6142a3cb1a1fe69d0b1a6d0e01a2e404c697962623,rf_detr_sahi,107500.0,unknown_object,0.2615,960.01,439.0,1128.85,480.0,6922.4,168.84,41.0,4.118,False,,True,R-desk,21,evt_S-61_desk_work_surface_0004,bdac2b57433fb1af,lap_bag_context,wrist_confidence_below_floor,34560.0,1.33,,1,cam12/e1/v1,rtmpose_baseline
corpus_03,03.CCTV Mobile Usage.mkv,632de9ed55947761d56d4c6142a3cb1a1fe69d0b1a6d0e01a2e404c697962623,rf_detr_sahi,107500.0,unknown_object,0.8357,960.34,452.32,1060.99,479.96,2781.7,100.65,27.64,3.641,False,,True,R-desk,22,evt_S-61_desk_work_surface_0004,bdac2b57433fb1af,lap_bag_context,wrist_confidence_below_floor,34560.0,1.33,,1,cam12/e1/v1,rtmpose_baseline
corpus_03,03.CCTV Mobile Usage.mkv,632de9ed55947761d56d4c6142a3cb1a1fe69d0b1a6d0e01a2e404c697962623,rf_detr_sahi,107500.0,unknown_object,0.718,969.61,408.0,1140.65,448.0,6841.8,171.04,40.0,4.276,False,,True,R-desk,22,evt_S-61_desk_work_surface_0004,bdac2b57433fb1af,lap_bag_context,wrist_confidence_below_floor,34560.0,1.33,,1,cam12/e1/v1,rtmpose_baseline
corpus_03,03.CCTV Mobile Usage.mkv,632de9ed55947761d56d4c6142a3cb1a1fe69d0b1a6d0e01a2e404c697962623,rf_detr_sahi,107500.0,unknown_object,0.6368,1043.47,423.62,1112.21,472.86,3384.7,68.74,49.24,1.396,False,,True,R-desk,22,evt_S-61_desk_work_surface_0004,bdac2b57433fb1af,lap_bag_context,wrist_confidence_below_floor,34560.0,1.33,,1,cam12/e1/v1,rtmpose_baseline
corpus_03,03.CCTV Mobile Usage.mkv,632de9ed55947761d56d4c6142a3cb1a1fe69d0b1a6d0e01a2e404c697962623,rf_detr_sahi,107500.0,unknown_object,0.4712,864.55,413.26,893.06,438.33,714.6,28.51,25.07,1.137,False,,True,R-desk,22,evt_S-61_desk_work_surface_0004,bdac2b57433fb1af,lap_bag_context,wrist_confidence_below_floor,34560.0,1.33,,1,cam12/e1/v1,rtmpose_baseline
corpus_03,03.CCTV Mobile Usage.mkv,632de9ed55947761d56d4c6142a3cb1a1fe69d0b1a6d0e01a2e404c697962623,rf_detr_sahi,107500.0,unknown_object,0.4422,821.25,408.04,865.99,420.81,571.0,44.73,12.76,3.504,False,,True,R-desk,22,evt_S-61_desk_work_surface_0004,bdac2b57433fb1af,lap_bag_context,wrist_confidence_below_floor,34560.0,1.33,,1,cam12/e1/v1,rtmpose_baseline
corpus_03,03.CCTV Mobile Usage.mkv,632de9ed55947761d56d4c6142a3cb1a1fe69d0b1a6d0e01a2e404c697962623,rf_detr_sahi,107500.0,unknown_object,0.2897,879.83,408.21,939.05,453.49,2681.4,59.22,45.28,1.308,False,,True,R-desk,22,evt_S-61_desk_work_surface_0004,bdac2b57433fb1af,lap_bag_context,wrist_confidence_below_floor,34560.0,1.33,,1,cam12/e1/v1,rtmpose_baseline
corpus_03,03.CCTV Mobile Usage.mkv,632de9ed55947761d56d4c6142a3cb1a1fe69d0b1a6d0e01a2e404c697962623,rf_detr_sahi,107500.0,unknown_object,0.2615,960.01,439.0,1128.85,480.0,6922.4,168.84,41.0,4.118,False,,True,R-desk,22,evt_S-61_desk_work_surface_0004,bdac2b57433fb1af,lap_bag_context,wrist_confidence_below_floor,34560.0,1.33,,1,cam12/e1/v1,rtmpose_baseline
corpus_03,03.CCTV Mobile Usage.mkv,632de9ed55947761d56d4c6142a3cb1a1fe69d0b1a6d0e01a2e404c697962623,rf_detr_sahi,112100.0,bag,0.2598,838.85,0.04,909.81,92.48,6559.5,70.96,92.43,0.768,False,,True,unattributed,26,evt_S-61_upper_body_0019,2eaedc89c6a0012a,native_source_context_fallback,no_pose_observation,7016.6,6.81,,1,cam12/e1/v1,
corpus_03,03.CCTV Mobile Usage.mkv,632de9ed55947761d56d4c6142a3cb1a1fe69d0b1a6d0e01a2e404c697962623,rf_detr_sahi,112100.0,mouse,0.443,39.96,450.55,72.26,472.98,724.7,32.3,22.44,1.44,False,,True,S-61,25,evt_S-61_upper_body_0019,c56edce7ca7440a5,pose_hand_context,,53613.8,2.6,,1,cam12/e1/v1,rtmpose_baseline
corpus_03,03.CCTV Mobile Usage.mkv,632de9ed55947761d56d4c6142a3cb1a1fe69d0b1a6d0e01a2e404c697962623,rf_detr_sahi,112100.0,monitor_or_bezel,0.277,0.07,422.45,122.0,560.52,16835.3,121.93,138.08,0.883,False,,True,S-61,25,evt_S-61_upper_body_0019,c56edce7ca7440a5,pose_hand_context,,53613.8,2.6,,1,cam12/e1/v1,rtmpose_baseline
corpus_03,03.CCTV Mobile Usage.mkv,632de9ed55947761d56d4c6142a3cb1a1fe69d0b1a6d0e01a2e404c697962623,rf_detr_sahi,113100.0,monitor_or_bezel,0.3938,0.0,342.93,190.7,555.0,40441.2,190.7,212.07,0.899,False,,True,S-61,25,evt_S-61_upper_body_0019,fc7dfd92575d2bcd,pose_hand_context,,49709.5,2.73,,1,cam12/e1/v1,rtmpose_baseline
corpus_03,03.CCTV Mobile Usage.mkv,632de9ed55947761d56d4c6142a3cb1a1fe69d0b1a6d0e01a2e404c697962623,rf_detr_sahi,113100.0,monitor_or_bezel,0.307,0.0,423.0,119.0,554.33,15627.9,119.0,131.33,0.906,False,,True,S-61,25,evt_S-61_upper_body_0019,fc7dfd92575d2bcd,pose_hand_context,,49709.5,2.73,,1,cam12/e1/v1,rtmpose_baseline
corpus_03,03.CCTV Mobile Usage.mkv,632de9ed55947761d56d4c6142a3cb1a1fe69d0b1a6d0e01a2e404c697962623,rf_detr_sahi,113100.0,unknown_object,0.3006,114.24,320.0,173.03,397.95,4583.1,58.79,77.95,0.754,False,,True,S-61,25,evt_S-61_upper_body_0019,fc7dfd92575d2bcd,pose_hand_context,,49709.5,2.73,,1,cam12/e1/v1,rtmpose_baseline
corpus_03,03.CCTV Mobile Usage.mkv,632de9ed55947761d56d4c6142a3cb1a1fe69d0b1a6d0e01a2e404c697962623,rf_detr_sahi,113100.0,unknown_object,0.2946,19.51,320.0,149.26,427.17,13905.9,129.75,107.17,1.211,False,,True,S-61,25,evt_S-61_upper_body_0019,fc7dfd92575d2bcd,pose_hand_context,,49709.5,2.73,,1,cam12/e1/v1,rtmpose_baseline
corpus_03,03.CCTV Mobile Usage.mkv,632de9ed55947761d56d4c6142a3cb1a1fe69d0b1a6d0e01a2e404c697962623,rf_detr_sahi,113100.0,unknown_object,0.2724,92.26,320.0,211.0,452.0,15674.3,118.74,132.0,0.9,False,,True,S-61,25,evt_S-61_upper_body_0019,fc7dfd92575d2bcd,pose_hand_context,,49709.5,2.73,,1,cam12/e1/v1,rtmpose_baseline
corpus_03,03.CCTV Mobile Usage.mkv,632de9ed55947761d56d4c6142a3cb1a1fe69d0b1a6d0e01a2e404c697962623,rf_detr_sahi,113100.0,unknown_object,0.2688,0.0,423.0,119.0,554.33,15627.9,119.0,131.33,0.906,False,,True,S-61,25,evt_S-61_upper_body_0019,fc7dfd92575d2bcd,pose_hand_context,,49709.5,2.73,,1,cam12/e1/v1,rtmpose_baseline
corpus_03,03.CCTV Mobile Usage.mkv,632de9ed55947761d56d4c6142a3cb1a1fe69d0b1a6d0e01a2e404c697962623,rf_detr_sahi,113100.0,mouse,0.2597,40.75,451.41,70.94,472.93,649.6,30.19,21.52,1.403,False,,True,S-61,25,evt_S-61_upper_body_0019,fc7dfd92575d2bcd,pose_hand_context,,49709.5,2.73,,1,cam12/e1/v1,rtmpose_baseline
corpus_03,03.CCTV Mobile Usage.mkv,632de9ed55947761d56d4c6142a3cb1a1fe69d0b1a6d0e01a2e404c697962623,rf_detr_sahi,114100.0,mouse,0.5553,40.53,449.48,76.28,473.88,872.1,35.75,24.39,1.465,False,,True,S-61,25,evt_S-61_upper_body_0019,c99a5c8067dd97f6,pose_hand_context,,37923.7,3.26,,1,cam12/e1/v1,rtmpose_baseline
corpus_03,03.CCTV Mobile Usage.mkv,632de9ed55947761d56d4c6142a3cb1a1fe69d0b1a6d0e01a2e404c697962623,rf_detr_sahi,114100.0,unknown_object,0.3149,112.04,454.05,180.07,522.7,4670.3,68.03,68.65,0.991,False,,True,S-61,25,evt_S-61_upper_body_0019,c99a5c8067dd97f6,pose_hand_context,,37923.7,3.26,,1,cam12/e1/v1,rtmpose_baseline
corpus_03,03.CCTV Mobile Usage.mkv,632de9ed55947761d56d4c6142a3cb1a1fe69d0b1a6d0e01a2e404c697962623,rf_detr_sahi,114100.0,unknown_object,0.2659,40.15,424.08,108.0,473.44,3349.8,67.85,49.37,1.374,False,,True,S-61,25,evt_S-61_upper_body_0019,c99a5c8067dd97f6,pose_hand_context,,37923.7,3.26,,1,cam12/e1/v1,rtmpose_baseline
corpus_03,03.CCTV Mobile Usage.mkv,632de9ed55947761d56d4c6142a3cb1a1fe69d0b1a6d0e01a2e404c697962623,rf_detr_sahi,114100.0,unknown_object,0.257,0.15,424.08,107.92,534.52,11902.1,107.77,110.44,0.976,False,,True,S-61,25,evt_S-61_upper_body_0019,c99a5c8067dd97f6,pose_hand_context,,37923.7,3.26,,1,cam12/e1/v1,rtmpose_baseline
corpus_03,03.CCTV Mobile Usage.mkv,632de9ed55947761d56d4c6142a3cb1a1fe69d0b1a6d0e01a2e404c697962623,rf_detr_sahi,114100.0,phone,0.2538,84.17,385.0,149.09,429.35,2879.0,64.92,44.34,1.464,False,,True,S-61,25,evt_S-61_upper_body_0019,c99a5c8067dd97f6,pose_hand_context,,37923.7,3.26,,1,cam12/e1/v1,rtmpose_baseline
corpus_03,03.CCTV Mobile Usage.mkv,632de9ed55947761d56d4c6142a3cb1a1fe69d0b1a6d0e01a2e404c697962623,rf_detr_sahi,115100.0,stationery,0.3071,6.14,426.81,121.0,530.73,11936.2,114.86,103.92,1.105,False,,True,S-61,25,evt_S-61_upper_body_0019,da9caebcc70585aa,pose_hand_context,,41624.2,3.14,,1,cam12/e1/v1,rtmpose_baseline
corpus_03,03.CCTV Mobile Usage.mkv,632de9ed55947761d56d4c6142a3cb1a1fe69d0b1a6d0e01a2e404c697962623,rf_detr_sahi,115100.0,unknown_object,0.301,112.96,454.32,178.46,522.37,4456.6,65.5,68.04,0.963,False,,True,S-61,25,evt_S-61_upper_body_0019,da9caebcc70585aa,pose_hand_context,,41624.2,3.14,,1,cam12/e1/v1,rtmpose_baseline
corpus_03,03.CCTV Mobile Usage.mkv,632de9ed55947761d56d4c6142a3cb1a1fe69d0b1a6d0e01a2e404c697962623,rf_detr_sahi,116900.0,bag,0.5833,7.04,250.04,108.87,356.62,10853.2,101.83,106.58,0.955,False,,True,S-61,27,evt_S-61_desk_work_surface_0005,a3458d5ce9213834,pose_hand_context,,46742.4,2.96,,1,cam12/e1/v1,rtmpose_baseline
corpus_03,03.CCTV Mobile Usage.mkv,632de9ed55947761d56d4c6142a3cb1a1fe69d0b1a6d0e01a2e404c697962623,rf_detr_sahi,117900.0,monitor_or_bezel,0.4734,116.45,496.0,311.0,691.0,37937.3,194.55,195.0,0.998,False,,True,S-61,27,evt_S-61_desk_work_surface_0005,89ee27bf194e6394,pose_hand_context,,38064.0,3.28,,1,cam12/e1/v1,rtmpose_baseline
corpus_03,03.CCTV Mobile Usage.mkv,632de9ed55947761d56d4c6142a3cb1a1fe69d0b1a6d0e01a2e404c697962623,rf_detr_sahi,118900.0,unknown_object,0.3987,152.05,459.37,371.96,679.9,48496.2,219.91,220.53,0.997,False,,True,S-61,27,evt_S-61_desk_work_surface_0005,2697210375e77d5c,pose_hand_context,,48514.5,2.91,,1,cam12/e1/v1,rtmpose_baseline
corpus_03,03.CCTV Mobile Usage.mkv,632de9ed55947761d56d4c6142a3cb1a1fe69d0b1a6d0e01a2e404c697962623,rf_detr_sahi,118900.0,monitor_or_bezel,0.3722,152.01,556.33,276.0,679.96,15329.9,123.99,123.63,1.003,False,,True,S-61,27,evt_S-61_desk_work_surface_0005,2697210375e77d5c,pose_hand_context,,48514.5,2.91,,1,cam12/e1/v1,rtmpose_baseline
corpus_03,03.CCTV Mobile Usage.mkv,632de9ed55947761d56d4c6142a3cb1a1fe69d0b1a6d0e01a2e404c697962623,rf_detr_sahi,118900.0,unknown_object,0.309,152.0,471.25,194.14,528.82,2426.0,42.14,57.57,0.732,False,,True,S-61,27,evt_S-61_desk_work_surface_0005,2697210375e77d5c,pose_hand_context,,48514.5,2.91,,1,cam12/e1/v1,rtmpose_baseline
corpus_03,03.CCTV Mobile Usage.mkv,632de9ed55947761d56d4c6142a3cb1a1fe69d0b1a6d0e01a2e404c697962623,rf_detr_sahi,119900.0,unknown_object,0.3375,166.71,444.74,203.97,488.69,1637.6,37.26,43.95,0.848,False,,True,S-61,27,evt_S-61_desk_work_surface_0005,0c194ca6c838fcb4,pose_hand_context,,52413.5,2.8,,1,cam12/e1/v1,rtmpose_baseline
corpus_03,03.CCTV Mobile Usage.mkv,632de9ed55947761d56d4c6142a3cb1a1fe69d0b1a6d0e01a2e404c697962623,rf_detr_sahi,119900.0,unknown_object,0.2901,31.22,312.0,108.89,381.81,5422.2,77.67,69.81,1.112,False,,True,S-61,27,evt_S-61_desk_work_surface_0005,0c194ca6c838fcb4,pose_hand_context,,52413.5,2.8,,1,cam12/e1/v1,rtmpose_baseline
corpus_03,03.CCTV Mobile Usage.mkv,632de9ed55947761d56d4c6142a3cb1a1fe69d0b1a6d0e01a2e404c697962623,rf_detr_sahi,119900.0,phone,0.2829,131.0,435.24,205.67,541.0,7896.8,74.67,105.76,0.706,False,,True,S-61,27,evt_S-61_desk_work_surface_0005,0c194ca6c838fcb4,pose_hand_context,,52413.5,2.8,,1,cam12/e1/v1,rtmpose_baseline
corpus_03,03.CCTV Mobile Usage.mkv,632de9ed55947761d56d4c6142a3cb1a1fe69d0b1a6d0e01a2e404c697962623,rf_detr_sahi,120900.0,unknown_object,0.3982,70.25,306.05,175.69,415.29,11517.5,105.44,109.24,0.965,False,,True,S-61,27,evt_S-61_desk_work_surface_0005,11de1f78939503ad,pose_hand_context,,53683.3,2.71,,1,cam12/e1/v1,rtmpose_baseline
corpus_03,03.CCTV Mobile Usage.mkv,632de9ed55947761d56d4c6142a3cb1a1fe69d0b1a6d0e01a2e404c697962623,rf_detr_sahi,120900.0,unknown_object,0.3015,14.18,306.0,109.86,381.79,7251.6,95.69,75.79,1.263,False,,True,S-61,27,evt_S-61_desk_work_surface_0005,11de1f78939503ad,pose_hand_context,,53683.3,2.71,,1,cam12/e1/v1,rtmpose_baseline
corpus_03,03.CCTV Mobile Usage.mkv,632de9ed55947761d56d4c6142a3cb1a1fe69d0b1a6d0e01a2e404c697962623,rf_detr_sahi,120900.0,unknown_object,0.2782,99.0,437.7,176.26,519.55,6324.3,77.26,81.85,0.944,False,,True,S-61,27,evt_S-61_desk_work_surface_0005,11de1f78939503ad,pose_hand_context,,53683.3,2.71,,1,cam12/e1/v1,rtmpose_baseline
corpus_03,03.CCTV Mobile Usage.mkv,632de9ed55947761d56d4c6142a3cb1a1fe69d0b1a6d0e01a2e404c697962623,rf_detr_sahi,121900.0,unknown_object,0.7342,93.0,436.27,179.88,507.3,6171.5,86.88,71.03,1.223,False,,True,S-61,27,evt_S-61_desk_work_surface_0005,c1251c880eb77e62,pose_hand_context,,51252.1,2.67,,1,cam12/e1/v1,rtmpose_baseline
corpus_03,03.CCTV Mobile Usage.mkv,632de9ed55947761d56d4c6142a3cb1a1fe69d0b1a6d0e01a2e404c697962623,rf_detr_sahi,121900.0,mouse,0.4864,40.02,445.39,70.12,472.6,819.1,30.11,27.21,1.107,False,,True,S-61,27,evt_S-61_desk_work_surface_0005,c1251c880eb77e62,pose_hand_context,,51252.1,2.67,,1,cam12/e1/v1,rtmpose_baseline
corpus_03,03.CCTV Mobile Usage.mkv,632de9ed55947761d56d4c6142a3cb1a1fe69d0b1a6d0e01a2e404c697962623,rf_detr_sahi,121900.0,unknown_object,0.3629,21.02,320.25,173.73,427.31,16349.7,152.71,107.06,1.426,False,,True,S-61,27,evt_S-61_desk_work_surface_0005,c1251c880eb77e62,pose_hand_context,,51252.1,2.67,,1,cam12/e1/v1,rtmpose_baseline
corpus_03,03.CCTV Mobile Usage.mkv,632de9ed55947761d56d4c6142a3cb1a1fe69d0b1a6d0e01a2e404c697962623,rf_detr_sahi,121900.0,monitor_or_bezel,0.2671,0.21,425.19,119.94,558.45,15956.1,119.73,133.26,0.898,False,,True,S-61,27,evt_S-61_desk_work_surface_0005,c1251c880eb77e62,pose_hand_context,,51252.1,2.67,,1,cam12/e1/v1,rtmpose_baseline
corpus_03,03.CCTV Mobile Usage.mkv,632de9ed55947761d56d4c6142a3cb1a1fe69d0b1a6d0e01a2e404c697962623,rf_detr_sahi,123300.0,mouse,0.555,40.71,450.69,69.28,471.95,607.2,28.57,21.25,1.344,False,,True,S-61,28,evt_S-61_desk_work_surface_0006,f267303709494a37,pose_hand_context,,50814.9,2.69,,1,cam12/e1/v1,rtmpose_baseline
corpus_03,03.CCTV Mobile Usage.mkv,632de9ed55947761d56d4c6142a3cb1a1fe69d0b1a6d0e01a2e404c697962623,rf_detr_sahi,123300.0,unknown_object,0.4145,93.0,437.34,176.98,505.95,5762.4,83.98,68.61,1.224,False,,True,S-61,28,evt_S-61_desk_work_surface_0006,f267303709494a37,pose_hand_context,,50814.9,2.69,,1,cam12/e1/v1,rtmpose_baseline
corpus_03,03.CCTV Mobile Usage.mkv,632de9ed55947761d56d4c6142a3cb1a1fe69d0b1a6d0e01a2e404c697962623,rf_detr_sahi,123300.0,phone,0.3985,181.76,433.87,201.73,466.77,657.0,19.97,32.91,0.607,False,,True,S-61,28,evt_S-61_desk_work_surface_0006,f267303709494a37,pose_hand_context,,50814.9,2.69,,1,cam12/e1/v1,rtmpose_baseline
corpus_03,03.CCTV Mobile Usage.mkv,632de9ed55947761d56d4c6142a3cb1a1fe69d0b1a6d0e01a2e404c697962623,rf_detr_sahi,123300.0,unknown_object,0.2788,19.46,323.06,150.65,430.25,14061.6,131.18,107.19,1.224,False,,True,S-61,28,evt_S-61_desk_work_surface_0006,f267303709494a37,pose_hand_context,,50814.9,2.69,,1,cam12/e1/v1,rtmpose_baseline
corpus_03,03.CCTV Mobile Usage.mkv,632de9ed55947761d56d4c6142a3cb1a1fe69d0b1a6d0e01a2e404c697962623,rf_detr_sahi,123300.0,unknown_object,0.2592,41.18,435.43,180.7,527.8,12886.7,139.51,92.37,1.51,False,,True,S-61,28,evt_S-61_desk_work_surface_0006,f267303709494a37,pose_hand_context,,50814.9,2.69,,1,cam12/e1/v1,rtmpose_baseline
corpus_03,03.CCTV Mobile Usage.mkv,632de9ed55947761d56d4c6142a3cb1a1fe69d0b1a6d0e01a2e404c697962623,rf_detr_sahi,123300.0,unknown_object,0.2538,21.87,323.0,111.12,381.2,5194.2,89.25,58.2,1.534,False,,True,S-61,28,evt_S-61_desk_work_surface_0006,f267303709494a37,pose_hand_context,,50814.9,2.69,,1,cam12/e1/v1,rtmpose_baseline
corpus_03,03.CCTV Mobile Usage.mkv,632de9ed55947761d56d4c6142a3cb1a1fe69d0b1a6d0e01a2e404c697962623,rf_detr_sahi,123867.0,phone,0.4869,177.1,433.3,204.37,467.7,938.1,27.28,34.39,0.793,False,,True,S-61,28,evt_S-61_upper_body_0021,c59b0187c26444f7,pose_hand_context,,59487.2,2.62,,1,cam12/e1/v1,rtmpose_baseline
corpus_03,03.CCTV Mobile Usage.mkv,632de9ed55947761d56d4c6142a3cb1a1fe69d0b1a6d0e01a2e404c697962623,rf_detr_sahi,123867.0,unknown_object,0.4609,98.0,436.94,177.6,511.35,5923.7,79.6,74.42,1.07,False,,True,S-61,28,evt_S-61_upper_body_0021,c59b0187c26444f7,pose_hand_context,,59487.2,2.62,,1,cam12/e1/v1,rtmpose_baseline
corpus_03,03.CCTV Mobile Usage.mkv,632de9ed55947761d56d4c6142a3cb1a1fe69d0b1a6d0e01a2e404c697962623,rf_detr_sahi,123867.0,unknown_object,0.2999,98.0,379.8,151.62,439.29,3189.6,53.62,59.48,0.901,False,,True,S-61,28,evt_S-61_upper_body_0021,c59b0187c26444f7,pose_hand_context,,59487.2,2.62,,1,cam12/e1/v1,rtmpose_baseline
corpus_03,03.CCTV Mobile Usage.mkv,632de9ed55947761d56d4c6142a3cb1a1fe69d0b1a6d0e01a2e404c697962623,rf_detr_sahi,123867.0,unknown_object,0.2807,136.38,492.76,177.87,521.24,1181.4,41.49,28.47,1.457,False,,True,S-61,28,evt_S-61_upper_body_0021,c59b0187c26444f7,pose_hand_context,,59487.2,2.62,,1,cam12/e1/v1,rtmpose_baseline
corpus_03,03.CCTV Mobile Usage.mkv,632de9ed55947761d56d4c6142a3cb1a1fe69d0b1a6d0e01a2e404c697962623,rf_detr_sahi,124300.0,unknown_object,0.8534,960.87,452.26,1056.52,479.94,2647.6,95.65,27.68,3.456,False,,True,R-desk,29,evt_S-61_desk_work_surface_0006,3f231be20d60b9e1,lap_bag_context,no_pose_observation,34560.0,1.33,,1,cam12/e1/v1,
corpus_03,03.CCTV Mobile Usage.mkv,632de9ed55947761d56d4c6142a3cb1a1fe69d0b1a6d0e01a2e404c697962623,rf_detr_sahi,124300.0,unknown_object,0.7651,1043.14,422.73,1112.23,473.31,3494.6,69.09,50.58,1.366,False,,True,R-desk,29,evt_S-61_desk_work_surface_0006,3f231be20d60b9e1,lap_bag_context,no_pose_observation,34560.0,1.33,,1,cam12/e1/v1,
corpus_03,03.CCTV Mobile Usage.mkv,632de9ed55947761d56d4c6142a3cb1a1fe69d0b1a6d0e01a2e404c697962623,rf_detr_sahi,124300.0,unknown_object,0.6159,969.12,408.0,1133.92,447.99,6589.8,164.79,39.99,4.121,False,,True,R-desk,29,evt_S-61_desk_work_surface_0006,3f231be20d60b9e1,lap_bag_context,no_pose_observation,34560.0,1.33,,1,cam12/e1/v1,
corpus_03,03.CCTV Mobile Usage.mkv,632de9ed55947761d56d4c6142a3cb1a1fe69d0b1a6d0e01a2e404c697962623,rf_detr_sahi,124300.0,unknown_object,0.4487,864.08,413.19,893.01,438.31,726.5,28.92,25.12,1.152,False,,True,R-desk,29,evt_S-61_desk_work_surface_0006,3f231be20d60b9e1,lap_bag_context,no_pose_observation,34560.0,1.33,,1,cam12/e1/v1,
corpus_03,03.CCTV Mobile Usage.mkv,632de9ed55947761d56d4c6142a3cb1a1fe69d0b1a6d0e01a2e404c697962623,rf_detr_sahi,124300.0,unknown_object,0.379,821.31,408.06,865.83,420.67,561.4,44.51,12.61,3.53,False,,True,R-desk,29,evt_S-61_desk_work_surface_0006,3f231be20d60b9e1,lap_bag_context,no_pose_observation,34560.0,1.33,,1,cam12/e1/v1,
corpus_03,03.CCTV Mobile Usage.mkv,632de9ed55947761d56d4c6142a3cb1a1fe69d0b1a6d0e01a2e404c697962623,rf_detr_sahi,124300.0,unknown_object,0.341,959.98,439.0,1129.5,480.0,6950.2,169.52,41.0,4.135,False,,True,R-desk,29,evt_S-61_desk_work_surface_0006,3f231be20d60b9e1,lap_bag_context,no_pose_observation,34560.0,1.33,,1,cam12/e1/v1,
corpus_03,03.CCTV Mobile Usage.mkv,632de9ed55947761d56d4c6142a3cb1a1fe69d0b1a6d0e01a2e404c697962623,rf_detr_sahi,124300.0,mouse,0.495,40.7,448.55,71.15,472.24,721.6,30.45,23.69,1.285,False,,True,S-61,28,evt_S-61_desk_work_surface_0006,c73f0c4608cab469,pose_hand_context,,52101.0,2.66,,1,cam12/e1/v1,rtmpose_baseline
corpus_03,03.CCTV Mobile Usage.mkv,632de9ed55947761d56d4c6142a3cb1a1fe69d0b1a6d0e01a2e404c697962623,rf_detr_sahi,124300.0,unknown_object,0.3855,94.0,436.66,179.49,506.38,5960.0,85.49,69.72,1.226,False,,True,S-61,28,evt_S-61_desk_work_surface_0006,c73f0c4608cab469,pose_hand_context,,52101.0,2.66,,1,cam12/e1/v1,rtmpose_baseline
corpus_03,03.CCTV Mobile Usage.mkv,632de9ed55947761d56d4c6142a3cb1a1fe69d0b1a6d0e01a2e404c697962623,rf_detr_sahi,124867.0,unknown_object,0.3416,109.0,436.46,182.34,524.81,6479.0,73.34,88.34,0.83,False,,True,S-61,28,evt_S-61_upper_body_0021,0fc2f4392cd3915c,pose_hand_context,,56463.3,2.69,,1,cam12/e1/v1,rtmpose_baseline
corpus_03,03.CCTV Mobile Usage.mkv,632de9ed55947761d56d4c6142a3cb1a1fe69d0b1a6d0e01a2e404c697962623,rf_detr_sahi,124867.0,monitor_or_bezel,0.2651,109.0,530.0,242.0,664.0,17822.0,133.0,134.0,0.993,False,,True,S-61,28,evt_S-61_upper_body_0021,0fc2f4392cd3915c,pose_hand_context,,56463.3,2.69,,1,cam12/e1/v1,rtmpose_baseline
corpus_03,03.CCTV Mobile Usage.mkv,632de9ed55947761d56d4c6142a3cb1a1fe69d0b1a6d0e01a2e404c697962623,rf_detr_sahi,124867.0,unknown_object,0.8534,960.87,452.26,1056.52,479.94,2647.6,95.65,27.68,3.456,False,,True,R-desk,30,evt_S-61_upper_body_0021,f36d96d43f74c80f,lap_bag_context,no_pose_observation,34560.0,1.33,,1,cam12/e1/v1,
corpus_03,03.CCTV Mobile Usage.mkv,632de9ed55947761d56d4c6142a3cb1a1fe69d0b1a6d0e01a2e404c697962623,rf_detr_sahi,124867.0,unknown_object,0.7651,1043.14,422.73,1112.23,473.31,3494.6,69.09,50.58,1.366,False,,True,R-desk,30,evt_S-61_upper_body_0021,f36d96d43f74c80f,lap_bag_context,no_pose_observation,34560.0,1.33,,1,cam12/e1/v1,
corpus_03,03.CCTV Mobile Usage.mkv,632de9ed55947761d56d4c6142a3cb1a1fe69d0b1a6d0e01a2e404c697962623,rf_detr_sahi,124867.0,unknown_object,0.6159,969.12,408.0,1133.92,447.99,6589.8,164.79,39.99,4.121,False,,True,R-desk,30,evt_S-61_upper_body_0021,f36d96d43f74c80f,lap_bag_context,no_pose_observation,34560.0,1.33,,1,cam12/e1/v1,
corpus_03,03.CCTV Mobile Usage.mkv,632de9ed55947761d56d4c6142a3cb1a1fe69d0b1a6d0e01a2e404c697962623,rf_detr_sahi,124867.0,unknown_object,0.4487,864.08,413.19,893.01,438.31,726.5,28.92,25.12,1.152,False,,True,R-desk,30,evt_S-61_upper_body_0021,f36d96d43f74c80f,lap_bag_context,no_pose_observation,34560.0,1.33,,1,cam12/e1/v1,
corpus_03,03.CCTV Mobile Usage.mkv,632de9ed55947761d56d4c6142a3cb1a1fe69d0b1a6d0e01a2e404c697962623,rf_detr_sahi,124867.0,unknown_object,0.379,821.31,408.06,865.83,420.67,561.4,44.51,12.61,3.53,False,,True,R-desk,30,evt_S-61_upper_body_0021,f36d96d43f74c80f,lap_bag_context,no_pose_observation,34560.0,1.33,,1,cam12/e1/v1,
corpus_03,03.CCTV Mobile Usage.mkv,632de9ed55947761d56d4c6142a3cb1a1fe69d0b1a6d0e01a2e404c697962623,rf_detr_sahi,124867.0,unknown_object,0.341,959.98,439.0,1129.5,480.0,6950.2,169.52,41.0,4.135,False,,True,R-desk,30,evt_S-61_upper_body_0021,f36d96d43f74c80f,lap_bag_context,no_pose_observation,34560.0,1.33,,1,cam12/e1/v1,
corpus_03,03.CCTV Mobile Usage.mkv,632de9ed55947761d56d4c6142a3cb1a1fe69d0b1a6d0e01a2e404c697962623,rf_detr_sahi,124867.0,unknown_object,0.8534,960.87,452.26,1056.52,479.94,2647.6,95.65,27.68,3.456,False,,True,R-desk,29,evt_S-61_upper_body_0021,f36d96d43f74c80f,lap_bag_context,no_pose_observation,34560.0,1.33,,1,cam12/e1/v1,
corpus_03,03.CCTV Mobile Usage.mkv,632de9ed55947761d56d4c6142a3cb1a1fe69d0b1a6d0e01a2e404c697962623,rf_detr_sahi,124867.0,unknown_object,0.7651,1043.14,422.73,1112.23,473.31,3494.6,69.09,50.58,1.366,False,,True,R-desk,29,evt_S-61_upper_body_0021,f36d96d43f74c80f,lap_bag_context,no_pose_observation,34560.0,1.33,,1,cam12/e1/v1,
corpus_03,03.CCTV Mobile Usage.mkv,632de9ed55947761d56d4c6142a3cb1a1fe69d0b1a6d0e01a2e404c697962623,rf_detr_sahi,124867.0,unknown_object,0.6159,969.12,408.0,1133.92,447.99,6589.8,164.79,39.99,4.121,False,,True,R-desk,29,evt_S-61_upper_body_0021,f36d96d43f74c80f,lap_bag_context,no_pose_observation,34560.0,1.33,,1,cam12/e1/v1,
corpus_03,03.CCTV Mobile Usage.mkv,632de9ed55947761d56d4c6142a3cb1a1fe69d0b1a6d0e01a2e404c697962623,rf_detr_sahi,124867.0,unknown_object,0.4487,864.08,413.19,893.01,438.31,726.5,28.92,25.12,1.152,False,,True,R-desk,29,evt_S-61_upper_body_0021,f36d96d43f74c80f,lap_bag_context,no_pose_observation,34560.0,1.33,,1,cam12/e1/v1,
corpus_03,03.CCTV Mobile Usage.mkv,632de9ed55947761d56d4c6142a3cb1a1fe69d0b1a6d0e01a2e404c697962623,rf_detr_sahi,124867.0,unknown_object,0.379,821.31,408.06,865.83,420.67,561.4,44.51,12.61,3.53,False,,True,R-desk,29,evt_S-61_upper_body_0021,f36d96d43f74c80f,lap_bag_context,no_pose_observation,34560.0,1.33,,1,cam12/e1/v1,
corpus_03,03.CCTV Mobile Usage.mkv,632de9ed55947761d56d4c6142a3cb1a1fe69d0b1a6d0e01a2e404c697962623,rf_detr_sahi,124867.0,unknown_object,0.341,959.98,439.0,1129.5,480.0,6950.2,169.52,41.0,4.135,False,,True,R-desk,29,evt_S-61_upper_body_0021,f36d96d43f74c80f,lap_bag_context,no_pose_observation,34560.0,1.33,,1,cam12/e1/v1,
corpus_03,03.CCTV Mobile Usage.mkv,632de9ed55947761d56d4c6142a3cb1a1fe69d0b1a6d0e01a2e404c697962623,rf_detr_sahi,125300.0,keyboard,0.2834,781.0,137.08,821.0,176.99,1596.5,40.0,39.91,1.002,False,,True,R-desk,31,evt_S-61_desk_work_surface_0006,4f5b0c1938812495,pose_hand_context,,5049.5,9.01,,1,cam12/e1/v1,rtmpose_baseline
corpus_03,03.CCTV Mobile Usage.mkv,632de9ed55947761d56d4c6142a3cb1a1fe69d0b1a6d0e01a2e404c697962623,rf_detr_sahi,125300.0,unknown_object,0.8534,960.87,452.26,1056.52,479.94,2647.6,95.65,27.68,3.456,False,,True,R-desk,30,evt_S-61_desk_work_surface_0006,56160f94226673d2,lap_bag_context,no_pose_observation,34560.0,1.33,,1,cam12/e1/v1,
corpus_03,03.CCTV Mobile Usage.mkv,632de9ed55947761d56d4c6142a3cb1a1fe69d0b1a6d0e01a2e404c697962623,rf_detr_sahi,125300.0,unknown_object,0.7651,1043.14,422.73,1112.23,473.31,3494.6,69.09,50.58,1.366,False,,True,R-desk,30,evt_S-61_desk_work_surface_0006,56160f94226673d2,lap_bag_context,no_pose_observation,34560.0,1.33,,1,cam12/e1/v1,
corpus_03,03.CCTV Mobile Usage.mkv,632de9ed55947761d56d4c6142a3cb1a1fe69d0b1a6d0e01a2e404c697962623,rf_detr_sahi,125300.0,unknown_object,0.6159,969.12,408.0,1133.92,447.99,6589.8,164.79,39.99,4.121,False,,True,R-desk,30,evt_S-61_desk_work_surface_0006,56160f94226673d2,lap_bag_context,no_pose_observation,34560.0,1.33,,1,cam12/e1/v1,
corpus_03,03.CCTV Mobile Usage.mkv,632de9ed55947761d56d4c6142a3cb1a1fe69d0b1a6d0e01a2e404c697962623,rf_detr_sahi,125300.0,unknown_object,0.4487,864.08,413.19,893.01,438.31,726.5,28.92,25.12,1.152,False,,True,R-desk,30,evt_S-61_desk_work_surface_0006,56160f94226673d2,lap_bag_context,no_pose_observation,34560.0,1.33,,1,cam12/e1/v1,
corpus_03,03.CCTV Mobile Usage.mkv,632de9ed55947761d56d4c6142a3cb1a1fe69d0b1a6d0e01a2e404c697962623,rf_detr_sahi,125300.0,unknown_object,0.379,821.31,408.06,865.83,420.67,561.4,44.51,12.61,3.53,False,,True,R-desk,30,evt_S-61_desk_work_surface_0006,56160f94226673d2,lap_bag_context,no_pose_observation,34560.0,1.33,,1,cam12/e1/v1,
corpus_03,03.CCTV Mobile Usage.mkv,632de9ed55947761d56d4c6142a3cb1a1fe69d0b1a6d0e01a2e404c697962623,rf_detr_sahi,125300.0,unknown_object,0.341,959.98,439.0,1129.5,480.0,6950.2,169.52,41.0,4.135,False,,True,R-desk,30,evt_S-61_desk_work_surface_0006,56160f94226673d2,lap_bag_context,no_pose_observation,34560.0,1.33,,1,cam12/e1/v1,
corpus_03,03.CCTV Mobile Usage.mkv,632de9ed55947761d56d4c6142a3cb1a1fe69d0b1a6d0e01a2e404c697962623,rf_detr_sahi,125300.0,unknown_object,0.8534,960.87,452.26,1056.52,479.94,2647.6,95.65,27.68,3.456,False,,True,R-desk,29,evt_S-61_desk_work_surface_0006,56160f94226673d2,lap_bag_context,no_pose_observation,34560.0,1.33,,1,cam12/e1/v1,
corpus_03,03.CCTV Mobile Usage.mkv,632de9ed55947761d56d4c6142a3cb1a1fe69d0b1a6d0e01a2e404c697962623,rf_detr_sahi,125300.0,unknown_object,0.7651,1043.14,422.73,1112.23,473.31,3494.6,69.09,50.58,1.366,False,,True,R-desk,29,evt_S-61_desk_work_surface_0006,56160f94226673d2,lap_bag_context,no_pose_observation,34560.0,1.33,,1,cam12/e1/v1,
corpus_03,03.CCTV Mobile Usage.mkv,632de9ed55947761d56d4c6142a3cb1a1fe69d0b1a6d0e01a2e404c697962623,rf_detr_sahi,125300.0,unknown_object,0.6159,969.12,408.0,1133.92,447.99,6589.8,164.79,39.99,4.121,False,,True,R-desk,29,evt_S-61_desk_work_surface_0006,56160f94226673d2,lap_bag_context,no_pose_observation,34560.0,1.33,,1,cam12/e1/v1,
corpus_03,03.CCTV Mobile Usage.mkv,632de9ed55947761d56d4c6142a3cb1a1fe69d0b1a6d0e01a2e404c697962623,rf_detr_sahi,125300.0,unknown_object,0.4487,864.08,413.19,893.01,438.31,726.5,28.92,25.12,1.152,False,,True,R-desk,29,evt_S-61_desk_work_surface_0006,56160f94226673d2,lap_bag_context,no_pose_observation,34560.0,1.33,,1,cam12/e1/v1,
corpus_03,03.CCTV Mobile Usage.mkv,632de9ed55947761d56d4c6142a3cb1a1fe69d0b1a6d0e01a2e404c697962623,rf_detr_sahi,125300.0,unknown_object,0.379,821.31,408.06,865.83,420.67,561.4,44.51,12.61,3.53,False,,True,R-desk,29,evt_S-61_desk_work_surface_0006,56160f94226673d2,lap_bag_context,no_pose_observation,34560.0,1.33,,1,cam12/e1/v1,
corpus_03,03.CCTV Mobile Usage.mkv,632de9ed55947761d56d4c6142a3cb1a1fe69d0b1a6d0e01a2e404c697962623,rf_detr_sahi,125300.0,unknown_object,0.341,959.98,439.0,1129.5,480.0,6950.2,169.52,41.0,4.135,False,,True,R-desk,29,evt_S-61_desk_work_surface_0006,56160f94226673d2,lap_bag_context,no_pose_observation,34560.0,1.33,,1,cam12/e1/v1,
corpus_03,03.CCTV Mobile Usage.mkv,632de9ed55947761d56d4c6142a3cb1a1fe69d0b1a6d0e01a2e404c697962623,rf_detr_sahi,125300.0,unknown_object,0.5876,57.97,436.68,180.0,509.81,8923.0,122.03,73.12,1.669,False,,True,S-61,28,evt_S-61_desk_work_surface_0006,a8821403c5f877ef,pose_hand_context,,45169.0,2.92,,1,cam12/e1/v1,rtmpose_baseline
corpus_03,03.CCTV Mobile Usage.mkv,632de9ed55947761d56d4c6142a3cb1a1fe69d0b1a6d0e01a2e404c697962623,rf_detr_sahi,125300.0,mouse,0.5379,40.26,446.03,70.66,471.88,785.9,30.4,25.85,1.176,False,,True,S-61,28,evt_S-61_desk_work_surface_0006,a8821403c5f877ef,pose_hand_context,,45169.0,2.92,,1,cam12/e1/v1,rtmpose_baseline
corpus_03,03.CCTV Mobile Usage.mkv,632de9ed55947761d56d4c6142a3cb1a1fe69d0b1a6d0e01a2e404c697962623,rf_detr_sahi,125300.0,unknown_object,0.4157,113.53,331.0,173.9,400.22,4177.9,60.36,69.22,0.872,False,,True,S-61,28,evt_S-61_desk_work_surface_0006,a8821403c5f877ef,pose_hand_context,,45169.0,2.92,,1,cam12/e1/v1,rtmpose_baseline
corpus_03,03.CCTV Mobile Usage.mkv,632de9ed55947761d56d4c6142a3cb1a1fe69d0b1a6d0e01a2e404c697962623,rf_detr_sahi,125867.0,unknown_object,0.8169,961.01,452.21,1057.46,479.97,2677.9,96.45,27.76,3.474,False,,True,R-desk,30,evt_S-61_upper_body_0021,068495c9888cf8db,lap_bag_context,no_pose_observation,34560.0,1.33,,1,cam12/e1/v1,
corpus_03,03.CCTV Mobile Usage.mkv,632de9ed55947761d56d4c6142a3cb1a1fe69d0b1a6d0e01a2e404c697962623,rf_detr_sahi,125867.0,unknown_object,0.5416,1042.65,423.84,1112.11,472.77,3399.0,69.46,48.93,1.42,False,,True,R-desk,30,evt_S-61_upper_body_0021,068495c9888cf8db,lap_bag_context,no_pose_observation,34560.0,1.33,,1,cam12/e1/v1,
corpus_03,03.CCTV Mobile Usage.mkv,632de9ed55947761d56d4c6142a3cb1a1fe69d0b1a6d0e01a2e404c697962623,rf_detr_sahi,125867.0,unknown_object,0.4902,969.4,408.0,1141.66,448.0,6890.4,172.26,40.0,4.306,False,,True,R-desk,30,evt_S-61_upper_body_0021,068495c9888cf8db,lap_bag_context,no_pose_observation,34560.0,1.33,,1,cam12/e1/v1,
corpus_03,03.CCTV Mobile Usage.mkv,632de9ed55947761d56d4c6142a3cb1a1fe69d0b1a6d0e01a2e404c697962623,rf_detr_sahi,125867.0,unknown_object,0.4843,822.1,408.04,865.6,420.82,556.0,43.5,12.78,3.404,False,,True,R-desk,30,evt_S-61_upper_body_0021,068495c9888cf8db,lap_bag_context,no_pose_observation,34560.0,1.33,,1,cam12/e1/v1,
corpus_03,03.CCTV Mobile Usage.mkv,632de9ed55947761d56d4c6142a3cb1a1fe69d0b1a6d0e01a2e404c697962623,rf_detr_sahi,125867.0,unknown_object,0.4483,864.42,413.34,893.07,438.28,714.7,28.66,24.94,1.149,False,,True,R-desk,30,evt_S-61_upper_body_0021,068495c9888cf8db,lap_bag_context,no_pose_observation,34560.0,1.33,,1,cam12/e1/v1,
corpus_03,03.CCTV Mobile Usage.mkv,632de9ed55947761d56d4c6142a3cb1a1fe69d0b1a6d0e01a2e404c697962623,rf_detr_sahi,125867.0,unknown_object,0.2553,980.62,408.15,1087.85,472.64,6915.2,107.23,64.49,1.663,False,,True,R-desk,30,evt_S-61_upper_body_0021,068495c9888cf8db,lap_bag_context,no_pose_observation,34560.0,1.33,,1,cam12/e1/v1,
corpus_03,03.CCTV Mobile Usage.mkv,632de9ed55947761d56d4c6142a3cb1a1fe69d0b1a6d0e01a2e404c697962623,rf_detr_sahi,125867.0,mouse,0.4881,38.94,440.92,70.47,472.31,989.3,31.52,31.38,1.005,False,,True,S-61,28,evt_S-61_upper_body_0021,ff5261592f0db36e,pose_hand_context,,28331.6,3.8,,1,cam12/e1/v1,rtmpose_baseline
corpus_03,03.CCTV Mobile Usage.mkv,632de9ed55947761d56d4c6142a3cb1a1fe69d0b1a6d0e01a2e404c697962623,rf_detr_sahi,125867.0,unknown_object,0.4499,85.0,438.3,174.92,505.56,6047.9,89.92,67.26,1.337,False,,True,S-61,28,evt_S-61_upper_body_0021,ff5261592f0db36e,pose_hand_context,,28331.6,3.8,,1,cam12/e1/v1,rtmpose_baseline
corpus_03,03.CCTV Mobile Usage.mkv,632de9ed55947761d56d4c6142a3cb1a1fe69d0b1a6d0e01a2e404c697962623,rf_detr_sahi,125867.0,unknown_object,0.3774,39.65,430.0,106.0,473.14,2862.4,66.35,43.14,1.538,False,,True,S-61,28,evt_S-61_upper_body_0021,ff5261592f0db36e,pose_hand_context,,28331.6,3.8,,1,cam12/e1/v1,rtmpose_baseline
corpus_03,03.CCTV Mobile Usage.mkv,632de9ed55947761d56d4c6142a3cb1a1fe69d0b1a6d0e01a2e404c697962623,rf_detr_sahi,126300.0,mouse,0.4911,40.94,448.61,72.73,472.65,764.6,31.8,24.04,1.323,False,,True,S-61,28,evt_S-61_desk_work_surface_0006,55b72420f494d8ab,pose_hand_context,,42862.7,3.01,,1,cam12/e1/v1,rtmpose_baseline
corpus_03,03.CCTV Mobile Usage.mkv,632de9ed55947761d56d4c6142a3cb1a1fe69d0b1a6d0e01a2e404c697962623,rf_detr_sahi,126300.0,unknown_object,0.3693,59.29,435.53,181.47,512.46,9400.1,122.19,76.93,1.588,False,,True,S-61,28,evt_S-61_desk_work_surface_0006,55b72420f494d8ab,pose_hand_context,,42862.7,3.01,,1,cam12/e1/v1,rtmpose_baseline
corpus_03,03.CCTV Mobile Usage.mkv,632de9ed55947761d56d4c6142a3cb1a1fe69d0b1a6d0e01a2e404c697962623,rf_detr_sahi,126300.0,phone,0.3349,68.46,370.85,113.0,432.74,2756.7,44.54,61.89,0.72,False,,True,S-61,28,evt_S-61_desk_work_surface_0006,55b72420f494d8ab,pose_hand_context,,42862.7,3.01,,1,cam12/e1/v1,rtmpose_baseline
corpus_03,03.CCTV Mobile Usage.mkv,632de9ed55947761d56d4c6142a3cb1a1fe69d0b1a6d0e01a2e404c697962623,rf_detr_sahi,126300.0,phone,0.2986,88.0,382.81,152.05,433.08,3219.1,64.05,50.26,1.274,False,,True,S-61,28,evt_S-61_desk_work_surface_0006,55b72420f494d8ab,pose_hand_context,,42862.7,3.01,,1,cam12/e1/v1,rtmpose_baseline
corpus_03,03.CCTV Mobile Usage.mkv,632de9ed55947761d56d4c6142a3cb1a1fe69d0b1a6d0e01a2e404c697962623,rf_detr_sahi,126300.0,unknown_object,0.2645,26.56,334.0,114.03,383.1,4294.7,87.47,49.1,1.782,False,,True,S-61,28,evt_S-61_desk_work_surface_0006,55b72420f494d8ab,pose_hand_context,,42862.7,3.01,,1,cam12/e1/v1,rtmpose_baseline
corpus_03,03.CCTV Mobile Usage.mkv,632de9ed55947761d56d4c6142a3cb1a1fe69d0b1a6d0e01a2e404c697962623,rf_detr_sahi,126867.0,mouse,0.5536,40.77,449.11,71.57,472.33,715.1,30.8,23.22,1.327,False,,True,S-61,28,evt_S-61_upper_body_0021,7e8e37e8407f1cc8,pose_hand_context,,42135.7,3.02,,1,cam12/e1/v1,rtmpose_baseline
corpus_03,03.CCTV Mobile Usage.mkv,632de9ed55947761d56d4c6142a3cb1a1fe69d0b1a6d0e01a2e404c697962623,rf_detr_sahi,126867.0,unknown_object,0.4564,51.77,434.89,182.47,515.55,10541.5,130.69,80.66,1.62,False,,True,S-61,28,evt_S-61_upper_body_0021,7e8e37e8407f1cc8,pose_hand_context,,42135.7,3.02,,1,cam12/e1/v1,rtmpose_baseline
corpus_03,03.CCTV Mobile Usage.mkv,632de9ed55947761d56d4c6142a3cb1a1fe69d0b1a6d0e01a2e404c697962623,rf_detr_sahi,126867.0,unknown_object,0.3385,87.0,335.0,171.9,402.25,5709.4,84.9,67.25,1.263,False,,True,S-61,28,evt_S-61_upper_body_0021,7e8e37e8407f1cc8,pose_hand_context,,42135.7,3.02,,1,cam12/e1/v1,rtmpose_baseline
corpus_03,03.CCTV Mobile Usage.mkv,632de9ed55947761d56d4c6142a3cb1a1fe69d0b1a6d0e01a2e404c697962623,rf_detr_sahi,126867.0,unknown_object,0.308,87.0,453.39,143.49,505.43,2939.6,56.49,52.04,1.086,False,,True,S-61,28,evt_S-61_upper_body_0021,7e8e37e8407f1cc8,pose_hand_context,,42135.7,3.02,,1,cam12/e1/v1,rtmpose_baseline
corpus_03,03.CCTV Mobile Usage.mkv,632de9ed55947761d56d4c6142a3cb1a1fe69d0b1a6d0e01a2e404c697962623,rf_detr_sahi,126867.0,unknown_object,0.2613,28.55,335.06,151.97,431.37,11885.7,123.42,96.31,1.281,False,,True,S-61,28,evt_S-61_upper_body_0021,7e8e37e8407f1cc8,pose_hand_context,,42135.7,3.02,,1,cam12/e1/v1,rtmpose_baseline
corpus_03,03.CCTV Mobile Usage.mkv,632de9ed55947761d56d4c6142a3cb1a1fe69d0b1a6d0e01a2e404c697962623,rf_detr_sahi,127300.0,unknown_object,0.5842,114.2,328.0,173.22,402.71,4409.6,59.02,74.71,0.79,False,,True,S-61,28,evt_S-61_desk_work_surface_0006,1db5cfca75146df7,pose_hand_context,,47029.7,2.83,,1,cam12/e1/v1,rtmpose_baseline
corpus_03,03.CCTV Mobile Usage.mkv,632de9ed55947761d56d4c6142a3cb1a1fe69d0b1a6d0e01a2e404c697962623,rf_detr_sahi,127300.0,monitor_or_bezel,0.4387,0.12,339.65,195.59,554.0,41899.4,195.47,214.35,0.912,False,,True,S-61,28,evt_S-61_desk_work_surface_0006,1db5cfca75146df7,pose_hand_context,,47029.7,2.83,,1,cam12/e1/v1,rtmpose_baseline
corpus_03,03.CCTV Mobile Usage.mkv,632de9ed55947761d56d4c6142a3cb1a1fe69d0b1a6d0e01a2e404c697962623,rf_detr_sahi,127300.0,unknown_object,0.4214,53.25,434.94,183.15,513.11,10154.6,129.9,78.17,1.662,False,,True,S-61,28,evt_S-61_desk_work_surface_0006,1db5cfca75146df7,pose_hand_context,,47029.7,2.83,,1,cam12/e1/v1,rtmpose_baseline
corpus_03,03.CCTV Mobile Usage.mkv,632de9ed55947761d56d4c6142a3cb1a1fe69d0b1a6d0e01a2e404c697962623,rf_detr_sahi,127300.0,mouse,0.4051,41.57,449.56,71.22,473.97,723.7,29.64,24.41,1.214,False,,True,S-61,28,evt_S-61_desk_work_surface_0006,1db5cfca75146df7,pose_hand_context,,47029.7,2.83,,1,cam12/e1/v1,rtmpose_baseline
corpus_03,03.CCTV Mobile Usage.mkv,632de9ed55947761d56d4c6142a3cb1a1fe69d0b1a6d0e01a2e404c697962623,rf_detr_sahi,127300.0,unknown_object,0.3531,21.03,328.12,152.73,430.33,13461.7,131.7,102.22,1.288,False,,True,S-61,28,evt_S-61_desk_work_surface_0006,1db5cfca75146df7,pose_hand_context,,47029.7,2.83,,1,cam12/e1/v1,rtmpose_baseline
corpus_03,03.CCTV Mobile Usage.mkv,632de9ed55947761d56d4c6142a3cb1a1fe69d0b1a6d0e01a2e404c697962623,rf_detr_sahi,127300.0,phone,0.2798,70.48,374.01,116.0,432.06,2642.7,45.52,58.05,0.784,False,,True,S-61,28,evt_S-61_desk_work_surface_0006,1db5cfca75146df7,pose_hand_context,,47029.7,2.83,,1,cam12/e1/v1,rtmpose_baseline
corpus_03,03.CCTV Mobile Usage.mkv,632de9ed55947761d56d4c6142a3cb1a1fe69d0b1a6d0e01a2e404c697962623,rf_detr_sahi,127300.0,unknown_object,0.2576,21.81,328.0,110.31,379.14,4525.8,88.51,51.14,1.731,False,,True,S-61,28,evt_S-61_desk_work_surface_0006,1db5cfca75146df7,pose_hand_context,,47029.7,2.83,,1,cam12/e1/v1,rtmpose_baseline
corpus_03,03.CCTV Mobile Usage.mkv,632de9ed55947761d56d4c6142a3cb1a1fe69d0b1a6d0e01a2e404c697962623,rf_detr_sahi,127300.0,unknown_object,0.8089,960.91,452.25,1058.69,479.95,2709.0,97.77,27.71,3.529,False,,True,R-desk,32,evt_S-61_desk_work_surface_0006,8a7953295bd2532a,lap_bag_context,no_pose_observation,34560.0,1.33,,1,cam12/e1/v1,
corpus_03,03.CCTV Mobile Usage.mkv,632de9ed55947761d56d4c6142a3cb1a1fe69d0b1a6d0e01a2e404c697962623,rf_detr_sahi,127300.0,unknown_object,0.4991,1042.6,423.74,1112.29,472.68,3410.4,69.69,48.94,1.424,False,,True,R-desk,32,evt_S-61_desk_work_surface_0006,8a7953295bd2532a,lap_bag_context,no_pose_observation,34560.0,1.33,,1,cam12/e1/v1,
corpus_03,03.CCTV Mobile Usage.mkv,632de9ed55947761d56d4c6142a3cb1a1fe69d0b1a6d0e01a2e404c697962623,rf_detr_sahi,127300.0,unknown_object,0.4208,822.01,408.06,865.33,420.83,553.3,43.32,12.77,3.391,False,,True,R-desk,32,evt_S-61_desk_work_surface_0006,8a7953295bd2532a,lap_bag_context,no_pose_observation,34560.0,1.33,,1,cam12/e1/v1,
corpus_03,03.CCTV Mobile Usage.mkv,632de9ed55947761d56d4c6142a3cb1a1fe69d0b1a6d0e01a2e404c697962623,rf_detr_sahi,127300.0,unknown_object,0.4007,864.4,413.35,892.91,438.42,714.6,28.51,25.07,1.137,False,,True,R-desk,32,evt_S-61_desk_work_surface_0006,8a7953295bd2532a,lap_bag_context,no_pose_observation,34560.0,1.33,,1,cam12/e1/v1,
corpus_03,03.CCTV Mobile Usage.mkv,632de9ed55947761d56d4c6142a3cb1a1fe69d0b1a6d0e01a2e404c697962623,rf_detr_sahi,127300.0,unknown_object,0.3417,971.67,408.0,1139.83,448.0,6726.5,168.16,40.0,4.204,False,,True,R-desk,32,evt_S-61_desk_work_surface_0006,8a7953295bd2532a,lap_bag_context,no_pose_observation,34560.0,1.33,,1,cam12/e1/v1,
corpus_03,03.CCTV Mobile Usage.mkv,632de9ed55947761d56d4c6142a3cb1a1fe69d0b1a6d0e01a2e404c697962623,rf_detr_sahi,131867.0,unknown_object,0.8429,961.12,452.36,1052.71,479.94,2526.5,91.59,27.59,3.32,False,,True,R-desk,36,evt_S-61_upper_body_0022,38cbde6a80224cf5,lap_bag_context,no_pose_observation,34560.0,1.33,,1,cam12/e1/v1,
corpus_03,03.CCTV Mobile Usage.mkv,632de9ed55947761d56d4c6142a3cb1a1fe69d0b1a6d0e01a2e404c697962623,rf_detr_sahi,131867.0,unknown_object,0.7171,971.66,408.0,1140.97,448.0,6772.8,169.32,40.0,4.233,False,,True,R-desk,36,evt_S-61_upper_body_0022,38cbde6a80224cf5,lap_bag_context,no_pose_observation,34560.0,1.33,,1,cam12/e1/v1,
corpus_03,03.CCTV Mobile Usage.mkv,632de9ed55947761d56d4c6142a3cb1a1fe69d0b1a6d0e01a2e404c697962623,rf_detr_sahi,131867.0,unknown_object,0.5318,1042.9,423.57,1112.95,473.19,3475.8,70.06,49.61,1.412,False,,True,R-desk,36,evt_S-61_upper_body_0022,38cbde6a80224cf5,lap_bag_context,no_pose_observation,34560.0,1.33,,1,cam12/e1/v1,
corpus_03,03.CCTV Mobile Usage.mkv,632de9ed55947761d56d4c6142a3cb1a1fe69d0b1a6d0e01a2e404c697962623,rf_detr_sahi,131867.0,unknown_object,0.3256,864.22,413.18,893.01,438.36,725.1,28.79,25.18,1.143,False,,True,R-desk,36,evt_S-61_upper_body_0022,38cbde6a80224cf5,lap_bag_context,no_pose_observation,34560.0,1.33,,1,cam12/e1/v1,
corpus_03,03.CCTV Mobile Usage.mkv,632de9ed55947761d56d4c6142a3cb1a1fe69d0b1a6d0e01a2e404c697962623,rf_detr_sahi,131867.0,unknown_object,0.2752,821.77,408.07,866.0,420.58,553.1,44.23,12.5,3.537,False,,True,R-desk,36,evt_S-61_upper_body_0022,38cbde6a80224cf5,lap_bag_context,no_pose_observation,34560.0,1.33,,1,cam12/e1/v1,
corpus_03,03.CCTV Mobile Usage.mkv,632de9ed55947761d56d4c6142a3cb1a1fe69d0b1a6d0e01a2e404c697962623,rf_detr_sahi,131867.0,unknown_object,0.8429,961.12,452.36,1052.71,479.94,2526.5,91.59,27.59,3.32,False,,True,R-desk,35,evt_S-61_upper_body_0022,38cbde6a80224cf5,lap_bag_context,no_pose_observation,34560.0,1.33,,1,cam12/e1/v1,
corpus_03,03.CCTV Mobile Usage.mkv,632de9ed55947761d56d4c6142a3cb1a1fe69d0b1a6d0e01a2e404c697962623,rf_detr_sahi,131867.0,unknown_object,0.7171,971.66,408.0,1140.97,448.0,6772.8,169.32,40.0,4.233,False,,True,R-desk,35,evt_S-61_upper_body_0022,38cbde6a80224cf5,lap_bag_context,no_pose_observation,34560.0,1.33,,1,cam12/e1/v1,
corpus_03,03.CCTV Mobile Usage.mkv,632de9ed55947761d56d4c6142a3cb1a1fe69d0b1a6d0e01a2e404c697962623,rf_detr_sahi,131867.0,unknown_object,0.5318,1042.9,423.57,1112.95,473.19,3475.8,70.06,49.61,1.412,False,,True,R-desk,35,evt_S-61_upper_body_0022,38cbde6a80224cf5,lap_bag_context,no_pose_observation,34560.0,1.33,,1,cam12/e1/v1,
corpus_03,03.CCTV Mobile Usage.mkv,632de9ed55947761d56d4c6142a3cb1a1fe69d0b1a6d0e01a2e404c697962623,rf_detr_sahi,131867.0,unknown_object,0.3256,864.22,413.18,893.01,438.36,725.1,28.79,25.18,1.143,False,,True,R-desk,35,evt_S-61_upper_body_0022,38cbde6a80224cf5,lap_bag_context,no_pose_observation,34560.0,1.33,,1,cam12/e1/v1,
corpus_03,03.CCTV Mobile Usage.mkv,632de9ed55947761d56d4c6142a3cb1a1fe69d0b1a6d0e01a2e404c697962623,rf_detr_sahi,131867.0,unknown_object,0.2752,821.77,408.07,866.0,420.58,553.1,44.23,12.5,3.537,False,,True,R-desk,35,evt_S-61_upper_body_0022,38cbde6a80224cf5,lap_bag_context,no_pose_observation,34560.0,1.33,,1,cam12/e1/v1,
corpus_03,03.CCTV Mobile Usage.mkv,632de9ed55947761d56d4c6142a3cb1a1fe69d0b1a6d0e01a2e404c697962623,rf_detr_sahi,131867.0,unknown_object,0.7556,865.92,1.38,968.13,109.1,11010.5,102.21,107.72,0.949,False,,True,unattributed,34,evt_S-61_upper_body_0022,906acfc70bd7ec82,native_source_context_fallback,wrist_confidence_below_floor,11895.6,5.82,,1,cam12/e1/v1,rtmpose_baseline
corpus_03,03.CCTV Mobile Usage.mkv,632de9ed55947761d56d4c6142a3cb1a1fe69d0b1a6d0e01a2e404c697962623,rf_detr_sahi,131867.0,unknown_object,0.4102,911.06,49.0,960.17,110.33,3011.9,49.11,61.33,0.801,False,,True,unattributed,34,evt_S-61_upper_body_0022,906acfc70bd7ec82,native_source_context_fallback,wrist_confidence_below_floor,11895.6,5.82,,1,cam12/e1/v1,rtmpose_baseline
corpus_03,03.CCTV Mobile Usage.mkv,632de9ed55947761d56d4c6142a3cb1a1fe69d0b1a6d0e01a2e404c697962623,rf_detr_sahi,131867.0,unknown_object,0.3935,115.0,436.75,178.97,524.04,5584.0,63.97,87.29,0.733,False,,True,S-61,33,evt_S-61_upper_body_0022,fc2e3874fd08bc57,pose_hand_context,,65577.0,2.5,,1,cam12/e1/v1,rtmpose_baseline
corpus_03,03.CCTV Mobile Usage.mkv,632de9ed55947761d56d4c6142a3cb1a1fe69d0b1a6d0e01a2e404c697962623,rf_detr_sahi,131867.0,unknown_object,0.3384,227.0,385.1,371.0,528.58,20660.7,144.0,143.48,1.004,False,,True,S-61,33,evt_S-61_upper_body_0022,fc2e3874fd08bc57,pose_hand_context,,65577.0,2.5,,1,cam12/e1/v1,rtmpose_baseline
corpus_03,03.CCTV Mobile Usage.mkv,632de9ed55947761d56d4c6142a3cb1a1fe69d0b1a6d0e01a2e404c697962623,rf_detr_sahi,131867.0,bag,0.3051,115.07,385.0,176.59,451.77,4107.9,61.52,66.77,0.921,False,,True,S-61,33,evt_S-61_upper_body_0022,fc2e3874fd08bc57,pose_hand_context,,65577.0,2.5,,1,cam12/e1/v1,rtmpose_baseline
corpus_03,03.CCTV Mobile Usage.mkv,632de9ed55947761d56d4c6142a3cb1a1fe69d0b1a6d0e01a2e404c697962623,rf_detr_sahi,131867.0,monitor_or_bezel,0.2739,115.12,497.0,257.26,641.0,20468.4,142.14,144.0,0.987,False,,True,S-61,33,evt_S-61_upper_body_0022,fc2e3874fd08bc57,pose_hand_context,,65577.0,2.5,,1,cam12/e1/v1,rtmpose_baseline
corpus_03,03.CCTV Mobile Usage.mkv,632de9ed55947761d56d4c6142a3cb1a1fe69d0b1a6d0e01a2e404c697962623,rf_detr_sahi,131867.0,unknown_object,0.2594,115.12,497.0,257.26,641.0,20468.4,142.14,144.0,0.987,False,,True,S-61,33,evt_S-61_upper_body_0022,fc2e3874fd08bc57,pose_hand_context,,65577.0,2.5,,1,cam12/e1/v1,rtmpose_baseline
corpus_03,03.CCTV Mobile Usage.mkv,632de9ed55947761d56d4c6142a3cb1a1fe69d0b1a6d0e01a2e404c697962623,rf_detr_sahi,132867.0,unknown_object,0.7475,960.61,452.37,1055.61,479.98,2622.5,95.0,27.61,3.441,False,,True,R-desk,37,evt_S-61_upper_body_0022,7b62738820a09667,lap_bag_context,no_pose_observation,34560.0,1.33,,1,cam12/e1/v1,
corpus_03,03.CCTV Mobile Usage.mkv,632de9ed55947761d56d4c6142a3cb1a1fe69d0b1a6d0e01a2e404c697962623,rf_detr_sahi,132867.0,unknown_object,0.4278,971.01,408.0,1140.98,448.0,6798.6,169.96,40.0,4.249,False,,True,R-desk,37,evt_S-61_upper_body_0022,7b62738820a09667,lap_bag_context,no_pose_observation,34560.0,1.33,,1,cam12/e1/v1,
corpus_03,03.CCTV Mobile Usage.mkv,632de9ed55947761d56d4c6142a3cb1a1fe69d0b1a6d0e01a2e404c697962623,rf_detr_sahi,132867.0,unknown_object,0.4234,864.54,413.34,893.29,438.29,717.5,28.75,24.96,1.152,False,,True,R-desk,37,evt_S-61_upper_body_0022,7b62738820a09667,lap_bag_context,no_pose_observation,34560.0,1.33,,1,cam12/e1/v1,
corpus_03,03.CCTV Mobile Usage.mkv,632de9ed55947761d56d4c6142a3cb1a1fe69d0b1a6d0e01a2e404c697962623,rf_detr_sahi,132867.0,unknown_object,0.402,822.43,408.04,865.39,420.8,548.0,42.95,12.76,3.367,False,,True,R-desk,37,evt_S-61_upper_body_0022,7b62738820a09667,lap_bag_context,no_pose_observation,34560.0,1.33,,1,cam12/e1/v1,
corpus_03,03.CCTV Mobile Usage.mkv,632de9ed55947761d56d4c6142a3cb1a1fe69d0b1a6d0e01a2e404c697962623,rf_detr_sahi,132867.0,unknown_object,0.3619,1043.22,425.25,1111.82,473.45,3307.1,68.6,48.21,1.423,False,,True,R-desk,37,evt_S-61_upper_body_0022,7b62738820a09667,lap_bag_context,no_pose_observation,34560.0,1.33,,1,cam12/e1/v1,
corpus_03,03.CCTV Mobile Usage.mkv,632de9ed55947761d56d4c6142a3cb1a1fe69d0b1a6d0e01a2e404c697962623,rf_detr_sahi,132867.0,unknown_object,0.2832,960.34,439.0,1129.86,479.99,6948.8,169.51,40.99,4.135,False,,True,R-desk,37,evt_S-61_upper_body_0022,7b62738820a09667,lap_bag_context,no_pose_observation,34560.0,1.33,,1,cam12/e1/v1,
corpus_03,03.CCTV Mobile Usage.mkv,632de9ed55947761d56d4c6142a3cb1a1fe69d0b1a6d0e01a2e404c697962623,rf_detr_sahi,132867.0,unknown_object,0.7475,960.61,452.37,1055.61,479.98,2622.5,95.0,27.61,3.441,False,,True,R-desk,36,evt_S-61_upper_body_0022,7b62738820a09667,lap_bag_context,no_pose_observation,34560.0,1.33,,1,cam12/e1/v1,
corpus_03,03.CCTV Mobile Usage.mkv,632de9ed55947761d56d4c6142a3cb1a1fe69d0b1a6d0e01a2e404c697962623,rf_detr_sahi,132867.0,unknown_object,0.4278,971.01,408.0,1140.98,448.0,6798.6,169.96,40.0,4.249,False,,True,R-desk,36,evt_S-61_upper_body_0022,7b62738820a09667,lap_bag_context,no_pose_observation,34560.0,1.33,,1,cam12/e1/v1,
corpus_03,03.CCTV Mobile Usage.mkv,632de9ed55947761d56d4c6142a3cb1a1fe69d0b1a6d0e01a2e404c697962623,rf_detr_sahi,132867.0,unknown_object,0.4234,864.54,413.34,893.29,438.29,717.5,28.75,24.96,1.152,False,,True,R-desk,36,evt_S-61_upper_body_0022,7b62738820a09667,lap_bag_context,no_pose_observation,34560.0,1.33,,1,cam12/e1/v1,
corpus_03,03.CCTV Mobile Usage.mkv,632de9ed55947761d56d4c6142a3cb1a1fe69d0b1a6d0e01a2e404c697962623,rf_detr_sahi,132867.0,unknown_object,0.402,822.43,408.04,865.39,420.8,548.0,42.95,12.76,3.367,False,,True,R-desk,36,evt_S-61_upper_body_0022,7b62738820a09667,lap_bag_context,no_pose_observation,34560.0,1.33,,1,cam12/e1/v1,
corpus_03,03.CCTV Mobile Usage.mkv,632de9ed55947761d56d4c6142a3cb1a1fe69d0b1a6d0e01a2e404c697962623,rf_detr_sahi,132867.0,unknown_object,0.3619,1043.22,425.25,1111.82,473.45,3307.1,68.6,48.21,1.423,False,,True,R-desk,36,evt_S-61_upper_body_0022,7b62738820a09667,lap_bag_context,no_pose_observation,34560.0,1.33,,1,cam12/e1/v1,
corpus_03,03.CCTV Mobile Usage.mkv,632de9ed55947761d56d4c6142a3cb1a1fe69d0b1a6d0e01a2e404c697962623,rf_detr_sahi,132867.0,unknown_object,0.2832,960.34,439.0,1129.86,479.99,6948.8,169.51,40.99,4.135,False,,True,R-desk,36,evt_S-61_upper_body_0022,7b62738820a09667,lap_bag_context,no_pose_observation,34560.0,1.33,,1,cam12/e1/v1,
corpus_03,03.CCTV Mobile Usage.mkv,632de9ed55947761d56d4c6142a3cb1a1fe69d0b1a6d0e01a2e404c697962623,rf_detr_sahi,132867.0,monitor_or_bezel,0.2796,147.9,512.0,280.0,644.79,17541.6,132.1,132.79,0.995,False,,True,S-61,33,evt_S-61_upper_body_0022,8cf2bbf89c894fa5,pose_hand_context,,56188.0,2.7,,1,cam12/e1/v1,rtmpose_baseline
corpus_03,03.CCTV Mobile Usage.mkv,632de9ed55947761d56d4c6142a3cb1a1fe69d0b1a6d0e01a2e404c697962623,rf_detr_sahi,133867.0,unknown_object,0.2903,220.07,557.34,331.89,635.0,8684.4,111.82,77.66,1.44,False,,True,S-61,33,evt_S-61_upper_body_0022,3a65d52bb31ff068,pose_hand_context,,39537.3,3.22,,1,cam12/e1/v1,rtmpose_baseline
corpus_03,03.CCTV Mobile Usage.mkv,632de9ed55947761d56d4c6142a3cb1a1fe69d0b1a6d0e01a2e404c697962623,rf_detr_sahi,133867.0,unknown_object,0.7359,960.63,452.35,1055.18,479.97,2611.4,94.55,27.62,3.423,False,,True,R-desk,38,evt_S-61_upper_body_0022,f1a8113867df619c,lap_bag_context,no_pose_observation,34560.0,1.33,,1,cam12/e1/v1,
corpus_03,03.CCTV Mobile Usage.mkv,632de9ed55947761d56d4c6142a3cb1a1fe69d0b1a6d0e01a2e404c697962623,rf_detr_sahi,133867.0,unknown_object,0.4364,970.79,408.0,1140.57,448.0,6791.2,169.78,40.0,4.245,False,,True,R-desk,38,evt_S-61_upper_body_0022,f1a8113867df619c,lap_bag_context,no_pose_observation,34560.0,1.33,,1,cam12/e1/v1,
corpus_03,03.CCTV Mobile Usage.mkv,632de9ed55947761d56d4c6142a3cb1a1fe69d0b1a6d0e01a2e404c697962623,rf_detr_sahi,133867.0,unknown_object,0.4145,864.52,413.35,893.29,438.28,717.5,28.77,24.94,1.154,False,,True,R-desk,38,evt_S-61_upper_body_0022,f1a8113867df619c,lap_bag_context,no_pose_observation,34560.0,1.33,,1,cam12/e1/v1,
corpus_03,03.CCTV Mobile Usage.mkv,632de9ed55947761d56d4c6142a3cb1a1fe69d0b1a6d0e01a2e404c697962623,rf_detr_sahi,133867.0,unknown_object,0.4046,1042.5,423.89,1111.99,473.05,3415.6,69.49,49.15,1.414,False,,True,R-desk,38,evt_S-61_upper_body_0022,f1a8113867df619c,lap_bag_context,no_pose_observation,34560.0,1.33,,1,cam12/e1/v1,
corpus_03,03.CCTV Mobile Usage.mkv,632de9ed55947761d56d4c6142a3cb1a1fe69d0b1a6d0e01a2e404c697962623,rf_detr_sahi,133867.0,unknown_object,0.3899,822.33,408.04,865.43,420.8,549.9,43.1,12.76,3.379,False,,True,R-desk,38,evt_S-61_upper_body_0022,f1a8113867df619c,lap_bag_context,no_pose_observation,34560.0,1.33,,1,cam12/e1/v1,
corpus_03,03.CCTV Mobile Usage.mkv,632de9ed55947761d56d4c6142a3cb1a1fe69d0b1a6d0e01a2e404c697962623,rf_detr_sahi,133867.0,unknown_object,0.3154,959.82,439.0,1130.18,479.94,6974.6,170.36,40.94,4.161,False,,True,R-desk,38,evt_S-61_upper_body_0022,f1a8113867df619c,lap_bag_context,no_pose_observation,34560.0,1.33,,1,cam12/e1/v1,
corpus_03,03.CCTV Mobile Usage.mkv,632de9ed55947761d56d4c6142a3cb1a1fe69d0b1a6d0e01a2e404c697962623,rf_detr_sahi,133867.0,unknown_object,0.7359,960.63,452.35,1055.18,479.97,2611.4,94.55,27.62,3.423,False,,True,R-desk,36,evt_S-61_upper_body_0022,f1a8113867df619c,lap_bag_context,no_pose_observation,34560.0,1.33,,1,cam12/e1/v1,
corpus_03,03.CCTV Mobile Usage.mkv,632de9ed55947761d56d4c6142a3cb1a1fe69d0b1a6d0e01a2e404c697962623,rf_detr_sahi,133867.0,unknown_object,0.4364,970.79,408.0,1140.57,448.0,6791.2,169.78,40.0,4.245,False,,True,R-desk,36,evt_S-61_upper_body_0022,f1a8113867df619c,lap_bag_context,no_pose_observation,34560.0,1.33,,1,cam12/e1/v1,
corpus_03,03.CCTV Mobile Usage.mkv,632de9ed55947761d56d4c6142a3cb1a1fe69d0b1a6d0e01a2e404c697962623,rf_detr_sahi,133867.0,unknown_object,0.4145,864.52,413.35,893.29,438.28,717.5,28.77,24.94,1.154,False,,True,R-desk,36,evt_S-61_upper_body_0022,f1a8113867df619c,lap_bag_context,no_pose_observation,34560.0,1.33,,1,cam12/e1/v1,
corpus_03,03.CCTV Mobile Usage.mkv,632de9ed55947761d56d4c6142a3cb1a1fe69d0b1a6d0e01a2e404c697962623,rf_detr_sahi,133867.0,unknown_object,0.4046,1042.5,423.89,1111.99,473.05,3415.6,69.49,49.15,1.414,False,,True,R-desk,36,evt_S-61_upper_body_0022,f1a8113867df619c,lap_bag_context,no_pose_observation,34560.0,1.33,,1,cam12/e1/v1,
corpus_03,03.CCTV Mobile Usage.mkv,632de9ed55947761d56d4c6142a3cb1a1fe69d0b1a6d0e01a2e404c697962623,rf_detr_sahi,133867.0,unknown_object,0.3899,822.33,408.04,865.43,420.8,549.9,43.1,12.76,3.379,False,,True,R-desk,36,evt_S-61_upper_body_0022,f1a8113867df619c,lap_bag_context,no_pose_observation,34560.0,1.33,,1,cam12/e1/v1,
corpus_03,03.CCTV Mobile Usage.mkv,632de9ed55947761d56d4c6142a3cb1a1fe69d0b1a6d0e01a2e404c697962623,rf_detr_sahi,133867.0,unknown_object,0.3154,959.82,439.0,1130.18,479.94,6974.6,170.36,40.94,4.161,False,,True,R-desk,36,evt_S-61_upper_body_0022,f1a8113867df619c,lap_bag_context,no_pose_observation,34560.0,1.33,,1,cam12/e1/v1,
corpus_03,03.CCTV Mobile Usage.mkv,632de9ed55947761d56d4c6142a3cb1a1fe69d0b1a6d0e01a2e404c697962623,rf_detr_sahi,134867.0,unknown_object,0.7089,960.78,452.37,1053.71,479.97,2564.2,92.93,27.59,3.368,False,,True,R-desk,36,evt_S-61_upper_body_0022,0e31788d13d3d0fd,lap_bag_context,no_pose_observation,34560.0,1.33,,1,cam12/e1/v1,
corpus_03,03.CCTV Mobile Usage.mkv,632de9ed55947761d56d4c6142a3cb1a1fe69d0b1a6d0e01a2e404c697962623,rf_detr_sahi,134867.0,unknown_object,0.5453,969.78,408.01,1141.7,448.0,6874.5,171.93,39.99,4.3,False,,True,R-desk,36,evt_S-61_upper_body_0022,0e31788d13d3d0fd,lap_bag_context,no_pose_observation,34560.0,1.33,,1,cam12/e1/v1,
corpus_03,03.CCTV Mobile Usage.mkv,632de9ed55947761d56d4c6142a3cb1a1fe69d0b1a6d0e01a2e404c697962623,rf_detr_sahi,134867.0,unknown_object,0.3904,1042.66,423.79,1111.85,473.04,3407.6,69.19,49.25,1.405,False,,True,R-desk,36,evt_S-61_upper_body_0022,0e31788d13d3d0fd,lap_bag_context,no_pose_observation,34560.0,1.33,,1,cam12/e1/v1,
corpus_03,03.CCTV Mobile Usage.mkv,632de9ed55947761d56d4c6142a3cb1a1fe69d0b1a6d0e01a2e404c697962623,rf_detr_sahi,134867.0,unknown_object,0.3346,821.69,408.04,865.52,420.79,558.5,43.83,12.74,3.439,False,,True,R-desk,36,evt_S-61_upper_body_0022,0e31788d13d3d0fd,lap_bag_context,no_pose_observation,34560.0,1.33,,1,cam12/e1/v1,
corpus_03,03.CCTV Mobile Usage.mkv,632de9ed55947761d56d4c6142a3cb1a1fe69d0b1a6d0e01a2e404c697962623,rf_detr_sahi,134867.0,unknown_object,0.3199,864.25,413.34,892.89,438.23,712.8,28.64,24.89,1.151,False,,True,R-desk,36,evt_S-61_upper_body_0022,0e31788d13d3d0fd,lap_bag_context,no_pose_observation,34560.0,1.33,,1,cam12/e1/v1,
corpus_03,03.CCTV Mobile Usage.mkv,632de9ed55947761d56d4c6142a3cb1a1fe69d0b1a6d0e01a2e404c697962623,rf_detr_sahi,134867.0,unknown_object,0.3124,959.77,439.0,1129.98,479.88,6958.1,170.21,40.88,4.164,False,,True,R-desk,36,evt_S-61_upper_body_0022,0e31788d13d3d0fd,lap_bag_context,no_pose_observation,34560.0,1.33,,1,cam12/e1/v1,
corpus_03,03.CCTV Mobile Usage.mkv,632de9ed55947761d56d4c6142a3cb1a1fe69d0b1a6d0e01a2e404c697962623,rf_detr_sahi,134867.0,unknown_object,0.7089,960.78,452.37,1053.71,479.97,2564.2,92.93,27.59,3.368,False,,True,R-desk,38,evt_S-61_upper_body_0022,0e31788d13d3d0fd,lap_bag_context,no_pose_observation,34560.0,1.33,,1,cam12/e1/v1,
corpus_03,03.CCTV Mobile Usage.mkv,632de9ed55947761d56d4c6142a3cb1a1fe69d0b1a6d0e01a2e404c697962623,rf_detr_sahi,134867.0,unknown_object,0.5453,969.78,408.01,1141.7,448.0,6874.5,171.93,39.99,4.3,False,,True,R-desk,38,evt_S-61_upper_body_0022,0e31788d13d3d0fd,lap_bag_context,no_pose_observation,34560.0,1.33,,1,cam12/e1/v1,
corpus_03,03.CCTV Mobile Usage.mkv,632de9ed55947761d56d4c6142a3cb1a1fe69d0b1a6d0e01a2e404c697962623,rf_detr_sahi,134867.0,unknown_object,0.3904,1042.66,423.79,1111.85,473.04,3407.6,69.19,49.25,1.405,False,,True,R-desk,38,evt_S-61_upper_body_0022,0e31788d13d3d0fd,lap_bag_context,no_pose_observation,34560.0,1.33,,1,cam12/e1/v1,
corpus_03,03.CCTV Mobile Usage.mkv,632de9ed55947761d56d4c6142a3cb1a1fe69d0b1a6d0e01a2e404c697962623,rf_detr_sahi,134867.0,unknown_object,0.3346,821.69,408.04,865.52,420.79,558.5,43.83,12.74,3.439,False,,True,R-desk,38,evt_S-61_upper_body_0022,0e31788d13d3d0fd,lap_bag_context,no_pose_observation,34560.0,1.33,,1,cam12/e1/v1,
corpus_03,03.CCTV Mobile Usage.mkv,632de9ed55947761d56d4c6142a3cb1a1fe69d0b1a6d0e01a2e404c697962623,rf_detr_sahi,134867.0,unknown_object,0.3199,864.25,413.34,892.89,438.23,712.8,28.64,24.89,1.151,False,,True,R-desk,38,evt_S-61_upper_body_0022,0e31788d13d3d0fd,lap_bag_context,no_pose_observation,34560.0,1.33,,1,cam12/e1/v1,
corpus_03,03.CCTV Mobile Usage.mkv,632de9ed55947761d56d4c6142a3cb1a1fe69d0b1a6d0e01a2e404c697962623,rf_detr_sahi,134867.0,unknown_object,0.3124,959.77,439.0,1129.98,479.88,6958.1,170.21,40.88,4.164,False,,True,R-desk,38,evt_S-61_upper_body_0022,0e31788d13d3d0fd,lap_bag_context,no_pose_observation,34560.0,1.33,,1,cam12/e1/v1,
corpus_03,03.CCTV Mobile Usage.mkv,632de9ed55947761d56d4c6142a3cb1a1fe69d0b1a6d0e01a2e404c697962623,rf_detr_sahi,135583.0,bag,0.2702,213.0,532.04,302.0,621.0,7917.3,89.0,88.96,1.0,False,,True,S-61,33,evt_S-61_desk_work_surface_0007,a63530a8077c6717,pose_hand_context,,24983.0,4.05,,1,cam12/e1/v1,rtmpose_baseline
corpus_03,03.CCTV Mobile Usage.mkv,632de9ed55947761d56d4c6142a3cb1a1fe69d0b1a6d0e01a2e404c697962623,rf_detr_sahi,135583.0,unknown_object,0.2602,144.15,532.0,232.86,620.76,7873.8,88.71,88.76,0.999,False,,True,S-61,33,evt_S-61_desk_work_surface_0007,a63530a8077c6717,pose_hand_context,,24983.0,4.05,,1,cam12/e1/v1,rtmpose_baseline
corpus_03,03.CCTV Mobile Usage.mkv,632de9ed55947761d56d4c6142a3cb1a1fe69d0b1a6d0e01a2e404c697962623,rf_detr_sahi,135583.0,unknown_object,0.8261,969.69,408.0,1140.91,448.0,6849.0,171.22,40.0,4.281,False,,True,R-desk,38,evt_S-61_desk_work_surface_0007,daa38b05f0c1050d,lap_bag_context,no_pose_observation,34560.0,1.33,,1,cam12/e1/v1,
corpus_03,03.CCTV Mobile Usage.mkv,632de9ed55947761d56d4c6142a3cb1a1fe69d0b1a6d0e01a2e404c697962623,rf_detr_sahi,135583.0,unknown_object,0.8072,960.91,452.31,1055.74,479.98,2623.7,94.83,27.67,3.427,False,,True,R-desk,38,evt_S-61_desk_work_surface_0007,daa38b05f0c1050d,lap_bag_context,no_pose_observation,34560.0,1.33,,1,cam12/e1/v1,
corpus_03,03.CCTV Mobile Usage.mkv,632de9ed55947761d56d4c6142a3cb1a1fe69d0b1a6d0e01a2e404c697962623,rf_detr_sahi,135583.0,unknown_object,0.5302,1043.24,423.15,1111.92,473.34,3447.6,68.68,50.2,1.368,False,,True,R-desk,38,evt_S-61_desk_work_surface_0007,daa38b05f0c1050d,lap_bag_context,no_pose_observation,34560.0,1.33,,1,cam12/e1/v1,
corpus_03,03.CCTV Mobile Usage.mkv,632de9ed55947761d56d4c6142a3cb1a1fe69d0b1a6d0e01a2e404c697962623,rf_detr_sahi,135583.0,unknown_object,0.5068,822.2,408.03,865.54,420.82,554.6,43.34,12.8,3.386,False,,True,R-desk,38,evt_S-61_desk_work_surface_0007,daa38b05f0c1050d,lap_bag_context,no_pose_observation,34560.0,1.33,,1,cam12/e1/v1,
corpus_03,03.CCTV Mobile Usage.mkv,632de9ed55947761d56d4c6142a3cb1a1fe69d0b1a6d0e01a2e404c697962623,rf_detr_sahi,135583.0,unknown_object,0.4637,864.42,413.37,893.16,438.19,713.3,28.74,24.82,1.158,False,,True,R-desk,38,evt_S-61_desk_work_surface_0007,daa38b05f0c1050d,lap_bag_context,no_pose_observation,34560.0,1.33,,1,cam12/e1/v1,
corpus_03,03.CCTV Mobile Usage.mkv,632de9ed55947761d56d4c6142a3cb1a1fe69d0b1a6d0e01a2e404c697962623,rf_detr_sahi,135583.0,unknown_object,0.3599,959.25,439.0,1128.61,479.95,6935.2,169.36,40.95,4.136,False,,True,R-desk,38,evt_S-61_desk_work_surface_0007,daa38b05f0c1050d,lap_bag_context,no_pose_observation,34560.0,1.33,,1,cam12/e1/v1,
corpus_03,03.CCTV Mobile Usage.mkv,632de9ed55947761d56d4c6142a3cb1a1fe69d0b1a6d0e01a2e404c697962623,rf_detr_sahi,135583.0,unknown_object,0.2589,882.65,408.0,938.71,453.3,2540.0,56.07,45.3,1.238,False,,True,R-desk,38,evt_S-61_desk_work_surface_0007,daa38b05f0c1050d,lap_bag_context,no_pose_observation,34560.0,1.33,,1,cam12/e1/v1,
corpus_03,03.CCTV Mobile Usage.mkv,632de9ed55947761d56d4c6142a3cb1a1fe69d0b1a6d0e01a2e404c697962623,rf_detr_sahi,135583.0,unknown_object,0.8261,969.69,408.0,1140.91,448.0,6849.0,171.22,40.0,4.281,False,,True,R-desk,39,evt_S-61_desk_work_surface_0007,daa38b05f0c1050d,lap_bag_context,no_pose_observation,34560.0,1.33,,1,cam12/e1/v1,
corpus_03,03.CCTV Mobile Usage.mkv,632de9ed55947761d56d4c6142a3cb1a1fe69d0b1a6d0e01a2e404c697962623,rf_detr_sahi,135583.0,unknown_object,0.8072,960.91,452.31,1055.74,479.98,2623.7,94.83,27.67,3.427,False,,True,R-desk,39,evt_S-61_desk_work_surface_0007,daa38b05f0c1050d,lap_bag_context,no_pose_observation,34560.0,1.33,,1,cam12/e1/v1,
corpus_03,03.CCTV Mobile Usage.mkv,632de9ed55947761d56d4c6142a3cb1a1fe69d0b1a6d0e01a2e404c697962623,rf_detr_sahi,135583.0,unknown_object,0.5302,1043.24,423.15,1111.92,473.34,3447.6,68.68,50.2,1.368,False,,True,R-desk,39,evt_S-61_desk_work_surface_0007,daa38b05f0c1050d,lap_bag_context,no_pose_observation,34560.0,1.33,,1,cam12/e1/v1,
corpus_03,03.CCTV Mobile Usage.mkv,632de9ed55947761d56d4c6142a3cb1a1fe69d0b1a6d0e01a2e404c697962623,rf_detr_sahi,135583.0,unknown_object,0.5068,822.2,408.03,865.54,420.82,554.6,43.34,12.8,3.386,False,,True,R-desk,39,evt_S-61_desk_work_surface_0007,daa38b05f0c1050d,lap_bag_context,no_pose_observation,34560.0,1.33,,1,cam12/e1/v1,
corpus_03,03.CCTV Mobile Usage.mkv,632de9ed55947761d56d4c6142a3cb1a1fe69d0b1a6d0e01a2e404c697962623,rf_detr_sahi,135583.0,unknown_object,0.4637,864.42,413.37,893.16,438.19,713.3,28.74,24.82,1.158,False,,True,R-desk,39,evt_S-61_desk_work_surface_0007,daa38b05f0c1050d,lap_bag_context,no_pose_observation,34560.0,1.33,,1,cam12/e1/v1,
corpus_03,03.CCTV Mobile Usage.mkv,632de9ed55947761d56d4c6142a3cb1a1fe69d0b1a6d0e01a2e404c697962623,rf_detr_sahi,135583.0,unknown_object,0.3599,959.25,439.0,1128.61,479.95,6935.2,169.36,40.95,4.136,False,,True,R-desk,39,evt_S-61_desk_work_surface_0007,daa38b05f0c1050d,lap_bag_context,no_pose_observation,34560.0,1.33,,1,cam12/e1/v1,
corpus_03,03.CCTV Mobile Usage.mkv,632de9ed55947761d56d4c6142a3cb1a1fe69d0b1a6d0e01a2e404c697962623,rf_detr_sahi,135583.0,unknown_object,0.2589,882.65,408.0,938.71,453.3,2540.0,56.07,45.3,1.238,False,,True,R-desk,39,evt_S-61_desk_work_surface_0007,daa38b05f0c1050d,lap_bag_context,no_pose_observation,34560.0,1.33,,1,cam12/e1/v1,
corpus_03,03.CCTV Mobile Usage.mkv,632de9ed55947761d56d4c6142a3cb1a1fe69d0b1a6d0e01a2e404c697962623,rf_detr_sahi,135867.0,unknown_object,0.2757,161.09,532.03,236.0,607.0,5616.7,74.91,74.97,0.999,False,,True,S-61,33,evt_S-61_upper_body_0022,1a85b7444b845b72,pose_hand_context,,17774.2,4.8,,1,cam12/e1/v1,rtmpose_baseline
corpus_03,03.CCTV Mobile Usage.mkv,632de9ed55947761d56d4c6142a3cb1a1fe69d0b1a6d0e01a2e404c697962623,rf_detr_sahi,135867.0,unknown_object,0.8015,960.72,452.28,1055.79,479.99,2634.0,95.07,27.71,3.431,False,,True,R-desk,38,evt_S-61_upper_body_0022,ddc3448c69a0dfb5,lap_bag_context,no_pose_observation,34560.0,1.33,,1,cam12/e1/v1,
corpus_03,03.CCTV Mobile Usage.mkv,632de9ed55947761d56d4c6142a3cb1a1fe69d0b1a6d0e01a2e404c697962623,rf_detr_sahi,135867.0,unknown_object,0.7991,969.69,408.0,1140.6,448.0,6836.2,170.91,40.0,4.273,False,,True,R-desk,38,evt_S-61_upper_body_0022,ddc3448c69a0dfb5,lap_bag_context,no_pose_observation,34560.0,1.33,,1,cam12/e1/v1,
corpus_03,03.CCTV Mobile Usage.mkv,632de9ed55947761d56d4c6142a3cb1a1fe69d0b1a6d0e01a2e404c697962623,rf_detr_sahi,135867.0,unknown_object,0.5216,822.01,408.03,865.59,420.81,557.3,43.58,12.79,3.408,False,,True,R-desk,38,evt_S-61_upper_body_0022,ddc3448c69a0dfb5,lap_bag_context,no_pose_observation,34560.0,1.33,,1,cam12/e1/v1,
corpus_03,03.CCTV Mobile Usage.mkv,632de9ed55947761d56d4c6142a3cb1a1fe69d0b1a6d0e01a2e404c697962623,rf_detr_sahi,135867.0,unknown_object,0.5191,1042.96,422.9,1111.87,473.4,3479.5,68.9,50.5,1.365,False,,True,R-desk,38,evt_S-61_upper_body_0022,ddc3448c69a0dfb5,lap_bag_context,no_pose_observation,34560.0,1.33,,1,cam12/e1/v1,
corpus_03,03.CCTV Mobile Usage.mkv,632de9ed55947761d56d4c6142a3cb1a1fe69d0b1a6d0e01a2e404c697962623,rf_detr_sahi,135867.0,unknown_object,0.4739,864.47,413.34,893.01,438.31,712.8,28.54,24.97,1.143,False,,True,R-desk,38,evt_S-61_upper_body_0022,ddc3448c69a0dfb5,lap_bag_context,no_pose_observation,34560.0,1.33,,1,cam12/e1/v1,
corpus_03,03.CCTV Mobile Usage.mkv,632de9ed55947761d56d4c6142a3cb1a1fe69d0b1a6d0e01a2e404c697962623,rf_detr_sahi,135867.0,unknown_object,0.3305,878.76,408.04,939.64,453.35,2758.3,60.88,45.31,1.344,False,,True,R-desk,38,evt_S-61_upper_body_0022,ddc3448c69a0dfb5,lap_bag_context,no_pose_observation,34560.0,1.33,,1,cam12/e1/v1,
corpus_03,03.CCTV Mobile Usage.mkv,632de9ed55947761d56d4c6142a3cb1a1fe69d0b1a6d0e01a2e404c697962623,rf_detr_sahi,135867.0,unknown_object,0.3115,958.89,439.0,1129.17,479.95,6972.8,170.27,40.95,4.158,False,,True,R-desk,38,evt_S-61_upper_body_0022,ddc3448c69a0dfb5,lap_bag_context,no_pose_observation,34560.0,1.33,,1,cam12/e1/v1,
corpus_03,03.CCTV Mobile Usage.mkv,632de9ed55947761d56d4c6142a3cb1a1fe69d0b1a6d0e01a2e404c697962623,rf_detr_sahi,136583.0,unknown_object,0.2791,152.41,534.0,212.87,594.07,3631.5,60.46,60.07,1.007,False,,True,S-61,33,evt_S-61_desk_work_surface_0007,65cff10b1905b625,pose_hand_context,,11854.9,5.88,,1,cam12/e1/v1,rtmpose_baseline
corpus_03,03.CCTV Mobile Usage.mkv,632de9ed55947761d56d4c6142a3cb1a1fe69d0b1a6d0e01a2e404c697962623,rf_detr_sahi,136583.0,unknown_object,0.2543,200.17,486.0,255.59,527.71,2311.9,55.42,41.71,1.329,False,,True,S-61,33,evt_S-61_desk_work_surface_0007,65cff10b1905b625,pose_hand_context,,11854.9,5.88,,1,cam12/e1/v1,rtmpose_baseline
corpus_03,03.CCTV Mobile Usage.mkv,632de9ed55947761d56d4c6142a3cb1a1fe69d0b1a6d0e01a2e404c697962623,rf_detr_sahi,136583.0,unknown_object,0.8637,970.0,408.0,1139.86,448.0,6794.4,169.86,40.0,4.247,False,,True,R-desk,39,evt_S-61_desk_work_surface_0007,bd8581999b3cb815,lap_bag_context,no_pose_observation,34560.0,1.33,,1,cam12/e1/v1,
corpus_03,03.CCTV Mobile Usage.mkv,632de9ed55947761d56d4c6142a3cb1a1fe69d0b1a6d0e01a2e404c697962623,rf_detr_sahi,136583.0,unknown_object,0.8202,960.92,452.16,1056.95,479.97,2670.4,96.03,27.81,3.453,False,,True,R-desk,39,evt_S-61_desk_work_surface_0007,bd8581999b3cb815,lap_bag_context,no_pose_observation,34560.0,1.33,,1,cam12/e1/v1,
corpus_03,03.CCTV Mobile Usage.mkv,632de9ed55947761d56d4c6142a3cb1a1fe69d0b1a6d0e01a2e404c697962623,rf_detr_sahi,136583.0,unknown_object,0.6356,822.11,408.02,865.47,420.87,557.0,43.36,12.85,3.375,False,,True,R-desk,39,evt_S-61_desk_work_surface_0007,bd8581999b3cb815,lap_bag_context,no_pose_observation,34560.0,1.33,,1,cam12/e1/v1,
corpus_03,03.CCTV Mobile Usage.mkv,632de9ed55947761d56d4c6142a3cb1a1fe69d0b1a6d0e01a2e404c697962623,rf_detr_sahi,136583.0,unknown_object,0.5571,1042.24,423.46,1112.36,473.52,3510.2,70.12,50.06,1.401,False,,True,R-desk,39,evt_S-61_desk_work_surface_0007,bd8581999b3cb815,lap_bag_context,no_pose_observation,34560.0,1.33,,1,cam12/e1/v1,
corpus_03,03.CCTV Mobile Usage.mkv,632de9ed55947761d56d4c6142a3cb1a1fe69d0b1a6d0e01a2e404c697962623,rf_detr_sahi,136583.0,unknown_object,0.5476,864.59,413.35,893.02,438.32,709.8,28.42,24.97,1.138,False,,True,R-desk,39,evt_S-61_desk_work_surface_0007,bd8581999b3cb815,lap_bag_context,no_pose_observation,34560.0,1.33,,1,cam12/e1/v1,
corpus_03,03.CCTV Mobile Usage.mkv,632de9ed55947761d56d4c6142a3cb1a1fe69d0b1a6d0e01a2e404c697962623,rf_detr_sahi,136583.0,unknown_object,0.4107,960.11,439.0,1128.81,480.0,6916.9,168.71,41.0,4.115,False,,True,R-desk,39,evt_S-61_desk_work_surface_0007,bd8581999b3cb815,lap_bag_context,no_pose_observation,34560.0,1.33,,1,cam12/e1/v1,
corpus_03,03.CCTV Mobile Usage.mkv,632de9ed55947761d56d4c6142a3cb1a1fe69d0b1a6d0e01a2e404c697962623,rf_detr_sahi,136583.0,unknown_object,0.3222,879.57,408.01,939.84,453.35,2732.3,60.27,45.34,1.329,False,,True,R-desk,39,evt_S-61_desk_work_surface_0007,bd8581999b3cb815,lap_bag_context,no_pose_observation,34560.0,1.33,,1,cam12/e1/v1,
corpus_03,03.CCTV Mobile Usage.mkv,632de9ed55947761d56d4c6142a3cb1a1fe69d0b1a6d0e01a2e404c697962623,rf_detr_sahi,136867.0,unknown_object,0.8637,970.0,408.0,1139.86,448.0,6794.4,169.86,40.0,4.247,False,,True,R-desk,39,evt_S-61_upper_body_0022,9288fa4f7a20cfac,lap_bag_context,no_pose_observation,34560.0,1.33,,1,cam12/e1/v1,
corpus_03,03.CCTV Mobile Usage.mkv,632de9ed55947761d56d4c6142a3cb1a1fe69d0b1a6d0e01a2e404c697962623,rf_detr_sahi,136867.0,unknown_object,0.8202,960.92,452.16,1056.95,479.97,2670.4,96.03,27.81,3.453,False,,True,R-desk,39,evt_S-61_upper_body_0022,9288fa4f7a20cfac,lap_bag_context,no_pose_observation,34560.0,1.33,,1,cam12/e1/v1,
corpus_03,03.CCTV Mobile Usage.mkv,632de9ed55947761d56d4c6142a3cb1a1fe69d0b1a6d0e01a2e404c697962623,rf_detr_sahi,136867.0,unknown_object,0.6356,822.11,408.02,865.47,420.87,557.0,43.36,12.85,3.375,False,,True,R-desk,39,evt_S-61_upper_body_0022,9288fa4f7a20cfac,lap_bag_context,no_pose_observation,34560.0,1.33,,1,cam12/e1/v1,
corpus_03,03.CCTV Mobile Usage.mkv,632de9ed55947761d56d4c6142a3cb1a1fe69d0b1a6d0e01a2e404c697962623,rf_detr_sahi,136867.0,unknown_object,0.5571,1042.24,423.46,1112.36,473.52,3510.2,70.12,50.06,1.401,False,,True,R-desk,39,evt_S-61_upper_body_0022,9288fa4f7a20cfac,lap_bag_context,no_pose_observation,34560.0,1.33,,1,cam12/e1/v1,
corpus_03,03.CCTV Mobile Usage.mkv,632de9ed55947761d56d4c6142a3cb1a1fe69d0b1a6d0e01a2e404c697962623,rf_detr_sahi,136867.0,unknown_object,0.5476,864.59,413.35,893.02,438.32,709.8,28.42,24.97,1.138,False,,True,R-desk,39,evt_S-61_upper_body_0022,9288fa4f7a20cfac,lap_bag_context,no_pose_observation,34560.0,1.33,,1,cam12/e1/v1,
corpus_03,03.CCTV Mobile Usage.mkv,632de9ed55947761d56d4c6142a3cb1a1fe69d0b1a6d0e01a2e404c697962623,rf_detr_sahi,136867.0,unknown_object,0.4107,960.11,439.0,1128.81,480.0,6916.9,168.71,41.0,4.115,False,,True,R-desk,39,evt_S-61_upper_body_0022,9288fa4f7a20cfac,lap_bag_context,no_pose_observation,34560.0,1.33,,1,cam12/e1/v1,
corpus_03,03.CCTV Mobile Usage.mkv,632de9ed55947761d56d4c6142a3cb1a1fe69d0b1a6d0e01a2e404c697962623,rf_detr_sahi,136867.0,unknown_object,0.3222,879.57,408.01,939.84,453.35,2732.3,60.27,45.34,1.329,False,,True,R-desk,39,evt_S-61_upper_body_0022,9288fa4f7a20cfac,lap_bag_context,no_pose_observation,34560.0,1.33,,1,cam12/e1/v1,
corpus_03,03.CCTV Mobile Usage.mkv,632de9ed55947761d56d4c6142a3cb1a1fe69d0b1a6d0e01a2e404c697962623,rf_detr_sahi,136867.0,unknown_object,0.9299,115.46,309.0,170.92,384.72,4199.2,55.46,75.72,0.732,False,,True,S-61,33,evt_S-61_upper_body_0022,e03dffc8b8df0955,pose_hand_context,,22722.5,4.25,,1,cam12/e1/v1,rtmpose_baseline
corpus_03,03.CCTV Mobile Usage.mkv,632de9ed55947761d56d4c6142a3cb1a1fe69d0b1a6d0e01a2e404c697962623,rf_detr_sahi,136867.0,unknown_object,0.5633,87.02,309.0,108.36,374.76,1403.2,21.34,65.76,0.324,False,,True,S-61,33,evt_S-61_upper_body_0022,e03dffc8b8df0955,pose_hand_context,,22722.5,4.25,,1,cam12/e1/v1,rtmpose_baseline
corpus_03,03.CCTV Mobile Usage.mkv,632de9ed55947761d56d4c6142a3cb1a1fe69d0b1a6d0e01a2e404c697962623,rf_detr_sahi,136867.0,unknown_object,0.5214,87.15,375.05,171.85,459.87,7184.7,84.71,84.82,0.999,False,,True,S-61,33,evt_S-61_upper_body_0022,e03dffc8b8df0955,pose_hand_context,,22722.5,4.25,,1,cam12/e1/v1,rtmpose_baseline
corpus_03,03.CCTV Mobile Usage.mkv,632de9ed55947761d56d4c6142a3cb1a1fe69d0b1a6d0e01a2e404c697962623,rf_detr_sahi,136867.0,unknown_object,0.4569,21.11,309.09,105.97,375.15,5605.8,84.86,66.06,1.284,False,,True,S-61,33,evt_S-61_upper_body_0022,e03dffc8b8df0955,pose_hand_context,,22722.5,4.25,,1,cam12/e1/v1,rtmpose_baseline
corpus_03,03.CCTV Mobile Usage.mkv,632de9ed55947761d56d4c6142a3cb1a1fe69d0b1a6d0e01a2e404c697962623,rf_detr_sahi,137583.0,unknown_object,0.6982,113.97,333.19,169.0,416.69,4595.2,55.03,83.51,0.659,False,,True,S-61,33,evt_S-61_desk_work_surface_0007,91d419cfcd5b8430,pose_hand_context,,39045.8,3.24,,1,cam12/e1/v1,rtmpose_baseline
corpus_03,03.CCTV Mobile Usage.mkv,632de9ed55947761d56d4c6142a3cb1a1fe69d0b1a6d0e01a2e404c697962623,rf_detr_sahi,137583.0,phone,0.3301,58.0,445.14,72.02,482.7,526.7,14.02,37.57,0.373,False,,True,S-61,33,evt_S-61_desk_work_surface_0007,91d419cfcd5b8430,pose_hand_context,,39045.8,3.24,,1,cam12/e1/v1,rtmpose_baseline
corpus_03,03.CCTV Mobile Usage.mkv,632de9ed55947761d56d4c6142a3cb1a1fe69d0b1a6d0e01a2e404c697962623,rf_detr_sahi,137583.0,unknown_object,0.3253,58.02,333.0,111.73,395.15,3338.0,53.71,62.15,0.864,False,,True,S-61,33,evt_S-61_desk_work_surface_0007,91d419cfcd5b8430,pose_hand_context,,39045.8,3.24,,1,cam12/e1/v1,rtmpose_baseline
corpus_03,03.CCTV Mobile Usage.mkv,632de9ed55947761d56d4c6142a3cb1a1fe69d0b1a6d0e01a2e404c697962623,rf_detr_sahi,137583.0,unknown_object,0.2866,187.71,419.0,256.0,519.82,6884.9,68.29,100.82,0.677,False,,True,S-61,33,evt_S-61_desk_work_surface_0007,91d419cfcd5b8430,pose_hand_context,,39045.8,3.24,,1,cam12/e1/v1,rtmpose_baseline
corpus_03,03.CCTV Mobile Usage.mkv,632de9ed55947761d56d4c6142a3cb1a1fe69d0b1a6d0e01a2e404c697962623,rf_detr_sahi,137583.0,unknown_object,0.2803,106.96,455.01,177.57,520.67,4636.0,70.61,65.66,1.075,False,,True,S-61,33,evt_S-61_desk_work_surface_0007,91d419cfcd5b8430,pose_hand_context,,39045.8,3.24,,1,cam12/e1/v1,rtmpose_baseline
corpus_03,03.CCTV Mobile Usage.mkv,632de9ed55947761d56d4c6142a3cb1a1fe69d0b1a6d0e01a2e404c697962623,rf_detr_sahi,137867.0,unknown_object,0.8637,970.0,408.0,1139.86,448.0,6794.4,169.86,40.0,4.247,False,,True,R-desk,39,evt_S-61_upper_body_0022,1f6f9d7c495d1041,lap_bag_context,no_pose_observation,34560.0,1.33,,1,cam12/e1/v1,
corpus_03,03.CCTV Mobile Usage.mkv,632de9ed55947761d56d4c6142a3cb1a1fe69d0b1a6d0e01a2e404c697962623,rf_detr_sahi,137867.0,unknown_object,0.8202,960.92,452.16,1056.95,479.97,2670.4,96.03,27.81,3.453,False,,True,R-desk,39,evt_S-61_upper_body_0022,1f6f9d7c495d1041,lap_bag_context,no_pose_observation,34560.0,1.33,,1,cam12/e1/v1,
corpus_03,03.CCTV Mobile Usage.mkv,632de9ed55947761d56d4c6142a3cb1a1fe69d0b1a6d0e01a2e404c697962623,rf_detr_sahi,137867.0,unknown_object,0.6356,822.11,408.02,865.47,420.87,557.0,43.36,12.85,3.375,False,,True,R-desk,39,evt_S-61_upper_body_0022,1f6f9d7c495d1041,lap_bag_context,no_pose_observation,34560.0,1.33,,1,cam12/e1/v1,
corpus_03,03.CCTV Mobile Usage.mkv,632de9ed55947761d56d4c6142a3cb1a1fe69d0b1a6d0e01a2e404c697962623,rf_detr_sahi,137867.0,unknown_object,0.5571,1042.24,423.46,1112.36,473.52,3510.2,70.12,50.06,1.401,False,,True,R-desk,39,evt_S-61_upper_body_0022,1f6f9d7c495d1041,lap_bag_context,no_pose_observation,34560.0,1.33,,1,cam12/e1/v1,
corpus_03,03.CCTV Mobile Usage.mkv,632de9ed55947761d56d4c6142a3cb1a1fe69d0b1a6d0e01a2e404c697962623,rf_detr_sahi,137867.0,unknown_object,0.5476,864.59,413.35,893.02,438.32,709.8,28.42,24.97,1.138,False,,True,R-desk,39,evt_S-61_upper_body_0022,1f6f9d7c495d1041,lap_bag_context,no_pose_observation,34560.0,1.33,,1,cam12/e1/v1,
corpus_03,03.CCTV Mobile Usage.mkv,632de9ed55947761d56d4c6142a3cb1a1fe69d0b1a6d0e01a2e404c697962623,rf_detr_sahi,137867.0,unknown_object,0.4107,960.11,439.0,1128.81,480.0,6916.9,168.71,41.0,4.115,False,,True,R-desk,39,evt_S-61_upper_body_0022,1f6f9d7c495d1041,lap_bag_context,no_pose_observation,34560.0,1.33,,1,cam12/e1/v1,
corpus_03,03.CCTV Mobile Usage.mkv,632de9ed55947761d56d4c6142a3cb1a1fe69d0b1a6d0e01a2e404c697962623,rf_detr_sahi,137867.0,unknown_object,0.3222,879.57,408.01,939.84,453.35,2732.3,60.27,45.34,1.329,False,,True,R-desk,39,evt_S-61_upper_body_0022,1f6f9d7c495d1041,lap_bag_context,no_pose_observation,34560.0,1.33,,1,cam12/e1/v1,
corpus_03,03.CCTV Mobile Usage.mkv,632de9ed55947761d56d4c6142a3cb1a1fe69d0b1a6d0e01a2e404c697962623,rf_detr_sahi,137867.0,stationery,0.496,108.95,456.0,177.32,516.71,4150.5,68.37,60.7,1.126,False,,True,S-61,33,evt_S-61_upper_body_0022,be16d9a66db15103,pose_hand_context,,32170.0,3.57,,1,cam12/e1/v1,rtmpose_baseline
corpus_03,03.CCTV Mobile Usage.mkv,632de9ed55947761d56d4c6142a3cb1a1fe69d0b1a6d0e01a2e404c697962623,rf_detr_sahi,137867.0,unknown_object,0.4562,92.98,443.0,160.63,465.81,1543.3,67.66,22.81,2.966,False,,True,S-61,33,evt_S-61_upper_body_0022,be16d9a66db15103,pose_hand_context,,32170.0,3.57,,1,cam12/e1/v1,rtmpose_baseline
corpus_03,03.CCTV Mobile Usage.mkv,632de9ed55947761d56d4c6142a3cb1a1fe69d0b1a6d0e01a2e404c697962623,rf_detr_sahi,137867.0,unknown_object,0.2842,101.47,456.15,177.35,520.23,4862.4,75.88,64.08,1.184,False,,True,S-61,33,evt_S-61_upper_body_0022,be16d9a66db15103,pose_hand_context,,32170.0,3.57,,1,cam12/e1/v1,rtmpose_baseline
corpus_03,03.CCTV Mobile Usage.mkv,632de9ed55947761d56d4c6142a3cb1a1fe69d0b1a6d0e01a2e404c697962623,rf_detr_sahi,138583.0,monitor_or_bezel,0.3608,86.04,515.03,201.0,628.71,13068.5,114.96,113.68,1.011,False,,True,S-61,33,evt_S-61_desk_work_surface_0007,80caf17b82558058,pose_hand_context,,41144.1,3.16,,1,cam12/e1/v1,rtmpose_baseline
corpus_03,03.CCTV Mobile Usage.mkv,632de9ed55947761d56d4c6142a3cb1a1fe69d0b1a6d0e01a2e404c697962623,rf_detr_sahi,138583.0,unknown_object,0.3098,86.03,426.0,200.98,521.65,10995.1,114.96,95.65,1.202,False,,True,S-61,33,evt_S-61_desk_work_surface_0007,80caf17b82558058,pose_hand_context,,41144.1,3.16,,1,cam12/e1/v1,rtmpose_baseline
corpus_03,03.CCTV Mobile Usage.mkv,632de9ed55947761d56d4c6142a3cb1a1fe69d0b1a6d0e01a2e404c697962623,rf_detr_sahi,138867.0,unknown_object,0.256,173.0,429.02,286.0,541.91,12756.4,113.0,112.89,1.001,False,,True,S-61,33,evt_S-61_upper_body_0022,65a212c90b663166,pose_hand_context,,40425.1,3.18,,1,cam12/e1/v1,rtmpose_baseline
corpus_03,03.CCTV Mobile Usage.mkv,632de9ed55947761d56d4c6142a3cb1a1fe69d0b1a6d0e01a2e404c697962623,rf_detr_sahi,139583.0,unknown_object,0.4653,97.0,527.0,223.0,652.78,15848.4,126.0,125.78,1.002,False,,True,S-61,33,evt_S-61_desk_work_surface_0007,3f271ff03fbcd110,pose_hand_context,,50274.6,2.85,,1,cam12/e1/v1,rtmpose_baseline
corpus_03,03.CCTV Mobile Usage.mkv,632de9ed55947761d56d4c6142a3cb1a1fe69d0b1a6d0e01a2e404c697962623,rf_detr_sahi,139583.0,monitor_or_bezel,0.4171,97.0,527.0,223.0,652.78,15848.4,126.0,125.78,1.002,False,,True,S-61,33,evt_S-61_desk_work_surface_0007,3f271ff03fbcd110,pose_hand_context,,50274.6,2.85,,1,cam12/e1/v1,rtmpose_baseline
corpus_03,03.CCTV Mobile Usage.mkv,632de9ed55947761d56d4c6142a3cb1a1fe69d0b1a6d0e01a2e404c697962623,rf_detr_sahi,139583.0,unknown_object,0.3353,195.0,429.0,320.48,536.09,13437.8,125.48,107.09,1.172,False,,True,S-61,33,evt_S-61_desk_work_surface_0007,3f271ff03fbcd110,pose_hand_context,,50274.6,2.85,,1,cam12/e1/v1,rtmpose_baseline
corpus_03,03.CCTV Mobile Usage.mkv,632de9ed55947761d56d4c6142a3cb1a1fe69d0b1a6d0e01a2e404c697962623,rf_detr_sahi,139583.0,unknown_object,0.2809,195.0,527.07,321.0,652.63,15821.3,126.0,125.57,1.003,False,,True,S-61,33,evt_S-61_desk_work_surface_0007,3f271ff03fbcd110,pose_hand_context,,50274.6,2.85,,1,cam12/e1/v1,rtmpose_baseline
corpus_03,03.CCTV Mobile Usage.mkv,632de9ed55947761d56d4c6142a3cb1a1fe69d0b1a6d0e01a2e404c697962623,rf_detr_sahi,139583.0,unknown_object,0.2728,97.2,429.0,223.0,554.87,15834.9,125.8,125.87,0.999,False,,True,S-61,33,evt_S-61_desk_work_surface_0007,3f271ff03fbcd110,pose_hand_context,,50274.6,2.85,,1,cam12/e1/v1,rtmpose_baseline
corpus_03,03.CCTV Mobile Usage.mkv,632de9ed55947761d56d4c6142a3cb1a1fe69d0b1a6d0e01a2e404c697962623,rf_detr_sahi,139867.0,unknown_object,0.8189,960.98,452.18,1062.12,479.94,2807.5,101.13,27.76,3.643,False,,True,R-desk,40,evt_S-61_upper_body_0022,9006d665f9af6662,lap_bag_context,no_pose_observation,34560.0,1.33,,1,cam12/e1/v1,
corpus_03,03.CCTV Mobile Usage.mkv,632de9ed55947761d56d4c6142a3cb1a1fe69d0b1a6d0e01a2e404c697962623,rf_detr_sahi,139867.0,unknown_object,0.6984,970.79,408.0,1142.95,448.0,6886.4,172.16,40.0,4.304,False,,True,R-desk,40,evt_S-61_upper_body_0022,9006d665f9af6662,lap_bag_context,no_pose_observation,34560.0,1.33,,1,cam12/e1/v1,
corpus_03,03.CCTV Mobile Usage.mkv,632de9ed55947761d56d4c6142a3cb1a1fe69d0b1a6d0e01a2e404c697962623,rf_detr_sahi,139867.0,unknown_object,0.5934,864.69,413.43,893.21,438.61,717.9,28.51,25.18,1.132,False,,True,R-desk,40,evt_S-61_upper_body_0022,9006d665f9af6662,lap_bag_context,no_pose_observation,34560.0,1.33,,1,cam12/e1/v1,
corpus_03,03.CCTV Mobile Usage.mkv,632de9ed55947761d56d4c6142a3cb1a1fe69d0b1a6d0e01a2e404c697962623,rf_detr_sahi,139867.0,unknown_object,0.5607,821.93,408.03,865.37,420.82,555.2,43.43,12.78,3.398,False,,True,R-desk,40,evt_S-61_upper_body_0022,9006d665f9af6662,lap_bag_context,no_pose_observation,34560.0,1.33,,1,cam12/e1/v1,
corpus_03,03.CCTV Mobile Usage.mkv,632de9ed55947761d56d4c6142a3cb1a1fe69d0b1a6d0e01a2e404c697962623,rf_detr_sahi,139867.0,unknown_object,0.551,1041.72,423.04,1112.56,472.86,3529.6,70.84,49.83,1.422,False,,True,R-desk,40,evt_S-61_upper_body_0022,9006d665f9af6662,lap_bag_context,no_pose_observation,34560.0,1.33,,1,cam12/e1/v1,
corpus_03,03.CCTV Mobile Usage.mkv,632de9ed55947761d56d4c6142a3cb1a1fe69d0b1a6d0e01a2e404c697962623,rf_detr_sahi,139867.0,unknown_object,0.3063,959.74,439.0,1128.8,480.0,6931.5,169.06,41.0,4.123,False,,True,R-desk,40,evt_S-61_upper_body_0022,9006d665f9af6662,lap_bag_context,no_pose_observation,34560.0,1.33,,1,cam12/e1/v1,
corpus_03,03.CCTV Mobile Usage.mkv,632de9ed55947761d56d4c6142a3cb1a1fe69d0b1a6d0e01a2e404c697962623,rf_detr_sahi,139867.0,unknown_object,0.3051,880.41,408.23,937.03,453.57,2566.7,56.62,45.33,1.249,False,,True,R-desk,40,evt_S-61_upper_body_0022,9006d665f9af6662,lap_bag_context,no_pose_observation,34560.0,1.33,,1,cam12/e1/v1,
corpus_03,03.CCTV Mobile Usage.mkv,632de9ed55947761d56d4c6142a3cb1a1fe69d0b1a6d0e01a2e404c697962623,rf_detr_sahi,139867.0,unknown_object,0.7491,118.28,451.09,243.0,576.75,15672.1,124.72,125.66,0.992,False,,True,S-61,33,evt_S-61_upper_body_0022,9aba67611ee3fca8,pose_hand_context,,49675.5,2.87,,1,cam12/e1/v1,rtmpose_baseline
corpus_03,03.CCTV Mobile Usage.mkv,632de9ed55947761d56d4c6142a3cb1a1fe69d0b1a6d0e01a2e404c697962623,rf_detr_sahi,139867.0,unknown_object,0.5856,100.97,451.08,146.0,516.29,2936.3,45.03,65.2,0.691,False,,True,S-61,33,evt_S-61_upper_body_0022,9aba67611ee3fca8,pose_hand_context,,49675.5,2.87,,1,cam12/e1/v1,rtmpose_baseline
corpus_03,03.CCTV Mobile Usage.mkv,632de9ed55947761d56d4c6142a3cb1a1fe69d0b1a6d0e01a2e404c697962623,rf_detr_sahi,139867.0,monitor_or_bezel,0.2749,20.12,451.13,146.0,576.58,15791.0,125.88,125.44,1.004,False,,True,S-61,33,evt_S-61_upper_body_0022,9aba67611ee3fca8,pose_hand_context,,49675.5,2.87,,1,cam12/e1/v1,rtmpose_baseline
corpus_03,03.CCTV Mobile Usage.mkv,632de9ed55947761d56d4c6142a3cb1a1fe69d0b1a6d0e01a2e404c697962623,rf_detr_sahi,139867.0,bag,0.2702,20.03,354.13,121.5,478.77,12647.3,101.47,124.65,0.814,False,,True,S-61,33,evt_S-61_upper_body_0022,9aba67611ee3fca8,pose_hand_context,,49675.5,2.87,,1,cam12/e1/v1,rtmpose_baseline
corpus_03,03.CCTV Mobile Usage.mkv,632de9ed55947761d56d4c6142a3cb1a1fe69d0b1a6d0e01a2e404c697962623,rf_detr_sahi,140583.0,unknown_object,0.3575,119.04,379.47,150.88,505.18,4002.3,31.84,125.71,0.253,False,,True,S-61,33,evt_S-61_desk_work_surface_0007,56d747897902ef08,pose_hand_context,,50949.5,2.84,,1,cam12/e1/v1,rtmpose_baseline
corpus_03,03.CCTV Mobile Usage.mkv,632de9ed55947761d56d4c6142a3cb1a1fe69d0b1a6d0e01a2e404c697962623,rf_detr_sahi,140583.0,stationery,0.3569,21.25,493.27,91.96,605.0,7899.6,70.7,111.73,0.633,False,,True,S-61,33,evt_S-61_desk_work_surface_0007,56d747897902ef08,pose_hand_context,,50949.5,2.84,,1,cam12/e1/v1,rtmpose_baseline
corpus_03,03.CCTV Mobile Usage.mkv,632de9ed55947761d56d4c6142a3cb1a1fe69d0b1a6d0e01a2e404c697962623,rf_detr_sahi,140583.0,monitor_or_bezel,0.2624,21.19,379.0,148.0,506.0,16105.2,126.81,127.0,0.999,False,,True,S-61,33,evt_S-61_desk_work_surface_0007,56d747897902ef08,pose_hand_context,,50949.5,2.84,,1,cam12/e1/v1,rtmpose_baseline
corpus_03,03.CCTV Mobile Usage.mkv,632de9ed55947761d56d4c6142a3cb1a1fe69d0b1a6d0e01a2e404c697962623,rf_detr_sahi,140583.0,unknown_object,0.8501,961.06,452.41,1062.38,479.94,2789.1,101.32,27.53,3.681,False,,True,R-desk,40,evt_S-61_desk_work_surface_0007,cf9ece1f4d8544de,lap_bag_context,no_pose_observation,34560.0,1.33,,1,cam12/e1/v1,
corpus_03,03.CCTV Mobile Usage.mkv,632de9ed55947761d56d4c6142a3cb1a1fe69d0b1a6d0e01a2e404c697962623,rf_detr_sahi,140583.0,unknown_object,0.7197,970.39,408.0,1141.27,447.99,6833.0,170.88,39.99,4.273,False,,True,R-desk,40,evt_S-61_desk_work_surface_0007,cf9ece1f4d8544de,lap_bag_context,no_pose_observation,34560.0,1.33,,1,cam12/e1/v1,
corpus_03,03.CCTV Mobile Usage.mkv,632de9ed55947761d56d4c6142a3cb1a1fe69d0b1a6d0e01a2e404c697962623,rf_detr_sahi,140583.0,unknown_object,0.5422,864.6,413.46,893.29,438.82,727.7,28.69,25.36,1.131,False,,True,R-desk,40,evt_S-61_desk_work_surface_0007,cf9ece1f4d8544de,lap_bag_context,no_pose_observation,34560.0,1.33,,1,cam12/e1/v1,
corpus_03,03.CCTV Mobile Usage.mkv,632de9ed55947761d56d4c6142a3cb1a1fe69d0b1a6d0e01a2e404c697962623,rf_detr_sahi,140583.0,unknown_object,0.5052,821.68,408.03,865.54,420.74,557.4,43.86,12.71,3.451,False,,True,R-desk,40,evt_S-61_desk_work_surface_0007,cf9ece1f4d8544de,lap_bag_context,no_pose_observation,34560.0,1.33,,1,cam12/e1/v1,
corpus_03,03.CCTV Mobile Usage.mkv,632de9ed55947761d56d4c6142a3cb1a1fe69d0b1a6d0e01a2e404c697962623,rf_detr_sahi,140583.0,unknown_object,0.4536,1042.15,422.9,1112.23,472.58,3481.5,70.09,49.67,1.411,False,,True,R-desk,40,evt_S-61_desk_work_surface_0007,cf9ece1f4d8544de,lap_bag_context,no_pose_observation,34560.0,1.33,,1,cam12/e1/v1,
corpus_03,03.CCTV Mobile Usage.mkv,632de9ed55947761d56d4c6142a3cb1a1fe69d0b1a6d0e01a2e404c697962623,rf_detr_sahi,140583.0,unknown_object,0.3298,960.11,439.0,1130.5,479.96,6978.3,170.38,40.96,4.16,False,,True,R-desk,40,evt_S-61_desk_work_surface_0007,cf9ece1f4d8544de,lap_bag_context,no_pose_observation,34560.0,1.33,,1,cam12/e1/v1,
corpus_03,03.CCTV Mobile Usage.mkv,632de9ed55947761d56d4c6142a3cb1a1fe69d0b1a6d0e01a2e404c697962623,rf_detr_sahi,140583.0,unknown_object,0.2869,880.33,408.23,935.58,453.53,2502.6,55.25,45.3,1.22,False,,True,R-desk,40,evt_S-61_desk_work_surface_0007,cf9ece1f4d8544de,lap_bag_context,no_pose_observation,34560.0,1.33,,1,cam12/e1/v1,
corpus_03,03.CCTV Mobile Usage.mkv,632de9ed55947761d56d4c6142a3cb1a1fe69d0b1a6d0e01a2e404c697962623,rf_detr_sahi,140867.0,stationery,0.3061,18.0,491.81,145.89,615.74,15849.3,127.89,123.93,1.032,False,,True,S-61,33,evt_S-61_upper_body_0022,4de764fefa842d4a,pose_hand_context,,51130.3,2.83,,1,cam12/e1/v1,rtmpose_baseline
corpus_03,03.CCTV Mobile Usage.mkv,632de9ed55947761d56d4c6142a3cb1a1fe69d0b1a6d0e01a2e404c697962623,rf_detr_sahi,141583.0,unknown_object,0.5703,139.99,381.14,158.89,397.1,301.6,18.9,15.96,1.184,False,,True,S-61,33,evt_S-61_desk_work_surface_0007,7a25f2ac3f7f9292,pose_hand_context,,34638.0,3.4,,1,cam12/e1/v1,rtmpose_baseline
corpus_03,03.CCTV Mobile Usage.mkv,632de9ed55947761d56d4c6142a3cb1a1fe69d0b1a6d0e01a2e404c697962623,rf_detr_sahi,141583.0,unknown_object,0.516,80.0,432.37,157.31,508.47,5883.6,77.31,76.1,1.016,False,,True,S-61,33,evt_S-61_desk_work_surface_0007,7a25f2ac3f7f9292,pose_hand_context,,34638.0,3.4,,1,cam12/e1/v1,rtmpose_baseline
corpus_03,03.CCTV Mobile Usage.mkv,632de9ed55947761d56d4c6142a3cb1a1fe69d0b1a6d0e01a2e404c697962623,rf_detr_sahi,141583.0,unknown_object,0.3298,43.08,412.0,103.0,474.9,3768.8,59.92,62.9,0.953,False,,True,S-61,33,evt_S-61_desk_work_surface_0007,7a25f2ac3f7f9292,pose_hand_context,,34638.0,3.4,,1,cam12/e1/v1,rtmpose_baseline
corpus_03,03.CCTV Mobile Usage.mkv,632de9ed55947761d56d4c6142a3cb1a1fe69d0b1a6d0e01a2e404c697962623,rf_detr_sahi,141583.0,unknown_object,0.2961,0.1,342.4,102.96,435.98,9625.8,102.86,93.58,1.099,False,,True,S-61,33,evt_S-61_desk_work_surface_0007,7a25f2ac3f7f9292,pose_hand_context,,34638.0,3.4,,1,cam12/e1/v1,rtmpose_baseline
corpus_03,03.CCTV Mobile Usage.mkv,632de9ed55947761d56d4c6142a3cb1a1fe69d0b1a6d0e01a2e404c697962623,rf_detr_sahi,141583.0,unknown_object,0.2547,0.05,412.25,102.92,517.42,10820.0,102.87,105.18,0.978,False,,True,S-61,33,evt_S-61_desk_work_surface_0007,7a25f2ac3f7f9292,pose_hand_context,,34638.0,3.4,,1,cam12/e1/v1,rtmpose_baseline
corpus_03,03.CCTV Mobile Usage.mkv,632de9ed55947761d56d4c6142a3cb1a1fe69d0b1a6d0e01a2e404c697962623,rf_detr_sahi,141867.0,unknown_object,0.5286,37.3,349.07,108.0,420.77,5069.3,70.7,71.7,0.986,False,,True,S-61,33,evt_S-61_upper_body_0022,8480df3c8367b923,pose_hand_context,,25287.4,4.02,,1,cam12/e1/v1,rtmpose_baseline
corpus_03,03.CCTV Mobile Usage.mkv,632de9ed55947761d56d4c6142a3cb1a1fe69d0b1a6d0e01a2e404c697962623,rf_detr_sahi,141867.0,unknown_object,0.364,88.08,432.27,158.24,505.25,5120.2,70.16,72.98,0.961,False,,True,S-61,33,evt_S-61_upper_body_0022,8480df3c8367b923,pose_hand_context,,25287.4,4.02,,1,cam12/e1/v1,rtmpose_baseline
corpus_03,03.CCTV Mobile Usage.mkv,632de9ed55947761d56d4c6142a3cb1a1fe69d0b1a6d0e01a2e404c697962623,rf_detr_sahi,141867.0,unknown_object,0.3589,18.0,418.11,108.0,507.6,8054.5,90.0,89.49,1.006,False,,True,S-61,33,evt_S-61_upper_body_0022,8480df3c8367b923,pose_hand_context,,25287.4,4.02,,1,cam12/e1/v1,rtmpose_baseline
corpus_03,03.CCTV Mobile Usage.mkv,632de9ed55947761d56d4c6142a3cb1a1fe69d0b1a6d0e01a2e404c697962623,rf_detr_sahi,142583.0,unknown_object,0.4534,87.0,445.0,153.96,501.58,3788.9,66.96,56.58,1.184,False,,True,S-61,33,evt_S-61_desk_work_surface_0007,5b6a897cc877e08e,pose_hand_context,,19521.7,4.58,,1,cam12/e1/v1,rtmpose_baseline
corpus_03,03.CCTV Mobile Usage.mkv,632de9ed55947761d56d4c6142a3cb1a1fe69d0b1a6d0e01a2e404c697962623,rf_detr_sahi,142583.0,unknown_object,0.3822,39.98,426.03,105.0,473.12,3061.9,65.02,47.09,1.381,False,,True,S-61,33,evt_S-61_desk_work_surface_0007,5b6a897cc877e08e,pose_hand_context,,19521.7,4.58,,1,cam12/e1/v1,rtmpose_baseline
corpus_03,03.CCTV Mobile Usage.mkv,632de9ed55947761d56d4c6142a3cb1a1fe69d0b1a6d0e01a2e404c697962623,rf_detr_sahi,156383.0,unknown_object,0.5038,103.04,405.0,174.55,501.69,6914.8,71.51,96.69,0.74,False,,True,S-61,41,evt_S-61_desk_work_surface_0008,10f4138e905a317a,pose_hand_context,,29343.7,3.74,,1,cam12/e1/v1,rtmpose_baseline
corpus_03,03.CCTV Mobile Usage.mkv,632de9ed55947761d56d4c6142a3cb1a1fe69d0b1a6d0e01a2e404c697962623,rf_detr_sahi,156383.0,unknown_object,0.3694,178.15,330.21,274.98,426.85,9358.1,96.83,96.64,1.002,False,,True,S-61,41,evt_S-61_desk_work_surface_0008,10f4138e905a317a,pose_hand_context,,29343.7,3.74,,1,cam12/e1/v1,rtmpose_baseline
corpus_03,03.CCTV Mobile Usage.mkv,632de9ed55947761d56d4c6142a3cb1a1fe69d0b1a6d0e01a2e404c697962623,rf_detr_sahi,158383.0,unknown_object,0.8044,216.19,406.08,343.0,527.11,15347.6,126.81,121.03,1.048,False,,True,S-61,41,evt_S-61_desk_work_surface_0008,fceae00cd1315882,pose_hand_context,,51266.0,2.83,,1,cam12/e1/v1,rtmpose_baseline
corpus_03,03.CCTV Mobile Usage.mkv,632de9ed55947761d56d4c6142a3cb1a1fe69d0b1a6d0e01a2e404c697962623,rf_detr_sahi,158383.0,unknown_object,0.6409,117.0,454.85,195.67,525.28,5540.3,78.67,70.43,1.117,False,,True,S-61,41,evt_S-61_desk_work_surface_0008,fceae00cd1315882,pose_hand_context,,51266.0,2.83,,1,cam12/e1/v1,rtmpose_baseline
corpus_03,03.CCTV Mobile Usage.mkv,632de9ed55947761d56d4c6142a3cb1a1fe69d0b1a6d0e01a2e404c697962623,rf_detr_sahi,159383.0,unknown_object,0.4763,183.03,427.04,284.89,528.76,10361.7,101.86,101.73,1.001,False,,True,S-61,41,evt_S-61_desk_work_surface_0008,ccfbf889b0025c53,pose_hand_context,,32515.3,3.55,,1,cam12/e1/v1,rtmpose_baseline
corpus_03,03.CCTV Mobile Usage.mkv,632de9ed55947761d56d4c6142a3cb1a1fe69d0b1a6d0e01a2e404c697962623,rf_detr_sahi,160067.0,unknown_object,0.2515,63.0,498.86,157.92,524.0,2386.5,94.92,25.14,3.776,False,,True,S-61,41,evt_S-61_desk_work_surface_0009,caa78e1300eab2f7,pose_hand_context,,33841.3,3.48,,1,cam12/e1/v1,rtmpose_baseline
corpus_03,03.CCTV Mobile Usage.mkv,632de9ed55947761d56d4c6142a3cb1a1fe69d0b1a6d0e01a2e404c697962623,rf_detr_sahi,160383.0,unknown_object,0.4112,77.76,328.0,175.21,428.15,9759.8,97.45,100.15,0.973,False,,True,S-61,41,evt_S-61_desk_work_surface_0008,6eb381d66ec56f06,pose_hand_context,,42074.2,3.12,,1,cam12/e1/v1,rtmpose_baseline
corpus_03,03.CCTV Mobile Usage.mkv,632de9ed55947761d56d4c6142a3cb1a1fe69d0b1a6d0e01a2e404c697962623,rf_detr_sahi,160383.0,unknown_object,0.3783,53.03,328.01,109.63,388.29,3411.2,56.59,60.28,0.939,False,,True,S-61,41,evt_S-61_desk_work_surface_0008,6eb381d66ec56f06,pose_hand_context,,42074.2,3.12,,1,cam12/e1/v1,rtmpose_baseline
corpus_03,03.CCTV Mobile Usage.mkv,632de9ed55947761d56d4c6142a3cb1a1fe69d0b1a6d0e01a2e404c697962623,rf_detr_sahi,160383.0,unknown_object,0.2789,53.58,498.57,169.03,532.97,3971.9,115.45,34.4,3.356,False,,True,S-61,41,evt_S-61_desk_work_surface_0008,6eb381d66ec56f06,pose_hand_context,,42074.2,3.12,,1,cam12/e1/v1,rtmpose_baseline
corpus_03,03.CCTV Mobile Usage.mkv,632de9ed55947761d56d4c6142a3cb1a1fe69d0b1a6d0e01a2e404c697962623,rf_detr_sahi,161067.0,unknown_object,0.2931,42.05,341.46,203.2,581.0,38601.9,161.15,239.54,0.673,False,,True,S-61,41,evt_S-61_desk_work_surface_0009,ddae060e7fec4511,pose_hand_context,,57484.9,2.67,,1,cam12/e1/v1,rtmpose_baseline
corpus_03,03.CCTV Mobile Usage.mkv,632de9ed55947761d56d4c6142a3cb1a1fe69d0b1a6d0e01a2e404c697962623,rf_detr_sahi,161067.0,unknown_object,0.2677,42.0,341.0,111.84,385.49,3107.2,69.84,44.49,1.57,False,,True,S-61,41,evt_S-61_desk_work_surface_0009,ddae060e7fec4511,pose_hand_context,,57484.9,2.67,,1,cam12/e1/v1,rtmpose_baseline
corpus_03,03.CCTV Mobile Usage.mkv,632de9ed55947761d56d4c6142a3cb1a1fe69d0b1a6d0e01a2e404c697962623,rf_detr_sahi,162067.0,unknown_object,0.3688,113.88,340.19,166.0,398.57,3043.0,52.12,58.38,0.893,False,,True,S-61,41,evt_S-61_desk_work_surface_0009,6b22d0f8c4e103be,pose_hand_context,,34566.2,3.44,,1,cam12/e1/v1,rtmpose_baseline
corpus_03,03.CCTV Mobile Usage.mkv,632de9ed55947761d56d4c6142a3cb1a1fe69d0b1a6d0e01a2e404c697962623,rf_detr_sahi,162067.0,unknown_object,0.3059,62.01,340.0,165.97,444.99,10915.0,103.96,104.99,0.99,False,,True,S-61,41,evt_S-61_desk_work_surface_0009,6b22d0f8c4e103be,pose_hand_context,,34566.2,3.44,,1,cam12/e1/v1,rtmpose_baseline
corpus_03,03.CCTV Mobile Usage.mkv,632de9ed55947761d56d4c6142a3cb1a1fe69d0b1a6d0e01a2e404c697962623,rf_detr_sahi,163067.0,unknown_object,0.3852,68.14,423.08,161.0,516.96,8716.4,92.86,93.87,0.989,False,,True,S-61,41,evt_S-61_desk_work_surface_0009,02e5b799b1f5ee2b,pose_hand_context,,27615.8,3.85,,1,cam12/e1/v1,rtmpose_baseline
corpus_03,03.CCTV Mobile Usage.mkv,632de9ed55947761d56d4c6142a3cb1a1fe69d0b1a6d0e01a2e404c697962623,rf_detr_sahi,163067.0,unknown_object,0.3029,68.11,496.05,161.0,589.0,8634.2,92.89,92.95,0.999,False,,True,S-61,41,evt_S-61_desk_work_surface_0009,02e5b799b1f5ee2b,pose_hand_context,,27615.8,3.85,,1,cam12/e1/v1,rtmpose_baseline
corpus_03,03.CCTV Mobile Usage.mkv,632de9ed55947761d56d4c6142a3cb1a1fe69d0b1a6d0e01a2e404c697962623,rf_detr_sahi,164067.0,unknown_object,0.3282,119.0,406.95,178.39,450.3,2574.5,59.39,43.35,1.37,False,,True,S-61,41,evt_S-61_desk_work_surface_0009,b97de9aa69e74436,pose_hand_context,,24304.8,4.11,,1,cam12/e1/v1,rtmpose_baseline
corpus_03,03.CCTV Mobile Usage.mkv,632de9ed55947761d56d4c6142a3cb1a1fe69d0b1a6d0e01a2e404c697962623,rf_detr_sahi,164067.0,unknown_object,0.2799,77.14,416.04,138.0,485.96,4255.3,60.86,69.92,0.87,False,,True,S-61,41,evt_S-61_desk_work_surface_0009,b97de9aa69e74436,pose_hand_context,,24304.8,4.11,,1,cam12/e1/v1,rtmpose_baseline
corpus_03,03.CCTV Mobile Usage.mkv,632de9ed55947761d56d4c6142a3cb1a1fe69d0b1a6d0e01a2e404c697962623,rf_detr_sahi,165067.0,unknown_object,0.3178,57.04,464.08,170.75,543.0,8974.9,113.71,78.92,1.441,False,,True,S-61,41,evt_S-61_desk_work_surface_0009,395543345cad2d74,pose_hand_context,,22807.0,4.24,,1,cam12/e1/v1,rtmpose_baseline
corpus_03,03.CCTV Mobile Usage.mkv,632de9ed55947761d56d4c6142a3cb1a1fe69d0b1a6d0e01a2e404c697962623,rf_detr_sahi,165067.0,bag,0.2676,76.57,392.0,177.96,446.68,5543.2,101.38,54.68,1.854,False,,True,S-61,41,evt_S-61_desk_work_surface_0009,395543345cad2d74,pose_hand_context,,22807.0,4.24,,1,cam12/e1/v1,rtmpose_baseline
corpus_03,03.CCTV Mobile Usage.mkv,632de9ed55947761d56d4c6142a3cb1a1fe69d0b1a6d0e01a2e404c697962623,rf_detr_sahi,166067.0,unknown_object,0.3994,142.0,374.06,176.19,439.17,2226.0,34.19,65.1,0.525,False,,True,S-61,41,evt_S-61_desk_work_surface_0009,0c7517c98226e31d,pose_hand_context,,25497.7,4.01,,1,cam12/e1/v1,rtmpose_baseline
corpus_03,03.CCTV Mobile Usage.mkv,632de9ed55947761d56d4c6142a3cb1a1fe69d0b1a6d0e01a2e404c697962623,rf_detr_sahi,166067.0,unknown_object,0.3062,142.15,374.0,231.0,463.98,7994.2,88.85,89.97,0.988,False,,True,S-61,41,evt_S-61_desk_work_surface_0009,0c7517c98226e31d,pose_hand_context,,25497.7,4.01,,1,cam12/e1/v1,rtmpose_baseline
corpus_03,03.CCTV Mobile Usage.mkv,632de9ed55947761d56d4c6142a3cb1a1fe69d0b1a6d0e01a2e404c697962623,rf_detr_sahi,166067.0,unknown_object,0.3038,96.07,427.26,161.97,463.81,2408.2,65.9,36.54,1.803,False,,True,S-61,41,evt_S-61_desk_work_surface_0009,0c7517c98226e31d,pose_hand_context,,25497.7,4.01,,1,cam12/e1/v1,rtmpose_baseline
corpus_03,03.CCTV Mobile Usage.mkv,632de9ed55947761d56d4c6142a3cb1a1fe69d0b1a6d0e01a2e404c697962623,rf_detr_sahi,166067.0,bag,0.3003,73.47,374.0,177.14,447.16,7584.5,103.67,73.16,1.417,False,,True,S-61,41,evt_S-61_desk_work_surface_0009,0c7517c98226e31d,pose_hand_context,,25497.7,4.01,,1,cam12/e1/v1,rtmpose_baseline
corpus_03,03.CCTV Mobile Usage.mkv,632de9ed55947761d56d4c6142a3cb1a1fe69d0b1a6d0e01a2e404c697962623,rf_detr_sahi,167067.0,unknown_object,0.281,130.0,458.81,249.02,631.88,20599.6,119.02,173.07,0.688,False,,True,S-61,41,evt_S-61_desk_work_surface_0009,d38e7e1208f0e995,pose_hand_context,,31598.6,3.6,,1,cam12/e1/v1,rtmpose_baseline
corpus_03,03.CCTV Mobile Usage.mkv,632de9ed55947761d56d4c6142a3cb1a1fe69d0b1a6d0e01a2e404c697962623,rf_detr_sahi,168067.0,unknown_object,0.6779,130.09,380.11,176.56,438.99,2736.5,46.48,58.88,0.789,False,,True,S-61,41,evt_S-61_desk_work_surface_0009,072257dc5fed13e5,pose_hand_context,,18884.3,4.66,,1,cam12/e1/v1,rtmpose_baseline
corpus_03,03.CCTV Mobile Usage.mkv,632de9ed55947761d56d4c6142a3cb1a1fe69d0b1a6d0e01a2e404c697962623,rf_detr_sahi,168067.0,bag,0.3252,71.83,380.0,177.55,448.76,7269.1,105.72,68.76,1.538,False,,True,S-61,41,evt_S-61_desk_work_surface_0009,072257dc5fed13e5,pose_hand_context,,18884.3,4.66,,1,cam12/e1/v1,rtmpose_baseline
corpus_03,03.CCTV Mobile Usage.mkv,632de9ed55947761d56d4c6142a3cb1a1fe69d0b1a6d0e01a2e404c697962623,rf_detr_sahi,168067.0,unknown_object,0.3212,70.04,402.88,102.3,458.0,1778.3,32.26,55.12,0.585,False,,True,S-61,41,evt_S-61_desk_work_surface_0009,072257dc5fed13e5,pose_hand_context,,18884.3,4.66,,1,cam12/e1/v1,rtmpose_baseline
corpus_03,03.CCTV Mobile Usage.mkv,632de9ed55947761d56d4c6142a3cb1a1fe69d0b1a6d0e01a2e404c697962623,rf_detr_sahi,168067.0,unknown_object,0.2977,70.06,380.0,146.95,457.9,5989.6,76.89,77.9,0.987,False,,True,S-61,41,evt_S-61_desk_work_surface_0009,072257dc5fed13e5,pose_hand_context,,18884.3,4.66,,1,cam12/e1/v1,rtmpose_baseline
corpus_03,03.CCTV Mobile Usage.mkv,632de9ed55947761d56d4c6142a3cb1a1fe69d0b1a6d0e01a2e404c697962623,rf_detr_sahi,169067.0,unknown_object,0.7151,123.05,401.11,175.96,453.38,2765.7,52.91,52.27,1.012,False,,True,S-61,41,evt_S-61_desk_work_surface_0009,d7ea696609167034,pose_hand_context,,17297.5,4.87,,1,cam12/e1/v1,rtmpose_baseline
corpus_03,03.CCTV Mobile Usage.mkv,632de9ed55947761d56d4c6142a3cb1a1fe69d0b1a6d0e01a2e404c697962623,rf_detr_sahi,169067.0,bag,0.3954,74.72,401.0,176.72,454.3,5435.8,101.99,53.3,1.914,False,,True,S-61,41,evt_S-61_desk_work_surface_0009,d7ea696609167034,pose_hand_context,,17297.5,4.87,,1,cam12/e1/v1,rtmpose_baseline
corpus_03,03.CCTV Mobile Usage.mkv,632de9ed55947761d56d4c6142a3cb1a1fe69d0b1a6d0e01a2e404c697962623,rf_detr_sahi,169067.0,unknown_object,0.3331,78.77,401.09,140.0,454.19,3251.3,61.23,53.1,1.153,False,,True,S-61,41,evt_S-61_desk_work_surface_0009,d7ea696609167034,pose_hand_context,,17297.5,4.87,,1,cam12/e1/v1,rtmpose_baseline
corpus_03,03.CCTV Mobile Usage.mkv,632de9ed55947761d56d4c6142a3cb1a1fe69d0b1a6d0e01a2e404c697962623,rf_detr_sahi,169067.0,unknown_object,0.3189,66.06,401.07,105.92,473.29,2878.2,39.86,72.21,0.552,False,,True,S-61,41,evt_S-61_desk_work_surface_0009,d7ea696609167034,pose_hand_context,,17297.5,4.87,,1,cam12/e1/v1,rtmpose_baseline
corpus_03,03.CCTV Mobile Usage.mkv,632de9ed55947761d56d4c6142a3cb1a1fe69d0b1a6d0e01a2e404c697962623,rf_detr_sahi,172383.0,unknown_object,0.5285,71.05,411.0,156.0,470.2,5028.5,84.95,59.2,1.435,False,,True,S-61,42,evt_S-61_desk_work_surface_0010,350a73bad131f1b8,pose_hand_context,,25664.0,4.0,,1,cam12/e1/v1,rtmpose_baseline
corpus_03,03.CCTV Mobile Usage.mkv,632de9ed55947761d56d4c6142a3cb1a1fe69d0b1a6d0e01a2e404c697962623,rf_detr_sahi,172383.0,stationery,0.3332,66.0,469.28,155.8,524.06,4919.8,89.8,54.79,1.639,False,,True,S-61,42,evt_S-61_desk_work_surface_0010,350a73bad131f1b8,pose_hand_context,,25664.0,4.0,,1,cam12/e1/v1,rtmpose_baseline
corpus_03,03.CCTV Mobile Usage.mkv,632de9ed55947761d56d4c6142a3cb1a1fe69d0b1a6d0e01a2e404c697962623,rf_detr_sahi,172383.0,unknown_object,0.3097,136.08,411.18,176.62,472.17,2472.5,40.54,60.99,0.665,False,,True,S-61,42,evt_S-61_desk_work_surface_0010,350a73bad131f1b8,pose_hand_context,,25664.0,4.0,,1,cam12/e1/v1,rtmpose_baseline
corpus_03,03.CCTV Mobile Usage.mkv,632de9ed55947761d56d4c6142a3cb1a1fe69d0b1a6d0e01a2e404c697962623,rf_detr_sahi,172383.0,stationery,0.285,66.07,501.05,93.66,570.74,1922.7,27.59,69.7,0.396,False,,True,S-61,42,evt_S-61_desk_work_surface_0010,350a73bad131f1b8,pose_hand_context,,25664.0,4.0,,1,cam12/e1/v1,rtmpose_baseline
corpus_03,03.CCTV Mobile Usage.mkv,632de9ed55947761d56d4c6142a3cb1a1fe69d0b1a6d0e01a2e404c697962623,rf_detr_sahi,173383.0,bag,0.4302,78.14,366.0,176.99,443.14,7624.9,98.85,77.14,1.281,False,,True,S-61,42,evt_S-61_desk_work_surface_0010,7f1684b90a55e8eb,pose_hand_context,,30109.2,3.69,,1,cam12/e1/v1,rtmpose_baseline
corpus_03,03.CCTV Mobile Usage.mkv,632de9ed55947761d56d4c6142a3cb1a1fe69d0b1a6d0e01a2e404c697962623,rf_detr_sahi,173383.0,unknown_object,0.3088,99.08,435.4,158.0,462.95,1623.4,58.92,27.55,2.138,False,,True,S-61,42,evt_S-61_desk_work_surface_0010,7f1684b90a55e8eb,pose_hand_context,,30109.2,3.69,,1,cam12/e1/v1,rtmpose_baseline
corpus_03,03.CCTV Mobile Usage.mkv,632de9ed55947761d56d4c6142a3cb1a1fe69d0b1a6d0e01a2e404c697962623,rf_detr_sahi,173383.0,unknown_object,0.2601,136.0,366.06,176.25,440.7,3004.2,40.25,74.64,0.539,False,,True,S-61,42,evt_S-61_desk_work_surface_0010,7f1684b90a55e8eb,pose_hand_context,,30109.2,3.69,,1,cam12/e1/v1,rtmpose_baseline
corpus_03,03.CCTV Mobile Usage.mkv,632de9ed55947761d56d4c6142a3cb1a1fe69d0b1a6d0e01a2e404c697962623,rf_detr_sahi,174383.0,monitor_or_bezel,0.5012,101.02,511.0,205.0,615.0,10814.0,103.98,104.0,1.0,False,,True,S-61,42,evt_S-61_desk_work_surface_0010,4a199a3aa7423197,pose_hand_context,,34373.2,3.45,,1,cam12/e1/v1,rtmpose_baseline
corpus_03,03.CCTV Mobile Usage.mkv,632de9ed55947761d56d4c6142a3cb1a1fe69d0b1a6d0e01a2e404c697962623,rf_detr_sahi,174383.0,unknown_object,0.4533,101.0,430.0,193.96,505.22,6991.8,92.96,75.22,1.236,False,,True,S-61,42,evt_S-61_desk_work_surface_0010,4a199a3aa7423197,pose_hand_context,,34373.2,3.45,,1,cam12/e1/v1,rtmpose_baseline
corpus_03,03.CCTV Mobile Usage.mkv,632de9ed55947761d56d4c6142a3cb1a1fe69d0b1a6d0e01a2e404c697962623,rf_detr_sahi,174383.0,unknown_object,0.2658,182.11,511.11,285.93,614.81,10765.7,103.82,103.7,1.001,False,,True,S-61,42,evt_S-61_desk_work_surface_0010,4a199a3aa7423197,pose_hand_context,,34373.2,3.45,,1,cam12/e1/v1,rtmpose_baseline
corpus_03,03.CCTV Mobile Usage.mkv,632de9ed55947761d56d4c6142a3cb1a1fe69d0b1a6d0e01a2e404c697962623,rf_detr_sahi,175383.0,unknown_object,0.357,105.0,442.85,161.7,515.45,4116.7,56.7,72.6,0.781,False,,True,S-61,42,evt_S-61_desk_work_surface_0010,bc47ca5eb507b04d,pose_hand_context,,32098.3,3.57,,1,cam12/e1/v1,rtmpose_baseline
corpus_03,03.CCTV Mobile Usage.mkv,632de9ed55947761d56d4c6142a3cb1a1fe69d0b1a6d0e01a2e404c697962623,rf_detr_sahi,175383.0,unknown_object,0.3525,183.01,420.09,284.0,520.84,10174.9,100.99,100.75,1.002,False,,True,S-61,42,evt_S-61_desk_work_surface_0010,bc47ca5eb507b04d,pose_hand_context,,32098.3,3.57,,1,cam12/e1/v1,rtmpose_baseline
corpus_03,03.CCTV Mobile Usage.mkv,632de9ed55947761d56d4c6142a3cb1a1fe69d0b1a6d0e01a2e404c697962623,rf_detr_sahi,175383.0,unknown_object,0.2578,125.79,445.66,205.0,521.0,5967.6,79.21,75.34,1.051,False,,True,S-61,42,evt_S-61_desk_work_surface_0010,bc47ca5eb507b04d,pose_hand_context,,32098.3,3.57,,1,cam12/e1/v1,rtmpose_baseline
corpus_03,03.CCTV Mobile Usage.mkv,632de9ed55947761d56d4c6142a3cb1a1fe69d0b1a6d0e01a2e404c697962623,rf_detr_sahi,176383.0,unknown_object,0.5298,184.45,415.08,286.89,517.77,10520.2,102.44,102.69,0.998,False,,True,S-61,42,evt_S-61_desk_work_surface_0010,f813fba80aad2861,pose_hand_context,,33116.7,3.52,,1,cam12/e1/v1,rtmpose_baseline
corpus_03,03.CCTV Mobile Usage.mkv,632de9ed55947761d56d4c6142a3cb1a1fe69d0b1a6d0e01a2e404c697962623,rf_detr_sahi,176383.0,unknown_object,0.2958,105.13,415.21,207.0,517.95,10465.6,101.87,102.73,0.992,False,,True,S-61,42,evt_S-61_desk_work_surface_0010,f813fba80aad2861,pose_hand_context,,33116.7,3.52,,1,cam12/e1/v1,rtmpose_baseline
corpus_03,03.CCTV Mobile Usage.mkv,632de9ed55947761d56d4c6142a3cb1a1fe69d0b1a6d0e01a2e404c697962623,rf_detr_sahi,176383.0,unknown_object,0.2501,105.04,440.88,161.98,512.57,4082.1,56.95,71.68,0.794,False,,True,S-61,42,evt_S-61_desk_work_surface_0010,f813fba80aad2861,pose_hand_context,,33116.7,3.52,,1,cam12/e1/v1,rtmpose_baseline
corpus_03,03.CCTV Mobile Usage.mkv,632de9ed55947761d56d4c6142a3cb1a1fe69d0b1a6d0e01a2e404c697962623,rf_detr_sahi,180900.0,unknown_object,0.4549,115.31,278.0,173.0,369.04,5252.1,57.69,91.04,0.634,False,,True,S-61,43,evt_S-61_desk_work_surface_0011,0b9ec7eed2bacf5b,pose_hand_context,,37799.1,3.29,,1,cam12/e1/v1,rtmpose_baseline
corpus_03,03.CCTV Mobile Usage.mkv,632de9ed55947761d56d4c6142a3cb1a1fe69d0b1a6d0e01a2e404c697962623,rf_detr_sahi,180900.0,bag,0.4327,14.88,278.0,108.86,359.11,7622.7,93.98,81.11,1.159,False,,True,S-61,43,evt_S-61_desk_work_surface_0011,0b9ec7eed2bacf5b,pose_hand_context,,37799.1,3.29,,1,cam12/e1/v1,rtmpose_baseline
corpus_03,03.CCTV Mobile Usage.mkv,632de9ed55947761d56d4c6142a3cb1a1fe69d0b1a6d0e01a2e404c697962623,rf_detr_sahi,180900.0,stationery,0.3675,39.99,442.09,72.0,470.84,920.3,32.01,28.75,1.113,False,,True,S-61,43,evt_S-61_desk_work_surface_0011,0b9ec7eed2bacf5b,pose_hand_context,,37799.1,3.29,,1,cam12/e1/v1,rtmpose_baseline
corpus_03,03.CCTV Mobile Usage.mkv,632de9ed55947761d56d4c6142a3cb1a1fe69d0b1a6d0e01a2e404c697962623,rf_detr_sahi,180900.0,unknown_object,0.3355,9.0,278.05,119.0,387.0,11984.0,110.0,108.95,1.01,False,,True,S-61,43,evt_S-61_desk_work_surface_0011,0b9ec7eed2bacf5b,pose_hand_context,,37799.1,3.29,,1,cam12/e1/v1,rtmpose_baseline
corpus_03,03.CCTV Mobile Usage.mkv,632de9ed55947761d56d4c6142a3cb1a1fe69d0b1a6d0e01a2e404c697962623,rf_detr_sahi,180900.0,monitor_or_bezel,0.3226,94.0,363.11,172.56,452.88,7051.6,78.56,89.76,0.875,False,,True,S-61,43,evt_S-61_desk_work_surface_0011,0b9ec7eed2bacf5b,pose_hand_context,,37799.1,3.29,,1,cam12/e1/v1,rtmpose_baseline
corpus_03,03.CCTV Mobile Usage.mkv,632de9ed55947761d56d4c6142a3cb1a1fe69d0b1a6d0e01a2e404c697962623,rf_detr_sahi,181900.0,unknown_object,0.3715,187.0,405.1,295.89,514.0,11858.5,108.89,108.9,1.0,False,,True,S-61,43,evt_S-61_desk_work_surface_0011,69c4ad3f30796d74,pose_hand_context,,37581.7,3.3,,1,cam12/e1/v1,rtmpose_baseline
corpus_03,03.CCTV Mobile Usage.mkv,632de9ed55947761d56d4c6142a3cb1a1fe69d0b1a6d0e01a2e404c697962623,rf_detr_sahi,181900.0,unknown_object,0.2683,102.01,432.15,168.96,511.2,5292.0,66.95,79.05,0.847,False,,True,S-61,43,evt_S-61_desk_work_surface_0011,69c4ad3f30796d74,pose_hand_context,,37581.7,3.3,,1,cam12/e1/v1,rtmpose_baseline
corpus_03,03.CCTV Mobile Usage.mkv,632de9ed55947761d56d4c6142a3cb1a1fe69d0b1a6d0e01a2e404c697962623,rf_detr_sahi,182900.0,unknown_object,0.4761,151.02,331.0,201.58,449.91,6012.2,50.56,118.91,0.425,False,,True,S-61,43,evt_S-61_desk_work_surface_0011,67da8fb03982df7d,pose_hand_context,,44977.9,3.02,,1,cam12/e1/v1,rtmpose_baseline
corpus_03,03.CCTV Mobile Usage.mkv,632de9ed55947761d56d4c6142a3cb1a1fe69d0b1a6d0e01a2e404c697962623,rf_detr_sahi,182900.0,unknown_object,0.2755,151.0,424.14,270.0,542.84,14125.1,119.0,118.7,1.003,False,,True,S-61,43,evt_S-61_desk_work_surface_0011,67da8fb03982df7d,pose_hand_context,,44977.9,3.02,,1,cam12/e1/v1,rtmpose_baseline
corpus_03,03.CCTV Mobile Usage.mkv,632de9ed55947761d56d4c6142a3cb1a1fe69d0b1a6d0e01a2e404c697962623,rf_detr_sahi,183900.0,unknown_object,0.7524,74.01,474.0,198.0,598.0,15375.3,123.99,124.0,1.0,False,,True,S-61,43,evt_S-61_desk_work_surface_0011,59b6bfd1e62d29fb,pose_hand_context,,48461.6,2.91,,1,cam12/e1/v1,rtmpose_baseline
corpus_03,03.CCTV Mobile Usage.mkv,632de9ed55947761d56d4c6142a3cb1a1fe69d0b1a6d0e01a2e404c697962623,rf_detr_sahi,183900.0,unknown_object,0.3116,74.0,378.39,85.4,441.39,718.4,11.4,63.0,0.181,False,,True,S-61,43,evt_S-61_desk_work_surface_0011,59b6bfd1e62d29fb,pose_hand_context,,48461.6,2.91,,1,cam12/e1/v1,rtmpose_baseline
corpus_03,03.CCTV Mobile Usage.mkv,632de9ed55947761d56d4c6142a3cb1a1fe69d0b1a6d0e01a2e404c697962623,rf_detr_sahi,184900.0,unknown_object,0.4946,62.19,421.02,177.0,534.92,13077.0,114.81,113.9,1.008,False,,True,S-61,43,evt_S-61_desk_work_surface_0011,7fdfd314c4f1fd2a,pose_hand_context,,41477.4,3.14,,1,cam12/e1/v1,rtmpose_baseline
corpus_03,03.CCTV Mobile Usage.mkv,632de9ed55947761d56d4c6142a3cb1a1fe69d0b1a6d0e01a2e404c697962623,rf_detr_sahi,184900.0,unknown_object,0.4107,171.88,421.0,265.91,534.99,10719.3,94.04,113.99,0.825,False,,True,S-61,43,evt_S-61_desk_work_surface_0011,7fdfd314c4f1fd2a,pose_hand_context,,41477.4,3.14,,1,cam12/e1/v1,rtmpose_baseline
corpus_03,03.CCTV Mobile Usage.mkv,632de9ed55947761d56d4c6142a3cb1a1fe69d0b1a6d0e01a2e404c697962623,rf_detr_sahi,184900.0,unknown_object,0.401,112.5,332.01,176.97,416.91,5473.4,64.47,84.9,0.759,False,,True,S-61,43,evt_S-61_desk_work_surface_0011,7fdfd314c4f1fd2a,pose_hand_context,,41477.4,3.14,,1,cam12/e1/v1,rtmpose_baseline
corpus_03,03.CCTV Mobile Usage.mkv,632de9ed55947761d56d4c6142a3cb1a1fe69d0b1a6d0e01a2e404c697962623,rf_detr_sahi,184900.0,unknown_object,0.3122,62.0,332.0,110.25,385.72,2592.3,48.25,53.72,0.898,False,,True,S-61,43,evt_S-61_desk_work_surface_0011,7fdfd314c4f1fd2a,pose_hand_context,,41477.4,3.14,,1,cam12/e1/v1,rtmpose_baseline
corpus_03,03.CCTV Mobile Usage.mkv,632de9ed55947761d56d4c6142a3cb1a1fe69d0b1a6d0e01a2e404c697962623,rf_detr_sahi,184900.0,unknown_object,0.3065,151.0,332.13,187.83,445.81,4187.0,36.83,113.67,0.324,False,,True,S-61,43,evt_S-61_desk_work_surface_0011,7fdfd314c4f1fd2a,pose_hand_context,,41477.4,3.14,,1,cam12/e1/v1,rtmpose_baseline
corpus_03,03.CCTV Mobile Usage.mkv,632de9ed55947761d56d4c6142a3cb1a1fe69d0b1a6d0e01a2e404c697962623,rf_detr_sahi,184900.0,unknown_object,0.2778,62.04,332.02,177.0,446.0,13104.0,114.96,113.98,1.009,False,,True,S-61,43,evt_S-61_desk_work_surface_0011,7fdfd314c4f1fd2a,pose_hand_context,,41477.4,3.14,,1,cam12/e1/v1,rtmpose_baseline
corpus_03,03.CCTV Mobile Usage.mkv,632de9ed55947761d56d4c6142a3cb1a1fe69d0b1a6d0e01a2e404c697962623,rf_detr_sahi,185900.0,phone,0.5293,52.0,443.17,71.54,463.0,387.4,19.54,19.83,0.985,False,,True,S-61,43,evt_S-61_desk_work_surface_0011,4e9267c05a309422,pose_hand_context,,50319.5,2.85,,1,cam12/e1/v1,rtmpose_baseline
corpus_03,03.CCTV Mobile Usage.mkv,632de9ed55947761d56d4c6142a3cb1a1fe69d0b1a6d0e01a2e404c697962623,rf_detr_sahi,185900.0,stationery,0.4588,52.0,442.96,71.76,475.76,648.3,19.76,32.81,0.602,False,,True,S-61,43,evt_S-61_desk_work_surface_0011,4e9267c05a309422,pose_hand_context,,50319.5,2.85,,1,cam12/e1/v1,rtmpose_baseline
corpus_03,03.CCTV Mobile Usage.mkv,632de9ed55947761d56d4c6142a3cb1a1fe69d0b1a6d0e01a2e404c697962623,rf_detr_sahi,185900.0,unknown_object,0.3547,123.39,435.0,177.95,561.0,6874.4,54.56,126.0,0.433,False,,True,S-61,43,evt_S-61_desk_work_surface_0011,4e9267c05a309422,pose_hand_context,,50319.5,2.85,,1,cam12/e1/v1,rtmpose_baseline
corpus_03,03.CCTV Mobile Usage.mkv,632de9ed55947761d56d4c6142a3cb1a1fe69d0b1a6d0e01a2e404c697962623,rf_detr_sahi,185900.0,bag,0.324,80.38,382.56,159.33,456.01,5799.7,78.95,73.46,1.075,False,,True,S-61,43,evt_S-61_desk_work_surface_0011,4e9267c05a309422,pose_hand_context,,50319.5,2.85,,1,cam12/e1/v1,rtmpose_baseline
corpus_03,03.CCTV Mobile Usage.mkv,632de9ed55947761d56d4c6142a3cb1a1fe69d0b1a6d0e01a2e404c697962623,rf_detr_sahi,186900.0,unknown_object,0.3514,48.07,430.0,174.18,559.57,16339.4,126.11,129.57,0.973,False,,True,S-61,43,evt_S-61_desk_work_surface_0011,b7bdb405893ab3c6,pose_hand_context,,53527.4,2.77,,1,cam12/e1/v1,rtmpose_baseline
corpus_03,03.CCTV Mobile Usage.mkv,632de9ed55947761d56d4c6142a3cb1a1fe69d0b1a6d0e01a2e404c697962623,rf_detr_sahi,186900.0,phone,0.3033,48.0,442.22,72.13,458.95,403.8,24.13,16.73,1.442,False,,True,S-61,43,evt_S-61_desk_work_surface_0011,b7bdb405893ab3c6,pose_hand_context,,53527.4,2.77,,1,cam12/e1/v1,rtmpose_baseline
corpus_03,03.CCTV Mobile Usage.mkv,632de9ed55947761d56d4c6142a3cb1a1fe69d0b1a6d0e01a2e404c697962623,rf_detr_sahi,186900.0,unknown_object,0.2876,48.0,328.0,109.21,388.03,3674.4,61.21,60.03,1.02,False,,True,S-61,43,evt_S-61_desk_work_surface_0011,b7bdb405893ab3c6,pose_hand_context,,53527.4,2.77,,1,cam12/e1/v1,rtmpose_baseline
corpus_03,03.CCTV Mobile Usage.mkv,632de9ed55947761d56d4c6142a3cb1a1fe69d0b1a6d0e01a2e404c697962623,rf_detr_sahi,186900.0,unknown_object,0.2835,121.87,479.04,171.3,511.59,1608.4,49.43,32.54,1.519,False,,True,S-61,43,evt_S-61_desk_work_surface_0011,b7bdb405893ab3c6,pose_hand_context,,53527.4,2.77,,1,cam12/e1/v1,rtmpose_baseline
corpus_03,03.CCTV Mobile Usage.mkv,632de9ed55947761d56d4c6142a3cb1a1fe69d0b1a6d0e01a2e404c697962623,rf_detr_sahi,186900.0,stationery,0.2832,48.07,430.0,174.18,559.57,16339.4,126.11,129.57,0.973,False,,True,S-61,43,evt_S-61_desk_work_surface_0011,b7bdb405893ab3c6,pose_hand_context,,53527.4,2.77,,1,cam12/e1/v1,rtmpose_baseline
corpus_03,03.CCTV Mobile Usage.mkv,632de9ed55947761d56d4c6142a3cb1a1fe69d0b1a6d0e01a2e404c697962623,rf_detr_sahi,186900.0,stationery,0.2802,121.48,472.37,177.58,513.47,2305.6,56.1,41.1,1.365,False,,True,S-61,43,evt_S-61_desk_work_surface_0011,b7bdb405893ab3c6,pose_hand_context,,53527.4,2.77,,1,cam12/e1/v1,rtmpose_baseline
corpus_03,03.CCTV Mobile Usage.mkv,632de9ed55947761d56d4c6142a3cb1a1fe69d0b1a6d0e01a2e404c697962623,rf_detr_sahi,186900.0,unknown_object,0.2766,149.03,446.9,209.63,559.89,6847.5,60.6,113.0,0.536,False,,True,S-61,43,evt_S-61_desk_work_surface_0011,b7bdb405893ab3c6,pose_hand_context,,53527.4,2.77,,1,cam12/e1/v1,rtmpose_baseline
corpus_03,03.CCTV Mobile Usage.mkv,632de9ed55947761d56d4c6142a3cb1a1fe69d0b1a6d0e01a2e404c697962623,rf_detr_sahi,186900.0,bag,0.2643,79.13,382.57,157.96,456.12,5798.4,78.84,73.55,1.072,False,,True,S-61,43,evt_S-61_desk_work_surface_0011,b7bdb405893ab3c6,pose_hand_context,,53527.4,2.77,,1,cam12/e1/v1,rtmpose_baseline
corpus_03,03.CCTV Mobile Usage.mkv,632de9ed55947761d56d4c6142a3cb1a1fe69d0b1a6d0e01a2e404c697962623,rf_detr_sahi,186900.0,unknown_object,0.2621,79.82,328.0,176.65,456.13,12406.6,96.83,128.13,0.756,False,,True,S-61,43,evt_S-61_desk_work_surface_0011,b7bdb405893ab3c6,pose_hand_context,,53527.4,2.77,,1,cam12/e1/v1,rtmpose_baseline
corpus_03,03.CCTV Mobile Usage.mkv,632de9ed55947761d56d4c6142a3cb1a1fe69d0b1a6d0e01a2e404c697962623,rf_detr_sahi,187900.0,unknown_object,0.4722,75.0,476.05,172.0,572.96,9400.4,97.0,96.91,1.001,False,,True,S-61,43,evt_S-61_desk_work_surface_0011,4bf3398ba8046c09,pose_hand_context,,29908.2,3.7,,1,cam12/e1/v1,rtmpose_baseline
corpus_03,03.CCTV Mobile Usage.mkv,632de9ed55947761d56d4c6142a3cb1a1fe69d0b1a6d0e01a2e404c697962623,rf_detr_sahi,187900.0,unknown_object,0.3447,151.08,493.38,216.99,573.0,5247.1,65.9,79.62,0.828,False,,True,S-61,43,evt_S-61_desk_work_surface_0011,4bf3398ba8046c09,pose_hand_context,,29908.2,3.7,,1,cam12/e1/v1,rtmpose_baseline
corpus_03,03.CCTV Mobile Usage.mkv,632de9ed55947761d56d4c6142a3cb1a1fe69d0b1a6d0e01a2e404c697962623,rf_detr_sahi,187900.0,unknown_object,0.3185,151.04,401.01,184.2,497.87,3211.0,33.15,96.86,0.342,False,,True,S-61,43,evt_S-61_desk_work_surface_0011,4bf3398ba8046c09,pose_hand_context,,29908.2,3.7,,1,cam12/e1/v1,rtmpose_baseline
corpus_03,03.CCTV Mobile Usage.mkv,632de9ed55947761d56d4c6142a3cb1a1fe69d0b1a6d0e01a2e404c697962623,rf_detr_sahi,187900.0,unknown_object,0.2823,151.25,401.03,248.0,498.0,9382.4,96.75,96.97,0.998,False,,True,S-61,43,evt_S-61_desk_work_surface_0011,4bf3398ba8046c09,pose_hand_context,,29908.2,3.7,,1,cam12/e1/v1,rtmpose_baseline
corpus_03,03.CCTV Mobile Usage.mkv,632de9ed55947761d56d4c6142a3cb1a1fe69d0b1a6d0e01a2e404c697962623,rf_detr_sahi,187900.0,bag,0.2595,75.43,401.0,175.67,454.45,5357.8,100.23,53.45,1.875,False,,True,S-61,43,evt_S-61_desk_work_surface_0011,4bf3398ba8046c09,pose_hand_context,,29908.2,3.7,,1,cam12/e1/v1,rtmpose_baseline
corpus_03,03.CCTV Mobile Usage.mkv,632de9ed55947761d56d4c6142a3cb1a1fe69d0b1a6d0e01a2e404c697962623,rf_detr_sahi,188900.0,unknown_object,0.7422,822.03,7.4,855.38,44.45,1235.8,33.35,37.05,0.9,False,,True,unattributed,45,evt_S-61_desk_work_surface_0011,d5629fce5745428f,native_source_context_fallback,no_pose_observation,6264.2,6.73,,1,cam12/e1/v1,
corpus_03,03.CCTV Mobile Usage.mkv,632de9ed55947761d56d4c6142a3cb1a1fe69d0b1a6d0e01a2e404c697962623,rf_detr_sahi,188900.0,unknown_object,0.354,851.04,0.04,888.0,52.92,1954.1,36.96,52.88,0.699,False,,True,unattributed,45,evt_S-61_desk_work_surface_0011,d5629fce5745428f,native_source_context_fallback,no_pose_observation,6264.2,6.73,,1,cam12/e1/v1,
corpus_03,03.CCTV Mobile Usage.mkv,632de9ed55947761d56d4c6142a3cb1a1fe69d0b1a6d0e01a2e404c697962623,rf_detr_sahi,188900.0,monitor_or_bezel,0.299,822.05,6.83,855.0,44.82,1252.1,32.96,37.99,0.868,False,,True,unattributed,45,evt_S-61_desk_work_surface_0011,d5629fce5745428f,native_source_context_fallback,no_pose_observation,6264.2,6.73,,1,cam12/e1/v1,
corpus_03,03.CCTV Mobile Usage.mkv,632de9ed55947761d56d4c6142a3cb1a1fe69d0b1a6d0e01a2e404c697962623,rf_detr_sahi,188900.0,bag,0.2666,822.19,5.72,886.24,94.44,5682.4,64.05,88.72,0.722,False,,True,unattributed,45,evt_S-61_desk_work_surface_0011,d5629fce5745428f,native_source_context_fallback,no_pose_observation,6264.2,6.73,,1,cam12/e1/v1,
corpus_03,03.CCTV Mobile Usage.mkv,632de9ed55947761d56d4c6142a3cb1a1fe69d0b1a6d0e01a2e404c697962623,rf_detr_sahi,188900.0,unknown_object,0.5296,63.47,444.16,155.0,527.0,7582.6,91.53,82.84,1.105,False,,True,S-61,43,evt_S-61_desk_work_surface_0011,d8e5ab1b8e525e2d,pose_hand_context,,38573.0,3.26,,1,cam12/e1/v1,rtmpose_baseline
corpus_03,03.CCTV Mobile Usage.mkv,632de9ed55947761d56d4c6142a3cb1a1fe69d0b1a6d0e01a2e404c697962623,rf_detr_sahi,188900.0,unknown_object,0.3465,78.04,497.83,154.79,526.9,2231.7,76.75,29.08,2.64,False,,True,S-61,43,evt_S-61_desk_work_surface_0011,d8e5ab1b8e525e2d,pose_hand_context,,38573.0,3.26,,1,cam12/e1/v1,rtmpose_baseline
corpus_03,03.CCTV Mobile Usage.mkv,632de9ed55947761d56d4c6142a3cb1a1fe69d0b1a6d0e01a2e404c697962623,rf_detr_sahi,188900.0,unknown_object,0.251,45.31,331.03,155.0,440.9,12051.9,109.69,109.87,0.998,False,,True,S-61,43,evt_S-61_desk_work_surface_0011,d8e5ab1b8e525e2d,pose_hand_context,,38573.0,3.26,,1,cam12/e1/v1,rtmpose_baseline
corpus_03,03.CCTV Mobile Usage.mkv,632de9ed55947761d56d4c6142a3cb1a1fe69d0b1a6d0e01a2e404c697962623,rf_detr_sahi,189900.0,unknown_object,0.522,73.0,490.57,189.0,587.74,11272.1,116.0,97.17,1.194,False,,True,S-61,43,evt_S-61_desk_work_surface_0011,9312cfc9f7912b33,pose_hand_context,,42956.7,3.09,,1,cam12/e1/v1,rtmpose_baseline
corpus_03,03.CCTV Mobile Usage.mkv,632de9ed55947761d56d4c6142a3cb1a1fe69d0b1a6d0e01a2e404c697962623,rf_detr_sahi,190900.0,unknown_object,0.4549,38.0,417.07,154.0,532.7,13412.6,116.0,115.63,1.003,False,,True,S-61,43,evt_S-61_desk_work_surface_0011,d9ace3c4db8b6ae4,pose_hand_context,,42543.2,3.1,,1,cam12/e1/v1,rtmpose_baseline
corpus_03,03.CCTV Mobile Usage.mkv,632de9ed55947761d56d4c6142a3cb1a1fe69d0b1a6d0e01a2e404c697962623,rf_detr_sahi,190900.0,unknown_object,0.4009,129.0,445.89,245.0,532.94,10098.0,116.0,87.05,1.333,False,,True,S-61,43,evt_S-61_desk_work_surface_0011,d9ace3c4db8b6ae4,pose_hand_context,,42543.2,3.1,,1,cam12/e1/v1,rtmpose_baseline
corpus_03,03.CCTV Mobile Usage.mkv,632de9ed55947761d56d4c6142a3cb1a1fe69d0b1a6d0e01a2e404c697962623,rf_detr_sahi,190900.0,unknown_object,0.3959,38.21,326.12,154.0,441.79,13393.1,115.79,115.67,1.001,False,,True,S-61,43,evt_S-61_desk_work_surface_0011,d9ace3c4db8b6ae4,pose_hand_context,,42543.2,3.1,,1,cam12/e1/v1,rtmpose_baseline
corpus_03,03.CCTV Mobile Usage.mkv,632de9ed55947761d56d4c6142a3cb1a1fe69d0b1a6d0e01a2e404c697962623,rf_detr_sahi,190900.0,unknown_object,0.3498,129.05,326.11,189.4,441.96,6992.3,60.36,115.85,0.521,False,,True,S-61,43,evt_S-61_desk_work_surface_0011,d9ace3c4db8b6ae4,pose_hand_context,,42543.2,3.1,,1,cam12/e1/v1,rtmpose_baseline
corpus_03,03.CCTV Mobile Usage.mkv,632de9ed55947761d56d4c6142a3cb1a1fe69d0b1a6d0e01a2e404c697962623,rf_detr_sahi,190900.0,unknown_object,0.3322,38.37,335.38,204.75,532.74,32835.6,166.38,197.35,0.843,False,,True,S-61,43,evt_S-61_desk_work_surface_0011,d9ace3c4db8b6ae4,pose_hand_context,,42543.2,3.1,,1,cam12/e1/v1,rtmpose_baseline
corpus_03,03.CCTV Mobile Usage.mkv,632de9ed55947761d56d4c6142a3cb1a1fe69d0b1a6d0e01a2e404c697962623,rf_detr_sahi,190900.0,monitor_or_bezel,0.3192,38.14,346.39,153.84,442.0,11061.7,115.7,95.61,1.21,False,,True,S-61,43,evt_S-61_desk_work_surface_0011,d9ace3c4db8b6ae4,pose_hand_context,,42543.2,3.1,,1,cam12/e1/v1,rtmpose_baseline
corpus_03,03.CCTV Mobile Usage.mkv,632de9ed55947761d56d4c6142a3cb1a1fe69d0b1a6d0e01a2e404c697962623,rf_detr_sahi,191900.0,unknown_object,0.8239,960.11,452.26,1057.21,479.94,2687.3,97.11,27.67,3.509,False,,True,R-desk,46,evt_S-61_desk_work_surface_0011,18214d6b4fef384d,lap_bag_context,no_pose_observation,34560.0,1.33,,1,cam12/e1/v1,
corpus_03,03.CCTV Mobile Usage.mkv,632de9ed55947761d56d4c6142a3cb1a1fe69d0b1a6d0e01a2e404c697962623,rf_detr_sahi,191900.0,unknown_object,0.542,1042.83,423.03,1112.28,473.26,3489.0,69.45,50.24,1.382,False,,True,R-desk,46,evt_S-61_desk_work_surface_0011,18214d6b4fef384d,lap_bag_context,no_pose_observation,34560.0,1.33,,1,cam12/e1/v1,
corpus_03,03.CCTV Mobile Usage.mkv,632de9ed55947761d56d4c6142a3cb1a1fe69d0b1a6d0e01a2e404c697962623,rf_detr_sahi,191900.0,unknown_object,0.3625,821.59,408.07,865.78,420.64,555.5,44.19,12.57,3.515,False,,True,R-desk,46,evt_S-61_desk_work_surface_0011,18214d6b4fef384d,lap_bag_context,no_pose_observation,34560.0,1.33,,1,cam12/e1/v1,
corpus_03,03.CCTV Mobile Usage.mkv,632de9ed55947761d56d4c6142a3cb1a1fe69d0b1a6d0e01a2e404c697962623,rf_detr_sahi,191900.0,unknown_object,0.3516,969.73,408.01,1140.78,448.0,6839.9,171.05,39.99,4.278,False,,True,R-desk,46,evt_S-61_desk_work_surface_0011,18214d6b4fef384d,lap_bag_context,no_pose_observation,34560.0,1.33,,1,cam12/e1/v1,
corpus_03,03.CCTV Mobile Usage.mkv,632de9ed55947761d56d4c6142a3cb1a1fe69d0b1a6d0e01a2e404c697962623,rf_detr_sahi,191900.0,unknown_object,0.3298,864.29,413.35,892.48,438.38,705.5,28.19,25.03,1.126,False,,True,R-desk,46,evt_S-61_desk_work_surface_0011,18214d6b4fef384d,lap_bag_context,no_pose_observation,34560.0,1.33,,1,cam12/e1/v1,
corpus_03,03.CCTV Mobile Usage.mkv,632de9ed55947761d56d4c6142a3cb1a1fe69d0b1a6d0e01a2e404c697962623,rf_detr_sahi,191900.0,stationery,0.357,119.11,444.11,196.48,541.0,7496.5,77.37,96.89,0.798,False,,True,S-61,43,evt_S-61_desk_work_surface_0011,fbcd773baf9b06c1,pose_hand_context,,48682.0,2.9,,1,cam12/e1/v1,rtmpose_baseline
corpus_03,03.CCTV Mobile Usage.mkv,632de9ed55947761d56d4c6142a3cb1a1fe69d0b1a6d0e01a2e404c697962623,rf_detr_sahi,191900.0,unknown_object,0.3466,23.2,416.14,147.0,540.87,15441.6,123.8,124.73,0.993,False,,True,S-61,43,evt_S-61_desk_work_surface_0011,fbcd773baf9b06c1,pose_hand_context,,48682.0,2.9,,1,cam12/e1/v1,rtmpose_baseline
corpus_03,03.CCTV Mobile Usage.mkv,632de9ed55947761d56d4c6142a3cb1a1fe69d0b1a6d0e01a2e404c697962623,rf_detr_sahi,191900.0,unknown_object,0.3001,23.03,320.39,147.0,443.78,15296.8,123.97,123.39,1.005,False,,True,S-61,43,evt_S-61_desk_work_surface_0011,fbcd773baf9b06c1,pose_hand_context,,48682.0,2.9,,1,cam12/e1/v1,rtmpose_baseline
corpus_03,03.CCTV Mobile Usage.mkv,632de9ed55947761d56d4c6142a3cb1a1fe69d0b1a6d0e01a2e404c697962623,rf_detr_sahi,191900.0,unknown_object,0.282,23.0,491.2,147.0,540.86,6157.7,124.0,49.66,2.497,False,,True,S-61,43,evt_S-61_desk_work_surface_0011,fbcd773baf9b06c1,pose_hand_context,,48682.0,2.9,,1,cam12/e1/v1,rtmpose_baseline
corpus_03,03.CCTV Mobile Usage.mkv,632de9ed55947761d56d4c6142a3cb1a1fe69d0b1a6d0e01a2e404c697962623,rf_detr_sahi,192900.0,stationery,0.3943,123.11,449.54,209.66,538.0,7656.5,86.55,88.46,0.978,False,,True,S-61,43,evt_S-61_desk_work_surface_0011,75fc24d0e8581c00,pose_hand_context,,41314.6,3.15,,1,cam12/e1/v1,rtmpose_baseline
corpus_03,03.CCTV Mobile Usage.mkv,632de9ed55947761d56d4c6142a3cb1a1fe69d0b1a6d0e01a2e404c697962623,rf_detr_sahi,192900.0,unknown_object,0.3558,34.07,335.0,113.57,384.8,3959.2,79.5,49.8,1.596,False,,True,S-61,43,evt_S-61_desk_work_surface_0011,75fc24d0e8581c00,pose_hand_context,,41314.6,3.15,,1,cam12/e1/v1,rtmpose_baseline
corpus_03,03.CCTV Mobile Usage.mkv,632de9ed55947761d56d4c6142a3cb1a1fe69d0b1a6d0e01a2e404c697962623,rf_detr_sahi,192900.0,monitor_or_bezel,0.2903,34.03,335.2,148.0,448.93,12961.5,113.97,113.73,1.002,False,,True,S-61,43,evt_S-61_desk_work_surface_0011,75fc24d0e8581c00,pose_hand_context,,41314.6,3.15,,1,cam12/e1/v1,rtmpose_baseline
corpus_03,03.CCTV Mobile Usage.mkv,632de9ed55947761d56d4c6142a3cb1a1fe69d0b1a6d0e01a2e404c697962623,rf_detr_sahi,192900.0,unknown_object,0.2569,34.49,338.57,215.11,538.0,36020.9,180.62,199.43,0.906,False,,True,S-61,43,evt_S-61_desk_work_surface_0011,75fc24d0e8581c00,pose_hand_context,,41314.6,3.15,,1,cam12/e1/v1,rtmpose_baseline
corpus_03,03.CCTV Mobile Usage.mkv,632de9ed55947761d56d4c6142a3cb1a1fe69d0b1a6d0e01a2e404c697962623,rf_detr_sahi,192900.0,unknown_object,0.2563,126.29,476.16,148.0,526.77,1098.7,21.71,50.61,0.429,False,,True,S-61,43,evt_S-61_desk_work_surface_0011,75fc24d0e8581c00,pose_hand_context,,41314.6,3.15,,1,cam12/e1/v1,rtmpose_baseline
corpus_03,03.CCTV Mobile Usage.mkv,632de9ed55947761d56d4c6142a3cb1a1fe69d0b1a6d0e01a2e404c697962623,rf_detr_sahi,193900.0,unknown_object,0.5265,128.18,358.07,229.99,459.94,10372.5,101.82,101.87,0.999,False,,True,S-61,43,evt_S-61_desk_work_surface_0011,be12dc87ad3b1c13,pose_hand_context,,33218.7,3.51,,1,cam12/e1/v1,rtmpose_baseline
corpus_03,03.CCTV Mobile Usage.mkv,632de9ed55947761d56d4c6142a3cb1a1fe69d0b1a6d0e01a2e404c697962623,rf_detr_sahi,193900.0,phone,0.3727,48.01,442.84,71.43,473.93,728.1,23.42,31.09,0.753,False,,True,S-61,43,evt_S-61_desk_work_surface_0011,be12dc87ad3b1c13,pose_hand_context,,33218.7,3.51,,1,cam12/e1/v1,rtmpose_baseline
corpus_03,03.CCTV Mobile Usage.mkv,632de9ed55947761d56d4c6142a3cb1a1fe69d0b1a6d0e01a2e404c697962623,rf_detr_sahi,193900.0,stationery,0.3384,128.0,458.42,196.43,539.84,5572.2,68.43,81.43,0.84,False,,True,S-61,43,evt_S-61_desk_work_surface_0011,be12dc87ad3b1c13,pose_hand_context,,33218.7,3.51,,1,cam12/e1/v1,rtmpose_baseline
corpus_03,03.CCTV Mobile Usage.mkv,632de9ed55947761d56d4c6142a3cb1a1fe69d0b1a6d0e01a2e404c697962623,rf_detr_sahi,193900.0,unknown_object,0.2908,48.14,437.1,149.93,539.82,10455.6,101.79,102.72,0.991,False,,True,S-61,43,evt_S-61_desk_work_surface_0011,be12dc87ad3b1c13,pose_hand_context,,33218.7,3.51,,1,cam12/e1/v1,rtmpose_baseline
corpus_03,03.CCTV Mobile Usage.mkv,632de9ed55947761d56d4c6142a3cb1a1fe69d0b1a6d0e01a2e404c697962623,rf_detr_sahi,193900.0,mouse,0.2739,48.01,442.84,71.43,473.93,728.1,23.42,31.09,0.753,False,,True,S-61,43,evt_S-61_desk_work_surface_0011,be12dc87ad3b1c13,pose_hand_context,,33218.7,3.51,,1,cam12/e1/v1,rtmpose_baseline
corpus_03,03.CCTV Mobile Usage.mkv,632de9ed55947761d56d4c6142a3cb1a1fe69d0b1a6d0e01a2e404c697962623,rf_detr_sahi,193900.0,unknown_object,0.266,188.2,358.0,230.0,460.0,4263.1,41.8,102.0,0.41,False,,True,S-61,43,evt_S-61_desk_work_surface_0011,be12dc87ad3b1c13,pose_hand_context,,33218.7,3.51,,1,cam12/e1/v1,rtmpose_baseline
corpus_03,03.CCTV Mobile Usage.mkv,632de9ed55947761d56d4c6142a3cb1a1fe69d0b1a6d0e01a2e404c697962623,rf_detr_sahi,254500.0,unknown_object,0.8359,960.37,452.14,1057.92,479.97,2714.5,97.55,27.83,3.506,False,,True,R-desk,48,evt_S-61_desk_work_surface_0012,038aed9b3e7a3d2e,lap_bag_context,no_pose_observation,34560.0,1.33,,1,cam12/e1/v1,
corpus_03,03.CCTV Mobile Usage.mkv,632de9ed55947761d56d4c6142a3cb1a1fe69d0b1a6d0e01a2e404c697962623,rf_detr_sahi,254500.0,unknown_object,0.8012,971.68,408.0,1128.12,447.98,6254.4,156.44,39.98,3.913,False,,True,R-desk,48,evt_S-61_desk_work_surface_0012,038aed9b3e7a3d2e,lap_bag_context,no_pose_observation,34560.0,1.33,,1,cam12/e1/v1,
corpus_03,03.CCTV Mobile Usage.mkv,632de9ed55947761d56d4c6142a3cb1a1fe69d0b1a6d0e01a2e404c697962623,rf_detr_sahi,254500.0,unknown_object,0.7481,1042.68,422.46,1113.15,473.28,3581.2,70.47,50.82,1.387,False,,True,R-desk,48,evt_S-61_desk_work_surface_0012,038aed9b3e7a3d2e,lap_bag_context,no_pose_observation,34560.0,1.33,,1,cam12/e1/v1,
corpus_03,03.CCTV Mobile Usage.mkv,632de9ed55947761d56d4c6142a3cb1a1fe69d0b1a6d0e01a2e404c697962623,rf_detr_sahi,254500.0,unknown_object,0.5581,864.52,413.22,893.11,438.0,708.4,28.58,24.78,1.153,False,,True,R-desk,48,evt_S-61_desk_work_surface_0012,038aed9b3e7a3d2e,lap_bag_context,no_pose_observation,34560.0,1.33,,1,cam12/e1/v1,
corpus_03,03.CCTV Mobile Usage.mkv,632de9ed55947761d56d4c6142a3cb1a1fe69d0b1a6d0e01a2e404c697962623,rf_detr_sahi,254500.0,unknown_object,0.4686,822.07,408.05,865.56,420.57,544.7,43.49,12.52,3.473,False,,True,R-desk,48,evt_S-61_desk_work_surface_0012,038aed9b3e7a3d2e,lap_bag_context,no_pose_observation,34560.0,1.33,,1,cam12/e1/v1,
corpus_03,03.CCTV Mobile Usage.mkv,632de9ed55947761d56d4c6142a3cb1a1fe69d0b1a6d0e01a2e404c697962623,rf_detr_sahi,254500.0,unknown_object,0.2859,880.38,408.16,937.99,453.37,2604.2,57.61,45.21,1.274,False,,True,R-desk,48,evt_S-61_desk_work_surface_0012,038aed9b3e7a3d2e,lap_bag_context,no_pose_observation,34560.0,1.33,,1,cam12/e1/v1,
corpus_03,03.CCTV Mobile Usage.mkv,632de9ed55947761d56d4c6142a3cb1a1fe69d0b1a6d0e01a2e404c697962623,rf_detr_sahi,254500.0,keyboard,0.282,28.0,445.52,109.6,496.65,4172.8,81.6,51.13,1.596,False,,True,S-61,47,evt_S-61_desk_work_surface_0012,654989f4cc25f471,pose_hand_context,,20529.2,4.47,,1,cam12/e1/v1,rtmpose_baseline
corpus_03,03.CCTV Mobile Usage.mkv,632de9ed55947761d56d4c6142a3cb1a1fe69d0b1a6d0e01a2e404c697962623,rf_detr_sahi,254500.0,mouse,0.2792,39.32,438.28,73.66,471.27,1132.9,34.34,32.99,1.041,False,,True,S-61,47,evt_S-61_desk_work_surface_0012,654989f4cc25f471,pose_hand_context,,20529.2,4.47,,1,cam12/e1/v1,rtmpose_baseline
corpus_03,03.CCTV Mobile Usage.mkv,632de9ed55947761d56d4c6142a3cb1a1fe69d0b1a6d0e01a2e404c697962623,rf_detr_sahi,254500.0,unknown_object,0.2709,91.05,449.33,171.0,508.93,4764.9,79.95,59.6,1.342,False,,True,S-61,47,evt_S-61_desk_work_surface_0012,654989f4cc25f471,pose_hand_context,,20529.2,4.47,,1,cam12/e1/v1,rtmpose_baseline
corpus_03,03.CCTV Mobile Usage.mkv,632de9ed55947761d56d4c6142a3cb1a1fe69d0b1a6d0e01a2e404c697962623,rf_detr_sahi,254500.0,unknown_object,0.2604,28.07,428.34,108.0,497.13,5498.6,79.93,68.8,1.162,False,,True,S-61,47,evt_S-61_desk_work_surface_0012,654989f4cc25f471,pose_hand_context,,20529.2,4.47,,1,cam12/e1/v1,rtmpose_baseline
corpus_03,03.CCTV Mobile Usage.mkv,632de9ed55947761d56d4c6142a3cb1a1fe69d0b1a6d0e01a2e404c697962623,rf_detr_sahi,254500.0,unknown_object,0.2554,162.75,389.68,170.98,504.15,942.3,8.23,114.47,0.072,False,,True,S-61,47,evt_S-61_desk_work_surface_0012,654989f4cc25f471,pose_hand_context,,20529.2,4.47,,1,cam12/e1/v1,rtmpose_baseline
corpus_03,03.CCTV Mobile Usage.mkv,632de9ed55947761d56d4c6142a3cb1a1fe69d0b1a6d0e01a2e404c697962623,rf_detr_sahi,255500.0,unknown_object,0.4714,102.87,447.45,136.93,467.99,699.7,34.06,20.55,1.658,False,,True,S-61,47,evt_S-61_desk_work_surface_0012,376f4d7fa965cf43,pose_hand_context,,20891.8,4.43,,1,cam12/e1/v1,rtmpose_baseline
corpus_03,03.CCTV Mobile Usage.mkv,632de9ed55947761d56d4c6142a3cb1a1fe69d0b1a6d0e01a2e404c697962623,rf_detr_sahi,255500.0,mouse,0.3413,39.6,446.66,72.42,471.26,807.7,32.83,24.6,1.334,False,,True,S-61,47,evt_S-61_desk_work_surface_0012,376f4d7fa965cf43,pose_hand_context,,20891.8,4.43,,1,cam12/e1/v1,rtmpose_baseline
corpus_03,03.CCTV Mobile Usage.mkv,632de9ed55947761d56d4c6142a3cb1a1fe69d0b1a6d0e01a2e404c697962623,rf_detr_sahi,255500.0,unknown_object,0.3123,39.79,447.16,70.33,470.82,722.8,30.54,23.67,1.29,False,,True,S-61,47,evt_S-61_desk_work_surface_0012,376f4d7fa965cf43,pose_hand_context,,20891.8,4.43,,1,cam12/e1/v1,rtmpose_baseline
corpus_03,03.CCTV Mobile Usage.mkv,632de9ed55947761d56d4c6142a3cb1a1fe69d0b1a6d0e01a2e404c697962623,rf_detr_sahi,255500.0,unknown_object,0.2573,26.05,446.77,107.79,498.7,4245.2,81.74,51.94,1.574,False,,True,S-61,47,evt_S-61_desk_work_surface_0012,376f4d7fa965cf43,pose_hand_context,,20891.8,4.43,,1,cam12/e1/v1,rtmpose_baseline
corpus_03,03.CCTV Mobile Usage.mkv,632de9ed55947761d56d4c6142a3cb1a1fe69d0b1a6d0e01a2e404c697962623,rf_detr_sahi,255500.0,unknown_object,0.8068,960.31,452.2,1056.9,479.97,2682.7,96.6,27.77,3.478,False,,True,R-desk,49,evt_S-61_desk_work_surface_0012,451c6c12f28a4d5b,lap_bag_context,no_pose_observation,34560.0,1.33,,1,cam12/e1/v1,
corpus_03,03.CCTV Mobile Usage.mkv,632de9ed55947761d56d4c6142a3cb1a1fe69d0b1a6d0e01a2e404c697962623,rf_detr_sahi,255500.0,unknown_object,0.7569,971.22,408.0,1128.22,447.98,6277.7,157.0,39.98,3.927,False,,True,R-desk,49,evt_S-61_desk_work_surface_0012,451c6c12f28a4d5b,lap_bag_context,no_pose_observation,34560.0,1.33,,1,cam12/e1/v1,
corpus_03,03.CCTV Mobile Usage.mkv,632de9ed55947761d56d4c6142a3cb1a1fe69d0b1a6d0e01a2e404c697962623,rf_detr_sahi,255500.0,unknown_object,0.6851,1042.8,422.49,1112.72,473.36,3556.9,69.92,50.87,1.374,False,,True,R-desk,49,evt_S-61_desk_work_surface_0012,451c6c12f28a4d5b,lap_bag_context,no_pose_observation,34560.0,1.33,,1,cam12/e1/v1,
corpus_03,03.CCTV Mobile Usage.mkv,632de9ed55947761d56d4c6142a3cb1a1fe69d0b1a6d0e01a2e404c697962623,rf_detr_sahi,255500.0,unknown_object,0.5447,864.62,413.19,893.16,438.01,708.3,28.54,24.82,1.15,False,,True,R-desk,49,evt_S-61_desk_work_surface_0012,451c6c12f28a4d5b,lap_bag_context,no_pose_observation,34560.0,1.33,,1,cam12/e1/v1,
corpus_03,03.CCTV Mobile Usage.mkv,632de9ed55947761d56d4c6142a3cb1a1fe69d0b1a6d0e01a2e404c697962623,rf_detr_sahi,255500.0,unknown_object,0.4545,822.38,408.06,865.01,420.64,536.4,42.62,12.59,3.387,False,,True,R-desk,49,evt_S-61_desk_work_surface_0012,451c6c12f28a4d5b,lap_bag_context,no_pose_observation,34560.0,1.33,,1,cam12/e1/v1,
corpus_03,03.CCTV Mobile Usage.mkv,632de9ed55947761d56d4c6142a3cb1a1fe69d0b1a6d0e01a2e404c697962623,rf_detr_sahi,255500.0,unknown_object,0.2915,880.3,408.18,938.57,453.45,2637.9,58.27,45.27,1.287,False,,True,R-desk,49,evt_S-61_desk_work_surface_0012,451c6c12f28a4d5b,lap_bag_context,no_pose_observation,34560.0,1.33,,1,cam12/e1/v1,
corpus_03,03.CCTV Mobile Usage.mkv,632de9ed55947761d56d4c6142a3cb1a1fe69d0b1a6d0e01a2e404c697962623,rf_detr_sahi,256500.0,unknown_object,0.7503,241.0,553.15,336.0,646.97,8913.2,95.0,93.82,1.013,False,,True,S-61,47,evt_S-61_desk_work_surface_0012,19ff9a8f8da79889,pose_hand_context,,28271.1,3.81,,1,cam12/e1/v1,rtmpose_baseline
corpus_03,03.CCTV Mobile Usage.mkv,632de9ed55947761d56d4c6142a3cb1a1fe69d0b1a6d0e01a2e404c697962623,rf_detr_sahi,256500.0,unknown_object,0.4667,168.15,553.06,262.0,646.83,8800.5,93.85,93.78,1.001,False,,True,S-61,47,evt_S-61_desk_work_surface_0012,19ff9a8f8da79889,pose_hand_context,,28271.1,3.81,,1,cam12/e1/v1,rtmpose_baseline
corpus_03,03.CCTV Mobile Usage.mkv,632de9ed55947761d56d4c6142a3cb1a1fe69d0b1a6d0e01a2e404c697962623,rf_detr_sahi,256500.0,unknown_object,0.4053,168.02,479.02,262.0,573.72,8900.6,93.98,94.7,0.992,False,,True,S-61,47,evt_S-61_desk_work_surface_0012,19ff9a8f8da79889,pose_hand_context,,28271.1,3.81,,1,cam12/e1/v1,rtmpose_baseline
corpus_03,03.CCTV Mobile Usage.mkv,632de9ed55947761d56d4c6142a3cb1a1fe69d0b1a6d0e01a2e404c697962623,rf_detr_sahi,256500.0,unknown_object,0.2689,168.02,574.69,208.87,614.04,1607.9,40.86,39.35,1.038,False,,True,S-61,47,evt_S-61_desk_work_surface_0012,19ff9a8f8da79889,pose_hand_context,,28271.1,3.81,,1,cam12/e1/v1,rtmpose_baseline
corpus_03,03.CCTV Mobile Usage.mkv,632de9ed55947761d56d4c6142a3cb1a1fe69d0b1a6d0e01a2e404c697962623,rf_detr_sahi,256500.0,unknown_object,0.7826,960.44,452.08,1057.75,479.97,2714.1,97.31,27.89,3.489,False,,True,R-desk,49,evt_S-61_desk_work_surface_0012,757bc2dfadf8a267,lap_bag_context,no_pose_observation,34560.0,1.33,,1,cam12/e1/v1,
corpus_03,03.CCTV Mobile Usage.mkv,632de9ed55947761d56d4c6142a3cb1a1fe69d0b1a6d0e01a2e404c697962623,rf_detr_sahi,256500.0,unknown_object,0.6789,1042.55,422.81,1112.31,473.51,3536.5,69.76,50.7,1.376,False,,True,R-desk,49,evt_S-61_desk_work_surface_0012,757bc2dfadf8a267,lap_bag_context,no_pose_observation,34560.0,1.33,,1,cam12/e1/v1,
corpus_03,03.CCTV Mobile Usage.mkv,632de9ed55947761d56d4c6142a3cb1a1fe69d0b1a6d0e01a2e404c697962623,rf_detr_sahi,256500.0,unknown_object,0.5492,864.52,413.22,893.2,437.66,700.9,28.68,24.44,1.174,False,,True,R-desk,49,evt_S-61_desk_work_surface_0012,757bc2dfadf8a267,lap_bag_context,no_pose_observation,34560.0,1.33,,1,cam12/e1/v1,
corpus_03,03.CCTV Mobile Usage.mkv,632de9ed55947761d56d4c6142a3cb1a1fe69d0b1a6d0e01a2e404c697962623,rf_detr_sahi,256500.0,unknown_object,0.4543,969.91,408.0,1140.63,448.0,6828.7,170.72,40.0,4.268,False,,True,R-desk,49,evt_S-61_desk_work_surface_0012,757bc2dfadf8a267,lap_bag_context,no_pose_observation,34560.0,1.33,,1,cam12/e1/v1,
corpus_03,03.CCTV Mobile Usage.mkv,632de9ed55947761d56d4c6142a3cb1a1fe69d0b1a6d0e01a2e404c697962623,rf_detr_sahi,256500.0,unknown_object,0.4324,822.59,408.05,865.3,420.71,540.9,42.71,12.66,3.372,False,,True,R-desk,49,evt_S-61_desk_work_surface_0012,757bc2dfadf8a267,lap_bag_context,no_pose_observation,34560.0,1.33,,1,cam12/e1/v1,
corpus_03,03.CCTV Mobile Usage.mkv,632de9ed55947761d56d4c6142a3cb1a1fe69d0b1a6d0e01a2e404c697962623,rf_detr_sahi,256500.0,unknown_object,0.2568,880.95,408.11,939.77,453.4,2663.8,58.83,45.28,1.299,False,,True,R-desk,49,evt_S-61_desk_work_surface_0012,757bc2dfadf8a267,lap_bag_context,no_pose_observation,34560.0,1.33,,1,cam12/e1/v1,
corpus_03,03.CCTV Mobile Usage.mkv,632de9ed55947761d56d4c6142a3cb1a1fe69d0b1a6d0e01a2e404c697962623,rf_detr_sahi,257500.0,unknown_object,0.7805,960.42,452.08,1057.64,479.97,2711.1,97.22,27.89,3.486,False,,True,R-desk,50,evt_S-61_desk_work_surface_0012,6e4133af21bee8a3,lap_bag_context,no_pose_observation,34560.0,1.33,,1,cam12/e1/v1,
corpus_03,03.CCTV Mobile Usage.mkv,632de9ed55947761d56d4c6142a3cb1a1fe69d0b1a6d0e01a2e404c697962623,rf_detr_sahi,257500.0,unknown_object,0.6768,1042.56,422.81,1112.29,473.5,3534.8,69.73,50.69,1.376,False,,True,R-desk,50,evt_S-61_desk_work_surface_0012,6e4133af21bee8a3,lap_bag_context,no_pose_observation,34560.0,1.33,,1,cam12/e1/v1,
corpus_03,03.CCTV Mobile Usage.mkv,632de9ed55947761d56d4c6142a3cb1a1fe69d0b1a6d0e01a2e404c697962623,rf_detr_sahi,257500.0,unknown_object,0.5486,864.52,413.22,893.21,437.66,701.0,28.68,24.44,1.174,False,,True,R-desk,50,evt_S-61_desk_work_surface_0012,6e4133af21bee8a3,lap_bag_context,no_pose_observation,34560.0,1.33,,1,cam12/e1/v1,
corpus_03,03.CCTV Mobile Usage.mkv,632de9ed55947761d56d4c6142a3cb1a1fe69d0b1a6d0e01a2e404c697962623,rf_detr_sahi,257500.0,unknown_object,0.4325,969.53,408.0,1141.28,448.0,6870.0,171.75,40.0,4.294,False,,True,R-desk,50,evt_S-61_desk_work_surface_0012,6e4133af21bee8a3,lap_bag_context,no_pose_observation,34560.0,1.33,,1,cam12/e1/v1,
corpus_03,03.CCTV Mobile Usage.mkv,632de9ed55947761d56d4c6142a3cb1a1fe69d0b1a6d0e01a2e404c697962623,rf_detr_sahi,257500.0,unknown_object,0.4297,822.59,408.05,865.29,420.71,540.8,42.7,12.66,3.372,False,,True,R-desk,50,evt_S-61_desk_work_surface_0012,6e4133af21bee8a3,lap_bag_context,no_pose_observation,34560.0,1.33,,1,cam12/e1/v1,
corpus_03,03.CCTV Mobile Usage.mkv,632de9ed55947761d56d4c6142a3cb1a1fe69d0b1a6d0e01a2e404c697962623,rf_detr_sahi,257500.0,unknown_object,0.2567,881.02,408.12,939.8,453.4,2661.5,58.78,45.28,1.298,False,,True,R-desk,50,evt_S-61_desk_work_surface_0012,6e4133af21bee8a3,lap_bag_context,no_pose_observation,34560.0,1.33,,1,cam12/e1/v1,
corpus_03,03.CCTV Mobile Usage.mkv,632de9ed55947761d56d4c6142a3cb1a1fe69d0b1a6d0e01a2e404c697962623,rf_detr_sahi,257500.0,mouse,0.5021,39.4,447.39,70.28,471.2,735.0,30.88,23.8,1.297,False,,True,S-61,47,evt_S-61_desk_work_surface_0012,9367598ba2df894d,pose_hand_context,,28770.9,3.77,,1,cam12/e1/v1,rtmpose_baseline
corpus_03,03.CCTV Mobile Usage.mkv,632de9ed55947761d56d4c6142a3cb1a1fe69d0b1a6d0e01a2e404c697962623,rf_detr_sahi,257500.0,unknown_object,0.4443,13.0,446.83,108.0,522.91,7228.0,95.0,76.08,1.249,False,,True,S-61,47,evt_S-61_desk_work_surface_0012,9367598ba2df894d,pose_hand_context,,28770.9,3.77,,1,cam12/e1/v1,rtmpose_baseline
corpus_03,03.CCTV Mobile Usage.mkv,632de9ed55947761d56d4c6142a3cb1a1fe69d0b1a6d0e01a2e404c697962623,rf_detr_sahi,257500.0,unknown_object,0.3231,87.0,448.45,181.8,522.91,7058.8,94.8,74.46,1.273,False,,True,S-61,47,evt_S-61_desk_work_surface_0012,9367598ba2df894d,pose_hand_context,,28770.9,3.77,,1,cam12/e1/v1,rtmpose_baseline
corpus_03,03.CCTV Mobile Usage.mkv,632de9ed55947761d56d4c6142a3cb1a1fe69d0b1a6d0e01a2e404c697962623,rf_detr_sahi,257500.0,keyboard,0.2643,23.97,447.13,106.8,496.07,4052.9,82.83,48.93,1.693,False,,True,S-61,47,evt_S-61_desk_work_surface_0012,9367598ba2df894d,pose_hand_context,,28770.9,3.77,,1,cam12/e1/v1,rtmpose_baseline
corpus_03,03.CCTV Mobile Usage.mkv,632de9ed55947761d56d4c6142a3cb1a1fe69d0b1a6d0e01a2e404c697962623,rf_detr_sahi,258500.0,unknown_object,0.78,960.47,452.08,1057.37,479.97,2702.3,96.9,27.89,3.474,False,,True,R-desk,51,evt_S-61_desk_work_surface_0012,bdb86f3dff80f5b6,lap_bag_context,no_pose_observation,34560.0,1.33,,1,cam12/e1/v1,
corpus_03,03.CCTV Mobile Usage.mkv,632de9ed55947761d56d4c6142a3cb1a1fe69d0b1a6d0e01a2e404c697962623,rf_detr_sahi,258500.0,unknown_object,0.6756,1042.64,422.87,1112.28,473.51,3526.1,69.64,50.64,1.375,False,,True,R-desk,51,evt_S-61_desk_work_surface_0012,bdb86f3dff80f5b6,lap_bag_context,no_pose_observation,34560.0,1.33,,1,cam12/e1/v1,
corpus_03,03.CCTV Mobile Usage.mkv,632de9ed55947761d56d4c6142a3cb1a1fe69d0b1a6d0e01a2e404c697962623,rf_detr_sahi,258500.0,unknown_object,0.5496,864.51,413.22,893.2,437.66,701.4,28.69,24.45,1.174,False,,True,R-desk,51,evt_S-61_desk_work_surface_0012,bdb86f3dff80f5b6,lap_bag_context,no_pose_observation,34560.0,1.33,,1,cam12/e1/v1,
corpus_03,03.CCTV Mobile Usage.mkv,632de9ed55947761d56d4c6142a3cb1a1fe69d0b1a6d0e01a2e404c697962623,rf_detr_sahi,258500.0,unknown_object,0.447,969.65,408.0,1140.19,448.0,6821.4,170.54,40.0,4.264,False,,True,R-desk,51,evt_S-61_desk_work_surface_0012,bdb86f3dff80f5b6,lap_bag_context,no_pose_observation,34560.0,1.33,,1,cam12/e1/v1,
corpus_03,03.CCTV Mobile Usage.mkv,632de9ed55947761d56d4c6142a3cb1a1fe69d0b1a6d0e01a2e404c697962623,rf_detr_sahi,258500.0,unknown_object,0.4293,822.61,408.05,865.27,420.71,540.2,42.66,12.66,3.369,False,,True,R-desk,51,evt_S-61_desk_work_surface_0012,bdb86f3dff80f5b6,lap_bag_context,no_pose_observation,34560.0,1.33,,1,cam12/e1/v1,
corpus_03,03.CCTV Mobile Usage.mkv,632de9ed55947761d56d4c6142a3cb1a1fe69d0b1a6d0e01a2e404c697962623,rf_detr_sahi,258500.0,unknown_object,0.2589,880.99,408.13,939.77,453.4,2661.3,58.78,45.27,1.298,False,,True,R-desk,51,evt_S-61_desk_work_surface_0012,bdb86f3dff80f5b6,lap_bag_context,no_pose_observation,34560.0,1.33,,1,cam12/e1/v1,
corpus_03,03.CCTV Mobile Usage.mkv,632de9ed55947761d56d4c6142a3cb1a1fe69d0b1a6d0e01a2e404c697962623,rf_detr_sahi,258500.0,unknown_object,0.78,960.47,452.08,1057.37,479.97,2702.3,96.9,27.89,3.474,False,,True,R-desk,50,evt_S-61_desk_work_surface_0012,bdb86f3dff80f5b6,lap_bag_context,no_pose_observation,34560.0,1.33,,1,cam12/e1/v1,
corpus_03,03.CCTV Mobile Usage.mkv,632de9ed55947761d56d4c6142a3cb1a1fe69d0b1a6d0e01a2e404c697962623,rf_detr_sahi,258500.0,unknown_object,0.6756,1042.64,422.87,1112.28,473.51,3526.1,69.64,50.64,1.375,False,,True,R-desk,50,evt_S-61_desk_work_surface_0012,bdb86f3dff80f5b6,lap_bag_context,no_pose_observation,34560.0,1.33,,1,cam12/e1/v1,
corpus_03,03.CCTV Mobile Usage.mkv,632de9ed55947761d56d4c6142a3cb1a1fe69d0b1a6d0e01a2e404c697962623,rf_detr_sahi,258500.0,unknown_object,0.5496,864.51,413.22,893.2,437.66,701.4,28.69,24.45,1.174,False,,True,R-desk,50,evt_S-61_desk_work_surface_0012,bdb86f3dff80f5b6,lap_bag_context,no_pose_observation,34560.0,1.33,,1,cam12/e1/v1,
corpus_03,03.CCTV Mobile Usage.mkv,632de9ed55947761d56d4c6142a3cb1a1fe69d0b1a6d0e01a2e404c697962623,rf_detr_sahi,258500.0,unknown_object,0.447,969.65,408.0,1140.19,448.0,6821.4,170.54,40.0,4.264,False,,True,R-desk,50,evt_S-61_desk_work_surface_0012,bdb86f3dff80f5b6,lap_bag_context,no_pose_observation,34560.0,1.33,,1,cam12/e1/v1,
corpus_03,03.CCTV Mobile Usage.mkv,632de9ed55947761d56d4c6142a3cb1a1fe69d0b1a6d0e01a2e404c697962623,rf_detr_sahi,258500.0,unknown_object,0.4293,822.61,408.05,865.27,420.71,540.2,42.66,12.66,3.369,False,,True,R-desk,50,evt_S-61_desk_work_surface_0012,bdb86f3dff80f5b6,lap_bag_context,no_pose_observation,34560.0,1.33,,1,cam12/e1/v1,
corpus_03,03.CCTV Mobile Usage.mkv,632de9ed55947761d56d4c6142a3cb1a1fe69d0b1a6d0e01a2e404c697962623,rf_detr_sahi,258500.0,unknown_object,0.2589,880.99,408.13,939.77,453.4,2661.3,58.78,45.27,1.298,False,,True,R-desk,50,evt_S-61_desk_work_surface_0012,bdb86f3dff80f5b6,lap_bag_context,no_pose_observation,34560.0,1.33,,1,cam12/e1/v1,
corpus_03,03.CCTV Mobile Usage.mkv,632de9ed55947761d56d4c6142a3cb1a1fe69d0b1a6d0e01a2e404c697962623,rf_detr_sahi,258500.0,unknown_object,0.4542,7.0,426.26,107.96,526.63,10132.7,100.96,100.37,1.006,False,,True,S-61,47,evt_S-61_desk_work_surface_0012,f7fbefc2289fa486,pose_hand_context,,32227.4,3.57,,1,cam12/e1/v1,rtmpose_baseline
corpus_03,03.CCTV Mobile Usage.mkv,632de9ed55947761d56d4c6142a3cb1a1fe69d0b1a6d0e01a2e404c697962623,rf_detr_sahi,258500.0,unknown_object,0.384,86.0,449.51,186.26,526.91,7760.1,100.26,77.4,1.295,False,,True,S-61,47,evt_S-61_desk_work_surface_0012,f7fbefc2289fa486,pose_hand_context,,32227.4,3.57,,1,cam12/e1/v1,rtmpose_baseline
corpus_03,03.CCTV Mobile Usage.mkv,632de9ed55947761d56d4c6142a3cb1a1fe69d0b1a6d0e01a2e404c697962623,rf_detr_sahi,258500.0,phone,0.384,39.62,447.03,71.56,471.42,778.8,31.94,24.39,1.31,False,,True,S-61,47,evt_S-61_desk_work_surface_0012,f7fbefc2289fa486,pose_hand_context,,32227.4,3.57,,1,cam12/e1/v1,rtmpose_baseline
corpus_03,03.CCTV Mobile Usage.mkv,632de9ed55947761d56d4c6142a3cb1a1fe69d0b1a6d0e01a2e404c697962623,rf_detr_sahi,258500.0,mouse,0.2883,39.62,447.03,71.56,471.42,778.8,31.94,24.39,1.31,False,,True,S-61,47,evt_S-61_desk_work_surface_0012,f7fbefc2289fa486,pose_hand_context,,32227.4,3.57,,1,cam12/e1/v1,rtmpose_baseline
corpus_03,03.CCTV Mobile Usage.mkv,632de9ed55947761d56d4c6142a3cb1a1fe69d0b1a6d0e01a2e404c697962623,rf_detr_sahi,258500.0,keyboard,0.2658,23.35,446.66,113.6,496.47,4495.5,90.25,49.81,1.812,False,,True,S-61,47,evt_S-61_desk_work_surface_0012,f7fbefc2289fa486,pose_hand_context,,32227.4,3.57,,1,cam12/e1/v1,rtmpose_baseline
corpus_03,03.CCTV Mobile Usage.mkv,632de9ed55947761d56d4c6142a3cb1a1fe69d0b1a6d0e01a2e404c697962623,rf_detr_sahi,259500.0,mouse,0.7225,39.95,446.83,71.23,471.84,782.1,31.28,25.0,1.251,False,,True,S-61,47,evt_S-61_desk_work_surface_0012,5402a68bcdd2c9e7,pose_hand_context,,36016.4,3.37,,1,cam12/e1/v1,rtmpose_baseline
corpus_03,03.CCTV Mobile Usage.mkv,632de9ed55947761d56d4c6142a3cb1a1fe69d0b1a6d0e01a2e404c697962623,rf_detr_sahi,259500.0,unknown_object,0.4357,2.06,425.19,108.95,531.8,11395.0,106.89,106.61,1.003,False,,True,S-61,47,evt_S-61_desk_work_surface_0012,5402a68bcdd2c9e7,pose_hand_context,,36016.4,3.37,,1,cam12/e1/v1,rtmpose_baseline
corpus_03,03.CCTV Mobile Usage.mkv,632de9ed55947761d56d4c6142a3cb1a1fe69d0b1a6d0e01a2e404c697962623,rf_detr_sahi,259500.0,unknown_object,0.3899,85.0,447.42,189.74,531.83,8840.9,104.74,84.41,1.241,False,,True,S-61,47,evt_S-61_desk_work_surface_0012,5402a68bcdd2c9e7,pose_hand_context,,36016.4,3.37,,1,cam12/e1/v1,rtmpose_baseline
corpus_03,03.CCTV Mobile Usage.mkv,632de9ed55947761d56d4c6142a3cb1a1fe69d0b1a6d0e01a2e404c697962623,rf_detr_sahi,259500.0,keyboard,0.3087,23.34,447.83,107.06,496.62,4084.2,83.72,48.78,1.716,False,,True,S-61,47,evt_S-61_desk_work_surface_0012,5402a68bcdd2c9e7,pose_hand_context,,36016.4,3.37,,1,cam12/e1/v1,rtmpose_baseline
corpus_03,03.CCTV Mobile Usage.mkv,632de9ed55947761d56d4c6142a3cb1a1fe69d0b1a6d0e01a2e404c697962623,rf_detr_sahi,259500.0,unknown_object,0.2827,2.11,342.0,87.76,449.0,9164.5,85.65,107.0,0.8,False,,True,S-61,47,evt_S-61_desk_work_surface_0012,5402a68bcdd2c9e7,pose_hand_context,,36016.4,3.37,,1,cam12/e1/v1,rtmpose_baseline
corpus_03,03.CCTV Mobile Usage.mkv,632de9ed55947761d56d4c6142a3cb1a1fe69d0b1a6d0e01a2e404c697962623,rf_detr_sahi,259500.0,phone,0.258,85.03,382.0,160.69,429.57,3599.3,75.66,47.57,1.59,False,,True,S-61,47,evt_S-61_desk_work_surface_0012,5402a68bcdd2c9e7,pose_hand_context,,36016.4,3.37,,1,cam12/e1/v1,rtmpose_baseline
corpus_03,03.CCTV Mobile Usage.mkv,632de9ed55947761d56d4c6142a3cb1a1fe69d0b1a6d0e01a2e404c697962623,rf_detr_sahi,273183.0,unknown_object,0.6868,37.31,363.0,120.0,473.0,9096.2,82.69,110.0,0.752,False,,True,S-61,52,evt_S-61_desk_work_surface_0013,781a97f7370f14b4,pose_hand_context,,38518.0,3.26,,1,cam12/e1/v1,rtmpose_baseline
corpus_03,03.CCTV Mobile Usage.mkv,632de9ed55947761d56d4c6142a3cb1a1fe69d0b1a6d0e01a2e404c697962623,rf_detr_sahi,273183.0,unknown_object,0.5728,115.3,277.0,206.0,386.81,9958.8,90.7,109.81,0.826,False,,True,S-61,52,evt_S-61_desk_work_surface_0013,781a97f7370f14b4,pose_hand_context,,38518.0,3.26,,1,cam12/e1/v1,rtmpose_baseline
corpus_03,03.CCTV Mobile Usage.mkv,632de9ed55947761d56d4c6142a3cb1a1fe69d0b1a6d0e01a2e404c697962623,rf_detr_sahi,273183.0,unknown_object,0.5219,96.02,386.35,176.16,473.0,6944.0,80.14,86.65,0.925,False,,True,S-61,52,evt_S-61_desk_work_surface_0013,781a97f7370f14b4,pose_hand_context,,38518.0,3.26,,1,cam12/e1/v1,rtmpose_baseline
corpus_03,03.CCTV Mobile Usage.mkv,632de9ed55947761d56d4c6142a3cb1a1fe69d0b1a6d0e01a2e404c697962623,rf_detr_sahi,273183.0,unknown_object,0.5115,153.87,363.0,206.0,473.0,5734.0,52.13,110.0,0.474,False,,True,S-61,52,evt_S-61_desk_work_surface_0013,781a97f7370f14b4,pose_hand_context,,38518.0,3.26,,1,cam12/e1/v1,rtmpose_baseline
corpus_03,03.CCTV Mobile Usage.mkv,632de9ed55947761d56d4c6142a3cb1a1fe69d0b1a6d0e01a2e404c697962623,rf_detr_sahi,273183.0,unknown_object,0.3711,15.13,298.23,108.56,363.35,6084.2,93.43,65.12,1.435,False,,True,S-61,52,evt_S-61_desk_work_surface_0013,781a97f7370f14b4,pose_hand_context,,38518.0,3.26,,1,cam12/e1/v1,rtmpose_baseline
corpus_03,03.CCTV Mobile Usage.mkv,632de9ed55947761d56d4c6142a3cb1a1fe69d0b1a6d0e01a2e404c697962623,rf_detr_sahi,273183.0,unknown_object,0.2986,96.02,277.0,108.76,365.26,1123.9,12.73,88.26,0.144,False,,True,S-61,52,evt_S-61_desk_work_surface_0013,781a97f7370f14b4,pose_hand_context,,38518.0,3.26,,1,cam12/e1/v1,rtmpose_baseline
corpus_03,03.CCTV Mobile Usage.mkv,632de9ed55947761d56d4c6142a3cb1a1fe69d0b1a6d0e01a2e404c697962623,rf_detr_sahi,273183.0,bag,0.2589,11.31,277.0,108.24,363.15,8350.0,96.92,86.15,1.125,False,,True,S-61,52,evt_S-61_desk_work_surface_0013,781a97f7370f14b4,pose_hand_context,,38518.0,3.26,,1,cam12/e1/v1,rtmpose_baseline
corpus_03,03.CCTV Mobile Usage.mkv,632de9ed55947761d56d4c6142a3cb1a1fe69d0b1a6d0e01a2e404c697962623,rf_detr_sahi,274183.0,unknown_object,0.6025,31.27,346.0,134.0,455.83,11283.2,102.73,109.83,0.935,False,,True,S-61,52,evt_S-61_desk_work_surface_0013,ac1564b58896f1a9,pose_hand_context,,37698.1,3.3,,1,cam12/e1/v1,rtmpose_baseline
corpus_03,03.CCTV Mobile Usage.mkv,632de9ed55947761d56d4c6142a3cb1a1fe69d0b1a6d0e01a2e404c697962623,rf_detr_sahi,274183.0,unknown_object,0.4602,25.0,261.0,108.38,371.0,9171.4,83.38,110.0,0.758,False,,True,S-61,52,evt_S-61_desk_work_surface_0013,ac1564b58896f1a9,pose_hand_context,,37698.1,3.3,,1,cam12/e1/v1,rtmpose_baseline
corpus_03,03.CCTV Mobile Usage.mkv,632de9ed55947761d56d4c6142a3cb1a1fe69d0b1a6d0e01a2e404c697962623,rf_detr_sahi,274183.0,unknown_object,0.2717,115.17,266.41,173.69,359.29,5435.5,58.52,92.88,0.63,False,,True,S-61,52,evt_S-61_desk_work_surface_0013,ac1564b58896f1a9,pose_hand_context,,37698.1,3.3,,1,cam12/e1/v1,rtmpose_baseline
corpus_03,03.CCTV Mobile Usage.mkv,632de9ed55947761d56d4c6142a3cb1a1fe69d0b1a6d0e01a2e404c697962623,rf_detr_sahi,274183.0,unknown_object,0.2702,70.33,376.46,133.95,455.8,5047.7,63.62,79.34,0.802,False,,True,S-61,52,evt_S-61_desk_work_surface_0013,ac1564b58896f1a9,pose_hand_context,,37698.1,3.3,,1,cam12/e1/v1,rtmpose_baseline
corpus_03,03.CCTV Mobile Usage.mkv,632de9ed55947761d56d4c6142a3cb1a1fe69d0b1a6d0e01a2e404c697962623,rf_detr_sahi,275183.0,unknown_object,0.4432,159.2,402.11,259.0,500.94,9863.3,99.8,98.83,1.01,False,,True,S-61,52,evt_S-61_desk_work_surface_0013,ef0c4f8fb6937e71,pose_hand_context,,31109.9,3.63,,1,cam12/e1/v1,rtmpose_baseline
corpus_03,03.CCTV Mobile Usage.mkv,632de9ed55947761d56d4c6142a3cb1a1fe69d0b1a6d0e01a2e404c697962623,rf_detr_sahi,275183.0,unknown_object,0.4277,82.16,406.55,164.67,494.38,7246.7,82.51,87.82,0.94,False,,True,S-61,52,evt_S-61_desk_work_surface_0013,ef0c4f8fb6937e71,pose_hand_context,,31109.9,3.63,,1,cam12/e1/v1,rtmpose_baseline
corpus_03,03.CCTV Mobile Usage.mkv,632de9ed55947761d56d4c6142a3cb1a1fe69d0b1a6d0e01a2e404c697962623,rf_detr_sahi,275183.0,unknown_object,0.3205,159.01,497.24,221.62,578.0,5056.2,62.61,80.76,0.775,False,,True,S-61,52,evt_S-61_desk_work_surface_0013,ef0c4f8fb6937e71,pose_hand_context,,31109.9,3.63,,1,cam12/e1/v1,rtmpose_baseline
corpus_03,03.CCTV Mobile Usage.mkv,632de9ed55947761d56d4c6142a3cb1a1fe69d0b1a6d0e01a2e404c697962623,rf_detr_sahi,275183.0,unknown_object,0.7479,960.89,452.23,1052.19,479.92,2529.1,91.31,27.7,3.297,False,,True,R-desk,53,evt_S-61_desk_work_surface_0013,fbf7b74247a54f94,lap_bag_context,no_pose_observation,34560.0,1.33,,1,cam12/e1/v1,
corpus_03,03.CCTV Mobile Usage.mkv,632de9ed55947761d56d4c6142a3cb1a1fe69d0b1a6d0e01a2e404c697962623,rf_detr_sahi,275183.0,unknown_object,0.5281,1043.09,422.65,1112.91,473.68,3563.0,69.82,51.03,1.368,False,,True,R-desk,53,evt_S-61_desk_work_surface_0013,fbf7b74247a54f94,lap_bag_context,no_pose_observation,34560.0,1.33,,1,cam12/e1/v1,
corpus_03,03.CCTV Mobile Usage.mkv,632de9ed55947761d56d4c6142a3cb1a1fe69d0b1a6d0e01a2e404c697962623,rf_detr_sahi,275183.0,unknown_object,0.4811,969.7,408.01,1140.73,448.0,6840.0,171.03,39.99,4.277,False,,True,R-desk,53,evt_S-61_desk_work_surface_0013,fbf7b74247a54f94,lap_bag_context,no_pose_observation,34560.0,1.33,,1,cam12/e1/v1,
corpus_03,03.CCTV Mobile Usage.mkv,632de9ed55947761d56d4c6142a3cb1a1fe69d0b1a6d0e01a2e404c697962623,rf_detr_sahi,275183.0,unknown_object,0.3223,864.24,413.04,893.15,437.97,720.6,28.91,24.93,1.159,False,,True,R-desk,53,evt_S-61_desk_work_surface_0013,fbf7b74247a54f94,lap_bag_context,no_pose_observation,34560.0,1.33,,1,cam12/e1/v1,
corpus_03,03.CCTV Mobile Usage.mkv,632de9ed55947761d56d4c6142a3cb1a1fe69d0b1a6d0e01a2e404c697962623,rf_detr_sahi,275183.0,unknown_object,0.3045,960.59,439.0,1128.12,480.0,6868.9,167.53,41.0,4.086,False,,True,R-desk,53,evt_S-61_desk_work_surface_0013,fbf7b74247a54f94,lap_bag_context,no_pose_observation,34560.0,1.33,,1,cam12/e1/v1,
corpus_03,03.CCTV Mobile Usage.mkv,632de9ed55947761d56d4c6142a3cb1a1fe69d0b1a6d0e01a2e404c697962623,rf_detr_sahi,276183.0,unknown_object,0.4894,93.06,495.0,182.0,560.2,5798.7,88.94,65.2,1.364,False,,True,S-61,52,evt_S-61_desk_work_surface_0013,41a86abd42cbc6ba,pose_hand_context,,24755.9,4.07,,1,cam12/e1/v1,rtmpose_baseline
corpus_03,03.CCTV Mobile Usage.mkv,632de9ed55947761d56d4c6142a3cb1a1fe69d0b1a6d0e01a2e404c697962623,rf_detr_sahi,276183.0,unknown_object,0.3952,162.14,517.6,221.82,584.0,3962.5,59.68,66.4,0.899,False,,True,S-61,52,evt_S-61_desk_work_surface_0013,41a86abd42cbc6ba,pose_hand_context,,24755.9,4.07,,1,cam12/e1/v1,rtmpose_baseline
corpus_03,03.CCTV Mobile Usage.mkv,632de9ed55947761d56d4c6142a3cb1a1fe69d0b1a6d0e01a2e404c697962623,rf_detr_sahi,276183.0,unknown_object,0.3358,93.0,426.0,182.0,514.85,7907.7,89.0,88.85,1.002,False,,True,S-61,52,evt_S-61_desk_work_surface_0013,41a86abd42cbc6ba,pose_hand_context,,24755.9,4.07,,1,cam12/e1/v1,rtmpose_baseline
corpus_03,03.CCTV Mobile Usage.mkv,632de9ed55947761d56d4c6142a3cb1a1fe69d0b1a6d0e01a2e404c697962623,rf_detr_sahi,276183.0,unknown_object,0.8088,960.41,452.19,1055.42,479.97,2638.9,95.01,27.78,3.42,False,,True,R-desk,53,evt_S-61_desk_work_surface_0013,7d01d521e679a68c,lap_bag_context,no_pose_observation,34560.0,1.33,,1,cam12/e1/v1,
corpus_03,03.CCTV Mobile Usage.mkv,632de9ed55947761d56d4c6142a3cb1a1fe69d0b1a6d0e01a2e404c697962623,rf_detr_sahi,276183.0,unknown_object,0.7073,969.14,408.0,1140.47,448.0,6853.3,171.33,40.0,4.283,False,,True,R-desk,53,evt_S-61_desk_work_surface_0013,7d01d521e679a68c,lap_bag_context,no_pose_observation,34560.0,1.33,,1,cam12/e1/v1,
corpus_03,03.CCTV Mobile Usage.mkv,632de9ed55947761d56d4c6142a3cb1a1fe69d0b1a6d0e01a2e404c697962623,rf_detr_sahi,276183.0,unknown_object,0.5263,1042.52,423.15,1111.85,473.07,3460.9,69.33,49.92,1.389,False,,True,R-desk,53,evt_S-61_desk_work_surface_0013,7d01d521e679a68c,lap_bag_context,no_pose_observation,34560.0,1.33,,1,cam12/e1/v1,
corpus_03,03.CCTV Mobile Usage.mkv,632de9ed55947761d56d4c6142a3cb1a1fe69d0b1a6d0e01a2e404c697962623,rf_detr_sahi,276183.0,unknown_object,0.3075,820.91,408.06,865.71,420.72,566.9,44.81,12.65,3.541,False,,True,R-desk,53,evt_S-61_desk_work_surface_0013,7d01d521e679a68c,lap_bag_context,no_pose_observation,34560.0,1.33,,1,cam12/e1/v1,
corpus_03,03.CCTV Mobile Usage.mkv,632de9ed55947761d56d4c6142a3cb1a1fe69d0b1a6d0e01a2e404c697962623,rf_detr_sahi,276183.0,unknown_object,0.3056,864.33,413.26,892.4,438.31,703.3,28.07,25.05,1.121,False,,True,R-desk,53,evt_S-61_desk_work_surface_0013,7d01d521e679a68c,lap_bag_context,no_pose_observation,34560.0,1.33,,1,cam12/e1/v1,
corpus_03,03.CCTV Mobile Usage.mkv,632de9ed55947761d56d4c6142a3cb1a1fe69d0b1a6d0e01a2e404c697962623,rf_detr_sahi,276183.0,unknown_object,0.2966,959.49,439.0,1128.84,479.95,6934.4,169.35,40.95,4.136,False,,True,R-desk,53,evt_S-61_desk_work_surface_0013,7d01d521e679a68c,lap_bag_context,no_pose_observation,34560.0,1.33,,1,cam12/e1/v1,
corpus_03,03.CCTV Mobile Usage.mkv,632de9ed55947761d56d4c6142a3cb1a1fe69d0b1a6d0e01a2e404c697962623,rf_detr_sahi,276183.0,unknown_object,0.8088,960.41,452.19,1055.42,479.97,2638.9,95.01,27.78,3.42,False,,True,R-desk,54,evt_S-61_desk_work_surface_0013,7d01d521e679a68c,lap_bag_context,no_pose_observation,34560.0,1.33,,1,cam12/e1/v1,
corpus_03,03.CCTV Mobile Usage.mkv,632de9ed55947761d56d4c6142a3cb1a1fe69d0b1a6d0e01a2e404c697962623,rf_detr_sahi,276183.0,unknown_object,0.7073,969.14,408.0,1140.47,448.0,6853.3,171.33,40.0,4.283,False,,True,R-desk,54,evt_S-61_desk_work_surface_0013,7d01d521e679a68c,lap_bag_context,no_pose_observation,34560.0,1.33,,1,cam12/e1/v1,
corpus_03,03.CCTV Mobile Usage.mkv,632de9ed55947761d56d4c6142a3cb1a1fe69d0b1a6d0e01a2e404c697962623,rf_detr_sahi,276183.0,unknown_object,0.5263,1042.52,423.15,1111.85,473.07,3460.9,69.33,49.92,1.389,False,,True,R-desk,54,evt_S-61_desk_work_surface_0013,7d01d521e679a68c,lap_bag_context,no_pose_observation,34560.0,1.33,,1,cam12/e1/v1,
corpus_03,03.CCTV Mobile Usage.mkv,632de9ed55947761d56d4c6142a3cb1a1fe69d0b1a6d0e01a2e404c697962623,rf_detr_sahi,276183.0,unknown_object,0.3075,820.91,408.06,865.71,420.72,566.9,44.81,12.65,3.541,False,,True,R-desk,54,evt_S-61_desk_work_surface_0013,7d01d521e679a68c,lap_bag_context,no_pose_observation,34560.0,1.33,,1,cam12/e1/v1,
corpus_03,03.CCTV Mobile Usage.mkv,632de9ed55947761d56d4c6142a3cb1a1fe69d0b1a6d0e01a2e404c697962623,rf_detr_sahi,276183.0,unknown_object,0.3056,864.33,413.26,892.4,438.31,703.3,28.07,25.05,1.121,False,,True,R-desk,54,evt_S-61_desk_work_surface_0013,7d01d521e679a68c,lap_bag_context,no_pose_observation,34560.0,1.33,,1,cam12/e1/v1,
corpus_03,03.CCTV Mobile Usage.mkv,632de9ed55947761d56d4c6142a3cb1a1fe69d0b1a6d0e01a2e404c697962623,rf_detr_sahi,276183.0,unknown_object,0.2966,959.49,439.0,1128.84,479.95,6934.4,169.35,40.95,4.136,False,,True,R-desk,54,evt_S-61_desk_work_surface_0013,7d01d521e679a68c,lap_bag_context,no_pose_observation,34560.0,1.33,,1,cam12/e1/v1,
corpus_03,03.CCTV Mobile Usage.mkv,632de9ed55947761d56d4c6142a3cb1a1fe69d0b1a6d0e01a2e404c697962623,rf_detr_sahi,277467.0,unknown_object,0.8142,960.03,452.34,1058.19,479.96,2710.6,98.15,27.62,3.554,False,,True,R-desk,56,evt_S-61_desk_work_surface_0014,2787998bb369fb67,lap_bag_context,no_pose_observation,34560.0,1.33,,1,cam12/e1/v1,
corpus_03,03.CCTV Mobile Usage.mkv,632de9ed55947761d56d4c6142a3cb1a1fe69d0b1a6d0e01a2e404c697962623,rf_detr_sahi,277467.0,unknown_object,0.5182,1042.3,423.7,1112.95,473.29,3503.5,70.65,49.59,1.425,False,,True,R-desk,56,evt_S-61_desk_work_surface_0014,2787998bb369fb67,lap_bag_context,no_pose_observation,34560.0,1.33,,1,cam12/e1/v1,
corpus_03,03.CCTV Mobile Usage.mkv,632de9ed55947761d56d4c6142a3cb1a1fe69d0b1a6d0e01a2e404c697962623,rf_detr_sahi,277467.0,unknown_object,0.4751,864.44,413.38,892.58,438.35,702.5,28.13,24.97,1.127,False,,True,R-desk,56,evt_S-61_desk_work_surface_0014,2787998bb369fb67,lap_bag_context,no_pose_observation,34560.0,1.33,,1,cam12/e1/v1,
corpus_03,03.CCTV Mobile Usage.mkv,632de9ed55947761d56d4c6142a3cb1a1fe69d0b1a6d0e01a2e404c697962623,rf_detr_sahi,277467.0,unknown_object,0.4631,821.11,408.03,865.79,420.76,568.7,44.68,12.73,3.51,False,,True,R-desk,56,evt_S-61_desk_work_surface_0014,2787998bb369fb67,lap_bag_context,no_pose_observation,34560.0,1.33,,1,cam12/e1/v1,
corpus_03,03.CCTV Mobile Usage.mkv,632de9ed55947761d56d4c6142a3cb1a1fe69d0b1a6d0e01a2e404c697962623,rf_detr_sahi,277467.0,unknown_object,0.3752,700.0,439.02,928.36,480.0,9358.1,228.36,40.98,5.572,False,,True,R-desk,56,evt_S-61_desk_work_surface_0014,2787998bb369fb67,lap_bag_context,no_pose_observation,34560.0,1.33,,1,cam12/e1/v1,
corpus_03,03.CCTV Mobile Usage.mkv,632de9ed55947761d56d4c6142a3cb1a1fe69d0b1a6d0e01a2e404c697962623,rf_detr_sahi,277467.0,unknown_object,0.34,968.67,408.0,1140.97,448.0,6892.3,172.31,40.0,4.308,False,,True,R-desk,56,evt_S-61_desk_work_surface_0014,2787998bb369fb67,lap_bag_context,no_pose_observation,34560.0,1.33,,1,cam12/e1/v1,
corpus_03,03.CCTV Mobile Usage.mkv,632de9ed55947761d56d4c6142a3cb1a1fe69d0b1a6d0e01a2e404c697962623,rf_detr_sahi,277467.0,unknown_object,0.2802,958.93,439.0,1129.37,479.96,6981.4,170.43,40.96,4.161,False,,True,R-desk,56,evt_S-61_desk_work_surface_0014,2787998bb369fb67,lap_bag_context,no_pose_observation,34560.0,1.33,,1,cam12/e1/v1,
corpus_03,03.CCTV Mobile Usage.mkv,632de9ed55947761d56d4c6142a3cb1a1fe69d0b1a6d0e01a2e404c697962623,rf_detr_sahi,277467.0,unknown_object,0.2778,880.94,408.01,986.49,453.69,4822.3,105.55,45.69,2.31,False,,True,R-desk,56,evt_S-61_desk_work_surface_0014,2787998bb369fb67,lap_bag_context,no_pose_observation,34560.0,1.33,,1,cam12/e1/v1,
corpus_03,03.CCTV Mobile Usage.mkv,632de9ed55947761d56d4c6142a3cb1a1fe69d0b1a6d0e01a2e404c697962623,rf_detr_sahi,277467.0,unknown_object,0.3407,74.0,383.35,84.73,442.36,633.4,10.73,59.02,0.182,False,,True,S-61,55,evt_S-61_desk_work_surface_0014,75ed3c1c34239082,pose_hand_context,,26205.1,3.95,,1,cam12/e1/v1,rtmpose_baseline
corpus_03,03.CCTV Mobile Usage.mkv,632de9ed55947761d56d4c6142a3cb1a1fe69d0b1a6d0e01a2e404c697962623,rf_detr_sahi,277467.0,unknown_object,0.2991,113.62,340.02,165.0,397.42,2949.6,51.38,57.4,0.895,False,,True,S-61,55,evt_S-61_desk_work_surface_0014,75ed3c1c34239082,pose_hand_context,,26205.1,3.95,,1,cam12/e1/v1,rtmpose_baseline
corpus_03,03.CCTV Mobile Usage.mkv,632de9ed55947761d56d4c6142a3cb1a1fe69d0b1a6d0e01a2e404c697962623,rf_detr_sahi,277467.0,unknown_object,0.2988,83.18,411.1,165.0,501.67,7410.5,81.82,90.57,0.903,False,,True,S-61,55,evt_S-61_desk_work_surface_0014,75ed3c1c34239082,pose_hand_context,,26205.1,3.95,,1,cam12/e1/v1,rtmpose_baseline
corpus_03,03.CCTV Mobile Usage.mkv,632de9ed55947761d56d4c6142a3cb1a1fe69d0b1a6d0e01a2e404c697962623,rf_detr_sahi,277467.0,unknown_object,0.2983,105.81,407.09,164.97,430.94,1410.5,59.16,23.84,2.481,False,,True,S-61,55,evt_S-61_desk_work_surface_0014,75ed3c1c34239082,pose_hand_context,,26205.1,3.95,,1,cam12/e1/v1,rtmpose_baseline
corpus_03,03.CCTV Mobile Usage.mkv,632de9ed55947761d56d4c6142a3cb1a1fe69d0b1a6d0e01a2e404c697962623,rf_detr_sahi,277467.0,unknown_object,0.2746,102.75,438.05,160.05,480.99,2460.4,57.29,42.95,1.334,False,,True,S-61,55,evt_S-61_desk_work_surface_0014,75ed3c1c34239082,pose_hand_context,,26205.1,3.95,,1,cam12/e1/v1,rtmpose_baseline
corpus_03,03.CCTV Mobile Usage.mkv,632de9ed55947761d56d4c6142a3cb1a1fe69d0b1a6d0e01a2e404c697962623,rf_detr_sahi,278467.0,unknown_object,0.493,77.01,398.0,164.0,483.77,7461.6,86.99,85.77,1.014,False,,True,S-61,55,evt_S-61_desk_work_surface_0014,2a36a7787b46837e,pose_hand_context,,23777.6,4.15,,1,cam12/e1/v1,rtmpose_baseline
corpus_03,03.CCTV Mobile Usage.mkv,632de9ed55947761d56d4c6142a3cb1a1fe69d0b1a6d0e01a2e404c697962623,rf_detr_sahi,278467.0,unknown_object,0.8094,959.98,452.33,1058.33,479.96,2717.4,98.35,27.63,3.559,False,,True,R-desk,56,evt_S-61_desk_work_surface_0014,e67f8a5d9e10f4f0,lap_bag_context,no_pose_observation,34560.0,1.33,,1,cam12/e1/v1,
corpus_03,03.CCTV Mobile Usage.mkv,632de9ed55947761d56d4c6142a3cb1a1fe69d0b1a6d0e01a2e404c697962623,rf_detr_sahi,278467.0,unknown_object,0.4792,1042.28,423.73,1112.91,473.31,3501.6,70.63,49.58,1.425,False,,True,R-desk,56,evt_S-61_desk_work_surface_0014,e67f8a5d9e10f4f0,lap_bag_context,no_pose_observation,34560.0,1.33,,1,cam12/e1/v1,
corpus_03,03.CCTV Mobile Usage.mkv,632de9ed55947761d56d4c6142a3cb1a1fe69d0b1a6d0e01a2e404c697962623,rf_detr_sahi,278467.0,unknown_object,0.4719,864.4,413.37,892.58,438.36,704.2,28.18,24.99,1.128,False,,True,R-desk,56,evt_S-61_desk_work_surface_0014,e67f8a5d9e10f4f0,lap_bag_context,no_pose_observation,34560.0,1.33,,1,cam12/e1/v1,
corpus_03,03.CCTV Mobile Usage.mkv,632de9ed55947761d56d4c6142a3cb1a1fe69d0b1a6d0e01a2e404c697962623,rf_detr_sahi,278467.0,unknown_object,0.454,821.19,408.04,865.74,420.77,567.4,44.55,12.73,3.498,False,,True,R-desk,56,evt_S-61_desk_work_surface_0014,e67f8a5d9e10f4f0,lap_bag_context,no_pose_observation,34560.0,1.33,,1,cam12/e1/v1,
corpus_03,03.CCTV Mobile Usage.mkv,632de9ed55947761d56d4c6142a3cb1a1fe69d0b1a6d0e01a2e404c697962623,rf_detr_sahi,278467.0,unknown_object,0.3879,700.0,439.01,928.07,480.0,9347.3,228.07,40.99,5.565,False,,True,R-desk,56,evt_S-61_desk_work_surface_0014,e67f8a5d9e10f4f0,lap_bag_context,no_pose_observation,34560.0,1.33,,1,cam12/e1/v1,
corpus_03,03.CCTV Mobile Usage.mkv,632de9ed55947761d56d4c6142a3cb1a1fe69d0b1a6d0e01a2e404c697962623,rf_detr_sahi,278467.0,unknown_object,0.3667,968.53,408.0,1140.94,448.0,6896.3,172.41,40.0,4.31,False,,True,R-desk,56,evt_S-61_desk_work_surface_0014,e67f8a5d9e10f4f0,lap_bag_context,no_pose_observation,34560.0,1.33,,1,cam12/e1/v1,
corpus_03,03.CCTV Mobile Usage.mkv,632de9ed55947761d56d4c6142a3cb1a1fe69d0b1a6d0e01a2e404c697962623,rf_detr_sahi,278467.0,unknown_object,0.251,881.18,408.0,985.87,453.6,4774.3,104.69,45.6,2.296,False,,True,R-desk,56,evt_S-61_desk_work_surface_0014,e67f8a5d9e10f4f0,lap_bag_context,no_pose_observation,34560.0,1.33,,1,cam12/e1/v1,
corpus_03,03.CCTV Mobile Usage.mkv,632de9ed55947761d56d4c6142a3cb1a1fe69d0b1a6d0e01a2e404c697962623,rf_detr_sahi,279467.0,unknown_object,0.3108,57.0,337.0,154.0,435.0,9506.0,97.0,98.0,0.99,False,,True,S-61,55,evt_S-61_desk_work_surface_0014,a57b706d1278d0ee,pose_hand_context,,29804.6,3.71,,1,cam12/e1/v1,rtmpose_baseline
corpus_03,03.CCTV Mobile Usage.mkv,632de9ed55947761d56d4c6142a3cb1a1fe69d0b1a6d0e01a2e404c697962623,rf_detr_sahi,279467.0,unknown_object,0.3009,114.54,337.0,154.0,398.37,2421.4,39.46,61.37,0.643,False,,True,S-61,55,evt_S-61_desk_work_surface_0014,a57b706d1278d0ee,pose_hand_context,,29804.6,3.71,,1,cam12/e1/v1,rtmpose_baseline
corpus_03,03.CCTV Mobile Usage.mkv,632de9ed55947761d56d4c6142a3cb1a1fe69d0b1a6d0e01a2e404c697962623,rf_detr_sahi,279467.0,stationery,0.2784,132.0,438.5,193.76,509.96,4413.5,61.76,71.46,0.864,False,,True,S-61,55,evt_S-61_desk_work_surface_0014,a57b706d1278d0ee,pose_hand_context,,29804.6,3.71,,1,cam12/e1/v1,rtmpose_baseline
corpus_03,03.CCTV Mobile Usage.mkv,632de9ed55947761d56d4c6142a3cb1a1fe69d0b1a6d0e01a2e404c697962623,rf_detr_sahi,279467.0,unknown_object,0.8696,1043.19,422.64,1112.17,474.06,3547.3,68.99,51.42,1.342,False,,True,R-desk,56,evt_S-61_desk_work_surface_0014,c46ca4533dbf3ed3,lap_bag_context,no_pose_observation,34560.0,1.33,,1,cam12/e1/v1,
corpus_03,03.CCTV Mobile Usage.mkv,632de9ed55947761d56d4c6142a3cb1a1fe69d0b1a6d0e01a2e404c697962623,rf_detr_sahi,279467.0,unknown_object,0.8601,960.88,452.29,1054.27,479.93,2581.4,93.39,27.64,3.379,False,,True,R-desk,56,evt_S-61_desk_work_surface_0014,c46ca4533dbf3ed3,lap_bag_context,no_pose_observation,34560.0,1.33,,1,cam12/e1/v1,
corpus_03,03.CCTV Mobile Usage.mkv,632de9ed55947761d56d4c6142a3cb1a1fe69d0b1a6d0e01a2e404c697962623,rf_detr_sahi,279467.0,unknown_object,0.6823,970.36,408.0,1135.85,447.97,6614.1,165.49,39.97,4.141,False,,True,R-desk,56,evt_S-61_desk_work_surface_0014,c46ca4533dbf3ed3,lap_bag_context,no_pose_observation,34560.0,1.33,,1,cam12/e1/v1,
corpus_03,03.CCTV Mobile Usage.mkv,632de9ed55947761d56d4c6142a3cb1a1fe69d0b1a6d0e01a2e404c697962623,rf_detr_sahi,279467.0,unknown_object,0.4249,864.14,413.27,892.54,437.96,701.4,28.4,24.7,1.15,False,,True,R-desk,56,evt_S-61_desk_work_surface_0014,c46ca4533dbf3ed3,lap_bag_context,no_pose_observation,34560.0,1.33,,1,cam12/e1/v1,
corpus_03,03.CCTV Mobile Usage.mkv,632de9ed55947761d56d4c6142a3cb1a1fe69d0b1a6d0e01a2e404c697962623,rf_detr_sahi,279467.0,unknown_object,0.3019,821.72,408.09,865.89,420.61,553.0,44.17,12.52,3.528,False,,True,R-desk,56,evt_S-61_desk_work_surface_0014,c46ca4533dbf3ed3,lap_bag_context,no_pose_observation,34560.0,1.33,,1,cam12/e1/v1,
corpus_03,03.CCTV Mobile Usage.mkv,632de9ed55947761d56d4c6142a3cb1a1fe69d0b1a6d0e01a2e404c697962623,rf_detr_sahi,279467.0,unknown_object,0.2677,959.57,439.0,1130.39,480.0,7002.9,170.82,41.0,4.167,False,,True,R-desk,56,evt_S-61_desk_work_surface_0014,c46ca4533dbf3ed3,lap_bag_context,no_pose_observation,34560.0,1.33,,1,cam12/e1/v1,
corpus_03,03.CCTV Mobile Usage.mkv,632de9ed55947761d56d4c6142a3cb1a1fe69d0b1a6d0e01a2e404c697962623,rf_detr_sahi,280467.0,unknown_object,0.8458,960.56,452.26,1054.96,479.96,2615.0,94.4,27.7,3.408,False,,True,R-desk,56,evt_S-61_desk_work_surface_0014,ee24b459f33e7687,lap_bag_context,no_pose_observation,34560.0,1.33,,1,cam12/e1/v1,
corpus_03,03.CCTV Mobile Usage.mkv,632de9ed55947761d56d4c6142a3cb1a1fe69d0b1a6d0e01a2e404c697962623,rf_detr_sahi,280467.0,unknown_object,0.8183,1043.01,423.12,1112.36,474.04,3531.7,69.35,50.93,1.362,False,,True,R-desk,56,evt_S-61_desk_work_surface_0014,ee24b459f33e7687,lap_bag_context,no_pose_observation,34560.0,1.33,,1,cam12/e1/v1,
corpus_03,03.CCTV Mobile Usage.mkv,632de9ed55947761d56d4c6142a3cb1a1fe69d0b1a6d0e01a2e404c697962623,rf_detr_sahi,280467.0,unknown_object,0.6118,970.37,408.0,1134.46,448.0,6563.6,164.09,40.0,4.102,False,,True,R-desk,56,evt_S-61_desk_work_surface_0014,ee24b459f33e7687,lap_bag_context,no_pose_observation,34560.0,1.33,,1,cam12/e1/v1,
corpus_03,03.CCTV Mobile Usage.mkv,632de9ed55947761d56d4c6142a3cb1a1fe69d0b1a6d0e01a2e404c697962623,rf_detr_sahi,280467.0,unknown_object,0.4436,864.14,413.22,892.87,438.0,712.3,28.74,24.79,1.16,False,,True,R-desk,56,evt_S-61_desk_work_surface_0014,ee24b459f33e7687,lap_bag_context,no_pose_observation,34560.0,1.33,,1,cam12/e1/v1,
corpus_03,03.CCTV Mobile Usage.mkv,632de9ed55947761d56d4c6142a3cb1a1fe69d0b1a6d0e01a2e404c697962623,rf_detr_sahi,280467.0,unknown_object,0.3154,821.6,408.08,866.15,420.57,556.1,44.55,12.48,3.568,False,,True,R-desk,56,evt_S-61_desk_work_surface_0014,ee24b459f33e7687,lap_bag_context,no_pose_observation,34560.0,1.33,,1,cam12/e1/v1,
corpus_03,03.CCTV Mobile Usage.mkv,632de9ed55947761d56d4c6142a3cb1a1fe69d0b1a6d0e01a2e404c697962623,rf_detr_sahi,280467.0,unknown_object,0.5102,111.98,467.0,171.94,551.0,5036.8,59.96,84.0,0.714,False,,True,S-61,55,evt_S-61_desk_work_surface_0014,f68b1efea9ead5d4,pose_hand_context,,22596.1,4.26,,1,cam12/e1/v1,rtmpose_baseline
corpus_03,03.CCTV Mobile Usage.mkv,632de9ed55947761d56d4c6142a3cb1a1fe69d0b1a6d0e01a2e404c697962623,rf_detr_sahi,280467.0,unknown_object,0.4176,153.0,486.53,225.9,550.87,4690.7,72.9,64.34,1.133,False,,True,S-61,55,evt_S-61_desk_work_surface_0014,f68b1efea9ead5d4,pose_hand_context,,22596.1,4.26,,1,cam12/e1/v1,rtmpose_baseline
corpus_03,03.CCTV Mobile Usage.mkv,632de9ed55947761d56d4c6142a3cb1a1fe69d0b1a6d0e01a2e404c697962623,rf_detr_sahi,280467.0,phone,0.3494,87.04,401.0,177.15,450.83,4490.6,90.11,49.83,1.808,False,,True,S-61,55,evt_S-61_desk_work_surface_0014,f68b1efea9ead5d4,pose_hand_context,,22596.1,4.26,,1,cam12/e1/v1,rtmpose_baseline
corpus_03,03.CCTV Mobile Usage.mkv,632de9ed55947761d56d4c6142a3cb1a1fe69d0b1a6d0e01a2e404c697962623,rf_detr_sahi,280467.0,unknown_object,0.2682,104.93,401.01,171.88,485.91,5684.9,66.96,84.9,0.789,False,,True,S-61,55,evt_S-61_desk_work_surface_0014,f68b1efea9ead5d4,pose_hand_context,,22596.1,4.26,,1,cam12/e1/v1,rtmpose_baseline
corpus_03,03.CCTV Mobile Usage.mkv,632de9ed55947761d56d4c6142a3cb1a1fe69d0b1a6d0e01a2e404c697962623,rf_detr_sahi,281467.0,unknown_object,0.8458,960.56,452.26,1054.96,479.96,2615.0,94.4,27.7,3.408,False,,True,R-desk,56,evt_S-61_desk_work_surface_0014,79372baebdaec1bf,lap_bag_context,no_pose_observation,34560.0,1.33,,1,cam12/e1/v1,
corpus_03,03.CCTV Mobile Usage.mkv,632de9ed55947761d56d4c6142a3cb1a1fe69d0b1a6d0e01a2e404c697962623,rf_detr_sahi,281467.0,unknown_object,0.8183,1043.01,423.12,1112.36,474.04,3531.7,69.35,50.93,1.362,False,,True,R-desk,56,evt_S-61_desk_work_surface_0014,79372baebdaec1bf,lap_bag_context,no_pose_observation,34560.0,1.33,,1,cam12/e1/v1,
corpus_03,03.CCTV Mobile Usage.mkv,632de9ed55947761d56d4c6142a3cb1a1fe69d0b1a6d0e01a2e404c697962623,rf_detr_sahi,281467.0,unknown_object,0.6118,970.37,408.0,1134.46,448.0,6563.6,164.09,40.0,4.102,False,,True,R-desk,56,evt_S-61_desk_work_surface_0014,79372baebdaec1bf,lap_bag_context,no_pose_observation,34560.0,1.33,,1,cam12/e1/v1,
corpus_03,03.CCTV Mobile Usage.mkv,632de9ed55947761d56d4c6142a3cb1a1fe69d0b1a6d0e01a2e404c697962623,rf_detr_sahi,281467.0,unknown_object,0.4436,864.14,413.22,892.87,438.0,712.3,28.74,24.79,1.16,False,,True,R-desk,56,evt_S-61_desk_work_surface_0014,79372baebdaec1bf,lap_bag_context,no_pose_observation,34560.0,1.33,,1,cam12/e1/v1,
corpus_03,03.CCTV Mobile Usage.mkv,632de9ed55947761d56d4c6142a3cb1a1fe69d0b1a6d0e01a2e404c697962623,rf_detr_sahi,281467.0,unknown_object,0.3154,821.6,408.08,866.15,420.57,556.1,44.55,12.48,3.568,False,,True,R-desk,56,evt_S-61_desk_work_surface_0014,79372baebdaec1bf,lap_bag_context,no_pose_observation,34560.0,1.33,,1,cam12/e1/v1,
corpus_03,03.CCTV Mobile Usage.mkv,632de9ed55947761d56d4c6142a3cb1a1fe69d0b1a6d0e01a2e404c697962623,rf_detr_sahi,281467.0,unknown_object,0.2634,125.04,444.0,258.62,638.0,25915.0,133.58,194.0,0.689,False,,True,S-61,55,evt_S-61_desk_work_surface_0014,99079c30567159a2,pose_hand_context,,37473.2,3.31,,1,cam12/e1/v1,rtmpose_baseline
full,03.CCTV Mobile Usage.mkv,632de9ed55947761d56d4c6142a3cb1a1fe69d0b1a6d0e01a2e404c697962623,dfine_native,9700.0,unknown_object,0.4601,132.03,136.48,193.82,269.29,8207.5,61.8,132.81,0.465,False,,True,S-61,2,evt_S-61_desk_work_surface_0001,221f3c51e350e5d4,pose_hand_context,,17977.4,4.77,,1,cam12/e1/v1,rtmpose_baseline
full,03.CCTV Mobile Usage.mkv,632de9ed55947761d56d4c6142a3cb1a1fe69d0b1a6d0e01a2e404c697962623,dfine_native,9700.0,unknown_object,0.3504,190.18,201.26,208.79,264.56,1178.5,18.62,63.3,0.294,False,,True,S-61,2,evt_S-61_desk_work_surface_0001,221f3c51e350e5d4,pose_hand_context,,17977.4,4.77,,1,cam12/e1/v1,rtmpose_baseline
full,03.CCTV Mobile Usage.mkv,632de9ed55947761d56d4c6142a3cb1a1fe69d0b1a6d0e01a2e404c697962623,dfine_native,9700.0,unknown_object,0.2953,190.37,201.8,208.22,239.17,667.2,17.85,37.37,0.478,False,,True,S-61,2,evt_S-61_desk_work_surface_0001,221f3c51e350e5d4,pose_hand_context,,17977.4,4.77,,1,cam12/e1/v1,rtmpose_baseline
full,03.CCTV Mobile Usage.mkv,632de9ed55947761d56d4c6142a3cb1a1fe69d0b1a6d0e01a2e404c697962623,dfine_native,9700.0,stationery,0.2724,203.21,169.66,265.51,216.53,2920.0,62.29,46.88,1.329,False,,True,S-61,2,evt_S-61_desk_work_surface_0001,221f3c51e350e5d4,pose_hand_context,,17977.4,4.77,,1,cam12/e1/v1,rtmpose_baseline
full,03.CCTV Mobile Usage.mkv,632de9ed55947761d56d4c6142a3cb1a1fe69d0b1a6d0e01a2e404c697962623,dfine_native,9700.0,keyboard,0.9035,962.11,451.94,1068.0,491.44,4182.8,105.88,39.5,2.68,False,,True,R-desk,3,evt_S-61_desk_work_surface_0001,aa2a91065abbd7fe,lap_bag_context,no_pose_observation,34560.0,1.33,,1,cam12/e1/v1,
full,03.CCTV Mobile Usage.mkv,632de9ed55947761d56d4c6142a3cb1a1fe69d0b1a6d0e01a2e404c697962623,dfine_native,9700.0,monitor_or_bezel,0.6032,1018.64,395.69,1145.25,447.3,6534.0,126.61,51.61,2.453,False,,True,R-desk,3,evt_S-61_desk_work_surface_0001,aa2a91065abbd7fe,lap_bag_context,no_pose_observation,34560.0,1.33,,1,cam12/e1/v1,
full,03.CCTV Mobile Usage.mkv,632de9ed55947761d56d4c6142a3cb1a1fe69d0b1a6d0e01a2e404c697962623,dfine_native,9700.0,unknown_object,0.5179,700.11,396.17,862.39,492.21,15585.3,162.28,96.04,1.69,False,,True,R-desk,3,evt_S-61_desk_work_surface_0001,aa2a91065abbd7fe,lap_bag_context,no_pose_observation,34560.0,1.33,,1,cam12/e1/v1,
full,03.CCTV Mobile Usage.mkv,632de9ed55947761d56d4c6142a3cb1a1fe69d0b1a6d0e01a2e404c697962623,dfine_native,9700.0,unknown_object,0.3775,699.98,396.11,771.33,491.82,6829.3,71.35,95.71,0.746,False,,True,R-desk,3,evt_S-61_desk_work_surface_0001,aa2a91065abbd7fe,lap_bag_context,no_pose_observation,34560.0,1.33,,1,cam12/e1/v1,
full,03.CCTV Mobile Usage.mkv,632de9ed55947761d56d4c6142a3cb1a1fe69d0b1a6d0e01a2e404c697962623,dfine_native,9700.0,keyboard,0.4761,802.25,396.25,870.72,420.71,1674.8,68.47,24.46,2.799,False,,True,R-desk,3,evt_S-61_desk_work_surface_0001,aa2a91065abbd7fe,lap_bag_context,no_pose_observation,34560.0,1.33,,1,cam12/e1/v1,
full,03.CCTV Mobile Usage.mkv,632de9ed55947761d56d4c6142a3cb1a1fe69d0b1a6d0e01a2e404c697962623,dfine_native,9700.0,phone,0.3356,1042.86,421.37,1114.04,474.47,3779.1,71.18,53.09,1.341,False,,True,R-desk,3,evt_S-61_desk_work_surface_0001,aa2a91065abbd7fe,lap_bag_context,no_pose_observation,34560.0,1.33,,1,cam12/e1/v1,
full,03.CCTV Mobile Usage.mkv,632de9ed55947761d56d4c6142a3cb1a1fe69d0b1a6d0e01a2e404c697962623,dfine_native,9700.0,unknown_object,0.3186,700.06,396.27,758.23,490.41,5476.6,58.17,94.14,0.618,False,,True,R-desk,3,evt_S-61_desk_work_surface_0001,aa2a91065abbd7fe,lap_bag_context,no_pose_observation,34560.0,1.33,,1,cam12/e1/v1,
full,03.CCTV Mobile Usage.mkv,632de9ed55947761d56d4c6142a3cb1a1fe69d0b1a6d0e01a2e404c697962623,dfine_native,9700.0,monitor_or_bezel,0.2952,1011.98,395.68,1146.4,488.42,12466.4,134.42,92.74,1.449,False,,True,R-desk,3,evt_S-61_desk_work_surface_0001,aa2a91065abbd7fe,lap_bag_context,no_pose_observation,34560.0,1.33,,1,cam12/e1/v1,
full,03.CCTV Mobile Usage.mkv,632de9ed55947761d56d4c6142a3cb1a1fe69d0b1a6d0e01a2e404c697962623,dfine_native,9700.0,monitor_or_bezel,0.2681,881.36,396.18,948.1,452.48,3757.9,66.74,56.3,1.185,False,,True,R-desk,3,evt_S-61_desk_work_surface_0001,aa2a91065abbd7fe,lap_bag_context,no_pose_observation,34560.0,1.33,,1,cam12/e1/v1,
full,03.CCTV Mobile Usage.mkv,632de9ed55947761d56d4c6142a3cb1a1fe69d0b1a6d0e01a2e404c697962623,dfine_native,9700.0,mouse,0.5184,864.74,413.84,892.29,435.32,591.6,27.54,21.48,1.282,False,,True,R-desk,3,evt_S-61_desk_work_surface_0001,aa2a91065abbd7fe,lap_bag_context,no_pose_observation,34560.0,1.33,,1,cam12/e1/v1,
full,03.CCTV Mobile Usage.mkv,632de9ed55947761d56d4c6142a3cb1a1fe69d0b1a6d0e01a2e404c697962623,dfine_native,9700.0,mouse,0.278,967.15,398.42,992.01,410.59,302.6,24.86,12.17,2.042,False,,True,R-desk,3,evt_S-61_desk_work_surface_0001,aa2a91065abbd7fe,lap_bag_context,no_pose_observation,34560.0,1.33,,1,cam12/e1/v1,
full,03.CCTV Mobile Usage.mkv,632de9ed55947761d56d4c6142a3cb1a1fe69d0b1a6d0e01a2e404c697962623,dfine_native,9700.0,unknown_object,0.2805,700.03,396.09,835.11,492.14,12974.5,135.08,96.05,1.406,False,,True,R-desk,3,evt_S-61_desk_work_surface_0001,aa2a91065abbd7fe,lap_bag_context,no_pose_observation,34560.0,1.33,,1,cam12/e1/v1,
full,03.CCTV Mobile Usage.mkv,632de9ed55947761d56d4c6142a3cb1a1fe69d0b1a6d0e01a2e404c697962623,dfine_native,9700.0,mouse,0.2529,991.28,400.93,1028.29,413.57,467.7,37.01,12.63,2.929,False,,True,R-desk,3,evt_S-61_desk_work_surface_0001,aa2a91065abbd7fe,lap_bag_context,no_pose_observation,34560.0,1.33,,1,cam12/e1/v1,
full,03.CCTV Mobile Usage.mkv,632de9ed55947761d56d4c6142a3cb1a1fe69d0b1a6d0e01a2e404c697962623,dfine_native,9700.0,keyboard,0.9035,962.11,451.94,1068.0,491.44,4182.8,105.88,39.5,2.68,False,,True,R-desk,4,evt_S-61_desk_work_surface_0001,aa2a91065abbd7fe,lap_bag_context,no_pose_observation,34560.0,1.33,,1,cam12/e1/v1,
full,03.CCTV Mobile Usage.mkv,632de9ed55947761d56d4c6142a3cb1a1fe69d0b1a6d0e01a2e404c697962623,dfine_native,9700.0,monitor_or_bezel,0.6032,1018.64,395.69,1145.25,447.3,6534.0,126.61,51.61,2.453,False,,True,R-desk,4,evt_S-61_desk_work_surface_0001,aa2a91065abbd7fe,lap_bag_context,no_pose_observation,34560.0,1.33,,1,cam12/e1/v1,
full,03.CCTV Mobile Usage.mkv,632de9ed55947761d56d4c6142a3cb1a1fe69d0b1a6d0e01a2e404c697962623,dfine_native,9700.0,unknown_object,0.5179,700.11,396.17,862.39,492.21,15585.3,162.28,96.04,1.69,False,,True,R-desk,4,evt_S-61_desk_work_surface_0001,aa2a91065abbd7fe,lap_bag_context,no_pose_observation,34560.0,1.33,,1,cam12/e1/v1,
full,03.CCTV Mobile Usage.mkv,632de9ed55947761d56d4c6142a3cb1a1fe69d0b1a6d0e01a2e404c697962623,dfine_native,9700.0,unknown_object,0.3775,699.98,396.11,771.33,491.82,6829.3,71.35,95.71,0.746,False,,True,R-desk,4,evt_S-61_desk_work_surface_0001,aa2a91065abbd7fe,lap_bag_context,no_pose_observation,34560.0,1.33,,1,cam12/e1/v1,
full,03.CCTV Mobile Usage.mkv,632de9ed55947761d56d4c6142a3cb1a1fe69d0b1a6d0e01a2e404c697962623,dfine_native,9700.0,keyboard,0.4761,802.25,396.25,870.72,420.71,1674.8,68.47,24.46,2.799,False,,True,R-desk,4,evt_S-61_desk_work_surface_0001,aa2a91065abbd7fe,lap_bag_context,no_pose_observation,34560.0,1.33,,1,cam12/e1/v1,
full,03.CCTV Mobile Usage.mkv,632de9ed55947761d56d4c6142a3cb1a1fe69d0b1a6d0e01a2e404c697962623,dfine_native,9700.0,phone,0.3356,1042.86,421.37,1114.04,474.47,3779.1,71.18,53.09,1.341,False,,True,R-desk,4,evt_S-61_desk_work_surface_0001,aa2a91065abbd7fe,lap_bag_context,no_pose_observation,34560.0,1.33,,1,cam12/e1/v1,
full,03.CCTV Mobile Usage.mkv,632de9ed55947761d56d4c6142a3cb1a1fe69d0b1a6d0e01a2e404c697962623,dfine_native,9700.0,unknown_object,0.3186,700.06,396.27,758.23,490.41,5476.6,58.17,94.14,0.618,False,,True,R-desk,4,evt_S-61_desk_work_surface_0001,aa2a91065abbd7fe,lap_bag_context,no_pose_observation,34560.0,1.33,,1,cam12/e1/v1,
full,03.CCTV Mobile Usage.mkv,632de9ed55947761d56d4c6142a3cb1a1fe69d0b1a6d0e01a2e404c697962623,dfine_native,9700.0,monitor_or_bezel,0.2952,1011.98,395.68,1146.4,488.42,12466.4,134.42,92.74,1.449,False,,True,R-desk,4,evt_S-61_desk_work_surface_0001,aa2a91065abbd7fe,lap_bag_context,no_pose_observation,34560.0,1.33,,1,cam12/e1/v1,
full,03.CCTV Mobile Usage.mkv,632de9ed55947761d56d4c6142a3cb1a1fe69d0b1a6d0e01a2e404c697962623,dfine_native,9700.0,monitor_or_bezel,0.2681,881.36,396.18,948.1,452.48,3757.9,66.74,56.3,1.185,False,,True,R-desk,4,evt_S-61_desk_work_surface_0001,aa2a91065abbd7fe,lap_bag_context,no_pose_observation,34560.0,1.33,,1,cam12/e1/v1,
full,03.CCTV Mobile Usage.mkv,632de9ed55947761d56d4c6142a3cb1a1fe69d0b1a6d0e01a2e404c697962623,dfine_native,9700.0,mouse,0.5184,864.74,413.84,892.29,435.32,591.6,27.54,21.48,1.282,False,,True,R-desk,4,evt_S-61_desk_work_surface_0001,aa2a91065abbd7fe,lap_bag_context,no_pose_observation,34560.0,1.33,,1,cam12/e1/v1,
full,03.CCTV Mobile Usage.mkv,632de9ed55947761d56d4c6142a3cb1a1fe69d0b1a6d0e01a2e404c697962623,dfine_native,9700.0,mouse,0.278,967.15,398.42,992.01,410.59,302.6,24.86,12.17,2.042,False,,True,R-desk,4,evt_S-61_desk_work_surface_0001,aa2a91065abbd7fe,lap_bag_context,no_pose_observation,34560.0,1.33,,1,cam12/e1/v1,
full,03.CCTV Mobile Usage.mkv,632de9ed55947761d56d4c6142a3cb1a1fe69d0b1a6d0e01a2e404c697962623,dfine_native,9700.0,unknown_object,0.2805,700.03,396.09,835.11,492.14,12974.5,135.08,96.05,1.406,False,,True,R-desk,4,evt_S-61_desk_work_surface_0001,aa2a91065abbd7fe,lap_bag_context,no_pose_observation,34560.0,1.33,,1,cam12/e1/v1,
full,03.CCTV Mobile Usage.mkv,632de9ed55947761d56d4c6142a3cb1a1fe69d0b1a6d0e01a2e404c697962623,dfine_native,9700.0,mouse,0.2529,991.28,400.93,1028.29,413.57,467.7,37.01,12.63,2.929,False,,True,R-desk,4,evt_S-61_desk_work_surface_0001,aa2a91065abbd7fe,lap_bag_context,no_pose_observation,34560.0,1.33,,1,cam12/e1/v1,
full,03.CCTV Mobile Usage.mkv,632de9ed55947761d56d4c6142a3cb1a1fe69d0b1a6d0e01a2e404c697962623,dfine_native,9700.0,unknown_object,0.2924,144.46,502.6,248.93,597.44,9907.9,104.47,94.84,1.101,False,,True,S-61,1,evt_S-61_desk_work_surface_0001,d142004b4e59ec48,pose_hand_context,,20713.0,4.45,,1,cam12/e1/v1,rtmpose_baseline
full,03.CCTV Mobile Usage.mkv,632de9ed55947761d56d4c6142a3cb1a1fe69d0b1a6d0e01a2e404c697962623,dfine_native,10200.0,bag,0.4527,182.8,261.1,259.26,295.64,2640.9,76.46,34.54,2.214,False,,True,S-61,2,evt_S-61_desk_work_surface_0001,3ca57fae345726aa,pose_hand_context,,19605.6,4.57,,1,cam12/e1/v1,rtmpose_baseline
full,03.CCTV Mobile Usage.mkv,632de9ed55947761d56d4c6142a3cb1a1fe69d0b1a6d0e01a2e404c697962623,dfine_native,10200.0,unknown_object,0.2898,163.0,181.67,224.96,259.86,4844.8,61.96,78.19,0.792,False,,True,S-61,2,evt_S-61_desk_work_surface_0001,3ca57fae345726aa,pose_hand_context,,19605.6,4.57,,1,cam12/e1/v1,rtmpose_baseline
full,03.CCTV Mobile Usage.mkv,632de9ed55947761d56d4c6142a3cb1a1fe69d0b1a6d0e01a2e404c697962623,dfine_native,10200.0,unknown_object,0.5567,112.03,451.18,239.95,578.3,16261.5,127.92,127.12,1.006,False,,True,S-61,1,evt_S-61_desk_work_surface_0001,9cb192cf057e470f,pose_hand_context,,16574.0,4.97,,1,cam12/e1/v1,rtmpose_baseline
full,03.CCTV Mobile Usage.mkv,632de9ed55947761d56d4c6142a3cb1a1fe69d0b1a6d0e01a2e404c697962623,dfine_native,10200.0,unknown_object,0.2532,142.31,474.44,239.99,577.71,10087.4,97.68,103.27,0.946,False,,True,S-61,1,evt_S-61_desk_work_surface_0001,9cb192cf057e470f,pose_hand_context,,16574.0,4.97,,1,cam12/e1/v1,rtmpose_baseline
full,03.CCTV Mobile Usage.mkv,632de9ed55947761d56d4c6142a3cb1a1fe69d0b1a6d0e01a2e404c697962623,dfine_native,10700.0,unknown_object,0.6902,112.2,261.21,241.92,331.36,9098.9,129.72,70.14,1.849,False,,True,S-61,2,evt_S-61_desk_work_surface_0001,306d5f013085fa12,pose_hand_context,,22428.1,4.27,,1,cam12/e1/v1,rtmpose_baseline
full,03.CCTV Mobile Usage.mkv,632de9ed55947761d56d4c6142a3cb1a1fe69d0b1a6d0e01a2e404c697962623,dfine_native,10700.0,unknown_object,0.4654,211.13,228.02,228.93,255.87,495.9,17.8,27.85,0.639,False,,True,S-61,2,evt_S-61_desk_work_surface_0001,306d5f013085fa12,pose_hand_context,,22428.1,4.27,,1,cam12/e1/v1,rtmpose_baseline
full,03.CCTV Mobile Usage.mkv,632de9ed55947761d56d4c6142a3cb1a1fe69d0b1a6d0e01a2e404c697962623,dfine_native,10700.0,unknown_object,0.2988,112.7,265.44,186.99,331.16,4882.6,74.29,65.72,1.13,False,,True,S-61,2,evt_S-61_desk_work_surface_0001,306d5f013085fa12,pose_hand_context,,22428.1,4.27,,1,cam12/e1/v1,rtmpose_baseline
full,03.CCTV Mobile Usage.mkv,632de9ed55947761d56d4c6142a3cb1a1fe69d0b1a6d0e01a2e404c697962623,dfine_native,10700.0,unknown_object,0.2683,111.92,239.0,241.81,331.25,11982.0,129.89,92.25,1.408,False,,True,S-61,2,evt_S-61_desk_work_surface_0001,306d5f013085fa12,pose_hand_context,,22428.1,4.27,,1,cam12/e1/v1,rtmpose_baseline
full,03.CCTV Mobile Usage.mkv,632de9ed55947761d56d4c6142a3cb1a1fe69d0b1a6d0e01a2e404c697962623,dfine_native,10700.0,unknown_object,0.274,112.46,225.49,241.92,331.26,13694.4,129.46,105.78,1.224,False,,True,S-61,2,evt_S-61_desk_work_surface_0001,306d5f013085fa12,pose_hand_context,,22428.1,4.27,,1,cam12/e1/v1,rtmpose_baseline
full,03.CCTV Mobile Usage.mkv,632de9ed55947761d56d4c6142a3cb1a1fe69d0b1a6d0e01a2e404c697962623,dfine_native,10700.0,unknown_object,0.4196,132.38,471.75,243.9,567.08,10632.2,111.52,95.34,1.17,False,,True,S-61,1,evt_S-61_desk_work_surface_0001,fc3e6f6ad9de900d,pose_hand_context,,16022.5,5.06,,1,cam12/e1/v1,rtmpose_baseline
full,03.CCTV Mobile Usage.mkv,632de9ed55947761d56d4c6142a3cb1a1fe69d0b1a6d0e01a2e404c697962623,dfine_native,11200.0,unknown_object,0.6306,120.13,457.18,237.14,564.31,12534.1,117.0,107.13,1.092,False,,True,S-61,1,evt_S-61_desk_work_surface_0001,2bebd0989d616603,pose_hand_context,,13815.7,5.44,,1,cam12/e1/v1,rtmpose_baseline
full,03.CCTV Mobile Usage.mkv,632de9ed55947761d56d4c6142a3cb1a1fe69d0b1a6d0e01a2e404c697962623,dfine_native,11200.0,unknown_object,0.5379,120.01,457.2,237.18,574.41,13734.0,117.17,117.21,1.0,False,,True,S-61,1,evt_S-61_desk_work_surface_0001,2bebd0989d616603,pose_hand_context,,13815.7,5.44,,1,cam12/e1/v1,rtmpose_baseline
full,03.CCTV Mobile Usage.mkv,632de9ed55947761d56d4c6142a3cb1a1fe69d0b1a6d0e01a2e404c697962623,dfine_native,11200.0,unknown_object,0.2585,120.27,457.25,237.19,562.84,12346.4,116.92,105.6,1.107,False,,True,S-61,1,evt_S-61_desk_work_surface_0001,2bebd0989d616603,pose_hand_context,,13815.7,5.44,,1,cam12/e1/v1,rtmpose_baseline
full,03.CCTV Mobile Usage.mkv,632de9ed55947761d56d4c6142a3cb1a1fe69d0b1a6d0e01a2e404c697962623,dfine_native,11200.0,unknown_object,0.358,126.41,471.46,237.12,563.24,10161.5,110.71,91.78,1.206,False,,True,S-61,1,evt_S-61_desk_work_surface_0001,2bebd0989d616603,pose_hand_context,,13815.7,5.44,,1,cam12/e1/v1,rtmpose_baseline
full,03.CCTV Mobile Usage.mkv,632de9ed55947761d56d4c6142a3cb1a1fe69d0b1a6d0e01a2e404c697962623,dfine_native,11200.0,unknown_object,0.2609,120.01,471.61,237.16,574.59,12063.4,117.15,102.97,1.138,False,,True,S-61,1,evt_S-61_desk_work_surface_0001,2bebd0989d616603,pose_hand_context,,13815.7,5.44,,1,cam12/e1/v1,rtmpose_baseline
full,03.CCTV Mobile Usage.mkv,632de9ed55947761d56d4c6142a3cb1a1fe69d0b1a6d0e01a2e404c697962623,dfine_native,11200.0,unknown_object,0.2798,119.96,505.56,237.13,574.62,8091.9,117.17,69.06,1.697,False,,True,S-61,1,evt_S-61_desk_work_surface_0001,2bebd0989d616603,pose_hand_context,,13815.7,5.44,,1,cam12/e1/v1,rtmpose_baseline
full,03.CCTV Mobile Usage.mkv,632de9ed55947761d56d4c6142a3cb1a1fe69d0b1a6d0e01a2e404c697962623,dfine_native,11200.0,unknown_object,0.3352,265.15,279.6,315.32,337.77,2918.8,50.18,58.17,0.863,False,,True,S-61,2,evt_S-61_desk_work_surface_0001,44302ce98e67dd02,pose_hand_context,,29721.8,3.71,,1,cam12/e1/v1,rtmpose_baseline
full,03.CCTV Mobile Usage.mkv,632de9ed55947761d56d4c6142a3cb1a1fe69d0b1a6d0e01a2e404c697962623,dfine_native,11200.0,unknown_object,0.3905,244.12,207.27,415.94,379.32,29560.8,171.82,172.05,0.999,False,,True,S-61,2,evt_S-61_desk_work_surface_0001,44302ce98e67dd02,pose_hand_context,,29721.8,3.71,,1,cam12/e1/v1,rtmpose_baseline
full,03.CCTV Mobile Usage.mkv,632de9ed55947761d56d4c6142a3cb1a1fe69d0b1a6d0e01a2e404c697962623,dfine_native,11200.0,unknown_object,0.2608,266.0,240.09,318.86,338.05,5178.1,52.86,97.96,0.54,False,,True,S-61,2,evt_S-61_desk_work_surface_0001,44302ce98e67dd02,pose_hand_context,,29721.8,3.71,,1,cam12/e1/v1,rtmpose_baseline
full,03.CCTV Mobile Usage.mkv,632de9ed55947761d56d4c6142a3cb1a1fe69d0b1a6d0e01a2e404c697962623,dfine_native,11200.0,unknown_object,0.3257,264.97,211.89,344.94,378.97,13361.4,79.97,167.08,0.479,False,,True,S-61,2,evt_S-61_desk_work_surface_0001,44302ce98e67dd02,pose_hand_context,,29721.8,3.71,,1,cam12/e1/v1,rtmpose_baseline
full,03.CCTV Mobile Usage.mkv,632de9ed55947761d56d4c6142a3cb1a1fe69d0b1a6d0e01a2e404c697962623,dfine_native,11200.0,unknown_object,0.2655,264.92,216.41,320.15,369.51,8455.4,55.23,153.1,0.361,False,,True,S-61,2,evt_S-61_desk_work_surface_0001,44302ce98e67dd02,pose_hand_context,,29721.8,3.71,,1,cam12/e1/v1,rtmpose_baseline
full,03.CCTV Mobile Usage.mkv,632de9ed55947761d56d4c6142a3cb1a1fe69d0b1a6d0e01a2e404c697962623,dfine_native,11200.0,unknown_object,0.2735,265.84,279.49,339.75,379.34,7379.5,73.91,99.85,0.74,False,,True,S-61,2,evt_S-61_desk_work_surface_0001,44302ce98e67dd02,pose_hand_context,,29721.8,3.71,,1,cam12/e1/v1,rtmpose_baseline
full,03.CCTV Mobile Usage.mkv,632de9ed55947761d56d4c6142a3cb1a1fe69d0b1a6d0e01a2e404c697962623,dfine_native,11200.0,unknown_object,0.3329,265.59,215.02,320.16,338.78,6754.1,54.57,123.76,0.441,False,,True,S-61,2,evt_S-61_desk_work_surface_0001,44302ce98e67dd02,pose_hand_context,,29721.8,3.71,,1,cam12/e1/v1,rtmpose_baseline
full,03.CCTV Mobile Usage.mkv,632de9ed55947761d56d4c6142a3cb1a1fe69d0b1a6d0e01a2e404c697962623,dfine_native,11200.0,unknown_object,0.2711,265.83,280.4,307.2,329.49,2030.8,41.37,49.09,0.843,False,,True,S-61,2,evt_S-61_desk_work_surface_0001,44302ce98e67dd02,pose_hand_context,,29721.8,3.71,,1,cam12/e1/v1,rtmpose_baseline
full,03.CCTV Mobile Usage.mkv,632de9ed55947761d56d4c6142a3cb1a1fe69d0b1a6d0e01a2e404c697962623,dfine_native,11200.0,keyboard,0.9082,962.22,452.01,1067.87,491.44,4165.1,105.65,39.42,2.68,False,,True,R-desk,5,evt_S-61_desk_work_surface_0001,7739ac136bb8b8c8,lap_bag_context,no_pose_observation,34560.0,1.33,,1,cam12/e1/v1,
full,03.CCTV Mobile Usage.mkv,632de9ed55947761d56d4c6142a3cb1a1fe69d0b1a6d0e01a2e404c697962623,dfine_native,11200.0,monitor_or_bezel,0.6147,1018.42,395.79,1145.54,447.56,6581.6,127.12,51.77,2.455,False,,True,R-desk,5,evt_S-61_desk_work_surface_0001,7739ac136bb8b8c8,lap_bag_context,no_pose_observation,34560.0,1.33,,1,cam12/e1/v1,
full,03.CCTV Mobile Usage.mkv,632de9ed55947761d56d4c6142a3cb1a1fe69d0b1a6d0e01a2e404c697962623,dfine_native,11200.0,unknown_object,0.5516,699.96,396.18,857.23,492.13,15088.9,157.27,95.94,1.639,False,,True,R-desk,5,evt_S-61_desk_work_surface_0001,7739ac136bb8b8c8,lap_bag_context,no_pose_observation,34560.0,1.33,,1,cam12/e1/v1,
full,03.CCTV Mobile Usage.mkv,632de9ed55947761d56d4c6142a3cb1a1fe69d0b1a6d0e01a2e404c697962623,dfine_native,11200.0,unknown_object,0.4261,699.99,396.11,770.01,491.7,6692.6,70.02,95.59,0.732,False,,True,R-desk,5,evt_S-61_desk_work_surface_0001,7739ac136bb8b8c8,lap_bag_context,no_pose_observation,34560.0,1.33,,1,cam12/e1/v1,
full,03.CCTV Mobile Usage.mkv,632de9ed55947761d56d4c6142a3cb1a1fe69d0b1a6d0e01a2e404c697962623,dfine_native,11200.0,keyboard,0.5001,802.17,396.24,870.79,420.69,1677.9,68.61,24.45,2.806,False,,True,R-desk,5,evt_S-61_desk_work_surface_0001,7739ac136bb8b8c8,lap_bag_context,no_pose_observation,34560.0,1.33,,1,cam12/e1/v1,
full,03.CCTV Mobile Usage.mkv,632de9ed55947761d56d4c6142a3cb1a1fe69d0b1a6d0e01a2e404c697962623,dfine_native,11200.0,phone,0.3421,1042.74,421.48,1113.79,474.48,3765.2,71.04,53.0,1.341,False,,True,R-desk,5,evt_S-61_desk_work_surface_0001,7739ac136bb8b8c8,lap_bag_context,no_pose_observation,34560.0,1.33,,1,cam12/e1/v1,
full,03.CCTV Mobile Usage.mkv,632de9ed55947761d56d4c6142a3cb1a1fe69d0b1a6d0e01a2e404c697962623,dfine_native,11200.0,monitor_or_bezel,0.2856,1011.31,395.81,1146.83,487.99,12491.4,135.51,92.18,1.47,False,,True,R-desk,5,evt_S-61_desk_work_surface_0001,7739ac136bb8b8c8,lap_bag_context,no_pose_observation,34560.0,1.33,,1,cam12/e1/v1,
full,03.CCTV Mobile Usage.mkv,632de9ed55947761d56d4c6142a3cb1a1fe69d0b1a6d0e01a2e404c697962623,dfine_native,11200.0,unknown_object,0.341,700.07,396.33,757.33,490.32,5382.0,57.27,93.98,0.609,False,,True,R-desk,5,evt_S-61_desk_work_surface_0001,7739ac136bb8b8c8,lap_bag_context,no_pose_observation,34560.0,1.33,,1,cam12/e1/v1,
full,03.CCTV Mobile Usage.mkv,632de9ed55947761d56d4c6142a3cb1a1fe69d0b1a6d0e01a2e404c697962623,dfine_native,11200.0,mouse,0.5338,864.88,413.88,892.04,435.01,574.0,27.15,21.14,1.285,False,,True,R-desk,5,evt_S-61_desk_work_surface_0001,7739ac136bb8b8c8,lap_bag_context,no_pose_observation,34560.0,1.33,,1,cam12/e1/v1,
full,03.CCTV Mobile Usage.mkv,632de9ed55947761d56d4c6142a3cb1a1fe69d0b1a6d0e01a2e404c697962623,dfine_native,11200.0,monitor_or_bezel,0.2997,881.31,396.18,948.85,452.47,3801.9,67.54,56.29,1.2,False,,True,R-desk,5,evt_S-61_desk_work_surface_0001,7739ac136bb8b8c8,lap_bag_context,no_pose_observation,34560.0,1.33,,1,cam12/e1/v1,
full,03.CCTV Mobile Usage.mkv,632de9ed55947761d56d4c6142a3cb1a1fe69d0b1a6d0e01a2e404c697962623,dfine_native,11200.0,mouse,0.299,967.15,398.48,991.99,410.58,300.8,24.84,12.11,2.052,False,,True,R-desk,5,evt_S-61_desk_work_surface_0001,7739ac136bb8b8c8,lap_bag_context,no_pose_observation,34560.0,1.33,,1,cam12/e1/v1,
full,03.CCTV Mobile Usage.mkv,632de9ed55947761d56d4c6142a3cb1a1fe69d0b1a6d0e01a2e404c697962623,dfine_native,11200.0,mouse,0.2503,991.25,400.95,1028.24,413.52,465.0,37.0,12.57,2.943,False,,True,R-desk,5,evt_S-61_desk_work_surface_0001,7739ac136bb8b8c8,lap_bag_context,no_pose_observation,34560.0,1.33,,1,cam12/e1/v1,
full,03.CCTV Mobile Usage.mkv,632de9ed55947761d56d4c6142a3cb1a1fe69d0b1a6d0e01a2e404c697962623,dfine_native,11200.0,mouse,0.2578,990.77,399.34,1026.6,413.25,498.4,35.83,13.91,2.576,False,,True,R-desk,5,evt_S-61_desk_work_surface_0001,7739ac136bb8b8c8,lap_bag_context,no_pose_observation,34560.0,1.33,,1,cam12/e1/v1,
full,03.CCTV Mobile Usage.mkv,632de9ed55947761d56d4c6142a3cb1a1fe69d0b1a6d0e01a2e404c697962623,dfine_native,11700.0,unknown_object,0.4091,58.01,537.57,96.74,603.13,2539.6,38.74,65.56,0.591,False,,True,S-61,1,evt_S-61_desk_work_surface_0001,b6a05af65e1ac343,pose_hand_context,,28995.3,3.76,,1,cam12/e1/v1,rtmpose_baseline
full,03.CCTV Mobile Usage.mkv,632de9ed55947761d56d4c6142a3cb1a1fe69d0b1a6d0e01a2e404c697962623,dfine_native,11700.0,stationery,0.4808,57.97,509.52,85.38,552.39,1175.0,27.4,42.87,0.639,False,,True,S-61,1,evt_S-61_desk_work_surface_0001,b6a05af65e1ac343,pose_hand_context,,28995.3,3.76,,1,cam12/e1/v1,rtmpose_baseline
full,03.CCTV Mobile Usage.mkv,632de9ed55947761d56d4c6142a3cb1a1fe69d0b1a6d0e01a2e404c697962623,dfine_native,11700.0,unknown_object,0.3189,90.9,475.58,218.82,603.21,16326.1,127.91,127.63,1.002,False,,True,S-61,1,evt_S-61_desk_work_surface_0001,b6a05af65e1ac343,pose_hand_context,,28995.3,3.76,,1,cam12/e1/v1,rtmpose_baseline
full,03.CCTV Mobile Usage.mkv,632de9ed55947761d56d4c6142a3cb1a1fe69d0b1a6d0e01a2e404c697962623,dfine_native,11700.0,unknown_object,0.352,57.99,486.29,97.41,602.22,4569.9,39.42,115.92,0.34,False,,True,S-61,1,evt_S-61_desk_work_surface_0001,b6a05af65e1ac343,pose_hand_context,,28995.3,3.76,,1,cam12/e1/v1,rtmpose_baseline
full,03.CCTV Mobile Usage.mkv,632de9ed55947761d56d4c6142a3cb1a1fe69d0b1a6d0e01a2e404c697962623,dfine_native,11700.0,unknown_object,0.2911,58.51,474.24,225.71,603.23,21567.0,167.2,128.99,1.296,False,,True,S-61,1,evt_S-61_desk_work_surface_0001,b6a05af65e1ac343,pose_hand_context,,28995.3,3.76,,1,cam12/e1/v1,rtmpose_baseline
full,03.CCTV Mobile Usage.mkv,632de9ed55947761d56d4c6142a3cb1a1fe69d0b1a6d0e01a2e404c697962623,dfine_native,11700.0,unknown_object,0.3554,58.73,476.46,219.68,603.2,20399.7,160.95,126.74,1.27,False,,True,S-61,1,evt_S-61_desk_work_surface_0001,b6a05af65e1ac343,pose_hand_context,,28995.3,3.76,,1,cam12/e1/v1,rtmpose_baseline
full,03.CCTV Mobile Usage.mkv,632de9ed55947761d56d4c6142a3cb1a1fe69d0b1a6d0e01a2e404c697962623,dfine_native,11700.0,unknown_object,0.2704,58.12,476.96,229.03,603.28,21589.6,170.91,126.32,1.353,False,,True,S-61,1,evt_S-61_desk_work_surface_0001,b6a05af65e1ac343,pose_hand_context,,28995.3,3.76,,1,cam12/e1/v1,rtmpose_baseline
full,03.CCTV Mobile Usage.mkv,632de9ed55947761d56d4c6142a3cb1a1fe69d0b1a6d0e01a2e404c697962623,dfine_native,12200.0,keyboard,0.8976,962.17,451.89,1068.0,491.41,4183.0,105.84,39.52,2.678,False,,True,R-desk,6,evt_S-61_desk_work_surface_0001,590143951782a0e5,lap_bag_context,no_pose_observation,34560.0,1.33,,1,cam12/e1/v1,
full,03.CCTV Mobile Usage.mkv,632de9ed55947761d56d4c6142a3cb1a1fe69d0b1a6d0e01a2e404c697962623,dfine_native,12200.0,unknown_object,0.621,699.92,396.22,849.64,492.05,14348.2,149.72,95.83,1.562,False,,True,R-desk,6,evt_S-61_desk_work_surface_0001,590143951782a0e5,lap_bag_context,no_pose_observation,34560.0,1.33,,1,cam12/e1/v1,
full,03.CCTV Mobile Usage.mkv,632de9ed55947761d56d4c6142a3cb1a1fe69d0b1a6d0e01a2e404c697962623,dfine_native,12200.0,monitor_or_bezel,0.3169,735.83,395.53,1142.96,491.11,38914.7,407.13,95.58,4.259,False,,True,R-desk,6,evt_S-61_desk_work_surface_0001,590143951782a0e5,lap_bag_context,no_pose_observation,34560.0,1.33,,1,cam12/e1/v1,
full,03.CCTV Mobile Usage.mkv,632de9ed55947761d56d4c6142a3cb1a1fe69d0b1a6d0e01a2e404c697962623,dfine_native,12200.0,keyboard,0.4259,802.41,396.23,870.38,420.7,1663.5,67.97,24.47,2.777,False,,True,R-desk,6,evt_S-61_desk_work_surface_0001,590143951782a0e5,lap_bag_context,no_pose_observation,34560.0,1.33,,1,cam12/e1/v1,
full,03.CCTV Mobile Usage.mkv,632de9ed55947761d56d4c6142a3cb1a1fe69d0b1a6d0e01a2e404c697962623,dfine_native,12200.0,monitor_or_bezel,0.3708,1019.35,395.54,1145.38,447.63,6564.5,126.03,52.09,2.42,False,,True,R-desk,6,evt_S-61_desk_work_surface_0001,590143951782a0e5,lap_bag_context,no_pose_observation,34560.0,1.33,,1,cam12/e1/v1,
full,03.CCTV Mobile Usage.mkv,632de9ed55947761d56d4c6142a3cb1a1fe69d0b1a6d0e01a2e404c697962623,dfine_native,12200.0,monitor_or_bezel,0.3959,1014.33,395.57,1146.85,488.82,12356.1,132.51,93.24,1.421,False,,True,R-desk,6,evt_S-61_desk_work_surface_0001,590143951782a0e5,lap_bag_context,no_pose_observation,34560.0,1.33,,1,cam12/e1/v1,
full,03.CCTV Mobile Usage.mkv,632de9ed55947761d56d4c6142a3cb1a1fe69d0b1a6d0e01a2e404c697962623,dfine_native,12200.0,unknown_object,0.3516,700.03,396.15,774.6,491.77,7129.7,74.56,95.62,0.78,False,,True,R-desk,6,evt_S-61_desk_work_surface_0001,590143951782a0e5,lap_bag_context,no_pose_observation,34560.0,1.33,,1,cam12/e1/v1,
full,03.CCTV Mobile Usage.mkv,632de9ed55947761d56d4c6142a3cb1a1fe69d0b1a6d0e01a2e404c697962623,dfine_native,12200.0,phone,0.3032,1042.76,421.37,1113.57,474.32,3748.9,70.8,52.95,1.337,False,,True,R-desk,6,evt_S-61_desk_work_surface_0001,590143951782a0e5,lap_bag_context,no_pose_observation,34560.0,1.33,,1,cam12/e1/v1,
full,03.CCTV Mobile Usage.mkv,632de9ed55947761d56d4c6142a3cb1a1fe69d0b1a6d0e01a2e404c697962623,dfine_native,12200.0,unknown_object,0.419,700.01,396.25,758.88,490.74,5562.0,58.86,94.49,0.623,False,,True,R-desk,6,evt_S-61_desk_work_surface_0001,590143951782a0e5,lap_bag_context,no_pose_observation,34560.0,1.33,,1,cam12/e1/v1,
full,03.CCTV Mobile Usage.mkv,632de9ed55947761d56d4c6142a3cb1a1fe69d0b1a6d0e01a2e404c697962623,dfine_native,12200.0,monitor_or_bezel,0.2625,1017.95,395.58,1146.14,472.53,9865.7,128.2,76.96,1.666,False,,True,R-desk,6,evt_S-61_desk_work_surface_0001,590143951782a0e5,lap_bag_context,no_pose_observation,34560.0,1.33,,1,cam12/e1/v1,
full,03.CCTV Mobile Usage.mkv,632de9ed55947761d56d4c6142a3cb1a1fe69d0b1a6d0e01a2e404c697962623,dfine_native,12200.0,mouse,0.5184,865.0,413.88,892.18,435.35,583.7,27.18,21.48,1.265,False,,True,R-desk,6,evt_S-61_desk_work_surface_0001,590143951782a0e5,lap_bag_context,no_pose_observation,34560.0,1.33,,1,cam12/e1/v1,
full,03.CCTV Mobile Usage.mkv,632de9ed55947761d56d4c6142a3cb1a1fe69d0b1a6d0e01a2e404c697962623,dfine_native,12200.0,mouse,0.2566,966.92,398.36,992.04,410.52,305.6,25.12,12.16,2.065,False,,True,R-desk,6,evt_S-61_desk_work_surface_0001,590143951782a0e5,lap_bag_context,no_pose_observation,34560.0,1.33,,1,cam12/e1/v1,
full,03.CCTV Mobile Usage.mkv,632de9ed55947761d56d4c6142a3cb1a1fe69d0b1a6d0e01a2e404c697962623,dfine_native,12200.0,monitor_or_bezel,0.3307,966.87,395.53,1146.8,490.43,17073.8,179.93,94.89,1.896,False,,True,R-desk,6,evt_S-61_desk_work_surface_0001,590143951782a0e5,lap_bag_context,no_pose_observation,34560.0,1.33,,1,cam12/e1/v1,
full,03.CCTV Mobile Usage.mkv,632de9ed55947761d56d4c6142a3cb1a1fe69d0b1a6d0e01a2e404c697962623,dfine_native,12200.0,monitor_or_bezel,0.2824,880.78,395.54,1146.81,491.03,25403.0,266.04,95.49,2.786,False,,True,R-desk,6,evt_S-61_desk_work_surface_0001,590143951782a0e5,lap_bag_context,no_pose_observation,34560.0,1.33,,1,cam12/e1/v1,
full,03.CCTV Mobile Usage.mkv,632de9ed55947761d56d4c6142a3cb1a1fe69d0b1a6d0e01a2e404c697962623,dfine_native,12200.0,keyboard,0.8976,962.17,451.89,1068.0,491.41,4183.0,105.84,39.52,2.678,False,,True,R-desk,5,evt_S-61_desk_work_surface_0001,590143951782a0e5,lap_bag_context,no_pose_observation,34560.0,1.33,,1,cam12/e1/v1,
full,03.CCTV Mobile Usage.mkv,632de9ed55947761d56d4c6142a3cb1a1fe69d0b1a6d0e01a2e404c697962623,dfine_native,12200.0,unknown_object,0.621,699.92,396.22,849.64,492.05,14348.2,149.72,95.83,1.562,False,,True,R-desk,5,evt_S-61_desk_work_surface_0001,590143951782a0e5,lap_bag_context,no_pose_observation,34560.0,1.33,,1,cam12/e1/v1,
full,03.CCTV Mobile Usage.mkv,632de9ed55947761d56d4c6142a3cb1a1fe69d0b1a6d0e01a2e404c697962623,dfine_native,12200.0,monitor_or_bezel,0.3169,735.83,395.53,1142.96,491.11,38914.7,407.13,95.58,4.259,False,,True,R-desk,5,evt_S-61_desk_work_surface_0001,590143951782a0e5,lap_bag_context,no_pose_observation,34560.0,1.33,,1,cam12/e1/v1,
full,03.CCTV Mobile Usage.mkv,632de9ed55947761d56d4c6142a3cb1a1fe69d0b1a6d0e01a2e404c697962623,dfine_native,12200.0,keyboard,0.4259,802.41,396.23,870.38,420.7,1663.5,67.97,24.47,2.777,False,,True,R-desk,5,evt_S-61_desk_work_surface_0001,590143951782a0e5,lap_bag_context,no_pose_observation,34560.0,1.33,,1,cam12/e1/v1,
full,03.CCTV Mobile Usage.mkv,632de9ed55947761d56d4c6142a3cb1a1fe69d0b1a6d0e01a2e404c697962623,dfine_native,12200.0,monitor_or_bezel,0.3708,1019.35,395.54,1145.38,447.63,6564.5,126.03,52.09,2.42,False,,True,R-desk,5,evt_S-61_desk_work_surface_0001,590143951782a0e5,lap_bag_context,no_pose_observation,34560.0,1.33,,1,cam12/e1/v1,
full,03.CCTV Mobile Usage.mkv,632de9ed55947761d56d4c6142a3cb1a1fe69d0b1a6d0e01a2e404c697962623,dfine_native,12200.0,monitor_or_bezel,0.3959,1014.33,395.57,1146.85,488.82,12356.1,132.51,93.24,1.421,False,,True,R-desk,5,evt_S-61_desk_work_surface_0001,590143951782a0e5,lap_bag_context,no_pose_observation,34560.0,1.33,,1,cam12/e1/v1,
full,03.CCTV Mobile Usage.mkv,632de9ed55947761d56d4c6142a3cb1a1fe69d0b1a6d0e01a2e404c697962623,dfine_native,12200.0,unknown_object,0.3516,700.03,396.15,774.6,491.77,7129.7,74.56,95.62,0.78,False,,True,R-desk,5,evt_S-61_desk_work_surface_0001,590143951782a0e5,lap_bag_context,no_pose_observation,34560.0,1.33,,1,cam12/e1/v1,
full,03.CCTV Mobile Usage.mkv,632de9ed55947761d56d4c6142a3cb1a1fe69d0b1a6d0e01a2e404c697962623,dfine_native,12200.0,phone,0.3032,1042.76,421.37,1113.57,474.32,3748.9,70.8,52.95,1.337,False,,True,R-desk,5,evt_S-61_desk_work_surface_0001,590143951782a0e5,lap_bag_context,no_pose_observation,34560.0,1.33,,1,cam12/e1/v1,
full,03.CCTV Mobile Usage.mkv,632de9ed55947761d56d4c6142a3cb1a1fe69d0b1a6d0e01a2e404c697962623,dfine_native,12200.0,unknown_object,0.419,700.01,396.25,758.88,490.74,5562.0,58.86,94.49,0.623,False,,True,R-desk,5,evt_S-61_desk_work_surface_0001,590143951782a0e5,lap_bag_context,no_pose_observation,34560.0,1.33,,1,cam12/e1/v1,
full,03.CCTV Mobile Usage.mkv,632de9ed55947761d56d4c6142a3cb1a1fe69d0b1a6d0e01a2e404c697962623,dfine_native,12200.0,monitor_or_bezel,0.2625,1017.95,395.58,1146.14,472.53,9865.7,128.2,76.96,1.666,False,,True,R-desk,5,evt_S-61_desk_work_surface_0001,590143951782a0e5,lap_bag_context,no_pose_observation,34560.0,1.33,,1,cam12/e1/v1,
full,03.CCTV Mobile Usage.mkv,632de9ed55947761d56d4c6142a3cb1a1fe69d0b1a6d0e01a2e404c697962623,dfine_native,12200.0,mouse,0.5184,865.0,413.88,892.18,435.35,583.7,27.18,21.48,1.265,False,,True,R-desk,5,evt_S-61_desk_work_surface_0001,590143951782a0e5,lap_bag_context,no_pose_observation,34560.0,1.33,,1,cam12/e1/v1,
full,03.CCTV Mobile Usage.mkv,632de9ed55947761d56d4c6142a3cb1a1fe69d0b1a6d0e01a2e404c697962623,dfine_native,12200.0,mouse,0.2566,966.92,398.36,992.04,410.52,305.6,25.12,12.16,2.065,False,,True,R-desk,5,evt_S-61_desk_work_surface_0001,590143951782a0e5,lap_bag_context,no_pose_observation,34560.0,1.33,,1,cam12/e1/v1,
full,03.CCTV Mobile Usage.mkv,632de9ed55947761d56d4c6142a3cb1a1fe69d0b1a6d0e01a2e404c697962623,dfine_native,12200.0,monitor_or_bezel,0.3307,966.87,395.53,1146.8,490.43,17073.8,179.93,94.89,1.896,False,,True,R-desk,5,evt_S-61_desk_work_surface_0001,590143951782a0e5,lap_bag_context,no_pose_observation,34560.0,1.33,,1,cam12/e1/v1,
full,03.CCTV Mobile Usage.mkv,632de9ed55947761d56d4c6142a3cb1a1fe69d0b1a6d0e01a2e404c697962623,dfine_native,12200.0,monitor_or_bezel,0.2824,880.78,395.54,1146.81,491.03,25403.0,266.04,95.49,2.786,False,,True,R-desk,5,evt_S-61_desk_work_surface_0001,590143951782a0e5,lap_bag_context,no_pose_observation,34560.0,1.33,,1,cam12/e1/v1,
full,03.CCTV Mobile Usage.mkv,632de9ed55947761d56d4c6142a3cb1a1fe69d0b1a6d0e01a2e404c697962623,dfine_native,12200.0,keyboard,0.8976,962.17,451.89,1068.0,491.41,4183.0,105.84,39.52,2.678,False,,True,R-desk,7,evt_S-61_desk_work_surface_0001,590143951782a0e5,lap_bag_context,no_pose_observation,34560.0,1.33,,1,cam12/e1/v1,
full,03.CCTV Mobile Usage.mkv,632de9ed55947761d56d4c6142a3cb1a1fe69d0b1a6d0e01a2e404c697962623,dfine_native,12200.0,unknown_object,0.621,699.92,396.22,849.64,492.05,14348.2,149.72,95.83,1.562,False,,True,R-desk,7,evt_S-61_desk_work_surface_0001,590143951782a0e5,lap_bag_context,no_pose_observation,34560.0,1.33,,1,cam12/e1/v1,
full,03.CCTV Mobile Usage.mkv,632de9ed55947761d56d4c6142a3cb1a1fe69d0b1a6d0e01a2e404c697962623,dfine_native,12200.0,monitor_or_bezel,0.3169,735.83,395.53,1142.96,491.11,38914.7,407.13,95.58,4.259,False,,True,R-desk,7,evt_S-61_desk_work_surface_0001,590143951782a0e5,lap_bag_context,no_pose_observation,34560.0,1.33,,1,cam12/e1/v1,
full,03.CCTV Mobile Usage.mkv,632de9ed55947761d56d4c6142a3cb1a1fe69d0b1a6d0e01a2e404c697962623,dfine_native,12200.0,keyboard,0.4259,802.41,396.23,870.38,420.7,1663.5,67.97,24.47,2.777,False,,True,R-desk,7,evt_S-61_desk_work_surface_0001,590143951782a0e5,lap_bag_context,no_pose_observation,34560.0,1.33,,1,cam12/e1/v1,
full,03.CCTV Mobile Usage.mkv,632de9ed55947761d56d4c6142a3cb1a1fe69d0b1a6d0e01a2e404c697962623,dfine_native,12200.0,monitor_or_bezel,0.3708,1019.35,395.54,1145.38,447.63,6564.5,126.03,52.09,2.42,False,,True,R-desk,7,evt_S-61_desk_work_surface_0001,590143951782a0e5,lap_bag_context,no_pose_observation,34560.0,1.33,,1,cam12/e1/v1,
full,03.CCTV Mobile Usage.mkv,632de9ed55947761d56d4c6142a3cb1a1fe69d0b1a6d0e01a2e404c697962623,dfine_native,12200.0,monitor_or_bezel,0.3959,1014.33,395.57,1146.85,488.82,12356.1,132.51,93.24,1.421,False,,True,R-desk,7,evt_S-61_desk_work_surface_0001,590143951782a0e5,lap_bag_context,no_pose_observation,34560.0,1.33,,1,cam12/e1/v1,
full,03.CCTV Mobile Usage.mkv,632de9ed55947761d56d4c6142a3cb1a1fe69d0b1a6d0e01a2e404c697962623,dfine_native,12200.0,unknown_object,0.3516,700.03,396.15,774.6,491.77,7129.7,74.56,95.62,0.78,False,,True,R-desk,7,evt_S-61_desk_work_surface_0001,590143951782a0e5,lap_bag_context,no_pose_observation,34560.0,1.33,,1,cam12/e1/v1,
full,03.CCTV Mobile Usage.mkv,632de9ed55947761d56d4c6142a3cb1a1fe69d0b1a6d0e01a2e404c697962623,dfine_native,12200.0,phone,0.3032,1042.76,421.37,1113.57,474.32,3748.9,70.8,52.95,1.337,False,,True,R-desk,7,evt_S-61_desk_work_surface_0001,590143951782a0e5,lap_bag_context,no_pose_observation,34560.0,1.33,,1,cam12/e1/v1,
full,03.CCTV Mobile Usage.mkv,632de9ed55947761d56d4c6142a3cb1a1fe69d0b1a6d0e01a2e404c697962623,dfine_native,12200.0,unknown_object,0.419,700.01,396.25,758.88,490.74,5562.0,58.86,94.49,0.623,False,,True,R-desk,7,evt_S-61_desk_work_surface_0001,590143951782a0e5,lap_bag_context,no_pose_observation,34560.0,1.33,,1,cam12/e1/v1,
full,03.CCTV Mobile Usage.mkv,632de9ed55947761d56d4c6142a3cb1a1fe69d0b1a6d0e01a2e404c697962623,dfine_native,12200.0,monitor_or_bezel,0.2625,1017.95,395.58,1146.14,472.53,9865.7,128.2,76.96,1.666,False,,True,R-desk,7,evt_S-61_desk_work_surface_0001,590143951782a0e5,lap_bag_context,no_pose_observation,34560.0,1.33,,1,cam12/e1/v1,
full,03.CCTV Mobile Usage.mkv,632de9ed55947761d56d4c6142a3cb1a1fe69d0b1a6d0e01a2e404c697962623,dfine_native,12200.0,mouse,0.5184,865.0,413.88,892.18,435.35,583.7,27.18,21.48,1.265,False,,True,R-desk,7,evt_S-61_desk_work_surface_0001,590143951782a0e5,lap_bag_context,no_pose_observation,34560.0,1.33,,1,cam12/e1/v1,
full,03.CCTV Mobile Usage.mkv,632de9ed55947761d56d4c6142a3cb1a1fe69d0b1a6d0e01a2e404c697962623,dfine_native,12200.0,mouse,0.2566,966.92,398.36,992.04,410.52,305.6,25.12,12.16,2.065,False,,True,R-desk,7,evt_S-61_desk_work_surface_0001,590143951782a0e5,lap_bag_context,no_pose_observation,34560.0,1.33,,1,cam12/e1/v1,
full,03.CCTV Mobile Usage.mkv,632de9ed55947761d56d4c6142a3cb1a1fe69d0b1a6d0e01a2e404c697962623,dfine_native,12200.0,monitor_or_bezel,0.3307,966.87,395.53,1146.8,490.43,17073.8,179.93,94.89,1.896,False,,True,R-desk,7,evt_S-61_desk_work_surface_0001,590143951782a0e5,lap_bag_context,no_pose_observation,34560.0,1.33,,1,cam12/e1/v1,
full,03.CCTV Mobile Usage.mkv,632de9ed55947761d56d4c6142a3cb1a1fe69d0b1a6d0e01a2e404c697962623,dfine_native,12200.0,monitor_or_bezel,0.2824,880.78,395.54,1146.81,491.03,25403.0,266.04,95.49,2.786,False,,True,R-desk,7,evt_S-61_desk_work_surface_0001,590143951782a0e5,lap_bag_context,no_pose_observation,34560.0,1.33,,1,cam12/e1/v1,
full,03.CCTV Mobile Usage.mkv,632de9ed55947761d56d4c6142a3cb1a1fe69d0b1a6d0e01a2e404c697962623,dfine_native,12200.0,stationery,0.4578,21.12,443.03,79.45,497.59,3182.4,58.33,54.56,1.069,False,,True,S-61,1,evt_S-61_desk_work_surface_0001,d9e493aa82dc7fae,pose_hand_context,,26179.2,3.96,,1,cam12/e1/v1,rtmpose_baseline
full,03.CCTV Mobile Usage.mkv,632de9ed55947761d56d4c6142a3cb1a1fe69d0b1a6d0e01a2e404c697962623,dfine_native,12200.0,stationery,0.4999,43.06,443.69,72.49,471.52,819.0,29.43,27.83,1.057,False,,True,S-61,1,evt_S-61_desk_work_surface_0001,d9e493aa82dc7fae,pose_hand_context,,26179.2,3.96,,1,cam12/e1/v1,rtmpose_baseline
full,03.CCTV Mobile Usage.mkv,632de9ed55947761d56d4c6142a3cb1a1fe69d0b1a6d0e01a2e404c697962623,dfine_native,12200.0,stationery,0.5307,100.25,476.49,162.05,529.52,3277.1,61.79,53.03,1.165,False,,True,S-61,1,evt_S-61_desk_work_surface_0001,d9e493aa82dc7fae,pose_hand_context,,26179.2,3.96,,1,cam12/e1/v1,rtmpose_baseline
full,03.CCTV Mobile Usage.mkv,632de9ed55947761d56d4c6142a3cb1a1fe69d0b1a6d0e01a2e404c697962623,dfine_native,12200.0,stationery,0.494,20.99,492.72,182.84,552.42,9663.6,161.86,59.71,2.711,False,,True,S-61,1,evt_S-61_desk_work_surface_0001,d9e493aa82dc7fae,pose_hand_context,,26179.2,3.96,,1,cam12/e1/v1,rtmpose_baseline
full,03.CCTV Mobile Usage.mkv,632de9ed55947761d56d4c6142a3cb1a1fe69d0b1a6d0e01a2e404c697962623,dfine_native,12200.0,stationery,0.2625,70.75,404.53,152.35,496.82,7530.7,81.6,92.29,0.884,False,,True,S-61,1,evt_S-61_desk_work_surface_0001,d9e493aa82dc7fae,pose_hand_context,,26179.2,3.96,,1,cam12/e1/v1,rtmpose_baseline
full,03.CCTV Mobile Usage.mkv,632de9ed55947761d56d4c6142a3cb1a1fe69d0b1a6d0e01a2e404c697962623,dfine_native,12200.0,stationery,0.3943,79.78,404.77,151.78,496.14,6578.9,72.0,91.37,0.788,False,,True,S-61,1,evt_S-61_desk_work_surface_0001,d9e493aa82dc7fae,pose_hand_context,,26179.2,3.96,,1,cam12/e1/v1,rtmpose_baseline
full,03.CCTV Mobile Usage.mkv,632de9ed55947761d56d4c6142a3cb1a1fe69d0b1a6d0e01a2e404c697962623,dfine_native,12200.0,stationery,0.2675,21.01,417.26,84.2,496.67,5017.7,63.19,79.4,0.796,False,,True,S-61,1,evt_S-61_desk_work_surface_0001,d9e493aa82dc7fae,pose_hand_context,,26179.2,3.96,,1,cam12/e1/v1,rtmpose_baseline
full,03.CCTV Mobile Usage.mkv,632de9ed55947761d56d4c6142a3cb1a1fe69d0b1a6d0e01a2e404c697962623,dfine_native,12200.0,stationery,0.3254,128.89,446.03,160.88,491.38,1450.6,31.99,45.35,0.705,False,,True,S-61,1,evt_S-61_desk_work_surface_0001,d9e493aa82dc7fae,pose_hand_context,,26179.2,3.96,,1,cam12/e1/v1,rtmpose_baseline
full,03.CCTV Mobile Usage.mkv,632de9ed55947761d56d4c6142a3cb1a1fe69d0b1a6d0e01a2e404c697962623,dfine_native,12200.0,stationery,0.381,20.97,414.97,105.56,498.0,7023.4,84.59,83.03,1.019,False,,True,S-61,1,evt_S-61_desk_work_surface_0001,d9e493aa82dc7fae,pose_hand_context,,26179.2,3.96,,1,cam12/e1/v1,rtmpose_baseline
full,03.CCTV Mobile Usage.mkv,632de9ed55947761d56d4c6142a3cb1a1fe69d0b1a6d0e01a2e404c697962623,dfine_native,12200.0,stationery,0.3358,21.01,476.64,182.88,552.28,12242.7,161.86,75.64,2.14,False,,True,S-61,1,evt_S-61_desk_work_surface_0001,d9e493aa82dc7fae,pose_hand_context,,26179.2,3.96,,1,cam12/e1/v1,rtmpose_baseline
full,03.CCTV Mobile Usage.mkv,632de9ed55947761d56d4c6142a3cb1a1fe69d0b1a6d0e01a2e404c697962623,dfine_native,12200.0,stationery,0.2571,91.07,405.34,150.27,493.21,5201.0,59.19,87.87,0.674,False,,True,S-61,1,evt_S-61_desk_work_surface_0001,d9e493aa82dc7fae,pose_hand_context,,26179.2,3.96,,1,cam12/e1/v1,rtmpose_baseline
full,03.CCTV Mobile Usage.mkv,632de9ed55947761d56d4c6142a3cb1a1fe69d0b1a6d0e01a2e404c697962623,dfine_native,12200.0,stationery,0.3694,21.26,493.12,162.05,552.4,8346.5,140.79,59.28,2.375,False,,True,S-61,1,evt_S-61_desk_work_surface_0001,d9e493aa82dc7fae,pose_hand_context,,26179.2,3.96,,1,cam12/e1/v1,rtmpose_baseline
full,03.CCTV Mobile Usage.mkv,632de9ed55947761d56d4c6142a3cb1a1fe69d0b1a6d0e01a2e404c697962623,dfine_native,12200.0,unknown_object,0.3969,203.81,293.53,340.8,389.77,13183.5,136.99,96.24,1.423,False,,True,S-61,2,evt_S-61_desk_work_surface_0001,f9214926523ed6ae,pose_hand_context,,32623.6,3.54,,1,cam12/e1/v1,rtmpose_baseline
full,03.CCTV Mobile Usage.mkv,632de9ed55947761d56d4c6142a3cb1a1fe69d0b1a6d0e01a2e404c697962623,dfine_native,12700.0,unknown_object,0.312,180.49,293.84,335.84,384.62,14102.7,155.35,90.78,1.711,False,,True,S-61,2,evt_S-61_desk_work_surface_0001,1f3041ccf4ecfadb,pose_hand_context,,34165.8,3.46,,1,cam12/e1/v1,rtmpose_baseline
full,03.CCTV Mobile Usage.mkv,632de9ed55947761d56d4c6142a3cb1a1fe69d0b1a6d0e01a2e404c697962623,dfine_native,12700.0,stationery,0.3639,16.87,392.15,101.84,498.64,9048.2,84.97,106.49,0.798,False,,True,S-61,1,evt_S-61_desk_work_surface_0001,4da4af0040eee7f8,pose_hand_context,,26771.5,3.91,,1,cam12/e1/v1,rtmpose_baseline
full,03.CCTV Mobile Usage.mkv,632de9ed55947761d56d4c6142a3cb1a1fe69d0b1a6d0e01a2e404c697962623,dfine_native,12700.0,stationery,0.4537,43.03,443.84,71.91,471.22,790.8,28.88,27.38,1.055,False,,True,S-61,1,evt_S-61_desk_work_surface_0001,4da4af0040eee7f8,pose_hand_context,,26771.5,3.91,,1,cam12/e1/v1,rtmpose_baseline
full,03.CCTV Mobile Usage.mkv,632de9ed55947761d56d4c6142a3cb1a1fe69d0b1a6d0e01a2e404c697962623,dfine_native,12700.0,stationery,0.2584,43.55,506.11,90.56,554.91,2293.7,47.0,48.8,0.963,False,,True,S-61,1,evt_S-61_desk_work_surface_0001,4da4af0040eee7f8,pose_hand_context,,26771.5,3.91,,1,cam12/e1/v1,rtmpose_baseline
full,03.CCTV Mobile Usage.mkv,632de9ed55947761d56d4c6142a3cb1a1fe69d0b1a6d0e01a2e404c697962623,dfine_native,12700.0,stationery,0.4137,100.29,478.46,160.44,531.68,3201.6,60.15,53.23,1.13,False,,True,S-61,1,evt_S-61_desk_work_surface_0001,4da4af0040eee7f8,pose_hand_context,,26771.5,3.91,,1,cam12/e1/v1,rtmpose_baseline
full,03.CCTV Mobile Usage.mkv,632de9ed55947761d56d4c6142a3cb1a1fe69d0b1a6d0e01a2e404c697962623,dfine_native,12700.0,stationery,0.6678,16.94,415.09,101.63,498.59,7071.1,84.68,83.5,1.014,False,,True,S-61,1,evt_S-61_desk_work_surface_0001,4da4af0040eee7f8,pose_hand_context,,26771.5,3.91,,1,cam12/e1/v1,rtmpose_baseline
full,03.CCTV Mobile Usage.mkv,632de9ed55947761d56d4c6142a3cb1a1fe69d0b1a6d0e01a2e404c697962623,dfine_native,12700.0,unknown_object,0.3187,16.81,392.13,180.06,555.34,26644.7,163.25,163.21,1.0,False,,True,S-61,1,evt_S-61_desk_work_surface_0001,4da4af0040eee7f8,pose_hand_context,,26771.5,3.91,,1,cam12/e1/v1,rtmpose_baseline
full,03.CCTV Mobile Usage.mkv,632de9ed55947761d56d4c6142a3cb1a1fe69d0b1a6d0e01a2e404c697962623,dfine_native,12700.0,stationery,0.3759,83.39,418.29,149.81,496.41,5188.5,66.42,78.12,0.85,False,,True,S-61,1,evt_S-61_desk_work_surface_0001,4da4af0040eee7f8,pose_hand_context,,26771.5,3.91,,1,cam12/e1/v1,rtmpose_baseline
full,03.CCTV Mobile Usage.mkv,632de9ed55947761d56d4c6142a3cb1a1fe69d0b1a6d0e01a2e404c697962623,dfine_native,12700.0,stationery,0.3028,70.68,418.06,155.51,497.46,6734.8,84.83,79.39,1.069,False,,True,S-61,1,evt_S-61_desk_work_surface_0001,4da4af0040eee7f8,pose_hand_context,,26771.5,3.91,,1,cam12/e1/v1,rtmpose_baseline
full,03.CCTV Mobile Usage.mkv,632de9ed55947761d56d4c6142a3cb1a1fe69d0b1a6d0e01a2e404c697962623,dfine_native,12700.0,stationery,0.3619,17.13,415.57,156.62,499.59,11719.5,139.49,84.02,1.66,False,,True,S-61,1,evt_S-61_desk_work_surface_0001,4da4af0040eee7f8,pose_hand_context,,26771.5,3.91,,1,cam12/e1/v1,rtmpose_baseline
full,03.CCTV Mobile Usage.mkv,632de9ed55947761d56d4c6142a3cb1a1fe69d0b1a6d0e01a2e404c697962623,dfine_native,12700.0,stationery,0.3928,17.08,478.77,179.78,555.65,12507.6,162.7,76.88,2.116,False,,True,S-61,1,evt_S-61_desk_work_surface_0001,4da4af0040eee7f8,pose_hand_context,,26771.5,3.91,,1,cam12/e1/v1,rtmpose_baseline
full,03.CCTV Mobile Usage.mkv,632de9ed55947761d56d4c6142a3cb1a1fe69d0b1a6d0e01a2e404c697962623,dfine_native,12700.0,stationery,0.2793,17.43,495.06,157.88,555.67,8512.7,140.45,60.61,2.317,False,,True,S-61,1,evt_S-61_desk_work_surface_0001,4da4af0040eee7f8,pose_hand_context,,26771.5,3.91,,1,cam12/e1/v1,rtmpose_baseline
full,03.CCTV Mobile Usage.mkv,632de9ed55947761d56d4c6142a3cb1a1fe69d0b1a6d0e01a2e404c697962623,dfine_native,12700.0,stationery,0.2505,127.81,445.39,158.05,490.1,1352.2,30.24,44.71,0.676,False,,True,S-61,1,evt_S-61_desk_work_surface_0001,4da4af0040eee7f8,pose_hand_context,,26771.5,3.91,,1,cam12/e1/v1,rtmpose_baseline
full,03.CCTV Mobile Usage.mkv,632de9ed55947761d56d4c6142a3cb1a1fe69d0b1a6d0e01a2e404c697962623,dfine_native,12700.0,stationery,0.3629,16.92,493.35,179.88,555.67,10157.4,162.96,62.33,2.615,False,,True,S-61,1,evt_S-61_desk_work_surface_0001,4da4af0040eee7f8,pose_hand_context,,26771.5,3.91,,1,cam12/e1/v1,rtmpose_baseline
full,03.CCTV Mobile Usage.mkv,632de9ed55947761d56d4c6142a3cb1a1fe69d0b1a6d0e01a2e404c697962623,dfine_native,12700.0,stationery,0.2657,16.92,392.08,157.98,499.53,15155.8,141.05,107.45,1.313,False,,True,S-61,1,evt_S-61_desk_work_surface_0001,4da4af0040eee7f8,pose_hand_context,,26771.5,3.91,,1,cam12/e1/v1,rtmpose_baseline
full,03.CCTV Mobile Usage.mkv,632de9ed55947761d56d4c6142a3cb1a1fe69d0b1a6d0e01a2e404c697962623,dfine_native,12700.0,stationery,0.306,17.33,478.23,160.24,555.36,11022.2,142.92,77.12,1.853,False,,True,S-61,1,evt_S-61_desk_work_surface_0001,4da4af0040eee7f8,pose_hand_context,,26771.5,3.91,,1,cam12/e1/v1,rtmpose_baseline
full,03.CCTV Mobile Usage.mkv,632de9ed55947761d56d4c6142a3cb1a1fe69d0b1a6d0e01a2e404c697962623,dfine_native,12700.0,keyboard,0.894,962.1,451.9,1067.92,491.45,4185.1,105.83,39.55,2.676,False,,True,R-desk,5,evt_S-61_desk_work_surface_0001,968235d01208b21f,lap_bag_context,no_pose_observation,34560.0,1.33,,1,cam12/e1/v1,
full,03.CCTV Mobile Usage.mkv,632de9ed55947761d56d4c6142a3cb1a1fe69d0b1a6d0e01a2e404c697962623,dfine_native,12700.0,unknown_object,0.6223,699.91,396.23,849.49,492.42,14387.6,149.57,96.19,1.555,False,,True,R-desk,5,evt_S-61_desk_work_surface_0001,968235d01208b21f,lap_bag_context,no_pose_observation,34560.0,1.33,,1,cam12/e1/v1,
full,03.CCTV Mobile Usage.mkv,632de9ed55947761d56d4c6142a3cb1a1fe69d0b1a6d0e01a2e404c697962623,dfine_native,12700.0,keyboard,0.4237,802.46,396.22,870.9,420.71,1675.7,68.44,24.48,2.795,False,,True,R-desk,5,evt_S-61_desk_work_surface_0001,968235d01208b21f,lap_bag_context,no_pose_observation,34560.0,1.33,,1,cam12/e1/v1,
full,03.CCTV Mobile Usage.mkv,632de9ed55947761d56d4c6142a3cb1a1fe69d0b1a6d0e01a2e404c697962623,dfine_native,12700.0,unknown_object,0.3092,736.55,395.62,1140.16,491.17,38565.1,403.61,95.55,4.224,False,,True,R-desk,5,evt_S-61_desk_work_surface_0001,968235d01208b21f,lap_bag_context,no_pose_observation,34560.0,1.33,,1,cam12/e1/v1,
full,03.CCTV Mobile Usage.mkv,632de9ed55947761d56d4c6142a3cb1a1fe69d0b1a6d0e01a2e404c697962623,dfine_native,12700.0,monitor_or_bezel,0.3892,1019.66,395.52,1145.06,446.55,6399.4,125.4,51.03,2.457,False,,True,R-desk,5,evt_S-61_desk_work_surface_0001,968235d01208b21f,lap_bag_context,no_pose_observation,34560.0,1.33,,1,cam12/e1/v1,
full,03.CCTV Mobile Usage.mkv,632de9ed55947761d56d4c6142a3cb1a1fe69d0b1a6d0e01a2e404c697962623,dfine_native,12700.0,unknown_object,0.4019,699.97,396.22,757.52,491.04,5456.4,57.55,94.82,0.607,False,,True,R-desk,5,evt_S-61_desk_work_surface_0001,968235d01208b21f,lap_bag_context,no_pose_observation,34560.0,1.33,,1,cam12/e1/v1,
full,03.CCTV Mobile Usage.mkv,632de9ed55947761d56d4c6142a3cb1a1fe69d0b1a6d0e01a2e404c697962623,dfine_native,12700.0,monitor_or_bezel,0.3272,1013.37,395.62,1146.34,488.37,12331.9,132.97,92.74,1.434,False,,True,R-desk,5,evt_S-61_desk_work_surface_0001,968235d01208b21f,lap_bag_context,no_pose_observation,34560.0,1.33,,1,cam12/e1/v1,
full,03.CCTV Mobile Usage.mkv,632de9ed55947761d56d4c6142a3cb1a1fe69d0b1a6d0e01a2e404c697962623,dfine_native,12700.0,phone,0.2574,1042.72,421.48,1114.16,474.32,3775.4,71.45,52.84,1.352,False,,True,R-desk,5,evt_S-61_desk_work_surface_0001,968235d01208b21f,lap_bag_context,no_pose_observation,34560.0,1.33,,1,cam12/e1/v1,
full,03.CCTV Mobile Usage.mkv,632de9ed55947761d56d4c6142a3cb1a1fe69d0b1a6d0e01a2e404c697962623,dfine_native,12700.0,monitor_or_bezel,0.4822,967.01,395.52,1146.45,490.67,17075.0,179.45,95.15,1.886,False,,True,R-desk,5,evt_S-61_desk_work_surface_0001,968235d01208b21f,lap_bag_context,no_pose_observation,34560.0,1.33,,1,cam12/e1/v1,
full,03.CCTV Mobile Usage.mkv,632de9ed55947761d56d4c6142a3cb1a1fe69d0b1a6d0e01a2e404c697962623,dfine_native,12700.0,mouse,0.5254,865.29,413.82,892.12,435.31,576.5,26.83,21.48,1.249,False,,True,R-desk,5,evt_S-61_desk_work_surface_0001,968235d01208b21f,lap_bag_context,no_pose_observation,34560.0,1.33,,1,cam12/e1/v1,
full,03.CCTV Mobile Usage.mkv,632de9ed55947761d56d4c6142a3cb1a1fe69d0b1a6d0e01a2e404c697962623,dfine_native,12700.0,mouse,0.2733,966.85,398.32,992.32,410.44,308.6,25.46,12.12,2.101,False,,True,R-desk,5,evt_S-61_desk_work_surface_0001,968235d01208b21f,lap_bag_context,no_pose_observation,34560.0,1.33,,1,cam12/e1/v1,
full,03.CCTV Mobile Usage.mkv,632de9ed55947761d56d4c6142a3cb1a1fe69d0b1a6d0e01a2e404c697962623,dfine_native,12700.0,monitor_or_bezel,0.281,967.29,395.4,1146.3,490.86,17088.5,179.0,95.46,1.875,False,,True,R-desk,5,evt_S-61_desk_work_surface_0001,968235d01208b21f,lap_bag_context,no_pose_observation,34560.0,1.33,,1,cam12/e1/v1,
full,03.CCTV Mobile Usage.mkv,632de9ed55947761d56d4c6142a3cb1a1fe69d0b1a6d0e01a2e404c697962623,dfine_native,12700.0,monitor_or_bezel,0.3241,874.69,395.46,1146.43,491.41,26072.2,271.74,95.95,2.832,False,,True,R-desk,5,evt_S-61_desk_work_surface_0001,968235d01208b21f,lap_bag_context,no_pose_observation,34560.0,1.33,,1,cam12/e1/v1,
full,03.CCTV Mobile Usage.mkv,632de9ed55947761d56d4c6142a3cb1a1fe69d0b1a6d0e01a2e404c697962623,dfine_native,12700.0,unknown_object,0.3147,699.92,396.15,779.06,492.48,7623.9,79.14,96.33,0.822,False,,True,R-desk,5,evt_S-61_desk_work_surface_0001,968235d01208b21f,lap_bag_context,no_pose_observation,34560.0,1.33,,1,cam12/e1/v1,
full,03.CCTV Mobile Usage.mkv,632de9ed55947761d56d4c6142a3cb1a1fe69d0b1a6d0e01a2e404c697962623,dfine_native,12700.0,keyboard,0.894,962.1,451.9,1067.92,491.45,4185.1,105.83,39.55,2.676,False,,True,R-desk,6,evt_S-61_desk_work_surface_0001,968235d01208b21f,lap_bag_context,no_pose_observation,34560.0,1.33,,1,cam12/e1/v1,
full,03.CCTV Mobile Usage.mkv,632de9ed55947761d56d4c6142a3cb1a1fe69d0b1a6d0e01a2e404c697962623,dfine_native,12700.0,unknown_object,0.6223,699.91,396.23,849.49,492.42,14387.6,149.57,96.19,1.555,False,,True,R-desk,6,evt_S-61_desk_work_surface_0001,968235d01208b21f,lap_bag_context,no_pose_observation,34560.0,1.33,,1,cam12/e1/v1,
full,03.CCTV Mobile Usage.mkv,632de9ed55947761d56d4c6142a3cb1a1fe69d0b1a6d0e01a2e404c697962623,dfine_native,12700.0,keyboard,0.4237,802.46,396.22,870.9,420.71,1675.7,68.44,24.48,2.795,False,,True,R-desk,6,evt_S-61_desk_work_surface_0001,968235d01208b21f,lap_bag_context,no_pose_observation,34560.0,1.33,,1,cam12/e1/v1,
full,03.CCTV Mobile Usage.mkv,632de9ed55947761d56d4c6142a3cb1a1fe69d0b1a6d0e01a2e404c697962623,dfine_native,12700.0,unknown_object,0.3092,736.55,395.62,1140.16,491.17,38565.1,403.61,95.55,4.224,False,,True,R-desk,6,evt_S-61_desk_work_surface_0001,968235d01208b21f,lap_bag_context,no_pose_observation,34560.0,1.33,,1,cam12/e1/v1,
full,03.CCTV Mobile Usage.mkv,632de9ed55947761d56d4c6142a3cb1a1fe69d0b1a6d0e01a2e404c697962623,dfine_native,12700.0,monitor_or_bezel,0.3892,1019.66,395.52,1145.06,446.55,6399.4,125.4,51.03,2.457,False,,True,R-desk,6,evt_S-61_desk_work_surface_0001,968235d01208b21f,lap_bag_context,no_pose_observation,34560.0,1.33,,1,cam12/e1/v1,
full,03.CCTV Mobile Usage.mkv,632de9ed55947761d56d4c6142a3cb1a1fe69d0b1a6d0e01a2e404c697962623,dfine_native,12700.0,unknown_object,0.4019,699.97,396.22,757.52,491.04,5456.4,57.55,94.82,0.607,False,,True,R-desk,6,evt_S-61_desk_work_surface_0001,968235d01208b21f,lap_bag_context,no_pose_observation,34560.0,1.33,,1,cam12/e1/v1,
full,03.CCTV Mobile Usage.mkv,632de9ed55947761d56d4c6142a3cb1a1fe69d0b1a6d0e01a2e404c697962623,dfine_native,12700.0,monitor_or_bezel,0.3272,1013.37,395.62,1146.34,488.37,12331.9,132.97,92.74,1.434,False,,True,R-desk,6,evt_S-61_desk_work_surface_0001,968235d01208b21f,lap_bag_context,no_pose_observation,34560.0,1.33,,1,cam12/e1/v1,
full,03.CCTV Mobile Usage.mkv,632de9ed55947761d56d4c6142a3cb1a1fe69d0b1a6d0e01a2e404c697962623,dfine_native,12700.0,phone,0.2574,1042.72,421.48,1114.16,474.32,3775.4,71.45,52.84,1.352,False,,True,R-desk,6,evt_S-61_desk_work_surface_0001,968235d01208b21f,lap_bag_context,no_pose_observation,34560.0,1.33,,1,cam12/e1/v1,
full,03.CCTV Mobile Usage.mkv,632de9ed55947761d56d4c6142a3cb1a1fe69d0b1a6d0e01a2e404c697962623,dfine_native,12700.0,monitor_or_bezel,0.4822,967.01,395.52,1146.45,490.67,17075.0,179.45,95.15,1.886,False,,True,R-desk,6,evt_S-61_desk_work_surface_0001,968235d01208b21f,lap_bag_context,no_pose_observation,34560.0,1.33,,1,cam12/e1/v1,
full,03.CCTV Mobile Usage.mkv,632de9ed55947761d56d4c6142a3cb1a1fe69d0b1a6d0e01a2e404c697962623,dfine_native,12700.0,mouse,0.5254,865.29,413.82,892.12,435.31,576.5,26.83,21.48,1.249,False,,True,R-desk,6,evt_S-61_desk_work_surface_0001,968235d01208b21f,lap_bag_context,no_pose_observation,34560.0,1.33,,1,cam12/e1/v1,
full,03.CCTV Mobile Usage.mkv,632de9ed55947761d56d4c6142a3cb1a1fe69d0b1a6d0e01a2e404c697962623,dfine_native,12700.0,mouse,0.2733,966.85,398.32,992.32,410.44,308.6,25.46,12.12,2.101,False,,True,R-desk,6,evt_S-61_desk_work_surface_0001,968235d01208b21f,lap_bag_context,no_pose_observation,34560.0,1.33,,1,cam12/e1/v1,
full,03.CCTV Mobile Usage.mkv,632de9ed55947761d56d4c6142a3cb1a1fe69d0b1a6d0e01a2e404c697962623,dfine_native,12700.0,monitor_or_bezel,0.281,967.29,395.4,1146.3,490.86,17088.5,179.0,95.46,1.875,False,,True,R-desk,6,evt_S-61_desk_work_surface_0001,968235d01208b21f,lap_bag_context,no_pose_observation,34560.0,1.33,,1,cam12/e1/v1,
full,03.CCTV Mobile Usage.mkv,632de9ed55947761d56d4c6142a3cb1a1fe69d0b1a6d0e01a2e404c697962623,dfine_native,12700.0,monitor_or_bezel,0.3241,874.69,395.46,1146.43,491.41,26072.2,271.74,95.95,2.832,False,,True,R-desk,6,evt_S-61_desk_work_surface_0001,968235d01208b21f,lap_bag_context,no_pose_observation,34560.0,1.33,,1,cam12/e1/v1,
full,03.CCTV Mobile Usage.mkv,632de9ed55947761d56d4c6142a3cb1a1fe69d0b1a6d0e01a2e404c697962623,dfine_native,12700.0,unknown_object,0.3147,699.92,396.15,779.06,492.48,7623.9,79.14,96.33,0.822,False,,True,R-desk,6,evt_S-61_desk_work_surface_0001,968235d01208b21f,lap_bag_context,no_pose_observation,34560.0,1.33,,1,cam12/e1/v1,
full,03.CCTV Mobile Usage.mkv,632de9ed55947761d56d4c6142a3cb1a1fe69d0b1a6d0e01a2e404c697962623,dfine_native,12700.0,keyboard,0.894,962.1,451.9,1067.92,491.45,4185.1,105.83,39.55,2.676,False,,True,R-desk,7,evt_S-61_desk_work_surface_0001,968235d01208b21f,lap_bag_context,no_pose_observation,34560.0,1.33,,1,cam12/e1/v1,
full,03.CCTV Mobile Usage.mkv,632de9ed55947761d56d4c6142a3cb1a1fe69d0b1a6d0e01a2e404c697962623,dfine_native,12700.0,unknown_object,0.6223,699.91,396.23,849.49,492.42,14387.6,149.57,96.19,1.555,False,,True,R-desk,7,evt_S-61_desk_work_surface_0001,968235d01208b21f,lap_bag_context,no_pose_observation,34560.0,1.33,,1,cam12/e1/v1,
full,03.CCTV Mobile Usage.mkv,632de9ed55947761d56d4c6142a3cb1a1fe69d0b1a6d0e01a2e404c697962623,dfine_native,12700.0,keyboard,0.4237,802.46,396.22,870.9,420.71,1675.7,68.44,24.48,2.795,False,,True,R-desk,7,evt_S-61_desk_work_surface_0001,968235d01208b21f,lap_bag_context,no_pose_observation,34560.0,1.33,,1,cam12/e1/v1,
full,03.CCTV Mobile Usage.mkv,632de9ed55947761d56d4c6142a3cb1a1fe69d0b1a6d0e01a2e404c697962623,dfine_native,12700.0,unknown_object,0.3092,736.55,395.62,1140.16,491.17,38565.1,403.61,95.55,4.224,False,,True,R-desk,7,evt_S-61_desk_work_surface_0001,968235d01208b21f,lap_bag_context,no_pose_observation,34560.0,1.33,,1,cam12/e1/v1,
full,03.CCTV Mobile Usage.mkv,632de9ed55947761d56d4c6142a3cb1a1fe69d0b1a6d0e01a2e404c697962623,dfine_native,12700.0,monitor_or_bezel,0.3892,1019.66,395.52,1145.06,446.55,6399.4,125.4,51.03,2.457,False,,True,R-desk,7,evt_S-61_desk_work_surface_0001,968235d01208b21f,lap_bag_context,no_pose_observation,34560.0,1.33,,1,cam12/e1/v1,
full,03.CCTV Mobile Usage.mkv,632de9ed55947761d56d4c6142a3cb1a1fe69d0b1a6d0e01a2e404c697962623,dfine_native,12700.0,unknown_object,0.4019,699.97,396.22,757.52,491.04,5456.4,57.55,94.82,0.607,False,,True,R-desk,7,evt_S-61_desk_work_surface_0001,968235d01208b21f,lap_bag_context,no_pose_observation,34560.0,1.33,,1,cam12/e1/v1,
full,03.CCTV Mobile Usage.mkv,632de9ed55947761d56d4c6142a3cb1a1fe69d0b1a6d0e01a2e404c697962623,dfine_native,12700.0,monitor_or_bezel,0.3272,1013.37,395.62,1146.34,488.37,12331.9,132.97,92.74,1.434,False,,True,R-desk,7,evt_S-61_desk_work_surface_0001,968235d01208b21f,lap_bag_context,no_pose_observation,34560.0,1.33,,1,cam12/e1/v1,
full,03.CCTV Mobile Usage.mkv,632de9ed55947761d56d4c6142a3cb1a1fe69d0b1a6d0e01a2e404c697962623,dfine_native,12700.0,phone,0.2574,1042.72,421.48,1114.16,474.32,3775.4,71.45,52.84,1.352,False,,True,R-desk,7,evt_S-61_desk_work_surface_0001,968235d01208b21f,lap_bag_context,no_pose_observation,34560.0,1.33,,1,cam12/e1/v1,
full,03.CCTV Mobile Usage.mkv,632de9ed55947761d56d4c6142a3cb1a1fe69d0b1a6d0e01a2e404c697962623,dfine_native,12700.0,monitor_or_bezel,0.4822,967.01,395.52,1146.45,490.67,17075.0,179.45,95.15,1.886,False,,True,R-desk,7,evt_S-61_desk_work_surface_0001,968235d01208b21f,lap_bag_context,no_pose_observation,34560.0,1.33,,1,cam12/e1/v1,
full,03.CCTV Mobile Usage.mkv,632de9ed55947761d56d4c6142a3cb1a1fe69d0b1a6d0e01a2e404c697962623,dfine_native,12700.0,mouse,0.5254,865.29,413.82,892.12,435.31,576.5,26.83,21.48,1.249,False,,True,R-desk,7,evt_S-61_desk_work_surface_0001,968235d01208b21f,lap_bag_context,no_pose_observation,34560.0,1.33,,1,cam12/e1/v1,
full,03.CCTV Mobile Usage.mkv,632de9ed55947761d56d4c6142a3cb1a1fe69d0b1a6d0e01a2e404c697962623,dfine_native,12700.0,mouse,0.2733,966.85,398.32,992.32,410.44,308.6,25.46,12.12,2.101,False,,True,R-desk,7,evt_S-61_desk_work_surface_0001,968235d01208b21f,lap_bag_context,no_pose_observation,34560.0,1.33,,1,cam12/e1/v1,
full,03.CCTV Mobile Usage.mkv,632de9ed55947761d56d4c6142a3cb1a1fe69d0b1a6d0e01a2e404c697962623,dfine_native,12700.0,monitor_or_bezel,0.281,967.29,395.4,1146.3,490.86,17088.5,179.0,95.46,1.875,False,,True,R-desk,7,evt_S-61_desk_work_surface_0001,968235d01208b21f,lap_bag_context,no_pose_observation,34560.0,1.33,,1,cam12/e1/v1,
full,03.CCTV Mobile Usage.mkv,632de9ed55947761d56d4c6142a3cb1a1fe69d0b1a6d0e01a2e404c697962623,dfine_native,12700.0,monitor_or_bezel,0.3241,874.69,395.46,1146.43,491.41,26072.2,271.74,95.95,2.832,False,,True,R-desk,7,evt_S-61_desk_work_surface_0001,968235d01208b21f,lap_bag_context,no_pose_observation,34560.0,1.33,,1,cam12/e1/v1,
full,03.CCTV Mobile Usage.mkv,632de9ed55947761d56d4c6142a3cb1a1fe69d0b1a6d0e01a2e404c697962623,dfine_native,12700.0,unknown_object,0.3147,699.92,396.15,779.06,492.48,7623.9,79.14,96.33,0.822,False,,True,R-desk,7,evt_S-61_desk_work_surface_0001,968235d01208b21f,lap_bag_context,no_pose_observation,34560.0,1.33,,1,cam12/e1/v1,
full,03.CCTV Mobile Usage.mkv,632de9ed55947761d56d4c6142a3cb1a1fe69d0b1a6d0e01a2e404c697962623,dfine_native,13200.0,keyboard,0.894,962.1,451.9,1067.92,491.45,4185.1,105.83,39.55,2.676,False,,True,R-desk,7,evt_S-61_desk_work_surface_0001,200f7d8ecd4f122b,lap_bag_context,no_pose_observation,34560.0,1.33,,1,cam12/e1/v1,
full,03.CCTV Mobile Usage.mkv,632de9ed55947761d56d4c6142a3cb1a1fe69d0b1a6d0e01a2e404c697962623,dfine_native,13200.0,unknown_object,0.6223,699.91,396.23,849.49,492.42,14387.6,149.57,96.19,1.555,False,,True,R-desk,7,evt_S-61_desk_work_surface_0001,200f7d8ecd4f122b,lap_bag_context,no_pose_observation,34560.0,1.33,,1,cam12/e1/v1,
full,03.CCTV Mobile Usage.mkv,632de9ed55947761d56d4c6142a3cb1a1fe69d0b1a6d0e01a2e404c697962623,dfine_native,13200.0,keyboard,0.4237,802.46,396.22,870.9,420.71,1675.7,68.44,24.48,2.795,False,,True,R-desk,7,evt_S-61_desk_work_surface_0001,200f7d8ecd4f122b,lap_bag_context,no_pose_observation,34560.0,1.33,,1,cam12/e1/v1,
full,03.CCTV Mobile Usage.mkv,632de9ed55947761d56d4c6142a3cb1a1fe69d0b1a6d0e01a2e404c697962623,dfine_native,13200.0,unknown_object,0.3092,736.55,395.62,1140.16,491.17,38565.1,403.61,95.55,4.224,False,,True,R-desk,7,evt_S-61_desk_work_surface_0001,200f7d8ecd4f122b,lap_bag_context,no_pose_observation,34560.0,1.33,,1,cam12/e1/v1,
full,03.CCTV Mobile Usage.mkv,632de9ed55947761d56d4c6142a3cb1a1fe69d0b1a6d0e01a2e404c697962623,dfine_native,13200.0,monitor_or_bezel,0.3892,1019.66,395.52,1145.06,446.55,6399.4,125.4,51.03,2.457,False,,True,R-desk,7,evt_S-61_desk_work_surface_0001,200f7d8ecd4f122b,lap_bag_context,no_pose_observation,34560.0,1.33,,1,cam12/e1/v1,
full,03.CCTV Mobile Usage.mkv,632de9ed55947761d56d4c6142a3cb1a1fe69d0b1a6d0e01a2e404c697962623,dfine_native,13200.0,unknown_object,0.4019,699.97,396.22,757.52,491.04,5456.4,57.55,94.82,0.607,False,,True,R-desk,7,evt_S-61_desk_work_surface_0001,200f7d8ecd4f122b,lap_bag_context,no_pose_observation,34560.0,1.33,,1,cam12/e1/v1,
full,03.CCTV Mobile Usage.mkv,632de9ed55947761d56d4c6142a3cb1a1fe69d0b1a6d0e01a2e404c697962623,dfine_native,13200.0,monitor_or_bezel,0.3272,1013.37,395.62,1146.34,488.37,12331.9,132.97,92.74,1.434,False,,True,R-desk,7,evt_S-61_desk_work_surface_0001,200f7d8ecd4f122b,lap_bag_context,no_pose_observation,34560.0,1.33,,1,cam12/e1/v1,
full,03.CCTV Mobile Usage.mkv,632de9ed55947761d56d4c6142a3cb1a1fe69d0b1a6d0e01a2e404c697962623,dfine_native,13200.0,phone,0.2574,1042.72,421.48,1114.16,474.32,3775.4,71.45,52.84,1.352,False,,True,R-desk,7,evt_S-61_desk_work_surface_0001,200f7d8ecd4f122b,lap_bag_context,no_pose_observation,34560.0,1.33,,1,cam12/e1/v1,
full,03.CCTV Mobile Usage.mkv,632de9ed55947761d56d4c6142a3cb1a1fe69d0b1a6d0e01a2e404c697962623,dfine_native,13200.0,monitor_or_bezel,0.4822,967.01,395.52,1146.45,490.67,17075.0,179.45,95.15,1.886,False,,True,R-desk,7,evt_S-61_desk_work_surface_0001,200f7d8ecd4f122b,lap_bag_context,no_pose_observation,34560.0,1.33,,1,cam12/e1/v1,
full,03.CCTV Mobile Usage.mkv,632de9ed55947761d56d4c6142a3cb1a1fe69d0b1a6d0e01a2e404c697962623,dfine_native,13200.0,mouse,0.5254,865.29,413.82,892.12,435.31,576.5,26.83,21.48,1.249,False,,True,R-desk,7,evt_S-61_desk_work_surface_0001,200f7d8ecd4f122b,lap_bag_context,no_pose_observation,34560.0,1.33,,1,cam12/e1/v1,
full,03.CCTV Mobile Usage.mkv,632de9ed55947761d56d4c6142a3cb1a1fe69d0b1a6d0e01a2e404c697962623,dfine_native,13200.0,mouse,0.2733,966.85,398.32,992.32,410.44,308.6,25.46,12.12,2.101,False,,True,R-desk,7,evt_S-61_desk_work_surface_0001,200f7d8ecd4f122b,lap_bag_context,no_pose_observation,34560.0,1.33,,1,cam12/e1/v1,
full,03.CCTV Mobile Usage.mkv,632de9ed55947761d56d4c6142a3cb1a1fe69d0b1a6d0e01a2e404c697962623,dfine_native,13200.0,monitor_or_bezel,0.281,967.29,395.4,1146.3,490.86,17088.5,179.0,95.46,1.875,False,,True,R-desk,7,evt_S-61_desk_work_surface_0001,200f7d8ecd4f122b,lap_bag_context,no_pose_observation,34560.0,1.33,,1,cam12/e1/v1,
full,03.CCTV Mobile Usage.mkv,632de9ed55947761d56d4c6142a3cb1a1fe69d0b1a6d0e01a2e404c697962623,dfine_native,13200.0,monitor_or_bezel,0.3241,874.69,395.46,1146.43,491.41,26072.2,271.74,95.95,2.832,False,,True,R-desk,7,evt_S-61_desk_work_surface_0001,200f7d8ecd4f122b,lap_bag_context,no_pose_observation,34560.0,1.33,,1,cam12/e1/v1,
full,03.CCTV Mobile Usage.mkv,632de9ed55947761d56d4c6142a3cb1a1fe69d0b1a6d0e01a2e404c697962623,dfine_native,13200.0,unknown_object,0.3147,699.92,396.15,779.06,492.48,7623.9,79.14,96.33,0.822,False,,True,R-desk,7,evt_S-61_desk_work_surface_0001,200f7d8ecd4f122b,lap_bag_context,no_pose_observation,34560.0,1.33,,1,cam12/e1/v1,
full,03.CCTV Mobile Usage.mkv,632de9ed55947761d56d4c6142a3cb1a1fe69d0b1a6d0e01a2e404c697962623,dfine_native,13200.0,keyboard,0.894,962.1,451.9,1067.92,491.45,4185.1,105.83,39.55,2.676,False,,True,R-desk,6,evt_S-61_desk_work_surface_0001,200f7d8ecd4f122b,lap_bag_context,no_pose_observation,34560.0,1.33,,1,cam12/e1/v1,
full,03.CCTV Mobile Usage.mkv,632de9ed55947761d56d4c6142a3cb1a1fe69d0b1a6d0e01a2e404c697962623,dfine_native,13200.0,unknown_object,0.6223,699.91,396.23,849.49,492.42,14387.6,149.57,96.19,1.555,False,,True,R-desk,6,evt_S-61_desk_work_surface_0001,200f7d8ecd4f122b,lap_bag_context,no_pose_observation,34560.0,1.33,,1,cam12/e1/v1,
full,03.CCTV Mobile Usage.mkv,632de9ed55947761d56d4c6142a3cb1a1fe69d0b1a6d0e01a2e404c697962623,dfine_native,13200.0,keyboard,0.4237,802.46,396.22,870.9,420.71,1675.7,68.44,24.48,2.795,False,,True,R-desk,6,evt_S-61_desk_work_surface_0001,200f7d8ecd4f122b,lap_bag_context,no_pose_observation,34560.0,1.33,,1,cam12/e1/v1,
full,03.CCTV Mobile Usage.mkv,632de9ed55947761d56d4c6142a3cb1a1fe69d0b1a6d0e01a2e404c697962623,dfine_native,13200.0,unknown_object,0.3092,736.55,395.62,1140.16,491.17,38565.1,403.61,95.55,4.224,False,,True,R-desk,6,evt_S-61_desk_work_surface_0001,200f7d8ecd4f122b,lap_bag_context,no_pose_observation,34560.0,1.33,,1,cam12/e1/v1,
full,03.CCTV Mobile Usage.mkv,632de9ed55947761d56d4c6142a3cb1a1fe69d0b1a6d0e01a2e404c697962623,dfine_native,13200.0,monitor_or_bezel,0.3892,1019.66,395.52,1145.06,446.55,6399.4,125.4,51.03,2.457,False,,True,R-desk,6,evt_S-61_desk_work_surface_0001,200f7d8ecd4f122b,lap_bag_context,no_pose_observation,34560.0,1.33,,1,cam12/e1/v1,
full,03.CCTV Mobile Usage.mkv,632de9ed55947761d56d4c6142a3cb1a1fe69d0b1a6d0e01a2e404c697962623,dfine_native,13200.0,unknown_object,0.4019,699.97,396.22,757.52,491.04,5456.4,57.55,94.82,0.607,False,,True,R-desk,6,evt_S-61_desk_work_surface_0001,200f7d8ecd4f122b,lap_bag_context,no_pose_observation,34560.0,1.33,,1,cam12/e1/v1,
full,03.CCTV Mobile Usage.mkv,632de9ed55947761d56d4c6142a3cb1a1fe69d0b1a6d0e01a2e404c697962623,dfine_native,13200.0,monitor_or_bezel,0.3272,1013.37,395.62,1146.34,488.37,12331.9,132.97,92.74,1.434,False,,True,R-desk,6,evt_S-61_desk_work_surface_0001,200f7d8ecd4f122b,lap_bag_context,no_pose_observation,34560.0,1.33,,1,cam12/e1/v1,
full,03.CCTV Mobile Usage.mkv,632de9ed55947761d56d4c6142a3cb1a1fe69d0b1a6d0e01a2e404c697962623,dfine_native,13200.0,phone,0.2574,1042.72,421.48,1114.16,474.32,3775.4,71.45,52.84,1.352,False,,True,R-desk,6,evt_S-61_desk_work_surface_0001,200f7d8ecd4f122b,lap_bag_context,no_pose_observation,34560.0,1.33,,1,cam12/e1/v1,
full,03.CCTV Mobile Usage.mkv,632de9ed55947761d56d4c6142a3cb1a1fe69d0b1a6d0e01a2e404c697962623,dfine_native,13200.0,monitor_or_bezel,0.4822,967.01,395.52,1146.45,490.67,17075.0,179.45,95.15,1.886,False,,True,R-desk,6,evt_S-61_desk_work_surface_0001,200f7d8ecd4f122b,lap_bag_context,no_pose_observation,34560.0,1.33,,1,cam12/e1/v1,
full,03.CCTV Mobile Usage.mkv,632de9ed55947761d56d4c6142a3cb1a1fe69d0b1a6d0e01a2e404c697962623,dfine_native,13200.0,mouse,0.5254,865.29,413.82,892.12,435.31,576.5,26.83,21.48,1.249,False,,True,R-desk,6,evt_S-61_desk_work_surface_0001,200f7d8ecd4f122b,lap_bag_context,no_pose_observation,34560.0,1.33,,1,cam12/e1/v1,
full,03.CCTV Mobile Usage.mkv,632de9ed55947761d56d4c6142a3cb1a1fe69d0b1a6d0e01a2e404c697962623,dfine_native,13200.0,mouse,0.2733,966.85,398.32,992.32,410.44,308.6,25.46,12.12,2.101,False,,True,R-desk,6,evt_S-61_desk_work_surface_0001,200f7d8ecd4f122b,lap_bag_context,no_pose_observation,34560.0,1.33,,1,cam12/e1/v1,
full,03.CCTV Mobile Usage.mkv,632de9ed55947761d56d4c6142a3cb1a1fe69d0b1a6d0e01a2e404c697962623,dfine_native,13200.0,monitor_or_bezel,0.281,967.29,395.4,1146.3,490.86,17088.5,179.0,95.46,1.875,False,,True,R-desk,6,evt_S-61_desk_work_surface_0001,200f7d8ecd4f122b,lap_bag_context,no_pose_observation,34560.0,1.33,,1,cam12/e1/v1,
full,03.CCTV Mobile Usage.mkv,632de9ed55947761d56d4c6142a3cb1a1fe69d0b1a6d0e01a2e404c697962623,dfine_native,13200.0,monitor_or_bezel,0.3241,874.69,395.46,1146.43,491.41,26072.2,271.74,95.95,2.832,False,,True,R-desk,6,evt_S-61_desk_work_surface_0001,200f7d8ecd4f122b,lap_bag_context,no_pose_observation,34560.0,1.33,,1,cam12/e1/v1,
full,03.CCTV Mobile Usage.mkv,632de9ed55947761d56d4c6142a3cb1a1fe69d0b1a6d0e01a2e404c697962623,dfine_native,13200.0,unknown_object,0.3147,699.92,396.15,779.06,492.48,7623.9,79.14,96.33,0.822,False,,True,R-desk,6,evt_S-61_desk_work_surface_0001,200f7d8ecd4f122b,lap_bag_context,no_pose_observation,34560.0,1.33,,1,cam12/e1/v1,
full,03.CCTV Mobile Usage.mkv,632de9ed55947761d56d4c6142a3cb1a1fe69d0b1a6d0e01a2e404c697962623,dfine_native,13200.0,unknown_object,0.4686,142.75,198.27,277.42,349.5,20365.7,134.67,151.22,0.891,False,,True,S-61,2,evt_S-61_desk_work_surface_0001,41099a5b80ec7e0e,pose_hand_context,,42791.1,3.09,,1,cam12/e1/v1,rtmpose_baseline
full,03.CCTV Mobile Usage.mkv,632de9ed55947761d56d4c6142a3cb1a1fe69d0b1a6d0e01a2e404c697962623,dfine_native,13200.0,unknown_object,0.252,233.36,293.6,345.55,403.0,12273.6,112.19,109.4,1.025,False,,True,S-61,2,evt_S-61_desk_work_surface_0001,41099a5b80ec7e0e,pose_hand_context,,42791.1,3.09,,1,cam12/e1/v1,rtmpose_baseline
full,03.CCTV Mobile Usage.mkv,632de9ed55947761d56d4c6142a3cb1a1fe69d0b1a6d0e01a2e404c697962623,dfine_native,13200.0,stationery,0.6682,12.08,493.7,197.87,562.4,12763.2,185.79,68.7,2.704,False,,True,S-61,1,evt_S-61_desk_work_surface_0001,aeca27b1a7e55a21,pose_hand_context,,34812.1,3.43,,1,cam12/e1/v1,rtmpose_baseline
full,03.CCTV Mobile Usage.mkv,632de9ed55947761d56d4c6142a3cb1a1fe69d0b1a6d0e01a2e404c697962623,dfine_native,13200.0,stationery,0.3981,102.48,476.65,162.12,530.34,3202.4,59.64,53.69,1.111,False,,True,S-61,1,evt_S-61_desk_work_surface_0001,aeca27b1a7e55a21,pose_hand_context,,34812.1,3.43,,1,cam12/e1/v1,rtmpose_baseline
full,03.CCTV Mobile Usage.mkv,632de9ed55947761d56d4c6142a3cb1a1fe69d0b1a6d0e01a2e404c697962623,dfine_native,13200.0,stationery,0.5124,42.92,443.7,72.14,471.25,805.2,29.22,27.55,1.061,False,,True,S-61,1,evt_S-61_desk_work_surface_0001,aeca27b1a7e55a21,pose_hand_context,,34812.1,3.43,,1,cam12/e1/v1,rtmpose_baseline
full,03.CCTV Mobile Usage.mkv,632de9ed55947761d56d4c6142a3cb1a1fe69d0b1a6d0e01a2e404c697962623,dfine_native,13200.0,stationery,0.395,12.0,376.83,101.9,498.04,10897.7,89.91,121.21,0.742,False,,True,S-61,1,evt_S-61_desk_work_surface_0001,aeca27b1a7e55a21,pose_hand_context,,34812.1,3.43,,1,cam12/e1/v1,rtmpose_baseline
full,03.CCTV Mobile Usage.mkv,632de9ed55947761d56d4c6142a3cb1a1fe69d0b1a6d0e01a2e404c697962623,dfine_native,13200.0,stationery,0.5723,12.07,415.01,102.07,498.56,7519.5,90.0,83.55,1.077,False,,True,S-61,1,evt_S-61_desk_work_surface_0001,aeca27b1a7e55a21,pose_hand_context,,34812.1,3.43,,1,cam12/e1/v1,rtmpose_baseline
full,03.CCTV Mobile Usage.mkv,632de9ed55947761d56d4c6142a3cb1a1fe69d0b1a6d0e01a2e404c697962623,dfine_native,13200.0,stationery,0.2975,69.51,418.14,154.54,497.07,6711.4,85.03,78.93,1.077,False,,True,S-61,1,evt_S-61_desk_work_surface_0001,aeca27b1a7e55a21,pose_hand_context,,34812.1,3.43,,1,cam12/e1/v1,rtmpose_baseline
full,03.CCTV Mobile Usage.mkv,632de9ed55947761d56d4c6142a3cb1a1fe69d0b1a6d0e01a2e404c697962623,dfine_native,13200.0,stationery,0.2674,44.21,509.82,86.24,556.96,1981.4,42.03,47.14,0.892,False,,True,S-61,1,evt_S-61_desk_work_surface_0001,aeca27b1a7e55a21,pose_hand_context,,34812.1,3.43,,1,cam12/e1/v1,rtmpose_baseline
full,03.CCTV Mobile Usage.mkv,632de9ed55947761d56d4c6142a3cb1a1fe69d0b1a6d0e01a2e404c697962623,dfine_native,13200.0,unknown_object,0.3131,67.9,376.44,198.07,500.31,16123.9,130.17,123.87,1.051,False,,True,S-61,1,evt_S-61_desk_work_surface_0001,aeca27b1a7e55a21,pose_hand_context,,34812.1,3.43,,1,cam12/e1/v1,rtmpose_baseline
full,03.CCTV Mobile Usage.mkv,632de9ed55947761d56d4c6142a3cb1a1fe69d0b1a6d0e01a2e404c697962623,dfine_native,13200.0,unknown_object,0.3019,12.29,376.22,198.06,501.57,23286.2,185.76,125.35,1.482,False,,True,S-61,1,evt_S-61_desk_work_surface_0001,aeca27b1a7e55a21,pose_hand_context,,34812.1,3.43,,1,cam12/e1/v1,rtmpose_baseline
full,03.CCTV Mobile Usage.mkv,632de9ed55947761d56d4c6142a3cb1a1fe69d0b1a6d0e01a2e404c697962623,dfine_native,13200.0,stationery,0.3365,12.6,494.39,158.95,562.06,9903.6,146.35,67.67,2.163,False,,True,S-61,1,evt_S-61_desk_work_surface_0001,aeca27b1a7e55a21,pose_hand_context,,34812.1,3.43,,1,cam12/e1/v1,rtmpose_baseline
full,03.CCTV Mobile Usage.mkv,632de9ed55947761d56d4c6142a3cb1a1fe69d0b1a6d0e01a2e404c697962623,dfine_native,13200.0,stationery,0.3073,12.31,413.77,154.06,499.6,12167.1,141.76,85.83,1.652,False,,True,S-61,1,evt_S-61_desk_work_surface_0001,aeca27b1a7e55a21,pose_hand_context,,34812.1,3.43,,1,cam12/e1/v1,rtmpose_baseline
full,03.CCTV Mobile Usage.mkv,632de9ed55947761d56d4c6142a3cb1a1fe69d0b1a6d0e01a2e404c697962623,dfine_native,13700.0,keyboard,0.8943,962.1,451.9,1067.92,491.45,4185.3,105.83,39.55,2.676,False,,True,R-desk,6,evt_S-61_desk_work_surface_0001,243d4174c5ecf8e0,lap_bag_context,no_pose_observation,34560.0,1.33,,1,cam12/e1/v1,
full,03.CCTV Mobile Usage.mkv,632de9ed55947761d56d4c6142a3cb1a1fe69d0b1a6d0e01a2e404c697962623,dfine_native,13700.0,unknown_object,0.6351,699.91,396.23,849.23,492.42,14363.2,149.32,96.19,1.552,False,,True,R-desk,6,evt_S-61_desk_work_surface_0001,243d4174c5ecf8e0,lap_bag_context,no_pose_observation,34560.0,1.33,,1,cam12/e1/v1,
full,03.CCTV Mobile Usage.mkv,632de9ed55947761d56d4c6142a3cb1a1fe69d0b1a6d0e01a2e404c697962623,dfine_native,13700.0,keyboard,0.4275,802.46,396.23,870.9,420.71,1675.4,68.44,24.48,2.796,False,,True,R-desk,6,evt_S-61_desk_work_surface_0001,243d4174c5ecf8e0,lap_bag_context,no_pose_observation,34560.0,1.33,,1,cam12/e1/v1,
full,03.CCTV Mobile Usage.mkv,632de9ed55947761d56d4c6142a3cb1a1fe69d0b1a6d0e01a2e404c697962623,dfine_native,13700.0,unknown_object,0.3122,736.53,395.62,1140.46,491.18,38597.9,403.92,95.56,4.227,False,,True,R-desk,6,evt_S-61_desk_work_surface_0001,243d4174c5ecf8e0,lap_bag_context,no_pose_observation,34560.0,1.33,,1,cam12/e1/v1,
full,03.CCTV Mobile Usage.mkv,632de9ed55947761d56d4c6142a3cb1a1fe69d0b1a6d0e01a2e404c697962623,dfine_native,13700.0,monitor_or_bezel,0.3911,1019.66,395.52,1145.07,446.54,6398.2,125.4,51.02,2.458,False,,True,R-desk,6,evt_S-61_desk_work_surface_0001,243d4174c5ecf8e0,lap_bag_context,no_pose_observation,34560.0,1.33,,1,cam12/e1/v1,
full,03.CCTV Mobile Usage.mkv,632de9ed55947761d56d4c6142a3cb1a1fe69d0b1a6d0e01a2e404c697962623,dfine_native,13700.0,monitor_or_bezel,0.3285,1013.36,395.62,1146.34,488.38,12335.5,132.98,92.76,1.434,False,,True,R-desk,6,evt_S-61_desk_work_surface_0001,243d4174c5ecf8e0,lap_bag_context,no_pose_observation,34560.0,1.33,,1,cam12/e1/v1,
full,03.CCTV Mobile Usage.mkv,632de9ed55947761d56d4c6142a3cb1a1fe69d0b1a6d0e01a2e404c697962623,dfine_native,13700.0,unknown_object,0.4047,699.97,396.23,757.44,491.07,5450.2,57.47,94.84,0.606,False,,True,R-desk,6,evt_S-61_desk_work_surface_0001,243d4174c5ecf8e0,lap_bag_context,no_pose_observation,34560.0,1.33,,1,cam12/e1/v1,
full,03.CCTV Mobile Usage.mkv,632de9ed55947761d56d4c6142a3cb1a1fe69d0b1a6d0e01a2e404c697962623,dfine_native,13700.0,phone,0.2566,1042.72,421.48,1114.17,474.32,3775.7,71.45,52.84,1.352,False,,True,R-desk,6,evt_S-61_desk_work_surface_0001,243d4174c5ecf8e0,lap_bag_context,no_pose_observation,34560.0,1.33,,1,cam12/e1/v1,
full,03.CCTV Mobile Usage.mkv,632de9ed55947761d56d4c6142a3cb1a1fe69d0b1a6d0e01a2e404c697962623,dfine_native,13700.0,monitor_or_bezel,0.4849,967.02,395.52,1146.46,490.68,17075.9,179.44,95.16,1.886,False,,True,R-desk,6,evt_S-61_desk_work_surface_0001,243d4174c5ecf8e0,lap_bag_context,no_pose_observation,34560.0,1.33,,1,cam12/e1/v1,
full,03.CCTV Mobile Usage.mkv,632de9ed55947761d56d4c6142a3cb1a1fe69d0b1a6d0e01a2e404c697962623,dfine_native,13700.0,mouse,0.5281,865.29,413.83,892.11,435.3,576.1,26.82,21.48,1.249,False,,True,R-desk,6,evt_S-61_desk_work_surface_0001,243d4174c5ecf8e0,lap_bag_context,no_pose_observation,34560.0,1.33,,1,cam12/e1/v1,
full,03.CCTV Mobile Usage.mkv,632de9ed55947761d56d4c6142a3cb1a1fe69d0b1a6d0e01a2e404c697962623,dfine_native,13700.0,mouse,0.2755,966.86,398.32,992.31,410.43,308.4,25.45,12.12,2.101,False,,True,R-desk,6,evt_S-61_desk_work_surface_0001,243d4174c5ecf8e0,lap_bag_context,no_pose_observation,34560.0,1.33,,1,cam12/e1/v1,
full,03.CCTV Mobile Usage.mkv,632de9ed55947761d56d4c6142a3cb1a1fe69d0b1a6d0e01a2e404c697962623,dfine_native,13700.0,monitor_or_bezel,0.2843,967.27,395.4,1146.3,490.87,17092.1,179.03,95.47,1.875,False,,True,R-desk,6,evt_S-61_desk_work_surface_0001,243d4174c5ecf8e0,lap_bag_context,no_pose_observation,34560.0,1.33,,1,cam12/e1/v1,
full,03.CCTV Mobile Usage.mkv,632de9ed55947761d56d4c6142a3cb1a1fe69d0b1a6d0e01a2e404c697962623,dfine_native,13700.0,monitor_or_bezel,0.3254,874.73,395.47,1146.41,491.41,26065.6,271.69,95.94,2.832,False,,True,R-desk,6,evt_S-61_desk_work_surface_0001,243d4174c5ecf8e0,lap_bag_context,no_pose_observation,34560.0,1.33,,1,cam12/e1/v1,
full,03.CCTV Mobile Usage.mkv,632de9ed55947761d56d4c6142a3cb1a1fe69d0b1a6d0e01a2e404c697962623,dfine_native,13700.0,unknown_object,0.3076,699.93,396.15,779.19,492.48,7635.6,79.26,96.34,0.823,False,,True,R-desk,6,evt_S-61_desk_work_surface_0001,243d4174c5ecf8e0,lap_bag_context,no_pose_observation,34560.0,1.33,,1,cam12/e1/v1,
full,03.CCTV Mobile Usage.mkv,632de9ed55947761d56d4c6142a3cb1a1fe69d0b1a6d0e01a2e404c697962623,dfine_native,13700.0,keyboard,0.8943,962.1,451.9,1067.92,491.45,4185.3,105.83,39.55,2.676,False,,True,R-desk,5,evt_S-61_desk_work_surface_0001,243d4174c5ecf8e0,lap_bag_context,no_pose_observation,34560.0,1.33,,1,cam12/e1/v1,
full,03.CCTV Mobile Usage.mkv,632de9ed55947761d56d4c6142a3cb1a1fe69d0b1a6d0e01a2e404c697962623,dfine_native,13700.0,unknown_object,0.6351,699.91,396.23,849.23,492.42,14363.2,149.32,96.19,1.552,False,,True,R-desk,5,evt_S-61_desk_work_surface_0001,243d4174c5ecf8e0,lap_bag_context,no_pose_observation,34560.0,1.33,,1,cam12/e1/v1,
full,03.CCTV Mobile Usage.mkv,632de9ed55947761d56d4c6142a3cb1a1fe69d0b1a6d0e01a2e404c697962623,dfine_native,13700.0,keyboard,0.4275,802.46,396.23,870.9,420.71,1675.4,68.44,24.48,2.796,False,,True,R-desk,5,evt_S-61_desk_work_surface_0001,243d4174c5ecf8e0,lap_bag_context,no_pose_observation,34560.0,1.33,,1,cam12/e1/v1,
full,03.CCTV Mobile Usage.mkv,632de9ed55947761d56d4c6142a3cb1a1fe69d0b1a6d0e01a2e404c697962623,dfine_native,13700.0,unknown_object,0.3122,736.53,395.62,1140.46,491.18,38597.9,403.92,95.56,4.227,False,,True,R-desk,5,evt_S-61_desk_work_surface_0001,243d4174c5ecf8e0,lap_bag_context,no_pose_observation,34560.0,1.33,,1,cam12/e1/v1,
full,03.CCTV Mobile Usage.mkv,632de9ed55947761d56d4c6142a3cb1a1fe69d0b1a6d0e01a2e404c697962623,dfine_native,13700.0,monitor_or_bezel,0.3911,1019.66,395.52,1145.07,446.54,6398.2,125.4,51.02,2.458,False,,True,R-desk,5,evt_S-61_desk_work_surface_0001,243d4174c5ecf8e0,lap_bag_context,no_pose_observation,34560.0,1.33,,1,cam12/e1/v1,
full,03.CCTV Mobile Usage.mkv,632de9ed55947761d56d4c6142a3cb1a1fe69d0b1a6d0e01a2e404c697962623,dfine_native,13700.0,monitor_or_bezel,0.3285,1013.36,395.62,1146.34,488.38,12335.5,132.98,92.76,1.434,False,,True,R-desk,5,evt_S-61_desk_work_surface_0001,243d4174c5ecf8e0,lap_bag_context,no_pose_observation,34560.0,1.33,,1,cam12/e1/v1,
full,03.CCTV Mobile Usage.mkv,632de9ed55947761d56d4c6142a3cb1a1fe69d0b1a6d0e01a2e404c697962623,dfine_native,13700.0,unknown_object,0.4047,699.97,396.23,757.44,491.07,5450.2,57.47,94.84,0.606,False,,True,R-desk,5,evt_S-61_desk_work_surface_0001,243d4174c5ecf8e0,lap_bag_context,no_pose_observation,34560.0,1.33,,1,cam12/e1/v1,
full,03.CCTV Mobile Usage.mkv,632de9ed55947761d56d4c6142a3cb1a1fe69d0b1a6d0e01a2e404c697962623,dfine_native,13700.0,phone,0.2566,1042.72,421.48,1114.17,474.32,3775.7,71.45,52.84,1.352,False,,True,R-desk,5,evt_S-61_desk_work_surface_0001,243d4174c5ecf8e0,lap_bag_context,no_pose_observation,34560.0,1.33,,1,cam12/e1/v1,
full,03.CCTV Mobile Usage.mkv,632de9ed55947761d56d4c6142a3cb1a1fe69d0b1a6d0e01a2e404c697962623,dfine_native,13700.0,monitor_or_bezel,0.4849,967.02,395.52,1146.46,490.68,17075.9,179.44,95.16,1.886,False,,True,R-desk,5,evt_S-61_desk_work_surface_0001,243d4174c5ecf8e0,lap_bag_context,no_pose_observation,34560.0,1.33,,1,cam12/e1/v1,
full,03.CCTV Mobile Usage.mkv,632de9ed55947761d56d4c6142a3cb1a1fe69d0b1a6d0e01a2e404c697962623,dfine_native,13700.0,mouse,0.5281,865.29,413.83,892.11,435.3,576.1,26.82,21.48,1.249,False,,True,R-desk,5,evt_S-61_desk_work_surface_0001,243d4174c5ecf8e0,lap_bag_context,no_pose_observation,34560.0,1.33,,1,cam12/e1/v1,
full,03.CCTV Mobile Usage.mkv,632de9ed55947761d56d4c6142a3cb1a1fe69d0b1a6d0e01a2e404c697962623,dfine_native,13700.0,mouse,0.2755,966.86,398.32,992.31,410.43,308.4,25.45,12.12,2.101,False,,True,R-desk,5,evt_S-61_desk_work_surface_0001,243d4174c5ecf8e0,lap_bag_context,no_pose_observation,34560.0,1.33,,1,cam12/e1/v1,
full,03.CCTV Mobile Usage.mkv,632de9ed55947761d56d4c6142a3cb1a1fe69d0b1a6d0e01a2e404c697962623,dfine_native,13700.0,monitor_or_bezel,0.2843,967.27,395.4,1146.3,490.87,17092.1,179.03,95.47,1.875,False,,True,R-desk,5,evt_S-61_desk_work_surface_0001,243d4174c5ecf8e0,lap_bag_context,no_pose_observation,34560.0,1.33,,1,cam12/e1/v1,
full,03.CCTV Mobile Usage.mkv,632de9ed55947761d56d4c6142a3cb1a1fe69d0b1a6d0e01a2e404c697962623,dfine_native,13700.0,monitor_or_bezel,0.3254,874.73,395.47,1146.41,491.41,26065.6,271.69,95.94,2.832,False,,True,R-desk,5,evt_S-61_desk_work_surface_0001,243d4174c5ecf8e0,lap_bag_context,no_pose_observation,34560.0,1.33,,1,cam12/e1/v1,
full,03.CCTV Mobile Usage.mkv,632de9ed55947761d56d4c6142a3cb1a1fe69d0b1a6d0e01a2e404c697962623,dfine_native,13700.0,unknown_object,0.3076,699.93,396.15,779.19,492.48,7635.6,79.26,96.34,0.823,False,,True,R-desk,5,evt_S-61_desk_work_surface_0001,243d4174c5ecf8e0,lap_bag_context,no_pose_observation,34560.0,1.33,,1,cam12/e1/v1,
full,03.CCTV Mobile Usage.mkv,632de9ed55947761d56d4c6142a3cb1a1fe69d0b1a6d0e01a2e404c697962623,dfine_native,13700.0,keyboard,0.8943,962.1,451.9,1067.92,491.45,4185.3,105.83,39.55,2.676,False,,True,R-desk,7,evt_S-61_desk_work_surface_0001,243d4174c5ecf8e0,lap_bag_context,no_pose_observation,34560.0,1.33,,1,cam12/e1/v1,
full,03.CCTV Mobile Usage.mkv,632de9ed55947761d56d4c6142a3cb1a1fe69d0b1a6d0e01a2e404c697962623,dfine_native,13700.0,unknown_object,0.6351,699.91,396.23,849.23,492.42,14363.2,149.32,96.19,1.552,False,,True,R-desk,7,evt_S-61_desk_work_surface_0001,243d4174c5ecf8e0,lap_bag_context,no_pose_observation,34560.0,1.33,,1,cam12/e1/v1,
full,03.CCTV Mobile Usage.mkv,632de9ed55947761d56d4c6142a3cb1a1fe69d0b1a6d0e01a2e404c697962623,dfine_native,13700.0,keyboard,0.4275,802.46,396.23,870.9,420.71,1675.4,68.44,24.48,2.796,False,,True,R-desk,7,evt_S-61_desk_work_surface_0001,243d4174c5ecf8e0,lap_bag_context,no_pose_observation,34560.0,1.33,,1,cam12/e1/v1,
full,03.CCTV Mobile Usage.mkv,632de9ed55947761d56d4c6142a3cb1a1fe69d0b1a6d0e01a2e404c697962623,dfine_native,13700.0,unknown_object,0.3122,736.53,395.62,1140.46,491.18,38597.9,403.92,95.56,4.227,False,,True,R-desk,7,evt_S-61_desk_work_surface_0001,243d4174c5ecf8e0,lap_bag_context,no_pose_observation,34560.0,1.33,,1,cam12/e1/v1,
full,03.CCTV Mobile Usage.mkv,632de9ed55947761d56d4c6142a3cb1a1fe69d0b1a6d0e01a2e404c697962623,dfine_native,13700.0,monitor_or_bezel,0.3911,1019.66,395.52,1145.07,446.54,6398.2,125.4,51.02,2.458,False,,True,R-desk,7,evt_S-61_desk_work_surface_0001,243d4174c5ecf8e0,lap_bag_context,no_pose_observation,34560.0,1.33,,1,cam12/e1/v1,
full,03.CCTV Mobile Usage.mkv,632de9ed55947761d56d4c6142a3cb1a1fe69d0b1a6d0e01a2e404c697962623,dfine_native,13700.0,monitor_or_bezel,0.3285,1013.36,395.62,1146.34,488.38,12335.5,132.98,92.76,1.434,False,,True,R-desk,7,evt_S-61_desk_work_surface_0001,243d4174c5ecf8e0,lap_bag_context,no_pose_observation,34560.0,1.33,,1,cam12/e1/v1,
full,03.CCTV Mobile Usage.mkv,632de9ed55947761d56d4c6142a3cb1a1fe69d0b1a6d0e01a2e404c697962623,dfine_native,13700.0,unknown_object,0.4047,699.97,396.23,757.44,491.07,5450.2,57.47,94.84,0.606,False,,True,R-desk,7,evt_S-61_desk_work_surface_0001,243d4174c5ecf8e0,lap_bag_context,no_pose_observation,34560.0,1.33,,1,cam12/e1/v1,
full,03.CCTV Mobile Usage.mkv,632de9ed55947761d56d4c6142a3cb1a1fe69d0b1a6d0e01a2e404c697962623,dfine_native,13700.0,phone,0.2566,1042.72,421.48,1114.17,474.32,3775.7,71.45,52.84,1.352,False,,True,R-desk,7,evt_S-61_desk_work_surface_0001,243d4174c5ecf8e0,lap_bag_context,no_pose_observation,34560.0,1.33,,1,cam12/e1/v1,
full,03.CCTV Mobile Usage.mkv,632de9ed55947761d56d4c6142a3cb1a1fe69d0b1a6d0e01a2e404c697962623,dfine_native,13700.0,monitor_or_bezel,0.4849,967.02,395.52,1146.46,490.68,17075.9,179.44,95.16,1.886,False,,True,R-desk,7,evt_S-61_desk_work_surface_0001,243d4174c5ecf8e0,lap_bag_context,no_pose_observation,34560.0,1.33,,1,cam12/e1/v1,
full,03.CCTV Mobile Usage.mkv,632de9ed55947761d56d4c6142a3cb1a1fe69d0b1a6d0e01a2e404c697962623,dfine_native,13700.0,mouse,0.5281,865.29,413.83,892.11,435.3,576.1,26.82,21.48,1.249,False,,True,R-desk,7,evt_S-61_desk_work_surface_0001,243d4174c5ecf8e0,lap_bag_context,no_pose_observation,34560.0,1.33,,1,cam12/e1/v1,
full,03.CCTV Mobile Usage.mkv,632de9ed55947761d56d4c6142a3cb1a1fe69d0b1a6d0e01a2e404c697962623,dfine_native,13700.0,mouse,0.2755,966.86,398.32,992.31,410.43,308.4,25.45,12.12,2.101,False,,True,R-desk,7,evt_S-61_desk_work_surface_0001,243d4174c5ecf8e0,lap_bag_context,no_pose_observation,34560.0,1.33,,1,cam12/e1/v1,
full,03.CCTV Mobile Usage.mkv,632de9ed55947761d56d4c6142a3cb1a1fe69d0b1a6d0e01a2e404c697962623,dfine_native,13700.0,monitor_or_bezel,0.2843,967.27,395.4,1146.3,490.87,17092.1,179.03,95.47,1.875,False,,True,R-desk,7,evt_S-61_desk_work_surface_0001,243d4174c5ecf8e0,lap_bag_context,no_pose_observation,34560.0,1.33,,1,cam12/e1/v1,
full,03.CCTV Mobile Usage.mkv,632de9ed55947761d56d4c6142a3cb1a1fe69d0b1a6d0e01a2e404c697962623,dfine_native,13700.0,monitor_or_bezel,0.3254,874.73,395.47,1146.41,491.41,26065.6,271.69,95.94,2.832,False,,True,R-desk,7,evt_S-61_desk_work_surface_0001,243d4174c5ecf8e0,lap_bag_context,no_pose_observation,34560.0,1.33,,1,cam12/e1/v1,
full,03.CCTV Mobile Usage.mkv,632de9ed55947761d56d4c6142a3cb1a1fe69d0b1a6d0e01a2e404c697962623,dfine_native,13700.0,unknown_object,0.3076,699.93,396.15,779.19,492.48,7635.6,79.26,96.34,0.823,False,,True,R-desk,7,evt_S-61_desk_work_surface_0001,243d4174c5ecf8e0,lap_bag_context,no_pose_observation,34560.0,1.33,,1,cam12/e1/v1,
full,03.CCTV Mobile Usage.mkv,632de9ed55947761d56d4c6142a3cb1a1fe69d0b1a6d0e01a2e404c697962623,dfine_native,13700.0,unknown_object,0.448,0.34,254.1,45.11,306.08,2327.2,44.77,51.98,0.861,False,,True,S-61,2,evt_S-61_desk_work_surface_0001,843ac0bd3ddb8743,pose_hand_context,,44783.0,3.02,,1,cam12/e1/v1,rtmpose_baseline
full,03.CCTV Mobile Usage.mkv,632de9ed55947761d56d4c6142a3cb1a1fe69d0b1a6d0e01a2e404c697962623,dfine_native,13700.0,unknown_object,0.4153,-0.16,278.33,84.97,421.88,12220.0,85.13,143.55,0.593,False,,True,S-61,2,evt_S-61_desk_work_surface_0001,843ac0bd3ddb8743,pose_hand_context,,44783.0,3.02,,1,cam12/e1/v1,rtmpose_baseline
full,03.CCTV Mobile Usage.mkv,632de9ed55947761d56d4c6142a3cb1a1fe69d0b1a6d0e01a2e404c697962623,dfine_native,13700.0,unknown_object,0.317,100.52,266.27,210.65,420.55,16990.1,110.13,154.28,0.714,False,,True,S-61,2,evt_S-61_desk_work_surface_0001,843ac0bd3ddb8743,pose_hand_context,,44783.0,3.02,,1,cam12/e1/v1,rtmpose_baseline
full,03.CCTV Mobile Usage.mkv,632de9ed55947761d56d4c6142a3cb1a1fe69d0b1a6d0e01a2e404c697962623,dfine_native,13700.0,unknown_object,0.3091,105.15,323.16,210.36,420.12,10200.6,105.21,96.96,1.085,False,,True,S-61,2,evt_S-61_desk_work_surface_0001,843ac0bd3ddb8743,pose_hand_context,,44783.0,3.02,,1,cam12/e1/v1,rtmpose_baseline
full,03.CCTV Mobile Usage.mkv,632de9ed55947761d56d4c6142a3cb1a1fe69d0b1a6d0e01a2e404c697962623,dfine_native,13700.0,unknown_object,0.2514,78.56,323.07,210.57,422.04,13065.9,132.01,98.98,1.334,False,,True,S-61,2,evt_S-61_desk_work_surface_0001,843ac0bd3ddb8743,pose_hand_context,,44783.0,3.02,,1,cam12/e1/v1,rtmpose_baseline
full,03.CCTV Mobile Usage.mkv,632de9ed55947761d56d4c6142a3cb1a1fe69d0b1a6d0e01a2e404c697962623,dfine_native,13700.0,unknown_object,0.3157,76.32,267.09,210.79,421.73,20794.9,134.47,154.64,0.87,False,,True,S-61,2,evt_S-61_desk_work_surface_0001,843ac0bd3ddb8743,pose_hand_context,,44783.0,3.02,,1,cam12/e1/v1,rtmpose_baseline
full,03.CCTV Mobile Usage.mkv,632de9ed55947761d56d4c6142a3cb1a1fe69d0b1a6d0e01a2e404c697962623,dfine_native,13700.0,unknown_object,0.3306,0.04,254.9,210.74,421.83,35171.2,210.7,166.93,1.262,False,,True,S-61,2,evt_S-61_desk_work_surface_0001,843ac0bd3ddb8743,pose_hand_context,,44783.0,3.02,,1,cam12/e1/v1,rtmpose_baseline
full,03.CCTV Mobile Usage.mkv,632de9ed55947761d56d4c6142a3cb1a1fe69d0b1a6d0e01a2e404c697962623,dfine_native,13700.0,unknown_object,0.3236,0.1,278.96,210.7,421.91,30105.6,210.61,142.95,1.473,False,,True,S-61,2,evt_S-61_desk_work_surface_0001,843ac0bd3ddb8743,pose_hand_context,,44783.0,3.02,,1,cam12/e1/v1,rtmpose_baseline
full,03.CCTV Mobile Usage.mkv,632de9ed55947761d56d4c6142a3cb1a1fe69d0b1a6d0e01a2e404c697962623,dfine_native,13700.0,unknown_object,0.2627,0.71,254.35,122.88,387.17,16225.9,122.16,132.82,0.92,False,,True,S-61,2,evt_S-61_desk_work_surface_0001,843ac0bd3ddb8743,pose_hand_context,,44783.0,3.02,,1,cam12/e1/v1,rtmpose_baseline
full,03.CCTV Mobile Usage.mkv,632de9ed55947761d56d4c6142a3cb1a1fe69d0b1a6d0e01a2e404c697962623,dfine_native,13700.0,unknown_object,0.5722,7.96,493.85,204.72,567.96,14581.5,196.76,74.11,2.655,False,,True,S-61,1,evt_S-61_desk_work_surface_0001,96838b91a5af473a,pose_hand_context,,38722.4,3.25,,1,cam12/e1/v1,rtmpose_baseline
full,03.CCTV Mobile Usage.mkv,632de9ed55947761d56d4c6142a3cb1a1fe69d0b1a6d0e01a2e404c697962623,dfine_native,13700.0,stationery,0.4846,43.14,443.47,72.21,471.07,802.4,29.07,27.6,1.053,False,,True,S-61,1,evt_S-61_desk_work_surface_0001,96838b91a5af473a,pose_hand_context,,38722.4,3.25,,1,cam12/e1/v1,rtmpose_baseline
full,03.CCTV Mobile Usage.mkv,632de9ed55947761d56d4c6142a3cb1a1fe69d0b1a6d0e01a2e404c697962623,dfine_native,13700.0,stationery,0.3904,8.03,415.42,103.85,502.76,8368.7,95.81,87.34,1.097,False,,True,S-61,1,evt_S-61_desk_work_surface_0001,96838b91a5af473a,pose_hand_context,,38722.4,3.25,,1,cam12/e1/v1,rtmpose_baseline
full,03.CCTV Mobile Usage.mkv,632de9ed55947761d56d4c6142a3cb1a1fe69d0b1a6d0e01a2e404c697962623,dfine_native,13700.0,stationery,0.2723,43.64,508.95,89.79,557.11,2223.0,46.15,48.17,0.958,False,,True,S-61,1,evt_S-61_desk_work_surface_0001,96838b91a5af473a,pose_hand_context,,38722.4,3.25,,1,cam12/e1/v1,rtmpose_baseline
full,03.CCTV Mobile Usage.mkv,632de9ed55947761d56d4c6142a3cb1a1fe69d0b1a6d0e01a2e404c697962623,dfine_native,13700.0,unknown_object,0.3029,8.15,494.38,159.22,567.62,11064.2,151.06,73.24,2.063,False,,True,S-61,1,evt_S-61_desk_work_surface_0001,96838b91a5af473a,pose_hand_context,,38722.4,3.25,,1,cam12/e1/v1,rtmpose_baseline
full,03.CCTV Mobile Usage.mkv,632de9ed55947761d56d4c6142a3cb1a1fe69d0b1a6d0e01a2e404c697962623,dfine_native,13700.0,unknown_object,0.3044,8.15,413.99,156.49,504.3,13395.9,148.34,90.3,1.643,False,,True,S-61,1,evt_S-61_desk_work_surface_0001,96838b91a5af473a,pose_hand_context,,38722.4,3.25,,1,cam12/e1/v1,rtmpose_baseline
full,03.CCTV Mobile Usage.mkv,632de9ed55947761d56d4c6142a3cb1a1fe69d0b1a6d0e01a2e404c697962623,dfine_native,41183.0,unknown_object,0.3097,190.05,165.8,232.31,198.42,1378.4,42.25,32.62,1.295,False,,True,S-61,9,evt_S-61_desk_work_surface_0002,0732a167cd42c65f,pose_hand_context,,2304.0,13.33,,1,cam12/e1/v1,rtmpose_baseline
full,03.CCTV Mobile Usage.mkv,632de9ed55947761d56d4c6142a3cb1a1fe69d0b1a6d0e01a2e404c697962623,dfine_native,41183.0,unknown_object,0.2872,175.28,165.64,232.25,224.81,3371.2,56.97,59.18,0.963,False,,True,S-61,9,evt_S-61_desk_work_surface_0002,0732a167cd42c65f,pose_hand_context,,2304.0,13.33,,1,cam12/e1/v1,rtmpose_baseline
full,03.CCTV Mobile Usage.mkv,632de9ed55947761d56d4c6142a3cb1a1fe69d0b1a6d0e01a2e404c697962623,dfine_native,41183.0,stationery,0.293,190.38,165.97,232.32,193.07,1136.5,41.94,27.1,1.547,False,,True,S-61,9,evt_S-61_desk_work_surface_0002,0732a167cd42c65f,pose_hand_context,,2304.0,13.33,,1,cam12/e1/v1,rtmpose_baseline
full,03.CCTV Mobile Usage.mkv,632de9ed55947761d56d4c6142a3cb1a1fe69d0b1a6d0e01a2e404c697962623,dfine_native,41183.0,unknown_object,0.2606,189.69,165.7,232.27,224.71,2512.7,42.58,59.01,0.722,False,,True,S-61,9,evt_S-61_desk_work_surface_0002,0732a167cd42c65f,pose_hand_context,,2304.0,13.33,,1,cam12/e1/v1,rtmpose_baseline
full,03.CCTV Mobile Usage.mkv,632de9ed55947761d56d4c6142a3cb1a1fe69d0b1a6d0e01a2e404c697962623,dfine_native,41183.0,unknown_object,0.2627,175.02,191.04,225.08,224.87,1693.4,50.06,33.82,1.48,False,,True,S-61,9,evt_S-61_desk_work_surface_0002,0732a167cd42c65f,pose_hand_context,,2304.0,13.33,,1,cam12/e1/v1,rtmpose_baseline
full,03.CCTV Mobile Usage.mkv,632de9ed55947761d56d4c6142a3cb1a1fe69d0b1a6d0e01a2e404c697962623,dfine_native,41183.0,unknown_object,0.3259,11.92,448.07,152.86,520.55,10215.1,140.93,72.48,1.944,False,,True,S-61,8,evt_S-61_desk_work_surface_0002,25dbd0c1ca232cd5,pose_hand_context,,29097.5,3.75,,1,cam12/e1/v1,rtmpose_baseline
full,03.CCTV Mobile Usage.mkv,632de9ed55947761d56d4c6142a3cb1a1fe69d0b1a6d0e01a2e404c697962623,dfine_native,42183.0,unknown_object,0.2594,19.04,357.23,177.02,514.29,24812.9,157.99,157.05,1.006,False,,True,S-61,8,evt_S-61_desk_work_surface_0002,0ed7f38a73807b8f,pose_hand_context,,24800.0,4.06,,1,cam12/e1/v1,rtmpose_baseline
full,03.CCTV Mobile Usage.mkv,632de9ed55947761d56d4c6142a3cb1a1fe69d0b1a6d0e01a2e404c697962623,dfine_native,42183.0,stationery,0.2657,42.79,448.56,74.36,473.65,792.0,31.57,25.09,1.258,False,,True,S-61,8,evt_S-61_desk_work_surface_0002,0ed7f38a73807b8f,pose_hand_context,,24800.0,4.06,,1,cam12/e1/v1,rtmpose_baseline
full,03.CCTV Mobile Usage.mkv,632de9ed55947761d56d4c6142a3cb1a1fe69d0b1a6d0e01a2e404c697962623,dfine_native,43683.0,unknown_object,0.3907,-0.31,449.2,169.43,538.57,15170.6,169.75,89.37,1.899,False,,True,S-61,8,evt_S-61_desk_work_surface_0002,5efd7307fa9f50a1,pose_hand_context,,41122.2,3.12,,1,cam12/e1/v1,rtmpose_baseline
full,03.CCTV Mobile Usage.mkv,632de9ed55947761d56d4c6142a3cb1a1fe69d0b1a6d0e01a2e404c697962623,dfine_native,43683.0,unknown_object,0.3051,-0.17,345.39,170.51,538.19,32908.2,170.68,192.8,0.885,False,,True,S-61,8,evt_S-61_desk_work_surface_0002,5efd7307fa9f50a1,pose_hand_context,,41122.2,3.12,,1,cam12/e1/v1,rtmpose_baseline
full,03.CCTV Mobile Usage.mkv,632de9ed55947761d56d4c6142a3cb1a1fe69d0b1a6d0e01a2e404c697962623,dfine_native,44183.0,unknown_object,0.28,-0.3,449.24,182.48,549.56,18337.9,182.78,100.33,1.822,False,,True,S-61,8,evt_S-61_desk_work_surface_0002,7c395881a5f1ef2d,pose_hand_context,,46926.0,2.85,,1,cam12/e1/v1,rtmpose_baseline
full,03.CCTV Mobile Usage.mkv,632de9ed55947761d56d4c6142a3cb1a1fe69d0b1a6d0e01a2e404c697962623,dfine_native,44683.0,unknown_object,0.3008,-0.23,448.79,180.82,548.52,18056.6,181.05,99.73,1.815,False,,True,S-61,8,evt_S-61_desk_work_surface_0002,ae2e8aa515956444,pose_hand_context,,46745.9,2.87,,1,cam12/e1/v1,rtmpose_baseline
full,03.CCTV Mobile Usage.mkv,632de9ed55947761d56d4c6142a3cb1a1fe69d0b1a6d0e01a2e404c697962623,dfine_native,44683.0,unknown_object,0.252,-0.0,342.6,180.37,548.08,37061.2,180.37,205.48,0.878,False,,True,S-61,8,evt_S-61_desk_work_surface_0002,ae2e8aa515956444,pose_hand_context,,46745.9,2.87,,1,cam12/e1/v1,rtmpose_baseline
full,03.CCTV Mobile Usage.mkv,632de9ed55947761d56d4c6142a3cb1a1fe69d0b1a6d0e01a2e404c697962623,dfine_native,45183.0,unknown_object,0.3441,-0.27,449.0,170.22,537.48,15084.5,170.5,88.47,1.927,False,,True,S-61,8,evt_S-61_desk_work_surface_0002,f3fd8c36fba179ee,pose_hand_context,,40231.3,3.16,,1,cam12/e1/v1,rtmpose_baseline
full,03.CCTV Mobile Usage.mkv,632de9ed55947761d56d4c6142a3cb1a1fe69d0b1a6d0e01a2e404c697962623,dfine_native,54500.0,unknown_object,0.4906,821.1,115.39,916.89,206.35,8712.5,95.79,90.96,1.053,False,,True,R-desk,12,evt_S-61_upper_body_0016,3073e6f5a08e6e96,pose_hand_context,,2637.8,12.46,,1,cam12/e1/v1,rtmpose_baseline
full,03.CCTV Mobile Usage.mkv,632de9ed55947761d56d4c6142a3cb1a1fe69d0b1a6d0e01a2e404c697962623,dfine_native,54500.0,unknown_object,0.3539,821.0,140.99,916.9,210.55,6671.0,95.9,69.57,1.378,False,,True,R-desk,12,evt_S-61_upper_body_0016,3073e6f5a08e6e96,pose_hand_context,,2637.8,12.46,,1,cam12/e1/v1,rtmpose_baseline
full,03.CCTV Mobile Usage.mkv,632de9ed55947761d56d4c6142a3cb1a1fe69d0b1a6d0e01a2e404c697962623,dfine_native,54500.0,unknown_object,0.4552,-0.19,332.03,191.48,551.22,42011.9,191.68,219.18,0.875,False,,True,S-61,10,evt_S-61_upper_body_0016,331015195509780b,pose_hand_context,,49114.4,2.77,,1,cam12/e1/v1,rtmpose_baseline
full,03.CCTV Mobile Usage.mkv,632de9ed55947761d56d4c6142a3cb1a1fe69d0b1a6d0e01a2e404c697962623,dfine_native,54500.0,stationery,0.3538,43.35,446.69,74.8,473.22,834.3,31.45,26.53,1.185,False,,True,S-61,10,evt_S-61_upper_body_0016,331015195509780b,pose_hand_context,,49114.4,2.77,,1,cam12/e1/v1,rtmpose_baseline
full,03.CCTV Mobile Usage.mkv,632de9ed55947761d56d4c6142a3cb1a1fe69d0b1a6d0e01a2e404c697962623,dfine_native,54500.0,unknown_object,0.3387,-0.13,447.27,186.69,551.62,19496.3,186.82,104.36,1.79,False,,True,S-61,10,evt_S-61_upper_body_0016,331015195509780b,pose_hand_context,,49114.4,2.77,,1,cam12/e1/v1,rtmpose_baseline
full,03.CCTV Mobile Usage.mkv,632de9ed55947761d56d4c6142a3cb1a1fe69d0b1a6d0e01a2e404c697962623,dfine_native,54500.0,unknown_object,0.4906,-0.35,321.35,186.28,551.18,42892.8,186.63,229.83,0.812,False,,True,S-61,10,evt_S-61_upper_body_0016,331015195509780b,pose_hand_context,,49114.4,2.77,,1,cam12/e1/v1,rtmpose_baseline
full,03.CCTV Mobile Usage.mkv,632de9ed55947761d56d4c6142a3cb1a1fe69d0b1a6d0e01a2e404c697962623,dfine_native,54500.0,keyboard,0.9157,962.12,451.98,1068.04,491.44,4179.7,105.92,39.46,2.684,False,,True,R-desk,13,evt_S-61_upper_body_0016,8c286679ee927725,lap_bag_context,no_pose_observation,34560.0,1.33,,1,cam12/e1/v1,
full,03.CCTV Mobile Usage.mkv,632de9ed55947761d56d4c6142a3cb1a1fe69d0b1a6d0e01a2e404c697962623,dfine_native,54500.0,monitor_or_bezel,0.6494,1018.6,395.85,1146.16,448.21,6678.2,127.55,52.36,2.436,False,,True,R-desk,13,evt_S-61_upper_body_0016,8c286679ee927725,lap_bag_context,no_pose_observation,34560.0,1.33,,1,cam12/e1/v1,
full,03.CCTV Mobile Usage.mkv,632de9ed55947761d56d4c6142a3cb1a1fe69d0b1a6d0e01a2e404c697962623,dfine_native,54500.0,unknown_object,0.5027,699.98,396.21,850.35,492.31,14450.4,150.37,96.1,1.565,False,,True,R-desk,13,evt_S-61_upper_body_0016,8c286679ee927725,lap_bag_context,no_pose_observation,34560.0,1.33,,1,cam12/e1/v1,
full,03.CCTV Mobile Usage.mkv,632de9ed55947761d56d4c6142a3cb1a1fe69d0b1a6d0e01a2e404c697962623,dfine_native,54500.0,unknown_object,0.3415,699.97,396.14,775.66,492.09,7262.4,75.69,95.95,0.789,False,,True,R-desk,13,evt_S-61_upper_body_0016,8c286679ee927725,lap_bag_context,no_pose_observation,34560.0,1.33,,1,cam12/e1/v1,
full,03.CCTV Mobile Usage.mkv,632de9ed55947761d56d4c6142a3cb1a1fe69d0b1a6d0e01a2e404c697962623,dfine_native,54500.0,keyboard,0.4472,802.44,396.33,870.79,420.58,1657.3,68.35,24.25,2.819,False,,True,R-desk,13,evt_S-61_upper_body_0016,8c286679ee927725,lap_bag_context,no_pose_observation,34560.0,1.33,,1,cam12/e1/v1,
full,03.CCTV Mobile Usage.mkv,632de9ed55947761d56d4c6142a3cb1a1fe69d0b1a6d0e01a2e404c697962623,dfine_native,54500.0,mouse,0.575,864.68,413.67,892.22,435.43,599.3,27.54,21.76,1.266,False,,True,R-desk,13,evt_S-61_upper_body_0016,8c286679ee927725,lap_bag_context,no_pose_observation,34560.0,1.33,,1,cam12/e1/v1,
full,03.CCTV Mobile Usage.mkv,632de9ed55947761d56d4c6142a3cb1a1fe69d0b1a6d0e01a2e404c697962623,dfine_native,54500.0,phone,0.2699,1043.04,421.92,1112.26,474.04,3607.6,69.22,52.12,1.328,False,,True,R-desk,13,evt_S-61_upper_body_0016,8c286679ee927725,lap_bag_context,no_pose_observation,34560.0,1.33,,1,cam12/e1/v1,
full,03.CCTV Mobile Usage.mkv,632de9ed55947761d56d4c6142a3cb1a1fe69d0b1a6d0e01a2e404c697962623,dfine_native,54500.0,mouse,0.3336,967.12,398.45,991.97,410.6,302.0,24.85,12.15,2.045,False,,True,R-desk,13,evt_S-61_upper_body_0016,8c286679ee927725,lap_bag_context,no_pose_observation,34560.0,1.33,,1,cam12/e1/v1,
full,03.CCTV Mobile Usage.mkv,632de9ed55947761d56d4c6142a3cb1a1fe69d0b1a6d0e01a2e404c697962623,dfine_native,54500.0,monitor_or_bezel,0.3705,1015.62,395.85,1147.99,488.7,12290.4,132.38,92.85,1.426,False,,True,R-desk,13,evt_S-61_upper_body_0016,8c286679ee927725,lap_bag_context,no_pose_observation,34560.0,1.33,,1,cam12/e1/v1,
full,03.CCTV Mobile Usage.mkv,632de9ed55947761d56d4c6142a3cb1a1fe69d0b1a6d0e01a2e404c697962623,dfine_native,54500.0,unknown_object,0.2968,700.07,396.38,757.48,490.94,5428.9,57.41,94.56,0.607,False,,True,R-desk,13,evt_S-61_upper_body_0016,8c286679ee927725,lap_bag_context,no_pose_observation,34560.0,1.33,,1,cam12/e1/v1,
full,03.CCTV Mobile Usage.mkv,632de9ed55947761d56d4c6142a3cb1a1fe69d0b1a6d0e01a2e404c697962623,dfine_native,54500.0,mouse,0.2636,990.66,399.07,1026.57,413.4,514.5,35.91,14.33,2.506,False,,True,R-desk,13,evt_S-61_upper_body_0016,8c286679ee927725,lap_bag_context,no_pose_observation,34560.0,1.33,,1,cam12/e1/v1,
full,03.CCTV Mobile Usage.mkv,632de9ed55947761d56d4c6142a3cb1a1fe69d0b1a6d0e01a2e404c697962623,dfine_native,54500.0,monitor_or_bezel,0.2529,970.41,395.69,1145.81,449.43,9425.0,175.4,53.73,3.264,False,,True,R-desk,13,evt_S-61_upper_body_0016,8c286679ee927725,lap_bag_context,no_pose_observation,34560.0,1.33,,1,cam12/e1/v1,
full,03.CCTV Mobile Usage.mkv,632de9ed55947761d56d4c6142a3cb1a1fe69d0b1a6d0e01a2e404c697962623,dfine_native,54500.0,keyboard,0.9157,962.12,451.98,1068.04,491.44,4179.7,105.92,39.46,2.684,False,,True,R-desk,11,evt_S-61_upper_body_0016,8c286679ee927725,lap_bag_context,no_pose_observation,34560.0,1.33,,1,cam12/e1/v1,
full,03.CCTV Mobile Usage.mkv,632de9ed55947761d56d4c6142a3cb1a1fe69d0b1a6d0e01a2e404c697962623,dfine_native,54500.0,monitor_or_bezel,0.6494,1018.6,395.85,1146.16,448.21,6678.2,127.55,52.36,2.436,False,,True,R-desk,11,evt_S-61_upper_body_0016,8c286679ee927725,lap_bag_context,no_pose_observation,34560.0,1.33,,1,cam12/e1/v1,
full,03.CCTV Mobile Usage.mkv,632de9ed55947761d56d4c6142a3cb1a1fe69d0b1a6d0e01a2e404c697962623,dfine_native,54500.0,unknown_object,0.5027,699.98,396.21,850.35,492.31,14450.4,150.37,96.1,1.565,False,,True,R-desk,11,evt_S-61_upper_body_0016,8c286679ee927725,lap_bag_context,no_pose_observation,34560.0,1.33,,1,cam12/e1/v1,
full,03.CCTV Mobile Usage.mkv,632de9ed55947761d56d4c6142a3cb1a1fe69d0b1a6d0e01a2e404c697962623,dfine_native,54500.0,unknown_object,0.3415,699.97,396.14,775.66,492.09,7262.4,75.69,95.95,0.789,False,,True,R-desk,11,evt_S-61_upper_body_0016,8c286679ee927725,lap_bag_context,no_pose_observation,34560.0,1.33,,1,cam12/e1/v1,
full,03.CCTV Mobile Usage.mkv,632de9ed55947761d56d4c6142a3cb1a1fe69d0b1a6d0e01a2e404c697962623,dfine_native,54500.0,keyboard,0.4472,802.44,396.33,870.79,420.58,1657.3,68.35,24.25,2.819,False,,True,R-desk,11,evt_S-61_upper_body_0016,8c286679ee927725,lap_bag_context,no_pose_observation,34560.0,1.33,,1,cam12/e1/v1,
full,03.CCTV Mobile Usage.mkv,632de9ed55947761d56d4c6142a3cb1a1fe69d0b1a6d0e01a2e404c697962623,dfine_native,54500.0,mouse,0.575,864.68,413.67,892.22,435.43,599.3,27.54,21.76,1.266,False,,True,R-desk,11,evt_S-61_upper_body_0016,8c286679ee927725,lap_bag_context,no_pose_observation,34560.0,1.33,,1,cam12/e1/v1,
full,03.CCTV Mobile Usage.mkv,632de9ed55947761d56d4c6142a3cb1a1fe69d0b1a6d0e01a2e404c697962623,dfine_native,54500.0,phone,0.2699,1043.04,421.92,1112.26,474.04,3607.6,69.22,52.12,1.328,False,,True,R-desk,11,evt_S-61_upper_body_0016,8c286679ee927725,lap_bag_context,no_pose_observation,34560.0,1.33,,1,cam12/e1/v1,
full,03.CCTV Mobile Usage.mkv,632de9ed55947761d56d4c6142a3cb1a1fe69d0b1a6d0e01a2e404c697962623,dfine_native,54500.0,mouse,0.3336,967.12,398.45,991.97,410.6,302.0,24.85,12.15,2.045,False,,True,R-desk,11,evt_S-61_upper_body_0016,8c286679ee927725,lap_bag_context,no_pose_observation,34560.0,1.33,,1,cam12/e1/v1,
full,03.CCTV Mobile Usage.mkv,632de9ed55947761d56d4c6142a3cb1a1fe69d0b1a6d0e01a2e404c697962623,dfine_native,54500.0,monitor_or_bezel,0.3705,1015.62,395.85,1147.99,488.7,12290.4,132.38,92.85,1.426,False,,True,R-desk,11,evt_S-61_upper_body_0016,8c286679ee927725,lap_bag_context,no_pose_observation,34560.0,1.33,,1,cam12/e1/v1,
full,03.CCTV Mobile Usage.mkv,632de9ed55947761d56d4c6142a3cb1a1fe69d0b1a6d0e01a2e404c697962623,dfine_native,54500.0,unknown_object,0.2968,700.07,396.38,757.48,490.94,5428.9,57.41,94.56,0.607,False,,True,R-desk,11,evt_S-61_upper_body_0016,8c286679ee927725,lap_bag_context,no_pose_observation,34560.0,1.33,,1,cam12/e1/v1,
full,03.CCTV Mobile Usage.mkv,632de9ed55947761d56d4c6142a3cb1a1fe69d0b1a6d0e01a2e404c697962623,dfine_native,54500.0,mouse,0.2636,990.66,399.07,1026.57,413.4,514.5,35.91,14.33,2.506,False,,True,R-desk,11,evt_S-61_upper_body_0016,8c286679ee927725,lap_bag_context,no_pose_observation,34560.0,1.33,,1,cam12/e1/v1,
full,03.CCTV Mobile Usage.mkv,632de9ed55947761d56d4c6142a3cb1a1fe69d0b1a6d0e01a2e404c697962623,dfine_native,54500.0,monitor_or_bezel,0.2529,970.41,395.69,1145.81,449.43,9425.0,175.4,53.73,3.264,False,,True,R-desk,11,evt_S-61_upper_body_0016,8c286679ee927725,lap_bag_context,no_pose_observation,34560.0,1.33,,1,cam12/e1/v1,
full,03.CCTV Mobile Usage.mkv,632de9ed55947761d56d4c6142a3cb1a1fe69d0b1a6d0e01a2e404c697962623,dfine_native,54500.0,keyboard,0.9157,962.12,451.98,1068.04,491.44,4179.7,105.92,39.46,2.684,False,,True,R-desk,14,evt_S-61_upper_body_0016,8c286679ee927725,lap_bag_context,no_pose_observation,34560.0,1.33,,1,cam12/e1/v1,
full,03.CCTV Mobile Usage.mkv,632de9ed55947761d56d4c6142a3cb1a1fe69d0b1a6d0e01a2e404c697962623,dfine_native,54500.0,monitor_or_bezel,0.6494,1018.6,395.85,1146.16,448.21,6678.2,127.55,52.36,2.436,False,,True,R-desk,14,evt_S-61_upper_body_0016,8c286679ee927725,lap_bag_context,no_pose_observation,34560.0,1.33,,1,cam12/e1/v1,
full,03.CCTV Mobile Usage.mkv,632de9ed55947761d56d4c6142a3cb1a1fe69d0b1a6d0e01a2e404c697962623,dfine_native,54500.0,unknown_object,0.5027,699.98,396.21,850.35,492.31,14450.4,150.37,96.1,1.565,False,,True,R-desk,14,evt_S-61_upper_body_0016,8c286679ee927725,lap_bag_context,no_pose_observation,34560.0,1.33,,1,cam12/e1/v1,
full,03.CCTV Mobile Usage.mkv,632de9ed55947761d56d4c6142a3cb1a1fe69d0b1a6d0e01a2e404c697962623,dfine_native,54500.0,unknown_object,0.3415,699.97,396.14,775.66,492.09,7262.4,75.69,95.95,0.789,False,,True,R-desk,14,evt_S-61_upper_body_0016,8c286679ee927725,lap_bag_context,no_pose_observation,34560.0,1.33,,1,cam12/e1/v1,
full,03.CCTV Mobile Usage.mkv,632de9ed55947761d56d4c6142a3cb1a1fe69d0b1a6d0e01a2e404c697962623,dfine_native,54500.0,keyboard,0.4472,802.44,396.33,870.79,420.58,1657.3,68.35,24.25,2.819,False,,True,R-desk,14,evt_S-61_upper_body_0016,8c286679ee927725,lap_bag_context,no_pose_observation,34560.0,1.33,,1,cam12/e1/v1,
full,03.CCTV Mobile Usage.mkv,632de9ed55947761d56d4c6142a3cb1a1fe69d0b1a6d0e01a2e404c697962623,dfine_native,54500.0,mouse,0.575,864.68,413.67,892.22,435.43,599.3,27.54,21.76,1.266,False,,True,R-desk,14,evt_S-61_upper_body_0016,8c286679ee927725,lap_bag_context,no_pose_observation,34560.0,1.33,,1,cam12/e1/v1,
full,03.CCTV Mobile Usage.mkv,632de9ed55947761d56d4c6142a3cb1a1fe69d0b1a6d0e01a2e404c697962623,dfine_native,54500.0,phone,0.2699,1043.04,421.92,1112.26,474.04,3607.6,69.22,52.12,1.328,False,,True,R-desk,14,evt_S-61_upper_body_0016,8c286679ee927725,lap_bag_context,no_pose_observation,34560.0,1.33,,1,cam12/e1/v1,
full,03.CCTV Mobile Usage.mkv,632de9ed55947761d56d4c6142a3cb1a1fe69d0b1a6d0e01a2e404c697962623,dfine_native,54500.0,mouse,0.3336,967.12,398.45,991.97,410.6,302.0,24.85,12.15,2.045,False,,True,R-desk,14,evt_S-61_upper_body_0016,8c286679ee927725,lap_bag_context,no_pose_observation,34560.0,1.33,,1,cam12/e1/v1,
full,03.CCTV Mobile Usage.mkv,632de9ed55947761d56d4c6142a3cb1a1fe69d0b1a6d0e01a2e404c697962623,dfine_native,54500.0,monitor_or_bezel,0.3705,1015.62,395.85,1147.99,488.7,12290.4,132.38,92.85,1.426,False,,True,R-desk,14,evt_S-61_upper_body_0016,8c286679ee927725,lap_bag_context,no_pose_observation,34560.0,1.33,,1,cam12/e1/v1,
full,03.CCTV Mobile Usage.mkv,632de9ed55947761d56d4c6142a3cb1a1fe69d0b1a6d0e01a2e404c697962623,dfine_native,54500.0,unknown_object,0.2968,700.07,396.38,757.48,490.94,5428.9,57.41,94.56,0.607,False,,True,R-desk,14,evt_S-61_upper_body_0016,8c286679ee927725,lap_bag_context,no_pose_observation,34560.0,1.33,,1,cam12/e1/v1,
full,03.CCTV Mobile Usage.mkv,632de9ed55947761d56d4c6142a3cb1a1fe69d0b1a6d0e01a2e404c697962623,dfine_native,54500.0,mouse,0.2636,990.66,399.07,1026.57,413.4,514.5,35.91,14.33,2.506,False,,True,R-desk,14,evt_S-61_upper_body_0016,8c286679ee927725,lap_bag_context,no_pose_observation,34560.0,1.33,,1,cam12/e1/v1,
full,03.CCTV Mobile Usage.mkv,632de9ed55947761d56d4c6142a3cb1a1fe69d0b1a6d0e01a2e404c697962623,dfine_native,54500.0,monitor_or_bezel,0.2529,970.41,395.69,1145.81,449.43,9425.0,175.4,53.73,3.264,False,,True,R-desk,14,evt_S-61_upper_body_0016,8c286679ee927725,lap_bag_context,no_pose_observation,34560.0,1.33,,1,cam12/e1/v1,
full,03.CCTV Mobile Usage.mkv,632de9ed55947761d56d4c6142a3cb1a1fe69d0b1a6d0e01a2e404c697962623,dfine_native,55000.0,keyboard,0.9157,962.12,451.98,1068.04,491.44,4179.7,105.92,39.46,2.684,False,,True,R-desk,11,evt_S-61_upper_body_0016,0f53ce3d77428734,lap_bag_context,no_pose_observation,34560.0,1.33,,1,cam12/e1/v1,
full,03.CCTV Mobile Usage.mkv,632de9ed55947761d56d4c6142a3cb1a1fe69d0b1a6d0e01a2e404c697962623,dfine_native,55000.0,monitor_or_bezel,0.6494,1018.6,395.85,1146.16,448.21,6678.2,127.55,52.36,2.436,False,,True,R-desk,11,evt_S-61_upper_body_0016,0f53ce3d77428734,lap_bag_context,no_pose_observation,34560.0,1.33,,1,cam12/e1/v1,
full,03.CCTV Mobile Usage.mkv,632de9ed55947761d56d4c6142a3cb1a1fe69d0b1a6d0e01a2e404c697962623,dfine_native,55000.0,unknown_object,0.5027,699.98,396.21,850.35,492.31,14450.4,150.37,96.1,1.565,False,,True,R-desk,11,evt_S-61_upper_body_0016,0f53ce3d77428734,lap_bag_context,no_pose_observation,34560.0,1.33,,1,cam12/e1/v1,
full,03.CCTV Mobile Usage.mkv,632de9ed55947761d56d4c6142a3cb1a1fe69d0b1a6d0e01a2e404c697962623,dfine_native,55000.0,unknown_object,0.3415,699.97,396.14,775.66,492.09,7262.4,75.69,95.95,0.789,False,,True,R-desk,11,evt_S-61_upper_body_0016,0f53ce3d77428734,lap_bag_context,no_pose_observation,34560.0,1.33,,1,cam12/e1/v1,
full,03.CCTV Mobile Usage.mkv,632de9ed55947761d56d4c6142a3cb1a1fe69d0b1a6d0e01a2e404c697962623,dfine_native,55000.0,keyboard,0.4472,802.44,396.33,870.79,420.58,1657.3,68.35,24.25,2.819,False,,True,R-desk,11,evt_S-61_upper_body_0016,0f53ce3d77428734,lap_bag_context,no_pose_observation,34560.0,1.33,,1,cam12/e1/v1,
full,03.CCTV Mobile Usage.mkv,632de9ed55947761d56d4c6142a3cb1a1fe69d0b1a6d0e01a2e404c697962623,dfine_native,55000.0,mouse,0.575,864.68,413.67,892.22,435.43,599.3,27.54,21.76,1.266,False,,True,R-desk,11,evt_S-61_upper_body_0016,0f53ce3d77428734,lap_bag_context,no_pose_observation,34560.0,1.33,,1,cam12/e1/v1,
full,03.CCTV Mobile Usage.mkv,632de9ed55947761d56d4c6142a3cb1a1fe69d0b1a6d0e01a2e404c697962623,dfine_native,55000.0,phone,0.2699,1043.04,421.92,1112.26,474.04,3607.6,69.22,52.12,1.328,False,,True,R-desk,11,evt_S-61_upper_body_0016,0f53ce3d77428734,lap_bag_context,no_pose_observation,34560.0,1.33,,1,cam12/e1/v1,
full,03.CCTV Mobile Usage.mkv,632de9ed55947761d56d4c6142a3cb1a1fe69d0b1a6d0e01a2e404c697962623,dfine_native,55000.0,mouse,0.3336,967.12,398.45,991.97,410.6,302.0,24.85,12.15,2.045,False,,True,R-desk,11,evt_S-61_upper_body_0016,0f53ce3d77428734,lap_bag_context,no_pose_observation,34560.0,1.33,,1,cam12/e1/v1,
full,03.CCTV Mobile Usage.mkv,632de9ed55947761d56d4c6142a3cb1a1fe69d0b1a6d0e01a2e404c697962623,dfine_native,55000.0,monitor_or_bezel,0.3705,1015.62,395.85,1147.99,488.7,12290.4,132.38,92.85,1.426,False,,True,R-desk,11,evt_S-61_upper_body_0016,0f53ce3d77428734,lap_bag_context,no_pose_observation,34560.0,1.33,,1,cam12/e1/v1,
full,03.CCTV Mobile Usage.mkv,632de9ed55947761d56d4c6142a3cb1a1fe69d0b1a6d0e01a2e404c697962623,dfine_native,55000.0,unknown_object,0.2968,700.07,396.38,757.48,490.94,5428.9,57.41,94.56,0.607,False,,True,R-desk,11,evt_S-61_upper_body_0016,0f53ce3d77428734,lap_bag_context,no_pose_observation,34560.0,1.33,,1,cam12/e1/v1,
full,03.CCTV Mobile Usage.mkv,632de9ed55947761d56d4c6142a3cb1a1fe69d0b1a6d0e01a2e404c697962623,dfine_native,55000.0,mouse,0.2636,990.66,399.07,1026.57,413.4,514.5,35.91,14.33,2.506,False,,True,R-desk,11,evt_S-61_upper_body_0016,0f53ce3d77428734,lap_bag_context,no_pose_observation,34560.0,1.33,,1,cam12/e1/v1,
full,03.CCTV Mobile Usage.mkv,632de9ed55947761d56d4c6142a3cb1a1fe69d0b1a6d0e01a2e404c697962623,dfine_native,55000.0,monitor_or_bezel,0.2529,970.41,395.69,1145.81,449.43,9425.0,175.4,53.73,3.264,False,,True,R-desk,11,evt_S-61_upper_body_0016,0f53ce3d77428734,lap_bag_context,no_pose_observation,34560.0,1.33,,1,cam12/e1/v1,
full,03.CCTV Mobile Usage.mkv,632de9ed55947761d56d4c6142a3cb1a1fe69d0b1a6d0e01a2e404c697962623,dfine_native,55000.0,unknown_object,0.3614,825.0,111.15,920.93,206.4,9137.4,95.93,95.25,1.007,False,,True,R-desk,12,evt_S-61_upper_body_0016,593d93c5796c81eb,pose_hand_context,,2456.2,12.91,,1,cam12/e1/v1,rtmpose_baseline
full,03.CCTV Mobile Usage.mkv,632de9ed55947761d56d4c6142a3cb1a1fe69d0b1a6d0e01a2e404c697962623,dfine_native,55000.0,unknown_object,0.2887,825.07,141.69,920.76,206.82,6233.3,95.69,65.14,1.469,False,,True,R-desk,12,evt_S-61_upper_body_0016,593d93c5796c81eb,pose_hand_context,,2456.2,12.91,,1,cam12/e1/v1,rtmpose_baseline
full,03.CCTV Mobile Usage.mkv,632de9ed55947761d56d4c6142a3cb1a1fe69d0b1a6d0e01a2e404c697962623,dfine_native,55000.0,unknown_object,0.3807,825.09,173.26,920.74,206.94,3221.9,95.65,33.68,2.84,False,,True,R-desk,12,evt_S-61_upper_body_0016,593d93c5796c81eb,pose_hand_context,,2456.2,12.91,,1,cam12/e1/v1,rtmpose_baseline
full,03.CCTV Mobile Usage.mkv,632de9ed55947761d56d4c6142a3cb1a1fe69d0b1a6d0e01a2e404c697962623,dfine_native,55000.0,stationery,0.4076,43.05,446.77,74.74,473.43,844.9,31.69,26.66,1.188,False,,True,S-61,10,evt_S-61_upper_body_0016,c0e212eea25de102,pose_hand_context,,33496.3,3.5,,1,cam12/e1/v1,rtmpose_baseline
full,03.CCTV Mobile Usage.mkv,632de9ed55947761d56d4c6142a3cb1a1fe69d0b1a6d0e01a2e404c697962623,dfine_native,55500.0,stationery,0.3371,43.14,447.02,74.12,473.22,811.6,30.97,26.2,1.182,False,,True,S-61,10,evt_S-61_upper_body_0016,504d997039895a1f,pose_hand_context,,29632.2,3.72,,1,cam12/e1/v1,rtmpose_baseline
full,03.CCTV Mobile Usage.mkv,632de9ed55947761d56d4c6142a3cb1a1fe69d0b1a6d0e01a2e404c697962623,dfine_native,55500.0,bag,0.2586,78.16,383.55,152.41,428.07,3305.8,74.25,44.52,1.668,False,,True,S-61,10,evt_S-61_upper_body_0016,504d997039895a1f,pose_hand_context,,29632.2,3.72,,1,cam12/e1/v1,rtmpose_baseline
full,03.CCTV Mobile Usage.mkv,632de9ed55947761d56d4c6142a3cb1a1fe69d0b1a6d0e01a2e404c697962623,dfine_native,55500.0,unknown_object,0.2516,158.75,394.88,180.99,521.08,2806.6,22.24,126.2,0.176,False,,True,S-61,10,evt_S-61_upper_body_0016,504d997039895a1f,pose_hand_context,,29632.2,3.72,,1,cam12/e1/v1,rtmpose_baseline
full,03.CCTV Mobile Usage.mkv,632de9ed55947761d56d4c6142a3cb1a1fe69d0b1a6d0e01a2e404c697962623,dfine_native,55500.0,keyboard,0.9227,962.3,451.95,1068.02,491.45,4176.2,105.72,39.5,2.676,False,,True,R-desk,12,evt_S-61_upper_body_0016,de801b56dc91232e,lap_bag_context,no_pose_observation,34560.0,1.33,,1,cam12/e1/v1,
full,03.CCTV Mobile Usage.mkv,632de9ed55947761d56d4c6142a3cb1a1fe69d0b1a6d0e01a2e404c697962623,dfine_native,55500.0,unknown_object,0.6617,699.87,396.17,844.21,492.12,13849.0,144.34,95.94,1.504,False,,True,R-desk,12,evt_S-61_upper_body_0016,de801b56dc91232e,lap_bag_context,no_pose_observation,34560.0,1.33,,1,cam12/e1/v1,
full,03.CCTV Mobile Usage.mkv,632de9ed55947761d56d4c6142a3cb1a1fe69d0b1a6d0e01a2e404c697962623,dfine_native,55500.0,monitor_or_bezel,0.6805,1018.94,395.65,1146.05,448.18,6677.9,127.12,52.53,2.42,False,,True,R-desk,12,evt_S-61_upper_body_0016,de801b56dc91232e,lap_bag_context,no_pose_observation,34560.0,1.33,,1,cam12/e1/v1,
full,03.CCTV Mobile Usage.mkv,632de9ed55947761d56d4c6142a3cb1a1fe69d0b1a6d0e01a2e404c697962623,dfine_native,55500.0,unknown_object,0.3747,700.02,396.16,776.05,491.96,7283.2,76.03,95.8,0.794,False,,True,R-desk,12,evt_S-61_upper_body_0016,de801b56dc91232e,lap_bag_context,no_pose_observation,34560.0,1.33,,1,cam12/e1/v1,
full,03.CCTV Mobile Usage.mkv,632de9ed55947761d56d4c6142a3cb1a1fe69d0b1a6d0e01a2e404c697962623,dfine_native,55500.0,keyboard,0.5436,802.52,396.31,870.69,420.51,1649.7,68.16,24.2,2.817,False,,True,R-desk,12,evt_S-61_upper_body_0016,de801b56dc91232e,lap_bag_context,no_pose_observation,34560.0,1.33,,1,cam12/e1/v1,
full,03.CCTV Mobile Usage.mkv,632de9ed55947761d56d4c6142a3cb1a1fe69d0b1a6d0e01a2e404c697962623,dfine_native,55500.0,monitor_or_bezel,0.38,1015.15,395.6,1147.41,487.89,12204.8,132.26,92.28,1.433,False,,True,R-desk,12,evt_S-61_upper_body_0016,de801b56dc91232e,lap_bag_context,no_pose_observation,34560.0,1.33,,1,cam12/e1/v1,
full,03.CCTV Mobile Usage.mkv,632de9ed55947761d56d4c6142a3cb1a1fe69d0b1a6d0e01a2e404c697962623,dfine_native,55500.0,phone,0.3048,1042.98,421.86,1112.47,474.22,3638.7,69.49,52.36,1.327,False,,True,R-desk,12,evt_S-61_upper_body_0016,de801b56dc91232e,lap_bag_context,no_pose_observation,34560.0,1.33,,1,cam12/e1/v1,
full,03.CCTV Mobile Usage.mkv,632de9ed55947761d56d4c6142a3cb1a1fe69d0b1a6d0e01a2e404c697962623,dfine_native,55500.0,mouse,0.386,967.17,398.39,992.02,410.49,300.7,24.85,12.1,2.054,False,,True,R-desk,12,evt_S-61_upper_body_0016,de801b56dc91232e,lap_bag_context,no_pose_observation,34560.0,1.33,,1,cam12/e1/v1,
full,03.CCTV Mobile Usage.mkv,632de9ed55947761d56d4c6142a3cb1a1fe69d0b1a6d0e01a2e404c697962623,dfine_native,55500.0,mouse,0.5665,864.9,413.79,892.02,435.25,582.2,27.12,21.47,1.263,False,,True,R-desk,12,evt_S-61_upper_body_0016,de801b56dc91232e,lap_bag_context,no_pose_observation,34560.0,1.33,,1,cam12/e1/v1,
full,03.CCTV Mobile Usage.mkv,632de9ed55947761d56d4c6142a3cb1a1fe69d0b1a6d0e01a2e404c697962623,dfine_native,55500.0,unknown_object,0.3989,700.06,396.31,757.7,491.0,5458.9,57.65,94.7,0.609,False,,True,R-desk,12,evt_S-61_upper_body_0016,de801b56dc91232e,lap_bag_context,no_pose_observation,34560.0,1.33,,1,cam12/e1/v1,
full,03.CCTV Mobile Usage.mkv,632de9ed55947761d56d4c6142a3cb1a1fe69d0b1a6d0e01a2e404c697962623,dfine_native,55500.0,monitor_or_bezel,0.2862,881.22,396.15,948.68,452.74,3817.3,67.46,56.59,1.192,False,,True,R-desk,12,evt_S-61_upper_body_0016,de801b56dc91232e,lap_bag_context,no_pose_observation,34560.0,1.33,,1,cam12/e1/v1,
full,03.CCTV Mobile Usage.mkv,632de9ed55947761d56d4c6142a3cb1a1fe69d0b1a6d0e01a2e404c697962623,dfine_native,55500.0,monitor_or_bezel,0.2603,738.85,395.99,948.24,463.41,14116.9,209.39,67.42,3.106,False,,True,R-desk,12,evt_S-61_upper_body_0016,de801b56dc91232e,lap_bag_context,no_pose_observation,34560.0,1.33,,1,cam12/e1/v1,
full,03.CCTV Mobile Usage.mkv,632de9ed55947761d56d4c6142a3cb1a1fe69d0b1a6d0e01a2e404c697962623,dfine_native,55500.0,monitor_or_bezel,0.265,800.41,396.13,948.5,452.45,8341.4,148.09,56.33,2.629,False,,True,R-desk,12,evt_S-61_upper_body_0016,de801b56dc91232e,lap_bag_context,no_pose_observation,34560.0,1.33,,1,cam12/e1/v1,
full,03.CCTV Mobile Usage.mkv,632de9ed55947761d56d4c6142a3cb1a1fe69d0b1a6d0e01a2e404c697962623,dfine_native,55500.0,monitor_or_bezel,0.258,1017.24,395.51,1146.83,470.3,9691.7,129.58,74.79,1.733,False,,True,R-desk,12,evt_S-61_upper_body_0016,de801b56dc91232e,lap_bag_context,no_pose_observation,34560.0,1.33,,1,cam12/e1/v1,
full,03.CCTV Mobile Usage.mkv,632de9ed55947761d56d4c6142a3cb1a1fe69d0b1a6d0e01a2e404c697962623,dfine_native,55500.0,mouse,0.2829,991.15,399.37,1026.83,413.41,501.0,35.68,14.04,2.541,False,,True,R-desk,12,evt_S-61_upper_body_0016,de801b56dc91232e,lap_bag_context,no_pose_observation,34560.0,1.33,,1,cam12/e1/v1,
full,03.CCTV Mobile Usage.mkv,632de9ed55947761d56d4c6142a3cb1a1fe69d0b1a6d0e01a2e404c697962623,dfine_native,55500.0,keyboard,0.9227,962.3,451.95,1068.02,491.45,4176.2,105.72,39.5,2.676,False,,True,R-desk,11,evt_S-61_upper_body_0016,de801b56dc91232e,lap_bag_context,no_pose_observation,34560.0,1.33,,1,cam12/e1/v1,
full,03.CCTV Mobile Usage.mkv,632de9ed55947761d56d4c6142a3cb1a1fe69d0b1a6d0e01a2e404c697962623,dfine_native,55500.0,unknown_object,0.6617,699.87,396.17,844.21,492.12,13849.0,144.34,95.94,1.504,False,,True,R-desk,11,evt_S-61_upper_body_0016,de801b56dc91232e,lap_bag_context,no_pose_observation,34560.0,1.33,,1,cam12/e1/v1,
full,03.CCTV Mobile Usage.mkv,632de9ed55947761d56d4c6142a3cb1a1fe69d0b1a6d0e01a2e404c697962623,dfine_native,55500.0,monitor_or_bezel,0.6805,1018.94,395.65,1146.05,448.18,6677.9,127.12,52.53,2.42,False,,True,R-desk,11,evt_S-61_upper_body_0016,de801b56dc91232e,lap_bag_context,no_pose_observation,34560.0,1.33,,1,cam12/e1/v1,
full,03.CCTV Mobile Usage.mkv,632de9ed55947761d56d4c6142a3cb1a1fe69d0b1a6d0e01a2e404c697962623,dfine_native,55500.0,unknown_object,0.3747,700.02,396.16,776.05,491.96,7283.2,76.03,95.8,0.794,False,,True,R-desk,11,evt_S-61_upper_body_0016,de801b56dc91232e,lap_bag_context,no_pose_observation,34560.0,1.33,,1,cam12/e1/v1,
full,03.CCTV Mobile Usage.mkv,632de9ed55947761d56d4c6142a3cb1a1fe69d0b1a6d0e01a2e404c697962623,dfine_native,55500.0,keyboard,0.5436,802.52,396.31,870.69,420.51,1649.7,68.16,24.2,2.817,False,,True,R-desk,11,evt_S-61_upper_body_0016,de801b56dc91232e,lap_bag_context,no_pose_observation,34560.0,1.33,,1,cam12/e1/v1,
full,03.CCTV Mobile Usage.mkv,632de9ed55947761d56d4c6142a3cb1a1fe69d0b1a6d0e01a2e404c697962623,dfine_native,55500.0,monitor_or_bezel,0.38,1015.15,395.6,1147.41,487.89,12204.8,132.26,92.28,1.433,False,,True,R-desk,11,evt_S-61_upper_body_0016,de801b56dc91232e,lap_bag_context,no_pose_observation,34560.0,1.33,,1,cam12/e1/v1,
full,03.CCTV Mobile Usage.mkv,632de9ed55947761d56d4c6142a3cb1a1fe69d0b1a6d0e01a2e404c697962623,dfine_native,55500.0,phone,0.3048,1042.98,421.86,1112.47,474.22,3638.7,69.49,52.36,1.327,False,,True,R-desk,11,evt_S-61_upper_body_0016,de801b56dc91232e,lap_bag_context,no_pose_observation,34560.0,1.33,,1,cam12/e1/v1,
full,03.CCTV Mobile Usage.mkv,632de9ed55947761d56d4c6142a3cb1a1fe69d0b1a6d0e01a2e404c697962623,dfine_native,55500.0,mouse,0.386,967.17,398.39,992.02,410.49,300.7,24.85,12.1,2.054,False,,True,R-desk,11,evt_S-61_upper_body_0016,de801b56dc91232e,lap_bag_context,no_pose_observation,34560.0,1.33,,1,cam12/e1/v1,
full,03.CCTV Mobile Usage.mkv,632de9ed55947761d56d4c6142a3cb1a1fe69d0b1a6d0e01a2e404c697962623,dfine_native,55500.0,mouse,0.5665,864.9,413.79,892.02,435.25,582.2,27.12,21.47,1.263,False,,True,R-desk,11,evt_S-61_upper_body_0016,de801b56dc91232e,lap_bag_context,no_pose_observation,34560.0,1.33,,1,cam12/e1/v1,
full,03.CCTV Mobile Usage.mkv,632de9ed55947761d56d4c6142a3cb1a1fe69d0b1a6d0e01a2e404c697962623,dfine_native,55500.0,unknown_object,0.3989,700.06,396.31,757.7,491.0,5458.9,57.65,94.7,0.609,False,,True,R-desk,11,evt_S-61_upper_body_0016,de801b56dc91232e,lap_bag_context,no_pose_observation,34560.0,1.33,,1,cam12/e1/v1,
full,03.CCTV Mobile Usage.mkv,632de9ed55947761d56d4c6142a3cb1a1fe69d0b1a6d0e01a2e404c697962623,dfine_native,55500.0,monitor_or_bezel,0.2862,881.22,396.15,948.68,452.74,3817.3,67.46,56.59,1.192,False,,True,R-desk,11,evt_S-61_upper_body_0016,de801b56dc91232e,lap_bag_context,no_pose_observation,34560.0,1.33,,1,cam12/e1/v1,
full,03.CCTV Mobile Usage.mkv,632de9ed55947761d56d4c6142a3cb1a1fe69d0b1a6d0e01a2e404c697962623,dfine_native,55500.0,monitor_or_bezel,0.2603,738.85,395.99,948.24,463.41,14116.9,209.39,67.42,3.106,False,,True,R-desk,11,evt_S-61_upper_body_0016,de801b56dc91232e,lap_bag_context,no_pose_observation,34560.0,1.33,,1,cam12/e1/v1,
full,03.CCTV Mobile Usage.mkv,632de9ed55947761d56d4c6142a3cb1a1fe69d0b1a6d0e01a2e404c697962623,dfine_native,55500.0,monitor_or_bezel,0.265,800.41,396.13,948.5,452.45,8341.4,148.09,56.33,2.629,False,,True,R-desk,11,evt_S-61_upper_body_0016,de801b56dc91232e,lap_bag_context,no_pose_observation,34560.0,1.33,,1,cam12/e1/v1,
full,03.CCTV Mobile Usage.mkv,632de9ed55947761d56d4c6142a3cb1a1fe69d0b1a6d0e01a2e404c697962623,dfine_native,55500.0,monitor_or_bezel,0.258,1017.24,395.51,1146.83,470.3,9691.7,129.58,74.79,1.733,False,,True,R-desk,11,evt_S-61_upper_body_0016,de801b56dc91232e,lap_bag_context,no_pose_observation,34560.0,1.33,,1,cam12/e1/v1,
full,03.CCTV Mobile Usage.mkv,632de9ed55947761d56d4c6142a3cb1a1fe69d0b1a6d0e01a2e404c697962623,dfine_native,55500.0,mouse,0.2829,991.15,399.37,1026.83,413.41,501.0,35.68,14.04,2.541,False,,True,R-desk,11,evt_S-61_upper_body_0016,de801b56dc91232e,lap_bag_context,no_pose_observation,34560.0,1.33,,1,cam12/e1/v1,
full,03.CCTV Mobile Usage.mkv,632de9ed55947761d56d4c6142a3cb1a1fe69d0b1a6d0e01a2e404c697962623,dfine_native,56000.0,unknown_object,0.4619,826.05,110.15,921.91,205.15,9106.8,95.86,95.01,1.009,False,,True,R-desk,12,evt_S-61_upper_body_0016,584703289c8f0dd8,pose_hand_context,,2468.1,12.88,,1,cam12/e1/v1,rtmpose_baseline
full,03.CCTV Mobile Usage.mkv,632de9ed55947761d56d4c6142a3cb1a1fe69d0b1a6d0e01a2e404c697962623,dfine_native,56000.0,bag,0.2772,878.86,140.41,921.85,202.78,2681.4,42.99,62.37,0.689,False,,True,R-desk,12,evt_S-61_upper_body_0016,584703289c8f0dd8,pose_hand_context,,2468.1,12.88,,1,cam12/e1/v1,rtmpose_baseline
full,03.CCTV Mobile Usage.mkv,632de9ed55947761d56d4c6142a3cb1a1fe69d0b1a6d0e01a2e404c697962623,dfine_native,56000.0,unknown_object,0.2558,9.9,348.42,185.8,523.02,30711.3,175.9,174.6,1.007,False,,True,S-61,10,evt_S-61_upper_body_0016,601bc28c5bfc93ff,pose_hand_context,,31067.6,3.63,,1,cam12/e1/v1,rtmpose_baseline
full,03.CCTV Mobile Usage.mkv,632de9ed55947761d56d4c6142a3cb1a1fe69d0b1a6d0e01a2e404c697962623,dfine_native,56000.0,stationery,0.2974,43.18,447.04,75.2,473.16,836.5,32.02,26.12,1.226,False,,True,S-61,10,evt_S-61_upper_body_0016,601bc28c5bfc93ff,pose_hand_context,,31067.6,3.63,,1,cam12/e1/v1,rtmpose_baseline
full,03.CCTV Mobile Usage.mkv,632de9ed55947761d56d4c6142a3cb1a1fe69d0b1a6d0e01a2e404c697962623,dfine_native,56000.0,unknown_object,0.2583,161.7,389.27,185.98,523.03,3247.8,24.28,133.76,0.182,False,,True,S-61,10,evt_S-61_upper_body_0016,601bc28c5bfc93ff,pose_hand_context,,31067.6,3.63,,1,cam12/e1/v1,rtmpose_baseline
full,03.CCTV Mobile Usage.mkv,632de9ed55947761d56d4c6142a3cb1a1fe69d0b1a6d0e01a2e404c697962623,dfine_native,56000.0,keyboard,0.9219,962.33,451.93,1068.07,491.46,4180.5,105.74,39.53,2.675,False,,True,R-desk,11,evt_S-61_upper_body_0016,a12bcaddbfd7ed93,lap_bag_context,no_pose_observation,34560.0,1.33,,1,cam12/e1/v1,
full,03.CCTV Mobile Usage.mkv,632de9ed55947761d56d4c6142a3cb1a1fe69d0b1a6d0e01a2e404c697962623,dfine_native,56000.0,unknown_object,0.7132,699.85,396.13,844.59,492.17,13900.5,144.73,96.04,1.507,False,,True,R-desk,11,evt_S-61_upper_body_0016,a12bcaddbfd7ed93,lap_bag_context,no_pose_observation,34560.0,1.33,,1,cam12/e1/v1,
full,03.CCTV Mobile Usage.mkv,632de9ed55947761d56d4c6142a3cb1a1fe69d0b1a6d0e01a2e404c697962623,dfine_native,56000.0,monitor_or_bezel,0.6978,1018.78,395.7,1146.01,448.02,6657.6,127.23,52.33,2.431,False,,True,R-desk,11,evt_S-61_upper_body_0016,a12bcaddbfd7ed93,lap_bag_context,no_pose_observation,34560.0,1.33,,1,cam12/e1/v1,
full,03.CCTV Mobile Usage.mkv,632de9ed55947761d56d4c6142a3cb1a1fe69d0b1a6d0e01a2e404c697962623,dfine_native,56000.0,keyboard,0.5367,802.59,396.29,870.71,420.51,1650.1,68.11,24.23,2.812,False,,True,R-desk,11,evt_S-61_upper_body_0016,a12bcaddbfd7ed93,lap_bag_context,no_pose_observation,34560.0,1.33,,1,cam12/e1/v1,
full,03.CCTV Mobile Usage.mkv,632de9ed55947761d56d4c6142a3cb1a1fe69d0b1a6d0e01a2e404c697962623,dfine_native,56000.0,phone,0.2722,1042.96,421.83,1112.84,474.18,3658.3,69.88,52.35,1.335,False,,True,R-desk,11,evt_S-61_upper_body_0016,a12bcaddbfd7ed93,lap_bag_context,no_pose_observation,34560.0,1.33,,1,cam12/e1/v1,
full,03.CCTV Mobile Usage.mkv,632de9ed55947761d56d4c6142a3cb1a1fe69d0b1a6d0e01a2e404c697962623,dfine_native,56000.0,mouse,0.3915,967.1,398.41,992.01,410.47,300.4,24.91,12.06,2.065,False,,True,R-desk,11,evt_S-61_upper_body_0016,a12bcaddbfd7ed93,lap_bag_context,no_pose_observation,34560.0,1.33,,1,cam12/e1/v1,
full,03.CCTV Mobile Usage.mkv,632de9ed55947761d56d4c6142a3cb1a1fe69d0b1a6d0e01a2e404c697962623,dfine_native,56000.0,unknown_object,0.2935,700.03,396.09,776.91,491.99,7372.3,76.88,95.89,0.802,False,,True,R-desk,11,evt_S-61_upper_body_0016,a12bcaddbfd7ed93,lap_bag_context,no_pose_observation,34560.0,1.33,,1,cam12/e1/v1,
full,03.CCTV Mobile Usage.mkv,632de9ed55947761d56d4c6142a3cb1a1fe69d0b1a6d0e01a2e404c697962623,dfine_native,56000.0,unknown_object,0.406,700.0,396.27,760.92,491.2,5783.3,60.92,94.93,0.642,False,,True,R-desk,11,evt_S-61_upper_body_0016,a12bcaddbfd7ed93,lap_bag_context,no_pose_observation,34560.0,1.33,,1,cam12/e1/v1,
full,03.CCTV Mobile Usage.mkv,632de9ed55947761d56d4c6142a3cb1a1fe69d0b1a6d0e01a2e404c697962623,dfine_native,56000.0,mouse,0.5722,864.85,413.83,892.0,435.2,580.3,27.15,21.37,1.271,False,,True,R-desk,11,evt_S-61_upper_body_0016,a12bcaddbfd7ed93,lap_bag_context,no_pose_observation,34560.0,1.33,,1,cam12/e1/v1,
full,03.CCTV Mobile Usage.mkv,632de9ed55947761d56d4c6142a3cb1a1fe69d0b1a6d0e01a2e404c697962623,dfine_native,56000.0,monitor_or_bezel,0.2814,881.27,396.16,948.59,452.72,3807.9,67.32,56.56,1.19,False,,True,R-desk,11,evt_S-61_upper_body_0016,a12bcaddbfd7ed93,lap_bag_context,no_pose_observation,34560.0,1.33,,1,cam12/e1/v1,
full,03.CCTV Mobile Usage.mkv,632de9ed55947761d56d4c6142a3cb1a1fe69d0b1a6d0e01a2e404c697962623,dfine_native,56000.0,monitor_or_bezel,0.3545,1017.25,395.75,1147.64,488.5,12093.9,130.39,92.75,1.406,False,,True,R-desk,11,evt_S-61_upper_body_0016,a12bcaddbfd7ed93,lap_bag_context,no_pose_observation,34560.0,1.33,,1,cam12/e1/v1,
full,03.CCTV Mobile Usage.mkv,632de9ed55947761d56d4c6142a3cb1a1fe69d0b1a6d0e01a2e404c697962623,dfine_native,56000.0,monitor_or_bezel,0.2534,797.37,396.05,948.55,452.52,8537.2,151.17,56.47,2.677,False,,True,R-desk,11,evt_S-61_upper_body_0016,a12bcaddbfd7ed93,lap_bag_context,no_pose_observation,34560.0,1.33,,1,cam12/e1/v1,
full,03.CCTV Mobile Usage.mkv,632de9ed55947761d56d4c6142a3cb1a1fe69d0b1a6d0e01a2e404c697962623,dfine_native,56000.0,mouse,0.2957,991.04,399.33,1026.98,413.47,508.3,35.94,14.14,2.542,False,,True,R-desk,11,evt_S-61_upper_body_0016,a12bcaddbfd7ed93,lap_bag_context,no_pose_observation,34560.0,1.33,,1,cam12/e1/v1,
full,03.CCTV Mobile Usage.mkv,632de9ed55947761d56d4c6142a3cb1a1fe69d0b1a6d0e01a2e404c697962623,dfine_native,56500.0,stationery,0.2994,43.43,446.0,73.42,473.11,813.0,29.99,27.11,1.106,False,,True,S-61,10,evt_S-61_upper_body_0016,1d2938dea1632546,pose_hand_context,,35955.7,3.38,,1,cam12/e1/v1,rtmpose_baseline
full,03.CCTV Mobile Usage.mkv,632de9ed55947761d56d4c6142a3cb1a1fe69d0b1a6d0e01a2e404c697962623,dfine_native,56500.0,unknown_object,0.2827,18.04,303.57,205.04,492.16,35265.4,187.0,188.59,0.992,False,,True,S-61,10,evt_S-61_upper_body_0016,1d2938dea1632546,pose_hand_context,,35955.7,3.38,,1,cam12/e1/v1,rtmpose_baseline
full,03.CCTV Mobile Usage.mkv,632de9ed55947761d56d4c6142a3cb1a1fe69d0b1a6d0e01a2e404c697962623,dfine_native,56500.0,unknown_object,0.3752,17.99,416.07,134.97,492.54,8945.7,116.99,76.47,1.53,False,,True,S-61,10,evt_S-61_upper_body_0016,1d2938dea1632546,pose_hand_context,,35955.7,3.38,,1,cam12/e1/v1,rtmpose_baseline
full,03.CCTV Mobile Usage.mkv,632de9ed55947761d56d4c6142a3cb1a1fe69d0b1a6d0e01a2e404c697962623,dfine_native,56500.0,unknown_object,0.3125,18.42,303.49,190.14,491.78,32333.8,171.72,188.29,0.912,False,,True,S-61,10,evt_S-61_upper_body_0016,1d2938dea1632546,pose_hand_context,,35955.7,3.38,,1,cam12/e1/v1,rtmpose_baseline
full,03.CCTV Mobile Usage.mkv,632de9ed55947761d56d4c6142a3cb1a1fe69d0b1a6d0e01a2e404c697962623,dfine_native,56500.0,unknown_object,0.5509,18.01,304.79,136.26,491.94,22131.0,118.25,187.15,0.632,False,,True,S-61,10,evt_S-61_upper_body_0016,1d2938dea1632546,pose_hand_context,,35955.7,3.38,,1,cam12/e1/v1,rtmpose_baseline
full,03.CCTV Mobile Usage.mkv,632de9ed55947761d56d4c6142a3cb1a1fe69d0b1a6d0e01a2e404c697962623,dfine_native,56500.0,unknown_object,0.257,18.07,319.14,189.34,492.07,29618.1,171.28,172.93,0.99,False,,True,S-61,10,evt_S-61_upper_body_0016,1d2938dea1632546,pose_hand_context,,35955.7,3.38,,1,cam12/e1/v1,rtmpose_baseline
full,03.CCTV Mobile Usage.mkv,632de9ed55947761d56d4c6142a3cb1a1fe69d0b1a6d0e01a2e404c697962623,dfine_native,56500.0,unknown_object,0.2544,18.13,414.63,189.66,492.57,13370.8,171.53,77.95,2.201,False,,True,S-61,10,evt_S-61_upper_body_0016,1d2938dea1632546,pose_hand_context,,35955.7,3.38,,1,cam12/e1/v1,rtmpose_baseline
full,03.CCTV Mobile Usage.mkv,632de9ed55947761d56d4c6142a3cb1a1fe69d0b1a6d0e01a2e404c697962623,dfine_native,56500.0,unknown_object,0.4543,18.12,304.5,189.54,491.98,32138.1,171.42,187.48,0.914,False,,True,S-61,10,evt_S-61_upper_body_0016,1d2938dea1632546,pose_hand_context,,35955.7,3.38,,1,cam12/e1/v1,rtmpose_baseline
full,03.CCTV Mobile Usage.mkv,632de9ed55947761d56d4c6142a3cb1a1fe69d0b1a6d0e01a2e404c697962623,dfine_native,56500.0,unknown_object,0.2508,18.13,313.24,139.09,491.9,21611.0,120.96,178.66,0.677,False,,True,S-61,10,evt_S-61_upper_body_0016,1d2938dea1632546,pose_hand_context,,35955.7,3.38,,1,cam12/e1/v1,rtmpose_baseline
full,03.CCTV Mobile Usage.mkv,632de9ed55947761d56d4c6142a3cb1a1fe69d0b1a6d0e01a2e404c697962623,dfine_native,56500.0,unknown_object,0.2643,18.08,303.94,168.27,492.08,28256.8,150.19,188.14,0.798,False,,True,S-61,10,evt_S-61_upper_body_0016,1d2938dea1632546,pose_hand_context,,35955.7,3.38,,1,cam12/e1/v1,rtmpose_baseline
full,03.CCTV Mobile Usage.mkv,632de9ed55947761d56d4c6142a3cb1a1fe69d0b1a6d0e01a2e404c697962623,dfine_native,56500.0,keyboard,0.9217,962.33,451.93,1068.07,491.46,4180.4,105.74,39.53,2.675,False,,True,R-desk,12,evt_S-61_upper_body_0016,ecb2b433368518e0,lap_bag_context,no_pose_observation,34560.0,1.33,,1,cam12/e1/v1,
full,03.CCTV Mobile Usage.mkv,632de9ed55947761d56d4c6142a3cb1a1fe69d0b1a6d0e01a2e404c697962623,dfine_native,56500.0,unknown_object,0.7128,699.85,396.13,844.59,492.17,13901.1,144.74,96.04,1.507,False,,True,R-desk,12,evt_S-61_upper_body_0016,ecb2b433368518e0,lap_bag_context,no_pose_observation,34560.0,1.33,,1,cam12/e1/v1,
full,03.CCTV Mobile Usage.mkv,632de9ed55947761d56d4c6142a3cb1a1fe69d0b1a6d0e01a2e404c697962623,dfine_native,56500.0,monitor_or_bezel,0.6962,1018.8,395.66,1146.01,448.02,6661.1,127.21,52.36,2.43,False,,True,R-desk,12,evt_S-61_upper_body_0016,ecb2b433368518e0,lap_bag_context,no_pose_observation,34560.0,1.33,,1,cam12/e1/v1,
full,03.CCTV Mobile Usage.mkv,632de9ed55947761d56d4c6142a3cb1a1fe69d0b1a6d0e01a2e404c697962623,dfine_native,56500.0,keyboard,0.5358,802.59,396.29,870.71,420.51,1650.1,68.11,24.23,2.812,False,,True,R-desk,12,evt_S-61_upper_body_0016,ecb2b433368518e0,lap_bag_context,no_pose_observation,34560.0,1.33,,1,cam12/e1/v1,
full,03.CCTV Mobile Usage.mkv,632de9ed55947761d56d4c6142a3cb1a1fe69d0b1a6d0e01a2e404c697962623,dfine_native,56500.0,phone,0.2731,1042.97,421.83,1112.84,474.18,3658.3,69.87,52.35,1.335,False,,True,R-desk,12,evt_S-61_upper_body_0016,ecb2b433368518e0,lap_bag_context,no_pose_observation,34560.0,1.33,,1,cam12/e1/v1,
full,03.CCTV Mobile Usage.mkv,632de9ed55947761d56d4c6142a3cb1a1fe69d0b1a6d0e01a2e404c697962623,dfine_native,56500.0,mouse,0.3925,967.1,398.41,992.0,410.47,300.2,24.9,12.06,2.065,False,,True,R-desk,12,evt_S-61_upper_body_0016,ecb2b433368518e0,lap_bag_context,no_pose_observation,34560.0,1.33,,1,cam12/e1/v1,
full,03.CCTV Mobile Usage.mkv,632de9ed55947761d56d4c6142a3cb1a1fe69d0b1a6d0e01a2e404c697962623,dfine_native,56500.0,unknown_object,0.2938,700.03,396.09,776.91,491.99,7372.0,76.88,95.89,0.802,False,,True,R-desk,12,evt_S-61_upper_body_0016,ecb2b433368518e0,lap_bag_context,no_pose_observation,34560.0,1.33,,1,cam12/e1/v1,
full,03.CCTV Mobile Usage.mkv,632de9ed55947761d56d4c6142a3cb1a1fe69d0b1a6d0e01a2e404c697962623,dfine_native,56500.0,unknown_object,0.4063,700.0,396.27,760.92,491.2,5783.3,60.92,94.93,0.642,False,,True,R-desk,12,evt_S-61_upper_body_0016,ecb2b433368518e0,lap_bag_context,no_pose_observation,34560.0,1.33,,1,cam12/e1/v1,
full,03.CCTV Mobile Usage.mkv,632de9ed55947761d56d4c6142a3cb1a1fe69d0b1a6d0e01a2e404c697962623,dfine_native,56500.0,mouse,0.5734,864.85,413.83,892.0,435.2,580.3,27.15,21.37,1.271,False,,True,R-desk,12,evt_S-61_upper_body_0016,ecb2b433368518e0,lap_bag_context,no_pose_observation,34560.0,1.33,,1,cam12/e1/v1,
full,03.CCTV Mobile Usage.mkv,632de9ed55947761d56d4c6142a3cb1a1fe69d0b1a6d0e01a2e404c697962623,dfine_native,56500.0,monitor_or_bezel,0.2816,881.27,396.16,948.59,452.72,3807.8,67.32,56.56,1.19,False,,True,R-desk,12,evt_S-61_upper_body_0016,ecb2b433368518e0,lap_bag_context,no_pose_observation,34560.0,1.33,,1,cam12/e1/v1,
full,03.CCTV Mobile Usage.mkv,632de9ed55947761d56d4c6142a3cb1a1fe69d0b1a6d0e01a2e404c697962623,dfine_native,56500.0,monitor_or_bezel,0.3565,1017.32,395.72,1147.66,488.52,12094.4,130.34,92.79,1.405,False,,True,R-desk,12,evt_S-61_upper_body_0016,ecb2b433368518e0,lap_bag_context,no_pose_observation,34560.0,1.33,,1,cam12/e1/v1,
full,03.CCTV Mobile Usage.mkv,632de9ed55947761d56d4c6142a3cb1a1fe69d0b1a6d0e01a2e404c697962623,dfine_native,56500.0,monitor_or_bezel,0.253,797.42,396.05,948.55,452.52,8534.7,151.13,56.47,2.676,False,,True,R-desk,12,evt_S-61_upper_body_0016,ecb2b433368518e0,lap_bag_context,no_pose_observation,34560.0,1.33,,1,cam12/e1/v1,
full,03.CCTV Mobile Usage.mkv,632de9ed55947761d56d4c6142a3cb1a1fe69d0b1a6d0e01a2e404c697962623,dfine_native,56500.0,mouse,0.2978,991.04,399.33,1027.0,413.47,508.6,35.96,14.14,2.542,False,,True,R-desk,12,evt_S-61_upper_body_0016,ecb2b433368518e0,lap_bag_context,no_pose_observation,34560.0,1.33,,1,cam12/e1/v1,
full,03.CCTV Mobile Usage.mkv,632de9ed55947761d56d4c6142a3cb1a1fe69d0b1a6d0e01a2e404c697962623,dfine_native,56500.0,keyboard,0.9217,962.33,451.93,1068.07,491.46,4180.4,105.74,39.53,2.675,False,,True,R-desk,11,evt_S-61_upper_body_0016,ecb2b433368518e0,lap_bag_context,no_pose_observation,34560.0,1.33,,1,cam12/e1/v1,
full,03.CCTV Mobile Usage.mkv,632de9ed55947761d56d4c6142a3cb1a1fe69d0b1a6d0e01a2e404c697962623,dfine_native,56500.0,unknown_object,0.7128,699.85,396.13,844.59,492.17,13901.1,144.74,96.04,1.507,False,,True,R-desk,11,evt_S-61_upper_body_0016,ecb2b433368518e0,lap_bag_context,no_pose_observation,34560.0,1.33,,1,cam12/e1/v1,
full,03.CCTV Mobile Usage.mkv,632de9ed55947761d56d4c6142a3cb1a1fe69d0b1a6d0e01a2e404c697962623,dfine_native,56500.0,monitor_or_bezel,0.6962,1018.8,395.66,1146.01,448.02,6661.1,127.21,52.36,2.43,False,,True,R-desk,11,evt_S-61_upper_body_0016,ecb2b433368518e0,lap_bag_context,no_pose_observation,34560.0,1.33,,1,cam12/e1/v1,
full,03.CCTV Mobile Usage.mkv,632de9ed55947761d56d4c6142a3cb1a1fe69d0b1a6d0e01a2e404c697962623,dfine_native,56500.0,keyboard,0.5358,802.59,396.29,870.71,420.51,1650.1,68.11,24.23,2.812,False,,True,R-desk,11,evt_S-61_upper_body_0016,ecb2b433368518e0,lap_bag_context,no_pose_observation,34560.0,1.33,,1,cam12/e1/v1,
full,03.CCTV Mobile Usage.mkv,632de9ed55947761d56d4c6142a3cb1a1fe69d0b1a6d0e01a2e404c697962623,dfine_native,56500.0,phone,0.2731,1042.97,421.83,1112.84,474.18,3658.3,69.87,52.35,1.335,False,,True,R-desk,11,evt_S-61_upper_body_0016,ecb2b433368518e0,lap_bag_context,no_pose_observation,34560.0,1.33,,1,cam12/e1/v1,
full,03.CCTV Mobile Usage.mkv,632de9ed55947761d56d4c6142a3cb1a1fe69d0b1a6d0e01a2e404c697962623,dfine_native,56500.0,mouse,0.3925,967.1,398.41,992.0,410.47,300.2,24.9,12.06,2.065,False,,True,R-desk,11,evt_S-61_upper_body_0016,ecb2b433368518e0,lap_bag_context,no_pose_observation,34560.0,1.33,,1,cam12/e1/v1,
full,03.CCTV Mobile Usage.mkv,632de9ed55947761d56d4c6142a3cb1a1fe69d0b1a6d0e01a2e404c697962623,dfine_native,56500.0,unknown_object,0.2938,700.03,396.09,776.91,491.99,7372.0,76.88,95.89,0.802,False,,True,R-desk,11,evt_S-61_upper_body_0016,ecb2b433368518e0,lap_bag_context,no_pose_observation,34560.0,1.33,,1,cam12/e1/v1,
full,03.CCTV Mobile Usage.mkv,632de9ed55947761d56d4c6142a3cb1a1fe69d0b1a6d0e01a2e404c697962623,dfine_native,56500.0,unknown_object,0.4063,700.0,396.27,760.92,491.2,5783.3,60.92,94.93,0.642,False,,True,R-desk,11,evt_S-61_upper_body_0016,ecb2b433368518e0,lap_bag_context,no_pose_observation,34560.0,1.33,,1,cam12/e1/v1,
full,03.CCTV Mobile Usage.mkv,632de9ed55947761d56d4c6142a3cb1a1fe69d0b1a6d0e01a2e404c697962623,dfine_native,56500.0,mouse,0.5734,864.85,413.83,892.0,435.2,580.3,27.15,21.37,1.271,False,,True,R-desk,11,evt_S-61_upper_body_0016,ecb2b433368518e0,lap_bag_context,no_pose_observation,34560.0,1.33,,1,cam12/e1/v1,
full,03.CCTV Mobile Usage.mkv,632de9ed55947761d56d4c6142a3cb1a1fe69d0b1a6d0e01a2e404c697962623,dfine_native,56500.0,monitor_or_bezel,0.2816,881.27,396.16,948.59,452.72,3807.8,67.32,56.56,1.19,False,,True,R-desk,11,evt_S-61_upper_body_0016,ecb2b433368518e0,lap_bag_context,no_pose_observation,34560.0,1.33,,1,cam12/e1/v1,
full,03.CCTV Mobile Usage.mkv,632de9ed55947761d56d4c6142a3cb1a1fe69d0b1a6d0e01a2e404c697962623,dfine_native,56500.0,monitor_or_bezel,0.3565,1017.32,395.72,1147.66,488.52,12094.4,130.34,92.79,1.405,False,,True,R-desk,11,evt_S-61_upper_body_0016,ecb2b433368518e0,lap_bag_context,no_pose_observation,34560.0,1.33,,1,cam12/e1/v1,
full,03.CCTV Mobile Usage.mkv,632de9ed55947761d56d4c6142a3cb1a1fe69d0b1a6d0e01a2e404c697962623,dfine_native,56500.0,monitor_or_bezel,0.253,797.42,396.05,948.55,452.52,8534.7,151.13,56.47,2.676,False,,True,R-desk,11,evt_S-61_upper_body_0016,ecb2b433368518e0,lap_bag_context,no_pose_observation,34560.0,1.33,,1,cam12/e1/v1,
full,03.CCTV Mobile Usage.mkv,632de9ed55947761d56d4c6142a3cb1a1fe69d0b1a6d0e01a2e404c697962623,dfine_native,56500.0,mouse,0.2978,991.04,399.33,1027.0,413.47,508.6,35.96,14.14,2.542,False,,True,R-desk,11,evt_S-61_upper_body_0016,ecb2b433368518e0,lap_bag_context,no_pose_observation,34560.0,1.33,,1,cam12/e1/v1,
full,03.CCTV Mobile Usage.mkv,632de9ed55947761d56d4c6142a3cb1a1fe69d0b1a6d0e01a2e404c697962623,dfine_native,57000.0,keyboard,0.9222,962.33,451.93,1068.07,491.46,4180.3,105.74,39.53,2.675,False,,True,R-desk,11,evt_S-61_upper_body_0016,6253ad02b6ce0f8e,lap_bag_context,wrist_confidence_below_floor,34560.0,1.33,,1,cam12/e1/v1,rtmpose_baseline
full,03.CCTV Mobile Usage.mkv,632de9ed55947761d56d4c6142a3cb1a1fe69d0b1a6d0e01a2e404c697962623,dfine_native,57000.0,unknown_object,0.7144,699.85,396.13,844.6,492.17,13902.8,144.75,96.05,1.507,False,,True,R-desk,11,evt_S-61_upper_body_0016,6253ad02b6ce0f8e,lap_bag_context,wrist_confidence_below_floor,34560.0,1.33,,1,cam12/e1/v1,rtmpose_baseline
full,03.CCTV Mobile Usage.mkv,632de9ed55947761d56d4c6142a3cb1a1fe69d0b1a6d0e01a2e404c697962623,dfine_native,57000.0,monitor_or_bezel,0.7035,1018.79,395.69,1145.99,448.0,6654.0,127.2,52.31,2.431,False,,True,R-desk,11,evt_S-61_upper_body_0016,6253ad02b6ce0f8e,lap_bag_context,wrist_confidence_below_floor,34560.0,1.33,,1,cam12/e1/v1,rtmpose_baseline
full,03.CCTV Mobile Usage.mkv,632de9ed55947761d56d4c6142a3cb1a1fe69d0b1a6d0e01a2e404c697962623,dfine_native,57000.0,keyboard,0.5403,802.59,396.29,870.7,420.51,1650.0,68.11,24.22,2.812,False,,True,R-desk,11,evt_S-61_upper_body_0016,6253ad02b6ce0f8e,lap_bag_context,wrist_confidence_below_floor,34560.0,1.33,,1,cam12/e1/v1,rtmpose_baseline
full,03.CCTV Mobile Usage.mkv,632de9ed55947761d56d4c6142a3cb1a1fe69d0b1a6d0e01a2e404c697962623,dfine_native,57000.0,phone,0.2669,1042.97,421.82,1112.85,474.18,3659.0,69.88,52.36,1.335,False,,True,R-desk,11,evt_S-61_upper_body_0016,6253ad02b6ce0f8e,lap_bag_context,wrist_confidence_below_floor,34560.0,1.33,,1,cam12/e1/v1,rtmpose_baseline
full,03.CCTV Mobile Usage.mkv,632de9ed55947761d56d4c6142a3cb1a1fe69d0b1a6d0e01a2e404c697962623,dfine_native,57000.0,mouse,0.3937,967.1,398.41,992.0,410.47,300.3,24.9,12.06,2.065,False,,True,R-desk,11,evt_S-61_upper_body_0016,6253ad02b6ce0f8e,lap_bag_context,wrist_confidence_below_floor,34560.0,1.33,,1,cam12/e1/v1,rtmpose_baseline
full,03.CCTV Mobile Usage.mkv,632de9ed55947761d56d4c6142a3cb1a1fe69d0b1a6d0e01a2e404c697962623,dfine_native,57000.0,unknown_object,0.29,700.03,396.09,776.85,491.99,7365.6,76.81,95.89,0.801,False,,True,R-desk,11,evt_S-61_upper_body_0016,6253ad02b6ce0f8e,lap_bag_context,wrist_confidence_below_floor,34560.0,1.33,,1,cam12/e1/v1,rtmpose_baseline
full,03.CCTV Mobile Usage.mkv,632de9ed55947761d56d4c6142a3cb1a1fe69d0b1a6d0e01a2e404c697962623,dfine_native,57000.0,unknown_object,0.406,700.0,396.27,760.91,491.2,5782.1,60.91,94.93,0.642,False,,True,R-desk,11,evt_S-61_upper_body_0016,6253ad02b6ce0f8e,lap_bag_context,wrist_confidence_below_floor,34560.0,1.33,,1,cam12/e1/v1,rtmpose_baseline
full,03.CCTV Mobile Usage.mkv,632de9ed55947761d56d4c6142a3cb1a1fe69d0b1a6d0e01a2e404c697962623,dfine_native,57000.0,mouse,0.5725,864.85,413.83,892.0,435.2,580.2,27.15,21.37,1.271,False,,True,R-desk,11,evt_S-61_upper_body_0016,6253ad02b6ce0f8e,lap_bag_context,wrist_confidence_below_floor,34560.0,1.33,,1,cam12/e1/v1,rtmpose_baseline
full,03.CCTV Mobile Usage.mkv,632de9ed55947761d56d4c6142a3cb1a1fe69d0b1a6d0e01a2e404c697962623,dfine_native,57000.0,monitor_or_bezel,0.2818,881.27,396.16,948.59,452.72,3807.8,67.32,56.56,1.19,False,,True,R-desk,11,evt_S-61_upper_body_0016,6253ad02b6ce0f8e,lap_bag_context,wrist_confidence_below_floor,34560.0,1.33,,1,cam12/e1/v1,rtmpose_baseline
full,03.CCTV Mobile Usage.mkv,632de9ed55947761d56d4c6142a3cb1a1fe69d0b1a6d0e01a2e404c697962623,dfine_native,57000.0,monitor_or_bezel,0.3422,1017.46,395.74,1147.61,488.64,12091.3,130.15,92.9,1.401,False,,True,R-desk,11,evt_S-61_upper_body_0016,6253ad02b6ce0f8e,lap_bag_context,wrist_confidence_below_floor,34560.0,1.33,,1,cam12/e1/v1,rtmpose_baseline
full,03.CCTV Mobile Usage.mkv,632de9ed55947761d56d4c6142a3cb1a1fe69d0b1a6d0e01a2e404c697962623,dfine_native,57000.0,monitor_or_bezel,0.2551,797.49,396.05,948.54,452.51,8527.7,151.04,56.46,2.675,False,,True,R-desk,11,evt_S-61_upper_body_0016,6253ad02b6ce0f8e,lap_bag_context,wrist_confidence_below_floor,34560.0,1.33,,1,cam12/e1/v1,rtmpose_baseline
full,03.CCTV Mobile Usage.mkv,632de9ed55947761d56d4c6142a3cb1a1fe69d0b1a6d0e01a2e404c697962623,dfine_native,57000.0,mouse,0.2969,991.04,399.33,1026.98,413.47,508.3,35.94,14.15,2.541,False,,True,R-desk,11,evt_S-61_upper_body_0016,6253ad02b6ce0f8e,lap_bag_context,wrist_confidence_below_floor,34560.0,1.33,,1,cam12/e1/v1,rtmpose_baseline
full,03.CCTV Mobile Usage.mkv,632de9ed55947761d56d4c6142a3cb1a1fe69d0b1a6d0e01a2e404c697962623,dfine_native,57000.0,keyboard,0.9222,962.33,451.93,1068.07,491.46,4180.3,105.74,39.53,2.675,False,,True,R-desk,12,evt_S-61_upper_body_0016,6253ad02b6ce0f8e,lap_bag_context,wrist_confidence_below_floor,34560.0,1.33,,1,cam12/e1/v1,rtmpose_baseline
full,03.CCTV Mobile Usage.mkv,632de9ed55947761d56d4c6142a3cb1a1fe69d0b1a6d0e01a2e404c697962623,dfine_native,57000.0,unknown_object,0.7144,699.85,396.13,844.6,492.17,13902.8,144.75,96.05,1.507,False,,True,R-desk,12,evt_S-61_upper_body_0016,6253ad02b6ce0f8e,lap_bag_context,wrist_confidence_below_floor,34560.0,1.33,,1,cam12/e1/v1,rtmpose_baseline
full,03.CCTV Mobile Usage.mkv,632de9ed55947761d56d4c6142a3cb1a1fe69d0b1a6d0e01a2e404c697962623,dfine_native,57000.0,monitor_or_bezel,0.7035,1018.79,395.69,1145.99,448.0,6654.0,127.2,52.31,2.431,False,,True,R-desk,12,evt_S-61_upper_body_0016,6253ad02b6ce0f8e,lap_bag_context,wrist_confidence_below_floor,34560.0,1.33,,1,cam12/e1/v1,rtmpose_baseline
full,03.CCTV Mobile Usage.mkv,632de9ed55947761d56d4c6142a3cb1a1fe69d0b1a6d0e01a2e404c697962623,dfine_native,57000.0,keyboard,0.5403,802.59,396.29,870.7,420.51,1650.0,68.11,24.22,2.812,False,,True,R-desk,12,evt_S-61_upper_body_0016,6253ad02b6ce0f8e,lap_bag_context,wrist_confidence_below_floor,34560.0,1.33,,1,cam12/e1/v1,rtmpose_baseline
full,03.CCTV Mobile Usage.mkv,632de9ed55947761d56d4c6142a3cb1a1fe69d0b1a6d0e01a2e404c697962623,dfine_native,57000.0,phone,0.2669,1042.97,421.82,1112.85,474.18,3659.0,69.88,52.36,1.335,False,,True,R-desk,12,evt_S-61_upper_body_0016,6253ad02b6ce0f8e,lap_bag_context,wrist_confidence_below_floor,34560.0,1.33,,1,cam12/e1/v1,rtmpose_baseline
full,03.CCTV Mobile Usage.mkv,632de9ed55947761d56d4c6142a3cb1a1fe69d0b1a6d0e01a2e404c697962623,dfine_native,57000.0,mouse,0.3937,967.1,398.41,992.0,410.47,300.3,24.9,12.06,2.065,False,,True,R-desk,12,evt_S-61_upper_body_0016,6253ad02b6ce0f8e,lap_bag_context,wrist_confidence_below_floor,34560.0,1.33,,1,cam12/e1/v1,rtmpose_baseline
full,03.CCTV Mobile Usage.mkv,632de9ed55947761d56d4c6142a3cb1a1fe69d0b1a6d0e01a2e404c697962623,dfine_native,57000.0,unknown_object,0.29,700.03,396.09,776.85,491.99,7365.6,76.81,95.89,0.801,False,,True,R-desk,12,evt_S-61_upper_body_0016,6253ad02b6ce0f8e,lap_bag_context,wrist_confidence_below_floor,34560.0,1.33,,1,cam12/e1/v1,rtmpose_baseline
full,03.CCTV Mobile Usage.mkv,632de9ed55947761d56d4c6142a3cb1a1fe69d0b1a6d0e01a2e404c697962623,dfine_native,57000.0,unknown_object,0.406,700.0,396.27,760.91,491.2,5782.1,60.91,94.93,0.642,False,,True,R-desk,12,evt_S-61_upper_body_0016,6253ad02b6ce0f8e,lap_bag_context,wrist_confidence_below_floor,34560.0,1.33,,1,cam12/e1/v1,rtmpose_baseline
full,03.CCTV Mobile Usage.mkv,632de9ed55947761d56d4c6142a3cb1a1fe69d0b1a6d0e01a2e404c697962623,dfine_native,57000.0,mouse,0.5725,864.85,413.83,892.0,435.2,580.2,27.15,21.37,1.271,False,,True,R-desk,12,evt_S-61_upper_body_0016,6253ad02b6ce0f8e,lap_bag_context,wrist_confidence_below_floor,34560.0,1.33,,1,cam12/e1/v1,rtmpose_baseline
full,03.CCTV Mobile Usage.mkv,632de9ed55947761d56d4c6142a3cb1a1fe69d0b1a6d0e01a2e404c697962623,dfine_native,57000.0,monitor_or_bezel,0.2818,881.27,396.16,948.59,452.72,3807.8,67.32,56.56,1.19,False,,True,R-desk,12,evt_S-61_upper_body_0016,6253ad02b6ce0f8e,lap_bag_context,wrist_confidence_below_floor,34560.0,1.33,,1,cam12/e1/v1,rtmpose_baseline
full,03.CCTV Mobile Usage.mkv,632de9ed55947761d56d4c6142a3cb1a1fe69d0b1a6d0e01a2e404c697962623,dfine_native,57000.0,monitor_or_bezel,0.3422,1017.46,395.74,1147.61,488.64,12091.3,130.15,92.9,1.401,False,,True,R-desk,12,evt_S-61_upper_body_0016,6253ad02b6ce0f8e,lap_bag_context,wrist_confidence_below_floor,34560.0,1.33,,1,cam12/e1/v1,rtmpose_baseline
full,03.CCTV Mobile Usage.mkv,632de9ed55947761d56d4c6142a3cb1a1fe69d0b1a6d0e01a2e404c697962623,dfine_native,57000.0,monitor_or_bezel,0.2551,797.49,396.05,948.54,452.51,8527.7,151.04,56.46,2.675,False,,True,R-desk,12,evt_S-61_upper_body_0016,6253ad02b6ce0f8e,lap_bag_context,wrist_confidence_below_floor,34560.0,1.33,,1,cam12/e1/v1,rtmpose_baseline
full,03.CCTV Mobile Usage.mkv,632de9ed55947761d56d4c6142a3cb1a1fe69d0b1a6d0e01a2e404c697962623,dfine_native,57000.0,mouse,0.2969,991.04,399.33,1026.98,413.47,508.3,35.94,14.15,2.541,False,,True,R-desk,12,evt_S-61_upper_body_0016,6253ad02b6ce0f8e,lap_bag_context,wrist_confidence_below_floor,34560.0,1.33,,1,cam12/e1/v1,rtmpose_baseline
full,03.CCTV Mobile Usage.mkv,632de9ed55947761d56d4c6142a3cb1a1fe69d0b1a6d0e01a2e404c697962623,dfine_native,57000.0,unknown_object,0.4143,-0.09,274.95,193.48,490.23,41672.6,193.57,215.28,0.899,False,,True,S-61,10,evt_S-61_upper_body_0016,e3e56556e5cfa44b,pose_hand_context,,50509.5,2.78,,1,cam12/e1/v1,rtmpose_baseline
full,03.CCTV Mobile Usage.mkv,632de9ed55947761d56d4c6142a3cb1a1fe69d0b1a6d0e01a2e404c697962623,dfine_native,57000.0,stationery,0.3684,24.49,345.58,69.85,385.78,1823.5,45.36,40.2,1.128,False,,True,S-61,10,evt_S-61_upper_body_0016,e3e56556e5cfa44b,pose_hand_context,,50509.5,2.78,,1,cam12/e1/v1,rtmpose_baseline
full,03.CCTV Mobile Usage.mkv,632de9ed55947761d56d4c6142a3cb1a1fe69d0b1a6d0e01a2e404c697962623,dfine_native,57000.0,keyboard,0.4185,52.24,325.44,108.29,361.6,2026.4,56.05,36.15,1.55,False,,True,S-61,10,evt_S-61_upper_body_0016,e3e56556e5cfa44b,pose_hand_context,,50509.5,2.78,,1,cam12/e1/v1,rtmpose_baseline
full,03.CCTV Mobile Usage.mkv,632de9ed55947761d56d4c6142a3cb1a1fe69d0b1a6d0e01a2e404c697962623,dfine_native,57000.0,stationery,0.2501,43.62,445.96,73.38,473.39,816.4,29.77,27.43,1.085,False,,True,S-61,10,evt_S-61_upper_body_0016,e3e56556e5cfa44b,pose_hand_context,,50509.5,2.78,,1,cam12/e1/v1,rtmpose_baseline
full,03.CCTV Mobile Usage.mkv,632de9ed55947761d56d4c6142a3cb1a1fe69d0b1a6d0e01a2e404c697962623,dfine_native,57000.0,keyboard,0.4113,15.52,297.64,108.04,361.98,5952.5,92.52,64.34,1.438,False,,True,S-61,10,evt_S-61_upper_body_0016,e3e56556e5cfa44b,pose_hand_context,,50509.5,2.78,,1,cam12/e1/v1,rtmpose_baseline
full,03.CCTV Mobile Usage.mkv,632de9ed55947761d56d4c6142a3cb1a1fe69d0b1a6d0e01a2e404c697962623,dfine_native,57000.0,unknown_object,0.3798,0.11,264.65,196.01,490.17,44178.6,195.9,225.52,0.869,False,,True,S-61,10,evt_S-61_upper_body_0016,e3e56556e5cfa44b,pose_hand_context,,50509.5,2.78,,1,cam12/e1/v1,rtmpose_baseline
full,03.CCTV Mobile Usage.mkv,632de9ed55947761d56d4c6142a3cb1a1fe69d0b1a6d0e01a2e404c697962623,dfine_native,57000.0,unknown_object,0.2608,0.28,261.38,108.22,361.78,10838.6,107.95,100.41,1.075,False,,True,S-61,10,evt_S-61_upper_body_0016,e3e56556e5cfa44b,pose_hand_context,,50509.5,2.78,,1,cam12/e1/v1,rtmpose_baseline
full,03.CCTV Mobile Usage.mkv,632de9ed55947761d56d4c6142a3cb1a1fe69d0b1a6d0e01a2e404c697962623,dfine_native,57000.0,unknown_object,0.2719,-0.36,264.87,218.97,490.26,49433.6,219.33,225.39,0.973,False,,True,S-61,10,evt_S-61_upper_body_0016,e3e56556e5cfa44b,pose_hand_context,,50509.5,2.78,,1,cam12/e1/v1,rtmpose_baseline
full,03.CCTV Mobile Usage.mkv,632de9ed55947761d56d4c6142a3cb1a1fe69d0b1a6d0e01a2e404c697962623,dfine_native,57000.0,unknown_object,0.4384,0.06,261.67,214.07,490.22,48912.3,214.01,228.55,0.936,False,,True,S-61,10,evt_S-61_upper_body_0016,e3e56556e5cfa44b,pose_hand_context,,50509.5,2.78,,1,cam12/e1/v1,rtmpose_baseline
full,03.CCTV Mobile Usage.mkv,632de9ed55947761d56d4c6142a3cb1a1fe69d0b1a6d0e01a2e404c697962623,dfine_native,57000.0,unknown_object,0.2828,0.16,261.85,189.66,490.25,43281.0,189.5,228.4,0.83,False,,True,S-61,10,evt_S-61_upper_body_0016,e3e56556e5cfa44b,pose_hand_context,,50509.5,2.78,,1,cam12/e1/v1,rtmpose_baseline
full,03.CCTV Mobile Usage.mkv,632de9ed55947761d56d4c6142a3cb1a1fe69d0b1a6d0e01a2e404c697962623,dfine_native,57000.0,unknown_object,0.3702,-0.32,278.97,137.04,490.36,29036.3,137.36,211.39,0.65,False,,True,S-61,10,evt_S-61_upper_body_0016,e3e56556e5cfa44b,pose_hand_context,,50509.5,2.78,,1,cam12/e1/v1,rtmpose_baseline
full,03.CCTV Mobile Usage.mkv,632de9ed55947761d56d4c6142a3cb1a1fe69d0b1a6d0e01a2e404c697962623,dfine_native,57500.0,unknown_object,0.6519,0.18,254.29,45.42,304.22,2258.8,45.24,49.93,0.906,False,,True,S-61,10,evt_S-61_upper_body_0016,9b7c89e0f28e9540,pose_hand_context,,49554.2,2.71,,1,cam12/e1/v1,rtmpose_baseline
full,03.CCTV Mobile Usage.mkv,632de9ed55947761d56d4c6142a3cb1a1fe69d0b1a6d0e01a2e404c697962623,dfine_native,57500.0,unknown_object,0.433,-0.07,280.3,193.47,485.35,39686.3,193.54,205.05,0.944,False,,True,S-61,10,evt_S-61_upper_body_0016,9b7c89e0f28e9540,pose_hand_context,,49554.2,2.71,,1,cam12/e1/v1,rtmpose_baseline
full,03.CCTV Mobile Usage.mkv,632de9ed55947761d56d4c6142a3cb1a1fe69d0b1a6d0e01a2e404c697962623,dfine_native,57500.0,bag,0.2976,15.78,297.77,108.02,356.91,5455.3,92.24,59.14,1.56,False,,True,S-61,10,evt_S-61_upper_body_0016,9b7c89e0f28e9540,pose_hand_context,,49554.2,2.71,,1,cam12/e1/v1,rtmpose_baseline
full,03.CCTV Mobile Usage.mkv,632de9ed55947761d56d4c6142a3cb1a1fe69d0b1a6d0e01a2e404c697962623,dfine_native,57500.0,unknown_object,0.303,112.99,266.37,173.86,360.01,5699.6,60.87,93.63,0.65,False,,True,S-61,10,evt_S-61_upper_body_0016,9b7c89e0f28e9540,pose_hand_context,,49554.2,2.71,,1,cam12/e1/v1,rtmpose_baseline
full,03.CCTV Mobile Usage.mkv,632de9ed55947761d56d4c6142a3cb1a1fe69d0b1a6d0e01a2e404c697962623,dfine_native,57500.0,unknown_object,0.4662,0.11,279.83,199.16,485.27,40893.9,199.06,205.44,0.969,False,,True,S-61,10,evt_S-61_upper_body_0016,9b7c89e0f28e9540,pose_hand_context,,49554.2,2.71,,1,cam12/e1/v1,rtmpose_baseline
full,03.CCTV Mobile Usage.mkv,632de9ed55947761d56d4c6142a3cb1a1fe69d0b1a6d0e01a2e404c697962623,dfine_native,57500.0,unknown_object,0.4506,-0.31,279.74,138.1,485.24,28442.1,138.41,205.5,0.674,False,,True,S-61,10,evt_S-61_upper_body_0016,9b7c89e0f28e9540,pose_hand_context,,49554.2,2.71,,1,cam12/e1/v1,rtmpose_baseline
full,03.CCTV Mobile Usage.mkv,632de9ed55947761d56d4c6142a3cb1a1fe69d0b1a6d0e01a2e404c697962623,dfine_native,57500.0,unknown_object,0.2557,0.89,264.48,203.53,485.42,44771.2,202.64,220.94,0.917,False,,True,S-61,10,evt_S-61_upper_body_0016,9b7c89e0f28e9540,pose_hand_context,,49554.2,2.71,,1,cam12/e1/v1,rtmpose_baseline
full,03.CCTV Mobile Usage.mkv,632de9ed55947761d56d4c6142a3cb1a1fe69d0b1a6d0e01a2e404c697962623,dfine_native,57500.0,keyboard,0.9137,962.32,451.93,1067.76,491.46,4168.1,105.44,39.53,2.667,False,,True,R-desk,15,evt_S-61_upper_body_0016,ee27b78399c18ce8,lap_bag_context,no_pose_observation,34560.0,1.33,,1,cam12/e1/v1,
full,03.CCTV Mobile Usage.mkv,632de9ed55947761d56d4c6142a3cb1a1fe69d0b1a6d0e01a2e404c697962623,dfine_native,57500.0,unknown_object,0.7381,699.86,396.09,844.27,492.0,13849.5,144.41,95.9,1.506,False,,True,R-desk,15,evt_S-61_upper_body_0016,ee27b78399c18ce8,lap_bag_context,no_pose_observation,34560.0,1.33,,1,cam12/e1/v1,
full,03.CCTV Mobile Usage.mkv,632de9ed55947761d56d4c6142a3cb1a1fe69d0b1a6d0e01a2e404c697962623,dfine_native,57500.0,monitor_or_bezel,0.7309,1018.86,395.71,1145.9,447.81,6619.2,127.04,52.1,2.438,False,,True,R-desk,15,evt_S-61_upper_body_0016,ee27b78399c18ce8,lap_bag_context,no_pose_observation,34560.0,1.33,,1,cam12/e1/v1,
full,03.CCTV Mobile Usage.mkv,632de9ed55947761d56d4c6142a3cb1a1fe69d0b1a6d0e01a2e404c697962623,dfine_native,57500.0,keyboard,0.5529,802.98,396.29,870.5,420.47,1633.0,67.53,24.18,2.792,False,,True,R-desk,15,evt_S-61_upper_body_0016,ee27b78399c18ce8,lap_bag_context,no_pose_observation,34560.0,1.33,,1,cam12/e1/v1,
full,03.CCTV Mobile Usage.mkv,632de9ed55947761d56d4c6142a3cb1a1fe69d0b1a6d0e01a2e404c697962623,dfine_native,57500.0,phone,0.2746,1042.99,421.92,1112.7,474.14,3639.9,69.71,52.22,1.335,False,,True,R-desk,15,evt_S-61_upper_body_0016,ee27b78399c18ce8,lap_bag_context,no_pose_observation,34560.0,1.33,,1,cam12/e1/v1,
full,03.CCTV Mobile Usage.mkv,632de9ed55947761d56d4c6142a3cb1a1fe69d0b1a6d0e01a2e404c697962623,dfine_native,57500.0,mouse,0.5932,864.98,413.89,891.92,435.06,570.0,26.94,21.16,1.273,False,,True,R-desk,15,evt_S-61_upper_body_0016,ee27b78399c18ce8,lap_bag_context,no_pose_observation,34560.0,1.33,,1,cam12/e1/v1,
full,03.CCTV Mobile Usage.mkv,632de9ed55947761d56d4c6142a3cb1a1fe69d0b1a6d0e01a2e404c697962623,dfine_native,57500.0,unknown_object,0.3333,700.01,396.32,762.58,491.29,5942.3,62.57,94.98,0.659,False,,True,R-desk,15,evt_S-61_upper_body_0016,ee27b78399c18ce8,lap_bag_context,no_pose_observation,34560.0,1.33,,1,cam12/e1/v1,
full,03.CCTV Mobile Usage.mkv,632de9ed55947761d56d4c6142a3cb1a1fe69d0b1a6d0e01a2e404c697962623,dfine_native,57500.0,mouse,0.4084,967.08,398.36,992.12,410.45,302.9,25.04,12.1,2.07,False,,True,R-desk,15,evt_S-61_upper_body_0016,ee27b78399c18ce8,lap_bag_context,no_pose_observation,34560.0,1.33,,1,cam12/e1/v1,
full,03.CCTV Mobile Usage.mkv,632de9ed55947761d56d4c6142a3cb1a1fe69d0b1a6d0e01a2e404c697962623,dfine_native,57500.0,monitor_or_bezel,0.2993,881.28,396.18,948.6,452.73,3807.2,67.32,56.55,1.19,False,,True,R-desk,15,evt_S-61_upper_body_0016,ee27b78399c18ce8,lap_bag_context,no_pose_observation,34560.0,1.33,,1,cam12/e1/v1,
full,03.CCTV Mobile Usage.mkv,632de9ed55947761d56d4c6142a3cb1a1fe69d0b1a6d0e01a2e404c697962623,dfine_native,57500.0,mouse,0.3317,991.74,400.33,1028.08,413.49,478.5,36.34,13.17,2.761,False,,True,R-desk,15,evt_S-61_upper_body_0016,ee27b78399c18ce8,lap_bag_context,no_pose_observation,34560.0,1.33,,1,cam12/e1/v1,
full,03.CCTV Mobile Usage.mkv,632de9ed55947761d56d4c6142a3cb1a1fe69d0b1a6d0e01a2e404c697962623,dfine_native,57500.0,monitor_or_bezel,0.2731,1017.2,395.8,1147.26,488.6,12068.0,130.05,92.79,1.402,False,,True,R-desk,15,evt_S-61_upper_body_0016,ee27b78399c18ce8,lap_bag_context,no_pose_observation,34560.0,1.33,,1,cam12/e1/v1,
full,03.CCTV Mobile Usage.mkv,632de9ed55947761d56d4c6142a3cb1a1fe69d0b1a6d0e01a2e404c697962623,dfine_native,57500.0,keyboard,0.9137,962.32,451.93,1067.76,491.46,4168.1,105.44,39.53,2.667,False,,True,R-desk,12,evt_S-61_upper_body_0016,ee27b78399c18ce8,lap_bag_context,no_pose_observation,34560.0,1.33,,1,cam12/e1/v1,
full,03.CCTV Mobile Usage.mkv,632de9ed55947761d56d4c6142a3cb1a1fe69d0b1a6d0e01a2e404c697962623,dfine_native,57500.0,unknown_object,0.7381,699.86,396.09,844.27,492.0,13849.5,144.41,95.9,1.506,False,,True,R-desk,12,evt_S-61_upper_body_0016,ee27b78399c18ce8,lap_bag_context,no_pose_observation,34560.0,1.33,,1,cam12/e1/v1,
full,03.CCTV Mobile Usage.mkv,632de9ed55947761d56d4c6142a3cb1a1fe69d0b1a6d0e01a2e404c697962623,dfine_native,57500.0,monitor_or_bezel,0.7309,1018.86,395.71,1145.9,447.81,6619.2,127.04,52.1,2.438,False,,True,R-desk,12,evt_S-61_upper_body_0016,ee27b78399c18ce8,lap_bag_context,no_pose_observation,34560.0,1.33,,1,cam12/e1/v1,
full,03.CCTV Mobile Usage.mkv,632de9ed55947761d56d4c6142a3cb1a1fe69d0b1a6d0e01a2e404c697962623,dfine_native,57500.0,keyboard,0.5529,802.98,396.29,870.5,420.47,1633.0,67.53,24.18,2.792,False,,True,R-desk,12,evt_S-61_upper_body_0016,ee27b78399c18ce8,lap_bag_context,no_pose_observation,34560.0,1.33,,1,cam12/e1/v1,
full,03.CCTV Mobile Usage.mkv,632de9ed55947761d56d4c6142a3cb1a1fe69d0b1a6d0e01a2e404c697962623,dfine_native,57500.0,phone,0.2746,1042.99,421.92,1112.7,474.14,3639.9,69.71,52.22,1.335,False,,True,R-desk,12,evt_S-61_upper_body_0016,ee27b78399c18ce8,lap_bag_context,no_pose_observation,34560.0,1.33,,1,cam12/e1/v1,
full,03.CCTV Mobile Usage.mkv,632de9ed55947761d56d4c6142a3cb1a1fe69d0b1a6d0e01a2e404c697962623,dfine_native,57500.0,mouse,0.5932,864.98,413.89,891.92,435.06,570.0,26.94,21.16,1.273,False,,True,R-desk,12,evt_S-61_upper_body_0016,ee27b78399c18ce8,lap_bag_context,no_pose_observation,34560.0,1.33,,1,cam12/e1/v1,
full,03.CCTV Mobile Usage.mkv,632de9ed55947761d56d4c6142a3cb1a1fe69d0b1a6d0e01a2e404c697962623,dfine_native,57500.0,unknown_object,0.3333,700.01,396.32,762.58,491.29,5942.3,62.57,94.98,0.659,False,,True,R-desk,12,evt_S-61_upper_body_0016,ee27b78399c18ce8,lap_bag_context,no_pose_observation,34560.0,1.33,,1,cam12/e1/v1,
full,03.CCTV Mobile Usage.mkv,632de9ed55947761d56d4c6142a3cb1a1fe69d0b1a6d0e01a2e404c697962623,dfine_native,57500.0,mouse,0.4084,967.08,398.36,992.12,410.45,302.9,25.04,12.1,2.07,False,,True,R-desk,12,evt_S-61_upper_body_0016,ee27b78399c18ce8,lap_bag_context,no_pose_observation,34560.0,1.33,,1,cam12/e1/v1,
full,03.CCTV Mobile Usage.mkv,632de9ed55947761d56d4c6142a3cb1a1fe69d0b1a6d0e01a2e404c697962623,dfine_native,57500.0,monitor_or_bezel,0.2993,881.28,396.18,948.6,452.73,3807.2,67.32,56.55,1.19,False,,True,R-desk,12,evt_S-61_upper_body_0016,ee27b78399c18ce8,lap_bag_context,no_pose_observation,34560.0,1.33,,1,cam12/e1/v1,
full,03.CCTV Mobile Usage.mkv,632de9ed55947761d56d4c6142a3cb1a1fe69d0b1a6d0e01a2e404c697962623,dfine_native,57500.0,mouse,0.3317,991.74,400.33,1028.08,413.49,478.5,36.34,13.17,2.761,False,,True,R-desk,12,evt_S-61_upper_body_0016,ee27b78399c18ce8,lap_bag_context,no_pose_observation,34560.0,1.33,,1,cam12/e1/v1,
full,03.CCTV Mobile Usage.mkv,632de9ed55947761d56d4c6142a3cb1a1fe69d0b1a6d0e01a2e404c697962623,dfine_native,57500.0,monitor_or_bezel,0.2731,1017.2,395.8,1147.26,488.6,12068.0,130.05,92.79,1.402,False,,True,R-desk,12,evt_S-61_upper_body_0016,ee27b78399c18ce8,lap_bag_context,no_pose_observation,34560.0,1.33,,1,cam12/e1/v1,
full,03.CCTV Mobile Usage.mkv,632de9ed55947761d56d4c6142a3cb1a1fe69d0b1a6d0e01a2e404c697962623,dfine_native,57500.0,keyboard,0.9137,962.32,451.93,1067.76,491.46,4168.1,105.44,39.53,2.667,False,,True,R-desk,11,evt_S-61_upper_body_0016,ee27b78399c18ce8,lap_bag_context,no_pose_observation,34560.0,1.33,,1,cam12/e1/v1,
full,03.CCTV Mobile Usage.mkv,632de9ed55947761d56d4c6142a3cb1a1fe69d0b1a6d0e01a2e404c697962623,dfine_native,57500.0,unknown_object,0.7381,699.86,396.09,844.27,492.0,13849.5,144.41,95.9,1.506,False,,True,R-desk,11,evt_S-61_upper_body_0016,ee27b78399c18ce8,lap_bag_context,no_pose_observation,34560.0,1.33,,1,cam12/e1/v1,
full,03.CCTV Mobile Usage.mkv,632de9ed55947761d56d4c6142a3cb1a1fe69d0b1a6d0e01a2e404c697962623,dfine_native,57500.0,monitor_or_bezel,0.7309,1018.86,395.71,1145.9,447.81,6619.2,127.04,52.1,2.438,False,,True,R-desk,11,evt_S-61_upper_body_0016,ee27b78399c18ce8,lap_bag_context,no_pose_observation,34560.0,1.33,,1,cam12/e1/v1,
full,03.CCTV Mobile Usage.mkv,632de9ed55947761d56d4c6142a3cb1a1fe69d0b1a6d0e01a2e404c697962623,dfine_native,57500.0,keyboard,0.5529,802.98,396.29,870.5,420.47,1633.0,67.53,24.18,2.792,False,,True,R-desk,11,evt_S-61_upper_body_0016,ee27b78399c18ce8,lap_bag_context,no_pose_observation,34560.0,1.33,,1,cam12/e1/v1,
full,03.CCTV Mobile Usage.mkv,632de9ed55947761d56d4c6142a3cb1a1fe69d0b1a6d0e01a2e404c697962623,dfine_native,57500.0,phone,0.2746,1042.99,421.92,1112.7,474.14,3639.9,69.71,52.22,1.335,False,,True,R-desk,11,evt_S-61_upper_body_0016,ee27b78399c18ce8,lap_bag_context,no_pose_observation,34560.0,1.33,,1,cam12/e1/v1,
full,03.CCTV Mobile Usage.mkv,632de9ed55947761d56d4c6142a3cb1a1fe69d0b1a6d0e01a2e404c697962623,dfine_native,57500.0,mouse,0.5932,864.98,413.89,891.92,435.06,570.0,26.94,21.16,1.273,False,,True,R-desk,11,evt_S-61_upper_body_0016,ee27b78399c18ce8,lap_bag_context,no_pose_observation,34560.0,1.33,,1,cam12/e1/v1,
full,03.CCTV Mobile Usage.mkv,632de9ed55947761d56d4c6142a3cb1a1fe69d0b1a6d0e01a2e404c697962623,dfine_native,57500.0,unknown_object,0.3333,700.01,396.32,762.58,491.29,5942.3,62.57,94.98,0.659,False,,True,R-desk,11,evt_S-61_upper_body_0016,ee27b78399c18ce8,lap_bag_context,no_pose_observation,34560.0,1.33,,1,cam12/e1/v1,
full,03.CCTV Mobile Usage.mkv,632de9ed55947761d56d4c6142a3cb1a1fe69d0b1a6d0e01a2e404c697962623,dfine_native,57500.0,mouse,0.4084,967.08,398.36,992.12,410.45,302.9,25.04,12.1,2.07,False,,True,R-desk,11,evt_S-61_upper_body_0016,ee27b78399c18ce8,lap_bag_context,no_pose_observation,34560.0,1.33,,1,cam12/e1/v1,
full,03.CCTV Mobile Usage.mkv,632de9ed55947761d56d4c6142a3cb1a1fe69d0b1a6d0e01a2e404c697962623,dfine_native,57500.0,monitor_or_bezel,0.2993,881.28,396.18,948.6,452.73,3807.2,67.32,56.55,1.19,False,,True,R-desk,11,evt_S-61_upper_body_0016,ee27b78399c18ce8,lap_bag_context,no_pose_observation,34560.0,1.33,,1,cam12/e1/v1,
full,03.CCTV Mobile Usage.mkv,632de9ed55947761d56d4c6142a3cb1a1fe69d0b1a6d0e01a2e404c697962623,dfine_native,57500.0,mouse,0.3317,991.74,400.33,1028.08,413.49,478.5,36.34,13.17,2.761,False,,True,R-desk,11,evt_S-61_upper_body_0016,ee27b78399c18ce8,lap_bag_context,no_pose_observation,34560.0,1.33,,1,cam12/e1/v1,
full,03.CCTV Mobile Usage.mkv,632de9ed55947761d56d4c6142a3cb1a1fe69d0b1a6d0e01a2e404c697962623,dfine_native,57500.0,monitor_or_bezel,0.2731,1017.2,395.8,1147.26,488.6,12068.0,130.05,92.79,1.402,False,,True,R-desk,11,evt_S-61_upper_body_0016,ee27b78399c18ce8,lap_bag_context,no_pose_observation,34560.0,1.33,,1,cam12/e1/v1,
full,03.CCTV Mobile Usage.mkv,632de9ed55947761d56d4c6142a3cb1a1fe69d0b1a6d0e01a2e404c697962623,dfine_native,58000.0,keyboard,0.9137,962.32,451.93,1067.76,491.46,4168.1,105.44,39.53,2.667,False,,True,R-desk,12,evt_S-61_upper_body_0016,89a2fe7988ccfe8d,lap_bag_context,no_pose_observation,34560.0,1.33,,1,cam12/e1/v1,
full,03.CCTV Mobile Usage.mkv,632de9ed55947761d56d4c6142a3cb1a1fe69d0b1a6d0e01a2e404c697962623,dfine_native,58000.0,unknown_object,0.7381,699.86,396.09,844.27,492.0,13849.5,144.41,95.9,1.506,False,,True,R-desk,12,evt_S-61_upper_body_0016,89a2fe7988ccfe8d,lap_bag_context,no_pose_observation,34560.0,1.33,,1,cam12/e1/v1,
full,03.CCTV Mobile Usage.mkv,632de9ed55947761d56d4c6142a3cb1a1fe69d0b1a6d0e01a2e404c697962623,dfine_native,58000.0,monitor_or_bezel,0.7309,1018.86,395.71,1145.9,447.81,6619.2,127.04,52.1,2.438,False,,True,R-desk,12,evt_S-61_upper_body_0016,89a2fe7988ccfe8d,lap_bag_context,no_pose_observation,34560.0,1.33,,1,cam12/e1/v1,
full,03.CCTV Mobile Usage.mkv,632de9ed55947761d56d4c6142a3cb1a1fe69d0b1a6d0e01a2e404c697962623,dfine_native,58000.0,keyboard,0.5529,802.98,396.29,870.5,420.47,1633.0,67.53,24.18,2.792,False,,True,R-desk,12,evt_S-61_upper_body_0016,89a2fe7988ccfe8d,lap_bag_context,no_pose_observation,34560.0,1.33,,1,cam12/e1/v1,
full,03.CCTV Mobile Usage.mkv,632de9ed55947761d56d4c6142a3cb1a1fe69d0b1a6d0e01a2e404c697962623,dfine_native,58000.0,phone,0.2746,1042.99,421.92,1112.7,474.14,3639.9,69.71,52.22,1.335,False,,True,R-desk,12,evt_S-61_upper_body_0016,89a2fe7988ccfe8d,lap_bag_context,no_pose_observation,34560.0,1.33,,1,cam12/e1/v1,
full,03.CCTV Mobile Usage.mkv,632de9ed55947761d56d4c6142a3cb1a1fe69d0b1a6d0e01a2e404c697962623,dfine_native,58000.0,mouse,0.5932,864.98,413.89,891.92,435.06,570.0,26.94,21.16,1.273,False,,True,R-desk,12,evt_S-61_upper_body_0016,89a2fe7988ccfe8d,lap_bag_context,no_pose_observation,34560.0,1.33,,1,cam12/e1/v1,
full,03.CCTV Mobile Usage.mkv,632de9ed55947761d56d4c6142a3cb1a1fe69d0b1a6d0e01a2e404c697962623,dfine_native,58000.0,unknown_object,0.3333,700.01,396.32,762.58,491.29,5942.3,62.57,94.98,0.659,False,,True,R-desk,12,evt_S-61_upper_body_0016,89a2fe7988ccfe8d,lap_bag_context,no_pose_observation,34560.0,1.33,,1,cam12/e1/v1,
full,03.CCTV Mobile Usage.mkv,632de9ed55947761d56d4c6142a3cb1a1fe69d0b1a6d0e01a2e404c697962623,dfine_native,58000.0,mouse,0.4084,967.08,398.36,992.12,410.45,302.9,25.04,12.1,2.07,False,,True,R-desk,12,evt_S-61_upper_body_0016,89a2fe7988ccfe8d,lap_bag_context,no_pose_observation,34560.0,1.33,,1,cam12/e1/v1,
full,03.CCTV Mobile Usage.mkv,632de9ed55947761d56d4c6142a3cb1a1fe69d0b1a6d0e01a2e404c697962623,dfine_native,58000.0,monitor_or_bezel,0.2993,881.28,396.18,948.6,452.73,3807.2,67.32,56.55,1.19,False,,True,R-desk,12,evt_S-61_upper_body_0016,89a2fe7988ccfe8d,lap_bag_context,no_pose_observation,34560.0,1.33,,1,cam12/e1/v1,
full,03.CCTV Mobile Usage.mkv,632de9ed55947761d56d4c6142a3cb1a1fe69d0b1a6d0e01a2e404c697962623,dfine_native,58000.0,mouse,0.3317,991.74,400.33,1028.08,413.49,478.5,36.34,13.17,2.761,False,,True,R-desk,12,evt_S-61_upper_body_0016,89a2fe7988ccfe8d,lap_bag_context,no_pose_observation,34560.0,1.33,,1,cam12/e1/v1,
full,03.CCTV Mobile Usage.mkv,632de9ed55947761d56d4c6142a3cb1a1fe69d0b1a6d0e01a2e404c697962623,dfine_native,58000.0,monitor_or_bezel,0.2731,1017.2,395.8,1147.26,488.6,12068.0,130.05,92.79,1.402,False,,True,R-desk,12,evt_S-61_upper_body_0016,89a2fe7988ccfe8d,lap_bag_context,no_pose_observation,34560.0,1.33,,1,cam12/e1/v1,
full,03.CCTV Mobile Usage.mkv,632de9ed55947761d56d4c6142a3cb1a1fe69d0b1a6d0e01a2e404c697962623,dfine_native,58000.0,unknown_object,0.6767,0.33,254.02,45.42,304.63,2281.6,45.08,50.61,0.891,False,,True,S-61,10,evt_S-61_upper_body_0016,d6e702ffac1af9b6,pose_hand_context,,47260.2,2.67,,1,cam12/e1/v1,rtmpose_baseline
full,03.CCTV Mobile Usage.mkv,632de9ed55947761d56d4c6142a3cb1a1fe69d0b1a6d0e01a2e404c697962623,dfine_native,58000.0,unknown_object,0.3584,-0.18,346.42,137.61,483.54,18893.2,137.79,137.12,1.005,False,,True,S-61,10,evt_S-61_upper_body_0016,d6e702ffac1af9b6,pose_hand_context,,47260.2,2.67,,1,cam12/e1/v1,rtmpose_baseline
full,03.CCTV Mobile Usage.mkv,632de9ed55947761d56d4c6142a3cb1a1fe69d0b1a6d0e01a2e404c697962623,dfine_native,58000.0,bag,0.3095,15.56,297.82,107.29,353.05,5066.5,91.73,55.23,1.661,False,,True,S-61,10,evt_S-61_upper_body_0016,d6e702ffac1af9b6,pose_hand_context,,47260.2,2.67,,1,cam12/e1/v1,rtmpose_baseline
full,03.CCTV Mobile Usage.mkv,632de9ed55947761d56d4c6142a3cb1a1fe69d0b1a6d0e01a2e404c697962623,dfine_native,58000.0,unknown_object,0.2941,-0.15,413.62,136.58,483.85,9603.3,136.73,70.23,1.947,False,,True,S-61,10,evt_S-61_upper_body_0016,d6e702ffac1af9b6,pose_hand_context,,47260.2,2.67,,1,cam12/e1/v1,rtmpose_baseline
full,03.CCTV Mobile Usage.mkv,632de9ed55947761d56d4c6142a3cb1a1fe69d0b1a6d0e01a2e404c697962623,dfine_native,58000.0,unknown_object,0.4535,-0.14,278.95,193.28,483.43,39549.1,193.42,204.48,0.946,False,,True,S-61,10,evt_S-61_upper_body_0016,d6e702ffac1af9b6,pose_hand_context,,47260.2,2.67,,1,cam12/e1/v1,rtmpose_baseline
full,03.CCTV Mobile Usage.mkv,632de9ed55947761d56d4c6142a3cb1a1fe69d0b1a6d0e01a2e404c697962623,dfine_native,58000.0,unknown_object,0.469,-0.21,279.69,136.9,483.37,27927.2,137.11,203.68,0.673,False,,True,S-61,10,evt_S-61_upper_body_0016,d6e702ffac1af9b6,pose_hand_context,,47260.2,2.67,,1,cam12/e1/v1,rtmpose_baseline
full,03.CCTV Mobile Usage.mkv,632de9ed55947761d56d4c6142a3cb1a1fe69d0b1a6d0e01a2e404c697962623,dfine_native,58000.0,unknown_object,0.2663,-0.1,346.47,189.96,483.6,26064.3,190.06,137.14,1.386,False,,True,S-61,10,evt_S-61_upper_body_0016,d6e702ffac1af9b6,pose_hand_context,,47260.2,2.67,,1,cam12/e1/v1,rtmpose_baseline
full,03.CCTV Mobile Usage.mkv,632de9ed55947761d56d4c6142a3cb1a1fe69d0b1a6d0e01a2e404c697962623,dfine_native,80100.0,unknown_object,0.2516,117.98,450.72,338.2,662.37,46609.9,220.22,211.65,1.04,False,,True,S-61,16,evt_S-61_desk_work_surface_0003,349c527ccc29dabd,pose_hand_context,,48197.8,2.92,,1,cam12/e1/v1,rtmpose_baseline
full,03.CCTV Mobile Usage.mkv,632de9ed55947761d56d4c6142a3cb1a1fe69d0b1a6d0e01a2e404c697962623,dfine_native,80100.0,stationery,0.2846,117.95,454.89,203.07,545.22,7689.2,85.13,90.33,0.942,False,,True,S-61,16,evt_S-61_desk_work_surface_0003,349c527ccc29dabd,pose_hand_context,,48197.8,2.92,,1,cam12/e1/v1,rtmpose_baseline
full,03.CCTV Mobile Usage.mkv,632de9ed55947761d56d4c6142a3cb1a1fe69d0b1a6d0e01a2e404c697962623,dfine_native,80100.0,unknown_object,0.5878,118.05,453.71,272.04,663.79,32351.2,153.99,210.09,0.733,False,,True,S-61,16,evt_S-61_desk_work_surface_0003,349c527ccc29dabd,pose_hand_context,,48197.8,2.92,,1,cam12/e1/v1,rtmpose_baseline
full,03.CCTV Mobile Usage.mkv,632de9ed55947761d56d4c6142a3cb1a1fe69d0b1a6d0e01a2e404c697962623,dfine_native,80100.0,unknown_object,0.2566,118.02,503.87,270.49,664.21,24447.2,152.48,160.34,0.951,False,,True,S-61,16,evt_S-61_desk_work_surface_0003,349c527ccc29dabd,pose_hand_context,,48197.8,2.92,,1,cam12/e1/v1,rtmpose_baseline
full,03.CCTV Mobile Usage.mkv,632de9ed55947761d56d4c6142a3cb1a1fe69d0b1a6d0e01a2e404c697962623,dfine_native,80100.0,unknown_object,0.2785,117.92,588.44,270.51,664.4,11591.2,152.59,75.96,2.009,False,,True,S-61,16,evt_S-61_desk_work_surface_0003,349c527ccc29dabd,pose_hand_context,,48197.8,2.92,,1,cam12/e1/v1,rtmpose_baseline
full,03.CCTV Mobile Usage.mkv,632de9ed55947761d56d4c6142a3cb1a1fe69d0b1a6d0e01a2e404c697962623,dfine_native,80600.0,unknown_object,0.4153,245.57,549.49,354.93,665.88,12728.8,109.36,116.4,0.94,False,,True,S-61,16,evt_S-61_desk_work_surface_0003,ed48d0d970816504,pose_hand_context,,55084.1,2.73,,1,cam12/e1/v1,rtmpose_baseline
full,03.CCTV Mobile Usage.mkv,632de9ed55947761d56d4c6142a3cb1a1fe69d0b1a6d0e01a2e404c697962623,dfine_native,80600.0,phone,0.3454,183.18,503.62,209.51,533.99,800.0,26.34,30.38,0.867,False,,True,S-61,16,evt_S-61_desk_work_surface_0003,ed48d0d970816504,pose_hand_context,,55084.1,2.73,,1,cam12/e1/v1,rtmpose_baseline
full,03.CCTV Mobile Usage.mkv,632de9ed55947761d56d4c6142a3cb1a1fe69d0b1a6d0e01a2e404c697962623,dfine_native,80600.0,unknown_object,0.2653,120.27,434.7,354.86,666.06,54274.0,234.58,231.36,1.014,False,,True,S-61,16,evt_S-61_desk_work_surface_0003,ed48d0d970816504,pose_hand_context,,55084.1,2.73,,1,cam12/e1/v1,rtmpose_baseline
full,03.CCTV Mobile Usage.mkv,632de9ed55947761d56d4c6142a3cb1a1fe69d0b1a6d0e01a2e404c697962623,dfine_native,80600.0,phone,0.3089,119.92,454.84,209.23,546.19,8158.1,89.3,91.35,0.978,False,,True,S-61,16,evt_S-61_desk_work_surface_0003,ed48d0d970816504,pose_hand_context,,55084.1,2.73,,1,cam12/e1/v1,rtmpose_baseline
full,03.CCTV Mobile Usage.mkv,632de9ed55947761d56d4c6142a3cb1a1fe69d0b1a6d0e01a2e404c697962623,dfine_native,80600.0,unknown_object,0.2818,120.02,501.48,272.81,665.68,25087.3,152.79,164.19,0.931,False,,True,S-61,16,evt_S-61_desk_work_surface_0003,ed48d0d970816504,pose_hand_context,,55084.1,2.73,,1,cam12/e1/v1,rtmpose_baseline
full,03.CCTV Mobile Usage.mkv,632de9ed55947761d56d4c6142a3cb1a1fe69d0b1a6d0e01a2e404c697962623,dfine_native,80600.0,phone,0.2953,155.92,503.27,209.04,545.77,2257.5,53.13,42.49,1.25,False,,True,S-61,16,evt_S-61_desk_work_surface_0003,ed48d0d970816504,pose_hand_context,,55084.1,2.73,,1,cam12/e1/v1,rtmpose_baseline
full,03.CCTV Mobile Usage.mkv,632de9ed55947761d56d4c6142a3cb1a1fe69d0b1a6d0e01a2e404c697962623,dfine_native,80600.0,unknown_object,0.4786,120.03,453.18,273.18,665.68,32546.5,153.16,212.5,0.721,False,,True,S-61,16,evt_S-61_desk_work_surface_0003,ed48d0d970816504,pose_hand_context,,55084.1,2.73,,1,cam12/e1/v1,rtmpose_baseline
full,03.CCTV Mobile Usage.mkv,632de9ed55947761d56d4c6142a3cb1a1fe69d0b1a6d0e01a2e404c697962623,dfine_native,80600.0,unknown_object,0.4249,120.03,437.13,273.64,665.52,35081.9,153.61,228.39,0.673,False,,True,S-61,16,evt_S-61_desk_work_surface_0003,ed48d0d970816504,pose_hand_context,,55084.1,2.73,,1,cam12/e1/v1,rtmpose_baseline
full,03.CCTV Mobile Usage.mkv,632de9ed55947761d56d4c6142a3cb1a1fe69d0b1a6d0e01a2e404c697962623,dfine_native,81100.0,unknown_object,0.5193,16.2,303.22,109.55,384.69,7605.5,93.35,81.47,1.146,False,,True,S-61,16,evt_S-61_desk_work_surface_0003,d85e3150d3c5eba9,pose_hand_context,,62064.0,2.36,,1,cam12/e1/v1,rtmpose_baseline
full,03.CCTV Mobile Usage.mkv,632de9ed55947761d56d4c6142a3cb1a1fe69d0b1a6d0e01a2e404c697962623,dfine_native,81100.0,phone,0.4824,184.17,490.89,218.65,522.3,1083.2,34.48,31.42,1.098,False,,True,S-61,16,evt_S-61_desk_work_surface_0003,d85e3150d3c5eba9,pose_hand_context,,62064.0,2.36,,1,cam12/e1/v1,rtmpose_baseline
full,03.CCTV Mobile Usage.mkv,632de9ed55947761d56d4c6142a3cb1a1fe69d0b1a6d0e01a2e404c697962623,dfine_native,81100.0,monitor_or_bezel,0.341,-0.11,494.62,202.94,572.63,15839.9,203.05,78.01,2.603,False,,True,S-61,16,evt_S-61_desk_work_surface_0003,d85e3150d3c5eba9,pose_hand_context,,62064.0,2.36,,1,cam12/e1/v1,rtmpose_baseline
full,03.CCTV Mobile Usage.mkv,632de9ed55947761d56d4c6142a3cb1a1fe69d0b1a6d0e01a2e404c697962623,dfine_native,81100.0,unknown_object,0.2633,1.66,449.27,226.17,572.75,27723.0,224.51,123.48,1.818,False,,True,S-61,16,evt_S-61_desk_work_surface_0003,d85e3150d3c5eba9,pose_hand_context,,62064.0,2.36,,1,cam12/e1/v1,rtmpose_baseline
full,03.CCTV Mobile Usage.mkv,632de9ed55947761d56d4c6142a3cb1a1fe69d0b1a6d0e01a2e404c697962623,dfine_native,81100.0,unknown_object,0.2971,-0.17,303.08,228.68,571.99,61537.1,228.84,268.9,0.851,False,,True,S-61,16,evt_S-61_desk_work_surface_0003,d85e3150d3c5eba9,pose_hand_context,,62064.0,2.36,,1,cam12/e1/v1,rtmpose_baseline
full,03.CCTV Mobile Usage.mkv,632de9ed55947761d56d4c6142a3cb1a1fe69d0b1a6d0e01a2e404c697962623,dfine_native,81600.0,unknown_object,0.3934,14.09,305.11,110.12,384.57,7630.2,96.03,79.45,1.209,False,,True,S-61,16,evt_S-61_desk_work_surface_0003,1f150759b0e4d916,pose_hand_context,,59588.6,2.43,,1,cam12/e1/v1,rtmpose_baseline
full,03.CCTV Mobile Usage.mkv,632de9ed55947761d56d4c6142a3cb1a1fe69d0b1a6d0e01a2e404c697962623,dfine_native,81600.0,phone,0.4473,180.22,432.54,210.84,473.94,1268.0,30.63,41.4,0.74,False,,True,S-61,16,evt_S-61_desk_work_surface_0003,1f150759b0e4d916,pose_hand_context,,59588.6,2.43,,1,cam12/e1/v1,rtmpose_baseline
full,03.CCTV Mobile Usage.mkv,632de9ed55947761d56d4c6142a3cb1a1fe69d0b1a6d0e01a2e404c697962623,dfine_native,81600.0,monitor_or_bezel,0.3048,-0.08,494.91,197.04,567.73,14354.7,197.12,72.82,2.707,False,,True,S-61,16,evt_S-61_desk_work_surface_0003,1f150759b0e4d916,pose_hand_context,,59588.6,2.43,,1,cam12/e1/v1,rtmpose_baseline
full,03.CCTV Mobile Usage.mkv,632de9ed55947761d56d4c6142a3cb1a1fe69d0b1a6d0e01a2e404c697962623,dfine_native,81600.0,unknown_object,0.2672,-0.23,305.81,225.52,566.98,58956.9,225.74,261.17,0.864,False,,True,S-61,16,evt_S-61_desk_work_surface_0003,1f150759b0e4d916,pose_hand_context,,59588.6,2.43,,1,cam12/e1/v1,rtmpose_baseline
full,03.CCTV Mobile Usage.mkv,632de9ed55947761d56d4c6142a3cb1a1fe69d0b1a6d0e01a2e404c697962623,dfine_native,81600.0,stationery,0.2948,180.17,432.44,221.54,475.98,1801.6,41.37,43.55,0.95,False,,True,S-61,16,evt_S-61_desk_work_surface_0003,1f150759b0e4d916,pose_hand_context,,59588.6,2.43,,1,cam12/e1/v1,rtmpose_baseline
full,03.CCTV Mobile Usage.mkv,632de9ed55947761d56d4c6142a3cb1a1fe69d0b1a6d0e01a2e404c697962623,dfine_native,81600.0,unknown_object,0.2531,-0.17,305.1,110.37,386.35,8980.9,110.54,81.25,1.36,False,,True,S-61,16,evt_S-61_desk_work_surface_0003,1f150759b0e4d916,pose_hand_context,,59588.6,2.43,,1,cam12/e1/v1,rtmpose_baseline
full,03.CCTV Mobile Usage.mkv,632de9ed55947761d56d4c6142a3cb1a1fe69d0b1a6d0e01a2e404c697962623,dfine_native,82100.0,phone,0.2918,175.98,370.82,191.97,384.88,224.7,15.99,14.06,1.137,False,,True,S-61,16,evt_S-61_desk_work_surface_0003,853aabc1e2041093,pose_hand_context,,44780.8,2.92,,1,cam12/e1/v1,rtmpose_baseline
full,03.CCTV Mobile Usage.mkv,632de9ed55947761d56d4c6142a3cb1a1fe69d0b1a6d0e01a2e404c697962623,dfine_native,82100.0,unknown_object,0.2563,91.72,455.13,176.89,522.17,5709.5,85.17,67.03,1.271,False,,True,S-61,16,evt_S-61_desk_work_surface_0003,853aabc1e2041093,pose_hand_context,,44780.8,2.92,,1,cam12/e1/v1,rtmpose_baseline
full,03.CCTV Mobile Usage.mkv,632de9ed55947761d56d4c6142a3cb1a1fe69d0b1a6d0e01a2e404c697962623,dfine_native,82100.0,unknown_object,0.3403,111.06,455.4,176.43,520.28,4241.0,65.37,64.88,1.008,False,,True,S-61,16,evt_S-61_desk_work_surface_0003,853aabc1e2041093,pose_hand_context,,44780.8,2.92,,1,cam12/e1/v1,rtmpose_baseline
full,03.CCTV Mobile Usage.mkv,632de9ed55947761d56d4c6142a3cb1a1fe69d0b1a6d0e01a2e404c697962623,dfine_native,82600.0,secondary_paper_chit,0.3156,90.41,454.07,177.31,522.13,5914.7,86.9,68.06,1.277,False,,True,S-61,16,evt_S-61_desk_work_surface_0003,eb2e0ecd3090c95c,pose_hand_context,,47311.2,2.83,,1,cam12/e1/v1,rtmpose_baseline
full,03.CCTV Mobile Usage.mkv,632de9ed55947761d56d4c6142a3cb1a1fe69d0b1a6d0e01a2e404c697962623,dfine_native,82600.0,monitor_or_bezel,0.3068,-0.29,494.34,178.05,548.87,9725.0,178.34,54.53,3.27,False,,True,S-61,16,evt_S-61_desk_work_surface_0003,eb2e0ecd3090c95c,pose_hand_context,,47311.2,2.83,,1,cam12/e1/v1,rtmpose_baseline
full,03.CCTV Mobile Usage.mkv,632de9ed55947761d56d4c6142a3cb1a1fe69d0b1a6d0e01a2e404c697962623,dfine_native,82600.0,unknown_object,0.2643,20.23,323.17,153.31,425.9,13671.4,133.09,102.73,1.296,False,,True,S-61,16,evt_S-61_desk_work_surface_0003,eb2e0ecd3090c95c,pose_hand_context,,47311.2,2.83,,1,cam12/e1/v1,rtmpose_baseline
full,03.CCTV Mobile Usage.mkv,632de9ed55947761d56d4c6142a3cb1a1fe69d0b1a6d0e01a2e404c697962623,dfine_native,82600.0,unknown_object,0.2986,22.42,323.06,109.9,387.61,5647.4,87.49,64.55,1.355,False,,True,S-61,16,evt_S-61_desk_work_surface_0003,eb2e0ecd3090c95c,pose_hand_context,,47311.2,2.83,,1,cam12/e1/v1,rtmpose_baseline
full,03.CCTV Mobile Usage.mkv,632de9ed55947761d56d4c6142a3cb1a1fe69d0b1a6d0e01a2e404c697962623,dfine_native,82600.0,phone,0.3047,167.33,439.05,193.41,480.06,1069.4,26.08,41.01,0.636,False,,True,S-61,16,evt_S-61_desk_work_surface_0003,eb2e0ecd3090c95c,pose_hand_context,,47311.2,2.83,,1,cam12/e1/v1,rtmpose_baseline
full,03.CCTV Mobile Usage.mkv,632de9ed55947761d56d4c6142a3cb1a1fe69d0b1a6d0e01a2e404c697962623,dfine_native,83100.0,secondary_paper_chit,0.5691,89.88,455.37,177.15,522.17,5829.4,87.27,66.8,1.306,False,,True,S-61,16,evt_S-61_desk_work_surface_0003,e1a851f71775b910,pose_hand_context,,44400.6,2.95,,1,cam12/e1/v1,rtmpose_baseline
full,03.CCTV Mobile Usage.mkv,632de9ed55947761d56d4c6142a3cb1a1fe69d0b1a6d0e01a2e404c697962623,dfine_native,83100.0,keyboard,0.3562,79.96,384.8,151.67,426.8,3011.7,71.71,42.0,1.707,False,,True,S-61,16,evt_S-61_desk_work_surface_0003,e1a851f71775b910,pose_hand_context,,44400.6,2.95,,1,cam12/e1/v1,rtmpose_baseline
full,03.CCTV Mobile Usage.mkv,632de9ed55947761d56d4c6142a3cb1a1fe69d0b1a6d0e01a2e404c697962623,dfine_native,83100.0,secondary_paper_chit,0.3313,8.0,448.0,113.06,501.52,5623.4,105.06,53.53,1.963,False,,True,S-61,16,evt_S-61_desk_work_surface_0003,e1a851f71775b910,pose_hand_context,,44400.6,2.95,,1,cam12/e1/v1,rtmpose_baseline
full,03.CCTV Mobile Usage.mkv,632de9ed55947761d56d4c6142a3cb1a1fe69d0b1a6d0e01a2e404c697962623,dfine_native,83100.0,monitor_or_bezel,0.2954,-0.08,494.12,173.09,544.94,8801.5,173.17,50.83,3.407,False,,True,S-61,16,evt_S-61_desk_work_surface_0003,e1a851f71775b910,pose_hand_context,,44400.6,2.95,,1,cam12/e1/v1,rtmpose_baseline
full,03.CCTV Mobile Usage.mkv,632de9ed55947761d56d4c6142a3cb1a1fe69d0b1a6d0e01a2e404c697962623,dfine_native,83100.0,secondary_paper_chit,0.3001,7.07,447.85,177.25,523.45,12865.0,170.18,75.59,2.251,False,,True,S-61,16,evt_S-61_desk_work_surface_0003,e1a851f71775b910,pose_hand_context,,44400.6,2.95,,1,cam12/e1/v1,rtmpose_baseline
full,03.CCTV Mobile Usage.mkv,632de9ed55947761d56d4c6142a3cb1a1fe69d0b1a6d0e01a2e404c697962623,dfine_native,83100.0,secondary_paper_chit,0.3761,111.42,456.11,176.96,520.25,4203.4,65.54,64.14,1.022,False,,True,S-61,16,evt_S-61_desk_work_surface_0003,e1a851f71775b910,pose_hand_context,,44400.6,2.95,,1,cam12/e1/v1,rtmpose_baseline
full,03.CCTV Mobile Usage.mkv,632de9ed55947761d56d4c6142a3cb1a1fe69d0b1a6d0e01a2e404c697962623,dfine_native,83600.0,secondary_paper_chit,0.6136,90.12,454.89,177.41,522.29,5883.3,87.29,67.4,1.295,False,,True,S-61,16,evt_S-61_desk_work_surface_0003,3ae19f23a7e316b6,pose_hand_context,,42624.4,3.03,,1,cam12/e1/v1,rtmpose_baseline
full,03.CCTV Mobile Usage.mkv,632de9ed55947761d56d4c6142a3cb1a1fe69d0b1a6d0e01a2e404c697962623,dfine_native,83600.0,unknown_object,0.3893,28.02,331.09,109.08,388.61,4662.1,81.06,57.52,1.409,False,,True,S-61,16,evt_S-61_desk_work_surface_0003,3ae19f23a7e316b6,pose_hand_context,,42624.4,3.03,,1,cam12/e1/v1,rtmpose_baseline
full,03.CCTV Mobile Usage.mkv,632de9ed55947761d56d4c6142a3cb1a1fe69d0b1a6d0e01a2e404c697962623,dfine_native,83600.0,unknown_object,0.367,76.87,331.24,172.47,426.61,9117.3,95.6,95.37,1.002,False,,True,S-61,16,evt_S-61_desk_work_surface_0003,3ae19f23a7e316b6,pose_hand_context,,42624.4,3.03,,1,cam12/e1/v1,rtmpose_baseline
full,03.CCTV Mobile Usage.mkv,632de9ed55947761d56d4c6142a3cb1a1fe69d0b1a6d0e01a2e404c697962623,dfine_native,83600.0,bag,0.2965,-0.21,331.25,86.51,450.19,10314.0,86.72,118.94,0.729,False,,True,S-61,16,evt_S-61_desk_work_surface_0003,3ae19f23a7e316b6,pose_hand_context,,42624.4,3.03,,1,cam12/e1/v1,rtmpose_baseline
full,03.CCTV Mobile Usage.mkv,632de9ed55947761d56d4c6142a3cb1a1fe69d0b1a6d0e01a2e404c697962623,dfine_native,83600.0,secondary_paper_chit,0.37,111.28,455.3,177.17,520.08,4268.0,65.89,64.77,1.017,False,,True,S-61,16,evt_S-61_desk_work_surface_0003,3ae19f23a7e316b6,pose_hand_context,,42624.4,3.03,,1,cam12/e1/v1,rtmpose_baseline
full,03.CCTV Mobile Usage.mkv,632de9ed55947761d56d4c6142a3cb1a1fe69d0b1a6d0e01a2e404c697962623,dfine_native,83600.0,unknown_object,0.2522,27.02,331.21,154.38,426.72,12162.8,127.36,95.5,1.334,False,,True,S-61,16,evt_S-61_desk_work_surface_0003,3ae19f23a7e316b6,pose_hand_context,,42624.4,3.03,,1,cam12/e1/v1,rtmpose_baseline
full,03.CCTV Mobile Usage.mkv,632de9ed55947761d56d4c6142a3cb1a1fe69d0b1a6d0e01a2e404c697962623,dfine_native,83600.0,secondary_paper_chit,0.3414,11.58,448.47,113.21,499.8,5217.0,101.63,51.33,1.98,False,,True,S-61,16,evt_S-61_desk_work_surface_0003,3ae19f23a7e316b6,pose_hand_context,,42624.4,3.03,,1,cam12/e1/v1,rtmpose_baseline
full,03.CCTV Mobile Usage.mkv,632de9ed55947761d56d4c6142a3cb1a1fe69d0b1a6d0e01a2e404c697962623,dfine_native,83600.0,secondary_paper_chit,0.2745,14.67,449.17,177.54,523.69,12136.9,162.87,74.52,2.186,False,,True,S-61,16,evt_S-61_desk_work_surface_0003,3ae19f23a7e316b6,pose_hand_context,,42624.4,3.03,,1,cam12/e1/v1,rtmpose_baseline
full,03.CCTV Mobile Usage.mkv,632de9ed55947761d56d4c6142a3cb1a1fe69d0b1a6d0e01a2e404c697962623,dfine_native,102500.0,unknown_object,0.3299,111.28,454.64,177.27,519.56,4284.6,65.99,64.93,1.016,False,,True,S-61,17,evt_S-61_desk_work_surface_0004,c429f65ecea87bb2,pose_hand_context,,31272.4,3.62,,1,cam12/e1/v1,rtmpose_baseline
full,03.CCTV Mobile Usage.mkv,632de9ed55947761d56d4c6142a3cb1a1fe69d0b1a6d0e01a2e404c697962623,dfine_native,102500.0,monitor_or_bezel,0.2897,816.0,8.3,843.99,44.15,1003.2,27.98,35.85,0.781,False,,True,unattributed,18,evt_S-61_desk_work_surface_0004,d93b48690c9b5016,native_source_context_fallback,wrist_confidence_below_floor,9573.1,6.49,,1,cam12/e1/v1,rtmpose_baseline
full,03.CCTV Mobile Usage.mkv,632de9ed55947761d56d4c6142a3cb1a1fe69d0b1a6d0e01a2e404c697962623,dfine_native,102500.0,unknown_object,0.2855,854.17,8.38,902.45,49.66,1992.4,48.27,41.27,1.17,False,,True,unattributed,18,evt_S-61_desk_work_surface_0004,d93b48690c9b5016,native_source_context_fallback,wrist_confidence_below_floor,9573.1,6.49,,1,cam12/e1/v1,rtmpose_baseline
full,03.CCTV Mobile Usage.mkv,632de9ed55947761d56d4c6142a3cb1a1fe69d0b1a6d0e01a2e404c697962623,dfine_native,102500.0,keyboard,0.9188,962.3,451.95,1068.05,491.44,4175.7,105.74,39.49,2.678,False,,True,R-desk,19,evt_S-61_desk_work_surface_0004,f15934d2f04eb552,lap_bag_context,wrist_confidence_below_floor,34560.0,1.33,,1,cam12/e1/v1,rtmpose_baseline
full,03.CCTV Mobile Usage.mkv,632de9ed55947761d56d4c6142a3cb1a1fe69d0b1a6d0e01a2e404c697962623,dfine_native,102500.0,unknown_object,0.7189,699.88,396.2,847.87,491.77,14144.0,147.99,95.57,1.548,False,,True,R-desk,19,evt_S-61_desk_work_surface_0004,f15934d2f04eb552,lap_bag_context,wrist_confidence_below_floor,34560.0,1.33,,1,cam12/e1/v1,rtmpose_baseline
full,03.CCTV Mobile Usage.mkv,632de9ed55947761d56d4c6142a3cb1a1fe69d0b1a6d0e01a2e404c697962623,dfine_native,102500.0,monitor_or_bezel,0.7213,1018.99,395.79,1146.17,448.54,6709.0,127.19,52.75,2.411,False,,True,R-desk,19,evt_S-61_desk_work_surface_0004,f15934d2f04eb552,lap_bag_context,wrist_confidence_below_floor,34560.0,1.33,,1,cam12/e1/v1,rtmpose_baseline
full,03.CCTV Mobile Usage.mkv,632de9ed55947761d56d4c6142a3cb1a1fe69d0b1a6d0e01a2e404c697962623,dfine_native,102500.0,mouse,0.6205,864.69,413.78,891.95,435.07,580.2,27.26,21.28,1.281,False,,True,R-desk,19,evt_S-61_desk_work_surface_0004,f15934d2f04eb552,lap_bag_context,wrist_confidence_below_floor,34560.0,1.33,,1,cam12/e1/v1,rtmpose_baseline
full,03.CCTV Mobile Usage.mkv,632de9ed55947761d56d4c6142a3cb1a1fe69d0b1a6d0e01a2e404c697962623,dfine_native,102500.0,keyboard,0.5628,802.84,396.3,870.33,420.63,1642.2,67.48,24.34,2.773,False,,True,R-desk,19,evt_S-61_desk_work_surface_0004,f15934d2f04eb552,lap_bag_context,wrist_confidence_below_floor,34560.0,1.33,,1,cam12/e1/v1,rtmpose_baseline
full,03.CCTV Mobile Usage.mkv,632de9ed55947761d56d4c6142a3cb1a1fe69d0b1a6d0e01a2e404c697962623,dfine_native,102500.0,unknown_object,0.2564,700.05,396.13,773.28,491.94,7015.9,73.23,95.81,0.764,False,,True,R-desk,19,evt_S-61_desk_work_surface_0004,f15934d2f04eb552,lap_bag_context,wrist_confidence_below_floor,34560.0,1.33,,1,cam12/e1/v1,rtmpose_baseline
full,03.CCTV Mobile Usage.mkv,632de9ed55947761d56d4c6142a3cb1a1fe69d0b1a6d0e01a2e404c697962623,dfine_native,102500.0,monitor_or_bezel,0.3713,880.93,396.16,948.85,452.62,3835.1,67.93,56.46,1.203,False,,True,R-desk,19,evt_S-61_desk_work_surface_0004,f15934d2f04eb552,lap_bag_context,wrist_confidence_below_floor,34560.0,1.33,,1,cam12/e1/v1,rtmpose_baseline
full,03.CCTV Mobile Usage.mkv,632de9ed55947761d56d4c6142a3cb1a1fe69d0b1a6d0e01a2e404c697962623,dfine_native,102500.0,mouse,0.3886,967.01,398.39,991.79,410.68,304.4,24.78,12.28,2.018,False,,True,R-desk,19,evt_S-61_desk_work_surface_0004,f15934d2f04eb552,lap_bag_context,wrist_confidence_below_floor,34560.0,1.33,,1,cam12/e1/v1,rtmpose_baseline
full,03.CCTV Mobile Usage.mkv,632de9ed55947761d56d4c6142a3cb1a1fe69d0b1a6d0e01a2e404c697962623,dfine_native,102500.0,unknown_object,0.4015,700.01,396.27,757.47,491.39,5465.0,57.46,95.11,0.604,False,,True,R-desk,19,evt_S-61_desk_work_surface_0004,f15934d2f04eb552,lap_bag_context,wrist_confidence_below_floor,34560.0,1.33,,1,cam12/e1/v1,rtmpose_baseline
full,03.CCTV Mobile Usage.mkv,632de9ed55947761d56d4c6142a3cb1a1fe69d0b1a6d0e01a2e404c697962623,dfine_native,102500.0,monitor_or_bezel,0.257,1016.36,395.87,1147.74,488.44,12161.6,131.38,92.57,1.419,False,,True,R-desk,19,evt_S-61_desk_work_surface_0004,f15934d2f04eb552,lap_bag_context,wrist_confidence_below_floor,34560.0,1.33,,1,cam12/e1/v1,rtmpose_baseline
full,03.CCTV Mobile Usage.mkv,632de9ed55947761d56d4c6142a3cb1a1fe69d0b1a6d0e01a2e404c697962623,dfine_native,102500.0,mouse,0.2742,991.54,401.09,1027.99,413.64,457.5,36.44,12.55,2.903,False,,True,R-desk,19,evt_S-61_desk_work_surface_0004,f15934d2f04eb552,lap_bag_context,wrist_confidence_below_floor,34560.0,1.33,,1,cam12/e1/v1,rtmpose_baseline
full,03.CCTV Mobile Usage.mkv,632de9ed55947761d56d4c6142a3cb1a1fe69d0b1a6d0e01a2e404c697962623,dfine_native,103000.0,unknown_object,0.3275,110.96,454.77,177.23,520.37,4347.1,66.27,65.6,1.01,False,,True,S-61,17,evt_S-61_desk_work_surface_0004,2e12e586b38d2d1b,pose_hand_context,,35955.7,3.37,,1,cam12/e1/v1,rtmpose_baseline
full,03.CCTV Mobile Usage.mkv,632de9ed55947761d56d4c6142a3cb1a1fe69d0b1a6d0e01a2e404c697962623,dfine_native,103000.0,unknown_object,0.2753,-0.03,342.22,113.32,505.98,18559.9,113.34,163.75,0.692,False,,True,S-61,17,evt_S-61_desk_work_surface_0004,2e12e586b38d2d1b,pose_hand_context,,35955.7,3.37,,1,cam12/e1/v1,rtmpose_baseline
full,03.CCTV Mobile Usage.mkv,632de9ed55947761d56d4c6142a3cb1a1fe69d0b1a6d0e01a2e404c697962623,dfine_native,103000.0,unknown_object,0.3419,171.97,394.54,189.29,513.0,2052.3,17.32,118.46,0.146,False,,True,S-61,17,evt_S-61_desk_work_surface_0004,2e12e586b38d2d1b,pose_hand_context,,35955.7,3.37,,1,cam12/e1/v1,rtmpose_baseline
full,03.CCTV Mobile Usage.mkv,632de9ed55947761d56d4c6142a3cb1a1fe69d0b1a6d0e01a2e404c697962623,dfine_native,103000.0,monitor_or_bezel,0.4155,817.01,8.3,844.02,44.17,969.1,27.01,35.88,0.753,False,,True,unattributed,18,evt_S-61_desk_work_surface_0004,b6ef3ce9c4b15040,native_source_context_fallback,wrist_confidence_below_floor,9525.6,6.46,,1,cam12/e1/v1,rtmpose_baseline
full,03.CCTV Mobile Usage.mkv,632de9ed55947761d56d4c6142a3cb1a1fe69d0b1a6d0e01a2e404c697962623,dfine_native,103000.0,bag,0.3627,825.24,46.56,914.37,101.57,4903.9,89.14,55.02,1.62,False,,True,unattributed,18,evt_S-61_desk_work_surface_0004,b6ef3ce9c4b15040,native_source_context_fallback,wrist_confidence_below_floor,9525.6,6.46,,1,cam12/e1/v1,rtmpose_baseline
full,03.CCTV Mobile Usage.mkv,632de9ed55947761d56d4c6142a3cb1a1fe69d0b1a6d0e01a2e404c697962623,dfine_native,103000.0,unknown_object,0.2752,895.18,17.59,914.63,98.08,1564.9,19.44,80.49,0.242,False,,True,unattributed,18,evt_S-61_desk_work_surface_0004,b6ef3ce9c4b15040,native_source_context_fallback,wrist_confidence_below_floor,9525.6,6.46,,1,cam12/e1/v1,rtmpose_baseline
full,03.CCTV Mobile Usage.mkv,632de9ed55947761d56d4c6142a3cb1a1fe69d0b1a6d0e01a2e404c697962623,dfine_native,103000.0,bag,0.2596,827.91,46.78,898.56,93.12,3273.5,70.65,46.33,1.525,False,,True,unattributed,18,evt_S-61_desk_work_surface_0004,b6ef3ce9c4b15040,native_source_context_fallback,wrist_confidence_below_floor,9525.6,6.46,,1,cam12/e1/v1,rtmpose_baseline
full,03.CCTV Mobile Usage.mkv,632de9ed55947761d56d4c6142a3cb1a1fe69d0b1a6d0e01a2e404c697962623,dfine_native,103067.0,monitor_or_bezel,0.4163,486.65,0.07,536.55,32.68,1627.2,49.9,32.61,1.53,False,,True,unattributed,20,evt_S-61_upper_body_0018,1b6ef25c1b1a0d0f,native_source_context_fallback,no_pose_observation,4015.6,8.62,,1,cam12/e1/v1,
full,03.CCTV Mobile Usage.mkv,632de9ed55947761d56d4c6142a3cb1a1fe69d0b1a6d0e01a2e404c697962623,dfine_native,103067.0,unknown_object,0.5191,478.81,52.04,508.22,84.02,940.7,29.41,31.99,0.919,False,,True,unattributed,20,evt_S-61_upper_body_0018,1b6ef25c1b1a0d0f,native_source_context_fallback,no_pose_observation,4015.6,8.62,,1,cam12/e1/v1,
full,03.CCTV Mobile Usage.mkv,632de9ed55947761d56d4c6142a3cb1a1fe69d0b1a6d0e01a2e404c697962623,dfine_native,103067.0,unknown_object,0.3013,462.07,56.66,477.8,84.49,437.6,15.72,27.84,0.565,False,,True,unattributed,20,evt_S-61_upper_body_0018,1b6ef25c1b1a0d0f,native_source_context_fallback,no_pose_observation,4015.6,8.62,,1,cam12/e1/v1,
full,03.CCTV Mobile Usage.mkv,632de9ed55947761d56d4c6142a3cb1a1fe69d0b1a6d0e01a2e404c697962623,dfine_native,103067.0,unknown_object,0.3184,541.57,51.97,557.99,83.53,518.2,16.42,31.56,0.52,False,,True,unattributed,20,evt_S-61_upper_body_0018,1b6ef25c1b1a0d0f,native_source_context_fallback,no_pose_observation,4015.6,8.62,,1,cam12/e1/v1,
full,03.CCTV Mobile Usage.mkv,632de9ed55947761d56d4c6142a3cb1a1fe69d0b1a6d0e01a2e404c697962623,dfine_native,103067.0,unknown_object,0.2565,478.32,52.11,508.77,95.62,1325.1,30.46,43.51,0.7,False,,True,unattributed,20,evt_S-61_upper_body_0018,1b6ef25c1b1a0d0f,native_source_context_fallback,no_pose_observation,4015.6,8.62,,1,cam12/e1/v1,
full,03.CCTV Mobile Usage.mkv,632de9ed55947761d56d4c6142a3cb1a1fe69d0b1a6d0e01a2e404c697962623,dfine_native,103067.0,unknown_object,0.3175,486.15,52.31,507.52,83.97,676.6,21.37,31.66,0.675,False,,True,unattributed,20,evt_S-61_upper_body_0018,1b6ef25c1b1a0d0f,native_source_context_fallback,no_pose_observation,4015.6,8.62,,1,cam12/e1/v1,
full,03.CCTV Mobile Usage.mkv,632de9ed55947761d56d4c6142a3cb1a1fe69d0b1a6d0e01a2e404c697962623,dfine_native,103067.0,unknown_object,0.5145,171.62,394.37,192.18,518.52,2552.1,20.56,124.15,0.166,False,,True,S-61,17,evt_S-61_upper_body_0018,7f7c3ddf9739c48c,pose_hand_context,,37640.3,3.28,,1,cam12/e1/v1,rtmpose_baseline
full,03.CCTV Mobile Usage.mkv,632de9ed55947761d56d4c6142a3cb1a1fe69d0b1a6d0e01a2e404c697962623,dfine_native,103067.0,unknown_object,0.4556,110.76,454.74,176.99,521.37,4413.1,66.23,66.63,0.994,False,,True,S-61,17,evt_S-61_upper_body_0018,7f7c3ddf9739c48c,pose_hand_context,,37640.3,3.28,,1,cam12/e1/v1,rtmpose_baseline
full,03.CCTV Mobile Usage.mkv,632de9ed55947761d56d4c6142a3cb1a1fe69d0b1a6d0e01a2e404c697962623,dfine_native,103067.0,monitor_or_bezel,0.4,817.01,8.33,844.13,44.26,974.4,27.12,35.93,0.755,False,,True,unattributed,18,evt_S-61_upper_body_0018,ab6eccf616b714df,native_source_context_fallback,wrist_confidence_below_floor,9521.8,6.46,,1,cam12/e1/v1,rtmpose_baseline
full,03.CCTV Mobile Usage.mkv,632de9ed55947761d56d4c6142a3cb1a1fe69d0b1a6d0e01a2e404c697962623,dfine_native,103067.0,bag,0.3598,822.43,46.09,913.88,101.44,5062.2,91.46,55.35,1.652,False,,True,unattributed,18,evt_S-61_upper_body_0018,ab6eccf616b714df,native_source_context_fallback,wrist_confidence_below_floor,9521.8,6.46,,1,cam12/e1/v1,rtmpose_baseline
full,03.CCTV Mobile Usage.mkv,632de9ed55947761d56d4c6142a3cb1a1fe69d0b1a6d0e01a2e404c697962623,dfine_native,103067.0,bag,0.2801,828.18,46.77,914.27,101.41,4703.3,86.08,54.64,1.576,False,,True,unattributed,18,evt_S-61_upper_body_0018,ab6eccf616b714df,native_source_context_fallback,wrist_confidence_below_floor,9521.8,6.46,,1,cam12/e1/v1,rtmpose_baseline
full,03.CCTV Mobile Usage.mkv,632de9ed55947761d56d4c6142a3cb1a1fe69d0b1a6d0e01a2e404c697962623,dfine_native,103067.0,bag,0.2698,828.45,46.81,914.16,101.12,4654.6,85.7,54.31,1.578,False,,True,unattributed,18,evt_S-61_upper_body_0018,ab6eccf616b714df,native_source_context_fallback,wrist_confidence_below_floor,9521.8,6.46,,1,cam12/e1/v1,rtmpose_baseline
full,03.CCTV Mobile Usage.mkv,632de9ed55947761d56d4c6142a3cb1a1fe69d0b1a6d0e01a2e404c697962623,dfine_native,103500.0,monitor_or_bezel,0.4634,816.01,8.02,844.11,44.37,1021.6,28.11,36.35,0.773,False,,True,unattributed,18,evt_S-61_desk_work_surface_0004,1d8ae10ec47cb224,native_source_context_fallback,wrist_confidence_below_floor,9323.6,6.6,,1,cam12/e1/v1,rtmpose_baseline
full,03.CCTV Mobile Usage.mkv,632de9ed55947761d56d4c6142a3cb1a1fe69d0b1a6d0e01a2e404c697962623,dfine_native,103500.0,bag,0.2513,827.19,46.93,912.45,100.74,4588.2,85.26,53.81,1.584,False,,True,unattributed,18,evt_S-61_desk_work_surface_0004,1d8ae10ec47cb224,native_source_context_fallback,wrist_confidence_below_floor,9323.6,6.6,,1,cam12/e1/v1,rtmpose_baseline
full,03.CCTV Mobile Usage.mkv,632de9ed55947761d56d4c6142a3cb1a1fe69d0b1a6d0e01a2e404c697962623,dfine_native,103500.0,keyboard,0.918,962.29,451.95,1068.04,491.44,4176.7,105.75,39.5,2.678,False,,True,R-desk,21,evt_S-61_desk_work_surface_0004,21618b8f2530ce00,lap_bag_context,no_pose_observation,34560.0,1.33,,1,cam12/e1/v1,
full,03.CCTV Mobile Usage.mkv,632de9ed55947761d56d4c6142a3cb1a1fe69d0b1a6d0e01a2e404c697962623,dfine_native,103500.0,unknown_object,0.7156,699.87,396.2,848.57,491.79,14213.2,148.69,95.59,1.556,False,,True,R-desk,21,evt_S-61_desk_work_surface_0004,21618b8f2530ce00,lap_bag_context,no_pose_observation,34560.0,1.33,,1,cam12/e1/v1,
full,03.CCTV Mobile Usage.mkv,632de9ed55947761d56d4c6142a3cb1a1fe69d0b1a6d0e01a2e404c697962623,dfine_native,103500.0,monitor_or_bezel,0.7131,1018.97,395.76,1146.12,448.52,6707.4,127.14,52.75,2.41,False,,True,R-desk,21,evt_S-61_desk_work_surface_0004,21618b8f2530ce00,lap_bag_context,no_pose_observation,34560.0,1.33,,1,cam12/e1/v1,
full,03.CCTV Mobile Usage.mkv,632de9ed55947761d56d4c6142a3cb1a1fe69d0b1a6d0e01a2e404c697962623,dfine_native,103500.0,mouse,0.6126,864.7,413.78,891.99,435.09,581.5,27.29,21.31,1.281,False,,True,R-desk,21,evt_S-61_desk_work_surface_0004,21618b8f2530ce00,lap_bag_context,no_pose_observation,34560.0,1.33,,1,cam12/e1/v1,
full,03.CCTV Mobile Usage.mkv,632de9ed55947761d56d4c6142a3cb1a1fe69d0b1a6d0e01a2e404c697962623,dfine_native,103500.0,keyboard,0.555,802.84,396.3,870.32,420.63,1642.2,67.48,24.33,2.773,False,,True,R-desk,21,evt_S-61_desk_work_surface_0004,21618b8f2530ce00,lap_bag_context,no_pose_observation,34560.0,1.33,,1,cam12/e1/v1,
full,03.CCTV Mobile Usage.mkv,632de9ed55947761d56d4c6142a3cb1a1fe69d0b1a6d0e01a2e404c697962623,dfine_native,103500.0,unknown_object,0.2635,700.06,396.11,772.48,491.92,6938.8,72.42,95.81,0.756,False,,True,R-desk,21,evt_S-61_desk_work_surface_0004,21618b8f2530ce00,lap_bag_context,no_pose_observation,34560.0,1.33,,1,cam12/e1/v1,
full,03.CCTV Mobile Usage.mkv,632de9ed55947761d56d4c6142a3cb1a1fe69d0b1a6d0e01a2e404c697962623,dfine_native,103500.0,monitor_or_bezel,0.3643,880.9,396.16,948.81,452.62,3834.4,67.91,56.46,1.203,False,,True,R-desk,21,evt_S-61_desk_work_surface_0004,21618b8f2530ce00,lap_bag_context,no_pose_observation,34560.0,1.33,,1,cam12/e1/v1,
full,03.CCTV Mobile Usage.mkv,632de9ed55947761d56d4c6142a3cb1a1fe69d0b1a6d0e01a2e404c697962623,dfine_native,103500.0,mouse,0.3808,967.04,398.39,991.85,410.66,304.5,24.81,12.27,2.022,False,,True,R-desk,21,evt_S-61_desk_work_surface_0004,21618b8f2530ce00,lap_bag_context,no_pose_observation,34560.0,1.33,,1,cam12/e1/v1,
full,03.CCTV Mobile Usage.mkv,632de9ed55947761d56d4c6142a3cb1a1fe69d0b1a6d0e01a2e404c697962623,dfine_native,103500.0,unknown_object,0.4008,700.01,396.26,757.46,491.38,5464.3,57.45,95.12,0.604,False,,True,R-desk,21,evt_S-61_desk_work_surface_0004,21618b8f2530ce00,lap_bag_context,no_pose_observation,34560.0,1.33,,1,cam12/e1/v1,
full,03.CCTV Mobile Usage.mkv,632de9ed55947761d56d4c6142a3cb1a1fe69d0b1a6d0e01a2e404c697962623,dfine_native,103500.0,monitor_or_bezel,0.266,1016.72,395.84,1147.73,488.67,12161.4,131.01,92.83,1.411,False,,True,R-desk,21,evt_S-61_desk_work_surface_0004,21618b8f2530ce00,lap_bag_context,no_pose_observation,34560.0,1.33,,1,cam12/e1/v1,
full,03.CCTV Mobile Usage.mkv,632de9ed55947761d56d4c6142a3cb1a1fe69d0b1a6d0e01a2e404c697962623,dfine_native,103500.0,mouse,0.2741,991.54,401.11,1028.1,413.65,458.7,36.56,12.55,2.913,False,,True,R-desk,21,evt_S-61_desk_work_surface_0004,21618b8f2530ce00,lap_bag_context,no_pose_observation,34560.0,1.33,,1,cam12/e1/v1,
full,03.CCTV Mobile Usage.mkv,632de9ed55947761d56d4c6142a3cb1a1fe69d0b1a6d0e01a2e404c697962623,dfine_native,103500.0,unknown_object,0.6907,171.35,397.29,190.31,513.02,2193.6,18.95,115.73,0.164,False,,True,S-61,17,evt_S-61_desk_work_surface_0004,37282cdd2ce70388,pose_hand_context,,36288.3,3.36,,1,cam12/e1/v1,rtmpose_baseline
full,03.CCTV Mobile Usage.mkv,632de9ed55947761d56d4c6142a3cb1a1fe69d0b1a6d0e01a2e404c697962623,dfine_native,103500.0,secondary_paper_chit,0.3583,102.94,454.24,177.19,521.27,4977.3,74.25,67.03,1.108,False,,True,S-61,17,evt_S-61_desk_work_surface_0004,37282cdd2ce70388,pose_hand_context,,36288.3,3.36,,1,cam12/e1/v1,rtmpose_baseline
full,03.CCTV Mobile Usage.mkv,632de9ed55947761d56d4c6142a3cb1a1fe69d0b1a6d0e01a2e404c697962623,dfine_native,103500.0,secondary_paper_chit,0.3124,110.97,454.7,176.94,520.27,4325.7,65.97,65.57,1.006,False,,True,S-61,17,evt_S-61_desk_work_surface_0004,37282cdd2ce70388,pose_hand_context,,36288.3,3.36,,1,cam12/e1/v1,rtmpose_baseline
full,03.CCTV Mobile Usage.mkv,632de9ed55947761d56d4c6142a3cb1a1fe69d0b1a6d0e01a2e404c697962623,dfine_native,103500.0,secondary_paper_chit,0.3643,89.89,453.29,177.36,521.97,6007.2,87.47,68.68,1.274,False,,True,S-61,17,evt_S-61_desk_work_surface_0004,37282cdd2ce70388,pose_hand_context,,36288.3,3.36,,1,cam12/e1/v1,rtmpose_baseline
full,03.CCTV Mobile Usage.mkv,632de9ed55947761d56d4c6142a3cb1a1fe69d0b1a6d0e01a2e404c697962623,dfine_native,103567.0,monitor_or_bezel,0.4634,816.01,8.02,844.11,44.37,1021.6,28.11,36.35,0.773,False,,True,unattributed,18,evt_S-61_upper_body_0018,0472285e30939fa7,native_source_context_fallback,wrist_confidence_below_floor,9323.6,6.6,,1,cam12/e1/v1,rtmpose_baseline
full,03.CCTV Mobile Usage.mkv,632de9ed55947761d56d4c6142a3cb1a1fe69d0b1a6d0e01a2e404c697962623,dfine_native,103567.0,bag,0.2513,827.19,46.93,912.45,100.74,4588.2,85.26,53.81,1.584,False,,True,unattributed,18,evt_S-61_upper_body_0018,0472285e30939fa7,native_source_context_fallback,wrist_confidence_below_floor,9323.6,6.6,,1,cam12/e1/v1,rtmpose_baseline
full,03.CCTV Mobile Usage.mkv,632de9ed55947761d56d4c6142a3cb1a1fe69d0b1a6d0e01a2e404c697962623,dfine_native,103567.0,unknown_object,0.6907,171.35,397.29,190.31,513.02,2193.6,18.95,115.73,0.164,False,,True,S-61,17,evt_S-61_upper_body_0018,2d404601cbb1ccd7,pose_hand_context,,36288.3,3.36,,1,cam12/e1/v1,rtmpose_baseline
full,03.CCTV Mobile Usage.mkv,632de9ed55947761d56d4c6142a3cb1a1fe69d0b1a6d0e01a2e404c697962623,dfine_native,103567.0,secondary_paper_chit,0.3583,102.94,454.24,177.19,521.27,4977.3,74.25,67.03,1.108,False,,True,S-61,17,evt_S-61_upper_body_0018,2d404601cbb1ccd7,pose_hand_context,,36288.3,3.36,,1,cam12/e1/v1,rtmpose_baseline
full,03.CCTV Mobile Usage.mkv,632de9ed55947761d56d4c6142a3cb1a1fe69d0b1a6d0e01a2e404c697962623,dfine_native,103567.0,secondary_paper_chit,0.3124,110.97,454.7,176.94,520.27,4325.7,65.97,65.57,1.006,False,,True,S-61,17,evt_S-61_upper_body_0018,2d404601cbb1ccd7,pose_hand_context,,36288.3,3.36,,1,cam12/e1/v1,rtmpose_baseline
full,03.CCTV Mobile Usage.mkv,632de9ed55947761d56d4c6142a3cb1a1fe69d0b1a6d0e01a2e404c697962623,dfine_native,103567.0,secondary_paper_chit,0.3643,89.89,453.29,177.36,521.97,6007.2,87.47,68.68,1.274,False,,True,S-61,17,evt_S-61_upper_body_0018,2d404601cbb1ccd7,pose_hand_context,,36288.3,3.36,,1,cam12/e1/v1,rtmpose_baseline
full,03.CCTV Mobile Usage.mkv,632de9ed55947761d56d4c6142a3cb1a1fe69d0b1a6d0e01a2e404c697962623,dfine_native,103567.0,keyboard,0.918,962.29,451.95,1068.04,491.44,4176.7,105.75,39.5,2.678,False,,True,R-desk,21,evt_S-61_upper_body_0018,4ce48cdedd20585e,lap_bag_context,no_pose_observation,34560.0,1.33,,1,cam12/e1/v1,
full,03.CCTV Mobile Usage.mkv,632de9ed55947761d56d4c6142a3cb1a1fe69d0b1a6d0e01a2e404c697962623,dfine_native,103567.0,unknown_object,0.7156,699.87,396.2,848.57,491.79,14213.2,148.69,95.59,1.556,False,,True,R-desk,21,evt_S-61_upper_body_0018,4ce48cdedd20585e,lap_bag_context,no_pose_observation,34560.0,1.33,,1,cam12/e1/v1,
full,03.CCTV Mobile Usage.mkv,632de9ed55947761d56d4c6142a3cb1a1fe69d0b1a6d0e01a2e404c697962623,dfine_native,103567.0,monitor_or_bezel,0.7131,1018.97,395.76,1146.12,448.52,6707.4,127.14,52.75,2.41,False,,True,R-desk,21,evt_S-61_upper_body_0018,4ce48cdedd20585e,lap_bag_context,no_pose_observation,34560.0,1.33,,1,cam12/e1/v1,
full,03.CCTV Mobile Usage.mkv,632de9ed55947761d56d4c6142a3cb1a1fe69d0b1a6d0e01a2e404c697962623,dfine_native,103567.0,mouse,0.6126,864.7,413.78,891.99,435.09,581.5,27.29,21.31,1.281,False,,True,R-desk,21,evt_S-61_upper_body_0018,4ce48cdedd20585e,lap_bag_context,no_pose_observation,34560.0,1.33,,1,cam12/e1/v1,
full,03.CCTV Mobile Usage.mkv,632de9ed55947761d56d4c6142a3cb1a1fe69d0b1a6d0e01a2e404c697962623,dfine_native,103567.0,keyboard,0.555,802.84,396.3,870.32,420.63,1642.2,67.48,24.33,2.773,False,,True,R-desk,21,evt_S-61_upper_body_0018,4ce48cdedd20585e,lap_bag_context,no_pose_observation,34560.0,1.33,,1,cam12/e1/v1,
full,03.CCTV Mobile Usage.mkv,632de9ed55947761d56d4c6142a3cb1a1fe69d0b1a6d0e01a2e404c697962623,dfine_native,103567.0,unknown_object,0.2635,700.06,396.11,772.48,491.92,6938.8,72.42,95.81,0.756,False,,True,R-desk,21,evt_S-61_upper_body_0018,4ce48cdedd20585e,lap_bag_context,no_pose_observation,34560.0,1.33,,1,cam12/e1/v1,
full,03.CCTV Mobile Usage.mkv,632de9ed55947761d56d4c6142a3cb1a1fe69d0b1a6d0e01a2e404c697962623,dfine_native,103567.0,monitor_or_bezel,0.3643,880.9,396.16,948.81,452.62,3834.4,67.91,56.46,1.203,False,,True,R-desk,21,evt_S-61_upper_body_0018,4ce48cdedd20585e,lap_bag_context,no_pose_observation,34560.0,1.33,,1,cam12/e1/v1,
full,03.CCTV Mobile Usage.mkv,632de9ed55947761d56d4c6142a3cb1a1fe69d0b1a6d0e01a2e404c697962623,dfine_native,103567.0,mouse,0.3808,967.04,398.39,991.85,410.66,304.5,24.81,12.27,2.022,False,,True,R-desk,21,evt_S-61_upper_body_0018,4ce48cdedd20585e,lap_bag_context,no_pose_observation,34560.0,1.33,,1,cam12/e1/v1,
full,03.CCTV Mobile Usage.mkv,632de9ed55947761d56d4c6142a3cb1a1fe69d0b1a6d0e01a2e404c697962623,dfine_native,103567.0,unknown_object,0.4008,700.01,396.26,757.46,491.38,5464.3,57.45,95.12,0.604,False,,True,R-desk,21,evt_S-61_upper_body_0018,4ce48cdedd20585e,lap_bag_context,no_pose_observation,34560.0,1.33,,1,cam12/e1/v1,
full,03.CCTV Mobile Usage.mkv,632de9ed55947761d56d4c6142a3cb1a1fe69d0b1a6d0e01a2e404c697962623,dfine_native,103567.0,monitor_or_bezel,0.266,1016.72,395.84,1147.73,488.67,12161.4,131.01,92.83,1.411,False,,True,R-desk,21,evt_S-61_upper_body_0018,4ce48cdedd20585e,lap_bag_context,no_pose_observation,34560.0,1.33,,1,cam12/e1/v1,
full,03.CCTV Mobile Usage.mkv,632de9ed55947761d56d4c6142a3cb1a1fe69d0b1a6d0e01a2e404c697962623,dfine_native,103567.0,mouse,0.2741,991.54,401.11,1028.1,413.65,458.7,36.56,12.55,2.913,False,,True,R-desk,21,evt_S-61_upper_body_0018,4ce48cdedd20585e,lap_bag_context,no_pose_observation,34560.0,1.33,,1,cam12/e1/v1,
full,03.CCTV Mobile Usage.mkv,632de9ed55947761d56d4c6142a3cb1a1fe69d0b1a6d0e01a2e404c697962623,dfine_native,104000.0,unknown_object,0.3908,449.28,68.81,465.42,84.28,249.9,16.14,15.48,1.043,False,,True,unattributed,20,evt_S-61_desk_work_surface_0004,8bf6069e5eb6848a,native_source_context_fallback,no_pose_observation,6455.9,7.42,,1,cam12/e1/v1,
full,03.CCTV Mobile Usage.mkv,632de9ed55947761d56d4c6142a3cb1a1fe69d0b1a6d0e01a2e404c697962623,dfine_native,104000.0,unknown_object,0.3344,449.05,56.7,485.19,95.81,1413.9,36.15,39.12,0.924,False,,True,unattributed,20,evt_S-61_desk_work_surface_0004,8bf6069e5eb6848a,native_source_context_fallback,no_pose_observation,6455.9,7.42,,1,cam12/e1/v1,
full,03.CCTV Mobile Usage.mkv,632de9ed55947761d56d4c6142a3cb1a1fe69d0b1a6d0e01a2e404c697962623,dfine_native,104000.0,unknown_object,0.2769,464.29,59.45,476.76,84.28,309.6,12.47,24.83,0.502,False,,True,unattributed,20,evt_S-61_desk_work_surface_0004,8bf6069e5eb6848a,native_source_context_fallback,no_pose_observation,6455.9,7.42,,1,cam12/e1/v1,
full,03.CCTV Mobile Usage.mkv,632de9ed55947761d56d4c6142a3cb1a1fe69d0b1a6d0e01a2e404c697962623,dfine_native,104000.0,unknown_object,0.3209,449.09,67.35,485.81,95.81,1045.3,36.72,28.47,1.29,False,,True,unattributed,20,evt_S-61_desk_work_surface_0004,8bf6069e5eb6848a,native_source_context_fallback,no_pose_observation,6455.9,7.42,,1,cam12/e1/v1,
full,03.CCTV Mobile Usage.mkv,632de9ed55947761d56d4c6142a3cb1a1fe69d0b1a6d0e01a2e404c697962623,dfine_native,104000.0,unknown_object,0.2957,484.97,77.93,544.85,95.88,1074.5,59.88,17.94,3.338,False,,True,unattributed,20,evt_S-61_desk_work_surface_0004,8bf6069e5eb6848a,native_source_context_fallback,no_pose_observation,6455.9,7.42,,1,cam12/e1/v1,
full,03.CCTV Mobile Usage.mkv,632de9ed55947761d56d4c6142a3cb1a1fe69d0b1a6d0e01a2e404c697962623,dfine_native,104000.0,unknown_object,0.2762,485.04,77.47,507.98,95.99,424.8,22.94,18.52,1.239,False,,True,unattributed,20,evt_S-61_desk_work_surface_0004,8bf6069e5eb6848a,native_source_context_fallback,no_pose_observation,6455.9,7.42,,1,cam12/e1/v1,
full,03.CCTV Mobile Usage.mkv,632de9ed55947761d56d4c6142a3cb1a1fe69d0b1a6d0e01a2e404c697962623,dfine_native,104000.0,unknown_object,0.308,449.03,80.63,484.41,95.91,540.8,35.38,15.28,2.315,False,,True,unattributed,20,evt_S-61_desk_work_surface_0004,8bf6069e5eb6848a,native_source_context_fallback,no_pose_observation,6455.9,7.42,,1,cam12/e1/v1,
full,03.CCTV Mobile Usage.mkv,632de9ed55947761d56d4c6142a3cb1a1fe69d0b1a6d0e01a2e404c697962623,dfine_native,104000.0,unknown_object,0.265,485.35,80.75,505.53,95.95,306.7,20.18,15.2,1.327,False,,True,unattributed,20,evt_S-61_desk_work_surface_0004,8bf6069e5eb6848a,native_source_context_fallback,no_pose_observation,6455.9,7.42,,1,cam12/e1/v1,
full,03.CCTV Mobile Usage.mkv,632de9ed55947761d56d4c6142a3cb1a1fe69d0b1a6d0e01a2e404c697962623,dfine_native,104000.0,unknown_object,0.2667,484.46,53.63,507.62,95.82,976.9,23.16,42.18,0.549,False,,True,unattributed,20,evt_S-61_desk_work_surface_0004,8bf6069e5eb6848a,native_source_context_fallback,no_pose_observation,6455.9,7.42,,1,cam12/e1/v1,
full,03.CCTV Mobile Usage.mkv,632de9ed55947761d56d4c6142a3cb1a1fe69d0b1a6d0e01a2e404c697962623,dfine_native,104000.0,unknown_object,0.2836,484.79,66.52,508.37,95.9,692.9,23.59,29.38,0.803,False,,True,unattributed,20,evt_S-61_desk_work_surface_0004,8bf6069e5eb6848a,native_source_context_fallback,no_pose_observation,6455.9,7.42,,1,cam12/e1/v1,
full,03.CCTV Mobile Usage.mkv,632de9ed55947761d56d4c6142a3cb1a1fe69d0b1a6d0e01a2e404c697962623,dfine_native,104000.0,unknown_object,0.2637,503.32,78.81,544.79,95.95,711.0,41.47,17.14,2.419,False,,True,unattributed,20,evt_S-61_desk_work_surface_0004,8bf6069e5eb6848a,native_source_context_fallback,no_pose_observation,6455.9,7.42,,1,cam12/e1/v1,
full,03.CCTV Mobile Usage.mkv,632de9ed55947761d56d4c6142a3cb1a1fe69d0b1a6d0e01a2e404c697962623,dfine_native,104000.0,unknown_object,0.2834,487.26,65.68,507.82,84.0,376.4,20.55,18.32,1.122,False,,True,unattributed,20,evt_S-61_desk_work_surface_0004,8bf6069e5eb6848a,native_source_context_fallback,no_pose_observation,6455.9,7.42,,1,cam12/e1/v1,
full,03.CCTV Mobile Usage.mkv,632de9ed55947761d56d4c6142a3cb1a1fe69d0b1a6d0e01a2e404c697962623,dfine_native,104000.0,unknown_object,0.5701,169.65,396.34,193.07,515.05,2779.8,23.42,118.71,0.197,False,,True,S-61,17,evt_S-61_desk_work_surface_0004,afa157e1c4b0a953,pose_hand_context,,37876.2,3.27,,1,cam12/e1/v1,rtmpose_baseline
full,03.CCTV Mobile Usage.mkv,632de9ed55947761d56d4c6142a3cb1a1fe69d0b1a6d0e01a2e404c697962623,dfine_native,104000.0,unknown_object,0.294,110.63,455.08,176.91,521.63,4410.5,66.28,66.54,0.996,False,,True,S-61,17,evt_S-61_desk_work_surface_0004,afa157e1c4b0a953,pose_hand_context,,37876.2,3.27,,1,cam12/e1/v1,rtmpose_baseline
full,03.CCTV Mobile Usage.mkv,632de9ed55947761d56d4c6142a3cb1a1fe69d0b1a6d0e01a2e404c697962623,dfine_native,104000.0,unknown_object,0.3178,169.62,395.61,193.18,534.18,3264.2,23.56,138.57,0.17,False,,True,S-61,17,evt_S-61_desk_work_surface_0004,afa157e1c4b0a953,pose_hand_context,,37876.2,3.27,,1,cam12/e1/v1,rtmpose_baseline
full,03.CCTV Mobile Usage.mkv,632de9ed55947761d56d4c6142a3cb1a1fe69d0b1a6d0e01a2e404c697962623,dfine_native,104000.0,keyboard,0.9169,962.28,451.95,1068.03,491.44,4176.6,105.75,39.5,2.678,False,,True,R-desk,21,evt_S-61_desk_work_surface_0004,b35c0cb28e573275,lap_bag_context,wrist_confidence_below_floor,34560.0,1.33,,1,cam12/e1/v1,rtmpose_baseline
full,03.CCTV Mobile Usage.mkv,632de9ed55947761d56d4c6142a3cb1a1fe69d0b1a6d0e01a2e404c697962623,dfine_native,104000.0,unknown_object,0.7169,699.87,396.2,848.57,491.79,14213.2,148.7,95.58,1.556,False,,True,R-desk,21,evt_S-61_desk_work_surface_0004,b35c0cb28e573275,lap_bag_context,wrist_confidence_below_floor,34560.0,1.33,,1,cam12/e1/v1,rtmpose_baseline
full,03.CCTV Mobile Usage.mkv,632de9ed55947761d56d4c6142a3cb1a1fe69d0b1a6d0e01a2e404c697962623,dfine_native,104000.0,monitor_or_bezel,0.7088,1018.98,395.77,1146.16,448.53,6710.8,127.19,52.76,2.411,False,,True,R-desk,21,evt_S-61_desk_work_surface_0004,b35c0cb28e573275,lap_bag_context,wrist_confidence_below_floor,34560.0,1.33,,1,cam12/e1/v1,rtmpose_baseline
full,03.CCTV Mobile Usage.mkv,632de9ed55947761d56d4c6142a3cb1a1fe69d0b1a6d0e01a2e404c697962623,dfine_native,104000.0,mouse,0.6124,864.7,413.78,891.99,435.09,581.7,27.3,21.31,1.281,False,,True,R-desk,21,evt_S-61_desk_work_surface_0004,b35c0cb28e573275,lap_bag_context,wrist_confidence_below_floor,34560.0,1.33,,1,cam12/e1/v1,rtmpose_baseline
full,03.CCTV Mobile Usage.mkv,632de9ed55947761d56d4c6142a3cb1a1fe69d0b1a6d0e01a2e404c697962623,dfine_native,104000.0,keyboard,0.5548,802.84,396.3,870.33,420.63,1642.4,67.49,24.34,2.773,False,,True,R-desk,21,evt_S-61_desk_work_surface_0004,b35c0cb28e573275,lap_bag_context,wrist_confidence_below_floor,34560.0,1.33,,1,cam12/e1/v1,rtmpose_baseline
full,03.CCTV Mobile Usage.mkv,632de9ed55947761d56d4c6142a3cb1a1fe69d0b1a6d0e01a2e404c697962623,dfine_native,104000.0,unknown_object,0.2637,700.06,396.12,772.49,491.91,6938.3,72.43,95.8,0.756,False,,True,R-desk,21,evt_S-61_desk_work_surface_0004,b35c0cb28e573275,lap_bag_context,wrist_confidence_below_floor,34560.0,1.33,,1,cam12/e1/v1,rtmpose_baseline
full,03.CCTV Mobile Usage.mkv,632de9ed55947761d56d4c6142a3cb1a1fe69d0b1a6d0e01a2e404c697962623,dfine_native,104000.0,monitor_or_bezel,0.3664,880.89,396.16,948.81,452.62,3834.7,67.92,56.46,1.203,False,,True,R-desk,21,evt_S-61_desk_work_surface_0004,b35c0cb28e573275,lap_bag_context,wrist_confidence_below_floor,34560.0,1.33,,1,cam12/e1/v1,rtmpose_baseline
full,03.CCTV Mobile Usage.mkv,632de9ed55947761d56d4c6142a3cb1a1fe69d0b1a6d0e01a2e404c697962623,dfine_native,104000.0,mouse,0.378,967.04,398.39,991.84,410.66,304.3,24.8,12.27,2.021,False,,True,R-desk,21,evt_S-61_desk_work_surface_0004,b35c0cb28e573275,lap_bag_context,wrist_confidence_below_floor,34560.0,1.33,,1,cam12/e1/v1,rtmpose_baseline
full,03.CCTV Mobile Usage.mkv,632de9ed55947761d56d4c6142a3cb1a1fe69d0b1a6d0e01a2e404c697962623,dfine_native,104000.0,unknown_object,0.4026,700.01,396.27,757.46,491.38,5464.1,57.45,95.12,0.604,False,,True,R-desk,21,evt_S-61_desk_work_surface_0004,b35c0cb28e573275,lap_bag_context,wrist_confidence_below_floor,34560.0,1.33,,1,cam12/e1/v1,rtmpose_baseline
full,03.CCTV Mobile Usage.mkv,632de9ed55947761d56d4c6142a3cb1a1fe69d0b1a6d0e01a2e404c697962623,dfine_native,104000.0,monitor_or_bezel,0.268,1016.78,395.87,1147.64,488.61,12135.6,130.86,92.74,1.411,False,,True,R-desk,21,evt_S-61_desk_work_surface_0004,b35c0cb28e573275,lap_bag_context,wrist_confidence_below_floor,34560.0,1.33,,1,cam12/e1/v1,rtmpose_baseline
full,03.CCTV Mobile Usage.mkv,632de9ed55947761d56d4c6142a3cb1a1fe69d0b1a6d0e01a2e404c697962623,dfine_native,104000.0,mouse,0.2747,991.52,401.12,1028.12,413.65,458.7,36.6,12.53,2.92,False,,True,R-desk,21,evt_S-61_desk_work_surface_0004,b35c0cb28e573275,lap_bag_context,wrist_confidence_below_floor,34560.0,1.33,,1,cam12/e1/v1,rtmpose_baseline
full,03.CCTV Mobile Usage.mkv,632de9ed55947761d56d4c6142a3cb1a1fe69d0b1a6d0e01a2e404c697962623,dfine_native,104000.0,keyboard,0.9169,962.28,451.95,1068.03,491.44,4176.6,105.75,39.5,2.678,False,,True,R-desk,22,evt_S-61_desk_work_surface_0004,b35c0cb28e573275,lap_bag_context,wrist_confidence_below_floor,34560.0,1.33,,1,cam12/e1/v1,rtmpose_baseline
full,03.CCTV Mobile Usage.mkv,632de9ed55947761d56d4c6142a3cb1a1fe69d0b1a6d0e01a2e404c697962623,dfine_native,104000.0,unknown_object,0.7169,699.87,396.2,848.57,491.79,14213.2,148.7,95.58,1.556,False,,True,R-desk,22,evt_S-61_desk_work_surface_0004,b35c0cb28e573275,lap_bag_context,wrist_confidence_below_floor,34560.0,1.33,,1,cam12/e1/v1,rtmpose_baseline
full,03.CCTV Mobile Usage.mkv,632de9ed55947761d56d4c6142a3cb1a1fe69d0b1a6d0e01a2e404c697962623,dfine_native,104000.0,monitor_or_bezel,0.7088,1018.98,395.77,1146.16,448.53,6710.8,127.19,52.76,2.411,False,,True,R-desk,22,evt_S-61_desk_work_surface_0004,b35c0cb28e573275,lap_bag_context,wrist_confidence_below_floor,34560.0,1.33,,1,cam12/e1/v1,rtmpose_baseline
full,03.CCTV Mobile Usage.mkv,632de9ed55947761d56d4c6142a3cb1a1fe69d0b1a6d0e01a2e404c697962623,dfine_native,104000.0,mouse,0.6124,864.7,413.78,891.99,435.09,581.7,27.3,21.31,1.281,False,,True,R-desk,22,evt_S-61_desk_work_surface_0004,b35c0cb28e573275,lap_bag_context,wrist_confidence_below_floor,34560.0,1.33,,1,cam12/e1/v1,rtmpose_baseline
full,03.CCTV Mobile Usage.mkv,632de9ed55947761d56d4c6142a3cb1a1fe69d0b1a6d0e01a2e404c697962623,dfine_native,104000.0,keyboard,0.5548,802.84,396.3,870.33,420.63,1642.4,67.49,24.34,2.773,False,,True,R-desk,22,evt_S-61_desk_work_surface_0004,b35c0cb28e573275,lap_bag_context,wrist_confidence_below_floor,34560.0,1.33,,1,cam12/e1/v1,rtmpose_baseline
full,03.CCTV Mobile Usage.mkv,632de9ed55947761d56d4c6142a3cb1a1fe69d0b1a6d0e01a2e404c697962623,dfine_native,104000.0,unknown_object,0.2637,700.06,396.12,772.49,491.91,6938.3,72.43,95.8,0.756,False,,True,R-desk,22,evt_S-61_desk_work_surface_0004,b35c0cb28e573275,lap_bag_context,wrist_confidence_below_floor,34560.0,1.33,,1,cam12/e1/v1,rtmpose_baseline
full,03.CCTV Mobile Usage.mkv,632de9ed55947761d56d4c6142a3cb1a1fe69d0b1a6d0e01a2e404c697962623,dfine_native,104000.0,monitor_or_bezel,0.3664,880.89,396.16,948.81,452.62,3834.7,67.92,56.46,1.203,False,,True,R-desk,22,evt_S-61_desk_work_surface_0004,b35c0cb28e573275,lap_bag_context,wrist_confidence_below_floor,34560.0,1.33,,1,cam12/e1/v1,rtmpose_baseline
full,03.CCTV Mobile Usage.mkv,632de9ed55947761d56d4c6142a3cb1a1fe69d0b1a6d0e01a2e404c697962623,dfine_native,104000.0,mouse,0.378,967.04,398.39,991.84,410.66,304.3,24.8,12.27,2.021,False,,True,R-desk,22,evt_S-61_desk_work_surface_0004,b35c0cb28e573275,lap_bag_context,wrist_confidence_below_floor,34560.0,1.33,,1,cam12/e1/v1,rtmpose_baseline
full,03.CCTV Mobile Usage.mkv,632de9ed55947761d56d4c6142a3cb1a1fe69d0b1a6d0e01a2e404c697962623,dfine_native,104000.0,unknown_object,0.4026,700.01,396.27,757.46,491.38,5464.1,57.45,95.12,0.604,False,,True,R-desk,22,evt_S-61_desk_work_surface_0004,b35c0cb28e573275,lap_bag_context,wrist_confidence_below_floor,34560.0,1.33,,1,cam12/e1/v1,rtmpose_baseline
full,03.CCTV Mobile Usage.mkv,632de9ed55947761d56d4c6142a3cb1a1fe69d0b1a6d0e01a2e404c697962623,dfine_native,104000.0,monitor_or_bezel,0.268,1016.78,395.87,1147.64,488.61,12135.6,130.86,92.74,1.411,False,,True,R-desk,22,evt_S-61_desk_work_surface_0004,b35c0cb28e573275,lap_bag_context,wrist_confidence_below_floor,34560.0,1.33,,1,cam12/e1/v1,rtmpose_baseline
full,03.CCTV Mobile Usage.mkv,632de9ed55947761d56d4c6142a3cb1a1fe69d0b1a6d0e01a2e404c697962623,dfine_native,104000.0,mouse,0.2747,991.52,401.12,1028.12,413.65,458.7,36.6,12.53,2.92,False,,True,R-desk,22,evt_S-61_desk_work_surface_0004,b35c0cb28e573275,lap_bag_context,wrist_confidence_below_floor,34560.0,1.33,,1,cam12/e1/v1,rtmpose_baseline
full,03.CCTV Mobile Usage.mkv,632de9ed55947761d56d4c6142a3cb1a1fe69d0b1a6d0e01a2e404c697962623,dfine_native,104000.0,monitor_or_bezel,0.4352,817.03,8.01,844.21,44.19,983.6,27.19,36.18,0.751,False,,True,unattributed,18,evt_S-61_desk_work_surface_0004,e0d73f122f313349,native_source_context_fallback,wrist_confidence_below_floor,9340.2,6.62,,1,cam12/e1/v1,rtmpose_baseline
full,03.CCTV Mobile Usage.mkv,632de9ed55947761d56d4c6142a3cb1a1fe69d0b1a6d0e01a2e404c697962623,dfine_native,104000.0,unknown_object,0.2584,830.7,84.54,913.87,103.82,1604.2,83.17,19.29,4.312,False,,True,unattributed,18,evt_S-61_desk_work_surface_0004,e0d73f122f313349,native_source_context_fallback,wrist_confidence_below_floor,9340.2,6.62,,1,cam12/e1/v1,rtmpose_baseline
full,03.CCTV Mobile Usage.mkv,632de9ed55947761d56d4c6142a3cb1a1fe69d0b1a6d0e01a2e404c697962623,dfine_native,104067.0,keyboard,0.9169,962.28,451.95,1068.03,491.44,4176.6,105.75,39.5,2.678,False,,True,R-desk,22,evt_S-61_upper_body_0018,106fe20c61c64386,lap_bag_context,no_pose_observation,34560.0,1.33,,1,cam12/e1/v1,
full,03.CCTV Mobile Usage.mkv,632de9ed55947761d56d4c6142a3cb1a1fe69d0b1a6d0e01a2e404c697962623,dfine_native,104067.0,unknown_object,0.7169,699.87,396.2,848.57,491.79,14213.2,148.7,95.58,1.556,False,,True,R-desk,22,evt_S-61_upper_body_0018,106fe20c61c64386,lap_bag_context,no_pose_observation,34560.0,1.33,,1,cam12/e1/v1,
full,03.CCTV Mobile Usage.mkv,632de9ed55947761d56d4c6142a3cb1a1fe69d0b1a6d0e01a2e404c697962623,dfine_native,104067.0,monitor_or_bezel,0.7088,1018.98,395.77,1146.16,448.53,6710.8,127.19,52.76,2.411,False,,True,R-desk,22,evt_S-61_upper_body_0018,106fe20c61c64386,lap_bag_context,no_pose_observation,34560.0,1.33,,1,cam12/e1/v1,
full,03.CCTV Mobile Usage.mkv,632de9ed55947761d56d4c6142a3cb1a1fe69d0b1a6d0e01a2e404c697962623,dfine_native,104067.0,mouse,0.6124,864.7,413.78,891.99,435.09,581.7,27.3,21.31,1.281,False,,True,R-desk,22,evt_S-61_upper_body_0018,106fe20c61c64386,lap_bag_context,no_pose_observation,34560.0,1.33,,1,cam12/e1/v1,
full,03.CCTV Mobile Usage.mkv,632de9ed55947761d56d4c6142a3cb1a1fe69d0b1a6d0e01a2e404c697962623,dfine_native,104067.0,keyboard,0.5548,802.84,396.3,870.33,420.63,1642.4,67.49,24.34,2.773,False,,True,R-desk,22,evt_S-61_upper_body_0018,106fe20c61c64386,lap_bag_context,no_pose_observation,34560.0,1.33,,1,cam12/e1/v1,
full,03.CCTV Mobile Usage.mkv,632de9ed55947761d56d4c6142a3cb1a1fe69d0b1a6d0e01a2e404c697962623,dfine_native,104067.0,unknown_object,0.2637,700.06,396.12,772.49,491.91,6938.3,72.43,95.8,0.756,False,,True,R-desk,22,evt_S-61_upper_body_0018,106fe20c61c64386,lap_bag_context,no_pose_observation,34560.0,1.33,,1,cam12/e1/v1,
full,03.CCTV Mobile Usage.mkv,632de9ed55947761d56d4c6142a3cb1a1fe69d0b1a6d0e01a2e404c697962623,dfine_native,104067.0,monitor_or_bezel,0.3664,880.89,396.16,948.81,452.62,3834.7,67.92,56.46,1.203,False,,True,R-desk,22,evt_S-61_upper_body_0018,106fe20c61c64386,lap_bag_context,no_pose_observation,34560.0,1.33,,1,cam12/e1/v1,
full,03.CCTV Mobile Usage.mkv,632de9ed55947761d56d4c6142a3cb1a1fe69d0b1a6d0e01a2e404c697962623,dfine_native,104067.0,mouse,0.378,967.04,398.39,991.84,410.66,304.3,24.8,12.27,2.021,False,,True,R-desk,22,evt_S-61_upper_body_0018,106fe20c61c64386,lap_bag_context,no_pose_observation,34560.0,1.33,,1,cam12/e1/v1,
full,03.CCTV Mobile Usage.mkv,632de9ed55947761d56d4c6142a3cb1a1fe69d0b1a6d0e01a2e404c697962623,dfine_native,104067.0,unknown_object,0.4026,700.01,396.27,757.46,491.38,5464.1,57.45,95.12,0.604,False,,True,R-desk,22,evt_S-61_upper_body_0018,106fe20c61c64386,lap_bag_context,no_pose_observation,34560.0,1.33,,1,cam12/e1/v1,
full,03.CCTV Mobile Usage.mkv,632de9ed55947761d56d4c6142a3cb1a1fe69d0b1a6d0e01a2e404c697962623,dfine_native,104067.0,monitor_or_bezel,0.268,1016.78,395.87,1147.64,488.61,12135.6,130.86,92.74,1.411,False,,True,R-desk,22,evt_S-61_upper_body_0018,106fe20c61c64386,lap_bag_context,no_pose_observation,34560.0,1.33,,1,cam12/e1/v1,
full,03.CCTV Mobile Usage.mkv,632de9ed55947761d56d4c6142a3cb1a1fe69d0b1a6d0e01a2e404c697962623,dfine_native,104067.0,mouse,0.2747,991.52,401.12,1028.12,413.65,458.7,36.6,12.53,2.92,False,,True,R-desk,22,evt_S-61_upper_body_0018,106fe20c61c64386,lap_bag_context,no_pose_observation,34560.0,1.33,,1,cam12/e1/v1,
full,03.CCTV Mobile Usage.mkv,632de9ed55947761d56d4c6142a3cb1a1fe69d0b1a6d0e01a2e404c697962623,dfine_native,104067.0,keyboard,0.9169,962.28,451.95,1068.03,491.44,4176.6,105.75,39.5,2.678,False,,True,R-desk,21,evt_S-61_upper_body_0018,106fe20c61c64386,lap_bag_context,no_pose_observation,34560.0,1.33,,1,cam12/e1/v1,
full,03.CCTV Mobile Usage.mkv,632de9ed55947761d56d4c6142a3cb1a1fe69d0b1a6d0e01a2e404c697962623,dfine_native,104067.0,unknown_object,0.7169,699.87,396.2,848.57,491.79,14213.2,148.7,95.58,1.556,False,,True,R-desk,21,evt_S-61_upper_body_0018,106fe20c61c64386,lap_bag_context,no_pose_observation,34560.0,1.33,,1,cam12/e1/v1,
full,03.CCTV Mobile Usage.mkv,632de9ed55947761d56d4c6142a3cb1a1fe69d0b1a6d0e01a2e404c697962623,dfine_native,104067.0,monitor_or_bezel,0.7088,1018.98,395.77,1146.16,448.53,6710.8,127.19,52.76,2.411,False,,True,R-desk,21,evt_S-61_upper_body_0018,106fe20c61c64386,lap_bag_context,no_pose_observation,34560.0,1.33,,1,cam12/e1/v1,
full,03.CCTV Mobile Usage.mkv,632de9ed55947761d56d4c6142a3cb1a1fe69d0b1a6d0e01a2e404c697962623,dfine_native,104067.0,mouse,0.6124,864.7,413.78,891.99,435.09,581.7,27.3,21.31,1.281,False,,True,R-desk,21,evt_S-61_upper_body_0018,106fe20c61c64386,lap_bag_context,no_pose_observation,34560.0,1.33,,1,cam12/e1/v1,
full,03.CCTV Mobile Usage.mkv,632de9ed55947761d56d4c6142a3cb1a1fe69d0b1a6d0e01a2e404c697962623,dfine_native,104067.0,keyboard,0.5548,802.84,396.3,870.33,420.63,1642.4,67.49,24.34,2.773,False,,True,R-desk,21,evt_S-61_upper_body_0018,106fe20c61c64386,lap_bag_context,no_pose_observation,34560.0,1.33,,1,cam12/e1/v1,
full,03.CCTV Mobile Usage.mkv,632de9ed55947761d56d4c6142a3cb1a1fe69d0b1a6d0e01a2e404c697962623,dfine_native,104067.0,unknown_object,0.2637,700.06,396.12,772.49,491.91,6938.3,72.43,95.8,0.756,False,,True,R-desk,21,evt_S-61_upper_body_0018,106fe20c61c64386,lap_bag_context,no_pose_observation,34560.0,1.33,,1,cam12/e1/v1,
full,03.CCTV Mobile Usage.mkv,632de9ed55947761d56d4c6142a3cb1a1fe69d0b1a6d0e01a2e404c697962623,dfine_native,104067.0,monitor_or_bezel,0.3664,880.89,396.16,948.81,452.62,3834.7,67.92,56.46,1.203,False,,True,R-desk,21,evt_S-61_upper_body_0018,106fe20c61c64386,lap_bag_context,no_pose_observation,34560.0,1.33,,1,cam12/e1/v1,
full,03.CCTV Mobile Usage.mkv,632de9ed55947761d56d4c6142a3cb1a1fe69d0b1a6d0e01a2e404c697962623,dfine_native,104067.0,mouse,0.378,967.04,398.39,991.84,410.66,304.3,24.8,12.27,2.021,False,,True,R-desk,21,evt_S-61_upper_body_0018,106fe20c61c64386,lap_bag_context,no_pose_observation,34560.0,1.33,,1,cam12/e1/v1,
full,03.CCTV Mobile Usage.mkv,632de9ed55947761d56d4c6142a3cb1a1fe69d0b1a6d0e01a2e404c697962623,dfine_native,104067.0,unknown_object,0.4026,700.01,396.27,757.46,491.38,5464.1,57.45,95.12,0.604,False,,True,R-desk,21,evt_S-61_upper_body_0018,106fe20c61c64386,lap_bag_context,no_pose_observation,34560.0,1.33,,1,cam12/e1/v1,
full,03.CCTV Mobile Usage.mkv,632de9ed55947761d56d4c6142a3cb1a1fe69d0b1a6d0e01a2e404c697962623,dfine_native,104067.0,monitor_or_bezel,0.268,1016.78,395.87,1147.64,488.61,12135.6,130.86,92.74,1.411,False,,True,R-desk,21,evt_S-61_upper_body_0018,106fe20c61c64386,lap_bag_context,no_pose_observation,34560.0,1.33,,1,cam12/e1/v1,
full,03.CCTV Mobile Usage.mkv,632de9ed55947761d56d4c6142a3cb1a1fe69d0b1a6d0e01a2e404c697962623,dfine_native,104067.0,mouse,0.2747,991.52,401.12,1028.12,413.65,458.7,36.6,12.53,2.92,False,,True,R-desk,21,evt_S-61_upper_body_0018,106fe20c61c64386,lap_bag_context,no_pose_observation,34560.0,1.33,,1,cam12/e1/v1,
full,03.CCTV Mobile Usage.mkv,632de9ed55947761d56d4c6142a3cb1a1fe69d0b1a6d0e01a2e404c697962623,dfine_native,104067.0,monitor_or_bezel,0.4426,817.02,8.01,844.23,44.37,989.1,27.2,36.36,0.748,False,,True,unattributed,18,evt_S-61_upper_body_0018,803a895752aa8ab0,native_source_context_fallback,wrist_confidence_below_floor,9340.2,6.61,,1,cam12/e1/v1,rtmpose_baseline
full,03.CCTV Mobile Usage.mkv,632de9ed55947761d56d4c6142a3cb1a1fe69d0b1a6d0e01a2e404c697962623,dfine_native,104067.0,unknown_object,0.2644,830.77,84.82,913.88,103.84,1580.6,83.11,19.02,4.37,False,,True,unattributed,18,evt_S-61_upper_body_0018,803a895752aa8ab0,native_source_context_fallback,wrist_confidence_below_floor,9340.2,6.61,,1,cam12/e1/v1,rtmpose_baseline
full,03.CCTV Mobile Usage.mkv,632de9ed55947761d56d4c6142a3cb1a1fe69d0b1a6d0e01a2e404c697962623,dfine_native,104067.0,unknown_object,0.3028,-0.47,338.32,186.68,535.03,36814.8,187.15,196.71,0.951,False,,True,S-61,17,evt_S-61_upper_body_0018,c23c170093e5b93f,pose_hand_context,,38602.3,3.23,,1,cam12/e1/v1,rtmpose_baseline
full,03.CCTV Mobile Usage.mkv,632de9ed55947761d56d4c6142a3cb1a1fe69d0b1a6d0e01a2e404c697962623,dfine_native,104500.0,unknown_object,0.3323,115.0,503.39,284.72,678.34,29693.7,169.73,174.95,0.97,False,,True,S-61,17,evt_S-61_desk_work_surface_0004,11a84f3ed4dbc72d,pose_hand_context,,58341.6,2.65,,1,cam12/e1/v1,rtmpose_baseline
full,03.CCTV Mobile Usage.mkv,632de9ed55947761d56d4c6142a3cb1a1fe69d0b1a6d0e01a2e404c697962623,dfine_native,104500.0,mouse,0.3677,115.46,649.2,156.81,679.94,1271.1,41.35,30.74,1.345,False,,True,S-61,17,evt_S-61_desk_work_surface_0004,11a84f3ed4dbc72d,pose_hand_context,,58341.6,2.65,,1,cam12/e1/v1,rtmpose_baseline
full,03.CCTV Mobile Usage.mkv,632de9ed55947761d56d4c6142a3cb1a1fe69d0b1a6d0e01a2e404c697962623,dfine_native,104500.0,unknown_object,0.2954,245.24,556.85,355.76,678.63,13458.7,110.52,121.78,0.907,False,,True,S-61,17,evt_S-61_desk_work_surface_0004,11a84f3ed4dbc72d,pose_hand_context,,58341.6,2.65,,1,cam12/e1/v1,rtmpose_baseline
full,03.CCTV Mobile Usage.mkv,632de9ed55947761d56d4c6142a3cb1a1fe69d0b1a6d0e01a2e404c697962623,dfine_native,104500.0,unknown_object,0.277,115.11,454.71,211.55,564.75,10612.0,96.44,110.04,0.876,False,,True,S-61,17,evt_S-61_desk_work_surface_0004,11a84f3ed4dbc72d,pose_hand_context,,58341.6,2.65,,1,cam12/e1/v1,rtmpose_baseline
full,03.CCTV Mobile Usage.mkv,632de9ed55947761d56d4c6142a3cb1a1fe69d0b1a6d0e01a2e404c697962623,dfine_native,104500.0,secondary_paper_chit,0.2553,114.98,455.15,177.88,522.2,4217.4,62.9,67.05,0.938,False,,True,S-61,17,evt_S-61_desk_work_surface_0004,11a84f3ed4dbc72d,pose_hand_context,,58341.6,2.65,,1,cam12/e1/v1,rtmpose_baseline
full,03.CCTV Mobile Usage.mkv,632de9ed55947761d56d4c6142a3cb1a1fe69d0b1a6d0e01a2e404c697962623,dfine_native,104500.0,monitor_or_bezel,0.5251,816.03,8.07,843.97,44.72,1024.1,27.94,36.65,0.762,False,,True,unattributed,18,evt_S-61_desk_work_surface_0004,394db3e8861080b1,native_source_context_fallback,wrist_confidence_below_floor,9542.4,6.55,,1,cam12/e1/v1,rtmpose_baseline
full,03.CCTV Mobile Usage.mkv,632de9ed55947761d56d4c6142a3cb1a1fe69d0b1a6d0e01a2e404c697962623,dfine_native,104500.0,phone,0.2781,847.66,83.12,859.86,87.09,48.5,12.2,3.97,3.071,True,object footprint 48 px is under the 120 px floor for a call,False,unattributed,18,evt_S-61_desk_work_surface_0004,394db3e8861080b1,native_source_context_fallback,wrist_confidence_below_floor,9542.4,6.55,,1,cam12/e1/v1,rtmpose_baseline
full,03.CCTV Mobile Usage.mkv,632de9ed55947761d56d4c6142a3cb1a1fe69d0b1a6d0e01a2e404c697962623,dfine_native,104500.0,keyboard,0.9115,962.23,451.9,1067.99,491.47,4185.0,105.76,39.57,2.673,False,,True,R-desk,22,evt_S-61_desk_work_surface_0004,e9011dbea08156df,lap_bag_context,no_pose_observation,34560.0,1.33,,1,cam12/e1/v1,
full,03.CCTV Mobile Usage.mkv,632de9ed55947761d56d4c6142a3cb1a1fe69d0b1a6d0e01a2e404c697962623,dfine_native,104500.0,unknown_object,0.7167,699.91,396.21,848.01,492.02,14190.0,148.11,95.81,1.546,False,,True,R-desk,22,evt_S-61_desk_work_surface_0004,e9011dbea08156df,lap_bag_context,no_pose_observation,34560.0,1.33,,1,cam12/e1/v1,
full,03.CCTV Mobile Usage.mkv,632de9ed55947761d56d4c6142a3cb1a1fe69d0b1a6d0e01a2e404c697962623,dfine_native,104500.0,monitor_or_bezel,0.7261,1018.62,395.7,1146.02,448.32,6703.7,127.4,52.62,2.421,False,,True,R-desk,22,evt_S-61_desk_work_surface_0004,e9011dbea08156df,lap_bag_context,no_pose_observation,34560.0,1.33,,1,cam12/e1/v1,
full,03.CCTV Mobile Usage.mkv,632de9ed55947761d56d4c6142a3cb1a1fe69d0b1a6d0e01a2e404c697962623,dfine_native,104500.0,keyboard,0.5058,802.77,396.29,870.37,420.63,1646.0,67.6,24.35,2.777,False,,True,R-desk,22,evt_S-61_desk_work_surface_0004,e9011dbea08156df,lap_bag_context,no_pose_observation,34560.0,1.33,,1,cam12/e1/v1,
full,03.CCTV Mobile Usage.mkv,632de9ed55947761d56d4c6142a3cb1a1fe69d0b1a6d0e01a2e404c697962623,dfine_native,104500.0,mouse,0.6152,864.53,413.73,891.88,435.29,589.7,27.36,21.56,1.269,False,,True,R-desk,22,evt_S-61_desk_work_surface_0004,e9011dbea08156df,lap_bag_context,no_pose_observation,34560.0,1.33,,1,cam12/e1/v1,
full,03.CCTV Mobile Usage.mkv,632de9ed55947761d56d4c6142a3cb1a1fe69d0b1a6d0e01a2e404c697962623,dfine_native,104500.0,monitor_or_bezel,0.2588,1012.45,395.59,1147.5,487.69,12438.0,135.06,92.09,1.467,False,,True,R-desk,22,evt_S-61_desk_work_surface_0004,e9011dbea08156df,lap_bag_context,no_pose_observation,34560.0,1.33,,1,cam12/e1/v1,
full,03.CCTV Mobile Usage.mkv,632de9ed55947761d56d4c6142a3cb1a1fe69d0b1a6d0e01a2e404c697962623,dfine_native,104500.0,unknown_object,0.4238,700.04,396.2,760.48,491.67,5769.9,60.44,95.47,0.633,False,,True,R-desk,22,evt_S-61_desk_work_surface_0004,e9011dbea08156df,lap_bag_context,no_pose_observation,34560.0,1.33,,1,cam12/e1/v1,
full,03.CCTV Mobile Usage.mkv,632de9ed55947761d56d4c6142a3cb1a1fe69d0b1a6d0e01a2e404c697962623,dfine_native,104500.0,monitor_or_bezel,0.316,881.23,396.15,949.07,452.7,3836.2,67.84,56.55,1.2,False,,True,R-desk,22,evt_S-61_desk_work_surface_0004,e9011dbea08156df,lap_bag_context,no_pose_observation,34560.0,1.33,,1,cam12/e1/v1,
full,03.CCTV Mobile Usage.mkv,632de9ed55947761d56d4c6142a3cb1a1fe69d0b1a6d0e01a2e404c697962623,dfine_native,104500.0,mouse,0.3672,967.05,398.43,991.94,410.69,305.1,24.89,12.26,2.03,False,,True,R-desk,22,evt_S-61_desk_work_surface_0004,e9011dbea08156df,lap_bag_context,no_pose_observation,34560.0,1.33,,1,cam12/e1/v1,
full,03.CCTV Mobile Usage.mkv,632de9ed55947761d56d4c6142a3cb1a1fe69d0b1a6d0e01a2e404c697962623,dfine_native,104500.0,keyboard,0.9115,962.23,451.9,1067.99,491.47,4185.0,105.76,39.57,2.673,False,,True,R-desk,21,evt_S-61_desk_work_surface_0004,e9011dbea08156df,lap_bag_context,no_pose_observation,34560.0,1.33,,1,cam12/e1/v1,
full,03.CCTV Mobile Usage.mkv,632de9ed55947761d56d4c6142a3cb1a1fe69d0b1a6d0e01a2e404c697962623,dfine_native,104500.0,unknown_object,0.7167,699.91,396.21,848.01,492.02,14190.0,148.11,95.81,1.546,False,,True,R-desk,21,evt_S-61_desk_work_surface_0004,e9011dbea08156df,lap_bag_context,no_pose_observation,34560.0,1.33,,1,cam12/e1/v1,
full,03.CCTV Mobile Usage.mkv,632de9ed55947761d56d4c6142a3cb1a1fe69d0b1a6d0e01a2e404c697962623,dfine_native,104500.0,monitor_or_bezel,0.7261,1018.62,395.7,1146.02,448.32,6703.7,127.4,52.62,2.421,False,,True,R-desk,21,evt_S-61_desk_work_surface_0004,e9011dbea08156df,lap_bag_context,no_pose_observation,34560.0,1.33,,1,cam12/e1/v1,
full,03.CCTV Mobile Usage.mkv,632de9ed55947761d56d4c6142a3cb1a1fe69d0b1a6d0e01a2e404c697962623,dfine_native,104500.0,keyboard,0.5058,802.77,396.29,870.37,420.63,1646.0,67.6,24.35,2.777,False,,True,R-desk,21,evt_S-61_desk_work_surface_0004,e9011dbea08156df,lap_bag_context,no_pose_observation,34560.0,1.33,,1,cam12/e1/v1,
full,03.CCTV Mobile Usage.mkv,632de9ed55947761d56d4c6142a3cb1a1fe69d0b1a6d0e01a2e404c697962623,dfine_native,104500.0,mouse,0.6152,864.53,413.73,891.88,435.29,589.7,27.36,21.56,1.269,False,,True,R-desk,21,evt_S-61_desk_work_surface_0004,e9011dbea08156df,lap_bag_context,no_pose_observation,34560.0,1.33,,1,cam12/e1/v1,
full,03.CCTV Mobile Usage.mkv,632de9ed55947761d56d4c6142a3cb1a1fe69d0b1a6d0e01a2e404c697962623,dfine_native,104500.0,monitor_or_bezel,0.2588,1012.45,395.59,1147.5,487.69,12438.0,135.06,92.09,1.467,False,,True,R-desk,21,evt_S-61_desk_work_surface_0004,e9011dbea08156df,lap_bag_context,no_pose_observation,34560.0,1.33,,1,cam12/e1/v1,
full,03.CCTV Mobile Usage.mkv,632de9ed55947761d56d4c6142a3cb1a1fe69d0b1a6d0e01a2e404c697962623,dfine_native,104500.0,unknown_object,0.4238,700.04,396.2,760.48,491.67,5769.9,60.44,95.47,0.633,False,,True,R-desk,21,evt_S-61_desk_work_surface_0004,e9011dbea08156df,lap_bag_context,no_pose_observation,34560.0,1.33,,1,cam12/e1/v1,
full,03.CCTV Mobile Usage.mkv,632de9ed55947761d56d4c6142a3cb1a1fe69d0b1a6d0e01a2e404c697962623,dfine_native,104500.0,monitor_or_bezel,0.316,881.23,396.15,949.07,452.7,3836.2,67.84,56.55,1.2,False,,True,R-desk,21,evt_S-61_desk_work_surface_0004,e9011dbea08156df,lap_bag_context,no_pose_observation,34560.0,1.33,,1,cam12/e1/v1,
full,03.CCTV Mobile Usage.mkv,632de9ed55947761d56d4c6142a3cb1a1fe69d0b1a6d0e01a2e404c697962623,dfine_native,104500.0,mouse,0.3672,967.05,398.43,991.94,410.69,305.1,24.89,12.26,2.03,False,,True,R-desk,21,evt_S-61_desk_work_surface_0004,e9011dbea08156df,lap_bag_context,no_pose_observation,34560.0,1.33,,1,cam12/e1/v1,
full,03.CCTV Mobile Usage.mkv,632de9ed55947761d56d4c6142a3cb1a1fe69d0b1a6d0e01a2e404c697962623,dfine_native,104500.0,unknown_object,0.6148,541.72,51.53,574.3,87.25,1163.8,32.58,35.72,0.912,False,,True,unattributed,23,evt_S-61_desk_work_surface_0004,fd9e993113506b6c,native_source_context_fallback,no_pose_observation,6818.0,7.42,,1,cam12/e1/v1,
full,03.CCTV Mobile Usage.mkv,632de9ed55947761d56d4c6142a3cb1a1fe69d0b1a6d0e01a2e404c697962623,dfine_native,104500.0,unknown_object,0.2864,497.07,49.93,592.85,95.64,4378.2,95.78,45.71,2.095,False,,True,unattributed,23,evt_S-61_desk_work_surface_0004,fd9e993113506b6c,native_source_context_fallback,no_pose_observation,6818.0,7.42,,1,cam12/e1/v1,
full,03.CCTV Mobile Usage.mkv,632de9ed55947761d56d4c6142a3cb1a1fe69d0b1a6d0e01a2e404c697962623,dfine_native,104500.0,unknown_object,0.2882,542.3,52.39,573.49,83.96,984.9,31.19,31.57,0.988,False,,True,unattributed,23,evt_S-61_desk_work_surface_0004,fd9e993113506b6c,native_source_context_fallback,no_pose_observation,6818.0,7.42,,1,cam12/e1/v1,
full,03.CCTV Mobile Usage.mkv,632de9ed55947761d56d4c6142a3cb1a1fe69d0b1a6d0e01a2e404c697962623,dfine_native,104500.0,unknown_object,0.2515,497.09,72.36,592.83,95.85,2248.9,95.74,23.49,4.076,False,,True,unattributed,23,evt_S-61_desk_work_surface_0004,fd9e993113506b6c,native_source_context_fallback,no_pose_observation,6818.0,7.42,,1,cam12/e1/v1,
full,03.CCTV Mobile Usage.mkv,632de9ed55947761d56d4c6142a3cb1a1fe69d0b1a6d0e01a2e404c697962623,dfine_native,104567.0,monitor_or_bezel,0.5251,816.03,8.07,843.97,44.72,1024.1,27.94,36.65,0.762,False,,True,unattributed,18,evt_S-61_upper_body_0018,1daf3ec601825ce3,native_source_context_fallback,wrist_confidence_below_floor,9542.4,6.55,,1,cam12/e1/v1,rtmpose_baseline
full,03.CCTV Mobile Usage.mkv,632de9ed55947761d56d4c6142a3cb1a1fe69d0b1a6d0e01a2e404c697962623,dfine_native,104567.0,phone,0.2781,847.66,83.12,859.86,87.09,48.5,12.2,3.97,3.071,True,object footprint 48 px is under the 120 px floor for a call,False,unattributed,18,evt_S-61_upper_body_0018,1daf3ec601825ce3,native_source_context_fallback,wrist_confidence_below_floor,9542.4,6.55,,1,cam12/e1/v1,rtmpose_baseline
full,03.CCTV Mobile Usage.mkv,632de9ed55947761d56d4c6142a3cb1a1fe69d0b1a6d0e01a2e404c697962623,dfine_native,104567.0,keyboard,0.9115,962.23,451.9,1067.99,491.47,4185.0,105.76,39.57,2.673,False,,True,R-desk,22,evt_S-61_upper_body_0018,8ca22b446aadb599,lap_bag_context,no_pose_observation,34560.0,1.33,,1,cam12/e1/v1,
full,03.CCTV Mobile Usage.mkv,632de9ed55947761d56d4c6142a3cb1a1fe69d0b1a6d0e01a2e404c697962623,dfine_native,104567.0,unknown_object,0.7167,699.91,396.21,848.01,492.02,14190.0,148.11,95.81,1.546,False,,True,R-desk,22,evt_S-61_upper_body_0018,8ca22b446aadb599,lap_bag_context,no_pose_observation,34560.0,1.33,,1,cam12/e1/v1,
full,03.CCTV Mobile Usage.mkv,632de9ed55947761d56d4c6142a3cb1a1fe69d0b1a6d0e01a2e404c697962623,dfine_native,104567.0,monitor_or_bezel,0.7261,1018.62,395.7,1146.02,448.32,6703.7,127.4,52.62,2.421,False,,True,R-desk,22,evt_S-61_upper_body_0018,8ca22b446aadb599,lap_bag_context,no_pose_observation,34560.0,1.33,,1,cam12/e1/v1,
full,03.CCTV Mobile Usage.mkv,632de9ed55947761d56d4c6142a3cb1a1fe69d0b1a6d0e01a2e404c697962623,dfine_native,104567.0,keyboard,0.5058,802.77,396.29,870.37,420.63,1646.0,67.6,24.35,2.777,False,,True,R-desk,22,evt_S-61_upper_body_0018,8ca22b446aadb599,lap_bag_context,no_pose_observation,34560.0,1.33,,1,cam12/e1/v1,
full,03.CCTV Mobile Usage.mkv,632de9ed55947761d56d4c6142a3cb1a1fe69d0b1a6d0e01a2e404c697962623,dfine_native,104567.0,mouse,0.6152,864.53,413.73,891.88,435.29,589.7,27.36,21.56,1.269,False,,True,R-desk,22,evt_S-61_upper_body_0018,8ca22b446aadb599,lap_bag_context,no_pose_observation,34560.0,1.33,,1,cam12/e1/v1,
full,03.CCTV Mobile Usage.mkv,632de9ed55947761d56d4c6142a3cb1a1fe69d0b1a6d0e01a2e404c697962623,dfine_native,104567.0,monitor_or_bezel,0.2588,1012.45,395.59,1147.5,487.69,12438.0,135.06,92.09,1.467,False,,True,R-desk,22,evt_S-61_upper_body_0018,8ca22b446aadb599,lap_bag_context,no_pose_observation,34560.0,1.33,,1,cam12/e1/v1,
full,03.CCTV Mobile Usage.mkv,632de9ed55947761d56d4c6142a3cb1a1fe69d0b1a6d0e01a2e404c697962623,dfine_native,104567.0,unknown_object,0.4238,700.04,396.2,760.48,491.67,5769.9,60.44,95.47,0.633,False,,True,R-desk,22,evt_S-61_upper_body_0018,8ca22b446aadb599,lap_bag_context,no_pose_observation,34560.0,1.33,,1,cam12/e1/v1,
full,03.CCTV Mobile Usage.mkv,632de9ed55947761d56d4c6142a3cb1a1fe69d0b1a6d0e01a2e404c697962623,dfine_native,104567.0,monitor_or_bezel,0.316,881.23,396.15,949.07,452.7,3836.2,67.84,56.55,1.2,False,,True,R-desk,22,evt_S-61_upper_body_0018,8ca22b446aadb599,lap_bag_context,no_pose_observation,34560.0,1.33,,1,cam12/e1/v1,
full,03.CCTV Mobile Usage.mkv,632de9ed55947761d56d4c6142a3cb1a1fe69d0b1a6d0e01a2e404c697962623,dfine_native,104567.0,mouse,0.3672,967.05,398.43,991.94,410.69,305.1,24.89,12.26,2.03,False,,True,R-desk,22,evt_S-61_upper_body_0018,8ca22b446aadb599,lap_bag_context,no_pose_observation,34560.0,1.33,,1,cam12/e1/v1,
full,03.CCTV Mobile Usage.mkv,632de9ed55947761d56d4c6142a3cb1a1fe69d0b1a6d0e01a2e404c697962623,dfine_native,104567.0,keyboard,0.9115,962.23,451.9,1067.99,491.47,4185.0,105.76,39.57,2.673,False,,True,R-desk,21,evt_S-61_upper_body_0018,8ca22b446aadb599,lap_bag_context,no_pose_observation,34560.0,1.33,,1,cam12/e1/v1,
full,03.CCTV Mobile Usage.mkv,632de9ed55947761d56d4c6142a3cb1a1fe69d0b1a6d0e01a2e404c697962623,dfine_native,104567.0,unknown_object,0.7167,699.91,396.21,848.01,492.02,14190.0,148.11,95.81,1.546,False,,True,R-desk,21,evt_S-61_upper_body_0018,8ca22b446aadb599,lap_bag_context,no_pose_observation,34560.0,1.33,,1,cam12/e1/v1,
full,03.CCTV Mobile Usage.mkv,632de9ed55947761d56d4c6142a3cb1a1fe69d0b1a6d0e01a2e404c697962623,dfine_native,104567.0,monitor_or_bezel,0.7261,1018.62,395.7,1146.02,448.32,6703.7,127.4,52.62,2.421,False,,True,R-desk,21,evt_S-61_upper_body_0018,8ca22b446aadb599,lap_bag_context,no_pose_observation,34560.0,1.33,,1,cam12/e1/v1,
full,03.CCTV Mobile Usage.mkv,632de9ed55947761d56d4c6142a3cb1a1fe69d0b1a6d0e01a2e404c697962623,dfine_native,104567.0,keyboard,0.5058,802.77,396.29,870.37,420.63,1646.0,67.6,24.35,2.777,False,,True,R-desk,21,evt_S-61_upper_body_0018,8ca22b446aadb599,lap_bag_context,no_pose_observation,34560.0,1.33,,1,cam12/e1/v1,
full,03.CCTV Mobile Usage.mkv,632de9ed55947761d56d4c6142a3cb1a1fe69d0b1a6d0e01a2e404c697962623,dfine_native,104567.0,mouse,0.6152,864.53,413.73,891.88,435.29,589.7,27.36,21.56,1.269,False,,True,R-desk,21,evt_S-61_upper_body_0018,8ca22b446aadb599,lap_bag_context,no_pose_observation,34560.0,1.33,,1,cam12/e1/v1,
full,03.CCTV Mobile Usage.mkv,632de9ed55947761d56d4c6142a3cb1a1fe69d0b1a6d0e01a2e404c697962623,dfine_native,104567.0,monitor_or_bezel,0.2588,1012.45,395.59,1147.5,487.69,12438.0,135.06,92.09,1.467,False,,True,R-desk,21,evt_S-61_upper_body_0018,8ca22b446aadb599,lap_bag_context,no_pose_observation,34560.0,1.33,,1,cam12/e1/v1,
full,03.CCTV Mobile Usage.mkv,632de9ed55947761d56d4c6142a3cb1a1fe69d0b1a6d0e01a2e404c697962623,dfine_native,104567.0,unknown_object,0.4238,700.04,396.2,760.48,491.67,5769.9,60.44,95.47,0.633,False,,True,R-desk,21,evt_S-61_upper_body_0018,8ca22b446aadb599,lap_bag_context,no_pose_observation,34560.0,1.33,,1,cam12/e1/v1,
full,03.CCTV Mobile Usage.mkv,632de9ed55947761d56d4c6142a3cb1a1fe69d0b1a6d0e01a2e404c697962623,dfine_native,104567.0,monitor_or_bezel,0.316,881.23,396.15,949.07,452.7,3836.2,67.84,56.55,1.2,False,,True,R-desk,21,evt_S-61_upper_body_0018,8ca22b446aadb599,lap_bag_context,no_pose_observation,34560.0,1.33,,1,cam12/e1/v1,
full,03.CCTV Mobile Usage.mkv,632de9ed55947761d56d4c6142a3cb1a1fe69d0b1a6d0e01a2e404c697962623,dfine_native,104567.0,mouse,0.3672,967.05,398.43,991.94,410.69,305.1,24.89,12.26,2.03,False,,True,R-desk,21,evt_S-61_upper_body_0018,8ca22b446aadb599,lap_bag_context,no_pose_observation,34560.0,1.33,,1,cam12/e1/v1,
full,03.CCTV Mobile Usage.mkv,632de9ed55947761d56d4c6142a3cb1a1fe69d0b1a6d0e01a2e404c697962623,dfine_native,104567.0,unknown_object,0.3323,115.0,503.39,284.72,678.34,29693.7,169.73,174.95,0.97,False,,True,S-61,17,evt_S-61_upper_body_0018,f12ee8a51e9e3280,pose_hand_context,,58341.6,2.65,,1,cam12/e1/v1,rtmpose_baseline
full,03.CCTV Mobile Usage.mkv,632de9ed55947761d56d4c6142a3cb1a1fe69d0b1a6d0e01a2e404c697962623,dfine_native,104567.0,mouse,0.3677,115.46,649.2,156.81,679.94,1271.1,41.35,30.74,1.345,False,,True,S-61,17,evt_S-61_upper_body_0018,f12ee8a51e9e3280,pose_hand_context,,58341.6,2.65,,1,cam12/e1/v1,rtmpose_baseline
full,03.CCTV Mobile Usage.mkv,632de9ed55947761d56d4c6142a3cb1a1fe69d0b1a6d0e01a2e404c697962623,dfine_native,104567.0,unknown_object,0.2954,245.24,556.85,355.76,678.63,13458.7,110.52,121.78,0.907,False,,True,S-61,17,evt_S-61_upper_body_0018,f12ee8a51e9e3280,pose_hand_context,,58341.6,2.65,,1,cam12/e1/v1,rtmpose_baseline
full,03.CCTV Mobile Usage.mkv,632de9ed55947761d56d4c6142a3cb1a1fe69d0b1a6d0e01a2e404c697962623,dfine_native,104567.0,unknown_object,0.277,115.11,454.71,211.55,564.75,10612.0,96.44,110.04,0.876,False,,True,S-61,17,evt_S-61_upper_body_0018,f12ee8a51e9e3280,pose_hand_context,,58341.6,2.65,,1,cam12/e1/v1,rtmpose_baseline
full,03.CCTV Mobile Usage.mkv,632de9ed55947761d56d4c6142a3cb1a1fe69d0b1a6d0e01a2e404c697962623,dfine_native,104567.0,secondary_paper_chit,0.2553,114.98,455.15,177.88,522.2,4217.4,62.9,67.05,0.938,False,,True,S-61,17,evt_S-61_upper_body_0018,f12ee8a51e9e3280,pose_hand_context,,58341.6,2.65,,1,cam12/e1/v1,rtmpose_baseline
full,03.CCTV Mobile Usage.mkv,632de9ed55947761d56d4c6142a3cb1a1fe69d0b1a6d0e01a2e404c697962623,dfine_native,104567.0,unknown_object,0.6148,541.72,51.53,574.3,87.25,1163.8,32.58,35.72,0.912,False,,True,unattributed,23,evt_S-61_upper_body_0018,f3cb69b982cc1a58,native_source_context_fallback,no_pose_observation,6818.0,7.42,,1,cam12/e1/v1,
full,03.CCTV Mobile Usage.mkv,632de9ed55947761d56d4c6142a3cb1a1fe69d0b1a6d0e01a2e404c697962623,dfine_native,104567.0,unknown_object,0.2864,497.07,49.93,592.85,95.64,4378.2,95.78,45.71,2.095,False,,True,unattributed,23,evt_S-61_upper_body_0018,f3cb69b982cc1a58,native_source_context_fallback,no_pose_observation,6818.0,7.42,,1,cam12/e1/v1,
full,03.CCTV Mobile Usage.mkv,632de9ed55947761d56d4c6142a3cb1a1fe69d0b1a6d0e01a2e404c697962623,dfine_native,104567.0,unknown_object,0.2882,542.3,52.39,573.49,83.96,984.9,31.19,31.57,0.988,False,,True,unattributed,23,evt_S-61_upper_body_0018,f3cb69b982cc1a58,native_source_context_fallback,no_pose_observation,6818.0,7.42,,1,cam12/e1/v1,
full,03.CCTV Mobile Usage.mkv,632de9ed55947761d56d4c6142a3cb1a1fe69d0b1a6d0e01a2e404c697962623,dfine_native,104567.0,unknown_object,0.2515,497.09,72.36,592.83,95.85,2248.9,95.74,23.49,4.076,False,,True,unattributed,23,evt_S-61_upper_body_0018,f3cb69b982cc1a58,native_source_context_fallback,no_pose_observation,6818.0,7.42,,1,cam12/e1/v1,
full,03.CCTV Mobile Usage.mkv,632de9ed55947761d56d4c6142a3cb1a1fe69d0b1a6d0e01a2e404c697962623,dfine_native,105000.0,keyboard,0.9115,962.23,451.9,1067.99,491.47,4184.9,105.76,39.57,2.673,False,,True,R-desk,22,evt_S-61_desk_work_surface_0004,0a0458d07cb5fedd,lap_bag_context,no_pose_observation,34560.0,1.33,,1,cam12/e1/v1,
full,03.CCTV Mobile Usage.mkv,632de9ed55947761d56d4c6142a3cb1a1fe69d0b1a6d0e01a2e404c697962623,dfine_native,105000.0,unknown_object,0.7167,699.91,396.21,848.01,492.02,14190.2,148.11,95.81,1.546,False,,True,R-desk,22,evt_S-61_desk_work_surface_0004,0a0458d07cb5fedd,lap_bag_context,no_pose_observation,34560.0,1.33,,1,cam12/e1/v1,
full,03.CCTV Mobile Usage.mkv,632de9ed55947761d56d4c6142a3cb1a1fe69d0b1a6d0e01a2e404c697962623,dfine_native,105000.0,monitor_or_bezel,0.726,1018.62,395.7,1146.02,448.32,6704.0,127.4,52.62,2.421,False,,True,R-desk,22,evt_S-61_desk_work_surface_0004,0a0458d07cb5fedd,lap_bag_context,no_pose_observation,34560.0,1.33,,1,cam12/e1/v1,
full,03.CCTV Mobile Usage.mkv,632de9ed55947761d56d4c6142a3cb1a1fe69d0b1a6d0e01a2e404c697962623,dfine_native,105000.0,keyboard,0.5057,802.77,396.29,870.37,420.63,1646.0,67.6,24.35,2.777,False,,True,R-desk,22,evt_S-61_desk_work_surface_0004,0a0458d07cb5fedd,lap_bag_context,no_pose_observation,34560.0,1.33,,1,cam12/e1/v1,
full,03.CCTV Mobile Usage.mkv,632de9ed55947761d56d4c6142a3cb1a1fe69d0b1a6d0e01a2e404c697962623,dfine_native,105000.0,mouse,0.6148,864.53,413.73,891.88,435.29,589.7,27.36,21.56,1.269,False,,True,R-desk,22,evt_S-61_desk_work_surface_0004,0a0458d07cb5fedd,lap_bag_context,no_pose_observation,34560.0,1.33,,1,cam12/e1/v1,
full,03.CCTV Mobile Usage.mkv,632de9ed55947761d56d4c6142a3cb1a1fe69d0b1a6d0e01a2e404c697962623,dfine_native,105000.0,monitor_or_bezel,0.2592,1012.46,395.59,1147.51,487.74,12444.8,135.05,92.15,1.466,False,,True,R-desk,22,evt_S-61_desk_work_surface_0004,0a0458d07cb5fedd,lap_bag_context,no_pose_observation,34560.0,1.33,,1,cam12/e1/v1,
full,03.CCTV Mobile Usage.mkv,632de9ed55947761d56d4c6142a3cb1a1fe69d0b1a6d0e01a2e404c697962623,dfine_native,105000.0,unknown_object,0.4237,700.04,396.2,760.49,491.67,5770.6,60.45,95.47,0.633,False,,True,R-desk,22,evt_S-61_desk_work_surface_0004,0a0458d07cb5fedd,lap_bag_context,no_pose_observation,34560.0,1.33,,1,cam12/e1/v1,
full,03.CCTV Mobile Usage.mkv,632de9ed55947761d56d4c6142a3cb1a1fe69d0b1a6d0e01a2e404c697962623,dfine_native,105000.0,monitor_or_bezel,0.316,881.23,396.15,949.07,452.7,3836.2,67.84,56.54,1.2,False,,True,R-desk,22,evt_S-61_desk_work_surface_0004,0a0458d07cb5fedd,lap_bag_context,no_pose_observation,34560.0,1.33,,1,cam12/e1/v1,
full,03.CCTV Mobile Usage.mkv,632de9ed55947761d56d4c6142a3cb1a1fe69d0b1a6d0e01a2e404c697962623,dfine_native,105000.0,mouse,0.3666,967.05,398.43,991.94,410.69,305.1,24.89,12.26,2.03,False,,True,R-desk,22,evt_S-61_desk_work_surface_0004,0a0458d07cb5fedd,lap_bag_context,no_pose_observation,34560.0,1.33,,1,cam12/e1/v1,
full,03.CCTV Mobile Usage.mkv,632de9ed55947761d56d4c6142a3cb1a1fe69d0b1a6d0e01a2e404c697962623,dfine_native,105000.0,keyboard,0.9115,962.23,451.9,1067.99,491.47,4184.9,105.76,39.57,2.673,False,,True,R-desk,21,evt_S-61_desk_work_surface_0004,0a0458d07cb5fedd,lap_bag_context,no_pose_observation,34560.0,1.33,,1,cam12/e1/v1,
full,03.CCTV Mobile Usage.mkv,632de9ed55947761d56d4c6142a3cb1a1fe69d0b1a6d0e01a2e404c697962623,dfine_native,105000.0,unknown_object,0.7167,699.91,396.21,848.01,492.02,14190.2,148.11,95.81,1.546,False,,True,R-desk,21,evt_S-61_desk_work_surface_0004,0a0458d07cb5fedd,lap_bag_context,no_pose_observation,34560.0,1.33,,1,cam12/e1/v1,
full,03.CCTV Mobile Usage.mkv,632de9ed55947761d56d4c6142a3cb1a1fe69d0b1a6d0e01a2e404c697962623,dfine_native,105000.0,monitor_or_bezel,0.726,1018.62,395.7,1146.02,448.32,6704.0,127.4,52.62,2.421,False,,True,R-desk,21,evt_S-61_desk_work_surface_0004,0a0458d07cb5fedd,lap_bag_context,no_pose_observation,34560.0,1.33,,1,cam12/e1/v1,
full,03.CCTV Mobile Usage.mkv,632de9ed55947761d56d4c6142a3cb1a1fe69d0b1a6d0e01a2e404c697962623,dfine_native,105000.0,keyboard,0.5057,802.77,396.29,870.37,420.63,1646.0,67.6,24.35,2.777,False,,True,R-desk,21,evt_S-61_desk_work_surface_0004,0a0458d07cb5fedd,lap_bag_context,no_pose_observation,34560.0,1.33,,1,cam12/e1/v1,
full,03.CCTV Mobile Usage.mkv,632de9ed55947761d56d4c6142a3cb1a1fe69d0b1a6d0e01a2e404c697962623,dfine_native,105000.0,mouse,0.6148,864.53,413.73,891.88,435.29,589.7,27.36,21.56,1.269,False,,True,R-desk,21,evt_S-61_desk_work_surface_0004,0a0458d07cb5fedd,lap_bag_context,no_pose_observation,34560.0,1.33,,1,cam12/e1/v1,
full,03.CCTV Mobile Usage.mkv,632de9ed55947761d56d4c6142a3cb1a1fe69d0b1a6d0e01a2e404c697962623,dfine_native,105000.0,monitor_or_bezel,0.2592,1012.46,395.59,1147.51,487.74,12444.8,135.05,92.15,1.466,False,,True,R-desk,21,evt_S-61_desk_work_surface_0004,0a0458d07cb5fedd,lap_bag_context,no_pose_observation,34560.0,1.33,,1,cam12/e1/v1,
full,03.CCTV Mobile Usage.mkv,632de9ed55947761d56d4c6142a3cb1a1fe69d0b1a6d0e01a2e404c697962623,dfine_native,105000.0,unknown_object,0.4237,700.04,396.2,760.49,491.67,5770.6,60.45,95.47,0.633,False,,True,R-desk,21,evt_S-61_desk_work_surface_0004,0a0458d07cb5fedd,lap_bag_context,no_pose_observation,34560.0,1.33,,1,cam12/e1/v1,
full,03.CCTV Mobile Usage.mkv,632de9ed55947761d56d4c6142a3cb1a1fe69d0b1a6d0e01a2e404c697962623,dfine_native,105000.0,monitor_or_bezel,0.316,881.23,396.15,949.07,452.7,3836.2,67.84,56.54,1.2,False,,True,R-desk,21,evt_S-61_desk_work_surface_0004,0a0458d07cb5fedd,lap_bag_context,no_pose_observation,34560.0,1.33,,1,cam12/e1/v1,
full,03.CCTV Mobile Usage.mkv,632de9ed55947761d56d4c6142a3cb1a1fe69d0b1a6d0e01a2e404c697962623,dfine_native,105000.0,mouse,0.3666,967.05,398.43,991.94,410.69,305.1,24.89,12.26,2.03,False,,True,R-desk,21,evt_S-61_desk_work_surface_0004,0a0458d07cb5fedd,lap_bag_context,no_pose_observation,34560.0,1.33,,1,cam12/e1/v1,
full,03.CCTV Mobile Usage.mkv,632de9ed55947761d56d4c6142a3cb1a1fe69d0b1a6d0e01a2e404c697962623,dfine_native,105000.0,unknown_object,0.562,540.3,51.84,574.27,89.17,1268.1,33.97,37.33,0.91,False,,True,unattributed,24,evt_S-61_desk_work_surface_0004,29a4f5beab744a62,native_source_context_fallback,no_pose_observation,2526.2,12.02,,1,cam12/e1/v1,
full,03.CCTV Mobile Usage.mkv,632de9ed55947761d56d4c6142a3cb1a1fe69d0b1a6d0e01a2e404c697962623,dfine_native,105000.0,phone,0.2782,536.47,28.09,607.75,107.06,5629.6,71.28,78.98,0.903,False,,True,unattributed,24,evt_S-61_desk_work_surface_0004,29a4f5beab744a62,native_source_context_fallback,no_pose_observation,2526.2,12.02,,1,cam12/e1/v1,
full,03.CCTV Mobile Usage.mkv,632de9ed55947761d56d4c6142a3cb1a1fe69d0b1a6d0e01a2e404c697962623,dfine_native,105000.0,unknown_object,0.2746,563.75,48.35,607.08,106.17,2505.3,43.33,57.82,0.749,False,,True,unattributed,24,evt_S-61_desk_work_surface_0004,29a4f5beab744a62,native_source_context_fallback,no_pose_observation,2526.2,12.02,,1,cam12/e1/v1,
full,03.CCTV Mobile Usage.mkv,632de9ed55947761d56d4c6142a3cb1a1fe69d0b1a6d0e01a2e404c697962623,dfine_native,105000.0,unknown_object,0.3754,542.14,52.64,573.29,84.2,983.0,31.15,31.55,0.987,False,,True,unattributed,24,evt_S-61_desk_work_surface_0004,29a4f5beab744a62,native_source_context_fallback,no_pose_observation,2526.2,12.02,,1,cam12/e1/v1,
full,03.CCTV Mobile Usage.mkv,632de9ed55947761d56d4c6142a3cb1a1fe69d0b1a6d0e01a2e404c697962623,dfine_native,105000.0,unknown_object,0.3315,537.48,47.61,607.51,107.08,4165.4,70.04,59.47,1.178,False,,True,unattributed,24,evt_S-61_desk_work_surface_0004,29a4f5beab744a62,native_source_context_fallback,no_pose_observation,2526.2,12.02,,1,cam12/e1/v1,
full,03.CCTV Mobile Usage.mkv,632de9ed55947761d56d4c6142a3cb1a1fe69d0b1a6d0e01a2e404c697962623,dfine_native,105000.0,unknown_object,0.4141,-0.07,494.08,196.53,566.81,14298.3,196.6,72.73,2.703,False,,True,S-61,17,evt_S-61_desk_work_surface_0004,51cd48dff95e852a,pose_hand_context,,58734.2,2.45,,1,cam12/e1/v1,rtmpose_baseline
full,03.CCTV Mobile Usage.mkv,632de9ed55947761d56d4c6142a3cb1a1fe69d0b1a6d0e01a2e404c697962623,dfine_native,105000.0,bag,0.311,15.53,305.15,109.91,386.33,7662.6,94.39,81.18,1.163,False,,True,S-61,17,evt_S-61_desk_work_surface_0004,51cd48dff95e852a,pose_hand_context,,58734.2,2.45,,1,cam12/e1/v1,rtmpose_baseline
full,03.CCTV Mobile Usage.mkv,632de9ed55947761d56d4c6142a3cb1a1fe69d0b1a6d0e01a2e404c697962623,dfine_native,105000.0,secondary_paper_chit,0.2585,95.85,455.44,177.78,522.09,5461.4,81.93,66.66,1.229,False,,True,S-61,17,evt_S-61_desk_work_surface_0004,51cd48dff95e852a,pose_hand_context,,58734.2,2.45,,1,cam12/e1/v1,rtmpose_baseline
full,03.CCTV Mobile Usage.mkv,632de9ed55947761d56d4c6142a3cb1a1fe69d0b1a6d0e01a2e404c697962623,dfine_native,105000.0,phone,0.2509,109.54,455.73,177.57,520.93,4434.6,68.02,65.19,1.043,False,,True,S-61,17,evt_S-61_desk_work_surface_0004,51cd48dff95e852a,pose_hand_context,,58734.2,2.45,,1,cam12/e1/v1,rtmpose_baseline
full,03.CCTV Mobile Usage.mkv,632de9ed55947761d56d4c6142a3cb1a1fe69d0b1a6d0e01a2e404c697962623,dfine_native,105000.0,unknown_object,0.2982,-0.4,304.94,200.9,566.15,52581.4,201.3,261.21,0.771,False,,True,S-61,17,evt_S-61_desk_work_surface_0004,51cd48dff95e852a,pose_hand_context,,58734.2,2.45,,1,cam12/e1/v1,rtmpose_baseline
full,03.CCTV Mobile Usage.mkv,632de9ed55947761d56d4c6142a3cb1a1fe69d0b1a6d0e01a2e404c697962623,dfine_native,105000.0,unknown_object,0.3191,535.95,1.18,605.66,93.53,6437.4,69.7,92.35,0.755,False,,True,unattributed,23,evt_S-61_desk_work_surface_0004,850dc4d7658fdb34,native_source_context_fallback,no_pose_observation,6282.7,7.03,,1,cam12/e1/v1,
full,03.CCTV Mobile Usage.mkv,632de9ed55947761d56d4c6142a3cb1a1fe69d0b1a6d0e01a2e404c697962623,dfine_native,105000.0,unknown_object,0.6389,540.63,51.34,574.57,88.24,1252.4,33.94,36.9,0.92,False,,True,unattributed,23,evt_S-61_desk_work_surface_0004,850dc4d7658fdb34,native_source_context_fallback,no_pose_observation,6282.7,7.03,,1,cam12/e1/v1,
full,03.CCTV Mobile Usage.mkv,632de9ed55947761d56d4c6142a3cb1a1fe69d0b1a6d0e01a2e404c697962623,dfine_native,105000.0,unknown_object,0.3106,573.76,48.87,604.24,84.36,1081.7,30.48,35.49,0.859,False,,True,unattributed,23,evt_S-61_desk_work_surface_0004,850dc4d7658fdb34,native_source_context_fallback,no_pose_observation,6282.7,7.03,,1,cam12/e1/v1,
full,03.CCTV Mobile Usage.mkv,632de9ed55947761d56d4c6142a3cb1a1fe69d0b1a6d0e01a2e404c697962623,dfine_native,105000.0,unknown_object,0.2661,535.55,50.38,575.48,90.48,1601.6,39.93,40.11,0.996,False,,True,unattributed,23,evt_S-61_desk_work_surface_0004,850dc4d7658fdb34,native_source_context_fallback,no_pose_observation,6282.7,7.03,,1,cam12/e1/v1,
full,03.CCTV Mobile Usage.mkv,632de9ed55947761d56d4c6142a3cb1a1fe69d0b1a6d0e01a2e404c697962623,dfine_native,105000.0,unknown_object,0.2763,551.75,56.32,564.18,80.94,306.0,12.43,24.62,0.505,False,,True,unattributed,23,evt_S-61_desk_work_surface_0004,850dc4d7658fdb34,native_source_context_fallback,no_pose_observation,6282.7,7.03,,1,cam12/e1/v1,
full,03.CCTV Mobile Usage.mkv,632de9ed55947761d56d4c6142a3cb1a1fe69d0b1a6d0e01a2e404c697962623,dfine_native,105000.0,monitor_or_bezel,0.5383,816.02,8.08,843.84,44.57,1015.1,27.82,36.49,0.762,False,,True,unattributed,18,evt_S-61_desk_work_surface_0004,ef7610a4aa9e0306,native_source_context_fallback,wrist_confidence_below_floor,9553.9,6.52,,1,cam12/e1/v1,rtmpose_baseline
full,03.CCTV Mobile Usage.mkv,632de9ed55947761d56d4c6142a3cb1a1fe69d0b1a6d0e01a2e404c697962623,dfine_native,105000.0,phone,0.2529,847.71,82.91,859.92,87.01,50.1,12.21,4.11,2.972,True,object footprint 50 px is under the 120 px floor for a call,False,unattributed,18,evt_S-61_desk_work_surface_0004,ef7610a4aa9e0306,native_source_context_fallback,wrist_confidence_below_floor,9553.9,6.52,,1,cam12/e1/v1,rtmpose_baseline
full,03.CCTV Mobile Usage.mkv,632de9ed55947761d56d4c6142a3cb1a1fe69d0b1a6d0e01a2e404c697962623,dfine_native,105000.0,unknown_object,0.3257,831.37,83.81,913.57,103.42,1612.3,82.2,19.61,4.19,False,,True,unattributed,18,evt_S-61_desk_work_surface_0004,ef7610a4aa9e0306,native_source_context_fallback,wrist_confidence_below_floor,9553.9,6.52,,1,cam12/e1/v1,rtmpose_baseline
full,03.CCTV Mobile Usage.mkv,632de9ed55947761d56d4c6142a3cb1a1fe69d0b1a6d0e01a2e404c697962623,dfine_native,105000.0,unknown_object,0.3719,816.09,40.58,913.85,103.22,6124.4,97.76,62.65,1.56,False,,True,unattributed,18,evt_S-61_desk_work_surface_0004,ef7610a4aa9e0306,native_source_context_fallback,wrist_confidence_below_floor,9553.9,6.52,,1,cam12/e1/v1,rtmpose_baseline
full,03.CCTV Mobile Usage.mkv,632de9ed55947761d56d4c6142a3cb1a1fe69d0b1a6d0e01a2e404c697962623,dfine_native,105000.0,unknown_object,0.2845,816.01,40.72,839.85,95.97,1317.2,23.84,55.25,0.432,False,,True,unattributed,18,evt_S-61_desk_work_surface_0004,ef7610a4aa9e0306,native_source_context_fallback,wrist_confidence_below_floor,9553.9,6.52,,1,cam12/e1/v1,rtmpose_baseline
full,03.CCTV Mobile Usage.mkv,632de9ed55947761d56d4c6142a3cb1a1fe69d0b1a6d0e01a2e404c697962623,dfine_native,105000.0,unknown_object,0.2586,816.14,83.67,913.77,103.5,1936.0,97.63,19.83,4.923,False,,True,unattributed,18,evt_S-61_desk_work_surface_0004,ef7610a4aa9e0306,native_source_context_fallback,wrist_confidence_below_floor,9553.9,6.52,,1,cam12/e1/v1,rtmpose_baseline
full,03.CCTV Mobile Usage.mkv,632de9ed55947761d56d4c6142a3cb1a1fe69d0b1a6d0e01a2e404c697962623,dfine_native,105067.0,unknown_object,0.5918,541.34,51.65,574.03,88.53,1205.9,32.69,36.88,0.886,False,,True,unattributed,23,evt_S-61_upper_body_0018,698dd9f920e21e66,native_source_context_fallback,no_pose_observation,6553.0,6.79,,1,cam12/e1/v1,
full,03.CCTV Mobile Usage.mkv,632de9ed55947761d56d4c6142a3cb1a1fe69d0b1a6d0e01a2e404c697962623,dfine_native,105067.0,unknown_object,0.2795,539.05,0.45,608.36,94.13,6492.1,69.3,93.68,0.74,False,,True,unattributed,23,evt_S-61_upper_body_0018,698dd9f920e21e66,native_source_context_fallback,no_pose_observation,6553.0,6.79,,1,cam12/e1/v1,
full,03.CCTV Mobile Usage.mkv,632de9ed55947761d56d4c6142a3cb1a1fe69d0b1a6d0e01a2e404c697962623,dfine_native,105067.0,unknown_object,0.3017,573.36,51.97,606.43,85.38,1104.8,33.07,33.41,0.99,False,,True,unattributed,23,evt_S-61_upper_body_0018,698dd9f920e21e66,native_source_context_fallback,no_pose_observation,6553.0,6.79,,1,cam12/e1/v1,
full,03.CCTV Mobile Usage.mkv,632de9ed55947761d56d4c6142a3cb1a1fe69d0b1a6d0e01a2e404c697962623,dfine_native,105067.0,unknown_object,0.2842,535.72,51.23,574.43,89.21,1470.2,38.71,37.98,1.019,False,,True,unattributed,23,evt_S-61_upper_body_0018,698dd9f920e21e66,native_source_context_fallback,no_pose_observation,6553.0,6.79,,1,cam12/e1/v1,
full,03.CCTV Mobile Usage.mkv,632de9ed55947761d56d4c6142a3cb1a1fe69d0b1a6d0e01a2e404c697962623,dfine_native,105067.0,unknown_object,0.2593,551.9,56.82,563.93,80.88,289.4,12.03,24.06,0.5,False,,True,unattributed,23,evt_S-61_upper_body_0018,698dd9f920e21e66,native_source_context_fallback,no_pose_observation,6553.0,6.79,,1,cam12/e1/v1,
full,03.CCTV Mobile Usage.mkv,632de9ed55947761d56d4c6142a3cb1a1fe69d0b1a6d0e01a2e404c697962623,dfine_native,105067.0,keyboard,0.9115,962.23,451.9,1067.99,491.47,4184.9,105.76,39.57,2.673,False,,True,R-desk,21,evt_S-61_upper_body_0018,745d503d39d05fad,lap_bag_context,wrist_confidence_below_floor,34560.0,1.33,,1,cam12/e1/v1,rtmpose_baseline
full,03.CCTV Mobile Usage.mkv,632de9ed55947761d56d4c6142a3cb1a1fe69d0b1a6d0e01a2e404c697962623,dfine_native,105067.0,unknown_object,0.7167,699.91,396.21,848.01,492.02,14190.2,148.11,95.81,1.546,False,,True,R-desk,21,evt_S-61_upper_body_0018,745d503d39d05fad,lap_bag_context,wrist_confidence_below_floor,34560.0,1.33,,1,cam12/e1/v1,rtmpose_baseline
full,03.CCTV Mobile Usage.mkv,632de9ed55947761d56d4c6142a3cb1a1fe69d0b1a6d0e01a2e404c697962623,dfine_native,105067.0,monitor_or_bezel,0.726,1018.62,395.7,1146.02,448.32,6704.0,127.4,52.62,2.421,False,,True,R-desk,21,evt_S-61_upper_body_0018,745d503d39d05fad,lap_bag_context,wrist_confidence_below_floor,34560.0,1.33,,1,cam12/e1/v1,rtmpose_baseline
full,03.CCTV Mobile Usage.mkv,632de9ed55947761d56d4c6142a3cb1a1fe69d0b1a6d0e01a2e404c697962623,dfine_native,105067.0,keyboard,0.5057,802.77,396.29,870.37,420.63,1646.0,67.6,24.35,2.777,False,,True,R-desk,21,evt_S-61_upper_body_0018,745d503d39d05fad,lap_bag_context,wrist_confidence_below_floor,34560.0,1.33,,1,cam12/e1/v1,rtmpose_baseline
full,03.CCTV Mobile Usage.mkv,632de9ed55947761d56d4c6142a3cb1a1fe69d0b1a6d0e01a2e404c697962623,dfine_native,105067.0,mouse,0.6148,864.53,413.73,891.88,435.29,589.7,27.36,21.56,1.269,False,,True,R-desk,21,evt_S-61_upper_body_0018,745d503d39d05fad,lap_bag_context,wrist_confidence_below_floor,34560.0,1.33,,1,cam12/e1/v1,rtmpose_baseline
full,03.CCTV Mobile Usage.mkv,632de9ed55947761d56d4c6142a3cb1a1fe69d0b1a6d0e01a2e404c697962623,dfine_native,105067.0,monitor_or_bezel,0.2592,1012.46,395.59,1147.51,487.74,12444.8,135.05,92.15,1.466,False,,True,R-desk,21,evt_S-61_upper_body_0018,745d503d39d05fad,lap_bag_context,wrist_confidence_below_floor,34560.0,1.33,,1,cam12/e1/v1,rtmpose_baseline
full,03.CCTV Mobile Usage.mkv,632de9ed55947761d56d4c6142a3cb1a1fe69d0b1a6d0e01a2e404c697962623,dfine_native,105067.0,unknown_object,0.4237,700.04,396.2,760.49,491.67,5770.6,60.45,95.47,0.633,False,,True,R-desk,21,evt_S-61_upper_body_0018,745d503d39d05fad,lap_bag_context,wrist_confidence_below_floor,34560.0,1.33,,1,cam12/e1/v1,rtmpose_baseline
full,03.CCTV Mobile Usage.mkv,632de9ed55947761d56d4c6142a3cb1a1fe69d0b1a6d0e01a2e404c697962623,dfine_native,105067.0,monitor_or_bezel,0.316,881.23,396.15,949.07,452.7,3836.2,67.84,56.54,1.2,False,,True,R-desk,21,evt_S-61_upper_body_0018,745d503d39d05fad,lap_bag_context,wrist_confidence_below_floor,34560.0,1.33,,1,cam12/e1/v1,rtmpose_baseline
full,03.CCTV Mobile Usage.mkv,632de9ed55947761d56d4c6142a3cb1a1fe69d0b1a6d0e01a2e404c697962623,dfine_native,105067.0,mouse,0.3666,967.05,398.43,991.94,410.69,305.1,24.89,12.26,2.03,False,,True,R-desk,21,evt_S-61_upper_body_0018,745d503d39d05fad,lap_bag_context,wrist_confidence_below_floor,34560.0,1.33,,1,cam12/e1/v1,rtmpose_baseline
full,03.CCTV Mobile Usage.mkv,632de9ed55947761d56d4c6142a3cb1a1fe69d0b1a6d0e01a2e404c697962623,dfine_native,105067.0,keyboard,0.9115,962.23,451.9,1067.99,491.47,4184.9,105.76,39.57,2.673,False,,True,R-desk,22,evt_S-61_upper_body_0018,745d503d39d05fad,lap_bag_context,wrist_confidence_below_floor,34560.0,1.33,,1,cam12/e1/v1,rtmpose_baseline
full,03.CCTV Mobile Usage.mkv,632de9ed55947761d56d4c6142a3cb1a1fe69d0b1a6d0e01a2e404c697962623,dfine_native,105067.0,unknown_object,0.7167,699.91,396.21,848.01,492.02,14190.2,148.11,95.81,1.546,False,,True,R-desk,22,evt_S-61_upper_body_0018,745d503d39d05fad,lap_bag_context,wrist_confidence_below_floor,34560.0,1.33,,1,cam12/e1/v1,rtmpose_baseline
full,03.CCTV Mobile Usage.mkv,632de9ed55947761d56d4c6142a3cb1a1fe69d0b1a6d0e01a2e404c697962623,dfine_native,105067.0,monitor_or_bezel,0.726,1018.62,395.7,1146.02,448.32,6704.0,127.4,52.62,2.421,False,,True,R-desk,22,evt_S-61_upper_body_0018,745d503d39d05fad,lap_bag_context,wrist_confidence_below_floor,34560.0,1.33,,1,cam12/e1/v1,rtmpose_baseline
full,03.CCTV Mobile Usage.mkv,632de9ed55947761d56d4c6142a3cb1a1fe69d0b1a6d0e01a2e404c697962623,dfine_native,105067.0,keyboard,0.5057,802.77,396.29,870.37,420.63,1646.0,67.6,24.35,2.777,False,,True,R-desk,22,evt_S-61_upper_body_0018,745d503d39d05fad,lap_bag_context,wrist_confidence_below_floor,34560.0,1.33,,1,cam12/e1/v1,rtmpose_baseline
full,03.CCTV Mobile Usage.mkv,632de9ed55947761d56d4c6142a3cb1a1fe69d0b1a6d0e01a2e404c697962623,dfine_native,105067.0,mouse,0.6148,864.53,413.73,891.88,435.29,589.7,27.36,21.56,1.269,False,,True,R-desk,22,evt_S-61_upper_body_0018,745d503d39d05fad,lap_bag_context,wrist_confidence_below_floor,34560.0,1.33,,1,cam12/e1/v1,rtmpose_baseline
full,03.CCTV Mobile Usage.mkv,632de9ed55947761d56d4c6142a3cb1a1fe69d0b1a6d0e01a2e404c697962623,dfine_native,105067.0,monitor_or_bezel,0.2592,1012.46,395.59,1147.51,487.74,12444.8,135.05,92.15,1.466,False,,True,R-desk,22,evt_S-61_upper_body_0018,745d503d39d05fad,lap_bag_context,wrist_confidence_below_floor,34560.0,1.33,,1,cam12/e1/v1,rtmpose_baseline
full,03.CCTV Mobile Usage.mkv,632de9ed55947761d56d4c6142a3cb1a1fe69d0b1a6d0e01a2e404c697962623,dfine_native,105067.0,unknown_object,0.4237,700.04,396.2,760.49,491.67,5770.6,60.45,95.47,0.633,False,,True,R-desk,22,evt_S-61_upper_body_0018,745d503d39d05fad,lap_bag_context,wrist_confidence_below_floor,34560.0,1.33,,1,cam12/e1/v1,rtmpose_baseline
full,03.CCTV Mobile Usage.mkv,632de9ed55947761d56d4c6142a3cb1a1fe69d0b1a6d0e01a2e404c697962623,dfine_native,105067.0,monitor_or_bezel,0.316,881.23,396.15,949.07,452.7,3836.2,67.84,56.54,1.2,False,,True,R-desk,22,evt_S-61_upper_body_0018,745d503d39d05fad,lap_bag_context,wrist_confidence_below_floor,34560.0,1.33,,1,cam12/e1/v1,rtmpose_baseline
full,03.CCTV Mobile Usage.mkv,632de9ed55947761d56d4c6142a3cb1a1fe69d0b1a6d0e01a2e404c697962623,dfine_native,105067.0,mouse,0.3666,967.05,398.43,991.94,410.69,305.1,24.89,12.26,2.03,False,,True,R-desk,22,evt_S-61_upper_body_0018,745d503d39d05fad,lap_bag_context,wrist_confidence_below_floor,34560.0,1.33,,1,cam12/e1/v1,rtmpose_baseline
full,03.CCTV Mobile Usage.mkv,632de9ed55947761d56d4c6142a3cb1a1fe69d0b1a6d0e01a2e404c697962623,dfine_native,105067.0,unknown_object,0.5505,541.3,51.48,573.95,89.3,1234.9,32.65,37.82,0.863,False,,True,unattributed,24,evt_S-61_upper_body_0018,aff1f684b5dd4187,native_source_context_fallback,no_pose_observation,2738.4,11.86,,1,cam12/e1/v1,
full,03.CCTV Mobile Usage.mkv,632de9ed55947761d56d4c6142a3cb1a1fe69d0b1a6d0e01a2e404c697962623,dfine_native,105067.0,unknown_object,0.307,564.33,51.81,607.7,106.14,2356.1,43.36,54.33,0.798,False,,True,unattributed,24,evt_S-61_upper_body_0018,aff1f684b5dd4187,native_source_context_fallback,no_pose_observation,2738.4,11.86,,1,cam12/e1/v1,
full,03.CCTV Mobile Usage.mkv,632de9ed55947761d56d4c6142a3cb1a1fe69d0b1a6d0e01a2e404c697962623,dfine_native,105067.0,unknown_object,0.414,542.33,51.96,573.29,84.64,1011.8,30.95,32.69,0.947,False,,True,unattributed,24,evt_S-61_upper_body_0018,aff1f684b5dd4187,native_source_context_fallback,no_pose_observation,2738.4,11.86,,1,cam12/e1/v1,
full,03.CCTV Mobile Usage.mkv,632de9ed55947761d56d4c6142a3cb1a1fe69d0b1a6d0e01a2e404c697962623,dfine_native,105067.0,unknown_object,0.3149,536.53,48.76,608.39,107.63,4230.5,71.86,58.87,1.221,False,,True,unattributed,24,evt_S-61_upper_body_0018,aff1f684b5dd4187,native_source_context_fallback,no_pose_observation,2738.4,11.86,,1,cam12/e1/v1,
full,03.CCTV Mobile Usage.mkv,632de9ed55947761d56d4c6142a3cb1a1fe69d0b1a6d0e01a2e404c697962623,dfine_native,105067.0,unknown_object,0.3456,533.0,30.13,628.92,125.49,9146.8,95.91,95.36,1.006,False,,True,unattributed,24,evt_S-61_upper_body_0018,aff1f684b5dd4187,native_source_context_fallback,no_pose_observation,2738.4,11.86,,1,cam12/e1/v1,
full,03.CCTV Mobile Usage.mkv,632de9ed55947761d56d4c6142a3cb1a1fe69d0b1a6d0e01a2e404c697962623,dfine_native,105067.0,bag,0.2651,-0.17,343.15,79.02,435.05,7276.8,79.19,91.89,0.862,False,,True,S-61,17,evt_S-61_upper_body_0018,b2c68097785dd540,pose_hand_context,,59267.1,2.44,,1,cam12/e1/v1,rtmpose_baseline
full,03.CCTV Mobile Usage.mkv,632de9ed55947761d56d4c6142a3cb1a1fe69d0b1a6d0e01a2e404c697962623,dfine_native,105067.0,secondary_paper_chit,0.3345,109.19,455.22,178.21,521.0,4540.7,69.02,65.78,1.049,False,,True,S-61,17,evt_S-61_upper_body_0018,b2c68097785dd540,pose_hand_context,,59267.1,2.44,,1,cam12/e1/v1,rtmpose_baseline
full,03.CCTV Mobile Usage.mkv,632de9ed55947761d56d4c6142a3cb1a1fe69d0b1a6d0e01a2e404c697962623,dfine_native,105067.0,bag,0.3273,14.91,305.14,110.09,386.15,7711.0,95.18,81.02,1.175,False,,True,S-61,17,evt_S-61_upper_body_0018,b2c68097785dd540,pose_hand_context,,59267.1,2.44,,1,cam12/e1/v1,rtmpose_baseline
full,03.CCTV Mobile Usage.mkv,632de9ed55947761d56d4c6142a3cb1a1fe69d0b1a6d0e01a2e404c697962623,dfine_native,105067.0,secondary_paper_chit,0.3775,89.73,454.61,178.49,522.38,6015.0,88.76,67.77,1.31,False,,True,S-61,17,evt_S-61_upper_body_0018,b2c68097785dd540,pose_hand_context,,59267.1,2.44,,1,cam12/e1/v1,rtmpose_baseline
full,03.CCTV Mobile Usage.mkv,632de9ed55947761d56d4c6142a3cb1a1fe69d0b1a6d0e01a2e404c697962623,dfine_native,105067.0,monitor_or_bezel,0.3151,0.01,494.9,195.9,566.8,14085.1,195.89,71.9,2.724,False,,True,S-61,17,evt_S-61_upper_body_0018,b2c68097785dd540,pose_hand_context,,59267.1,2.44,,1,cam12/e1/v1,rtmpose_baseline
full,03.CCTV Mobile Usage.mkv,632de9ed55947761d56d4c6142a3cb1a1fe69d0b1a6d0e01a2e404c697962623,dfine_native,105067.0,monitor_or_bezel,0.5733,815.01,7.8,844.0,44.68,1069.0,28.99,36.88,0.786,False,,True,unattributed,18,evt_S-61_upper_body_0018,c4c93bc251980e50,native_source_context_fallback,wrist_confidence_below_floor,9606.9,6.52,,1,cam12/e1/v1,rtmpose_baseline
full,03.CCTV Mobile Usage.mkv,632de9ed55947761d56d4c6142a3cb1a1fe69d0b1a6d0e01a2e404c697962623,dfine_native,105067.0,unknown_object,0.2907,815.09,38.18,913.83,104.26,6524.5,98.73,66.08,1.494,False,,True,unattributed,18,evt_S-61_upper_body_0018,c4c93bc251980e50,native_source_context_fallback,wrist_confidence_below_floor,9606.9,6.52,,1,cam12/e1/v1,rtmpose_baseline
full,03.CCTV Mobile Usage.mkv,632de9ed55947761d56d4c6142a3cb1a1fe69d0b1a6d0e01a2e404c697962623,dfine_native,105067.0,unknown_object,0.3112,831.26,84.0,913.6,104.51,1689.5,82.34,20.52,4.013,False,,True,unattributed,18,evt_S-61_upper_body_0018,c4c93bc251980e50,native_source_context_fallback,wrist_confidence_below_floor,9606.9,6.52,,1,cam12/e1/v1,rtmpose_baseline
full,03.CCTV Mobile Usage.mkv,632de9ed55947761d56d4c6142a3cb1a1fe69d0b1a6d0e01a2e404c697962623,dfine_native,105500.0,keyboard,0.9097,962.17,451.92,1067.93,491.47,4181.9,105.76,39.54,2.675,False,,True,R-desk,22,evt_S-61_desk_work_surface_0004,1a7ffb919a00e5cd,lap_bag_context,no_pose_observation,34560.0,1.33,,1,cam12/e1/v1,
full,03.CCTV Mobile Usage.mkv,632de9ed55947761d56d4c6142a3cb1a1fe69d0b1a6d0e01a2e404c697962623,dfine_native,105500.0,unknown_object,0.7345,699.87,396.21,847.68,491.96,14151.2,147.81,95.74,1.544,False,,True,R-desk,22,evt_S-61_desk_work_surface_0004,1a7ffb919a00e5cd,lap_bag_context,no_pose_observation,34560.0,1.33,,1,cam12/e1/v1,
full,03.CCTV Mobile Usage.mkv,632de9ed55947761d56d4c6142a3cb1a1fe69d0b1a6d0e01a2e404c697962623,dfine_native,105500.0,monitor_or_bezel,0.6784,1018.6,395.8,1146.01,448.07,6660.4,127.41,52.27,2.437,False,,True,R-desk,22,evt_S-61_desk_work_surface_0004,1a7ffb919a00e5cd,lap_bag_context,no_pose_observation,34560.0,1.33,,1,cam12/e1/v1,
full,03.CCTV Mobile Usage.mkv,632de9ed55947761d56d4c6142a3cb1a1fe69d0b1a6d0e01a2e404c697962623,dfine_native,105500.0,keyboard,0.5623,802.53,396.27,870.85,420.6,1662.9,68.33,24.34,2.808,False,,True,R-desk,22,evt_S-61_desk_work_surface_0004,1a7ffb919a00e5cd,lap_bag_context,no_pose_observation,34560.0,1.33,,1,cam12/e1/v1,
full,03.CCTV Mobile Usage.mkv,632de9ed55947761d56d4c6142a3cb1a1fe69d0b1a6d0e01a2e404c697962623,dfine_native,105500.0,mouse,0.6016,864.79,413.81,892.0,435.16,580.8,27.21,21.35,1.275,False,,True,R-desk,22,evt_S-61_desk_work_surface_0004,1a7ffb919a00e5cd,lap_bag_context,no_pose_observation,34560.0,1.33,,1,cam12/e1/v1,
full,03.CCTV Mobile Usage.mkv,632de9ed55947761d56d4c6142a3cb1a1fe69d0b1a6d0e01a2e404c697962623,dfine_native,105500.0,phone,0.292,1043.05,422.04,1112.82,474.21,3639.8,69.77,52.17,1.337,False,,True,R-desk,22,evt_S-61_desk_work_surface_0004,1a7ffb919a00e5cd,lap_bag_context,no_pose_observation,34560.0,1.33,,1,cam12/e1/v1,
full,03.CCTV Mobile Usage.mkv,632de9ed55947761d56d4c6142a3cb1a1fe69d0b1a6d0e01a2e404c697962623,dfine_native,105500.0,monitor_or_bezel,0.327,1013.46,395.69,1147.51,488.39,12426.2,134.04,92.7,1.446,False,,True,R-desk,22,evt_S-61_desk_work_surface_0004,1a7ffb919a00e5cd,lap_bag_context,no_pose_observation,34560.0,1.33,,1,cam12/e1/v1,
full,03.CCTV Mobile Usage.mkv,632de9ed55947761d56d4c6142a3cb1a1fe69d0b1a6d0e01a2e404c697962623,dfine_native,105500.0,unknown_object,0.4097,700.01,396.3,757.68,491.54,5491.7,57.66,95.24,0.605,False,,True,R-desk,22,evt_S-61_desk_work_surface_0004,1a7ffb919a00e5cd,lap_bag_context,no_pose_observation,34560.0,1.33,,1,cam12/e1/v1,
full,03.CCTV Mobile Usage.mkv,632de9ed55947761d56d4c6142a3cb1a1fe69d0b1a6d0e01a2e404c697962623,dfine_native,105500.0,monitor_or_bezel,0.3256,881.23,396.15,949.19,452.65,3839.7,67.96,56.5,1.203,False,,True,R-desk,22,evt_S-61_desk_work_surface_0004,1a7ffb919a00e5cd,lap_bag_context,no_pose_observation,34560.0,1.33,,1,cam12/e1/v1,
full,03.CCTV Mobile Usage.mkv,632de9ed55947761d56d4c6142a3cb1a1fe69d0b1a6d0e01a2e404c697962623,dfine_native,105500.0,mouse,0.3262,967.1,398.43,991.94,410.65,303.6,24.85,12.22,2.033,False,,True,R-desk,22,evt_S-61_desk_work_surface_0004,1a7ffb919a00e5cd,lap_bag_context,no_pose_observation,34560.0,1.33,,1,cam12/e1/v1,
full,03.CCTV Mobile Usage.mkv,632de9ed55947761d56d4c6142a3cb1a1fe69d0b1a6d0e01a2e404c697962623,dfine_native,105500.0,monitor_or_bezel,0.2549,802.24,396.01,948.99,452.36,8268.8,146.75,56.35,2.604,False,,True,R-desk,22,evt_S-61_desk_work_surface_0004,1a7ffb919a00e5cd,lap_bag_context,no_pose_observation,34560.0,1.33,,1,cam12/e1/v1,
full,03.CCTV Mobile Usage.mkv,632de9ed55947761d56d4c6142a3cb1a1fe69d0b1a6d0e01a2e404c697962623,dfine_native,105500.0,mouse,0.2601,990.87,399.14,1026.67,413.28,505.9,35.8,14.13,2.534,False,,True,R-desk,22,evt_S-61_desk_work_surface_0004,1a7ffb919a00e5cd,lap_bag_context,no_pose_observation,34560.0,1.33,,1,cam12/e1/v1,
full,03.CCTV Mobile Usage.mkv,632de9ed55947761d56d4c6142a3cb1a1fe69d0b1a6d0e01a2e404c697962623,dfine_native,105500.0,monitor_or_bezel,0.258,969.89,395.62,1145.7,449.7,9507.6,175.82,54.08,3.251,False,,True,R-desk,22,evt_S-61_desk_work_surface_0004,1a7ffb919a00e5cd,lap_bag_context,no_pose_observation,34560.0,1.33,,1,cam12/e1/v1,
full,03.CCTV Mobile Usage.mkv,632de9ed55947761d56d4c6142a3cb1a1fe69d0b1a6d0e01a2e404c697962623,dfine_native,105500.0,keyboard,0.9097,962.17,451.92,1067.93,491.47,4181.9,105.76,39.54,2.675,False,,True,R-desk,21,evt_S-61_desk_work_surface_0004,1a7ffb919a00e5cd,lap_bag_context,no_pose_observation,34560.0,1.33,,1,cam12/e1/v1,
full,03.CCTV Mobile Usage.mkv,632de9ed55947761d56d4c6142a3cb1a1fe69d0b1a6d0e01a2e404c697962623,dfine_native,105500.0,unknown_object,0.7345,699.87,396.21,847.68,491.96,14151.2,147.81,95.74,1.544,False,,True,R-desk,21,evt_S-61_desk_work_surface_0004,1a7ffb919a00e5cd,lap_bag_context,no_pose_observation,34560.0,1.33,,1,cam12/e1/v1,
full,03.CCTV Mobile Usage.mkv,632de9ed55947761d56d4c6142a3cb1a1fe69d0b1a6d0e01a2e404c697962623,dfine_native,105500.0,monitor_or_bezel,0.6784,1018.6,395.8,1146.01,448.07,6660.4,127.41,52.27,2.437,False,,True,R-desk,21,evt_S-61_desk_work_surface_0004,1a7ffb919a00e5cd,lap_bag_context,no_pose_observation,34560.0,1.33,,1,cam12/e1/v1,
full,03.CCTV Mobile Usage.mkv,632de9ed55947761d56d4c6142a3cb1a1fe69d0b1a6d0e01a2e404c697962623,dfine_native,105500.0,keyboard,0.5623,802.53,396.27,870.85,420.6,1662.9,68.33,24.34,2.808,False,,True,R-desk,21,evt_S-61_desk_work_surface_0004,1a7ffb919a00e5cd,lap_bag_context,no_pose_observation,34560.0,1.33,,1,cam12/e1/v1,
full,03.CCTV Mobile Usage.mkv,632de9ed55947761d56d4c6142a3cb1a1fe69d0b1a6d0e01a2e404c697962623,dfine_native,105500.0,mouse,0.6016,864.79,413.81,892.0,435.16,580.8,27.21,21.35,1.275,False,,True,R-desk,21,evt_S-61_desk_work_surface_0004,1a7ffb919a00e5cd,lap_bag_context,no_pose_observation,34560.0,1.33,,1,cam12/e1/v1,
full,03.CCTV Mobile Usage.mkv,632de9ed55947761d56d4c6142a3cb1a1fe69d0b1a6d0e01a2e404c697962623,dfine_native,105500.0,phone,0.292,1043.05,422.04,1112.82,474.21,3639.8,69.77,52.17,1.337,False,,True,R-desk,21,evt_S-61_desk_work_surface_0004,1a7ffb919a00e5cd,lap_bag_context,no_pose_observation,34560.0,1.33,,1,cam12/e1/v1,
full,03.CCTV Mobile Usage.mkv,632de9ed55947761d56d4c6142a3cb1a1fe69d0b1a6d0e01a2e404c697962623,dfine_native,105500.0,monitor_or_bezel,0.327,1013.46,395.69,1147.51,488.39,12426.2,134.04,92.7,1.446,False,,True,R-desk,21,evt_S-61_desk_work_surface_0004,1a7ffb919a00e5cd,lap_bag_context,no_pose_observation,34560.0,1.33,,1,cam12/e1/v1,
full,03.CCTV Mobile Usage.mkv,632de9ed55947761d56d4c6142a3cb1a1fe69d0b1a6d0e01a2e404c697962623,dfine_native,105500.0,unknown_object,0.4097,700.01,396.3,757.68,491.54,5491.7,57.66,95.24,0.605,False,,True,R-desk,21,evt_S-61_desk_work_surface_0004,1a7ffb919a00e5cd,lap_bag_context,no_pose_observation,34560.0,1.33,,1,cam12/e1/v1,
full,03.CCTV Mobile Usage.mkv,632de9ed55947761d56d4c6142a3cb1a1fe69d0b1a6d0e01a2e404c697962623,dfine_native,105500.0,monitor_or_bezel,0.3256,881.23,396.15,949.19,452.65,3839.7,67.96,56.5,1.203,False,,True,R-desk,21,evt_S-61_desk_work_surface_0004,1a7ffb919a00e5cd,lap_bag_context,no_pose_observation,34560.0,1.33,,1,cam12/e1/v1,
full,03.CCTV Mobile Usage.mkv,632de9ed55947761d56d4c6142a3cb1a1fe69d0b1a6d0e01a2e404c697962623,dfine_native,105500.0,mouse,0.3262,967.1,398.43,991.94,410.65,303.6,24.85,12.22,2.033,False,,True,R-desk,21,evt_S-61_desk_work_surface_0004,1a7ffb919a00e5cd,lap_bag_context,no_pose_observation,34560.0,1.33,,1,cam12/e1/v1,
full,03.CCTV Mobile Usage.mkv,632de9ed55947761d56d4c6142a3cb1a1fe69d0b1a6d0e01a2e404c697962623,dfine_native,105500.0,monitor_or_bezel,0.2549,802.24,396.01,948.99,452.36,8268.8,146.75,56.35,2.604,False,,True,R-desk,21,evt_S-61_desk_work_surface_0004,1a7ffb919a00e5cd,lap_bag_context,no_pose_observation,34560.0,1.33,,1,cam12/e1/v1,
full,03.CCTV Mobile Usage.mkv,632de9ed55947761d56d4c6142a3cb1a1fe69d0b1a6d0e01a2e404c697962623,dfine_native,105500.0,mouse,0.2601,990.87,399.14,1026.67,413.28,505.9,35.8,14.13,2.534,False,,True,R-desk,21,evt_S-61_desk_work_surface_0004,1a7ffb919a00e5cd,lap_bag_context,no_pose_observation,34560.0,1.33,,1,cam12/e1/v1,
full,03.CCTV Mobile Usage.mkv,632de9ed55947761d56d4c6142a3cb1a1fe69d0b1a6d0e01a2e404c697962623,dfine_native,105500.0,monitor_or_bezel,0.258,969.89,395.62,1145.7,449.7,9507.6,175.82,54.08,3.251,False,,True,R-desk,21,evt_S-61_desk_work_surface_0004,1a7ffb919a00e5cd,lap_bag_context,no_pose_observation,34560.0,1.33,,1,cam12/e1/v1,
full,03.CCTV Mobile Usage.mkv,632de9ed55947761d56d4c6142a3cb1a1fe69d0b1a6d0e01a2e404c697962623,dfine_native,105500.0,phone,0.3216,160.33,519.14,217.03,558.97,2258.6,56.71,39.83,1.424,False,,True,S-61,17,evt_S-61_desk_work_surface_0004,6bfbb6244c115ab5,pose_hand_context,,54142.5,2.59,,1,cam12/e1/v1,rtmpose_baseline
full,03.CCTV Mobile Usage.mkv,632de9ed55947761d56d4c6142a3cb1a1fe69d0b1a6d0e01a2e404c697962623,dfine_native,105500.0,monitor_or_bezel,0.4024,-0.2,494.93,189.92,560.82,12526.9,190.12,65.89,2.885,False,,True,S-61,17,evt_S-61_desk_work_surface_0004,6bfbb6244c115ab5,pose_hand_context,,54142.5,2.59,,1,cam12/e1/v1,rtmpose_baseline
full,03.CCTV Mobile Usage.mkv,632de9ed55947761d56d4c6142a3cb1a1fe69d0b1a6d0e01a2e404c697962623,dfine_native,105500.0,bag,0.2526,-0.24,342.7,79.97,437.02,7565.1,80.21,94.31,0.85,False,,True,S-61,17,evt_S-61_desk_work_surface_0004,6bfbb6244c115ab5,pose_hand_context,,54142.5,2.59,,1,cam12/e1/v1,rtmpose_baseline
full,03.CCTV Mobile Usage.mkv,632de9ed55947761d56d4c6142a3cb1a1fe69d0b1a6d0e01a2e404c697962623,dfine_native,105500.0,phone,0.3019,108.06,454.62,178.4,522.18,4752.3,70.35,67.56,1.041,False,,True,S-61,17,evt_S-61_desk_work_surface_0004,6bfbb6244c115ab5,pose_hand_context,,54142.5,2.59,,1,cam12/e1/v1,rtmpose_baseline
full,03.CCTV Mobile Usage.mkv,632de9ed55947761d56d4c6142a3cb1a1fe69d0b1a6d0e01a2e404c697962623,dfine_native,105500.0,unknown_object,0.2636,18.5,313.11,109.7,383.2,6392.6,91.2,70.09,1.301,False,,True,S-61,17,evt_S-61_desk_work_surface_0004,6bfbb6244c115ab5,pose_hand_context,,54142.5,2.59,,1,cam12/e1/v1,rtmpose_baseline
full,03.CCTV Mobile Usage.mkv,632de9ed55947761d56d4c6142a3cb1a1fe69d0b1a6d0e01a2e404c697962623,dfine_native,105500.0,phone,0.299,157.59,493.37,217.63,559.96,3997.8,60.03,66.59,0.901,False,,True,S-61,17,evt_S-61_desk_work_surface_0004,6bfbb6244c115ab5,pose_hand_context,,54142.5,2.59,,1,cam12/e1/v1,rtmpose_baseline
full,03.CCTV Mobile Usage.mkv,632de9ed55947761d56d4c6142a3cb1a1fe69d0b1a6d0e01a2e404c697962623,dfine_native,105500.0,monitor_or_bezel,0.4125,814.9,6.95,844.36,44.67,1111.3,29.46,37.72,0.781,False,,True,unattributed,18,evt_S-61_desk_work_surface_0004,a1e2587a6f762e63,native_source_context_fallback,wrist_confidence_below_floor,9714.0,6.48,,1,cam12/e1/v1,rtmpose_baseline
full,03.CCTV Mobile Usage.mkv,632de9ed55947761d56d4c6142a3cb1a1fe69d0b1a6d0e01a2e404c697962623,dfine_native,105500.0,unknown_object,0.3426,831.41,84.09,912.76,104.9,1693.0,81.35,20.81,3.909,False,,True,unattributed,18,evt_S-61_desk_work_surface_0004,a1e2587a6f762e63,native_source_context_fallback,wrist_confidence_below_floor,9714.0,6.48,,1,cam12/e1/v1,rtmpose_baseline
full,03.CCTV Mobile Usage.mkv,632de9ed55947761d56d4c6142a3cb1a1fe69d0b1a6d0e01a2e404c697962623,dfine_native,105500.0,phone,0.3865,847.92,82.92,859.87,87.36,53.1,11.95,4.44,2.69,True,object footprint 53 px is under the 120 px floor for a call,False,unattributed,18,evt_S-61_desk_work_surface_0004,a1e2587a6f762e63,native_source_context_fallback,wrist_confidence_below_floor,9714.0,6.48,,1,cam12/e1/v1,rtmpose_baseline
full,03.CCTV Mobile Usage.mkv,632de9ed55947761d56d4c6142a3cb1a1fe69d0b1a6d0e01a2e404c697962623,dfine_native,105500.0,unknown_object,0.3069,815.11,40.47,912.95,104.75,6289.1,97.83,64.28,1.522,False,,True,unattributed,18,evt_S-61_desk_work_surface_0004,a1e2587a6f762e63,native_source_context_fallback,wrist_confidence_below_floor,9714.0,6.48,,1,cam12/e1/v1,rtmpose_baseline
full,03.CCTV Mobile Usage.mkv,632de9ed55947761d56d4c6142a3cb1a1fe69d0b1a6d0e01a2e404c697962623,dfine_native,105500.0,unknown_object,0.2604,831.14,72.01,912.81,104.91,2686.4,81.67,32.9,2.483,False,,True,unattributed,18,evt_S-61_desk_work_surface_0004,a1e2587a6f762e63,native_source_context_fallback,wrist_confidence_below_floor,9714.0,6.48,,1,cam12/e1/v1,rtmpose_baseline
full,03.CCTV Mobile Usage.mkv,632de9ed55947761d56d4c6142a3cb1a1fe69d0b1a6d0e01a2e404c697962623,dfine_native,105500.0,unknown_object,0.4797,542.05,52.0,573.96,85.44,1067.0,31.9,33.45,0.954,False,,True,unattributed,23,evt_S-61_desk_work_surface_0004,e7e061d063d353a8,native_source_context_fallback,no_pose_observation,6388.9,6.87,,1,cam12/e1/v1,
full,03.CCTV Mobile Usage.mkv,632de9ed55947761d56d4c6142a3cb1a1fe69d0b1a6d0e01a2e404c697962623,dfine_native,105500.0,phone,0.2838,566.48,53.17,606.83,95.33,1701.0,40.35,42.16,0.957,False,,True,unattributed,23,evt_S-61_desk_work_surface_0004,e7e061d063d353a8,native_source_context_fallback,no_pose_observation,6388.9,6.87,,1,cam12/e1/v1,
full,03.CCTV Mobile Usage.mkv,632de9ed55947761d56d4c6142a3cb1a1fe69d0b1a6d0e01a2e404c697962623,dfine_native,105500.0,bag,0.2551,543.87,8.62,608.78,84.29,4912.4,64.92,75.67,0.858,False,,True,unattributed,23,evt_S-61_desk_work_surface_0004,e7e061d063d353a8,native_source_context_fallback,no_pose_observation,6388.9,6.87,,1,cam12/e1/v1,
full,03.CCTV Mobile Usage.mkv,632de9ed55947761d56d4c6142a3cb1a1fe69d0b1a6d0e01a2e404c697962623,dfine_native,105500.0,unknown_object,0.2925,527.01,18.82,547.28,82.55,1291.6,20.27,63.73,0.318,False,,True,unattributed,23,evt_S-61_desk_work_surface_0004,e7e061d063d353a8,native_source_context_fallback,no_pose_observation,6388.9,6.87,,1,cam12/e1/v1,
full,03.CCTV Mobile Usage.mkv,632de9ed55947761d56d4c6142a3cb1a1fe69d0b1a6d0e01a2e404c697962623,dfine_native,105500.0,phone,0.2511,573.0,53.11,605.31,83.94,996.3,32.31,30.84,1.048,False,,True,unattributed,23,evt_S-61_desk_work_surface_0004,e7e061d063d353a8,native_source_context_fallback,no_pose_observation,6388.9,6.87,,1,cam12/e1/v1,
full,03.CCTV Mobile Usage.mkv,632de9ed55947761d56d4c6142a3cb1a1fe69d0b1a6d0e01a2e404c697962623,dfine_native,105567.0,phone,0.3216,160.33,519.14,217.03,558.97,2258.6,56.71,39.83,1.424,False,,True,S-61,17,evt_S-61_upper_body_0018,235fce8f71771c00,pose_hand_context,,54142.5,2.59,,1,cam12/e1/v1,rtmpose_baseline
full,03.CCTV Mobile Usage.mkv,632de9ed55947761d56d4c6142a3cb1a1fe69d0b1a6d0e01a2e404c697962623,dfine_native,105567.0,monitor_or_bezel,0.4024,-0.2,494.93,189.92,560.82,12526.9,190.12,65.89,2.885,False,,True,S-61,17,evt_S-61_upper_body_0018,235fce8f71771c00,pose_hand_context,,54142.5,2.59,,1,cam12/e1/v1,rtmpose_baseline
full,03.CCTV Mobile Usage.mkv,632de9ed55947761d56d4c6142a3cb1a1fe69d0b1a6d0e01a2e404c697962623,dfine_native,105567.0,bag,0.2526,-0.24,342.7,79.97,437.02,7565.1,80.21,94.31,0.85,False,,True,S-61,17,evt_S-61_upper_body_0018,235fce8f71771c00,pose_hand_context,,54142.5,2.59,,1,cam12/e1/v1,rtmpose_baseline
full,03.CCTV Mobile Usage.mkv,632de9ed55947761d56d4c6142a3cb1a1fe69d0b1a6d0e01a2e404c697962623,dfine_native,105567.0,phone,0.3019,108.06,454.62,178.4,522.18,4752.3,70.35,67.56,1.041,False,,True,S-61,17,evt_S-61_upper_body_0018,235fce8f71771c00,pose_hand_context,,54142.5,2.59,,1,cam12/e1/v1,rtmpose_baseline
full,03.CCTV Mobile Usage.mkv,632de9ed55947761d56d4c6142a3cb1a1fe69d0b1a6d0e01a2e404c697962623,dfine_native,105567.0,unknown_object,0.2636,18.5,313.11,109.7,383.2,6392.6,91.2,70.09,1.301,False,,True,S-61,17,evt_S-61_upper_body_0018,235fce8f71771c00,pose_hand_context,,54142.5,2.59,,1,cam12/e1/v1,rtmpose_baseline
full,03.CCTV Mobile Usage.mkv,632de9ed55947761d56d4c6142a3cb1a1fe69d0b1a6d0e01a2e404c697962623,dfine_native,105567.0,phone,0.299,157.59,493.37,217.63,559.96,3997.8,60.03,66.59,0.901,False,,True,S-61,17,evt_S-61_upper_body_0018,235fce8f71771c00,pose_hand_context,,54142.5,2.59,,1,cam12/e1/v1,rtmpose_baseline
full,03.CCTV Mobile Usage.mkv,632de9ed55947761d56d4c6142a3cb1a1fe69d0b1a6d0e01a2e404c697962623,dfine_native,105567.0,keyboard,0.9097,962.17,451.92,1067.93,491.47,4181.9,105.76,39.54,2.675,False,,True,R-desk,21,evt_S-61_upper_body_0018,3a5a1de67b46fed4,lap_bag_context,wrist_confidence_below_floor,34560.0,1.33,,1,cam12/e1/v1,rtmpose_baseline
full,03.CCTV Mobile Usage.mkv,632de9ed55947761d56d4c6142a3cb1a1fe69d0b1a6d0e01a2e404c697962623,dfine_native,105567.0,unknown_object,0.7345,699.87,396.21,847.68,491.96,14151.2,147.81,95.74,1.544,False,,True,R-desk,21,evt_S-61_upper_body_0018,3a5a1de67b46fed4,lap_bag_context,wrist_confidence_below_floor,34560.0,1.33,,1,cam12/e1/v1,rtmpose_baseline
full,03.CCTV Mobile Usage.mkv,632de9ed55947761d56d4c6142a3cb1a1fe69d0b1a6d0e01a2e404c697962623,dfine_native,105567.0,monitor_or_bezel,0.6784,1018.6,395.8,1146.01,448.07,6660.4,127.41,52.27,2.437,False,,True,R-desk,21,evt_S-61_upper_body_0018,3a5a1de67b46fed4,lap_bag_context,wrist_confidence_below_floor,34560.0,1.33,,1,cam12/e1/v1,rtmpose_baseline
full,03.CCTV Mobile Usage.mkv,632de9ed55947761d56d4c6142a3cb1a1fe69d0b1a6d0e01a2e404c697962623,dfine_native,105567.0,keyboard,0.5623,802.53,396.27,870.85,420.6,1662.9,68.33,24.34,2.808,False,,True,R-desk,21,evt_S-61_upper_body_0018,3a5a1de67b46fed4,lap_bag_context,wrist_confidence_below_floor,34560.0,1.33,,1,cam12/e1/v1,rtmpose_baseline
full,03.CCTV Mobile Usage.mkv,632de9ed55947761d56d4c6142a3cb1a1fe69d0b1a6d0e01a2e404c697962623,dfine_native,105567.0,mouse,0.6016,864.79,413.81,892.0,435.16,580.8,27.21,21.35,1.275,False,,True,R-desk,21,evt_S-61_upper_body_0018,3a5a1de67b46fed4,lap_bag_context,wrist_confidence_below_floor,34560.0,1.33,,1,cam12/e1/v1,rtmpose_baseline
full,03.CCTV Mobile Usage.mkv,632de9ed55947761d56d4c6142a3cb1a1fe69d0b1a6d0e01a2e404c697962623,dfine_native,105567.0,phone,0.292,1043.05,422.04,1112.82,474.21,3639.8,69.77,52.17,1.337,False,,True,R-desk,21,evt_S-61_upper_body_0018,3a5a1de67b46fed4,lap_bag_context,wrist_confidence_below_floor,34560.0,1.33,,1,cam12/e1/v1,rtmpose_baseline
full,03.CCTV Mobile Usage.mkv,632de9ed55947761d56d4c6142a3cb1a1fe69d0b1a6d0e01a2e404c697962623,dfine_native,105567.0,monitor_or_bezel,0.327,1013.46,395.69,1147.51,488.39,12426.2,134.04,92.7,1.446,False,,True,R-desk,21,evt_S-61_upper_body_0018,3a5a1de67b46fed4,lap_bag_context,wrist_confidence_below_floor,34560.0,1.33,,1,cam12/e1/v1,rtmpose_baseline
full,03.CCTV Mobile Usage.mkv,632de9ed55947761d56d4c6142a3cb1a1fe69d0b1a6d0e01a2e404c697962623,dfine_native,105567.0,unknown_object,0.4097,700.01,396.3,757.68,491.54,5491.7,57.66,95.24,0.605,False,,True,R-desk,21,evt_S-61_upper_body_0018,3a5a1de67b46fed4,lap_bag_context,wrist_confidence_below_floor,34560.0,1.33,,1,cam12/e1/v1,rtmpose_baseline
full,03.CCTV Mobile Usage.mkv,632de9ed55947761d56d4c6142a3cb1a1fe69d0b1a6d0e01a2e404c697962623,dfine_native,105567.0,monitor_or_bezel,0.3256,881.23,396.15,949.19,452.65,3839.7,67.96,56.5,1.203,False,,True,R-desk,21,evt_S-61_upper_body_0018,3a5a1de67b46fed4,lap_bag_context,wrist_confidence_below_floor,34560.0,1.33,,1,cam12/e1/v1,rtmpose_baseline
full,03.CCTV Mobile Usage.mkv,632de9ed55947761d56d4c6142a3cb1a1fe69d0b1a6d0e01a2e404c697962623,dfine_native,105567.0,mouse,0.3262,967.1,398.43,991.94,410.65,303.6,24.85,12.22,2.033,False,,True,R-desk,21,evt_S-61_upper_body_0018,3a5a1de67b46fed4,lap_bag_context,wrist_confidence_below_floor,34560.0,1.33,,1,cam12/e1/v1,rtmpose_baseline
full,03.CCTV Mobile Usage.mkv,632de9ed55947761d56d4c6142a3cb1a1fe69d0b1a6d0e01a2e404c697962623,dfine_native,105567.0,monitor_or_bezel,0.2549,802.24,396.01,948.99,452.36,8268.8,146.75,56.35,2.604,False,,True,R-desk,21,evt_S-61_upper_body_0018,3a5a1de67b46fed4,lap_bag_context,wrist_confidence_below_floor,34560.0,1.33,,1,cam12/e1/v1,rtmpose_baseline
full,03.CCTV Mobile Usage.mkv,632de9ed55947761d56d4c6142a3cb1a1fe69d0b1a6d0e01a2e404c697962623,dfine_native,105567.0,mouse,0.2601,990.87,399.14,1026.67,413.28,505.9,35.8,14.13,2.534,False,,True,R-desk,21,evt_S-61_upper_body_0018,3a5a1de67b46fed4,lap_bag_context,wrist_confidence_below_floor,34560.0,1.33,,1,cam12/e1/v1,rtmpose_baseline
full,03.CCTV Mobile Usage.mkv,632de9ed55947761d56d4c6142a3cb1a1fe69d0b1a6d0e01a2e404c697962623,dfine_native,105567.0,monitor_or_bezel,0.258,969.89,395.62,1145.7,449.7,9507.6,175.82,54.08,3.251,False,,True,R-desk,21,evt_S-61_upper_body_0018,3a5a1de67b46fed4,lap_bag_context,wrist_confidence_below_floor,34560.0,1.33,,1,cam12/e1/v1,rtmpose_baseline
full,03.CCTV Mobile Usage.mkv,632de9ed55947761d56d4c6142a3cb1a1fe69d0b1a6d0e01a2e404c697962623,dfine_native,105567.0,keyboard,0.9097,962.17,451.92,1067.93,491.47,4181.9,105.76,39.54,2.675,False,,True,R-desk,22,evt_S-61_upper_body_0018,3a5a1de67b46fed4,lap_bag_context,wrist_confidence_below_floor,34560.0,1.33,,1,cam12/e1/v1,rtmpose_baseline
full,03.CCTV Mobile Usage.mkv,632de9ed55947761d56d4c6142a3cb1a1fe69d0b1a6d0e01a2e404c697962623,dfine_native,105567.0,unknown_object,0.7345,699.87,396.21,847.68,491.96,14151.2,147.81,95.74,1.544,False,,True,R-desk,22,evt_S-61_upper_body_0018,3a5a1de67b46fed4,lap_bag_context,wrist_confidence_below_floor,34560.0,1.33,,1,cam12/e1/v1,rtmpose_baseline
full,03.CCTV Mobile Usage.mkv,632de9ed55947761d56d4c6142a3cb1a1fe69d0b1a6d0e01a2e404c697962623,dfine_native,105567.0,monitor_or_bezel,0.6784,1018.6,395.8,1146.01,448.07,6660.4,127.41,52.27,2.437,False,,True,R-desk,22,evt_S-61_upper_body_0018,3a5a1de67b46fed4,lap_bag_context,wrist_confidence_below_floor,34560.0,1.33,,1,cam12/e1/v1,rtmpose_baseline
full,03.CCTV Mobile Usage.mkv,632de9ed55947761d56d4c6142a3cb1a1fe69d0b1a6d0e01a2e404c697962623,dfine_native,105567.0,keyboard,0.5623,802.53,396.27,870.85,420.6,1662.9,68.33,24.34,2.808,False,,True,R-desk,22,evt_S-61_upper_body_0018,3a5a1de67b46fed4,lap_bag_context,wrist_confidence_below_floor,34560.0,1.33,,1,cam12/e1/v1,rtmpose_baseline
full,03.CCTV Mobile Usage.mkv,632de9ed55947761d56d4c6142a3cb1a1fe69d0b1a6d0e01a2e404c697962623,dfine_native,105567.0,mouse,0.6016,864.79,413.81,892.0,435.16,580.8,27.21,21.35,1.275,False,,True,R-desk,22,evt_S-61_upper_body_0018,3a5a1de67b46fed4,lap_bag_context,wrist_confidence_below_floor,34560.0,1.33,,1,cam12/e1/v1,rtmpose_baseline
full,03.CCTV Mobile Usage.mkv,632de9ed55947761d56d4c6142a3cb1a1fe69d0b1a6d0e01a2e404c697962623,dfine_native,105567.0,phone,0.292,1043.05,422.04,1112.82,474.21,3639.8,69.77,52.17,1.337,False,,True,R-desk,22,evt_S-61_upper_body_0018,3a5a1de67b46fed4,lap_bag_context,wrist_confidence_below_floor,34560.0,1.33,,1,cam12/e1/v1,rtmpose_baseline
full,03.CCTV Mobile Usage.mkv,632de9ed55947761d56d4c6142a3cb1a1fe69d0b1a6d0e01a2e404c697962623,dfine_native,105567.0,monitor_or_bezel,0.327,1013.46,395.69,1147.51,488.39,12426.2,134.04,92.7,1.446,False,,True,R-desk,22,evt_S-61_upper_body_0018,3a5a1de67b46fed4,lap_bag_context,wrist_confidence_below_floor,34560.0,1.33,,1,cam12/e1/v1,rtmpose_baseline
full,03.CCTV Mobile Usage.mkv,632de9ed55947761d56d4c6142a3cb1a1fe69d0b1a6d0e01a2e404c697962623,dfine_native,105567.0,unknown_object,0.4097,700.01,396.3,757.68,491.54,5491.7,57.66,95.24,0.605,False,,True,R-desk,22,evt_S-61_upper_body_0018,3a5a1de67b46fed4,lap_bag_context,wrist_confidence_below_floor,34560.0,1.33,,1,cam12/e1/v1,rtmpose_baseline
full,03.CCTV Mobile Usage.mkv,632de9ed55947761d56d4c6142a3cb1a1fe69d0b1a6d0e01a2e404c697962623,dfine_native,105567.0,monitor_or_bezel,0.3256,881.23,396.15,949.19,452.65,3839.7,67.96,56.5,1.203,False,,True,R-desk,22,evt_S-61_upper_body_0018,3a5a1de67b46fed4,lap_bag_context,wrist_confidence_below_floor,34560.0,1.33,,1,cam12/e1/v1,rtmpose_baseline
full,03.CCTV Mobile Usage.mkv,632de9ed55947761d56d4c6142a3cb1a1fe69d0b1a6d0e01a2e404c697962623,dfine_native,105567.0,mouse,0.3262,967.1,398.43,991.94,410.65,303.6,24.85,12.22,2.033,False,,True,R-desk,22,evt_S-61_upper_body_0018,3a5a1de67b46fed4,lap_bag_context,wrist_confidence_below_floor,34560.0,1.33,,1,cam12/e1/v1,rtmpose_baseline
full,03.CCTV Mobile Usage.mkv,632de9ed55947761d56d4c6142a3cb1a1fe69d0b1a6d0e01a2e404c697962623,dfine_native,105567.0,monitor_or_bezel,0.2549,802.24,396.01,948.99,452.36,8268.8,146.75,56.35,2.604,False,,True,R-desk,22,evt_S-61_upper_body_0018,3a5a1de67b46fed4,lap_bag_context,wrist_confidence_below_floor,34560.0,1.33,,1,cam12/e1/v1,rtmpose_baseline
full,03.CCTV Mobile Usage.mkv,632de9ed55947761d56d4c6142a3cb1a1fe69d0b1a6d0e01a2e404c697962623,dfine_native,105567.0,mouse,0.2601,990.87,399.14,1026.67,413.28,505.9,35.8,14.13,2.534,False,,True,R-desk,22,evt_S-61_upper_body_0018,3a5a1de67b46fed4,lap_bag_context,wrist_confidence_below_floor,34560.0,1.33,,1,cam12/e1/v1,rtmpose_baseline
full,03.CCTV Mobile Usage.mkv,632de9ed55947761d56d4c6142a3cb1a1fe69d0b1a6d0e01a2e404c697962623,dfine_native,105567.0,monitor_or_bezel,0.258,969.89,395.62,1145.7,449.7,9507.6,175.82,54.08,3.251,False,,True,R-desk,22,evt_S-61_upper_body_0018,3a5a1de67b46fed4,lap_bag_context,wrist_confidence_below_floor,34560.0,1.33,,1,cam12/e1/v1,rtmpose_baseline
full,03.CCTV Mobile Usage.mkv,632de9ed55947761d56d4c6142a3cb1a1fe69d0b1a6d0e01a2e404c697962623,dfine_native,105567.0,monitor_or_bezel,0.4125,814.9,6.95,844.36,44.67,1111.3,29.46,37.72,0.781,False,,True,unattributed,18,evt_S-61_upper_body_0018,c59523deb1dfb814,native_source_context_fallback,wrist_confidence_below_floor,9714.0,6.48,,1,cam12/e1/v1,rtmpose_baseline
full,03.CCTV Mobile Usage.mkv,632de9ed55947761d56d4c6142a3cb1a1fe69d0b1a6d0e01a2e404c697962623,dfine_native,105567.0,unknown_object,0.3426,831.41,84.09,912.76,104.9,1693.0,81.35,20.81,3.909,False,,True,unattributed,18,evt_S-61_upper_body_0018,c59523deb1dfb814,native_source_context_fallback,wrist_confidence_below_floor,9714.0,6.48,,1,cam12/e1/v1,rtmpose_baseline
full,03.CCTV Mobile Usage.mkv,632de9ed55947761d56d4c6142a3cb1a1fe69d0b1a6d0e01a2e404c697962623,dfine_native,105567.0,phone,0.3865,847.92,82.92,859.87,87.36,53.1,11.95,4.44,2.69,True,object footprint 53 px is under the 120 px floor for a call,False,unattributed,18,evt_S-61_upper_body_0018,c59523deb1dfb814,native_source_context_fallback,wrist_confidence_below_floor,9714.0,6.48,,1,cam12/e1/v1,rtmpose_baseline
full,03.CCTV Mobile Usage.mkv,632de9ed55947761d56d4c6142a3cb1a1fe69d0b1a6d0e01a2e404c697962623,dfine_native,105567.0,unknown_object,0.3069,815.11,40.47,912.95,104.75,6289.1,97.83,64.28,1.522,False,,True,unattributed,18,evt_S-61_upper_body_0018,c59523deb1dfb814,native_source_context_fallback,wrist_confidence_below_floor,9714.0,6.48,,1,cam12/e1/v1,rtmpose_baseline
full,03.CCTV Mobile Usage.mkv,632de9ed55947761d56d4c6142a3cb1a1fe69d0b1a6d0e01a2e404c697962623,dfine_native,105567.0,unknown_object,0.2604,831.14,72.01,912.81,104.91,2686.4,81.67,32.9,2.483,False,,True,unattributed,18,evt_S-61_upper_body_0018,c59523deb1dfb814,native_source_context_fallback,wrist_confidence_below_floor,9714.0,6.48,,1,cam12/e1/v1,rtmpose_baseline
full,03.CCTV Mobile Usage.mkv,632de9ed55947761d56d4c6142a3cb1a1fe69d0b1a6d0e01a2e404c697962623,dfine_native,105567.0,unknown_object,0.4797,542.05,52.0,573.96,85.44,1067.0,31.9,33.45,0.954,False,,True,unattributed,23,evt_S-61_upper_body_0018,d3594aafd744edc8,native_source_context_fallback,no_pose_observation,6388.9,6.87,,1,cam12/e1/v1,
full,03.CCTV Mobile Usage.mkv,632de9ed55947761d56d4c6142a3cb1a1fe69d0b1a6d0e01a2e404c697962623,dfine_native,105567.0,phone,0.2838,566.48,53.17,606.83,95.33,1701.0,40.35,42.16,0.957,False,,True,unattributed,23,evt_S-61_upper_body_0018,d3594aafd744edc8,native_source_context_fallback,no_pose_observation,6388.9,6.87,,1,cam12/e1/v1,
full,03.CCTV Mobile Usage.mkv,632de9ed55947761d56d4c6142a3cb1a1fe69d0b1a6d0e01a2e404c697962623,dfine_native,105567.0,bag,0.2551,543.87,8.62,608.78,84.29,4912.4,64.92,75.67,0.858,False,,True,unattributed,23,evt_S-61_upper_body_0018,d3594aafd744edc8,native_source_context_fallback,no_pose_observation,6388.9,6.87,,1,cam12/e1/v1,
full,03.CCTV Mobile Usage.mkv,632de9ed55947761d56d4c6142a3cb1a1fe69d0b1a6d0e01a2e404c697962623,dfine_native,105567.0,unknown_object,0.2925,527.01,18.82,547.28,82.55,1291.6,20.27,63.73,0.318,False,,True,unattributed,23,evt_S-61_upper_body_0018,d3594aafd744edc8,native_source_context_fallback,no_pose_observation,6388.9,6.87,,1,cam12/e1/v1,
full,03.CCTV Mobile Usage.mkv,632de9ed55947761d56d4c6142a3cb1a1fe69d0b1a6d0e01a2e404c697962623,dfine_native,105567.0,phone,0.2511,573.0,53.11,605.31,83.94,996.3,32.31,30.84,1.048,False,,True,unattributed,23,evt_S-61_upper_body_0018,d3594aafd744edc8,native_source_context_fallback,no_pose_observation,6388.9,6.87,,1,cam12/e1/v1,
full,03.CCTV Mobile Usage.mkv,632de9ed55947761d56d4c6142a3cb1a1fe69d0b1a6d0e01a2e404c697962623,dfine_native,106000.0,unknown_object,0.3616,244.52,554.11,366.13,669.85,14075.4,121.62,115.74,1.051,False,,True,S-61,17,evt_S-61_desk_work_surface_0004,0524292fda5535a5,pose_hand_context,,63918.0,2.53,,1,cam12/e1/v1,rtmpose_baseline
full,03.CCTV Mobile Usage.mkv,632de9ed55947761d56d4c6142a3cb1a1fe69d0b1a6d0e01a2e404c697962623,dfine_native,106000.0,unknown_object,0.2562,245.26,545.46,391.8,670.65,18344.6,146.54,125.19,1.171,False,,True,S-61,17,evt_S-61_desk_work_surface_0004,0524292fda5535a5,pose_hand_context,,63918.0,2.53,,1,cam12/e1/v1,rtmpose_baseline
full,03.CCTV Mobile Usage.mkv,632de9ed55947761d56d4c6142a3cb1a1fe69d0b1a6d0e01a2e404c697962623,dfine_native,106000.0,unknown_object,0.2681,244.72,605.51,370.68,670.75,8217.5,125.96,65.24,1.931,False,,True,S-61,17,evt_S-61_desk_work_surface_0004,0524292fda5535a5,pose_hand_context,,63918.0,2.53,,1,cam12/e1/v1,rtmpose_baseline
full,03.CCTV Mobile Usage.mkv,632de9ed55947761d56d4c6142a3cb1a1fe69d0b1a6d0e01a2e404c697962623,dfine_native,106000.0,monitor_or_bezel,0.3258,139.0,516.62,278.32,669.37,21281.4,139.32,152.75,0.912,False,,True,S-61,17,evt_S-61_desk_work_surface_0004,0524292fda5535a5,pose_hand_context,,63918.0,2.53,,1,cam12/e1/v1,rtmpose_baseline
full,03.CCTV Mobile Usage.mkv,632de9ed55947761d56d4c6142a3cb1a1fe69d0b1a6d0e01a2e404c697962623,dfine_native,106000.0,monitor_or_bezel,0.2759,139.03,418.46,216.65,492.4,5738.3,77.61,73.94,1.05,False,,True,S-61,17,evt_S-61_desk_work_surface_0004,0524292fda5535a5,pose_hand_context,,63918.0,2.53,,1,cam12/e1/v1,rtmpose_baseline
full,03.CCTV Mobile Usage.mkv,632de9ed55947761d56d4c6142a3cb1a1fe69d0b1a6d0e01a2e404c697962623,dfine_native,106000.0,unknown_object,0.2538,139.06,449.49,278.46,668.9,30585.1,139.4,219.41,0.635,False,,True,S-61,17,evt_S-61_desk_work_surface_0004,0524292fda5535a5,pose_hand_context,,63918.0,2.53,,1,cam12/e1/v1,rtmpose_baseline
full,03.CCTV Mobile Usage.mkv,632de9ed55947761d56d4c6142a3cb1a1fe69d0b1a6d0e01a2e404c697962623,dfine_native,106000.0,unknown_object,0.2527,245.05,419.93,391.88,669.61,36660.7,146.83,249.67,0.588,False,,True,S-61,17,evt_S-61_desk_work_surface_0004,0524292fda5535a5,pose_hand_context,,63918.0,2.53,,1,cam12/e1/v1,rtmpose_baseline
full,03.CCTV Mobile Usage.mkv,632de9ed55947761d56d4c6142a3cb1a1fe69d0b1a6d0e01a2e404c697962623,dfine_native,106000.0,unknown_object,0.2866,139.27,421.45,282.0,668.92,35321.7,142.73,247.47,0.577,False,,True,S-61,17,evt_S-61_desk_work_surface_0004,0524292fda5535a5,pose_hand_context,,63918.0,2.53,,1,cam12/e1/v1,rtmpose_baseline
full,03.CCTV Mobile Usage.mkv,632de9ed55947761d56d4c6142a3cb1a1fe69d0b1a6d0e01a2e404c697962623,dfine_native,106000.0,unknown_object,0.277,139.29,437.89,283.38,669.23,33332.8,144.09,231.33,0.623,False,,True,S-61,17,evt_S-61_desk_work_surface_0004,0524292fda5535a5,pose_hand_context,,63918.0,2.53,,1,cam12/e1/v1,rtmpose_baseline
full,03.CCTV Mobile Usage.mkv,632de9ed55947761d56d4c6142a3cb1a1fe69d0b1a6d0e01a2e404c697962623,dfine_native,106000.0,keyboard,0.9099,962.17,451.92,1067.93,491.47,4182.0,105.76,39.54,2.674,False,,True,R-desk,21,evt_S-61_desk_work_surface_0004,8cdcdd5d21a63e41,lap_bag_context,wrist_confidence_below_floor,34560.0,1.33,,1,cam12/e1/v1,rtmpose_baseline
full,03.CCTV Mobile Usage.mkv,632de9ed55947761d56d4c6142a3cb1a1fe69d0b1a6d0e01a2e404c697962623,dfine_native,106000.0,unknown_object,0.7357,699.87,396.22,847.66,491.96,14149.3,147.79,95.74,1.544,False,,True,R-desk,21,evt_S-61_desk_work_surface_0004,8cdcdd5d21a63e41,lap_bag_context,wrist_confidence_below_floor,34560.0,1.33,,1,cam12/e1/v1,rtmpose_baseline
full,03.CCTV Mobile Usage.mkv,632de9ed55947761d56d4c6142a3cb1a1fe69d0b1a6d0e01a2e404c697962623,dfine_native,106000.0,monitor_or_bezel,0.6843,1018.59,395.79,1145.98,448.07,6660.0,127.39,52.28,2.437,False,,True,R-desk,21,evt_S-61_desk_work_surface_0004,8cdcdd5d21a63e41,lap_bag_context,wrist_confidence_below_floor,34560.0,1.33,,1,cam12/e1/v1,rtmpose_baseline
full,03.CCTV Mobile Usage.mkv,632de9ed55947761d56d4c6142a3cb1a1fe69d0b1a6d0e01a2e404c697962623,dfine_native,106000.0,keyboard,0.5647,802.53,396.27,870.85,420.6,1662.8,68.33,24.34,2.808,False,,True,R-desk,21,evt_S-61_desk_work_surface_0004,8cdcdd5d21a63e41,lap_bag_context,wrist_confidence_below_floor,34560.0,1.33,,1,cam12/e1/v1,rtmpose_baseline
full,03.CCTV Mobile Usage.mkv,632de9ed55947761d56d4c6142a3cb1a1fe69d0b1a6d0e01a2e404c697962623,dfine_native,106000.0,mouse,0.6011,864.79,413.81,892.0,435.15,580.7,27.21,21.34,1.275,False,,True,R-desk,21,evt_S-61_desk_work_surface_0004,8cdcdd5d21a63e41,lap_bag_context,wrist_confidence_below_floor,34560.0,1.33,,1,cam12/e1/v1,rtmpose_baseline
full,03.CCTV Mobile Usage.mkv,632de9ed55947761d56d4c6142a3cb1a1fe69d0b1a6d0e01a2e404c697962623,dfine_native,106000.0,phone,0.291,1043.05,422.04,1112.82,474.21,3639.7,69.77,52.17,1.337,False,,True,R-desk,21,evt_S-61_desk_work_surface_0004,8cdcdd5d21a63e41,lap_bag_context,wrist_confidence_below_floor,34560.0,1.33,,1,cam12/e1/v1,rtmpose_baseline
full,03.CCTV Mobile Usage.mkv,632de9ed55947761d56d4c6142a3cb1a1fe69d0b1a6d0e01a2e404c697962623,dfine_native,106000.0,monitor_or_bezel,0.3247,1013.44,395.68,1147.41,488.34,12413.3,133.97,92.66,1.446,False,,True,R-desk,21,evt_S-61_desk_work_surface_0004,8cdcdd5d21a63e41,lap_bag_context,wrist_confidence_below_floor,34560.0,1.33,,1,cam12/e1/v1,rtmpose_baseline
full,03.CCTV Mobile Usage.mkv,632de9ed55947761d56d4c6142a3cb1a1fe69d0b1a6d0e01a2e404c697962623,dfine_native,106000.0,unknown_object,0.4099,700.01,396.3,757.67,491.53,5491.5,57.66,95.24,0.605,False,,True,R-desk,21,evt_S-61_desk_work_surface_0004,8cdcdd5d21a63e41,lap_bag_context,wrist_confidence_below_floor,34560.0,1.33,,1,cam12/e1/v1,rtmpose_baseline
full,03.CCTV Mobile Usage.mkv,632de9ed55947761d56d4c6142a3cb1a1fe69d0b1a6d0e01a2e404c697962623,dfine_native,106000.0,monitor_or_bezel,0.3266,881.23,396.15,949.19,452.65,3839.6,67.96,56.5,1.203,False,,True,R-desk,21,evt_S-61_desk_work_surface_0004,8cdcdd5d21a63e41,lap_bag_context,wrist_confidence_below_floor,34560.0,1.33,,1,cam12/e1/v1,rtmpose_baseline
full,03.CCTV Mobile Usage.mkv,632de9ed55947761d56d4c6142a3cb1a1fe69d0b1a6d0e01a2e404c697962623,dfine_native,106000.0,mouse,0.3265,967.1,398.43,991.94,410.65,303.6,24.85,12.22,2.034,False,,True,R-desk,21,evt_S-61_desk_work_surface_0004,8cdcdd5d21a63e41,lap_bag_context,wrist_confidence_below_floor,34560.0,1.33,,1,cam12/e1/v1,rtmpose_baseline
full,03.CCTV Mobile Usage.mkv,632de9ed55947761d56d4c6142a3cb1a1fe69d0b1a6d0e01a2e404c697962623,dfine_native,106000.0,monitor_or_bezel,0.2542,802.28,396.0,949.02,452.36,8269.1,146.74,56.35,2.604,False,,True,R-desk,21,evt_S-61_desk_work_surface_0004,8cdcdd5d21a63e41,lap_bag_context,wrist_confidence_below_floor,34560.0,1.33,,1,cam12/e1/v1,rtmpose_baseline
full,03.CCTV Mobile Usage.mkv,632de9ed55947761d56d4c6142a3cb1a1fe69d0b1a6d0e01a2e404c697962623,dfine_native,106000.0,mouse,0.2614,990.87,399.13,1026.7,413.28,506.8,35.83,14.15,2.533,False,,True,R-desk,21,evt_S-61_desk_work_surface_0004,8cdcdd5d21a63e41,lap_bag_context,wrist_confidence_below_floor,34560.0,1.33,,1,cam12/e1/v1,rtmpose_baseline
full,03.CCTV Mobile Usage.mkv,632de9ed55947761d56d4c6142a3cb1a1fe69d0b1a6d0e01a2e404c697962623,dfine_native,106000.0,monitor_or_bezel,0.2562,969.77,395.61,1145.67,449.68,9511.0,175.9,54.07,3.253,False,,True,R-desk,21,evt_S-61_desk_work_surface_0004,8cdcdd5d21a63e41,lap_bag_context,wrist_confidence_below_floor,34560.0,1.33,,1,cam12/e1/v1,rtmpose_baseline
full,03.CCTV Mobile Usage.mkv,632de9ed55947761d56d4c6142a3cb1a1fe69d0b1a6d0e01a2e404c697962623,dfine_native,106000.0,keyboard,0.9099,962.17,451.92,1067.93,491.47,4182.0,105.76,39.54,2.674,False,,True,R-desk,22,evt_S-61_desk_work_surface_0004,8cdcdd5d21a63e41,lap_bag_context,wrist_confidence_below_floor,34560.0,1.33,,1,cam12/e1/v1,rtmpose_baseline
full,03.CCTV Mobile Usage.mkv,632de9ed55947761d56d4c6142a3cb1a1fe69d0b1a6d0e01a2e404c697962623,dfine_native,106000.0,unknown_object,0.7357,699.87,396.22,847.66,491.96,14149.3,147.79,95.74,1.544,False,,True,R-desk,22,evt_S-61_desk_work_surface_0004,8cdcdd5d21a63e41,lap_bag_context,wrist_confidence_below_floor,34560.0,1.33,,1,cam12/e1/v1,rtmpose_baseline
full,03.CCTV Mobile Usage.mkv,632de9ed55947761d56d4c6142a3cb1a1fe69d0b1a6d0e01a2e404c697962623,dfine_native,106000.0,monitor_or_bezel,0.6843,1018.59,395.79,1145.98,448.07,6660.0,127.39,52.28,2.437,False,,True,R-desk,22,evt_S-61_desk_work_surface_0004,8cdcdd5d21a63e41,lap_bag_context,wrist_confidence_below_floor,34560.0,1.33,,1,cam12/e1/v1,rtmpose_baseline
full,03.CCTV Mobile Usage.mkv,632de9ed55947761d56d4c6142a3cb1a1fe69d0b1a6d0e01a2e404c697962623,dfine_native,106000.0,keyboard,0.5647,802.53,396.27,870.85,420.6,1662.8,68.33,24.34,2.808,False,,True,R-desk,22,evt_S-61_desk_work_surface_0004,8cdcdd5d21a63e41,lap_bag_context,wrist_confidence_below_floor,34560.0,1.33,,1,cam12/e1/v1,rtmpose_baseline
full,03.CCTV Mobile Usage.mkv,632de9ed55947761d56d4c6142a3cb1a1fe69d0b1a6d0e01a2e404c697962623,dfine_native,106000.0,mouse,0.6011,864.79,413.81,892.0,435.15,580.7,27.21,21.34,1.275,False,,True,R-desk,22,evt_S-61_desk_work_surface_0004,8cdcdd5d21a63e41,lap_bag_context,wrist_confidence_below_floor,34560.0,1.33,,1,cam12/e1/v1,rtmpose_baseline
full,03.CCTV Mobile Usage.mkv,632de9ed55947761d56d4c6142a3cb1a1fe69d0b1a6d0e01a2e404c697962623,dfine_native,106000.0,phone,0.291,1043.05,422.04,1112.82,474.21,3639.7,69.77,52.17,1.337,False,,True,R-desk,22,evt_S-61_desk_work_surface_0004,8cdcdd5d21a63e41,lap_bag_context,wrist_confidence_below_floor,34560.0,1.33,,1,cam12/e1/v1,rtmpose_baseline
full,03.CCTV Mobile Usage.mkv,632de9ed55947761d56d4c6142a3cb1a1fe69d0b1a6d0e01a2e404c697962623,dfine_native,106000.0,monitor_or_bezel,0.3247,1013.44,395.68,1147.41,488.34,12413.3,133.97,92.66,1.446,False,,True,R-desk,22,evt_S-61_desk_work_surface_0004,8cdcdd5d21a63e41,lap_bag_context,wrist_confidence_below_floor,34560.0,1.33,,1,cam12/e1/v1,rtmpose_baseline
full,03.CCTV Mobile Usage.mkv,632de9ed55947761d56d4c6142a3cb1a1fe69d0b1a6d0e01a2e404c697962623,dfine_native,106000.0,unknown_object,0.4099,700.01,396.3,757.67,491.53,5491.5,57.66,95.24,0.605,False,,True,R-desk,22,evt_S-61_desk_work_surface_0004,8cdcdd5d21a63e41,lap_bag_context,wrist_confidence_below_floor,34560.0,1.33,,1,cam12/e1/v1,rtmpose_baseline
full,03.CCTV Mobile Usage.mkv,632de9ed55947761d56d4c6142a3cb1a1fe69d0b1a6d0e01a2e404c697962623,dfine_native,106000.0,monitor_or_bezel,0.3266,881.23,396.15,949.19,452.65,3839.6,67.96,56.5,1.203,False,,True,R-desk,22,evt_S-61_desk_work_surface_0004,8cdcdd5d21a63e41,lap_bag_context,wrist_confidence_below_floor,34560.0,1.33,,1,cam12/e1/v1,rtmpose_baseline
full,03.CCTV Mobile Usage.mkv,632de9ed55947761d56d4c6142a3cb1a1fe69d0b1a6d0e01a2e404c697962623,dfine_native,106000.0,mouse,0.3265,967.1,398.43,991.94,410.65,303.6,24.85,12.22,2.034,False,,True,R-desk,22,evt_S-61_desk_work_surface_0004,8cdcdd5d21a63e41,lap_bag_context,wrist_confidence_below_floor,34560.0,1.33,,1,cam12/e1/v1,rtmpose_baseline
full,03.CCTV Mobile Usage.mkv,632de9ed55947761d56d4c6142a3cb1a1fe69d0b1a6d0e01a2e404c697962623,dfine_native,106000.0,monitor_or_bezel,0.2542,802.28,396.0,949.02,452.36,8269.1,146.74,56.35,2.604,False,,True,R-desk,22,evt_S-61_desk_work_surface_0004,8cdcdd5d21a63e41,lap_bag_context,wrist_confidence_below_floor,34560.0,1.33,,1,cam12/e1/v1,rtmpose_baseline
full,03.CCTV Mobile Usage.mkv,632de9ed55947761d56d4c6142a3cb1a1fe69d0b1a6d0e01a2e404c697962623,dfine_native,106000.0,mouse,0.2614,990.87,399.13,1026.7,413.28,506.8,35.83,14.15,2.533,False,,True,R-desk,22,evt_S-61_desk_work_surface_0004,8cdcdd5d21a63e41,lap_bag_context,wrist_confidence_below_floor,34560.0,1.33,,1,cam12/e1/v1,rtmpose_baseline
full,03.CCTV Mobile Usage.mkv,632de9ed55947761d56d4c6142a3cb1a1fe69d0b1a6d0e01a2e404c697962623,dfine_native,106000.0,monitor_or_bezel,0.2562,969.77,395.61,1145.67,449.68,9511.0,175.9,54.07,3.253,False,,True,R-desk,22,evt_S-61_desk_work_surface_0004,8cdcdd5d21a63e41,lap_bag_context,wrist_confidence_below_floor,34560.0,1.33,,1,cam12/e1/v1,rtmpose_baseline
full,03.CCTV Mobile Usage.mkv,632de9ed55947761d56d4c6142a3cb1a1fe69d0b1a6d0e01a2e404c697962623,dfine_native,106000.0,phone,0.5225,544.64,8.2,610.8,95.15,5753.1,66.16,86.96,0.761,False,,True,unattributed,23,evt_S-61_desk_work_surface_0004,94af2ae3b4e6c5f4,native_source_context_fallback,no_pose_observation,6639.1,6.98,,1,cam12/e1/v1,
full,03.CCTV Mobile Usage.mkv,632de9ed55947761d56d4c6142a3cb1a1fe69d0b1a6d0e01a2e404c697962623,dfine_native,106000.0,unknown_object,0.5484,542.53,51.64,573.6,87.08,1101.0,31.07,35.44,0.877,False,,True,unattributed,23,evt_S-61_desk_work_surface_0004,94af2ae3b4e6c5f4,native_source_context_fallback,no_pose_observation,6639.1,6.98,,1,cam12/e1/v1,
full,03.CCTV Mobile Usage.mkv,632de9ed55947761d56d4c6142a3cb1a1fe69d0b1a6d0e01a2e404c697962623,dfine_native,106000.0,phone,0.3077,573.12,52.77,604.31,83.71,965.0,31.19,30.94,1.008,False,,True,unattributed,23,evt_S-61_desk_work_surface_0004,94af2ae3b4e6c5f4,native_source_context_fallback,no_pose_observation,6639.1,6.98,,1,cam12/e1/v1,
full,03.CCTV Mobile Usage.mkv,632de9ed55947761d56d4c6142a3cb1a1fe69d0b1a6d0e01a2e404c697962623,dfine_native,106000.0,unknown_object,0.3011,530.02,0.16,560.49,83.59,2541.9,30.47,83.43,0.365,False,,True,unattributed,23,evt_S-61_desk_work_surface_0004,94af2ae3b4e6c5f4,native_source_context_fallback,no_pose_observation,6639.1,6.98,,1,cam12/e1/v1,
full,03.CCTV Mobile Usage.mkv,632de9ed55947761d56d4c6142a3cb1a1fe69d0b1a6d0e01a2e404c697962623,dfine_native,106000.0,phone,0.3554,564.78,52.74,606.87,95.51,1800.4,42.09,42.77,0.984,False,,True,unattributed,23,evt_S-61_desk_work_surface_0004,94af2ae3b4e6c5f4,native_source_context_fallback,no_pose_observation,6639.1,6.98,,1,cam12/e1/v1,
full,03.CCTV Mobile Usage.mkv,632de9ed55947761d56d4c6142a3cb1a1fe69d0b1a6d0e01a2e404c697962623,dfine_native,106000.0,bag,0.2586,548.49,9.31,610.2,54.42,2783.8,61.71,45.11,1.368,False,,True,unattributed,23,evt_S-61_desk_work_surface_0004,94af2ae3b4e6c5f4,native_source_context_fallback,no_pose_observation,6639.1,6.98,,1,cam12/e1/v1,
full,03.CCTV Mobile Usage.mkv,632de9ed55947761d56d4c6142a3cb1a1fe69d0b1a6d0e01a2e404c697962623,dfine_native,106000.0,unknown_object,0.2801,551.22,57.09,564.09,80.85,306.0,12.87,23.77,0.542,False,,True,unattributed,23,evt_S-61_desk_work_surface_0004,94af2ae3b4e6c5f4,native_source_context_fallback,no_pose_observation,6639.1,6.98,,1,cam12/e1/v1,
full,03.CCTV Mobile Usage.mkv,632de9ed55947761d56d4c6142a3cb1a1fe69d0b1a6d0e01a2e404c697962623,dfine_native,106000.0,monitor_or_bezel,0.4201,815.01,8.5,844.44,44.74,1066.5,29.42,36.24,0.812,False,,True,unattributed,18,evt_S-61_desk_work_surface_0004,c32e4919eabbcead,native_source_context_fallback,wrist_confidence_below_floor,9409.0,6.58,,1,cam12/e1/v1,rtmpose_baseline
full,03.CCTV Mobile Usage.mkv,632de9ed55947761d56d4c6142a3cb1a1fe69d0b1a6d0e01a2e404c697962623,dfine_native,106067.0,monitor_or_bezel,0.4864,815.01,8.53,844.58,44.52,1064.3,29.57,36.0,0.821,False,,True,unattributed,18,evt_S-61_upper_body_0018,031f56c00e7bc06c,native_source_context_fallback,wrist_confidence_below_floor,9410.0,6.59,,1,cam12/e1/v1,rtmpose_baseline
full,03.CCTV Mobile Usage.mkv,632de9ed55947761d56d4c6142a3cb1a1fe69d0b1a6d0e01a2e404c697962623,dfine_native,106067.0,keyboard,0.9058,962.22,451.91,1067.94,491.47,4183.1,105.72,39.57,2.672,False,,True,R-desk,21,evt_S-61_upper_body_0018,16beff7bd8032466,lap_bag_context,no_pose_observation,34560.0,1.33,,1,cam12/e1/v1,
full,03.CCTV Mobile Usage.mkv,632de9ed55947761d56d4c6142a3cb1a1fe69d0b1a6d0e01a2e404c697962623,dfine_native,106067.0,monitor_or_bezel,0.6477,1018.74,395.62,1145.88,448.0,6660.0,127.14,52.38,2.427,False,,True,R-desk,21,evt_S-61_upper_body_0018,16beff7bd8032466,lap_bag_context,no_pose_observation,34560.0,1.33,,1,cam12/e1/v1,
full,03.CCTV Mobile Usage.mkv,632de9ed55947761d56d4c6142a3cb1a1fe69d0b1a6d0e01a2e404c697962623,dfine_native,106067.0,unknown_object,0.5195,699.94,396.15,854.37,492.15,14825.8,154.42,96.01,1.608,False,,True,R-desk,21,evt_S-61_upper_body_0018,16beff7bd8032466,lap_bag_context,no_pose_observation,34560.0,1.33,,1,cam12/e1/v1,
full,03.CCTV Mobile Usage.mkv,632de9ed55947761d56d4c6142a3cb1a1fe69d0b1a6d0e01a2e404c697962623,dfine_native,106067.0,unknown_object,0.4941,700.07,396.14,759.08,491.67,5636.7,59.01,95.53,0.618,False,,True,R-desk,21,evt_S-61_upper_body_0018,16beff7bd8032466,lap_bag_context,no_pose_observation,34560.0,1.33,,1,cam12/e1/v1,
full,03.CCTV Mobile Usage.mkv,632de9ed55947761d56d4c6142a3cb1a1fe69d0b1a6d0e01a2e404c697962623,dfine_native,106067.0,keyboard,0.4832,802.47,396.26,870.74,420.59,1661.2,68.27,24.33,2.806,False,,True,R-desk,21,evt_S-61_upper_body_0018,16beff7bd8032466,lap_bag_context,no_pose_observation,34560.0,1.33,,1,cam12/e1/v1,
full,03.CCTV Mobile Usage.mkv,632de9ed55947761d56d4c6142a3cb1a1fe69d0b1a6d0e01a2e404c697962623,dfine_native,106067.0,phone,0.3386,1042.92,421.92,1112.92,474.22,3661.3,70.0,52.3,1.338,False,,True,R-desk,21,evt_S-61_upper_body_0018,16beff7bd8032466,lap_bag_context,no_pose_observation,34560.0,1.33,,1,cam12/e1/v1,
full,03.CCTV Mobile Usage.mkv,632de9ed55947761d56d4c6142a3cb1a1fe69d0b1a6d0e01a2e404c697962623,dfine_native,106067.0,monitor_or_bezel,0.3285,1013.7,395.55,1147.26,488.06,12356.2,133.56,92.51,1.444,False,,True,R-desk,21,evt_S-61_upper_body_0018,16beff7bd8032466,lap_bag_context,no_pose_observation,34560.0,1.33,,1,cam12/e1/v1,
full,03.CCTV Mobile Usage.mkv,632de9ed55947761d56d4c6142a3cb1a1fe69d0b1a6d0e01a2e404c697962623,dfine_native,106067.0,mouse,0.308,967.03,398.4,991.99,410.65,305.7,24.96,12.25,2.038,False,,True,R-desk,21,evt_S-61_upper_body_0018,16beff7bd8032466,lap_bag_context,no_pose_observation,34560.0,1.33,,1,cam12/e1/v1,
full,03.CCTV Mobile Usage.mkv,632de9ed55947761d56d4c6142a3cb1a1fe69d0b1a6d0e01a2e404c697962623,dfine_native,106067.0,mouse,0.5374,864.88,413.89,891.95,435.15,575.6,27.07,21.27,1.273,False,,True,R-desk,21,evt_S-61_upper_body_0018,16beff7bd8032466,lap_bag_context,no_pose_observation,34560.0,1.33,,1,cam12/e1/v1,
full,03.CCTV Mobile Usage.mkv,632de9ed55947761d56d4c6142a3cb1a1fe69d0b1a6d0e01a2e404c697962623,dfine_native,106067.0,monitor_or_bezel,0.3043,881.28,396.16,949.08,452.59,3825.8,67.8,56.43,1.202,False,,True,R-desk,21,evt_S-61_upper_body_0018,16beff7bd8032466,lap_bag_context,no_pose_observation,34560.0,1.33,,1,cam12/e1/v1,
full,03.CCTV Mobile Usage.mkv,632de9ed55947761d56d4c6142a3cb1a1fe69d0b1a6d0e01a2e404c697962623,dfine_native,106067.0,mouse,0.2758,990.72,399.4,1026.76,413.41,504.6,36.03,14.0,2.573,False,,True,R-desk,21,evt_S-61_upper_body_0018,16beff7bd8032466,lap_bag_context,no_pose_observation,34560.0,1.33,,1,cam12/e1/v1,
full,03.CCTV Mobile Usage.mkv,632de9ed55947761d56d4c6142a3cb1a1fe69d0b1a6d0e01a2e404c697962623,dfine_native,106067.0,unknown_object,0.5082,542.32,51.83,573.59,87.91,1128.1,31.27,36.08,0.867,False,,True,unattributed,23,evt_S-61_upper_body_0018,8df53ea7b81cf515,native_source_context_fallback,no_pose_observation,6568.5,7.0,,1,cam12/e1/v1,
full,03.CCTV Mobile Usage.mkv,632de9ed55947761d56d4c6142a3cb1a1fe69d0b1a6d0e01a2e404c697962623,dfine_native,106067.0,bag,0.4505,544.11,9.66,610.94,95.07,5707.7,66.83,85.41,0.782,False,,True,unattributed,23,evt_S-61_upper_body_0018,8df53ea7b81cf515,native_source_context_fallback,no_pose_observation,6568.5,7.0,,1,cam12/e1/v1,
full,03.CCTV Mobile Usage.mkv,632de9ed55947761d56d4c6142a3cb1a1fe69d0b1a6d0e01a2e404c697962623,dfine_native,106067.0,unknown_object,0.2924,573.19,52.9,604.07,83.89,956.9,30.88,30.99,0.996,False,,True,unattributed,23,evt_S-61_upper_body_0018,8df53ea7b81cf515,native_source_context_fallback,no_pose_observation,6568.5,7.0,,1,cam12/e1/v1,
full,03.CCTV Mobile Usage.mkv,632de9ed55947761d56d4c6142a3cb1a1fe69d0b1a6d0e01a2e404c697962623,dfine_native,106067.0,phone,0.2685,571.87,52.84,606.13,94.72,1435.2,34.26,41.88,0.818,False,,True,unattributed,23,evt_S-61_upper_body_0018,8df53ea7b81cf515,native_source_context_fallback,no_pose_observation,6568.5,7.0,,1,cam12/e1/v1,
full,03.CCTV Mobile Usage.mkv,632de9ed55947761d56d4c6142a3cb1a1fe69d0b1a6d0e01a2e404c697962623,dfine_native,106067.0,phone,0.2755,564.47,52.85,606.76,95.63,1808.8,42.29,42.77,0.989,False,,True,unattributed,23,evt_S-61_upper_body_0018,8df53ea7b81cf515,native_source_context_fallback,no_pose_observation,6568.5,7.0,,1,cam12/e1/v1,
full,03.CCTV Mobile Usage.mkv,632de9ed55947761d56d4c6142a3cb1a1fe69d0b1a6d0e01a2e404c697962623,dfine_native,106067.0,bag,0.2848,547.91,11.49,610.56,63.35,3249.0,62.65,51.86,1.208,False,,True,unattributed,23,evt_S-61_upper_body_0018,8df53ea7b81cf515,native_source_context_fallback,no_pose_observation,6568.5,7.0,,1,cam12/e1/v1,
full,03.CCTV Mobile Usage.mkv,632de9ed55947761d56d4c6142a3cb1a1fe69d0b1a6d0e01a2e404c697962623,dfine_native,106067.0,unknown_object,0.2896,551.72,57.12,563.83,80.76,286.3,12.11,23.64,0.512,False,,True,unattributed,23,evt_S-61_upper_body_0018,8df53ea7b81cf515,native_source_context_fallback,no_pose_observation,6568.5,7.0,,1,cam12/e1/v1,
full,03.CCTV Mobile Usage.mkv,632de9ed55947761d56d4c6142a3cb1a1fe69d0b1a6d0e01a2e404c697962623,dfine_native,106067.0,bag,0.3557,547.07,10.16,610.42,83.34,4636.2,63.35,73.18,0.866,False,,True,unattributed,23,evt_S-61_upper_body_0018,8df53ea7b81cf515,native_source_context_fallback,no_pose_observation,6568.5,7.0,,1,cam12/e1/v1,
full,03.CCTV Mobile Usage.mkv,632de9ed55947761d56d4c6142a3cb1a1fe69d0b1a6d0e01a2e404c697962623,dfine_native,106067.0,bag,0.3105,548.18,10.69,610.39,59.83,3056.3,62.2,49.13,1.266,False,,True,unattributed,23,evt_S-61_upper_body_0018,8df53ea7b81cf515,native_source_context_fallback,no_pose_observation,6568.5,7.0,,1,cam12/e1/v1,
full,03.CCTV Mobile Usage.mkv,632de9ed55947761d56d4c6142a3cb1a1fe69d0b1a6d0e01a2e404c697962623,dfine_native,106067.0,bag,0.3076,548.47,11.09,610.2,55.67,2751.8,61.73,44.58,1.385,False,,True,unattributed,23,evt_S-61_upper_body_0018,8df53ea7b81cf515,native_source_context_fallback,no_pose_observation,6568.5,7.0,,1,cam12/e1/v1,
full,03.CCTV Mobile Usage.mkv,632de9ed55947761d56d4c6142a3cb1a1fe69d0b1a6d0e01a2e404c697962623,dfine_native,106067.0,unknown_object,0.3258,542.71,52.19,573.25,83.81,965.8,30.54,31.62,0.966,False,,True,unattributed,23,evt_S-61_upper_body_0018,8df53ea7b81cf515,native_source_context_fallback,no_pose_observation,6568.5,7.0,,1,cam12/e1/v1,
full,03.CCTV Mobile Usage.mkv,632de9ed55947761d56d4c6142a3cb1a1fe69d0b1a6d0e01a2e404c697962623,dfine_native,106067.0,bag,0.2526,547.3,9.45,611.0,62.58,3384.3,63.7,53.13,1.199,False,,True,unattributed,23,evt_S-61_upper_body_0018,8df53ea7b81cf515,native_source_context_fallback,no_pose_observation,6568.5,7.0,,1,cam12/e1/v1,
full,03.CCTV Mobile Usage.mkv,632de9ed55947761d56d4c6142a3cb1a1fe69d0b1a6d0e01a2e404c697962623,dfine_native,106067.0,stationery,0.4366,-0.22,495.47,192.0,563.72,13118.6,192.22,68.25,2.817,False,,True,S-61,17,evt_S-61_upper_body_0018,d4eced94fe4af9c6,pose_hand_context,,56356.4,2.53,,1,cam12/e1/v1,rtmpose_baseline
full,03.CCTV Mobile Usage.mkv,632de9ed55947761d56d4c6142a3cb1a1fe69d0b1a6d0e01a2e404c697962623,dfine_native,106500.0,bag,0.4263,545.3,6.36,610.11,94.67,5722.6,64.81,88.3,0.734,False,,True,unattributed,23,evt_S-61_desk_work_surface_0004,039120638806876b,native_source_context_fallback,no_pose_observation,6585.3,6.74,,1,cam12/e1/v1,
full,03.CCTV Mobile Usage.mkv,632de9ed55947761d56d4c6142a3cb1a1fe69d0b1a6d0e01a2e404c697962623,dfine_native,106500.0,unknown_object,0.4656,542.41,52.19,573.9,86.66,1085.5,31.49,34.47,0.913,False,,True,unattributed,23,evt_S-61_desk_work_surface_0004,039120638806876b,native_source_context_fallback,no_pose_observation,6585.3,6.74,,1,cam12/e1/v1,
full,03.CCTV Mobile Usage.mkv,632de9ed55947761d56d4c6142a3cb1a1fe69d0b1a6d0e01a2e404c697962623,dfine_native,106500.0,unknown_object,0.2565,573.55,53.02,604.64,83.59,950.6,31.09,30.57,1.017,False,,True,unattributed,23,evt_S-61_desk_work_surface_0004,039120638806876b,native_source_context_fallback,no_pose_observation,6585.3,6.74,,1,cam12/e1/v1,
full,03.CCTV Mobile Usage.mkv,632de9ed55947761d56d4c6142a3cb1a1fe69d0b1a6d0e01a2e404c697962623,dfine_native,106500.0,bag,0.4016,547.31,6.59,609.53,82.93,4749.3,62.22,76.33,0.815,False,,True,unattributed,23,evt_S-61_desk_work_surface_0004,039120638806876b,native_source_context_fallback,no_pose_observation,6585.3,6.74,,1,cam12/e1/v1,
full,03.CCTV Mobile Usage.mkv,632de9ed55947761d56d4c6142a3cb1a1fe69d0b1a6d0e01a2e404c697962623,dfine_native,106500.0,bag,0.4779,548.48,6.7,609.09,58.44,3135.7,60.61,51.73,1.172,False,,True,unattributed,23,evt_S-61_desk_work_surface_0004,039120638806876b,native_source_context_fallback,no_pose_observation,6585.3,6.74,,1,cam12/e1/v1,
full,03.CCTV Mobile Usage.mkv,632de9ed55947761d56d4c6142a3cb1a1fe69d0b1a6d0e01a2e404c697962623,dfine_native,106500.0,unknown_object,0.2578,551.62,57.1,563.81,80.8,288.9,12.19,23.71,0.514,False,,True,unattributed,23,evt_S-61_desk_work_surface_0004,039120638806876b,native_source_context_fallback,no_pose_observation,6585.3,6.74,,1,cam12/e1/v1,
full,03.CCTV Mobile Usage.mkv,632de9ed55947761d56d4c6142a3cb1a1fe69d0b1a6d0e01a2e404c697962623,dfine_native,106500.0,bag,0.279,548.04,6.47,610.09,61.98,3443.6,62.04,55.5,1.118,False,,True,unattributed,23,evt_S-61_desk_work_surface_0004,039120638806876b,native_source_context_fallback,no_pose_observation,6585.3,6.74,,1,cam12/e1/v1,
full,03.CCTV Mobile Usage.mkv,632de9ed55947761d56d4c6142a3cb1a1fe69d0b1a6d0e01a2e404c697962623,dfine_native,106500.0,keyboard,0.9069,962.2,451.9,1067.99,491.47,4185.9,105.78,39.57,2.673,False,,True,R-desk,21,evt_S-61_desk_work_surface_0004,5328ad095fb4cb28,lap_bag_context,wrist_confidence_below_floor,34560.0,1.33,,1,cam12/e1/v1,rtmpose_baseline
full,03.CCTV Mobile Usage.mkv,632de9ed55947761d56d4c6142a3cb1a1fe69d0b1a6d0e01a2e404c697962623,dfine_native,106500.0,unknown_object,0.5885,699.98,396.11,851.04,491.94,14474.6,151.05,95.83,1.576,False,,True,R-desk,21,evt_S-61_desk_work_surface_0004,5328ad095fb4cb28,lap_bag_context,wrist_confidence_below_floor,34560.0,1.33,,1,cam12/e1/v1,rtmpose_baseline
full,03.CCTV Mobile Usage.mkv,632de9ed55947761d56d4c6142a3cb1a1fe69d0b1a6d0e01a2e404c697962623,dfine_native,106500.0,monitor_or_bezel,0.6468,1018.6,395.62,1145.91,447.91,6657.5,127.31,52.29,2.435,False,,True,R-desk,21,evt_S-61_desk_work_surface_0004,5328ad095fb4cb28,lap_bag_context,wrist_confidence_below_floor,34560.0,1.33,,1,cam12/e1/v1,rtmpose_baseline
full,03.CCTV Mobile Usage.mkv,632de9ed55947761d56d4c6142a3cb1a1fe69d0b1a6d0e01a2e404c697962623,dfine_native,106500.0,keyboard,0.4604,802.48,396.25,870.72,420.63,1663.5,68.23,24.38,2.799,False,,True,R-desk,21,evt_S-61_desk_work_surface_0004,5328ad095fb4cb28,lap_bag_context,wrist_confidence_below_floor,34560.0,1.33,,1,cam12/e1/v1,rtmpose_baseline
full,03.CCTV Mobile Usage.mkv,632de9ed55947761d56d4c6142a3cb1a1fe69d0b1a6d0e01a2e404c697962623,dfine_native,106500.0,phone,0.3334,1042.97,421.9,1112.97,474.18,3659.2,70.0,52.27,1.339,False,,True,R-desk,21,evt_S-61_desk_work_surface_0004,5328ad095fb4cb28,lap_bag_context,wrist_confidence_below_floor,34560.0,1.33,,1,cam12/e1/v1,rtmpose_baseline
full,03.CCTV Mobile Usage.mkv,632de9ed55947761d56d4c6142a3cb1a1fe69d0b1a6d0e01a2e404c697962623,dfine_native,106500.0,unknown_object,0.4701,700.04,396.12,758.27,491.33,5543.3,58.22,95.21,0.612,False,,True,R-desk,21,evt_S-61_desk_work_surface_0004,5328ad095fb4cb28,lap_bag_context,wrist_confidence_below_floor,34560.0,1.33,,1,cam12/e1/v1,rtmpose_baseline
full,03.CCTV Mobile Usage.mkv,632de9ed55947761d56d4c6142a3cb1a1fe69d0b1a6d0e01a2e404c697962623,dfine_native,106500.0,monitor_or_bezel,0.349,1013.41,395.52,1147.54,487.98,12400.6,134.13,92.45,1.451,False,,True,R-desk,21,evt_S-61_desk_work_surface_0004,5328ad095fb4cb28,lap_bag_context,wrist_confidence_below_floor,34560.0,1.33,,1,cam12/e1/v1,rtmpose_baseline
full,03.CCTV Mobile Usage.mkv,632de9ed55947761d56d4c6142a3cb1a1fe69d0b1a6d0e01a2e404c697962623,dfine_native,106500.0,mouse,0.5613,864.8,413.76,892.12,435.4,591.4,27.32,21.65,1.262,False,,True,R-desk,21,evt_S-61_desk_work_surface_0004,5328ad095fb4cb28,lap_bag_context,wrist_confidence_below_floor,34560.0,1.33,,1,cam12/e1/v1,rtmpose_baseline
full,03.CCTV Mobile Usage.mkv,632de9ed55947761d56d4c6142a3cb1a1fe69d0b1a6d0e01a2e404c697962623,dfine_native,106500.0,unknown_object,0.296,699.97,396.03,772.72,491.96,6978.8,72.75,95.93,0.758,False,,True,R-desk,21,evt_S-61_desk_work_surface_0004,5328ad095fb4cb28,lap_bag_context,wrist_confidence_below_floor,34560.0,1.33,,1,cam12/e1/v1,rtmpose_baseline
full,03.CCTV Mobile Usage.mkv,632de9ed55947761d56d4c6142a3cb1a1fe69d0b1a6d0e01a2e404c697962623,dfine_native,106500.0,monitor_or_bezel,0.2878,881.33,396.15,949.2,452.57,3829.6,67.88,56.42,1.203,False,,True,R-desk,21,evt_S-61_desk_work_surface_0004,5328ad095fb4cb28,lap_bag_context,wrist_confidence_below_floor,34560.0,1.33,,1,cam12/e1/v1,rtmpose_baseline
full,03.CCTV Mobile Usage.mkv,632de9ed55947761d56d4c6142a3cb1a1fe69d0b1a6d0e01a2e404c697962623,dfine_native,106500.0,mouse,0.2997,967.0,398.42,991.91,410.66,304.9,24.91,12.24,2.036,False,,True,R-desk,21,evt_S-61_desk_work_surface_0004,5328ad095fb4cb28,lap_bag_context,wrist_confidence_below_floor,34560.0,1.33,,1,cam12/e1/v1,rtmpose_baseline
full,03.CCTV Mobile Usage.mkv,632de9ed55947761d56d4c6142a3cb1a1fe69d0b1a6d0e01a2e404c697962623,dfine_native,106500.0,unknown_object,0.2703,699.88,396.08,873.18,492.42,16696.5,173.3,96.35,1.799,False,,True,R-desk,21,evt_S-61_desk_work_surface_0004,5328ad095fb4cb28,lap_bag_context,wrist_confidence_below_floor,34560.0,1.33,,1,cam12/e1/v1,rtmpose_baseline
full,03.CCTV Mobile Usage.mkv,632de9ed55947761d56d4c6142a3cb1a1fe69d0b1a6d0e01a2e404c697962623,dfine_native,106500.0,mouse,0.2736,990.59,399.48,1026.74,413.38,502.7,36.15,13.9,2.6,False,,True,R-desk,21,evt_S-61_desk_work_surface_0004,5328ad095fb4cb28,lap_bag_context,wrist_confidence_below_floor,34560.0,1.33,,1,cam12/e1/v1,rtmpose_baseline
full,03.CCTV Mobile Usage.mkv,632de9ed55947761d56d4c6142a3cb1a1fe69d0b1a6d0e01a2e404c697962623,dfine_native,106500.0,keyboard,0.9069,962.2,451.9,1067.99,491.47,4185.9,105.78,39.57,2.673,False,,True,R-desk,22,evt_S-61_desk_work_surface_0004,5328ad095fb4cb28,lap_bag_context,wrist_confidence_below_floor,34560.0,1.33,,1,cam12/e1/v1,rtmpose_baseline
full,03.CCTV Mobile Usage.mkv,632de9ed55947761d56d4c6142a3cb1a1fe69d0b1a6d0e01a2e404c697962623,dfine_native,106500.0,unknown_object,0.5885,699.98,396.11,851.04,491.94,14474.6,151.05,95.83,1.576,False,,True,R-desk,22,evt_S-61_desk_work_surface_0004,5328ad095fb4cb28,lap_bag_context,wrist_confidence_below_floor,34560.0,1.33,,1,cam12/e1/v1,rtmpose_baseline
full,03.CCTV Mobile Usage.mkv,632de9ed55947761d56d4c6142a3cb1a1fe69d0b1a6d0e01a2e404c697962623,dfine_native,106500.0,monitor_or_bezel,0.6468,1018.6,395.62,1145.91,447.91,6657.5,127.31,52.29,2.435,False,,True,R-desk,22,evt_S-61_desk_work_surface_0004,5328ad095fb4cb28,lap_bag_context,wrist_confidence_below_floor,34560.0,1.33,,1,cam12/e1/v1,rtmpose_baseline
full,03.CCTV Mobile Usage.mkv,632de9ed55947761d56d4c6142a3cb1a1fe69d0b1a6d0e01a2e404c697962623,dfine_native,106500.0,keyboard,0.4604,802.48,396.25,870.72,420.63,1663.5,68.23,24.38,2.799,False,,True,R-desk,22,evt_S-61_desk_work_surface_0004,5328ad095fb4cb28,lap_bag_context,wrist_confidence_below_floor,34560.0,1.33,,1,cam12/e1/v1,rtmpose_baseline
full,03.CCTV Mobile Usage.mkv,632de9ed55947761d56d4c6142a3cb1a1fe69d0b1a6d0e01a2e404c697962623,dfine_native,106500.0,phone,0.3334,1042.97,421.9,1112.97,474.18,3659.2,70.0,52.27,1.339,False,,True,R-desk,22,evt_S-61_desk_work_surface_0004,5328ad095fb4cb28,lap_bag_context,wrist_confidence_below_floor,34560.0,1.33,,1,cam12/e1/v1,rtmpose_baseline
full,03.CCTV Mobile Usage.mkv,632de9ed55947761d56d4c6142a3cb1a1fe69d0b1a6d0e01a2e404c697962623,dfine_native,106500.0,unknown_object,0.4701,700.04,396.12,758.27,491.33,5543.3,58.22,95.21,0.612,False,,True,R-desk,22,evt_S-61_desk_work_surface_0004,5328ad095fb4cb28,lap_bag_context,wrist_confidence_below_floor,34560.0,1.33,,1,cam12/e1/v1,rtmpose_baseline
full,03.CCTV Mobile Usage.mkv,632de9ed55947761d56d4c6142a3cb1a1fe69d0b1a6d0e01a2e404c697962623,dfine_native,106500.0,monitor_or_bezel,0.349,1013.41,395.52,1147.54,487.98,12400.6,134.13,92.45,1.451,False,,True,R-desk,22,evt_S-61_desk_work_surface_0004,5328ad095fb4cb28,lap_bag_context,wrist_confidence_below_floor,34560.0,1.33,,1,cam12/e1/v1,rtmpose_baseline
full,03.CCTV Mobile Usage.mkv,632de9ed55947761d56d4c6142a3cb1a1fe69d0b1a6d0e01a2e404c697962623,dfine_native,106500.0,mouse,0.5613,864.8,413.76,892.12,435.4,591.4,27.32,21.65,1.262,False,,True,R-desk,22,evt_S-61_desk_work_surface_0004,5328ad095fb4cb28,lap_bag_context,wrist_confidence_below_floor,34560.0,1.33,,1,cam12/e1/v1,rtmpose_baseline
full,03.CCTV Mobile Usage.mkv,632de9ed55947761d56d4c6142a3cb1a1fe69d0b1a6d0e01a2e404c697962623,dfine_native,106500.0,unknown_object,0.296,699.97,396.03,772.72,491.96,6978.8,72.75,95.93,0.758,False,,True,R-desk,22,evt_S-61_desk_work_surface_0004,5328ad095fb4cb28,lap_bag_context,wrist_confidence_below_floor,34560.0,1.33,,1,cam12/e1/v1,rtmpose_baseline
full,03.CCTV Mobile Usage.mkv,632de9ed55947761d56d4c6142a3cb1a1fe69d0b1a6d0e01a2e404c697962623,dfine_native,106500.0,monitor_or_bezel,0.2878,881.33,396.15,949.2,452.57,3829.6,67.88,56.42,1.203,False,,True,R-desk,22,evt_S-61_desk_work_surface_0004,5328ad095fb4cb28,lap_bag_context,wrist_confidence_below_floor,34560.0,1.33,,1,cam12/e1/v1,rtmpose_baseline
full,03.CCTV Mobile Usage.mkv,632de9ed55947761d56d4c6142a3cb1a1fe69d0b1a6d0e01a2e404c697962623,dfine_native,106500.0,mouse,0.2997,967.0,398.42,991.91,410.66,304.9,24.91,12.24,2.036,False,,True,R-desk,22,evt_S-61_desk_work_surface_0004,5328ad095fb4cb28,lap_bag_context,wrist_confidence_below_floor,34560.0,1.33,,1,cam12/e1/v1,rtmpose_baseline
full,03.CCTV Mobile Usage.mkv,632de9ed55947761d56d4c6142a3cb1a1fe69d0b1a6d0e01a2e404c697962623,dfine_native,106500.0,unknown_object,0.2703,699.88,396.08,873.18,492.42,16696.5,173.3,96.35,1.799,False,,True,R-desk,22,evt_S-61_desk_work_surface_0004,5328ad095fb4cb28,lap_bag_context,wrist_confidence_below_floor,34560.0,1.33,,1,cam12/e1/v1,rtmpose_baseline
full,03.CCTV Mobile Usage.mkv,632de9ed55947761d56d4c6142a3cb1a1fe69d0b1a6d0e01a2e404c697962623,dfine_native,106500.0,mouse,0.2736,990.59,399.48,1026.74,413.38,502.7,36.15,13.9,2.6,False,,True,R-desk,22,evt_S-61_desk_work_surface_0004,5328ad095fb4cb28,lap_bag_context,wrist_confidence_below_floor,34560.0,1.33,,1,cam12/e1/v1,rtmpose_baseline
full,03.CCTV Mobile Usage.mkv,632de9ed55947761d56d4c6142a3cb1a1fe69d0b1a6d0e01a2e404c697962623,dfine_native,106500.0,monitor_or_bezel,0.6513,815.0,8.31,844.03,45.28,1073.5,29.04,36.97,0.785,False,,True,unattributed,18,evt_S-61_desk_work_surface_0004,8835fd8ef44f249c,native_source_context_fallback,wrist_confidence_below_floor,9442.0,6.57,,1,cam12/e1/v1,rtmpose_baseline
full,03.CCTV Mobile Usage.mkv,632de9ed55947761d56d4c6142a3cb1a1fe69d0b1a6d0e01a2e404c697962623,dfine_native,106500.0,unknown_object,0.263,830.97,83.08,911.92,104.85,1761.9,80.94,21.77,3.718,False,,True,unattributed,18,evt_S-61_desk_work_surface_0004,8835fd8ef44f249c,native_source_context_fallback,wrist_confidence_below_floor,9442.0,6.57,,1,cam12/e1/v1,rtmpose_baseline
full,03.CCTV Mobile Usage.mkv,632de9ed55947761d56d4c6142a3cb1a1fe69d0b1a6d0e01a2e404c697962623,dfine_native,106500.0,unknown_object,0.2506,902.76,89.26,911.99,101.86,116.3,9.23,12.6,0.733,True,object footprint 116 px is under the 120 px floor for a call,False,unattributed,18,evt_S-61_desk_work_surface_0004,8835fd8ef44f249c,native_source_context_fallback,wrist_confidence_below_floor,9442.0,6.57,,1,cam12/e1/v1,rtmpose_baseline
full,03.CCTV Mobile Usage.mkv,632de9ed55947761d56d4c6142a3cb1a1fe69d0b1a6d0e01a2e404c697962623,dfine_native,106500.0,unknown_object,0.4308,-0.34,315.13,217.67,558.31,53017.2,218.01,243.19,0.896,False,,True,S-61,17,evt_S-61_desk_work_surface_0004,e3bab5cb105d4b75,pose_hand_context,,53066.1,2.63,,1,cam12/e1/v1,rtmpose_baseline
full,03.CCTV Mobile Usage.mkv,632de9ed55947761d56d4c6142a3cb1a1fe69d0b1a6d0e01a2e404c697962623,dfine_native,106500.0,stationery,0.2826,-0.28,494.96,186.26,558.77,11904.6,186.55,63.82,2.923,False,,True,S-61,17,evt_S-61_desk_work_surface_0004,e3bab5cb105d4b75,pose_hand_context,,53066.1,2.63,,1,cam12/e1/v1,rtmpose_baseline
full,03.CCTV Mobile Usage.mkv,632de9ed55947761d56d4c6142a3cb1a1fe69d0b1a6d0e01a2e404c697962623,dfine_native,106500.0,unknown_object,0.2763,97.79,453.74,216.39,558.22,12390.8,118.6,104.48,1.135,False,,True,S-61,17,evt_S-61_desk_work_surface_0004,e3bab5cb105d4b75,pose_hand_context,,53066.1,2.63,,1,cam12/e1/v1,rtmpose_baseline
full,03.CCTV Mobile Usage.mkv,632de9ed55947761d56d4c6142a3cb1a1fe69d0b1a6d0e01a2e404c697962623,dfine_native,106567.0,keyboard,0.9069,962.2,451.9,1067.99,491.47,4185.9,105.78,39.57,2.673,False,,True,R-desk,21,evt_S-61_upper_body_0018,0b39d97d19975733,lap_bag_context,wrist_confidence_below_floor,34560.0,1.33,,1,cam12/e1/v1,rtmpose_baseline
full,03.CCTV Mobile Usage.mkv,632de9ed55947761d56d4c6142a3cb1a1fe69d0b1a6d0e01a2e404c697962623,dfine_native,106567.0,unknown_object,0.5885,699.98,396.11,851.04,491.94,14474.6,151.05,95.83,1.576,False,,True,R-desk,21,evt_S-61_upper_body_0018,0b39d97d19975733,lap_bag_context,wrist_confidence_below_floor,34560.0,1.33,,1,cam12/e1/v1,rtmpose_baseline
full,03.CCTV Mobile Usage.mkv,632de9ed55947761d56d4c6142a3cb1a1fe69d0b1a6d0e01a2e404c697962623,dfine_native,106567.0,monitor_or_bezel,0.6468,1018.6,395.62,1145.91,447.91,6657.5,127.31,52.29,2.435,False,,True,R-desk,21,evt_S-61_upper_body_0018,0b39d97d19975733,lap_bag_context,wrist_confidence_below_floor,34560.0,1.33,,1,cam12/e1/v1,rtmpose_baseline
full,03.CCTV Mobile Usage.mkv,632de9ed55947761d56d4c6142a3cb1a1fe69d0b1a6d0e01a2e404c697962623,dfine_native,106567.0,keyboard,0.4604,802.48,396.25,870.72,420.63,1663.5,68.23,24.38,2.799,False,,True,R-desk,21,evt_S-61_upper_body_0018,0b39d97d19975733,lap_bag_context,wrist_confidence_below_floor,34560.0,1.33,,1,cam12/e1/v1,rtmpose_baseline
full,03.CCTV Mobile Usage.mkv,632de9ed55947761d56d4c6142a3cb1a1fe69d0b1a6d0e01a2e404c697962623,dfine_native,106567.0,phone,0.3334,1042.97,421.9,1112.97,474.18,3659.2,70.0,52.27,1.339,False,,True,R-desk,21,evt_S-61_upper_body_0018,0b39d97d19975733,lap_bag_context,wrist_confidence_below_floor,34560.0,1.33,,1,cam12/e1/v1,rtmpose_baseline
full,03.CCTV Mobile Usage.mkv,632de9ed55947761d56d4c6142a3cb1a1fe69d0b1a6d0e01a2e404c697962623,dfine_native,106567.0,unknown_object,0.4701,700.04,396.12,758.27,491.33,5543.3,58.22,95.21,0.612,False,,True,R-desk,21,evt_S-61_upper_body_0018,0b39d97d19975733,lap_bag_context,wrist_confidence_below_floor,34560.0,1.33,,1,cam12/e1/v1,rtmpose_baseline
full,03.CCTV Mobile Usage.mkv,632de9ed55947761d56d4c6142a3cb1a1fe69d0b1a6d0e01a2e404c697962623,dfine_native,106567.0,monitor_or_bezel,0.349,1013.41,395.52,1147.54,487.98,12400.6,134.13,92.45,1.451,False,,True,R-desk,21,evt_S-61_upper_body_0018,0b39d97d19975733,lap_bag_context,wrist_confidence_below_floor,34560.0,1.33,,1,cam12/e1/v1,rtmpose_baseline
full,03.CCTV Mobile Usage.mkv,632de9ed55947761d56d4c6142a3cb1a1fe69d0b1a6d0e01a2e404c697962623,dfine_native,106567.0,mouse,0.5613,864.8,413.76,892.12,435.4,591.4,27.32,21.65,1.262,False,,True,R-desk,21,evt_S-61_upper_body_0018,0b39d97d19975733,lap_bag_context,wrist_confidence_below_floor,34560.0,1.33,,1,cam12/e1/v1,rtmpose_baseline
full,03.CCTV Mobile Usage.mkv,632de9ed55947761d56d4c6142a3cb1a1fe69d0b1a6d0e01a2e404c697962623,dfine_native,106567.0,unknown_object,0.296,699.97,396.03,772.72,491.96,6978.8,72.75,95.93,0.758,False,,True,R-desk,21,evt_S-61_upper_body_0018,0b39d97d19975733,lap_bag_context,wrist_confidence_below_floor,34560.0,1.33,,1,cam12/e1/v1,rtmpose_baseline
full,03.CCTV Mobile Usage.mkv,632de9ed55947761d56d4c6142a3cb1a1fe69d0b1a6d0e01a2e404c697962623,dfine_native,106567.0,monitor_or_bezel,0.2878,881.33,396.15,949.2,452.57,3829.6,67.88,56.42,1.203,False,,True,R-desk,21,evt_S-61_upper_body_0018,0b39d97d19975733,lap_bag_context,wrist_confidence_below_floor,34560.0,1.33,,1,cam12/e1/v1,rtmpose_baseline
full,03.CCTV Mobile Usage.mkv,632de9ed55947761d56d4c6142a3cb1a1fe69d0b1a6d0e01a2e404c697962623,dfine_native,106567.0,mouse,0.2997,967.0,398.42,991.91,410.66,304.9,24.91,12.24,2.036,False,,True,R-desk,21,evt_S-61_upper_body_0018,0b39d97d19975733,lap_bag_context,wrist_confidence_below_floor,34560.0,1.33,,1,cam12/e1/v1,rtmpose_baseline
full,03.CCTV Mobile Usage.mkv,632de9ed55947761d56d4c6142a3cb1a1fe69d0b1a6d0e01a2e404c697962623,dfine_native,106567.0,unknown_object,0.2703,699.88,396.08,873.18,492.42,16696.5,173.3,96.35,1.799,False,,True,R-desk,21,evt_S-61_upper_body_0018,0b39d97d19975733,lap_bag_context,wrist_confidence_below_floor,34560.0,1.33,,1,cam12/e1/v1,rtmpose_baseline
full,03.CCTV Mobile Usage.mkv,632de9ed55947761d56d4c6142a3cb1a1fe69d0b1a6d0e01a2e404c697962623,dfine_native,106567.0,mouse,0.2736,990.59,399.48,1026.74,413.38,502.7,36.15,13.9,2.6,False,,True,R-desk,21,evt_S-61_upper_body_0018,0b39d97d19975733,lap_bag_context,wrist_confidence_below_floor,34560.0,1.33,,1,cam12/e1/v1,rtmpose_baseline
full,03.CCTV Mobile Usage.mkv,632de9ed55947761d56d4c6142a3cb1a1fe69d0b1a6d0e01a2e404c697962623,dfine_native,106567.0,keyboard,0.9069,962.2,451.9,1067.99,491.47,4185.9,105.78,39.57,2.673,False,,True,R-desk,22,evt_S-61_upper_body_0018,0b39d97d19975733,lap_bag_context,wrist_confidence_below_floor,34560.0,1.33,,1,cam12/e1/v1,rtmpose_baseline
full,03.CCTV Mobile Usage.mkv,632de9ed55947761d56d4c6142a3cb1a1fe69d0b1a6d0e01a2e404c697962623,dfine_native,106567.0,unknown_object,0.5885,699.98,396.11,851.04,491.94,14474.6,151.05,95.83,1.576,False,,True,R-desk,22,evt_S-61_upper_body_0018,0b39d97d19975733,lap_bag_context,wrist_confidence_below_floor,34560.0,1.33,,1,cam12/e1/v1,rtmpose_baseline
full,03.CCTV Mobile Usage.mkv,632de9ed55947761d56d4c6142a3cb1a1fe69d0b1a6d0e01a2e404c697962623,dfine_native,106567.0,monitor_or_bezel,0.6468,1018.6,395.62,1145.91,447.91,6657.5,127.31,52.29,2.435,False,,True,R-desk,22,evt_S-61_upper_body_0018,0b39d97d19975733,lap_bag_context,wrist_confidence_below_floor,34560.0,1.33,,1,cam12/e1/v1,rtmpose_baseline
full,03.CCTV Mobile Usage.mkv,632de9ed55947761d56d4c6142a3cb1a1fe69d0b1a6d0e01a2e404c697962623,dfine_native,106567.0,keyboard,0.4604,802.48,396.25,870.72,420.63,1663.5,68.23,24.38,2.799,False,,True,R-desk,22,evt_S-61_upper_body_0018,0b39d97d19975733,lap_bag_context,wrist_confidence_below_floor,34560.0,1.33,,1,cam12/e1/v1,rtmpose_baseline
full,03.CCTV Mobile Usage.mkv,632de9ed55947761d56d4c6142a3cb1a1fe69d0b1a6d0e01a2e404c697962623,dfine_native,106567.0,phone,0.3334,1042.97,421.9,1112.97,474.18,3659.2,70.0,52.27,1.339,False,,True,R-desk,22,evt_S-61_upper_body_0018,0b39d97d19975733,lap_bag_context,wrist_confidence_below_floor,34560.0,1.33,,1,cam12/e1/v1,rtmpose_baseline
full,03.CCTV Mobile Usage.mkv,632de9ed55947761d56d4c6142a3cb1a1fe69d0b1a6d0e01a2e404c697962623,dfine_native,106567.0,unknown_object,0.4701,700.04,396.12,758.27,491.33,5543.3,58.22,95.21,0.612,False,,True,R-desk,22,evt_S-61_upper_body_0018,0b39d97d19975733,lap_bag_context,wrist_confidence_below_floor,34560.0,1.33,,1,cam12/e1/v1,rtmpose_baseline
full,03.CCTV Mobile Usage.mkv,632de9ed55947761d56d4c6142a3cb1a1fe69d0b1a6d0e01a2e404c697962623,dfine_native,106567.0,monitor_or_bezel,0.349,1013.41,395.52,1147.54,487.98,12400.6,134.13,92.45,1.451,False,,True,R-desk,22,evt_S-61_upper_body_0018,0b39d97d19975733,lap_bag_context,wrist_confidence_below_floor,34560.0,1.33,,1,cam12/e1/v1,rtmpose_baseline
full,03.CCTV Mobile Usage.mkv,632de9ed55947761d56d4c6142a3cb1a1fe69d0b1a6d0e01a2e404c697962623,dfine_native,106567.0,mouse,0.5613,864.8,413.76,892.12,435.4,591.4,27.32,21.65,1.262,False,,True,R-desk,22,evt_S-61_upper_body_0018,0b39d97d19975733,lap_bag_context,wrist_confidence_below_floor,34560.0,1.33,,1,cam12/e1/v1,rtmpose_baseline
full,03.CCTV Mobile Usage.mkv,632de9ed55947761d56d4c6142a3cb1a1fe69d0b1a6d0e01a2e404c697962623,dfine_native,106567.0,unknown_object,0.296,699.97,396.03,772.72,491.96,6978.8,72.75,95.93,0.758,False,,True,R-desk,22,evt_S-61_upper_body_0018,0b39d97d19975733,lap_bag_context,wrist_confidence_below_floor,34560.0,1.33,,1,cam12/e1/v1,rtmpose_baseline
full,03.CCTV Mobile Usage.mkv,632de9ed55947761d56d4c6142a3cb1a1fe69d0b1a6d0e01a2e404c697962623,dfine_native,106567.0,monitor_or_bezel,0.2878,881.33,396.15,949.2,452.57,3829.6,67.88,56.42,1.203,False,,True,R-desk,22,evt_S-61_upper_body_0018,0b39d97d19975733,lap_bag_context,wrist_confidence_below_floor,34560.0,1.33,,1,cam12/e1/v1,rtmpose_baseline
full,03.CCTV Mobile Usage.mkv,632de9ed55947761d56d4c6142a3cb1a1fe69d0b1a6d0e01a2e404c697962623,dfine_native,106567.0,mouse,0.2997,967.0,398.42,991.91,410.66,304.9,24.91,12.24,2.036,False,,True,R-desk,22,evt_S-61_upper_body_0018,0b39d97d19975733,lap_bag_context,wrist_confidence_below_floor,34560.0,1.33,,1,cam12/e1/v1,rtmpose_baseline
full,03.CCTV Mobile Usage.mkv,632de9ed55947761d56d4c6142a3cb1a1fe69d0b1a6d0e01a2e404c697962623,dfine_native,106567.0,unknown_object,0.2703,699.88,396.08,873.18,492.42,16696.5,173.3,96.35,1.799,False,,True,R-desk,22,evt_S-61_upper_body_0018,0b39d97d19975733,lap_bag_context,wrist_confidence_below_floor,34560.0,1.33,,1,cam12/e1/v1,rtmpose_baseline
full,03.CCTV Mobile Usage.mkv,632de9ed55947761d56d4c6142a3cb1a1fe69d0b1a6d0e01a2e404c697962623,dfine_native,106567.0,mouse,0.2736,990.59,399.48,1026.74,413.38,502.7,36.15,13.9,2.6,False,,True,R-desk,22,evt_S-61_upper_body_0018,0b39d97d19975733,lap_bag_context,wrist_confidence_below_floor,34560.0,1.33,,1,cam12/e1/v1,rtmpose_baseline
full,03.CCTV Mobile Usage.mkv,632de9ed55947761d56d4c6142a3cb1a1fe69d0b1a6d0e01a2e404c697962623,dfine_native,106567.0,bag,0.4263,545.3,6.36,610.11,94.67,5722.6,64.81,88.3,0.734,False,,True,unattributed,23,evt_S-61_upper_body_0018,0cc25f48b3c016bd,native_source_context_fallback,no_pose_observation,6585.3,6.74,,1,cam12/e1/v1,
full,03.CCTV Mobile Usage.mkv,632de9ed55947761d56d4c6142a3cb1a1fe69d0b1a6d0e01a2e404c697962623,dfine_native,106567.0,unknown_object,0.4656,542.41,52.19,573.9,86.66,1085.5,31.49,34.47,0.913,False,,True,unattributed,23,evt_S-61_upper_body_0018,0cc25f48b3c016bd,native_source_context_fallback,no_pose_observation,6585.3,6.74,,1,cam12/e1/v1,
full,03.CCTV Mobile Usage.mkv,632de9ed55947761d56d4c6142a3cb1a1fe69d0b1a6d0e01a2e404c697962623,dfine_native,106567.0,unknown_object,0.2565,573.55,53.02,604.64,83.59,950.6,31.09,30.57,1.017,False,,True,unattributed,23,evt_S-61_upper_body_0018,0cc25f48b3c016bd,native_source_context_fallback,no_pose_observation,6585.3,6.74,,1,cam12/e1/v1,
full,03.CCTV Mobile Usage.mkv,632de9ed55947761d56d4c6142a3cb1a1fe69d0b1a6d0e01a2e404c697962623,dfine_native,106567.0,bag,0.4016,547.31,6.59,609.53,82.93,4749.3,62.22,76.33,0.815,False,,True,unattributed,23,evt_S-61_upper_body_0018,0cc25f48b3c016bd,native_source_context_fallback,no_pose_observation,6585.3,6.74,,1,cam12/e1/v1,
full,03.CCTV Mobile Usage.mkv,632de9ed55947761d56d4c6142a3cb1a1fe69d0b1a6d0e01a2e404c697962623,dfine_native,106567.0,bag,0.4779,548.48,6.7,609.09,58.44,3135.7,60.61,51.73,1.172,False,,True,unattributed,23,evt_S-61_upper_body_0018,0cc25f48b3c016bd,native_source_context_fallback,no_pose_observation,6585.3,6.74,,1,cam12/e1/v1,
full,03.CCTV Mobile Usage.mkv,632de9ed55947761d56d4c6142a3cb1a1fe69d0b1a6d0e01a2e404c697962623,dfine_native,106567.0,unknown_object,0.2578,551.62,57.1,563.81,80.8,288.9,12.19,23.71,0.514,False,,True,unattributed,23,evt_S-61_upper_body_0018,0cc25f48b3c016bd,native_source_context_fallback,no_pose_observation,6585.3,6.74,,1,cam12/e1/v1,
full,03.CCTV Mobile Usage.mkv,632de9ed55947761d56d4c6142a3cb1a1fe69d0b1a6d0e01a2e404c697962623,dfine_native,106567.0,bag,0.279,548.04,6.47,610.09,61.98,3443.6,62.04,55.5,1.118,False,,True,unattributed,23,evt_S-61_upper_body_0018,0cc25f48b3c016bd,native_source_context_fallback,no_pose_observation,6585.3,6.74,,1,cam12/e1/v1,
full,03.CCTV Mobile Usage.mkv,632de9ed55947761d56d4c6142a3cb1a1fe69d0b1a6d0e01a2e404c697962623,dfine_native,106567.0,monitor_or_bezel,0.6513,815.0,8.31,844.03,45.28,1073.5,29.04,36.97,0.785,False,,True,unattributed,18,evt_S-61_upper_body_0018,d445644562bfb92d,native_source_context_fallback,wrist_confidence_below_floor,9442.0,6.57,,1,cam12/e1/v1,rtmpose_baseline
full,03.CCTV Mobile Usage.mkv,632de9ed55947761d56d4c6142a3cb1a1fe69d0b1a6d0e01a2e404c697962623,dfine_native,106567.0,unknown_object,0.263,830.97,83.08,911.92,104.85,1761.9,80.94,21.77,3.718,False,,True,unattributed,18,evt_S-61_upper_body_0018,d445644562bfb92d,native_source_context_fallback,wrist_confidence_below_floor,9442.0,6.57,,1,cam12/e1/v1,rtmpose_baseline
full,03.CCTV Mobile Usage.mkv,632de9ed55947761d56d4c6142a3cb1a1fe69d0b1a6d0e01a2e404c697962623,dfine_native,106567.0,unknown_object,0.2506,902.76,89.26,911.99,101.86,116.3,9.23,12.6,0.733,True,object footprint 116 px is under the 120 px floor for a call,False,unattributed,18,evt_S-61_upper_body_0018,d445644562bfb92d,native_source_context_fallback,wrist_confidence_below_floor,9442.0,6.57,,1,cam12/e1/v1,rtmpose_baseline
full,03.CCTV Mobile Usage.mkv,632de9ed55947761d56d4c6142a3cb1a1fe69d0b1a6d0e01a2e404c697962623,dfine_native,106567.0,unknown_object,0.4308,-0.34,315.13,217.67,558.31,53017.2,218.01,243.19,0.896,False,,True,S-61,17,evt_S-61_upper_body_0018,e9ed1703b1531f2e,pose_hand_context,,53066.1,2.63,,1,cam12/e1/v1,rtmpose_baseline
full,03.CCTV Mobile Usage.mkv,632de9ed55947761d56d4c6142a3cb1a1fe69d0b1a6d0e01a2e404c697962623,dfine_native,106567.0,stationery,0.2826,-0.28,494.96,186.26,558.77,11904.6,186.55,63.82,2.923,False,,True,S-61,17,evt_S-61_upper_body_0018,e9ed1703b1531f2e,pose_hand_context,,53066.1,2.63,,1,cam12/e1/v1,rtmpose_baseline
full,03.CCTV Mobile Usage.mkv,632de9ed55947761d56d4c6142a3cb1a1fe69d0b1a6d0e01a2e404c697962623,dfine_native,106567.0,unknown_object,0.2763,97.79,453.74,216.39,558.22,12390.8,118.6,104.48,1.135,False,,True,S-61,17,evt_S-61_upper_body_0018,e9ed1703b1531f2e,pose_hand_context,,53066.1,2.63,,1,cam12/e1/v1,rtmpose_baseline
full,03.CCTV Mobile Usage.mkv,632de9ed55947761d56d4c6142a3cb1a1fe69d0b1a6d0e01a2e404c697962623,dfine_native,107000.0,keyboard,0.9042,962.06,451.96,1067.87,491.44,4177.9,105.81,39.48,2.68,False,,True,R-desk,21,evt_S-61_desk_work_surface_0004,ad28db02ec613d8c,lap_bag_context,no_pose_observation,34560.0,1.33,,1,cam12/e1/v1,
full,03.CCTV Mobile Usage.mkv,632de9ed55947761d56d4c6142a3cb1a1fe69d0b1a6d0e01a2e404c697962623,dfine_native,107000.0,unknown_object,0.5884,699.97,396.16,853.0,491.93,14654.7,153.02,95.77,1.598,False,,True,R-desk,21,evt_S-61_desk_work_surface_0004,ad28db02ec613d8c,lap_bag_context,no_pose_observation,34560.0,1.33,,1,cam12/e1/v1,
full,03.CCTV Mobile Usage.mkv,632de9ed55947761d56d4c6142a3cb1a1fe69d0b1a6d0e01a2e404c697962623,dfine_native,107000.0,monitor_or_bezel,0.6408,1018.63,395.63,1145.94,447.79,6640.7,127.3,52.16,2.44,False,,True,R-desk,21,evt_S-61_desk_work_surface_0004,ad28db02ec613d8c,lap_bag_context,no_pose_observation,34560.0,1.33,,1,cam12/e1/v1,
full,03.CCTV Mobile Usage.mkv,632de9ed55947761d56d4c6142a3cb1a1fe69d0b1a6d0e01a2e404c697962623,dfine_native,107000.0,keyboard,0.5142,802.6,396.27,870.81,420.64,1662.3,68.21,24.37,2.799,False,,True,R-desk,21,evt_S-61_desk_work_surface_0004,ad28db02ec613d8c,lap_bag_context,no_pose_observation,34560.0,1.33,,1,cam12/e1/v1,
full,03.CCTV Mobile Usage.mkv,632de9ed55947761d56d4c6142a3cb1a1fe69d0b1a6d0e01a2e404c697962623,dfine_native,107000.0,phone,0.3365,1043.05,421.96,1112.91,474.09,3641.9,69.86,52.13,1.34,False,,True,R-desk,21,evt_S-61_desk_work_surface_0004,ad28db02ec613d8c,lap_bag_context,no_pose_observation,34560.0,1.33,,1,cam12/e1/v1,
full,03.CCTV Mobile Usage.mkv,632de9ed55947761d56d4c6142a3cb1a1fe69d0b1a6d0e01a2e404c697962623,dfine_native,107000.0,monitor_or_bezel,0.303,1011.62,395.52,1147.38,487.81,12530.4,135.77,92.29,1.471,False,,True,R-desk,21,evt_S-61_desk_work_surface_0004,ad28db02ec613d8c,lap_bag_context,no_pose_observation,34560.0,1.33,,1,cam12/e1/v1,
full,03.CCTV Mobile Usage.mkv,632de9ed55947761d56d4c6142a3cb1a1fe69d0b1a6d0e01a2e404c697962623,dfine_native,107000.0,unknown_object,0.3911,700.04,396.13,760.11,491.5,5728.9,60.07,95.38,0.63,False,,True,R-desk,21,evt_S-61_desk_work_surface_0004,ad28db02ec613d8c,lap_bag_context,no_pose_observation,34560.0,1.33,,1,cam12/e1/v1,
full,03.CCTV Mobile Usage.mkv,632de9ed55947761d56d4c6142a3cb1a1fe69d0b1a6d0e01a2e404c697962623,dfine_native,107000.0,mouse,0.3317,966.91,398.41,992.1,410.62,307.6,25.19,12.21,2.062,False,,True,R-desk,21,evt_S-61_desk_work_surface_0004,ad28db02ec613d8c,lap_bag_context,no_pose_observation,34560.0,1.33,,1,cam12/e1/v1,
full,03.CCTV Mobile Usage.mkv,632de9ed55947761d56d4c6142a3cb1a1fe69d0b1a6d0e01a2e404c697962623,dfine_native,107000.0,mouse,0.5574,864.77,413.8,892.01,435.15,581.5,27.24,21.34,1.276,False,,True,R-desk,21,evt_S-61_desk_work_surface_0004,ad28db02ec613d8c,lap_bag_context,no_pose_observation,34560.0,1.33,,1,cam12/e1/v1,
full,03.CCTV Mobile Usage.mkv,632de9ed55947761d56d4c6142a3cb1a1fe69d0b1a6d0e01a2e404c697962623,dfine_native,107000.0,monitor_or_bezel,0.2744,881.32,396.14,949.13,452.58,3826.9,67.81,56.43,1.202,False,,True,R-desk,21,evt_S-61_desk_work_surface_0004,ad28db02ec613d8c,lap_bag_context,no_pose_observation,34560.0,1.33,,1,cam12/e1/v1,
full,03.CCTV Mobile Usage.mkv,632de9ed55947761d56d4c6142a3cb1a1fe69d0b1a6d0e01a2e404c697962623,dfine_native,107000.0,phone,0.6098,165.78,439.77,203.13,483.27,1624.7,37.35,43.5,0.859,False,,True,S-61,17,evt_S-61_desk_work_surface_0004,b871f8175c91e5e3,pose_hand_context,,52861.6,2.63,,1,cam12/e1/v1,rtmpose_baseline
full,03.CCTV Mobile Usage.mkv,632de9ed55947761d56d4c6142a3cb1a1fe69d0b1a6d0e01a2e404c697962623,dfine_native,107000.0,monitor_or_bezel,0.3406,-0.31,495.03,184.52,557.74,11591.6,184.84,62.71,2.947,False,,True,S-61,17,evt_S-61_desk_work_surface_0004,b871f8175c91e5e3,pose_hand_context,,52861.6,2.63,,1,cam12/e1/v1,rtmpose_baseline
full,03.CCTV Mobile Usage.mkv,632de9ed55947761d56d4c6142a3cb1a1fe69d0b1a6d0e01a2e404c697962623,dfine_native,107000.0,secondary_paper_chit,0.3024,107.23,454.88,179.44,522.37,4874.3,72.22,67.5,1.07,False,,True,S-61,17,evt_S-61_desk_work_surface_0004,b871f8175c91e5e3,pose_hand_context,,52861.6,2.63,,1,cam12/e1/v1,rtmpose_baseline
full,03.CCTV Mobile Usage.mkv,632de9ed55947761d56d4c6142a3cb1a1fe69d0b1a6d0e01a2e404c697962623,dfine_native,107000.0,phone,0.3809,166.11,439.88,193.93,480.51,1130.3,27.82,40.63,0.685,False,,True,S-61,17,evt_S-61_desk_work_surface_0004,b871f8175c91e5e3,pose_hand_context,,52861.6,2.63,,1,cam12/e1/v1,rtmpose_baseline
full,03.CCTV Mobile Usage.mkv,632de9ed55947761d56d4c6142a3cb1a1fe69d0b1a6d0e01a2e404c697962623,dfine_native,107000.0,secondary_paper_chit,0.3201,88.24,454.32,180.02,523.75,6372.2,91.77,69.43,1.322,False,,True,S-61,17,evt_S-61_desk_work_surface_0004,b871f8175c91e5e3,pose_hand_context,,52861.6,2.63,,1,cam12/e1/v1,rtmpose_baseline
full,03.CCTV Mobile Usage.mkv,632de9ed55947761d56d4c6142a3cb1a1fe69d0b1a6d0e01a2e404c697962623,dfine_native,107000.0,phone,0.2779,183.21,470.92,204.5,483.31,263.6,21.29,12.38,1.719,False,,True,S-61,17,evt_S-61_desk_work_surface_0004,b871f8175c91e5e3,pose_hand_context,,52861.6,2.63,,1,cam12/e1/v1,rtmpose_baseline
full,03.CCTV Mobile Usage.mkv,632de9ed55947761d56d4c6142a3cb1a1fe69d0b1a6d0e01a2e404c697962623,dfine_native,107000.0,unknown_object,0.4182,541.68,49.39,573.86,89.25,1282.9,32.19,39.86,0.807,False,,True,unattributed,23,evt_S-61_desk_work_surface_0004,c5621028ef9131bb,native_source_context_fallback,no_pose_observation,6034.2,7.1,,1,cam12/e1/v1,
full,03.CCTV Mobile Usage.mkv,632de9ed55947761d56d4c6142a3cb1a1fe69d0b1a6d0e01a2e404c697962623,dfine_native,107000.0,unknown_object,0.2823,573.25,52.58,606.29,94.93,1399.2,33.04,42.35,0.78,False,,True,unattributed,23,evt_S-61_desk_work_surface_0004,c5621028ef9131bb,native_source_context_fallback,no_pose_observation,6034.2,7.1,,1,cam12/e1/v1,
full,03.CCTV Mobile Usage.mkv,632de9ed55947761d56d4c6142a3cb1a1fe69d0b1a6d0e01a2e404c697962623,dfine_native,107000.0,unknown_object,0.356,549.93,6.32,609.96,94.88,5316.5,60.03,88.56,0.678,False,,True,unattributed,23,evt_S-61_desk_work_surface_0004,c5621028ef9131bb,native_source_context_fallback,no_pose_observation,6034.2,7.1,,1,cam12/e1/v1,
full,03.CCTV Mobile Usage.mkv,632de9ed55947761d56d4c6142a3cb1a1fe69d0b1a6d0e01a2e404c697962623,dfine_native,107000.0,unknown_object,0.2992,605.95,0.09,624.99,95.58,1818.2,19.04,95.49,0.199,False,,True,unattributed,23,evt_S-61_desk_work_surface_0004,c5621028ef9131bb,native_source_context_fallback,no_pose_observation,6034.2,7.1,,1,cam12/e1/v1,
full,03.CCTV Mobile Usage.mkv,632de9ed55947761d56d4c6142a3cb1a1fe69d0b1a6d0e01a2e404c697962623,dfine_native,107000.0,monitor_or_bezel,0.6146,813.91,7.36,844.03,44.37,1114.7,30.12,37.01,0.814,False,,True,unattributed,18,evt_S-61_desk_work_surface_0004,c5a2db63f9f305b0,native_source_context_fallback,wrist_confidence_below_floor,9558.3,6.49,,1,cam12/e1/v1,rtmpose_baseline
full,03.CCTV Mobile Usage.mkv,632de9ed55947761d56d4c6142a3cb1a1fe69d0b1a6d0e01a2e404c697962623,dfine_native,107000.0,unknown_object,0.4493,846.67,83.13,864.39,105.8,401.7,17.72,22.67,0.782,False,,True,unattributed,18,evt_S-61_desk_work_surface_0004,c5a2db63f9f305b0,native_source_context_fallback,wrist_confidence_below_floor,9558.3,6.49,,1,cam12/e1/v1,rtmpose_baseline
full,03.CCTV Mobile Usage.mkv,632de9ed55947761d56d4c6142a3cb1a1fe69d0b1a6d0e01a2e404c697962623,dfine_native,107000.0,unknown_object,0.2606,902.74,89.34,911.06,101.65,102.3,8.31,12.31,0.675,True,object footprint 102 px is under the 120 px floor for a call,False,unattributed,18,evt_S-61_desk_work_surface_0004,c5a2db63f9f305b0,native_source_context_fallback,wrist_confidence_below_floor,9558.3,6.49,,1,cam12/e1/v1,rtmpose_baseline
full,03.CCTV Mobile Usage.mkv,632de9ed55947761d56d4c6142a3cb1a1fe69d0b1a6d0e01a2e404c697962623,dfine_native,107000.0,unknown_object,0.3092,847.48,83.1,859.71,96.89,168.6,12.23,13.79,0.887,False,,True,unattributed,18,evt_S-61_desk_work_surface_0004,c5a2db63f9f305b0,native_source_context_fallback,wrist_confidence_below_floor,9558.3,6.49,,1,cam12/e1/v1,rtmpose_baseline
full,03.CCTV Mobile Usage.mkv,632de9ed55947761d56d4c6142a3cb1a1fe69d0b1a6d0e01a2e404c697962623,dfine_native,107000.0,unknown_object,0.2653,847.43,83.15,859.6,104.46,259.3,12.17,21.31,0.571,False,,True,unattributed,18,evt_S-61_desk_work_surface_0004,c5a2db63f9f305b0,native_source_context_fallback,wrist_confidence_below_floor,9558.3,6.49,,1,cam12/e1/v1,rtmpose_baseline
full,03.CCTV Mobile Usage.mkv,632de9ed55947761d56d4c6142a3cb1a1fe69d0b1a6d0e01a2e404c697962623,dfine_native,107000.0,unknown_object,0.2649,842.19,71.57,865.05,105.67,779.5,22.86,34.1,0.67,False,,True,unattributed,18,evt_S-61_desk_work_surface_0004,c5a2db63f9f305b0,native_source_context_fallback,wrist_confidence_below_floor,9558.3,6.49,,1,cam12/e1/v1,rtmpose_baseline
full,03.CCTV Mobile Usage.mkv,632de9ed55947761d56d4c6142a3cb1a1fe69d0b1a6d0e01a2e404c697962623,dfine_native,107500.0,phone,0.5819,159.16,432.4,184.12,474.22,1043.9,24.96,41.82,0.597,False,,True,S-61,17,evt_S-61_desk_work_surface_0004,061504b531fc9201,pose_hand_context,,52253.4,2.65,,1,cam12/e1/v1,rtmpose_baseline
full,03.CCTV Mobile Usage.mkv,632de9ed55947761d56d4c6142a3cb1a1fe69d0b1a6d0e01a2e404c697962623,dfine_native,107500.0,secondary_paper_chit,0.4626,92.68,455.13,178.94,523.5,5897.8,86.26,68.37,1.262,False,,True,S-61,17,evt_S-61_desk_work_surface_0004,061504b531fc9201,pose_hand_context,,52253.4,2.65,,1,cam12/e1/v1,rtmpose_baseline
full,03.CCTV Mobile Usage.mkv,632de9ed55947761d56d4c6142a3cb1a1fe69d0b1a6d0e01a2e404c697962623,dfine_native,107500.0,secondary_paper_chit,0.4339,110.26,455.51,178.72,521.68,4529.2,68.46,66.16,1.035,False,,True,S-61,17,evt_S-61_desk_work_surface_0004,061504b531fc9201,pose_hand_context,,52253.4,2.65,,1,cam12/e1/v1,rtmpose_baseline
full,03.CCTV Mobile Usage.mkv,632de9ed55947761d56d4c6142a3cb1a1fe69d0b1a6d0e01a2e404c697962623,dfine_native,107500.0,phone,0.5332,159.02,432.36,191.93,479.62,1555.8,32.91,47.27,0.696,False,,True,S-61,17,evt_S-61_desk_work_surface_0004,061504b531fc9201,pose_hand_context,,52253.4,2.65,,1,cam12/e1/v1,rtmpose_baseline
full,03.CCTV Mobile Usage.mkv,632de9ed55947761d56d4c6142a3cb1a1fe69d0b1a6d0e01a2e404c697962623,dfine_native,107500.0,monitor_or_bezel,0.3218,-0.29,495.19,186.77,557.76,11703.0,187.06,62.56,2.99,False,,True,S-61,17,evt_S-61_desk_work_surface_0004,061504b531fc9201,pose_hand_context,,52253.4,2.65,,1,cam12/e1/v1,rtmpose_baseline
full,03.CCTV Mobile Usage.mkv,632de9ed55947761d56d4c6142a3cb1a1fe69d0b1a6d0e01a2e404c697962623,dfine_native,107500.0,secondary_paper_chit,0.3825,64.2,453.82,179.91,524.7,8201.4,115.71,70.88,1.632,False,,True,S-61,17,evt_S-61_desk_work_surface_0004,061504b531fc9201,pose_hand_context,,52253.4,2.65,,1,cam12/e1/v1,rtmpose_baseline
full,03.CCTV Mobile Usage.mkv,632de9ed55947761d56d4c6142a3cb1a1fe69d0b1a6d0e01a2e404c697962623,dfine_native,107500.0,monitor_or_bezel,0.3776,814.89,7.51,843.33,44.02,1038.3,28.44,36.51,0.779,False,,True,unattributed,18,evt_S-61_desk_work_surface_0004,0633178326796df2,native_source_context_fallback,wrist_confidence_below_floor,9535.1,6.51,,1,cam12/e1/v1,rtmpose_baseline
full,03.CCTV Mobile Usage.mkv,632de9ed55947761d56d4c6142a3cb1a1fe69d0b1a6d0e01a2e404c697962623,dfine_native,107500.0,unknown_object,0.2565,846.79,83.13,864.19,104.71,375.4,17.39,21.58,0.806,False,,True,unattributed,18,evt_S-61_desk_work_surface_0004,0633178326796df2,native_source_context_fallback,wrist_confidence_below_floor,9535.1,6.51,,1,cam12/e1/v1,rtmpose_baseline
full,03.CCTV Mobile Usage.mkv,632de9ed55947761d56d4c6142a3cb1a1fe69d0b1a6d0e01a2e404c697962623,dfine_native,107500.0,unknown_object,0.4788,541.73,48.12,573.98,87.16,1259.3,32.26,39.04,0.826,False,,True,unattributed,23,evt_S-61_desk_work_surface_0004,07dc176ad9cb3fb4,native_source_context_fallback,no_pose_observation,5535.3,7.42,,1,cam12/e1/v1,
full,03.CCTV Mobile Usage.mkv,632de9ed55947761d56d4c6142a3cb1a1fe69d0b1a6d0e01a2e404c697962623,dfine_native,107500.0,unknown_object,0.4452,553.47,5.59,610.72,95.03,5120.7,57.25,89.44,0.64,False,,True,unattributed,23,evt_S-61_desk_work_surface_0004,07dc176ad9cb3fb4,native_source_context_fallback,no_pose_observation,5535.3,7.42,,1,cam12/e1/v1,
full,03.CCTV Mobile Usage.mkv,632de9ed55947761d56d4c6142a3cb1a1fe69d0b1a6d0e01a2e404c697962623,dfine_native,107500.0,unknown_object,0.2845,530.01,0.36,559.79,83.55,2477.3,29.78,83.19,0.358,False,,True,unattributed,23,evt_S-61_desk_work_surface_0004,07dc176ad9cb3fb4,native_source_context_fallback,no_pose_observation,5535.3,7.42,,1,cam12/e1/v1,
full,03.CCTV Mobile Usage.mkv,632de9ed55947761d56d4c6142a3cb1a1fe69d0b1a6d0e01a2e404c697962623,dfine_native,107500.0,unknown_object,0.345,605.62,0.08,625.98,95.55,1944.1,20.37,95.46,0.213,False,,True,unattributed,23,evt_S-61_desk_work_surface_0004,07dc176ad9cb3fb4,native_source_context_fallback,no_pose_observation,5535.3,7.42,,1,cam12/e1/v1,
full,03.CCTV Mobile Usage.mkv,632de9ed55947761d56d4c6142a3cb1a1fe69d0b1a6d0e01a2e404c697962623,dfine_native,107500.0,unknown_object,0.2658,569.76,52.52,607.05,95.43,1600.3,37.29,42.91,0.869,False,,True,unattributed,23,evt_S-61_desk_work_surface_0004,07dc176ad9cb3fb4,native_source_context_fallback,no_pose_observation,5535.3,7.42,,1,cam12/e1/v1,
full,03.CCTV Mobile Usage.mkv,632de9ed55947761d56d4c6142a3cb1a1fe69d0b1a6d0e01a2e404c697962623,dfine_native,107500.0,keyboard,0.2778,530.02,82.56,596.6,96.0,894.9,66.57,13.44,4.952,False,,True,unattributed,23,evt_S-61_desk_work_surface_0004,07dc176ad9cb3fb4,native_source_context_fallback,no_pose_observation,5535.3,7.42,,1,cam12/e1/v1,
full,03.CCTV Mobile Usage.mkv,632de9ed55947761d56d4c6142a3cb1a1fe69d0b1a6d0e01a2e404c697962623,dfine_native,107500.0,keyboard,0.903,962.06,451.96,1067.87,491.45,4178.3,105.82,39.49,2.68,False,,True,R-desk,21,evt_S-61_desk_work_surface_0004,bdac2b57433fb1af,lap_bag_context,wrist_confidence_below_floor,34560.0,1.33,,1,cam12/e1/v1,rtmpose_baseline
full,03.CCTV Mobile Usage.mkv,632de9ed55947761d56d4c6142a3cb1a1fe69d0b1a6d0e01a2e404c697962623,dfine_native,107500.0,unknown_object,0.5905,699.98,396.16,853.08,491.93,14662.6,153.1,95.77,1.599,False,,True,R-desk,21,evt_S-61_desk_work_surface_0004,bdac2b57433fb1af,lap_bag_context,wrist_confidence_below_floor,34560.0,1.33,,1,cam12/e1/v1,rtmpose_baseline
full,03.CCTV Mobile Usage.mkv,632de9ed55947761d56d4c6142a3cb1a1fe69d0b1a6d0e01a2e404c697962623,dfine_native,107500.0,monitor_or_bezel,0.63,1018.68,395.62,1145.93,447.77,6635.6,127.25,52.15,2.44,False,,True,R-desk,21,evt_S-61_desk_work_surface_0004,bdac2b57433fb1af,lap_bag_context,wrist_confidence_below_floor,34560.0,1.33,,1,cam12/e1/v1,rtmpose_baseline
full,03.CCTV Mobile Usage.mkv,632de9ed55947761d56d4c6142a3cb1a1fe69d0b1a6d0e01a2e404c697962623,dfine_native,107500.0,keyboard,0.5129,802.59,396.27,870.81,420.64,1662.7,68.22,24.37,2.799,False,,True,R-desk,21,evt_S-61_desk_work_surface_0004,bdac2b57433fb1af,lap_bag_context,wrist_confidence_below_floor,34560.0,1.33,,1,cam12/e1/v1,rtmpose_baseline
full,03.CCTV Mobile Usage.mkv,632de9ed55947761d56d4c6142a3cb1a1fe69d0b1a6d0e01a2e404c697962623,dfine_native,107500.0,phone,0.3335,1043.04,421.97,1112.9,474.08,3640.5,69.86,52.11,1.341,False,,True,R-desk,21,evt_S-61_desk_work_surface_0004,bdac2b57433fb1af,lap_bag_context,wrist_confidence_below_floor,34560.0,1.33,,1,cam12/e1/v1,rtmpose_baseline
full,03.CCTV Mobile Usage.mkv,632de9ed55947761d56d4c6142a3cb1a1fe69d0b1a6d0e01a2e404c697962623,dfine_native,107500.0,monitor_or_bezel,0.3252,1012.0,395.52,1147.4,487.89,12507.4,135.39,92.38,1.466,False,,True,R-desk,21,evt_S-61_desk_work_surface_0004,bdac2b57433fb1af,lap_bag_context,wrist_confidence_below_floor,34560.0,1.33,,1,cam12/e1/v1,rtmpose_baseline
full,03.CCTV Mobile Usage.mkv,632de9ed55947761d56d4c6142a3cb1a1fe69d0b1a6d0e01a2e404c697962623,dfine_native,107500.0,unknown_object,0.3866,700.04,396.12,760.15,491.5,5733.0,60.11,95.38,0.63,False,,True,R-desk,21,evt_S-61_desk_work_surface_0004,bdac2b57433fb1af,lap_bag_context,wrist_confidence_below_floor,34560.0,1.33,,1,cam12/e1/v1,rtmpose_baseline
full,03.CCTV Mobile Usage.mkv,632de9ed55947761d56d4c6142a3cb1a1fe69d0b1a6d0e01a2e404c697962623,dfine_native,107500.0,mouse,0.3285,966.91,398.41,992.1,410.63,307.9,25.2,12.22,2.062,False,,True,R-desk,21,evt_S-61_desk_work_surface_0004,bdac2b57433fb1af,lap_bag_context,wrist_confidence_below_floor,34560.0,1.33,,1,cam12/e1/v1,rtmpose_baseline
full,03.CCTV Mobile Usage.mkv,632de9ed55947761d56d4c6142a3cb1a1fe69d0b1a6d0e01a2e404c697962623,dfine_native,107500.0,mouse,0.5555,864.77,413.8,892.01,435.15,581.6,27.24,21.35,1.276,False,,True,R-desk,21,evt_S-61_desk_work_surface_0004,bdac2b57433fb1af,lap_bag_context,wrist_confidence_below_floor,34560.0,1.33,,1,cam12/e1/v1,rtmpose_baseline
full,03.CCTV Mobile Usage.mkv,632de9ed55947761d56d4c6142a3cb1a1fe69d0b1a6d0e01a2e404c697962623,dfine_native,107500.0,monitor_or_bezel,0.2728,881.32,396.14,949.13,452.58,3827.0,67.81,56.43,1.202,False,,True,R-desk,21,evt_S-61_desk_work_surface_0004,bdac2b57433fb1af,lap_bag_context,wrist_confidence_below_floor,34560.0,1.33,,1,cam12/e1/v1,rtmpose_baseline
full,03.CCTV Mobile Usage.mkv,632de9ed55947761d56d4c6142a3cb1a1fe69d0b1a6d0e01a2e404c697962623,dfine_native,107500.0,monitor_or_bezel,0.2683,748.27,395.22,1146.97,491.14,38244.9,398.69,95.93,4.156,False,,True,R-desk,21,evt_S-61_desk_work_surface_0004,bdac2b57433fb1af,lap_bag_context,wrist_confidence_below_floor,34560.0,1.33,,1,cam12/e1/v1,rtmpose_baseline
full,03.CCTV Mobile Usage.mkv,632de9ed55947761d56d4c6142a3cb1a1fe69d0b1a6d0e01a2e404c697962623,dfine_native,107500.0,keyboard,0.903,962.06,451.96,1067.87,491.45,4178.3,105.82,39.49,2.68,False,,True,R-desk,22,evt_S-61_desk_work_surface_0004,bdac2b57433fb1af,lap_bag_context,wrist_confidence_below_floor,34560.0,1.33,,1,cam12/e1/v1,rtmpose_baseline
full,03.CCTV Mobile Usage.mkv,632de9ed55947761d56d4c6142a3cb1a1fe69d0b1a6d0e01a2e404c697962623,dfine_native,107500.0,unknown_object,0.5905,699.98,396.16,853.08,491.93,14662.6,153.1,95.77,1.599,False,,True,R-desk,22,evt_S-61_desk_work_surface_0004,bdac2b57433fb1af,lap_bag_context,wrist_confidence_below_floor,34560.0,1.33,,1,cam12/e1/v1,rtmpose_baseline
full,03.CCTV Mobile Usage.mkv,632de9ed55947761d56d4c6142a3cb1a1fe69d0b1a6d0e01a2e404c697962623,dfine_native,107500.0,monitor_or_bezel,0.63,1018.68,395.62,1145.93,447.77,6635.6,127.25,52.15,2.44,False,,True,R-desk,22,evt_S-61_desk_work_surface_0004,bdac2b57433fb1af,lap_bag_context,wrist_confidence_below_floor,34560.0,1.33,,1,cam12/e1/v1,rtmpose_baseline
full,03.CCTV Mobile Usage.mkv,632de9ed55947761d56d4c6142a3cb1a1fe69d0b1a6d0e01a2e404c697962623,dfine_native,107500.0,keyboard,0.5129,802.59,396.27,870.81,420.64,1662.7,68.22,24.37,2.799,False,,True,R-desk,22,evt_S-61_desk_work_surface_0004,bdac2b57433fb1af,lap_bag_context,wrist_confidence_below_floor,34560.0,1.33,,1,cam12/e1/v1,rtmpose_baseline
full,03.CCTV Mobile Usage.mkv,632de9ed55947761d56d4c6142a3cb1a1fe69d0b1a6d0e01a2e404c697962623,dfine_native,107500.0,phone,0.3335,1043.04,421.97,1112.9,474.08,3640.5,69.86,52.11,1.341,False,,True,R-desk,22,evt_S-61_desk_work_surface_0004,bdac2b57433fb1af,lap_bag_context,wrist_confidence_below_floor,34560.0,1.33,,1,cam12/e1/v1,rtmpose_baseline
full,03.CCTV Mobile Usage.mkv,632de9ed55947761d56d4c6142a3cb1a1fe69d0b1a6d0e01a2e404c697962623,dfine_native,107500.0,monitor_or_bezel,0.3252,1012.0,395.52,1147.4,487.89,12507.4,135.39,92.38,1.466,False,,True,R-desk,22,evt_S-61_desk_work_surface_0004,bdac2b57433fb1af,lap_bag_context,wrist_confidence_below_floor,34560.0,1.33,,1,cam12/e1/v1,rtmpose_baseline
full,03.CCTV Mobile Usage.mkv,632de9ed55947761d56d4c6142a3cb1a1fe69d0b1a6d0e01a2e404c697962623,dfine_native,107500.0,unknown_object,0.3866,700.04,396.12,760.15,491.5,5733.0,60.11,95.38,0.63,False,,True,R-desk,22,evt_S-61_desk_work_surface_0004,bdac2b57433fb1af,lap_bag_context,wrist_confidence_below_floor,34560.0,1.33,,1,cam12/e1/v1,rtmpose_baseline
full,03.CCTV Mobile Usage.mkv,632de9ed55947761d56d4c6142a3cb1a1fe69d0b1a6d0e01a2e404c697962623,dfine_native,107500.0,mouse,0.3285,966.91,398.41,992.1,410.63,307.9,25.2,12.22,2.062,False,,True,R-desk,22,evt_S-61_desk_work_surface_0004,bdac2b57433fb1af,lap_bag_context,wrist_confidence_below_floor,34560.0,1.33,,1,cam12/e1/v1,rtmpose_baseline
full,03.CCTV Mobile Usage.mkv,632de9ed55947761d56d4c6142a3cb1a1fe69d0b1a6d0e01a2e404c697962623,dfine_native,107500.0,mouse,0.5555,864.77,413.8,892.01,435.15,581.6,27.24,21.35,1.276,False,,True,R-desk,22,evt_S-61_desk_work_surface_0004,bdac2b57433fb1af,lap_bag_context,wrist_confidence_below_floor,34560.0,1.33,,1,cam12/e1/v1,rtmpose_baseline
full,03.CCTV Mobile Usage.mkv,632de9ed55947761d56d4c6142a3cb1a1fe69d0b1a6d0e01a2e404c697962623,dfine_native,107500.0,monitor_or_bezel,0.2728,881.32,396.14,949.13,452.58,3827.0,67.81,56.43,1.202,False,,True,R-desk,22,evt_S-61_desk_work_surface_0004,bdac2b57433fb1af,lap_bag_context,wrist_confidence_below_floor,34560.0,1.33,,1,cam12/e1/v1,rtmpose_baseline
full,03.CCTV Mobile Usage.mkv,632de9ed55947761d56d4c6142a3cb1a1fe69d0b1a6d0e01a2e404c697962623,dfine_native,107500.0,monitor_or_bezel,0.2683,748.27,395.22,1146.97,491.14,38244.9,398.69,95.93,4.156,False,,True,R-desk,22,evt_S-61_desk_work_surface_0004,bdac2b57433fb1af,lap_bag_context,wrist_confidence_below_floor,34560.0,1.33,,1,cam12/e1/v1,rtmpose_baseline
full,03.CCTV Mobile Usage.mkv,632de9ed55947761d56d4c6142a3cb1a1fe69d0b1a6d0e01a2e404c697962623,dfine_native,108000.0,unknown_object,0.5931,542.02,51.67,574.14,86.26,1111.1,32.12,34.59,0.929,False,,True,unattributed,23,evt_S-61_desk_work_surface_0004,22fac4fce63bd181,native_source_context_fallback,no_pose_observation,7300.0,7.25,,1,cam12/e1/v1,
full,03.CCTV Mobile Usage.mkv,632de9ed55947761d56d4c6142a3cb1a1fe69d0b1a6d0e01a2e404c697962623,dfine_native,108000.0,unknown_object,0.2542,573.65,52.86,604.89,84.49,988.0,31.24,31.63,0.988,False,,True,unattributed,23,evt_S-61_desk_work_surface_0004,22fac4fce63bd181,native_source_context_fallback,no_pose_observation,7300.0,7.25,,1,cam12/e1/v1,
full,03.CCTV Mobile Usage.mkv,632de9ed55947761d56d4c6142a3cb1a1fe69d0b1a6d0e01a2e404c697962623,dfine_native,108000.0,unknown_object,0.2724,574.8,53.12,601.85,69.57,444.9,27.05,16.45,1.645,False,,True,unattributed,23,evt_S-61_desk_work_surface_0004,22fac4fce63bd181,native_source_context_fallback,no_pose_observation,7300.0,7.25,,1,cam12/e1/v1,
full,03.CCTV Mobile Usage.mkv,632de9ed55947761d56d4c6142a3cb1a1fe69d0b1a6d0e01a2e404c697962623,dfine_native,108000.0,unknown_object,0.2773,551.84,57.1,563.86,80.54,281.9,12.03,23.44,0.513,False,,True,unattributed,23,evt_S-61_desk_work_surface_0004,22fac4fce63bd181,native_source_context_fallback,no_pose_observation,7300.0,7.25,,1,cam12/e1/v1,
full,03.CCTV Mobile Usage.mkv,632de9ed55947761d56d4c6142a3cb1a1fe69d0b1a6d0e01a2e404c697962623,dfine_native,108000.0,secondary_paper_chit,0.43,109.39,454.14,178.64,521.87,4689.8,69.24,67.73,1.022,False,,True,S-61,17,evt_S-61_desk_work_surface_0004,307ef414490284f8,pose_hand_context,,51275.0,2.69,,1,cam12/e1/v1,rtmpose_baseline
full,03.CCTV Mobile Usage.mkv,632de9ed55947761d56d4c6142a3cb1a1fe69d0b1a6d0e01a2e404c697962623,dfine_native,108000.0,phone,0.6207,159.73,432.53,193.24,477.48,1506.3,33.51,44.95,0.746,False,,True,S-61,17,evt_S-61_desk_work_surface_0004,307ef414490284f8,pose_hand_context,,51275.0,2.69,,1,cam12/e1/v1,rtmpose_baseline
full,03.CCTV Mobile Usage.mkv,632de9ed55947761d56d4c6142a3cb1a1fe69d0b1a6d0e01a2e404c697962623,dfine_native,108000.0,phone,0.4441,159.63,432.37,181.58,471.67,862.9,21.95,39.31,0.559,False,,True,S-61,17,evt_S-61_desk_work_surface_0004,307ef414490284f8,pose_hand_context,,51275.0,2.69,,1,cam12/e1/v1,rtmpose_baseline
full,03.CCTV Mobile Usage.mkv,632de9ed55947761d56d4c6142a3cb1a1fe69d0b1a6d0e01a2e404c697962623,dfine_native,108000.0,stationery,0.3364,-0.37,495.29,185.98,556.83,11467.5,186.34,61.54,3.028,False,,True,S-61,17,evt_S-61_desk_work_surface_0004,307ef414490284f8,pose_hand_context,,51275.0,2.69,,1,cam12/e1/v1,rtmpose_baseline
full,03.CCTV Mobile Usage.mkv,632de9ed55947761d56d4c6142a3cb1a1fe69d0b1a6d0e01a2e404c697962623,dfine_native,108000.0,secondary_paper_chit,0.4316,89.01,452.87,178.76,523.42,6331.4,89.75,70.55,1.272,False,,True,S-61,17,evt_S-61_desk_work_surface_0004,307ef414490284f8,pose_hand_context,,51275.0,2.69,,1,cam12/e1/v1,rtmpose_baseline
full,03.CCTV Mobile Usage.mkv,632de9ed55947761d56d4c6142a3cb1a1fe69d0b1a6d0e01a2e404c697962623,dfine_native,108000.0,secondary_paper_chit,0.345,88.05,441.13,180.96,523.12,7618.4,92.92,81.99,1.133,False,,True,S-61,17,evt_S-61_desk_work_surface_0004,307ef414490284f8,pose_hand_context,,51275.0,2.69,,1,cam12/e1/v1,rtmpose_baseline
full,03.CCTV Mobile Usage.mkv,632de9ed55947761d56d4c6142a3cb1a1fe69d0b1a6d0e01a2e404c697962623,dfine_native,108000.0,monitor_or_bezel,0.3496,814.91,7.36,844.43,44.35,1091.8,29.52,36.99,0.798,False,,True,unattributed,18,evt_S-61_desk_work_surface_0004,79ba7866ecb421e6,native_source_context_fallback,wrist_confidence_below_floor,9304.5,6.63,,1,cam12/e1/v1,rtmpose_baseline
full,03.CCTV Mobile Usage.mkv,632de9ed55947761d56d4c6142a3cb1a1fe69d0b1a6d0e01a2e404c697962623,dfine_native,108000.0,unknown_object,0.3146,814.94,7.35,910.93,103.5,9228.9,95.99,96.15,0.998,False,,True,unattributed,18,evt_S-61_desk_work_surface_0004,79ba7866ecb421e6,native_source_context_fallback,wrist_confidence_below_floor,9304.5,6.63,,1,cam12/e1/v1,rtmpose_baseline
full,03.CCTV Mobile Usage.mkv,632de9ed55947761d56d4c6142a3cb1a1fe69d0b1a6d0e01a2e404c697962623,dfine_native,112100.0,bag,0.4723,840.68,1.21,911.4,92.2,6434.4,70.72,90.99,0.777,False,,True,unattributed,26,evt_S-61_upper_body_0019,2eaedc89c6a0012a,native_source_context_fallback,no_pose_observation,7016.6,6.81,,1,cam12/e1/v1,
full,03.CCTV Mobile Usage.mkv,632de9ed55947761d56d4c6142a3cb1a1fe69d0b1a6d0e01a2e404c697962623,dfine_native,112100.0,monitor_or_bezel,0.5415,825.0,7.63,843.67,44.33,685.1,18.67,36.7,0.509,False,,True,unattributed,26,evt_S-61_upper_body_0019,2eaedc89c6a0012a,native_source_context_fallback,no_pose_observation,7016.6,6.81,,1,cam12/e1/v1,
full,03.CCTV Mobile Usage.mkv,632de9ed55947761d56d4c6142a3cb1a1fe69d0b1a6d0e01a2e404c697962623,dfine_native,112100.0,bag,0.5036,842.15,35.72,910.27,91.58,3805.1,68.12,55.86,1.219,False,,True,unattributed,26,evt_S-61_upper_body_0019,2eaedc89c6a0012a,native_source_context_fallback,no_pose_observation,7016.6,6.81,,1,cam12/e1/v1,
full,03.CCTV Mobile Usage.mkv,632de9ed55947761d56d4c6142a3cb1a1fe69d0b1a6d0e01a2e404c697962623,dfine_native,112100.0,bag,0.2908,843.16,1.34,910.28,92.39,6111.8,67.12,91.05,0.737,False,,True,unattributed,26,evt_S-61_upper_body_0019,2eaedc89c6a0012a,native_source_context_fallback,no_pose_observation,7016.6,6.81,,1,cam12/e1/v1,
full,03.CCTV Mobile Usage.mkv,632de9ed55947761d56d4c6142a3cb1a1fe69d0b1a6d0e01a2e404c697962623,dfine_native,112100.0,bag,0.3053,843.73,46.93,909.04,90.8,2865.3,65.32,43.87,1.489,False,,True,unattributed,26,evt_S-61_upper_body_0019,2eaedc89c6a0012a,native_source_context_fallback,no_pose_observation,7016.6,6.81,,1,cam12/e1/v1,
full,03.CCTV Mobile Usage.mkv,632de9ed55947761d56d4c6142a3cb1a1fe69d0b1a6d0e01a2e404c697962623,dfine_native,112100.0,unknown_object,0.2811,102.62,454.82,215.89,560.27,11944.5,113.27,105.45,1.074,False,,True,S-61,25,evt_S-61_upper_body_0019,c56edce7ca7440a5,pose_hand_context,,53613.8,2.6,,1,cam12/e1/v1,rtmpose_baseline
full,03.CCTV Mobile Usage.mkv,632de9ed55947761d56d4c6142a3cb1a1fe69d0b1a6d0e01a2e404c697962623,dfine_native,112100.0,unknown_object,0.3056,18.47,314.07,109.05,384.03,6336.7,90.58,69.96,1.295,False,,True,S-61,25,evt_S-61_upper_body_0019,c56edce7ca7440a5,pose_hand_context,,53613.8,2.6,,1,cam12/e1/v1,rtmpose_baseline
full,03.CCTV Mobile Usage.mkv,632de9ed55947761d56d4c6142a3cb1a1fe69d0b1a6d0e01a2e404c697962623,dfine_native,112100.0,unknown_object,0.2877,-0.24,494.68,188.87,560.72,12489.2,189.11,66.04,2.863,False,,True,S-61,25,evt_S-61_upper_body_0019,c56edce7ca7440a5,pose_hand_context,,53613.8,2.6,,1,cam12/e1/v1,rtmpose_baseline
full,03.CCTV Mobile Usage.mkv,632de9ed55947761d56d4c6142a3cb1a1fe69d0b1a6d0e01a2e404c697962623,dfine_native,112100.0,unknown_object,0.309,47.22,325.52,108.85,384.22,3618.0,61.63,58.7,1.05,False,,True,S-61,25,evt_S-61_upper_body_0019,c56edce7ca7440a5,pose_hand_context,,53613.8,2.6,,1,cam12/e1/v1,rtmpose_baseline
full,03.CCTV Mobile Usage.mkv,632de9ed55947761d56d4c6142a3cb1a1fe69d0b1a6d0e01a2e404c697962623,dfine_native,112100.0,unknown_object,0.254,90.0,330.85,129.53,382.17,2028.7,39.53,51.32,0.77,False,,True,S-61,25,evt_S-61_upper_body_0019,c56edce7ca7440a5,pose_hand_context,,53613.8,2.6,,1,cam12/e1/v1,rtmpose_baseline
full,03.CCTV Mobile Usage.mkv,632de9ed55947761d56d4c6142a3cb1a1fe69d0b1a6d0e01a2e404c697962623,dfine_native,112100.0,unknown_object,0.2595,22.47,314.11,130.11,386.19,7758.8,107.64,72.08,1.493,False,,True,S-61,25,evt_S-61_upper_body_0019,c56edce7ca7440a5,pose_hand_context,,53613.8,2.6,,1,cam12/e1/v1,rtmpose_baseline
full,03.CCTV Mobile Usage.mkv,632de9ed55947761d56d4c6142a3cb1a1fe69d0b1a6d0e01a2e404c697962623,dfine_native,112600.0,unknown_object,0.3076,106.84,454.71,215.98,559.31,11415.6,109.14,104.6,1.043,False,,True,S-61,25,evt_S-61_upper_body_0019,1e3d28a24c42bff8,pose_hand_context,,53318.2,2.62,,1,cam12/e1/v1,rtmpose_baseline
full,03.CCTV Mobile Usage.mkv,632de9ed55947761d56d4c6142a3cb1a1fe69d0b1a6d0e01a2e404c697962623,dfine_native,112600.0,monitor_or_bezel,0.3169,-0.31,494.87,187.8,559.73,12200.6,188.11,64.86,2.9,False,,True,S-61,25,evt_S-61_upper_body_0019,1e3d28a24c42bff8,pose_hand_context,,53318.2,2.62,,1,cam12/e1/v1,rtmpose_baseline
full,03.CCTV Mobile Usage.mkv,632de9ed55947761d56d4c6142a3cb1a1fe69d0b1a6d0e01a2e404c697962623,dfine_native,112600.0,unknown_object,0.32,19.3,315.07,108.95,385.67,6330.1,89.65,70.61,1.27,False,,True,S-61,25,evt_S-61_upper_body_0019,1e3d28a24c42bff8,pose_hand_context,,53318.2,2.62,,1,cam12/e1/v1,rtmpose_baseline
full,03.CCTV Mobile Usage.mkv,632de9ed55947761d56d4c6142a3cb1a1fe69d0b1a6d0e01a2e404c697962623,dfine_native,112600.0,unknown_object,0.3473,47.72,325.37,109.04,387.08,3783.6,61.32,61.71,0.994,False,,True,S-61,25,evt_S-61_upper_body_0019,1e3d28a24c42bff8,pose_hand_context,,53318.2,2.62,,1,cam12/e1/v1,rtmpose_baseline
full,03.CCTV Mobile Usage.mkv,632de9ed55947761d56d4c6142a3cb1a1fe69d0b1a6d0e01a2e404c697962623,dfine_native,112600.0,unknown_object,0.2699,91.33,333.02,129.97,382.26,1902.3,38.64,49.23,0.785,False,,True,S-61,25,evt_S-61_upper_body_0019,1e3d28a24c42bff8,pose_hand_context,,53318.2,2.62,,1,cam12/e1/v1,rtmpose_baseline
full,03.CCTV Mobile Usage.mkv,632de9ed55947761d56d4c6142a3cb1a1fe69d0b1a6d0e01a2e404c697962623,dfine_native,112600.0,unknown_object,0.254,50.05,325.61,151.07,426.98,10240.6,101.02,101.37,0.997,False,,True,S-61,25,evt_S-61_upper_body_0019,1e3d28a24c42bff8,pose_hand_context,,53318.2,2.62,,1,cam12/e1/v1,rtmpose_baseline
full,03.CCTV Mobile Usage.mkv,632de9ed55947761d56d4c6142a3cb1a1fe69d0b1a6d0e01a2e404c697962623,dfine_native,112600.0,unknown_object,0.2783,69.95,330.18,152.56,427.2,8014.6,82.61,97.02,0.851,False,,True,S-61,25,evt_S-61_upper_body_0019,1e3d28a24c42bff8,pose_hand_context,,53318.2,2.62,,1,cam12/e1/v1,rtmpose_baseline
full,03.CCTV Mobile Usage.mkv,632de9ed55947761d56d4c6142a3cb1a1fe69d0b1a6d0e01a2e404c697962623,dfine_native,112600.0,unknown_object,0.2548,484.82,53.68,507.57,83.79,684.9,22.75,30.11,0.756,False,,True,unattributed,27,evt_S-61_upper_body_0019,a840b60da4b9ce3f,native_source_context_fallback,no_pose_observation,7624.8,6.41,,1,cam12/e1/v1,
full,03.CCTV Mobile Usage.mkv,632de9ed55947761d56d4c6142a3cb1a1fe69d0b1a6d0e01a2e404c697962623,dfine_native,112600.0,unknown_object,0.2524,483.9,77.87,540.92,95.69,1016.3,57.03,17.82,3.2,False,,True,unattributed,27,evt_S-61_upper_body_0019,a840b60da4b9ce3f,native_source_context_fallback,no_pose_observation,7624.8,6.41,,1,cam12/e1/v1,
full,03.CCTV Mobile Usage.mkv,632de9ed55947761d56d4c6142a3cb1a1fe69d0b1a6d0e01a2e404c697962623,dfine_native,112600.0,unknown_object,0.2663,441.02,49.85,452.2,56.92,79.1,11.18,7.07,1.581,True,object footprint 79 px is under the 120 px floor for a call,False,unattributed,27,evt_S-61_upper_body_0019,a840b60da4b9ce3f,native_source_context_fallback,no_pose_observation,7624.8,6.41,,1,cam12/e1/v1,
full,03.CCTV Mobile Usage.mkv,632de9ed55947761d56d4c6142a3cb1a1fe69d0b1a6d0e01a2e404c697962623,dfine_native,112600.0,unknown_object,0.2794,447.26,68.79,465.57,84.27,283.6,18.31,15.49,1.182,False,,True,unattributed,27,evt_S-61_upper_body_0019,a840b60da4b9ce3f,native_source_context_fallback,no_pose_observation,7624.8,6.41,,1,cam12/e1/v1,
full,03.CCTV Mobile Usage.mkv,632de9ed55947761d56d4c6142a3cb1a1fe69d0b1a6d0e01a2e404c697962623,dfine_native,113100.0,monitor_or_bezel,0.2587,-0.35,494.18,183.25,554.81,11132.0,183.6,60.63,3.028,False,,True,S-61,25,evt_S-61_upper_body_0019,fc7dfd92575d2bcd,pose_hand_context,,49709.5,2.73,,1,cam12/e1/v1,rtmpose_baseline
full,03.CCTV Mobile Usage.mkv,632de9ed55947761d56d4c6142a3cb1a1fe69d0b1a6d0e01a2e404c697962623,dfine_native,113100.0,unknown_object,0.3353,21.32,320.07,109.9,386.21,5858.0,88.57,66.14,1.339,False,,True,S-61,25,evt_S-61_upper_body_0019,fc7dfd92575d2bcd,pose_hand_context,,49709.5,2.73,,1,cam12/e1/v1,rtmpose_baseline
full,03.CCTV Mobile Usage.mkv,632de9ed55947761d56d4c6142a3cb1a1fe69d0b1a6d0e01a2e404c697962623,dfine_native,113600.0,stationery,0.4228,-0.3,494.73,187.89,558.76,12049.8,188.18,64.03,2.939,False,,True,S-61,25,evt_S-61_upper_body_0019,66918dcc605cbf80,pose_hand_context,,52932.5,2.63,,1,cam12/e1/v1,rtmpose_baseline
full,03.CCTV Mobile Usage.mkv,632de9ed55947761d56d4c6142a3cb1a1fe69d0b1a6d0e01a2e404c697962623,dfine_native,113600.0,secondary_paper_chit,0.2517,99.76,453.99,216.26,558.3,12152.3,116.5,104.31,1.117,False,,True,S-61,25,evt_S-61_upper_body_0019,66918dcc605cbf80,pose_hand_context,,52932.5,2.63,,1,cam12/e1/v1,rtmpose_baseline
full,03.CCTV Mobile Usage.mkv,632de9ed55947761d56d4c6142a3cb1a1fe69d0b1a6d0e01a2e404c697962623,dfine_native,113600.0,unknown_object,0.2972,20.3,316.01,109.83,385.64,6233.2,89.52,69.63,1.286,False,,True,S-61,25,evt_S-61_upper_body_0019,66918dcc605cbf80,pose_hand_context,,52932.5,2.63,,1,cam12/e1/v1,rtmpose_baseline
full,03.CCTV Mobile Usage.mkv,632de9ed55947761d56d4c6142a3cb1a1fe69d0b1a6d0e01a2e404c697962623,dfine_native,114100.0,unknown_object,0.2566,-0.47,338.41,91.82,505.32,15405.1,92.29,166.92,0.553,False,,True,S-61,25,evt_S-61_upper_body_0019,c99a5c8067dd97f6,pose_hand_context,,37923.7,3.26,,1,cam12/e1/v1,rtmpose_baseline
full,03.CCTV Mobile Usage.mkv,632de9ed55947761d56d4c6142a3cb1a1fe69d0b1a6d0e01a2e404c697962623,dfine_native,114100.0,unknown_object,0.2844,-0.33,338.53,111.48,506.61,18792.5,111.81,168.08,0.665,False,,True,S-61,25,evt_S-61_upper_body_0019,c99a5c8067dd97f6,pose_hand_context,,37923.7,3.26,,1,cam12/e1/v1,rtmpose_baseline
full,03.CCTV Mobile Usage.mkv,632de9ed55947761d56d4c6142a3cb1a1fe69d0b1a6d0e01a2e404c697962623,dfine_native,114100.0,unknown_object,0.2576,-0.4,338.16,88.85,476.6,12356.5,89.25,138.44,0.645,False,,True,S-61,25,evt_S-61_upper_body_0019,c99a5c8067dd97f6,pose_hand_context,,37923.7,3.26,,1,cam12/e1/v1,rtmpose_baseline
full,03.CCTV Mobile Usage.mkv,632de9ed55947761d56d4c6142a3cb1a1fe69d0b1a6d0e01a2e404c697962623,dfine_native,114100.0,unknown_object,0.3213,-0.15,338.28,172.12,505.28,28768.6,172.27,167.0,1.032,False,,True,S-61,25,evt_S-61_upper_body_0019,c99a5c8067dd97f6,pose_hand_context,,37923.7,3.26,,1,cam12/e1/v1,rtmpose_baseline
full,03.CCTV Mobile Usage.mkv,632de9ed55947761d56d4c6142a3cb1a1fe69d0b1a6d0e01a2e404c697962623,dfine_native,114100.0,unknown_object,0.2625,112.04,454.38,176.96,520.75,4308.6,64.92,66.37,0.978,False,,True,S-61,25,evt_S-61_upper_body_0019,c99a5c8067dd97f6,pose_hand_context,,37923.7,3.26,,1,cam12/e1/v1,rtmpose_baseline
full,03.CCTV Mobile Usage.mkv,632de9ed55947761d56d4c6142a3cb1a1fe69d0b1a6d0e01a2e404c697962623,dfine_native,114600.0,unknown_object,0.2673,111.44,454.49,177.0,520.87,4351.7,65.56,66.38,0.988,False,,True,S-61,25,evt_S-61_upper_body_0019,42e1bb79e5e75347,pose_hand_context,,39261.3,3.19,,1,cam12/e1/v1,rtmpose_baseline
full,03.CCTV Mobile Usage.mkv,632de9ed55947761d56d4c6142a3cb1a1fe69d0b1a6d0e01a2e404c697962623,dfine_native,114600.0,unknown_object,0.298,-0.46,338.05,92.5,505.57,15572.4,92.96,167.52,0.555,False,,True,S-61,25,evt_S-61_upper_body_0019,42e1bb79e5e75347,pose_hand_context,,39261.3,3.19,,1,cam12/e1/v1,rtmpose_baseline
full,03.CCTV Mobile Usage.mkv,632de9ed55947761d56d4c6142a3cb1a1fe69d0b1a6d0e01a2e404c697962623,dfine_native,114600.0,unknown_object,0.2735,-0.37,337.61,113.39,506.43,19203.8,113.75,168.82,0.674,False,,True,S-61,25,evt_S-61_upper_body_0019,42e1bb79e5e75347,pose_hand_context,,39261.3,3.19,,1,cam12/e1/v1,rtmpose_baseline
full,03.CCTV Mobile Usage.mkv,632de9ed55947761d56d4c6142a3cb1a1fe69d0b1a6d0e01a2e404c697962623,dfine_native,114600.0,unknown_object,0.301,-0.35,337.27,89.15,473.46,12189.0,89.5,136.19,0.657,False,,True,S-61,25,evt_S-61_upper_body_0019,42e1bb79e5e75347,pose_hand_context,,39261.3,3.19,,1,cam12/e1/v1,rtmpose_baseline
full,03.CCTV Mobile Usage.mkv,632de9ed55947761d56d4c6142a3cb1a1fe69d0b1a6d0e01a2e404c697962623,dfine_native,115100.0,secondary_paper_chit,0.3513,90.22,454.26,178.25,523.69,6111.3,88.03,69.43,1.268,False,,True,S-61,25,evt_S-61_upper_body_0019,da9caebcc70585aa,pose_hand_context,,41624.2,3.14,,1,cam12/e1/v1,rtmpose_baseline
full,03.CCTV Mobile Usage.mkv,632de9ed55947761d56d4c6142a3cb1a1fe69d0b1a6d0e01a2e404c697962623,dfine_native,115100.0,secondary_paper_chit,0.275,110.02,454.64,177.24,521.34,4483.4,67.21,66.7,1.008,False,,True,S-61,25,evt_S-61_upper_body_0019,da9caebcc70585aa,pose_hand_context,,41624.2,3.14,,1,cam12/e1/v1,rtmpose_baseline
full,03.CCTV Mobile Usage.mkv,632de9ed55947761d56d4c6142a3cb1a1fe69d0b1a6d0e01a2e404c697962623,dfine_native,115100.0,stationery,0.3232,6.0,424.67,111.71,508.57,8869.3,105.71,83.9,1.26,False,,True,S-61,25,evt_S-61_upper_body_0019,da9caebcc70585aa,pose_hand_context,,41624.2,3.14,,1,cam12/e1/v1,rtmpose_baseline
full,03.CCTV Mobile Usage.mkv,632de9ed55947761d56d4c6142a3cb1a1fe69d0b1a6d0e01a2e404c697962623,dfine_native,115600.0,stationery,0.2707,15.96,296.89,108.26,366.76,6448.7,92.3,69.87,1.321,False,,True,S-61,25,evt_S-61_upper_body_0019,3330678104b63c58,pose_hand_context,,35889.3,3.37,,1,cam12/e1/v1,rtmpose_baseline
full,03.CCTV Mobile Usage.mkv,632de9ed55947761d56d4c6142a3cb1a1fe69d0b1a6d0e01a2e404c697962623,dfine_native,115600.0,stationery,0.3084,42.39,444.05,71.73,471.42,802.9,29.34,27.37,1.072,False,,True,S-61,25,evt_S-61_upper_body_0019,3330678104b63c58,pose_hand_context,,35889.3,3.37,,1,cam12/e1/v1,rtmpose_baseline
full,03.CCTV Mobile Usage.mkv,632de9ed55947761d56d4c6142a3cb1a1fe69d0b1a6d0e01a2e404c697962623,dfine_native,115600.0,stationery,0.2568,0.32,413.23,114.93,471.83,6716.1,114.61,58.6,1.956,False,,True,S-61,25,evt_S-61_upper_body_0019,3330678104b63c58,pose_hand_context,,35889.3,3.37,,1,cam12/e1/v1,rtmpose_baseline
full,03.CCTV Mobile Usage.mkv,632de9ed55947761d56d4c6142a3cb1a1fe69d0b1a6d0e01a2e404c697962623,dfine_native,115600.0,unknown_object,0.4137,-0.04,282.41,116.57,471.29,22026.2,116.61,188.89,0.617,False,,True,S-61,25,evt_S-61_upper_body_0019,3330678104b63c58,pose_hand_context,,35889.3,3.37,,1,cam12/e1/v1,rtmpose_baseline
full,03.CCTV Mobile Usage.mkv,632de9ed55947761d56d4c6142a3cb1a1fe69d0b1a6d0e01a2e404c697962623,dfine_native,116900.0,unknown_object,0.5196,7.01,254.14,45.71,304.65,1954.9,38.7,50.51,0.766,False,,True,S-61,28,evt_S-61_desk_work_surface_0005,a3458d5ce9213834,pose_hand_context,,46742.4,2.96,,1,cam12/e1/v1,rtmpose_baseline
full,03.CCTV Mobile Usage.mkv,632de9ed55947761d56d4c6142a3cb1a1fe69d0b1a6d0e01a2e404c697962623,dfine_native,116900.0,stationery,0.4357,50.46,325.95,108.41,356.5,1770.0,57.95,30.54,1.897,False,,True,S-61,28,evt_S-61_desk_work_surface_0005,a3458d5ce9213834,pose_hand_context,,46742.4,2.96,,1,cam12/e1/v1,rtmpose_baseline
full,03.CCTV Mobile Usage.mkv,632de9ed55947761d56d4c6142a3cb1a1fe69d0b1a6d0e01a2e404c697962623,dfine_native,116900.0,bag,0.418,73.88,375.27,176.26,463.91,9074.9,102.38,88.64,1.155,False,,True,S-61,28,evt_S-61_desk_work_surface_0005,a3458d5ce9213834,pose_hand_context,,46742.4,2.96,,1,cam12/e1/v1,rtmpose_baseline
full,03.CCTV Mobile Usage.mkv,632de9ed55947761d56d4c6142a3cb1a1fe69d0b1a6d0e01a2e404c697962623,dfine_native,116900.0,monitor_or_bezel,0.2805,15.33,250.68,108.6,356.51,9871.8,93.28,105.83,0.881,False,,True,S-61,28,evt_S-61_desk_work_surface_0005,a3458d5ce9213834,pose_hand_context,,46742.4,2.96,,1,cam12/e1/v1,rtmpose_baseline
full,03.CCTV Mobile Usage.mkv,632de9ed55947761d56d4c6142a3cb1a1fe69d0b1a6d0e01a2e404c697962623,dfine_native,116900.0,bag,0.3038,15.69,297.44,108.12,356.55,5463.0,92.43,59.11,1.564,False,,True,S-61,28,evt_S-61_desk_work_surface_0005,a3458d5ce9213834,pose_hand_context,,46742.4,2.96,,1,cam12/e1/v1,rtmpose_baseline
full,03.CCTV Mobile Usage.mkv,632de9ed55947761d56d4c6142a3cb1a1fe69d0b1a6d0e01a2e404c697962623,dfine_native,116900.0,mouse,0.3262,40.3,443.72,71.97,465.98,705.3,31.67,22.27,1.422,False,,True,S-61,28,evt_S-61_desk_work_surface_0005,a3458d5ce9213834,pose_hand_context,,46742.4,2.96,,1,cam12/e1/v1,rtmpose_baseline
full,03.CCTV Mobile Usage.mkv,632de9ed55947761d56d4c6142a3cb1a1fe69d0b1a6d0e01a2e404c697962623,dfine_native,116900.0,stationery,0.3014,53.46,357.0,97.52,400.52,1917.5,44.06,43.52,1.012,False,,True,S-61,28,evt_S-61_desk_work_surface_0005,a3458d5ce9213834,pose_hand_context,,46742.4,2.96,,1,cam12/e1/v1,rtmpose_baseline
full,03.CCTV Mobile Usage.mkv,632de9ed55947761d56d4c6142a3cb1a1fe69d0b1a6d0e01a2e404c697962623,dfine_native,116900.0,unknown_object,0.3483,7.09,283.14,176.86,464.68,30818.3,169.77,181.53,0.935,False,,True,S-61,28,evt_S-61_desk_work_surface_0005,a3458d5ce9213834,pose_hand_context,,46742.4,2.96,,1,cam12/e1/v1,rtmpose_baseline
full,03.CCTV Mobile Usage.mkv,632de9ed55947761d56d4c6142a3cb1a1fe69d0b1a6d0e01a2e404c697962623,dfine_native,116900.0,unknown_object,0.2721,7.06,254.51,174.74,464.59,35227.1,167.68,210.08,0.798,False,,True,S-61,28,evt_S-61_desk_work_surface_0005,a3458d5ce9213834,pose_hand_context,,46742.4,2.96,,1,cam12/e1/v1,rtmpose_baseline
full,03.CCTV Mobile Usage.mkv,632de9ed55947761d56d4c6142a3cb1a1fe69d0b1a6d0e01a2e404c697962623,dfine_native,116900.0,unknown_object,0.3236,6.95,284.97,114.41,465.43,19392.3,107.46,180.46,0.595,False,,True,S-61,28,evt_S-61_desk_work_surface_0005,a3458d5ce9213834,pose_hand_context,,46742.4,2.96,,1,cam12/e1/v1,rtmpose_baseline
full,03.CCTV Mobile Usage.mkv,632de9ed55947761d56d4c6142a3cb1a1fe69d0b1a6d0e01a2e404c697962623,dfine_native,117400.0,bag,0.3872,15.66,297.31,109.07,361.55,6000.3,93.41,64.24,1.454,False,,True,S-61,28,evt_S-61_desk_work_surface_0005,5b19f087d5f5b4ec,pose_hand_context,,45701.9,2.99,,1,cam12/e1/v1,rtmpose_baseline
full,03.CCTV Mobile Usage.mkv,632de9ed55947761d56d4c6142a3cb1a1fe69d0b1a6d0e01a2e404c697962623,dfine_native,117400.0,bag,0.3906,77.79,378.92,173.33,464.69,8194.3,95.53,85.77,1.114,False,,True,S-61,28,evt_S-61_desk_work_surface_0005,5b19f087d5f5b4ec,pose_hand_context,,45701.9,2.99,,1,cam12/e1/v1,rtmpose_baseline
full,03.CCTV Mobile Usage.mkv,632de9ed55947761d56d4c6142a3cb1a1fe69d0b1a6d0e01a2e404c697962623,dfine_native,117400.0,mouse,0.4866,41.72,443.63,71.8,472.1,856.2,30.08,28.46,1.057,False,,True,S-61,28,evt_S-61_desk_work_surface_0005,5b19f087d5f5b4ec,pose_hand_context,,45701.9,2.99,,1,cam12/e1/v1,rtmpose_baseline
full,03.CCTV Mobile Usage.mkv,632de9ed55947761d56d4c6142a3cb1a1fe69d0b1a6d0e01a2e404c697962623,dfine_native,117400.0,secondary_paper_chit,0.3268,41.59,358.87,100.67,410.33,3040.6,59.08,51.47,1.148,False,,True,S-61,28,evt_S-61_desk_work_surface_0005,5b19f087d5f5b4ec,pose_hand_context,,45701.9,2.99,,1,cam12/e1/v1,rtmpose_baseline
full,03.CCTV Mobile Usage.mkv,632de9ed55947761d56d4c6142a3cb1a1fe69d0b1a6d0e01a2e404c697962623,dfine_native,117400.0,unknown_object,0.2555,11.05,262.39,178.44,473.55,35344.3,167.38,211.16,0.793,False,,True,S-61,28,evt_S-61_desk_work_surface_0005,5b19f087d5f5b4ec,pose_hand_context,,45701.9,2.99,,1,cam12/e1/v1,rtmpose_baseline
full,03.CCTV Mobile Usage.mkv,632de9ed55947761d56d4c6142a3cb1a1fe69d0b1a6d0e01a2e404c697962623,dfine_native,117400.0,bag,0.2621,178.92,379.91,225.02,474.12,4343.0,46.1,94.21,0.489,False,,True,S-61,28,evt_S-61_desk_work_surface_0005,5b19f087d5f5b4ec,pose_hand_context,,45701.9,2.99,,1,cam12/e1/v1,rtmpose_baseline
full,03.CCTV Mobile Usage.mkv,632de9ed55947761d56d4c6142a3cb1a1fe69d0b1a6d0e01a2e404c697962623,dfine_native,117400.0,unknown_object,0.2662,11.19,261.67,222.86,473.74,44887.8,211.67,212.06,0.998,False,,True,S-61,28,evt_S-61_desk_work_surface_0005,5b19f087d5f5b4ec,pose_hand_context,,45701.9,2.99,,1,cam12/e1/v1,rtmpose_baseline
full,03.CCTV Mobile Usage.mkv,632de9ed55947761d56d4c6142a3cb1a1fe69d0b1a6d0e01a2e404c697962623,dfine_native,117400.0,unknown_object,0.2794,10.93,261.66,120.31,474.15,23240.9,109.38,212.48,0.515,False,,True,S-61,28,evt_S-61_desk_work_surface_0005,5b19f087d5f5b4ec,pose_hand_context,,45701.9,2.99,,1,cam12/e1/v1,rtmpose_baseline
full,03.CCTV Mobile Usage.mkv,632de9ed55947761d56d4c6142a3cb1a1fe69d0b1a6d0e01a2e404c697962623,dfine_native,117400.0,unknown_object,0.2862,11.02,291.93,120.45,473.31,19849.0,109.43,181.38,0.603,False,,True,S-61,28,evt_S-61_desk_work_surface_0005,5b19f087d5f5b4ec,pose_hand_context,,45701.9,2.99,,1,cam12/e1/v1,rtmpose_baseline
full,03.CCTV Mobile Usage.mkv,632de9ed55947761d56d4c6142a3cb1a1fe69d0b1a6d0e01a2e404c697962623,dfine_native,117900.0,unknown_object,0.4789,116.05,497.54,296.36,689.76,34657.8,180.3,192.22,0.938,False,,True,S-61,28,evt_S-61_desk_work_surface_0005,89ee27bf194e6394,pose_hand_context,,38064.0,3.28,,1,cam12/e1/v1,rtmpose_baseline
full,03.CCTV Mobile Usage.mkv,632de9ed55947761d56d4c6142a3cb1a1fe69d0b1a6d0e01a2e404c697962623,dfine_native,117900.0,mouse,0.5197,116.15,648.87,156.39,687.46,1553.0,40.24,38.59,1.043,False,,True,S-61,28,evt_S-61_desk_work_surface_0005,89ee27bf194e6394,pose_hand_context,,38064.0,3.28,,1,cam12/e1/v1,rtmpose_baseline
full,03.CCTV Mobile Usage.mkv,632de9ed55947761d56d4c6142a3cb1a1fe69d0b1a6d0e01a2e404c697962623,dfine_native,117900.0,unknown_object,0.2891,116.01,496.38,310.37,690.13,37658.4,194.36,193.76,1.003,False,,True,S-61,28,evt_S-61_desk_work_surface_0005,89ee27bf194e6394,pose_hand_context,,38064.0,3.28,,1,cam12/e1/v1,rtmpose_baseline
full,03.CCTV Mobile Usage.mkv,632de9ed55947761d56d4c6142a3cb1a1fe69d0b1a6d0e01a2e404c697962623,dfine_native,117900.0,stationery,0.3909,124.21,669.87,187.26,690.95,1329.2,63.05,21.08,2.991,False,,True,S-61,28,evt_S-61_desk_work_surface_0005,89ee27bf194e6394,pose_hand_context,,38064.0,3.28,,1,cam12/e1/v1,rtmpose_baseline
full,03.CCTV Mobile Usage.mkv,632de9ed55947761d56d4c6142a3cb1a1fe69d0b1a6d0e01a2e404c697962623,dfine_native,117900.0,stationery,0.3383,116.07,649.02,187.01,691.04,2980.5,70.93,42.02,1.688,False,,True,S-61,28,evt_S-61_desk_work_surface_0005,89ee27bf194e6394,pose_hand_context,,38064.0,3.28,,1,cam12/e1/v1,rtmpose_baseline
full,03.CCTV Mobile Usage.mkv,632de9ed55947761d56d4c6142a3cb1a1fe69d0b1a6d0e01a2e404c697962623,dfine_native,118400.0,unknown_object,0.497,122.03,500.8,292.63,684.99,31421.9,170.59,184.19,0.926,False,,True,S-61,28,evt_S-61_desk_work_surface_0005,0e2cca9be83bdbee,pose_hand_context,,34856.9,3.43,,1,cam12/e1/v1,rtmpose_baseline
full,03.CCTV Mobile Usage.mkv,632de9ed55947761d56d4c6142a3cb1a1fe69d0b1a6d0e01a2e404c697962623,dfine_native,118400.0,unknown_object,0.2567,122.06,499.31,308.52,685.29,34677.9,186.46,185.98,1.003,False,,True,S-61,28,evt_S-61_desk_work_surface_0005,0e2cca9be83bdbee,pose_hand_context,,34856.9,3.43,,1,cam12/e1/v1,rtmpose_baseline
full,03.CCTV Mobile Usage.mkv,632de9ed55947761d56d4c6142a3cb1a1fe69d0b1a6d0e01a2e404c697962623,dfine_native,118400.0,mouse,0.4105,122.01,649.1,156.58,685.98,1274.6,34.56,36.88,0.937,False,,True,S-61,28,evt_S-61_desk_work_surface_0005,0e2cca9be83bdbee,pose_hand_context,,34856.9,3.43,,1,cam12/e1/v1,rtmpose_baseline
full,03.CCTV Mobile Usage.mkv,632de9ed55947761d56d4c6142a3cb1a1fe69d0b1a6d0e01a2e404c697962623,dfine_native,118400.0,unknown_object,0.2731,122.13,507.53,289.52,684.63,29645.6,167.4,177.1,0.945,False,,True,S-61,28,evt_S-61_desk_work_surface_0005,0e2cca9be83bdbee,pose_hand_context,,34856.9,3.43,,1,cam12/e1/v1,rtmpose_baseline
full,03.CCTV Mobile Usage.mkv,632de9ed55947761d56d4c6142a3cb1a1fe69d0b1a6d0e01a2e404c697962623,dfine_native,118400.0,keyboard,0.9098,962.24,451.86,1067.96,491.41,4181.2,105.71,39.55,2.673,False,,True,R-desk,30,evt_S-61_desk_work_surface_0005,b6152297afb037d0,lap_bag_context,no_pose_observation,34560.0,1.33,,1,cam12/e1/v1,
full,03.CCTV Mobile Usage.mkv,632de9ed55947761d56d4c6142a3cb1a1fe69d0b1a6d0e01a2e404c697962623,dfine_native,118400.0,unknown_object,0.6314,699.94,396.08,845.45,491.85,13936.7,145.51,95.78,1.519,False,,True,R-desk,30,evt_S-61_desk_work_surface_0005,b6152297afb037d0,lap_bag_context,no_pose_observation,34560.0,1.33,,1,cam12/e1/v1,
full,03.CCTV Mobile Usage.mkv,632de9ed55947761d56d4c6142a3cb1a1fe69d0b1a6d0e01a2e404c697962623,dfine_native,118400.0,monitor_or_bezel,0.6392,1018.95,395.86,1145.91,448.81,6722.5,126.97,52.95,2.398,False,,True,R-desk,30,evt_S-61_desk_work_surface_0005,b6152297afb037d0,lap_bag_context,no_pose_observation,34560.0,1.33,,1,cam12/e1/v1,
full,03.CCTV Mobile Usage.mkv,632de9ed55947761d56d4c6142a3cb1a1fe69d0b1a6d0e01a2e404c697962623,dfine_native,118400.0,keyboard,0.5291,802.82,396.3,870.06,420.59,1633.5,67.24,24.29,2.768,False,,True,R-desk,30,evt_S-61_desk_work_surface_0005,b6152297afb037d0,lap_bag_context,no_pose_observation,34560.0,1.33,,1,cam12/e1/v1,
full,03.CCTV Mobile Usage.mkv,632de9ed55947761d56d4c6142a3cb1a1fe69d0b1a6d0e01a2e404c697962623,dfine_native,118400.0,monitor_or_bezel,0.4201,1014.16,395.79,1147.36,487.89,12268.3,133.2,92.11,1.446,False,,True,R-desk,30,evt_S-61_desk_work_surface_0005,b6152297afb037d0,lap_bag_context,no_pose_observation,34560.0,1.33,,1,cam12/e1/v1,
full,03.CCTV Mobile Usage.mkv,632de9ed55947761d56d4c6142a3cb1a1fe69d0b1a6d0e01a2e404c697962623,dfine_native,118400.0,unknown_object,0.4728,700.04,396.15,758.39,491.51,5564.8,58.35,95.37,0.612,False,,True,R-desk,30,evt_S-61_desk_work_surface_0005,b6152297afb037d0,lap_bag_context,no_pose_observation,34560.0,1.33,,1,cam12/e1/v1,
full,03.CCTV Mobile Usage.mkv,632de9ed55947761d56d4c6142a3cb1a1fe69d0b1a6d0e01a2e404c697962623,dfine_native,118400.0,mouse,0.5516,864.83,413.71,891.94,435.03,578.0,27.11,21.32,1.272,False,,True,R-desk,30,evt_S-61_desk_work_surface_0005,b6152297afb037d0,lap_bag_context,no_pose_observation,34560.0,1.33,,1,cam12/e1/v1,
full,03.CCTV Mobile Usage.mkv,632de9ed55947761d56d4c6142a3cb1a1fe69d0b1a6d0e01a2e404c697962623,dfine_native,118400.0,monitor_or_bezel,0.2595,881.01,396.14,948.93,452.57,3832.2,67.92,56.42,1.204,False,,True,R-desk,30,evt_S-61_desk_work_surface_0005,b6152297afb037d0,lap_bag_context,no_pose_observation,34560.0,1.33,,1,cam12/e1/v1,
full,03.CCTV Mobile Usage.mkv,632de9ed55947761d56d4c6142a3cb1a1fe69d0b1a6d0e01a2e404c697962623,dfine_native,118400.0,mouse,0.3228,967.14,398.34,991.95,410.63,304.9,24.81,12.29,2.018,False,,True,R-desk,30,evt_S-61_desk_work_surface_0005,b6152297afb037d0,lap_bag_context,no_pose_observation,34560.0,1.33,,1,cam12/e1/v1,
full,03.CCTV Mobile Usage.mkv,632de9ed55947761d56d4c6142a3cb1a1fe69d0b1a6d0e01a2e404c697962623,dfine_native,118400.0,monitor_or_bezel,0.2746,738.61,395.42,1147.06,491.17,39109.0,408.45,95.75,4.266,False,,True,R-desk,30,evt_S-61_desk_work_surface_0005,b6152297afb037d0,lap_bag_context,no_pose_observation,34560.0,1.33,,1,cam12/e1/v1,
full,03.CCTV Mobile Usage.mkv,632de9ed55947761d56d4c6142a3cb1a1fe69d0b1a6d0e01a2e404c697962623,dfine_native,118400.0,keyboard,0.9098,962.24,451.86,1067.96,491.41,4181.2,105.71,39.55,2.673,False,,True,R-desk,29,evt_S-61_desk_work_surface_0005,b6152297afb037d0,lap_bag_context,no_pose_observation,34560.0,1.33,,1,cam12/e1/v1,
full,03.CCTV Mobile Usage.mkv,632de9ed55947761d56d4c6142a3cb1a1fe69d0b1a6d0e01a2e404c697962623,dfine_native,118400.0,unknown_object,0.6314,699.94,396.08,845.45,491.85,13936.7,145.51,95.78,1.519,False,,True,R-desk,29,evt_S-61_desk_work_surface_0005,b6152297afb037d0,lap_bag_context,no_pose_observation,34560.0,1.33,,1,cam12/e1/v1,
full,03.CCTV Mobile Usage.mkv,632de9ed55947761d56d4c6142a3cb1a1fe69d0b1a6d0e01a2e404c697962623,dfine_native,118400.0,monitor_or_bezel,0.6392,1018.95,395.86,1145.91,448.81,6722.5,126.97,52.95,2.398,False,,True,R-desk,29,evt_S-61_desk_work_surface_0005,b6152297afb037d0,lap_bag_context,no_pose_observation,34560.0,1.33,,1,cam12/e1/v1,
full,03.CCTV Mobile Usage.mkv,632de9ed55947761d56d4c6142a3cb1a1fe69d0b1a6d0e01a2e404c697962623,dfine_native,118400.0,keyboard,0.5291,802.82,396.3,870.06,420.59,1633.5,67.24,24.29,2.768,False,,True,R-desk,29,evt_S-61_desk_work_surface_0005,b6152297afb037d0,lap_bag_context,no_pose_observation,34560.0,1.33,,1,cam12/e1/v1,
full,03.CCTV Mobile Usage.mkv,632de9ed55947761d56d4c6142a3cb1a1fe69d0b1a6d0e01a2e404c697962623,dfine_native,118400.0,monitor_or_bezel,0.4201,1014.16,395.79,1147.36,487.89,12268.3,133.2,92.11,1.446,False,,True,R-desk,29,evt_S-61_desk_work_surface_0005,b6152297afb037d0,lap_bag_context,no_pose_observation,34560.0,1.33,,1,cam12/e1/v1,
full,03.CCTV Mobile Usage.mkv,632de9ed55947761d56d4c6142a3cb1a1fe69d0b1a6d0e01a2e404c697962623,dfine_native,118400.0,unknown_object,0.4728,700.04,396.15,758.39,491.51,5564.8,58.35,95.37,0.612,False,,True,R-desk,29,evt_S-61_desk_work_surface_0005,b6152297afb037d0,lap_bag_context,no_pose_observation,34560.0,1.33,,1,cam12/e1/v1,
full,03.CCTV Mobile Usage.mkv,632de9ed55947761d56d4c6142a3cb1a1fe69d0b1a6d0e01a2e404c697962623,dfine_native,118400.0,mouse,0.5516,864.83,413.71,891.94,435.03,578.0,27.11,21.32,1.272,False,,True,R-desk,29,evt_S-61_desk_work_surface_0005,b6152297afb037d0,lap_bag_context,no_pose_observation,34560.0,1.33,,1,cam12/e1/v1,
full,03.CCTV Mobile Usage.mkv,632de9ed55947761d56d4c6142a3cb1a1fe69d0b1a6d0e01a2e404c697962623,dfine_native,118400.0,monitor_or_bezel,0.2595,881.01,396.14,948.93,452.57,3832.2,67.92,56.42,1.204,False,,True,R-desk,29,evt_S-61_desk_work_surface_0005,b6152297afb037d0,lap_bag_context,no_pose_observation,34560.0,1.33,,1,cam12/e1/v1,
full,03.CCTV Mobile Usage.mkv,632de9ed55947761d56d4c6142a3cb1a1fe69d0b1a6d0e01a2e404c697962623,dfine_native,118400.0,mouse,0.3228,967.14,398.34,991.95,410.63,304.9,24.81,12.29,2.018,False,,True,R-desk,29,evt_S-61_desk_work_surface_0005,b6152297afb037d0,lap_bag_context,no_pose_observation,34560.0,1.33,,1,cam12/e1/v1,
full,03.CCTV Mobile Usage.mkv,632de9ed55947761d56d4c6142a3cb1a1fe69d0b1a6d0e01a2e404c697962623,dfine_native,118400.0,monitor_or_bezel,0.2746,738.61,395.42,1147.06,491.17,39109.0,408.45,95.75,4.266,False,,True,R-desk,29,evt_S-61_desk_work_surface_0005,b6152297afb037d0,lap_bag_context,no_pose_observation,34560.0,1.33,,1,cam12/e1/v1,
full,03.CCTV Mobile Usage.mkv,632de9ed55947761d56d4c6142a3cb1a1fe69d0b1a6d0e01a2e404c697962623,dfine_native,118900.0,unknown_object,0.3031,152.11,529.45,287.57,678.58,20201.0,135.46,149.12,0.908,False,,True,S-61,28,evt_S-61_desk_work_surface_0005,2697210375e77d5c,pose_hand_context,,48514.5,2.91,,1,cam12/e1/v1,rtmpose_baseline
full,03.CCTV Mobile Usage.mkv,632de9ed55947761d56d4c6142a3cb1a1fe69d0b1a6d0e01a2e404c697962623,dfine_native,118900.0,unknown_object,0.2516,152.09,461.47,291.44,678.54,30251.4,139.36,217.08,0.642,False,,True,S-61,28,evt_S-61_desk_work_surface_0005,2697210375e77d5c,pose_hand_context,,48514.5,2.91,,1,cam12/e1/v1,rtmpose_baseline
full,03.CCTV Mobile Usage.mkv,632de9ed55947761d56d4c6142a3cb1a1fe69d0b1a6d0e01a2e404c697962623,dfine_native,119400.0,secondary_paper_chit,0.3128,137.96,432.27,194.34,504.46,4070.7,56.38,72.19,0.781,False,,True,S-61,28,evt_S-61_desk_work_surface_0005,4d132ff54f302431,pose_hand_context,,51211.7,2.83,,1,cam12/e1/v1,rtmpose_baseline
full,03.CCTV Mobile Usage.mkv,632de9ed55947761d56d4c6142a3cb1a1fe69d0b1a6d0e01a2e404c697962623,dfine_native,119400.0,unknown_object,0.3233,138.03,519.69,269.49,657.82,18157.7,131.46,138.13,0.952,False,,True,S-61,28,evt_S-61_desk_work_surface_0005,4d132ff54f302431,pose_hand_context,,51211.7,2.83,,1,cam12/e1/v1,rtmpose_baseline
full,03.CCTV Mobile Usage.mkv,632de9ed55947761d56d4c6142a3cb1a1fe69d0b1a6d0e01a2e404c697962623,dfine_native,119400.0,unknown_object,0.3123,138.11,432.25,276.08,657.55,31082.7,137.96,225.3,0.612,False,,True,S-61,28,evt_S-61_desk_work_surface_0005,4d132ff54f302431,pose_hand_context,,51211.7,2.83,,1,cam12/e1/v1,rtmpose_baseline
full,03.CCTV Mobile Usage.mkv,632de9ed55947761d56d4c6142a3cb1a1fe69d0b1a6d0e01a2e404c697962623,dfine_native,119900.0,secondary_paper_chit,0.3414,114.02,476.12,191.3,531.33,4267.4,77.28,55.22,1.4,False,,True,S-61,28,evt_S-61_desk_work_surface_0005,0c194ca6c838fcb4,pose_hand_context,,52413.5,2.8,,1,cam12/e1/v1,rtmpose_baseline
full,03.CCTV Mobile Usage.mkv,632de9ed55947761d56d4c6142a3cb1a1fe69d0b1a6d0e01a2e404c697962623,dfine_native,119900.0,phone,0.3873,180.77,464.37,209.01,488.37,677.6,28.23,24.0,1.177,False,,True,S-61,28,evt_S-61_desk_work_surface_0005,0c194ca6c838fcb4,pose_hand_context,,52413.5,2.8,,1,cam12/e1/v1,rtmpose_baseline
full,03.CCTV Mobile Usage.mkv,632de9ed55947761d56d4c6142a3cb1a1fe69d0b1a6d0e01a2e404c697962623,dfine_native,119900.0,phone,0.3307,167.69,443.39,208.91,488.08,1842.1,41.22,44.69,0.922,False,,True,S-61,28,evt_S-61_desk_work_surface_0005,0c194ca6c838fcb4,pose_hand_context,,52413.5,2.8,,1,cam12/e1/v1,rtmpose_baseline
full,03.CCTV Mobile Usage.mkv,632de9ed55947761d56d4c6142a3cb1a1fe69d0b1a6d0e01a2e404c697962623,dfine_native,119900.0,phone,0.4372,41.36,443.21,72.23,473.24,926.9,30.86,30.03,1.028,False,,True,S-61,28,evt_S-61_desk_work_surface_0005,0c194ca6c838fcb4,pose_hand_context,,52413.5,2.8,,1,cam12/e1/v1,rtmpose_baseline
full,03.CCTV Mobile Usage.mkv,632de9ed55947761d56d4c6142a3cb1a1fe69d0b1a6d0e01a2e404c697962623,dfine_native,119900.0,secondary_paper_chit,0.3677,111.4,437.05,180.12,485.11,3302.3,68.71,48.06,1.43,False,,True,S-61,28,evt_S-61_desk_work_surface_0005,0c194ca6c838fcb4,pose_hand_context,,52413.5,2.8,,1,cam12/e1/v1,rtmpose_baseline
full,03.CCTV Mobile Usage.mkv,632de9ed55947761d56d4c6142a3cb1a1fe69d0b1a6d0e01a2e404c697962623,dfine_native,119900.0,secondary_paper_chit,0.2525,60.74,463.22,116.27,504.97,2318.3,55.53,41.75,1.33,False,,True,S-61,28,evt_S-61_desk_work_surface_0005,0c194ca6c838fcb4,pose_hand_context,,52413.5,2.8,,1,cam12/e1/v1,rtmpose_baseline
full,03.CCTV Mobile Usage.mkv,632de9ed55947761d56d4c6142a3cb1a1fe69d0b1a6d0e01a2e404c697962623,dfine_native,119900.0,secondary_paper_chit,0.2532,60.24,437.18,201.04,536.64,14004.3,140.8,99.46,1.416,False,,True,S-61,28,evt_S-61_desk_work_surface_0005,0c194ca6c838fcb4,pose_hand_context,,52413.5,2.8,,1,cam12/e1/v1,rtmpose_baseline
full,03.CCTV Mobile Usage.mkv,632de9ed55947761d56d4c6142a3cb1a1fe69d0b1a6d0e01a2e404c697962623,dfine_native,119900.0,secondary_paper_chit,0.2854,60.35,450.11,141.26,506.15,4533.6,80.91,56.03,1.444,False,,True,S-61,28,evt_S-61_desk_work_surface_0005,0c194ca6c838fcb4,pose_hand_context,,52413.5,2.8,,1,cam12/e1/v1,rtmpose_baseline
full,03.CCTV Mobile Usage.mkv,632de9ed55947761d56d4c6142a3cb1a1fe69d0b1a6d0e01a2e404c697962623,dfine_native,119900.0,secondary_paper_chit,0.2986,61.64,437.55,180.62,506.16,8163.2,118.98,68.61,1.734,False,,True,S-61,28,evt_S-61_desk_work_surface_0005,0c194ca6c838fcb4,pose_hand_context,,52413.5,2.8,,1,cam12/e1/v1,rtmpose_baseline
full,03.CCTV Mobile Usage.mkv,632de9ed55947761d56d4c6142a3cb1a1fe69d0b1a6d0e01a2e404c697962623,dfine_native,119900.0,secondary_paper_chit,0.2701,116.17,477.06,183.76,520.91,2963.5,67.59,43.85,1.541,False,,True,S-61,28,evt_S-61_desk_work_surface_0005,0c194ca6c838fcb4,pose_hand_context,,52413.5,2.8,,1,cam12/e1/v1,rtmpose_baseline
full,03.CCTV Mobile Usage.mkv,632de9ed55947761d56d4c6142a3cb1a1fe69d0b1a6d0e01a2e404c697962623,dfine_native,119900.0,mouse,0.2703,47.69,519.14,79.85,540.96,701.8,32.16,21.82,1.474,False,,True,S-61,28,evt_S-61_desk_work_surface_0005,0c194ca6c838fcb4,pose_hand_context,,52413.5,2.8,,1,cam12/e1/v1,rtmpose_baseline
full,03.CCTV Mobile Usage.mkv,632de9ed55947761d56d4c6142a3cb1a1fe69d0b1a6d0e01a2e404c697962623,dfine_native,119900.0,secondary_paper_chit,0.2641,113.75,477.28,199.16,540.57,5405.1,85.4,63.29,1.349,False,,True,S-61,28,evt_S-61_desk_work_surface_0005,0c194ca6c838fcb4,pose_hand_context,,52413.5,2.8,,1,cam12/e1/v1,rtmpose_baseline
full,03.CCTV Mobile Usage.mkv,632de9ed55947761d56d4c6142a3cb1a1fe69d0b1a6d0e01a2e404c697962623,dfine_native,120400.0,keyboard,0.903,961.98,451.91,1067.64,491.44,4177.3,105.66,39.53,2.673,False,,True,R-desk,31,evt_S-61_desk_work_surface_0005,5530a72bee620717,lap_bag_context,no_pose_observation,34560.0,1.33,,1,cam12/e1/v1,
full,03.CCTV Mobile Usage.mkv,632de9ed55947761d56d4c6142a3cb1a1fe69d0b1a6d0e01a2e404c697962623,dfine_native,120400.0,unknown_object,0.4982,700.08,396.17,857.98,491.74,15090.7,157.9,95.57,1.652,False,,True,R-desk,31,evt_S-61_desk_work_surface_0005,5530a72bee620717,lap_bag_context,no_pose_observation,34560.0,1.33,,1,cam12/e1/v1,
full,03.CCTV Mobile Usage.mkv,632de9ed55947761d56d4c6142a3cb1a1fe69d0b1a6d0e01a2e404c697962623,dfine_native,120400.0,monitor_or_bezel,0.5206,1018.61,395.9,1145.36,448.09,6616.0,126.76,52.19,2.429,False,,True,R-desk,31,evt_S-61_desk_work_surface_0005,5530a72bee620717,lap_bag_context,no_pose_observation,34560.0,1.33,,1,cam12/e1/v1,
full,03.CCTV Mobile Usage.mkv,632de9ed55947761d56d4c6142a3cb1a1fe69d0b1a6d0e01a2e404c697962623,dfine_native,120400.0,keyboard,0.5771,802.16,396.22,871.48,420.71,1697.6,69.32,24.49,2.83,False,,True,R-desk,31,evt_S-61_desk_work_surface_0005,5530a72bee620717,lap_bag_context,no_pose_observation,34560.0,1.33,,1,cam12/e1/v1,
full,03.CCTV Mobile Usage.mkv,632de9ed55947761d56d4c6142a3cb1a1fe69d0b1a6d0e01a2e404c697962623,dfine_native,120400.0,unknown_object,0.4385,700.05,396.15,761.49,491.23,5841.7,61.44,95.08,0.646,False,,True,R-desk,31,evt_S-61_desk_work_surface_0005,5530a72bee620717,lap_bag_context,no_pose_observation,34560.0,1.33,,1,cam12/e1/v1,
full,03.CCTV Mobile Usage.mkv,632de9ed55947761d56d4c6142a3cb1a1fe69d0b1a6d0e01a2e404c697962623,dfine_native,120400.0,phone,0.2951,1042.65,421.83,1112.84,474.22,3677.5,70.18,52.4,1.339,False,,True,R-desk,31,evt_S-61_desk_work_surface_0005,5530a72bee620717,lap_bag_context,no_pose_observation,34560.0,1.33,,1,cam12/e1/v1,
full,03.CCTV Mobile Usage.mkv,632de9ed55947761d56d4c6142a3cb1a1fe69d0b1a6d0e01a2e404c697962623,dfine_native,120400.0,monitor_or_bezel,0.3103,1012.01,395.85,1147.13,488.61,12533.3,135.12,92.76,1.457,False,,True,R-desk,31,evt_S-61_desk_work_surface_0005,5530a72bee620717,lap_bag_context,no_pose_observation,34560.0,1.33,,1,cam12/e1/v1,
full,03.CCTV Mobile Usage.mkv,632de9ed55947761d56d4c6142a3cb1a1fe69d0b1a6d0e01a2e404c697962623,dfine_native,120400.0,mouse,0.5304,864.73,413.75,892.19,435.08,585.6,27.46,21.32,1.288,False,,True,R-desk,31,evt_S-61_desk_work_surface_0005,5530a72bee620717,lap_bag_context,no_pose_observation,34560.0,1.33,,1,cam12/e1/v1,
full,03.CCTV Mobile Usage.mkv,632de9ed55947761d56d4c6142a3cb1a1fe69d0b1a6d0e01a2e404c697962623,dfine_native,120400.0,unknown_object,0.2844,699.99,396.03,781.1,491.79,7767.0,81.11,95.76,0.847,False,,True,R-desk,31,evt_S-61_desk_work_surface_0005,5530a72bee620717,lap_bag_context,no_pose_observation,34560.0,1.33,,1,cam12/e1/v1,
full,03.CCTV Mobile Usage.mkv,632de9ed55947761d56d4c6142a3cb1a1fe69d0b1a6d0e01a2e404c697962623,dfine_native,120400.0,mouse,0.3027,967.01,398.39,991.96,410.51,302.4,24.94,12.12,2.058,False,,True,R-desk,31,evt_S-61_desk_work_surface_0005,5530a72bee620717,lap_bag_context,no_pose_observation,34560.0,1.33,,1,cam12/e1/v1,
full,03.CCTV Mobile Usage.mkv,632de9ed55947761d56d4c6142a3cb1a1fe69d0b1a6d0e01a2e404c697962623,dfine_native,120400.0,monitor_or_bezel,0.2803,741.31,395.45,1146.37,491.17,38771.8,405.06,95.72,4.232,False,,True,R-desk,31,evt_S-61_desk_work_surface_0005,5530a72bee620717,lap_bag_context,no_pose_observation,34560.0,1.33,,1,cam12/e1/v1,
full,03.CCTV Mobile Usage.mkv,632de9ed55947761d56d4c6142a3cb1a1fe69d0b1a6d0e01a2e404c697962623,dfine_native,120400.0,phone,0.614,177.12,441.8,204.92,462.36,571.5,27.79,20.56,1.352,False,,True,S-61,28,evt_S-61_desk_work_surface_0005,d9fcd0821a08f540,pose_hand_context,,57159.2,2.68,,1,cam12/e1/v1,rtmpose_baseline
full,03.CCTV Mobile Usage.mkv,632de9ed55947761d56d4c6142a3cb1a1fe69d0b1a6d0e01a2e404c697962623,dfine_native,120400.0,phone,0.4683,42.06,444.1,71.72,473.1,860.0,29.65,29.0,1.022,False,,True,S-61,28,evt_S-61_desk_work_surface_0005,d9fcd0821a08f540,pose_hand_context,,57159.2,2.68,,1,cam12/e1/v1,rtmpose_baseline
full,03.CCTV Mobile Usage.mkv,632de9ed55947761d56d4c6142a3cb1a1fe69d0b1a6d0e01a2e404c697962623,dfine_native,120400.0,secondary_paper_chit,0.3872,110.39,437.06,173.97,485.44,3076.1,63.58,48.38,1.314,False,,True,S-61,28,evt_S-61_desk_work_surface_0005,d9fcd0821a08f540,pose_hand_context,,57159.2,2.68,,1,cam12/e1/v1,rtmpose_baseline
full,03.CCTV Mobile Usage.mkv,632de9ed55947761d56d4c6142a3cb1a1fe69d0b1a6d0e01a2e404c697962623,dfine_native,120400.0,secondary_paper_chit,0.2899,116.52,474.09,180.98,522.2,3101.4,64.46,48.11,1.34,False,,True,S-61,28,evt_S-61_desk_work_surface_0005,d9fcd0821a08f540,pose_hand_context,,57159.2,2.68,,1,cam12/e1/v1,rtmpose_baseline
full,03.CCTV Mobile Usage.mkv,632de9ed55947761d56d4c6142a3cb1a1fe69d0b1a6d0e01a2e404c697962623,dfine_native,120400.0,secondary_paper_chit,0.3076,88.34,452.2,143.29,499.58,2603.7,54.95,47.38,1.16,False,,True,S-61,28,evt_S-61_desk_work_surface_0005,d9fcd0821a08f540,pose_hand_context,,57159.2,2.68,,1,cam12/e1/v1,rtmpose_baseline
full,03.CCTV Mobile Usage.mkv,632de9ed55947761d56d4c6142a3cb1a1fe69d0b1a6d0e01a2e404c697962623,dfine_native,120400.0,monitor_or_bezel,0.3534,18.15,493.19,170.79,542.6,7542.1,152.64,49.41,3.089,False,,True,S-61,28,evt_S-61_desk_work_surface_0005,d9fcd0821a08f540,pose_hand_context,,57159.2,2.68,,1,cam12/e1/v1,rtmpose_baseline
full,03.CCTV Mobile Usage.mkv,632de9ed55947761d56d4c6142a3cb1a1fe69d0b1a6d0e01a2e404c697962623,dfine_native,120400.0,secondary_paper_chit,0.2871,61.02,437.3,179.21,521.54,9956.3,118.19,84.24,1.403,False,,True,S-61,28,evt_S-61_desk_work_surface_0005,d9fcd0821a08f540,pose_hand_context,,57159.2,2.68,,1,cam12/e1/v1,rtmpose_baseline
full,03.CCTV Mobile Usage.mkv,632de9ed55947761d56d4c6142a3cb1a1fe69d0b1a6d0e01a2e404c697962623,dfine_native,120400.0,secondary_paper_chit,0.2507,60.54,452.47,141.81,504.66,4241.4,81.28,52.19,1.557,False,,True,S-61,28,evt_S-61_desk_work_surface_0005,d9fcd0821a08f540,pose_hand_context,,57159.2,2.68,,1,cam12/e1/v1,rtmpose_baseline
full,03.CCTV Mobile Usage.mkv,632de9ed55947761d56d4c6142a3cb1a1fe69d0b1a6d0e01a2e404c697962623,dfine_native,120400.0,secondary_paper_chit,0.3017,61.18,437.64,174.83,505.69,7733.7,113.65,68.05,1.67,False,,True,S-61,28,evt_S-61_desk_work_surface_0005,d9fcd0821a08f540,pose_hand_context,,57159.2,2.68,,1,cam12/e1/v1,rtmpose_baseline
full,03.CCTV Mobile Usage.mkv,632de9ed55947761d56d4c6142a3cb1a1fe69d0b1a6d0e01a2e404c697962623,dfine_native,120900.0,phone,0.4812,166.25,436.0,195.88,465.92,886.8,29.64,29.92,0.99,False,,True,S-61,28,evt_S-61_desk_work_surface_0005,11de1f78939503ad,pose_hand_context,,53683.3,2.71,,1,cam12/e1/v1,rtmpose_baseline
full,03.CCTV Mobile Usage.mkv,632de9ed55947761d56d4c6142a3cb1a1fe69d0b1a6d0e01a2e404c697962623,dfine_native,120900.0,secondary_paper_chit,0.4369,85.95,450.93,144.29,500.49,2890.8,58.33,49.56,1.177,False,,True,S-61,28,evt_S-61_desk_work_surface_0005,11de1f78939503ad,pose_hand_context,,53683.3,2.71,,1,cam12/e1/v1,rtmpose_baseline
full,03.CCTV Mobile Usage.mkv,632de9ed55947761d56d4c6142a3cb1a1fe69d0b1a6d0e01a2e404c697962623,dfine_native,120900.0,phone,0.5356,41.71,443.93,71.74,473.34,883.2,30.03,29.41,1.021,False,,True,S-61,28,evt_S-61_desk_work_surface_0005,11de1f78939503ad,pose_hand_context,,53683.3,2.71,,1,cam12/e1/v1,rtmpose_baseline
full,03.CCTV Mobile Usage.mkv,632de9ed55947761d56d4c6142a3cb1a1fe69d0b1a6d0e01a2e404c697962623,dfine_native,120900.0,secondary_paper_chit,0.4179,118.8,478.31,178.36,522.02,2603.7,59.56,43.72,1.362,False,,True,S-61,28,evt_S-61_desk_work_surface_0005,11de1f78939503ad,pose_hand_context,,53683.3,2.71,,1,cam12/e1/v1,rtmpose_baseline
full,03.CCTV Mobile Usage.mkv,632de9ed55947761d56d4c6142a3cb1a1fe69d0b1a6d0e01a2e404c697962623,dfine_native,120900.0,secondary_paper_chit,0.4025,62.5,450.68,144.11,504.66,4405.1,81.61,53.98,1.512,False,,True,S-61,28,evt_S-61_desk_work_surface_0005,11de1f78939503ad,pose_hand_context,,53683.3,2.71,,1,cam12/e1/v1,rtmpose_baseline
full,03.CCTV Mobile Usage.mkv,632de9ed55947761d56d4c6142a3cb1a1fe69d0b1a6d0e01a2e404c697962623,dfine_native,120900.0,secondary_paper_chit,0.3693,110.4,437.05,169.16,483.26,2715.4,58.76,46.21,1.272,False,,True,S-61,28,evt_S-61_desk_work_surface_0005,11de1f78939503ad,pose_hand_context,,53683.3,2.71,,1,cam12/e1/v1,rtmpose_baseline
full,03.CCTV Mobile Usage.mkv,632de9ed55947761d56d4c6142a3cb1a1fe69d0b1a6d0e01a2e404c697962623,dfine_native,120900.0,secondary_paper_chit,0.2675,132.68,491.01,177.11,521.23,1342.7,44.43,30.22,1.47,False,,True,S-61,28,evt_S-61_desk_work_surface_0005,11de1f78939503ad,pose_hand_context,,53683.3,2.71,,1,cam12/e1/v1,rtmpose_baseline
full,03.CCTV Mobile Usage.mkv,632de9ed55947761d56d4c6142a3cb1a1fe69d0b1a6d0e01a2e404c697962623,dfine_native,120900.0,phone,0.3533,165.64,437.35,185.8,464.33,543.9,20.16,26.98,0.747,False,,True,S-61,28,evt_S-61_desk_work_surface_0005,11de1f78939503ad,pose_hand_context,,53683.3,2.71,,1,cam12/e1/v1,rtmpose_baseline
full,03.CCTV Mobile Usage.mkv,632de9ed55947761d56d4c6142a3cb1a1fe69d0b1a6d0e01a2e404c697962623,dfine_native,120900.0,unknown_object,0.3367,-0.27,306.26,203.67,541.03,47878.4,203.94,234.76,0.869,False,,True,S-61,28,evt_S-61_desk_work_surface_0005,11de1f78939503ad,pose_hand_context,,53683.3,2.71,,1,cam12/e1/v1,rtmpose_baseline
full,03.CCTV Mobile Usage.mkv,632de9ed55947761d56d4c6142a3cb1a1fe69d0b1a6d0e01a2e404c697962623,dfine_native,120900.0,keyboard,0.3109,89.91,386.22,150.9,413.46,1661.3,60.99,27.24,2.239,False,,True,S-61,28,evt_S-61_desk_work_surface_0005,11de1f78939503ad,pose_hand_context,,53683.3,2.71,,1,cam12/e1/v1,rtmpose_baseline
full,03.CCTV Mobile Usage.mkv,632de9ed55947761d56d4c6142a3cb1a1fe69d0b1a6d0e01a2e404c697962623,dfine_native,120900.0,secondary_paper_chit,0.2879,62.02,463.3,118.19,503.97,2284.6,56.17,40.67,1.381,False,,True,S-61,28,evt_S-61_desk_work_surface_0005,11de1f78939503ad,pose_hand_context,,53683.3,2.71,,1,cam12/e1/v1,rtmpose_baseline
full,03.CCTV Mobile Usage.mkv,632de9ed55947761d56d4c6142a3cb1a1fe69d0b1a6d0e01a2e404c697962623,dfine_native,120900.0,keyboard,0.3056,81.64,384.93,151.25,413.58,1994.7,69.61,28.66,2.429,False,,True,S-61,28,evt_S-61_desk_work_surface_0005,11de1f78939503ad,pose_hand_context,,53683.3,2.71,,1,cam12/e1/v1,rtmpose_baseline
full,03.CCTV Mobile Usage.mkv,632de9ed55947761d56d4c6142a3cb1a1fe69d0b1a6d0e01a2e404c697962623,dfine_native,120900.0,secondary_paper_chit,0.3824,62.52,437.16,170.22,505.21,7329.4,107.69,68.06,1.582,False,,True,S-61,28,evt_S-61_desk_work_surface_0005,11de1f78939503ad,pose_hand_context,,53683.3,2.71,,1,cam12/e1/v1,rtmpose_baseline
full,03.CCTV Mobile Usage.mkv,632de9ed55947761d56d4c6142a3cb1a1fe69d0b1a6d0e01a2e404c697962623,dfine_native,120900.0,unknown_object,0.3465,-0.36,305.76,176.47,540.91,41582.0,176.83,235.15,0.752,False,,True,S-61,28,evt_S-61_desk_work_surface_0005,11de1f78939503ad,pose_hand_context,,53683.3,2.71,,1,cam12/e1/v1,rtmpose_baseline
full,03.CCTV Mobile Usage.mkv,632de9ed55947761d56d4c6142a3cb1a1fe69d0b1a6d0e01a2e404c697962623,dfine_native,120900.0,secondary_paper_chit,0.2879,61.33,436.79,178.61,522.5,10052.1,117.28,85.71,1.368,False,,True,S-61,28,evt_S-61_desk_work_surface_0005,11de1f78939503ad,pose_hand_context,,53683.3,2.71,,1,cam12/e1/v1,rtmpose_baseline
full,03.CCTV Mobile Usage.mkv,632de9ed55947761d56d4c6142a3cb1a1fe69d0b1a6d0e01a2e404c697962623,dfine_native,120900.0,unknown_object,0.2923,-0.11,493.59,171.04,541.81,8252.4,171.15,48.22,3.55,False,,True,S-61,28,evt_S-61_desk_work_surface_0005,11de1f78939503ad,pose_hand_context,,53683.3,2.71,,1,cam12/e1/v1,rtmpose_baseline
full,03.CCTV Mobile Usage.mkv,632de9ed55947761d56d4c6142a3cb1a1fe69d0b1a6d0e01a2e404c697962623,dfine_native,120900.0,unknown_object,0.3029,48.61,325.12,108.4,379.47,3249.3,59.79,54.34,1.1,False,,True,S-61,28,evt_S-61_desk_work_surface_0005,11de1f78939503ad,pose_hand_context,,53683.3,2.71,,1,cam12/e1/v1,rtmpose_baseline
full,03.CCTV Mobile Usage.mkv,632de9ed55947761d56d4c6142a3cb1a1fe69d0b1a6d0e01a2e404c697962623,dfine_native,121400.0,keyboard,0.9024,961.98,451.91,1067.64,491.44,4177.3,105.66,39.53,2.673,False,,True,R-desk,32,evt_S-61_desk_work_surface_0005,b1e37fdf74fc5d80,lap_bag_context,no_pose_observation,34560.0,1.33,,1,cam12/e1/v1,
full,03.CCTV Mobile Usage.mkv,632de9ed55947761d56d4c6142a3cb1a1fe69d0b1a6d0e01a2e404c697962623,dfine_native,121400.0,unknown_object,0.5004,700.07,396.17,857.95,491.74,15088.4,157.88,95.57,1.652,False,,True,R-desk,32,evt_S-61_desk_work_surface_0005,b1e37fdf74fc5d80,lap_bag_context,no_pose_observation,34560.0,1.33,,1,cam12/e1/v1,
full,03.CCTV Mobile Usage.mkv,632de9ed55947761d56d4c6142a3cb1a1fe69d0b1a6d0e01a2e404c697962623,dfine_native,121400.0,monitor_or_bezel,0.5179,1018.6,395.89,1145.26,448.1,6612.3,126.66,52.21,2.426,False,,True,R-desk,32,evt_S-61_desk_work_surface_0005,b1e37fdf74fc5d80,lap_bag_context,no_pose_observation,34560.0,1.33,,1,cam12/e1/v1,
full,03.CCTV Mobile Usage.mkv,632de9ed55947761d56d4c6142a3cb1a1fe69d0b1a6d0e01a2e404c697962623,dfine_native,121400.0,keyboard,0.577,802.16,396.22,871.48,420.71,1697.6,69.32,24.49,2.83,False,,True,R-desk,32,evt_S-61_desk_work_surface_0005,b1e37fdf74fc5d80,lap_bag_context,no_pose_observation,34560.0,1.33,,1,cam12/e1/v1,
full,03.CCTV Mobile Usage.mkv,632de9ed55947761d56d4c6142a3cb1a1fe69d0b1a6d0e01a2e404c697962623,dfine_native,121400.0,unknown_object,0.44,700.05,396.15,761.48,491.23,5841.2,61.44,95.08,0.646,False,,True,R-desk,32,evt_S-61_desk_work_surface_0005,b1e37fdf74fc5d80,lap_bag_context,no_pose_observation,34560.0,1.33,,1,cam12/e1/v1,
full,03.CCTV Mobile Usage.mkv,632de9ed55947761d56d4c6142a3cb1a1fe69d0b1a6d0e01a2e404c697962623,dfine_native,121400.0,phone,0.2974,1042.65,421.82,1112.83,474.22,3676.9,70.17,52.4,1.339,False,,True,R-desk,32,evt_S-61_desk_work_surface_0005,b1e37fdf74fc5d80,lap_bag_context,no_pose_observation,34560.0,1.33,,1,cam12/e1/v1,
full,03.CCTV Mobile Usage.mkv,632de9ed55947761d56d4c6142a3cb1a1fe69d0b1a6d0e01a2e404c697962623,dfine_native,121400.0,monitor_or_bezel,0.3122,1012.01,395.85,1147.03,488.56,12517.9,135.02,92.71,1.456,False,,True,R-desk,32,evt_S-61_desk_work_surface_0005,b1e37fdf74fc5d80,lap_bag_context,no_pose_observation,34560.0,1.33,,1,cam12/e1/v1,
full,03.CCTV Mobile Usage.mkv,632de9ed55947761d56d4c6142a3cb1a1fe69d0b1a6d0e01a2e404c697962623,dfine_native,121400.0,mouse,0.5291,864.73,413.75,892.19,435.08,585.8,27.46,21.33,1.288,False,,True,R-desk,32,evt_S-61_desk_work_surface_0005,b1e37fdf74fc5d80,lap_bag_context,no_pose_observation,34560.0,1.33,,1,cam12/e1/v1,
full,03.CCTV Mobile Usage.mkv,632de9ed55947761d56d4c6142a3cb1a1fe69d0b1a6d0e01a2e404c697962623,dfine_native,121400.0,unknown_object,0.2845,699.99,396.03,781.09,491.8,7766.3,81.1,95.76,0.847,False,,True,R-desk,32,evt_S-61_desk_work_surface_0005,b1e37fdf74fc5d80,lap_bag_context,no_pose_observation,34560.0,1.33,,1,cam12/e1/v1,
full,03.CCTV Mobile Usage.mkv,632de9ed55947761d56d4c6142a3cb1a1fe69d0b1a6d0e01a2e404c697962623,dfine_native,121400.0,mouse,0.3009,967.01,398.39,991.96,410.51,302.3,24.94,12.12,2.058,False,,True,R-desk,32,evt_S-61_desk_work_surface_0005,b1e37fdf74fc5d80,lap_bag_context,no_pose_observation,34560.0,1.33,,1,cam12/e1/v1,
full,03.CCTV Mobile Usage.mkv,632de9ed55947761d56d4c6142a3cb1a1fe69d0b1a6d0e01a2e404c697962623,dfine_native,121400.0,monitor_or_bezel,0.2839,741.15,395.46,1146.24,491.17,38772.7,405.09,95.71,4.232,False,,True,R-desk,32,evt_S-61_desk_work_surface_0005,b1e37fdf74fc5d80,lap_bag_context,no_pose_observation,34560.0,1.33,,1,cam12/e1/v1,
full,03.CCTV Mobile Usage.mkv,632de9ed55947761d56d4c6142a3cb1a1fe69d0b1a6d0e01a2e404c697962623,dfine_native,121400.0,phone,0.5702,170.06,436.76,195.85,471.6,898.9,25.8,34.84,0.74,False,,True,S-61,28,evt_S-61_desk_work_surface_0005,b9c281330b6b64c2,pose_hand_context,,52542.6,2.64,,1,cam12/e1/v1,rtmpose_baseline
full,03.CCTV Mobile Usage.mkv,632de9ed55947761d56d4c6142a3cb1a1fe69d0b1a6d0e01a2e404c697962623,dfine_native,121400.0,phone,0.3365,42.36,449.98,69.42,473.56,638.2,27.06,23.58,1.148,False,,True,S-61,28,evt_S-61_desk_work_surface_0005,b9c281330b6b64c2,pose_hand_context,,52542.6,2.64,,1,cam12/e1/v1,rtmpose_baseline
full,03.CCTV Mobile Usage.mkv,632de9ed55947761d56d4c6142a3cb1a1fe69d0b1a6d0e01a2e404c697962623,dfine_native,121400.0,secondary_paper_chit,0.274,86.57,450.75,142.58,499.11,2708.3,56.0,48.36,1.158,False,,True,S-61,28,evt_S-61_desk_work_surface_0005,b9c281330b6b64c2,pose_hand_context,,52542.6,2.64,,1,cam12/e1/v1,rtmpose_baseline
full,03.CCTV Mobile Usage.mkv,632de9ed55947761d56d4c6142a3cb1a1fe69d0b1a6d0e01a2e404c697962623,dfine_native,121400.0,unknown_object,0.3054,-0.16,493.29,188.38,560.67,12703.0,188.54,67.38,2.798,False,,True,S-61,28,evt_S-61_desk_work_surface_0005,b9c281330b6b64c2,pose_hand_context,,52542.6,2.64,,1,cam12/e1/v1,rtmpose_baseline
full,03.CCTV Mobile Usage.mkv,632de9ed55947761d56d4c6142a3cb1a1fe69d0b1a6d0e01a2e404c697962623,dfine_native,121400.0,unknown_object,0.2719,-0.28,317.28,209.19,559.96,50832.3,209.46,242.68,0.863,False,,True,S-61,28,evt_S-61_desk_work_surface_0005,b9c281330b6b64c2,pose_hand_context,,52542.6,2.64,,1,cam12/e1/v1,rtmpose_baseline
full,03.CCTV Mobile Usage.mkv,632de9ed55947761d56d4c6142a3cb1a1fe69d0b1a6d0e01a2e404c697962623,dfine_native,121400.0,secondary_paper_chit,0.3021,118.79,478.56,178.48,522.12,2600.0,59.69,43.56,1.37,False,,True,S-61,28,evt_S-61_desk_work_surface_0005,b9c281330b6b64c2,pose_hand_context,,52542.6,2.64,,1,cam12/e1/v1,rtmpose_baseline
full,03.CCTV Mobile Usage.mkv,632de9ed55947761d56d4c6142a3cb1a1fe69d0b1a6d0e01a2e404c697962623,dfine_native,121400.0,secondary_paper_chit,0.3605,59.82,437.29,171.17,506.47,7702.8,111.35,69.18,1.61,False,,True,S-61,28,evt_S-61_desk_work_surface_0005,b9c281330b6b64c2,pose_hand_context,,52542.6,2.64,,1,cam12/e1/v1,rtmpose_baseline
full,03.CCTV Mobile Usage.mkv,632de9ed55947761d56d4c6142a3cb1a1fe69d0b1a6d0e01a2e404c697962623,dfine_native,121400.0,stationery,0.2678,43.97,508.37,93.56,553.8,2252.4,49.58,45.43,1.091,False,,True,S-61,28,evt_S-61_desk_work_surface_0005,b9c281330b6b64c2,pose_hand_context,,52542.6,2.64,,1,cam12/e1/v1,rtmpose_baseline
full,03.CCTV Mobile Usage.mkv,632de9ed55947761d56d4c6142a3cb1a1fe69d0b1a6d0e01a2e404c697962623,dfine_native,121400.0,unknown_object,0.3542,-0.01,317.45,200.25,559.83,48540.4,200.27,242.38,0.826,False,,True,S-61,28,evt_S-61_desk_work_surface_0005,b9c281330b6b64c2,pose_hand_context,,52542.6,2.64,,1,cam12/e1/v1,rtmpose_baseline
full,03.CCTV Mobile Usage.mkv,632de9ed55947761d56d4c6142a3cb1a1fe69d0b1a6d0e01a2e404c697962623,dfine_native,121400.0,secondary_paper_chit,0.3032,59.79,450.05,142.51,505.28,4568.6,82.71,55.23,1.498,False,,True,S-61,28,evt_S-61_desk_work_surface_0005,b9c281330b6b64c2,pose_hand_context,,52542.6,2.64,,1,cam12/e1/v1,rtmpose_baseline
full,03.CCTV Mobile Usage.mkv,632de9ed55947761d56d4c6142a3cb1a1fe69d0b1a6d0e01a2e404c697962623,dfine_native,121400.0,phone,0.3228,161.25,428.37,195.41,471.71,1480.1,34.16,43.33,0.788,False,,True,S-61,28,evt_S-61_desk_work_surface_0005,b9c281330b6b64c2,pose_hand_context,,52542.6,2.64,,1,cam12/e1/v1,rtmpose_baseline
full,03.CCTV Mobile Usage.mkv,632de9ed55947761d56d4c6142a3cb1a1fe69d0b1a6d0e01a2e404c697962623,dfine_native,121900.0,secondary_paper_chit,0.4302,118.57,476.85,180.5,522.11,2803.1,61.93,45.26,1.368,False,,True,S-61,28,evt_S-61_desk_work_surface_0005,c1251c880eb77e62,pose_hand_context,,51252.1,2.67,,1,cam12/e1/v1,rtmpose_baseline
full,03.CCTV Mobile Usage.mkv,632de9ed55947761d56d4c6142a3cb1a1fe69d0b1a6d0e01a2e404c697962623,dfine_native,121900.0,phone,0.4416,174.94,437.58,202.83,467.53,835.3,27.89,29.95,0.931,False,,True,S-61,28,evt_S-61_desk_work_surface_0005,c1251c880eb77e62,pose_hand_context,,51252.1,2.67,,1,cam12/e1/v1,rtmpose_baseline
full,03.CCTV Mobile Usage.mkv,632de9ed55947761d56d4c6142a3cb1a1fe69d0b1a6d0e01a2e404c697962623,dfine_native,121900.0,secondary_paper_chit,0.4101,60.42,450.06,144.64,504.51,4585.7,84.22,54.45,1.547,False,,True,S-61,28,evt_S-61_desk_work_surface_0005,c1251c880eb77e62,pose_hand_context,,51252.1,2.67,,1,cam12/e1/v1,rtmpose_baseline
full,03.CCTV Mobile Usage.mkv,632de9ed55947761d56d4c6142a3cb1a1fe69d0b1a6d0e01a2e404c697962623,dfine_native,121900.0,phone,0.3318,42.76,450.13,69.4,472.52,596.2,26.64,22.39,1.19,False,,True,S-61,28,evt_S-61_desk_work_surface_0005,c1251c880eb77e62,pose_hand_context,,51252.1,2.67,,1,cam12/e1/v1,rtmpose_baseline
full,03.CCTV Mobile Usage.mkv,632de9ed55947761d56d4c6142a3cb1a1fe69d0b1a6d0e01a2e404c697962623,dfine_native,121900.0,secondary_paper_chit,0.5249,60.28,437.4,173.74,505.21,7693.2,113.45,67.81,1.673,False,,True,S-61,28,evt_S-61_desk_work_surface_0005,c1251c880eb77e62,pose_hand_context,,51252.1,2.67,,1,cam12/e1/v1,rtmpose_baseline
full,03.CCTV Mobile Usage.mkv,632de9ed55947761d56d4c6142a3cb1a1fe69d0b1a6d0e01a2e404c697962623,dfine_native,121900.0,phone,0.3352,176.05,451.12,203.08,467.68,447.5,27.03,16.56,1.632,False,,True,S-61,28,evt_S-61_desk_work_surface_0005,c1251c880eb77e62,pose_hand_context,,51252.1,2.67,,1,cam12/e1/v1,rtmpose_baseline
full,03.CCTV Mobile Usage.mkv,632de9ed55947761d56d4c6142a3cb1a1fe69d0b1a6d0e01a2e404c697962623,dfine_native,121900.0,monitor_or_bezel,0.5115,-0.06,493.69,189.04,558.74,12300.3,189.09,65.05,2.907,False,,True,S-61,28,evt_S-61_desk_work_surface_0005,c1251c880eb77e62,pose_hand_context,,51252.1,2.67,,1,cam12/e1/v1,rtmpose_baseline
full,03.CCTV Mobile Usage.mkv,632de9ed55947761d56d4c6142a3cb1a1fe69d0b1a6d0e01a2e404c697962623,dfine_native,121900.0,secondary_paper_chit,0.3604,111.31,436.82,173.38,486.5,3083.6,62.07,49.68,1.25,False,,True,S-61,28,evt_S-61_desk_work_surface_0005,c1251c880eb77e62,pose_hand_context,,51252.1,2.67,,1,cam12/e1/v1,rtmpose_baseline
full,03.CCTV Mobile Usage.mkv,632de9ed55947761d56d4c6142a3cb1a1fe69d0b1a6d0e01a2e404c697962623,dfine_native,121900.0,stationery,0.3088,44.87,507.45,93.15,554.27,2260.3,48.28,46.82,1.031,False,,True,S-61,28,evt_S-61_desk_work_surface_0005,c1251c880eb77e62,pose_hand_context,,51252.1,2.67,,1,cam12/e1/v1,rtmpose_baseline
full,03.CCTV Mobile Usage.mkv,632de9ed55947761d56d4c6142a3cb1a1fe69d0b1a6d0e01a2e404c697962623,dfine_native,121900.0,secondary_paper_chit,0.3783,86.38,450.62,144.0,500.23,2858.4,57.62,49.61,1.162,False,,True,S-61,28,evt_S-61_desk_work_surface_0005,c1251c880eb77e62,pose_hand_context,,51252.1,2.67,,1,cam12/e1/v1,rtmpose_baseline
full,03.CCTV Mobile Usage.mkv,632de9ed55947761d56d4c6142a3cb1a1fe69d0b1a6d0e01a2e404c697962623,dfine_native,121900.0,phone,0.274,157.71,440.29,202.41,467.77,1228.3,44.7,27.48,1.627,False,,True,S-61,28,evt_S-61_desk_work_surface_0005,c1251c880eb77e62,pose_hand_context,,51252.1,2.67,,1,cam12/e1/v1,rtmpose_baseline
full,03.CCTV Mobile Usage.mkv,632de9ed55947761d56d4c6142a3cb1a1fe69d0b1a6d0e01a2e404c697962623,dfine_native,121900.0,secondary_paper_chit,0.2517,135.07,491.12,177.76,521.33,1289.8,42.7,30.21,1.413,False,,True,S-61,28,evt_S-61_desk_work_surface_0005,c1251c880eb77e62,pose_hand_context,,51252.1,2.67,,1,cam12/e1/v1,rtmpose_baseline
full,03.CCTV Mobile Usage.mkv,632de9ed55947761d56d4c6142a3cb1a1fe69d0b1a6d0e01a2e404c697962623,dfine_native,121900.0,monitor_or_bezel,0.3787,-0.24,342.33,89.4,505.22,14601.1,89.64,162.89,0.55,False,,True,S-61,28,evt_S-61_desk_work_surface_0005,c1251c880eb77e62,pose_hand_context,,51252.1,2.67,,1,cam12/e1/v1,rtmpose_baseline
full,03.CCTV Mobile Usage.mkv,632de9ed55947761d56d4c6142a3cb1a1fe69d0b1a6d0e01a2e404c697962623,dfine_native,121900.0,secondary_paper_chit,0.413,86.08,436.96,174.01,501.85,5705.9,87.93,64.89,1.355,False,,True,S-61,28,evt_S-61_desk_work_surface_0005,c1251c880eb77e62,pose_hand_context,,51252.1,2.67,,1,cam12/e1/v1,rtmpose_baseline
full,03.CCTV Mobile Usage.mkv,632de9ed55947761d56d4c6142a3cb1a1fe69d0b1a6d0e01a2e404c697962623,dfine_native,121900.0,monitor_or_bezel,0.2551,-0.13,371.33,86.43,451.2,6914.1,86.57,79.87,1.084,False,,True,S-61,28,evt_S-61_desk_work_surface_0005,c1251c880eb77e62,pose_hand_context,,51252.1,2.67,,1,cam12/e1/v1,rtmpose_baseline
full,03.CCTV Mobile Usage.mkv,632de9ed55947761d56d4c6142a3cb1a1fe69d0b1a6d0e01a2e404c697962623,dfine_native,121900.0,unknown_object,0.3555,-0.29,319.7,203.86,557.77,48602.8,204.16,238.07,0.858,False,,True,S-61,28,evt_S-61_desk_work_surface_0005,c1251c880eb77e62,pose_hand_context,,51252.1,2.67,,1,cam12/e1/v1,rtmpose_baseline
full,03.CCTV Mobile Usage.mkv,632de9ed55947761d56d4c6142a3cb1a1fe69d0b1a6d0e01a2e404c697962623,dfine_native,121900.0,monitor_or_bezel,0.2503,-0.18,373.15,87.84,505.05,11610.1,88.02,131.91,0.667,False,,True,S-61,28,evt_S-61_desk_work_surface_0005,c1251c880eb77e62,pose_hand_context,,51252.1,2.67,,1,cam12/e1/v1,rtmpose_baseline
full,03.CCTV Mobile Usage.mkv,632de9ed55947761d56d4c6142a3cb1a1fe69d0b1a6d0e01a2e404c697962623,dfine_native,121900.0,bag,0.26,77.96,382.61,158.63,429.33,3769.2,80.67,46.72,1.727,False,,True,S-61,28,evt_S-61_desk_work_surface_0005,c1251c880eb77e62,pose_hand_context,,51252.1,2.67,,1,cam12/e1/v1,rtmpose_baseline
full,03.CCTV Mobile Usage.mkv,632de9ed55947761d56d4c6142a3cb1a1fe69d0b1a6d0e01a2e404c697962623,dfine_native,121900.0,monitor_or_bezel,0.3413,-0.17,342.99,86.25,449.98,9246.0,86.42,106.99,0.808,False,,True,S-61,28,evt_S-61_desk_work_surface_0005,c1251c880eb77e62,pose_hand_context,,51252.1,2.67,,1,cam12/e1/v1,rtmpose_baseline
full,03.CCTV Mobile Usage.mkv,632de9ed55947761d56d4c6142a3cb1a1fe69d0b1a6d0e01a2e404c697962623,dfine_native,121900.0,secondary_paper_chit,0.2558,60.37,461.62,118.5,504.21,2475.6,58.12,42.59,1.365,False,,True,S-61,28,evt_S-61_desk_work_surface_0005,c1251c880eb77e62,pose_hand_context,,51252.1,2.67,,1,cam12/e1/v1,rtmpose_baseline
full,03.CCTV Mobile Usage.mkv,632de9ed55947761d56d4c6142a3cb1a1fe69d0b1a6d0e01a2e404c697962623,dfine_native,121900.0,secondary_paper_chit,0.4145,59.75,436.97,180.5,521.22,10172.1,120.74,84.25,1.433,False,,True,S-61,28,evt_S-61_desk_work_surface_0005,c1251c880eb77e62,pose_hand_context,,51252.1,2.67,,1,cam12/e1/v1,rtmpose_baseline
full,03.CCTV Mobile Usage.mkv,632de9ed55947761d56d4c6142a3cb1a1fe69d0b1a6d0e01a2e404c697962623,dfine_native,121900.0,mouse,0.2656,40.1,432.64,70.13,471.93,1179.9,30.03,39.29,0.764,False,,True,S-61,28,evt_S-61_desk_work_surface_0005,c1251c880eb77e62,pose_hand_context,,51252.1,2.67,,1,cam12/e1/v1,rtmpose_baseline
full,03.CCTV Mobile Usage.mkv,632de9ed55947761d56d4c6142a3cb1a1fe69d0b1a6d0e01a2e404c697962623,dfine_native,121900.0,secondary_paper_chit,0.318,59.13,436.67,191.36,532.45,12664.5,132.23,95.78,1.381,False,,True,S-61,28,evt_S-61_desk_work_surface_0005,c1251c880eb77e62,pose_hand_context,,51252.1,2.67,,1,cam12/e1/v1,rtmpose_baseline
full,03.CCTV Mobile Usage.mkv,632de9ed55947761d56d4c6142a3cb1a1fe69d0b1a6d0e01a2e404c697962623,dfine_native,121900.0,monitor_or_bezel,0.2718,-0.11,320.81,87.7,449.91,11337.1,87.81,129.11,0.68,False,,True,S-61,28,evt_S-61_desk_work_surface_0005,c1251c880eb77e62,pose_hand_context,,51252.1,2.67,,1,cam12/e1/v1,rtmpose_baseline
full,03.CCTV Mobile Usage.mkv,632de9ed55947761d56d4c6142a3cb1a1fe69d0b1a6d0e01a2e404c697962623,dfine_native,123300.0,phone,0.4179,174.44,433.21,201.27,467.19,911.8,26.83,33.98,0.79,False,,True,S-61,33,evt_S-61_desk_work_surface_0006,f267303709494a37,pose_hand_context,,50814.9,2.69,,1,cam12/e1/v1,rtmpose_baseline
full,03.CCTV Mobile Usage.mkv,632de9ed55947761d56d4c6142a3cb1a1fe69d0b1a6d0e01a2e404c697962623,dfine_native,123300.0,phone,0.3721,43.13,450.35,69.13,472.17,567.3,26.0,21.82,1.192,False,,True,S-61,33,evt_S-61_desk_work_surface_0006,f267303709494a37,pose_hand_context,,50814.9,2.69,,1,cam12/e1/v1,rtmpose_baseline
full,03.CCTV Mobile Usage.mkv,632de9ed55947761d56d4c6142a3cb1a1fe69d0b1a6d0e01a2e404c697962623,dfine_native,123300.0,monitor_or_bezel,0.4103,-0.22,493.94,188.97,560.71,12632.2,189.19,66.77,2.833,False,,True,S-61,33,evt_S-61_desk_work_surface_0006,f267303709494a37,pose_hand_context,,50814.9,2.69,,1,cam12/e1/v1,rtmpose_baseline
full,03.CCTV Mobile Usage.mkv,632de9ed55947761d56d4c6142a3cb1a1fe69d0b1a6d0e01a2e404c697962623,dfine_native,123300.0,bag,0.2925,73.53,369.92,158.1,430.66,5136.8,84.57,60.74,1.392,False,,True,S-61,33,evt_S-61_desk_work_surface_0006,f267303709494a37,pose_hand_context,,50814.9,2.69,,1,cam12/e1/v1,rtmpose_baseline
full,03.CCTV Mobile Usage.mkv,632de9ed55947761d56d4c6142a3cb1a1fe69d0b1a6d0e01a2e404c697962623,dfine_native,123300.0,secondary_paper_chit,0.287,85.7,450.31,144.21,501.3,2983.5,58.52,50.99,1.148,False,,True,S-61,33,evt_S-61_desk_work_surface_0006,f267303709494a37,pose_hand_context,,50814.9,2.69,,1,cam12/e1/v1,rtmpose_baseline
full,03.CCTV Mobile Usage.mkv,632de9ed55947761d56d4c6142a3cb1a1fe69d0b1a6d0e01a2e404c697962623,dfine_native,123300.0,secondary_paper_chit,0.393,84.83,436.58,173.89,502.36,5858.4,89.06,65.78,1.354,False,,True,S-61,33,evt_S-61_desk_work_surface_0006,f267303709494a37,pose_hand_context,,50814.9,2.69,,1,cam12/e1/v1,rtmpose_baseline
full,03.CCTV Mobile Usage.mkv,632de9ed55947761d56d4c6142a3cb1a1fe69d0b1a6d0e01a2e404c697962623,dfine_native,123300.0,secondary_paper_chit,0.2597,111.02,436.67,173.52,485.21,3034.3,62.5,48.55,1.287,False,,True,S-61,33,evt_S-61_desk_work_surface_0006,f267303709494a37,pose_hand_context,,50814.9,2.69,,1,cam12/e1/v1,rtmpose_baseline
full,03.CCTV Mobile Usage.mkv,632de9ed55947761d56d4c6142a3cb1a1fe69d0b1a6d0e01a2e404c697962623,dfine_native,123300.0,unknown_object,0.3206,22.02,323.06,109.88,380.05,5006.9,87.86,56.99,1.542,False,,True,S-61,33,evt_S-61_desk_work_surface_0006,f267303709494a37,pose_hand_context,,50814.9,2.69,,1,cam12/e1/v1,rtmpose_baseline
full,03.CCTV Mobile Usage.mkv,632de9ed55947761d56d4c6142a3cb1a1fe69d0b1a6d0e01a2e404c697962623,dfine_native,123300.0,secondary_paper_chit,0.4283,60.32,436.43,173.88,505.27,7817.8,113.56,68.84,1.65,False,,True,S-61,33,evt_S-61_desk_work_surface_0006,f267303709494a37,pose_hand_context,,50814.9,2.69,,1,cam12/e1/v1,rtmpose_baseline
full,03.CCTV Mobile Usage.mkv,632de9ed55947761d56d4c6142a3cb1a1fe69d0b1a6d0e01a2e404c697962623,dfine_native,123300.0,monitor_or_bezel,0.2993,-0.14,343.62,86.6,454.8,9643.3,86.74,111.18,0.78,False,,True,S-61,33,evt_S-61_desk_work_surface_0006,f267303709494a37,pose_hand_context,,50814.9,2.69,,1,cam12/e1/v1,rtmpose_baseline
full,03.CCTV Mobile Usage.mkv,632de9ed55947761d56d4c6142a3cb1a1fe69d0b1a6d0e01a2e404c697962623,dfine_native,123300.0,unknown_object,0.3261,-0.37,323.29,211.39,559.98,50120.0,211.76,236.68,0.895,False,,True,S-61,33,evt_S-61_desk_work_surface_0006,f267303709494a37,pose_hand_context,,50814.9,2.69,,1,cam12/e1/v1,rtmpose_baseline
full,03.CCTV Mobile Usage.mkv,632de9ed55947761d56d4c6142a3cb1a1fe69d0b1a6d0e01a2e404c697962623,dfine_native,123300.0,monitor_or_bezel,0.2694,-0.27,343.0,88.76,504.09,14340.3,89.02,161.08,0.553,False,,True,S-61,33,evt_S-61_desk_work_surface_0006,f267303709494a37,pose_hand_context,,50814.9,2.69,,1,cam12/e1/v1,rtmpose_baseline
full,03.CCTV Mobile Usage.mkv,632de9ed55947761d56d4c6142a3cb1a1fe69d0b1a6d0e01a2e404c697962623,dfine_native,123300.0,unknown_object,0.2557,-0.28,343.8,196.05,559.86,42419.6,196.33,216.06,0.909,False,,True,S-61,33,evt_S-61_desk_work_surface_0006,f267303709494a37,pose_hand_context,,50814.9,2.69,,1,cam12/e1/v1,rtmpose_baseline
full,03.CCTV Mobile Usage.mkv,632de9ed55947761d56d4c6142a3cb1a1fe69d0b1a6d0e01a2e404c697962623,dfine_native,123300.0,phone,0.2902,173.67,432.46,193.3,465.54,649.2,19.63,33.07,0.594,False,,True,S-61,33,evt_S-61_desk_work_surface_0006,f267303709494a37,pose_hand_context,,50814.9,2.69,,1,cam12/e1/v1,rtmpose_baseline
full,03.CCTV Mobile Usage.mkv,632de9ed55947761d56d4c6142a3cb1a1fe69d0b1a6d0e01a2e404c697962623,dfine_native,123300.0,phone,0.2888,180.73,434.45,201.86,466.97,686.8,21.12,32.52,0.65,False,,True,S-61,33,evt_S-61_desk_work_surface_0006,f267303709494a37,pose_hand_context,,50814.9,2.69,,1,cam12/e1/v1,rtmpose_baseline
full,03.CCTV Mobile Usage.mkv,632de9ed55947761d56d4c6142a3cb1a1fe69d0b1a6d0e01a2e404c697962623,dfine_native,123800.0,phone,0.4377,174.97,439.7,195.02,466.03,528.1,20.05,26.33,0.762,False,,True,S-61,33,evt_S-61_desk_work_surface_0006,bedf167e00ab7119,pose_hand_context,,58942.1,2.64,,1,cam12/e1/v1,rtmpose_baseline
full,03.CCTV Mobile Usage.mkv,632de9ed55947761d56d4c6142a3cb1a1fe69d0b1a6d0e01a2e404c697962623,dfine_native,123800.0,secondary_paper_chit,0.3363,110.55,436.57,175.28,484.61,3109.9,64.73,48.04,1.348,False,,True,S-61,33,evt_S-61_desk_work_surface_0006,bedf167e00ab7119,pose_hand_context,,58942.1,2.64,,1,cam12/e1/v1,rtmpose_baseline
full,03.CCTV Mobile Usage.mkv,632de9ed55947761d56d4c6142a3cb1a1fe69d0b1a6d0e01a2e404c697962623,dfine_native,123800.0,secondary_paper_chit,0.5492,98.96,436.4,175.94,503.26,5147.1,76.98,66.87,1.151,False,,True,S-61,33,evt_S-61_desk_work_surface_0006,bedf167e00ab7119,pose_hand_context,,58942.1,2.64,,1,cam12/e1/v1,rtmpose_baseline
full,03.CCTV Mobile Usage.mkv,632de9ed55947761d56d4c6142a3cb1a1fe69d0b1a6d0e01a2e404c697962623,dfine_native,123800.0,bag,0.2981,261.93,542.04,342.02,617.81,6068.4,80.09,75.77,1.057,False,,True,S-61,33,evt_S-61_desk_work_surface_0006,bedf167e00ab7119,pose_hand_context,,58942.1,2.64,,1,cam12/e1/v1,rtmpose_baseline
full,03.CCTV Mobile Usage.mkv,632de9ed55947761d56d4c6142a3cb1a1fe69d0b1a6d0e01a2e404c697962623,dfine_native,123800.0,secondary_paper_chit,0.2967,135.09,491.34,177.63,522.1,1308.5,42.54,30.76,1.383,False,,True,S-61,33,evt_S-61_desk_work_surface_0006,bedf167e00ab7119,pose_hand_context,,58942.1,2.64,,1,cam12/e1/v1,rtmpose_baseline
full,03.CCTV Mobile Usage.mkv,632de9ed55947761d56d4c6142a3cb1a1fe69d0b1a6d0e01a2e404c697962623,dfine_native,123800.0,secondary_paper_chit,0.3463,98.98,450.73,144.9,501.59,2335.2,45.92,50.86,0.903,False,,True,S-61,33,evt_S-61_desk_work_surface_0006,bedf167e00ab7119,pose_hand_context,,58942.1,2.64,,1,cam12/e1/v1,rtmpose_baseline
full,03.CCTV Mobile Usage.mkv,632de9ed55947761d56d4c6142a3cb1a1fe69d0b1a6d0e01a2e404c697962623,dfine_native,123800.0,unknown_object,0.4354,99.02,497.32,231.66,616.72,15836.9,132.64,119.4,1.111,False,,True,S-61,33,evt_S-61_desk_work_surface_0006,bedf167e00ab7119,pose_hand_context,,58942.1,2.64,,1,cam12/e1/v1,rtmpose_baseline
full,03.CCTV Mobile Usage.mkv,632de9ed55947761d56d4c6142a3cb1a1fe69d0b1a6d0e01a2e404c697962623,dfine_native,123800.0,phone,0.3257,180.14,450.84,193.56,465.09,191.3,13.42,14.25,0.942,False,,True,S-61,33,evt_S-61_desk_work_surface_0006,bedf167e00ab7119,pose_hand_context,,58942.1,2.64,,1,cam12/e1/v1,rtmpose_baseline
full,03.CCTV Mobile Usage.mkv,632de9ed55947761d56d4c6142a3cb1a1fe69d0b1a6d0e01a2e404c697962623,dfine_native,123800.0,phone,0.3238,172.83,446.67,199.23,467.36,546.3,26.4,20.69,1.276,False,,True,S-61,33,evt_S-61_desk_work_surface_0006,bedf167e00ab7119,pose_hand_context,,58942.1,2.64,,1,cam12/e1/v1,rtmpose_baseline
full,03.CCTV Mobile Usage.mkv,632de9ed55947761d56d4c6142a3cb1a1fe69d0b1a6d0e01a2e404c697962623,dfine_native,123800.0,phone,0.3208,179.58,450.46,198.64,467.08,316.6,19.06,16.62,1.147,False,,True,S-61,33,evt_S-61_desk_work_surface_0006,bedf167e00ab7119,pose_hand_context,,58942.1,2.64,,1,cam12/e1/v1,rtmpose_baseline
full,03.CCTV Mobile Usage.mkv,632de9ed55947761d56d4c6142a3cb1a1fe69d0b1a6d0e01a2e404c697962623,dfine_native,123800.0,phone,0.3973,171.81,420.56,193.86,465.62,993.4,22.05,45.06,0.489,False,,True,S-61,33,evt_S-61_desk_work_surface_0006,bedf167e00ab7119,pose_hand_context,,58942.1,2.64,,1,cam12/e1/v1,rtmpose_baseline
full,03.CCTV Mobile Usage.mkv,632de9ed55947761d56d4c6142a3cb1a1fe69d0b1a6d0e01a2e404c697962623,dfine_native,123800.0,secondary_paper_chit,0.3683,98.95,436.68,182.72,525.76,7461.7,83.77,89.08,0.94,False,,True,S-61,33,evt_S-61_desk_work_surface_0006,bedf167e00ab7119,pose_hand_context,,58942.1,2.64,,1,cam12/e1/v1,rtmpose_baseline
full,03.CCTV Mobile Usage.mkv,632de9ed55947761d56d4c6142a3cb1a1fe69d0b1a6d0e01a2e404c697962623,dfine_native,123800.0,phone,0.336,174.87,434.75,199.27,467.02,787.1,24.39,32.27,0.756,False,,True,S-61,33,evt_S-61_desk_work_surface_0006,bedf167e00ab7119,pose_hand_context,,58942.1,2.64,,1,cam12/e1/v1,rtmpose_baseline
full,03.CCTV Mobile Usage.mkv,632de9ed55947761d56d4c6142a3cb1a1fe69d0b1a6d0e01a2e404c697962623,dfine_native,123800.0,phone,0.2642,171.82,447.21,194.03,466.19,421.6,22.21,18.98,1.17,False,,True,S-61,33,evt_S-61_desk_work_surface_0006,bedf167e00ab7119,pose_hand_context,,58942.1,2.64,,1,cam12/e1/v1,rtmpose_baseline
full,03.CCTV Mobile Usage.mkv,632de9ed55947761d56d4c6142a3cb1a1fe69d0b1a6d0e01a2e404c697962623,dfine_native,123800.0,unknown_object,0.3558,99.11,436.29,233.3,616.84,24228.1,134.19,180.55,0.743,False,,True,S-61,33,evt_S-61_desk_work_surface_0006,bedf167e00ab7119,pose_hand_context,,58942.1,2.64,,1,cam12/e1/v1,rtmpose_baseline
full,03.CCTV Mobile Usage.mkv,632de9ed55947761d56d4c6142a3cb1a1fe69d0b1a6d0e01a2e404c697962623,dfine_native,123800.0,unknown_object,0.2573,262.55,559.27,341.96,617.85,4652.1,79.41,58.58,1.356,False,,True,S-61,33,evt_S-61_desk_work_surface_0006,bedf167e00ab7119,pose_hand_context,,58942.1,2.64,,1,cam12/e1/v1,rtmpose_baseline
full,03.CCTV Mobile Usage.mkv,632de9ed55947761d56d4c6142a3cb1a1fe69d0b1a6d0e01a2e404c697962623,dfine_native,123800.0,secondary_paper_chit,0.3082,116.42,477.37,179.29,522.14,2814.8,62.87,44.77,1.404,False,,True,S-61,33,evt_S-61_desk_work_surface_0006,bedf167e00ab7119,pose_hand_context,,58942.1,2.64,,1,cam12/e1/v1,rtmpose_baseline
full,03.CCTV Mobile Usage.mkv,632de9ed55947761d56d4c6142a3cb1a1fe69d0b1a6d0e01a2e404c697962623,dfine_native,123867.0,phone,0.4872,175.03,433.61,200.63,466.96,853.9,25.6,33.35,0.768,False,,True,S-61,33,evt_S-61_upper_body_0021,c59b0187c26444f7,pose_hand_context,,59487.2,2.62,,1,cam12/e1/v1,rtmpose_baseline
full,03.CCTV Mobile Usage.mkv,632de9ed55947761d56d4c6142a3cb1a1fe69d0b1a6d0e01a2e404c697962623,dfine_native,123867.0,phone,0.4034,175.41,438.76,193.33,465.13,472.6,17.93,26.36,0.68,False,,True,S-61,33,evt_S-61_upper_body_0021,c59b0187c26444f7,pose_hand_context,,59487.2,2.62,,1,cam12/e1/v1,rtmpose_baseline
full,03.CCTV Mobile Usage.mkv,632de9ed55947761d56d4c6142a3cb1a1fe69d0b1a6d0e01a2e404c697962623,dfine_native,123867.0,bag,0.3163,262.27,542.4,342.02,619.7,6164.2,79.75,77.3,1.032,False,,True,S-61,33,evt_S-61_upper_body_0021,c59b0187c26444f7,pose_hand_context,,59487.2,2.62,,1,cam12/e1/v1,rtmpose_baseline
full,03.CCTV Mobile Usage.mkv,632de9ed55947761d56d4c6142a3cb1a1fe69d0b1a6d0e01a2e404c697962623,dfine_native,123867.0,secondary_paper_chit,0.3376,109.96,436.42,175.77,484.54,3167.2,65.81,48.12,1.368,False,,True,S-61,33,evt_S-61_upper_body_0021,c59b0187c26444f7,pose_hand_context,,59487.2,2.62,,1,cam12/e1/v1,rtmpose_baseline
full,03.CCTV Mobile Usage.mkv,632de9ed55947761d56d4c6142a3cb1a1fe69d0b1a6d0e01a2e404c697962623,dfine_native,123867.0,secondary_paper_chit,0.5106,97.97,436.28,176.18,503.36,5246.4,78.21,67.08,1.166,False,,True,S-61,33,evt_S-61_upper_body_0021,c59b0187c26444f7,pose_hand_context,,59487.2,2.62,,1,cam12/e1/v1,rtmpose_baseline
full,03.CCTV Mobile Usage.mkv,632de9ed55947761d56d4c6142a3cb1a1fe69d0b1a6d0e01a2e404c697962623,dfine_native,123867.0,secondary_paper_chit,0.2599,135.21,492.59,177.47,521.76,1232.9,42.27,29.17,1.449,False,,True,S-61,33,evt_S-61_upper_body_0021,c59b0187c26444f7,pose_hand_context,,59487.2,2.62,,1,cam12/e1/v1,rtmpose_baseline
full,03.CCTV Mobile Usage.mkv,632de9ed55947761d56d4c6142a3cb1a1fe69d0b1a6d0e01a2e404c697962623,dfine_native,123867.0,unknown_object,0.442,98.05,498.73,233.31,618.75,16234.0,135.27,120.01,1.127,False,,True,S-61,33,evt_S-61_upper_body_0021,c59b0187c26444f7,pose_hand_context,,59487.2,2.62,,1,cam12/e1/v1,rtmpose_baseline
full,03.CCTV Mobile Usage.mkv,632de9ed55947761d56d4c6142a3cb1a1fe69d0b1a6d0e01a2e404c697962623,dfine_native,123867.0,secondary_paper_chit,0.3472,97.97,450.36,144.98,501.26,2393.5,47.02,50.91,0.924,False,,True,S-61,33,evt_S-61_upper_body_0021,c59b0187c26444f7,pose_hand_context,,59487.2,2.62,,1,cam12/e1/v1,rtmpose_baseline
full,03.CCTV Mobile Usage.mkv,632de9ed55947761d56d4c6142a3cb1a1fe69d0b1a6d0e01a2e404c697962623,dfine_native,123867.0,phone,0.4505,173.03,422.03,193.51,465.26,885.2,20.48,43.22,0.474,False,,True,S-61,33,evt_S-61_upper_body_0021,c59b0187c26444f7,pose_hand_context,,59487.2,2.62,,1,cam12/e1/v1,rtmpose_baseline
full,03.CCTV Mobile Usage.mkv,632de9ed55947761d56d4c6142a3cb1a1fe69d0b1a6d0e01a2e404c697962623,dfine_native,123867.0,secondary_paper_chit,0.3487,115.67,477.46,179.49,521.92,2837.5,63.82,44.46,1.435,False,,True,S-61,33,evt_S-61_upper_body_0021,c59b0187c26444f7,pose_hand_context,,59487.2,2.62,,1,cam12/e1/v1,rtmpose_baseline
full,03.CCTV Mobile Usage.mkv,632de9ed55947761d56d4c6142a3cb1a1fe69d0b1a6d0e01a2e404c697962623,dfine_native,123867.0,secondary_paper_chit,0.4469,97.96,436.44,180.73,522.54,7126.4,82.77,86.1,0.961,False,,True,S-61,33,evt_S-61_upper_body_0021,c59b0187c26444f7,pose_hand_context,,59487.2,2.62,,1,cam12/e1/v1,rtmpose_baseline
full,03.CCTV Mobile Usage.mkv,632de9ed55947761d56d4c6142a3cb1a1fe69d0b1a6d0e01a2e404c697962623,dfine_native,123867.0,unknown_object,0.3256,98.1,436.1,235.2,618.8,25047.5,137.1,182.69,0.75,False,,True,S-61,33,evt_S-61_upper_body_0021,c59b0187c26444f7,pose_hand_context,,59487.2,2.62,,1,cam12/e1/v1,rtmpose_baseline
full,03.CCTV Mobile Usage.mkv,632de9ed55947761d56d4c6142a3cb1a1fe69d0b1a6d0e01a2e404c697962623,dfine_native,123867.0,bag,0.2859,262.72,561.17,341.96,619.76,4642.9,79.24,58.59,1.353,False,,True,S-61,33,evt_S-61_upper_body_0021,c59b0187c26444f7,pose_hand_context,,59487.2,2.62,,1,cam12/e1/v1,rtmpose_baseline
full,03.CCTV Mobile Usage.mkv,632de9ed55947761d56d4c6142a3cb1a1fe69d0b1a6d0e01a2e404c697962623,dfine_native,123867.0,secondary_paper_chit,0.2871,97.91,436.02,192.58,531.93,9080.2,94.68,95.91,0.987,False,,True,S-61,33,evt_S-61_upper_body_0021,c59b0187c26444f7,pose_hand_context,,59487.2,2.62,,1,cam12/e1/v1,rtmpose_baseline
full,03.CCTV Mobile Usage.mkv,632de9ed55947761d56d4c6142a3cb1a1fe69d0b1a6d0e01a2e404c697962623,dfine_native,123867.0,phone,0.2692,180.13,450.21,192.96,464.92,188.8,12.84,14.71,0.873,False,,True,S-61,33,evt_S-61_upper_body_0021,c59b0187c26444f7,pose_hand_context,,59487.2,2.62,,1,cam12/e1/v1,rtmpose_baseline
full,03.CCTV Mobile Usage.mkv,632de9ed55947761d56d4c6142a3cb1a1fe69d0b1a6d0e01a2e404c697962623,dfine_native,123867.0,phone,0.3409,172.64,421.15,203.52,467.82,1441.1,30.88,46.67,0.662,False,,True,S-61,33,evt_S-61_upper_body_0021,c59b0187c26444f7,pose_hand_context,,59487.2,2.62,,1,cam12/e1/v1,rtmpose_baseline
full,03.CCTV Mobile Usage.mkv,632de9ed55947761d56d4c6142a3cb1a1fe69d0b1a6d0e01a2e404c697962623,dfine_native,124300.0,keyboard,0.8996,962.03,451.92,1067.79,491.46,4181.5,105.76,39.54,2.675,False,,True,R-desk,34,evt_S-61_desk_work_surface_0006,3f231be20d60b9e1,lap_bag_context,no_pose_observation,34560.0,1.33,,1,cam12/e1/v1,
full,03.CCTV Mobile Usage.mkv,632de9ed55947761d56d4c6142a3cb1a1fe69d0b1a6d0e01a2e404c697962623,dfine_native,124300.0,unknown_object,0.5589,699.97,396.2,853.44,492.16,14727.0,153.47,95.96,1.599,False,,True,R-desk,34,evt_S-61_desk_work_surface_0006,3f231be20d60b9e1,lap_bag_context,no_pose_observation,34560.0,1.33,,1,cam12/e1/v1,
full,03.CCTV Mobile Usage.mkv,632de9ed55947761d56d4c6142a3cb1a1fe69d0b1a6d0e01a2e404c697962623,dfine_native,124300.0,monitor_or_bezel,0.6184,1018.74,395.55,1145.55,447.85,6632.4,126.81,52.3,2.425,False,,True,R-desk,34,evt_S-61_desk_work_surface_0006,3f231be20d60b9e1,lap_bag_context,no_pose_observation,34560.0,1.33,,1,cam12/e1/v1,
full,03.CCTV Mobile Usage.mkv,632de9ed55947761d56d4c6142a3cb1a1fe69d0b1a6d0e01a2e404c697962623,dfine_native,124300.0,keyboard,0.5882,802.87,396.26,870.71,420.56,1648.1,67.84,24.29,2.793,False,,True,R-desk,34,evt_S-61_desk_work_surface_0006,3f231be20d60b9e1,lap_bag_context,no_pose_observation,34560.0,1.33,,1,cam12/e1/v1,
full,03.CCTV Mobile Usage.mkv,632de9ed55947761d56d4c6142a3cb1a1fe69d0b1a6d0e01a2e404c697962623,dfine_native,124300.0,monitor_or_bezel,0.3227,1012.16,395.5,1146.87,488.56,12535.1,134.71,93.05,1.448,False,,True,R-desk,34,evt_S-61_desk_work_surface_0006,3f231be20d60b9e1,lap_bag_context,no_pose_observation,34560.0,1.33,,1,cam12/e1/v1,
full,03.CCTV Mobile Usage.mkv,632de9ed55947761d56d4c6142a3cb1a1fe69d0b1a6d0e01a2e404c697962623,dfine_native,124300.0,phone,0.3,1042.82,421.85,1112.75,474.25,3664.6,69.93,52.41,1.334,False,,True,R-desk,34,evt_S-61_desk_work_surface_0006,3f231be20d60b9e1,lap_bag_context,no_pose_observation,34560.0,1.33,,1,cam12/e1/v1,
full,03.CCTV Mobile Usage.mkv,632de9ed55947761d56d4c6142a3cb1a1fe69d0b1a6d0e01a2e404c697962623,dfine_native,124300.0,mouse,0.5571,864.75,413.85,891.89,435.18,579.0,27.14,21.33,1.272,False,,True,R-desk,34,evt_S-61_desk_work_surface_0006,3f231be20d60b9e1,lap_bag_context,no_pose_observation,34560.0,1.33,,1,cam12/e1/v1,
full,03.CCTV Mobile Usage.mkv,632de9ed55947761d56d4c6142a3cb1a1fe69d0b1a6d0e01a2e404c697962623,dfine_native,124300.0,unknown_object,0.331,700.04,396.13,771.36,491.98,6836.7,71.32,95.85,0.744,False,,True,R-desk,34,evt_S-61_desk_work_surface_0006,3f231be20d60b9e1,lap_bag_context,no_pose_observation,34560.0,1.33,,1,cam12/e1/v1,
full,03.CCTV Mobile Usage.mkv,632de9ed55947761d56d4c6142a3cb1a1fe69d0b1a6d0e01a2e404c697962623,dfine_native,124300.0,mouse,0.3275,966.93,398.39,991.84,410.57,303.5,24.91,12.18,2.045,False,,True,R-desk,34,evt_S-61_desk_work_surface_0006,3f231be20d60b9e1,lap_bag_context,no_pose_observation,34560.0,1.33,,1,cam12/e1/v1,
full,03.CCTV Mobile Usage.mkv,632de9ed55947761d56d4c6142a3cb1a1fe69d0b1a6d0e01a2e404c697962623,dfine_native,124300.0,monitor_or_bezel,0.2852,881.18,396.15,948.82,452.69,3824.7,67.64,56.54,1.196,False,,True,R-desk,34,evt_S-61_desk_work_surface_0006,3f231be20d60b9e1,lap_bag_context,no_pose_observation,34560.0,1.33,,1,cam12/e1/v1,
full,03.CCTV Mobile Usage.mkv,632de9ed55947761d56d4c6142a3cb1a1fe69d0b1a6d0e01a2e404c697962623,dfine_native,124300.0,unknown_object,0.3372,700.04,396.33,757.94,491.38,5503.3,57.9,95.05,0.609,False,,True,R-desk,34,evt_S-61_desk_work_surface_0006,3f231be20d60b9e1,lap_bag_context,no_pose_observation,34560.0,1.33,,1,cam12/e1/v1,
full,03.CCTV Mobile Usage.mkv,632de9ed55947761d56d4c6142a3cb1a1fe69d0b1a6d0e01a2e404c697962623,dfine_native,124300.0,mouse,0.2936,990.89,400.7,1028.49,413.6,484.7,37.6,12.89,2.916,False,,True,R-desk,34,evt_S-61_desk_work_surface_0006,3f231be20d60b9e1,lap_bag_context,no_pose_observation,34560.0,1.33,,1,cam12/e1/v1,
full,03.CCTV Mobile Usage.mkv,632de9ed55947761d56d4c6142a3cb1a1fe69d0b1a6d0e01a2e404c697962623,dfine_native,124300.0,monitor_or_bezel,0.2604,733.93,395.32,1146.2,491.03,39458.6,412.27,95.71,4.307,False,,True,R-desk,34,evt_S-61_desk_work_surface_0006,3f231be20d60b9e1,lap_bag_context,no_pose_observation,34560.0,1.33,,1,cam12/e1/v1,
full,03.CCTV Mobile Usage.mkv,632de9ed55947761d56d4c6142a3cb1a1fe69d0b1a6d0e01a2e404c697962623,dfine_native,124300.0,monitor_or_bezel,0.4106,-0.22,493.91,188.4,560.7,12597.2,188.62,66.79,2.824,False,,True,S-61,33,evt_S-61_desk_work_surface_0006,c73f0c4608cab469,pose_hand_context,,52101.0,2.66,,1,cam12/e1/v1,rtmpose_baseline
full,03.CCTV Mobile Usage.mkv,632de9ed55947761d56d4c6142a3cb1a1fe69d0b1a6d0e01a2e404c697962623,dfine_native,124300.0,secondary_paper_chit,0.3491,61.59,436.42,178.64,506.35,8184.9,117.05,69.93,1.674,False,,True,S-61,33,evt_S-61_desk_work_surface_0006,c73f0c4608cab469,pose_hand_context,,52101.0,2.66,,1,cam12/e1/v1,rtmpose_baseline
full,03.CCTV Mobile Usage.mkv,632de9ed55947761d56d4c6142a3cb1a1fe69d0b1a6d0e01a2e404c697962623,dfine_native,124300.0,phone,0.3478,43.17,450.69,69.69,472.07,566.9,26.52,21.38,1.241,False,,True,S-61,33,evt_S-61_desk_work_surface_0006,c73f0c4608cab469,pose_hand_context,,52101.0,2.66,,1,cam12/e1/v1,rtmpose_baseline
full,03.CCTV Mobile Usage.mkv,632de9ed55947761d56d4c6142a3cb1a1fe69d0b1a6d0e01a2e404c697962623,dfine_native,124300.0,secondary_paper_chit,0.2596,111.02,436.44,176.58,483.88,3109.8,65.56,47.44,1.382,False,,True,S-61,33,evt_S-61_desk_work_surface_0006,c73f0c4608cab469,pose_hand_context,,52101.0,2.66,,1,cam12/e1/v1,rtmpose_baseline
full,03.CCTV Mobile Usage.mkv,632de9ed55947761d56d4c6142a3cb1a1fe69d0b1a6d0e01a2e404c697962623,dfine_native,124300.0,secondary_paper_chit,0.2749,85.99,451.2,145.04,500.33,2901.4,59.05,49.13,1.202,False,,True,S-61,33,evt_S-61_desk_work_surface_0006,c73f0c4608cab469,pose_hand_context,,52101.0,2.66,,1,cam12/e1/v1,rtmpose_baseline
full,03.CCTV Mobile Usage.mkv,632de9ed55947761d56d4c6142a3cb1a1fe69d0b1a6d0e01a2e404c697962623,dfine_native,124300.0,phone,0.289,178.73,433.17,198.8,464.69,632.5,20.07,31.52,0.637,False,,True,S-61,33,evt_S-61_desk_work_surface_0006,c73f0c4608cab469,pose_hand_context,,52101.0,2.66,,1,cam12/e1/v1,rtmpose_baseline
full,03.CCTV Mobile Usage.mkv,632de9ed55947761d56d4c6142a3cb1a1fe69d0b1a6d0e01a2e404c697962623,dfine_native,124300.0,phone,0.3444,172.5,420.87,198.11,464.61,1120.2,25.61,43.74,0.586,False,,True,S-61,33,evt_S-61_desk_work_surface_0006,c73f0c4608cab469,pose_hand_context,,52101.0,2.66,,1,cam12/e1/v1,rtmpose_baseline
full,03.CCTV Mobile Usage.mkv,632de9ed55947761d56d4c6142a3cb1a1fe69d0b1a6d0e01a2e404c697962623,dfine_native,124300.0,secondary_paper_chit,0.3191,86.77,436.37,177.72,501.92,5962.2,90.96,65.55,1.388,False,,True,S-61,33,evt_S-61_desk_work_surface_0006,c73f0c4608cab469,pose_hand_context,,52101.0,2.66,,1,cam12/e1/v1,rtmpose_baseline
full,03.CCTV Mobile Usage.mkv,632de9ed55947761d56d4c6142a3cb1a1fe69d0b1a6d0e01a2e404c697962623,dfine_native,124300.0,secondary_paper_chit,0.3472,61.18,436.57,183.41,522.84,10544.4,122.23,86.27,1.417,False,,True,S-61,33,evt_S-61_desk_work_surface_0006,c73f0c4608cab469,pose_hand_context,,52101.0,2.66,,1,cam12/e1/v1,rtmpose_baseline
full,03.CCTV Mobile Usage.mkv,632de9ed55947761d56d4c6142a3cb1a1fe69d0b1a6d0e01a2e404c697962623,dfine_native,124367.0,keyboard,0.8996,962.03,451.92,1067.79,491.46,4181.5,105.76,39.54,2.675,False,,True,R-desk,34,evt_S-61_upper_body_0021,8de4d0fc4c60240c,lap_bag_context,no_pose_observation,34560.0,1.33,,1,cam12/e1/v1,
full,03.CCTV Mobile Usage.mkv,632de9ed55947761d56d4c6142a3cb1a1fe69d0b1a6d0e01a2e404c697962623,dfine_native,124367.0,unknown_object,0.5589,699.97,396.2,853.44,492.16,14727.0,153.47,95.96,1.599,False,,True,R-desk,34,evt_S-61_upper_body_0021,8de4d0fc4c60240c,lap_bag_context,no_pose_observation,34560.0,1.33,,1,cam12/e1/v1,
full,03.CCTV Mobile Usage.mkv,632de9ed55947761d56d4c6142a3cb1a1fe69d0b1a6d0e01a2e404c697962623,dfine_native,124367.0,monitor_or_bezel,0.6184,1018.74,395.55,1145.55,447.85,6632.4,126.81,52.3,2.425,False,,True,R-desk,34,evt_S-61_upper_body_0021,8de4d0fc4c60240c,lap_bag_context,no_pose_observation,34560.0,1.33,,1,cam12/e1/v1,
full,03.CCTV Mobile Usage.mkv,632de9ed55947761d56d4c6142a3cb1a1fe69d0b1a6d0e01a2e404c697962623,dfine_native,124367.0,keyboard,0.5882,802.87,396.26,870.71,420.56,1648.1,67.84,24.29,2.793,False,,True,R-desk,34,evt_S-61_upper_body_0021,8de4d0fc4c60240c,lap_bag_context,no_pose_observation,34560.0,1.33,,1,cam12/e1/v1,
full,03.CCTV Mobile Usage.mkv,632de9ed55947761d56d4c6142a3cb1a1fe69d0b1a6d0e01a2e404c697962623,dfine_native,124367.0,monitor_or_bezel,0.3227,1012.16,395.5,1146.87,488.56,12535.1,134.71,93.05,1.448,False,,True,R-desk,34,evt_S-61_upper_body_0021,8de4d0fc4c60240c,lap_bag_context,no_pose_observation,34560.0,1.33,,1,cam12/e1/v1,
full,03.CCTV Mobile Usage.mkv,632de9ed55947761d56d4c6142a3cb1a1fe69d0b1a6d0e01a2e404c697962623,dfine_native,124367.0,phone,0.3,1042.82,421.85,1112.75,474.25,3664.6,69.93,52.41,1.334,False,,True,R-desk,34,evt_S-61_upper_body_0021,8de4d0fc4c60240c,lap_bag_context,no_pose_observation,34560.0,1.33,,1,cam12/e1/v1,
full,03.CCTV Mobile Usage.mkv,632de9ed55947761d56d4c6142a3cb1a1fe69d0b1a6d0e01a2e404c697962623,dfine_native,124367.0,mouse,0.5571,864.75,413.85,891.89,435.18,579.0,27.14,21.33,1.272,False,,True,R-desk,34,evt_S-61_upper_body_0021,8de4d0fc4c60240c,lap_bag_context,no_pose_observation,34560.0,1.33,,1,cam12/e1/v1,
full,03.CCTV Mobile Usage.mkv,632de9ed55947761d56d4c6142a3cb1a1fe69d0b1a6d0e01a2e404c697962623,dfine_native,124367.0,unknown_object,0.331,700.04,396.13,771.36,491.98,6836.7,71.32,95.85,0.744,False,,True,R-desk,34,evt_S-61_upper_body_0021,8de4d0fc4c60240c,lap_bag_context,no_pose_observation,34560.0,1.33,,1,cam12/e1/v1,
full,03.CCTV Mobile Usage.mkv,632de9ed55947761d56d4c6142a3cb1a1fe69d0b1a6d0e01a2e404c697962623,dfine_native,124367.0,mouse,0.3275,966.93,398.39,991.84,410.57,303.5,24.91,12.18,2.045,False,,True,R-desk,34,evt_S-61_upper_body_0021,8de4d0fc4c60240c,lap_bag_context,no_pose_observation,34560.0,1.33,,1,cam12/e1/v1,
full,03.CCTV Mobile Usage.mkv,632de9ed55947761d56d4c6142a3cb1a1fe69d0b1a6d0e01a2e404c697962623,dfine_native,124367.0,monitor_or_bezel,0.2852,881.18,396.15,948.82,452.69,3824.7,67.64,56.54,1.196,False,,True,R-desk,34,evt_S-61_upper_body_0021,8de4d0fc4c60240c,lap_bag_context,no_pose_observation,34560.0,1.33,,1,cam12/e1/v1,
full,03.CCTV Mobile Usage.mkv,632de9ed55947761d56d4c6142a3cb1a1fe69d0b1a6d0e01a2e404c697962623,dfine_native,124367.0,unknown_object,0.3372,700.04,396.33,757.94,491.38,5503.3,57.9,95.05,0.609,False,,True,R-desk,34,evt_S-61_upper_body_0021,8de4d0fc4c60240c,lap_bag_context,no_pose_observation,34560.0,1.33,,1,cam12/e1/v1,
full,03.CCTV Mobile Usage.mkv,632de9ed55947761d56d4c6142a3cb1a1fe69d0b1a6d0e01a2e404c697962623,dfine_native,124367.0,mouse,0.2936,990.89,400.7,1028.49,413.6,484.7,37.6,12.89,2.916,False,,True,R-desk,34,evt_S-61_upper_body_0021,8de4d0fc4c60240c,lap_bag_context,no_pose_observation,34560.0,1.33,,1,cam12/e1/v1,
full,03.CCTV Mobile Usage.mkv,632de9ed55947761d56d4c6142a3cb1a1fe69d0b1a6d0e01a2e404c697962623,dfine_native,124367.0,monitor_or_bezel,0.2604,733.93,395.32,1146.2,491.03,39458.6,412.27,95.71,4.307,False,,True,R-desk,34,evt_S-61_upper_body_0021,8de4d0fc4c60240c,lap_bag_context,no_pose_observation,34560.0,1.33,,1,cam12/e1/v1,
full,03.CCTV Mobile Usage.mkv,632de9ed55947761d56d4c6142a3cb1a1fe69d0b1a6d0e01a2e404c697962623,dfine_native,124367.0,monitor_or_bezel,0.4106,-0.22,493.91,188.4,560.7,12597.2,188.62,66.79,2.824,False,,True,S-61,33,evt_S-61_upper_body_0021,f26518ca9a85cdae,pose_hand_context,,52101.0,2.66,,1,cam12/e1/v1,rtmpose_baseline
full,03.CCTV Mobile Usage.mkv,632de9ed55947761d56d4c6142a3cb1a1fe69d0b1a6d0e01a2e404c697962623,dfine_native,124367.0,secondary_paper_chit,0.3491,61.59,436.42,178.64,506.35,8184.9,117.05,69.93,1.674,False,,True,S-61,33,evt_S-61_upper_body_0021,f26518ca9a85cdae,pose_hand_context,,52101.0,2.66,,1,cam12/e1/v1,rtmpose_baseline
full,03.CCTV Mobile Usage.mkv,632de9ed55947761d56d4c6142a3cb1a1fe69d0b1a6d0e01a2e404c697962623,dfine_native,124367.0,phone,0.3478,43.17,450.69,69.69,472.07,566.9,26.52,21.38,1.241,False,,True,S-61,33,evt_S-61_upper_body_0021,f26518ca9a85cdae,pose_hand_context,,52101.0,2.66,,1,cam12/e1/v1,rtmpose_baseline
full,03.CCTV Mobile Usage.mkv,632de9ed55947761d56d4c6142a3cb1a1fe69d0b1a6d0e01a2e404c697962623,dfine_native,124367.0,secondary_paper_chit,0.2596,111.02,436.44,176.58,483.88,3109.8,65.56,47.44,1.382,False,,True,S-61,33,evt_S-61_upper_body_0021,f26518ca9a85cdae,pose_hand_context,,52101.0,2.66,,1,cam12/e1/v1,rtmpose_baseline
full,03.CCTV Mobile Usage.mkv,632de9ed55947761d56d4c6142a3cb1a1fe69d0b1a6d0e01a2e404c697962623,dfine_native,124367.0,secondary_paper_chit,0.2749,85.99,451.2,145.04,500.33,2901.4,59.05,49.13,1.202,False,,True,S-61,33,evt_S-61_upper_body_0021,f26518ca9a85cdae,pose_hand_context,,52101.0,2.66,,1,cam12/e1/v1,rtmpose_baseline
full,03.CCTV Mobile Usage.mkv,632de9ed55947761d56d4c6142a3cb1a1fe69d0b1a6d0e01a2e404c697962623,dfine_native,124367.0,phone,0.289,178.73,433.17,198.8,464.69,632.5,20.07,31.52,0.637,False,,True,S-61,33,evt_S-61_upper_body_0021,f26518ca9a85cdae,pose_hand_context,,52101.0,2.66,,1,cam12/e1/v1,rtmpose_baseline
full,03.CCTV Mobile Usage.mkv,632de9ed55947761d56d4c6142a3cb1a1fe69d0b1a6d0e01a2e404c697962623,dfine_native,124367.0,phone,0.3444,172.5,420.87,198.11,464.61,1120.2,25.61,43.74,0.586,False,,True,S-61,33,evt_S-61_upper_body_0021,f26518ca9a85cdae,pose_hand_context,,52101.0,2.66,,1,cam12/e1/v1,rtmpose_baseline
full,03.CCTV Mobile Usage.mkv,632de9ed55947761d56d4c6142a3cb1a1fe69d0b1a6d0e01a2e404c697962623,dfine_native,124367.0,secondary_paper_chit,0.3191,86.77,436.37,177.72,501.92,5962.2,90.96,65.55,1.388,False,,True,S-61,33,evt_S-61_upper_body_0021,f26518ca9a85cdae,pose_hand_context,,52101.0,2.66,,1,cam12/e1/v1,rtmpose_baseline
full,03.CCTV Mobile Usage.mkv,632de9ed55947761d56d4c6142a3cb1a1fe69d0b1a6d0e01a2e404c697962623,dfine_native,124367.0,secondary_paper_chit,0.3472,61.18,436.57,183.41,522.84,10544.4,122.23,86.27,1.417,False,,True,S-61,33,evt_S-61_upper_body_0021,f26518ca9a85cdae,pose_hand_context,,52101.0,2.66,,1,cam12/e1/v1,rtmpose_baseline
full,03.CCTV Mobile Usage.mkv,632de9ed55947761d56d4c6142a3cb1a1fe69d0b1a6d0e01a2e404c697962623,dfine_native,124800.0,keyboard,0.8996,962.03,451.92,1067.79,491.46,4181.5,105.76,39.54,2.675,False,,True,R-desk,35,evt_S-61_desk_work_surface_0006,5c3ce38cee82af66,lap_bag_context,no_pose_observation,34560.0,1.33,,1,cam12/e1/v1,
full,03.CCTV Mobile Usage.mkv,632de9ed55947761d56d4c6142a3cb1a1fe69d0b1a6d0e01a2e404c697962623,dfine_native,124800.0,unknown_object,0.5589,699.97,396.2,853.44,492.16,14727.0,153.47,95.96,1.599,False,,True,R-desk,35,evt_S-61_desk_work_surface_0006,5c3ce38cee82af66,lap_bag_context,no_pose_observation,34560.0,1.33,,1,cam12/e1/v1,
full,03.CCTV Mobile Usage.mkv,632de9ed55947761d56d4c6142a3cb1a1fe69d0b1a6d0e01a2e404c697962623,dfine_native,124800.0,monitor_or_bezel,0.6184,1018.74,395.55,1145.55,447.85,6632.4,126.81,52.3,2.425,False,,True,R-desk,35,evt_S-61_desk_work_surface_0006,5c3ce38cee82af66,lap_bag_context,no_pose_observation,34560.0,1.33,,1,cam12/e1/v1,
full,03.CCTV Mobile Usage.mkv,632de9ed55947761d56d4c6142a3cb1a1fe69d0b1a6d0e01a2e404c697962623,dfine_native,124800.0,keyboard,0.5882,802.87,396.26,870.71,420.56,1648.1,67.84,24.29,2.793,False,,True,R-desk,35,evt_S-61_desk_work_surface_0006,5c3ce38cee82af66,lap_bag_context,no_pose_observation,34560.0,1.33,,1,cam12/e1/v1,
full,03.CCTV Mobile Usage.mkv,632de9ed55947761d56d4c6142a3cb1a1fe69d0b1a6d0e01a2e404c697962623,dfine_native,124800.0,monitor_or_bezel,0.3227,1012.16,395.5,1146.87,488.56,12535.1,134.71,93.05,1.448,False,,True,R-desk,35,evt_S-61_desk_work_surface_0006,5c3ce38cee82af66,lap_bag_context,no_pose_observation,34560.0,1.33,,1,cam12/e1/v1,
full,03.CCTV Mobile Usage.mkv,632de9ed55947761d56d4c6142a3cb1a1fe69d0b1a6d0e01a2e404c697962623,dfine_native,124800.0,phone,0.3,1042.82,421.85,1112.75,474.25,3664.6,69.93,52.41,1.334,False,,True,R-desk,35,evt_S-61_desk_work_surface_0006,5c3ce38cee82af66,lap_bag_context,no_pose_observation,34560.0,1.33,,1,cam12/e1/v1,
full,03.CCTV Mobile Usage.mkv,632de9ed55947761d56d4c6142a3cb1a1fe69d0b1a6d0e01a2e404c697962623,dfine_native,124800.0,mouse,0.5571,864.75,413.85,891.89,435.18,579.0,27.14,21.33,1.272,False,,True,R-desk,35,evt_S-61_desk_work_surface_0006,5c3ce38cee82af66,lap_bag_context,no_pose_observation,34560.0,1.33,,1,cam12/e1/v1,
full,03.CCTV Mobile Usage.mkv,632de9ed55947761d56d4c6142a3cb1a1fe69d0b1a6d0e01a2e404c697962623,dfine_native,124800.0,unknown_object,0.331,700.04,396.13,771.36,491.98,6836.7,71.32,95.85,0.744,False,,True,R-desk,35,evt_S-61_desk_work_surface_0006,5c3ce38cee82af66,lap_bag_context,no_pose_observation,34560.0,1.33,,1,cam12/e1/v1,
full,03.CCTV Mobile Usage.mkv,632de9ed55947761d56d4c6142a3cb1a1fe69d0b1a6d0e01a2e404c697962623,dfine_native,124800.0,mouse,0.3275,966.93,398.39,991.84,410.57,303.5,24.91,12.18,2.045,False,,True,R-desk,35,evt_S-61_desk_work_surface_0006,5c3ce38cee82af66,lap_bag_context,no_pose_observation,34560.0,1.33,,1,cam12/e1/v1,
full,03.CCTV Mobile Usage.mkv,632de9ed55947761d56d4c6142a3cb1a1fe69d0b1a6d0e01a2e404c697962623,dfine_native,124800.0,monitor_or_bezel,0.2852,881.18,396.15,948.82,452.69,3824.7,67.64,56.54,1.196,False,,True,R-desk,35,evt_S-61_desk_work_surface_0006,5c3ce38cee82af66,lap_bag_context,no_pose_observation,34560.0,1.33,,1,cam12/e1/v1,
full,03.CCTV Mobile Usage.mkv,632de9ed55947761d56d4c6142a3cb1a1fe69d0b1a6d0e01a2e404c697962623,dfine_native,124800.0,unknown_object,0.3372,700.04,396.33,757.94,491.38,5503.3,57.9,95.05,0.609,False,,True,R-desk,35,evt_S-61_desk_work_surface_0006,5c3ce38cee82af66,lap_bag_context,no_pose_observation,34560.0,1.33,,1,cam12/e1/v1,
full,03.CCTV Mobile Usage.mkv,632de9ed55947761d56d4c6142a3cb1a1fe69d0b1a6d0e01a2e404c697962623,dfine_native,124800.0,mouse,0.2936,990.89,400.7,1028.49,413.6,484.7,37.6,12.89,2.916,False,,True,R-desk,35,evt_S-61_desk_work_surface_0006,5c3ce38cee82af66,lap_bag_context,no_pose_observation,34560.0,1.33,,1,cam12/e1/v1,
full,03.CCTV Mobile Usage.mkv,632de9ed55947761d56d4c6142a3cb1a1fe69d0b1a6d0e01a2e404c697962623,dfine_native,124800.0,monitor_or_bezel,0.2604,733.93,395.32,1146.2,491.03,39458.6,412.27,95.71,4.307,False,,True,R-desk,35,evt_S-61_desk_work_surface_0006,5c3ce38cee82af66,lap_bag_context,no_pose_observation,34560.0,1.33,,1,cam12/e1/v1,
full,03.CCTV Mobile Usage.mkv,632de9ed55947761d56d4c6142a3cb1a1fe69d0b1a6d0e01a2e404c697962623,dfine_native,124800.0,keyboard,0.8996,962.03,451.92,1067.79,491.46,4181.5,105.76,39.54,2.675,False,,True,R-desk,34,evt_S-61_desk_work_surface_0006,5c3ce38cee82af66,lap_bag_context,no_pose_observation,34560.0,1.33,,1,cam12/e1/v1,
full,03.CCTV Mobile Usage.mkv,632de9ed55947761d56d4c6142a3cb1a1fe69d0b1a6d0e01a2e404c697962623,dfine_native,124800.0,unknown_object,0.5589,699.97,396.2,853.44,492.16,14727.0,153.47,95.96,1.599,False,,True,R-desk,34,evt_S-61_desk_work_surface_0006,5c3ce38cee82af66,lap_bag_context,no_pose_observation,34560.0,1.33,,1,cam12/e1/v1,
full,03.CCTV Mobile Usage.mkv,632de9ed55947761d56d4c6142a3cb1a1fe69d0b1a6d0e01a2e404c697962623,dfine_native,124800.0,monitor_or_bezel,0.6184,1018.74,395.55,1145.55,447.85,6632.4,126.81,52.3,2.425,False,,True,R-desk,34,evt_S-61_desk_work_surface_0006,5c3ce38cee82af66,lap_bag_context,no_pose_observation,34560.0,1.33,,1,cam12/e1/v1,
full,03.CCTV Mobile Usage.mkv,632de9ed55947761d56d4c6142a3cb1a1fe69d0b1a6d0e01a2e404c697962623,dfine_native,124800.0,keyboard,0.5882,802.87,396.26,870.71,420.56,1648.1,67.84,24.29,2.793,False,,True,R-desk,34,evt_S-61_desk_work_surface_0006,5c3ce38cee82af66,lap_bag_context,no_pose_observation,34560.0,1.33,,1,cam12/e1/v1,
full,03.CCTV Mobile Usage.mkv,632de9ed55947761d56d4c6142a3cb1a1fe69d0b1a6d0e01a2e404c697962623,dfine_native,124800.0,monitor_or_bezel,0.3227,1012.16,395.5,1146.87,488.56,12535.1,134.71,93.05,1.448,False,,True,R-desk,34,evt_S-61_desk_work_surface_0006,5c3ce38cee82af66,lap_bag_context,no_pose_observation,34560.0,1.33,,1,cam12/e1/v1,
full,03.CCTV Mobile Usage.mkv,632de9ed55947761d56d4c6142a3cb1a1fe69d0b1a6d0e01a2e404c697962623,dfine_native,124800.0,phone,0.3,1042.82,421.85,1112.75,474.25,3664.6,69.93,52.41,1.334,False,,True,R-desk,34,evt_S-61_desk_work_surface_0006,5c3ce38cee82af66,lap_bag_context,no_pose_observation,34560.0,1.33,,1,cam12/e1/v1,
full,03.CCTV Mobile Usage.mkv,632de9ed55947761d56d4c6142a3cb1a1fe69d0b1a6d0e01a2e404c697962623,dfine_native,124800.0,mouse,0.5571,864.75,413.85,891.89,435.18,579.0,27.14,21.33,1.272,False,,True,R-desk,34,evt_S-61_desk_work_surface_0006,5c3ce38cee82af66,lap_bag_context,no_pose_observation,34560.0,1.33,,1,cam12/e1/v1,
full,03.CCTV Mobile Usage.mkv,632de9ed55947761d56d4c6142a3cb1a1fe69d0b1a6d0e01a2e404c697962623,dfine_native,124800.0,unknown_object,0.331,700.04,396.13,771.36,491.98,6836.7,71.32,95.85,0.744,False,,True,R-desk,34,evt_S-61_desk_work_surface_0006,5c3ce38cee82af66,lap_bag_context,no_pose_observation,34560.0,1.33,,1,cam12/e1/v1,
full,03.CCTV Mobile Usage.mkv,632de9ed55947761d56d4c6142a3cb1a1fe69d0b1a6d0e01a2e404c697962623,dfine_native,124800.0,mouse,0.3275,966.93,398.39,991.84,410.57,303.5,24.91,12.18,2.045,False,,True,R-desk,34,evt_S-61_desk_work_surface_0006,5c3ce38cee82af66,lap_bag_context,no_pose_observation,34560.0,1.33,,1,cam12/e1/v1,
full,03.CCTV Mobile Usage.mkv,632de9ed55947761d56d4c6142a3cb1a1fe69d0b1a6d0e01a2e404c697962623,dfine_native,124800.0,monitor_or_bezel,0.2852,881.18,396.15,948.82,452.69,3824.7,67.64,56.54,1.196,False,,True,R-desk,34,evt_S-61_desk_work_surface_0006,5c3ce38cee82af66,lap_bag_context,no_pose_observation,34560.0,1.33,,1,cam12/e1/v1,
full,03.CCTV Mobile Usage.mkv,632de9ed55947761d56d4c6142a3cb1a1fe69d0b1a6d0e01a2e404c697962623,dfine_native,124800.0,unknown_object,0.3372,700.04,396.33,757.94,491.38,5503.3,57.9,95.05,0.609,False,,True,R-desk,34,evt_S-61_desk_work_surface_0006,5c3ce38cee82af66,lap_bag_context,no_pose_observation,34560.0,1.33,,1,cam12/e1/v1,
full,03.CCTV Mobile Usage.mkv,632de9ed55947761d56d4c6142a3cb1a1fe69d0b1a6d0e01a2e404c697962623,dfine_native,124800.0,mouse,0.2936,990.89,400.7,1028.49,413.6,484.7,37.6,12.89,2.916,False,,True,R-desk,34,evt_S-61_desk_work_surface_0006,5c3ce38cee82af66,lap_bag_context,no_pose_observation,34560.0,1.33,,1,cam12/e1/v1,
full,03.CCTV Mobile Usage.mkv,632de9ed55947761d56d4c6142a3cb1a1fe69d0b1a6d0e01a2e404c697962623,dfine_native,124800.0,monitor_or_bezel,0.2604,733.93,395.32,1146.2,491.03,39458.6,412.27,95.71,4.307,False,,True,R-desk,34,evt_S-61_desk_work_surface_0006,5c3ce38cee82af66,lap_bag_context,no_pose_observation,34560.0,1.33,,1,cam12/e1/v1,
full,03.CCTV Mobile Usage.mkv,632de9ed55947761d56d4c6142a3cb1a1fe69d0b1a6d0e01a2e404c697962623,dfine_native,124800.0,secondary_paper_chit,0.5828,111.98,436.31,177.05,503.59,4378.0,65.07,67.28,0.967,False,,True,S-61,33,evt_S-61_desk_work_surface_0006,7f57d31c98770f99,pose_hand_context,,56235.4,2.7,,1,cam12/e1/v1,rtmpose_baseline
full,03.CCTV Mobile Usage.mkv,632de9ed55947761d56d4c6142a3cb1a1fe69d0b1a6d0e01a2e404c697962623,dfine_native,124800.0,bag,0.3177,244.65,562.11,348.91,651.27,9294.8,104.25,89.16,1.169,False,,True,S-61,33,evt_S-61_desk_work_surface_0006,7f57d31c98770f99,pose_hand_context,,56235.4,2.7,,1,cam12/e1/v1,rtmpose_baseline
full,03.CCTV Mobile Usage.mkv,632de9ed55947761d56d4c6142a3cb1a1fe69d0b1a6d0e01a2e404c697962623,dfine_native,124800.0,unknown_object,0.3982,112.02,503.98,261.03,650.49,21831.8,149.01,146.51,1.017,False,,True,S-61,33,evt_S-61_desk_work_surface_0006,7f57d31c98770f99,pose_hand_context,,56235.4,2.7,,1,cam12/e1/v1,rtmpose_baseline
full,03.CCTV Mobile Usage.mkv,632de9ed55947761d56d4c6142a3cb1a1fe69d0b1a6d0e01a2e404c697962623,dfine_native,124800.0,secondary_paper_chit,0.309,134.86,493.07,177.66,521.81,1229.6,42.79,28.73,1.489,False,,True,S-61,33,evt_S-61_desk_work_surface_0006,7f57d31c98770f99,pose_hand_context,,56235.4,2.7,,1,cam12/e1/v1,rtmpose_baseline
full,03.CCTV Mobile Usage.mkv,632de9ed55947761d56d4c6142a3cb1a1fe69d0b1a6d0e01a2e404c697962623,dfine_native,124800.0,secondary_paper_chit,0.4215,111.95,436.24,179.97,521.3,5786.0,68.02,85.06,0.8,False,,True,S-61,33,evt_S-61_desk_work_surface_0006,7f57d31c98770f99,pose_hand_context,,56235.4,2.7,,1,cam12/e1/v1,rtmpose_baseline
full,03.CCTV Mobile Usage.mkv,632de9ed55947761d56d4c6142a3cb1a1fe69d0b1a6d0e01a2e404c697962623,dfine_native,124800.0,secondary_paper_chit,0.3288,117.04,476.12,180.65,522.1,2924.8,63.61,45.98,1.383,False,,True,S-61,33,evt_S-61_desk_work_surface_0006,7f57d31c98770f99,pose_hand_context,,56235.4,2.7,,1,cam12/e1/v1,rtmpose_baseline
full,03.CCTV Mobile Usage.mkv,632de9ed55947761d56d4c6142a3cb1a1fe69d0b1a6d0e01a2e404c697962623,dfine_native,124800.0,unknown_object,0.3276,112.13,435.38,262.41,650.23,32288.4,150.28,214.85,0.699,False,,True,S-61,33,evt_S-61_desk_work_surface_0006,7f57d31c98770f99,pose_hand_context,,56235.4,2.7,,1,cam12/e1/v1,rtmpose_baseline
full,03.CCTV Mobile Usage.mkv,632de9ed55947761d56d4c6142a3cb1a1fe69d0b1a6d0e01a2e404c697962623,dfine_native,124867.0,secondary_paper_chit,0.5889,109.0,436.31,177.14,501.9,4468.8,68.14,65.58,1.039,False,,True,S-61,33,evt_S-61_upper_body_0021,0fc2f4392cd3915c,pose_hand_context,,56463.3,2.69,,1,cam12/e1/v1,rtmpose_baseline
full,03.CCTV Mobile Usage.mkv,632de9ed55947761d56d4c6142a3cb1a1fe69d0b1a6d0e01a2e404c697962623,dfine_native,124867.0,monitor_or_bezel,0.4323,109.06,503.19,272.97,662.6,26129.0,163.91,159.41,1.028,False,,True,S-61,33,evt_S-61_upper_body_0021,0fc2f4392cd3915c,pose_hand_context,,56463.3,2.69,,1,cam12/e1/v1,rtmpose_baseline
full,03.CCTV Mobile Usage.mkv,632de9ed55947761d56d4c6142a3cb1a1fe69d0b1a6d0e01a2e404c697962623,dfine_native,124867.0,secondary_paper_chit,0.3924,109.89,436.51,176.6,488.86,3492.7,66.71,52.36,1.274,False,,True,S-61,33,evt_S-61_upper_body_0021,0fc2f4392cd3915c,pose_hand_context,,56463.3,2.69,,1,cam12/e1/v1,rtmpose_baseline
full,03.CCTV Mobile Usage.mkv,632de9ed55947761d56d4c6142a3cb1a1fe69d0b1a6d0e01a2e404c697962623,dfine_native,124867.0,bag,0.353,245.2,568.61,345.97,663.54,9566.2,100.77,94.94,1.061,False,,True,S-61,33,evt_S-61_upper_body_0021,0fc2f4392cd3915c,pose_hand_context,,56463.3,2.69,,1,cam12/e1/v1,rtmpose_baseline
full,03.CCTV Mobile Usage.mkv,632de9ed55947761d56d4c6142a3cb1a1fe69d0b1a6d0e01a2e404c697962623,dfine_native,124867.0,mouse,0.3904,116.18,648.71,156.7,663.98,618.9,40.51,15.28,2.652,False,,True,S-61,33,evt_S-61_upper_body_0021,0fc2f4392cd3915c,pose_hand_context,,56463.3,2.69,,1,cam12/e1/v1,rtmpose_baseline
full,03.CCTV Mobile Usage.mkv,632de9ed55947761d56d4c6142a3cb1a1fe69d0b1a6d0e01a2e404c697962623,dfine_native,124867.0,secondary_paper_chit,0.2934,135.35,492.93,177.77,521.93,1230.4,42.42,29.0,1.463,False,,True,S-61,33,evt_S-61_upper_body_0021,0fc2f4392cd3915c,pose_hand_context,,56463.3,2.69,,1,cam12/e1/v1,rtmpose_baseline
full,03.CCTV Mobile Usage.mkv,632de9ed55947761d56d4c6142a3cb1a1fe69d0b1a6d0e01a2e404c697962623,dfine_native,124867.0,secondary_paper_chit,0.3076,154.47,428.82,209.4,483.36,2995.8,54.93,54.54,1.007,False,,True,S-61,33,evt_S-61_upper_body_0021,0fc2f4392cd3915c,pose_hand_context,,56463.3,2.69,,1,cam12/e1/v1,rtmpose_baseline
full,03.CCTV Mobile Usage.mkv,632de9ed55947761d56d4c6142a3cb1a1fe69d0b1a6d0e01a2e404c697962623,dfine_native,124867.0,secondary_paper_chit,0.4471,108.96,436.61,180.96,522.82,6207.3,72.0,86.21,0.835,False,,True,S-61,33,evt_S-61_upper_body_0021,0fc2f4392cd3915c,pose_hand_context,,56463.3,2.69,,1,cam12/e1/v1,rtmpose_baseline
full,03.CCTV Mobile Usage.mkv,632de9ed55947761d56d4c6142a3cb1a1fe69d0b1a6d0e01a2e404c697962623,dfine_native,124867.0,secondary_paper_chit,0.3552,115.85,475.55,180.22,521.94,2985.5,64.37,46.38,1.388,False,,True,S-61,33,evt_S-61_upper_body_0021,0fc2f4392cd3915c,pose_hand_context,,56463.3,2.69,,1,cam12/e1/v1,rtmpose_baseline
full,03.CCTV Mobile Usage.mkv,632de9ed55947761d56d4c6142a3cb1a1fe69d0b1a6d0e01a2e404c697962623,dfine_native,124867.0,unknown_object,0.3476,109.01,436.25,273.36,662.38,37164.4,164.35,226.13,0.727,False,,True,S-61,33,evt_S-61_upper_body_0021,0fc2f4392cd3915c,pose_hand_context,,56463.3,2.69,,1,cam12/e1/v1,rtmpose_baseline
full,03.CCTV Mobile Usage.mkv,632de9ed55947761d56d4c6142a3cb1a1fe69d0b1a6d0e01a2e404c697962623,dfine_native,124867.0,keyboard,0.8996,962.03,451.92,1067.79,491.46,4181.5,105.76,39.54,2.675,False,,True,R-desk,35,evt_S-61_upper_body_0021,f36d96d43f74c80f,lap_bag_context,no_pose_observation,34560.0,1.33,,1,cam12/e1/v1,
full,03.CCTV Mobile Usage.mkv,632de9ed55947761d56d4c6142a3cb1a1fe69d0b1a6d0e01a2e404c697962623,dfine_native,124867.0,unknown_object,0.5589,699.97,396.2,853.44,492.16,14727.0,153.47,95.96,1.599,False,,True,R-desk,35,evt_S-61_upper_body_0021,f36d96d43f74c80f,lap_bag_context,no_pose_observation,34560.0,1.33,,1,cam12/e1/v1,
full,03.CCTV Mobile Usage.mkv,632de9ed55947761d56d4c6142a3cb1a1fe69d0b1a6d0e01a2e404c697962623,dfine_native,124867.0,monitor_or_bezel,0.6184,1018.74,395.55,1145.55,447.85,6632.4,126.81,52.3,2.425,False,,True,R-desk,35,evt_S-61_upper_body_0021,f36d96d43f74c80f,lap_bag_context,no_pose_observation,34560.0,1.33,,1,cam12/e1/v1,
full,03.CCTV Mobile Usage.mkv,632de9ed55947761d56d4c6142a3cb1a1fe69d0b1a6d0e01a2e404c697962623,dfine_native,124867.0,keyboard,0.5882,802.87,396.26,870.71,420.56,1648.1,67.84,24.29,2.793,False,,True,R-desk,35,evt_S-61_upper_body_0021,f36d96d43f74c80f,lap_bag_context,no_pose_observation,34560.0,1.33,,1,cam12/e1/v1,
full,03.CCTV Mobile Usage.mkv,632de9ed55947761d56d4c6142a3cb1a1fe69d0b1a6d0e01a2e404c697962623,dfine_native,124867.0,monitor_or_bezel,0.3227,1012.16,395.5,1146.87,488.56,12535.1,134.71,93.05,1.448,False,,True,R-desk,35,evt_S-61_upper_body_0021,f36d96d43f74c80f,lap_bag_context,no_pose_observation,34560.0,1.33,,1,cam12/e1/v1,
full,03.CCTV Mobile Usage.mkv,632de9ed55947761d56d4c6142a3cb1a1fe69d0b1a6d0e01a2e404c697962623,dfine_native,124867.0,phone,0.3,1042.82,421.85,1112.75,474.25,3664.6,69.93,52.41,1.334,False,,True,R-desk,35,evt_S-61_upper_body_0021,f36d96d43f74c80f,lap_bag_context,no_pose_observation,34560.0,1.33,,1,cam12/e1/v1,
full,03.CCTV Mobile Usage.mkv,632de9ed55947761d56d4c6142a3cb1a1fe69d0b1a6d0e01a2e404c697962623,dfine_native,124867.0,mouse,0.5571,864.75,413.85,891.89,435.18,579.0,27.14,21.33,1.272,False,,True,R-desk,35,evt_S-61_upper_body_0021,f36d96d43f74c80f,lap_bag_context,no_pose_observation,34560.0,1.33,,1,cam12/e1/v1,
full,03.CCTV Mobile Usage.mkv,632de9ed55947761d56d4c6142a3cb1a1fe69d0b1a6d0e01a2e404c697962623,dfine_native,124867.0,unknown_object,0.331,700.04,396.13,771.36,491.98,6836.7,71.32,95.85,0.744,False,,True,R-desk,35,evt_S-61_upper_body_0021,f36d96d43f74c80f,lap_bag_context,no_pose_observation,34560.0,1.33,,1,cam12/e1/v1,
full,03.CCTV Mobile Usage.mkv,632de9ed55947761d56d4c6142a3cb1a1fe69d0b1a6d0e01a2e404c697962623,dfine_native,124867.0,mouse,0.3275,966.93,398.39,991.84,410.57,303.5,24.91,12.18,2.045,False,,True,R-desk,35,evt_S-61_upper_body_0021,f36d96d43f74c80f,lap_bag_context,no_pose_observation,34560.0,1.33,,1,cam12/e1/v1,
full,03.CCTV Mobile Usage.mkv,632de9ed55947761d56d4c6142a3cb1a1fe69d0b1a6d0e01a2e404c697962623,dfine_native,124867.0,monitor_or_bezel,0.2852,881.18,396.15,948.82,452.69,3824.7,67.64,56.54,1.196,False,,True,R-desk,35,evt_S-61_upper_body_0021,f36d96d43f74c80f,lap_bag_context,no_pose_observation,34560.0,1.33,,1,cam12/e1/v1,
full,03.CCTV Mobile Usage.mkv,632de9ed55947761d56d4c6142a3cb1a1fe69d0b1a6d0e01a2e404c697962623,dfine_native,124867.0,unknown_object,0.3372,700.04,396.33,757.94,491.38,5503.3,57.9,95.05,0.609,False,,True,R-desk,35,evt_S-61_upper_body_0021,f36d96d43f74c80f,lap_bag_context,no_pose_observation,34560.0,1.33,,1,cam12/e1/v1,
full,03.CCTV Mobile Usage.mkv,632de9ed55947761d56d4c6142a3cb1a1fe69d0b1a6d0e01a2e404c697962623,dfine_native,124867.0,mouse,0.2936,990.89,400.7,1028.49,413.6,484.7,37.6,12.89,2.916,False,,True,R-desk,35,evt_S-61_upper_body_0021,f36d96d43f74c80f,lap_bag_context,no_pose_observation,34560.0,1.33,,1,cam12/e1/v1,
full,03.CCTV Mobile Usage.mkv,632de9ed55947761d56d4c6142a3cb1a1fe69d0b1a6d0e01a2e404c697962623,dfine_native,124867.0,monitor_or_bezel,0.2604,733.93,395.32,1146.2,491.03,39458.6,412.27,95.71,4.307,False,,True,R-desk,35,evt_S-61_upper_body_0021,f36d96d43f74c80f,lap_bag_context,no_pose_observation,34560.0,1.33,,1,cam12/e1/v1,
full,03.CCTV Mobile Usage.mkv,632de9ed55947761d56d4c6142a3cb1a1fe69d0b1a6d0e01a2e404c697962623,dfine_native,124867.0,keyboard,0.8996,962.03,451.92,1067.79,491.46,4181.5,105.76,39.54,2.675,False,,True,R-desk,34,evt_S-61_upper_body_0021,f36d96d43f74c80f,lap_bag_context,no_pose_observation,34560.0,1.33,,1,cam12/e1/v1,
full,03.CCTV Mobile Usage.mkv,632de9ed55947761d56d4c6142a3cb1a1fe69d0b1a6d0e01a2e404c697962623,dfine_native,124867.0,unknown_object,0.5589,699.97,396.2,853.44,492.16,14727.0,153.47,95.96,1.599,False,,True,R-desk,34,evt_S-61_upper_body_0021,f36d96d43f74c80f,lap_bag_context,no_pose_observation,34560.0,1.33,,1,cam12/e1/v1,
full,03.CCTV Mobile Usage.mkv,632de9ed55947761d56d4c6142a3cb1a1fe69d0b1a6d0e01a2e404c697962623,dfine_native,124867.0,monitor_or_bezel,0.6184,1018.74,395.55,1145.55,447.85,6632.4,126.81,52.3,2.425,False,,True,R-desk,34,evt_S-61_upper_body_0021,f36d96d43f74c80f,lap_bag_context,no_pose_observation,34560.0,1.33,,1,cam12/e1/v1,
full,03.CCTV Mobile Usage.mkv,632de9ed55947761d56d4c6142a3cb1a1fe69d0b1a6d0e01a2e404c697962623,dfine_native,124867.0,keyboard,0.5882,802.87,396.26,870.71,420.56,1648.1,67.84,24.29,2.793,False,,True,R-desk,34,evt_S-61_upper_body_0021,f36d96d43f74c80f,lap_bag_context,no_pose_observation,34560.0,1.33,,1,cam12/e1/v1,
full,03.CCTV Mobile Usage.mkv,632de9ed55947761d56d4c6142a3cb1a1fe69d0b1a6d0e01a2e404c697962623,dfine_native,124867.0,monitor_or_bezel,0.3227,1012.16,395.5,1146.87,488.56,12535.1,134.71,93.05,1.448,False,,True,R-desk,34,evt_S-61_upper_body_0021,f36d96d43f74c80f,lap_bag_context,no_pose_observation,34560.0,1.33,,1,cam12/e1/v1,
full,03.CCTV Mobile Usage.mkv,632de9ed55947761d56d4c6142a3cb1a1fe69d0b1a6d0e01a2e404c697962623,dfine_native,124867.0,phone,0.3,1042.82,421.85,1112.75,474.25,3664.6,69.93,52.41,1.334,False,,True,R-desk,34,evt_S-61_upper_body_0021,f36d96d43f74c80f,lap_bag_context,no_pose_observation,34560.0,1.33,,1,cam12/e1/v1,
full,03.CCTV Mobile Usage.mkv,632de9ed55947761d56d4c6142a3cb1a1fe69d0b1a6d0e01a2e404c697962623,dfine_native,124867.0,mouse,0.5571,864.75,413.85,891.89,435.18,579.0,27.14,21.33,1.272,False,,True,R-desk,34,evt_S-61_upper_body_0021,f36d96d43f74c80f,lap_bag_context,no_pose_observation,34560.0,1.33,,1,cam12/e1/v1,
full,03.CCTV Mobile Usage.mkv,632de9ed55947761d56d4c6142a3cb1a1fe69d0b1a6d0e01a2e404c697962623,dfine_native,124867.0,unknown_object,0.331,700.04,396.13,771.36,491.98,6836.7,71.32,95.85,0.744,False,,True,R-desk,34,evt_S-61_upper_body_0021,f36d96d43f74c80f,lap_bag_context,no_pose_observation,34560.0,1.33,,1,cam12/e1/v1,
full,03.CCTV Mobile Usage.mkv,632de9ed55947761d56d4c6142a3cb1a1fe69d0b1a6d0e01a2e404c697962623,dfine_native,124867.0,mouse,0.3275,966.93,398.39,991.84,410.57,303.5,24.91,12.18,2.045,False,,True,R-desk,34,evt_S-61_upper_body_0021,f36d96d43f74c80f,lap_bag_context,no_pose_observation,34560.0,1.33,,1,cam12/e1/v1,
full,03.CCTV Mobile Usage.mkv,632de9ed55947761d56d4c6142a3cb1a1fe69d0b1a6d0e01a2e404c697962623,dfine_native,124867.0,monitor_or_bezel,0.2852,881.18,396.15,948.82,452.69,3824.7,67.64,56.54,1.196,False,,True,R-desk,34,evt_S-61_upper_body_0021,f36d96d43f74c80f,lap_bag_context,no_pose_observation,34560.0,1.33,,1,cam12/e1/v1,
full,03.CCTV Mobile Usage.mkv,632de9ed55947761d56d4c6142a3cb1a1fe69d0b1a6d0e01a2e404c697962623,dfine_native,124867.0,unknown_object,0.3372,700.04,396.33,757.94,491.38,5503.3,57.9,95.05,0.609,False,,True,R-desk,34,evt_S-61_upper_body_0021,f36d96d43f74c80f,lap_bag_context,no_pose_observation,34560.0,1.33,,1,cam12/e1/v1,
full,03.CCTV Mobile Usage.mkv,632de9ed55947761d56d4c6142a3cb1a1fe69d0b1a6d0e01a2e404c697962623,dfine_native,124867.0,mouse,0.2936,990.89,400.7,1028.49,413.6,484.7,37.6,12.89,2.916,False,,True,R-desk,34,evt_S-61_upper_body_0021,f36d96d43f74c80f,lap_bag_context,no_pose_observation,34560.0,1.33,,1,cam12/e1/v1,
full,03.CCTV Mobile Usage.mkv,632de9ed55947761d56d4c6142a3cb1a1fe69d0b1a6d0e01a2e404c697962623,dfine_native,124867.0,monitor_or_bezel,0.2604,733.93,395.32,1146.2,491.03,39458.6,412.27,95.71,4.307,False,,True,R-desk,34,evt_S-61_upper_body_0021,f36d96d43f74c80f,lap_bag_context,no_pose_observation,34560.0,1.33,,1,cam12/e1/v1,
full,03.CCTV Mobile Usage.mkv,632de9ed55947761d56d4c6142a3cb1a1fe69d0b1a6d0e01a2e404c697962623,dfine_native,125300.0,unknown_object,0.5277,737.02,93.2,832.92,188.68,9156.6,95.9,95.48,1.004,False,,True,R-desk,36,evt_S-61_desk_work_surface_0006,4f5b0c1938812495,pose_hand_context,,5049.5,9.01,,1,cam12/e1/v1,rtmpose_baseline
full,03.CCTV Mobile Usage.mkv,632de9ed55947761d56d4c6142a3cb1a1fe69d0b1a6d0e01a2e404c697962623,dfine_native,125300.0,unknown_object,0.3132,737.04,93.72,786.13,146.35,2583.3,49.09,52.63,0.933,False,,True,R-desk,36,evt_S-61_desk_work_surface_0006,4f5b0c1938812495,pose_hand_context,,5049.5,9.01,,1,cam12/e1/v1,rtmpose_baseline
full,03.CCTV Mobile Usage.mkv,632de9ed55947761d56d4c6142a3cb1a1fe69d0b1a6d0e01a2e404c697962623,dfine_native,125300.0,unknown_object,0.3105,737.03,150.3,832.89,188.83,3694.3,95.86,38.54,2.488,False,,True,R-desk,36,evt_S-61_desk_work_surface_0006,4f5b0c1938812495,pose_hand_context,,5049.5,9.01,,1,cam12/e1/v1,rtmpose_baseline
full,03.CCTV Mobile Usage.mkv,632de9ed55947761d56d4c6142a3cb1a1fe69d0b1a6d0e01a2e404c697962623,dfine_native,125300.0,keyboard,0.8996,962.03,451.92,1067.79,491.46,4181.5,105.76,39.54,2.675,False,,True,R-desk,35,evt_S-61_desk_work_surface_0006,56160f94226673d2,lap_bag_context,no_pose_observation,34560.0,1.33,,1,cam12/e1/v1,
full,03.CCTV Mobile Usage.mkv,632de9ed55947761d56d4c6142a3cb1a1fe69d0b1a6d0e01a2e404c697962623,dfine_native,125300.0,unknown_object,0.5589,699.97,396.2,853.44,492.16,14727.0,153.47,95.96,1.599,False,,True,R-desk,35,evt_S-61_desk_work_surface_0006,56160f94226673d2,lap_bag_context,no_pose_observation,34560.0,1.33,,1,cam12/e1/v1,
full,03.CCTV Mobile Usage.mkv,632de9ed55947761d56d4c6142a3cb1a1fe69d0b1a6d0e01a2e404c697962623,dfine_native,125300.0,monitor_or_bezel,0.6184,1018.74,395.55,1145.55,447.85,6632.4,126.81,52.3,2.425,False,,True,R-desk,35,evt_S-61_desk_work_surface_0006,56160f94226673d2,lap_bag_context,no_pose_observation,34560.0,1.33,,1,cam12/e1/v1,
full,03.CCTV Mobile Usage.mkv,632de9ed55947761d56d4c6142a3cb1a1fe69d0b1a6d0e01a2e404c697962623,dfine_native,125300.0,keyboard,0.5882,802.87,396.26,870.71,420.56,1648.1,67.84,24.29,2.793,False,,True,R-desk,35,evt_S-61_desk_work_surface_0006,56160f94226673d2,lap_bag_context,no_pose_observation,34560.0,1.33,,1,cam12/e1/v1,
full,03.CCTV Mobile Usage.mkv,632de9ed55947761d56d4c6142a3cb1a1fe69d0b1a6d0e01a2e404c697962623,dfine_native,125300.0,monitor_or_bezel,0.3227,1012.16,395.5,1146.87,488.56,12535.1,134.71,93.05,1.448,False,,True,R-desk,35,evt_S-61_desk_work_surface_0006,56160f94226673d2,lap_bag_context,no_pose_observation,34560.0,1.33,,1,cam12/e1/v1,
full,03.CCTV Mobile Usage.mkv,632de9ed55947761d56d4c6142a3cb1a1fe69d0b1a6d0e01a2e404c697962623,dfine_native,125300.0,phone,0.3,1042.82,421.85,1112.75,474.25,3664.6,69.93,52.41,1.334,False,,True,R-desk,35,evt_S-61_desk_work_surface_0006,56160f94226673d2,lap_bag_context,no_pose_observation,34560.0,1.33,,1,cam12/e1/v1,
full,03.CCTV Mobile Usage.mkv,632de9ed55947761d56d4c6142a3cb1a1fe69d0b1a6d0e01a2e404c697962623,dfine_native,125300.0,mouse,0.5571,864.75,413.85,891.89,435.18,579.0,27.14,21.33,1.272,False,,True,R-desk,35,evt_S-61_desk_work_surface_0006,56160f94226673d2,lap_bag_context,no_pose_observation,34560.0,1.33,,1,cam12/e1/v1,
full,03.CCTV Mobile Usage.mkv,632de9ed55947761d56d4c6142a3cb1a1fe69d0b1a6d0e01a2e404c697962623,dfine_native,125300.0,unknown_object,0.331,700.04,396.13,771.36,491.98,6836.7,71.32,95.85,0.744,False,,True,R-desk,35,evt_S-61_desk_work_surface_0006,56160f94226673d2,lap_bag_context,no_pose_observation,34560.0,1.33,,1,cam12/e1/v1,
full,03.CCTV Mobile Usage.mkv,632de9ed55947761d56d4c6142a3cb1a1fe69d0b1a6d0e01a2e404c697962623,dfine_native,125300.0,mouse,0.3275,966.93,398.39,991.84,410.57,303.5,24.91,12.18,2.045,False,,True,R-desk,35,evt_S-61_desk_work_surface_0006,56160f94226673d2,lap_bag_context,no_pose_observation,34560.0,1.33,,1,cam12/e1/v1,
full,03.CCTV Mobile Usage.mkv,632de9ed55947761d56d4c6142a3cb1a1fe69d0b1a6d0e01a2e404c697962623,dfine_native,125300.0,monitor_or_bezel,0.2852,881.18,396.15,948.82,452.69,3824.7,67.64,56.54,1.196,False,,True,R-desk,35,evt_S-61_desk_work_surface_0006,56160f94226673d2,lap_bag_context,no_pose_observation,34560.0,1.33,,1,cam12/e1/v1,
full,03.CCTV Mobile Usage.mkv,632de9ed55947761d56d4c6142a3cb1a1fe69d0b1a6d0e01a2e404c697962623,dfine_native,125300.0,unknown_object,0.3372,700.04,396.33,757.94,491.38,5503.3,57.9,95.05,0.609,False,,True,R-desk,35,evt_S-61_desk_work_surface_0006,56160f94226673d2,lap_bag_context,no_pose_observation,34560.0,1.33,,1,cam12/e1/v1,
full,03.CCTV Mobile Usage.mkv,632de9ed55947761d56d4c6142a3cb1a1fe69d0b1a6d0e01a2e404c697962623,dfine_native,125300.0,mouse,0.2936,990.89,400.7,1028.49,413.6,484.7,37.6,12.89,2.916,False,,True,R-desk,35,evt_S-61_desk_work_surface_0006,56160f94226673d2,lap_bag_context,no_pose_observation,34560.0,1.33,,1,cam12/e1/v1,
full,03.CCTV Mobile Usage.mkv,632de9ed55947761d56d4c6142a3cb1a1fe69d0b1a6d0e01a2e404c697962623,dfine_native,125300.0,monitor_or_bezel,0.2604,733.93,395.32,1146.2,491.03,39458.6,412.27,95.71,4.307,False,,True,R-desk,35,evt_S-61_desk_work_surface_0006,56160f94226673d2,lap_bag_context,no_pose_observation,34560.0,1.33,,1,cam12/e1/v1,
full,03.CCTV Mobile Usage.mkv,632de9ed55947761d56d4c6142a3cb1a1fe69d0b1a6d0e01a2e404c697962623,dfine_native,125300.0,keyboard,0.8996,962.03,451.92,1067.79,491.46,4181.5,105.76,39.54,2.675,False,,True,R-desk,34,evt_S-61_desk_work_surface_0006,56160f94226673d2,lap_bag_context,no_pose_observation,34560.0,1.33,,1,cam12/e1/v1,
full,03.CCTV Mobile Usage.mkv,632de9ed55947761d56d4c6142a3cb1a1fe69d0b1a6d0e01a2e404c697962623,dfine_native,125300.0,unknown_object,0.5589,699.97,396.2,853.44,492.16,14727.0,153.47,95.96,1.599,False,,True,R-desk,34,evt_S-61_desk_work_surface_0006,56160f94226673d2,lap_bag_context,no_pose_observation,34560.0,1.33,,1,cam12/e1/v1,
full,03.CCTV Mobile Usage.mkv,632de9ed55947761d56d4c6142a3cb1a1fe69d0b1a6d0e01a2e404c697962623,dfine_native,125300.0,monitor_or_bezel,0.6184,1018.74,395.55,1145.55,447.85,6632.4,126.81,52.3,2.425,False,,True,R-desk,34,evt_S-61_desk_work_surface_0006,56160f94226673d2,lap_bag_context,no_pose_observation,34560.0,1.33,,1,cam12/e1/v1,
full,03.CCTV Mobile Usage.mkv,632de9ed55947761d56d4c6142a3cb1a1fe69d0b1a6d0e01a2e404c697962623,dfine_native,125300.0,keyboard,0.5882,802.87,396.26,870.71,420.56,1648.1,67.84,24.29,2.793,False,,True,R-desk,34,evt_S-61_desk_work_surface_0006,56160f94226673d2,lap_bag_context,no_pose_observation,34560.0,1.33,,1,cam12/e1/v1,
full,03.CCTV Mobile Usage.mkv,632de9ed55947761d56d4c6142a3cb1a1fe69d0b1a6d0e01a2e404c697962623,dfine_native,125300.0,monitor_or_bezel,0.3227,1012.16,395.5,1146.87,488.56,12535.1,134.71,93.05,1.448,False,,True,R-desk,34,evt_S-61_desk_work_surface_0006,56160f94226673d2,lap_bag_context,no_pose_observation,34560.0,1.33,,1,cam12/e1/v1,
full,03.CCTV Mobile Usage.mkv,632de9ed55947761d56d4c6142a3cb1a1fe69d0b1a6d0e01a2e404c697962623,dfine_native,125300.0,phone,0.3,1042.82,421.85,1112.75,474.25,3664.6,69.93,52.41,1.334,False,,True,R-desk,34,evt_S-61_desk_work_surface_0006,56160f94226673d2,lap_bag_context,no_pose_observation,34560.0,1.33,,1,cam12/e1/v1,
full,03.CCTV Mobile Usage.mkv,632de9ed55947761d56d4c6142a3cb1a1fe69d0b1a6d0e01a2e404c697962623,dfine_native,125300.0,mouse,0.5571,864.75,413.85,891.89,435.18,579.0,27.14,21.33,1.272,False,,True,R-desk,34,evt_S-61_desk_work_surface_0006,56160f94226673d2,lap_bag_context,no_pose_observation,34560.0,1.33,,1,cam12/e1/v1,
full,03.CCTV Mobile Usage.mkv,632de9ed55947761d56d4c6142a3cb1a1fe69d0b1a6d0e01a2e404c697962623,dfine_native,125300.0,unknown_object,0.331,700.04,396.13,771.36,491.98,6836.7,71.32,95.85,0.744,False,,True,R-desk,34,evt_S-61_desk_work_surface_0006,56160f94226673d2,lap_bag_context,no_pose_observation,34560.0,1.33,,1,cam12/e1/v1,
full,03.CCTV Mobile Usage.mkv,632de9ed55947761d56d4c6142a3cb1a1fe69d0b1a6d0e01a2e404c697962623,dfine_native,125300.0,mouse,0.3275,966.93,398.39,991.84,410.57,303.5,24.91,12.18,2.045,False,,True,R-desk,34,evt_S-61_desk_work_surface_0006,56160f94226673d2,lap_bag_context,no_pose_observation,34560.0,1.33,,1,cam12/e1/v1,
full,03.CCTV Mobile Usage.mkv,632de9ed55947761d56d4c6142a3cb1a1fe69d0b1a6d0e01a2e404c697962623,dfine_native,125300.0,monitor_or_bezel,0.2852,881.18,396.15,948.82,452.69,3824.7,67.64,56.54,1.196,False,,True,R-desk,34,evt_S-61_desk_work_surface_0006,56160f94226673d2,lap_bag_context,no_pose_observation,34560.0,1.33,,1,cam12/e1/v1,
full,03.CCTV Mobile Usage.mkv,632de9ed55947761d56d4c6142a3cb1a1fe69d0b1a6d0e01a2e404c697962623,dfine_native,125300.0,unknown_object,0.3372,700.04,396.33,757.94,491.38,5503.3,57.9,95.05,0.609,False,,True,R-desk,34,evt_S-61_desk_work_surface_0006,56160f94226673d2,lap_bag_context,no_pose_observation,34560.0,1.33,,1,cam12/e1/v1,
full,03.CCTV Mobile Usage.mkv,632de9ed55947761d56d4c6142a3cb1a1fe69d0b1a6d0e01a2e404c697962623,dfine_native,125300.0,mouse,0.2936,990.89,400.7,1028.49,413.6,484.7,37.6,12.89,2.916,False,,True,R-desk,34,evt_S-61_desk_work_surface_0006,56160f94226673d2,lap_bag_context,no_pose_observation,34560.0,1.33,,1,cam12/e1/v1,
full,03.CCTV Mobile Usage.mkv,632de9ed55947761d56d4c6142a3cb1a1fe69d0b1a6d0e01a2e404c697962623,dfine_native,125300.0,monitor_or_bezel,0.2604,733.93,395.32,1146.2,491.03,39458.6,412.27,95.71,4.307,False,,True,R-desk,34,evt_S-61_desk_work_surface_0006,56160f94226673d2,lap_bag_context,no_pose_observation,34560.0,1.33,,1,cam12/e1/v1,
full,03.CCTV Mobile Usage.mkv,632de9ed55947761d56d4c6142a3cb1a1fe69d0b1a6d0e01a2e404c697962623,dfine_native,125300.0,secondary_paper_chit,0.5929,61.34,436.56,177.28,505.14,7951.1,115.94,68.58,1.691,False,,True,S-61,33,evt_S-61_desk_work_surface_0006,a8821403c5f877ef,pose_hand_context,,45169.0,2.92,,1,cam12/e1/v1,rtmpose_baseline
full,03.CCTV Mobile Usage.mkv,632de9ed55947761d56d4c6142a3cb1a1fe69d0b1a6d0e01a2e404c697962623,dfine_native,125300.0,secondary_paper_chit,0.2784,110.37,437.03,176.8,488.51,3419.9,66.43,51.48,1.29,False,,True,S-61,33,evt_S-61_desk_work_surface_0006,a8821403c5f877ef,pose_hand_context,,45169.0,2.92,,1,cam12/e1/v1,rtmpose_baseline
full,03.CCTV Mobile Usage.mkv,632de9ed55947761d56d4c6142a3cb1a1fe69d0b1a6d0e01a2e404c697962623,dfine_native,125300.0,secondary_paper_chit,0.2847,134.61,492.26,178.15,522.01,1295.4,43.54,29.75,1.464,False,,True,S-61,33,evt_S-61_desk_work_surface_0006,a8821403c5f877ef,pose_hand_context,,45169.0,2.92,,1,cam12/e1/v1,rtmpose_baseline
full,03.CCTV Mobile Usage.mkv,632de9ed55947761d56d4c6142a3cb1a1fe69d0b1a6d0e01a2e404c697962623,dfine_native,125300.0,monitor_or_bezel,0.4447,-0.41,493.96,179.68,550.74,10225.9,180.1,56.78,3.172,False,,True,S-61,33,evt_S-61_desk_work_surface_0006,a8821403c5f877ef,pose_hand_context,,45169.0,2.92,,1,cam12/e1/v1,rtmpose_baseline
full,03.CCTV Mobile Usage.mkv,632de9ed55947761d56d4c6142a3cb1a1fe69d0b1a6d0e01a2e404c697962623,dfine_native,125300.0,phone,0.3527,43.31,450.62,69.48,472.17,563.9,26.16,21.56,1.214,False,,True,S-61,33,evt_S-61_desk_work_surface_0006,a8821403c5f877ef,pose_hand_context,,45169.0,2.92,,1,cam12/e1/v1,rtmpose_baseline
full,03.CCTV Mobile Usage.mkv,632de9ed55947761d56d4c6142a3cb1a1fe69d0b1a6d0e01a2e404c697962623,dfine_native,125300.0,secondary_paper_chit,0.2859,86.16,451.31,145.11,500.22,2883.1,58.95,48.91,1.205,False,,True,S-61,33,evt_S-61_desk_work_surface_0006,a8821403c5f877ef,pose_hand_context,,45169.0,2.92,,1,cam12/e1/v1,rtmpose_baseline
full,03.CCTV Mobile Usage.mkv,632de9ed55947761d56d4c6142a3cb1a1fe69d0b1a6d0e01a2e404c697962623,dfine_native,125300.0,secondary_paper_chit,0.3988,59.91,436.2,179.73,521.63,10235.4,119.82,85.43,1.403,False,,True,S-61,33,evt_S-61_desk_work_surface_0006,a8821403c5f877ef,pose_hand_context,,45169.0,2.92,,1,cam12/e1/v1,rtmpose_baseline
full,03.CCTV Mobile Usage.mkv,632de9ed55947761d56d4c6142a3cb1a1fe69d0b1a6d0e01a2e404c697962623,dfine_native,125300.0,unknown_object,0.2566,25.85,331.08,130.28,385.38,5670.6,104.43,54.3,1.923,False,,True,S-61,33,evt_S-61_desk_work_surface_0006,a8821403c5f877ef,pose_hand_context,,45169.0,2.92,,1,cam12/e1/v1,rtmpose_baseline
full,03.CCTV Mobile Usage.mkv,632de9ed55947761d56d4c6142a3cb1a1fe69d0b1a6d0e01a2e404c697962623,dfine_native,125300.0,secondary_paper_chit,0.2556,117.16,477.52,179.43,521.12,2715.1,62.27,43.6,1.428,False,,True,S-61,33,evt_S-61_desk_work_surface_0006,a8821403c5f877ef,pose_hand_context,,45169.0,2.92,,1,cam12/e1/v1,rtmpose_baseline
full,03.CCTV Mobile Usage.mkv,632de9ed55947761d56d4c6142a3cb1a1fe69d0b1a6d0e01a2e404c697962623,dfine_native,125300.0,unknown_object,0.3008,-0.22,331.24,203.84,550.24,44688.0,204.06,219.0,0.932,False,,True,S-61,33,evt_S-61_desk_work_surface_0006,a8821403c5f877ef,pose_hand_context,,45169.0,2.92,,1,cam12/e1/v1,rtmpose_baseline
full,03.CCTV Mobile Usage.mkv,632de9ed55947761d56d4c6142a3cb1a1fe69d0b1a6d0e01a2e404c697962623,dfine_native,125367.0,keyboard,0.8996,962.03,451.92,1067.79,491.46,4181.5,105.76,39.54,2.675,False,,True,R-desk,35,evt_S-61_upper_body_0021,2c7c0bf013ad73fc,lap_bag_context,no_pose_observation,34560.0,1.33,,1,cam12/e1/v1,
full,03.CCTV Mobile Usage.mkv,632de9ed55947761d56d4c6142a3cb1a1fe69d0b1a6d0e01a2e404c697962623,dfine_native,125367.0,unknown_object,0.5589,699.97,396.2,853.44,492.16,14727.0,153.47,95.96,1.599,False,,True,R-desk,35,evt_S-61_upper_body_0021,2c7c0bf013ad73fc,lap_bag_context,no_pose_observation,34560.0,1.33,,1,cam12/e1/v1,
full,03.CCTV Mobile Usage.mkv,632de9ed55947761d56d4c6142a3cb1a1fe69d0b1a6d0e01a2e404c697962623,dfine_native,125367.0,monitor_or_bezel,0.6184,1018.74,395.55,1145.55,447.85,6632.4,126.81,52.3,2.425,False,,True,R-desk,35,evt_S-61_upper_body_0021,2c7c0bf013ad73fc,lap_bag_context,no_pose_observation,34560.0,1.33,,1,cam12/e1/v1,
full,03.CCTV Mobile Usage.mkv,632de9ed55947761d56d4c6142a3cb1a1fe69d0b1a6d0e01a2e404c697962623,dfine_native,125367.0,keyboard,0.5882,802.87,396.26,870.71,420.56,1648.1,67.84,24.29,2.793,False,,True,R-desk,35,evt_S-61_upper_body_0021,2c7c0bf013ad73fc,lap_bag_context,no_pose_observation,34560.0,1.33,,1,cam12/e1/v1,
full,03.CCTV Mobile Usage.mkv,632de9ed55947761d56d4c6142a3cb1a1fe69d0b1a6d0e01a2e404c697962623,dfine_native,125367.0,monitor_or_bezel,0.3227,1012.16,395.5,1146.87,488.56,12535.1,134.71,93.05,1.448,False,,True,R-desk,35,evt_S-61_upper_body_0021,2c7c0bf013ad73fc,lap_bag_context,no_pose_observation,34560.0,1.33,,1,cam12/e1/v1,
full,03.CCTV Mobile Usage.mkv,632de9ed55947761d56d4c6142a3cb1a1fe69d0b1a6d0e01a2e404c697962623,dfine_native,125367.0,phone,0.3,1042.82,421.85,1112.75,474.25,3664.6,69.93,52.41,1.334,False,,True,R-desk,35,evt_S-61_upper_body_0021,2c7c0bf013ad73fc,lap_bag_context,no_pose_observation,34560.0,1.33,,1,cam12/e1/v1,
full,03.CCTV Mobile Usage.mkv,632de9ed55947761d56d4c6142a3cb1a1fe69d0b1a6d0e01a2e404c697962623,dfine_native,125367.0,mouse,0.5571,864.75,413.85,891.89,435.18,579.0,27.14,21.33,1.272,False,,True,R-desk,35,evt_S-61_upper_body_0021,2c7c0bf013ad73fc,lap_bag_context,no_pose_observation,34560.0,1.33,,1,cam12/e1/v1,
full,03.CCTV Mobile Usage.mkv,632de9ed55947761d56d4c6142a3cb1a1fe69d0b1a6d0e01a2e404c697962623,dfine_native,125367.0,unknown_object,0.331,700.04,396.13,771.36,491.98,6836.7,71.32,95.85,0.744,False,,True,R-desk,35,evt_S-61_upper_body_0021,2c7c0bf013ad73fc,lap_bag_context,no_pose_observation,34560.0,1.33,,1,cam12/e1/v1,
full,03.CCTV Mobile Usage.mkv,632de9ed55947761d56d4c6142a3cb1a1fe69d0b1a6d0e01a2e404c697962623,dfine_native,125367.0,mouse,0.3275,966.93,398.39,991.84,410.57,303.5,24.91,12.18,2.045,False,,True,R-desk,35,evt_S-61_upper_body_0021,2c7c0bf013ad73fc,lap_bag_context,no_pose_observation,34560.0,1.33,,1,cam12/e1/v1,
full,03.CCTV Mobile Usage.mkv,632de9ed55947761d56d4c6142a3cb1a1fe69d0b1a6d0e01a2e404c697962623,dfine_native,125367.0,monitor_or_bezel,0.2852,881.18,396.15,948.82,452.69,3824.7,67.64,56.54,1.196,False,,True,R-desk,35,evt_S-61_upper_body_0021,2c7c0bf013ad73fc,lap_bag_context,no_pose_observation,34560.0,1.33,,1,cam12/e1/v1,
full,03.CCTV Mobile Usage.mkv,632de9ed55947761d56d4c6142a3cb1a1fe69d0b1a6d0e01a2e404c697962623,dfine_native,125367.0,unknown_object,0.3372,700.04,396.33,757.94,491.38,5503.3,57.9,95.05,0.609,False,,True,R-desk,35,evt_S-61_upper_body_0021,2c7c0bf013ad73fc,lap_bag_context,no_pose_observation,34560.0,1.33,,1,cam12/e1/v1,
full,03.CCTV Mobile Usage.mkv,632de9ed55947761d56d4c6142a3cb1a1fe69d0b1a6d0e01a2e404c697962623,dfine_native,125367.0,mouse,0.2936,990.89,400.7,1028.49,413.6,484.7,37.6,12.89,2.916,False,,True,R-desk,35,evt_S-61_upper_body_0021,2c7c0bf013ad73fc,lap_bag_context,no_pose_observation,34560.0,1.33,,1,cam12/e1/v1,
full,03.CCTV Mobile Usage.mkv,632de9ed55947761d56d4c6142a3cb1a1fe69d0b1a6d0e01a2e404c697962623,dfine_native,125367.0,monitor_or_bezel,0.2604,733.93,395.32,1146.2,491.03,39458.6,412.27,95.71,4.307,False,,True,R-desk,35,evt_S-61_upper_body_0021,2c7c0bf013ad73fc,lap_bag_context,no_pose_observation,34560.0,1.33,,1,cam12/e1/v1,
full,03.CCTV Mobile Usage.mkv,632de9ed55947761d56d4c6142a3cb1a1fe69d0b1a6d0e01a2e404c697962623,dfine_native,125367.0,keyboard,0.8996,962.03,451.92,1067.79,491.46,4181.5,105.76,39.54,2.675,False,,True,R-desk,34,evt_S-61_upper_body_0021,2c7c0bf013ad73fc,lap_bag_context,no_pose_observation,34560.0,1.33,,1,cam12/e1/v1,
full,03.CCTV Mobile Usage.mkv,632de9ed55947761d56d4c6142a3cb1a1fe69d0b1a6d0e01a2e404c697962623,dfine_native,125367.0,unknown_object,0.5589,699.97,396.2,853.44,492.16,14727.0,153.47,95.96,1.599,False,,True,R-desk,34,evt_S-61_upper_body_0021,2c7c0bf013ad73fc,lap_bag_context,no_pose_observation,34560.0,1.33,,1,cam12/e1/v1,
full,03.CCTV Mobile Usage.mkv,632de9ed55947761d56d4c6142a3cb1a1fe69d0b1a6d0e01a2e404c697962623,dfine_native,125367.0,monitor_or_bezel,0.6184,1018.74,395.55,1145.55,447.85,6632.4,126.81,52.3,2.425,False,,True,R-desk,34,evt_S-61_upper_body_0021,2c7c0bf013ad73fc,lap_bag_context,no_pose_observation,34560.0,1.33,,1,cam12/e1/v1,
full,03.CCTV Mobile Usage.mkv,632de9ed55947761d56d4c6142a3cb1a1fe69d0b1a6d0e01a2e404c697962623,dfine_native,125367.0,keyboard,0.5882,802.87,396.26,870.71,420.56,1648.1,67.84,24.29,2.793,False,,True,R-desk,34,evt_S-61_upper_body_0021,2c7c0bf013ad73fc,lap_bag_context,no_pose_observation,34560.0,1.33,,1,cam12/e1/v1,
full,03.CCTV Mobile Usage.mkv,632de9ed55947761d56d4c6142a3cb1a1fe69d0b1a6d0e01a2e404c697962623,dfine_native,125367.0,monitor_or_bezel,0.3227,1012.16,395.5,1146.87,488.56,12535.1,134.71,93.05,1.448,False,,True,R-desk,34,evt_S-61_upper_body_0021,2c7c0bf013ad73fc,lap_bag_context,no_pose_observation,34560.0,1.33,,1,cam12/e1/v1,
full,03.CCTV Mobile Usage.mkv,632de9ed55947761d56d4c6142a3cb1a1fe69d0b1a6d0e01a2e404c697962623,dfine_native,125367.0,phone,0.3,1042.82,421.85,1112.75,474.25,3664.6,69.93,52.41,1.334,False,,True,R-desk,34,evt_S-61_upper_body_0021,2c7c0bf013ad73fc,lap_bag_context,no_pose_observation,34560.0,1.33,,1,cam12/e1/v1,
full,03.CCTV Mobile Usage.mkv,632de9ed55947761d56d4c6142a3cb1a1fe69d0b1a6d0e01a2e404c697962623,dfine_native,125367.0,mouse,0.5571,864.75,413.85,891.89,435.18,579.0,27.14,21.33,1.272,False,,True,R-desk,34,evt_S-61_upper_body_0021,2c7c0bf013ad73fc,lap_bag_context,no_pose_observation,34560.0,1.33,,1,cam12/e1/v1,
full,03.CCTV Mobile Usage.mkv,632de9ed55947761d56d4c6142a3cb1a1fe69d0b1a6d0e01a2e404c697962623,dfine_native,125367.0,unknown_object,0.331,700.04,396.13,771.36,491.98,6836.7,71.32,95.85,0.744,False,,True,R-desk,34,evt_S-61_upper_body_0021,2c7c0bf013ad73fc,lap_bag_context,no_pose_observation,34560.0,1.33,,1,cam12/e1/v1,
full,03.CCTV Mobile Usage.mkv,632de9ed55947761d56d4c6142a3cb1a1fe69d0b1a6d0e01a2e404c697962623,dfine_native,125367.0,mouse,0.3275,966.93,398.39,991.84,410.57,303.5,24.91,12.18,2.045,False,,True,R-desk,34,evt_S-61_upper_body_0021,2c7c0bf013ad73fc,lap_bag_context,no_pose_observation,34560.0,1.33,,1,cam12/e1/v1,
full,03.CCTV Mobile Usage.mkv,632de9ed55947761d56d4c6142a3cb1a1fe69d0b1a6d0e01a2e404c697962623,dfine_native,125367.0,monitor_or_bezel,0.2852,881.18,396.15,948.82,452.69,3824.7,67.64,56.54,1.196,False,,True,R-desk,34,evt_S-61_upper_body_0021,2c7c0bf013ad73fc,lap_bag_context,no_pose_observation,34560.0,1.33,,1,cam12/e1/v1,
full,03.CCTV Mobile Usage.mkv,632de9ed55947761d56d4c6142a3cb1a1fe69d0b1a6d0e01a2e404c697962623,dfine_native,125367.0,unknown_object,0.3372,700.04,396.33,757.94,491.38,5503.3,57.9,95.05,0.609,False,,True,R-desk,34,evt_S-61_upper_body_0021,2c7c0bf013ad73fc,lap_bag_context,no_pose_observation,34560.0,1.33,,1,cam12/e1/v1,
full,03.CCTV Mobile Usage.mkv,632de9ed55947761d56d4c6142a3cb1a1fe69d0b1a6d0e01a2e404c697962623,dfine_native,125367.0,mouse,0.2936,990.89,400.7,1028.49,413.6,484.7,37.6,12.89,2.916,False,,True,R-desk,34,evt_S-61_upper_body_0021,2c7c0bf013ad73fc,lap_bag_context,no_pose_observation,34560.0,1.33,,1,cam12/e1/v1,
full,03.CCTV Mobile Usage.mkv,632de9ed55947761d56d4c6142a3cb1a1fe69d0b1a6d0e01a2e404c697962623,dfine_native,125367.0,monitor_or_bezel,0.2604,733.93,395.32,1146.2,491.03,39458.6,412.27,95.71,4.307,False,,True,R-desk,34,evt_S-61_upper_body_0021,2c7c0bf013ad73fc,lap_bag_context,no_pose_observation,34560.0,1.33,,1,cam12/e1/v1,
full,03.CCTV Mobile Usage.mkv,632de9ed55947761d56d4c6142a3cb1a1fe69d0b1a6d0e01a2e404c697962623,dfine_native,125367.0,secondary_paper_chit,0.5929,61.34,436.56,177.28,505.14,7951.1,115.94,68.58,1.691,False,,True,S-61,33,evt_S-61_upper_body_0021,a571edfedd6768b6,pose_hand_context,,45169.0,2.92,,1,cam12/e1/v1,rtmpose_baseline
full,03.CCTV Mobile Usage.mkv,632de9ed55947761d56d4c6142a3cb1a1fe69d0b1a6d0e01a2e404c697962623,dfine_native,125367.0,secondary_paper_chit,0.2784,110.37,437.03,176.8,488.51,3419.9,66.43,51.48,1.29,False,,True,S-61,33,evt_S-61_upper_body_0021,a571edfedd6768b6,pose_hand_context,,45169.0,2.92,,1,cam12/e1/v1,rtmpose_baseline
full,03.CCTV Mobile Usage.mkv,632de9ed55947761d56d4c6142a3cb1a1fe69d0b1a6d0e01a2e404c697962623,dfine_native,125367.0,secondary_paper_chit,0.2847,134.61,492.26,178.15,522.01,1295.4,43.54,29.75,1.464,False,,True,S-61,33,evt_S-61_upper_body_0021,a571edfedd6768b6,pose_hand_context,,45169.0,2.92,,1,cam12/e1/v1,rtmpose_baseline
full,03.CCTV Mobile Usage.mkv,632de9ed55947761d56d4c6142a3cb1a1fe69d0b1a6d0e01a2e404c697962623,dfine_native,125367.0,monitor_or_bezel,0.4447,-0.41,493.96,179.68,550.74,10225.9,180.1,56.78,3.172,False,,True,S-61,33,evt_S-61_upper_body_0021,a571edfedd6768b6,pose_hand_context,,45169.0,2.92,,1,cam12/e1/v1,rtmpose_baseline
full,03.CCTV Mobile Usage.mkv,632de9ed55947761d56d4c6142a3cb1a1fe69d0b1a6d0e01a2e404c697962623,dfine_native,125367.0,phone,0.3527,43.31,450.62,69.48,472.17,563.9,26.16,21.56,1.214,False,,True,S-61,33,evt_S-61_upper_body_0021,a571edfedd6768b6,pose_hand_context,,45169.0,2.92,,1,cam12/e1/v1,rtmpose_baseline
full,03.CCTV Mobile Usage.mkv,632de9ed55947761d56d4c6142a3cb1a1fe69d0b1a6d0e01a2e404c697962623,dfine_native,125367.0,secondary_paper_chit,0.2859,86.16,451.31,145.11,500.22,2883.1,58.95,48.91,1.205,False,,True,S-61,33,evt_S-61_upper_body_0021,a571edfedd6768b6,pose_hand_context,,45169.0,2.92,,1,cam12/e1/v1,rtmpose_baseline
full,03.CCTV Mobile Usage.mkv,632de9ed55947761d56d4c6142a3cb1a1fe69d0b1a6d0e01a2e404c697962623,dfine_native,125367.0,secondary_paper_chit,0.3988,59.91,436.2,179.73,521.63,10235.4,119.82,85.43,1.403,False,,True,S-61,33,evt_S-61_upper_body_0021,a571edfedd6768b6,pose_hand_context,,45169.0,2.92,,1,cam12/e1/v1,rtmpose_baseline
full,03.CCTV Mobile Usage.mkv,632de9ed55947761d56d4c6142a3cb1a1fe69d0b1a6d0e01a2e404c697962623,dfine_native,125367.0,unknown_object,0.2566,25.85,331.08,130.28,385.38,5670.6,104.43,54.3,1.923,False,,True,S-61,33,evt_S-61_upper_body_0021,a571edfedd6768b6,pose_hand_context,,45169.0,2.92,,1,cam12/e1/v1,rtmpose_baseline
full,03.CCTV Mobile Usage.mkv,632de9ed55947761d56d4c6142a3cb1a1fe69d0b1a6d0e01a2e404c697962623,dfine_native,125367.0,secondary_paper_chit,0.2556,117.16,477.52,179.43,521.12,2715.1,62.27,43.6,1.428,False,,True,S-61,33,evt_S-61_upper_body_0021,a571edfedd6768b6,pose_hand_context,,45169.0,2.92,,1,cam12/e1/v1,rtmpose_baseline
full,03.CCTV Mobile Usage.mkv,632de9ed55947761d56d4c6142a3cb1a1fe69d0b1a6d0e01a2e404c697962623,dfine_native,125367.0,unknown_object,0.3008,-0.22,331.24,203.84,550.24,44688.0,204.06,219.0,0.932,False,,True,S-61,33,evt_S-61_upper_body_0021,a571edfedd6768b6,pose_hand_context,,45169.0,2.92,,1,cam12/e1/v1,rtmpose_baseline
full,03.CCTV Mobile Usage.mkv,632de9ed55947761d56d4c6142a3cb1a1fe69d0b1a6d0e01a2e404c697962623,dfine_native,125367.0,unknown_object,0.5277,737.02,93.2,832.92,188.68,9156.6,95.9,95.48,1.004,False,,True,R-desk,36,evt_S-61_upper_body_0021,f387b755f567e5c3,pose_hand_context,,5049.5,9.01,,1,cam12/e1/v1,rtmpose_baseline
full,03.CCTV Mobile Usage.mkv,632de9ed55947761d56d4c6142a3cb1a1fe69d0b1a6d0e01a2e404c697962623,dfine_native,125367.0,unknown_object,0.3132,737.04,93.72,786.13,146.35,2583.3,49.09,52.63,0.933,False,,True,R-desk,36,evt_S-61_upper_body_0021,f387b755f567e5c3,pose_hand_context,,5049.5,9.01,,1,cam12/e1/v1,rtmpose_baseline
full,03.CCTV Mobile Usage.mkv,632de9ed55947761d56d4c6142a3cb1a1fe69d0b1a6d0e01a2e404c697962623,dfine_native,125367.0,unknown_object,0.3105,737.03,150.3,832.89,188.83,3694.3,95.86,38.54,2.488,False,,True,R-desk,36,evt_S-61_upper_body_0021,f387b755f567e5c3,pose_hand_context,,5049.5,9.01,,1,cam12/e1/v1,rtmpose_baseline
full,03.CCTV Mobile Usage.mkv,632de9ed55947761d56d4c6142a3cb1a1fe69d0b1a6d0e01a2e404c697962623,dfine_native,125800.0,secondary_paper_chit,0.3871,110.52,436.61,171.26,485.01,2939.6,60.74,48.4,1.255,False,,True,S-61,33,evt_S-61_desk_work_surface_0006,28c3688f2442f0b0,pose_hand_context,,29942.8,3.7,,1,cam12/e1/v1,rtmpose_baseline
full,03.CCTV Mobile Usage.mkv,632de9ed55947761d56d4c6142a3cb1a1fe69d0b1a6d0e01a2e404c697962623,dfine_native,125800.0,secondary_paper_chit,0.4442,62.31,449.34,144.94,503.72,4493.4,82.63,54.38,1.52,False,,True,S-61,33,evt_S-61_desk_work_surface_0006,28c3688f2442f0b0,pose_hand_context,,29942.8,3.7,,1,cam12/e1/v1,rtmpose_baseline
full,03.CCTV Mobile Usage.mkv,632de9ed55947761d56d4c6142a3cb1a1fe69d0b1a6d0e01a2e404c697962623,dfine_native,125800.0,secondary_paper_chit,0.4494,117.0,477.41,178.46,521.42,2705.1,61.46,44.01,1.397,False,,True,S-61,33,evt_S-61_desk_work_surface_0006,28c3688f2442f0b0,pose_hand_context,,29942.8,3.7,,1,cam12/e1/v1,rtmpose_baseline
full,03.CCTV Mobile Usage.mkv,632de9ed55947761d56d4c6142a3cb1a1fe69d0b1a6d0e01a2e404c697962623,dfine_native,125800.0,secondary_paper_chit,0.4742,62.02,436.68,174.13,504.47,7599.9,112.11,67.79,1.654,False,,True,S-61,33,evt_S-61_desk_work_surface_0006,28c3688f2442f0b0,pose_hand_context,,29942.8,3.7,,1,cam12/e1/v1,rtmpose_baseline
full,03.CCTV Mobile Usage.mkv,632de9ed55947761d56d4c6142a3cb1a1fe69d0b1a6d0e01a2e404c697962623,dfine_native,125800.0,secondary_paper_chit,0.389,85.79,450.05,145.18,500.93,3022.4,59.4,50.88,1.167,False,,True,S-61,33,evt_S-61_desk_work_surface_0006,28c3688f2442f0b0,pose_hand_context,,29942.8,3.7,,1,cam12/e1/v1,rtmpose_baseline
full,03.CCTV Mobile Usage.mkv,632de9ed55947761d56d4c6142a3cb1a1fe69d0b1a6d0e01a2e404c697962623,dfine_native,125800.0,secondary_paper_chit,0.3014,60.97,436.63,178.24,520.33,9816.5,117.27,83.71,1.401,False,,True,S-61,33,evt_S-61_desk_work_surface_0006,28c3688f2442f0b0,pose_hand_context,,29942.8,3.7,,1,cam12/e1/v1,rtmpose_baseline
full,03.CCTV Mobile Usage.mkv,632de9ed55947761d56d4c6142a3cb1a1fe69d0b1a6d0e01a2e404c697962623,dfine_native,125800.0,secondary_paper_chit,0.3903,135.73,493.03,177.81,522.72,1249.2,42.07,29.69,1.417,False,,True,S-61,33,evt_S-61_desk_work_surface_0006,28c3688f2442f0b0,pose_hand_context,,29942.8,3.7,,1,cam12/e1/v1,rtmpose_baseline
full,03.CCTV Mobile Usage.mkv,632de9ed55947761d56d4c6142a3cb1a1fe69d0b1a6d0e01a2e404c697962623,dfine_native,125800.0,mouse,0.304,43.08,450.69,69.3,472.2,564.0,26.22,21.51,1.219,False,,True,S-61,33,evt_S-61_desk_work_surface_0006,28c3688f2442f0b0,pose_hand_context,,29942.8,3.7,,1,cam12/e1/v1,rtmpose_baseline
full,03.CCTV Mobile Usage.mkv,632de9ed55947761d56d4c6142a3cb1a1fe69d0b1a6d0e01a2e404c697962623,dfine_native,125800.0,secondary_paper_chit,0.3065,117.64,483.96,180.85,526.78,2706.7,63.21,42.82,1.476,False,,True,S-61,33,evt_S-61_desk_work_surface_0006,28c3688f2442f0b0,pose_hand_context,,29942.8,3.7,,1,cam12/e1/v1,rtmpose_baseline
full,03.CCTV Mobile Usage.mkv,632de9ed55947761d56d4c6142a3cb1a1fe69d0b1a6d0e01a2e404c697962623,dfine_native,125800.0,secondary_paper_chit,0.2549,142.17,494.34,180.98,526.98,1266.8,38.81,32.64,1.189,False,,True,S-61,33,evt_S-61_desk_work_surface_0006,28c3688f2442f0b0,pose_hand_context,,29942.8,3.7,,1,cam12/e1/v1,rtmpose_baseline
full,03.CCTV Mobile Usage.mkv,632de9ed55947761d56d4c6142a3cb1a1fe69d0b1a6d0e01a2e404c697962623,dfine_native,125800.0,secondary_paper_chit,0.3278,115.79,477.67,180.82,526.69,3187.6,65.03,49.02,1.327,False,,True,S-61,33,evt_S-61_desk_work_surface_0006,28c3688f2442f0b0,pose_hand_context,,29942.8,3.7,,1,cam12/e1/v1,rtmpose_baseline
full,03.CCTV Mobile Usage.mkv,632de9ed55947761d56d4c6142a3cb1a1fe69d0b1a6d0e01a2e404c697962623,dfine_native,125800.0,secondary_paper_chit,0.3711,116.02,477.84,180.88,526.78,3174.3,64.86,48.94,1.325,False,,True,S-61,33,evt_S-61_desk_work_surface_0006,28c3688f2442f0b0,pose_hand_context,,29942.8,3.7,,1,cam12/e1/v1,rtmpose_baseline
full,03.CCTV Mobile Usage.mkv,632de9ed55947761d56d4c6142a3cb1a1fe69d0b1a6d0e01a2e404c697962623,dfine_native,125800.0,secondary_paper_chit,0.2659,144.16,500.54,180.92,526.93,970.1,36.76,26.39,1.393,False,,True,S-61,33,evt_S-61_desk_work_surface_0006,28c3688f2442f0b0,pose_hand_context,,29942.8,3.7,,1,cam12/e1/v1,rtmpose_baseline
full,03.CCTV Mobile Usage.mkv,632de9ed55947761d56d4c6142a3cb1a1fe69d0b1a6d0e01a2e404c697962623,dfine_native,125800.0,mouse,0.2822,46.12,509.61,81.43,527.02,614.7,35.31,17.41,2.028,False,,True,S-61,33,evt_S-61_desk_work_surface_0006,28c3688f2442f0b0,pose_hand_context,,29942.8,3.7,,1,cam12/e1/v1,rtmpose_baseline
full,03.CCTV Mobile Usage.mkv,632de9ed55947761d56d4c6142a3cb1a1fe69d0b1a6d0e01a2e404c697962623,dfine_native,125800.0,stationery,0.3931,39.36,387.2,175.6,473.32,11733.3,136.24,86.12,1.582,False,,True,S-61,33,evt_S-61_desk_work_surface_0006,28c3688f2442f0b0,pose_hand_context,,29942.8,3.7,,1,cam12/e1/v1,rtmpose_baseline
full,03.CCTV Mobile Usage.mkv,632de9ed55947761d56d4c6142a3cb1a1fe69d0b1a6d0e01a2e404c697962623,dfine_native,125800.0,keyboard,0.302,7.98,439.28,65.43,503.48,3688.3,57.45,64.2,0.895,False,,True,S-61,33,evt_S-61_desk_work_surface_0006,28c3688f2442f0b0,pose_hand_context,,29942.8,3.7,,1,cam12/e1/v1,rtmpose_baseline
full,03.CCTV Mobile Usage.mkv,632de9ed55947761d56d4c6142a3cb1a1fe69d0b1a6d0e01a2e404c697962623,dfine_native,125800.0,keyboard,0.9148,962.13,451.95,1067.82,491.38,4167.3,105.69,39.43,2.68,False,,True,R-desk,35,evt_S-61_desk_work_surface_0006,4c0080a6cd295828,lap_bag_context,no_pose_observation,34560.0,1.33,,1,cam12/e1/v1,
full,03.CCTV Mobile Usage.mkv,632de9ed55947761d56d4c6142a3cb1a1fe69d0b1a6d0e01a2e404c697962623,dfine_native,125800.0,unknown_object,0.6797,699.88,396.18,845.07,492.22,13943.9,145.19,96.04,1.512,False,,True,R-desk,35,evt_S-61_desk_work_surface_0006,4c0080a6cd295828,lap_bag_context,no_pose_observation,34560.0,1.33,,1,cam12/e1/v1,
full,03.CCTV Mobile Usage.mkv,632de9ed55947761d56d4c6142a3cb1a1fe69d0b1a6d0e01a2e404c697962623,dfine_native,125800.0,monitor_or_bezel,0.7018,1019.11,395.69,1145.64,447.96,6613.5,126.52,52.27,2.42,False,,True,R-desk,35,evt_S-61_desk_work_surface_0006,4c0080a6cd295828,lap_bag_context,no_pose_observation,34560.0,1.33,,1,cam12/e1/v1,
full,03.CCTV Mobile Usage.mkv,632de9ed55947761d56d4c6142a3cb1a1fe69d0b1a6d0e01a2e404c697962623,dfine_native,125800.0,unknown_object,0.2667,700.11,396.29,780.69,492.0,7712.9,80.58,95.72,0.842,False,,True,R-desk,35,evt_S-61_desk_work_surface_0006,4c0080a6cd295828,lap_bag_context,no_pose_observation,34560.0,1.33,,1,cam12/e1/v1,
full,03.CCTV Mobile Usage.mkv,632de9ed55947761d56d4c6142a3cb1a1fe69d0b1a6d0e01a2e404c697962623,dfine_native,125800.0,keyboard,0.5677,802.2,396.27,870.51,420.72,1670.5,68.31,24.45,2.794,False,,True,R-desk,35,evt_S-61_desk_work_surface_0006,4c0080a6cd295828,lap_bag_context,no_pose_observation,34560.0,1.33,,1,cam12/e1/v1,
full,03.CCTV Mobile Usage.mkv,632de9ed55947761d56d4c6142a3cb1a1fe69d0b1a6d0e01a2e404c697962623,dfine_native,125800.0,phone,0.2744,1043.02,422.08,1112.86,474.16,3637.5,69.85,52.08,1.341,False,,True,R-desk,35,evt_S-61_desk_work_surface_0006,4c0080a6cd295828,lap_bag_context,no_pose_observation,34560.0,1.33,,1,cam12/e1/v1,
full,03.CCTV Mobile Usage.mkv,632de9ed55947761d56d4c6142a3cb1a1fe69d0b1a6d0e01a2e404c697962623,dfine_native,125800.0,mouse,0.578,864.77,413.81,892.34,435.24,591.1,27.58,21.43,1.287,False,,True,R-desk,35,evt_S-61_desk_work_surface_0006,4c0080a6cd295828,lap_bag_context,no_pose_observation,34560.0,1.33,,1,cam12/e1/v1,
full,03.CCTV Mobile Usage.mkv,632de9ed55947761d56d4c6142a3cb1a1fe69d0b1a6d0e01a2e404c697962623,dfine_native,125800.0,unknown_object,0.4403,700.06,396.17,764.51,491.72,6158.4,64.45,95.55,0.675,False,,True,R-desk,35,evt_S-61_desk_work_surface_0006,4c0080a6cd295828,lap_bag_context,no_pose_observation,34560.0,1.33,,1,cam12/e1/v1,
full,03.CCTV Mobile Usage.mkv,632de9ed55947761d56d4c6142a3cb1a1fe69d0b1a6d0e01a2e404c697962623,dfine_native,125800.0,mouse,0.5501,864.91,413.93,892.04,435.0,571.8,27.13,21.07,1.287,False,,True,R-desk,35,evt_S-61_desk_work_surface_0006,4c0080a6cd295828,lap_bag_context,no_pose_observation,34560.0,1.33,,1,cam12/e1/v1,
full,03.CCTV Mobile Usage.mkv,632de9ed55947761d56d4c6142a3cb1a1fe69d0b1a6d0e01a2e404c697962623,dfine_native,125800.0,mouse,0.3219,967.02,398.39,991.9,410.65,305.1,24.88,12.26,2.029,False,,True,R-desk,35,evt_S-61_desk_work_surface_0006,4c0080a6cd295828,lap_bag_context,no_pose_observation,34560.0,1.33,,1,cam12/e1/v1,
full,03.CCTV Mobile Usage.mkv,632de9ed55947761d56d4c6142a3cb1a1fe69d0b1a6d0e01a2e404c697962623,dfine_native,125800.0,monitor_or_bezel,0.2538,881.44,396.18,948.7,452.71,3802.0,67.26,56.53,1.19,False,,True,R-desk,35,evt_S-61_desk_work_surface_0006,4c0080a6cd295828,lap_bag_context,no_pose_observation,34560.0,1.33,,1,cam12/e1/v1,
full,03.CCTV Mobile Usage.mkv,632de9ed55947761d56d4c6142a3cb1a1fe69d0b1a6d0e01a2e404c697962623,dfine_native,125800.0,monitor_or_bezel,0.3047,1017.59,395.75,1146.6,488.15,11920.6,129.01,92.4,1.396,False,,True,R-desk,35,evt_S-61_desk_work_surface_0006,4c0080a6cd295828,lap_bag_context,no_pose_observation,34560.0,1.33,,1,cam12/e1/v1,
full,03.CCTV Mobile Usage.mkv,632de9ed55947761d56d4c6142a3cb1a1fe69d0b1a6d0e01a2e404c697962623,dfine_native,125800.0,mouse,0.3007,990.78,399.56,1026.89,413.44,501.2,36.11,13.88,2.602,False,,True,R-desk,35,evt_S-61_desk_work_surface_0006,4c0080a6cd295828,lap_bag_context,no_pose_observation,34560.0,1.33,,1,cam12/e1/v1,
full,03.CCTV Mobile Usage.mkv,632de9ed55947761d56d4c6142a3cb1a1fe69d0b1a6d0e01a2e404c697962623,dfine_native,125867.0,keyboard,0.9148,962.13,451.95,1067.82,491.38,4167.3,105.69,39.43,2.68,False,,True,R-desk,35,evt_S-61_upper_body_0021,068495c9888cf8db,lap_bag_context,no_pose_observation,34560.0,1.33,,1,cam12/e1/v1,
full,03.CCTV Mobile Usage.mkv,632de9ed55947761d56d4c6142a3cb1a1fe69d0b1a6d0e01a2e404c697962623,dfine_native,125867.0,unknown_object,0.6797,699.88,396.18,845.07,492.22,13943.9,145.19,96.04,1.512,False,,True,R-desk,35,evt_S-61_upper_body_0021,068495c9888cf8db,lap_bag_context,no_pose_observation,34560.0,1.33,,1,cam12/e1/v1,
full,03.CCTV Mobile Usage.mkv,632de9ed55947761d56d4c6142a3cb1a1fe69d0b1a6d0e01a2e404c697962623,dfine_native,125867.0,monitor_or_bezel,0.7018,1019.11,395.69,1145.64,447.96,6613.5,126.52,52.27,2.42,False,,True,R-desk,35,evt_S-61_upper_body_0021,068495c9888cf8db,lap_bag_context,no_pose_observation,34560.0,1.33,,1,cam12/e1/v1,
full,03.CCTV Mobile Usage.mkv,632de9ed55947761d56d4c6142a3cb1a1fe69d0b1a6d0e01a2e404c697962623,dfine_native,125867.0,unknown_object,0.2667,700.11,396.29,780.69,492.0,7712.9,80.58,95.72,0.842,False,,True,R-desk,35,evt_S-61_upper_body_0021,068495c9888cf8db,lap_bag_context,no_pose_observation,34560.0,1.33,,1,cam12/e1/v1,
full,03.CCTV Mobile Usage.mkv,632de9ed55947761d56d4c6142a3cb1a1fe69d0b1a6d0e01a2e404c697962623,dfine_native,125867.0,keyboard,0.5677,802.2,396.27,870.51,420.72,1670.5,68.31,24.45,2.794,False,,True,R-desk,35,evt_S-61_upper_body_0021,068495c9888cf8db,lap_bag_context,no_pose_observation,34560.0,1.33,,1,cam12/e1/v1,
full,03.CCTV Mobile Usage.mkv,632de9ed55947761d56d4c6142a3cb1a1fe69d0b1a6d0e01a2e404c697962623,dfine_native,125867.0,phone,0.2744,1043.02,422.08,1112.86,474.16,3637.5,69.85,52.08,1.341,False,,True,R-desk,35,evt_S-61_upper_body_0021,068495c9888cf8db,lap_bag_context,no_pose_observation,34560.0,1.33,,1,cam12/e1/v1,
full,03.CCTV Mobile Usage.mkv,632de9ed55947761d56d4c6142a3cb1a1fe69d0b1a6d0e01a2e404c697962623,dfine_native,125867.0,mouse,0.578,864.77,413.81,892.34,435.24,591.1,27.58,21.43,1.287,False,,True,R-desk,35,evt_S-61_upper_body_0021,068495c9888cf8db,lap_bag_context,no_pose_observation,34560.0,1.33,,1,cam12/e1/v1,
full,03.CCTV Mobile Usage.mkv,632de9ed55947761d56d4c6142a3cb1a1fe69d0b1a6d0e01a2e404c697962623,dfine_native,125867.0,unknown_object,0.4403,700.06,396.17,764.51,491.72,6158.4,64.45,95.55,0.675,False,,True,R-desk,35,evt_S-61_upper_body_0021,068495c9888cf8db,lap_bag_context,no_pose_observation,34560.0,1.33,,1,cam12/e1/v1,
full,03.CCTV Mobile Usage.mkv,632de9ed55947761d56d4c6142a3cb1a1fe69d0b1a6d0e01a2e404c697962623,dfine_native,125867.0,mouse,0.5501,864.91,413.93,892.04,435.0,571.8,27.13,21.07,1.287,False,,True,R-desk,35,evt_S-61_upper_body_0021,068495c9888cf8db,lap_bag_context,no_pose_observation,34560.0,1.33,,1,cam12/e1/v1,
full,03.CCTV Mobile Usage.mkv,632de9ed55947761d56d4c6142a3cb1a1fe69d0b1a6d0e01a2e404c697962623,dfine_native,125867.0,mouse,0.3219,967.02,398.39,991.9,410.65,305.1,24.88,12.26,2.029,False,,True,R-desk,35,evt_S-61_upper_body_0021,068495c9888cf8db,lap_bag_context,no_pose_observation,34560.0,1.33,,1,cam12/e1/v1,
full,03.CCTV Mobile Usage.mkv,632de9ed55947761d56d4c6142a3cb1a1fe69d0b1a6d0e01a2e404c697962623,dfine_native,125867.0,monitor_or_bezel,0.2538,881.44,396.18,948.7,452.71,3802.0,67.26,56.53,1.19,False,,True,R-desk,35,evt_S-61_upper_body_0021,068495c9888cf8db,lap_bag_context,no_pose_observation,34560.0,1.33,,1,cam12/e1/v1,
full,03.CCTV Mobile Usage.mkv,632de9ed55947761d56d4c6142a3cb1a1fe69d0b1a6d0e01a2e404c697962623,dfine_native,125867.0,monitor_or_bezel,0.3047,1017.59,395.75,1146.6,488.15,11920.6,129.01,92.4,1.396,False,,True,R-desk,35,evt_S-61_upper_body_0021,068495c9888cf8db,lap_bag_context,no_pose_observation,34560.0,1.33,,1,cam12/e1/v1,
full,03.CCTV Mobile Usage.mkv,632de9ed55947761d56d4c6142a3cb1a1fe69d0b1a6d0e01a2e404c697962623,dfine_native,125867.0,mouse,0.3007,990.78,399.56,1026.89,413.44,501.2,36.11,13.88,2.602,False,,True,R-desk,35,evt_S-61_upper_body_0021,068495c9888cf8db,lap_bag_context,no_pose_observation,34560.0,1.33,,1,cam12/e1/v1,
full,03.CCTV Mobile Usage.mkv,632de9ed55947761d56d4c6142a3cb1a1fe69d0b1a6d0e01a2e404c697962623,dfine_native,125867.0,unknown_object,0.463,110.82,436.73,172.0,483.86,2883.9,61.19,47.13,1.298,False,,True,S-61,33,evt_S-61_upper_body_0021,ff5261592f0db36e,pose_hand_context,,28331.6,3.8,,1,cam12/e1/v1,rtmpose_baseline
full,03.CCTV Mobile Usage.mkv,632de9ed55947761d56d4c6142a3cb1a1fe69d0b1a6d0e01a2e404c697962623,dfine_native,125867.0,secondary_paper_chit,0.3869,117.35,476.56,178.21,520.38,2667.4,60.86,43.83,1.389,False,,True,S-61,33,evt_S-61_upper_body_0021,ff5261592f0db36e,pose_hand_context,,28331.6,3.8,,1,cam12/e1/v1,rtmpose_baseline
full,03.CCTV Mobile Usage.mkv,632de9ed55947761d56d4c6142a3cb1a1fe69d0b1a6d0e01a2e404c697962623,dfine_native,125867.0,secondary_paper_chit,0.3178,62.39,449.31,145.12,503.8,4507.9,82.72,54.49,1.518,False,,True,S-61,33,evt_S-61_upper_body_0021,ff5261592f0db36e,pose_hand_context,,28331.6,3.8,,1,cam12/e1/v1,rtmpose_baseline
full,03.CCTV Mobile Usage.mkv,632de9ed55947761d56d4c6142a3cb1a1fe69d0b1a6d0e01a2e404c697962623,dfine_native,125867.0,unknown_object,0.4566,61.83,436.74,174.85,504.52,7661.3,113.03,67.78,1.667,False,,True,S-61,33,evt_S-61_upper_body_0021,ff5261592f0db36e,pose_hand_context,,28331.6,3.8,,1,cam12/e1/v1,rtmpose_baseline
full,03.CCTV Mobile Usage.mkv,632de9ed55947761d56d4c6142a3cb1a1fe69d0b1a6d0e01a2e404c697962623,dfine_native,125867.0,secondary_paper_chit,0.2577,85.83,450.35,145.35,501.13,3022.1,59.51,50.78,1.172,False,,True,S-61,33,evt_S-61_upper_body_0021,ff5261592f0db36e,pose_hand_context,,28331.6,3.8,,1,cam12/e1/v1,rtmpose_baseline
full,03.CCTV Mobile Usage.mkv,632de9ed55947761d56d4c6142a3cb1a1fe69d0b1a6d0e01a2e404c697962623,dfine_native,125867.0,secondary_paper_chit,0.3142,135.4,493.13,177.42,521.68,1199.9,42.03,28.55,1.472,False,,True,S-61,33,evt_S-61_upper_body_0021,ff5261592f0db36e,pose_hand_context,,28331.6,3.8,,1,cam12/e1/v1,rtmpose_baseline
full,03.CCTV Mobile Usage.mkv,632de9ed55947761d56d4c6142a3cb1a1fe69d0b1a6d0e01a2e404c697962623,dfine_native,126300.0,secondary_paper_chit,0.4736,61.21,437.27,179.71,505.42,8075.2,118.49,68.15,1.739,False,,True,S-61,33,evt_S-61_desk_work_surface_0006,55b72420f494d8ab,pose_hand_context,,42862.7,3.01,,1,cam12/e1/v1,rtmpose_baseline
full,03.CCTV Mobile Usage.mkv,632de9ed55947761d56d4c6142a3cb1a1fe69d0b1a6d0e01a2e404c697962623,dfine_native,126300.0,secondary_paper_chit,0.2676,86.5,450.93,145.43,501.14,2959.1,58.93,50.21,1.174,False,,True,S-61,33,evt_S-61_desk_work_surface_0006,55b72420f494d8ab,pose_hand_context,,42862.7,3.01,,1,cam12/e1/v1,rtmpose_baseline
full,03.CCTV Mobile Usage.mkv,632de9ed55947761d56d4c6142a3cb1a1fe69d0b1a6d0e01a2e404c697962623,dfine_native,126300.0,secondary_paper_chit,0.2823,61.21,450.03,144.96,504.13,4530.9,83.75,54.1,1.548,False,,True,S-61,33,evt_S-61_desk_work_surface_0006,55b72420f494d8ab,pose_hand_context,,42862.7,3.01,,1,cam12/e1/v1,rtmpose_baseline
full,03.CCTV Mobile Usage.mkv,632de9ed55947761d56d4c6142a3cb1a1fe69d0b1a6d0e01a2e404c697962623,dfine_native,126300.0,keyboard,0.2589,-0.2,441.7,65.91,505.52,4218.4,66.1,63.82,1.036,False,,True,S-61,33,evt_S-61_desk_work_surface_0006,55b72420f494d8ab,pose_hand_context,,42862.7,3.01,,1,cam12/e1/v1,rtmpose_baseline
full,03.CCTV Mobile Usage.mkv,632de9ed55947761d56d4c6142a3cb1a1fe69d0b1a6d0e01a2e404c697962623,dfine_native,126300.0,stationery,0.4137,47.26,510.03,86.19,547.0,1439.1,38.93,36.97,1.053,False,,True,S-61,33,evt_S-61_desk_work_surface_0006,55b72420f494d8ab,pose_hand_context,,42862.7,3.01,,1,cam12/e1/v1,rtmpose_baseline
full,03.CCTV Mobile Usage.mkv,632de9ed55947761d56d4c6142a3cb1a1fe69d0b1a6d0e01a2e404c697962623,dfine_native,126300.0,secondary_paper_chit,0.3092,87.08,437.06,178.49,503.36,6060.6,91.42,66.3,1.379,False,,True,S-61,33,evt_S-61_desk_work_surface_0006,55b72420f494d8ab,pose_hand_context,,42862.7,3.01,,1,cam12/e1/v1,rtmpose_baseline
full,03.CCTV Mobile Usage.mkv,632de9ed55947761d56d4c6142a3cb1a1fe69d0b1a6d0e01a2e404c697962623,dfine_native,126300.0,secondary_paper_chit,0.2616,117.77,478.17,182.12,522.57,2857.6,64.36,44.4,1.449,False,,True,S-61,33,evt_S-61_desk_work_surface_0006,55b72420f494d8ab,pose_hand_context,,42862.7,3.01,,1,cam12/e1/v1,rtmpose_baseline
full,03.CCTV Mobile Usage.mkv,632de9ed55947761d56d4c6142a3cb1a1fe69d0b1a6d0e01a2e404c697962623,dfine_native,126300.0,secondary_paper_chit,0.3396,60.11,437.25,183.11,523.08,10556.1,123.0,85.82,1.433,False,,True,S-61,33,evt_S-61_desk_work_surface_0006,55b72420f494d8ab,pose_hand_context,,42862.7,3.01,,1,cam12/e1/v1,rtmpose_baseline
full,03.CCTV Mobile Usage.mkv,632de9ed55947761d56d4c6142a3cb1a1fe69d0b1a6d0e01a2e404c697962623,dfine_native,126367.0,secondary_paper_chit,0.4736,61.21,437.27,179.71,505.42,8075.2,118.49,68.15,1.739,False,,True,S-61,33,evt_S-61_upper_body_0021,080a61f177c6e061,pose_hand_context,,42862.7,3.01,,1,cam12/e1/v1,rtmpose_baseline
full,03.CCTV Mobile Usage.mkv,632de9ed55947761d56d4c6142a3cb1a1fe69d0b1a6d0e01a2e404c697962623,dfine_native,126367.0,secondary_paper_chit,0.2676,86.5,450.93,145.43,501.14,2959.1,58.93,50.21,1.174,False,,True,S-61,33,evt_S-61_upper_body_0021,080a61f177c6e061,pose_hand_context,,42862.7,3.01,,1,cam12/e1/v1,rtmpose_baseline
full,03.CCTV Mobile Usage.mkv,632de9ed55947761d56d4c6142a3cb1a1fe69d0b1a6d0e01a2e404c697962623,dfine_native,126367.0,secondary_paper_chit,0.2823,61.21,450.03,144.96,504.13,4530.9,83.75,54.1,1.548,False,,True,S-61,33,evt_S-61_upper_body_0021,080a61f177c6e061,pose_hand_context,,42862.7,3.01,,1,cam12/e1/v1,rtmpose_baseline
full,03.CCTV Mobile Usage.mkv,632de9ed55947761d56d4c6142a3cb1a1fe69d0b1a6d0e01a2e404c697962623,dfine_native,126367.0,keyboard,0.2589,-0.2,441.7,65.91,505.52,4218.4,66.1,63.82,1.036,False,,True,S-61,33,evt_S-61_upper_body_0021,080a61f177c6e061,pose_hand_context,,42862.7,3.01,,1,cam12/e1/v1,rtmpose_baseline
full,03.CCTV Mobile Usage.mkv,632de9ed55947761d56d4c6142a3cb1a1fe69d0b1a6d0e01a2e404c697962623,dfine_native,126367.0,stationery,0.4137,47.26,510.03,86.19,547.0,1439.1,38.93,36.97,1.053,False,,True,S-61,33,evt_S-61_upper_body_0021,080a61f177c6e061,pose_hand_context,,42862.7,3.01,,1,cam12/e1/v1,rtmpose_baseline
full,03.CCTV Mobile Usage.mkv,632de9ed55947761d56d4c6142a3cb1a1fe69d0b1a6d0e01a2e404c697962623,dfine_native,126367.0,secondary_paper_chit,0.3092,87.08,437.06,178.49,503.36,6060.6,91.42,66.3,1.379,False,,True,S-61,33,evt_S-61_upper_body_0021,080a61f177c6e061,pose_hand_context,,42862.7,3.01,,1,cam12/e1/v1,rtmpose_baseline
full,03.CCTV Mobile Usage.mkv,632de9ed55947761d56d4c6142a3cb1a1fe69d0b1a6d0e01a2e404c697962623,dfine_native,126367.0,secondary_paper_chit,0.2616,117.77,478.17,182.12,522.57,2857.6,64.36,44.4,1.449,False,,True,S-61,33,evt_S-61_upper_body_0021,080a61f177c6e061,pose_hand_context,,42862.7,3.01,,1,cam12/e1/v1,rtmpose_baseline
full,03.CCTV Mobile Usage.mkv,632de9ed55947761d56d4c6142a3cb1a1fe69d0b1a6d0e01a2e404c697962623,dfine_native,126367.0,secondary_paper_chit,0.3396,60.11,437.25,183.11,523.08,10556.1,123.0,85.82,1.433,False,,True,S-61,33,evt_S-61_upper_body_0021,080a61f177c6e061,pose_hand_context,,42862.7,3.01,,1,cam12/e1/v1,rtmpose_baseline
full,03.CCTV Mobile Usage.mkv,632de9ed55947761d56d4c6142a3cb1a1fe69d0b1a6d0e01a2e404c697962623,dfine_native,126800.0,secondary_paper_chit,0.4383,86.45,436.71,176.65,503.11,5989.1,90.19,66.4,1.358,False,,True,S-61,33,evt_S-61_desk_work_surface_0006,ae7ad345358ede85,pose_hand_context,,43557.4,2.97,,1,cam12/e1/v1,rtmpose_baseline
full,03.CCTV Mobile Usage.mkv,632de9ed55947761d56d4c6142a3cb1a1fe69d0b1a6d0e01a2e404c697962623,dfine_native,126800.0,secondary_paper_chit,0.5667,61.95,436.69,177.43,504.86,7872.7,115.48,68.17,1.694,False,,True,S-61,33,evt_S-61_desk_work_surface_0006,ae7ad345358ede85,pose_hand_context,,43557.4,2.97,,1,cam12/e1/v1,rtmpose_baseline
full,03.CCTV Mobile Usage.mkv,632de9ed55947761d56d4c6142a3cb1a1fe69d0b1a6d0e01a2e404c697962623,dfine_native,126800.0,secondary_paper_chit,0.3299,118.52,475.92,182.3,522.32,2959.6,63.78,46.4,1.374,False,,True,S-61,33,evt_S-61_desk_work_surface_0006,ae7ad345358ede85,pose_hand_context,,43557.4,2.97,,1,cam12/e1/v1,rtmpose_baseline
full,03.CCTV Mobile Usage.mkv,632de9ed55947761d56d4c6142a3cb1a1fe69d0b1a6d0e01a2e404c697962623,dfine_native,126800.0,secondary_paper_chit,0.2795,134.82,492.06,178.51,521.96,1306.3,43.69,29.9,1.461,False,,True,S-61,33,evt_S-61_desk_work_surface_0006,ae7ad345358ede85,pose_hand_context,,43557.4,2.97,,1,cam12/e1/v1,rtmpose_baseline
full,03.CCTV Mobile Usage.mkv,632de9ed55947761d56d4c6142a3cb1a1fe69d0b1a6d0e01a2e404c697962623,dfine_native,126800.0,unknown_object,0.3897,29.55,332.08,109.0,381.89,3957.3,79.45,49.81,1.595,False,,True,S-61,33,evt_S-61_desk_work_surface_0006,ae7ad345358ede85,pose_hand_context,,43557.4,2.97,,1,cam12/e1/v1,rtmpose_baseline
full,03.CCTV Mobile Usage.mkv,632de9ed55947761d56d4c6142a3cb1a1fe69d0b1a6d0e01a2e404c697962623,dfine_native,126800.0,phone,0.2521,9.84,475.15,64.09,497.85,1231.6,54.24,22.7,2.389,False,,True,S-61,33,evt_S-61_desk_work_surface_0006,ae7ad345358ede85,pose_hand_context,,43557.4,2.97,,1,cam12/e1/v1,rtmpose_baseline
full,03.CCTV Mobile Usage.mkv,632de9ed55947761d56d4c6142a3cb1a1fe69d0b1a6d0e01a2e404c697962623,dfine_native,126800.0,phone,0.3385,42.28,450.38,69.08,472.47,591.9,26.8,22.09,1.213,False,,True,S-61,33,evt_S-61_desk_work_surface_0006,ae7ad345358ede85,pose_hand_context,,43557.4,2.97,,1,cam12/e1/v1,rtmpose_baseline
full,03.CCTV Mobile Usage.mkv,632de9ed55947761d56d4c6142a3cb1a1fe69d0b1a6d0e01a2e404c697962623,dfine_native,126800.0,secondary_paper_chit,0.2706,86.74,450.56,145.39,500.8,2946.8,58.66,50.24,1.168,False,,True,S-61,33,evt_S-61_desk_work_surface_0006,ae7ad345358ede85,pose_hand_context,,43557.4,2.97,,1,cam12/e1/v1,rtmpose_baseline
full,03.CCTV Mobile Usage.mkv,632de9ed55947761d56d4c6142a3cb1a1fe69d0b1a6d0e01a2e404c697962623,dfine_native,126800.0,stationery,0.3265,47.88,510.39,85.72,548.02,1423.8,37.84,37.63,1.006,False,,True,S-61,33,evt_S-61_desk_work_surface_0006,ae7ad345358ede85,pose_hand_context,,43557.4,2.97,,1,cam12/e1/v1,rtmpose_baseline
full,03.CCTV Mobile Usage.mkv,632de9ed55947761d56d4c6142a3cb1a1fe69d0b1a6d0e01a2e404c697962623,dfine_native,126800.0,unknown_object,0.293,-0.12,494.19,176.55,547.74,9460.6,176.67,53.55,3.299,False,,True,S-61,33,evt_S-61_desk_work_surface_0006,ae7ad345358ede85,pose_hand_context,,43557.4,2.97,,1,cam12/e1/v1,rtmpose_baseline
full,03.CCTV Mobile Usage.mkv,632de9ed55947761d56d4c6142a3cb1a1fe69d0b1a6d0e01a2e404c697962623,dfine_native,126800.0,unknown_object,0.2556,66.12,509.89,85.14,543.72,643.2,19.02,33.83,0.562,False,,True,S-61,33,evt_S-61_desk_work_surface_0006,ae7ad345358ede85,pose_hand_context,,43557.4,2.97,,1,cam12/e1/v1,rtmpose_baseline
full,03.CCTV Mobile Usage.mkv,632de9ed55947761d56d4c6142a3cb1a1fe69d0b1a6d0e01a2e404c697962623,dfine_native,126800.0,secondary_paper_chit,0.2869,60.93,436.64,184.79,528.09,11327.3,123.86,91.45,1.354,False,,True,S-61,33,evt_S-61_desk_work_surface_0006,ae7ad345358ede85,pose_hand_context,,43557.4,2.97,,1,cam12/e1/v1,rtmpose_baseline
full,03.CCTV Mobile Usage.mkv,632de9ed55947761d56d4c6142a3cb1a1fe69d0b1a6d0e01a2e404c697962623,dfine_native,126867.0,secondary_paper_chit,0.575,61.96,437.05,177.75,504.82,7847.0,115.79,67.77,1.709,False,,True,S-61,33,evt_S-61_upper_body_0021,7e8e37e8407f1cc8,pose_hand_context,,42135.7,3.02,,1,cam12/e1/v1,rtmpose_baseline
full,03.CCTV Mobile Usage.mkv,632de9ed55947761d56d4c6142a3cb1a1fe69d0b1a6d0e01a2e404c697962623,dfine_native,126867.0,secondary_paper_chit,0.32,134.36,491.91,178.09,522.12,1320.9,43.73,30.2,1.448,False,,True,S-61,33,evt_S-61_upper_body_0021,7e8e37e8407f1cc8,pose_hand_context,,42135.7,3.02,,1,cam12/e1/v1,rtmpose_baseline
full,03.CCTV Mobile Usage.mkv,632de9ed55947761d56d4c6142a3cb1a1fe69d0b1a6d0e01a2e404c697962623,dfine_native,126867.0,secondary_paper_chit,0.4377,87.0,437.01,177.44,502.82,5952.0,90.44,65.81,1.374,False,,True,S-61,33,evt_S-61_upper_body_0021,7e8e37e8407f1cc8,pose_hand_context,,42135.7,3.02,,1,cam12/e1/v1,rtmpose_baseline
full,03.CCTV Mobile Usage.mkv,632de9ed55947761d56d4c6142a3cb1a1fe69d0b1a6d0e01a2e404c697962623,dfine_native,126867.0,secondary_paper_chit,0.3719,118.26,478.06,181.3,521.81,2758.1,63.04,43.75,1.441,False,,True,S-61,33,evt_S-61_upper_body_0021,7e8e37e8407f1cc8,pose_hand_context,,42135.7,3.02,,1,cam12/e1/v1,rtmpose_baseline
full,03.CCTV Mobile Usage.mkv,632de9ed55947761d56d4c6142a3cb1a1fe69d0b1a6d0e01a2e404c697962623,dfine_native,126867.0,secondary_paper_chit,0.2607,61.47,462.12,115.59,503.19,2222.4,54.12,41.06,1.318,False,,True,S-61,33,evt_S-61_upper_body_0021,7e8e37e8407f1cc8,pose_hand_context,,42135.7,3.02,,1,cam12/e1/v1,rtmpose_baseline
full,03.CCTV Mobile Usage.mkv,632de9ed55947761d56d4c6142a3cb1a1fe69d0b1a6d0e01a2e404c697962623,dfine_native,126867.0,secondary_paper_chit,0.3095,110.22,437.09,176.69,487.87,3375.0,66.47,50.77,1.309,False,,True,S-61,33,evt_S-61_upper_body_0021,7e8e37e8407f1cc8,pose_hand_context,,42135.7,3.02,,1,cam12/e1/v1,rtmpose_baseline
full,03.CCTV Mobile Usage.mkv,632de9ed55947761d56d4c6142a3cb1a1fe69d0b1a6d0e01a2e404c697962623,dfine_native,126867.0,secondary_paper_chit,0.3392,86.59,450.85,145.37,500.92,2942.9,58.77,50.07,1.174,False,,True,S-61,33,evt_S-61_upper_body_0021,7e8e37e8407f1cc8,pose_hand_context,,42135.7,3.02,,1,cam12/e1/v1,rtmpose_baseline
full,03.CCTV Mobile Usage.mkv,632de9ed55947761d56d4c6142a3cb1a1fe69d0b1a6d0e01a2e404c697962623,dfine_native,126867.0,secondary_paper_chit,0.2994,61.32,450.71,144.26,504.12,4429.7,82.94,53.41,1.553,False,,True,S-61,33,evt_S-61_upper_body_0021,7e8e37e8407f1cc8,pose_hand_context,,42135.7,3.02,,1,cam12/e1/v1,rtmpose_baseline
full,03.CCTV Mobile Usage.mkv,632de9ed55947761d56d4c6142a3cb1a1fe69d0b1a6d0e01a2e404c697962623,dfine_native,126867.0,phone,0.3178,42.01,450.34,69.2,472.44,600.7,27.19,22.09,1.231,False,,True,S-61,33,evt_S-61_upper_body_0021,7e8e37e8407f1cc8,pose_hand_context,,42135.7,3.02,,1,cam12/e1/v1,rtmpose_baseline
full,03.CCTV Mobile Usage.mkv,632de9ed55947761d56d4c6142a3cb1a1fe69d0b1a6d0e01a2e404c697962623,dfine_native,126867.0,stationery,0.4015,47.19,510.25,85.51,547.03,1409.5,38.33,36.78,1.042,False,,True,S-61,33,evt_S-61_upper_body_0021,7e8e37e8407f1cc8,pose_hand_context,,42135.7,3.02,,1,cam12/e1/v1,rtmpose_baseline
full,03.CCTV Mobile Usage.mkv,632de9ed55947761d56d4c6142a3cb1a1fe69d0b1a6d0e01a2e404c697962623,dfine_native,126867.0,secondary_paper_chit,0.25,88.69,437.09,182.44,521.33,7897.9,93.75,84.24,1.113,False,,True,S-61,33,evt_S-61_upper_body_0021,7e8e37e8407f1cc8,pose_hand_context,,42135.7,3.02,,1,cam12/e1/v1,rtmpose_baseline
full,03.CCTV Mobile Usage.mkv,632de9ed55947761d56d4c6142a3cb1a1fe69d0b1a6d0e01a2e404c697962623,dfine_native,126867.0,secondary_paper_chit,0.3421,60.82,436.88,182.77,523.24,10530.4,121.95,86.35,1.412,False,,True,S-61,33,evt_S-61_upper_body_0021,7e8e37e8407f1cc8,pose_hand_context,,42135.7,3.02,,1,cam12/e1/v1,rtmpose_baseline
full,03.CCTV Mobile Usage.mkv,632de9ed55947761d56d4c6142a3cb1a1fe69d0b1a6d0e01a2e404c697962623,dfine_native,127300.0,mouse,0.6064,43.38,450.38,70.6,473.99,642.5,27.21,23.61,1.152,False,,True,S-61,33,evt_S-61_desk_work_surface_0006,1db5cfca75146df7,pose_hand_context,,47029.7,2.83,,1,cam12/e1/v1,rtmpose_baseline
full,03.CCTV Mobile Usage.mkv,632de9ed55947761d56d4c6142a3cb1a1fe69d0b1a6d0e01a2e404c697962623,dfine_native,127300.0,secondary_paper_chit,0.5104,61.0,436.68,176.91,504.62,7874.8,115.91,67.94,1.706,False,,True,S-61,33,evt_S-61_desk_work_surface_0006,1db5cfca75146df7,pose_hand_context,,47029.7,2.83,,1,cam12/e1/v1,rtmpose_baseline
full,03.CCTV Mobile Usage.mkv,632de9ed55947761d56d4c6142a3cb1a1fe69d0b1a6d0e01a2e404c697962623,dfine_native,127300.0,secondary_paper_chit,0.4556,87.38,436.62,176.65,502.24,5857.6,89.27,65.62,1.36,False,,True,S-61,33,evt_S-61_desk_work_surface_0006,1db5cfca75146df7,pose_hand_context,,47029.7,2.83,,1,cam12/e1/v1,rtmpose_baseline
full,03.CCTV Mobile Usage.mkv,632de9ed55947761d56d4c6142a3cb1a1fe69d0b1a6d0e01a2e404c697962623,dfine_native,127300.0,secondary_paper_chit,0.3093,110.61,436.77,175.84,488.15,3351.8,65.23,51.38,1.27,False,,True,S-61,33,evt_S-61_desk_work_surface_0006,1db5cfca75146df7,pose_hand_context,,47029.7,2.83,,1,cam12/e1/v1,rtmpose_baseline
full,03.CCTV Mobile Usage.mkv,632de9ed55947761d56d4c6142a3cb1a1fe69d0b1a6d0e01a2e404c697962623,dfine_native,127300.0,unknown_object,0.4258,25.17,328.07,109.51,382.25,4570.1,84.34,54.19,1.556,False,,True,S-61,33,evt_S-61_desk_work_surface_0006,1db5cfca75146df7,pose_hand_context,,47029.7,2.83,,1,cam12/e1/v1,rtmpose_baseline
full,03.CCTV Mobile Usage.mkv,632de9ed55947761d56d4c6142a3cb1a1fe69d0b1a6d0e01a2e404c697962623,dfine_native,127300.0,secondary_paper_chit,0.2784,134.68,492.01,178.48,522.23,1323.9,43.81,30.22,1.45,False,,True,S-61,33,evt_S-61_desk_work_surface_0006,1db5cfca75146df7,pose_hand_context,,47029.7,2.83,,1,cam12/e1/v1,rtmpose_baseline
full,03.CCTV Mobile Usage.mkv,632de9ed55947761d56d4c6142a3cb1a1fe69d0b1a6d0e01a2e404c697962623,dfine_native,127300.0,secondary_paper_chit,0.3271,86.94,450.36,145.27,500.74,2937.9,58.32,50.37,1.158,False,,True,S-61,33,evt_S-61_desk_work_surface_0006,1db5cfca75146df7,pose_hand_context,,47029.7,2.83,,1,cam12/e1/v1,rtmpose_baseline
full,03.CCTV Mobile Usage.mkv,632de9ed55947761d56d4c6142a3cb1a1fe69d0b1a6d0e01a2e404c697962623,dfine_native,127300.0,secondary_paper_chit,0.2746,60.43,462.82,117.54,503.54,2325.3,57.11,40.72,1.403,False,,True,S-61,33,evt_S-61_desk_work_surface_0006,1db5cfca75146df7,pose_hand_context,,47029.7,2.83,,1,cam12/e1/v1,rtmpose_baseline
full,03.CCTV Mobile Usage.mkv,632de9ed55947761d56d4c6142a3cb1a1fe69d0b1a6d0e01a2e404c697962623,dfine_native,127300.0,stationery,0.3301,47.06,509.61,85.45,552.13,1632.6,38.4,42.52,0.903,False,,True,S-61,33,evt_S-61_desk_work_surface_0006,1db5cfca75146df7,pose_hand_context,,47029.7,2.83,,1,cam12/e1/v1,rtmpose_baseline
full,03.CCTV Mobile Usage.mkv,632de9ed55947761d56d4c6142a3cb1a1fe69d0b1a6d0e01a2e404c697962623,dfine_native,127300.0,secondary_paper_chit,0.3324,118.55,478.09,180.85,520.64,2650.6,62.29,42.55,1.464,False,,True,S-61,33,evt_S-61_desk_work_surface_0006,1db5cfca75146df7,pose_hand_context,,47029.7,2.83,,1,cam12/e1/v1,rtmpose_baseline
full,03.CCTV Mobile Usage.mkv,632de9ed55947761d56d4c6142a3cb1a1fe69d0b1a6d0e01a2e404c697962623,dfine_native,127300.0,monitor_or_bezel,0.334,-0.22,494.18,182.88,553.81,10916.8,183.1,59.62,3.071,False,,True,S-61,33,evt_S-61_desk_work_surface_0006,1db5cfca75146df7,pose_hand_context,,47029.7,2.83,,1,cam12/e1/v1,rtmpose_baseline
full,03.CCTV Mobile Usage.mkv,632de9ed55947761d56d4c6142a3cb1a1fe69d0b1a6d0e01a2e404c697962623,dfine_native,127300.0,unknown_object,0.2558,23.64,328.11,129.35,384.54,5965.7,105.71,56.43,1.873,False,,True,S-61,33,evt_S-61_desk_work_surface_0006,1db5cfca75146df7,pose_hand_context,,47029.7,2.83,,1,cam12/e1/v1,rtmpose_baseline
full,03.CCTV Mobile Usage.mkv,632de9ed55947761d56d4c6142a3cb1a1fe69d0b1a6d0e01a2e404c697962623,dfine_native,127300.0,keyboard,0.9173,962.11,451.96,1067.93,491.38,4171.5,105.82,39.42,2.684,False,,True,R-desk,37,evt_S-61_desk_work_surface_0006,8a7953295bd2532a,lap_bag_context,no_pose_observation,34560.0,1.33,,1,cam12/e1/v1,
full,03.CCTV Mobile Usage.mkv,632de9ed55947761d56d4c6142a3cb1a1fe69d0b1a6d0e01a2e404c697962623,dfine_native,127300.0,monitor_or_bezel,0.6996,1019.16,395.8,1145.66,448.06,6611.2,126.5,52.26,2.42,False,,True,R-desk,37,evt_S-61_desk_work_surface_0006,8a7953295bd2532a,lap_bag_context,no_pose_observation,34560.0,1.33,,1,cam12/e1/v1,
full,03.CCTV Mobile Usage.mkv,632de9ed55947761d56d4c6142a3cb1a1fe69d0b1a6d0e01a2e404c697962623,dfine_native,127300.0,unknown_object,0.6226,699.92,396.19,847.18,492.32,14156.4,147.27,96.13,1.532,False,,True,R-desk,37,evt_S-61_desk_work_surface_0006,8a7953295bd2532a,lap_bag_context,no_pose_observation,34560.0,1.33,,1,cam12/e1/v1,
full,03.CCTV Mobile Usage.mkv,632de9ed55947761d56d4c6142a3cb1a1fe69d0b1a6d0e01a2e404c697962623,dfine_native,127300.0,unknown_object,0.4337,700.05,396.15,767.44,492.02,6460.9,67.39,95.88,0.703,False,,True,R-desk,37,evt_S-61_desk_work_surface_0006,8a7953295bd2532a,lap_bag_context,no_pose_observation,34560.0,1.33,,1,cam12/e1/v1,
full,03.CCTV Mobile Usage.mkv,632de9ed55947761d56d4c6142a3cb1a1fe69d0b1a6d0e01a2e404c697962623,dfine_native,127300.0,keyboard,0.5786,802.09,396.25,870.56,420.7,1673.9,68.47,24.45,2.801,False,,True,R-desk,37,evt_S-61_desk_work_surface_0006,8a7953295bd2532a,lap_bag_context,no_pose_observation,34560.0,1.33,,1,cam12/e1/v1,
full,03.CCTV Mobile Usage.mkv,632de9ed55947761d56d4c6142a3cb1a1fe69d0b1a6d0e01a2e404c697962623,dfine_native,127300.0,unknown_object,0.4786,700.06,396.2,756.08,491.6,5343.6,56.02,95.39,0.587,False,,True,R-desk,37,evt_S-61_desk_work_surface_0006,8a7953295bd2532a,lap_bag_context,no_pose_observation,34560.0,1.33,,1,cam12/e1/v1,
full,03.CCTV Mobile Usage.mkv,632de9ed55947761d56d4c6142a3cb1a1fe69d0b1a6d0e01a2e404c697962623,dfine_native,127300.0,phone,0.2884,1042.84,421.97,1113.41,474.26,3690.3,70.57,52.29,1.349,False,,True,R-desk,37,evt_S-61_desk_work_surface_0006,8a7953295bd2532a,lap_bag_context,no_pose_observation,34560.0,1.33,,1,cam12/e1/v1,
full,03.CCTV Mobile Usage.mkv,632de9ed55947761d56d4c6142a3cb1a1fe69d0b1a6d0e01a2e404c697962623,dfine_native,127300.0,mouse,0.6092,864.81,413.83,892.33,435.1,585.4,27.52,21.27,1.294,False,,True,R-desk,37,evt_S-61_desk_work_surface_0006,8a7953295bd2532a,lap_bag_context,no_pose_observation,34560.0,1.33,,1,cam12/e1/v1,
full,03.CCTV Mobile Usage.mkv,632de9ed55947761d56d4c6142a3cb1a1fe69d0b1a6d0e01a2e404c697962623,dfine_native,127300.0,monitor_or_bezel,0.3286,1015.36,395.77,1146.96,488.32,12179.9,131.61,92.55,1.422,False,,True,R-desk,37,evt_S-61_desk_work_surface_0006,8a7953295bd2532a,lap_bag_context,no_pose_observation,34560.0,1.33,,1,cam12/e1/v1,
full,03.CCTV Mobile Usage.mkv,632de9ed55947761d56d4c6142a3cb1a1fe69d0b1a6d0e01a2e404c697962623,dfine_native,127300.0,mouse,0.3536,967.12,398.39,992.02,410.66,305.6,24.9,12.27,2.03,False,,True,R-desk,37,evt_S-61_desk_work_surface_0006,8a7953295bd2532a,lap_bag_context,no_pose_observation,34560.0,1.33,,1,cam12/e1/v1,
full,03.CCTV Mobile Usage.mkv,632de9ed55947761d56d4c6142a3cb1a1fe69d0b1a6d0e01a2e404c697962623,dfine_native,127300.0,unknown_object,0.2613,700.08,396.15,784.65,492.3,8130.2,84.56,96.14,0.88,False,,True,R-desk,37,evt_S-61_desk_work_surface_0006,8a7953295bd2532a,lap_bag_context,no_pose_observation,34560.0,1.33,,1,cam12/e1/v1,
full,03.CCTV Mobile Usage.mkv,632de9ed55947761d56d4c6142a3cb1a1fe69d0b1a6d0e01a2e404c697962623,dfine_native,127300.0,mouse,0.2588,992.09,401.21,1028.05,413.54,443.5,35.96,12.33,2.915,False,,True,R-desk,37,evt_S-61_desk_work_surface_0006,8a7953295bd2532a,lap_bag_context,no_pose_observation,34560.0,1.33,,1,cam12/e1/v1,
full,03.CCTV Mobile Usage.mkv,632de9ed55947761d56d4c6142a3cb1a1fe69d0b1a6d0e01a2e404c697962623,dfine_native,127300.0,mouse,0.2831,991.05,399.22,1026.76,413.36,505.2,35.72,14.15,2.525,False,,True,R-desk,37,evt_S-61_desk_work_surface_0006,8a7953295bd2532a,lap_bag_context,no_pose_observation,34560.0,1.33,,1,cam12/e1/v1,
full,03.CCTV Mobile Usage.mkv,632de9ed55947761d56d4c6142a3cb1a1fe69d0b1a6d0e01a2e404c697962623,dfine_native,127367.0,keyboard,0.9173,962.11,451.96,1067.93,491.38,4171.5,105.82,39.42,2.684,False,,True,R-desk,37,evt_S-61_upper_body_0021,8359d6520e7c9b8d,lap_bag_context,no_pose_observation,34560.0,1.33,,1,cam12/e1/v1,
full,03.CCTV Mobile Usage.mkv,632de9ed55947761d56d4c6142a3cb1a1fe69d0b1a6d0e01a2e404c697962623,dfine_native,127367.0,monitor_or_bezel,0.6996,1019.16,395.8,1145.66,448.06,6611.2,126.5,52.26,2.42,False,,True,R-desk,37,evt_S-61_upper_body_0021,8359d6520e7c9b8d,lap_bag_context,no_pose_observation,34560.0,1.33,,1,cam12/e1/v1,
full,03.CCTV Mobile Usage.mkv,632de9ed55947761d56d4c6142a3cb1a1fe69d0b1a6d0e01a2e404c697962623,dfine_native,127367.0,unknown_object,0.6226,699.92,396.19,847.18,492.32,14156.4,147.27,96.13,1.532,False,,True,R-desk,37,evt_S-61_upper_body_0021,8359d6520e7c9b8d,lap_bag_context,no_pose_observation,34560.0,1.33,,1,cam12/e1/v1,
full,03.CCTV Mobile Usage.mkv,632de9ed55947761d56d4c6142a3cb1a1fe69d0b1a6d0e01a2e404c697962623,dfine_native,127367.0,unknown_object,0.4337,700.05,396.15,767.44,492.02,6460.9,67.39,95.88,0.703,False,,True,R-desk,37,evt_S-61_upper_body_0021,8359d6520e7c9b8d,lap_bag_context,no_pose_observation,34560.0,1.33,,1,cam12/e1/v1,
full,03.CCTV Mobile Usage.mkv,632de9ed55947761d56d4c6142a3cb1a1fe69d0b1a6d0e01a2e404c697962623,dfine_native,127367.0,keyboard,0.5786,802.09,396.25,870.56,420.7,1673.9,68.47,24.45,2.801,False,,True,R-desk,37,evt_S-61_upper_body_0021,8359d6520e7c9b8d,lap_bag_context,no_pose_observation,34560.0,1.33,,1,cam12/e1/v1,
full,03.CCTV Mobile Usage.mkv,632de9ed55947761d56d4c6142a3cb1a1fe69d0b1a6d0e01a2e404c697962623,dfine_native,127367.0,unknown_object,0.4786,700.06,396.2,756.08,491.6,5343.6,56.02,95.39,0.587,False,,True,R-desk,37,evt_S-61_upper_body_0021,8359d6520e7c9b8d,lap_bag_context,no_pose_observation,34560.0,1.33,,1,cam12/e1/v1,
full,03.CCTV Mobile Usage.mkv,632de9ed55947761d56d4c6142a3cb1a1fe69d0b1a6d0e01a2e404c697962623,dfine_native,127367.0,phone,0.2884,1042.84,421.97,1113.41,474.26,3690.3,70.57,52.29,1.349,False,,True,R-desk,37,evt_S-61_upper_body_0021,8359d6520e7c9b8d,lap_bag_context,no_pose_observation,34560.0,1.33,,1,cam12/e1/v1,
full,03.CCTV Mobile Usage.mkv,632de9ed55947761d56d4c6142a3cb1a1fe69d0b1a6d0e01a2e404c697962623,dfine_native,127367.0,mouse,0.6092,864.81,413.83,892.33,435.1,585.4,27.52,21.27,1.294,False,,True,R-desk,37,evt_S-61_upper_body_0021,8359d6520e7c9b8d,lap_bag_context,no_pose_observation,34560.0,1.33,,1,cam12/e1/v1,
full,03.CCTV Mobile Usage.mkv,632de9ed55947761d56d4c6142a3cb1a1fe69d0b1a6d0e01a2e404c697962623,dfine_native,127367.0,monitor_or_bezel,0.3286,1015.36,395.77,1146.96,488.32,12179.9,131.61,92.55,1.422,False,,True,R-desk,37,evt_S-61_upper_body_0021,8359d6520e7c9b8d,lap_bag_context,no_pose_observation,34560.0,1.33,,1,cam12/e1/v1,
full,03.CCTV Mobile Usage.mkv,632de9ed55947761d56d4c6142a3cb1a1fe69d0b1a6d0e01a2e404c697962623,dfine_native,127367.0,mouse,0.3536,967.12,398.39,992.02,410.66,305.6,24.9,12.27,2.03,False,,True,R-desk,37,evt_S-61_upper_body_0021,8359d6520e7c9b8d,lap_bag_context,no_pose_observation,34560.0,1.33,,1,cam12/e1/v1,
full,03.CCTV Mobile Usage.mkv,632de9ed55947761d56d4c6142a3cb1a1fe69d0b1a6d0e01a2e404c697962623,dfine_native,127367.0,unknown_object,0.2613,700.08,396.15,784.65,492.3,8130.2,84.56,96.14,0.88,False,,True,R-desk,37,evt_S-61_upper_body_0021,8359d6520e7c9b8d,lap_bag_context,no_pose_observation,34560.0,1.33,,1,cam12/e1/v1,
full,03.CCTV Mobile Usage.mkv,632de9ed55947761d56d4c6142a3cb1a1fe69d0b1a6d0e01a2e404c697962623,dfine_native,127367.0,mouse,0.2588,992.09,401.21,1028.05,413.54,443.5,35.96,12.33,2.915,False,,True,R-desk,37,evt_S-61_upper_body_0021,8359d6520e7c9b8d,lap_bag_context,no_pose_observation,34560.0,1.33,,1,cam12/e1/v1,
full,03.CCTV Mobile Usage.mkv,632de9ed55947761d56d4c6142a3cb1a1fe69d0b1a6d0e01a2e404c697962623,dfine_native,127367.0,mouse,0.2831,991.05,399.22,1026.76,413.36,505.2,35.72,14.15,2.525,False,,True,R-desk,37,evt_S-61_upper_body_0021,8359d6520e7c9b8d,lap_bag_context,no_pose_observation,34560.0,1.33,,1,cam12/e1/v1,
full,03.CCTV Mobile Usage.mkv,632de9ed55947761d56d4c6142a3cb1a1fe69d0b1a6d0e01a2e404c697962623,dfine_native,127367.0,mouse,0.6064,43.38,450.38,70.6,473.99,642.5,27.21,23.61,1.152,False,,True,S-61,33,evt_S-61_upper_body_0021,ec604fd7c05d974c,pose_hand_context,,47029.7,2.83,,1,cam12/e1/v1,rtmpose_baseline
full,03.CCTV Mobile Usage.mkv,632de9ed55947761d56d4c6142a3cb1a1fe69d0b1a6d0e01a2e404c697962623,dfine_native,127367.0,secondary_paper_chit,0.5104,61.0,436.68,176.91,504.62,7874.8,115.91,67.94,1.706,False,,True,S-61,33,evt_S-61_upper_body_0021,ec604fd7c05d974c,pose_hand_context,,47029.7,2.83,,1,cam12/e1/v1,rtmpose_baseline
full,03.CCTV Mobile Usage.mkv,632de9ed55947761d56d4c6142a3cb1a1fe69d0b1a6d0e01a2e404c697962623,dfine_native,127367.0,secondary_paper_chit,0.4556,87.38,436.62,176.65,502.24,5857.6,89.27,65.62,1.36,False,,True,S-61,33,evt_S-61_upper_body_0021,ec604fd7c05d974c,pose_hand_context,,47029.7,2.83,,1,cam12/e1/v1,rtmpose_baseline
full,03.CCTV Mobile Usage.mkv,632de9ed55947761d56d4c6142a3cb1a1fe69d0b1a6d0e01a2e404c697962623,dfine_native,127367.0,secondary_paper_chit,0.3093,110.61,436.77,175.84,488.15,3351.8,65.23,51.38,1.27,False,,True,S-61,33,evt_S-61_upper_body_0021,ec604fd7c05d974c,pose_hand_context,,47029.7,2.83,,1,cam12/e1/v1,rtmpose_baseline
full,03.CCTV Mobile Usage.mkv,632de9ed55947761d56d4c6142a3cb1a1fe69d0b1a6d0e01a2e404c697962623,dfine_native,127367.0,unknown_object,0.4258,25.17,328.07,109.51,382.25,4570.1,84.34,54.19,1.556,False,,True,S-61,33,evt_S-61_upper_body_0021,ec604fd7c05d974c,pose_hand_context,,47029.7,2.83,,1,cam12/e1/v1,rtmpose_baseline
full,03.CCTV Mobile Usage.mkv,632de9ed55947761d56d4c6142a3cb1a1fe69d0b1a6d0e01a2e404c697962623,dfine_native,127367.0,secondary_paper_chit,0.2784,134.68,492.01,178.48,522.23,1323.9,43.81,30.22,1.45,False,,True,S-61,33,evt_S-61_upper_body_0021,ec604fd7c05d974c,pose_hand_context,,47029.7,2.83,,1,cam12/e1/v1,rtmpose_baseline
full,03.CCTV Mobile Usage.mkv,632de9ed55947761d56d4c6142a3cb1a1fe69d0b1a6d0e01a2e404c697962623,dfine_native,127367.0,secondary_paper_chit,0.3271,86.94,450.36,145.27,500.74,2937.9,58.32,50.37,1.158,False,,True,S-61,33,evt_S-61_upper_body_0021,ec604fd7c05d974c,pose_hand_context,,47029.7,2.83,,1,cam12/e1/v1,rtmpose_baseline
full,03.CCTV Mobile Usage.mkv,632de9ed55947761d56d4c6142a3cb1a1fe69d0b1a6d0e01a2e404c697962623,dfine_native,127367.0,secondary_paper_chit,0.2746,60.43,462.82,117.54,503.54,2325.3,57.11,40.72,1.403,False,,True,S-61,33,evt_S-61_upper_body_0021,ec604fd7c05d974c,pose_hand_context,,47029.7,2.83,,1,cam12/e1/v1,rtmpose_baseline
full,03.CCTV Mobile Usage.mkv,632de9ed55947761d56d4c6142a3cb1a1fe69d0b1a6d0e01a2e404c697962623,dfine_native,127367.0,stationery,0.3301,47.06,509.61,85.45,552.13,1632.6,38.4,42.52,0.903,False,,True,S-61,33,evt_S-61_upper_body_0021,ec604fd7c05d974c,pose_hand_context,,47029.7,2.83,,1,cam12/e1/v1,rtmpose_baseline
full,03.CCTV Mobile Usage.mkv,632de9ed55947761d56d4c6142a3cb1a1fe69d0b1a6d0e01a2e404c697962623,dfine_native,127367.0,secondary_paper_chit,0.3324,118.55,478.09,180.85,520.64,2650.6,62.29,42.55,1.464,False,,True,S-61,33,evt_S-61_upper_body_0021,ec604fd7c05d974c,pose_hand_context,,47029.7,2.83,,1,cam12/e1/v1,rtmpose_baseline
full,03.CCTV Mobile Usage.mkv,632de9ed55947761d56d4c6142a3cb1a1fe69d0b1a6d0e01a2e404c697962623,dfine_native,127367.0,monitor_or_bezel,0.334,-0.22,494.18,182.88,553.81,10916.8,183.1,59.62,3.071,False,,True,S-61,33,evt_S-61_upper_body_0021,ec604fd7c05d974c,pose_hand_context,,47029.7,2.83,,1,cam12/e1/v1,rtmpose_baseline
full,03.CCTV Mobile Usage.mkv,632de9ed55947761d56d4c6142a3cb1a1fe69d0b1a6d0e01a2e404c697962623,dfine_native,127367.0,unknown_object,0.2558,23.64,328.11,129.35,384.54,5965.7,105.71,56.43,1.873,False,,True,S-61,33,evt_S-61_upper_body_0021,ec604fd7c05d974c,pose_hand_context,,47029.7,2.83,,1,cam12/e1/v1,rtmpose_baseline
full,03.CCTV Mobile Usage.mkv,632de9ed55947761d56d4c6142a3cb1a1fe69d0b1a6d0e01a2e404c697962623,dfine_native,131867.0,keyboard,0.9027,962.07,451.93,1067.86,491.43,4179.1,105.79,39.5,2.678,False,,True,R-desk,41,evt_S-61_upper_body_0022,38cbde6a80224cf5,lap_bag_context,no_pose_observation,34560.0,1.33,,1,cam12/e1/v1,
full,03.CCTV Mobile Usage.mkv,632de9ed55947761d56d4c6142a3cb1a1fe69d0b1a6d0e01a2e404c697962623,dfine_native,131867.0,monitor_or_bezel,0.7035,1018.8,395.9,1146.03,447.43,6555.9,127.23,51.53,2.469,False,,True,R-desk,41,evt_S-61_upper_body_0022,38cbde6a80224cf5,lap_bag_context,no_pose_observation,34560.0,1.33,,1,cam12/e1/v1,
full,03.CCTV Mobile Usage.mkv,632de9ed55947761d56d4c6142a3cb1a1fe69d0b1a6d0e01a2e404c697962623,dfine_native,131867.0,unknown_object,0.4509,700.01,396.15,855.88,492.34,14991.9,155.87,96.18,1.621,False,,True,R-desk,41,evt_S-61_upper_body_0022,38cbde6a80224cf5,lap_bag_context,no_pose_observation,34560.0,1.33,,1,cam12/e1/v1,
full,03.CCTV Mobile Usage.mkv,632de9ed55947761d56d4c6142a3cb1a1fe69d0b1a6d0e01a2e404c697962623,dfine_native,131867.0,unknown_object,0.4114,700.02,396.19,762.44,491.82,5969.0,62.42,95.63,0.653,False,,True,R-desk,41,evt_S-61_upper_body_0022,38cbde6a80224cf5,lap_bag_context,no_pose_observation,34560.0,1.33,,1,cam12/e1/v1,
full,03.CCTV Mobile Usage.mkv,632de9ed55947761d56d4c6142a3cb1a1fe69d0b1a6d0e01a2e404c697962623,dfine_native,131867.0,keyboard,0.4944,802.61,396.28,870.81,420.56,1656.2,68.2,24.28,2.809,False,,True,R-desk,41,evt_S-61_upper_body_0022,38cbde6a80224cf5,lap_bag_context,no_pose_observation,34560.0,1.33,,1,cam12/e1/v1,
full,03.CCTV Mobile Usage.mkv,632de9ed55947761d56d4c6142a3cb1a1fe69d0b1a6d0e01a2e404c697962623,dfine_native,131867.0,phone,0.2675,1042.95,422.16,1112.84,474.17,3634.8,69.88,52.01,1.344,False,,True,R-desk,41,evt_S-61_upper_body_0022,38cbde6a80224cf5,lap_bag_context,no_pose_observation,34560.0,1.33,,1,cam12/e1/v1,
full,03.CCTV Mobile Usage.mkv,632de9ed55947761d56d4c6142a3cb1a1fe69d0b1a6d0e01a2e404c697962623,dfine_native,131867.0,mouse,0.3257,967.01,398.37,992.23,410.6,308.5,25.22,12.23,2.062,False,,True,R-desk,41,evt_S-61_upper_body_0022,38cbde6a80224cf5,lap_bag_context,no_pose_observation,34560.0,1.33,,1,cam12/e1/v1,
full,03.CCTV Mobile Usage.mkv,632de9ed55947761d56d4c6142a3cb1a1fe69d0b1a6d0e01a2e404c697962623,dfine_native,131867.0,mouse,0.549,864.77,413.77,892.29,435.28,591.9,27.52,21.51,1.279,False,,True,R-desk,41,evt_S-61_upper_body_0022,38cbde6a80224cf5,lap_bag_context,no_pose_observation,34560.0,1.33,,1,cam12/e1/v1,
full,03.CCTV Mobile Usage.mkv,632de9ed55947761d56d4c6142a3cb1a1fe69d0b1a6d0e01a2e404c697962623,dfine_native,131867.0,mouse,0.2607,990.58,399.29,1026.63,413.39,508.5,36.05,14.11,2.555,False,,True,R-desk,41,evt_S-61_upper_body_0022,38cbde6a80224cf5,lap_bag_context,no_pose_observation,34560.0,1.33,,1,cam12/e1/v1,
full,03.CCTV Mobile Usage.mkv,632de9ed55947761d56d4c6142a3cb1a1fe69d0b1a6d0e01a2e404c697962623,dfine_native,131867.0,keyboard,0.9027,962.07,451.93,1067.86,491.43,4179.1,105.79,39.5,2.678,False,,True,R-desk,40,evt_S-61_upper_body_0022,38cbde6a80224cf5,lap_bag_context,no_pose_observation,34560.0,1.33,,1,cam12/e1/v1,
full,03.CCTV Mobile Usage.mkv,632de9ed55947761d56d4c6142a3cb1a1fe69d0b1a6d0e01a2e404c697962623,dfine_native,131867.0,monitor_or_bezel,0.7035,1018.8,395.9,1146.03,447.43,6555.9,127.23,51.53,2.469,False,,True,R-desk,40,evt_S-61_upper_body_0022,38cbde6a80224cf5,lap_bag_context,no_pose_observation,34560.0,1.33,,1,cam12/e1/v1,
full,03.CCTV Mobile Usage.mkv,632de9ed55947761d56d4c6142a3cb1a1fe69d0b1a6d0e01a2e404c697962623,dfine_native,131867.0,unknown_object,0.4509,700.01,396.15,855.88,492.34,14991.9,155.87,96.18,1.621,False,,True,R-desk,40,evt_S-61_upper_body_0022,38cbde6a80224cf5,lap_bag_context,no_pose_observation,34560.0,1.33,,1,cam12/e1/v1,
full,03.CCTV Mobile Usage.mkv,632de9ed55947761d56d4c6142a3cb1a1fe69d0b1a6d0e01a2e404c697962623,dfine_native,131867.0,unknown_object,0.4114,700.02,396.19,762.44,491.82,5969.0,62.42,95.63,0.653,False,,True,R-desk,40,evt_S-61_upper_body_0022,38cbde6a80224cf5,lap_bag_context,no_pose_observation,34560.0,1.33,,1,cam12/e1/v1,
full,03.CCTV Mobile Usage.mkv,632de9ed55947761d56d4c6142a3cb1a1fe69d0b1a6d0e01a2e404c697962623,dfine_native,131867.0,keyboard,0.4944,802.61,396.28,870.81,420.56,1656.2,68.2,24.28,2.809,False,,True,R-desk,40,evt_S-61_upper_body_0022,38cbde6a80224cf5,lap_bag_context,no_pose_observation,34560.0,1.33,,1,cam12/e1/v1,
full,03.CCTV Mobile Usage.mkv,632de9ed55947761d56d4c6142a3cb1a1fe69d0b1a6d0e01a2e404c697962623,dfine_native,131867.0,phone,0.2675,1042.95,422.16,1112.84,474.17,3634.8,69.88,52.01,1.344,False,,True,R-desk,40,evt_S-61_upper_body_0022,38cbde6a80224cf5,lap_bag_context,no_pose_observation,34560.0,1.33,,1,cam12/e1/v1,
full,03.CCTV Mobile Usage.mkv,632de9ed55947761d56d4c6142a3cb1a1fe69d0b1a6d0e01a2e404c697962623,dfine_native,131867.0,mouse,0.3257,967.01,398.37,992.23,410.6,308.5,25.22,12.23,2.062,False,,True,R-desk,40,evt_S-61_upper_body_0022,38cbde6a80224cf5,lap_bag_context,no_pose_observation,34560.0,1.33,,1,cam12/e1/v1,
full,03.CCTV Mobile Usage.mkv,632de9ed55947761d56d4c6142a3cb1a1fe69d0b1a6d0e01a2e404c697962623,dfine_native,131867.0,mouse,0.549,864.77,413.77,892.29,435.28,591.9,27.52,21.51,1.279,False,,True,R-desk,40,evt_S-61_upper_body_0022,38cbde6a80224cf5,lap_bag_context,no_pose_observation,34560.0,1.33,,1,cam12/e1/v1,
full,03.CCTV Mobile Usage.mkv,632de9ed55947761d56d4c6142a3cb1a1fe69d0b1a6d0e01a2e404c697962623,dfine_native,131867.0,mouse,0.2607,990.58,399.29,1026.63,413.39,508.5,36.05,14.11,2.555,False,,True,R-desk,40,evt_S-61_upper_body_0022,38cbde6a80224cf5,lap_bag_context,no_pose_observation,34560.0,1.33,,1,cam12/e1/v1,
full,03.CCTV Mobile Usage.mkv,632de9ed55947761d56d4c6142a3cb1a1fe69d0b1a6d0e01a2e404c697962623,dfine_native,131867.0,bag,0.3006,866.37,42.62,960.23,108.6,6193.2,93.86,65.98,1.423,False,,True,unattributed,39,evt_S-61_upper_body_0022,906acfc70bd7ec82,native_source_context_fallback,wrist_confidence_below_floor,11895.6,5.82,,1,cam12/e1/v1,rtmpose_baseline
full,03.CCTV Mobile Usage.mkv,632de9ed55947761d56d4c6142a3cb1a1fe69d0b1a6d0e01a2e404c697962623,dfine_native,131867.0,secondary_paper_chit,0.5619,114.98,436.12,176.74,503.3,4149.3,61.77,67.18,0.919,False,,True,S-61,38,evt_S-61_upper_body_0022,fc2e3874fd08bc57,pose_hand_context,,65577.0,2.5,,1,cam12/e1/v1,rtmpose_baseline
full,03.CCTV Mobile Usage.mkv,632de9ed55947761d56d4c6142a3cb1a1fe69d0b1a6d0e01a2e404c697962623,dfine_native,131867.0,bag,0.4326,114.99,385.2,177.24,451.65,4136.0,62.24,66.45,0.937,False,,True,S-61,38,evt_S-61_upper_body_0022,fc2e3874fd08bc57,pose_hand_context,,65577.0,2.5,,1,cam12/e1/v1,rtmpose_baseline
full,03.CCTV Mobile Usage.mkv,632de9ed55947761d56d4c6142a3cb1a1fe69d0b1a6d0e01a2e404c697962623,dfine_native,131867.0,unknown_object,0.3308,115.06,501.36,250.32,638.89,18601.3,135.26,137.53,0.983,False,,True,S-61,38,evt_S-61_upper_body_0022,fc2e3874fd08bc57,pose_hand_context,,65577.0,2.5,,1,cam12/e1/v1,rtmpose_baseline
full,03.CCTV Mobile Usage.mkv,632de9ed55947761d56d4c6142a3cb1a1fe69d0b1a6d0e01a2e404c697962623,dfine_native,131867.0,bag,0.2586,247.16,540.2,370.99,640.65,12437.1,123.82,100.44,1.233,False,,True,S-61,38,evt_S-61_upper_body_0022,fc2e3874fd08bc57,pose_hand_context,,65577.0,2.5,,1,cam12/e1/v1,rtmpose_baseline
full,03.CCTV Mobile Usage.mkv,632de9ed55947761d56d4c6142a3cb1a1fe69d0b1a6d0e01a2e404c697962623,dfine_native,131867.0,unknown_object,0.3012,115.05,385.6,251.39,639.0,34546.3,136.33,253.39,0.538,False,,True,S-61,38,evt_S-61_upper_body_0022,fc2e3874fd08bc57,pose_hand_context,,65577.0,2.5,,1,cam12/e1/v1,rtmpose_baseline
full,03.CCTV Mobile Usage.mkv,632de9ed55947761d56d4c6142a3cb1a1fe69d0b1a6d0e01a2e404c697962623,dfine_native,131867.0,secondary_paper_chit,0.4453,114.92,436.24,179.63,522.78,5599.4,64.7,86.54,0.748,False,,True,S-61,38,evt_S-61_upper_body_0022,fc2e3874fd08bc57,pose_hand_context,,65577.0,2.5,,1,cam12/e1/v1,rtmpose_baseline
full,03.CCTV Mobile Usage.mkv,632de9ed55947761d56d4c6142a3cb1a1fe69d0b1a6d0e01a2e404c697962623,dfine_native,131867.0,secondary_paper_chit,0.339,117.83,475.16,179.39,522.18,2894.6,61.56,47.02,1.309,False,,True,S-61,38,evt_S-61_upper_body_0022,fc2e3874fd08bc57,pose_hand_context,,65577.0,2.5,,1,cam12/e1/v1,rtmpose_baseline
full,03.CCTV Mobile Usage.mkv,632de9ed55947761d56d4c6142a3cb1a1fe69d0b1a6d0e01a2e404c697962623,dfine_native,131867.0,secondary_paper_chit,0.2782,114.97,435.98,186.63,531.65,6856.0,71.66,95.68,0.749,False,,True,S-61,38,evt_S-61_upper_body_0022,fc2e3874fd08bc57,pose_hand_context,,65577.0,2.5,,1,cam12/e1/v1,rtmpose_baseline
full,03.CCTV Mobile Usage.mkv,632de9ed55947761d56d4c6142a3cb1a1fe69d0b1a6d0e01a2e404c697962623,dfine_native,132367.0,secondary_paper_chit,0.5908,115.97,435.95,176.89,502.84,4074.9,60.92,66.89,0.911,False,,True,S-61,38,evt_S-61_upper_body_0022,0865bdb012b9554b,pose_hand_context,,67205.4,2.47,,1,cam12/e1/v1,rtmpose_baseline
full,03.CCTV Mobile Usage.mkv,632de9ed55947761d56d4c6142a3cb1a1fe69d0b1a6d0e01a2e404c697962623,dfine_native,132367.0,secondary_paper_chit,0.3673,134.88,492.64,177.1,522.07,1242.3,42.22,29.42,1.435,False,,True,S-61,38,evt_S-61_upper_body_0022,0865bdb012b9554b,pose_hand_context,,67205.4,2.47,,1,cam12/e1/v1,rtmpose_baseline
full,03.CCTV Mobile Usage.mkv,632de9ed55947761d56d4c6142a3cb1a1fe69d0b1a6d0e01a2e404c697962623,dfine_native,132367.0,phone,0.3229,172.01,459.39,216.5,496.26,1640.2,44.49,36.87,1.207,False,,True,S-61,38,evt_S-61_upper_body_0022,0865bdb012b9554b,pose_hand_context,,67205.4,2.47,,1,cam12/e1/v1,rtmpose_baseline
full,03.CCTV Mobile Usage.mkv,632de9ed55947761d56d4c6142a3cb1a1fe69d0b1a6d0e01a2e404c697962623,dfine_native,132367.0,unknown_object,0.3826,116.08,500.79,254.64,646.23,20151.9,138.55,145.44,0.953,False,,True,S-61,38,evt_S-61_upper_body_0022,0865bdb012b9554b,pose_hand_context,,67205.4,2.47,,1,cam12/e1/v1,rtmpose_baseline
full,03.CCTV Mobile Usage.mkv,632de9ed55947761d56d4c6142a3cb1a1fe69d0b1a6d0e01a2e404c697962623,dfine_native,132367.0,unknown_object,0.2674,246.82,517.18,376.07,647.69,16867.5,129.24,130.51,0.99,False,,True,S-61,38,evt_S-61_upper_body_0022,0865bdb012b9554b,pose_hand_context,,67205.4,2.47,,1,cam12/e1/v1,rtmpose_baseline
full,03.CCTV Mobile Usage.mkv,632de9ed55947761d56d4c6142a3cb1a1fe69d0b1a6d0e01a2e404c697962623,dfine_native,132367.0,bag,0.3586,116.02,390.03,176.72,450.9,3695.0,60.7,60.87,0.997,False,,True,S-61,38,evt_S-61_upper_body_0022,0865bdb012b9554b,pose_hand_context,,67205.4,2.47,,1,cam12/e1/v1,rtmpose_baseline
full,03.CCTV Mobile Usage.mkv,632de9ed55947761d56d4c6142a3cb1a1fe69d0b1a6d0e01a2e404c697962623,dfine_native,132367.0,unknown_object,0.3646,244.89,605.47,346.84,648.98,4436.1,101.95,43.51,2.343,False,,True,S-61,38,evt_S-61_upper_body_0022,0865bdb012b9554b,pose_hand_context,,67205.4,2.47,,1,cam12/e1/v1,rtmpose_baseline
full,03.CCTV Mobile Usage.mkv,632de9ed55947761d56d4c6142a3cb1a1fe69d0b1a6d0e01a2e404c697962623,dfine_native,132367.0,secondary_paper_chit,0.4412,117.67,475.03,178.77,522.91,2926.0,61.1,47.89,1.276,False,,True,S-61,38,evt_S-61_upper_body_0022,0865bdb012b9554b,pose_hand_context,,67205.4,2.47,,1,cam12/e1/v1,rtmpose_baseline
full,03.CCTV Mobile Usage.mkv,632de9ed55947761d56d4c6142a3cb1a1fe69d0b1a6d0e01a2e404c697962623,dfine_native,132367.0,unknown_object,0.4273,263.11,550.57,359.7,622.5,6948.6,96.59,71.94,1.343,False,,True,S-61,38,evt_S-61_upper_body_0022,0865bdb012b9554b,pose_hand_context,,67205.4,2.47,,1,cam12/e1/v1,rtmpose_baseline
full,03.CCTV Mobile Usage.mkv,632de9ed55947761d56d4c6142a3cb1a1fe69d0b1a6d0e01a2e404c697962623,dfine_native,132367.0,secondary_paper_chit,0.267,116.03,436.3,175.96,487.14,3046.5,59.93,50.83,1.179,False,,True,S-61,38,evt_S-61_upper_body_0022,0865bdb012b9554b,pose_hand_context,,67205.4,2.47,,1,cam12/e1/v1,rtmpose_baseline
full,03.CCTV Mobile Usage.mkv,632de9ed55947761d56d4c6142a3cb1a1fe69d0b1a6d0e01a2e404c697962623,dfine_native,132367.0,secondary_paper_chit,0.3576,116.0,436.1,180.21,525.88,5764.9,64.21,89.78,0.715,False,,True,S-61,38,evt_S-61_upper_body_0022,0865bdb012b9554b,pose_hand_context,,67205.4,2.47,,1,cam12/e1/v1,rtmpose_baseline
full,03.CCTV Mobile Usage.mkv,632de9ed55947761d56d4c6142a3cb1a1fe69d0b1a6d0e01a2e404c697962623,dfine_native,132367.0,unknown_object,0.345,245.01,551.57,359.99,648.0,11087.2,114.98,96.43,1.192,False,,True,S-61,38,evt_S-61_upper_body_0022,0865bdb012b9554b,pose_hand_context,,67205.4,2.47,,1,cam12/e1/v1,rtmpose_baseline
full,03.CCTV Mobile Usage.mkv,632de9ed55947761d56d4c6142a3cb1a1fe69d0b1a6d0e01a2e404c697962623,dfine_native,132367.0,monitor_or_bezel,0.2519,116.04,504.44,207.56,637.26,12155.7,91.52,132.82,0.689,False,,True,S-61,38,evt_S-61_upper_body_0022,0865bdb012b9554b,pose_hand_context,,67205.4,2.47,,1,cam12/e1/v1,rtmpose_baseline
full,03.CCTV Mobile Usage.mkv,632de9ed55947761d56d4c6142a3cb1a1fe69d0b1a6d0e01a2e404c697962623,dfine_native,132367.0,unknown_object,0.3376,116.04,436.24,254.87,646.13,29137.1,138.82,209.89,0.661,False,,True,S-61,38,evt_S-61_upper_body_0022,0865bdb012b9554b,pose_hand_context,,67205.4,2.47,,1,cam12/e1/v1,rtmpose_baseline
full,03.CCTV Mobile Usage.mkv,632de9ed55947761d56d4c6142a3cb1a1fe69d0b1a6d0e01a2e404c697962623,dfine_native,132367.0,phone,0.3416,172.43,463.87,212.0,495.75,1261.2,39.57,31.87,1.241,False,,True,S-61,38,evt_S-61_upper_body_0022,0865bdb012b9554b,pose_hand_context,,67205.4,2.47,,1,cam12/e1/v1,rtmpose_baseline
full,03.CCTV Mobile Usage.mkv,632de9ed55947761d56d4c6142a3cb1a1fe69d0b1a6d0e01a2e404c697962623,dfine_native,132367.0,unknown_object,0.2835,116.11,390.42,255.3,645.87,35554.8,139.19,255.45,0.545,False,,True,S-61,38,evt_S-61_upper_body_0022,0865bdb012b9554b,pose_hand_context,,67205.4,2.47,,1,cam12/e1/v1,rtmpose_baseline
full,03.CCTV Mobile Usage.mkv,632de9ed55947761d56d4c6142a3cb1a1fe69d0b1a6d0e01a2e404c697962623,dfine_native,132367.0,phone,0.3504,171.72,454.99,223.36,496.89,2163.9,51.64,41.9,1.233,False,,True,S-61,38,evt_S-61_upper_body_0022,0865bdb012b9554b,pose_hand_context,,67205.4,2.47,,1,cam12/e1/v1,rtmpose_baseline
full,03.CCTV Mobile Usage.mkv,632de9ed55947761d56d4c6142a3cb1a1fe69d0b1a6d0e01a2e404c697962623,dfine_native,132367.0,unknown_object,0.3299,116.16,392.16,255.07,645.84,35236.9,138.9,253.68,0.548,False,,True,S-61,38,evt_S-61_upper_body_0022,0865bdb012b9554b,pose_hand_context,,67205.4,2.47,,1,cam12/e1/v1,rtmpose_baseline
full,03.CCTV Mobile Usage.mkv,632de9ed55947761d56d4c6142a3cb1a1fe69d0b1a6d0e01a2e404c697962623,dfine_native,132367.0,unknown_object,0.4671,930.17,52.32,987.85,133.24,4667.8,57.68,80.92,0.713,False,,True,unattributed,42,evt_S-61_upper_body_0022,df6213c7290140af,native_source_context_fallback,no_pose_observation,3827.3,9.62,,1,cam12/e1/v1,
full,03.CCTV Mobile Usage.mkv,632de9ed55947761d56d4c6142a3cb1a1fe69d0b1a6d0e01a2e404c697962623,dfine_native,132367.0,unknown_object,0.4097,930.08,53.52,986.65,119.4,3727.1,56.57,65.88,0.859,False,,True,unattributed,42,evt_S-61_upper_body_0022,df6213c7290140af,native_source_context_fallback,no_pose_observation,3827.3,9.62,,1,cam12/e1/v1,
full,03.CCTV Mobile Usage.mkv,632de9ed55947761d56d4c6142a3cb1a1fe69d0b1a6d0e01a2e404c697962623,dfine_native,132367.0,unknown_object,0.2782,957.94,54.18,986.27,119.59,1852.8,28.33,65.4,0.433,False,,True,unattributed,42,evt_S-61_upper_body_0022,df6213c7290140af,native_source_context_fallback,no_pose_observation,3827.3,9.62,,1,cam12/e1/v1,
full,03.CCTV Mobile Usage.mkv,632de9ed55947761d56d4c6142a3cb1a1fe69d0b1a6d0e01a2e404c697962623,dfine_native,132367.0,unknown_object,0.2991,958.51,62.82,982.42,119.29,1350.1,23.91,56.47,0.423,False,,True,unattributed,42,evt_S-61_upper_body_0022,df6213c7290140af,native_source_context_fallback,no_pose_observation,3827.3,9.62,,1,cam12/e1/v1,
full,03.CCTV Mobile Usage.mkv,632de9ed55947761d56d4c6142a3cb1a1fe69d0b1a6d0e01a2e404c697962623,dfine_native,132367.0,unknown_object,0.3365,910.13,38.28,993.17,133.48,7905.5,83.04,95.2,0.872,False,,True,unattributed,42,evt_S-61_upper_body_0022,df6213c7290140af,native_source_context_fallback,no_pose_observation,3827.3,9.62,,1,cam12/e1/v1,
full,03.CCTV Mobile Usage.mkv,632de9ed55947761d56d4c6142a3cb1a1fe69d0b1a6d0e01a2e404c697962623,dfine_native,132367.0,unknown_object,0.2572,929.36,39.38,991.84,120.16,5047.0,62.48,80.77,0.774,False,,True,unattributed,42,evt_S-61_upper_body_0022,df6213c7290140af,native_source_context_fallback,no_pose_observation,3827.3,9.62,,1,cam12/e1/v1,
full,03.CCTV Mobile Usage.mkv,632de9ed55947761d56d4c6142a3cb1a1fe69d0b1a6d0e01a2e404c697962623,dfine_native,132367.0,unknown_object,0.4054,928.72,38.54,992.99,133.5,6102.9,64.27,94.96,0.677,False,,True,unattributed,42,evt_S-61_upper_body_0022,df6213c7290140af,native_source_context_fallback,no_pose_observation,3827.3,9.62,,1,cam12/e1/v1,
full,03.CCTV Mobile Usage.mkv,632de9ed55947761d56d4c6142a3cb1a1fe69d0b1a6d0e01a2e404c697962623,dfine_native,132367.0,unknown_object,0.2511,930.42,62.23,985.09,133.34,3887.4,54.67,71.11,0.769,False,,True,unattributed,42,evt_S-61_upper_body_0022,df6213c7290140af,native_source_context_fallback,no_pose_observation,3827.3,9.62,,1,cam12/e1/v1,
full,03.CCTV Mobile Usage.mkv,632de9ed55947761d56d4c6142a3cb1a1fe69d0b1a6d0e01a2e404c697962623,dfine_native,132867.0,keyboard,0.9052,962.04,451.94,1067.92,491.42,4179.9,105.88,39.48,2.682,False,,True,R-desk,43,evt_S-61_upper_body_0022,7b62738820a09667,lap_bag_context,no_pose_observation,34560.0,1.33,,1,cam12/e1/v1,
full,03.CCTV Mobile Usage.mkv,632de9ed55947761d56d4c6142a3cb1a1fe69d0b1a6d0e01a2e404c697962623,dfine_native,132867.0,monitor_or_bezel,0.6363,1018.92,395.75,1145.9,447.97,6630.9,126.98,52.22,2.432,False,,True,R-desk,43,evt_S-61_upper_body_0022,7b62738820a09667,lap_bag_context,no_pose_observation,34560.0,1.33,,1,cam12/e1/v1,
full,03.CCTV Mobile Usage.mkv,632de9ed55947761d56d4c6142a3cb1a1fe69d0b1a6d0e01a2e404c697962623,dfine_native,132867.0,unknown_object,0.4659,699.99,396.12,768.71,491.74,6571.0,68.72,95.62,0.719,False,,True,R-desk,43,evt_S-61_upper_body_0022,7b62738820a09667,lap_bag_context,no_pose_observation,34560.0,1.33,,1,cam12/e1/v1,
full,03.CCTV Mobile Usage.mkv,632de9ed55947761d56d4c6142a3cb1a1fe69d0b1a6d0e01a2e404c697962623,dfine_native,132867.0,unknown_object,0.4738,700.21,396.14,859.47,492.21,15301.6,159.27,96.07,1.658,False,,True,R-desk,43,evt_S-61_upper_body_0022,7b62738820a09667,lap_bag_context,no_pose_observation,34560.0,1.33,,1,cam12/e1/v1,
full,03.CCTV Mobile Usage.mkv,632de9ed55947761d56d4c6142a3cb1a1fe69d0b1a6d0e01a2e404c697962623,dfine_native,132867.0,keyboard,0.3329,802.01,396.23,870.68,420.82,1688.3,68.67,24.59,2.793,False,,True,R-desk,43,evt_S-61_upper_body_0022,7b62738820a09667,lap_bag_context,no_pose_observation,34560.0,1.33,,1,cam12/e1/v1,
full,03.CCTV Mobile Usage.mkv,632de9ed55947761d56d4c6142a3cb1a1fe69d0b1a6d0e01a2e404c697962623,dfine_native,132867.0,phone,0.3205,1042.94,421.82,1113.19,474.23,3681.7,70.25,52.41,1.34,False,,True,R-desk,43,evt_S-61_upper_body_0022,7b62738820a09667,lap_bag_context,no_pose_observation,34560.0,1.33,,1,cam12/e1/v1,
full,03.CCTV Mobile Usage.mkv,632de9ed55947761d56d4c6142a3cb1a1fe69d0b1a6d0e01a2e404c697962623,dfine_native,132867.0,monitor_or_bezel,0.3385,1013.26,395.76,1147.39,488.13,12389.4,134.13,92.37,1.452,False,,True,R-desk,43,evt_S-61_upper_body_0022,7b62738820a09667,lap_bag_context,no_pose_observation,34560.0,1.33,,1,cam12/e1/v1,
full,03.CCTV Mobile Usage.mkv,632de9ed55947761d56d4c6142a3cb1a1fe69d0b1a6d0e01a2e404c697962623,dfine_native,132867.0,unknown_object,0.2645,700.07,396.31,757.38,490.91,5421.3,57.31,94.6,0.606,False,,True,R-desk,43,evt_S-61_upper_body_0022,7b62738820a09667,lap_bag_context,no_pose_observation,34560.0,1.33,,1,cam12/e1/v1,
full,03.CCTV Mobile Usage.mkv,632de9ed55947761d56d4c6142a3cb1a1fe69d0b1a6d0e01a2e404c697962623,dfine_native,132867.0,mouse,0.5514,864.71,413.74,892.18,435.13,587.5,27.47,21.39,1.285,False,,True,R-desk,43,evt_S-61_upper_body_0022,7b62738820a09667,lap_bag_context,no_pose_observation,34560.0,1.33,,1,cam12/e1/v1,
full,03.CCTV Mobile Usage.mkv,632de9ed55947761d56d4c6142a3cb1a1fe69d0b1a6d0e01a2e404c697962623,dfine_native,132867.0,mouse,0.2938,967.24,398.34,992.24,410.54,305.2,25.0,12.21,2.049,False,,True,R-desk,43,evt_S-61_upper_body_0022,7b62738820a09667,lap_bag_context,no_pose_observation,34560.0,1.33,,1,cam12/e1/v1,
full,03.CCTV Mobile Usage.mkv,632de9ed55947761d56d4c6142a3cb1a1fe69d0b1a6d0e01a2e404c697962623,dfine_native,132867.0,keyboard,0.9052,962.04,451.94,1067.92,491.42,4179.9,105.88,39.48,2.682,False,,True,R-desk,41,evt_S-61_upper_body_0022,7b62738820a09667,lap_bag_context,no_pose_observation,34560.0,1.33,,1,cam12/e1/v1,
full,03.CCTV Mobile Usage.mkv,632de9ed55947761d56d4c6142a3cb1a1fe69d0b1a6d0e01a2e404c697962623,dfine_native,132867.0,monitor_or_bezel,0.6363,1018.92,395.75,1145.9,447.97,6630.9,126.98,52.22,2.432,False,,True,R-desk,41,evt_S-61_upper_body_0022,7b62738820a09667,lap_bag_context,no_pose_observation,34560.0,1.33,,1,cam12/e1/v1,
full,03.CCTV Mobile Usage.mkv,632de9ed55947761d56d4c6142a3cb1a1fe69d0b1a6d0e01a2e404c697962623,dfine_native,132867.0,unknown_object,0.4659,699.99,396.12,768.71,491.74,6571.0,68.72,95.62,0.719,False,,True,R-desk,41,evt_S-61_upper_body_0022,7b62738820a09667,lap_bag_context,no_pose_observation,34560.0,1.33,,1,cam12/e1/v1,
full,03.CCTV Mobile Usage.mkv,632de9ed55947761d56d4c6142a3cb1a1fe69d0b1a6d0e01a2e404c697962623,dfine_native,132867.0,unknown_object,0.4738,700.21,396.14,859.47,492.21,15301.6,159.27,96.07,1.658,False,,True,R-desk,41,evt_S-61_upper_body_0022,7b62738820a09667,lap_bag_context,no_pose_observation,34560.0,1.33,,1,cam12/e1/v1,
full,03.CCTV Mobile Usage.mkv,632de9ed55947761d56d4c6142a3cb1a1fe69d0b1a6d0e01a2e404c697962623,dfine_native,132867.0,keyboard,0.3329,802.01,396.23,870.68,420.82,1688.3,68.67,24.59,2.793,False,,True,R-desk,41,evt_S-61_upper_body_0022,7b62738820a09667,lap_bag_context,no_pose_observation,34560.0,1.33,,1,cam12/e1/v1,
full,03.CCTV Mobile Usage.mkv,632de9ed55947761d56d4c6142a3cb1a1fe69d0b1a6d0e01a2e404c697962623,dfine_native,132867.0,phone,0.3205,1042.94,421.82,1113.19,474.23,3681.7,70.25,52.41,1.34,False,,True,R-desk,41,evt_S-61_upper_body_0022,7b62738820a09667,lap_bag_context,no_pose_observation,34560.0,1.33,,1,cam12/e1/v1,
full,03.CCTV Mobile Usage.mkv,632de9ed55947761d56d4c6142a3cb1a1fe69d0b1a6d0e01a2e404c697962623,dfine_native,132867.0,monitor_or_bezel,0.3385,1013.26,395.76,1147.39,488.13,12389.4,134.13,92.37,1.452,False,,True,R-desk,41,evt_S-61_upper_body_0022,7b62738820a09667,lap_bag_context,no_pose_observation,34560.0,1.33,,1,cam12/e1/v1,
full,03.CCTV Mobile Usage.mkv,632de9ed55947761d56d4c6142a3cb1a1fe69d0b1a6d0e01a2e404c697962623,dfine_native,132867.0,unknown_object,0.2645,700.07,396.31,757.38,490.91,5421.3,57.31,94.6,0.606,False,,True,R-desk,41,evt_S-61_upper_body_0022,7b62738820a09667,lap_bag_context,no_pose_observation,34560.0,1.33,,1,cam12/e1/v1,
full,03.CCTV Mobile Usage.mkv,632de9ed55947761d56d4c6142a3cb1a1fe69d0b1a6d0e01a2e404c697962623,dfine_native,132867.0,mouse,0.5514,864.71,413.74,892.18,435.13,587.5,27.47,21.39,1.285,False,,True,R-desk,41,evt_S-61_upper_body_0022,7b62738820a09667,lap_bag_context,no_pose_observation,34560.0,1.33,,1,cam12/e1/v1,
full,03.CCTV Mobile Usage.mkv,632de9ed55947761d56d4c6142a3cb1a1fe69d0b1a6d0e01a2e404c697962623,dfine_native,132867.0,mouse,0.2938,967.24,398.34,992.24,410.54,305.2,25.0,12.21,2.049,False,,True,R-desk,41,evt_S-61_upper_body_0022,7b62738820a09667,lap_bag_context,no_pose_observation,34560.0,1.33,,1,cam12/e1/v1,
full,03.CCTV Mobile Usage.mkv,632de9ed55947761d56d4c6142a3cb1a1fe69d0b1a6d0e01a2e404c697962623,dfine_native,132867.0,unknown_object,0.2831,147.04,520.46,255.44,643.34,13319.9,108.39,122.88,0.882,False,,True,S-61,38,evt_S-61_upper_body_0022,8cf2bbf89c894fa5,pose_hand_context,,56188.0,2.7,,1,cam12/e1/v1,rtmpose_baseline
full,03.CCTV Mobile Usage.mkv,632de9ed55947761d56d4c6142a3cb1a1fe69d0b1a6d0e01a2e404c697962623,dfine_native,132867.0,unknown_object,0.2562,147.24,426.0,258.11,642.59,24012.7,110.87,216.58,0.512,False,,True,S-61,38,evt_S-61_upper_body_0022,8cf2bbf89c894fa5,pose_hand_context,,56188.0,2.7,,1,cam12/e1/v1,rtmpose_baseline
full,03.CCTV Mobile Usage.mkv,632de9ed55947761d56d4c6142a3cb1a1fe69d0b1a6d0e01a2e404c697962623,dfine_native,132867.0,unknown_object,0.2868,147.01,439.82,256.36,642.55,22167.3,109.35,202.72,0.539,False,,True,S-61,38,evt_S-61_upper_body_0022,8cf2bbf89c894fa5,pose_hand_context,,56188.0,2.7,,1,cam12/e1/v1,rtmpose_baseline
full,03.CCTV Mobile Usage.mkv,632de9ed55947761d56d4c6142a3cb1a1fe69d0b1a6d0e01a2e404c697962623,dfine_native,132867.0,unknown_object,0.2613,147.24,409.57,258.69,643.05,26022.7,111.46,233.48,0.477,False,,True,S-61,38,evt_S-61_upper_body_0022,8cf2bbf89c894fa5,pose_hand_context,,56188.0,2.7,,1,cam12/e1/v1,rtmpose_baseline
full,03.CCTV Mobile Usage.mkv,632de9ed55947761d56d4c6142a3cb1a1fe69d0b1a6d0e01a2e404c697962623,dfine_native,133367.0,keyboard,0.905,962.04,451.94,1067.92,491.42,4180.2,105.89,39.48,2.682,False,,True,R-desk,43,evt_S-61_upper_body_0022,3eef38fb10e9cb62,lap_bag_context,no_pose_observation,34560.0,1.33,,1,cam12/e1/v1,
full,03.CCTV Mobile Usage.mkv,632de9ed55947761d56d4c6142a3cb1a1fe69d0b1a6d0e01a2e404c697962623,dfine_native,133367.0,monitor_or_bezel,0.6348,1018.91,395.75,1145.89,447.96,6629.8,126.98,52.21,2.432,False,,True,R-desk,43,evt_S-61_upper_body_0022,3eef38fb10e9cb62,lap_bag_context,no_pose_observation,34560.0,1.33,,1,cam12/e1/v1,
full,03.CCTV Mobile Usage.mkv,632de9ed55947761d56d4c6142a3cb1a1fe69d0b1a6d0e01a2e404c697962623,dfine_native,133367.0,unknown_object,0.4664,699.99,396.12,768.74,491.74,6573.5,68.75,95.62,0.719,False,,True,R-desk,43,evt_S-61_upper_body_0022,3eef38fb10e9cb62,lap_bag_context,no_pose_observation,34560.0,1.33,,1,cam12/e1/v1,
full,03.CCTV Mobile Usage.mkv,632de9ed55947761d56d4c6142a3cb1a1fe69d0b1a6d0e01a2e404c697962623,dfine_native,133367.0,unknown_object,0.4743,700.2,396.14,859.48,492.21,15302.2,159.28,96.07,1.658,False,,True,R-desk,43,evt_S-61_upper_body_0022,3eef38fb10e9cb62,lap_bag_context,no_pose_observation,34560.0,1.33,,1,cam12/e1/v1,
full,03.CCTV Mobile Usage.mkv,632de9ed55947761d56d4c6142a3cb1a1fe69d0b1a6d0e01a2e404c697962623,dfine_native,133367.0,keyboard,0.3339,802.01,396.23,870.68,420.82,1688.5,68.67,24.59,2.793,False,,True,R-desk,43,evt_S-61_upper_body_0022,3eef38fb10e9cb62,lap_bag_context,no_pose_observation,34560.0,1.33,,1,cam12/e1/v1,
full,03.CCTV Mobile Usage.mkv,632de9ed55947761d56d4c6142a3cb1a1fe69d0b1a6d0e01a2e404c697962623,dfine_native,133367.0,phone,0.3236,1042.94,421.8,1113.19,474.23,3683.5,70.25,52.43,1.34,False,,True,R-desk,43,evt_S-61_upper_body_0022,3eef38fb10e9cb62,lap_bag_context,no_pose_observation,34560.0,1.33,,1,cam12/e1/v1,
full,03.CCTV Mobile Usage.mkv,632de9ed55947761d56d4c6142a3cb1a1fe69d0b1a6d0e01a2e404c697962623,dfine_native,133367.0,monitor_or_bezel,0.337,1013.17,395.77,1147.42,488.14,12400.7,134.24,92.37,1.453,False,,True,R-desk,43,evt_S-61_upper_body_0022,3eef38fb10e9cb62,lap_bag_context,no_pose_observation,34560.0,1.33,,1,cam12/e1/v1,
full,03.CCTV Mobile Usage.mkv,632de9ed55947761d56d4c6142a3cb1a1fe69d0b1a6d0e01a2e404c697962623,dfine_native,133367.0,unknown_object,0.267,700.07,396.31,757.39,490.91,5422.4,57.32,94.6,0.606,False,,True,R-desk,43,evt_S-61_upper_body_0022,3eef38fb10e9cb62,lap_bag_context,no_pose_observation,34560.0,1.33,,1,cam12/e1/v1,
full,03.CCTV Mobile Usage.mkv,632de9ed55947761d56d4c6142a3cb1a1fe69d0b1a6d0e01a2e404c697962623,dfine_native,133367.0,mouse,0.5518,864.71,413.74,892.19,435.13,587.7,27.48,21.39,1.285,False,,True,R-desk,43,evt_S-61_upper_body_0022,3eef38fb10e9cb62,lap_bag_context,no_pose_observation,34560.0,1.33,,1,cam12/e1/v1,
full,03.CCTV Mobile Usage.mkv,632de9ed55947761d56d4c6142a3cb1a1fe69d0b1a6d0e01a2e404c697962623,dfine_native,133367.0,mouse,0.2937,967.24,398.34,992.24,410.54,305.2,25.0,12.21,2.048,False,,True,R-desk,43,evt_S-61_upper_body_0022,3eef38fb10e9cb62,lap_bag_context,no_pose_observation,34560.0,1.33,,1,cam12/e1/v1,
full,03.CCTV Mobile Usage.mkv,632de9ed55947761d56d4c6142a3cb1a1fe69d0b1a6d0e01a2e404c697962623,dfine_native,133367.0,secondary_paper_chit,0.3712,124.95,436.13,177.64,510.92,3940.3,52.69,74.78,0.705,False,,True,S-61,38,evt_S-61_upper_body_0022,767e7db3bc0f2539,pose_hand_context,,54428.9,2.74,,1,cam12/e1/v1,rtmpose_baseline
full,03.CCTV Mobile Usage.mkv,632de9ed55947761d56d4c6142a3cb1a1fe69d0b1a6d0e01a2e404c697962623,dfine_native,133367.0,unknown_object,0.3138,125.07,506.77,248.42,639.37,16355.0,123.35,132.59,0.93,False,,True,S-61,38,evt_S-61_upper_body_0022,767e7db3bc0f2539,pose_hand_context,,54428.9,2.74,,1,cam12/e1/v1,rtmpose_baseline
full,03.CCTV Mobile Usage.mkv,632de9ed55947761d56d4c6142a3cb1a1fe69d0b1a6d0e01a2e404c697962623,dfine_native,133367.0,secondary_paper_chit,0.4004,124.97,436.43,176.4,488.05,2655.0,51.43,51.62,0.996,False,,True,S-61,38,evt_S-61_upper_body_0022,767e7db3bc0f2539,pose_hand_context,,54428.9,2.74,,1,cam12/e1/v1,rtmpose_baseline
full,03.CCTV Mobile Usage.mkv,632de9ed55947761d56d4c6142a3cb1a1fe69d0b1a6d0e01a2e404c697962623,dfine_native,133367.0,secondary_paper_chit,0.2895,125.03,473.44,178.33,516.42,2290.7,53.3,42.98,1.24,False,,True,S-61,38,evt_S-61_upper_body_0022,767e7db3bc0f2539,pose_hand_context,,54428.9,2.74,,1,cam12/e1/v1,rtmpose_baseline
full,03.CCTV Mobile Usage.mkv,632de9ed55947761d56d4c6142a3cb1a1fe69d0b1a6d0e01a2e404c697962623,dfine_native,133367.0,secondary_paper_chit,0.2855,134.47,493.44,176.94,521.7,1199.8,42.46,28.25,1.503,False,,True,S-61,38,evt_S-61_upper_body_0022,767e7db3bc0f2539,pose_hand_context,,54428.9,2.74,,1,cam12/e1/v1,rtmpose_baseline
full,03.CCTV Mobile Usage.mkv,632de9ed55947761d56d4c6142a3cb1a1fe69d0b1a6d0e01a2e404c697962623,dfine_native,133367.0,unknown_object,0.2987,244.83,555.2,358.52,640.68,9718.7,113.7,85.48,1.33,False,,True,S-61,38,evt_S-61_upper_body_0022,767e7db3bc0f2539,pose_hand_context,,54428.9,2.74,,1,cam12/e1/v1,rtmpose_baseline
full,03.CCTV Mobile Usage.mkv,632de9ed55947761d56d4c6142a3cb1a1fe69d0b1a6d0e01a2e404c697962623,dfine_native,133367.0,unknown_object,0.2545,125.1,433.63,248.85,639.07,25424.6,123.75,205.45,0.602,False,,True,S-61,38,evt_S-61_upper_body_0022,767e7db3bc0f2539,pose_hand_context,,54428.9,2.74,,1,cam12/e1/v1,rtmpose_baseline
full,03.CCTV Mobile Usage.mkv,632de9ed55947761d56d4c6142a3cb1a1fe69d0b1a6d0e01a2e404c697962623,dfine_native,133367.0,unknown_object,0.2682,125.29,409.42,353.18,639.64,52465.5,227.89,230.23,0.99,False,,True,S-61,38,evt_S-61_upper_body_0022,767e7db3bc0f2539,pose_hand_context,,54428.9,2.74,,1,cam12/e1/v1,rtmpose_baseline
full,03.CCTV Mobile Usage.mkv,632de9ed55947761d56d4c6142a3cb1a1fe69d0b1a6d0e01a2e404c697962623,dfine_native,133367.0,unknown_object,0.2813,125.05,413.34,248.81,638.83,27905.9,123.76,225.48,0.549,False,,True,S-61,38,evt_S-61_upper_body_0022,767e7db3bc0f2539,pose_hand_context,,54428.9,2.74,,1,cam12/e1/v1,rtmpose_baseline
full,03.CCTV Mobile Usage.mkv,632de9ed55947761d56d4c6142a3cb1a1fe69d0b1a6d0e01a2e404c697962623,dfine_native,133367.0,secondary_paper_chit,0.2617,125.09,473.41,193.18,534.17,4137.4,68.09,60.76,1.121,False,,True,S-61,38,evt_S-61_upper_body_0022,767e7db3bc0f2539,pose_hand_context,,54428.9,2.74,,1,cam12/e1/v1,rtmpose_baseline
full,03.CCTV Mobile Usage.mkv,632de9ed55947761d56d4c6142a3cb1a1fe69d0b1a6d0e01a2e404c697962623,dfine_native,133367.0,secondary_paper_chit,0.3765,124.96,436.25,176.78,500.95,3352.7,51.82,64.7,0.801,False,,True,S-61,38,evt_S-61_upper_body_0022,767e7db3bc0f2539,pose_hand_context,,54428.9,2.74,,1,cam12/e1/v1,rtmpose_baseline
full,03.CCTV Mobile Usage.mkv,632de9ed55947761d56d4c6142a3cb1a1fe69d0b1a6d0e01a2e404c697962623,dfine_native,133867.0,unknown_object,0.5956,133.13,436.43,331.8,633.42,39136.3,198.67,196.99,1.009,False,,True,S-61,38,evt_S-61_upper_body_0022,3a65d52bb31ff068,pose_hand_context,,39537.3,3.22,,1,cam12/e1/v1,rtmpose_baseline
full,03.CCTV Mobile Usage.mkv,632de9ed55947761d56d4c6142a3cb1a1fe69d0b1a6d0e01a2e404c697962623,dfine_native,133867.0,secondary_paper_chit,0.4811,132.99,436.57,176.29,486.95,2181.5,43.3,50.38,0.859,False,,True,S-61,38,evt_S-61_upper_body_0022,3a65d52bb31ff068,pose_hand_context,,39537.3,3.22,,1,cam12/e1/v1,rtmpose_baseline
full,03.CCTV Mobile Usage.mkv,632de9ed55947761d56d4c6142a3cb1a1fe69d0b1a6d0e01a2e404c697962623,dfine_native,133867.0,secondary_paper_chit,0.3363,134.41,492.84,176.62,521.86,1225.1,42.21,29.02,1.455,False,,True,S-61,38,evt_S-61_upper_body_0022,3a65d52bb31ff068,pose_hand_context,,39537.3,3.22,,1,cam12/e1/v1,rtmpose_baseline
full,03.CCTV Mobile Usage.mkv,632de9ed55947761d56d4c6142a3cb1a1fe69d0b1a6d0e01a2e404c697962623,dfine_native,133867.0,secondary_paper_chit,0.3419,132.98,436.78,179.2,513.38,3539.9,46.22,76.6,0.603,False,,True,S-61,38,evt_S-61_upper_body_0022,3a65d52bb31ff068,pose_hand_context,,39537.3,3.22,,1,cam12/e1/v1,rtmpose_baseline
full,03.CCTV Mobile Usage.mkv,632de9ed55947761d56d4c6142a3cb1a1fe69d0b1a6d0e01a2e404c697962623,dfine_native,133867.0,unknown_object,0.2686,133.11,488.36,331.81,633.82,28903.3,198.7,145.46,1.366,False,,True,S-61,38,evt_S-61_upper_body_0022,3a65d52bb31ff068,pose_hand_context,,39537.3,3.22,,1,cam12/e1/v1,rtmpose_baseline
full,03.CCTV Mobile Usage.mkv,632de9ed55947761d56d4c6142a3cb1a1fe69d0b1a6d0e01a2e404c697962623,dfine_native,133867.0,unknown_object,0.2611,133.11,437.75,331.74,633.43,38867.8,198.63,195.68,1.015,False,,True,S-61,38,evt_S-61_upper_body_0022,3a65d52bb31ff068,pose_hand_context,,39537.3,3.22,,1,cam12/e1/v1,rtmpose_baseline
full,03.CCTV Mobile Usage.mkv,632de9ed55947761d56d4c6142a3cb1a1fe69d0b1a6d0e01a2e404c697962623,dfine_native,133867.0,secondary_paper_chit,0.3304,133.01,473.98,178.8,514.19,1841.1,45.79,40.21,1.139,False,,True,S-61,38,evt_S-61_upper_body_0022,3a65d52bb31ff068,pose_hand_context,,39537.3,3.22,,1,cam12/e1/v1,rtmpose_baseline
full,03.CCTV Mobile Usage.mkv,632de9ed55947761d56d4c6142a3cb1a1fe69d0b1a6d0e01a2e404c697962623,dfine_native,133867.0,unknown_object,0.34,132.97,511.18,243.82,633.66,13576.5,110.85,122.48,0.905,False,,True,S-61,38,evt_S-61_upper_body_0022,3a65d52bb31ff068,pose_hand_context,,39537.3,3.22,,1,cam12/e1/v1,rtmpose_baseline
full,03.CCTV Mobile Usage.mkv,632de9ed55947761d56d4c6142a3cb1a1fe69d0b1a6d0e01a2e404c697962623,dfine_native,133867.0,secondary_paper_chit,0.2522,163.43,445.21,198.21,489.75,1549.2,34.79,44.54,0.781,False,,True,S-61,38,evt_S-61_upper_body_0022,3a65d52bb31ff068,pose_hand_context,,39537.3,3.22,,1,cam12/e1/v1,rtmpose_baseline
full,03.CCTV Mobile Usage.mkv,632de9ed55947761d56d4c6142a3cb1a1fe69d0b1a6d0e01a2e404c697962623,dfine_native,133867.0,unknown_object,0.5103,133.11,436.78,244.33,633.55,21884.7,111.22,196.77,0.565,False,,True,S-61,38,evt_S-61_upper_body_0022,3a65d52bb31ff068,pose_hand_context,,39537.3,3.22,,1,cam12/e1/v1,rtmpose_baseline
full,03.CCTV Mobile Usage.mkv,632de9ed55947761d56d4c6142a3cb1a1fe69d0b1a6d0e01a2e404c697962623,dfine_native,133867.0,unknown_object,0.2761,156.78,515.41,331.91,633.58,20694.9,175.13,118.17,1.482,False,,True,S-61,38,evt_S-61_upper_body_0022,3a65d52bb31ff068,pose_hand_context,,39537.3,3.22,,1,cam12/e1/v1,rtmpose_baseline
full,03.CCTV Mobile Usage.mkv,632de9ed55947761d56d4c6142a3cb1a1fe69d0b1a6d0e01a2e404c697962623,dfine_native,133867.0,unknown_object,0.2707,133.06,513.35,331.85,634.02,23987.3,198.78,120.67,1.647,False,,True,S-61,38,evt_S-61_upper_body_0022,3a65d52bb31ff068,pose_hand_context,,39537.3,3.22,,1,cam12/e1/v1,rtmpose_baseline
full,03.CCTV Mobile Usage.mkv,632de9ed55947761d56d4c6142a3cb1a1fe69d0b1a6d0e01a2e404c697962623,dfine_native,133867.0,keyboard,0.9044,961.99,451.95,1067.93,491.43,4182.1,105.94,39.48,2.684,False,,True,R-desk,44,evt_S-61_upper_body_0022,f1a8113867df619c,lap_bag_context,no_pose_observation,34560.0,1.33,,1,cam12/e1/v1,
full,03.CCTV Mobile Usage.mkv,632de9ed55947761d56d4c6142a3cb1a1fe69d0b1a6d0e01a2e404c697962623,dfine_native,133867.0,monitor_or_bezel,0.6332,1018.89,395.72,1145.92,447.9,6628.2,127.03,52.18,2.434,False,,True,R-desk,44,evt_S-61_upper_body_0022,f1a8113867df619c,lap_bag_context,no_pose_observation,34560.0,1.33,,1,cam12/e1/v1,
full,03.CCTV Mobile Usage.mkv,632de9ed55947761d56d4c6142a3cb1a1fe69d0b1a6d0e01a2e404c697962623,dfine_native,133867.0,unknown_object,0.466,699.99,396.12,768.71,491.73,6570.3,68.72,95.61,0.719,False,,True,R-desk,44,evt_S-61_upper_body_0022,f1a8113867df619c,lap_bag_context,no_pose_observation,34560.0,1.33,,1,cam12/e1/v1,
full,03.CCTV Mobile Usage.mkv,632de9ed55947761d56d4c6142a3cb1a1fe69d0b1a6d0e01a2e404c697962623,dfine_native,133867.0,unknown_object,0.472,700.21,396.14,860.04,492.21,15355.5,159.83,96.07,1.664,False,,True,R-desk,44,evt_S-61_upper_body_0022,f1a8113867df619c,lap_bag_context,no_pose_observation,34560.0,1.33,,1,cam12/e1/v1,
full,03.CCTV Mobile Usage.mkv,632de9ed55947761d56d4c6142a3cb1a1fe69d0b1a6d0e01a2e404c697962623,dfine_native,133867.0,keyboard,0.3318,801.99,396.23,870.68,420.82,1689.2,68.69,24.59,2.794,False,,True,R-desk,44,evt_S-61_upper_body_0022,f1a8113867df619c,lap_bag_context,no_pose_observation,34560.0,1.33,,1,cam12/e1/v1,
full,03.CCTV Mobile Usage.mkv,632de9ed55947761d56d4c6142a3cb1a1fe69d0b1a6d0e01a2e404c697962623,dfine_native,133867.0,phone,0.3393,1043.03,421.82,1113.11,474.17,3669.4,70.09,52.35,1.339,False,,True,R-desk,44,evt_S-61_upper_body_0022,f1a8113867df619c,lap_bag_context,no_pose_observation,34560.0,1.33,,1,cam12/e1/v1,
full,03.CCTV Mobile Usage.mkv,632de9ed55947761d56d4c6142a3cb1a1fe69d0b1a6d0e01a2e404c697962623,dfine_native,133867.0,monitor_or_bezel,0.3187,1012.6,395.73,1147.59,488.28,12493.6,134.99,92.55,1.459,False,,True,R-desk,44,evt_S-61_upper_body_0022,f1a8113867df619c,lap_bag_context,no_pose_observation,34560.0,1.33,,1,cam12/e1/v1,
full,03.CCTV Mobile Usage.mkv,632de9ed55947761d56d4c6142a3cb1a1fe69d0b1a6d0e01a2e404c697962623,dfine_native,133867.0,unknown_object,0.2593,700.07,396.3,757.38,490.9,5421.2,57.31,94.6,0.606,False,,True,R-desk,44,evt_S-61_upper_body_0022,f1a8113867df619c,lap_bag_context,no_pose_observation,34560.0,1.33,,1,cam12/e1/v1,
full,03.CCTV Mobile Usage.mkv,632de9ed55947761d56d4c6142a3cb1a1fe69d0b1a6d0e01a2e404c697962623,dfine_native,133867.0,mouse,0.5465,864.7,413.74,892.2,435.16,589.1,27.5,21.42,1.284,False,,True,R-desk,44,evt_S-61_upper_body_0022,f1a8113867df619c,lap_bag_context,no_pose_observation,34560.0,1.33,,1,cam12/e1/v1,
full,03.CCTV Mobile Usage.mkv,632de9ed55947761d56d4c6142a3cb1a1fe69d0b1a6d0e01a2e404c697962623,dfine_native,133867.0,mouse,0.2853,967.23,398.34,992.25,410.55,305.6,25.02,12.21,2.049,False,,True,R-desk,44,evt_S-61_upper_body_0022,f1a8113867df619c,lap_bag_context,no_pose_observation,34560.0,1.33,,1,cam12/e1/v1,
full,03.CCTV Mobile Usage.mkv,632de9ed55947761d56d4c6142a3cb1a1fe69d0b1a6d0e01a2e404c697962623,dfine_native,133867.0,keyboard,0.9044,961.99,451.95,1067.93,491.43,4182.1,105.94,39.48,2.684,False,,True,R-desk,41,evt_S-61_upper_body_0022,f1a8113867df619c,lap_bag_context,no_pose_observation,34560.0,1.33,,1,cam12/e1/v1,
full,03.CCTV Mobile Usage.mkv,632de9ed55947761d56d4c6142a3cb1a1fe69d0b1a6d0e01a2e404c697962623,dfine_native,133867.0,monitor_or_bezel,0.6332,1018.89,395.72,1145.92,447.9,6628.2,127.03,52.18,2.434,False,,True,R-desk,41,evt_S-61_upper_body_0022,f1a8113867df619c,lap_bag_context,no_pose_observation,34560.0,1.33,,1,cam12/e1/v1,
full,03.CCTV Mobile Usage.mkv,632de9ed55947761d56d4c6142a3cb1a1fe69d0b1a6d0e01a2e404c697962623,dfine_native,133867.0,unknown_object,0.466,699.99,396.12,768.71,491.73,6570.3,68.72,95.61,0.719,False,,True,R-desk,41,evt_S-61_upper_body_0022,f1a8113867df619c,lap_bag_context,no_pose_observation,34560.0,1.33,,1,cam12/e1/v1,
full,03.CCTV Mobile Usage.mkv,632de9ed55947761d56d4c6142a3cb1a1fe69d0b1a6d0e01a2e404c697962623,dfine_native,133867.0,unknown_object,0.472,700.21,396.14,860.04,492.21,15355.5,159.83,96.07,1.664,False,,True,R-desk,41,evt_S-61_upper_body_0022,f1a8113867df619c,lap_bag_context,no_pose_observation,34560.0,1.33,,1,cam12/e1/v1,
full,03.CCTV Mobile Usage.mkv,632de9ed55947761d56d4c6142a3cb1a1fe69d0b1a6d0e01a2e404c697962623,dfine_native,133867.0,keyboard,0.3318,801.99,396.23,870.68,420.82,1689.2,68.69,24.59,2.794,False,,True,R-desk,41,evt_S-61_upper_body_0022,f1a8113867df619c,lap_bag_context,no_pose_observation,34560.0,1.33,,1,cam12/e1/v1,
full,03.CCTV Mobile Usage.mkv,632de9ed55947761d56d4c6142a3cb1a1fe69d0b1a6d0e01a2e404c697962623,dfine_native,133867.0,phone,0.3393,1043.03,421.82,1113.11,474.17,3669.4,70.09,52.35,1.339,False,,True,R-desk,41,evt_S-61_upper_body_0022,f1a8113867df619c,lap_bag_context,no_pose_observation,34560.0,1.33,,1,cam12/e1/v1,
full,03.CCTV Mobile Usage.mkv,632de9ed55947761d56d4c6142a3cb1a1fe69d0b1a6d0e01a2e404c697962623,dfine_native,133867.0,monitor_or_bezel,0.3187,1012.6,395.73,1147.59,488.28,12493.6,134.99,92.55,1.459,False,,True,R-desk,41,evt_S-61_upper_body_0022,f1a8113867df619c,lap_bag_context,no_pose_observation,34560.0,1.33,,1,cam12/e1/v1,
full,03.CCTV Mobile Usage.mkv,632de9ed55947761d56d4c6142a3cb1a1fe69d0b1a6d0e01a2e404c697962623,dfine_native,133867.0,unknown_object,0.2593,700.07,396.3,757.38,490.9,5421.2,57.31,94.6,0.606,False,,True,R-desk,41,evt_S-61_upper_body_0022,f1a8113867df619c,lap_bag_context,no_pose_observation,34560.0,1.33,,1,cam12/e1/v1,
full,03.CCTV Mobile Usage.mkv,632de9ed55947761d56d4c6142a3cb1a1fe69d0b1a6d0e01a2e404c697962623,dfine_native,133867.0,mouse,0.5465,864.7,413.74,892.2,435.16,589.1,27.5,21.42,1.284,False,,True,R-desk,41,evt_S-61_upper_body_0022,f1a8113867df619c,lap_bag_context,no_pose_observation,34560.0,1.33,,1,cam12/e1/v1,
full,03.CCTV Mobile Usage.mkv,632de9ed55947761d56d4c6142a3cb1a1fe69d0b1a6d0e01a2e404c697962623,dfine_native,133867.0,mouse,0.2853,967.23,398.34,992.25,410.55,305.6,25.02,12.21,2.049,False,,True,R-desk,41,evt_S-61_upper_body_0022,f1a8113867df619c,lap_bag_context,no_pose_observation,34560.0,1.33,,1,cam12/e1/v1,
full,03.CCTV Mobile Usage.mkv,632de9ed55947761d56d4c6142a3cb1a1fe69d0b1a6d0e01a2e404c697962623,dfine_native,134367.0,unknown_object,0.4338,93.98,498.65,217.46,598.26,12299.7,123.48,99.61,1.24,False,,True,S-61,38,evt_S-61_upper_body_0022,103b9bf0aa15242b,pose_hand_context,,43355.6,3.07,,1,cam12/e1/v1,rtmpose_baseline
full,03.CCTV Mobile Usage.mkv,632de9ed55947761d56d4c6142a3cb1a1fe69d0b1a6d0e01a2e404c697962623,dfine_native,134367.0,unknown_object,0.5599,94.04,391.48,301.8,598.0,42909.3,207.76,206.53,1.006,False,,True,S-61,38,evt_S-61_upper_body_0022,103b9bf0aa15242b,pose_hand_context,,43355.6,3.07,,1,cam12/e1/v1,rtmpose_baseline
full,03.CCTV Mobile Usage.mkv,632de9ed55947761d56d4c6142a3cb1a1fe69d0b1a6d0e01a2e404c697962623,dfine_native,134367.0,unknown_object,0.3863,114.86,434.6,176.24,480.83,2837.6,61.38,46.23,1.328,False,,True,S-61,38,evt_S-61_upper_body_0022,103b9bf0aa15242b,pose_hand_context,,43355.6,3.07,,1,cam12/e1/v1,rtmpose_baseline
full,03.CCTV Mobile Usage.mkv,632de9ed55947761d56d4c6142a3cb1a1fe69d0b1a6d0e01a2e404c697962623,dfine_native,134367.0,unknown_object,0.2545,94.04,433.6,177.04,502.19,5693.0,83.0,68.59,1.21,False,,True,S-61,38,evt_S-61_upper_body_0022,103b9bf0aa15242b,pose_hand_context,,43355.6,3.07,,1,cam12/e1/v1,rtmpose_baseline
full,03.CCTV Mobile Usage.mkv,632de9ed55947761d56d4c6142a3cb1a1fe69d0b1a6d0e01a2e404c697962623,dfine_native,134367.0,unknown_object,0.4526,94.04,498.83,301.74,598.41,20682.8,207.7,99.58,2.086,False,,True,S-61,38,evt_S-61_upper_body_0022,103b9bf0aa15242b,pose_hand_context,,43355.6,3.07,,1,cam12/e1/v1,rtmpose_baseline
full,03.CCTV Mobile Usage.mkv,632de9ed55947761d56d4c6142a3cb1a1fe69d0b1a6d0e01a2e404c697962623,dfine_native,134367.0,unknown_object,0.3154,93.97,421.16,301.7,598.0,36736.4,207.73,176.85,1.175,False,,True,S-61,38,evt_S-61_upper_body_0022,103b9bf0aa15242b,pose_hand_context,,43355.6,3.07,,1,cam12/e1/v1,rtmpose_baseline
full,03.CCTV Mobile Usage.mkv,632de9ed55947761d56d4c6142a3cb1a1fe69d0b1a6d0e01a2e404c697962623,dfine_native,134367.0,unknown_object,0.2833,203.95,561.94,301.81,598.58,3585.2,97.85,36.64,2.671,False,,True,S-61,38,evt_S-61_upper_body_0022,103b9bf0aa15242b,pose_hand_context,,43355.6,3.07,,1,cam12/e1/v1,rtmpose_baseline
full,03.CCTV Mobile Usage.mkv,632de9ed55947761d56d4c6142a3cb1a1fe69d0b1a6d0e01a2e404c697962623,dfine_native,134367.0,unknown_object,0.3951,94.08,392.01,219.54,597.76,25812.8,125.46,205.75,0.61,False,,True,S-61,38,evt_S-61_upper_body_0022,103b9bf0aa15242b,pose_hand_context,,43355.6,3.07,,1,cam12/e1/v1,rtmpose_baseline
full,03.CCTV Mobile Usage.mkv,632de9ed55947761d56d4c6142a3cb1a1fe69d0b1a6d0e01a2e404c697962623,dfine_native,134367.0,unknown_object,0.3286,94.08,431.82,219.07,598.03,20773.9,124.98,166.21,0.752,False,,True,S-61,38,evt_S-61_upper_body_0022,103b9bf0aa15242b,pose_hand_context,,43355.6,3.07,,1,cam12/e1/v1,rtmpose_baseline
full,03.CCTV Mobile Usage.mkv,632de9ed55947761d56d4c6142a3cb1a1fe69d0b1a6d0e01a2e404c697962623,dfine_native,134367.0,keyboard,0.9179,961.86,451.97,1067.85,491.45,4184.8,105.99,39.48,2.685,False,,True,R-desk,41,evt_S-61_upper_body_0022,ed71cc11a2e541df,lap_bag_context,no_pose_observation,34560.0,1.33,,1,cam12/e1/v1,
full,03.CCTV Mobile Usage.mkv,632de9ed55947761d56d4c6142a3cb1a1fe69d0b1a6d0e01a2e404c697962623,dfine_native,134367.0,unknown_object,0.6817,699.9,396.16,847.76,491.99,14170.1,147.86,95.83,1.543,False,,True,R-desk,41,evt_S-61_upper_body_0022,ed71cc11a2e541df,lap_bag_context,no_pose_observation,34560.0,1.33,,1,cam12/e1/v1,
full,03.CCTV Mobile Usage.mkv,632de9ed55947761d56d4c6142a3cb1a1fe69d0b1a6d0e01a2e404c697962623,dfine_native,134367.0,monitor_or_bezel,0.6923,1019.06,395.63,1145.74,447.86,6616.0,126.68,52.23,2.425,False,,True,R-desk,41,evt_S-61_upper_body_0022,ed71cc11a2e541df,lap_bag_context,no_pose_observation,34560.0,1.33,,1,cam12/e1/v1,
full,03.CCTV Mobile Usage.mkv,632de9ed55947761d56d4c6142a3cb1a1fe69d0b1a6d0e01a2e404c697962623,dfine_native,134367.0,keyboard,0.5132,801.89,396.22,870.98,420.79,1697.5,69.08,24.57,2.812,False,,True,R-desk,41,evt_S-61_upper_body_0022,ed71cc11a2e541df,lap_bag_context,no_pose_observation,34560.0,1.33,,1,cam12/e1/v1,
full,03.CCTV Mobile Usage.mkv,632de9ed55947761d56d4c6142a3cb1a1fe69d0b1a6d0e01a2e404c697962623,dfine_native,134367.0,mouse,0.625,864.68,413.76,892.26,435.07,587.6,27.57,21.31,1.294,False,,True,R-desk,41,evt_S-61_upper_body_0022,ed71cc11a2e541df,lap_bag_context,no_pose_observation,34560.0,1.33,,1,cam12/e1/v1,
full,03.CCTV Mobile Usage.mkv,632de9ed55947761d56d4c6142a3cb1a1fe69d0b1a6d0e01a2e404c697962623,dfine_native,134367.0,phone,0.3051,1042.85,421.63,1113.53,474.28,3721.1,70.68,52.65,1.342,False,,True,R-desk,41,evt_S-61_upper_body_0022,ed71cc11a2e541df,lap_bag_context,no_pose_observation,34560.0,1.33,,1,cam12/e1/v1,
full,03.CCTV Mobile Usage.mkv,632de9ed55947761d56d4c6142a3cb1a1fe69d0b1a6d0e01a2e404c697962623,dfine_native,134367.0,unknown_object,0.4484,700.07,396.15,760.92,491.38,5795.4,60.86,95.23,0.639,False,,True,R-desk,41,evt_S-61_upper_body_0022,ed71cc11a2e541df,lap_bag_context,no_pose_observation,34560.0,1.33,,1,cam12/e1/v1,
full,03.CCTV Mobile Usage.mkv,632de9ed55947761d56d4c6142a3cb1a1fe69d0b1a6d0e01a2e404c697962623,dfine_native,134367.0,monitor_or_bezel,0.3346,1015.08,395.62,1146.84,488.63,12254.8,131.76,93.01,1.417,False,,True,R-desk,41,evt_S-61_upper_body_0022,ed71cc11a2e541df,lap_bag_context,no_pose_observation,34560.0,1.33,,1,cam12/e1/v1,
full,03.CCTV Mobile Usage.mkv,632de9ed55947761d56d4c6142a3cb1a1fe69d0b1a6d0e01a2e404c697962623,dfine_native,134367.0,monitor_or_bezel,0.2866,881.43,396.17,948.82,452.68,3808.0,67.39,56.51,1.192,False,,True,R-desk,41,evt_S-61_upper_body_0022,ed71cc11a2e541df,lap_bag_context,no_pose_observation,34560.0,1.33,,1,cam12/e1/v1,
full,03.CCTV Mobile Usage.mkv,632de9ed55947761d56d4c6142a3cb1a1fe69d0b1a6d0e01a2e404c697962623,dfine_native,134367.0,mouse,0.387,967.09,398.41,992.19,410.57,305.0,25.1,12.15,2.065,False,,True,R-desk,41,evt_S-61_upper_body_0022,ed71cc11a2e541df,lap_bag_context,no_pose_observation,34560.0,1.33,,1,cam12/e1/v1,
full,03.CCTV Mobile Usage.mkv,632de9ed55947761d56d4c6142a3cb1a1fe69d0b1a6d0e01a2e404c697962623,dfine_native,134367.0,mouse,0.3167,991.5,400.94,1028.41,413.63,468.2,36.91,12.69,2.91,False,,True,R-desk,41,evt_S-61_upper_body_0022,ed71cc11a2e541df,lap_bag_context,no_pose_observation,34560.0,1.33,,1,cam12/e1/v1,
full,03.CCTV Mobile Usage.mkv,632de9ed55947761d56d4c6142a3cb1a1fe69d0b1a6d0e01a2e404c697962623,dfine_native,134367.0,keyboard,0.9179,961.86,451.97,1067.85,491.45,4184.8,105.99,39.48,2.685,False,,True,R-desk,44,evt_S-61_upper_body_0022,ed71cc11a2e541df,lap_bag_context,no_pose_observation,34560.0,1.33,,1,cam12/e1/v1,
full,03.CCTV Mobile Usage.mkv,632de9ed55947761d56d4c6142a3cb1a1fe69d0b1a6d0e01a2e404c697962623,dfine_native,134367.0,unknown_object,0.6817,699.9,396.16,847.76,491.99,14170.1,147.86,95.83,1.543,False,,True,R-desk,44,evt_S-61_upper_body_0022,ed71cc11a2e541df,lap_bag_context,no_pose_observation,34560.0,1.33,,1,cam12/e1/v1,
full,03.CCTV Mobile Usage.mkv,632de9ed55947761d56d4c6142a3cb1a1fe69d0b1a6d0e01a2e404c697962623,dfine_native,134367.0,monitor_or_bezel,0.6923,1019.06,395.63,1145.74,447.86,6616.0,126.68,52.23,2.425,False,,True,R-desk,44,evt_S-61_upper_body_0022,ed71cc11a2e541df,lap_bag_context,no_pose_observation,34560.0,1.33,,1,cam12/e1/v1,
full,03.CCTV Mobile Usage.mkv,632de9ed55947761d56d4c6142a3cb1a1fe69d0b1a6d0e01a2e404c697962623,dfine_native,134367.0,keyboard,0.5132,801.89,396.22,870.98,420.79,1697.5,69.08,24.57,2.812,False,,True,R-desk,44,evt_S-61_upper_body_0022,ed71cc11a2e541df,lap_bag_context,no_pose_observation,34560.0,1.33,,1,cam12/e1/v1,
full,03.CCTV Mobile Usage.mkv,632de9ed55947761d56d4c6142a3cb1a1fe69d0b1a6d0e01a2e404c697962623,dfine_native,134367.0,mouse,0.625,864.68,413.76,892.26,435.07,587.6,27.57,21.31,1.294,False,,True,R-desk,44,evt_S-61_upper_body_0022,ed71cc11a2e541df,lap_bag_context,no_pose_observation,34560.0,1.33,,1,cam12/e1/v1,
full,03.CCTV Mobile Usage.mkv,632de9ed55947761d56d4c6142a3cb1a1fe69d0b1a6d0e01a2e404c697962623,dfine_native,134367.0,phone,0.3051,1042.85,421.63,1113.53,474.28,3721.1,70.68,52.65,1.342,False,,True,R-desk,44,evt_S-61_upper_body_0022,ed71cc11a2e541df,lap_bag_context,no_pose_observation,34560.0,1.33,,1,cam12/e1/v1,
full,03.CCTV Mobile Usage.mkv,632de9ed55947761d56d4c6142a3cb1a1fe69d0b1a6d0e01a2e404c697962623,dfine_native,134367.0,unknown_object,0.4484,700.07,396.15,760.92,491.38,5795.4,60.86,95.23,0.639,False,,True,R-desk,44,evt_S-61_upper_body_0022,ed71cc11a2e541df,lap_bag_context,no_pose_observation,34560.0,1.33,,1,cam12/e1/v1,
full,03.CCTV Mobile Usage.mkv,632de9ed55947761d56d4c6142a3cb1a1fe69d0b1a6d0e01a2e404c697962623,dfine_native,134367.0,monitor_or_bezel,0.3346,1015.08,395.62,1146.84,488.63,12254.8,131.76,93.01,1.417,False,,True,R-desk,44,evt_S-61_upper_body_0022,ed71cc11a2e541df,lap_bag_context,no_pose_observation,34560.0,1.33,,1,cam12/e1/v1,
full,03.CCTV Mobile Usage.mkv,632de9ed55947761d56d4c6142a3cb1a1fe69d0b1a6d0e01a2e404c697962623,dfine_native,134367.0,monitor_or_bezel,0.2866,881.43,396.17,948.82,452.68,3808.0,67.39,56.51,1.192,False,,True,R-desk,44,evt_S-61_upper_body_0022,ed71cc11a2e541df,lap_bag_context,no_pose_observation,34560.0,1.33,,1,cam12/e1/v1,
full,03.CCTV Mobile Usage.mkv,632de9ed55947761d56d4c6142a3cb1a1fe69d0b1a6d0e01a2e404c697962623,dfine_native,134367.0,mouse,0.387,967.09,398.41,992.19,410.57,305.0,25.1,12.15,2.065,False,,True,R-desk,44,evt_S-61_upper_body_0022,ed71cc11a2e541df,lap_bag_context,no_pose_observation,34560.0,1.33,,1,cam12/e1/v1,
full,03.CCTV Mobile Usage.mkv,632de9ed55947761d56d4c6142a3cb1a1fe69d0b1a6d0e01a2e404c697962623,dfine_native,134367.0,mouse,0.3167,991.5,400.94,1028.41,413.63,468.2,36.91,12.69,2.91,False,,True,R-desk,44,evt_S-61_upper_body_0022,ed71cc11a2e541df,lap_bag_context,no_pose_observation,34560.0,1.33,,1,cam12/e1/v1,
full,03.CCTV Mobile Usage.mkv,632de9ed55947761d56d4c6142a3cb1a1fe69d0b1a6d0e01a2e404c697962623,dfine_native,134867.0,keyboard,0.9174,961.88,451.96,1067.85,491.45,4184.4,105.97,39.49,2.684,False,,True,R-desk,41,evt_S-61_upper_body_0022,0e31788d13d3d0fd,lap_bag_context,no_pose_observation,34560.0,1.33,,1,cam12/e1/v1,
full,03.CCTV Mobile Usage.mkv,632de9ed55947761d56d4c6142a3cb1a1fe69d0b1a6d0e01a2e404c697962623,dfine_native,134867.0,unknown_object,0.6808,699.9,396.16,847.81,492.0,14174.8,147.9,95.84,1.543,False,,True,R-desk,41,evt_S-61_upper_body_0022,0e31788d13d3d0fd,lap_bag_context,no_pose_observation,34560.0,1.33,,1,cam12/e1/v1,
full,03.CCTV Mobile Usage.mkv,632de9ed55947761d56d4c6142a3cb1a1fe69d0b1a6d0e01a2e404c697962623,dfine_native,134867.0,monitor_or_bezel,0.6908,1019.05,395.65,1145.72,447.85,6612.1,126.66,52.2,2.426,False,,True,R-desk,41,evt_S-61_upper_body_0022,0e31788d13d3d0fd,lap_bag_context,no_pose_observation,34560.0,1.33,,1,cam12/e1/v1,
full,03.CCTV Mobile Usage.mkv,632de9ed55947761d56d4c6142a3cb1a1fe69d0b1a6d0e01a2e404c697962623,dfine_native,134867.0,keyboard,0.5124,801.89,396.22,870.98,420.8,1697.7,69.09,24.57,2.812,False,,True,R-desk,41,evt_S-61_upper_body_0022,0e31788d13d3d0fd,lap_bag_context,no_pose_observation,34560.0,1.33,,1,cam12/e1/v1,
full,03.CCTV Mobile Usage.mkv,632de9ed55947761d56d4c6142a3cb1a1fe69d0b1a6d0e01a2e404c697962623,dfine_native,134867.0,mouse,0.6237,864.68,413.76,892.26,435.07,587.8,27.58,21.31,1.294,False,,True,R-desk,41,evt_S-61_upper_body_0022,0e31788d13d3d0fd,lap_bag_context,no_pose_observation,34560.0,1.33,,1,cam12/e1/v1,
full,03.CCTV Mobile Usage.mkv,632de9ed55947761d56d4c6142a3cb1a1fe69d0b1a6d0e01a2e404c697962623,dfine_native,134867.0,phone,0.3061,1042.85,421.63,1113.53,474.28,3720.6,70.68,52.64,1.343,False,,True,R-desk,41,evt_S-61_upper_body_0022,0e31788d13d3d0fd,lap_bag_context,no_pose_observation,34560.0,1.33,,1,cam12/e1/v1,
full,03.CCTV Mobile Usage.mkv,632de9ed55947761d56d4c6142a3cb1a1fe69d0b1a6d0e01a2e404c697962623,dfine_native,134867.0,monitor_or_bezel,0.3353,1014.97,395.64,1146.82,488.62,12260.3,131.85,92.99,1.418,False,,True,R-desk,41,evt_S-61_upper_body_0022,0e31788d13d3d0fd,lap_bag_context,no_pose_observation,34560.0,1.33,,1,cam12/e1/v1,
full,03.CCTV Mobile Usage.mkv,632de9ed55947761d56d4c6142a3cb1a1fe69d0b1a6d0e01a2e404c697962623,dfine_native,134867.0,unknown_object,0.4467,700.07,396.15,760.76,491.37,5778.5,60.68,95.22,0.637,False,,True,R-desk,41,evt_S-61_upper_body_0022,0e31788d13d3d0fd,lap_bag_context,no_pose_observation,34560.0,1.33,,1,cam12/e1/v1,
full,03.CCTV Mobile Usage.mkv,632de9ed55947761d56d4c6142a3cb1a1fe69d0b1a6d0e01a2e404c697962623,dfine_native,134867.0,monitor_or_bezel,0.2864,881.43,396.17,948.82,452.68,3808.2,67.39,56.51,1.192,False,,True,R-desk,41,evt_S-61_upper_body_0022,0e31788d13d3d0fd,lap_bag_context,no_pose_observation,34560.0,1.33,,1,cam12/e1/v1,
full,03.CCTV Mobile Usage.mkv,632de9ed55947761d56d4c6142a3cb1a1fe69d0b1a6d0e01a2e404c697962623,dfine_native,134867.0,mouse,0.3854,967.09,398.41,992.18,410.57,305.0,25.1,12.15,2.065,False,,True,R-desk,41,evt_S-61_upper_body_0022,0e31788d13d3d0fd,lap_bag_context,no_pose_observation,34560.0,1.33,,1,cam12/e1/v1,
full,03.CCTV Mobile Usage.mkv,632de9ed55947761d56d4c6142a3cb1a1fe69d0b1a6d0e01a2e404c697962623,dfine_native,134867.0,mouse,0.3164,991.5,400.95,1028.42,413.63,468.3,36.93,12.68,2.912,False,,True,R-desk,41,evt_S-61_upper_body_0022,0e31788d13d3d0fd,lap_bag_context,no_pose_observation,34560.0,1.33,,1,cam12/e1/v1,
full,03.CCTV Mobile Usage.mkv,632de9ed55947761d56d4c6142a3cb1a1fe69d0b1a6d0e01a2e404c697962623,dfine_native,134867.0,keyboard,0.9174,961.88,451.96,1067.85,491.45,4184.4,105.97,39.49,2.684,False,,True,R-desk,44,evt_S-61_upper_body_0022,0e31788d13d3d0fd,lap_bag_context,no_pose_observation,34560.0,1.33,,1,cam12/e1/v1,
full,03.CCTV Mobile Usage.mkv,632de9ed55947761d56d4c6142a3cb1a1fe69d0b1a6d0e01a2e404c697962623,dfine_native,134867.0,unknown_object,0.6808,699.9,396.16,847.81,492.0,14174.8,147.9,95.84,1.543,False,,True,R-desk,44,evt_S-61_upper_body_0022,0e31788d13d3d0fd,lap_bag_context,no_pose_observation,34560.0,1.33,,1,cam12/e1/v1,
full,03.CCTV Mobile Usage.mkv,632de9ed55947761d56d4c6142a3cb1a1fe69d0b1a6d0e01a2e404c697962623,dfine_native,134867.0,monitor_or_bezel,0.6908,1019.05,395.65,1145.72,447.85,6612.1,126.66,52.2,2.426,False,,True,R-desk,44,evt_S-61_upper_body_0022,0e31788d13d3d0fd,lap_bag_context,no_pose_observation,34560.0,1.33,,1,cam12/e1/v1,
full,03.CCTV Mobile Usage.mkv,632de9ed55947761d56d4c6142a3cb1a1fe69d0b1a6d0e01a2e404c697962623,dfine_native,134867.0,keyboard,0.5124,801.89,396.22,870.98,420.8,1697.7,69.09,24.57,2.812,False,,True,R-desk,44,evt_S-61_upper_body_0022,0e31788d13d3d0fd,lap_bag_context,no_pose_observation,34560.0,1.33,,1,cam12/e1/v1,
full,03.CCTV Mobile Usage.mkv,632de9ed55947761d56d4c6142a3cb1a1fe69d0b1a6d0e01a2e404c697962623,dfine_native,134867.0,mouse,0.6237,864.68,413.76,892.26,435.07,587.8,27.58,21.31,1.294,False,,True,R-desk,44,evt_S-61_upper_body_0022,0e31788d13d3d0fd,lap_bag_context,no_pose_observation,34560.0,1.33,,1,cam12/e1/v1,
full,03.CCTV Mobile Usage.mkv,632de9ed55947761d56d4c6142a3cb1a1fe69d0b1a6d0e01a2e404c697962623,dfine_native,134867.0,phone,0.3061,1042.85,421.63,1113.53,474.28,3720.6,70.68,52.64,1.343,False,,True,R-desk,44,evt_S-61_upper_body_0022,0e31788d13d3d0fd,lap_bag_context,no_pose_observation,34560.0,1.33,,1,cam12/e1/v1,
full,03.CCTV Mobile Usage.mkv,632de9ed55947761d56d4c6142a3cb1a1fe69d0b1a6d0e01a2e404c697962623,dfine_native,134867.0,monitor_or_bezel,0.3353,1014.97,395.64,1146.82,488.62,12260.3,131.85,92.99,1.418,False,,True,R-desk,44,evt_S-61_upper_body_0022,0e31788d13d3d0fd,lap_bag_context,no_pose_observation,34560.0,1.33,,1,cam12/e1/v1,
full,03.CCTV Mobile Usage.mkv,632de9ed55947761d56d4c6142a3cb1a1fe69d0b1a6d0e01a2e404c697962623,dfine_native,134867.0,unknown_object,0.4467,700.07,396.15,760.76,491.37,5778.5,60.68,95.22,0.637,False,,True,R-desk,44,evt_S-61_upper_body_0022,0e31788d13d3d0fd,lap_bag_context,no_pose_observation,34560.0,1.33,,1,cam12/e1/v1,
full,03.CCTV Mobile Usage.mkv,632de9ed55947761d56d4c6142a3cb1a1fe69d0b1a6d0e01a2e404c697962623,dfine_native,134867.0,monitor_or_bezel,0.2864,881.43,396.17,948.82,452.68,3808.2,67.39,56.51,1.192,False,,True,R-desk,44,evt_S-61_upper_body_0022,0e31788d13d3d0fd,lap_bag_context,no_pose_observation,34560.0,1.33,,1,cam12/e1/v1,
full,03.CCTV Mobile Usage.mkv,632de9ed55947761d56d4c6142a3cb1a1fe69d0b1a6d0e01a2e404c697962623,dfine_native,134867.0,mouse,0.3854,967.09,398.41,992.18,410.57,305.0,25.1,12.15,2.065,False,,True,R-desk,44,evt_S-61_upper_body_0022,0e31788d13d3d0fd,lap_bag_context,no_pose_observation,34560.0,1.33,,1,cam12/e1/v1,
full,03.CCTV Mobile Usage.mkv,632de9ed55947761d56d4c6142a3cb1a1fe69d0b1a6d0e01a2e404c697962623,dfine_native,134867.0,mouse,0.3164,991.5,400.95,1028.42,413.63,468.3,36.93,12.68,2.912,False,,True,R-desk,44,evt_S-61_upper_body_0022,0e31788d13d3d0fd,lap_bag_context,no_pose_observation,34560.0,1.33,,1,cam12/e1/v1,
full,03.CCTV Mobile Usage.mkv,632de9ed55947761d56d4c6142a3cb1a1fe69d0b1a6d0e01a2e404c697962623,dfine_native,134867.0,secondary_paper_chit,0.4432,133.99,486.44,176.81,521.19,1488.2,42.82,34.75,1.232,False,,True,S-61,38,evt_S-61_upper_body_0022,8716417f52686cc5,pose_hand_context,,36198.9,3.36,,1,cam12/e1/v1,rtmpose_baseline
full,03.CCTV Mobile Usage.mkv,632de9ed55947761d56d4c6142a3cb1a1fe69d0b1a6d0e01a2e404c697962623,dfine_native,134867.0,secondary_paper_chit,0.3541,133.99,424.04,200.34,493.92,4636.9,66.36,69.88,0.95,False,,True,S-61,38,evt_S-61_upper_body_0022,8716417f52686cc5,pose_hand_context,,36198.9,3.36,,1,cam12/e1/v1,rtmpose_baseline
full,03.CCTV Mobile Usage.mkv,632de9ed55947761d56d4c6142a3cb1a1fe69d0b1a6d0e01a2e404c697962623,dfine_native,134867.0,unknown_object,0.3964,133.91,423.75,324.87,611.22,35798.7,190.96,187.47,1.019,False,,True,S-61,38,evt_S-61_upper_body_0022,8716417f52686cc5,pose_hand_context,,36198.9,3.36,,1,cam12/e1/v1,rtmpose_baseline
full,03.CCTV Mobile Usage.mkv,632de9ed55947761d56d4c6142a3cb1a1fe69d0b1a6d0e01a2e404c697962623,dfine_native,134867.0,unknown_object,0.2747,133.97,486.03,224.04,611.4,11293.0,90.07,125.37,0.718,False,,True,S-61,38,evt_S-61_upper_body_0022,8716417f52686cc5,pose_hand_context,,36198.9,3.36,,1,cam12/e1/v1,rtmpose_baseline
full,03.CCTV Mobile Usage.mkv,632de9ed55947761d56d4c6142a3cb1a1fe69d0b1a6d0e01a2e404c697962623,dfine_native,134867.0,unknown_object,0.2724,133.99,510.88,223.68,611.48,9023.7,89.7,100.6,0.892,False,,True,S-61,38,evt_S-61_upper_body_0022,8716417f52686cc5,pose_hand_context,,36198.9,3.36,,1,cam12/e1/v1,rtmpose_baseline
full,03.CCTV Mobile Usage.mkv,632de9ed55947761d56d4c6142a3cb1a1fe69d0b1a6d0e01a2e404c697962623,dfine_native,134867.0,stationery,0.2608,133.99,486.41,210.14,582.98,7355.1,76.16,96.58,0.789,False,,True,S-61,38,evt_S-61_upper_body_0022,8716417f52686cc5,pose_hand_context,,36198.9,3.36,,1,cam12/e1/v1,rtmpose_baseline
full,03.CCTV Mobile Usage.mkv,632de9ed55947761d56d4c6142a3cb1a1fe69d0b1a6d0e01a2e404c697962623,dfine_native,135367.0,keyboard,0.9177,961.88,451.96,1067.85,491.45,4184.3,105.97,39.49,2.684,False,,True,R-desk,41,evt_S-61_upper_body_0022,286993f5c282d889,lap_bag_context,no_pose_observation,34560.0,1.33,,1,cam12/e1/v1,
full,03.CCTV Mobile Usage.mkv,632de9ed55947761d56d4c6142a3cb1a1fe69d0b1a6d0e01a2e404c697962623,dfine_native,135367.0,unknown_object,0.6812,699.9,396.16,847.81,492.0,14175.0,147.91,95.84,1.543,False,,True,R-desk,41,evt_S-61_upper_body_0022,286993f5c282d889,lap_bag_context,no_pose_observation,34560.0,1.33,,1,cam12/e1/v1,
full,03.CCTV Mobile Usage.mkv,632de9ed55947761d56d4c6142a3cb1a1fe69d0b1a6d0e01a2e404c697962623,dfine_native,135367.0,monitor_or_bezel,0.6925,1019.06,395.64,1145.74,447.85,6613.6,126.68,52.21,2.426,False,,True,R-desk,41,evt_S-61_upper_body_0022,286993f5c282d889,lap_bag_context,no_pose_observation,34560.0,1.33,,1,cam12/e1/v1,
full,03.CCTV Mobile Usage.mkv,632de9ed55947761d56d4c6142a3cb1a1fe69d0b1a6d0e01a2e404c697962623,dfine_native,135367.0,keyboard,0.5123,801.89,396.22,870.98,420.8,1697.6,69.09,24.57,2.812,False,,True,R-desk,41,evt_S-61_upper_body_0022,286993f5c282d889,lap_bag_context,no_pose_observation,34560.0,1.33,,1,cam12/e1/v1,
full,03.CCTV Mobile Usage.mkv,632de9ed55947761d56d4c6142a3cb1a1fe69d0b1a6d0e01a2e404c697962623,dfine_native,135367.0,mouse,0.6239,864.68,413.76,892.26,435.07,587.8,27.58,21.31,1.294,False,,True,R-desk,41,evt_S-61_upper_body_0022,286993f5c282d889,lap_bag_context,no_pose_observation,34560.0,1.33,,1,cam12/e1/v1,
full,03.CCTV Mobile Usage.mkv,632de9ed55947761d56d4c6142a3cb1a1fe69d0b1a6d0e01a2e404c697962623,dfine_native,135367.0,phone,0.3052,1042.85,421.63,1113.53,474.28,3721.0,70.68,52.64,1.343,False,,True,R-desk,41,evt_S-61_upper_body_0022,286993f5c282d889,lap_bag_context,no_pose_observation,34560.0,1.33,,1,cam12/e1/v1,
full,03.CCTV Mobile Usage.mkv,632de9ed55947761d56d4c6142a3cb1a1fe69d0b1a6d0e01a2e404c697962623,dfine_native,135367.0,unknown_object,0.446,700.08,396.15,760.71,491.37,5774.0,60.64,95.22,0.637,False,,True,R-desk,41,evt_S-61_upper_body_0022,286993f5c282d889,lap_bag_context,no_pose_observation,34560.0,1.33,,1,cam12/e1/v1,
full,03.CCTV Mobile Usage.mkv,632de9ed55947761d56d4c6142a3cb1a1fe69d0b1a6d0e01a2e404c697962623,dfine_native,135367.0,monitor_or_bezel,0.3345,1015.06,395.63,1146.84,488.63,12254.7,131.78,93.0,1.417,False,,True,R-desk,41,evt_S-61_upper_body_0022,286993f5c282d889,lap_bag_context,no_pose_observation,34560.0,1.33,,1,cam12/e1/v1,
full,03.CCTV Mobile Usage.mkv,632de9ed55947761d56d4c6142a3cb1a1fe69d0b1a6d0e01a2e404c697962623,dfine_native,135367.0,monitor_or_bezel,0.2867,881.43,396.17,948.82,452.68,3808.2,67.39,56.51,1.192,False,,True,R-desk,41,evt_S-61_upper_body_0022,286993f5c282d889,lap_bag_context,no_pose_observation,34560.0,1.33,,1,cam12/e1/v1,
full,03.CCTV Mobile Usage.mkv,632de9ed55947761d56d4c6142a3cb1a1fe69d0b1a6d0e01a2e404c697962623,dfine_native,135367.0,mouse,0.3865,967.09,398.42,992.18,410.57,305.0,25.09,12.15,2.065,False,,True,R-desk,41,evt_S-61_upper_body_0022,286993f5c282d889,lap_bag_context,no_pose_observation,34560.0,1.33,,1,cam12/e1/v1,
full,03.CCTV Mobile Usage.mkv,632de9ed55947761d56d4c6142a3cb1a1fe69d0b1a6d0e01a2e404c697962623,dfine_native,135367.0,mouse,0.3177,991.5,400.95,1028.41,413.63,468.1,36.92,12.68,2.911,False,,True,R-desk,41,evt_S-61_upper_body_0022,286993f5c282d889,lap_bag_context,no_pose_observation,34560.0,1.33,,1,cam12/e1/v1,
full,03.CCTV Mobile Usage.mkv,632de9ed55947761d56d4c6142a3cb1a1fe69d0b1a6d0e01a2e404c697962623,dfine_native,135367.0,keyboard,0.9177,961.88,451.96,1067.85,491.45,4184.3,105.97,39.49,2.684,False,,True,R-desk,45,evt_S-61_upper_body_0022,286993f5c282d889,lap_bag_context,no_pose_observation,34560.0,1.33,,1,cam12/e1/v1,
full,03.CCTV Mobile Usage.mkv,632de9ed55947761d56d4c6142a3cb1a1fe69d0b1a6d0e01a2e404c697962623,dfine_native,135367.0,unknown_object,0.6812,699.9,396.16,847.81,492.0,14175.0,147.91,95.84,1.543,False,,True,R-desk,45,evt_S-61_upper_body_0022,286993f5c282d889,lap_bag_context,no_pose_observation,34560.0,1.33,,1,cam12/e1/v1,
full,03.CCTV Mobile Usage.mkv,632de9ed55947761d56d4c6142a3cb1a1fe69d0b1a6d0e01a2e404c697962623,dfine_native,135367.0,monitor_or_bezel,0.6925,1019.06,395.64,1145.74,447.85,6613.6,126.68,52.21,2.426,False,,True,R-desk,45,evt_S-61_upper_body_0022,286993f5c282d889,lap_bag_context,no_pose_observation,34560.0,1.33,,1,cam12/e1/v1,
full,03.CCTV Mobile Usage.mkv,632de9ed55947761d56d4c6142a3cb1a1fe69d0b1a6d0e01a2e404c697962623,dfine_native,135367.0,keyboard,0.5123,801.89,396.22,870.98,420.8,1697.6,69.09,24.57,2.812,False,,True,R-desk,45,evt_S-61_upper_body_0022,286993f5c282d889,lap_bag_context,no_pose_observation,34560.0,1.33,,1,cam12/e1/v1,
full,03.CCTV Mobile Usage.mkv,632de9ed55947761d56d4c6142a3cb1a1fe69d0b1a6d0e01a2e404c697962623,dfine_native,135367.0,mouse,0.6239,864.68,413.76,892.26,435.07,587.8,27.58,21.31,1.294,False,,True,R-desk,45,evt_S-61_upper_body_0022,286993f5c282d889,lap_bag_context,no_pose_observation,34560.0,1.33,,1,cam12/e1/v1,
full,03.CCTV Mobile Usage.mkv,632de9ed55947761d56d4c6142a3cb1a1fe69d0b1a6d0e01a2e404c697962623,dfine_native,135367.0,phone,0.3052,1042.85,421.63,1113.53,474.28,3721.0,70.68,52.64,1.343,False,,True,R-desk,45,evt_S-61_upper_body_0022,286993f5c282d889,lap_bag_context,no_pose_observation,34560.0,1.33,,1,cam12/e1/v1,
full,03.CCTV Mobile Usage.mkv,632de9ed55947761d56d4c6142a3cb1a1fe69d0b1a6d0e01a2e404c697962623,dfine_native,135367.0,unknown_object,0.446,700.08,396.15,760.71,491.37,5774.0,60.64,95.22,0.637,False,,True,R-desk,45,evt_S-61_upper_body_0022,286993f5c282d889,lap_bag_context,no_pose_observation,34560.0,1.33,,1,cam12/e1/v1,
full,03.CCTV Mobile Usage.mkv,632de9ed55947761d56d4c6142a3cb1a1fe69d0b1a6d0e01a2e404c697962623,dfine_native,135367.0,monitor_or_bezel,0.3345,1015.06,395.63,1146.84,488.63,12254.7,131.78,93.0,1.417,False,,True,R-desk,45,evt_S-61_upper_body_0022,286993f5c282d889,lap_bag_context,no_pose_observation,34560.0,1.33,,1,cam12/e1/v1,
full,03.CCTV Mobile Usage.mkv,632de9ed55947761d56d4c6142a3cb1a1fe69d0b1a6d0e01a2e404c697962623,dfine_native,135367.0,monitor_or_bezel,0.2867,881.43,396.17,948.82,452.68,3808.2,67.39,56.51,1.192,False,,True,R-desk,45,evt_S-61_upper_body_0022,286993f5c282d889,lap_bag_context,no_pose_observation,34560.0,1.33,,1,cam12/e1/v1,
full,03.CCTV Mobile Usage.mkv,632de9ed55947761d56d4c6142a3cb1a1fe69d0b1a6d0e01a2e404c697962623,dfine_native,135367.0,mouse,0.3865,967.09,398.42,992.18,410.57,305.0,25.09,12.15,2.065,False,,True,R-desk,45,evt_S-61_upper_body_0022,286993f5c282d889,lap_bag_context,no_pose_observation,34560.0,1.33,,1,cam12/e1/v1,
full,03.CCTV Mobile Usage.mkv,632de9ed55947761d56d4c6142a3cb1a1fe69d0b1a6d0e01a2e404c697962623,dfine_native,135367.0,mouse,0.3177,991.5,400.95,1028.41,413.63,468.1,36.92,12.68,2.911,False,,True,R-desk,45,evt_S-61_upper_body_0022,286993f5c282d889,lap_bag_context,no_pose_observation,34560.0,1.33,,1,cam12/e1/v1,
full,03.CCTV Mobile Usage.mkv,632de9ed55947761d56d4c6142a3cb1a1fe69d0b1a6d0e01a2e404c697962623,dfine_native,135367.0,keyboard,0.9177,961.88,451.96,1067.85,491.45,4184.3,105.97,39.49,2.684,False,,True,R-desk,44,evt_S-61_upper_body_0022,286993f5c282d889,lap_bag_context,no_pose_observation,34560.0,1.33,,1,cam12/e1/v1,
full,03.CCTV Mobile Usage.mkv,632de9ed55947761d56d4c6142a3cb1a1fe69d0b1a6d0e01a2e404c697962623,dfine_native,135367.0,unknown_object,0.6812,699.9,396.16,847.81,492.0,14175.0,147.91,95.84,1.543,False,,True,R-desk,44,evt_S-61_upper_body_0022,286993f5c282d889,lap_bag_context,no_pose_observation,34560.0,1.33,,1,cam12/e1/v1,
full,03.CCTV Mobile Usage.mkv,632de9ed55947761d56d4c6142a3cb1a1fe69d0b1a6d0e01a2e404c697962623,dfine_native,135367.0,monitor_or_bezel,0.6925,1019.06,395.64,1145.74,447.85,6613.6,126.68,52.21,2.426,False,,True,R-desk,44,evt_S-61_upper_body_0022,286993f5c282d889,lap_bag_context,no_pose_observation,34560.0,1.33,,1,cam12/e1/v1,
full,03.CCTV Mobile Usage.mkv,632de9ed55947761d56d4c6142a3cb1a1fe69d0b1a6d0e01a2e404c697962623,dfine_native,135367.0,keyboard,0.5123,801.89,396.22,870.98,420.8,1697.6,69.09,24.57,2.812,False,,True,R-desk,44,evt_S-61_upper_body_0022,286993f5c282d889,lap_bag_context,no_pose_observation,34560.0,1.33,,1,cam12/e1/v1,
full,03.CCTV Mobile Usage.mkv,632de9ed55947761d56d4c6142a3cb1a1fe69d0b1a6d0e01a2e404c697962623,dfine_native,135367.0,mouse,0.6239,864.68,413.76,892.26,435.07,587.8,27.58,21.31,1.294,False,,True,R-desk,44,evt_S-61_upper_body_0022,286993f5c282d889,lap_bag_context,no_pose_observation,34560.0,1.33,,1,cam12/e1/v1,
full,03.CCTV Mobile Usage.mkv,632de9ed55947761d56d4c6142a3cb1a1fe69d0b1a6d0e01a2e404c697962623,dfine_native,135367.0,phone,0.3052,1042.85,421.63,1113.53,474.28,3721.0,70.68,52.64,1.343,False,,True,R-desk,44,evt_S-61_upper_body_0022,286993f5c282d889,lap_bag_context,no_pose_observation,34560.0,1.33,,1,cam12/e1/v1,
full,03.CCTV Mobile Usage.mkv,632de9ed55947761d56d4c6142a3cb1a1fe69d0b1a6d0e01a2e404c697962623,dfine_native,135367.0,unknown_object,0.446,700.08,396.15,760.71,491.37,5774.0,60.64,95.22,0.637,False,,True,R-desk,44,evt_S-61_upper_body_0022,286993f5c282d889,lap_bag_context,no_pose_observation,34560.0,1.33,,1,cam12/e1/v1,
full,03.CCTV Mobile Usage.mkv,632de9ed55947761d56d4c6142a3cb1a1fe69d0b1a6d0e01a2e404c697962623,dfine_native,135367.0,monitor_or_bezel,0.3345,1015.06,395.63,1146.84,488.63,12254.7,131.78,93.0,1.417,False,,True,R-desk,44,evt_S-61_upper_body_0022,286993f5c282d889,lap_bag_context,no_pose_observation,34560.0,1.33,,1,cam12/e1/v1,
full,03.CCTV Mobile Usage.mkv,632de9ed55947761d56d4c6142a3cb1a1fe69d0b1a6d0e01a2e404c697962623,dfine_native,135367.0,monitor_or_bezel,0.2867,881.43,396.17,948.82,452.68,3808.2,67.39,56.51,1.192,False,,True,R-desk,44,evt_S-61_upper_body_0022,286993f5c282d889,lap_bag_context,no_pose_observation,34560.0,1.33,,1,cam12/e1/v1,
full,03.CCTV Mobile Usage.mkv,632de9ed55947761d56d4c6142a3cb1a1fe69d0b1a6d0e01a2e404c697962623,dfine_native,135367.0,mouse,0.3865,967.09,398.42,992.18,410.57,305.0,25.09,12.15,2.065,False,,True,R-desk,44,evt_S-61_upper_body_0022,286993f5c282d889,lap_bag_context,no_pose_observation,34560.0,1.33,,1,cam12/e1/v1,
full,03.CCTV Mobile Usage.mkv,632de9ed55947761d56d4c6142a3cb1a1fe69d0b1a6d0e01a2e404c697962623,dfine_native,135367.0,mouse,0.3177,991.5,400.95,1028.41,413.63,468.1,36.92,12.68,2.911,False,,True,R-desk,44,evt_S-61_upper_body_0022,286993f5c282d889,lap_bag_context,no_pose_observation,34560.0,1.33,,1,cam12/e1/v1,
full,03.CCTV Mobile Usage.mkv,632de9ed55947761d56d4c6142a3cb1a1fe69d0b1a6d0e01a2e404c697962623,dfine_native,135367.0,unknown_object,0.2609,131.03,459.61,303.76,631.31,29657.8,172.73,171.7,1.006,False,,True,S-61,38,evt_S-61_upper_body_0022,ab1f63dc1a99315b,pose_hand_context,,30012.1,3.69,,1,cam12/e1/v1,rtmpose_baseline
full,03.CCTV Mobile Usage.mkv,632de9ed55947761d56d4c6142a3cb1a1fe69d0b1a6d0e01a2e404c697962623,dfine_native,135367.0,secondary_paper_chit,0.4088,130.93,466.59,188.12,530.26,3641.2,57.19,63.67,0.898,False,,True,S-61,38,evt_S-61_upper_body_0022,ab1f63dc1a99315b,pose_hand_context,,30012.1,3.69,,1,cam12/e1/v1,rtmpose_baseline
full,03.CCTV Mobile Usage.mkv,632de9ed55947761d56d4c6142a3cb1a1fe69d0b1a6d0e01a2e404c697962623,dfine_native,135367.0,unknown_object,0.2897,131.01,509.03,243.36,631.18,13724.2,112.35,122.15,0.92,False,,True,S-61,38,evt_S-61_upper_body_0022,ab1f63dc1a99315b,pose_hand_context,,30012.1,3.69,,1,cam12/e1/v1,rtmpose_baseline
full,03.CCTV Mobile Usage.mkv,632de9ed55947761d56d4c6142a3cb1a1fe69d0b1a6d0e01a2e404c697962623,dfine_native,135367.0,unknown_object,0.4923,131.06,464.02,245.31,631.07,19086.0,114.26,167.05,0.684,False,,True,S-61,38,evt_S-61_upper_body_0022,ab1f63dc1a99315b,pose_hand_context,,30012.1,3.69,,1,cam12/e1/v1,rtmpose_baseline
full,03.CCTV Mobile Usage.mkv,632de9ed55947761d56d4c6142a3cb1a1fe69d0b1a6d0e01a2e404c697962623,dfine_native,135367.0,secondary_paper_chit,0.3631,130.96,467.15,176.3,520.38,2413.6,45.34,53.23,0.852,False,,True,S-61,38,evt_S-61_upper_body_0022,ab1f63dc1a99315b,pose_hand_context,,30012.1,3.69,,1,cam12/e1/v1,rtmpose_baseline
full,03.CCTV Mobile Usage.mkv,632de9ed55947761d56d4c6142a3cb1a1fe69d0b1a6d0e01a2e404c697962623,dfine_native,135367.0,unknown_object,0.2742,131.06,460.3,275.65,631.09,24694.7,144.6,170.78,0.847,False,,True,S-61,38,evt_S-61_upper_body_0022,ab1f63dc1a99315b,pose_hand_context,,30012.1,3.69,,1,cam12/e1/v1,rtmpose_baseline
full,03.CCTV Mobile Usage.mkv,632de9ed55947761d56d4c6142a3cb1a1fe69d0b1a6d0e01a2e404c697962623,dfine_native,135583.0,secondary_paper_chit,0.4707,144.01,467.59,176.94,522.42,1805.2,32.93,54.83,0.601,False,,True,S-61,38,evt_S-61_desk_work_surface_0007,a63530a8077c6717,pose_hand_context,,24983.0,4.05,,1,cam12/e1/v1,rtmpose_baseline
full,03.CCTV Mobile Usage.mkv,632de9ed55947761d56d4c6142a3cb1a1fe69d0b1a6d0e01a2e404c697962623,dfine_native,135583.0,unknown_object,0.5519,144.0,463.38,301.86,620.18,24753.8,157.86,156.81,1.007,False,,True,S-61,38,evt_S-61_desk_work_surface_0007,a63530a8077c6717,pose_hand_context,,24983.0,4.05,,1,cam12/e1/v1,rtmpose_baseline
full,03.CCTV Mobile Usage.mkv,632de9ed55947761d56d4c6142a3cb1a1fe69d0b1a6d0e01a2e404c697962623,dfine_native,135583.0,unknown_object,0.2512,144.07,490.45,301.91,620.28,20494.0,157.84,129.84,1.216,False,,True,S-61,38,evt_S-61_desk_work_surface_0007,a63530a8077c6717,pose_hand_context,,24983.0,4.05,,1,cam12/e1/v1,rtmpose_baseline
full,03.CCTV Mobile Usage.mkv,632de9ed55947761d56d4c6142a3cb1a1fe69d0b1a6d0e01a2e404c697962623,dfine_native,135583.0,unknown_object,0.3448,144.02,520.72,231.71,619.98,8703.6,87.69,99.25,0.884,False,,True,S-61,38,evt_S-61_desk_work_surface_0007,a63530a8077c6717,pose_hand_context,,24983.0,4.05,,1,cam12/e1/v1,rtmpose_baseline
full,03.CCTV Mobile Usage.mkv,632de9ed55947761d56d4c6142a3cb1a1fe69d0b1a6d0e01a2e404c697962623,dfine_native,135583.0,unknown_object,0.2564,144.05,489.6,231.8,620.04,11445.9,87.75,130.44,0.673,False,,True,S-61,38,evt_S-61_desk_work_surface_0007,a63530a8077c6717,pose_hand_context,,24983.0,4.05,,1,cam12/e1/v1,rtmpose_baseline
full,03.CCTV Mobile Usage.mkv,632de9ed55947761d56d4c6142a3cb1a1fe69d0b1a6d0e01a2e404c697962623,dfine_native,135583.0,unknown_object,0.573,144.08,465.1,232.77,619.98,13736.6,88.69,154.88,0.573,False,,True,S-61,38,evt_S-61_desk_work_surface_0007,a63530a8077c6717,pose_hand_context,,24983.0,4.05,,1,cam12/e1/v1,rtmpose_baseline
full,03.CCTV Mobile Usage.mkv,632de9ed55947761d56d4c6142a3cb1a1fe69d0b1a6d0e01a2e404c697962623,dfine_native,135583.0,unknown_object,0.2516,144.08,464.22,262.43,620.28,18470.6,118.35,156.07,0.758,False,,True,S-61,38,evt_S-61_desk_work_surface_0007,a63530a8077c6717,pose_hand_context,,24983.0,4.05,,1,cam12/e1/v1,rtmpose_baseline
full,03.CCTV Mobile Usage.mkv,632de9ed55947761d56d4c6142a3cb1a1fe69d0b1a6d0e01a2e404c697962623,dfine_native,135583.0,keyboard,0.9081,962.2,451.9,1067.69,491.35,4161.5,105.49,39.45,2.674,False,,True,R-desk,44,evt_S-61_desk_work_surface_0007,daa38b05f0c1050d,lap_bag_context,no_pose_observation,34560.0,1.33,,1,cam12/e1/v1,
full,03.CCTV Mobile Usage.mkv,632de9ed55947761d56d4c6142a3cb1a1fe69d0b1a6d0e01a2e404c697962623,dfine_native,135583.0,unknown_object,0.7705,699.84,396.11,843.61,492.01,13787.3,143.76,95.9,1.499,False,,True,R-desk,44,evt_S-61_desk_work_surface_0007,daa38b05f0c1050d,lap_bag_context,no_pose_observation,34560.0,1.33,,1,cam12/e1/v1,
full,03.CCTV Mobile Usage.mkv,632de9ed55947761d56d4c6142a3cb1a1fe69d0b1a6d0e01a2e404c697962623,dfine_native,135583.0,monitor_or_bezel,0.594,1019.12,395.67,1145.71,447.85,6605.3,126.59,52.18,2.426,False,,True,R-desk,44,evt_S-61_desk_work_surface_0007,daa38b05f0c1050d,lap_bag_context,no_pose_observation,34560.0,1.33,,1,cam12/e1/v1,
full,03.CCTV Mobile Usage.mkv,632de9ed55947761d56d4c6142a3cb1a1fe69d0b1a6d0e01a2e404c697962623,dfine_native,135583.0,keyboard,0.6251,802.55,396.22,870.9,420.64,1669.5,68.35,24.42,2.799,False,,True,R-desk,44,evt_S-61_desk_work_surface_0007,daa38b05f0c1050d,lap_bag_context,no_pose_observation,34560.0,1.33,,1,cam12/e1/v1,
full,03.CCTV Mobile Usage.mkv,632de9ed55947761d56d4c6142a3cb1a1fe69d0b1a6d0e01a2e404c697962623,dfine_native,135583.0,mouse,0.6194,864.75,413.76,892.12,435.27,588.8,27.37,21.51,1.272,False,,True,R-desk,44,evt_S-61_desk_work_surface_0007,daa38b05f0c1050d,lap_bag_context,no_pose_observation,34560.0,1.33,,1,cam12/e1/v1,
full,03.CCTV Mobile Usage.mkv,632de9ed55947761d56d4c6142a3cb1a1fe69d0b1a6d0e01a2e404c697962623,dfine_native,135583.0,phone,0.3505,1043.0,421.55,1112.75,474.21,3673.1,69.75,52.66,1.324,False,,True,R-desk,44,evt_S-61_desk_work_surface_0007,daa38b05f0c1050d,lap_bag_context,no_pose_observation,34560.0,1.33,,1,cam12/e1/v1,
full,03.CCTV Mobile Usage.mkv,632de9ed55947761d56d4c6142a3cb1a1fe69d0b1a6d0e01a2e404c697962623,dfine_native,135583.0,unknown_object,0.3507,700.01,396.25,759.02,491.3,5608.7,59.01,95.05,0.621,False,,True,R-desk,44,evt_S-61_desk_work_surface_0007,daa38b05f0c1050d,lap_bag_context,no_pose_observation,34560.0,1.33,,1,cam12/e1/v1,
full,03.CCTV Mobile Usage.mkv,632de9ed55947761d56d4c6142a3cb1a1fe69d0b1a6d0e01a2e404c697962623,dfine_native,135583.0,monitor_or_bezel,0.3715,881.06,396.2,948.75,452.4,3804.0,67.69,56.2,1.205,False,,True,R-desk,44,evt_S-61_desk_work_surface_0007,daa38b05f0c1050d,lap_bag_context,no_pose_observation,34560.0,1.33,,1,cam12/e1/v1,
full,03.CCTV Mobile Usage.mkv,632de9ed55947761d56d4c6142a3cb1a1fe69d0b1a6d0e01a2e404c697962623,dfine_native,135583.0,monitor_or_bezel,0.3116,1012.14,395.69,1147.08,488.67,12546.9,134.93,92.99,1.451,False,,True,R-desk,44,evt_S-61_desk_work_surface_0007,daa38b05f0c1050d,lap_bag_context,no_pose_observation,34560.0,1.33,,1,cam12/e1/v1,
full,03.CCTV Mobile Usage.mkv,632de9ed55947761d56d4c6142a3cb1a1fe69d0b1a6d0e01a2e404c697962623,dfine_native,135583.0,mouse,0.3406,967.3,398.39,991.9,410.49,297.7,24.6,12.1,2.032,False,,True,R-desk,44,evt_S-61_desk_work_surface_0007,daa38b05f0c1050d,lap_bag_context,no_pose_observation,34560.0,1.33,,1,cam12/e1/v1,
full,03.CCTV Mobile Usage.mkv,632de9ed55947761d56d4c6142a3cb1a1fe69d0b1a6d0e01a2e404c697962623,dfine_native,135583.0,monitor_or_bezel,0.3214,799.96,396.07,949.1,452.21,8371.5,149.14,56.13,2.657,False,,True,R-desk,44,evt_S-61_desk_work_surface_0007,daa38b05f0c1050d,lap_bag_context,no_pose_observation,34560.0,1.33,,1,cam12/e1/v1,
full,03.CCTV Mobile Usage.mkv,632de9ed55947761d56d4c6142a3cb1a1fe69d0b1a6d0e01a2e404c697962623,dfine_native,135583.0,monitor_or_bezel,0.2898,967.76,395.67,1146.94,490.46,16983.3,179.18,94.78,1.89,False,,True,R-desk,44,evt_S-61_desk_work_surface_0007,daa38b05f0c1050d,lap_bag_context,no_pose_observation,34560.0,1.33,,1,cam12/e1/v1,
full,03.CCTV Mobile Usage.mkv,632de9ed55947761d56d4c6142a3cb1a1fe69d0b1a6d0e01a2e404c697962623,dfine_native,135583.0,unknown_object,0.2781,737.59,395.51,1146.86,491.07,39110.0,409.28,95.56,4.283,False,,True,R-desk,44,evt_S-61_desk_work_surface_0007,daa38b05f0c1050d,lap_bag_context,no_pose_observation,34560.0,1.33,,1,cam12/e1/v1,
full,03.CCTV Mobile Usage.mkv,632de9ed55947761d56d4c6142a3cb1a1fe69d0b1a6d0e01a2e404c697962623,dfine_native,135583.0,mouse,0.3059,990.76,399.48,1026.4,413.35,494.3,35.64,13.87,2.57,False,,True,R-desk,44,evt_S-61_desk_work_surface_0007,daa38b05f0c1050d,lap_bag_context,no_pose_observation,34560.0,1.33,,1,cam12/e1/v1,
full,03.CCTV Mobile Usage.mkv,632de9ed55947761d56d4c6142a3cb1a1fe69d0b1a6d0e01a2e404c697962623,dfine_native,135583.0,keyboard,0.9081,962.2,451.9,1067.69,491.35,4161.5,105.49,39.45,2.674,False,,True,R-desk,45,evt_S-61_desk_work_surface_0007,daa38b05f0c1050d,lap_bag_context,no_pose_observation,34560.0,1.33,,1,cam12/e1/v1,
full,03.CCTV Mobile Usage.mkv,632de9ed55947761d56d4c6142a3cb1a1fe69d0b1a6d0e01a2e404c697962623,dfine_native,135583.0,unknown_object,0.7705,699.84,396.11,843.61,492.01,13787.3,143.76,95.9,1.499,False,,True,R-desk,45,evt_S-61_desk_work_surface_0007,daa38b05f0c1050d,lap_bag_context,no_pose_observation,34560.0,1.33,,1,cam12/e1/v1,
full,03.CCTV Mobile Usage.mkv,632de9ed55947761d56d4c6142a3cb1a1fe69d0b1a6d0e01a2e404c697962623,dfine_native,135583.0,monitor_or_bezel,0.594,1019.12,395.67,1145.71,447.85,6605.3,126.59,52.18,2.426,False,,True,R-desk,45,evt_S-61_desk_work_surface_0007,daa38b05f0c1050d,lap_bag_context,no_pose_observation,34560.0,1.33,,1,cam12/e1/v1,
full,03.CCTV Mobile Usage.mkv,632de9ed55947761d56d4c6142a3cb1a1fe69d0b1a6d0e01a2e404c697962623,dfine_native,135583.0,keyboard,0.6251,802.55,396.22,870.9,420.64,1669.5,68.35,24.42,2.799,False,,True,R-desk,45,evt_S-61_desk_work_surface_0007,daa38b05f0c1050d,lap_bag_context,no_pose_observation,34560.0,1.33,,1,cam12/e1/v1,
full,03.CCTV Mobile Usage.mkv,632de9ed55947761d56d4c6142a3cb1a1fe69d0b1a6d0e01a2e404c697962623,dfine_native,135583.0,mouse,0.6194,864.75,413.76,892.12,435.27,588.8,27.37,21.51,1.272,False,,True,R-desk,45,evt_S-61_desk_work_surface_0007,daa38b05f0c1050d,lap_bag_context,no_pose_observation,34560.0,1.33,,1,cam12/e1/v1,
full,03.CCTV Mobile Usage.mkv,632de9ed55947761d56d4c6142a3cb1a1fe69d0b1a6d0e01a2e404c697962623,dfine_native,135583.0,phone,0.3505,1043.0,421.55,1112.75,474.21,3673.1,69.75,52.66,1.324,False,,True,R-desk,45,evt_S-61_desk_work_surface_0007,daa38b05f0c1050d,lap_bag_context,no_pose_observation,34560.0,1.33,,1,cam12/e1/v1,
full,03.CCTV Mobile Usage.mkv,632de9ed55947761d56d4c6142a3cb1a1fe69d0b1a6d0e01a2e404c697962623,dfine_native,135583.0,unknown_object,0.3507,700.01,396.25,759.02,491.3,5608.7,59.01,95.05,0.621,False,,True,R-desk,45,evt_S-61_desk_work_surface_0007,daa38b05f0c1050d,lap_bag_context,no_pose_observation,34560.0,1.33,,1,cam12/e1/v1,
full,03.CCTV Mobile Usage.mkv,632de9ed55947761d56d4c6142a3cb1a1fe69d0b1a6d0e01a2e404c697962623,dfine_native,135583.0,monitor_or_bezel,0.3715,881.06,396.2,948.75,452.4,3804.0,67.69,56.2,1.205,False,,True,R-desk,45,evt_S-61_desk_work_surface_0007,daa38b05f0c1050d,lap_bag_context,no_pose_observation,34560.0,1.33,,1,cam12/e1/v1,
full,03.CCTV Mobile Usage.mkv,632de9ed55947761d56d4c6142a3cb1a1fe69d0b1a6d0e01a2e404c697962623,dfine_native,135583.0,monitor_or_bezel,0.3116,1012.14,395.69,1147.08,488.67,12546.9,134.93,92.99,1.451,False,,True,R-desk,45,evt_S-61_desk_work_surface_0007,daa38b05f0c1050d,lap_bag_context,no_pose_observation,34560.0,1.33,,1,cam12/e1/v1,
full,03.CCTV Mobile Usage.mkv,632de9ed55947761d56d4c6142a3cb1a1fe69d0b1a6d0e01a2e404c697962623,dfine_native,135583.0,mouse,0.3406,967.3,398.39,991.9,410.49,297.7,24.6,12.1,2.032,False,,True,R-desk,45,evt_S-61_desk_work_surface_0007,daa38b05f0c1050d,lap_bag_context,no_pose_observation,34560.0,1.33,,1,cam12/e1/v1,
full,03.CCTV Mobile Usage.mkv,632de9ed55947761d56d4c6142a3cb1a1fe69d0b1a6d0e01a2e404c697962623,dfine_native,135583.0,monitor_or_bezel,0.3214,799.96,396.07,949.1,452.21,8371.5,149.14,56.13,2.657,False,,True,R-desk,45,evt_S-61_desk_work_surface_0007,daa38b05f0c1050d,lap_bag_context,no_pose_observation,34560.0,1.33,,1,cam12/e1/v1,
full,03.CCTV Mobile Usage.mkv,632de9ed55947761d56d4c6142a3cb1a1fe69d0b1a6d0e01a2e404c697962623,dfine_native,135583.0,monitor_or_bezel,0.2898,967.76,395.67,1146.94,490.46,16983.3,179.18,94.78,1.89,False,,True,R-desk,45,evt_S-61_desk_work_surface_0007,daa38b05f0c1050d,lap_bag_context,no_pose_observation,34560.0,1.33,,1,cam12/e1/v1,
full,03.CCTV Mobile Usage.mkv,632de9ed55947761d56d4c6142a3cb1a1fe69d0b1a6d0e01a2e404c697962623,dfine_native,135583.0,unknown_object,0.2781,737.59,395.51,1146.86,491.07,39110.0,409.28,95.56,4.283,False,,True,R-desk,45,evt_S-61_desk_work_surface_0007,daa38b05f0c1050d,lap_bag_context,no_pose_observation,34560.0,1.33,,1,cam12/e1/v1,
full,03.CCTV Mobile Usage.mkv,632de9ed55947761d56d4c6142a3cb1a1fe69d0b1a6d0e01a2e404c697962623,dfine_native,135583.0,mouse,0.3059,990.76,399.48,1026.4,413.35,494.3,35.64,13.87,2.57,False,,True,R-desk,45,evt_S-61_desk_work_surface_0007,daa38b05f0c1050d,lap_bag_context,no_pose_observation,34560.0,1.33,,1,cam12/e1/v1,
full,03.CCTV Mobile Usage.mkv,632de9ed55947761d56d4c6142a3cb1a1fe69d0b1a6d0e01a2e404c697962623,dfine_native,135867.0,unknown_object,0.2907,160.85,473.31,293.95,606.61,17741.9,133.1,133.3,0.998,False,,True,S-61,38,evt_S-61_upper_body_0022,1a85b7444b845b72,pose_hand_context,,17774.2,4.8,,1,cam12/e1/v1,rtmpose_baseline
full,03.CCTV Mobile Usage.mkv,632de9ed55947761d56d4c6142a3cb1a1fe69d0b1a6d0e01a2e404c697962623,dfine_native,135867.0,keyboard,0.9078,962.25,451.9,1067.68,491.34,4157.8,105.43,39.44,2.673,False,,True,R-desk,44,evt_S-61_upper_body_0022,ddc3448c69a0dfb5,lap_bag_context,no_pose_observation,34560.0,1.33,,1,cam12/e1/v1,
full,03.CCTV Mobile Usage.mkv,632de9ed55947761d56d4c6142a3cb1a1fe69d0b1a6d0e01a2e404c697962623,dfine_native,135867.0,unknown_object,0.7102,699.88,396.06,843.68,492.29,13837.5,143.8,96.23,1.494,False,,True,R-desk,44,evt_S-61_upper_body_0022,ddc3448c69a0dfb5,lap_bag_context,no_pose_observation,34560.0,1.33,,1,cam12/e1/v1,
full,03.CCTV Mobile Usage.mkv,632de9ed55947761d56d4c6142a3cb1a1fe69d0b1a6d0e01a2e404c697962623,dfine_native,135867.0,monitor_or_bezel,0.5937,1019.08,395.61,1145.8,447.83,6617.5,126.73,52.22,2.427,False,,True,R-desk,44,evt_S-61_upper_body_0022,ddc3448c69a0dfb5,lap_bag_context,no_pose_observation,34560.0,1.33,,1,cam12/e1/v1,
full,03.CCTV Mobile Usage.mkv,632de9ed55947761d56d4c6142a3cb1a1fe69d0b1a6d0e01a2e404c697962623,dfine_native,135867.0,keyboard,0.6399,802.68,396.22,870.83,420.61,1662.0,68.15,24.39,2.795,False,,True,R-desk,44,evt_S-61_upper_body_0022,ddc3448c69a0dfb5,lap_bag_context,no_pose_observation,34560.0,1.33,,1,cam12/e1/v1,
full,03.CCTV Mobile Usage.mkv,632de9ed55947761d56d4c6142a3cb1a1fe69d0b1a6d0e01a2e404c697962623,dfine_native,135867.0,phone,0.3653,1042.95,421.54,1112.81,474.23,3680.4,69.86,52.68,1.326,False,,True,R-desk,44,evt_S-61_upper_body_0022,ddc3448c69a0dfb5,lap_bag_context,no_pose_observation,34560.0,1.33,,1,cam12/e1/v1,
full,03.CCTV Mobile Usage.mkv,632de9ed55947761d56d4c6142a3cb1a1fe69d0b1a6d0e01a2e404c697962623,dfine_native,135867.0,mouse,0.5885,864.75,413.81,892.0,435.18,582.6,27.26,21.37,1.275,False,,True,R-desk,44,evt_S-61_upper_body_0022,ddc3448c69a0dfb5,lap_bag_context,no_pose_observation,34560.0,1.33,,1,cam12/e1/v1,
full,03.CCTV Mobile Usage.mkv,632de9ed55947761d56d4c6142a3cb1a1fe69d0b1a6d0e01a2e404c697962623,dfine_native,135867.0,monitor_or_bezel,0.354,881.19,396.17,948.77,452.35,3796.9,67.58,56.18,1.203,False,,True,R-desk,44,evt_S-61_upper_body_0022,ddc3448c69a0dfb5,lap_bag_context,no_pose_observation,34560.0,1.33,,1,cam12/e1/v1,
full,03.CCTV Mobile Usage.mkv,632de9ed55947761d56d4c6142a3cb1a1fe69d0b1a6d0e01a2e404c697962623,dfine_native,135867.0,monitor_or_bezel,0.2826,1011.41,395.62,1147.37,488.76,12662.8,135.96,93.14,1.46,False,,True,R-desk,44,evt_S-61_upper_body_0022,ddc3448c69a0dfb5,lap_bag_context,no_pose_observation,34560.0,1.33,,1,cam12/e1/v1,
full,03.CCTV Mobile Usage.mkv,632de9ed55947761d56d4c6142a3cb1a1fe69d0b1a6d0e01a2e404c697962623,dfine_native,135867.0,unknown_object,0.2952,700.0,396.21,762.3,491.27,5922.9,62.3,95.06,0.655,False,,True,R-desk,44,evt_S-61_upper_body_0022,ddc3448c69a0dfb5,lap_bag_context,no_pose_observation,34560.0,1.33,,1,cam12/e1/v1,
full,03.CCTV Mobile Usage.mkv,632de9ed55947761d56d4c6142a3cb1a1fe69d0b1a6d0e01a2e404c697962623,dfine_native,135867.0,mouse,0.3351,967.25,398.39,991.9,410.48,298.2,24.65,12.1,2.038,False,,True,R-desk,44,evt_S-61_upper_body_0022,ddc3448c69a0dfb5,lap_bag_context,no_pose_observation,34560.0,1.33,,1,cam12/e1/v1,
full,03.CCTV Mobile Usage.mkv,632de9ed55947761d56d4c6142a3cb1a1fe69d0b1a6d0e01a2e404c697962623,dfine_native,135867.0,monitor_or_bezel,0.3395,800.18,396.11,948.89,452.16,8335.3,148.71,56.05,2.653,False,,True,R-desk,44,evt_S-61_upper_body_0022,ddc3448c69a0dfb5,lap_bag_context,no_pose_observation,34560.0,1.33,,1,cam12/e1/v1,
full,03.CCTV Mobile Usage.mkv,632de9ed55947761d56d4c6142a3cb1a1fe69d0b1a6d0e01a2e404c697962623,dfine_native,135867.0,monitor_or_bezel,0.2833,967.79,395.63,1147.09,490.39,16989.5,179.3,94.75,1.892,False,,True,R-desk,44,evt_S-61_upper_body_0022,ddc3448c69a0dfb5,lap_bag_context,no_pose_observation,34560.0,1.33,,1,cam12/e1/v1,
full,03.CCTV Mobile Usage.mkv,632de9ed55947761d56d4c6142a3cb1a1fe69d0b1a6d0e01a2e404c697962623,dfine_native,135867.0,monitor_or_bezel,0.2504,737.85,395.43,1147.18,491.05,39136.8,409.32,95.61,4.281,False,,True,R-desk,44,evt_S-61_upper_body_0022,ddc3448c69a0dfb5,lap_bag_context,no_pose_observation,34560.0,1.33,,1,cam12/e1/v1,
full,03.CCTV Mobile Usage.mkv,632de9ed55947761d56d4c6142a3cb1a1fe69d0b1a6d0e01a2e404c697962623,dfine_native,135867.0,mouse,0.2985,990.81,399.44,1026.41,413.31,494.0,35.6,13.88,2.566,False,,True,R-desk,44,evt_S-61_upper_body_0022,ddc3448c69a0dfb5,lap_bag_context,no_pose_observation,34560.0,1.33,,1,cam12/e1/v1,
full,03.CCTV Mobile Usage.mkv,632de9ed55947761d56d4c6142a3cb1a1fe69d0b1a6d0e01a2e404c697962623,dfine_native,136083.0,keyboard,0.9083,962.25,451.9,1067.68,491.34,4157.7,105.43,39.44,2.673,False,,True,R-desk,44,evt_S-61_desk_work_surface_0007,6dbc574a75e33226,lap_bag_context,no_pose_observation,34560.0,1.33,,1,cam12/e1/v1,
full,03.CCTV Mobile Usage.mkv,632de9ed55947761d56d4c6142a3cb1a1fe69d0b1a6d0e01a2e404c697962623,dfine_native,136083.0,unknown_object,0.7103,699.88,396.06,843.69,492.29,13838.2,143.81,96.23,1.494,False,,True,R-desk,44,evt_S-61_desk_work_surface_0007,6dbc574a75e33226,lap_bag_context,no_pose_observation,34560.0,1.33,,1,cam12/e1/v1,
full,03.CCTV Mobile Usage.mkv,632de9ed55947761d56d4c6142a3cb1a1fe69d0b1a6d0e01a2e404c697962623,dfine_native,136083.0,monitor_or_bezel,0.5954,1019.08,395.62,1145.81,447.83,6616.6,126.73,52.21,2.427,False,,True,R-desk,44,evt_S-61_desk_work_surface_0007,6dbc574a75e33226,lap_bag_context,no_pose_observation,34560.0,1.33,,1,cam12/e1/v1,
full,03.CCTV Mobile Usage.mkv,632de9ed55947761d56d4c6142a3cb1a1fe69d0b1a6d0e01a2e404c697962623,dfine_native,136083.0,keyboard,0.6399,802.68,396.22,870.83,420.61,1661.9,68.15,24.39,2.795,False,,True,R-desk,44,evt_S-61_desk_work_surface_0007,6dbc574a75e33226,lap_bag_context,no_pose_observation,34560.0,1.33,,1,cam12/e1/v1,
full,03.CCTV Mobile Usage.mkv,632de9ed55947761d56d4c6142a3cb1a1fe69d0b1a6d0e01a2e404c697962623,dfine_native,136083.0,phone,0.3658,1042.95,421.54,1112.8,474.23,3679.9,69.85,52.68,1.326,False,,True,R-desk,44,evt_S-61_desk_work_surface_0007,6dbc574a75e33226,lap_bag_context,no_pose_observation,34560.0,1.33,,1,cam12/e1/v1,
full,03.CCTV Mobile Usage.mkv,632de9ed55947761d56d4c6142a3cb1a1fe69d0b1a6d0e01a2e404c697962623,dfine_native,136083.0,mouse,0.5879,864.75,413.81,892.0,435.18,582.5,27.25,21.37,1.275,False,,True,R-desk,44,evt_S-61_desk_work_surface_0007,6dbc574a75e33226,lap_bag_context,no_pose_observation,34560.0,1.33,,1,cam12/e1/v1,
full,03.CCTV Mobile Usage.mkv,632de9ed55947761d56d4c6142a3cb1a1fe69d0b1a6d0e01a2e404c697962623,dfine_native,136083.0,monitor_or_bezel,0.3557,881.19,396.17,948.77,452.35,3797.3,67.59,56.18,1.203,False,,True,R-desk,44,evt_S-61_desk_work_surface_0007,6dbc574a75e33226,lap_bag_context,no_pose_observation,34560.0,1.33,,1,cam12/e1/v1,
full,03.CCTV Mobile Usage.mkv,632de9ed55947761d56d4c6142a3cb1a1fe69d0b1a6d0e01a2e404c697962623,dfine_native,136083.0,monitor_or_bezel,0.2824,1011.31,395.63,1147.39,488.78,12674.6,136.08,93.14,1.461,False,,True,R-desk,44,evt_S-61_desk_work_surface_0007,6dbc574a75e33226,lap_bag_context,no_pose_observation,34560.0,1.33,,1,cam12/e1/v1,
full,03.CCTV Mobile Usage.mkv,632de9ed55947761d56d4c6142a3cb1a1fe69d0b1a6d0e01a2e404c697962623,dfine_native,136083.0,unknown_object,0.2947,700.0,396.21,762.29,491.27,5921.7,62.29,95.06,0.655,False,,True,R-desk,44,evt_S-61_desk_work_surface_0007,6dbc574a75e33226,lap_bag_context,no_pose_observation,34560.0,1.33,,1,cam12/e1/v1,
full,03.CCTV Mobile Usage.mkv,632de9ed55947761d56d4c6142a3cb1a1fe69d0b1a6d0e01a2e404c697962623,dfine_native,136083.0,mouse,0.3355,967.25,398.39,991.9,410.48,298.1,24.65,12.09,2.038,False,,True,R-desk,44,evt_S-61_desk_work_surface_0007,6dbc574a75e33226,lap_bag_context,no_pose_observation,34560.0,1.33,,1,cam12/e1/v1,
full,03.CCTV Mobile Usage.mkv,632de9ed55947761d56d4c6142a3cb1a1fe69d0b1a6d0e01a2e404c697962623,dfine_native,136083.0,monitor_or_bezel,0.3403,800.18,396.11,948.89,452.16,8335.4,148.72,56.05,2.653,False,,True,R-desk,44,evt_S-61_desk_work_surface_0007,6dbc574a75e33226,lap_bag_context,no_pose_observation,34560.0,1.33,,1,cam12/e1/v1,
full,03.CCTV Mobile Usage.mkv,632de9ed55947761d56d4c6142a3cb1a1fe69d0b1a6d0e01a2e404c697962623,dfine_native,136083.0,monitor_or_bezel,0.2844,967.77,395.64,1147.1,490.39,16991.0,179.34,94.74,1.893,False,,True,R-desk,44,evt_S-61_desk_work_surface_0007,6dbc574a75e33226,lap_bag_context,no_pose_observation,34560.0,1.33,,1,cam12/e1/v1,
full,03.CCTV Mobile Usage.mkv,632de9ed55947761d56d4c6142a3cb1a1fe69d0b1a6d0e01a2e404c697962623,dfine_native,136083.0,monitor_or_bezel,0.2519,738.06,395.4,1147.26,491.04,39136.6,409.2,95.64,4.279,False,,True,R-desk,44,evt_S-61_desk_work_surface_0007,6dbc574a75e33226,lap_bag_context,no_pose_observation,34560.0,1.33,,1,cam12/e1/v1,
full,03.CCTV Mobile Usage.mkv,632de9ed55947761d56d4c6142a3cb1a1fe69d0b1a6d0e01a2e404c697962623,dfine_native,136083.0,mouse,0.3003,990.81,399.44,1026.41,413.31,493.7,35.6,13.87,2.567,False,,True,R-desk,44,evt_S-61_desk_work_surface_0007,6dbc574a75e33226,lap_bag_context,no_pose_observation,34560.0,1.33,,1,cam12/e1/v1,
full,03.CCTV Mobile Usage.mkv,632de9ed55947761d56d4c6142a3cb1a1fe69d0b1a6d0e01a2e404c697962623,dfine_native,136083.0,unknown_object,0.3035,158.01,479.39,272.89,593.6,13121.0,114.89,114.21,1.006,False,,True,S-61,38,evt_S-61_desk_work_surface_0007,b0a73e8c2dd8c09b,pose_hand_context,,13238.8,5.56,,1,cam12/e1/v1,rtmpose_baseline
full,03.CCTV Mobile Usage.mkv,632de9ed55947761d56d4c6142a3cb1a1fe69d0b1a6d0e01a2e404c697962623,dfine_native,136367.0,keyboard,0.9114,962.28,451.92,1067.83,491.35,4162.2,105.55,39.43,2.677,False,,True,R-desk,44,evt_S-61_upper_body_0022,3b3dbd98ce9b2859,lap_bag_context,no_pose_observation,34560.0,1.33,,1,cam12/e1/v1,
full,03.CCTV Mobile Usage.mkv,632de9ed55947761d56d4c6142a3cb1a1fe69d0b1a6d0e01a2e404c697962623,dfine_native,136367.0,unknown_object,0.7511,699.87,396.13,843.42,492.36,13814.1,143.55,96.23,1.492,False,,True,R-desk,44,evt_S-61_upper_body_0022,3b3dbd98ce9b2859,lap_bag_context,no_pose_observation,34560.0,1.33,,1,cam12/e1/v1,
full,03.CCTV Mobile Usage.mkv,632de9ed55947761d56d4c6142a3cb1a1fe69d0b1a6d0e01a2e404c697962623,dfine_native,136367.0,monitor_or_bezel,0.6505,1018.95,395.72,1145.75,447.85,6609.8,126.8,52.13,2.433,False,,True,R-desk,44,evt_S-61_upper_body_0022,3b3dbd98ce9b2859,lap_bag_context,no_pose_observation,34560.0,1.33,,1,cam12/e1/v1,
full,03.CCTV Mobile Usage.mkv,632de9ed55947761d56d4c6142a3cb1a1fe69d0b1a6d0e01a2e404c697962623,dfine_native,136367.0,keyboard,0.6654,802.71,396.24,870.66,420.6,1655.0,67.95,24.36,2.79,False,,True,R-desk,44,evt_S-61_upper_body_0022,3b3dbd98ce9b2859,lap_bag_context,no_pose_observation,34560.0,1.33,,1,cam12/e1/v1,
full,03.CCTV Mobile Usage.mkv,632de9ed55947761d56d4c6142a3cb1a1fe69d0b1a6d0e01a2e404c697962623,dfine_native,136367.0,phone,0.3314,1042.91,421.8,1112.92,474.18,3667.0,70.01,52.38,1.337,False,,True,R-desk,44,evt_S-61_upper_body_0022,3b3dbd98ce9b2859,lap_bag_context,no_pose_observation,34560.0,1.33,,1,cam12/e1/v1,
full,03.CCTV Mobile Usage.mkv,632de9ed55947761d56d4c6142a3cb1a1fe69d0b1a6d0e01a2e404c697962623,dfine_native,136367.0,monitor_or_bezel,0.3569,881.1,396.18,948.71,452.37,3798.8,67.61,56.19,1.203,False,,True,R-desk,44,evt_S-61_upper_body_0022,3b3dbd98ce9b2859,lap_bag_context,no_pose_observation,34560.0,1.33,,1,cam12/e1/v1,
full,03.CCTV Mobile Usage.mkv,632de9ed55947761d56d4c6142a3cb1a1fe69d0b1a6d0e01a2e404c697962623,dfine_native,136367.0,mouse,0.5995,864.79,413.84,891.93,435.17,578.8,27.14,21.33,1.272,False,,True,R-desk,44,evt_S-61_upper_body_0022,3b3dbd98ce9b2859,lap_bag_context,no_pose_observation,34560.0,1.33,,1,cam12/e1/v1,
full,03.CCTV Mobile Usage.mkv,632de9ed55947761d56d4c6142a3cb1a1fe69d0b1a6d0e01a2e404c697962623,dfine_native,136367.0,monitor_or_bezel,0.2856,1011.83,395.75,1147.24,488.54,12565.0,135.41,92.79,1.459,False,,True,R-desk,44,evt_S-61_upper_body_0022,3b3dbd98ce9b2859,lap_bag_context,no_pose_observation,34560.0,1.33,,1,cam12/e1/v1,
full,03.CCTV Mobile Usage.mkv,632de9ed55947761d56d4c6142a3cb1a1fe69d0b1a6d0e01a2e404c697962623,dfine_native,136367.0,unknown_object,0.3242,700.01,396.26,763.12,491.22,5993.3,63.11,94.96,0.665,False,,True,R-desk,44,evt_S-61_upper_body_0022,3b3dbd98ce9b2859,lap_bag_context,no_pose_observation,34560.0,1.33,,1,cam12/e1/v1,
full,03.CCTV Mobile Usage.mkv,632de9ed55947761d56d4c6142a3cb1a1fe69d0b1a6d0e01a2e404c697962623,dfine_native,136367.0,mouse,0.365,967.18,398.35,991.86,410.5,299.8,24.68,12.15,2.032,False,,True,R-desk,44,evt_S-61_upper_body_0022,3b3dbd98ce9b2859,lap_bag_context,no_pose_observation,34560.0,1.33,,1,cam12/e1/v1,
full,03.CCTV Mobile Usage.mkv,632de9ed55947761d56d4c6142a3cb1a1fe69d0b1a6d0e01a2e404c697962623,dfine_native,136367.0,monitor_or_bezel,0.3301,800.45,396.11,948.79,452.18,8317.9,148.35,56.07,2.646,False,,True,R-desk,44,evt_S-61_upper_body_0022,3b3dbd98ce9b2859,lap_bag_context,no_pose_observation,34560.0,1.33,,1,cam12/e1/v1,
full,03.CCTV Mobile Usage.mkv,632de9ed55947761d56d4c6142a3cb1a1fe69d0b1a6d0e01a2e404c697962623,dfine_native,136367.0,monitor_or_bezel,0.2679,967.54,395.75,1146.94,490.35,16971.1,179.4,94.6,1.896,False,,True,R-desk,44,evt_S-61_upper_body_0022,3b3dbd98ce9b2859,lap_bag_context,no_pose_observation,34560.0,1.33,,1,cam12/e1/v1,
full,03.CCTV Mobile Usage.mkv,632de9ed55947761d56d4c6142a3cb1a1fe69d0b1a6d0e01a2e404c697962623,dfine_native,136367.0,mouse,0.3258,990.85,399.51,1026.43,413.33,491.7,35.58,13.82,2.575,False,,True,R-desk,44,evt_S-61_upper_body_0022,3b3dbd98ce9b2859,lap_bag_context,no_pose_observation,34560.0,1.33,,1,cam12/e1/v1,
full,03.CCTV Mobile Usage.mkv,632de9ed55947761d56d4c6142a3cb1a1fe69d0b1a6d0e01a2e404c697962623,dfine_native,136367.0,keyboard,0.9114,962.28,451.92,1067.83,491.35,4162.2,105.55,39.43,2.677,False,,True,R-desk,45,evt_S-61_upper_body_0022,3b3dbd98ce9b2859,lap_bag_context,no_pose_observation,34560.0,1.33,,1,cam12/e1/v1,
full,03.CCTV Mobile Usage.mkv,632de9ed55947761d56d4c6142a3cb1a1fe69d0b1a6d0e01a2e404c697962623,dfine_native,136367.0,unknown_object,0.7511,699.87,396.13,843.42,492.36,13814.1,143.55,96.23,1.492,False,,True,R-desk,45,evt_S-61_upper_body_0022,3b3dbd98ce9b2859,lap_bag_context,no_pose_observation,34560.0,1.33,,1,cam12/e1/v1,
full,03.CCTV Mobile Usage.mkv,632de9ed55947761d56d4c6142a3cb1a1fe69d0b1a6d0e01a2e404c697962623,dfine_native,136367.0,monitor_or_bezel,0.6505,1018.95,395.72,1145.75,447.85,6609.8,126.8,52.13,2.433,False,,True,R-desk,45,evt_S-61_upper_body_0022,3b3dbd98ce9b2859,lap_bag_context,no_pose_observation,34560.0,1.33,,1,cam12/e1/v1,
full,03.CCTV Mobile Usage.mkv,632de9ed55947761d56d4c6142a3cb1a1fe69d0b1a6d0e01a2e404c697962623,dfine_native,136367.0,keyboard,0.6654,802.71,396.24,870.66,420.6,1655.0,67.95,24.36,2.79,False,,True,R-desk,45,evt_S-61_upper_body_0022,3b3dbd98ce9b2859,lap_bag_context,no_pose_observation,34560.0,1.33,,1,cam12/e1/v1,
full,03.CCTV Mobile Usage.mkv,632de9ed55947761d56d4c6142a3cb1a1fe69d0b1a6d0e01a2e404c697962623,dfine_native,136367.0,phone,0.3314,1042.91,421.8,1112.92,474.18,3667.0,70.01,52.38,1.337,False,,True,R-desk,45,evt_S-61_upper_body_0022,3b3dbd98ce9b2859,lap_bag_context,no_pose_observation,34560.0,1.33,,1,cam12/e1/v1,
full,03.CCTV Mobile Usage.mkv,632de9ed55947761d56d4c6142a3cb1a1fe69d0b1a6d0e01a2e404c697962623,dfine_native,136367.0,monitor_or_bezel,0.3569,881.1,396.18,948.71,452.37,3798.8,67.61,56.19,1.203,False,,True,R-desk,45,evt_S-61_upper_body_0022,3b3dbd98ce9b2859,lap_bag_context,no_pose_observation,34560.0,1.33,,1,cam12/e1/v1,
full,03.CCTV Mobile Usage.mkv,632de9ed55947761d56d4c6142a3cb1a1fe69d0b1a6d0e01a2e404c697962623,dfine_native,136367.0,mouse,0.5995,864.79,413.84,891.93,435.17,578.8,27.14,21.33,1.272,False,,True,R-desk,45,evt_S-61_upper_body_0022,3b3dbd98ce9b2859,lap_bag_context,no_pose_observation,34560.0,1.33,,1,cam12/e1/v1,
full,03.CCTV Mobile Usage.mkv,632de9ed55947761d56d4c6142a3cb1a1fe69d0b1a6d0e01a2e404c697962623,dfine_native,136367.0,monitor_or_bezel,0.2856,1011.83,395.75,1147.24,488.54,12565.0,135.41,92.79,1.459,False,,True,R-desk,45,evt_S-61_upper_body_0022,3b3dbd98ce9b2859,lap_bag_context,no_pose_observation,34560.0,1.33,,1,cam12/e1/v1,
full,03.CCTV Mobile Usage.mkv,632de9ed55947761d56d4c6142a3cb1a1fe69d0b1a6d0e01a2e404c697962623,dfine_native,136367.0,unknown_object,0.3242,700.01,396.26,763.12,491.22,5993.3,63.11,94.96,0.665,False,,True,R-desk,45,evt_S-61_upper_body_0022,3b3dbd98ce9b2859,lap_bag_context,no_pose_observation,34560.0,1.33,,1,cam12/e1/v1,
full,03.CCTV Mobile Usage.mkv,632de9ed55947761d56d4c6142a3cb1a1fe69d0b1a6d0e01a2e404c697962623,dfine_native,136367.0,mouse,0.365,967.18,398.35,991.86,410.5,299.8,24.68,12.15,2.032,False,,True,R-desk,45,evt_S-61_upper_body_0022,3b3dbd98ce9b2859,lap_bag_context,no_pose_observation,34560.0,1.33,,1,cam12/e1/v1,
full,03.CCTV Mobile Usage.mkv,632de9ed55947761d56d4c6142a3cb1a1fe69d0b1a6d0e01a2e404c697962623,dfine_native,136367.0,monitor_or_bezel,0.3301,800.45,396.11,948.79,452.18,8317.9,148.35,56.07,2.646,False,,True,R-desk,45,evt_S-61_upper_body_0022,3b3dbd98ce9b2859,lap_bag_context,no_pose_observation,34560.0,1.33,,1,cam12/e1/v1,
full,03.CCTV Mobile Usage.mkv,632de9ed55947761d56d4c6142a3cb1a1fe69d0b1a6d0e01a2e404c697962623,dfine_native,136367.0,monitor_or_bezel,0.2679,967.54,395.75,1146.94,490.35,16971.1,179.4,94.6,1.896,False,,True,R-desk,45,evt_S-61_upper_body_0022,3b3dbd98ce9b2859,lap_bag_context,no_pose_observation,34560.0,1.33,,1,cam12/e1/v1,
full,03.CCTV Mobile Usage.mkv,632de9ed55947761d56d4c6142a3cb1a1fe69d0b1a6d0e01a2e404c697962623,dfine_native,136367.0,mouse,0.3258,990.85,399.51,1026.43,413.33,491.7,35.58,13.82,2.575,False,,True,R-desk,45,evt_S-61_upper_body_0022,3b3dbd98ce9b2859,lap_bag_context,no_pose_observation,34560.0,1.33,,1,cam12/e1/v1,
full,03.CCTV Mobile Usage.mkv,632de9ed55947761d56d4c6142a3cb1a1fe69d0b1a6d0e01a2e404c697962623,dfine_native,136583.0,unknown_object,0.4826,204.75,556.44,260.96,594.87,2159.8,56.21,38.43,1.463,False,,True,S-61,38,evt_S-61_desk_work_surface_0007,65cff10b1905b625,pose_hand_context,,11854.9,5.88,,1,cam12/e1/v1,rtmpose_baseline
full,03.CCTV Mobile Usage.mkv,632de9ed55947761d56d4c6142a3cb1a1fe69d0b1a6d0e01a2e404c697962623,dfine_native,136583.0,unknown_object,0.279,204.61,541.16,260.99,594.77,3022.3,56.37,53.61,1.051,False,,True,S-61,38,evt_S-61_desk_work_surface_0007,65cff10b1905b625,pose_hand_context,,11854.9,5.88,,1,cam12/e1/v1,rtmpose_baseline
full,03.CCTV Mobile Usage.mkv,632de9ed55947761d56d4c6142a3cb1a1fe69d0b1a6d0e01a2e404c697962623,dfine_native,136583.0,keyboard,0.9078,962.27,451.92,1067.7,491.37,4159.2,105.43,39.45,2.672,False,,True,R-desk,45,evt_S-61_desk_work_surface_0007,bd8581999b3cb815,lap_bag_context,no_pose_observation,34560.0,1.33,,1,cam12/e1/v1,
full,03.CCTV Mobile Usage.mkv,632de9ed55947761d56d4c6142a3cb1a1fe69d0b1a6d0e01a2e404c697962623,dfine_native,136583.0,unknown_object,0.7287,699.87,396.11,843.41,492.22,13796.1,143.55,96.11,1.494,False,,True,R-desk,45,evt_S-61_desk_work_surface_0007,bd8581999b3cb815,lap_bag_context,no_pose_observation,34560.0,1.33,,1,cam12/e1/v1,
full,03.CCTV Mobile Usage.mkv,632de9ed55947761d56d4c6142a3cb1a1fe69d0b1a6d0e01a2e404c697962623,dfine_native,136583.0,monitor_or_bezel,0.6328,1018.92,395.73,1145.72,447.5,6565.7,126.81,51.78,2.449,False,,True,R-desk,45,evt_S-61_desk_work_surface_0007,bd8581999b3cb815,lap_bag_context,no_pose_observation,34560.0,1.33,,1,cam12/e1/v1,
full,03.CCTV Mobile Usage.mkv,632de9ed55947761d56d4c6142a3cb1a1fe69d0b1a6d0e01a2e404c697962623,dfine_native,136583.0,keyboard,0.6588,802.71,396.23,870.49,420.54,1647.8,67.78,24.31,2.788,False,,True,R-desk,45,evt_S-61_desk_work_surface_0007,bd8581999b3cb815,lap_bag_context,no_pose_observation,34560.0,1.33,,1,cam12/e1/v1,
full,03.CCTV Mobile Usage.mkv,632de9ed55947761d56d4c6142a3cb1a1fe69d0b1a6d0e01a2e404c697962623,dfine_native,136583.0,phone,0.3542,1042.87,421.79,1113.08,474.19,3679.1,70.2,52.41,1.34,False,,True,R-desk,45,evt_S-61_desk_work_surface_0007,bd8581999b3cb815,lap_bag_context,no_pose_observation,34560.0,1.33,,1,cam12/e1/v1,
full,03.CCTV Mobile Usage.mkv,632de9ed55947761d56d4c6142a3cb1a1fe69d0b1a6d0e01a2e404c697962623,dfine_native,136583.0,monitor_or_bezel,0.304,1013.46,395.8,1147.21,488.22,12361.2,133.74,92.42,1.447,False,,True,R-desk,45,evt_S-61_desk_work_surface_0007,bd8581999b3cb815,lap_bag_context,no_pose_observation,34560.0,1.33,,1,cam12/e1/v1,
full,03.CCTV Mobile Usage.mkv,632de9ed55947761d56d4c6142a3cb1a1fe69d0b1a6d0e01a2e404c697962623,dfine_native,136583.0,mouse,0.5986,864.83,413.84,891.94,435.24,580.2,27.11,21.4,1.267,False,,True,R-desk,45,evt_S-61_desk_work_surface_0007,bd8581999b3cb815,lap_bag_context,no_pose_observation,34560.0,1.33,,1,cam12/e1/v1,
full,03.CCTV Mobile Usage.mkv,632de9ed55947761d56d4c6142a3cb1a1fe69d0b1a6d0e01a2e404c697962623,dfine_native,136583.0,monitor_or_bezel,0.316,881.26,396.2,948.53,452.37,3778.6,67.27,56.17,1.198,False,,True,R-desk,45,evt_S-61_desk_work_surface_0007,bd8581999b3cb815,lap_bag_context,no_pose_observation,34560.0,1.33,,1,cam12/e1/v1,
full,03.CCTV Mobile Usage.mkv,632de9ed55947761d56d4c6142a3cb1a1fe69d0b1a6d0e01a2e404c697962623,dfine_native,136583.0,unknown_object,0.3422,700.02,396.26,765.88,491.54,6276.0,65.87,95.28,0.691,False,,True,R-desk,45,evt_S-61_desk_work_surface_0007,bd8581999b3cb815,lap_bag_context,no_pose_observation,34560.0,1.33,,1,cam12/e1/v1,
full,03.CCTV Mobile Usage.mkv,632de9ed55947761d56d4c6142a3cb1a1fe69d0b1a6d0e01a2e404c697962623,dfine_native,136583.0,mouse,0.3542,967.24,398.33,991.83,410.48,298.7,24.59,12.15,2.024,False,,True,R-desk,45,evt_S-61_desk_work_surface_0007,bd8581999b3cb815,lap_bag_context,no_pose_observation,34560.0,1.33,,1,cam12/e1/v1,
full,03.CCTV Mobile Usage.mkv,632de9ed55947761d56d4c6142a3cb1a1fe69d0b1a6d0e01a2e404c697962623,dfine_native,136583.0,monitor_or_bezel,0.3033,800.17,396.12,948.68,452.19,8325.7,148.5,56.06,2.649,False,,True,R-desk,45,evt_S-61_desk_work_surface_0007,bd8581999b3cb815,lap_bag_context,no_pose_observation,34560.0,1.33,,1,cam12/e1/v1,
full,03.CCTV Mobile Usage.mkv,632de9ed55947761d56d4c6142a3cb1a1fe69d0b1a6d0e01a2e404c697962623,dfine_native,136583.0,monitor_or_bezel,0.2828,967.6,395.73,1147.03,490.44,16993.4,179.43,94.71,1.895,False,,True,R-desk,45,evt_S-61_desk_work_surface_0007,bd8581999b3cb815,lap_bag_context,no_pose_observation,34560.0,1.33,,1,cam12/e1/v1,
full,03.CCTV Mobile Usage.mkv,632de9ed55947761d56d4c6142a3cb1a1fe69d0b1a6d0e01a2e404c697962623,dfine_native,136583.0,monitor_or_bezel,0.2836,737.82,395.62,1147.17,491.06,39066.1,409.34,95.44,4.289,False,,True,R-desk,45,evt_S-61_desk_work_surface_0007,bd8581999b3cb815,lap_bag_context,no_pose_observation,34560.0,1.33,,1,cam12/e1/v1,
full,03.CCTV Mobile Usage.mkv,632de9ed55947761d56d4c6142a3cb1a1fe69d0b1a6d0e01a2e404c697962623,dfine_native,136583.0,mouse,0.327,990.71,399.45,1026.9,413.37,503.5,36.19,13.91,2.601,False,,True,R-desk,45,evt_S-61_desk_work_surface_0007,bd8581999b3cb815,lap_bag_context,no_pose_observation,34560.0,1.33,,1,cam12/e1/v1,
full,03.CCTV Mobile Usage.mkv,632de9ed55947761d56d4c6142a3cb1a1fe69d0b1a6d0e01a2e404c697962623,dfine_native,136867.0,keyboard,0.9078,962.27,451.92,1067.7,491.37,4159.2,105.43,39.45,2.672,False,,True,R-desk,45,evt_S-61_upper_body_0022,9288fa4f7a20cfac,lap_bag_context,no_pose_observation,34560.0,1.33,,1,cam12/e1/v1,
full,03.CCTV Mobile Usage.mkv,632de9ed55947761d56d4c6142a3cb1a1fe69d0b1a6d0e01a2e404c697962623,dfine_native,136867.0,unknown_object,0.7287,699.87,396.11,843.41,492.22,13796.1,143.55,96.11,1.494,False,,True,R-desk,45,evt_S-61_upper_body_0022,9288fa4f7a20cfac,lap_bag_context,no_pose_observation,34560.0,1.33,,1,cam12/e1/v1,
full,03.CCTV Mobile Usage.mkv,632de9ed55947761d56d4c6142a3cb1a1fe69d0b1a6d0e01a2e404c697962623,dfine_native,136867.0,monitor_or_bezel,0.6328,1018.92,395.73,1145.72,447.5,6565.7,126.81,51.78,2.449,False,,True,R-desk,45,evt_S-61_upper_body_0022,9288fa4f7a20cfac,lap_bag_context,no_pose_observation,34560.0,1.33,,1,cam12/e1/v1,
full,03.CCTV Mobile Usage.mkv,632de9ed55947761d56d4c6142a3cb1a1fe69d0b1a6d0e01a2e404c697962623,dfine_native,136867.0,keyboard,0.6588,802.71,396.23,870.49,420.54,1647.8,67.78,24.31,2.788,False,,True,R-desk,45,evt_S-61_upper_body_0022,9288fa4f7a20cfac,lap_bag_context,no_pose_observation,34560.0,1.33,,1,cam12/e1/v1,
full,03.CCTV Mobile Usage.mkv,632de9ed55947761d56d4c6142a3cb1a1fe69d0b1a6d0e01a2e404c697962623,dfine_native,136867.0,phone,0.3542,1042.87,421.79,1113.08,474.19,3679.1,70.2,52.41,1.34,False,,True,R-desk,45,evt_S-61_upper_body_0022,9288fa4f7a20cfac,lap_bag_context,no_pose_observation,34560.0,1.33,,1,cam12/e1/v1,
full,03.CCTV Mobile Usage.mkv,632de9ed55947761d56d4c6142a3cb1a1fe69d0b1a6d0e01a2e404c697962623,dfine_native,136867.0,monitor_or_bezel,0.304,1013.46,395.8,1147.21,488.22,12361.2,133.74,92.42,1.447,False,,True,R-desk,45,evt_S-61_upper_body_0022,9288fa4f7a20cfac,lap_bag_context,no_pose_observation,34560.0,1.33,,1,cam12/e1/v1,
full,03.CCTV Mobile Usage.mkv,632de9ed55947761d56d4c6142a3cb1a1fe69d0b1a6d0e01a2e404c697962623,dfine_native,136867.0,mouse,0.5986,864.83,413.84,891.94,435.24,580.2,27.11,21.4,1.267,False,,True,R-desk,45,evt_S-61_upper_body_0022,9288fa4f7a20cfac,lap_bag_context,no_pose_observation,34560.0,1.33,,1,cam12/e1/v1,
full,03.CCTV Mobile Usage.mkv,632de9ed55947761d56d4c6142a3cb1a1fe69d0b1a6d0e01a2e404c697962623,dfine_native,136867.0,monitor_or_bezel,0.316,881.26,396.2,948.53,452.37,3778.6,67.27,56.17,1.198,False,,True,R-desk,45,evt_S-61_upper_body_0022,9288fa4f7a20cfac,lap_bag_context,no_pose_observation,34560.0,1.33,,1,cam12/e1/v1,
full,03.CCTV Mobile Usage.mkv,632de9ed55947761d56d4c6142a3cb1a1fe69d0b1a6d0e01a2e404c697962623,dfine_native,136867.0,unknown_object,0.3422,700.02,396.26,765.88,491.54,6276.0,65.87,95.28,0.691,False,,True,R-desk,45,evt_S-61_upper_body_0022,9288fa4f7a20cfac,lap_bag_context,no_pose_observation,34560.0,1.33,,1,cam12/e1/v1,
full,03.CCTV Mobile Usage.mkv,632de9ed55947761d56d4c6142a3cb1a1fe69d0b1a6d0e01a2e404c697962623,dfine_native,136867.0,mouse,0.3542,967.24,398.33,991.83,410.48,298.7,24.59,12.15,2.024,False,,True,R-desk,45,evt_S-61_upper_body_0022,9288fa4f7a20cfac,lap_bag_context,no_pose_observation,34560.0,1.33,,1,cam12/e1/v1,
full,03.CCTV Mobile Usage.mkv,632de9ed55947761d56d4c6142a3cb1a1fe69d0b1a6d0e01a2e404c697962623,dfine_native,136867.0,monitor_or_bezel,0.3033,800.17,396.12,948.68,452.19,8325.7,148.5,56.06,2.649,False,,True,R-desk,45,evt_S-61_upper_body_0022,9288fa4f7a20cfac,lap_bag_context,no_pose_observation,34560.0,1.33,,1,cam12/e1/v1,
full,03.CCTV Mobile Usage.mkv,632de9ed55947761d56d4c6142a3cb1a1fe69d0b1a6d0e01a2e404c697962623,dfine_native,136867.0,monitor_or_bezel,0.2828,967.6,395.73,1147.03,490.44,16993.4,179.43,94.71,1.895,False,,True,R-desk,45,evt_S-61_upper_body_0022,9288fa4f7a20cfac,lap_bag_context,no_pose_observation,34560.0,1.33,,1,cam12/e1/v1,
full,03.CCTV Mobile Usage.mkv,632de9ed55947761d56d4c6142a3cb1a1fe69d0b1a6d0e01a2e404c697962623,dfine_native,136867.0,monitor_or_bezel,0.2836,737.82,395.62,1147.17,491.06,39066.1,409.34,95.44,4.289,False,,True,R-desk,45,evt_S-61_upper_body_0022,9288fa4f7a20cfac,lap_bag_context,no_pose_observation,34560.0,1.33,,1,cam12/e1/v1,
full,03.CCTV Mobile Usage.mkv,632de9ed55947761d56d4c6142a3cb1a1fe69d0b1a6d0e01a2e404c697962623,dfine_native,136867.0,mouse,0.327,990.71,399.45,1026.9,413.37,503.5,36.19,13.91,2.601,False,,True,R-desk,45,evt_S-61_upper_body_0022,9288fa4f7a20cfac,lap_bag_context,no_pose_observation,34560.0,1.33,,1,cam12/e1/v1,
full,03.CCTV Mobile Usage.mkv,632de9ed55947761d56d4c6142a3cb1a1fe69d0b1a6d0e01a2e404c697962623,dfine_native,136867.0,unknown_object,0.5052,61.94,367.77,171.9,459.17,10050.9,109.96,91.4,1.203,False,,True,S-61,38,evt_S-61_upper_body_0022,e03dffc8b8df0955,pose_hand_context,,22722.5,4.25,,1,cam12/e1/v1,rtmpose_baseline
full,03.CCTV Mobile Usage.mkv,632de9ed55947761d56d4c6142a3cb1a1fe69d0b1a6d0e01a2e404c697962623,dfine_native,136867.0,unknown_object,0.4835,62.1,309.45,171.83,459.18,16429.3,109.72,149.73,0.733,False,,True,S-61,38,evt_S-61_upper_body_0022,e03dffc8b8df0955,pose_hand_context,,22722.5,4.25,,1,cam12/e1/v1,rtmpose_baseline
full,03.CCTV Mobile Usage.mkv,632de9ed55947761d56d4c6142a3cb1a1fe69d0b1a6d0e01a2e404c697962623,dfine_native,136867.0,unknown_object,0.4258,66.7,395.88,167.79,459.4,6420.9,101.09,63.52,1.591,False,,True,S-61,38,evt_S-61_upper_body_0022,e03dffc8b8df0955,pose_hand_context,,22722.5,4.25,,1,cam12/e1/v1,rtmpose_baseline
full,03.CCTV Mobile Usage.mkv,632de9ed55947761d56d4c6142a3cb1a1fe69d0b1a6d0e01a2e404c697962623,dfine_native,136867.0,unknown_object,0.3713,21.26,309.18,109.91,374.64,5803.3,88.65,65.46,1.354,False,,True,S-61,38,evt_S-61_upper_body_0022,e03dffc8b8df0955,pose_hand_context,,22722.5,4.25,,1,cam12/e1/v1,rtmpose_baseline
full,03.CCTV Mobile Usage.mkv,632de9ed55947761d56d4c6142a3cb1a1fe69d0b1a6d0e01a2e404c697962623,dfine_native,136867.0,unknown_object,0.3462,21.03,348.09,171.69,459.35,16762.7,150.66,111.26,1.354,False,,True,S-61,38,evt_S-61_upper_body_0022,e03dffc8b8df0955,pose_hand_context,,22722.5,4.25,,1,cam12/e1/v1,rtmpose_baseline
full,03.CCTV Mobile Usage.mkv,632de9ed55947761d56d4c6142a3cb1a1fe69d0b1a6d0e01a2e404c697962623,dfine_native,136867.0,unknown_object,0.2905,66.29,395.26,171.79,459.52,6778.9,105.49,64.26,1.642,False,,True,S-61,38,evt_S-61_upper_body_0022,e03dffc8b8df0955,pose_hand_context,,22722.5,4.25,,1,cam12/e1/v1,rtmpose_baseline
full,03.CCTV Mobile Usage.mkv,632de9ed55947761d56d4c6142a3cb1a1fe69d0b1a6d0e01a2e404c697962623,dfine_native,137083.0,unknown_object,0.3085,74.92,386.3,165.95,465.42,7202.3,91.03,79.12,1.151,False,,True,S-61,38,evt_S-61_desk_work_surface_0007,ad961e5e7803345d,pose_hand_context,,32026.7,3.58,,1,cam12/e1/v1,rtmpose_baseline
full,03.CCTV Mobile Usage.mkv,632de9ed55947761d56d4c6142a3cb1a1fe69d0b1a6d0e01a2e404c697962623,dfine_native,137083.0,bag,0.3071,32.02,296.41,108.48,363.85,5155.9,76.46,67.44,1.134,False,,True,S-61,38,evt_S-61_desk_work_surface_0007,ad961e5e7803345d,pose_hand_context,,32026.7,3.58,,1,cam12/e1/v1,rtmpose_baseline
full,03.CCTV Mobile Usage.mkv,632de9ed55947761d56d4c6142a3cb1a1fe69d0b1a6d0e01a2e404c697962623,dfine_native,137083.0,stationery,0.4632,43.3,446.04,72.58,473.17,794.4,29.28,27.13,1.079,False,,True,S-61,38,evt_S-61_desk_work_surface_0007,ad961e5e7803345d,pose_hand_context,,32026.7,3.58,,1,cam12/e1/v1,rtmpose_baseline
full,03.CCTV Mobile Usage.mkv,632de9ed55947761d56d4c6142a3cb1a1fe69d0b1a6d0e01a2e404c697962623,dfine_native,137083.0,unknown_object,0.3712,32.05,297.18,165.95,465.46,22532.7,133.9,168.28,0.796,False,,True,S-61,38,evt_S-61_desk_work_surface_0007,ad961e5e7803345d,pose_hand_context,,32026.7,3.58,,1,cam12/e1/v1,rtmpose_baseline
full,03.CCTV Mobile Usage.mkv,632de9ed55947761d56d4c6142a3cb1a1fe69d0b1a6d0e01a2e404c697962623,dfine_native,137083.0,keyboard,0.9078,962.27,451.92,1067.7,491.37,4159.2,105.43,39.45,2.672,False,,True,R-desk,45,evt_S-61_desk_work_surface_0007,f33342f5ef8d79b3,lap_bag_context,no_pose_observation,34560.0,1.33,,1,cam12/e1/v1,
full,03.CCTV Mobile Usage.mkv,632de9ed55947761d56d4c6142a3cb1a1fe69d0b1a6d0e01a2e404c697962623,dfine_native,137083.0,unknown_object,0.7287,699.87,396.11,843.41,492.22,13796.1,143.55,96.11,1.494,False,,True,R-desk,45,evt_S-61_desk_work_surface_0007,f33342f5ef8d79b3,lap_bag_context,no_pose_observation,34560.0,1.33,,1,cam12/e1/v1,
full,03.CCTV Mobile Usage.mkv,632de9ed55947761d56d4c6142a3cb1a1fe69d0b1a6d0e01a2e404c697962623,dfine_native,137083.0,monitor_or_bezel,0.6328,1018.92,395.73,1145.72,447.5,6565.7,126.81,51.78,2.449,False,,True,R-desk,45,evt_S-61_desk_work_surface_0007,f33342f5ef8d79b3,lap_bag_context,no_pose_observation,34560.0,1.33,,1,cam12/e1/v1,
full,03.CCTV Mobile Usage.mkv,632de9ed55947761d56d4c6142a3cb1a1fe69d0b1a6d0e01a2e404c697962623,dfine_native,137083.0,keyboard,0.6588,802.71,396.23,870.49,420.54,1647.8,67.78,24.31,2.788,False,,True,R-desk,45,evt_S-61_desk_work_surface_0007,f33342f5ef8d79b3,lap_bag_context,no_pose_observation,34560.0,1.33,,1,cam12/e1/v1,
full,03.CCTV Mobile Usage.mkv,632de9ed55947761d56d4c6142a3cb1a1fe69d0b1a6d0e01a2e404c697962623,dfine_native,137083.0,phone,0.3542,1042.87,421.79,1113.08,474.19,3679.1,70.2,52.41,1.34,False,,True,R-desk,45,evt_S-61_desk_work_surface_0007,f33342f5ef8d79b3,lap_bag_context,no_pose_observation,34560.0,1.33,,1,cam12/e1/v1,
full,03.CCTV Mobile Usage.mkv,632de9ed55947761d56d4c6142a3cb1a1fe69d0b1a6d0e01a2e404c697962623,dfine_native,137083.0,monitor_or_bezel,0.304,1013.46,395.8,1147.21,488.22,12361.2,133.74,92.42,1.447,False,,True,R-desk,45,evt_S-61_desk_work_surface_0007,f33342f5ef8d79b3,lap_bag_context,no_pose_observation,34560.0,1.33,,1,cam12/e1/v1,
full,03.CCTV Mobile Usage.mkv,632de9ed55947761d56d4c6142a3cb1a1fe69d0b1a6d0e01a2e404c697962623,dfine_native,137083.0,mouse,0.5986,864.83,413.84,891.94,435.24,580.2,27.11,21.4,1.267,False,,True,R-desk,45,evt_S-61_desk_work_surface_0007,f33342f5ef8d79b3,lap_bag_context,no_pose_observation,34560.0,1.33,,1,cam12/e1/v1,
full,03.CCTV Mobile Usage.mkv,632de9ed55947761d56d4c6142a3cb1a1fe69d0b1a6d0e01a2e404c697962623,dfine_native,137083.0,monitor_or_bezel,0.316,881.26,396.2,948.53,452.37,3778.6,67.27,56.17,1.198,False,,True,R-desk,45,evt_S-61_desk_work_surface_0007,f33342f5ef8d79b3,lap_bag_context,no_pose_observation,34560.0,1.33,,1,cam12/e1/v1,
full,03.CCTV Mobile Usage.mkv,632de9ed55947761d56d4c6142a3cb1a1fe69d0b1a6d0e01a2e404c697962623,dfine_native,137083.0,unknown_object,0.3422,700.02,396.26,765.88,491.54,6276.0,65.87,95.28,0.691,False,,True,R-desk,45,evt_S-61_desk_work_surface_0007,f33342f5ef8d79b3,lap_bag_context,no_pose_observation,34560.0,1.33,,1,cam12/e1/v1,
full,03.CCTV Mobile Usage.mkv,632de9ed55947761d56d4c6142a3cb1a1fe69d0b1a6d0e01a2e404c697962623,dfine_native,137083.0,mouse,0.3542,967.24,398.33,991.83,410.48,298.7,24.59,12.15,2.024,False,,True,R-desk,45,evt_S-61_desk_work_surface_0007,f33342f5ef8d79b3,lap_bag_context,no_pose_observation,34560.0,1.33,,1,cam12/e1/v1,
full,03.CCTV Mobile Usage.mkv,632de9ed55947761d56d4c6142a3cb1a1fe69d0b1a6d0e01a2e404c697962623,dfine_native,137083.0,monitor_or_bezel,0.3033,800.17,396.12,948.68,452.19,8325.7,148.5,56.06,2.649,False,,True,R-desk,45,evt_S-61_desk_work_surface_0007,f33342f5ef8d79b3,lap_bag_context,no_pose_observation,34560.0,1.33,,1,cam12/e1/v1,
full,03.CCTV Mobile Usage.mkv,632de9ed55947761d56d4c6142a3cb1a1fe69d0b1a6d0e01a2e404c697962623,dfine_native,137083.0,monitor_or_bezel,0.2828,967.6,395.73,1147.03,490.44,16993.4,179.43,94.71,1.895,False,,True,R-desk,45,evt_S-61_desk_work_surface_0007,f33342f5ef8d79b3,lap_bag_context,no_pose_observation,34560.0,1.33,,1,cam12/e1/v1,
full,03.CCTV Mobile Usage.mkv,632de9ed55947761d56d4c6142a3cb1a1fe69d0b1a6d0e01a2e404c697962623,dfine_native,137083.0,monitor_or_bezel,0.2836,737.82,395.62,1147.17,491.06,39066.1,409.34,95.44,4.289,False,,True,R-desk,45,evt_S-61_desk_work_surface_0007,f33342f5ef8d79b3,lap_bag_context,no_pose_observation,34560.0,1.33,,1,cam12/e1/v1,
full,03.CCTV Mobile Usage.mkv,632de9ed55947761d56d4c6142a3cb1a1fe69d0b1a6d0e01a2e404c697962623,dfine_native,137083.0,mouse,0.327,990.71,399.45,1026.9,413.37,503.5,36.19,13.91,2.601,False,,True,R-desk,45,evt_S-61_desk_work_surface_0007,f33342f5ef8d79b3,lap_bag_context,no_pose_observation,34560.0,1.33,,1,cam12/e1/v1,
full,03.CCTV Mobile Usage.mkv,632de9ed55947761d56d4c6142a3cb1a1fe69d0b1a6d0e01a2e404c697962623,dfine_native,137367.0,secondary_paper_chit,0.7285,57.49,455.15,178.79,518.54,7689.7,121.3,63.39,1.914,False,,True,S-61,38,evt_S-61_upper_body_0022,ea2d956b03ed7571,pose_hand_context,,38118.7,3.28,,1,cam12/e1/v1,rtmpose_baseline
full,03.CCTV Mobile Usage.mkv,632de9ed55947761d56d4c6142a3cb1a1fe69d0b1a6d0e01a2e404c697962623,dfine_native,137367.0,secondary_paper_chit,0.5539,104.24,455.48,178.21,517.7,4602.6,73.97,62.23,1.189,False,,True,S-61,38,evt_S-61_upper_body_0022,ea2d956b03ed7571,pose_hand_context,,38118.7,3.28,,1,cam12/e1/v1,rtmpose_baseline
full,03.CCTV Mobile Usage.mkv,632de9ed55947761d56d4c6142a3cb1a1fe69d0b1a6d0e01a2e404c697962623,dfine_native,137367.0,secondary_paper_chit,0.58,132.63,434.84,204.75,492.48,4157.1,72.13,57.64,1.251,False,,True,S-61,38,evt_S-61_upper_body_0022,ea2d956b03ed7571,pose_hand_context,,38118.7,3.28,,1,cam12/e1/v1,rtmpose_baseline
full,03.CCTV Mobile Usage.mkv,632de9ed55947761d56d4c6142a3cb1a1fe69d0b1a6d0e01a2e404c697962623,dfine_native,137367.0,phone,0.3166,56.99,445.73,72.83,472.42,422.7,15.84,26.69,0.593,False,,True,S-61,38,evt_S-61_upper_body_0022,ea2d956b03ed7571,pose_hand_context,,38118.7,3.28,,1,cam12/e1/v1,rtmpose_baseline
full,03.CCTV Mobile Usage.mkv,632de9ed55947761d56d4c6142a3cb1a1fe69d0b1a6d0e01a2e404c697962623,dfine_native,137367.0,unknown_object,0.3128,56.99,324.24,109.48,395.32,3731.3,52.49,71.09,0.738,False,,True,S-61,38,evt_S-61_upper_body_0022,ea2d956b03ed7571,pose_hand_context,,38118.7,3.28,,1,cam12/e1/v1,rtmpose_baseline
full,03.CCTV Mobile Usage.mkv,632de9ed55947761d56d4c6142a3cb1a1fe69d0b1a6d0e01a2e404c697962623,dfine_native,137367.0,secondary_paper_chit,0.3222,57.61,435.37,204.94,518.51,12247.8,147.32,83.14,1.772,False,,True,S-61,38,evt_S-61_upper_body_0022,ea2d956b03ed7571,pose_hand_context,,38118.7,3.28,,1,cam12/e1/v1,rtmpose_baseline
full,03.CCTV Mobile Usage.mkv,632de9ed55947761d56d4c6142a3cb1a1fe69d0b1a6d0e01a2e404c697962623,dfine_native,137367.0,secondary_paper_chit,0.286,90.39,455.29,178.22,517.81,5490.6,87.83,62.51,1.405,False,,True,S-61,38,evt_S-61_upper_body_0022,ea2d956b03ed7571,pose_hand_context,,38118.7,3.28,,1,cam12/e1/v1,rtmpose_baseline
full,03.CCTV Mobile Usage.mkv,632de9ed55947761d56d4c6142a3cb1a1fe69d0b1a6d0e01a2e404c697962623,dfine_native,137367.0,secondary_paper_chit,0.2593,89.68,435.26,204.94,516.73,9390.3,115.27,81.47,1.415,False,,True,S-61,38,evt_S-61_upper_body_0022,ea2d956b03ed7571,pose_hand_context,,38118.7,3.28,,1,cam12/e1/v1,rtmpose_baseline
full,03.CCTV Mobile Usage.mkv,632de9ed55947761d56d4c6142a3cb1a1fe69d0b1a6d0e01a2e404c697962623,dfine_native,137367.0,secondary_paper_chit,0.2815,57.19,434.71,205.07,518.43,12382.0,147.88,83.73,1.766,False,,True,S-61,38,evt_S-61_upper_body_0022,ea2d956b03ed7571,pose_hand_context,,38118.7,3.28,,1,cam12/e1/v1,rtmpose_baseline
full,03.CCTV Mobile Usage.mkv,632de9ed55947761d56d4c6142a3cb1a1fe69d0b1a6d0e01a2e404c697962623,dfine_native,137583.0,secondary_paper_chit,0.5309,105.23,454.94,177.41,521.21,4782.7,72.18,66.26,1.089,False,,True,S-61,38,evt_S-61_desk_work_surface_0007,91d419cfcd5b8430,pose_hand_context,,39045.8,3.24,,1,cam12/e1/v1,rtmpose_baseline
full,03.CCTV Mobile Usage.mkv,632de9ed55947761d56d4c6142a3cb1a1fe69d0b1a6d0e01a2e404c697962623,dfine_native,137583.0,secondary_paper_chit,0.4722,85.26,454.65,177.6,522.24,6241.3,92.34,67.59,1.366,False,,True,S-61,38,evt_S-61_desk_work_surface_0007,91d419cfcd5b8430,pose_hand_context,,39045.8,3.24,,1,cam12/e1/v1,rtmpose_baseline
full,03.CCTV Mobile Usage.mkv,632de9ed55947761d56d4c6142a3cb1a1fe69d0b1a6d0e01a2e404c697962623,dfine_native,137583.0,phone,0.2654,57.98,445.81,72.59,473.08,398.6,14.61,27.28,0.536,False,,True,S-61,38,evt_S-61_desk_work_surface_0007,91d419cfcd5b8430,pose_hand_context,,39045.8,3.24,,1,cam12/e1/v1,rtmpose_baseline
full,03.CCTV Mobile Usage.mkv,632de9ed55947761d56d4c6142a3cb1a1fe69d0b1a6d0e01a2e404c697962623,dfine_native,137583.0,phone,0.3287,138.14,447.67,193.61,492.02,2460.1,55.47,44.35,1.251,False,,True,S-61,38,evt_S-61_desk_work_surface_0007,91d419cfcd5b8430,pose_hand_context,,39045.8,3.24,,1,cam12/e1/v1,rtmpose_baseline
full,03.CCTV Mobile Usage.mkv,632de9ed55947761d56d4c6142a3cb1a1fe69d0b1a6d0e01a2e404c697962623,dfine_native,137583.0,secondary_paper_chit,0.3007,58.98,454.78,177.62,528.16,8705.4,118.63,73.38,1.617,False,,True,S-61,38,evt_S-61_desk_work_surface_0007,91d419cfcd5b8430,pose_hand_context,,39045.8,3.24,,1,cam12/e1/v1,rtmpose_baseline
full,03.CCTV Mobile Usage.mkv,632de9ed55947761d56d4c6142a3cb1a1fe69d0b1a6d0e01a2e404c697962623,dfine_native,137583.0,unknown_object,0.3185,190.35,385.23,255.98,518.63,8755.3,65.64,133.39,0.492,False,,True,S-61,38,evt_S-61_desk_work_surface_0007,91d419cfcd5b8430,pose_hand_context,,39045.8,3.24,,1,cam12/e1/v1,rtmpose_baseline
full,03.CCTV Mobile Usage.mkv,632de9ed55947761d56d4c6142a3cb1a1fe69d0b1a6d0e01a2e404c697962623,dfine_native,137867.0,keyboard,0.9078,962.27,451.92,1067.7,491.37,4159.2,105.43,39.45,2.672,False,,True,R-desk,45,evt_S-61_upper_body_0022,1f6f9d7c495d1041,lap_bag_context,no_pose_observation,34560.0,1.33,,1,cam12/e1/v1,
full,03.CCTV Mobile Usage.mkv,632de9ed55947761d56d4c6142a3cb1a1fe69d0b1a6d0e01a2e404c697962623,dfine_native,137867.0,unknown_object,0.7287,699.87,396.11,843.41,492.22,13796.1,143.55,96.11,1.494,False,,True,R-desk,45,evt_S-61_upper_body_0022,1f6f9d7c495d1041,lap_bag_context,no_pose_observation,34560.0,1.33,,1,cam12/e1/v1,
full,03.CCTV Mobile Usage.mkv,632de9ed55947761d56d4c6142a3cb1a1fe69d0b1a6d0e01a2e404c697962623,dfine_native,137867.0,monitor_or_bezel,0.6328,1018.92,395.73,1145.72,447.5,6565.7,126.81,51.78,2.449,False,,True,R-desk,45,evt_S-61_upper_body_0022,1f6f9d7c495d1041,lap_bag_context,no_pose_observation,34560.0,1.33,,1,cam12/e1/v1,
full,03.CCTV Mobile Usage.mkv,632de9ed55947761d56d4c6142a3cb1a1fe69d0b1a6d0e01a2e404c697962623,dfine_native,137867.0,keyboard,0.6588,802.71,396.23,870.49,420.54,1647.8,67.78,24.31,2.788,False,,True,R-desk,45,evt_S-61_upper_body_0022,1f6f9d7c495d1041,lap_bag_context,no_pose_observation,34560.0,1.33,,1,cam12/e1/v1,
full,03.CCTV Mobile Usage.mkv,632de9ed55947761d56d4c6142a3cb1a1fe69d0b1a6d0e01a2e404c697962623,dfine_native,137867.0,phone,0.3542,1042.87,421.79,1113.08,474.19,3679.1,70.2,52.41,1.34,False,,True,R-desk,45,evt_S-61_upper_body_0022,1f6f9d7c495d1041,lap_bag_context,no_pose_observation,34560.0,1.33,,1,cam12/e1/v1,
full,03.CCTV Mobile Usage.mkv,632de9ed55947761d56d4c6142a3cb1a1fe69d0b1a6d0e01a2e404c697962623,dfine_native,137867.0,monitor_or_bezel,0.304,1013.46,395.8,1147.21,488.22,12361.2,133.74,92.42,1.447,False,,True,R-desk,45,evt_S-61_upper_body_0022,1f6f9d7c495d1041,lap_bag_context,no_pose_observation,34560.0,1.33,,1,cam12/e1/v1,
full,03.CCTV Mobile Usage.mkv,632de9ed55947761d56d4c6142a3cb1a1fe69d0b1a6d0e01a2e404c697962623,dfine_native,137867.0,mouse,0.5986,864.83,413.84,891.94,435.24,580.2,27.11,21.4,1.267,False,,True,R-desk,45,evt_S-61_upper_body_0022,1f6f9d7c495d1041,lap_bag_context,no_pose_observation,34560.0,1.33,,1,cam12/e1/v1,
full,03.CCTV Mobile Usage.mkv,632de9ed55947761d56d4c6142a3cb1a1fe69d0b1a6d0e01a2e404c697962623,dfine_native,137867.0,monitor_or_bezel,0.316,881.26,396.2,948.53,452.37,3778.6,67.27,56.17,1.198,False,,True,R-desk,45,evt_S-61_upper_body_0022,1f6f9d7c495d1041,lap_bag_context,no_pose_observation,34560.0,1.33,,1,cam12/e1/v1,
full,03.CCTV Mobile Usage.mkv,632de9ed55947761d56d4c6142a3cb1a1fe69d0b1a6d0e01a2e404c697962623,dfine_native,137867.0,unknown_object,0.3422,700.02,396.26,765.88,491.54,6276.0,65.87,95.28,0.691,False,,True,R-desk,45,evt_S-61_upper_body_0022,1f6f9d7c495d1041,lap_bag_context,no_pose_observation,34560.0,1.33,,1,cam12/e1/v1,
full,03.CCTV Mobile Usage.mkv,632de9ed55947761d56d4c6142a3cb1a1fe69d0b1a6d0e01a2e404c697962623,dfine_native,137867.0,mouse,0.3542,967.24,398.33,991.83,410.48,298.7,24.59,12.15,2.024,False,,True,R-desk,45,evt_S-61_upper_body_0022,1f6f9d7c495d1041,lap_bag_context,no_pose_observation,34560.0,1.33,,1,cam12/e1/v1,
full,03.CCTV Mobile Usage.mkv,632de9ed55947761d56d4c6142a3cb1a1fe69d0b1a6d0e01a2e404c697962623,dfine_native,137867.0,monitor_or_bezel,0.3033,800.17,396.12,948.68,452.19,8325.7,148.5,56.06,2.649,False,,True,R-desk,45,evt_S-61_upper_body_0022,1f6f9d7c495d1041,lap_bag_context,no_pose_observation,34560.0,1.33,,1,cam12/e1/v1,
full,03.CCTV Mobile Usage.mkv,632de9ed55947761d56d4c6142a3cb1a1fe69d0b1a6d0e01a2e404c697962623,dfine_native,137867.0,monitor_or_bezel,0.2828,967.6,395.73,1147.03,490.44,16993.4,179.43,94.71,1.895,False,,True,R-desk,45,evt_S-61_upper_body_0022,1f6f9d7c495d1041,lap_bag_context,no_pose_observation,34560.0,1.33,,1,cam12/e1/v1,
full,03.CCTV Mobile Usage.mkv,632de9ed55947761d56d4c6142a3cb1a1fe69d0b1a6d0e01a2e404c697962623,dfine_native,137867.0,monitor_or_bezel,0.2836,737.82,395.62,1147.17,491.06,39066.1,409.34,95.44,4.289,False,,True,R-desk,45,evt_S-61_upper_body_0022,1f6f9d7c495d1041,lap_bag_context,no_pose_observation,34560.0,1.33,,1,cam12/e1/v1,
full,03.CCTV Mobile Usage.mkv,632de9ed55947761d56d4c6142a3cb1a1fe69d0b1a6d0e01a2e404c697962623,dfine_native,137867.0,mouse,0.327,990.71,399.45,1026.9,413.37,503.5,36.19,13.91,2.601,False,,True,R-desk,45,evt_S-61_upper_body_0022,1f6f9d7c495d1041,lap_bag_context,no_pose_observation,34560.0,1.33,,1,cam12/e1/v1,
full,03.CCTV Mobile Usage.mkv,632de9ed55947761d56d4c6142a3cb1a1fe69d0b1a6d0e01a2e404c697962623,dfine_native,137867.0,secondary_paper_chit,0.6354,106.27,454.87,177.07,516.0,4328.7,70.81,61.14,1.158,False,,True,S-61,38,evt_S-61_upper_body_0022,be16d9a66db15103,pose_hand_context,,32170.0,3.57,,1,cam12/e1/v1,rtmpose_baseline
full,03.CCTV Mobile Usage.mkv,632de9ed55947761d56d4c6142a3cb1a1fe69d0b1a6d0e01a2e404c697962623,dfine_native,137867.0,unknown_object,0.6734,92.05,443.36,270.88,621.05,31775.4,178.83,177.69,1.006,False,,True,S-61,38,evt_S-61_upper_body_0022,be16d9a66db15103,pose_hand_context,,32170.0,3.57,,1,cam12/e1/v1,rtmpose_baseline
full,03.CCTV Mobile Usage.mkv,632de9ed55947761d56d4c6142a3cb1a1fe69d0b1a6d0e01a2e404c697962623,dfine_native,137867.0,secondary_paper_chit,0.4335,92.26,449.28,177.05,518.16,5840.7,84.8,68.88,1.231,False,,True,S-61,38,evt_S-61_upper_body_0022,be16d9a66db15103,pose_hand_context,,32170.0,3.57,,1,cam12/e1/v1,rtmpose_baseline
full,03.CCTV Mobile Usage.mkv,632de9ed55947761d56d4c6142a3cb1a1fe69d0b1a6d0e01a2e404c697962623,dfine_native,137867.0,unknown_object,0.3292,92.11,467.94,233.2,620.85,21576.4,141.1,152.92,0.923,False,,True,S-61,38,evt_S-61_upper_body_0022,be16d9a66db15103,pose_hand_context,,32170.0,3.57,,1,cam12/e1/v1,rtmpose_baseline
full,03.CCTV Mobile Usage.mkv,632de9ed55947761d56d4c6142a3cb1a1fe69d0b1a6d0e01a2e404c697962623,dfine_native,137867.0,unknown_object,0.3079,92.48,548.56,232.23,621.12,10140.5,139.76,72.56,1.926,False,,True,S-61,38,evt_S-61_upper_body_0022,be16d9a66db15103,pose_hand_context,,32170.0,3.57,,1,cam12/e1/v1,rtmpose_baseline
full,03.CCTV Mobile Usage.mkv,632de9ed55947761d56d4c6142a3cb1a1fe69d0b1a6d0e01a2e404c697962623,dfine_native,137867.0,unknown_object,0.25,92.18,508.21,232.81,621.14,15879.9,140.62,112.93,1.245,False,,True,S-61,38,evt_S-61_upper_body_0022,be16d9a66db15103,pose_hand_context,,32170.0,3.57,,1,cam12/e1/v1,rtmpose_baseline
full,03.CCTV Mobile Usage.mkv,632de9ed55947761d56d4c6142a3cb1a1fe69d0b1a6d0e01a2e404c697962623,dfine_native,137867.0,unknown_object,0.4776,92.06,495.43,233.15,621.02,17719.9,141.09,125.59,1.123,False,,True,S-61,38,evt_S-61_upper_body_0022,be16d9a66db15103,pose_hand_context,,32170.0,3.57,,1,cam12/e1/v1,rtmpose_baseline
full,03.CCTV Mobile Usage.mkv,632de9ed55947761d56d4c6142a3cb1a1fe69d0b1a6d0e01a2e404c697962623,dfine_native,137867.0,unknown_object,0.3382,92.16,470.34,270.94,621.06,26947.2,178.78,150.72,1.186,False,,True,S-61,38,evt_S-61_upper_body_0022,be16d9a66db15103,pose_hand_context,,32170.0,3.57,,1,cam12/e1/v1,rtmpose_baseline
full,03.CCTV Mobile Usage.mkv,632de9ed55947761d56d4c6142a3cb1a1fe69d0b1a6d0e01a2e404c697962623,dfine_native,137867.0,unknown_object,0.3471,92.2,468.99,270.94,620.96,27162.6,178.74,151.97,1.176,False,,True,S-61,38,evt_S-61_upper_body_0022,be16d9a66db15103,pose_hand_context,,32170.0,3.57,,1,cam12/e1/v1,rtmpose_baseline
full,03.CCTV Mobile Usage.mkv,632de9ed55947761d56d4c6142a3cb1a1fe69d0b1a6d0e01a2e404c697962623,dfine_native,137867.0,secondary_paper_chit,0.3954,91.9,453.5,176.99,518.19,5504.5,85.09,64.69,1.315,False,,True,S-61,38,evt_S-61_upper_body_0022,be16d9a66db15103,pose_hand_context,,32170.0,3.57,,1,cam12/e1/v1,rtmpose_baseline
full,03.CCTV Mobile Usage.mkv,632de9ed55947761d56d4c6142a3cb1a1fe69d0b1a6d0e01a2e404c697962623,dfine_native,137867.0,unknown_object,0.2824,141.4,469.25,271.08,620.86,19659.8,129.68,151.61,0.855,False,,True,S-61,38,evt_S-61_upper_body_0022,be16d9a66db15103,pose_hand_context,,32170.0,3.57,,1,cam12/e1/v1,rtmpose_baseline
full,03.CCTV Mobile Usage.mkv,632de9ed55947761d56d4c6142a3cb1a1fe69d0b1a6d0e01a2e404c697962623,dfine_native,137867.0,unknown_object,0.3224,92.12,492.35,270.85,621.0,22993.2,178.73,128.65,1.389,False,,True,S-61,38,evt_S-61_upper_body_0022,be16d9a66db15103,pose_hand_context,,32170.0,3.57,,1,cam12/e1/v1,rtmpose_baseline
full,03.CCTV Mobile Usage.mkv,632de9ed55947761d56d4c6142a3cb1a1fe69d0b1a6d0e01a2e404c697962623,dfine_native,137867.0,unknown_object,0.6187,92.11,443.16,233.72,620.88,25166.5,141.61,177.72,0.797,False,,True,S-61,38,evt_S-61_upper_body_0022,be16d9a66db15103,pose_hand_context,,32170.0,3.57,,1,cam12/e1/v1,rtmpose_baseline
full,03.CCTV Mobile Usage.mkv,632de9ed55947761d56d4c6142a3cb1a1fe69d0b1a6d0e01a2e404c697962623,dfine_native,138083.0,phone,0.4612,94.24,455.0,181.23,513.4,5080.0,86.99,58.4,1.49,False,,True,S-61,38,evt_S-61_desk_work_surface_0007,f9d09321125376b4,pose_hand_context,,35276.4,3.41,,1,cam12/e1/v1,rtmpose_baseline
full,03.CCTV Mobile Usage.mkv,632de9ed55947761d56d4c6142a3cb1a1fe69d0b1a6d0e01a2e404c697962623,dfine_native,138083.0,unknown_object,0.4381,87.08,500.85,239.55,626.06,19092.0,152.48,125.21,1.218,False,,True,S-61,38,evt_S-61_desk_work_surface_0007,f9d09321125376b4,pose_hand_context,,35276.4,3.41,,1,cam12/e1/v1,rtmpose_baseline
full,03.CCTV Mobile Usage.mkv,632de9ed55947761d56d4c6142a3cb1a1fe69d0b1a6d0e01a2e404c697962623,dfine_native,138083.0,phone,0.2509,108.1,455.43,181.0,512.14,4134.0,72.9,56.71,1.285,False,,True,S-61,38,evt_S-61_desk_work_surface_0007,f9d09321125376b4,pose_hand_context,,35276.4,3.41,,1,cam12/e1/v1,rtmpose_baseline
full,03.CCTV Mobile Usage.mkv,632de9ed55947761d56d4c6142a3cb1a1fe69d0b1a6d0e01a2e404c697962623,dfine_native,138083.0,unknown_object,0.5069,87.01,439.23,241.54,626.01,28862.6,154.53,186.78,0.827,False,,True,S-61,38,evt_S-61_desk_work_surface_0007,f9d09321125376b4,pose_hand_context,,35276.4,3.41,,1,cam12/e1/v1,rtmpose_baseline
full,03.CCTV Mobile Usage.mkv,632de9ed55947761d56d4c6142a3cb1a1fe69d0b1a6d0e01a2e404c697962623,dfine_native,138083.0,unknown_object,0.2782,87.03,439.4,274.62,626.12,35024.5,187.58,186.71,1.005,False,,True,S-61,38,evt_S-61_desk_work_surface_0007,f9d09321125376b4,pose_hand_context,,35276.4,3.41,,1,cam12/e1/v1,rtmpose_baseline
full,03.CCTV Mobile Usage.mkv,632de9ed55947761d56d4c6142a3cb1a1fe69d0b1a6d0e01a2e404c697962623,dfine_native,138083.0,phone,0.2818,113.58,455.99,180.71,511.43,3722.3,67.14,55.44,1.211,False,,True,S-61,38,evt_S-61_desk_work_surface_0007,f9d09321125376b4,pose_hand_context,,35276.4,3.41,,1,cam12/e1/v1,rtmpose_baseline
full,03.CCTV Mobile Usage.mkv,632de9ed55947761d56d4c6142a3cb1a1fe69d0b1a6d0e01a2e404c697962623,dfine_native,138367.0,unknown_object,0.4563,90.07,437.1,243.14,628.91,29360.1,153.06,191.82,0.798,False,,True,S-61,38,evt_S-61_upper_body_0022,3667fc7d3950c758,pose_hand_context,,37434.5,3.31,,1,cam12/e1/v1,rtmpose_baseline
full,03.CCTV Mobile Usage.mkv,632de9ed55947761d56d4c6142a3cb1a1fe69d0b1a6d0e01a2e404c697962623,dfine_native,138367.0,unknown_object,0.3332,90.12,437.32,197.91,523.93,9335.3,107.79,86.61,1.245,False,,True,S-61,38,evt_S-61_upper_body_0022,3667fc7d3950c758,pose_hand_context,,37434.5,3.31,,1,cam12/e1/v1,rtmpose_baseline
full,03.CCTV Mobile Usage.mkv,632de9ed55947761d56d4c6142a3cb1a1fe69d0b1a6d0e01a2e404c697962623,dfine_native,138583.0,unknown_object,0.5794,86.09,426.4,288.73,627.84,40818.7,202.64,201.44,1.006,False,,True,S-61,38,evt_S-61_desk_work_surface_0007,80caf17b82558058,pose_hand_context,,41144.1,3.16,,1,cam12/e1/v1,rtmpose_baseline
full,03.CCTV Mobile Usage.mkv,632de9ed55947761d56d4c6142a3cb1a1fe69d0b1a6d0e01a2e404c697962623,dfine_native,138583.0,secondary_paper_chit,0.2726,111.73,460.37,166.86,505.9,2510.1,55.13,45.53,1.211,False,,True,S-61,38,evt_S-61_desk_work_surface_0007,80caf17b82558058,pose_hand_context,,41144.1,3.16,,1,cam12/e1/v1,rtmpose_baseline
full,03.CCTV Mobile Usage.mkv,632de9ed55947761d56d4c6142a3cb1a1fe69d0b1a6d0e01a2e404c697962623,dfine_native,138583.0,secondary_paper_chit,0.3908,110.94,449.92,193.77,510.21,4993.4,82.83,60.29,1.374,False,,True,S-61,38,evt_S-61_desk_work_surface_0007,80caf17b82558058,pose_hand_context,,41144.1,3.16,,1,cam12/e1/v1,rtmpose_baseline
full,03.CCTV Mobile Usage.mkv,632de9ed55947761d56d4c6142a3cb1a1fe69d0b1a6d0e01a2e404c697962623,dfine_native,138583.0,unknown_object,0.3042,86.05,499.31,239.36,627.98,19725.4,153.31,128.66,1.192,False,,True,S-61,38,evt_S-61_desk_work_surface_0007,80caf17b82558058,pose_hand_context,,41144.1,3.16,,1,cam12/e1/v1,rtmpose_baseline
full,03.CCTV Mobile Usage.mkv,632de9ed55947761d56d4c6142a3cb1a1fe69d0b1a6d0e01a2e404c697962623,dfine_native,138583.0,secondary_paper_chit,0.262,85.97,470.96,131.7,507.88,1688.7,45.73,36.92,1.239,False,,True,S-61,38,evt_S-61_desk_work_surface_0007,80caf17b82558058,pose_hand_context,,41144.1,3.16,,1,cam12/e1/v1,rtmpose_baseline
full,03.CCTV Mobile Usage.mkv,632de9ed55947761d56d4c6142a3cb1a1fe69d0b1a6d0e01a2e404c697962623,dfine_native,138583.0,unknown_object,0.6954,86.08,426.32,241.67,627.67,31327.5,155.59,201.35,0.773,False,,True,S-61,38,evt_S-61_desk_work_surface_0007,80caf17b82558058,pose_hand_context,,41144.1,3.16,,1,cam12/e1/v1,rtmpose_baseline
full,03.CCTV Mobile Usage.mkv,632de9ed55947761d56d4c6142a3cb1a1fe69d0b1a6d0e01a2e404c697962623,dfine_native,138583.0,unknown_object,0.2722,86.04,462.62,239.24,627.78,25304.0,153.21,165.16,0.928,False,,True,S-61,38,evt_S-61_desk_work_surface_0007,80caf17b82558058,pose_hand_context,,41144.1,3.16,,1,cam12/e1/v1,rtmpose_baseline
full,03.CCTV Mobile Usage.mkv,632de9ed55947761d56d4c6142a3cb1a1fe69d0b1a6d0e01a2e404c697962623,dfine_native,138583.0,secondary_paper_chit,0.4592,85.82,450.17,193.09,513.47,6790.5,107.27,63.3,1.695,False,,True,S-61,38,evt_S-61_desk_work_surface_0007,80caf17b82558058,pose_hand_context,,41144.1,3.16,,1,cam12/e1/v1,rtmpose_baseline
full,03.CCTV Mobile Usage.mkv,632de9ed55947761d56d4c6142a3cb1a1fe69d0b1a6d0e01a2e404c697962623,dfine_native,138583.0,unknown_object,0.3248,86.03,426.55,255.75,627.74,34146.6,169.72,201.19,0.844,False,,True,S-61,38,evt_S-61_desk_work_surface_0007,80caf17b82558058,pose_hand_context,,41144.1,3.16,,1,cam12/e1/v1,rtmpose_baseline
full,03.CCTV Mobile Usage.mkv,632de9ed55947761d56d4c6142a3cb1a1fe69d0b1a6d0e01a2e404c697962623,dfine_native,138867.0,unknown_object,0.4127,84.92,451.21,192.59,515.49,6920.2,107.66,64.28,1.675,False,,True,S-61,38,evt_S-61_upper_body_0022,65a212c90b663166,pose_hand_context,,40425.1,3.18,,1,cam12/e1/v1,rtmpose_baseline
full,03.CCTV Mobile Usage.mkv,632de9ed55947761d56d4c6142a3cb1a1fe69d0b1a6d0e01a2e404c697962623,dfine_native,138867.0,unknown_object,0.3884,85.07,429.49,241.79,628.76,31230.0,156.72,199.27,0.786,False,,True,S-61,38,evt_S-61_upper_body_0022,65a212c90b663166,pose_hand_context,,40425.1,3.18,,1,cam12/e1/v1,rtmpose_baseline
full,03.CCTV Mobile Usage.mkv,632de9ed55947761d56d4c6142a3cb1a1fe69d0b1a6d0e01a2e404c697962623,dfine_native,138867.0,phone,0.2602,263.89,578.82,285.98,596.81,397.6,22.09,18.0,1.227,False,,True,S-61,38,evt_S-61_upper_body_0022,65a212c90b663166,pose_hand_context,,40425.1,3.18,,1,cam12/e1/v1,rtmpose_baseline
full,03.CCTV Mobile Usage.mkv,632de9ed55947761d56d4c6142a3cb1a1fe69d0b1a6d0e01a2e404c697962623,dfine_native,139083.0,unknown_object,0.2609,89.19,501.18,240.18,626.97,18994.3,150.99,125.8,1.2,False,,True,S-61,38,evt_S-61_desk_work_surface_0007,621b968be80ccd92,pose_hand_context,,36779.6,3.34,,1,cam12/e1/v1,rtmpose_baseline
full,03.CCTV Mobile Usage.mkv,632de9ed55947761d56d4c6142a3cb1a1fe69d0b1a6d0e01a2e404c697962623,dfine_native,139083.0,unknown_object,0.3152,88.94,436.03,198.25,520.36,9217.6,109.31,84.32,1.296,False,,True,S-61,38,evt_S-61_desk_work_surface_0007,621b968be80ccd92,pose_hand_context,,36779.6,3.34,,1,cam12/e1/v1,rtmpose_baseline
full,03.CCTV Mobile Usage.mkv,632de9ed55947761d56d4c6142a3cb1a1fe69d0b1a6d0e01a2e404c697962623,dfine_native,139083.0,secondary_paper_chit,0.318,88.92,455.35,193.5,516.78,6423.8,104.58,61.42,1.703,False,,True,S-61,38,evt_S-61_desk_work_surface_0007,621b968be80ccd92,pose_hand_context,,36779.6,3.34,,1,cam12/e1/v1,rtmpose_baseline
full,03.CCTV Mobile Usage.mkv,632de9ed55947761d56d4c6142a3cb1a1fe69d0b1a6d0e01a2e404c697962623,dfine_native,139083.0,unknown_object,0.481,89.07,436.21,241.78,626.9,29121.7,152.72,190.69,0.801,False,,True,S-61,38,evt_S-61_desk_work_surface_0007,621b968be80ccd92,pose_hand_context,,36779.6,3.34,,1,cam12/e1/v1,rtmpose_baseline
full,03.CCTV Mobile Usage.mkv,632de9ed55947761d56d4c6142a3cb1a1fe69d0b1a6d0e01a2e404c697962623,dfine_native,139367.0,unknown_object,0.3105,101.15,440.48,305.85,643.77,41614.6,204.7,203.29,1.007,False,,True,S-61,38,evt_S-61_upper_body_0022,730dbc9fc87f8ec1,pose_hand_context,,41975.8,3.12,,1,cam12/e1/v1,rtmpose_baseline
full,03.CCTV Mobile Usage.mkv,632de9ed55947761d56d4c6142a3cb1a1fe69d0b1a6d0e01a2e404c697962623,dfine_native,139367.0,unknown_object,0.2534,101.21,440.22,305.96,538.59,20140.8,204.74,98.37,2.081,False,,True,S-61,38,evt_S-61_upper_body_0022,730dbc9fc87f8ec1,pose_hand_context,,41975.8,3.12,,1,cam12/e1/v1,rtmpose_baseline
full,03.CCTV Mobile Usage.mkv,632de9ed55947761d56d4c6142a3cb1a1fe69d0b1a6d0e01a2e404c697962623,dfine_native,139583.0,unknown_object,0.406,97.03,429.49,320.83,652.07,49814.0,223.8,222.59,1.005,False,,True,S-61,38,evt_S-61_desk_work_surface_0007,3f271ff03fbcd110,pose_hand_context,,50274.6,2.85,,1,cam12/e1/v1,rtmpose_baseline
full,03.CCTV Mobile Usage.mkv,632de9ed55947761d56d4c6142a3cb1a1fe69d0b1a6d0e01a2e404c697962623,dfine_native,139583.0,unknown_object,0.3722,96.84,430.73,261.94,652.11,36549.2,165.1,221.38,0.746,False,,True,S-61,38,evt_S-61_desk_work_surface_0007,3f271ff03fbcd110,pose_hand_context,,50274.6,2.85,,1,cam12/e1/v1,rtmpose_baseline
full,03.CCTV Mobile Usage.mkv,632de9ed55947761d56d4c6142a3cb1a1fe69d0b1a6d0e01a2e404c697962623,dfine_native,139867.0,keyboard,0.9174,962.22,451.93,1067.99,491.45,4180.3,105.77,39.52,2.676,False,,True,R-desk,46,evt_S-61_upper_body_0022,9006d665f9af6662,lap_bag_context,no_pose_observation,34560.0,1.33,,1,cam12/e1/v1,
full,03.CCTV Mobile Usage.mkv,632de9ed55947761d56d4c6142a3cb1a1fe69d0b1a6d0e01a2e404c697962623,dfine_native,139867.0,unknown_object,0.6084,699.92,396.15,843.85,492.18,13821.1,143.93,96.03,1.499,False,,True,R-desk,46,evt_S-61_upper_body_0022,9006d665f9af6662,lap_bag_context,no_pose_observation,34560.0,1.33,,1,cam12/e1/v1,
full,03.CCTV Mobile Usage.mkv,632de9ed55947761d56d4c6142a3cb1a1fe69d0b1a6d0e01a2e404c697962623,dfine_native,139867.0,monitor_or_bezel,0.6116,1019.25,395.96,1145.4,448.36,6610.3,126.15,52.4,2.408,False,,True,R-desk,46,evt_S-61_upper_body_0022,9006d665f9af6662,lap_bag_context,no_pose_observation,34560.0,1.33,,1,cam12/e1/v1,
full,03.CCTV Mobile Usage.mkv,632de9ed55947761d56d4c6142a3cb1a1fe69d0b1a6d0e01a2e404c697962623,dfine_native,139867.0,unknown_object,0.4622,699.98,396.13,776.18,491.9,7298.3,76.2,95.77,0.796,False,,True,R-desk,46,evt_S-61_upper_body_0022,9006d665f9af6662,lap_bag_context,no_pose_observation,34560.0,1.33,,1,cam12/e1/v1,
full,03.CCTV Mobile Usage.mkv,632de9ed55947761d56d4c6142a3cb1a1fe69d0b1a6d0e01a2e404c697962623,dfine_native,139867.0,keyboard,0.5845,802.39,396.2,870.66,420.59,1665.3,68.27,24.39,2.799,False,,True,R-desk,46,evt_S-61_upper_body_0022,9006d665f9af6662,lap_bag_context,no_pose_observation,34560.0,1.33,,1,cam12/e1/v1,
full,03.CCTV Mobile Usage.mkv,632de9ed55947761d56d4c6142a3cb1a1fe69d0b1a6d0e01a2e404c697962623,dfine_native,139867.0,monitor_or_bezel,0.4151,1015.71,396.01,1146.42,487.84,12004.0,130.71,91.84,1.423,False,,True,R-desk,46,evt_S-61_upper_body_0022,9006d665f9af6662,lap_bag_context,no_pose_observation,34560.0,1.33,,1,cam12/e1/v1,
full,03.CCTV Mobile Usage.mkv,632de9ed55947761d56d4c6142a3cb1a1fe69d0b1a6d0e01a2e404c697962623,dfine_native,139867.0,mouse,0.6038,864.83,413.78,891.84,435.12,576.4,27.01,21.34,1.266,False,,True,R-desk,46,evt_S-61_upper_body_0022,9006d665f9af6662,lap_bag_context,no_pose_observation,34560.0,1.33,,1,cam12/e1/v1,
full,03.CCTV Mobile Usage.mkv,632de9ed55947761d56d4c6142a3cb1a1fe69d0b1a6d0e01a2e404c697962623,dfine_native,139867.0,mouse,0.3435,967.35,398.38,991.93,410.54,298.9,24.58,12.16,2.021,False,,True,R-desk,46,evt_S-61_upper_body_0022,9006d665f9af6662,lap_bag_context,no_pose_observation,34560.0,1.33,,1,cam12/e1/v1,
full,03.CCTV Mobile Usage.mkv,632de9ed55947761d56d4c6142a3cb1a1fe69d0b1a6d0e01a2e404c697962623,dfine_native,139867.0,monitor_or_bezel,0.2766,1017.06,395.87,1146.24,471.97,9830.3,129.18,76.1,1.698,False,,True,R-desk,46,evt_S-61_upper_body_0022,9006d665f9af6662,lap_bag_context,no_pose_observation,34560.0,1.33,,1,cam12/e1/v1,
full,03.CCTV Mobile Usage.mkv,632de9ed55947761d56d4c6142a3cb1a1fe69d0b1a6d0e01a2e404c697962623,dfine_native,139867.0,mouse,0.2642,990.7,399.47,1026.49,413.36,496.8,35.79,13.88,2.578,False,,True,R-desk,46,evt_S-61_upper_body_0022,9006d665f9af6662,lap_bag_context,no_pose_observation,34560.0,1.33,,1,cam12/e1/v1,
full,03.CCTV Mobile Usage.mkv,632de9ed55947761d56d4c6142a3cb1a1fe69d0b1a6d0e01a2e404c697962623,dfine_native,139867.0,stationery,0.2869,20.05,409.0,121.11,502.16,9415.3,101.06,93.16,1.085,False,,True,S-61,38,evt_S-61_upper_body_0022,9aba67611ee3fca8,pose_hand_context,,49675.5,2.87,,1,cam12/e1/v1,rtmpose_baseline
full,03.CCTV Mobile Usage.mkv,632de9ed55947761d56d4c6142a3cb1a1fe69d0b1a6d0e01a2e404c697962623,dfine_native,139867.0,unknown_object,0.3271,19.96,353.98,242.23,575.38,49210.7,222.27,221.4,1.004,False,,True,S-61,38,evt_S-61_upper_body_0022,9aba67611ee3fca8,pose_hand_context,,49675.5,2.87,,1,cam12/e1/v1,rtmpose_baseline
full,03.CCTV Mobile Usage.mkv,632de9ed55947761d56d4c6142a3cb1a1fe69d0b1a6d0e01a2e404c697962623,dfine_native,139867.0,stationery,0.321,20.1,493.95,160.07,575.71,11443.9,139.97,81.76,1.712,False,,True,S-61,38,evt_S-61_upper_body_0022,9aba67611ee3fca8,pose_hand_context,,49675.5,2.87,,1,cam12/e1/v1,rtmpose_baseline
full,03.CCTV Mobile Usage.mkv,632de9ed55947761d56d4c6142a3cb1a1fe69d0b1a6d0e01a2e404c697962623,dfine_native,140083.0,keyboard,0.9172,962.23,451.93,1067.99,491.45,4179.8,105.76,39.52,2.676,False,,True,R-desk,46,evt_S-61_desk_work_surface_0007,054d7432f9c58c1e,lap_bag_context,no_pose_observation,34560.0,1.33,,1,cam12/e1/v1,
full,03.CCTV Mobile Usage.mkv,632de9ed55947761d56d4c6142a3cb1a1fe69d0b1a6d0e01a2e404c697962623,dfine_native,140083.0,unknown_object,0.6112,699.92,396.15,843.81,492.18,13817.3,143.89,96.03,1.498,False,,True,R-desk,46,evt_S-61_desk_work_surface_0007,054d7432f9c58c1e,lap_bag_context,no_pose_observation,34560.0,1.33,,1,cam12/e1/v1,
full,03.CCTV Mobile Usage.mkv,632de9ed55947761d56d4c6142a3cb1a1fe69d0b1a6d0e01a2e404c697962623,dfine_native,140083.0,monitor_or_bezel,0.6279,1019.25,395.96,1145.38,448.39,6613.9,126.14,52.43,2.406,False,,True,R-desk,46,evt_S-61_desk_work_surface_0007,054d7432f9c58c1e,lap_bag_context,no_pose_observation,34560.0,1.33,,1,cam12/e1/v1,
full,03.CCTV Mobile Usage.mkv,632de9ed55947761d56d4c6142a3cb1a1fe69d0b1a6d0e01a2e404c697962623,dfine_native,140083.0,unknown_object,0.4631,699.98,396.13,776.15,491.9,7294.8,76.17,95.77,0.795,False,,True,R-desk,46,evt_S-61_desk_work_surface_0007,054d7432f9c58c1e,lap_bag_context,no_pose_observation,34560.0,1.33,,1,cam12/e1/v1,
full,03.CCTV Mobile Usage.mkv,632de9ed55947761d56d4c6142a3cb1a1fe69d0b1a6d0e01a2e404c697962623,dfine_native,140083.0,keyboard,0.5858,802.4,396.2,870.66,420.59,1664.7,68.26,24.39,2.799,False,,True,R-desk,46,evt_S-61_desk_work_surface_0007,054d7432f9c58c1e,lap_bag_context,no_pose_observation,34560.0,1.33,,1,cam12/e1/v1,
full,03.CCTV Mobile Usage.mkv,632de9ed55947761d56d4c6142a3cb1a1fe69d0b1a6d0e01a2e404c697962623,dfine_native,140083.0,monitor_or_bezel,0.4116,1015.66,395.99,1146.44,487.8,12007.1,130.78,91.81,1.424,False,,True,R-desk,46,evt_S-61_desk_work_surface_0007,054d7432f9c58c1e,lap_bag_context,no_pose_observation,34560.0,1.33,,1,cam12/e1/v1,
full,03.CCTV Mobile Usage.mkv,632de9ed55947761d56d4c6142a3cb1a1fe69d0b1a6d0e01a2e404c697962623,dfine_native,140083.0,mouse,0.6057,864.83,413.79,891.83,435.11,575.5,26.99,21.32,1.266,False,,True,R-desk,46,evt_S-61_desk_work_surface_0007,054d7432f9c58c1e,lap_bag_context,no_pose_observation,34560.0,1.33,,1,cam12/e1/v1,
full,03.CCTV Mobile Usage.mkv,632de9ed55947761d56d4c6142a3cb1a1fe69d0b1a6d0e01a2e404c697962623,dfine_native,140083.0,mouse,0.3456,967.36,398.38,991.93,410.54,298.7,24.57,12.16,2.021,False,,True,R-desk,46,evt_S-61_desk_work_surface_0007,054d7432f9c58c1e,lap_bag_context,no_pose_observation,34560.0,1.33,,1,cam12/e1/v1,
full,03.CCTV Mobile Usage.mkv,632de9ed55947761d56d4c6142a3cb1a1fe69d0b1a6d0e01a2e404c697962623,dfine_native,140083.0,monitor_or_bezel,0.2511,881.33,396.13,947.64,452.56,3741.3,66.3,56.43,1.175,False,,True,R-desk,46,evt_S-61_desk_work_surface_0007,054d7432f9c58c1e,lap_bag_context,no_pose_observation,34560.0,1.33,,1,cam12/e1/v1,
full,03.CCTV Mobile Usage.mkv,632de9ed55947761d56d4c6142a3cb1a1fe69d0b1a6d0e01a2e404c697962623,dfine_native,140083.0,monitor_or_bezel,0.2504,1017.23,395.85,1146.25,471.12,9711.1,129.02,75.27,1.714,False,,True,R-desk,46,evt_S-61_desk_work_surface_0007,054d7432f9c58c1e,lap_bag_context,no_pose_observation,34560.0,1.33,,1,cam12/e1/v1,
full,03.CCTV Mobile Usage.mkv,632de9ed55947761d56d4c6142a3cb1a1fe69d0b1a6d0e01a2e404c697962623,dfine_native,140083.0,mouse,0.2664,990.71,399.48,1026.49,413.35,496.2,35.78,13.87,2.58,False,,True,R-desk,46,evt_S-61_desk_work_surface_0007,054d7432f9c58c1e,lap_bag_context,no_pose_observation,34560.0,1.33,,1,cam12/e1/v1,
full,03.CCTV Mobile Usage.mkv,632de9ed55947761d56d4c6142a3cb1a1fe69d0b1a6d0e01a2e404c697962623,dfine_native,140083.0,bag,0.2553,238.45,571.47,304.0,644.6,4793.0,65.54,73.13,0.896,False,,True,S-61,38,evt_S-61_desk_work_surface_0007,d9ec3f01d93a8292,pose_hand_context,,51974.9,2.81,,1,cam12/e1/v1,rtmpose_baseline
full,03.CCTV Mobile Usage.mkv,632de9ed55947761d56d4c6142a3cb1a1fe69d0b1a6d0e01a2e404c697962623,dfine_native,140083.0,unknown_object,0.4056,76.12,417.48,303.59,644.0,51527.2,227.47,226.52,1.004,False,,True,S-61,38,evt_S-61_desk_work_surface_0007,d9ec3f01d93a8292,pose_hand_context,,51974.9,2.81,,1,cam12/e1/v1,rtmpose_baseline
full,03.CCTV Mobile Usage.mkv,632de9ed55947761d56d4c6142a3cb1a1fe69d0b1a6d0e01a2e404c697962623,dfine_native,140083.0,unknown_object,0.3242,76.07,494.68,258.65,644.0,27262.6,182.58,149.32,1.223,False,,True,S-61,38,evt_S-61_desk_work_surface_0007,d9ec3f01d93a8292,pose_hand_context,,51974.9,2.81,,1,cam12/e1/v1,rtmpose_baseline
full,03.CCTV Mobile Usage.mkv,632de9ed55947761d56d4c6142a3cb1a1fe69d0b1a6d0e01a2e404c697962623,dfine_native,140083.0,unknown_object,0.365,76.04,417.14,255.74,643.83,40735.7,179.7,226.69,0.793,False,,True,S-61,38,evt_S-61_desk_work_surface_0007,d9ec3f01d93a8292,pose_hand_context,,51974.9,2.81,,1,cam12/e1/v1,rtmpose_baseline
full,03.CCTV Mobile Usage.mkv,632de9ed55947761d56d4c6142a3cb1a1fe69d0b1a6d0e01a2e404c697962623,dfine_native,140367.0,keyboard,0.9172,962.23,451.93,1067.99,491.45,4179.8,105.76,39.52,2.676,False,,True,R-desk,46,evt_S-61_upper_body_0022,00f6a5d6a6fbc2b0,lap_bag_context,no_pose_observation,34560.0,1.33,,1,cam12/e1/v1,
full,03.CCTV Mobile Usage.mkv,632de9ed55947761d56d4c6142a3cb1a1fe69d0b1a6d0e01a2e404c697962623,dfine_native,140367.0,unknown_object,0.6112,699.92,396.15,843.81,492.18,13817.3,143.89,96.03,1.498,False,,True,R-desk,46,evt_S-61_upper_body_0022,00f6a5d6a6fbc2b0,lap_bag_context,no_pose_observation,34560.0,1.33,,1,cam12/e1/v1,
full,03.CCTV Mobile Usage.mkv,632de9ed55947761d56d4c6142a3cb1a1fe69d0b1a6d0e01a2e404c697962623,dfine_native,140367.0,monitor_or_bezel,0.6279,1019.25,395.96,1145.38,448.39,6613.9,126.14,52.43,2.406,False,,True,R-desk,46,evt_S-61_upper_body_0022,00f6a5d6a6fbc2b0,lap_bag_context,no_pose_observation,34560.0,1.33,,1,cam12/e1/v1,
full,03.CCTV Mobile Usage.mkv,632de9ed55947761d56d4c6142a3cb1a1fe69d0b1a6d0e01a2e404c697962623,dfine_native,140367.0,unknown_object,0.4631,699.98,396.13,776.15,491.9,7294.8,76.17,95.77,0.795,False,,True,R-desk,46,evt_S-61_upper_body_0022,00f6a5d6a6fbc2b0,lap_bag_context,no_pose_observation,34560.0,1.33,,1,cam12/e1/v1,
full,03.CCTV Mobile Usage.mkv,632de9ed55947761d56d4c6142a3cb1a1fe69d0b1a6d0e01a2e404c697962623,dfine_native,140367.0,keyboard,0.5858,802.4,396.2,870.66,420.59,1664.7,68.26,24.39,2.799,False,,True,R-desk,46,evt_S-61_upper_body_0022,00f6a5d6a6fbc2b0,lap_bag_context,no_pose_observation,34560.0,1.33,,1,cam12/e1/v1,
full,03.CCTV Mobile Usage.mkv,632de9ed55947761d56d4c6142a3cb1a1fe69d0b1a6d0e01a2e404c697962623,dfine_native,140367.0,monitor_or_bezel,0.4116,1015.66,395.99,1146.44,487.8,12007.1,130.78,91.81,1.424,False,,True,R-desk,46,evt_S-61_upper_body_0022,00f6a5d6a6fbc2b0,lap_bag_context,no_pose_observation,34560.0,1.33,,1,cam12/e1/v1,
full,03.CCTV Mobile Usage.mkv,632de9ed55947761d56d4c6142a3cb1a1fe69d0b1a6d0e01a2e404c697962623,dfine_native,140367.0,mouse,0.6057,864.83,413.79,891.83,435.11,575.5,26.99,21.32,1.266,False,,True,R-desk,46,evt_S-61_upper_body_0022,00f6a5d6a6fbc2b0,lap_bag_context,no_pose_observation,34560.0,1.33,,1,cam12/e1/v1,
full,03.CCTV Mobile Usage.mkv,632de9ed55947761d56d4c6142a3cb1a1fe69d0b1a6d0e01a2e404c697962623,dfine_native,140367.0,mouse,0.3456,967.36,398.38,991.93,410.54,298.7,24.57,12.16,2.021,False,,True,R-desk,46,evt_S-61_upper_body_0022,00f6a5d6a6fbc2b0,lap_bag_context,no_pose_observation,34560.0,1.33,,1,cam12/e1/v1,
full,03.CCTV Mobile Usage.mkv,632de9ed55947761d56d4c6142a3cb1a1fe69d0b1a6d0e01a2e404c697962623,dfine_native,140367.0,monitor_or_bezel,0.2511,881.33,396.13,947.64,452.56,3741.3,66.3,56.43,1.175,False,,True,R-desk,46,evt_S-61_upper_body_0022,00f6a5d6a6fbc2b0,lap_bag_context,no_pose_observation,34560.0,1.33,,1,cam12/e1/v1,
full,03.CCTV Mobile Usage.mkv,632de9ed55947761d56d4c6142a3cb1a1fe69d0b1a6d0e01a2e404c697962623,dfine_native,140367.0,monitor_or_bezel,0.2504,1017.23,395.85,1146.25,471.12,9711.1,129.02,75.27,1.714,False,,True,R-desk,46,evt_S-61_upper_body_0022,00f6a5d6a6fbc2b0,lap_bag_context,no_pose_observation,34560.0,1.33,,1,cam12/e1/v1,
full,03.CCTV Mobile Usage.mkv,632de9ed55947761d56d4c6142a3cb1a1fe69d0b1a6d0e01a2e404c697962623,dfine_native,140367.0,mouse,0.2664,990.71,399.48,1026.49,413.35,496.2,35.78,13.87,2.58,False,,True,R-desk,46,evt_S-61_upper_body_0022,00f6a5d6a6fbc2b0,lap_bag_context,no_pose_observation,34560.0,1.33,,1,cam12/e1/v1,
full,03.CCTV Mobile Usage.mkv,632de9ed55947761d56d4c6142a3cb1a1fe69d0b1a6d0e01a2e404c697962623,dfine_native,140367.0,unknown_object,0.3364,46.17,377.54,273.0,603.31,51211.6,226.82,225.78,1.005,False,,True,S-61,38,evt_S-61_upper_body_0022,614ec232fae7c8df,pose_hand_context,,51492.7,2.82,,1,cam12/e1/v1,rtmpose_baseline
full,03.CCTV Mobile Usage.mkv,632de9ed55947761d56d4c6142a3cb1a1fe69d0b1a6d0e01a2e404c697962623,dfine_native,140367.0,unknown_object,0.253,46.11,493.52,217.49,603.48,18845.7,171.38,109.96,1.559,False,,True,S-61,38,evt_S-61_upper_body_0022,614ec232fae7c8df,pose_hand_context,,51492.7,2.82,,1,cam12/e1/v1,rtmpose_baseline
full,03.CCTV Mobile Usage.mkv,632de9ed55947761d56d4c6142a3cb1a1fe69d0b1a6d0e01a2e404c697962623,dfine_native,140367.0,unknown_object,0.2544,142.8,506.61,193.18,550.96,2234.0,50.37,44.35,1.136,False,,True,S-61,38,evt_S-61_upper_body_0022,614ec232fae7c8df,pose_hand_context,,51492.7,2.82,,1,cam12/e1/v1,rtmpose_baseline
full,03.CCTV Mobile Usage.mkv,632de9ed55947761d56d4c6142a3cb1a1fe69d0b1a6d0e01a2e404c697962623,dfine_native,140367.0,unknown_object,0.2569,46.57,500.67,129.15,555.78,4550.7,82.58,55.11,1.499,False,,True,S-61,38,evt_S-61_upper_body_0022,614ec232fae7c8df,pose_hand_context,,51492.7,2.82,,1,cam12/e1/v1,rtmpose_baseline
full,03.CCTV Mobile Usage.mkv,632de9ed55947761d56d4c6142a3cb1a1fe69d0b1a6d0e01a2e404c697962623,dfine_native,140583.0,unknown_object,0.3673,21.45,491.91,227.22,604.54,23175.2,205.78,112.62,1.827,False,,True,S-61,38,evt_S-61_desk_work_surface_0007,56d747897902ef08,pose_hand_context,,50949.5,2.84,,1,cam12/e1/v1,rtmpose_baseline
full,03.CCTV Mobile Usage.mkv,632de9ed55947761d56d4c6142a3cb1a1fe69d0b1a6d0e01a2e404c697962623,dfine_native,140583.0,stationery,0.2923,42.97,496.07,176.65,575.24,10584.3,133.68,79.18,1.688,False,,True,S-61,38,evt_S-61_desk_work_surface_0007,56d747897902ef08,pose_hand_context,,50949.5,2.84,,1,cam12/e1/v1,rtmpose_baseline
full,03.CCTV Mobile Usage.mkv,632de9ed55947761d56d4c6142a3cb1a1fe69d0b1a6d0e01a2e404c697962623,dfine_native,140583.0,unknown_object,0.2505,21.1,379.34,146.74,498.47,14967.8,125.64,119.13,1.055,False,,True,S-61,38,evt_S-61_desk_work_surface_0007,56d747897902ef08,pose_hand_context,,50949.5,2.84,,1,cam12/e1/v1,rtmpose_baseline
full,03.CCTV Mobile Usage.mkv,632de9ed55947761d56d4c6142a3cb1a1fe69d0b1a6d0e01a2e404c697962623,dfine_native,140583.0,unknown_object,0.3897,21.31,491.6,245.58,604.67,25356.9,224.27,113.06,1.984,False,,True,S-61,38,evt_S-61_desk_work_surface_0007,56d747897902ef08,pose_hand_context,,50949.5,2.84,,1,cam12/e1/v1,rtmpose_baseline
full,03.CCTV Mobile Usage.mkv,632de9ed55947761d56d4c6142a3cb1a1fe69d0b1a6d0e01a2e404c697962623,dfine_native,140583.0,keyboard,0.9192,962.12,451.91,1067.92,491.45,4182.9,105.79,39.54,2.676,False,,True,R-desk,46,evt_S-61_desk_work_surface_0007,cf9ece1f4d8544de,lap_bag_context,no_pose_observation,34560.0,1.33,,1,cam12/e1/v1,
full,03.CCTV Mobile Usage.mkv,632de9ed55947761d56d4c6142a3cb1a1fe69d0b1a6d0e01a2e404c697962623,dfine_native,140583.0,unknown_object,0.6454,699.93,396.18,843.39,492.4,13802.8,143.46,96.21,1.491,False,,True,R-desk,46,evt_S-61_desk_work_surface_0007,cf9ece1f4d8544de,lap_bag_context,no_pose_observation,34560.0,1.33,,1,cam12/e1/v1,
full,03.CCTV Mobile Usage.mkv,632de9ed55947761d56d4c6142a3cb1a1fe69d0b1a6d0e01a2e404c697962623,dfine_native,140583.0,monitor_or_bezel,0.6235,1019.27,395.92,1145.44,447.7,6533.3,126.17,51.78,2.436,False,,True,R-desk,46,evt_S-61_desk_work_surface_0007,cf9ece1f4d8544de,lap_bag_context,no_pose_observation,34560.0,1.33,,1,cam12/e1/v1,
full,03.CCTV Mobile Usage.mkv,632de9ed55947761d56d4c6142a3cb1a1fe69d0b1a6d0e01a2e404c697962623,dfine_native,140583.0,keyboard,0.5387,802.45,396.19,870.9,420.65,1674.0,68.45,24.46,2.799,False,,True,R-desk,46,evt_S-61_desk_work_surface_0007,cf9ece1f4d8544de,lap_bag_context,no_pose_observation,34560.0,1.33,,1,cam12/e1/v1,
full,03.CCTV Mobile Usage.mkv,632de9ed55947761d56d4c6142a3cb1a1fe69d0b1a6d0e01a2e404c697962623,dfine_native,140583.0,unknown_object,0.4239,700.01,396.17,773.47,492.08,7044.9,73.46,95.91,0.766,False,,True,R-desk,46,evt_S-61_desk_work_surface_0007,cf9ece1f4d8544de,lap_bag_context,no_pose_observation,34560.0,1.33,,1,cam12/e1/v1,
full,03.CCTV Mobile Usage.mkv,632de9ed55947761d56d4c6142a3cb1a1fe69d0b1a6d0e01a2e404c697962623,dfine_native,140583.0,monitor_or_bezel,0.4147,1015.01,395.97,1146.78,488.28,12164.1,131.77,92.32,1.427,False,,True,R-desk,46,evt_S-61_desk_work_surface_0007,cf9ece1f4d8544de,lap_bag_context,no_pose_observation,34560.0,1.33,,1,cam12/e1/v1,
full,03.CCTV Mobile Usage.mkv,632de9ed55947761d56d4c6142a3cb1a1fe69d0b1a6d0e01a2e404c697962623,dfine_native,140583.0,mouse,0.3189,967.26,398.35,992.04,410.52,301.7,24.77,12.18,2.035,False,,True,R-desk,46,evt_S-61_desk_work_surface_0007,cf9ece1f4d8544de,lap_bag_context,no_pose_observation,34560.0,1.33,,1,cam12/e1/v1,
full,03.CCTV Mobile Usage.mkv,632de9ed55947761d56d4c6142a3cb1a1fe69d0b1a6d0e01a2e404c697962623,dfine_native,140583.0,mouse,0.5927,864.79,413.71,892.15,435.06,584.1,27.36,21.35,1.282,False,,True,R-desk,46,evt_S-61_desk_work_surface_0007,cf9ece1f4d8544de,lap_bag_context,no_pose_observation,34560.0,1.33,,1,cam12/e1/v1,
full,03.CCTV Mobile Usage.mkv,632de9ed55947761d56d4c6142a3cb1a1fe69d0b1a6d0e01a2e404c697962623,dfine_native,140583.0,unknown_object,0.3444,700.08,396.33,756.48,491.12,5346.3,56.4,94.79,0.595,False,,True,R-desk,46,evt_S-61_desk_work_surface_0007,cf9ece1f4d8544de,lap_bag_context,no_pose_observation,34560.0,1.33,,1,cam12/e1/v1,
full,03.CCTV Mobile Usage.mkv,632de9ed55947761d56d4c6142a3cb1a1fe69d0b1a6d0e01a2e404c697962623,dfine_native,140867.0,stationery,0.3256,44.2,498.99,178.47,588.58,12028.6,134.27,89.59,1.499,False,,True,S-61,38,evt_S-61_upper_body_0022,4de764fefa842d4a,pose_hand_context,,51130.3,2.83,,1,cam12/e1/v1,rtmpose_baseline
full,03.CCTV Mobile Usage.mkv,632de9ed55947761d56d4c6142a3cb1a1fe69d0b1a6d0e01a2e404c697962623,dfine_native,140867.0,unknown_object,0.4411,18.3,492.23,237.82,615.51,27061.3,219.52,123.28,1.781,False,,True,S-61,38,evt_S-61_upper_body_0022,4de764fefa842d4a,pose_hand_context,,51130.3,2.83,,1,cam12/e1/v1,rtmpose_baseline
full,03.CCTV Mobile Usage.mkv,632de9ed55947761d56d4c6142a3cb1a1fe69d0b1a6d0e01a2e404c697962623,dfine_native,140867.0,unknown_object,0.2689,18.27,492.31,187.32,614.92,20727.9,169.05,122.61,1.379,False,,True,S-61,38,evt_S-61_upper_body_0022,4de764fefa842d4a,pose_hand_context,,51130.3,2.83,,1,cam12/e1/v1,rtmpose_baseline
full,03.CCTV Mobile Usage.mkv,632de9ed55947761d56d4c6142a3cb1a1fe69d0b1a6d0e01a2e404c697962623,dfine_native,140867.0,unknown_object,0.328,18.16,390.31,243.77,615.19,50735.7,225.61,224.88,1.003,False,,True,S-61,38,evt_S-61_upper_body_0022,4de764fefa842d4a,pose_hand_context,,51130.3,2.83,,1,cam12/e1/v1,rtmpose_baseline
full,03.CCTV Mobile Usage.mkv,632de9ed55947761d56d4c6142a3cb1a1fe69d0b1a6d0e01a2e404c697962623,dfine_native,140867.0,unknown_object,0.2595,18.04,389.03,137.9,497.65,13019.2,119.85,108.63,1.103,False,,True,S-61,38,evt_S-61_upper_body_0022,4de764fefa842d4a,pose_hand_context,,51130.3,2.83,,1,cam12/e1/v1,rtmpose_baseline
full,03.CCTV Mobile Usage.mkv,632de9ed55947761d56d4c6142a3cb1a1fe69d0b1a6d0e01a2e404c697962623,dfine_native,140867.0,unknown_object,0.2804,18.01,389.17,129.45,497.41,12062.3,111.44,108.24,1.03,False,,True,S-61,38,evt_S-61_upper_body_0022,4de764fefa842d4a,pose_hand_context,,51130.3,2.83,,1,cam12/e1/v1,rtmpose_baseline
full,03.CCTV Mobile Usage.mkv,632de9ed55947761d56d4c6142a3cb1a1fe69d0b1a6d0e01a2e404c697962623,dfine_native,140867.0,unknown_object,0.2622,18.16,404.36,236.78,615.1,46072.6,218.62,210.75,1.037,False,,True,S-61,38,evt_S-61_upper_body_0022,4de764fefa842d4a,pose_hand_context,,51130.3,2.83,,1,cam12/e1/v1,rtmpose_baseline
full,03.CCTV Mobile Usage.mkv,632de9ed55947761d56d4c6142a3cb1a1fe69d0b1a6d0e01a2e404c697962623,dfine_native,140867.0,unknown_object,0.253,18.26,493.06,131.04,615.15,13769.1,112.78,122.09,0.924,False,,True,S-61,38,evt_S-61_upper_body_0022,4de764fefa842d4a,pose_hand_context,,51130.3,2.83,,1,cam12/e1/v1,rtmpose_baseline
full,03.CCTV Mobile Usage.mkv,632de9ed55947761d56d4c6142a3cb1a1fe69d0b1a6d0e01a2e404c697962623,dfine_native,141083.0,unknown_object,0.6255,-0.28,492.67,157.03,610.46,18530.5,157.32,117.79,1.336,False,,True,S-61,38,evt_S-61_desk_work_surface_0007,757967f29bf2c206,pose_hand_context,,34604.5,2.92,,1,cam12/e1/v1,rtmpose_baseline
full,03.CCTV Mobile Usage.mkv,632de9ed55947761d56d4c6142a3cb1a1fe69d0b1a6d0e01a2e404c697962623,dfine_native,141083.0,unknown_object,0.2622,-0.18,399.63,84.44,498.54,8369.1,84.61,98.91,0.855,False,,True,S-61,38,evt_S-61_desk_work_surface_0007,757967f29bf2c206,pose_hand_context,,34604.5,2.92,,1,cam12/e1/v1,rtmpose_baseline
full,03.CCTV Mobile Usage.mkv,632de9ed55947761d56d4c6142a3cb1a1fe69d0b1a6d0e01a2e404c697962623,dfine_native,141083.0,unknown_object,0.2844,-0.17,392.14,125.96,499.05,13485.4,126.14,106.91,1.18,False,,True,S-61,38,evt_S-61_desk_work_surface_0007,757967f29bf2c206,pose_hand_context,,34604.5,2.92,,1,cam12/e1/v1,rtmpose_baseline
full,03.CCTV Mobile Usage.mkv,632de9ed55947761d56d4c6142a3cb1a1fe69d0b1a6d0e01a2e404c697962623,dfine_native,141083.0,unknown_object,0.2644,-0.25,393.09,157.15,610.26,34183.5,157.4,217.18,0.725,False,,True,S-61,38,evt_S-61_desk_work_surface_0007,757967f29bf2c206,pose_hand_context,,34604.5,2.92,,1,cam12/e1/v1,rtmpose_baseline
full,03.CCTV Mobile Usage.mkv,632de9ed55947761d56d4c6142a3cb1a1fe69d0b1a6d0e01a2e404c697962623,dfine_native,141083.0,unknown_object,0.2692,-0.04,493.93,101.83,610.24,11848.5,101.87,116.31,0.876,False,,True,S-61,38,evt_S-61_desk_work_surface_0007,757967f29bf2c206,pose_hand_context,,34604.5,2.92,,1,cam12/e1/v1,rtmpose_baseline
full,03.CCTV Mobile Usage.mkv,632de9ed55947761d56d4c6142a3cb1a1fe69d0b1a6d0e01a2e404c697962623,dfine_native,141367.0,keyboard,0.9178,962.11,451.92,1067.91,491.45,4182.7,105.79,39.54,2.676,False,,True,R-desk,46,evt_S-61_upper_body_0022,1c506fc8c9b80fc9,lap_bag_context,no_pose_observation,34560.0,1.33,,1,cam12/e1/v1,
full,03.CCTV Mobile Usage.mkv,632de9ed55947761d56d4c6142a3cb1a1fe69d0b1a6d0e01a2e404c697962623,dfine_native,141367.0,unknown_object,0.6374,699.94,396.18,843.36,492.3,13786.3,143.42,96.12,1.492,False,,True,R-desk,46,evt_S-61_upper_body_0022,1c506fc8c9b80fc9,lap_bag_context,no_pose_observation,34560.0,1.33,,1,cam12/e1/v1,
full,03.CCTV Mobile Usage.mkv,632de9ed55947761d56d4c6142a3cb1a1fe69d0b1a6d0e01a2e404c697962623,dfine_native,141367.0,monitor_or_bezel,0.6247,1019.33,395.93,1145.58,447.9,6560.8,126.25,51.97,2.429,False,,True,R-desk,46,evt_S-61_upper_body_0022,1c506fc8c9b80fc9,lap_bag_context,no_pose_observation,34560.0,1.33,,1,cam12/e1/v1,
full,03.CCTV Mobile Usage.mkv,632de9ed55947761d56d4c6142a3cb1a1fe69d0b1a6d0e01a2e404c697962623,dfine_native,141367.0,unknown_object,0.4604,700.01,396.18,773.91,492.1,7089.4,73.9,95.93,0.77,False,,True,R-desk,46,evt_S-61_upper_body_0022,1c506fc8c9b80fc9,lap_bag_context,no_pose_observation,34560.0,1.33,,1,cam12/e1/v1,
full,03.CCTV Mobile Usage.mkv,632de9ed55947761d56d4c6142a3cb1a1fe69d0b1a6d0e01a2e404c697962623,dfine_native,141367.0,keyboard,0.5289,802.49,396.19,870.86,420.64,1671.7,68.38,24.45,2.797,False,,True,R-desk,46,evt_S-61_upper_body_0022,1c506fc8c9b80fc9,lap_bag_context,no_pose_observation,34560.0,1.33,,1,cam12/e1/v1,
full,03.CCTV Mobile Usage.mkv,632de9ed55947761d56d4c6142a3cb1a1fe69d0b1a6d0e01a2e404c697962623,dfine_native,141367.0,monitor_or_bezel,0.4164,1015.43,395.98,1146.96,488.24,12135.6,131.53,92.26,1.426,False,,True,R-desk,46,evt_S-61_upper_body_0022,1c506fc8c9b80fc9,lap_bag_context,no_pose_observation,34560.0,1.33,,1,cam12/e1/v1,
full,03.CCTV Mobile Usage.mkv,632de9ed55947761d56d4c6142a3cb1a1fe69d0b1a6d0e01a2e404c697962623,dfine_native,141367.0,mouse,0.3272,967.26,398.34,992.08,410.55,303.1,24.82,12.21,2.032,False,,True,R-desk,46,evt_S-61_upper_body_0022,1c506fc8c9b80fc9,lap_bag_context,no_pose_observation,34560.0,1.33,,1,cam12/e1/v1,
full,03.CCTV Mobile Usage.mkv,632de9ed55947761d56d4c6142a3cb1a1fe69d0b1a6d0e01a2e404c697962623,dfine_native,141367.0,mouse,0.5884,864.81,413.72,892.13,435.13,585.2,27.32,21.42,1.276,False,,True,R-desk,46,evt_S-61_upper_body_0022,1c506fc8c9b80fc9,lap_bag_context,no_pose_observation,34560.0,1.33,,1,cam12/e1/v1,
full,03.CCTV Mobile Usage.mkv,632de9ed55947761d56d4c6142a3cb1a1fe69d0b1a6d0e01a2e404c697962623,dfine_native,141367.0,unknown_object,0.4132,700.06,396.29,756.86,491.26,5394.4,56.8,94.97,0.598,False,,True,R-desk,46,evt_S-61_upper_body_0022,1c506fc8c9b80fc9,lap_bag_context,no_pose_observation,34560.0,1.33,,1,cam12/e1/v1,
full,03.CCTV Mobile Usage.mkv,632de9ed55947761d56d4c6142a3cb1a1fe69d0b1a6d0e01a2e404c697962623,dfine_native,141367.0,unknown_object,0.2711,23.15,491.35,180.38,601.67,17345.6,157.23,110.32,1.425,False,,True,S-61,38,evt_S-61_upper_body_0022,4fc67dc5964adab3,pose_hand_context,,43664.3,3.06,,1,cam12/e1/v1,rtmpose_baseline
full,03.CCTV Mobile Usage.mkv,632de9ed55947761d56d4c6142a3cb1a1fe69d0b1a6d0e01a2e404c697962623,dfine_native,141367.0,unknown_object,0.2942,23.0,394.63,231.34,602.13,43231.7,208.34,207.51,1.004,False,,True,S-61,38,evt_S-61_upper_body_0022,4fc67dc5964adab3,pose_hand_context,,43664.3,3.06,,1,cam12/e1/v1,rtmpose_baseline
full,03.CCTV Mobile Usage.mkv,632de9ed55947761d56d4c6142a3cb1a1fe69d0b1a6d0e01a2e404c697962623,dfine_native,141367.0,unknown_object,0.3105,23.11,491.1,224.25,602.18,22341.8,201.14,111.08,1.811,False,,True,S-61,38,evt_S-61_upper_body_0022,4fc67dc5964adab3,pose_hand_context,,43664.3,3.06,,1,cam12/e1/v1,rtmpose_baseline
full,03.CCTV Mobile Usage.mkv,632de9ed55947761d56d4c6142a3cb1a1fe69d0b1a6d0e01a2e404c697962623,dfine_native,141583.0,stationery,0.5025,42.76,446.81,72.5,475.04,839.8,29.75,28.23,1.054,False,,True,S-61,38,evt_S-61_desk_work_surface_0007,7a25f2ac3f7f9292,pose_hand_context,,34638.0,3.4,,1,cam12/e1/v1,rtmpose_baseline
full,03.CCTV Mobile Usage.mkv,632de9ed55947761d56d4c6142a3cb1a1fe69d0b1a6d0e01a2e404c697962623,dfine_native,141583.0,unknown_object,0.2925,-0.12,433.89,182.65,517.45,15273.4,182.77,83.57,2.187,False,,True,S-61,38,evt_S-61_desk_work_surface_0007,7a25f2ac3f7f9292,pose_hand_context,,34638.0,3.4,,1,cam12/e1/v1,rtmpose_baseline
full,03.CCTV Mobile Usage.mkv,632de9ed55947761d56d4c6142a3cb1a1fe69d0b1a6d0e01a2e404c697962623,dfine_native,141583.0,unknown_object,0.3968,146.47,400.99,183.28,507.44,3918.2,36.81,106.45,0.346,False,,True,S-61,38,evt_S-61_desk_work_surface_0007,7a25f2ac3f7f9292,pose_hand_context,,34638.0,3.4,,1,cam12/e1/v1,rtmpose_baseline
full,03.CCTV Mobile Usage.mkv,632de9ed55947761d56d4c6142a3cb1a1fe69d0b1a6d0e01a2e404c697962623,dfine_native,141583.0,unknown_object,0.3961,-0.66,330.28,183.07,517.05,34314.9,183.73,186.77,0.984,False,,True,S-61,38,evt_S-61_desk_work_surface_0007,7a25f2ac3f7f9292,pose_hand_context,,34638.0,3.4,,1,cam12/e1/v1,rtmpose_baseline
full,03.CCTV Mobile Usage.mkv,632de9ed55947761d56d4c6142a3cb1a1fe69d0b1a6d0e01a2e404c697962623,dfine_native,141583.0,keyboard,0.3339,-0.38,441.66,49.59,500.13,2921.5,49.97,58.47,0.855,False,,True,S-61,38,evt_S-61_desk_work_surface_0007,7a25f2ac3f7f9292,pose_hand_context,,34638.0,3.4,,1,cam12/e1/v1,rtmpose_baseline
full,03.CCTV Mobile Usage.mkv,632de9ed55947761d56d4c6142a3cb1a1fe69d0b1a6d0e01a2e404c697962623,dfine_native,141867.0,unknown_object,0.4739,18.06,349.31,144.03,507.06,19871.8,125.97,157.75,0.799,False,,True,S-61,38,evt_S-61_upper_body_0022,8480df3c8367b923,pose_hand_context,,25287.4,4.02,,1,cam12/e1/v1,rtmpose_baseline
full,03.CCTV Mobile Usage.mkv,632de9ed55947761d56d4c6142a3cb1a1fe69d0b1a6d0e01a2e404c697962623,dfine_native,141867.0,unknown_object,0.2915,43.06,368.45,158.35,498.69,15015.6,115.29,130.24,0.885,False,,True,S-61,38,evt_S-61_upper_body_0022,8480df3c8367b923,pose_hand_context,,25287.4,4.02,,1,cam12/e1/v1,rtmpose_baseline
full,03.CCTV Mobile Usage.mkv,632de9ed55947761d56d4c6142a3cb1a1fe69d0b1a6d0e01a2e404c697962623,dfine_native,141867.0,unknown_object,0.2659,42.43,370.13,159.48,501.63,15392.4,117.05,131.51,0.89,False,,True,S-61,38,evt_S-61_upper_body_0022,8480df3c8367b923,pose_hand_context,,25287.4,4.02,,1,cam12/e1/v1,rtmpose_baseline
full,03.CCTV Mobile Usage.mkv,632de9ed55947761d56d4c6142a3cb1a1fe69d0b1a6d0e01a2e404c697962623,dfine_native,142083.0,unknown_object,0.3565,40.07,410.01,161.91,502.06,11215.1,121.84,92.04,1.324,False,,True,S-61,38,evt_S-61_desk_work_surface_0007,e48691d5f35f4844,pose_hand_context,,20073.2,4.52,,1,cam12/e1/v1,rtmpose_baseline
full,03.CCTV Mobile Usage.mkv,632de9ed55947761d56d4c6142a3cb1a1fe69d0b1a6d0e01a2e404c697962623,dfine_native,142083.0,stationery,0.2588,79.94,384.76,138.54,425.41,2382.5,58.6,40.65,1.442,False,,True,S-61,38,evt_S-61_desk_work_surface_0007,e48691d5f35f4844,pose_hand_context,,20073.2,4.52,,1,cam12/e1/v1,rtmpose_baseline
full,03.CCTV Mobile Usage.mkv,632de9ed55947761d56d4c6142a3cb1a1fe69d0b1a6d0e01a2e404c697962623,dfine_native,142083.0,unknown_object,0.2743,66.22,362.15,101.89,416.17,1927.3,35.67,54.02,0.66,False,,True,S-61,38,evt_S-61_desk_work_surface_0007,e48691d5f35f4844,pose_hand_context,,20073.2,4.52,,1,cam12/e1/v1,rtmpose_baseline
full,03.CCTV Mobile Usage.mkv,632de9ed55947761d56d4c6142a3cb1a1fe69d0b1a6d0e01a2e404c697962623,dfine_native,142083.0,unknown_object,0.2635,42.61,410.29,159.64,488.54,9157.2,117.04,78.24,1.496,False,,True,S-61,38,evt_S-61_desk_work_surface_0007,e48691d5f35f4844,pose_hand_context,,20073.2,4.52,,1,cam12/e1/v1,rtmpose_baseline
full,03.CCTV Mobile Usage.mkv,632de9ed55947761d56d4c6142a3cb1a1fe69d0b1a6d0e01a2e404c697962623,dfine_native,142083.0,unknown_object,0.3142,42.53,409.77,159.41,478.82,8070.4,116.88,69.05,1.693,False,,True,S-61,38,evt_S-61_desk_work_surface_0007,e48691d5f35f4844,pose_hand_context,,20073.2,4.52,,1,cam12/e1/v1,rtmpose_baseline
full,03.CCTV Mobile Usage.mkv,632de9ed55947761d56d4c6142a3cb1a1fe69d0b1a6d0e01a2e404c697962623,dfine_native,142583.0,unknown_object,0.51,39.31,413.95,151.15,474.05,6721.9,111.84,60.1,1.861,False,,True,S-61,38,evt_S-61_desk_work_surface_0007,5b6a897cc877e08e,pose_hand_context,,19521.7,4.58,,1,cam12/e1/v1,rtmpose_baseline
full,03.CCTV Mobile Usage.mkv,632de9ed55947761d56d4c6142a3cb1a1fe69d0b1a6d0e01a2e404c697962623,dfine_native,142583.0,unknown_object,0.2802,39.13,413.05,165.46,502.7,11324.3,126.32,89.65,1.409,False,,True,S-61,38,evt_S-61_desk_work_surface_0007,5b6a897cc877e08e,pose_hand_context,,19521.7,4.58,,1,cam12/e1/v1,rtmpose_baseline
full,03.CCTV Mobile Usage.mkv,632de9ed55947761d56d4c6142a3cb1a1fe69d0b1a6d0e01a2e404c697962623,dfine_native,156383.0,unknown_object,0.4414,103.44,351.66,256.62,500.99,22874.9,153.18,149.33,1.026,False,,True,S-61,47,evt_S-61_desk_work_surface_0008,10f4138e905a317a,pose_hand_context,,29343.7,3.74,,1,cam12/e1/v1,rtmpose_baseline
full,03.CCTV Mobile Usage.mkv,632de9ed55947761d56d4c6142a3cb1a1fe69d0b1a6d0e01a2e404c697962623,dfine_native,156383.0,unknown_object,0.3236,102.96,383.51,173.12,500.49,8207.5,70.16,116.98,0.6,False,,True,S-61,47,evt_S-61_desk_work_surface_0008,10f4138e905a317a,pose_hand_context,,29343.7,3.74,,1,cam12/e1/v1,rtmpose_baseline
full,03.CCTV Mobile Usage.mkv,632de9ed55947761d56d4c6142a3cb1a1fe69d0b1a6d0e01a2e404c697962623,dfine_native,156383.0,unknown_object,0.4071,102.99,364.91,172.98,500.24,9471.7,69.99,135.32,0.517,False,,True,S-61,47,evt_S-61_desk_work_surface_0008,10f4138e905a317a,pose_hand_context,,29343.7,3.74,,1,cam12/e1/v1,rtmpose_baseline
full,03.CCTV Mobile Usage.mkv,632de9ed55947761d56d4c6142a3cb1a1fe69d0b1a6d0e01a2e404c697962623,dfine_native,156383.0,unknown_object,0.3823,167.65,353.84,202.31,384.64,1067.9,34.67,30.81,1.125,False,,True,S-61,47,evt_S-61_desk_work_surface_0008,10f4138e905a317a,pose_hand_context,,29343.7,3.74,,1,cam12/e1/v1,rtmpose_baseline
full,03.CCTV Mobile Usage.mkv,632de9ed55947761d56d4c6142a3cb1a1fe69d0b1a6d0e01a2e404c697962623,dfine_native,156383.0,unknown_object,0.2851,102.96,355.22,208.2,500.88,15329.1,105.24,145.66,0.723,False,,True,S-61,47,evt_S-61_desk_work_surface_0008,10f4138e905a317a,pose_hand_context,,29343.7,3.74,,1,cam12/e1/v1,rtmpose_baseline
full,03.CCTV Mobile Usage.mkv,632de9ed55947761d56d4c6142a3cb1a1fe69d0b1a6d0e01a2e404c697962623,dfine_native,156383.0,unknown_object,0.3929,102.95,330.37,172.49,500.45,11828.8,69.55,170.08,0.409,False,,True,S-61,47,evt_S-61_desk_work_surface_0008,10f4138e905a317a,pose_hand_context,,29343.7,3.74,,1,cam12/e1/v1,rtmpose_baseline
full,03.CCTV Mobile Usage.mkv,632de9ed55947761d56d4c6142a3cb1a1fe69d0b1a6d0e01a2e404c697962623,dfine_native,156383.0,unknown_object,0.327,103.0,354.45,275.03,501.2,25246.1,172.04,146.75,1.172,False,,True,S-61,47,evt_S-61_desk_work_surface_0008,10f4138e905a317a,pose_hand_context,,29343.7,3.74,,1,cam12/e1/v1,rtmpose_baseline
full,03.CCTV Mobile Usage.mkv,632de9ed55947761d56d4c6142a3cb1a1fe69d0b1a6d0e01a2e404c697962623,dfine_native,156383.0,unknown_object,0.2877,103.04,419.0,174.41,501.14,5862.8,71.37,82.15,0.869,False,,True,S-61,47,evt_S-61_desk_work_surface_0008,10f4138e905a317a,pose_hand_context,,29343.7,3.74,,1,cam12/e1/v1,rtmpose_baseline
full,03.CCTV Mobile Usage.mkv,632de9ed55947761d56d4c6142a3cb1a1fe69d0b1a6d0e01a2e404c697962623,dfine_native,156383.0,unknown_object,0.3433,167.24,353.82,208.75,418.38,2679.3,41.5,64.55,0.643,False,,True,S-61,47,evt_S-61_desk_work_surface_0008,10f4138e905a317a,pose_hand_context,,29343.7,3.74,,1,cam12/e1/v1,rtmpose_baseline
full,03.CCTV Mobile Usage.mkv,632de9ed55947761d56d4c6142a3cb1a1fe69d0b1a6d0e01a2e404c697962623,dfine_native,156883.0,unknown_object,0.7996,109.1,319.35,308.8,517.83,39635.0,199.7,198.48,1.006,False,,True,S-61,47,evt_S-61_desk_work_surface_0008,5afc0e6ee54ac62d,pose_hand_context,,40104.1,3.2,,1,cam12/e1/v1,rtmpose_baseline
full,03.CCTV Mobile Usage.mkv,632de9ed55947761d56d4c6142a3cb1a1fe69d0b1a6d0e01a2e404c697962623,dfine_native,156883.0,unknown_object,0.4481,109.03,319.29,308.91,518.28,39773.7,199.88,198.99,1.004,False,,True,S-61,47,evt_S-61_desk_work_surface_0008,5afc0e6ee54ac62d,pose_hand_context,,40104.1,3.2,,1,cam12/e1/v1,rtmpose_baseline
full,03.CCTV Mobile Usage.mkv,632de9ed55947761d56d4c6142a3cb1a1fe69d0b1a6d0e01a2e404c697962623,dfine_native,156883.0,unknown_object,0.297,110.26,319.64,275.65,517.14,32663.7,165.39,197.5,0.837,False,,True,S-61,47,evt_S-61_desk_work_surface_0008,5afc0e6ee54ac62d,pose_hand_context,,40104.1,3.2,,1,cam12/e1/v1,rtmpose_baseline
full,03.CCTV Mobile Usage.mkv,632de9ed55947761d56d4c6142a3cb1a1fe69d0b1a6d0e01a2e404c697962623,dfine_native,156883.0,unknown_object,0.2646,109.14,320.0,241.91,516.69,26116.0,132.77,196.7,0.675,False,,True,S-61,47,evt_S-61_desk_work_surface_0008,5afc0e6ee54ac62d,pose_hand_context,,40104.1,3.2,,1,cam12/e1/v1,rtmpose_baseline
full,03.CCTV Mobile Usage.mkv,632de9ed55947761d56d4c6142a3cb1a1fe69d0b1a6d0e01a2e404c697962623,dfine_native,156883.0,unknown_object,0.2503,109.33,319.48,253.46,516.81,28442.2,144.14,197.33,0.73,False,,True,S-61,47,evt_S-61_desk_work_surface_0008,5afc0e6ee54ac62d,pose_hand_context,,40104.1,3.2,,1,cam12/e1/v1,rtmpose_baseline
full,03.CCTV Mobile Usage.mkv,632de9ed55947761d56d4c6142a3cb1a1fe69d0b1a6d0e01a2e404c697962623,dfine_native,157383.0,unknown_object,0.4262,153.94,493.48,207.43,568.9,4034.5,53.49,75.42,0.709,False,,True,S-61,47,evt_S-61_desk_work_surface_0008,eca9a6c02819dd2d,pose_hand_context,,38919.4,3.24,,1,cam12/e1/v1,rtmpose_baseline
full,03.CCTV Mobile Usage.mkv,632de9ed55947761d56d4c6142a3cb1a1fe69d0b1a6d0e01a2e404c697962623,dfine_native,157883.0,phone,0.3433,174.86,538.5,214.39,576.38,1497.8,39.53,37.89,1.043,False,,True,S-61,47,evt_S-61_desk_work_surface_0008,0b1e67ba248759a7,pose_hand_context,,50122.3,2.86,,1,cam12/e1/v1,rtmpose_baseline
full,03.CCTV Mobile Usage.mkv,632de9ed55947761d56d4c6142a3cb1a1fe69d0b1a6d0e01a2e404c697962623,dfine_native,157883.0,stationery,0.2635,137.17,538.05,215.24,620.39,6428.9,78.07,82.35,0.948,False,,True,S-61,47,evt_S-61_desk_work_surface_0008,0b1e67ba248759a7,pose_hand_context,,50122.3,2.86,,1,cam12/e1/v1,rtmpose_baseline
full,03.CCTV Mobile Usage.mkv,632de9ed55947761d56d4c6142a3cb1a1fe69d0b1a6d0e01a2e404c697962623,dfine_native,157883.0,unknown_object,0.3576,137.24,488.82,359.93,653.01,36564.8,222.7,164.19,1.356,False,,True,S-61,47,evt_S-61_desk_work_surface_0008,0b1e67ba248759a7,pose_hand_context,,50122.3,2.86,,1,cam12/e1/v1,rtmpose_baseline
full,03.CCTV Mobile Usage.mkv,632de9ed55947761d56d4c6142a3cb1a1fe69d0b1a6d0e01a2e404c697962623,dfine_native,158383.0,unknown_object,0.3564,117.07,406.46,342.8,631.11,50710.7,225.74,224.65,1.005,False,,True,S-61,47,evt_S-61_desk_work_surface_0008,fceae00cd1315882,pose_hand_context,,51266.0,2.83,,1,cam12/e1/v1,rtmpose_baseline
full,03.CCTV Mobile Usage.mkv,632de9ed55947761d56d4c6142a3cb1a1fe69d0b1a6d0e01a2e404c697962623,dfine_native,158383.0,unknown_object,0.2984,117.2,456.02,195.04,526.24,5466.0,77.84,70.22,1.108,False,,True,S-61,47,evt_S-61_desk_work_surface_0008,fceae00cd1315882,pose_hand_context,,51266.0,2.83,,1,cam12/e1/v1,rtmpose_baseline
full,03.CCTV Mobile Usage.mkv,632de9ed55947761d56d4c6142a3cb1a1fe69d0b1a6d0e01a2e404c697962623,dfine_native,158383.0,unknown_object,0.3195,117.03,455.86,247.7,631.11,22898.5,130.66,175.25,0.746,False,,True,S-61,47,evt_S-61_desk_work_surface_0008,fceae00cd1315882,pose_hand_context,,51266.0,2.83,,1,cam12/e1/v1,rtmpose_baseline
full,03.CCTV Mobile Usage.mkv,632de9ed55947761d56d4c6142a3cb1a1fe69d0b1a6d0e01a2e404c697962623,dfine_native,158383.0,unknown_object,0.3572,117.15,406.37,249.56,631.11,29760.0,132.42,224.74,0.589,False,,True,S-61,47,evt_S-61_desk_work_surface_0008,fceae00cd1315882,pose_hand_context,,51266.0,2.83,,1,cam12/e1/v1,rtmpose_baseline
full,03.CCTV Mobile Usage.mkv,632de9ed55947761d56d4c6142a3cb1a1fe69d0b1a6d0e01a2e404c697962623,dfine_native,158883.0,secondary_paper_chit,0.2818,60.91,463.78,105.85,502.64,1746.3,44.94,38.86,1.157,False,,True,S-61,47,evt_S-61_desk_work_surface_0008,bc61e08c06a3809e,pose_hand_context,,33124.0,3.52,,1,cam12/e1/v1,rtmpose_baseline
full,03.CCTV Mobile Usage.mkv,632de9ed55947761d56d4c6142a3cb1a1fe69d0b1a6d0e01a2e404c697962623,dfine_native,159067.0,unknown_object,0.4115,70.55,344.3,192.76,496.89,18648.6,122.21,152.59,0.801,False,,True,S-61,47,evt_S-61_desk_work_surface_0009,082f9fd43fb18bb2,pose_hand_context,,31046.4,3.63,,1,cam12/e1/v1,rtmpose_baseline
full,03.CCTV Mobile Usage.mkv,632de9ed55947761d56d4c6142a3cb1a1fe69d0b1a6d0e01a2e404c697962623,dfine_native,159067.0,unknown_object,0.3424,68.85,344.34,193.2,455.08,13769.9,124.35,110.74,1.123,False,,True,S-61,47,evt_S-61_desk_work_surface_0009,082f9fd43fb18bb2,pose_hand_context,,31046.4,3.63,,1,cam12/e1/v1,rtmpose_baseline
full,03.CCTV Mobile Usage.mkv,632de9ed55947761d56d4c6142a3cb1a1fe69d0b1a6d0e01a2e404c697962623,dfine_native,159067.0,unknown_object,0.294,105.71,345.07,193.59,492.54,12959.5,87.88,147.47,0.596,False,,True,S-61,47,evt_S-61_desk_work_surface_0009,082f9fd43fb18bb2,pose_hand_context,,31046.4,3.63,,1,cam12/e1/v1,rtmpose_baseline
full,03.CCTV Mobile Usage.mkv,632de9ed55947761d56d4c6142a3cb1a1fe69d0b1a6d0e01a2e404c697962623,dfine_native,159067.0,unknown_object,0.393,66.37,344.27,192.58,501.46,19839.2,126.21,157.19,0.803,False,,True,S-61,47,evt_S-61_desk_work_surface_0009,082f9fd43fb18bb2,pose_hand_context,,31046.4,3.63,,1,cam12/e1/v1,rtmpose_baseline
full,03.CCTV Mobile Usage.mkv,632de9ed55947761d56d4c6142a3cb1a1fe69d0b1a6d0e01a2e404c697962623,dfine_native,159067.0,unknown_object,0.2929,66.16,344.29,191.69,513.48,21239.0,125.53,169.19,0.742,False,,True,S-61,47,evt_S-61_desk_work_surface_0009,082f9fd43fb18bb2,pose_hand_context,,31046.4,3.63,,1,cam12/e1/v1,rtmpose_baseline
full,03.CCTV Mobile Usage.mkv,632de9ed55947761d56d4c6142a3cb1a1fe69d0b1a6d0e01a2e404c697962623,dfine_native,159067.0,unknown_object,0.255,80.91,344.61,191.92,500.54,17310.1,111.01,155.94,0.712,False,,True,S-61,47,evt_S-61_desk_work_surface_0009,082f9fd43fb18bb2,pose_hand_context,,31046.4,3.63,,1,cam12/e1/v1,rtmpose_baseline
full,03.CCTV Mobile Usage.mkv,632de9ed55947761d56d4c6142a3cb1a1fe69d0b1a6d0e01a2e404c697962623,dfine_native,159383.0,unknown_object,0.4726,104.07,427.48,284.87,605.4,32168.1,180.8,177.92,1.016,False,,True,S-61,47,evt_S-61_desk_work_surface_0008,ccfbf889b0025c53,pose_hand_context,,32515.3,3.55,,1,cam12/e1/v1,rtmpose_baseline
full,03.CCTV Mobile Usage.mkv,632de9ed55947761d56d4c6142a3cb1a1fe69d0b1a6d0e01a2e404c697962623,dfine_native,159383.0,unknown_object,0.4125,104.09,428.06,221.47,605.25,20797.8,117.38,177.19,0.662,False,,True,S-61,47,evt_S-61_desk_work_surface_0008,ccfbf889b0025c53,pose_hand_context,,32515.3,3.55,,1,cam12/e1/v1,rtmpose_baseline
full,03.CCTV Mobile Usage.mkv,632de9ed55947761d56d4c6142a3cb1a1fe69d0b1a6d0e01a2e404c697962623,dfine_native,159383.0,unknown_object,0.3635,104.03,497.02,220.51,605.3,12612.2,116.48,108.27,1.076,False,,True,S-61,47,evt_S-61_desk_work_surface_0008,ccfbf889b0025c53,pose_hand_context,,32515.3,3.55,,1,cam12/e1/v1,rtmpose_baseline
full,03.CCTV Mobile Usage.mkv,632de9ed55947761d56d4c6142a3cb1a1fe69d0b1a6d0e01a2e404c697962623,dfine_native,159383.0,unknown_object,0.4137,139.39,446.73,181.27,484.25,1571.8,41.89,37.53,1.116,False,,True,S-61,47,evt_S-61_desk_work_surface_0008,ccfbf889b0025c53,pose_hand_context,,32515.3,3.55,,1,cam12/e1/v1,rtmpose_baseline
full,03.CCTV Mobile Usage.mkv,632de9ed55947761d56d4c6142a3cb1a1fe69d0b1a6d0e01a2e404c697962623,dfine_native,159383.0,unknown_object,0.3398,104.05,497.53,284.62,605.35,19470.1,180.57,107.82,1.675,False,,True,S-61,47,evt_S-61_desk_work_surface_0008,ccfbf889b0025c53,pose_hand_context,,32515.3,3.55,,1,cam12/e1/v1,rtmpose_baseline
full,03.CCTV Mobile Usage.mkv,632de9ed55947761d56d4c6142a3cb1a1fe69d0b1a6d0e01a2e404c697962623,dfine_native,159383.0,unknown_object,0.2872,196.86,568.49,284.88,605.68,3273.0,88.02,37.18,2.367,False,,True,S-61,47,evt_S-61_desk_work_surface_0008,ccfbf889b0025c53,pose_hand_context,,32515.3,3.55,,1,cam12/e1/v1,rtmpose_baseline
full,03.CCTV Mobile Usage.mkv,632de9ed55947761d56d4c6142a3cb1a1fe69d0b1a6d0e01a2e404c697962623,dfine_native,159383.0,unknown_object,0.2799,104.04,452.22,284.83,605.25,27666.4,180.79,153.03,1.181,False,,True,S-61,47,evt_S-61_desk_work_surface_0008,ccfbf889b0025c53,pose_hand_context,,32515.3,3.55,,1,cam12/e1/v1,rtmpose_baseline
full,03.CCTV Mobile Usage.mkv,632de9ed55947761d56d4c6142a3cb1a1fe69d0b1a6d0e01a2e404c697962623,dfine_native,159567.0,unknown_object,0.4164,106.13,427.37,287.83,608.15,32846.1,181.69,180.78,1.005,False,,True,S-61,47,evt_S-61_desk_work_surface_0009,d0b79c845c522756,pose_hand_context,,33247.9,3.51,,1,cam12/e1/v1,rtmpose_baseline
full,03.CCTV Mobile Usage.mkv,632de9ed55947761d56d4c6142a3cb1a1fe69d0b1a6d0e01a2e404c697962623,dfine_native,159567.0,unknown_object,0.3204,107.78,446.57,160.53,503.03,2978.4,52.75,56.47,0.934,False,,True,S-61,47,evt_S-61_desk_work_surface_0009,d0b79c845c522756,pose_hand_context,,33247.9,3.51,,1,cam12/e1/v1,rtmpose_baseline
full,03.CCTV Mobile Usage.mkv,632de9ed55947761d56d4c6142a3cb1a1fe69d0b1a6d0e01a2e404c697962623,dfine_native,159567.0,unknown_object,0.337,105.99,499.82,223.9,608.23,12783.7,117.91,108.42,1.088,False,,True,S-61,47,evt_S-61_desk_work_surface_0009,d0b79c845c522756,pose_hand_context,,33247.9,3.51,,1,cam12/e1/v1,rtmpose_baseline
full,03.CCTV Mobile Usage.mkv,632de9ed55947761d56d4c6142a3cb1a1fe69d0b1a6d0e01a2e404c697962623,dfine_native,159567.0,unknown_object,0.3517,106.89,427.23,185.91,503.52,6028.8,79.02,76.29,1.036,False,,True,S-61,47,evt_S-61_desk_work_surface_0009,d0b79c845c522756,pose_hand_context,,33247.9,3.51,,1,cam12/e1/v1,rtmpose_baseline
full,03.CCTV Mobile Usage.mkv,632de9ed55947761d56d4c6142a3cb1a1fe69d0b1a6d0e01a2e404c697962623,dfine_native,159567.0,unknown_object,0.2708,106.27,427.42,278.55,608.19,31143.1,172.29,180.77,0.953,False,,True,S-61,47,evt_S-61_desk_work_surface_0009,d0b79c845c522756,pose_hand_context,,33247.9,3.51,,1,cam12/e1/v1,rtmpose_baseline
full,03.CCTV Mobile Usage.mkv,632de9ed55947761d56d4c6142a3cb1a1fe69d0b1a6d0e01a2e404c697962623,dfine_native,159567.0,unknown_object,0.3252,106.03,499.95,287.78,608.49,19726.5,181.75,108.54,1.675,False,,True,S-61,47,evt_S-61_desk_work_surface_0009,d0b79c845c522756,pose_hand_context,,33247.9,3.51,,1,cam12/e1/v1,rtmpose_baseline
full,03.CCTV Mobile Usage.mkv,632de9ed55947761d56d4c6142a3cb1a1fe69d0b1a6d0e01a2e404c697962623,dfine_native,160067.0,bag,0.3601,75.65,382.86,160.15,438.1,4667.5,84.5,55.24,1.53,False,,True,S-61,47,evt_S-61_desk_work_surface_0009,caa78e1300eab2f7,pose_hand_context,,33841.3,3.48,,1,cam12/e1/v1,rtmpose_baseline
full,03.CCTV Mobile Usage.mkv,632de9ed55947761d56d4c6142a3cb1a1fe69d0b1a6d0e01a2e404c697962623,dfine_native,160067.0,unknown_object,0.5074,110.49,454.38,157.59,497.71,2040.4,47.1,43.32,1.087,False,,True,S-61,47,evt_S-61_desk_work_surface_0009,caa78e1300eab2f7,pose_hand_context,,33841.3,3.48,,1,cam12/e1/v1,rtmpose_baseline
full,03.CCTV Mobile Usage.mkv,632de9ed55947761d56d4c6142a3cb1a1fe69d0b1a6d0e01a2e404c697962623,dfine_native,160067.0,unknown_object,0.5226,101.76,431.2,158.04,498.18,3769.5,56.28,66.98,0.84,False,,True,S-61,47,evt_S-61_desk_work_surface_0009,caa78e1300eab2f7,pose_hand_context,,33841.3,3.48,,1,cam12/e1/v1,rtmpose_baseline
full,03.CCTV Mobile Usage.mkv,632de9ed55947761d56d4c6142a3cb1a1fe69d0b1a6d0e01a2e404c697962623,dfine_native,160067.0,unknown_object,0.3202,63.02,452.64,103.17,508.31,2235.0,40.15,55.67,0.721,False,,True,S-61,47,evt_S-61_desk_work_surface_0009,caa78e1300eab2f7,pose_hand_context,,33841.3,3.48,,1,cam12/e1/v1,rtmpose_baseline
full,03.CCTV Mobile Usage.mkv,632de9ed55947761d56d4c6142a3cb1a1fe69d0b1a6d0e01a2e404c697962623,dfine_native,160067.0,unknown_object,0.4339,63.0,452.99,101.22,502.14,1878.4,38.21,49.16,0.777,False,,True,S-61,47,evt_S-61_desk_work_surface_0009,caa78e1300eab2f7,pose_hand_context,,33841.3,3.48,,1,cam12/e1/v1,rtmpose_baseline
full,03.CCTV Mobile Usage.mkv,632de9ed55947761d56d4c6142a3cb1a1fe69d0b1a6d0e01a2e404c697962623,dfine_native,160067.0,unknown_object,0.3027,101.58,430.75,181.89,498.6,5449.1,80.31,67.85,1.184,False,,True,S-61,47,evt_S-61_desk_work_surface_0009,caa78e1300eab2f7,pose_hand_context,,33841.3,3.48,,1,cam12/e1/v1,rtmpose_baseline
full,03.CCTV Mobile Usage.mkv,632de9ed55947761d56d4c6142a3cb1a1fe69d0b1a6d0e01a2e404c697962623,dfine_native,160067.0,unknown_object,0.2782,62.85,450.58,132.13,508.53,4015.0,69.29,57.95,1.196,False,,True,S-61,47,evt_S-61_desk_work_surface_0009,caa78e1300eab2f7,pose_hand_context,,33841.3,3.48,,1,cam12/e1/v1,rtmpose_baseline
full,03.CCTV Mobile Usage.mkv,632de9ed55947761d56d4c6142a3cb1a1fe69d0b1a6d0e01a2e404c697962623,dfine_native,160067.0,unknown_object,0.2965,101.31,425.68,181.97,498.57,5879.0,80.66,72.88,1.107,False,,True,S-61,47,evt_S-61_desk_work_surface_0009,caa78e1300eab2f7,pose_hand_context,,33841.3,3.48,,1,cam12/e1/v1,rtmpose_baseline
full,03.CCTV Mobile Usage.mkv,632de9ed55947761d56d4c6142a3cb1a1fe69d0b1a6d0e01a2e404c697962623,dfine_native,160383.0,unknown_object,0.4899,145.17,447.7,184.18,478.42,1198.3,39.01,30.72,1.27,False,,True,S-61,47,evt_S-61_desk_work_surface_0008,6eb381d66ec56f06,pose_hand_context,,42074.2,3.12,,1,cam12/e1/v1,rtmpose_baseline
full,03.CCTV Mobile Usage.mkv,632de9ed55947761d56d4c6142a3cb1a1fe69d0b1a6d0e01a2e404c697962623,dfine_native,160383.0,bag,0.4048,73.4,381.22,162.32,428.84,4235.4,88.93,47.63,1.867,False,,True,S-61,47,evt_S-61_desk_work_surface_0008,6eb381d66ec56f06,pose_hand_context,,42074.2,3.12,,1,cam12/e1/v1,rtmpose_baseline
full,03.CCTV Mobile Usage.mkv,632de9ed55947761d56d4c6142a3cb1a1fe69d0b1a6d0e01a2e404c697962623,dfine_native,160383.0,bag,0.3372,72.62,368.09,163.0,428.83,5489.9,90.38,60.74,1.488,False,,True,S-61,47,evt_S-61_desk_work_surface_0008,6eb381d66ec56f06,pose_hand_context,,42074.2,3.12,,1,cam12/e1/v1,rtmpose_baseline
full,03.CCTV Mobile Usage.mkv,632de9ed55947761d56d4c6142a3cb1a1fe69d0b1a6d0e01a2e404c697962623,dfine_native,160383.0,unknown_object,0.2501,83.29,424.82,131.8,507.6,4015.8,48.51,82.78,0.586,False,,True,S-61,47,evt_S-61_desk_work_surface_0008,6eb381d66ec56f06,pose_hand_context,,42074.2,3.12,,1,cam12/e1/v1,rtmpose_baseline
full,03.CCTV Mobile Usage.mkv,632de9ed55947761d56d4c6142a3cb1a1fe69d0b1a6d0e01a2e404c697962623,dfine_native,160383.0,bag,0.323,72.1,367.51,171.94,429.05,6145.0,99.85,61.54,1.622,False,,True,S-61,47,evt_S-61_desk_work_surface_0008,6eb381d66ec56f06,pose_hand_context,,42074.2,3.12,,1,cam12/e1/v1,rtmpose_baseline
full,03.CCTV Mobile Usage.mkv,632de9ed55947761d56d4c6142a3cb1a1fe69d0b1a6d0e01a2e404c697962623,dfine_native,160383.0,unknown_object,0.2822,53.0,421.68,174.52,532.39,13452.4,121.51,110.71,1.098,False,,True,S-61,47,evt_S-61_desk_work_surface_0008,6eb381d66ec56f06,pose_hand_context,,42074.2,3.12,,1,cam12/e1/v1,rtmpose_baseline
full,03.CCTV Mobile Usage.mkv,632de9ed55947761d56d4c6142a3cb1a1fe69d0b1a6d0e01a2e404c697962623,dfine_native,160567.0,unknown_object,0.6213,69.11,495.63,217.9,594.83,14760.2,148.79,99.2,1.5,False,,True,S-61,47,evt_S-61_desk_work_surface_0009,6ed7507d34c26a69,pose_hand_context,,47987.3,2.92,,1,cam12/e1/v1,rtmpose_baseline
full,03.CCTV Mobile Usage.mkv,632de9ed55947761d56d4c6142a3cb1a1fe69d0b1a6d0e01a2e404c697962623,dfine_native,160567.0,phone,0.5533,107.29,468.36,136.88,483.64,452.1,29.59,15.28,1.936,False,,True,S-61,47,evt_S-61_desk_work_surface_0009,6ed7507d34c26a69,pose_hand_context,,47987.3,2.92,,1,cam12/e1/v1,rtmpose_baseline
full,03.CCTV Mobile Usage.mkv,632de9ed55947761d56d4c6142a3cb1a1fe69d0b1a6d0e01a2e404c697962623,dfine_native,160567.0,phone,0.3027,69.03,509.46,85.9,543.96,582.1,16.87,34.5,0.489,False,,True,S-61,47,evt_S-61_desk_work_surface_0009,6ed7507d34c26a69,pose_hand_context,,47987.3,2.92,,1,cam12/e1/v1,rtmpose_baseline
full,03.CCTV Mobile Usage.mkv,632de9ed55947761d56d4c6142a3cb1a1fe69d0b1a6d0e01a2e404c697962623,dfine_native,160567.0,phone,0.2972,123.57,446.45,148.6,467.56,528.5,25.04,21.11,1.186,False,,True,S-61,47,evt_S-61_desk_work_surface_0009,6ed7507d34c26a69,pose_hand_context,,47987.3,2.92,,1,cam12/e1/v1,rtmpose_baseline
full,03.CCTV Mobile Usage.mkv,632de9ed55947761d56d4c6142a3cb1a1fe69d0b1a6d0e01a2e404c697962623,dfine_native,160567.0,unknown_object,0.3914,69.18,378.78,221.01,594.67,32779.2,151.83,215.89,0.703,False,,True,S-61,47,evt_S-61_desk_work_surface_0009,6ed7507d34c26a69,pose_hand_context,,47987.3,2.92,,1,cam12/e1/v1,rtmpose_baseline
full,03.CCTV Mobile Usage.mkv,632de9ed55947761d56d4c6142a3cb1a1fe69d0b1a6d0e01a2e404c697962623,dfine_native,160567.0,phone,0.3222,100.05,458.51,136.75,483.81,928.3,36.69,25.3,1.45,False,,True,S-61,47,evt_S-61_desk_work_surface_0009,6ed7507d34c26a69,pose_hand_context,,47987.3,2.92,,1,cam12/e1/v1,rtmpose_baseline
full,03.CCTV Mobile Usage.mkv,632de9ed55947761d56d4c6142a3cb1a1fe69d0b1a6d0e01a2e404c697962623,dfine_native,160567.0,unknown_object,0.3887,69.17,400.52,217.92,594.48,28851.6,148.76,193.95,0.767,False,,True,S-61,47,evt_S-61_desk_work_surface_0009,6ed7507d34c26a69,pose_hand_context,,47987.3,2.92,,1,cam12/e1/v1,rtmpose_baseline
full,03.CCTV Mobile Usage.mkv,632de9ed55947761d56d4c6142a3cb1a1fe69d0b1a6d0e01a2e404c697962623,dfine_native,160567.0,unknown_object,0.4351,69.37,495.59,257.32,595.34,18747.5,187.95,99.75,1.884,False,,True,S-61,47,evt_S-61_desk_work_surface_0009,6ed7507d34c26a69,pose_hand_context,,47987.3,2.92,,1,cam12/e1/v1,rtmpose_baseline
full,03.CCTV Mobile Usage.mkv,632de9ed55947761d56d4c6142a3cb1a1fe69d0b1a6d0e01a2e404c697962623,dfine_native,160567.0,unknown_object,0.3466,69.2,494.83,287.56,595.38,21958.1,218.36,100.56,2.172,False,,True,S-61,47,evt_S-61_desk_work_surface_0009,6ed7507d34c26a69,pose_hand_context,,47987.3,2.92,,1,cam12/e1/v1,rtmpose_baseline
full,03.CCTV Mobile Usage.mkv,632de9ed55947761d56d4c6142a3cb1a1fe69d0b1a6d0e01a2e404c697962623,dfine_native,161067.0,phone,0.43,42.04,443.57,71.72,470.87,810.3,29.68,27.3,1.087,False,,True,S-61,47,evt_S-61_desk_work_surface_0009,ddae060e7fec4511,pose_hand_context,,57484.9,2.67,,1,cam12/e1/v1,rtmpose_baseline
full,03.CCTV Mobile Usage.mkv,632de9ed55947761d56d4c6142a3cb1a1fe69d0b1a6d0e01a2e404c697962623,dfine_native,161067.0,bag,0.3994,78.34,382.57,152.58,459.08,5679.8,74.24,76.51,0.97,False,,True,S-61,47,evt_S-61_desk_work_surface_0009,ddae060e7fec4511,pose_hand_context,,57484.9,2.67,,1,cam12/e1/v1,rtmpose_baseline
full,03.CCTV Mobile Usage.mkv,632de9ed55947761d56d4c6142a3cb1a1fe69d0b1a6d0e01a2e404c697962623,dfine_native,161067.0,bag,0.3327,73.93,341.33,165.89,459.16,10835.7,91.96,117.83,0.78,False,,True,S-61,47,evt_S-61_desk_work_surface_0009,ddae060e7fec4511,pose_hand_context,,57484.9,2.67,,1,cam12/e1/v1,rtmpose_baseline
full,03.CCTV Mobile Usage.mkv,632de9ed55947761d56d4c6142a3cb1a1fe69d0b1a6d0e01a2e404c697962623,dfine_native,161067.0,stationery,0.3364,144.74,503.5,185.58,522.34,769.6,40.84,18.84,2.167,False,,True,S-61,47,evt_S-61_desk_work_surface_0009,ddae060e7fec4511,pose_hand_context,,57484.9,2.67,,1,cam12/e1/v1,rtmpose_baseline
full,03.CCTV Mobile Usage.mkv,632de9ed55947761d56d4c6142a3cb1a1fe69d0b1a6d0e01a2e404c697962623,dfine_native,161067.0,stationery,0.2764,42.01,451.71,199.72,579.66,20178.9,157.71,127.95,1.233,False,,True,S-61,47,evt_S-61_desk_work_surface_0009,ddae060e7fec4511,pose_hand_context,,57484.9,2.67,,1,cam12/e1/v1,rtmpose_baseline
full,03.CCTV Mobile Usage.mkv,632de9ed55947761d56d4c6142a3cb1a1fe69d0b1a6d0e01a2e404c697962623,dfine_native,161067.0,stationery,0.3356,42.14,491.14,198.06,579.99,13853.9,155.93,88.85,1.755,False,,True,S-61,47,evt_S-61_desk_work_surface_0009,ddae060e7fec4511,pose_hand_context,,57484.9,2.67,,1,cam12/e1/v1,rtmpose_baseline
full,03.CCTV Mobile Usage.mkv,632de9ed55947761d56d4c6142a3cb1a1fe69d0b1a6d0e01a2e404c697962623,dfine_native,161067.0,bag,0.2574,42.69,341.23,156.08,459.11,13365.9,113.39,117.88,0.962,False,,True,S-61,47,evt_S-61_desk_work_surface_0009,ddae060e7fec4511,pose_hand_context,,57484.9,2.67,,1,cam12/e1/v1,rtmpose_baseline
full,03.CCTV Mobile Usage.mkv,632de9ed55947761d56d4c6142a3cb1a1fe69d0b1a6d0e01a2e404c697962623,dfine_native,161067.0,bag,0.2615,59.83,341.39,151.26,458.94,10748.3,91.43,117.55,0.778,False,,True,S-61,47,evt_S-61_desk_work_surface_0009,ddae060e7fec4511,pose_hand_context,,57484.9,2.67,,1,cam12/e1/v1,rtmpose_baseline
full,03.CCTV Mobile Usage.mkv,632de9ed55947761d56d4c6142a3cb1a1fe69d0b1a6d0e01a2e404c697962623,dfine_native,161067.0,stationery,0.2552,42.12,435.18,80.99,471.2,1400.2,38.87,36.02,1.079,False,,True,S-61,47,evt_S-61_desk_work_surface_0009,ddae060e7fec4511,pose_hand_context,,57484.9,2.67,,1,cam12/e1/v1,rtmpose_baseline
full,03.CCTV Mobile Usage.mkv,632de9ed55947761d56d4c6142a3cb1a1fe69d0b1a6d0e01a2e404c697962623,dfine_native,161067.0,stationery,0.2745,145.44,503.84,185.54,519.0,607.9,40.1,15.16,2.645,False,,True,S-61,47,evt_S-61_desk_work_surface_0009,ddae060e7fec4511,pose_hand_context,,57484.9,2.67,,1,cam12/e1/v1,rtmpose_baseline
full,03.CCTV Mobile Usage.mkv,632de9ed55947761d56d4c6142a3cb1a1fe69d0b1a6d0e01a2e404c697962623,dfine_native,161567.0,bag,0.4496,75.77,382.65,157.17,459.28,6237.2,81.39,76.63,1.062,False,,True,S-61,47,evt_S-61_desk_work_surface_0009,11ed36a95f7418c3,pose_hand_context,,53768.3,2.76,,1,cam12/e1/v1,rtmpose_baseline
full,03.CCTV Mobile Usage.mkv,632de9ed55947761d56d4c6142a3cb1a1fe69d0b1a6d0e01a2e404c697962623,dfine_native,161567.0,phone,0.3302,44.0,443.7,71.87,471.26,768.2,27.87,27.56,1.011,False,,True,S-61,47,evt_S-61_desk_work_surface_0009,11ed36a95f7418c3,pose_hand_context,,53768.3,2.76,,1,cam12/e1/v1,rtmpose_baseline
full,03.CCTV Mobile Usage.mkv,632de9ed55947761d56d4c6142a3cb1a1fe69d0b1a6d0e01a2e404c697962623,dfine_native,161567.0,unknown_object,0.4278,43.9,452.88,196.84,560.12,16401.4,152.94,107.24,1.426,False,,True,S-61,47,evt_S-61_desk_work_surface_0009,11ed36a95f7418c3,pose_hand_context,,53768.3,2.76,,1,cam12/e1/v1,rtmpose_baseline
full,03.CCTV Mobile Usage.mkv,632de9ed55947761d56d4c6142a3cb1a1fe69d0b1a6d0e01a2e404c697962623,dfine_native,161567.0,unknown_object,0.2598,44.24,329.18,108.9,395.76,4305.6,64.66,66.58,0.971,False,,True,S-61,47,evt_S-61_desk_work_surface_0009,11ed36a95f7418c3,pose_hand_context,,53768.3,2.76,,1,cam12/e1/v1,rtmpose_baseline
full,03.CCTV Mobile Usage.mkv,632de9ed55947761d56d4c6142a3cb1a1fe69d0b1a6d0e01a2e404c697962623,dfine_native,161567.0,stationery,0.3104,151.18,525.3,187.03,542.82,628.5,35.86,17.53,2.046,False,,True,S-61,47,evt_S-61_desk_work_surface_0009,11ed36a95f7418c3,pose_hand_context,,53768.3,2.76,,1,cam12/e1/v1,rtmpose_baseline
full,03.CCTV Mobile Usage.mkv,632de9ed55947761d56d4c6142a3cb1a1fe69d0b1a6d0e01a2e404c697962623,dfine_native,161567.0,bag,0.2821,44.77,329.53,163.64,459.53,15452.8,118.87,130.0,0.914,False,,True,S-61,47,evt_S-61_desk_work_surface_0009,11ed36a95f7418c3,pose_hand_context,,53768.3,2.76,,1,cam12/e1/v1,rtmpose_baseline
full,03.CCTV Mobile Usage.mkv,632de9ed55947761d56d4c6142a3cb1a1fe69d0b1a6d0e01a2e404c697962623,dfine_native,161567.0,bag,0.4117,71.4,331.98,157.96,459.15,11008.6,86.57,127.17,0.681,False,,True,S-61,47,evt_S-61_desk_work_surface_0009,11ed36a95f7418c3,pose_hand_context,,53768.3,2.76,,1,cam12/e1/v1,rtmpose_baseline
full,03.CCTV Mobile Usage.mkv,632de9ed55947761d56d4c6142a3cb1a1fe69d0b1a6d0e01a2e404c697962623,dfine_native,161567.0,stationery,0.2677,44.13,487.87,194.94,560.36,10931.5,150.81,72.49,2.081,False,,True,S-61,47,evt_S-61_desk_work_surface_0009,11ed36a95f7418c3,pose_hand_context,,53768.3,2.76,,1,cam12/e1/v1,rtmpose_baseline
full,03.CCTV Mobile Usage.mkv,632de9ed55947761d56d4c6142a3cb1a1fe69d0b1a6d0e01a2e404c697962623,dfine_native,161567.0,bag,0.3134,44.46,329.76,157.06,459.25,14580.4,112.6,129.49,0.87,False,,True,S-61,47,evt_S-61_desk_work_surface_0009,11ed36a95f7418c3,pose_hand_context,,53768.3,2.76,,1,cam12/e1/v1,rtmpose_baseline
full,03.CCTV Mobile Usage.mkv,632de9ed55947761d56d4c6142a3cb1a1fe69d0b1a6d0e01a2e404c697962623,dfine_native,162067.0,unknown_object,0.5094,62.08,404.77,192.07,524.57,15573.2,129.99,119.8,1.085,False,,True,S-61,47,evt_S-61_desk_work_surface_0009,6b22d0f8c4e103be,pose_hand_context,,34566.2,3.44,,1,cam12/e1/v1,rtmpose_baseline
full,03.CCTV Mobile Usage.mkv,632de9ed55947761d56d4c6142a3cb1a1fe69d0b1a6d0e01a2e404c697962623,dfine_native,162067.0,unknown_object,0.363,62.03,382.03,192.4,524.67,18596.8,130.38,142.64,0.914,False,,True,S-61,47,evt_S-61_desk_work_surface_0009,6b22d0f8c4e103be,pose_hand_context,,34566.2,3.44,,1,cam12/e1/v1,rtmpose_baseline
full,03.CCTV Mobile Usage.mkv,632de9ed55947761d56d4c6142a3cb1a1fe69d0b1a6d0e01a2e404c697962623,dfine_native,162067.0,unknown_object,0.3298,62.07,456.97,191.68,524.91,8805.2,129.61,67.94,1.908,False,,True,S-61,47,evt_S-61_desk_work_surface_0009,6b22d0f8c4e103be,pose_hand_context,,34566.2,3.44,,1,cam12/e1/v1,rtmpose_baseline
full,03.CCTV Mobile Usage.mkv,632de9ed55947761d56d4c6142a3cb1a1fe69d0b1a6d0e01a2e404c697962623,dfine_native,162067.0,unknown_object,0.3447,62.12,359.03,192.28,524.63,21554.9,130.16,165.6,0.786,False,,True,S-61,47,evt_S-61_desk_work_surface_0009,6b22d0f8c4e103be,pose_hand_context,,34566.2,3.44,,1,cam12/e1/v1,rtmpose_baseline
full,03.CCTV Mobile Usage.mkv,632de9ed55947761d56d4c6142a3cb1a1fe69d0b1a6d0e01a2e404c697962623,dfine_native,162067.0,unknown_object,0.4157,62.05,341.38,192.45,524.7,23906.3,130.4,183.33,0.711,False,,True,S-61,47,evt_S-61_desk_work_surface_0009,6b22d0f8c4e103be,pose_hand_context,,34566.2,3.44,,1,cam12/e1/v1,rtmpose_baseline
full,03.CCTV Mobile Usage.mkv,632de9ed55947761d56d4c6142a3cb1a1fe69d0b1a6d0e01a2e404c697962623,dfine_native,162067.0,unknown_object,0.3135,62.06,340.81,206.86,524.83,26646.4,144.8,184.02,0.787,False,,True,S-61,47,evt_S-61_desk_work_surface_0009,6b22d0f8c4e103be,pose_hand_context,,34566.2,3.44,,1,cam12/e1/v1,rtmpose_baseline
full,03.CCTV Mobile Usage.mkv,632de9ed55947761d56d4c6142a3cb1a1fe69d0b1a6d0e01a2e404c697962623,dfine_native,162567.0,stationery,0.4587,45.99,443.04,71.85,470.93,721.4,25.86,27.89,0.927,False,,True,S-61,47,evt_S-61_desk_work_surface_0009,ced9094586e933d7,pose_hand_context,,36963.9,3.33,,1,cam12/e1/v1,rtmpose_baseline
full,03.CCTV Mobile Usage.mkv,632de9ed55947761d56d4c6142a3cb1a1fe69d0b1a6d0e01a2e404c697962623,dfine_native,162567.0,unknown_object,0.445,46.12,337.12,175.58,471.24,17363.1,129.46,134.12,0.965,False,,True,S-61,47,evt_S-61_desk_work_surface_0009,ced9094586e933d7,pose_hand_context,,36963.9,3.33,,1,cam12/e1/v1,rtmpose_baseline
full,03.CCTV Mobile Usage.mkv,632de9ed55947761d56d4c6142a3cb1a1fe69d0b1a6d0e01a2e404c697962623,dfine_native,162567.0,unknown_object,0.2789,93.27,412.59,177.38,470.77,4893.4,84.11,58.18,1.446,False,,True,S-61,47,evt_S-61_desk_work_surface_0009,ced9094586e933d7,pose_hand_context,,36963.9,3.33,,1,cam12/e1/v1,rtmpose_baseline
full,03.CCTV Mobile Usage.mkv,632de9ed55947761d56d4c6142a3cb1a1fe69d0b1a6d0e01a2e404c697962623,dfine_native,162567.0,unknown_object,0.4204,46.11,337.7,185.75,527.7,26531.0,139.64,190.0,0.735,False,,True,S-61,47,evt_S-61_desk_work_surface_0009,ced9094586e933d7,pose_hand_context,,36963.9,3.33,,1,cam12/e1/v1,rtmpose_baseline
full,03.CCTV Mobile Usage.mkv,632de9ed55947761d56d4c6142a3cb1a1fe69d0b1a6d0e01a2e404c697962623,dfine_native,162567.0,unknown_object,0.3192,46.12,359.51,183.58,527.63,23108.2,137.45,168.12,0.818,False,,True,S-61,47,evt_S-61_desk_work_surface_0009,ced9094586e933d7,pose_hand_context,,36963.9,3.33,,1,cam12/e1/v1,rtmpose_baseline
full,03.CCTV Mobile Usage.mkv,632de9ed55947761d56d4c6142a3cb1a1fe69d0b1a6d0e01a2e404c697962623,dfine_native,162567.0,unknown_object,0.3184,46.09,408.05,183.72,527.76,16475.4,137.63,119.71,1.15,False,,True,S-61,47,evt_S-61_desk_work_surface_0009,ced9094586e933d7,pose_hand_context,,36963.9,3.33,,1,cam12/e1/v1,rtmpose_baseline
full,03.CCTV Mobile Usage.mkv,632de9ed55947761d56d4c6142a3cb1a1fe69d0b1a6d0e01a2e404c697962623,dfine_native,163067.0,stationery,0.6441,108.5,469.82,161.29,498.02,1489.0,52.8,28.2,1.872,False,,True,S-61,47,evt_S-61_desk_work_surface_0009,02e5b799b1f5ee2b,pose_hand_context,,27615.8,3.85,,1,cam12/e1/v1,rtmpose_baseline
full,03.CCTV Mobile Usage.mkv,632de9ed55947761d56d4c6142a3cb1a1fe69d0b1a6d0e01a2e404c697962623,dfine_native,163067.0,unknown_object,0.5303,68.14,423.34,233.22,588.39,27246.2,165.08,165.05,1.0,False,,True,S-61,47,evt_S-61_desk_work_surface_0009,02e5b799b1f5ee2b,pose_hand_context,,27615.8,3.85,,1,cam12/e1/v1,rtmpose_baseline
full,03.CCTV Mobile Usage.mkv,632de9ed55947761d56d4c6142a3cb1a1fe69d0b1a6d0e01a2e404c697962623,dfine_native,163067.0,unknown_object,0.3027,68.08,495.73,211.13,588.5,13270.1,143.05,92.76,1.542,False,,True,S-61,47,evt_S-61_desk_work_surface_0009,02e5b799b1f5ee2b,pose_hand_context,,27615.8,3.85,,1,cam12/e1/v1,rtmpose_baseline
full,03.CCTV Mobile Usage.mkv,632de9ed55947761d56d4c6142a3cb1a1fe69d0b1a6d0e01a2e404c697962623,dfine_native,163067.0,unknown_object,0.3982,68.17,432.14,213.92,588.29,22758.5,145.75,156.15,0.933,False,,True,S-61,47,evt_S-61_desk_work_surface_0009,02e5b799b1f5ee2b,pose_hand_context,,27615.8,3.85,,1,cam12/e1/v1,rtmpose_baseline
full,03.CCTV Mobile Usage.mkv,632de9ed55947761d56d4c6142a3cb1a1fe69d0b1a6d0e01a2e404c697962623,dfine_native,163067.0,unknown_object,0.4958,68.11,423.46,210.17,588.26,23410.4,142.06,164.79,0.862,False,,True,S-61,47,evt_S-61_desk_work_surface_0009,02e5b799b1f5ee2b,pose_hand_context,,27615.8,3.85,,1,cam12/e1/v1,rtmpose_baseline
full,03.CCTV Mobile Usage.mkv,632de9ed55947761d56d4c6142a3cb1a1fe69d0b1a6d0e01a2e404c697962623,dfine_native,163067.0,stationery,0.2749,108.54,469.96,155.45,483.21,621.6,46.91,13.25,3.539,False,,True,S-61,47,evt_S-61_desk_work_surface_0009,02e5b799b1f5ee2b,pose_hand_context,,27615.8,3.85,,1,cam12/e1/v1,rtmpose_baseline
full,03.CCTV Mobile Usage.mkv,632de9ed55947761d56d4c6142a3cb1a1fe69d0b1a6d0e01a2e404c697962623,dfine_native,163067.0,stationery,0.3475,68.04,470.19,161.22,499.17,2700.4,93.18,28.98,3.215,False,,True,S-61,47,evt_S-61_desk_work_surface_0009,02e5b799b1f5ee2b,pose_hand_context,,27615.8,3.85,,1,cam12/e1/v1,rtmpose_baseline
full,03.CCTV Mobile Usage.mkv,632de9ed55947761d56d4c6142a3cb1a1fe69d0b1a6d0e01a2e404c697962623,dfine_native,163567.0,unknown_object,0.3899,67.01,493.48,202.4,578.32,11487.5,135.39,84.85,1.596,False,,True,S-61,47,evt_S-61_desk_work_surface_0009,1f396cf18f0c2c26,pose_hand_context,,26250.5,3.95,,1,cam12/e1/v1,rtmpose_baseline
full,03.CCTV Mobile Usage.mkv,632de9ed55947761d56d4c6142a3cb1a1fe69d0b1a6d0e01a2e404c697962623,dfine_native,163567.0,unknown_object,0.3015,67.08,417.38,228.74,578.33,26018.4,161.66,160.95,1.004,False,,True,S-61,47,evt_S-61_desk_work_surface_0009,1f396cf18f0c2c26,pose_hand_context,,26250.5,3.95,,1,cam12/e1/v1,rtmpose_baseline
full,03.CCTV Mobile Usage.mkv,632de9ed55947761d56d4c6142a3cb1a1fe69d0b1a6d0e01a2e404c697962623,dfine_native,163567.0,bag,0.3468,162.78,417.18,228.95,516.85,6594.3,66.16,99.67,0.664,False,,True,S-61,47,evt_S-61_desk_work_surface_0009,1f396cf18f0c2c26,pose_hand_context,,26250.5,3.95,,1,cam12/e1/v1,rtmpose_baseline
full,03.CCTV Mobile Usage.mkv,632de9ed55947761d56d4c6142a3cb1a1fe69d0b1a6d0e01a2e404c697962623,dfine_native,163567.0,unknown_object,0.2605,83.62,417.12,177.34,454.23,3477.2,93.71,37.1,2.526,False,,True,S-61,47,evt_S-61_desk_work_surface_0009,1f396cf18f0c2c26,pose_hand_context,,26250.5,3.95,,1,cam12/e1/v1,rtmpose_baseline
full,03.CCTV Mobile Usage.mkv,632de9ed55947761d56d4c6142a3cb1a1fe69d0b1a6d0e01a2e404c697962623,dfine_native,163567.0,unknown_object,0.2876,67.13,417.68,203.78,578.2,21934.4,136.65,160.52,0.851,False,,True,S-61,47,evt_S-61_desk_work_surface_0009,1f396cf18f0c2c26,pose_hand_context,,26250.5,3.95,,1,cam12/e1/v1,rtmpose_baseline
full,03.CCTV Mobile Usage.mkv,632de9ed55947761d56d4c6142a3cb1a1fe69d0b1a6d0e01a2e404c697962623,dfine_native,163567.0,keyboard,0.9136,962.14,452.0,1068.01,491.45,4176.5,105.87,39.45,2.684,False,,True,R-desk,48,evt_S-61_desk_work_surface_0009,32b15cb5482c05fc,lap_bag_context,no_pose_observation,34560.0,1.33,,1,cam12/e1/v1,
full,03.CCTV Mobile Usage.mkv,632de9ed55947761d56d4c6142a3cb1a1fe69d0b1a6d0e01a2e404c697962623,dfine_native,163567.0,monitor_or_bezel,0.6784,1018.89,395.84,1145.65,447.8,6585.6,126.76,51.95,2.44,False,,True,R-desk,48,evt_S-61_desk_work_surface_0009,32b15cb5482c05fc,lap_bag_context,no_pose_observation,34560.0,1.33,,1,cam12/e1/v1,
full,03.CCTV Mobile Usage.mkv,632de9ed55947761d56d4c6142a3cb1a1fe69d0b1a6d0e01a2e404c697962623,dfine_native,163567.0,unknown_object,0.5883,699.89,396.15,851.77,492.18,14585.2,151.88,96.03,1.582,False,,True,R-desk,48,evt_S-61_desk_work_surface_0009,32b15cb5482c05fc,lap_bag_context,no_pose_observation,34560.0,1.33,,1,cam12/e1/v1,
full,03.CCTV Mobile Usage.mkv,632de9ed55947761d56d4c6142a3cb1a1fe69d0b1a6d0e01a2e404c697962623,dfine_native,163567.0,unknown_object,0.4948,700.06,396.11,763.17,491.69,6032.8,63.12,95.58,0.66,False,,True,R-desk,48,evt_S-61_desk_work_surface_0009,32b15cb5482c05fc,lap_bag_context,no_pose_observation,34560.0,1.33,,1,cam12/e1/v1,
full,03.CCTV Mobile Usage.mkv,632de9ed55947761d56d4c6142a3cb1a1fe69d0b1a6d0e01a2e404c697962623,dfine_native,163567.0,keyboard,0.5182,802.64,396.3,870.6,420.6,1651.1,67.95,24.3,2.797,False,,True,R-desk,48,evt_S-61_desk_work_surface_0009,32b15cb5482c05fc,lap_bag_context,no_pose_observation,34560.0,1.33,,1,cam12/e1/v1,
full,03.CCTV Mobile Usage.mkv,632de9ed55947761d56d4c6142a3cb1a1fe69d0b1a6d0e01a2e404c697962623,dfine_native,163567.0,monitor_or_bezel,0.288,1014.09,395.85,1147.07,488.54,12326.3,132.99,92.69,1.435,False,,True,R-desk,48,evt_S-61_desk_work_surface_0009,32b15cb5482c05fc,lap_bag_context,no_pose_observation,34560.0,1.33,,1,cam12/e1/v1,
full,03.CCTV Mobile Usage.mkv,632de9ed55947761d56d4c6142a3cb1a1fe69d0b1a6d0e01a2e404c697962623,dfine_native,163567.0,phone,0.2804,1042.88,421.67,1113.28,474.19,3697.7,70.4,52.52,1.34,False,,True,R-desk,48,evt_S-61_desk_work_surface_0009,32b15cb5482c05fc,lap_bag_context,no_pose_observation,34560.0,1.33,,1,cam12/e1/v1,
full,03.CCTV Mobile Usage.mkv,632de9ed55947761d56d4c6142a3cb1a1fe69d0b1a6d0e01a2e404c697962623,dfine_native,163567.0,unknown_object,0.2819,699.95,396.0,782.26,492.36,7931.6,82.31,96.36,0.854,False,,True,R-desk,48,evt_S-61_desk_work_surface_0009,32b15cb5482c05fc,lap_bag_context,no_pose_observation,34560.0,1.33,,1,cam12/e1/v1,
full,03.CCTV Mobile Usage.mkv,632de9ed55947761d56d4c6142a3cb1a1fe69d0b1a6d0e01a2e404c697962623,dfine_native,163567.0,mouse,0.5663,864.74,413.92,892.08,435.16,580.6,27.33,21.24,1.287,False,,True,R-desk,48,evt_S-61_desk_work_surface_0009,32b15cb5482c05fc,lap_bag_context,no_pose_observation,34560.0,1.33,,1,cam12/e1/v1,
full,03.CCTV Mobile Usage.mkv,632de9ed55947761d56d4c6142a3cb1a1fe69d0b1a6d0e01a2e404c697962623,dfine_native,163567.0,mouse,0.3343,967.01,398.38,992.16,410.59,306.9,25.15,12.21,2.06,False,,True,R-desk,48,evt_S-61_desk_work_surface_0009,32b15cb5482c05fc,lap_bag_context,no_pose_observation,34560.0,1.33,,1,cam12/e1/v1,
full,03.CCTV Mobile Usage.mkv,632de9ed55947761d56d4c6142a3cb1a1fe69d0b1a6d0e01a2e404c697962623,dfine_native,163567.0,monitor_or_bezel,0.2584,881.3,396.16,948.74,452.59,3805.1,67.43,56.43,1.195,False,,True,R-desk,48,evt_S-61_desk_work_surface_0009,32b15cb5482c05fc,lap_bag_context,no_pose_observation,34560.0,1.33,,1,cam12/e1/v1,
full,03.CCTV Mobile Usage.mkv,632de9ed55947761d56d4c6142a3cb1a1fe69d0b1a6d0e01a2e404c697962623,dfine_native,163567.0,mouse,0.2758,990.58,399.4,1026.38,413.43,502.3,35.8,14.03,2.551,False,,True,R-desk,48,evt_S-61_desk_work_surface_0009,32b15cb5482c05fc,lap_bag_context,no_pose_observation,34560.0,1.33,,1,cam12/e1/v1,
full,03.CCTV Mobile Usage.mkv,632de9ed55947761d56d4c6142a3cb1a1fe69d0b1a6d0e01a2e404c697962623,dfine_native,164067.0,unknown_object,0.2546,50.01,488.7,182.79,553.64,8622.4,132.78,64.94,2.045,False,,True,S-61,47,evt_S-61_desk_work_surface_0009,b97de9aa69e74436,pose_hand_context,,24304.8,4.11,,1,cam12/e1/v1,rtmpose_baseline
full,03.CCTV Mobile Usage.mkv,632de9ed55947761d56d4c6142a3cb1a1fe69d0b1a6d0e01a2e404c697962623,dfine_native,164567.0,unknown_object,0.4521,52.07,419.41,226.55,592.97,30282.4,174.48,173.56,1.005,False,,True,S-61,47,evt_S-61_desk_work_surface_0009,1d121b800b98ded5,pose_hand_context,,30597.0,3.66,,1,cam12/e1/v1,rtmpose_baseline
full,03.CCTV Mobile Usage.mkv,632de9ed55947761d56d4c6142a3cb1a1fe69d0b1a6d0e01a2e404c697962623,dfine_native,164567.0,stationery,0.3131,105.9,435.14,161.36,500.79,3640.6,55.46,65.65,0.845,False,,True,S-61,47,evt_S-61_desk_work_surface_0009,1d121b800b98ded5,pose_hand_context,,30597.0,3.66,,1,cam12/e1/v1,rtmpose_baseline
full,03.CCTV Mobile Usage.mkv,632de9ed55947761d56d4c6142a3cb1a1fe69d0b1a6d0e01a2e404c697962623,dfine_native,164567.0,stationery,0.4504,52.01,443.57,71.59,471.5,547.0,19.59,27.93,0.701,False,,True,S-61,47,evt_S-61_desk_work_surface_0009,1d121b800b98ded5,pose_hand_context,,30597.0,3.66,,1,cam12/e1/v1,rtmpose_baseline
full,03.CCTV Mobile Usage.mkv,632de9ed55947761d56d4c6142a3cb1a1fe69d0b1a6d0e01a2e404c697962623,dfine_native,164567.0,stationery,0.2983,52.04,503.39,93.5,554.65,2124.8,41.46,51.26,0.809,False,,True,S-61,47,evt_S-61_desk_work_surface_0009,1d121b800b98ded5,pose_hand_context,,30597.0,3.66,,1,cam12/e1/v1,rtmpose_baseline
full,03.CCTV Mobile Usage.mkv,632de9ed55947761d56d4c6142a3cb1a1fe69d0b1a6d0e01a2e404c697962623,dfine_native,164567.0,unknown_object,0.271,52.05,496.52,210.73,593.01,15310.7,158.68,96.49,1.645,False,,True,S-61,47,evt_S-61_desk_work_surface_0009,1d121b800b98ded5,pose_hand_context,,30597.0,3.66,,1,cam12/e1/v1,rtmpose_baseline
full,03.CCTV Mobile Usage.mkv,632de9ed55947761d56d4c6142a3cb1a1fe69d0b1a6d0e01a2e404c697962623,dfine_native,164567.0,unknown_object,0.6603,52.14,419.07,211.47,592.95,27705.1,159.33,173.88,0.916,False,,True,S-61,47,evt_S-61_desk_work_surface_0009,1d121b800b98ded5,pose_hand_context,,30597.0,3.66,,1,cam12/e1/v1,rtmpose_baseline
full,03.CCTV Mobile Usage.mkv,632de9ed55947761d56d4c6142a3cb1a1fe69d0b1a6d0e01a2e404c697962623,dfine_native,165067.0,unknown_object,0.3493,57.01,392.37,207.62,542.22,22569.5,150.61,149.85,1.005,False,,True,S-61,47,evt_S-61_desk_work_surface_0009,395543345cad2d74,pose_hand_context,,22807.0,4.24,,1,cam12/e1/v1,rtmpose_baseline
full,03.CCTV Mobile Usage.mkv,632de9ed55947761d56d4c6142a3cb1a1fe69d0b1a6d0e01a2e404c697962623,dfine_native,165067.0,bag,0.4066,73.99,392.07,176.71,446.99,5642.0,102.73,54.92,1.87,False,,True,S-61,47,evt_S-61_desk_work_surface_0009,395543345cad2d74,pose_hand_context,,22807.0,4.24,,1,cam12/e1/v1,rtmpose_baseline
full,03.CCTV Mobile Usage.mkv,632de9ed55947761d56d4c6142a3cb1a1fe69d0b1a6d0e01a2e404c697962623,dfine_native,165067.0,stationery,0.3247,56.99,444.05,72.03,469.35,380.5,15.04,25.29,0.595,False,,True,S-61,47,evt_S-61_desk_work_surface_0009,395543345cad2d74,pose_hand_context,,22807.0,4.24,,1,cam12/e1/v1,rtmpose_baseline
full,03.CCTV Mobile Usage.mkv,632de9ed55947761d56d4c6142a3cb1a1fe69d0b1a6d0e01a2e404c697962623,dfine_native,165067.0,unknown_object,0.2873,82.92,403.78,192.12,507.34,11309.2,109.2,103.57,1.054,False,,True,S-61,47,evt_S-61_desk_work_surface_0009,395543345cad2d74,pose_hand_context,,22807.0,4.24,,1,cam12/e1/v1,rtmpose_baseline
full,03.CCTV Mobile Usage.mkv,632de9ed55947761d56d4c6142a3cb1a1fe69d0b1a6d0e01a2e404c697962623,dfine_native,165067.0,unknown_object,0.3192,57.15,393.29,174.4,542.28,17468.1,117.24,148.99,0.787,False,,True,S-61,47,evt_S-61_desk_work_surface_0009,395543345cad2d74,pose_hand_context,,22807.0,4.24,,1,cam12/e1/v1,rtmpose_baseline
full,03.CCTV Mobile Usage.mkv,632de9ed55947761d56d4c6142a3cb1a1fe69d0b1a6d0e01a2e404c697962623,dfine_native,165567.0,stationery,0.2756,58.99,444.21,72.13,468.28,316.3,13.14,24.07,0.546,False,,True,S-61,47,evt_S-61_desk_work_surface_0009,e9569c5385e099d9,pose_hand_context,,20822.5,4.44,,1,cam12/e1/v1,rtmpose_baseline
full,03.CCTV Mobile Usage.mkv,632de9ed55947761d56d4c6142a3cb1a1fe69d0b1a6d0e01a2e404c697962623,dfine_native,165567.0,unknown_object,0.3247,72.97,374.12,176.04,443.29,7129.5,103.07,69.17,1.49,False,,True,S-61,47,evt_S-61_desk_work_surface_0009,e9569c5385e099d9,pose_hand_context,,20822.5,4.44,,1,cam12/e1/v1,rtmpose_baseline
full,03.CCTV Mobile Usage.mkv,632de9ed55947761d56d4c6142a3cb1a1fe69d0b1a6d0e01a2e404c697962623,dfine_native,165567.0,unknown_object,0.392,72.6,374.09,202.88,449.08,9770.6,130.28,75.0,1.737,False,,True,S-61,47,evt_S-61_desk_work_surface_0009,e9569c5385e099d9,pose_hand_context,,20822.5,4.44,,1,cam12/e1/v1,rtmpose_baseline
full,03.CCTV Mobile Usage.mkv,632de9ed55947761d56d4c6142a3cb1a1fe69d0b1a6d0e01a2e404c697962623,dfine_native,165567.0,unknown_object,0.3155,71.81,374.3,202.83,498.45,16266.8,131.02,124.15,1.055,False,,True,S-61,47,evt_S-61_desk_work_surface_0009,e9569c5385e099d9,pose_hand_context,,20822.5,4.44,,1,cam12/e1/v1,rtmpose_baseline
full,03.CCTV Mobile Usage.mkv,632de9ed55947761d56d4c6142a3cb1a1fe69d0b1a6d0e01a2e404c697962623,dfine_native,165567.0,unknown_object,0.2665,86.21,374.05,202.96,494.79,14095.8,116.75,120.73,0.967,False,,True,S-61,47,evt_S-61_desk_work_surface_0009,e9569c5385e099d9,pose_hand_context,,20822.5,4.44,,1,cam12/e1/v1,rtmpose_baseline
full,03.CCTV Mobile Usage.mkv,632de9ed55947761d56d4c6142a3cb1a1fe69d0b1a6d0e01a2e404c697962623,dfine_native,166067.0,unknown_object,0.4431,87.02,374.35,230.93,527.65,22061.8,143.91,153.3,0.939,False,,True,S-61,47,evt_S-61_desk_work_surface_0009,0c7517c98226e31d,pose_hand_context,,25497.7,4.01,,1,cam12/e1/v1,rtmpose_baseline
full,03.CCTV Mobile Usage.mkv,632de9ed55947761d56d4c6142a3cb1a1fe69d0b1a6d0e01a2e404c697962623,dfine_native,166067.0,unknown_object,0.3414,124.87,467.26,161.61,529.27,2278.1,36.74,62.01,0.593,False,,True,S-61,47,evt_S-61_desk_work_surface_0009,0c7517c98226e31d,pose_hand_context,,25497.7,4.01,,1,cam12/e1/v1,rtmpose_baseline
full,03.CCTV Mobile Usage.mkv,632de9ed55947761d56d4c6142a3cb1a1fe69d0b1a6d0e01a2e404c697962623,dfine_native,166067.0,unknown_object,0.3043,155.13,494.46,187.37,532.95,1240.9,32.24,38.49,0.838,False,,True,S-61,47,evt_S-61_desk_work_surface_0009,0c7517c98226e31d,pose_hand_context,,25497.7,4.01,,1,cam12/e1/v1,rtmpose_baseline
full,03.CCTV Mobile Usage.mkv,632de9ed55947761d56d4c6142a3cb1a1fe69d0b1a6d0e01a2e404c697962623,dfine_native,166067.0,unknown_object,0.3474,127.01,467.57,160.75,503.54,1213.7,33.74,35.97,0.938,False,,True,S-61,47,evt_S-61_desk_work_surface_0009,0c7517c98226e31d,pose_hand_context,,25497.7,4.01,,1,cam12/e1/v1,rtmpose_baseline
full,03.CCTV Mobile Usage.mkv,632de9ed55947761d56d4c6142a3cb1a1fe69d0b1a6d0e01a2e404c697962623,dfine_native,166067.0,unknown_object,0.3034,126.51,467.74,160.5,523.02,1878.6,33.99,55.27,0.615,False,,True,S-61,47,evt_S-61_desk_work_surface_0009,0c7517c98226e31d,pose_hand_context,,25497.7,4.01,,1,cam12/e1/v1,rtmpose_baseline
full,03.CCTV Mobile Usage.mkv,632de9ed55947761d56d4c6142a3cb1a1fe69d0b1a6d0e01a2e404c697962623,dfine_native,166067.0,unknown_object,0.4044,73.36,374.16,230.9,510.46,21473.4,157.54,136.3,1.156,False,,True,S-61,47,evt_S-61_desk_work_surface_0009,0c7517c98226e31d,pose_hand_context,,25497.7,4.01,,1,cam12/e1/v1,rtmpose_baseline
full,03.CCTV Mobile Usage.mkv,632de9ed55947761d56d4c6142a3cb1a1fe69d0b1a6d0e01a2e404c697962623,dfine_native,166067.0,unknown_object,0.4232,94.73,374.15,230.95,510.05,18512.1,136.22,135.9,1.002,False,,True,S-61,47,evt_S-61_desk_work_surface_0009,0c7517c98226e31d,pose_hand_context,,25497.7,4.01,,1,cam12/e1/v1,rtmpose_baseline
full,03.CCTV Mobile Usage.mkv,632de9ed55947761d56d4c6142a3cb1a1fe69d0b1a6d0e01a2e404c697962623,dfine_native,166067.0,unknown_object,0.3393,95.38,374.24,230.95,531.9,21375.6,135.57,157.67,0.86,False,,True,S-61,47,evt_S-61_desk_work_surface_0009,0c7517c98226e31d,pose_hand_context,,25497.7,4.01,,1,cam12/e1/v1,rtmpose_baseline
full,03.CCTV Mobile Usage.mkv,632de9ed55947761d56d4c6142a3cb1a1fe69d0b1a6d0e01a2e404c697962623,dfine_native,166567.0,unknown_object,0.3541,164.06,469.4,325.91,628.49,25748.5,161.85,159.09,1.017,False,,True,S-61,47,evt_S-61_desk_work_surface_0009,88f0eaccb47f92a6,pose_hand_context,,26218.1,3.95,,1,cam12/e1/v1,rtmpose_baseline
full,03.CCTV Mobile Usage.mkv,632de9ed55947761d56d4c6142a3cb1a1fe69d0b1a6d0e01a2e404c697962623,dfine_native,166567.0,unknown_object,0.3675,164.07,471.0,239.23,628.38,11829.7,75.17,157.38,0.478,False,,True,S-61,47,evt_S-61_desk_work_surface_0009,88f0eaccb47f92a6,pose_hand_context,,26218.1,3.95,,1,cam12/e1/v1,rtmpose_baseline
full,03.CCTV Mobile Usage.mkv,632de9ed55947761d56d4c6142a3cb1a1fe69d0b1a6d0e01a2e404c697962623,dfine_native,166567.0,unknown_object,0.2509,164.09,511.59,325.94,628.56,18931.0,161.85,116.97,1.384,False,,True,S-61,47,evt_S-61_desk_work_surface_0009,88f0eaccb47f92a6,pose_hand_context,,26218.1,3.95,,1,cam12/e1/v1,rtmpose_baseline
full,03.CCTV Mobile Usage.mkv,632de9ed55947761d56d4c6142a3cb1a1fe69d0b1a6d0e01a2e404c697962623,dfine_native,167067.0,unknown_object,0.4806,130.02,464.17,158.46,527.62,1804.2,28.44,63.44,0.448,False,,True,S-61,47,evt_S-61_desk_work_surface_0009,d38e7e1208f0e995,pose_hand_context,,31598.6,3.6,,1,cam12/e1/v1,rtmpose_baseline
full,03.CCTV Mobile Usage.mkv,632de9ed55947761d56d4c6142a3cb1a1fe69d0b1a6d0e01a2e404c697962623,dfine_native,167067.0,unknown_object,0.5043,130.05,454.35,307.87,631.0,31410.7,177.82,176.65,1.007,False,,True,S-61,47,evt_S-61_desk_work_surface_0009,d38e7e1208f0e995,pose_hand_context,,31598.6,3.6,,1,cam12/e1/v1,rtmpose_baseline
full,03.CCTV Mobile Usage.mkv,632de9ed55947761d56d4c6142a3cb1a1fe69d0b1a6d0e01a2e404c697962623,dfine_native,167067.0,unknown_object,0.3995,129.98,525.86,242.35,630.76,11786.6,112.36,104.9,1.071,False,,True,S-61,47,evt_S-61_desk_work_surface_0009,d38e7e1208f0e995,pose_hand_context,,31598.6,3.6,,1,cam12/e1/v1,rtmpose_baseline
full,03.CCTV Mobile Usage.mkv,632de9ed55947761d56d4c6142a3cb1a1fe69d0b1a6d0e01a2e404c697962623,dfine_native,167067.0,unknown_object,0.3929,130.05,464.36,156.3,503.11,1016.9,26.24,38.75,0.677,False,,True,S-61,47,evt_S-61_desk_work_surface_0009,d38e7e1208f0e995,pose_hand_context,,31598.6,3.6,,1,cam12/e1/v1,rtmpose_baseline
full,03.CCTV Mobile Usage.mkv,632de9ed55947761d56d4c6142a3cb1a1fe69d0b1a6d0e01a2e404c697962623,dfine_native,167067.0,unknown_object,0.2854,130.08,513.74,307.85,631.36,20910.3,177.77,117.62,1.511,False,,True,S-61,47,evt_S-61_desk_work_surface_0009,d38e7e1208f0e995,pose_hand_context,,31598.6,3.6,,1,cam12/e1/v1,rtmpose_baseline
full,03.CCTV Mobile Usage.mkv,632de9ed55947761d56d4c6142a3cb1a1fe69d0b1a6d0e01a2e404c697962623,dfine_native,167067.0,unknown_object,0.2605,203.44,562.81,307.96,631.2,7148.2,104.51,68.4,1.528,False,,True,S-61,47,evt_S-61_desk_work_surface_0009,d38e7e1208f0e995,pose_hand_context,,31598.6,3.6,,1,cam12/e1/v1,rtmpose_baseline
full,03.CCTV Mobile Usage.mkv,632de9ed55947761d56d4c6142a3cb1a1fe69d0b1a6d0e01a2e404c697962623,dfine_native,167067.0,unknown_object,0.297,130.07,524.9,307.84,631.33,18919.5,177.77,106.43,1.67,False,,True,S-61,47,evt_S-61_desk_work_surface_0009,d38e7e1208f0e995,pose_hand_context,,31598.6,3.6,,1,cam12/e1/v1,rtmpose_baseline
full,03.CCTV Mobile Usage.mkv,632de9ed55947761d56d4c6142a3cb1a1fe69d0b1a6d0e01a2e404c697962623,dfine_native,167067.0,unknown_object,0.2505,130.04,464.3,145.96,498.44,543.5,15.92,34.14,0.466,False,,True,S-61,47,evt_S-61_desk_work_surface_0009,d38e7e1208f0e995,pose_hand_context,,31598.6,3.6,,1,cam12/e1/v1,rtmpose_baseline
full,03.CCTV Mobile Usage.mkv,632de9ed55947761d56d4c6142a3cb1a1fe69d0b1a6d0e01a2e404c697962623,dfine_native,167067.0,unknown_object,0.3167,130.1,461.26,244.02,630.97,19331.6,113.91,169.7,0.671,False,,True,S-61,47,evt_S-61_desk_work_surface_0009,d38e7e1208f0e995,pose_hand_context,,31598.6,3.6,,1,cam12/e1/v1,rtmpose_baseline
full,03.CCTV Mobile Usage.mkv,632de9ed55947761d56d4c6142a3cb1a1fe69d0b1a6d0e01a2e404c697962623,dfine_native,167067.0,unknown_object,0.3333,130.02,463.76,165.74,531.71,2427.6,35.72,67.96,0.526,False,,True,S-61,47,evt_S-61_desk_work_surface_0009,d38e7e1208f0e995,pose_hand_context,,31598.6,3.6,,1,cam12/e1/v1,rtmpose_baseline
full,03.CCTV Mobile Usage.mkv,632de9ed55947761d56d4c6142a3cb1a1fe69d0b1a6d0e01a2e404c697962623,dfine_native,167567.0,unknown_object,0.457,87.06,385.2,176.86,455.03,6270.3,89.8,69.83,1.286,False,,True,S-61,47,evt_S-61_desk_work_surface_0009,c75c36fea82d80f3,pose_hand_context,,17859.6,4.79,,1,cam12/e1/v1,rtmpose_baseline
full,03.CCTV Mobile Usage.mkv,632de9ed55947761d56d4c6142a3cb1a1fe69d0b1a6d0e01a2e404c697962623,dfine_native,167567.0,unknown_object,0.4953,124.85,463.57,160.93,517.3,1938.9,36.09,53.73,0.672,False,,True,S-61,47,evt_S-61_desk_work_surface_0009,c75c36fea82d80f3,pose_hand_context,,17859.6,4.79,,1,cam12/e1/v1,rtmpose_baseline
full,03.CCTV Mobile Usage.mkv,632de9ed55947761d56d4c6142a3cb1a1fe69d0b1a6d0e01a2e404c697962623,dfine_native,167567.0,unknown_object,0.3433,87.03,467.0,108.97,501.31,752.8,21.95,34.3,0.64,False,,True,S-61,47,evt_S-61_desk_work_surface_0009,c75c36fea82d80f3,pose_hand_context,,17859.6,4.79,,1,cam12/e1/v1,rtmpose_baseline
full,03.CCTV Mobile Usage.mkv,632de9ed55947761d56d4c6142a3cb1a1fe69d0b1a6d0e01a2e404c697962623,dfine_native,167567.0,unknown_object,0.2674,87.06,385.09,177.34,493.28,9766.9,90.27,108.19,0.834,False,,True,S-61,47,evt_S-61_desk_work_surface_0009,c75c36fea82d80f3,pose_hand_context,,17859.6,4.79,,1,cam12/e1/v1,rtmpose_baseline
full,03.CCTV Mobile Usage.mkv,632de9ed55947761d56d4c6142a3cb1a1fe69d0b1a6d0e01a2e404c697962623,dfine_native,168067.0,unknown_object,0.3573,74.27,380.15,176.63,448.12,6958.0,102.36,67.98,1.506,False,,True,S-61,47,evt_S-61_desk_work_surface_0009,072257dc5fed13e5,pose_hand_context,,18884.3,4.66,,1,cam12/e1/v1,rtmpose_baseline
full,03.CCTV Mobile Usage.mkv,632de9ed55947761d56d4c6142a3cb1a1fe69d0b1a6d0e01a2e404c697962623,dfine_native,168067.0,unknown_object,0.4201,93.92,436.65,207.9,517.07,9167.2,113.99,80.42,1.417,False,,True,S-61,47,evt_S-61_desk_work_surface_0009,072257dc5fed13e5,pose_hand_context,,18884.3,4.66,,1,cam12/e1/v1,rtmpose_baseline
full,03.CCTV Mobile Usage.mkv,632de9ed55947761d56d4c6142a3cb1a1fe69d0b1a6d0e01a2e404c697962623,dfine_native,168067.0,unknown_object,0.2691,72.25,380.24,177.87,501.87,12846.5,105.62,121.63,0.868,False,,True,S-61,47,evt_S-61_desk_work_surface_0009,072257dc5fed13e5,pose_hand_context,,18884.3,4.66,,1,cam12/e1/v1,rtmpose_baseline
full,03.CCTV Mobile Usage.mkv,632de9ed55947761d56d4c6142a3cb1a1fe69d0b1a6d0e01a2e404c697962623,dfine_native,168567.0,unknown_object,0.5065,91.88,443.66,198.94,505.34,6603.4,107.06,61.68,1.736,False,,True,S-61,47,evt_S-61_desk_work_surface_0009,5609d57d158f0589,pose_hand_context,,17752.9,4.8,,1,cam12/e1/v1,rtmpose_baseline
full,03.CCTV Mobile Usage.mkv,632de9ed55947761d56d4c6142a3cb1a1fe69d0b1a6d0e01a2e404c697962623,dfine_native,168567.0,unknown_object,0.521,70.56,392.23,176.84,451.64,6314.0,106.28,59.41,1.789,False,,True,S-61,47,evt_S-61_desk_work_surface_0009,5609d57d158f0589,pose_hand_context,,17752.9,4.8,,1,cam12/e1/v1,rtmpose_baseline
full,03.CCTV Mobile Usage.mkv,632de9ed55947761d56d4c6142a3cb1a1fe69d0b1a6d0e01a2e404c697962623,dfine_native,168567.0,unknown_object,0.3324,65.38,465.36,108.71,497.85,1408.1,43.33,32.5,1.333,False,,True,S-61,47,evt_S-61_desk_work_surface_0009,5609d57d158f0589,pose_hand_context,,17752.9,4.8,,1,cam12/e1/v1,rtmpose_baseline
full,03.CCTV Mobile Usage.mkv,632de9ed55947761d56d4c6142a3cb1a1fe69d0b1a6d0e01a2e404c697962623,dfine_native,168567.0,unknown_object,0.319,65.3,479.09,198.57,524.23,6016.4,133.27,45.14,2.952,False,,True,S-61,47,evt_S-61_desk_work_surface_0009,5609d57d158f0589,pose_hand_context,,17752.9,4.8,,1,cam12/e1/v1,rtmpose_baseline
full,03.CCTV Mobile Usage.mkv,632de9ed55947761d56d4c6142a3cb1a1fe69d0b1a6d0e01a2e404c697962623,dfine_native,168567.0,unknown_object,0.3151,65.61,466.8,97.25,495.07,894.6,31.64,28.27,1.119,False,,True,S-61,47,evt_S-61_desk_work_surface_0009,5609d57d158f0589,pose_hand_context,,17752.9,4.8,,1,cam12/e1/v1,rtmpose_baseline
full,03.CCTV Mobile Usage.mkv,632de9ed55947761d56d4c6142a3cb1a1fe69d0b1a6d0e01a2e404c697962623,dfine_native,168567.0,unknown_object,0.2589,65.99,392.19,199.01,502.23,14637.9,133.02,110.04,1.209,False,,True,S-61,47,evt_S-61_desk_work_surface_0009,5609d57d158f0589,pose_hand_context,,17752.9,4.8,,1,cam12/e1/v1,rtmpose_baseline
full,03.CCTV Mobile Usage.mkv,632de9ed55947761d56d4c6142a3cb1a1fe69d0b1a6d0e01a2e404c697962623,dfine_native,168567.0,unknown_object,0.2529,123.34,479.32,169.18,523.86,2041.5,45.83,44.54,1.029,False,,True,S-61,47,evt_S-61_desk_work_surface_0009,5609d57d158f0589,pose_hand_context,,17752.9,4.8,,1,cam12/e1/v1,rtmpose_baseline
full,03.CCTV Mobile Usage.mkv,632de9ed55947761d56d4c6142a3cb1a1fe69d0b1a6d0e01a2e404c697962623,dfine_native,168567.0,unknown_object,0.2599,65.25,459.85,98.95,495.14,1189.6,33.71,35.29,0.955,False,,True,S-61,47,evt_S-61_desk_work_surface_0009,5609d57d158f0589,pose_hand_context,,17752.9,4.8,,1,cam12/e1/v1,rtmpose_baseline
full,03.CCTV Mobile Usage.mkv,632de9ed55947761d56d4c6142a3cb1a1fe69d0b1a6d0e01a2e404c697962623,dfine_native,168567.0,unknown_object,0.3103,68.23,392.36,177.52,501.48,11926.2,109.29,109.12,1.002,False,,True,S-61,47,evt_S-61_desk_work_surface_0009,5609d57d158f0589,pose_hand_context,,17752.9,4.8,,1,cam12/e1/v1,rtmpose_baseline
full,03.CCTV Mobile Usage.mkv,632de9ed55947761d56d4c6142a3cb1a1fe69d0b1a6d0e01a2e404c697962623,dfine_native,168567.0,unknown_object,0.3661,91.39,443.58,198.94,523.4,8584.7,107.55,79.82,1.347,False,,True,S-61,47,evt_S-61_desk_work_surface_0009,5609d57d158f0589,pose_hand_context,,17752.9,4.8,,1,cam12/e1/v1,rtmpose_baseline
full,03.CCTV Mobile Usage.mkv,632de9ed55947761d56d4c6142a3cb1a1fe69d0b1a6d0e01a2e404c697962623,dfine_native,168567.0,unknown_object,0.2739,65.1,392.21,177.27,468.22,8526.8,112.17,76.01,1.476,False,,True,S-61,47,evt_S-61_desk_work_surface_0009,5609d57d158f0589,pose_hand_context,,17752.9,4.8,,1,cam12/e1/v1,rtmpose_baseline
full,03.CCTV Mobile Usage.mkv,632de9ed55947761d56d4c6142a3cb1a1fe69d0b1a6d0e01a2e404c697962623,dfine_native,169067.0,unknown_object,0.309,70.62,401.1,176.78,455.02,5724.4,106.17,53.92,1.969,False,,True,S-61,47,evt_S-61_desk_work_surface_0009,d7ea696609167034,pose_hand_context,,17297.5,4.87,,1,cam12/e1/v1,rtmpose_baseline
full,03.CCTV Mobile Usage.mkv,632de9ed55947761d56d4c6142a3cb1a1fe69d0b1a6d0e01a2e404c697962623,dfine_native,169067.0,unknown_object,0.3061,68.87,401.18,178.01,505.61,11397.6,109.14,104.43,1.045,False,,True,S-61,47,evt_S-61_desk_work_surface_0009,d7ea696609167034,pose_hand_context,,17297.5,4.87,,1,cam12/e1/v1,rtmpose_baseline
full,03.CCTV Mobile Usage.mkv,632de9ed55947761d56d4c6142a3cb1a1fe69d0b1a6d0e01a2e404c697962623,dfine_native,172383.0,unknown_object,0.4143,65.96,502.32,93.48,553.36,1404.4,27.52,51.04,0.539,False,,True,S-61,49,evt_S-61_desk_work_surface_0010,350a73bad131f1b8,pose_hand_context,,25664.0,4.0,,1,cam12/e1/v1,rtmpose_baseline
full,03.CCTV Mobile Usage.mkv,632de9ed55947761d56d4c6142a3cb1a1fe69d0b1a6d0e01a2e404c697962623,dfine_native,172383.0,bag,0.347,65.99,495.32,195.55,570.48,9738.2,129.56,75.16,1.724,False,,True,S-61,49,evt_S-61_desk_work_surface_0010,350a73bad131f1b8,pose_hand_context,,25664.0,4.0,,1,cam12/e1/v1,rtmpose_baseline
full,03.CCTV Mobile Usage.mkv,632de9ed55947761d56d4c6142a3cb1a1fe69d0b1a6d0e01a2e404c697962623,dfine_native,172383.0,unknown_object,0.3319,66.04,411.18,225.37,570.52,25387.7,159.33,159.34,1.0,False,,True,S-61,49,evt_S-61_desk_work_surface_0010,350a73bad131f1b8,pose_hand_context,,25664.0,4.0,,1,cam12/e1/v1,rtmpose_baseline
full,03.CCTV Mobile Usage.mkv,632de9ed55947761d56d4c6142a3cb1a1fe69d0b1a6d0e01a2e404c697962623,dfine_native,172383.0,unknown_object,0.3628,66.08,411.33,200.19,570.17,21302.4,134.12,158.84,0.844,False,,True,S-61,49,evt_S-61_desk_work_surface_0010,350a73bad131f1b8,pose_hand_context,,25664.0,4.0,,1,cam12/e1/v1,rtmpose_baseline
full,03.CCTV Mobile Usage.mkv,632de9ed55947761d56d4c6142a3cb1a1fe69d0b1a6d0e01a2e404c697962623,dfine_native,172883.0,unknown_object,0.4988,72.08,482.63,192.9,551.91,8370.7,120.81,69.29,1.744,False,,True,S-61,49,evt_S-61_desk_work_surface_0010,e2d6539dc70b4b8e,pose_hand_context,,27377.0,3.87,,1,cam12/e1/v1,rtmpose_baseline
full,03.CCTV Mobile Usage.mkv,632de9ed55947761d56d4c6142a3cb1a1fe69d0b1a6d0e01a2e404c697962623,dfine_native,172883.0,bag,0.3425,77.46,386.12,175.95,455.56,6839.3,98.49,69.44,1.418,False,,True,S-61,49,evt_S-61_desk_work_surface_0010,e2d6539dc70b4b8e,pose_hand_context,,27377.0,3.87,,1,cam12/e1/v1,rtmpose_baseline
full,03.CCTV Mobile Usage.mkv,632de9ed55947761d56d4c6142a3cb1a1fe69d0b1a6d0e01a2e404c697962623,dfine_native,172883.0,unknown_object,0.2761,71.97,446.95,194.26,551.73,12812.2,122.28,104.77,1.167,False,,True,S-61,49,evt_S-61_desk_work_surface_0010,e2d6539dc70b4b8e,pose_hand_context,,27377.0,3.87,,1,cam12/e1/v1,rtmpose_baseline
full,03.CCTV Mobile Usage.mkv,632de9ed55947761d56d4c6142a3cb1a1fe69d0b1a6d0e01a2e404c697962623,dfine_native,173383.0,unknown_object,0.6162,61.67,455.19,102.08,498.1,1733.9,40.41,42.91,0.942,False,,True,S-61,49,evt_S-61_desk_work_surface_0010,7f1684b90a55e8eb,pose_hand_context,,30109.2,3.69,,1,cam12/e1/v1,rtmpose_baseline
full,03.CCTV Mobile Usage.mkv,632de9ed55947761d56d4c6142a3cb1a1fe69d0b1a6d0e01a2e404c697962623,dfine_native,173383.0,bag,0.4159,71.56,366.11,176.24,447.21,8490.0,104.68,81.1,1.291,False,,True,S-61,49,evt_S-61_desk_work_surface_0010,7f1684b90a55e8eb,pose_hand_context,,30109.2,3.69,,1,cam12/e1/v1,rtmpose_baseline
full,03.CCTV Mobile Usage.mkv,632de9ed55947761d56d4c6142a3cb1a1fe69d0b1a6d0e01a2e404c697962623,dfine_native,173383.0,unknown_object,0.3822,127.44,472.35,152.95,523.01,1292.7,25.52,50.66,0.504,False,,True,S-61,49,evt_S-61_desk_work_surface_0010,7f1684b90a55e8eb,pose_hand_context,,30109.2,3.69,,1,cam12/e1/v1,rtmpose_baseline
full,03.CCTV Mobile Usage.mkv,632de9ed55947761d56d4c6142a3cb1a1fe69d0b1a6d0e01a2e404c697962623,dfine_native,173383.0,unknown_object,0.3852,101.71,477.55,129.46,509.67,891.6,27.75,32.13,0.864,False,,True,S-61,49,evt_S-61_desk_work_surface_0010,7f1684b90a55e8eb,pose_hand_context,,30109.2,3.69,,1,cam12/e1/v1,rtmpose_baseline
full,03.CCTV Mobile Usage.mkv,632de9ed55947761d56d4c6142a3cb1a1fe69d0b1a6d0e01a2e404c697962623,dfine_native,173383.0,unknown_object,0.342,127.54,475.03,168.56,532.6,2361.9,41.03,57.57,0.713,False,,True,S-61,49,evt_S-61_desk_work_surface_0010,7f1684b90a55e8eb,pose_hand_context,,30109.2,3.69,,1,cam12/e1/v1,rtmpose_baseline
full,03.CCTV Mobile Usage.mkv,632de9ed55947761d56d4c6142a3cb1a1fe69d0b1a6d0e01a2e404c697962623,dfine_native,173383.0,unknown_object,0.2563,60.39,494.7,165.09,537.9,4523.5,104.69,43.21,2.423,False,,True,S-61,49,evt_S-61_desk_work_surface_0010,7f1684b90a55e8eb,pose_hand_context,,30109.2,3.69,,1,cam12/e1/v1,rtmpose_baseline
full,03.CCTV Mobile Usage.mkv,632de9ed55947761d56d4c6142a3cb1a1fe69d0b1a6d0e01a2e404c697962623,dfine_native,173383.0,unknown_object,0.2562,155.11,496.16,182.05,538.34,1136.1,26.94,42.17,0.639,False,,True,S-61,49,evt_S-61_desk_work_surface_0010,7f1684b90a55e8eb,pose_hand_context,,30109.2,3.69,,1,cam12/e1/v1,rtmpose_baseline
full,03.CCTV Mobile Usage.mkv,632de9ed55947761d56d4c6142a3cb1a1fe69d0b1a6d0e01a2e404c697962623,dfine_native,173383.0,unknown_object,0.2793,60.18,477.08,182.45,537.7,7411.7,122.27,60.62,2.017,False,,True,S-61,49,evt_S-61_desk_work_surface_0010,7f1684b90a55e8eb,pose_hand_context,,30109.2,3.69,,1,cam12/e1/v1,rtmpose_baseline
full,03.CCTV Mobile Usage.mkv,632de9ed55947761d56d4c6142a3cb1a1fe69d0b1a6d0e01a2e404c697962623,dfine_native,173883.0,bag,0.4183,78.45,385.24,175.75,453.81,6672.9,97.3,68.58,1.419,False,,True,S-61,49,evt_S-61_desk_work_surface_0010,398f24b3fa2a08ca,pose_hand_context,,29894.4,3.7,,1,cam12/e1/v1,rtmpose_baseline
full,03.CCTV Mobile Usage.mkv,632de9ed55947761d56d4c6142a3cb1a1fe69d0b1a6d0e01a2e404c697962623,dfine_native,173883.0,phone,0.2944,71.0,480.59,99.95,499.01,532.9,28.94,18.41,1.572,False,,True,S-61,49,evt_S-61_desk_work_surface_0010,398f24b3fa2a08ca,pose_hand_context,,29894.4,3.7,,1,cam12/e1/v1,rtmpose_baseline
full,03.CCTV Mobile Usage.mkv,632de9ed55947761d56d4c6142a3cb1a1fe69d0b1a6d0e01a2e404c697962623,dfine_native,173883.0,phone,0.2609,70.99,422.89,106.34,484.82,2188.9,35.35,61.93,0.571,False,,True,S-61,49,evt_S-61_desk_work_surface_0010,398f24b3fa2a08ca,pose_hand_context,,29894.4,3.7,,1,cam12/e1/v1,rtmpose_baseline
full,03.CCTV Mobile Usage.mkv,632de9ed55947761d56d4c6142a3cb1a1fe69d0b1a6d0e01a2e404c697962623,dfine_native,173883.0,unknown_object,0.3903,128.49,486.97,165.5,529.01,1555.7,37.01,42.04,0.88,False,,True,S-61,49,evt_S-61_desk_work_surface_0010,398f24b3fa2a08ca,pose_hand_context,,29894.4,3.7,,1,cam12/e1/v1,rtmpose_baseline
full,03.CCTV Mobile Usage.mkv,632de9ed55947761d56d4c6142a3cb1a1fe69d0b1a6d0e01a2e404c697962623,dfine_native,174383.0,stationery,0.6033,100.99,455.95,161.11,499.73,2632.5,60.12,43.79,1.373,False,,True,S-61,49,evt_S-61_desk_work_surface_0010,4a199a3aa7423197,pose_hand_context,,34373.2,3.45,,1,cam12/e1/v1,rtmpose_baseline
full,03.CCTV Mobile Usage.mkv,632de9ed55947761d56d4c6142a3cb1a1fe69d0b1a6d0e01a2e404c697962623,dfine_native,174383.0,unknown_object,0.2818,101.0,497.0,229.39,614.33,15064.3,128.39,117.33,1.094,False,,True,S-61,49,evt_S-61_desk_work_surface_0010,4a199a3aa7423197,pose_hand_context,,34373.2,3.45,,1,cam12/e1/v1,rtmpose_baseline
full,03.CCTV Mobile Usage.mkv,632de9ed55947761d56d4c6142a3cb1a1fe69d0b1a6d0e01a2e404c697962623,dfine_native,174383.0,unknown_object,0.3164,101.0,431.03,231.44,614.22,23893.9,130.43,183.19,0.712,False,,True,S-61,49,evt_S-61_desk_work_surface_0010,4a199a3aa7423197,pose_hand_context,,34373.2,3.45,,1,cam12/e1/v1,rtmpose_baseline
full,03.CCTV Mobile Usage.mkv,632de9ed55947761d56d4c6142a3cb1a1fe69d0b1a6d0e01a2e404c697962623,dfine_native,174883.0,unknown_object,0.4152,104.03,501.98,219.29,602.15,11545.7,115.26,100.17,1.151,False,,True,S-61,49,evt_S-61_desk_work_surface_0010,e9df5018755b2e8c,pose_hand_context,,33760.4,3.48,,1,cam12/e1/v1,rtmpose_baseline
full,03.CCTV Mobile Usage.mkv,632de9ed55947761d56d4c6142a3cb1a1fe69d0b1a6d0e01a2e404c697962623,dfine_native,174883.0,phone,0.5547,104.09,441.86,160.62,519.71,4400.9,56.53,77.85,0.726,False,,True,S-61,49,evt_S-61_desk_work_surface_0010,e9df5018755b2e8c,pose_hand_context,,33760.4,3.48,,1,cam12/e1/v1,rtmpose_baseline
full,03.CCTV Mobile Usage.mkv,632de9ed55947761d56d4c6142a3cb1a1fe69d0b1a6d0e01a2e404c697962623,dfine_native,174883.0,phone,0.258,126.96,445.52,158.48,488.06,1340.9,31.52,42.54,0.741,False,,True,S-61,49,evt_S-61_desk_work_surface_0010,e9df5018755b2e8c,pose_hand_context,,33760.4,3.48,,1,cam12/e1/v1,rtmpose_baseline
full,03.CCTV Mobile Usage.mkv,632de9ed55947761d56d4c6142a3cb1a1fe69d0b1a6d0e01a2e404c697962623,dfine_native,175383.0,unknown_object,0.299,105.03,501.54,216.31,598.03,10736.8,111.28,96.48,1.153,False,,True,S-61,49,evt_S-61_desk_work_surface_0010,bc47ca5eb507b04d,pose_hand_context,,32098.3,3.57,,1,cam12/e1/v1,rtmpose_baseline
full,03.CCTV Mobile Usage.mkv,632de9ed55947761d56d4c6142a3cb1a1fe69d0b1a6d0e01a2e404c697962623,dfine_native,175383.0,unknown_object,0.3883,105.08,420.56,283.64,598.29,31734.7,178.56,177.73,1.005,False,,True,S-61,49,evt_S-61_desk_work_surface_0010,bc47ca5eb507b04d,pose_hand_context,,32098.3,3.57,,1,cam12/e1/v1,rtmpose_baseline
full,03.CCTV Mobile Usage.mkv,632de9ed55947761d56d4c6142a3cb1a1fe69d0b1a6d0e01a2e404c697962623,dfine_native,175383.0,phone,0.2619,105.03,442.11,159.89,512.8,3877.8,54.86,70.68,0.776,False,,True,S-61,49,evt_S-61_desk_work_surface_0010,bc47ca5eb507b04d,pose_hand_context,,32098.3,3.57,,1,cam12/e1/v1,rtmpose_baseline
full,03.CCTV Mobile Usage.mkv,632de9ed55947761d56d4c6142a3cb1a1fe69d0b1a6d0e01a2e404c697962623,dfine_native,175383.0,phone,0.2708,127.44,444.9,156.26,487.06,1215.2,28.82,42.16,0.684,False,,True,S-61,49,evt_S-61_desk_work_surface_0010,bc47ca5eb507b04d,pose_hand_context,,32098.3,3.57,,1,cam12/e1/v1,rtmpose_baseline
full,03.CCTV Mobile Usage.mkv,632de9ed55947761d56d4c6142a3cb1a1fe69d0b1a6d0e01a2e404c697962623,dfine_native,175383.0,monitor_or_bezel,0.3096,104.99,440.42,217.53,598.1,17746.6,112.55,157.68,0.714,False,,True,S-61,49,evt_S-61_desk_work_surface_0010,bc47ca5eb507b04d,pose_hand_context,,32098.3,3.57,,1,cam12/e1/v1,rtmpose_baseline
full,03.CCTV Mobile Usage.mkv,632de9ed55947761d56d4c6142a3cb1a1fe69d0b1a6d0e01a2e404c697962623,dfine_native,175383.0,unknown_object,0.2775,105.1,501.98,283.62,598.54,17236.5,178.52,96.55,1.849,False,,True,S-61,49,evt_S-61_desk_work_surface_0010,bc47ca5eb507b04d,pose_hand_context,,32098.3,3.57,,1,cam12/e1/v1,rtmpose_baseline
full,03.CCTV Mobile Usage.mkv,632de9ed55947761d56d4c6142a3cb1a1fe69d0b1a6d0e01a2e404c697962623,dfine_native,175883.0,unknown_object,0.4303,104.07,501.53,215.62,596.0,10538.3,111.55,94.47,1.181,False,,True,S-61,49,evt_S-61_desk_work_surface_0010,a1831034a96c6f96,pose_hand_context,,31378.6,3.61,,1,cam12/e1/v1,rtmpose_baseline
full,03.CCTV Mobile Usage.mkv,632de9ed55947761d56d4c6142a3cb1a1fe69d0b1a6d0e01a2e404c697962623,dfine_native,175883.0,unknown_object,0.5851,124.21,444.51,162.88,487.35,1656.7,38.67,42.84,0.903,False,,True,S-61,49,evt_S-61_desk_work_surface_0010,a1831034a96c6f96,pose_hand_context,,31378.6,3.61,,1,cam12/e1/v1,rtmpose_baseline
full,03.CCTV Mobile Usage.mkv,632de9ed55947761d56d4c6142a3cb1a1fe69d0b1a6d0e01a2e404c697962623,dfine_native,175883.0,phone,0.3054,126.56,492.19,154.63,503.64,321.4,28.07,11.45,2.451,False,,True,S-61,49,evt_S-61_desk_work_surface_0010,a1831034a96c6f96,pose_hand_context,,31378.6,3.61,,1,cam12/e1/v1,rtmpose_baseline
full,03.CCTV Mobile Usage.mkv,632de9ed55947761d56d4c6142a3cb1a1fe69d0b1a6d0e01a2e404c697962623,dfine_native,175883.0,unknown_object,0.2883,104.09,423.48,217.59,595.9,19571.9,113.51,172.43,0.658,False,,True,S-61,49,evt_S-61_desk_work_surface_0010,a1831034a96c6f96,pose_hand_context,,31378.6,3.61,,1,cam12/e1/v1,rtmpose_baseline
full,03.CCTV Mobile Usage.mkv,632de9ed55947761d56d4c6142a3cb1a1fe69d0b1a6d0e01a2e404c697962623,dfine_native,175883.0,unknown_object,0.3652,104.07,446.15,216.57,596.06,16864.3,112.5,149.9,0.75,False,,True,S-61,49,evt_S-61_desk_work_surface_0010,a1831034a96c6f96,pose_hand_context,,31378.6,3.61,,1,cam12/e1/v1,rtmpose_baseline
full,03.CCTV Mobile Usage.mkv,632de9ed55947761d56d4c6142a3cb1a1fe69d0b1a6d0e01a2e404c697962623,dfine_native,175883.0,unknown_object,0.269,124.53,444.6,163.89,503.72,2326.9,39.36,59.12,0.666,False,,True,S-61,49,evt_S-61_desk_work_surface_0010,a1831034a96c6f96,pose_hand_context,,31378.6,3.61,,1,cam12/e1/v1,rtmpose_baseline
full,03.CCTV Mobile Usage.mkv,632de9ed55947761d56d4c6142a3cb1a1fe69d0b1a6d0e01a2e404c697962623,dfine_native,176383.0,unknown_object,0.3397,104.99,415.48,286.12,595.99,32694.0,181.12,180.51,1.003,False,,True,S-61,49,evt_S-61_desk_work_surface_0010,f813fba80aad2861,pose_hand_context,,33116.7,3.52,,1,cam12/e1/v1,rtmpose_baseline
full,03.CCTV Mobile Usage.mkv,632de9ed55947761d56d4c6142a3cb1a1fe69d0b1a6d0e01a2e404c697962623,dfine_native,176383.0,unknown_object,0.2975,104.97,444.34,151.09,511.67,3104.6,46.12,67.32,0.685,False,,True,S-61,49,evt_S-61_desk_work_surface_0010,f813fba80aad2861,pose_hand_context,,33116.7,3.52,,1,cam12/e1/v1,rtmpose_baseline
full,03.CCTV Mobile Usage.mkv,632de9ed55947761d56d4c6142a3cb1a1fe69d0b1a6d0e01a2e404c697962623,dfine_native,176383.0,phone,0.2885,126.77,444.09,159.84,484.39,1332.5,33.07,40.3,0.821,False,,True,S-61,49,evt_S-61_desk_work_surface_0010,f813fba80aad2861,pose_hand_context,,33116.7,3.52,,1,cam12/e1/v1,rtmpose_baseline
full,03.CCTV Mobile Usage.mkv,632de9ed55947761d56d4c6142a3cb1a1fe69d0b1a6d0e01a2e404c697962623,dfine_native,176383.0,unknown_object,0.3691,105.04,501.65,215.16,595.95,10384.3,110.12,94.3,1.168,False,,True,S-61,49,evt_S-61_desk_work_surface_0010,f813fba80aad2861,pose_hand_context,,33116.7,3.52,,1,cam12/e1/v1,rtmpose_baseline
full,03.CCTV Mobile Usage.mkv,632de9ed55947761d56d4c6142a3cb1a1fe69d0b1a6d0e01a2e404c697962623,dfine_native,176383.0,unknown_object,0.3273,105.12,439.12,282.51,596.09,27844.2,177.39,156.96,1.13,False,,True,S-61,49,evt_S-61_desk_work_surface_0010,f813fba80aad2861,pose_hand_context,,33116.7,3.52,,1,cam12/e1/v1,rtmpose_baseline
full,03.CCTV Mobile Usage.mkv,632de9ed55947761d56d4c6142a3cb1a1fe69d0b1a6d0e01a2e404c697962623,dfine_native,176383.0,unknown_object,0.2749,105.14,416.22,217.31,595.98,20163.5,112.17,179.76,0.624,False,,True,S-61,49,evt_S-61_desk_work_surface_0010,f813fba80aad2861,pose_hand_context,,33116.7,3.52,,1,cam12/e1/v1,rtmpose_baseline
full,03.CCTV Mobile Usage.mkv,632de9ed55947761d56d4c6142a3cb1a1fe69d0b1a6d0e01a2e404c697962623,dfine_native,176383.0,unknown_object,0.2619,159.1,458.03,186.58,480.39,614.6,27.48,22.37,1.229,False,,True,S-61,49,evt_S-61_desk_work_surface_0010,f813fba80aad2861,pose_hand_context,,33116.7,3.52,,1,cam12/e1/v1,rtmpose_baseline
full,03.CCTV Mobile Usage.mkv,632de9ed55947761d56d4c6142a3cb1a1fe69d0b1a6d0e01a2e404c697962623,dfine_native,176383.0,unknown_object,0.3295,105.01,439.97,216.33,595.92,17359.5,111.32,155.95,0.714,False,,True,S-61,49,evt_S-61_desk_work_surface_0010,f813fba80aad2861,pose_hand_context,,33116.7,3.52,,1,cam12/e1/v1,rtmpose_baseline
full,03.CCTV Mobile Usage.mkv,632de9ed55947761d56d4c6142a3cb1a1fe69d0b1a6d0e01a2e404c697962623,dfine_native,176383.0,unknown_object,0.2737,105.16,501.44,283.53,596.48,16953.9,178.37,95.05,1.877,False,,True,S-61,49,evt_S-61_desk_work_surface_0010,f813fba80aad2861,pose_hand_context,,33116.7,3.52,,1,cam12/e1/v1,rtmpose_baseline
full,03.CCTV Mobile Usage.mkv,632de9ed55947761d56d4c6142a3cb1a1fe69d0b1a6d0e01a2e404c697962623,dfine_native,176383.0,unknown_object,0.2529,105.13,416.11,217.59,595.92,20222.0,112.46,179.82,0.625,False,,True,S-61,49,evt_S-61_desk_work_surface_0010,f813fba80aad2861,pose_hand_context,,33116.7,3.52,,1,cam12/e1/v1,rtmpose_baseline
full,03.CCTV Mobile Usage.mkv,632de9ed55947761d56d4c6142a3cb1a1fe69d0b1a6d0e01a2e404c697962623,dfine_native,180900.0,stationery,0.5138,39.81,443.75,71.84,470.55,858.4,32.03,26.8,1.195,False,,True,S-61,50,evt_S-61_desk_work_surface_0011,0b9ec7eed2bacf5b,pose_hand_context,,37799.1,3.29,,1,cam12/e1/v1,rtmpose_baseline
full,03.CCTV Mobile Usage.mkv,632de9ed55947761d56d4c6142a3cb1a1fe69d0b1a6d0e01a2e404c697962623,dfine_native,180900.0,monitor_or_bezel,0.4359,16.02,297.68,108.05,360.19,5752.2,92.03,62.51,1.472,False,,True,S-61,50,evt_S-61_desk_work_surface_0011,0b9ec7eed2bacf5b,pose_hand_context,,37799.1,3.29,,1,cam12/e1/v1,rtmpose_baseline
full,03.CCTV Mobile Usage.mkv,632de9ed55947761d56d4c6142a3cb1a1fe69d0b1a6d0e01a2e404c697962623,dfine_native,180900.0,monitor_or_bezel,0.5394,70.48,383.93,171.56,452.71,6952.5,101.08,68.78,1.47,False,,True,S-61,50,evt_S-61_desk_work_surface_0011,0b9ec7eed2bacf5b,pose_hand_context,,37799.1,3.29,,1,cam12/e1/v1,rtmpose_baseline
full,03.CCTV Mobile Usage.mkv,632de9ed55947761d56d4c6142a3cb1a1fe69d0b1a6d0e01a2e404c697962623,dfine_native,180900.0,keyboard,0.2697,42.89,326.12,107.86,358.95,2133.1,64.97,32.83,1.979,False,,True,S-61,50,evt_S-61_desk_work_surface_0011,0b9ec7eed2bacf5b,pose_hand_context,,37799.1,3.29,,1,cam12/e1/v1,rtmpose_baseline
full,03.CCTV Mobile Usage.mkv,632de9ed55947761d56d4c6142a3cb1a1fe69d0b1a6d0e01a2e404c697962623,dfine_native,180900.0,mouse,0.2986,58.81,379.1,75.68,393.18,237.5,16.87,14.08,1.198,False,,True,S-61,50,evt_S-61_desk_work_surface_0011,0b9ec7eed2bacf5b,pose_hand_context,,37799.1,3.29,,1,cam12/e1/v1,rtmpose_baseline
full,03.CCTV Mobile Usage.mkv,632de9ed55947761d56d4c6142a3cb1a1fe69d0b1a6d0e01a2e404c697962623,dfine_native,180900.0,unknown_object,0.4759,9.12,279.76,197.43,469.96,35818.4,188.32,190.2,0.99,False,,True,S-61,50,evt_S-61_desk_work_surface_0011,0b9ec7eed2bacf5b,pose_hand_context,,37799.1,3.29,,1,cam12/e1/v1,rtmpose_baseline
full,03.CCTV Mobile Usage.mkv,632de9ed55947761d56d4c6142a3cb1a1fe69d0b1a6d0e01a2e404c697962623,dfine_native,180900.0,monitor_or_bezel,0.38,60.46,353.1,172.17,452.56,11109.6,111.7,99.46,1.123,False,,True,S-61,50,evt_S-61_desk_work_surface_0011,0b9ec7eed2bacf5b,pose_hand_context,,37799.1,3.29,,1,cam12/e1/v1,rtmpose_baseline
full,03.CCTV Mobile Usage.mkv,632de9ed55947761d56d4c6142a3cb1a1fe69d0b1a6d0e01a2e404c697962623,dfine_native,180900.0,monitor_or_bezel,0.3249,37.65,302.2,170.7,452.79,20035.9,133.05,150.59,0.884,False,,True,S-61,50,evt_S-61_desk_work_surface_0011,0b9ec7eed2bacf5b,pose_hand_context,,37799.1,3.29,,1,cam12/e1/v1,rtmpose_baseline
full,03.CCTV Mobile Usage.mkv,632de9ed55947761d56d4c6142a3cb1a1fe69d0b1a6d0e01a2e404c697962623,dfine_native,180900.0,unknown_object,0.2622,9.0,281.48,168.23,469.4,29922.2,159.22,187.93,0.847,False,,True,S-61,50,evt_S-61_desk_work_surface_0011,0b9ec7eed2bacf5b,pose_hand_context,,37799.1,3.29,,1,cam12/e1/v1,rtmpose_baseline
full,03.CCTV Mobile Usage.mkv,632de9ed55947761d56d4c6142a3cb1a1fe69d0b1a6d0e01a2e404c697962623,dfine_native,180900.0,monitor_or_bezel,0.2599,62.37,378.17,172.75,452.76,8233.2,110.38,74.59,1.48,False,,True,S-61,50,evt_S-61_desk_work_surface_0011,0b9ec7eed2bacf5b,pose_hand_context,,37799.1,3.29,,1,cam12/e1/v1,rtmpose_baseline
full,03.CCTV Mobile Usage.mkv,632de9ed55947761d56d4c6142a3cb1a1fe69d0b1a6d0e01a2e404c697962623,dfine_native,180900.0,monitor_or_bezel,0.2867,9.39,279.45,107.86,360.31,7961.6,98.47,80.85,1.218,False,,True,S-61,50,evt_S-61_desk_work_surface_0011,0b9ec7eed2bacf5b,pose_hand_context,,37799.1,3.29,,1,cam12/e1/v1,rtmpose_baseline
full,03.CCTV Mobile Usage.mkv,632de9ed55947761d56d4c6142a3cb1a1fe69d0b1a6d0e01a2e404c697962623,dfine_native,180900.0,unknown_object,0.3092,8.98,285.34,83.26,451.26,12324.5,74.28,165.92,0.448,False,,True,S-61,50,evt_S-61_desk_work_surface_0011,0b9ec7eed2bacf5b,pose_hand_context,,37799.1,3.29,,1,cam12/e1/v1,rtmpose_baseline
full,03.CCTV Mobile Usage.mkv,632de9ed55947761d56d4c6142a3cb1a1fe69d0b1a6d0e01a2e404c697962623,dfine_native,181400.0,stationery,0.4834,113.65,437.05,167.08,508.88,3838.2,53.43,71.83,0.744,False,,True,S-61,50,evt_S-61_desk_work_surface_0011,84f5059eb8ce5fa4,pose_hand_context,,33760.4,3.48,,1,cam12/e1/v1,rtmpose_baseline
full,03.CCTV Mobile Usage.mkv,632de9ed55947761d56d4c6142a3cb1a1fe69d0b1a6d0e01a2e404c697962623,dfine_native,181400.0,unknown_object,0.305,111.07,422.78,294.87,603.46,33208.4,183.8,180.68,1.017,False,,True,S-61,50,evt_S-61_desk_work_surface_0011,84f5059eb8ce5fa4,pose_hand_context,,33760.4,3.48,,1,cam12/e1/v1,rtmpose_baseline
full,03.CCTV Mobile Usage.mkv,632de9ed55947761d56d4c6142a3cb1a1fe69d0b1a6d0e01a2e404c697962623,dfine_native,181400.0,unknown_object,0.329,110.99,500.94,218.13,603.45,10982.8,107.14,102.51,1.045,False,,True,S-61,50,evt_S-61_desk_work_surface_0011,84f5059eb8ce5fa4,pose_hand_context,,33760.4,3.48,,1,cam12/e1/v1,rtmpose_baseline
full,03.CCTV Mobile Usage.mkv,632de9ed55947761d56d4c6142a3cb1a1fe69d0b1a6d0e01a2e404c697962623,dfine_native,181400.0,unknown_object,0.2731,111.0,425.66,219.8,603.41,19341.6,108.81,177.76,0.612,False,,True,S-61,50,evt_S-61_desk_work_surface_0011,84f5059eb8ce5fa4,pose_hand_context,,33760.4,3.48,,1,cam12/e1/v1,rtmpose_baseline
full,03.CCTV Mobile Usage.mkv,632de9ed55947761d56d4c6142a3cb1a1fe69d0b1a6d0e01a2e404c697962623,dfine_native,181400.0,stationery,0.2728,111.0,449.33,145.98,511.79,2184.2,34.97,62.45,0.56,False,,True,S-61,50,evt_S-61_desk_work_surface_0011,84f5059eb8ce5fa4,pose_hand_context,,33760.4,3.48,,1,cam12/e1/v1,rtmpose_baseline
full,03.CCTV Mobile Usage.mkv,632de9ed55947761d56d4c6142a3cb1a1fe69d0b1a6d0e01a2e404c697962623,dfine_native,181900.0,unknown_object,0.2637,102.01,499.93,216.64,598.41,11289.0,114.63,98.48,1.164,False,,True,S-61,50,evt_S-61_desk_work_surface_0011,69c4ad3f30796d74,pose_hand_context,,37581.7,3.3,,1,cam12/e1/v1,rtmpose_baseline
full,03.CCTV Mobile Usage.mkv,632de9ed55947761d56d4c6142a3cb1a1fe69d0b1a6d0e01a2e404c697962623,dfine_native,181900.0,unknown_object,0.3053,102.04,405.5,295.81,598.35,37370.6,193.77,192.86,1.005,False,,True,S-61,50,evt_S-61_desk_work_surface_0011,69c4ad3f30796d74,pose_hand_context,,37581.7,3.3,,1,cam12/e1/v1,rtmpose_baseline
full,03.CCTV Mobile Usage.mkv,632de9ed55947761d56d4c6142a3cb1a1fe69d0b1a6d0e01a2e404c697962623,dfine_native,182400.0,unknown_object,0.3868,95.02,497.55,241.58,627.0,18971.5,146.56,129.44,1.132,False,,True,S-61,50,evt_S-61_desk_work_surface_0011,81b28dda6ac20991,pose_hand_context,,50176.0,2.86,,1,cam12/e1/v1,rtmpose_baseline
full,03.CCTV Mobile Usage.mkv,632de9ed55947761d56d4c6142a3cb1a1fe69d0b1a6d0e01a2e404c697962623,dfine_native,182400.0,unknown_object,0.3003,158.66,453.49,189.43,481.71,868.2,30.77,28.22,1.09,False,,True,S-61,50,evt_S-61_desk_work_surface_0011,81b28dda6ac20991,pose_hand_context,,50176.0,2.86,,1,cam12/e1/v1,rtmpose_baseline
full,03.CCTV Mobile Usage.mkv,632de9ed55947761d56d4c6142a3cb1a1fe69d0b1a6d0e01a2e404c697962623,dfine_native,182400.0,unknown_object,0.4025,94.99,413.78,164.08,508.85,6568.0,69.09,95.07,0.727,False,,True,S-61,50,evt_S-61_desk_work_surface_0011,81b28dda6ac20991,pose_hand_context,,50176.0,2.86,,1,cam12/e1/v1,rtmpose_baseline
full,03.CCTV Mobile Usage.mkv,632de9ed55947761d56d4c6142a3cb1a1fe69d0b1a6d0e01a2e404c697962623,dfine_native,182400.0,unknown_object,0.2803,94.99,413.14,190.78,509.54,9234.1,95.79,96.4,0.994,False,,True,S-61,50,evt_S-61_desk_work_surface_0011,81b28dda6ac20991,pose_hand_context,,50176.0,2.86,,1,cam12/e1/v1,rtmpose_baseline
full,03.CCTV Mobile Usage.mkv,632de9ed55947761d56d4c6142a3cb1a1fe69d0b1a6d0e01a2e404c697962623,dfine_native,182400.0,monitor_or_bezel,0.3488,95.04,413.11,242.82,626.89,31592.9,147.78,213.78,0.691,False,,True,S-61,50,evt_S-61_desk_work_surface_0011,81b28dda6ac20991,pose_hand_context,,50176.0,2.86,,1,cam12/e1/v1,rtmpose_baseline
full,03.CCTV Mobile Usage.mkv,632de9ed55947761d56d4c6142a3cb1a1fe69d0b1a6d0e01a2e404c697962623,dfine_native,182900.0,unknown_object,0.3822,58.04,358.46,85.74,446.06,2426.9,27.7,87.6,0.316,False,,True,S-61,50,evt_S-61_desk_work_surface_0011,67da8fb03982df7d,pose_hand_context,,44977.9,3.02,,1,cam12/e1/v1,rtmpose_baseline
full,03.CCTV Mobile Usage.mkv,632de9ed55947761d56d4c6142a3cb1a1fe69d0b1a6d0e01a2e404c697962623,dfine_native,182900.0,phone,0.2805,57.99,443.85,71.92,467.77,333.1,13.93,23.92,0.582,False,,True,S-61,50,evt_S-61_desk_work_surface_0011,67da8fb03982df7d,pose_hand_context,,44977.9,3.02,,1,cam12/e1/v1,rtmpose_baseline
full,03.CCTV Mobile Usage.mkv,632de9ed55947761d56d4c6142a3cb1a1fe69d0b1a6d0e01a2e404c697962623,dfine_native,182900.0,unknown_object,0.2633,111.44,332.01,198.61,459.82,11140.7,87.17,127.81,0.682,False,,True,S-61,50,evt_S-61_desk_work_surface_0011,67da8fb03982df7d,pose_hand_context,,44977.9,3.02,,1,cam12/e1/v1,rtmpose_baseline
full,03.CCTV Mobile Usage.mkv,632de9ed55947761d56d4c6142a3cb1a1fe69d0b1a6d0e01a2e404c697962623,dfine_native,182900.0,unknown_object,0.26,125.54,348.78,197.9,458.89,7968.0,72.37,110.11,0.657,False,,True,S-61,50,evt_S-61_desk_work_surface_0011,67da8fb03982df7d,pose_hand_context,,44977.9,3.02,,1,cam12/e1/v1,rtmpose_baseline
full,03.CCTV Mobile Usage.mkv,632de9ed55947761d56d4c6142a3cb1a1fe69d0b1a6d0e01a2e404c697962623,dfine_native,182900.0,unknown_object,0.3844,57.97,358.5,84.47,408.78,1332.4,26.5,50.28,0.527,False,,True,S-61,50,evt_S-61_desk_work_surface_0011,67da8fb03982df7d,pose_hand_context,,44977.9,3.02,,1,cam12/e1/v1,rtmpose_baseline
full,03.CCTV Mobile Usage.mkv,632de9ed55947761d56d4c6142a3cb1a1fe69d0b1a6d0e01a2e404c697962623,dfine_native,182900.0,unknown_object,0.2744,58.02,358.02,87.03,471.4,3289.5,29.01,113.38,0.256,False,,True,S-61,50,evt_S-61_desk_work_surface_0011,67da8fb03982df7d,pose_hand_context,,44977.9,3.02,,1,cam12/e1/v1,rtmpose_baseline
full,03.CCTV Mobile Usage.mkv,632de9ed55947761d56d4c6142a3cb1a1fe69d0b1a6d0e01a2e404c697962623,dfine_native,182900.0,unknown_object,0.2736,58.01,357.73,86.97,476.41,3436.3,28.95,118.69,0.244,False,,True,S-61,50,evt_S-61_desk_work_surface_0011,67da8fb03982df7d,pose_hand_context,,44977.9,3.02,,1,cam12/e1/v1,rtmpose_baseline
full,03.CCTV Mobile Usage.mkv,632de9ed55947761d56d4c6142a3cb1a1fe69d0b1a6d0e01a2e404c697962623,dfine_native,182900.0,unknown_object,0.3073,112.74,348.21,198.5,459.97,9583.5,85.75,111.76,0.767,False,,True,S-61,50,evt_S-61_desk_work_surface_0011,67da8fb03982df7d,pose_hand_context,,44977.9,3.02,,1,cam12/e1/v1,rtmpose_baseline
full,03.CCTV Mobile Usage.mkv,632de9ed55947761d56d4c6142a3cb1a1fe69d0b1a6d0e01a2e404c697962623,dfine_native,182900.0,unknown_object,0.2541,58.13,331.44,199.01,457.37,17740.9,140.87,125.93,1.119,False,,True,S-61,50,evt_S-61_desk_work_surface_0011,67da8fb03982df7d,pose_hand_context,,44977.9,3.02,,1,cam12/e1/v1,rtmpose_baseline
full,03.CCTV Mobile Usage.mkv,632de9ed55947761d56d4c6142a3cb1a1fe69d0b1a6d0e01a2e404c697962623,dfine_native,183400.0,unknown_object,0.4359,54.97,356.36,84.23,409.73,1561.7,29.26,53.38,0.548,False,,True,S-61,50,evt_S-61_desk_work_surface_0011,6a3d6b002a8f268a,pose_hand_context,,43781.4,3.06,,1,cam12/e1/v1,rtmpose_baseline
full,03.CCTV Mobile Usage.mkv,632de9ed55947761d56d4c6142a3cb1a1fe69d0b1a6d0e01a2e404c697962623,dfine_native,183400.0,unknown_object,0.3801,55.1,354.17,189.56,530.41,23697.3,134.46,176.24,0.763,False,,True,S-61,50,evt_S-61_desk_work_surface_0011,6a3d6b002a8f268a,pose_hand_context,,43781.4,3.06,,1,cam12/e1/v1,rtmpose_baseline
full,03.CCTV Mobile Usage.mkv,632de9ed55947761d56d4c6142a3cb1a1fe69d0b1a6d0e01a2e404c697962623,dfine_native,183400.0,unknown_object,0.3577,55.0,356.09,85.42,443.91,2672.1,30.42,87.83,0.346,False,,True,S-61,50,evt_S-61_desk_work_surface_0011,6a3d6b002a8f268a,pose_hand_context,,43781.4,3.06,,1,cam12/e1/v1,rtmpose_baseline
full,03.CCTV Mobile Usage.mkv,632de9ed55947761d56d4c6142a3cb1a1fe69d0b1a6d0e01a2e404c697962623,dfine_native,183400.0,phone,0.2644,55.0,443.93,71.88,469.71,435.2,16.88,25.79,0.654,False,,True,S-61,50,evt_S-61_desk_work_surface_0011,6a3d6b002a8f268a,pose_hand_context,,43781.4,3.06,,1,cam12/e1/v1,rtmpose_baseline
full,03.CCTV Mobile Usage.mkv,632de9ed55947761d56d4c6142a3cb1a1fe69d0b1a6d0e01a2e404c697962623,dfine_native,183400.0,unknown_object,0.3649,55.24,355.18,263.86,530.8,36637.0,208.61,175.62,1.188,False,,True,S-61,50,evt_S-61_desk_work_surface_0011,6a3d6b002a8f268a,pose_hand_context,,43781.4,3.06,,1,cam12/e1/v1,rtmpose_baseline
full,03.CCTV Mobile Usage.mkv,632de9ed55947761d56d4c6142a3cb1a1fe69d0b1a6d0e01a2e404c697962623,dfine_native,183400.0,unknown_object,0.3041,55.02,326.17,187.28,530.29,26994.5,132.25,204.11,0.648,False,,True,S-61,50,evt_S-61_desk_work_surface_0011,6a3d6b002a8f268a,pose_hand_context,,43781.4,3.06,,1,cam12/e1/v1,rtmpose_baseline
full,03.CCTV Mobile Usage.mkv,632de9ed55947761d56d4c6142a3cb1a1fe69d0b1a6d0e01a2e404c697962623,dfine_native,183900.0,unknown_object,0.5183,133.74,406.27,189.91,466.35,3374.5,56.16,60.08,0.935,False,,True,S-61,50,evt_S-61_desk_work_surface_0011,59b6bfd1e62d29fb,pose_hand_context,,48461.6,2.91,,1,cam12/e1/v1,rtmpose_baseline
full,03.CCTV Mobile Usage.mkv,632de9ed55947761d56d4c6142a3cb1a1fe69d0b1a6d0e01a2e404c697962623,dfine_native,183900.0,unknown_object,0.5828,74.1,378.8,293.85,597.09,47969.3,219.75,218.29,1.007,False,,True,S-61,50,evt_S-61_desk_work_surface_0011,59b6bfd1e62d29fb,pose_hand_context,,48461.6,2.91,,1,cam12/e1/v1,rtmpose_baseline
full,03.CCTV Mobile Usage.mkv,632de9ed55947761d56d4c6142a3cb1a1fe69d0b1a6d0e01a2e404c697962623,dfine_native,183900.0,unknown_object,0.3412,134.32,428.09,177.88,464.6,1590.7,43.57,36.51,1.193,False,,True,S-61,50,evt_S-61_desk_work_surface_0011,59b6bfd1e62d29fb,pose_hand_context,,48461.6,2.91,,1,cam12/e1/v1,rtmpose_baseline
full,03.CCTV Mobile Usage.mkv,632de9ed55947761d56d4c6142a3cb1a1fe69d0b1a6d0e01a2e404c697962623,dfine_native,183900.0,unknown_object,0.3289,133.65,378.23,204.69,465.65,6210.7,71.04,87.42,0.813,False,,True,S-61,50,evt_S-61_desk_work_surface_0011,59b6bfd1e62d29fb,pose_hand_context,,48461.6,2.91,,1,cam12/e1/v1,rtmpose_baseline
full,03.CCTV Mobile Usage.mkv,632de9ed55947761d56d4c6142a3cb1a1fe69d0b1a6d0e01a2e404c697962623,dfine_native,183900.0,unknown_object,0.4457,126.78,406.26,189.98,476.39,4432.3,63.2,70.13,0.901,False,,True,S-61,50,evt_S-61_desk_work_surface_0011,59b6bfd1e62d29fb,pose_hand_context,,48461.6,2.91,,1,cam12/e1/v1,rtmpose_baseline
full,03.CCTV Mobile Usage.mkv,632de9ed55947761d56d4c6142a3cb1a1fe69d0b1a6d0e01a2e404c697962623,dfine_native,183900.0,unknown_object,0.2553,74.03,414.93,293.93,597.13,40065.1,219.9,182.2,1.207,False,,True,S-61,50,evt_S-61_desk_work_surface_0011,59b6bfd1e62d29fb,pose_hand_context,,48461.6,2.91,,1,cam12/e1/v1,rtmpose_baseline
full,03.CCTV Mobile Usage.mkv,632de9ed55947761d56d4c6142a3cb1a1fe69d0b1a6d0e01a2e404c697962623,dfine_native,183900.0,unknown_object,0.277,127.01,378.13,203.31,475.23,7407.9,76.3,97.09,0.786,False,,True,S-61,50,evt_S-61_desk_work_surface_0011,59b6bfd1e62d29fb,pose_hand_context,,48461.6,2.91,,1,cam12/e1/v1,rtmpose_baseline
full,03.CCTV Mobile Usage.mkv,632de9ed55947761d56d4c6142a3cb1a1fe69d0b1a6d0e01a2e404c697962623,dfine_native,183900.0,unknown_object,0.2577,74.08,469.44,293.83,597.43,28126.8,219.75,127.99,1.717,False,,True,S-61,50,evt_S-61_desk_work_surface_0011,59b6bfd1e62d29fb,pose_hand_context,,48461.6,2.91,,1,cam12/e1/v1,rtmpose_baseline
full,03.CCTV Mobile Usage.mkv,632de9ed55947761d56d4c6142a3cb1a1fe69d0b1a6d0e01a2e404c697962623,dfine_native,183900.0,unknown_object,0.3389,73.98,379.33,215.81,596.68,30825.7,141.83,217.34,0.653,False,,True,S-61,50,evt_S-61_desk_work_surface_0011,59b6bfd1e62d29fb,pose_hand_context,,48461.6,2.91,,1,cam12/e1/v1,rtmpose_baseline
full,03.CCTV Mobile Usage.mkv,632de9ed55947761d56d4c6142a3cb1a1fe69d0b1a6d0e01a2e404c697962623,dfine_native,183900.0,unknown_object,0.278,74.28,379.36,285.17,597.05,45907.9,210.89,217.69,0.969,False,,True,S-61,50,evt_S-61_desk_work_surface_0011,59b6bfd1e62d29fb,pose_hand_context,,48461.6,2.91,,1,cam12/e1/v1,rtmpose_baseline
full,03.CCTV Mobile Usage.mkv,632de9ed55947761d56d4c6142a3cb1a1fe69d0b1a6d0e01a2e404c697962623,dfine_native,183900.0,unknown_object,0.2855,74.08,449.92,293.96,597.32,32408.8,219.88,147.4,1.492,False,,True,S-61,50,evt_S-61_desk_work_surface_0011,59b6bfd1e62d29fb,pose_hand_context,,48461.6,2.91,,1,cam12/e1/v1,rtmpose_baseline
full,03.CCTV Mobile Usage.mkv,632de9ed55947761d56d4c6142a3cb1a1fe69d0b1a6d0e01a2e404c697962623,dfine_native,184400.0,unknown_object,0.3377,55.98,355.85,84.58,409.67,1539.1,28.59,53.82,0.531,False,,True,S-61,50,evt_S-61_desk_work_surface_0011,a6d8ef295a0de6a6,pose_hand_context,,50229.8,2.86,,1,cam12/e1/v1,rtmpose_baseline
full,03.CCTV Mobile Usage.mkv,632de9ed55947761d56d4c6142a3cb1a1fe69d0b1a6d0e01a2e404c697962623,dfine_native,184400.0,unknown_object,0.3488,56.01,355.47,86.23,445.27,2714.0,30.22,89.8,0.337,False,,True,S-61,50,evt_S-61_desk_work_surface_0011,a6d8ef295a0de6a6,pose_hand_context,,50229.8,2.86,,1,cam12/e1/v1,rtmpose_baseline
full,03.CCTV Mobile Usage.mkv,632de9ed55947761d56d4c6142a3cb1a1fe69d0b1a6d0e01a2e404c697962623,dfine_native,184400.0,unknown_object,0.35,138.14,406.93,189.71,489.41,4253.2,51.56,82.49,0.625,False,,True,S-61,50,evt_S-61_desk_work_surface_0011,a6d8ef295a0de6a6,pose_hand_context,,50229.8,2.86,,1,cam12/e1/v1,rtmpose_baseline
full,03.CCTV Mobile Usage.mkv,632de9ed55947761d56d4c6142a3cb1a1fe69d0b1a6d0e01a2e404c697962623,dfine_native,184400.0,phone,0.2646,56.0,444.17,71.54,468.74,381.6,15.53,24.57,0.632,False,,True,S-61,50,evt_S-61_desk_work_surface_0011,a6d8ef295a0de6a6,pose_hand_context,,50229.8,2.86,,1,cam12/e1/v1,rtmpose_baseline
full,03.CCTV Mobile Usage.mkv,632de9ed55947761d56d4c6142a3cb1a1fe69d0b1a6d0e01a2e404c697962623,dfine_native,184400.0,unknown_object,0.2772,56.1,324.12,208.44,545.84,33778.5,152.35,221.72,0.687,False,,True,S-61,50,evt_S-61_desk_work_surface_0011,a6d8ef295a0de6a6,pose_hand_context,,50229.8,2.86,,1,cam12/e1/v1,rtmpose_baseline
full,03.CCTV Mobile Usage.mkv,632de9ed55947761d56d4c6142a3cb1a1fe69d0b1a6d0e01a2e404c697962623,dfine_native,184400.0,unknown_object,0.2911,125.51,431.2,189.87,507.04,4880.8,64.36,75.84,0.849,False,,True,S-61,50,evt_S-61_desk_work_surface_0011,a6d8ef295a0de6a6,pose_hand_context,,50229.8,2.86,,1,cam12/e1/v1,rtmpose_baseline
full,03.CCTV Mobile Usage.mkv,632de9ed55947761d56d4c6142a3cb1a1fe69d0b1a6d0e01a2e404c697962623,dfine_native,184400.0,unknown_object,0.2642,139.45,431.62,188.61,485.62,2654.4,49.15,54.0,0.91,False,,True,S-61,50,evt_S-61_desk_work_surface_0011,a6d8ef295a0de6a6,pose_hand_context,,50229.8,2.86,,1,cam12/e1/v1,rtmpose_baseline
full,03.CCTV Mobile Usage.mkv,632de9ed55947761d56d4c6142a3cb1a1fe69d0b1a6d0e01a2e404c697962623,dfine_native,184400.0,unknown_object,0.3125,56.0,357.27,209.0,545.78,28843.3,153.0,188.51,0.812,False,,True,S-61,50,evt_S-61_desk_work_surface_0011,a6d8ef295a0de6a6,pose_hand_context,,50229.8,2.86,,1,cam12/e1/v1,rtmpose_baseline
full,03.CCTV Mobile Usage.mkv,632de9ed55947761d56d4c6142a3cb1a1fe69d0b1a6d0e01a2e404c697962623,dfine_native,184400.0,unknown_object,0.2801,123.2,406.97,190.74,504.91,6615.9,67.54,97.95,0.69,False,,True,S-61,50,evt_S-61_desk_work_surface_0011,a6d8ef295a0de6a6,pose_hand_context,,50229.8,2.86,,1,cam12/e1/v1,rtmpose_baseline
full,03.CCTV Mobile Usage.mkv,632de9ed55947761d56d4c6142a3cb1a1fe69d0b1a6d0e01a2e404c697962623,dfine_native,184900.0,unknown_object,0.3628,62.05,381.72,207.82,533.18,22080.4,145.78,151.47,0.962,False,,True,S-61,50,evt_S-61_desk_work_surface_0011,7fdfd314c4f1fd2a,pose_hand_context,,41477.4,3.14,,1,cam12/e1/v1,rtmpose_baseline
full,03.CCTV Mobile Usage.mkv,632de9ed55947761d56d4c6142a3cb1a1fe69d0b1a6d0e01a2e404c697962623,dfine_native,184900.0,unknown_object,0.6187,61.97,335.6,208.19,533.17,28889.0,146.22,197.57,0.74,False,,True,S-61,50,evt_S-61_desk_work_surface_0011,7fdfd314c4f1fd2a,pose_hand_context,,41477.4,3.14,,1,cam12/e1/v1,rtmpose_baseline
full,03.CCTV Mobile Usage.mkv,632de9ed55947761d56d4c6142a3cb1a1fe69d0b1a6d0e01a2e404c697962623,dfine_native,184900.0,unknown_object,0.372,62.04,452.22,207.41,533.47,11811.0,145.37,81.25,1.789,False,,True,S-61,50,evt_S-61_desk_work_surface_0011,7fdfd314c4f1fd2a,pose_hand_context,,41477.4,3.14,,1,cam12/e1/v1,rtmpose_baseline
full,03.CCTV Mobile Usage.mkv,632de9ed55947761d56d4c6142a3cb1a1fe69d0b1a6d0e01a2e404c697962623,dfine_native,184900.0,unknown_object,0.3545,61.95,332.59,181.55,456.34,14800.6,119.6,123.75,0.966,False,,True,S-61,50,evt_S-61_desk_work_surface_0011,7fdfd314c4f1fd2a,pose_hand_context,,41477.4,3.14,,1,cam12/e1/v1,rtmpose_baseline
full,03.CCTV Mobile Usage.mkv,632de9ed55947761d56d4c6142a3cb1a1fe69d0b1a6d0e01a2e404c697962623,dfine_native,184900.0,unknown_object,0.2687,61.98,361.92,83.41,410.07,1032.1,21.44,48.15,0.445,False,,True,S-61,50,evt_S-61_desk_work_surface_0011,7fdfd314c4f1fd2a,pose_hand_context,,41477.4,3.14,,1,cam12/e1/v1,rtmpose_baseline
full,03.CCTV Mobile Usage.mkv,632de9ed55947761d56d4c6142a3cb1a1fe69d0b1a6d0e01a2e404c697962623,dfine_native,184900.0,unknown_object,0.2855,119.04,390.01,189.23,481.57,6426.9,70.2,91.56,0.767,False,,True,S-61,50,evt_S-61_desk_work_surface_0011,7fdfd314c4f1fd2a,pose_hand_context,,41477.4,3.14,,1,cam12/e1/v1,rtmpose_baseline
full,03.CCTV Mobile Usage.mkv,632de9ed55947761d56d4c6142a3cb1a1fe69d0b1a6d0e01a2e404c697962623,dfine_native,184900.0,unknown_object,0.3704,62.06,332.45,265.85,533.11,40892.2,203.79,200.66,1.016,False,,True,S-61,50,evt_S-61_desk_work_surface_0011,7fdfd314c4f1fd2a,pose_hand_context,,41477.4,3.14,,1,cam12/e1/v1,rtmpose_baseline
full,03.CCTV Mobile Usage.mkv,632de9ed55947761d56d4c6142a3cb1a1fe69d0b1a6d0e01a2e404c697962623,dfine_native,184900.0,unknown_object,0.2616,61.99,361.72,85.55,440.02,1844.9,23.56,78.3,0.301,False,,True,S-61,50,evt_S-61_desk_work_surface_0011,7fdfd314c4f1fd2a,pose_hand_context,,41477.4,3.14,,1,cam12/e1/v1,rtmpose_baseline
full,03.CCTV Mobile Usage.mkv,632de9ed55947761d56d4c6142a3cb1a1fe69d0b1a6d0e01a2e404c697962623,dfine_native,184900.0,unknown_object,0.4289,62.06,360.61,207.82,533.6,25216.5,145.77,172.99,0.843,False,,True,S-61,50,evt_S-61_desk_work_surface_0011,7fdfd314c4f1fd2a,pose_hand_context,,41477.4,3.14,,1,cam12/e1/v1,rtmpose_baseline
full,03.CCTV Mobile Usage.mkv,632de9ed55947761d56d4c6142a3cb1a1fe69d0b1a6d0e01a2e404c697962623,dfine_native,184900.0,unknown_object,0.2818,62.17,402.28,207.57,533.13,19025.8,145.4,130.85,1.111,False,,True,S-61,50,evt_S-61_desk_work_surface_0011,7fdfd314c4f1fd2a,pose_hand_context,,41477.4,3.14,,1,cam12/e1/v1,rtmpose_baseline
full,03.CCTV Mobile Usage.mkv,632de9ed55947761d56d4c6142a3cb1a1fe69d0b1a6d0e01a2e404c697962623,dfine_native,185400.0,stationery,0.5395,51.02,443.2,71.77,471.82,593.9,20.75,28.63,0.725,False,,True,S-61,50,evt_S-61_desk_work_surface_0011,b0653ea9c3887585,pose_hand_context,,50319.5,2.85,,1,cam12/e1/v1,rtmpose_baseline
full,03.CCTV Mobile Usage.mkv,632de9ed55947761d56d4c6142a3cb1a1fe69d0b1a6d0e01a2e404c697962623,dfine_native,185400.0,stationery,0.5108,51.02,492.63,97.83,557.24,3024.7,46.81,64.61,0.725,False,,True,S-61,50,evt_S-61_desk_work_surface_0011,b0653ea9c3887585,pose_hand_context,,50319.5,2.85,,1,cam12/e1/v1,rtmpose_baseline
full,03.CCTV Mobile Usage.mkv,632de9ed55947761d56d4c6142a3cb1a1fe69d0b1a6d0e01a2e404c697962623,dfine_native,185400.0,unknown_object,0.4715,51.02,356.31,85.69,441.13,2940.0,34.66,84.81,0.409,False,,True,S-61,50,evt_S-61_desk_work_surface_0011,b0653ea9c3887585,pose_hand_context,,50319.5,2.85,,1,cam12/e1/v1,rtmpose_baseline
full,03.CCTV Mobile Usage.mkv,632de9ed55947761d56d4c6142a3cb1a1fe69d0b1a6d0e01a2e404c697962623,dfine_native,185400.0,secondary_paper_chit,0.3057,123.34,484.45,207.18,554.18,5846.5,83.85,69.73,1.202,False,,True,S-61,50,evt_S-61_desk_work_surface_0011,b0653ea9c3887585,pose_hand_context,,50319.5,2.85,,1,cam12/e1/v1,rtmpose_baseline
full,03.CCTV Mobile Usage.mkv,632de9ed55947761d56d4c6142a3cb1a1fe69d0b1a6d0e01a2e404c697962623,dfine_native,185400.0,secondary_paper_chit,0.5135,50.85,484.21,207.33,557.32,11439.9,156.48,73.11,2.14,False,,True,S-61,50,evt_S-61_desk_work_surface_0011,b0653ea9c3887585,pose_hand_context,,50319.5,2.85,,1,cam12/e1/v1,rtmpose_baseline
full,03.CCTV Mobile Usage.mkv,632de9ed55947761d56d4c6142a3cb1a1fe69d0b1a6d0e01a2e404c697962623,dfine_native,185400.0,unknown_object,0.3208,126.64,406.2,182.4,499.71,5214.5,55.76,93.52,0.596,False,,True,S-61,50,evt_S-61_desk_work_surface_0011,b0653ea9c3887585,pose_hand_context,,50319.5,2.85,,1,cam12/e1/v1,rtmpose_baseline
full,03.CCTV Mobile Usage.mkv,632de9ed55947761d56d4c6142a3cb1a1fe69d0b1a6d0e01a2e404c697962623,dfine_native,185400.0,unknown_object,0.2528,51.16,335.04,274.65,556.33,49456.6,223.49,221.29,1.01,False,,True,S-61,50,evt_S-61_desk_work_surface_0011,b0653ea9c3887585,pose_hand_context,,50319.5,2.85,,1,cam12/e1/v1,rtmpose_baseline
full,03.CCTV Mobile Usage.mkv,632de9ed55947761d56d4c6142a3cb1a1fe69d0b1a6d0e01a2e404c697962623,dfine_native,185400.0,bag,0.3116,80.85,382.79,168.8,456.99,6525.8,87.95,74.2,1.185,False,,True,S-61,50,evt_S-61_desk_work_surface_0011,b0653ea9c3887585,pose_hand_context,,50319.5,2.85,,1,cam12/e1/v1,rtmpose_baseline
full,03.CCTV Mobile Usage.mkv,632de9ed55947761d56d4c6142a3cb1a1fe69d0b1a6d0e01a2e404c697962623,dfine_native,185400.0,secondary_paper_chit,0.2755,53.47,447.61,140.2,504.62,4944.0,86.72,57.01,1.521,False,,True,S-61,50,evt_S-61_desk_work_surface_0011,b0653ea9c3887585,pose_hand_context,,50319.5,2.85,,1,cam12/e1/v1,rtmpose_baseline
full,03.CCTV Mobile Usage.mkv,632de9ed55947761d56d4c6142a3cb1a1fe69d0b1a6d0e01a2e404c697962623,dfine_native,185400.0,bag,0.3032,79.91,368.57,173.69,457.05,8297.7,93.78,88.48,1.06,False,,True,S-61,50,evt_S-61_desk_work_surface_0011,b0653ea9c3887585,pose_hand_context,,50319.5,2.85,,1,cam12/e1/v1,rtmpose_baseline
full,03.CCTV Mobile Usage.mkv,632de9ed55947761d56d4c6142a3cb1a1fe69d0b1a6d0e01a2e404c697962623,dfine_native,185400.0,unknown_object,0.3114,51.14,354.93,207.41,556.42,31487.3,156.27,201.49,0.776,False,,True,S-61,50,evt_S-61_desk_work_surface_0011,b0653ea9c3887585,pose_hand_context,,50319.5,2.85,,1,cam12/e1/v1,rtmpose_baseline
full,03.CCTV Mobile Usage.mkv,632de9ed55947761d56d4c6142a3cb1a1fe69d0b1a6d0e01a2e404c697962623,dfine_native,185400.0,secondary_paper_chit,0.3342,82.18,484.49,206.99,557.14,9067.9,124.81,72.65,1.718,False,,True,S-61,50,evt_S-61_desk_work_surface_0011,b0653ea9c3887585,pose_hand_context,,50319.5,2.85,,1,cam12/e1/v1,rtmpose_baseline
full,03.CCTV Mobile Usage.mkv,632de9ed55947761d56d4c6142a3cb1a1fe69d0b1a6d0e01a2e404c697962623,dfine_native,185400.0,monitor_or_bezel,0.262,51.01,446.92,207.3,556.96,17197.2,156.29,110.03,1.42,False,,True,S-61,50,evt_S-61_desk_work_surface_0011,b0653ea9c3887585,pose_hand_context,,50319.5,2.85,,1,cam12/e1/v1,rtmpose_baseline
full,03.CCTV Mobile Usage.mkv,632de9ed55947761d56d4c6142a3cb1a1fe69d0b1a6d0e01a2e404c697962623,dfine_native,185400.0,secondary_paper_chit,0.2873,124.64,484.71,205.5,544.82,4860.4,80.86,60.11,1.345,False,,True,S-61,50,evt_S-61_desk_work_surface_0011,b0653ea9c3887585,pose_hand_context,,50319.5,2.85,,1,cam12/e1/v1,rtmpose_baseline
full,03.CCTV Mobile Usage.mkv,632de9ed55947761d56d4c6142a3cb1a1fe69d0b1a6d0e01a2e404c697962623,dfine_native,185900.0,phone,0.4379,52.01,443.71,71.79,471.6,551.9,19.79,27.89,0.709,False,,True,S-61,50,evt_S-61_desk_work_surface_0011,4e9267c05a309422,pose_hand_context,,50319.5,2.85,,1,cam12/e1/v1,rtmpose_baseline
full,03.CCTV Mobile Usage.mkv,632de9ed55947761d56d4c6142a3cb1a1fe69d0b1a6d0e01a2e404c697962623,dfine_native,185900.0,bag,0.3836,80.92,383.97,160.24,456.84,5780.0,79.32,72.87,1.089,False,,True,S-61,50,evt_S-61_desk_work_surface_0011,4e9267c05a309422,pose_hand_context,,50319.5,2.85,,1,cam12/e1/v1,rtmpose_baseline
full,03.CCTV Mobile Usage.mkv,632de9ed55947761d56d4c6142a3cb1a1fe69d0b1a6d0e01a2e404c697962623,dfine_native,185900.0,unknown_object,0.2913,52.0,356.18,85.88,439.11,2809.7,33.88,82.93,0.409,False,,True,S-61,50,evt_S-61_desk_work_surface_0011,4e9267c05a309422,pose_hand_context,,50319.5,2.85,,1,cam12/e1/v1,rtmpose_baseline
full,03.CCTV Mobile Usage.mkv,632de9ed55947761d56d4c6142a3cb1a1fe69d0b1a6d0e01a2e404c697962623,dfine_native,185900.0,unknown_object,0.3151,51.96,356.29,84.26,409.2,1708.9,32.3,52.91,0.61,False,,True,S-61,50,evt_S-61_desk_work_surface_0011,4e9267c05a309422,pose_hand_context,,50319.5,2.85,,1,cam12/e1/v1,rtmpose_baseline
full,03.CCTV Mobile Usage.mkv,632de9ed55947761d56d4c6142a3cb1a1fe69d0b1a6d0e01a2e404c697962623,dfine_native,185900.0,stationery,0.2579,51.96,492.83,102.09,560.61,3398.0,50.13,67.79,0.74,False,,True,S-61,50,evt_S-61_desk_work_surface_0011,4e9267c05a309422,pose_hand_context,,50319.5,2.85,,1,cam12/e1/v1,rtmpose_baseline
full,03.CCTV Mobile Usage.mkv,632de9ed55947761d56d4c6142a3cb1a1fe69d0b1a6d0e01a2e404c697962623,dfine_native,185900.0,bag,0.2589,79.31,368.38,167.58,457.22,7841.6,88.27,88.84,0.994,False,,True,S-61,50,evt_S-61_desk_work_surface_0011,4e9267c05a309422,pose_hand_context,,50319.5,2.85,,1,cam12/e1/v1,rtmpose_baseline
full,03.CCTV Mobile Usage.mkv,632de9ed55947761d56d4c6142a3cb1a1fe69d0b1a6d0e01a2e404c697962623,dfine_native,186400.0,stationery,0.5148,51.03,443.09,71.82,471.87,598.4,20.79,28.78,0.722,False,,True,S-61,50,evt_S-61_desk_work_surface_0011,acaea8246239f7b8,pose_hand_context,,50616.0,2.84,,1,cam12/e1/v1,rtmpose_baseline
full,03.CCTV Mobile Usage.mkv,632de9ed55947761d56d4c6142a3cb1a1fe69d0b1a6d0e01a2e404c697962623,dfine_native,186400.0,unknown_object,0.5372,51.0,356.27,85.49,439.91,2885.0,34.49,83.64,0.412,False,,True,S-61,50,evt_S-61_desk_work_surface_0011,acaea8246239f7b8,pose_hand_context,,50616.0,2.84,,1,cam12/e1/v1,rtmpose_baseline
full,03.CCTV Mobile Usage.mkv,632de9ed55947761d56d4c6142a3cb1a1fe69d0b1a6d0e01a2e404c697962623,dfine_native,186400.0,stationery,0.4848,51.05,490.68,176.11,563.28,9078.7,125.06,72.6,1.723,False,,True,S-61,50,evt_S-61_desk_work_surface_0011,acaea8246239f7b8,pose_hand_context,,50616.0,2.84,,1,cam12/e1/v1,rtmpose_baseline
full,03.CCTV Mobile Usage.mkv,632de9ed55947761d56d4c6142a3cb1a1fe69d0b1a6d0e01a2e404c697962623,dfine_native,186400.0,bag,0.3582,81.68,384.57,160.48,456.78,5690.1,78.8,72.21,1.091,False,,True,S-61,50,evt_S-61_desk_work_surface_0011,acaea8246239f7b8,pose_hand_context,,50616.0,2.84,,1,cam12/e1/v1,rtmpose_baseline
full,03.CCTV Mobile Usage.mkv,632de9ed55947761d56d4c6142a3cb1a1fe69d0b1a6d0e01a2e404c697962623,dfine_native,186400.0,stationery,0.4711,51.01,491.79,101.87,563.03,3624.2,50.87,71.25,0.714,False,,True,S-61,50,evt_S-61_desk_work_surface_0011,acaea8246239f7b8,pose_hand_context,,50616.0,2.84,,1,cam12/e1/v1,rtmpose_baseline
full,03.CCTV Mobile Usage.mkv,632de9ed55947761d56d4c6142a3cb1a1fe69d0b1a6d0e01a2e404c697962623,dfine_native,186400.0,unknown_object,0.2628,50.95,356.26,83.76,408.43,1712.1,32.81,52.18,0.629,False,,True,S-61,50,evt_S-61_desk_work_surface_0011,acaea8246239f7b8,pose_hand_context,,50616.0,2.84,,1,cam12/e1/v1,rtmpose_baseline
full,03.CCTV Mobile Usage.mkv,632de9ed55947761d56d4c6142a3cb1a1fe69d0b1a6d0e01a2e404c697962623,dfine_native,186900.0,stationery,0.4128,47.79,442.32,72.0,471.12,697.4,24.21,28.81,0.84,False,,True,S-61,50,evt_S-61_desk_work_surface_0011,b7bdb405893ab3c6,pose_hand_context,,53527.4,2.77,,1,cam12/e1/v1,rtmpose_baseline
full,03.CCTV Mobile Usage.mkv,632de9ed55947761d56d4c6142a3cb1a1fe69d0b1a6d0e01a2e404c697962623,dfine_native,186900.0,unknown_object,0.4418,47.95,356.18,85.45,438.35,3081.2,37.5,82.17,0.456,False,,True,S-61,50,evt_S-61_desk_work_surface_0011,b7bdb405893ab3c6,pose_hand_context,,53527.4,2.77,,1,cam12/e1/v1,rtmpose_baseline
full,03.CCTV Mobile Usage.mkv,632de9ed55947761d56d4c6142a3cb1a1fe69d0b1a6d0e01a2e404c697962623,dfine_native,186900.0,stationery,0.4738,48.06,491.44,173.67,559.58,8559.8,125.62,68.14,1.844,False,,True,S-61,50,evt_S-61_desk_work_surface_0011,b7bdb405893ab3c6,pose_hand_context,,53527.4,2.77,,1,cam12/e1/v1,rtmpose_baseline
full,03.CCTV Mobile Usage.mkv,632de9ed55947761d56d4c6142a3cb1a1fe69d0b1a6d0e01a2e404c697962623,dfine_native,186900.0,bag,0.4017,80.95,383.33,170.68,456.32,6549.1,89.72,72.99,1.229,False,,True,S-61,50,evt_S-61_desk_work_surface_0011,b7bdb405893ab3c6,pose_hand_context,,53527.4,2.77,,1,cam12/e1/v1,rtmpose_baseline
full,03.CCTV Mobile Usage.mkv,632de9ed55947761d56d4c6142a3cb1a1fe69d0b1a6d0e01a2e404c697962623,dfine_native,186900.0,phone,0.2522,162.66,530.79,206.06,548.94,787.6,43.4,18.15,2.391,False,,True,S-61,50,evt_S-61_desk_work_surface_0011,b7bdb405893ab3c6,pose_hand_context,,53527.4,2.77,,1,cam12/e1/v1,rtmpose_baseline
full,03.CCTV Mobile Usage.mkv,632de9ed55947761d56d4c6142a3cb1a1fe69d0b1a6d0e01a2e404c697962623,dfine_native,186900.0,phone,0.306,122.14,480.97,173.08,510.9,1524.6,50.94,29.93,1.702,False,,True,S-61,50,evt_S-61_desk_work_surface_0011,b7bdb405893ab3c6,pose_hand_context,,53527.4,2.77,,1,cam12/e1/v1,rtmpose_baseline
full,03.CCTV Mobile Usage.mkv,632de9ed55947761d56d4c6142a3cb1a1fe69d0b1a6d0e01a2e404c697962623,dfine_native,186900.0,bag,0.2715,79.85,367.43,173.95,456.39,8371.3,94.1,88.96,1.058,False,,True,S-61,50,evt_S-61_desk_work_surface_0011,b7bdb405893ab3c6,pose_hand_context,,53527.4,2.77,,1,cam12/e1/v1,rtmpose_baseline
full,03.CCTV Mobile Usage.mkv,632de9ed55947761d56d4c6142a3cb1a1fe69d0b1a6d0e01a2e404c697962623,dfine_native,187400.0,phone,0.5777,123.74,474.68,144.77,488.74,295.6,21.02,14.06,1.495,False,,True,S-61,50,evt_S-61_desk_work_surface_0011,b67c8f4f7933e382,pose_hand_context,,34210.2,3.46,,1,cam12/e1/v1,rtmpose_baseline
full,03.CCTV Mobile Usage.mkv,632de9ed55947761d56d4c6142a3cb1a1fe69d0b1a6d0e01a2e404c697962623,dfine_native,187400.0,unknown_object,0.3953,68.0,368.73,84.81,440.33,1203.8,16.81,71.61,0.235,False,,True,S-61,50,evt_S-61_desk_work_surface_0011,b67c8f4f7933e382,pose_hand_context,,34210.2,3.46,,1,cam12/e1/v1,rtmpose_baseline
full,03.CCTV Mobile Usage.mkv,632de9ed55947761d56d4c6142a3cb1a1fe69d0b1a6d0e01a2e404c697962623,dfine_native,187400.0,bag,0.4222,80.74,384.88,170.11,456.34,6386.0,89.37,71.45,1.251,False,,True,S-61,50,evt_S-61_desk_work_surface_0011,b67c8f4f7933e382,pose_hand_context,,34210.2,3.46,,1,cam12/e1/v1,rtmpose_baseline
full,03.CCTV Mobile Usage.mkv,632de9ed55947761d56d4c6142a3cb1a1fe69d0b1a6d0e01a2e404c697962623,dfine_native,187400.0,unknown_object,0.3394,68.15,346.04,221.37,528.23,27915.5,153.23,182.18,0.841,False,,True,S-61,50,evt_S-61_desk_work_surface_0011,b67c8f4f7933e382,pose_hand_context,,34210.2,3.46,,1,cam12/e1/v1,rtmpose_baseline
full,03.CCTV Mobile Usage.mkv,632de9ed55947761d56d4c6142a3cb1a1fe69d0b1a6d0e01a2e404c697962623,dfine_native,187400.0,secondary_paper_chit,0.2872,72.92,454.68,183.63,486.71,3545.8,110.71,32.03,3.457,False,,True,S-61,50,evt_S-61_desk_work_surface_0011,b67c8f4f7933e382,pose_hand_context,,34210.2,3.46,,1,cam12/e1/v1,rtmpose_baseline
full,03.CCTV Mobile Usage.mkv,632de9ed55947761d56d4c6142a3cb1a1fe69d0b1a6d0e01a2e404c697962623,dfine_native,187400.0,phone,0.3081,123.99,477.97,144.29,488.64,216.7,20.3,10.68,1.902,False,,True,S-61,50,evt_S-61_desk_work_surface_0011,b67c8f4f7933e382,pose_hand_context,,34210.2,3.46,,1,cam12/e1/v1,rtmpose_baseline
full,03.CCTV Mobile Usage.mkv,632de9ed55947761d56d4c6142a3cb1a1fe69d0b1a6d0e01a2e404c697962623,dfine_native,187400.0,unknown_object,0.2789,68.05,344.91,252.91,528.19,33880.6,184.86,183.28,1.009,False,,True,S-61,50,evt_S-61_desk_work_surface_0011,b67c8f4f7933e382,pose_hand_context,,34210.2,3.46,,1,cam12/e1/v1,rtmpose_baseline
full,03.CCTV Mobile Usage.mkv,632de9ed55947761d56d4c6142a3cb1a1fe69d0b1a6d0e01a2e404c697962623,dfine_native,187400.0,unknown_object,0.318,68.18,421.07,198.72,528.03,13962.0,130.54,106.96,1.22,False,,True,S-61,50,evt_S-61_desk_work_surface_0011,b67c8f4f7933e382,pose_hand_context,,34210.2,3.46,,1,cam12/e1/v1,rtmpose_baseline
full,03.CCTV Mobile Usage.mkv,632de9ed55947761d56d4c6142a3cb1a1fe69d0b1a6d0e01a2e404c697962623,dfine_native,187400.0,unknown_object,0.2615,68.01,399.65,84.82,443.73,741.1,16.81,44.08,0.381,False,,True,S-61,50,evt_S-61_desk_work_surface_0011,b67c8f4f7933e382,pose_hand_context,,34210.2,3.46,,1,cam12/e1/v1,rtmpose_baseline
full,03.CCTV Mobile Usage.mkv,632de9ed55947761d56d4c6142a3cb1a1fe69d0b1a6d0e01a2e404c697962623,dfine_native,187400.0,unknown_object,0.3247,68.11,345.76,198.7,527.82,23777.1,130.59,182.07,0.717,False,,True,S-61,50,evt_S-61_desk_work_surface_0011,b67c8f4f7933e382,pose_hand_context,,34210.2,3.46,,1,cam12/e1/v1,rtmpose_baseline
full,03.CCTV Mobile Usage.mkv,632de9ed55947761d56d4c6142a3cb1a1fe69d0b1a6d0e01a2e404c697962623,dfine_native,187400.0,unknown_object,0.2544,68.0,369.67,84.38,431.05,1005.5,16.38,61.38,0.267,False,,True,S-61,50,evt_S-61_desk_work_surface_0011,b67c8f4f7933e382,pose_hand_context,,34210.2,3.46,,1,cam12/e1/v1,rtmpose_baseline
full,03.CCTV Mobile Usage.mkv,632de9ed55947761d56d4c6142a3cb1a1fe69d0b1a6d0e01a2e404c697962623,dfine_native,187400.0,unknown_object,0.3492,68.16,364.39,199.19,527.82,21412.0,131.02,163.42,0.802,False,,True,S-61,50,evt_S-61_desk_work_surface_0011,b67c8f4f7933e382,pose_hand_context,,34210.2,3.46,,1,cam12/e1/v1,rtmpose_baseline
full,03.CCTV Mobile Usage.mkv,632de9ed55947761d56d4c6142a3cb1a1fe69d0b1a6d0e01a2e404c697962623,dfine_native,187400.0,bag,0.2519,80.9,385.18,156.5,456.17,5366.9,75.6,70.99,1.065,False,,True,S-61,50,evt_S-61_desk_work_surface_0011,b67c8f4f7933e382,pose_hand_context,,34210.2,3.46,,1,cam12/e1/v1,rtmpose_baseline
full,03.CCTV Mobile Usage.mkv,632de9ed55947761d56d4c6142a3cb1a1fe69d0b1a6d0e01a2e404c697962623,dfine_native,187400.0,unknown_object,0.3156,68.09,383.12,200.44,527.92,19164.4,132.35,144.8,0.914,False,,True,S-61,50,evt_S-61_desk_work_surface_0011,b67c8f4f7933e382,pose_hand_context,,34210.2,3.46,,1,cam12/e1/v1,rtmpose_baseline
full,03.CCTV Mobile Usage.mkv,632de9ed55947761d56d4c6142a3cb1a1fe69d0b1a6d0e01a2e404c697962623,dfine_native,187400.0,secondary_paper_chit,0.3567,72.19,454.71,184.2,489.67,3916.0,112.01,34.96,3.204,False,,True,S-61,50,evt_S-61_desk_work_surface_0011,b67c8f4f7933e382,pose_hand_context,,34210.2,3.46,,1,cam12/e1/v1,rtmpose_baseline
full,03.CCTV Mobile Usage.mkv,632de9ed55947761d56d4c6142a3cb1a1fe69d0b1a6d0e01a2e404c697962623,dfine_native,187400.0,phone,0.3164,123.92,474.8,177.84,488.83,756.5,53.91,14.03,3.842,False,,True,S-61,50,evt_S-61_desk_work_surface_0011,b67c8f4f7933e382,pose_hand_context,,34210.2,3.46,,1,cam12/e1/v1,rtmpose_baseline
full,03.CCTV Mobile Usage.mkv,632de9ed55947761d56d4c6142a3cb1a1fe69d0b1a6d0e01a2e404c697962623,dfine_native,187900.0,monitor_or_bezel,0.6565,814.03,17.08,843.74,44.68,819.9,29.71,27.59,1.077,False,,True,unattributed,51,evt_S-61_desk_work_surface_0011,32e9c8a7263b94d7,pose_hand_context,,2304.0,13.33,,1,cam12/e1/v1,rtmpose_baseline
full,03.CCTV Mobile Usage.mkv,632de9ed55947761d56d4c6142a3cb1a1fe69d0b1a6d0e01a2e404c697962623,dfine_native,187900.0,unknown_object,0.3252,830.44,83.24,909.9,112.85,2352.8,79.45,29.61,2.683,False,,True,unattributed,51,evt_S-61_desk_work_surface_0011,32e9c8a7263b94d7,pose_hand_context,,2304.0,13.33,,1,cam12/e1/v1,rtmpose_baseline
full,03.CCTV Mobile Usage.mkv,632de9ed55947761d56d4c6142a3cb1a1fe69d0b1a6d0e01a2e404c697962623,dfine_native,187900.0,unknown_object,0.3666,75.05,401.41,247.93,571.39,29385.9,172.88,169.98,1.017,False,,True,S-61,50,evt_S-61_desk_work_surface_0011,4bf3398ba8046c09,pose_hand_context,,29908.2,3.7,,1,cam12/e1/v1,rtmpose_baseline
full,03.CCTV Mobile Usage.mkv,632de9ed55947761d56d4c6142a3cb1a1fe69d0b1a6d0e01a2e404c697962623,dfine_native,187900.0,unknown_object,0.3639,75.1,402.08,225.99,571.21,25520.7,150.9,169.13,0.892,False,,True,S-61,50,evt_S-61_desk_work_surface_0011,4bf3398ba8046c09,pose_hand_context,,29908.2,3.7,,1,cam12/e1/v1,rtmpose_baseline
full,03.CCTV Mobile Usage.mkv,632de9ed55947761d56d4c6142a3cb1a1fe69d0b1a6d0e01a2e404c697962623,dfine_native,187900.0,unknown_object,0.3084,103.12,409.46,184.84,501.86,7551.4,81.72,92.41,0.884,False,,True,S-61,50,evt_S-61_desk_work_surface_0011,4bf3398ba8046c09,pose_hand_context,,29908.2,3.7,,1,cam12/e1/v1,rtmpose_baseline
full,03.CCTV Mobile Usage.mkv,632de9ed55947761d56d4c6142a3cb1a1fe69d0b1a6d0e01a2e404c697962623,dfine_native,187900.0,unknown_object,0.5872,75.04,403.12,216.54,571.14,23775.1,141.5,168.02,0.842,False,,True,S-61,50,evt_S-61_desk_work_surface_0011,4bf3398ba8046c09,pose_hand_context,,29908.2,3.7,,1,cam12/e1/v1,rtmpose_baseline
full,03.CCTV Mobile Usage.mkv,632de9ed55947761d56d4c6142a3cb1a1fe69d0b1a6d0e01a2e404c697962623,dfine_native,187900.0,stationery,0.2692,105.14,448.43,183.2,481.18,2556.4,78.06,32.75,2.383,False,,True,S-61,50,evt_S-61_desk_work_surface_0011,4bf3398ba8046c09,pose_hand_context,,29908.2,3.7,,1,cam12/e1/v1,rtmpose_baseline
full,03.CCTV Mobile Usage.mkv,632de9ed55947761d56d4c6142a3cb1a1fe69d0b1a6d0e01a2e404c697962623,dfine_native,187900.0,unknown_object,0.2665,75.06,414.45,215.53,570.92,21978.1,140.47,156.47,0.898,False,,True,S-61,50,evt_S-61_desk_work_surface_0011,4bf3398ba8046c09,pose_hand_context,,29908.2,3.7,,1,cam12/e1/v1,rtmpose_baseline
full,03.CCTV Mobile Usage.mkv,632de9ed55947761d56d4c6142a3cb1a1fe69d0b1a6d0e01a2e404c697962623,dfine_native,187900.0,stationery,0.2605,104.62,448.91,183.57,502.6,4238.6,78.95,53.69,1.471,False,,True,S-61,50,evt_S-61_desk_work_surface_0011,4bf3398ba8046c09,pose_hand_context,,29908.2,3.7,,1,cam12/e1/v1,rtmpose_baseline
full,03.CCTV Mobile Usage.mkv,632de9ed55947761d56d4c6142a3cb1a1fe69d0b1a6d0e01a2e404c697962623,dfine_native,188400.0,keyboard,0.9161,962.51,451.9,1067.8,491.39,4157.6,105.29,39.49,2.666,False,,True,R-desk,52,evt_S-61_desk_work_surface_0011,92f8db2bd3a9fdfc,lap_bag_context,no_pose_observation,34560.0,1.33,,1,cam12/e1/v1,
full,03.CCTV Mobile Usage.mkv,632de9ed55947761d56d4c6142a3cb1a1fe69d0b1a6d0e01a2e404c697962623,dfine_native,188400.0,unknown_object,0.7155,699.86,396.17,846.36,491.67,13990.1,146.5,95.5,1.534,False,,True,R-desk,52,evt_S-61_desk_work_surface_0011,92f8db2bd3a9fdfc,lap_bag_context,no_pose_observation,34560.0,1.33,,1,cam12/e1/v1,
full,03.CCTV Mobile Usage.mkv,632de9ed55947761d56d4c6142a3cb1a1fe69d0b1a6d0e01a2e404c697962623,dfine_native,188400.0,monitor_or_bezel,0.6976,1019.0,395.65,1145.89,447.99,6642.0,126.9,52.34,2.424,False,,True,R-desk,52,evt_S-61_desk_work_surface_0011,92f8db2bd3a9fdfc,lap_bag_context,no_pose_observation,34560.0,1.33,,1,cam12/e1/v1,
full,03.CCTV Mobile Usage.mkv,632de9ed55947761d56d4c6142a3cb1a1fe69d0b1a6d0e01a2e404c697962623,dfine_native,188400.0,keyboard,0.578,802.88,396.31,870.55,420.48,1635.9,67.67,24.17,2.799,False,,True,R-desk,52,evt_S-61_desk_work_surface_0011,92f8db2bd3a9fdfc,lap_bag_context,no_pose_observation,34560.0,1.33,,1,cam12/e1/v1,
full,03.CCTV Mobile Usage.mkv,632de9ed55947761d56d4c6142a3cb1a1fe69d0b1a6d0e01a2e404c697962623,dfine_native,188400.0,monitor_or_bezel,0.2988,1013.01,395.52,1147.53,488.07,12450.6,134.52,92.55,1.453,False,,True,R-desk,52,evt_S-61_desk_work_surface_0011,92f8db2bd3a9fdfc,lap_bag_context,no_pose_observation,34560.0,1.33,,1,cam12/e1/v1,
full,03.CCTV Mobile Usage.mkv,632de9ed55947761d56d4c6142a3cb1a1fe69d0b1a6d0e01a2e404c697962623,dfine_native,188400.0,mouse,0.6194,864.84,413.79,891.82,434.69,564.0,26.99,20.9,1.291,False,,True,R-desk,52,evt_S-61_desk_work_surface_0011,92f8db2bd3a9fdfc,lap_bag_context,no_pose_observation,34560.0,1.33,,1,cam12/e1/v1,
full,03.CCTV Mobile Usage.mkv,632de9ed55947761d56d4c6142a3cb1a1fe69d0b1a6d0e01a2e404c697962623,dfine_native,188400.0,phone,0.267,1043.07,421.83,1112.64,474.2,3643.7,69.57,52.37,1.328,False,,True,R-desk,52,evt_S-61_desk_work_surface_0011,92f8db2bd3a9fdfc,lap_bag_context,no_pose_observation,34560.0,1.33,,1,cam12/e1/v1,
full,03.CCTV Mobile Usage.mkv,632de9ed55947761d56d4c6142a3cb1a1fe69d0b1a6d0e01a2e404c697962623,dfine_native,188400.0,monitor_or_bezel,0.3733,880.89,396.2,948.2,452.65,3800.2,67.31,56.46,1.192,False,,True,R-desk,52,evt_S-61_desk_work_surface_0011,92f8db2bd3a9fdfc,lap_bag_context,no_pose_observation,34560.0,1.33,,1,cam12/e1/v1,
full,03.CCTV Mobile Usage.mkv,632de9ed55947761d56d4c6142a3cb1a1fe69d0b1a6d0e01a2e404c697962623,dfine_native,188400.0,mouse,0.3831,967.11,398.35,991.66,410.66,302.3,24.56,12.31,1.994,False,,True,R-desk,52,evt_S-61_desk_work_surface_0011,92f8db2bd3a9fdfc,lap_bag_context,no_pose_observation,34560.0,1.33,,1,cam12/e1/v1,
full,03.CCTV Mobile Usage.mkv,632de9ed55947761d56d4c6142a3cb1a1fe69d0b1a6d0e01a2e404c697962623,dfine_native,188400.0,unknown_object,0.3997,699.98,396.28,757.11,491.61,5446.0,57.13,95.33,0.599,False,,True,R-desk,52,evt_S-61_desk_work_surface_0011,92f8db2bd3a9fdfc,lap_bag_context,no_pose_observation,34560.0,1.33,,1,cam12/e1/v1,
full,03.CCTV Mobile Usage.mkv,632de9ed55947761d56d4c6142a3cb1a1fe69d0b1a6d0e01a2e404c697962623,dfine_native,188400.0,mouse,0.3018,991.52,400.99,1027.75,413.67,459.1,36.22,12.67,2.858,False,,True,R-desk,52,evt_S-61_desk_work_surface_0011,92f8db2bd3a9fdfc,lap_bag_context,no_pose_observation,34560.0,1.33,,1,cam12/e1/v1,
full,03.CCTV Mobile Usage.mkv,632de9ed55947761d56d4c6142a3cb1a1fe69d0b1a6d0e01a2e404c697962623,dfine_native,188400.0,monitor_or_bezel,0.2682,802.57,395.94,948.63,452.56,8268.9,146.06,56.61,2.58,False,,True,R-desk,52,evt_S-61_desk_work_surface_0011,92f8db2bd3a9fdfc,lap_bag_context,no_pose_observation,34560.0,1.33,,1,cam12/e1/v1,
full,03.CCTV Mobile Usage.mkv,632de9ed55947761d56d4c6142a3cb1a1fe69d0b1a6d0e01a2e404c697962623,dfine_native,188400.0,monitor_or_bezel,0.4065,821.01,7.21,842.62,43.73,789.1,21.61,36.51,0.592,False,,True,unattributed,51,evt_S-61_desk_work_surface_0011,a900990708ebf11d,native_source_context_fallback,no_pose_observation,8163.5,6.61,,1,cam12/e1/v1,
full,03.CCTV Mobile Usage.mkv,632de9ed55947761d56d4c6142a3cb1a1fe69d0b1a6d0e01a2e404c697962623,dfine_native,188400.0,bag,0.4431,830.02,21.41,909.88,94.44,5831.7,79.85,73.03,1.093,False,,True,unattributed,51,evt_S-61_desk_work_surface_0011,a900990708ebf11d,native_source_context_fallback,no_pose_observation,8163.5,6.61,,1,cam12/e1/v1,
full,03.CCTV Mobile Usage.mkv,632de9ed55947761d56d4c6142a3cb1a1fe69d0b1a6d0e01a2e404c697962623,dfine_native,188400.0,bag,0.2636,829.8,44.4,908.45,94.12,3910.1,78.65,49.72,1.582,False,,True,unattributed,51,evt_S-61_desk_work_surface_0011,a900990708ebf11d,native_source_context_fallback,no_pose_observation,8163.5,6.61,,1,cam12/e1/v1,
full,03.CCTV Mobile Usage.mkv,632de9ed55947761d56d4c6142a3cb1a1fe69d0b1a6d0e01a2e404c697962623,dfine_native,188400.0,bag,0.2544,842.68,22.6,909.58,94.26,4793.3,66.89,71.66,0.934,False,,True,unattributed,51,evt_S-61_desk_work_surface_0011,a900990708ebf11d,native_source_context_fallback,no_pose_observation,8163.5,6.61,,1,cam12/e1/v1,
full,03.CCTV Mobile Usage.mkv,632de9ed55947761d56d4c6142a3cb1a1fe69d0b1a6d0e01a2e404c697962623,dfine_native,188400.0,bag,0.2503,844.57,22.5,909.5,94.12,4650.5,64.93,71.62,0.907,False,,True,unattributed,51,evt_S-61_desk_work_surface_0011,a900990708ebf11d,native_source_context_fallback,no_pose_observation,8163.5,6.61,,1,cam12/e1/v1,
full,03.CCTV Mobile Usage.mkv,632de9ed55947761d56d4c6142a3cb1a1fe69d0b1a6d0e01a2e404c697962623,dfine_native,188400.0,stationery,0.4555,113.94,448.92,159.91,471.1,1019.9,45.98,22.18,2.073,False,,True,S-61,50,evt_S-61_desk_work_surface_0011,cfcf4b8a26ff53b1,pose_hand_context,,32177.2,3.57,,1,cam12/e1/v1,rtmpose_baseline
full,03.CCTV Mobile Usage.mkv,632de9ed55947761d56d4c6142a3cb1a1fe69d0b1a6d0e01a2e404c697962623,dfine_native,188400.0,stationery,0.5781,114.47,448.96,137.49,465.32,376.6,23.02,16.36,1.408,False,,True,S-61,50,evt_S-61_desk_work_surface_0011,cfcf4b8a26ff53b1,pose_hand_context,,32177.2,3.57,,1,cam12/e1/v1,rtmpose_baseline
full,03.CCTV Mobile Usage.mkv,632de9ed55947761d56d4c6142a3cb1a1fe69d0b1a6d0e01a2e404c697962623,dfine_native,188400.0,stationery,0.4367,105.43,449.1,137.95,470.18,685.3,32.52,21.07,1.543,False,,True,S-61,50,evt_S-61_desk_work_surface_0011,cfcf4b8a26ff53b1,pose_hand_context,,32177.2,3.57,,1,cam12/e1/v1,rtmpose_baseline
full,03.CCTV Mobile Usage.mkv,632de9ed55947761d56d4c6142a3cb1a1fe69d0b1a6d0e01a2e404c697962623,dfine_native,188400.0,stationery,0.273,70.06,431.44,161.7,467.19,3275.4,91.64,35.74,2.564,False,,True,S-61,50,evt_S-61_desk_work_surface_0011,cfcf4b8a26ff53b1,pose_hand_context,,32177.2,3.57,,1,cam12/e1/v1,rtmpose_baseline
full,03.CCTV Mobile Usage.mkv,632de9ed55947761d56d4c6142a3cb1a1fe69d0b1a6d0e01a2e404c697962623,dfine_native,188400.0,stationery,0.3739,101.41,449.06,138.42,493.26,1635.6,37.01,44.19,0.838,False,,True,S-61,50,evt_S-61_desk_work_surface_0011,cfcf4b8a26ff53b1,pose_hand_context,,32177.2,3.57,,1,cam12/e1/v1,rtmpose_baseline
full,03.CCTV Mobile Usage.mkv,632de9ed55947761d56d4c6142a3cb1a1fe69d0b1a6d0e01a2e404c697962623,dfine_native,188400.0,stationery,0.3205,101.1,449.53,181.6,500.05,4066.4,80.5,50.51,1.594,False,,True,S-61,50,evt_S-61_desk_work_surface_0011,cfcf4b8a26ff53b1,pose_hand_context,,32177.2,3.57,,1,cam12/e1/v1,rtmpose_baseline
full,03.CCTV Mobile Usage.mkv,632de9ed55947761d56d4c6142a3cb1a1fe69d0b1a6d0e01a2e404c697962623,dfine_native,188400.0,unknown_object,0.3501,70.17,396.86,216.13,573.0,25710.9,145.96,176.15,0.829,False,,True,S-61,50,evt_S-61_desk_work_surface_0011,cfcf4b8a26ff53b1,pose_hand_context,,32177.2,3.57,,1,cam12/e1/v1,rtmpose_baseline
full,03.CCTV Mobile Usage.mkv,632de9ed55947761d56d4c6142a3cb1a1fe69d0b1a6d0e01a2e404c697962623,dfine_native,188400.0,stationery,0.2761,113.93,448.91,181.03,478.66,1996.6,67.1,29.75,2.255,False,,True,S-61,50,evt_S-61_desk_work_surface_0011,cfcf4b8a26ff53b1,pose_hand_context,,32177.2,3.57,,1,cam12/e1/v1,rtmpose_baseline
full,03.CCTV Mobile Usage.mkv,632de9ed55947761d56d4c6142a3cb1a1fe69d0b1a6d0e01a2e404c697962623,dfine_native,188400.0,stationery,0.3638,102.09,449.14,163.41,501.0,3180.1,61.32,51.86,1.182,False,,True,S-61,50,evt_S-61_desk_work_surface_0011,cfcf4b8a26ff53b1,pose_hand_context,,32177.2,3.57,,1,cam12/e1/v1,rtmpose_baseline
full,03.CCTV Mobile Usage.mkv,632de9ed55947761d56d4c6142a3cb1a1fe69d0b1a6d0e01a2e404c697962623,dfine_native,188400.0,stationery,0.2636,100.58,451.37,182.88,479.61,2324.3,82.3,28.24,2.914,False,,True,S-61,50,evt_S-61_desk_work_surface_0011,cfcf4b8a26ff53b1,pose_hand_context,,32177.2,3.57,,1,cam12/e1/v1,rtmpose_baseline
full,03.CCTV Mobile Usage.mkv,632de9ed55947761d56d4c6142a3cb1a1fe69d0b1a6d0e01a2e404c697962623,dfine_native,188400.0,stationery,0.3088,101.14,460.78,150.38,500.38,1950.0,49.24,39.6,1.243,False,,True,S-61,50,evt_S-61_desk_work_surface_0011,cfcf4b8a26ff53b1,pose_hand_context,,32177.2,3.57,,1,cam12/e1/v1,rtmpose_baseline
full,03.CCTV Mobile Usage.mkv,632de9ed55947761d56d4c6142a3cb1a1fe69d0b1a6d0e01a2e404c697962623,dfine_native,188400.0,stationery,0.3578,102.38,449.24,155.23,500.4,2703.9,52.85,51.16,1.033,False,,True,S-61,50,evt_S-61_desk_work_surface_0011,cfcf4b8a26ff53b1,pose_hand_context,,32177.2,3.57,,1,cam12/e1/v1,rtmpose_baseline
full,03.CCTV Mobile Usage.mkv,632de9ed55947761d56d4c6142a3cb1a1fe69d0b1a6d0e01a2e404c697962623,dfine_native,188900.0,bag,0.5448,841.92,14.44,886.38,53.42,1733.2,44.47,38.98,1.141,False,,True,unattributed,51,evt_S-61_desk_work_surface_0011,d5629fce5745428f,native_source_context_fallback,no_pose_observation,6264.2,6.73,,1,cam12/e1/v1,
full,03.CCTV Mobile Usage.mkv,632de9ed55947761d56d4c6142a3cb1a1fe69d0b1a6d0e01a2e404c697962623,dfine_native,188900.0,monitor_or_bezel,0.5446,807.03,4.24,854.63,45.23,1951.3,47.6,40.99,1.161,False,,True,unattributed,51,evt_S-61_desk_work_surface_0011,d5629fce5745428f,native_source_context_fallback,no_pose_observation,6264.2,6.73,,1,cam12/e1/v1,
full,03.CCTV Mobile Usage.mkv,632de9ed55947761d56d4c6142a3cb1a1fe69d0b1a6d0e01a2e404c697962623,dfine_native,188900.0,bag,0.5757,829.04,46.74,879.07,85.57,1942.3,50.02,38.83,1.288,False,,True,unattributed,51,evt_S-61_desk_work_surface_0011,d5629fce5745428f,native_source_context_fallback,no_pose_observation,6264.2,6.73,,1,cam12/e1/v1,
full,03.CCTV Mobile Usage.mkv,632de9ed55947761d56d4c6142a3cb1a1fe69d0b1a6d0e01a2e404c697962623,dfine_native,188900.0,unknown_object,0.323,831.57,83.27,902.95,95.86,899.2,71.38,12.6,5.666,False,,True,unattributed,51,evt_S-61_desk_work_surface_0011,d5629fce5745428f,native_source_context_fallback,no_pose_observation,6264.2,6.73,,1,cam12/e1/v1,
full,03.CCTV Mobile Usage.mkv,632de9ed55947761d56d4c6142a3cb1a1fe69d0b1a6d0e01a2e404c697962623,dfine_native,188900.0,monitor_or_bezel,0.45,807.03,5.13,843.34,44.47,1428.7,36.31,39.34,0.923,False,,True,unattributed,51,evt_S-61_desk_work_surface_0011,d5629fce5745428f,native_source_context_fallback,no_pose_observation,6264.2,6.73,,1,cam12/e1/v1,
full,03.CCTV Mobile Usage.mkv,632de9ed55947761d56d4c6142a3cb1a1fe69d0b1a6d0e01a2e404c697962623,dfine_native,188900.0,bag,0.2642,807.05,46.03,830.88,91.97,1094.8,23.83,45.94,0.519,False,,True,unattributed,51,evt_S-61_desk_work_surface_0011,d5629fce5745428f,native_source_context_fallback,no_pose_observation,6264.2,6.73,,1,cam12/e1/v1,
full,03.CCTV Mobile Usage.mkv,632de9ed55947761d56d4c6142a3cb1a1fe69d0b1a6d0e01a2e404c697962623,dfine_native,188900.0,bag,0.3205,823.3,46.17,879.65,93.97,2694.2,56.36,47.81,1.179,False,,True,unattributed,51,evt_S-61_desk_work_surface_0011,d5629fce5745428f,native_source_context_fallback,no_pose_observation,6264.2,6.73,,1,cam12/e1/v1,
full,03.CCTV Mobile Usage.mkv,632de9ed55947761d56d4c6142a3cb1a1fe69d0b1a6d0e01a2e404c697962623,dfine_native,188900.0,phone,0.459,44.97,443.56,71.62,471.15,735.1,26.65,27.59,0.966,False,,True,S-61,50,evt_S-61_desk_work_surface_0011,d8e5ab1b8e525e2d,pose_hand_context,,38573.0,3.26,,1,cam12/e1/v1,rtmpose_baseline
full,03.CCTV Mobile Usage.mkv,632de9ed55947761d56d4c6142a3cb1a1fe69d0b1a6d0e01a2e404c697962623,dfine_native,188900.0,bag,0.2674,81.86,383.73,163.78,442.53,4817.3,81.92,58.81,1.393,False,,True,S-61,50,evt_S-61_desk_work_surface_0011,d8e5ab1b8e525e2d,pose_hand_context,,38573.0,3.26,,1,cam12/e1/v1,rtmpose_baseline
full,03.CCTV Mobile Usage.mkv,632de9ed55947761d56d4c6142a3cb1a1fe69d0b1a6d0e01a2e404c697962623,dfine_native,188900.0,phone,0.3098,175.73,376.61,190.5,388.49,175.3,14.76,11.87,1.243,False,,True,S-61,50,evt_S-61_desk_work_surface_0011,d8e5ab1b8e525e2d,pose_hand_context,,38573.0,3.26,,1,cam12/e1/v1,rtmpose_baseline
full,03.CCTV Mobile Usage.mkv,632de9ed55947761d56d4c6142a3cb1a1fe69d0b1a6d0e01a2e404c697962623,dfine_native,188900.0,unknown_object,0.3461,44.99,356.29,83.97,407.3,1988.3,38.97,51.02,0.764,False,,True,S-61,50,evt_S-61_desk_work_surface_0011,d8e5ab1b8e525e2d,pose_hand_context,,38573.0,3.26,,1,cam12/e1/v1,rtmpose_baseline
full,03.CCTV Mobile Usage.mkv,632de9ed55947761d56d4c6142a3cb1a1fe69d0b1a6d0e01a2e404c697962623,dfine_native,189400.0,unknown_object,0.3316,92.99,427.73,229.73,613.34,25379.3,136.74,185.61,0.737,False,,True,S-61,50,evt_S-61_desk_work_surface_0011,0a7c366b0a827cd2,pose_hand_context,,43255.7,3.08,,1,cam12/e1/v1,rtmpose_baseline
full,03.CCTV Mobile Usage.mkv,632de9ed55947761d56d4c6142a3cb1a1fe69d0b1a6d0e01a2e404c697962623,dfine_native,189400.0,unknown_object,0.3156,92.97,428.23,300.83,613.13,38432.7,207.86,184.9,1.124,False,,True,S-61,50,evt_S-61_desk_work_surface_0011,0a7c366b0a827cd2,pose_hand_context,,43255.7,3.08,,1,cam12/e1/v1,rtmpose_baseline
full,03.CCTV Mobile Usage.mkv,632de9ed55947761d56d4c6142a3cb1a1fe69d0b1a6d0e01a2e404c697962623,dfine_native,189400.0,unknown_object,0.3332,93.07,406.28,300.87,613.23,43005.2,207.8,206.95,1.004,False,,True,S-61,50,evt_S-61_desk_work_surface_0011,0a7c366b0a827cd2,pose_hand_context,,43255.7,3.08,,1,cam12/e1/v1,rtmpose_baseline
full,03.CCTV Mobile Usage.mkv,632de9ed55947761d56d4c6142a3cb1a1fe69d0b1a6d0e01a2e404c697962623,dfine_native,189400.0,unknown_object,0.3688,92.98,407.94,223.83,613.21,26860.5,130.86,205.27,0.637,False,,True,S-61,50,evt_S-61_desk_work_surface_0011,0a7c366b0a827cd2,pose_hand_context,,43255.7,3.08,,1,cam12/e1/v1,rtmpose_baseline
full,03.CCTV Mobile Usage.mkv,632de9ed55947761d56d4c6142a3cb1a1fe69d0b1a6d0e01a2e404c697962623,dfine_native,189400.0,unknown_object,0.3083,92.93,406.95,243.32,613.34,31039.7,150.39,206.39,0.729,False,,True,S-61,50,evt_S-61_desk_work_surface_0011,0a7c366b0a827cd2,pose_hand_context,,43255.7,3.08,,1,cam12/e1/v1,rtmpose_baseline
full,03.CCTV Mobile Usage.mkv,632de9ed55947761d56d4c6142a3cb1a1fe69d0b1a6d0e01a2e404c697962623,dfine_native,189400.0,unknown_object,0.2502,92.88,428.6,245.06,613.45,28130.6,152.18,184.85,0.823,False,,True,S-61,50,evt_S-61_desk_work_surface_0011,0a7c366b0a827cd2,pose_hand_context,,43255.7,3.08,,1,cam12/e1/v1,rtmpose_baseline
full,03.CCTV Mobile Usage.mkv,632de9ed55947761d56d4c6142a3cb1a1fe69d0b1a6d0e01a2e404c697962623,dfine_native,189900.0,bag,0.4506,78.26,381.34,171.26,452.49,6616.7,92.99,71.15,1.307,False,,True,S-61,50,evt_S-61_desk_work_surface_0011,9312cfc9f7912b33,pose_hand_context,,42956.7,3.09,,1,cam12/e1/v1,rtmpose_baseline
full,03.CCTV Mobile Usage.mkv,632de9ed55947761d56d4c6142a3cb1a1fe69d0b1a6d0e01a2e404c697962623,dfine_native,189900.0,unknown_object,0.4005,73.06,382.27,220.86,587.09,30271.0,147.79,204.82,0.722,False,,True,S-61,50,evt_S-61_desk_work_surface_0011,9312cfc9f7912b33,pose_hand_context,,42956.7,3.09,,1,cam12/e1/v1,rtmpose_baseline
full,03.CCTV Mobile Usage.mkv,632de9ed55947761d56d4c6142a3cb1a1fe69d0b1a6d0e01a2e404c697962623,dfine_native,189900.0,unknown_object,0.2528,73.16,381.68,279.47,587.24,42409.3,206.31,205.56,1.004,False,,True,S-61,50,evt_S-61_desk_work_surface_0011,9312cfc9f7912b33,pose_hand_context,,42956.7,3.09,,1,cam12/e1/v1,rtmpose_baseline
full,03.CCTV Mobile Usage.mkv,632de9ed55947761d56d4c6142a3cb1a1fe69d0b1a6d0e01a2e404c697962623,dfine_native,189900.0,phone,0.3893,90.22,451.87,136.68,471.04,890.4,46.46,19.17,2.424,False,,True,S-61,50,evt_S-61_desk_work_surface_0011,9312cfc9f7912b33,pose_hand_context,,42956.7,3.09,,1,cam12/e1/v1,rtmpose_baseline
full,03.CCTV Mobile Usage.mkv,632de9ed55947761d56d4c6142a3cb1a1fe69d0b1a6d0e01a2e404c697962623,dfine_native,189900.0,unknown_object,0.2518,73.06,462.6,216.89,587.16,17915.3,143.83,124.56,1.155,False,,True,S-61,50,evt_S-61_desk_work_surface_0011,9312cfc9f7912b33,pose_hand_context,,42956.7,3.09,,1,cam12/e1/v1,rtmpose_baseline
full,03.CCTV Mobile Usage.mkv,632de9ed55947761d56d4c6142a3cb1a1fe69d0b1a6d0e01a2e404c697962623,dfine_native,189900.0,bag,0.281,83.84,384.4,155.54,450.24,4720.7,71.7,65.84,1.089,False,,True,S-61,50,evt_S-61_desk_work_surface_0011,9312cfc9f7912b33,pose_hand_context,,42956.7,3.09,,1,cam12/e1/v1,rtmpose_baseline
full,03.CCTV Mobile Usage.mkv,632de9ed55947761d56d4c6142a3cb1a1fe69d0b1a6d0e01a2e404c697962623,dfine_native,189900.0,phone,0.3157,90.73,439.82,164.41,471.22,2313.3,73.68,31.39,2.347,False,,True,S-61,50,evt_S-61_desk_work_surface_0011,9312cfc9f7912b33,pose_hand_context,,42956.7,3.09,,1,cam12/e1/v1,rtmpose_baseline
full,03.CCTV Mobile Usage.mkv,632de9ed55947761d56d4c6142a3cb1a1fe69d0b1a6d0e01a2e404c697962623,dfine_native,190400.0,phone,0.6567,106.4,462.97,137.86,475.55,395.6,31.45,12.58,2.501,False,,True,S-61,50,evt_S-61_desk_work_surface_0011,81c4d35758daaf5e,pose_hand_context,,41673.1,3.14,,1,cam12/e1/v1,rtmpose_baseline
full,03.CCTV Mobile Usage.mkv,632de9ed55947761d56d4c6142a3cb1a1fe69d0b1a6d0e01a2e404c697962623,dfine_native,190400.0,phone,0.4139,93.82,462.1,138.14,474.61,554.3,44.32,12.51,3.544,False,,True,S-61,50,evt_S-61_desk_work_surface_0011,81c4d35758daaf5e,pose_hand_context,,41673.1,3.14,,1,cam12/e1/v1,rtmpose_baseline
full,03.CCTV Mobile Usage.mkv,632de9ed55947761d56d4c6142a3cb1a1fe69d0b1a6d0e01a2e404c697962623,dfine_native,190400.0,unknown_object,0.2556,70.12,383.79,273.63,586.31,41214.9,203.51,202.52,1.005,False,,True,S-61,50,evt_S-61_desk_work_surface_0011,81c4d35758daaf5e,pose_hand_context,,41673.1,3.14,,1,cam12/e1/v1,rtmpose_baseline
full,03.CCTV Mobile Usage.mkv,632de9ed55947761d56d4c6142a3cb1a1fe69d0b1a6d0e01a2e404c697962623,dfine_native,190400.0,unknown_object,0.3385,70.03,440.61,217.7,586.19,21497.2,147.67,145.58,1.014,False,,True,S-61,50,evt_S-61_desk_work_surface_0011,81c4d35758daaf5e,pose_hand_context,,41673.1,3.14,,1,cam12/e1/v1,rtmpose_baseline
full,03.CCTV Mobile Usage.mkv,632de9ed55947761d56d4c6142a3cb1a1fe69d0b1a6d0e01a2e404c697962623,dfine_native,190400.0,unknown_object,0.3248,70.11,486.02,215.93,586.41,14638.8,145.81,100.39,1.452,False,,True,S-61,50,evt_S-61_desk_work_surface_0011,81c4d35758daaf5e,pose_hand_context,,41673.1,3.14,,1,cam12/e1/v1,rtmpose_baseline
full,03.CCTV Mobile Usage.mkv,632de9ed55947761d56d4c6142a3cb1a1fe69d0b1a6d0e01a2e404c697962623,dfine_native,190400.0,unknown_object,0.4073,70.12,383.61,217.24,586.15,29798.9,147.12,202.54,0.726,False,,True,S-61,50,evt_S-61_desk_work_surface_0011,81c4d35758daaf5e,pose_hand_context,,41673.1,3.14,,1,cam12/e1/v1,rtmpose_baseline
full,03.CCTV Mobile Usage.mkv,632de9ed55947761d56d4c6142a3cb1a1fe69d0b1a6d0e01a2e404c697962623,dfine_native,190900.0,unknown_object,0.3681,39.69,356.31,84.24,408.22,2312.4,44.55,51.9,0.858,False,,True,S-61,50,evt_S-61_desk_work_surface_0011,d9ace3c4db8b6ae4,pose_hand_context,,42543.2,3.1,,1,cam12/e1/v1,rtmpose_baseline
full,03.CCTV Mobile Usage.mkv,632de9ed55947761d56d4c6142a3cb1a1fe69d0b1a6d0e01a2e404c697962623,dfine_native,190900.0,unknown_object,0.2534,40.11,443.98,71.75,471.58,873.5,31.64,27.61,1.146,False,,True,S-61,50,evt_S-61_desk_work_surface_0011,d9ace3c4db8b6ae4,pose_hand_context,,42543.2,3.1,,1,cam12/e1/v1,rtmpose_baseline
full,03.CCTV Mobile Usage.mkv,632de9ed55947761d56d4c6142a3cb1a1fe69d0b1a6d0e01a2e404c697962623,dfine_native,190900.0,unknown_object,0.2794,37.95,339.56,84.91,411.57,3381.9,46.96,72.01,0.652,False,,True,S-61,50,evt_S-61_desk_work_surface_0011,d9ace3c4db8b6ae4,pose_hand_context,,42543.2,3.1,,1,cam12/e1/v1,rtmpose_baseline
full,03.CCTV Mobile Usage.mkv,632de9ed55947761d56d4c6142a3cb1a1fe69d0b1a6d0e01a2e404c697962623,dfine_native,191400.0,unknown_object,0.3514,39.31,355.96,85.2,412.22,2581.6,45.89,56.26,0.816,False,,True,S-61,50,evt_S-61_desk_work_surface_0011,bd3f053efcc12ecf,pose_hand_context,,45445.7,3.0,,1,cam12/e1/v1,rtmpose_baseline
full,03.CCTV Mobile Usage.mkv,632de9ed55947761d56d4c6142a3cb1a1fe69d0b1a6d0e01a2e404c697962623,dfine_native,191400.0,unknown_object,0.2618,37.27,355.8,86.64,438.0,4058.1,49.37,82.19,0.601,False,,True,S-61,50,evt_S-61_desk_work_surface_0011,bd3f053efcc12ecf,pose_hand_context,,45445.7,3.0,,1,cam12/e1/v1,rtmpose_baseline
full,03.CCTV Mobile Usage.mkv,632de9ed55947761d56d4c6142a3cb1a1fe69d0b1a6d0e01a2e404c697962623,dfine_native,191900.0,keyboard,0.9092,962.22,451.95,1067.64,491.42,4160.7,105.42,39.47,2.671,False,,True,R-desk,53,evt_S-61_desk_work_surface_0011,18214d6b4fef384d,lap_bag_context,no_pose_observation,34560.0,1.33,,1,cam12/e1/v1,
full,03.CCTV Mobile Usage.mkv,632de9ed55947761d56d4c6142a3cb1a1fe69d0b1a6d0e01a2e404c697962623,dfine_native,191900.0,unknown_object,0.7392,699.86,396.17,842.85,492.08,13714.7,142.99,95.91,1.491,False,,True,R-desk,53,evt_S-61_desk_work_surface_0011,18214d6b4fef384d,lap_bag_context,no_pose_observation,34560.0,1.33,,1,cam12/e1/v1,
full,03.CCTV Mobile Usage.mkv,632de9ed55947761d56d4c6142a3cb1a1fe69d0b1a6d0e01a2e404c697962623,dfine_native,191900.0,monitor_or_bezel,0.6704,1019.22,395.98,1145.74,447.85,6562.1,126.52,51.87,2.439,False,,True,R-desk,53,evt_S-61_desk_work_surface_0011,18214d6b4fef384d,lap_bag_context,no_pose_observation,34560.0,1.33,,1,cam12/e1/v1,
full,03.CCTV Mobile Usage.mkv,632de9ed55947761d56d4c6142a3cb1a1fe69d0b1a6d0e01a2e404c697962623,dfine_native,191900.0,keyboard,0.6273,802.03,396.21,871.1,420.57,1682.6,69.06,24.36,2.835,False,,True,R-desk,53,evt_S-61_desk_work_surface_0011,18214d6b4fef384d,lap_bag_context,no_pose_observation,34560.0,1.33,,1,cam12/e1/v1,
full,03.CCTV Mobile Usage.mkv,632de9ed55947761d56d4c6142a3cb1a1fe69d0b1a6d0e01a2e404c697962623,dfine_native,191900.0,monitor_or_bezel,0.3734,1015.23,396.0,1146.84,488.11,12122.4,131.62,92.1,1.429,False,,True,R-desk,53,evt_S-61_desk_work_surface_0011,18214d6b4fef384d,lap_bag_context,no_pose_observation,34560.0,1.33,,1,cam12/e1/v1,
full,03.CCTV Mobile Usage.mkv,632de9ed55947761d56d4c6142a3cb1a1fe69d0b1a6d0e01a2e404c697962623,dfine_native,191900.0,phone,0.2512,1042.83,421.69,1113.98,474.47,3755.0,71.15,52.78,1.348,False,,True,R-desk,53,evt_S-61_desk_work_surface_0011,18214d6b4fef384d,lap_bag_context,no_pose_observation,34560.0,1.33,,1,cam12/e1/v1,
full,03.CCTV Mobile Usage.mkv,632de9ed55947761d56d4c6142a3cb1a1fe69d0b1a6d0e01a2e404c697962623,dfine_native,191900.0,mouse,0.6127,864.81,413.85,892.21,434.85,575.4,27.4,21.0,1.305,False,,True,R-desk,53,evt_S-61_desk_work_surface_0011,18214d6b4fef384d,lap_bag_context,no_pose_observation,34560.0,1.33,,1,cam12/e1/v1,
full,03.CCTV Mobile Usage.mkv,632de9ed55947761d56d4c6142a3cb1a1fe69d0b1a6d0e01a2e404c697962623,dfine_native,191900.0,unknown_object,0.3976,700.01,396.25,761.12,491.32,5809.5,61.11,95.07,0.643,False,,True,R-desk,53,evt_S-61_desk_work_surface_0011,18214d6b4fef384d,lap_bag_context,no_pose_observation,34560.0,1.33,,1,cam12/e1/v1,
full,03.CCTV Mobile Usage.mkv,632de9ed55947761d56d4c6142a3cb1a1fe69d0b1a6d0e01a2e404c697962623,dfine_native,191900.0,mouse,0.34,967.23,398.4,992.11,410.48,300.6,24.88,12.08,2.059,False,,True,R-desk,53,evt_S-61_desk_work_surface_0011,18214d6b4fef384d,lap_bag_context,no_pose_observation,34560.0,1.33,,1,cam12/e1/v1,
full,03.CCTV Mobile Usage.mkv,632de9ed55947761d56d4c6142a3cb1a1fe69d0b1a6d0e01a2e404c697962623,dfine_native,191900.0,monitor_or_bezel,0.2626,881.33,396.15,949.39,452.71,3848.7,68.05,56.55,1.203,False,,True,R-desk,53,evt_S-61_desk_work_surface_0011,18214d6b4fef384d,lap_bag_context,no_pose_observation,34560.0,1.33,,1,cam12/e1/v1,
full,03.CCTV Mobile Usage.mkv,632de9ed55947761d56d4c6142a3cb1a1fe69d0b1a6d0e01a2e404c697962623,dfine_native,191900.0,bag,0.2569,82.1,381.68,170.7,433.85,4621.7,88.6,52.16,1.699,False,,True,S-61,50,evt_S-61_desk_work_surface_0011,fbcd773baf9b06c1,pose_hand_context,,48682.0,2.9,,1,cam12/e1/v1,rtmpose_baseline
full,03.CCTV Mobile Usage.mkv,632de9ed55947761d56d4c6142a3cb1a1fe69d0b1a6d0e01a2e404c697962623,dfine_native,191900.0,stationery,0.338,23.05,492.52,165.92,540.75,6889.9,142.87,48.22,2.963,False,,True,S-61,50,evt_S-61_desk_work_surface_0011,fbcd773baf9b06c1,pose_hand_context,,48682.0,2.9,,1,cam12/e1/v1,rtmpose_baseline
full,03.CCTV Mobile Usage.mkv,632de9ed55947761d56d4c6142a3cb1a1fe69d0b1a6d0e01a2e404c697962623,dfine_native,191900.0,unknown_object,0.2901,22.95,320.77,85.7,409.96,5596.0,62.75,89.18,0.704,False,,True,S-61,50,evt_S-61_desk_work_surface_0011,fbcd773baf9b06c1,pose_hand_context,,48682.0,2.9,,1,cam12/e1/v1,rtmpose_baseline
full,03.CCTV Mobile Usage.mkv,632de9ed55947761d56d4c6142a3cb1a1fe69d0b1a6d0e01a2e404c697962623,dfine_native,191900.0,stationery,0.2793,23.0,424.98,94.97,497.85,5244.9,71.97,72.88,0.988,False,,True,S-61,50,evt_S-61_desk_work_surface_0011,fbcd773baf9b06c1,pose_hand_context,,48682.0,2.9,,1,cam12/e1/v1,rtmpose_baseline
full,03.CCTV Mobile Usage.mkv,632de9ed55947761d56d4c6142a3cb1a1fe69d0b1a6d0e01a2e404c697962623,dfine_native,192400.0,secondary_paper_chit,0.4838,52.75,444.59,158.52,510.04,6923.2,105.78,65.45,1.616,False,,True,S-61,50,evt_S-61_desk_work_surface_0011,ca063bc770e90d94,pose_hand_context,,40973.9,3.16,,1,cam12/e1/v1,rtmpose_baseline
full,03.CCTV Mobile Usage.mkv,632de9ed55947761d56d4c6142a3cb1a1fe69d0b1a6d0e01a2e404c697962623,dfine_native,192400.0,bag,0.2978,79.46,381.52,165.66,432.41,4387.1,86.2,50.89,1.694,False,,True,S-61,50,evt_S-61_desk_work_surface_0011,ca063bc770e90d94,pose_hand_context,,40973.9,3.16,,1,cam12/e1/v1,rtmpose_baseline
full,03.CCTV Mobile Usage.mkv,632de9ed55947761d56d4c6142a3cb1a1fe69d0b1a6d0e01a2e404c697962623,dfine_native,192400.0,bag,0.2653,78.31,367.49,167.25,432.41,5773.9,88.94,64.92,1.37,False,,True,S-61,50,evt_S-61_desk_work_surface_0011,ca063bc770e90d94,pose_hand_context,,40973.9,3.16,,1,cam12/e1/v1,rtmpose_baseline
full,03.CCTV Mobile Usage.mkv,632de9ed55947761d56d4c6142a3cb1a1fe69d0b1a6d0e01a2e404c697962623,dfine_native,192400.0,phone,0.2544,124.75,497.87,154.91,512.49,441.0,30.17,14.62,2.063,False,,True,S-61,50,evt_S-61_desk_work_surface_0011,ca063bc770e90d94,pose_hand_context,,40973.9,3.16,,1,cam12/e1/v1,rtmpose_baseline
full,03.CCTV Mobile Usage.mkv,632de9ed55947761d56d4c6142a3cb1a1fe69d0b1a6d0e01a2e404c697962623,dfine_native,192400.0,keyboard,0.9051,962.08,452.0,1067.7,491.39,4160.4,105.62,39.39,2.681,False,,True,R-desk,53,evt_S-61_desk_work_surface_0011,dcc0c45472bfb2ac,lap_bag_context,no_pose_observation,34560.0,1.33,,1,cam12/e1/v1,
full,03.CCTV Mobile Usage.mkv,632de9ed55947761d56d4c6142a3cb1a1fe69d0b1a6d0e01a2e404c697962623,dfine_native,192400.0,unknown_object,0.6664,699.89,396.16,843.97,492.1,13822.9,144.07,95.94,1.502,False,,True,R-desk,53,evt_S-61_desk_work_surface_0011,dcc0c45472bfb2ac,lap_bag_context,no_pose_observation,34560.0,1.33,,1,cam12/e1/v1,
full,03.CCTV Mobile Usage.mkv,632de9ed55947761d56d4c6142a3cb1a1fe69d0b1a6d0e01a2e404c697962623,dfine_native,192400.0,monitor_or_bezel,0.5373,1018.96,395.65,1145.49,448.18,6646.6,126.53,52.53,2.409,False,,True,R-desk,53,evt_S-61_desk_work_surface_0011,dcc0c45472bfb2ac,lap_bag_context,no_pose_observation,34560.0,1.33,,1,cam12/e1/v1,
full,03.CCTV Mobile Usage.mkv,632de9ed55947761d56d4c6142a3cb1a1fe69d0b1a6d0e01a2e404c697962623,dfine_native,192400.0,keyboard,0.5961,802.15,396.2,870.73,420.64,1675.8,68.58,24.44,2.806,False,,True,R-desk,53,evt_S-61_desk_work_surface_0011,dcc0c45472bfb2ac,lap_bag_context,no_pose_observation,34560.0,1.33,,1,cam12/e1/v1,
full,03.CCTV Mobile Usage.mkv,632de9ed55947761d56d4c6142a3cb1a1fe69d0b1a6d0e01a2e404c697962623,dfine_native,192400.0,phone,0.3125,1042.82,421.9,1113.65,474.39,3718.0,70.84,52.49,1.35,False,,True,R-desk,53,evt_S-61_desk_work_surface_0011,dcc0c45472bfb2ac,lap_bag_context,no_pose_observation,34560.0,1.33,,1,cam12/e1/v1,
full,03.CCTV Mobile Usage.mkv,632de9ed55947761d56d4c6142a3cb1a1fe69d0b1a6d0e01a2e404c697962623,dfine_native,192400.0,monitor_or_bezel,0.3171,1011.67,395.62,1147.01,488.01,12502.4,135.33,92.38,1.465,False,,True,R-desk,53,evt_S-61_desk_work_surface_0011,dcc0c45472bfb2ac,lap_bag_context,no_pose_observation,34560.0,1.33,,1,cam12/e1/v1,
full,03.CCTV Mobile Usage.mkv,632de9ed55947761d56d4c6142a3cb1a1fe69d0b1a6d0e01a2e404c697962623,dfine_native,192400.0,mouse,0.5618,864.8,413.88,892.18,435.19,583.7,27.39,21.31,1.285,False,,True,R-desk,53,evt_S-61_desk_work_surface_0011,dcc0c45472bfb2ac,lap_bag_context,no_pose_observation,34560.0,1.33,,1,cam12/e1/v1,
full,03.CCTV Mobile Usage.mkv,632de9ed55947761d56d4c6142a3cb1a1fe69d0b1a6d0e01a2e404c697962623,dfine_native,192400.0,mouse,0.2991,967.12,398.42,991.96,410.62,303.1,24.85,12.2,2.037,False,,True,R-desk,53,evt_S-61_desk_work_surface_0011,dcc0c45472bfb2ac,lap_bag_context,no_pose_observation,34560.0,1.33,,1,cam12/e1/v1,
full,03.CCTV Mobile Usage.mkv,632de9ed55947761d56d4c6142a3cb1a1fe69d0b1a6d0e01a2e404c697962623,dfine_native,192400.0,unknown_object,0.3648,700.03,396.26,764.33,490.82,6079.8,64.3,94.55,0.68,False,,True,R-desk,53,evt_S-61_desk_work_surface_0011,dcc0c45472bfb2ac,lap_bag_context,no_pose_observation,34560.0,1.33,,1,cam12/e1/v1,
full,03.CCTV Mobile Usage.mkv,632de9ed55947761d56d4c6142a3cb1a1fe69d0b1a6d0e01a2e404c697962623,dfine_native,192400.0,monitor_or_bezel,0.2585,881.2,396.21,949.02,452.67,3829.5,67.82,56.47,1.201,False,,True,R-desk,53,evt_S-61_desk_work_surface_0011,dcc0c45472bfb2ac,lap_bag_context,no_pose_observation,34560.0,1.33,,1,cam12/e1/v1,
full,03.CCTV Mobile Usage.mkv,632de9ed55947761d56d4c6142a3cb1a1fe69d0b1a6d0e01a2e404c697962623,dfine_native,192400.0,monitor_or_bezel,0.3167,738.53,395.33,1146.38,491.04,39036.7,407.86,95.71,4.261,False,,True,R-desk,53,evt_S-61_desk_work_surface_0011,dcc0c45472bfb2ac,lap_bag_context,no_pose_observation,34560.0,1.33,,1,cam12/e1/v1,
full,03.CCTV Mobile Usage.mkv,632de9ed55947761d56d4c6142a3cb1a1fe69d0b1a6d0e01a2e404c697962623,dfine_native,192900.0,secondary_paper_chit,0.4497,56.03,448.83,159.38,511.54,6481.6,103.35,62.71,1.648,False,,True,S-61,50,evt_S-61_desk_work_surface_0011,75fc24d0e8581c00,pose_hand_context,,41314.6,3.15,,1,cam12/e1/v1,rtmpose_baseline
full,03.CCTV Mobile Usage.mkv,632de9ed55947761d56d4c6142a3cb1a1fe69d0b1a6d0e01a2e404c697962623,dfine_native,192900.0,stationery,0.2883,143.08,516.7,201.76,537.97,1248.5,58.68,21.27,2.758,False,,True,S-61,50,evt_S-61_desk_work_surface_0011,75fc24d0e8581c00,pose_hand_context,,41314.6,3.15,,1,cam12/e1/v1,rtmpose_baseline
full,03.CCTV Mobile Usage.mkv,632de9ed55947761d56d4c6142a3cb1a1fe69d0b1a6d0e01a2e404c697962623,dfine_native,192900.0,stationery,0.3606,34.01,423.52,97.44,497.57,4696.6,63.43,74.04,0.857,False,,True,S-61,50,evt_S-61_desk_work_surface_0011,75fc24d0e8581c00,pose_hand_context,,41314.6,3.15,,1,cam12/e1/v1,rtmpose_baseline
full,03.CCTV Mobile Usage.mkv,632de9ed55947761d56d4c6142a3cb1a1fe69d0b1a6d0e01a2e404c697962623,dfine_native,192900.0,secondary_paper_chit,0.2555,137.19,450.1,188.23,480.48,1550.8,51.04,30.39,1.68,False,,True,S-61,50,evt_S-61_desk_work_surface_0011,75fc24d0e8581c00,pose_hand_context,,41314.6,3.15,,1,cam12/e1/v1,rtmpose_baseline
full,03.CCTV Mobile Usage.mkv,632de9ed55947761d56d4c6142a3cb1a1fe69d0b1a6d0e01a2e404c697962623,dfine_native,192900.0,secondary_paper_chit,0.3956,55.08,448.78,188.35,511.74,8391.1,133.27,62.96,2.117,False,,True,S-61,50,evt_S-61_desk_work_surface_0011,75fc24d0e8581c00,pose_hand_context,,41314.6,3.15,,1,cam12/e1/v1,rtmpose_baseline
full,03.CCTV Mobile Usage.mkv,632de9ed55947761d56d4c6142a3cb1a1fe69d0b1a6d0e01a2e404c697962623,dfine_native,193400.0,stationery,0.289,82.95,458.25,204.3,550.8,11230.6,121.35,92.55,1.311,False,,True,S-61,50,evt_S-61_desk_work_surface_0011,0ae5faa56149bbbf,pose_hand_context,,43923.8,3.05,,1,cam12/e1/v1,rtmpose_baseline
full,03.CCTV Mobile Usage.mkv,632de9ed55947761d56d4c6142a3cb1a1fe69d0b1a6d0e01a2e404c697962623,dfine_native,193400.0,stationery,0.5032,35.87,457.94,203.92,551.31,15690.1,168.06,93.36,1.8,False,,True,S-61,50,evt_S-61_desk_work_surface_0011,0ae5faa56149bbbf,pose_hand_context,,43923.8,3.05,,1,cam12/e1/v1,rtmpose_baseline
full,03.CCTV Mobile Usage.mkv,632de9ed55947761d56d4c6142a3cb1a1fe69d0b1a6d0e01a2e404c697962623,dfine_native,193400.0,stationery,0.2576,36.17,494.25,166.66,551.57,7479.6,130.49,57.32,2.276,False,,True,S-61,50,evt_S-61_desk_work_surface_0011,0ae5faa56149bbbf,pose_hand_context,,43923.8,3.05,,1,cam12/e1/v1,rtmpose_baseline
full,03.CCTV Mobile Usage.mkv,632de9ed55947761d56d4c6142a3cb1a1fe69d0b1a6d0e01a2e404c697962623,dfine_native,193400.0,stationery,0.2905,74.19,458.49,173.54,517.62,5874.3,99.34,59.13,1.68,False,,True,S-61,50,evt_S-61_desk_work_surface_0011,0ae5faa56149bbbf,pose_hand_context,,43923.8,3.05,,1,cam12/e1/v1,rtmpose_baseline
full,03.CCTV Mobile Usage.mkv,632de9ed55947761d56d4c6142a3cb1a1fe69d0b1a6d0e01a2e404c697962623,dfine_native,193900.0,unknown_object,0.4929,48.06,358.29,228.54,539.09,32630.8,180.48,180.8,0.998,False,,True,S-61,50,evt_S-61_desk_work_surface_0011,be12dc87ad3b1c13,pose_hand_context,,33218.7,3.51,,1,cam12/e1/v1,rtmpose_baseline
full,03.CCTV Mobile Usage.mkv,632de9ed55947761d56d4c6142a3cb1a1fe69d0b1a6d0e01a2e404c697962623,dfine_native,193900.0,stationery,0.3999,47.98,443.04,71.55,471.53,671.2,23.56,28.49,0.827,False,,True,S-61,50,evt_S-61_desk_work_surface_0011,be12dc87ad3b1c13,pose_hand_context,,33218.7,3.51,,1,cam12/e1/v1,rtmpose_baseline
full,03.CCTV Mobile Usage.mkv,632de9ed55947761d56d4c6142a3cb1a1fe69d0b1a6d0e01a2e404c697962623,dfine_native,193900.0,bag,0.345,73.53,358.25,174.78,450.36,9325.2,101.25,92.1,1.099,False,,True,S-61,50,evt_S-61_desk_work_surface_0011,be12dc87ad3b1c13,pose_hand_context,,33218.7,3.51,,1,cam12/e1/v1,rtmpose_baseline
full,03.CCTV Mobile Usage.mkv,632de9ed55947761d56d4c6142a3cb1a1fe69d0b1a6d0e01a2e404c697962623,dfine_native,193900.0,unknown_object,0.3213,48.11,458.03,194.29,539.37,11889.9,146.18,81.34,1.797,False,,True,S-61,50,evt_S-61_desk_work_surface_0011,be12dc87ad3b1c13,pose_hand_context,,33218.7,3.51,,1,cam12/e1/v1,rtmpose_baseline
full,03.CCTV Mobile Usage.mkv,632de9ed55947761d56d4c6142a3cb1a1fe69d0b1a6d0e01a2e404c697962623,dfine_native,193900.0,bag,0.2928,78.92,384.28,169.82,450.1,5982.9,90.9,65.82,1.381,False,,True,S-61,50,evt_S-61_desk_work_surface_0011,be12dc87ad3b1c13,pose_hand_context,,33218.7,3.51,,1,cam12/e1/v1,rtmpose_baseline
full,03.CCTV Mobile Usage.mkv,632de9ed55947761d56d4c6142a3cb1a1fe69d0b1a6d0e01a2e404c697962623,dfine_native,193900.0,unknown_object,0.5933,48.08,358.15,199.2,538.97,27325.5,151.12,180.82,0.836,False,,True,S-61,50,evt_S-61_desk_work_surface_0011,be12dc87ad3b1c13,pose_hand_context,,33218.7,3.51,,1,cam12/e1/v1,rtmpose_baseline
full,03.CCTV Mobile Usage.mkv,632de9ed55947761d56d4c6142a3cb1a1fe69d0b1a6d0e01a2e404c697962623,dfine_native,193900.0,unknown_object,0.3181,48.05,403.94,196.12,539.11,20014.4,148.08,135.16,1.096,False,,True,S-61,50,evt_S-61_desk_work_surface_0011,be12dc87ad3b1c13,pose_hand_context,,33218.7,3.51,,1,cam12/e1/v1,rtmpose_baseline
full,03.CCTV Mobile Usage.mkv,632de9ed55947761d56d4c6142a3cb1a1fe69d0b1a6d0e01a2e404c697962623,dfine_native,254500.0,keyboard,0.9077,962.4,451.86,1067.45,491.39,4153.0,105.05,39.53,2.657,False,,True,R-desk,55,evt_S-61_desk_work_surface_0012,038aed9b3e7a3d2e,lap_bag_context,no_pose_observation,34560.0,1.33,,1,cam12/e1/v1,
full,03.CCTV Mobile Usage.mkv,632de9ed55947761d56d4c6142a3cb1a1fe69d0b1a6d0e01a2e404c697962623,dfine_native,254500.0,unknown_object,0.7028,699.86,396.18,846.1,491.95,14006.2,146.24,95.78,1.527,False,,True,R-desk,55,evt_S-61_desk_work_surface_0012,038aed9b3e7a3d2e,lap_bag_context,no_pose_observation,34560.0,1.33,,1,cam12/e1/v1,
full,03.CCTV Mobile Usage.mkv,632de9ed55947761d56d4c6142a3cb1a1fe69d0b1a6d0e01a2e404c697962623,dfine_native,254500.0,monitor_or_bezel,0.6664,1018.99,395.65,1146.1,448.03,6657.6,127.11,52.38,2.427,False,,True,R-desk,55,evt_S-61_desk_work_surface_0012,038aed9b3e7a3d2e,lap_bag_context,no_pose_observation,34560.0,1.33,,1,cam12/e1/v1,
full,03.CCTV Mobile Usage.mkv,632de9ed55947761d56d4c6142a3cb1a1fe69d0b1a6d0e01a2e404c697962623,dfine_native,254500.0,mouse,0.6317,864.73,413.8,891.81,435.06,575.6,27.08,21.26,1.274,False,,True,R-desk,55,evt_S-61_desk_work_surface_0012,038aed9b3e7a3d2e,lap_bag_context,no_pose_observation,34560.0,1.33,,1,cam12/e1/v1,
full,03.CCTV Mobile Usage.mkv,632de9ed55947761d56d4c6142a3cb1a1fe69d0b1a6d0e01a2e404c697962623,dfine_native,254500.0,keyboard,0.519,802.67,396.28,870.5,420.45,1639.6,67.83,24.17,2.806,False,,True,R-desk,55,evt_S-61_desk_work_surface_0012,038aed9b3e7a3d2e,lap_bag_context,no_pose_observation,34560.0,1.33,,1,cam12/e1/v1,
full,03.CCTV Mobile Usage.mkv,632de9ed55947761d56d4c6142a3cb1a1fe69d0b1a6d0e01a2e404c697962623,dfine_native,254500.0,phone,0.2826,1042.99,421.5,1113.37,474.29,3715.7,70.38,52.79,1.333,False,,True,R-desk,55,evt_S-61_desk_work_surface_0012,038aed9b3e7a3d2e,lap_bag_context,no_pose_observation,34560.0,1.33,,1,cam12/e1/v1,
full,03.CCTV Mobile Usage.mkv,632de9ed55947761d56d4c6142a3cb1a1fe69d0b1a6d0e01a2e404c697962623,dfine_native,254500.0,monitor_or_bezel,0.3187,1012.12,395.56,1147.61,488.51,12594.1,135.49,92.95,1.458,False,,True,R-desk,55,evt_S-61_desk_work_surface_0012,038aed9b3e7a3d2e,lap_bag_context,no_pose_observation,34560.0,1.33,,1,cam12/e1/v1,
full,03.CCTV Mobile Usage.mkv,632de9ed55947761d56d4c6142a3cb1a1fe69d0b1a6d0e01a2e404c697962623,dfine_native,254500.0,monitor_or_bezel,0.3432,880.83,396.18,948.95,452.57,3841.4,68.12,56.39,1.208,False,,True,R-desk,55,evt_S-61_desk_work_surface_0012,038aed9b3e7a3d2e,lap_bag_context,no_pose_observation,34560.0,1.33,,1,cam12/e1/v1,
full,03.CCTV Mobile Usage.mkv,632de9ed55947761d56d4c6142a3cb1a1fe69d0b1a6d0e01a2e404c697962623,dfine_native,254500.0,unknown_object,0.3618,700.03,396.26,762.37,491.56,5940.4,62.34,95.3,0.654,False,,True,R-desk,55,evt_S-61_desk_work_surface_0012,038aed9b3e7a3d2e,lap_bag_context,no_pose_observation,34560.0,1.33,,1,cam12/e1/v1,
full,03.CCTV Mobile Usage.mkv,632de9ed55947761d56d4c6142a3cb1a1fe69d0b1a6d0e01a2e404c697962623,dfine_native,254500.0,mouse,0.3715,966.95,398.33,991.68,410.72,306.2,24.73,12.39,1.996,False,,True,R-desk,55,evt_S-61_desk_work_surface_0012,038aed9b3e7a3d2e,lap_bag_context,no_pose_observation,34560.0,1.33,,1,cam12/e1/v1,
full,03.CCTV Mobile Usage.mkv,632de9ed55947761d56d4c6142a3cb1a1fe69d0b1a6d0e01a2e404c697962623,dfine_native,254500.0,monitor_or_bezel,0.3404,738.89,395.98,947.84,464.33,14282.7,208.95,68.36,3.057,False,,True,R-desk,55,evt_S-61_desk_work_surface_0012,038aed9b3e7a3d2e,lap_bag_context,no_pose_observation,34560.0,1.33,,1,cam12/e1/v1,
full,03.CCTV Mobile Usage.mkv,632de9ed55947761d56d4c6142a3cb1a1fe69d0b1a6d0e01a2e404c697962623,dfine_native,254500.0,monitor_or_bezel,0.2767,801.39,396.16,949.08,452.4,8306.1,147.69,56.24,2.626,False,,True,R-desk,55,evt_S-61_desk_work_surface_0012,038aed9b3e7a3d2e,lap_bag_context,no_pose_observation,34560.0,1.33,,1,cam12/e1/v1,
full,03.CCTV Mobile Usage.mkv,632de9ed55947761d56d4c6142a3cb1a1fe69d0b1a6d0e01a2e404c697962623,dfine_native,254500.0,mouse,0.2793,991.8,401.16,1029.6,413.7,474.2,37.8,12.54,3.014,False,,True,R-desk,55,evt_S-61_desk_work_surface_0012,038aed9b3e7a3d2e,lap_bag_context,no_pose_observation,34560.0,1.33,,1,cam12/e1/v1,
full,03.CCTV Mobile Usage.mkv,632de9ed55947761d56d4c6142a3cb1a1fe69d0b1a6d0e01a2e404c697962623,dfine_native,254500.0,monitor_or_bezel,0.2539,738.87,395.41,1147.28,491.03,39052.1,408.41,95.62,4.271,False,,True,R-desk,55,evt_S-61_desk_work_surface_0012,038aed9b3e7a3d2e,lap_bag_context,no_pose_observation,34560.0,1.33,,1,cam12/e1/v1,
full,03.CCTV Mobile Usage.mkv,632de9ed55947761d56d4c6142a3cb1a1fe69d0b1a6d0e01a2e404c697962623,dfine_native,254500.0,unknown_object,0.4398,27.94,365.17,171.07,508.36,20495.1,143.13,143.2,1.0,False,,True,S-61,54,evt_S-61_desk_work_surface_0012,654989f4cc25f471,pose_hand_context,,20529.2,4.47,,1,cam12/e1/v1,rtmpose_baseline
full,03.CCTV Mobile Usage.mkv,632de9ed55947761d56d4c6142a3cb1a1fe69d0b1a6d0e01a2e404c697962623,dfine_native,254500.0,secondary_paper_chit,0.275,67.64,458.98,170.79,508.87,5146.5,103.15,49.89,2.067,False,,True,S-61,54,evt_S-61_desk_work_surface_0012,654989f4cc25f471,pose_hand_context,,20529.2,4.47,,1,cam12/e1/v1,rtmpose_baseline
full,03.CCTV Mobile Usage.mkv,632de9ed55947761d56d4c6142a3cb1a1fe69d0b1a6d0e01a2e404c697962623,dfine_native,254500.0,stationery,0.2976,39.54,446.4,71.2,470.77,771.5,31.66,24.37,1.299,False,,True,S-61,54,evt_S-61_desk_work_surface_0012,654989f4cc25f471,pose_hand_context,,20529.2,4.47,,1,cam12/e1/v1,rtmpose_baseline
full,03.CCTV Mobile Usage.mkv,632de9ed55947761d56d4c6142a3cb1a1fe69d0b1a6d0e01a2e404c697962623,dfine_native,254500.0,bag,0.253,80.7,385.82,159.38,430.25,3495.6,78.68,44.43,1.771,False,,True,S-61,54,evt_S-61_desk_work_surface_0012,654989f4cc25f471,pose_hand_context,,20529.2,4.47,,1,cam12/e1/v1,rtmpose_baseline
full,03.CCTV Mobile Usage.mkv,632de9ed55947761d56d4c6142a3cb1a1fe69d0b1a6d0e01a2e404c697962623,dfine_native,255000.0,stationery,0.4966,39.62,446.78,70.86,470.82,751.1,31.25,24.04,1.3,False,,True,S-61,54,evt_S-61_desk_work_surface_0012,02aeb1acb3b64b82,pose_hand_context,,21123.7,4.4,,1,cam12/e1/v1,rtmpose_baseline
full,03.CCTV Mobile Usage.mkv,632de9ed55947761d56d4c6142a3cb1a1fe69d0b1a6d0e01a2e404c697962623,dfine_native,255000.0,unknown_object,0.3961,27.08,365.17,171.9,509.3,20872.8,144.82,144.13,1.005,False,,True,S-61,54,evt_S-61_desk_work_surface_0012,02aeb1acb3b64b82,pose_hand_context,,21123.7,4.4,,1,cam12/e1/v1,rtmpose_baseline
full,03.CCTV Mobile Usage.mkv,632de9ed55947761d56d4c6142a3cb1a1fe69d0b1a6d0e01a2e404c697962623,dfine_native,255000.0,stationery,0.2688,103.35,447.27,135.67,468.1,673.2,32.33,20.82,1.552,False,,True,S-61,54,evt_S-61_desk_work_surface_0012,02aeb1acb3b64b82,pose_hand_context,,21123.7,4.4,,1,cam12/e1/v1,rtmpose_baseline
full,03.CCTV Mobile Usage.mkv,632de9ed55947761d56d4c6142a3cb1a1fe69d0b1a6d0e01a2e404c697962623,dfine_native,255000.0,stationery,0.2637,38.91,426.67,90.74,470.85,2289.6,51.83,44.17,1.173,False,,True,S-61,54,evt_S-61_desk_work_surface_0012,02aeb1acb3b64b82,pose_hand_context,,21123.7,4.4,,1,cam12/e1/v1,rtmpose_baseline
full,03.CCTV Mobile Usage.mkv,632de9ed55947761d56d4c6142a3cb1a1fe69d0b1a6d0e01a2e404c697962623,dfine_native,255000.0,keyboard,0.9078,962.39,451.85,1067.41,491.38,4150.8,105.01,39.53,2.657,False,,True,R-desk,56,evt_S-61_desk_work_surface_0012,b42058d7fdcd535b,lap_bag_context,no_pose_observation,34560.0,1.33,,1,cam12/e1/v1,
full,03.CCTV Mobile Usage.mkv,632de9ed55947761d56d4c6142a3cb1a1fe69d0b1a6d0e01a2e404c697962623,dfine_native,255000.0,unknown_object,0.712,699.86,396.19,846.29,491.94,14021.3,146.43,95.75,1.529,False,,True,R-desk,56,evt_S-61_desk_work_surface_0012,b42058d7fdcd535b,lap_bag_context,no_pose_observation,34560.0,1.33,,1,cam12/e1/v1,
full,03.CCTV Mobile Usage.mkv,632de9ed55947761d56d4c6142a3cb1a1fe69d0b1a6d0e01a2e404c697962623,dfine_native,255000.0,monitor_or_bezel,0.6697,1019.03,395.74,1146.08,447.97,6635.9,127.05,52.23,2.432,False,,True,R-desk,56,evt_S-61_desk_work_surface_0012,b42058d7fdcd535b,lap_bag_context,no_pose_observation,34560.0,1.33,,1,cam12/e1/v1,
full,03.CCTV Mobile Usage.mkv,632de9ed55947761d56d4c6142a3cb1a1fe69d0b1a6d0e01a2e404c697962623,dfine_native,255000.0,mouse,0.6299,864.72,413.8,891.82,435.07,576.3,27.09,21.27,1.274,False,,True,R-desk,56,evt_S-61_desk_work_surface_0012,b42058d7fdcd535b,lap_bag_context,no_pose_observation,34560.0,1.33,,1,cam12/e1/v1,
full,03.CCTV Mobile Usage.mkv,632de9ed55947761d56d4c6142a3cb1a1fe69d0b1a6d0e01a2e404c697962623,dfine_native,255000.0,keyboard,0.5252,802.68,396.28,870.48,420.45,1638.9,67.8,24.17,2.805,False,,True,R-desk,56,evt_S-61_desk_work_surface_0012,b42058d7fdcd535b,lap_bag_context,no_pose_observation,34560.0,1.33,,1,cam12/e1/v1,
full,03.CCTV Mobile Usage.mkv,632de9ed55947761d56d4c6142a3cb1a1fe69d0b1a6d0e01a2e404c697962623,dfine_native,255000.0,phone,0.2854,1043.0,421.52,1113.35,474.28,3712.0,70.35,52.77,1.333,False,,True,R-desk,56,evt_S-61_desk_work_surface_0012,b42058d7fdcd535b,lap_bag_context,no_pose_observation,34560.0,1.33,,1,cam12/e1/v1,
full,03.CCTV Mobile Usage.mkv,632de9ed55947761d56d4c6142a3cb1a1fe69d0b1a6d0e01a2e404c697962623,dfine_native,255000.0,monitor_or_bezel,0.3207,1011.81,395.65,1147.74,488.67,12644.3,135.93,93.02,1.461,False,,True,R-desk,56,evt_S-61_desk_work_surface_0012,b42058d7fdcd535b,lap_bag_context,no_pose_observation,34560.0,1.33,,1,cam12/e1/v1,
full,03.CCTV Mobile Usage.mkv,632de9ed55947761d56d4c6142a3cb1a1fe69d0b1a6d0e01a2e404c697962623,dfine_native,255000.0,monitor_or_bezel,0.3479,880.83,396.18,948.87,452.56,3836.3,68.05,56.38,1.207,False,,True,R-desk,56,evt_S-61_desk_work_surface_0012,b42058d7fdcd535b,lap_bag_context,no_pose_observation,34560.0,1.33,,1,cam12/e1/v1,
full,03.CCTV Mobile Usage.mkv,632de9ed55947761d56d4c6142a3cb1a1fe69d0b1a6d0e01a2e404c697962623,dfine_native,255000.0,unknown_object,0.3842,700.03,396.26,760.91,491.49,5798.4,60.89,95.23,0.639,False,,True,R-desk,56,evt_S-61_desk_work_surface_0012,b42058d7fdcd535b,lap_bag_context,no_pose_observation,34560.0,1.33,,1,cam12/e1/v1,
full,03.CCTV Mobile Usage.mkv,632de9ed55947761d56d4c6142a3cb1a1fe69d0b1a6d0e01a2e404c697962623,dfine_native,255000.0,mouse,0.368,966.95,398.34,991.7,410.73,306.6,24.76,12.39,1.999,False,,True,R-desk,56,evt_S-61_desk_work_surface_0012,b42058d7fdcd535b,lap_bag_context,no_pose_observation,34560.0,1.33,,1,cam12/e1/v1,
full,03.CCTV Mobile Usage.mkv,632de9ed55947761d56d4c6142a3cb1a1fe69d0b1a6d0e01a2e404c697962623,dfine_native,255000.0,monitor_or_bezel,0.3313,738.98,395.97,947.85,464.46,14304.9,208.87,68.49,3.05,False,,True,R-desk,56,evt_S-61_desk_work_surface_0012,b42058d7fdcd535b,lap_bag_context,no_pose_observation,34560.0,1.33,,1,cam12/e1/v1,
full,03.CCTV Mobile Usage.mkv,632de9ed55947761d56d4c6142a3cb1a1fe69d0b1a6d0e01a2e404c697962623,dfine_native,255000.0,monitor_or_bezel,0.271,799.94,396.13,949.13,452.5,8409.3,149.2,56.36,2.647,False,,True,R-desk,56,evt_S-61_desk_work_surface_0012,b42058d7fdcd535b,lap_bag_context,no_pose_observation,34560.0,1.33,,1,cam12/e1/v1,
full,03.CCTV Mobile Usage.mkv,632de9ed55947761d56d4c6142a3cb1a1fe69d0b1a6d0e01a2e404c697962623,dfine_native,255000.0,mouse,0.2768,991.8,401.25,1029.93,413.73,475.8,38.13,12.48,3.056,False,,True,R-desk,56,evt_S-61_desk_work_surface_0012,b42058d7fdcd535b,lap_bag_context,no_pose_observation,34560.0,1.33,,1,cam12/e1/v1,
full,03.CCTV Mobile Usage.mkv,632de9ed55947761d56d4c6142a3cb1a1fe69d0b1a6d0e01a2e404c697962623,dfine_native,255500.0,stationery,0.3576,39.47,446.65,71.01,470.83,762.5,31.54,24.18,1.305,False,,True,S-61,54,evt_S-61_desk_work_surface_0012,376f4d7fa965cf43,pose_hand_context,,20891.8,4.43,,1,cam12/e1/v1,rtmpose_baseline
full,03.CCTV Mobile Usage.mkv,632de9ed55947761d56d4c6142a3cb1a1fe69d0b1a6d0e01a2e404c697962623,dfine_native,255500.0,unknown_object,0.4445,26.03,366.35,170.92,508.56,20604.6,144.89,142.21,1.019,False,,True,S-61,54,evt_S-61_desk_work_surface_0012,376f4d7fa965cf43,pose_hand_context,,20891.8,4.43,,1,cam12/e1/v1,rtmpose_baseline
full,03.CCTV Mobile Usage.mkv,632de9ed55947761d56d4c6142a3cb1a1fe69d0b1a6d0e01a2e404c697962623,dfine_native,255500.0,bag,0.2743,80.13,384.99,167.72,430.16,3956.2,87.59,45.17,1.939,False,,True,S-61,54,evt_S-61_desk_work_surface_0012,376f4d7fa965cf43,pose_hand_context,,20891.8,4.43,,1,cam12/e1/v1,rtmpose_baseline
full,03.CCTV Mobile Usage.mkv,632de9ed55947761d56d4c6142a3cb1a1fe69d0b1a6d0e01a2e404c697962623,dfine_native,255500.0,keyboard,0.9214,962.48,451.85,1067.77,491.41,4165.9,105.28,39.57,2.661,False,,True,R-desk,56,evt_S-61_desk_work_surface_0012,451c6c12f28a4d5b,lap_bag_context,no_pose_observation,34560.0,1.33,,1,cam12/e1/v1,
full,03.CCTV Mobile Usage.mkv,632de9ed55947761d56d4c6142a3cb1a1fe69d0b1a6d0e01a2e404c697962623,dfine_native,255500.0,unknown_object,0.8202,699.9,396.24,847.56,491.79,14108.8,147.67,95.55,1.546,False,,True,R-desk,56,evt_S-61_desk_work_surface_0012,451c6c12f28a4d5b,lap_bag_context,no_pose_observation,34560.0,1.33,,1,cam12/e1/v1,
full,03.CCTV Mobile Usage.mkv,632de9ed55947761d56d4c6142a3cb1a1fe69d0b1a6d0e01a2e404c697962623,dfine_native,255500.0,monitor_or_bezel,0.7378,1018.89,395.82,1146.02,447.8,6607.8,127.13,51.98,2.446,False,,True,R-desk,56,evt_S-61_desk_work_surface_0012,451c6c12f28a4d5b,lap_bag_context,no_pose_observation,34560.0,1.33,,1,cam12/e1/v1,
full,03.CCTV Mobile Usage.mkv,632de9ed55947761d56d4c6142a3cb1a1fe69d0b1a6d0e01a2e404c697962623,dfine_native,255500.0,mouse,0.6676,864.75,413.8,891.82,434.88,570.7,27.07,21.08,1.284,False,,True,R-desk,56,evt_S-61_desk_work_surface_0012,451c6c12f28a4d5b,lap_bag_context,no_pose_observation,34560.0,1.33,,1,cam12/e1/v1,
full,03.CCTV Mobile Usage.mkv,632de9ed55947761d56d4c6142a3cb1a1fe69d0b1a6d0e01a2e404c697962623,dfine_native,255500.0,keyboard,0.4963,802.5,396.27,870.67,420.55,1655.2,68.17,24.28,2.808,False,,True,R-desk,56,evt_S-61_desk_work_surface_0012,451c6c12f28a4d5b,lap_bag_context,no_pose_observation,34560.0,1.33,,1,cam12/e1/v1,
full,03.CCTV Mobile Usage.mkv,632de9ed55947761d56d4c6142a3cb1a1fe69d0b1a6d0e01a2e404c697962623,dfine_native,255500.0,monitor_or_bezel,0.2877,1013.0,395.71,1147.57,488.59,12498.7,134.57,92.88,1.449,False,,True,R-desk,56,evt_S-61_desk_work_surface_0012,451c6c12f28a4d5b,lap_bag_context,no_pose_observation,34560.0,1.33,,1,cam12/e1/v1,
full,03.CCTV Mobile Usage.mkv,632de9ed55947761d56d4c6142a3cb1a1fe69d0b1a6d0e01a2e404c697962623,dfine_native,255500.0,monitor_or_bezel,0.3635,880.99,396.16,949.13,452.59,3845.1,68.14,56.43,1.208,False,,True,R-desk,56,evt_S-61_desk_work_surface_0012,451c6c12f28a4d5b,lap_bag_context,no_pose_observation,34560.0,1.33,,1,cam12/e1/v1,
full,03.CCTV Mobile Usage.mkv,632de9ed55947761d56d4c6142a3cb1a1fe69d0b1a6d0e01a2e404c697962623,dfine_native,255500.0,unknown_object,0.3259,700.01,396.38,760.19,491.29,5712.4,60.19,94.91,0.634,False,,True,R-desk,56,evt_S-61_desk_work_surface_0012,451c6c12f28a4d5b,lap_bag_context,no_pose_observation,34560.0,1.33,,1,cam12/e1/v1,
full,03.CCTV Mobile Usage.mkv,632de9ed55947761d56d4c6142a3cb1a1fe69d0b1a6d0e01a2e404c697962623,dfine_native,255500.0,mouse,0.4373,967.07,398.39,991.58,410.71,301.9,24.52,12.32,1.99,False,,True,R-desk,56,evt_S-61_desk_work_surface_0012,451c6c12f28a4d5b,lap_bag_context,no_pose_observation,34560.0,1.33,,1,cam12/e1/v1,
full,03.CCTV Mobile Usage.mkv,632de9ed55947761d56d4c6142a3cb1a1fe69d0b1a6d0e01a2e404c697962623,dfine_native,255500.0,mouse,0.3102,991.78,400.87,1028.45,413.63,467.8,36.67,12.76,2.874,False,,True,R-desk,56,evt_S-61_desk_work_surface_0012,451c6c12f28a4d5b,lap_bag_context,no_pose_observation,34560.0,1.33,,1,cam12/e1/v1,
full,03.CCTV Mobile Usage.mkv,632de9ed55947761d56d4c6142a3cb1a1fe69d0b1a6d0e01a2e404c697962623,dfine_native,256000.0,keyboard,0.9191,962.46,451.85,1067.81,491.4,4166.5,105.34,39.55,2.663,False,,True,R-desk,56,evt_S-61_desk_work_surface_0012,ea081494aa278c36,lap_bag_context,no_pose_observation,34560.0,1.33,,1,cam12/e1/v1,
full,03.CCTV Mobile Usage.mkv,632de9ed55947761d56d4c6142a3cb1a1fe69d0b1a6d0e01a2e404c697962623,dfine_native,256000.0,unknown_object,0.7282,699.87,396.19,845.83,492.02,13987.8,145.96,95.83,1.523,False,,True,R-desk,56,evt_S-61_desk_work_surface_0012,ea081494aa278c36,lap_bag_context,no_pose_observation,34560.0,1.33,,1,cam12/e1/v1,
full,03.CCTV Mobile Usage.mkv,632de9ed55947761d56d4c6142a3cb1a1fe69d0b1a6d0e01a2e404c697962623,dfine_native,256000.0,monitor_or_bezel,0.6895,1018.96,395.89,1145.93,448.04,6620.8,126.97,52.15,2.435,False,,True,R-desk,56,evt_S-61_desk_work_surface_0012,ea081494aa278c36,lap_bag_context,no_pose_observation,34560.0,1.33,,1,cam12/e1/v1,
full,03.CCTV Mobile Usage.mkv,632de9ed55947761d56d4c6142a3cb1a1fe69d0b1a6d0e01a2e404c697962623,dfine_native,256000.0,mouse,0.6206,864.54,413.73,891.98,434.9,580.8,27.44,21.17,1.296,False,,True,R-desk,56,evt_S-61_desk_work_surface_0012,ea081494aa278c36,lap_bag_context,no_pose_observation,34560.0,1.33,,1,cam12/e1/v1,
full,03.CCTV Mobile Usage.mkv,632de9ed55947761d56d4c6142a3cb1a1fe69d0b1a6d0e01a2e404c697962623,dfine_native,256000.0,keyboard,0.5061,802.48,396.27,870.65,420.57,1656.4,68.17,24.3,2.805,False,,True,R-desk,56,evt_S-61_desk_work_surface_0012,ea081494aa278c36,lap_bag_context,no_pose_observation,34560.0,1.33,,1,cam12/e1/v1,
full,03.CCTV Mobile Usage.mkv,632de9ed55947761d56d4c6142a3cb1a1fe69d0b1a6d0e01a2e404c697962623,dfine_native,256000.0,unknown_object,0.4433,700.03,396.17,761.18,491.62,5836.7,61.15,95.45,0.641,False,,True,R-desk,56,evt_S-61_desk_work_surface_0012,ea081494aa278c36,lap_bag_context,no_pose_observation,34560.0,1.33,,1,cam12/e1/v1,
full,03.CCTV Mobile Usage.mkv,632de9ed55947761d56d4c6142a3cb1a1fe69d0b1a6d0e01a2e404c697962623,dfine_native,256000.0,monitor_or_bezel,0.3781,1012.86,395.83,1147.31,488.51,12460.3,134.44,92.68,1.451,False,,True,R-desk,56,evt_S-61_desk_work_surface_0012,ea081494aa278c36,lap_bag_context,no_pose_observation,34560.0,1.33,,1,cam12/e1/v1,
full,03.CCTV Mobile Usage.mkv,632de9ed55947761d56d4c6142a3cb1a1fe69d0b1a6d0e01a2e404c697962623,dfine_native,256000.0,unknown_object,0.296,700.09,396.2,777.4,492.04,7409.9,77.31,95.84,0.807,False,,True,R-desk,56,evt_S-61_desk_work_surface_0012,ea081494aa278c36,lap_bag_context,no_pose_observation,34560.0,1.33,,1,cam12/e1/v1,
full,03.CCTV Mobile Usage.mkv,632de9ed55947761d56d4c6142a3cb1a1fe69d0b1a6d0e01a2e404c697962623,dfine_native,256000.0,phone,0.2518,1043.04,421.75,1113.12,474.5,3696.7,70.09,52.74,1.329,False,,True,R-desk,56,evt_S-61_desk_work_surface_0012,ea081494aa278c36,lap_bag_context,no_pose_observation,34560.0,1.33,,1,cam12/e1/v1,
full,03.CCTV Mobile Usage.mkv,632de9ed55947761d56d4c6142a3cb1a1fe69d0b1a6d0e01a2e404c697962623,dfine_native,256000.0,monitor_or_bezel,0.3426,881.26,396.13,948.58,452.56,3798.1,67.31,56.42,1.193,False,,True,R-desk,56,evt_S-61_desk_work_surface_0012,ea081494aa278c36,lap_bag_context,no_pose_observation,34560.0,1.33,,1,cam12/e1/v1,
full,03.CCTV Mobile Usage.mkv,632de9ed55947761d56d4c6142a3cb1a1fe69d0b1a6d0e01a2e404c697962623,dfine_native,256000.0,mouse,0.3559,967.03,398.4,991.4,410.69,299.5,24.37,12.29,1.983,False,,True,R-desk,56,evt_S-61_desk_work_surface_0012,ea081494aa278c36,lap_bag_context,no_pose_observation,34560.0,1.33,,1,cam12/e1/v1,
full,03.CCTV Mobile Usage.mkv,632de9ed55947761d56d4c6142a3cb1a1fe69d0b1a6d0e01a2e404c697962623,dfine_native,256000.0,stationery,0.6633,39.62,446.81,70.6,470.71,740.5,30.98,23.9,1.296,False,,True,S-61,54,evt_S-61_desk_work_surface_0012,fb4b46d886dfffeb,pose_hand_context,,23396.8,4.18,,1,cam12/e1/v1,rtmpose_baseline
full,03.CCTV Mobile Usage.mkv,632de9ed55947761d56d4c6142a3cb1a1fe69d0b1a6d0e01a2e404c697962623,dfine_native,256000.0,stationery,0.3552,39.05,429.08,75.08,470.76,1501.7,36.03,41.68,0.864,False,,True,S-61,54,evt_S-61_desk_work_surface_0012,fb4b46d886dfffeb,pose_hand_context,,23396.8,4.18,,1,cam12/e1/v1,rtmpose_baseline
full,03.CCTV Mobile Usage.mkv,632de9ed55947761d56d4c6142a3cb1a1fe69d0b1a6d0e01a2e404c697962623,dfine_native,256000.0,bag,0.2783,76.26,367.93,165.46,430.17,5551.6,89.2,62.24,1.433,False,,True,S-61,54,evt_S-61_desk_work_surface_0012,fb4b46d886dfffeb,pose_hand_context,,23396.8,4.18,,1,cam12/e1/v1,rtmpose_baseline
full,03.CCTV Mobile Usage.mkv,632de9ed55947761d56d4c6142a3cb1a1fe69d0b1a6d0e01a2e404c697962623,dfine_native,256500.0,monitor_or_bezel,0.447,168.08,489.04,257.63,646.06,14061.2,89.55,157.02,0.57,False,,True,S-61,54,evt_S-61_desk_work_surface_0012,19ff9a8f8da79889,pose_hand_context,,28271.1,3.81,,1,cam12/e1/v1,rtmpose_baseline
full,03.CCTV Mobile Usage.mkv,632de9ed55947761d56d4c6142a3cb1a1fe69d0b1a6d0e01a2e404c697962623,dfine_native,256500.0,stationery,0.296,168.01,493.79,210.69,607.09,4836.0,42.68,113.3,0.377,False,,True,S-61,54,evt_S-61_desk_work_surface_0012,19ff9a8f8da79889,pose_hand_context,,28271.1,3.81,,1,cam12/e1/v1,rtmpose_baseline
full,03.CCTV Mobile Usage.mkv,632de9ed55947761d56d4c6142a3cb1a1fe69d0b1a6d0e01a2e404c697962623,dfine_native,256500.0,stationery,0.2587,167.98,509.49,209.86,592.97,3496.9,41.89,83.49,0.502,False,,True,S-61,54,evt_S-61_desk_work_surface_0012,19ff9a8f8da79889,pose_hand_context,,28271.1,3.81,,1,cam12/e1/v1,rtmpose_baseline
full,03.CCTV Mobile Usage.mkv,632de9ed55947761d56d4c6142a3cb1a1fe69d0b1a6d0e01a2e404c697962623,dfine_native,256500.0,keyboard,0.9191,962.46,451.85,1067.81,491.4,4166.7,105.34,39.55,2.663,False,,True,R-desk,56,evt_S-61_desk_work_surface_0012,757bc2dfadf8a267,lap_bag_context,no_pose_observation,34560.0,1.33,,1,cam12/e1/v1,
full,03.CCTV Mobile Usage.mkv,632de9ed55947761d56d4c6142a3cb1a1fe69d0b1a6d0e01a2e404c697962623,dfine_native,256500.0,unknown_object,0.7296,699.87,396.19,845.82,492.02,13986.3,145.94,95.83,1.523,False,,True,R-desk,56,evt_S-61_desk_work_surface_0012,757bc2dfadf8a267,lap_bag_context,no_pose_observation,34560.0,1.33,,1,cam12/e1/v1,
full,03.CCTV Mobile Usage.mkv,632de9ed55947761d56d4c6142a3cb1a1fe69d0b1a6d0e01a2e404c697962623,dfine_native,256500.0,monitor_or_bezel,0.6943,1018.96,395.89,1145.98,448.05,6625.2,127.01,52.16,2.435,False,,True,R-desk,56,evt_S-61_desk_work_surface_0012,757bc2dfadf8a267,lap_bag_context,no_pose_observation,34560.0,1.33,,1,cam12/e1/v1,
full,03.CCTV Mobile Usage.mkv,632de9ed55947761d56d4c6142a3cb1a1fe69d0b1a6d0e01a2e404c697962623,dfine_native,256500.0,mouse,0.6212,864.54,413.73,891.97,434.9,580.7,27.43,21.17,1.296,False,,True,R-desk,56,evt_S-61_desk_work_surface_0012,757bc2dfadf8a267,lap_bag_context,no_pose_observation,34560.0,1.33,,1,cam12/e1/v1,
full,03.CCTV Mobile Usage.mkv,632de9ed55947761d56d4c6142a3cb1a1fe69d0b1a6d0e01a2e404c697962623,dfine_native,256500.0,keyboard,0.5088,802.48,396.27,870.64,420.57,1656.2,68.16,24.3,2.805,False,,True,R-desk,56,evt_S-61_desk_work_surface_0012,757bc2dfadf8a267,lap_bag_context,no_pose_observation,34560.0,1.33,,1,cam12/e1/v1,
full,03.CCTV Mobile Usage.mkv,632de9ed55947761d56d4c6142a3cb1a1fe69d0b1a6d0e01a2e404c697962623,dfine_native,256500.0,unknown_object,0.4432,700.03,396.17,761.19,491.62,5837.7,61.16,95.45,0.641,False,,True,R-desk,56,evt_S-61_desk_work_surface_0012,757bc2dfadf8a267,lap_bag_context,no_pose_observation,34560.0,1.33,,1,cam12/e1/v1,
full,03.CCTV Mobile Usage.mkv,632de9ed55947761d56d4c6142a3cb1a1fe69d0b1a6d0e01a2e404c697962623,dfine_native,256500.0,monitor_or_bezel,0.3758,1012.79,395.82,1147.31,488.46,12462.5,134.52,92.64,1.452,False,,True,R-desk,56,evt_S-61_desk_work_surface_0012,757bc2dfadf8a267,lap_bag_context,no_pose_observation,34560.0,1.33,,1,cam12/e1/v1,
full,03.CCTV Mobile Usage.mkv,632de9ed55947761d56d4c6142a3cb1a1fe69d0b1a6d0e01a2e404c697962623,dfine_native,256500.0,unknown_object,0.2952,700.09,396.2,777.43,492.04,7412.1,77.33,95.84,0.807,False,,True,R-desk,56,evt_S-61_desk_work_surface_0012,757bc2dfadf8a267,lap_bag_context,no_pose_observation,34560.0,1.33,,1,cam12/e1/v1,
full,03.CCTV Mobile Usage.mkv,632de9ed55947761d56d4c6142a3cb1a1fe69d0b1a6d0e01a2e404c697962623,dfine_native,256500.0,phone,0.2513,1043.04,421.75,1113.12,474.5,3697.0,70.08,52.75,1.329,False,,True,R-desk,56,evt_S-61_desk_work_surface_0012,757bc2dfadf8a267,lap_bag_context,no_pose_observation,34560.0,1.33,,1,cam12/e1/v1,
full,03.CCTV Mobile Usage.mkv,632de9ed55947761d56d4c6142a3cb1a1fe69d0b1a6d0e01a2e404c697962623,dfine_native,256500.0,monitor_or_bezel,0.3442,881.26,396.13,948.57,452.56,3797.9,67.31,56.42,1.193,False,,True,R-desk,56,evt_S-61_desk_work_surface_0012,757bc2dfadf8a267,lap_bag_context,no_pose_observation,34560.0,1.33,,1,cam12/e1/v1,
full,03.CCTV Mobile Usage.mkv,632de9ed55947761d56d4c6142a3cb1a1fe69d0b1a6d0e01a2e404c697962623,dfine_native,256500.0,mouse,0.3569,967.03,398.4,991.4,410.69,299.4,24.37,12.29,1.983,False,,True,R-desk,56,evt_S-61_desk_work_surface_0012,757bc2dfadf8a267,lap_bag_context,no_pose_observation,34560.0,1.33,,1,cam12/e1/v1,
full,03.CCTV Mobile Usage.mkv,632de9ed55947761d56d4c6142a3cb1a1fe69d0b1a6d0e01a2e404c697962623,dfine_native,257000.0,keyboard,0.9196,962.47,451.85,1067.81,491.4,4166.8,105.34,39.55,2.663,False,,True,R-desk,56,evt_S-61_desk_work_surface_0012,27999fbb705fdadc,lap_bag_context,no_pose_observation,34560.0,1.33,,1,cam12/e1/v1,
full,03.CCTV Mobile Usage.mkv,632de9ed55947761d56d4c6142a3cb1a1fe69d0b1a6d0e01a2e404c697962623,dfine_native,257000.0,unknown_object,0.7304,699.87,396.18,845.81,492.02,13985.3,145.94,95.83,1.523,False,,True,R-desk,56,evt_S-61_desk_work_surface_0012,27999fbb705fdadc,lap_bag_context,no_pose_observation,34560.0,1.33,,1,cam12/e1/v1,
full,03.CCTV Mobile Usage.mkv,632de9ed55947761d56d4c6142a3cb1a1fe69d0b1a6d0e01a2e404c697962623,dfine_native,257000.0,monitor_or_bezel,0.7005,1018.97,395.89,1145.98,448.06,6625.0,127.01,52.16,2.435,False,,True,R-desk,56,evt_S-61_desk_work_surface_0012,27999fbb705fdadc,lap_bag_context,no_pose_observation,34560.0,1.33,,1,cam12/e1/v1,
full,03.CCTV Mobile Usage.mkv,632de9ed55947761d56d4c6142a3cb1a1fe69d0b1a6d0e01a2e404c697962623,dfine_native,257000.0,mouse,0.6222,864.54,413.73,891.97,434.9,580.7,27.43,21.17,1.296,False,,True,R-desk,56,evt_S-61_desk_work_surface_0012,27999fbb705fdadc,lap_bag_context,no_pose_observation,34560.0,1.33,,1,cam12/e1/v1,
full,03.CCTV Mobile Usage.mkv,632de9ed55947761d56d4c6142a3cb1a1fe69d0b1a6d0e01a2e404c697962623,dfine_native,257000.0,keyboard,0.5093,802.48,396.27,870.64,420.57,1656.1,68.16,24.3,2.805,False,,True,R-desk,56,evt_S-61_desk_work_surface_0012,27999fbb705fdadc,lap_bag_context,no_pose_observation,34560.0,1.33,,1,cam12/e1/v1,
full,03.CCTV Mobile Usage.mkv,632de9ed55947761d56d4c6142a3cb1a1fe69d0b1a6d0e01a2e404c697962623,dfine_native,257000.0,unknown_object,0.4432,700.03,396.17,761.18,491.62,5836.4,61.15,95.45,0.641,False,,True,R-desk,56,evt_S-61_desk_work_surface_0012,27999fbb705fdadc,lap_bag_context,no_pose_observation,34560.0,1.33,,1,cam12/e1/v1,
full,03.CCTV Mobile Usage.mkv,632de9ed55947761d56d4c6142a3cb1a1fe69d0b1a6d0e01a2e404c697962623,dfine_native,257000.0,monitor_or_bezel,0.3717,1012.79,395.82,1147.31,488.51,12467.4,134.51,92.69,1.451,False,,True,R-desk,56,evt_S-61_desk_work_surface_0012,27999fbb705fdadc,lap_bag_context,no_pose_observation,34560.0,1.33,,1,cam12/e1/v1,
full,03.CCTV Mobile Usage.mkv,632de9ed55947761d56d4c6142a3cb1a1fe69d0b1a6d0e01a2e404c697962623,dfine_native,257000.0,unknown_object,0.2949,700.09,396.2,777.44,492.05,7413.1,77.34,95.85,0.807,False,,True,R-desk,56,evt_S-61_desk_work_surface_0012,27999fbb705fdadc,lap_bag_context,no_pose_observation,34560.0,1.33,,1,cam12/e1/v1,
full,03.CCTV Mobile Usage.mkv,632de9ed55947761d56d4c6142a3cb1a1fe69d0b1a6d0e01a2e404c697962623,dfine_native,257000.0,phone,0.25,1043.04,421.75,1113.13,474.51,3698.6,70.09,52.77,1.328,False,,True,R-desk,56,evt_S-61_desk_work_surface_0012,27999fbb705fdadc,lap_bag_context,no_pose_observation,34560.0,1.33,,1,cam12/e1/v1,
full,03.CCTV Mobile Usage.mkv,632de9ed55947761d56d4c6142a3cb1a1fe69d0b1a6d0e01a2e404c697962623,dfine_native,257000.0,monitor_or_bezel,0.3457,881.27,396.13,948.57,452.56,3797.6,67.3,56.42,1.193,False,,True,R-desk,56,evt_S-61_desk_work_surface_0012,27999fbb705fdadc,lap_bag_context,no_pose_observation,34560.0,1.33,,1,cam12/e1/v1,
full,03.CCTV Mobile Usage.mkv,632de9ed55947761d56d4c6142a3cb1a1fe69d0b1a6d0e01a2e404c697962623,dfine_native,257000.0,mouse,0.3592,967.03,398.4,991.4,410.69,299.3,24.36,12.29,1.983,False,,True,R-desk,56,evt_S-61_desk_work_surface_0012,27999fbb705fdadc,lap_bag_context,no_pose_observation,34560.0,1.33,,1,cam12/e1/v1,
full,03.CCTV Mobile Usage.mkv,632de9ed55947761d56d4c6142a3cb1a1fe69d0b1a6d0e01a2e404c697962623,dfine_native,257000.0,stationery,0.6546,39.62,446.63,70.88,470.71,752.7,31.25,24.08,1.298,False,,True,S-61,54,evt_S-61_desk_work_surface_0012,413f694f7e4edd61,pose_hand_context,,24580.0,4.08,,1,cam12/e1/v1,rtmpose_baseline
full,03.CCTV Mobile Usage.mkv,632de9ed55947761d56d4c6142a3cb1a1fe69d0b1a6d0e01a2e404c697962623,dfine_native,257000.0,bag,0.3646,78.58,383.11,157.16,429.5,3645.4,78.58,46.39,1.694,False,,True,S-61,54,evt_S-61_desk_work_surface_0012,413f694f7e4edd61,pose_hand_context,,24580.0,4.08,,1,cam12/e1/v1,rtmpose_baseline
full,03.CCTV Mobile Usage.mkv,632de9ed55947761d56d4c6142a3cb1a1fe69d0b1a6d0e01a2e404c697962623,dfine_native,257000.0,stationery,0.3052,103.58,446.98,152.34,467.84,1017.0,48.76,20.86,2.337,False,,True,S-61,54,evt_S-61_desk_work_surface_0012,413f694f7e4edd61,pose_hand_context,,24580.0,4.08,,1,cam12/e1/v1,rtmpose_baseline
full,03.CCTV Mobile Usage.mkv,632de9ed55947761d56d4c6142a3cb1a1fe69d0b1a6d0e01a2e404c697962623,dfine_native,257000.0,stationery,0.282,104.0,447.26,133.5,467.83,607.0,29.5,20.58,1.434,False,,True,S-61,54,evt_S-61_desk_work_surface_0012,413f694f7e4edd61,pose_hand_context,,24580.0,4.08,,1,cam12/e1/v1,rtmpose_baseline
full,03.CCTV Mobile Usage.mkv,632de9ed55947761d56d4c6142a3cb1a1fe69d0b1a6d0e01a2e404c697962623,dfine_native,257000.0,bag,0.2651,77.5,369.64,157.28,429.27,4757.5,79.78,59.63,1.338,False,,True,S-61,54,evt_S-61_desk_work_surface_0012,413f694f7e4edd61,pose_hand_context,,24580.0,4.08,,1,cam12/e1/v1,rtmpose_baseline
full,03.CCTV Mobile Usage.mkv,632de9ed55947761d56d4c6142a3cb1a1fe69d0b1a6d0e01a2e404c697962623,dfine_native,257000.0,unknown_object,0.3049,154.46,406.6,175.14,498.45,1900.1,20.69,91.85,0.225,False,,True,S-61,54,evt_S-61_desk_work_surface_0012,413f694f7e4edd61,pose_hand_context,,24580.0,4.08,,1,cam12/e1/v1,rtmpose_baseline
full,03.CCTV Mobile Usage.mkv,632de9ed55947761d56d4c6142a3cb1a1fe69d0b1a6d0e01a2e404c697962623,dfine_native,257000.0,stationery,0.295,39.6,446.39,152.57,470.25,2695.4,112.97,23.86,4.735,False,,True,S-61,54,evt_S-61_desk_work_surface_0012,413f694f7e4edd61,pose_hand_context,,24580.0,4.08,,1,cam12/e1/v1,rtmpose_baseline
full,03.CCTV Mobile Usage.mkv,632de9ed55947761d56d4c6142a3cb1a1fe69d0b1a6d0e01a2e404c697962623,dfine_native,257000.0,stationery,0.2954,38.98,428.77,76.85,470.6,1584.4,37.88,41.83,0.906,False,,True,S-61,54,evt_S-61_desk_work_surface_0012,413f694f7e4edd61,pose_hand_context,,24580.0,4.08,,1,cam12/e1/v1,rtmpose_baseline
full,03.CCTV Mobile Usage.mkv,632de9ed55947761d56d4c6142a3cb1a1fe69d0b1a6d0e01a2e404c697962623,dfine_native,257500.0,keyboard,0.9195,962.46,451.85,1067.81,491.4,4166.8,105.34,39.55,2.663,False,,True,R-desk,57,evt_S-61_desk_work_surface_0012,6e4133af21bee8a3,lap_bag_context,no_pose_observation,34560.0,1.33,,1,cam12/e1/v1,
full,03.CCTV Mobile Usage.mkv,632de9ed55947761d56d4c6142a3cb1a1fe69d0b1a6d0e01a2e404c697962623,dfine_native,257500.0,unknown_object,0.7304,699.87,396.18,845.82,492.02,13986.7,145.95,95.83,1.523,False,,True,R-desk,57,evt_S-61_desk_work_surface_0012,6e4133af21bee8a3,lap_bag_context,no_pose_observation,34560.0,1.33,,1,cam12/e1/v1,
full,03.CCTV Mobile Usage.mkv,632de9ed55947761d56d4c6142a3cb1a1fe69d0b1a6d0e01a2e404c697962623,dfine_native,257500.0,monitor_or_bezel,0.7026,1018.98,395.89,1145.93,448.03,6619.8,126.95,52.14,2.435,False,,True,R-desk,57,evt_S-61_desk_work_surface_0012,6e4133af21bee8a3,lap_bag_context,no_pose_observation,34560.0,1.33,,1,cam12/e1/v1,
full,03.CCTV Mobile Usage.mkv,632de9ed55947761d56d4c6142a3cb1a1fe69d0b1a6d0e01a2e404c697962623,dfine_native,257500.0,mouse,0.6223,864.54,413.73,891.97,434.9,580.7,27.43,21.17,1.296,False,,True,R-desk,57,evt_S-61_desk_work_surface_0012,6e4133af21bee8a3,lap_bag_context,no_pose_observation,34560.0,1.33,,1,cam12/e1/v1,
full,03.CCTV Mobile Usage.mkv,632de9ed55947761d56d4c6142a3cb1a1fe69d0b1a6d0e01a2e404c697962623,dfine_native,257500.0,keyboard,0.5104,802.48,396.27,870.64,420.57,1656.1,68.16,24.3,2.805,False,,True,R-desk,57,evt_S-61_desk_work_surface_0012,6e4133af21bee8a3,lap_bag_context,no_pose_observation,34560.0,1.33,,1,cam12/e1/v1,
full,03.CCTV Mobile Usage.mkv,632de9ed55947761d56d4c6142a3cb1a1fe69d0b1a6d0e01a2e404c697962623,dfine_native,257500.0,unknown_object,0.4435,700.03,396.17,761.14,491.62,5832.9,61.11,95.45,0.64,False,,True,R-desk,57,evt_S-61_desk_work_surface_0012,6e4133af21bee8a3,lap_bag_context,no_pose_observation,34560.0,1.33,,1,cam12/e1/v1,
full,03.CCTV Mobile Usage.mkv,632de9ed55947761d56d4c6142a3cb1a1fe69d0b1a6d0e01a2e404c697962623,dfine_native,257500.0,monitor_or_bezel,0.3692,1012.83,395.82,1147.23,488.51,12457.1,134.4,92.69,1.45,False,,True,R-desk,57,evt_S-61_desk_work_surface_0012,6e4133af21bee8a3,lap_bag_context,no_pose_observation,34560.0,1.33,,1,cam12/e1/v1,
full,03.CCTV Mobile Usage.mkv,632de9ed55947761d56d4c6142a3cb1a1fe69d0b1a6d0e01a2e404c697962623,dfine_native,257500.0,unknown_object,0.2941,700.08,396.2,777.42,492.04,7412.5,77.34,95.85,0.807,False,,True,R-desk,57,evt_S-61_desk_work_surface_0012,6e4133af21bee8a3,lap_bag_context,no_pose_observation,34560.0,1.33,,1,cam12/e1/v1,
full,03.CCTV Mobile Usage.mkv,632de9ed55947761d56d4c6142a3cb1a1fe69d0b1a6d0e01a2e404c697962623,dfine_native,257500.0,monitor_or_bezel,0.3455,881.27,396.13,948.57,452.56,3797.5,67.3,56.42,1.193,False,,True,R-desk,57,evt_S-61_desk_work_surface_0012,6e4133af21bee8a3,lap_bag_context,no_pose_observation,34560.0,1.33,,1,cam12/e1/v1,
full,03.CCTV Mobile Usage.mkv,632de9ed55947761d56d4c6142a3cb1a1fe69d0b1a6d0e01a2e404c697962623,dfine_native,257500.0,mouse,0.3593,967.03,398.4,991.4,410.69,299.3,24.36,12.29,1.983,False,,True,R-desk,57,evt_S-61_desk_work_surface_0012,6e4133af21bee8a3,lap_bag_context,no_pose_observation,34560.0,1.33,,1,cam12/e1/v1,
full,03.CCTV Mobile Usage.mkv,632de9ed55947761d56d4c6142a3cb1a1fe69d0b1a6d0e01a2e404c697962623,dfine_native,257500.0,bag,0.2861,79.06,368.98,159.15,429.21,4824.1,80.1,60.23,1.33,False,,True,S-61,54,evt_S-61_desk_work_surface_0012,9367598ba2df894d,pose_hand_context,,28770.9,3.77,,1,cam12/e1/v1,rtmpose_baseline
full,03.CCTV Mobile Usage.mkv,632de9ed55947761d56d4c6142a3cb1a1fe69d0b1a6d0e01a2e404c697962623,dfine_native,257500.0,stationery,0.38,39.87,446.64,71.2,470.69,753.3,31.33,24.04,1.303,False,,True,S-61,54,evt_S-61_desk_work_surface_0012,9367598ba2df894d,pose_hand_context,,28770.9,3.77,,1,cam12/e1/v1,rtmpose_baseline
full,03.CCTV Mobile Usage.mkv,632de9ed55947761d56d4c6142a3cb1a1fe69d0b1a6d0e01a2e404c697962623,dfine_native,257500.0,bag,0.2798,80.02,384.1,158.59,429.29,3550.2,78.57,45.18,1.739,False,,True,S-61,54,evt_S-61_desk_work_surface_0012,9367598ba2df894d,pose_hand_context,,28770.9,3.77,,1,cam12/e1/v1,rtmpose_baseline
full,03.CCTV Mobile Usage.mkv,632de9ed55947761d56d4c6142a3cb1a1fe69d0b1a6d0e01a2e404c697962623,dfine_native,258000.0,bag,0.2939,79.34,369.31,155.76,429.28,4582.5,76.42,59.96,1.274,False,,True,S-61,54,evt_S-61_desk_work_surface_0012,4aa534e5180b5614,pose_hand_context,,30012.1,3.69,,1,cam12/e1/v1,rtmpose_baseline
full,03.CCTV Mobile Usage.mkv,632de9ed55947761d56d4c6142a3cb1a1fe69d0b1a6d0e01a2e404c697962623,dfine_native,258000.0,stationery,0.376,39.75,446.57,70.98,470.8,756.9,31.23,24.23,1.289,False,,True,S-61,54,evt_S-61_desk_work_surface_0012,4aa534e5180b5614,pose_hand_context,,30012.1,3.69,,1,cam12/e1/v1,rtmpose_baseline
full,03.CCTV Mobile Usage.mkv,632de9ed55947761d56d4c6142a3cb1a1fe69d0b1a6d0e01a2e404c697962623,dfine_native,258000.0,bag,0.2753,79.88,383.35,154.77,428.95,3414.8,74.89,45.6,1.642,False,,True,S-61,54,evt_S-61_desk_work_surface_0012,4aa534e5180b5614,pose_hand_context,,30012.1,3.69,,1,cam12/e1/v1,rtmpose_baseline
full,03.CCTV Mobile Usage.mkv,632de9ed55947761d56d4c6142a3cb1a1fe69d0b1a6d0e01a2e404c697962623,dfine_native,258000.0,bag,0.2751,79.86,383.64,155.65,429.09,3444.9,75.79,45.45,1.667,False,,True,S-61,54,evt_S-61_desk_work_surface_0012,4aa534e5180b5614,pose_hand_context,,30012.1,3.69,,1,cam12/e1/v1,rtmpose_baseline
full,03.CCTV Mobile Usage.mkv,632de9ed55947761d56d4c6142a3cb1a1fe69d0b1a6d0e01a2e404c697962623,dfine_native,258000.0,keyboard,0.9196,962.47,451.85,1067.81,491.4,4166.9,105.35,39.55,2.663,False,,True,R-desk,57,evt_S-61_desk_work_surface_0012,c4ee831fddf54c49,lap_bag_context,no_pose_observation,34560.0,1.33,,1,cam12/e1/v1,
full,03.CCTV Mobile Usage.mkv,632de9ed55947761d56d4c6142a3cb1a1fe69d0b1a6d0e01a2e404c697962623,dfine_native,258000.0,unknown_object,0.7298,699.87,396.18,845.81,492.02,13985.7,145.94,95.83,1.523,False,,True,R-desk,57,evt_S-61_desk_work_surface_0012,c4ee831fddf54c49,lap_bag_context,no_pose_observation,34560.0,1.33,,1,cam12/e1/v1,
full,03.CCTV Mobile Usage.mkv,632de9ed55947761d56d4c6142a3cb1a1fe69d0b1a6d0e01a2e404c697962623,dfine_native,258000.0,monitor_or_bezel,0.7009,1018.98,395.89,1145.97,448.04,6623.0,126.99,52.15,2.435,False,,True,R-desk,57,evt_S-61_desk_work_surface_0012,c4ee831fddf54c49,lap_bag_context,no_pose_observation,34560.0,1.33,,1,cam12/e1/v1,
full,03.CCTV Mobile Usage.mkv,632de9ed55947761d56d4c6142a3cb1a1fe69d0b1a6d0e01a2e404c697962623,dfine_native,258000.0,mouse,0.6222,864.54,413.73,891.97,434.9,580.7,27.43,21.17,1.296,False,,True,R-desk,57,evt_S-61_desk_work_surface_0012,c4ee831fddf54c49,lap_bag_context,no_pose_observation,34560.0,1.33,,1,cam12/e1/v1,
full,03.CCTV Mobile Usage.mkv,632de9ed55947761d56d4c6142a3cb1a1fe69d0b1a6d0e01a2e404c697962623,dfine_native,258000.0,keyboard,0.5091,802.48,396.27,870.64,420.57,1656.2,68.16,24.3,2.805,False,,True,R-desk,57,evt_S-61_desk_work_surface_0012,c4ee831fddf54c49,lap_bag_context,no_pose_observation,34560.0,1.33,,1,cam12/e1/v1,
full,03.CCTV Mobile Usage.mkv,632de9ed55947761d56d4c6142a3cb1a1fe69d0b1a6d0e01a2e404c697962623,dfine_native,258000.0,unknown_object,0.443,700.03,396.17,761.14,491.62,5833.0,61.11,95.45,0.64,False,,True,R-desk,57,evt_S-61_desk_work_surface_0012,c4ee831fddf54c49,lap_bag_context,no_pose_observation,34560.0,1.33,,1,cam12/e1/v1,
full,03.CCTV Mobile Usage.mkv,632de9ed55947761d56d4c6142a3cb1a1fe69d0b1a6d0e01a2e404c697962623,dfine_native,258000.0,monitor_or_bezel,0.3719,1012.84,395.82,1147.28,488.52,12463.3,134.44,92.7,1.45,False,,True,R-desk,57,evt_S-61_desk_work_surface_0012,c4ee831fddf54c49,lap_bag_context,no_pose_observation,34560.0,1.33,,1,cam12/e1/v1,
full,03.CCTV Mobile Usage.mkv,632de9ed55947761d56d4c6142a3cb1a1fe69d0b1a6d0e01a2e404c697962623,dfine_native,258000.0,unknown_object,0.2945,700.09,396.2,777.41,492.05,7411.3,77.32,95.85,0.807,False,,True,R-desk,57,evt_S-61_desk_work_surface_0012,c4ee831fddf54c49,lap_bag_context,no_pose_observation,34560.0,1.33,,1,cam12/e1/v1,
full,03.CCTV Mobile Usage.mkv,632de9ed55947761d56d4c6142a3cb1a1fe69d0b1a6d0e01a2e404c697962623,dfine_native,258000.0,monitor_or_bezel,0.3448,881.27,396.13,948.57,452.56,3797.7,67.3,56.43,1.193,False,,True,R-desk,57,evt_S-61_desk_work_surface_0012,c4ee831fddf54c49,lap_bag_context,no_pose_observation,34560.0,1.33,,1,cam12/e1/v1,
full,03.CCTV Mobile Usage.mkv,632de9ed55947761d56d4c6142a3cb1a1fe69d0b1a6d0e01a2e404c697962623,dfine_native,258000.0,mouse,0.3595,967.03,398.4,991.39,410.69,299.3,24.36,12.29,1.983,False,,True,R-desk,57,evt_S-61_desk_work_surface_0012,c4ee831fddf54c49,lap_bag_context,no_pose_observation,34560.0,1.33,,1,cam12/e1/v1,
full,03.CCTV Mobile Usage.mkv,632de9ed55947761d56d4c6142a3cb1a1fe69d0b1a6d0e01a2e404c697962623,dfine_native,258500.0,keyboard,0.9199,962.46,451.85,1067.81,491.4,4167.2,105.35,39.56,2.663,False,,True,R-desk,58,evt_S-61_desk_work_surface_0012,bdb86f3dff80f5b6,lap_bag_context,no_pose_observation,34560.0,1.33,,1,cam12/e1/v1,
full,03.CCTV Mobile Usage.mkv,632de9ed55947761d56d4c6142a3cb1a1fe69d0b1a6d0e01a2e404c697962623,dfine_native,258500.0,unknown_object,0.7314,699.87,396.18,845.81,492.02,13985.6,145.94,95.83,1.523,False,,True,R-desk,58,evt_S-61_desk_work_surface_0012,bdb86f3dff80f5b6,lap_bag_context,no_pose_observation,34560.0,1.33,,1,cam12/e1/v1,
full,03.CCTV Mobile Usage.mkv,632de9ed55947761d56d4c6142a3cb1a1fe69d0b1a6d0e01a2e404c697962623,dfine_native,258500.0,monitor_or_bezel,0.6997,1018.98,395.88,1145.89,448.06,6622.4,126.92,52.18,2.432,False,,True,R-desk,58,evt_S-61_desk_work_surface_0012,bdb86f3dff80f5b6,lap_bag_context,no_pose_observation,34560.0,1.33,,1,cam12/e1/v1,
full,03.CCTV Mobile Usage.mkv,632de9ed55947761d56d4c6142a3cb1a1fe69d0b1a6d0e01a2e404c697962623,dfine_native,258500.0,mouse,0.6227,864.54,413.73,891.98,434.9,580.8,27.43,21.17,1.296,False,,True,R-desk,58,evt_S-61_desk_work_surface_0012,bdb86f3dff80f5b6,lap_bag_context,no_pose_observation,34560.0,1.33,,1,cam12/e1/v1,
full,03.CCTV Mobile Usage.mkv,632de9ed55947761d56d4c6142a3cb1a1fe69d0b1a6d0e01a2e404c697962623,dfine_native,258500.0,keyboard,0.5103,802.48,396.27,870.64,420.57,1656.0,68.16,24.3,2.805,False,,True,R-desk,58,evt_S-61_desk_work_surface_0012,bdb86f3dff80f5b6,lap_bag_context,no_pose_observation,34560.0,1.33,,1,cam12/e1/v1,
full,03.CCTV Mobile Usage.mkv,632de9ed55947761d56d4c6142a3cb1a1fe69d0b1a6d0e01a2e404c697962623,dfine_native,258500.0,unknown_object,0.4421,700.03,396.17,761.2,491.62,5838.9,61.17,95.45,0.641,False,,True,R-desk,58,evt_S-61_desk_work_surface_0012,bdb86f3dff80f5b6,lap_bag_context,no_pose_observation,34560.0,1.33,,1,cam12/e1/v1,
full,03.CCTV Mobile Usage.mkv,632de9ed55947761d56d4c6142a3cb1a1fe69d0b1a6d0e01a2e404c697962623,dfine_native,258500.0,monitor_or_bezel,0.3699,1012.93,395.82,1147.2,488.37,12426.7,134.27,92.55,1.451,False,,True,R-desk,58,evt_S-61_desk_work_surface_0012,bdb86f3dff80f5b6,lap_bag_context,no_pose_observation,34560.0,1.33,,1,cam12/e1/v1,
full,03.CCTV Mobile Usage.mkv,632de9ed55947761d56d4c6142a3cb1a1fe69d0b1a6d0e01a2e404c697962623,dfine_native,258500.0,unknown_object,0.2921,700.09,396.2,777.44,492.04,7413.2,77.35,95.84,0.807,False,,True,R-desk,58,evt_S-61_desk_work_surface_0012,bdb86f3dff80f5b6,lap_bag_context,no_pose_observation,34560.0,1.33,,1,cam12/e1/v1,
full,03.CCTV Mobile Usage.mkv,632de9ed55947761d56d4c6142a3cb1a1fe69d0b1a6d0e01a2e404c697962623,dfine_native,258500.0,monitor_or_bezel,0.3442,881.27,396.13,948.57,452.56,3797.3,67.3,56.42,1.193,False,,True,R-desk,58,evt_S-61_desk_work_surface_0012,bdb86f3dff80f5b6,lap_bag_context,no_pose_observation,34560.0,1.33,,1,cam12/e1/v1,
full,03.CCTV Mobile Usage.mkv,632de9ed55947761d56d4c6142a3cb1a1fe69d0b1a6d0e01a2e404c697962623,dfine_native,258500.0,mouse,0.3589,967.03,398.4,991.4,410.69,299.4,24.36,12.29,1.983,False,,True,R-desk,58,evt_S-61_desk_work_surface_0012,bdb86f3dff80f5b6,lap_bag_context,no_pose_observation,34560.0,1.33,,1,cam12/e1/v1,
full,03.CCTV Mobile Usage.mkv,632de9ed55947761d56d4c6142a3cb1a1fe69d0b1a6d0e01a2e404c697962623,dfine_native,258500.0,keyboard,0.9199,962.46,451.85,1067.81,491.4,4167.2,105.35,39.56,2.663,False,,True,R-desk,57,evt_S-61_desk_work_surface_0012,bdb86f3dff80f5b6,lap_bag_context,no_pose_observation,34560.0,1.33,,1,cam12/e1/v1,
full,03.CCTV Mobile Usage.mkv,632de9ed55947761d56d4c6142a3cb1a1fe69d0b1a6d0e01a2e404c697962623,dfine_native,258500.0,unknown_object,0.7314,699.87,396.18,845.81,492.02,13985.6,145.94,95.83,1.523,False,,True,R-desk,57,evt_S-61_desk_work_surface_0012,bdb86f3dff80f5b6,lap_bag_context,no_pose_observation,34560.0,1.33,,1,cam12/e1/v1,
full,03.CCTV Mobile Usage.mkv,632de9ed55947761d56d4c6142a3cb1a1fe69d0b1a6d0e01a2e404c697962623,dfine_native,258500.0,monitor_or_bezel,0.6997,1018.98,395.88,1145.89,448.06,6622.4,126.92,52.18,2.432,False,,True,R-desk,57,evt_S-61_desk_work_surface_0012,bdb86f3dff80f5b6,lap_bag_context,no_pose_observation,34560.0,1.33,,1,cam12/e1/v1,
full,03.CCTV Mobile Usage.mkv,632de9ed55947761d56d4c6142a3cb1a1fe69d0b1a6d0e01a2e404c697962623,dfine_native,258500.0,mouse,0.6227,864.54,413.73,891.98,434.9,580.8,27.43,21.17,1.296,False,,True,R-desk,57,evt_S-61_desk_work_surface_0012,bdb86f3dff80f5b6,lap_bag_context,no_pose_observation,34560.0,1.33,,1,cam12/e1/v1,
full,03.CCTV Mobile Usage.mkv,632de9ed55947761d56d4c6142a3cb1a1fe69d0b1a6d0e01a2e404c697962623,dfine_native,258500.0,keyboard,0.5103,802.48,396.27,870.64,420.57,1656.0,68.16,24.3,2.805,False,,True,R-desk,57,evt_S-61_desk_work_surface_0012,bdb86f3dff80f5b6,lap_bag_context,no_pose_observation,34560.0,1.33,,1,cam12/e1/v1,
full,03.CCTV Mobile Usage.mkv,632de9ed55947761d56d4c6142a3cb1a1fe69d0b1a6d0e01a2e404c697962623,dfine_native,258500.0,unknown_object,0.4421,700.03,396.17,761.2,491.62,5838.9,61.17,95.45,0.641,False,,True,R-desk,57,evt_S-61_desk_work_surface_0012,bdb86f3dff80f5b6,lap_bag_context,no_pose_observation,34560.0,1.33,,1,cam12/e1/v1,
full,03.CCTV Mobile Usage.mkv,632de9ed55947761d56d4c6142a3cb1a1fe69d0b1a6d0e01a2e404c697962623,dfine_native,258500.0,monitor_or_bezel,0.3699,1012.93,395.82,1147.2,488.37,12426.7,134.27,92.55,1.451,False,,True,R-desk,57,evt_S-61_desk_work_surface_0012,bdb86f3dff80f5b6,lap_bag_context,no_pose_observation,34560.0,1.33,,1,cam12/e1/v1,
full,03.CCTV Mobile Usage.mkv,632de9ed55947761d56d4c6142a3cb1a1fe69d0b1a6d0e01a2e404c697962623,dfine_native,258500.0,unknown_object,0.2921,700.09,396.2,777.44,492.04,7413.2,77.35,95.84,0.807,False,,True,R-desk,57,evt_S-61_desk_work_surface_0012,bdb86f3dff80f5b6,lap_bag_context,no_pose_observation,34560.0,1.33,,1,cam12/e1/v1,
full,03.CCTV Mobile Usage.mkv,632de9ed55947761d56d4c6142a3cb1a1fe69d0b1a6d0e01a2e404c697962623,dfine_native,258500.0,monitor_or_bezel,0.3442,881.27,396.13,948.57,452.56,3797.3,67.3,56.42,1.193,False,,True,R-desk,57,evt_S-61_desk_work_surface_0012,bdb86f3dff80f5b6,lap_bag_context,no_pose_observation,34560.0,1.33,,1,cam12/e1/v1,
full,03.CCTV Mobile Usage.mkv,632de9ed55947761d56d4c6142a3cb1a1fe69d0b1a6d0e01a2e404c697962623,dfine_native,258500.0,mouse,0.3589,967.03,398.4,991.4,410.69,299.4,24.36,12.29,1.983,False,,True,R-desk,57,evt_S-61_desk_work_surface_0012,bdb86f3dff80f5b6,lap_bag_context,no_pose_observation,34560.0,1.33,,1,cam12/e1/v1,
full,03.CCTV Mobile Usage.mkv,632de9ed55947761d56d4c6142a3cb1a1fe69d0b1a6d0e01a2e404c697962623,dfine_native,258500.0,bag,0.321,78.93,382.66,149.96,429.0,3291.1,71.03,46.34,1.533,False,,True,S-61,54,evt_S-61_desk_work_surface_0012,f7fbefc2289fa486,pose_hand_context,,32227.4,3.57,,1,cam12/e1/v1,rtmpose_baseline
full,03.CCTV Mobile Usage.mkv,632de9ed55947761d56d4c6142a3cb1a1fe69d0b1a6d0e01a2e404c697962623,dfine_native,258500.0,bag,0.2787,7.14,448.23,183.48,525.4,13607.6,176.35,77.16,2.285,False,,True,S-61,54,evt_S-61_desk_work_surface_0012,f7fbefc2289fa486,pose_hand_context,,32227.4,3.57,,1,cam12/e1/v1,rtmpose_baseline
full,03.CCTV Mobile Usage.mkv,632de9ed55947761d56d4c6142a3cb1a1fe69d0b1a6d0e01a2e404c697962623,dfine_native,258500.0,stationery,0.3511,39.72,446.47,72.32,470.66,788.5,32.6,24.19,1.348,False,,True,S-61,54,evt_S-61_desk_work_surface_0012,f7fbefc2289fa486,pose_hand_context,,32227.4,3.57,,1,cam12/e1/v1,rtmpose_baseline
full,03.CCTV Mobile Usage.mkv,632de9ed55947761d56d4c6142a3cb1a1fe69d0b1a6d0e01a2e404c697962623,dfine_native,259000.0,bag,0.2685,81.32,384.43,156.44,428.79,3333.0,75.12,44.37,1.693,False,,True,S-61,54,evt_S-61_desk_work_surface_0012,504367d72c822d66,pose_hand_context,,34655.5,3.44,,1,cam12/e1/v1,rtmpose_baseline
full,03.CCTV Mobile Usage.mkv,632de9ed55947761d56d4c6142a3cb1a1fe69d0b1a6d0e01a2e404c697962623,dfine_native,259000.0,bag,0.2533,4.17,447.95,187.41,530.43,15113.7,183.24,82.48,2.222,False,,True,S-61,54,evt_S-61_desk_work_surface_0012,504367d72c822d66,pose_hand_context,,34655.5,3.44,,1,cam12/e1/v1,rtmpose_baseline
full,03.CCTV Mobile Usage.mkv,632de9ed55947761d56d4c6142a3cb1a1fe69d0b1a6d0e01a2e404c697962623,dfine_native,259000.0,keyboard,0.9149,962.45,451.91,1067.73,491.4,4157.9,105.28,39.49,2.666,False,,True,R-desk,58,evt_S-61_desk_work_surface_0012,77a8c67e7846f796,lap_bag_context,no_pose_observation,34560.0,1.33,,1,cam12/e1/v1,
full,03.CCTV Mobile Usage.mkv,632de9ed55947761d56d4c6142a3cb1a1fe69d0b1a6d0e01a2e404c697962623,dfine_native,259000.0,unknown_object,0.7106,699.87,396.23,847.93,492.23,14212.5,148.05,96.0,1.542,False,,True,R-desk,58,evt_S-61_desk_work_surface_0012,77a8c67e7846f796,lap_bag_context,no_pose_observation,34560.0,1.33,,1,cam12/e1/v1,
full,03.CCTV Mobile Usage.mkv,632de9ed55947761d56d4c6142a3cb1a1fe69d0b1a6d0e01a2e404c697962623,dfine_native,259000.0,monitor_or_bezel,0.6477,1019.2,395.52,1146.02,448.31,6694.6,126.82,52.79,2.402,False,,True,R-desk,58,evt_S-61_desk_work_surface_0012,77a8c67e7846f796,lap_bag_context,no_pose_observation,34560.0,1.33,,1,cam12/e1/v1,
full,03.CCTV Mobile Usage.mkv,632de9ed55947761d56d4c6142a3cb1a1fe69d0b1a6d0e01a2e404c697962623,dfine_native,259000.0,keyboard,0.455,802.64,396.26,870.41,420.61,1649.7,67.77,24.34,2.784,False,,True,R-desk,58,evt_S-61_desk_work_surface_0012,77a8c67e7846f796,lap_bag_context,no_pose_observation,34560.0,1.33,,1,cam12/e1/v1,
full,03.CCTV Mobile Usage.mkv,632de9ed55947761d56d4c6142a3cb1a1fe69d0b1a6d0e01a2e404c697962623,dfine_native,259000.0,mouse,0.6017,864.69,413.7,892.31,435.08,590.4,27.61,21.38,1.292,False,,True,R-desk,58,evt_S-61_desk_work_surface_0012,77a8c67e7846f796,lap_bag_context,no_pose_observation,34560.0,1.33,,1,cam12/e1/v1,
full,03.CCTV Mobile Usage.mkv,632de9ed55947761d56d4c6142a3cb1a1fe69d0b1a6d0e01a2e404c697962623,dfine_native,259000.0,monitor_or_bezel,0.3505,1013.26,395.47,1146.93,488.09,12380.0,133.67,92.62,1.443,False,,True,R-desk,58,evt_S-61_desk_work_surface_0012,77a8c67e7846f796,lap_bag_context,no_pose_observation,34560.0,1.33,,1,cam12/e1/v1,
full,03.CCTV Mobile Usage.mkv,632de9ed55947761d56d4c6142a3cb1a1fe69d0b1a6d0e01a2e404c697962623,dfine_native,259000.0,unknown_object,0.392,700.04,396.19,767.46,492.03,6462.3,67.43,95.84,0.704,False,,True,R-desk,58,evt_S-61_desk_work_surface_0012,77a8c67e7846f796,lap_bag_context,no_pose_observation,34560.0,1.33,,1,cam12/e1/v1,
full,03.CCTV Mobile Usage.mkv,632de9ed55947761d56d4c6142a3cb1a1fe69d0b1a6d0e01a2e404c697962623,dfine_native,259000.0,phone,0.2912,1042.96,421.77,1113.02,474.35,3683.9,70.06,52.58,1.332,False,,True,R-desk,58,evt_S-61_desk_work_surface_0012,77a8c67e7846f796,lap_bag_context,no_pose_observation,34560.0,1.33,,1,cam12/e1/v1,
full,03.CCTV Mobile Usage.mkv,632de9ed55947761d56d4c6142a3cb1a1fe69d0b1a6d0e01a2e404c697962623,dfine_native,259000.0,monitor_or_bezel,0.3234,881.29,396.14,948.63,452.52,3796.9,67.34,56.38,1.194,False,,True,R-desk,58,evt_S-61_desk_work_surface_0012,77a8c67e7846f796,lap_bag_context,no_pose_observation,34560.0,1.33,,1,cam12/e1/v1,
full,03.CCTV Mobile Usage.mkv,632de9ed55947761d56d4c6142a3cb1a1fe69d0b1a6d0e01a2e404c697962623,dfine_native,259000.0,unknown_object,0.3883,700.05,396.38,756.51,491.4,5364.4,56.46,95.01,0.594,False,,True,R-desk,58,evt_S-61_desk_work_surface_0012,77a8c67e7846f796,lap_bag_context,no_pose_observation,34560.0,1.33,,1,cam12/e1/v1,
full,03.CCTV Mobile Usage.mkv,632de9ed55947761d56d4c6142a3cb1a1fe69d0b1a6d0e01a2e404c697962623,dfine_native,259000.0,mouse,0.3423,966.93,398.3,991.6,410.67,305.3,24.67,12.37,1.994,False,,True,R-desk,58,evt_S-61_desk_work_surface_0012,77a8c67e7846f796,lap_bag_context,no_pose_observation,34560.0,1.33,,1,cam12/e1/v1,
full,03.CCTV Mobile Usage.mkv,632de9ed55947761d56d4c6142a3cb1a1fe69d0b1a6d0e01a2e404c697962623,dfine_native,259000.0,mouse,0.2768,991.81,401.8,1028.56,413.71,437.9,36.75,11.92,3.084,False,,True,R-desk,58,evt_S-61_desk_work_surface_0012,77a8c67e7846f796,lap_bag_context,no_pose_observation,34560.0,1.33,,1,cam12/e1/v1,
full,03.CCTV Mobile Usage.mkv,632de9ed55947761d56d4c6142a3cb1a1fe69d0b1a6d0e01a2e404c697962623,dfine_native,259000.0,monitor_or_bezel,0.2533,966.52,395.4,1146.86,490.58,17163.9,180.35,95.17,1.895,False,,True,R-desk,58,evt_S-61_desk_work_surface_0012,77a8c67e7846f796,lap_bag_context,no_pose_observation,34560.0,1.33,,1,cam12/e1/v1,
full,03.CCTV Mobile Usage.mkv,632de9ed55947761d56d4c6142a3cb1a1fe69d0b1a6d0e01a2e404c697962623,dfine_native,259500.0,monitor_or_bezel,0.2585,2.06,493.27,153.29,531.83,5832.2,151.23,38.57,3.921,False,,True,S-61,54,evt_S-61_desk_work_surface_0012,5402a68bcdd2c9e7,pose_hand_context,,36016.4,3.37,,1,cam12/e1/v1,rtmpose_baseline
full,03.CCTV Mobile Usage.mkv,632de9ed55947761d56d4c6142a3cb1a1fe69d0b1a6d0e01a2e404c697962623,dfine_native,273183.0,unknown_object,0.3599,111.87,277.49,205.96,471.4,18246.8,94.1,193.92,0.485,False,,True,S-61,59,evt_S-61_desk_work_surface_0013,781a97f7370f14b4,pose_hand_context,,38518.0,3.26,,1,cam12/e1/v1,rtmpose_baseline
full,03.CCTV Mobile Usage.mkv,632de9ed55947761d56d4c6142a3cb1a1fe69d0b1a6d0e01a2e404c697962623,dfine_native,273183.0,unknown_object,0.371,61.98,358.74,180.27,468.15,12942.4,118.29,109.41,1.081,False,,True,S-61,59,evt_S-61_desk_work_surface_0013,781a97f7370f14b4,pose_hand_context,,38518.0,3.26,,1,cam12/e1/v1,rtmpose_baseline
full,03.CCTV Mobile Usage.mkv,632de9ed55947761d56d4c6142a3cb1a1fe69d0b1a6d0e01a2e404c697962623,dfine_native,273183.0,unknown_object,0.3545,10.0,277.63,205.59,472.15,38046.1,195.59,194.52,1.006,False,,True,S-61,59,evt_S-61_desk_work_surface_0013,781a97f7370f14b4,pose_hand_context,,38518.0,3.26,,1,cam12/e1/v1,rtmpose_baseline
full,03.CCTV Mobile Usage.mkv,632de9ed55947761d56d4c6142a3cb1a1fe69d0b1a6d0e01a2e404c697962623,dfine_native,273183.0,unknown_object,0.2601,113.29,277.33,205.92,410.34,12321.0,92.63,133.01,0.696,False,,True,S-61,59,evt_S-61_desk_work_surface_0013,781a97f7370f14b4,pose_hand_context,,38518.0,3.26,,1,cam12/e1/v1,rtmpose_baseline
full,03.CCTV Mobile Usage.mkv,632de9ed55947761d56d4c6142a3cb1a1fe69d0b1a6d0e01a2e404c697962623,dfine_native,273183.0,unknown_object,0.4646,62.64,277.53,206.05,470.1,27616.7,143.41,192.57,0.745,False,,True,S-61,59,evt_S-61_desk_work_surface_0013,781a97f7370f14b4,pose_hand_context,,38518.0,3.26,,1,cam12/e1/v1,rtmpose_baseline
full,03.CCTV Mobile Usage.mkv,632de9ed55947761d56d4c6142a3cb1a1fe69d0b1a6d0e01a2e404c697962623,dfine_native,273183.0,stationery,0.3569,40.99,445.21,72.53,471.57,831.4,31.54,26.36,1.196,False,,True,S-61,59,evt_S-61_desk_work_surface_0013,781a97f7370f14b4,pose_hand_context,,38518.0,3.26,,1,cam12/e1/v1,rtmpose_baseline
full,03.CCTV Mobile Usage.mkv,632de9ed55947761d56d4c6142a3cb1a1fe69d0b1a6d0e01a2e404c697962623,dfine_native,273183.0,unknown_object,0.3174,39.12,355.41,180.08,468.36,15920.6,140.96,112.94,1.248,False,,True,S-61,59,evt_S-61_desk_work_surface_0013,781a97f7370f14b4,pose_hand_context,,38518.0,3.26,,1,cam12/e1/v1,rtmpose_baseline
full,03.CCTV Mobile Usage.mkv,632de9ed55947761d56d4c6142a3cb1a1fe69d0b1a6d0e01a2e404c697962623,dfine_native,273183.0,unknown_object,0.3716,10.37,287.07,177.06,470.08,30505.6,166.68,183.01,0.911,False,,True,S-61,59,evt_S-61_desk_work_surface_0013,781a97f7370f14b4,pose_hand_context,,38518.0,3.26,,1,cam12/e1/v1,rtmpose_baseline
full,03.CCTV Mobile Usage.mkv,632de9ed55947761d56d4c6142a3cb1a1fe69d0b1a6d0e01a2e404c697962623,dfine_native,273183.0,unknown_object,0.3672,12.72,277.55,181.34,468.96,32274.0,168.61,191.41,0.881,False,,True,S-61,59,evt_S-61_desk_work_surface_0013,781a97f7370f14b4,pose_hand_context,,38518.0,3.26,,1,cam12/e1/v1,rtmpose_baseline
full,03.CCTV Mobile Usage.mkv,632de9ed55947761d56d4c6142a3cb1a1fe69d0b1a6d0e01a2e404c697962623,dfine_native,273183.0,unknown_object,0.2551,9.97,290.96,117.19,472.16,19427.3,107.22,181.2,0.592,False,,True,S-61,59,evt_S-61_desk_work_surface_0013,781a97f7370f14b4,pose_hand_context,,38518.0,3.26,,1,cam12/e1/v1,rtmpose_baseline
full,03.CCTV Mobile Usage.mkv,632de9ed55947761d56d4c6142a3cb1a1fe69d0b1a6d0e01a2e404c697962623,dfine_native,273183.0,unknown_object,0.3461,10.4,295.06,181.93,470.7,30128.0,171.53,175.64,0.977,False,,True,S-61,59,evt_S-61_desk_work_surface_0013,781a97f7370f14b4,pose_hand_context,,38518.0,3.26,,1,cam12/e1/v1,rtmpose_baseline
full,03.CCTV Mobile Usage.mkv,632de9ed55947761d56d4c6142a3cb1a1fe69d0b1a6d0e01a2e404c697962623,dfine_native,273683.0,stationery,0.5819,41.01,445.32,72.4,472.84,863.8,31.39,27.52,1.14,False,,True,S-61,59,evt_S-61_desk_work_surface_0013,7b24035bddf5e812,pose_hand_context,,40248.4,3.19,,1,cam12/e1/v1,rtmpose_baseline
full,03.CCTV Mobile Usage.mkv,632de9ed55947761d56d4c6142a3cb1a1fe69d0b1a6d0e01a2e404c697962623,dfine_native,273683.0,unknown_object,0.2952,57.72,333.78,179.58,467.79,16328.4,121.85,134.0,0.909,False,,True,S-61,59,evt_S-61_desk_work_surface_0013,7b24035bddf5e812,pose_hand_context,,40248.4,3.19,,1,cam12/e1/v1,rtmpose_baseline
full,03.CCTV Mobile Usage.mkv,632de9ed55947761d56d4c6142a3cb1a1fe69d0b1a6d0e01a2e404c697962623,dfine_native,273683.0,unknown_object,0.2857,58.13,360.24,176.74,467.72,12747.6,118.61,107.47,1.104,False,,True,S-61,59,evt_S-61_desk_work_surface_0013,7b24035bddf5e812,pose_hand_context,,40248.4,3.19,,1,cam12/e1/v1,rtmpose_baseline
full,03.CCTV Mobile Usage.mkv,632de9ed55947761d56d4c6142a3cb1a1fe69d0b1a6d0e01a2e404c697962623,dfine_native,273683.0,unknown_object,0.5304,58.9,276.26,184.41,467.85,24047.2,125.52,191.59,0.655,False,,True,S-61,59,evt_S-61_desk_work_surface_0013,7b24035bddf5e812,pose_hand_context,,40248.4,3.19,,1,cam12/e1/v1,rtmpose_baseline
full,03.CCTV Mobile Usage.mkv,632de9ed55947761d56d4c6142a3cb1a1fe69d0b1a6d0e01a2e404c697962623,dfine_native,273683.0,unknown_object,0.3121,10.41,276.31,177.88,467.45,32009.1,167.47,191.14,0.876,False,,True,S-61,59,evt_S-61_desk_work_surface_0013,7b24035bddf5e812,pose_hand_context,,40248.4,3.19,,1,cam12/e1/v1,rtmpose_baseline
full,03.CCTV Mobile Usage.mkv,632de9ed55947761d56d4c6142a3cb1a1fe69d0b1a6d0e01a2e404c697962623,dfine_native,273683.0,keyboard,0.9242,962.38,451.92,1067.88,491.44,4169.1,105.5,39.52,2.67,False,,True,R-desk,60,evt_S-61_desk_work_surface_0013,fce641e8c9c4d9d5,lap_bag_context,no_pose_observation,34560.0,1.33,,1,cam12/e1/v1,
full,03.CCTV Mobile Usage.mkv,632de9ed55947761d56d4c6142a3cb1a1fe69d0b1a6d0e01a2e404c697962623,dfine_native,273683.0,unknown_object,0.827,699.92,396.26,846.58,491.95,14034.6,146.67,95.69,1.533,False,,True,R-desk,60,evt_S-61_desk_work_surface_0013,fce641e8c9c4d9d5,lap_bag_context,no_pose_observation,34560.0,1.33,,1,cam12/e1/v1,
full,03.CCTV Mobile Usage.mkv,632de9ed55947761d56d4c6142a3cb1a1fe69d0b1a6d0e01a2e404c697962623,dfine_native,273683.0,monitor_or_bezel,0.7672,1019.22,395.67,1146.15,448.62,6721.6,126.93,52.95,2.397,False,,True,R-desk,60,evt_S-61_desk_work_surface_0013,fce641e8c9c4d9d5,lap_bag_context,no_pose_observation,34560.0,1.33,,1,cam12/e1/v1,
full,03.CCTV Mobile Usage.mkv,632de9ed55947761d56d4c6142a3cb1a1fe69d0b1a6d0e01a2e404c697962623,dfine_native,273683.0,mouse,0.6721,864.86,413.67,892.49,434.89,586.4,27.63,21.22,1.302,False,,True,R-desk,60,evt_S-61_desk_work_surface_0013,fce641e8c9c4d9d5,lap_bag_context,no_pose_observation,34560.0,1.33,,1,cam12/e1/v1,
full,03.CCTV Mobile Usage.mkv,632de9ed55947761d56d4c6142a3cb1a1fe69d0b1a6d0e01a2e404c697962623,dfine_native,273683.0,keyboard,0.4662,802.79,396.26,870.45,420.58,1645.1,67.65,24.32,2.782,False,,True,R-desk,60,evt_S-61_desk_work_surface_0013,fce641e8c9c4d9d5,lap_bag_context,no_pose_observation,34560.0,1.33,,1,cam12/e1/v1,
full,03.CCTV Mobile Usage.mkv,632de9ed55947761d56d4c6142a3cb1a1fe69d0b1a6d0e01a2e404c697962623,dfine_native,273683.0,mouse,0.438,967.17,398.44,991.73,410.54,297.0,24.55,12.1,2.03,False,,True,R-desk,60,evt_S-61_desk_work_surface_0013,fce641e8c9c4d9d5,lap_bag_context,no_pose_observation,34560.0,1.33,,1,cam12/e1/v1,
full,03.CCTV Mobile Usage.mkv,632de9ed55947761d56d4c6142a3cb1a1fe69d0b1a6d0e01a2e404c697962623,dfine_native,273683.0,unknown_object,0.2965,700.01,396.41,759.41,491.53,5650.1,59.4,95.12,0.624,False,,True,R-desk,60,evt_S-61_desk_work_surface_0013,fce641e8c9c4d9d5,lap_bag_context,no_pose_observation,34560.0,1.33,,1,cam12/e1/v1,
full,03.CCTV Mobile Usage.mkv,632de9ed55947761d56d4c6142a3cb1a1fe69d0b1a6d0e01a2e404c697962623,dfine_native,273683.0,monitor_or_bezel,0.3671,881.21,396.14,948.62,452.6,3806.1,67.41,56.46,1.194,False,,True,R-desk,60,evt_S-61_desk_work_surface_0013,fce641e8c9c4d9d5,lap_bag_context,no_pose_observation,34560.0,1.33,,1,cam12/e1/v1,
full,03.CCTV Mobile Usage.mkv,632de9ed55947761d56d4c6142a3cb1a1fe69d0b1a6d0e01a2e404c697962623,dfine_native,273683.0,keyboard,0.2807,773.87,458.78,842.19,490.22,2148.0,68.32,31.44,2.173,False,,True,R-desk,60,evt_S-61_desk_work_surface_0013,fce641e8c9c4d9d5,lap_bag_context,no_pose_observation,34560.0,1.33,,1,cam12/e1/v1,
full,03.CCTV Mobile Usage.mkv,632de9ed55947761d56d4c6142a3cb1a1fe69d0b1a6d0e01a2e404c697962623,dfine_native,273683.0,mouse,0.2848,991.88,400.74,1028.35,413.68,472.0,36.47,12.95,2.817,False,,True,R-desk,60,evt_S-61_desk_work_surface_0013,fce641e8c9c4d9d5,lap_bag_context,no_pose_observation,34560.0,1.33,,1,cam12/e1/v1,
full,03.CCTV Mobile Usage.mkv,632de9ed55947761d56d4c6142a3cb1a1fe69d0b1a6d0e01a2e404c697962623,dfine_native,274183.0,unknown_object,0.539,24.94,298.61,106.89,455.14,12828.0,81.95,156.53,0.524,False,,True,S-61,59,evt_S-61_desk_work_surface_0013,ac1564b58896f1a9,pose_hand_context,,37698.1,3.3,,1,cam12/e1/v1,rtmpose_baseline
full,03.CCTV Mobile Usage.mkv,632de9ed55947761d56d4c6142a3cb1a1fe69d0b1a6d0e01a2e404c697962623,dfine_native,274183.0,unknown_object,0.4352,25.21,298.21,106.44,385.48,7088.9,81.23,87.27,0.931,False,,True,S-61,59,evt_S-61_desk_work_surface_0013,ac1564b58896f1a9,pose_hand_context,,37698.1,3.3,,1,cam12/e1/v1,rtmpose_baseline
full,03.CCTV Mobile Usage.mkv,632de9ed55947761d56d4c6142a3cb1a1fe69d0b1a6d0e01a2e404c697962623,dfine_native,274183.0,unknown_object,0.4148,25.25,299.4,101.17,381.44,6228.6,75.92,82.04,0.925,False,,True,S-61,59,evt_S-61_desk_work_surface_0013,ac1564b58896f1a9,pose_hand_context,,37698.1,3.3,,1,cam12/e1/v1,rtmpose_baseline
full,03.CCTV Mobile Usage.mkv,632de9ed55947761d56d4c6142a3cb1a1fe69d0b1a6d0e01a2e404c697962623,dfine_native,274183.0,bag,0.3005,69.54,373.0,174.95,454.88,8631.7,105.41,81.89,1.287,False,,True,S-61,59,evt_S-61_desk_work_surface_0013,ac1564b58896f1a9,pose_hand_context,,37698.1,3.3,,1,cam12/e1/v1,rtmpose_baseline
full,03.CCTV Mobile Usage.mkv,632de9ed55947761d56d4c6142a3cb1a1fe69d0b1a6d0e01a2e404c697962623,dfine_native,274183.0,unknown_object,0.4388,25.25,299.1,176.0,455.05,23510.2,150.75,155.95,0.967,False,,True,S-61,59,evt_S-61_desk_work_surface_0013,ac1564b58896f1a9,pose_hand_context,,37698.1,3.3,,1,cam12/e1/v1,rtmpose_baseline
full,03.CCTV Mobile Usage.mkv,632de9ed55947761d56d4c6142a3cb1a1fe69d0b1a6d0e01a2e404c697962623,dfine_native,274183.0,unknown_object,0.3958,25.09,298.61,194.75,455.2,26567.3,169.66,156.59,1.083,False,,True,S-61,59,evt_S-61_desk_work_surface_0013,ac1564b58896f1a9,pose_hand_context,,37698.1,3.3,,1,cam12/e1/v1,rtmpose_baseline
full,03.CCTV Mobile Usage.mkv,632de9ed55947761d56d4c6142a3cb1a1fe69d0b1a6d0e01a2e404c697962623,dfine_native,274683.0,keyboard,0.9242,962.38,451.92,1067.88,491.44,4169.1,105.5,39.52,2.67,False,,True,R-desk,60,evt_S-61_desk_work_surface_0013,cc47ccbbec332ba4,lap_bag_context,no_pose_observation,34560.0,1.33,,1,cam12/e1/v1,
full,03.CCTV Mobile Usage.mkv,632de9ed55947761d56d4c6142a3cb1a1fe69d0b1a6d0e01a2e404c697962623,dfine_native,274683.0,unknown_object,0.827,699.92,396.26,846.58,491.95,14034.6,146.67,95.69,1.533,False,,True,R-desk,60,evt_S-61_desk_work_surface_0013,cc47ccbbec332ba4,lap_bag_context,no_pose_observation,34560.0,1.33,,1,cam12/e1/v1,
full,03.CCTV Mobile Usage.mkv,632de9ed55947761d56d4c6142a3cb1a1fe69d0b1a6d0e01a2e404c697962623,dfine_native,274683.0,monitor_or_bezel,0.7672,1019.22,395.67,1146.15,448.62,6721.6,126.93,52.95,2.397,False,,True,R-desk,60,evt_S-61_desk_work_surface_0013,cc47ccbbec332ba4,lap_bag_context,no_pose_observation,34560.0,1.33,,1,cam12/e1/v1,
full,03.CCTV Mobile Usage.mkv,632de9ed55947761d56d4c6142a3cb1a1fe69d0b1a6d0e01a2e404c697962623,dfine_native,274683.0,mouse,0.6721,864.86,413.67,892.49,434.89,586.4,27.63,21.22,1.302,False,,True,R-desk,60,evt_S-61_desk_work_surface_0013,cc47ccbbec332ba4,lap_bag_context,no_pose_observation,34560.0,1.33,,1,cam12/e1/v1,
full,03.CCTV Mobile Usage.mkv,632de9ed55947761d56d4c6142a3cb1a1fe69d0b1a6d0e01a2e404c697962623,dfine_native,274683.0,keyboard,0.4662,802.79,396.26,870.45,420.58,1645.1,67.65,24.32,2.782,False,,True,R-desk,60,evt_S-61_desk_work_surface_0013,cc47ccbbec332ba4,lap_bag_context,no_pose_observation,34560.0,1.33,,1,cam12/e1/v1,
full,03.CCTV Mobile Usage.mkv,632de9ed55947761d56d4c6142a3cb1a1fe69d0b1a6d0e01a2e404c697962623,dfine_native,274683.0,mouse,0.438,967.17,398.44,991.73,410.54,297.0,24.55,12.1,2.03,False,,True,R-desk,60,evt_S-61_desk_work_surface_0013,cc47ccbbec332ba4,lap_bag_context,no_pose_observation,34560.0,1.33,,1,cam12/e1/v1,
full,03.CCTV Mobile Usage.mkv,632de9ed55947761d56d4c6142a3cb1a1fe69d0b1a6d0e01a2e404c697962623,dfine_native,274683.0,unknown_object,0.2965,700.01,396.41,759.41,491.53,5650.1,59.4,95.12,0.624,False,,True,R-desk,60,evt_S-61_desk_work_surface_0013,cc47ccbbec332ba4,lap_bag_context,no_pose_observation,34560.0,1.33,,1,cam12/e1/v1,
full,03.CCTV Mobile Usage.mkv,632de9ed55947761d56d4c6142a3cb1a1fe69d0b1a6d0e01a2e404c697962623,dfine_native,274683.0,monitor_or_bezel,0.3671,881.21,396.14,948.62,452.6,3806.1,67.41,56.46,1.194,False,,True,R-desk,60,evt_S-61_desk_work_surface_0013,cc47ccbbec332ba4,lap_bag_context,no_pose_observation,34560.0,1.33,,1,cam12/e1/v1,
full,03.CCTV Mobile Usage.mkv,632de9ed55947761d56d4c6142a3cb1a1fe69d0b1a6d0e01a2e404c697962623,dfine_native,274683.0,keyboard,0.2807,773.87,458.78,842.19,490.22,2148.0,68.32,31.44,2.173,False,,True,R-desk,60,evt_S-61_desk_work_surface_0013,cc47ccbbec332ba4,lap_bag_context,no_pose_observation,34560.0,1.33,,1,cam12/e1/v1,
full,03.CCTV Mobile Usage.mkv,632de9ed55947761d56d4c6142a3cb1a1fe69d0b1a6d0e01a2e404c697962623,dfine_native,274683.0,mouse,0.2848,991.88,400.74,1028.35,413.68,472.0,36.47,12.95,2.817,False,,True,R-desk,60,evt_S-61_desk_work_surface_0013,cc47ccbbec332ba4,lap_bag_context,no_pose_observation,34560.0,1.33,,1,cam12/e1/v1,
full,03.CCTV Mobile Usage.mkv,632de9ed55947761d56d4c6142a3cb1a1fe69d0b1a6d0e01a2e404c697962623,dfine_native,274683.0,keyboard,0.3824,147.0,502.82,215.05,605.12,6961.5,68.05,102.3,0.665,False,,True,S-61,59,evt_S-61_desk_work_surface_0013,fbaebf84553a9e75,pose_hand_context,,22064.1,4.31,,1,cam12/e1/v1,rtmpose_baseline
full,03.CCTV Mobile Usage.mkv,632de9ed55947761d56d4c6142a3cb1a1fe69d0b1a6d0e01a2e404c697962623,dfine_native,274683.0,monitor_or_bezel,0.3899,147.02,462.84,216.23,605.62,9881.1,69.21,142.78,0.485,False,,True,S-61,59,evt_S-61_desk_work_surface_0013,fbaebf84553a9e75,pose_hand_context,,22064.1,4.31,,1,cam12/e1/v1,rtmpose_baseline
full,03.CCTV Mobile Usage.mkv,632de9ed55947761d56d4c6142a3cb1a1fe69d0b1a6d0e01a2e404c697962623,dfine_native,274683.0,monitor_or_bezel,0.3284,147.04,461.55,295.72,607.49,21698.7,148.68,145.94,1.019,False,,True,S-61,59,evt_S-61_desk_work_surface_0013,fbaebf84553a9e75,pose_hand_context,,22064.1,4.31,,1,cam12/e1/v1,rtmpose_baseline
full,03.CCTV Mobile Usage.mkv,632de9ed55947761d56d4c6142a3cb1a1fe69d0b1a6d0e01a2e404c697962623,dfine_native,274683.0,monitor_or_bezel,0.4775,146.99,462.2,256.79,607.42,15945.0,109.8,145.22,0.756,False,,True,S-61,59,evt_S-61_desk_work_surface_0013,fbaebf84553a9e75,pose_hand_context,,22064.1,4.31,,1,cam12/e1/v1,rtmpose_baseline
full,03.CCTV Mobile Usage.mkv,632de9ed55947761d56d4c6142a3cb1a1fe69d0b1a6d0e01a2e404c697962623,dfine_native,274683.0,monitor_or_bezel,0.2575,147.01,503.4,256.0,607.53,11350.0,108.99,104.14,1.047,False,,True,S-61,59,evt_S-61_desk_work_surface_0013,fbaebf84553a9e75,pose_hand_context,,22064.1,4.31,,1,cam12/e1/v1,rtmpose_baseline
full,03.CCTV Mobile Usage.mkv,632de9ed55947761d56d4c6142a3cb1a1fe69d0b1a6d0e01a2e404c697962623,dfine_native,275183.0,stationery,0.3417,136.95,502.8,219.54,576.3,6070.3,82.59,73.5,1.124,False,,True,S-61,59,evt_S-61_desk_work_surface_0013,ef0c4f8fb6937e71,pose_hand_context,,31109.9,3.63,,1,cam12/e1/v1,rtmpose_baseline
full,03.CCTV Mobile Usage.mkv,632de9ed55947761d56d4c6142a3cb1a1fe69d0b1a6d0e01a2e404c697962623,dfine_native,275183.0,stationery,0.309,96.42,447.12,186.38,507.01,5387.8,89.97,59.89,1.502,False,,True,S-61,59,evt_S-61_desk_work_surface_0013,ef0c4f8fb6937e71,pose_hand_context,,31109.9,3.63,,1,cam12/e1/v1,rtmpose_baseline
full,03.CCTV Mobile Usage.mkv,632de9ed55947761d56d4c6142a3cb1a1fe69d0b1a6d0e01a2e404c697962623,dfine_native,275183.0,unknown_object,0.2981,82.06,405.94,220.97,576.18,23649.4,138.92,170.24,0.816,False,,True,S-61,59,evt_S-61_desk_work_surface_0013,ef0c4f8fb6937e71,pose_hand_context,,31109.9,3.63,,1,cam12/e1/v1,rtmpose_baseline
full,03.CCTV Mobile Usage.mkv,632de9ed55947761d56d4c6142a3cb1a1fe69d0b1a6d0e01a2e404c697962623,dfine_native,275183.0,keyboard,0.9236,962.38,451.92,1067.88,491.44,4169.7,105.5,39.52,2.669,False,,True,R-desk,60,evt_S-61_desk_work_surface_0013,fbf7b74247a54f94,lap_bag_context,no_pose_observation,34560.0,1.33,,1,cam12/e1/v1,
full,03.CCTV Mobile Usage.mkv,632de9ed55947761d56d4c6142a3cb1a1fe69d0b1a6d0e01a2e404c697962623,dfine_native,275183.0,unknown_object,0.8267,699.92,396.26,846.6,491.95,14036.2,146.68,95.69,1.533,False,,True,R-desk,60,evt_S-61_desk_work_surface_0013,fbf7b74247a54f94,lap_bag_context,no_pose_observation,34560.0,1.33,,1,cam12/e1/v1,
full,03.CCTV Mobile Usage.mkv,632de9ed55947761d56d4c6142a3cb1a1fe69d0b1a6d0e01a2e404c697962623,dfine_native,275183.0,monitor_or_bezel,0.7676,1019.22,395.67,1146.15,448.62,6720.9,126.93,52.95,2.397,False,,True,R-desk,60,evt_S-61_desk_work_surface_0013,fbf7b74247a54f94,lap_bag_context,no_pose_observation,34560.0,1.33,,1,cam12/e1/v1,
full,03.CCTV Mobile Usage.mkv,632de9ed55947761d56d4c6142a3cb1a1fe69d0b1a6d0e01a2e404c697962623,dfine_native,275183.0,mouse,0.6707,864.86,413.67,892.49,434.89,586.5,27.64,21.22,1.302,False,,True,R-desk,60,evt_S-61_desk_work_surface_0013,fbf7b74247a54f94,lap_bag_context,no_pose_observation,34560.0,1.33,,1,cam12/e1/v1,
full,03.CCTV Mobile Usage.mkv,632de9ed55947761d56d4c6142a3cb1a1fe69d0b1a6d0e01a2e404c697962623,dfine_native,275183.0,keyboard,0.4629,802.79,396.26,870.45,420.58,1645.2,67.66,24.32,2.782,False,,True,R-desk,60,evt_S-61_desk_work_surface_0013,fbf7b74247a54f94,lap_bag_context,no_pose_observation,34560.0,1.33,,1,cam12/e1/v1,
full,03.CCTV Mobile Usage.mkv,632de9ed55947761d56d4c6142a3cb1a1fe69d0b1a6d0e01a2e404c697962623,dfine_native,275183.0,mouse,0.4367,967.17,398.44,991.73,410.54,297.1,24.56,12.1,2.03,False,,True,R-desk,60,evt_S-61_desk_work_surface_0013,fbf7b74247a54f94,lap_bag_context,no_pose_observation,34560.0,1.33,,1,cam12/e1/v1,
full,03.CCTV Mobile Usage.mkv,632de9ed55947761d56d4c6142a3cb1a1fe69d0b1a6d0e01a2e404c697962623,dfine_native,275183.0,unknown_object,0.2967,700.01,396.41,759.42,491.53,5651.1,59.41,95.12,0.625,False,,True,R-desk,60,evt_S-61_desk_work_surface_0013,fbf7b74247a54f94,lap_bag_context,no_pose_observation,34560.0,1.33,,1,cam12/e1/v1,
full,03.CCTV Mobile Usage.mkv,632de9ed55947761d56d4c6142a3cb1a1fe69d0b1a6d0e01a2e404c697962623,dfine_native,275183.0,monitor_or_bezel,0.3682,881.21,396.14,948.62,452.6,3806.1,67.41,56.46,1.194,False,,True,R-desk,60,evt_S-61_desk_work_surface_0013,fbf7b74247a54f94,lap_bag_context,no_pose_observation,34560.0,1.33,,1,cam12/e1/v1,
full,03.CCTV Mobile Usage.mkv,632de9ed55947761d56d4c6142a3cb1a1fe69d0b1a6d0e01a2e404c697962623,dfine_native,275183.0,keyboard,0.2776,773.87,458.78,842.21,490.23,2149.3,68.34,31.45,2.173,False,,True,R-desk,60,evt_S-61_desk_work_surface_0013,fbf7b74247a54f94,lap_bag_context,no_pose_observation,34560.0,1.33,,1,cam12/e1/v1,
full,03.CCTV Mobile Usage.mkv,632de9ed55947761d56d4c6142a3cb1a1fe69d0b1a6d0e01a2e404c697962623,dfine_native,275183.0,mouse,0.2837,991.88,400.71,1028.35,413.68,473.1,36.47,12.97,2.811,False,,True,R-desk,60,evt_S-61_desk_work_surface_0013,fbf7b74247a54f94,lap_bag_context,no_pose_observation,34560.0,1.33,,1,cam12/e1/v1,
full,03.CCTV Mobile Usage.mkv,632de9ed55947761d56d4c6142a3cb1a1fe69d0b1a6d0e01a2e404c697962623,dfine_native,275183.0,monitor_or_bezel,0.2531,1015.59,395.65,1147.77,488.47,12269.8,132.19,92.82,1.424,False,,True,R-desk,60,evt_S-61_desk_work_surface_0013,fbf7b74247a54f94,lap_bag_context,no_pose_observation,34560.0,1.33,,1,cam12/e1/v1,
full,03.CCTV Mobile Usage.mkv,632de9ed55947761d56d4c6142a3cb1a1fe69d0b1a6d0e01a2e404c697962623,dfine_native,275683.0,unknown_object,0.4499,146.65,443.7,177.14,487.36,1331.2,30.49,43.66,0.698,False,,True,S-61,59,evt_S-61_desk_work_surface_0013,c41042c0e760411b,pose_hand_context,,25998.3,3.97,,1,cam12/e1/v1,rtmpose_baseline
full,03.CCTV Mobile Usage.mkv,632de9ed55947761d56d4c6142a3cb1a1fe69d0b1a6d0e01a2e404c697962623,dfine_native,275683.0,unknown_object,0.5317,89.03,424.25,222.1,583.2,21152.1,133.07,158.95,0.837,False,,True,S-61,59,evt_S-61_desk_work_surface_0013,c41042c0e760411b,pose_hand_context,,25998.3,3.97,,1,cam12/e1/v1,rtmpose_baseline
full,03.CCTV Mobile Usage.mkv,632de9ed55947761d56d4c6142a3cb1a1fe69d0b1a6d0e01a2e404c697962623,dfine_native,275683.0,keyboard,0.9233,962.3,451.94,1068.04,491.44,4177.1,105.75,39.5,2.677,False,,True,R-desk,60,evt_S-61_desk_work_surface_0013,da5ca01ab1a1185f,lap_bag_context,no_pose_observation,34560.0,1.33,,1,cam12/e1/v1,
full,03.CCTV Mobile Usage.mkv,632de9ed55947761d56d4c6142a3cb1a1fe69d0b1a6d0e01a2e404c697962623,dfine_native,275683.0,unknown_object,0.6933,699.89,396.15,846.61,492.19,14090.1,146.71,96.04,1.528,False,,True,R-desk,60,evt_S-61_desk_work_surface_0013,da5ca01ab1a1185f,lap_bag_context,no_pose_observation,34560.0,1.33,,1,cam12/e1/v1,
full,03.CCTV Mobile Usage.mkv,632de9ed55947761d56d4c6142a3cb1a1fe69d0b1a6d0e01a2e404c697962623,dfine_native,275683.0,monitor_or_bezel,0.648,1019.01,395.94,1146.12,448.12,6632.8,127.11,52.18,2.436,False,,True,R-desk,60,evt_S-61_desk_work_surface_0013,da5ca01ab1a1185f,lap_bag_context,no_pose_observation,34560.0,1.33,,1,cam12/e1/v1,
full,03.CCTV Mobile Usage.mkv,632de9ed55947761d56d4c6142a3cb1a1fe69d0b1a6d0e01a2e404c697962623,dfine_native,275683.0,keyboard,0.5386,802.59,396.26,870.82,420.61,1661.3,68.23,24.35,2.803,False,,True,R-desk,60,evt_S-61_desk_work_surface_0013,da5ca01ab1a1185f,lap_bag_context,no_pose_observation,34560.0,1.33,,1,cam12/e1/v1,
full,03.CCTV Mobile Usage.mkv,632de9ed55947761d56d4c6142a3cb1a1fe69d0b1a6d0e01a2e404c697962623,dfine_native,275683.0,monitor_or_bezel,0.4201,1014.61,395.81,1147.4,488.4,12294.8,132.79,92.59,1.434,False,,True,R-desk,60,evt_S-61_desk_work_surface_0013,da5ca01ab1a1185f,lap_bag_context,no_pose_observation,34560.0,1.33,,1,cam12/e1/v1,
full,03.CCTV Mobile Usage.mkv,632de9ed55947761d56d4c6142a3cb1a1fe69d0b1a6d0e01a2e404c697962623,dfine_native,275683.0,phone,0.2573,1042.94,421.97,1112.63,474.27,3644.3,69.69,52.3,1.333,False,,True,R-desk,60,evt_S-61_desk_work_surface_0013,da5ca01ab1a1185f,lap_bag_context,no_pose_observation,34560.0,1.33,,1,cam12/e1/v1,
full,03.CCTV Mobile Usage.mkv,632de9ed55947761d56d4c6142a3cb1a1fe69d0b1a6d0e01a2e404c697962623,dfine_native,275683.0,mouse,0.5904,864.87,413.91,891.9,435.12,573.3,27.03,21.21,1.274,False,,True,R-desk,60,evt_S-61_desk_work_surface_0013,da5ca01ab1a1185f,lap_bag_context,no_pose_observation,34560.0,1.33,,1,cam12/e1/v1,
full,03.CCTV Mobile Usage.mkv,632de9ed55947761d56d4c6142a3cb1a1fe69d0b1a6d0e01a2e404c697962623,dfine_native,275683.0,mouse,0.3776,967.12,398.31,992.05,410.48,303.5,24.94,12.17,2.049,False,,True,R-desk,60,evt_S-61_desk_work_surface_0013,da5ca01ab1a1185f,lap_bag_context,no_pose_observation,34560.0,1.33,,1,cam12/e1/v1,
full,03.CCTV Mobile Usage.mkv,632de9ed55947761d56d4c6142a3cb1a1fe69d0b1a6d0e01a2e404c697962623,dfine_native,275683.0,monitor_or_bezel,0.3128,881.05,396.17,948.84,452.6,3825.4,67.79,56.43,1.201,False,,True,R-desk,60,evt_S-61_desk_work_surface_0013,da5ca01ab1a1185f,lap_bag_context,no_pose_observation,34560.0,1.33,,1,cam12/e1/v1,
full,03.CCTV Mobile Usage.mkv,632de9ed55947761d56d4c6142a3cb1a1fe69d0b1a6d0e01a2e404c697962623,dfine_native,275683.0,unknown_object,0.3172,700.01,396.31,766.67,491.25,6328.9,66.66,94.94,0.702,False,,True,R-desk,60,evt_S-61_desk_work_surface_0013,da5ca01ab1a1185f,lap_bag_context,no_pose_observation,34560.0,1.33,,1,cam12/e1/v1,
full,03.CCTV Mobile Usage.mkv,632de9ed55947761d56d4c6142a3cb1a1fe69d0b1a6d0e01a2e404c697962623,dfine_native,275683.0,monitor_or_bezel,0.3029,738.4,395.42,1147.13,491.06,39088.7,408.73,95.63,4.274,False,,True,R-desk,60,evt_S-61_desk_work_surface_0013,da5ca01ab1a1185f,lap_bag_context,no_pose_observation,34560.0,1.33,,1,cam12/e1/v1,
full,03.CCTV Mobile Usage.mkv,632de9ed55947761d56d4c6142a3cb1a1fe69d0b1a6d0e01a2e404c697962623,dfine_native,275683.0,keyboard,0.9233,962.3,451.94,1068.04,491.44,4177.1,105.75,39.5,2.677,False,,True,R-desk,61,evt_S-61_desk_work_surface_0013,da5ca01ab1a1185f,lap_bag_context,no_pose_observation,34560.0,1.33,,1,cam12/e1/v1,
full,03.CCTV Mobile Usage.mkv,632de9ed55947761d56d4c6142a3cb1a1fe69d0b1a6d0e01a2e404c697962623,dfine_native,275683.0,unknown_object,0.6933,699.89,396.15,846.61,492.19,14090.1,146.71,96.04,1.528,False,,True,R-desk,61,evt_S-61_desk_work_surface_0013,da5ca01ab1a1185f,lap_bag_context,no_pose_observation,34560.0,1.33,,1,cam12/e1/v1,
full,03.CCTV Mobile Usage.mkv,632de9ed55947761d56d4c6142a3cb1a1fe69d0b1a6d0e01a2e404c697962623,dfine_native,275683.0,monitor_or_bezel,0.648,1019.01,395.94,1146.12,448.12,6632.8,127.11,52.18,2.436,False,,True,R-desk,61,evt_S-61_desk_work_surface_0013,da5ca01ab1a1185f,lap_bag_context,no_pose_observation,34560.0,1.33,,1,cam12/e1/v1,
full,03.CCTV Mobile Usage.mkv,632de9ed55947761d56d4c6142a3cb1a1fe69d0b1a6d0e01a2e404c697962623,dfine_native,275683.0,keyboard,0.5386,802.59,396.26,870.82,420.61,1661.3,68.23,24.35,2.803,False,,True,R-desk,61,evt_S-61_desk_work_surface_0013,da5ca01ab1a1185f,lap_bag_context,no_pose_observation,34560.0,1.33,,1,cam12/e1/v1,
full,03.CCTV Mobile Usage.mkv,632de9ed55947761d56d4c6142a3cb1a1fe69d0b1a6d0e01a2e404c697962623,dfine_native,275683.0,monitor_or_bezel,0.4201,1014.61,395.81,1147.4,488.4,12294.8,132.79,92.59,1.434,False,,True,R-desk,61,evt_S-61_desk_work_surface_0013,da5ca01ab1a1185f,lap_bag_context,no_pose_observation,34560.0,1.33,,1,cam12/e1/v1,
full,03.CCTV Mobile Usage.mkv,632de9ed55947761d56d4c6142a3cb1a1fe69d0b1a6d0e01a2e404c697962623,dfine_native,275683.0,phone,0.2573,1042.94,421.97,1112.63,474.27,3644.3,69.69,52.3,1.333,False,,True,R-desk,61,evt_S-61_desk_work_surface_0013,da5ca01ab1a1185f,lap_bag_context,no_pose_observation,34560.0,1.33,,1,cam12/e1/v1,
full,03.CCTV Mobile Usage.mkv,632de9ed55947761d56d4c6142a3cb1a1fe69d0b1a6d0e01a2e404c697962623,dfine_native,275683.0,mouse,0.5904,864.87,413.91,891.9,435.12,573.3,27.03,21.21,1.274,False,,True,R-desk,61,evt_S-61_desk_work_surface_0013,da5ca01ab1a1185f,lap_bag_context,no_pose_observation,34560.0,1.33,,1,cam12/e1/v1,
full,03.CCTV Mobile Usage.mkv,632de9ed55947761d56d4c6142a3cb1a1fe69d0b1a6d0e01a2e404c697962623,dfine_native,275683.0,mouse,0.3776,967.12,398.31,992.05,410.48,303.5,24.94,12.17,2.049,False,,True,R-desk,61,evt_S-61_desk_work_surface_0013,da5ca01ab1a1185f,lap_bag_context,no_pose_observation,34560.0,1.33,,1,cam12/e1/v1,
full,03.CCTV Mobile Usage.mkv,632de9ed55947761d56d4c6142a3cb1a1fe69d0b1a6d0e01a2e404c697962623,dfine_native,275683.0,monitor_or_bezel,0.3128,881.05,396.17,948.84,452.6,3825.4,67.79,56.43,1.201,False,,True,R-desk,61,evt_S-61_desk_work_surface_0013,da5ca01ab1a1185f,lap_bag_context,no_pose_observation,34560.0,1.33,,1,cam12/e1/v1,
full,03.CCTV Mobile Usage.mkv,632de9ed55947761d56d4c6142a3cb1a1fe69d0b1a6d0e01a2e404c697962623,dfine_native,275683.0,unknown_object,0.3172,700.01,396.31,766.67,491.25,6328.9,66.66,94.94,0.702,False,,True,R-desk,61,evt_S-61_desk_work_surface_0013,da5ca01ab1a1185f,lap_bag_context,no_pose_observation,34560.0,1.33,,1,cam12/e1/v1,
full,03.CCTV Mobile Usage.mkv,632de9ed55947761d56d4c6142a3cb1a1fe69d0b1a6d0e01a2e404c697962623,dfine_native,275683.0,monitor_or_bezel,0.3029,738.4,395.42,1147.13,491.06,39088.7,408.73,95.63,4.274,False,,True,R-desk,61,evt_S-61_desk_work_surface_0013,da5ca01ab1a1185f,lap_bag_context,no_pose_observation,34560.0,1.33,,1,cam12/e1/v1,
full,03.CCTV Mobile Usage.mkv,632de9ed55947761d56d4c6142a3cb1a1fe69d0b1a6d0e01a2e404c697962623,dfine_native,276183.0,unknown_object,0.3481,93.13,426.37,250.03,583.32,24624.9,156.9,156.95,1.0,False,,True,S-61,59,evt_S-61_desk_work_surface_0013,41a86abd42cbc6ba,pose_hand_context,,24755.9,4.07,,1,cam12/e1/v1,rtmpose_baseline
full,03.CCTV Mobile Usage.mkv,632de9ed55947761d56d4c6142a3cb1a1fe69d0b1a6d0e01a2e404c697962623,dfine_native,276183.0,unknown_object,0.6789,92.89,430.49,220.95,583.5,19594.2,128.05,153.02,0.837,False,,True,S-61,59,evt_S-61_desk_work_surface_0013,41a86abd42cbc6ba,pose_hand_context,,24755.9,4.07,,1,cam12/e1/v1,rtmpose_baseline
full,03.CCTV Mobile Usage.mkv,632de9ed55947761d56d4c6142a3cb1a1fe69d0b1a6d0e01a2e404c697962623,dfine_native,276183.0,unknown_object,0.291,93.11,499.88,219.77,583.62,10606.1,126.65,83.74,1.512,False,,True,S-61,59,evt_S-61_desk_work_surface_0013,41a86abd42cbc6ba,pose_hand_context,,24755.9,4.07,,1,cam12/e1/v1,rtmpose_baseline
full,03.CCTV Mobile Usage.mkv,632de9ed55947761d56d4c6142a3cb1a1fe69d0b1a6d0e01a2e404c697962623,dfine_native,276183.0,unknown_object,0.4274,93.06,478.29,220.14,583.41,13358.0,127.08,105.11,1.209,False,,True,S-61,59,evt_S-61_desk_work_surface_0013,41a86abd42cbc6ba,pose_hand_context,,24755.9,4.07,,1,cam12/e1/v1,rtmpose_baseline
full,03.CCTV Mobile Usage.mkv,632de9ed55947761d56d4c6142a3cb1a1fe69d0b1a6d0e01a2e404c697962623,dfine_native,276183.0,unknown_object,0.4093,92.98,441.84,219.94,583.37,17969.1,126.97,141.53,0.897,False,,True,S-61,59,evt_S-61_desk_work_surface_0013,41a86abd42cbc6ba,pose_hand_context,,24755.9,4.07,,1,cam12/e1/v1,rtmpose_baseline
full,03.CCTV Mobile Usage.mkv,632de9ed55947761d56d4c6142a3cb1a1fe69d0b1a6d0e01a2e404c697962623,dfine_native,276183.0,unknown_object,0.2823,98.84,426.15,179.21,482.79,4553.0,80.38,56.65,1.419,False,,True,S-61,59,evt_S-61_desk_work_surface_0013,41a86abd42cbc6ba,pose_hand_context,,24755.9,4.07,,1,cam12/e1/v1,rtmpose_baseline
full,03.CCTV Mobile Usage.mkv,632de9ed55947761d56d4c6142a3cb1a1fe69d0b1a6d0e01a2e404c697962623,dfine_native,276183.0,unknown_object,0.3588,93.14,426.13,179.11,498.44,6216.4,85.97,72.31,1.189,False,,True,S-61,59,evt_S-61_desk_work_surface_0013,41a86abd42cbc6ba,pose_hand_context,,24755.9,4.07,,1,cam12/e1/v1,rtmpose_baseline
full,03.CCTV Mobile Usage.mkv,632de9ed55947761d56d4c6142a3cb1a1fe69d0b1a6d0e01a2e404c697962623,dfine_native,276183.0,keyboard,0.9228,962.3,451.94,1068.04,491.44,4177.6,105.75,39.51,2.677,False,,True,R-desk,60,evt_S-61_desk_work_surface_0013,7d01d521e679a68c,lap_bag_context,no_pose_observation,34560.0,1.33,,1,cam12/e1/v1,
full,03.CCTV Mobile Usage.mkv,632de9ed55947761d56d4c6142a3cb1a1fe69d0b1a6d0e01a2e404c697962623,dfine_native,276183.0,unknown_object,0.6929,699.89,396.15,846.61,492.19,14090.7,146.72,96.04,1.528,False,,True,R-desk,60,evt_S-61_desk_work_surface_0013,7d01d521e679a68c,lap_bag_context,no_pose_observation,34560.0,1.33,,1,cam12/e1/v1,
full,03.CCTV Mobile Usage.mkv,632de9ed55947761d56d4c6142a3cb1a1fe69d0b1a6d0e01a2e404c697962623,dfine_native,276183.0,monitor_or_bezel,0.6451,1019.02,395.94,1146.14,448.12,6632.6,127.12,52.18,2.436,False,,True,R-desk,60,evt_S-61_desk_work_surface_0013,7d01d521e679a68c,lap_bag_context,no_pose_observation,34560.0,1.33,,1,cam12/e1/v1,
full,03.CCTV Mobile Usage.mkv,632de9ed55947761d56d4c6142a3cb1a1fe69d0b1a6d0e01a2e404c697962623,dfine_native,276183.0,keyboard,0.5376,802.58,396.26,870.82,420.61,1661.4,68.24,24.35,2.803,False,,True,R-desk,60,evt_S-61_desk_work_surface_0013,7d01d521e679a68c,lap_bag_context,no_pose_observation,34560.0,1.33,,1,cam12/e1/v1,
full,03.CCTV Mobile Usage.mkv,632de9ed55947761d56d4c6142a3cb1a1fe69d0b1a6d0e01a2e404c697962623,dfine_native,276183.0,monitor_or_bezel,0.4227,1014.64,395.81,1147.43,488.42,12297.5,132.79,92.61,1.434,False,,True,R-desk,60,evt_S-61_desk_work_surface_0013,7d01d521e679a68c,lap_bag_context,no_pose_observation,34560.0,1.33,,1,cam12/e1/v1,
full,03.CCTV Mobile Usage.mkv,632de9ed55947761d56d4c6142a3cb1a1fe69d0b1a6d0e01a2e404c697962623,dfine_native,276183.0,phone,0.2556,1042.94,421.97,1112.63,474.27,3644.3,69.69,52.29,1.333,False,,True,R-desk,60,evt_S-61_desk_work_surface_0013,7d01d521e679a68c,lap_bag_context,no_pose_observation,34560.0,1.33,,1,cam12/e1/v1,
full,03.CCTV Mobile Usage.mkv,632de9ed55947761d56d4c6142a3cb1a1fe69d0b1a6d0e01a2e404c697962623,dfine_native,276183.0,mouse,0.5913,864.87,413.9,891.9,435.11,573.3,27.03,21.21,1.274,False,,True,R-desk,60,evt_S-61_desk_work_surface_0013,7d01d521e679a68c,lap_bag_context,no_pose_observation,34560.0,1.33,,1,cam12/e1/v1,
full,03.CCTV Mobile Usage.mkv,632de9ed55947761d56d4c6142a3cb1a1fe69d0b1a6d0e01a2e404c697962623,dfine_native,276183.0,mouse,0.3782,967.12,398.31,992.05,410.48,303.5,24.94,12.17,2.048,False,,True,R-desk,60,evt_S-61_desk_work_surface_0013,7d01d521e679a68c,lap_bag_context,no_pose_observation,34560.0,1.33,,1,cam12/e1/v1,
full,03.CCTV Mobile Usage.mkv,632de9ed55947761d56d4c6142a3cb1a1fe69d0b1a6d0e01a2e404c697962623,dfine_native,276183.0,monitor_or_bezel,0.311,881.05,396.17,948.84,452.6,3825.0,67.79,56.43,1.201,False,,True,R-desk,60,evt_S-61_desk_work_surface_0013,7d01d521e679a68c,lap_bag_context,no_pose_observation,34560.0,1.33,,1,cam12/e1/v1,
full,03.CCTV Mobile Usage.mkv,632de9ed55947761d56d4c6142a3cb1a1fe69d0b1a6d0e01a2e404c697962623,dfine_native,276183.0,unknown_object,0.3172,700.01,396.31,766.68,491.25,6330.3,66.68,94.94,0.702,False,,True,R-desk,60,evt_S-61_desk_work_surface_0013,7d01d521e679a68c,lap_bag_context,no_pose_observation,34560.0,1.33,,1,cam12/e1/v1,
full,03.CCTV Mobile Usage.mkv,632de9ed55947761d56d4c6142a3cb1a1fe69d0b1a6d0e01a2e404c697962623,dfine_native,276183.0,monitor_or_bezel,0.303,738.39,395.42,1147.24,491.06,39100.7,408.84,95.64,4.275,False,,True,R-desk,60,evt_S-61_desk_work_surface_0013,7d01d521e679a68c,lap_bag_context,no_pose_observation,34560.0,1.33,,1,cam12/e1/v1,
full,03.CCTV Mobile Usage.mkv,632de9ed55947761d56d4c6142a3cb1a1fe69d0b1a6d0e01a2e404c697962623,dfine_native,276183.0,keyboard,0.9228,962.3,451.94,1068.04,491.44,4177.6,105.75,39.51,2.677,False,,True,R-desk,61,evt_S-61_desk_work_surface_0013,7d01d521e679a68c,lap_bag_context,no_pose_observation,34560.0,1.33,,1,cam12/e1/v1,
full,03.CCTV Mobile Usage.mkv,632de9ed55947761d56d4c6142a3cb1a1fe69d0b1a6d0e01a2e404c697962623,dfine_native,276183.0,unknown_object,0.6929,699.89,396.15,846.61,492.19,14090.7,146.72,96.04,1.528,False,,True,R-desk,61,evt_S-61_desk_work_surface_0013,7d01d521e679a68c,lap_bag_context,no_pose_observation,34560.0,1.33,,1,cam12/e1/v1,
full,03.CCTV Mobile Usage.mkv,632de9ed55947761d56d4c6142a3cb1a1fe69d0b1a6d0e01a2e404c697962623,dfine_native,276183.0,monitor_or_bezel,0.6451,1019.02,395.94,1146.14,448.12,6632.6,127.12,52.18,2.436,False,,True,R-desk,61,evt_S-61_desk_work_surface_0013,7d01d521e679a68c,lap_bag_context,no_pose_observation,34560.0,1.33,,1,cam12/e1/v1,
full,03.CCTV Mobile Usage.mkv,632de9ed55947761d56d4c6142a3cb1a1fe69d0b1a6d0e01a2e404c697962623,dfine_native,276183.0,keyboard,0.5376,802.58,396.26,870.82,420.61,1661.4,68.24,24.35,2.803,False,,True,R-desk,61,evt_S-61_desk_work_surface_0013,7d01d521e679a68c,lap_bag_context,no_pose_observation,34560.0,1.33,,1,cam12/e1/v1,
full,03.CCTV Mobile Usage.mkv,632de9ed55947761d56d4c6142a3cb1a1fe69d0b1a6d0e01a2e404c697962623,dfine_native,276183.0,monitor_or_bezel,0.4227,1014.64,395.81,1147.43,488.42,12297.5,132.79,92.61,1.434,False,,True,R-desk,61,evt_S-61_desk_work_surface_0013,7d01d521e679a68c,lap_bag_context,no_pose_observation,34560.0,1.33,,1,cam12/e1/v1,
full,03.CCTV Mobile Usage.mkv,632de9ed55947761d56d4c6142a3cb1a1fe69d0b1a6d0e01a2e404c697962623,dfine_native,276183.0,phone,0.2556,1042.94,421.97,1112.63,474.27,3644.3,69.69,52.29,1.333,False,,True,R-desk,61,evt_S-61_desk_work_surface_0013,7d01d521e679a68c,lap_bag_context,no_pose_observation,34560.0,1.33,,1,cam12/e1/v1,
full,03.CCTV Mobile Usage.mkv,632de9ed55947761d56d4c6142a3cb1a1fe69d0b1a6d0e01a2e404c697962623,dfine_native,276183.0,mouse,0.5913,864.87,413.9,891.9,435.11,573.3,27.03,21.21,1.274,False,,True,R-desk,61,evt_S-61_desk_work_surface_0013,7d01d521e679a68c,lap_bag_context,no_pose_observation,34560.0,1.33,,1,cam12/e1/v1,
full,03.CCTV Mobile Usage.mkv,632de9ed55947761d56d4c6142a3cb1a1fe69d0b1a6d0e01a2e404c697962623,dfine_native,276183.0,mouse,0.3782,967.12,398.31,992.05,410.48,303.5,24.94,12.17,2.048,False,,True,R-desk,61,evt_S-61_desk_work_surface_0013,7d01d521e679a68c,lap_bag_context,no_pose_observation,34560.0,1.33,,1,cam12/e1/v1,
full,03.CCTV Mobile Usage.mkv,632de9ed55947761d56d4c6142a3cb1a1fe69d0b1a6d0e01a2e404c697962623,dfine_native,276183.0,monitor_or_bezel,0.311,881.05,396.17,948.84,452.6,3825.0,67.79,56.43,1.201,False,,True,R-desk,61,evt_S-61_desk_work_surface_0013,7d01d521e679a68c,lap_bag_context,no_pose_observation,34560.0,1.33,,1,cam12/e1/v1,
full,03.CCTV Mobile Usage.mkv,632de9ed55947761d56d4c6142a3cb1a1fe69d0b1a6d0e01a2e404c697962623,dfine_native,276183.0,unknown_object,0.3172,700.01,396.31,766.68,491.25,6330.3,66.68,94.94,0.702,False,,True,R-desk,61,evt_S-61_desk_work_surface_0013,7d01d521e679a68c,lap_bag_context,no_pose_observation,34560.0,1.33,,1,cam12/e1/v1,
full,03.CCTV Mobile Usage.mkv,632de9ed55947761d56d4c6142a3cb1a1fe69d0b1a6d0e01a2e404c697962623,dfine_native,276183.0,monitor_or_bezel,0.303,738.39,395.42,1147.24,491.06,39100.7,408.84,95.64,4.275,False,,True,R-desk,61,evt_S-61_desk_work_surface_0013,7d01d521e679a68c,lap_bag_context,no_pose_observation,34560.0,1.33,,1,cam12/e1/v1,
full,03.CCTV Mobile Usage.mkv,632de9ed55947761d56d4c6142a3cb1a1fe69d0b1a6d0e01a2e404c697962623,dfine_native,276683.0,unknown_object,0.3297,93.0,493.64,221.06,577.63,10756.5,128.06,84.0,1.525,False,,True,S-61,59,evt_S-61_desk_work_surface_0013,9f11b4493a8d1b6b,pose_hand_context,,23031.1,4.22,,1,cam12/e1/v1,rtmpose_baseline
full,03.CCTV Mobile Usage.mkv,632de9ed55947761d56d4c6142a3cb1a1fe69d0b1a6d0e01a2e404c697962623,dfine_native,276683.0,stationery,0.2887,144.78,516.71,220.51,577.71,4619.8,75.73,61.0,1.241,False,,True,S-61,59,evt_S-61_desk_work_surface_0013,9f11b4493a8d1b6b,pose_hand_context,,23031.1,4.22,,1,cam12/e1/v1,rtmpose_baseline
full,03.CCTV Mobile Usage.mkv,632de9ed55947761d56d4c6142a3cb1a1fe69d0b1a6d0e01a2e404c697962623,dfine_native,276683.0,unknown_object,0.2855,149.91,442.38,180.01,484.67,1272.7,30.1,42.29,0.712,False,,True,S-61,59,evt_S-61_desk_work_surface_0013,9f11b4493a8d1b6b,pose_hand_context,,23031.1,4.22,,1,cam12/e1/v1,rtmpose_baseline
full,03.CCTV Mobile Usage.mkv,632de9ed55947761d56d4c6142a3cb1a1fe69d0b1a6d0e01a2e404c697962623,dfine_native,276683.0,unknown_object,0.3574,93.08,428.33,222.42,577.44,19286.8,129.35,149.11,0.867,False,,True,S-61,59,evt_S-61_desk_work_surface_0013,9f11b4493a8d1b6b,pose_hand_context,,23031.1,4.22,,1,cam12/e1/v1,rtmpose_baseline
full,03.CCTV Mobile Usage.mkv,632de9ed55947761d56d4c6142a3cb1a1fe69d0b1a6d0e01a2e404c697962623,dfine_native,276683.0,keyboard,0.9228,962.3,451.94,1068.04,491.44,4177.6,105.75,39.51,2.677,False,,True,R-desk,60,evt_S-61_desk_work_surface_0013,acb7d2effb49f7c5,lap_bag_context,no_pose_observation,34560.0,1.33,,1,cam12/e1/v1,
full,03.CCTV Mobile Usage.mkv,632de9ed55947761d56d4c6142a3cb1a1fe69d0b1a6d0e01a2e404c697962623,dfine_native,276683.0,unknown_object,0.6929,699.89,396.15,846.61,492.19,14090.7,146.72,96.04,1.528,False,,True,R-desk,60,evt_S-61_desk_work_surface_0013,acb7d2effb49f7c5,lap_bag_context,no_pose_observation,34560.0,1.33,,1,cam12/e1/v1,
full,03.CCTV Mobile Usage.mkv,632de9ed55947761d56d4c6142a3cb1a1fe69d0b1a6d0e01a2e404c697962623,dfine_native,276683.0,monitor_or_bezel,0.6451,1019.02,395.94,1146.14,448.12,6632.6,127.12,52.18,2.436,False,,True,R-desk,60,evt_S-61_desk_work_surface_0013,acb7d2effb49f7c5,lap_bag_context,no_pose_observation,34560.0,1.33,,1,cam12/e1/v1,
full,03.CCTV Mobile Usage.mkv,632de9ed55947761d56d4c6142a3cb1a1fe69d0b1a6d0e01a2e404c697962623,dfine_native,276683.0,keyboard,0.5376,802.58,396.26,870.82,420.61,1661.4,68.24,24.35,2.803,False,,True,R-desk,60,evt_S-61_desk_work_surface_0013,acb7d2effb49f7c5,lap_bag_context,no_pose_observation,34560.0,1.33,,1,cam12/e1/v1,
full,03.CCTV Mobile Usage.mkv,632de9ed55947761d56d4c6142a3cb1a1fe69d0b1a6d0e01a2e404c697962623,dfine_native,276683.0,monitor_or_bezel,0.4227,1014.64,395.81,1147.43,488.42,12297.5,132.79,92.61,1.434,False,,True,R-desk,60,evt_S-61_desk_work_surface_0013,acb7d2effb49f7c5,lap_bag_context,no_pose_observation,34560.0,1.33,,1,cam12/e1/v1,
full,03.CCTV Mobile Usage.mkv,632de9ed55947761d56d4c6142a3cb1a1fe69d0b1a6d0e01a2e404c697962623,dfine_native,276683.0,phone,0.2556,1042.94,421.97,1112.63,474.27,3644.3,69.69,52.29,1.333,False,,True,R-desk,60,evt_S-61_desk_work_surface_0013,acb7d2effb49f7c5,lap_bag_context,no_pose_observation,34560.0,1.33,,1,cam12/e1/v1,
full,03.CCTV Mobile Usage.mkv,632de9ed55947761d56d4c6142a3cb1a1fe69d0b1a6d0e01a2e404c697962623,dfine_native,276683.0,mouse,0.5913,864.87,413.9,891.9,435.11,573.3,27.03,21.21,1.274,False,,True,R-desk,60,evt_S-61_desk_work_surface_0013,acb7d2effb49f7c5,lap_bag_context,no_pose_observation,34560.0,1.33,,1,cam12/e1/v1,
full,03.CCTV Mobile Usage.mkv,632de9ed55947761d56d4c6142a3cb1a1fe69d0b1a6d0e01a2e404c697962623,dfine_native,276683.0,mouse,0.3782,967.12,398.31,992.05,410.48,303.5,24.94,12.17,2.048,False,,True,R-desk,60,evt_S-61_desk_work_surface_0013,acb7d2effb49f7c5,lap_bag_context,no_pose_observation,34560.0,1.33,,1,cam12/e1/v1,
full,03.CCTV Mobile Usage.mkv,632de9ed55947761d56d4c6142a3cb1a1fe69d0b1a6d0e01a2e404c697962623,dfine_native,276683.0,monitor_or_bezel,0.311,881.05,396.17,948.84,452.6,3825.0,67.79,56.43,1.201,False,,True,R-desk,60,evt_S-61_desk_work_surface_0013,acb7d2effb49f7c5,lap_bag_context,no_pose_observation,34560.0,1.33,,1,cam12/e1/v1,
full,03.CCTV Mobile Usage.mkv,632de9ed55947761d56d4c6142a3cb1a1fe69d0b1a6d0e01a2e404c697962623,dfine_native,276683.0,unknown_object,0.3172,700.01,396.31,766.68,491.25,6330.3,66.68,94.94,0.702,False,,True,R-desk,60,evt_S-61_desk_work_surface_0013,acb7d2effb49f7c5,lap_bag_context,no_pose_observation,34560.0,1.33,,1,cam12/e1/v1,
full,03.CCTV Mobile Usage.mkv,632de9ed55947761d56d4c6142a3cb1a1fe69d0b1a6d0e01a2e404c697962623,dfine_native,276683.0,monitor_or_bezel,0.303,738.39,395.42,1147.24,491.06,39100.7,408.84,95.64,4.275,False,,True,R-desk,60,evt_S-61_desk_work_surface_0013,acb7d2effb49f7c5,lap_bag_context,no_pose_observation,34560.0,1.33,,1,cam12/e1/v1,
full,03.CCTV Mobile Usage.mkv,632de9ed55947761d56d4c6142a3cb1a1fe69d0b1a6d0e01a2e404c697962623,dfine_native,277467.0,keyboard,0.9193,962.21,452.0,1068.05,491.44,4174.7,105.84,39.44,2.683,False,,True,R-desk,60,evt_S-61_desk_work_surface_0014,2787998bb369fb67,lap_bag_context,no_pose_observation,34560.0,1.33,,1,cam12/e1/v1,
full,03.CCTV Mobile Usage.mkv,632de9ed55947761d56d4c6142a3cb1a1fe69d0b1a6d0e01a2e404c697962623,dfine_native,277467.0,unknown_object,0.7027,699.89,396.16,847.03,491.89,14084.6,147.14,95.73,1.537,False,,True,R-desk,60,evt_S-61_desk_work_surface_0014,2787998bb369fb67,lap_bag_context,no_pose_observation,34560.0,1.33,,1,cam12/e1/v1,
full,03.CCTV Mobile Usage.mkv,632de9ed55947761d56d4c6142a3cb1a1fe69d0b1a6d0e01a2e404c697962623,dfine_native,277467.0,monitor_or_bezel,0.6122,1018.63,395.79,1145.9,447.85,6625.9,127.27,52.06,2.445,False,,True,R-desk,60,evt_S-61_desk_work_surface_0014,2787998bb369fb67,lap_bag_context,no_pose_observation,34560.0,1.33,,1,cam12/e1/v1,
full,03.CCTV Mobile Usage.mkv,632de9ed55947761d56d4c6142a3cb1a1fe69d0b1a6d0e01a2e404c697962623,dfine_native,277467.0,keyboard,0.574,802.32,396.25,870.93,420.76,1681.8,68.61,24.51,2.799,False,,True,R-desk,60,evt_S-61_desk_work_surface_0014,2787998bb369fb67,lap_bag_context,no_pose_observation,34560.0,1.33,,1,cam12/e1/v1,
full,03.CCTV Mobile Usage.mkv,632de9ed55947761d56d4c6142a3cb1a1fe69d0b1a6d0e01a2e404c697962623,dfine_native,277467.0,monitor_or_bezel,0.3848,1013.89,395.71,1147.25,488.46,12368.7,133.36,92.75,1.438,False,,True,R-desk,60,evt_S-61_desk_work_surface_0014,2787998bb369fb67,lap_bag_context,no_pose_observation,34560.0,1.33,,1,cam12/e1/v1,
full,03.CCTV Mobile Usage.mkv,632de9ed55947761d56d4c6142a3cb1a1fe69d0b1a6d0e01a2e404c697962623,dfine_native,277467.0,phone,0.2576,1042.77,421.71,1113.38,474.26,3710.7,70.61,52.55,1.344,False,,True,R-desk,60,evt_S-61_desk_work_surface_0014,2787998bb369fb67,lap_bag_context,no_pose_observation,34560.0,1.33,,1,cam12/e1/v1,
full,03.CCTV Mobile Usage.mkv,632de9ed55947761d56d4c6142a3cb1a1fe69d0b1a6d0e01a2e404c697962623,dfine_native,277467.0,mouse,0.5743,864.76,413.85,891.92,435.18,579.3,27.16,21.33,1.273,False,,True,R-desk,60,evt_S-61_desk_work_surface_0014,2787998bb369fb67,lap_bag_context,no_pose_observation,34560.0,1.33,,1,cam12/e1/v1,
full,03.CCTV Mobile Usage.mkv,632de9ed55947761d56d4c6142a3cb1a1fe69d0b1a6d0e01a2e404c697962623,dfine_native,277467.0,monitor_or_bezel,0.282,881.04,396.18,949.11,452.71,3847.9,68.07,56.53,1.204,False,,True,R-desk,60,evt_S-61_desk_work_surface_0014,2787998bb369fb67,lap_bag_context,no_pose_observation,34560.0,1.33,,1,cam12/e1/v1,
full,03.CCTV Mobile Usage.mkv,632de9ed55947761d56d4c6142a3cb1a1fe69d0b1a6d0e01a2e404c697962623,dfine_native,277467.0,mouse,0.3489,967.04,398.3,992.09,410.58,307.4,25.05,12.27,2.041,False,,True,R-desk,60,evt_S-61_desk_work_surface_0014,2787998bb369fb67,lap_bag_context,no_pose_observation,34560.0,1.33,,1,cam12/e1/v1,
full,03.CCTV Mobile Usage.mkv,632de9ed55947761d56d4c6142a3cb1a1fe69d0b1a6d0e01a2e404c697962623,dfine_native,277467.0,unknown_object,0.2643,700.02,396.29,767.22,490.74,6347.1,67.2,94.45,0.712,False,,True,R-desk,60,evt_S-61_desk_work_surface_0014,2787998bb369fb67,lap_bag_context,no_pose_observation,34560.0,1.33,,1,cam12/e1/v1,
full,03.CCTV Mobile Usage.mkv,632de9ed55947761d56d4c6142a3cb1a1fe69d0b1a6d0e01a2e404c697962623,dfine_native,277467.0,monitor_or_bezel,0.2706,739.51,395.34,1146.72,490.94,38930.4,407.21,95.6,4.259,False,,True,R-desk,60,evt_S-61_desk_work_surface_0014,2787998bb369fb67,lap_bag_context,no_pose_observation,34560.0,1.33,,1,cam12/e1/v1,
full,03.CCTV Mobile Usage.mkv,632de9ed55947761d56d4c6142a3cb1a1fe69d0b1a6d0e01a2e404c697962623,dfine_native,277467.0,mouse,0.2706,990.96,399.46,1026.18,413.23,485.2,35.22,13.78,2.557,False,,True,R-desk,60,evt_S-61_desk_work_surface_0014,2787998bb369fb67,lap_bag_context,no_pose_observation,34560.0,1.33,,1,cam12/e1/v1,
full,03.CCTV Mobile Usage.mkv,632de9ed55947761d56d4c6142a3cb1a1fe69d0b1a6d0e01a2e404c697962623,dfine_native,277467.0,unknown_object,0.3492,104.07,340.38,235.76,447.09,14052.6,131.69,106.71,1.234,False,,True,S-61,59,evt_S-61_desk_work_surface_0014,75ed3c1c34239082,pose_hand_context,,26205.1,3.95,,1,cam12/e1/v1,rtmpose_baseline
full,03.CCTV Mobile Usage.mkv,632de9ed55947761d56d4c6142a3cb1a1fe69d0b1a6d0e01a2e404c697962623,dfine_native,277467.0,unknown_object,0.3206,74.23,340.27,187.52,447.33,12130.1,113.3,107.06,1.058,False,,True,S-61,59,evt_S-61_desk_work_surface_0014,75ed3c1c34239082,pose_hand_context,,26205.1,3.95,,1,cam12/e1/v1,rtmpose_baseline
full,03.CCTV Mobile Usage.mkv,632de9ed55947761d56d4c6142a3cb1a1fe69d0b1a6d0e01a2e404c697962623,dfine_native,277967.0,keyboard,0.9213,962.21,452.0,1068.05,491.44,4174.6,105.84,39.44,2.683,False,,True,R-desk,60,evt_S-61_desk_work_surface_0014,653f5ac8c08929c5,lap_bag_context,no_pose_observation,34560.0,1.33,,1,cam12/e1/v1,
full,03.CCTV Mobile Usage.mkv,632de9ed55947761d56d4c6142a3cb1a1fe69d0b1a6d0e01a2e404c697962623,dfine_native,277967.0,unknown_object,0.717,699.89,396.16,847.03,491.83,14076.4,147.14,95.67,1.538,False,,True,R-desk,60,evt_S-61_desk_work_surface_0014,653f5ac8c08929c5,lap_bag_context,no_pose_observation,34560.0,1.33,,1,cam12/e1/v1,
full,03.CCTV Mobile Usage.mkv,632de9ed55947761d56d4c6142a3cb1a1fe69d0b1a6d0e01a2e404c697962623,dfine_native,277967.0,monitor_or_bezel,0.6159,1018.79,395.75,1145.85,447.87,6622.5,127.06,52.12,2.438,False,,True,R-desk,60,evt_S-61_desk_work_surface_0014,653f5ac8c08929c5,lap_bag_context,no_pose_observation,34560.0,1.33,,1,cam12/e1/v1,
full,03.CCTV Mobile Usage.mkv,632de9ed55947761d56d4c6142a3cb1a1fe69d0b1a6d0e01a2e404c697962623,dfine_native,277967.0,keyboard,0.5727,802.35,396.25,870.92,420.75,1680.2,68.57,24.5,2.798,False,,True,R-desk,60,evt_S-61_desk_work_surface_0014,653f5ac8c08929c5,lap_bag_context,no_pose_observation,34560.0,1.33,,1,cam12/e1/v1,
full,03.CCTV Mobile Usage.mkv,632de9ed55947761d56d4c6142a3cb1a1fe69d0b1a6d0e01a2e404c697962623,dfine_native,277967.0,monitor_or_bezel,0.3843,1014.4,395.68,1147.17,488.48,12320.9,132.77,92.8,1.431,False,,True,R-desk,60,evt_S-61_desk_work_surface_0014,653f5ac8c08929c5,lap_bag_context,no_pose_observation,34560.0,1.33,,1,cam12/e1/v1,
full,03.CCTV Mobile Usage.mkv,632de9ed55947761d56d4c6142a3cb1a1fe69d0b1a6d0e01a2e404c697962623,dfine_native,277967.0,mouse,0.5747,864.76,413.85,891.91,435.19,579.3,27.15,21.34,1.272,False,,True,R-desk,60,evt_S-61_desk_work_surface_0014,653f5ac8c08929c5,lap_bag_context,no_pose_observation,34560.0,1.33,,1,cam12/e1/v1,
full,03.CCTV Mobile Usage.mkv,632de9ed55947761d56d4c6142a3cb1a1fe69d0b1a6d0e01a2e404c697962623,dfine_native,277967.0,monitor_or_bezel,0.2914,881.02,396.19,949.1,452.71,3848.1,68.07,56.53,1.204,False,,True,R-desk,60,evt_S-61_desk_work_surface_0014,653f5ac8c08929c5,lap_bag_context,no_pose_observation,34560.0,1.33,,1,cam12/e1/v1,
full,03.CCTV Mobile Usage.mkv,632de9ed55947761d56d4c6142a3cb1a1fe69d0b1a6d0e01a2e404c697962623,dfine_native,277967.0,mouse,0.3504,967.05,398.31,992.09,410.58,307.3,25.05,12.27,2.041,False,,True,R-desk,60,evt_S-61_desk_work_surface_0014,653f5ac8c08929c5,lap_bag_context,no_pose_observation,34560.0,1.33,,1,cam12/e1/v1,
full,03.CCTV Mobile Usage.mkv,632de9ed55947761d56d4c6142a3cb1a1fe69d0b1a6d0e01a2e404c697962623,dfine_native,277967.0,unknown_object,0.255,700.01,396.31,765.94,490.64,6218.8,65.93,94.33,0.699,False,,True,R-desk,60,evt_S-61_desk_work_surface_0014,653f5ac8c08929c5,lap_bag_context,no_pose_observation,34560.0,1.33,,1,cam12/e1/v1,
full,03.CCTV Mobile Usage.mkv,632de9ed55947761d56d4c6142a3cb1a1fe69d0b1a6d0e01a2e404c697962623,dfine_native,277967.0,monitor_or_bezel,0.2734,739.55,395.36,1146.86,490.96,38941.0,407.31,95.61,4.26,False,,True,R-desk,60,evt_S-61_desk_work_surface_0014,653f5ac8c08929c5,lap_bag_context,no_pose_observation,34560.0,1.33,,1,cam12/e1/v1,
full,03.CCTV Mobile Usage.mkv,632de9ed55947761d56d4c6142a3cb1a1fe69d0b1a6d0e01a2e404c697962623,dfine_native,277967.0,mouse,0.2588,990.99,399.49,1025.74,413.22,477.3,34.75,13.73,2.53,False,,True,R-desk,60,evt_S-61_desk_work_surface_0014,653f5ac8c08929c5,lap_bag_context,no_pose_observation,34560.0,1.33,,1,cam12/e1/v1,
full,03.CCTV Mobile Usage.mkv,632de9ed55947761d56d4c6142a3cb1a1fe69d0b1a6d0e01a2e404c697962623,dfine_native,277967.0,unknown_object,0.452,103.69,442.46,146.89,471.33,1247.0,43.2,28.86,1.497,False,,True,S-61,59,evt_S-61_desk_work_surface_0014,ed18f7516e3bc9ef,pose_hand_context,,24825.2,4.06,,1,cam12/e1/v1,rtmpose_baseline
full,03.CCTV Mobile Usage.mkv,632de9ed55947761d56d4c6142a3cb1a1fe69d0b1a6d0e01a2e404c697962623,dfine_native,277967.0,unknown_object,0.2611,103.77,442.54,146.52,470.63,1201.1,42.75,28.09,1.522,False,,True,S-61,59,evt_S-61_desk_work_surface_0014,ed18f7516e3bc9ef,pose_hand_context,,24825.2,4.06,,1,cam12/e1/v1,rtmpose_baseline
full,03.CCTV Mobile Usage.mkv,632de9ed55947761d56d4c6142a3cb1a1fe69d0b1a6d0e01a2e404c697962623,dfine_native,278467.0,stationery,0.2809,138.46,504.9,166.36,522.58,493.2,27.89,17.68,1.577,False,,True,S-61,59,evt_S-61_desk_work_surface_0014,2a36a7787b46837e,pose_hand_context,,23777.6,4.15,,1,cam12/e1/v1,rtmpose_baseline
full,03.CCTV Mobile Usage.mkv,632de9ed55947761d56d4c6142a3cb1a1fe69d0b1a6d0e01a2e404c697962623,dfine_native,278467.0,unknown_object,0.5368,77.06,398.34,230.73,551.33,23509.8,153.67,152.99,1.004,False,,True,S-61,59,evt_S-61_desk_work_surface_0014,2a36a7787b46837e,pose_hand_context,,23777.6,4.15,,1,cam12/e1/v1,rtmpose_baseline
full,03.CCTV Mobile Usage.mkv,632de9ed55947761d56d4c6142a3cb1a1fe69d0b1a6d0e01a2e404c697962623,dfine_native,278467.0,unknown_object,0.2642,77.04,496.05,203.52,551.71,7040.1,126.48,55.66,2.272,False,,True,S-61,59,evt_S-61_desk_work_surface_0014,2a36a7787b46837e,pose_hand_context,,23777.6,4.15,,1,cam12/e1/v1,rtmpose_baseline
full,03.CCTV Mobile Usage.mkv,632de9ed55947761d56d4c6142a3cb1a1fe69d0b1a6d0e01a2e404c697962623,dfine_native,278467.0,unknown_object,0.322,77.09,421.65,204.09,551.27,16462.3,127.01,129.62,0.98,False,,True,S-61,59,evt_S-61_desk_work_surface_0014,2a36a7787b46837e,pose_hand_context,,23777.6,4.15,,1,cam12/e1/v1,rtmpose_baseline
full,03.CCTV Mobile Usage.mkv,632de9ed55947761d56d4c6142a3cb1a1fe69d0b1a6d0e01a2e404c697962623,dfine_native,278467.0,unknown_object,0.2594,100.16,399.19,186.01,491.74,7945.5,85.85,92.55,0.928,False,,True,S-61,59,evt_S-61_desk_work_surface_0014,2a36a7787b46837e,pose_hand_context,,23777.6,4.15,,1,cam12/e1/v1,rtmpose_baseline
full,03.CCTV Mobile Usage.mkv,632de9ed55947761d56d4c6142a3cb1a1fe69d0b1a6d0e01a2e404c697962623,dfine_native,278467.0,unknown_object,0.2557,77.07,485.42,204.44,551.71,8443.4,127.37,66.29,1.921,False,,True,S-61,59,evt_S-61_desk_work_surface_0014,2a36a7787b46837e,pose_hand_context,,23777.6,4.15,,1,cam12/e1/v1,rtmpose_baseline
full,03.CCTV Mobile Usage.mkv,632de9ed55947761d56d4c6142a3cb1a1fe69d0b1a6d0e01a2e404c697962623,dfine_native,278467.0,unknown_object,0.5283,76.95,400.26,205.49,551.39,19423.9,128.53,151.12,0.851,False,,True,S-61,59,evt_S-61_desk_work_surface_0014,2a36a7787b46837e,pose_hand_context,,23777.6,4.15,,1,cam12/e1/v1,rtmpose_baseline
full,03.CCTV Mobile Usage.mkv,632de9ed55947761d56d4c6142a3cb1a1fe69d0b1a6d0e01a2e404c697962623,dfine_native,278467.0,stationery,0.3017,138.76,505.42,203.62,551.7,3001.9,64.86,46.28,1.401,False,,True,S-61,59,evt_S-61_desk_work_surface_0014,2a36a7787b46837e,pose_hand_context,,23777.6,4.15,,1,cam12/e1/v1,rtmpose_baseline
full,03.CCTV Mobile Usage.mkv,632de9ed55947761d56d4c6142a3cb1a1fe69d0b1a6d0e01a2e404c697962623,dfine_native,278467.0,unknown_object,0.3838,77.07,398.63,216.42,551.4,21288.1,139.35,152.77,0.912,False,,True,S-61,59,evt_S-61_desk_work_surface_0014,2a36a7787b46837e,pose_hand_context,,23777.6,4.15,,1,cam12/e1/v1,rtmpose_baseline
full,03.CCTV Mobile Usage.mkv,632de9ed55947761d56d4c6142a3cb1a1fe69d0b1a6d0e01a2e404c697962623,dfine_native,278467.0,keyboard,0.9216,962.2,452.0,1068.06,491.44,4174.9,105.86,39.44,2.684,False,,True,R-desk,60,evt_S-61_desk_work_surface_0014,e67f8a5d9e10f4f0,lap_bag_context,no_pose_observation,34560.0,1.33,,1,cam12/e1/v1,
full,03.CCTV Mobile Usage.mkv,632de9ed55947761d56d4c6142a3cb1a1fe69d0b1a6d0e01a2e404c697962623,dfine_native,278467.0,unknown_object,0.6705,699.92,396.16,847.07,491.91,14089.9,147.16,95.75,1.537,False,,True,R-desk,60,evt_S-61_desk_work_surface_0014,e67f8a5d9e10f4f0,lap_bag_context,no_pose_observation,34560.0,1.33,,1,cam12/e1/v1,
full,03.CCTV Mobile Usage.mkv,632de9ed55947761d56d4c6142a3cb1a1fe69d0b1a6d0e01a2e404c697962623,dfine_native,278467.0,monitor_or_bezel,0.6252,1018.79,395.76,1145.89,447.88,6624.4,127.1,52.12,2.439,False,,True,R-desk,60,evt_S-61_desk_work_surface_0014,e67f8a5d9e10f4f0,lap_bag_context,no_pose_observation,34560.0,1.33,,1,cam12/e1/v1,
full,03.CCTV Mobile Usage.mkv,632de9ed55947761d56d4c6142a3cb1a1fe69d0b1a6d0e01a2e404c697962623,dfine_native,278467.0,keyboard,0.5547,802.3,396.25,870.91,420.77,1682.1,68.61,24.52,2.798,False,,True,R-desk,60,evt_S-61_desk_work_surface_0014,e67f8a5d9e10f4f0,lap_bag_context,no_pose_observation,34560.0,1.33,,1,cam12/e1/v1,
full,03.CCTV Mobile Usage.mkv,632de9ed55947761d56d4c6142a3cb1a1fe69d0b1a6d0e01a2e404c697962623,dfine_native,278467.0,monitor_or_bezel,0.3673,1014.61,395.71,1147.17,488.47,12296.3,132.56,92.76,1.429,False,,True,R-desk,60,evt_S-61_desk_work_surface_0014,e67f8a5d9e10f4f0,lap_bag_context,no_pose_observation,34560.0,1.33,,1,cam12/e1/v1,
full,03.CCTV Mobile Usage.mkv,632de9ed55947761d56d4c6142a3cb1a1fe69d0b1a6d0e01a2e404c697962623,dfine_native,278467.0,phone,0.2643,1042.87,421.71,1113.38,474.28,3706.8,70.51,52.57,1.341,False,,True,R-desk,60,evt_S-61_desk_work_surface_0014,e67f8a5d9e10f4f0,lap_bag_context,no_pose_observation,34560.0,1.33,,1,cam12/e1/v1,
full,03.CCTV Mobile Usage.mkv,632de9ed55947761d56d4c6142a3cb1a1fe69d0b1a6d0e01a2e404c697962623,dfine_native,278467.0,mouse,0.5631,864.75,413.84,891.96,435.17,580.3,27.21,21.33,1.276,False,,True,R-desk,60,evt_S-61_desk_work_surface_0014,e67f8a5d9e10f4f0,lap_bag_context,no_pose_observation,34560.0,1.33,,1,cam12/e1/v1,
full,03.CCTV Mobile Usage.mkv,632de9ed55947761d56d4c6142a3cb1a1fe69d0b1a6d0e01a2e404c697962623,dfine_native,278467.0,monitor_or_bezel,0.2752,881.04,396.18,949.0,452.71,3841.8,67.96,56.53,1.202,False,,True,R-desk,60,evt_S-61_desk_work_surface_0014,e67f8a5d9e10f4f0,lap_bag_context,no_pose_observation,34560.0,1.33,,1,cam12/e1/v1,
full,03.CCTV Mobile Usage.mkv,632de9ed55947761d56d4c6142a3cb1a1fe69d0b1a6d0e01a2e404c697962623,dfine_native,278467.0,mouse,0.3319,967.05,398.32,992.0,410.61,306.4,24.94,12.29,2.03,False,,True,R-desk,60,evt_S-61_desk_work_surface_0014,e67f8a5d9e10f4f0,lap_bag_context,no_pose_observation,34560.0,1.33,,1,cam12/e1/v1,
full,03.CCTV Mobile Usage.mkv,632de9ed55947761d56d4c6142a3cb1a1fe69d0b1a6d0e01a2e404c697962623,dfine_native,278467.0,unknown_object,0.2673,700.03,396.3,766.09,490.78,6240.7,66.05,94.48,0.699,False,,True,R-desk,60,evt_S-61_desk_work_surface_0014,e67f8a5d9e10f4f0,lap_bag_context,no_pose_observation,34560.0,1.33,,1,cam12/e1/v1,
full,03.CCTV Mobile Usage.mkv,632de9ed55947761d56d4c6142a3cb1a1fe69d0b1a6d0e01a2e404c697962623,dfine_native,278467.0,mouse,0.255,990.88,399.42,1025.81,413.26,483.2,34.93,13.83,2.525,False,,True,R-desk,60,evt_S-61_desk_work_surface_0014,e67f8a5d9e10f4f0,lap_bag_context,no_pose_observation,34560.0,1.33,,1,cam12/e1/v1,
full,03.CCTV Mobile Usage.mkv,632de9ed55947761d56d4c6142a3cb1a1fe69d0b1a6d0e01a2e404c697962623,dfine_native,278467.0,monitor_or_bezel,0.2776,737.66,395.46,1146.77,490.59,38921.1,409.11,95.14,4.3,False,,True,R-desk,60,evt_S-61_desk_work_surface_0014,e67f8a5d9e10f4f0,lap_bag_context,no_pose_observation,34560.0,1.33,,1,cam12/e1/v1,
full,03.CCTV Mobile Usage.mkv,632de9ed55947761d56d4c6142a3cb1a1fe69d0b1a6d0e01a2e404c697962623,dfine_native,278967.0,unknown_object,0.5733,85.87,388.71,187.61,524.32,13795.2,101.73,135.6,0.75,False,,True,S-61,59,evt_S-61_desk_work_surface_0014,bc9f42971f30cb09,pose_hand_context,,22302.4,4.29,,1,cam12/e1/v1,rtmpose_baseline
full,03.CCTV Mobile Usage.mkv,632de9ed55947761d56d4c6142a3cb1a1fe69d0b1a6d0e01a2e404c697962623,dfine_native,278967.0,unknown_object,0.2737,56.96,387.3,92.95,450.33,2268.4,35.99,63.03,0.571,False,,True,S-61,59,evt_S-61_desk_work_surface_0014,bc9f42971f30cb09,pose_hand_context,,22302.4,4.29,,1,cam12/e1/v1,rtmpose_baseline
full,03.CCTV Mobile Usage.mkv,632de9ed55947761d56d4c6142a3cb1a1fe69d0b1a6d0e01a2e404c697962623,dfine_native,278967.0,unknown_object,0.285,171.87,391.43,206.99,489.34,3438.0,35.12,97.9,0.359,False,,True,S-61,59,evt_S-61_desk_work_surface_0014,bc9f42971f30cb09,pose_hand_context,,22302.4,4.29,,1,cam12/e1/v1,rtmpose_baseline
full,03.CCTV Mobile Usage.mkv,632de9ed55947761d56d4c6142a3cb1a1fe69d0b1a6d0e01a2e404c697962623,dfine_native,278967.0,unknown_object,0.2877,57.12,387.65,189.18,534.61,19408.9,132.06,146.97,0.899,False,,True,S-61,59,evt_S-61_desk_work_surface_0014,bc9f42971f30cb09,pose_hand_context,,22302.4,4.29,,1,cam12/e1/v1,rtmpose_baseline
full,03.CCTV Mobile Usage.mkv,632de9ed55947761d56d4c6142a3cb1a1fe69d0b1a6d0e01a2e404c697962623,dfine_native,278967.0,unknown_object,0.5443,86.6,388.19,185.67,501.43,11219.7,99.08,113.24,0.875,False,,True,S-61,59,evt_S-61_desk_work_surface_0014,bc9f42971f30cb09,pose_hand_context,,22302.4,4.29,,1,cam12/e1/v1,rtmpose_baseline
full,03.CCTV Mobile Usage.mkv,632de9ed55947761d56d4c6142a3cb1a1fe69d0b1a6d0e01a2e404c697962623,dfine_native,278967.0,unknown_object,0.2525,71.13,387.41,192.14,534.86,17843.4,121.01,147.45,0.821,False,,True,S-61,59,evt_S-61_desk_work_surface_0014,bc9f42971f30cb09,pose_hand_context,,22302.4,4.29,,1,cam12/e1/v1,rtmpose_baseline
full,03.CCTV Mobile Usage.mkv,632de9ed55947761d56d4c6142a3cb1a1fe69d0b1a6d0e01a2e404c697962623,dfine_native,278967.0,stationery,0.3357,95.21,475.69,189.8,535.19,5628.5,94.59,59.5,1.59,False,,True,S-61,59,evt_S-61_desk_work_surface_0014,bc9f42971f30cb09,pose_hand_context,,22302.4,4.29,,1,cam12/e1/v1,rtmpose_baseline
full,03.CCTV Mobile Usage.mkv,632de9ed55947761d56d4c6142a3cb1a1fe69d0b1a6d0e01a2e404c697962623,dfine_native,278967.0,unknown_object,0.259,57.11,387.78,183.7,520.75,16833.4,126.59,132.97,0.952,False,,True,S-61,59,evt_S-61_desk_work_surface_0014,bc9f42971f30cb09,pose_hand_context,,22302.4,4.29,,1,cam12/e1/v1,rtmpose_baseline
full,03.CCTV Mobile Usage.mkv,632de9ed55947761d56d4c6142a3cb1a1fe69d0b1a6d0e01a2e404c697962623,dfine_native,278967.0,unknown_object,0.3635,86.45,398.55,192.18,534.64,14389.5,105.73,136.1,0.777,False,,True,S-61,59,evt_S-61_desk_work_surface_0014,bc9f42971f30cb09,pose_hand_context,,22302.4,4.29,,1,cam12/e1/v1,rtmpose_baseline
full,03.CCTV Mobile Usage.mkv,632de9ed55947761d56d4c6142a3cb1a1fe69d0b1a6d0e01a2e404c697962623,dfine_native,278967.0,unknown_object,0.4319,57.12,387.7,183.45,501.31,14351.7,126.33,113.61,1.112,False,,True,S-61,59,evt_S-61_desk_work_surface_0014,bc9f42971f30cb09,pose_hand_context,,22302.4,4.29,,1,cam12/e1/v1,rtmpose_baseline
full,03.CCTV Mobile Usage.mkv,632de9ed55947761d56d4c6142a3cb1a1fe69d0b1a6d0e01a2e404c697962623,dfine_native,278967.0,unknown_object,0.2722,73.18,387.63,185.26,501.2,12729.1,112.08,113.57,0.987,False,,True,S-61,59,evt_S-61_desk_work_surface_0014,bc9f42971f30cb09,pose_hand_context,,22302.4,4.29,,1,cam12/e1/v1,rtmpose_baseline
full,03.CCTV Mobile Usage.mkv,632de9ed55947761d56d4c6142a3cb1a1fe69d0b1a6d0e01a2e404c697962623,dfine_native,278967.0,unknown_object,0.2767,82.43,387.82,193.05,534.64,16241.8,110.62,146.82,0.753,False,,True,S-61,59,evt_S-61_desk_work_surface_0014,bc9f42971f30cb09,pose_hand_context,,22302.4,4.29,,1,cam12/e1/v1,rtmpose_baseline
full,03.CCTV Mobile Usage.mkv,632de9ed55947761d56d4c6142a3cb1a1fe69d0b1a6d0e01a2e404c697962623,dfine_native,278967.0,unknown_object,0.3034,57.11,397.17,191.16,534.83,18452.2,134.05,137.65,0.974,False,,True,S-61,59,evt_S-61_desk_work_surface_0014,bc9f42971f30cb09,pose_hand_context,,22302.4,4.29,,1,cam12/e1/v1,rtmpose_baseline
full,03.CCTV Mobile Usage.mkv,632de9ed55947761d56d4c6142a3cb1a1fe69d0b1a6d0e01a2e404c697962623,dfine_native,278967.0,stationery,0.2759,95.2,475.38,161.59,522.5,3128.0,66.38,47.12,1.409,False,,True,S-61,59,evt_S-61_desk_work_surface_0014,bc9f42971f30cb09,pose_hand_context,,22302.4,4.29,,1,cam12/e1/v1,rtmpose_baseline
full,03.CCTV Mobile Usage.mkv,632de9ed55947761d56d4c6142a3cb1a1fe69d0b1a6d0e01a2e404c697962623,dfine_native,278967.0,keyboard,0.916,962.09,451.98,1068.04,491.43,4179.2,105.95,39.45,2.686,False,,True,R-desk,60,evt_S-61_desk_work_surface_0014,f16c8c8aa9abb748,lap_bag_context,no_pose_observation,34560.0,1.33,,1,cam12/e1/v1,
full,03.CCTV Mobile Usage.mkv,632de9ed55947761d56d4c6142a3cb1a1fe69d0b1a6d0e01a2e404c697962623,dfine_native,278967.0,monitor_or_bezel,0.6285,1018.88,395.85,1145.73,448.26,6647.3,126.85,52.4,2.421,False,,True,R-desk,60,evt_S-61_desk_work_surface_0014,f16c8c8aa9abb748,lap_bag_context,no_pose_observation,34560.0,1.33,,1,cam12/e1/v1,
full,03.CCTV Mobile Usage.mkv,632de9ed55947761d56d4c6142a3cb1a1fe69d0b1a6d0e01a2e404c697962623,dfine_native,278967.0,unknown_object,0.4699,700.11,396.14,853.22,492.06,14686.4,153.1,95.92,1.596,False,,True,R-desk,60,evt_S-61_desk_work_surface_0014,f16c8c8aa9abb748,lap_bag_context,no_pose_observation,34560.0,1.33,,1,cam12/e1/v1,
full,03.CCTV Mobile Usage.mkv,632de9ed55947761d56d4c6142a3cb1a1fe69d0b1a6d0e01a2e404c697962623,dfine_native,278967.0,keyboard,0.5502,802.6,396.32,870.66,420.6,1652.0,68.05,24.28,2.803,False,,True,R-desk,60,evt_S-61_desk_work_surface_0014,f16c8c8aa9abb748,lap_bag_context,no_pose_observation,34560.0,1.33,,1,cam12/e1/v1,
full,03.CCTV Mobile Usage.mkv,632de9ed55947761d56d4c6142a3cb1a1fe69d0b1a6d0e01a2e404c697962623,dfine_native,278967.0,unknown_object,0.363,700.06,396.12,762.47,491.67,5963.7,62.41,95.55,0.653,False,,True,R-desk,60,evt_S-61_desk_work_surface_0014,f16c8c8aa9abb748,lap_bag_context,no_pose_observation,34560.0,1.33,,1,cam12/e1/v1,
full,03.CCTV Mobile Usage.mkv,632de9ed55947761d56d4c6142a3cb1a1fe69d0b1a6d0e01a2e404c697962623,dfine_native,278967.0,monitor_or_bezel,0.338,1014.01,395.73,1147.13,488.4,12336.5,133.12,92.67,1.437,False,,True,R-desk,60,evt_S-61_desk_work_surface_0014,f16c8c8aa9abb748,lap_bag_context,no_pose_observation,34560.0,1.33,,1,cam12/e1/v1,
full,03.CCTV Mobile Usage.mkv,632de9ed55947761d56d4c6142a3cb1a1fe69d0b1a6d0e01a2e404c697962623,dfine_native,278967.0,mouse,0.5667,864.75,413.82,891.85,434.88,571.0,27.1,21.07,1.286,False,,True,R-desk,60,evt_S-61_desk_work_surface_0014,f16c8c8aa9abb748,lap_bag_context,no_pose_observation,34560.0,1.33,,1,cam12/e1/v1,
full,03.CCTV Mobile Usage.mkv,632de9ed55947761d56d4c6142a3cb1a1fe69d0b1a6d0e01a2e404c697962623,dfine_native,278967.0,phone,0.2749,1042.88,421.88,1112.93,474.21,3665.9,70.05,52.33,1.339,False,,True,R-desk,60,evt_S-61_desk_work_surface_0014,f16c8c8aa9abb748,lap_bag_context,no_pose_observation,34560.0,1.33,,1,cam12/e1/v1,
full,03.CCTV Mobile Usage.mkv,632de9ed55947761d56d4c6142a3cb1a1fe69d0b1a6d0e01a2e404c697962623,dfine_native,278967.0,mouse,0.3714,967.08,398.39,992.13,410.56,304.8,25.06,12.16,2.06,False,,True,R-desk,60,evt_S-61_desk_work_surface_0014,f16c8c8aa9abb748,lap_bag_context,no_pose_observation,34560.0,1.33,,1,cam12/e1/v1,
full,03.CCTV Mobile Usage.mkv,632de9ed55947761d56d4c6142a3cb1a1fe69d0b1a6d0e01a2e404c697962623,dfine_native,278967.0,monitor_or_bezel,0.2769,881.33,396.17,948.67,452.68,3805.8,67.35,56.51,1.192,False,,True,R-desk,60,evt_S-61_desk_work_surface_0014,f16c8c8aa9abb748,lap_bag_context,no_pose_observation,34560.0,1.33,,1,cam12/e1/v1,
full,03.CCTV Mobile Usage.mkv,632de9ed55947761d56d4c6142a3cb1a1fe69d0b1a6d0e01a2e404c697962623,dfine_native,278967.0,unknown_object,0.2621,699.95,396.12,779.44,492.07,7627.4,79.49,95.95,0.828,False,,True,R-desk,60,evt_S-61_desk_work_surface_0014,f16c8c8aa9abb748,lap_bag_context,no_pose_observation,34560.0,1.33,,1,cam12/e1/v1,
full,03.CCTV Mobile Usage.mkv,632de9ed55947761d56d4c6142a3cb1a1fe69d0b1a6d0e01a2e404c697962623,dfine_native,278967.0,monitor_or_bezel,0.2763,740.0,395.45,1146.67,491.08,38893.0,406.68,95.64,4.252,False,,True,R-desk,60,evt_S-61_desk_work_surface_0014,f16c8c8aa9abb748,lap_bag_context,no_pose_observation,34560.0,1.33,,1,cam12/e1/v1,
full,03.CCTV Mobile Usage.mkv,632de9ed55947761d56d4c6142a3cb1a1fe69d0b1a6d0e01a2e404c697962623,dfine_native,279467.0,stationery,0.6473,144.67,468.61,193.94,498.24,1459.9,49.27,29.63,1.663,False,,True,S-61,59,evt_S-61_desk_work_surface_0014,a57b706d1278d0ee,pose_hand_context,,29804.6,3.71,,1,cam12/e1/v1,rtmpose_baseline
full,03.CCTV Mobile Usage.mkv,632de9ed55947761d56d4c6142a3cb1a1fe69d0b1a6d0e01a2e404c697962623,dfine_native,279467.0,unknown_object,0.334,114.71,337.22,228.97,399.43,7108.6,114.26,62.22,1.836,False,,True,S-61,59,evt_S-61_desk_work_surface_0014,a57b706d1278d0ee,pose_hand_context,,29804.6,3.71,,1,cam12/e1/v1,rtmpose_baseline
full,03.CCTV Mobile Usage.mkv,632de9ed55947761d56d4c6142a3cb1a1fe69d0b1a6d0e01a2e404c697962623,dfine_native,279467.0,stationery,0.2867,145.58,478.38,169.54,497.05,447.3,23.95,18.67,1.283,False,,True,S-61,59,evt_S-61_desk_work_surface_0014,a57b706d1278d0ee,pose_hand_context,,29804.6,3.71,,1,cam12/e1/v1,rtmpose_baseline
full,03.CCTV Mobile Usage.mkv,632de9ed55947761d56d4c6142a3cb1a1fe69d0b1a6d0e01a2e404c697962623,dfine_native,279467.0,stationery,0.4148,158.0,468.8,193.77,494.22,909.4,35.77,25.42,1.407,False,,True,S-61,59,evt_S-61_desk_work_surface_0014,a57b706d1278d0ee,pose_hand_context,,29804.6,3.71,,1,cam12/e1/v1,rtmpose_baseline
full,03.CCTV Mobile Usage.mkv,632de9ed55947761d56d4c6142a3cb1a1fe69d0b1a6d0e01a2e404c697962623,dfine_native,279467.0,unknown_object,0.2657,56.78,370.32,85.08,469.27,2800.8,28.31,98.95,0.286,False,,True,S-61,59,evt_S-61_desk_work_surface_0014,a57b706d1278d0ee,pose_hand_context,,29804.6,3.71,,1,cam12/e1/v1,rtmpose_baseline
full,03.CCTV Mobile Usage.mkv,632de9ed55947761d56d4c6142a3cb1a1fe69d0b1a6d0e01a2e404c697962623,dfine_native,279467.0,stationery,0.3677,56.78,438.63,193.71,509.76,9739.7,136.93,71.13,1.925,False,,True,S-61,59,evt_S-61_desk_work_surface_0014,a57b706d1278d0ee,pose_hand_context,,29804.6,3.71,,1,cam12/e1/v1,rtmpose_baseline
full,03.CCTV Mobile Usage.mkv,632de9ed55947761d56d4c6142a3cb1a1fe69d0b1a6d0e01a2e404c697962623,dfine_native,279467.0,stationery,0.2512,95.18,408.5,179.93,453.37,3802.7,84.76,44.87,1.889,False,,True,S-61,59,evt_S-61_desk_work_surface_0014,a57b706d1278d0ee,pose_hand_context,,29804.6,3.71,,1,cam12/e1/v1,rtmpose_baseline
full,03.CCTV Mobile Usage.mkv,632de9ed55947761d56d4c6142a3cb1a1fe69d0b1a6d0e01a2e404c697962623,dfine_native,279467.0,stationery,0.3578,140.93,468.56,194.53,509.32,2184.9,53.59,40.77,1.315,False,,True,S-61,59,evt_S-61_desk_work_surface_0014,a57b706d1278d0ee,pose_hand_context,,29804.6,3.71,,1,cam12/e1/v1,rtmpose_baseline
full,03.CCTV Mobile Usage.mkv,632de9ed55947761d56d4c6142a3cb1a1fe69d0b1a6d0e01a2e404c697962623,dfine_native,279467.0,stationery,0.3444,57.17,468.28,193.95,509.94,5699.1,136.78,41.66,3.283,False,,True,S-61,59,evt_S-61_desk_work_surface_0014,a57b706d1278d0ee,pose_hand_context,,29804.6,3.71,,1,cam12/e1/v1,rtmpose_baseline
full,03.CCTV Mobile Usage.mkv,632de9ed55947761d56d4c6142a3cb1a1fe69d0b1a6d0e01a2e404c697962623,dfine_native,279467.0,keyboard,0.916,962.09,451.97,1068.04,491.43,4180.3,105.95,39.46,2.685,False,,True,R-desk,60,evt_S-61_desk_work_surface_0014,c46ca4533dbf3ed3,lap_bag_context,no_pose_observation,34560.0,1.33,,1,cam12/e1/v1,
full,03.CCTV Mobile Usage.mkv,632de9ed55947761d56d4c6142a3cb1a1fe69d0b1a6d0e01a2e404c697962623,dfine_native,279467.0,monitor_or_bezel,0.6333,1018.68,395.93,1145.76,448.22,6644.9,127.08,52.29,2.43,False,,True,R-desk,60,evt_S-61_desk_work_surface_0014,c46ca4533dbf3ed3,lap_bag_context,no_pose_observation,34560.0,1.33,,1,cam12/e1/v1,
full,03.CCTV Mobile Usage.mkv,632de9ed55947761d56d4c6142a3cb1a1fe69d0b1a6d0e01a2e404c697962623,dfine_native,279467.0,keyboard,0.5259,802.63,396.31,870.68,420.58,1651.7,68.05,24.27,2.804,False,,True,R-desk,60,evt_S-61_desk_work_surface_0014,c46ca4533dbf3ed3,lap_bag_context,no_pose_observation,34560.0,1.33,,1,cam12/e1/v1,
full,03.CCTV Mobile Usage.mkv,632de9ed55947761d56d4c6142a3cb1a1fe69d0b1a6d0e01a2e404c697962623,dfine_native,279467.0,unknown_object,0.4175,700.26,396.13,858.29,492.02,15153.3,158.03,95.89,1.648,False,,True,R-desk,60,evt_S-61_desk_work_surface_0014,c46ca4533dbf3ed3,lap_bag_context,no_pose_observation,34560.0,1.33,,1,cam12/e1/v1,
full,03.CCTV Mobile Usage.mkv,632de9ed55947761d56d4c6142a3cb1a1fe69d0b1a6d0e01a2e404c697962623,dfine_native,279467.0,unknown_object,0.3538,700.03,396.11,762.1,491.64,5929.7,62.08,95.52,0.65,False,,True,R-desk,60,evt_S-61_desk_work_surface_0014,c46ca4533dbf3ed3,lap_bag_context,no_pose_observation,34560.0,1.33,,1,cam12/e1/v1,
full,03.CCTV Mobile Usage.mkv,632de9ed55947761d56d4c6142a3cb1a1fe69d0b1a6d0e01a2e404c697962623,dfine_native,279467.0,mouse,0.5781,864.7,413.78,891.89,434.95,575.4,27.19,21.16,1.285,False,,True,R-desk,60,evt_S-61_desk_work_surface_0014,c46ca4533dbf3ed3,lap_bag_context,no_pose_observation,34560.0,1.33,,1,cam12/e1/v1,
full,03.CCTV Mobile Usage.mkv,632de9ed55947761d56d4c6142a3cb1a1fe69d0b1a6d0e01a2e404c697962623,dfine_native,279467.0,monitor_or_bezel,0.329,1013.46,395.84,1147.28,488.29,12371.6,133.82,92.45,1.448,False,,True,R-desk,60,evt_S-61_desk_work_surface_0014,c46ca4533dbf3ed3,lap_bag_context,no_pose_observation,34560.0,1.33,,1,cam12/e1/v1,
full,03.CCTV Mobile Usage.mkv,632de9ed55947761d56d4c6142a3cb1a1fe69d0b1a6d0e01a2e404c697962623,dfine_native,279467.0,phone,0.2941,1042.98,421.97,1112.95,474.26,3658.1,69.96,52.29,1.338,False,,True,R-desk,60,evt_S-61_desk_work_surface_0014,c46ca4533dbf3ed3,lap_bag_context,no_pose_observation,34560.0,1.33,,1,cam12/e1/v1,
full,03.CCTV Mobile Usage.mkv,632de9ed55947761d56d4c6142a3cb1a1fe69d0b1a6d0e01a2e404c697962623,dfine_native,279467.0,monitor_or_bezel,0.276,881.33,396.16,948.79,452.66,3812.0,67.46,56.51,1.194,False,,True,R-desk,60,evt_S-61_desk_work_surface_0014,c46ca4533dbf3ed3,lap_bag_context,no_pose_observation,34560.0,1.33,,1,cam12/e1/v1,
full,03.CCTV Mobile Usage.mkv,632de9ed55947761d56d4c6142a3cb1a1fe69d0b1a6d0e01a2e404c697962623,dfine_native,279467.0,mouse,0.3562,967.0,398.41,992.09,410.56,304.9,25.1,12.15,2.065,False,,True,R-desk,60,evt_S-61_desk_work_surface_0014,c46ca4533dbf3ed3,lap_bag_context,no_pose_observation,34560.0,1.33,,1,cam12/e1/v1,
full,03.CCTV Mobile Usage.mkv,632de9ed55947761d56d4c6142a3cb1a1fe69d0b1a6d0e01a2e404c697962623,dfine_native,279467.0,monitor_or_bezel,0.2716,735.59,395.69,1146.66,491.15,39244.5,411.08,95.47,4.306,False,,True,R-desk,60,evt_S-61_desk_work_surface_0014,c46ca4533dbf3ed3,lap_bag_context,no_pose_observation,34560.0,1.33,,1,cam12/e1/v1,
full,03.CCTV Mobile Usage.mkv,632de9ed55947761d56d4c6142a3cb1a1fe69d0b1a6d0e01a2e404c697962623,dfine_native,279967.0,unknown_object,0.368,57.93,440.03,202.62,511.43,10331.7,144.7,71.4,2.027,False,,True,S-61,59,evt_S-61_desk_work_surface_0014,831db152296d33cf,pose_hand_context,,30653.0,3.66,,1,cam12/e1/v1,rtmpose_baseline
full,03.CCTV Mobile Usage.mkv,632de9ed55947761d56d4c6142a3cb1a1fe69d0b1a6d0e01a2e404c697962623,dfine_native,279967.0,unknown_object,0.3646,57.96,370.22,98.44,474.1,4205.4,40.48,103.88,0.39,False,,True,S-61,59,evt_S-61_desk_work_surface_0014,831db152296d33cf,pose_hand_context,,30653.0,3.66,,1,cam12/e1/v1,rtmpose_baseline
full,03.CCTV Mobile Usage.mkv,632de9ed55947761d56d4c6142a3cb1a1fe69d0b1a6d0e01a2e404c697962623,dfine_native,279967.0,unknown_object,0.3927,58.0,370.7,84.38,446.94,2011.3,26.38,76.24,0.346,False,,True,S-61,59,evt_S-61_desk_work_surface_0014,831db152296d33cf,pose_hand_context,,30653.0,3.66,,1,cam12/e1/v1,rtmpose_baseline
full,03.CCTV Mobile Usage.mkv,632de9ed55947761d56d4c6142a3cb1a1fe69d0b1a6d0e01a2e404c697962623,dfine_native,279967.0,unknown_object,0.3714,58.01,370.52,85.85,470.42,2780.8,27.84,99.9,0.279,False,,True,S-61,59,evt_S-61_desk_work_surface_0014,831db152296d33cf,pose_hand_context,,30653.0,3.66,,1,cam12/e1/v1,rtmpose_baseline
full,03.CCTV Mobile Usage.mkv,632de9ed55947761d56d4c6142a3cb1a1fe69d0b1a6d0e01a2e404c697962623,dfine_native,279967.0,unknown_object,0.3032,58.0,371.11,203.07,511.2,20322.9,145.07,140.09,1.036,False,,True,S-61,59,evt_S-61_desk_work_surface_0014,831db152296d33cf,pose_hand_context,,30653.0,3.66,,1,cam12/e1/v1,rtmpose_baseline
full,03.CCTV Mobile Usage.mkv,632de9ed55947761d56d4c6142a3cb1a1fe69d0b1a6d0e01a2e404c697962623,dfine_native,279967.0,keyboard,0.9165,962.16,451.91,1068.04,491.45,4186.5,105.88,39.54,2.678,False,,True,R-desk,60,evt_S-61_desk_work_surface_0014,fc4c51e482763b48,lap_bag_context,no_pose_observation,34560.0,1.33,,1,cam12/e1/v1,
full,03.CCTV Mobile Usage.mkv,632de9ed55947761d56d4c6142a3cb1a1fe69d0b1a6d0e01a2e404c697962623,dfine_native,279967.0,monitor_or_bezel,0.6596,1018.49,395.9,1146.01,448.42,6697.0,127.52,52.52,2.428,False,,True,R-desk,60,evt_S-61_desk_work_surface_0014,fc4c51e482763b48,lap_bag_context,no_pose_observation,34560.0,1.33,,1,cam12/e1/v1,
full,03.CCTV Mobile Usage.mkv,632de9ed55947761d56d4c6142a3cb1a1fe69d0b1a6d0e01a2e404c697962623,dfine_native,279967.0,keyboard,0.5628,802.93,396.28,870.65,420.59,1646.3,67.73,24.31,2.786,False,,True,R-desk,60,evt_S-61_desk_work_surface_0014,fc4c51e482763b48,lap_bag_context,no_pose_observation,34560.0,1.33,,1,cam12/e1/v1,
full,03.CCTV Mobile Usage.mkv,632de9ed55947761d56d4c6142a3cb1a1fe69d0b1a6d0e01a2e404c697962623,dfine_native,279967.0,unknown_object,0.4284,700.29,396.14,857.81,492.19,15130.1,157.52,96.05,1.64,False,,True,R-desk,60,evt_S-61_desk_work_surface_0014,fc4c51e482763b48,lap_bag_context,no_pose_observation,34560.0,1.33,,1,cam12/e1/v1,
full,03.CCTV Mobile Usage.mkv,632de9ed55947761d56d4c6142a3cb1a1fe69d0b1a6d0e01a2e404c697962623,dfine_native,279967.0,monitor_or_bezel,0.2502,737.24,395.72,1139.31,491.29,38423.8,402.07,95.56,4.207,False,,True,R-desk,60,evt_S-61_desk_work_surface_0014,fc4c51e482763b48,lap_bag_context,no_pose_observation,34560.0,1.33,,1,cam12/e1/v1,
full,03.CCTV Mobile Usage.mkv,632de9ed55947761d56d4c6142a3cb1a1fe69d0b1a6d0e01a2e404c697962623,dfine_native,279967.0,monitor_or_bezel,0.3489,1012.55,395.82,1147.48,487.5,12369.8,134.92,91.68,1.472,False,,True,R-desk,60,evt_S-61_desk_work_surface_0014,fc4c51e482763b48,lap_bag_context,no_pose_observation,34560.0,1.33,,1,cam12/e1/v1,
full,03.CCTV Mobile Usage.mkv,632de9ed55947761d56d4c6142a3cb1a1fe69d0b1a6d0e01a2e404c697962623,dfine_native,279967.0,unknown_object,0.3196,700.04,396.11,765.65,491.95,6287.9,65.61,95.84,0.685,False,,True,R-desk,60,evt_S-61_desk_work_surface_0014,fc4c51e482763b48,lap_bag_context,no_pose_observation,34560.0,1.33,,1,cam12/e1/v1,
full,03.CCTV Mobile Usage.mkv,632de9ed55947761d56d4c6142a3cb1a1fe69d0b1a6d0e01a2e404c697962623,dfine_native,279967.0,mouse,0.5702,864.84,413.8,891.97,434.92,573.1,27.13,21.12,1.285,False,,True,R-desk,60,evt_S-61_desk_work_surface_0014,fc4c51e482763b48,lap_bag_context,no_pose_observation,34560.0,1.33,,1,cam12/e1/v1,
full,03.CCTV Mobile Usage.mkv,632de9ed55947761d56d4c6142a3cb1a1fe69d0b1a6d0e01a2e404c697962623,dfine_native,279967.0,phone,0.2652,1043.08,422.07,1113.19,474.17,3653.3,70.12,52.1,1.346,False,,True,R-desk,60,evt_S-61_desk_work_surface_0014,fc4c51e482763b48,lap_bag_context,no_pose_observation,34560.0,1.33,,1,cam12/e1/v1,
full,03.CCTV Mobile Usage.mkv,632de9ed55947761d56d4c6142a3cb1a1fe69d0b1a6d0e01a2e404c697962623,dfine_native,279967.0,monitor_or_bezel,0.286,881.36,396.15,949.22,452.58,3829.0,67.86,56.43,1.203,False,,True,R-desk,60,evt_S-61_desk_work_surface_0014,fc4c51e482763b48,lap_bag_context,no_pose_observation,34560.0,1.33,,1,cam12/e1/v1,
full,03.CCTV Mobile Usage.mkv,632de9ed55947761d56d4c6142a3cb1a1fe69d0b1a6d0e01a2e404c697962623,dfine_native,279967.0,unknown_object,0.3304,700.02,396.25,756.22,491.59,5358.3,56.2,95.34,0.59,False,,True,R-desk,60,evt_S-61_desk_work_surface_0014,fc4c51e482763b48,lap_bag_context,no_pose_observation,34560.0,1.33,,1,cam12/e1/v1,
full,03.CCTV Mobile Usage.mkv,632de9ed55947761d56d4c6142a3cb1a1fe69d0b1a6d0e01a2e404c697962623,dfine_native,279967.0,mouse,0.3659,966.92,398.38,992.03,410.56,305.9,25.1,12.19,2.06,False,,True,R-desk,60,evt_S-61_desk_work_surface_0014,fc4c51e482763b48,lap_bag_context,no_pose_observation,34560.0,1.33,,1,cam12/e1/v1,
full,03.CCTV Mobile Usage.mkv,632de9ed55947761d56d4c6142a3cb1a1fe69d0b1a6d0e01a2e404c697962623,dfine_native,279967.0,mouse,0.2785,991.53,400.72,1028.54,413.61,477.1,37.01,12.89,2.871,False,,True,R-desk,60,evt_S-61_desk_work_surface_0014,fc4c51e482763b48,lap_bag_context,no_pose_observation,34560.0,1.33,,1,cam12/e1/v1,
full,03.CCTV Mobile Usage.mkv,632de9ed55947761d56d4c6142a3cb1a1fe69d0b1a6d0e01a2e404c697962623,dfine_native,279967.0,mouse,0.2541,990.77,399.45,1025.64,413.34,484.5,34.88,13.89,2.511,False,,True,R-desk,60,evt_S-61_desk_work_surface_0014,fc4c51e482763b48,lap_bag_context,no_pose_observation,34560.0,1.33,,1,cam12/e1/v1,
full,03.CCTV Mobile Usage.mkv,632de9ed55947761d56d4c6142a3cb1a1fe69d0b1a6d0e01a2e404c697962623,dfine_native,280467.0,keyboard,0.9166,962.16,451.91,1068.04,491.45,4186.5,105.88,39.54,2.678,False,,True,R-desk,60,evt_S-61_desk_work_surface_0014,ee24b459f33e7687,lap_bag_context,no_pose_observation,34560.0,1.33,,1,cam12/e1/v1,
full,03.CCTV Mobile Usage.mkv,632de9ed55947761d56d4c6142a3cb1a1fe69d0b1a6d0e01a2e404c697962623,dfine_native,280467.0,monitor_or_bezel,0.6574,1018.51,395.9,1146.0,448.42,6696.8,127.49,52.53,2.427,False,,True,R-desk,60,evt_S-61_desk_work_surface_0014,ee24b459f33e7687,lap_bag_context,no_pose_observation,34560.0,1.33,,1,cam12/e1/v1,
full,03.CCTV Mobile Usage.mkv,632de9ed55947761d56d4c6142a3cb1a1fe69d0b1a6d0e01a2e404c697962623,dfine_native,280467.0,keyboard,0.5601,802.93,396.28,870.65,420.59,1646.2,67.72,24.31,2.786,False,,True,R-desk,60,evt_S-61_desk_work_surface_0014,ee24b459f33e7687,lap_bag_context,no_pose_observation,34560.0,1.33,,1,cam12/e1/v1,
full,03.CCTV Mobile Usage.mkv,632de9ed55947761d56d4c6142a3cb1a1fe69d0b1a6d0e01a2e404c697962623,dfine_native,280467.0,unknown_object,0.4287,700.29,396.14,857.8,492.19,15130.3,157.51,96.06,1.64,False,,True,R-desk,60,evt_S-61_desk_work_surface_0014,ee24b459f33e7687,lap_bag_context,no_pose_observation,34560.0,1.33,,1,cam12/e1/v1,
full,03.CCTV Mobile Usage.mkv,632de9ed55947761d56d4c6142a3cb1a1fe69d0b1a6d0e01a2e404c697962623,dfine_native,280467.0,monitor_or_bezel,0.3455,1012.51,395.81,1147.49,487.57,12384.7,134.98,91.75,1.471,False,,True,R-desk,60,evt_S-61_desk_work_surface_0014,ee24b459f33e7687,lap_bag_context,no_pose_observation,34560.0,1.33,,1,cam12/e1/v1,
full,03.CCTV Mobile Usage.mkv,632de9ed55947761d56d4c6142a3cb1a1fe69d0b1a6d0e01a2e404c697962623,dfine_native,280467.0,unknown_object,0.3191,700.04,396.11,765.66,491.95,6289.1,65.62,95.84,0.685,False,,True,R-desk,60,evt_S-61_desk_work_surface_0014,ee24b459f33e7687,lap_bag_context,no_pose_observation,34560.0,1.33,,1,cam12/e1/v1,
full,03.CCTV Mobile Usage.mkv,632de9ed55947761d56d4c6142a3cb1a1fe69d0b1a6d0e01a2e404c697962623,dfine_native,280467.0,mouse,0.5699,864.84,413.8,891.97,434.92,573.2,27.14,21.12,1.285,False,,True,R-desk,60,evt_S-61_desk_work_surface_0014,ee24b459f33e7687,lap_bag_context,no_pose_observation,34560.0,1.33,,1,cam12/e1/v1,
full,03.CCTV Mobile Usage.mkv,632de9ed55947761d56d4c6142a3cb1a1fe69d0b1a6d0e01a2e404c697962623,dfine_native,280467.0,phone,0.2651,1043.08,422.07,1113.19,474.18,3653.3,70.11,52.11,1.346,False,,True,R-desk,60,evt_S-61_desk_work_surface_0014,ee24b459f33e7687,lap_bag_context,no_pose_observation,34560.0,1.33,,1,cam12/e1/v1,
full,03.CCTV Mobile Usage.mkv,632de9ed55947761d56d4c6142a3cb1a1fe69d0b1a6d0e01a2e404c697962623,dfine_native,280467.0,monitor_or_bezel,0.2858,881.36,396.15,949.21,452.58,3828.9,67.85,56.43,1.202,False,,True,R-desk,60,evt_S-61_desk_work_surface_0014,ee24b459f33e7687,lap_bag_context,no_pose_observation,34560.0,1.33,,1,cam12/e1/v1,
full,03.CCTV Mobile Usage.mkv,632de9ed55947761d56d4c6142a3cb1a1fe69d0b1a6d0e01a2e404c697962623,dfine_native,280467.0,unknown_object,0.3301,700.02,396.25,756.23,491.6,5358.6,56.2,95.34,0.59,False,,True,R-desk,60,evt_S-61_desk_work_surface_0014,ee24b459f33e7687,lap_bag_context,no_pose_observation,34560.0,1.33,,1,cam12/e1/v1,
full,03.CCTV Mobile Usage.mkv,632de9ed55947761d56d4c6142a3cb1a1fe69d0b1a6d0e01a2e404c697962623,dfine_native,280467.0,mouse,0.3654,966.92,398.38,992.03,410.56,305.9,25.1,12.19,2.06,False,,True,R-desk,60,evt_S-61_desk_work_surface_0014,ee24b459f33e7687,lap_bag_context,no_pose_observation,34560.0,1.33,,1,cam12/e1/v1,
full,03.CCTV Mobile Usage.mkv,632de9ed55947761d56d4c6142a3cb1a1fe69d0b1a6d0e01a2e404c697962623,dfine_native,280467.0,mouse,0.2776,991.54,400.72,1028.54,413.61,477.0,37.0,12.89,2.87,False,,True,R-desk,60,evt_S-61_desk_work_surface_0014,ee24b459f33e7687,lap_bag_context,no_pose_observation,34560.0,1.33,,1,cam12/e1/v1,
full,03.CCTV Mobile Usage.mkv,632de9ed55947761d56d4c6142a3cb1a1fe69d0b1a6d0e01a2e404c697962623,dfine_native,280467.0,mouse,0.2532,990.77,399.45,1025.63,413.34,484.4,34.86,13.9,2.509,False,,True,R-desk,60,evt_S-61_desk_work_surface_0014,ee24b459f33e7687,lap_bag_context,no_pose_observation,34560.0,1.33,,1,cam12/e1/v1,
full,03.CCTV Mobile Usage.mkv,632de9ed55947761d56d4c6142a3cb1a1fe69d0b1a6d0e01a2e404c697962623,dfine_native,280467.0,unknown_object,0.2501,86.94,488.61,202.56,549.9,7085.9,115.62,61.29,1.886,False,,True,S-61,59,evt_S-61_desk_work_surface_0014,f68b1efea9ead5d4,pose_hand_context,,22596.1,4.26,,1,cam12/e1/v1,rtmpose_baseline
full,03.CCTV Mobile Usage.mkv,632de9ed55947761d56d4c6142a3cb1a1fe69d0b1a6d0e01a2e404c697962623,dfine_native,280967.0,unknown_object,0.4425,101.84,394.24,177.42,451.69,4342.7,75.58,57.46,1.315,False,,True,S-61,59,evt_S-61_desk_work_surface_0014,28f256926f17091c,pose_hand_context,,25998.3,3.97,,1,cam12/e1/v1,rtmpose_baseline
full,03.CCTV Mobile Usage.mkv,632de9ed55947761d56d4c6142a3cb1a1fe69d0b1a6d0e01a2e404c697962623,dfine_native,280967.0,unknown_object,0.3618,120.9,394.37,263.02,551.57,22341.1,142.12,157.2,0.904,False,,True,S-61,59,evt_S-61_desk_work_surface_0014,28f256926f17091c,pose_hand_context,,25998.3,3.97,,1,cam12/e1/v1,rtmpose_baseline
full,03.CCTV Mobile Usage.mkv,632de9ed55947761d56d4c6142a3cb1a1fe69d0b1a6d0e01a2e404c697962623,dfine_native,280967.0,unknown_object,0.4509,102.34,489.79,262.46,555.75,10562.1,160.12,65.96,2.427,False,,True,S-61,59,evt_S-61_desk_work_surface_0014,28f256926f17091c,pose_hand_context,,25998.3,3.97,,1,cam12/e1/v1,rtmpose_baseline
full,03.CCTV Mobile Usage.mkv,632de9ed55947761d56d4c6142a3cb1a1fe69d0b1a6d0e01a2e404c697962623,dfine_native,280967.0,unknown_object,0.5113,125.26,447.74,263.05,547.1,13690.0,137.79,99.36,1.387,False,,True,S-61,59,evt_S-61_desk_work_surface_0014,28f256926f17091c,pose_hand_context,,25998.3,3.97,,1,cam12/e1/v1,rtmpose_baseline
full,03.CCTV Mobile Usage.mkv,632de9ed55947761d56d4c6142a3cb1a1fe69d0b1a6d0e01a2e404c697962623,dfine_native,280967.0,unknown_object,0.3411,101.83,394.16,191.0,452.8,5229.7,89.17,58.65,1.521,False,,True,S-61,59,evt_S-61_desk_work_surface_0014,28f256926f17091c,pose_hand_context,,25998.3,3.97,,1,cam12/e1/v1,rtmpose_baseline
full,03.CCTV Mobile Usage.mkv,632de9ed55947761d56d4c6142a3cb1a1fe69d0b1a6d0e01a2e404c697962623,dfine_native,280967.0,unknown_object,0.3174,175.14,394.26,262.95,486.61,8108.8,87.8,92.35,0.951,False,,True,S-61,59,evt_S-61_desk_work_surface_0014,28f256926f17091c,pose_hand_context,,25998.3,3.97,,1,cam12/e1/v1,rtmpose_baseline
full,03.CCTV Mobile Usage.mkv,632de9ed55947761d56d4c6142a3cb1a1fe69d0b1a6d0e01a2e404c697962623,dfine_native,280967.0,unknown_object,0.3314,131.6,394.16,262.94,486.86,12175.7,131.34,92.7,1.417,False,,True,S-61,59,evt_S-61_desk_work_surface_0014,28f256926f17091c,pose_hand_context,,25998.3,3.97,,1,cam12/e1/v1,rtmpose_baseline
full,03.CCTV Mobile Usage.mkv,632de9ed55947761d56d4c6142a3cb1a1fe69d0b1a6d0e01a2e404c697962623,dfine_native,280967.0,unknown_object,0.4874,102.09,394.11,263.02,555.36,25948.6,160.93,161.24,0.998,False,,True,S-61,59,evt_S-61_desk_work_surface_0014,28f256926f17091c,pose_hand_context,,25998.3,3.97,,1,cam12/e1/v1,rtmpose_baseline
full,03.CCTV Mobile Usage.mkv,632de9ed55947761d56d4c6142a3cb1a1fe69d0b1a6d0e01a2e404c697962623,dfine_native,280967.0,unknown_object,0.4105,101.86,394.12,263.05,486.87,14949.8,161.19,92.75,1.738,False,,True,S-61,59,evt_S-61_desk_work_surface_0014,28f256926f17091c,pose_hand_context,,25998.3,3.97,,1,cam12/e1/v1,rtmpose_baseline
full,03.CCTV Mobile Usage.mkv,632de9ed55947761d56d4c6142a3cb1a1fe69d0b1a6d0e01a2e404c697962623,dfine_native,280967.0,unknown_object,0.3435,102.16,440.56,262.66,555.6,18464.4,160.51,115.04,1.395,False,,True,S-61,59,evt_S-61_desk_work_surface_0014,28f256926f17091c,pose_hand_context,,25998.3,3.97,,1,cam12/e1/v1,rtmpose_baseline
full,03.CCTV Mobile Usage.mkv,632de9ed55947761d56d4c6142a3cb1a1fe69d0b1a6d0e01a2e404c697962623,dfine_native,280967.0,unknown_object,0.2708,125.35,394.24,262.99,543.46,20537.9,137.64,149.22,0.922,False,,True,S-61,59,evt_S-61_desk_work_surface_0014,28f256926f17091c,pose_hand_context,,25998.3,3.97,,1,cam12/e1/v1,rtmpose_baseline
full,03.CCTV Mobile Usage.mkv,632de9ed55947761d56d4c6142a3cb1a1fe69d0b1a6d0e01a2e404c697962623,dfine_native,280967.0,keyboard,0.9165,962.16,451.91,1068.04,491.45,4186.5,105.88,39.54,2.678,False,,True,R-desk,60,evt_S-61_desk_work_surface_0014,3ffed760ded7f8a0,lap_bag_context,no_pose_observation,34560.0,1.33,,1,cam12/e1/v1,
full,03.CCTV Mobile Usage.mkv,632de9ed55947761d56d4c6142a3cb1a1fe69d0b1a6d0e01a2e404c697962623,dfine_native,280967.0,monitor_or_bezel,0.6596,1018.49,395.9,1146.01,448.42,6697.0,127.52,52.52,2.428,False,,True,R-desk,60,evt_S-61_desk_work_surface_0014,3ffed760ded7f8a0,lap_bag_context,no_pose_observation,34560.0,1.33,,1,cam12/e1/v1,
full,03.CCTV Mobile Usage.mkv,632de9ed55947761d56d4c6142a3cb1a1fe69d0b1a6d0e01a2e404c697962623,dfine_native,280967.0,keyboard,0.5628,802.93,396.28,870.65,420.59,1646.3,67.73,24.31,2.786,False,,True,R-desk,60,evt_S-61_desk_work_surface_0014,3ffed760ded7f8a0,lap_bag_context,no_pose_observation,34560.0,1.33,,1,cam12/e1/v1,
full,03.CCTV Mobile Usage.mkv,632de9ed55947761d56d4c6142a3cb1a1fe69d0b1a6d0e01a2e404c697962623,dfine_native,280967.0,unknown_object,0.4284,700.29,396.14,857.81,492.19,15130.1,157.52,96.05,1.64,False,,True,R-desk,60,evt_S-61_desk_work_surface_0014,3ffed760ded7f8a0,lap_bag_context,no_pose_observation,34560.0,1.33,,1,cam12/e1/v1,
full,03.CCTV Mobile Usage.mkv,632de9ed55947761d56d4c6142a3cb1a1fe69d0b1a6d0e01a2e404c697962623,dfine_native,280967.0,monitor_or_bezel,0.2502,737.24,395.72,1139.31,491.29,38423.8,402.07,95.56,4.207,False,,True,R-desk,60,evt_S-61_desk_work_surface_0014,3ffed760ded7f8a0,lap_bag_context,no_pose_observation,34560.0,1.33,,1,cam12/e1/v1,
full,03.CCTV Mobile Usage.mkv,632de9ed55947761d56d4c6142a3cb1a1fe69d0b1a6d0e01a2e404c697962623,dfine_native,280967.0,monitor_or_bezel,0.3489,1012.55,395.82,1147.48,487.5,12369.8,134.92,91.68,1.472,False,,True,R-desk,60,evt_S-61_desk_work_surface_0014,3ffed760ded7f8a0,lap_bag_context,no_pose_observation,34560.0,1.33,,1,cam12/e1/v1,
full,03.CCTV Mobile Usage.mkv,632de9ed55947761d56d4c6142a3cb1a1fe69d0b1a6d0e01a2e404c697962623,dfine_native,280967.0,unknown_object,0.3196,700.04,396.11,765.65,491.95,6287.9,65.61,95.84,0.685,False,,True,R-desk,60,evt_S-61_desk_work_surface_0014,3ffed760ded7f8a0,lap_bag_context,no_pose_observation,34560.0,1.33,,1,cam12/e1/v1,
full,03.CCTV Mobile Usage.mkv,632de9ed55947761d56d4c6142a3cb1a1fe69d0b1a6d0e01a2e404c697962623,dfine_native,280967.0,mouse,0.5702,864.84,413.8,891.97,434.92,573.1,27.13,21.12,1.285,False,,True,R-desk,60,evt_S-61_desk_work_surface_0014,3ffed760ded7f8a0,lap_bag_context,no_pose_observation,34560.0,1.33,,1,cam12/e1/v1,
full,03.CCTV Mobile Usage.mkv,632de9ed55947761d56d4c6142a3cb1a1fe69d0b1a6d0e01a2e404c697962623,dfine_native,280967.0,phone,0.2652,1043.08,422.07,1113.19,474.17,3653.3,70.12,52.1,1.346,False,,True,R-desk,60,evt_S-61_desk_work_surface_0014,3ffed760ded7f8a0,lap_bag_context,no_pose_observation,34560.0,1.33,,1,cam12/e1/v1,
full,03.CCTV Mobile Usage.mkv,632de9ed55947761d56d4c6142a3cb1a1fe69d0b1a6d0e01a2e404c697962623,dfine_native,280967.0,monitor_or_bezel,0.286,881.36,396.15,949.22,452.58,3829.0,67.86,56.43,1.203,False,,True,R-desk,60,evt_S-61_desk_work_surface_0014,3ffed760ded7f8a0,lap_bag_context,no_pose_observation,34560.0,1.33,,1,cam12/e1/v1,
full,03.CCTV Mobile Usage.mkv,632de9ed55947761d56d4c6142a3cb1a1fe69d0b1a6d0e01a2e404c697962623,dfine_native,280967.0,unknown_object,0.3304,700.02,396.25,756.22,491.59,5358.3,56.2,95.34,0.59,False,,True,R-desk,60,evt_S-61_desk_work_surface_0014,3ffed760ded7f8a0,lap_bag_context,no_pose_observation,34560.0,1.33,,1,cam12/e1/v1,
full,03.CCTV Mobile Usage.mkv,632de9ed55947761d56d4c6142a3cb1a1fe69d0b1a6d0e01a2e404c697962623,dfine_native,280967.0,mouse,0.3659,966.92,398.38,992.03,410.56,305.9,25.1,12.19,2.06,False,,True,R-desk,60,evt_S-61_desk_work_surface_0014,3ffed760ded7f8a0,lap_bag_context,no_pose_observation,34560.0,1.33,,1,cam12/e1/v1,
full,03.CCTV Mobile Usage.mkv,632de9ed55947761d56d4c6142a3cb1a1fe69d0b1a6d0e01a2e404c697962623,dfine_native,280967.0,mouse,0.2785,991.53,400.72,1028.54,413.61,477.1,37.01,12.89,2.871,False,,True,R-desk,60,evt_S-61_desk_work_surface_0014,3ffed760ded7f8a0,lap_bag_context,no_pose_observation,34560.0,1.33,,1,cam12/e1/v1,
full,03.CCTV Mobile Usage.mkv,632de9ed55947761d56d4c6142a3cb1a1fe69d0b1a6d0e01a2e404c697962623,dfine_native,280967.0,mouse,0.2541,990.77,399.45,1025.64,413.34,484.5,34.88,13.89,2.511,False,,True,R-desk,60,evt_S-61_desk_work_surface_0014,3ffed760ded7f8a0,lap_bag_context,no_pose_observation,34560.0,1.33,,1,cam12/e1/v1,
full,03.CCTV Mobile Usage.mkv,632de9ed55947761d56d4c6142a3cb1a1fe69d0b1a6d0e01a2e404c697962623,dfine_native,281467.0,keyboard,0.9164,962.16,451.91,1068.04,491.45,4186.5,105.88,39.54,2.678,False,,True,R-desk,60,evt_S-61_desk_work_surface_0014,79372baebdaec1bf,lap_bag_context,no_pose_observation,34560.0,1.33,,1,cam12/e1/v1,
full,03.CCTV Mobile Usage.mkv,632de9ed55947761d56d4c6142a3cb1a1fe69d0b1a6d0e01a2e404c697962623,dfine_native,281467.0,monitor_or_bezel,0.6596,1018.5,395.9,1146.01,448.41,6695.7,127.51,52.51,2.428,False,,True,R-desk,60,evt_S-61_desk_work_surface_0014,79372baebdaec1bf,lap_bag_context,no_pose_observation,34560.0,1.33,,1,cam12/e1/v1,
full,03.CCTV Mobile Usage.mkv,632de9ed55947761d56d4c6142a3cb1a1fe69d0b1a6d0e01a2e404c697962623,dfine_native,281467.0,keyboard,0.5642,802.93,396.28,870.65,420.59,1646.3,67.73,24.31,2.786,False,,True,R-desk,60,evt_S-61_desk_work_surface_0014,79372baebdaec1bf,lap_bag_context,no_pose_observation,34560.0,1.33,,1,cam12/e1/v1,
full,03.CCTV Mobile Usage.mkv,632de9ed55947761d56d4c6142a3cb1a1fe69d0b1a6d0e01a2e404c697962623,dfine_native,281467.0,unknown_object,0.4282,700.29,396.14,857.81,492.19,15130.2,157.52,96.06,1.64,False,,True,R-desk,60,evt_S-61_desk_work_surface_0014,79372baebdaec1bf,lap_bag_context,no_pose_observation,34560.0,1.33,,1,cam12/e1/v1,
full,03.CCTV Mobile Usage.mkv,632de9ed55947761d56d4c6142a3cb1a1fe69d0b1a6d0e01a2e404c697962623,dfine_native,281467.0,monitor_or_bezel,0.3505,1012.6,395.82,1147.47,487.48,12362.0,134.88,91.65,1.472,False,,True,R-desk,60,evt_S-61_desk_work_surface_0014,79372baebdaec1bf,lap_bag_context,no_pose_observation,34560.0,1.33,,1,cam12/e1/v1,
full,03.CCTV Mobile Usage.mkv,632de9ed55947761d56d4c6142a3cb1a1fe69d0b1a6d0e01a2e404c697962623,dfine_native,281467.0,unknown_object,0.3197,700.04,396.11,765.65,491.95,6288.4,65.61,95.84,0.685,False,,True,R-desk,60,evt_S-61_desk_work_surface_0014,79372baebdaec1bf,lap_bag_context,no_pose_observation,34560.0,1.33,,1,cam12/e1/v1,
full,03.CCTV Mobile Usage.mkv,632de9ed55947761d56d4c6142a3cb1a1fe69d0b1a6d0e01a2e404c697962623,dfine_native,281467.0,mouse,0.5708,864.84,413.8,891.97,434.92,573.0,27.13,21.12,1.285,False,,True,R-desk,60,evt_S-61_desk_work_surface_0014,79372baebdaec1bf,lap_bag_context,no_pose_observation,34560.0,1.33,,1,cam12/e1/v1,
full,03.CCTV Mobile Usage.mkv,632de9ed55947761d56d4c6142a3cb1a1fe69d0b1a6d0e01a2e404c697962623,dfine_native,281467.0,phone,0.2651,1043.08,422.07,1113.19,474.17,3653.2,70.12,52.1,1.346,False,,True,R-desk,60,evt_S-61_desk_work_surface_0014,79372baebdaec1bf,lap_bag_context,no_pose_observation,34560.0,1.33,,1,cam12/e1/v1,
full,03.CCTV Mobile Usage.mkv,632de9ed55947761d56d4c6142a3cb1a1fe69d0b1a6d0e01a2e404c697962623,dfine_native,281467.0,monitor_or_bezel,0.2862,881.36,396.15,949.22,452.58,3829.1,67.86,56.43,1.203,False,,True,R-desk,60,evt_S-61_desk_work_surface_0014,79372baebdaec1bf,lap_bag_context,no_pose_observation,34560.0,1.33,,1,cam12/e1/v1,
full,03.CCTV Mobile Usage.mkv,632de9ed55947761d56d4c6142a3cb1a1fe69d0b1a6d0e01a2e404c697962623,dfine_native,281467.0,unknown_object,0.3305,700.02,396.25,756.23,491.59,5358.4,56.2,95.34,0.59,False,,True,R-desk,60,evt_S-61_desk_work_surface_0014,79372baebdaec1bf,lap_bag_context,no_pose_observation,34560.0,1.33,,1,cam12/e1/v1,
full,03.CCTV Mobile Usage.mkv,632de9ed55947761d56d4c6142a3cb1a1fe69d0b1a6d0e01a2e404c697962623,dfine_native,281467.0,mouse,0.3668,966.92,398.38,992.03,410.56,305.9,25.1,12.18,2.06,False,,True,R-desk,60,evt_S-61_desk_work_surface_0014,79372baebdaec1bf,lap_bag_context,no_pose_observation,34560.0,1.33,,1,cam12/e1/v1,
full,03.CCTV Mobile Usage.mkv,632de9ed55947761d56d4c6142a3cb1a1fe69d0b1a6d0e01a2e404c697962623,dfine_native,281467.0,mouse,0.2792,991.54,400.72,1028.54,413.61,477.0,37.0,12.89,2.871,False,,True,R-desk,60,evt_S-61_desk_work_surface_0014,79372baebdaec1bf,lap_bag_context,no_pose_observation,34560.0,1.33,,1,cam12/e1/v1,
full,03.CCTV Mobile Usage.mkv,632de9ed55947761d56d4c6142a3cb1a1fe69d0b1a6d0e01a2e404c697962623,dfine_native,281467.0,mouse,0.2547,990.77,399.45,1025.65,413.34,484.3,34.88,13.89,2.512,False,,True,R-desk,60,evt_S-61_desk_work_surface_0014,79372baebdaec1bf,lap_bag_context,no_pose_observation,34560.0,1.33,,1,cam12/e1/v1,
full,03.CCTV Mobile Usage.mkv,632de9ed55947761d56d4c6142a3cb1a1fe69d0b1a6d0e01a2e404c697962623,dfine_native,281467.0,monitor_or_bezel,0.5754,124.99,444.19,252.28,636.85,24525.0,127.3,192.66,0.661,False,,True,S-61,59,evt_S-61_desk_work_surface_0014,99079c30567159a2,pose_hand_context,,37473.2,3.31,,1,cam12/e1/v1,rtmpose_baseline
full,03.CCTV Mobile Usage.mkv,632de9ed55947761d56d4c6142a3cb1a1fe69d0b1a6d0e01a2e404c697962623,dfine_native,281467.0,keyboard,0.285,125.01,444.44,216.29,618.55,15892.3,91.28,174.1,0.524,False,,True,S-61,59,evt_S-61_desk_work_surface_0014,99079c30567159a2,pose_hand_context,,37473.2,3.31,,1,cam12/e1/v1,rtmpose_baseline
full,03.CCTV Mobile Usage.mkv,632de9ed55947761d56d4c6142a3cb1a1fe69d0b1a6d0e01a2e404c697962623,dfine_sahi,9700.0,bag,0.4774,180.55,260.2,247.49,279.89,1318.6,66.94,19.7,3.398,False,,True,S-61,2,evt_S-61_desk_work_surface_0001,221f3c51e350e5d4,pose_hand_context,,17977.4,4.77,,1,cam12/e1/v1,rtmpose_baseline
full,03.CCTV Mobile Usage.mkv,632de9ed55947761d56d4c6142a3cb1a1fe69d0b1a6d0e01a2e404c697962623,dfine_sahi,9700.0,unknown_object,0.4734,121.02,125.36,189.27,219.43,6418.9,68.24,94.06,0.726,False,,True,S-61,2,evt_S-61_desk_work_surface_0001,221f3c51e350e5d4,pose_hand_context,,17977.4,4.77,,1,cam12/e1/v1,rtmpose_baseline
full,03.CCTV Mobile Usage.mkv,632de9ed55947761d56d4c6142a3cb1a1fe69d0b1a6d0e01a2e404c697962623,dfine_sahi,9700.0,unknown_object,0.4027,203.19,184.08,272.12,216.33,2222.9,68.93,32.25,2.137,False,,True,S-61,2,evt_S-61_desk_work_surface_0001,221f3c51e350e5d4,pose_hand_context,,17977.4,4.77,,1,cam12/e1/v1,rtmpose_baseline
full,03.CCTV Mobile Usage.mkv,632de9ed55947761d56d4c6142a3cb1a1fe69d0b1a6d0e01a2e404c697962623,dfine_sahi,9700.0,monitor_or_bezel,0.3828,121.01,125.06,164.34,150.09,1084.3,43.33,25.03,1.731,False,,True,S-61,2,evt_S-61_desk_work_surface_0001,221f3c51e350e5d4,pose_hand_context,,17977.4,4.77,,1,cam12/e1/v1,rtmpose_baseline
full,03.CCTV Mobile Usage.mkv,632de9ed55947761d56d4c6142a3cb1a1fe69d0b1a6d0e01a2e404c697962623,dfine_sahi,9700.0,unknown_object,0.3583,203.53,191.56,224.54,213.0,450.7,21.02,21.44,0.98,False,,True,S-61,2,evt_S-61_desk_work_surface_0001,221f3c51e350e5d4,pose_hand_context,,17977.4,4.77,,1,cam12/e1/v1,rtmpose_baseline
full,03.CCTV Mobile Usage.mkv,632de9ed55947761d56d4c6142a3cb1a1fe69d0b1a6d0e01a2e404c697962623,dfine_sahi,9700.0,unknown_object,0.3504,190.18,201.26,208.79,264.56,1178.5,18.62,63.3,0.294,False,,True,S-61,2,evt_S-61_desk_work_surface_0001,221f3c51e350e5d4,pose_hand_context,,17977.4,4.77,,1,cam12/e1/v1,rtmpose_baseline
full,03.CCTV Mobile Usage.mkv,632de9ed55947761d56d4c6142a3cb1a1fe69d0b1a6d0e01a2e404c697962623,dfine_sahi,9700.0,unknown_object,0.3363,190.66,125.13,216.96,203.1,2050.4,26.3,77.97,0.337,False,,True,S-61,2,evt_S-61_desk_work_surface_0001,221f3c51e350e5d4,pose_hand_context,,17977.4,4.77,,1,cam12/e1/v1,rtmpose_baseline
full,03.CCTV Mobile Usage.mkv,632de9ed55947761d56d4c6142a3cb1a1fe69d0b1a6d0e01a2e404c697962623,dfine_sahi,9700.0,unknown_object,0.3292,158.48,187.9,181.62,208.97,487.6,23.14,21.07,1.098,False,,True,S-61,2,evt_S-61_desk_work_surface_0001,221f3c51e350e5d4,pose_hand_context,,17977.4,4.77,,1,cam12/e1/v1,rtmpose_baseline
full,03.CCTV Mobile Usage.mkv,632de9ed55947761d56d4c6142a3cb1a1fe69d0b1a6d0e01a2e404c697962623,dfine_sahi,9700.0,unknown_object,0.2938,191.45,223.19,207.7,239.94,272.2,16.25,16.75,0.97,False,,True,S-61,2,evt_S-61_desk_work_surface_0001,221f3c51e350e5d4,pose_hand_context,,17977.4,4.77,,1,cam12/e1/v1,rtmpose_baseline
full,03.CCTV Mobile Usage.mkv,632de9ed55947761d56d4c6142a3cb1a1fe69d0b1a6d0e01a2e404c697962623,dfine_sahi,9700.0,stationery,0.2724,203.21,169.66,265.51,216.53,2920.0,62.29,46.88,1.329,False,,True,S-61,2,evt_S-61_desk_work_surface_0001,221f3c51e350e5d4,pose_hand_context,,17977.4,4.77,,1,cam12/e1/v1,rtmpose_baseline
full,03.CCTV Mobile Usage.mkv,632de9ed55947761d56d4c6142a3cb1a1fe69d0b1a6d0e01a2e404c697962623,dfine_sahi,9700.0,unknown_object,0.2627,121.09,190.72,216.99,220.91,2894.6,95.9,30.18,3.177,False,,True,S-61,2,evt_S-61_desk_work_surface_0001,221f3c51e350e5d4,pose_hand_context,,17977.4,4.77,,1,cam12/e1/v1,rtmpose_baseline
full,03.CCTV Mobile Usage.mkv,632de9ed55947761d56d4c6142a3cb1a1fe69d0b1a6d0e01a2e404c697962623,dfine_sahi,9700.0,unknown_object,0.2621,190.21,191.7,208.59,220.59,531.2,18.38,28.89,0.636,False,,True,S-61,2,evt_S-61_desk_work_surface_0001,221f3c51e350e5d4,pose_hand_context,,17977.4,4.77,,1,cam12/e1/v1,rtmpose_baseline
full,03.CCTV Mobile Usage.mkv,632de9ed55947761d56d4c6142a3cb1a1fe69d0b1a6d0e01a2e404c697962623,dfine_sahi,9700.0,unknown_object,0.2558,227.36,125.11,269.48,180.41,2329.3,42.12,55.3,0.762,False,,True,S-61,2,evt_S-61_desk_work_surface_0001,221f3c51e350e5d4,pose_hand_context,,17977.4,4.77,,1,cam12/e1/v1,rtmpose_baseline
full,03.CCTV Mobile Usage.mkv,632de9ed55947761d56d4c6142a3cb1a1fe69d0b1a6d0e01a2e404c697962623,dfine_sahi,9700.0,keyboard,0.9035,962.11,451.94,1068.0,491.44,4182.8,105.88,39.5,2.68,False,,True,R-desk,3,evt_S-61_desk_work_surface_0001,aa2a91065abbd7fe,lap_bag_context,no_pose_observation,34560.0,1.33,,1,cam12/e1/v1,
full,03.CCTV Mobile Usage.mkv,632de9ed55947761d56d4c6142a3cb1a1fe69d0b1a6d0e01a2e404c697962623,dfine_sahi,9700.0,monitor_or_bezel,0.7337,910.07,411.23,1140.98,506.33,21958.7,230.91,95.1,2.428,False,,True,R-desk,3,evt_S-61_desk_work_surface_0001,aa2a91065abbd7fe,lap_bag_context,no_pose_observation,34560.0,1.33,,1,cam12/e1/v1,
full,03.CCTV Mobile Usage.mkv,632de9ed55947761d56d4c6142a3cb1a1fe69d0b1a6d0e01a2e404c697962623,dfine_sahi,9700.0,phone,0.6948,1043.44,421.36,1112.88,474.29,3675.6,69.44,52.93,1.312,False,,True,R-desk,3,evt_S-61_desk_work_surface_0001,aa2a91065abbd7fe,lap_bag_context,no_pose_observation,34560.0,1.33,,1,cam12/e1/v1,
full,03.CCTV Mobile Usage.mkv,632de9ed55947761d56d4c6142a3cb1a1fe69d0b1a6d0e01a2e404c697962623,dfine_sahi,9700.0,monitor_or_bezel,0.6863,963.26,380.45,1152.65,474.95,17898.4,189.39,94.5,2.004,False,,True,R-desk,3,evt_S-61_desk_work_surface_0001,aa2a91065abbd7fe,lap_bag_context,no_pose_observation,34560.0,1.33,,1,cam12/e1/v1,
full,03.CCTV Mobile Usage.mkv,632de9ed55947761d56d4c6142a3cb1a1fe69d0b1a6d0e01a2e404c697962623,dfine_sahi,9700.0,keyboard,0.6478,962.83,452.29,1034.66,475.54,1669.9,71.82,23.25,3.089,False,,True,R-desk,3,evt_S-61_desk_work_surface_0001,aa2a91065abbd7fe,lap_bag_context,no_pose_observation,34560.0,1.33,,1,cam12/e1/v1,
full,03.CCTV Mobile Usage.mkv,632de9ed55947761d56d4c6142a3cb1a1fe69d0b1a6d0e01a2e404c697962623,dfine_sahi,9700.0,monitor_or_bezel,0.6474,709.36,379.91,969.63,474.88,24718.8,260.27,94.97,2.74,False,,True,R-desk,3,evt_S-61_desk_work_surface_0001,aa2a91065abbd7fe,lap_bag_context,no_pose_observation,34560.0,1.33,,1,cam12/e1/v1,
full,03.CCTV Mobile Usage.mkv,632de9ed55947761d56d4c6142a3cb1a1fe69d0b1a6d0e01a2e404c697962623,dfine_sahi,9700.0,monitor_or_bezel,0.6032,1018.64,395.69,1145.25,447.3,6534.0,126.61,51.61,2.453,False,,True,R-desk,3,evt_S-61_desk_work_surface_0001,aa2a91065abbd7fe,lap_bag_context,no_pose_observation,34560.0,1.33,,1,cam12/e1/v1,
full,03.CCTV Mobile Usage.mkv,632de9ed55947761d56d4c6142a3cb1a1fe69d0b1a6d0e01a2e404c697962623,dfine_sahi,9700.0,keyboard,0.5917,772.29,380.2,870.83,420.35,3956.6,98.54,40.15,2.454,False,,True,R-desk,3,evt_S-61_desk_work_surface_0001,aa2a91065abbd7fe,lap_bag_context,no_pose_observation,34560.0,1.33,,1,cam12/e1/v1,
full,03.CCTV Mobile Usage.mkv,632de9ed55947761d56d4c6142a3cb1a1fe69d0b1a6d0e01a2e404c697962623,dfine_sahi,9700.0,unknown_object,0.5792,699.91,411.27,871.8,506.27,16329.4,171.9,95.0,1.81,False,,True,R-desk,3,evt_S-61_desk_work_surface_0001,aa2a91065abbd7fe,lap_bag_context,no_pose_observation,34560.0,1.33,,1,cam12/e1/v1,
full,03.CCTV Mobile Usage.mkv,632de9ed55947761d56d4c6142a3cb1a1fe69d0b1a6d0e01a2e404c697962623,dfine_sahi,9700.0,mouse,0.5184,864.74,413.84,892.29,435.32,591.6,27.54,21.48,1.282,False,,True,R-desk,3,evt_S-61_desk_work_surface_0001,aa2a91065abbd7fe,lap_bag_context,no_pose_observation,34560.0,1.33,,1,cam12/e1/v1,
full,03.CCTV Mobile Usage.mkv,632de9ed55947761d56d4c6142a3cb1a1fe69d0b1a6d0e01a2e404c697962623,dfine_sahi,9700.0,unknown_object,0.4968,769.11,410.99,969.85,505.83,19037.5,200.74,94.84,2.117,False,,True,R-desk,3,evt_S-61_desk_work_surface_0001,aa2a91065abbd7fe,lap_bag_context,no_pose_observation,34560.0,1.33,,1,cam12/e1/v1,
full,03.CCTV Mobile Usage.mkv,632de9ed55947761d56d4c6142a3cb1a1fe69d0b1a6d0e01a2e404c697962623,dfine_sahi,9700.0,keyboard,0.4761,802.25,396.25,870.72,420.71,1674.8,68.47,24.46,2.799,False,,True,R-desk,3,evt_S-61_desk_work_surface_0001,aa2a91065abbd7fe,lap_bag_context,no_pose_observation,34560.0,1.33,,1,cam12/e1/v1,
full,03.CCTV Mobile Usage.mkv,632de9ed55947761d56d4c6142a3cb1a1fe69d0b1a6d0e01a2e404c697962623,dfine_sahi,9700.0,unknown_object,0.3775,699.98,396.11,771.33,491.82,6829.3,71.35,95.71,0.746,False,,True,R-desk,3,evt_S-61_desk_work_surface_0001,aa2a91065abbd7fe,lap_bag_context,no_pose_observation,34560.0,1.33,,1,cam12/e1/v1,
full,03.CCTV Mobile Usage.mkv,632de9ed55947761d56d4c6142a3cb1a1fe69d0b1a6d0e01a2e404c697962623,dfine_sahi,9700.0,keyboard,0.3239,910.12,411.73,1092.28,506.24,17216.6,182.16,94.51,1.927,False,,True,R-desk,3,evt_S-61_desk_work_surface_0001,aa2a91065abbd7fe,lap_bag_context,no_pose_observation,34560.0,1.33,,1,cam12/e1/v1,
full,03.CCTV Mobile Usage.mkv,632de9ed55947761d56d4c6142a3cb1a1fe69d0b1a6d0e01a2e404c697962623,dfine_sahi,9700.0,unknown_object,0.2788,881.54,411.13,933.06,452.89,2151.5,51.52,41.76,1.234,False,,True,R-desk,3,evt_S-61_desk_work_surface_0001,aa2a91065abbd7fe,lap_bag_context,no_pose_observation,34560.0,1.33,,1,cam12/e1/v1,
full,03.CCTV Mobile Usage.mkv,632de9ed55947761d56d4c6142a3cb1a1fe69d0b1a6d0e01a2e404c697962623,dfine_sahi,9700.0,mouse,0.278,967.15,398.42,992.01,410.59,302.6,24.86,12.17,2.042,False,,True,R-desk,3,evt_S-61_desk_work_surface_0001,aa2a91065abbd7fe,lap_bag_context,no_pose_observation,34560.0,1.33,,1,cam12/e1/v1,
full,03.CCTV Mobile Usage.mkv,632de9ed55947761d56d4c6142a3cb1a1fe69d0b1a6d0e01a2e404c697962623,dfine_sahi,9700.0,unknown_object,0.2718,700.04,380.32,839.49,475.37,13253.4,139.45,95.04,1.467,False,,True,R-desk,3,evt_S-61_desk_work_surface_0001,aa2a91065abbd7fe,lap_bag_context,no_pose_observation,34560.0,1.33,,1,cam12/e1/v1,
full,03.CCTV Mobile Usage.mkv,632de9ed55947761d56d4c6142a3cb1a1fe69d0b1a6d0e01a2e404c697962623,dfine_sahi,9700.0,monitor_or_bezel,0.2681,881.36,396.18,948.1,452.48,3757.9,66.74,56.3,1.185,False,,True,R-desk,3,evt_S-61_desk_work_surface_0001,aa2a91065abbd7fe,lap_bag_context,no_pose_observation,34560.0,1.33,,1,cam12/e1/v1,
full,03.CCTV Mobile Usage.mkv,632de9ed55947761d56d4c6142a3cb1a1fe69d0b1a6d0e01a2e404c697962623,dfine_sahi,9700.0,mouse,0.2529,991.28,400.93,1028.29,413.57,467.7,37.01,12.63,2.929,False,,True,R-desk,3,evt_S-61_desk_work_surface_0001,aa2a91065abbd7fe,lap_bag_context,no_pose_observation,34560.0,1.33,,1,cam12/e1/v1,
full,03.CCTV Mobile Usage.mkv,632de9ed55947761d56d4c6142a3cb1a1fe69d0b1a6d0e01a2e404c697962623,dfine_sahi,9700.0,keyboard,0.9035,962.11,451.94,1068.0,491.44,4182.8,105.88,39.5,2.68,False,,True,R-desk,4,evt_S-61_desk_work_surface_0001,aa2a91065abbd7fe,lap_bag_context,no_pose_observation,34560.0,1.33,,1,cam12/e1/v1,
full,03.CCTV Mobile Usage.mkv,632de9ed55947761d56d4c6142a3cb1a1fe69d0b1a6d0e01a2e404c697962623,dfine_sahi,9700.0,monitor_or_bezel,0.7337,910.07,411.23,1140.98,506.33,21958.7,230.91,95.1,2.428,False,,True,R-desk,4,evt_S-61_desk_work_surface_0001,aa2a91065abbd7fe,lap_bag_context,no_pose_observation,34560.0,1.33,,1,cam12/e1/v1,
full,03.CCTV Mobile Usage.mkv,632de9ed55947761d56d4c6142a3cb1a1fe69d0b1a6d0e01a2e404c697962623,dfine_sahi,9700.0,phone,0.6948,1043.44,421.36,1112.88,474.29,3675.6,69.44,52.93,1.312,False,,True,R-desk,4,evt_S-61_desk_work_surface_0001,aa2a91065abbd7fe,lap_bag_context,no_pose_observation,34560.0,1.33,,1,cam12/e1/v1,
full,03.CCTV Mobile Usage.mkv,632de9ed55947761d56d4c6142a3cb1a1fe69d0b1a6d0e01a2e404c697962623,dfine_sahi,9700.0,monitor_or_bezel,0.6863,963.26,380.45,1152.65,474.95,17898.4,189.39,94.5,2.004,False,,True,R-desk,4,evt_S-61_desk_work_surface_0001,aa2a91065abbd7fe,lap_bag_context,no_pose_observation,34560.0,1.33,,1,cam12/e1/v1,
full,03.CCTV Mobile Usage.mkv,632de9ed55947761d56d4c6142a3cb1a1fe69d0b1a6d0e01a2e404c697962623,dfine_sahi,9700.0,keyboard,0.6478,962.83,452.29,1034.66,475.54,1669.9,71.82,23.25,3.089,False,,True,R-desk,4,evt_S-61_desk_work_surface_0001,aa2a91065abbd7fe,lap_bag_context,no_pose_observation,34560.0,1.33,,1,cam12/e1/v1,
full,03.CCTV Mobile Usage.mkv,632de9ed55947761d56d4c6142a3cb1a1fe69d0b1a6d0e01a2e404c697962623,dfine_sahi,9700.0,monitor_or_bezel,0.6474,709.36,379.91,969.63,474.88,24718.8,260.27,94.97,2.74,False,,True,R-desk,4,evt_S-61_desk_work_surface_0001,aa2a91065abbd7fe,lap_bag_context,no_pose_observation,34560.0,1.33,,1,cam12/e1/v1,
full,03.CCTV Mobile Usage.mkv,632de9ed55947761d56d4c6142a3cb1a1fe69d0b1a6d0e01a2e404c697962623,dfine_sahi,9700.0,monitor_or_bezel,0.6032,1018.64,395.69,1145.25,447.3,6534.0,126.61,51.61,2.453,False,,True,R-desk,4,evt_S-61_desk_work_surface_0001,aa2a91065abbd7fe,lap_bag_context,no_pose_observation,34560.0,1.33,,1,cam12/e1/v1,
full,03.CCTV Mobile Usage.mkv,632de9ed55947761d56d4c6142a3cb1a1fe69d0b1a6d0e01a2e404c697962623,dfine_sahi,9700.0,keyboard,0.5917,772.29,380.2,870.83,420.35,3956.6,98.54,40.15,2.454,False,,True,R-desk,4,evt_S-61_desk_work_surface_0001,aa2a91065abbd7fe,lap_bag_context,no_pose_observation,34560.0,1.33,,1,cam12/e1/v1,
full,03.CCTV Mobile Usage.mkv,632de9ed55947761d56d4c6142a3cb1a1fe69d0b1a6d0e01a2e404c697962623,dfine_sahi,9700.0,unknown_object,0.5792,699.91,411.27,871.8,506.27,16329.4,171.9,95.0,1.81,False,,True,R-desk,4,evt_S-61_desk_work_surface_0001,aa2a91065abbd7fe,lap_bag_context,no_pose_observation,34560.0,1.33,,1,cam12/e1/v1,
full,03.CCTV Mobile Usage.mkv,632de9ed55947761d56d4c6142a3cb1a1fe69d0b1a6d0e01a2e404c697962623,dfine_sahi,9700.0,mouse,0.5184,864.74,413.84,892.29,435.32,591.6,27.54,21.48,1.282,False,,True,R-desk,4,evt_S-61_desk_work_surface_0001,aa2a91065abbd7fe,lap_bag_context,no_pose_observation,34560.0,1.33,,1,cam12/e1/v1,
full,03.CCTV Mobile Usage.mkv,632de9ed55947761d56d4c6142a3cb1a1fe69d0b1a6d0e01a2e404c697962623,dfine_sahi,9700.0,unknown_object,0.4968,769.11,410.99,969.85,505.83,19037.5,200.74,94.84,2.117,False,,True,R-desk,4,evt_S-61_desk_work_surface_0001,aa2a91065abbd7fe,lap_bag_context,no_pose_observation,34560.0,1.33,,1,cam12/e1/v1,
full,03.CCTV Mobile Usage.mkv,632de9ed55947761d56d4c6142a3cb1a1fe69d0b1a6d0e01a2e404c697962623,dfine_sahi,9700.0,keyboard,0.4761,802.25,396.25,870.72,420.71,1674.8,68.47,24.46,2.799,False,,True,R-desk,4,evt_S-61_desk_work_surface_0001,aa2a91065abbd7fe,lap_bag_context,no_pose_observation,34560.0,1.33,,1,cam12/e1/v1,
full,03.CCTV Mobile Usage.mkv,632de9ed55947761d56d4c6142a3cb1a1fe69d0b1a6d0e01a2e404c697962623,dfine_sahi,9700.0,unknown_object,0.3775,699.98,396.11,771.33,491.82,6829.3,71.35,95.71,0.746,False,,True,R-desk,4,evt_S-61_desk_work_surface_0001,aa2a91065abbd7fe,lap_bag_context,no_pose_observation,34560.0,1.33,,1,cam12/e1/v1,
full,03.CCTV Mobile Usage.mkv,632de9ed55947761d56d4c6142a3cb1a1fe69d0b1a6d0e01a2e404c697962623,dfine_sahi,9700.0,keyboard,0.3239,910.12,411.73,1092.28,506.24,17216.6,182.16,94.51,1.927,False,,True,R-desk,4,evt_S-61_desk_work_surface_0001,aa2a91065abbd7fe,lap_bag_context,no_pose_observation,34560.0,1.33,,1,cam12/e1/v1,
full,03.CCTV Mobile Usage.mkv,632de9ed55947761d56d4c6142a3cb1a1fe69d0b1a6d0e01a2e404c697962623,dfine_sahi,9700.0,unknown_object,0.2788,881.54,411.13,933.06,452.89,2151.5,51.52,41.76,1.234,False,,True,R-desk,4,evt_S-61_desk_work_surface_0001,aa2a91065abbd7fe,lap_bag_context,no_pose_observation,34560.0,1.33,,1,cam12/e1/v1,
full,03.CCTV Mobile Usage.mkv,632de9ed55947761d56d4c6142a3cb1a1fe69d0b1a6d0e01a2e404c697962623,dfine_sahi,9700.0,mouse,0.278,967.15,398.42,992.01,410.59,302.6,24.86,12.17,2.042,False,,True,R-desk,4,evt_S-61_desk_work_surface_0001,aa2a91065abbd7fe,lap_bag_context,no_pose_observation,34560.0,1.33,,1,cam12/e1/v1,
full,03.CCTV Mobile Usage.mkv,632de9ed55947761d56d4c6142a3cb1a1fe69d0b1a6d0e01a2e404c697962623,dfine_sahi,9700.0,unknown_object,0.2718,700.04,380.32,839.49,475.37,13253.4,139.45,95.04,1.467,False,,True,R-desk,4,evt_S-61_desk_work_surface_0001,aa2a91065abbd7fe,lap_bag_context,no_pose_observation,34560.0,1.33,,1,cam12/e1/v1,
full,03.CCTV Mobile Usage.mkv,632de9ed55947761d56d4c6142a3cb1a1fe69d0b1a6d0e01a2e404c697962623,dfine_sahi,9700.0,monitor_or_bezel,0.2681,881.36,396.18,948.1,452.48,3757.9,66.74,56.3,1.185,False,,True,R-desk,4,evt_S-61_desk_work_surface_0001,aa2a91065abbd7fe,lap_bag_context,no_pose_observation,34560.0,1.33,,1,cam12/e1/v1,
full,03.CCTV Mobile Usage.mkv,632de9ed55947761d56d4c6142a3cb1a1fe69d0b1a6d0e01a2e404c697962623,dfine_sahi,9700.0,mouse,0.2529,991.28,400.93,1028.29,413.57,467.7,37.01,12.63,2.929,False,,True,R-desk,4,evt_S-61_desk_work_surface_0001,aa2a91065abbd7fe,lap_bag_context,no_pose_observation,34560.0,1.33,,1,cam12/e1/v1,
full,03.CCTV Mobile Usage.mkv,632de9ed55947761d56d4c6142a3cb1a1fe69d0b1a6d0e01a2e404c697962623,dfine_sahi,9700.0,unknown_object,0.6518,160.07,510.19,255.94,605.44,9132.4,95.87,95.25,1.006,False,,True,S-61,1,evt_S-61_desk_work_surface_0001,d142004b4e59ec48,pose_hand_context,,20713.0,4.45,,1,cam12/e1/v1,rtmpose_baseline
full,03.CCTV Mobile Usage.mkv,632de9ed55947761d56d4c6142a3cb1a1fe69d0b1a6d0e01a2e404c697962623,dfine_sahi,9700.0,unknown_object,0.5446,167.23,478.71,235.77,522.61,3009.5,68.54,43.91,1.561,False,,True,S-61,1,evt_S-61_desk_work_surface_0001,d142004b4e59ec48,pose_hand_context,,20713.0,4.45,,1,cam12/e1/v1,rtmpose_baseline
full,03.CCTV Mobile Usage.mkv,632de9ed55947761d56d4c6142a3cb1a1fe69d0b1a6d0e01a2e404c697962623,dfine_sahi,9700.0,unknown_object,0.352,159.99,502.92,255.98,542.77,3825.7,95.99,39.85,2.409,False,,True,S-61,1,evt_S-61_desk_work_surface_0001,d142004b4e59ec48,pose_hand_context,,20713.0,4.45,,1,cam12/e1/v1,rtmpose_baseline
full,03.CCTV Mobile Usage.mkv,632de9ed55947761d56d4c6142a3cb1a1fe69d0b1a6d0e01a2e404c697962623,dfine_sahi,9700.0,unknown_object,0.3168,97.01,510.07,192.96,605.63,9169.9,95.95,95.57,1.004,False,,True,S-61,1,evt_S-61_desk_work_surface_0001,d142004b4e59ec48,pose_hand_context,,20713.0,4.45,,1,cam12/e1/v1,rtmpose_baseline
full,03.CCTV Mobile Usage.mkv,632de9ed55947761d56d4c6142a3cb1a1fe69d0b1a6d0e01a2e404c697962623,dfine_sahi,10200.0,unknown_object,0.4725,163.36,180.6,184.49,206.2,541.2,21.14,25.6,0.826,False,,True,S-61,2,evt_S-61_desk_work_surface_0001,3ca57fae345726aa,pose_hand_context,,19605.6,4.57,,1,cam12/e1/v1,rtmpose_baseline
full,03.CCTV Mobile Usage.mkv,632de9ed55947761d56d4c6142a3cb1a1fe69d0b1a6d0e01a2e404c697962623,dfine_sahi,10200.0,bag,0.4527,182.8,261.1,259.26,295.64,2640.9,76.46,34.54,2.214,False,,True,S-61,2,evt_S-61_desk_work_surface_0001,3ca57fae345726aa,pose_hand_context,,19605.6,4.57,,1,cam12/e1/v1,rtmpose_baseline
full,03.CCTV Mobile Usage.mkv,632de9ed55947761d56d4c6142a3cb1a1fe69d0b1a6d0e01a2e404c697962623,dfine_sahi,10200.0,stationery,0.4136,183.7,261.3,260.71,303.59,3256.9,77.01,42.29,1.821,False,,True,S-61,2,evt_S-61_desk_work_surface_0001,3ca57fae345726aa,pose_hand_context,,19605.6,4.57,,1,cam12/e1/v1,rtmpose_baseline
full,03.CCTV Mobile Usage.mkv,632de9ed55947761d56d4c6142a3cb1a1fe69d0b1a6d0e01a2e404c697962623,dfine_sahi,10200.0,bag,0.3458,229.13,190.97,267.86,236.62,1767.9,38.73,45.65,0.849,False,,True,S-61,2,evt_S-61_desk_work_surface_0001,3ca57fae345726aa,pose_hand_context,,19605.6,4.57,,1,cam12/e1/v1,rtmpose_baseline
full,03.CCTV Mobile Usage.mkv,632de9ed55947761d56d4c6142a3cb1a1fe69d0b1a6d0e01a2e404c697962623,dfine_sahi,10200.0,unknown_object,0.2898,163.0,181.67,224.96,259.86,4844.8,61.96,78.19,0.792,False,,True,S-61,2,evt_S-61_desk_work_surface_0001,3ca57fae345726aa,pose_hand_context,,19605.6,4.57,,1,cam12/e1/v1,rtmpose_baseline
full,03.CCTV Mobile Usage.mkv,632de9ed55947761d56d4c6142a3cb1a1fe69d0b1a6d0e01a2e404c697962623,dfine_sahi,10200.0,unknown_object,0.28,111.12,147.16,206.64,242.41,9098.5,95.52,95.25,1.003,False,,True,S-61,2,evt_S-61_desk_work_surface_0001,3ca57fae345726aa,pose_hand_context,,19605.6,4.57,,1,cam12/e1/v1,rtmpose_baseline
full,03.CCTV Mobile Usage.mkv,632de9ed55947761d56d4c6142a3cb1a1fe69d0b1a6d0e01a2e404c697962623,dfine_sahi,10200.0,unknown_object,0.5587,141.03,495.08,195.96,569.22,4072.3,54.93,74.14,0.741,False,,True,S-61,1,evt_S-61_desk_work_surface_0001,9cb192cf057e470f,pose_hand_context,,16574.0,4.97,,1,cam12/e1/v1,rtmpose_baseline
full,03.CCTV Mobile Usage.mkv,632de9ed55947761d56d4c6142a3cb1a1fe69d0b1a6d0e01a2e404c697962623,dfine_sahi,10200.0,unknown_object,0.5567,112.03,451.18,239.95,578.3,16261.5,127.92,127.12,1.006,False,,True,S-61,1,evt_S-61_desk_work_surface_0001,9cb192cf057e470f,pose_hand_context,,16574.0,4.97,,1,cam12/e1/v1,rtmpose_baseline
full,03.CCTV Mobile Usage.mkv,632de9ed55947761d56d4c6142a3cb1a1fe69d0b1a6d0e01a2e404c697962623,dfine_sahi,10200.0,unknown_object,0.4932,156.05,439.29,251.95,534.51,9130.4,95.89,95.21,1.007,False,,True,S-61,1,evt_S-61_desk_work_surface_0001,9cb192cf057e470f,pose_hand_context,,16574.0,4.97,,1,cam12/e1/v1,rtmpose_baseline
full,03.CCTV Mobile Usage.mkv,632de9ed55947761d56d4c6142a3cb1a1fe69d0b1a6d0e01a2e404c697962623,dfine_sahi,10200.0,unknown_object,0.4805,156.06,495.12,251.93,566.75,6868.1,95.88,71.63,1.338,False,,True,S-61,1,evt_S-61_desk_work_surface_0001,9cb192cf057e470f,pose_hand_context,,16574.0,4.97,,1,cam12/e1/v1,rtmpose_baseline
full,03.CCTV Mobile Usage.mkv,632de9ed55947761d56d4c6142a3cb1a1fe69d0b1a6d0e01a2e404c697962623,dfine_sahi,10200.0,unknown_object,0.4058,141.85,475.19,195.96,534.48,3207.3,54.1,59.28,0.913,False,,True,S-61,1,evt_S-61_desk_work_surface_0001,9cb192cf057e470f,pose_hand_context,,16574.0,4.97,,1,cam12/e1/v1,rtmpose_baseline
full,03.CCTV Mobile Usage.mkv,632de9ed55947761d56d4c6142a3cb1a1fe69d0b1a6d0e01a2e404c697962623,dfine_sahi,10200.0,unknown_object,0.4026,100.33,439.12,195.97,534.34,9107.8,95.65,95.22,1.004,False,,True,S-61,1,evt_S-61_desk_work_surface_0001,9cb192cf057e470f,pose_hand_context,,16574.0,4.97,,1,cam12/e1/v1,rtmpose_baseline
full,03.CCTV Mobile Usage.mkv,632de9ed55947761d56d4c6142a3cb1a1fe69d0b1a6d0e01a2e404c697962623,dfine_sahi,10200.0,unknown_object,0.3714,174.38,495.09,235.75,518.19,1417.7,61.37,23.1,2.657,False,,True,S-61,1,evt_S-61_desk_work_surface_0001,9cb192cf057e470f,pose_hand_context,,16574.0,4.97,,1,cam12/e1/v1,rtmpose_baseline
full,03.CCTV Mobile Usage.mkv,632de9ed55947761d56d4c6142a3cb1a1fe69d0b1a6d0e01a2e404c697962623,dfine_sahi,10200.0,unknown_object,0.2932,100.41,439.09,158.12,478.78,2290.2,57.71,39.68,1.454,False,,True,S-61,1,evt_S-61_desk_work_surface_0001,9cb192cf057e470f,pose_hand_context,,16574.0,4.97,,1,cam12/e1/v1,rtmpose_baseline
full,03.CCTV Mobile Usage.mkv,632de9ed55947761d56d4c6142a3cb1a1fe69d0b1a6d0e01a2e404c697962623,dfine_sahi,10200.0,unknown_object,0.2922,156.04,525.09,206.94,590.73,3341.0,50.9,65.64,0.776,False,,True,S-61,1,evt_S-61_desk_work_surface_0001,9cb192cf057e470f,pose_hand_context,,16574.0,4.97,,1,cam12/e1/v1,rtmpose_baseline
full,03.CCTV Mobile Usage.mkv,632de9ed55947761d56d4c6142a3cb1a1fe69d0b1a6d0e01a2e404c697962623,dfine_sahi,10700.0,unknown_object,0.6902,112.2,261.21,241.92,331.36,9098.9,129.72,70.14,1.849,False,,True,S-61,2,evt_S-61_desk_work_surface_0001,306d5f013085fa12,pose_hand_context,,22428.1,4.27,,1,cam12/e1/v1,rtmpose_baseline
full,03.CCTV Mobile Usage.mkv,632de9ed55947761d56d4c6142a3cb1a1fe69d0b1a6d0e01a2e404c697962623,dfine_sahi,10700.0,unknown_object,0.5304,210.79,227.5,229.56,256.29,540.3,18.77,28.79,0.652,False,,True,S-61,2,evt_S-61_desk_work_surface_0001,306d5f013085fa12,pose_hand_context,,22428.1,4.27,,1,cam12/e1/v1,rtmpose_baseline
full,03.CCTV Mobile Usage.mkv,632de9ed55947761d56d4c6142a3cb1a1fe69d0b1a6d0e01a2e404c697962623,dfine_sahi,10700.0,unknown_object,0.4644,187.18,178.34,209.06,266.56,1929.9,21.87,88.22,0.248,False,,True,S-61,2,evt_S-61_desk_work_surface_0001,306d5f013085fa12,pose_hand_context,,22428.1,4.27,,1,cam12/e1/v1,rtmpose_baseline
full,03.CCTV Mobile Usage.mkv,632de9ed55947761d56d4c6142a3cb1a1fe69d0b1a6d0e01a2e404c697962623,dfine_sahi,10700.0,unknown_object,0.2995,175.19,239.4,192.94,272.78,592.7,17.76,33.38,0.532,False,,True,S-61,2,evt_S-61_desk_work_surface_0001,306d5f013085fa12,pose_hand_context,,22428.1,4.27,,1,cam12/e1/v1,rtmpose_baseline
full,03.CCTV Mobile Usage.mkv,632de9ed55947761d56d4c6142a3cb1a1fe69d0b1a6d0e01a2e404c697962623,dfine_sahi,10700.0,unknown_object,0.2976,158.89,256.61,176.71,272.95,291.1,17.82,16.33,1.091,False,,True,S-61,2,evt_S-61_desk_work_surface_0001,306d5f013085fa12,pose_hand_context,,22428.1,4.27,,1,cam12/e1/v1,rtmpose_baseline
full,03.CCTV Mobile Usage.mkv,632de9ed55947761d56d4c6142a3cb1a1fe69d0b1a6d0e01a2e404c697962623,dfine_sahi,10700.0,unknown_object,0.2961,191.24,239.33,208.59,266.18,465.7,17.35,26.84,0.646,False,,True,S-61,2,evt_S-61_desk_work_surface_0001,306d5f013085fa12,pose_hand_context,,22428.1,4.27,,1,cam12/e1/v1,rtmpose_baseline
full,03.CCTV Mobile Usage.mkv,632de9ed55947761d56d4c6142a3cb1a1fe69d0b1a6d0e01a2e404c697962623,dfine_sahi,10700.0,unknown_object,0.2882,205.98,177.12,226.53,229.97,1086.0,20.55,52.85,0.389,False,,True,S-61,2,evt_S-61_desk_work_surface_0001,306d5f013085fa12,pose_hand_context,,22428.1,4.27,,1,cam12/e1/v1,rtmpose_baseline
full,03.CCTV Mobile Usage.mkv,632de9ed55947761d56d4c6142a3cb1a1fe69d0b1a6d0e01a2e404c697962623,dfine_sahi,10700.0,unknown_object,0.5279,104.11,437.15,199.93,532.46,9131.9,95.82,95.3,1.005,False,,True,S-61,1,evt_S-61_desk_work_surface_0001,fc3e6f6ad9de900d,pose_hand_context,,16022.5,5.06,,1,cam12/e1/v1,rtmpose_baseline
full,03.CCTV Mobile Usage.mkv,632de9ed55947761d56d4c6142a3cb1a1fe69d0b1a6d0e01a2e404c697962623,dfine_sahi,10700.0,unknown_object,0.489,139.02,493.09,199.96,560.91,4132.8,60.94,67.82,0.899,False,,True,S-61,1,evt_S-61_desk_work_surface_0001,fc3e6f6ad9de900d,pose_hand_context,,16022.5,5.06,,1,cam12/e1/v1,rtmpose_baseline
full,03.CCTV Mobile Usage.mkv,632de9ed55947761d56d4c6142a3cb1a1fe69d0b1a6d0e01a2e404c697962623,dfine_sahi,10700.0,unknown_object,0.4385,159.99,493.15,255.91,588.53,9148.9,95.92,95.38,1.006,False,,True,S-61,1,evt_S-61_desk_work_surface_0001,fc3e6f6ad9de900d,pose_hand_context,,16022.5,5.06,,1,cam12/e1/v1,rtmpose_baseline
full,03.CCTV Mobile Usage.mkv,632de9ed55947761d56d4c6142a3cb1a1fe69d0b1a6d0e01a2e404c697962623,dfine_sahi,10700.0,unknown_object,0.3279,169.01,477.54,246.93,518.3,3176.0,77.92,40.76,1.912,False,,True,S-61,1,evt_S-61_desk_work_surface_0001,fc3e6f6ad9de900d,pose_hand_context,,16022.5,5.06,,1,cam12/e1/v1,rtmpose_baseline
full,03.CCTV Mobile Usage.mkv,632de9ed55947761d56d4c6142a3cb1a1fe69d0b1a6d0e01a2e404c697962623,dfine_sahi,11200.0,unknown_object,0.6814,105.23,442.15,200.97,537.09,9089.5,95.74,94.94,1.008,False,,True,S-61,1,evt_S-61_desk_work_surface_0001,2bebd0989d616603,pose_hand_context,,13815.7,5.44,,1,cam12/e1/v1,rtmpose_baseline
full,03.CCTV Mobile Usage.mkv,632de9ed55947761d56d4c6142a3cb1a1fe69d0b1a6d0e01a2e404c697962623,dfine_sahi,11200.0,unknown_object,0.6306,120.13,457.18,237.14,564.31,12534.1,117.0,107.13,1.092,False,,True,S-61,1,evt_S-61_desk_work_surface_0001,2bebd0989d616603,pose_hand_context,,13815.7,5.44,,1,cam12/e1/v1,rtmpose_baseline
full,03.CCTV Mobile Usage.mkv,632de9ed55947761d56d4c6142a3cb1a1fe69d0b1a6d0e01a2e404c697962623,dfine_sahi,11200.0,unknown_object,0.5566,156.02,494.12,251.97,563.86,6692.2,95.95,69.75,1.376,False,,True,S-61,1,evt_S-61_desk_work_surface_0001,2bebd0989d616603,pose_hand_context,,13815.7,5.44,,1,cam12/e1/v1,rtmpose_baseline
full,03.CCTV Mobile Usage.mkv,632de9ed55947761d56d4c6142a3cb1a1fe69d0b1a6d0e01a2e404c697962623,dfine_sahi,11200.0,unknown_object,0.5505,156.19,442.37,249.42,517.07,6965.2,93.24,74.7,1.248,False,,True,S-61,1,evt_S-61_desk_work_surface_0001,2bebd0989d616603,pose_hand_context,,13815.7,5.44,,1,cam12/e1/v1,rtmpose_baseline
full,03.CCTV Mobile Usage.mkv,632de9ed55947761d56d4c6142a3cb1a1fe69d0b1a6d0e01a2e404c697962623,dfine_sahi,11200.0,unknown_object,0.45,127.09,494.07,200.97,561.91,5011.9,73.88,67.84,1.089,False,,True,S-61,1,evt_S-61_desk_work_surface_0001,2bebd0989d616603,pose_hand_context,,13815.7,5.44,,1,cam12/e1/v1,rtmpose_baseline
full,03.CCTV Mobile Usage.mkv,632de9ed55947761d56d4c6142a3cb1a1fe69d0b1a6d0e01a2e404c697962623,dfine_sahi,11200.0,unknown_object,0.2947,170.61,526.97,251.96,561.14,2779.6,81.35,34.17,2.381,False,,True,S-61,1,evt_S-61_desk_work_surface_0001,2bebd0989d616603,pose_hand_context,,13815.7,5.44,,1,cam12/e1/v1,rtmpose_baseline
full,03.CCTV Mobile Usage.mkv,632de9ed55947761d56d4c6142a3cb1a1fe69d0b1a6d0e01a2e404c697962623,dfine_sahi,11200.0,monitor_or_bezel,0.5471,243.97,207.21,294.67,291.92,4295.1,50.7,84.71,0.599,False,,True,S-61,2,evt_S-61_desk_work_surface_0001,44302ce98e67dd02,pose_hand_context,,29721.8,3.71,,1,cam12/e1/v1,rtmpose_baseline
full,03.CCTV Mobile Usage.mkv,632de9ed55947761d56d4c6142a3cb1a1fe69d0b1a6d0e01a2e404c697962623,dfine_sahi,11200.0,unknown_object,0.4529,335.69,283.46,415.91,379.42,7698.2,80.22,95.96,0.836,False,,True,S-61,2,evt_S-61_desk_work_surface_0001,44302ce98e67dd02,pose_hand_context,,29721.8,3.71,,1,cam12/e1/v1,rtmpose_baseline
full,03.CCTV Mobile Usage.mkv,632de9ed55947761d56d4c6142a3cb1a1fe69d0b1a6d0e01a2e404c697962623,dfine_sahi,11200.0,unknown_object,0.3905,244.12,207.27,415.94,379.32,29560.8,171.82,172.05,0.999,False,,True,S-61,2,evt_S-61_desk_work_surface_0001,44302ce98e67dd02,pose_hand_context,,29721.8,3.71,,1,cam12/e1/v1,rtmpose_baseline
full,03.CCTV Mobile Usage.mkv,632de9ed55947761d56d4c6142a3cb1a1fe69d0b1a6d0e01a2e404c697962623,dfine_sahi,11200.0,unknown_object,0.3551,268.66,283.1,307.13,378.99,3688.8,38.47,95.89,0.401,False,,True,S-61,2,evt_S-61_desk_work_surface_0001,44302ce98e67dd02,pose_hand_context,,29721.8,3.71,,1,cam12/e1/v1,rtmpose_baseline
full,03.CCTV Mobile Usage.mkv,632de9ed55947761d56d4c6142a3cb1a1fe69d0b1a6d0e01a2e404c697962623,dfine_sahi,11200.0,unknown_object,0.3329,265.59,215.02,320.16,338.78,6754.1,54.57,123.76,0.441,False,,True,S-61,2,evt_S-61_desk_work_surface_0001,44302ce98e67dd02,pose_hand_context,,29721.8,3.71,,1,cam12/e1/v1,rtmpose_baseline
full,03.CCTV Mobile Usage.mkv,632de9ed55947761d56d4c6142a3cb1a1fe69d0b1a6d0e01a2e404c697962623,dfine_sahi,11200.0,unknown_object,0.3328,290.61,213.33,339.93,299.7,4260.1,49.32,86.37,0.571,False,,True,S-61,2,evt_S-61_desk_work_surface_0001,44302ce98e67dd02,pose_hand_context,,29721.8,3.71,,1,cam12/e1/v1,rtmpose_baseline
full,03.CCTV Mobile Usage.mkv,632de9ed55947761d56d4c6142a3cb1a1fe69d0b1a6d0e01a2e404c697962623,dfine_sahi,11200.0,unknown_object,0.2789,294.09,241.65,317.54,297.3,1304.9,23.45,55.65,0.421,False,,True,S-61,2,evt_S-61_desk_work_surface_0001,44302ce98e67dd02,pose_hand_context,,29721.8,3.71,,1,cam12/e1/v1,rtmpose_baseline
full,03.CCTV Mobile Usage.mkv,632de9ed55947761d56d4c6142a3cb1a1fe69d0b1a6d0e01a2e404c697962623,dfine_sahi,11200.0,keyboard,0.9082,962.22,452.01,1067.87,491.44,4165.1,105.65,39.42,2.68,False,,True,R-desk,5,evt_S-61_desk_work_surface_0001,7739ac136bb8b8c8,lap_bag_context,no_pose_observation,34560.0,1.33,,1,cam12/e1/v1,
full,03.CCTV Mobile Usage.mkv,632de9ed55947761d56d4c6142a3cb1a1fe69d0b1a6d0e01a2e404c697962623,dfine_sahi,11200.0,monitor_or_bezel,0.6843,963.25,380.43,1152.64,474.95,17900.0,189.39,94.51,2.004,False,,True,R-desk,5,evt_S-61_desk_work_surface_0001,7739ac136bb8b8c8,lap_bag_context,no_pose_observation,34560.0,1.33,,1,cam12/e1/v1,
full,03.CCTV Mobile Usage.mkv,632de9ed55947761d56d4c6142a3cb1a1fe69d0b1a6d0e01a2e404c697962623,dfine_sahi,11200.0,phone,0.661,1043.41,421.59,1113.23,474.31,3681.1,69.82,52.72,1.324,False,,True,R-desk,5,evt_S-61_desk_work_surface_0001,7739ac136bb8b8c8,lap_bag_context,no_pose_observation,34560.0,1.33,,1,cam12/e1/v1,
full,03.CCTV Mobile Usage.mkv,632de9ed55947761d56d4c6142a3cb1a1fe69d0b1a6d0e01a2e404c697962623,dfine_sahi,11200.0,monitor_or_bezel,0.6438,910.28,411.2,1141.6,506.41,22023.2,231.33,95.2,2.43,False,,True,R-desk,5,evt_S-61_desk_work_surface_0001,7739ac136bb8b8c8,lap_bag_context,no_pose_observation,34560.0,1.33,,1,cam12/e1/v1,
full,03.CCTV Mobile Usage.mkv,632de9ed55947761d56d4c6142a3cb1a1fe69d0b1a6d0e01a2e404c697962623,dfine_sahi,11200.0,monitor_or_bezel,0.6147,1018.42,395.79,1145.54,447.56,6581.6,127.12,51.77,2.455,False,,True,R-desk,5,evt_S-61_desk_work_surface_0001,7739ac136bb8b8c8,lap_bag_context,no_pose_observation,34560.0,1.33,,1,cam12/e1/v1,
full,03.CCTV Mobile Usage.mkv,632de9ed55947761d56d4c6142a3cb1a1fe69d0b1a6d0e01a2e404c697962623,dfine_sahi,11200.0,keyboard,0.5892,962.92,452.36,1034.68,475.56,1664.8,71.77,23.2,3.094,False,,True,R-desk,5,evt_S-61_desk_work_surface_0001,7739ac136bb8b8c8,lap_bag_context,no_pose_observation,34560.0,1.33,,1,cam12/e1/v1,
full,03.CCTV Mobile Usage.mkv,632de9ed55947761d56d4c6142a3cb1a1fe69d0b1a6d0e01a2e404c697962623,dfine_sahi,11200.0,unknown_object,0.5516,699.96,396.18,857.23,492.13,15088.9,157.27,95.94,1.639,False,,True,R-desk,5,evt_S-61_desk_work_surface_0001,7739ac136bb8b8c8,lap_bag_context,no_pose_observation,34560.0,1.33,,1,cam12/e1/v1,
full,03.CCTV Mobile Usage.mkv,632de9ed55947761d56d4c6142a3cb1a1fe69d0b1a6d0e01a2e404c697962623,dfine_sahi,11200.0,mouse,0.5338,864.88,413.88,892.04,435.01,574.0,27.15,21.14,1.285,False,,True,R-desk,5,evt_S-61_desk_work_surface_0001,7739ac136bb8b8c8,lap_bag_context,no_pose_observation,34560.0,1.33,,1,cam12/e1/v1,
full,03.CCTV Mobile Usage.mkv,632de9ed55947761d56d4c6142a3cb1a1fe69d0b1a6d0e01a2e404c697962623,dfine_sahi,11200.0,keyboard,0.5294,772.37,380.2,871.24,420.58,3993.0,98.87,40.39,2.448,False,,True,R-desk,5,evt_S-61_desk_work_surface_0001,7739ac136bb8b8c8,lap_bag_context,no_pose_observation,34560.0,1.33,,1,cam12/e1/v1,
full,03.CCTV Mobile Usage.mkv,632de9ed55947761d56d4c6142a3cb1a1fe69d0b1a6d0e01a2e404c697962623,dfine_sahi,11200.0,unknown_object,0.5237,766.66,410.97,969.84,505.91,19288.8,203.18,94.93,2.14,False,,True,R-desk,5,evt_S-61_desk_work_surface_0001,7739ac136bb8b8c8,lap_bag_context,no_pose_observation,34560.0,1.33,,1,cam12/e1/v1,
full,03.CCTV Mobile Usage.mkv,632de9ed55947761d56d4c6142a3cb1a1fe69d0b1a6d0e01a2e404c697962623,dfine_sahi,11200.0,unknown_object,0.5206,707.77,379.93,969.51,474.97,24875.4,261.74,95.04,2.754,False,,True,R-desk,5,evt_S-61_desk_work_surface_0001,7739ac136bb8b8c8,lap_bag_context,no_pose_observation,34560.0,1.33,,1,cam12/e1/v1,
full,03.CCTV Mobile Usage.mkv,632de9ed55947761d56d4c6142a3cb1a1fe69d0b1a6d0e01a2e404c697962623,dfine_sahi,11200.0,keyboard,0.5001,802.17,396.24,870.79,420.69,1677.9,68.61,24.45,2.806,False,,True,R-desk,5,evt_S-61_desk_work_surface_0001,7739ac136bb8b8c8,lap_bag_context,no_pose_observation,34560.0,1.33,,1,cam12/e1/v1,
full,03.CCTV Mobile Usage.mkv,632de9ed55947761d56d4c6142a3cb1a1fe69d0b1a6d0e01a2e404c697962623,dfine_sahi,11200.0,unknown_object,0.4261,699.99,396.11,770.01,491.7,6692.6,70.02,95.59,0.732,False,,True,R-desk,5,evt_S-61_desk_work_surface_0001,7739ac136bb8b8c8,lap_bag_context,no_pose_observation,34560.0,1.33,,1,cam12/e1/v1,
full,03.CCTV Mobile Usage.mkv,632de9ed55947761d56d4c6142a3cb1a1fe69d0b1a6d0e01a2e404c697962623,dfine_sahi,11200.0,unknown_object,0.351,881.72,411.16,969.56,453.49,3718.5,87.84,42.33,2.075,False,,True,R-desk,5,evt_S-61_desk_work_surface_0001,7739ac136bb8b8c8,lap_bag_context,no_pose_observation,34560.0,1.33,,1,cam12/e1/v1,
full,03.CCTV Mobile Usage.mkv,632de9ed55947761d56d4c6142a3cb1a1fe69d0b1a6d0e01a2e404c697962623,dfine_sahi,11200.0,monitor_or_bezel,0.2997,881.31,396.18,948.85,452.47,3801.9,67.54,56.29,1.2,False,,True,R-desk,5,evt_S-61_desk_work_surface_0001,7739ac136bb8b8c8,lap_bag_context,no_pose_observation,34560.0,1.33,,1,cam12/e1/v1,
full,03.CCTV Mobile Usage.mkv,632de9ed55947761d56d4c6142a3cb1a1fe69d0b1a6d0e01a2e404c697962623,dfine_sahi,11200.0,mouse,0.299,967.15,398.48,991.99,410.58,300.8,24.84,12.11,2.052,False,,True,R-desk,5,evt_S-61_desk_work_surface_0001,7739ac136bb8b8c8,lap_bag_context,no_pose_observation,34560.0,1.33,,1,cam12/e1/v1,
full,03.CCTV Mobile Usage.mkv,632de9ed55947761d56d4c6142a3cb1a1fe69d0b1a6d0e01a2e404c697962623,dfine_sahi,11200.0,unknown_object,0.2859,880.4,411.64,969.91,505.59,8409.0,89.5,93.95,0.953,False,,True,R-desk,5,evt_S-61_desk_work_surface_0001,7739ac136bb8b8c8,lap_bag_context,no_pose_observation,34560.0,1.33,,1,cam12/e1/v1,
full,03.CCTV Mobile Usage.mkv,632de9ed55947761d56d4c6142a3cb1a1fe69d0b1a6d0e01a2e404c697962623,dfine_sahi,11200.0,mouse,0.2578,990.77,399.34,1026.6,413.25,498.4,35.83,13.91,2.576,False,,True,R-desk,5,evt_S-61_desk_work_surface_0001,7739ac136bb8b8c8,lap_bag_context,no_pose_observation,34560.0,1.33,,1,cam12/e1/v1,
full,03.CCTV Mobile Usage.mkv,632de9ed55947761d56d4c6142a3cb1a1fe69d0b1a6d0e01a2e404c697962623,dfine_sahi,11700.0,unknown_object,0.6442,57.99,510.03,85.26,552.11,1147.5,27.27,42.08,0.648,False,,True,S-61,1,evt_S-61_desk_work_surface_0001,b6a05af65e1ac343,pose_hand_context,,28995.3,3.76,,1,cam12/e1/v1,rtmpose_baseline
full,03.CCTV Mobile Usage.mkv,632de9ed55947761d56d4c6142a3cb1a1fe69d0b1a6d0e01a2e404c697962623,dfine_sahi,11700.0,unknown_object,0.5521,58.03,435.09,153.92,491.52,5410.6,95.89,56.42,1.699,False,,True,S-61,1,evt_S-61_desk_work_surface_0001,b6a05af65e1ac343,pose_hand_context,,28995.3,3.76,,1,cam12/e1/v1,rtmpose_baseline
full,03.CCTV Mobile Usage.mkv,632de9ed55947761d56d4c6142a3cb1a1fe69d0b1a6d0e01a2e404c697962623,dfine_sahi,11700.0,stationery,0.4808,57.97,509.52,85.38,552.39,1175.0,27.4,42.87,0.639,False,,True,S-61,1,evt_S-61_desk_work_surface_0001,b6a05af65e1ac343,pose_hand_context,,28995.3,3.76,,1,cam12/e1/v1,rtmpose_baseline
full,03.CCTV Mobile Usage.mkv,632de9ed55947761d56d4c6142a3cb1a1fe69d0b1a6d0e01a2e404c697962623,dfine_sahi,11700.0,unknown_object,0.434,63.11,485.21,96.79,530.5,1525.7,33.69,45.29,0.744,False,,True,S-61,1,evt_S-61_desk_work_surface_0001,b6a05af65e1ac343,pose_hand_context,,28995.3,3.76,,1,cam12/e1/v1,rtmpose_baseline
full,03.CCTV Mobile Usage.mkv,632de9ed55947761d56d4c6142a3cb1a1fe69d0b1a6d0e01a2e404c697962623,dfine_sahi,11700.0,unknown_object,0.4093,57.99,509.82,96.88,602.52,3605.2,38.89,92.7,0.42,False,,True,S-61,1,evt_S-61_desk_work_surface_0001,b6a05af65e1ac343,pose_hand_context,,28995.3,3.76,,1,cam12/e1/v1,rtmpose_baseline
full,03.CCTV Mobile Usage.mkv,632de9ed55947761d56d4c6142a3cb1a1fe69d0b1a6d0e01a2e404c697962623,dfine_sahi,11700.0,unknown_object,0.3554,58.73,476.46,219.68,603.2,20399.7,160.95,126.74,1.27,False,,True,S-61,1,evt_S-61_desk_work_surface_0001,b6a05af65e1ac343,pose_hand_context,,28995.3,3.76,,1,cam12/e1/v1,rtmpose_baseline
full,03.CCTV Mobile Usage.mkv,632de9ed55947761d56d4c6142a3cb1a1fe69d0b1a6d0e01a2e404c697962623,dfine_sahi,11700.0,unknown_object,0.3438,133.41,509.21,228.92,569.5,5757.9,95.51,60.28,1.584,False,,True,S-61,1,evt_S-61_desk_work_surface_0001,b6a05af65e1ac343,pose_hand_context,,28995.3,3.76,,1,cam12/e1/v1,rtmpose_baseline
full,03.CCTV Mobile Usage.mkv,632de9ed55947761d56d4c6142a3cb1a1fe69d0b1a6d0e01a2e404c697962623,dfine_sahi,11700.0,unknown_object,0.3222,58.01,509.25,153.95,604.46,9134.1,95.94,95.21,1.008,False,,True,S-61,1,evt_S-61_desk_work_surface_0001,b6a05af65e1ac343,pose_hand_context,,28995.3,3.76,,1,cam12/e1/v1,rtmpose_baseline
full,03.CCTV Mobile Usage.mkv,632de9ed55947761d56d4c6142a3cb1a1fe69d0b1a6d0e01a2e404c697962623,dfine_sahi,11700.0,unknown_object,0.3029,133.06,481.67,228.37,530.71,4674.2,95.31,49.04,1.943,False,,True,S-61,1,evt_S-61_desk_work_surface_0001,b6a05af65e1ac343,pose_hand_context,,28995.3,3.76,,1,cam12/e1/v1,rtmpose_baseline
full,03.CCTV Mobile Usage.mkv,632de9ed55947761d56d4c6142a3cb1a1fe69d0b1a6d0e01a2e404c697962623,dfine_sahi,11700.0,unknown_object,0.2764,157.74,435.26,220.81,520.3,5363.6,63.08,85.03,0.742,False,,True,S-61,1,evt_S-61_desk_work_surface_0001,b6a05af65e1ac343,pose_hand_context,,28995.3,3.76,,1,cam12/e1/v1,rtmpose_baseline
full,03.CCTV Mobile Usage.mkv,632de9ed55947761d56d4c6142a3cb1a1fe69d0b1a6d0e01a2e404c697962623,dfine_sahi,11700.0,unknown_object,0.2642,159.0,449.7,193.36,517.72,2337.4,34.36,68.02,0.505,False,,True,S-61,1,evt_S-61_desk_work_surface_0001,b6a05af65e1ac343,pose_hand_context,,28995.3,3.76,,1,cam12/e1/v1,rtmpose_baseline
full,03.CCTV Mobile Usage.mkv,632de9ed55947761d56d4c6142a3cb1a1fe69d0b1a6d0e01a2e404c697962623,dfine_sahi,11700.0,unknown_object,0.2501,67.33,510.58,75.49,524.58,114.2,8.16,14.0,0.583,True,object footprint 114 px is under the 120 px floor for a call,False,S-61,1,evt_S-61_desk_work_surface_0001,b6a05af65e1ac343,pose_hand_context,,28995.3,3.76,,1,cam12/e1/v1,rtmpose_baseline
full,03.CCTV Mobile Usage.mkv,632de9ed55947761d56d4c6142a3cb1a1fe69d0b1a6d0e01a2e404c697962623,dfine_sahi,11700.0,unknown_object,0.6616,194.12,302.26,289.87,397.56,9125.4,95.75,95.3,1.005,False,,True,S-61,2,evt_S-61_desk_work_surface_0001,eee0fc316a8f1a81,pose_hand_context,,28486.7,3.79,,1,cam12/e1/v1,rtmpose_baseline
full,03.CCTV Mobile Usage.mkv,632de9ed55947761d56d4c6142a3cb1a1fe69d0b1a6d0e01a2e404c697962623,dfine_sahi,11700.0,unknown_object,0.4318,268.0,302.25,292.15,357.51,1334.7,24.15,55.26,0.437,False,,True,S-61,2,evt_S-61_desk_work_surface_0001,eee0fc316a8f1a81,pose_hand_context,,28486.7,3.79,,1,cam12/e1/v1,rtmpose_baseline
full,03.CCTV Mobile Usage.mkv,632de9ed55947761d56d4c6142a3cb1a1fe69d0b1a6d0e01a2e404c697962623,dfine_sahi,11700.0,unknown_object,0.3898,288.7,286.28,344.8,324.7,2155.3,56.1,38.42,1.46,False,,True,S-61,2,evt_S-61_desk_work_surface_0001,eee0fc316a8f1a81,pose_hand_context,,28486.7,3.79,,1,cam12/e1/v1,rtmpose_baseline
full,03.CCTV Mobile Usage.mkv,632de9ed55947761d56d4c6142a3cb1a1fe69d0b1a6d0e01a2e404c697962623,dfine_sahi,12200.0,keyboard,0.8976,962.17,451.89,1068.0,491.41,4183.0,105.84,39.52,2.678,False,,True,R-desk,6,evt_S-61_desk_work_surface_0001,590143951782a0e5,lap_bag_context,no_pose_observation,34560.0,1.33,,1,cam12/e1/v1,
full,03.CCTV Mobile Usage.mkv,632de9ed55947761d56d4c6142a3cb1a1fe69d0b1a6d0e01a2e404c697962623,dfine_sahi,12200.0,monitor_or_bezel,0.7777,910.09,411.09,1140.62,506.37,21966.6,230.54,95.28,2.419,False,,True,R-desk,6,evt_S-61_desk_work_surface_0001,590143951782a0e5,lap_bag_context,no_pose_observation,34560.0,1.33,,1,cam12/e1/v1,
full,03.CCTV Mobile Usage.mkv,632de9ed55947761d56d4c6142a3cb1a1fe69d0b1a6d0e01a2e404c697962623,dfine_sahi,12200.0,monitor_or_bezel,0.7661,963.09,380.45,1152.47,475.0,17904.7,189.38,94.54,2.003,False,,True,R-desk,6,evt_S-61_desk_work_surface_0001,590143951782a0e5,lap_bag_context,no_pose_observation,34560.0,1.33,,1,cam12/e1/v1,
full,03.CCTV Mobile Usage.mkv,632de9ed55947761d56d4c6142a3cb1a1fe69d0b1a6d0e01a2e404c697962623,dfine_sahi,12200.0,monitor_or_bezel,0.7548,708.83,379.91,969.68,474.85,24765.2,260.85,94.94,2.747,False,,True,R-desk,6,evt_S-61_desk_work_surface_0001,590143951782a0e5,lap_bag_context,no_pose_observation,34560.0,1.33,,1,cam12/e1/v1,
full,03.CCTV Mobile Usage.mkv,632de9ed55947761d56d4c6142a3cb1a1fe69d0b1a6d0e01a2e404c697962623,dfine_sahi,12200.0,keyboard,0.6396,772.54,380.22,870.59,420.39,3939.1,98.05,40.17,2.441,False,,True,R-desk,6,evt_S-61_desk_work_surface_0001,590143951782a0e5,lap_bag_context,no_pose_observation,34560.0,1.33,,1,cam12/e1/v1,
full,03.CCTV Mobile Usage.mkv,632de9ed55947761d56d4c6142a3cb1a1fe69d0b1a6d0e01a2e404c697962623,dfine_sahi,12200.0,unknown_object,0.6304,699.93,411.25,871.59,506.3,16317.1,171.66,95.06,1.806,False,,True,R-desk,6,evt_S-61_desk_work_surface_0001,590143951782a0e5,lap_bag_context,no_pose_observation,34560.0,1.33,,1,cam12/e1/v1,
full,03.CCTV Mobile Usage.mkv,632de9ed55947761d56d4c6142a3cb1a1fe69d0b1a6d0e01a2e404c697962623,dfine_sahi,12200.0,keyboard,0.6225,962.8,452.25,1034.66,475.56,1675.1,71.86,23.31,3.083,False,,True,R-desk,6,evt_S-61_desk_work_surface_0001,590143951782a0e5,lap_bag_context,no_pose_observation,34560.0,1.33,,1,cam12/e1/v1,
full,03.CCTV Mobile Usage.mkv,632de9ed55947761d56d4c6142a3cb1a1fe69d0b1a6d0e01a2e404c697962623,dfine_sahi,12200.0,mouse,0.5362,865.33,413.73,891.65,435.43,571.2,26.33,21.69,1.214,False,,True,R-desk,6,evt_S-61_desk_work_surface_0001,590143951782a0e5,lap_bag_context,no_pose_observation,34560.0,1.33,,1,cam12/e1/v1,
full,03.CCTV Mobile Usage.mkv,632de9ed55947761d56d4c6142a3cb1a1fe69d0b1a6d0e01a2e404c697962623,dfine_sahi,12200.0,phone,0.502,1043.42,420.25,1113.56,474.19,3783.5,70.14,53.94,1.3,False,,True,R-desk,6,evt_S-61_desk_work_surface_0001,590143951782a0e5,lap_bag_context,no_pose_observation,34560.0,1.33,,1,cam12/e1/v1,
full,03.CCTV Mobile Usage.mkv,632de9ed55947761d56d4c6142a3cb1a1fe69d0b1a6d0e01a2e404c697962623,dfine_sahi,12200.0,keyboard,0.4259,802.41,396.23,870.38,420.7,1663.5,67.97,24.47,2.777,False,,True,R-desk,6,evt_S-61_desk_work_surface_0001,590143951782a0e5,lap_bag_context,no_pose_observation,34560.0,1.33,,1,cam12/e1/v1,
full,03.CCTV Mobile Usage.mkv,632de9ed55947761d56d4c6142a3cb1a1fe69d0b1a6d0e01a2e404c697962623,dfine_sahi,12200.0,unknown_object,0.419,700.01,396.25,758.88,490.74,5562.0,58.86,94.49,0.623,False,,True,R-desk,6,evt_S-61_desk_work_surface_0001,590143951782a0e5,lap_bag_context,no_pose_observation,34560.0,1.33,,1,cam12/e1/v1,
full,03.CCTV Mobile Usage.mkv,632de9ed55947761d56d4c6142a3cb1a1fe69d0b1a6d0e01a2e404c697962623,dfine_sahi,12200.0,unknown_object,0.4068,766.63,411.06,969.87,506.12,19319.4,203.24,95.06,2.138,False,,True,R-desk,6,evt_S-61_desk_work_surface_0001,590143951782a0e5,lap_bag_context,no_pose_observation,34560.0,1.33,,1,cam12/e1/v1,
full,03.CCTV Mobile Usage.mkv,632de9ed55947761d56d4c6142a3cb1a1fe69d0b1a6d0e01a2e404c697962623,dfine_sahi,12200.0,keyboard,0.3822,910.14,412.27,1091.85,506.27,17080.1,181.7,94.0,1.933,False,,True,R-desk,6,evt_S-61_desk_work_surface_0001,590143951782a0e5,lap_bag_context,no_pose_observation,34560.0,1.33,,1,cam12/e1/v1,
full,03.CCTV Mobile Usage.mkv,632de9ed55947761d56d4c6142a3cb1a1fe69d0b1a6d0e01a2e404c697962623,dfine_sahi,12200.0,monitor_or_bezel,0.3708,1019.35,395.54,1145.38,447.63,6564.5,126.03,52.09,2.42,False,,True,R-desk,6,evt_S-61_desk_work_surface_0001,590143951782a0e5,lap_bag_context,no_pose_observation,34560.0,1.33,,1,cam12/e1/v1,
full,03.CCTV Mobile Usage.mkv,632de9ed55947761d56d4c6142a3cb1a1fe69d0b1a6d0e01a2e404c697962623,dfine_sahi,12200.0,monitor_or_bezel,0.3169,735.83,395.53,1142.96,491.11,38914.7,407.13,95.58,4.259,False,,True,R-desk,6,evt_S-61_desk_work_surface_0001,590143951782a0e5,lap_bag_context,no_pose_observation,34560.0,1.33,,1,cam12/e1/v1,
full,03.CCTV Mobile Usage.mkv,632de9ed55947761d56d4c6142a3cb1a1fe69d0b1a6d0e01a2e404c697962623,dfine_sahi,12200.0,keyboard,0.3138,965.0,393.39,1115.98,475.05,12329.1,150.98,81.66,1.849,False,,True,R-desk,6,evt_S-61_desk_work_surface_0001,590143951782a0e5,lap_bag_context,no_pose_observation,34560.0,1.33,,1,cam12/e1/v1,
full,03.CCTV Mobile Usage.mkv,632de9ed55947761d56d4c6142a3cb1a1fe69d0b1a6d0e01a2e404c697962623,dfine_sahi,12200.0,unknown_object,0.2949,700.09,380.34,834.48,475.76,12823.9,134.39,95.42,1.408,False,,True,R-desk,6,evt_S-61_desk_work_surface_0001,590143951782a0e5,lap_bag_context,no_pose_observation,34560.0,1.33,,1,cam12/e1/v1,
full,03.CCTV Mobile Usage.mkv,632de9ed55947761d56d4c6142a3cb1a1fe69d0b1a6d0e01a2e404c697962623,dfine_sahi,12200.0,unknown_object,0.259,882.1,411.12,932.92,452.68,2112.5,50.82,41.57,1.223,False,,True,R-desk,6,evt_S-61_desk_work_surface_0001,590143951782a0e5,lap_bag_context,no_pose_observation,34560.0,1.33,,1,cam12/e1/v1,
full,03.CCTV Mobile Usage.mkv,632de9ed55947761d56d4c6142a3cb1a1fe69d0b1a6d0e01a2e404c697962623,dfine_sahi,12200.0,mouse,0.2566,966.92,398.36,992.04,410.52,305.6,25.12,12.16,2.065,False,,True,R-desk,6,evt_S-61_desk_work_surface_0001,590143951782a0e5,lap_bag_context,no_pose_observation,34560.0,1.33,,1,cam12/e1/v1,
full,03.CCTV Mobile Usage.mkv,632de9ed55947761d56d4c6142a3cb1a1fe69d0b1a6d0e01a2e404c697962623,dfine_sahi,12200.0,keyboard,0.2546,882.29,380.26,968.33,452.78,6239.6,86.03,72.52,1.186,False,,True,R-desk,6,evt_S-61_desk_work_surface_0001,590143951782a0e5,lap_bag_context,no_pose_observation,34560.0,1.33,,1,cam12/e1/v1,
full,03.CCTV Mobile Usage.mkv,632de9ed55947761d56d4c6142a3cb1a1fe69d0b1a6d0e01a2e404c697962623,dfine_sahi,12200.0,keyboard,0.8976,962.17,451.89,1068.0,491.41,4183.0,105.84,39.52,2.678,False,,True,R-desk,5,evt_S-61_desk_work_surface_0001,590143951782a0e5,lap_bag_context,no_pose_observation,34560.0,1.33,,1,cam12/e1/v1,
full,03.CCTV Mobile Usage.mkv,632de9ed55947761d56d4c6142a3cb1a1fe69d0b1a6d0e01a2e404c697962623,dfine_sahi,12200.0,monitor_or_bezel,0.7777,910.09,411.09,1140.62,506.37,21966.6,230.54,95.28,2.419,False,,True,R-desk,5,evt_S-61_desk_work_surface_0001,590143951782a0e5,lap_bag_context,no_pose_observation,34560.0,1.33,,1,cam12/e1/v1,
full,03.CCTV Mobile Usage.mkv,632de9ed55947761d56d4c6142a3cb1a1fe69d0b1a6d0e01a2e404c697962623,dfine_sahi,12200.0,monitor_or_bezel,0.7661,963.09,380.45,1152.47,475.0,17904.7,189.38,94.54,2.003,False,,True,R-desk,5,evt_S-61_desk_work_surface_0001,590143951782a0e5,lap_bag_context,no_pose_observation,34560.0,1.33,,1,cam12/e1/v1,
full,03.CCTV Mobile Usage.mkv,632de9ed55947761d56d4c6142a3cb1a1fe69d0b1a6d0e01a2e404c697962623,dfine_sahi,12200.0,monitor_or_bezel,0.7548,708.83,379.91,969.68,474.85,24765.2,260.85,94.94,2.747,False,,True,R-desk,5,evt_S-61_desk_work_surface_0001,590143951782a0e5,lap_bag_context,no_pose_observation,34560.0,1.33,,1,cam12/e1/v1,
full,03.CCTV Mobile Usage.mkv,632de9ed55947761d56d4c6142a3cb1a1fe69d0b1a6d0e01a2e404c697962623,dfine_sahi,12200.0,keyboard,0.6396,772.54,380.22,870.59,420.39,3939.1,98.05,40.17,2.441,False,,True,R-desk,5,evt_S-61_desk_work_surface_0001,590143951782a0e5,lap_bag_context,no_pose_observation,34560.0,1.33,,1,cam12/e1/v1,
full,03.CCTV Mobile Usage.mkv,632de9ed55947761d56d4c6142a3cb1a1fe69d0b1a6d0e01a2e404c697962623,dfine_sahi,12200.0,unknown_object,0.6304,699.93,411.25,871.59,506.3,16317.1,171.66,95.06,1.806,False,,True,R-desk,5,evt_S-61_desk_work_surface_0001,590143951782a0e5,lap_bag_context,no_pose_observation,34560.0,1.33,,1,cam12/e1/v1,
full,03.CCTV Mobile Usage.mkv,632de9ed55947761d56d4c6142a3cb1a1fe69d0b1a6d0e01a2e404c697962623,dfine_sahi,12200.0,keyboard,0.6225,962.8,452.25,1034.66,475.56,1675.1,71.86,23.31,3.083,False,,True,R-desk,5,evt_S-61_desk_work_surface_0001,590143951782a0e5,lap_bag_context,no_pose_observation,34560.0,1.33,,1,cam12/e1/v1,
full,03.CCTV Mobile Usage.mkv,632de9ed55947761d56d4c6142a3cb1a1fe69d0b1a6d0e01a2e404c697962623,dfine_sahi,12200.0,mouse,0.5362,865.33,413.73,891.65,435.43,571.2,26.33,21.69,1.214,False,,True,R-desk,5,evt_S-61_desk_work_surface_0001,590143951782a0e5,lap_bag_context,no_pose_observation,34560.0,1.33,,1,cam12/e1/v1,
full,03.CCTV Mobile Usage.mkv,632de9ed55947761d56d4c6142a3cb1a1fe69d0b1a6d0e01a2e404c697962623,dfine_sahi,12200.0,phone,0.502,1043.42,420.25,1113.56,474.19,3783.5,70.14,53.94,1.3,False,,True,R-desk,5,evt_S-61_desk_work_surface_0001,590143951782a0e5,lap_bag_context,no_pose_observation,34560.0,1.33,,1,cam12/e1/v1,
full,03.CCTV Mobile Usage.mkv,632de9ed55947761d56d4c6142a3cb1a1fe69d0b1a6d0e01a2e404c697962623,dfine_sahi,12200.0,keyboard,0.4259,802.41,396.23,870.38,420.7,1663.5,67.97,24.47,2.777,False,,True,R-desk,5,evt_S-61_desk_work_surface_0001,590143951782a0e5,lap_bag_context,no_pose_observation,34560.0,1.33,,1,cam12/e1/v1,
full,03.CCTV Mobile Usage.mkv,632de9ed55947761d56d4c6142a3cb1a1fe69d0b1a6d0e01a2e404c697962623,dfine_sahi,12200.0,unknown_object,0.419,700.01,396.25,758.88,490.74,5562.0,58.86,94.49,0.623,False,,True,R-desk,5,evt_S-61_desk_work_surface_0001,590143951782a0e5,lap_bag_context,no_pose_observation,34560.0,1.33,,1,cam12/e1/v1,
full,03.CCTV Mobile Usage.mkv,632de9ed55947761d56d4c6142a3cb1a1fe69d0b1a6d0e01a2e404c697962623,dfine_sahi,12200.0,unknown_object,0.4068,766.63,411.06,969.87,506.12,19319.4,203.24,95.06,2.138,False,,True,R-desk,5,evt_S-61_desk_work_surface_0001,590143951782a0e5,lap_bag_context,no_pose_observation,34560.0,1.33,,1,cam12/e1/v1,
full,03.CCTV Mobile Usage.mkv,632de9ed55947761d56d4c6142a3cb1a1fe69d0b1a6d0e01a2e404c697962623,dfine_sahi,12200.0,keyboard,0.3822,910.14,412.27,1091.85,506.27,17080.1,181.7,94.0,1.933,False,,True,R-desk,5,evt_S-61_desk_work_surface_0001,590143951782a0e5,lap_bag_context,no_pose_observation,34560.0,1.33,,1,cam12/e1/v1,
full,03.CCTV Mobile Usage.mkv,632de9ed55947761d56d4c6142a3cb1a1fe69d0b1a6d0e01a2e404c697962623,dfine_sahi,12200.0,monitor_or_bezel,0.3708,1019.35,395.54,1145.38,447.63,6564.5,126.03,52.09,2.42,False,,True,R-desk,5,evt_S-61_desk_work_surface_0001,590143951782a0e5,lap_bag_context,no_pose_observation,34560.0,1.33,,1,cam12/e1/v1,
full,03.CCTV Mobile Usage.mkv,632de9ed55947761d56d4c6142a3cb1a1fe69d0b1a6d0e01a2e404c697962623,dfine_sahi,12200.0,monitor_or_bezel,0.3169,735.83,395.53,1142.96,491.11,38914.7,407.13,95.58,4.259,False,,True,R-desk,5,evt_S-61_desk_work_surface_0001,590143951782a0e5,lap_bag_context,no_pose_observation,34560.0,1.33,,1,cam12/e1/v1,
full,03.CCTV Mobile Usage.mkv,632de9ed55947761d56d4c6142a3cb1a1fe69d0b1a6d0e01a2e404c697962623,dfine_sahi,12200.0,keyboard,0.3138,965.0,393.39,1115.98,475.05,12329.1,150.98,81.66,1.849,False,,True,R-desk,5,evt_S-61_desk_work_surface_0001,590143951782a0e5,lap_bag_context,no_pose_observation,34560.0,1.33,,1,cam12/e1/v1,
full,03.CCTV Mobile Usage.mkv,632de9ed55947761d56d4c6142a3cb1a1fe69d0b1a6d0e01a2e404c697962623,dfine_sahi,12200.0,unknown_object,0.2949,700.09,380.34,834.48,475.76,12823.9,134.39,95.42,1.408,False,,True,R-desk,5,evt_S-61_desk_work_surface_0001,590143951782a0e5,lap_bag_context,no_pose_observation,34560.0,1.33,,1,cam12/e1/v1,
full,03.CCTV Mobile Usage.mkv,632de9ed55947761d56d4c6142a3cb1a1fe69d0b1a6d0e01a2e404c697962623,dfine_sahi,12200.0,unknown_object,0.259,882.1,411.12,932.92,452.68,2112.5,50.82,41.57,1.223,False,,True,R-desk,5,evt_S-61_desk_work_surface_0001,590143951782a0e5,lap_bag_context,no_pose_observation,34560.0,1.33,,1,cam12/e1/v1,
full,03.CCTV Mobile Usage.mkv,632de9ed55947761d56d4c6142a3cb1a1fe69d0b1a6d0e01a2e404c697962623,dfine_sahi,12200.0,mouse,0.2566,966.92,398.36,992.04,410.52,305.6,25.12,12.16,2.065,False,,True,R-desk,5,evt_S-61_desk_work_surface_0001,590143951782a0e5,lap_bag_context,no_pose_observation,34560.0,1.33,,1,cam12/e1/v1,
full,03.CCTV Mobile Usage.mkv,632de9ed55947761d56d4c6142a3cb1a1fe69d0b1a6d0e01a2e404c697962623,dfine_sahi,12200.0,keyboard,0.2546,882.29,380.26,968.33,452.78,6239.6,86.03,72.52,1.186,False,,True,R-desk,5,evt_S-61_desk_work_surface_0001,590143951782a0e5,lap_bag_context,no_pose_observation,34560.0,1.33,,1,cam12/e1/v1,
full,03.CCTV Mobile Usage.mkv,632de9ed55947761d56d4c6142a3cb1a1fe69d0b1a6d0e01a2e404c697962623,dfine_sahi,12200.0,keyboard,0.8976,962.17,451.89,1068.0,491.41,4183.0,105.84,39.52,2.678,False,,True,R-desk,7,evt_S-61_desk_work_surface_0001,590143951782a0e5,lap_bag_context,no_pose_observation,34560.0,1.33,,1,cam12/e1/v1,
full,03.CCTV Mobile Usage.mkv,632de9ed55947761d56d4c6142a3cb1a1fe69d0b1a6d0e01a2e404c697962623,dfine_sahi,12200.0,monitor_or_bezel,0.7777,910.09,411.09,1140.62,506.37,21966.6,230.54,95.28,2.419,False,,True,R-desk,7,evt_S-61_desk_work_surface_0001,590143951782a0e5,lap_bag_context,no_pose_observation,34560.0,1.33,,1,cam12/e1/v1,
full,03.CCTV Mobile Usage.mkv,632de9ed55947761d56d4c6142a3cb1a1fe69d0b1a6d0e01a2e404c697962623,dfine_sahi,12200.0,monitor_or_bezel,0.7661,963.09,380.45,1152.47,475.0,17904.7,189.38,94.54,2.003,False,,True,R-desk,7,evt_S-61_desk_work_surface_0001,590143951782a0e5,lap_bag_context,no_pose_observation,34560.0,1.33,,1,cam12/e1/v1,
full,03.CCTV Mobile Usage.mkv,632de9ed55947761d56d4c6142a3cb1a1fe69d0b1a6d0e01a2e404c697962623,dfine_sahi,12200.0,monitor_or_bezel,0.7548,708.83,379.91,969.68,474.85,24765.2,260.85,94.94,2.747,False,,True,R-desk,7,evt_S-61_desk_work_surface_0001,590143951782a0e5,lap_bag_context,no_pose_observation,34560.0,1.33,,1,cam12/e1/v1,
full,03.CCTV Mobile Usage.mkv,632de9ed55947761d56d4c6142a3cb1a1fe69d0b1a6d0e01a2e404c697962623,dfine_sahi,12200.0,keyboard,0.6396,772.54,380.22,870.59,420.39,3939.1,98.05,40.17,2.441,False,,True,R-desk,7,evt_S-61_desk_work_surface_0001,590143951782a0e5,lap_bag_context,no_pose_observation,34560.0,1.33,,1,cam12/e1/v1,
full,03.CCTV Mobile Usage.mkv,632de9ed55947761d56d4c6142a3cb1a1fe69d0b1a6d0e01a2e404c697962623,dfine_sahi,12200.0,unknown_object,0.6304,699.93,411.25,871.59,506.3,16317.1,171.66,95.06,1.806,False,,True,R-desk,7,evt_S-61_desk_work_surface_0001,590143951782a0e5,lap_bag_context,no_pose_observation,34560.0,1.33,,1,cam12/e1/v1,
full,03.CCTV Mobile Usage.mkv,632de9ed55947761d56d4c6142a3cb1a1fe69d0b1a6d0e01a2e404c697962623,dfine_sahi,12200.0,keyboard,0.6225,962.8,452.25,1034.66,475.56,1675.1,71.86,23.31,3.083,False,,True,R-desk,7,evt_S-61_desk_work_surface_0001,590143951782a0e5,lap_bag_context,no_pose_observation,34560.0,1.33,,1,cam12/e1/v1,
full,03.CCTV Mobile Usage.mkv,632de9ed55947761d56d4c6142a3cb1a1fe69d0b1a6d0e01a2e404c697962623,dfine_sahi,12200.0,mouse,0.5362,865.33,413.73,891.65,435.43,571.2,26.33,21.69,1.214,False,,True,R-desk,7,evt_S-61_desk_work_surface_0001,590143951782a0e5,lap_bag_context,no_pose_observation,34560.0,1.33,,1,cam12/e1/v1,
full,03.CCTV Mobile Usage.mkv,632de9ed55947761d56d4c6142a3cb1a1fe69d0b1a6d0e01a2e404c697962623,dfine_sahi,12200.0,phone,0.502,1043.42,420.25,1113.56,474.19,3783.5,70.14,53.94,1.3,False,,True,R-desk,7,evt_S-61_desk_work_surface_0001,590143951782a0e5,lap_bag_context,no_pose_observation,34560.0,1.33,,1,cam12/e1/v1,
full,03.CCTV Mobile Usage.mkv,632de9ed55947761d56d4c6142a3cb1a1fe69d0b1a6d0e01a2e404c697962623,dfine_sahi,12200.0,keyboard,0.4259,802.41,396.23,870.38,420.7,1663.5,67.97,24.47,2.777,False,,True,R-desk,7,evt_S-61_desk_work_surface_0001,590143951782a0e5,lap_bag_context,no_pose_observation,34560.0,1.33,,1,cam12/e1/v1,
full,03.CCTV Mobile Usage.mkv,632de9ed55947761d56d4c6142a3cb1a1fe69d0b1a6d0e01a2e404c697962623,dfine_sahi,12200.0,unknown_object,0.419,700.01,396.25,758.88,490.74,5562.0,58.86,94.49,0.623,False,,True,R-desk,7,evt_S-61_desk_work_surface_0001,590143951782a0e5,lap_bag_context,no_pose_observation,34560.0,1.33,,1,cam12/e1/v1,
full,03.CCTV Mobile Usage.mkv,632de9ed55947761d56d4c6142a3cb1a1fe69d0b1a6d0e01a2e404c697962623,dfine_sahi,12200.0,unknown_object,0.4068,766.63,411.06,969.87,506.12,19319.4,203.24,95.06,2.138,False,,True,R-desk,7,evt_S-61_desk_work_surface_0001,590143951782a0e5,lap_bag_context,no_pose_observation,34560.0,1.33,,1,cam12/e1/v1,
full,03.CCTV Mobile Usage.mkv,632de9ed55947761d56d4c6142a3cb1a1fe69d0b1a6d0e01a2e404c697962623,dfine_sahi,12200.0,keyboard,0.3822,910.14,412.27,1091.85,506.27,17080.1,181.7,94.0,1.933,False,,True,R-desk,7,evt_S-61_desk_work_surface_0001,590143951782a0e5,lap_bag_context,no_pose_observation,34560.0,1.33,,1,cam12/e1/v1,
full,03.CCTV Mobile Usage.mkv,632de9ed55947761d56d4c6142a3cb1a1fe69d0b1a6d0e01a2e404c697962623,dfine_sahi,12200.0,monitor_or_bezel,0.3708,1019.35,395.54,1145.38,447.63,6564.5,126.03,52.09,2.42,False,,True,R-desk,7,evt_S-61_desk_work_surface_0001,590143951782a0e5,lap_bag_context,no_pose_observation,34560.0,1.33,,1,cam12/e1/v1,
full,03.CCTV Mobile Usage.mkv,632de9ed55947761d56d4c6142a3cb1a1fe69d0b1a6d0e01a2e404c697962623,dfine_sahi,12200.0,monitor_or_bezel,0.3169,735.83,395.53,1142.96,491.11,38914.7,407.13,95.58,4.259,False,,True,R-desk,7,evt_S-61_desk_work_surface_0001,590143951782a0e5,lap_bag_context,no_pose_observation,34560.0,1.33,,1,cam12/e1/v1,
full,03.CCTV Mobile Usage.mkv,632de9ed55947761d56d4c6142a3cb1a1fe69d0b1a6d0e01a2e404c697962623,dfine_sahi,12200.0,keyboard,0.3138,965.0,393.39,1115.98,475.05,12329.1,150.98,81.66,1.849,False,,True,R-desk,7,evt_S-61_desk_work_surface_0001,590143951782a0e5,lap_bag_context,no_pose_observation,34560.0,1.33,,1,cam12/e1/v1,
full,03.CCTV Mobile Usage.mkv,632de9ed55947761d56d4c6142a3cb1a1fe69d0b1a6d0e01a2e404c697962623,dfine_sahi,12200.0,unknown_object,0.2949,700.09,380.34,834.48,475.76,12823.9,134.39,95.42,1.408,False,,True,R-desk,7,evt_S-61_desk_work_surface_0001,590143951782a0e5,lap_bag_context,no_pose_observation,34560.0,1.33,,1,cam12/e1/v1,
full,03.CCTV Mobile Usage.mkv,632de9ed55947761d56d4c6142a3cb1a1fe69d0b1a6d0e01a2e404c697962623,dfine_sahi,12200.0,unknown_object,0.259,882.1,411.12,932.92,452.68,2112.5,50.82,41.57,1.223,False,,True,R-desk,7,evt_S-61_desk_work_surface_0001,590143951782a0e5,lap_bag_context,no_pose_observation,34560.0,1.33,,1,cam12/e1/v1,
full,03.CCTV Mobile Usage.mkv,632de9ed55947761d56d4c6142a3cb1a1fe69d0b1a6d0e01a2e404c697962623,dfine_sahi,12200.0,mouse,0.2566,966.92,398.36,992.04,410.52,305.6,25.12,12.16,2.065,False,,True,R-desk,7,evt_S-61_desk_work_surface_0001,590143951782a0e5,lap_bag_context,no_pose_observation,34560.0,1.33,,1,cam12/e1/v1,
full,03.CCTV Mobile Usage.mkv,632de9ed55947761d56d4c6142a3cb1a1fe69d0b1a6d0e01a2e404c697962623,dfine_sahi,12200.0,keyboard,0.2546,882.29,380.26,968.33,452.78,6239.6,86.03,72.52,1.186,False,,True,R-desk,7,evt_S-61_desk_work_surface_0001,590143951782a0e5,lap_bag_context,no_pose_observation,34560.0,1.33,,1,cam12/e1/v1,
full,03.CCTV Mobile Usage.mkv,632de9ed55947761d56d4c6142a3cb1a1fe69d0b1a6d0e01a2e404c697962623,dfine_sahi,12200.0,unknown_object,0.7803,89.04,388.39,184.92,483.39,9108.1,95.87,95.0,1.009,False,,True,S-61,1,evt_S-61_desk_work_surface_0001,d9e493aa82dc7fae,pose_hand_context,,26179.2,3.96,,1,cam12/e1/v1,rtmpose_baseline
full,03.CCTV Mobile Usage.mkv,632de9ed55947761d56d4c6142a3cb1a1fe69d0b1a6d0e01a2e404c697962623,dfine_sahi,12200.0,unknown_object,0.5713,45.78,509.25,84.88,553.8,1741.8,39.1,44.55,0.878,False,,True,S-61,1,evt_S-61_desk_work_surface_0001,d9e493aa82dc7fae,pose_hand_context,,26179.2,3.96,,1,cam12/e1/v1,rtmpose_baseline
full,03.CCTV Mobile Usage.mkv,632de9ed55947761d56d4c6142a3cb1a1fe69d0b1a6d0e01a2e404c697962623,dfine_sahi,12200.0,stationery,0.5307,100.25,476.49,162.05,529.52,3277.1,61.79,53.03,1.165,False,,True,S-61,1,evt_S-61_desk_work_surface_0001,d9e493aa82dc7fae,pose_hand_context,,26179.2,3.96,,1,cam12/e1/v1,rtmpose_baseline
full,03.CCTV Mobile Usage.mkv,632de9ed55947761d56d4c6142a3cb1a1fe69d0b1a6d0e01a2e404c697962623,dfine_sahi,12200.0,unknown_object,0.5213,18.05,388.21,113.93,483.54,9139.9,95.88,95.33,1.006,False,,True,S-61,1,evt_S-61_desk_work_surface_0001,d9e493aa82dc7fae,pose_hand_context,,26179.2,3.96,,1,cam12/e1/v1,rtmpose_baseline
full,03.CCTV Mobile Usage.mkv,632de9ed55947761d56d4c6142a3cb1a1fe69d0b1a6d0e01a2e404c697962623,dfine_sahi,12200.0,stationery,0.4999,43.06,443.69,72.49,471.52,819.0,29.43,27.83,1.057,False,,True,S-61,1,evt_S-61_desk_work_surface_0001,d9e493aa82dc7fae,pose_hand_context,,26179.2,3.96,,1,cam12/e1/v1,rtmpose_baseline
full,03.CCTV Mobile Usage.mkv,632de9ed55947761d56d4c6142a3cb1a1fe69d0b1a6d0e01a2e404c697962623,dfine_sahi,12200.0,stationery,0.494,20.99,492.72,182.84,552.42,9663.6,161.86,59.71,2.711,False,,True,S-61,1,evt_S-61_desk_work_surface_0001,d9e493aa82dc7fae,pose_hand_context,,26179.2,3.96,,1,cam12/e1/v1,rtmpose_baseline
full,03.CCTV Mobile Usage.mkv,632de9ed55947761d56d4c6142a3cb1a1fe69d0b1a6d0e01a2e404c697962623,dfine_sahi,12200.0,stationery,0.4578,21.12,443.03,79.45,497.59,3182.4,58.33,54.56,1.069,False,,True,S-61,1,evt_S-61_desk_work_surface_0001,d9e493aa82dc7fae,pose_hand_context,,26179.2,3.96,,1,cam12/e1/v1,rtmpose_baseline
full,03.CCTV Mobile Usage.mkv,632de9ed55947761d56d4c6142a3cb1a1fe69d0b1a6d0e01a2e404c697962623,dfine_sahi,12200.0,unknown_object,0.4296,88.96,459.34,184.94,554.55,9138.1,95.98,95.21,1.008,False,,True,S-61,1,evt_S-61_desk_work_surface_0001,d9e493aa82dc7fae,pose_hand_context,,26179.2,3.96,,1,cam12/e1/v1,rtmpose_baseline
full,03.CCTV Mobile Usage.mkv,632de9ed55947761d56d4c6142a3cb1a1fe69d0b1a6d0e01a2e404c697962623,dfine_sahi,12200.0,stationery,0.3943,79.78,404.77,151.78,496.14,6578.9,72.0,91.37,0.788,False,,True,S-61,1,evt_S-61_desk_work_surface_0001,d9e493aa82dc7fae,pose_hand_context,,26179.2,3.96,,1,cam12/e1/v1,rtmpose_baseline
full,03.CCTV Mobile Usage.mkv,632de9ed55947761d56d4c6142a3cb1a1fe69d0b1a6d0e01a2e404c697962623,dfine_sahi,12200.0,unknown_object,0.3504,89.08,459.06,161.02,498.61,2845.8,71.95,39.55,1.819,False,,True,S-61,1,evt_S-61_desk_work_surface_0001,d9e493aa82dc7fae,pose_hand_context,,26179.2,3.96,,1,cam12/e1/v1,rtmpose_baseline
full,03.CCTV Mobile Usage.mkv,632de9ed55947761d56d4c6142a3cb1a1fe69d0b1a6d0e01a2e404c697962623,dfine_sahi,12200.0,stationery,0.3254,128.89,446.03,160.88,491.38,1450.6,31.99,45.35,0.705,False,,True,S-61,1,evt_S-61_desk_work_surface_0001,d9e493aa82dc7fae,pose_hand_context,,26179.2,3.96,,1,cam12/e1/v1,rtmpose_baseline
full,03.CCTV Mobile Usage.mkv,632de9ed55947761d56d4c6142a3cb1a1fe69d0b1a6d0e01a2e404c697962623,dfine_sahi,12200.0,unknown_object,0.3165,18.02,459.16,113.94,554.68,9162.5,95.92,95.52,1.004,False,,True,S-61,1,evt_S-61_desk_work_surface_0001,d9e493aa82dc7fae,pose_hand_context,,26179.2,3.96,,1,cam12/e1/v1,rtmpose_baseline
full,03.CCTV Mobile Usage.mkv,632de9ed55947761d56d4c6142a3cb1a1fe69d0b1a6d0e01a2e404c697962623,dfine_sahi,12200.0,unknown_object,0.3013,89.05,527.04,184.97,554.84,2666.6,95.92,27.8,3.451,False,,True,S-61,1,evt_S-61_desk_work_surface_0001,d9e493aa82dc7fae,pose_hand_context,,26179.2,3.96,,1,cam12/e1/v1,rtmpose_baseline
full,03.CCTV Mobile Usage.mkv,632de9ed55947761d56d4c6142a3cb1a1fe69d0b1a6d0e01a2e404c697962623,dfine_sahi,12200.0,unknown_object,0.2999,18.16,459.09,113.84,499.0,3818.3,95.68,39.91,2.398,False,,True,S-61,1,evt_S-61_desk_work_surface_0001,d9e493aa82dc7fae,pose_hand_context,,26179.2,3.96,,1,cam12/e1/v1,rtmpose_baseline
full,03.CCTV Mobile Usage.mkv,632de9ed55947761d56d4c6142a3cb1a1fe69d0b1a6d0e01a2e404c697962623,dfine_sahi,12200.0,unknown_object,0.2685,42.87,442.89,73.0,471.0,847.0,30.13,28.11,1.072,False,,True,S-61,1,evt_S-61_desk_work_surface_0001,d9e493aa82dc7fae,pose_hand_context,,26179.2,3.96,,1,cam12/e1/v1,rtmpose_baseline
full,03.CCTV Mobile Usage.mkv,632de9ed55947761d56d4c6142a3cb1a1fe69d0b1a6d0e01a2e404c697962623,dfine_sahi,12200.0,unknown_object,0.2607,70.99,425.64,114.0,483.61,2493.1,43.01,57.97,0.742,False,,True,S-61,1,evt_S-61_desk_work_surface_0001,d9e493aa82dc7fae,pose_hand_context,,26179.2,3.96,,1,cam12/e1/v1,rtmpose_baseline
full,03.CCTV Mobile Usage.mkv,632de9ed55947761d56d4c6142a3cb1a1fe69d0b1a6d0e01a2e404c697962623,dfine_sahi,12200.0,unknown_object,0.2547,108.6,446.14,162.15,483.77,2015.3,53.56,37.63,1.423,False,,True,S-61,1,evt_S-61_desk_work_surface_0001,d9e493aa82dc7fae,pose_hand_context,,26179.2,3.96,,1,cam12/e1/v1,rtmpose_baseline
full,03.CCTV Mobile Usage.mkv,632de9ed55947761d56d4c6142a3cb1a1fe69d0b1a6d0e01a2e404c697962623,dfine_sahi,12200.0,bag,0.4795,211.32,222.57,246.92,308.53,3060.5,35.6,85.96,0.414,False,,True,S-61,2,evt_S-61_desk_work_surface_0001,f9214926523ed6ae,pose_hand_context,,32623.6,3.54,,1,cam12/e1/v1,rtmpose_baseline
full,03.CCTV Mobile Usage.mkv,632de9ed55947761d56d4c6142a3cb1a1fe69d0b1a6d0e01a2e404c697962623,dfine_sahi,12200.0,unknown_object,0.4394,160.09,289.34,261.77,390.34,10268.6,101.67,101.0,1.007,False,,True,S-61,2,evt_S-61_desk_work_surface_0001,f9214926523ed6ae,pose_hand_context,,32623.6,3.54,,1,cam12/e1/v1,rtmpose_baseline
full,03.CCTV Mobile Usage.mkv,632de9ed55947761d56d4c6142a3cb1a1fe69d0b1a6d0e01a2e404c697962623,dfine_sahi,12200.0,unknown_object,0.3969,203.81,293.53,340.8,389.77,13183.5,136.99,96.24,1.423,False,,True,S-61,2,evt_S-61_desk_work_surface_0001,f9214926523ed6ae,pose_hand_context,,32623.6,3.54,,1,cam12/e1/v1,rtmpose_baseline
full,03.CCTV Mobile Usage.mkv,632de9ed55947761d56d4c6142a3cb1a1fe69d0b1a6d0e01a2e404c697962623,dfine_sahi,12200.0,unknown_object,0.3076,211.31,222.8,235.93,307.42,2083.8,24.63,84.62,0.291,False,,True,S-61,2,evt_S-61_desk_work_surface_0001,f9214926523ed6ae,pose_hand_context,,32623.6,3.54,,1,cam12/e1/v1,rtmpose_baseline
full,03.CCTV Mobile Usage.mkv,632de9ed55947761d56d4c6142a3cb1a1fe69d0b1a6d0e01a2e404c697962623,dfine_sahi,12200.0,unknown_object,0.2988,239.0,296.45,257.4,350.96,1002.7,18.4,54.51,0.338,False,,True,S-61,2,evt_S-61_desk_work_surface_0001,f9214926523ed6ae,pose_hand_context,,32623.6,3.54,,1,cam12/e1/v1,rtmpose_baseline
full,03.CCTV Mobile Usage.mkv,632de9ed55947761d56d4c6142a3cb1a1fe69d0b1a6d0e01a2e404c697962623,dfine_sahi,12200.0,unknown_object,0.28,204.51,295.28,258.2,354.02,3153.2,53.69,58.73,0.914,False,,True,S-61,2,evt_S-61_desk_work_surface_0001,f9214926523ed6ae,pose_hand_context,,32623.6,3.54,,1,cam12/e1/v1,rtmpose_baseline
full,03.CCTV Mobile Usage.mkv,632de9ed55947761d56d4c6142a3cb1a1fe69d0b1a6d0e01a2e404c697962623,dfine_sahi,12700.0,unknown_object,0.6258,208.22,282.17,254.8,347.59,3047.4,46.58,65.43,0.712,False,,True,S-61,2,evt_S-61_desk_work_surface_0001,1f3041ccf4ecfadb,pose_hand_context,,34165.8,3.46,,1,cam12/e1/v1,rtmpose_baseline
full,03.CCTV Mobile Usage.mkv,632de9ed55947761d56d4c6142a3cb1a1fe69d0b1a6d0e01a2e404c697962623,dfine_sahi,12700.0,unknown_object,0.4182,232.03,282.05,335.92,346.9,6737.7,103.89,64.85,1.602,False,,True,S-61,2,evt_S-61_desk_work_surface_0001,1f3041ccf4ecfadb,pose_hand_context,,34165.8,3.46,,1,cam12/e1/v1,rtmpose_baseline
full,03.CCTV Mobile Usage.mkv,632de9ed55947761d56d4c6142a3cb1a1fe69d0b1a6d0e01a2e404c697962623,dfine_sahi,12700.0,unknown_object,0.4033,179.18,282.25,254.91,385.2,7795.8,75.73,102.94,0.736,False,,True,S-61,2,evt_S-61_desk_work_surface_0001,1f3041ccf4ecfadb,pose_hand_context,,34165.8,3.46,,1,cam12/e1/v1,rtmpose_baseline
full,03.CCTV Mobile Usage.mkv,632de9ed55947761d56d4c6142a3cb1a1fe69d0b1a6d0e01a2e404c697962623,dfine_sahi,12700.0,unknown_object,0.3581,232.0,282.15,269.37,345.04,2350.1,37.37,62.88,0.594,False,,True,S-61,2,evt_S-61_desk_work_surface_0001,1f3041ccf4ecfadb,pose_hand_context,,34165.8,3.46,,1,cam12/e1/v1,rtmpose_baseline
full,03.CCTV Mobile Usage.mkv,632de9ed55947761d56d4c6142a3cb1a1fe69d0b1a6d0e01a2e404c697962623,dfine_sahi,12700.0,stationery,0.3238,204.07,224.11,234.9,299.29,2317.4,30.82,75.18,0.41,False,,True,S-61,2,evt_S-61_desk_work_surface_0001,1f3041ccf4ecfadb,pose_hand_context,,34165.8,3.46,,1,cam12/e1/v1,rtmpose_baseline
full,03.CCTV Mobile Usage.mkv,632de9ed55947761d56d4c6142a3cb1a1fe69d0b1a6d0e01a2e404c697962623,dfine_sahi,12700.0,unknown_object,0.312,180.49,293.84,335.84,384.62,14102.7,155.35,90.78,1.711,False,,True,S-61,2,evt_S-61_desk_work_surface_0001,1f3041ccf4ecfadb,pose_hand_context,,34165.8,3.46,,1,cam12/e1/v1,rtmpose_baseline
full,03.CCTV Mobile Usage.mkv,632de9ed55947761d56d4c6142a3cb1a1fe69d0b1a6d0e01a2e404c697962623,dfine_sahi,12700.0,unknown_object,0.296,232.09,225.53,251.91,302.99,1535.1,19.82,77.46,0.256,False,,True,S-61,2,evt_S-61_desk_work_surface_0001,1f3041ccf4ecfadb,pose_hand_context,,34165.8,3.46,,1,cam12/e1/v1,rtmpose_baseline
full,03.CCTV Mobile Usage.mkv,632de9ed55947761d56d4c6142a3cb1a1fe69d0b1a6d0e01a2e404c697962623,dfine_sahi,12700.0,unknown_object,0.2821,232.0,202.2,274.95,302.87,4324.2,42.95,100.67,0.427,False,,True,S-61,2,evt_S-61_desk_work_surface_0001,1f3041ccf4ecfadb,pose_hand_context,,34165.8,3.46,,1,cam12/e1/v1,rtmpose_baseline
full,03.CCTV Mobile Usage.mkv,632de9ed55947761d56d4c6142a3cb1a1fe69d0b1a6d0e01a2e404c697962623,dfine_sahi,12700.0,unknown_object,0.693,44.6,506.5,85.59,554.91,1984.3,40.99,48.41,0.847,False,,True,S-61,1,evt_S-61_desk_work_surface_0001,4da4af0040eee7f8,pose_hand_context,,26771.5,3.91,,1,cam12/e1/v1,rtmpose_baseline
full,03.CCTV Mobile Usage.mkv,632de9ed55947761d56d4c6142a3cb1a1fe69d0b1a6d0e01a2e404c697962623,dfine_sahi,12700.0,stationery,0.6678,16.94,415.09,101.63,498.59,7071.1,84.68,83.5,1.014,False,,True,S-61,1,evt_S-61_desk_work_surface_0001,4da4af0040eee7f8,pose_hand_context,,26771.5,3.91,,1,cam12/e1/v1,rtmpose_baseline
full,03.CCTV Mobile Usage.mkv,632de9ed55947761d56d4c6142a3cb1a1fe69d0b1a6d0e01a2e404c697962623,dfine_sahi,12700.0,unknown_object,0.573,15.0,390.2,110.87,485.48,9133.7,95.87,95.28,1.006,False,,True,S-61,1,evt_S-61_desk_work_surface_0001,4da4af0040eee7f8,pose_hand_context,,26771.5,3.91,,1,cam12/e1/v1,rtmpose_baseline
full,03.CCTV Mobile Usage.mkv,632de9ed55947761d56d4c6142a3cb1a1fe69d0b1a6d0e01a2e404c697962623,dfine_sahi,12700.0,unknown_object,0.4848,86.04,390.49,181.69,485.39,9077.6,95.65,94.91,1.008,False,,True,S-61,1,evt_S-61_desk_work_surface_0001,4da4af0040eee7f8,pose_hand_context,,26771.5,3.91,,1,cam12/e1/v1,rtmpose_baseline
full,03.CCTV Mobile Usage.mkv,632de9ed55947761d56d4c6142a3cb1a1fe69d0b1a6d0e01a2e404c697962623,dfine_sahi,12700.0,stationery,0.4537,43.03,443.84,71.91,471.22,790.8,28.88,27.38,1.055,False,,True,S-61,1,evt_S-61_desk_work_surface_0001,4da4af0040eee7f8,pose_hand_context,,26771.5,3.91,,1,cam12/e1/v1,rtmpose_baseline
full,03.CCTV Mobile Usage.mkv,632de9ed55947761d56d4c6142a3cb1a1fe69d0b1a6d0e01a2e404c697962623,dfine_sahi,12700.0,unknown_object,0.4373,86.05,462.07,158.68,498.66,2657.5,72.63,36.59,1.985,False,,True,S-61,1,evt_S-61_desk_work_surface_0001,4da4af0040eee7f8,pose_hand_context,,26771.5,3.91,,1,cam12/e1/v1,rtmpose_baseline
full,03.CCTV Mobile Usage.mkv,632de9ed55947761d56d4c6142a3cb1a1fe69d0b1a6d0e01a2e404c697962623,dfine_sahi,12700.0,stationery,0.4137,100.29,478.46,160.44,531.68,3201.6,60.15,53.23,1.13,False,,True,S-61,1,evt_S-61_desk_work_surface_0001,4da4af0040eee7f8,pose_hand_context,,26771.5,3.91,,1,cam12/e1/v1,rtmpose_baseline
full,03.CCTV Mobile Usage.mkv,632de9ed55947761d56d4c6142a3cb1a1fe69d0b1a6d0e01a2e404c697962623,dfine_sahi,12700.0,stationery,0.3928,17.08,478.77,179.78,555.65,12507.6,162.7,76.88,2.116,False,,True,S-61,1,evt_S-61_desk_work_surface_0001,4da4af0040eee7f8,pose_hand_context,,26771.5,3.91,,1,cam12/e1/v1,rtmpose_baseline
full,03.CCTV Mobile Usage.mkv,632de9ed55947761d56d4c6142a3cb1a1fe69d0b1a6d0e01a2e404c697962623,dfine_sahi,12700.0,stationery,0.3759,83.39,418.29,149.81,496.41,5188.5,66.42,78.12,0.85,False,,True,S-61,1,evt_S-61_desk_work_surface_0001,4da4af0040eee7f8,pose_hand_context,,26771.5,3.91,,1,cam12/e1/v1,rtmpose_baseline
full,03.CCTV Mobile Usage.mkv,632de9ed55947761d56d4c6142a3cb1a1fe69d0b1a6d0e01a2e404c697962623,dfine_sahi,12700.0,unknown_object,0.3453,15.1,462.18,110.99,557.22,9113.6,95.89,95.04,1.009,False,,True,S-61,1,evt_S-61_desk_work_surface_0001,4da4af0040eee7f8,pose_hand_context,,26771.5,3.91,,1,cam12/e1/v1,rtmpose_baseline
full,03.CCTV Mobile Usage.mkv,632de9ed55947761d56d4c6142a3cb1a1fe69d0b1a6d0e01a2e404c697962623,dfine_sahi,12700.0,unknown_object,0.3365,85.99,462.21,181.95,557.61,9154.5,95.96,95.4,1.006,False,,True,S-61,1,evt_S-61_desk_work_surface_0001,4da4af0040eee7f8,pose_hand_context,,26771.5,3.91,,1,cam12/e1/v1,rtmpose_baseline
full,03.CCTV Mobile Usage.mkv,632de9ed55947761d56d4c6142a3cb1a1fe69d0b1a6d0e01a2e404c697962623,dfine_sahi,12700.0,unknown_object,0.3187,16.81,392.13,180.06,555.34,26644.7,163.25,163.21,1.0,False,,True,S-61,1,evt_S-61_desk_work_surface_0001,4da4af0040eee7f8,pose_hand_context,,26771.5,3.91,,1,cam12/e1/v1,rtmpose_baseline
full,03.CCTV Mobile Usage.mkv,632de9ed55947761d56d4c6142a3cb1a1fe69d0b1a6d0e01a2e404c697962623,dfine_sahi,12700.0,unknown_object,0.3066,15.18,462.04,110.87,500.4,3670.7,95.69,38.36,2.494,False,,True,S-61,1,evt_S-61_desk_work_surface_0001,4da4af0040eee7f8,pose_hand_context,,26771.5,3.91,,1,cam12/e1/v1,rtmpose_baseline
full,03.CCTV Mobile Usage.mkv,632de9ed55947761d56d4c6142a3cb1a1fe69d0b1a6d0e01a2e404c697962623,dfine_sahi,12700.0,unknown_object,0.2972,42.81,443.28,72.54,470.88,820.3,29.73,27.59,1.077,False,,True,S-61,1,evt_S-61_desk_work_surface_0001,4da4af0040eee7f8,pose_hand_context,,26771.5,3.91,,1,cam12/e1/v1,rtmpose_baseline
full,03.CCTV Mobile Usage.mkv,632de9ed55947761d56d4c6142a3cb1a1fe69d0b1a6d0e01a2e404c697962623,dfine_sahi,12700.0,unknown_object,0.2901,100.15,445.78,159.03,485.67,2349.3,58.89,39.89,1.476,False,,True,S-61,1,evt_S-61_desk_work_surface_0001,4da4af0040eee7f8,pose_hand_context,,26771.5,3.91,,1,cam12/e1/v1,rtmpose_baseline
full,03.CCTV Mobile Usage.mkv,632de9ed55947761d56d4c6142a3cb1a1fe69d0b1a6d0e01a2e404c697962623,dfine_sahi,12700.0,unknown_object,0.2805,145.05,431.21,181.9,485.47,1998.9,36.85,54.25,0.679,False,,True,S-61,1,evt_S-61_desk_work_surface_0001,4da4af0040eee7f8,pose_hand_context,,26771.5,3.91,,1,cam12/e1/v1,rtmpose_baseline
full,03.CCTV Mobile Usage.mkv,632de9ed55947761d56d4c6142a3cb1a1fe69d0b1a6d0e01a2e404c697962623,dfine_sahi,12700.0,unknown_object,0.2733,87.04,417.43,147.03,485.06,4057.1,59.98,67.64,0.887,False,,True,S-61,1,evt_S-61_desk_work_surface_0001,4da4af0040eee7f8,pose_hand_context,,26771.5,3.91,,1,cam12/e1/v1,rtmpose_baseline
full,03.CCTV Mobile Usage.mkv,632de9ed55947761d56d4c6142a3cb1a1fe69d0b1a6d0e01a2e404c697962623,dfine_sahi,12700.0,stationery,0.2584,43.55,506.11,90.56,554.91,2293.7,47.0,48.8,0.963,False,,True,S-61,1,evt_S-61_desk_work_surface_0001,4da4af0040eee7f8,pose_hand_context,,26771.5,3.91,,1,cam12/e1/v1,rtmpose_baseline
full,03.CCTV Mobile Usage.mkv,632de9ed55947761d56d4c6142a3cb1a1fe69d0b1a6d0e01a2e404c697962623,dfine_sahi,12700.0,stationery,0.2505,127.81,445.39,158.05,490.1,1352.2,30.24,44.71,0.676,False,,True,S-61,1,evt_S-61_desk_work_surface_0001,4da4af0040eee7f8,pose_hand_context,,26771.5,3.91,,1,cam12/e1/v1,rtmpose_baseline
full,03.CCTV Mobile Usage.mkv,632de9ed55947761d56d4c6142a3cb1a1fe69d0b1a6d0e01a2e404c697962623,dfine_sahi,12700.0,keyboard,0.894,962.1,451.9,1067.92,491.45,4185.1,105.83,39.55,2.676,False,,True,R-desk,5,evt_S-61_desk_work_surface_0001,968235d01208b21f,lap_bag_context,no_pose_observation,34560.0,1.33,,1,cam12/e1/v1,
full,03.CCTV Mobile Usage.mkv,632de9ed55947761d56d4c6142a3cb1a1fe69d0b1a6d0e01a2e404c697962623,dfine_sahi,12700.0,monitor_or_bezel,0.7704,910.05,411.11,1140.77,506.4,21985.2,230.72,95.29,2.421,False,,True,R-desk,5,evt_S-61_desk_work_surface_0001,968235d01208b21f,lap_bag_context,no_pose_observation,34560.0,1.33,,1,cam12/e1/v1,
full,03.CCTV Mobile Usage.mkv,632de9ed55947761d56d4c6142a3cb1a1fe69d0b1a6d0e01a2e404c697962623,dfine_sahi,12700.0,monitor_or_bezel,0.7415,963.79,380.39,1152.82,475.21,17925.6,189.04,94.83,1.994,False,,True,R-desk,5,evt_S-61_desk_work_surface_0001,968235d01208b21f,lap_bag_context,no_pose_observation,34560.0,1.33,,1,cam12/e1/v1,
full,03.CCTV Mobile Usage.mkv,632de9ed55947761d56d4c6142a3cb1a1fe69d0b1a6d0e01a2e404c697962623,dfine_sahi,12700.0,monitor_or_bezel,0.7017,707.0,379.91,969.69,474.94,24964.2,262.7,95.03,2.764,False,,True,R-desk,5,evt_S-61_desk_work_surface_0001,968235d01208b21f,lap_bag_context,no_pose_observation,34560.0,1.33,,1,cam12/e1/v1,
full,03.CCTV Mobile Usage.mkv,632de9ed55947761d56d4c6142a3cb1a1fe69d0b1a6d0e01a2e404c697962623,dfine_sahi,12700.0,keyboard,0.6368,772.62,380.23,871.14,420.4,3956.9,98.52,40.16,2.453,False,,True,R-desk,5,evt_S-61_desk_work_surface_0001,968235d01208b21f,lap_bag_context,no_pose_observation,34560.0,1.33,,1,cam12/e1/v1,
full,03.CCTV Mobile Usage.mkv,632de9ed55947761d56d4c6142a3cb1a1fe69d0b1a6d0e01a2e404c697962623,dfine_sahi,12700.0,keyboard,0.626,962.63,452.36,1035.08,475.63,1686.1,72.45,23.27,3.113,False,,True,R-desk,5,evt_S-61_desk_work_surface_0001,968235d01208b21f,lap_bag_context,no_pose_observation,34560.0,1.33,,1,cam12/e1/v1,
full,03.CCTV Mobile Usage.mkv,632de9ed55947761d56d4c6142a3cb1a1fe69d0b1a6d0e01a2e404c697962623,dfine_sahi,12700.0,unknown_object,0.6223,699.91,396.23,849.49,492.42,14387.6,149.57,96.19,1.555,False,,True,R-desk,5,evt_S-61_desk_work_surface_0001,968235d01208b21f,lap_bag_context,no_pose_observation,34560.0,1.33,,1,cam12/e1/v1,
full,03.CCTV Mobile Usage.mkv,632de9ed55947761d56d4c6142a3cb1a1fe69d0b1a6d0e01a2e404c697962623,dfine_sahi,12700.0,mouse,0.5609,865.43,413.69,891.29,435.25,557.7,25.86,21.56,1.2,False,,True,R-desk,5,evt_S-61_desk_work_surface_0001,968235d01208b21f,lap_bag_context,no_pose_observation,34560.0,1.33,,1,cam12/e1/v1,
full,03.CCTV Mobile Usage.mkv,632de9ed55947761d56d4c6142a3cb1a1fe69d0b1a6d0e01a2e404c697962623,dfine_sahi,12700.0,unknown_object,0.5153,769.06,411.0,969.84,505.95,19064.3,200.79,94.95,2.115,False,,True,R-desk,5,evt_S-61_desk_work_surface_0001,968235d01208b21f,lap_bag_context,no_pose_observation,34560.0,1.33,,1,cam12/e1/v1,
full,03.CCTV Mobile Usage.mkv,632de9ed55947761d56d4c6142a3cb1a1fe69d0b1a6d0e01a2e404c697962623,dfine_sahi,12700.0,phone,0.4329,1043.38,421.52,1113.16,473.57,3632.0,69.78,52.05,1.341,False,,True,R-desk,5,evt_S-61_desk_work_surface_0001,968235d01208b21f,lap_bag_context,no_pose_observation,34560.0,1.33,,1,cam12/e1/v1,
full,03.CCTV Mobile Usage.mkv,632de9ed55947761d56d4c6142a3cb1a1fe69d0b1a6d0e01a2e404c697962623,dfine_sahi,12700.0,keyboard,0.4237,802.46,396.22,870.9,420.71,1675.7,68.44,24.48,2.795,False,,True,R-desk,5,evt_S-61_desk_work_surface_0001,968235d01208b21f,lap_bag_context,no_pose_observation,34560.0,1.33,,1,cam12/e1/v1,
full,03.CCTV Mobile Usage.mkv,632de9ed55947761d56d4c6142a3cb1a1fe69d0b1a6d0e01a2e404c697962623,dfine_sahi,12700.0,unknown_object,0.4019,699.97,396.22,757.52,491.04,5456.4,57.55,94.82,0.607,False,,True,R-desk,5,evt_S-61_desk_work_surface_0001,968235d01208b21f,lap_bag_context,no_pose_observation,34560.0,1.33,,1,cam12/e1/v1,
full,03.CCTV Mobile Usage.mkv,632de9ed55947761d56d4c6142a3cb1a1fe69d0b1a6d0e01a2e404c697962623,dfine_sahi,12700.0,monitor_or_bezel,0.3892,1019.66,395.52,1145.06,446.55,6399.4,125.4,51.03,2.457,False,,True,R-desk,5,evt_S-61_desk_work_surface_0001,968235d01208b21f,lap_bag_context,no_pose_observation,34560.0,1.33,,1,cam12/e1/v1,
full,03.CCTV Mobile Usage.mkv,632de9ed55947761d56d4c6142a3cb1a1fe69d0b1a6d0e01a2e404c697962623,dfine_sahi,12700.0,keyboard,0.3418,910.14,412.13,1092.2,506.31,17145.9,182.06,94.18,1.933,False,,True,R-desk,5,evt_S-61_desk_work_surface_0001,968235d01208b21f,lap_bag_context,no_pose_observation,34560.0,1.33,,1,cam12/e1/v1,
full,03.CCTV Mobile Usage.mkv,632de9ed55947761d56d4c6142a3cb1a1fe69d0b1a6d0e01a2e404c697962623,dfine_sahi,12700.0,unknown_object,0.3256,882.06,411.12,932.43,452.77,2097.6,50.37,41.64,1.209,False,,True,R-desk,5,evt_S-61_desk_work_surface_0001,968235d01208b21f,lap_bag_context,no_pose_observation,34560.0,1.33,,1,cam12/e1/v1,
full,03.CCTV Mobile Usage.mkv,632de9ed55947761d56d4c6142a3cb1a1fe69d0b1a6d0e01a2e404c697962623,dfine_sahi,12700.0,keyboard,0.3233,965.98,396.21,1096.59,475.06,10299.0,130.61,78.85,1.656,False,,True,R-desk,5,evt_S-61_desk_work_surface_0001,968235d01208b21f,lap_bag_context,no_pose_observation,34560.0,1.33,,1,cam12/e1/v1,
full,03.CCTV Mobile Usage.mkv,632de9ed55947761d56d4c6142a3cb1a1fe69d0b1a6d0e01a2e404c697962623,dfine_sahi,12700.0,unknown_object,0.3092,736.55,395.62,1140.16,491.17,38565.1,403.61,95.55,4.224,False,,True,R-desk,5,evt_S-61_desk_work_surface_0001,968235d01208b21f,lap_bag_context,no_pose_observation,34560.0,1.33,,1,cam12/e1/v1,
full,03.CCTV Mobile Usage.mkv,632de9ed55947761d56d4c6142a3cb1a1fe69d0b1a6d0e01a2e404c697962623,dfine_sahi,12700.0,unknown_object,0.2767,881.3,411.54,969.9,505.58,8331.2,88.6,94.03,0.942,False,,True,R-desk,5,evt_S-61_desk_work_surface_0001,968235d01208b21f,lap_bag_context,no_pose_observation,34560.0,1.33,,1,cam12/e1/v1,
full,03.CCTV Mobile Usage.mkv,632de9ed55947761d56d4c6142a3cb1a1fe69d0b1a6d0e01a2e404c697962623,dfine_sahi,12700.0,mouse,0.2733,966.85,398.32,992.32,410.44,308.6,25.46,12.12,2.101,False,,True,R-desk,5,evt_S-61_desk_work_surface_0001,968235d01208b21f,lap_bag_context,no_pose_observation,34560.0,1.33,,1,cam12/e1/v1,
full,03.CCTV Mobile Usage.mkv,632de9ed55947761d56d4c6142a3cb1a1fe69d0b1a6d0e01a2e404c697962623,dfine_sahi,12700.0,keyboard,0.2603,882.33,380.23,968.97,453.05,6309.5,86.65,72.82,1.19,False,,True,R-desk,5,evt_S-61_desk_work_surface_0001,968235d01208b21f,lap_bag_context,no_pose_observation,34560.0,1.33,,1,cam12/e1/v1,
full,03.CCTV Mobile Usage.mkv,632de9ed55947761d56d4c6142a3cb1a1fe69d0b1a6d0e01a2e404c697962623,dfine_sahi,12700.0,unknown_object,0.2557,910.47,411.12,1177.79,506.5,25496.8,267.32,95.38,2.803,False,,True,R-desk,5,evt_S-61_desk_work_surface_0001,968235d01208b21f,lap_bag_context,no_pose_observation,34560.0,1.33,,1,cam12/e1/v1,
full,03.CCTV Mobile Usage.mkv,632de9ed55947761d56d4c6142a3cb1a1fe69d0b1a6d0e01a2e404c697962623,dfine_sahi,12700.0,keyboard,0.894,962.1,451.9,1067.92,491.45,4185.1,105.83,39.55,2.676,False,,True,R-desk,6,evt_S-61_desk_work_surface_0001,968235d01208b21f,lap_bag_context,no_pose_observation,34560.0,1.33,,1,cam12/e1/v1,
full,03.CCTV Mobile Usage.mkv,632de9ed55947761d56d4c6142a3cb1a1fe69d0b1a6d0e01a2e404c697962623,dfine_sahi,12700.0,monitor_or_bezel,0.7704,910.05,411.11,1140.77,506.4,21985.2,230.72,95.29,2.421,False,,True,R-desk,6,evt_S-61_desk_work_surface_0001,968235d01208b21f,lap_bag_context,no_pose_observation,34560.0,1.33,,1,cam12/e1/v1,
full,03.CCTV Mobile Usage.mkv,632de9ed55947761d56d4c6142a3cb1a1fe69d0b1a6d0e01a2e404c697962623,dfine_sahi,12700.0,monitor_or_bezel,0.7415,963.79,380.39,1152.82,475.21,17925.6,189.04,94.83,1.994,False,,True,R-desk,6,evt_S-61_desk_work_surface_0001,968235d01208b21f,lap_bag_context,no_pose_observation,34560.0,1.33,,1,cam12/e1/v1,
full,03.CCTV Mobile Usage.mkv,632de9ed55947761d56d4c6142a3cb1a1fe69d0b1a6d0e01a2e404c697962623,dfine_sahi,12700.0,monitor_or_bezel,0.7017,707.0,379.91,969.69,474.94,24964.2,262.7,95.03,2.764,False,,True,R-desk,6,evt_S-61_desk_work_surface_0001,968235d01208b21f,lap_bag_context,no_pose_observation,34560.0,1.33,,1,cam12/e1/v1,
full,03.CCTV Mobile Usage.mkv,632de9ed55947761d56d4c6142a3cb1a1fe69d0b1a6d0e01a2e404c697962623,dfine_sahi,12700.0,keyboard,0.6368,772.62,380.23,871.14,420.4,3956.9,98.52,40.16,2.453,False,,True,R-desk,6,evt_S-61_desk_work_surface_0001,968235d01208b21f,lap_bag_context,no_pose_observation,34560.0,1.33,,1,cam12/e1/v1,
full,03.CCTV Mobile Usage.mkv,632de9ed55947761d56d4c6142a3cb1a1fe69d0b1a6d0e01a2e404c697962623,dfine_sahi,12700.0,keyboard,0.626,962.63,452.36,1035.08,475.63,1686.1,72.45,23.27,3.113,False,,True,R-desk,6,evt_S-61_desk_work_surface_0001,968235d01208b21f,lap_bag_context,no_pose_observation,34560.0,1.33,,1,cam12/e1/v1,
full,03.CCTV Mobile Usage.mkv,632de9ed55947761d56d4c6142a3cb1a1fe69d0b1a6d0e01a2e404c697962623,dfine_sahi,12700.0,unknown_object,0.6223,699.91,396.23,849.49,492.42,14387.6,149.57,96.19,1.555,False,,True,R-desk,6,evt_S-61_desk_work_surface_0001,968235d01208b21f,lap_bag_context,no_pose_observation,34560.0,1.33,,1,cam12/e1/v1,
full,03.CCTV Mobile Usage.mkv,632de9ed55947761d56d4c6142a3cb1a1fe69d0b1a6d0e01a2e404c697962623,dfine_sahi,12700.0,mouse,0.5609,865.43,413.69,891.29,435.25,557.7,25.86,21.56,1.2,False,,True,R-desk,6,evt_S-61_desk_work_surface_0001,968235d01208b21f,lap_bag_context,no_pose_observation,34560.0,1.33,,1,cam12/e1/v1,
full,03.CCTV Mobile Usage.mkv,632de9ed55947761d56d4c6142a3cb1a1fe69d0b1a6d0e01a2e404c697962623,dfine_sahi,12700.0,unknown_object,0.5153,769.06,411.0,969.84,505.95,19064.3,200.79,94.95,2.115,False,,True,R-desk,6,evt_S-61_desk_work_surface_0001,968235d01208b21f,lap_bag_context,no_pose_observation,34560.0,1.33,,1,cam12/e1/v1,
full,03.CCTV Mobile Usage.mkv,632de9ed55947761d56d4c6142a3cb1a1fe69d0b1a6d0e01a2e404c697962623,dfine_sahi,12700.0,phone,0.4329,1043.38,421.52,1113.16,473.57,3632.0,69.78,52.05,1.341,False,,True,R-desk,6,evt_S-61_desk_work_surface_0001,968235d01208b21f,lap_bag_context,no_pose_observation,34560.0,1.33,,1,cam12/e1/v1,
full,03.CCTV Mobile Usage.mkv,632de9ed55947761d56d4c6142a3cb1a1fe69d0b1a6d0e01a2e404c697962623,dfine_sahi,12700.0,keyboard,0.4237,802.46,396.22,870.9,420.71,1675.7,68.44,24.48,2.795,False,,True,R-desk,6,evt_S-61_desk_work_surface_0001,968235d01208b21f,lap_bag_context,no_pose_observation,34560.0,1.33,,1,cam12/e1/v1,
full,03.CCTV Mobile Usage.mkv,632de9ed55947761d56d4c6142a3cb1a1fe69d0b1a6d0e01a2e404c697962623,dfine_sahi,12700.0,unknown_object,0.4019,699.97,396.22,757.52,491.04,5456.4,57.55,94.82,0.607,False,,True,R-desk,6,evt_S-61_desk_work_surface_0001,968235d01208b21f,lap_bag_context,no_pose_observation,34560.0,1.33,,1,cam12/e1/v1,
full,03.CCTV Mobile Usage.mkv,632de9ed55947761d56d4c6142a3cb1a1fe69d0b1a6d0e01a2e404c697962623,dfine_sahi,12700.0,monitor_or_bezel,0.3892,1019.66,395.52,1145.06,446.55,6399.4,125.4,51.03,2.457,False,,True,R-desk,6,evt_S-61_desk_work_surface_0001,968235d01208b21f,lap_bag_context,no_pose_observation,34560.0,1.33,,1,cam12/e1/v1,
full,03.CCTV Mobile Usage.mkv,632de9ed55947761d56d4c6142a3cb1a1fe69d0b1a6d0e01a2e404c697962623,dfine_sahi,12700.0,keyboard,0.3418,910.14,412.13,1092.2,506.31,17145.9,182.06,94.18,1.933,False,,True,R-desk,6,evt_S-61_desk_work_surface_0001,968235d01208b21f,lap_bag_context,no_pose_observation,34560.0,1.33,,1,cam12/e1/v1,
full,03.CCTV Mobile Usage.mkv,632de9ed55947761d56d4c6142a3cb1a1fe69d0b1a6d0e01a2e404c697962623,dfine_sahi,12700.0,unknown_object,0.3256,882.06,411.12,932.43,452.77,2097.6,50.37,41.64,1.209,False,,True,R-desk,6,evt_S-61_desk_work_surface_0001,968235d01208b21f,lap_bag_context,no_pose_observation,34560.0,1.33,,1,cam12/e1/v1,
full,03.CCTV Mobile Usage.mkv,632de9ed55947761d56d4c6142a3cb1a1fe69d0b1a6d0e01a2e404c697962623,dfine_sahi,12700.0,keyboard,0.3233,965.98,396.21,1096.59,475.06,10299.0,130.61,78.85,1.656,False,,True,R-desk,6,evt_S-61_desk_work_surface_0001,968235d01208b21f,lap_bag_context,no_pose_observation,34560.0,1.33,,1,cam12/e1/v1,
full,03.CCTV Mobile Usage.mkv,632de9ed55947761d56d4c6142a3cb1a1fe69d0b1a6d0e01a2e404c697962623,dfine_sahi,12700.0,unknown_object,0.3092,736.55,395.62,1140.16,491.17,38565.1,403.61,95.55,4.224,False,,True,R-desk,6,evt_S-61_desk_work_surface_0001,968235d01208b21f,lap_bag_context,no_pose_observation,34560.0,1.33,,1,cam12/e1/v1,
full,03.CCTV Mobile Usage.mkv,632de9ed55947761d56d4c6142a3cb1a1fe69d0b1a6d0e01a2e404c697962623,dfine_sahi,12700.0,unknown_object,0.2767,881.3,411.54,969.9,505.58,8331.2,88.6,94.03,0.942,False,,True,R-desk,6,evt_S-61_desk_work_surface_0001,968235d01208b21f,lap_bag_context,no_pose_observation,34560.0,1.33,,1,cam12/e1/v1,
full,03.CCTV Mobile Usage.mkv,632de9ed55947761d56d4c6142a3cb1a1fe69d0b1a6d0e01a2e404c697962623,dfine_sahi,12700.0,mouse,0.2733,966.85,398.32,992.32,410.44,308.6,25.46,12.12,2.101,False,,True,R-desk,6,evt_S-61_desk_work_surface_0001,968235d01208b21f,lap_bag_context,no_pose_observation,34560.0,1.33,,1,cam12/e1/v1,
full,03.CCTV Mobile Usage.mkv,632de9ed55947761d56d4c6142a3cb1a1fe69d0b1a6d0e01a2e404c697962623,dfine_sahi,12700.0,keyboard,0.2603,882.33,380.23,968.97,453.05,6309.5,86.65,72.82,1.19,False,,True,R-desk,6,evt_S-61_desk_work_surface_0001,968235d01208b21f,lap_bag_context,no_pose_observation,34560.0,1.33,,1,cam12/e1/v1,
full,03.CCTV Mobile Usage.mkv,632de9ed55947761d56d4c6142a3cb1a1fe69d0b1a6d0e01a2e404c697962623,dfine_sahi,12700.0,unknown_object,0.2557,910.47,411.12,1177.79,506.5,25496.8,267.32,95.38,2.803,False,,True,R-desk,6,evt_S-61_desk_work_surface_0001,968235d01208b21f,lap_bag_context,no_pose_observation,34560.0,1.33,,1,cam12/e1/v1,
full,03.CCTV Mobile Usage.mkv,632de9ed55947761d56d4c6142a3cb1a1fe69d0b1a6d0e01a2e404c697962623,dfine_sahi,12700.0,keyboard,0.894,962.1,451.9,1067.92,491.45,4185.1,105.83,39.55,2.676,False,,True,R-desk,7,evt_S-61_desk_work_surface_0001,968235d01208b21f,lap_bag_context,no_pose_observation,34560.0,1.33,,1,cam12/e1/v1,
full,03.CCTV Mobile Usage.mkv,632de9ed55947761d56d4c6142a3cb1a1fe69d0b1a6d0e01a2e404c697962623,dfine_sahi,12700.0,monitor_or_bezel,0.7704,910.05,411.11,1140.77,506.4,21985.2,230.72,95.29,2.421,False,,True,R-desk,7,evt_S-61_desk_work_surface_0001,968235d01208b21f,lap_bag_context,no_pose_observation,34560.0,1.33,,1,cam12/e1/v1,
full,03.CCTV Mobile Usage.mkv,632de9ed55947761d56d4c6142a3cb1a1fe69d0b1a6d0e01a2e404c697962623,dfine_sahi,12700.0,monitor_or_bezel,0.7415,963.79,380.39,1152.82,475.21,17925.6,189.04,94.83,1.994,False,,True,R-desk,7,evt_S-61_desk_work_surface_0001,968235d01208b21f,lap_bag_context,no_pose_observation,34560.0,1.33,,1,cam12/e1/v1,
full,03.CCTV Mobile Usage.mkv,632de9ed55947761d56d4c6142a3cb1a1fe69d0b1a6d0e01a2e404c697962623,dfine_sahi,12700.0,monitor_or_bezel,0.7017,707.0,379.91,969.69,474.94,24964.2,262.7,95.03,2.764,False,,True,R-desk,7,evt_S-61_desk_work_surface_0001,968235d01208b21f,lap_bag_context,no_pose_observation,34560.0,1.33,,1,cam12/e1/v1,
full,03.CCTV Mobile Usage.mkv,632de9ed55947761d56d4c6142a3cb1a1fe69d0b1a6d0e01a2e404c697962623,dfine_sahi,12700.0,keyboard,0.6368,772.62,380.23,871.14,420.4,3956.9,98.52,40.16,2.453,False,,True,R-desk,7,evt_S-61_desk_work_surface_0001,968235d01208b21f,lap_bag_context,no_pose_observation,34560.0,1.33,,1,cam12/e1/v1,
full,03.CCTV Mobile Usage.mkv,632de9ed55947761d56d4c6142a3cb1a1fe69d0b1a6d0e01a2e404c697962623,dfine_sahi,12700.0,keyboard,0.626,962.63,452.36,1035.08,475.63,1686.1,72.45,23.27,3.113,False,,True,R-desk,7,evt_S-61_desk_work_surface_0001,968235d01208b21f,lap_bag_context,no_pose_observation,34560.0,1.33,,1,cam12/e1/v1,
full,03.CCTV Mobile Usage.mkv,632de9ed55947761d56d4c6142a3cb1a1fe69d0b1a6d0e01a2e404c697962623,dfine_sahi,12700.0,unknown_object,0.6223,699.91,396.23,849.49,492.42,14387.6,149.57,96.19,1.555,False,,True,R-desk,7,evt_S-61_desk_work_surface_0001,968235d01208b21f,lap_bag_context,no_pose_observation,34560.0,1.33,,1,cam12/e1/v1,
full,03.CCTV Mobile Usage.mkv,632de9ed55947761d56d4c6142a3cb1a1fe69d0b1a6d0e01a2e404c697962623,dfine_sahi,12700.0,mouse,0.5609,865.43,413.69,891.29,435.25,557.7,25.86,21.56,1.2,False,,True,R-desk,7,evt_S-61_desk_work_surface_0001,968235d01208b21f,lap_bag_context,no_pose_observation,34560.0,1.33,,1,cam12/e1/v1,
full,03.CCTV Mobile Usage.mkv,632de9ed55947761d56d4c6142a3cb1a1fe69d0b1a6d0e01a2e404c697962623,dfine_sahi,12700.0,unknown_object,0.5153,769.06,411.0,969.84,505.95,19064.3,200.79,94.95,2.115,False,,True,R-desk,7,evt_S-61_desk_work_surface_0001,968235d01208b21f,lap_bag_context,no_pose_observation,34560.0,1.33,,1,cam12/e1/v1,
full,03.CCTV Mobile Usage.mkv,632de9ed55947761d56d4c6142a3cb1a1fe69d0b1a6d0e01a2e404c697962623,dfine_sahi,12700.0,phone,0.4329,1043.38,421.52,1113.16,473.57,3632.0,69.78,52.05,1.341,False,,True,R-desk,7,evt_S-61_desk_work_surface_0001,968235d01208b21f,lap_bag_context,no_pose_observation,34560.0,1.33,,1,cam12/e1/v1,
full,03.CCTV Mobile Usage.mkv,632de9ed55947761d56d4c6142a3cb1a1fe69d0b1a6d0e01a2e404c697962623,dfine_sahi,12700.0,keyboard,0.4237,802.46,396.22,870.9,420.71,1675.7,68.44,24.48,2.795,False,,True,R-desk,7,evt_S-61_desk_work_surface_0001,968235d01208b21f,lap_bag_context,no_pose_observation,34560.0,1.33,,1,cam12/e1/v1,
full,03.CCTV Mobile Usage.mkv,632de9ed55947761d56d4c6142a3cb1a1fe69d0b1a6d0e01a2e404c697962623,dfine_sahi,12700.0,unknown_object,0.4019,699.97,396.22,757.52,491.04,5456.4,57.55,94.82,0.607,False,,True,R-desk,7,evt_S-61_desk_work_surface_0001,968235d01208b21f,lap_bag_context,no_pose_observation,34560.0,1.33,,1,cam12/e1/v1,
full,03.CCTV Mobile Usage.mkv,632de9ed55947761d56d4c6142a3cb1a1fe69d0b1a6d0e01a2e404c697962623,dfine_sahi,12700.0,monitor_or_bezel,0.3892,1019.66,395.52,1145.06,446.55,6399.4,125.4,51.03,2.457,False,,True,R-desk,7,evt_S-61_desk_work_surface_0001,968235d01208b21f,lap_bag_context,no_pose_observation,34560.0,1.33,,1,cam12/e1/v1,
full,03.CCTV Mobile Usage.mkv,632de9ed55947761d56d4c6142a3cb1a1fe69d0b1a6d0e01a2e404c697962623,dfine_sahi,12700.0,keyboard,0.3418,910.14,412.13,1092.2,506.31,17145.9,182.06,94.18,1.933,False,,True,R-desk,7,evt_S-61_desk_work_surface_0001,968235d01208b21f,lap_bag_context,no_pose_observation,34560.0,1.33,,1,cam12/e1/v1,
full,03.CCTV Mobile Usage.mkv,632de9ed55947761d56d4c6142a3cb1a1fe69d0b1a6d0e01a2e404c697962623,dfine_sahi,12700.0,unknown_object,0.3256,882.06,411.12,932.43,452.77,2097.6,50.37,41.64,1.209,False,,True,R-desk,7,evt_S-61_desk_work_surface_0001,968235d01208b21f,lap_bag_context,no_pose_observation,34560.0,1.33,,1,cam12/e1/v1,
full,03.CCTV Mobile Usage.mkv,632de9ed55947761d56d4c6142a3cb1a1fe69d0b1a6d0e01a2e404c697962623,dfine_sahi,12700.0,keyboard,0.3233,965.98,396.21,1096.59,475.06,10299.0,130.61,78.85,1.656,False,,True,R-desk,7,evt_S-61_desk_work_surface_0001,968235d01208b21f,lap_bag_context,no_pose_observation,34560.0,1.33,,1,cam12/e1/v1,
full,03.CCTV Mobile Usage.mkv,632de9ed55947761d56d4c6142a3cb1a1fe69d0b1a6d0e01a2e404c697962623,dfine_sahi,12700.0,unknown_object,0.3092,736.55,395.62,1140.16,491.17,38565.1,403.61,95.55,4.224,False,,True,R-desk,7,evt_S-61_desk_work_surface_0001,968235d01208b21f,lap_bag_context,no_pose_observation,34560.0,1.33,,1,cam12/e1/v1,
full,03.CCTV Mobile Usage.mkv,632de9ed55947761d56d4c6142a3cb1a1fe69d0b1a6d0e01a2e404c697962623,dfine_sahi,12700.0,unknown_object,0.2767,881.3,411.54,969.9,505.58,8331.2,88.6,94.03,0.942,False,,True,R-desk,7,evt_S-61_desk_work_surface_0001,968235d01208b21f,lap_bag_context,no_pose_observation,34560.0,1.33,,1,cam12/e1/v1,
full,03.CCTV Mobile Usage.mkv,632de9ed55947761d56d4c6142a3cb1a1fe69d0b1a6d0e01a2e404c697962623,dfine_sahi,12700.0,mouse,0.2733,966.85,398.32,992.32,410.44,308.6,25.46,12.12,2.101,False,,True,R-desk,7,evt_S-61_desk_work_surface_0001,968235d01208b21f,lap_bag_context,no_pose_observation,34560.0,1.33,,1,cam12/e1/v1,
full,03.CCTV Mobile Usage.mkv,632de9ed55947761d56d4c6142a3cb1a1fe69d0b1a6d0e01a2e404c697962623,dfine_sahi,12700.0,keyboard,0.2603,882.33,380.23,968.97,453.05,6309.5,86.65,72.82,1.19,False,,True,R-desk,7,evt_S-61_desk_work_surface_0001,968235d01208b21f,lap_bag_context,no_pose_observation,34560.0,1.33,,1,cam12/e1/v1,
full,03.CCTV Mobile Usage.mkv,632de9ed55947761d56d4c6142a3cb1a1fe69d0b1a6d0e01a2e404c697962623,dfine_sahi,12700.0,unknown_object,0.2557,910.47,411.12,1177.79,506.5,25496.8,267.32,95.38,2.803,False,,True,R-desk,7,evt_S-61_desk_work_surface_0001,968235d01208b21f,lap_bag_context,no_pose_observation,34560.0,1.33,,1,cam12/e1/v1,
full,03.CCTV Mobile Usage.mkv,632de9ed55947761d56d4c6142a3cb1a1fe69d0b1a6d0e01a2e404c697962623,dfine_sahi,13200.0,keyboard,0.894,962.1,451.9,1067.92,491.45,4185.1,105.83,39.55,2.676,False,,True,R-desk,7,evt_S-61_desk_work_surface_0001,200f7d8ecd4f122b,lap_bag_context,no_pose_observation,34560.0,1.33,,1,cam12/e1/v1,
full,03.CCTV Mobile Usage.mkv,632de9ed55947761d56d4c6142a3cb1a1fe69d0b1a6d0e01a2e404c697962623,dfine_sahi,13200.0,monitor_or_bezel,0.7704,910.05,411.11,1140.77,506.4,21985.2,230.72,95.29,2.421,False,,True,R-desk,7,evt_S-61_desk_work_surface_0001,200f7d8ecd4f122b,lap_bag_context,no_pose_observation,34560.0,1.33,,1,cam12/e1/v1,
full,03.CCTV Mobile Usage.mkv,632de9ed55947761d56d4c6142a3cb1a1fe69d0b1a6d0e01a2e404c697962623,dfine_sahi,13200.0,monitor_or_bezel,0.7414,963.79,380.39,1152.82,475.21,17925.3,189.04,94.83,1.994,False,,True,R-desk,7,evt_S-61_desk_work_surface_0001,200f7d8ecd4f122b,lap_bag_context,no_pose_observation,34560.0,1.33,,1,cam12/e1/v1,
full,03.CCTV Mobile Usage.mkv,632de9ed55947761d56d4c6142a3cb1a1fe69d0b1a6d0e01a2e404c697962623,dfine_sahi,13200.0,monitor_or_bezel,0.7017,707.0,379.91,969.69,474.94,24964.2,262.7,95.03,2.764,False,,True,R-desk,7,evt_S-61_desk_work_surface_0001,200f7d8ecd4f122b,lap_bag_context,no_pose_observation,34560.0,1.33,,1,cam12/e1/v1,
full,03.CCTV Mobile Usage.mkv,632de9ed55947761d56d4c6142a3cb1a1fe69d0b1a6d0e01a2e404c697962623,dfine_sahi,13200.0,keyboard,0.6368,772.62,380.23,871.14,420.4,3956.9,98.52,40.16,2.453,False,,True,R-desk,7,evt_S-61_desk_work_surface_0001,200f7d8ecd4f122b,lap_bag_context,no_pose_observation,34560.0,1.33,,1,cam12/e1/v1,
full,03.CCTV Mobile Usage.mkv,632de9ed55947761d56d4c6142a3cb1a1fe69d0b1a6d0e01a2e404c697962623,dfine_sahi,13200.0,keyboard,0.626,962.63,452.36,1035.08,475.63,1686.1,72.45,23.27,3.113,False,,True,R-desk,7,evt_S-61_desk_work_surface_0001,200f7d8ecd4f122b,lap_bag_context,no_pose_observation,34560.0,1.33,,1,cam12/e1/v1,
full,03.CCTV Mobile Usage.mkv,632de9ed55947761d56d4c6142a3cb1a1fe69d0b1a6d0e01a2e404c697962623,dfine_sahi,13200.0,unknown_object,0.6223,699.91,396.23,849.49,492.42,14387.6,149.57,96.19,1.555,False,,True,R-desk,7,evt_S-61_desk_work_surface_0001,200f7d8ecd4f122b,lap_bag_context,no_pose_observation,34560.0,1.33,,1,cam12/e1/v1,
full,03.CCTV Mobile Usage.mkv,632de9ed55947761d56d4c6142a3cb1a1fe69d0b1a6d0e01a2e404c697962623,dfine_sahi,13200.0,mouse,0.5609,865.43,413.69,891.29,435.25,557.7,25.86,21.56,1.2,False,,True,R-desk,7,evt_S-61_desk_work_surface_0001,200f7d8ecd4f122b,lap_bag_context,no_pose_observation,34560.0,1.33,,1,cam12/e1/v1,
full,03.CCTV Mobile Usage.mkv,632de9ed55947761d56d4c6142a3cb1a1fe69d0b1a6d0e01a2e404c697962623,dfine_sahi,13200.0,unknown_object,0.5153,769.06,411.0,969.84,505.95,19064.3,200.79,94.95,2.115,False,,True,R-desk,7,evt_S-61_desk_work_surface_0001,200f7d8ecd4f122b,lap_bag_context,no_pose_observation,34560.0,1.33,,1,cam12/e1/v1,
full,03.CCTV Mobile Usage.mkv,632de9ed55947761d56d4c6142a3cb1a1fe69d0b1a6d0e01a2e404c697962623,dfine_sahi,13200.0,phone,0.4328,1043.38,421.52,1113.16,473.57,3632.1,69.78,52.05,1.341,False,,True,R-desk,7,evt_S-61_desk_work_surface_0001,200f7d8ecd4f122b,lap_bag_context,no_pose_observation,34560.0,1.33,,1,cam12/e1/v1,
full,03.CCTV Mobile Usage.mkv,632de9ed55947761d56d4c6142a3cb1a1fe69d0b1a6d0e01a2e404c697962623,dfine_sahi,13200.0,keyboard,0.4237,802.46,396.22,870.9,420.71,1675.7,68.44,24.48,2.795,False,,True,R-desk,7,evt_S-61_desk_work_surface_0001,200f7d8ecd4f122b,lap_bag_context,no_pose_observation,34560.0,1.33,,1,cam12/e1/v1,
full,03.CCTV Mobile Usage.mkv,632de9ed55947761d56d4c6142a3cb1a1fe69d0b1a6d0e01a2e404c697962623,dfine_sahi,13200.0,unknown_object,0.4019,699.97,396.22,757.52,491.04,5456.4,57.55,94.82,0.607,False,,True,R-desk,7,evt_S-61_desk_work_surface_0001,200f7d8ecd4f122b,lap_bag_context,no_pose_observation,34560.0,1.33,,1,cam12/e1/v1,
full,03.CCTV Mobile Usage.mkv,632de9ed55947761d56d4c6142a3cb1a1fe69d0b1a6d0e01a2e404c697962623,dfine_sahi,13200.0,monitor_or_bezel,0.3892,1019.66,395.52,1145.06,446.55,6399.4,125.4,51.03,2.457,False,,True,R-desk,7,evt_S-61_desk_work_surface_0001,200f7d8ecd4f122b,lap_bag_context,no_pose_observation,34560.0,1.33,,1,cam12/e1/v1,
full,03.CCTV Mobile Usage.mkv,632de9ed55947761d56d4c6142a3cb1a1fe69d0b1a6d0e01a2e404c697962623,dfine_sahi,13200.0,keyboard,0.3418,910.14,412.13,1092.2,506.31,17145.9,182.06,94.18,1.933,False,,True,R-desk,7,evt_S-61_desk_work_surface_0001,200f7d8ecd4f122b,lap_bag_context,no_pose_observation,34560.0,1.33,,1,cam12/e1/v1,
full,03.CCTV Mobile Usage.mkv,632de9ed55947761d56d4c6142a3cb1a1fe69d0b1a6d0e01a2e404c697962623,dfine_sahi,13200.0,unknown_object,0.3256,882.06,411.12,932.43,452.77,2097.6,50.37,41.64,1.209,False,,True,R-desk,7,evt_S-61_desk_work_surface_0001,200f7d8ecd4f122b,lap_bag_context,no_pose_observation,34560.0,1.33,,1,cam12/e1/v1,
full,03.CCTV Mobile Usage.mkv,632de9ed55947761d56d4c6142a3cb1a1fe69d0b1a6d0e01a2e404c697962623,dfine_sahi,13200.0,keyboard,0.3234,965.98,396.21,1096.59,475.06,10299.0,130.61,78.85,1.656,False,,True,R-desk,7,evt_S-61_desk_work_surface_0001,200f7d8ecd4f122b,lap_bag_context,no_pose_observation,34560.0,1.33,,1,cam12/e1/v1,
full,03.CCTV Mobile Usage.mkv,632de9ed55947761d56d4c6142a3cb1a1fe69d0b1a6d0e01a2e404c697962623,dfine_sahi,13200.0,unknown_object,0.3092,736.55,395.62,1140.16,491.17,38565.1,403.61,95.55,4.224,False,,True,R-desk,7,evt_S-61_desk_work_surface_0001,200f7d8ecd4f122b,lap_bag_context,no_pose_observation,34560.0,1.33,,1,cam12/e1/v1,
full,03.CCTV Mobile Usage.mkv,632de9ed55947761d56d4c6142a3cb1a1fe69d0b1a6d0e01a2e404c697962623,dfine_sahi,13200.0,unknown_object,0.2767,881.3,411.54,969.9,505.58,8331.2,88.6,94.03,0.942,False,,True,R-desk,7,evt_S-61_desk_work_surface_0001,200f7d8ecd4f122b,lap_bag_context,no_pose_observation,34560.0,1.33,,1,cam12/e1/v1,
full,03.CCTV Mobile Usage.mkv,632de9ed55947761d56d4c6142a3cb1a1fe69d0b1a6d0e01a2e404c697962623,dfine_sahi,13200.0,mouse,0.2733,966.85,398.32,992.32,410.44,308.6,25.46,12.12,2.101,False,,True,R-desk,7,evt_S-61_desk_work_surface_0001,200f7d8ecd4f122b,lap_bag_context,no_pose_observation,34560.0,1.33,,1,cam12/e1/v1,
full,03.CCTV Mobile Usage.mkv,632de9ed55947761d56d4c6142a3cb1a1fe69d0b1a6d0e01a2e404c697962623,dfine_sahi,13200.0,keyboard,0.2603,882.33,380.23,968.97,453.05,6309.5,86.65,72.82,1.19,False,,True,R-desk,7,evt_S-61_desk_work_surface_0001,200f7d8ecd4f122b,lap_bag_context,no_pose_observation,34560.0,1.33,,1,cam12/e1/v1,
full,03.CCTV Mobile Usage.mkv,632de9ed55947761d56d4c6142a3cb1a1fe69d0b1a6d0e01a2e404c697962623,dfine_sahi,13200.0,unknown_object,0.2557,910.47,411.12,1177.79,506.5,25496.8,267.32,95.38,2.803,False,,True,R-desk,7,evt_S-61_desk_work_surface_0001,200f7d8ecd4f122b,lap_bag_context,no_pose_observation,34560.0,1.33,,1,cam12/e1/v1,
full,03.CCTV Mobile Usage.mkv,632de9ed55947761d56d4c6142a3cb1a1fe69d0b1a6d0e01a2e404c697962623,dfine_sahi,13200.0,keyboard,0.894,962.1,451.9,1067.92,491.45,4185.1,105.83,39.55,2.676,False,,True,R-desk,6,evt_S-61_desk_work_surface_0001,200f7d8ecd4f122b,lap_bag_context,no_pose_observation,34560.0,1.33,,1,cam12/e1/v1,
full,03.CCTV Mobile Usage.mkv,632de9ed55947761d56d4c6142a3cb1a1fe69d0b1a6d0e01a2e404c697962623,dfine_sahi,13200.0,monitor_or_bezel,0.7704,910.05,411.11,1140.77,506.4,21985.2,230.72,95.29,2.421,False,,True,R-desk,6,evt_S-61_desk_work_surface_0001,200f7d8ecd4f122b,lap_bag_context,no_pose_observation,34560.0,1.33,,1,cam12/e1/v1,
full,03.CCTV Mobile Usage.mkv,632de9ed55947761d56d4c6142a3cb1a1fe69d0b1a6d0e01a2e404c697962623,dfine_sahi,13200.0,monitor_or_bezel,0.7414,963.79,380.39,1152.82,475.21,17925.3,189.04,94.83,1.994,False,,True,R-desk,6,evt_S-61_desk_work_surface_0001,200f7d8ecd4f122b,lap_bag_context,no_pose_observation,34560.0,1.33,,1,cam12/e1/v1,
full,03.CCTV Mobile Usage.mkv,632de9ed55947761d56d4c6142a3cb1a1fe69d0b1a6d0e01a2e404c697962623,dfine_sahi,13200.0,monitor_or_bezel,0.7017,707.0,379.91,969.69,474.94,24964.2,262.7,95.03,2.764,False,,True,R-desk,6,evt_S-61_desk_work_surface_0001,200f7d8ecd4f122b,lap_bag_context,no_pose_observation,34560.0,1.33,,1,cam12/e1/v1,
full,03.CCTV Mobile Usage.mkv,632de9ed55947761d56d4c6142a3cb1a1fe69d0b1a6d0e01a2e404c697962623,dfine_sahi,13200.0,keyboard,0.6368,772.62,380.23,871.14,420.4,3956.9,98.52,40.16,2.453,False,,True,R-desk,6,evt_S-61_desk_work_surface_0001,200f7d8ecd4f122b,lap_bag_context,no_pose_observation,34560.0,1.33,,1,cam12/e1/v1,
full,03.CCTV Mobile Usage.mkv,632de9ed55947761d56d4c6142a3cb1a1fe69d0b1a6d0e01a2e404c697962623,dfine_sahi,13200.0,keyboard,0.626,962.63,452.36,1035.08,475.63,1686.1,72.45,23.27,3.113,False,,True,R-desk,6,evt_S-61_desk_work_surface_0001,200f7d8ecd4f122b,lap_bag_context,no_pose_observation,34560.0,1.33,,1,cam12/e1/v1,
full,03.CCTV Mobile Usage.mkv,632de9ed55947761d56d4c6142a3cb1a1fe69d0b1a6d0e01a2e404c697962623,dfine_sahi,13200.0,unknown_object,0.6223,699.91,396.23,849.49,492.42,14387.6,149.57,96.19,1.555,False,,True,R-desk,6,evt_S-61_desk_work_surface_0001,200f7d8ecd4f122b,lap_bag_context,no_pose_observation,34560.0,1.33,,1,cam12/e1/v1,
full,03.CCTV Mobile Usage.mkv,632de9ed55947761d56d4c6142a3cb1a1fe69d0b1a6d0e01a2e404c697962623,dfine_sahi,13200.0,mouse,0.5609,865.43,413.69,891.29,435.25,557.7,25.86,21.56,1.2,False,,True,R-desk,6,evt_S-61_desk_work_surface_0001,200f7d8ecd4f122b,lap_bag_context,no_pose_observation,34560.0,1.33,,1,cam12/e1/v1,
full,03.CCTV Mobile Usage.mkv,632de9ed55947761d56d4c6142a3cb1a1fe69d0b1a6d0e01a2e404c697962623,dfine_sahi,13200.0,unknown_object,0.5153,769.06,411.0,969.84,505.95,19064.3,200.79,94.95,2.115,False,,True,R-desk,6,evt_S-61_desk_work_surface_0001,200f7d8ecd4f122b,lap_bag_context,no_pose_observation,34560.0,1.33,,1,cam12/e1/v1,
full,03.CCTV Mobile Usage.mkv,632de9ed55947761d56d4c6142a3cb1a1fe69d0b1a6d0e01a2e404c697962623,dfine_sahi,13200.0,phone,0.4328,1043.38,421.52,1113.16,473.57,3632.1,69.78,52.05,1.341,False,,True,R-desk,6,evt_S-61_desk_work_surface_0001,200f7d8ecd4f122b,lap_bag_context,no_pose_observation,34560.0,1.33,,1,cam12/e1/v1,
full,03.CCTV Mobile Usage.mkv,632de9ed55947761d56d4c6142a3cb1a1fe69d0b1a6d0e01a2e404c697962623,dfine_sahi,13200.0,keyboard,0.4237,802.46,396.22,870.9,420.71,1675.7,68.44,24.48,2.795,False,,True,R-desk,6,evt_S-61_desk_work_surface_0001,200f7d8ecd4f122b,lap_bag_context,no_pose_observation,34560.0,1.33,,1,cam12/e1/v1,
full,03.CCTV Mobile Usage.mkv,632de9ed55947761d56d4c6142a3cb1a1fe69d0b1a6d0e01a2e404c697962623,dfine_sahi,13200.0,unknown_object,0.4019,699.97,396.22,757.52,491.04,5456.4,57.55,94.82,0.607,False,,True,R-desk,6,evt_S-61_desk_work_surface_0001,200f7d8ecd4f122b,lap_bag_context,no_pose_observation,34560.0,1.33,,1,cam12/e1/v1,
full,03.CCTV Mobile Usage.mkv,632de9ed55947761d56d4c6142a3cb1a1fe69d0b1a6d0e01a2e404c697962623,dfine_sahi,13200.0,monitor_or_bezel,0.3892,1019.66,395.52,1145.06,446.55,6399.4,125.4,51.03,2.457,False,,True,R-desk,6,evt_S-61_desk_work_surface_0001,200f7d8ecd4f122b,lap_bag_context,no_pose_observation,34560.0,1.33,,1,cam12/e1/v1,
full,03.CCTV Mobile Usage.mkv,632de9ed55947761d56d4c6142a3cb1a1fe69d0b1a6d0e01a2e404c697962623,dfine_sahi,13200.0,keyboard,0.3418,910.14,412.13,1092.2,506.31,17145.9,182.06,94.18,1.933,False,,True,R-desk,6,evt_S-61_desk_work_surface_0001,200f7d8ecd4f122b,lap_bag_context,no_pose_observation,34560.0,1.33,,1,cam12/e1/v1,
full,03.CCTV Mobile Usage.mkv,632de9ed55947761d56d4c6142a3cb1a1fe69d0b1a6d0e01a2e404c697962623,dfine_sahi,13200.0,unknown_object,0.3256,882.06,411.12,932.43,452.77,2097.6,50.37,41.64,1.209,False,,True,R-desk,6,evt_S-61_desk_work_surface_0001,200f7d8ecd4f122b,lap_bag_context,no_pose_observation,34560.0,1.33,,1,cam12/e1/v1,
full,03.CCTV Mobile Usage.mkv,632de9ed55947761d56d4c6142a3cb1a1fe69d0b1a6d0e01a2e404c697962623,dfine_sahi,13200.0,keyboard,0.3234,965.98,396.21,1096.59,475.06,10299.0,130.61,78.85,1.656,False,,True,R-desk,6,evt_S-61_desk_work_surface_0001,200f7d8ecd4f122b,lap_bag_context,no_pose_observation,34560.0,1.33,,1,cam12/e1/v1,
full,03.CCTV Mobile Usage.mkv,632de9ed55947761d56d4c6142a3cb1a1fe69d0b1a6d0e01a2e404c697962623,dfine_sahi,13200.0,unknown_object,0.3092,736.55,395.62,1140.16,491.17,38565.1,403.61,95.55,4.224,False,,True,R-desk,6,evt_S-61_desk_work_surface_0001,200f7d8ecd4f122b,lap_bag_context,no_pose_observation,34560.0,1.33,,1,cam12/e1/v1,
full,03.CCTV Mobile Usage.mkv,632de9ed55947761d56d4c6142a3cb1a1fe69d0b1a6d0e01a2e404c697962623,dfine_sahi,13200.0,unknown_object,0.2767,881.3,411.54,969.9,505.58,8331.2,88.6,94.03,0.942,False,,True,R-desk,6,evt_S-61_desk_work_surface_0001,200f7d8ecd4f122b,lap_bag_context,no_pose_observation,34560.0,1.33,,1,cam12/e1/v1,
full,03.CCTV Mobile Usage.mkv,632de9ed55947761d56d4c6142a3cb1a1fe69d0b1a6d0e01a2e404c697962623,dfine_sahi,13200.0,mouse,0.2733,966.85,398.32,992.32,410.44,308.6,25.46,12.12,2.101,False,,True,R-desk,6,evt_S-61_desk_work_surface_0001,200f7d8ecd4f122b,lap_bag_context,no_pose_observation,34560.0,1.33,,1,cam12/e1/v1,
full,03.CCTV Mobile Usage.mkv,632de9ed55947761d56d4c6142a3cb1a1fe69d0b1a6d0e01a2e404c697962623,dfine_sahi,13200.0,keyboard,0.2603,882.33,380.23,968.97,453.05,6309.5,86.65,72.82,1.19,False,,True,R-desk,6,evt_S-61_desk_work_surface_0001,200f7d8ecd4f122b,lap_bag_context,no_pose_observation,34560.0,1.33,,1,cam12/e1/v1,
full,03.CCTV Mobile Usage.mkv,632de9ed55947761d56d4c6142a3cb1a1fe69d0b1a6d0e01a2e404c697962623,dfine_sahi,13200.0,unknown_object,0.2557,910.47,411.12,1177.79,506.5,25496.8,267.32,95.38,2.803,False,,True,R-desk,6,evt_S-61_desk_work_surface_0001,200f7d8ecd4f122b,lap_bag_context,no_pose_observation,34560.0,1.33,,1,cam12/e1/v1,
full,03.CCTV Mobile Usage.mkv,632de9ed55947761d56d4c6142a3cb1a1fe69d0b1a6d0e01a2e404c697962623,dfine_sahi,13200.0,unknown_object,0.5349,209.93,289.19,254.8,351.59,2800.0,44.87,62.4,0.719,False,,True,S-61,2,evt_S-61_desk_work_surface_0001,41099a5b80ec7e0e,pose_hand_context,,42791.1,3.09,,1,cam12/e1/v1,rtmpose_baseline
full,03.CCTV Mobile Usage.mkv,632de9ed55947761d56d4c6142a3cb1a1fe69d0b1a6d0e01a2e404c697962623,dfine_sahi,13200.0,unknown_object,0.4686,142.75,198.27,277.42,349.5,20365.7,134.67,151.22,0.891,False,,True,S-61,2,evt_S-61_desk_work_surface_0001,41099a5b80ec7e0e,pose_hand_context,,42791.1,3.09,,1,cam12/e1/v1,rtmpose_baseline
full,03.CCTV Mobile Usage.mkv,632de9ed55947761d56d4c6142a3cb1a1fe69d0b1a6d0e01a2e404c697962623,dfine_sahi,13200.0,unknown_object,0.4571,138.96,289.19,254.72,403.77,13264.1,115.76,114.58,1.01,False,,True,S-61,2,evt_S-61_desk_work_surface_0001,41099a5b80ec7e0e,pose_hand_context,,42791.1,3.09,,1,cam12/e1/v1,rtmpose_baseline
full,03.CCTV Mobile Usage.mkv,632de9ed55947761d56d4c6142a3cb1a1fe69d0b1a6d0e01a2e404c697962623,dfine_sahi,13200.0,unknown_object,0.4135,210.11,233.24,236.14,312.96,2075.0,26.03,79.72,0.327,False,,True,S-61,2,evt_S-61_desk_work_surface_0001,41099a5b80ec7e0e,pose_hand_context,,42791.1,3.09,,1,cam12/e1/v1,rtmpose_baseline
full,03.CCTV Mobile Usage.mkv,632de9ed55947761d56d4c6142a3cb1a1fe69d0b1a6d0e01a2e404c697962623,dfine_sahi,13200.0,unknown_object,0.3509,138.92,238.89,158.68,314.67,1497.7,19.76,75.79,0.261,False,,True,S-61,2,evt_S-61_desk_work_surface_0001,41099a5b80ec7e0e,pose_hand_context,,42791.1,3.09,,1,cam12/e1/v1,rtmpose_baseline
full,03.CCTV Mobile Usage.mkv,632de9ed55947761d56d4c6142a3cb1a1fe69d0b1a6d0e01a2e404c697962623,dfine_sahi,13200.0,unknown_object,0.2688,262.26,386.29,315.42,404.83,985.8,53.16,18.54,2.867,False,,True,S-61,2,evt_S-61_desk_work_surface_0001,41099a5b80ec7e0e,pose_hand_context,,42791.1,3.09,,1,cam12/e1/v1,rtmpose_baseline
full,03.CCTV Mobile Usage.mkv,632de9ed55947761d56d4c6142a3cb1a1fe69d0b1a6d0e01a2e404c697962623,dfine_sahi,13200.0,unknown_object,0.2659,160.81,198.11,255.11,241.27,4069.4,94.3,43.15,2.185,False,,True,S-61,2,evt_S-61_desk_work_surface_0001,41099a5b80ec7e0e,pose_hand_context,,42791.1,3.09,,1,cam12/e1/v1,rtmpose_baseline
full,03.CCTV Mobile Usage.mkv,632de9ed55947761d56d4c6142a3cb1a1fe69d0b1a6d0e01a2e404c697962623,dfine_sahi,13200.0,unknown_object,0.2636,238.28,296.51,342.75,402.43,11064.9,104.47,105.91,0.986,False,,True,S-61,2,evt_S-61_desk_work_surface_0001,41099a5b80ec7e0e,pose_hand_context,,42791.1,3.09,,1,cam12/e1/v1,rtmpose_baseline
full,03.CCTV Mobile Usage.mkv,632de9ed55947761d56d4c6142a3cb1a1fe69d0b1a6d0e01a2e404c697962623,dfine_sahi,13200.0,unknown_object,0.2624,233.95,239.04,247.29,265.32,350.7,13.35,26.28,0.508,False,,True,S-61,2,evt_S-61_desk_work_surface_0001,41099a5b80ec7e0e,pose_hand_context,,42791.1,3.09,,1,cam12/e1/v1,rtmpose_baseline
full,03.CCTV Mobile Usage.mkv,632de9ed55947761d56d4c6142a3cb1a1fe69d0b1a6d0e01a2e404c697962623,dfine_sahi,13200.0,unknown_object,0.7248,93.01,376.36,197.92,480.29,10903.9,104.91,103.94,1.009,False,,True,S-61,1,evt_S-61_desk_work_surface_0001,aeca27b1a7e55a21,pose_hand_context,,34812.1,3.43,,1,cam12/e1/v1,rtmpose_baseline
full,03.CCTV Mobile Usage.mkv,632de9ed55947761d56d4c6142a3cb1a1fe69d0b1a6d0e01a2e404c697962623,dfine_sahi,13200.0,stationery,0.6682,12.08,493.7,197.87,562.4,12763.2,185.79,68.7,2.704,False,,True,S-61,1,evt_S-61_desk_work_surface_0001,aeca27b1a7e55a21,pose_hand_context,,34812.1,3.43,,1,cam12/e1/v1,rtmpose_baseline
full,03.CCTV Mobile Usage.mkv,632de9ed55947761d56d4c6142a3cb1a1fe69d0b1a6d0e01a2e404c697962623,dfine_sahi,13200.0,unknown_object,0.6044,44.4,508.74,85.59,557.05,1990.1,41.2,48.31,0.853,False,,True,S-61,1,evt_S-61_desk_work_surface_0001,aeca27b1a7e55a21,pose_hand_context,,34812.1,3.43,,1,cam12/e1/v1,rtmpose_baseline
full,03.CCTV Mobile Usage.mkv,632de9ed55947761d56d4c6142a3cb1a1fe69d0b1a6d0e01a2e404c697962623,dfine_sahi,13200.0,unknown_object,0.6002,93.0,458.16,197.9,562.43,10937.7,104.9,104.27,1.006,False,,True,S-61,1,evt_S-61_desk_work_surface_0001,aeca27b1a7e55a21,pose_hand_context,,34812.1,3.43,,1,cam12/e1/v1,rtmpose_baseline
full,03.CCTV Mobile Usage.mkv,632de9ed55947761d56d4c6142a3cb1a1fe69d0b1a6d0e01a2e404c697962623,dfine_sahi,13200.0,stationery,0.5723,12.07,415.01,102.07,498.56,7519.5,90.0,83.55,1.077,False,,True,S-61,1,evt_S-61_desk_work_surface_0001,aeca27b1a7e55a21,pose_hand_context,,34812.1,3.43,,1,cam12/e1/v1,rtmpose_baseline
full,03.CCTV Mobile Usage.mkv,632de9ed55947761d56d4c6142a3cb1a1fe69d0b1a6d0e01a2e404c697962623,dfine_sahi,13200.0,unknown_object,0.5419,12.01,376.24,116.87,480.59,10941.9,104.86,104.35,1.005,False,,True,S-61,1,evt_S-61_desk_work_surface_0001,aeca27b1a7e55a21,pose_hand_context,,34812.1,3.43,,1,cam12/e1/v1,rtmpose_baseline
full,03.CCTV Mobile Usage.mkv,632de9ed55947761d56d4c6142a3cb1a1fe69d0b1a6d0e01a2e404c697962623,dfine_sahi,13200.0,stationery,0.5124,42.92,443.7,72.14,471.25,805.2,29.22,27.55,1.061,False,,True,S-61,1,evt_S-61_desk_work_surface_0001,aeca27b1a7e55a21,pose_hand_context,,34812.1,3.43,,1,cam12/e1/v1,rtmpose_baseline
full,03.CCTV Mobile Usage.mkv,632de9ed55947761d56d4c6142a3cb1a1fe69d0b1a6d0e01a2e404c697962623,dfine_sahi,13200.0,stationery,0.3981,102.48,476.65,162.12,530.34,3202.4,59.64,53.69,1.111,False,,True,S-61,1,evt_S-61_desk_work_surface_0001,aeca27b1a7e55a21,pose_hand_context,,34812.1,3.43,,1,cam12/e1/v1,rtmpose_baseline
full,03.CCTV Mobile Usage.mkv,632de9ed55947761d56d4c6142a3cb1a1fe69d0b1a6d0e01a2e404c697962623,dfine_sahi,13200.0,unknown_object,0.3929,42.8,443.21,72.37,470.62,810.8,29.57,27.42,1.078,False,,True,S-61,1,evt_S-61_desk_work_surface_0001,aeca27b1a7e55a21,pose_hand_context,,34812.1,3.43,,1,cam12/e1/v1,rtmpose_baseline
full,03.CCTV Mobile Usage.mkv,632de9ed55947761d56d4c6142a3cb1a1fe69d0b1a6d0e01a2e404c697962623,dfine_sahi,13200.0,unknown_object,0.3606,12.08,458.14,116.99,562.39,10936.9,104.91,104.25,1.006,False,,True,S-61,1,evt_S-61_desk_work_surface_0001,aeca27b1a7e55a21,pose_hand_context,,34812.1,3.43,,1,cam12/e1/v1,rtmpose_baseline
full,03.CCTV Mobile Usage.mkv,632de9ed55947761d56d4c6142a3cb1a1fe69d0b1a6d0e01a2e404c697962623,dfine_sahi,13200.0,unknown_object,0.343,93.07,458.09,159.37,498.7,2692.9,66.3,40.62,1.632,False,,True,S-61,1,evt_S-61_desk_work_surface_0001,aeca27b1a7e55a21,pose_hand_context,,34812.1,3.43,,1,cam12/e1/v1,rtmpose_baseline
full,03.CCTV Mobile Usage.mkv,632de9ed55947761d56d4c6142a3cb1a1fe69d0b1a6d0e01a2e404c697962623,dfine_sahi,13200.0,stationery,0.2975,69.51,418.14,154.54,497.07,6711.4,85.03,78.93,1.077,False,,True,S-61,1,evt_S-61_desk_work_surface_0001,aeca27b1a7e55a21,pose_hand_context,,34812.1,3.43,,1,cam12/e1/v1,rtmpose_baseline
full,03.CCTV Mobile Usage.mkv,632de9ed55947761d56d4c6142a3cb1a1fe69d0b1a6d0e01a2e404c697962623,dfine_sahi,13200.0,unknown_object,0.2729,69.11,376.31,116.96,449.34,3494.6,47.85,73.03,0.655,False,,True,S-61,1,evt_S-61_desk_work_surface_0001,aeca27b1a7e55a21,pose_hand_context,,34812.1,3.43,,1,cam12/e1/v1,rtmpose_baseline
full,03.CCTV Mobile Usage.mkv,632de9ed55947761d56d4c6142a3cb1a1fe69d0b1a6d0e01a2e404c697962623,dfine_sahi,13200.0,stationery,0.2674,44.21,509.82,86.24,556.96,1981.4,42.03,47.14,0.892,False,,True,S-61,1,evt_S-61_desk_work_surface_0001,aeca27b1a7e55a21,pose_hand_context,,34812.1,3.43,,1,cam12/e1/v1,rtmpose_baseline
full,03.CCTV Mobile Usage.mkv,632de9ed55947761d56d4c6142a3cb1a1fe69d0b1a6d0e01a2e404c697962623,dfine_sahi,13200.0,unknown_object,0.2601,38.75,376.08,69.26,386.31,312.0,30.51,10.23,2.983,False,,True,S-61,1,evt_S-61_desk_work_surface_0001,aeca27b1a7e55a21,pose_hand_context,,34812.1,3.43,,1,cam12/e1/v1,rtmpose_baseline
full,03.CCTV Mobile Usage.mkv,632de9ed55947761d56d4c6142a3cb1a1fe69d0b1a6d0e01a2e404c697962623,dfine_sahi,13700.0,keyboard,0.8943,962.1,451.9,1067.92,491.45,4185.3,105.83,39.55,2.676,False,,True,R-desk,6,evt_S-61_desk_work_surface_0001,243d4174c5ecf8e0,lap_bag_context,no_pose_observation,34560.0,1.33,,1,cam12/e1/v1,
full,03.CCTV Mobile Usage.mkv,632de9ed55947761d56d4c6142a3cb1a1fe69d0b1a6d0e01a2e404c697962623,dfine_sahi,13700.0,monitor_or_bezel,0.7706,910.05,411.11,1140.78,506.4,21985.7,230.72,95.29,2.421,False,,True,R-desk,6,evt_S-61_desk_work_surface_0001,243d4174c5ecf8e0,lap_bag_context,no_pose_observation,34560.0,1.33,,1,cam12/e1/v1,
full,03.CCTV Mobile Usage.mkv,632de9ed55947761d56d4c6142a3cb1a1fe69d0b1a6d0e01a2e404c697962623,dfine_sahi,13700.0,monitor_or_bezel,0.7502,963.79,380.38,1152.82,475.22,17926.7,189.03,94.84,1.993,False,,True,R-desk,6,evt_S-61_desk_work_surface_0001,243d4174c5ecf8e0,lap_bag_context,no_pose_observation,34560.0,1.33,,1,cam12/e1/v1,
full,03.CCTV Mobile Usage.mkv,632de9ed55947761d56d4c6142a3cb1a1fe69d0b1a6d0e01a2e404c697962623,dfine_sahi,13700.0,monitor_or_bezel,0.7047,707.05,379.91,969.7,474.94,24958.5,262.65,95.03,2.764,False,,True,R-desk,6,evt_S-61_desk_work_surface_0001,243d4174c5ecf8e0,lap_bag_context,no_pose_observation,34560.0,1.33,,1,cam12/e1/v1,
full,03.CCTV Mobile Usage.mkv,632de9ed55947761d56d4c6142a3cb1a1fe69d0b1a6d0e01a2e404c697962623,dfine_sahi,13700.0,keyboard,0.6385,772.63,380.23,871.12,420.39,3955.7,98.5,40.16,2.453,False,,True,R-desk,6,evt_S-61_desk_work_surface_0001,243d4174c5ecf8e0,lap_bag_context,no_pose_observation,34560.0,1.33,,1,cam12/e1/v1,
full,03.CCTV Mobile Usage.mkv,632de9ed55947761d56d4c6142a3cb1a1fe69d0b1a6d0e01a2e404c697962623,dfine_sahi,13700.0,unknown_object,0.6351,699.91,396.23,849.23,492.42,14363.2,149.32,96.19,1.552,False,,True,R-desk,6,evt_S-61_desk_work_surface_0001,243d4174c5ecf8e0,lap_bag_context,no_pose_observation,34560.0,1.33,,1,cam12/e1/v1,
full,03.CCTV Mobile Usage.mkv,632de9ed55947761d56d4c6142a3cb1a1fe69d0b1a6d0e01a2e404c697962623,dfine_sahi,13700.0,keyboard,0.6268,962.63,452.36,1035.07,475.63,1686.1,72.44,23.28,3.112,False,,True,R-desk,6,evt_S-61_desk_work_surface_0001,243d4174c5ecf8e0,lap_bag_context,no_pose_observation,34560.0,1.33,,1,cam12/e1/v1,
full,03.CCTV Mobile Usage.mkv,632de9ed55947761d56d4c6142a3cb1a1fe69d0b1a6d0e01a2e404c697962623,dfine_sahi,13700.0,mouse,0.5573,865.43,413.69,891.29,435.25,557.5,25.86,21.56,1.2,False,,True,R-desk,6,evt_S-61_desk_work_surface_0001,243d4174c5ecf8e0,lap_bag_context,no_pose_observation,34560.0,1.33,,1,cam12/e1/v1,
full,03.CCTV Mobile Usage.mkv,632de9ed55947761d56d4c6142a3cb1a1fe69d0b1a6d0e01a2e404c697962623,dfine_sahi,13700.0,unknown_object,0.5137,769.18,411.0,969.84,505.94,19052.0,200.66,94.95,2.113,False,,True,R-desk,6,evt_S-61_desk_work_surface_0001,243d4174c5ecf8e0,lap_bag_context,no_pose_observation,34560.0,1.33,,1,cam12/e1/v1,
full,03.CCTV Mobile Usage.mkv,632de9ed55947761d56d4c6142a3cb1a1fe69d0b1a6d0e01a2e404c697962623,dfine_sahi,13700.0,phone,0.4353,1043.38,421.51,1113.15,473.57,3632.2,69.77,52.06,1.34,False,,True,R-desk,6,evt_S-61_desk_work_surface_0001,243d4174c5ecf8e0,lap_bag_context,no_pose_observation,34560.0,1.33,,1,cam12/e1/v1,
full,03.CCTV Mobile Usage.mkv,632de9ed55947761d56d4c6142a3cb1a1fe69d0b1a6d0e01a2e404c697962623,dfine_sahi,13700.0,keyboard,0.4275,802.46,396.23,870.9,420.71,1675.4,68.44,24.48,2.796,False,,True,R-desk,6,evt_S-61_desk_work_surface_0001,243d4174c5ecf8e0,lap_bag_context,no_pose_observation,34560.0,1.33,,1,cam12/e1/v1,
full,03.CCTV Mobile Usage.mkv,632de9ed55947761d56d4c6142a3cb1a1fe69d0b1a6d0e01a2e404c697962623,dfine_sahi,13700.0,unknown_object,0.4047,699.97,396.23,757.44,491.07,5450.2,57.47,94.84,0.606,False,,True,R-desk,6,evt_S-61_desk_work_surface_0001,243d4174c5ecf8e0,lap_bag_context,no_pose_observation,34560.0,1.33,,1,cam12/e1/v1,
full,03.CCTV Mobile Usage.mkv,632de9ed55947761d56d4c6142a3cb1a1fe69d0b1a6d0e01a2e404c697962623,dfine_sahi,13700.0,monitor_or_bezel,0.3911,1019.66,395.52,1145.07,446.54,6398.2,125.4,51.02,2.458,False,,True,R-desk,6,evt_S-61_desk_work_surface_0001,243d4174c5ecf8e0,lap_bag_context,no_pose_observation,34560.0,1.33,,1,cam12/e1/v1,
full,03.CCTV Mobile Usage.mkv,632de9ed55947761d56d4c6142a3cb1a1fe69d0b1a6d0e01a2e404c697962623,dfine_sahi,13700.0,keyboard,0.3412,910.14,412.13,1092.2,506.31,17146.7,182.06,94.18,1.933,False,,True,R-desk,6,evt_S-61_desk_work_surface_0001,243d4174c5ecf8e0,lap_bag_context,no_pose_observation,34560.0,1.33,,1,cam12/e1/v1,
full,03.CCTV Mobile Usage.mkv,632de9ed55947761d56d4c6142a3cb1a1fe69d0b1a6d0e01a2e404c697962623,dfine_sahi,13700.0,unknown_object,0.3252,882.06,411.12,932.43,452.77,2097.8,50.37,41.65,1.21,False,,True,R-desk,6,evt_S-61_desk_work_surface_0001,243d4174c5ecf8e0,lap_bag_context,no_pose_observation,34560.0,1.33,,1,cam12/e1/v1,
full,03.CCTV Mobile Usage.mkv,632de9ed55947761d56d4c6142a3cb1a1fe69d0b1a6d0e01a2e404c697962623,dfine_sahi,13700.0,keyboard,0.3242,965.98,396.23,1096.61,475.05,10296.4,130.63,78.82,1.657,False,,True,R-desk,6,evt_S-61_desk_work_surface_0001,243d4174c5ecf8e0,lap_bag_context,no_pose_observation,34560.0,1.33,,1,cam12/e1/v1,
full,03.CCTV Mobile Usage.mkv,632de9ed55947761d56d4c6142a3cb1a1fe69d0b1a6d0e01a2e404c697962623,dfine_sahi,13700.0,unknown_object,0.3122,736.53,395.62,1140.46,491.18,38597.9,403.92,95.56,4.227,False,,True,R-desk,6,evt_S-61_desk_work_surface_0001,243d4174c5ecf8e0,lap_bag_context,no_pose_observation,34560.0,1.33,,1,cam12/e1/v1,
full,03.CCTV Mobile Usage.mkv,632de9ed55947761d56d4c6142a3cb1a1fe69d0b1a6d0e01a2e404c697962623,dfine_sahi,13700.0,unknown_object,0.277,881.3,411.54,969.9,505.57,8331.3,88.6,94.03,0.942,False,,True,R-desk,6,evt_S-61_desk_work_surface_0001,243d4174c5ecf8e0,lap_bag_context,no_pose_observation,34560.0,1.33,,1,cam12/e1/v1,
full,03.CCTV Mobile Usage.mkv,632de9ed55947761d56d4c6142a3cb1a1fe69d0b1a6d0e01a2e404c697962623,dfine_sahi,13700.0,mouse,0.2755,966.86,398.32,992.31,410.43,308.4,25.45,12.12,2.101,False,,True,R-desk,6,evt_S-61_desk_work_surface_0001,243d4174c5ecf8e0,lap_bag_context,no_pose_observation,34560.0,1.33,,1,cam12/e1/v1,
full,03.CCTV Mobile Usage.mkv,632de9ed55947761d56d4c6142a3cb1a1fe69d0b1a6d0e01a2e404c697962623,dfine_sahi,13700.0,keyboard,0.2612,882.33,380.24,968.97,453.05,6308.7,86.65,72.81,1.19,False,,True,R-desk,6,evt_S-61_desk_work_surface_0001,243d4174c5ecf8e0,lap_bag_context,no_pose_observation,34560.0,1.33,,1,cam12/e1/v1,
full,03.CCTV Mobile Usage.mkv,632de9ed55947761d56d4c6142a3cb1a1fe69d0b1a6d0e01a2e404c697962623,dfine_sahi,13700.0,unknown_object,0.2541,910.47,411.12,1177.82,506.5,25500.8,267.36,95.38,2.803,False,,True,R-desk,6,evt_S-61_desk_work_surface_0001,243d4174c5ecf8e0,lap_bag_context,no_pose_observation,34560.0,1.33,,1,cam12/e1/v1,
full,03.CCTV Mobile Usage.mkv,632de9ed55947761d56d4c6142a3cb1a1fe69d0b1a6d0e01a2e404c697962623,dfine_sahi,13700.0,keyboard,0.8943,962.1,451.9,1067.92,491.45,4185.3,105.83,39.55,2.676,False,,True,R-desk,5,evt_S-61_desk_work_surface_0001,243d4174c5ecf8e0,lap_bag_context,no_pose_observation,34560.0,1.33,,1,cam12/e1/v1,
full,03.CCTV Mobile Usage.mkv,632de9ed55947761d56d4c6142a3cb1a1fe69d0b1a6d0e01a2e404c697962623,dfine_sahi,13700.0,monitor_or_bezel,0.7706,910.05,411.11,1140.78,506.4,21985.7,230.72,95.29,2.421,False,,True,R-desk,5,evt_S-61_desk_work_surface_0001,243d4174c5ecf8e0,lap_bag_context,no_pose_observation,34560.0,1.33,,1,cam12/e1/v1,
full,03.CCTV Mobile Usage.mkv,632de9ed55947761d56d4c6142a3cb1a1fe69d0b1a6d0e01a2e404c697962623,dfine_sahi,13700.0,monitor_or_bezel,0.7502,963.79,380.38,1152.82,475.22,17926.7,189.03,94.84,1.993,False,,True,R-desk,5,evt_S-61_desk_work_surface_0001,243d4174c5ecf8e0,lap_bag_context,no_pose_observation,34560.0,1.33,,1,cam12/e1/v1,
full,03.CCTV Mobile Usage.mkv,632de9ed55947761d56d4c6142a3cb1a1fe69d0b1a6d0e01a2e404c697962623,dfine_sahi,13700.0,monitor_or_bezel,0.7047,707.05,379.91,969.7,474.94,24958.5,262.65,95.03,2.764,False,,True,R-desk,5,evt_S-61_desk_work_surface_0001,243d4174c5ecf8e0,lap_bag_context,no_pose_observation,34560.0,1.33,,1,cam12/e1/v1,
full,03.CCTV Mobile Usage.mkv,632de9ed55947761d56d4c6142a3cb1a1fe69d0b1a6d0e01a2e404c697962623,dfine_sahi,13700.0,keyboard,0.6385,772.63,380.23,871.12,420.39,3955.7,98.5,40.16,2.453,False,,True,R-desk,5,evt_S-61_desk_work_surface_0001,243d4174c5ecf8e0,lap_bag_context,no_pose_observation,34560.0,1.33,,1,cam12/e1/v1,
full,03.CCTV Mobile Usage.mkv,632de9ed55947761d56d4c6142a3cb1a1fe69d0b1a6d0e01a2e404c697962623,dfine_sahi,13700.0,unknown_object,0.6351,699.91,396.23,849.23,492.42,14363.2,149.32,96.19,1.552,False,,True,R-desk,5,evt_S-61_desk_work_surface_0001,243d4174c5ecf8e0,lap_bag_context,no_pose_observation,34560.0,1.33,,1,cam12/e1/v1,
full,03.CCTV Mobile Usage.mkv,632de9ed55947761d56d4c6142a3cb1a1fe69d0b1a6d0e01a2e404c697962623,dfine_sahi,13700.0,keyboard,0.6268,962.63,452.36,1035.07,475.63,1686.1,72.44,23.28,3.112,False,,True,R-desk,5,evt_S-61_desk_work_surface_0001,243d4174c5ecf8e0,lap_bag_context,no_pose_observation,34560.0,1.33,,1,cam12/e1/v1,
full,03.CCTV Mobile Usage.mkv,632de9ed55947761d56d4c6142a3cb1a1fe69d0b1a6d0e01a2e404c697962623,dfine_sahi,13700.0,mouse,0.5573,865.43,413.69,891.29,435.25,557.5,25.86,21.56,1.2,False,,True,R-desk,5,evt_S-61_desk_work_surface_0001,243d4174c5ecf8e0,lap_bag_context,no_pose_observation,34560.0,1.33,,1,cam12/e1/v1,
full,03.CCTV Mobile Usage.mkv,632de9ed55947761d56d4c6142a3cb1a1fe69d0b1a6d0e01a2e404c697962623,dfine_sahi,13700.0,unknown_object,0.5137,769.18,411.0,969.84,505.94,19052.0,200.66,94.95,2.113,False,,True,R-desk,5,evt_S-61_desk_work_surface_0001,243d4174c5ecf8e0,lap_bag_context,no_pose_observation,34560.0,1.33,,1,cam12/e1/v1,
full,03.CCTV Mobile Usage.mkv,632de9ed55947761d56d4c6142a3cb1a1fe69d0b1a6d0e01a2e404c697962623,dfine_sahi,13700.0,phone,0.4353,1043.38,421.51,1113.15,473.57,3632.2,69.77,52.06,1.34,False,,True,R-desk,5,evt_S-61_desk_work_surface_0001,243d4174c5ecf8e0,lap_bag_context,no_pose_observation,34560.0,1.33,,1,cam12/e1/v1,
full,03.CCTV Mobile Usage.mkv,632de9ed55947761d56d4c6142a3cb1a1fe69d0b1a6d0e01a2e404c697962623,dfine_sahi,13700.0,keyboard,0.4275,802.46,396.23,870.9,420.71,1675.4,68.44,24.48,2.796,False,,True,R-desk,5,evt_S-61_desk_work_surface_0001,243d4174c5ecf8e0,lap_bag_context,no_pose_observation,34560.0,1.33,,1,cam12/e1/v1,
full,03.CCTV Mobile Usage.mkv,632de9ed55947761d56d4c6142a3cb1a1fe69d0b1a6d0e01a2e404c697962623,dfine_sahi,13700.0,unknown_object,0.4047,699.97,396.23,757.44,491.07,5450.2,57.47,94.84,0.606,False,,True,R-desk,5,evt_S-61_desk_work_surface_0001,243d4174c5ecf8e0,lap_bag_context,no_pose_observation,34560.0,1.33,,1,cam12/e1/v1,
full,03.CCTV Mobile Usage.mkv,632de9ed55947761d56d4c6142a3cb1a1fe69d0b1a6d0e01a2e404c697962623,dfine_sahi,13700.0,monitor_or_bezel,0.3911,1019.66,395.52,1145.07,446.54,6398.2,125.4,51.02,2.458,False,,True,R-desk,5,evt_S-61_desk_work_surface_0001,243d4174c5ecf8e0,lap_bag_context,no_pose_observation,34560.0,1.33,,1,cam12/e1/v1,
full,03.CCTV Mobile Usage.mkv,632de9ed55947761d56d4c6142a3cb1a1fe69d0b1a6d0e01a2e404c697962623,dfine_sahi,13700.0,keyboard,0.3412,910.14,412.13,1092.2,506.31,17146.7,182.06,94.18,1.933,False,,True,R-desk,5,evt_S-61_desk_work_surface_0001,243d4174c5ecf8e0,lap_bag_context,no_pose_observation,34560.0,1.33,,1,cam12/e1/v1,
full,03.CCTV Mobile Usage.mkv,632de9ed55947761d56d4c6142a3cb1a1fe69d0b1a6d0e01a2e404c697962623,dfine_sahi,13700.0,unknown_object,0.3252,882.06,411.12,932.43,452.77,2097.8,50.37,41.65,1.21,False,,True,R-desk,5,evt_S-61_desk_work_surface_0001,243d4174c5ecf8e0,lap_bag_context,no_pose_observation,34560.0,1.33,,1,cam12/e1/v1,
full,03.CCTV Mobile Usage.mkv,632de9ed55947761d56d4c6142a3cb1a1fe69d0b1a6d0e01a2e404c697962623,dfine_sahi,13700.0,keyboard,0.3242,965.98,396.23,1096.61,475.05,10296.4,130.63,78.82,1.657,False,,True,R-desk,5,evt_S-61_desk_work_surface_0001,243d4174c5ecf8e0,lap_bag_context,no_pose_observation,34560.0,1.33,,1,cam12/e1/v1,
full,03.CCTV Mobile Usage.mkv,632de9ed55947761d56d4c6142a3cb1a1fe69d0b1a6d0e01a2e404c697962623,dfine_sahi,13700.0,unknown_object,0.3122,736.53,395.62,1140.46,491.18,38597.9,403.92,95.56,4.227,False,,True,R-desk,5,evt_S-61_desk_work_surface_0001,243d4174c5ecf8e0,lap_bag_context,no_pose_observation,34560.0,1.33,,1,cam12/e1/v1,
full,03.CCTV Mobile Usage.mkv,632de9ed55947761d56d4c6142a3cb1a1fe69d0b1a6d0e01a2e404c697962623,dfine_sahi,13700.0,unknown_object,0.277,881.3,411.54,969.9,505.57,8331.3,88.6,94.03,0.942,False,,True,R-desk,5,evt_S-61_desk_work_surface_0001,243d4174c5ecf8e0,lap_bag_context,no_pose_observation,34560.0,1.33,,1,cam12/e1/v1,
full,03.CCTV Mobile Usage.mkv,632de9ed55947761d56d4c6142a3cb1a1fe69d0b1a6d0e01a2e404c697962623,dfine_sahi,13700.0,mouse,0.2755,966.86,398.32,992.31,410.43,308.4,25.45,12.12,2.101,False,,True,R-desk,5,evt_S-61_desk_work_surface_0001,243d4174c5ecf8e0,lap_bag_context,no_pose_observation,34560.0,1.33,,1,cam12/e1/v1,
full,03.CCTV Mobile Usage.mkv,632de9ed55947761d56d4c6142a3cb1a1fe69d0b1a6d0e01a2e404c697962623,dfine_sahi,13700.0,keyboard,0.2612,882.33,380.24,968.97,453.05,6308.7,86.65,72.81,1.19,False,,True,R-desk,5,evt_S-61_desk_work_surface_0001,243d4174c5ecf8e0,lap_bag_context,no_pose_observation,34560.0,1.33,,1,cam12/e1/v1,
full,03.CCTV Mobile Usage.mkv,632de9ed55947761d56d4c6142a3cb1a1fe69d0b1a6d0e01a2e404c697962623,dfine_sahi,13700.0,unknown_object,0.2541,910.47,411.12,1177.82,506.5,25500.8,267.36,95.38,2.803,False,,True,R-desk,5,evt_S-61_desk_work_surface_0001,243d4174c5ecf8e0,lap_bag_context,no_pose_observation,34560.0,1.33,,1,cam12/e1/v1,
full,03.CCTV Mobile Usage.mkv,632de9ed55947761d56d4c6142a3cb1a1fe69d0b1a6d0e01a2e404c697962623,dfine_sahi,13700.0,keyboard,0.8943,962.1,451.9,1067.92,491.45,4185.3,105.83,39.55,2.676,False,,True,R-desk,7,evt_S-61_desk_work_surface_0001,243d4174c5ecf8e0,lap_bag_context,no_pose_observation,34560.0,1.33,,1,cam12/e1/v1,
full,03.CCTV Mobile Usage.mkv,632de9ed55947761d56d4c6142a3cb1a1fe69d0b1a6d0e01a2e404c697962623,dfine_sahi,13700.0,monitor_or_bezel,0.7706,910.05,411.11,1140.78,506.4,21985.7,230.72,95.29,2.421,False,,True,R-desk,7,evt_S-61_desk_work_surface_0001,243d4174c5ecf8e0,lap_bag_context,no_pose_observation,34560.0,1.33,,1,cam12/e1/v1,
full,03.CCTV Mobile Usage.mkv,632de9ed55947761d56d4c6142a3cb1a1fe69d0b1a6d0e01a2e404c697962623,dfine_sahi,13700.0,monitor_or_bezel,0.7502,963.79,380.38,1152.82,475.22,17926.7,189.03,94.84,1.993,False,,True,R-desk,7,evt_S-61_desk_work_surface_0001,243d4174c5ecf8e0,lap_bag_context,no_pose_observation,34560.0,1.33,,1,cam12/e1/v1,
full,03.CCTV Mobile Usage.mkv,632de9ed55947761d56d4c6142a3cb1a1fe69d0b1a6d0e01a2e404c697962623,dfine_sahi,13700.0,monitor_or_bezel,0.7047,707.05,379.91,969.7,474.94,24958.5,262.65,95.03,2.764,False,,True,R-desk,7,evt_S-61_desk_work_surface_0001,243d4174c5ecf8e0,lap_bag_context,no_pose_observation,34560.0,1.33,,1,cam12/e1/v1,
full,03.CCTV Mobile Usage.mkv,632de9ed55947761d56d4c6142a3cb1a1fe69d0b1a6d0e01a2e404c697962623,dfine_sahi,13700.0,keyboard,0.6385,772.63,380.23,871.12,420.39,3955.7,98.5,40.16,2.453,False,,True,R-desk,7,evt_S-61_desk_work_surface_0001,243d4174c5ecf8e0,lap_bag_context,no_pose_observation,34560.0,1.33,,1,cam12/e1/v1,
full,03.CCTV Mobile Usage.mkv,632de9ed55947761d56d4c6142a3cb1a1fe69d0b1a6d0e01a2e404c697962623,dfine_sahi,13700.0,unknown_object,0.6351,699.91,396.23,849.23,492.42,14363.2,149.32,96.19,1.552,False,,True,R-desk,7,evt_S-61_desk_work_surface_0001,243d4174c5ecf8e0,lap_bag_context,no_pose_observation,34560.0,1.33,,1,cam12/e1/v1,
full,03.CCTV Mobile Usage.mkv,632de9ed55947761d56d4c6142a3cb1a1fe69d0b1a6d0e01a2e404c697962623,dfine_sahi,13700.0,keyboard,0.6268,962.63,452.36,1035.07,475.63,1686.1,72.44,23.28,3.112,False,,True,R-desk,7,evt_S-61_desk_work_surface_0001,243d4174c5ecf8e0,lap_bag_context,no_pose_observation,34560.0,1.33,,1,cam12/e1/v1,
full,03.CCTV Mobile Usage.mkv,632de9ed55947761d56d4c6142a3cb1a1fe69d0b1a6d0e01a2e404c697962623,dfine_sahi,13700.0,mouse,0.5573,865.43,413.69,891.29,435.25,557.5,25.86,21.56,1.2,False,,True,R-desk,7,evt_S-61_desk_work_surface_0001,243d4174c5ecf8e0,lap_bag_context,no_pose_observation,34560.0,1.33,,1,cam12/e1/v1,
full,03.CCTV Mobile Usage.mkv,632de9ed55947761d56d4c6142a3cb1a1fe69d0b1a6d0e01a2e404c697962623,dfine_sahi,13700.0,unknown_object,0.5137,769.18,411.0,969.84,505.94,19052.0,200.66,94.95,2.113,False,,True,R-desk,7,evt_S-61_desk_work_surface_0001,243d4174c5ecf8e0,lap_bag_context,no_pose_observation,34560.0,1.33,,1,cam12/e1/v1,
full,03.CCTV Mobile Usage.mkv,632de9ed55947761d56d4c6142a3cb1a1fe69d0b1a6d0e01a2e404c697962623,dfine_sahi,13700.0,phone,0.4353,1043.38,421.51,1113.15,473.57,3632.2,69.77,52.06,1.34,False,,True,R-desk,7,evt_S-61_desk_work_surface_0001,243d4174c5ecf8e0,lap_bag_context,no_pose_observation,34560.0,1.33,,1,cam12/e1/v1,
full,03.CCTV Mobile Usage.mkv,632de9ed55947761d56d4c6142a3cb1a1fe69d0b1a6d0e01a2e404c697962623,dfine_sahi,13700.0,keyboard,0.4275,802.46,396.23,870.9,420.71,1675.4,68.44,24.48,2.796,False,,True,R-desk,7,evt_S-61_desk_work_surface_0001,243d4174c5ecf8e0,lap_bag_context,no_pose_observation,34560.0,1.33,,1,cam12/e1/v1,
full,03.CCTV Mobile Usage.mkv,632de9ed55947761d56d4c6142a3cb1a1fe69d0b1a6d0e01a2e404c697962623,dfine_sahi,13700.0,unknown_object,0.4047,699.97,396.23,757.44,491.07,5450.2,57.47,94.84,0.606,False,,True,R-desk,7,evt_S-61_desk_work_surface_0001,243d4174c5ecf8e0,lap_bag_context,no_pose_observation,34560.0,1.33,,1,cam12/e1/v1,
full,03.CCTV Mobile Usage.mkv,632de9ed55947761d56d4c6142a3cb1a1fe69d0b1a6d0e01a2e404c697962623,dfine_sahi,13700.0,monitor_or_bezel,0.3911,1019.66,395.52,1145.07,446.54,6398.2,125.4,51.02,2.458,False,,True,R-desk,7,evt_S-61_desk_work_surface_0001,243d4174c5ecf8e0,lap_bag_context,no_pose_observation,34560.0,1.33,,1,cam12/e1/v1,
full,03.CCTV Mobile Usage.mkv,632de9ed55947761d56d4c6142a3cb1a1fe69d0b1a6d0e01a2e404c697962623,dfine_sahi,13700.0,keyboard,0.3412,910.14,412.13,1092.2,506.31,17146.7,182.06,94.18,1.933,False,,True,R-desk,7,evt_S-61_desk_work_surface_0001,243d4174c5ecf8e0,lap_bag_context,no_pose_observation,34560.0,1.33,,1,cam12/e1/v1,
full,03.CCTV Mobile Usage.mkv,632de9ed55947761d56d4c6142a3cb1a1fe69d0b1a6d0e01a2e404c697962623,dfine_sahi,13700.0,unknown_object,0.3252,882.06,411.12,932.43,452.77,2097.8,50.37,41.65,1.21,False,,True,R-desk,7,evt_S-61_desk_work_surface_0001,243d4174c5ecf8e0,lap_bag_context,no_pose_observation,34560.0,1.33,,1,cam12/e1/v1,
full,03.CCTV Mobile Usage.mkv,632de9ed55947761d56d4c6142a3cb1a1fe69d0b1a6d0e01a2e404c697962623,dfine_sahi,13700.0,keyboard,0.3242,965.98,396.23,1096.61,475.05,10296.4,130.63,78.82,1.657,False,,True,R-desk,7,evt_S-61_desk_work_surface_0001,243d4174c5ecf8e0,lap_bag_context,no_pose_observation,34560.0,1.33,,1,cam12/e1/v1,
full,03.CCTV Mobile Usage.mkv,632de9ed55947761d56d4c6142a3cb1a1fe69d0b1a6d0e01a2e404c697962623,dfine_sahi,13700.0,unknown_object,0.3122,736.53,395.62,1140.46,491.18,38597.9,403.92,95.56,4.227,False,,True,R-desk,7,evt_S-61_desk_work_surface_0001,243d4174c5ecf8e0,lap_bag_context,no_pose_observation,34560.0,1.33,,1,cam12/e1/v1,
full,03.CCTV Mobile Usage.mkv,632de9ed55947761d56d4c6142a3cb1a1fe69d0b1a6d0e01a2e404c697962623,dfine_sahi,13700.0,unknown_object,0.277,881.3,411.54,969.9,505.57,8331.3,88.6,94.03,0.942,False,,True,R-desk,7,evt_S-61_desk_work_surface_0001,243d4174c5ecf8e0,lap_bag_context,no_pose_observation,34560.0,1.33,,1,cam12/e1/v1,
full,03.CCTV Mobile Usage.mkv,632de9ed55947761d56d4c6142a3cb1a1fe69d0b1a6d0e01a2e404c697962623,dfine_sahi,13700.0,mouse,0.2755,966.86,398.32,992.31,410.43,308.4,25.45,12.12,2.101,False,,True,R-desk,7,evt_S-61_desk_work_surface_0001,243d4174c5ecf8e0,lap_bag_context,no_pose_observation,34560.0,1.33,,1,cam12/e1/v1,
full,03.CCTV Mobile Usage.mkv,632de9ed55947761d56d4c6142a3cb1a1fe69d0b1a6d0e01a2e404c697962623,dfine_sahi,13700.0,keyboard,0.2612,882.33,380.24,968.97,453.05,6308.7,86.65,72.81,1.19,False,,True,R-desk,7,evt_S-61_desk_work_surface_0001,243d4174c5ecf8e0,lap_bag_context,no_pose_observation,34560.0,1.33,,1,cam12/e1/v1,
full,03.CCTV Mobile Usage.mkv,632de9ed55947761d56d4c6142a3cb1a1fe69d0b1a6d0e01a2e404c697962623,dfine_sahi,13700.0,unknown_object,0.2541,910.47,411.12,1177.82,506.5,25500.8,267.36,95.38,2.803,False,,True,R-desk,7,evt_S-61_desk_work_surface_0001,243d4174c5ecf8e0,lap_bag_context,no_pose_observation,34560.0,1.33,,1,cam12/e1/v1,
full,03.CCTV Mobile Usage.mkv,632de9ed55947761d56d4c6142a3cb1a1fe69d0b1a6d0e01a2e404c697962623,dfine_sahi,13700.0,unknown_object,0.6503,96.2,324.35,210.75,421.62,11142.7,114.55,97.27,1.178,False,,True,S-61,2,evt_S-61_desk_work_surface_0001,843ac0bd3ddb8743,pose_hand_context,,44783.0,3.02,,1,cam12/e1/v1,rtmpose_baseline
full,03.CCTV Mobile Usage.mkv,632de9ed55947761d56d4c6142a3cb1a1fe69d0b1a6d0e01a2e404c697962623,dfine_sahi,13700.0,unknown_object,0.448,0.34,254.1,45.11,306.08,2327.2,44.77,51.98,0.861,False,,True,S-61,2,evt_S-61_desk_work_surface_0001,843ac0bd3ddb8743,pose_hand_context,,44783.0,3.02,,1,cam12/e1/v1,rtmpose_baseline
full,03.CCTV Mobile Usage.mkv,632de9ed55947761d56d4c6142a3cb1a1fe69d0b1a6d0e01a2e404c697962623,dfine_sahi,13700.0,unknown_object,0.4153,-0.16,278.33,84.97,421.88,12220.0,85.13,143.55,0.593,False,,True,S-61,2,evt_S-61_desk_work_surface_0001,843ac0bd3ddb8743,pose_hand_context,,44783.0,3.02,,1,cam12/e1/v1,rtmpose_baseline
full,03.CCTV Mobile Usage.mkv,632de9ed55947761d56d4c6142a3cb1a1fe69d0b1a6d0e01a2e404c697962623,dfine_sahi,13700.0,bag,0.3746,0.43,254.6,96.07,329.45,7157.9,95.63,74.85,1.278,False,,True,S-61,2,evt_S-61_desk_work_surface_0001,843ac0bd3ddb8743,pose_hand_context,,44783.0,3.02,,1,cam12/e1/v1,rtmpose_baseline
full,03.CCTV Mobile Usage.mkv,632de9ed55947761d56d4c6142a3cb1a1fe69d0b1a6d0e01a2e404c697962623,dfine_sahi,13700.0,bag,0.3578,17.2,300.65,94.62,329.71,2250.0,77.41,29.07,2.663,False,,True,S-61,2,evt_S-61_desk_work_surface_0001,843ac0bd3ddb8743,pose_hand_context,,44783.0,3.02,,1,cam12/e1/v1,rtmpose_baseline
full,03.CCTV Mobile Usage.mkv,632de9ed55947761d56d4c6142a3cb1a1fe69d0b1a6d0e01a2e404c697962623,dfine_sahi,13700.0,unknown_object,0.3306,0.04,254.9,210.74,421.83,35171.2,210.7,166.93,1.262,False,,True,S-61,2,evt_S-61_desk_work_surface_0001,843ac0bd3ddb8743,pose_hand_context,,44783.0,3.02,,1,cam12/e1/v1,rtmpose_baseline
full,03.CCTV Mobile Usage.mkv,632de9ed55947761d56d4c6142a3cb1a1fe69d0b1a6d0e01a2e404c697962623,dfine_sahi,13700.0,keyboard,0.3124,191.28,337.71,210.99,367.37,584.6,19.71,29.66,0.664,False,,True,S-61,2,evt_S-61_desk_work_surface_0001,843ac0bd3ddb8743,pose_hand_context,,44783.0,3.02,,1,cam12/e1/v1,rtmpose_baseline
full,03.CCTV Mobile Usage.mkv,632de9ed55947761d56d4c6142a3cb1a1fe69d0b1a6d0e01a2e404c697962623,dfine_sahi,13700.0,unknown_object,0.2542,0.27,254.34,117.5,329.65,8827.7,117.23,75.3,1.557,False,,True,S-61,2,evt_S-61_desk_work_surface_0001,843ac0bd3ddb8743,pose_hand_context,,44783.0,3.02,,1,cam12/e1/v1,rtmpose_baseline
full,03.CCTV Mobile Usage.mkv,632de9ed55947761d56d4c6142a3cb1a1fe69d0b1a6d0e01a2e404c697962623,dfine_sahi,13700.0,unknown_object,0.6748,94.0,372.12,204.94,480.54,12027.8,110.94,108.42,1.023,False,,True,S-61,1,evt_S-61_desk_work_surface_0001,96838b91a5af473a,pose_hand_context,,38722.4,3.25,,1,cam12/e1/v1,rtmpose_baseline
full,03.CCTV Mobile Usage.mkv,632de9ed55947761d56d4c6142a3cb1a1fe69d0b1a6d0e01a2e404c697962623,dfine_sahi,13700.0,unknown_object,0.649,46.03,509.21,85.17,555.62,1816.6,39.14,46.41,0.843,False,,True,S-61,1,evt_S-61_desk_work_surface_0001,96838b91a5af473a,pose_hand_context,,38722.4,3.25,,1,cam12/e1/v1,rtmpose_baseline
full,03.CCTV Mobile Usage.mkv,632de9ed55947761d56d4c6142a3cb1a1fe69d0b1a6d0e01a2e404c697962623,dfine_sahi,13700.0,unknown_object,0.5722,7.96,493.85,204.72,567.96,14581.5,196.76,74.11,2.655,False,,True,S-61,1,evt_S-61_desk_work_surface_0001,96838b91a5af473a,pose_hand_context,,38722.4,3.25,,1,cam12/e1/v1,rtmpose_baseline
full,03.CCTV Mobile Usage.mkv,632de9ed55947761d56d4c6142a3cb1a1fe69d0b1a6d0e01a2e404c697962623,dfine_sahi,13700.0,stationery,0.4846,43.14,443.47,72.21,471.07,802.4,29.07,27.6,1.053,False,,True,S-61,1,evt_S-61_desk_work_surface_0001,96838b91a5af473a,pose_hand_context,,38722.4,3.25,,1,cam12/e1/v1,rtmpose_baseline
full,03.CCTV Mobile Usage.mkv,632de9ed55947761d56d4c6142a3cb1a1fe69d0b1a6d0e01a2e404c697962623,dfine_sahi,13700.0,unknown_object,0.4473,7.97,372.29,118.87,480.86,12039.7,110.9,108.56,1.022,False,,True,S-61,1,evt_S-61_desk_work_surface_0001,96838b91a5af473a,pose_hand_context,,38722.4,3.25,,1,cam12/e1/v1,rtmpose_baseline
full,03.CCTV Mobile Usage.mkv,632de9ed55947761d56d4c6142a3cb1a1fe69d0b1a6d0e01a2e404c697962623,dfine_sahi,13700.0,stationery,0.3904,8.03,415.42,103.85,502.76,8368.7,95.81,87.34,1.097,False,,True,S-61,1,evt_S-61_desk_work_surface_0001,96838b91a5af473a,pose_hand_context,,38722.4,3.25,,1,cam12/e1/v1,rtmpose_baseline
full,03.CCTV Mobile Usage.mkv,632de9ed55947761d56d4c6142a3cb1a1fe69d0b1a6d0e01a2e404c697962623,dfine_sahi,13700.0,unknown_object,0.3749,94.02,417.66,153.57,480.06,3716.1,59.55,62.4,0.954,False,,True,S-61,1,evt_S-61_desk_work_surface_0001,96838b91a5af473a,pose_hand_context,,38722.4,3.25,,1,cam12/e1/v1,rtmpose_baseline
full,03.CCTV Mobile Usage.mkv,632de9ed55947761d56d4c6142a3cb1a1fe69d0b1a6d0e01a2e404c697962623,dfine_sahi,13700.0,unknown_object,0.3212,93.98,458.08,144.96,498.15,2042.6,50.97,40.07,1.272,False,,True,S-61,1,evt_S-61_desk_work_surface_0001,96838b91a5af473a,pose_hand_context,,38722.4,3.25,,1,cam12/e1/v1,rtmpose_baseline
full,03.CCTV Mobile Usage.mkv,632de9ed55947761d56d4c6142a3cb1a1fe69d0b1a6d0e01a2e404c697962623,dfine_sahi,13700.0,unknown_object,0.3177,42.96,443.4,72.09,470.78,797.6,29.13,27.38,1.064,False,,True,S-61,1,evt_S-61_desk_work_surface_0001,96838b91a5af473a,pose_hand_context,,38722.4,3.25,,1,cam12/e1/v1,rtmpose_baseline
full,03.CCTV Mobile Usage.mkv,632de9ed55947761d56d4c6142a3cb1a1fe69d0b1a6d0e01a2e404c697962623,dfine_sahi,13700.0,unknown_object,0.3162,48.7,518.93,72.78,552.76,814.9,24.09,33.83,0.712,False,,True,S-61,1,evt_S-61_desk_work_surface_0001,96838b91a5af473a,pose_hand_context,,38722.4,3.25,,1,cam12/e1/v1,rtmpose_baseline
full,03.CCTV Mobile Usage.mkv,632de9ed55947761d56d4c6142a3cb1a1fe69d0b1a6d0e01a2e404c697962623,dfine_sahi,13700.0,unknown_object,0.3044,8.15,413.99,156.49,504.3,13395.9,148.34,90.3,1.643,False,,True,S-61,1,evt_S-61_desk_work_surface_0001,96838b91a5af473a,pose_hand_context,,38722.4,3.25,,1,cam12/e1/v1,rtmpose_baseline
full,03.CCTV Mobile Usage.mkv,632de9ed55947761d56d4c6142a3cb1a1fe69d0b1a6d0e01a2e404c697962623,dfine_sahi,13700.0,unknown_object,0.298,42.48,458.04,73.29,471.26,407.4,30.82,13.22,2.331,False,,True,S-61,1,evt_S-61_desk_work_surface_0001,96838b91a5af473a,pose_hand_context,,38722.4,3.25,,1,cam12/e1/v1,rtmpose_baseline
full,03.CCTV Mobile Usage.mkv,632de9ed55947761d56d4c6142a3cb1a1fe69d0b1a6d0e01a2e404c697962623,dfine_sahi,13700.0,unknown_object,0.2967,68.72,372.91,118.95,450.77,3911.7,50.24,77.86,0.645,False,,True,S-61,1,evt_S-61_desk_work_surface_0001,96838b91a5af473a,pose_hand_context,,38722.4,3.25,,1,cam12/e1/v1,rtmpose_baseline
full,03.CCTV Mobile Usage.mkv,632de9ed55947761d56d4c6142a3cb1a1fe69d0b1a6d0e01a2e404c697962623,dfine_sahi,13700.0,unknown_object,0.2763,8.66,458.05,118.9,502.21,4868.0,110.24,44.16,2.496,False,,True,S-61,1,evt_S-61_desk_work_surface_0001,96838b91a5af473a,pose_hand_context,,38722.4,3.25,,1,cam12/e1/v1,rtmpose_baseline
full,03.CCTV Mobile Usage.mkv,632de9ed55947761d56d4c6142a3cb1a1fe69d0b1a6d0e01a2e404c697962623,dfine_sahi,13700.0,stationery,0.2723,43.64,508.95,89.79,557.11,2223.0,46.15,48.17,0.958,False,,True,S-61,1,evt_S-61_desk_work_surface_0001,96838b91a5af473a,pose_hand_context,,38722.4,3.25,,1,cam12/e1/v1,rtmpose_baseline
full,03.CCTV Mobile Usage.mkv,632de9ed55947761d56d4c6142a3cb1a1fe69d0b1a6d0e01a2e404c697962623,dfine_sahi,41183.0,unknown_object,0.3097,190.05,165.8,232.31,198.42,1378.4,42.25,32.62,1.295,False,,True,S-61,9,evt_S-61_desk_work_surface_0002,0732a167cd42c65f,pose_hand_context,,2304.0,13.33,,1,cam12/e1/v1,rtmpose_baseline
full,03.CCTV Mobile Usage.mkv,632de9ed55947761d56d4c6142a3cb1a1fe69d0b1a6d0e01a2e404c697962623,dfine_sahi,41183.0,stationery,0.293,190.38,165.97,232.32,193.07,1136.5,41.94,27.1,1.547,False,,True,S-61,9,evt_S-61_desk_work_surface_0002,0732a167cd42c65f,pose_hand_context,,2304.0,13.33,,1,cam12/e1/v1,rtmpose_baseline
full,03.CCTV Mobile Usage.mkv,632de9ed55947761d56d4c6142a3cb1a1fe69d0b1a6d0e01a2e404c697962623,dfine_sahi,41183.0,unknown_object,0.2872,175.28,165.64,232.25,224.81,3371.2,56.97,59.18,0.963,False,,True,S-61,9,evt_S-61_desk_work_surface_0002,0732a167cd42c65f,pose_hand_context,,2304.0,13.33,,1,cam12/e1/v1,rtmpose_baseline
full,03.CCTV Mobile Usage.mkv,632de9ed55947761d56d4c6142a3cb1a1fe69d0b1a6d0e01a2e404c697962623,dfine_sahi,41183.0,unknown_object,0.6345,87.0,425.17,182.83,520.44,9129.1,95.83,95.27,1.006,False,,True,S-61,8,evt_S-61_desk_work_surface_0002,25dbd0c1ca232cd5,pose_hand_context,,29097.5,3.75,,1,cam12/e1/v1,rtmpose_baseline
full,03.CCTV Mobile Usage.mkv,632de9ed55947761d56d4c6142a3cb1a1fe69d0b1a6d0e01a2e404c697962623,dfine_sahi,41183.0,unknown_object,0.4796,40.07,425.23,107.92,474.45,3339.6,67.85,49.22,1.379,False,,True,S-61,8,evt_S-61_desk_work_surface_0002,25dbd0c1ca232cd5,pose_hand_context,,29097.5,3.75,,1,cam12/e1/v1,rtmpose_baseline
full,03.CCTV Mobile Usage.mkv,632de9ed55947761d56d4c6142a3cb1a1fe69d0b1a6d0e01a2e404c697962623,dfine_sahi,41183.0,unknown_object,0.4095,12.01,425.08,107.95,520.67,9170.4,95.93,95.59,1.004,False,,True,S-61,8,evt_S-61_desk_work_surface_0002,25dbd0c1ca232cd5,pose_hand_context,,29097.5,3.75,,1,cam12/e1/v1,rtmpose_baseline
full,03.CCTV Mobile Usage.mkv,632de9ed55947761d56d4c6142a3cb1a1fe69d0b1a6d0e01a2e404c697962623,dfine_sahi,41183.0,unknown_object,0.4012,87.01,381.17,163.79,445.38,4930.6,76.78,64.21,1.196,False,,True,S-61,8,evt_S-61_desk_work_surface_0002,25dbd0c1ca232cd5,pose_hand_context,,29097.5,3.75,,1,cam12/e1/v1,rtmpose_baseline
full,03.CCTV Mobile Usage.mkv,632de9ed55947761d56d4c6142a3cb1a1fe69d0b1a6d0e01a2e404c697962623,dfine_sahi,41183.0,unknown_object,0.3851,44.18,509.6,77.81,520.99,382.8,33.62,11.39,2.953,False,,True,S-61,8,evt_S-61_desk_work_surface_0002,25dbd0c1ca232cd5,pose_hand_context,,29097.5,3.75,,1,cam12/e1/v1,rtmpose_baseline
full,03.CCTV Mobile Usage.mkv,632de9ed55947761d56d4c6142a3cb1a1fe69d0b1a6d0e01a2e404c697962623,dfine_sahi,41183.0,unknown_object,0.3267,43.41,421.43,107.97,445.75,1570.3,64.56,24.32,2.654,False,,True,S-61,8,evt_S-61_desk_work_surface_0002,25dbd0c1ca232cd5,pose_hand_context,,29097.5,3.75,,1,cam12/e1/v1,rtmpose_baseline
full,03.CCTV Mobile Usage.mkv,632de9ed55947761d56d4c6142a3cb1a1fe69d0b1a6d0e01a2e404c697962623,dfine_sahi,41183.0,unknown_object,0.2955,12.02,493.75,107.86,520.93,2605.0,95.85,27.18,3.527,False,,True,S-61,8,evt_S-61_desk_work_surface_0002,25dbd0c1ca232cd5,pose_hand_context,,29097.5,3.75,,1,cam12/e1/v1,rtmpose_baseline
full,03.CCTV Mobile Usage.mkv,632de9ed55947761d56d4c6142a3cb1a1fe69d0b1a6d0e01a2e404c697962623,dfine_sahi,41683.0,unknown_object,0.5827,81.03,422.16,176.75,517.43,9120.7,95.73,95.28,1.005,False,,True,S-61,8,evt_S-61_desk_work_surface_0002,c46e62affe84244a,pose_hand_context,,23605.2,4.17,,1,cam12/e1/v1,rtmpose_baseline
full,03.CCTV Mobile Usage.mkv,632de9ed55947761d56d4c6142a3cb1a1fe69d0b1a6d0e01a2e404c697962623,dfine_sahi,41683.0,unknown_object,0.5039,81.08,388.54,158.23,450.17,4754.6,77.15,61.63,1.252,False,,True,S-61,8,evt_S-61_desk_work_surface_0002,c46e62affe84244a,pose_hand_context,,23605.2,4.17,,1,cam12/e1/v1,rtmpose_baseline
full,03.CCTV Mobile Usage.mkv,632de9ed55947761d56d4c6142a3cb1a1fe69d0b1a6d0e01a2e404c697962623,dfine_sahi,41683.0,unknown_object,0.4036,40.95,422.29,108.9,474.18,3526.0,67.95,51.89,1.309,False,,True,S-61,8,evt_S-61_desk_work_surface_0002,c46e62affe84244a,pose_hand_context,,23605.2,4.17,,1,cam12/e1/v1,rtmpose_baseline
full,03.CCTV Mobile Usage.mkv,632de9ed55947761d56d4c6142a3cb1a1fe69d0b1a6d0e01a2e404c697962623,dfine_sahi,41683.0,unknown_object,0.319,104.03,441.15,159.56,504.19,3500.6,55.53,63.04,0.881,False,,True,S-61,8,evt_S-61_desk_work_surface_0002,c46e62affe84244a,pose_hand_context,,23605.2,4.17,,1,cam12/e1/v1,rtmpose_baseline
full,03.CCTV Mobile Usage.mkv,632de9ed55947761d56d4c6142a3cb1a1fe69d0b1a6d0e01a2e404c697962623,dfine_sahi,41683.0,unknown_object,0.3111,13.02,422.24,108.92,517.48,9133.0,95.9,95.24,1.007,False,,True,S-61,8,evt_S-61_desk_work_surface_0002,c46e62affe84244a,pose_hand_context,,23605.2,4.17,,1,cam12/e1/v1,rtmpose_baseline
full,03.CCTV Mobile Usage.mkv,632de9ed55947761d56d4c6142a3cb1a1fe69d0b1a6d0e01a2e404c697962623,dfine_sahi,41683.0,unknown_object,0.2588,95.26,355.07,124.45,379.11,701.8,29.19,24.04,1.214,False,,True,S-61,8,evt_S-61_desk_work_surface_0002,c46e62affe84244a,pose_hand_context,,23605.2,4.17,,1,cam12/e1/v1,rtmpose_baseline
full,03.CCTV Mobile Usage.mkv,632de9ed55947761d56d4c6142a3cb1a1fe69d0b1a6d0e01a2e404c697962623,dfine_sahi,42183.0,unknown_object,0.6097,83.98,422.23,158.47,517.19,7073.8,74.49,94.96,0.784,False,,True,S-61,8,evt_S-61_desk_work_surface_0002,0ed7f38a73807b8f,pose_hand_context,,24800.0,4.06,,1,cam12/e1/v1,rtmpose_baseline
full,03.CCTV Mobile Usage.mkv,632de9ed55947761d56d4c6142a3cb1a1fe69d0b1a6d0e01a2e404c697962623,dfine_sahi,42183.0,unknown_object,0.381,42.57,393.68,110.97,448.7,3764.1,68.4,55.03,1.243,False,,True,S-61,8,evt_S-61_desk_work_surface_0002,0ed7f38a73807b8f,pose_hand_context,,24800.0,4.06,,1,cam12/e1/v1,rtmpose_baseline
full,03.CCTV Mobile Usage.mkv,632de9ed55947761d56d4c6142a3cb1a1fe69d0b1a6d0e01a2e404c697962623,dfine_sahi,42183.0,unknown_object,0.3593,84.06,373.87,161.09,448.53,5751.2,77.03,74.66,1.032,False,,True,S-61,8,evt_S-61_desk_work_surface_0002,0ed7f38a73807b8f,pose_hand_context,,24800.0,4.06,,1,cam12/e1/v1,rtmpose_baseline
full,03.CCTV Mobile Usage.mkv,632de9ed55947761d56d4c6142a3cb1a1fe69d0b1a6d0e01a2e404c697962623,dfine_sahi,42183.0,stationery,0.2657,42.79,448.56,74.36,473.65,792.0,31.57,25.09,1.258,False,,True,S-61,8,evt_S-61_desk_work_surface_0002,0ed7f38a73807b8f,pose_hand_context,,24800.0,4.06,,1,cam12/e1/v1,rtmpose_baseline
full,03.CCTV Mobile Usage.mkv,632de9ed55947761d56d4c6142a3cb1a1fe69d0b1a6d0e01a2e404c697962623,dfine_sahi,42183.0,unknown_object,0.2594,19.04,357.23,177.02,514.29,24812.9,157.99,157.05,1.006,False,,True,S-61,8,evt_S-61_desk_work_surface_0002,0ed7f38a73807b8f,pose_hand_context,,24800.0,4.06,,1,cam12/e1/v1,rtmpose_baseline
full,03.CCTV Mobile Usage.mkv,632de9ed55947761d56d4c6142a3cb1a1fe69d0b1a6d0e01a2e404c697962623,dfine_sahi,42183.0,unknown_object,0.2537,15.03,422.15,110.98,517.72,9169.4,95.95,95.57,1.004,False,,True,S-61,8,evt_S-61_desk_work_surface_0002,0ed7f38a73807b8f,pose_hand_context,,24800.0,4.06,,1,cam12/e1/v1,rtmpose_baseline
full,03.CCTV Mobile Usage.mkv,632de9ed55947761d56d4c6142a3cb1a1fe69d0b1a6d0e01a2e404c697962623,dfine_sahi,42683.0,unknown_object,0.6806,87.07,424.19,170.61,519.97,8002.4,83.55,95.78,0.872,False,,True,S-61,8,evt_S-61_desk_work_surface_0002,845f6dfab8a96b2b,pose_hand_context,,29494.6,3.73,,1,cam12/e1/v1,rtmpose_baseline
full,03.CCTV Mobile Usage.mkv,632de9ed55947761d56d4c6142a3cb1a1fe69d0b1a6d0e01a2e404c697962623,dfine_sahi,42683.0,unknown_object,0.5573,87.0,349.34,183.23,445.4,9244.4,96.23,96.06,1.002,False,,True,S-61,8,evt_S-61_desk_work_surface_0002,845f6dfab8a96b2b,pose_hand_context,,29494.6,3.73,,1,cam12/e1/v1,rtmpose_baseline
full,03.CCTV Mobile Usage.mkv,632de9ed55947761d56d4c6142a3cb1a1fe69d0b1a6d0e01a2e404c697962623,dfine_sahi,42683.0,unknown_object,0.4419,40.47,424.15,108.93,474.32,3434.7,68.46,50.17,1.365,False,,True,S-61,8,evt_S-61_desk_work_surface_0002,845f6dfab8a96b2b,pose_hand_context,,29494.6,3.73,,1,cam12/e1/v1,rtmpose_baseline
full,03.CCTV Mobile Usage.mkv,632de9ed55947761d56d4c6142a3cb1a1fe69d0b1a6d0e01a2e404c697962623,dfine_sahi,42683.0,unknown_object,0.4251,44.65,421.96,108.96,445.78,1532.3,64.31,23.83,2.699,False,,True,S-61,8,evt_S-61_desk_work_surface_0002,845f6dfab8a96b2b,pose_hand_context,,29494.6,3.73,,1,cam12/e1/v1,rtmpose_baseline
full,03.CCTV Mobile Usage.mkv,632de9ed55947761d56d4c6142a3cb1a1fe69d0b1a6d0e01a2e404c697962623,dfine_sahi,42683.0,unknown_object,0.3279,12.0,424.26,108.93,520.63,9341.5,96.93,96.37,1.006,False,,True,S-61,8,evt_S-61_desk_work_surface_0002,845f6dfab8a96b2b,pose_hand_context,,29494.6,3.73,,1,cam12/e1/v1,rtmpose_baseline
full,03.CCTV Mobile Usage.mkv,632de9ed55947761d56d4c6142a3cb1a1fe69d0b1a6d0e01a2e404c697962623,dfine_sahi,42683.0,unknown_object,0.3237,12.01,493.34,108.84,520.94,2672.1,96.84,27.59,3.509,False,,True,S-61,8,evt_S-61_desk_work_surface_0002,845f6dfab8a96b2b,pose_hand_context,,29494.6,3.73,,1,cam12/e1/v1,rtmpose_baseline
full,03.CCTV Mobile Usage.mkv,632de9ed55947761d56d4c6142a3cb1a1fe69d0b1a6d0e01a2e404c697962623,dfine_sahi,43183.0,unknown_object,0.578,83.99,342.31,191.73,447.97,11383.3,107.74,105.66,1.02,False,,True,S-61,8,evt_S-61_desk_work_surface_0002,f4e7487a74c01a08,pose_hand_context,,36343.6,3.36,,1,cam12/e1/v1,rtmpose_baseline
full,03.CCTV Mobile Usage.mkv,632de9ed55947761d56d4c6142a3cb1a1fe69d0b1a6d0e01a2e404c697962623,dfine_sahi,43183.0,unknown_object,0.5609,41.83,422.57,107.95,448.83,1736.5,66.13,26.26,2.518,False,,True,S-61,8,evt_S-61_desk_work_surface_0002,f4e7487a74c01a08,pose_hand_context,,36343.6,3.36,,1,cam12/e1/v1,rtmpose_baseline
full,03.CCTV Mobile Usage.mkv,632de9ed55947761d56d4c6142a3cb1a1fe69d0b1a6d0e01a2e404c697962623,dfine_sahi,43183.0,unknown_object,0.5362,84.02,425.29,170.4,530.65,9101.4,86.38,105.36,0.82,False,,True,S-61,8,evt_S-61_desk_work_surface_0002,f4e7487a74c01a08,pose_hand_context,,36343.6,3.36,,1,cam12/e1/v1,rtmpose_baseline
full,03.CCTV Mobile Usage.mkv,632de9ed55947761d56d4c6142a3cb1a1fe69d0b1a6d0e01a2e404c697962623,dfine_sahi,43183.0,unknown_object,0.4654,40.34,425.26,107.94,474.53,3331.0,67.6,49.28,1.372,False,,True,S-61,8,evt_S-61_desk_work_surface_0002,f4e7487a74c01a08,pose_hand_context,,36343.6,3.36,,1,cam12/e1/v1,rtmpose_baseline
full,03.CCTV Mobile Usage.mkv,632de9ed55947761d56d4c6142a3cb1a1fe69d0b1a6d0e01a2e404c697962623,dfine_sahi,43183.0,unknown_object,0.3448,1.04,346.4,108.01,448.37,10907.8,106.96,101.98,1.049,False,,True,S-61,8,evt_S-61_desk_work_surface_0002,f4e7487a74c01a08,pose_hand_context,,36343.6,3.36,,1,cam12/e1/v1,rtmpose_baseline
full,03.CCTV Mobile Usage.mkv,632de9ed55947761d56d4c6142a3cb1a1fe69d0b1a6d0e01a2e404c697962623,dfine_sahi,43183.0,unknown_object,0.2722,159.6,425.11,192.0,502.8,2517.8,32.41,77.69,0.417,False,,True,S-61,8,evt_S-61_desk_work_surface_0002,f4e7487a74c01a08,pose_hand_context,,36343.6,3.36,,1,cam12/e1/v1,rtmpose_baseline
full,03.CCTV Mobile Usage.mkv,632de9ed55947761d56d4c6142a3cb1a1fe69d0b1a6d0e01a2e404c697962623,dfine_sahi,43183.0,unknown_object,0.2567,8.0,479.5,24.57,495.11,258.7,16.58,15.61,1.062,False,,True,S-61,8,evt_S-61_desk_work_surface_0002,f4e7487a74c01a08,pose_hand_context,,36343.6,3.36,,1,cam12/e1/v1,rtmpose_baseline
full,03.CCTV Mobile Usage.mkv,632de9ed55947761d56d4c6142a3cb1a1fe69d0b1a6d0e01a2e404c697962623,dfine_sahi,43183.0,stationery,0.2509,84.85,386.87,149.26,428.81,2701.8,64.42,41.94,1.536,False,,True,S-61,8,evt_S-61_desk_work_surface_0002,f4e7487a74c01a08,pose_hand_context,,36343.6,3.36,,1,cam12/e1/v1,rtmpose_baseline
full,03.CCTV Mobile Usage.mkv,632de9ed55947761d56d4c6142a3cb1a1fe69d0b1a6d0e01a2e404c697962623,dfine_sahi,43683.0,unknown_object,0.4827,-0.21,342.18,87.93,449.31,9443.0,88.14,107.14,0.823,False,,True,S-61,8,evt_S-61_desk_work_surface_0002,5efd7307fa9f50a1,pose_hand_context,,41122.2,3.12,,1,cam12/e1/v1,rtmpose_baseline
full,03.CCTV Mobile Usage.mkv,632de9ed55947761d56d4c6142a3cb1a1fe69d0b1a6d0e01a2e404c697962623,dfine_sahi,43683.0,unknown_object,0.4376,40.44,424.11,111.97,474.65,3614.9,71.52,50.54,1.415,False,,True,S-61,8,evt_S-61_desk_work_surface_0002,5efd7307fa9f50a1,pose_hand_context,,41122.2,3.12,,1,cam12/e1/v1,rtmpose_baseline
full,03.CCTV Mobile Usage.mkv,632de9ed55947761d56d4c6142a3cb1a1fe69d0b1a6d0e01a2e404c697962623,dfine_sahi,43683.0,unknown_object,0.3907,-0.31,449.2,169.43,538.57,15170.6,169.75,89.37,1.899,False,,True,S-61,8,evt_S-61_desk_work_surface_0002,5efd7307fa9f50a1,pose_hand_context,,41122.2,3.12,,1,cam12/e1/v1,rtmpose_baseline
full,03.CCTV Mobile Usage.mkv,632de9ed55947761d56d4c6142a3cb1a1fe69d0b1a6d0e01a2e404c697962623,dfine_sahi,43683.0,unknown_object,0.3452,86.7,334.24,175.47,449.31,10214.3,88.77,115.07,0.771,False,,True,S-61,8,evt_S-61_desk_work_surface_0002,5efd7307fa9f50a1,pose_hand_context,,41122.2,3.12,,1,cam12/e1/v1,rtmpose_baseline
full,03.CCTV Mobile Usage.mkv,632de9ed55947761d56d4c6142a3cb1a1fe69d0b1a6d0e01a2e404c697962623,dfine_sahi,44183.0,unknown_object,0.4301,42.56,418.73,117.04,451.88,2469.5,74.49,33.15,2.247,False,,True,S-61,8,evt_S-61_desk_work_surface_0002,7c395881a5f1ef2d,pose_hand_context,,46926.0,2.85,,1,cam12/e1/v1,rtmpose_baseline
full,03.CCTV Mobile Usage.mkv,632de9ed55947761d56d4c6142a3cb1a1fe69d0b1a6d0e01a2e404c697962623,dfine_sahi,44183.0,unknown_object,0.398,91.0,423.07,181.39,503.52,7271.5,90.39,80.45,1.124,False,,True,S-61,8,evt_S-61_desk_work_surface_0002,7c395881a5f1ef2d,pose_hand_context,,46926.0,2.85,,1,cam12/e1/v1,rtmpose_baseline
full,03.CCTV Mobile Usage.mkv,632de9ed55947761d56d4c6142a3cb1a1fe69d0b1a6d0e01a2e404c697962623,dfine_sahi,44183.0,unknown_object,0.28,-0.3,449.24,182.48,549.56,18337.9,182.78,100.33,1.822,False,,True,S-61,8,evt_S-61_desk_work_surface_0002,7c395881a5f1ef2d,pose_hand_context,,46926.0,2.85,,1,cam12/e1/v1,rtmpose_baseline
full,03.CCTV Mobile Usage.mkv,632de9ed55947761d56d4c6142a3cb1a1fe69d0b1a6d0e01a2e404c697962623,dfine_sahi,44183.0,unknown_object,0.2606,-0.14,342.14,116.97,451.51,12807.5,117.11,109.36,1.071,False,,True,S-61,8,evt_S-61_desk_work_surface_0002,7c395881a5f1ef2d,pose_hand_context,,46926.0,2.85,,1,cam12/e1/v1,rtmpose_baseline
full,03.CCTV Mobile Usage.mkv,632de9ed55947761d56d4c6142a3cb1a1fe69d0b1a6d0e01a2e404c697962623,dfine_sahi,44683.0,unknown_object,0.3657,42.29,418.64,116.9,450.86,2404.1,74.61,32.22,2.315,False,,True,S-61,8,evt_S-61_desk_work_surface_0002,ae2e8aa515956444,pose_hand_context,,46745.9,2.87,,1,cam12/e1/v1,rtmpose_baseline
full,03.CCTV Mobile Usage.mkv,632de9ed55947761d56d4c6142a3cb1a1fe69d0b1a6d0e01a2e404c697962623,dfine_sahi,44683.0,unknown_object,0.3008,-0.23,448.79,180.82,548.52,18056.6,181.05,99.73,1.815,False,,True,S-61,8,evt_S-61_desk_work_surface_0002,ae2e8aa515956444,pose_hand_context,,46745.9,2.87,,1,cam12/e1/v1,rtmpose_baseline
full,03.CCTV Mobile Usage.mkv,632de9ed55947761d56d4c6142a3cb1a1fe69d0b1a6d0e01a2e404c697962623,dfine_sahi,44683.0,unknown_object,0.2738,91.14,423.19,180.1,504.61,7242.7,88.96,81.41,1.093,False,,True,S-61,8,evt_S-61_desk_work_surface_0002,ae2e8aa515956444,pose_hand_context,,46745.9,2.87,,1,cam12/e1/v1,rtmpose_baseline
full,03.CCTV Mobile Usage.mkv,632de9ed55947761d56d4c6142a3cb1a1fe69d0b1a6d0e01a2e404c697962623,dfine_sahi,44683.0,unknown_object,0.268,-0.15,343.27,116.93,450.48,12552.2,117.09,107.21,1.092,False,,True,S-61,8,evt_S-61_desk_work_surface_0002,ae2e8aa515956444,pose_hand_context,,46745.9,2.87,,1,cam12/e1/v1,rtmpose_baseline
full,03.CCTV Mobile Usage.mkv,632de9ed55947761d56d4c6142a3cb1a1fe69d0b1a6d0e01a2e404c697962623,dfine_sahi,45183.0,unknown_object,0.6013,85.65,335.12,197.94,448.62,12744.9,112.29,113.5,0.989,False,,True,S-61,8,evt_S-61_desk_work_surface_0002,f3fd8c36fba179ee,pose_hand_context,,40231.3,3.16,,1,cam12/e1/v1,rtmpose_baseline
full,03.CCTV Mobile Usage.mkv,632de9ed55947761d56d4c6142a3cb1a1fe69d0b1a6d0e01a2e404c697962623,dfine_sahi,45183.0,unknown_object,0.5017,86.09,424.13,172.53,504.47,6944.3,86.43,80.34,1.076,False,,True,S-61,8,evt_S-61_desk_work_surface_0002,f3fd8c36fba179ee,pose_hand_context,,40231.3,3.16,,1,cam12/e1/v1,rtmpose_baseline
full,03.CCTV Mobile Usage.mkv,632de9ed55947761d56d4c6142a3cb1a1fe69d0b1a6d0e01a2e404c697962623,dfine_sahi,45183.0,unknown_object,0.4014,40.26,424.11,110.97,474.0,3528.3,70.71,49.9,1.417,False,,True,S-61,8,evt_S-61_desk_work_surface_0002,f3fd8c36fba179ee,pose_hand_context,,40231.3,3.16,,1,cam12/e1/v1,rtmpose_baseline
full,03.CCTV Mobile Usage.mkv,632de9ed55947761d56d4c6142a3cb1a1fe69d0b1a6d0e01a2e404c697962623,dfine_sahi,45183.0,unknown_object,0.3441,-0.27,449.0,170.22,537.48,15084.5,170.5,88.47,1.927,False,,True,S-61,8,evt_S-61_desk_work_surface_0002,f3fd8c36fba179ee,pose_hand_context,,40231.3,3.16,,1,cam12/e1/v1,rtmpose_baseline
full,03.CCTV Mobile Usage.mkv,632de9ed55947761d56d4c6142a3cb1a1fe69d0b1a6d0e01a2e404c697962623,dfine_sahi,45183.0,unknown_object,0.319,-0.33,341.88,111.1,448.47,11876.8,111.43,106.58,1.046,False,,True,S-61,8,evt_S-61_desk_work_surface_0002,f3fd8c36fba179ee,pose_hand_context,,40231.3,3.16,,1,cam12/e1/v1,rtmpose_baseline
full,03.CCTV Mobile Usage.mkv,632de9ed55947761d56d4c6142a3cb1a1fe69d0b1a6d0e01a2e404c697962623,dfine_sahi,45183.0,unknown_object,0.2539,0.28,424.13,111.02,505.97,9062.7,110.74,81.84,1.353,False,,True,S-61,8,evt_S-61_desk_work_surface_0002,f3fd8c36fba179ee,pose_hand_context,,40231.3,3.16,,1,cam12/e1/v1,rtmpose_baseline
full,03.CCTV Mobile Usage.mkv,632de9ed55947761d56d4c6142a3cb1a1fe69d0b1a6d0e01a2e404c697962623,dfine_sahi,54500.0,unknown_object,0.4906,821.1,115.39,916.89,206.35,8712.5,95.79,90.96,1.053,False,,True,R-desk,12,evt_S-61_upper_body_0016,3073e6f5a08e6e96,pose_hand_context,,2637.8,12.46,,1,cam12/e1/v1,rtmpose_baseline
full,03.CCTV Mobile Usage.mkv,632de9ed55947761d56d4c6142a3cb1a1fe69d0b1a6d0e01a2e404c697962623,dfine_sahi,54500.0,unknown_object,0.4906,-0.35,321.35,186.28,551.18,42892.8,186.63,229.83,0.812,False,,True,S-61,10,evt_S-61_upper_body_0016,331015195509780b,pose_hand_context,,49114.4,2.77,,1,cam12/e1/v1,rtmpose_baseline
full,03.CCTV Mobile Usage.mkv,632de9ed55947761d56d4c6142a3cb1a1fe69d0b1a6d0e01a2e404c697962623,dfine_sahi,54500.0,stationery,0.3538,43.35,446.69,74.8,473.22,834.3,31.45,26.53,1.185,False,,True,S-61,10,evt_S-61_upper_body_0016,331015195509780b,pose_hand_context,,49114.4,2.77,,1,cam12/e1/v1,rtmpose_baseline
full,03.CCTV Mobile Usage.mkv,632de9ed55947761d56d4c6142a3cb1a1fe69d0b1a6d0e01a2e404c697962623,dfine_sahi,54500.0,unknown_object,0.3373,92.8,334.81,181.95,450.33,10297.6,89.14,115.52,0.772,False,,True,S-61,10,evt_S-61_upper_body_0016,331015195509780b,pose_hand_context,,49114.4,2.77,,1,cam12/e1/v1,rtmpose_baseline
full,03.CCTV Mobile Usage.mkv,632de9ed55947761d56d4c6142a3cb1a1fe69d0b1a6d0e01a2e404c697962623,dfine_sahi,54500.0,unknown_object,0.2774,173.66,422.17,212.02,542.54,4617.4,38.36,120.37,0.319,False,,True,S-61,10,evt_S-61_upper_body_0016,331015195509780b,pose_hand_context,,49114.4,2.77,,1,cam12/e1/v1,rtmpose_baseline
full,03.CCTV Mobile Usage.mkv,632de9ed55947761d56d4c6142a3cb1a1fe69d0b1a6d0e01a2e404c697962623,dfine_sahi,54500.0,unknown_object,0.2706,133.05,465.63,183.15,500.98,1771.0,50.1,35.35,1.417,False,,True,S-61,10,evt_S-61_upper_body_0016,331015195509780b,pose_hand_context,,49114.4,2.77,,1,cam12/e1/v1,rtmpose_baseline
full,03.CCTV Mobile Usage.mkv,632de9ed55947761d56d4c6142a3cb1a1fe69d0b1a6d0e01a2e404c697962623,dfine_sahi,54500.0,keyboard,0.9157,962.12,451.98,1068.04,491.44,4179.7,105.92,39.46,2.684,False,,True,R-desk,13,evt_S-61_upper_body_0016,8c286679ee927725,lap_bag_context,no_pose_observation,34560.0,1.33,,1,cam12/e1/v1,
full,03.CCTV Mobile Usage.mkv,632de9ed55947761d56d4c6142a3cb1a1fe69d0b1a6d0e01a2e404c697962623,dfine_sahi,54500.0,monitor_or_bezel,0.7767,909.97,411.19,1141.13,506.35,21996.4,231.16,95.16,2.429,False,,True,R-desk,13,evt_S-61_upper_body_0016,8c286679ee927725,lap_bag_context,no_pose_observation,34560.0,1.33,,1,cam12/e1/v1,
full,03.CCTV Mobile Usage.mkv,632de9ed55947761d56d4c6142a3cb1a1fe69d0b1a6d0e01a2e404c697962623,dfine_sahi,54500.0,phone,0.6959,1043.47,421.82,1111.63,474.08,3561.7,68.16,52.26,1.304,False,,True,R-desk,13,evt_S-61_upper_body_0016,8c286679ee927725,lap_bag_context,no_pose_observation,34560.0,1.33,,1,cam12/e1/v1,
full,03.CCTV Mobile Usage.mkv,632de9ed55947761d56d4c6142a3cb1a1fe69d0b1a6d0e01a2e404c697962623,dfine_sahi,54500.0,monitor_or_bezel,0.6581,706.03,379.9,969.55,474.73,24988.0,263.52,94.82,2.779,False,,True,R-desk,13,evt_S-61_upper_body_0016,8c286679ee927725,lap_bag_context,no_pose_observation,34560.0,1.33,,1,cam12/e1/v1,
full,03.CCTV Mobile Usage.mkv,632de9ed55947761d56d4c6142a3cb1a1fe69d0b1a6d0e01a2e404c697962623,dfine_sahi,54500.0,monitor_or_bezel,0.6494,1018.6,395.85,1146.16,448.21,6678.2,127.55,52.36,2.436,False,,True,R-desk,13,evt_S-61_upper_body_0016,8c286679ee927725,lap_bag_context,no_pose_observation,34560.0,1.33,,1,cam12/e1/v1,
full,03.CCTV Mobile Usage.mkv,632de9ed55947761d56d4c6142a3cb1a1fe69d0b1a6d0e01a2e404c697962623,dfine_sahi,54500.0,mouse,0.6458,864.87,413.47,891.44,435.43,583.3,26.57,21.95,1.21,False,,True,R-desk,13,evt_S-61_upper_body_0016,8c286679ee927725,lap_bag_context,no_pose_observation,34560.0,1.33,,1,cam12/e1/v1,
full,03.CCTV Mobile Usage.mkv,632de9ed55947761d56d4c6142a3cb1a1fe69d0b1a6d0e01a2e404c697962623,dfine_sahi,54500.0,keyboard,0.6417,772.83,380.2,870.61,420.29,3920.1,97.77,40.09,2.439,False,,True,R-desk,13,evt_S-61_upper_body_0016,8c286679ee927725,lap_bag_context,no_pose_observation,34560.0,1.33,,1,cam12/e1/v1,
full,03.CCTV Mobile Usage.mkv,632de9ed55947761d56d4c6142a3cb1a1fe69d0b1a6d0e01a2e404c697962623,dfine_sahi,54500.0,monitor_or_bezel,0.6187,962.72,380.39,1153.14,474.91,17997.3,190.42,94.51,2.015,False,,True,R-desk,13,evt_S-61_upper_body_0016,8c286679ee927725,lap_bag_context,no_pose_observation,34560.0,1.33,,1,cam12/e1/v1,
full,03.CCTV Mobile Usage.mkv,632de9ed55947761d56d4c6142a3cb1a1fe69d0b1a6d0e01a2e404c697962623,dfine_sahi,54500.0,keyboard,0.594,962.78,452.38,1034.59,475.57,1664.6,71.81,23.18,3.097,False,,True,R-desk,13,evt_S-61_upper_body_0016,8c286679ee927725,lap_bag_context,no_pose_observation,34560.0,1.33,,1,cam12/e1/v1,
full,03.CCTV Mobile Usage.mkv,632de9ed55947761d56d4c6142a3cb1a1fe69d0b1a6d0e01a2e404c697962623,dfine_sahi,54500.0,unknown_object,0.5863,699.84,411.22,870.36,506.28,16211.2,170.52,95.07,1.794,False,,True,R-desk,13,evt_S-61_upper_body_0016,8c286679ee927725,lap_bag_context,no_pose_observation,34560.0,1.33,,1,cam12/e1/v1,
full,03.CCTV Mobile Usage.mkv,632de9ed55947761d56d4c6142a3cb1a1fe69d0b1a6d0e01a2e404c697962623,dfine_sahi,54500.0,unknown_object,0.4605,766.37,410.98,969.84,505.99,19331.7,203.47,95.01,2.142,False,,True,R-desk,13,evt_S-61_upper_body_0016,8c286679ee927725,lap_bag_context,no_pose_observation,34560.0,1.33,,1,cam12/e1/v1,
full,03.CCTV Mobile Usage.mkv,632de9ed55947761d56d4c6142a3cb1a1fe69d0b1a6d0e01a2e404c697962623,dfine_sahi,54500.0,keyboard,0.4472,802.44,396.33,870.79,420.58,1657.3,68.35,24.25,2.819,False,,True,R-desk,13,evt_S-61_upper_body_0016,8c286679ee927725,lap_bag_context,no_pose_observation,34560.0,1.33,,1,cam12/e1/v1,
full,03.CCTV Mobile Usage.mkv,632de9ed55947761d56d4c6142a3cb1a1fe69d0b1a6d0e01a2e404c697962623,dfine_sahi,54500.0,unknown_object,0.4113,699.99,380.63,759.82,474.96,5644.3,59.83,94.34,0.634,False,,True,R-desk,13,evt_S-61_upper_body_0016,8c286679ee927725,lap_bag_context,no_pose_observation,34560.0,1.33,,1,cam12/e1/v1,
full,03.CCTV Mobile Usage.mkv,632de9ed55947761d56d4c6142a3cb1a1fe69d0b1a6d0e01a2e404c697962623,dfine_sahi,54500.0,keyboard,0.3954,910.05,411.66,1091.84,506.2,17185.8,181.79,94.54,1.923,False,,True,R-desk,13,evt_S-61_upper_body_0016,8c286679ee927725,lap_bag_context,no_pose_observation,34560.0,1.33,,1,cam12/e1/v1,
full,03.CCTV Mobile Usage.mkv,632de9ed55947761d56d4c6142a3cb1a1fe69d0b1a6d0e01a2e404c697962623,dfine_sahi,54500.0,mouse,0.3336,967.12,398.45,991.97,410.6,302.0,24.85,12.15,2.045,False,,True,R-desk,13,evt_S-61_upper_body_0016,8c286679ee927725,lap_bag_context,no_pose_observation,34560.0,1.33,,1,cam12/e1/v1,
full,03.CCTV Mobile Usage.mkv,632de9ed55947761d56d4c6142a3cb1a1fe69d0b1a6d0e01a2e404c697962623,dfine_sahi,54500.0,unknown_object,0.3158,878.24,411.46,969.9,505.66,8634.3,91.65,94.21,0.973,False,,True,R-desk,13,evt_S-61_upper_body_0016,8c286679ee927725,lap_bag_context,no_pose_observation,34560.0,1.33,,1,cam12/e1/v1,
full,03.CCTV Mobile Usage.mkv,632de9ed55947761d56d4c6142a3cb1a1fe69d0b1a6d0e01a2e404c697962623,dfine_sahi,54500.0,unknown_object,0.2941,700.01,380.32,838.24,475.38,13140.1,138.23,95.06,1.454,False,,True,R-desk,13,evt_S-61_upper_body_0016,8c286679ee927725,lap_bag_context,no_pose_observation,34560.0,1.33,,1,cam12/e1/v1,
full,03.CCTV Mobile Usage.mkv,632de9ed55947761d56d4c6142a3cb1a1fe69d0b1a6d0e01a2e404c697962623,dfine_sahi,54500.0,keyboard,0.2792,964.15,390.98,1109.24,474.81,12162.2,145.09,83.83,1.731,False,,True,R-desk,13,evt_S-61_upper_body_0016,8c286679ee927725,lap_bag_context,no_pose_observation,34560.0,1.33,,1,cam12/e1/v1,
full,03.CCTV Mobile Usage.mkv,632de9ed55947761d56d4c6142a3cb1a1fe69d0b1a6d0e01a2e404c697962623,dfine_sahi,54500.0,mouse,0.2636,990.66,399.07,1026.57,413.4,514.5,35.91,14.33,2.506,False,,True,R-desk,13,evt_S-61_upper_body_0016,8c286679ee927725,lap_bag_context,no_pose_observation,34560.0,1.33,,1,cam12/e1/v1,
full,03.CCTV Mobile Usage.mkv,632de9ed55947761d56d4c6142a3cb1a1fe69d0b1a6d0e01a2e404c697962623,dfine_sahi,54500.0,phone,0.2627,1051.21,411.36,1138.8,446.96,3118.1,87.59,35.6,2.46,False,,True,R-desk,13,evt_S-61_upper_body_0016,8c286679ee927725,lap_bag_context,no_pose_observation,34560.0,1.33,,1,cam12/e1/v1,
full,03.CCTV Mobile Usage.mkv,632de9ed55947761d56d4c6142a3cb1a1fe69d0b1a6d0e01a2e404c697962623,dfine_sahi,54500.0,unknown_object,0.2573,881.71,411.14,969.72,453.37,3716.2,88.01,42.22,2.084,False,,True,R-desk,13,evt_S-61_upper_body_0016,8c286679ee927725,lap_bag_context,no_pose_observation,34560.0,1.33,,1,cam12/e1/v1,
full,03.CCTV Mobile Usage.mkv,632de9ed55947761d56d4c6142a3cb1a1fe69d0b1a6d0e01a2e404c697962623,dfine_sahi,54500.0,keyboard,0.2505,881.93,380.22,965.63,452.8,6075.4,83.7,72.59,1.153,False,,True,R-desk,13,evt_S-61_upper_body_0016,8c286679ee927725,lap_bag_context,no_pose_observation,34560.0,1.33,,1,cam12/e1/v1,
full,03.CCTV Mobile Usage.mkv,632de9ed55947761d56d4c6142a3cb1a1fe69d0b1a6d0e01a2e404c697962623,dfine_sahi,54500.0,keyboard,0.9157,962.12,451.98,1068.04,491.44,4179.7,105.92,39.46,2.684,False,,True,R-desk,11,evt_S-61_upper_body_0016,8c286679ee927725,lap_bag_context,no_pose_observation,34560.0,1.33,,1,cam12/e1/v1,
full,03.CCTV Mobile Usage.mkv,632de9ed55947761d56d4c6142a3cb1a1fe69d0b1a6d0e01a2e404c697962623,dfine_sahi,54500.0,monitor_or_bezel,0.7767,909.97,411.19,1141.13,506.35,21996.4,231.16,95.16,2.429,False,,True,R-desk,11,evt_S-61_upper_body_0016,8c286679ee927725,lap_bag_context,no_pose_observation,34560.0,1.33,,1,cam12/e1/v1,
full,03.CCTV Mobile Usage.mkv,632de9ed55947761d56d4c6142a3cb1a1fe69d0b1a6d0e01a2e404c697962623,dfine_sahi,54500.0,phone,0.6959,1043.47,421.82,1111.63,474.08,3561.7,68.16,52.26,1.304,False,,True,R-desk,11,evt_S-61_upper_body_0016,8c286679ee927725,lap_bag_context,no_pose_observation,34560.0,1.33,,1,cam12/e1/v1,
full,03.CCTV Mobile Usage.mkv,632de9ed55947761d56d4c6142a3cb1a1fe69d0b1a6d0e01a2e404c697962623,dfine_sahi,54500.0,monitor_or_bezel,0.6581,706.03,379.9,969.55,474.73,24988.0,263.52,94.82,2.779,False,,True,R-desk,11,evt_S-61_upper_body_0016,8c286679ee927725,lap_bag_context,no_pose_observation,34560.0,1.33,,1,cam12/e1/v1,
full,03.CCTV Mobile Usage.mkv,632de9ed55947761d56d4c6142a3cb1a1fe69d0b1a6d0e01a2e404c697962623,dfine_sahi,54500.0,monitor_or_bezel,0.6494,1018.6,395.85,1146.16,448.21,6678.2,127.55,52.36,2.436,False,,True,R-desk,11,evt_S-61_upper_body_0016,8c286679ee927725,lap_bag_context,no_pose_observation,34560.0,1.33,,1,cam12/e1/v1,
full,03.CCTV Mobile Usage.mkv,632de9ed55947761d56d4c6142a3cb1a1fe69d0b1a6d0e01a2e404c697962623,dfine_sahi,54500.0,mouse,0.6458,864.87,413.47,891.44,435.43,583.3,26.57,21.95,1.21,False,,True,R-desk,11,evt_S-61_upper_body_0016,8c286679ee927725,lap_bag_context,no_pose_observation,34560.0,1.33,,1,cam12/e1/v1,
full,03.CCTV Mobile Usage.mkv,632de9ed55947761d56d4c6142a3cb1a1fe69d0b1a6d0e01a2e404c697962623,dfine_sahi,54500.0,keyboard,0.6417,772.83,380.2,870.61,420.29,3920.1,97.77,40.09,2.439,False,,True,R-desk,11,evt_S-61_upper_body_0016,8c286679ee927725,lap_bag_context,no_pose_observation,34560.0,1.33,,1,cam12/e1/v1,
full,03.CCTV Mobile Usage.mkv,632de9ed55947761d56d4c6142a3cb1a1fe69d0b1a6d0e01a2e404c697962623,dfine_sahi,54500.0,monitor_or_bezel,0.6187,962.72,380.39,1153.14,474.91,17997.3,190.42,94.51,2.015,False,,True,R-desk,11,evt_S-61_upper_body_0016,8c286679ee927725,lap_bag_context,no_pose_observation,34560.0,1.33,,1,cam12/e1/v1,
full,03.CCTV Mobile Usage.mkv,632de9ed55947761d56d4c6142a3cb1a1fe69d0b1a6d0e01a2e404c697962623,dfine_sahi,54500.0,keyboard,0.594,962.78,452.38,1034.59,475.57,1664.6,71.81,23.18,3.097,False,,True,R-desk,11,evt_S-61_upper_body_0016,8c286679ee927725,lap_bag_context,no_pose_observation,34560.0,1.33,,1,cam12/e1/v1,
full,03.CCTV Mobile Usage.mkv,632de9ed55947761d56d4c6142a3cb1a1fe69d0b1a6d0e01a2e404c697962623,dfine_sahi,54500.0,unknown_object,0.5863,699.84,411.22,870.36,506.28,16211.2,170.52,95.07,1.794,False,,True,R-desk,11,evt_S-61_upper_body_0016,8c286679ee927725,lap_bag_context,no_pose_observation,34560.0,1.33,,1,cam12/e1/v1,
full,03.CCTV Mobile Usage.mkv,632de9ed55947761d56d4c6142a3cb1a1fe69d0b1a6d0e01a2e404c697962623,dfine_sahi,54500.0,unknown_object,0.4605,766.37,410.98,969.84,505.99,19331.7,203.47,95.01,2.142,False,,True,R-desk,11,evt_S-61_upper_body_0016,8c286679ee927725,lap_bag_context,no_pose_observation,34560.0,1.33,,1,cam12/e1/v1,
full,03.CCTV Mobile Usage.mkv,632de9ed55947761d56d4c6142a3cb1a1fe69d0b1a6d0e01a2e404c697962623,dfine_sahi,54500.0,keyboard,0.4472,802.44,396.33,870.79,420.58,1657.3,68.35,24.25,2.819,False,,True,R-desk,11,evt_S-61_upper_body_0016,8c286679ee927725,lap_bag_context,no_pose_observation,34560.0,1.33,,1,cam12/e1/v1,
full,03.CCTV Mobile Usage.mkv,632de9ed55947761d56d4c6142a3cb1a1fe69d0b1a6d0e01a2e404c697962623,dfine_sahi,54500.0,unknown_object,0.4113,699.99,380.63,759.82,474.96,5644.3,59.83,94.34,0.634,False,,True,R-desk,11,evt_S-61_upper_body_0016,8c286679ee927725,lap_bag_context,no_pose_observation,34560.0,1.33,,1,cam12/e1/v1,
full,03.CCTV Mobile Usage.mkv,632de9ed55947761d56d4c6142a3cb1a1fe69d0b1a6d0e01a2e404c697962623,dfine_sahi,54500.0,keyboard,0.3954,910.05,411.66,1091.84,506.2,17185.8,181.79,94.54,1.923,False,,True,R-desk,11,evt_S-61_upper_body_0016,8c286679ee927725,lap_bag_context,no_pose_observation,34560.0,1.33,,1,cam12/e1/v1,
full,03.CCTV Mobile Usage.mkv,632de9ed55947761d56d4c6142a3cb1a1fe69d0b1a6d0e01a2e404c697962623,dfine_sahi,54500.0,mouse,0.3336,967.12,398.45,991.97,410.6,302.0,24.85,12.15,2.045,False,,True,R-desk,11,evt_S-61_upper_body_0016,8c286679ee927725,lap_bag_context,no_pose_observation,34560.0,1.33,,1,cam12/e1/v1,
full,03.CCTV Mobile Usage.mkv,632de9ed55947761d56d4c6142a3cb1a1fe69d0b1a6d0e01a2e404c697962623,dfine_sahi,54500.0,unknown_object,0.3158,878.24,411.46,969.9,505.66,8634.3,91.65,94.21,0.973,False,,True,R-desk,11,evt_S-61_upper_body_0016,8c286679ee927725,lap_bag_context,no_pose_observation,34560.0,1.33,,1,cam12/e1/v1,
full,03.CCTV Mobile Usage.mkv,632de9ed55947761d56d4c6142a3cb1a1fe69d0b1a6d0e01a2e404c697962623,dfine_sahi,54500.0,unknown_object,0.2941,700.01,380.32,838.24,475.38,13140.1,138.23,95.06,1.454,False,,True,R-desk,11,evt_S-61_upper_body_0016,8c286679ee927725,lap_bag_context,no_pose_observation,34560.0,1.33,,1,cam12/e1/v1,
full,03.CCTV Mobile Usage.mkv,632de9ed55947761d56d4c6142a3cb1a1fe69d0b1a6d0e01a2e404c697962623,dfine_sahi,54500.0,keyboard,0.2792,964.15,390.98,1109.24,474.81,12162.2,145.09,83.83,1.731,False,,True,R-desk,11,evt_S-61_upper_body_0016,8c286679ee927725,lap_bag_context,no_pose_observation,34560.0,1.33,,1,cam12/e1/v1,
full,03.CCTV Mobile Usage.mkv,632de9ed55947761d56d4c6142a3cb1a1fe69d0b1a6d0e01a2e404c697962623,dfine_sahi,54500.0,mouse,0.2636,990.66,399.07,1026.57,413.4,514.5,35.91,14.33,2.506,False,,True,R-desk,11,evt_S-61_upper_body_0016,8c286679ee927725,lap_bag_context,no_pose_observation,34560.0,1.33,,1,cam12/e1/v1,
full,03.CCTV Mobile Usage.mkv,632de9ed55947761d56d4c6142a3cb1a1fe69d0b1a6d0e01a2e404c697962623,dfine_sahi,54500.0,phone,0.2627,1051.21,411.36,1138.8,446.96,3118.1,87.59,35.6,2.46,False,,True,R-desk,11,evt_S-61_upper_body_0016,8c286679ee927725,lap_bag_context,no_pose_observation,34560.0,1.33,,1,cam12/e1/v1,
full,03.CCTV Mobile Usage.mkv,632de9ed55947761d56d4c6142a3cb1a1fe69d0b1a6d0e01a2e404c697962623,dfine_sahi,54500.0,unknown_object,0.2573,881.71,411.14,969.72,453.37,3716.2,88.01,42.22,2.084,False,,True,R-desk,11,evt_S-61_upper_body_0016,8c286679ee927725,lap_bag_context,no_pose_observation,34560.0,1.33,,1,cam12/e1/v1,
full,03.CCTV Mobile Usage.mkv,632de9ed55947761d56d4c6142a3cb1a1fe69d0b1a6d0e01a2e404c697962623,dfine_sahi,54500.0,keyboard,0.2505,881.93,380.22,965.63,452.8,6075.4,83.7,72.59,1.153,False,,True,R-desk,11,evt_S-61_upper_body_0016,8c286679ee927725,lap_bag_context,no_pose_observation,34560.0,1.33,,1,cam12/e1/v1,
full,03.CCTV Mobile Usage.mkv,632de9ed55947761d56d4c6142a3cb1a1fe69d0b1a6d0e01a2e404c697962623,dfine_sahi,54500.0,keyboard,0.9157,962.12,451.98,1068.04,491.44,4179.7,105.92,39.46,2.684,False,,True,R-desk,14,evt_S-61_upper_body_0016,8c286679ee927725,lap_bag_context,no_pose_observation,34560.0,1.33,,1,cam12/e1/v1,
full,03.CCTV Mobile Usage.mkv,632de9ed55947761d56d4c6142a3cb1a1fe69d0b1a6d0e01a2e404c697962623,dfine_sahi,54500.0,monitor_or_bezel,0.7767,909.97,411.19,1141.13,506.35,21996.4,231.16,95.16,2.429,False,,True,R-desk,14,evt_S-61_upper_body_0016,8c286679ee927725,lap_bag_context,no_pose_observation,34560.0,1.33,,1,cam12/e1/v1,
full,03.CCTV Mobile Usage.mkv,632de9ed55947761d56d4c6142a3cb1a1fe69d0b1a6d0e01a2e404c697962623,dfine_sahi,54500.0,phone,0.6959,1043.47,421.82,1111.63,474.08,3561.7,68.16,52.26,1.304,False,,True,R-desk,14,evt_S-61_upper_body_0016,8c286679ee927725,lap_bag_context,no_pose_observation,34560.0,1.33,,1,cam12/e1/v1,
full,03.CCTV Mobile Usage.mkv,632de9ed55947761d56d4c6142a3cb1a1fe69d0b1a6d0e01a2e404c697962623,dfine_sahi,54500.0,monitor_or_bezel,0.6581,706.03,379.9,969.55,474.73,24988.0,263.52,94.82,2.779,False,,True,R-desk,14,evt_S-61_upper_body_0016,8c286679ee927725,lap_bag_context,no_pose_observation,34560.0,1.33,,1,cam12/e1/v1,
full,03.CCTV Mobile Usage.mkv,632de9ed55947761d56d4c6142a3cb1a1fe69d0b1a6d0e01a2e404c697962623,dfine_sahi,54500.0,monitor_or_bezel,0.6494,1018.6,395.85,1146.16,448.21,6678.2,127.55,52.36,2.436,False,,True,R-desk,14,evt_S-61_upper_body_0016,8c286679ee927725,lap_bag_context,no_pose_observation,34560.0,1.33,,1,cam12/e1/v1,
full,03.CCTV Mobile Usage.mkv,632de9ed55947761d56d4c6142a3cb1a1fe69d0b1a6d0e01a2e404c697962623,dfine_sahi,54500.0,mouse,0.6458,864.87,413.47,891.44,435.43,583.3,26.57,21.95,1.21,False,,True,R-desk,14,evt_S-61_upper_body_0016,8c286679ee927725,lap_bag_context,no_pose_observation,34560.0,1.33,,1,cam12/e1/v1,
full,03.CCTV Mobile Usage.mkv,632de9ed55947761d56d4c6142a3cb1a1fe69d0b1a6d0e01a2e404c697962623,dfine_sahi,54500.0,keyboard,0.6417,772.83,380.2,870.61,420.29,3920.1,97.77,40.09,2.439,False,,True,R-desk,14,evt_S-61_upper_body_0016,8c286679ee927725,lap_bag_context,no_pose_observation,34560.0,1.33,,1,cam12/e1/v1,
full,03.CCTV Mobile Usage.mkv,632de9ed55947761d56d4c6142a3cb1a1fe69d0b1a6d0e01a2e404c697962623,dfine_sahi,54500.0,monitor_or_bezel,0.6187,962.72,380.39,1153.14,474.91,17997.3,190.42,94.51,2.015,False,,True,R-desk,14,evt_S-61_upper_body_0016,8c286679ee927725,lap_bag_context,no_pose_observation,34560.0,1.33,,1,cam12/e1/v1,
full,03.CCTV Mobile Usage.mkv,632de9ed55947761d56d4c6142a3cb1a1fe69d0b1a6d0e01a2e404c697962623,dfine_sahi,54500.0,keyboard,0.594,962.78,452.38,1034.59,475.57,1664.6,71.81,23.18,3.097,False,,True,R-desk,14,evt_S-61_upper_body_0016,8c286679ee927725,lap_bag_context,no_pose_observation,34560.0,1.33,,1,cam12/e1/v1,
full,03.CCTV Mobile Usage.mkv,632de9ed55947761d56d4c6142a3cb1a1fe69d0b1a6d0e01a2e404c697962623,dfine_sahi,54500.0,unknown_object,0.5863,699.84,411.22,870.36,506.28,16211.2,170.52,95.07,1.794,False,,True,R-desk,14,evt_S-61_upper_body_0016,8c286679ee927725,lap_bag_context,no_pose_observation,34560.0,1.33,,1,cam12/e1/v1,
full,03.CCTV Mobile Usage.mkv,632de9ed55947761d56d4c6142a3cb1a1fe69d0b1a6d0e01a2e404c697962623,dfine_sahi,54500.0,unknown_object,0.4605,766.37,410.98,969.84,505.99,19331.7,203.47,95.01,2.142,False,,True,R-desk,14,evt_S-61_upper_body_0016,8c286679ee927725,lap_bag_context,no_pose_observation,34560.0,1.33,,1,cam12/e1/v1,
full,03.CCTV Mobile Usage.mkv,632de9ed55947761d56d4c6142a3cb1a1fe69d0b1a6d0e01a2e404c697962623,dfine_sahi,54500.0,keyboard,0.4472,802.44,396.33,870.79,420.58,1657.3,68.35,24.25,2.819,False,,True,R-desk,14,evt_S-61_upper_body_0016,8c286679ee927725,lap_bag_context,no_pose_observation,34560.0,1.33,,1,cam12/e1/v1,
full,03.CCTV Mobile Usage.mkv,632de9ed55947761d56d4c6142a3cb1a1fe69d0b1a6d0e01a2e404c697962623,dfine_sahi,54500.0,unknown_object,0.4113,699.99,380.63,759.82,474.96,5644.3,59.83,94.34,0.634,False,,True,R-desk,14,evt_S-61_upper_body_0016,8c286679ee927725,lap_bag_context,no_pose_observation,34560.0,1.33,,1,cam12/e1/v1,
full,03.CCTV Mobile Usage.mkv,632de9ed55947761d56d4c6142a3cb1a1fe69d0b1a6d0e01a2e404c697962623,dfine_sahi,54500.0,keyboard,0.3954,910.05,411.66,1091.84,506.2,17185.8,181.79,94.54,1.923,False,,True,R-desk,14,evt_S-61_upper_body_0016,8c286679ee927725,lap_bag_context,no_pose_observation,34560.0,1.33,,1,cam12/e1/v1,
full,03.CCTV Mobile Usage.mkv,632de9ed55947761d56d4c6142a3cb1a1fe69d0b1a6d0e01a2e404c697962623,dfine_sahi,54500.0,mouse,0.3336,967.12,398.45,991.97,410.6,302.0,24.85,12.15,2.045,False,,True,R-desk,14,evt_S-61_upper_body_0016,8c286679ee927725,lap_bag_context,no_pose_observation,34560.0,1.33,,1,cam12/e1/v1,
full,03.CCTV Mobile Usage.mkv,632de9ed55947761d56d4c6142a3cb1a1fe69d0b1a6d0e01a2e404c697962623,dfine_sahi,54500.0,unknown_object,0.3158,878.24,411.46,969.9,505.66,8634.3,91.65,94.21,0.973,False,,True,R-desk,14,evt_S-61_upper_body_0016,8c286679ee927725,lap_bag_context,no_pose_observation,34560.0,1.33,,1,cam12/e1/v1,
full,03.CCTV Mobile Usage.mkv,632de9ed55947761d56d4c6142a3cb1a1fe69d0b1a6d0e01a2e404c697962623,dfine_sahi,54500.0,unknown_object,0.2941,700.01,380.32,838.24,475.38,13140.1,138.23,95.06,1.454,False,,True,R-desk,14,evt_S-61_upper_body_0016,8c286679ee927725,lap_bag_context,no_pose_observation,34560.0,1.33,,1,cam12/e1/v1,
full,03.CCTV Mobile Usage.mkv,632de9ed55947761d56d4c6142a3cb1a1fe69d0b1a6d0e01a2e404c697962623,dfine_sahi,54500.0,keyboard,0.2792,964.15,390.98,1109.24,474.81,12162.2,145.09,83.83,1.731,False,,True,R-desk,14,evt_S-61_upper_body_0016,8c286679ee927725,lap_bag_context,no_pose_observation,34560.0,1.33,,1,cam12/e1/v1,
full,03.CCTV Mobile Usage.mkv,632de9ed55947761d56d4c6142a3cb1a1fe69d0b1a6d0e01a2e404c697962623,dfine_sahi,54500.0,mouse,0.2636,990.66,399.07,1026.57,413.4,514.5,35.91,14.33,2.506,False,,True,R-desk,14,evt_S-61_upper_body_0016,8c286679ee927725,lap_bag_context,no_pose_observation,34560.0,1.33,,1,cam12/e1/v1,
full,03.CCTV Mobile Usage.mkv,632de9ed55947761d56d4c6142a3cb1a1fe69d0b1a6d0e01a2e404c697962623,dfine_sahi,54500.0,phone,0.2627,1051.21,411.36,1138.8,446.96,3118.1,87.59,35.6,2.46,False,,True,R-desk,14,evt_S-61_upper_body_0016,8c286679ee927725,lap_bag_context,no_pose_observation,34560.0,1.33,,1,cam12/e1/v1,
full,03.CCTV Mobile Usage.mkv,632de9ed55947761d56d4c6142a3cb1a1fe69d0b1a6d0e01a2e404c697962623,dfine_sahi,54500.0,unknown_object,0.2573,881.71,411.14,969.72,453.37,3716.2,88.01,42.22,2.084,False,,True,R-desk,14,evt_S-61_upper_body_0016,8c286679ee927725,lap_bag_context,no_pose_observation,34560.0,1.33,,1,cam12/e1/v1,
full,03.CCTV Mobile Usage.mkv,632de9ed55947761d56d4c6142a3cb1a1fe69d0b1a6d0e01a2e404c697962623,dfine_sahi,54500.0,keyboard,0.2505,881.93,380.22,965.63,452.8,6075.4,83.7,72.59,1.153,False,,True,R-desk,14,evt_S-61_upper_body_0016,8c286679ee927725,lap_bag_context,no_pose_observation,34560.0,1.33,,1,cam12/e1/v1,
full,03.CCTV Mobile Usage.mkv,632de9ed55947761d56d4c6142a3cb1a1fe69d0b1a6d0e01a2e404c697962623,dfine_sahi,55000.0,keyboard,0.9157,962.12,451.98,1068.04,491.44,4179.7,105.92,39.46,2.684,False,,True,R-desk,11,evt_S-61_upper_body_0016,0f53ce3d77428734,lap_bag_context,no_pose_observation,34560.0,1.33,,1,cam12/e1/v1,
full,03.CCTV Mobile Usage.mkv,632de9ed55947761d56d4c6142a3cb1a1fe69d0b1a6d0e01a2e404c697962623,dfine_sahi,55000.0,monitor_or_bezel,0.7767,909.97,411.19,1141.13,506.35,21996.4,231.16,95.16,2.429,False,,True,R-desk,11,evt_S-61_upper_body_0016,0f53ce3d77428734,lap_bag_context,no_pose_observation,34560.0,1.33,,1,cam12/e1/v1,
full,03.CCTV Mobile Usage.mkv,632de9ed55947761d56d4c6142a3cb1a1fe69d0b1a6d0e01a2e404c697962623,dfine_sahi,55000.0,phone,0.6959,1043.47,421.82,1111.63,474.08,3561.7,68.16,52.26,1.304,False,,True,R-desk,11,evt_S-61_upper_body_0016,0f53ce3d77428734,lap_bag_context,no_pose_observation,34560.0,1.33,,1,cam12/e1/v1,
full,03.CCTV Mobile Usage.mkv,632de9ed55947761d56d4c6142a3cb1a1fe69d0b1a6d0e01a2e404c697962623,dfine_sahi,55000.0,monitor_or_bezel,0.6581,706.03,379.9,969.55,474.73,24988.0,263.52,94.82,2.779,False,,True,R-desk,11,evt_S-61_upper_body_0016,0f53ce3d77428734,lap_bag_context,no_pose_observation,34560.0,1.33,,1,cam12/e1/v1,
full,03.CCTV Mobile Usage.mkv,632de9ed55947761d56d4c6142a3cb1a1fe69d0b1a6d0e01a2e404c697962623,dfine_sahi,55000.0,monitor_or_bezel,0.6494,1018.6,395.85,1146.16,448.21,6678.2,127.55,52.36,2.436,False,,True,R-desk,11,evt_S-61_upper_body_0016,0f53ce3d77428734,lap_bag_context,no_pose_observation,34560.0,1.33,,1,cam12/e1/v1,
full,03.CCTV Mobile Usage.mkv,632de9ed55947761d56d4c6142a3cb1a1fe69d0b1a6d0e01a2e404c697962623,dfine_sahi,55000.0,mouse,0.6458,864.87,413.47,891.44,435.43,583.3,26.57,21.95,1.21,False,,True,R-desk,11,evt_S-61_upper_body_0016,0f53ce3d77428734,lap_bag_context,no_pose_observation,34560.0,1.33,,1,cam12/e1/v1,
full,03.CCTV Mobile Usage.mkv,632de9ed55947761d56d4c6142a3cb1a1fe69d0b1a6d0e01a2e404c697962623,dfine_sahi,55000.0,keyboard,0.6417,772.83,380.2,870.61,420.29,3920.1,97.77,40.09,2.439,False,,True,R-desk,11,evt_S-61_upper_body_0016,0f53ce3d77428734,lap_bag_context,no_pose_observation,34560.0,1.33,,1,cam12/e1/v1,
full,03.CCTV Mobile Usage.mkv,632de9ed55947761d56d4c6142a3cb1a1fe69d0b1a6d0e01a2e404c697962623,dfine_sahi,55000.0,monitor_or_bezel,0.6187,962.72,380.39,1153.14,474.91,17997.3,190.42,94.51,2.015,False,,True,R-desk,11,evt_S-61_upper_body_0016,0f53ce3d77428734,lap_bag_context,no_pose_observation,34560.0,1.33,,1,cam12/e1/v1,
full,03.CCTV Mobile Usage.mkv,632de9ed55947761d56d4c6142a3cb1a1fe69d0b1a6d0e01a2e404c697962623,dfine_sahi,55000.0,keyboard,0.594,962.78,452.38,1034.59,475.57,1664.6,71.81,23.18,3.097,False,,True,R-desk,11,evt_S-61_upper_body_0016,0f53ce3d77428734,lap_bag_context,no_pose_observation,34560.0,1.33,,1,cam12/e1/v1,
full,03.CCTV Mobile Usage.mkv,632de9ed55947761d56d4c6142a3cb1a1fe69d0b1a6d0e01a2e404c697962623,dfine_sahi,55000.0,unknown_object,0.5863,699.84,411.22,870.36,506.28,16211.2,170.52,95.07,1.794,False,,True,R-desk,11,evt_S-61_upper_body_0016,0f53ce3d77428734,lap_bag_context,no_pose_observation,34560.0,1.33,,1,cam12/e1/v1,
full,03.CCTV Mobile Usage.mkv,632de9ed55947761d56d4c6142a3cb1a1fe69d0b1a6d0e01a2e404c697962623,dfine_sahi,55000.0,unknown_object,0.4605,766.37,410.98,969.84,505.99,19331.7,203.47,95.01,2.142,False,,True,R-desk,11,evt_S-61_upper_body_0016,0f53ce3d77428734,lap_bag_context,no_pose_observation,34560.0,1.33,,1,cam12/e1/v1,
full,03.CCTV Mobile Usage.mkv,632de9ed55947761d56d4c6142a3cb1a1fe69d0b1a6d0e01a2e404c697962623,dfine_sahi,55000.0,keyboard,0.4472,802.44,396.33,870.79,420.58,1657.3,68.35,24.25,2.819,False,,True,R-desk,11,evt_S-61_upper_body_0016,0f53ce3d77428734,lap_bag_context,no_pose_observation,34560.0,1.33,,1,cam12/e1/v1,
full,03.CCTV Mobile Usage.mkv,632de9ed55947761d56d4c6142a3cb1a1fe69d0b1a6d0e01a2e404c697962623,dfine_sahi,55000.0,unknown_object,0.4113,699.99,380.63,759.82,474.96,5644.3,59.83,94.34,0.634,False,,True,R-desk,11,evt_S-61_upper_body_0016,0f53ce3d77428734,lap_bag_context,no_pose_observation,34560.0,1.33,,1,cam12/e1/v1,
full,03.CCTV Mobile Usage.mkv,632de9ed55947761d56d4c6142a3cb1a1fe69d0b1a6d0e01a2e404c697962623,dfine_sahi,55000.0,keyboard,0.3954,910.05,411.66,1091.84,506.2,17185.8,181.79,94.54,1.923,False,,True,R-desk,11,evt_S-61_upper_body_0016,0f53ce3d77428734,lap_bag_context,no_pose_observation,34560.0,1.33,,1,cam12/e1/v1,
full,03.CCTV Mobile Usage.mkv,632de9ed55947761d56d4c6142a3cb1a1fe69d0b1a6d0e01a2e404c697962623,dfine_sahi,55000.0,mouse,0.3336,967.12,398.45,991.97,410.6,302.0,24.85,12.15,2.045,False,,True,R-desk,11,evt_S-61_upper_body_0016,0f53ce3d77428734,lap_bag_context,no_pose_observation,34560.0,1.33,,1,cam12/e1/v1,
full,03.CCTV Mobile Usage.mkv,632de9ed55947761d56d4c6142a3cb1a1fe69d0b1a6d0e01a2e404c697962623,dfine_sahi,55000.0,unknown_object,0.3158,878.24,411.46,969.9,505.66,8634.3,91.65,94.21,0.973,False,,True,R-desk,11,evt_S-61_upper_body_0016,0f53ce3d77428734,lap_bag_context,no_pose_observation,34560.0,1.33,,1,cam12/e1/v1,
full,03.CCTV Mobile Usage.mkv,632de9ed55947761d56d4c6142a3cb1a1fe69d0b1a6d0e01a2e404c697962623,dfine_sahi,55000.0,unknown_object,0.2941,700.01,380.32,838.24,475.38,13140.1,138.23,95.06,1.454,False,,True,R-desk,11,evt_S-61_upper_body_0016,0f53ce3d77428734,lap_bag_context,no_pose_observation,34560.0,1.33,,1,cam12/e1/v1,
full,03.CCTV Mobile Usage.mkv,632de9ed55947761d56d4c6142a3cb1a1fe69d0b1a6d0e01a2e404c697962623,dfine_sahi,55000.0,keyboard,0.2792,964.15,390.98,1109.24,474.81,12162.2,145.09,83.83,1.731,False,,True,R-desk,11,evt_S-61_upper_body_0016,0f53ce3d77428734,lap_bag_context,no_pose_observation,34560.0,1.33,,1,cam12/e1/v1,
full,03.CCTV Mobile Usage.mkv,632de9ed55947761d56d4c6142a3cb1a1fe69d0b1a6d0e01a2e404c697962623,dfine_sahi,55000.0,mouse,0.2636,990.66,399.07,1026.57,413.4,514.5,35.91,14.33,2.506,False,,True,R-desk,11,evt_S-61_upper_body_0016,0f53ce3d77428734,lap_bag_context,no_pose_observation,34560.0,1.33,,1,cam12/e1/v1,
full,03.CCTV Mobile Usage.mkv,632de9ed55947761d56d4c6142a3cb1a1fe69d0b1a6d0e01a2e404c697962623,dfine_sahi,55000.0,phone,0.2627,1051.21,411.36,1138.8,446.96,3118.1,87.59,35.6,2.46,False,,True,R-desk,11,evt_S-61_upper_body_0016,0f53ce3d77428734,lap_bag_context,no_pose_observation,34560.0,1.33,,1,cam12/e1/v1,
full,03.CCTV Mobile Usage.mkv,632de9ed55947761d56d4c6142a3cb1a1fe69d0b1a6d0e01a2e404c697962623,dfine_sahi,55000.0,unknown_object,0.2573,881.71,411.14,969.72,453.37,3716.2,88.01,42.22,2.084,False,,True,R-desk,11,evt_S-61_upper_body_0016,0f53ce3d77428734,lap_bag_context,no_pose_observation,34560.0,1.33,,1,cam12/e1/v1,
full,03.CCTV Mobile Usage.mkv,632de9ed55947761d56d4c6142a3cb1a1fe69d0b1a6d0e01a2e404c697962623,dfine_sahi,55000.0,keyboard,0.2505,881.93,380.22,965.63,452.8,6075.4,83.7,72.59,1.153,False,,True,R-desk,11,evt_S-61_upper_body_0016,0f53ce3d77428734,lap_bag_context,no_pose_observation,34560.0,1.33,,1,cam12/e1/v1,
full,03.CCTV Mobile Usage.mkv,632de9ed55947761d56d4c6142a3cb1a1fe69d0b1a6d0e01a2e404c697962623,dfine_sahi,55000.0,unknown_object,0.3807,825.09,173.26,920.74,206.94,3221.9,95.65,33.68,2.84,False,,True,R-desk,12,evt_S-61_upper_body_0016,593d93c5796c81eb,pose_hand_context,,2456.2,12.91,,1,cam12/e1/v1,rtmpose_baseline
full,03.CCTV Mobile Usage.mkv,632de9ed55947761d56d4c6142a3cb1a1fe69d0b1a6d0e01a2e404c697962623,dfine_sahi,55000.0,unknown_object,0.3614,825.0,111.15,920.93,206.4,9137.4,95.93,95.25,1.007,False,,True,R-desk,12,evt_S-61_upper_body_0016,593d93c5796c81eb,pose_hand_context,,2456.2,12.91,,1,cam12/e1/v1,rtmpose_baseline
full,03.CCTV Mobile Usage.mkv,632de9ed55947761d56d4c6142a3cb1a1fe69d0b1a6d0e01a2e404c697962623,dfine_sahi,55000.0,unknown_object,0.6204,85.02,344.26,175.8,446.34,9267.0,90.78,102.09,0.889,False,,True,S-61,10,evt_S-61_upper_body_0016,c0e212eea25de102,pose_hand_context,,33496.3,3.5,,1,cam12/e1/v1,rtmpose_baseline
full,03.CCTV Mobile Usage.mkv,632de9ed55947761d56d4c6142a3cb1a1fe69d0b1a6d0e01a2e404c697962623,dfine_sahi,55000.0,unknown_object,0.5766,39.55,425.46,107.94,474.33,3341.8,68.39,48.86,1.4,False,,True,S-61,10,evt_S-61_upper_body_0016,c0e212eea25de102,pose_hand_context,,33496.3,3.5,,1,cam12/e1/v1,rtmpose_baseline
full,03.CCTV Mobile Usage.mkv,632de9ed55947761d56d4c6142a3cb1a1fe69d0b1a6d0e01a2e404c697962623,dfine_sahi,55000.0,unknown_object,0.4664,85.07,425.3,171.22,527.25,8782.8,86.15,101.95,0.845,False,,True,S-61,10,evt_S-61_upper_body_0016,c0e212eea25de102,pose_hand_context,,33496.3,3.5,,1,cam12/e1/v1,rtmpose_baseline
full,03.CCTV Mobile Usage.mkv,632de9ed55947761d56d4c6142a3cb1a1fe69d0b1a6d0e01a2e404c697962623,dfine_sahi,55000.0,stationery,0.4076,43.05,446.77,74.74,473.43,844.9,31.69,26.66,1.188,False,,True,S-61,10,evt_S-61_upper_body_0016,c0e212eea25de102,pose_hand_context,,33496.3,3.5,,1,cam12/e1/v1,rtmpose_baseline
full,03.CCTV Mobile Usage.mkv,632de9ed55947761d56d4c6142a3cb1a1fe69d0b1a6d0e01a2e404c697962623,dfine_sahi,55000.0,unknown_object,0.2993,42.33,422.11,107.96,446.89,1626.6,65.64,24.78,2.649,False,,True,S-61,10,evt_S-61_upper_body_0016,c0e212eea25de102,pose_hand_context,,33496.3,3.5,,1,cam12/e1/v1,rtmpose_baseline
full,03.CCTV Mobile Usage.mkv,632de9ed55947761d56d4c6142a3cb1a1fe69d0b1a6d0e01a2e404c697962623,dfine_sahi,55500.0,unknown_object,0.6206,159.48,430.34,180.98,520.73,1943.1,21.5,90.39,0.238,False,,True,S-61,10,evt_S-61_upper_body_0016,504d997039895a1f,pose_hand_context,,29632.2,3.72,,1,cam12/e1/v1,rtmpose_baseline
full,03.CCTV Mobile Usage.mkv,632de9ed55947761d56d4c6142a3cb1a1fe69d0b1a6d0e01a2e404c697962623,dfine_sahi,55500.0,unknown_object,0.4813,84.01,350.37,163.89,446.37,7668.4,79.88,96.0,0.832,False,,True,S-61,10,evt_S-61_upper_body_0016,504d997039895a1f,pose_hand_context,,29632.2,3.72,,1,cam12/e1/v1,rtmpose_baseline
full,03.CCTV Mobile Usage.mkv,632de9ed55947761d56d4c6142a3cb1a1fe69d0b1a6d0e01a2e404c697962623,dfine_sahi,55500.0,unknown_object,0.4771,159.6,394.69,181.0,446.72,1113.3,21.4,52.03,0.411,False,,True,S-61,10,evt_S-61_upper_body_0016,504d997039895a1f,pose_hand_context,,29632.2,3.72,,1,cam12/e1/v1,rtmpose_baseline
full,03.CCTV Mobile Usage.mkv,632de9ed55947761d56d4c6142a3cb1a1fe69d0b1a6d0e01a2e404c697962623,dfine_sahi,55500.0,unknown_object,0.4648,38.84,426.46,105.95,474.07,3194.7,67.11,47.6,1.41,False,,True,S-61,10,evt_S-61_upper_body_0016,504d997039895a1f,pose_hand_context,,29632.2,3.72,,1,cam12/e1/v1,rtmpose_baseline
full,03.CCTV Mobile Usage.mkv,632de9ed55947761d56d4c6142a3cb1a1fe69d0b1a6d0e01a2e404c697962623,dfine_sahi,55500.0,unknown_object,0.4458,83.99,426.28,165.89,521.1,7766.2,81.9,94.83,0.864,False,,True,S-61,10,evt_S-61_upper_body_0016,504d997039895a1f,pose_hand_context,,29632.2,3.72,,1,cam12/e1/v1,rtmpose_baseline
full,03.CCTV Mobile Usage.mkv,632de9ed55947761d56d4c6142a3cb1a1fe69d0b1a6d0e01a2e404c697962623,dfine_sahi,55500.0,stationery,0.3371,43.14,447.02,74.12,473.22,811.6,30.97,26.2,1.182,False,,True,S-61,10,evt_S-61_upper_body_0016,504d997039895a1f,pose_hand_context,,29632.2,3.72,,1,cam12/e1/v1,rtmpose_baseline
full,03.CCTV Mobile Usage.mkv,632de9ed55947761d56d4c6142a3cb1a1fe69d0b1a6d0e01a2e404c697962623,dfine_sahi,55500.0,unknown_object,0.3301,44.03,425.23,105.95,446.88,1340.4,61.92,21.65,2.86,False,,True,S-61,10,evt_S-61_upper_body_0016,504d997039895a1f,pose_hand_context,,29632.2,3.72,,1,cam12/e1/v1,rtmpose_baseline
full,03.CCTV Mobile Usage.mkv,632de9ed55947761d56d4c6142a3cb1a1fe69d0b1a6d0e01a2e404c697962623,dfine_sahi,55500.0,bag,0.2586,78.16,383.55,152.41,428.07,3305.8,74.25,44.52,1.668,False,,True,S-61,10,evt_S-61_upper_body_0016,504d997039895a1f,pose_hand_context,,29632.2,3.72,,1,cam12/e1/v1,rtmpose_baseline
full,03.CCTV Mobile Usage.mkv,632de9ed55947761d56d4c6142a3cb1a1fe69d0b1a6d0e01a2e404c697962623,dfine_sahi,55500.0,keyboard,0.9227,962.3,451.95,1068.02,491.45,4176.2,105.72,39.5,2.676,False,,True,R-desk,12,evt_S-61_upper_body_0016,de801b56dc91232e,lap_bag_context,no_pose_observation,34560.0,1.33,,1,cam12/e1/v1,
full,03.CCTV Mobile Usage.mkv,632de9ed55947761d56d4c6142a3cb1a1fe69d0b1a6d0e01a2e404c697962623,dfine_sahi,55500.0,monitor_or_bezel,0.7751,910.01,411.21,1141.09,506.32,21978.8,231.07,95.12,2.429,False,,True,R-desk,12,evt_S-61_upper_body_0016,de801b56dc91232e,lap_bag_context,no_pose_observation,34560.0,1.33,,1,cam12/e1/v1,
full,03.CCTV Mobile Usage.mkv,632de9ed55947761d56d4c6142a3cb1a1fe69d0b1a6d0e01a2e404c697962623,dfine_sahi,55500.0,mouse,0.7542,864.95,413.39,891.56,435.15,579.0,26.61,21.76,1.223,False,,True,R-desk,12,evt_S-61_upper_body_0016,de801b56dc91232e,lap_bag_context,no_pose_observation,34560.0,1.33,,1,cam12/e1/v1,
full,03.CCTV Mobile Usage.mkv,632de9ed55947761d56d4c6142a3cb1a1fe69d0b1a6d0e01a2e404c697962623,dfine_sahi,55500.0,phone,0.7487,1043.38,421.87,1111.51,473.89,3544.1,68.13,52.02,1.31,False,,True,R-desk,12,evt_S-61_upper_body_0016,de801b56dc91232e,lap_bag_context,no_pose_observation,34560.0,1.33,,1,cam12/e1/v1,
full,03.CCTV Mobile Usage.mkv,632de9ed55947761d56d4c6142a3cb1a1fe69d0b1a6d0e01a2e404c697962623,dfine_sahi,55500.0,monitor_or_bezel,0.708,708.52,379.9,969.63,474.8,24779.3,261.11,94.9,2.751,False,,True,R-desk,12,evt_S-61_upper_body_0016,de801b56dc91232e,lap_bag_context,no_pose_observation,34560.0,1.33,,1,cam12/e1/v1,
full,03.CCTV Mobile Usage.mkv,632de9ed55947761d56d4c6142a3cb1a1fe69d0b1a6d0e01a2e404c697962623,dfine_sahi,55500.0,keyboard,0.6944,772.36,380.16,870.61,420.35,3948.5,98.25,40.19,2.445,False,,True,R-desk,12,evt_S-61_upper_body_0016,de801b56dc91232e,lap_bag_context,no_pose_observation,34560.0,1.33,,1,cam12/e1/v1,
full,03.CCTV Mobile Usage.mkv,632de9ed55947761d56d4c6142a3cb1a1fe69d0b1a6d0e01a2e404c697962623,dfine_sahi,55500.0,monitor_or_bezel,0.6805,1018.94,395.65,1146.05,448.18,6677.9,127.12,52.53,2.42,False,,True,R-desk,12,evt_S-61_upper_body_0016,de801b56dc91232e,lap_bag_context,no_pose_observation,34560.0,1.33,,1,cam12/e1/v1,
full,03.CCTV Mobile Usage.mkv,632de9ed55947761d56d4c6142a3cb1a1fe69d0b1a6d0e01a2e404c697962623,dfine_sahi,55500.0,unknown_object,0.6617,699.87,396.17,844.21,492.12,13849.0,144.34,95.94,1.504,False,,True,R-desk,12,evt_S-61_upper_body_0016,de801b56dc91232e,lap_bag_context,no_pose_observation,34560.0,1.33,,1,cam12/e1/v1,
full,03.CCTV Mobile Usage.mkv,632de9ed55947761d56d4c6142a3cb1a1fe69d0b1a6d0e01a2e404c697962623,dfine_sahi,55500.0,keyboard,0.5887,963.01,452.4,1034.7,475.57,1661.4,71.7,23.17,3.094,False,,True,R-desk,12,evt_S-61_upper_body_0016,de801b56dc91232e,lap_bag_context,no_pose_observation,34560.0,1.33,,1,cam12/e1/v1,
full,03.CCTV Mobile Usage.mkv,632de9ed55947761d56d4c6142a3cb1a1fe69d0b1a6d0e01a2e404c697962623,dfine_sahi,55500.0,monitor_or_bezel,0.5691,962.63,380.48,1152.99,474.84,17962.5,190.36,94.36,2.017,False,,True,R-desk,12,evt_S-61_upper_body_0016,de801b56dc91232e,lap_bag_context,no_pose_observation,34560.0,1.33,,1,cam12/e1/v1,
full,03.CCTV Mobile Usage.mkv,632de9ed55947761d56d4c6142a3cb1a1fe69d0b1a6d0e01a2e404c697962623,dfine_sahi,55500.0,keyboard,0.5436,802.52,396.31,870.69,420.51,1649.7,68.16,24.2,2.817,False,,True,R-desk,12,evt_S-61_upper_body_0016,de801b56dc91232e,lap_bag_context,no_pose_observation,34560.0,1.33,,1,cam12/e1/v1,
full,03.CCTV Mobile Usage.mkv,632de9ed55947761d56d4c6142a3cb1a1fe69d0b1a6d0e01a2e404c697962623,dfine_sahi,55500.0,unknown_object,0.48,699.99,380.55,761.59,475.06,5822.4,61.61,94.51,0.652,False,,True,R-desk,12,evt_S-61_upper_body_0016,de801b56dc91232e,lap_bag_context,no_pose_observation,34560.0,1.33,,1,cam12/e1/v1,
full,03.CCTV Mobile Usage.mkv,632de9ed55947761d56d4c6142a3cb1a1fe69d0b1a6d0e01a2e404c697962623,dfine_sahi,55500.0,unknown_object,0.4698,763.13,410.95,969.79,505.89,19619.4,206.66,94.94,2.177,False,,True,R-desk,12,evt_S-61_upper_body_0016,de801b56dc91232e,lap_bag_context,no_pose_observation,34560.0,1.33,,1,cam12/e1/v1,
full,03.CCTV Mobile Usage.mkv,632de9ed55947761d56d4c6142a3cb1a1fe69d0b1a6d0e01a2e404c697962623,dfine_sahi,55500.0,mouse,0.386,967.17,398.39,992.02,410.49,300.7,24.85,12.1,2.054,False,,True,R-desk,12,evt_S-61_upper_body_0016,de801b56dc91232e,lap_bag_context,no_pose_observation,34560.0,1.33,,1,cam12/e1/v1,
full,03.CCTV Mobile Usage.mkv,632de9ed55947761d56d4c6142a3cb1a1fe69d0b1a6d0e01a2e404c697962623,dfine_sahi,55500.0,keyboard,0.3713,910.06,411.39,1092.09,506.1,17241.4,182.03,94.72,1.922,False,,True,R-desk,12,evt_S-61_upper_body_0016,de801b56dc91232e,lap_bag_context,no_pose_observation,34560.0,1.33,,1,cam12/e1/v1,
full,03.CCTV Mobile Usage.mkv,632de9ed55947761d56d4c6142a3cb1a1fe69d0b1a6d0e01a2e404c697962623,dfine_sahi,55500.0,unknown_object,0.2952,880.22,411.47,969.9,505.67,8447.0,89.68,94.2,0.952,False,,True,R-desk,12,evt_S-61_upper_body_0016,de801b56dc91232e,lap_bag_context,no_pose_observation,34560.0,1.33,,1,cam12/e1/v1,
full,03.CCTV Mobile Usage.mkv,632de9ed55947761d56d4c6142a3cb1a1fe69d0b1a6d0e01a2e404c697962623,dfine_sahi,55500.0,keyboard,0.2929,881.84,380.21,963.7,452.75,5937.7,81.86,72.54,1.128,False,,True,R-desk,12,evt_S-61_upper_body_0016,de801b56dc91232e,lap_bag_context,no_pose_observation,34560.0,1.33,,1,cam12/e1/v1,
full,03.CCTV Mobile Usage.mkv,632de9ed55947761d56d4c6142a3cb1a1fe69d0b1a6d0e01a2e404c697962623,dfine_sahi,55500.0,monitor_or_bezel,0.2862,881.22,396.15,948.68,452.74,3817.3,67.46,56.59,1.192,False,,True,R-desk,12,evt_S-61_upper_body_0016,de801b56dc91232e,lap_bag_context,no_pose_observation,34560.0,1.33,,1,cam12/e1/v1,
full,03.CCTV Mobile Usage.mkv,632de9ed55947761d56d4c6142a3cb1a1fe69d0b1a6d0e01a2e404c697962623,dfine_sahi,55500.0,mouse,0.2829,991.15,399.37,1026.83,413.41,501.0,35.68,14.04,2.541,False,,True,R-desk,12,evt_S-61_upper_body_0016,de801b56dc91232e,lap_bag_context,no_pose_observation,34560.0,1.33,,1,cam12/e1/v1,
full,03.CCTV Mobile Usage.mkv,632de9ed55947761d56d4c6142a3cb1a1fe69d0b1a6d0e01a2e404c697962623,dfine_sahi,55500.0,keyboard,0.2799,964.48,387.51,1110.2,474.73,12710.3,145.73,87.22,1.671,False,,True,R-desk,12,evt_S-61_upper_body_0016,de801b56dc91232e,lap_bag_context,no_pose_observation,34560.0,1.33,,1,cam12/e1/v1,
full,03.CCTV Mobile Usage.mkv,632de9ed55947761d56d4c6142a3cb1a1fe69d0b1a6d0e01a2e404c697962623,dfine_sahi,55500.0,unknown_object,0.2674,881.65,411.12,969.82,453.41,3728.3,88.17,42.29,2.085,False,,True,R-desk,12,evt_S-61_upper_body_0016,de801b56dc91232e,lap_bag_context,no_pose_observation,34560.0,1.33,,1,cam12/e1/v1,
full,03.CCTV Mobile Usage.mkv,632de9ed55947761d56d4c6142a3cb1a1fe69d0b1a6d0e01a2e404c697962623,dfine_sahi,55500.0,keyboard,0.9227,962.3,451.95,1068.02,491.45,4176.2,105.72,39.5,2.676,False,,True,R-desk,11,evt_S-61_upper_body_0016,de801b56dc91232e,lap_bag_context,no_pose_observation,34560.0,1.33,,1,cam12/e1/v1,
full,03.CCTV Mobile Usage.mkv,632de9ed55947761d56d4c6142a3cb1a1fe69d0b1a6d0e01a2e404c697962623,dfine_sahi,55500.0,monitor_or_bezel,0.7751,910.01,411.21,1141.09,506.32,21978.8,231.07,95.12,2.429,False,,True,R-desk,11,evt_S-61_upper_body_0016,de801b56dc91232e,lap_bag_context,no_pose_observation,34560.0,1.33,,1,cam12/e1/v1,
full,03.CCTV Mobile Usage.mkv,632de9ed55947761d56d4c6142a3cb1a1fe69d0b1a6d0e01a2e404c697962623,dfine_sahi,55500.0,mouse,0.7542,864.95,413.39,891.56,435.15,579.0,26.61,21.76,1.223,False,,True,R-desk,11,evt_S-61_upper_body_0016,de801b56dc91232e,lap_bag_context,no_pose_observation,34560.0,1.33,,1,cam12/e1/v1,
full,03.CCTV Mobile Usage.mkv,632de9ed55947761d56d4c6142a3cb1a1fe69d0b1a6d0e01a2e404c697962623,dfine_sahi,55500.0,phone,0.7487,1043.38,421.87,1111.51,473.89,3544.1,68.13,52.02,1.31,False,,True,R-desk,11,evt_S-61_upper_body_0016,de801b56dc91232e,lap_bag_context,no_pose_observation,34560.0,1.33,,1,cam12/e1/v1,
full,03.CCTV Mobile Usage.mkv,632de9ed55947761d56d4c6142a3cb1a1fe69d0b1a6d0e01a2e404c697962623,dfine_sahi,55500.0,monitor_or_bezel,0.708,708.52,379.9,969.63,474.8,24779.3,261.11,94.9,2.751,False,,True,R-desk,11,evt_S-61_upper_body_0016,de801b56dc91232e,lap_bag_context,no_pose_observation,34560.0,1.33,,1,cam12/e1/v1,
full,03.CCTV Mobile Usage.mkv,632de9ed55947761d56d4c6142a3cb1a1fe69d0b1a6d0e01a2e404c697962623,dfine_sahi,55500.0,keyboard,0.6944,772.36,380.16,870.61,420.35,3948.5,98.25,40.19,2.445,False,,True,R-desk,11,evt_S-61_upper_body_0016,de801b56dc91232e,lap_bag_context,no_pose_observation,34560.0,1.33,,1,cam12/e1/v1,
full,03.CCTV Mobile Usage.mkv,632de9ed55947761d56d4c6142a3cb1a1fe69d0b1a6d0e01a2e404c697962623,dfine_sahi,55500.0,monitor_or_bezel,0.6805,1018.94,395.65,1146.05,448.18,6677.9,127.12,52.53,2.42,False,,True,R-desk,11,evt_S-61_upper_body_0016,de801b56dc91232e,lap_bag_context,no_pose_observation,34560.0,1.33,,1,cam12/e1/v1,
full,03.CCTV Mobile Usage.mkv,632de9ed55947761d56d4c6142a3cb1a1fe69d0b1a6d0e01a2e404c697962623,dfine_sahi,55500.0,unknown_object,0.6617,699.87,396.17,844.21,492.12,13849.0,144.34,95.94,1.504,False,,True,R-desk,11,evt_S-61_upper_body_0016,de801b56dc91232e,lap_bag_context,no_pose_observation,34560.0,1.33,,1,cam12/e1/v1,
full,03.CCTV Mobile Usage.mkv,632de9ed55947761d56d4c6142a3cb1a1fe69d0b1a6d0e01a2e404c697962623,dfine_sahi,55500.0,keyboard,0.5887,963.01,452.4,1034.7,475.57,1661.4,71.7,23.17,3.094,False,,True,R-desk,11,evt_S-61_upper_body_0016,de801b56dc91232e,lap_bag_context,no_pose_observation,34560.0,1.33,,1,cam12/e1/v1,
full,03.CCTV Mobile Usage.mkv,632de9ed55947761d56d4c6142a3cb1a1fe69d0b1a6d0e01a2e404c697962623,dfine_sahi,55500.0,monitor_or_bezel,0.5691,962.63,380.48,1152.99,474.84,17962.5,190.36,94.36,2.017,False,,True,R-desk,11,evt_S-61_upper_body_0016,de801b56dc91232e,lap_bag_context,no_pose_observation,34560.0,1.33,,1,cam12/e1/v1,
full,03.CCTV Mobile Usage.mkv,632de9ed55947761d56d4c6142a3cb1a1fe69d0b1a6d0e01a2e404c697962623,dfine_sahi,55500.0,keyboard,0.5436,802.52,396.31,870.69,420.51,1649.7,68.16,24.2,2.817,False,,True,R-desk,11,evt_S-61_upper_body_0016,de801b56dc91232e,lap_bag_context,no_pose_observation,34560.0,1.33,,1,cam12/e1/v1,
full,03.CCTV Mobile Usage.mkv,632de9ed55947761d56d4c6142a3cb1a1fe69d0b1a6d0e01a2e404c697962623,dfine_sahi,55500.0,unknown_object,0.48,699.99,380.55,761.59,475.06,5822.4,61.61,94.51,0.652,False,,True,R-desk,11,evt_S-61_upper_body_0016,de801b56dc91232e,lap_bag_context,no_pose_observation,34560.0,1.33,,1,cam12/e1/v1,
full,03.CCTV Mobile Usage.mkv,632de9ed55947761d56d4c6142a3cb1a1fe69d0b1a6d0e01a2e404c697962623,dfine_sahi,55500.0,unknown_object,0.4698,763.13,410.95,969.79,505.89,19619.4,206.66,94.94,2.177,False,,True,R-desk,11,evt_S-61_upper_body_0016,de801b56dc91232e,lap_bag_context,no_pose_observation,34560.0,1.33,,1,cam12/e1/v1,
full,03.CCTV Mobile Usage.mkv,632de9ed55947761d56d4c6142a3cb1a1fe69d0b1a6d0e01a2e404c697962623,dfine_sahi,55500.0,mouse,0.386,967.17,398.39,992.02,410.49,300.7,24.85,12.1,2.054,False,,True,R-desk,11,evt_S-61_upper_body_0016,de801b56dc91232e,lap_bag_context,no_pose_observation,34560.0,1.33,,1,cam12/e1/v1,
full,03.CCTV Mobile Usage.mkv,632de9ed55947761d56d4c6142a3cb1a1fe69d0b1a6d0e01a2e404c697962623,dfine_sahi,55500.0,keyboard,0.3713,910.06,411.39,1092.09,506.1,17241.4,182.03,94.72,1.922,False,,True,R-desk,11,evt_S-61_upper_body_0016,de801b56dc91232e,lap_bag_context,no_pose_observation,34560.0,1.33,,1,cam12/e1/v1,
full,03.CCTV Mobile Usage.mkv,632de9ed55947761d56d4c6142a3cb1a1fe69d0b1a6d0e01a2e404c697962623,dfine_sahi,55500.0,unknown_object,0.2952,880.22,411.47,969.9,505.67,8447.0,89.68,94.2,0.952,False,,True,R-desk,11,evt_S-61_upper_body_0016,de801b56dc91232e,lap_bag_context,no_pose_observation,34560.0,1.33,,1,cam12/e1/v1,
full,03.CCTV Mobile Usage.mkv,632de9ed55947761d56d4c6142a3cb1a1fe69d0b1a6d0e01a2e404c697962623,dfine_sahi,55500.0,keyboard,0.2929,881.84,380.21,963.7,452.75,5937.7,81.86,72.54,1.128,False,,True,R-desk,11,evt_S-61_upper_body_0016,de801b56dc91232e,lap_bag_context,no_pose_observation,34560.0,1.33,,1,cam12/e1/v1,
full,03.CCTV Mobile Usage.mkv,632de9ed55947761d56d4c6142a3cb1a1fe69d0b1a6d0e01a2e404c697962623,dfine_sahi,55500.0,monitor_or_bezel,0.2862,881.22,396.15,948.68,452.74,3817.3,67.46,56.59,1.192,False,,True,R-desk,11,evt_S-61_upper_body_0016,de801b56dc91232e,lap_bag_context,no_pose_observation,34560.0,1.33,,1,cam12/e1/v1,
full,03.CCTV Mobile Usage.mkv,632de9ed55947761d56d4c6142a3cb1a1fe69d0b1a6d0e01a2e404c697962623,dfine_sahi,55500.0,mouse,0.2829,991.15,399.37,1026.83,413.41,501.0,35.68,14.04,2.541,False,,True,R-desk,11,evt_S-61_upper_body_0016,de801b56dc91232e,lap_bag_context,no_pose_observation,34560.0,1.33,,1,cam12/e1/v1,
full,03.CCTV Mobile Usage.mkv,632de9ed55947761d56d4c6142a3cb1a1fe69d0b1a6d0e01a2e404c697962623,dfine_sahi,55500.0,keyboard,0.2799,964.48,387.51,1110.2,474.73,12710.3,145.73,87.22,1.671,False,,True,R-desk,11,evt_S-61_upper_body_0016,de801b56dc91232e,lap_bag_context,no_pose_observation,34560.0,1.33,,1,cam12/e1/v1,
full,03.CCTV Mobile Usage.mkv,632de9ed55947761d56d4c6142a3cb1a1fe69d0b1a6d0e01a2e404c697962623,dfine_sahi,55500.0,unknown_object,0.2674,881.65,411.12,969.82,453.41,3728.3,88.17,42.29,2.085,False,,True,R-desk,11,evt_S-61_upper_body_0016,de801b56dc91232e,lap_bag_context,no_pose_observation,34560.0,1.33,,1,cam12/e1/v1,
full,03.CCTV Mobile Usage.mkv,632de9ed55947761d56d4c6142a3cb1a1fe69d0b1a6d0e01a2e404c697962623,dfine_sahi,56000.0,unknown_object,0.4619,826.05,110.15,921.91,205.15,9106.8,95.86,95.01,1.009,False,,True,R-desk,12,evt_S-61_upper_body_0016,584703289c8f0dd8,pose_hand_context,,2468.1,12.88,,1,cam12/e1/v1,rtmpose_baseline
full,03.CCTV Mobile Usage.mkv,632de9ed55947761d56d4c6142a3cb1a1fe69d0b1a6d0e01a2e404c697962623,dfine_sahi,56000.0,bag,0.2772,878.86,140.41,921.85,202.78,2681.4,42.99,62.37,0.689,False,,True,R-desk,12,evt_S-61_upper_body_0016,584703289c8f0dd8,pose_hand_context,,2468.1,12.88,,1,cam12/e1/v1,rtmpose_baseline
full,03.CCTV Mobile Usage.mkv,632de9ed55947761d56d4c6142a3cb1a1fe69d0b1a6d0e01a2e404c697962623,dfine_sahi,56000.0,unknown_object,0.425,161.81,389.16,186.0,446.64,1390.6,24.19,57.49,0.421,False,,True,S-61,10,evt_S-61_upper_body_0016,601bc28c5bfc93ff,pose_hand_context,,31067.6,3.63,,1,cam12/e1/v1,rtmpose_baseline
full,03.CCTV Mobile Usage.mkv,632de9ed55947761d56d4c6142a3cb1a1fe69d0b1a6d0e01a2e404c697962623,dfine_sahi,56000.0,unknown_object,0.4022,87.01,425.11,168.95,500.83,6204.3,81.94,75.72,1.082,False,,True,S-61,10,evt_S-61_upper_body_0016,601bc28c5bfc93ff,pose_hand_context,,31067.6,3.63,,1,cam12/e1/v1,rtmpose_baseline
full,03.CCTV Mobile Usage.mkv,632de9ed55947761d56d4c6142a3cb1a1fe69d0b1a6d0e01a2e404c697962623,dfine_sahi,56000.0,unknown_object,0.3959,39.13,425.58,108.94,473.97,3377.7,69.81,48.38,1.443,False,,True,S-61,10,evt_S-61_upper_body_0016,601bc28c5bfc93ff,pose_hand_context,,31067.6,3.63,,1,cam12/e1/v1,rtmpose_baseline
full,03.CCTV Mobile Usage.mkv,632de9ed55947761d56d4c6142a3cb1a1fe69d0b1a6d0e01a2e404c697962623,dfine_sahi,56000.0,unknown_object,0.3341,87.01,366.78,165.2,446.41,6226.4,78.2,79.63,0.982,False,,True,S-61,10,evt_S-61_upper_body_0016,601bc28c5bfc93ff,pose_hand_context,,31067.6,3.63,,1,cam12/e1/v1,rtmpose_baseline
full,03.CCTV Mobile Usage.mkv,632de9ed55947761d56d4c6142a3cb1a1fe69d0b1a6d0e01a2e404c697962623,dfine_sahi,56000.0,unknown_object,0.3181,39.92,422.81,108.97,446.86,1661.0,69.04,24.06,2.87,False,,True,S-61,10,evt_S-61_upper_body_0016,601bc28c5bfc93ff,pose_hand_context,,31067.6,3.63,,1,cam12/e1/v1,rtmpose_baseline
full,03.CCTV Mobile Usage.mkv,632de9ed55947761d56d4c6142a3cb1a1fe69d0b1a6d0e01a2e404c697962623,dfine_sahi,56000.0,stationery,0.2974,43.18,447.04,75.2,473.16,836.5,32.02,26.12,1.226,False,,True,S-61,10,evt_S-61_upper_body_0016,601bc28c5bfc93ff,pose_hand_context,,31067.6,3.63,,1,cam12/e1/v1,rtmpose_baseline
full,03.CCTV Mobile Usage.mkv,632de9ed55947761d56d4c6142a3cb1a1fe69d0b1a6d0e01a2e404c697962623,dfine_sahi,56000.0,unknown_object,0.2836,162.84,425.22,185.97,523.52,2273.1,23.12,98.3,0.235,False,,True,S-61,10,evt_S-61_upper_body_0016,601bc28c5bfc93ff,pose_hand_context,,31067.6,3.63,,1,cam12/e1/v1,rtmpose_baseline
full,03.CCTV Mobile Usage.mkv,632de9ed55947761d56d4c6142a3cb1a1fe69d0b1a6d0e01a2e404c697962623,dfine_sahi,56000.0,unknown_object,0.2558,9.9,348.42,185.8,523.02,30711.3,175.9,174.6,1.007,False,,True,S-61,10,evt_S-61_upper_body_0016,601bc28c5bfc93ff,pose_hand_context,,31067.6,3.63,,1,cam12/e1/v1,rtmpose_baseline
full,03.CCTV Mobile Usage.mkv,632de9ed55947761d56d4c6142a3cb1a1fe69d0b1a6d0e01a2e404c697962623,dfine_sahi,56000.0,keyboard,0.9219,962.33,451.93,1068.07,491.46,4180.5,105.74,39.53,2.675,False,,True,R-desk,11,evt_S-61_upper_body_0016,a12bcaddbfd7ed93,lap_bag_context,no_pose_observation,34560.0,1.33,,1,cam12/e1/v1,
full,03.CCTV Mobile Usage.mkv,632de9ed55947761d56d4c6142a3cb1a1fe69d0b1a6d0e01a2e404c697962623,dfine_sahi,56000.0,mouse,0.7598,864.98,413.41,891.5,435.05,573.8,26.52,21.64,1.226,False,,True,R-desk,11,evt_S-61_upper_body_0016,a12bcaddbfd7ed93,lap_bag_context,no_pose_observation,34560.0,1.33,,1,cam12/e1/v1,
full,03.CCTV Mobile Usage.mkv,632de9ed55947761d56d4c6142a3cb1a1fe69d0b1a6d0e01a2e404c697962623,dfine_sahi,56000.0,monitor_or_bezel,0.7575,910.01,411.19,1141.07,506.35,21987.1,231.05,95.16,2.428,False,,True,R-desk,11,evt_S-61_upper_body_0016,a12bcaddbfd7ed93,lap_bag_context,no_pose_observation,34560.0,1.33,,1,cam12/e1/v1,
full,03.CCTV Mobile Usage.mkv,632de9ed55947761d56d4c6142a3cb1a1fe69d0b1a6d0e01a2e404c697962623,dfine_sahi,56000.0,phone,0.7293,1043.42,421.8,1111.93,473.85,3566.2,68.51,52.05,1.316,False,,True,R-desk,11,evt_S-61_upper_body_0016,a12bcaddbfd7ed93,lap_bag_context,no_pose_observation,34560.0,1.33,,1,cam12/e1/v1,
full,03.CCTV Mobile Usage.mkv,632de9ed55947761d56d4c6142a3cb1a1fe69d0b1a6d0e01a2e404c697962623,dfine_sahi,56000.0,monitor_or_bezel,0.7164,708.64,379.92,969.68,474.76,24758.9,261.05,94.84,2.752,False,,True,R-desk,11,evt_S-61_upper_body_0016,a12bcaddbfd7ed93,lap_bag_context,no_pose_observation,34560.0,1.33,,1,cam12/e1/v1,
full,03.CCTV Mobile Usage.mkv,632de9ed55947761d56d4c6142a3cb1a1fe69d0b1a6d0e01a2e404c697962623,dfine_sahi,56000.0,keyboard,0.716,772.24,380.16,870.66,420.34,3954.7,98.42,40.18,2.449,False,,True,R-desk,11,evt_S-61_upper_body_0016,a12bcaddbfd7ed93,lap_bag_context,no_pose_observation,34560.0,1.33,,1,cam12/e1/v1,
full,03.CCTV Mobile Usage.mkv,632de9ed55947761d56d4c6142a3cb1a1fe69d0b1a6d0e01a2e404c697962623,dfine_sahi,56000.0,unknown_object,0.7132,699.85,396.13,844.59,492.17,13900.5,144.73,96.04,1.507,False,,True,R-desk,11,evt_S-61_upper_body_0016,a12bcaddbfd7ed93,lap_bag_context,no_pose_observation,34560.0,1.33,,1,cam12/e1/v1,
full,03.CCTV Mobile Usage.mkv,632de9ed55947761d56d4c6142a3cb1a1fe69d0b1a6d0e01a2e404c697962623,dfine_sahi,56000.0,monitor_or_bezel,0.6978,1018.78,395.7,1146.01,448.02,6657.6,127.23,52.33,2.431,False,,True,R-desk,11,evt_S-61_upper_body_0016,a12bcaddbfd7ed93,lap_bag_context,no_pose_observation,34560.0,1.33,,1,cam12/e1/v1,
full,03.CCTV Mobile Usage.mkv,632de9ed55947761d56d4c6142a3cb1a1fe69d0b1a6d0e01a2e404c697962623,dfine_sahi,56000.0,keyboard,0.576,963.09,452.39,1034.73,475.59,1662.2,71.65,23.2,3.088,False,,True,R-desk,11,evt_S-61_upper_body_0016,a12bcaddbfd7ed93,lap_bag_context,no_pose_observation,34560.0,1.33,,1,cam12/e1/v1,
full,03.CCTV Mobile Usage.mkv,632de9ed55947761d56d4c6142a3cb1a1fe69d0b1a6d0e01a2e404c697962623,dfine_sahi,56000.0,keyboard,0.5367,802.59,396.29,870.71,420.51,1650.1,68.11,24.23,2.812,False,,True,R-desk,11,evt_S-61_upper_body_0016,a12bcaddbfd7ed93,lap_bag_context,no_pose_observation,34560.0,1.33,,1,cam12/e1/v1,
full,03.CCTV Mobile Usage.mkv,632de9ed55947761d56d4c6142a3cb1a1fe69d0b1a6d0e01a2e404c697962623,dfine_sahi,56000.0,unknown_object,0.5324,699.99,380.45,762.82,475.03,5941.6,62.82,94.58,0.664,False,,True,R-desk,11,evt_S-61_upper_body_0016,a12bcaddbfd7ed93,lap_bag_context,no_pose_observation,34560.0,1.33,,1,cam12/e1/v1,
full,03.CCTV Mobile Usage.mkv,632de9ed55947761d56d4c6142a3cb1a1fe69d0b1a6d0e01a2e404c697962623,dfine_sahi,56000.0,monitor_or_bezel,0.5129,962.03,380.52,1153.16,474.94,18045.3,191.13,94.41,2.024,False,,True,R-desk,11,evt_S-61_upper_body_0016,a12bcaddbfd7ed93,lap_bag_context,no_pose_observation,34560.0,1.33,,1,cam12/e1/v1,
full,03.CCTV Mobile Usage.mkv,632de9ed55947761d56d4c6142a3cb1a1fe69d0b1a6d0e01a2e404c697962623,dfine_sahi,56000.0,unknown_object,0.4031,765.27,411.0,969.85,505.88,19410.6,204.59,94.88,2.156,False,,True,R-desk,11,evt_S-61_upper_body_0016,a12bcaddbfd7ed93,lap_bag_context,no_pose_observation,34560.0,1.33,,1,cam12/e1/v1,
full,03.CCTV Mobile Usage.mkv,632de9ed55947761d56d4c6142a3cb1a1fe69d0b1a6d0e01a2e404c697962623,dfine_sahi,56000.0,mouse,0.3915,967.1,398.41,992.01,410.47,300.4,24.91,12.06,2.065,False,,True,R-desk,11,evt_S-61_upper_body_0016,a12bcaddbfd7ed93,lap_bag_context,no_pose_observation,34560.0,1.33,,1,cam12/e1/v1,
full,03.CCTV Mobile Usage.mkv,632de9ed55947761d56d4c6142a3cb1a1fe69d0b1a6d0e01a2e404c697962623,dfine_sahi,56000.0,keyboard,0.3714,910.08,411.37,1092.4,506.14,17278.3,182.32,94.77,1.924,False,,True,R-desk,11,evt_S-61_upper_body_0016,a12bcaddbfd7ed93,lap_bag_context,no_pose_observation,34560.0,1.33,,1,cam12/e1/v1,
full,03.CCTV Mobile Usage.mkv,632de9ed55947761d56d4c6142a3cb1a1fe69d0b1a6d0e01a2e404c697962623,dfine_sahi,56000.0,keyboard,0.3061,881.95,380.23,964.44,452.79,5985.6,82.49,72.56,1.137,False,,True,R-desk,11,evt_S-61_upper_body_0016,a12bcaddbfd7ed93,lap_bag_context,no_pose_observation,34560.0,1.33,,1,cam12/e1/v1,
full,03.CCTV Mobile Usage.mkv,632de9ed55947761d56d4c6142a3cb1a1fe69d0b1a6d0e01a2e404c697962623,dfine_sahi,56000.0,mouse,0.2957,991.04,399.33,1026.98,413.47,508.3,35.94,14.14,2.542,False,,True,R-desk,11,evt_S-61_upper_body_0016,a12bcaddbfd7ed93,lap_bag_context,no_pose_observation,34560.0,1.33,,1,cam12/e1/v1,
full,03.CCTV Mobile Usage.mkv,632de9ed55947761d56d4c6142a3cb1a1fe69d0b1a6d0e01a2e404c697962623,dfine_sahi,56000.0,unknown_object,0.2937,880.73,411.41,969.89,505.59,8397.0,89.16,94.18,0.947,False,,True,R-desk,11,evt_S-61_upper_body_0016,a12bcaddbfd7ed93,lap_bag_context,no_pose_observation,34560.0,1.33,,1,cam12/e1/v1,
full,03.CCTV Mobile Usage.mkv,632de9ed55947761d56d4c6142a3cb1a1fe69d0b1a6d0e01a2e404c697962623,dfine_sahi,56000.0,monitor_or_bezel,0.2814,881.27,396.16,948.59,452.72,3807.9,67.32,56.56,1.19,False,,True,R-desk,11,evt_S-61_upper_body_0016,a12bcaddbfd7ed93,lap_bag_context,no_pose_observation,34560.0,1.33,,1,cam12/e1/v1,
full,03.CCTV Mobile Usage.mkv,632de9ed55947761d56d4c6142a3cb1a1fe69d0b1a6d0e01a2e404c697962623,dfine_sahi,56000.0,keyboard,0.2741,964.83,388.33,1111.05,474.78,12640.7,146.22,86.45,1.691,False,,True,R-desk,11,evt_S-61_upper_body_0016,a12bcaddbfd7ed93,lap_bag_context,no_pose_observation,34560.0,1.33,,1,cam12/e1/v1,
full,03.CCTV Mobile Usage.mkv,632de9ed55947761d56d4c6142a3cb1a1fe69d0b1a6d0e01a2e404c697962623,dfine_sahi,56000.0,phone,0.2607,1051.27,411.29,1139.47,446.98,3148.3,88.2,35.7,2.471,False,,True,R-desk,11,evt_S-61_upper_body_0016,a12bcaddbfd7ed93,lap_bag_context,no_pose_observation,34560.0,1.33,,1,cam12/e1/v1,
full,03.CCTV Mobile Usage.mkv,632de9ed55947761d56d4c6142a3cb1a1fe69d0b1a6d0e01a2e404c697962623,dfine_sahi,56000.0,monitor_or_bezel,0.2534,797.37,396.05,948.55,452.52,8537.2,151.17,56.47,2.677,False,,True,R-desk,11,evt_S-61_upper_body_0016,a12bcaddbfd7ed93,lap_bag_context,no_pose_observation,34560.0,1.33,,1,cam12/e1/v1,
full,03.CCTV Mobile Usage.mkv,632de9ed55947761d56d4c6142a3cb1a1fe69d0b1a6d0e01a2e404c697962623,dfine_sahi,56500.0,unknown_object,0.5509,18.01,304.79,136.26,491.94,22131.0,118.25,187.15,0.632,False,,True,S-61,10,evt_S-61_upper_body_0016,1d2938dea1632546,pose_hand_context,,35955.7,3.38,,1,cam12/e1/v1,rtmpose_baseline
full,03.CCTV Mobile Usage.mkv,632de9ed55947761d56d4c6142a3cb1a1fe69d0b1a6d0e01a2e404c697962623,dfine_sahi,56500.0,unknown_object,0.3752,17.99,416.07,134.97,492.54,8945.7,116.99,76.47,1.53,False,,True,S-61,10,evt_S-61_upper_body_0016,1d2938dea1632546,pose_hand_context,,35955.7,3.38,,1,cam12/e1/v1,rtmpose_baseline
full,03.CCTV Mobile Usage.mkv,632de9ed55947761d56d4c6142a3cb1a1fe69d0b1a6d0e01a2e404c697962623,dfine_sahi,56500.0,unknown_object,0.3304,43.22,445.02,72.58,473.08,823.8,29.37,28.05,1.047,False,,True,S-61,10,evt_S-61_upper_body_0016,1d2938dea1632546,pose_hand_context,,35955.7,3.38,,1,cam12/e1/v1,rtmpose_baseline
full,03.CCTV Mobile Usage.mkv,632de9ed55947761d56d4c6142a3cb1a1fe69d0b1a6d0e01a2e404c697962623,dfine_sahi,56500.0,unknown_object,0.3214,101.09,386.11,193.19,428.27,3883.0,92.1,42.16,2.184,False,,True,S-61,10,evt_S-61_upper_body_0016,1d2938dea1632546,pose_hand_context,,35955.7,3.38,,1,cam12/e1/v1,rtmpose_baseline
full,03.CCTV Mobile Usage.mkv,632de9ed55947761d56d4c6142a3cb1a1fe69d0b1a6d0e01a2e404c697962623,dfine_sahi,56500.0,unknown_object,0.3017,101.07,386.12,193.74,492.27,9837.5,92.67,106.16,0.873,False,,True,S-61,10,evt_S-61_upper_body_0016,1d2938dea1632546,pose_hand_context,,35955.7,3.38,,1,cam12/e1/v1,rtmpose_baseline
full,03.CCTV Mobile Usage.mkv,632de9ed55947761d56d4c6142a3cb1a1fe69d0b1a6d0e01a2e404c697962623,dfine_sahi,56500.0,stationery,0.2994,43.43,446.0,73.42,473.11,813.0,29.99,27.11,1.106,False,,True,S-61,10,evt_S-61_upper_body_0016,1d2938dea1632546,pose_hand_context,,35955.7,3.38,,1,cam12/e1/v1,rtmpose_baseline
full,03.CCTV Mobile Usage.mkv,632de9ed55947761d56d4c6142a3cb1a1fe69d0b1a6d0e01a2e404c697962623,dfine_sahi,56500.0,unknown_object,0.2904,112.64,303.14,207.66,393.28,8565.2,95.02,90.14,1.054,False,,True,S-61,10,evt_S-61_upper_body_0016,1d2938dea1632546,pose_hand_context,,35955.7,3.38,,1,cam12/e1/v1,rtmpose_baseline
full,03.CCTV Mobile Usage.mkv,632de9ed55947761d56d4c6142a3cb1a1fe69d0b1a6d0e01a2e404c697962623,dfine_sahi,56500.0,unknown_object,0.2739,166.85,344.52,201.04,392.91,1654.6,34.19,48.4,0.706,False,,True,S-61,10,evt_S-61_upper_body_0016,1d2938dea1632546,pose_hand_context,,35955.7,3.38,,1,cam12/e1/v1,rtmpose_baseline
full,03.CCTV Mobile Usage.mkv,632de9ed55947761d56d4c6142a3cb1a1fe69d0b1a6d0e01a2e404c697962623,dfine_sahi,56500.0,keyboard,0.9217,962.33,451.93,1068.07,491.46,4180.4,105.74,39.53,2.675,False,,True,R-desk,12,evt_S-61_upper_body_0016,ecb2b433368518e0,lap_bag_context,no_pose_observation,34560.0,1.33,,1,cam12/e1/v1,
full,03.CCTV Mobile Usage.mkv,632de9ed55947761d56d4c6142a3cb1a1fe69d0b1a6d0e01a2e404c697962623,dfine_sahi,56500.0,mouse,0.7598,864.98,413.41,891.5,435.05,573.8,26.52,21.64,1.226,False,,True,R-desk,12,evt_S-61_upper_body_0016,ecb2b433368518e0,lap_bag_context,no_pose_observation,34560.0,1.33,,1,cam12/e1/v1,
full,03.CCTV Mobile Usage.mkv,632de9ed55947761d56d4c6142a3cb1a1fe69d0b1a6d0e01a2e404c697962623,dfine_sahi,56500.0,monitor_or_bezel,0.7575,910.01,411.19,1141.07,506.35,21987.1,231.05,95.16,2.428,False,,True,R-desk,12,evt_S-61_upper_body_0016,ecb2b433368518e0,lap_bag_context,no_pose_observation,34560.0,1.33,,1,cam12/e1/v1,
full,03.CCTV Mobile Usage.mkv,632de9ed55947761d56d4c6142a3cb1a1fe69d0b1a6d0e01a2e404c697962623,dfine_sahi,56500.0,phone,0.7293,1043.42,421.8,1111.93,473.85,3566.2,68.51,52.05,1.316,False,,True,R-desk,12,evt_S-61_upper_body_0016,ecb2b433368518e0,lap_bag_context,no_pose_observation,34560.0,1.33,,1,cam12/e1/v1,
full,03.CCTV Mobile Usage.mkv,632de9ed55947761d56d4c6142a3cb1a1fe69d0b1a6d0e01a2e404c697962623,dfine_sahi,56500.0,monitor_or_bezel,0.7164,708.64,379.92,969.68,474.76,24758.9,261.05,94.84,2.752,False,,True,R-desk,12,evt_S-61_upper_body_0016,ecb2b433368518e0,lap_bag_context,no_pose_observation,34560.0,1.33,,1,cam12/e1/v1,
full,03.CCTV Mobile Usage.mkv,632de9ed55947761d56d4c6142a3cb1a1fe69d0b1a6d0e01a2e404c697962623,dfine_sahi,56500.0,keyboard,0.716,772.24,380.16,870.66,420.34,3954.7,98.42,40.18,2.449,False,,True,R-desk,12,evt_S-61_upper_body_0016,ecb2b433368518e0,lap_bag_context,no_pose_observation,34560.0,1.33,,1,cam12/e1/v1,
full,03.CCTV Mobile Usage.mkv,632de9ed55947761d56d4c6142a3cb1a1fe69d0b1a6d0e01a2e404c697962623,dfine_sahi,56500.0,unknown_object,0.7128,699.85,396.13,844.59,492.17,13901.1,144.74,96.04,1.507,False,,True,R-desk,12,evt_S-61_upper_body_0016,ecb2b433368518e0,lap_bag_context,no_pose_observation,34560.0,1.33,,1,cam12/e1/v1,
full,03.CCTV Mobile Usage.mkv,632de9ed55947761d56d4c6142a3cb1a1fe69d0b1a6d0e01a2e404c697962623,dfine_sahi,56500.0,monitor_or_bezel,0.6962,1018.8,395.66,1146.01,448.02,6661.1,127.21,52.36,2.43,False,,True,R-desk,12,evt_S-61_upper_body_0016,ecb2b433368518e0,lap_bag_context,no_pose_observation,34560.0,1.33,,1,cam12/e1/v1,
full,03.CCTV Mobile Usage.mkv,632de9ed55947761d56d4c6142a3cb1a1fe69d0b1a6d0e01a2e404c697962623,dfine_sahi,56500.0,keyboard,0.5853,963.09,452.39,1034.73,475.59,1662.1,71.64,23.2,3.088,False,,True,R-desk,12,evt_S-61_upper_body_0016,ecb2b433368518e0,lap_bag_context,no_pose_observation,34560.0,1.33,,1,cam12/e1/v1,
full,03.CCTV Mobile Usage.mkv,632de9ed55947761d56d4c6142a3cb1a1fe69d0b1a6d0e01a2e404c697962623,dfine_sahi,56500.0,keyboard,0.5358,802.59,396.29,870.71,420.51,1650.1,68.11,24.23,2.812,False,,True,R-desk,12,evt_S-61_upper_body_0016,ecb2b433368518e0,lap_bag_context,no_pose_observation,34560.0,1.33,,1,cam12/e1/v1,
full,03.CCTV Mobile Usage.mkv,632de9ed55947761d56d4c6142a3cb1a1fe69d0b1a6d0e01a2e404c697962623,dfine_sahi,56500.0,unknown_object,0.5324,699.99,380.45,762.82,475.03,5941.6,62.82,94.58,0.664,False,,True,R-desk,12,evt_S-61_upper_body_0016,ecb2b433368518e0,lap_bag_context,no_pose_observation,34560.0,1.33,,1,cam12/e1/v1,
full,03.CCTV Mobile Usage.mkv,632de9ed55947761d56d4c6142a3cb1a1fe69d0b1a6d0e01a2e404c697962623,dfine_sahi,56500.0,monitor_or_bezel,0.5043,962.13,380.52,1153.16,474.92,18032.7,191.03,94.4,2.024,False,,True,R-desk,12,evt_S-61_upper_body_0016,ecb2b433368518e0,lap_bag_context,no_pose_observation,34560.0,1.33,,1,cam12/e1/v1,
full,03.CCTV Mobile Usage.mkv,632de9ed55947761d56d4c6142a3cb1a1fe69d0b1a6d0e01a2e404c697962623,dfine_sahi,56500.0,unknown_object,0.4031,765.27,411.0,969.85,505.88,19410.6,204.59,94.88,2.156,False,,True,R-desk,12,evt_S-61_upper_body_0016,ecb2b433368518e0,lap_bag_context,no_pose_observation,34560.0,1.33,,1,cam12/e1/v1,
full,03.CCTV Mobile Usage.mkv,632de9ed55947761d56d4c6142a3cb1a1fe69d0b1a6d0e01a2e404c697962623,dfine_sahi,56500.0,mouse,0.3925,967.1,398.41,992.0,410.47,300.2,24.9,12.06,2.065,False,,True,R-desk,12,evt_S-61_upper_body_0016,ecb2b433368518e0,lap_bag_context,no_pose_observation,34560.0,1.33,,1,cam12/e1/v1,
full,03.CCTV Mobile Usage.mkv,632de9ed55947761d56d4c6142a3cb1a1fe69d0b1a6d0e01a2e404c697962623,dfine_sahi,56500.0,keyboard,0.3714,910.08,411.37,1092.4,506.14,17278.3,182.32,94.77,1.924,False,,True,R-desk,12,evt_S-61_upper_body_0016,ecb2b433368518e0,lap_bag_context,no_pose_observation,34560.0,1.33,,1,cam12/e1/v1,
full,03.CCTV Mobile Usage.mkv,632de9ed55947761d56d4c6142a3cb1a1fe69d0b1a6d0e01a2e404c697962623,dfine_sahi,56500.0,keyboard,0.3061,881.95,380.23,964.44,452.79,5985.6,82.49,72.56,1.137,False,,True,R-desk,12,evt_S-61_upper_body_0016,ecb2b433368518e0,lap_bag_context,no_pose_observation,34560.0,1.33,,1,cam12/e1/v1,
full,03.CCTV Mobile Usage.mkv,632de9ed55947761d56d4c6142a3cb1a1fe69d0b1a6d0e01a2e404c697962623,dfine_sahi,56500.0,mouse,0.2978,991.04,399.33,1027.0,413.47,508.6,35.96,14.14,2.542,False,,True,R-desk,12,evt_S-61_upper_body_0016,ecb2b433368518e0,lap_bag_context,no_pose_observation,34560.0,1.33,,1,cam12/e1/v1,
full,03.CCTV Mobile Usage.mkv,632de9ed55947761d56d4c6142a3cb1a1fe69d0b1a6d0e01a2e404c697962623,dfine_sahi,56500.0,unknown_object,0.2937,880.73,411.41,969.89,505.59,8397.0,89.16,94.18,0.947,False,,True,R-desk,12,evt_S-61_upper_body_0016,ecb2b433368518e0,lap_bag_context,no_pose_observation,34560.0,1.33,,1,cam12/e1/v1,
full,03.CCTV Mobile Usage.mkv,632de9ed55947761d56d4c6142a3cb1a1fe69d0b1a6d0e01a2e404c697962623,dfine_sahi,56500.0,monitor_or_bezel,0.2816,881.27,396.16,948.59,452.72,3807.8,67.32,56.56,1.19,False,,True,R-desk,12,evt_S-61_upper_body_0016,ecb2b433368518e0,lap_bag_context,no_pose_observation,34560.0,1.33,,1,cam12/e1/v1,
full,03.CCTV Mobile Usage.mkv,632de9ed55947761d56d4c6142a3cb1a1fe69d0b1a6d0e01a2e404c697962623,dfine_sahi,56500.0,keyboard,0.2811,964.76,388.39,1110.99,474.77,12632.4,146.23,86.39,1.693,False,,True,R-desk,12,evt_S-61_upper_body_0016,ecb2b433368518e0,lap_bag_context,no_pose_observation,34560.0,1.33,,1,cam12/e1/v1,
full,03.CCTV Mobile Usage.mkv,632de9ed55947761d56d4c6142a3cb1a1fe69d0b1a6d0e01a2e404c697962623,dfine_sahi,56500.0,phone,0.2607,1051.27,411.29,1139.47,446.98,3148.3,88.2,35.7,2.471,False,,True,R-desk,12,evt_S-61_upper_body_0016,ecb2b433368518e0,lap_bag_context,no_pose_observation,34560.0,1.33,,1,cam12/e1/v1,
full,03.CCTV Mobile Usage.mkv,632de9ed55947761d56d4c6142a3cb1a1fe69d0b1a6d0e01a2e404c697962623,dfine_sahi,56500.0,monitor_or_bezel,0.253,797.42,396.05,948.55,452.52,8534.7,151.13,56.47,2.676,False,,True,R-desk,12,evt_S-61_upper_body_0016,ecb2b433368518e0,lap_bag_context,no_pose_observation,34560.0,1.33,,1,cam12/e1/v1,
full,03.CCTV Mobile Usage.mkv,632de9ed55947761d56d4c6142a3cb1a1fe69d0b1a6d0e01a2e404c697962623,dfine_sahi,56500.0,keyboard,0.9217,962.33,451.93,1068.07,491.46,4180.4,105.74,39.53,2.675,False,,True,R-desk,11,evt_S-61_upper_body_0016,ecb2b433368518e0,lap_bag_context,no_pose_observation,34560.0,1.33,,1,cam12/e1/v1,
full,03.CCTV Mobile Usage.mkv,632de9ed55947761d56d4c6142a3cb1a1fe69d0b1a6d0e01a2e404c697962623,dfine_sahi,56500.0,mouse,0.7598,864.98,413.41,891.5,435.05,573.8,26.52,21.64,1.226,False,,True,R-desk,11,evt_S-61_upper_body_0016,ecb2b433368518e0,lap_bag_context,no_pose_observation,34560.0,1.33,,1,cam12/e1/v1,
full,03.CCTV Mobile Usage.mkv,632de9ed55947761d56d4c6142a3cb1a1fe69d0b1a6d0e01a2e404c697962623,dfine_sahi,56500.0,monitor_or_bezel,0.7575,910.01,411.19,1141.07,506.35,21987.1,231.05,95.16,2.428,False,,True,R-desk,11,evt_S-61_upper_body_0016,ecb2b433368518e0,lap_bag_context,no_pose_observation,34560.0,1.33,,1,cam12/e1/v1,
full,03.CCTV Mobile Usage.mkv,632de9ed55947761d56d4c6142a3cb1a1fe69d0b1a6d0e01a2e404c697962623,dfine_sahi,56500.0,phone,0.7293,1043.42,421.8,1111.93,473.85,3566.2,68.51,52.05,1.316,False,,True,R-desk,11,evt_S-61_upper_body_0016,ecb2b433368518e0,lap_bag_context,no_pose_observation,34560.0,1.33,,1,cam12/e1/v1,
full,03.CCTV Mobile Usage.mkv,632de9ed55947761d56d4c6142a3cb1a1fe69d0b1a6d0e01a2e404c697962623,dfine_sahi,56500.0,monitor_or_bezel,0.7164,708.64,379.92,969.68,474.76,24758.9,261.05,94.84,2.752,False,,True,R-desk,11,evt_S-61_upper_body_0016,ecb2b433368518e0,lap_bag_context,no_pose_observation,34560.0,1.33,,1,cam12/e1/v1,
full,03.CCTV Mobile Usage.mkv,632de9ed55947761d56d4c6142a3cb1a1fe69d0b1a6d0e01a2e404c697962623,dfine_sahi,56500.0,keyboard,0.716,772.24,380.16,870.66,420.34,3954.7,98.42,40.18,2.449,False,,True,R-desk,11,evt_S-61_upper_body_0016,ecb2b433368518e0,lap_bag_context,no_pose_observation,34560.0,1.33,,1,cam12/e1/v1,
full,03.CCTV Mobile Usage.mkv,632de9ed55947761d56d4c6142a3cb1a1fe69d0b1a6d0e01a2e404c697962623,dfine_sahi,56500.0,unknown_object,0.7128,699.85,396.13,844.59,492.17,13901.1,144.74,96.04,1.507,False,,True,R-desk,11,evt_S-61_upper_body_0016,ecb2b433368518e0,lap_bag_context,no_pose_observation,34560.0,1.33,,1,cam12/e1/v1,
full,03.CCTV Mobile Usage.mkv,632de9ed55947761d56d4c6142a3cb1a1fe69d0b1a6d0e01a2e404c697962623,dfine_sahi,56500.0,monitor_or_bezel,0.6962,1018.8,395.66,1146.01,448.02,6661.1,127.21,52.36,2.43,False,,True,R-desk,11,evt_S-61_upper_body_0016,ecb2b433368518e0,lap_bag_context,no_pose_observation,34560.0,1.33,,1,cam12/e1/v1,
full,03.CCTV Mobile Usage.mkv,632de9ed55947761d56d4c6142a3cb1a1fe69d0b1a6d0e01a2e404c697962623,dfine_sahi,56500.0,keyboard,0.5853,963.09,452.39,1034.73,475.59,1662.1,71.64,23.2,3.088,False,,True,R-desk,11,evt_S-61_upper_body_0016,ecb2b433368518e0,lap_bag_context,no_pose_observation,34560.0,1.33,,1,cam12/e1/v1,
full,03.CCTV Mobile Usage.mkv,632de9ed55947761d56d4c6142a3cb1a1fe69d0b1a6d0e01a2e404c697962623,dfine_sahi,56500.0,keyboard,0.5358,802.59,396.29,870.71,420.51,1650.1,68.11,24.23,2.812,False,,True,R-desk,11,evt_S-61_upper_body_0016,ecb2b433368518e0,lap_bag_context,no_pose_observation,34560.0,1.33,,1,cam12/e1/v1,
full,03.CCTV Mobile Usage.mkv,632de9ed55947761d56d4c6142a3cb1a1fe69d0b1a6d0e01a2e404c697962623,dfine_sahi,56500.0,unknown_object,0.5324,699.99,380.45,762.82,475.03,5941.6,62.82,94.58,0.664,False,,True,R-desk,11,evt_S-61_upper_body_0016,ecb2b433368518e0,lap_bag_context,no_pose_observation,34560.0,1.33,,1,cam12/e1/v1,
full,03.CCTV Mobile Usage.mkv,632de9ed55947761d56d4c6142a3cb1a1fe69d0b1a6d0e01a2e404c697962623,dfine_sahi,56500.0,monitor_or_bezel,0.5043,962.13,380.52,1153.16,474.92,18032.7,191.03,94.4,2.024,False,,True,R-desk,11,evt_S-61_upper_body_0016,ecb2b433368518e0,lap_bag_context,no_pose_observation,34560.0,1.33,,1,cam12/e1/v1,
full,03.CCTV Mobile Usage.mkv,632de9ed55947761d56d4c6142a3cb1a1fe69d0b1a6d0e01a2e404c697962623,dfine_sahi,56500.0,unknown_object,0.4031,765.27,411.0,969.85,505.88,19410.6,204.59,94.88,2.156,False,,True,R-desk,11,evt_S-61_upper_body_0016,ecb2b433368518e0,lap_bag_context,no_pose_observation,34560.0,1.33,,1,cam12/e1/v1,
full,03.CCTV Mobile Usage.mkv,632de9ed55947761d56d4c6142a3cb1a1fe69d0b1a6d0e01a2e404c697962623,dfine_sahi,56500.0,mouse,0.3925,967.1,398.41,992.0,410.47,300.2,24.9,12.06,2.065,False,,True,R-desk,11,evt_S-61_upper_body_0016,ecb2b433368518e0,lap_bag_context,no_pose_observation,34560.0,1.33,,1,cam12/e1/v1,
full,03.CCTV Mobile Usage.mkv,632de9ed55947761d56d4c6142a3cb1a1fe69d0b1a6d0e01a2e404c697962623,dfine_sahi,56500.0,keyboard,0.3714,910.08,411.37,1092.4,506.14,17278.3,182.32,94.77,1.924,False,,True,R-desk,11,evt_S-61_upper_body_0016,ecb2b433368518e0,lap_bag_context,no_pose_observation,34560.0,1.33,,1,cam12/e1/v1,
full,03.CCTV Mobile Usage.mkv,632de9ed55947761d56d4c6142a3cb1a1fe69d0b1a6d0e01a2e404c697962623,dfine_sahi,56500.0,keyboard,0.3061,881.95,380.23,964.44,452.79,5985.6,82.49,72.56,1.137,False,,True,R-desk,11,evt_S-61_upper_body_0016,ecb2b433368518e0,lap_bag_context,no_pose_observation,34560.0,1.33,,1,cam12/e1/v1,
full,03.CCTV Mobile Usage.mkv,632de9ed55947761d56d4c6142a3cb1a1fe69d0b1a6d0e01a2e404c697962623,dfine_sahi,56500.0,mouse,0.2978,991.04,399.33,1027.0,413.47,508.6,35.96,14.14,2.542,False,,True,R-desk,11,evt_S-61_upper_body_0016,ecb2b433368518e0,lap_bag_context,no_pose_observation,34560.0,1.33,,1,cam12/e1/v1,
full,03.CCTV Mobile Usage.mkv,632de9ed55947761d56d4c6142a3cb1a1fe69d0b1a6d0e01a2e404c697962623,dfine_sahi,56500.0,unknown_object,0.2937,880.73,411.41,969.89,505.59,8397.0,89.16,94.18,0.947,False,,True,R-desk,11,evt_S-61_upper_body_0016,ecb2b433368518e0,lap_bag_context,no_pose_observation,34560.0,1.33,,1,cam12/e1/v1,
full,03.CCTV Mobile Usage.mkv,632de9ed55947761d56d4c6142a3cb1a1fe69d0b1a6d0e01a2e404c697962623,dfine_sahi,56500.0,monitor_or_bezel,0.2816,881.27,396.16,948.59,452.72,3807.8,67.32,56.56,1.19,False,,True,R-desk,11,evt_S-61_upper_body_0016,ecb2b433368518e0,lap_bag_context,no_pose_observation,34560.0,1.33,,1,cam12/e1/v1,
full,03.CCTV Mobile Usage.mkv,632de9ed55947761d56d4c6142a3cb1a1fe69d0b1a6d0e01a2e404c697962623,dfine_sahi,56500.0,keyboard,0.2811,964.76,388.39,1110.99,474.77,12632.4,146.23,86.39,1.693,False,,True,R-desk,11,evt_S-61_upper_body_0016,ecb2b433368518e0,lap_bag_context,no_pose_observation,34560.0,1.33,,1,cam12/e1/v1,
full,03.CCTV Mobile Usage.mkv,632de9ed55947761d56d4c6142a3cb1a1fe69d0b1a6d0e01a2e404c697962623,dfine_sahi,56500.0,phone,0.2607,1051.27,411.29,1139.47,446.98,3148.3,88.2,35.7,2.471,False,,True,R-desk,11,evt_S-61_upper_body_0016,ecb2b433368518e0,lap_bag_context,no_pose_observation,34560.0,1.33,,1,cam12/e1/v1,
full,03.CCTV Mobile Usage.mkv,632de9ed55947761d56d4c6142a3cb1a1fe69d0b1a6d0e01a2e404c697962623,dfine_sahi,56500.0,monitor_or_bezel,0.253,797.42,396.05,948.55,452.52,8534.7,151.13,56.47,2.676,False,,True,R-desk,11,evt_S-61_upper_body_0016,ecb2b433368518e0,lap_bag_context,no_pose_observation,34560.0,1.33,,1,cam12/e1/v1,
full,03.CCTV Mobile Usage.mkv,632de9ed55947761d56d4c6142a3cb1a1fe69d0b1a6d0e01a2e404c697962623,dfine_sahi,57000.0,keyboard,0.9222,962.33,451.93,1068.07,491.46,4180.3,105.74,39.53,2.675,False,,True,R-desk,11,evt_S-61_upper_body_0016,6253ad02b6ce0f8e,lap_bag_context,wrist_confidence_below_floor,34560.0,1.33,,1,cam12/e1/v1,rtmpose_baseline
full,03.CCTV Mobile Usage.mkv,632de9ed55947761d56d4c6142a3cb1a1fe69d0b1a6d0e01a2e404c697962623,dfine_sahi,57000.0,mouse,0.7598,864.98,413.41,891.5,435.05,573.8,26.52,21.64,1.226,False,,True,R-desk,11,evt_S-61_upper_body_0016,6253ad02b6ce0f8e,lap_bag_context,wrist_confidence_below_floor,34560.0,1.33,,1,cam12/e1/v1,rtmpose_baseline
full,03.CCTV Mobile Usage.mkv,632de9ed55947761d56d4c6142a3cb1a1fe69d0b1a6d0e01a2e404c697962623,dfine_sahi,57000.0,monitor_or_bezel,0.7551,910.02,411.19,1141.05,506.35,21984.8,231.03,95.16,2.428,False,,True,R-desk,11,evt_S-61_upper_body_0016,6253ad02b6ce0f8e,lap_bag_context,wrist_confidence_below_floor,34560.0,1.33,,1,cam12/e1/v1,rtmpose_baseline
full,03.CCTV Mobile Usage.mkv,632de9ed55947761d56d4c6142a3cb1a1fe69d0b1a6d0e01a2e404c697962623,dfine_sahi,57000.0,phone,0.7312,1043.41,421.8,1111.94,473.85,3566.4,68.53,52.04,1.317,False,,True,R-desk,11,evt_S-61_upper_body_0016,6253ad02b6ce0f8e,lap_bag_context,wrist_confidence_below_floor,34560.0,1.33,,1,cam12/e1/v1,rtmpose_baseline
full,03.CCTV Mobile Usage.mkv,632de9ed55947761d56d4c6142a3cb1a1fe69d0b1a6d0e01a2e404c697962623,dfine_sahi,57000.0,monitor_or_bezel,0.7164,708.64,379.92,969.68,474.76,24758.9,261.05,94.84,2.752,False,,True,R-desk,11,evt_S-61_upper_body_0016,6253ad02b6ce0f8e,lap_bag_context,wrist_confidence_below_floor,34560.0,1.33,,1,cam12/e1/v1,rtmpose_baseline
full,03.CCTV Mobile Usage.mkv,632de9ed55947761d56d4c6142a3cb1a1fe69d0b1a6d0e01a2e404c697962623,dfine_sahi,57000.0,keyboard,0.716,772.24,380.16,870.66,420.34,3954.7,98.42,40.18,2.449,False,,True,R-desk,11,evt_S-61_upper_body_0016,6253ad02b6ce0f8e,lap_bag_context,wrist_confidence_below_floor,34560.0,1.33,,1,cam12/e1/v1,rtmpose_baseline
full,03.CCTV Mobile Usage.mkv,632de9ed55947761d56d4c6142a3cb1a1fe69d0b1a6d0e01a2e404c697962623,dfine_sahi,57000.0,unknown_object,0.7144,699.85,396.13,844.6,492.17,13902.8,144.75,96.05,1.507,False,,True,R-desk,11,evt_S-61_upper_body_0016,6253ad02b6ce0f8e,lap_bag_context,wrist_confidence_below_floor,34560.0,1.33,,1,cam12/e1/v1,rtmpose_baseline
full,03.CCTV Mobile Usage.mkv,632de9ed55947761d56d4c6142a3cb1a1fe69d0b1a6d0e01a2e404c697962623,dfine_sahi,57000.0,monitor_or_bezel,0.7035,1018.79,395.69,1145.99,448.0,6654.0,127.2,52.31,2.431,False,,True,R-desk,11,evt_S-61_upper_body_0016,6253ad02b6ce0f8e,lap_bag_context,wrist_confidence_below_floor,34560.0,1.33,,1,cam12/e1/v1,rtmpose_baseline
full,03.CCTV Mobile Usage.mkv,632de9ed55947761d56d4c6142a3cb1a1fe69d0b1a6d0e01a2e404c697962623,dfine_sahi,57000.0,keyboard,0.5761,963.08,452.39,1034.74,475.59,1662.6,71.66,23.2,3.088,False,,True,R-desk,11,evt_S-61_upper_body_0016,6253ad02b6ce0f8e,lap_bag_context,wrist_confidence_below_floor,34560.0,1.33,,1,cam12/e1/v1,rtmpose_baseline
full,03.CCTV Mobile Usage.mkv,632de9ed55947761d56d4c6142a3cb1a1fe69d0b1a6d0e01a2e404c697962623,dfine_sahi,57000.0,keyboard,0.5403,802.59,396.29,870.7,420.51,1650.0,68.11,24.22,2.812,False,,True,R-desk,11,evt_S-61_upper_body_0016,6253ad02b6ce0f8e,lap_bag_context,wrist_confidence_below_floor,34560.0,1.33,,1,cam12/e1/v1,rtmpose_baseline
full,03.CCTV Mobile Usage.mkv,632de9ed55947761d56d4c6142a3cb1a1fe69d0b1a6d0e01a2e404c697962623,dfine_sahi,57000.0,unknown_object,0.5324,699.99,380.45,762.82,475.03,5941.6,62.82,94.58,0.664,False,,True,R-desk,11,evt_S-61_upper_body_0016,6253ad02b6ce0f8e,lap_bag_context,wrist_confidence_below_floor,34560.0,1.33,,1,cam12/e1/v1,rtmpose_baseline
full,03.CCTV Mobile Usage.mkv,632de9ed55947761d56d4c6142a3cb1a1fe69d0b1a6d0e01a2e404c697962623,dfine_sahi,57000.0,monitor_or_bezel,0.515,962.03,380.52,1153.17,474.93,18044.8,191.14,94.41,2.025,False,,True,R-desk,11,evt_S-61_upper_body_0016,6253ad02b6ce0f8e,lap_bag_context,wrist_confidence_below_floor,34560.0,1.33,,1,cam12/e1/v1,rtmpose_baseline
full,03.CCTV Mobile Usage.mkv,632de9ed55947761d56d4c6142a3cb1a1fe69d0b1a6d0e01a2e404c697962623,dfine_sahi,57000.0,unknown_object,0.4031,765.27,411.0,969.85,505.88,19410.6,204.59,94.88,2.156,False,,True,R-desk,11,evt_S-61_upper_body_0016,6253ad02b6ce0f8e,lap_bag_context,wrist_confidence_below_floor,34560.0,1.33,,1,cam12/e1/v1,rtmpose_baseline
full,03.CCTV Mobile Usage.mkv,632de9ed55947761d56d4c6142a3cb1a1fe69d0b1a6d0e01a2e404c697962623,dfine_sahi,57000.0,mouse,0.3937,967.1,398.41,992.0,410.47,300.3,24.9,12.06,2.065,False,,True,R-desk,11,evt_S-61_upper_body_0016,6253ad02b6ce0f8e,lap_bag_context,wrist_confidence_below_floor,34560.0,1.33,,1,cam12/e1/v1,rtmpose_baseline
full,03.CCTV Mobile Usage.mkv,632de9ed55947761d56d4c6142a3cb1a1fe69d0b1a6d0e01a2e404c697962623,dfine_sahi,57000.0,keyboard,0.3712,910.08,411.37,1092.38,506.13,17275.8,182.3,94.77,1.924,False,,True,R-desk,11,evt_S-61_upper_body_0016,6253ad02b6ce0f8e,lap_bag_context,wrist_confidence_below_floor,34560.0,1.33,,1,cam12/e1/v1,rtmpose_baseline
full,03.CCTV Mobile Usage.mkv,632de9ed55947761d56d4c6142a3cb1a1fe69d0b1a6d0e01a2e404c697962623,dfine_sahi,57000.0,keyboard,0.3061,881.95,380.23,964.44,452.79,5985.6,82.49,72.56,1.137,False,,True,R-desk,11,evt_S-61_upper_body_0016,6253ad02b6ce0f8e,lap_bag_context,wrist_confidence_below_floor,34560.0,1.33,,1,cam12/e1/v1,rtmpose_baseline
full,03.CCTV Mobile Usage.mkv,632de9ed55947761d56d4c6142a3cb1a1fe69d0b1a6d0e01a2e404c697962623,dfine_sahi,57000.0,mouse,0.2969,991.04,399.33,1026.98,413.47,508.3,35.94,14.15,2.541,False,,True,R-desk,11,evt_S-61_upper_body_0016,6253ad02b6ce0f8e,lap_bag_context,wrist_confidence_below_floor,34560.0,1.33,,1,cam12/e1/v1,rtmpose_baseline
full,03.CCTV Mobile Usage.mkv,632de9ed55947761d56d4c6142a3cb1a1fe69d0b1a6d0e01a2e404c697962623,dfine_sahi,57000.0,unknown_object,0.2937,880.73,411.41,969.89,505.59,8397.0,89.16,94.18,0.947,False,,True,R-desk,11,evt_S-61_upper_body_0016,6253ad02b6ce0f8e,lap_bag_context,wrist_confidence_below_floor,34560.0,1.33,,1,cam12/e1/v1,rtmpose_baseline
full,03.CCTV Mobile Usage.mkv,632de9ed55947761d56d4c6142a3cb1a1fe69d0b1a6d0e01a2e404c697962623,dfine_sahi,57000.0,monitor_or_bezel,0.2818,881.27,396.16,948.59,452.72,3807.8,67.32,56.56,1.19,False,,True,R-desk,11,evt_S-61_upper_body_0016,6253ad02b6ce0f8e,lap_bag_context,wrist_confidence_below_floor,34560.0,1.33,,1,cam12/e1/v1,rtmpose_baseline
full,03.CCTV Mobile Usage.mkv,632de9ed55947761d56d4c6142a3cb1a1fe69d0b1a6d0e01a2e404c697962623,dfine_sahi,57000.0,keyboard,0.2733,964.84,388.28,1111.04,474.78,12646.3,146.2,86.5,1.69,False,,True,R-desk,11,evt_S-61_upper_body_0016,6253ad02b6ce0f8e,lap_bag_context,wrist_confidence_below_floor,34560.0,1.33,,1,cam12/e1/v1,rtmpose_baseline
full,03.CCTV Mobile Usage.mkv,632de9ed55947761d56d4c6142a3cb1a1fe69d0b1a6d0e01a2e404c697962623,dfine_sahi,57000.0,phone,0.2641,1051.29,411.28,1139.46,446.98,3146.9,88.17,35.69,2.47,False,,True,R-desk,11,evt_S-61_upper_body_0016,6253ad02b6ce0f8e,lap_bag_context,wrist_confidence_below_floor,34560.0,1.33,,1,cam12/e1/v1,rtmpose_baseline
full,03.CCTV Mobile Usage.mkv,632de9ed55947761d56d4c6142a3cb1a1fe69d0b1a6d0e01a2e404c697962623,dfine_sahi,57000.0,monitor_or_bezel,0.2551,797.49,396.05,948.54,452.51,8527.7,151.04,56.46,2.675,False,,True,R-desk,11,evt_S-61_upper_body_0016,6253ad02b6ce0f8e,lap_bag_context,wrist_confidence_below_floor,34560.0,1.33,,1,cam12/e1/v1,rtmpose_baseline
full,03.CCTV Mobile Usage.mkv,632de9ed55947761d56d4c6142a3cb1a1fe69d0b1a6d0e01a2e404c697962623,dfine_sahi,57000.0,keyboard,0.9222,962.33,451.93,1068.07,491.46,4180.3,105.74,39.53,2.675,False,,True,R-desk,12,evt_S-61_upper_body_0016,6253ad02b6ce0f8e,lap_bag_context,wrist_confidence_below_floor,34560.0,1.33,,1,cam12/e1/v1,rtmpose_baseline
full,03.CCTV Mobile Usage.mkv,632de9ed55947761d56d4c6142a3cb1a1fe69d0b1a6d0e01a2e404c697962623,dfine_sahi,57000.0,mouse,0.7598,864.98,413.41,891.5,435.05,573.8,26.52,21.64,1.226,False,,True,R-desk,12,evt_S-61_upper_body_0016,6253ad02b6ce0f8e,lap_bag_context,wrist_confidence_below_floor,34560.0,1.33,,1,cam12/e1/v1,rtmpose_baseline
full,03.CCTV Mobile Usage.mkv,632de9ed55947761d56d4c6142a3cb1a1fe69d0b1a6d0e01a2e404c697962623,dfine_sahi,57000.0,monitor_or_bezel,0.7551,910.02,411.19,1141.05,506.35,21984.8,231.03,95.16,2.428,False,,True,R-desk,12,evt_S-61_upper_body_0016,6253ad02b6ce0f8e,lap_bag_context,wrist_confidence_below_floor,34560.0,1.33,,1,cam12/e1/v1,rtmpose_baseline
full,03.CCTV Mobile Usage.mkv,632de9ed55947761d56d4c6142a3cb1a1fe69d0b1a6d0e01a2e404c697962623,dfine_sahi,57000.0,phone,0.7312,1043.41,421.8,1111.94,473.85,3566.4,68.53,52.04,1.317,False,,True,R-desk,12,evt_S-61_upper_body_0016,6253ad02b6ce0f8e,lap_bag_context,wrist_confidence_below_floor,34560.0,1.33,,1,cam12/e1/v1,rtmpose_baseline
full,03.CCTV Mobile Usage.mkv,632de9ed55947761d56d4c6142a3cb1a1fe69d0b1a6d0e01a2e404c697962623,dfine_sahi,57000.0,monitor_or_bezel,0.7164,708.64,379.92,969.68,474.76,24758.9,261.05,94.84,2.752,False,,True,R-desk,12,evt_S-61_upper_body_0016,6253ad02b6ce0f8e,lap_bag_context,wrist_confidence_below_floor,34560.0,1.33,,1,cam12/e1/v1,rtmpose_baseline
full,03.CCTV Mobile Usage.mkv,632de9ed55947761d56d4c6142a3cb1a1fe69d0b1a6d0e01a2e404c697962623,dfine_sahi,57000.0,keyboard,0.716,772.24,380.16,870.66,420.34,3954.7,98.42,40.18,2.449,False,,True,R-desk,12,evt_S-61_upper_body_0016,6253ad02b6ce0f8e,lap_bag_context,wrist_confidence_below_floor,34560.0,1.33,,1,cam12/e1/v1,rtmpose_baseline
full,03.CCTV Mobile Usage.mkv,632de9ed55947761d56d4c6142a3cb1a1fe69d0b1a6d0e01a2e404c697962623,dfine_sahi,57000.0,unknown_object,0.7144,699.85,396.13,844.6,492.17,13902.8,144.75,96.05,1.507,False,,True,R-desk,12,evt_S-61_upper_body_0016,6253ad02b6ce0f8e,lap_bag_context,wrist_confidence_below_floor,34560.0,1.33,,1,cam12/e1/v1,rtmpose_baseline
full,03.CCTV Mobile Usage.mkv,632de9ed55947761d56d4c6142a3cb1a1fe69d0b1a6d0e01a2e404c697962623,dfine_sahi,57000.0,monitor_or_bezel,0.7035,1018.79,395.69,1145.99,448.0,6654.0,127.2,52.31,2.431,False,,True,R-desk,12,evt_S-61_upper_body_0016,6253ad02b6ce0f8e,lap_bag_context,wrist_confidence_below_floor,34560.0,1.33,,1,cam12/e1/v1,rtmpose_baseline
full,03.CCTV Mobile Usage.mkv,632de9ed55947761d56d4c6142a3cb1a1fe69d0b1a6d0e01a2e404c697962623,dfine_sahi,57000.0,keyboard,0.5761,963.08,452.39,1034.74,475.59,1662.6,71.66,23.2,3.088,False,,True,R-desk,12,evt_S-61_upper_body_0016,6253ad02b6ce0f8e,lap_bag_context,wrist_confidence_below_floor,34560.0,1.33,,1,cam12/e1/v1,rtmpose_baseline
full,03.CCTV Mobile Usage.mkv,632de9ed55947761d56d4c6142a3cb1a1fe69d0b1a6d0e01a2e404c697962623,dfine_sahi,57000.0,keyboard,0.5403,802.59,396.29,870.7,420.51,1650.0,68.11,24.22,2.812,False,,True,R-desk,12,evt_S-61_upper_body_0016,6253ad02b6ce0f8e,lap_bag_context,wrist_confidence_below_floor,34560.0,1.33,,1,cam12/e1/v1,rtmpose_baseline
full,03.CCTV Mobile Usage.mkv,632de9ed55947761d56d4c6142a3cb1a1fe69d0b1a6d0e01a2e404c697962623,dfine_sahi,57000.0,unknown_object,0.5324,699.99,380.45,762.82,475.03,5941.6,62.82,94.58,0.664,False,,True,R-desk,12,evt_S-61_upper_body_0016,6253ad02b6ce0f8e,lap_bag_context,wrist_confidence_below_floor,34560.0,1.33,,1,cam12/e1/v1,rtmpose_baseline
full,03.CCTV Mobile Usage.mkv,632de9ed55947761d56d4c6142a3cb1a1fe69d0b1a6d0e01a2e404c697962623,dfine_sahi,57000.0,monitor_or_bezel,0.515,962.03,380.52,1153.17,474.93,18044.8,191.14,94.41,2.025,False,,True,R-desk,12,evt_S-61_upper_body_0016,6253ad02b6ce0f8e,lap_bag_context,wrist_confidence_below_floor,34560.0,1.33,,1,cam12/e1/v1,rtmpose_baseline
full,03.CCTV Mobile Usage.mkv,632de9ed55947761d56d4c6142a3cb1a1fe69d0b1a6d0e01a2e404c697962623,dfine_sahi,57000.0,unknown_object,0.4031,765.27,411.0,969.85,505.88,19410.6,204.59,94.88,2.156,False,,True,R-desk,12,evt_S-61_upper_body_0016,6253ad02b6ce0f8e,lap_bag_context,wrist_confidence_below_floor,34560.0,1.33,,1,cam12/e1/v1,rtmpose_baseline
full,03.CCTV Mobile Usage.mkv,632de9ed55947761d56d4c6142a3cb1a1fe69d0b1a6d0e01a2e404c697962623,dfine_sahi,57000.0,mouse,0.3937,967.1,398.41,992.0,410.47,300.3,24.9,12.06,2.065,False,,True,R-desk,12,evt_S-61_upper_body_0016,6253ad02b6ce0f8e,lap_bag_context,wrist_confidence_below_floor,34560.0,1.33,,1,cam12/e1/v1,rtmpose_baseline
full,03.CCTV Mobile Usage.mkv,632de9ed55947761d56d4c6142a3cb1a1fe69d0b1a6d0e01a2e404c697962623,dfine_sahi,57000.0,keyboard,0.3712,910.08,411.37,1092.38,506.13,17275.8,182.3,94.77,1.924,False,,True,R-desk,12,evt_S-61_upper_body_0016,6253ad02b6ce0f8e,lap_bag_context,wrist_confidence_below_floor,34560.0,1.33,,1,cam12/e1/v1,rtmpose_baseline
full,03.CCTV Mobile Usage.mkv,632de9ed55947761d56d4c6142a3cb1a1fe69d0b1a6d0e01a2e404c697962623,dfine_sahi,57000.0,keyboard,0.3061,881.95,380.23,964.44,452.79,5985.6,82.49,72.56,1.137,False,,True,R-desk,12,evt_S-61_upper_body_0016,6253ad02b6ce0f8e,lap_bag_context,wrist_confidence_below_floor,34560.0,1.33,,1,cam12/e1/v1,rtmpose_baseline
full,03.CCTV Mobile Usage.mkv,632de9ed55947761d56d4c6142a3cb1a1fe69d0b1a6d0e01a2e404c697962623,dfine_sahi,57000.0,mouse,0.2969,991.04,399.33,1026.98,413.47,508.3,35.94,14.15,2.541,False,,True,R-desk,12,evt_S-61_upper_body_0016,6253ad02b6ce0f8e,lap_bag_context,wrist_confidence_below_floor,34560.0,1.33,,1,cam12/e1/v1,rtmpose_baseline
full,03.CCTV Mobile Usage.mkv,632de9ed55947761d56d4c6142a3cb1a1fe69d0b1a6d0e01a2e404c697962623,dfine_sahi,57000.0,unknown_object,0.2937,880.73,411.41,969.89,505.59,8397.0,89.16,94.18,0.947,False,,True,R-desk,12,evt_S-61_upper_body_0016,6253ad02b6ce0f8e,lap_bag_context,wrist_confidence_below_floor,34560.0,1.33,,1,cam12/e1/v1,rtmpose_baseline
full,03.CCTV Mobile Usage.mkv,632de9ed55947761d56d4c6142a3cb1a1fe69d0b1a6d0e01a2e404c697962623,dfine_sahi,57000.0,monitor_or_bezel,0.2818,881.27,396.16,948.59,452.72,3807.8,67.32,56.56,1.19,False,,True,R-desk,12,evt_S-61_upper_body_0016,6253ad02b6ce0f8e,lap_bag_context,wrist_confidence_below_floor,34560.0,1.33,,1,cam12/e1/v1,rtmpose_baseline
full,03.CCTV Mobile Usage.mkv,632de9ed55947761d56d4c6142a3cb1a1fe69d0b1a6d0e01a2e404c697962623,dfine_sahi,57000.0,keyboard,0.2733,964.84,388.28,1111.04,474.78,12646.3,146.2,86.5,1.69,False,,True,R-desk,12,evt_S-61_upper_body_0016,6253ad02b6ce0f8e,lap_bag_context,wrist_confidence_below_floor,34560.0,1.33,,1,cam12/e1/v1,rtmpose_baseline
full,03.CCTV Mobile Usage.mkv,632de9ed55947761d56d4c6142a3cb1a1fe69d0b1a6d0e01a2e404c697962623,dfine_sahi,57000.0,phone,0.2641,1051.29,411.28,1139.46,446.98,3146.9,88.17,35.69,2.47,False,,True,R-desk,12,evt_S-61_upper_body_0016,6253ad02b6ce0f8e,lap_bag_context,wrist_confidence_below_floor,34560.0,1.33,,1,cam12/e1/v1,rtmpose_baseline
full,03.CCTV Mobile Usage.mkv,632de9ed55947761d56d4c6142a3cb1a1fe69d0b1a6d0e01a2e404c697962623,dfine_sahi,57000.0,monitor_or_bezel,0.2551,797.49,396.05,948.54,452.51,8527.7,151.04,56.46,2.675,False,,True,R-desk,12,evt_S-61_upper_body_0016,6253ad02b6ce0f8e,lap_bag_context,wrist_confidence_below_floor,34560.0,1.33,,1,cam12/e1/v1,rtmpose_baseline
full,03.CCTV Mobile Usage.mkv,632de9ed55947761d56d4c6142a3cb1a1fe69d0b1a6d0e01a2e404c697962623,dfine_sahi,57000.0,unknown_object,0.4384,0.06,261.67,214.07,490.22,48912.3,214.01,228.55,0.936,False,,True,S-61,10,evt_S-61_upper_body_0016,e3e56556e5cfa44b,pose_hand_context,,50509.5,2.78,,1,cam12/e1/v1,rtmpose_baseline
full,03.CCTV Mobile Usage.mkv,632de9ed55947761d56d4c6142a3cb1a1fe69d0b1a6d0e01a2e404c697962623,dfine_sahi,57000.0,unknown_object,0.4317,114.72,266.32,174.27,368.86,6106.8,59.55,102.54,0.581,False,,True,S-61,10,evt_S-61_upper_body_0016,e3e56556e5cfa44b,pose_hand_context,,50509.5,2.78,,1,cam12/e1/v1,rtmpose_baseline
full,03.CCTV Mobile Usage.mkv,632de9ed55947761d56d4c6142a3cb1a1fe69d0b1a6d0e01a2e404c697962623,dfine_sahi,57000.0,keyboard,0.4185,52.24,325.44,108.29,361.6,2026.4,56.05,36.15,1.55,False,,True,S-61,10,evt_S-61_upper_body_0016,e3e56556e5cfa44b,pose_hand_context,,50509.5,2.78,,1,cam12/e1/v1,rtmpose_baseline
full,03.CCTV Mobile Usage.mkv,632de9ed55947761d56d4c6142a3cb1a1fe69d0b1a6d0e01a2e404c697962623,dfine_sahi,57000.0,keyboard,0.4113,15.52,297.64,108.04,361.98,5952.5,92.52,64.34,1.438,False,,True,S-61,10,evt_S-61_upper_body_0016,e3e56556e5cfa44b,pose_hand_context,,50509.5,2.78,,1,cam12/e1/v1,rtmpose_baseline
full,03.CCTV Mobile Usage.mkv,632de9ed55947761d56d4c6142a3cb1a1fe69d0b1a6d0e01a2e404c697962623,dfine_sahi,57000.0,stationery,0.3684,24.49,345.58,69.85,385.78,1823.5,45.36,40.2,1.128,False,,True,S-61,10,evt_S-61_upper_body_0016,e3e56556e5cfa44b,pose_hand_context,,50509.5,2.78,,1,cam12/e1/v1,rtmpose_baseline
full,03.CCTV Mobile Usage.mkv,632de9ed55947761d56d4c6142a3cb1a1fe69d0b1a6d0e01a2e404c697962623,dfine_sahi,57000.0,unknown_object,0.3572,95.4,261.8,219.23,390.39,15922.6,123.83,128.58,0.963,False,,True,S-61,10,evt_S-61_upper_body_0016,e3e56556e5cfa44b,pose_hand_context,,50509.5,2.78,,1,cam12/e1/v1,rtmpose_baseline
full,03.CCTV Mobile Usage.mkv,632de9ed55947761d56d4c6142a3cb1a1fe69d0b1a6d0e01a2e404c697962623,dfine_sahi,57000.0,unknown_object,0.3358,-0.1,286.13,123.06,390.4,12842.0,123.16,104.27,1.181,False,,True,S-61,10,evt_S-61_upper_body_0016,e3e56556e5cfa44b,pose_hand_context,,50509.5,2.78,,1,cam12/e1/v1,rtmpose_baseline
full,03.CCTV Mobile Usage.mkv,632de9ed55947761d56d4c6142a3cb1a1fe69d0b1a6d0e01a2e404c697962623,dfine_sahi,57000.0,unknown_object,0.3279,96.09,362.77,201.95,490.07,13476.5,105.86,127.3,0.832,False,,True,S-61,10,evt_S-61_upper_body_0016,e3e56556e5cfa44b,pose_hand_context,,50509.5,2.78,,1,cam12/e1/v1,rtmpose_baseline
full,03.CCTV Mobile Usage.mkv,632de9ed55947761d56d4c6142a3cb1a1fe69d0b1a6d0e01a2e404c697962623,dfine_sahi,57000.0,stationery,0.3205,43.28,445.49,72.76,473.41,823.0,29.48,27.92,1.056,False,,True,S-61,10,evt_S-61_upper_body_0016,e3e56556e5cfa44b,pose_hand_context,,50509.5,2.78,,1,cam12/e1/v1,rtmpose_baseline
full,03.CCTV Mobile Usage.mkv,632de9ed55947761d56d4c6142a3cb1a1fe69d0b1a6d0e01a2e404c697962623,dfine_sahi,57000.0,unknown_object,0.315,95.84,334.05,217.56,390.4,6859.3,121.73,56.35,2.16,False,,True,S-61,10,evt_S-61_upper_body_0016,e3e56556e5cfa44b,pose_hand_context,,50509.5,2.78,,1,cam12/e1/v1,rtmpose_baseline
full,03.CCTV Mobile Usage.mkv,632de9ed55947761d56d4c6142a3cb1a1fe69d0b1a6d0e01a2e404c697962623,dfine_sahi,57000.0,unknown_object,0.3039,199.6,279.29,219.34,328.06,962.6,19.74,48.78,0.405,False,,True,S-61,10,evt_S-61_upper_body_0016,e3e56556e5cfa44b,pose_hand_context,,50509.5,2.78,,1,cam12/e1/v1,rtmpose_baseline
full,03.CCTV Mobile Usage.mkv,632de9ed55947761d56d4c6142a3cb1a1fe69d0b1a6d0e01a2e404c697962623,dfine_sahi,57000.0,unknown_object,0.2849,61.03,362.27,123.06,478.66,7219.3,62.02,116.39,0.533,False,,True,S-61,10,evt_S-61_upper_body_0016,e3e56556e5cfa44b,pose_hand_context,,50509.5,2.78,,1,cam12/e1/v1,rtmpose_baseline
full,03.CCTV Mobile Usage.mkv,632de9ed55947761d56d4c6142a3cb1a1fe69d0b1a6d0e01a2e404c697962623,dfine_sahi,57500.0,unknown_object,0.6519,0.18,254.29,45.42,304.22,2258.8,45.24,49.93,0.906,False,,True,S-61,10,evt_S-61_upper_body_0016,9b7c89e0f28e9540,pose_hand_context,,49554.2,2.71,,1,cam12/e1/v1,rtmpose_baseline
full,03.CCTV Mobile Usage.mkv,632de9ed55947761d56d4c6142a3cb1a1fe69d0b1a6d0e01a2e404c697962623,dfine_sahi,57500.0,unknown_object,0.4662,0.11,279.83,199.16,485.27,40893.9,199.06,205.44,0.969,False,,True,S-61,10,evt_S-61_upper_body_0016,9b7c89e0f28e9540,pose_hand_context,,49554.2,2.71,,1,cam12/e1/v1,rtmpose_baseline
full,03.CCTV Mobile Usage.mkv,632de9ed55947761d56d4c6142a3cb1a1fe69d0b1a6d0e01a2e404c697962623,dfine_sahi,57500.0,unknown_object,0.4651,-0.08,284.65,64.44,382.57,6317.9,64.52,97.92,0.659,False,,True,S-61,10,evt_S-61_upper_body_0016,9b7c89e0f28e9540,pose_hand_context,,49554.2,2.71,,1,cam12/e1/v1,rtmpose_baseline
full,03.CCTV Mobile Usage.mkv,632de9ed55947761d56d4c6142a3cb1a1fe69d0b1a6d0e01a2e404c697962623,dfine_sahi,57500.0,unknown_object,0.4225,90.94,337.1,209.04,382.65,5380.4,118.1,45.56,2.592,False,,True,S-61,10,evt_S-61_upper_body_0016,9b7c89e0f28e9540,pose_hand_context,,49554.2,2.71,,1,cam12/e1/v1,rtmpose_baseline
full,03.CCTV Mobile Usage.mkv,632de9ed55947761d56d4c6142a3cb1a1fe69d0b1a6d0e01a2e404c697962623,dfine_sahi,57500.0,unknown_object,0.4139,90.72,250.55,209.25,382.48,15637.0,118.53,131.92,0.898,False,,True,S-61,10,evt_S-61_upper_body_0016,9b7c89e0f28e9540,pose_hand_context,,49554.2,2.71,,1,cam12/e1/v1,rtmpose_baseline
full,03.CCTV Mobile Usage.mkv,632de9ed55947761d56d4c6142a3cb1a1fe69d0b1a6d0e01a2e404c697962623,dfine_sahi,57500.0,unknown_object,0.3842,56.06,353.3,117.05,468.87,7047.8,60.99,115.56,0.528,False,,True,S-61,10,evt_S-61_upper_body_0016,9b7c89e0f28e9540,pose_hand_context,,49554.2,2.71,,1,cam12/e1/v1,rtmpose_baseline
full,03.CCTV Mobile Usage.mkv,632de9ed55947761d56d4c6142a3cb1a1fe69d0b1a6d0e01a2e404c697962623,dfine_sahi,57500.0,unknown_object,0.345,90.99,381.16,194.3,485.56,10785.8,103.31,104.4,0.99,False,,True,S-61,10,evt_S-61_upper_body_0016,9b7c89e0f28e9540,pose_hand_context,,49554.2,2.71,,1,cam12/e1/v1,rtmpose_baseline
full,03.CCTV Mobile Usage.mkv,632de9ed55947761d56d4c6142a3cb1a1fe69d0b1a6d0e01a2e404c697962623,dfine_sahi,57500.0,unknown_object,0.3183,0.7,250.86,109.66,356.95,11559.2,108.96,106.08,1.027,False,,True,S-61,10,evt_S-61_upper_body_0016,9b7c89e0f28e9540,pose_hand_context,,49554.2,2.71,,1,cam12/e1/v1,rtmpose_baseline
full,03.CCTV Mobile Usage.mkv,632de9ed55947761d56d4c6142a3cb1a1fe69d0b1a6d0e01a2e404c697962623,dfine_sahi,57500.0,unknown_object,0.303,112.99,266.37,173.86,360.01,5699.6,60.87,93.63,0.65,False,,True,S-61,10,evt_S-61_upper_body_0016,9b7c89e0f28e9540,pose_hand_context,,49554.2,2.71,,1,cam12/e1/v1,rtmpose_baseline
full,03.CCTV Mobile Usage.mkv,632de9ed55947761d56d4c6142a3cb1a1fe69d0b1a6d0e01a2e404c697962623,dfine_sahi,57500.0,bag,0.2976,15.78,297.77,108.02,356.91,5455.3,92.24,59.14,1.56,False,,True,S-61,10,evt_S-61_upper_body_0016,9b7c89e0f28e9540,pose_hand_context,,49554.2,2.71,,1,cam12/e1/v1,rtmpose_baseline
full,03.CCTV Mobile Usage.mkv,632de9ed55947761d56d4c6142a3cb1a1fe69d0b1a6d0e01a2e404c697962623,dfine_sahi,57500.0,unknown_object,0.2582,166.83,290.01,209.37,382.65,3941.5,42.54,92.64,0.459,False,,True,S-61,10,evt_S-61_upper_body_0016,9b7c89e0f28e9540,pose_hand_context,,49554.2,2.71,,1,cam12/e1/v1,rtmpose_baseline
full,03.CCTV Mobile Usage.mkv,632de9ed55947761d56d4c6142a3cb1a1fe69d0b1a6d0e01a2e404c697962623,dfine_sahi,57500.0,stationery,0.2542,43.47,445.28,72.7,473.03,811.2,29.23,27.75,1.053,False,,True,S-61,10,evt_S-61_upper_body_0016,9b7c89e0f28e9540,pose_hand_context,,49554.2,2.71,,1,cam12/e1/v1,rtmpose_baseline
full,03.CCTV Mobile Usage.mkv,632de9ed55947761d56d4c6142a3cb1a1fe69d0b1a6d0e01a2e404c697962623,dfine_sahi,57500.0,keyboard,0.9137,962.32,451.93,1067.76,491.46,4168.1,105.44,39.53,2.667,False,,True,R-desk,15,evt_S-61_upper_body_0016,ee27b78399c18ce8,lap_bag_context,no_pose_observation,34560.0,1.33,,1,cam12/e1/v1,
full,03.CCTV Mobile Usage.mkv,632de9ed55947761d56d4c6142a3cb1a1fe69d0b1a6d0e01a2e404c697962623,dfine_sahi,57500.0,mouse,0.8009,865.03,413.44,891.24,434.85,561.2,26.22,21.41,1.225,False,,True,R-desk,15,evt_S-61_upper_body_0016,ee27b78399c18ce8,lap_bag_context,no_pose_observation,34560.0,1.33,,1,cam12/e1/v1,
full,03.CCTV Mobile Usage.mkv,632de9ed55947761d56d4c6142a3cb1a1fe69d0b1a6d0e01a2e404c697962623,dfine_sahi,57500.0,monitor_or_bezel,0.7654,910.03,411.18,1141.29,506.37,22012.2,231.26,95.18,2.43,False,,True,R-desk,15,evt_S-61_upper_body_0016,ee27b78399c18ce8,lap_bag_context,no_pose_observation,34560.0,1.33,,1,cam12/e1/v1,
full,03.CCTV Mobile Usage.mkv,632de9ed55947761d56d4c6142a3cb1a1fe69d0b1a6d0e01a2e404c697962623,dfine_sahi,57500.0,keyboard,0.7625,772.27,380.16,870.54,420.38,3952.1,98.27,40.22,2.443,False,,True,R-desk,15,evt_S-61_upper_body_0016,ee27b78399c18ce8,lap_bag_context,no_pose_observation,34560.0,1.33,,1,cam12/e1/v1,
full,03.CCTV Mobile Usage.mkv,632de9ed55947761d56d4c6142a3cb1a1fe69d0b1a6d0e01a2e404c697962623,dfine_sahi,57500.0,unknown_object,0.7381,699.86,396.09,844.27,492.0,13849.5,144.41,95.9,1.506,False,,True,R-desk,15,evt_S-61_upper_body_0016,ee27b78399c18ce8,lap_bag_context,no_pose_observation,34560.0,1.33,,1,cam12/e1/v1,
full,03.CCTV Mobile Usage.mkv,632de9ed55947761d56d4c6142a3cb1a1fe69d0b1a6d0e01a2e404c697962623,dfine_sahi,57500.0,monitor_or_bezel,0.7309,1018.86,395.71,1145.9,447.81,6619.2,127.04,52.1,2.438,False,,True,R-desk,15,evt_S-61_upper_body_0016,ee27b78399c18ce8,lap_bag_context,no_pose_observation,34560.0,1.33,,1,cam12/e1/v1,
full,03.CCTV Mobile Usage.mkv,632de9ed55947761d56d4c6142a3cb1a1fe69d0b1a6d0e01a2e404c697962623,dfine_sahi,57500.0,monitor_or_bezel,0.6188,963.02,380.48,1152.77,474.96,17929.4,189.76,94.49,2.008,False,,True,R-desk,15,evt_S-61_upper_body_0016,ee27b78399c18ce8,lap_bag_context,no_pose_observation,34560.0,1.33,,1,cam12/e1/v1,
full,03.CCTV Mobile Usage.mkv,632de9ed55947761d56d4c6142a3cb1a1fe69d0b1a6d0e01a2e404c697962623,dfine_sahi,57500.0,phone,0.6181,1043.74,422.04,1111.85,473.38,3496.2,68.11,51.33,1.327,False,,True,R-desk,15,evt_S-61_upper_body_0016,ee27b78399c18ce8,lap_bag_context,no_pose_observation,34560.0,1.33,,1,cam12/e1/v1,
full,03.CCTV Mobile Usage.mkv,632de9ed55947761d56d4c6142a3cb1a1fe69d0b1a6d0e01a2e404c697962623,dfine_sahi,57500.0,keyboard,0.5863,963.02,452.38,1034.74,475.6,1665.0,71.72,23.22,3.089,False,,True,R-desk,15,evt_S-61_upper_body_0016,ee27b78399c18ce8,lap_bag_context,no_pose_observation,34560.0,1.33,,1,cam12/e1/v1,
full,03.CCTV Mobile Usage.mkv,632de9ed55947761d56d4c6142a3cb1a1fe69d0b1a6d0e01a2e404c697962623,dfine_sahi,57500.0,monitor_or_bezel,0.5846,708.73,379.85,969.55,474.83,24769.8,260.81,94.97,2.746,False,,True,R-desk,15,evt_S-61_upper_body_0016,ee27b78399c18ce8,lap_bag_context,no_pose_observation,34560.0,1.33,,1,cam12/e1/v1,
full,03.CCTV Mobile Usage.mkv,632de9ed55947761d56d4c6142a3cb1a1fe69d0b1a6d0e01a2e404c697962623,dfine_sahi,57500.0,unknown_object,0.559,699.99,380.52,762.7,475.0,5924.8,62.71,94.48,0.664,False,,True,R-desk,15,evt_S-61_upper_body_0016,ee27b78399c18ce8,lap_bag_context,no_pose_observation,34560.0,1.33,,1,cam12/e1/v1,
full,03.CCTV Mobile Usage.mkv,632de9ed55947761d56d4c6142a3cb1a1fe69d0b1a6d0e01a2e404c697962623,dfine_sahi,57500.0,keyboard,0.5529,802.98,396.29,870.5,420.47,1633.0,67.53,24.18,2.792,False,,True,R-desk,15,evt_S-61_upper_body_0016,ee27b78399c18ce8,lap_bag_context,no_pose_observation,34560.0,1.33,,1,cam12/e1/v1,
full,03.CCTV Mobile Usage.mkv,632de9ed55947761d56d4c6142a3cb1a1fe69d0b1a6d0e01a2e404c697962623,dfine_sahi,57500.0,unknown_object,0.4121,758.83,410.98,969.85,506.03,20057.5,211.02,95.05,2.22,False,,True,R-desk,15,evt_S-61_upper_body_0016,ee27b78399c18ce8,lap_bag_context,no_pose_observation,34560.0,1.33,,1,cam12/e1/v1,
full,03.CCTV Mobile Usage.mkv,632de9ed55947761d56d4c6142a3cb1a1fe69d0b1a6d0e01a2e404c697962623,dfine_sahi,57500.0,mouse,0.4084,967.08,398.36,992.12,410.45,302.9,25.04,12.1,2.07,False,,True,R-desk,15,evt_S-61_upper_body_0016,ee27b78399c18ce8,lap_bag_context,no_pose_observation,34560.0,1.33,,1,cam12/e1/v1,
full,03.CCTV Mobile Usage.mkv,632de9ed55947761d56d4c6142a3cb1a1fe69d0b1a6d0e01a2e404c697962623,dfine_sahi,57500.0,keyboard,0.3859,910.06,411.26,1092.57,506.14,17316.6,182.5,94.88,1.923,False,,True,R-desk,15,evt_S-61_upper_body_0016,ee27b78399c18ce8,lap_bag_context,no_pose_observation,34560.0,1.33,,1,cam12/e1/v1,
full,03.CCTV Mobile Usage.mkv,632de9ed55947761d56d4c6142a3cb1a1fe69d0b1a6d0e01a2e404c697962623,dfine_sahi,57500.0,mouse,0.3317,991.74,400.33,1028.08,413.49,478.5,36.34,13.17,2.761,False,,True,R-desk,15,evt_S-61_upper_body_0016,ee27b78399c18ce8,lap_bag_context,no_pose_observation,34560.0,1.33,,1,cam12/e1/v1,
full,03.CCTV Mobile Usage.mkv,632de9ed55947761d56d4c6142a3cb1a1fe69d0b1a6d0e01a2e404c697962623,dfine_sahi,57500.0,keyboard,0.3131,881.98,380.19,966.14,452.98,6124.9,84.15,72.78,1.156,False,,True,R-desk,15,evt_S-61_upper_body_0016,ee27b78399c18ce8,lap_bag_context,no_pose_observation,34560.0,1.33,,1,cam12/e1/v1,
full,03.CCTV Mobile Usage.mkv,632de9ed55947761d56d4c6142a3cb1a1fe69d0b1a6d0e01a2e404c697962623,dfine_sahi,57500.0,monitor_or_bezel,0.2993,881.28,396.18,948.6,452.73,3807.2,67.32,56.55,1.19,False,,True,R-desk,15,evt_S-61_upper_body_0016,ee27b78399c18ce8,lap_bag_context,no_pose_observation,34560.0,1.33,,1,cam12/e1/v1,
full,03.CCTV Mobile Usage.mkv,632de9ed55947761d56d4c6142a3cb1a1fe69d0b1a6d0e01a2e404c697962623,dfine_sahi,57500.0,unknown_object,0.2864,880.03,411.42,969.89,505.63,8465.7,89.86,94.21,0.954,False,,True,R-desk,15,evt_S-61_upper_body_0016,ee27b78399c18ce8,lap_bag_context,no_pose_observation,34560.0,1.33,,1,cam12/e1/v1,
full,03.CCTV Mobile Usage.mkv,632de9ed55947761d56d4c6142a3cb1a1fe69d0b1a6d0e01a2e404c697962623,dfine_sahi,57500.0,keyboard,0.2737,965.5,394.63,1110.84,474.8,11650.8,145.34,80.16,1.813,False,,True,R-desk,15,evt_S-61_upper_body_0016,ee27b78399c18ce8,lap_bag_context,no_pose_observation,34560.0,1.33,,1,cam12/e1/v1,
full,03.CCTV Mobile Usage.mkv,632de9ed55947761d56d4c6142a3cb1a1fe69d0b1a6d0e01a2e404c697962623,dfine_sahi,57500.0,keyboard,0.9137,962.32,451.93,1067.76,491.46,4168.1,105.44,39.53,2.667,False,,True,R-desk,12,evt_S-61_upper_body_0016,ee27b78399c18ce8,lap_bag_context,no_pose_observation,34560.0,1.33,,1,cam12/e1/v1,
full,03.CCTV Mobile Usage.mkv,632de9ed55947761d56d4c6142a3cb1a1fe69d0b1a6d0e01a2e404c697962623,dfine_sahi,57500.0,mouse,0.8009,865.03,413.44,891.24,434.85,561.2,26.22,21.41,1.225,False,,True,R-desk,12,evt_S-61_upper_body_0016,ee27b78399c18ce8,lap_bag_context,no_pose_observation,34560.0,1.33,,1,cam12/e1/v1,
full,03.CCTV Mobile Usage.mkv,632de9ed55947761d56d4c6142a3cb1a1fe69d0b1a6d0e01a2e404c697962623,dfine_sahi,57500.0,monitor_or_bezel,0.7654,910.03,411.18,1141.29,506.37,22012.2,231.26,95.18,2.43,False,,True,R-desk,12,evt_S-61_upper_body_0016,ee27b78399c18ce8,lap_bag_context,no_pose_observation,34560.0,1.33,,1,cam12/e1/v1,
full,03.CCTV Mobile Usage.mkv,632de9ed55947761d56d4c6142a3cb1a1fe69d0b1a6d0e01a2e404c697962623,dfine_sahi,57500.0,keyboard,0.7625,772.27,380.16,870.54,420.38,3952.1,98.27,40.22,2.443,False,,True,R-desk,12,evt_S-61_upper_body_0016,ee27b78399c18ce8,lap_bag_context,no_pose_observation,34560.0,1.33,,1,cam12/e1/v1,
full,03.CCTV Mobile Usage.mkv,632de9ed55947761d56d4c6142a3cb1a1fe69d0b1a6d0e01a2e404c697962623,dfine_sahi,57500.0,unknown_object,0.7381,699.86,396.09,844.27,492.0,13849.5,144.41,95.9,1.506,False,,True,R-desk,12,evt_S-61_upper_body_0016,ee27b78399c18ce8,lap_bag_context,no_pose_observation,34560.0,1.33,,1,cam12/e1/v1,
full,03.CCTV Mobile Usage.mkv,632de9ed55947761d56d4c6142a3cb1a1fe69d0b1a6d0e01a2e404c697962623,dfine_sahi,57500.0,monitor_or_bezel,0.7309,1018.86,395.71,1145.9,447.81,6619.2,127.04,52.1,2.438,False,,True,R-desk,12,evt_S-61_upper_body_0016,ee27b78399c18ce8,lap_bag_context,no_pose_observation,34560.0,1.33,,1,cam12/e1/v1,
full,03.CCTV Mobile Usage.mkv,632de9ed55947761d56d4c6142a3cb1a1fe69d0b1a6d0e01a2e404c697962623,dfine_sahi,57500.0,monitor_or_bezel,0.6188,963.02,380.48,1152.77,474.96,17929.4,189.76,94.49,2.008,False,,True,R-desk,12,evt_S-61_upper_body_0016,ee27b78399c18ce8,lap_bag_context,no_pose_observation,34560.0,1.33,,1,cam12/e1/v1,
full,03.CCTV Mobile Usage.mkv,632de9ed55947761d56d4c6142a3cb1a1fe69d0b1a6d0e01a2e404c697962623,dfine_sahi,57500.0,phone,0.6181,1043.74,422.04,1111.85,473.38,3496.2,68.11,51.33,1.327,False,,True,R-desk,12,evt_S-61_upper_body_0016,ee27b78399c18ce8,lap_bag_context,no_pose_observation,34560.0,1.33,,1,cam12/e1/v1,
full,03.CCTV Mobile Usage.mkv,632de9ed55947761d56d4c6142a3cb1a1fe69d0b1a6d0e01a2e404c697962623,dfine_sahi,57500.0,keyboard,0.5863,963.02,452.38,1034.74,475.6,1665.0,71.72,23.22,3.089,False,,True,R-desk,12,evt_S-61_upper_body_0016,ee27b78399c18ce8,lap_bag_context,no_pose_observation,34560.0,1.33,,1,cam12/e1/v1,
full,03.CCTV Mobile Usage.mkv,632de9ed55947761d56d4c6142a3cb1a1fe69d0b1a6d0e01a2e404c697962623,dfine_sahi,57500.0,monitor_or_bezel,0.5846,708.73,379.85,969.55,474.83,24769.8,260.81,94.97,2.746,False,,True,R-desk,12,evt_S-61_upper_body_0016,ee27b78399c18ce8,lap_bag_context,no_pose_observation,34560.0,1.33,,1,cam12/e1/v1,
full,03.CCTV Mobile Usage.mkv,632de9ed55947761d56d4c6142a3cb1a1fe69d0b1a6d0e01a2e404c697962623,dfine_sahi,57500.0,unknown_object,0.559,699.99,380.52,762.7,475.0,5924.8,62.71,94.48,0.664,False,,True,R-desk,12,evt_S-61_upper_body_0016,ee27b78399c18ce8,lap_bag_context,no_pose_observation,34560.0,1.33,,1,cam12/e1/v1,
full,03.CCTV Mobile Usage.mkv,632de9ed55947761d56d4c6142a3cb1a1fe69d0b1a6d0e01a2e404c697962623,dfine_sahi,57500.0,keyboard,0.5529,802.98,396.29,870.5,420.47,1633.0,67.53,24.18,2.792,False,,True,R-desk,12,evt_S-61_upper_body_0016,ee27b78399c18ce8,lap_bag_context,no_pose_observation,34560.0,1.33,,1,cam12/e1/v1,
full,03.CCTV Mobile Usage.mkv,632de9ed55947761d56d4c6142a3cb1a1fe69d0b1a6d0e01a2e404c697962623,dfine_sahi,57500.0,unknown_object,0.4121,758.83,410.98,969.85,506.03,20057.5,211.02,95.05,2.22,False,,True,R-desk,12,evt_S-61_upper_body_0016,ee27b78399c18ce8,lap_bag_context,no_pose_observation,34560.0,1.33,,1,cam12/e1/v1,
full,03.CCTV Mobile Usage.mkv,632de9ed55947761d56d4c6142a3cb1a1fe69d0b1a6d0e01a2e404c697962623,dfine_sahi,57500.0,mouse,0.4084,967.08,398.36,992.12,410.45,302.9,25.04,12.1,2.07,False,,True,R-desk,12,evt_S-61_upper_body_0016,ee27b78399c18ce8,lap_bag_context,no_pose_observation,34560.0,1.33,,1,cam12/e1/v1,
full,03.CCTV Mobile Usage.mkv,632de9ed55947761d56d4c6142a3cb1a1fe69d0b1a6d0e01a2e404c697962623,dfine_sahi,57500.0,keyboard,0.3859,910.06,411.26,1092.57,506.14,17316.6,182.5,94.88,1.923,False,,True,R-desk,12,evt_S-61_upper_body_0016,ee27b78399c18ce8,lap_bag_context,no_pose_observation,34560.0,1.33,,1,cam12/e1/v1,
full,03.CCTV Mobile Usage.mkv,632de9ed55947761d56d4c6142a3cb1a1fe69d0b1a6d0e01a2e404c697962623,dfine_sahi,57500.0,mouse,0.3317,991.74,400.33,1028.08,413.49,478.5,36.34,13.17,2.761,False,,True,R-desk,12,evt_S-61_upper_body_0016,ee27b78399c18ce8,lap_bag_context,no_pose_observation,34560.0,1.33,,1,cam12/e1/v1,
full,03.CCTV Mobile Usage.mkv,632de9ed55947761d56d4c6142a3cb1a1fe69d0b1a6d0e01a2e404c697962623,dfine_sahi,57500.0,keyboard,0.3131,881.98,380.19,966.14,452.98,6124.9,84.15,72.78,1.156,False,,True,R-desk,12,evt_S-61_upper_body_0016,ee27b78399c18ce8,lap_bag_context,no_pose_observation,34560.0,1.33,,1,cam12/e1/v1,
full,03.CCTV Mobile Usage.mkv,632de9ed55947761d56d4c6142a3cb1a1fe69d0b1a6d0e01a2e404c697962623,dfine_sahi,57500.0,monitor_or_bezel,0.2993,881.28,396.18,948.6,452.73,3807.2,67.32,56.55,1.19,False,,True,R-desk,12,evt_S-61_upper_body_0016,ee27b78399c18ce8,lap_bag_context,no_pose_observation,34560.0,1.33,,1,cam12/e1/v1,
full,03.CCTV Mobile Usage.mkv,632de9ed55947761d56d4c6142a3cb1a1fe69d0b1a6d0e01a2e404c697962623,dfine_sahi,57500.0,unknown_object,0.2864,880.03,411.42,969.89,505.63,8465.7,89.86,94.21,0.954,False,,True,R-desk,12,evt_S-61_upper_body_0016,ee27b78399c18ce8,lap_bag_context,no_pose_observation,34560.0,1.33,,1,cam12/e1/v1,
full,03.CCTV Mobile Usage.mkv,632de9ed55947761d56d4c6142a3cb1a1fe69d0b1a6d0e01a2e404c697962623,dfine_sahi,57500.0,keyboard,0.2737,965.5,394.63,1110.84,474.8,11650.8,145.34,80.16,1.813,False,,True,R-desk,12,evt_S-61_upper_body_0016,ee27b78399c18ce8,lap_bag_context,no_pose_observation,34560.0,1.33,,1,cam12/e1/v1,
full,03.CCTV Mobile Usage.mkv,632de9ed55947761d56d4c6142a3cb1a1fe69d0b1a6d0e01a2e404c697962623,dfine_sahi,57500.0,keyboard,0.9137,962.32,451.93,1067.76,491.46,4168.1,105.44,39.53,2.667,False,,True,R-desk,11,evt_S-61_upper_body_0016,ee27b78399c18ce8,lap_bag_context,no_pose_observation,34560.0,1.33,,1,cam12/e1/v1,
full,03.CCTV Mobile Usage.mkv,632de9ed55947761d56d4c6142a3cb1a1fe69d0b1a6d0e01a2e404c697962623,dfine_sahi,57500.0,mouse,0.8009,865.03,413.44,891.24,434.85,561.2,26.22,21.41,1.225,False,,True,R-desk,11,evt_S-61_upper_body_0016,ee27b78399c18ce8,lap_bag_context,no_pose_observation,34560.0,1.33,,1,cam12/e1/v1,
full,03.CCTV Mobile Usage.mkv,632de9ed55947761d56d4c6142a3cb1a1fe69d0b1a6d0e01a2e404c697962623,dfine_sahi,57500.0,monitor_or_bezel,0.7654,910.03,411.18,1141.29,506.37,22012.2,231.26,95.18,2.43,False,,True,R-desk,11,evt_S-61_upper_body_0016,ee27b78399c18ce8,lap_bag_context,no_pose_observation,34560.0,1.33,,1,cam12/e1/v1,
full,03.CCTV Mobile Usage.mkv,632de9ed55947761d56d4c6142a3cb1a1fe69d0b1a6d0e01a2e404c697962623,dfine_sahi,57500.0,keyboard,0.7625,772.27,380.16,870.54,420.38,3952.1,98.27,40.22,2.443,False,,True,R-desk,11,evt_S-61_upper_body_0016,ee27b78399c18ce8,lap_bag_context,no_pose_observation,34560.0,1.33,,1,cam12/e1/v1,
full,03.CCTV Mobile Usage.mkv,632de9ed55947761d56d4c6142a3cb1a1fe69d0b1a6d0e01a2e404c697962623,dfine_sahi,57500.0,unknown_object,0.7381,699.86,396.09,844.27,492.0,13849.5,144.41,95.9,1.506,False,,True,R-desk,11,evt_S-61_upper_body_0016,ee27b78399c18ce8,lap_bag_context,no_pose_observation,34560.0,1.33,,1,cam12/e1/v1,
full,03.CCTV Mobile Usage.mkv,632de9ed55947761d56d4c6142a3cb1a1fe69d0b1a6d0e01a2e404c697962623,dfine_sahi,57500.0,monitor_or_bezel,0.7309,1018.86,395.71,1145.9,447.81,6619.2,127.04,52.1,2.438,False,,True,R-desk,11,evt_S-61_upper_body_0016,ee27b78399c18ce8,lap_bag_context,no_pose_observation,34560.0,1.33,,1,cam12/e1/v1,
full,03.CCTV Mobile Usage.mkv,632de9ed55947761d56d4c6142a3cb1a1fe69d0b1a6d0e01a2e404c697962623,dfine_sahi,57500.0,monitor_or_bezel,0.6188,963.02,380.48,1152.77,474.96,17929.4,189.76,94.49,2.008,False,,True,R-desk,11,evt_S-61_upper_body_0016,ee27b78399c18ce8,lap_bag_context,no_pose_observation,34560.0,1.33,,1,cam12/e1/v1,
full,03.CCTV Mobile Usage.mkv,632de9ed55947761d56d4c6142a3cb1a1fe69d0b1a6d0e01a2e404c697962623,dfine_sahi,57500.0,phone,0.6181,1043.74,422.04,1111.85,473.38,3496.2,68.11,51.33,1.327,False,,True,R-desk,11,evt_S-61_upper_body_0016,ee27b78399c18ce8,lap_bag_context,no_pose_observation,34560.0,1.33,,1,cam12/e1/v1,
full,03.CCTV Mobile Usage.mkv,632de9ed55947761d56d4c6142a3cb1a1fe69d0b1a6d0e01a2e404c697962623,dfine_sahi,57500.0,keyboard,0.5863,963.02,452.38,1034.74,475.6,1665.0,71.72,23.22,3.089,False,,True,R-desk,11,evt_S-61_upper_body_0016,ee27b78399c18ce8,lap_bag_context,no_pose_observation,34560.0,1.33,,1,cam12/e1/v1,
full,03.CCTV Mobile Usage.mkv,632de9ed55947761d56d4c6142a3cb1a1fe69d0b1a6d0e01a2e404c697962623,dfine_sahi,57500.0,monitor_or_bezel,0.5846,708.73,379.85,969.55,474.83,24769.8,260.81,94.97,2.746,False,,True,R-desk,11,evt_S-61_upper_body_0016,ee27b78399c18ce8,lap_bag_context,no_pose_observation,34560.0,1.33,,1,cam12/e1/v1,
full,03.CCTV Mobile Usage.mkv,632de9ed55947761d56d4c6142a3cb1a1fe69d0b1a6d0e01a2e404c697962623,dfine_sahi,57500.0,unknown_object,0.559,699.99,380.52,762.7,475.0,5924.8,62.71,94.48,0.664,False,,True,R-desk,11,evt_S-61_upper_body_0016,ee27b78399c18ce8,lap_bag_context,no_pose_observation,34560.0,1.33,,1,cam12/e1/v1,
full,03.CCTV Mobile Usage.mkv,632de9ed55947761d56d4c6142a3cb1a1fe69d0b1a6d0e01a2e404c697962623,dfine_sahi,57500.0,keyboard,0.5529,802.98,396.29,870.5,420.47,1633.0,67.53,24.18,2.792,False,,True,R-desk,11,evt_S-61_upper_body_0016,ee27b78399c18ce8,lap_bag_context,no_pose_observation,34560.0,1.33,,1,cam12/e1/v1,
full,03.CCTV Mobile Usage.mkv,632de9ed55947761d56d4c6142a3cb1a1fe69d0b1a6d0e01a2e404c697962623,dfine_sahi,57500.0,unknown_object,0.4121,758.83,410.98,969.85,506.03,20057.5,211.02,95.05,2.22,False,,True,R-desk,11,evt_S-61_upper_body_0016,ee27b78399c18ce8,lap_bag_context,no_pose_observation,34560.0,1.33,,1,cam12/e1/v1,
full,03.CCTV Mobile Usage.mkv,632de9ed55947761d56d4c6142a3cb1a1fe69d0b1a6d0e01a2e404c697962623,dfine_sahi,57500.0,mouse,0.4084,967.08,398.36,992.12,410.45,302.9,25.04,12.1,2.07,False,,True,R-desk,11,evt_S-61_upper_body_0016,ee27b78399c18ce8,lap_bag_context,no_pose_observation,34560.0,1.33,,1,cam12/e1/v1,
full,03.CCTV Mobile Usage.mkv,632de9ed55947761d56d4c6142a3cb1a1fe69d0b1a6d0e01a2e404c697962623,dfine_sahi,57500.0,keyboard,0.3859,910.06,411.26,1092.57,506.14,17316.6,182.5,94.88,1.923,False,,True,R-desk,11,evt_S-61_upper_body_0016,ee27b78399c18ce8,lap_bag_context,no_pose_observation,34560.0,1.33,,1,cam12/e1/v1,
full,03.CCTV Mobile Usage.mkv,632de9ed55947761d56d4c6142a3cb1a1fe69d0b1a6d0e01a2e404c697962623,dfine_sahi,57500.0,mouse,0.3317,991.74,400.33,1028.08,413.49,478.5,36.34,13.17,2.761,False,,True,R-desk,11,evt_S-61_upper_body_0016,ee27b78399c18ce8,lap_bag_context,no_pose_observation,34560.0,1.33,,1,cam12/e1/v1,
full,03.CCTV Mobile Usage.mkv,632de9ed55947761d56d4c6142a3cb1a1fe69d0b1a6d0e01a2e404c697962623,dfine_sahi,57500.0,keyboard,0.3131,881.98,380.19,966.14,452.98,6124.9,84.15,72.78,1.156,False,,True,R-desk,11,evt_S-61_upper_body_0016,ee27b78399c18ce8,lap_bag_context,no_pose_observation,34560.0,1.33,,1,cam12/e1/v1,
full,03.CCTV Mobile Usage.mkv,632de9ed55947761d56d4c6142a3cb1a1fe69d0b1a6d0e01a2e404c697962623,dfine_sahi,57500.0,monitor_or_bezel,0.2993,881.28,396.18,948.6,452.73,3807.2,67.32,56.55,1.19,False,,True,R-desk,11,evt_S-61_upper_body_0016,ee27b78399c18ce8,lap_bag_context,no_pose_observation,34560.0,1.33,,1,cam12/e1/v1,
full,03.CCTV Mobile Usage.mkv,632de9ed55947761d56d4c6142a3cb1a1fe69d0b1a6d0e01a2e404c697962623,dfine_sahi,57500.0,unknown_object,0.2864,880.03,411.42,969.89,505.63,8465.7,89.86,94.21,0.954,False,,True,R-desk,11,evt_S-61_upper_body_0016,ee27b78399c18ce8,lap_bag_context,no_pose_observation,34560.0,1.33,,1,cam12/e1/v1,
full,03.CCTV Mobile Usage.mkv,632de9ed55947761d56d4c6142a3cb1a1fe69d0b1a6d0e01a2e404c697962623,dfine_sahi,57500.0,keyboard,0.2737,965.5,394.63,1110.84,474.8,11650.8,145.34,80.16,1.813,False,,True,R-desk,11,evt_S-61_upper_body_0016,ee27b78399c18ce8,lap_bag_context,no_pose_observation,34560.0,1.33,,1,cam12/e1/v1,
full,03.CCTV Mobile Usage.mkv,632de9ed55947761d56d4c6142a3cb1a1fe69d0b1a6d0e01a2e404c697962623,dfine_sahi,58000.0,keyboard,0.9137,962.32,451.93,1067.76,491.46,4168.1,105.44,39.53,2.667,False,,True,R-desk,12,evt_S-61_upper_body_0016,89a2fe7988ccfe8d,lap_bag_context,no_pose_observation,34560.0,1.33,,1,cam12/e1/v1,
full,03.CCTV Mobile Usage.mkv,632de9ed55947761d56d4c6142a3cb1a1fe69d0b1a6d0e01a2e404c697962623,dfine_sahi,58000.0,mouse,0.8009,865.03,413.44,891.24,434.85,561.2,26.22,21.41,1.225,False,,True,R-desk,12,evt_S-61_upper_body_0016,89a2fe7988ccfe8d,lap_bag_context,no_pose_observation,34560.0,1.33,,1,cam12/e1/v1,
full,03.CCTV Mobile Usage.mkv,632de9ed55947761d56d4c6142a3cb1a1fe69d0b1a6d0e01a2e404c697962623,dfine_sahi,58000.0,monitor_or_bezel,0.7654,910.03,411.18,1141.29,506.37,22012.2,231.26,95.18,2.43,False,,True,R-desk,12,evt_S-61_upper_body_0016,89a2fe7988ccfe8d,lap_bag_context,no_pose_observation,34560.0,1.33,,1,cam12/e1/v1,
full,03.CCTV Mobile Usage.mkv,632de9ed55947761d56d4c6142a3cb1a1fe69d0b1a6d0e01a2e404c697962623,dfine_sahi,58000.0,keyboard,0.7625,772.27,380.16,870.54,420.38,3952.1,98.27,40.22,2.443,False,,True,R-desk,12,evt_S-61_upper_body_0016,89a2fe7988ccfe8d,lap_bag_context,no_pose_observation,34560.0,1.33,,1,cam12/e1/v1,
full,03.CCTV Mobile Usage.mkv,632de9ed55947761d56d4c6142a3cb1a1fe69d0b1a6d0e01a2e404c697962623,dfine_sahi,58000.0,unknown_object,0.7381,699.86,396.09,844.27,492.0,13849.5,144.41,95.9,1.506,False,,True,R-desk,12,evt_S-61_upper_body_0016,89a2fe7988ccfe8d,lap_bag_context,no_pose_observation,34560.0,1.33,,1,cam12/e1/v1,
full,03.CCTV Mobile Usage.mkv,632de9ed55947761d56d4c6142a3cb1a1fe69d0b1a6d0e01a2e404c697962623,dfine_sahi,58000.0,monitor_or_bezel,0.7309,1018.86,395.71,1145.9,447.81,6619.2,127.04,52.1,2.438,False,,True,R-desk,12,evt_S-61_upper_body_0016,89a2fe7988ccfe8d,lap_bag_context,no_pose_observation,34560.0,1.33,,1,cam12/e1/v1,
full,03.CCTV Mobile Usage.mkv,632de9ed55947761d56d4c6142a3cb1a1fe69d0b1a6d0e01a2e404c697962623,dfine_sahi,58000.0,monitor_or_bezel,0.6188,963.02,380.48,1152.77,474.96,17929.4,189.76,94.49,2.008,False,,True,R-desk,12,evt_S-61_upper_body_0016,89a2fe7988ccfe8d,lap_bag_context,no_pose_observation,34560.0,1.33,,1,cam12/e1/v1,
full,03.CCTV Mobile Usage.mkv,632de9ed55947761d56d4c6142a3cb1a1fe69d0b1a6d0e01a2e404c697962623,dfine_sahi,58000.0,phone,0.6181,1043.74,422.04,1111.85,473.38,3496.2,68.11,51.33,1.327,False,,True,R-desk,12,evt_S-61_upper_body_0016,89a2fe7988ccfe8d,lap_bag_context,no_pose_observation,34560.0,1.33,,1,cam12/e1/v1,
full,03.CCTV Mobile Usage.mkv,632de9ed55947761d56d4c6142a3cb1a1fe69d0b1a6d0e01a2e404c697962623,dfine_sahi,58000.0,keyboard,0.5863,963.02,452.38,1034.74,475.6,1665.0,71.72,23.22,3.089,False,,True,R-desk,12,evt_S-61_upper_body_0016,89a2fe7988ccfe8d,lap_bag_context,no_pose_observation,34560.0,1.33,,1,cam12/e1/v1,
full,03.CCTV Mobile Usage.mkv,632de9ed55947761d56d4c6142a3cb1a1fe69d0b1a6d0e01a2e404c697962623,dfine_sahi,58000.0,monitor_or_bezel,0.5846,708.73,379.85,969.55,474.83,24769.8,260.81,94.97,2.746,False,,True,R-desk,12,evt_S-61_upper_body_0016,89a2fe7988ccfe8d,lap_bag_context,no_pose_observation,34560.0,1.33,,1,cam12/e1/v1,
full,03.CCTV Mobile Usage.mkv,632de9ed55947761d56d4c6142a3cb1a1fe69d0b1a6d0e01a2e404c697962623,dfine_sahi,58000.0,unknown_object,0.559,699.99,380.52,762.7,475.0,5924.8,62.71,94.48,0.664,False,,True,R-desk,12,evt_S-61_upper_body_0016,89a2fe7988ccfe8d,lap_bag_context,no_pose_observation,34560.0,1.33,,1,cam12/e1/v1,
full,03.CCTV Mobile Usage.mkv,632de9ed55947761d56d4c6142a3cb1a1fe69d0b1a6d0e01a2e404c697962623,dfine_sahi,58000.0,keyboard,0.5529,802.98,396.29,870.5,420.47,1633.0,67.53,24.18,2.792,False,,True,R-desk,12,evt_S-61_upper_body_0016,89a2fe7988ccfe8d,lap_bag_context,no_pose_observation,34560.0,1.33,,1,cam12/e1/v1,
full,03.CCTV Mobile Usage.mkv,632de9ed55947761d56d4c6142a3cb1a1fe69d0b1a6d0e01a2e404c697962623,dfine_sahi,58000.0,unknown_object,0.4121,758.83,410.98,969.85,506.03,20057.5,211.02,95.05,2.22,False,,True,R-desk,12,evt_S-61_upper_body_0016,89a2fe7988ccfe8d,lap_bag_context,no_pose_observation,34560.0,1.33,,1,cam12/e1/v1,
full,03.CCTV Mobile Usage.mkv,632de9ed55947761d56d4c6142a3cb1a1fe69d0b1a6d0e01a2e404c697962623,dfine_sahi,58000.0,mouse,0.4084,967.08,398.36,992.12,410.45,302.9,25.04,12.1,2.07,False,,True,R-desk,12,evt_S-61_upper_body_0016,89a2fe7988ccfe8d,lap_bag_context,no_pose_observation,34560.0,1.33,,1,cam12/e1/v1,
full,03.CCTV Mobile Usage.mkv,632de9ed55947761d56d4c6142a3cb1a1fe69d0b1a6d0e01a2e404c697962623,dfine_sahi,58000.0,keyboard,0.3859,910.06,411.26,1092.57,506.14,17316.6,182.5,94.88,1.923,False,,True,R-desk,12,evt_S-61_upper_body_0016,89a2fe7988ccfe8d,lap_bag_context,no_pose_observation,34560.0,1.33,,1,cam12/e1/v1,
full,03.CCTV Mobile Usage.mkv,632de9ed55947761d56d4c6142a3cb1a1fe69d0b1a6d0e01a2e404c697962623,dfine_sahi,58000.0,mouse,0.3317,991.74,400.33,1028.08,413.49,478.5,36.34,13.17,2.761,False,,True,R-desk,12,evt_S-61_upper_body_0016,89a2fe7988ccfe8d,lap_bag_context,no_pose_observation,34560.0,1.33,,1,cam12/e1/v1,
full,03.CCTV Mobile Usage.mkv,632de9ed55947761d56d4c6142a3cb1a1fe69d0b1a6d0e01a2e404c697962623,dfine_sahi,58000.0,keyboard,0.3131,881.98,380.19,966.14,452.98,6124.9,84.15,72.78,1.156,False,,True,R-desk,12,evt_S-61_upper_body_0016,89a2fe7988ccfe8d,lap_bag_context,no_pose_observation,34560.0,1.33,,1,cam12/e1/v1,
full,03.CCTV Mobile Usage.mkv,632de9ed55947761d56d4c6142a3cb1a1fe69d0b1a6d0e01a2e404c697962623,dfine_sahi,58000.0,monitor_or_bezel,0.2993,881.28,396.18,948.6,452.73,3807.2,67.32,56.55,1.19,False,,True,R-desk,12,evt_S-61_upper_body_0016,89a2fe7988ccfe8d,lap_bag_context,no_pose_observation,34560.0,1.33,,1,cam12/e1/v1,
full,03.CCTV Mobile Usage.mkv,632de9ed55947761d56d4c6142a3cb1a1fe69d0b1a6d0e01a2e404c697962623,dfine_sahi,58000.0,unknown_object,0.2864,880.03,411.42,969.89,505.63,8465.7,89.86,94.21,0.954,False,,True,R-desk,12,evt_S-61_upper_body_0016,89a2fe7988ccfe8d,lap_bag_context,no_pose_observation,34560.0,1.33,,1,cam12/e1/v1,
full,03.CCTV Mobile Usage.mkv,632de9ed55947761d56d4c6142a3cb1a1fe69d0b1a6d0e01a2e404c697962623,dfine_sahi,58000.0,keyboard,0.2737,965.5,394.63,1110.84,474.8,11650.8,145.34,80.16,1.813,False,,True,R-desk,12,evt_S-61_upper_body_0016,89a2fe7988ccfe8d,lap_bag_context,no_pose_observation,34560.0,1.33,,1,cam12/e1/v1,
full,03.CCTV Mobile Usage.mkv,632de9ed55947761d56d4c6142a3cb1a1fe69d0b1a6d0e01a2e404c697962623,dfine_sahi,58000.0,unknown_object,0.6767,0.33,254.02,45.42,304.63,2281.6,45.08,50.61,0.891,False,,True,S-61,10,evt_S-61_upper_body_0016,d6e702ffac1af9b6,pose_hand_context,,47260.2,2.67,,1,cam12/e1/v1,rtmpose_baseline
full,03.CCTV Mobile Usage.mkv,632de9ed55947761d56d4c6142a3cb1a1fe69d0b1a6d0e01a2e404c697962623,dfine_sahi,58000.0,unknown_object,0.6507,-0.27,349.29,110.97,483.38,14916.1,111.24,134.09,0.83,False,,True,S-61,10,evt_S-61_upper_body_0016,d6e702ffac1af9b6,pose_hand_context,,47260.2,2.67,,1,cam12/e1/v1,rtmpose_baseline
full,03.CCTV Mobile Usage.mkv,632de9ed55947761d56d4c6142a3cb1a1fe69d0b1a6d0e01a2e404c697962623,dfine_sahi,58000.0,unknown_object,0.5462,0.0,254.12,111.15,378.44,13817.6,111.15,124.32,0.894,False,,True,S-61,10,evt_S-61_upper_body_0016,d6e702ffac1af9b6,pose_hand_context,,47260.2,2.67,,1,cam12/e1/v1,rtmpose_baseline
full,03.CCTV Mobile Usage.mkv,632de9ed55947761d56d4c6142a3cb1a1fe69d0b1a6d0e01a2e404c697962623,dfine_sahi,58000.0,unknown_object,0.4535,-0.14,278.95,193.28,483.43,39549.1,193.42,204.48,0.946,False,,True,S-61,10,evt_S-61_upper_body_0016,d6e702ffac1af9b6,pose_hand_context,,47260.2,2.67,,1,cam12/e1/v1,rtmpose_baseline
full,03.CCTV Mobile Usage.mkv,632de9ed55947761d56d4c6142a3cb1a1fe69d0b1a6d0e01a2e404c697962623,dfine_sahi,58000.0,unknown_object,0.3984,85.99,336.56,196.92,378.5,4651.8,110.93,41.94,2.645,False,,True,S-61,10,evt_S-61_upper_body_0016,d6e702ffac1af9b6,pose_hand_context,,47260.2,2.67,,1,cam12/e1/v1,rtmpose_baseline
full,03.CCTV Mobile Usage.mkv,632de9ed55947761d56d4c6142a3cb1a1fe69d0b1a6d0e01a2e404c697962623,dfine_sahi,58000.0,unknown_object,0.394,85.8,245.28,197.04,378.4,14808.2,111.24,133.12,0.836,False,,True,S-61,10,evt_S-61_upper_body_0016,d6e702ffac1af9b6,pose_hand_context,,47260.2,2.67,,1,cam12/e1/v1,rtmpose_baseline
full,03.CCTV Mobile Usage.mkv,632de9ed55947761d56d4c6142a3cb1a1fe69d0b1a6d0e01a2e404c697962623,dfine_sahi,58000.0,stationery,0.3243,43.47,444.66,72.75,473.16,834.4,29.28,28.5,1.027,False,,True,S-61,10,evt_S-61_upper_body_0016,d6e702ffac1af9b6,pose_hand_context,,47260.2,2.67,,1,cam12/e1/v1,rtmpose_baseline
full,03.CCTV Mobile Usage.mkv,632de9ed55947761d56d4c6142a3cb1a1fe69d0b1a6d0e01a2e404c697962623,dfine_sahi,58000.0,bag,0.3095,15.56,297.82,107.29,353.05,5066.5,91.73,55.23,1.661,False,,True,S-61,10,evt_S-61_upper_body_0016,d6e702ffac1af9b6,pose_hand_context,,47260.2,2.67,,1,cam12/e1/v1,rtmpose_baseline
full,03.CCTV Mobile Usage.mkv,632de9ed55947761d56d4c6142a3cb1a1fe69d0b1a6d0e01a2e404c697962623,dfine_sahi,58000.0,unknown_object,0.2769,15.59,298.09,108.15,353.46,5124.7,92.55,55.37,1.672,False,,True,S-61,10,evt_S-61_upper_body_0016,d6e702ffac1af9b6,pose_hand_context,,47260.2,2.67,,1,cam12/e1/v1,rtmpose_baseline
full,03.CCTV Mobile Usage.mkv,632de9ed55947761d56d4c6142a3cb1a1fe69d0b1a6d0e01a2e404c697962623,dfine_sahi,58000.0,unknown_object,0.2764,-0.02,285.11,59.74,378.46,5579.3,59.77,93.35,0.64,False,,True,S-61,10,evt_S-61_upper_body_0016,d6e702ffac1af9b6,pose_hand_context,,47260.2,2.67,,1,cam12/e1/v1,rtmpose_baseline
full,03.CCTV Mobile Usage.mkv,632de9ed55947761d56d4c6142a3cb1a1fe69d0b1a6d0e01a2e404c697962623,dfine_sahi,58000.0,unknown_object,0.2699,86.04,379.61,191.87,483.56,11001.5,105.83,103.96,1.018,False,,True,S-61,10,evt_S-61_upper_body_0016,d6e702ffac1af9b6,pose_hand_context,,47260.2,2.67,,1,cam12/e1/v1,rtmpose_baseline
full,03.CCTV Mobile Usage.mkv,632de9ed55947761d56d4c6142a3cb1a1fe69d0b1a6d0e01a2e404c697962623,dfine_sahi,58000.0,unknown_object,0.2695,180.3,288.87,197.01,336.68,799.2,16.72,47.81,0.35,False,,True,S-61,10,evt_S-61_upper_body_0016,d6e702ffac1af9b6,pose_hand_context,,47260.2,2.67,,1,cam12/e1/v1,rtmpose_baseline
full,03.CCTV Mobile Usage.mkv,632de9ed55947761d56d4c6142a3cb1a1fe69d0b1a6d0e01a2e404c697962623,dfine_sahi,80100.0,unknown_object,0.6597,117.98,455.01,177.11,522.24,3975.3,59.12,67.24,0.879,False,,True,S-61,16,evt_S-61_desk_work_surface_0003,349c527ccc29dabd,pose_hand_context,,48197.8,2.92,,1,cam12/e1/v1,rtmpose_baseline
full,03.CCTV Mobile Usage.mkv,632de9ed55947761d56d4c6142a3cb1a1fe69d0b1a6d0e01a2e404c697962623,dfine_sahi,80100.0,unknown_object,0.5878,118.05,453.71,272.04,663.79,32351.2,153.99,210.09,0.733,False,,True,S-61,16,evt_S-61_desk_work_surface_0003,349c527ccc29dabd,pose_hand_context,,48197.8,2.92,,1,cam12/e1/v1,rtmpose_baseline
full,03.CCTV Mobile Usage.mkv,632de9ed55947761d56d4c6142a3cb1a1fe69d0b1a6d0e01a2e404c697962623,dfine_sahi,80100.0,unknown_object,0.4085,213.97,447.15,337.97,545.05,12138.6,124.0,97.89,1.267,False,,True,S-61,16,evt_S-61_desk_work_surface_0003,349c527ccc29dabd,pose_hand_context,,48197.8,2.92,,1,cam12/e1/v1,rtmpose_baseline
full,03.CCTV Mobile Usage.mkv,632de9ed55947761d56d4c6142a3cb1a1fe69d0b1a6d0e01a2e404c697962623,dfine_sahi,80100.0,unknown_object,0.359,142.86,602.32,161.27,618.12,290.9,18.41,15.8,1.165,False,,True,S-61,16,evt_S-61_desk_work_surface_0003,349c527ccc29dabd,pose_hand_context,,48197.8,2.92,,1,cam12/e1/v1,rtmpose_baseline
full,03.CCTV Mobile Usage.mkv,632de9ed55947761d56d4c6142a3cb1a1fe69d0b1a6d0e01a2e404c697962623,dfine_sahi,80100.0,stationery,0.2846,117.95,454.89,203.07,545.22,7689.2,85.13,90.33,0.942,False,,True,S-61,16,evt_S-61_desk_work_surface_0003,349c527ccc29dabd,pose_hand_context,,48197.8,2.92,,1,cam12/e1/v1,rtmpose_baseline
full,03.CCTV Mobile Usage.mkv,632de9ed55947761d56d4c6142a3cb1a1fe69d0b1a6d0e01a2e404c697962623,dfine_sahi,80100.0,unknown_object,0.2785,117.92,588.44,270.51,664.4,11591.2,152.59,75.96,2.009,False,,True,S-61,16,evt_S-61_desk_work_surface_0003,349c527ccc29dabd,pose_hand_context,,48197.8,2.92,,1,cam12/e1/v1,rtmpose_baseline
full,03.CCTV Mobile Usage.mkv,632de9ed55947761d56d4c6142a3cb1a1fe69d0b1a6d0e01a2e404c697962623,dfine_sahi,80100.0,keyboard,0.2617,214.06,555.25,337.93,664.91,13584.0,123.87,109.67,1.129,False,,True,S-61,16,evt_S-61_desk_work_surface_0003,349c527ccc29dabd,pose_hand_context,,48197.8,2.92,,1,cam12/e1/v1,rtmpose_baseline
full,03.CCTV Mobile Usage.mkv,632de9ed55947761d56d4c6142a3cb1a1fe69d0b1a6d0e01a2e404c697962623,dfine_sahi,80600.0,unknown_object,0.683,223.01,565.63,289.77,628.32,4185.6,66.76,62.69,1.065,False,,True,S-61,16,evt_S-61_desk_work_surface_0003,ed48d0d970816504,pose_hand_context,,55084.1,2.73,,1,cam12/e1/v1,rtmpose_baseline
full,03.CCTV Mobile Usage.mkv,632de9ed55947761d56d4c6142a3cb1a1fe69d0b1a6d0e01a2e404c697962623,dfine_sahi,80600.0,unknown_object,0.5117,119.94,454.97,177.06,522.98,3884.7,57.12,68.01,0.84,False,,True,S-61,16,evt_S-61_desk_work_surface_0003,ed48d0d970816504,pose_hand_context,,55084.1,2.73,,1,cam12/e1/v1,rtmpose_baseline
full,03.CCTV Mobile Usage.mkv,632de9ed55947761d56d4c6142a3cb1a1fe69d0b1a6d0e01a2e404c697962623,dfine_sahi,80600.0,unknown_object,0.5001,120.0,649.14,156.24,667.99,683.1,36.24,18.85,1.922,False,,True,S-61,16,evt_S-61_desk_work_surface_0003,ed48d0d970816504,pose_hand_context,,55084.1,2.73,,1,cam12/e1/v1,rtmpose_baseline
full,03.CCTV Mobile Usage.mkv,632de9ed55947761d56d4c6142a3cb1a1fe69d0b1a6d0e01a2e404c697962623,dfine_sahi,80600.0,unknown_object,0.4786,120.03,453.18,273.18,665.68,32546.5,153.16,212.5,0.721,False,,True,S-61,16,evt_S-61_desk_work_surface_0003,ed48d0d970816504,pose_hand_context,,55084.1,2.73,,1,cam12/e1/v1,rtmpose_baseline
full,03.CCTV Mobile Usage.mkv,632de9ed55947761d56d4c6142a3cb1a1fe69d0b1a6d0e01a2e404c697962623,dfine_sahi,80600.0,unknown_object,0.4153,245.57,549.49,354.93,665.88,12728.8,109.36,116.4,0.94,False,,True,S-61,16,evt_S-61_desk_work_surface_0003,ed48d0d970816504,pose_hand_context,,55084.1,2.73,,1,cam12/e1/v1,rtmpose_baseline
full,03.CCTV Mobile Usage.mkv,632de9ed55947761d56d4c6142a3cb1a1fe69d0b1a6d0e01a2e404c697962623,dfine_sahi,80600.0,unknown_object,0.3863,142.93,602.22,161.31,618.0,290.0,18.39,15.77,1.166,False,,True,S-61,16,evt_S-61_desk_work_surface_0003,ed48d0d970816504,pose_hand_context,,55084.1,2.73,,1,cam12/e1/v1,rtmpose_baseline
full,03.CCTV Mobile Usage.mkv,632de9ed55947761d56d4c6142a3cb1a1fe69d0b1a6d0e01a2e404c697962623,dfine_sahi,80600.0,phone,0.3454,183.18,503.62,209.51,533.99,800.0,26.34,30.38,0.867,False,,True,S-61,16,evt_S-61_desk_work_surface_0003,ed48d0d970816504,pose_hand_context,,55084.1,2.73,,1,cam12/e1/v1,rtmpose_baseline
full,03.CCTV Mobile Usage.mkv,632de9ed55947761d56d4c6142a3cb1a1fe69d0b1a6d0e01a2e404c697962623,dfine_sahi,80600.0,phone,0.3089,119.92,454.84,209.23,546.19,8158.1,89.3,91.35,0.978,False,,True,S-61,16,evt_S-61_desk_work_surface_0003,ed48d0d970816504,pose_hand_context,,55084.1,2.73,,1,cam12/e1/v1,rtmpose_baseline
full,03.CCTV Mobile Usage.mkv,632de9ed55947761d56d4c6142a3cb1a1fe69d0b1a6d0e01a2e404c697962623,dfine_sahi,80600.0,phone,0.2953,155.92,503.27,209.04,545.77,2257.5,53.13,42.49,1.25,False,,True,S-61,16,evt_S-61_desk_work_surface_0003,ed48d0d970816504,pose_hand_context,,55084.1,2.73,,1,cam12/e1/v1,rtmpose_baseline
full,03.CCTV Mobile Usage.mkv,632de9ed55947761d56d4c6142a3cb1a1fe69d0b1a6d0e01a2e404c697962623,dfine_sahi,80600.0,unknown_object,0.2686,279.17,551.75,354.7,614.9,4770.0,75.53,63.15,1.196,False,,True,S-61,16,evt_S-61_desk_work_surface_0003,ed48d0d970816504,pose_hand_context,,55084.1,2.73,,1,cam12/e1/v1,rtmpose_baseline
full,03.CCTV Mobile Usage.mkv,632de9ed55947761d56d4c6142a3cb1a1fe69d0b1a6d0e01a2e404c697962623,dfine_sahi,80600.0,unknown_object,0.2647,120.09,434.2,252.03,565.53,17327.0,131.94,131.32,1.005,False,,True,S-61,16,evt_S-61_desk_work_surface_0003,ed48d0d970816504,pose_hand_context,,55084.1,2.73,,1,cam12/e1/v1,rtmpose_baseline
full,03.CCTV Mobile Usage.mkv,632de9ed55947761d56d4c6142a3cb1a1fe69d0b1a6d0e01a2e404c697962623,dfine_sahi,81100.0,unknown_object,0.6411,111.76,454.78,178.09,522.02,4459.0,66.32,67.23,0.986,False,,True,S-61,16,evt_S-61_desk_work_surface_0003,d85e3150d3c5eba9,pose_hand_context,,62064.0,2.36,,1,cam12/e1/v1,rtmpose_baseline
full,03.CCTV Mobile Usage.mkv,632de9ed55947761d56d4c6142a3cb1a1fe69d0b1a6d0e01a2e404c697962623,dfine_sahi,81100.0,unknown_object,0.5457,0.13,303.19,129.06,454.45,19502.8,128.93,151.26,0.852,False,,True,S-61,16,evt_S-61_desk_work_surface_0003,d85e3150d3c5eba9,pose_hand_context,,62064.0,2.36,,1,cam12/e1/v1,rtmpose_baseline
full,03.CCTV Mobile Usage.mkv,632de9ed55947761d56d4c6142a3cb1a1fe69d0b1a6d0e01a2e404c697962623,dfine_sahi,81100.0,unknown_object,0.5281,2.77,421.07,129.01,506.91,10837.2,126.25,85.84,1.471,False,,True,S-61,16,evt_S-61_desk_work_surface_0003,d85e3150d3c5eba9,pose_hand_context,,62064.0,2.36,,1,cam12/e1/v1,rtmpose_baseline
full,03.CCTV Mobile Usage.mkv,632de9ed55947761d56d4c6142a3cb1a1fe69d0b1a6d0e01a2e404c697962623,dfine_sahi,81100.0,unknown_object,0.5193,16.2,303.22,109.55,384.69,7605.5,93.35,81.47,1.146,False,,True,S-61,16,evt_S-61_desk_work_surface_0003,d85e3150d3c5eba9,pose_hand_context,,62064.0,2.36,,1,cam12/e1/v1,rtmpose_baseline
full,03.CCTV Mobile Usage.mkv,632de9ed55947761d56d4c6142a3cb1a1fe69d0b1a6d0e01a2e404c697962623,dfine_sahi,81100.0,phone,0.4824,184.17,490.89,218.65,522.3,1083.2,34.48,31.42,1.098,False,,True,S-61,16,evt_S-61_desk_work_surface_0003,d85e3150d3c5eba9,pose_hand_context,,62064.0,2.36,,1,cam12/e1/v1,rtmpose_baseline
full,03.CCTV Mobile Usage.mkv,632de9ed55947761d56d4c6142a3cb1a1fe69d0b1a6d0e01a2e404c697962623,dfine_sahi,81100.0,monitor_or_bezel,0.341,-0.11,494.62,202.94,572.63,15839.9,203.05,78.01,2.603,False,,True,S-61,16,evt_S-61_desk_work_surface_0003,d85e3150d3c5eba9,pose_hand_context,,62064.0,2.36,,1,cam12/e1/v1,rtmpose_baseline
full,03.CCTV Mobile Usage.mkv,632de9ed55947761d56d4c6142a3cb1a1fe69d0b1a6d0e01a2e404c697962623,dfine_sahi,81100.0,unknown_object,0.3085,198.03,506.16,228.95,557.21,1578.7,30.92,51.05,0.606,False,,True,S-61,16,evt_S-61_desk_work_surface_0003,d85e3150d3c5eba9,pose_hand_context,,62064.0,2.36,,1,cam12/e1/v1,rtmpose_baseline
full,03.CCTV Mobile Usage.mkv,632de9ed55947761d56d4c6142a3cb1a1fe69d0b1a6d0e01a2e404c697962623,dfine_sahi,81100.0,unknown_object,0.308,38.27,421.08,128.95,474.22,4819.1,90.69,53.14,1.707,False,,True,S-61,16,evt_S-61_desk_work_surface_0003,d85e3150d3c5eba9,pose_hand_context,,62064.0,2.36,,1,cam12/e1/v1,rtmpose_baseline
full,03.CCTV Mobile Usage.mkv,632de9ed55947761d56d4c6142a3cb1a1fe69d0b1a6d0e01a2e404c697962623,dfine_sahi,81100.0,stationery,0.2996,47.38,509.53,84.81,554.95,1700.1,37.43,45.43,0.824,False,,True,S-61,16,evt_S-61_desk_work_surface_0003,d85e3150d3c5eba9,pose_hand_context,,62064.0,2.36,,1,cam12/e1/v1,rtmpose_baseline
full,03.CCTV Mobile Usage.mkv,632de9ed55947761d56d4c6142a3cb1a1fe69d0b1a6d0e01a2e404c697962623,dfine_sahi,81100.0,unknown_object,0.2971,-0.17,303.08,228.68,571.99,61537.1,228.84,268.9,0.851,False,,True,S-61,16,evt_S-61_desk_work_surface_0003,d85e3150d3c5eba9,pose_hand_context,,62064.0,2.36,,1,cam12/e1/v1,rtmpose_baseline
full,03.CCTV Mobile Usage.mkv,632de9ed55947761d56d4c6142a3cb1a1fe69d0b1a6d0e01a2e404c697962623,dfine_sahi,81100.0,stationery,0.2966,155.71,517.18,228.49,572.8,4048.2,72.78,55.62,1.309,False,,True,S-61,16,evt_S-61_desk_work_surface_0003,d85e3150d3c5eba9,pose_hand_context,,62064.0,2.36,,1,cam12/e1/v1,rtmpose_baseline
full,03.CCTV Mobile Usage.mkv,632de9ed55947761d56d4c6142a3cb1a1fe69d0b1a6d0e01a2e404c697962623,dfine_sahi,81100.0,unknown_object,0.2922,164.31,455.48,225.34,489.92,2101.7,61.03,34.44,1.772,False,,True,S-61,16,evt_S-61_desk_work_surface_0003,d85e3150d3c5eba9,pose_hand_context,,62064.0,2.36,,1,cam12/e1/v1,rtmpose_baseline
full,03.CCTV Mobile Usage.mkv,632de9ed55947761d56d4c6142a3cb1a1fe69d0b1a6d0e01a2e404c697962623,dfine_sahi,81100.0,unknown_object,0.2921,37.66,367.56,129.07,454.64,7959.7,91.41,87.08,1.05,False,,True,S-61,16,evt_S-61_desk_work_surface_0003,d85e3150d3c5eba9,pose_hand_context,,62064.0,2.36,,1,cam12/e1/v1,rtmpose_baseline
full,03.CCTV Mobile Usage.mkv,632de9ed55947761d56d4c6142a3cb1a1fe69d0b1a6d0e01a2e404c697962623,dfine_sahi,81100.0,unknown_object,0.2633,1.66,449.27,226.17,572.75,27723.0,224.51,123.48,1.818,False,,True,S-61,16,evt_S-61_desk_work_surface_0003,d85e3150d3c5eba9,pose_hand_context,,62064.0,2.36,,1,cam12/e1/v1,rtmpose_baseline
full,03.CCTV Mobile Usage.mkv,632de9ed55947761d56d4c6142a3cb1a1fe69d0b1a6d0e01a2e404c697962623,dfine_sahi,81100.0,unknown_object,0.2601,99.88,303.08,229.08,454.59,19574.7,129.2,151.51,0.853,False,,True,S-61,16,evt_S-61_desk_work_surface_0003,d85e3150d3c5eba9,pose_hand_context,,62064.0,2.36,,1,cam12/e1/v1,rtmpose_baseline
full,03.CCTV Mobile Usage.mkv,632de9ed55947761d56d4c6142a3cb1a1fe69d0b1a6d0e01a2e404c697962623,dfine_sahi,81600.0,unknown_object,0.6323,111.59,454.89,177.39,521.39,4374.9,65.79,66.5,0.989,False,,True,S-61,16,evt_S-61_desk_work_surface_0003,1f150759b0e4d916,pose_hand_context,,59588.6,2.43,,1,cam12/e1/v1,rtmpose_baseline
full,03.CCTV Mobile Usage.mkv,632de9ed55947761d56d4c6142a3cb1a1fe69d0b1a6d0e01a2e404c697962623,dfine_sahi,81600.0,unknown_object,0.5533,0.05,305.15,127.28,452.43,18738.6,127.23,147.28,0.864,False,,True,S-61,16,evt_S-61_desk_work_surface_0003,1f150759b0e4d916,pose_hand_context,,59588.6,2.43,,1,cam12/e1/v1,rtmpose_baseline
full,03.CCTV Mobile Usage.mkv,632de9ed55947761d56d4c6142a3cb1a1fe69d0b1a6d0e01a2e404c697962623,dfine_sahi,81600.0,unknown_object,0.5237,3.22,420.17,127.06,565.25,17965.7,123.84,145.07,0.854,False,,True,S-61,16,evt_S-61_desk_work_surface_0003,1f150759b0e4d916,pose_hand_context,,59588.6,2.43,,1,cam12/e1/v1,rtmpose_baseline
full,03.CCTV Mobile Usage.mkv,632de9ed55947761d56d4c6142a3cb1a1fe69d0b1a6d0e01a2e404c697962623,dfine_sahi,81600.0,unknown_object,0.4946,97.97,420.15,226.08,567.55,18883.2,128.11,147.4,0.869,False,,True,S-61,16,evt_S-61_desk_work_surface_0003,1f150759b0e4d916,pose_hand_context,,59588.6,2.43,,1,cam12/e1/v1,rtmpose_baseline
full,03.CCTV Mobile Usage.mkv,632de9ed55947761d56d4c6142a3cb1a1fe69d0b1a6d0e01a2e404c697962623,dfine_sahi,81600.0,phone,0.4473,180.22,432.54,210.84,473.94,1268.0,30.63,41.4,0.74,False,,True,S-61,16,evt_S-61_desk_work_surface_0003,1f150759b0e4d916,pose_hand_context,,59588.6,2.43,,1,cam12/e1/v1,rtmpose_baseline
full,03.CCTV Mobile Usage.mkv,632de9ed55947761d56d4c6142a3cb1a1fe69d0b1a6d0e01a2e404c697962623,dfine_sahi,81600.0,unknown_object,0.3934,14.09,305.11,110.12,384.57,7630.2,96.03,79.45,1.209,False,,True,S-61,16,evt_S-61_desk_work_surface_0003,1f150759b0e4d916,pose_hand_context,,59588.6,2.43,,1,cam12/e1/v1,rtmpose_baseline
full,03.CCTV Mobile Usage.mkv,632de9ed55947761d56d4c6142a3cb1a1fe69d0b1a6d0e01a2e404c697962623,dfine_sahi,81600.0,unknown_object,0.3249,97.9,332.17,226.02,452.38,15400.7,128.12,120.21,1.066,False,,True,S-61,16,evt_S-61_desk_work_surface_0003,1f150759b0e4d916,pose_hand_context,,59588.6,2.43,,1,cam12/e1/v1,rtmpose_baseline
full,03.CCTV Mobile Usage.mkv,632de9ed55947761d56d4c6142a3cb1a1fe69d0b1a6d0e01a2e404c697962623,dfine_sahi,81600.0,monitor_or_bezel,0.3048,-0.08,494.91,197.04,567.73,14354.7,197.12,72.82,2.707,False,,True,S-61,16,evt_S-61_desk_work_surface_0003,1f150759b0e4d916,pose_hand_context,,59588.6,2.43,,1,cam12/e1/v1,rtmpose_baseline
full,03.CCTV Mobile Usage.mkv,632de9ed55947761d56d4c6142a3cb1a1fe69d0b1a6d0e01a2e404c697962623,dfine_sahi,81600.0,stationery,0.2948,180.17,432.44,221.54,475.98,1801.6,41.37,43.55,0.95,False,,True,S-61,16,evt_S-61_desk_work_surface_0003,1f150759b0e4d916,pose_hand_context,,59588.6,2.43,,1,cam12/e1/v1,rtmpose_baseline
full,03.CCTV Mobile Usage.mkv,632de9ed55947761d56d4c6142a3cb1a1fe69d0b1a6d0e01a2e404c697962623,dfine_sahi,81600.0,stationery,0.2819,46.74,509.45,84.81,554.73,1723.9,38.07,45.28,0.841,False,,True,S-61,16,evt_S-61_desk_work_surface_0003,1f150759b0e4d916,pose_hand_context,,59588.6,2.43,,1,cam12/e1/v1,rtmpose_baseline
full,03.CCTV Mobile Usage.mkv,632de9ed55947761d56d4c6142a3cb1a1fe69d0b1a6d0e01a2e404c697962623,dfine_sahi,81600.0,unknown_object,0.2763,38.28,420.13,126.86,474.71,4834.8,88.58,54.58,1.623,False,,True,S-61,16,evt_S-61_desk_work_surface_0003,1f150759b0e4d916,pose_hand_context,,59588.6,2.43,,1,cam12/e1/v1,rtmpose_baseline
full,03.CCTV Mobile Usage.mkv,632de9ed55947761d56d4c6142a3cb1a1fe69d0b1a6d0e01a2e404c697962623,dfine_sahi,81600.0,unknown_object,0.2672,-0.23,305.81,225.52,566.98,58956.9,225.74,261.17,0.864,False,,True,S-61,16,evt_S-61_desk_work_surface_0003,1f150759b0e4d916,pose_hand_context,,59588.6,2.43,,1,cam12/e1/v1,rtmpose_baseline
full,03.CCTV Mobile Usage.mkv,632de9ed55947761d56d4c6142a3cb1a1fe69d0b1a6d0e01a2e404c697962623,dfine_sahi,82100.0,unknown_object,0.7149,111.03,454.63,176.7,522.02,4426.5,65.68,67.4,0.975,False,,True,S-61,16,evt_S-61_desk_work_surface_0003,853aabc1e2041093,pose_hand_context,,44780.8,2.92,,1,cam12/e1/v1,rtmpose_baseline
full,03.CCTV Mobile Usage.mkv,632de9ed55947761d56d4c6142a3cb1a1fe69d0b1a6d0e01a2e404c697962623,dfine_sahi,82100.0,unknown_object,0.5732,-0.16,326.15,114.88,448.55,14081.1,115.04,122.4,0.94,False,,True,S-61,16,evt_S-61_desk_work_surface_0003,853aabc1e2041093,pose_hand_context,,44780.8,2.92,,1,cam12/e1/v1,rtmpose_baseline
full,03.CCTV Mobile Usage.mkv,632de9ed55947761d56d4c6142a3cb1a1fe69d0b1a6d0e01a2e404c697962623,dfine_sahi,82100.0,unknown_object,0.4691,2.37,422.1,114.91,505.91,9431.8,112.54,83.81,1.343,False,,True,S-61,16,evt_S-61_desk_work_surface_0003,853aabc1e2041093,pose_hand_context,,44780.8,2.92,,1,cam12/e1/v1,rtmpose_baseline
full,03.CCTV Mobile Usage.mkv,632de9ed55947761d56d4c6142a3cb1a1fe69d0b1a6d0e01a2e404c697962623,dfine_sahi,82100.0,unknown_object,0.3406,88.88,326.82,187.25,448.24,11943.2,98.36,121.42,0.81,False,,True,S-61,16,evt_S-61_desk_work_surface_0003,853aabc1e2041093,pose_hand_context,,44780.8,2.92,,1,cam12/e1/v1,rtmpose_baseline
full,03.CCTV Mobile Usage.mkv,632de9ed55947761d56d4c6142a3cb1a1fe69d0b1a6d0e01a2e404c697962623,dfine_sahi,82100.0,unknown_object,0.3385,38.09,422.2,114.78,474.79,4033.6,76.7,52.59,1.458,False,,True,S-61,16,evt_S-61_desk_work_surface_0003,853aabc1e2041093,pose_hand_context,,44780.8,2.92,,1,cam12/e1/v1,rtmpose_baseline
full,03.CCTV Mobile Usage.mkv,632de9ed55947761d56d4c6142a3cb1a1fe69d0b1a6d0e01a2e404c697962623,dfine_sahi,82100.0,phone,0.2918,175.98,370.82,191.97,384.88,224.7,15.99,14.06,1.137,False,,True,S-61,16,evt_S-61_desk_work_surface_0003,853aabc1e2041093,pose_hand_context,,44780.8,2.92,,1,cam12/e1/v1,rtmpose_baseline
full,03.CCTV Mobile Usage.mkv,632de9ed55947761d56d4c6142a3cb1a1fe69d0b1a6d0e01a2e404c697962623,dfine_sahi,82100.0,unknown_object,0.251,88.97,386.08,149.22,427.48,2494.2,60.25,41.4,1.455,False,,True,S-61,16,evt_S-61_desk_work_surface_0003,853aabc1e2041093,pose_hand_context,,44780.8,2.92,,1,cam12/e1/v1,rtmpose_baseline
full,03.CCTV Mobile Usage.mkv,632de9ed55947761d56d4c6142a3cb1a1fe69d0b1a6d0e01a2e404c697962623,dfine_sahi,82600.0,unknown_object,0.587,-0.21,323.18,117.09,449.43,14808.6,117.3,126.24,0.929,False,,True,S-61,16,evt_S-61_desk_work_surface_0003,eb2e0ecd3090c95c,pose_hand_context,,47311.2,2.83,,1,cam12/e1/v1,rtmpose_baseline
full,03.CCTV Mobile Usage.mkv,632de9ed55947761d56d4c6142a3cb1a1fe69d0b1a6d0e01a2e404c697962623,dfine_sahi,82600.0,unknown_object,0.5578,111.4,453.62,176.92,521.82,4468.8,65.52,68.2,0.961,False,,True,S-61,16,evt_S-61_desk_work_surface_0003,eb2e0ecd3090c95c,pose_hand_context,,47311.2,2.83,,1,cam12/e1/v1,rtmpose_baseline
full,03.CCTV Mobile Usage.mkv,632de9ed55947761d56d4c6142a3cb1a1fe69d0b1a6d0e01a2e404c697962623,dfine_sahi,82600.0,unknown_object,0.5325,90.93,422.32,208.21,548.63,14813.3,117.28,126.31,0.928,False,,True,S-61,16,evt_S-61_desk_work_surface_0003,eb2e0ecd3090c95c,pose_hand_context,,47311.2,2.83,,1,cam12/e1/v1,rtmpose_baseline
full,03.CCTV Mobile Usage.mkv,632de9ed55947761d56d4c6142a3cb1a1fe69d0b1a6d0e01a2e404c697962623,dfine_sahi,82600.0,unknown_object,0.4521,0.53,422.16,117.12,548.46,14726.0,116.59,126.31,0.923,False,,True,S-61,16,evt_S-61_desk_work_surface_0003,eb2e0ecd3090c95c,pose_hand_context,,47311.2,2.83,,1,cam12/e1/v1,rtmpose_baseline
full,03.CCTV Mobile Usage.mkv,632de9ed55947761d56d4c6142a3cb1a1fe69d0b1a6d0e01a2e404c697962623,dfine_sahi,82600.0,unknown_object,0.4017,90.92,323.27,207.91,449.54,14772.1,116.99,126.27,0.927,False,,True,S-61,16,evt_S-61_desk_work_surface_0003,eb2e0ecd3090c95c,pose_hand_context,,47311.2,2.83,,1,cam12/e1/v1,rtmpose_baseline
full,03.CCTV Mobile Usage.mkv,632de9ed55947761d56d4c6142a3cb1a1fe69d0b1a6d0e01a2e404c697962623,dfine_sahi,82600.0,secondary_paper_chit,0.374,91.06,448.43,177.0,522.76,6388.0,85.94,74.33,1.156,False,,True,S-61,16,evt_S-61_desk_work_surface_0003,eb2e0ecd3090c95c,pose_hand_context,,47311.2,2.83,,1,cam12/e1/v1,rtmpose_baseline
full,03.CCTV Mobile Usage.mkv,632de9ed55947761d56d4c6142a3cb1a1fe69d0b1a6d0e01a2e404c697962623,dfine_sahi,82600.0,monitor_or_bezel,0.3068,-0.29,494.34,178.05,548.87,9725.0,178.34,54.53,3.27,False,,True,S-61,16,evt_S-61_desk_work_surface_0003,eb2e0ecd3090c95c,pose_hand_context,,47311.2,2.83,,1,cam12/e1/v1,rtmpose_baseline
full,03.CCTV Mobile Usage.mkv,632de9ed55947761d56d4c6142a3cb1a1fe69d0b1a6d0e01a2e404c697962623,dfine_sahi,82600.0,phone,0.3047,167.33,439.05,193.41,480.06,1069.4,26.08,41.01,0.636,False,,True,S-61,16,evt_S-61_desk_work_surface_0003,eb2e0ecd3090c95c,pose_hand_context,,47311.2,2.83,,1,cam12/e1/v1,rtmpose_baseline
full,03.CCTV Mobile Usage.mkv,632de9ed55947761d56d4c6142a3cb1a1fe69d0b1a6d0e01a2e404c697962623,dfine_sahi,82600.0,unknown_object,0.3003,137.46,424.43,196.47,517.26,5477.3,59.01,92.83,0.636,False,,True,S-61,16,evt_S-61_desk_work_surface_0003,eb2e0ecd3090c95c,pose_hand_context,,47311.2,2.83,,1,cam12/e1/v1,rtmpose_baseline
full,03.CCTV Mobile Usage.mkv,632de9ed55947761d56d4c6142a3cb1a1fe69d0b1a6d0e01a2e404c697962623,dfine_sahi,82600.0,unknown_object,0.2995,38.23,422.22,116.96,474.7,4132.6,78.73,52.49,1.5,False,,True,S-61,16,evt_S-61_desk_work_surface_0003,eb2e0ecd3090c95c,pose_hand_context,,47311.2,2.83,,1,cam12/e1/v1,rtmpose_baseline
full,03.CCTV Mobile Usage.mkv,632de9ed55947761d56d4c6142a3cb1a1fe69d0b1a6d0e01a2e404c697962623,dfine_sahi,82600.0,unknown_object,0.2986,22.42,323.06,109.9,387.61,5647.4,87.49,64.55,1.355,False,,True,S-61,16,evt_S-61_desk_work_surface_0003,eb2e0ecd3090c95c,pose_hand_context,,47311.2,2.83,,1,cam12/e1/v1,rtmpose_baseline
full,03.CCTV Mobile Usage.mkv,632de9ed55947761d56d4c6142a3cb1a1fe69d0b1a6d0e01a2e404c697962623,dfine_sahi,82600.0,unknown_object,0.2792,46.44,509.62,85.26,548.91,1525.4,38.82,39.29,0.988,False,,True,S-61,16,evt_S-61_desk_work_surface_0003,eb2e0ecd3090c95c,pose_hand_context,,47311.2,2.83,,1,cam12/e1/v1,rtmpose_baseline
full,03.CCTV Mobile Usage.mkv,632de9ed55947761d56d4c6142a3cb1a1fe69d0b1a6d0e01a2e404c697962623,dfine_sahi,83100.0,unknown_object,0.7839,111.32,454.83,176.65,522.3,4407.2,65.33,67.46,0.968,False,,True,S-61,16,evt_S-61_desk_work_surface_0003,e1a851f71775b910,pose_hand_context,,44400.6,2.95,,1,cam12/e1/v1,rtmpose_baseline
full,03.CCTV Mobile Usage.mkv,632de9ed55947761d56d4c6142a3cb1a1fe69d0b1a6d0e01a2e404c697962623,dfine_sahi,83100.0,secondary_paper_chit,0.5691,89.88,455.37,177.15,522.17,5829.4,87.27,66.8,1.306,False,,True,S-61,16,evt_S-61_desk_work_surface_0003,e1a851f71775b910,pose_hand_context,,44400.6,2.95,,1,cam12/e1/v1,rtmpose_baseline
full,03.CCTV Mobile Usage.mkv,632de9ed55947761d56d4c6142a3cb1a1fe69d0b1a6d0e01a2e404c697962623,dfine_sahi,83100.0,unknown_object,0.5656,-0.02,328.15,114.84,449.42,13929.0,114.85,121.28,0.947,False,,True,S-61,16,evt_S-61_desk_work_surface_0003,e1a851f71775b910,pose_hand_context,,44400.6,2.95,,1,cam12/e1/v1,rtmpose_baseline
full,03.CCTV Mobile Usage.mkv,632de9ed55947761d56d4c6142a3cb1a1fe69d0b1a6d0e01a2e404c697962623,dfine_sahi,83100.0,unknown_object,0.4111,37.89,423.17,114.81,474.67,3961.7,76.92,51.5,1.494,False,,True,S-61,16,evt_S-61_desk_work_surface_0003,e1a851f71775b910,pose_hand_context,,44400.6,2.95,,1,cam12/e1/v1,rtmpose_baseline
full,03.CCTV Mobile Usage.mkv,632de9ed55947761d56d4c6142a3cb1a1fe69d0b1a6d0e01a2e404c697962623,dfine_sahi,83100.0,keyboard,0.3562,79.96,384.8,151.67,426.8,3011.7,71.71,42.0,1.707,False,,True,S-61,16,evt_S-61_desk_work_surface_0003,e1a851f71775b910,pose_hand_context,,44400.6,2.95,,1,cam12/e1/v1,rtmpose_baseline
full,03.CCTV Mobile Usage.mkv,632de9ed55947761d56d4c6142a3cb1a1fe69d0b1a6d0e01a2e404c697962623,dfine_sahi,83100.0,unknown_object,0.3408,88.94,328.32,186.64,449.27,11817.2,97.7,120.95,0.808,False,,True,S-61,16,evt_S-61_desk_work_surface_0003,e1a851f71775b910,pose_hand_context,,44400.6,2.95,,1,cam12/e1/v1,rtmpose_baseline
full,03.CCTV Mobile Usage.mkv,632de9ed55947761d56d4c6142a3cb1a1fe69d0b1a6d0e01a2e404c697962623,dfine_sahi,83100.0,unknown_object,0.335,0.53,423.2,114.99,544.46,13879.5,114.46,121.26,0.944,False,,True,S-61,16,evt_S-61_desk_work_surface_0003,e1a851f71775b910,pose_hand_context,,44400.6,2.95,,1,cam12/e1/v1,rtmpose_baseline
full,03.CCTV Mobile Usage.mkv,632de9ed55947761d56d4c6142a3cb1a1fe69d0b1a6d0e01a2e404c697962623,dfine_sahi,83100.0,secondary_paper_chit,0.3313,8.0,448.0,113.06,501.52,5623.4,105.06,53.53,1.963,False,,True,S-61,16,evt_S-61_desk_work_surface_0003,e1a851f71775b910,pose_hand_context,,44400.6,2.95,,1,cam12/e1/v1,rtmpose_baseline
full,03.CCTV Mobile Usage.mkv,632de9ed55947761d56d4c6142a3cb1a1fe69d0b1a6d0e01a2e404c697962623,dfine_sahi,83100.0,monitor_or_bezel,0.2954,-0.08,494.12,173.09,544.94,8801.5,173.17,50.83,3.407,False,,True,S-61,16,evt_S-61_desk_work_surface_0003,e1a851f71775b910,pose_hand_context,,44400.6,2.95,,1,cam12/e1/v1,rtmpose_baseline
full,03.CCTV Mobile Usage.mkv,632de9ed55947761d56d4c6142a3cb1a1fe69d0b1a6d0e01a2e404c697962623,dfine_sahi,83600.0,unknown_object,0.7546,111.0,454.35,176.9,522.15,4468.0,65.9,67.8,0.972,False,,True,S-61,16,evt_S-61_desk_work_surface_0003,3ae19f23a7e316b6,pose_hand_context,,42624.4,3.03,,1,cam12/e1/v1,rtmpose_baseline
full,03.CCTV Mobile Usage.mkv,632de9ed55947761d56d4c6142a3cb1a1fe69d0b1a6d0e01a2e404c697962623,dfine_sahi,83600.0,secondary_paper_chit,0.6136,90.12,454.89,177.41,522.29,5883.3,87.29,67.4,1.295,False,,True,S-61,16,evt_S-61_desk_work_surface_0003,3ae19f23a7e316b6,pose_hand_context,,42624.4,3.03,,1,cam12/e1/v1,rtmpose_baseline
full,03.CCTV Mobile Usage.mkv,632de9ed55947761d56d4c6142a3cb1a1fe69d0b1a6d0e01a2e404c697962623,dfine_sahi,83600.0,unknown_object,0.5314,-0.02,331.15,112.89,449.34,13344.9,112.91,118.19,0.955,False,,True,S-61,16,evt_S-61_desk_work_surface_0003,3ae19f23a7e316b6,pose_hand_context,,42624.4,3.03,,1,cam12/e1/v1,rtmpose_baseline
full,03.CCTV Mobile Usage.mkv,632de9ed55947761d56d4c6142a3cb1a1fe69d0b1a6d0e01a2e404c697962623,dfine_sahi,83600.0,unknown_object,0.4554,37.89,423.2,112.97,474.65,3863.2,75.08,51.45,1.459,False,,True,S-61,16,evt_S-61_desk_work_surface_0003,3ae19f23a7e316b6,pose_hand_context,,42624.4,3.03,,1,cam12/e1/v1,rtmpose_baseline
full,03.CCTV Mobile Usage.mkv,632de9ed55947761d56d4c6142a3cb1a1fe69d0b1a6d0e01a2e404c697962623,dfine_sahi,83600.0,unknown_object,0.403,88.0,423.22,201.04,523.22,11303.3,113.04,99.99,1.13,False,,True,S-61,16,evt_S-61_desk_work_surface_0003,3ae19f23a7e316b6,pose_hand_context,,42624.4,3.03,,1,cam12/e1/v1,rtmpose_baseline
full,03.CCTV Mobile Usage.mkv,632de9ed55947761d56d4c6142a3cb1a1fe69d0b1a6d0e01a2e404c697962623,dfine_sahi,83600.0,unknown_object,0.3893,28.02,331.09,109.08,388.61,4662.1,81.06,57.52,1.409,False,,True,S-61,16,evt_S-61_desk_work_surface_0003,3ae19f23a7e316b6,pose_hand_context,,42624.4,3.03,,1,cam12/e1/v1,rtmpose_baseline
full,03.CCTV Mobile Usage.mkv,632de9ed55947761d56d4c6142a3cb1a1fe69d0b1a6d0e01a2e404c697962623,dfine_sahi,83600.0,unknown_object,0.367,76.87,331.24,172.47,426.61,9117.3,95.6,95.37,1.002,False,,True,S-61,16,evt_S-61_desk_work_surface_0003,3ae19f23a7e316b6,pose_hand_context,,42624.4,3.03,,1,cam12/e1/v1,rtmpose_baseline
full,03.CCTV Mobile Usage.mkv,632de9ed55947761d56d4c6142a3cb1a1fe69d0b1a6d0e01a2e404c697962623,dfine_sahi,83600.0,secondary_paper_chit,0.3414,11.58,448.47,113.21,499.8,5217.0,101.63,51.33,1.98,False,,True,S-61,16,evt_S-61_desk_work_surface_0003,3ae19f23a7e316b6,pose_hand_context,,42624.4,3.03,,1,cam12/e1/v1,rtmpose_baseline
full,03.CCTV Mobile Usage.mkv,632de9ed55947761d56d4c6142a3cb1a1fe69d0b1a6d0e01a2e404c697962623,dfine_sahi,83600.0,bag,0.2965,-0.21,331.25,86.51,450.19,10314.0,86.72,118.94,0.729,False,,True,S-61,16,evt_S-61_desk_work_surface_0003,3ae19f23a7e316b6,pose_hand_context,,42624.4,3.03,,1,cam12/e1/v1,rtmpose_baseline
full,03.CCTV Mobile Usage.mkv,632de9ed55947761d56d4c6142a3cb1a1fe69d0b1a6d0e01a2e404c697962623,dfine_sahi,83600.0,unknown_object,0.2832,0.01,423.18,113.07,541.7,13400.8,113.06,118.52,0.954,False,,True,S-61,16,evt_S-61_desk_work_surface_0003,3ae19f23a7e316b6,pose_hand_context,,42624.4,3.03,,1,cam12/e1/v1,rtmpose_baseline
full,03.CCTV Mobile Usage.mkv,632de9ed55947761d56d4c6142a3cb1a1fe69d0b1a6d0e01a2e404c697962623,dfine_sahi,102500.0,unknown_object,0.7592,110.87,454.22,176.88,519.06,4279.7,66.01,64.84,1.018,False,,True,S-61,17,evt_S-61_desk_work_surface_0004,c429f65ecea87bb2,pose_hand_context,,31272.4,3.62,,1,cam12/e1/v1,rtmpose_baseline
full,03.CCTV Mobile Usage.mkv,632de9ed55947761d56d4c6142a3cb1a1fe69d0b1a6d0e01a2e404c697962623,dfine_sahi,102500.0,unknown_object,0.501,39.61,426.19,103.94,472.35,2969.2,64.33,46.16,1.394,False,,True,S-61,17,evt_S-61_desk_work_surface_0004,c429f65ecea87bb2,pose_hand_context,,31272.4,3.62,,1,cam12/e1/v1,rtmpose_baseline
full,03.CCTV Mobile Usage.mkv,632de9ed55947761d56d4c6142a3cb1a1fe69d0b1a6d0e01a2e404c697962623,dfine_sahi,102500.0,unknown_object,0.4314,81.99,425.37,181.81,523.07,9752.1,99.82,97.7,1.022,False,,True,S-61,17,evt_S-61_desk_work_surface_0004,c429f65ecea87bb2,pose_hand_context,,31272.4,3.62,,1,cam12/e1/v1,rtmpose_baseline
full,03.CCTV Mobile Usage.mkv,632de9ed55947761d56d4c6142a3cb1a1fe69d0b1a6d0e01a2e404c697962623,dfine_sahi,102500.0,unknown_object,0.3548,43.21,509.32,79.56,523.98,533.0,36.35,14.66,2.479,False,,True,S-61,17,evt_S-61_desk_work_surface_0004,c429f65ecea87bb2,pose_hand_context,,31272.4,3.62,,1,cam12/e1/v1,rtmpose_baseline
full,03.CCTV Mobile Usage.mkv,632de9ed55947761d56d4c6142a3cb1a1fe69d0b1a6d0e01a2e404c697962623,dfine_sahi,102500.0,unknown_object,0.349,5.0,425.27,103.98,523.57,9729.2,98.97,98.3,1.007,False,,True,S-61,17,evt_S-61_desk_work_surface_0004,c429f65ecea87bb2,pose_hand_context,,31272.4,3.62,,1,cam12/e1/v1,rtmpose_baseline
full,03.CCTV Mobile Usage.mkv,632de9ed55947761d56d4c6142a3cb1a1fe69d0b1a6d0e01a2e404c697962623,dfine_sahi,102500.0,unknown_object,0.3154,82.19,387.06,172.48,445.92,5314.2,90.29,58.85,1.534,False,,True,S-61,17,evt_S-61_desk_work_surface_0004,c429f65ecea87bb2,pose_hand_context,,31272.4,3.62,,1,cam12/e1/v1,rtmpose_baseline
full,03.CCTV Mobile Usage.mkv,632de9ed55947761d56d4c6142a3cb1a1fe69d0b1a6d0e01a2e404c697962623,dfine_sahi,102500.0,unknown_object,0.2915,7.84,479.47,24.87,494.97,263.9,17.02,15.5,1.098,False,,True,S-61,17,evt_S-61_desk_work_surface_0004,c429f65ecea87bb2,pose_hand_context,,31272.4,3.62,,1,cam12/e1/v1,rtmpose_baseline
full,03.CCTV Mobile Usage.mkv,632de9ed55947761d56d4c6142a3cb1a1fe69d0b1a6d0e01a2e404c697962623,dfine_sahi,102500.0,unknown_object,0.266,73.42,483.17,103.55,500.91,534.3,30.13,17.73,1.699,False,,True,S-61,17,evt_S-61_desk_work_surface_0004,c429f65ecea87bb2,pose_hand_context,,31272.4,3.62,,1,cam12/e1/v1,rtmpose_baseline
full,03.CCTV Mobile Usage.mkv,632de9ed55947761d56d4c6142a3cb1a1fe69d0b1a6d0e01a2e404c697962623,dfine_sahi,102500.0,monitor_or_bezel,0.3833,796.03,2.34,844.0,44.3,2012.4,47.96,41.96,1.143,False,,True,unattributed,18,evt_S-61_desk_work_surface_0004,d93b48690c9b5016,native_source_context_fallback,wrist_confidence_below_floor,9573.1,6.49,,1,cam12/e1/v1,rtmpose_baseline
full,03.CCTV Mobile Usage.mkv,632de9ed55947761d56d4c6142a3cb1a1fe69d0b1a6d0e01a2e404c697962623,dfine_sahi,102500.0,monitor_or_bezel,0.3224,796.01,29.03,844.53,44.81,765.3,48.52,15.77,3.076,False,,True,unattributed,18,evt_S-61_desk_work_surface_0004,d93b48690c9b5016,native_source_context_fallback,wrist_confidence_below_floor,9573.1,6.49,,1,cam12/e1/v1,rtmpose_baseline
full,03.CCTV Mobile Usage.mkv,632de9ed55947761d56d4c6142a3cb1a1fe69d0b1a6d0e01a2e404c697962623,dfine_sahi,102500.0,unknown_object,0.3188,830.66,86.24,891.95,124.46,2342.6,61.29,38.22,1.603,False,,True,unattributed,18,evt_S-61_desk_work_surface_0004,d93b48690c9b5016,native_source_context_fallback,wrist_confidence_below_floor,9573.1,6.49,,1,cam12/e1/v1,rtmpose_baseline
full,03.CCTV Mobile Usage.mkv,632de9ed55947761d56d4c6142a3cb1a1fe69d0b1a6d0e01a2e404c697962623,dfine_sahi,102500.0,bag,0.3083,839.22,46.07,911.8,94.77,3533.9,72.58,48.69,1.491,False,,True,unattributed,18,evt_S-61_desk_work_surface_0004,d93b48690c9b5016,native_source_context_fallback,wrist_confidence_below_floor,9573.1,6.49,,1,cam12/e1/v1,rtmpose_baseline
full,03.CCTV Mobile Usage.mkv,632de9ed55947761d56d4c6142a3cb1a1fe69d0b1a6d0e01a2e404c697962623,dfine_sahi,102500.0,unknown_object,0.2855,854.17,8.38,902.45,49.66,1992.4,48.27,41.27,1.17,False,,True,unattributed,18,evt_S-61_desk_work_surface_0004,d93b48690c9b5016,native_source_context_fallback,wrist_confidence_below_floor,9573.1,6.49,,1,cam12/e1/v1,rtmpose_baseline
full,03.CCTV Mobile Usage.mkv,632de9ed55947761d56d4c6142a3cb1a1fe69d0b1a6d0e01a2e404c697962623,dfine_sahi,102500.0,unknown_object,0.2729,839.04,29.07,934.97,124.6,9164.8,95.94,95.53,1.004,False,,True,unattributed,18,evt_S-61_desk_work_surface_0004,d93b48690c9b5016,native_source_context_fallback,wrist_confidence_below_floor,9573.1,6.49,,1,cam12/e1/v1,rtmpose_baseline
full,03.CCTV Mobile Usage.mkv,632de9ed55947761d56d4c6142a3cb1a1fe69d0b1a6d0e01a2e404c697962623,dfine_sahi,102500.0,keyboard,0.9188,962.3,451.95,1068.05,491.44,4175.7,105.74,39.49,2.678,False,,True,R-desk,19,evt_S-61_desk_work_surface_0004,f15934d2f04eb552,lap_bag_context,wrist_confidence_below_floor,34560.0,1.33,,1,cam12/e1/v1,rtmpose_baseline
full,03.CCTV Mobile Usage.mkv,632de9ed55947761d56d4c6142a3cb1a1fe69d0b1a6d0e01a2e404c697962623,dfine_sahi,102500.0,phone,0.7377,1043.6,421.86,1112.16,473.96,3571.6,68.55,52.1,1.316,False,,True,R-desk,19,evt_S-61_desk_work_surface_0004,f15934d2f04eb552,lap_bag_context,wrist_confidence_below_floor,34560.0,1.33,,1,cam12/e1/v1,rtmpose_baseline
full,03.CCTV Mobile Usage.mkv,632de9ed55947761d56d4c6142a3cb1a1fe69d0b1a6d0e01a2e404c697962623,dfine_sahi,102500.0,mouse,0.7292,864.71,413.43,891.43,435.08,578.5,26.72,21.65,1.235,False,,True,R-desk,19,evt_S-61_desk_work_surface_0004,f15934d2f04eb552,lap_bag_context,wrist_confidence_below_floor,34560.0,1.33,,1,cam12/e1/v1,rtmpose_baseline
full,03.CCTV Mobile Usage.mkv,632de9ed55947761d56d4c6142a3cb1a1fe69d0b1a6d0e01a2e404c697962623,dfine_sahi,102500.0,monitor_or_bezel,0.7279,910.22,411.29,1141.69,506.37,22008.4,231.47,95.08,2.435,False,,True,R-desk,19,evt_S-61_desk_work_surface_0004,f15934d2f04eb552,lap_bag_context,wrist_confidence_below_floor,34560.0,1.33,,1,cam12/e1/v1,rtmpose_baseline
full,03.CCTV Mobile Usage.mkv,632de9ed55947761d56d4c6142a3cb1a1fe69d0b1a6d0e01a2e404c697962623,dfine_sahi,102500.0,monitor_or_bezel,0.7213,1018.99,395.79,1146.17,448.54,6709.0,127.19,52.75,2.411,False,,True,R-desk,19,evt_S-61_desk_work_surface_0004,f15934d2f04eb552,lap_bag_context,wrist_confidence_below_floor,34560.0,1.33,,1,cam12/e1/v1,rtmpose_baseline
full,03.CCTV Mobile Usage.mkv,632de9ed55947761d56d4c6142a3cb1a1fe69d0b1a6d0e01a2e404c697962623,dfine_sahi,102500.0,unknown_object,0.7189,699.88,396.2,847.87,491.77,14144.0,147.99,95.57,1.548,False,,True,R-desk,19,evt_S-61_desk_work_surface_0004,f15934d2f04eb552,lap_bag_context,wrist_confidence_below_floor,34560.0,1.33,,1,cam12/e1/v1,rtmpose_baseline
full,03.CCTV Mobile Usage.mkv,632de9ed55947761d56d4c6142a3cb1a1fe69d0b1a6d0e01a2e404c697962623,dfine_sahi,102500.0,keyboard,0.7061,772.35,380.18,870.45,420.35,3940.6,98.1,40.17,2.442,False,,True,R-desk,19,evt_S-61_desk_work_surface_0004,f15934d2f04eb552,lap_bag_context,wrist_confidence_below_floor,34560.0,1.33,,1,cam12/e1/v1,rtmpose_baseline
full,03.CCTV Mobile Usage.mkv,632de9ed55947761d56d4c6142a3cb1a1fe69d0b1a6d0e01a2e404c697962623,dfine_sahi,102500.0,keyboard,0.6559,962.88,452.32,1034.12,475.53,1653.1,71.24,23.2,3.07,False,,True,R-desk,19,evt_S-61_desk_work_surface_0004,f15934d2f04eb552,lap_bag_context,wrist_confidence_below_floor,34560.0,1.33,,1,cam12/e1/v1,rtmpose_baseline
full,03.CCTV Mobile Usage.mkv,632de9ed55947761d56d4c6142a3cb1a1fe69d0b1a6d0e01a2e404c697962623,dfine_sahi,102500.0,monitor_or_bezel,0.564,706.77,379.88,969.4,474.72,24909.3,262.63,94.85,2.769,False,,True,R-desk,19,evt_S-61_desk_work_surface_0004,f15934d2f04eb552,lap_bag_context,wrist_confidence_below_floor,34560.0,1.33,,1,cam12/e1/v1,rtmpose_baseline
full,03.CCTV Mobile Usage.mkv,632de9ed55947761d56d4c6142a3cb1a1fe69d0b1a6d0e01a2e404c697962623,dfine_sahi,102500.0,keyboard,0.5628,802.84,396.3,870.33,420.63,1642.2,67.48,24.34,2.773,False,,True,R-desk,19,evt_S-61_desk_work_surface_0004,f15934d2f04eb552,lap_bag_context,wrist_confidence_below_floor,34560.0,1.33,,1,cam12/e1/v1,rtmpose_baseline
full,03.CCTV Mobile Usage.mkv,632de9ed55947761d56d4c6142a3cb1a1fe69d0b1a6d0e01a2e404c697962623,dfine_sahi,102500.0,monitor_or_bezel,0.5371,962.7,380.41,1153.03,474.84,17972.4,190.33,94.43,2.016,False,,True,R-desk,19,evt_S-61_desk_work_surface_0004,f15934d2f04eb552,lap_bag_context,wrist_confidence_below_floor,34560.0,1.33,,1,cam12/e1/v1,rtmpose_baseline
full,03.CCTV Mobile Usage.mkv,632de9ed55947761d56d4c6142a3cb1a1fe69d0b1a6d0e01a2e404c697962623,dfine_sahi,102500.0,unknown_object,0.5203,699.99,380.64,758.6,475.08,5535.2,58.61,94.44,0.621,False,,True,R-desk,19,evt_S-61_desk_work_surface_0004,f15934d2f04eb552,lap_bag_context,wrist_confidence_below_floor,34560.0,1.33,,1,cam12/e1/v1,rtmpose_baseline
full,03.CCTV Mobile Usage.mkv,632de9ed55947761d56d4c6142a3cb1a1fe69d0b1a6d0e01a2e404c697962623,dfine_sahi,102500.0,unknown_object,0.4912,750.4,410.99,969.79,505.98,20840.5,219.39,94.99,2.31,False,,True,R-desk,19,evt_S-61_desk_work_surface_0004,f15934d2f04eb552,lap_bag_context,wrist_confidence_below_floor,34560.0,1.33,,1,cam12/e1/v1,rtmpose_baseline
full,03.CCTV Mobile Usage.mkv,632de9ed55947761d56d4c6142a3cb1a1fe69d0b1a6d0e01a2e404c697962623,dfine_sahi,102500.0,keyboard,0.4813,910.05,411.25,1091.96,506.15,17263.6,181.91,94.9,1.917,False,,True,R-desk,19,evt_S-61_desk_work_surface_0004,f15934d2f04eb552,lap_bag_context,wrist_confidence_below_floor,34560.0,1.33,,1,cam12/e1/v1,rtmpose_baseline
full,03.CCTV Mobile Usage.mkv,632de9ed55947761d56d4c6142a3cb1a1fe69d0b1a6d0e01a2e404c697962623,dfine_sahi,102500.0,mouse,0.3886,967.01,398.39,991.79,410.68,304.4,24.78,12.28,2.018,False,,True,R-desk,19,evt_S-61_desk_work_surface_0004,f15934d2f04eb552,lap_bag_context,wrist_confidence_below_floor,34560.0,1.33,,1,cam12/e1/v1,rtmpose_baseline
full,03.CCTV Mobile Usage.mkv,632de9ed55947761d56d4c6142a3cb1a1fe69d0b1a6d0e01a2e404c697962623,dfine_sahi,102500.0,phone,0.3726,1051.52,411.43,1139.96,446.85,3132.3,88.44,35.42,2.497,False,,True,R-desk,19,evt_S-61_desk_work_surface_0004,f15934d2f04eb552,lap_bag_context,wrist_confidence_below_floor,34560.0,1.33,,1,cam12/e1/v1,rtmpose_baseline
full,03.CCTV Mobile Usage.mkv,632de9ed55947761d56d4c6142a3cb1a1fe69d0b1a6d0e01a2e404c697962623,dfine_sahi,102500.0,monitor_or_bezel,0.3713,880.93,396.16,948.85,452.62,3835.1,67.93,56.46,1.203,False,,True,R-desk,19,evt_S-61_desk_work_surface_0004,f15934d2f04eb552,lap_bag_context,wrist_confidence_below_floor,34560.0,1.33,,1,cam12/e1/v1,rtmpose_baseline
full,03.CCTV Mobile Usage.mkv,632de9ed55947761d56d4c6142a3cb1a1fe69d0b1a6d0e01a2e404c697962623,dfine_sahi,102500.0,mouse,0.2742,991.54,401.09,1027.99,413.64,457.5,36.44,12.55,2.903,False,,True,R-desk,19,evt_S-61_desk_work_surface_0004,f15934d2f04eb552,lap_bag_context,wrist_confidence_below_floor,34560.0,1.33,,1,cam12/e1/v1,rtmpose_baseline
full,03.CCTV Mobile Usage.mkv,632de9ed55947761d56d4c6142a3cb1a1fe69d0b1a6d0e01a2e404c697962623,dfine_sahi,103000.0,unknown_object,0.8006,110.94,454.24,176.75,520.04,4330.1,65.81,65.8,1.0,False,,True,S-61,17,evt_S-61_desk_work_surface_0004,2e12e586b38d2d1b,pose_hand_context,,35955.7,3.37,,1,cam12/e1/v1,rtmpose_baseline
full,03.CCTV Mobile Usage.mkv,632de9ed55947761d56d4c6142a3cb1a1fe69d0b1a6d0e01a2e404c697962623,dfine_sahi,103000.0,unknown_object,0.5423,82.11,386.93,174.14,448.21,5639.7,92.04,61.28,1.502,False,,True,S-61,17,evt_S-61_desk_work_surface_0004,2e12e586b38d2d1b,pose_hand_context,,35955.7,3.37,,1,cam12/e1/v1,rtmpose_baseline
full,03.CCTV Mobile Usage.mkv,632de9ed55947761d56d4c6142a3cb1a1fe69d0b1a6d0e01a2e404c697962623,dfine_sahi,103000.0,unknown_object,0.439,38.39,426.11,105.95,473.77,3219.9,67.56,47.66,1.418,False,,True,S-61,17,evt_S-61_desk_work_surface_0004,2e12e586b38d2d1b,pose_hand_context,,35955.7,3.37,,1,cam12/e1/v1,rtmpose_baseline
full,03.CCTV Mobile Usage.mkv,632de9ed55947761d56d4c6142a3cb1a1fe69d0b1a6d0e01a2e404c697962623,dfine_sahi,103000.0,unknown_object,0.3765,82.03,425.27,188.74,531.49,11335.0,106.71,106.22,1.005,False,,True,S-61,17,evt_S-61_desk_work_surface_0004,2e12e586b38d2d1b,pose_hand_context,,35955.7,3.37,,1,cam12/e1/v1,rtmpose_baseline
full,03.CCTV Mobile Usage.mkv,632de9ed55947761d56d4c6142a3cb1a1fe69d0b1a6d0e01a2e404c697962623,dfine_sahi,103000.0,unknown_object,0.3677,47.01,509.67,81.99,531.98,780.5,34.99,22.31,1.568,False,,True,S-61,17,evt_S-61_desk_work_surface_0004,2e12e586b38d2d1b,pose_hand_context,,35955.7,3.37,,1,cam12/e1/v1,rtmpose_baseline
full,03.CCTV Mobile Usage.mkv,632de9ed55947761d56d4c6142a3cb1a1fe69d0b1a6d0e01a2e404c697962623,dfine_sahi,103000.0,unknown_object,0.3666,34.51,342.11,105.97,429.33,6233.4,71.46,87.22,0.819,False,,True,S-61,17,evt_S-61_desk_work_surface_0004,2e12e586b38d2d1b,pose_hand_context,,35955.7,3.37,,1,cam12/e1/v1,rtmpose_baseline
full,03.CCTV Mobile Usage.mkv,632de9ed55947761d56d4c6142a3cb1a1fe69d0b1a6d0e01a2e404c697962623,dfine_sahi,103000.0,unknown_object,0.3419,171.97,394.54,189.29,513.0,2052.3,17.32,118.46,0.146,False,,True,S-61,17,evt_S-61_desk_work_surface_0004,2e12e586b38d2d1b,pose_hand_context,,35955.7,3.37,,1,cam12/e1/v1,rtmpose_baseline
full,03.CCTV Mobile Usage.mkv,632de9ed55947761d56d4c6142a3cb1a1fe69d0b1a6d0e01a2e404c697962623,dfine_sahi,103000.0,unknown_object,0.299,-0.13,342.2,87.58,448.36,9311.2,87.71,106.16,0.826,False,,True,S-61,17,evt_S-61_desk_work_surface_0004,2e12e586b38d2d1b,pose_hand_context,,35955.7,3.37,,1,cam12/e1/v1,rtmpose_baseline
full,03.CCTV Mobile Usage.mkv,632de9ed55947761d56d4c6142a3cb1a1fe69d0b1a6d0e01a2e404c697962623,dfine_sahi,103000.0,unknown_object,0.2879,174.01,394.23,189.0,448.77,817.2,14.99,54.54,0.275,False,,True,S-61,17,evt_S-61_desk_work_surface_0004,2e12e586b38d2d1b,pose_hand_context,,35955.7,3.37,,1,cam12/e1/v1,rtmpose_baseline
full,03.CCTV Mobile Usage.mkv,632de9ed55947761d56d4c6142a3cb1a1fe69d0b1a6d0e01a2e404c697962623,dfine_sahi,103000.0,unknown_object,0.2846,139.14,436.54,177.45,489.58,2032.2,38.31,53.04,0.722,False,,True,S-61,17,evt_S-61_desk_work_surface_0004,2e12e586b38d2d1b,pose_hand_context,,35955.7,3.37,,1,cam12/e1/v1,rtmpose_baseline
full,03.CCTV Mobile Usage.mkv,632de9ed55947761d56d4c6142a3cb1a1fe69d0b1a6d0e01a2e404c697962623,dfine_sahi,103000.0,unknown_object,0.2738,-0.03,425.37,106.1,531.56,11270.4,106.13,106.19,0.999,False,,True,S-61,17,evt_S-61_desk_work_surface_0004,2e12e586b38d2d1b,pose_hand_context,,35955.7,3.37,,1,cam12/e1/v1,rtmpose_baseline
full,03.CCTV Mobile Usage.mkv,632de9ed55947761d56d4c6142a3cb1a1fe69d0b1a6d0e01a2e404c697962623,dfine_sahi,103000.0,monitor_or_bezel,0.4534,796.04,2.3,843.96,44.39,2017.0,47.92,42.09,1.139,False,,True,unattributed,18,evt_S-61_desk_work_surface_0004,b6ef3ce9c4b15040,native_source_context_fallback,wrist_confidence_below_floor,9525.6,6.46,,1,cam12/e1/v1,rtmpose_baseline
full,03.CCTV Mobile Usage.mkv,632de9ed55947761d56d4c6142a3cb1a1fe69d0b1a6d0e01a2e404c697962623,dfine_sahi,103000.0,bag,0.3776,879.11,53.82,896.85,92.0,677.3,17.74,38.18,0.465,False,,True,unattributed,18,evt_S-61_desk_work_surface_0004,b6ef3ce9c4b15040,native_source_context_fallback,wrist_confidence_below_floor,9525.6,6.46,,1,cam12/e1/v1,rtmpose_baseline
full,03.CCTV Mobile Usage.mkv,632de9ed55947761d56d4c6142a3cb1a1fe69d0b1a6d0e01a2e404c697962623,dfine_sahi,103000.0,monitor_or_bezel,0.3758,796.04,28.04,844.45,44.91,816.7,48.41,16.87,2.869,False,,True,unattributed,18,evt_S-61_desk_work_surface_0004,b6ef3ce9c4b15040,native_source_context_fallback,wrist_confidence_below_floor,9525.6,6.46,,1,cam12/e1/v1,rtmpose_baseline
full,03.CCTV Mobile Usage.mkv,632de9ed55947761d56d4c6142a3cb1a1fe69d0b1a6d0e01a2e404c697962623,dfine_sahi,103000.0,bag,0.3741,865.11,36.61,895.63,48.49,362.6,30.51,11.88,2.568,False,,True,unattributed,18,evt_S-61_desk_work_surface_0004,b6ef3ce9c4b15040,native_source_context_fallback,wrist_confidence_below_floor,9525.6,6.46,,1,cam12/e1/v1,rtmpose_baseline
full,03.CCTV Mobile Usage.mkv,632de9ed55947761d56d4c6142a3cb1a1fe69d0b1a6d0e01a2e404c697962623,dfine_sahi,103000.0,bag,0.3627,825.24,46.56,914.37,101.57,4903.9,89.14,55.02,1.62,False,,True,unattributed,18,evt_S-61_desk_work_surface_0004,b6ef3ce9c4b15040,native_source_context_fallback,wrist_confidence_below_floor,9525.6,6.46,,1,cam12/e1/v1,rtmpose_baseline
full,03.CCTV Mobile Usage.mkv,632de9ed55947761d56d4c6142a3cb1a1fe69d0b1a6d0e01a2e404c697962623,dfine_sahi,103000.0,unknown_object,0.3588,856.68,8.32,901.61,92.0,3759.7,44.93,83.68,0.537,False,,True,unattributed,18,evt_S-61_desk_work_surface_0004,b6ef3ce9c4b15040,native_source_context_fallback,wrist_confidence_below_floor,9525.6,6.46,,1,cam12/e1/v1,rtmpose_baseline
full,03.CCTV Mobile Usage.mkv,632de9ed55947761d56d4c6142a3cb1a1fe69d0b1a6d0e01a2e404c697962623,dfine_sahi,103000.0,bag,0.323,796.0,2.0,844.16,91.9,4329.7,48.16,89.9,0.536,False,,True,unattributed,18,evt_S-61_desk_work_surface_0004,b6ef3ce9c4b15040,native_source_context_fallback,wrist_confidence_below_floor,9525.6,6.46,,1,cam12/e1/v1,rtmpose_baseline
full,03.CCTV Mobile Usage.mkv,632de9ed55947761d56d4c6142a3cb1a1fe69d0b1a6d0e01a2e404c697962623,dfine_sahi,103000.0,unknown_object,0.3212,911.01,79.56,935.89,123.3,1088.1,24.88,43.74,0.569,False,,True,unattributed,18,evt_S-61_desk_work_surface_0004,b6ef3ce9c4b15040,native_source_context_fallback,wrist_confidence_below_floor,9525.6,6.46,,1,cam12/e1/v1,rtmpose_baseline
full,03.CCTV Mobile Usage.mkv,632de9ed55947761d56d4c6142a3cb1a1fe69d0b1a6d0e01a2e404c697962623,dfine_sahi,103000.0,bag,0.3008,817.01,44.01,866.2,102.45,2874.6,49.19,58.44,0.842,False,,True,unattributed,18,evt_S-61_desk_work_surface_0004,b6ef3ce9c4b15040,native_source_context_fallback,wrist_confidence_below_floor,9525.6,6.46,,1,cam12/e1/v1,rtmpose_baseline
full,03.CCTV Mobile Usage.mkv,632de9ed55947761d56d4c6142a3cb1a1fe69d0b1a6d0e01a2e404c697962623,dfine_sahi,103000.0,unknown_object,0.2752,895.18,17.59,914.63,98.08,1564.9,19.44,80.49,0.242,False,,True,unattributed,18,evt_S-61_desk_work_surface_0004,b6ef3ce9c4b15040,native_source_context_fallback,wrist_confidence_below_floor,9525.6,6.46,,1,cam12/e1/v1,rtmpose_baseline
full,03.CCTV Mobile Usage.mkv,632de9ed55947761d56d4c6142a3cb1a1fe69d0b1a6d0e01a2e404c697962623,dfine_sahi,103000.0,unknown_object,0.273,840.1,0.24,935.96,95.49,9130.8,95.86,95.25,1.006,False,,True,unattributed,18,evt_S-61_desk_work_surface_0004,b6ef3ce9c4b15040,native_source_context_fallback,wrist_confidence_below_floor,9525.6,6.46,,1,cam12/e1/v1,rtmpose_baseline
full,03.CCTV Mobile Usage.mkv,632de9ed55947761d56d4c6142a3cb1a1fe69d0b1a6d0e01a2e404c697962623,dfine_sahi,103067.0,unknown_object,0.5191,478.81,52.04,508.22,84.02,940.7,29.41,31.99,0.919,False,,True,unattributed,20,evt_S-61_upper_body_0018,1b6ef25c1b1a0d0f,native_source_context_fallback,no_pose_observation,4015.6,8.62,,1,cam12/e1/v1,
full,03.CCTV Mobile Usage.mkv,632de9ed55947761d56d4c6142a3cb1a1fe69d0b1a6d0e01a2e404c697962623,dfine_sahi,103067.0,monitor_or_bezel,0.4163,486.65,0.07,536.55,32.68,1627.2,49.9,32.61,1.53,False,,True,unattributed,20,evt_S-61_upper_body_0018,1b6ef25c1b1a0d0f,native_source_context_fallback,no_pose_observation,4015.6,8.62,,1,cam12/e1/v1,
full,03.CCTV Mobile Usage.mkv,632de9ed55947761d56d4c6142a3cb1a1fe69d0b1a6d0e01a2e404c697962623,dfine_sahi,103067.0,unknown_object,0.3184,541.57,51.97,557.99,83.53,518.2,16.42,31.56,0.52,False,,True,unattributed,20,evt_S-61_upper_body_0018,1b6ef25c1b1a0d0f,native_source_context_fallback,no_pose_observation,4015.6,8.62,,1,cam12/e1/v1,
full,03.CCTV Mobile Usage.mkv,632de9ed55947761d56d4c6142a3cb1a1fe69d0b1a6d0e01a2e404c697962623,dfine_sahi,103067.0,unknown_object,0.3013,462.07,56.66,477.8,84.49,437.6,15.72,27.84,0.565,False,,True,unattributed,20,evt_S-61_upper_body_0018,1b6ef25c1b1a0d0f,native_source_context_fallback,no_pose_observation,4015.6,8.62,,1,cam12/e1/v1,
full,03.CCTV Mobile Usage.mkv,632de9ed55947761d56d4c6142a3cb1a1fe69d0b1a6d0e01a2e404c697962623,dfine_sahi,103067.0,unknown_object,0.7983,110.7,454.28,176.72,520.86,4396.0,66.02,66.58,0.992,False,,True,S-61,17,evt_S-61_upper_body_0018,7f7c3ddf9739c48c,pose_hand_context,,37640.3,3.28,,1,cam12/e1/v1,rtmpose_baseline
full,03.CCTV Mobile Usage.mkv,632de9ed55947761d56d4c6142a3cb1a1fe69d0b1a6d0e01a2e404c697962623,dfine_sahi,103067.0,unknown_object,0.5145,171.62,394.37,192.18,518.52,2552.1,20.56,124.15,0.166,False,,True,S-61,17,evt_S-61_upper_body_0018,7f7c3ddf9739c48c,pose_hand_context,,37640.3,3.28,,1,cam12/e1/v1,rtmpose_baseline
full,03.CCTV Mobile Usage.mkv,632de9ed55947761d56d4c6142a3cb1a1fe69d0b1a6d0e01a2e404c697962623,dfine_sahi,103067.0,unknown_object,0.4344,84.05,386.61,175.98,448.38,5677.9,91.93,61.76,1.489,False,,True,S-61,17,evt_S-61_upper_body_0018,7f7c3ddf9739c48c,pose_hand_context,,37640.3,3.28,,1,cam12/e1/v1,rtmpose_baseline
full,03.CCTV Mobile Usage.mkv,632de9ed55947761d56d4c6142a3cb1a1fe69d0b1a6d0e01a2e404c697962623,dfine_sahi,103067.0,unknown_object,0.3833,83.86,425.19,191.55,534.55,11777.4,107.69,109.36,0.985,False,,True,S-61,17,evt_S-61_upper_body_0018,7f7c3ddf9739c48c,pose_hand_context,,37640.3,3.28,,1,cam12/e1/v1,rtmpose_baseline
full,03.CCTV Mobile Usage.mkv,632de9ed55947761d56d4c6142a3cb1a1fe69d0b1a6d0e01a2e404c697962623,dfine_sahi,103067.0,unknown_object,0.366,38.1,425.39,107.88,474.13,3400.9,69.78,48.74,1.432,False,,True,S-61,17,evt_S-61_upper_body_0018,7f7c3ddf9739c48c,pose_hand_context,,37640.3,3.28,,1,cam12/e1/v1,rtmpose_baseline
full,03.CCTV Mobile Usage.mkv,632de9ed55947761d56d4c6142a3cb1a1fe69d0b1a6d0e01a2e404c697962623,dfine_sahi,103067.0,unknown_object,0.3097,-0.19,340.43,87.97,448.39,9516.9,88.16,107.95,0.817,False,,True,S-61,17,evt_S-61_upper_body_0018,7f7c3ddf9739c48c,pose_hand_context,,37640.3,3.28,,1,cam12/e1/v1,rtmpose_baseline
full,03.CCTV Mobile Usage.mkv,632de9ed55947761d56d4c6142a3cb1a1fe69d0b1a6d0e01a2e404c697962623,dfine_sahi,103067.0,unknown_object,0.2854,-0.22,425.26,108.16,534.63,11852.8,108.37,109.37,0.991,False,,True,S-61,17,evt_S-61_upper_body_0018,7f7c3ddf9739c48c,pose_hand_context,,37640.3,3.28,,1,cam12/e1/v1,rtmpose_baseline
full,03.CCTV Mobile Usage.mkv,632de9ed55947761d56d4c6142a3cb1a1fe69d0b1a6d0e01a2e404c697962623,dfine_sahi,103067.0,unknown_object,0.2777,33.69,340.15,107.94,428.25,6542.0,74.25,88.1,0.843,False,,True,S-61,17,evt_S-61_upper_body_0018,7f7c3ddf9739c48c,pose_hand_context,,37640.3,3.28,,1,cam12/e1/v1,rtmpose_baseline
full,03.CCTV Mobile Usage.mkv,632de9ed55947761d56d4c6142a3cb1a1fe69d0b1a6d0e01a2e404c697962623,dfine_sahi,103067.0,unknown_object,0.2509,138.75,435.98,177.67,492.64,2205.1,38.91,56.67,0.687,False,,True,S-61,17,evt_S-61_upper_body_0018,7f7c3ddf9739c48c,pose_hand_context,,37640.3,3.28,,1,cam12/e1/v1,rtmpose_baseline
full,03.CCTV Mobile Usage.mkv,632de9ed55947761d56d4c6142a3cb1a1fe69d0b1a6d0e01a2e404c697962623,dfine_sahi,103067.0,monitor_or_bezel,0.4462,796.04,2.29,843.92,44.42,2017.5,47.89,42.13,1.137,False,,True,unattributed,18,evt_S-61_upper_body_0018,ab6eccf616b714df,native_source_context_fallback,wrist_confidence_below_floor,9521.8,6.46,,1,cam12/e1/v1,rtmpose_baseline
full,03.CCTV Mobile Usage.mkv,632de9ed55947761d56d4c6142a3cb1a1fe69d0b1a6d0e01a2e404c697962623,dfine_sahi,103067.0,unknown_object,0.3817,856.48,8.31,901.82,92.07,3797.6,45.34,83.76,0.541,False,,True,unattributed,18,evt_S-61_upper_body_0018,ab6eccf616b714df,native_source_context_fallback,wrist_confidence_below_floor,9521.8,6.46,,1,cam12/e1/v1,rtmpose_baseline
full,03.CCTV Mobile Usage.mkv,632de9ed55947761d56d4c6142a3cb1a1fe69d0b1a6d0e01a2e404c697962623,dfine_sahi,103067.0,bag,0.3598,822.43,46.09,913.88,101.44,5062.2,91.46,55.35,1.652,False,,True,unattributed,18,evt_S-61_upper_body_0018,ab6eccf616b714df,native_source_context_fallback,wrist_confidence_below_floor,9521.8,6.46,,1,cam12/e1/v1,rtmpose_baseline
full,03.CCTV Mobile Usage.mkv,632de9ed55947761d56d4c6142a3cb1a1fe69d0b1a6d0e01a2e404c697962623,dfine_sahi,103067.0,monitor_or_bezel,0.3589,796.05,28.04,844.43,44.92,816.7,48.38,16.88,2.866,False,,True,unattributed,18,evt_S-61_upper_body_0018,ab6eccf616b714df,native_source_context_fallback,wrist_confidence_below_floor,9521.8,6.46,,1,cam12/e1/v1,rtmpose_baseline
full,03.CCTV Mobile Usage.mkv,632de9ed55947761d56d4c6142a3cb1a1fe69d0b1a6d0e01a2e404c697962623,dfine_sahi,103067.0,bag,0.346,865.4,36.66,895.51,48.52,357.1,30.11,11.86,2.539,False,,True,unattributed,18,evt_S-61_upper_body_0018,ab6eccf616b714df,native_source_context_fallback,wrist_confidence_below_floor,9521.8,6.46,,1,cam12/e1/v1,rtmpose_baseline
full,03.CCTV Mobile Usage.mkv,632de9ed55947761d56d4c6142a3cb1a1fe69d0b1a6d0e01a2e404c697962623,dfine_sahi,103067.0,bag,0.338,796.0,2.01,844.18,92.28,4349.1,48.18,90.27,0.534,False,,True,unattributed,18,evt_S-61_upper_body_0018,ab6eccf616b714df,native_source_context_fallback,wrist_confidence_below_floor,9521.8,6.46,,1,cam12/e1/v1,rtmpose_baseline
full,03.CCTV Mobile Usage.mkv,632de9ed55947761d56d4c6142a3cb1a1fe69d0b1a6d0e01a2e404c697962623,dfine_sahi,103067.0,bag,0.333,840.3,8.0,914.04,94.16,6353.7,73.74,86.16,0.856,False,,True,unattributed,18,evt_S-61_upper_body_0018,ab6eccf616b714df,native_source_context_fallback,wrist_confidence_below_floor,9521.8,6.46,,1,cam12/e1/v1,rtmpose_baseline
full,03.CCTV Mobile Usage.mkv,632de9ed55947761d56d4c6142a3cb1a1fe69d0b1a6d0e01a2e404c697962623,dfine_sahi,103067.0,bag,0.3214,879.19,53.87,896.98,92.02,678.8,17.79,38.15,0.466,False,,True,unattributed,18,evt_S-61_upper_body_0018,ab6eccf616b714df,native_source_context_fallback,wrist_confidence_below_floor,9521.8,6.46,,1,cam12/e1/v1,rtmpose_baseline
full,03.CCTV Mobile Usage.mkv,632de9ed55947761d56d4c6142a3cb1a1fe69d0b1a6d0e01a2e404c697962623,dfine_sahi,103067.0,unknown_object,0.2979,840.08,28.02,935.99,123.61,9168.8,95.91,95.59,1.003,False,,True,unattributed,18,evt_S-61_upper_body_0018,ab6eccf616b714df,native_source_context_fallback,wrist_confidence_below_floor,9521.8,6.46,,1,cam12/e1/v1,rtmpose_baseline
full,03.CCTV Mobile Usage.mkv,632de9ed55947761d56d4c6142a3cb1a1fe69d0b1a6d0e01a2e404c697962623,dfine_sahi,103067.0,unknown_object,0.278,911.02,79.5,935.88,123.3,1088.6,24.85,43.8,0.567,False,,True,unattributed,18,evt_S-61_upper_body_0018,ab6eccf616b714df,native_source_context_fallback,wrist_confidence_below_floor,9521.8,6.46,,1,cam12/e1/v1,rtmpose_baseline
full,03.CCTV Mobile Usage.mkv,632de9ed55947761d56d4c6142a3cb1a1fe69d0b1a6d0e01a2e404c697962623,dfine_sahi,103067.0,bag,0.2743,856.33,8.26,901.56,48.93,1839.6,45.23,40.67,1.112,False,,True,unattributed,18,evt_S-61_upper_body_0018,ab6eccf616b714df,native_source_context_fallback,wrist_confidence_below_floor,9521.8,6.46,,1,cam12/e1/v1,rtmpose_baseline
full,03.CCTV Mobile Usage.mkv,632de9ed55947761d56d4c6142a3cb1a1fe69d0b1a6d0e01a2e404c697962623,dfine_sahi,103067.0,unknown_object,0.2655,831.37,85.64,891.87,123.5,2290.5,60.49,37.86,1.598,False,,True,unattributed,18,evt_S-61_upper_body_0018,ab6eccf616b714df,native_source_context_fallback,wrist_confidence_below_floor,9521.8,6.46,,1,cam12/e1/v1,rtmpose_baseline
full,03.CCTV Mobile Usage.mkv,632de9ed55947761d56d4c6142a3cb1a1fe69d0b1a6d0e01a2e404c697962623,dfine_sahi,103500.0,monitor_or_bezel,0.4758,795.02,2.25,843.79,44.37,2053.5,48.76,42.11,1.158,False,,True,unattributed,18,evt_S-61_desk_work_surface_0004,1d8ae10ec47cb224,native_source_context_fallback,wrist_confidence_below_floor,9323.6,6.6,,1,cam12/e1/v1,rtmpose_baseline
full,03.CCTV Mobile Usage.mkv,632de9ed55947761d56d4c6142a3cb1a1fe69d0b1a6d0e01a2e404c697962623,dfine_sahi,103500.0,monitor_or_bezel,0.3895,795.02,28.04,843.97,44.78,819.4,48.95,16.74,2.924,False,,True,unattributed,18,evt_S-61_desk_work_surface_0004,1d8ae10ec47cb224,native_source_context_fallback,wrist_confidence_below_floor,9323.6,6.6,,1,cam12/e1/v1,rtmpose_baseline
full,03.CCTV Mobile Usage.mkv,632de9ed55947761d56d4c6142a3cb1a1fe69d0b1a6d0e01a2e404c697962623,dfine_sahi,103500.0,bag,0.3273,838.13,47.19,912.22,94.83,3529.9,74.09,47.64,1.555,False,,True,unattributed,18,evt_S-61_desk_work_surface_0004,1d8ae10ec47cb224,native_source_context_fallback,wrist_confidence_below_floor,9323.6,6.6,,1,cam12/e1/v1,rtmpose_baseline
full,03.CCTV Mobile Usage.mkv,632de9ed55947761d56d4c6142a3cb1a1fe69d0b1a6d0e01a2e404c697962623,dfine_sahi,103500.0,unknown_object,0.2945,838.08,28.1,933.91,123.5,9142.5,95.83,95.4,1.005,False,,True,unattributed,18,evt_S-61_desk_work_surface_0004,1d8ae10ec47cb224,native_source_context_fallback,wrist_confidence_below_floor,9323.6,6.6,,1,cam12/e1/v1,rtmpose_baseline
full,03.CCTV Mobile Usage.mkv,632de9ed55947761d56d4c6142a3cb1a1fe69d0b1a6d0e01a2e404c697962623,dfine_sahi,103500.0,bag,0.2837,879.19,50.11,911.64,92.97,1390.6,32.45,42.86,0.757,False,,True,unattributed,18,evt_S-61_desk_work_surface_0004,1d8ae10ec47cb224,native_source_context_fallback,wrist_confidence_below_floor,9323.6,6.6,,1,cam12/e1/v1,rtmpose_baseline
full,03.CCTV Mobile Usage.mkv,632de9ed55947761d56d4c6142a3cb1a1fe69d0b1a6d0e01a2e404c697962623,dfine_sahi,103500.0,unknown_object,0.2694,831.96,85.82,890.96,123.59,2228.3,59.0,37.77,1.562,False,,True,unattributed,18,evt_S-61_desk_work_surface_0004,1d8ae10ec47cb224,native_source_context_fallback,wrist_confidence_below_floor,9323.6,6.6,,1,cam12/e1/v1,rtmpose_baseline
full,03.CCTV Mobile Usage.mkv,632de9ed55947761d56d4c6142a3cb1a1fe69d0b1a6d0e01a2e404c697962623,dfine_sahi,103500.0,unknown_object,0.2543,825.74,45.56,891.03,121.77,4975.0,65.28,76.21,0.857,False,,True,unattributed,18,evt_S-61_desk_work_surface_0004,1d8ae10ec47cb224,native_source_context_fallback,wrist_confidence_below_floor,9323.6,6.6,,1,cam12/e1/v1,rtmpose_baseline
full,03.CCTV Mobile Usage.mkv,632de9ed55947761d56d4c6142a3cb1a1fe69d0b1a6d0e01a2e404c697962623,dfine_sahi,103500.0,keyboard,0.918,962.29,451.95,1068.04,491.44,4176.7,105.75,39.5,2.678,False,,True,R-desk,21,evt_S-61_desk_work_surface_0004,21618b8f2530ce00,lap_bag_context,no_pose_observation,34560.0,1.33,,1,cam12/e1/v1,
full,03.CCTV Mobile Usage.mkv,632de9ed55947761d56d4c6142a3cb1a1fe69d0b1a6d0e01a2e404c697962623,dfine_sahi,103500.0,phone,0.7398,1043.6,421.86,1112.16,473.95,3571.0,68.56,52.09,1.316,False,,True,R-desk,21,evt_S-61_desk_work_surface_0004,21618b8f2530ce00,lap_bag_context,no_pose_observation,34560.0,1.33,,1,cam12/e1/v1,
full,03.CCTV Mobile Usage.mkv,632de9ed55947761d56d4c6142a3cb1a1fe69d0b1a6d0e01a2e404c697962623,dfine_sahi,103500.0,monitor_or_bezel,0.7291,910.22,411.3,1141.68,506.36,22005.1,231.47,95.07,2.435,False,,True,R-desk,21,evt_S-61_desk_work_surface_0004,21618b8f2530ce00,lap_bag_context,no_pose_observation,34560.0,1.33,,1,cam12/e1/v1,
full,03.CCTV Mobile Usage.mkv,632de9ed55947761d56d4c6142a3cb1a1fe69d0b1a6d0e01a2e404c697962623,dfine_sahi,103500.0,mouse,0.7289,864.74,413.43,891.42,435.03,576.4,26.68,21.61,1.235,False,,True,R-desk,21,evt_S-61_desk_work_surface_0004,21618b8f2530ce00,lap_bag_context,no_pose_observation,34560.0,1.33,,1,cam12/e1/v1,
full,03.CCTV Mobile Usage.mkv,632de9ed55947761d56d4c6142a3cb1a1fe69d0b1a6d0e01a2e404c697962623,dfine_sahi,103500.0,unknown_object,0.7156,699.87,396.2,848.57,491.79,14213.2,148.69,95.59,1.556,False,,True,R-desk,21,evt_S-61_desk_work_surface_0004,21618b8f2530ce00,lap_bag_context,no_pose_observation,34560.0,1.33,,1,cam12/e1/v1,
full,03.CCTV Mobile Usage.mkv,632de9ed55947761d56d4c6142a3cb1a1fe69d0b1a6d0e01a2e404c697962623,dfine_sahi,103500.0,monitor_or_bezel,0.7131,1018.97,395.76,1146.12,448.52,6707.4,127.14,52.75,2.41,False,,True,R-desk,21,evt_S-61_desk_work_surface_0004,21618b8f2530ce00,lap_bag_context,no_pose_observation,34560.0,1.33,,1,cam12/e1/v1,
full,03.CCTV Mobile Usage.mkv,632de9ed55947761d56d4c6142a3cb1a1fe69d0b1a6d0e01a2e404c697962623,dfine_sahi,103500.0,keyboard,0.7022,772.41,380.18,870.38,420.33,3934.0,97.97,40.15,2.44,False,,True,R-desk,21,evt_S-61_desk_work_surface_0004,21618b8f2530ce00,lap_bag_context,no_pose_observation,34560.0,1.33,,1,cam12/e1/v1,
full,03.CCTV Mobile Usage.mkv,632de9ed55947761d56d4c6142a3cb1a1fe69d0b1a6d0e01a2e404c697962623,dfine_sahi,103500.0,keyboard,0.6619,962.87,452.32,1034.18,475.53,1655.0,71.31,23.21,3.072,False,,True,R-desk,21,evt_S-61_desk_work_surface_0004,21618b8f2530ce00,lap_bag_context,no_pose_observation,34560.0,1.33,,1,cam12/e1/v1,
full,03.CCTV Mobile Usage.mkv,632de9ed55947761d56d4c6142a3cb1a1fe69d0b1a6d0e01a2e404c697962623,dfine_sahi,103500.0,monitor_or_bezel,0.5826,706.61,379.89,969.26,474.72,24908.5,262.65,94.83,2.77,False,,True,R-desk,21,evt_S-61_desk_work_surface_0004,21618b8f2530ce00,lap_bag_context,no_pose_observation,34560.0,1.33,,1,cam12/e1/v1,
full,03.CCTV Mobile Usage.mkv,632de9ed55947761d56d4c6142a3cb1a1fe69d0b1a6d0e01a2e404c697962623,dfine_sahi,103500.0,keyboard,0.555,802.84,396.3,870.32,420.63,1642.2,67.48,24.33,2.773,False,,True,R-desk,21,evt_S-61_desk_work_surface_0004,21618b8f2530ce00,lap_bag_context,no_pose_observation,34560.0,1.33,,1,cam12/e1/v1,
full,03.CCTV Mobile Usage.mkv,632de9ed55947761d56d4c6142a3cb1a1fe69d0b1a6d0e01a2e404c697962623,dfine_sahi,103500.0,monitor_or_bezel,0.5326,962.69,380.41,1153.01,474.85,17973.2,190.32,94.44,2.015,False,,True,R-desk,21,evt_S-61_desk_work_surface_0004,21618b8f2530ce00,lap_bag_context,no_pose_observation,34560.0,1.33,,1,cam12/e1/v1,
full,03.CCTV Mobile Usage.mkv,632de9ed55947761d56d4c6142a3cb1a1fe69d0b1a6d0e01a2e404c697962623,dfine_sahi,103500.0,unknown_object,0.5195,700.0,380.66,758.6,475.06,5531.7,58.6,94.4,0.621,False,,True,R-desk,21,evt_S-61_desk_work_surface_0004,21618b8f2530ce00,lap_bag_context,no_pose_observation,34560.0,1.33,,1,cam12/e1/v1,
full,03.CCTV Mobile Usage.mkv,632de9ed55947761d56d4c6142a3cb1a1fe69d0b1a6d0e01a2e404c697962623,dfine_sahi,103500.0,unknown_object,0.494,750.18,411.0,969.75,505.98,20855.9,219.57,94.98,2.312,False,,True,R-desk,21,evt_S-61_desk_work_surface_0004,21618b8f2530ce00,lap_bag_context,no_pose_observation,34560.0,1.33,,1,cam12/e1/v1,
full,03.CCTV Mobile Usage.mkv,632de9ed55947761d56d4c6142a3cb1a1fe69d0b1a6d0e01a2e404c697962623,dfine_sahi,103500.0,keyboard,0.4755,910.06,411.36,1091.97,506.16,17244.3,181.91,94.8,1.919,False,,True,R-desk,21,evt_S-61_desk_work_surface_0004,21618b8f2530ce00,lap_bag_context,no_pose_observation,34560.0,1.33,,1,cam12/e1/v1,
full,03.CCTV Mobile Usage.mkv,632de9ed55947761d56d4c6142a3cb1a1fe69d0b1a6d0e01a2e404c697962623,dfine_sahi,103500.0,mouse,0.3808,967.04,398.39,991.85,410.66,304.5,24.81,12.27,2.022,False,,True,R-desk,21,evt_S-61_desk_work_surface_0004,21618b8f2530ce00,lap_bag_context,no_pose_observation,34560.0,1.33,,1,cam12/e1/v1,
full,03.CCTV Mobile Usage.mkv,632de9ed55947761d56d4c6142a3cb1a1fe69d0b1a6d0e01a2e404c697962623,dfine_sahi,103500.0,phone,0.3756,1051.53,411.44,1139.97,446.87,3133.4,88.44,35.43,2.496,False,,True,R-desk,21,evt_S-61_desk_work_surface_0004,21618b8f2530ce00,lap_bag_context,no_pose_observation,34560.0,1.33,,1,cam12/e1/v1,
full,03.CCTV Mobile Usage.mkv,632de9ed55947761d56d4c6142a3cb1a1fe69d0b1a6d0e01a2e404c697962623,dfine_sahi,103500.0,monitor_or_bezel,0.3643,880.9,396.16,948.81,452.62,3834.4,67.91,56.46,1.203,False,,True,R-desk,21,evt_S-61_desk_work_surface_0004,21618b8f2530ce00,lap_bag_context,no_pose_observation,34560.0,1.33,,1,cam12/e1/v1,
full,03.CCTV Mobile Usage.mkv,632de9ed55947761d56d4c6142a3cb1a1fe69d0b1a6d0e01a2e404c697962623,dfine_sahi,103500.0,keyboard,0.2772,962.62,421.46,1114.48,475.53,8212.0,151.86,54.07,2.808,False,,True,R-desk,21,evt_S-61_desk_work_surface_0004,21618b8f2530ce00,lap_bag_context,no_pose_observation,34560.0,1.33,,1,cam12/e1/v1,
full,03.CCTV Mobile Usage.mkv,632de9ed55947761d56d4c6142a3cb1a1fe69d0b1a6d0e01a2e404c697962623,dfine_sahi,103500.0,mouse,0.2741,991.54,401.11,1028.1,413.65,458.7,36.56,12.55,2.913,False,,True,R-desk,21,evt_S-61_desk_work_surface_0004,21618b8f2530ce00,lap_bag_context,no_pose_observation,34560.0,1.33,,1,cam12/e1/v1,
full,03.CCTV Mobile Usage.mkv,632de9ed55947761d56d4c6142a3cb1a1fe69d0b1a6d0e01a2e404c697962623,dfine_sahi,103500.0,unknown_object,0.2639,878.51,411.28,969.86,505.63,8618.9,91.35,94.35,0.968,False,,True,R-desk,21,evt_S-61_desk_work_surface_0004,21618b8f2530ce00,lap_bag_context,no_pose_observation,34560.0,1.33,,1,cam12/e1/v1,
full,03.CCTV Mobile Usage.mkv,632de9ed55947761d56d4c6142a3cb1a1fe69d0b1a6d0e01a2e404c697962623,dfine_sahi,103500.0,unknown_object,0.6907,171.35,397.29,190.31,513.02,2193.6,18.95,115.73,0.164,False,,True,S-61,17,evt_S-61_desk_work_surface_0004,37282cdd2ce70388,pose_hand_context,,36288.3,3.36,,1,cam12/e1/v1,rtmpose_baseline
full,03.CCTV Mobile Usage.mkv,632de9ed55947761d56d4c6142a3cb1a1fe69d0b1a6d0e01a2e404c697962623,dfine_sahi,103500.0,unknown_object,0.6228,110.61,454.41,176.89,521.62,4455.0,66.29,67.21,0.986,False,,True,S-61,17,evt_S-61_desk_work_surface_0004,37282cdd2ce70388,pose_hand_context,,36288.3,3.36,,1,cam12/e1/v1,rtmpose_baseline
full,03.CCTV Mobile Usage.mkv,632de9ed55947761d56d4c6142a3cb1a1fe69d0b1a6d0e01a2e404c697962623,dfine_sahi,103500.0,unknown_object,0.4876,38.44,426.62,106.94,473.83,3234.4,68.51,47.21,1.451,False,,True,S-61,17,evt_S-61_desk_work_surface_0004,37282cdd2ce70388,pose_hand_context,,36288.3,3.36,,1,cam12/e1/v1,rtmpose_baseline
full,03.CCTV Mobile Usage.mkv,632de9ed55947761d56d4c6142a3cb1a1fe69d0b1a6d0e01a2e404c697962623,dfine_sahi,103500.0,secondary_paper_chit,0.3643,89.89,453.29,177.36,521.97,6007.2,87.47,68.68,1.274,False,,True,S-61,17,evt_S-61_desk_work_surface_0004,37282cdd2ce70388,pose_hand_context,,36288.3,3.36,,1,cam12/e1/v1,rtmpose_baseline
full,03.CCTV Mobile Usage.mkv,632de9ed55947761d56d4c6142a3cb1a1fe69d0b1a6d0e01a2e404c697962623,dfine_sahi,103500.0,unknown_object,0.363,83.04,426.25,187.74,532.47,11121.7,104.7,106.23,0.986,False,,True,S-61,17,evt_S-61_desk_work_surface_0004,37282cdd2ce70388,pose_hand_context,,36288.3,3.36,,1,cam12/e1/v1,rtmpose_baseline
full,03.CCTV Mobile Usage.mkv,632de9ed55947761d56d4c6142a3cb1a1fe69d0b1a6d0e01a2e404c697962623,dfine_sahi,103500.0,unknown_object,0.3593,0.04,426.53,106.9,532.46,11319.3,106.85,105.93,1.009,False,,True,S-61,17,evt_S-61_desk_work_surface_0004,37282cdd2ce70388,pose_hand_context,,36288.3,3.36,,1,cam12/e1/v1,rtmpose_baseline
full,03.CCTV Mobile Usage.mkv,632de9ed55947761d56d4c6142a3cb1a1fe69d0b1a6d0e01a2e404c697962623,dfine_sahi,103500.0,unknown_object,0.3287,170.71,394.83,190.08,449.79,1065.1,19.38,54.96,0.353,False,,True,S-61,17,evt_S-61_desk_work_surface_0004,37282cdd2ce70388,pose_hand_context,,36288.3,3.36,,1,cam12/e1/v1,rtmpose_baseline
full,03.CCTV Mobile Usage.mkv,632de9ed55947761d56d4c6142a3cb1a1fe69d0b1a6d0e01a2e404c697962623,dfine_sahi,103500.0,unknown_object,0.3033,34.54,342.1,106.99,429.07,6301.0,72.45,86.97,0.833,False,,True,S-61,17,evt_S-61_desk_work_surface_0004,37282cdd2ce70388,pose_hand_context,,36288.3,3.36,,1,cam12/e1/v1,rtmpose_baseline
full,03.CCTV Mobile Usage.mkv,632de9ed55947761d56d4c6142a3cb1a1fe69d0b1a6d0e01a2e404c697962623,dfine_sahi,103500.0,unknown_object,0.277,83.88,386.6,156.87,430.67,3217.4,73.0,44.08,1.656,False,,True,S-61,17,evt_S-61_desk_work_surface_0004,37282cdd2ce70388,pose_hand_context,,36288.3,3.36,,1,cam12/e1/v1,rtmpose_baseline
full,03.CCTV Mobile Usage.mkv,632de9ed55947761d56d4c6142a3cb1a1fe69d0b1a6d0e01a2e404c697962623,dfine_sahi,103500.0,unknown_object,0.2608,46.6,509.59,82.04,532.95,827.8,35.43,23.36,1.517,False,,True,S-61,17,evt_S-61_desk_work_surface_0004,37282cdd2ce70388,pose_hand_context,,36288.3,3.36,,1,cam12/e1/v1,rtmpose_baseline
full,03.CCTV Mobile Usage.mkv,632de9ed55947761d56d4c6142a3cb1a1fe69d0b1a6d0e01a2e404c697962623,dfine_sahi,103567.0,monitor_or_bezel,0.4758,795.02,2.25,843.79,44.37,2053.5,48.76,42.11,1.158,False,,True,unattributed,18,evt_S-61_upper_body_0018,0472285e30939fa7,native_source_context_fallback,wrist_confidence_below_floor,9323.6,6.6,,1,cam12/e1/v1,rtmpose_baseline
full,03.CCTV Mobile Usage.mkv,632de9ed55947761d56d4c6142a3cb1a1fe69d0b1a6d0e01a2e404c697962623,dfine_sahi,103567.0,monitor_or_bezel,0.3895,795.02,28.04,843.97,44.78,819.4,48.95,16.74,2.924,False,,True,unattributed,18,evt_S-61_upper_body_0018,0472285e30939fa7,native_source_context_fallback,wrist_confidence_below_floor,9323.6,6.6,,1,cam12/e1/v1,rtmpose_baseline
full,03.CCTV Mobile Usage.mkv,632de9ed55947761d56d4c6142a3cb1a1fe69d0b1a6d0e01a2e404c697962623,dfine_sahi,103567.0,bag,0.3273,838.13,47.19,912.22,94.83,3529.9,74.09,47.64,1.555,False,,True,unattributed,18,evt_S-61_upper_body_0018,0472285e30939fa7,native_source_context_fallback,wrist_confidence_below_floor,9323.6,6.6,,1,cam12/e1/v1,rtmpose_baseline
full,03.CCTV Mobile Usage.mkv,632de9ed55947761d56d4c6142a3cb1a1fe69d0b1a6d0e01a2e404c697962623,dfine_sahi,103567.0,unknown_object,0.2945,838.08,28.1,933.91,123.5,9142.5,95.83,95.4,1.005,False,,True,unattributed,18,evt_S-61_upper_body_0018,0472285e30939fa7,native_source_context_fallback,wrist_confidence_below_floor,9323.6,6.6,,1,cam12/e1/v1,rtmpose_baseline
full,03.CCTV Mobile Usage.mkv,632de9ed55947761d56d4c6142a3cb1a1fe69d0b1a6d0e01a2e404c697962623,dfine_sahi,103567.0,bag,0.2837,879.19,50.11,911.64,92.97,1390.6,32.45,42.86,0.757,False,,True,unattributed,18,evt_S-61_upper_body_0018,0472285e30939fa7,native_source_context_fallback,wrist_confidence_below_floor,9323.6,6.6,,1,cam12/e1/v1,rtmpose_baseline
full,03.CCTV Mobile Usage.mkv,632de9ed55947761d56d4c6142a3cb1a1fe69d0b1a6d0e01a2e404c697962623,dfine_sahi,103567.0,unknown_object,0.2694,831.96,85.82,890.96,123.59,2228.3,59.0,37.77,1.562,False,,True,unattributed,18,evt_S-61_upper_body_0018,0472285e30939fa7,native_source_context_fallback,wrist_confidence_below_floor,9323.6,6.6,,1,cam12/e1/v1,rtmpose_baseline
full,03.CCTV Mobile Usage.mkv,632de9ed55947761d56d4c6142a3cb1a1fe69d0b1a6d0e01a2e404c697962623,dfine_sahi,103567.0,unknown_object,0.2543,825.74,45.56,891.03,121.77,4975.0,65.28,76.21,0.857,False,,True,unattributed,18,evt_S-61_upper_body_0018,0472285e30939fa7,native_source_context_fallback,wrist_confidence_below_floor,9323.6,6.6,,1,cam12/e1/v1,rtmpose_baseline
full,03.CCTV Mobile Usage.mkv,632de9ed55947761d56d4c6142a3cb1a1fe69d0b1a6d0e01a2e404c697962623,dfine_sahi,103567.0,unknown_object,0.6907,171.35,397.29,190.31,513.02,2193.6,18.95,115.73,0.164,False,,True,S-61,17,evt_S-61_upper_body_0018,2d404601cbb1ccd7,pose_hand_context,,36288.3,3.36,,1,cam12/e1/v1,rtmpose_baseline
full,03.CCTV Mobile Usage.mkv,632de9ed55947761d56d4c6142a3cb1a1fe69d0b1a6d0e01a2e404c697962623,dfine_sahi,103567.0,unknown_object,0.6228,110.61,454.41,176.89,521.62,4455.0,66.29,67.21,0.986,False,,True,S-61,17,evt_S-61_upper_body_0018,2d404601cbb1ccd7,pose_hand_context,,36288.3,3.36,,1,cam12/e1/v1,rtmpose_baseline
full,03.CCTV Mobile Usage.mkv,632de9ed55947761d56d4c6142a3cb1a1fe69d0b1a6d0e01a2e404c697962623,dfine_sahi,103567.0,unknown_object,0.4876,38.44,426.62,106.94,473.83,3234.4,68.51,47.21,1.451,False,,True,S-61,17,evt_S-61_upper_body_0018,2d404601cbb1ccd7,pose_hand_context,,36288.3,3.36,,1,cam12/e1/v1,rtmpose_baseline
full,03.CCTV Mobile Usage.mkv,632de9ed55947761d56d4c6142a3cb1a1fe69d0b1a6d0e01a2e404c697962623,dfine_sahi,103567.0,secondary_paper_chit,0.3643,89.89,453.29,177.36,521.97,6007.2,87.47,68.68,1.274,False,,True,S-61,17,evt_S-61_upper_body_0018,2d404601cbb1ccd7,pose_hand_context,,36288.3,3.36,,1,cam12/e1/v1,rtmpose_baseline
full,03.CCTV Mobile Usage.mkv,632de9ed55947761d56d4c6142a3cb1a1fe69d0b1a6d0e01a2e404c697962623,dfine_sahi,103567.0,unknown_object,0.363,83.04,426.25,187.74,532.47,11121.7,104.7,106.23,0.986,False,,True,S-61,17,evt_S-61_upper_body_0018,2d404601cbb1ccd7,pose_hand_context,,36288.3,3.36,,1,cam12/e1/v1,rtmpose_baseline
full,03.CCTV Mobile Usage.mkv,632de9ed55947761d56d4c6142a3cb1a1fe69d0b1a6d0e01a2e404c697962623,dfine_sahi,103567.0,unknown_object,0.3593,0.04,426.53,106.9,532.46,11319.3,106.85,105.93,1.009,False,,True,S-61,17,evt_S-61_upper_body_0018,2d404601cbb1ccd7,pose_hand_context,,36288.3,3.36,,1,cam12/e1/v1,rtmpose_baseline
full,03.CCTV Mobile Usage.mkv,632de9ed55947761d56d4c6142a3cb1a1fe69d0b1a6d0e01a2e404c697962623,dfine_sahi,103567.0,unknown_object,0.3287,170.71,394.83,190.08,449.79,1065.1,19.38,54.96,0.353,False,,True,S-61,17,evt_S-61_upper_body_0018,2d404601cbb1ccd7,pose_hand_context,,36288.3,3.36,,1,cam12/e1/v1,rtmpose_baseline
full,03.CCTV Mobile Usage.mkv,632de9ed55947761d56d4c6142a3cb1a1fe69d0b1a6d0e01a2e404c697962623,dfine_sahi,103567.0,unknown_object,0.3033,34.54,342.1,106.99,429.07,6301.0,72.45,86.97,0.833,False,,True,S-61,17,evt_S-61_upper_body_0018,2d404601cbb1ccd7,pose_hand_context,,36288.3,3.36,,1,cam12/e1/v1,rtmpose_baseline
full,03.CCTV Mobile Usage.mkv,632de9ed55947761d56d4c6142a3cb1a1fe69d0b1a6d0e01a2e404c697962623,dfine_sahi,103567.0,unknown_object,0.277,83.88,386.6,156.87,430.67,3217.4,73.0,44.08,1.656,False,,True,S-61,17,evt_S-61_upper_body_0018,2d404601cbb1ccd7,pose_hand_context,,36288.3,3.36,,1,cam12/e1/v1,rtmpose_baseline
full,03.CCTV Mobile Usage.mkv,632de9ed55947761d56d4c6142a3cb1a1fe69d0b1a6d0e01a2e404c697962623,dfine_sahi,103567.0,unknown_object,0.2608,46.6,509.59,82.04,532.95,827.8,35.43,23.36,1.517,False,,True,S-61,17,evt_S-61_upper_body_0018,2d404601cbb1ccd7,pose_hand_context,,36288.3,3.36,,1,cam12/e1/v1,rtmpose_baseline
full,03.CCTV Mobile Usage.mkv,632de9ed55947761d56d4c6142a3cb1a1fe69d0b1a6d0e01a2e404c697962623,dfine_sahi,103567.0,keyboard,0.918,962.29,451.95,1068.04,491.44,4176.7,105.75,39.5,2.678,False,,True,R-desk,21,evt_S-61_upper_body_0018,4ce48cdedd20585e,lap_bag_context,no_pose_observation,34560.0,1.33,,1,cam12/e1/v1,
full,03.CCTV Mobile Usage.mkv,632de9ed55947761d56d4c6142a3cb1a1fe69d0b1a6d0e01a2e404c697962623,dfine_sahi,103567.0,phone,0.7398,1043.6,421.86,1112.16,473.95,3571.0,68.56,52.09,1.316,False,,True,R-desk,21,evt_S-61_upper_body_0018,4ce48cdedd20585e,lap_bag_context,no_pose_observation,34560.0,1.33,,1,cam12/e1/v1,
full,03.CCTV Mobile Usage.mkv,632de9ed55947761d56d4c6142a3cb1a1fe69d0b1a6d0e01a2e404c697962623,dfine_sahi,103567.0,monitor_or_bezel,0.7291,910.22,411.3,1141.68,506.36,22005.1,231.47,95.07,2.435,False,,True,R-desk,21,evt_S-61_upper_body_0018,4ce48cdedd20585e,lap_bag_context,no_pose_observation,34560.0,1.33,,1,cam12/e1/v1,
full,03.CCTV Mobile Usage.mkv,632de9ed55947761d56d4c6142a3cb1a1fe69d0b1a6d0e01a2e404c697962623,dfine_sahi,103567.0,mouse,0.7289,864.74,413.43,891.42,435.03,576.4,26.68,21.61,1.235,False,,True,R-desk,21,evt_S-61_upper_body_0018,4ce48cdedd20585e,lap_bag_context,no_pose_observation,34560.0,1.33,,1,cam12/e1/v1,
full,03.CCTV Mobile Usage.mkv,632de9ed55947761d56d4c6142a3cb1a1fe69d0b1a6d0e01a2e404c697962623,dfine_sahi,103567.0,unknown_object,0.7156,699.87,396.2,848.57,491.79,14213.2,148.69,95.59,1.556,False,,True,R-desk,21,evt_S-61_upper_body_0018,4ce48cdedd20585e,lap_bag_context,no_pose_observation,34560.0,1.33,,1,cam12/e1/v1,
full,03.CCTV Mobile Usage.mkv,632de9ed55947761d56d4c6142a3cb1a1fe69d0b1a6d0e01a2e404c697962623,dfine_sahi,103567.0,monitor_or_bezel,0.7131,1018.97,395.76,1146.12,448.52,6707.4,127.14,52.75,2.41,False,,True,R-desk,21,evt_S-61_upper_body_0018,4ce48cdedd20585e,lap_bag_context,no_pose_observation,34560.0,1.33,,1,cam12/e1/v1,
full,03.CCTV Mobile Usage.mkv,632de9ed55947761d56d4c6142a3cb1a1fe69d0b1a6d0e01a2e404c697962623,dfine_sahi,103567.0,keyboard,0.7022,772.41,380.18,870.38,420.33,3934.0,97.97,40.15,2.44,False,,True,R-desk,21,evt_S-61_upper_body_0018,4ce48cdedd20585e,lap_bag_context,no_pose_observation,34560.0,1.33,,1,cam12/e1/v1,
full,03.CCTV Mobile Usage.mkv,632de9ed55947761d56d4c6142a3cb1a1fe69d0b1a6d0e01a2e404c697962623,dfine_sahi,103567.0,keyboard,0.6619,962.87,452.32,1034.18,475.53,1655.0,71.31,23.21,3.072,False,,True,R-desk,21,evt_S-61_upper_body_0018,4ce48cdedd20585e,lap_bag_context,no_pose_observation,34560.0,1.33,,1,cam12/e1/v1,
full,03.CCTV Mobile Usage.mkv,632de9ed55947761d56d4c6142a3cb1a1fe69d0b1a6d0e01a2e404c697962623,dfine_sahi,103567.0,monitor_or_bezel,0.5826,706.61,379.89,969.26,474.72,24908.5,262.65,94.83,2.77,False,,True,R-desk,21,evt_S-61_upper_body_0018,4ce48cdedd20585e,lap_bag_context,no_pose_observation,34560.0,1.33,,1,cam12/e1/v1,
full,03.CCTV Mobile Usage.mkv,632de9ed55947761d56d4c6142a3cb1a1fe69d0b1a6d0e01a2e404c697962623,dfine_sahi,103567.0,keyboard,0.555,802.84,396.3,870.32,420.63,1642.2,67.48,24.33,2.773,False,,True,R-desk,21,evt_S-61_upper_body_0018,4ce48cdedd20585e,lap_bag_context,no_pose_observation,34560.0,1.33,,1,cam12/e1/v1,
full,03.CCTV Mobile Usage.mkv,632de9ed55947761d56d4c6142a3cb1a1fe69d0b1a6d0e01a2e404c697962623,dfine_sahi,103567.0,monitor_or_bezel,0.5326,962.69,380.41,1153.01,474.85,17973.2,190.32,94.44,2.015,False,,True,R-desk,21,evt_S-61_upper_body_0018,4ce48cdedd20585e,lap_bag_context,no_pose_observation,34560.0,1.33,,1,cam12/e1/v1,
full,03.CCTV Mobile Usage.mkv,632de9ed55947761d56d4c6142a3cb1a1fe69d0b1a6d0e01a2e404c697962623,dfine_sahi,103567.0,unknown_object,0.5195,700.0,380.66,758.6,475.06,5531.7,58.6,94.4,0.621,False,,True,R-desk,21,evt_S-61_upper_body_0018,4ce48cdedd20585e,lap_bag_context,no_pose_observation,34560.0,1.33,,1,cam12/e1/v1,
full,03.CCTV Mobile Usage.mkv,632de9ed55947761d56d4c6142a3cb1a1fe69d0b1a6d0e01a2e404c697962623,dfine_sahi,103567.0,unknown_object,0.494,750.18,411.0,969.75,505.98,20855.9,219.57,94.98,2.312,False,,True,R-desk,21,evt_S-61_upper_body_0018,4ce48cdedd20585e,lap_bag_context,no_pose_observation,34560.0,1.33,,1,cam12/e1/v1,
full,03.CCTV Mobile Usage.mkv,632de9ed55947761d56d4c6142a3cb1a1fe69d0b1a6d0e01a2e404c697962623,dfine_sahi,103567.0,keyboard,0.4755,910.06,411.36,1091.97,506.16,17244.3,181.91,94.8,1.919,False,,True,R-desk,21,evt_S-61_upper_body_0018,4ce48cdedd20585e,lap_bag_context,no_pose_observation,34560.0,1.33,,1,cam12/e1/v1,
full,03.CCTV Mobile Usage.mkv,632de9ed55947761d56d4c6142a3cb1a1fe69d0b1a6d0e01a2e404c697962623,dfine_sahi,103567.0,mouse,0.3808,967.04,398.39,991.85,410.66,304.5,24.81,12.27,2.022,False,,True,R-desk,21,evt_S-61_upper_body_0018,4ce48cdedd20585e,lap_bag_context,no_pose_observation,34560.0,1.33,,1,cam12/e1/v1,
full,03.CCTV Mobile Usage.mkv,632de9ed55947761d56d4c6142a3cb1a1fe69d0b1a6d0e01a2e404c697962623,dfine_sahi,103567.0,phone,0.3756,1051.53,411.44,1139.97,446.87,3133.4,88.44,35.43,2.496,False,,True,R-desk,21,evt_S-61_upper_body_0018,4ce48cdedd20585e,lap_bag_context,no_pose_observation,34560.0,1.33,,1,cam12/e1/v1,
full,03.CCTV Mobile Usage.mkv,632de9ed55947761d56d4c6142a3cb1a1fe69d0b1a6d0e01a2e404c697962623,dfine_sahi,103567.0,monitor_or_bezel,0.3643,880.9,396.16,948.81,452.62,3834.4,67.91,56.46,1.203,False,,True,R-desk,21,evt_S-61_upper_body_0018,4ce48cdedd20585e,lap_bag_context,no_pose_observation,34560.0,1.33,,1,cam12/e1/v1,
full,03.CCTV Mobile Usage.mkv,632de9ed55947761d56d4c6142a3cb1a1fe69d0b1a6d0e01a2e404c697962623,dfine_sahi,103567.0,keyboard,0.2772,962.62,421.46,1114.48,475.53,8212.0,151.86,54.07,2.808,False,,True,R-desk,21,evt_S-61_upper_body_0018,4ce48cdedd20585e,lap_bag_context,no_pose_observation,34560.0,1.33,,1,cam12/e1/v1,
full,03.CCTV Mobile Usage.mkv,632de9ed55947761d56d4c6142a3cb1a1fe69d0b1a6d0e01a2e404c697962623,dfine_sahi,103567.0,mouse,0.2741,991.54,401.11,1028.1,413.65,458.7,36.56,12.55,2.913,False,,True,R-desk,21,evt_S-61_upper_body_0018,4ce48cdedd20585e,lap_bag_context,no_pose_observation,34560.0,1.33,,1,cam12/e1/v1,
full,03.CCTV Mobile Usage.mkv,632de9ed55947761d56d4c6142a3cb1a1fe69d0b1a6d0e01a2e404c697962623,dfine_sahi,103567.0,unknown_object,0.2639,878.51,411.28,969.86,505.63,8618.9,91.35,94.35,0.968,False,,True,R-desk,21,evt_S-61_upper_body_0018,4ce48cdedd20585e,lap_bag_context,no_pose_observation,34560.0,1.33,,1,cam12/e1/v1,
full,03.CCTV Mobile Usage.mkv,632de9ed55947761d56d4c6142a3cb1a1fe69d0b1a6d0e01a2e404c697962623,dfine_sahi,104000.0,unknown_object,0.5178,479.88,53.35,507.94,84.05,861.5,28.06,30.7,0.914,False,,True,unattributed,20,evt_S-61_desk_work_surface_0004,8bf6069e5eb6848a,native_source_context_fallback,no_pose_observation,6455.9,7.42,,1,cam12/e1/v1,
full,03.CCTV Mobile Usage.mkv,632de9ed55947761d56d4c6142a3cb1a1fe69d0b1a6d0e01a2e404c697962623,dfine_sahi,104000.0,unknown_object,0.4272,535.26,51.48,564.0,91.21,1141.7,28.74,39.72,0.724,False,,True,unattributed,20,evt_S-61_desk_work_surface_0004,8bf6069e5eb6848a,native_source_context_fallback,no_pose_observation,6455.9,7.42,,1,cam12/e1/v1,
full,03.CCTV Mobile Usage.mkv,632de9ed55947761d56d4c6142a3cb1a1fe69d0b1a6d0e01a2e404c697962623,dfine_sahi,104000.0,unknown_object,0.3951,447.51,68.58,465.53,84.28,282.8,18.02,15.7,1.148,False,,True,unattributed,20,evt_S-61_desk_work_surface_0004,8bf6069e5eb6848a,native_source_context_fallback,no_pose_observation,6455.9,7.42,,1,cam12/e1/v1,
full,03.CCTV Mobile Usage.mkv,632de9ed55947761d56d4c6142a3cb1a1fe69d0b1a6d0e01a2e404c697962623,dfine_sahi,104000.0,unknown_object,0.3344,449.05,56.7,485.19,95.81,1413.9,36.15,39.12,0.924,False,,True,unattributed,20,evt_S-61_desk_work_surface_0004,8bf6069e5eb6848a,native_source_context_fallback,no_pose_observation,6455.9,7.42,,1,cam12/e1/v1,
full,03.CCTV Mobile Usage.mkv,632de9ed55947761d56d4c6142a3cb1a1fe69d0b1a6d0e01a2e404c697962623,dfine_sahi,104000.0,unknown_object,0.308,449.03,80.63,484.41,95.91,540.8,35.38,15.28,2.315,False,,True,unattributed,20,evt_S-61_desk_work_surface_0004,8bf6069e5eb6848a,native_source_context_fallback,no_pose_observation,6455.9,7.42,,1,cam12/e1/v1,
full,03.CCTV Mobile Usage.mkv,632de9ed55947761d56d4c6142a3cb1a1fe69d0b1a6d0e01a2e404c697962623,dfine_sahi,104000.0,unknown_object,0.2957,484.97,77.93,544.85,95.88,1074.5,59.88,17.94,3.338,False,,True,unattributed,20,evt_S-61_desk_work_surface_0004,8bf6069e5eb6848a,native_source_context_fallback,no_pose_observation,6455.9,7.42,,1,cam12/e1/v1,
full,03.CCTV Mobile Usage.mkv,632de9ed55947761d56d4c6142a3cb1a1fe69d0b1a6d0e01a2e404c697962623,dfine_sahi,104000.0,unknown_object,0.2946,503.54,78.41,525.98,95.98,394.4,22.44,17.57,1.277,False,,True,unattributed,20,evt_S-61_desk_work_surface_0004,8bf6069e5eb6848a,native_source_context_fallback,no_pose_observation,6455.9,7.42,,1,cam12/e1/v1,
full,03.CCTV Mobile Usage.mkv,632de9ed55947761d56d4c6142a3cb1a1fe69d0b1a6d0e01a2e404c697962623,dfine_sahi,104000.0,unknown_object,0.2836,484.79,66.52,508.37,95.9,692.9,23.59,29.38,0.803,False,,True,unattributed,20,evt_S-61_desk_work_surface_0004,8bf6069e5eb6848a,native_source_context_fallback,no_pose_observation,6455.9,7.42,,1,cam12/e1/v1,
full,03.CCTV Mobile Usage.mkv,632de9ed55947761d56d4c6142a3cb1a1fe69d0b1a6d0e01a2e404c697962623,dfine_sahi,104000.0,unknown_object,0.2791,464.53,61.84,476.44,84.24,266.8,11.91,22.4,0.532,False,,True,unattributed,20,evt_S-61_desk_work_surface_0004,8bf6069e5eb6848a,native_source_context_fallback,no_pose_observation,6455.9,7.42,,1,cam12/e1/v1,
full,03.CCTV Mobile Usage.mkv,632de9ed55947761d56d4c6142a3cb1a1fe69d0b1a6d0e01a2e404c697962623,dfine_sahi,104000.0,unknown_object,0.265,485.35,80.75,505.53,95.95,306.7,20.18,15.2,1.327,False,,True,unattributed,20,evt_S-61_desk_work_surface_0004,8bf6069e5eb6848a,native_source_context_fallback,no_pose_observation,6455.9,7.42,,1,cam12/e1/v1,
full,03.CCTV Mobile Usage.mkv,632de9ed55947761d56d4c6142a3cb1a1fe69d0b1a6d0e01a2e404c697962623,dfine_sahi,104000.0,unknown_object,0.2595,430.02,65.11,443.29,84.99,263.7,13.26,19.88,0.667,False,,True,unattributed,20,evt_S-61_desk_work_surface_0004,8bf6069e5eb6848a,native_source_context_fallback,no_pose_observation,6455.9,7.42,,1,cam12/e1/v1,
full,03.CCTV Mobile Usage.mkv,632de9ed55947761d56d4c6142a3cb1a1fe69d0b1a6d0e01a2e404c697962623,dfine_sahi,104000.0,unknown_object,0.8328,110.79,454.47,176.73,521.26,4404.5,65.95,66.79,0.987,False,,True,S-61,17,evt_S-61_desk_work_surface_0004,afa157e1c4b0a953,pose_hand_context,,37876.2,3.27,,1,cam12/e1/v1,rtmpose_baseline
full,03.CCTV Mobile Usage.mkv,632de9ed55947761d56d4c6142a3cb1a1fe69d0b1a6d0e01a2e404c697962623,dfine_sahi,104000.0,unknown_object,0.5701,169.65,396.34,193.07,515.05,2779.8,23.42,118.71,0.197,False,,True,S-61,17,evt_S-61_desk_work_surface_0004,afa157e1c4b0a953,pose_hand_context,,37876.2,3.27,,1,cam12/e1/v1,rtmpose_baseline
full,03.CCTV Mobile Usage.mkv,632de9ed55947761d56d4c6142a3cb1a1fe69d0b1a6d0e01a2e404c697962623,dfine_sahi,104000.0,unknown_object,0.4426,38.27,425.24,108.94,473.6,3417.7,70.67,48.36,1.461,False,,True,S-61,17,evt_S-61_desk_work_surface_0004,afa157e1c4b0a953,pose_hand_context,,37876.2,3.27,,1,cam12/e1/v1,rtmpose_baseline
full,03.CCTV Mobile Usage.mkv,632de9ed55947761d56d4c6142a3cb1a1fe69d0b1a6d0e01a2e404c697962623,dfine_sahi,104000.0,unknown_object,0.4255,-0.16,340.18,109.15,449.59,11958.9,109.3,109.41,0.999,False,,True,S-61,17,evt_S-61_desk_work_surface_0004,afa157e1c4b0a953,pose_hand_context,,37876.2,3.27,,1,cam12/e1/v1,rtmpose_baseline
full,03.CCTV Mobile Usage.mkv,632de9ed55947761d56d4c6142a3cb1a1fe69d0b1a6d0e01a2e404c697962623,dfine_sahi,104000.0,unknown_object,0.4084,169.1,394.86,193.04,449.82,1315.9,23.94,54.97,0.436,False,,True,S-61,17,evt_S-61_desk_work_surface_0004,afa157e1c4b0a953,pose_hand_context,,37876.2,3.27,,1,cam12/e1/v1,rtmpose_baseline
full,03.CCTV Mobile Usage.mkv,632de9ed55947761d56d4c6142a3cb1a1fe69d0b1a6d0e01a2e404c697962623,dfine_sahi,104000.0,unknown_object,0.3922,84.14,387.08,173.03,449.38,5537.9,88.88,62.3,1.427,False,,True,S-61,17,evt_S-61_desk_work_surface_0004,afa157e1c4b0a953,pose_hand_context,,37876.2,3.27,,1,cam12/e1/v1,rtmpose_baseline
full,03.CCTV Mobile Usage.mkv,632de9ed55947761d56d4c6142a3cb1a1fe69d0b1a6d0e01a2e404c697962623,dfine_sahi,104000.0,unknown_object,0.2827,0.04,425.31,109.07,534.62,11917.6,109.03,109.31,0.997,False,,True,S-61,17,evt_S-61_desk_work_surface_0004,afa157e1c4b0a953,pose_hand_context,,37876.2,3.27,,1,cam12/e1/v1,rtmpose_baseline
full,03.CCTV Mobile Usage.mkv,632de9ed55947761d56d4c6142a3cb1a1fe69d0b1a6d0e01a2e404c697962623,dfine_sahi,104000.0,keyboard,0.9169,962.28,451.95,1068.03,491.44,4176.6,105.75,39.5,2.678,False,,True,R-desk,21,evt_S-61_desk_work_surface_0004,b35c0cb28e573275,lap_bag_context,wrist_confidence_below_floor,34560.0,1.33,,1,cam12/e1/v1,rtmpose_baseline
full,03.CCTV Mobile Usage.mkv,632de9ed55947761d56d4c6142a3cb1a1fe69d0b1a6d0e01a2e404c697962623,dfine_sahi,104000.0,phone,0.745,1043.6,421.86,1112.17,474.0,3575.0,68.57,52.14,1.315,False,,True,R-desk,21,evt_S-61_desk_work_surface_0004,b35c0cb28e573275,lap_bag_context,wrist_confidence_below_floor,34560.0,1.33,,1,cam12/e1/v1,rtmpose_baseline
full,03.CCTV Mobile Usage.mkv,632de9ed55947761d56d4c6142a3cb1a1fe69d0b1a6d0e01a2e404c697962623,dfine_sahi,104000.0,monitor_or_bezel,0.7325,910.21,411.29,1141.46,506.36,21985.5,231.25,95.07,2.432,False,,True,R-desk,21,evt_S-61_desk_work_surface_0004,b35c0cb28e573275,lap_bag_context,wrist_confidence_below_floor,34560.0,1.33,,1,cam12/e1/v1,rtmpose_baseline
full,03.CCTV Mobile Usage.mkv,632de9ed55947761d56d4c6142a3cb1a1fe69d0b1a6d0e01a2e404c697962623,dfine_sahi,104000.0,mouse,0.7274,864.74,413.43,891.42,435.04,576.7,26.69,21.61,1.235,False,,True,R-desk,21,evt_S-61_desk_work_surface_0004,b35c0cb28e573275,lap_bag_context,wrist_confidence_below_floor,34560.0,1.33,,1,cam12/e1/v1,rtmpose_baseline
full,03.CCTV Mobile Usage.mkv,632de9ed55947761d56d4c6142a3cb1a1fe69d0b1a6d0e01a2e404c697962623,dfine_sahi,104000.0,unknown_object,0.7169,699.87,396.2,848.57,491.79,14213.2,148.7,95.58,1.556,False,,True,R-desk,21,evt_S-61_desk_work_surface_0004,b35c0cb28e573275,lap_bag_context,wrist_confidence_below_floor,34560.0,1.33,,1,cam12/e1/v1,rtmpose_baseline
full,03.CCTV Mobile Usage.mkv,632de9ed55947761d56d4c6142a3cb1a1fe69d0b1a6d0e01a2e404c697962623,dfine_sahi,104000.0,monitor_or_bezel,0.7088,1018.98,395.77,1146.16,448.53,6710.8,127.19,52.76,2.411,False,,True,R-desk,21,evt_S-61_desk_work_surface_0004,b35c0cb28e573275,lap_bag_context,wrist_confidence_below_floor,34560.0,1.33,,1,cam12/e1/v1,rtmpose_baseline
full,03.CCTV Mobile Usage.mkv,632de9ed55947761d56d4c6142a3cb1a1fe69d0b1a6d0e01a2e404c697962623,dfine_sahi,104000.0,keyboard,0.7024,772.41,380.18,870.38,420.33,3934.2,97.98,40.15,2.44,False,,True,R-desk,21,evt_S-61_desk_work_surface_0004,b35c0cb28e573275,lap_bag_context,wrist_confidence_below_floor,34560.0,1.33,,1,cam12/e1/v1,rtmpose_baseline
full,03.CCTV Mobile Usage.mkv,632de9ed55947761d56d4c6142a3cb1a1fe69d0b1a6d0e01a2e404c697962623,dfine_sahi,104000.0,keyboard,0.6635,962.95,452.3,1034.18,475.52,1654.2,71.23,23.22,3.067,False,,True,R-desk,21,evt_S-61_desk_work_surface_0004,b35c0cb28e573275,lap_bag_context,wrist_confidence_below_floor,34560.0,1.33,,1,cam12/e1/v1,rtmpose_baseline
full,03.CCTV Mobile Usage.mkv,632de9ed55947761d56d4c6142a3cb1a1fe69d0b1a6d0e01a2e404c697962623,dfine_sahi,104000.0,monitor_or_bezel,0.5781,706.67,379.89,969.26,474.71,24899.0,262.59,94.82,2.769,False,,True,R-desk,21,evt_S-61_desk_work_surface_0004,b35c0cb28e573275,lap_bag_context,wrist_confidence_below_floor,34560.0,1.33,,1,cam12/e1/v1,rtmpose_baseline
full,03.CCTV Mobile Usage.mkv,632de9ed55947761d56d4c6142a3cb1a1fe69d0b1a6d0e01a2e404c697962623,dfine_sahi,104000.0,keyboard,0.5548,802.84,396.3,870.33,420.63,1642.4,67.49,24.34,2.773,False,,True,R-desk,21,evt_S-61_desk_work_surface_0004,b35c0cb28e573275,lap_bag_context,wrist_confidence_below_floor,34560.0,1.33,,1,cam12/e1/v1,rtmpose_baseline
full,03.CCTV Mobile Usage.mkv,632de9ed55947761d56d4c6142a3cb1a1fe69d0b1a6d0e01a2e404c697962623,dfine_sahi,104000.0,monitor_or_bezel,0.5338,962.77,380.43,1152.98,474.85,17960.3,190.21,94.42,2.015,False,,True,R-desk,21,evt_S-61_desk_work_surface_0004,b35c0cb28e573275,lap_bag_context,wrist_confidence_below_floor,34560.0,1.33,,1,cam12/e1/v1,rtmpose_baseline
full,03.CCTV Mobile Usage.mkv,632de9ed55947761d56d4c6142a3cb1a1fe69d0b1a6d0e01a2e404c697962623,dfine_sahi,104000.0,unknown_object,0.5253,699.99,380.65,758.69,475.05,5540.9,58.69,94.4,0.622,False,,True,R-desk,21,evt_S-61_desk_work_surface_0004,b35c0cb28e573275,lap_bag_context,wrist_confidence_below_floor,34560.0,1.33,,1,cam12/e1/v1,rtmpose_baseline
full,03.CCTV Mobile Usage.mkv,632de9ed55947761d56d4c6142a3cb1a1fe69d0b1a6d0e01a2e404c697962623,dfine_sahi,104000.0,unknown_object,0.4972,750.17,411.0,969.69,505.98,20851.3,219.52,94.98,2.311,False,,True,R-desk,21,evt_S-61_desk_work_surface_0004,b35c0cb28e573275,lap_bag_context,wrist_confidence_below_floor,34560.0,1.33,,1,cam12/e1/v1,rtmpose_baseline
full,03.CCTV Mobile Usage.mkv,632de9ed55947761d56d4c6142a3cb1a1fe69d0b1a6d0e01a2e404c697962623,dfine_sahi,104000.0,keyboard,0.4616,910.07,411.38,1092.0,506.16,17243.5,181.93,94.78,1.92,False,,True,R-desk,21,evt_S-61_desk_work_surface_0004,b35c0cb28e573275,lap_bag_context,wrist_confidence_below_floor,34560.0,1.33,,1,cam12/e1/v1,rtmpose_baseline
full,03.CCTV Mobile Usage.mkv,632de9ed55947761d56d4c6142a3cb1a1fe69d0b1a6d0e01a2e404c697962623,dfine_sahi,104000.0,phone,0.3881,1051.51,411.43,1139.96,446.91,3138.5,88.45,35.48,2.493,False,,True,R-desk,21,evt_S-61_desk_work_surface_0004,b35c0cb28e573275,lap_bag_context,wrist_confidence_below_floor,34560.0,1.33,,1,cam12/e1/v1,rtmpose_baseline
full,03.CCTV Mobile Usage.mkv,632de9ed55947761d56d4c6142a3cb1a1fe69d0b1a6d0e01a2e404c697962623,dfine_sahi,104000.0,mouse,0.378,967.04,398.39,991.84,410.66,304.3,24.8,12.27,2.021,False,,True,R-desk,21,evt_S-61_desk_work_surface_0004,b35c0cb28e573275,lap_bag_context,wrist_confidence_below_floor,34560.0,1.33,,1,cam12/e1/v1,rtmpose_baseline
full,03.CCTV Mobile Usage.mkv,632de9ed55947761d56d4c6142a3cb1a1fe69d0b1a6d0e01a2e404c697962623,dfine_sahi,104000.0,monitor_or_bezel,0.3664,880.89,396.16,948.81,452.62,3834.7,67.92,56.46,1.203,False,,True,R-desk,21,evt_S-61_desk_work_surface_0004,b35c0cb28e573275,lap_bag_context,wrist_confidence_below_floor,34560.0,1.33,,1,cam12/e1/v1,rtmpose_baseline
full,03.CCTV Mobile Usage.mkv,632de9ed55947761d56d4c6142a3cb1a1fe69d0b1a6d0e01a2e404c697962623,dfine_sahi,104000.0,mouse,0.2747,991.52,401.12,1028.12,413.65,458.7,36.6,12.53,2.92,False,,True,R-desk,21,evt_S-61_desk_work_surface_0004,b35c0cb28e573275,lap_bag_context,wrist_confidence_below_floor,34560.0,1.33,,1,cam12/e1/v1,rtmpose_baseline
full,03.CCTV Mobile Usage.mkv,632de9ed55947761d56d4c6142a3cb1a1fe69d0b1a6d0e01a2e404c697962623,dfine_sahi,104000.0,unknown_object,0.2719,878.69,411.28,969.85,505.63,8600.7,91.16,94.35,0.966,False,,True,R-desk,21,evt_S-61_desk_work_surface_0004,b35c0cb28e573275,lap_bag_context,wrist_confidence_below_floor,34560.0,1.33,,1,cam12/e1/v1,rtmpose_baseline
full,03.CCTV Mobile Usage.mkv,632de9ed55947761d56d4c6142a3cb1a1fe69d0b1a6d0e01a2e404c697962623,dfine_sahi,104000.0,keyboard,0.2667,962.66,421.44,1117.35,475.55,8369.9,154.69,54.11,2.859,False,,True,R-desk,21,evt_S-61_desk_work_surface_0004,b35c0cb28e573275,lap_bag_context,wrist_confidence_below_floor,34560.0,1.33,,1,cam12/e1/v1,rtmpose_baseline
full,03.CCTV Mobile Usage.mkv,632de9ed55947761d56d4c6142a3cb1a1fe69d0b1a6d0e01a2e404c697962623,dfine_sahi,104000.0,keyboard,0.9169,962.28,451.95,1068.03,491.44,4176.6,105.75,39.5,2.678,False,,True,R-desk,22,evt_S-61_desk_work_surface_0004,b35c0cb28e573275,lap_bag_context,wrist_confidence_below_floor,34560.0,1.33,,1,cam12/e1/v1,rtmpose_baseline
full,03.CCTV Mobile Usage.mkv,632de9ed55947761d56d4c6142a3cb1a1fe69d0b1a6d0e01a2e404c697962623,dfine_sahi,104000.0,phone,0.745,1043.6,421.86,1112.17,474.0,3575.0,68.57,52.14,1.315,False,,True,R-desk,22,evt_S-61_desk_work_surface_0004,b35c0cb28e573275,lap_bag_context,wrist_confidence_below_floor,34560.0,1.33,,1,cam12/e1/v1,rtmpose_baseline
full,03.CCTV Mobile Usage.mkv,632de9ed55947761d56d4c6142a3cb1a1fe69d0b1a6d0e01a2e404c697962623,dfine_sahi,104000.0,monitor_or_bezel,0.7325,910.21,411.29,1141.46,506.36,21985.5,231.25,95.07,2.432,False,,True,R-desk,22,evt_S-61_desk_work_surface_0004,b35c0cb28e573275,lap_bag_context,wrist_confidence_below_floor,34560.0,1.33,,1,cam12/e1/v1,rtmpose_baseline
full,03.CCTV Mobile Usage.mkv,632de9ed55947761d56d4c6142a3cb1a1fe69d0b1a6d0e01a2e404c697962623,dfine_sahi,104000.0,mouse,0.7274,864.74,413.43,891.42,435.04,576.7,26.69,21.61,1.235,False,,True,R-desk,22,evt_S-61_desk_work_surface_0004,b35c0cb28e573275,lap_bag_context,wrist_confidence_below_floor,34560.0,1.33,,1,cam12/e1/v1,rtmpose_baseline
full,03.CCTV Mobile Usage.mkv,632de9ed55947761d56d4c6142a3cb1a1fe69d0b1a6d0e01a2e404c697962623,dfine_sahi,104000.0,unknown_object,0.7169,699.87,396.2,848.57,491.79,14213.2,148.7,95.58,1.556,False,,True,R-desk,22,evt_S-61_desk_work_surface_0004,b35c0cb28e573275,lap_bag_context,wrist_confidence_below_floor,34560.0,1.33,,1,cam12/e1/v1,rtmpose_baseline
full,03.CCTV Mobile Usage.mkv,632de9ed55947761d56d4c6142a3cb1a1fe69d0b1a6d0e01a2e404c697962623,dfine_sahi,104000.0,monitor_or_bezel,0.7088,1018.98,395.77,1146.16,448.53,6710.8,127.19,52.76,2.411,False,,True,R-desk,22,evt_S-61_desk_work_surface_0004,b35c0cb28e573275,lap_bag_context,wrist_confidence_below_floor,34560.0,1.33,,1,cam12/e1/v1,rtmpose_baseline
full,03.CCTV Mobile Usage.mkv,632de9ed55947761d56d4c6142a3cb1a1fe69d0b1a6d0e01a2e404c697962623,dfine_sahi,104000.0,keyboard,0.7024,772.41,380.18,870.38,420.33,3934.2,97.98,40.15,2.44,False,,True,R-desk,22,evt_S-61_desk_work_surface_0004,b35c0cb28e573275,lap_bag_context,wrist_confidence_below_floor,34560.0,1.33,,1,cam12/e1/v1,rtmpose_baseline
full,03.CCTV Mobile Usage.mkv,632de9ed55947761d56d4c6142a3cb1a1fe69d0b1a6d0e01a2e404c697962623,dfine_sahi,104000.0,keyboard,0.6635,962.95,452.3,1034.18,475.52,1654.2,71.23,23.22,3.067,False,,True,R-desk,22,evt_S-61_desk_work_surface_0004,b35c0cb28e573275,lap_bag_context,wrist_confidence_below_floor,34560.0,1.33,,1,cam12/e1/v1,rtmpose_baseline
full,03.CCTV Mobile Usage.mkv,632de9ed55947761d56d4c6142a3cb1a1fe69d0b1a6d0e01a2e404c697962623,dfine_sahi,104000.0,monitor_or_bezel,0.5781,706.67,379.89,969.26,474.71,24899.0,262.59,94.82,2.769,False,,True,R-desk,22,evt_S-61_desk_work_surface_0004,b35c0cb28e573275,lap_bag_context,wrist_confidence_below_floor,34560.0,1.33,,1,cam12/e1/v1,rtmpose_baseline
full,03.CCTV Mobile Usage.mkv,632de9ed55947761d56d4c6142a3cb1a1fe69d0b1a6d0e01a2e404c697962623,dfine_sahi,104000.0,keyboard,0.5548,802.84,396.3,870.33,420.63,1642.4,67.49,24.34,2.773,False,,True,R-desk,22,evt_S-61_desk_work_surface_0004,b35c0cb28e573275,lap_bag_context,wrist_confidence_below_floor,34560.0,1.33,,1,cam12/e1/v1,rtmpose_baseline
full,03.CCTV Mobile Usage.mkv,632de9ed55947761d56d4c6142a3cb1a1fe69d0b1a6d0e01a2e404c697962623,dfine_sahi,104000.0,monitor_or_bezel,0.5338,962.77,380.43,1152.98,474.85,17960.3,190.21,94.42,2.015,False,,True,R-desk,22,evt_S-61_desk_work_surface_0004,b35c0cb28e573275,lap_bag_context,wrist_confidence_below_floor,34560.0,1.33,,1,cam12/e1/v1,rtmpose_baseline
full,03.CCTV Mobile Usage.mkv,632de9ed55947761d56d4c6142a3cb1a1fe69d0b1a6d0e01a2e404c697962623,dfine_sahi,104000.0,unknown_object,0.5253,699.99,380.65,758.69,475.05,5540.9,58.69,94.4,0.622,False,,True,R-desk,22,evt_S-61_desk_work_surface_0004,b35c0cb28e573275,lap_bag_context,wrist_confidence_below_floor,34560.0,1.33,,1,cam12/e1/v1,rtmpose_baseline
full,03.CCTV Mobile Usage.mkv,632de9ed55947761d56d4c6142a3cb1a1fe69d0b1a6d0e01a2e404c697962623,dfine_sahi,104000.0,unknown_object,0.4972,750.17,411.0,969.69,505.98,20851.3,219.52,94.98,2.311,False,,True,R-desk,22,evt_S-61_desk_work_surface_0004,b35c0cb28e573275,lap_bag_context,wrist_confidence_below_floor,34560.0,1.33,,1,cam12/e1/v1,rtmpose_baseline
full,03.CCTV Mobile Usage.mkv,632de9ed55947761d56d4c6142a3cb1a1fe69d0b1a6d0e01a2e404c697962623,dfine_sahi,104000.0,keyboard,0.4616,910.07,411.38,1092.0,506.16,17243.5,181.93,94.78,1.92,False,,True,R-desk,22,evt_S-61_desk_work_surface_0004,b35c0cb28e573275,lap_bag_context,wrist_confidence_below_floor,34560.0,1.33,,1,cam12/e1/v1,rtmpose_baseline
full,03.CCTV Mobile Usage.mkv,632de9ed55947761d56d4c6142a3cb1a1fe69d0b1a6d0e01a2e404c697962623,dfine_sahi,104000.0,phone,0.3881,1051.51,411.43,1139.96,446.91,3138.5,88.45,35.48,2.493,False,,True,R-desk,22,evt_S-61_desk_work_surface_0004,b35c0cb28e573275,lap_bag_context,wrist_confidence_below_floor,34560.0,1.33,,1,cam12/e1/v1,rtmpose_baseline
full,03.CCTV Mobile Usage.mkv,632de9ed55947761d56d4c6142a3cb1a1fe69d0b1a6d0e01a2e404c697962623,dfine_sahi,104000.0,mouse,0.378,967.04,398.39,991.84,410.66,304.3,24.8,12.27,2.021,False,,True,R-desk,22,evt_S-61_desk_work_surface_0004,b35c0cb28e573275,lap_bag_context,wrist_confidence_below_floor,34560.0,1.33,,1,cam12/e1/v1,rtmpose_baseline
full,03.CCTV Mobile Usage.mkv,632de9ed55947761d56d4c6142a3cb1a1fe69d0b1a6d0e01a2e404c697962623,dfine_sahi,104000.0,monitor_or_bezel,0.3664,880.89,396.16,948.81,452.62,3834.7,67.92,56.46,1.203,False,,True,R-desk,22,evt_S-61_desk_work_surface_0004,b35c0cb28e573275,lap_bag_context,wrist_confidence_below_floor,34560.0,1.33,,1,cam12/e1/v1,rtmpose_baseline
full,03.CCTV Mobile Usage.mkv,632de9ed55947761d56d4c6142a3cb1a1fe69d0b1a6d0e01a2e404c697962623,dfine_sahi,104000.0,mouse,0.2747,991.52,401.12,1028.12,413.65,458.7,36.6,12.53,2.92,False,,True,R-desk,22,evt_S-61_desk_work_surface_0004,b35c0cb28e573275,lap_bag_context,wrist_confidence_below_floor,34560.0,1.33,,1,cam12/e1/v1,rtmpose_baseline
full,03.CCTV Mobile Usage.mkv,632de9ed55947761d56d4c6142a3cb1a1fe69d0b1a6d0e01a2e404c697962623,dfine_sahi,104000.0,unknown_object,0.2719,878.69,411.28,969.85,505.63,8600.7,91.16,94.35,0.966,False,,True,R-desk,22,evt_S-61_desk_work_surface_0004,b35c0cb28e573275,lap_bag_context,wrist_confidence_below_floor,34560.0,1.33,,1,cam12/e1/v1,rtmpose_baseline
full,03.CCTV Mobile Usage.mkv,632de9ed55947761d56d4c6142a3cb1a1fe69d0b1a6d0e01a2e404c697962623,dfine_sahi,104000.0,keyboard,0.2667,962.66,421.44,1117.35,475.55,8369.9,154.69,54.11,2.859,False,,True,R-desk,22,evt_S-61_desk_work_surface_0004,b35c0cb28e573275,lap_bag_context,wrist_confidence_below_floor,34560.0,1.33,,1,cam12/e1/v1,rtmpose_baseline
full,03.CCTV Mobile Usage.mkv,632de9ed55947761d56d4c6142a3cb1a1fe69d0b1a6d0e01a2e404c697962623,dfine_sahi,104000.0,monitor_or_bezel,0.5389,796.02,2.38,843.9,44.27,2005.8,47.88,41.89,1.143,False,,True,unattributed,18,evt_S-61_desk_work_surface_0004,e0d73f122f313349,native_source_context_fallback,wrist_confidence_below_floor,9340.2,6.62,,1,cam12/e1/v1,rtmpose_baseline
full,03.CCTV Mobile Usage.mkv,632de9ed55947761d56d4c6142a3cb1a1fe69d0b1a6d0e01a2e404c697962623,dfine_sahi,104000.0,monitor_or_bezel,0.3509,795.99,29.03,843.95,44.88,759.7,47.95,15.84,3.027,False,,True,unattributed,18,evt_S-61_desk_work_surface_0004,e0d73f122f313349,native_source_context_fallback,wrist_confidence_below_floor,9340.2,6.62,,1,cam12/e1/v1,rtmpose_baseline
full,03.CCTV Mobile Usage.mkv,632de9ed55947761d56d4c6142a3cb1a1fe69d0b1a6d0e01a2e404c697962623,dfine_sahi,104000.0,unknown_object,0.26,795.98,2.02,844.12,87.42,4110.9,48.14,85.4,0.564,False,,True,unattributed,18,evt_S-61_desk_work_surface_0004,e0d73f122f313349,native_source_context_fallback,wrist_confidence_below_floor,9340.2,6.62,,1,cam12/e1/v1,rtmpose_baseline
full,03.CCTV Mobile Usage.mkv,632de9ed55947761d56d4c6142a3cb1a1fe69d0b1a6d0e01a2e404c697962623,dfine_sahi,104000.0,unknown_object,0.2584,830.7,84.54,913.87,103.82,1604.2,83.17,19.29,4.312,False,,True,unattributed,18,evt_S-61_desk_work_surface_0004,e0d73f122f313349,native_source_context_fallback,wrist_confidence_below_floor,9340.2,6.62,,1,cam12/e1/v1,rtmpose_baseline
full,03.CCTV Mobile Usage.mkv,632de9ed55947761d56d4c6142a3cb1a1fe69d0b1a6d0e01a2e404c697962623,dfine_sahi,104067.0,keyboard,0.9169,962.28,451.95,1068.03,491.44,4176.6,105.75,39.5,2.678,False,,True,R-desk,22,evt_S-61_upper_body_0018,106fe20c61c64386,lap_bag_context,no_pose_observation,34560.0,1.33,,1,cam12/e1/v1,
full,03.CCTV Mobile Usage.mkv,632de9ed55947761d56d4c6142a3cb1a1fe69d0b1a6d0e01a2e404c697962623,dfine_sahi,104067.0,phone,0.745,1043.6,421.86,1112.17,474.0,3575.0,68.57,52.14,1.315,False,,True,R-desk,22,evt_S-61_upper_body_0018,106fe20c61c64386,lap_bag_context,no_pose_observation,34560.0,1.33,,1,cam12/e1/v1,
full,03.CCTV Mobile Usage.mkv,632de9ed55947761d56d4c6142a3cb1a1fe69d0b1a6d0e01a2e404c697962623,dfine_sahi,104067.0,monitor_or_bezel,0.7325,910.21,411.29,1141.46,506.36,21985.5,231.25,95.07,2.432,False,,True,R-desk,22,evt_S-61_upper_body_0018,106fe20c61c64386,lap_bag_context,no_pose_observation,34560.0,1.33,,1,cam12/e1/v1,
full,03.CCTV Mobile Usage.mkv,632de9ed55947761d56d4c6142a3cb1a1fe69d0b1a6d0e01a2e404c697962623,dfine_sahi,104067.0,mouse,0.7274,864.74,413.43,891.42,435.04,576.7,26.69,21.61,1.235,False,,True,R-desk,22,evt_S-61_upper_body_0018,106fe20c61c64386,lap_bag_context,no_pose_observation,34560.0,1.33,,1,cam12/e1/v1,
full,03.CCTV Mobile Usage.mkv,632de9ed55947761d56d4c6142a3cb1a1fe69d0b1a6d0e01a2e404c697962623,dfine_sahi,104067.0,unknown_object,0.7169,699.87,396.2,848.57,491.79,14213.2,148.7,95.58,1.556,False,,True,R-desk,22,evt_S-61_upper_body_0018,106fe20c61c64386,lap_bag_context,no_pose_observation,34560.0,1.33,,1,cam12/e1/v1,
full,03.CCTV Mobile Usage.mkv,632de9ed55947761d56d4c6142a3cb1a1fe69d0b1a6d0e01a2e404c697962623,dfine_sahi,104067.0,monitor_or_bezel,0.7088,1018.98,395.77,1146.16,448.53,6710.8,127.19,52.76,2.411,False,,True,R-desk,22,evt_S-61_upper_body_0018,106fe20c61c64386,lap_bag_context,no_pose_observation,34560.0,1.33,,1,cam12/e1/v1,
full,03.CCTV Mobile Usage.mkv,632de9ed55947761d56d4c6142a3cb1a1fe69d0b1a6d0e01a2e404c697962623,dfine_sahi,104067.0,keyboard,0.7024,772.41,380.18,870.38,420.33,3934.2,97.98,40.15,2.44,False,,True,R-desk,22,evt_S-61_upper_body_0018,106fe20c61c64386,lap_bag_context,no_pose_observation,34560.0,1.33,,1,cam12/e1/v1,
full,03.CCTV Mobile Usage.mkv,632de9ed55947761d56d4c6142a3cb1a1fe69d0b1a6d0e01a2e404c697962623,dfine_sahi,104067.0,keyboard,0.6635,962.95,452.3,1034.18,475.52,1654.2,71.23,23.22,3.067,False,,True,R-desk,22,evt_S-61_upper_body_0018,106fe20c61c64386,lap_bag_context,no_pose_observation,34560.0,1.33,,1,cam12/e1/v1,
full,03.CCTV Mobile Usage.mkv,632de9ed55947761d56d4c6142a3cb1a1fe69d0b1a6d0e01a2e404c697962623,dfine_sahi,104067.0,monitor_or_bezel,0.5781,706.67,379.89,969.26,474.71,24899.0,262.59,94.82,2.769,False,,True,R-desk,22,evt_S-61_upper_body_0018,106fe20c61c64386,lap_bag_context,no_pose_observation,34560.0,1.33,,1,cam12/e1/v1,
full,03.CCTV Mobile Usage.mkv,632de9ed55947761d56d4c6142a3cb1a1fe69d0b1a6d0e01a2e404c697962623,dfine_sahi,104067.0,keyboard,0.5548,802.84,396.3,870.33,420.63,1642.4,67.49,24.34,2.773,False,,True,R-desk,22,evt_S-61_upper_body_0018,106fe20c61c64386,lap_bag_context,no_pose_observation,34560.0,1.33,,1,cam12/e1/v1,
full,03.CCTV Mobile Usage.mkv,632de9ed55947761d56d4c6142a3cb1a1fe69d0b1a6d0e01a2e404c697962623,dfine_sahi,104067.0,monitor_or_bezel,0.5338,962.77,380.43,1152.98,474.85,17960.3,190.21,94.42,2.015,False,,True,R-desk,22,evt_S-61_upper_body_0018,106fe20c61c64386,lap_bag_context,no_pose_observation,34560.0,1.33,,1,cam12/e1/v1,
full,03.CCTV Mobile Usage.mkv,632de9ed55947761d56d4c6142a3cb1a1fe69d0b1a6d0e01a2e404c697962623,dfine_sahi,104067.0,unknown_object,0.5253,699.99,380.65,758.69,475.05,5540.9,58.69,94.4,0.622,False,,True,R-desk,22,evt_S-61_upper_body_0018,106fe20c61c64386,lap_bag_context,no_pose_observation,34560.0,1.33,,1,cam12/e1/v1,
full,03.CCTV Mobile Usage.mkv,632de9ed55947761d56d4c6142a3cb1a1fe69d0b1a6d0e01a2e404c697962623,dfine_sahi,104067.0,unknown_object,0.4972,750.17,411.0,969.69,505.98,20851.3,219.52,94.98,2.311,False,,True,R-desk,22,evt_S-61_upper_body_0018,106fe20c61c64386,lap_bag_context,no_pose_observation,34560.0,1.33,,1,cam12/e1/v1,
full,03.CCTV Mobile Usage.mkv,632de9ed55947761d56d4c6142a3cb1a1fe69d0b1a6d0e01a2e404c697962623,dfine_sahi,104067.0,keyboard,0.4616,910.07,411.38,1092.0,506.16,17243.5,181.93,94.78,1.92,False,,True,R-desk,22,evt_S-61_upper_body_0018,106fe20c61c64386,lap_bag_context,no_pose_observation,34560.0,1.33,,1,cam12/e1/v1,
full,03.CCTV Mobile Usage.mkv,632de9ed55947761d56d4c6142a3cb1a1fe69d0b1a6d0e01a2e404c697962623,dfine_sahi,104067.0,phone,0.3881,1051.51,411.43,1139.96,446.91,3138.5,88.45,35.48,2.493,False,,True,R-desk,22,evt_S-61_upper_body_0018,106fe20c61c64386,lap_bag_context,no_pose_observation,34560.0,1.33,,1,cam12/e1/v1,
full,03.CCTV Mobile Usage.mkv,632de9ed55947761d56d4c6142a3cb1a1fe69d0b1a6d0e01a2e404c697962623,dfine_sahi,104067.0,mouse,0.378,967.04,398.39,991.84,410.66,304.3,24.8,12.27,2.021,False,,True,R-desk,22,evt_S-61_upper_body_0018,106fe20c61c64386,lap_bag_context,no_pose_observation,34560.0,1.33,,1,cam12/e1/v1,
full,03.CCTV Mobile Usage.mkv,632de9ed55947761d56d4c6142a3cb1a1fe69d0b1a6d0e01a2e404c697962623,dfine_sahi,104067.0,monitor_or_bezel,0.3664,880.89,396.16,948.81,452.62,3834.7,67.92,56.46,1.203,False,,True,R-desk,22,evt_S-61_upper_body_0018,106fe20c61c64386,lap_bag_context,no_pose_observation,34560.0,1.33,,1,cam12/e1/v1,
full,03.CCTV Mobile Usage.mkv,632de9ed55947761d56d4c6142a3cb1a1fe69d0b1a6d0e01a2e404c697962623,dfine_sahi,104067.0,mouse,0.2747,991.52,401.12,1028.12,413.65,458.7,36.6,12.53,2.92,False,,True,R-desk,22,evt_S-61_upper_body_0018,106fe20c61c64386,lap_bag_context,no_pose_observation,34560.0,1.33,,1,cam12/e1/v1,
full,03.CCTV Mobile Usage.mkv,632de9ed55947761d56d4c6142a3cb1a1fe69d0b1a6d0e01a2e404c697962623,dfine_sahi,104067.0,unknown_object,0.2719,878.69,411.28,969.85,505.63,8600.7,91.16,94.35,0.966,False,,True,R-desk,22,evt_S-61_upper_body_0018,106fe20c61c64386,lap_bag_context,no_pose_observation,34560.0,1.33,,1,cam12/e1/v1,
full,03.CCTV Mobile Usage.mkv,632de9ed55947761d56d4c6142a3cb1a1fe69d0b1a6d0e01a2e404c697962623,dfine_sahi,104067.0,keyboard,0.2667,962.66,421.44,1117.35,475.55,8369.9,154.69,54.11,2.859,False,,True,R-desk,22,evt_S-61_upper_body_0018,106fe20c61c64386,lap_bag_context,no_pose_observation,34560.0,1.33,,1,cam12/e1/v1,
full,03.CCTV Mobile Usage.mkv,632de9ed55947761d56d4c6142a3cb1a1fe69d0b1a6d0e01a2e404c697962623,dfine_sahi,104067.0,keyboard,0.9169,962.28,451.95,1068.03,491.44,4176.6,105.75,39.5,2.678,False,,True,R-desk,21,evt_S-61_upper_body_0018,106fe20c61c64386,lap_bag_context,no_pose_observation,34560.0,1.33,,1,cam12/e1/v1,
full,03.CCTV Mobile Usage.mkv,632de9ed55947761d56d4c6142a3cb1a1fe69d0b1a6d0e01a2e404c697962623,dfine_sahi,104067.0,phone,0.745,1043.6,421.86,1112.17,474.0,3575.0,68.57,52.14,1.315,False,,True,R-desk,21,evt_S-61_upper_body_0018,106fe20c61c64386,lap_bag_context,no_pose_observation,34560.0,1.33,,1,cam12/e1/v1,
full,03.CCTV Mobile Usage.mkv,632de9ed55947761d56d4c6142a3cb1a1fe69d0b1a6d0e01a2e404c697962623,dfine_sahi,104067.0,monitor_or_bezel,0.7325,910.21,411.29,1141.46,506.36,21985.5,231.25,95.07,2.432,False,,True,R-desk,21,evt_S-61_upper_body_0018,106fe20c61c64386,lap_bag_context,no_pose_observation,34560.0,1.33,,1,cam12/e1/v1,
full,03.CCTV Mobile Usage.mkv,632de9ed55947761d56d4c6142a3cb1a1fe69d0b1a6d0e01a2e404c697962623,dfine_sahi,104067.0,mouse,0.7274,864.74,413.43,891.42,435.04,576.7,26.69,21.61,1.235,False,,True,R-desk,21,evt_S-61_upper_body_0018,106fe20c61c64386,lap_bag_context,no_pose_observation,34560.0,1.33,,1,cam12/e1/v1,
full,03.CCTV Mobile Usage.mkv,632de9ed55947761d56d4c6142a3cb1a1fe69d0b1a6d0e01a2e404c697962623,dfine_sahi,104067.0,unknown_object,0.7169,699.87,396.2,848.57,491.79,14213.2,148.7,95.58,1.556,False,,True,R-desk,21,evt_S-61_upper_body_0018,106fe20c61c64386,lap_bag_context,no_pose_observation,34560.0,1.33,,1,cam12/e1/v1,
full,03.CCTV Mobile Usage.mkv,632de9ed55947761d56d4c6142a3cb1a1fe69d0b1a6d0e01a2e404c697962623,dfine_sahi,104067.0,monitor_or_bezel,0.7088,1018.98,395.77,1146.16,448.53,6710.8,127.19,52.76,2.411,False,,True,R-desk,21,evt_S-61_upper_body_0018,106fe20c61c64386,lap_bag_context,no_pose_observation,34560.0,1.33,,1,cam12/e1/v1,
full,03.CCTV Mobile Usage.mkv,632de9ed55947761d56d4c6142a3cb1a1fe69d0b1a6d0e01a2e404c697962623,dfine_sahi,104067.0,keyboard,0.7024,772.41,380.18,870.38,420.33,3934.2,97.98,40.15,2.44,False,,True,R-desk,21,evt_S-61_upper_body_0018,106fe20c61c64386,lap_bag_context,no_pose_observation,34560.0,1.33,,1,cam12/e1/v1,
full,03.CCTV Mobile Usage.mkv,632de9ed55947761d56d4c6142a3cb1a1fe69d0b1a6d0e01a2e404c697962623,dfine_sahi,104067.0,keyboard,0.6635,962.95,452.3,1034.18,475.52,1654.2,71.23,23.22,3.067,False,,True,R-desk,21,evt_S-61_upper_body_0018,106fe20c61c64386,lap_bag_context,no_pose_observation,34560.0,1.33,,1,cam12/e1/v1,
full,03.CCTV Mobile Usage.mkv,632de9ed55947761d56d4c6142a3cb1a1fe69d0b1a6d0e01a2e404c697962623,dfine_sahi,104067.0,monitor_or_bezel,0.5781,706.67,379.89,969.26,474.71,24899.0,262.59,94.82,2.769,False,,True,R-desk,21,evt_S-61_upper_body_0018,106fe20c61c64386,lap_bag_context,no_pose_observation,34560.0,1.33,,1,cam12/e1/v1,
full,03.CCTV Mobile Usage.mkv,632de9ed55947761d56d4c6142a3cb1a1fe69d0b1a6d0e01a2e404c697962623,dfine_sahi,104067.0,keyboard,0.5548,802.84,396.3,870.33,420.63,1642.4,67.49,24.34,2.773,False,,True,R-desk,21,evt_S-61_upper_body_0018,106fe20c61c64386,lap_bag_context,no_pose_observation,34560.0,1.33,,1,cam12/e1/v1,
full,03.CCTV Mobile Usage.mkv,632de9ed55947761d56d4c6142a3cb1a1fe69d0b1a6d0e01a2e404c697962623,dfine_sahi,104067.0,monitor_or_bezel,0.5338,962.77,380.43,1152.98,474.85,17960.3,190.21,94.42,2.015,False,,True,R-desk,21,evt_S-61_upper_body_0018,106fe20c61c64386,lap_bag_context,no_pose_observation,34560.0,1.33,,1,cam12/e1/v1,
full,03.CCTV Mobile Usage.mkv,632de9ed55947761d56d4c6142a3cb1a1fe69d0b1a6d0e01a2e404c697962623,dfine_sahi,104067.0,unknown_object,0.5253,699.99,380.65,758.69,475.05,5540.9,58.69,94.4,0.622,False,,True,R-desk,21,evt_S-61_upper_body_0018,106fe20c61c64386,lap_bag_context,no_pose_observation,34560.0,1.33,,1,cam12/e1/v1,
full,03.CCTV Mobile Usage.mkv,632de9ed55947761d56d4c6142a3cb1a1fe69d0b1a6d0e01a2e404c697962623,dfine_sahi,104067.0,unknown_object,0.4972,750.17,411.0,969.69,505.98,20851.3,219.52,94.98,2.311,False,,True,R-desk,21,evt_S-61_upper_body_0018,106fe20c61c64386,lap_bag_context,no_pose_observation,34560.0,1.33,,1,cam12/e1/v1,
full,03.CCTV Mobile Usage.mkv,632de9ed55947761d56d4c6142a3cb1a1fe69d0b1a6d0e01a2e404c697962623,dfine_sahi,104067.0,keyboard,0.4616,910.07,411.38,1092.0,506.16,17243.5,181.93,94.78,1.92,False,,True,R-desk,21,evt_S-61_upper_body_0018,106fe20c61c64386,lap_bag_context,no_pose_observation,34560.0,1.33,,1,cam12/e1/v1,
full,03.CCTV Mobile Usage.mkv,632de9ed55947761d56d4c6142a3cb1a1fe69d0b1a6d0e01a2e404c697962623,dfine_sahi,104067.0,phone,0.3881,1051.51,411.43,1139.96,446.91,3138.5,88.45,35.48,2.493,False,,True,R-desk,21,evt_S-61_upper_body_0018,106fe20c61c64386,lap_bag_context,no_pose_observation,34560.0,1.33,,1,cam12/e1/v1,
full,03.CCTV Mobile Usage.mkv,632de9ed55947761d56d4c6142a3cb1a1fe69d0b1a6d0e01a2e404c697962623,dfine_sahi,104067.0,mouse,0.378,967.04,398.39,991.84,410.66,304.3,24.8,12.27,2.021,False,,True,R-desk,21,evt_S-61_upper_body_0018,106fe20c61c64386,lap_bag_context,no_pose_observation,34560.0,1.33,,1,cam12/e1/v1,
full,03.CCTV Mobile Usage.mkv,632de9ed55947761d56d4c6142a3cb1a1fe69d0b1a6d0e01a2e404c697962623,dfine_sahi,104067.0,monitor_or_bezel,0.3664,880.89,396.16,948.81,452.62,3834.7,67.92,56.46,1.203,False,,True,R-desk,21,evt_S-61_upper_body_0018,106fe20c61c64386,lap_bag_context,no_pose_observation,34560.0,1.33,,1,cam12/e1/v1,
full,03.CCTV Mobile Usage.mkv,632de9ed55947761d56d4c6142a3cb1a1fe69d0b1a6d0e01a2e404c697962623,dfine_sahi,104067.0,mouse,0.2747,991.52,401.12,1028.12,413.65,458.7,36.6,12.53,2.92,False,,True,R-desk,21,evt_S-61_upper_body_0018,106fe20c61c64386,lap_bag_context,no_pose_observation,34560.0,1.33,,1,cam12/e1/v1,
full,03.CCTV Mobile Usage.mkv,632de9ed55947761d56d4c6142a3cb1a1fe69d0b1a6d0e01a2e404c697962623,dfine_sahi,104067.0,unknown_object,0.2719,878.69,411.28,969.85,505.63,8600.7,91.16,94.35,0.966,False,,True,R-desk,21,evt_S-61_upper_body_0018,106fe20c61c64386,lap_bag_context,no_pose_observation,34560.0,1.33,,1,cam12/e1/v1,
full,03.CCTV Mobile Usage.mkv,632de9ed55947761d56d4c6142a3cb1a1fe69d0b1a6d0e01a2e404c697962623,dfine_sahi,104067.0,keyboard,0.2667,962.66,421.44,1117.35,475.55,8369.9,154.69,54.11,2.859,False,,True,R-desk,21,evt_S-61_upper_body_0018,106fe20c61c64386,lap_bag_context,no_pose_observation,34560.0,1.33,,1,cam12/e1/v1,
full,03.CCTV Mobile Usage.mkv,632de9ed55947761d56d4c6142a3cb1a1fe69d0b1a6d0e01a2e404c697962623,dfine_sahi,104067.0,monitor_or_bezel,0.5555,796.02,2.39,843.92,44.4,2012.4,47.9,42.01,1.14,False,,True,unattributed,18,evt_S-61_upper_body_0018,803a895752aa8ab0,native_source_context_fallback,wrist_confidence_below_floor,9340.2,6.61,,1,cam12/e1/v1,rtmpose_baseline
full,03.CCTV Mobile Usage.mkv,632de9ed55947761d56d4c6142a3cb1a1fe69d0b1a6d0e01a2e404c697962623,dfine_sahi,104067.0,monitor_or_bezel,0.3791,796.0,29.04,844.2,45.05,772.1,48.2,16.02,3.009,False,,True,unattributed,18,evt_S-61_upper_body_0018,803a895752aa8ab0,native_source_context_fallback,wrist_confidence_below_floor,9340.2,6.61,,1,cam12/e1/v1,rtmpose_baseline
full,03.CCTV Mobile Usage.mkv,632de9ed55947761d56d4c6142a3cb1a1fe69d0b1a6d0e01a2e404c697962623,dfine_sahi,104067.0,unknown_object,0.2644,830.77,84.82,913.88,103.84,1580.6,83.11,19.02,4.37,False,,True,unattributed,18,evt_S-61_upper_body_0018,803a895752aa8ab0,native_source_context_fallback,wrist_confidence_below_floor,9340.2,6.61,,1,cam12/e1/v1,rtmpose_baseline
full,03.CCTV Mobile Usage.mkv,632de9ed55947761d56d4c6142a3cb1a1fe69d0b1a6d0e01a2e404c697962623,dfine_sahi,104067.0,unknown_object,0.2524,796.4,84.5,891.91,124.83,3851.7,95.51,40.33,2.368,False,,True,unattributed,18,evt_S-61_upper_body_0018,803a895752aa8ab0,native_source_context_fallback,wrist_confidence_below_floor,9340.2,6.61,,1,cam12/e1/v1,rtmpose_baseline
full,03.CCTV Mobile Usage.mkv,632de9ed55947761d56d4c6142a3cb1a1fe69d0b1a6d0e01a2e404c697962623,dfine_sahi,104067.0,unknown_object,0.8416,110.76,454.53,176.84,520.81,4379.5,66.08,66.28,0.997,False,,True,S-61,17,evt_S-61_upper_body_0018,c23c170093e5b93f,pose_hand_context,,38602.3,3.23,,1,cam12/e1/v1,rtmpose_baseline
full,03.CCTV Mobile Usage.mkv,632de9ed55947761d56d4c6142a3cb1a1fe69d0b1a6d0e01a2e404c697962623,dfine_sahi,104067.0,unknown_object,0.5281,-0.24,338.16,108.99,449.49,12158.9,109.22,111.32,0.981,False,,True,S-61,17,evt_S-61_upper_body_0018,c23c170093e5b93f,pose_hand_context,,38602.3,3.23,,1,cam12/e1/v1,rtmpose_baseline
full,03.CCTV Mobile Usage.mkv,632de9ed55947761d56d4c6142a3cb1a1fe69d0b1a6d0e01a2e404c697962623,dfine_sahi,104067.0,unknown_object,0.4477,38.29,425.35,108.9,473.82,3422.4,70.61,48.47,1.457,False,,True,S-61,17,evt_S-61_upper_body_0018,c23c170093e5b93f,pose_hand_context,,38602.3,3.23,,1,cam12/e1/v1,rtmpose_baseline
full,03.CCTV Mobile Usage.mkv,632de9ed55947761d56d4c6142a3cb1a1fe69d0b1a6d0e01a2e404c697962623,dfine_sahi,104067.0,unknown_object,0.4309,-0.05,425.36,109.03,535.62,12026.7,109.08,110.26,0.989,False,,True,S-61,17,evt_S-61_upper_body_0018,c23c170093e5b93f,pose_hand_context,,38602.3,3.23,,1,cam12/e1/v1,rtmpose_baseline
full,03.CCTV Mobile Usage.mkv,632de9ed55947761d56d4c6142a3cb1a1fe69d0b1a6d0e01a2e404c697962623,dfine_sahi,104067.0,unknown_object,0.3904,84.98,387.31,174.91,449.37,5581.0,89.93,62.06,1.449,False,,True,S-61,17,evt_S-61_upper_body_0018,c23c170093e5b93f,pose_hand_context,,38602.3,3.23,,1,cam12/e1/v1,rtmpose_baseline
full,03.CCTV Mobile Usage.mkv,632de9ed55947761d56d4c6142a3cb1a1fe69d0b1a6d0e01a2e404c697962623,dfine_sahi,104067.0,unknown_object,0.3887,171.15,393.11,195.14,449.8,1359.6,23.98,56.69,0.423,False,,True,S-61,17,evt_S-61_upper_body_0018,c23c170093e5b93f,pose_hand_context,,38602.3,3.23,,1,cam12/e1/v1,rtmpose_baseline
full,03.CCTV Mobile Usage.mkv,632de9ed55947761d56d4c6142a3cb1a1fe69d0b1a6d0e01a2e404c697962623,dfine_sahi,104067.0,unknown_object,0.3028,-0.47,338.32,186.68,535.03,36814.8,187.15,196.71,0.951,False,,True,S-61,17,evt_S-61_upper_body_0018,c23c170093e5b93f,pose_hand_context,,38602.3,3.23,,1,cam12/e1/v1,rtmpose_baseline
full,03.CCTV Mobile Usage.mkv,632de9ed55947761d56d4c6142a3cb1a1fe69d0b1a6d0e01a2e404c697962623,dfine_sahi,104067.0,unknown_object,0.281,44.74,509.38,84.54,535.94,1057.3,39.8,26.56,1.498,False,,True,S-61,17,evt_S-61_upper_body_0018,c23c170093e5b93f,pose_hand_context,,38602.3,3.23,,1,cam12/e1/v1,rtmpose_baseline
full,03.CCTV Mobile Usage.mkv,632de9ed55947761d56d4c6142a3cb1a1fe69d0b1a6d0e01a2e404c697962623,dfine_sahi,104500.0,unknown_object,0.6963,115.39,649.13,156.24,679.96,1259.3,40.85,30.83,1.325,False,,True,S-61,17,evt_S-61_desk_work_surface_0004,11a84f3ed4dbc72d,pose_hand_context,,58341.6,2.65,,1,cam12/e1/v1,rtmpose_baseline
full,03.CCTV Mobile Usage.mkv,632de9ed55947761d56d4c6142a3cb1a1fe69d0b1a6d0e01a2e404c697962623,dfine_sahi,104500.0,unknown_object,0.6838,114.96,544.22,250.04,679.41,18260.6,135.07,135.19,0.999,False,,True,S-61,17,evt_S-61_desk_work_surface_0004,11a84f3ed4dbc72d,pose_hand_context,,58341.6,2.65,,1,cam12/e1/v1,rtmpose_baseline
full,03.CCTV Mobile Usage.mkv,632de9ed55947761d56d4c6142a3cb1a1fe69d0b1a6d0e01a2e404c697962623,dfine_sahi,104500.0,unknown_object,0.6111,115.23,454.43,177.2,521.21,4138.4,61.97,66.78,0.928,False,,True,S-61,17,evt_S-61_desk_work_surface_0004,11a84f3ed4dbc72d,pose_hand_context,,58341.6,2.65,,1,cam12/e1/v1,rtmpose_baseline
full,03.CCTV Mobile Usage.mkv,632de9ed55947761d56d4c6142a3cb1a1fe69d0b1a6d0e01a2e404c697962623,dfine_sahi,104500.0,unknown_object,0.5084,145.28,669.94,177.71,679.98,325.4,32.42,10.04,3.231,False,,True,S-61,17,evt_S-61_desk_work_surface_0004,11a84f3ed4dbc72d,pose_hand_context,,58341.6,2.65,,1,cam12/e1/v1,rtmpose_baseline
full,03.CCTV Mobile Usage.mkv,632de9ed55947761d56d4c6142a3cb1a1fe69d0b1a6d0e01a2e404c697962623,dfine_sahi,104500.0,unknown_object,0.3708,220.02,544.44,355.87,679.52,18350.9,135.85,135.08,1.006,False,,True,S-61,17,evt_S-61_desk_work_surface_0004,11a84f3ed4dbc72d,pose_hand_context,,58341.6,2.65,,1,cam12/e1/v1,rtmpose_baseline
full,03.CCTV Mobile Usage.mkv,632de9ed55947761d56d4c6142a3cb1a1fe69d0b1a6d0e01a2e404c697962623,dfine_sahi,104500.0,mouse,0.3677,115.46,649.2,156.81,679.94,1271.1,41.35,30.74,1.345,False,,True,S-61,17,evt_S-61_desk_work_surface_0004,11a84f3ed4dbc72d,pose_hand_context,,58341.6,2.65,,1,cam12/e1/v1,rtmpose_baseline
full,03.CCTV Mobile Usage.mkv,632de9ed55947761d56d4c6142a3cb1a1fe69d0b1a6d0e01a2e404c697962623,dfine_sahi,104500.0,unknown_object,0.3582,303.03,438.24,355.94,527.12,4703.8,52.92,88.89,0.595,False,,True,S-61,17,evt_S-61_desk_work_surface_0004,11a84f3ed4dbc72d,pose_hand_context,,58341.6,2.65,,1,cam12/e1/v1,rtmpose_baseline
full,03.CCTV Mobile Usage.mkv,632de9ed55947761d56d4c6142a3cb1a1fe69d0b1a6d0e01a2e404c697962623,dfine_sahi,104500.0,unknown_object,0.333,114.92,438.65,206.63,573.51,12367.7,91.71,134.86,0.68,False,,True,S-61,17,evt_S-61_desk_work_surface_0004,11a84f3ed4dbc72d,pose_hand_context,,58341.6,2.65,,1,cam12/e1/v1,rtmpose_baseline
full,03.CCTV Mobile Usage.mkv,632de9ed55947761d56d4c6142a3cb1a1fe69d0b1a6d0e01a2e404c697962623,dfine_sahi,104500.0,unknown_object,0.2697,142.59,601.64,161.16,617.63,296.9,18.57,15.98,1.162,False,,True,S-61,17,evt_S-61_desk_work_surface_0004,11a84f3ed4dbc72d,pose_hand_context,,58341.6,2.65,,1,cam12/e1/v1,rtmpose_baseline
full,03.CCTV Mobile Usage.mkv,632de9ed55947761d56d4c6142a3cb1a1fe69d0b1a6d0e01a2e404c697962623,dfine_sahi,104500.0,unknown_object,0.2594,220.04,438.28,355.89,573.14,18321.1,135.85,134.87,1.007,False,,True,S-61,17,evt_S-61_desk_work_surface_0004,11a84f3ed4dbc72d,pose_hand_context,,58341.6,2.65,,1,cam12/e1/v1,rtmpose_baseline
full,03.CCTV Mobile Usage.mkv,632de9ed55947761d56d4c6142a3cb1a1fe69d0b1a6d0e01a2e404c697962623,dfine_sahi,104500.0,secondary_paper_chit,0.2553,114.98,455.15,177.88,522.2,4217.4,62.9,67.05,0.938,False,,True,S-61,17,evt_S-61_desk_work_surface_0004,11a84f3ed4dbc72d,pose_hand_context,,58341.6,2.65,,1,cam12/e1/v1,rtmpose_baseline
full,03.CCTV Mobile Usage.mkv,632de9ed55947761d56d4c6142a3cb1a1fe69d0b1a6d0e01a2e404c697962623,dfine_sahi,104500.0,monitor_or_bezel,0.618,795.02,2.41,843.96,44.7,2069.8,48.94,42.29,1.157,False,,True,unattributed,18,evt_S-61_desk_work_surface_0004,394db3e8861080b1,native_source_context_fallback,wrist_confidence_below_floor,9542.4,6.55,,1,cam12/e1/v1,rtmpose_baseline
full,03.CCTV Mobile Usage.mkv,632de9ed55947761d56d4c6142a3cb1a1fe69d0b1a6d0e01a2e404c697962623,dfine_sahi,104500.0,monitor_or_bezel,0.4345,795.02,29.05,843.64,44.91,771.1,48.61,15.86,3.065,False,,True,unattributed,18,evt_S-61_desk_work_surface_0004,394db3e8861080b1,native_source_context_fallback,wrist_confidence_below_floor,9542.4,6.55,,1,cam12/e1/v1,rtmpose_baseline
full,03.CCTV Mobile Usage.mkv,632de9ed55947761d56d4c6142a3cb1a1fe69d0b1a6d0e01a2e404c697962623,dfine_sahi,104500.0,unknown_object,0.3335,803.97,46.04,831.55,86.31,1110.5,27.58,40.27,0.685,False,,True,unattributed,18,evt_S-61_desk_work_surface_0004,394db3e8861080b1,native_source_context_fallback,wrist_confidence_below_floor,9542.4,6.55,,1,cam12/e1/v1,rtmpose_baseline
full,03.CCTV Mobile Usage.mkv,632de9ed55947761d56d4c6142a3cb1a1fe69d0b1a6d0e01a2e404c697962623,dfine_sahi,104500.0,phone,0.2781,847.66,83.12,859.86,87.09,48.5,12.2,3.97,3.071,True,object footprint 48 px is under the 120 px floor for a call,False,unattributed,18,evt_S-61_desk_work_surface_0004,394db3e8861080b1,native_source_context_fallback,wrist_confidence_below_floor,9542.4,6.55,,1,cam12/e1/v1,rtmpose_baseline
full,03.CCTV Mobile Usage.mkv,632de9ed55947761d56d4c6142a3cb1a1fe69d0b1a6d0e01a2e404c697962623,dfine_sahi,104500.0,keyboard,0.9115,962.23,451.9,1067.99,491.47,4185.0,105.76,39.57,2.673,False,,True,R-desk,22,evt_S-61_desk_work_surface_0004,e9011dbea08156df,lap_bag_context,no_pose_observation,34560.0,1.33,,1,cam12/e1/v1,
full,03.CCTV Mobile Usage.mkv,632de9ed55947761d56d4c6142a3cb1a1fe69d0b1a6d0e01a2e404c697962623,dfine_sahi,104500.0,phone,0.7541,1043.73,421.96,1112.38,473.82,3560.4,68.64,51.87,1.323,False,,True,R-desk,22,evt_S-61_desk_work_surface_0004,e9011dbea08156df,lap_bag_context,no_pose_observation,34560.0,1.33,,1,cam12/e1/v1,
full,03.CCTV Mobile Usage.mkv,632de9ed55947761d56d4c6142a3cb1a1fe69d0b1a6d0e01a2e404c697962623,dfine_sahi,104500.0,monitor_or_bezel,0.7413,910.18,411.23,1141.85,506.38,22043.6,231.67,95.15,2.435,False,,True,R-desk,22,evt_S-61_desk_work_surface_0004,e9011dbea08156df,lap_bag_context,no_pose_observation,34560.0,1.33,,1,cam12/e1/v1,
full,03.CCTV Mobile Usage.mkv,632de9ed55947761d56d4c6142a3cb1a1fe69d0b1a6d0e01a2e404c697962623,dfine_sahi,104500.0,monitor_or_bezel,0.7261,1018.62,395.7,1146.02,448.32,6703.7,127.4,52.62,2.421,False,,True,R-desk,22,evt_S-61_desk_work_surface_0004,e9011dbea08156df,lap_bag_context,no_pose_observation,34560.0,1.33,,1,cam12/e1/v1,
full,03.CCTV Mobile Usage.mkv,632de9ed55947761d56d4c6142a3cb1a1fe69d0b1a6d0e01a2e404c697962623,dfine_sahi,104500.0,keyboard,0.7168,772.59,380.18,870.62,420.22,3925.8,98.03,40.05,2.448,False,,True,R-desk,22,evt_S-61_desk_work_surface_0004,e9011dbea08156df,lap_bag_context,no_pose_observation,34560.0,1.33,,1,cam12/e1/v1,
full,03.CCTV Mobile Usage.mkv,632de9ed55947761d56d4c6142a3cb1a1fe69d0b1a6d0e01a2e404c697962623,dfine_sahi,104500.0,unknown_object,0.7167,699.91,396.21,848.01,492.02,14190.0,148.11,95.81,1.546,False,,True,R-desk,22,evt_S-61_desk_work_surface_0004,e9011dbea08156df,lap_bag_context,no_pose_observation,34560.0,1.33,,1,cam12/e1/v1,
full,03.CCTV Mobile Usage.mkv,632de9ed55947761d56d4c6142a3cb1a1fe69d0b1a6d0e01a2e404c697962623,dfine_sahi,104500.0,mouse,0.7129,864.67,413.44,891.22,435.4,583.1,26.55,21.96,1.209,False,,True,R-desk,22,evt_S-61_desk_work_surface_0004,e9011dbea08156df,lap_bag_context,no_pose_observation,34560.0,1.33,,1,cam12/e1/v1,
full,03.CCTV Mobile Usage.mkv,632de9ed55947761d56d4c6142a3cb1a1fe69d0b1a6d0e01a2e404c697962623,dfine_sahi,104500.0,keyboard,0.6439,962.91,452.27,1034.57,475.56,1669.3,71.67,23.29,3.077,False,,True,R-desk,22,evt_S-61_desk_work_surface_0004,e9011dbea08156df,lap_bag_context,no_pose_observation,34560.0,1.33,,1,cam12/e1/v1,
full,03.CCTV Mobile Usage.mkv,632de9ed55947761d56d4c6142a3cb1a1fe69d0b1a6d0e01a2e404c697962623,dfine_sahi,104500.0,monitor_or_bezel,0.5586,707.07,379.89,969.35,474.73,24874.9,262.28,94.84,2.766,False,,True,R-desk,22,evt_S-61_desk_work_surface_0004,e9011dbea08156df,lap_bag_context,no_pose_observation,34560.0,1.33,,1,cam12/e1/v1,
full,03.CCTV Mobile Usage.mkv,632de9ed55947761d56d4c6142a3cb1a1fe69d0b1a6d0e01a2e404c697962623,dfine_sahi,104500.0,unknown_object,0.5293,699.98,380.72,759.44,475.03,5607.3,59.45,94.31,0.63,False,,True,R-desk,22,evt_S-61_desk_work_surface_0004,e9011dbea08156df,lap_bag_context,no_pose_observation,34560.0,1.33,,1,cam12/e1/v1,
full,03.CCTV Mobile Usage.mkv,632de9ed55947761d56d4c6142a3cb1a1fe69d0b1a6d0e01a2e404c697962623,dfine_sahi,104500.0,keyboard,0.5058,802.77,396.29,870.37,420.63,1646.0,67.6,24.35,2.777,False,,True,R-desk,22,evt_S-61_desk_work_surface_0004,e9011dbea08156df,lap_bag_context,no_pose_observation,34560.0,1.33,,1,cam12/e1/v1,
full,03.CCTV Mobile Usage.mkv,632de9ed55947761d56d4c6142a3cb1a1fe69d0b1a6d0e01a2e404c697962623,dfine_sahi,104500.0,unknown_object,0.4931,751.65,411.03,969.87,506.0,20724.3,218.22,94.97,2.298,False,,True,R-desk,22,evt_S-61_desk_work_surface_0004,e9011dbea08156df,lap_bag_context,no_pose_observation,34560.0,1.33,,1,cam12/e1/v1,
full,03.CCTV Mobile Usage.mkv,632de9ed55947761d56d4c6142a3cb1a1fe69d0b1a6d0e01a2e404c697962623,dfine_sahi,104500.0,monitor_or_bezel,0.4687,963.05,380.45,1152.94,474.85,17926.5,189.89,94.4,2.011,False,,True,R-desk,22,evt_S-61_desk_work_surface_0004,e9011dbea08156df,lap_bag_context,no_pose_observation,34560.0,1.33,,1,cam12/e1/v1,
full,03.CCTV Mobile Usage.mkv,632de9ed55947761d56d4c6142a3cb1a1fe69d0b1a6d0e01a2e404c697962623,dfine_sahi,104500.0,keyboard,0.4093,910.08,411.46,1092.19,506.24,17258.5,182.11,94.77,1.922,False,,True,R-desk,22,evt_S-61_desk_work_surface_0004,e9011dbea08156df,lap_bag_context,no_pose_observation,34560.0,1.33,,1,cam12/e1/v1,
full,03.CCTV Mobile Usage.mkv,632de9ed55947761d56d4c6142a3cb1a1fe69d0b1a6d0e01a2e404c697962623,dfine_sahi,104500.0,phone,0.3895,1051.21,411.38,1139.91,446.74,3136.5,88.71,35.36,2.509,False,,True,R-desk,22,evt_S-61_desk_work_surface_0004,e9011dbea08156df,lap_bag_context,no_pose_observation,34560.0,1.33,,1,cam12/e1/v1,
full,03.CCTV Mobile Usage.mkv,632de9ed55947761d56d4c6142a3cb1a1fe69d0b1a6d0e01a2e404c697962623,dfine_sahi,104500.0,mouse,0.3672,967.05,398.43,991.94,410.69,305.1,24.89,12.26,2.03,False,,True,R-desk,22,evt_S-61_desk_work_surface_0004,e9011dbea08156df,lap_bag_context,no_pose_observation,34560.0,1.33,,1,cam12/e1/v1,
full,03.CCTV Mobile Usage.mkv,632de9ed55947761d56d4c6142a3cb1a1fe69d0b1a6d0e01a2e404c697962623,dfine_sahi,104500.0,monitor_or_bezel,0.316,881.23,396.15,949.07,452.7,3836.2,67.84,56.55,1.2,False,,True,R-desk,22,evt_S-61_desk_work_surface_0004,e9011dbea08156df,lap_bag_context,no_pose_observation,34560.0,1.33,,1,cam12/e1/v1,
full,03.CCTV Mobile Usage.mkv,632de9ed55947761d56d4c6142a3cb1a1fe69d0b1a6d0e01a2e404c697962623,dfine_sahi,104500.0,unknown_object,0.2772,879.57,411.28,969.89,505.79,8536.8,90.33,94.51,0.956,False,,True,R-desk,22,evt_S-61_desk_work_surface_0004,e9011dbea08156df,lap_bag_context,no_pose_observation,34560.0,1.33,,1,cam12/e1/v1,
full,03.CCTV Mobile Usage.mkv,632de9ed55947761d56d4c6142a3cb1a1fe69d0b1a6d0e01a2e404c697962623,dfine_sahi,104500.0,keyboard,0.9115,962.23,451.9,1067.99,491.47,4185.0,105.76,39.57,2.673,False,,True,R-desk,21,evt_S-61_desk_work_surface_0004,e9011dbea08156df,lap_bag_context,no_pose_observation,34560.0,1.33,,1,cam12/e1/v1,
full,03.CCTV Mobile Usage.mkv,632de9ed55947761d56d4c6142a3cb1a1fe69d0b1a6d0e01a2e404c697962623,dfine_sahi,104500.0,phone,0.7541,1043.73,421.96,1112.38,473.82,3560.4,68.64,51.87,1.323,False,,True,R-desk,21,evt_S-61_desk_work_surface_0004,e9011dbea08156df,lap_bag_context,no_pose_observation,34560.0,1.33,,1,cam12/e1/v1,
full,03.CCTV Mobile Usage.mkv,632de9ed55947761d56d4c6142a3cb1a1fe69d0b1a6d0e01a2e404c697962623,dfine_sahi,104500.0,monitor_or_bezel,0.7413,910.18,411.23,1141.85,506.38,22043.6,231.67,95.15,2.435,False,,True,R-desk,21,evt_S-61_desk_work_surface_0004,e9011dbea08156df,lap_bag_context,no_pose_observation,34560.0,1.33,,1,cam12/e1/v1,
full,03.CCTV Mobile Usage.mkv,632de9ed55947761d56d4c6142a3cb1a1fe69d0b1a6d0e01a2e404c697962623,dfine_sahi,104500.0,monitor_or_bezel,0.7261,1018.62,395.7,1146.02,448.32,6703.7,127.4,52.62,2.421,False,,True,R-desk,21,evt_S-61_desk_work_surface_0004,e9011dbea08156df,lap_bag_context,no_pose_observation,34560.0,1.33,,1,cam12/e1/v1,
full,03.CCTV Mobile Usage.mkv,632de9ed55947761d56d4c6142a3cb1a1fe69d0b1a6d0e01a2e404c697962623,dfine_sahi,104500.0,keyboard,0.7168,772.59,380.18,870.62,420.22,3925.8,98.03,40.05,2.448,False,,True,R-desk,21,evt_S-61_desk_work_surface_0004,e9011dbea08156df,lap_bag_context,no_pose_observation,34560.0,1.33,,1,cam12/e1/v1,
full,03.CCTV Mobile Usage.mkv,632de9ed55947761d56d4c6142a3cb1a1fe69d0b1a6d0e01a2e404c697962623,dfine_sahi,104500.0,unknown_object,0.7167,699.91,396.21,848.01,492.02,14190.0,148.11,95.81,1.546,False,,True,R-desk,21,evt_S-61_desk_work_surface_0004,e9011dbea08156df,lap_bag_context,no_pose_observation,34560.0,1.33,,1,cam12/e1/v1,
full,03.CCTV Mobile Usage.mkv,632de9ed55947761d56d4c6142a3cb1a1fe69d0b1a6d0e01a2e404c697962623,dfine_sahi,104500.0,mouse,0.7129,864.67,413.44,891.22,435.4,583.1,26.55,21.96,1.209,False,,True,R-desk,21,evt_S-61_desk_work_surface_0004,e9011dbea08156df,lap_bag_context,no_pose_observation,34560.0,1.33,,1,cam12/e1/v1,
full,03.CCTV Mobile Usage.mkv,632de9ed55947761d56d4c6142a3cb1a1fe69d0b1a6d0e01a2e404c697962623,dfine_sahi,104500.0,keyboard,0.6439,962.91,452.27,1034.57,475.56,1669.3,71.67,23.29,3.077,False,,True,R-desk,21,evt_S-61_desk_work_surface_0004,e9011dbea08156df,lap_bag_context,no_pose_observation,34560.0,1.33,,1,cam12/e1/v1,
full,03.CCTV Mobile Usage.mkv,632de9ed55947761d56d4c6142a3cb1a1fe69d0b1a6d0e01a2e404c697962623,dfine_sahi,104500.0,monitor_or_bezel,0.5586,707.07,379.89,969.35,474.73,24874.9,262.28,94.84,2.766,False,,True,R-desk,21,evt_S-61_desk_work_surface_0004,e9011dbea08156df,lap_bag_context,no_pose_observation,34560.0,1.33,,1,cam12/e1/v1,
full,03.CCTV Mobile Usage.mkv,632de9ed55947761d56d4c6142a3cb1a1fe69d0b1a6d0e01a2e404c697962623,dfine_sahi,104500.0,unknown_object,0.5293,699.98,380.72,759.44,475.03,5607.3,59.45,94.31,0.63,False,,True,R-desk,21,evt_S-61_desk_work_surface_0004,e9011dbea08156df,lap_bag_context,no_pose_observation,34560.0,1.33,,1,cam12/e1/v1,
full,03.CCTV Mobile Usage.mkv,632de9ed55947761d56d4c6142a3cb1a1fe69d0b1a6d0e01a2e404c697962623,dfine_sahi,104500.0,keyboard,0.5058,802.77,396.29,870.37,420.63,1646.0,67.6,24.35,2.777,False,,True,R-desk,21,evt_S-61_desk_work_surface_0004,e9011dbea08156df,lap_bag_context,no_pose_observation,34560.0,1.33,,1,cam12/e1/v1,
full,03.CCTV Mobile Usage.mkv,632de9ed55947761d56d4c6142a3cb1a1fe69d0b1a6d0e01a2e404c697962623,dfine_sahi,104500.0,unknown_object,0.4931,751.65,411.03,969.87,506.0,20724.3,218.22,94.97,2.298,False,,True,R-desk,21,evt_S-61_desk_work_surface_0004,e9011dbea08156df,lap_bag_context,no_pose_observation,34560.0,1.33,,1,cam12/e1/v1,
full,03.CCTV Mobile Usage.mkv,632de9ed55947761d56d4c6142a3cb1a1fe69d0b1a6d0e01a2e404c697962623,dfine_sahi,104500.0,monitor_or_bezel,0.4687,963.05,380.45,1152.94,474.85,17926.5,189.89,94.4,2.011,False,,True,R-desk,21,evt_S-61_desk_work_surface_0004,e9011dbea08156df,lap_bag_context,no_pose_observation,34560.0,1.33,,1,cam12/e1/v1,
full,03.CCTV Mobile Usage.mkv,632de9ed55947761d56d4c6142a3cb1a1fe69d0b1a6d0e01a2e404c697962623,dfine_sahi,104500.0,keyboard,0.4093,910.08,411.46,1092.19,506.24,17258.5,182.11,94.77,1.922,False,,True,R-desk,21,evt_S-61_desk_work_surface_0004,e9011dbea08156df,lap_bag_context,no_pose_observation,34560.0,1.33,,1,cam12/e1/v1,
full,03.CCTV Mobile Usage.mkv,632de9ed55947761d56d4c6142a3cb1a1fe69d0b1a6d0e01a2e404c697962623,dfine_sahi,104500.0,phone,0.3895,1051.21,411.38,1139.91,446.74,3136.5,88.71,35.36,2.509,False,,True,R-desk,21,evt_S-61_desk_work_surface_0004,e9011dbea08156df,lap_bag_context,no_pose_observation,34560.0,1.33,,1,cam12/e1/v1,
full,03.CCTV Mobile Usage.mkv,632de9ed55947761d56d4c6142a3cb1a1fe69d0b1a6d0e01a2e404c697962623,dfine_sahi,104500.0,mouse,0.3672,967.05,398.43,991.94,410.69,305.1,24.89,12.26,2.03,False,,True,R-desk,21,evt_S-61_desk_work_surface_0004,e9011dbea08156df,lap_bag_context,no_pose_observation,34560.0,1.33,,1,cam12/e1/v1,
full,03.CCTV Mobile Usage.mkv,632de9ed55947761d56d4c6142a3cb1a1fe69d0b1a6d0e01a2e404c697962623,dfine_sahi,104500.0,monitor_or_bezel,0.316,881.23,396.15,949.07,452.7,3836.2,67.84,56.55,1.2,False,,True,R-desk,21,evt_S-61_desk_work_surface_0004,e9011dbea08156df,lap_bag_context,no_pose_observation,34560.0,1.33,,1,cam12/e1/v1,
full,03.CCTV Mobile Usage.mkv,632de9ed55947761d56d4c6142a3cb1a1fe69d0b1a6d0e01a2e404c697962623,dfine_sahi,104500.0,unknown_object,0.2772,879.57,411.28,969.89,505.79,8536.8,90.33,94.51,0.956,False,,True,R-desk,21,evt_S-61_desk_work_surface_0004,e9011dbea08156df,lap_bag_context,no_pose_observation,34560.0,1.33,,1,cam12/e1/v1,
full,03.CCTV Mobile Usage.mkv,632de9ed55947761d56d4c6142a3cb1a1fe69d0b1a6d0e01a2e404c697962623,dfine_sahi,104500.0,unknown_object,0.6296,541.77,51.8,574.51,89.73,1241.8,32.74,37.93,0.863,False,,True,unattributed,23,evt_S-61_desk_work_surface_0004,fd9e993113506b6c,native_source_context_fallback,no_pose_observation,6818.0,7.42,,1,cam12/e1/v1,
full,03.CCTV Mobile Usage.mkv,632de9ed55947761d56d4c6142a3cb1a1fe69d0b1a6d0e01a2e404c697962623,dfine_sahi,104500.0,unknown_object,0.3254,478.05,68.34,573.82,95.87,2636.8,95.77,27.53,3.478,False,,True,unattributed,23,evt_S-61_desk_work_surface_0004,fd9e993113506b6c,native_source_context_fallback,no_pose_observation,6818.0,7.42,,1,cam12/e1/v1,
full,03.CCTV Mobile Usage.mkv,632de9ed55947761d56d4c6142a3cb1a1fe69d0b1a6d0e01a2e404c697962623,dfine_sahi,104500.0,unknown_object,0.3235,485.29,78.08,512.43,95.99,486.1,27.14,17.91,1.515,False,,True,unattributed,23,evt_S-61_desk_work_surface_0004,fd9e993113506b6c,native_source_context_fallback,no_pose_observation,6818.0,7.42,,1,cam12/e1/v1,
full,03.CCTV Mobile Usage.mkv,632de9ed55947761d56d4c6142a3cb1a1fe69d0b1a6d0e01a2e404c697962623,dfine_sahi,104500.0,unknown_object,0.3185,516.01,47.41,610.03,103.45,5269.3,94.02,56.04,1.678,False,,True,unattributed,23,evt_S-61_desk_work_surface_0004,fd9e993113506b6c,native_source_context_fallback,no_pose_observation,6818.0,7.42,,1,cam12/e1/v1,
full,03.CCTV Mobile Usage.mkv,632de9ed55947761d56d4c6142a3cb1a1fe69d0b1a6d0e01a2e404c697962623,dfine_sahi,104500.0,unknown_object,0.3138,509.88,78.91,566.47,95.85,958.6,56.59,16.94,3.341,False,,True,unattributed,23,evt_S-61_desk_work_surface_0004,fd9e993113506b6c,native_source_context_fallback,no_pose_observation,6818.0,7.42,,1,cam12/e1/v1,
full,03.CCTV Mobile Usage.mkv,632de9ed55947761d56d4c6142a3cb1a1fe69d0b1a6d0e01a2e404c697962623,dfine_sahi,104500.0,unknown_object,0.3098,479.42,53.49,508.17,84.02,878.1,28.75,30.54,0.941,False,,True,unattributed,23,evt_S-61_desk_work_surface_0004,fd9e993113506b6c,native_source_context_fallback,no_pose_observation,6818.0,7.42,,1,cam12/e1/v1,
full,03.CCTV Mobile Usage.mkv,632de9ed55947761d56d4c6142a3cb1a1fe69d0b1a6d0e01a2e404c697962623,dfine_sahi,104500.0,unknown_object,0.2954,574.09,53.19,604.42,84.29,943.3,30.33,31.1,0.975,False,,True,unattributed,23,evt_S-61_desk_work_surface_0004,fd9e993113506b6c,native_source_context_fallback,no_pose_observation,6818.0,7.42,,1,cam12/e1/v1,
full,03.CCTV Mobile Usage.mkv,632de9ed55947761d56d4c6142a3cb1a1fe69d0b1a6d0e01a2e404c697962623,dfine_sahi,104567.0,monitor_or_bezel,0.618,795.02,2.41,843.96,44.7,2069.8,48.94,42.29,1.157,False,,True,unattributed,18,evt_S-61_upper_body_0018,1daf3ec601825ce3,native_source_context_fallback,wrist_confidence_below_floor,9542.4,6.55,,1,cam12/e1/v1,rtmpose_baseline
full,03.CCTV Mobile Usage.mkv,632de9ed55947761d56d4c6142a3cb1a1fe69d0b1a6d0e01a2e404c697962623,dfine_sahi,104567.0,monitor_or_bezel,0.4345,795.02,29.05,843.64,44.91,771.1,48.61,15.86,3.065,False,,True,unattributed,18,evt_S-61_upper_body_0018,1daf3ec601825ce3,native_source_context_fallback,wrist_confidence_below_floor,9542.4,6.55,,1,cam12/e1/v1,rtmpose_baseline
full,03.CCTV Mobile Usage.mkv,632de9ed55947761d56d4c6142a3cb1a1fe69d0b1a6d0e01a2e404c697962623,dfine_sahi,104567.0,unknown_object,0.3335,803.97,46.04,831.55,86.31,1110.5,27.58,40.27,0.685,False,,True,unattributed,18,evt_S-61_upper_body_0018,1daf3ec601825ce3,native_source_context_fallback,wrist_confidence_below_floor,9542.4,6.55,,1,cam12/e1/v1,rtmpose_baseline
full,03.CCTV Mobile Usage.mkv,632de9ed55947761d56d4c6142a3cb1a1fe69d0b1a6d0e01a2e404c697962623,dfine_sahi,104567.0,phone,0.2781,847.66,83.12,859.86,87.09,48.5,12.2,3.97,3.071,True,object footprint 48 px is under the 120 px floor for a call,False,unattributed,18,evt_S-61_upper_body_0018,1daf3ec601825ce3,native_source_context_fallback,wrist_confidence_below_floor,9542.4,6.55,,1,cam12/e1/v1,rtmpose_baseline
full,03.CCTV Mobile Usage.mkv,632de9ed55947761d56d4c6142a3cb1a1fe69d0b1a6d0e01a2e404c697962623,dfine_sahi,104567.0,keyboard,0.9115,962.23,451.9,1067.99,491.47,4185.0,105.76,39.57,2.673,False,,True,R-desk,22,evt_S-61_upper_body_0018,8ca22b446aadb599,lap_bag_context,no_pose_observation,34560.0,1.33,,1,cam12/e1/v1,
full,03.CCTV Mobile Usage.mkv,632de9ed55947761d56d4c6142a3cb1a1fe69d0b1a6d0e01a2e404c697962623,dfine_sahi,104567.0,phone,0.7541,1043.73,421.96,1112.38,473.82,3560.4,68.64,51.87,1.323,False,,True,R-desk,22,evt_S-61_upper_body_0018,8ca22b446aadb599,lap_bag_context,no_pose_observation,34560.0,1.33,,1,cam12/e1/v1,
full,03.CCTV Mobile Usage.mkv,632de9ed55947761d56d4c6142a3cb1a1fe69d0b1a6d0e01a2e404c697962623,dfine_sahi,104567.0,monitor_or_bezel,0.7413,910.18,411.23,1141.85,506.38,22043.6,231.67,95.15,2.435,False,,True,R-desk,22,evt_S-61_upper_body_0018,8ca22b446aadb599,lap_bag_context,no_pose_observation,34560.0,1.33,,1,cam12/e1/v1,
full,03.CCTV Mobile Usage.mkv,632de9ed55947761d56d4c6142a3cb1a1fe69d0b1a6d0e01a2e404c697962623,dfine_sahi,104567.0,monitor_or_bezel,0.7261,1018.62,395.7,1146.02,448.32,6703.7,127.4,52.62,2.421,False,,True,R-desk,22,evt_S-61_upper_body_0018,8ca22b446aadb599,lap_bag_context,no_pose_observation,34560.0,1.33,,1,cam12/e1/v1,
full,03.CCTV Mobile Usage.mkv,632de9ed55947761d56d4c6142a3cb1a1fe69d0b1a6d0e01a2e404c697962623,dfine_sahi,104567.0,keyboard,0.7168,772.59,380.18,870.62,420.22,3925.8,98.03,40.05,2.448,False,,True,R-desk,22,evt_S-61_upper_body_0018,8ca22b446aadb599,lap_bag_context,no_pose_observation,34560.0,1.33,,1,cam12/e1/v1,
full,03.CCTV Mobile Usage.mkv,632de9ed55947761d56d4c6142a3cb1a1fe69d0b1a6d0e01a2e404c697962623,dfine_sahi,104567.0,unknown_object,0.7167,699.91,396.21,848.01,492.02,14190.0,148.11,95.81,1.546,False,,True,R-desk,22,evt_S-61_upper_body_0018,8ca22b446aadb599,lap_bag_context,no_pose_observation,34560.0,1.33,,1,cam12/e1/v1,
full,03.CCTV Mobile Usage.mkv,632de9ed55947761d56d4c6142a3cb1a1fe69d0b1a6d0e01a2e404c697962623,dfine_sahi,104567.0,mouse,0.7129,864.67,413.44,891.22,435.4,583.1,26.55,21.96,1.209,False,,True,R-desk,22,evt_S-61_upper_body_0018,8ca22b446aadb599,lap_bag_context,no_pose_observation,34560.0,1.33,,1,cam12/e1/v1,
full,03.CCTV Mobile Usage.mkv,632de9ed55947761d56d4c6142a3cb1a1fe69d0b1a6d0e01a2e404c697962623,dfine_sahi,104567.0,keyboard,0.6439,962.91,452.27,1034.57,475.56,1669.3,71.67,23.29,3.077,False,,True,R-desk,22,evt_S-61_upper_body_0018,8ca22b446aadb599,lap_bag_context,no_pose_observation,34560.0,1.33,,1,cam12/e1/v1,
full,03.CCTV Mobile Usage.mkv,632de9ed55947761d56d4c6142a3cb1a1fe69d0b1a6d0e01a2e404c697962623,dfine_sahi,104567.0,monitor_or_bezel,0.5586,707.07,379.89,969.35,474.73,24874.9,262.28,94.84,2.766,False,,True,R-desk,22,evt_S-61_upper_body_0018,8ca22b446aadb599,lap_bag_context,no_pose_observation,34560.0,1.33,,1,cam12/e1/v1,
full,03.CCTV Mobile Usage.mkv,632de9ed55947761d56d4c6142a3cb1a1fe69d0b1a6d0e01a2e404c697962623,dfine_sahi,104567.0,unknown_object,0.5293,699.98,380.72,759.44,475.03,5607.3,59.45,94.31,0.63,False,,True,R-desk,22,evt_S-61_upper_body_0018,8ca22b446aadb599,lap_bag_context,no_pose_observation,34560.0,1.33,,1,cam12/e1/v1,
full,03.CCTV Mobile Usage.mkv,632de9ed55947761d56d4c6142a3cb1a1fe69d0b1a6d0e01a2e404c697962623,dfine_sahi,104567.0,keyboard,0.5058,802.77,396.29,870.37,420.63,1646.0,67.6,24.35,2.777,False,,True,R-desk,22,evt_S-61_upper_body_0018,8ca22b446aadb599,lap_bag_context,no_pose_observation,34560.0,1.33,,1,cam12/e1/v1,
full,03.CCTV Mobile Usage.mkv,632de9ed55947761d56d4c6142a3cb1a1fe69d0b1a6d0e01a2e404c697962623,dfine_sahi,104567.0,unknown_object,0.4931,751.65,411.03,969.87,506.0,20724.3,218.22,94.97,2.298,False,,True,R-desk,22,evt_S-61_upper_body_0018,8ca22b446aadb599,lap_bag_context,no_pose_observation,34560.0,1.33,,1,cam12/e1/v1,
full,03.CCTV Mobile Usage.mkv,632de9ed55947761d56d4c6142a3cb1a1fe69d0b1a6d0e01a2e404c697962623,dfine_sahi,104567.0,monitor_or_bezel,0.4687,963.05,380.45,1152.94,474.85,17926.5,189.89,94.4,2.011,False,,True,R-desk,22,evt_S-61_upper_body_0018,8ca22b446aadb599,lap_bag_context,no_pose_observation,34560.0,1.33,,1,cam12/e1/v1,
full,03.CCTV Mobile Usage.mkv,632de9ed55947761d56d4c6142a3cb1a1fe69d0b1a6d0e01a2e404c697962623,dfine_sahi,104567.0,keyboard,0.4093,910.08,411.46,1092.19,506.24,17258.5,182.11,94.77,1.922,False,,True,R-desk,22,evt_S-61_upper_body_0018,8ca22b446aadb599,lap_bag_context,no_pose_observation,34560.0,1.33,,1,cam12/e1/v1,
full,03.CCTV Mobile Usage.mkv,632de9ed55947761d56d4c6142a3cb1a1fe69d0b1a6d0e01a2e404c697962623,dfine_sahi,104567.0,phone,0.3895,1051.21,411.38,1139.91,446.74,3136.5,88.71,35.36,2.509,False,,True,R-desk,22,evt_S-61_upper_body_0018,8ca22b446aadb599,lap_bag_context,no_pose_observation,34560.0,1.33,,1,cam12/e1/v1,
full,03.CCTV Mobile Usage.mkv,632de9ed55947761d56d4c6142a3cb1a1fe69d0b1a6d0e01a2e404c697962623,dfine_sahi,104567.0,mouse,0.3672,967.05,398.43,991.94,410.69,305.1,24.89,12.26,2.03,False,,True,R-desk,22,evt_S-61_upper_body_0018,8ca22b446aadb599,lap_bag_context,no_pose_observation,34560.0,1.33,,1,cam12/e1/v1,
full,03.CCTV Mobile Usage.mkv,632de9ed55947761d56d4c6142a3cb1a1fe69d0b1a6d0e01a2e404c697962623,dfine_sahi,104567.0,monitor_or_bezel,0.316,881.23,396.15,949.07,452.7,3836.2,67.84,56.55,1.2,False,,True,R-desk,22,evt_S-61_upper_body_0018,8ca22b446aadb599,lap_bag_context,no_pose_observation,34560.0,1.33,,1,cam12/e1/v1,
full,03.CCTV Mobile Usage.mkv,632de9ed55947761d56d4c6142a3cb1a1fe69d0b1a6d0e01a2e404c697962623,dfine_sahi,104567.0,unknown_object,0.2772,879.57,411.28,969.89,505.79,8536.8,90.33,94.51,0.956,False,,True,R-desk,22,evt_S-61_upper_body_0018,8ca22b446aadb599,lap_bag_context,no_pose_observation,34560.0,1.33,,1,cam12/e1/v1,
full,03.CCTV Mobile Usage.mkv,632de9ed55947761d56d4c6142a3cb1a1fe69d0b1a6d0e01a2e404c697962623,dfine_sahi,104567.0,keyboard,0.9115,962.23,451.9,1067.99,491.47,4185.0,105.76,39.57,2.673,False,,True,R-desk,21,evt_S-61_upper_body_0018,8ca22b446aadb599,lap_bag_context,no_pose_observation,34560.0,1.33,,1,cam12/e1/v1,
full,03.CCTV Mobile Usage.mkv,632de9ed55947761d56d4c6142a3cb1a1fe69d0b1a6d0e01a2e404c697962623,dfine_sahi,104567.0,phone,0.7541,1043.73,421.96,1112.38,473.82,3560.4,68.64,51.87,1.323,False,,True,R-desk,21,evt_S-61_upper_body_0018,8ca22b446aadb599,lap_bag_context,no_pose_observation,34560.0,1.33,,1,cam12/e1/v1,
full,03.CCTV Mobile Usage.mkv,632de9ed55947761d56d4c6142a3cb1a1fe69d0b1a6d0e01a2e404c697962623,dfine_sahi,104567.0,monitor_or_bezel,0.7413,910.18,411.23,1141.85,506.38,22043.6,231.67,95.15,2.435,False,,True,R-desk,21,evt_S-61_upper_body_0018,8ca22b446aadb599,lap_bag_context,no_pose_observation,34560.0,1.33,,1,cam12/e1/v1,
full,03.CCTV Mobile Usage.mkv,632de9ed55947761d56d4c6142a3cb1a1fe69d0b1a6d0e01a2e404c697962623,dfine_sahi,104567.0,monitor_or_bezel,0.7261,1018.62,395.7,1146.02,448.32,6703.7,127.4,52.62,2.421,False,,True,R-desk,21,evt_S-61_upper_body_0018,8ca22b446aadb599,lap_bag_context,no_pose_observation,34560.0,1.33,,1,cam12/e1/v1,
full,03.CCTV Mobile Usage.mkv,632de9ed55947761d56d4c6142a3cb1a1fe69d0b1a6d0e01a2e404c697962623,dfine_sahi,104567.0,keyboard,0.7168,772.59,380.18,870.62,420.22,3925.8,98.03,40.05,2.448,False,,True,R-desk,21,evt_S-61_upper_body_0018,8ca22b446aadb599,lap_bag_context,no_pose_observation,34560.0,1.33,,1,cam12/e1/v1,
full,03.CCTV Mobile Usage.mkv,632de9ed55947761d56d4c6142a3cb1a1fe69d0b1a6d0e01a2e404c697962623,dfine_sahi,104567.0,unknown_object,0.7167,699.91,396.21,848.01,492.02,14190.0,148.11,95.81,1.546,False,,True,R-desk,21,evt_S-61_upper_body_0018,8ca22b446aadb599,lap_bag_context,no_pose_observation,34560.0,1.33,,1,cam12/e1/v1,
full,03.CCTV Mobile Usage.mkv,632de9ed55947761d56d4c6142a3cb1a1fe69d0b1a6d0e01a2e404c697962623,dfine_sahi,104567.0,mouse,0.7129,864.67,413.44,891.22,435.4,583.1,26.55,21.96,1.209,False,,True,R-desk,21,evt_S-61_upper_body_0018,8ca22b446aadb599,lap_bag_context,no_pose_observation,34560.0,1.33,,1,cam12/e1/v1,
full,03.CCTV Mobile Usage.mkv,632de9ed55947761d56d4c6142a3cb1a1fe69d0b1a6d0e01a2e404c697962623,dfine_sahi,104567.0,keyboard,0.6439,962.91,452.27,1034.57,475.56,1669.3,71.67,23.29,3.077,False,,True,R-desk,21,evt_S-61_upper_body_0018,8ca22b446aadb599,lap_bag_context,no_pose_observation,34560.0,1.33,,1,cam12/e1/v1,
full,03.CCTV Mobile Usage.mkv,632de9ed55947761d56d4c6142a3cb1a1fe69d0b1a6d0e01a2e404c697962623,dfine_sahi,104567.0,monitor_or_bezel,0.5586,707.07,379.89,969.35,474.73,24874.9,262.28,94.84,2.766,False,,True,R-desk,21,evt_S-61_upper_body_0018,8ca22b446aadb599,lap_bag_context,no_pose_observation,34560.0,1.33,,1,cam12/e1/v1,
full,03.CCTV Mobile Usage.mkv,632de9ed55947761d56d4c6142a3cb1a1fe69d0b1a6d0e01a2e404c697962623,dfine_sahi,104567.0,unknown_object,0.5293,699.98,380.72,759.44,475.03,5607.3,59.45,94.31,0.63,False,,True,R-desk,21,evt_S-61_upper_body_0018,8ca22b446aadb599,lap_bag_context,no_pose_observation,34560.0,1.33,,1,cam12/e1/v1,
full,03.CCTV Mobile Usage.mkv,632de9ed55947761d56d4c6142a3cb1a1fe69d0b1a6d0e01a2e404c697962623,dfine_sahi,104567.0,keyboard,0.5058,802.77,396.29,870.37,420.63,1646.0,67.6,24.35,2.777,False,,True,R-desk,21,evt_S-61_upper_body_0018,8ca22b446aadb599,lap_bag_context,no_pose_observation,34560.0,1.33,,1,cam12/e1/v1,
full,03.CCTV Mobile Usage.mkv,632de9ed55947761d56d4c6142a3cb1a1fe69d0b1a6d0e01a2e404c697962623,dfine_sahi,104567.0,unknown_object,0.4931,751.65,411.03,969.87,506.0,20724.3,218.22,94.97,2.298,False,,True,R-desk,21,evt_S-61_upper_body_0018,8ca22b446aadb599,lap_bag_context,no_pose_observation,34560.0,1.33,,1,cam12/e1/v1,
full,03.CCTV Mobile Usage.mkv,632de9ed55947761d56d4c6142a3cb1a1fe69d0b1a6d0e01a2e404c697962623,dfine_sahi,104567.0,monitor_or_bezel,0.4687,963.05,380.45,1152.94,474.85,17926.5,189.89,94.4,2.011,False,,True,R-desk,21,evt_S-61_upper_body_0018,8ca22b446aadb599,lap_bag_context,no_pose_observation,34560.0,1.33,,1,cam12/e1/v1,
full,03.CCTV Mobile Usage.mkv,632de9ed55947761d56d4c6142a3cb1a1fe69d0b1a6d0e01a2e404c697962623,dfine_sahi,104567.0,keyboard,0.4093,910.08,411.46,1092.19,506.24,17258.5,182.11,94.77,1.922,False,,True,R-desk,21,evt_S-61_upper_body_0018,8ca22b446aadb599,lap_bag_context,no_pose_observation,34560.0,1.33,,1,cam12/e1/v1,
full,03.CCTV Mobile Usage.mkv,632de9ed55947761d56d4c6142a3cb1a1fe69d0b1a6d0e01a2e404c697962623,dfine_sahi,104567.0,phone,0.3895,1051.21,411.38,1139.91,446.74,3136.5,88.71,35.36,2.509,False,,True,R-desk,21,evt_S-61_upper_body_0018,8ca22b446aadb599,lap_bag_context,no_pose_observation,34560.0,1.33,,1,cam12/e1/v1,
full,03.CCTV Mobile Usage.mkv,632de9ed55947761d56d4c6142a3cb1a1fe69d0b1a6d0e01a2e404c697962623,dfine_sahi,104567.0,mouse,0.3672,967.05,398.43,991.94,410.69,305.1,24.89,12.26,2.03,False,,True,R-desk,21,evt_S-61_upper_body_0018,8ca22b446aadb599,lap_bag_context,no_pose_observation,34560.0,1.33,,1,cam12/e1/v1,
full,03.CCTV Mobile Usage.mkv,632de9ed55947761d56d4c6142a3cb1a1fe69d0b1a6d0e01a2e404c697962623,dfine_sahi,104567.0,monitor_or_bezel,0.316,881.23,396.15,949.07,452.7,3836.2,67.84,56.55,1.2,False,,True,R-desk,21,evt_S-61_upper_body_0018,8ca22b446aadb599,lap_bag_context,no_pose_observation,34560.0,1.33,,1,cam12/e1/v1,
full,03.CCTV Mobile Usage.mkv,632de9ed55947761d56d4c6142a3cb1a1fe69d0b1a6d0e01a2e404c697962623,dfine_sahi,104567.0,unknown_object,0.2772,879.57,411.28,969.89,505.79,8536.8,90.33,94.51,0.956,False,,True,R-desk,21,evt_S-61_upper_body_0018,8ca22b446aadb599,lap_bag_context,no_pose_observation,34560.0,1.33,,1,cam12/e1/v1,
full,03.CCTV Mobile Usage.mkv,632de9ed55947761d56d4c6142a3cb1a1fe69d0b1a6d0e01a2e404c697962623,dfine_sahi,104567.0,unknown_object,0.6963,115.39,649.13,156.24,679.96,1259.3,40.85,30.83,1.325,False,,True,S-61,17,evt_S-61_upper_body_0018,f12ee8a51e9e3280,pose_hand_context,,58341.6,2.65,,1,cam12/e1/v1,rtmpose_baseline
full,03.CCTV Mobile Usage.mkv,632de9ed55947761d56d4c6142a3cb1a1fe69d0b1a6d0e01a2e404c697962623,dfine_sahi,104567.0,unknown_object,0.6838,114.96,544.22,250.04,679.41,18260.6,135.07,135.19,0.999,False,,True,S-61,17,evt_S-61_upper_body_0018,f12ee8a51e9e3280,pose_hand_context,,58341.6,2.65,,1,cam12/e1/v1,rtmpose_baseline
full,03.CCTV Mobile Usage.mkv,632de9ed55947761d56d4c6142a3cb1a1fe69d0b1a6d0e01a2e404c697962623,dfine_sahi,104567.0,unknown_object,0.6111,115.23,454.43,177.2,521.21,4138.4,61.97,66.78,0.928,False,,True,S-61,17,evt_S-61_upper_body_0018,f12ee8a51e9e3280,pose_hand_context,,58341.6,2.65,,1,cam12/e1/v1,rtmpose_baseline
full,03.CCTV Mobile Usage.mkv,632de9ed55947761d56d4c6142a3cb1a1fe69d0b1a6d0e01a2e404c697962623,dfine_sahi,104567.0,unknown_object,0.5084,145.28,669.94,177.71,679.98,325.4,32.42,10.04,3.231,False,,True,S-61,17,evt_S-61_upper_body_0018,f12ee8a51e9e3280,pose_hand_context,,58341.6,2.65,,1,cam12/e1/v1,rtmpose_baseline
full,03.CCTV Mobile Usage.mkv,632de9ed55947761d56d4c6142a3cb1a1fe69d0b1a6d0e01a2e404c697962623,dfine_sahi,104567.0,unknown_object,0.3708,220.02,544.44,355.87,679.52,18350.9,135.85,135.08,1.006,False,,True,S-61,17,evt_S-61_upper_body_0018,f12ee8a51e9e3280,pose_hand_context,,58341.6,2.65,,1,cam12/e1/v1,rtmpose_baseline
full,03.CCTV Mobile Usage.mkv,632de9ed55947761d56d4c6142a3cb1a1fe69d0b1a6d0e01a2e404c697962623,dfine_sahi,104567.0,mouse,0.3677,115.46,649.2,156.81,679.94,1271.1,41.35,30.74,1.345,False,,True,S-61,17,evt_S-61_upper_body_0018,f12ee8a51e9e3280,pose_hand_context,,58341.6,2.65,,1,cam12/e1/v1,rtmpose_baseline
full,03.CCTV Mobile Usage.mkv,632de9ed55947761d56d4c6142a3cb1a1fe69d0b1a6d0e01a2e404c697962623,dfine_sahi,104567.0,unknown_object,0.3582,303.03,438.24,355.94,527.12,4703.8,52.92,88.89,0.595,False,,True,S-61,17,evt_S-61_upper_body_0018,f12ee8a51e9e3280,pose_hand_context,,58341.6,2.65,,1,cam12/e1/v1,rtmpose_baseline
full,03.CCTV Mobile Usage.mkv,632de9ed55947761d56d4c6142a3cb1a1fe69d0b1a6d0e01a2e404c697962623,dfine_sahi,104567.0,unknown_object,0.333,114.92,438.65,206.63,573.51,12367.7,91.71,134.86,0.68,False,,True,S-61,17,evt_S-61_upper_body_0018,f12ee8a51e9e3280,pose_hand_context,,58341.6,2.65,,1,cam12/e1/v1,rtmpose_baseline
full,03.CCTV Mobile Usage.mkv,632de9ed55947761d56d4c6142a3cb1a1fe69d0b1a6d0e01a2e404c697962623,dfine_sahi,104567.0,unknown_object,0.2697,142.59,601.64,161.16,617.63,296.9,18.57,15.98,1.162,False,,True,S-61,17,evt_S-61_upper_body_0018,f12ee8a51e9e3280,pose_hand_context,,58341.6,2.65,,1,cam12/e1/v1,rtmpose_baseline
full,03.CCTV Mobile Usage.mkv,632de9ed55947761d56d4c6142a3cb1a1fe69d0b1a6d0e01a2e404c697962623,dfine_sahi,104567.0,unknown_object,0.2594,220.04,438.28,355.89,573.14,18321.1,135.85,134.87,1.007,False,,True,S-61,17,evt_S-61_upper_body_0018,f12ee8a51e9e3280,pose_hand_context,,58341.6,2.65,,1,cam12/e1/v1,rtmpose_baseline
full,03.CCTV Mobile Usage.mkv,632de9ed55947761d56d4c6142a3cb1a1fe69d0b1a6d0e01a2e404c697962623,dfine_sahi,104567.0,secondary_paper_chit,0.2553,114.98,455.15,177.88,522.2,4217.4,62.9,67.05,0.938,False,,True,S-61,17,evt_S-61_upper_body_0018,f12ee8a51e9e3280,pose_hand_context,,58341.6,2.65,,1,cam12/e1/v1,rtmpose_baseline
full,03.CCTV Mobile Usage.mkv,632de9ed55947761d56d4c6142a3cb1a1fe69d0b1a6d0e01a2e404c697962623,dfine_sahi,104567.0,unknown_object,0.6296,541.77,51.8,574.51,89.73,1241.8,32.74,37.93,0.863,False,,True,unattributed,23,evt_S-61_upper_body_0018,f3cb69b982cc1a58,native_source_context_fallback,no_pose_observation,6818.0,7.42,,1,cam12/e1/v1,
full,03.CCTV Mobile Usage.mkv,632de9ed55947761d56d4c6142a3cb1a1fe69d0b1a6d0e01a2e404c697962623,dfine_sahi,104567.0,unknown_object,0.3254,478.05,68.34,573.82,95.87,2636.8,95.77,27.53,3.478,False,,True,unattributed,23,evt_S-61_upper_body_0018,f3cb69b982cc1a58,native_source_context_fallback,no_pose_observation,6818.0,7.42,,1,cam12/e1/v1,
full,03.CCTV Mobile Usage.mkv,632de9ed55947761d56d4c6142a3cb1a1fe69d0b1a6d0e01a2e404c697962623,dfine_sahi,104567.0,unknown_object,0.3235,485.29,78.08,512.43,95.99,486.1,27.14,17.91,1.515,False,,True,unattributed,23,evt_S-61_upper_body_0018,f3cb69b982cc1a58,native_source_context_fallback,no_pose_observation,6818.0,7.42,,1,cam12/e1/v1,
full,03.CCTV Mobile Usage.mkv,632de9ed55947761d56d4c6142a3cb1a1fe69d0b1a6d0e01a2e404c697962623,dfine_sahi,104567.0,unknown_object,0.3185,516.01,47.41,610.03,103.45,5269.3,94.02,56.04,1.678,False,,True,unattributed,23,evt_S-61_upper_body_0018,f3cb69b982cc1a58,native_source_context_fallback,no_pose_observation,6818.0,7.42,,1,cam12/e1/v1,
full,03.CCTV Mobile Usage.mkv,632de9ed55947761d56d4c6142a3cb1a1fe69d0b1a6d0e01a2e404c697962623,dfine_sahi,104567.0,unknown_object,0.3138,509.88,78.91,566.47,95.85,958.6,56.59,16.94,3.341,False,,True,unattributed,23,evt_S-61_upper_body_0018,f3cb69b982cc1a58,native_source_context_fallback,no_pose_observation,6818.0,7.42,,1,cam12/e1/v1,
full,03.CCTV Mobile Usage.mkv,632de9ed55947761d56d4c6142a3cb1a1fe69d0b1a6d0e01a2e404c697962623,dfine_sahi,104567.0,unknown_object,0.3098,479.42,53.49,508.17,84.02,878.1,28.75,30.54,0.941,False,,True,unattributed,23,evt_S-61_upper_body_0018,f3cb69b982cc1a58,native_source_context_fallback,no_pose_observation,6818.0,7.42,,1,cam12/e1/v1,
full,03.CCTV Mobile Usage.mkv,632de9ed55947761d56d4c6142a3cb1a1fe69d0b1a6d0e01a2e404c697962623,dfine_sahi,104567.0,unknown_object,0.2954,574.09,53.19,604.42,84.29,943.3,30.33,31.1,0.975,False,,True,unattributed,23,evt_S-61_upper_body_0018,f3cb69b982cc1a58,native_source_context_fallback,no_pose_observation,6818.0,7.42,,1,cam12/e1/v1,
full,03.CCTV Mobile Usage.mkv,632de9ed55947761d56d4c6142a3cb1a1fe69d0b1a6d0e01a2e404c697962623,dfine_sahi,105000.0,keyboard,0.9115,962.23,451.9,1067.99,491.47,4184.9,105.76,39.57,2.673,False,,True,R-desk,22,evt_S-61_desk_work_surface_0004,0a0458d07cb5fedd,lap_bag_context,no_pose_observation,34560.0,1.33,,1,cam12/e1/v1,
full,03.CCTV Mobile Usage.mkv,632de9ed55947761d56d4c6142a3cb1a1fe69d0b1a6d0e01a2e404c697962623,dfine_sahi,105000.0,phone,0.7539,1043.73,421.96,1112.37,473.82,3560.4,68.64,51.87,1.323,False,,True,R-desk,22,evt_S-61_desk_work_surface_0004,0a0458d07cb5fedd,lap_bag_context,no_pose_observation,34560.0,1.33,,1,cam12/e1/v1,
full,03.CCTV Mobile Usage.mkv,632de9ed55947761d56d4c6142a3cb1a1fe69d0b1a6d0e01a2e404c697962623,dfine_sahi,105000.0,monitor_or_bezel,0.7412,910.18,411.23,1141.87,506.38,22044.8,231.68,95.15,2.435,False,,True,R-desk,22,evt_S-61_desk_work_surface_0004,0a0458d07cb5fedd,lap_bag_context,no_pose_observation,34560.0,1.33,,1,cam12/e1/v1,
full,03.CCTV Mobile Usage.mkv,632de9ed55947761d56d4c6142a3cb1a1fe69d0b1a6d0e01a2e404c697962623,dfine_sahi,105000.0,monitor_or_bezel,0.726,1018.62,395.7,1146.02,448.32,6704.0,127.4,52.62,2.421,False,,True,R-desk,22,evt_S-61_desk_work_surface_0004,0a0458d07cb5fedd,lap_bag_context,no_pose_observation,34560.0,1.33,,1,cam12/e1/v1,
full,03.CCTV Mobile Usage.mkv,632de9ed55947761d56d4c6142a3cb1a1fe69d0b1a6d0e01a2e404c697962623,dfine_sahi,105000.0,keyboard,0.7168,772.59,380.18,870.62,420.22,3925.8,98.03,40.05,2.448,False,,True,R-desk,22,evt_S-61_desk_work_surface_0004,0a0458d07cb5fedd,lap_bag_context,no_pose_observation,34560.0,1.33,,1,cam12/e1/v1,
full,03.CCTV Mobile Usage.mkv,632de9ed55947761d56d4c6142a3cb1a1fe69d0b1a6d0e01a2e404c697962623,dfine_sahi,105000.0,unknown_object,0.7167,699.91,396.21,848.01,492.02,14190.2,148.11,95.81,1.546,False,,True,R-desk,22,evt_S-61_desk_work_surface_0004,0a0458d07cb5fedd,lap_bag_context,no_pose_observation,34560.0,1.33,,1,cam12/e1/v1,
full,03.CCTV Mobile Usage.mkv,632de9ed55947761d56d4c6142a3cb1a1fe69d0b1a6d0e01a2e404c697962623,dfine_sahi,105000.0,mouse,0.7129,864.67,413.44,891.22,435.4,583.1,26.55,21.96,1.209,False,,True,R-desk,22,evt_S-61_desk_work_surface_0004,0a0458d07cb5fedd,lap_bag_context,no_pose_observation,34560.0,1.33,,1,cam12/e1/v1,
full,03.CCTV Mobile Usage.mkv,632de9ed55947761d56d4c6142a3cb1a1fe69d0b1a6d0e01a2e404c697962623,dfine_sahi,105000.0,keyboard,0.6445,962.91,452.27,1034.58,475.56,1669.5,71.67,23.29,3.077,False,,True,R-desk,22,evt_S-61_desk_work_surface_0004,0a0458d07cb5fedd,lap_bag_context,no_pose_observation,34560.0,1.33,,1,cam12/e1/v1,
full,03.CCTV Mobile Usage.mkv,632de9ed55947761d56d4c6142a3cb1a1fe69d0b1a6d0e01a2e404c697962623,dfine_sahi,105000.0,monitor_or_bezel,0.5586,707.07,379.89,969.35,474.73,24874.9,262.28,94.84,2.766,False,,True,R-desk,22,evt_S-61_desk_work_surface_0004,0a0458d07cb5fedd,lap_bag_context,no_pose_observation,34560.0,1.33,,1,cam12/e1/v1,
full,03.CCTV Mobile Usage.mkv,632de9ed55947761d56d4c6142a3cb1a1fe69d0b1a6d0e01a2e404c697962623,dfine_sahi,105000.0,unknown_object,0.5293,699.98,380.72,759.44,475.03,5607.3,59.45,94.31,0.63,False,,True,R-desk,22,evt_S-61_desk_work_surface_0004,0a0458d07cb5fedd,lap_bag_context,no_pose_observation,34560.0,1.33,,1,cam12/e1/v1,
full,03.CCTV Mobile Usage.mkv,632de9ed55947761d56d4c6142a3cb1a1fe69d0b1a6d0e01a2e404c697962623,dfine_sahi,105000.0,keyboard,0.5057,802.77,396.29,870.37,420.63,1646.0,67.6,24.35,2.777,False,,True,R-desk,22,evt_S-61_desk_work_surface_0004,0a0458d07cb5fedd,lap_bag_context,no_pose_observation,34560.0,1.33,,1,cam12/e1/v1,
full,03.CCTV Mobile Usage.mkv,632de9ed55947761d56d4c6142a3cb1a1fe69d0b1a6d0e01a2e404c697962623,dfine_sahi,105000.0,unknown_object,0.4931,751.65,411.03,969.87,506.0,20724.3,218.22,94.97,2.298,False,,True,R-desk,22,evt_S-61_desk_work_surface_0004,0a0458d07cb5fedd,lap_bag_context,no_pose_observation,34560.0,1.33,,1,cam12/e1/v1,
full,03.CCTV Mobile Usage.mkv,632de9ed55947761d56d4c6142a3cb1a1fe69d0b1a6d0e01a2e404c697962623,dfine_sahi,105000.0,monitor_or_bezel,0.4683,963.05,380.46,1152.94,474.86,17925.0,189.88,94.4,2.011,False,,True,R-desk,22,evt_S-61_desk_work_surface_0004,0a0458d07cb5fedd,lap_bag_context,no_pose_observation,34560.0,1.33,,1,cam12/e1/v1,
full,03.CCTV Mobile Usage.mkv,632de9ed55947761d56d4c6142a3cb1a1fe69d0b1a6d0e01a2e404c697962623,dfine_sahi,105000.0,keyboard,0.4099,910.08,411.47,1092.18,506.23,17257.0,182.1,94.77,1.921,False,,True,R-desk,22,evt_S-61_desk_work_surface_0004,0a0458d07cb5fedd,lap_bag_context,no_pose_observation,34560.0,1.33,,1,cam12/e1/v1,
full,03.CCTV Mobile Usage.mkv,632de9ed55947761d56d4c6142a3cb1a1fe69d0b1a6d0e01a2e404c697962623,dfine_sahi,105000.0,phone,0.3898,1051.21,411.38,1139.92,446.74,3136.7,88.71,35.36,2.509,False,,True,R-desk,22,evt_S-61_desk_work_surface_0004,0a0458d07cb5fedd,lap_bag_context,no_pose_observation,34560.0,1.33,,1,cam12/e1/v1,
full,03.CCTV Mobile Usage.mkv,632de9ed55947761d56d4c6142a3cb1a1fe69d0b1a6d0e01a2e404c697962623,dfine_sahi,105000.0,mouse,0.3666,967.05,398.43,991.94,410.69,305.1,24.89,12.26,2.03,False,,True,R-desk,22,evt_S-61_desk_work_surface_0004,0a0458d07cb5fedd,lap_bag_context,no_pose_observation,34560.0,1.33,,1,cam12/e1/v1,
full,03.CCTV Mobile Usage.mkv,632de9ed55947761d56d4c6142a3cb1a1fe69d0b1a6d0e01a2e404c697962623,dfine_sahi,105000.0,monitor_or_bezel,0.316,881.23,396.15,949.07,452.7,3836.2,67.84,56.54,1.2,False,,True,R-desk,22,evt_S-61_desk_work_surface_0004,0a0458d07cb5fedd,lap_bag_context,no_pose_observation,34560.0,1.33,,1,cam12/e1/v1,
full,03.CCTV Mobile Usage.mkv,632de9ed55947761d56d4c6142a3cb1a1fe69d0b1a6d0e01a2e404c697962623,dfine_sahi,105000.0,unknown_object,0.2772,879.57,411.28,969.89,505.79,8536.8,90.33,94.51,0.956,False,,True,R-desk,22,evt_S-61_desk_work_surface_0004,0a0458d07cb5fedd,lap_bag_context,no_pose_observation,34560.0,1.33,,1,cam12/e1/v1,
full,03.CCTV Mobile Usage.mkv,632de9ed55947761d56d4c6142a3cb1a1fe69d0b1a6d0e01a2e404c697962623,dfine_sahi,105000.0,keyboard,0.9115,962.23,451.9,1067.99,491.47,4184.9,105.76,39.57,2.673,False,,True,R-desk,21,evt_S-61_desk_work_surface_0004,0a0458d07cb5fedd,lap_bag_context,no_pose_observation,34560.0,1.33,,1,cam12/e1/v1,
full,03.CCTV Mobile Usage.mkv,632de9ed55947761d56d4c6142a3cb1a1fe69d0b1a6d0e01a2e404c697962623,dfine_sahi,105000.0,phone,0.7539,1043.73,421.96,1112.37,473.82,3560.4,68.64,51.87,1.323,False,,True,R-desk,21,evt_S-61_desk_work_surface_0004,0a0458d07cb5fedd,lap_bag_context,no_pose_observation,34560.0,1.33,,1,cam12/e1/v1,
full,03.CCTV Mobile Usage.mkv,632de9ed55947761d56d4c6142a3cb1a1fe69d0b1a6d0e01a2e404c697962623,dfine_sahi,105000.0,monitor_or_bezel,0.7412,910.18,411.23,1141.87,506.38,22044.8,231.68,95.15,2.435,False,,True,R-desk,21,evt_S-61_desk_work_surface_0004,0a0458d07cb5fedd,lap_bag_context,no_pose_observation,34560.0,1.33,,1,cam12/e1/v1,
full,03.CCTV Mobile Usage.mkv,632de9ed55947761d56d4c6142a3cb1a1fe69d0b1a6d0e01a2e404c697962623,dfine_sahi,105000.0,monitor_or_bezel,0.726,1018.62,395.7,1146.02,448.32,6704.0,127.4,52.62,2.421,False,,True,R-desk,21,evt_S-61_desk_work_surface_0004,0a0458d07cb5fedd,lap_bag_context,no_pose_observation,34560.0,1.33,,1,cam12/e1/v1,
full,03.CCTV Mobile Usage.mkv,632de9ed55947761d56d4c6142a3cb1a1fe69d0b1a6d0e01a2e404c697962623,dfine_sahi,105000.0,keyboard,0.7168,772.59,380.18,870.62,420.22,3925.8,98.03,40.05,2.448,False,,True,R-desk,21,evt_S-61_desk_work_surface_0004,0a0458d07cb5fedd,lap_bag_context,no_pose_observation,34560.0,1.33,,1,cam12/e1/v1,
full,03.CCTV Mobile Usage.mkv,632de9ed55947761d56d4c6142a3cb1a1fe69d0b1a6d0e01a2e404c697962623,dfine_sahi,105000.0,unknown_object,0.7167,699.91,396.21,848.01,492.02,14190.2,148.11,95.81,1.546,False,,True,R-desk,21,evt_S-61_desk_work_surface_0004,0a0458d07cb5fedd,lap_bag_context,no_pose_observation,34560.0,1.33,,1,cam12/e1/v1,
full,03.CCTV Mobile Usage.mkv,632de9ed55947761d56d4c6142a3cb1a1fe69d0b1a6d0e01a2e404c697962623,dfine_sahi,105000.0,mouse,0.7129,864.67,413.44,891.22,435.4,583.1,26.55,21.96,1.209,False,,True,R-desk,21,evt_S-61_desk_work_surface_0004,0a0458d07cb5fedd,lap_bag_context,no_pose_observation,34560.0,1.33,,1,cam12/e1/v1,
full,03.CCTV Mobile Usage.mkv,632de9ed55947761d56d4c6142a3cb1a1fe69d0b1a6d0e01a2e404c697962623,dfine_sahi,105000.0,keyboard,0.6445,962.91,452.27,1034.58,475.56,1669.5,71.67,23.29,3.077,False,,True,R-desk,21,evt_S-61_desk_work_surface_0004,0a0458d07cb5fedd,lap_bag_context,no_pose_observation,34560.0,1.33,,1,cam12/e1/v1,
full,03.CCTV Mobile Usage.mkv,632de9ed55947761d56d4c6142a3cb1a1fe69d0b1a6d0e01a2e404c697962623,dfine_sahi,105000.0,monitor_or_bezel,0.5586,707.07,379.89,969.35,474.73,24874.9,262.28,94.84,2.766,False,,True,R-desk,21,evt_S-61_desk_work_surface_0004,0a0458d07cb5fedd,lap_bag_context,no_pose_observation,34560.0,1.33,,1,cam12/e1/v1,
full,03.CCTV Mobile Usage.mkv,632de9ed55947761d56d4c6142a3cb1a1fe69d0b1a6d0e01a2e404c697962623,dfine_sahi,105000.0,unknown_object,0.5293,699.98,380.72,759.44,475.03,5607.3,59.45,94.31,0.63,False,,True,R-desk,21,evt_S-61_desk_work_surface_0004,0a0458d07cb5fedd,lap_bag_context,no_pose_observation,34560.0,1.33,,1,cam12/e1/v1,
full,03.CCTV Mobile Usage.mkv,632de9ed55947761d56d4c6142a3cb1a1fe69d0b1a6d0e01a2e404c697962623,dfine_sahi,105000.0,keyboard,0.5057,802.77,396.29,870.37,420.63,1646.0,67.6,24.35,2.777,False,,True,R-desk,21,evt_S-61_desk_work_surface_0004,0a0458d07cb5fedd,lap_bag_context,no_pose_observation,34560.0,1.33,,1,cam12/e1/v1,
full,03.CCTV Mobile Usage.mkv,632de9ed55947761d56d4c6142a3cb1a1fe69d0b1a6d0e01a2e404c697962623,dfine_sahi,105000.0,unknown_object,0.4931,751.65,411.03,969.87,506.0,20724.3,218.22,94.97,2.298,False,,True,R-desk,21,evt_S-61_desk_work_surface_0004,0a0458d07cb5fedd,lap_bag_context,no_pose_observation,34560.0,1.33,,1,cam12/e1/v1,
full,03.CCTV Mobile Usage.mkv,632de9ed55947761d56d4c6142a3cb1a1fe69d0b1a6d0e01a2e404c697962623,dfine_sahi,105000.0,monitor_or_bezel,0.4683,963.05,380.46,1152.94,474.86,17925.0,189.88,94.4,2.011,False,,True,R-desk,21,evt_S-61_desk_work_surface_0004,0a0458d07cb5fedd,lap_bag_context,no_pose_observation,34560.0,1.33,,1,cam12/e1/v1,
full,03.CCTV Mobile Usage.mkv,632de9ed55947761d56d4c6142a3cb1a1fe69d0b1a6d0e01a2e404c697962623,dfine_sahi,105000.0,keyboard,0.4099,910.08,411.47,1092.18,506.23,17257.0,182.1,94.77,1.921,False,,True,R-desk,21,evt_S-61_desk_work_surface_0004,0a0458d07cb5fedd,lap_bag_context,no_pose_observation,34560.0,1.33,,1,cam12/e1/v1,
full,03.CCTV Mobile Usage.mkv,632de9ed55947761d56d4c6142a3cb1a1fe69d0b1a6d0e01a2e404c697962623,dfine_sahi,105000.0,phone,0.3898,1051.21,411.38,1139.92,446.74,3136.7,88.71,35.36,2.509,False,,True,R-desk,21,evt_S-61_desk_work_surface_0004,0a0458d07cb5fedd,lap_bag_context,no_pose_observation,34560.0,1.33,,1,cam12/e1/v1,
full,03.CCTV Mobile Usage.mkv,632de9ed55947761d56d4c6142a3cb1a1fe69d0b1a6d0e01a2e404c697962623,dfine_sahi,105000.0,mouse,0.3666,967.05,398.43,991.94,410.69,305.1,24.89,12.26,2.03,False,,True,R-desk,21,evt_S-61_desk_work_surface_0004,0a0458d07cb5fedd,lap_bag_context,no_pose_observation,34560.0,1.33,,1,cam12/e1/v1,
full,03.CCTV Mobile Usage.mkv,632de9ed55947761d56d4c6142a3cb1a1fe69d0b1a6d0e01a2e404c697962623,dfine_sahi,105000.0,monitor_or_bezel,0.316,881.23,396.15,949.07,452.7,3836.2,67.84,56.54,1.2,False,,True,R-desk,21,evt_S-61_desk_work_surface_0004,0a0458d07cb5fedd,lap_bag_context,no_pose_observation,34560.0,1.33,,1,cam12/e1/v1,
full,03.CCTV Mobile Usage.mkv,632de9ed55947761d56d4c6142a3cb1a1fe69d0b1a6d0e01a2e404c697962623,dfine_sahi,105000.0,unknown_object,0.2772,879.57,411.28,969.89,505.79,8536.8,90.33,94.51,0.956,False,,True,R-desk,21,evt_S-61_desk_work_surface_0004,0a0458d07cb5fedd,lap_bag_context,no_pose_observation,34560.0,1.33,,1,cam12/e1/v1,
full,03.CCTV Mobile Usage.mkv,632de9ed55947761d56d4c6142a3cb1a1fe69d0b1a6d0e01a2e404c697962623,dfine_sahi,105000.0,unknown_object,0.562,540.3,51.84,574.27,89.17,1268.1,33.97,37.33,0.91,False,,True,unattributed,24,evt_S-61_desk_work_surface_0004,29a4f5beab744a62,native_source_context_fallback,no_pose_observation,2526.2,12.02,,1,cam12/e1/v1,
full,03.CCTV Mobile Usage.mkv,632de9ed55947761d56d4c6142a3cb1a1fe69d0b1a6d0e01a2e404c697962623,dfine_sahi,105000.0,unknown_object,0.3315,537.48,47.61,607.51,107.08,4165.4,70.04,59.47,1.178,False,,True,unattributed,24,evt_S-61_desk_work_surface_0004,29a4f5beab744a62,native_source_context_fallback,no_pose_observation,2526.2,12.02,,1,cam12/e1/v1,
full,03.CCTV Mobile Usage.mkv,632de9ed55947761d56d4c6142a3cb1a1fe69d0b1a6d0e01a2e404c697962623,dfine_sahi,105000.0,phone,0.2782,536.47,28.09,607.75,107.06,5629.6,71.28,78.98,0.903,False,,True,unattributed,24,evt_S-61_desk_work_surface_0004,29a4f5beab744a62,native_source_context_fallback,no_pose_observation,2526.2,12.02,,1,cam12/e1/v1,
full,03.CCTV Mobile Usage.mkv,632de9ed55947761d56d4c6142a3cb1a1fe69d0b1a6d0e01a2e404c697962623,dfine_sahi,105000.0,unknown_object,0.7732,112.27,454.63,177.43,520.68,4303.9,65.16,66.05,0.987,False,,True,S-61,17,evt_S-61_desk_work_surface_0004,51cd48dff95e852a,pose_hand_context,,58734.2,2.45,,1,cam12/e1/v1,rtmpose_baseline
full,03.CCTV Mobile Usage.mkv,632de9ed55947761d56d4c6142a3cb1a1fe69d0b1a6d0e01a2e404c697962623,dfine_sahi,105000.0,unknown_object,0.5572,0.11,305.16,126.34,451.33,18451.5,126.23,146.17,0.864,False,,True,S-61,17,evt_S-61_desk_work_surface_0004,51cd48dff95e852a,pose_hand_context,,58734.2,2.45,,1,cam12/e1/v1,rtmpose_baseline
full,03.CCTV Mobile Usage.mkv,632de9ed55947761d56d4c6142a3cb1a1fe69d0b1a6d0e01a2e404c697962623,dfine_sahi,105000.0,unknown_object,0.4501,0.38,420.27,126.27,564.5,18156.7,125.88,144.23,0.873,False,,True,S-61,17,evt_S-61_desk_work_surface_0004,51cd48dff95e852a,pose_hand_context,,58734.2,2.45,,1,cam12/e1/v1,rtmpose_baseline
full,03.CCTV Mobile Usage.mkv,632de9ed55947761d56d4c6142a3cb1a1fe69d0b1a6d0e01a2e404c697962623,dfine_sahi,105000.0,unknown_object,0.4269,38.97,420.14,126.07,473.76,4670.0,87.1,53.62,1.624,False,,True,S-61,17,evt_S-61_desk_work_surface_0004,51cd48dff95e852a,pose_hand_context,,58734.2,2.45,,1,cam12/e1/v1,rtmpose_baseline
full,03.CCTV Mobile Usage.mkv,632de9ed55947761d56d4c6142a3cb1a1fe69d0b1a6d0e01a2e404c697962623,dfine_sahi,105000.0,unknown_object,0.4141,-0.07,494.08,196.53,566.81,14298.3,196.6,72.73,2.703,False,,True,S-61,17,evt_S-61_desk_work_surface_0004,51cd48dff95e852a,pose_hand_context,,58734.2,2.45,,1,cam12/e1/v1,rtmpose_baseline
full,03.CCTV Mobile Usage.mkv,632de9ed55947761d56d4c6142a3cb1a1fe69d0b1a6d0e01a2e404c697962623,dfine_sahi,105000.0,unknown_object,0.3268,98.03,420.07,177.83,451.14,2479.8,79.8,31.07,2.568,False,,True,S-61,17,evt_S-61_desk_work_surface_0004,51cd48dff95e852a,pose_hand_context,,58734.2,2.45,,1,cam12/e1/v1,rtmpose_baseline
full,03.CCTV Mobile Usage.mkv,632de9ed55947761d56d4c6142a3cb1a1fe69d0b1a6d0e01a2e404c697962623,dfine_sahi,105000.0,stationery,0.3166,45.33,509.46,85.34,554.96,1820.8,40.01,45.5,0.879,False,,True,S-61,17,evt_S-61_desk_work_surface_0004,51cd48dff95e852a,pose_hand_context,,58734.2,2.45,,1,cam12/e1/v1,rtmpose_baseline
full,03.CCTV Mobile Usage.mkv,632de9ed55947761d56d4c6142a3cb1a1fe69d0b1a6d0e01a2e404c697962623,dfine_sahi,105000.0,bag,0.311,15.53,305.15,109.91,386.33,7662.6,94.39,81.18,1.163,False,,True,S-61,17,evt_S-61_desk_work_surface_0004,51cd48dff95e852a,pose_hand_context,,58734.2,2.45,,1,cam12/e1/v1,rtmpose_baseline
full,03.CCTV Mobile Usage.mkv,632de9ed55947761d56d4c6142a3cb1a1fe69d0b1a6d0e01a2e404c697962623,dfine_sahi,105000.0,unknown_object,0.2982,-0.4,304.94,200.9,566.15,52581.4,201.3,261.21,0.771,False,,True,S-61,17,evt_S-61_desk_work_surface_0004,51cd48dff95e852a,pose_hand_context,,58734.2,2.45,,1,cam12/e1/v1,rtmpose_baseline
full,03.CCTV Mobile Usage.mkv,632de9ed55947761d56d4c6142a3cb1a1fe69d0b1a6d0e01a2e404c697962623,dfine_sahi,105000.0,unknown_object,0.2778,97.86,305.22,224.41,451.39,18499.2,126.56,146.17,0.866,False,,True,S-61,17,evt_S-61_desk_work_surface_0004,51cd48dff95e852a,pose_hand_context,,58734.2,2.45,,1,cam12/e1/v1,rtmpose_baseline
full,03.CCTV Mobile Usage.mkv,632de9ed55947761d56d4c6142a3cb1a1fe69d0b1a6d0e01a2e404c697962623,dfine_sahi,105000.0,unknown_object,0.2585,137.22,420.55,214.01,491.63,5458.5,76.8,71.08,1.08,False,,True,S-61,17,evt_S-61_desk_work_surface_0004,51cd48dff95e852a,pose_hand_context,,58734.2,2.45,,1,cam12/e1/v1,rtmpose_baseline
full,03.CCTV Mobile Usage.mkv,632de9ed55947761d56d4c6142a3cb1a1fe69d0b1a6d0e01a2e404c697962623,dfine_sahi,105000.0,secondary_paper_chit,0.2585,95.85,455.44,177.78,522.09,5461.4,81.93,66.66,1.229,False,,True,S-61,17,evt_S-61_desk_work_surface_0004,51cd48dff95e852a,pose_hand_context,,58734.2,2.45,,1,cam12/e1/v1,rtmpose_baseline
full,03.CCTV Mobile Usage.mkv,632de9ed55947761d56d4c6142a3cb1a1fe69d0b1a6d0e01a2e404c697962623,dfine_sahi,105000.0,phone,0.2509,109.54,455.73,177.57,520.93,4434.6,68.02,65.19,1.043,False,,True,S-61,17,evt_S-61_desk_work_surface_0004,51cd48dff95e852a,pose_hand_context,,58734.2,2.45,,1,cam12/e1/v1,rtmpose_baseline
full,03.CCTV Mobile Usage.mkv,632de9ed55947761d56d4c6142a3cb1a1fe69d0b1a6d0e01a2e404c697962623,dfine_sahi,105000.0,unknown_object,0.6415,541.11,51.32,574.43,87.38,1201.7,33.32,36.07,0.924,False,,True,unattributed,23,evt_S-61_desk_work_surface_0004,850dc4d7658fdb34,native_source_context_fallback,no_pose_observation,6282.7,7.03,,1,cam12/e1/v1,
full,03.CCTV Mobile Usage.mkv,632de9ed55947761d56d4c6142a3cb1a1fe69d0b1a6d0e01a2e404c697962623,dfine_sahi,105000.0,unknown_object,0.3962,506.99,17.24,602.85,111.6,9044.3,95.86,94.35,1.016,False,,True,unattributed,23,evt_S-61_desk_work_surface_0004,850dc4d7658fdb34,native_source_context_fallback,no_pose_observation,6282.7,7.03,,1,cam12/e1/v1,
full,03.CCTV Mobile Usage.mkv,632de9ed55947761d56d4c6142a3cb1a1fe69d0b1a6d0e01a2e404c697962623,dfine_sahi,105000.0,phone,0.3842,539.1,17.49,607.7,107.13,6149.2,68.6,89.64,0.765,False,,True,unattributed,23,evt_S-61_desk_work_surface_0004,850dc4d7658fdb34,native_source_context_fallback,no_pose_observation,6282.7,7.03,,1,cam12/e1/v1,
full,03.CCTV Mobile Usage.mkv,632de9ed55947761d56d4c6142a3cb1a1fe69d0b1a6d0e01a2e404c697962623,dfine_sahi,105000.0,stationery,0.3748,613.74,57.01,632.99,95.34,737.6,19.24,38.33,0.502,False,,True,unattributed,23,evt_S-61_desk_work_surface_0004,850dc4d7658fdb34,native_source_context_fallback,no_pose_observation,6282.7,7.03,,1,cam12/e1/v1,
full,03.CCTV Mobile Usage.mkv,632de9ed55947761d56d4c6142a3cb1a1fe69d0b1a6d0e01a2e404c697962623,dfine_sahi,105000.0,unknown_object,0.3537,537.02,47.98,602.84,106.24,3834.8,65.82,58.26,1.13,False,,True,unattributed,23,evt_S-61_desk_work_surface_0004,850dc4d7658fdb34,native_source_context_fallback,no_pose_observation,6282.7,7.03,,1,cam12/e1/v1,
full,03.CCTV Mobile Usage.mkv,632de9ed55947761d56d4c6142a3cb1a1fe69d0b1a6d0e01a2e404c697962623,dfine_sahi,105000.0,unknown_object,0.3134,574.0,49.99,602.17,83.97,957.5,28.17,33.98,0.829,False,,True,unattributed,23,evt_S-61_desk_work_surface_0004,850dc4d7658fdb34,native_source_context_fallback,no_pose_observation,6282.7,7.03,,1,cam12/e1/v1,
full,03.CCTV Mobile Usage.mkv,632de9ed55947761d56d4c6142a3cb1a1fe69d0b1a6d0e01a2e404c697962623,dfine_sahi,105000.0,unknown_object,0.2763,551.75,56.32,564.18,80.94,306.0,12.43,24.62,0.505,False,,True,unattributed,23,evt_S-61_desk_work_surface_0004,850dc4d7658fdb34,native_source_context_fallback,no_pose_observation,6282.7,7.03,,1,cam12/e1/v1,
full,03.CCTV Mobile Usage.mkv,632de9ed55947761d56d4c6142a3cb1a1fe69d0b1a6d0e01a2e404c697962623,dfine_sahi,105000.0,unknown_object,0.2518,507.04,78.04,602.86,112.78,3328.0,95.82,34.73,2.759,False,,True,unattributed,23,evt_S-61_desk_work_surface_0004,850dc4d7658fdb34,native_source_context_fallback,no_pose_observation,6282.7,7.03,,1,cam12/e1/v1,
full,03.CCTV Mobile Usage.mkv,632de9ed55947761d56d4c6142a3cb1a1fe69d0b1a6d0e01a2e404c697962623,dfine_sahi,105000.0,monitor_or_bezel,0.5727,795.02,2.3,844.03,44.39,2062.6,49.01,42.09,1.164,False,,True,unattributed,18,evt_S-61_desk_work_surface_0004,ef7610a4aa9e0306,native_source_context_fallback,wrist_confidence_below_floor,9553.9,6.52,,1,cam12/e1/v1,rtmpose_baseline
full,03.CCTV Mobile Usage.mkv,632de9ed55947761d56d4c6142a3cb1a1fe69d0b1a6d0e01a2e404c697962623,dfine_sahi,105000.0,monitor_or_bezel,0.4312,795.03,29.05,843.58,44.65,757.3,48.55,15.6,3.112,False,,True,unattributed,18,evt_S-61_desk_work_surface_0004,ef7610a4aa9e0306,native_source_context_fallback,wrist_confidence_below_floor,9553.9,6.52,,1,cam12/e1/v1,rtmpose_baseline
full,03.CCTV Mobile Usage.mkv,632de9ed55947761d56d4c6142a3cb1a1fe69d0b1a6d0e01a2e404c697962623,dfine_sahi,105000.0,bag,0.4215,838.13,46.6,912.97,98.19,3860.8,74.84,51.59,1.451,False,,True,unattributed,18,evt_S-61_desk_work_surface_0004,ef7610a4aa9e0306,native_source_context_fallback,wrist_confidence_below_floor,9553.9,6.52,,1,cam12/e1/v1,rtmpose_baseline
full,03.CCTV Mobile Usage.mkv,632de9ed55947761d56d4c6142a3cb1a1fe69d0b1a6d0e01a2e404c697962623,dfine_sahi,105000.0,unknown_object,0.3719,816.09,40.58,913.85,103.22,6124.4,97.76,62.65,1.56,False,,True,unattributed,18,evt_S-61_desk_work_surface_0004,ef7610a4aa9e0306,native_source_context_fallback,wrist_confidence_below_floor,9553.9,6.52,,1,cam12/e1/v1,rtmpose_baseline
full,03.CCTV Mobile Usage.mkv,632de9ed55947761d56d4c6142a3cb1a1fe69d0b1a6d0e01a2e404c697962623,dfine_sahi,105000.0,bag,0.3259,872.76,52.9,897.9,90.59,947.3,25.14,37.68,0.667,False,,True,unattributed,18,evt_S-61_desk_work_surface_0004,ef7610a4aa9e0306,native_source_context_fallback,wrist_confidence_below_floor,9553.9,6.52,,1,cam12/e1/v1,rtmpose_baseline
full,03.CCTV Mobile Usage.mkv,632de9ed55947761d56d4c6142a3cb1a1fe69d0b1a6d0e01a2e404c697962623,dfine_sahi,105000.0,unknown_object,0.3257,831.37,83.81,913.57,103.42,1612.3,82.2,19.61,4.19,False,,True,unattributed,18,evt_S-61_desk_work_surface_0004,ef7610a4aa9e0306,native_source_context_fallback,wrist_confidence_below_floor,9553.9,6.52,,1,cam12/e1/v1,rtmpose_baseline
full,03.CCTV Mobile Usage.mkv,632de9ed55947761d56d4c6142a3cb1a1fe69d0b1a6d0e01a2e404c697962623,dfine_sahi,105000.0,unknown_object,0.2845,816.01,40.72,839.85,95.97,1317.2,23.84,55.25,0.432,False,,True,unattributed,18,evt_S-61_desk_work_surface_0004,ef7610a4aa9e0306,native_source_context_fallback,wrist_confidence_below_floor,9553.9,6.52,,1,cam12/e1/v1,rtmpose_baseline
full,03.CCTV Mobile Usage.mkv,632de9ed55947761d56d4c6142a3cb1a1fe69d0b1a6d0e01a2e404c697962623,dfine_sahi,105000.0,bag,0.2742,877.48,49.64,913.07,96.75,1676.6,35.58,47.12,0.755,False,,True,unattributed,18,evt_S-61_desk_work_surface_0004,ef7610a4aa9e0306,native_source_context_fallback,wrist_confidence_below_floor,9553.9,6.52,,1,cam12/e1/v1,rtmpose_baseline
full,03.CCTV Mobile Usage.mkv,632de9ed55947761d56d4c6142a3cb1a1fe69d0b1a6d0e01a2e404c697962623,dfine_sahi,105000.0,phone,0.2529,847.71,82.91,859.92,87.01,50.1,12.21,4.11,2.972,True,object footprint 50 px is under the 120 px floor for a call,False,unattributed,18,evt_S-61_desk_work_surface_0004,ef7610a4aa9e0306,native_source_context_fallback,wrist_confidence_below_floor,9553.9,6.52,,1,cam12/e1/v1,rtmpose_baseline
full,03.CCTV Mobile Usage.mkv,632de9ed55947761d56d4c6142a3cb1a1fe69d0b1a6d0e01a2e404c697962623,dfine_sahi,105067.0,unknown_object,0.6341,541.84,51.49,574.01,88.79,1200.2,32.17,37.3,0.862,False,,True,unattributed,23,evt_S-61_upper_body_0018,698dd9f920e21e66,native_source_context_fallback,no_pose_observation,6553.0,6.79,,1,cam12/e1/v1,
full,03.CCTV Mobile Usage.mkv,632de9ed55947761d56d4c6142a3cb1a1fe69d0b1a6d0e01a2e404c697962623,dfine_sahi,105067.0,unknown_object,0.4877,509.05,19.07,604.92,107.21,8450.2,95.87,88.14,1.088,False,,True,unattributed,23,evt_S-61_upper_body_0018,698dd9f920e21e66,native_source_context_fallback,no_pose_observation,6553.0,6.79,,1,cam12/e1/v1,
full,03.CCTV Mobile Usage.mkv,632de9ed55947761d56d4c6142a3cb1a1fe69d0b1a6d0e01a2e404c697962623,dfine_sahi,105067.0,phone,0.4328,541.31,19.14,609.55,107.45,6026.7,68.24,88.31,0.773,False,,True,unattributed,23,evt_S-61_upper_body_0018,698dd9f920e21e66,native_source_context_fallback,no_pose_observation,6553.0,6.79,,1,cam12/e1/v1,
full,03.CCTV Mobile Usage.mkv,632de9ed55947761d56d4c6142a3cb1a1fe69d0b1a6d0e01a2e404c697962623,dfine_sahi,105067.0,unknown_object,0.3916,541.8,48.3,608.55,107.31,3938.5,66.75,59.01,1.131,False,,True,unattributed,23,evt_S-61_upper_body_0018,698dd9f920e21e66,native_source_context_fallback,no_pose_observation,6553.0,6.79,,1,cam12/e1/v1,
full,03.CCTV Mobile Usage.mkv,632de9ed55947761d56d4c6142a3cb1a1fe69d0b1a6d0e01a2e404c697962623,dfine_sahi,105067.0,stationery,0.3337,617.28,57.39,633.06,84.44,426.8,15.78,27.04,0.584,False,,True,unattributed,23,evt_S-61_upper_body_0018,698dd9f920e21e66,native_source_context_fallback,no_pose_observation,6553.0,6.79,,1,cam12/e1/v1,
full,03.CCTV Mobile Usage.mkv,632de9ed55947761d56d4c6142a3cb1a1fe69d0b1a6d0e01a2e404c697962623,dfine_sahi,105067.0,unknown_object,0.3067,573.22,52.56,606.29,85.86,1101.2,33.07,33.3,0.993,False,,True,unattributed,23,evt_S-61_upper_body_0018,698dd9f920e21e66,native_source_context_fallback,no_pose_observation,6553.0,6.79,,1,cam12/e1/v1,
full,03.CCTV Mobile Usage.mkv,632de9ed55947761d56d4c6142a3cb1a1fe69d0b1a6d0e01a2e404c697962623,dfine_sahi,105067.0,unknown_object,0.2976,509.04,19.26,547.25,82.91,2432.3,38.21,63.66,0.6,False,,True,unattributed,23,evt_S-61_upper_body_0018,698dd9f920e21e66,native_source_context_fallback,no_pose_observation,6553.0,6.79,,1,cam12/e1/v1,
full,03.CCTV Mobile Usage.mkv,632de9ed55947761d56d4c6142a3cb1a1fe69d0b1a6d0e01a2e404c697962623,dfine_sahi,105067.0,stationery,0.27,608.4,56.54,635.96,113.16,1560.9,27.56,56.63,0.487,False,,True,unattributed,23,evt_S-61_upper_body_0018,698dd9f920e21e66,native_source_context_fallback,no_pose_observation,6553.0,6.79,,1,cam12/e1/v1,
full,03.CCTV Mobile Usage.mkv,632de9ed55947761d56d4c6142a3cb1a1fe69d0b1a6d0e01a2e404c697962623,dfine_sahi,105067.0,phone,0.2601,606.15,0.25,636.0,95.54,2845.0,29.85,95.3,0.313,False,,True,unattributed,23,evt_S-61_upper_body_0018,698dd9f920e21e66,native_source_context_fallback,no_pose_observation,6553.0,6.79,,1,cam12/e1/v1,
full,03.CCTV Mobile Usage.mkv,632de9ed55947761d56d4c6142a3cb1a1fe69d0b1a6d0e01a2e404c697962623,dfine_sahi,105067.0,unknown_object,0.2593,551.9,56.82,563.93,80.88,289.4,12.03,24.06,0.5,False,,True,unattributed,23,evt_S-61_upper_body_0018,698dd9f920e21e66,native_source_context_fallback,no_pose_observation,6553.0,6.79,,1,cam12/e1/v1,
full,03.CCTV Mobile Usage.mkv,632de9ed55947761d56d4c6142a3cb1a1fe69d0b1a6d0e01a2e404c697962623,dfine_sahi,105067.0,keyboard,0.9115,962.23,451.9,1067.99,491.47,4184.9,105.76,39.57,2.673,False,,True,R-desk,21,evt_S-61_upper_body_0018,745d503d39d05fad,lap_bag_context,wrist_confidence_below_floor,34560.0,1.33,,1,cam12/e1/v1,rtmpose_baseline
full,03.CCTV Mobile Usage.mkv,632de9ed55947761d56d4c6142a3cb1a1fe69d0b1a6d0e01a2e404c697962623,dfine_sahi,105067.0,phone,0.7539,1043.73,421.96,1112.37,473.82,3560.4,68.64,51.87,1.323,False,,True,R-desk,21,evt_S-61_upper_body_0018,745d503d39d05fad,lap_bag_context,wrist_confidence_below_floor,34560.0,1.33,,1,cam12/e1/v1,rtmpose_baseline
full,03.CCTV Mobile Usage.mkv,632de9ed55947761d56d4c6142a3cb1a1fe69d0b1a6d0e01a2e404c697962623,dfine_sahi,105067.0,monitor_or_bezel,0.7412,910.18,411.23,1141.87,506.38,22044.8,231.68,95.15,2.435,False,,True,R-desk,21,evt_S-61_upper_body_0018,745d503d39d05fad,lap_bag_context,wrist_confidence_below_floor,34560.0,1.33,,1,cam12/e1/v1,rtmpose_baseline
full,03.CCTV Mobile Usage.mkv,632de9ed55947761d56d4c6142a3cb1a1fe69d0b1a6d0e01a2e404c697962623,dfine_sahi,105067.0,monitor_or_bezel,0.726,1018.62,395.7,1146.02,448.32,6704.0,127.4,52.62,2.421,False,,True,R-desk,21,evt_S-61_upper_body_0018,745d503d39d05fad,lap_bag_context,wrist_confidence_below_floor,34560.0,1.33,,1,cam12/e1/v1,rtmpose_baseline
full,03.CCTV Mobile Usage.mkv,632de9ed55947761d56d4c6142a3cb1a1fe69d0b1a6d0e01a2e404c697962623,dfine_sahi,105067.0,keyboard,0.7168,772.59,380.18,870.62,420.22,3925.8,98.03,40.05,2.448,False,,True,R-desk,21,evt_S-61_upper_body_0018,745d503d39d05fad,lap_bag_context,wrist_confidence_below_floor,34560.0,1.33,,1,cam12/e1/v1,rtmpose_baseline
full,03.CCTV Mobile Usage.mkv,632de9ed55947761d56d4c6142a3cb1a1fe69d0b1a6d0e01a2e404c697962623,dfine_sahi,105067.0,unknown_object,0.7167,699.91,396.21,848.01,492.02,14190.2,148.11,95.81,1.546,False,,True,R-desk,21,evt_S-61_upper_body_0018,745d503d39d05fad,lap_bag_context,wrist_confidence_below_floor,34560.0,1.33,,1,cam12/e1/v1,rtmpose_baseline
full,03.CCTV Mobile Usage.mkv,632de9ed55947761d56d4c6142a3cb1a1fe69d0b1a6d0e01a2e404c697962623,dfine_sahi,105067.0,mouse,0.7129,864.67,413.44,891.22,435.4,583.1,26.55,21.96,1.209,False,,True,R-desk,21,evt_S-61_upper_body_0018,745d503d39d05fad,lap_bag_context,wrist_confidence_below_floor,34560.0,1.33,,1,cam12/e1/v1,rtmpose_baseline
full,03.CCTV Mobile Usage.mkv,632de9ed55947761d56d4c6142a3cb1a1fe69d0b1a6d0e01a2e404c697962623,dfine_sahi,105067.0,keyboard,0.6445,962.91,452.27,1034.58,475.56,1669.5,71.67,23.29,3.077,False,,True,R-desk,21,evt_S-61_upper_body_0018,745d503d39d05fad,lap_bag_context,wrist_confidence_below_floor,34560.0,1.33,,1,cam12/e1/v1,rtmpose_baseline
full,03.CCTV Mobile Usage.mkv,632de9ed55947761d56d4c6142a3cb1a1fe69d0b1a6d0e01a2e404c697962623,dfine_sahi,105067.0,monitor_or_bezel,0.5586,707.07,379.89,969.35,474.73,24874.9,262.28,94.84,2.766,False,,True,R-desk,21,evt_S-61_upper_body_0018,745d503d39d05fad,lap_bag_context,wrist_confidence_below_floor,34560.0,1.33,,1,cam12/e1/v1,rtmpose_baseline
full,03.CCTV Mobile Usage.mkv,632de9ed55947761d56d4c6142a3cb1a1fe69d0b1a6d0e01a2e404c697962623,dfine_sahi,105067.0,unknown_object,0.5293,699.98,380.72,759.44,475.03,5607.3,59.45,94.31,0.63,False,,True,R-desk,21,evt_S-61_upper_body_0018,745d503d39d05fad,lap_bag_context,wrist_confidence_below_floor,34560.0,1.33,,1,cam12/e1/v1,rtmpose_baseline
full,03.CCTV Mobile Usage.mkv,632de9ed55947761d56d4c6142a3cb1a1fe69d0b1a6d0e01a2e404c697962623,dfine_sahi,105067.0,keyboard,0.5057,802.77,396.29,870.37,420.63,1646.0,67.6,24.35,2.777,False,,True,R-desk,21,evt_S-61_upper_body_0018,745d503d39d05fad,lap_bag_context,wrist_confidence_below_floor,34560.0,1.33,,1,cam12/e1/v1,rtmpose_baseline
full,03.CCTV Mobile Usage.mkv,632de9ed55947761d56d4c6142a3cb1a1fe69d0b1a6d0e01a2e404c697962623,dfine_sahi,105067.0,unknown_object,0.4931,751.65,411.03,969.87,506.0,20724.3,218.22,94.97,2.298,False,,True,R-desk,21,evt_S-61_upper_body_0018,745d503d39d05fad,lap_bag_context,wrist_confidence_below_floor,34560.0,1.33,,1,cam12/e1/v1,rtmpose_baseline
full,03.CCTV Mobile Usage.mkv,632de9ed55947761d56d4c6142a3cb1a1fe69d0b1a6d0e01a2e404c697962623,dfine_sahi,105067.0,monitor_or_bezel,0.4683,963.05,380.46,1152.94,474.86,17925.0,189.88,94.4,2.011,False,,True,R-desk,21,evt_S-61_upper_body_0018,745d503d39d05fad,lap_bag_context,wrist_confidence_below_floor,34560.0,1.33,,1,cam12/e1/v1,rtmpose_baseline
full,03.CCTV Mobile Usage.mkv,632de9ed55947761d56d4c6142a3cb1a1fe69d0b1a6d0e01a2e404c697962623,dfine_sahi,105067.0,keyboard,0.4099,910.08,411.47,1092.18,506.23,17257.0,182.1,94.77,1.921,False,,True,R-desk,21,evt_S-61_upper_body_0018,745d503d39d05fad,lap_bag_context,wrist_confidence_below_floor,34560.0,1.33,,1,cam12/e1/v1,rtmpose_baseline
full,03.CCTV Mobile Usage.mkv,632de9ed55947761d56d4c6142a3cb1a1fe69d0b1a6d0e01a2e404c697962623,dfine_sahi,105067.0,phone,0.3898,1051.21,411.38,1139.92,446.74,3136.7,88.71,35.36,2.509,False,,True,R-desk,21,evt_S-61_upper_body_0018,745d503d39d05fad,lap_bag_context,wrist_confidence_below_floor,34560.0,1.33,,1,cam12/e1/v1,rtmpose_baseline
full,03.CCTV Mobile Usage.mkv,632de9ed55947761d56d4c6142a3cb1a1fe69d0b1a6d0e01a2e404c697962623,dfine_sahi,105067.0,mouse,0.3666,967.05,398.43,991.94,410.69,305.1,24.89,12.26,2.03,False,,True,R-desk,21,evt_S-61_upper_body_0018,745d503d39d05fad,lap_bag_context,wrist_confidence_below_floor,34560.0,1.33,,1,cam12/e1/v1,rtmpose_baseline
full,03.CCTV Mobile Usage.mkv,632de9ed55947761d56d4c6142a3cb1a1fe69d0b1a6d0e01a2e404c697962623,dfine_sahi,105067.0,monitor_or_bezel,0.316,881.23,396.15,949.07,452.7,3836.2,67.84,56.54,1.2,False,,True,R-desk,21,evt_S-61_upper_body_0018,745d503d39d05fad,lap_bag_context,wrist_confidence_below_floor,34560.0,1.33,,1,cam12/e1/v1,rtmpose_baseline
full,03.CCTV Mobile Usage.mkv,632de9ed55947761d56d4c6142a3cb1a1fe69d0b1a6d0e01a2e404c697962623,dfine_sahi,105067.0,unknown_object,0.2772,879.57,411.28,969.89,505.79,8536.8,90.33,94.51,0.956,False,,True,R-desk,21,evt_S-61_upper_body_0018,745d503d39d05fad,lap_bag_context,wrist_confidence_below_floor,34560.0,1.33,,1,cam12/e1/v1,rtmpose_baseline
full,03.CCTV Mobile Usage.mkv,632de9ed55947761d56d4c6142a3cb1a1fe69d0b1a6d0e01a2e404c697962623,dfine_sahi,105067.0,keyboard,0.9115,962.23,451.9,1067.99,491.47,4184.9,105.76,39.57,2.673,False,,True,R-desk,22,evt_S-61_upper_body_0018,745d503d39d05fad,lap_bag_context,wrist_confidence_below_floor,34560.0,1.33,,1,cam12/e1/v1,rtmpose_baseline
full,03.CCTV Mobile Usage.mkv,632de9ed55947761d56d4c6142a3cb1a1fe69d0b1a6d0e01a2e404c697962623,dfine_sahi,105067.0,phone,0.7539,1043.73,421.96,1112.37,473.82,3560.4,68.64,51.87,1.323,False,,True,R-desk,22,evt_S-61_upper_body_0018,745d503d39d05fad,lap_bag_context,wrist_confidence_below_floor,34560.0,1.33,,1,cam12/e1/v1,rtmpose_baseline
full,03.CCTV Mobile Usage.mkv,632de9ed55947761d56d4c6142a3cb1a1fe69d0b1a6d0e01a2e404c697962623,dfine_sahi,105067.0,monitor_or_bezel,0.7412,910.18,411.23,1141.87,506.38,22044.8,231.68,95.15,2.435,False,,True,R-desk,22,evt_S-61_upper_body_0018,745d503d39d05fad,lap_bag_context,wrist_confidence_below_floor,34560.0,1.33,,1,cam12/e1/v1,rtmpose_baseline
full,03.CCTV Mobile Usage.mkv,632de9ed55947761d56d4c6142a3cb1a1fe69d0b1a6d0e01a2e404c697962623,dfine_sahi,105067.0,monitor_or_bezel,0.726,1018.62,395.7,1146.02,448.32,6704.0,127.4,52.62,2.421,False,,True,R-desk,22,evt_S-61_upper_body_0018,745d503d39d05fad,lap_bag_context,wrist_confidence_below_floor,34560.0,1.33,,1,cam12/e1/v1,rtmpose_baseline
full,03.CCTV Mobile Usage.mkv,632de9ed55947761d56d4c6142a3cb1a1fe69d0b1a6d0e01a2e404c697962623,dfine_sahi,105067.0,keyboard,0.7168,772.59,380.18,870.62,420.22,3925.8,98.03,40.05,2.448,False,,True,R-desk,22,evt_S-61_upper_body_0018,745d503d39d05fad,lap_bag_context,wrist_confidence_below_floor,34560.0,1.33,,1,cam12/e1/v1,rtmpose_baseline
full,03.CCTV Mobile Usage.mkv,632de9ed55947761d56d4c6142a3cb1a1fe69d0b1a6d0e01a2e404c697962623,dfine_sahi,105067.0,unknown_object,0.7167,699.91,396.21,848.01,492.02,14190.2,148.11,95.81,1.546,False,,True,R-desk,22,evt_S-61_upper_body_0018,745d503d39d05fad,lap_bag_context,wrist_confidence_below_floor,34560.0,1.33,,1,cam12/e1/v1,rtmpose_baseline
full,03.CCTV Mobile Usage.mkv,632de9ed55947761d56d4c6142a3cb1a1fe69d0b1a6d0e01a2e404c697962623,dfine_sahi,105067.0,mouse,0.7129,864.67,413.44,891.22,435.4,583.1,26.55,21.96,1.209,False,,True,R-desk,22,evt_S-61_upper_body_0018,745d503d39d05fad,lap_bag_context,wrist_confidence_below_floor,34560.0,1.33,,1,cam12/e1/v1,rtmpose_baseline
full,03.CCTV Mobile Usage.mkv,632de9ed55947761d56d4c6142a3cb1a1fe69d0b1a6d0e01a2e404c697962623,dfine_sahi,105067.0,keyboard,0.6445,962.91,452.27,1034.58,475.56,1669.5,71.67,23.29,3.077,False,,True,R-desk,22,evt_S-61_upper_body_0018,745d503d39d05fad,lap_bag_context,wrist_confidence_below_floor,34560.0,1.33,,1,cam12/e1/v1,rtmpose_baseline
full,03.CCTV Mobile Usage.mkv,632de9ed55947761d56d4c6142a3cb1a1fe69d0b1a6d0e01a2e404c697962623,dfine_sahi,105067.0,monitor_or_bezel,0.5586,707.07,379.89,969.35,474.73,24874.9,262.28,94.84,2.766,False,,True,R-desk,22,evt_S-61_upper_body_0018,745d503d39d05fad,lap_bag_context,wrist_confidence_below_floor,34560.0,1.33,,1,cam12/e1/v1,rtmpose_baseline
full,03.CCTV Mobile Usage.mkv,632de9ed55947761d56d4c6142a3cb1a1fe69d0b1a6d0e01a2e404c697962623,dfine_sahi,105067.0,unknown_object,0.5293,699.98,380.72,759.44,475.03,5607.3,59.45,94.31,0.63,False,,True,R-desk,22,evt_S-61_upper_body_0018,745d503d39d05fad,lap_bag_context,wrist_confidence_below_floor,34560.0,1.33,,1,cam12/e1/v1,rtmpose_baseline
full,03.CCTV Mobile Usage.mkv,632de9ed55947761d56d4c6142a3cb1a1fe69d0b1a6d0e01a2e404c697962623,dfine_sahi,105067.0,keyboard,0.5057,802.77,396.29,870.37,420.63,1646.0,67.6,24.35,2.777,False,,True,R-desk,22,evt_S-61_upper_body_0018,745d503d39d05fad,lap_bag_context,wrist_confidence_below_floor,34560.0,1.33,,1,cam12/e1/v1,rtmpose_baseline
full,03.CCTV Mobile Usage.mkv,632de9ed55947761d56d4c6142a3cb1a1fe69d0b1a6d0e01a2e404c697962623,dfine_sahi,105067.0,unknown_object,0.4931,751.65,411.03,969.87,506.0,20724.3,218.22,94.97,2.298,False,,True,R-desk,22,evt_S-61_upper_body_0018,745d503d39d05fad,lap_bag_context,wrist_confidence_below_floor,34560.0,1.33,,1,cam12/e1/v1,rtmpose_baseline
full,03.CCTV Mobile Usage.mkv,632de9ed55947761d56d4c6142a3cb1a1fe69d0b1a6d0e01a2e404c697962623,dfine_sahi,105067.0,monitor_or_bezel,0.4683,963.05,380.46,1152.94,474.86,17925.0,189.88,94.4,2.011,False,,True,R-desk,22,evt_S-61_upper_body_0018,745d503d39d05fad,lap_bag_context,wrist_confidence_below_floor,34560.0,1.33,,1,cam12/e1/v1,rtmpose_baseline
full,03.CCTV Mobile Usage.mkv,632de9ed55947761d56d4c6142a3cb1a1fe69d0b1a6d0e01a2e404c697962623,dfine_sahi,105067.0,keyboard,0.4099,910.08,411.47,1092.18,506.23,17257.0,182.1,94.77,1.921,False,,True,R-desk,22,evt_S-61_upper_body_0018,745d503d39d05fad,lap_bag_context,wrist_confidence_below_floor,34560.0,1.33,,1,cam12/e1/v1,rtmpose_baseline
full,03.CCTV Mobile Usage.mkv,632de9ed55947761d56d4c6142a3cb1a1fe69d0b1a6d0e01a2e404c697962623,dfine_sahi,105067.0,phone,0.3898,1051.21,411.38,1139.92,446.74,3136.7,88.71,35.36,2.509,False,,True,R-desk,22,evt_S-61_upper_body_0018,745d503d39d05fad,lap_bag_context,wrist_confidence_below_floor,34560.0,1.33,,1,cam12/e1/v1,rtmpose_baseline
full,03.CCTV Mobile Usage.mkv,632de9ed55947761d56d4c6142a3cb1a1fe69d0b1a6d0e01a2e404c697962623,dfine_sahi,105067.0,mouse,0.3666,967.05,398.43,991.94,410.69,305.1,24.89,12.26,2.03,False,,True,R-desk,22,evt_S-61_upper_body_0018,745d503d39d05fad,lap_bag_context,wrist_confidence_below_floor,34560.0,1.33,,1,cam12/e1/v1,rtmpose_baseline
full,03.CCTV Mobile Usage.mkv,632de9ed55947761d56d4c6142a3cb1a1fe69d0b1a6d0e01a2e404c697962623,dfine_sahi,105067.0,monitor_or_bezel,0.316,881.23,396.15,949.07,452.7,3836.2,67.84,56.54,1.2,False,,True,R-desk,22,evt_S-61_upper_body_0018,745d503d39d05fad,lap_bag_context,wrist_confidence_below_floor,34560.0,1.33,,1,cam12/e1/v1,rtmpose_baseline
full,03.CCTV Mobile Usage.mkv,632de9ed55947761d56d4c6142a3cb1a1fe69d0b1a6d0e01a2e404c697962623,dfine_sahi,105067.0,unknown_object,0.2772,879.57,411.28,969.89,505.79,8536.8,90.33,94.51,0.956,False,,True,R-desk,22,evt_S-61_upper_body_0018,745d503d39d05fad,lap_bag_context,wrist_confidence_below_floor,34560.0,1.33,,1,cam12/e1/v1,rtmpose_baseline
full,03.CCTV Mobile Usage.mkv,632de9ed55947761d56d4c6142a3cb1a1fe69d0b1a6d0e01a2e404c697962623,dfine_sahi,105067.0,unknown_object,0.5505,541.3,51.48,573.95,89.3,1234.9,32.65,37.82,0.863,False,,True,unattributed,24,evt_S-61_upper_body_0018,aff1f684b5dd4187,native_source_context_fallback,no_pose_observation,2738.4,11.86,,1,cam12/e1/v1,
full,03.CCTV Mobile Usage.mkv,632de9ed55947761d56d4c6142a3cb1a1fe69d0b1a6d0e01a2e404c697962623,dfine_sahi,105067.0,unknown_object,0.3456,533.0,30.13,628.92,125.49,9146.8,95.91,95.36,1.006,False,,True,unattributed,24,evt_S-61_upper_body_0018,aff1f684b5dd4187,native_source_context_fallback,no_pose_observation,2738.4,11.86,,1,cam12/e1/v1,
full,03.CCTV Mobile Usage.mkv,632de9ed55947761d56d4c6142a3cb1a1fe69d0b1a6d0e01a2e404c697962623,dfine_sahi,105067.0,unknown_object,0.307,564.33,51.81,607.7,106.14,2356.1,43.36,54.33,0.798,False,,True,unattributed,24,evt_S-61_upper_body_0018,aff1f684b5dd4187,native_source_context_fallback,no_pose_observation,2738.4,11.86,,1,cam12/e1/v1,
full,03.CCTV Mobile Usage.mkv,632de9ed55947761d56d4c6142a3cb1a1fe69d0b1a6d0e01a2e404c697962623,dfine_sahi,105067.0,unknown_object,0.7228,112.56,454.61,178.12,518.91,4215.5,65.56,64.3,1.02,False,,True,S-61,17,evt_S-61_upper_body_0018,b2c68097785dd540,pose_hand_context,,59267.1,2.44,,1,cam12/e1/v1,rtmpose_baseline
full,03.CCTV Mobile Usage.mkv,632de9ed55947761d56d4c6142a3cb1a1fe69d0b1a6d0e01a2e404c697962623,dfine_sahi,105067.0,secondary_paper_chit,0.3775,89.73,454.61,178.49,522.38,6015.0,88.76,67.77,1.31,False,,True,S-61,17,evt_S-61_upper_body_0018,b2c68097785dd540,pose_hand_context,,59267.1,2.44,,1,cam12/e1/v1,rtmpose_baseline
full,03.CCTV Mobile Usage.mkv,632de9ed55947761d56d4c6142a3cb1a1fe69d0b1a6d0e01a2e404c697962623,dfine_sahi,105067.0,unknown_object,0.3645,-0.28,305.17,136.29,451.64,20004.1,136.58,146.47,0.932,False,,True,S-61,17,evt_S-61_upper_body_0018,b2c68097785dd540,pose_hand_context,,59267.1,2.44,,1,cam12/e1/v1,rtmpose_baseline
full,03.CCTV Mobile Usage.mkv,632de9ed55947761d56d4c6142a3cb1a1fe69d0b1a6d0e01a2e404c697962623,dfine_sahi,105067.0,bag,0.3273,14.91,305.14,110.09,386.15,7711.0,95.18,81.02,1.175,False,,True,S-61,17,evt_S-61_upper_body_0018,b2c68097785dd540,pose_hand_context,,59267.1,2.44,,1,cam12/e1/v1,rtmpose_baseline
full,03.CCTV Mobile Usage.mkv,632de9ed55947761d56d4c6142a3cb1a1fe69d0b1a6d0e01a2e404c697962623,dfine_sahi,105067.0,monitor_or_bezel,0.3151,0.01,494.9,195.9,566.8,14085.1,195.89,71.9,2.724,False,,True,S-61,17,evt_S-61_upper_body_0018,b2c68097785dd540,pose_hand_context,,59267.1,2.44,,1,cam12/e1/v1,rtmpose_baseline
full,03.CCTV Mobile Usage.mkv,632de9ed55947761d56d4c6142a3cb1a1fe69d0b1a6d0e01a2e404c697962623,dfine_sahi,105067.0,unknown_object,0.2874,14.08,305.12,126.53,383.91,8860.3,112.45,78.79,1.427,False,,True,S-61,17,evt_S-61_upper_body_0018,b2c68097785dd540,pose_hand_context,,59267.1,2.44,,1,cam12/e1/v1,rtmpose_baseline
full,03.CCTV Mobile Usage.mkv,632de9ed55947761d56d4c6142a3cb1a1fe69d0b1a6d0e01a2e404c697962623,dfine_sahi,105067.0,stationery,0.283,44.9,509.52,85.25,554.7,1823.1,40.35,45.18,0.893,False,,True,S-61,17,evt_S-61_upper_body_0018,b2c68097785dd540,pose_hand_context,,59267.1,2.44,,1,cam12/e1/v1,rtmpose_baseline
full,03.CCTV Mobile Usage.mkv,632de9ed55947761d56d4c6142a3cb1a1fe69d0b1a6d0e01a2e404c697962623,dfine_sahi,105067.0,bag,0.2651,-0.17,343.15,79.02,435.05,7276.8,79.19,91.89,0.862,False,,True,S-61,17,evt_S-61_upper_body_0018,b2c68097785dd540,pose_hand_context,,59267.1,2.44,,1,cam12/e1/v1,rtmpose_baseline
full,03.CCTV Mobile Usage.mkv,632de9ed55947761d56d4c6142a3cb1a1fe69d0b1a6d0e01a2e404c697962623,dfine_sahi,105067.0,monitor_or_bezel,0.5979,795.02,2.33,844.06,44.44,2065.0,49.03,42.11,1.164,False,,True,unattributed,18,evt_S-61_upper_body_0018,c4c93bc251980e50,native_source_context_fallback,wrist_confidence_below_floor,9606.9,6.52,,1,cam12/e1/v1,rtmpose_baseline
full,03.CCTV Mobile Usage.mkv,632de9ed55947761d56d4c6142a3cb1a1fe69d0b1a6d0e01a2e404c697962623,dfine_sahi,105067.0,bag,0.4682,838.12,47.16,912.51,96.47,3668.1,74.39,49.31,1.509,False,,True,unattributed,18,evt_S-61_upper_body_0018,c4c93bc251980e50,native_source_context_fallback,wrist_confidence_below_floor,9606.9,6.52,,1,cam12/e1/v1,rtmpose_baseline
full,03.CCTV Mobile Usage.mkv,632de9ed55947761d56d4c6142a3cb1a1fe69d0b1a6d0e01a2e404c697962623,dfine_sahi,105067.0,monitor_or_bezel,0.416,795.03,29.05,843.53,44.66,757.1,48.5,15.61,3.107,False,,True,unattributed,18,evt_S-61_upper_body_0018,c4c93bc251980e50,native_source_context_fallback,wrist_confidence_below_floor,9606.9,6.52,,1,cam12/e1/v1,rtmpose_baseline
full,03.CCTV Mobile Usage.mkv,632de9ed55947761d56d4c6142a3cb1a1fe69d0b1a6d0e01a2e404c697962623,dfine_sahi,105067.0,unknown_object,0.3112,831.26,84.0,913.6,104.51,1689.5,82.34,20.52,4.013,False,,True,unattributed,18,evt_S-61_upper_body_0018,c4c93bc251980e50,native_source_context_fallback,wrist_confidence_below_floor,9606.9,6.52,,1,cam12/e1/v1,rtmpose_baseline
full,03.CCTV Mobile Usage.mkv,632de9ed55947761d56d4c6142a3cb1a1fe69d0b1a6d0e01a2e404c697962623,dfine_sahi,105067.0,bag,0.2953,872.4,52.97,898.17,90.86,976.3,25.77,37.89,0.68,False,,True,unattributed,18,evt_S-61_upper_body_0018,c4c93bc251980e50,native_source_context_fallback,wrist_confidence_below_floor,9606.9,6.52,,1,cam12/e1/v1,rtmpose_baseline
full,03.CCTV Mobile Usage.mkv,632de9ed55947761d56d4c6142a3cb1a1fe69d0b1a6d0e01a2e404c697962623,dfine_sahi,105067.0,unknown_object,0.2907,815.09,38.18,913.83,104.26,6524.5,98.73,66.08,1.494,False,,True,unattributed,18,evt_S-61_upper_body_0018,c4c93bc251980e50,native_source_context_fallback,wrist_confidence_below_floor,9606.9,6.52,,1,cam12/e1/v1,rtmpose_baseline
full,03.CCTV Mobile Usage.mkv,632de9ed55947761d56d4c6142a3cb1a1fe69d0b1a6d0e01a2e404c697962623,dfine_sahi,105067.0,phone,0.2667,847.65,83.02,859.91,87.11,50.1,12.26,4.09,2.999,True,object footprint 50 px is under the 120 px floor for a call,False,unattributed,18,evt_S-61_upper_body_0018,c4c93bc251980e50,native_source_context_fallback,wrist_confidence_below_floor,9606.9,6.52,,1,cam12/e1/v1,rtmpose_baseline
full,03.CCTV Mobile Usage.mkv,632de9ed55947761d56d4c6142a3cb1a1fe69d0b1a6d0e01a2e404c697962623,dfine_sahi,105067.0,unknown_object,0.2653,838.08,83.29,933.37,124.78,3954.3,95.29,41.5,2.296,False,,True,unattributed,18,evt_S-61_upper_body_0018,c4c93bc251980e50,native_source_context_fallback,wrist_confidence_below_floor,9606.9,6.52,,1,cam12/e1/v1,rtmpose_baseline
full,03.CCTV Mobile Usage.mkv,632de9ed55947761d56d4c6142a3cb1a1fe69d0b1a6d0e01a2e404c697962623,dfine_sahi,105067.0,bag,0.2625,876.91,49.66,913.0,95.93,1669.9,36.09,46.27,0.78,False,,True,unattributed,18,evt_S-61_upper_body_0018,c4c93bc251980e50,native_source_context_fallback,wrist_confidence_below_floor,9606.9,6.52,,1,cam12/e1/v1,rtmpose_baseline
full,03.CCTV Mobile Usage.mkv,632de9ed55947761d56d4c6142a3cb1a1fe69d0b1a6d0e01a2e404c697962623,dfine_sahi,105500.0,keyboard,0.9097,962.17,451.92,1067.93,491.47,4181.9,105.76,39.54,2.675,False,,True,R-desk,22,evt_S-61_desk_work_surface_0004,1a7ffb919a00e5cd,lap_bag_context,no_pose_observation,34560.0,1.33,,1,cam12/e1/v1,
full,03.CCTV Mobile Usage.mkv,632de9ed55947761d56d4c6142a3cb1a1fe69d0b1a6d0e01a2e404c697962623,dfine_sahi,105500.0,mouse,0.7694,864.9,413.49,891.31,435.27,575.1,26.41,21.78,1.213,False,,True,R-desk,22,evt_S-61_desk_work_surface_0004,1a7ffb919a00e5cd,lap_bag_context,no_pose_observation,34560.0,1.33,,1,cam12/e1/v1,
full,03.CCTV Mobile Usage.mkv,632de9ed55947761d56d4c6142a3cb1a1fe69d0b1a6d0e01a2e404c697962623,dfine_sahi,105500.0,monitor_or_bezel,0.7654,910.16,411.26,1141.87,506.33,22029.8,231.71,95.08,2.437,False,,True,R-desk,22,evt_S-61_desk_work_surface_0004,1a7ffb919a00e5cd,lap_bag_context,no_pose_observation,34560.0,1.33,,1,cam12/e1/v1,
full,03.CCTV Mobile Usage.mkv,632de9ed55947761d56d4c6142a3cb1a1fe69d0b1a6d0e01a2e404c697962623,dfine_sahi,105500.0,phone,0.7612,1043.38,421.83,1111.87,473.92,3567.1,68.49,52.08,1.315,False,,True,R-desk,22,evt_S-61_desk_work_surface_0004,1a7ffb919a00e5cd,lap_bag_context,no_pose_observation,34560.0,1.33,,1,cam12/e1/v1,
full,03.CCTV Mobile Usage.mkv,632de9ed55947761d56d4c6142a3cb1a1fe69d0b1a6d0e01a2e404c697962623,dfine_sahi,105500.0,keyboard,0.756,772.32,380.15,870.57,420.29,3943.2,98.25,40.13,2.448,False,,True,R-desk,22,evt_S-61_desk_work_surface_0004,1a7ffb919a00e5cd,lap_bag_context,no_pose_observation,34560.0,1.33,,1,cam12/e1/v1,
full,03.CCTV Mobile Usage.mkv,632de9ed55947761d56d4c6142a3cb1a1fe69d0b1a6d0e01a2e404c697962623,dfine_sahi,105500.0,unknown_object,0.7345,699.87,396.21,847.68,491.96,14151.2,147.81,95.74,1.544,False,,True,R-desk,22,evt_S-61_desk_work_surface_0004,1a7ffb919a00e5cd,lap_bag_context,no_pose_observation,34560.0,1.33,,1,cam12/e1/v1,
full,03.CCTV Mobile Usage.mkv,632de9ed55947761d56d4c6142a3cb1a1fe69d0b1a6d0e01a2e404c697962623,dfine_sahi,105500.0,monitor_or_bezel,0.6784,1018.6,395.8,1146.01,448.07,6660.4,127.41,52.27,2.437,False,,True,R-desk,22,evt_S-61_desk_work_surface_0004,1a7ffb919a00e5cd,lap_bag_context,no_pose_observation,34560.0,1.33,,1,cam12/e1/v1,
full,03.CCTV Mobile Usage.mkv,632de9ed55947761d56d4c6142a3cb1a1fe69d0b1a6d0e01a2e404c697962623,dfine_sahi,105500.0,monitor_or_bezel,0.6389,963.02,380.48,1152.87,474.93,17931.3,189.85,94.45,2.01,False,,True,R-desk,22,evt_S-61_desk_work_surface_0004,1a7ffb919a00e5cd,lap_bag_context,no_pose_observation,34560.0,1.33,,1,cam12/e1/v1,
full,03.CCTV Mobile Usage.mkv,632de9ed55947761d56d4c6142a3cb1a1fe69d0b1a6d0e01a2e404c697962623,dfine_sahi,105500.0,keyboard,0.6145,963.1,452.26,1034.19,475.53,1654.0,71.09,23.26,3.056,False,,True,R-desk,22,evt_S-61_desk_work_surface_0004,1a7ffb919a00e5cd,lap_bag_context,no_pose_observation,34560.0,1.33,,1,cam12/e1/v1,
full,03.CCTV Mobile Usage.mkv,632de9ed55947761d56d4c6142a3cb1a1fe69d0b1a6d0e01a2e404c697962623,dfine_sahi,105500.0,keyboard,0.5623,802.53,396.27,870.85,420.6,1662.9,68.33,24.34,2.808,False,,True,R-desk,22,evt_S-61_desk_work_surface_0004,1a7ffb919a00e5cd,lap_bag_context,no_pose_observation,34560.0,1.33,,1,cam12/e1/v1,
full,03.CCTV Mobile Usage.mkv,632de9ed55947761d56d4c6142a3cb1a1fe69d0b1a6d0e01a2e404c697962623,dfine_sahi,105500.0,monitor_or_bezel,0.5446,706.44,379.9,969.19,474.78,24928.5,262.74,94.88,2.769,False,,True,R-desk,22,evt_S-61_desk_work_surface_0004,1a7ffb919a00e5cd,lap_bag_context,no_pose_observation,34560.0,1.33,,1,cam12/e1/v1,
full,03.CCTV Mobile Usage.mkv,632de9ed55947761d56d4c6142a3cb1a1fe69d0b1a6d0e01a2e404c697962623,dfine_sahi,105500.0,unknown_object,0.5016,761.7,410.97,969.8,505.95,19767.3,208.1,94.99,2.191,False,,True,R-desk,22,evt_S-61_desk_work_surface_0004,1a7ffb919a00e5cd,lap_bag_context,no_pose_observation,34560.0,1.33,,1,cam12/e1/v1,
full,03.CCTV Mobile Usage.mkv,632de9ed55947761d56d4c6142a3cb1a1fe69d0b1a6d0e01a2e404c697962623,dfine_sahi,105500.0,unknown_object,0.4763,700.01,380.57,759.1,474.96,5577.8,59.1,94.39,0.626,False,,True,R-desk,22,evt_S-61_desk_work_surface_0004,1a7ffb919a00e5cd,lap_bag_context,no_pose_observation,34560.0,1.33,,1,cam12/e1/v1,
full,03.CCTV Mobile Usage.mkv,632de9ed55947761d56d4c6142a3cb1a1fe69d0b1a6d0e01a2e404c697962623,dfine_sahi,105500.0,keyboard,0.3426,910.11,411.48,1092.76,506.16,17294.2,182.65,94.68,1.929,False,,True,R-desk,22,evt_S-61_desk_work_surface_0004,1a7ffb919a00e5cd,lap_bag_context,no_pose_observation,34560.0,1.33,,1,cam12/e1/v1,
full,03.CCTV Mobile Usage.mkv,632de9ed55947761d56d4c6142a3cb1a1fe69d0b1a6d0e01a2e404c697962623,dfine_sahi,105500.0,mouse,0.3262,967.1,398.43,991.94,410.65,303.6,24.85,12.22,2.033,False,,True,R-desk,22,evt_S-61_desk_work_surface_0004,1a7ffb919a00e5cd,lap_bag_context,no_pose_observation,34560.0,1.33,,1,cam12/e1/v1,
full,03.CCTV Mobile Usage.mkv,632de9ed55947761d56d4c6142a3cb1a1fe69d0b1a6d0e01a2e404c697962623,dfine_sahi,105500.0,monitor_or_bezel,0.3256,881.23,396.15,949.19,452.65,3839.7,67.96,56.5,1.203,False,,True,R-desk,22,evt_S-61_desk_work_surface_0004,1a7ffb919a00e5cd,lap_bag_context,no_pose_observation,34560.0,1.33,,1,cam12/e1/v1,
full,03.CCTV Mobile Usage.mkv,632de9ed55947761d56d4c6142a3cb1a1fe69d0b1a6d0e01a2e404c697962623,dfine_sahi,105500.0,phone,0.3032,1051.49,411.38,1140.11,446.79,3137.4,88.62,35.4,2.503,False,,True,R-desk,22,evt_S-61_desk_work_surface_0004,1a7ffb919a00e5cd,lap_bag_context,no_pose_observation,34560.0,1.33,,1,cam12/e1/v1,
full,03.CCTV Mobile Usage.mkv,632de9ed55947761d56d4c6142a3cb1a1fe69d0b1a6d0e01a2e404c697962623,dfine_sahi,105500.0,keyboard,0.2995,963.89,397.27,1094.71,474.93,10159.4,130.82,77.66,1.685,False,,True,R-desk,22,evt_S-61_desk_work_surface_0004,1a7ffb919a00e5cd,lap_bag_context,no_pose_observation,34560.0,1.33,,1,cam12/e1/v1,
full,03.CCTV Mobile Usage.mkv,632de9ed55947761d56d4c6142a3cb1a1fe69d0b1a6d0e01a2e404c697962623,dfine_sahi,105500.0,unknown_object,0.2878,878.52,411.33,969.91,505.85,8638.3,91.4,94.52,0.967,False,,True,R-desk,22,evt_S-61_desk_work_surface_0004,1a7ffb919a00e5cd,lap_bag_context,no_pose_observation,34560.0,1.33,,1,cam12/e1/v1,
full,03.CCTV Mobile Usage.mkv,632de9ed55947761d56d4c6142a3cb1a1fe69d0b1a6d0e01a2e404c697962623,dfine_sahi,105500.0,mouse,0.2601,990.87,399.14,1026.67,413.28,505.9,35.8,14.13,2.534,False,,True,R-desk,22,evt_S-61_desk_work_surface_0004,1a7ffb919a00e5cd,lap_bag_context,no_pose_observation,34560.0,1.33,,1,cam12/e1/v1,
full,03.CCTV Mobile Usage.mkv,632de9ed55947761d56d4c6142a3cb1a1fe69d0b1a6d0e01a2e404c697962623,dfine_sahi,105500.0,keyboard,0.9097,962.17,451.92,1067.93,491.47,4181.9,105.76,39.54,2.675,False,,True,R-desk,21,evt_S-61_desk_work_surface_0004,1a7ffb919a00e5cd,lap_bag_context,no_pose_observation,34560.0,1.33,,1,cam12/e1/v1,
full,03.CCTV Mobile Usage.mkv,632de9ed55947761d56d4c6142a3cb1a1fe69d0b1a6d0e01a2e404c697962623,dfine_sahi,105500.0,mouse,0.7694,864.9,413.49,891.31,435.27,575.1,26.41,21.78,1.213,False,,True,R-desk,21,evt_S-61_desk_work_surface_0004,1a7ffb919a00e5cd,lap_bag_context,no_pose_observation,34560.0,1.33,,1,cam12/e1/v1,
full,03.CCTV Mobile Usage.mkv,632de9ed55947761d56d4c6142a3cb1a1fe69d0b1a6d0e01a2e404c697962623,dfine_sahi,105500.0,monitor_or_bezel,0.7654,910.16,411.26,1141.87,506.33,22029.8,231.71,95.08,2.437,False,,True,R-desk,21,evt_S-61_desk_work_surface_0004,1a7ffb919a00e5cd,lap_bag_context,no_pose_observation,34560.0,1.33,,1,cam12/e1/v1,
full,03.CCTV Mobile Usage.mkv,632de9ed55947761d56d4c6142a3cb1a1fe69d0b1a6d0e01a2e404c697962623,dfine_sahi,105500.0,phone,0.7612,1043.38,421.83,1111.87,473.92,3567.1,68.49,52.08,1.315,False,,True,R-desk,21,evt_S-61_desk_work_surface_0004,1a7ffb919a00e5cd,lap_bag_context,no_pose_observation,34560.0,1.33,,1,cam12/e1/v1,
full,03.CCTV Mobile Usage.mkv,632de9ed55947761d56d4c6142a3cb1a1fe69d0b1a6d0e01a2e404c697962623,dfine_sahi,105500.0,keyboard,0.756,772.32,380.15,870.57,420.29,3943.2,98.25,40.13,2.448,False,,True,R-desk,21,evt_S-61_desk_work_surface_0004,1a7ffb919a00e5cd,lap_bag_context,no_pose_observation,34560.0,1.33,,1,cam12/e1/v1,
full,03.CCTV Mobile Usage.mkv,632de9ed55947761d56d4c6142a3cb1a1fe69d0b1a6d0e01a2e404c697962623,dfine_sahi,105500.0,unknown_object,0.7345,699.87,396.21,847.68,491.96,14151.2,147.81,95.74,1.544,False,,True,R-desk,21,evt_S-61_desk_work_surface_0004,1a7ffb919a00e5cd,lap_bag_context,no_pose_observation,34560.0,1.33,,1,cam12/e1/v1,
full,03.CCTV Mobile Usage.mkv,632de9ed55947761d56d4c6142a3cb1a1fe69d0b1a6d0e01a2e404c697962623,dfine_sahi,105500.0,monitor_or_bezel,0.6784,1018.6,395.8,1146.01,448.07,6660.4,127.41,52.27,2.437,False,,True,R-desk,21,evt_S-61_desk_work_surface_0004,1a7ffb919a00e5cd,lap_bag_context,no_pose_observation,34560.0,1.33,,1,cam12/e1/v1,
full,03.CCTV Mobile Usage.mkv,632de9ed55947761d56d4c6142a3cb1a1fe69d0b1a6d0e01a2e404c697962623,dfine_sahi,105500.0,monitor_or_bezel,0.6389,963.02,380.48,1152.87,474.93,17931.3,189.85,94.45,2.01,False,,True,R-desk,21,evt_S-61_desk_work_surface_0004,1a7ffb919a00e5cd,lap_bag_context,no_pose_observation,34560.0,1.33,,1,cam12/e1/v1,
full,03.CCTV Mobile Usage.mkv,632de9ed55947761d56d4c6142a3cb1a1fe69d0b1a6d0e01a2e404c697962623,dfine_sahi,105500.0,keyboard,0.6145,963.1,452.26,1034.19,475.53,1654.0,71.09,23.26,3.056,False,,True,R-desk,21,evt_S-61_desk_work_surface_0004,1a7ffb919a00e5cd,lap_bag_context,no_pose_observation,34560.0,1.33,,1,cam12/e1/v1,
full,03.CCTV Mobile Usage.mkv,632de9ed55947761d56d4c6142a3cb1a1fe69d0b1a6d0e01a2e404c697962623,dfine_sahi,105500.0,keyboard,0.5623,802.53,396.27,870.85,420.6,1662.9,68.33,24.34,2.808,False,,True,R-desk,21,evt_S-61_desk_work_surface_0004,1a7ffb919a00e5cd,lap_bag_context,no_pose_observation,34560.0,1.33,,1,cam12/e1/v1,
full,03.CCTV Mobile Usage.mkv,632de9ed55947761d56d4c6142a3cb1a1fe69d0b1a6d0e01a2e404c697962623,dfine_sahi,105500.0,monitor_or_bezel,0.5446,706.44,379.9,969.19,474.78,24928.5,262.74,94.88,2.769,False,,True,R-desk,21,evt_S-61_desk_work_surface_0004,1a7ffb919a00e5cd,lap_bag_context,no_pose_observation,34560.0,1.33,,1,cam12/e1/v1,
full,03.CCTV Mobile Usage.mkv,632de9ed55947761d56d4c6142a3cb1a1fe69d0b1a6d0e01a2e404c697962623,dfine_sahi,105500.0,unknown_object,0.5016,761.7,410.97,969.8,505.95,19767.3,208.1,94.99,2.191,False,,True,R-desk,21,evt_S-61_desk_work_surface_0004,1a7ffb919a00e5cd,lap_bag_context,no_pose_observation,34560.0,1.33,,1,cam12/e1/v1,
full,03.CCTV Mobile Usage.mkv,632de9ed55947761d56d4c6142a3cb1a1fe69d0b1a6d0e01a2e404c697962623,dfine_sahi,105500.0,unknown_object,0.4763,700.01,380.57,759.1,474.96,5577.8,59.1,94.39,0.626,False,,True,R-desk,21,evt_S-61_desk_work_surface_0004,1a7ffb919a00e5cd,lap_bag_context,no_pose_observation,34560.0,1.33,,1,cam12/e1/v1,
full,03.CCTV Mobile Usage.mkv,632de9ed55947761d56d4c6142a3cb1a1fe69d0b1a6d0e01a2e404c697962623,dfine_sahi,105500.0,keyboard,0.3426,910.11,411.48,1092.76,506.16,17294.2,182.65,94.68,1.929,False,,True,R-desk,21,evt_S-61_desk_work_surface_0004,1a7ffb919a00e5cd,lap_bag_context,no_pose_observation,34560.0,1.33,,1,cam12/e1/v1,
full,03.CCTV Mobile Usage.mkv,632de9ed55947761d56d4c6142a3cb1a1fe69d0b1a6d0e01a2e404c697962623,dfine_sahi,105500.0,mouse,0.3262,967.1,398.43,991.94,410.65,303.6,24.85,12.22,2.033,False,,True,R-desk,21,evt_S-61_desk_work_surface_0004,1a7ffb919a00e5cd,lap_bag_context,no_pose_observation,34560.0,1.33,,1,cam12/e1/v1,
full,03.CCTV Mobile Usage.mkv,632de9ed55947761d56d4c6142a3cb1a1fe69d0b1a6d0e01a2e404c697962623,dfine_sahi,105500.0,monitor_or_bezel,0.3256,881.23,396.15,949.19,452.65,3839.7,67.96,56.5,1.203,False,,True,R-desk,21,evt_S-61_desk_work_surface_0004,1a7ffb919a00e5cd,lap_bag_context,no_pose_observation,34560.0,1.33,,1,cam12/e1/v1,
full,03.CCTV Mobile Usage.mkv,632de9ed55947761d56d4c6142a3cb1a1fe69d0b1a6d0e01a2e404c697962623,dfine_sahi,105500.0,phone,0.3032,1051.49,411.38,1140.11,446.79,3137.4,88.62,35.4,2.503,False,,True,R-desk,21,evt_S-61_desk_work_surface_0004,1a7ffb919a00e5cd,lap_bag_context,no_pose_observation,34560.0,1.33,,1,cam12/e1/v1,
full,03.CCTV Mobile Usage.mkv,632de9ed55947761d56d4c6142a3cb1a1fe69d0b1a6d0e01a2e404c697962623,dfine_sahi,105500.0,keyboard,0.2995,963.89,397.27,1094.71,474.93,10159.4,130.82,77.66,1.685,False,,True,R-desk,21,evt_S-61_desk_work_surface_0004,1a7ffb919a00e5cd,lap_bag_context,no_pose_observation,34560.0,1.33,,1,cam12/e1/v1,
full,03.CCTV Mobile Usage.mkv,632de9ed55947761d56d4c6142a3cb1a1fe69d0b1a6d0e01a2e404c697962623,dfine_sahi,105500.0,unknown_object,0.2878,878.52,411.33,969.91,505.85,8638.3,91.4,94.52,0.967,False,,True,R-desk,21,evt_S-61_desk_work_surface_0004,1a7ffb919a00e5cd,lap_bag_context,no_pose_observation,34560.0,1.33,,1,cam12/e1/v1,
full,03.CCTV Mobile Usage.mkv,632de9ed55947761d56d4c6142a3cb1a1fe69d0b1a6d0e01a2e404c697962623,dfine_sahi,105500.0,mouse,0.2601,990.87,399.14,1026.67,413.28,505.9,35.8,14.13,2.534,False,,True,R-desk,21,evt_S-61_desk_work_surface_0004,1a7ffb919a00e5cd,lap_bag_context,no_pose_observation,34560.0,1.33,,1,cam12/e1/v1,
full,03.CCTV Mobile Usage.mkv,632de9ed55947761d56d4c6142a3cb1a1fe69d0b1a6d0e01a2e404c697962623,dfine_sahi,105500.0,unknown_object,0.6572,111.7,454.34,177.9,521.77,4464.3,66.2,67.44,0.982,False,,True,S-61,17,evt_S-61_desk_work_surface_0004,6bfbb6244c115ab5,pose_hand_context,,54142.5,2.59,,1,cam12/e1/v1,rtmpose_baseline
full,03.CCTV Mobile Usage.mkv,632de9ed55947761d56d4c6142a3cb1a1fe69d0b1a6d0e01a2e404c697962623,dfine_sahi,105500.0,unknown_object,0.6122,38.42,422.14,122.82,473.47,4332.7,84.41,51.33,1.644,False,,True,S-61,17,evt_S-61_desk_work_surface_0004,6bfbb6244c115ab5,pose_hand_context,,54142.5,2.59,,1,cam12/e1/v1,rtmpose_baseline
full,03.CCTV Mobile Usage.mkv,632de9ed55947761d56d4c6142a3cb1a1fe69d0b1a6d0e01a2e404c697962623,dfine_sahi,105500.0,unknown_object,0.5616,-0.05,313.16,122.99,451.43,17012.5,123.04,138.27,0.89,False,,True,S-61,17,evt_S-61_desk_work_surface_0004,6bfbb6244c115ab5,pose_hand_context,,54142.5,2.59,,1,cam12/e1/v1,rtmpose_baseline
full,03.CCTV Mobile Usage.mkv,632de9ed55947761d56d4c6142a3cb1a1fe69d0b1a6d0e01a2e404c697962623,dfine_sahi,105500.0,unknown_object,0.5214,94.9,313.18,218.16,451.55,17056.8,123.27,138.37,0.891,False,,True,S-61,17,evt_S-61_desk_work_surface_0004,6bfbb6244c115ab5,pose_hand_context,,54142.5,2.59,,1,cam12/e1/v1,rtmpose_baseline
full,03.CCTV Mobile Usage.mkv,632de9ed55947761d56d4c6142a3cb1a1fe69d0b1a6d0e01a2e404c697962623,dfine_sahi,105500.0,monitor_or_bezel,0.4024,-0.2,494.93,189.92,560.82,12526.9,190.12,65.89,2.885,False,,True,S-61,17,evt_S-61_desk_work_surface_0004,6bfbb6244c115ab5,pose_hand_context,,54142.5,2.59,,1,cam12/e1/v1,rtmpose_baseline
full,03.CCTV Mobile Usage.mkv,632de9ed55947761d56d4c6142a3cb1a1fe69d0b1a6d0e01a2e404c697962623,dfine_sahi,105500.0,unknown_object,0.3553,-0.04,422.2,123.12,559.93,16964.4,123.17,137.74,0.894,False,,True,S-61,17,evt_S-61_desk_work_surface_0004,6bfbb6244c115ab5,pose_hand_context,,54142.5,2.59,,1,cam12/e1/v1,rtmpose_baseline
full,03.CCTV Mobile Usage.mkv,632de9ed55947761d56d4c6142a3cb1a1fe69d0b1a6d0e01a2e404c697962623,dfine_sahi,105500.0,phone,0.3216,160.33,519.14,217.03,558.97,2258.6,56.71,39.83,1.424,False,,True,S-61,17,evt_S-61_desk_work_surface_0004,6bfbb6244c115ab5,pose_hand_context,,54142.5,2.59,,1,cam12/e1/v1,rtmpose_baseline
full,03.CCTV Mobile Usage.mkv,632de9ed55947761d56d4c6142a3cb1a1fe69d0b1a6d0e01a2e404c697962623,dfine_sahi,105500.0,phone,0.3019,108.06,454.62,178.4,522.18,4752.3,70.35,67.56,1.041,False,,True,S-61,17,evt_S-61_desk_work_surface_0004,6bfbb6244c115ab5,pose_hand_context,,54142.5,2.59,,1,cam12/e1/v1,rtmpose_baseline
full,03.CCTV Mobile Usage.mkv,632de9ed55947761d56d4c6142a3cb1a1fe69d0b1a6d0e01a2e404c697962623,dfine_sahi,105500.0,unknown_object,0.2636,18.5,313.11,109.7,383.2,6392.6,91.2,70.09,1.301,False,,True,S-61,17,evt_S-61_desk_work_surface_0004,6bfbb6244c115ab5,pose_hand_context,,54142.5,2.59,,1,cam12/e1/v1,rtmpose_baseline
full,03.CCTV Mobile Usage.mkv,632de9ed55947761d56d4c6142a3cb1a1fe69d0b1a6d0e01a2e404c697962623,dfine_sahi,105500.0,bag,0.2526,-0.24,342.7,79.97,437.02,7565.1,80.21,94.31,0.85,False,,True,S-61,17,evt_S-61_desk_work_surface_0004,6bfbb6244c115ab5,pose_hand_context,,54142.5,2.59,,1,cam12/e1/v1,rtmpose_baseline
full,03.CCTV Mobile Usage.mkv,632de9ed55947761d56d4c6142a3cb1a1fe69d0b1a6d0e01a2e404c697962623,dfine_sahi,105500.0,unknown_object,0.4757,902.16,49.19,932.83,95.33,1415.1,30.67,46.14,0.665,False,,True,unattributed,18,evt_S-61_desk_work_surface_0004,a1e2587a6f762e63,native_source_context_fallback,wrist_confidence_below_floor,9714.0,6.48,,1,cam12/e1/v1,rtmpose_baseline
full,03.CCTV Mobile Usage.mkv,632de9ed55947761d56d4c6142a3cb1a1fe69d0b1a6d0e01a2e404c697962623,dfine_sahi,105500.0,monitor_or_bezel,0.4709,794.03,2.07,844.18,44.61,2133.3,50.15,42.54,1.179,False,,True,unattributed,18,evt_S-61_desk_work_surface_0004,a1e2587a6f762e63,native_source_context_fallback,wrist_confidence_below_floor,9714.0,6.48,,1,cam12/e1/v1,rtmpose_baseline
full,03.CCTV Mobile Usage.mkv,632de9ed55947761d56d4c6142a3cb1a1fe69d0b1a6d0e01a2e404c697962623,dfine_sahi,105500.0,phone,0.3865,847.92,82.92,859.87,87.36,53.1,11.95,4.44,2.69,True,object footprint 53 px is under the 120 px floor for a call,False,unattributed,18,evt_S-61_desk_work_surface_0004,a1e2587a6f762e63,native_source_context_fallback,wrist_confidence_below_floor,9714.0,6.48,,1,cam12/e1/v1,rtmpose_baseline
full,03.CCTV Mobile Usage.mkv,632de9ed55947761d56d4c6142a3cb1a1fe69d0b1a6d0e01a2e404c697962623,dfine_sahi,105500.0,monitor_or_bezel,0.37,794.09,29.04,843.93,45.06,798.0,49.84,16.01,3.112,False,,True,unattributed,18,evt_S-61_desk_work_surface_0004,a1e2587a6f762e63,native_source_context_fallback,wrist_confidence_below_floor,9714.0,6.48,,1,cam12/e1/v1,rtmpose_baseline
full,03.CCTV Mobile Usage.mkv,632de9ed55947761d56d4c6142a3cb1a1fe69d0b1a6d0e01a2e404c697962623,dfine_sahi,105500.0,unknown_object,0.3426,831.41,84.09,912.76,104.9,1693.0,81.35,20.81,3.909,False,,True,unattributed,18,evt_S-61_desk_work_surface_0004,a1e2587a6f762e63,native_source_context_fallback,wrist_confidence_below_floor,9714.0,6.48,,1,cam12/e1/v1,rtmpose_baseline
full,03.CCTV Mobile Usage.mkv,632de9ed55947761d56d4c6142a3cb1a1fe69d0b1a6d0e01a2e404c697962623,dfine_sahi,105500.0,unknown_object,0.3069,815.11,40.47,912.95,104.75,6289.1,97.83,64.28,1.522,False,,True,unattributed,18,evt_S-61_desk_work_surface_0004,a1e2587a6f762e63,native_source_context_fallback,wrist_confidence_below_floor,9714.0,6.48,,1,cam12/e1/v1,rtmpose_baseline
full,03.CCTV Mobile Usage.mkv,632de9ed55947761d56d4c6142a3cb1a1fe69d0b1a6d0e01a2e404c697962623,dfine_sahi,105500.0,bag,0.2931,902.41,49.68,932.63,82.72,998.6,30.22,33.04,0.915,False,,True,unattributed,18,evt_S-61_desk_work_surface_0004,a1e2587a6f762e63,native_source_context_fallback,wrist_confidence_below_floor,9714.0,6.48,,1,cam12/e1/v1,rtmpose_baseline
full,03.CCTV Mobile Usage.mkv,632de9ed55947761d56d4c6142a3cb1a1fe69d0b1a6d0e01a2e404c697962623,dfine_sahi,105500.0,bag,0.2833,877.88,53.92,898.3,92.03,778.3,20.42,38.11,0.536,False,,True,unattributed,18,evt_S-61_desk_work_surface_0004,a1e2587a6f762e63,native_source_context_fallback,wrist_confidence_below_floor,9714.0,6.48,,1,cam12/e1/v1,rtmpose_baseline
full,03.CCTV Mobile Usage.mkv,632de9ed55947761d56d4c6142a3cb1a1fe69d0b1a6d0e01a2e404c697962623,dfine_sahi,105500.0,bag,0.261,793.99,2.04,844.16,87.19,4271.8,50.17,85.15,0.589,False,,True,unattributed,18,evt_S-61_desk_work_surface_0004,a1e2587a6f762e63,native_source_context_fallback,wrist_confidence_below_floor,9714.0,6.48,,1,cam12/e1/v1,rtmpose_baseline
full,03.CCTV Mobile Usage.mkv,632de9ed55947761d56d4c6142a3cb1a1fe69d0b1a6d0e01a2e404c697962623,dfine_sahi,105500.0,unknown_object,0.6131,542.17,51.61,574.07,91.0,1257.0,31.91,39.4,0.81,False,,True,unattributed,23,evt_S-61_desk_work_surface_0004,e7e061d063d353a8,native_source_context_fallback,no_pose_observation,6388.9,6.87,,1,cam12/e1/v1,
full,03.CCTV Mobile Usage.mkv,632de9ed55947761d56d4c6142a3cb1a1fe69d0b1a6d0e01a2e404c697962623,dfine_sahi,105500.0,phone,0.5051,543.92,18.09,609.78,106.84,5845.2,65.86,88.75,0.742,False,,True,unattributed,23,evt_S-61_desk_work_surface_0004,e7e061d063d353a8,native_source_context_fallback,no_pose_observation,6388.9,6.87,,1,cam12/e1/v1,
full,03.CCTV Mobile Usage.mkv,632de9ed55947761d56d4c6142a3cb1a1fe69d0b1a6d0e01a2e404c697962623,dfine_sahi,105500.0,phone,0.3871,606.22,0.22,637.98,95.49,3025.6,31.76,95.27,0.333,False,,True,unattributed,23,evt_S-61_desk_work_surface_0004,e7e061d063d353a8,native_source_context_fallback,no_pose_observation,6388.9,6.87,,1,cam12/e1/v1,
full,03.CCTV Mobile Usage.mkv,632de9ed55947761d56d4c6142a3cb1a1fe69d0b1a6d0e01a2e404c697962623,dfine_sahi,105500.0,phone,0.3666,567.47,53.06,606.82,95.43,1667.7,39.36,42.37,0.929,False,,True,unattributed,23,evt_S-61_desk_work_surface_0004,e7e061d063d353a8,native_source_context_fallback,no_pose_observation,6388.9,6.87,,1,cam12/e1/v1,
full,03.CCTV Mobile Usage.mkv,632de9ed55947761d56d4c6142a3cb1a1fe69d0b1a6d0e01a2e404c697962623,dfine_sahi,105500.0,unknown_object,0.3622,512.15,51.37,607.48,107.1,5313.1,95.33,55.73,1.71,False,,True,unattributed,23,evt_S-61_desk_work_surface_0004,e7e061d063d353a8,native_source_context_fallback,no_pose_observation,6388.9,6.87,,1,cam12/e1/v1,
full,03.CCTV Mobile Usage.mkv,632de9ed55947761d56d4c6142a3cb1a1fe69d0b1a6d0e01a2e404c697962623,dfine_sahi,105500.0,bag,0.3603,543.29,18.12,607.72,106.5,5694.3,64.43,88.38,0.729,False,,True,unattributed,23,evt_S-61_desk_work_surface_0004,e7e061d063d353a8,native_source_context_fallback,no_pose_observation,6388.9,6.87,,1,cam12/e1/v1,
full,03.CCTV Mobile Usage.mkv,632de9ed55947761d56d4c6142a3cb1a1fe69d0b1a6d0e01a2e404c697962623,dfine_sahi,105500.0,bag,0.3553,546.64,18.16,606.3,56.13,2266.0,59.67,37.98,1.571,False,,True,unattributed,23,evt_S-61_desk_work_surface_0004,e7e061d063d353a8,native_source_context_fallback,no_pose_observation,6388.9,6.87,,1,cam12/e1/v1,
full,03.CCTV Mobile Usage.mkv,632de9ed55947761d56d4c6142a3cb1a1fe69d0b1a6d0e01a2e404c697962623,dfine_sahi,105500.0,unknown_object,0.3086,563.77,52.83,606.74,105.52,2264.2,42.97,52.69,0.816,False,,True,unattributed,23,evt_S-61_desk_work_surface_0004,e7e061d063d353a8,native_source_context_fallback,no_pose_observation,6388.9,6.87,,1,cam12/e1/v1,
full,03.CCTV Mobile Usage.mkv,632de9ed55947761d56d4c6142a3cb1a1fe69d0b1a6d0e01a2e404c697962623,dfine_sahi,105500.0,unknown_object,0.2925,527.01,18.82,547.28,82.55,1291.6,20.27,63.73,0.318,False,,True,unattributed,23,evt_S-61_desk_work_surface_0004,e7e061d063d353a8,native_source_context_fallback,no_pose_observation,6388.9,6.87,,1,cam12/e1/v1,
full,03.CCTV Mobile Usage.mkv,632de9ed55947761d56d4c6142a3cb1a1fe69d0b1a6d0e01a2e404c697962623,dfine_sahi,105567.0,unknown_object,0.6572,111.7,454.34,177.9,521.77,4464.3,66.2,67.44,0.982,False,,True,S-61,17,evt_S-61_upper_body_0018,235fce8f71771c00,pose_hand_context,,54142.5,2.59,,1,cam12/e1/v1,rtmpose_baseline
full,03.CCTV Mobile Usage.mkv,632de9ed55947761d56d4c6142a3cb1a1fe69d0b1a6d0e01a2e404c697962623,dfine_sahi,105567.0,unknown_object,0.6122,38.42,422.14,122.82,473.47,4332.7,84.41,51.33,1.644,False,,True,S-61,17,evt_S-61_upper_body_0018,235fce8f71771c00,pose_hand_context,,54142.5,2.59,,1,cam12/e1/v1,rtmpose_baseline
full,03.CCTV Mobile Usage.mkv,632de9ed55947761d56d4c6142a3cb1a1fe69d0b1a6d0e01a2e404c697962623,dfine_sahi,105567.0,unknown_object,0.5616,-0.05,313.16,122.99,451.43,17012.5,123.04,138.27,0.89,False,,True,S-61,17,evt_S-61_upper_body_0018,235fce8f71771c00,pose_hand_context,,54142.5,2.59,,1,cam12/e1/v1,rtmpose_baseline
full,03.CCTV Mobile Usage.mkv,632de9ed55947761d56d4c6142a3cb1a1fe69d0b1a6d0e01a2e404c697962623,dfine_sahi,105567.0,unknown_object,0.5214,94.9,313.18,218.16,451.55,17056.8,123.27,138.37,0.891,False,,True,S-61,17,evt_S-61_upper_body_0018,235fce8f71771c00,pose_hand_context,,54142.5,2.59,,1,cam12/e1/v1,rtmpose_baseline
full,03.CCTV Mobile Usage.mkv,632de9ed55947761d56d4c6142a3cb1a1fe69d0b1a6d0e01a2e404c697962623,dfine_sahi,105567.0,monitor_or_bezel,0.4024,-0.2,494.93,189.92,560.82,12526.9,190.12,65.89,2.885,False,,True,S-61,17,evt_S-61_upper_body_0018,235fce8f71771c00,pose_hand_context,,54142.5,2.59,,1,cam12/e1/v1,rtmpose_baseline
full,03.CCTV Mobile Usage.mkv,632de9ed55947761d56d4c6142a3cb1a1fe69d0b1a6d0e01a2e404c697962623,dfine_sahi,105567.0,unknown_object,0.3553,-0.04,422.2,123.12,559.93,16964.4,123.17,137.74,0.894,False,,True,S-61,17,evt_S-61_upper_body_0018,235fce8f71771c00,pose_hand_context,,54142.5,2.59,,1,cam12/e1/v1,rtmpose_baseline
full,03.CCTV Mobile Usage.mkv,632de9ed55947761d56d4c6142a3cb1a1fe69d0b1a6d0e01a2e404c697962623,dfine_sahi,105567.0,phone,0.3216,160.33,519.14,217.03,558.97,2258.6,56.71,39.83,1.424,False,,True,S-61,17,evt_S-61_upper_body_0018,235fce8f71771c00,pose_hand_context,,54142.5,2.59,,1,cam12/e1/v1,rtmpose_baseline
full,03.CCTV Mobile Usage.mkv,632de9ed55947761d56d4c6142a3cb1a1fe69d0b1a6d0e01a2e404c697962623,dfine_sahi,105567.0,phone,0.3019,108.06,454.62,178.4,522.18,4752.3,70.35,67.56,1.041,False,,True,S-61,17,evt_S-61_upper_body_0018,235fce8f71771c00,pose_hand_context,,54142.5,2.59,,1,cam12/e1/v1,rtmpose_baseline
full,03.CCTV Mobile Usage.mkv,632de9ed55947761d56d4c6142a3cb1a1fe69d0b1a6d0e01a2e404c697962623,dfine_sahi,105567.0,unknown_object,0.2636,18.5,313.11,109.7,383.2,6392.6,91.2,70.09,1.301,False,,True,S-61,17,evt_S-61_upper_body_0018,235fce8f71771c00,pose_hand_context,,54142.5,2.59,,1,cam12/e1/v1,rtmpose_baseline
full,03.CCTV Mobile Usage.mkv,632de9ed55947761d56d4c6142a3cb1a1fe69d0b1a6d0e01a2e404c697962623,dfine_sahi,105567.0,bag,0.2526,-0.24,342.7,79.97,437.02,7565.1,80.21,94.31,0.85,False,,True,S-61,17,evt_S-61_upper_body_0018,235fce8f71771c00,pose_hand_context,,54142.5,2.59,,1,cam12/e1/v1,rtmpose_baseline
full,03.CCTV Mobile Usage.mkv,632de9ed55947761d56d4c6142a3cb1a1fe69d0b1a6d0e01a2e404c697962623,dfine_sahi,105567.0,keyboard,0.9097,962.17,451.92,1067.93,491.47,4181.9,105.76,39.54,2.675,False,,True,R-desk,21,evt_S-61_upper_body_0018,3a5a1de67b46fed4,lap_bag_context,wrist_confidence_below_floor,34560.0,1.33,,1,cam12/e1/v1,rtmpose_baseline
full,03.CCTV Mobile Usage.mkv,632de9ed55947761d56d4c6142a3cb1a1fe69d0b1a6d0e01a2e404c697962623,dfine_sahi,105567.0,mouse,0.7694,864.9,413.49,891.31,435.27,575.1,26.41,21.78,1.213,False,,True,R-desk,21,evt_S-61_upper_body_0018,3a5a1de67b46fed4,lap_bag_context,wrist_confidence_below_floor,34560.0,1.33,,1,cam12/e1/v1,rtmpose_baseline
full,03.CCTV Mobile Usage.mkv,632de9ed55947761d56d4c6142a3cb1a1fe69d0b1a6d0e01a2e404c697962623,dfine_sahi,105567.0,monitor_or_bezel,0.7654,910.16,411.26,1141.87,506.33,22029.8,231.71,95.08,2.437,False,,True,R-desk,21,evt_S-61_upper_body_0018,3a5a1de67b46fed4,lap_bag_context,wrist_confidence_below_floor,34560.0,1.33,,1,cam12/e1/v1,rtmpose_baseline
full,03.CCTV Mobile Usage.mkv,632de9ed55947761d56d4c6142a3cb1a1fe69d0b1a6d0e01a2e404c697962623,dfine_sahi,105567.0,phone,0.7612,1043.38,421.83,1111.87,473.92,3567.1,68.49,52.08,1.315,False,,True,R-desk,21,evt_S-61_upper_body_0018,3a5a1de67b46fed4,lap_bag_context,wrist_confidence_below_floor,34560.0,1.33,,1,cam12/e1/v1,rtmpose_baseline
full,03.CCTV Mobile Usage.mkv,632de9ed55947761d56d4c6142a3cb1a1fe69d0b1a6d0e01a2e404c697962623,dfine_sahi,105567.0,keyboard,0.756,772.32,380.15,870.57,420.29,3943.2,98.25,40.13,2.448,False,,True,R-desk,21,evt_S-61_upper_body_0018,3a5a1de67b46fed4,lap_bag_context,wrist_confidence_below_floor,34560.0,1.33,,1,cam12/e1/v1,rtmpose_baseline
full,03.CCTV Mobile Usage.mkv,632de9ed55947761d56d4c6142a3cb1a1fe69d0b1a6d0e01a2e404c697962623,dfine_sahi,105567.0,unknown_object,0.7345,699.87,396.21,847.68,491.96,14151.2,147.81,95.74,1.544,False,,True,R-desk,21,evt_S-61_upper_body_0018,3a5a1de67b46fed4,lap_bag_context,wrist_confidence_below_floor,34560.0,1.33,,1,cam12/e1/v1,rtmpose_baseline
full,03.CCTV Mobile Usage.mkv,632de9ed55947761d56d4c6142a3cb1a1fe69d0b1a6d0e01a2e404c697962623,dfine_sahi,105567.0,monitor_or_bezel,0.6784,1018.6,395.8,1146.01,448.07,6660.4,127.41,52.27,2.437,False,,True,R-desk,21,evt_S-61_upper_body_0018,3a5a1de67b46fed4,lap_bag_context,wrist_confidence_below_floor,34560.0,1.33,,1,cam12/e1/v1,rtmpose_baseline
full,03.CCTV Mobile Usage.mkv,632de9ed55947761d56d4c6142a3cb1a1fe69d0b1a6d0e01a2e404c697962623,dfine_sahi,105567.0,monitor_or_bezel,0.6389,963.02,380.48,1152.87,474.93,17931.3,189.85,94.45,2.01,False,,True,R-desk,21,evt_S-61_upper_body_0018,3a5a1de67b46fed4,lap_bag_context,wrist_confidence_below_floor,34560.0,1.33,,1,cam12/e1/v1,rtmpose_baseline
full,03.CCTV Mobile Usage.mkv,632de9ed55947761d56d4c6142a3cb1a1fe69d0b1a6d0e01a2e404c697962623,dfine_sahi,105567.0,keyboard,0.6145,963.1,452.26,1034.19,475.53,1654.0,71.09,23.26,3.056,False,,True,R-desk,21,evt_S-61_upper_body_0018,3a5a1de67b46fed4,lap_bag_context,wrist_confidence_below_floor,34560.0,1.33,,1,cam12/e1/v1,rtmpose_baseline
full,03.CCTV Mobile Usage.mkv,632de9ed55947761d56d4c6142a3cb1a1fe69d0b1a6d0e01a2e404c697962623,dfine_sahi,105567.0,keyboard,0.5623,802.53,396.27,870.85,420.6,1662.9,68.33,24.34,2.808,False,,True,R-desk,21,evt_S-61_upper_body_0018,3a5a1de67b46fed4,lap_bag_context,wrist_confidence_below_floor,34560.0,1.33,,1,cam12/e1/v1,rtmpose_baseline
full,03.CCTV Mobile Usage.mkv,632de9ed55947761d56d4c6142a3cb1a1fe69d0b1a6d0e01a2e404c697962623,dfine_sahi,105567.0,monitor_or_bezel,0.5446,706.44,379.9,969.19,474.78,24928.5,262.74,94.88,2.769,False,,True,R-desk,21,evt_S-61_upper_body_0018,3a5a1de67b46fed4,lap_bag_context,wrist_confidence_below_floor,34560.0,1.33,,1,cam12/e1/v1,rtmpose_baseline
full,03.CCTV Mobile Usage.mkv,632de9ed55947761d56d4c6142a3cb1a1fe69d0b1a6d0e01a2e404c697962623,dfine_sahi,105567.0,unknown_object,0.5016,761.7,410.97,969.8,505.95,19767.3,208.1,94.99,2.191,False,,True,R-desk,21,evt_S-61_upper_body_0018,3a5a1de67b46fed4,lap_bag_context,wrist_confidence_below_floor,34560.0,1.33,,1,cam12/e1/v1,rtmpose_baseline
full,03.CCTV Mobile Usage.mkv,632de9ed55947761d56d4c6142a3cb1a1fe69d0b1a6d0e01a2e404c697962623,dfine_sahi,105567.0,unknown_object,0.4763,700.01,380.57,759.1,474.96,5577.8,59.1,94.39,0.626,False,,True,R-desk,21,evt_S-61_upper_body_0018,3a5a1de67b46fed4,lap_bag_context,wrist_confidence_below_floor,34560.0,1.33,,1,cam12/e1/v1,rtmpose_baseline
full,03.CCTV Mobile Usage.mkv,632de9ed55947761d56d4c6142a3cb1a1fe69d0b1a6d0e01a2e404c697962623,dfine_sahi,105567.0,keyboard,0.3426,910.11,411.48,1092.76,506.16,17294.2,182.65,94.68,1.929,False,,True,R-desk,21,evt_S-61_upper_body_0018,3a5a1de67b46fed4,lap_bag_context,wrist_confidence_below_floor,34560.0,1.33,,1,cam12/e1/v1,rtmpose_baseline
full,03.CCTV Mobile Usage.mkv,632de9ed55947761d56d4c6142a3cb1a1fe69d0b1a6d0e01a2e404c697962623,dfine_sahi,105567.0,mouse,0.3262,967.1,398.43,991.94,410.65,303.6,24.85,12.22,2.033,False,,True,R-desk,21,evt_S-61_upper_body_0018,3a5a1de67b46fed4,lap_bag_context,wrist_confidence_below_floor,34560.0,1.33,,1,cam12/e1/v1,rtmpose_baseline
full,03.CCTV Mobile Usage.mkv,632de9ed55947761d56d4c6142a3cb1a1fe69d0b1a6d0e01a2e404c697962623,dfine_sahi,105567.0,monitor_or_bezel,0.3256,881.23,396.15,949.19,452.65,3839.7,67.96,56.5,1.203,False,,True,R-desk,21,evt_S-61_upper_body_0018,3a5a1de67b46fed4,lap_bag_context,wrist_confidence_below_floor,34560.0,1.33,,1,cam12/e1/v1,rtmpose_baseline
full,03.CCTV Mobile Usage.mkv,632de9ed55947761d56d4c6142a3cb1a1fe69d0b1a6d0e01a2e404c697962623,dfine_sahi,105567.0,phone,0.3032,1051.49,411.38,1140.11,446.79,3137.4,88.62,35.4,2.503,False,,True,R-desk,21,evt_S-61_upper_body_0018,3a5a1de67b46fed4,lap_bag_context,wrist_confidence_below_floor,34560.0,1.33,,1,cam12/e1/v1,rtmpose_baseline
full,03.CCTV Mobile Usage.mkv,632de9ed55947761d56d4c6142a3cb1a1fe69d0b1a6d0e01a2e404c697962623,dfine_sahi,105567.0,keyboard,0.2995,963.89,397.27,1094.71,474.93,10159.4,130.82,77.66,1.685,False,,True,R-desk,21,evt_S-61_upper_body_0018,3a5a1de67b46fed4,lap_bag_context,wrist_confidence_below_floor,34560.0,1.33,,1,cam12/e1/v1,rtmpose_baseline
full,03.CCTV Mobile Usage.mkv,632de9ed55947761d56d4c6142a3cb1a1fe69d0b1a6d0e01a2e404c697962623,dfine_sahi,105567.0,unknown_object,0.2878,878.52,411.33,969.91,505.85,8638.3,91.4,94.52,0.967,False,,True,R-desk,21,evt_S-61_upper_body_0018,3a5a1de67b46fed4,lap_bag_context,wrist_confidence_below_floor,34560.0,1.33,,1,cam12/e1/v1,rtmpose_baseline
full,03.CCTV Mobile Usage.mkv,632de9ed55947761d56d4c6142a3cb1a1fe69d0b1a6d0e01a2e404c697962623,dfine_sahi,105567.0,mouse,0.2601,990.87,399.14,1026.67,413.28,505.9,35.8,14.13,2.534,False,,True,R-desk,21,evt_S-61_upper_body_0018,3a5a1de67b46fed4,lap_bag_context,wrist_confidence_below_floor,34560.0,1.33,,1,cam12/e1/v1,rtmpose_baseline
full,03.CCTV Mobile Usage.mkv,632de9ed55947761d56d4c6142a3cb1a1fe69d0b1a6d0e01a2e404c697962623,dfine_sahi,105567.0,keyboard,0.9097,962.17,451.92,1067.93,491.47,4181.9,105.76,39.54,2.675,False,,True,R-desk,22,evt_S-61_upper_body_0018,3a5a1de67b46fed4,lap_bag_context,wrist_confidence_below_floor,34560.0,1.33,,1,cam12/e1/v1,rtmpose_baseline
full,03.CCTV Mobile Usage.mkv,632de9ed55947761d56d4c6142a3cb1a1fe69d0b1a6d0e01a2e404c697962623,dfine_sahi,105567.0,mouse,0.7694,864.9,413.49,891.31,435.27,575.1,26.41,21.78,1.213,False,,True,R-desk,22,evt_S-61_upper_body_0018,3a5a1de67b46fed4,lap_bag_context,wrist_confidence_below_floor,34560.0,1.33,,1,cam12/e1/v1,rtmpose_baseline
full,03.CCTV Mobile Usage.mkv,632de9ed55947761d56d4c6142a3cb1a1fe69d0b1a6d0e01a2e404c697962623,dfine_sahi,105567.0,monitor_or_bezel,0.7654,910.16,411.26,1141.87,506.33,22029.8,231.71,95.08,2.437,False,,True,R-desk,22,evt_S-61_upper_body_0018,3a5a1de67b46fed4,lap_bag_context,wrist_confidence_below_floor,34560.0,1.33,,1,cam12/e1/v1,rtmpose_baseline
full,03.CCTV Mobile Usage.mkv,632de9ed55947761d56d4c6142a3cb1a1fe69d0b1a6d0e01a2e404c697962623,dfine_sahi,105567.0,phone,0.7612,1043.38,421.83,1111.87,473.92,3567.1,68.49,52.08,1.315,False,,True,R-desk,22,evt_S-61_upper_body_0018,3a5a1de67b46fed4,lap_bag_context,wrist_confidence_below_floor,34560.0,1.33,,1,cam12/e1/v1,rtmpose_baseline
full,03.CCTV Mobile Usage.mkv,632de9ed55947761d56d4c6142a3cb1a1fe69d0b1a6d0e01a2e404c697962623,dfine_sahi,105567.0,keyboard,0.756,772.32,380.15,870.57,420.29,3943.2,98.25,40.13,2.448,False,,True,R-desk,22,evt_S-61_upper_body_0018,3a5a1de67b46fed4,lap_bag_context,wrist_confidence_below_floor,34560.0,1.33,,1,cam12/e1/v1,rtmpose_baseline
full,03.CCTV Mobile Usage.mkv,632de9ed55947761d56d4c6142a3cb1a1fe69d0b1a6d0e01a2e404c697962623,dfine_sahi,105567.0,unknown_object,0.7345,699.87,396.21,847.68,491.96,14151.2,147.81,95.74,1.544,False,,True,R-desk,22,evt_S-61_upper_body_0018,3a5a1de67b46fed4,lap_bag_context,wrist_confidence_below_floor,34560.0,1.33,,1,cam12/e1/v1,rtmpose_baseline
full,03.CCTV Mobile Usage.mkv,632de9ed55947761d56d4c6142a3cb1a1fe69d0b1a6d0e01a2e404c697962623,dfine_sahi,105567.0,monitor_or_bezel,0.6784,1018.6,395.8,1146.01,448.07,6660.4,127.41,52.27,2.437,False,,True,R-desk,22,evt_S-61_upper_body_0018,3a5a1de67b46fed4,lap_bag_context,wrist_confidence_below_floor,34560.0,1.33,,1,cam12/e1/v1,rtmpose_baseline
full,03.CCTV Mobile Usage.mkv,632de9ed55947761d56d4c6142a3cb1a1fe69d0b1a6d0e01a2e404c697962623,dfine_sahi,105567.0,monitor_or_bezel,0.6389,963.02,380.48,1152.87,474.93,17931.3,189.85,94.45,2.01,False,,True,R-desk,22,evt_S-61_upper_body_0018,3a5a1de67b46fed4,lap_bag_context,wrist_confidence_below_floor,34560.0,1.33,,1,cam12/e1/v1,rtmpose_baseline
full,03.CCTV Mobile Usage.mkv,632de9ed55947761d56d4c6142a3cb1a1fe69d0b1a6d0e01a2e404c697962623,dfine_sahi,105567.0,keyboard,0.6145,963.1,452.26,1034.19,475.53,1654.0,71.09,23.26,3.056,False,,True,R-desk,22,evt_S-61_upper_body_0018,3a5a1de67b46fed4,lap_bag_context,wrist_confidence_below_floor,34560.0,1.33,,1,cam12/e1/v1,rtmpose_baseline
full,03.CCTV Mobile Usage.mkv,632de9ed55947761d56d4c6142a3cb1a1fe69d0b1a6d0e01a2e404c697962623,dfine_sahi,105567.0,keyboard,0.5623,802.53,396.27,870.85,420.6,1662.9,68.33,24.34,2.808,False,,True,R-desk,22,evt_S-61_upper_body_0018,3a5a1de67b46fed4,lap_bag_context,wrist_confidence_below_floor,34560.0,1.33,,1,cam12/e1/v1,rtmpose_baseline
full,03.CCTV Mobile Usage.mkv,632de9ed55947761d56d4c6142a3cb1a1fe69d0b1a6d0e01a2e404c697962623,dfine_sahi,105567.0,monitor_or_bezel,0.5446,706.44,379.9,969.19,474.78,24928.5,262.74,94.88,2.769,False,,True,R-desk,22,evt_S-61_upper_body_0018,3a5a1de67b46fed4,lap_bag_context,wrist_confidence_below_floor,34560.0,1.33,,1,cam12/e1/v1,rtmpose_baseline
full,03.CCTV Mobile Usage.mkv,632de9ed55947761d56d4c6142a3cb1a1fe69d0b1a6d0e01a2e404c697962623,dfine_sahi,105567.0,unknown_object,0.5016,761.7,410.97,969.8,505.95,19767.3,208.1,94.99,2.191,False,,True,R-desk,22,evt_S-61_upper_body_0018,3a5a1de67b46fed4,lap_bag_context,wrist_confidence_below_floor,34560.0,1.33,,1,cam12/e1/v1,rtmpose_baseline
full,03.CCTV Mobile Usage.mkv,632de9ed55947761d56d4c6142a3cb1a1fe69d0b1a6d0e01a2e404c697962623,dfine_sahi,105567.0,unknown_object,0.4763,700.01,380.57,759.1,474.96,5577.8,59.1,94.39,0.626,False,,True,R-desk,22,evt_S-61_upper_body_0018,3a5a1de67b46fed4,lap_bag_context,wrist_confidence_below_floor,34560.0,1.33,,1,cam12/e1/v1,rtmpose_baseline
full,03.CCTV Mobile Usage.mkv,632de9ed55947761d56d4c6142a3cb1a1fe69d0b1a6d0e01a2e404c697962623,dfine_sahi,105567.0,keyboard,0.3426,910.11,411.48,1092.76,506.16,17294.2,182.65,94.68,1.929,False,,True,R-desk,22,evt_S-61_upper_body_0018,3a5a1de67b46fed4,lap_bag_context,wrist_confidence_below_floor,34560.0,1.33,,1,cam12/e1/v1,rtmpose_baseline
full,03.CCTV Mobile Usage.mkv,632de9ed55947761d56d4c6142a3cb1a1fe69d0b1a6d0e01a2e404c697962623,dfine_sahi,105567.0,mouse,0.3262,967.1,398.43,991.94,410.65,303.6,24.85,12.22,2.033,False,,True,R-desk,22,evt_S-61_upper_body_0018,3a5a1de67b46fed4,lap_bag_context,wrist_confidence_below_floor,34560.0,1.33,,1,cam12/e1/v1,rtmpose_baseline
full,03.CCTV Mobile Usage.mkv,632de9ed55947761d56d4c6142a3cb1a1fe69d0b1a6d0e01a2e404c697962623,dfine_sahi,105567.0,monitor_or_bezel,0.3256,881.23,396.15,949.19,452.65,3839.7,67.96,56.5,1.203,False,,True,R-desk,22,evt_S-61_upper_body_0018,3a5a1de67b46fed4,lap_bag_context,wrist_confidence_below_floor,34560.0,1.33,,1,cam12/e1/v1,rtmpose_baseline
full,03.CCTV Mobile Usage.mkv,632de9ed55947761d56d4c6142a3cb1a1fe69d0b1a6d0e01a2e404c697962623,dfine_sahi,105567.0,phone,0.3032,1051.49,411.38,1140.11,446.79,3137.4,88.62,35.4,2.503,False,,True,R-desk,22,evt_S-61_upper_body_0018,3a5a1de67b46fed4,lap_bag_context,wrist_confidence_below_floor,34560.0,1.33,,1,cam12/e1/v1,rtmpose_baseline
full,03.CCTV Mobile Usage.mkv,632de9ed55947761d56d4c6142a3cb1a1fe69d0b1a6d0e01a2e404c697962623,dfine_sahi,105567.0,keyboard,0.2995,963.89,397.27,1094.71,474.93,10159.4,130.82,77.66,1.685,False,,True,R-desk,22,evt_S-61_upper_body_0018,3a5a1de67b46fed4,lap_bag_context,wrist_confidence_below_floor,34560.0,1.33,,1,cam12/e1/v1,rtmpose_baseline
full,03.CCTV Mobile Usage.mkv,632de9ed55947761d56d4c6142a3cb1a1fe69d0b1a6d0e01a2e404c697962623,dfine_sahi,105567.0,unknown_object,0.2878,878.52,411.33,969.91,505.85,8638.3,91.4,94.52,0.967,False,,True,R-desk,22,evt_S-61_upper_body_0018,3a5a1de67b46fed4,lap_bag_context,wrist_confidence_below_floor,34560.0,1.33,,1,cam12/e1/v1,rtmpose_baseline
full,03.CCTV Mobile Usage.mkv,632de9ed55947761d56d4c6142a3cb1a1fe69d0b1a6d0e01a2e404c697962623,dfine_sahi,105567.0,mouse,0.2601,990.87,399.14,1026.67,413.28,505.9,35.8,14.13,2.534,False,,True,R-desk,22,evt_S-61_upper_body_0018,3a5a1de67b46fed4,lap_bag_context,wrist_confidence_below_floor,34560.0,1.33,,1,cam12/e1/v1,rtmpose_baseline
full,03.CCTV Mobile Usage.mkv,632de9ed55947761d56d4c6142a3cb1a1fe69d0b1a6d0e01a2e404c697962623,dfine_sahi,105567.0,unknown_object,0.4757,902.16,49.19,932.83,95.33,1415.1,30.67,46.14,0.665,False,,True,unattributed,18,evt_S-61_upper_body_0018,c59523deb1dfb814,native_source_context_fallback,wrist_confidence_below_floor,9714.0,6.48,,1,cam12/e1/v1,rtmpose_baseline
full,03.CCTV Mobile Usage.mkv,632de9ed55947761d56d4c6142a3cb1a1fe69d0b1a6d0e01a2e404c697962623,dfine_sahi,105567.0,monitor_or_bezel,0.4709,794.03,2.07,844.18,44.61,2133.3,50.15,42.54,1.179,False,,True,unattributed,18,evt_S-61_upper_body_0018,c59523deb1dfb814,native_source_context_fallback,wrist_confidence_below_floor,9714.0,6.48,,1,cam12/e1/v1,rtmpose_baseline
full,03.CCTV Mobile Usage.mkv,632de9ed55947761d56d4c6142a3cb1a1fe69d0b1a6d0e01a2e404c697962623,dfine_sahi,105567.0,phone,0.3865,847.92,82.92,859.87,87.36,53.1,11.95,4.44,2.69,True,object footprint 53 px is under the 120 px floor for a call,False,unattributed,18,evt_S-61_upper_body_0018,c59523deb1dfb814,native_source_context_fallback,wrist_confidence_below_floor,9714.0,6.48,,1,cam12/e1/v1,rtmpose_baseline
full,03.CCTV Mobile Usage.mkv,632de9ed55947761d56d4c6142a3cb1a1fe69d0b1a6d0e01a2e404c697962623,dfine_sahi,105567.0,monitor_or_bezel,0.37,794.09,29.04,843.93,45.06,798.0,49.84,16.01,3.112,False,,True,unattributed,18,evt_S-61_upper_body_0018,c59523deb1dfb814,native_source_context_fallback,wrist_confidence_below_floor,9714.0,6.48,,1,cam12/e1/v1,rtmpose_baseline
full,03.CCTV Mobile Usage.mkv,632de9ed55947761d56d4c6142a3cb1a1fe69d0b1a6d0e01a2e404c697962623,dfine_sahi,105567.0,unknown_object,0.3426,831.41,84.09,912.76,104.9,1693.0,81.35,20.81,3.909,False,,True,unattributed,18,evt_S-61_upper_body_0018,c59523deb1dfb814,native_source_context_fallback,wrist_confidence_below_floor,9714.0,6.48,,1,cam12/e1/v1,rtmpose_baseline
full,03.CCTV Mobile Usage.mkv,632de9ed55947761d56d4c6142a3cb1a1fe69d0b1a6d0e01a2e404c697962623,dfine_sahi,105567.0,unknown_object,0.3069,815.11,40.47,912.95,104.75,6289.1,97.83,64.28,1.522,False,,True,unattributed,18,evt_S-61_upper_body_0018,c59523deb1dfb814,native_source_context_fallback,wrist_confidence_below_floor,9714.0,6.48,,1,cam12/e1/v1,rtmpose_baseline
full,03.CCTV Mobile Usage.mkv,632de9ed55947761d56d4c6142a3cb1a1fe69d0b1a6d0e01a2e404c697962623,dfine_sahi,105567.0,bag,0.2931,902.41,49.68,932.63,82.72,998.6,30.22,33.04,0.915,False,,True,unattributed,18,evt_S-61_upper_body_0018,c59523deb1dfb814,native_source_context_fallback,wrist_confidence_below_floor,9714.0,6.48,,1,cam12/e1/v1,rtmpose_baseline
full,03.CCTV Mobile Usage.mkv,632de9ed55947761d56d4c6142a3cb1a1fe69d0b1a6d0e01a2e404c697962623,dfine_sahi,105567.0,bag,0.2833,877.88,53.92,898.3,92.03,778.3,20.42,38.11,0.536,False,,True,unattributed,18,evt_S-61_upper_body_0018,c59523deb1dfb814,native_source_context_fallback,wrist_confidence_below_floor,9714.0,6.48,,1,cam12/e1/v1,rtmpose_baseline
full,03.CCTV Mobile Usage.mkv,632de9ed55947761d56d4c6142a3cb1a1fe69d0b1a6d0e01a2e404c697962623,dfine_sahi,105567.0,bag,0.261,793.99,2.04,844.16,87.19,4271.8,50.17,85.15,0.589,False,,True,unattributed,18,evt_S-61_upper_body_0018,c59523deb1dfb814,native_source_context_fallback,wrist_confidence_below_floor,9714.0,6.48,,1,cam12/e1/v1,rtmpose_baseline
full,03.CCTV Mobile Usage.mkv,632de9ed55947761d56d4c6142a3cb1a1fe69d0b1a6d0e01a2e404c697962623,dfine_sahi,105567.0,unknown_object,0.6131,542.17,51.61,574.07,91.0,1257.0,31.91,39.4,0.81,False,,True,unattributed,23,evt_S-61_upper_body_0018,d3594aafd744edc8,native_source_context_fallback,no_pose_observation,6388.9,6.87,,1,cam12/e1/v1,
full,03.CCTV Mobile Usage.mkv,632de9ed55947761d56d4c6142a3cb1a1fe69d0b1a6d0e01a2e404c697962623,dfine_sahi,105567.0,phone,0.5051,543.92,18.09,609.78,106.84,5845.2,65.86,88.75,0.742,False,,True,unattributed,23,evt_S-61_upper_body_0018,d3594aafd744edc8,native_source_context_fallback,no_pose_observation,6388.9,6.87,,1,cam12/e1/v1,
full,03.CCTV Mobile Usage.mkv,632de9ed55947761d56d4c6142a3cb1a1fe69d0b1a6d0e01a2e404c697962623,dfine_sahi,105567.0,phone,0.3871,606.22,0.22,637.98,95.49,3025.6,31.76,95.27,0.333,False,,True,unattributed,23,evt_S-61_upper_body_0018,d3594aafd744edc8,native_source_context_fallback,no_pose_observation,6388.9,6.87,,1,cam12/e1/v1,
full,03.CCTV Mobile Usage.mkv,632de9ed55947761d56d4c6142a3cb1a1fe69d0b1a6d0e01a2e404c697962623,dfine_sahi,105567.0,phone,0.3666,567.47,53.06,606.82,95.43,1667.7,39.36,42.37,0.929,False,,True,unattributed,23,evt_S-61_upper_body_0018,d3594aafd744edc8,native_source_context_fallback,no_pose_observation,6388.9,6.87,,1,cam12/e1/v1,
full,03.CCTV Mobile Usage.mkv,632de9ed55947761d56d4c6142a3cb1a1fe69d0b1a6d0e01a2e404c697962623,dfine_sahi,105567.0,unknown_object,0.3622,512.15,51.37,607.48,107.1,5313.1,95.33,55.73,1.71,False,,True,unattributed,23,evt_S-61_upper_body_0018,d3594aafd744edc8,native_source_context_fallback,no_pose_observation,6388.9,6.87,,1,cam12/e1/v1,
full,03.CCTV Mobile Usage.mkv,632de9ed55947761d56d4c6142a3cb1a1fe69d0b1a6d0e01a2e404c697962623,dfine_sahi,105567.0,bag,0.3603,543.29,18.12,607.72,106.5,5694.3,64.43,88.38,0.729,False,,True,unattributed,23,evt_S-61_upper_body_0018,d3594aafd744edc8,native_source_context_fallback,no_pose_observation,6388.9,6.87,,1,cam12/e1/v1,
full,03.CCTV Mobile Usage.mkv,632de9ed55947761d56d4c6142a3cb1a1fe69d0b1a6d0e01a2e404c697962623,dfine_sahi,105567.0,bag,0.3553,546.64,18.16,606.3,56.13,2266.0,59.67,37.98,1.571,False,,True,unattributed,23,evt_S-61_upper_body_0018,d3594aafd744edc8,native_source_context_fallback,no_pose_observation,6388.9,6.87,,1,cam12/e1/v1,
full,03.CCTV Mobile Usage.mkv,632de9ed55947761d56d4c6142a3cb1a1fe69d0b1a6d0e01a2e404c697962623,dfine_sahi,105567.0,unknown_object,0.3086,563.77,52.83,606.74,105.52,2264.2,42.97,52.69,0.816,False,,True,unattributed,23,evt_S-61_upper_body_0018,d3594aafd744edc8,native_source_context_fallback,no_pose_observation,6388.9,6.87,,1,cam12/e1/v1,
full,03.CCTV Mobile Usage.mkv,632de9ed55947761d56d4c6142a3cb1a1fe69d0b1a6d0e01a2e404c697962623,dfine_sahi,105567.0,unknown_object,0.2925,527.01,18.82,547.28,82.55,1291.6,20.27,63.73,0.318,False,,True,unattributed,23,evt_S-61_upper_body_0018,d3594aafd744edc8,native_source_context_fallback,no_pose_observation,6388.9,6.87,,1,cam12/e1/v1,
full,03.CCTV Mobile Usage.mkv,632de9ed55947761d56d4c6142a3cb1a1fe69d0b1a6d0e01a2e404c697962623,dfine_sahi,106000.0,unknown_object,0.5541,249.98,533.57,391.86,670.4,19413.4,141.88,136.83,1.037,False,,True,S-61,17,evt_S-61_desk_work_surface_0004,0524292fda5535a5,pose_hand_context,,63918.0,2.53,,1,cam12/e1/v1,rtmpose_baseline
full,03.CCTV Mobile Usage.mkv,632de9ed55947761d56d4c6142a3cb1a1fe69d0b1a6d0e01a2e404c697962623,dfine_sahi,106000.0,unknown_object,0.5512,138.9,529.43,281.06,669.72,19943.7,142.16,140.29,1.013,False,,True,S-61,17,evt_S-61_desk_work_surface_0004,0524292fda5535a5,pose_hand_context,,63918.0,2.53,,1,cam12/e1/v1,rtmpose_baseline
full,03.CCTV Mobile Usage.mkv,632de9ed55947761d56d4c6142a3cb1a1fe69d0b1a6d0e01a2e404c697962623,dfine_sahi,106000.0,unknown_object,0.4339,138.98,418.5,215.95,494.09,5818.3,76.97,75.59,1.018,False,,True,S-61,17,evt_S-61_desk_work_surface_0004,0524292fda5535a5,pose_hand_context,,63918.0,2.53,,1,cam12/e1/v1,rtmpose_baseline
full,03.CCTV Mobile Usage.mkv,632de9ed55947761d56d4c6142a3cb1a1fe69d0b1a6d0e01a2e404c697962623,dfine_sahi,106000.0,monitor_or_bezel,0.3258,139.0,516.62,278.32,669.37,21281.4,139.32,152.75,0.912,False,,True,S-61,17,evt_S-61_desk_work_surface_0004,0524292fda5535a5,pose_hand_context,,63918.0,2.53,,1,cam12/e1/v1,rtmpose_baseline
full,03.CCTV Mobile Usage.mkv,632de9ed55947761d56d4c6142a3cb1a1fe69d0b1a6d0e01a2e404c697962623,dfine_sahi,106000.0,monitor_or_bezel,0.2759,139.03,418.46,216.65,492.4,5738.3,77.61,73.94,1.05,False,,True,S-61,17,evt_S-61_desk_work_surface_0004,0524292fda5535a5,pose_hand_context,,63918.0,2.53,,1,cam12/e1/v1,rtmpose_baseline
full,03.CCTV Mobile Usage.mkv,632de9ed55947761d56d4c6142a3cb1a1fe69d0b1a6d0e01a2e404c697962623,dfine_sahi,106000.0,keyboard,0.2706,243.93,616.67,282.02,670.09,2034.4,38.08,53.42,0.713,False,,True,S-61,17,evt_S-61_desk_work_surface_0004,0524292fda5535a5,pose_hand_context,,63918.0,2.53,,1,cam12/e1/v1,rtmpose_baseline
full,03.CCTV Mobile Usage.mkv,632de9ed55947761d56d4c6142a3cb1a1fe69d0b1a6d0e01a2e404c697962623,dfine_sahi,106000.0,unknown_object,0.2681,244.72,605.51,370.68,670.75,8217.5,125.96,65.24,1.931,False,,True,S-61,17,evt_S-61_desk_work_surface_0004,0524292fda5535a5,pose_hand_context,,63918.0,2.53,,1,cam12/e1/v1,rtmpose_baseline
full,03.CCTV Mobile Usage.mkv,632de9ed55947761d56d4c6142a3cb1a1fe69d0b1a6d0e01a2e404c697962623,dfine_sahi,106000.0,keyboard,0.9099,962.17,451.92,1067.93,491.47,4182.0,105.76,39.54,2.674,False,,True,R-desk,21,evt_S-61_desk_work_surface_0004,8cdcdd5d21a63e41,lap_bag_context,wrist_confidence_below_floor,34560.0,1.33,,1,cam12/e1/v1,rtmpose_baseline
full,03.CCTV Mobile Usage.mkv,632de9ed55947761d56d4c6142a3cb1a1fe69d0b1a6d0e01a2e404c697962623,dfine_sahi,106000.0,mouse,0.7694,864.9,413.49,891.31,435.27,575.1,26.41,21.78,1.213,False,,True,R-desk,21,evt_S-61_desk_work_surface_0004,8cdcdd5d21a63e41,lap_bag_context,wrist_confidence_below_floor,34560.0,1.33,,1,cam12/e1/v1,rtmpose_baseline
full,03.CCTV Mobile Usage.mkv,632de9ed55947761d56d4c6142a3cb1a1fe69d0b1a6d0e01a2e404c697962623,dfine_sahi,106000.0,monitor_or_bezel,0.7649,910.17,411.26,1141.94,506.33,22035.8,231.77,95.08,2.438,False,,True,R-desk,21,evt_S-61_desk_work_surface_0004,8cdcdd5d21a63e41,lap_bag_context,wrist_confidence_below_floor,34560.0,1.33,,1,cam12/e1/v1,rtmpose_baseline
full,03.CCTV Mobile Usage.mkv,632de9ed55947761d56d4c6142a3cb1a1fe69d0b1a6d0e01a2e404c697962623,dfine_sahi,106000.0,phone,0.7609,1043.38,421.83,1111.87,473.92,3567.3,68.49,52.09,1.315,False,,True,R-desk,21,evt_S-61_desk_work_surface_0004,8cdcdd5d21a63e41,lap_bag_context,wrist_confidence_below_floor,34560.0,1.33,,1,cam12/e1/v1,rtmpose_baseline
full,03.CCTV Mobile Usage.mkv,632de9ed55947761d56d4c6142a3cb1a1fe69d0b1a6d0e01a2e404c697962623,dfine_sahi,106000.0,keyboard,0.756,772.32,380.15,870.57,420.29,3943.2,98.25,40.13,2.448,False,,True,R-desk,21,evt_S-61_desk_work_surface_0004,8cdcdd5d21a63e41,lap_bag_context,wrist_confidence_below_floor,34560.0,1.33,,1,cam12/e1/v1,rtmpose_baseline
full,03.CCTV Mobile Usage.mkv,632de9ed55947761d56d4c6142a3cb1a1fe69d0b1a6d0e01a2e404c697962623,dfine_sahi,106000.0,unknown_object,0.7357,699.87,396.22,847.66,491.96,14149.3,147.79,95.74,1.544,False,,True,R-desk,21,evt_S-61_desk_work_surface_0004,8cdcdd5d21a63e41,lap_bag_context,wrist_confidence_below_floor,34560.0,1.33,,1,cam12/e1/v1,rtmpose_baseline
full,03.CCTV Mobile Usage.mkv,632de9ed55947761d56d4c6142a3cb1a1fe69d0b1a6d0e01a2e404c697962623,dfine_sahi,106000.0,monitor_or_bezel,0.6843,1018.59,395.79,1145.98,448.07,6660.0,127.39,52.28,2.437,False,,True,R-desk,21,evt_S-61_desk_work_surface_0004,8cdcdd5d21a63e41,lap_bag_context,wrist_confidence_below_floor,34560.0,1.33,,1,cam12/e1/v1,rtmpose_baseline
full,03.CCTV Mobile Usage.mkv,632de9ed55947761d56d4c6142a3cb1a1fe69d0b1a6d0e01a2e404c697962623,dfine_sahi,106000.0,monitor_or_bezel,0.6479,963.08,380.5,1152.94,474.89,17919.6,189.85,94.39,2.011,False,,True,R-desk,21,evt_S-61_desk_work_surface_0004,8cdcdd5d21a63e41,lap_bag_context,wrist_confidence_below_floor,34560.0,1.33,,1,cam12/e1/v1,rtmpose_baseline
full,03.CCTV Mobile Usage.mkv,632de9ed55947761d56d4c6142a3cb1a1fe69d0b1a6d0e01a2e404c697962623,dfine_sahi,106000.0,keyboard,0.617,963.09,452.26,1034.21,475.53,1654.9,71.12,23.27,3.057,False,,True,R-desk,21,evt_S-61_desk_work_surface_0004,8cdcdd5d21a63e41,lap_bag_context,wrist_confidence_below_floor,34560.0,1.33,,1,cam12/e1/v1,rtmpose_baseline
full,03.CCTV Mobile Usage.mkv,632de9ed55947761d56d4c6142a3cb1a1fe69d0b1a6d0e01a2e404c697962623,dfine_sahi,106000.0,keyboard,0.5647,802.53,396.27,870.85,420.6,1662.8,68.33,24.34,2.808,False,,True,R-desk,21,evt_S-61_desk_work_surface_0004,8cdcdd5d21a63e41,lap_bag_context,wrist_confidence_below_floor,34560.0,1.33,,1,cam12/e1/v1,rtmpose_baseline
full,03.CCTV Mobile Usage.mkv,632de9ed55947761d56d4c6142a3cb1a1fe69d0b1a6d0e01a2e404c697962623,dfine_sahi,106000.0,monitor_or_bezel,0.5446,706.44,379.9,969.19,474.78,24928.5,262.74,94.88,2.769,False,,True,R-desk,21,evt_S-61_desk_work_surface_0004,8cdcdd5d21a63e41,lap_bag_context,wrist_confidence_below_floor,34560.0,1.33,,1,cam12/e1/v1,rtmpose_baseline
full,03.CCTV Mobile Usage.mkv,632de9ed55947761d56d4c6142a3cb1a1fe69d0b1a6d0e01a2e404c697962623,dfine_sahi,106000.0,unknown_object,0.5021,761.69,410.96,969.79,505.96,19768.1,208.1,94.99,2.191,False,,True,R-desk,21,evt_S-61_desk_work_surface_0004,8cdcdd5d21a63e41,lap_bag_context,wrist_confidence_below_floor,34560.0,1.33,,1,cam12/e1/v1,rtmpose_baseline
full,03.CCTV Mobile Usage.mkv,632de9ed55947761d56d4c6142a3cb1a1fe69d0b1a6d0e01a2e404c697962623,dfine_sahi,106000.0,unknown_object,0.4763,700.01,380.57,759.1,474.96,5577.8,59.1,94.39,0.626,False,,True,R-desk,21,evt_S-61_desk_work_surface_0004,8cdcdd5d21a63e41,lap_bag_context,wrist_confidence_below_floor,34560.0,1.33,,1,cam12/e1/v1,rtmpose_baseline
full,03.CCTV Mobile Usage.mkv,632de9ed55947761d56d4c6142a3cb1a1fe69d0b1a6d0e01a2e404c697962623,dfine_sahi,106000.0,keyboard,0.3419,910.11,411.47,1092.77,506.16,17295.4,182.67,94.68,1.929,False,,True,R-desk,21,evt_S-61_desk_work_surface_0004,8cdcdd5d21a63e41,lap_bag_context,wrist_confidence_below_floor,34560.0,1.33,,1,cam12/e1/v1,rtmpose_baseline
full,03.CCTV Mobile Usage.mkv,632de9ed55947761d56d4c6142a3cb1a1fe69d0b1a6d0e01a2e404c697962623,dfine_sahi,106000.0,monitor_or_bezel,0.3266,881.23,396.15,949.19,452.65,3839.6,67.96,56.5,1.203,False,,True,R-desk,21,evt_S-61_desk_work_surface_0004,8cdcdd5d21a63e41,lap_bag_context,wrist_confidence_below_floor,34560.0,1.33,,1,cam12/e1/v1,rtmpose_baseline
full,03.CCTV Mobile Usage.mkv,632de9ed55947761d56d4c6142a3cb1a1fe69d0b1a6d0e01a2e404c697962623,dfine_sahi,106000.0,mouse,0.3265,967.1,398.43,991.94,410.65,303.6,24.85,12.22,2.034,False,,True,R-desk,21,evt_S-61_desk_work_surface_0004,8cdcdd5d21a63e41,lap_bag_context,wrist_confidence_below_floor,34560.0,1.33,,1,cam12/e1/v1,rtmpose_baseline
full,03.CCTV Mobile Usage.mkv,632de9ed55947761d56d4c6142a3cb1a1fe69d0b1a6d0e01a2e404c697962623,dfine_sahi,106000.0,phone,0.3039,1051.49,411.38,1140.13,446.79,3138.9,88.64,35.41,2.503,False,,True,R-desk,21,evt_S-61_desk_work_surface_0004,8cdcdd5d21a63e41,lap_bag_context,wrist_confidence_below_floor,34560.0,1.33,,1,cam12/e1/v1,rtmpose_baseline
full,03.CCTV Mobile Usage.mkv,632de9ed55947761d56d4c6142a3cb1a1fe69d0b1a6d0e01a2e404c697962623,dfine_sahi,106000.0,keyboard,0.2999,963.86,397.27,1094.74,474.94,10166.0,130.88,77.67,1.685,False,,True,R-desk,21,evt_S-61_desk_work_surface_0004,8cdcdd5d21a63e41,lap_bag_context,wrist_confidence_below_floor,34560.0,1.33,,1,cam12/e1/v1,rtmpose_baseline
full,03.CCTV Mobile Usage.mkv,632de9ed55947761d56d4c6142a3cb1a1fe69d0b1a6d0e01a2e404c697962623,dfine_sahi,106000.0,unknown_object,0.2888,878.51,411.33,969.91,505.85,8639.1,91.4,94.52,0.967,False,,True,R-desk,21,evt_S-61_desk_work_surface_0004,8cdcdd5d21a63e41,lap_bag_context,wrist_confidence_below_floor,34560.0,1.33,,1,cam12/e1/v1,rtmpose_baseline
full,03.CCTV Mobile Usage.mkv,632de9ed55947761d56d4c6142a3cb1a1fe69d0b1a6d0e01a2e404c697962623,dfine_sahi,106000.0,mouse,0.2614,990.87,399.13,1026.7,413.28,506.8,35.83,14.15,2.533,False,,True,R-desk,21,evt_S-61_desk_work_surface_0004,8cdcdd5d21a63e41,lap_bag_context,wrist_confidence_below_floor,34560.0,1.33,,1,cam12/e1/v1,rtmpose_baseline
full,03.CCTV Mobile Usage.mkv,632de9ed55947761d56d4c6142a3cb1a1fe69d0b1a6d0e01a2e404c697962623,dfine_sahi,106000.0,keyboard,0.9099,962.17,451.92,1067.93,491.47,4182.0,105.76,39.54,2.674,False,,True,R-desk,22,evt_S-61_desk_work_surface_0004,8cdcdd5d21a63e41,lap_bag_context,wrist_confidence_below_floor,34560.0,1.33,,1,cam12/e1/v1,rtmpose_baseline
full,03.CCTV Mobile Usage.mkv,632de9ed55947761d56d4c6142a3cb1a1fe69d0b1a6d0e01a2e404c697962623,dfine_sahi,106000.0,mouse,0.7694,864.9,413.49,891.31,435.27,575.1,26.41,21.78,1.213,False,,True,R-desk,22,evt_S-61_desk_work_surface_0004,8cdcdd5d21a63e41,lap_bag_context,wrist_confidence_below_floor,34560.0,1.33,,1,cam12/e1/v1,rtmpose_baseline
full,03.CCTV Mobile Usage.mkv,632de9ed55947761d56d4c6142a3cb1a1fe69d0b1a6d0e01a2e404c697962623,dfine_sahi,106000.0,monitor_or_bezel,0.7649,910.17,411.26,1141.94,506.33,22035.8,231.77,95.08,2.438,False,,True,R-desk,22,evt_S-61_desk_work_surface_0004,8cdcdd5d21a63e41,lap_bag_context,wrist_confidence_below_floor,34560.0,1.33,,1,cam12/e1/v1,rtmpose_baseline
full,03.CCTV Mobile Usage.mkv,632de9ed55947761d56d4c6142a3cb1a1fe69d0b1a6d0e01a2e404c697962623,dfine_sahi,106000.0,phone,0.7609,1043.38,421.83,1111.87,473.92,3567.3,68.49,52.09,1.315,False,,True,R-desk,22,evt_S-61_desk_work_surface_0004,8cdcdd5d21a63e41,lap_bag_context,wrist_confidence_below_floor,34560.0,1.33,,1,cam12/e1/v1,rtmpose_baseline
full,03.CCTV Mobile Usage.mkv,632de9ed55947761d56d4c6142a3cb1a1fe69d0b1a6d0e01a2e404c697962623,dfine_sahi,106000.0,keyboard,0.756,772.32,380.15,870.57,420.29,3943.2,98.25,40.13,2.448,False,,True,R-desk,22,evt_S-61_desk_work_surface_0004,8cdcdd5d21a63e41,lap_bag_context,wrist_confidence_below_floor,34560.0,1.33,,1,cam12/e1/v1,rtmpose_baseline
full,03.CCTV Mobile Usage.mkv,632de9ed55947761d56d4c6142a3cb1a1fe69d0b1a6d0e01a2e404c697962623,dfine_sahi,106000.0,unknown_object,0.7357,699.87,396.22,847.66,491.96,14149.3,147.79,95.74,1.544,False,,True,R-desk,22,evt_S-61_desk_work_surface_0004,8cdcdd5d21a63e41,lap_bag_context,wrist_confidence_below_floor,34560.0,1.33,,1,cam12/e1/v1,rtmpose_baseline
full,03.CCTV Mobile Usage.mkv,632de9ed55947761d56d4c6142a3cb1a1fe69d0b1a6d0e01a2e404c697962623,dfine_sahi,106000.0,monitor_or_bezel,0.6843,1018.59,395.79,1145.98,448.07,6660.0,127.39,52.28,2.437,False,,True,R-desk,22,evt_S-61_desk_work_surface_0004,8cdcdd5d21a63e41,lap_bag_context,wrist_confidence_below_floor,34560.0,1.33,,1,cam12/e1/v1,rtmpose_baseline
full,03.CCTV Mobile Usage.mkv,632de9ed55947761d56d4c6142a3cb1a1fe69d0b1a6d0e01a2e404c697962623,dfine_sahi,106000.0,monitor_or_bezel,0.6479,963.08,380.5,1152.94,474.89,17919.6,189.85,94.39,2.011,False,,True,R-desk,22,evt_S-61_desk_work_surface_0004,8cdcdd5d21a63e41,lap_bag_context,wrist_confidence_below_floor,34560.0,1.33,,1,cam12/e1/v1,rtmpose_baseline
full,03.CCTV Mobile Usage.mkv,632de9ed55947761d56d4c6142a3cb1a1fe69d0b1a6d0e01a2e404c697962623,dfine_sahi,106000.0,keyboard,0.617,963.09,452.26,1034.21,475.53,1654.9,71.12,23.27,3.057,False,,True,R-desk,22,evt_S-61_desk_work_surface_0004,8cdcdd5d21a63e41,lap_bag_context,wrist_confidence_below_floor,34560.0,1.33,,1,cam12/e1/v1,rtmpose_baseline
full,03.CCTV Mobile Usage.mkv,632de9ed55947761d56d4c6142a3cb1a1fe69d0b1a6d0e01a2e404c697962623,dfine_sahi,106000.0,keyboard,0.5647,802.53,396.27,870.85,420.6,1662.8,68.33,24.34,2.808,False,,True,R-desk,22,evt_S-61_desk_work_surface_0004,8cdcdd5d21a63e41,lap_bag_context,wrist_confidence_below_floor,34560.0,1.33,,1,cam12/e1/v1,rtmpose_baseline
full,03.CCTV Mobile Usage.mkv,632de9ed55947761d56d4c6142a3cb1a1fe69d0b1a6d0e01a2e404c697962623,dfine_sahi,106000.0,monitor_or_bezel,0.5446,706.44,379.9,969.19,474.78,24928.5,262.74,94.88,2.769,False,,True,R-desk,22,evt_S-61_desk_work_surface_0004,8cdcdd5d21a63e41,lap_bag_context,wrist_confidence_below_floor,34560.0,1.33,,1,cam12/e1/v1,rtmpose_baseline
full,03.CCTV Mobile Usage.mkv,632de9ed55947761d56d4c6142a3cb1a1fe69d0b1a6d0e01a2e404c697962623,dfine_sahi,106000.0,unknown_object,0.5021,761.69,410.96,969.79,505.96,19768.1,208.1,94.99,2.191,False,,True,R-desk,22,evt_S-61_desk_work_surface_0004,8cdcdd5d21a63e41,lap_bag_context,wrist_confidence_below_floor,34560.0,1.33,,1,cam12/e1/v1,rtmpose_baseline
full,03.CCTV Mobile Usage.mkv,632de9ed55947761d56d4c6142a3cb1a1fe69d0b1a6d0e01a2e404c697962623,dfine_sahi,106000.0,unknown_object,0.4763,700.01,380.57,759.1,474.96,5577.8,59.1,94.39,0.626,False,,True,R-desk,22,evt_S-61_desk_work_surface_0004,8cdcdd5d21a63e41,lap_bag_context,wrist_confidence_below_floor,34560.0,1.33,,1,cam12/e1/v1,rtmpose_baseline
full,03.CCTV Mobile Usage.mkv,632de9ed55947761d56d4c6142a3cb1a1fe69d0b1a6d0e01a2e404c697962623,dfine_sahi,106000.0,keyboard,0.3419,910.11,411.47,1092.77,506.16,17295.4,182.67,94.68,1.929,False,,True,R-desk,22,evt_S-61_desk_work_surface_0004,8cdcdd5d21a63e41,lap_bag_context,wrist_confidence_below_floor,34560.0,1.33,,1,cam12/e1/v1,rtmpose_baseline
full,03.CCTV Mobile Usage.mkv,632de9ed55947761d56d4c6142a3cb1a1fe69d0b1a6d0e01a2e404c697962623,dfine_sahi,106000.0,monitor_or_bezel,0.3266,881.23,396.15,949.19,452.65,3839.6,67.96,56.5,1.203,False,,True,R-desk,22,evt_S-61_desk_work_surface_0004,8cdcdd5d21a63e41,lap_bag_context,wrist_confidence_below_floor,34560.0,1.33,,1,cam12/e1/v1,rtmpose_baseline
full,03.CCTV Mobile Usage.mkv,632de9ed55947761d56d4c6142a3cb1a1fe69d0b1a6d0e01a2e404c697962623,dfine_sahi,106000.0,mouse,0.3265,967.1,398.43,991.94,410.65,303.6,24.85,12.22,2.034,False,,True,R-desk,22,evt_S-61_desk_work_surface_0004,8cdcdd5d21a63e41,lap_bag_context,wrist_confidence_below_floor,34560.0,1.33,,1,cam12/e1/v1,rtmpose_baseline
full,03.CCTV Mobile Usage.mkv,632de9ed55947761d56d4c6142a3cb1a1fe69d0b1a6d0e01a2e404c697962623,dfine_sahi,106000.0,phone,0.3039,1051.49,411.38,1140.13,446.79,3138.9,88.64,35.41,2.503,False,,True,R-desk,22,evt_S-61_desk_work_surface_0004,8cdcdd5d21a63e41,lap_bag_context,wrist_confidence_below_floor,34560.0,1.33,,1,cam12/e1/v1,rtmpose_baseline
full,03.CCTV Mobile Usage.mkv,632de9ed55947761d56d4c6142a3cb1a1fe69d0b1a6d0e01a2e404c697962623,dfine_sahi,106000.0,keyboard,0.2999,963.86,397.27,1094.74,474.94,10166.0,130.88,77.67,1.685,False,,True,R-desk,22,evt_S-61_desk_work_surface_0004,8cdcdd5d21a63e41,lap_bag_context,wrist_confidence_below_floor,34560.0,1.33,,1,cam12/e1/v1,rtmpose_baseline
full,03.CCTV Mobile Usage.mkv,632de9ed55947761d56d4c6142a3cb1a1fe69d0b1a6d0e01a2e404c697962623,dfine_sahi,106000.0,unknown_object,0.2888,878.51,411.33,969.91,505.85,8639.1,91.4,94.52,0.967,False,,True,R-desk,22,evt_S-61_desk_work_surface_0004,8cdcdd5d21a63e41,lap_bag_context,wrist_confidence_below_floor,34560.0,1.33,,1,cam12/e1/v1,rtmpose_baseline
full,03.CCTV Mobile Usage.mkv,632de9ed55947761d56d4c6142a3cb1a1fe69d0b1a6d0e01a2e404c697962623,dfine_sahi,106000.0,mouse,0.2614,990.87,399.13,1026.7,413.28,506.8,35.83,14.15,2.533,False,,True,R-desk,22,evt_S-61_desk_work_surface_0004,8cdcdd5d21a63e41,lap_bag_context,wrist_confidence_below_floor,34560.0,1.33,,1,cam12/e1/v1,rtmpose_baseline
full,03.CCTV Mobile Usage.mkv,632de9ed55947761d56d4c6142a3cb1a1fe69d0b1a6d0e01a2e404c697962623,dfine_sahi,106000.0,phone,0.5912,546.18,17.19,611.6,107.11,5882.9,65.42,89.92,0.728,False,,True,unattributed,23,evt_S-61_desk_work_surface_0004,94af2ae3b4e6c5f4,native_source_context_fallback,no_pose_observation,6639.1,6.98,,1,cam12/e1/v1,
full,03.CCTV Mobile Usage.mkv,632de9ed55947761d56d4c6142a3cb1a1fe69d0b1a6d0e01a2e404c697962623,dfine_sahi,106000.0,unknown_object,0.5769,545.02,52.09,573.93,89.08,1069.4,28.91,36.99,0.782,False,,True,unattributed,23,evt_S-61_desk_work_surface_0004,94af2ae3b4e6c5f4,native_source_context_fallback,no_pose_observation,6639.1,6.98,,1,cam12/e1/v1,
full,03.CCTV Mobile Usage.mkv,632de9ed55947761d56d4c6142a3cb1a1fe69d0b1a6d0e01a2e404c697962623,dfine_sahi,106000.0,bag,0.4353,543.85,8.24,609.5,94.46,5659.8,65.64,86.22,0.761,False,,True,unattributed,23,evt_S-61_desk_work_surface_0004,94af2ae3b4e6c5f4,native_source_context_fallback,no_pose_observation,6639.1,6.98,,1,cam12/e1/v1,
full,03.CCTV Mobile Usage.mkv,632de9ed55947761d56d4c6142a3cb1a1fe69d0b1a6d0e01a2e404c697962623,dfine_sahi,106000.0,bag,0.4217,548.65,17.44,608.77,53.62,2175.5,60.12,36.19,1.661,False,,True,unattributed,23,evt_S-61_desk_work_surface_0004,94af2ae3b4e6c5f4,native_source_context_fallback,no_pose_observation,6639.1,6.98,,1,cam12/e1/v1,
full,03.CCTV Mobile Usage.mkv,632de9ed55947761d56d4c6142a3cb1a1fe69d0b1a6d0e01a2e404c697962623,dfine_sahi,106000.0,phone,0.395,563.54,52.61,607.17,105.59,2311.8,43.63,52.98,0.824,False,,True,unattributed,23,evt_S-61_desk_work_surface_0004,94af2ae3b4e6c5f4,native_source_context_fallback,no_pose_observation,6639.1,6.98,,1,cam12/e1/v1,
full,03.CCTV Mobile Usage.mkv,632de9ed55947761d56d4c6142a3cb1a1fe69d0b1a6d0e01a2e404c697962623,dfine_sahi,106000.0,unknown_object,0.3694,514.04,17.11,609.65,107.29,8621.6,95.61,90.18,1.06,False,,True,unattributed,23,evt_S-61_desk_work_surface_0004,94af2ae3b4e6c5f4,native_source_context_fallback,no_pose_observation,6639.1,6.98,,1,cam12/e1/v1,
full,03.CCTV Mobile Usage.mkv,632de9ed55947761d56d4c6142a3cb1a1fe69d0b1a6d0e01a2e404c697962623,dfine_sahi,106000.0,stationery,0.358,606.37,0.2,640.99,95.46,3298.0,34.62,95.25,0.364,False,,True,unattributed,23,evt_S-61_desk_work_surface_0004,94af2ae3b4e6c5f4,native_source_context_fallback,no_pose_observation,6639.1,6.98,,1,cam12/e1/v1,
full,03.CCTV Mobile Usage.mkv,632de9ed55947761d56d4c6142a3cb1a1fe69d0b1a6d0e01a2e404c697962623,dfine_sahi,106000.0,stationery,0.3532,613.38,55.61,640.99,94.11,1062.9,27.6,38.51,0.717,False,,True,unattributed,23,evt_S-61_desk_work_surface_0004,94af2ae3b4e6c5f4,native_source_context_fallback,no_pose_observation,6639.1,6.98,,1,cam12/e1/v1,
full,03.CCTV Mobile Usage.mkv,632de9ed55947761d56d4c6142a3cb1a1fe69d0b1a6d0e01a2e404c697962623,dfine_sahi,106000.0,unknown_object,0.3382,563.33,52.59,607.3,105.47,2324.9,43.97,52.88,0.831,False,,True,unattributed,23,evt_S-61_desk_work_surface_0004,94af2ae3b4e6c5f4,native_source_context_fallback,no_pose_observation,6639.1,6.98,,1,cam12/e1/v1,
full,03.CCTV Mobile Usage.mkv,632de9ed55947761d56d4c6142a3cb1a1fe69d0b1a6d0e01a2e404c697962623,dfine_sahi,106000.0,phone,0.3244,606.08,17.22,640.99,112.21,3315.7,34.91,94.99,0.367,False,,True,unattributed,23,evt_S-61_desk_work_surface_0004,94af2ae3b4e6c5f4,native_source_context_fallback,no_pose_observation,6639.1,6.98,,1,cam12/e1/v1,
full,03.CCTV Mobile Usage.mkv,632de9ed55947761d56d4c6142a3cb1a1fe69d0b1a6d0e01a2e404c697962623,dfine_sahi,106000.0,phone,0.3077,573.12,52.77,604.31,83.71,965.0,31.19,30.94,1.008,False,,True,unattributed,23,evt_S-61_desk_work_surface_0004,94af2ae3b4e6c5f4,native_source_context_fallback,no_pose_observation,6639.1,6.98,,1,cam12/e1/v1,
full,03.CCTV Mobile Usage.mkv,632de9ed55947761d56d4c6142a3cb1a1fe69d0b1a6d0e01a2e404c697962623,dfine_sahi,106000.0,unknown_object,0.3011,530.02,0.16,560.49,83.59,2541.9,30.47,83.43,0.365,False,,True,unattributed,23,evt_S-61_desk_work_surface_0004,94af2ae3b4e6c5f4,native_source_context_fallback,no_pose_observation,6639.1,6.98,,1,cam12/e1/v1,
full,03.CCTV Mobile Usage.mkv,632de9ed55947761d56d4c6142a3cb1a1fe69d0b1a6d0e01a2e404c697962623,dfine_sahi,106000.0,unknown_object,0.2801,551.22,57.09,564.09,80.85,306.0,12.87,23.77,0.542,False,,True,unattributed,23,evt_S-61_desk_work_surface_0004,94af2ae3b4e6c5f4,native_source_context_fallback,no_pose_observation,6639.1,6.98,,1,cam12/e1/v1,
full,03.CCTV Mobile Usage.mkv,632de9ed55947761d56d4c6142a3cb1a1fe69d0b1a6d0e01a2e404c697962623,dfine_sahi,106000.0,unknown_object,0.2736,573.07,52.81,605.17,83.76,993.8,32.1,30.96,1.037,False,,True,unattributed,23,evt_S-61_desk_work_surface_0004,94af2ae3b4e6c5f4,native_source_context_fallback,no_pose_observation,6639.1,6.98,,1,cam12/e1/v1,
full,03.CCTV Mobile Usage.mkv,632de9ed55947761d56d4c6142a3cb1a1fe69d0b1a6d0e01a2e404c697962623,dfine_sahi,106000.0,monitor_or_bezel,0.4201,815.01,8.5,844.44,44.74,1066.5,29.42,36.24,0.812,False,,True,unattributed,18,evt_S-61_desk_work_surface_0004,c32e4919eabbcead,native_source_context_fallback,wrist_confidence_below_floor,9409.0,6.58,,1,cam12/e1/v1,rtmpose_baseline
full,03.CCTV Mobile Usage.mkv,632de9ed55947761d56d4c6142a3cb1a1fe69d0b1a6d0e01a2e404c697962623,dfine_sahi,106000.0,monitor_or_bezel,0.3847,794.04,29.04,844.28,45.09,806.1,50.24,16.05,3.131,False,,True,unattributed,18,evt_S-61_desk_work_surface_0004,c32e4919eabbcead,native_source_context_fallback,wrist_confidence_below_floor,9409.0,6.58,,1,cam12/e1/v1,rtmpose_baseline
full,03.CCTV Mobile Usage.mkv,632de9ed55947761d56d4c6142a3cb1a1fe69d0b1a6d0e01a2e404c697962623,dfine_sahi,106000.0,bag,0.2929,836.08,45.87,910.76,94.1,3601.9,74.68,48.23,1.548,False,,True,unattributed,18,evt_S-61_desk_work_surface_0004,c32e4919eabbcead,native_source_context_fallback,wrist_confidence_below_floor,9409.0,6.58,,1,cam12/e1/v1,rtmpose_baseline
full,03.CCTV Mobile Usage.mkv,632de9ed55947761d56d4c6142a3cb1a1fe69d0b1a6d0e01a2e404c697962623,dfine_sahi,106000.0,unknown_object,0.2899,794.03,0.38,889.94,95.26,9100.1,95.91,94.88,1.011,False,,True,unattributed,18,evt_S-61_desk_work_surface_0004,c32e4919eabbcead,native_source_context_fallback,wrist_confidence_below_floor,9409.0,6.58,,1,cam12/e1/v1,rtmpose_baseline
full,03.CCTV Mobile Usage.mkv,632de9ed55947761d56d4c6142a3cb1a1fe69d0b1a6d0e01a2e404c697962623,dfine_sahi,106000.0,unknown_object,0.2708,903.11,49.92,931.84,88.99,1122.2,28.72,39.07,0.735,False,,True,unattributed,18,evt_S-61_desk_work_surface_0004,c32e4919eabbcead,native_source_context_fallback,wrist_confidence_below_floor,9409.0,6.58,,1,cam12/e1/v1,rtmpose_baseline
full,03.CCTV Mobile Usage.mkv,632de9ed55947761d56d4c6142a3cb1a1fe69d0b1a6d0e01a2e404c697962623,dfine_sahi,106067.0,monitor_or_bezel,0.4864,815.01,8.53,844.58,44.52,1064.3,29.57,36.0,0.821,False,,True,unattributed,18,evt_S-61_upper_body_0018,031f56c00e7bc06c,native_source_context_fallback,wrist_confidence_below_floor,9410.0,6.59,,1,cam12/e1/v1,rtmpose_baseline
full,03.CCTV Mobile Usage.mkv,632de9ed55947761d56d4c6142a3cb1a1fe69d0b1a6d0e01a2e404c697962623,dfine_sahi,106067.0,monitor_or_bezel,0.3397,794.07,29.04,843.07,44.83,773.7,49.0,15.79,3.103,False,,True,unattributed,18,evt_S-61_upper_body_0018,031f56c00e7bc06c,native_source_context_fallback,wrist_confidence_below_floor,9410.0,6.59,,1,cam12/e1/v1,rtmpose_baseline
full,03.CCTV Mobile Usage.mkv,632de9ed55947761d56d4c6142a3cb1a1fe69d0b1a6d0e01a2e404c697962623,dfine_sahi,106067.0,unknown_object,0.3206,794.05,0.29,889.92,95.58,9135.8,95.87,95.29,1.006,False,,True,unattributed,18,evt_S-61_upper_body_0018,031f56c00e7bc06c,native_source_context_fallback,wrist_confidence_below_floor,9410.0,6.59,,1,cam12/e1/v1,rtmpose_baseline
full,03.CCTV Mobile Usage.mkv,632de9ed55947761d56d4c6142a3cb1a1fe69d0b1a6d0e01a2e404c697962623,dfine_sahi,106067.0,unknown_object,0.3123,847.54,83.07,859.98,97.31,177.2,12.44,14.24,0.874,False,,True,unattributed,18,evt_S-61_upper_body_0018,031f56c00e7bc06c,native_source_context_fallback,wrist_confidence_below_floor,9410.0,6.59,,1,cam12/e1/v1,rtmpose_baseline
full,03.CCTV Mobile Usage.mkv,632de9ed55947761d56d4c6142a3cb1a1fe69d0b1a6d0e01a2e404c697962623,dfine_sahi,106067.0,bag,0.31,836.07,42.99,910.77,93.43,3767.6,74.7,50.44,1.481,False,,True,unattributed,18,evt_S-61_upper_body_0018,031f56c00e7bc06c,native_source_context_fallback,wrist_confidence_below_floor,9410.0,6.59,,1,cam12/e1/v1,rtmpose_baseline
full,03.CCTV Mobile Usage.mkv,632de9ed55947761d56d4c6142a3cb1a1fe69d0b1a6d0e01a2e404c697962623,dfine_sahi,106067.0,unknown_object,0.2595,903.27,49.56,931.96,95.45,1316.2,28.69,45.89,0.625,False,,True,unattributed,18,evt_S-61_upper_body_0018,031f56c00e7bc06c,native_source_context_fallback,wrist_confidence_below_floor,9410.0,6.59,,1,cam12/e1/v1,rtmpose_baseline
full,03.CCTV Mobile Usage.mkv,632de9ed55947761d56d4c6142a3cb1a1fe69d0b1a6d0e01a2e404c697962623,dfine_sahi,106067.0,unknown_object,0.2592,836.11,83.11,931.8,124.79,3987.7,95.69,41.67,2.296,False,,True,unattributed,18,evt_S-61_upper_body_0018,031f56c00e7bc06c,native_source_context_fallback,wrist_confidence_below_floor,9410.0,6.59,,1,cam12/e1/v1,rtmpose_baseline
full,03.CCTV Mobile Usage.mkv,632de9ed55947761d56d4c6142a3cb1a1fe69d0b1a6d0e01a2e404c697962623,dfine_sahi,106067.0,keyboard,0.9058,962.22,451.91,1067.94,491.47,4183.1,105.72,39.57,2.672,False,,True,R-desk,21,evt_S-61_upper_body_0018,16beff7bd8032466,lap_bag_context,no_pose_observation,34560.0,1.33,,1,cam12/e1/v1,
full,03.CCTV Mobile Usage.mkv,632de9ed55947761d56d4c6142a3cb1a1fe69d0b1a6d0e01a2e404c697962623,dfine_sahi,106067.0,mouse,0.7782,865.15,413.46,891.28,434.93,561.1,26.13,21.48,1.217,False,,True,R-desk,21,evt_S-61_upper_body_0018,16beff7bd8032466,lap_bag_context,no_pose_observation,34560.0,1.33,,1,cam12/e1/v1,
full,03.CCTV Mobile Usage.mkv,632de9ed55947761d56d4c6142a3cb1a1fe69d0b1a6d0e01a2e404c697962623,dfine_sahi,106067.0,keyboard,0.752,772.32,380.14,870.48,420.25,3937.3,98.17,40.11,2.448,False,,True,R-desk,21,evt_S-61_upper_body_0018,16beff7bd8032466,lap_bag_context,no_pose_observation,34560.0,1.33,,1,cam12/e1/v1,
full,03.CCTV Mobile Usage.mkv,632de9ed55947761d56d4c6142a3cb1a1fe69d0b1a6d0e01a2e404c697962623,dfine_sahi,106067.0,monitor_or_bezel,0.7461,910.14,411.25,1141.91,506.35,22041.4,231.77,95.1,2.437,False,,True,R-desk,21,evt_S-61_upper_body_0018,16beff7bd8032466,lap_bag_context,no_pose_observation,34560.0,1.33,,1,cam12/e1/v1,
full,03.CCTV Mobile Usage.mkv,632de9ed55947761d56d4c6142a3cb1a1fe69d0b1a6d0e01a2e404c697962623,dfine_sahi,106067.0,phone,0.7325,1043.38,421.79,1111.71,474.0,3567.1,68.33,52.21,1.309,False,,True,R-desk,21,evt_S-61_upper_body_0018,16beff7bd8032466,lap_bag_context,no_pose_observation,34560.0,1.33,,1,cam12/e1/v1,
full,03.CCTV Mobile Usage.mkv,632de9ed55947761d56d4c6142a3cb1a1fe69d0b1a6d0e01a2e404c697962623,dfine_sahi,106067.0,monitor_or_bezel,0.6606,707.76,379.9,969.53,474.68,24811.5,261.77,94.78,2.762,False,,True,R-desk,21,evt_S-61_upper_body_0018,16beff7bd8032466,lap_bag_context,no_pose_observation,34560.0,1.33,,1,cam12/e1/v1,
full,03.CCTV Mobile Usage.mkv,632de9ed55947761d56d4c6142a3cb1a1fe69d0b1a6d0e01a2e404c697962623,dfine_sahi,106067.0,monitor_or_bezel,0.6477,1018.74,395.62,1145.88,448.0,6660.0,127.14,52.38,2.427,False,,True,R-desk,21,evt_S-61_upper_body_0018,16beff7bd8032466,lap_bag_context,no_pose_observation,34560.0,1.33,,1,cam12/e1/v1,
full,03.CCTV Mobile Usage.mkv,632de9ed55947761d56d4c6142a3cb1a1fe69d0b1a6d0e01a2e404c697962623,dfine_sahi,106067.0,keyboard,0.6397,963.11,452.28,1034.28,475.55,1655.7,71.17,23.27,3.059,False,,True,R-desk,21,evt_S-61_upper_body_0018,16beff7bd8032466,lap_bag_context,no_pose_observation,34560.0,1.33,,1,cam12/e1/v1,
full,03.CCTV Mobile Usage.mkv,632de9ed55947761d56d4c6142a3cb1a1fe69d0b1a6d0e01a2e404c697962623,dfine_sahi,106067.0,monitor_or_bezel,0.6033,962.92,380.52,1152.96,474.92,17940.1,190.04,94.4,2.013,False,,True,R-desk,21,evt_S-61_upper_body_0018,16beff7bd8032466,lap_bag_context,no_pose_observation,34560.0,1.33,,1,cam12/e1/v1,
full,03.CCTV Mobile Usage.mkv,632de9ed55947761d56d4c6142a3cb1a1fe69d0b1a6d0e01a2e404c697962623,dfine_sahi,106067.0,unknown_object,0.5366,699.83,411.18,870.71,506.24,16243.6,170.88,95.06,1.798,False,,True,R-desk,21,evt_S-61_upper_body_0018,16beff7bd8032466,lap_bag_context,no_pose_observation,34560.0,1.33,,1,cam12/e1/v1,
full,03.CCTV Mobile Usage.mkv,632de9ed55947761d56d4c6142a3cb1a1fe69d0b1a6d0e01a2e404c697962623,dfine_sahi,106067.0,unknown_object,0.5094,700.01,380.49,758.25,474.92,5500.4,58.24,94.44,0.617,False,,True,R-desk,21,evt_S-61_upper_body_0018,16beff7bd8032466,lap_bag_context,no_pose_observation,34560.0,1.33,,1,cam12/e1/v1,
full,03.CCTV Mobile Usage.mkv,632de9ed55947761d56d4c6142a3cb1a1fe69d0b1a6d0e01a2e404c697962623,dfine_sahi,106067.0,keyboard,0.4832,802.47,396.26,870.74,420.59,1661.2,68.27,24.33,2.806,False,,True,R-desk,21,evt_S-61_upper_body_0018,16beff7bd8032466,lap_bag_context,no_pose_observation,34560.0,1.33,,1,cam12/e1/v1,
full,03.CCTV Mobile Usage.mkv,632de9ed55947761d56d4c6142a3cb1a1fe69d0b1a6d0e01a2e404c697962623,dfine_sahi,106067.0,unknown_object,0.4777,766.72,410.98,969.84,505.88,19274.2,203.12,94.89,2.141,False,,True,R-desk,21,evt_S-61_upper_body_0018,16beff7bd8032466,lap_bag_context,no_pose_observation,34560.0,1.33,,1,cam12/e1/v1,
full,03.CCTV Mobile Usage.mkv,632de9ed55947761d56d4c6142a3cb1a1fe69d0b1a6d0e01a2e404c697962623,dfine_sahi,106067.0,keyboard,0.3496,910.1,411.38,1092.46,506.2,17290.8,182.36,94.82,1.923,False,,True,R-desk,21,evt_S-61_upper_body_0018,16beff7bd8032466,lap_bag_context,no_pose_observation,34560.0,1.33,,1,cam12/e1/v1,
full,03.CCTV Mobile Usage.mkv,632de9ed55947761d56d4c6142a3cb1a1fe69d0b1a6d0e01a2e404c697962623,dfine_sahi,106067.0,unknown_object,0.3482,700.06,380.29,836.56,475.37,12978.1,136.5,95.08,1.436,False,,True,R-desk,21,evt_S-61_upper_body_0018,16beff7bd8032466,lap_bag_context,no_pose_observation,34560.0,1.33,,1,cam12/e1/v1,
full,03.CCTV Mobile Usage.mkv,632de9ed55947761d56d4c6142a3cb1a1fe69d0b1a6d0e01a2e404c697962623,dfine_sahi,106067.0,keyboard,0.3209,964.36,397.55,1095.42,474.91,10139.7,131.06,77.37,1.694,False,,True,R-desk,21,evt_S-61_upper_body_0018,16beff7bd8032466,lap_bag_context,no_pose_observation,34560.0,1.33,,1,cam12/e1/v1,
full,03.CCTV Mobile Usage.mkv,632de9ed55947761d56d4c6142a3cb1a1fe69d0b1a6d0e01a2e404c697962623,dfine_sahi,106067.0,mouse,0.308,967.03,398.4,991.99,410.65,305.7,24.96,12.25,2.038,False,,True,R-desk,21,evt_S-61_upper_body_0018,16beff7bd8032466,lap_bag_context,no_pose_observation,34560.0,1.33,,1,cam12/e1/v1,
full,03.CCTV Mobile Usage.mkv,632de9ed55947761d56d4c6142a3cb1a1fe69d0b1a6d0e01a2e404c697962623,dfine_sahi,106067.0,monitor_or_bezel,0.3043,881.28,396.16,949.08,452.59,3825.8,67.8,56.43,1.202,False,,True,R-desk,21,evt_S-61_upper_body_0018,16beff7bd8032466,lap_bag_context,no_pose_observation,34560.0,1.33,,1,cam12/e1/v1,
full,03.CCTV Mobile Usage.mkv,632de9ed55947761d56d4c6142a3cb1a1fe69d0b1a6d0e01a2e404c697962623,dfine_sahi,106067.0,keyboard,0.2895,882.11,380.2,964.81,452.59,5986.6,82.7,72.39,1.142,False,,True,R-desk,21,evt_S-61_upper_body_0018,16beff7bd8032466,lap_bag_context,no_pose_observation,34560.0,1.33,,1,cam12/e1/v1,
full,03.CCTV Mobile Usage.mkv,632de9ed55947761d56d4c6142a3cb1a1fe69d0b1a6d0e01a2e404c697962623,dfine_sahi,106067.0,mouse,0.2758,990.72,399.4,1026.76,413.41,504.6,36.03,14.0,2.573,False,,True,R-desk,21,evt_S-61_upper_body_0018,16beff7bd8032466,lap_bag_context,no_pose_observation,34560.0,1.33,,1,cam12/e1/v1,
full,03.CCTV Mobile Usage.mkv,632de9ed55947761d56d4c6142a3cb1a1fe69d0b1a6d0e01a2e404c697962623,dfine_sahi,106067.0,phone,0.2661,1053.45,411.47,1140.1,446.99,3077.9,86.66,35.52,2.44,False,,True,R-desk,21,evt_S-61_upper_body_0018,16beff7bd8032466,lap_bag_context,no_pose_observation,34560.0,1.33,,1,cam12/e1/v1,
full,03.CCTV Mobile Usage.mkv,632de9ed55947761d56d4c6142a3cb1a1fe69d0b1a6d0e01a2e404c697962623,dfine_sahi,106067.0,unknown_object,0.2609,881.67,411.12,932.93,452.71,2132.3,51.26,41.6,1.232,False,,True,R-desk,21,evt_S-61_upper_body_0018,16beff7bd8032466,lap_bag_context,no_pose_observation,34560.0,1.33,,1,cam12/e1/v1,
full,03.CCTV Mobile Usage.mkv,632de9ed55947761d56d4c6142a3cb1a1fe69d0b1a6d0e01a2e404c697962623,dfine_sahi,106067.0,bag,0.562,542.89,9.44,609.45,94.24,5643.8,66.56,84.8,0.785,False,,True,unattributed,23,evt_S-61_upper_body_0018,8df53ea7b81cf515,native_source_context_fallback,no_pose_observation,6568.5,7.0,,1,cam12/e1/v1,
full,03.CCTV Mobile Usage.mkv,632de9ed55947761d56d4c6142a3cb1a1fe69d0b1a6d0e01a2e404c697962623,dfine_sahi,106067.0,unknown_object,0.5524,545.02,52.18,573.93,89.79,1087.4,28.91,37.61,0.769,False,,True,unattributed,23,evt_S-61_upper_body_0018,8df53ea7b81cf515,native_source_context_fallback,no_pose_observation,6568.5,7.0,,1,cam12/e1/v1,
full,03.CCTV Mobile Usage.mkv,632de9ed55947761d56d4c6142a3cb1a1fe69d0b1a6d0e01a2e404c697962623,dfine_sahi,106067.0,phone,0.4824,547.05,9.03,610.87,95.21,5500.0,63.82,86.18,0.741,False,,True,unattributed,23,evt_S-61_upper_body_0018,8df53ea7b81cf515,native_source_context_fallback,no_pose_observation,6568.5,7.0,,1,cam12/e1/v1,
full,03.CCTV Mobile Usage.mkv,632de9ed55947761d56d4c6142a3cb1a1fe69d0b1a6d0e01a2e404c697962623,dfine_sahi,106067.0,unknown_object,0.4526,543.69,17.32,609.4,106.57,5864.4,65.71,89.24,0.736,False,,True,unattributed,23,evt_S-61_upper_body_0018,8df53ea7b81cf515,native_source_context_fallback,no_pose_observation,6568.5,7.0,,1,cam12/e1/v1,
full,03.CCTV Mobile Usage.mkv,632de9ed55947761d56d4c6142a3cb1a1fe69d0b1a6d0e01a2e404c697962623,dfine_sahi,106067.0,unknown_object,0.4311,563.55,52.79,607.12,105.23,2285.0,43.57,52.44,0.831,False,,True,unattributed,23,evt_S-61_upper_body_0018,8df53ea7b81cf515,native_source_context_fallback,no_pose_observation,6568.5,7.0,,1,cam12/e1/v1,
full,03.CCTV Mobile Usage.mkv,632de9ed55947761d56d4c6142a3cb1a1fe69d0b1a6d0e01a2e404c697962623,dfine_sahi,106067.0,unknown_object,0.4084,514.05,71.26,535.54,83.07,253.8,21.49,11.81,1.82,False,,True,unattributed,23,evt_S-61_upper_body_0018,8df53ea7b81cf515,native_source_context_fallback,no_pose_observation,6568.5,7.0,,1,cam12/e1/v1,
full,03.CCTV Mobile Usage.mkv,632de9ed55947761d56d4c6142a3cb1a1fe69d0b1a6d0e01a2e404c697962623,dfine_sahi,106067.0,stationery,0.3862,606.23,0.2,641.0,95.49,3313.1,34.77,95.29,0.365,False,,True,unattributed,23,evt_S-61_upper_body_0018,8df53ea7b81cf515,native_source_context_fallback,no_pose_observation,6568.5,7.0,,1,cam12/e1/v1,
full,03.CCTV Mobile Usage.mkv,632de9ed55947761d56d4c6142a3cb1a1fe69d0b1a6d0e01a2e404c697962623,dfine_sahi,106067.0,phone,0.3787,571.62,52.73,606.29,95.06,1467.7,34.67,42.33,0.819,False,,True,unattributed,23,evt_S-61_upper_body_0018,8df53ea7b81cf515,native_source_context_fallback,no_pose_observation,6568.5,7.0,,1,cam12/e1/v1,
full,03.CCTV Mobile Usage.mkv,632de9ed55947761d56d4c6142a3cb1a1fe69d0b1a6d0e01a2e404c697962623,dfine_sahi,106067.0,unknown_object,0.3648,534.69,77.16,547.62,86.1,115.5,12.93,8.93,1.447,True,object footprint 115 px is under the 120 px floor for a call,False,unattributed,23,evt_S-61_upper_body_0018,8df53ea7b81cf515,native_source_context_fallback,no_pose_observation,6568.5,7.0,,1,cam12/e1/v1,
full,03.CCTV Mobile Usage.mkv,632de9ed55947761d56d4c6142a3cb1a1fe69d0b1a6d0e01a2e404c697962623,dfine_sahi,106067.0,unknown_object,0.3127,573.13,52.77,604.39,84.03,977.2,31.26,31.26,1.0,False,,True,unattributed,23,evt_S-61_upper_body_0018,8df53ea7b81cf515,native_source_context_fallback,no_pose_observation,6568.5,7.0,,1,cam12/e1/v1,
full,03.CCTV Mobile Usage.mkv,632de9ed55947761d56d4c6142a3cb1a1fe69d0b1a6d0e01a2e404c697962623,dfine_sahi,106067.0,bag,0.2897,549.14,17.73,608.79,55.23,2236.9,59.65,37.5,1.591,False,,True,unattributed,23,evt_S-61_upper_body_0018,8df53ea7b81cf515,native_source_context_fallback,no_pose_observation,6568.5,7.0,,1,cam12/e1/v1,
full,03.CCTV Mobile Usage.mkv,632de9ed55947761d56d4c6142a3cb1a1fe69d0b1a6d0e01a2e404c697962623,dfine_sahi,106067.0,unknown_object,0.2896,551.72,57.12,563.83,80.76,286.3,12.11,23.64,0.512,False,,True,unattributed,23,evt_S-61_upper_body_0018,8df53ea7b81cf515,native_source_context_fallback,no_pose_observation,6568.5,7.0,,1,cam12/e1/v1,
full,03.CCTV Mobile Usage.mkv,632de9ed55947761d56d4c6142a3cb1a1fe69d0b1a6d0e01a2e404c697962623,dfine_sahi,106067.0,unknown_object,0.2531,514.0,106.77,533.14,112.99,119.1,19.14,6.22,3.077,True,object footprint 119 px is under the 120 px floor for a call,False,unattributed,23,evt_S-61_upper_body_0018,8df53ea7b81cf515,native_source_context_fallback,no_pose_observation,6568.5,7.0,,1,cam12/e1/v1,
full,03.CCTV Mobile Usage.mkv,632de9ed55947761d56d4c6142a3cb1a1fe69d0b1a6d0e01a2e404c697962623,dfine_sahi,106067.0,unknown_object,0.7287,111.08,454.73,177.74,521.01,4417.7,66.65,66.28,1.006,False,,True,S-61,17,evt_S-61_upper_body_0018,d4eced94fe4af9c6,pose_hand_context,,56356.4,2.53,,1,cam12/e1/v1,rtmpose_baseline
full,03.CCTV Mobile Usage.mkv,632de9ed55947761d56d4c6142a3cb1a1fe69d0b1a6d0e01a2e404c697962623,dfine_sahi,106067.0,unknown_object,0.5397,0.05,311.15,124.97,452.44,17651.6,124.93,141.3,0.884,False,,True,S-61,17,evt_S-61_upper_body_0018,d4eced94fe4af9c6,pose_hand_context,,56356.4,2.53,,1,cam12/e1/v1,rtmpose_baseline
full,03.CCTV Mobile Usage.mkv,632de9ed55947761d56d4c6142a3cb1a1fe69d0b1a6d0e01a2e404c697962623,dfine_sahi,106067.0,unknown_object,0.503,97.28,311.27,222.58,452.36,17678.5,125.3,141.09,0.888,False,,True,S-61,17,evt_S-61_upper_body_0018,d4eced94fe4af9c6,pose_hand_context,,56356.4,2.53,,1,cam12/e1/v1,rtmpose_baseline
full,03.CCTV Mobile Usage.mkv,632de9ed55947761d56d4c6142a3cb1a1fe69d0b1a6d0e01a2e404c697962623,dfine_sahi,106067.0,unknown_object,0.4871,38.51,421.12,124.84,473.67,4536.2,86.33,52.54,1.643,False,,True,S-61,17,evt_S-61_upper_body_0018,d4eced94fe4af9c6,pose_hand_context,,56356.4,2.53,,1,cam12/e1/v1,rtmpose_baseline
full,03.CCTV Mobile Usage.mkv,632de9ed55947761d56d4c6142a3cb1a1fe69d0b1a6d0e01a2e404c697962623,dfine_sahi,106067.0,stationery,0.4398,46.78,509.59,84.97,554.41,1712.0,38.19,44.83,0.852,False,,True,S-61,17,evt_S-61_upper_body_0018,d4eced94fe4af9c6,pose_hand_context,,56356.4,2.53,,1,cam12/e1/v1,rtmpose_baseline
full,03.CCTV Mobile Usage.mkv,632de9ed55947761d56d4c6142a3cb1a1fe69d0b1a6d0e01a2e404c697962623,dfine_sahi,106067.0,stationery,0.4366,-0.22,495.47,192.0,563.72,13118.6,192.22,68.25,2.817,False,,True,S-61,17,evt_S-61_upper_body_0018,d4eced94fe4af9c6,pose_hand_context,,56356.4,2.53,,1,cam12/e1/v1,rtmpose_baseline
full,03.CCTV Mobile Usage.mkv,632de9ed55947761d56d4c6142a3cb1a1fe69d0b1a6d0e01a2e404c697962623,dfine_sahi,106067.0,unknown_object,0.4297,0.26,421.11,124.88,507.86,10810.1,124.62,86.75,1.437,False,,True,S-61,17,evt_S-61_upper_body_0018,d4eced94fe4af9c6,pose_hand_context,,56356.4,2.53,,1,cam12/e1/v1,rtmpose_baseline
full,03.CCTV Mobile Usage.mkv,632de9ed55947761d56d4c6142a3cb1a1fe69d0b1a6d0e01a2e404c697962623,dfine_sahi,106067.0,unknown_object,0.2836,134.63,414.43,220.05,452.75,3273.8,85.42,38.33,2.229,False,,True,S-61,17,evt_S-61_upper_body_0018,d4eced94fe4af9c6,pose_hand_context,,56356.4,2.53,,1,cam12/e1/v1,rtmpose_baseline
full,03.CCTV Mobile Usage.mkv,632de9ed55947761d56d4c6142a3cb1a1fe69d0b1a6d0e01a2e404c697962623,dfine_sahi,106067.0,unknown_object,0.2609,38.1,368.11,125.03,452.54,7339.5,86.93,84.43,1.03,False,,True,S-61,17,evt_S-61_upper_body_0018,d4eced94fe4af9c6,pose_hand_context,,56356.4,2.53,,1,cam12/e1/v1,rtmpose_baseline
full,03.CCTV Mobile Usage.mkv,632de9ed55947761d56d4c6142a3cb1a1fe69d0b1a6d0e01a2e404c697962623,dfine_sahi,106067.0,unknown_object,0.2561,17.31,311.09,124.06,384.24,7808.5,106.74,73.15,1.459,False,,True,S-61,17,evt_S-61_upper_body_0018,d4eced94fe4af9c6,pose_hand_context,,56356.4,2.53,,1,cam12/e1/v1,rtmpose_baseline
full,03.CCTV Mobile Usage.mkv,632de9ed55947761d56d4c6142a3cb1a1fe69d0b1a6d0e01a2e404c697962623,dfine_sahi,106500.0,bag,0.6551,548.74,6.77,606.14,57.26,2898.0,57.4,50.49,1.137,False,,True,unattributed,23,evt_S-61_desk_work_surface_0004,039120638806876b,native_source_context_fallback,no_pose_observation,6585.3,6.74,,1,cam12/e1/v1,
full,03.CCTV Mobile Usage.mkv,632de9ed55947761d56d4c6142a3cb1a1fe69d0b1a6d0e01a2e404c697962623,dfine_sahi,106500.0,unknown_object,0.6181,543.08,51.79,574.35,90.61,1213.9,31.27,38.82,0.805,False,,True,unattributed,23,evt_S-61_desk_work_surface_0004,039120638806876b,native_source_context_fallback,no_pose_observation,6585.3,6.74,,1,cam12/e1/v1,
full,03.CCTV Mobile Usage.mkv,632de9ed55947761d56d4c6142a3cb1a1fe69d0b1a6d0e01a2e404c697962623,dfine_sahi,106500.0,phone,0.5137,543.72,20.13,610.36,107.51,5822.5,66.64,87.37,0.763,False,,True,unattributed,23,evt_S-61_desk_work_surface_0004,039120638806876b,native_source_context_fallback,no_pose_observation,6585.3,6.74,,1,cam12/e1/v1,
full,03.CCTV Mobile Usage.mkv,632de9ed55947761d56d4c6142a3cb1a1fe69d0b1a6d0e01a2e404c697962623,dfine_sahi,106500.0,unknown_object,0.4765,512.22,51.2,606.97,107.16,5302.6,94.75,55.96,1.693,False,,True,unattributed,23,evt_S-61_desk_work_surface_0004,039120638806876b,native_source_context_fallback,no_pose_observation,6585.3,6.74,,1,cam12/e1/v1,
full,03.CCTV Mobile Usage.mkv,632de9ed55947761d56d4c6142a3cb1a1fe69d0b1a6d0e01a2e404c697962623,dfine_sahi,106500.0,unknown_object,0.3679,605.87,20.26,638.97,113.68,3092.1,33.1,93.42,0.354,False,,True,unattributed,23,evt_S-61_desk_work_surface_0004,039120638806876b,native_source_context_fallback,no_pose_observation,6585.3,6.74,,1,cam12/e1/v1,
full,03.CCTV Mobile Usage.mkv,632de9ed55947761d56d4c6142a3cb1a1fe69d0b1a6d0e01a2e404c697962623,dfine_sahi,106500.0,phone,0.3298,563.66,52.79,606.99,106.09,2309.4,43.33,53.3,0.813,False,,True,unattributed,23,evt_S-61_desk_work_surface_0004,039120638806876b,native_source_context_fallback,no_pose_observation,6585.3,6.74,,1,cam12/e1/v1,
full,03.CCTV Mobile Usage.mkv,632de9ed55947761d56d4c6142a3cb1a1fe69d0b1a6d0e01a2e404c697962623,dfine_sahi,106500.0,unknown_object,0.3069,563.41,52.78,606.68,105.38,2275.7,43.26,52.6,0.823,False,,True,unattributed,23,evt_S-61_desk_work_surface_0004,039120638806876b,native_source_context_fallback,no_pose_observation,6585.3,6.74,,1,cam12/e1/v1,
full,03.CCTV Mobile Usage.mkv,632de9ed55947761d56d4c6142a3cb1a1fe69d0b1a6d0e01a2e404c697962623,dfine_sahi,106500.0,unknown_object,0.3009,512.15,71.15,534.96,83.06,271.9,22.82,11.92,1.915,False,,True,unattributed,23,evt_S-61_desk_work_surface_0004,039120638806876b,native_source_context_fallback,no_pose_observation,6585.3,6.74,,1,cam12/e1/v1,
full,03.CCTV Mobile Usage.mkv,632de9ed55947761d56d4c6142a3cb1a1fe69d0b1a6d0e01a2e404c697962623,dfine_sahi,106500.0,unknown_object,0.2938,551.36,57.21,563.86,80.97,296.8,12.49,23.76,0.526,False,,True,unattributed,23,evt_S-61_desk_work_surface_0004,039120638806876b,native_source_context_fallback,no_pose_observation,6585.3,6.74,,1,cam12/e1/v1,
full,03.CCTV Mobile Usage.mkv,632de9ed55947761d56d4c6142a3cb1a1fe69d0b1a6d0e01a2e404c697962623,dfine_sahi,106500.0,unknown_object,0.2901,543.03,20.09,638.96,115.38,9140.4,95.93,95.28,1.007,False,,True,unattributed,23,evt_S-61_desk_work_surface_0004,039120638806876b,native_source_context_fallback,no_pose_observation,6585.3,6.74,,1,cam12/e1/v1,
full,03.CCTV Mobile Usage.mkv,632de9ed55947761d56d4c6142a3cb1a1fe69d0b1a6d0e01a2e404c697962623,dfine_sahi,106500.0,bag,0.287,543.98,20.18,607.61,106.69,5504.9,63.63,86.51,0.736,False,,True,unattributed,23,evt_S-61_desk_work_surface_0004,039120638806876b,native_source_context_fallback,no_pose_observation,6585.3,6.74,,1,cam12/e1/v1,
full,03.CCTV Mobile Usage.mkv,632de9ed55947761d56d4c6142a3cb1a1fe69d0b1a6d0e01a2e404c697962623,dfine_sahi,106500.0,phone,0.2784,573.76,52.96,604.86,83.7,955.9,31.1,30.73,1.012,False,,True,unattributed,23,evt_S-61_desk_work_surface_0004,039120638806876b,native_source_context_fallback,no_pose_observation,6585.3,6.74,,1,cam12/e1/v1,
full,03.CCTV Mobile Usage.mkv,632de9ed55947761d56d4c6142a3cb1a1fe69d0b1a6d0e01a2e404c697962623,dfine_sahi,106500.0,unknown_object,0.2726,574.14,53.03,603.94,83.52,908.2,29.79,30.48,0.977,False,,True,unattributed,23,evt_S-61_desk_work_surface_0004,039120638806876b,native_source_context_fallback,no_pose_observation,6585.3,6.74,,1,cam12/e1/v1,
full,03.CCTV Mobile Usage.mkv,632de9ed55947761d56d4c6142a3cb1a1fe69d0b1a6d0e01a2e404c697962623,dfine_sahi,106500.0,keyboard,0.9069,962.2,451.9,1067.99,491.47,4185.9,105.78,39.57,2.673,False,,True,R-desk,21,evt_S-61_desk_work_surface_0004,5328ad095fb4cb28,lap_bag_context,wrist_confidence_below_floor,34560.0,1.33,,1,cam12/e1/v1,rtmpose_baseline
full,03.CCTV Mobile Usage.mkv,632de9ed55947761d56d4c6142a3cb1a1fe69d0b1a6d0e01a2e404c697962623,dfine_sahi,106500.0,monitor_or_bezel,0.7672,910.15,411.26,1142.02,506.33,22044.5,231.87,95.07,2.439,False,,True,R-desk,21,evt_S-61_desk_work_surface_0004,5328ad095fb4cb28,lap_bag_context,wrist_confidence_below_floor,34560.0,1.33,,1,cam12/e1/v1,rtmpose_baseline
full,03.CCTV Mobile Usage.mkv,632de9ed55947761d56d4c6142a3cb1a1fe69d0b1a6d0e01a2e404c697962623,dfine_sahi,106500.0,mouse,0.7487,865.22,413.54,891.17,435.04,557.9,25.95,21.5,1.207,False,,True,R-desk,21,evt_S-61_desk_work_surface_0004,5328ad095fb4cb28,lap_bag_context,wrist_confidence_below_floor,34560.0,1.33,,1,cam12/e1/v1,rtmpose_baseline
full,03.CCTV Mobile Usage.mkv,632de9ed55947761d56d4c6142a3cb1a1fe69d0b1a6d0e01a2e404c697962623,dfine_sahi,106500.0,keyboard,0.7442,772.11,380.14,870.56,420.26,3949.8,98.44,40.12,2.454,False,,True,R-desk,21,evt_S-61_desk_work_surface_0004,5328ad095fb4cb28,lap_bag_context,wrist_confidence_below_floor,34560.0,1.33,,1,cam12/e1/v1,rtmpose_baseline
full,03.CCTV Mobile Usage.mkv,632de9ed55947761d56d4c6142a3cb1a1fe69d0b1a6d0e01a2e404c697962623,dfine_sahi,106500.0,phone,0.7162,1043.39,421.67,1111.84,473.99,3581.0,68.45,52.32,1.308,False,,True,R-desk,21,evt_S-61_desk_work_surface_0004,5328ad095fb4cb28,lap_bag_context,wrist_confidence_below_floor,34560.0,1.33,,1,cam12/e1/v1,rtmpose_baseline
full,03.CCTV Mobile Usage.mkv,632de9ed55947761d56d4c6142a3cb1a1fe69d0b1a6d0e01a2e404c697962623,dfine_sahi,106500.0,monitor_or_bezel,0.6468,1018.6,395.62,1145.91,447.91,6657.5,127.31,52.29,2.435,False,,True,R-desk,21,evt_S-61_desk_work_surface_0004,5328ad095fb4cb28,lap_bag_context,wrist_confidence_below_floor,34560.0,1.33,,1,cam12/e1/v1,rtmpose_baseline
full,03.CCTV Mobile Usage.mkv,632de9ed55947761d56d4c6142a3cb1a1fe69d0b1a6d0e01a2e404c697962623,dfine_sahi,106500.0,keyboard,0.6451,963.07,452.29,1034.57,475.57,1664.5,71.51,23.28,3.072,False,,True,R-desk,21,evt_S-61_desk_work_surface_0004,5328ad095fb4cb28,lap_bag_context,wrist_confidence_below_floor,34560.0,1.33,,1,cam12/e1/v1,rtmpose_baseline
full,03.CCTV Mobile Usage.mkv,632de9ed55947761d56d4c6142a3cb1a1fe69d0b1a6d0e01a2e404c697962623,dfine_sahi,106500.0,monitor_or_bezel,0.632,706.97,379.9,969.06,474.71,24848.4,262.09,94.81,2.764,False,,True,R-desk,21,evt_S-61_desk_work_surface_0004,5328ad095fb4cb28,lap_bag_context,wrist_confidence_below_floor,34560.0,1.33,,1,cam12/e1/v1,rtmpose_baseline
full,03.CCTV Mobile Usage.mkv,632de9ed55947761d56d4c6142a3cb1a1fe69d0b1a6d0e01a2e404c697962623,dfine_sahi,106500.0,monitor_or_bezel,0.6151,963.43,380.44,1152.84,474.96,17903.4,189.42,94.52,2.004,False,,True,R-desk,21,evt_S-61_desk_work_surface_0004,5328ad095fb4cb28,lap_bag_context,wrist_confidence_below_floor,34560.0,1.33,,1,cam12/e1/v1,rtmpose_baseline
full,03.CCTV Mobile Usage.mkv,632de9ed55947761d56d4c6142a3cb1a1fe69d0b1a6d0e01a2e404c697962623,dfine_sahi,106500.0,unknown_object,0.5909,699.87,411.18,871.02,506.21,16265.4,171.15,95.04,1.801,False,,True,R-desk,21,evt_S-61_desk_work_surface_0004,5328ad095fb4cb28,lap_bag_context,wrist_confidence_below_floor,34560.0,1.33,,1,cam12/e1/v1,rtmpose_baseline
full,03.CCTV Mobile Usage.mkv,632de9ed55947761d56d4c6142a3cb1a1fe69d0b1a6d0e01a2e404c697962623,dfine_sahi,106500.0,unknown_object,0.5015,700.0,380.46,758.49,474.92,5524.6,58.49,94.46,0.619,False,,True,R-desk,21,evt_S-61_desk_work_surface_0004,5328ad095fb4cb28,lap_bag_context,wrist_confidence_below_floor,34560.0,1.33,,1,cam12/e1/v1,rtmpose_baseline
full,03.CCTV Mobile Usage.mkv,632de9ed55947761d56d4c6142a3cb1a1fe69d0b1a6d0e01a2e404c697962623,dfine_sahi,106500.0,unknown_object,0.4959,767.73,410.99,969.86,505.87,19178.0,202.13,94.88,2.13,False,,True,R-desk,21,evt_S-61_desk_work_surface_0004,5328ad095fb4cb28,lap_bag_context,wrist_confidence_below_floor,34560.0,1.33,,1,cam12/e1/v1,rtmpose_baseline
full,03.CCTV Mobile Usage.mkv,632de9ed55947761d56d4c6142a3cb1a1fe69d0b1a6d0e01a2e404c697962623,dfine_sahi,106500.0,keyboard,0.4604,802.48,396.25,870.72,420.63,1663.5,68.23,24.38,2.799,False,,True,R-desk,21,evt_S-61_desk_work_surface_0004,5328ad095fb4cb28,lap_bag_context,wrist_confidence_below_floor,34560.0,1.33,,1,cam12/e1/v1,rtmpose_baseline
full,03.CCTV Mobile Usage.mkv,632de9ed55947761d56d4c6142a3cb1a1fe69d0b1a6d0e01a2e404c697962623,dfine_sahi,106500.0,keyboard,0.3422,910.11,411.33,1092.24,506.18,17276.6,182.14,94.86,1.92,False,,True,R-desk,21,evt_S-61_desk_work_surface_0004,5328ad095fb4cb28,lap_bag_context,wrist_confidence_below_floor,34560.0,1.33,,1,cam12/e1/v1,rtmpose_baseline
full,03.CCTV Mobile Usage.mkv,632de9ed55947761d56d4c6142a3cb1a1fe69d0b1a6d0e01a2e404c697962623,dfine_sahi,106500.0,unknown_object,0.3376,700.06,380.31,837.6,475.35,13072.0,137.54,95.04,1.447,False,,True,R-desk,21,evt_S-61_desk_work_surface_0004,5328ad095fb4cb28,lap_bag_context,wrist_confidence_below_floor,34560.0,1.33,,1,cam12/e1/v1,rtmpose_baseline
full,03.CCTV Mobile Usage.mkv,632de9ed55947761d56d4c6142a3cb1a1fe69d0b1a6d0e01a2e404c697962623,dfine_sahi,106500.0,keyboard,0.317,964.96,396.47,1096.06,474.96,10289.8,131.1,78.49,1.67,False,,True,R-desk,21,evt_S-61_desk_work_surface_0004,5328ad095fb4cb28,lap_bag_context,wrist_confidence_below_floor,34560.0,1.33,,1,cam12/e1/v1,rtmpose_baseline
full,03.CCTV Mobile Usage.mkv,632de9ed55947761d56d4c6142a3cb1a1fe69d0b1a6d0e01a2e404c697962623,dfine_sahi,106500.0,mouse,0.2997,967.0,398.42,991.91,410.66,304.9,24.91,12.24,2.036,False,,True,R-desk,21,evt_S-61_desk_work_surface_0004,5328ad095fb4cb28,lap_bag_context,wrist_confidence_below_floor,34560.0,1.33,,1,cam12/e1/v1,rtmpose_baseline
full,03.CCTV Mobile Usage.mkv,632de9ed55947761d56d4c6142a3cb1a1fe69d0b1a6d0e01a2e404c697962623,dfine_sahi,106500.0,keyboard,0.2891,881.89,380.15,964.76,452.73,6014.6,82.88,72.57,1.142,False,,True,R-desk,21,evt_S-61_desk_work_surface_0004,5328ad095fb4cb28,lap_bag_context,wrist_confidence_below_floor,34560.0,1.33,,1,cam12/e1/v1,rtmpose_baseline
full,03.CCTV Mobile Usage.mkv,632de9ed55947761d56d4c6142a3cb1a1fe69d0b1a6d0e01a2e404c697962623,dfine_sahi,106500.0,monitor_or_bezel,0.2878,881.33,396.15,949.2,452.57,3829.6,67.88,56.42,1.203,False,,True,R-desk,21,evt_S-61_desk_work_surface_0004,5328ad095fb4cb28,lap_bag_context,wrist_confidence_below_floor,34560.0,1.33,,1,cam12/e1/v1,rtmpose_baseline
full,03.CCTV Mobile Usage.mkv,632de9ed55947761d56d4c6142a3cb1a1fe69d0b1a6d0e01a2e404c697962623,dfine_sahi,106500.0,mouse,0.2736,990.59,399.48,1026.74,413.38,502.7,36.15,13.9,2.6,False,,True,R-desk,21,evt_S-61_desk_work_surface_0004,5328ad095fb4cb28,lap_bag_context,wrist_confidence_below_floor,34560.0,1.33,,1,cam12/e1/v1,rtmpose_baseline
full,03.CCTV Mobile Usage.mkv,632de9ed55947761d56d4c6142a3cb1a1fe69d0b1a6d0e01a2e404c697962623,dfine_sahi,106500.0,unknown_object,0.2508,881.55,411.12,933.15,452.78,2149.5,51.6,41.66,1.239,False,,True,R-desk,21,evt_S-61_desk_work_surface_0004,5328ad095fb4cb28,lap_bag_context,wrist_confidence_below_floor,34560.0,1.33,,1,cam12/e1/v1,rtmpose_baseline
full,03.CCTV Mobile Usage.mkv,632de9ed55947761d56d4c6142a3cb1a1fe69d0b1a6d0e01a2e404c697962623,dfine_sahi,106500.0,keyboard,0.9069,962.2,451.9,1067.99,491.47,4185.9,105.78,39.57,2.673,False,,True,R-desk,22,evt_S-61_desk_work_surface_0004,5328ad095fb4cb28,lap_bag_context,wrist_confidence_below_floor,34560.0,1.33,,1,cam12/e1/v1,rtmpose_baseline
full,03.CCTV Mobile Usage.mkv,632de9ed55947761d56d4c6142a3cb1a1fe69d0b1a6d0e01a2e404c697962623,dfine_sahi,106500.0,monitor_or_bezel,0.7672,910.15,411.26,1142.02,506.33,22044.5,231.87,95.07,2.439,False,,True,R-desk,22,evt_S-61_desk_work_surface_0004,5328ad095fb4cb28,lap_bag_context,wrist_confidence_below_floor,34560.0,1.33,,1,cam12/e1/v1,rtmpose_baseline
full,03.CCTV Mobile Usage.mkv,632de9ed55947761d56d4c6142a3cb1a1fe69d0b1a6d0e01a2e404c697962623,dfine_sahi,106500.0,mouse,0.7487,865.22,413.54,891.17,435.04,557.9,25.95,21.5,1.207,False,,True,R-desk,22,evt_S-61_desk_work_surface_0004,5328ad095fb4cb28,lap_bag_context,wrist_confidence_below_floor,34560.0,1.33,,1,cam12/e1/v1,rtmpose_baseline
full,03.CCTV Mobile Usage.mkv,632de9ed55947761d56d4c6142a3cb1a1fe69d0b1a6d0e01a2e404c697962623,dfine_sahi,106500.0,keyboard,0.7442,772.11,380.14,870.56,420.26,3949.8,98.44,40.12,2.454,False,,True,R-desk,22,evt_S-61_desk_work_surface_0004,5328ad095fb4cb28,lap_bag_context,wrist_confidence_below_floor,34560.0,1.33,,1,cam12/e1/v1,rtmpose_baseline
full,03.CCTV Mobile Usage.mkv,632de9ed55947761d56d4c6142a3cb1a1fe69d0b1a6d0e01a2e404c697962623,dfine_sahi,106500.0,phone,0.7162,1043.39,421.67,1111.84,473.99,3581.0,68.45,52.32,1.308,False,,True,R-desk,22,evt_S-61_desk_work_surface_0004,5328ad095fb4cb28,lap_bag_context,wrist_confidence_below_floor,34560.0,1.33,,1,cam12/e1/v1,rtmpose_baseline
full,03.CCTV Mobile Usage.mkv,632de9ed55947761d56d4c6142a3cb1a1fe69d0b1a6d0e01a2e404c697962623,dfine_sahi,106500.0,monitor_or_bezel,0.6468,1018.6,395.62,1145.91,447.91,6657.5,127.31,52.29,2.435,False,,True,R-desk,22,evt_S-61_desk_work_surface_0004,5328ad095fb4cb28,lap_bag_context,wrist_confidence_below_floor,34560.0,1.33,,1,cam12/e1/v1,rtmpose_baseline
full,03.CCTV Mobile Usage.mkv,632de9ed55947761d56d4c6142a3cb1a1fe69d0b1a6d0e01a2e404c697962623,dfine_sahi,106500.0,keyboard,0.6451,963.07,452.29,1034.57,475.57,1664.5,71.51,23.28,3.072,False,,True,R-desk,22,evt_S-61_desk_work_surface_0004,5328ad095fb4cb28,lap_bag_context,wrist_confidence_below_floor,34560.0,1.33,,1,cam12/e1/v1,rtmpose_baseline
full,03.CCTV Mobile Usage.mkv,632de9ed55947761d56d4c6142a3cb1a1fe69d0b1a6d0e01a2e404c697962623,dfine_sahi,106500.0,monitor_or_bezel,0.632,706.97,379.9,969.06,474.71,24848.4,262.09,94.81,2.764,False,,True,R-desk,22,evt_S-61_desk_work_surface_0004,5328ad095fb4cb28,lap_bag_context,wrist_confidence_below_floor,34560.0,1.33,,1,cam12/e1/v1,rtmpose_baseline
full,03.CCTV Mobile Usage.mkv,632de9ed55947761d56d4c6142a3cb1a1fe69d0b1a6d0e01a2e404c697962623,dfine_sahi,106500.0,monitor_or_bezel,0.6151,963.43,380.44,1152.84,474.96,17903.4,189.42,94.52,2.004,False,,True,R-desk,22,evt_S-61_desk_work_surface_0004,5328ad095fb4cb28,lap_bag_context,wrist_confidence_below_floor,34560.0,1.33,,1,cam12/e1/v1,rtmpose_baseline
full,03.CCTV Mobile Usage.mkv,632de9ed55947761d56d4c6142a3cb1a1fe69d0b1a6d0e01a2e404c697962623,dfine_sahi,106500.0,unknown_object,0.5909,699.87,411.18,871.02,506.21,16265.4,171.15,95.04,1.801,False,,True,R-desk,22,evt_S-61_desk_work_surface_0004,5328ad095fb4cb28,lap_bag_context,wrist_confidence_below_floor,34560.0,1.33,,1,cam12/e1/v1,rtmpose_baseline
full,03.CCTV Mobile Usage.mkv,632de9ed55947761d56d4c6142a3cb1a1fe69d0b1a6d0e01a2e404c697962623,dfine_sahi,106500.0,unknown_object,0.5015,700.0,380.46,758.49,474.92,5524.6,58.49,94.46,0.619,False,,True,R-desk,22,evt_S-61_desk_work_surface_0004,5328ad095fb4cb28,lap_bag_context,wrist_confidence_below_floor,34560.0,1.33,,1,cam12/e1/v1,rtmpose_baseline
full,03.CCTV Mobile Usage.mkv,632de9ed55947761d56d4c6142a3cb1a1fe69d0b1a6d0e01a2e404c697962623,dfine_sahi,106500.0,unknown_object,0.4959,767.73,410.99,969.86,505.87,19178.0,202.13,94.88,2.13,False,,True,R-desk,22,evt_S-61_desk_work_surface_0004,5328ad095fb4cb28,lap_bag_context,wrist_confidence_below_floor,34560.0,1.33,,1,cam12/e1/v1,rtmpose_baseline
full,03.CCTV Mobile Usage.mkv,632de9ed55947761d56d4c6142a3cb1a1fe69d0b1a6d0e01a2e404c697962623,dfine_sahi,106500.0,keyboard,0.4604,802.48,396.25,870.72,420.63,1663.5,68.23,24.38,2.799,False,,True,R-desk,22,evt_S-61_desk_work_surface_0004,5328ad095fb4cb28,lap_bag_context,wrist_confidence_below_floor,34560.0,1.33,,1,cam12/e1/v1,rtmpose_baseline
full,03.CCTV Mobile Usage.mkv,632de9ed55947761d56d4c6142a3cb1a1fe69d0b1a6d0e01a2e404c697962623,dfine_sahi,106500.0,keyboard,0.3422,910.11,411.33,1092.24,506.18,17276.6,182.14,94.86,1.92,False,,True,R-desk,22,evt_S-61_desk_work_surface_0004,5328ad095fb4cb28,lap_bag_context,wrist_confidence_below_floor,34560.0,1.33,,1,cam12/e1/v1,rtmpose_baseline
full,03.CCTV Mobile Usage.mkv,632de9ed55947761d56d4c6142a3cb1a1fe69d0b1a6d0e01a2e404c697962623,dfine_sahi,106500.0,unknown_object,0.3376,700.06,380.31,837.6,475.35,13072.0,137.54,95.04,1.447,False,,True,R-desk,22,evt_S-61_desk_work_surface_0004,5328ad095fb4cb28,lap_bag_context,wrist_confidence_below_floor,34560.0,1.33,,1,cam12/e1/v1,rtmpose_baseline
full,03.CCTV Mobile Usage.mkv,632de9ed55947761d56d4c6142a3cb1a1fe69d0b1a6d0e01a2e404c697962623,dfine_sahi,106500.0,keyboard,0.317,964.96,396.47,1096.06,474.96,10289.8,131.1,78.49,1.67,False,,True,R-desk,22,evt_S-61_desk_work_surface_0004,5328ad095fb4cb28,lap_bag_context,wrist_confidence_below_floor,34560.0,1.33,,1,cam12/e1/v1,rtmpose_baseline
full,03.CCTV Mobile Usage.mkv,632de9ed55947761d56d4c6142a3cb1a1fe69d0b1a6d0e01a2e404c697962623,dfine_sahi,106500.0,mouse,0.2997,967.0,398.42,991.91,410.66,304.9,24.91,12.24,2.036,False,,True,R-desk,22,evt_S-61_desk_work_surface_0004,5328ad095fb4cb28,lap_bag_context,wrist_confidence_below_floor,34560.0,1.33,,1,cam12/e1/v1,rtmpose_baseline
full,03.CCTV Mobile Usage.mkv,632de9ed55947761d56d4c6142a3cb1a1fe69d0b1a6d0e01a2e404c697962623,dfine_sahi,106500.0,keyboard,0.2891,881.89,380.15,964.76,452.73,6014.6,82.88,72.57,1.142,False,,True,R-desk,22,evt_S-61_desk_work_surface_0004,5328ad095fb4cb28,lap_bag_context,wrist_confidence_below_floor,34560.0,1.33,,1,cam12/e1/v1,rtmpose_baseline
full,03.CCTV Mobile Usage.mkv,632de9ed55947761d56d4c6142a3cb1a1fe69d0b1a6d0e01a2e404c697962623,dfine_sahi,106500.0,monitor_or_bezel,0.2878,881.33,396.15,949.2,452.57,3829.6,67.88,56.42,1.203,False,,True,R-desk,22,evt_S-61_desk_work_surface_0004,5328ad095fb4cb28,lap_bag_context,wrist_confidence_below_floor,34560.0,1.33,,1,cam12/e1/v1,rtmpose_baseline
full,03.CCTV Mobile Usage.mkv,632de9ed55947761d56d4c6142a3cb1a1fe69d0b1a6d0e01a2e404c697962623,dfine_sahi,106500.0,mouse,0.2736,990.59,399.48,1026.74,413.38,502.7,36.15,13.9,2.6,False,,True,R-desk,22,evt_S-61_desk_work_surface_0004,5328ad095fb4cb28,lap_bag_context,wrist_confidence_below_floor,34560.0,1.33,,1,cam12/e1/v1,rtmpose_baseline
full,03.CCTV Mobile Usage.mkv,632de9ed55947761d56d4c6142a3cb1a1fe69d0b1a6d0e01a2e404c697962623,dfine_sahi,106500.0,unknown_object,0.2508,881.55,411.12,933.15,452.78,2149.5,51.6,41.66,1.239,False,,True,R-desk,22,evt_S-61_desk_work_surface_0004,5328ad095fb4cb28,lap_bag_context,wrist_confidence_below_floor,34560.0,1.33,,1,cam12/e1/v1,rtmpose_baseline
full,03.CCTV Mobile Usage.mkv,632de9ed55947761d56d4c6142a3cb1a1fe69d0b1a6d0e01a2e404c697962623,dfine_sahi,106500.0,monitor_or_bezel,0.7496,794.02,2.32,843.89,45.01,2128.7,49.87,42.69,1.168,False,,True,unattributed,18,evt_S-61_desk_work_surface_0004,8835fd8ef44f249c,native_source_context_fallback,wrist_confidence_below_floor,9442.0,6.57,,1,cam12/e1/v1,rtmpose_baseline
full,03.CCTV Mobile Usage.mkv,632de9ed55947761d56d4c6142a3cb1a1fe69d0b1a6d0e01a2e404c697962623,dfine_sahi,106500.0,monitor_or_bezel,0.5157,794.05,29.04,842.72,46.99,874.1,48.67,17.96,2.71,False,,True,unattributed,18,evt_S-61_desk_work_surface_0004,8835fd8ef44f249c,native_source_context_fallback,wrist_confidence_below_floor,9442.0,6.57,,1,cam12/e1/v1,rtmpose_baseline
full,03.CCTV Mobile Usage.mkv,632de9ed55947761d56d4c6142a3cb1a1fe69d0b1a6d0e01a2e404c697962623,dfine_sahi,106500.0,monitor_or_bezel,0.3232,836.01,10.29,843.99,44.7,274.8,7.99,34.41,0.232,False,,True,unattributed,18,evt_S-61_desk_work_surface_0004,8835fd8ef44f249c,native_source_context_fallback,wrist_confidence_below_floor,9442.0,6.57,,1,cam12/e1/v1,rtmpose_baseline
full,03.CCTV Mobile Usage.mkv,632de9ed55947761d56d4c6142a3cb1a1fe69d0b1a6d0e01a2e404c697962623,dfine_sahi,106500.0,unknown_object,0.3091,794.0,33.18,831.66,68.69,1337.2,37.66,35.51,1.061,False,,True,unattributed,18,evt_S-61_desk_work_surface_0004,8835fd8ef44f249c,native_source_context_fallback,wrist_confidence_below_floor,9442.0,6.57,,1,cam12/e1/v1,rtmpose_baseline
full,03.CCTV Mobile Usage.mkv,632de9ed55947761d56d4c6142a3cb1a1fe69d0b1a6d0e01a2e404c697962623,dfine_sahi,106500.0,bag,0.3013,836.13,45.01,910.93,94.92,3733.0,74.8,49.91,1.499,False,,True,unattributed,18,evt_S-61_desk_work_surface_0004,8835fd8ef44f249c,native_source_context_fallback,wrist_confidence_below_floor,9442.0,6.57,,1,cam12/e1/v1,rtmpose_baseline
full,03.CCTV Mobile Usage.mkv,632de9ed55947761d56d4c6142a3cb1a1fe69d0b1a6d0e01a2e404c697962623,dfine_sahi,106500.0,unknown_object,0.2694,829.15,84.71,889.98,124.59,2425.7,60.84,39.87,1.526,False,,True,unattributed,18,evt_S-61_desk_work_surface_0004,8835fd8ef44f249c,native_source_context_fallback,wrist_confidence_below_floor,9442.0,6.57,,1,cam12/e1/v1,rtmpose_baseline
full,03.CCTV Mobile Usage.mkv,632de9ed55947761d56d4c6142a3cb1a1fe69d0b1a6d0e01a2e404c697962623,dfine_sahi,106500.0,unknown_object,0.267,836.02,29.15,931.86,124.68,9155.9,95.84,95.53,1.003,False,,True,unattributed,18,evt_S-61_desk_work_surface_0004,8835fd8ef44f249c,native_source_context_fallback,wrist_confidence_below_floor,9442.0,6.57,,1,cam12/e1/v1,rtmpose_baseline
full,03.CCTV Mobile Usage.mkv,632de9ed55947761d56d4c6142a3cb1a1fe69d0b1a6d0e01a2e404c697962623,dfine_sahi,106500.0,unknown_object,0.2651,847.52,83.02,860.3,97.24,181.6,12.77,14.22,0.899,False,,True,unattributed,18,evt_S-61_desk_work_surface_0004,8835fd8ef44f249c,native_source_context_fallback,wrist_confidence_below_floor,9442.0,6.57,,1,cam12/e1/v1,rtmpose_baseline
full,03.CCTV Mobile Usage.mkv,632de9ed55947761d56d4c6142a3cb1a1fe69d0b1a6d0e01a2e404c697962623,dfine_sahi,106500.0,unknown_object,0.263,830.97,83.08,911.92,104.85,1761.9,80.94,21.77,3.718,False,,True,unattributed,18,evt_S-61_desk_work_surface_0004,8835fd8ef44f249c,native_source_context_fallback,wrist_confidence_below_floor,9442.0,6.57,,1,cam12/e1/v1,rtmpose_baseline
full,03.CCTV Mobile Usage.mkv,632de9ed55947761d56d4c6142a3cb1a1fe69d0b1a6d0e01a2e404c697962623,dfine_sahi,106500.0,unknown_object,0.2518,794.03,0.33,889.9,95.3,9104.8,95.87,94.97,1.009,False,,True,unattributed,18,evt_S-61_desk_work_surface_0004,8835fd8ef44f249c,native_source_context_fallback,wrist_confidence_below_floor,9442.0,6.57,,1,cam12/e1/v1,rtmpose_baseline
full,03.CCTV Mobile Usage.mkv,632de9ed55947761d56d4c6142a3cb1a1fe69d0b1a6d0e01a2e404c697962623,dfine_sahi,106500.0,unknown_object,0.2506,902.76,89.26,911.99,101.86,116.3,9.23,12.6,0.733,True,object footprint 116 px is under the 120 px floor for a call,False,unattributed,18,evt_S-61_desk_work_surface_0004,8835fd8ef44f249c,native_source_context_fallback,wrist_confidence_below_floor,9442.0,6.57,,1,cam12/e1/v1,rtmpose_baseline
full,03.CCTV Mobile Usage.mkv,632de9ed55947761d56d4c6142a3cb1a1fe69d0b1a6d0e01a2e404c697962623,dfine_sahi,106500.0,unknown_object,0.7933,111.52,454.56,177.71,518.97,4263.4,66.19,64.41,1.028,False,,True,S-61,17,evt_S-61_desk_work_surface_0004,e3bab5cb105d4b75,pose_hand_context,,53066.1,2.63,,1,cam12/e1/v1,rtmpose_baseline
full,03.CCTV Mobile Usage.mkv,632de9ed55947761d56d4c6142a3cb1a1fe69d0b1a6d0e01a2e404c697962623,dfine_sahi,106500.0,unknown_object,0.6093,0.02,315.17,121.97,451.45,16618.3,121.95,136.28,0.895,False,,True,S-61,17,evt_S-61_desk_work_surface_0004,e3bab5cb105d4b75,pose_hand_context,,53066.1,2.63,,1,cam12/e1/v1,rtmpose_baseline
full,03.CCTV Mobile Usage.mkv,632de9ed55947761d56d4c6142a3cb1a1fe69d0b1a6d0e01a2e404c697962623,dfine_sahi,106500.0,unknown_object,0.5411,94.79,333.52,210.48,451.49,13648.3,115.7,117.97,0.981,False,,True,S-61,17,evt_S-61_desk_work_surface_0004,e3bab5cb105d4b75,pose_hand_context,,53066.1,2.63,,1,cam12/e1/v1,rtmpose_baseline
full,03.CCTV Mobile Usage.mkv,632de9ed55947761d56d4c6142a3cb1a1fe69d0b1a6d0e01a2e404c697962623,dfine_sahi,106500.0,unknown_object,0.4947,94.79,422.22,218.2,558.53,16822.1,123.41,136.31,0.905,False,,True,S-61,17,evt_S-61_desk_work_surface_0004,e3bab5cb105d4b75,pose_hand_context,,53066.1,2.63,,1,cam12/e1/v1,rtmpose_baseline
full,03.CCTV Mobile Usage.mkv,632de9ed55947761d56d4c6142a3cb1a1fe69d0b1a6d0e01a2e404c697962623,dfine_sahi,106500.0,unknown_object,0.4308,-0.34,315.13,217.67,558.31,53017.2,218.01,243.19,0.896,False,,True,S-61,17,evt_S-61_desk_work_surface_0004,e3bab5cb105d4b75,pose_hand_context,,53066.1,2.63,,1,cam12/e1/v1,rtmpose_baseline
full,03.CCTV Mobile Usage.mkv,632de9ed55947761d56d4c6142a3cb1a1fe69d0b1a6d0e01a2e404c697962623,dfine_sahi,106500.0,unknown_object,0.4112,38.96,422.15,121.94,474.07,4307.9,82.98,51.92,1.598,False,,True,S-61,17,evt_S-61_desk_work_surface_0004,e3bab5cb105d4b75,pose_hand_context,,53066.1,2.63,,1,cam12/e1/v1,rtmpose_baseline
full,03.CCTV Mobile Usage.mkv,632de9ed55947761d56d4c6142a3cb1a1fe69d0b1a6d0e01a2e404c697962623,dfine_sahi,106500.0,stationery,0.3852,46.48,509.72,85.07,554.06,1710.8,38.58,44.34,0.87,False,,True,S-61,17,evt_S-61_desk_work_surface_0004,e3bab5cb105d4b75,pose_hand_context,,53066.1,2.63,,1,cam12/e1/v1,rtmpose_baseline
full,03.CCTV Mobile Usage.mkv,632de9ed55947761d56d4c6142a3cb1a1fe69d0b1a6d0e01a2e404c697962623,dfine_sahi,106500.0,unknown_object,0.31,135.13,420.61,210.73,451.83,2360.0,75.6,31.22,2.422,False,,True,S-61,17,evt_S-61_desk_work_surface_0004,e3bab5cb105d4b75,pose_hand_context,,53066.1,2.63,,1,cam12/e1/v1,rtmpose_baseline
full,03.CCTV Mobile Usage.mkv,632de9ed55947761d56d4c6142a3cb1a1fe69d0b1a6d0e01a2e404c697962623,dfine_sahi,106500.0,unknown_object,0.2833,-0.6,422.13,122.74,558.45,16812.5,123.33,136.32,0.905,False,,True,S-61,17,evt_S-61_desk_work_surface_0004,e3bab5cb105d4b75,pose_hand_context,,53066.1,2.63,,1,cam12/e1/v1,rtmpose_baseline
full,03.CCTV Mobile Usage.mkv,632de9ed55947761d56d4c6142a3cb1a1fe69d0b1a6d0e01a2e404c697962623,dfine_sahi,106500.0,stationery,0.2826,-0.28,494.96,186.26,558.77,11904.6,186.55,63.82,2.923,False,,True,S-61,17,evt_S-61_desk_work_surface_0004,e3bab5cb105d4b75,pose_hand_context,,53066.1,2.63,,1,cam12/e1/v1,rtmpose_baseline
full,03.CCTV Mobile Usage.mkv,632de9ed55947761d56d4c6142a3cb1a1fe69d0b1a6d0e01a2e404c697962623,dfine_sahi,106567.0,keyboard,0.9069,962.2,451.9,1067.99,491.47,4185.9,105.78,39.57,2.673,False,,True,R-desk,21,evt_S-61_upper_body_0018,0b39d97d19975733,lap_bag_context,wrist_confidence_below_floor,34560.0,1.33,,1,cam12/e1/v1,rtmpose_baseline
full,03.CCTV Mobile Usage.mkv,632de9ed55947761d56d4c6142a3cb1a1fe69d0b1a6d0e01a2e404c697962623,dfine_sahi,106567.0,monitor_or_bezel,0.7672,910.15,411.26,1142.02,506.33,22044.5,231.87,95.07,2.439,False,,True,R-desk,21,evt_S-61_upper_body_0018,0b39d97d19975733,lap_bag_context,wrist_confidence_below_floor,34560.0,1.33,,1,cam12/e1/v1,rtmpose_baseline
full,03.CCTV Mobile Usage.mkv,632de9ed55947761d56d4c6142a3cb1a1fe69d0b1a6d0e01a2e404c697962623,dfine_sahi,106567.0,mouse,0.7487,865.22,413.54,891.17,435.04,557.9,25.95,21.5,1.207,False,,True,R-desk,21,evt_S-61_upper_body_0018,0b39d97d19975733,lap_bag_context,wrist_confidence_below_floor,34560.0,1.33,,1,cam12/e1/v1,rtmpose_baseline
full,03.CCTV Mobile Usage.mkv,632de9ed55947761d56d4c6142a3cb1a1fe69d0b1a6d0e01a2e404c697962623,dfine_sahi,106567.0,keyboard,0.7442,772.11,380.14,870.56,420.26,3949.8,98.44,40.12,2.454,False,,True,R-desk,21,evt_S-61_upper_body_0018,0b39d97d19975733,lap_bag_context,wrist_confidence_below_floor,34560.0,1.33,,1,cam12/e1/v1,rtmpose_baseline
full,03.CCTV Mobile Usage.mkv,632de9ed55947761d56d4c6142a3cb1a1fe69d0b1a6d0e01a2e404c697962623,dfine_sahi,106567.0,phone,0.7162,1043.39,421.67,1111.84,473.99,3581.0,68.45,52.32,1.308,False,,True,R-desk,21,evt_S-61_upper_body_0018,0b39d97d19975733,lap_bag_context,wrist_confidence_below_floor,34560.0,1.33,,1,cam12/e1/v1,rtmpose_baseline
full,03.CCTV Mobile Usage.mkv,632de9ed55947761d56d4c6142a3cb1a1fe69d0b1a6d0e01a2e404c697962623,dfine_sahi,106567.0,monitor_or_bezel,0.6468,1018.6,395.62,1145.91,447.91,6657.5,127.31,52.29,2.435,False,,True,R-desk,21,evt_S-61_upper_body_0018,0b39d97d19975733,lap_bag_context,wrist_confidence_below_floor,34560.0,1.33,,1,cam12/e1/v1,rtmpose_baseline
full,03.CCTV Mobile Usage.mkv,632de9ed55947761d56d4c6142a3cb1a1fe69d0b1a6d0e01a2e404c697962623,dfine_sahi,106567.0,keyboard,0.6451,963.07,452.29,1034.57,475.57,1664.5,71.51,23.28,3.072,False,,True,R-desk,21,evt_S-61_upper_body_0018,0b39d97d19975733,lap_bag_context,wrist_confidence_below_floor,34560.0,1.33,,1,cam12/e1/v1,rtmpose_baseline
full,03.CCTV Mobile Usage.mkv,632de9ed55947761d56d4c6142a3cb1a1fe69d0b1a6d0e01a2e404c697962623,dfine_sahi,106567.0,monitor_or_bezel,0.632,706.97,379.9,969.06,474.71,24848.4,262.09,94.81,2.764,False,,True,R-desk,21,evt_S-61_upper_body_0018,0b39d97d19975733,lap_bag_context,wrist_confidence_below_floor,34560.0,1.33,,1,cam12/e1/v1,rtmpose_baseline
full,03.CCTV Mobile Usage.mkv,632de9ed55947761d56d4c6142a3cb1a1fe69d0b1a6d0e01a2e404c697962623,dfine_sahi,106567.0,monitor_or_bezel,0.6151,963.43,380.44,1152.84,474.96,17903.4,189.42,94.52,2.004,False,,True,R-desk,21,evt_S-61_upper_body_0018,0b39d97d19975733,lap_bag_context,wrist_confidence_below_floor,34560.0,1.33,,1,cam12/e1/v1,rtmpose_baseline
full,03.CCTV Mobile Usage.mkv,632de9ed55947761d56d4c6142a3cb1a1fe69d0b1a6d0e01a2e404c697962623,dfine_sahi,106567.0,unknown_object,0.5909,699.87,411.18,871.02,506.21,16265.4,171.15,95.04,1.801,False,,True,R-desk,21,evt_S-61_upper_body_0018,0b39d97d19975733,lap_bag_context,wrist_confidence_below_floor,34560.0,1.33,,1,cam12/e1/v1,rtmpose_baseline
full,03.CCTV Mobile Usage.mkv,632de9ed55947761d56d4c6142a3cb1a1fe69d0b1a6d0e01a2e404c697962623,dfine_sahi,106567.0,unknown_object,0.5015,700.0,380.46,758.49,474.92,5524.6,58.49,94.46,0.619,False,,True,R-desk,21,evt_S-61_upper_body_0018,0b39d97d19975733,lap_bag_context,wrist_confidence_below_floor,34560.0,1.33,,1,cam12/e1/v1,rtmpose_baseline
full,03.CCTV Mobile Usage.mkv,632de9ed55947761d56d4c6142a3cb1a1fe69d0b1a6d0e01a2e404c697962623,dfine_sahi,106567.0,unknown_object,0.4959,767.73,410.99,969.86,505.87,19178.0,202.13,94.88,2.13,False,,True,R-desk,21,evt_S-61_upper_body_0018,0b39d97d19975733,lap_bag_context,wrist_confidence_below_floor,34560.0,1.33,,1,cam12/e1/v1,rtmpose_baseline
full,03.CCTV Mobile Usage.mkv,632de9ed55947761d56d4c6142a3cb1a1fe69d0b1a6d0e01a2e404c697962623,dfine_sahi,106567.0,keyboard,0.4604,802.48,396.25,870.72,420.63,1663.5,68.23,24.38,2.799,False,,True,R-desk,21,evt_S-61_upper_body_0018,0b39d97d19975733,lap_bag_context,wrist_confidence_below_floor,34560.0,1.33,,1,cam12/e1/v1,rtmpose_baseline
full,03.CCTV Mobile Usage.mkv,632de9ed55947761d56d4c6142a3cb1a1fe69d0b1a6d0e01a2e404c697962623,dfine_sahi,106567.0,keyboard,0.3422,910.11,411.33,1092.24,506.18,17276.6,182.14,94.86,1.92,False,,True,R-desk,21,evt_S-61_upper_body_0018,0b39d97d19975733,lap_bag_context,wrist_confidence_below_floor,34560.0,1.33,,1,cam12/e1/v1,rtmpose_baseline
full,03.CCTV Mobile Usage.mkv,632de9ed55947761d56d4c6142a3cb1a1fe69d0b1a6d0e01a2e404c697962623,dfine_sahi,106567.0,unknown_object,0.3376,700.06,380.31,837.6,475.35,13072.0,137.54,95.04,1.447,False,,True,R-desk,21,evt_S-61_upper_body_0018,0b39d97d19975733,lap_bag_context,wrist_confidence_below_floor,34560.0,1.33,,1,cam12/e1/v1,rtmpose_baseline
full,03.CCTV Mobile Usage.mkv,632de9ed55947761d56d4c6142a3cb1a1fe69d0b1a6d0e01a2e404c697962623,dfine_sahi,106567.0,keyboard,0.317,964.96,396.47,1096.06,474.96,10289.8,131.1,78.49,1.67,False,,True,R-desk,21,evt_S-61_upper_body_0018,0b39d97d19975733,lap_bag_context,wrist_confidence_below_floor,34560.0,1.33,,1,cam12/e1/v1,rtmpose_baseline
full,03.CCTV Mobile Usage.mkv,632de9ed55947761d56d4c6142a3cb1a1fe69d0b1a6d0e01a2e404c697962623,dfine_sahi,106567.0,mouse,0.2997,967.0,398.42,991.91,410.66,304.9,24.91,12.24,2.036,False,,True,R-desk,21,evt_S-61_upper_body_0018,0b39d97d19975733,lap_bag_context,wrist_confidence_below_floor,34560.0,1.33,,1,cam12/e1/v1,rtmpose_baseline
full,03.CCTV Mobile Usage.mkv,632de9ed55947761d56d4c6142a3cb1a1fe69d0b1a6d0e01a2e404c697962623,dfine_sahi,106567.0,keyboard,0.2891,881.89,380.15,964.76,452.73,6014.6,82.88,72.57,1.142,False,,True,R-desk,21,evt_S-61_upper_body_0018,0b39d97d19975733,lap_bag_context,wrist_confidence_below_floor,34560.0,1.33,,1,cam12/e1/v1,rtmpose_baseline
full,03.CCTV Mobile Usage.mkv,632de9ed55947761d56d4c6142a3cb1a1fe69d0b1a6d0e01a2e404c697962623,dfine_sahi,106567.0,monitor_or_bezel,0.2878,881.33,396.15,949.2,452.57,3829.6,67.88,56.42,1.203,False,,True,R-desk,21,evt_S-61_upper_body_0018,0b39d97d19975733,lap_bag_context,wrist_confidence_below_floor,34560.0,1.33,,1,cam12/e1/v1,rtmpose_baseline
full,03.CCTV Mobile Usage.mkv,632de9ed55947761d56d4c6142a3cb1a1fe69d0b1a6d0e01a2e404c697962623,dfine_sahi,106567.0,mouse,0.2736,990.59,399.48,1026.74,413.38,502.7,36.15,13.9,2.6,False,,True,R-desk,21,evt_S-61_upper_body_0018,0b39d97d19975733,lap_bag_context,wrist_confidence_below_floor,34560.0,1.33,,1,cam12/e1/v1,rtmpose_baseline
full,03.CCTV Mobile Usage.mkv,632de9ed55947761d56d4c6142a3cb1a1fe69d0b1a6d0e01a2e404c697962623,dfine_sahi,106567.0,unknown_object,0.2508,881.55,411.12,933.15,452.78,2149.5,51.6,41.66,1.239,False,,True,R-desk,21,evt_S-61_upper_body_0018,0b39d97d19975733,lap_bag_context,wrist_confidence_below_floor,34560.0,1.33,,1,cam12/e1/v1,rtmpose_baseline
full,03.CCTV Mobile Usage.mkv,632de9ed55947761d56d4c6142a3cb1a1fe69d0b1a6d0e01a2e404c697962623,dfine_sahi,106567.0,keyboard,0.9069,962.2,451.9,1067.99,491.47,4185.9,105.78,39.57,2.673,False,,True,R-desk,22,evt_S-61_upper_body_0018,0b39d97d19975733,lap_bag_context,wrist_confidence_below_floor,34560.0,1.33,,1,cam12/e1/v1,rtmpose_baseline
full,03.CCTV Mobile Usage.mkv,632de9ed55947761d56d4c6142a3cb1a1fe69d0b1a6d0e01a2e404c697962623,dfine_sahi,106567.0,monitor_or_bezel,0.7672,910.15,411.26,1142.02,506.33,22044.5,231.87,95.07,2.439,False,,True,R-desk,22,evt_S-61_upper_body_0018,0b39d97d19975733,lap_bag_context,wrist_confidence_below_floor,34560.0,1.33,,1,cam12/e1/v1,rtmpose_baseline
full,03.CCTV Mobile Usage.mkv,632de9ed55947761d56d4c6142a3cb1a1fe69d0b1a6d0e01a2e404c697962623,dfine_sahi,106567.0,mouse,0.7487,865.22,413.54,891.17,435.04,557.9,25.95,21.5,1.207,False,,True,R-desk,22,evt_S-61_upper_body_0018,0b39d97d19975733,lap_bag_context,wrist_confidence_below_floor,34560.0,1.33,,1,cam12/e1/v1,rtmpose_baseline
full,03.CCTV Mobile Usage.mkv,632de9ed55947761d56d4c6142a3cb1a1fe69d0b1a6d0e01a2e404c697962623,dfine_sahi,106567.0,keyboard,0.7442,772.11,380.14,870.56,420.26,3949.8,98.44,40.12,2.454,False,,True,R-desk,22,evt_S-61_upper_body_0018,0b39d97d19975733,lap_bag_context,wrist_confidence_below_floor,34560.0,1.33,,1,cam12/e1/v1,rtmpose_baseline
full,03.CCTV Mobile Usage.mkv,632de9ed55947761d56d4c6142a3cb1a1fe69d0b1a6d0e01a2e404c697962623,dfine_sahi,106567.0,phone,0.7162,1043.39,421.67,1111.84,473.99,3581.0,68.45,52.32,1.308,False,,True,R-desk,22,evt_S-61_upper_body_0018,0b39d97d19975733,lap_bag_context,wrist_confidence_below_floor,34560.0,1.33,,1,cam12/e1/v1,rtmpose_baseline
full,03.CCTV Mobile Usage.mkv,632de9ed55947761d56d4c6142a3cb1a1fe69d0b1a6d0e01a2e404c697962623,dfine_sahi,106567.0,monitor_or_bezel,0.6468,1018.6,395.62,1145.91,447.91,6657.5,127.31,52.29,2.435,False,,True,R-desk,22,evt_S-61_upper_body_0018,0b39d97d19975733,lap_bag_context,wrist_confidence_below_floor,34560.0,1.33,,1,cam12/e1/v1,rtmpose_baseline
full,03.CCTV Mobile Usage.mkv,632de9ed55947761d56d4c6142a3cb1a1fe69d0b1a6d0e01a2e404c697962623,dfine_sahi,106567.0,keyboard,0.6451,963.07,452.29,1034.57,475.57,1664.5,71.51,23.28,3.072,False,,True,R-desk,22,evt_S-61_upper_body_0018,0b39d97d19975733,lap_bag_context,wrist_confidence_below_floor,34560.0,1.33,,1,cam12/e1/v1,rtmpose_baseline
full,03.CCTV Mobile Usage.mkv,632de9ed55947761d56d4c6142a3cb1a1fe69d0b1a6d0e01a2e404c697962623,dfine_sahi,106567.0,monitor_or_bezel,0.632,706.97,379.9,969.06,474.71,24848.4,262.09,94.81,2.764,False,,True,R-desk,22,evt_S-61_upper_body_0018,0b39d97d19975733,lap_bag_context,wrist_confidence_below_floor,34560.0,1.33,,1,cam12/e1/v1,rtmpose_baseline
full,03.CCTV Mobile Usage.mkv,632de9ed55947761d56d4c6142a3cb1a1fe69d0b1a6d0e01a2e404c697962623,dfine_sahi,106567.0,monitor_or_bezel,0.6151,963.43,380.44,1152.84,474.96,17903.4,189.42,94.52,2.004,False,,True,R-desk,22,evt_S-61_upper_body_0018,0b39d97d19975733,lap_bag_context,wrist_confidence_below_floor,34560.0,1.33,,1,cam12/e1/v1,rtmpose_baseline
full,03.CCTV Mobile Usage.mkv,632de9ed55947761d56d4c6142a3cb1a1fe69d0b1a6d0e01a2e404c697962623,dfine_sahi,106567.0,unknown_object,0.5909,699.87,411.18,871.02,506.21,16265.4,171.15,95.04,1.801,False,,True,R-desk,22,evt_S-61_upper_body_0018,0b39d97d19975733,lap_bag_context,wrist_confidence_below_floor,34560.0,1.33,,1,cam12/e1/v1,rtmpose_baseline
full,03.CCTV Mobile Usage.mkv,632de9ed55947761d56d4c6142a3cb1a1fe69d0b1a6d0e01a2e404c697962623,dfine_sahi,106567.0,unknown_object,0.5015,700.0,380.46,758.49,474.92,5524.6,58.49,94.46,0.619,False,,True,R-desk,22,evt_S-61_upper_body_0018,0b39d97d19975733,lap_bag_context,wrist_confidence_below_floor,34560.0,1.33,,1,cam12/e1/v1,rtmpose_baseline
full,03.CCTV Mobile Usage.mkv,632de9ed55947761d56d4c6142a3cb1a1fe69d0b1a6d0e01a2e404c697962623,dfine_sahi,106567.0,unknown_object,0.4959,767.73,410.99,969.86,505.87,19178.0,202.13,94.88,2.13,False,,True,R-desk,22,evt_S-61_upper_body_0018,0b39d97d19975733,lap_bag_context,wrist_confidence_below_floor,34560.0,1.33,,1,cam12/e1/v1,rtmpose_baseline
full,03.CCTV Mobile Usage.mkv,632de9ed55947761d56d4c6142a3cb1a1fe69d0b1a6d0e01a2e404c697962623,dfine_sahi,106567.0,keyboard,0.4604,802.48,396.25,870.72,420.63,1663.5,68.23,24.38,2.799,False,,True,R-desk,22,evt_S-61_upper_body_0018,0b39d97d19975733,lap_bag_context,wrist_confidence_below_floor,34560.0,1.33,,1,cam12/e1/v1,rtmpose_baseline
full,03.CCTV Mobile Usage.mkv,632de9ed55947761d56d4c6142a3cb1a1fe69d0b1a6d0e01a2e404c697962623,dfine_sahi,106567.0,keyboard,0.3422,910.11,411.33,1092.24,506.18,17276.6,182.14,94.86,1.92,False,,True,R-desk,22,evt_S-61_upper_body_0018,0b39d97d19975733,lap_bag_context,wrist_confidence_below_floor,34560.0,1.33,,1,cam12/e1/v1,rtmpose_baseline
full,03.CCTV Mobile Usage.mkv,632de9ed55947761d56d4c6142a3cb1a1fe69d0b1a6d0e01a2e404c697962623,dfine_sahi,106567.0,unknown_object,0.3376,700.06,380.31,837.6,475.35,13072.0,137.54,95.04,1.447,False,,True,R-desk,22,evt_S-61_upper_body_0018,0b39d97d19975733,lap_bag_context,wrist_confidence_below_floor,34560.0,1.33,,1,cam12/e1/v1,rtmpose_baseline
full,03.CCTV Mobile Usage.mkv,632de9ed55947761d56d4c6142a3cb1a1fe69d0b1a6d0e01a2e404c697962623,dfine_sahi,106567.0,keyboard,0.317,964.96,396.47,1096.06,474.96,10289.8,131.1,78.49,1.67,False,,True,R-desk,22,evt_S-61_upper_body_0018,0b39d97d19975733,lap_bag_context,wrist_confidence_below_floor,34560.0,1.33,,1,cam12/e1/v1,rtmpose_baseline
full,03.CCTV Mobile Usage.mkv,632de9ed55947761d56d4c6142a3cb1a1fe69d0b1a6d0e01a2e404c697962623,dfine_sahi,106567.0,mouse,0.2997,967.0,398.42,991.91,410.66,304.9,24.91,12.24,2.036,False,,True,R-desk,22,evt_S-61_upper_body_0018,0b39d97d19975733,lap_bag_context,wrist_confidence_below_floor,34560.0,1.33,,1,cam12/e1/v1,rtmpose_baseline
full,03.CCTV Mobile Usage.mkv,632de9ed55947761d56d4c6142a3cb1a1fe69d0b1a6d0e01a2e404c697962623,dfine_sahi,106567.0,keyboard,0.2891,881.89,380.15,964.76,452.73,6014.6,82.88,72.57,1.142,False,,True,R-desk,22,evt_S-61_upper_body_0018,0b39d97d19975733,lap_bag_context,wrist_confidence_below_floor,34560.0,1.33,,1,cam12/e1/v1,rtmpose_baseline
full,03.CCTV Mobile Usage.mkv,632de9ed55947761d56d4c6142a3cb1a1fe69d0b1a6d0e01a2e404c697962623,dfine_sahi,106567.0,monitor_or_bezel,0.2878,881.33,396.15,949.2,452.57,3829.6,67.88,56.42,1.203,False,,True,R-desk,22,evt_S-61_upper_body_0018,0b39d97d19975733,lap_bag_context,wrist_confidence_below_floor,34560.0,1.33,,1,cam12/e1/v1,rtmpose_baseline
full,03.CCTV Mobile Usage.mkv,632de9ed55947761d56d4c6142a3cb1a1fe69d0b1a6d0e01a2e404c697962623,dfine_sahi,106567.0,mouse,0.2736,990.59,399.48,1026.74,413.38,502.7,36.15,13.9,2.6,False,,True,R-desk,22,evt_S-61_upper_body_0018,0b39d97d19975733,lap_bag_context,wrist_confidence_below_floor,34560.0,1.33,,1,cam12/e1/v1,rtmpose_baseline
full,03.CCTV Mobile Usage.mkv,632de9ed55947761d56d4c6142a3cb1a1fe69d0b1a6d0e01a2e404c697962623,dfine_sahi,106567.0,unknown_object,0.2508,881.55,411.12,933.15,452.78,2149.5,51.6,41.66,1.239,False,,True,R-desk,22,evt_S-61_upper_body_0018,0b39d97d19975733,lap_bag_context,wrist_confidence_below_floor,34560.0,1.33,,1,cam12/e1/v1,rtmpose_baseline
full,03.CCTV Mobile Usage.mkv,632de9ed55947761d56d4c6142a3cb1a1fe69d0b1a6d0e01a2e404c697962623,dfine_sahi,106567.0,bag,0.6551,548.74,6.77,606.14,57.26,2898.0,57.4,50.49,1.137,False,,True,unattributed,23,evt_S-61_upper_body_0018,0cc25f48b3c016bd,native_source_context_fallback,no_pose_observation,6585.3,6.74,,1,cam12/e1/v1,
full,03.CCTV Mobile Usage.mkv,632de9ed55947761d56d4c6142a3cb1a1fe69d0b1a6d0e01a2e404c697962623,dfine_sahi,106567.0,unknown_object,0.6181,543.08,51.79,574.35,90.61,1213.9,31.27,38.82,0.805,False,,True,unattributed,23,evt_S-61_upper_body_0018,0cc25f48b3c016bd,native_source_context_fallback,no_pose_observation,6585.3,6.74,,1,cam12/e1/v1,
full,03.CCTV Mobile Usage.mkv,632de9ed55947761d56d4c6142a3cb1a1fe69d0b1a6d0e01a2e404c697962623,dfine_sahi,106567.0,phone,0.5137,543.72,20.13,610.36,107.51,5822.5,66.64,87.37,0.763,False,,True,unattributed,23,evt_S-61_upper_body_0018,0cc25f48b3c016bd,native_source_context_fallback,no_pose_observation,6585.3,6.74,,1,cam12/e1/v1,
full,03.CCTV Mobile Usage.mkv,632de9ed55947761d56d4c6142a3cb1a1fe69d0b1a6d0e01a2e404c697962623,dfine_sahi,106567.0,unknown_object,0.4765,512.22,51.2,606.97,107.16,5302.6,94.75,55.96,1.693,False,,True,unattributed,23,evt_S-61_upper_body_0018,0cc25f48b3c016bd,native_source_context_fallback,no_pose_observation,6585.3,6.74,,1,cam12/e1/v1,
full,03.CCTV Mobile Usage.mkv,632de9ed55947761d56d4c6142a3cb1a1fe69d0b1a6d0e01a2e404c697962623,dfine_sahi,106567.0,unknown_object,0.3679,605.87,20.26,638.97,113.68,3092.1,33.1,93.42,0.354,False,,True,unattributed,23,evt_S-61_upper_body_0018,0cc25f48b3c016bd,native_source_context_fallback,no_pose_observation,6585.3,6.74,,1,cam12/e1/v1,
full,03.CCTV Mobile Usage.mkv,632de9ed55947761d56d4c6142a3cb1a1fe69d0b1a6d0e01a2e404c697962623,dfine_sahi,106567.0,phone,0.3298,563.66,52.79,606.99,106.09,2309.4,43.33,53.3,0.813,False,,True,unattributed,23,evt_S-61_upper_body_0018,0cc25f48b3c016bd,native_source_context_fallback,no_pose_observation,6585.3,6.74,,1,cam12/e1/v1,
full,03.CCTV Mobile Usage.mkv,632de9ed55947761d56d4c6142a3cb1a1fe69d0b1a6d0e01a2e404c697962623,dfine_sahi,106567.0,unknown_object,0.3069,563.41,52.78,606.68,105.38,2275.7,43.26,52.6,0.823,False,,True,unattributed,23,evt_S-61_upper_body_0018,0cc25f48b3c016bd,native_source_context_fallback,no_pose_observation,6585.3,6.74,,1,cam12/e1/v1,
full,03.CCTV Mobile Usage.mkv,632de9ed55947761d56d4c6142a3cb1a1fe69d0b1a6d0e01a2e404c697962623,dfine_sahi,106567.0,unknown_object,0.3009,512.15,71.15,534.96,83.06,271.9,22.82,11.92,1.915,False,,True,unattributed,23,evt_S-61_upper_body_0018,0cc25f48b3c016bd,native_source_context_fallback,no_pose_observation,6585.3,6.74,,1,cam12/e1/v1,
full,03.CCTV Mobile Usage.mkv,632de9ed55947761d56d4c6142a3cb1a1fe69d0b1a6d0e01a2e404c697962623,dfine_sahi,106567.0,unknown_object,0.2938,551.36,57.21,563.86,80.97,296.8,12.49,23.76,0.526,False,,True,unattributed,23,evt_S-61_upper_body_0018,0cc25f48b3c016bd,native_source_context_fallback,no_pose_observation,6585.3,6.74,,1,cam12/e1/v1,
full,03.CCTV Mobile Usage.mkv,632de9ed55947761d56d4c6142a3cb1a1fe69d0b1a6d0e01a2e404c697962623,dfine_sahi,106567.0,unknown_object,0.2901,543.03,20.09,638.96,115.38,9140.4,95.93,95.28,1.007,False,,True,unattributed,23,evt_S-61_upper_body_0018,0cc25f48b3c016bd,native_source_context_fallback,no_pose_observation,6585.3,6.74,,1,cam12/e1/v1,
full,03.CCTV Mobile Usage.mkv,632de9ed55947761d56d4c6142a3cb1a1fe69d0b1a6d0e01a2e404c697962623,dfine_sahi,106567.0,bag,0.287,543.98,20.18,607.61,106.69,5504.9,63.63,86.51,0.736,False,,True,unattributed,23,evt_S-61_upper_body_0018,0cc25f48b3c016bd,native_source_context_fallback,no_pose_observation,6585.3,6.74,,1,cam12/e1/v1,
full,03.CCTV Mobile Usage.mkv,632de9ed55947761d56d4c6142a3cb1a1fe69d0b1a6d0e01a2e404c697962623,dfine_sahi,106567.0,phone,0.2784,573.76,52.96,604.86,83.7,955.9,31.1,30.73,1.012,False,,True,unattributed,23,evt_S-61_upper_body_0018,0cc25f48b3c016bd,native_source_context_fallback,no_pose_observation,6585.3,6.74,,1,cam12/e1/v1,
full,03.CCTV Mobile Usage.mkv,632de9ed55947761d56d4c6142a3cb1a1fe69d0b1a6d0e01a2e404c697962623,dfine_sahi,106567.0,unknown_object,0.2726,574.14,53.03,603.94,83.52,908.2,29.79,30.48,0.977,False,,True,unattributed,23,evt_S-61_upper_body_0018,0cc25f48b3c016bd,native_source_context_fallback,no_pose_observation,6585.3,6.74,,1,cam12/e1/v1,
full,03.CCTV Mobile Usage.mkv,632de9ed55947761d56d4c6142a3cb1a1fe69d0b1a6d0e01a2e404c697962623,dfine_sahi,106567.0,monitor_or_bezel,0.7496,794.02,2.32,843.89,45.01,2128.7,49.87,42.69,1.168,False,,True,unattributed,18,evt_S-61_upper_body_0018,d445644562bfb92d,native_source_context_fallback,wrist_confidence_below_floor,9442.0,6.57,,1,cam12/e1/v1,rtmpose_baseline
full,03.CCTV Mobile Usage.mkv,632de9ed55947761d56d4c6142a3cb1a1fe69d0b1a6d0e01a2e404c697962623,dfine_sahi,106567.0,monitor_or_bezel,0.5157,794.05,29.04,842.72,46.99,874.1,48.67,17.96,2.71,False,,True,unattributed,18,evt_S-61_upper_body_0018,d445644562bfb92d,native_source_context_fallback,wrist_confidence_below_floor,9442.0,6.57,,1,cam12/e1/v1,rtmpose_baseline
full,03.CCTV Mobile Usage.mkv,632de9ed55947761d56d4c6142a3cb1a1fe69d0b1a6d0e01a2e404c697962623,dfine_sahi,106567.0,monitor_or_bezel,0.3232,836.01,10.29,843.99,44.7,274.8,7.99,34.41,0.232,False,,True,unattributed,18,evt_S-61_upper_body_0018,d445644562bfb92d,native_source_context_fallback,wrist_confidence_below_floor,9442.0,6.57,,1,cam12/e1/v1,rtmpose_baseline
full,03.CCTV Mobile Usage.mkv,632de9ed55947761d56d4c6142a3cb1a1fe69d0b1a6d0e01a2e404c697962623,dfine_sahi,106567.0,unknown_object,0.3091,794.0,33.18,831.66,68.69,1337.2,37.66,35.51,1.061,False,,True,unattributed,18,evt_S-61_upper_body_0018,d445644562bfb92d,native_source_context_fallback,wrist_confidence_below_floor,9442.0,6.57,,1,cam12/e1/v1,rtmpose_baseline
full,03.CCTV Mobile Usage.mkv,632de9ed55947761d56d4c6142a3cb1a1fe69d0b1a6d0e01a2e404c697962623,dfine_sahi,106567.0,bag,0.3013,836.13,45.01,910.93,94.92,3733.0,74.8,49.91,1.499,False,,True,unattributed,18,evt_S-61_upper_body_0018,d445644562bfb92d,native_source_context_fallback,wrist_confidence_below_floor,9442.0,6.57,,1,cam12/e1/v1,rtmpose_baseline
full,03.CCTV Mobile Usage.mkv,632de9ed55947761d56d4c6142a3cb1a1fe69d0b1a6d0e01a2e404c697962623,dfine_sahi,106567.0,unknown_object,0.2694,829.15,84.71,889.98,124.59,2425.7,60.84,39.87,1.526,False,,True,unattributed,18,evt_S-61_upper_body_0018,d445644562bfb92d,native_source_context_fallback,wrist_confidence_below_floor,9442.0,6.57,,1,cam12/e1/v1,rtmpose_baseline
full,03.CCTV Mobile Usage.mkv,632de9ed55947761d56d4c6142a3cb1a1fe69d0b1a6d0e01a2e404c697962623,dfine_sahi,106567.0,unknown_object,0.267,836.02,29.15,931.86,124.68,9155.9,95.84,95.53,1.003,False,,True,unattributed,18,evt_S-61_upper_body_0018,d445644562bfb92d,native_source_context_fallback,wrist_confidence_below_floor,9442.0,6.57,,1,cam12/e1/v1,rtmpose_baseline
full,03.CCTV Mobile Usage.mkv,632de9ed55947761d56d4c6142a3cb1a1fe69d0b1a6d0e01a2e404c697962623,dfine_sahi,106567.0,unknown_object,0.2651,847.52,83.02,860.3,97.24,181.6,12.77,14.22,0.899,False,,True,unattributed,18,evt_S-61_upper_body_0018,d445644562bfb92d,native_source_context_fallback,wrist_confidence_below_floor,9442.0,6.57,,1,cam12/e1/v1,rtmpose_baseline
full,03.CCTV Mobile Usage.mkv,632de9ed55947761d56d4c6142a3cb1a1fe69d0b1a6d0e01a2e404c697962623,dfine_sahi,106567.0,unknown_object,0.263,830.97,83.08,911.92,104.85,1761.9,80.94,21.77,3.718,False,,True,unattributed,18,evt_S-61_upper_body_0018,d445644562bfb92d,native_source_context_fallback,wrist_confidence_below_floor,9442.0,6.57,,1,cam12/e1/v1,rtmpose_baseline
full,03.CCTV Mobile Usage.mkv,632de9ed55947761d56d4c6142a3cb1a1fe69d0b1a6d0e01a2e404c697962623,dfine_sahi,106567.0,unknown_object,0.2518,794.03,0.33,889.9,95.3,9104.8,95.87,94.97,1.009,False,,True,unattributed,18,evt_S-61_upper_body_0018,d445644562bfb92d,native_source_context_fallback,wrist_confidence_below_floor,9442.0,6.57,,1,cam12/e1/v1,rtmpose_baseline
full,03.CCTV Mobile Usage.mkv,632de9ed55947761d56d4c6142a3cb1a1fe69d0b1a6d0e01a2e404c697962623,dfine_sahi,106567.0,unknown_object,0.2506,902.76,89.26,911.99,101.86,116.3,9.23,12.6,0.733,True,object footprint 116 px is under the 120 px floor for a call,False,unattributed,18,evt_S-61_upper_body_0018,d445644562bfb92d,native_source_context_fallback,wrist_confidence_below_floor,9442.0,6.57,,1,cam12/e1/v1,rtmpose_baseline
full,03.CCTV Mobile Usage.mkv,632de9ed55947761d56d4c6142a3cb1a1fe69d0b1a6d0e01a2e404c697962623,dfine_sahi,106567.0,unknown_object,0.7933,111.52,454.56,177.71,518.97,4263.4,66.19,64.41,1.028,False,,True,S-61,17,evt_S-61_upper_body_0018,e9ed1703b1531f2e,pose_hand_context,,53066.1,2.63,,1,cam12/e1/v1,rtmpose_baseline
full,03.CCTV Mobile Usage.mkv,632de9ed55947761d56d4c6142a3cb1a1fe69d0b1a6d0e01a2e404c697962623,dfine_sahi,106567.0,unknown_object,0.6093,0.02,315.17,121.97,451.45,16618.3,121.95,136.28,0.895,False,,True,S-61,17,evt_S-61_upper_body_0018,e9ed1703b1531f2e,pose_hand_context,,53066.1,2.63,,1,cam12/e1/v1,rtmpose_baseline
full,03.CCTV Mobile Usage.mkv,632de9ed55947761d56d4c6142a3cb1a1fe69d0b1a6d0e01a2e404c697962623,dfine_sahi,106567.0,unknown_object,0.5411,94.79,333.52,210.48,451.49,13648.3,115.7,117.97,0.981,False,,True,S-61,17,evt_S-61_upper_body_0018,e9ed1703b1531f2e,pose_hand_context,,53066.1,2.63,,1,cam12/e1/v1,rtmpose_baseline
full,03.CCTV Mobile Usage.mkv,632de9ed55947761d56d4c6142a3cb1a1fe69d0b1a6d0e01a2e404c697962623,dfine_sahi,106567.0,unknown_object,0.4947,94.79,422.22,218.2,558.53,16822.1,123.41,136.31,0.905,False,,True,S-61,17,evt_S-61_upper_body_0018,e9ed1703b1531f2e,pose_hand_context,,53066.1,2.63,,1,cam12/e1/v1,rtmpose_baseline
full,03.CCTV Mobile Usage.mkv,632de9ed55947761d56d4c6142a3cb1a1fe69d0b1a6d0e01a2e404c697962623,dfine_sahi,106567.0,unknown_object,0.4308,-0.34,315.13,217.67,558.31,53017.2,218.01,243.19,0.896,False,,True,S-61,17,evt_S-61_upper_body_0018,e9ed1703b1531f2e,pose_hand_context,,53066.1,2.63,,1,cam12/e1/v1,rtmpose_baseline
full,03.CCTV Mobile Usage.mkv,632de9ed55947761d56d4c6142a3cb1a1fe69d0b1a6d0e01a2e404c697962623,dfine_sahi,106567.0,unknown_object,0.4112,38.96,422.15,121.94,474.07,4307.9,82.98,51.92,1.598,False,,True,S-61,17,evt_S-61_upper_body_0018,e9ed1703b1531f2e,pose_hand_context,,53066.1,2.63,,1,cam12/e1/v1,rtmpose_baseline
full,03.CCTV Mobile Usage.mkv,632de9ed55947761d56d4c6142a3cb1a1fe69d0b1a6d0e01a2e404c697962623,dfine_sahi,106567.0,stationery,0.3852,46.48,509.72,85.07,554.06,1710.8,38.58,44.34,0.87,False,,True,S-61,17,evt_S-61_upper_body_0018,e9ed1703b1531f2e,pose_hand_context,,53066.1,2.63,,1,cam12/e1/v1,rtmpose_baseline
full,03.CCTV Mobile Usage.mkv,632de9ed55947761d56d4c6142a3cb1a1fe69d0b1a6d0e01a2e404c697962623,dfine_sahi,106567.0,unknown_object,0.31,135.13,420.61,210.73,451.83,2360.0,75.6,31.22,2.422,False,,True,S-61,17,evt_S-61_upper_body_0018,e9ed1703b1531f2e,pose_hand_context,,53066.1,2.63,,1,cam12/e1/v1,rtmpose_baseline
full,03.CCTV Mobile Usage.mkv,632de9ed55947761d56d4c6142a3cb1a1fe69d0b1a6d0e01a2e404c697962623,dfine_sahi,106567.0,unknown_object,0.2833,-0.6,422.13,122.74,558.45,16812.5,123.33,136.32,0.905,False,,True,S-61,17,evt_S-61_upper_body_0018,e9ed1703b1531f2e,pose_hand_context,,53066.1,2.63,,1,cam12/e1/v1,rtmpose_baseline
full,03.CCTV Mobile Usage.mkv,632de9ed55947761d56d4c6142a3cb1a1fe69d0b1a6d0e01a2e404c697962623,dfine_sahi,106567.0,stationery,0.2826,-0.28,494.96,186.26,558.77,11904.6,186.55,63.82,2.923,False,,True,S-61,17,evt_S-61_upper_body_0018,e9ed1703b1531f2e,pose_hand_context,,53066.1,2.63,,1,cam12/e1/v1,rtmpose_baseline
full,03.CCTV Mobile Usage.mkv,632de9ed55947761d56d4c6142a3cb1a1fe69d0b1a6d0e01a2e404c697962623,dfine_sahi,107000.0,keyboard,0.9042,962.06,451.96,1067.87,491.44,4177.9,105.81,39.48,2.68,False,,True,R-desk,21,evt_S-61_desk_work_surface_0004,ad28db02ec613d8c,lap_bag_context,no_pose_observation,34560.0,1.33,,1,cam12/e1/v1,
full,03.CCTV Mobile Usage.mkv,632de9ed55947761d56d4c6142a3cb1a1fe69d0b1a6d0e01a2e404c697962623,dfine_sahi,107000.0,monitor_or_bezel,0.7403,910.14,411.23,1141.73,506.35,22028.0,231.59,95.12,2.435,False,,True,R-desk,21,evt_S-61_desk_work_surface_0004,ad28db02ec613d8c,lap_bag_context,no_pose_observation,34560.0,1.33,,1,cam12/e1/v1,
full,03.CCTV Mobile Usage.mkv,632de9ed55947761d56d4c6142a3cb1a1fe69d0b1a6d0e01a2e404c697962623,dfine_sahi,107000.0,mouse,0.7351,864.91,413.54,891.33,435.1,569.7,26.41,21.57,1.225,False,,True,R-desk,21,evt_S-61_desk_work_surface_0004,ad28db02ec613d8c,lap_bag_context,no_pose_observation,34560.0,1.33,,1,cam12/e1/v1,
full,03.CCTV Mobile Usage.mkv,632de9ed55947761d56d4c6142a3cb1a1fe69d0b1a6d0e01a2e404c697962623,dfine_sahi,107000.0,keyboard,0.7281,772.11,380.18,870.69,420.34,3959.4,98.58,40.17,2.454,False,,True,R-desk,21,evt_S-61_desk_work_surface_0004,ad28db02ec613d8c,lap_bag_context,no_pose_observation,34560.0,1.33,,1,cam12/e1/v1,
full,03.CCTV Mobile Usage.mkv,632de9ed55947761d56d4c6142a3cb1a1fe69d0b1a6d0e01a2e404c697962623,dfine_sahi,107000.0,monitor_or_bezel,0.7182,963.23,380.57,1152.8,474.98,17896.4,189.57,94.41,2.008,False,,True,R-desk,21,evt_S-61_desk_work_surface_0004,ad28db02ec613d8c,lap_bag_context,no_pose_observation,34560.0,1.33,,1,cam12/e1/v1,
full,03.CCTV Mobile Usage.mkv,632de9ed55947761d56d4c6142a3cb1a1fe69d0b1a6d0e01a2e404c697962623,dfine_sahi,107000.0,phone,0.7006,1043.29,421.65,1111.69,473.73,3562.9,68.4,52.09,1.313,False,,True,R-desk,21,evt_S-61_desk_work_surface_0004,ad28db02ec613d8c,lap_bag_context,no_pose_observation,34560.0,1.33,,1,cam12/e1/v1,
full,03.CCTV Mobile Usage.mkv,632de9ed55947761d56d4c6142a3cb1a1fe69d0b1a6d0e01a2e404c697962623,dfine_sahi,107000.0,monitor_or_bezel,0.6408,1018.63,395.63,1145.94,447.79,6640.7,127.3,52.16,2.44,False,,True,R-desk,21,evt_S-61_desk_work_surface_0004,ad28db02ec613d8c,lap_bag_context,no_pose_observation,34560.0,1.33,,1,cam12/e1/v1,
full,03.CCTV Mobile Usage.mkv,632de9ed55947761d56d4c6142a3cb1a1fe69d0b1a6d0e01a2e404c697962623,dfine_sahi,107000.0,monitor_or_bezel,0.6356,706.68,379.93,968.93,474.75,24867.5,262.25,94.82,2.766,False,,True,R-desk,21,evt_S-61_desk_work_surface_0004,ad28db02ec613d8c,lap_bag_context,no_pose_observation,34560.0,1.33,,1,cam12/e1/v1,
full,03.CCTV Mobile Usage.mkv,632de9ed55947761d56d4c6142a3cb1a1fe69d0b1a6d0e01a2e404c697962623,dfine_sahi,107000.0,keyboard,0.6081,962.92,452.38,1034.37,475.58,1658.1,71.45,23.21,3.079,False,,True,R-desk,21,evt_S-61_desk_work_surface_0004,ad28db02ec613d8c,lap_bag_context,no_pose_observation,34560.0,1.33,,1,cam12/e1/v1,
full,03.CCTV Mobile Usage.mkv,632de9ed55947761d56d4c6142a3cb1a1fe69d0b1a6d0e01a2e404c697962623,dfine_sahi,107000.0,unknown_object,0.5884,699.97,396.16,853.0,491.93,14654.7,153.02,95.77,1.598,False,,True,R-desk,21,evt_S-61_desk_work_surface_0004,ad28db02ec613d8c,lap_bag_context,no_pose_observation,34560.0,1.33,,1,cam12/e1/v1,
full,03.CCTV Mobile Usage.mkv,632de9ed55947761d56d4c6142a3cb1a1fe69d0b1a6d0e01a2e404c697962623,dfine_sahi,107000.0,keyboard,0.5142,802.6,396.27,870.81,420.64,1662.3,68.21,24.37,2.799,False,,True,R-desk,21,evt_S-61_desk_work_surface_0004,ad28db02ec613d8c,lap_bag_context,no_pose_observation,34560.0,1.33,,1,cam12/e1/v1,
full,03.CCTV Mobile Usage.mkv,632de9ed55947761d56d4c6142a3cb1a1fe69d0b1a6d0e01a2e404c697962623,dfine_sahi,107000.0,unknown_object,0.4876,767.09,410.99,969.85,505.92,19249.3,202.76,94.94,2.136,False,,True,R-desk,21,evt_S-61_desk_work_surface_0004,ad28db02ec613d8c,lap_bag_context,no_pose_observation,34560.0,1.33,,1,cam12/e1/v1,
full,03.CCTV Mobile Usage.mkv,632de9ed55947761d56d4c6142a3cb1a1fe69d0b1a6d0e01a2e404c697962623,dfine_sahi,107000.0,unknown_object,0.4224,700.0,380.45,758.52,474.92,5528.8,58.52,94.48,0.619,False,,True,R-desk,21,evt_S-61_desk_work_surface_0004,ad28db02ec613d8c,lap_bag_context,no_pose_observation,34560.0,1.33,,1,cam12/e1/v1,
full,03.CCTV Mobile Usage.mkv,632de9ed55947761d56d4c6142a3cb1a1fe69d0b1a6d0e01a2e404c697962623,dfine_sahi,107000.0,keyboard,0.3498,910.11,411.24,1092.28,506.17,17292.8,182.17,94.93,1.919,False,,True,R-desk,21,evt_S-61_desk_work_surface_0004,ad28db02ec613d8c,lap_bag_context,no_pose_observation,34560.0,1.33,,1,cam12/e1/v1,
full,03.CCTV Mobile Usage.mkv,632de9ed55947761d56d4c6142a3cb1a1fe69d0b1a6d0e01a2e404c697962623,dfine_sahi,107000.0,mouse,0.3317,966.91,398.41,992.1,410.62,307.6,25.19,12.21,2.062,False,,True,R-desk,21,evt_S-61_desk_work_surface_0004,ad28db02ec613d8c,lap_bag_context,no_pose_observation,34560.0,1.33,,1,cam12/e1/v1,
full,03.CCTV Mobile Usage.mkv,632de9ed55947761d56d4c6142a3cb1a1fe69d0b1a6d0e01a2e404c697962623,dfine_sahi,107000.0,keyboard,0.3177,964.87,396.93,1096.38,474.87,10249.2,131.51,77.93,1.688,False,,True,R-desk,21,evt_S-61_desk_work_surface_0004,ad28db02ec613d8c,lap_bag_context,no_pose_observation,34560.0,1.33,,1,cam12/e1/v1,
full,03.CCTV Mobile Usage.mkv,632de9ed55947761d56d4c6142a3cb1a1fe69d0b1a6d0e01a2e404c697962623,dfine_sahi,107000.0,monitor_or_bezel,0.2993,881.57,380.17,965.38,452.87,6092.9,83.81,72.7,1.153,False,,True,R-desk,21,evt_S-61_desk_work_surface_0004,ad28db02ec613d8c,lap_bag_context,no_pose_observation,34560.0,1.33,,1,cam12/e1/v1,
full,03.CCTV Mobile Usage.mkv,632de9ed55947761d56d4c6142a3cb1a1fe69d0b1a6d0e01a2e404c697962623,dfine_sahi,107000.0,unknown_object,0.2679,881.49,411.13,933.45,452.81,2165.6,51.96,41.67,1.247,False,,True,R-desk,21,evt_S-61_desk_work_surface_0004,ad28db02ec613d8c,lap_bag_context,no_pose_observation,34560.0,1.33,,1,cam12/e1/v1,
full,03.CCTV Mobile Usage.mkv,632de9ed55947761d56d4c6142a3cb1a1fe69d0b1a6d0e01a2e404c697962623,dfine_sahi,107000.0,phone,0.6098,165.78,439.77,203.13,483.27,1624.7,37.35,43.5,0.859,False,,True,S-61,17,evt_S-61_desk_work_surface_0004,b871f8175c91e5e3,pose_hand_context,,52861.6,2.63,,1,cam12/e1/v1,rtmpose_baseline
full,03.CCTV Mobile Usage.mkv,632de9ed55947761d56d4c6142a3cb1a1fe69d0b1a6d0e01a2e404c697962623,dfine_sahi,107000.0,unknown_object,0.599,111.0,454.35,177.85,521.4,4482.8,66.85,67.06,0.997,False,,True,S-61,17,evt_S-61_desk_work_surface_0004,b871f8175c91e5e3,pose_hand_context,,52861.6,2.63,,1,cam12/e1/v1,rtmpose_baseline
full,03.CCTV Mobile Usage.mkv,632de9ed55947761d56d4c6142a3cb1a1fe69d0b1a6d0e01a2e404c697962623,dfine_sahi,107000.0,unknown_object,0.5238,-0.03,315.16,122.04,451.4,16631.2,122.07,136.24,0.896,False,,True,S-61,17,evt_S-61_desk_work_surface_0004,b871f8175c91e5e3,pose_hand_context,,52861.6,2.63,,1,cam12/e1/v1,rtmpose_baseline
full,03.CCTV Mobile Usage.mkv,632de9ed55947761d56d4c6142a3cb1a1fe69d0b1a6d0e01a2e404c697962623,dfine_sahi,107000.0,unknown_object,0.3877,38.71,417.4,121.86,451.96,2873.2,83.15,34.55,2.406,False,,True,S-61,17,evt_S-61_desk_work_surface_0004,b871f8175c91e5e3,pose_hand_context,,52861.6,2.63,,1,cam12/e1/v1,rtmpose_baseline
full,03.CCTV Mobile Usage.mkv,632de9ed55947761d56d4c6142a3cb1a1fe69d0b1a6d0e01a2e404c697962623,dfine_sahi,107000.0,unknown_object,0.3537,94.89,448.66,216.87,557.75,13306.9,121.98,109.09,1.118,False,,True,S-61,17,evt_S-61_desk_work_surface_0004,b871f8175c91e5e3,pose_hand_context,,52861.6,2.63,,1,cam12/e1/v1,rtmpose_baseline
full,03.CCTV Mobile Usage.mkv,632de9ed55947761d56d4c6142a3cb1a1fe69d0b1a6d0e01a2e404c697962623,dfine_sahi,107000.0,unknown_object,0.3483,94.89,314.94,217.0,451.53,16679.1,122.11,136.59,0.894,False,,True,S-61,17,evt_S-61_desk_work_surface_0004,b871f8175c91e5e3,pose_hand_context,,52861.6,2.63,,1,cam12/e1/v1,rtmpose_baseline
full,03.CCTV Mobile Usage.mkv,632de9ed55947761d56d4c6142a3cb1a1fe69d0b1a6d0e01a2e404c697962623,dfine_sahi,107000.0,stationery,0.3416,47.31,509.72,85.15,553.27,1647.6,37.83,43.55,0.869,False,,True,S-61,17,evt_S-61_desk_work_surface_0004,b871f8175c91e5e3,pose_hand_context,,52861.6,2.63,,1,cam12/e1/v1,rtmpose_baseline
full,03.CCTV Mobile Usage.mkv,632de9ed55947761d56d4c6142a3cb1a1fe69d0b1a6d0e01a2e404c697962623,dfine_sahi,107000.0,monitor_or_bezel,0.3406,-0.31,495.03,184.52,557.74,11591.6,184.84,62.71,2.947,False,,True,S-61,17,evt_S-61_desk_work_surface_0004,b871f8175c91e5e3,pose_hand_context,,52861.6,2.63,,1,cam12/e1/v1,rtmpose_baseline
full,03.CCTV Mobile Usage.mkv,632de9ed55947761d56d4c6142a3cb1a1fe69d0b1a6d0e01a2e404c697962623,dfine_sahi,107000.0,secondary_paper_chit,0.3201,88.24,454.32,180.02,523.75,6372.2,91.77,69.43,1.322,False,,True,S-61,17,evt_S-61_desk_work_surface_0004,b871f8175c91e5e3,pose_hand_context,,52861.6,2.63,,1,cam12/e1/v1,rtmpose_baseline
full,03.CCTV Mobile Usage.mkv,632de9ed55947761d56d4c6142a3cb1a1fe69d0b1a6d0e01a2e404c697962623,dfine_sahi,107000.0,phone,0.2779,183.21,470.92,204.5,483.31,263.6,21.29,12.38,1.719,False,,True,S-61,17,evt_S-61_desk_work_surface_0004,b871f8175c91e5e3,pose_hand_context,,52861.6,2.63,,1,cam12/e1/v1,rtmpose_baseline
full,03.CCTV Mobile Usage.mkv,632de9ed55947761d56d4c6142a3cb1a1fe69d0b1a6d0e01a2e404c697962623,dfine_sahi,107000.0,unknown_object,0.5952,544.03,51.51,573.94,91.04,1182.4,29.91,39.53,0.757,False,,True,unattributed,23,evt_S-61_desk_work_surface_0004,c5621028ef9131bb,native_source_context_fallback,no_pose_observation,6034.2,7.1,,1,cam12/e1/v1,
full,03.CCTV Mobile Usage.mkv,632de9ed55947761d56d4c6142a3cb1a1fe69d0b1a6d0e01a2e404c697962623,dfine_sahi,107000.0,unknown_object,0.4692,514.14,71.59,535.17,82.8,235.6,21.03,11.2,1.877,False,,True,unattributed,23,evt_S-61_desk_work_surface_0004,c5621028ef9131bb,native_source_context_fallback,no_pose_observation,6034.2,7.1,,1,cam12/e1/v1,
full,03.CCTV Mobile Usage.mkv,632de9ed55947761d56d4c6142a3cb1a1fe69d0b1a6d0e01a2e404c697962623,dfine_sahi,107000.0,unknown_object,0.3851,549.07,6.08,610.32,95.16,5456.8,61.26,89.08,0.688,False,,True,unattributed,23,evt_S-61_desk_work_surface_0004,c5621028ef9131bb,native_source_context_fallback,no_pose_observation,6034.2,7.1,,1,cam12/e1/v1,
full,03.CCTV Mobile Usage.mkv,632de9ed55947761d56d4c6142a3cb1a1fe69d0b1a6d0e01a2e404c697962623,dfine_sahi,107000.0,unknown_object,0.3828,514.25,71.86,526.41,80.16,100.9,12.16,8.3,1.465,True,object footprint 101 px is under the 120 px floor for a call,False,unattributed,23,evt_S-61_desk_work_surface_0004,c5621028ef9131bb,native_source_context_fallback,no_pose_observation,6034.2,7.1,,1,cam12/e1/v1,
full,03.CCTV Mobile Usage.mkv,632de9ed55947761d56d4c6142a3cb1a1fe69d0b1a6d0e01a2e404c697962623,dfine_sahi,107000.0,unknown_object,0.3337,606.22,0.17,639.98,95.47,3217.4,33.76,95.3,0.354,False,,True,unattributed,23,evt_S-61_desk_work_surface_0004,c5621028ef9131bb,native_source_context_fallback,no_pose_observation,6034.2,7.1,,1,cam12/e1/v1,
full,03.CCTV Mobile Usage.mkv,632de9ed55947761d56d4c6142a3cb1a1fe69d0b1a6d0e01a2e404c697962623,dfine_sahi,107000.0,unknown_object,0.3238,534.27,77.23,547.29,86.09,115.4,13.02,8.86,1.469,True,object footprint 115 px is under the 120 px floor for a call,False,unattributed,23,evt_S-61_desk_work_surface_0004,c5621028ef9131bb,native_source_context_fallback,no_pose_observation,6034.2,7.1,,1,cam12/e1/v1,
full,03.CCTV Mobile Usage.mkv,632de9ed55947761d56d4c6142a3cb1a1fe69d0b1a6d0e01a2e404c697962623,dfine_sahi,107000.0,unknown_object,0.3085,563.76,52.31,607.54,105.8,2341.8,43.78,53.49,0.818,False,,True,unattributed,23,evt_S-61_desk_work_surface_0004,c5621028ef9131bb,native_source_context_fallback,no_pose_observation,6034.2,7.1,,1,cam12/e1/v1,
full,03.CCTV Mobile Usage.mkv,632de9ed55947761d56d4c6142a3cb1a1fe69d0b1a6d0e01a2e404c697962623,dfine_sahi,107000.0,unknown_object,0.2953,525.28,75.53,536.03,83.07,81.1,10.75,7.54,1.425,True,object footprint 81 px is under the 120 px floor for a call,False,unattributed,23,evt_S-61_desk_work_surface_0004,c5621028ef9131bb,native_source_context_fallback,no_pose_observation,6034.2,7.1,,1,cam12/e1/v1,
full,03.CCTV Mobile Usage.mkv,632de9ed55947761d56d4c6142a3cb1a1fe69d0b1a6d0e01a2e404c697962623,dfine_sahi,107000.0,unknown_object,0.2553,573.89,52.72,604.08,84.88,970.6,30.18,32.16,0.939,False,,True,unattributed,23,evt_S-61_desk_work_surface_0004,c5621028ef9131bb,native_source_context_fallback,no_pose_observation,6034.2,7.1,,1,cam12/e1/v1,
full,03.CCTV Mobile Usage.mkv,632de9ed55947761d56d4c6142a3cb1a1fe69d0b1a6d0e01a2e404c697962623,dfine_sahi,107000.0,monitor_or_bezel,0.7263,793.02,2.23,843.58,44.01,2112.7,50.56,41.78,1.21,False,,True,unattributed,18,evt_S-61_desk_work_surface_0004,c5a2db63f9f305b0,native_source_context_fallback,wrist_confidence_below_floor,9558.3,6.49,,1,cam12/e1/v1,rtmpose_baseline
full,03.CCTV Mobile Usage.mkv,632de9ed55947761d56d4c6142a3cb1a1fe69d0b1a6d0e01a2e404c697962623,dfine_sahi,107000.0,monitor_or_bezel,0.4587,793.09,30.04,842.37,44.44,709.9,49.28,14.4,3.422,False,,True,unattributed,18,evt_S-61_desk_work_surface_0004,c5a2db63f9f305b0,native_source_context_fallback,wrist_confidence_below_floor,9558.3,6.49,,1,cam12/e1/v1,rtmpose_baseline
full,03.CCTV Mobile Usage.mkv,632de9ed55947761d56d4c6142a3cb1a1fe69d0b1a6d0e01a2e404c697962623,dfine_sahi,107000.0,unknown_object,0.4493,846.67,83.13,864.39,105.8,401.7,17.72,22.67,0.782,False,,True,unattributed,18,evt_S-61_desk_work_surface_0004,c5a2db63f9f305b0,native_source_context_fallback,wrist_confidence_below_floor,9558.3,6.49,,1,cam12/e1/v1,rtmpose_baseline
full,03.CCTV Mobile Usage.mkv,632de9ed55947761d56d4c6142a3cb1a1fe69d0b1a6d0e01a2e404c697962623,dfine_sahi,107000.0,unknown_object,0.3955,836.75,83.31,872.18,125.84,1506.7,35.43,42.53,0.833,False,,True,unattributed,18,evt_S-61_desk_work_surface_0004,c5a2db63f9f305b0,native_source_context_fallback,wrist_confidence_below_floor,9558.3,6.49,,1,cam12/e1/v1,rtmpose_baseline
full,03.CCTV Mobile Usage.mkv,632de9ed55947761d56d4c6142a3cb1a1fe69d0b1a6d0e01a2e404c697962623,dfine_sahi,107000.0,unknown_object,0.3192,792.99,55.35,800.91,92.35,293.1,7.92,37.0,0.214,False,,True,unattributed,18,evt_S-61_desk_work_surface_0004,c5a2db63f9f305b0,native_source_context_fallback,wrist_confidence_below_floor,9558.3,6.49,,1,cam12/e1/v1,rtmpose_baseline
full,03.CCTV Mobile Usage.mkv,632de9ed55947761d56d4c6142a3cb1a1fe69d0b1a6d0e01a2e404c697962623,dfine_sahi,107000.0,unknown_object,0.3092,847.48,83.1,859.71,96.89,168.6,12.23,13.79,0.887,False,,True,unattributed,18,evt_S-61_desk_work_surface_0004,c5a2db63f9f305b0,native_source_context_fallback,wrist_confidence_below_floor,9558.3,6.49,,1,cam12/e1/v1,rtmpose_baseline
full,03.CCTV Mobile Usage.mkv,632de9ed55947761d56d4c6142a3cb1a1fe69d0b1a6d0e01a2e404c697962623,dfine_sahi,107000.0,bag,0.305,816.65,44.35,888.69,103.87,4287.8,72.04,59.52,1.21,False,,True,unattributed,18,evt_S-61_desk_work_surface_0004,c5a2db63f9f305b0,native_source_context_fallback,wrist_confidence_below_floor,9558.3,6.49,,1,cam12/e1/v1,rtmpose_baseline
full,03.CCTV Mobile Usage.mkv,632de9ed55947761d56d4c6142a3cb1a1fe69d0b1a6d0e01a2e404c697962623,dfine_sahi,107000.0,unknown_object,0.2927,836.14,83.64,931.82,125.67,4021.4,95.67,42.03,2.276,False,,True,unattributed,18,evt_S-61_desk_work_surface_0004,c5a2db63f9f305b0,native_source_context_fallback,wrist_confidence_below_floor,9558.3,6.49,,1,cam12/e1/v1,rtmpose_baseline
full,03.CCTV Mobile Usage.mkv,632de9ed55947761d56d4c6142a3cb1a1fe69d0b1a6d0e01a2e404c697962623,dfine_sahi,107000.0,bag,0.2916,794.85,100.64,830.66,125.89,904.2,35.8,25.25,1.418,False,,True,unattributed,18,evt_S-61_desk_work_surface_0004,c5a2db63f9f305b0,native_source_context_fallback,wrist_confidence_below_floor,9558.3,6.49,,1,cam12/e1/v1,rtmpose_baseline
full,03.CCTV Mobile Usage.mkv,632de9ed55947761d56d4c6142a3cb1a1fe69d0b1a6d0e01a2e404c697962623,dfine_sahi,107000.0,unknown_object,0.2606,902.74,89.34,911.06,101.65,102.3,8.31,12.31,0.675,True,object footprint 102 px is under the 120 px floor for a call,False,unattributed,18,evt_S-61_desk_work_surface_0004,c5a2db63f9f305b0,native_source_context_fallback,wrist_confidence_below_floor,9558.3,6.49,,1,cam12/e1/v1,rtmpose_baseline
full,03.CCTV Mobile Usage.mkv,632de9ed55947761d56d4c6142a3cb1a1fe69d0b1a6d0e01a2e404c697962623,dfine_sahi,107000.0,bag,0.25,829.37,83.26,888.97,125.71,2529.6,59.6,42.44,1.404,False,,True,unattributed,18,evt_S-61_desk_work_surface_0004,c5a2db63f9f305b0,native_source_context_fallback,wrist_confidence_below_floor,9558.3,6.49,,1,cam12/e1/v1,rtmpose_baseline
full,03.CCTV Mobile Usage.mkv,632de9ed55947761d56d4c6142a3cb1a1fe69d0b1a6d0e01a2e404c697962623,dfine_sahi,107500.0,phone,0.5819,159.16,432.4,184.12,474.22,1043.9,24.96,41.82,0.597,False,,True,S-61,17,evt_S-61_desk_work_surface_0004,061504b531fc9201,pose_hand_context,,52253.4,2.65,,1,cam12/e1/v1,rtmpose_baseline
full,03.CCTV Mobile Usage.mkv,632de9ed55947761d56d4c6142a3cb1a1fe69d0b1a6d0e01a2e404c697962623,dfine_sahi,107500.0,unknown_object,0.5177,111.15,454.2,178.17,521.0,4477.8,67.03,66.81,1.003,False,,True,S-61,17,evt_S-61_desk_work_surface_0004,061504b531fc9201,pose_hand_context,,52253.4,2.65,,1,cam12/e1/v1,rtmpose_baseline
full,03.CCTV Mobile Usage.mkv,632de9ed55947761d56d4c6142a3cb1a1fe69d0b1a6d0e01a2e404c697962623,dfine_sahi,107500.0,secondary_paper_chit,0.4626,92.68,455.13,178.94,523.5,5897.8,86.26,68.37,1.262,False,,True,S-61,17,evt_S-61_desk_work_surface_0004,061504b531fc9201,pose_hand_context,,52253.4,2.65,,1,cam12/e1/v1,rtmpose_baseline
full,03.CCTV Mobile Usage.mkv,632de9ed55947761d56d4c6142a3cb1a1fe69d0b1a6d0e01a2e404c697962623,dfine_sahi,107500.0,unknown_object,0.4238,93.81,340.86,216.01,451.42,13511.3,122.21,110.56,1.105,False,,True,S-61,17,evt_S-61_desk_work_surface_0004,061504b531fc9201,pose_hand_context,,52253.4,2.65,,1,cam12/e1/v1,rtmpose_baseline
full,03.CCTV Mobile Usage.mkv,632de9ed55947761d56d4c6142a3cb1a1fe69d0b1a6d0e01a2e404c697962623,dfine_sahi,107500.0,unknown_object,0.4199,38.91,422.18,120.79,474.24,4262.7,81.88,52.06,1.573,False,,True,S-61,17,evt_S-61_desk_work_surface_0004,061504b531fc9201,pose_hand_context,,52253.4,2.65,,1,cam12/e1/v1,rtmpose_baseline
full,03.CCTV Mobile Usage.mkv,632de9ed55947761d56d4c6142a3cb1a1fe69d0b1a6d0e01a2e404c697962623,dfine_sahi,107500.0,stationery,0.3608,47.12,509.77,84.99,553.35,1650.4,37.87,43.58,0.869,False,,True,S-61,17,evt_S-61_desk_work_surface_0004,061504b531fc9201,pose_hand_context,,52253.4,2.65,,1,cam12/e1/v1,rtmpose_baseline
full,03.CCTV Mobile Usage.mkv,632de9ed55947761d56d4c6142a3cb1a1fe69d0b1a6d0e01a2e404c697962623,dfine_sahi,107500.0,unknown_object,0.3302,19.9,316.07,109.99,377.91,5571.4,90.09,61.84,1.457,False,,True,S-61,17,evt_S-61_desk_work_surface_0004,061504b531fc9201,pose_hand_context,,52253.4,2.65,,1,cam12/e1/v1,rtmpose_baseline
full,03.CCTV Mobile Usage.mkv,632de9ed55947761d56d4c6142a3cb1a1fe69d0b1a6d0e01a2e404c697962623,dfine_sahi,107500.0,monitor_or_bezel,0.3218,-0.29,495.19,186.77,557.76,11703.0,187.06,62.56,2.99,False,,True,S-61,17,evt_S-61_desk_work_surface_0004,061504b531fc9201,pose_hand_context,,52253.4,2.65,,1,cam12/e1/v1,rtmpose_baseline
full,03.CCTV Mobile Usage.mkv,632de9ed55947761d56d4c6142a3cb1a1fe69d0b1a6d0e01a2e404c697962623,dfine_sahi,107500.0,unknown_object,0.2818,94.0,448.87,215.35,557.75,13212.4,121.35,108.88,1.114,False,,True,S-61,17,evt_S-61_desk_work_surface_0004,061504b531fc9201,pose_hand_context,,52253.4,2.65,,1,cam12/e1/v1,rtmpose_baseline
full,03.CCTV Mobile Usage.mkv,632de9ed55947761d56d4c6142a3cb1a1fe69d0b1a6d0e01a2e404c697962623,dfine_sahi,107500.0,monitor_or_bezel,0.5104,794.01,2.15,844.11,43.94,2093.6,50.1,41.79,1.199,False,,True,unattributed,18,evt_S-61_desk_work_surface_0004,0633178326796df2,native_source_context_fallback,wrist_confidence_below_floor,9535.1,6.51,,1,cam12/e1/v1,rtmpose_baseline
full,03.CCTV Mobile Usage.mkv,632de9ed55947761d56d4c6142a3cb1a1fe69d0b1a6d0e01a2e404c697962623,dfine_sahi,107500.0,unknown_object,0.4266,836.45,83.22,871.01,124.72,1434.8,34.57,41.51,0.833,False,,True,unattributed,18,evt_S-61_desk_work_surface_0004,0633178326796df2,native_source_context_fallback,wrist_confidence_below_floor,9535.1,6.51,,1,cam12/e1/v1,rtmpose_baseline
full,03.CCTV Mobile Usage.mkv,632de9ed55947761d56d4c6142a3cb1a1fe69d0b1a6d0e01a2e404c697962623,dfine_sahi,107500.0,bag,0.3549,836.15,45.88,910.18,97.47,3819.0,74.03,51.59,1.435,False,,True,unattributed,18,evt_S-61_desk_work_surface_0004,0633178326796df2,native_source_context_fallback,wrist_confidence_below_floor,9535.1,6.51,,1,cam12/e1/v1,rtmpose_baseline
full,03.CCTV Mobile Usage.mkv,632de9ed55947761d56d4c6142a3cb1a1fe69d0b1a6d0e01a2e404c697962623,dfine_sahi,107500.0,unknown_object,0.2969,903.25,47.85,931.91,102.66,1570.9,28.66,54.81,0.523,False,,True,unattributed,18,evt_S-61_desk_work_surface_0004,0633178326796df2,native_source_context_fallback,wrist_confidence_below_floor,9535.1,6.51,,1,cam12/e1/v1,rtmpose_baseline
full,03.CCTV Mobile Usage.mkv,632de9ed55947761d56d4c6142a3cb1a1fe69d0b1a6d0e01a2e404c697962623,dfine_sahi,107500.0,unknown_object,0.2906,846.8,83.04,864.44,105.83,402.1,17.65,22.79,0.774,False,,True,unattributed,18,evt_S-61_desk_work_surface_0004,0633178326796df2,native_source_context_fallback,wrist_confidence_below_floor,9535.1,6.51,,1,cam12/e1/v1,rtmpose_baseline
full,03.CCTV Mobile Usage.mkv,632de9ed55947761d56d4c6142a3cb1a1fe69d0b1a6d0e01a2e404c697962623,dfine_sahi,107500.0,bag,0.2889,878.34,48.52,909.52,96.48,1495.4,31.18,47.96,0.65,False,,True,unattributed,18,evt_S-61_desk_work_surface_0004,0633178326796df2,native_source_context_fallback,wrist_confidence_below_floor,9535.1,6.51,,1,cam12/e1/v1,rtmpose_baseline
full,03.CCTV Mobile Usage.mkv,632de9ed55947761d56d4c6142a3cb1a1fe69d0b1a6d0e01a2e404c697962623,dfine_sahi,107500.0,unknown_object,0.2748,836.04,29.03,931.99,124.64,9173.7,95.95,95.61,1.004,False,,True,unattributed,18,evt_S-61_desk_work_surface_0004,0633178326796df2,native_source_context_fallback,wrist_confidence_below_floor,9535.1,6.51,,1,cam12/e1/v1,rtmpose_baseline
full,03.CCTV Mobile Usage.mkv,632de9ed55947761d56d4c6142a3cb1a1fe69d0b1a6d0e01a2e404c697962623,dfine_sahi,107500.0,monitor_or_bezel,0.2515,794.07,29.04,841.51,44.02,710.7,47.43,14.98,3.166,False,,True,unattributed,18,evt_S-61_desk_work_surface_0004,0633178326796df2,native_source_context_fallback,wrist_confidence_below_floor,9535.1,6.51,,1,cam12/e1/v1,rtmpose_baseline
full,03.CCTV Mobile Usage.mkv,632de9ed55947761d56d4c6142a3cb1a1fe69d0b1a6d0e01a2e404c697962623,dfine_sahi,107500.0,unknown_object,0.5687,544.03,48.63,574.0,91.31,1278.9,29.96,42.68,0.702,False,,True,unattributed,23,evt_S-61_desk_work_surface_0004,07dc176ad9cb3fb4,native_source_context_fallback,no_pose_observation,5535.3,7.42,,1,cam12/e1/v1,
full,03.CCTV Mobile Usage.mkv,632de9ed55947761d56d4c6142a3cb1a1fe69d0b1a6d0e01a2e404c697962623,dfine_sahi,107500.0,unknown_object,0.492,552.66,5.41,610.81,95.08,5214.9,58.16,89.67,0.649,False,,True,unattributed,23,evt_S-61_desk_work_surface_0004,07dc176ad9cb3fb4,native_source_context_fallback,no_pose_observation,5535.3,7.42,,1,cam12/e1/v1,
full,03.CCTV Mobile Usage.mkv,632de9ed55947761d56d4c6142a3cb1a1fe69d0b1a6d0e01a2e404c697962623,dfine_sahi,107500.0,unknown_object,0.4662,605.92,0.27,639.98,95.5,3242.9,34.05,95.24,0.358,False,,True,unattributed,23,evt_S-61_desk_work_surface_0004,07dc176ad9cb3fb4,native_source_context_fallback,no_pose_observation,5535.3,7.42,,1,cam12/e1/v1,
full,03.CCTV Mobile Usage.mkv,632de9ed55947761d56d4c6142a3cb1a1fe69d0b1a6d0e01a2e404c697962623,dfine_sahi,107500.0,unknown_object,0.4321,516.11,71.73,532.96,80.45,146.9,16.86,8.72,1.934,False,,True,unattributed,23,evt_S-61_desk_work_surface_0004,07dc176ad9cb3fb4,native_source_context_fallback,no_pose_observation,5535.3,7.42,,1,cam12/e1/v1,
full,03.CCTV Mobile Usage.mkv,632de9ed55947761d56d4c6142a3cb1a1fe69d0b1a6d0e01a2e404c697962623,dfine_sahi,107500.0,unknown_object,0.4098,563.92,51.39,607.49,105.73,2367.8,43.57,54.35,0.802,False,,True,unattributed,23,evt_S-61_desk_work_surface_0004,07dc176ad9cb3fb4,native_source_context_fallback,no_pose_observation,5535.3,7.42,,1,cam12/e1/v1,
full,03.CCTV Mobile Usage.mkv,632de9ed55947761d56d4c6142a3cb1a1fe69d0b1a6d0e01a2e404c697962623,dfine_sahi,107500.0,unknown_object,0.3732,534.46,77.47,549.48,86.02,128.4,15.03,8.55,1.758,False,,True,unattributed,23,evt_S-61_desk_work_surface_0004,07dc176ad9cb3fb4,native_source_context_fallback,no_pose_observation,5535.3,7.42,,1,cam12/e1/v1,
full,03.CCTV Mobile Usage.mkv,632de9ed55947761d56d4c6142a3cb1a1fe69d0b1a6d0e01a2e404c697962623,dfine_sahi,107500.0,unknown_object,0.3446,525.48,75.87,536.44,83.1,79.3,10.96,7.24,1.515,True,object footprint 79 px is under the 120 px floor for a call,False,unattributed,23,evt_S-61_desk_work_surface_0004,07dc176ad9cb3fb4,native_source_context_fallback,no_pose_observation,5535.3,7.42,,1,cam12/e1/v1,
full,03.CCTV Mobile Usage.mkv,632de9ed55947761d56d4c6142a3cb1a1fe69d0b1a6d0e01a2e404c697962623,dfine_sahi,107500.0,unknown_object,0.3224,544.02,0.13,560.11,59.11,948.9,16.09,58.98,0.273,False,,True,unattributed,23,evt_S-61_desk_work_surface_0004,07dc176ad9cb3fb4,native_source_context_fallback,no_pose_observation,5535.3,7.42,,1,cam12/e1/v1,
full,03.CCTV Mobile Usage.mkv,632de9ed55947761d56d4c6142a3cb1a1fe69d0b1a6d0e01a2e404c697962623,dfine_sahi,107500.0,unknown_object,0.2845,530.01,0.36,559.79,83.55,2477.3,29.78,83.19,0.358,False,,True,unattributed,23,evt_S-61_desk_work_surface_0004,07dc176ad9cb3fb4,native_source_context_fallback,no_pose_observation,5535.3,7.42,,1,cam12/e1/v1,
full,03.CCTV Mobile Usage.mkv,632de9ed55947761d56d4c6142a3cb1a1fe69d0b1a6d0e01a2e404c697962623,dfine_sahi,107500.0,keyboard,0.2778,530.02,82.56,596.6,96.0,894.9,66.57,13.44,4.952,False,,True,unattributed,23,evt_S-61_desk_work_surface_0004,07dc176ad9cb3fb4,native_source_context_fallback,no_pose_observation,5535.3,7.42,,1,cam12/e1/v1,
full,03.CCTV Mobile Usage.mkv,632de9ed55947761d56d4c6142a3cb1a1fe69d0b1a6d0e01a2e404c697962623,dfine_sahi,107500.0,keyboard,0.903,962.06,451.96,1067.87,491.45,4178.3,105.82,39.49,2.68,False,,True,R-desk,21,evt_S-61_desk_work_surface_0004,bdac2b57433fb1af,lap_bag_context,wrist_confidence_below_floor,34560.0,1.33,,1,cam12/e1/v1,rtmpose_baseline
full,03.CCTV Mobile Usage.mkv,632de9ed55947761d56d4c6142a3cb1a1fe69d0b1a6d0e01a2e404c697962623,dfine_sahi,107500.0,monitor_or_bezel,0.7439,910.15,411.23,1141.56,506.35,22011.6,231.42,95.12,2.433,False,,True,R-desk,21,evt_S-61_desk_work_surface_0004,bdac2b57433fb1af,lap_bag_context,wrist_confidence_below_floor,34560.0,1.33,,1,cam12/e1/v1,rtmpose_baseline
full,03.CCTV Mobile Usage.mkv,632de9ed55947761d56d4c6142a3cb1a1fe69d0b1a6d0e01a2e404c697962623,dfine_sahi,107500.0,mouse,0.7351,864.91,413.54,891.33,435.1,569.7,26.41,21.57,1.225,False,,True,R-desk,21,evt_S-61_desk_work_surface_0004,bdac2b57433fb1af,lap_bag_context,wrist_confidence_below_floor,34560.0,1.33,,1,cam12/e1/v1,rtmpose_baseline
full,03.CCTV Mobile Usage.mkv,632de9ed55947761d56d4c6142a3cb1a1fe69d0b1a6d0e01a2e404c697962623,dfine_sahi,107500.0,keyboard,0.7281,772.11,380.18,870.69,420.34,3959.4,98.58,40.17,2.454,False,,True,R-desk,21,evt_S-61_desk_work_surface_0004,bdac2b57433fb1af,lap_bag_context,wrist_confidence_below_floor,34560.0,1.33,,1,cam12/e1/v1,rtmpose_baseline
full,03.CCTV Mobile Usage.mkv,632de9ed55947761d56d4c6142a3cb1a1fe69d0b1a6d0e01a2e404c697962623,dfine_sahi,107500.0,monitor_or_bezel,0.722,963.21,380.57,1152.78,474.98,17898.1,189.57,94.42,2.008,False,,True,R-desk,21,evt_S-61_desk_work_surface_0004,bdac2b57433fb1af,lap_bag_context,wrist_confidence_below_floor,34560.0,1.33,,1,cam12/e1/v1,rtmpose_baseline
full,03.CCTV Mobile Usage.mkv,632de9ed55947761d56d4c6142a3cb1a1fe69d0b1a6d0e01a2e404c697962623,dfine_sahi,107500.0,phone,0.6973,1043.29,421.64,1111.69,473.74,3563.6,68.4,52.1,1.313,False,,True,R-desk,21,evt_S-61_desk_work_surface_0004,bdac2b57433fb1af,lap_bag_context,wrist_confidence_below_floor,34560.0,1.33,,1,cam12/e1/v1,rtmpose_baseline
full,03.CCTV Mobile Usage.mkv,632de9ed55947761d56d4c6142a3cb1a1fe69d0b1a6d0e01a2e404c697962623,dfine_sahi,107500.0,monitor_or_bezel,0.6356,706.68,379.93,968.93,474.75,24867.5,262.25,94.82,2.766,False,,True,R-desk,21,evt_S-61_desk_work_surface_0004,bdac2b57433fb1af,lap_bag_context,wrist_confidence_below_floor,34560.0,1.33,,1,cam12/e1/v1,rtmpose_baseline
full,03.CCTV Mobile Usage.mkv,632de9ed55947761d56d4c6142a3cb1a1fe69d0b1a6d0e01a2e404c697962623,dfine_sahi,107500.0,monitor_or_bezel,0.63,1018.68,395.62,1145.93,447.77,6635.6,127.25,52.15,2.44,False,,True,R-desk,21,evt_S-61_desk_work_surface_0004,bdac2b57433fb1af,lap_bag_context,wrist_confidence_below_floor,34560.0,1.33,,1,cam12/e1/v1,rtmpose_baseline
full,03.CCTV Mobile Usage.mkv,632de9ed55947761d56d4c6142a3cb1a1fe69d0b1a6d0e01a2e404c697962623,dfine_sahi,107500.0,keyboard,0.6045,962.92,452.38,1034.37,475.58,1658.0,71.46,23.2,3.08,False,,True,R-desk,21,evt_S-61_desk_work_surface_0004,bdac2b57433fb1af,lap_bag_context,wrist_confidence_below_floor,34560.0,1.33,,1,cam12/e1/v1,rtmpose_baseline
full,03.CCTV Mobile Usage.mkv,632de9ed55947761d56d4c6142a3cb1a1fe69d0b1a6d0e01a2e404c697962623,dfine_sahi,107500.0,unknown_object,0.5905,699.98,396.16,853.08,491.93,14662.6,153.1,95.77,1.599,False,,True,R-desk,21,evt_S-61_desk_work_surface_0004,bdac2b57433fb1af,lap_bag_context,wrist_confidence_below_floor,34560.0,1.33,,1,cam12/e1/v1,rtmpose_baseline
full,03.CCTV Mobile Usage.mkv,632de9ed55947761d56d4c6142a3cb1a1fe69d0b1a6d0e01a2e404c697962623,dfine_sahi,107500.0,keyboard,0.5129,802.59,396.27,870.81,420.64,1662.7,68.22,24.37,2.799,False,,True,R-desk,21,evt_S-61_desk_work_surface_0004,bdac2b57433fb1af,lap_bag_context,wrist_confidence_below_floor,34560.0,1.33,,1,cam12/e1/v1,rtmpose_baseline
full,03.CCTV Mobile Usage.mkv,632de9ed55947761d56d4c6142a3cb1a1fe69d0b1a6d0e01a2e404c697962623,dfine_sahi,107500.0,unknown_object,0.4876,767.09,410.99,969.85,505.92,19249.3,202.76,94.94,2.136,False,,True,R-desk,21,evt_S-61_desk_work_surface_0004,bdac2b57433fb1af,lap_bag_context,wrist_confidence_below_floor,34560.0,1.33,,1,cam12/e1/v1,rtmpose_baseline
full,03.CCTV Mobile Usage.mkv,632de9ed55947761d56d4c6142a3cb1a1fe69d0b1a6d0e01a2e404c697962623,dfine_sahi,107500.0,unknown_object,0.4224,700.0,380.45,758.52,474.92,5528.8,58.52,94.48,0.619,False,,True,R-desk,21,evt_S-61_desk_work_surface_0004,bdac2b57433fb1af,lap_bag_context,wrist_confidence_below_floor,34560.0,1.33,,1,cam12/e1/v1,rtmpose_baseline
full,03.CCTV Mobile Usage.mkv,632de9ed55947761d56d4c6142a3cb1a1fe69d0b1a6d0e01a2e404c697962623,dfine_sahi,107500.0,keyboard,0.3507,910.11,411.25,1092.29,506.17,17292.0,182.18,94.92,1.919,False,,True,R-desk,21,evt_S-61_desk_work_surface_0004,bdac2b57433fb1af,lap_bag_context,wrist_confidence_below_floor,34560.0,1.33,,1,cam12/e1/v1,rtmpose_baseline
full,03.CCTV Mobile Usage.mkv,632de9ed55947761d56d4c6142a3cb1a1fe69d0b1a6d0e01a2e404c697962623,dfine_sahi,107500.0,mouse,0.3285,966.91,398.41,992.1,410.63,307.9,25.2,12.22,2.062,False,,True,R-desk,21,evt_S-61_desk_work_surface_0004,bdac2b57433fb1af,lap_bag_context,wrist_confidence_below_floor,34560.0,1.33,,1,cam12/e1/v1,rtmpose_baseline
full,03.CCTV Mobile Usage.mkv,632de9ed55947761d56d4c6142a3cb1a1fe69d0b1a6d0e01a2e404c697962623,dfine_sahi,107500.0,keyboard,0.3157,964.86,396.93,1096.45,474.87,10254.9,131.59,77.93,1.688,False,,True,R-desk,21,evt_S-61_desk_work_surface_0004,bdac2b57433fb1af,lap_bag_context,wrist_confidence_below_floor,34560.0,1.33,,1,cam12/e1/v1,rtmpose_baseline
full,03.CCTV Mobile Usage.mkv,632de9ed55947761d56d4c6142a3cb1a1fe69d0b1a6d0e01a2e404c697962623,dfine_sahi,107500.0,monitor_or_bezel,0.2993,881.57,380.17,965.38,452.87,6092.9,83.81,72.7,1.153,False,,True,R-desk,21,evt_S-61_desk_work_surface_0004,bdac2b57433fb1af,lap_bag_context,wrist_confidence_below_floor,34560.0,1.33,,1,cam12/e1/v1,rtmpose_baseline
full,03.CCTV Mobile Usage.mkv,632de9ed55947761d56d4c6142a3cb1a1fe69d0b1a6d0e01a2e404c697962623,dfine_sahi,107500.0,monitor_or_bezel,0.2683,748.27,395.22,1146.97,491.14,38244.9,398.69,95.93,4.156,False,,True,R-desk,21,evt_S-61_desk_work_surface_0004,bdac2b57433fb1af,lap_bag_context,wrist_confidence_below_floor,34560.0,1.33,,1,cam12/e1/v1,rtmpose_baseline
full,03.CCTV Mobile Usage.mkv,632de9ed55947761d56d4c6142a3cb1a1fe69d0b1a6d0e01a2e404c697962623,dfine_sahi,107500.0,unknown_object,0.2679,881.49,411.13,933.45,452.81,2165.6,51.96,41.67,1.247,False,,True,R-desk,21,evt_S-61_desk_work_surface_0004,bdac2b57433fb1af,lap_bag_context,wrist_confidence_below_floor,34560.0,1.33,,1,cam12/e1/v1,rtmpose_baseline
full,03.CCTV Mobile Usage.mkv,632de9ed55947761d56d4c6142a3cb1a1fe69d0b1a6d0e01a2e404c697962623,dfine_sahi,107500.0,keyboard,0.903,962.06,451.96,1067.87,491.45,4178.3,105.82,39.49,2.68,False,,True,R-desk,22,evt_S-61_desk_work_surface_0004,bdac2b57433fb1af,lap_bag_context,wrist_confidence_below_floor,34560.0,1.33,,1,cam12/e1/v1,rtmpose_baseline
full,03.CCTV Mobile Usage.mkv,632de9ed55947761d56d4c6142a3cb1a1fe69d0b1a6d0e01a2e404c697962623,dfine_sahi,107500.0,monitor_or_bezel,0.7439,910.15,411.23,1141.56,506.35,22011.6,231.42,95.12,2.433,False,,True,R-desk,22,evt_S-61_desk_work_surface_0004,bdac2b57433fb1af,lap_bag_context,wrist_confidence_below_floor,34560.0,1.33,,1,cam12/e1/v1,rtmpose_baseline
full,03.CCTV Mobile Usage.mkv,632de9ed55947761d56d4c6142a3cb1a1fe69d0b1a6d0e01a2e404c697962623,dfine_sahi,107500.0,mouse,0.7351,864.91,413.54,891.33,435.1,569.7,26.41,21.57,1.225,False,,True,R-desk,22,evt_S-61_desk_work_surface_0004,bdac2b57433fb1af,lap_bag_context,wrist_confidence_below_floor,34560.0,1.33,,1,cam12/e1/v1,rtmpose_baseline
full,03.CCTV Mobile Usage.mkv,632de9ed55947761d56d4c6142a3cb1a1fe69d0b1a6d0e01a2e404c697962623,dfine_sahi,107500.0,keyboard,0.7281,772.11,380.18,870.69,420.34,3959.4,98.58,40.17,2.454,False,,True,R-desk,22,evt_S-61_desk_work_surface_0004,bdac2b57433fb1af,lap_bag_context,wrist_confidence_below_floor,34560.0,1.33,,1,cam12/e1/v1,rtmpose_baseline
full,03.CCTV Mobile Usage.mkv,632de9ed55947761d56d4c6142a3cb1a1fe69d0b1a6d0e01a2e404c697962623,dfine_sahi,107500.0,monitor_or_bezel,0.722,963.21,380.57,1152.78,474.98,17898.1,189.57,94.42,2.008,False,,True,R-desk,22,evt_S-61_desk_work_surface_0004,bdac2b57433fb1af,lap_bag_context,wrist_confidence_below_floor,34560.0,1.33,,1,cam12/e1/v1,rtmpose_baseline
full,03.CCTV Mobile Usage.mkv,632de9ed55947761d56d4c6142a3cb1a1fe69d0b1a6d0e01a2e404c697962623,dfine_sahi,107500.0,phone,0.6973,1043.29,421.64,1111.69,473.74,3563.6,68.4,52.1,1.313,False,,True,R-desk,22,evt_S-61_desk_work_surface_0004,bdac2b57433fb1af,lap_bag_context,wrist_confidence_below_floor,34560.0,1.33,,1,cam12/e1/v1,rtmpose_baseline
full,03.CCTV Mobile Usage.mkv,632de9ed55947761d56d4c6142a3cb1a1fe69d0b1a6d0e01a2e404c697962623,dfine_sahi,107500.0,monitor_or_bezel,0.6356,706.68,379.93,968.93,474.75,24867.5,262.25,94.82,2.766,False,,True,R-desk,22,evt_S-61_desk_work_surface_0004,bdac2b57433fb1af,lap_bag_context,wrist_confidence_below_floor,34560.0,1.33,,1,cam12/e1/v1,rtmpose_baseline
full,03.CCTV Mobile Usage.mkv,632de9ed55947761d56d4c6142a3cb1a1fe69d0b1a6d0e01a2e404c697962623,dfine_sahi,107500.0,monitor_or_bezel,0.63,1018.68,395.62,1145.93,447.77,6635.6,127.25,52.15,2.44,False,,True,R-desk,22,evt_S-61_desk_work_surface_0004,bdac2b57433fb1af,lap_bag_context,wrist_confidence_below_floor,34560.0,1.33,,1,cam12/e1/v1,rtmpose_baseline
full,03.CCTV Mobile Usage.mkv,632de9ed55947761d56d4c6142a3cb1a1fe69d0b1a6d0e01a2e404c697962623,dfine_sahi,107500.0,keyboard,0.6045,962.92,452.38,1034.37,475.58,1658.0,71.46,23.2,3.08,False,,True,R-desk,22,evt_S-61_desk_work_surface_0004,bdac2b57433fb1af,lap_bag_context,wrist_confidence_below_floor,34560.0,1.33,,1,cam12/e1/v1,rtmpose_baseline
full,03.CCTV Mobile Usage.mkv,632de9ed55947761d56d4c6142a3cb1a1fe69d0b1a6d0e01a2e404c697962623,dfine_sahi,107500.0,unknown_object,0.5905,699.98,396.16,853.08,491.93,14662.6,153.1,95.77,1.599,False,,True,R-desk,22,evt_S-61_desk_work_surface_0004,bdac2b57433fb1af,lap_bag_context,wrist_confidence_below_floor,34560.0,1.33,,1,cam12/e1/v1,rtmpose_baseline
full,03.CCTV Mobile Usage.mkv,632de9ed55947761d56d4c6142a3cb1a1fe69d0b1a6d0e01a2e404c697962623,dfine_sahi,107500.0,keyboard,0.5129,802.59,396.27,870.81,420.64,1662.7,68.22,24.37,2.799,False,,True,R-desk,22,evt_S-61_desk_work_surface_0004,bdac2b57433fb1af,lap_bag_context,wrist_confidence_below_floor,34560.0,1.33,,1,cam12/e1/v1,rtmpose_baseline
full,03.CCTV Mobile Usage.mkv,632de9ed55947761d56d4c6142a3cb1a1fe69d0b1a6d0e01a2e404c697962623,dfine_sahi,107500.0,unknown_object,0.4876,767.09,410.99,969.85,505.92,19249.3,202.76,94.94,2.136,False,,True,R-desk,22,evt_S-61_desk_work_surface_0004,bdac2b57433fb1af,lap_bag_context,wrist_confidence_below_floor,34560.0,1.33,,1,cam12/e1/v1,rtmpose_baseline
full,03.CCTV Mobile Usage.mkv,632de9ed55947761d56d4c6142a3cb1a1fe69d0b1a6d0e01a2e404c697962623,dfine_sahi,107500.0,unknown_object,0.4224,700.0,380.45,758.52,474.92,5528.8,58.52,94.48,0.619,False,,True,R-desk,22,evt_S-61_desk_work_surface_0004,bdac2b57433fb1af,lap_bag_context,wrist_confidence_below_floor,34560.0,1.33,,1,cam12/e1/v1,rtmpose_baseline
full,03.CCTV Mobile Usage.mkv,632de9ed55947761d56d4c6142a3cb1a1fe69d0b1a6d0e01a2e404c697962623,dfine_sahi,107500.0,keyboard,0.3507,910.11,411.25,1092.29,506.17,17292.0,182.18,94.92,1.919,False,,True,R-desk,22,evt_S-61_desk_work_surface_0004,bdac2b57433fb1af,lap_bag_context,wrist_confidence_below_floor,34560.0,1.33,,1,cam12/e1/v1,rtmpose_baseline
full,03.CCTV Mobile Usage.mkv,632de9ed55947761d56d4c6142a3cb1a1fe69d0b1a6d0e01a2e404c697962623,dfine_sahi,107500.0,mouse,0.3285,966.91,398.41,992.1,410.63,307.9,25.2,12.22,2.062,False,,True,R-desk,22,evt_S-61_desk_work_surface_0004,bdac2b57433fb1af,lap_bag_context,wrist_confidence_below_floor,34560.0,1.33,,1,cam12/e1/v1,rtmpose_baseline
full,03.CCTV Mobile Usage.mkv,632de9ed55947761d56d4c6142a3cb1a1fe69d0b1a6d0e01a2e404c697962623,dfine_sahi,107500.0,keyboard,0.3157,964.86,396.93,1096.45,474.87,10254.9,131.59,77.93,1.688,False,,True,R-desk,22,evt_S-61_desk_work_surface_0004,bdac2b57433fb1af,lap_bag_context,wrist_confidence_below_floor,34560.0,1.33,,1,cam12/e1/v1,rtmpose_baseline
full,03.CCTV Mobile Usage.mkv,632de9ed55947761d56d4c6142a3cb1a1fe69d0b1a6d0e01a2e404c697962623,dfine_sahi,107500.0,monitor_or_bezel,0.2993,881.57,380.17,965.38,452.87,6092.9,83.81,72.7,1.153,False,,True,R-desk,22,evt_S-61_desk_work_surface_0004,bdac2b57433fb1af,lap_bag_context,wrist_confidence_below_floor,34560.0,1.33,,1,cam12/e1/v1,rtmpose_baseline
full,03.CCTV Mobile Usage.mkv,632de9ed55947761d56d4c6142a3cb1a1fe69d0b1a6d0e01a2e404c697962623,dfine_sahi,107500.0,monitor_or_bezel,0.2683,748.27,395.22,1146.97,491.14,38244.9,398.69,95.93,4.156,False,,True,R-desk,22,evt_S-61_desk_work_surface_0004,bdac2b57433fb1af,lap_bag_context,wrist_confidence_below_floor,34560.0,1.33,,1,cam12/e1/v1,rtmpose_baseline
full,03.CCTV Mobile Usage.mkv,632de9ed55947761d56d4c6142a3cb1a1fe69d0b1a6d0e01a2e404c697962623,dfine_sahi,107500.0,unknown_object,0.2679,881.49,411.13,933.45,452.81,2165.6,51.96,41.67,1.247,False,,True,R-desk,22,evt_S-61_desk_work_surface_0004,bdac2b57433fb1af,lap_bag_context,wrist_confidence_below_floor,34560.0,1.33,,1,cam12/e1/v1,rtmpose_baseline
full,03.CCTV Mobile Usage.mkv,632de9ed55947761d56d4c6142a3cb1a1fe69d0b1a6d0e01a2e404c697962623,dfine_sahi,108000.0,unknown_object,0.6526,541.58,51.9,574.24,88.87,1207.2,32.65,36.97,0.883,False,,True,unattributed,23,evt_S-61_desk_work_surface_0004,22fac4fce63bd181,native_source_context_fallback,no_pose_observation,7300.0,7.25,,1,cam12/e1/v1,
full,03.CCTV Mobile Usage.mkv,632de9ed55947761d56d4c6142a3cb1a1fe69d0b1a6d0e01a2e404c697962623,dfine_sahi,108000.0,phone,0.4175,541.13,15.13,612.68,107.62,6617.0,71.55,92.48,0.774,False,,True,unattributed,23,evt_S-61_desk_work_surface_0004,22fac4fce63bd181,native_source_context_fallback,no_pose_observation,7300.0,7.25,,1,cam12/e1/v1,
full,03.CCTV Mobile Usage.mkv,632de9ed55947761d56d4c6142a3cb1a1fe69d0b1a6d0e01a2e404c697962623,dfine_sahi,108000.0,unknown_object,0.3568,504.24,50.88,599.86,106.24,5293.6,95.63,55.36,1.727,False,,True,unattributed,23,evt_S-61_desk_work_surface_0004,22fac4fce63bd181,native_source_context_fallback,no_pose_observation,7300.0,7.25,,1,cam12/e1/v1,
full,03.CCTV Mobile Usage.mkv,632de9ed55947761d56d4c6142a3cb1a1fe69d0b1a6d0e01a2e404c697962623,dfine_sahi,108000.0,unknown_object,0.3434,541.05,15.1,637.06,109.97,9108.6,96.01,94.87,1.012,False,,True,unattributed,23,evt_S-61_desk_work_surface_0004,22fac4fce63bd181,native_source_context_fallback,no_pose_observation,7300.0,7.25,,1,cam12/e1/v1,
full,03.CCTV Mobile Usage.mkv,632de9ed55947761d56d4c6142a3cb1a1fe69d0b1a6d0e01a2e404c697962623,dfine_sahi,108000.0,unknown_object,0.3134,573.81,52.61,599.9,84.3,827.1,26.1,31.7,0.823,False,,True,unattributed,23,evt_S-61_desk_work_surface_0004,22fac4fce63bd181,native_source_context_fallback,no_pose_observation,7300.0,7.25,,1,cam12/e1/v1,
full,03.CCTV Mobile Usage.mkv,632de9ed55947761d56d4c6142a3cb1a1fe69d0b1a6d0e01a2e404c697962623,dfine_sahi,108000.0,unknown_object,0.2942,551.85,57.35,563.72,80.79,278.2,11.87,23.43,0.507,False,,True,unattributed,23,evt_S-61_desk_work_surface_0004,22fac4fce63bd181,native_source_context_fallback,no_pose_observation,7300.0,7.25,,1,cam12/e1/v1,
full,03.CCTV Mobile Usage.mkv,632de9ed55947761d56d4c6142a3cb1a1fe69d0b1a6d0e01a2e404c697962623,dfine_sahi,108000.0,unknown_object,0.2739,504.02,2.89,599.91,95.5,8880.4,95.89,92.61,1.035,False,,True,unattributed,23,evt_S-61_desk_work_surface_0004,22fac4fce63bd181,native_source_context_fallback,no_pose_observation,7300.0,7.25,,1,cam12/e1/v1,
full,03.CCTV Mobile Usage.mkv,632de9ed55947761d56d4c6142a3cb1a1fe69d0b1a6d0e01a2e404c697962623,dfine_sahi,108000.0,stationery,0.2728,616.76,57.03,633.15,83.6,435.5,16.39,26.57,0.617,False,,True,unattributed,23,evt_S-61_desk_work_surface_0004,22fac4fce63bd181,native_source_context_fallback,no_pose_observation,7300.0,7.25,,1,cam12/e1/v1,
full,03.CCTV Mobile Usage.mkv,632de9ed55947761d56d4c6142a3cb1a1fe69d0b1a6d0e01a2e404c697962623,dfine_sahi,108000.0,bag,0.2634,540.2,3.8,599.85,58.96,3290.1,59.64,55.16,1.081,False,,True,unattributed,23,evt_S-61_desk_work_surface_0004,22fac4fce63bd181,native_source_context_fallback,no_pose_observation,7300.0,7.25,,1,cam12/e1/v1,
full,03.CCTV Mobile Usage.mkv,632de9ed55947761d56d4c6142a3cb1a1fe69d0b1a6d0e01a2e404c697962623,dfine_sahi,108000.0,phone,0.6207,159.73,432.53,193.24,477.48,1506.3,33.51,44.95,0.746,False,,True,S-61,17,evt_S-61_desk_work_surface_0004,307ef414490284f8,pose_hand_context,,51275.0,2.69,,1,cam12/e1/v1,rtmpose_baseline
full,03.CCTV Mobile Usage.mkv,632de9ed55947761d56d4c6142a3cb1a1fe69d0b1a6d0e01a2e404c697962623,dfine_sahi,108000.0,unknown_object,0.6192,110.62,454.25,177.86,520.41,4449.1,67.24,66.16,1.016,False,,True,S-61,17,evt_S-61_desk_work_surface_0004,307ef414490284f8,pose_hand_context,,51275.0,2.69,,1,cam12/e1/v1,rtmpose_baseline
full,03.CCTV Mobile Usage.mkv,632de9ed55947761d56d4c6142a3cb1a1fe69d0b1a6d0e01a2e404c697962623,dfine_sahi,108000.0,unknown_object,0.4806,0.54,423.24,121.02,555.38,15921.0,120.48,132.14,0.912,False,,True,S-61,17,evt_S-61_desk_work_surface_0004,307ef414490284f8,pose_hand_context,,51275.0,2.69,,1,cam12/e1/v1,rtmpose_baseline
full,03.CCTV Mobile Usage.mkv,632de9ed55947761d56d4c6142a3cb1a1fe69d0b1a6d0e01a2e404c697962623,dfine_sahi,108000.0,unknown_object,0.4651,39.15,423.17,120.93,474.26,4177.3,81.77,51.08,1.601,False,,True,S-61,17,evt_S-61_desk_work_surface_0004,307ef414490284f8,pose_hand_context,,51275.0,2.69,,1,cam12/e1/v1,rtmpose_baseline
full,03.CCTV Mobile Usage.mkv,632de9ed55947761d56d4c6142a3cb1a1fe69d0b1a6d0e01a2e404c697962623,dfine_sahi,108000.0,secondary_paper_chit,0.4316,89.01,452.87,178.76,523.42,6331.4,89.75,70.55,1.272,False,,True,S-61,17,evt_S-61_desk_work_surface_0004,307ef414490284f8,pose_hand_context,,51275.0,2.69,,1,cam12/e1/v1,rtmpose_baseline
full,03.CCTV Mobile Usage.mkv,632de9ed55947761d56d4c6142a3cb1a1fe69d0b1a6d0e01a2e404c697962623,dfine_sahi,108000.0,stationery,0.3364,-0.37,495.29,185.98,556.83,11467.5,186.34,61.54,3.028,False,,True,S-61,17,evt_S-61_desk_work_surface_0004,307ef414490284f8,pose_hand_context,,51275.0,2.69,,1,cam12/e1/v1,rtmpose_baseline
full,03.CCTV Mobile Usage.mkv,632de9ed55947761d56d4c6142a3cb1a1fe69d0b1a6d0e01a2e404c697962623,dfine_sahi,108000.0,stationery,0.2862,47.22,509.69,85.11,553.67,1666.2,37.89,43.98,0.862,False,,True,S-61,17,evt_S-61_desk_work_surface_0004,307ef414490284f8,pose_hand_context,,51275.0,2.69,,1,cam12/e1/v1,rtmpose_baseline
full,03.CCTV Mobile Usage.mkv,632de9ed55947761d56d4c6142a3cb1a1fe69d0b1a6d0e01a2e404c697962623,dfine_sahi,108000.0,unknown_object,0.2538,22.39,318.04,110.46,380.19,5473.3,88.07,62.15,1.417,False,,True,S-61,17,evt_S-61_desk_work_surface_0004,307ef414490284f8,pose_hand_context,,51275.0,2.69,,1,cam12/e1/v1,rtmpose_baseline
full,03.CCTV Mobile Usage.mkv,632de9ed55947761d56d4c6142a3cb1a1fe69d0b1a6d0e01a2e404c697962623,dfine_sahi,108000.0,unknown_object,0.6234,819.29,7.45,889.94,94.9,6178.2,70.65,87.45,0.808,False,,True,unattributed,18,evt_S-61_desk_work_surface_0004,79ba7866ecb421e6,native_source_context_fallback,wrist_confidence_below_floor,9304.5,6.63,,1,cam12/e1/v1,rtmpose_baseline
full,03.CCTV Mobile Usage.mkv,632de9ed55947761d56d4c6142a3cb1a1fe69d0b1a6d0e01a2e404c697962623,dfine_sahi,108000.0,monitor_or_bezel,0.5032,794.02,2.04,844.55,44.31,2136.0,50.54,42.27,1.196,False,,True,unattributed,18,evt_S-61_desk_work_surface_0004,79ba7866ecb421e6,native_source_context_fallback,wrist_confidence_below_floor,9304.5,6.63,,1,cam12/e1/v1,rtmpose_baseline
full,03.CCTV Mobile Usage.mkv,632de9ed55947761d56d4c6142a3cb1a1fe69d0b1a6d0e01a2e404c697962623,dfine_sahi,108000.0,unknown_object,0.4207,836.96,83.26,871.04,123.85,1383.3,34.08,40.59,0.84,False,,True,unattributed,18,evt_S-61_desk_work_surface_0004,79ba7866ecb421e6,native_source_context_fallback,wrist_confidence_below_floor,9304.5,6.63,,1,cam12/e1/v1,rtmpose_baseline
full,03.CCTV Mobile Usage.mkv,632de9ed55947761d56d4c6142a3cb1a1fe69d0b1a6d0e01a2e404c697962623,dfine_sahi,108000.0,bag,0.4108,836.23,46.43,908.78,95.02,3525.4,72.55,48.59,1.493,False,,True,unattributed,18,evt_S-61_desk_work_surface_0004,79ba7866ecb421e6,native_source_context_fallback,wrist_confidence_below_floor,9304.5,6.63,,1,cam12/e1/v1,rtmpose_baseline
full,03.CCTV Mobile Usage.mkv,632de9ed55947761d56d4c6142a3cb1a1fe69d0b1a6d0e01a2e404c697962623,dfine_sahi,108000.0,bag,0.3326,878.85,51.37,908.31,93.67,1246.0,29.46,42.3,0.696,False,,True,unattributed,18,evt_S-61_desk_work_surface_0004,79ba7866ecb421e6,native_source_context_fallback,wrist_confidence_below_floor,9304.5,6.63,,1,cam12/e1/v1,rtmpose_baseline
full,03.CCTV Mobile Usage.mkv,632de9ed55947761d56d4c6142a3cb1a1fe69d0b1a6d0e01a2e404c697962623,dfine_sahi,108000.0,monitor_or_bezel,0.3179,794.02,28.05,844.41,45.17,862.7,50.39,17.12,2.943,False,,True,unattributed,18,evt_S-61_desk_work_surface_0004,79ba7866ecb421e6,native_source_context_fallback,wrist_confidence_below_floor,9304.5,6.63,,1,cam12/e1/v1,rtmpose_baseline
full,03.CCTV Mobile Usage.mkv,632de9ed55947761d56d4c6142a3cb1a1fe69d0b1a6d0e01a2e404c697962623,dfine_sahi,108000.0,unknown_object,0.3176,794.01,1.86,844.61,91.87,4554.3,50.6,90.01,0.562,False,,True,unattributed,18,evt_S-61_desk_work_surface_0004,79ba7866ecb421e6,native_source_context_fallback,wrist_confidence_below_floor,9304.5,6.63,,1,cam12/e1/v1,rtmpose_baseline
full,03.CCTV Mobile Usage.mkv,632de9ed55947761d56d4c6142a3cb1a1fe69d0b1a6d0e01a2e404c697962623,dfine_sahi,108000.0,bag,0.29,795.72,100.97,831.51,123.89,820.0,35.79,22.91,1.562,False,,True,unattributed,18,evt_S-61_desk_work_surface_0004,79ba7866ecb421e6,native_source_context_fallback,wrist_confidence_below_floor,9304.5,6.63,,1,cam12/e1/v1,rtmpose_baseline
full,03.CCTV Mobile Usage.mkv,632de9ed55947761d56d4c6142a3cb1a1fe69d0b1a6d0e01a2e404c697962623,dfine_sahi,108000.0,unknown_object,0.2831,903.77,48.84,931.86,102.45,1506.1,28.09,53.61,0.524,False,,True,unattributed,18,evt_S-61_desk_work_surface_0004,79ba7866ecb421e6,native_source_context_fallback,wrist_confidence_below_floor,9304.5,6.63,,1,cam12/e1/v1,rtmpose_baseline
full,03.CCTV Mobile Usage.mkv,632de9ed55947761d56d4c6142a3cb1a1fe69d0b1a6d0e01a2e404c697962623,dfine_sahi,108000.0,bag,0.269,863.04,53.02,881.6,83.67,568.9,18.56,30.65,0.606,False,,True,unattributed,18,evt_S-61_desk_work_surface_0004,79ba7866ecb421e6,native_source_context_fallback,wrist_confidence_below_floor,9304.5,6.63,,1,cam12/e1/v1,rtmpose_baseline
full,03.CCTV Mobile Usage.mkv,632de9ed55947761d56d4c6142a3cb1a1fe69d0b1a6d0e01a2e404c697962623,dfine_sahi,108000.0,bag,0.2526,836.05,45.72,865.02,89.32,1263.5,28.97,43.61,0.664,False,,True,unattributed,18,evt_S-61_desk_work_surface_0004,79ba7866ecb421e6,native_source_context_fallback,wrist_confidence_below_floor,9304.5,6.63,,1,cam12/e1/v1,rtmpose_baseline
full,03.CCTV Mobile Usage.mkv,632de9ed55947761d56d4c6142a3cb1a1fe69d0b1a6d0e01a2e404c697962623,dfine_sahi,112100.0,bag,0.6633,842.44,19.43,910.94,92.97,5037.2,68.5,73.54,0.931,False,,True,unattributed,26,evt_S-61_upper_body_0019,2eaedc89c6a0012a,native_source_context_fallback,no_pose_observation,7016.6,6.81,,1,cam12/e1/v1,
full,03.CCTV Mobile Usage.mkv,632de9ed55947761d56d4c6142a3cb1a1fe69d0b1a6d0e01a2e404c697962623,dfine_sahi,112100.0,monitor_or_bezel,0.595,809.0,4.69,843.45,44.07,1356.7,34.45,39.38,0.875,False,,True,unattributed,26,evt_S-61_upper_body_0019,2eaedc89c6a0012a,native_source_context_fallback,no_pose_observation,7016.6,6.81,,1,cam12/e1/v1,
full,03.CCTV Mobile Usage.mkv,632de9ed55947761d56d4c6142a3cb1a1fe69d0b1a6d0e01a2e404c697962623,dfine_sahi,112100.0,unknown_object,0.3363,832.29,83.81,904.92,114.76,2248.5,72.63,30.96,2.346,False,,True,unattributed,26,evt_S-61_upper_body_0019,2eaedc89c6a0012a,native_source_context_fallback,no_pose_observation,7016.6,6.81,,1,cam12/e1/v1,
full,03.CCTV Mobile Usage.mkv,632de9ed55947761d56d4c6142a3cb1a1fe69d0b1a6d0e01a2e404c697962623,dfine_sahi,112100.0,bag,0.3059,853.09,2.03,891.32,36.2,1306.2,38.23,34.17,1.119,False,,True,unattributed,26,evt_S-61_upper_body_0019,2eaedc89c6a0012a,native_source_context_fallback,no_pose_observation,7016.6,6.81,,1,cam12/e1/v1,
full,03.CCTV Mobile Usage.mkv,632de9ed55947761d56d4c6142a3cb1a1fe69d0b1a6d0e01a2e404c697962623,dfine_sahi,112100.0,unknown_object,0.6353,-0.02,314.16,121.96,452.35,16857.2,121.98,138.19,0.883,False,,True,S-61,25,evt_S-61_upper_body_0019,c56edce7ca7440a5,pose_hand_context,,53613.8,2.6,,1,cam12/e1/v1,rtmpose_baseline
full,03.CCTV Mobile Usage.mkv,632de9ed55947761d56d4c6142a3cb1a1fe69d0b1a6d0e01a2e404c697962623,dfine_sahi,112100.0,unknown_object,0.5857,111.29,454.37,177.55,520.65,4392.2,66.26,66.29,1.0,False,,True,S-61,25,evt_S-61_upper_body_0019,c56edce7ca7440a5,pose_hand_context,,53613.8,2.6,,1,cam12/e1/v1,rtmpose_baseline
full,03.CCTV Mobile Usage.mkv,632de9ed55947761d56d4c6142a3cb1a1fe69d0b1a6d0e01a2e404c697962623,dfine_sahi,112100.0,unknown_object,0.4914,38.88,422.13,122.0,474.12,4321.1,83.12,51.99,1.599,False,,True,S-61,25,evt_S-61_upper_body_0019,c56edce7ca7440a5,pose_hand_context,,53613.8,2.6,,1,cam12/e1/v1,rtmpose_baseline
full,03.CCTV Mobile Usage.mkv,632de9ed55947761d56d4c6142a3cb1a1fe69d0b1a6d0e01a2e404c697962623,dfine_sahi,112100.0,unknown_object,0.4604,94.84,314.06,216.12,452.5,16790.3,121.28,138.44,0.876,False,,True,S-61,25,evt_S-61_upper_body_0019,c56edce7ca7440a5,pose_hand_context,,53613.8,2.6,,1,cam12/e1/v1,rtmpose_baseline
full,03.CCTV Mobile Usage.mkv,632de9ed55947761d56d4c6142a3cb1a1fe69d0b1a6d0e01a2e404c697962623,dfine_sahi,112100.0,unknown_object,0.3684,0.24,422.25,122.42,560.35,16873.3,122.19,138.1,0.885,False,,True,S-61,25,evt_S-61_upper_body_0019,c56edce7ca7440a5,pose_hand_context,,53613.8,2.6,,1,cam12/e1/v1,rtmpose_baseline
full,03.CCTV Mobile Usage.mkv,632de9ed55947761d56d4c6142a3cb1a1fe69d0b1a6d0e01a2e404c697962623,dfine_sahi,112100.0,phone,0.3375,203.27,353.47,216.36,369.11,204.7,13.09,15.64,0.837,False,,True,S-61,25,evt_S-61_upper_body_0019,c56edce7ca7440a5,pose_hand_context,,53613.8,2.6,,1,cam12/e1/v1,rtmpose_baseline
full,03.CCTV Mobile Usage.mkv,632de9ed55947761d56d4c6142a3cb1a1fe69d0b1a6d0e01a2e404c697962623,dfine_sahi,112100.0,unknown_object,0.311,95.62,429.56,197.64,452.58,2349.1,102.02,23.03,4.431,False,,True,S-61,25,evt_S-61_upper_body_0019,c56edce7ca7440a5,pose_hand_context,,53613.8,2.6,,1,cam12/e1/v1,rtmpose_baseline
full,03.CCTV Mobile Usage.mkv,632de9ed55947761d56d4c6142a3cb1a1fe69d0b1a6d0e01a2e404c697962623,dfine_sahi,112100.0,unknown_object,0.309,47.22,325.52,108.85,384.22,3618.0,61.63,58.7,1.05,False,,True,S-61,25,evt_S-61_upper_body_0019,c56edce7ca7440a5,pose_hand_context,,53613.8,2.6,,1,cam12/e1/v1,rtmpose_baseline
full,03.CCTV Mobile Usage.mkv,632de9ed55947761d56d4c6142a3cb1a1fe69d0b1a6d0e01a2e404c697962623,dfine_sahi,112100.0,unknown_object,0.2958,94.97,384.76,197.26,452.55,6935.1,102.29,67.8,1.509,False,,True,S-61,25,evt_S-61_upper_body_0019,c56edce7ca7440a5,pose_hand_context,,53613.8,2.6,,1,cam12/e1/v1,rtmpose_baseline
full,03.CCTV Mobile Usage.mkv,632de9ed55947761d56d4c6142a3cb1a1fe69d0b1a6d0e01a2e404c697962623,dfine_sahi,112100.0,phone,0.2893,203.4,353.65,209.98,363.21,63.0,6.58,9.57,0.688,True,object footprint 63 px is under the 120 px floor for a call,False,S-61,25,evt_S-61_upper_body_0019,c56edce7ca7440a5,pose_hand_context,,53613.8,2.6,,1,cam12/e1/v1,rtmpose_baseline
full,03.CCTV Mobile Usage.mkv,632de9ed55947761d56d4c6142a3cb1a1fe69d0b1a6d0e01a2e404c697962623,dfine_sahi,112100.0,unknown_object,0.2877,-0.24,494.68,188.87,560.72,12489.2,189.11,66.04,2.863,False,,True,S-61,25,evt_S-61_upper_body_0019,c56edce7ca7440a5,pose_hand_context,,53613.8,2.6,,1,cam12/e1/v1,rtmpose_baseline
full,03.CCTV Mobile Usage.mkv,632de9ed55947761d56d4c6142a3cb1a1fe69d0b1a6d0e01a2e404c697962623,dfine_sahi,112100.0,unknown_object,0.2811,102.62,454.82,215.89,560.27,11944.5,113.27,105.45,1.074,False,,True,S-61,25,evt_S-61_upper_body_0019,c56edce7ca7440a5,pose_hand_context,,53613.8,2.6,,1,cam12/e1/v1,rtmpose_baseline
full,03.CCTV Mobile Usage.mkv,632de9ed55947761d56d4c6142a3cb1a1fe69d0b1a6d0e01a2e404c697962623,dfine_sahi,112100.0,stationery,0.2724,46.39,509.46,85.3,554.88,1767.1,38.91,45.42,0.857,False,,True,S-61,25,evt_S-61_upper_body_0019,c56edce7ca7440a5,pose_hand_context,,53613.8,2.6,,1,cam12/e1/v1,rtmpose_baseline
full,03.CCTV Mobile Usage.mkv,632de9ed55947761d56d4c6142a3cb1a1fe69d0b1a6d0e01a2e404c697962623,dfine_sahi,112100.0,unknown_object,0.254,90.0,330.85,129.53,382.17,2028.7,39.53,51.32,0.77,False,,True,S-61,25,evt_S-61_upper_body_0019,c56edce7ca7440a5,pose_hand_context,,53613.8,2.6,,1,cam12/e1/v1,rtmpose_baseline
full,03.CCTV Mobile Usage.mkv,632de9ed55947761d56d4c6142a3cb1a1fe69d0b1a6d0e01a2e404c697962623,dfine_sahi,112600.0,unknown_object,0.6926,-0.04,315.18,122.05,452.34,16745.8,122.09,137.16,0.89,False,,True,S-61,25,evt_S-61_upper_body_0019,1e3d28a24c42bff8,pose_hand_context,,53318.2,2.62,,1,cam12/e1/v1,rtmpose_baseline
full,03.CCTV Mobile Usage.mkv,632de9ed55947761d56d4c6142a3cb1a1fe69d0b1a6d0e01a2e404c697962623,dfine_sahi,112600.0,unknown_object,0.5701,110.82,454.22,177.29,521.08,4443.5,66.46,66.86,0.994,False,,True,S-61,25,evt_S-61_upper_body_0019,1e3d28a24c42bff8,pose_hand_context,,53318.2,2.62,,1,cam12/e1/v1,rtmpose_baseline
full,03.CCTV Mobile Usage.mkv,632de9ed55947761d56d4c6142a3cb1a1fe69d0b1a6d0e01a2e404c697962623,dfine_sahi,112600.0,unknown_object,0.49,38.95,422.13,122.01,474.04,4311.9,83.06,51.91,1.6,False,,True,S-61,25,evt_S-61_upper_body_0019,1e3d28a24c42bff8,pose_hand_context,,53318.2,2.62,,1,cam12/e1/v1,rtmpose_baseline
full,03.CCTV Mobile Usage.mkv,632de9ed55947761d56d4c6142a3cb1a1fe69d0b1a6d0e01a2e404c697962623,dfine_sahi,112600.0,unknown_object,0.4756,94.89,334.59,198.95,452.16,12233.7,104.05,117.57,0.885,False,,True,S-61,25,evt_S-61_upper_body_0019,1e3d28a24c42bff8,pose_hand_context,,53318.2,2.62,,1,cam12/e1/v1,rtmpose_baseline
full,03.CCTV Mobile Usage.mkv,632de9ed55947761d56d4c6142a3cb1a1fe69d0b1a6d0e01a2e404c697962623,dfine_sahi,112600.0,unknown_object,0.4466,-0.17,422.23,122.19,559.28,16770.5,122.36,137.05,0.893,False,,True,S-61,25,evt_S-61_upper_body_0019,1e3d28a24c42bff8,pose_hand_context,,53318.2,2.62,,1,cam12/e1/v1,rtmpose_baseline
full,03.CCTV Mobile Usage.mkv,632de9ed55947761d56d4c6142a3cb1a1fe69d0b1a6d0e01a2e404c697962623,dfine_sahi,112600.0,unknown_object,0.3473,47.72,325.37,109.04,387.08,3783.6,61.32,61.71,0.994,False,,True,S-61,25,evt_S-61_upper_body_0019,1e3d28a24c42bff8,pose_hand_context,,53318.2,2.62,,1,cam12/e1/v1,rtmpose_baseline
full,03.CCTV Mobile Usage.mkv,632de9ed55947761d56d4c6142a3cb1a1fe69d0b1a6d0e01a2e404c697962623,dfine_sahi,112600.0,monitor_or_bezel,0.3169,-0.31,494.87,187.8,559.73,12200.6,188.11,64.86,2.9,False,,True,S-61,25,evt_S-61_upper_body_0019,1e3d28a24c42bff8,pose_hand_context,,53318.2,2.62,,1,cam12/e1/v1,rtmpose_baseline
full,03.CCTV Mobile Usage.mkv,632de9ed55947761d56d4c6142a3cb1a1fe69d0b1a6d0e01a2e404c697962623,dfine_sahi,112600.0,unknown_object,0.3092,137.38,429.07,196.71,452.83,1409.8,59.33,23.76,2.497,False,,True,S-61,25,evt_S-61_upper_body_0019,1e3d28a24c42bff8,pose_hand_context,,53318.2,2.62,,1,cam12/e1/v1,rtmpose_baseline
full,03.CCTV Mobile Usage.mkv,632de9ed55947761d56d4c6142a3cb1a1fe69d0b1a6d0e01a2e404c697962623,dfine_sahi,112600.0,unknown_object,0.3076,106.84,454.71,215.98,559.31,11415.6,109.14,104.6,1.043,False,,True,S-61,25,evt_S-61_upper_body_0019,1e3d28a24c42bff8,pose_hand_context,,53318.2,2.62,,1,cam12/e1/v1,rtmpose_baseline
full,03.CCTV Mobile Usage.mkv,632de9ed55947761d56d4c6142a3cb1a1fe69d0b1a6d0e01a2e404c697962623,dfine_sahi,112600.0,unknown_object,0.2783,69.95,330.18,152.56,427.2,8014.6,82.61,97.02,0.851,False,,True,S-61,25,evt_S-61_upper_body_0019,1e3d28a24c42bff8,pose_hand_context,,53318.2,2.62,,1,cam12/e1/v1,rtmpose_baseline
full,03.CCTV Mobile Usage.mkv,632de9ed55947761d56d4c6142a3cb1a1fe69d0b1a6d0e01a2e404c697962623,dfine_sahi,112600.0,unknown_object,0.2699,91.33,333.02,129.97,382.26,1902.3,38.64,49.23,0.785,False,,True,S-61,25,evt_S-61_upper_body_0019,1e3d28a24c42bff8,pose_hand_context,,53318.2,2.62,,1,cam12/e1/v1,rtmpose_baseline
full,03.CCTV Mobile Usage.mkv,632de9ed55947761d56d4c6142a3cb1a1fe69d0b1a6d0e01a2e404c697962623,dfine_sahi,112600.0,unknown_object,0.2666,46.65,509.59,85.2,555.43,1766.8,38.55,45.84,0.841,False,,True,S-61,25,evt_S-61_upper_body_0019,1e3d28a24c42bff8,pose_hand_context,,53318.2,2.62,,1,cam12/e1/v1,rtmpose_baseline
full,03.CCTV Mobile Usage.mkv,632de9ed55947761d56d4c6142a3cb1a1fe69d0b1a6d0e01a2e404c697962623,dfine_sahi,112600.0,unknown_object,0.6183,478.76,53.44,508.16,83.99,898.4,29.4,30.56,0.962,False,,True,unattributed,27,evt_S-61_upper_body_0019,a840b60da4b9ce3f,native_source_context_fallback,no_pose_observation,7624.8,6.41,,1,cam12/e1/v1,
full,03.CCTV Mobile Usage.mkv,632de9ed55947761d56d4c6142a3cb1a1fe69d0b1a6d0e01a2e404c697962623,dfine_sahi,112600.0,unknown_object,0.479,465.05,58.7,476.76,84.29,299.7,11.71,25.59,0.458,False,,True,unattributed,27,evt_S-61_upper_body_0019,a840b60da4b9ce3f,native_source_context_fallback,no_pose_observation,7624.8,6.41,,1,cam12/e1/v1,
full,03.CCTV Mobile Usage.mkv,632de9ed55947761d56d4c6142a3cb1a1fe69d0b1a6d0e01a2e404c697962623,dfine_sahi,112600.0,unknown_object,0.394,421.03,53.48,450.13,86.04,947.3,29.1,32.56,0.894,False,,True,unattributed,27,evt_S-61_upper_body_0019,a840b60da4b9ce3f,native_source_context_fallback,no_pose_observation,7624.8,6.41,,1,cam12/e1/v1,
full,03.CCTV Mobile Usage.mkv,632de9ed55947761d56d4c6142a3cb1a1fe69d0b1a6d0e01a2e404c697962623,dfine_sahi,112600.0,unknown_object,0.3917,541.9,52.06,560.99,91.64,755.2,19.08,39.58,0.482,False,,True,unattributed,27,evt_S-61_upper_body_0019,a840b60da4b9ce3f,native_source_context_fallback,no_pose_observation,7624.8,6.41,,1,cam12/e1/v1,
full,03.CCTV Mobile Usage.mkv,632de9ed55947761d56d4c6142a3cb1a1fe69d0b1a6d0e01a2e404c697962623,dfine_sahi,112600.0,unknown_object,0.3861,447.58,59.47,476.67,84.54,729.3,29.08,25.08,1.16,False,,True,unattributed,27,evt_S-61_upper_body_0019,a840b60da4b9ce3f,native_source_context_fallback,no_pose_observation,7624.8,6.41,,1,cam12/e1/v1,
full,03.CCTV Mobile Usage.mkv,632de9ed55947761d56d4c6142a3cb1a1fe69d0b1a6d0e01a2e404c697962623,dfine_sahi,112600.0,unknown_object,0.3577,484.44,78.0,516.97,96.0,585.4,32.53,18.0,1.808,False,,True,unattributed,27,evt_S-61_upper_body_0019,a840b60da4b9ce3f,native_source_context_fallback,no_pose_observation,7624.8,6.41,,1,cam12/e1/v1,
full,03.CCTV Mobile Usage.mkv,632de9ed55947761d56d4c6142a3cb1a1fe69d0b1a6d0e01a2e404c697962623,dfine_sahi,112600.0,unknown_object,0.3392,535.3,77.93,551.92,86.32,139.5,16.62,8.39,1.98,False,,True,unattributed,27,evt_S-61_upper_body_0019,a840b60da4b9ce3f,native_source_context_fallback,no_pose_observation,7624.8,6.41,,1,cam12/e1/v1,
full,03.CCTV Mobile Usage.mkv,632de9ed55947761d56d4c6142a3cb1a1fe69d0b1a6d0e01a2e404c697962623,dfine_sahi,112600.0,unknown_object,0.3344,535.78,76.57,560.96,91.81,383.8,25.18,15.24,1.652,False,,True,unattributed,27,evt_S-61_upper_body_0019,a840b60da4b9ce3f,native_source_context_fallback,no_pose_observation,7624.8,6.41,,1,cam12/e1/v1,
full,03.CCTV Mobile Usage.mkv,632de9ed55947761d56d4c6142a3cb1a1fe69d0b1a6d0e01a2e404c697962623,dfine_sahi,112600.0,unknown_object,0.3278,498.26,69.98,537.23,83.51,527.4,38.97,13.53,2.88,False,,True,unattributed,27,evt_S-61_upper_body_0019,a840b60da4b9ce3f,native_source_context_fallback,no_pose_observation,7624.8,6.41,,1,cam12/e1/v1,
full,03.CCTV Mobile Usage.mkv,632de9ed55947761d56d4c6142a3cb1a1fe69d0b1a6d0e01a2e404c697962623,dfine_sahi,112600.0,unknown_object,0.2946,545.0,82.81,560.99,92.03,147.4,16.0,9.21,1.736,False,,True,unattributed,27,evt_S-61_upper_body_0019,a840b60da4b9ce3f,native_source_context_fallback,no_pose_observation,7624.8,6.41,,1,cam12/e1/v1,
full,03.CCTV Mobile Usage.mkv,632de9ed55947761d56d4c6142a3cb1a1fe69d0b1a6d0e01a2e404c697962623,dfine_sahi,112600.0,unknown_object,0.2836,525.39,77.0,537.67,83.62,81.4,12.28,6.63,1.853,True,object footprint 81 px is under the 120 px floor for a call,False,unattributed,27,evt_S-61_upper_body_0019,a840b60da4b9ce3f,native_source_context_fallback,no_pose_observation,7624.8,6.41,,1,cam12/e1/v1,
full,03.CCTV Mobile Usage.mkv,632de9ed55947761d56d4c6142a3cb1a1fe69d0b1a6d0e01a2e404c697962623,dfine_sahi,112600.0,unknown_object,0.2794,447.26,68.79,465.57,84.27,283.6,18.31,15.49,1.182,False,,True,unattributed,27,evt_S-61_upper_body_0019,a840b60da4b9ce3f,native_source_context_fallback,no_pose_observation,7624.8,6.41,,1,cam12/e1/v1,
full,03.CCTV Mobile Usage.mkv,632de9ed55947761d56d4c6142a3cb1a1fe69d0b1a6d0e01a2e404c697962623,dfine_sahi,112600.0,unknown_object,0.2779,506.57,71.99,527.92,80.78,187.7,21.34,8.79,2.428,False,,True,unattributed,27,evt_S-61_upper_body_0019,a840b60da4b9ce3f,native_source_context_fallback,no_pose_observation,7624.8,6.41,,1,cam12/e1/v1,
full,03.CCTV Mobile Usage.mkv,632de9ed55947761d56d4c6142a3cb1a1fe69d0b1a6d0e01a2e404c697962623,dfine_sahi,112600.0,unknown_object,0.2663,441.02,49.85,452.2,56.92,79.1,11.18,7.07,1.581,True,object footprint 79 px is under the 120 px floor for a call,False,unattributed,27,evt_S-61_upper_body_0019,a840b60da4b9ce3f,native_source_context_fallback,no_pose_observation,7624.8,6.41,,1,cam12/e1/v1,
full,03.CCTV Mobile Usage.mkv,632de9ed55947761d56d4c6142a3cb1a1fe69d0b1a6d0e01a2e404c697962623,dfine_sahi,112600.0,unknown_object,0.2593,421.0,83.41,447.56,101.63,484.0,26.57,18.22,1.458,False,,True,unattributed,27,evt_S-61_upper_body_0019,a840b60da4b9ce3f,native_source_context_fallback,no_pose_observation,7624.8,6.41,,1,cam12/e1/v1,
full,03.CCTV Mobile Usage.mkv,632de9ed55947761d56d4c6142a3cb1a1fe69d0b1a6d0e01a2e404c697962623,dfine_sahi,113100.0,unknown_object,0.7176,-0.05,320.15,118.99,451.39,15623.2,119.04,131.24,0.907,False,,True,S-61,25,evt_S-61_upper_body_0019,fc7dfd92575d2bcd,pose_hand_context,,49709.5,2.73,,1,cam12/e1/v1,rtmpose_baseline
full,03.CCTV Mobile Usage.mkv,632de9ed55947761d56d4c6142a3cb1a1fe69d0b1a6d0e01a2e404c697962623,dfine_sahi,113100.0,unknown_object,0.5749,111.02,454.45,177.8,520.54,4413.6,66.77,66.1,1.01,False,,True,S-61,25,evt_S-61_upper_body_0019,fc7dfd92575d2bcd,pose_hand_context,,49709.5,2.73,,1,cam12/e1/v1,rtmpose_baseline
full,03.CCTV Mobile Usage.mkv,632de9ed55947761d56d4c6142a3cb1a1fe69d0b1a6d0e01a2e404c697962623,dfine_sahi,113100.0,unknown_object,0.4251,39.15,423.12,118.98,474.08,4067.9,79.83,50.96,1.566,False,,True,S-61,25,evt_S-61_upper_body_0019,fc7dfd92575d2bcd,pose_hand_context,,49709.5,2.73,,1,cam12/e1/v1,rtmpose_baseline
full,03.CCTV Mobile Usage.mkv,632de9ed55947761d56d4c6142a3cb1a1fe69d0b1a6d0e01a2e404c697962623,dfine_sahi,113100.0,unknown_object,0.3853,91.69,319.84,210.02,451.29,15555.6,118.34,131.45,0.9,False,,True,S-61,25,evt_S-61_upper_body_0019,fc7dfd92575d2bcd,pose_hand_context,,49709.5,2.73,,1,cam12/e1/v1,rtmpose_baseline
full,03.CCTV Mobile Usage.mkv,632de9ed55947761d56d4c6142a3cb1a1fe69d0b1a6d0e01a2e404c697962623,dfine_sahi,113100.0,unknown_object,0.3581,0.51,423.19,119.06,553.73,15474.0,118.55,130.53,0.908,False,,True,S-61,25,evt_S-61_upper_body_0019,fc7dfd92575d2bcd,pose_hand_context,,49709.5,2.73,,1,cam12/e1/v1,rtmpose_baseline
full,03.CCTV Mobile Usage.mkv,632de9ed55947761d56d4c6142a3cb1a1fe69d0b1a6d0e01a2e404c697962623,dfine_sahi,113100.0,unknown_object,0.3353,21.32,320.07,109.9,386.21,5858.0,88.57,66.14,1.339,False,,True,S-61,25,evt_S-61_upper_body_0019,fc7dfd92575d2bcd,pose_hand_context,,49709.5,2.73,,1,cam12/e1/v1,rtmpose_baseline
full,03.CCTV Mobile Usage.mkv,632de9ed55947761d56d4c6142a3cb1a1fe69d0b1a6d0e01a2e404c697962623,dfine_sahi,113100.0,unknown_object,0.3073,137.38,430.37,199.48,451.87,1334.7,62.1,21.49,2.89,False,,True,S-61,25,evt_S-61_upper_body_0019,fc7dfd92575d2bcd,pose_hand_context,,49709.5,2.73,,1,cam12/e1/v1,rtmpose_baseline
full,03.CCTV Mobile Usage.mkv,632de9ed55947761d56d4c6142a3cb1a1fe69d0b1a6d0e01a2e404c697962623,dfine_sahi,113100.0,unknown_object,0.2988,46.97,509.53,85.22,553.33,1675.4,38.25,43.8,0.873,False,,True,S-61,25,evt_S-61_upper_body_0019,fc7dfd92575d2bcd,pose_hand_context,,49709.5,2.73,,1,cam12/e1/v1,rtmpose_baseline
full,03.CCTV Mobile Usage.mkv,632de9ed55947761d56d4c6142a3cb1a1fe69d0b1a6d0e01a2e404c697962623,dfine_sahi,113100.0,unknown_object,0.2942,111.09,454.2,210.76,554.55,10002.4,99.68,100.35,0.993,False,,True,S-61,25,evt_S-61_upper_body_0019,fc7dfd92575d2bcd,pose_hand_context,,49709.5,2.73,,1,cam12/e1/v1,rtmpose_baseline
full,03.CCTV Mobile Usage.mkv,632de9ed55947761d56d4c6142a3cb1a1fe69d0b1a6d0e01a2e404c697962623,dfine_sahi,113100.0,monitor_or_bezel,0.2587,-0.35,494.18,183.25,554.81,11132.0,183.6,60.63,3.028,False,,True,S-61,25,evt_S-61_upper_body_0019,fc7dfd92575d2bcd,pose_hand_context,,49709.5,2.73,,1,cam12/e1/v1,rtmpose_baseline
full,03.CCTV Mobile Usage.mkv,632de9ed55947761d56d4c6142a3cb1a1fe69d0b1a6d0e01a2e404c697962623,dfine_sahi,113600.0,unknown_object,0.6986,111.77,454.36,177.44,520.27,4328.0,65.67,65.9,0.997,False,,True,S-61,25,evt_S-61_upper_body_0019,66918dcc605cbf80,pose_hand_context,,52932.5,2.63,,1,cam12/e1/v1,rtmpose_baseline
full,03.CCTV Mobile Usage.mkv,632de9ed55947761d56d4c6142a3cb1a1fe69d0b1a6d0e01a2e404c697962623,dfine_sahi,113600.0,unknown_object,0.6266,-0.03,316.17,122.13,452.38,16638.6,122.16,136.21,0.897,False,,True,S-61,25,evt_S-61_upper_body_0019,66918dcc605cbf80,pose_hand_context,,52932.5,2.63,,1,cam12/e1/v1,rtmpose_baseline
full,03.CCTV Mobile Usage.mkv,632de9ed55947761d56d4c6142a3cb1a1fe69d0b1a6d0e01a2e404c697962623,dfine_sahi,113600.0,unknown_object,0.4312,38.98,422.14,121.96,474.27,4325.9,82.98,52.13,1.592,False,,True,S-61,25,evt_S-61_upper_body_0019,66918dcc605cbf80,pose_hand_context,,52932.5,2.63,,1,cam12/e1/v1,rtmpose_baseline
full,03.CCTV Mobile Usage.mkv,632de9ed55947761d56d4c6142a3cb1a1fe69d0b1a6d0e01a2e404c697962623,dfine_sahi,113600.0,stationery,0.4228,-0.3,494.73,187.89,558.76,12049.8,188.18,64.03,2.939,False,,True,S-61,25,evt_S-61_upper_body_0019,66918dcc605cbf80,pose_hand_context,,52932.5,2.63,,1,cam12/e1/v1,rtmpose_baseline
full,03.CCTV Mobile Usage.mkv,632de9ed55947761d56d4c6142a3cb1a1fe69d0b1a6d0e01a2e404c697962623,dfine_sahi,113600.0,unknown_object,0.4064,-0.05,422.18,122.2,557.54,16548.2,122.25,135.36,0.903,False,,True,S-61,25,evt_S-61_upper_body_0019,66918dcc605cbf80,pose_hand_context,,52932.5,2.63,,1,cam12/e1/v1,rtmpose_baseline
full,03.CCTV Mobile Usage.mkv,632de9ed55947761d56d4c6142a3cb1a1fe69d0b1a6d0e01a2e404c697962623,dfine_sahi,113600.0,unknown_object,0.2972,20.3,316.01,109.83,385.64,6233.2,89.52,69.63,1.286,False,,True,S-61,25,evt_S-61_upper_body_0019,66918dcc605cbf80,pose_hand_context,,52932.5,2.63,,1,cam12/e1/v1,rtmpose_baseline
full,03.CCTV Mobile Usage.mkv,632de9ed55947761d56d4c6142a3cb1a1fe69d0b1a6d0e01a2e404c697962623,dfine_sahi,113600.0,stationery,0.2877,47.05,509.6,85.22,554.62,1718.5,38.17,45.02,0.848,False,,True,S-61,25,evt_S-61_upper_body_0019,66918dcc605cbf80,pose_hand_context,,52932.5,2.63,,1,cam12/e1/v1,rtmpose_baseline
full,03.CCTV Mobile Usage.mkv,632de9ed55947761d56d4c6142a3cb1a1fe69d0b1a6d0e01a2e404c697962623,dfine_sahi,113600.0,secondary_paper_chit,0.2517,99.76,453.99,216.26,558.3,12152.3,116.5,104.31,1.117,False,,True,S-61,25,evt_S-61_upper_body_0019,66918dcc605cbf80,pose_hand_context,,52932.5,2.63,,1,cam12/e1/v1,rtmpose_baseline
full,03.CCTV Mobile Usage.mkv,632de9ed55947761d56d4c6142a3cb1a1fe69d0b1a6d0e01a2e404c697962623,dfine_sahi,114100.0,unknown_object,0.7651,111.42,454.52,176.78,522.37,4434.0,65.35,67.85,0.963,False,,True,S-61,25,evt_S-61_upper_body_0019,c99a5c8067dd97f6,pose_hand_context,,37923.7,3.26,,1,cam12/e1/v1,rtmpose_baseline
full,03.CCTV Mobile Usage.mkv,632de9ed55947761d56d4c6142a3cb1a1fe69d0b1a6d0e01a2e404c697962623,dfine_sahi,114100.0,unknown_object,0.5499,-0.17,338.17,108.05,448.55,11945.4,108.22,110.38,0.98,False,,True,S-61,25,evt_S-61_upper_body_0019,c99a5c8067dd97f6,pose_hand_context,,37923.7,3.26,,1,cam12/e1/v1,rtmpose_baseline
full,03.CCTV Mobile Usage.mkv,632de9ed55947761d56d4c6142a3cb1a1fe69d0b1a6d0e01a2e404c697962623,dfine_sahi,114100.0,unknown_object,0.451,38.98,424.2,108.08,473.93,3436.5,69.11,49.73,1.39,False,,True,S-61,25,evt_S-61_upper_body_0019,c99a5c8067dd97f6,pose_hand_context,,37923.7,3.26,,1,cam12/e1/v1,rtmpose_baseline
full,03.CCTV Mobile Usage.mkv,632de9ed55947761d56d4c6142a3cb1a1fe69d0b1a6d0e01a2e404c697962623,dfine_sahi,114100.0,unknown_object,0.3704,0.15,424.19,108.13,506.0,8832.9,107.98,81.8,1.32,False,,True,S-61,25,evt_S-61_upper_body_0019,c99a5c8067dd97f6,pose_hand_context,,37923.7,3.26,,1,cam12/e1/v1,rtmpose_baseline
full,03.CCTV Mobile Usage.mkv,632de9ed55947761d56d4c6142a3cb1a1fe69d0b1a6d0e01a2e404c697962623,dfine_sahi,114100.0,unknown_object,0.3213,-0.15,338.28,172.12,505.28,28768.6,172.27,167.0,1.032,False,,True,S-61,25,evt_S-61_upper_body_0019,c99a5c8067dd97f6,pose_hand_context,,37923.7,3.26,,1,cam12/e1/v1,rtmpose_baseline
full,03.CCTV Mobile Usage.mkv,632de9ed55947761d56d4c6142a3cb1a1fe69d0b1a6d0e01a2e404c697962623,dfine_sahi,114100.0,stationery,0.309,84.0,381.78,176.09,448.35,6130.4,92.09,66.57,1.383,False,,True,S-61,25,evt_S-61_upper_body_0019,c99a5c8067dd97f6,pose_hand_context,,37923.7,3.26,,1,cam12/e1/v1,rtmpose_baseline
full,03.CCTV Mobile Usage.mkv,632de9ed55947761d56d4c6142a3cb1a1fe69d0b1a6d0e01a2e404c697962623,dfine_sahi,114100.0,unknown_object,0.3059,83.92,367.38,176.3,448.32,7477.6,92.38,80.94,1.141,False,,True,S-61,25,evt_S-61_upper_body_0019,c99a5c8067dd97f6,pose_hand_context,,37923.7,3.26,,1,cam12/e1/v1,rtmpose_baseline
full,03.CCTV Mobile Usage.mkv,632de9ed55947761d56d4c6142a3cb1a1fe69d0b1a6d0e01a2e404c697962623,dfine_sahi,114100.0,unknown_object,0.2999,83.9,481.82,103.6,500.92,376.3,19.7,19.1,1.031,False,,True,S-61,25,evt_S-61_upper_body_0019,c99a5c8067dd97f6,pose_hand_context,,37923.7,3.26,,1,cam12/e1/v1,rtmpose_baseline
full,03.CCTV Mobile Usage.mkv,632de9ed55947761d56d4c6142a3cb1a1fe69d0b1a6d0e01a2e404c697962623,dfine_sahi,114600.0,unknown_object,0.675,111.72,454.59,176.97,518.15,4146.7,65.24,63.56,1.027,False,,True,S-61,25,evt_S-61_upper_body_0019,42e1bb79e5e75347,pose_hand_context,,39261.3,3.19,,1,cam12/e1/v1,rtmpose_baseline
full,03.CCTV Mobile Usage.mkv,632de9ed55947761d56d4c6142a3cb1a1fe69d0b1a6d0e01a2e404c697962623,dfine_sahi,114600.0,unknown_object,0.486,-0.16,337.17,110.09,449.37,12371.3,110.25,112.21,0.983,False,,True,S-61,25,evt_S-61_upper_body_0019,42e1bb79e5e75347,pose_hand_context,,39261.3,3.19,,1,cam12/e1/v1,rtmpose_baseline
full,03.CCTV Mobile Usage.mkv,632de9ed55947761d56d4c6142a3cb1a1fe69d0b1a6d0e01a2e404c697962623,dfine_sahi,114600.0,unknown_object,0.4503,38.78,425.16,110.01,473.71,3458.4,71.22,48.56,1.467,False,,True,S-61,25,evt_S-61_upper_body_0019,42e1bb79e5e75347,pose_hand_context,,39261.3,3.19,,1,cam12/e1/v1,rtmpose_baseline
full,03.CCTV Mobile Usage.mkv,632de9ed55947761d56d4c6142a3cb1a1fe69d0b1a6d0e01a2e404c697962623,dfine_sahi,114600.0,unknown_object,0.4262,46.97,509.62,85.65,537.93,1094.6,38.67,28.31,1.366,False,,True,S-61,25,evt_S-61_upper_body_0019,42e1bb79e5e75347,pose_hand_context,,39261.3,3.19,,1,cam12/e1/v1,rtmpose_baseline
full,03.CCTV Mobile Usage.mkv,632de9ed55947761d56d4c6142a3cb1a1fe69d0b1a6d0e01a2e404c697962623,dfine_sahi,114600.0,unknown_object,0.3802,84.75,337.09,175.85,449.36,10226.9,91.1,112.26,0.812,False,,True,S-61,25,evt_S-61_upper_body_0019,42e1bb79e5e75347,pose_hand_context,,39261.3,3.19,,1,cam12/e1/v1,rtmpose_baseline
full,03.CCTV Mobile Usage.mkv,632de9ed55947761d56d4c6142a3cb1a1fe69d0b1a6d0e01a2e404c697962623,dfine_sahi,114600.0,unknown_object,0.2989,84.87,482.32,103.85,500.69,348.6,18.98,18.37,1.033,False,,True,S-61,25,evt_S-61_upper_body_0019,42e1bb79e5e75347,pose_hand_context,,39261.3,3.19,,1,cam12/e1/v1,rtmpose_baseline
full,03.CCTV Mobile Usage.mkv,632de9ed55947761d56d4c6142a3cb1a1fe69d0b1a6d0e01a2e404c697962623,dfine_sahi,115100.0,unknown_object,0.5444,6.09,327.14,120.88,441.17,13089.9,114.79,114.03,1.007,False,,True,S-61,25,evt_S-61_upper_body_0019,da9caebcc70585aa,pose_hand_context,,41624.2,3.14,,1,cam12/e1/v1,rtmpose_baseline
full,03.CCTV Mobile Usage.mkv,632de9ed55947761d56d4c6142a3cb1a1fe69d0b1a6d0e01a2e404c697962623,dfine_sahi,115100.0,unknown_object,0.5256,110.01,454.34,176.93,520.37,4418.8,66.92,66.03,1.013,False,,True,S-61,25,evt_S-61_upper_body_0019,da9caebcc70585aa,pose_hand_context,,41624.2,3.14,,1,cam12/e1/v1,rtmpose_baseline
full,03.CCTV Mobile Usage.mkv,632de9ed55947761d56d4c6142a3cb1a1fe69d0b1a6d0e01a2e404c697962623,dfine_sahi,115100.0,unknown_object,0.4594,41.24,443.21,72.81,473.27,948.9,31.57,30.06,1.05,False,,True,S-61,25,evt_S-61_upper_body_0019,da9caebcc70585aa,pose_hand_context,,41624.2,3.14,,1,cam12/e1/v1,rtmpose_baseline
full,03.CCTV Mobile Usage.mkv,632de9ed55947761d56d4c6142a3cb1a1fe69d0b1a6d0e01a2e404c697962623,dfine_sahi,115100.0,unknown_object,0.4006,95.01,327.31,184.93,441.36,10254.7,89.92,114.05,0.788,False,,True,S-61,25,evt_S-61_upper_body_0019,da9caebcc70585aa,pose_hand_context,,41624.2,3.14,,1,cam12/e1/v1,rtmpose_baseline
full,03.CCTV Mobile Usage.mkv,632de9ed55947761d56d4c6142a3cb1a1fe69d0b1a6d0e01a2e404c697962623,dfine_sahi,115100.0,secondary_paper_chit,0.3513,90.22,454.26,178.25,523.69,6111.3,88.03,69.43,1.268,False,,True,S-61,25,evt_S-61_upper_body_0019,da9caebcc70585aa,pose_hand_context,,41624.2,3.14,,1,cam12/e1/v1,rtmpose_baseline
full,03.CCTV Mobile Usage.mkv,632de9ed55947761d56d4c6142a3cb1a1fe69d0b1a6d0e01a2e404c697962623,dfine_sahi,115100.0,unknown_object,0.3277,6.0,416.46,120.98,530.42,13103.5,114.98,113.96,1.009,False,,True,S-61,25,evt_S-61_upper_body_0019,da9caebcc70585aa,pose_hand_context,,41624.2,3.14,,1,cam12/e1/v1,rtmpose_baseline
full,03.CCTV Mobile Usage.mkv,632de9ed55947761d56d4c6142a3cb1a1fe69d0b1a6d0e01a2e404c697962623,dfine_sahi,115100.0,stationery,0.3232,6.0,424.67,111.71,508.57,8869.3,105.71,83.9,1.26,False,,True,S-61,25,evt_S-61_upper_body_0019,da9caebcc70585aa,pose_hand_context,,41624.2,3.14,,1,cam12/e1/v1,rtmpose_baseline
full,03.CCTV Mobile Usage.mkv,632de9ed55947761d56d4c6142a3cb1a1fe69d0b1a6d0e01a2e404c697962623,dfine_sahi,115100.0,unknown_object,0.2914,95.07,416.27,184.71,530.27,10218.1,89.64,114.0,0.786,False,,True,S-61,25,evt_S-61_upper_body_0019,da9caebcc70585aa,pose_hand_context,,41624.2,3.14,,1,cam12/e1/v1,rtmpose_baseline
full,03.CCTV Mobile Usage.mkv,632de9ed55947761d56d4c6142a3cb1a1fe69d0b1a6d0e01a2e404c697962623,dfine_sahi,115100.0,unknown_object,0.2869,8.04,479.59,24.74,494.78,253.6,16.7,15.19,1.099,False,,True,S-61,25,evt_S-61_upper_body_0019,da9caebcc70585aa,pose_hand_context,,41624.2,3.14,,1,cam12/e1/v1,rtmpose_baseline
full,03.CCTV Mobile Usage.mkv,632de9ed55947761d56d4c6142a3cb1a1fe69d0b1a6d0e01a2e404c697962623,dfine_sahi,115600.0,unknown_object,0.5641,114.81,282.22,188.67,371.87,6621.1,73.85,89.65,0.824,False,,True,S-61,25,evt_S-61_upper_body_0019,3330678104b63c58,pose_hand_context,,35889.3,3.37,,1,cam12/e1/v1,rtmpose_baseline
full,03.CCTV Mobile Usage.mkv,632de9ed55947761d56d4c6142a3cb1a1fe69d0b1a6d0e01a2e404c697962623,dfine_sahi,115600.0,unknown_object,0.4208,16.01,298.4,106.04,388.36,8099.3,90.03,89.96,1.001,False,,True,S-61,25,evt_S-61_upper_body_0019,3330678104b63c58,pose_hand_context,,35889.3,3.37,,1,cam12/e1/v1,rtmpose_baseline
full,03.CCTV Mobile Usage.mkv,632de9ed55947761d56d4c6142a3cb1a1fe69d0b1a6d0e01a2e404c697962623,dfine_sahi,115600.0,unknown_object,0.4137,-0.04,282.41,116.57,471.29,22026.2,116.61,188.89,0.617,False,,True,S-61,25,evt_S-61_upper_body_0019,3330678104b63c58,pose_hand_context,,35889.3,3.37,,1,cam12/e1/v1,rtmpose_baseline
full,03.CCTV Mobile Usage.mkv,632de9ed55947761d56d4c6142a3cb1a1fe69d0b1a6d0e01a2e404c697962623,dfine_sahi,115600.0,unknown_object,0.3836,82.05,334.83,188.12,388.14,5655.3,106.08,53.31,1.99,False,,True,S-61,25,evt_S-61_upper_body_0019,3330678104b63c58,pose_hand_context,,35889.3,3.37,,1,cam12/e1/v1,rtmpose_baseline
full,03.CCTV Mobile Usage.mkv,632de9ed55947761d56d4c6142a3cb1a1fe69d0b1a6d0e01a2e404c697962623,dfine_sahi,115600.0,mouse,0.3708,41.62,443.17,71.53,471.23,839.4,29.91,28.06,1.066,False,,True,S-61,25,evt_S-61_upper_body_0019,3330678104b63c58,pose_hand_context,,35889.3,3.37,,1,cam12/e1/v1,rtmpose_baseline
full,03.CCTV Mobile Usage.mkv,632de9ed55947761d56d4c6142a3cb1a1fe69d0b1a6d0e01a2e404c697962623,dfine_sahi,115600.0,stationery,0.3084,42.39,444.05,71.73,471.42,802.9,29.34,27.37,1.072,False,,True,S-61,25,evt_S-61_upper_body_0019,3330678104b63c58,pose_hand_context,,35889.3,3.37,,1,cam12/e1/v1,rtmpose_baseline
full,03.CCTV Mobile Usage.mkv,632de9ed55947761d56d4c6142a3cb1a1fe69d0b1a6d0e01a2e404c697962623,dfine_sahi,115600.0,unknown_object,0.2835,82.01,282.36,109.07,366.71,2282.7,27.06,84.35,0.321,False,,True,S-61,25,evt_S-61_upper_body_0019,3330678104b63c58,pose_hand_context,,35889.3,3.37,,1,cam12/e1/v1,rtmpose_baseline
full,03.CCTV Mobile Usage.mkv,632de9ed55947761d56d4c6142a3cb1a1fe69d0b1a6d0e01a2e404c697962623,dfine_sahi,115600.0,stationery,0.2707,15.96,296.89,108.26,366.76,6448.7,92.3,69.87,1.321,False,,True,S-61,25,evt_S-61_upper_body_0019,3330678104b63c58,pose_hand_context,,35889.3,3.37,,1,cam12/e1/v1,rtmpose_baseline
full,03.CCTV Mobile Usage.mkv,632de9ed55947761d56d4c6142a3cb1a1fe69d0b1a6d0e01a2e404c697962623,dfine_sahi,115600.0,stationery,0.2568,0.32,413.23,114.93,471.83,6716.1,114.61,58.6,1.956,False,,True,S-61,25,evt_S-61_upper_body_0019,3330678104b63c58,pose_hand_context,,35889.3,3.37,,1,cam12/e1/v1,rtmpose_baseline
full,03.CCTV Mobile Usage.mkv,632de9ed55947761d56d4c6142a3cb1a1fe69d0b1a6d0e01a2e404c697962623,dfine_sahi,116900.0,unknown_object,0.7032,114.18,266.42,222.88,370.6,11323.5,108.69,104.18,1.043,False,,True,S-61,28,evt_S-61_desk_work_surface_0005,a3458d5ce9213834,pose_hand_context,,46742.4,2.96,,1,cam12/e1/v1,rtmpose_baseline
full,03.CCTV Mobile Usage.mkv,632de9ed55947761d56d4c6142a3cb1a1fe69d0b1a6d0e01a2e404c697962623,dfine_sahi,116900.0,unknown_object,0.6533,101.01,345.1,222.94,464.72,14585.2,121.93,119.62,1.019,False,,True,S-61,28,evt_S-61_desk_work_surface_0005,a3458d5ce9213834,pose_hand_context,,46742.4,2.96,,1,cam12/e1/v1,rtmpose_baseline
full,03.CCTV Mobile Usage.mkv,632de9ed55947761d56d4c6142a3cb1a1fe69d0b1a6d0e01a2e404c697962623,dfine_sahi,116900.0,unknown_object,0.5196,7.01,254.14,45.71,304.65,1954.9,38.7,50.51,0.766,False,,True,S-61,28,evt_S-61_desk_work_surface_0005,a3458d5ce9213834,pose_hand_context,,46742.4,2.96,,1,cam12/e1/v1,rtmpose_baseline
full,03.CCTV Mobile Usage.mkv,632de9ed55947761d56d4c6142a3cb1a1fe69d0b1a6d0e01a2e404c697962623,dfine_sahi,116900.0,unknown_object,0.5018,6.93,252.29,128.23,371.48,14458.6,121.3,119.19,1.018,False,,True,S-61,28,evt_S-61_desk_work_surface_0005,a3458d5ce9213834,pose_hand_context,,46742.4,2.96,,1,cam12/e1/v1,rtmpose_baseline
full,03.CCTV Mobile Usage.mkv,632de9ed55947761d56d4c6142a3cb1a1fe69d0b1a6d0e01a2e404c697962623,dfine_sahi,116900.0,stationery,0.4357,50.46,325.95,108.41,356.5,1770.0,57.95,30.54,1.897,False,,True,S-61,28,evt_S-61_desk_work_surface_0005,a3458d5ce9213834,pose_hand_context,,46742.4,2.96,,1,cam12/e1/v1,rtmpose_baseline
full,03.CCTV Mobile Usage.mkv,632de9ed55947761d56d4c6142a3cb1a1fe69d0b1a6d0e01a2e404c697962623,dfine_sahi,116900.0,bag,0.418,73.88,375.27,176.26,463.91,9074.9,102.38,88.64,1.155,False,,True,S-61,28,evt_S-61_desk_work_surface_0005,a3458d5ce9213834,pose_hand_context,,46742.4,2.96,,1,cam12/e1/v1,rtmpose_baseline
full,03.CCTV Mobile Usage.mkv,632de9ed55947761d56d4c6142a3cb1a1fe69d0b1a6d0e01a2e404c697962623,dfine_sahi,116900.0,unknown_object,0.3483,7.09,283.14,176.86,464.68,30818.3,169.77,181.53,0.935,False,,True,S-61,28,evt_S-61_desk_work_surface_0005,a3458d5ce9213834,pose_hand_context,,46742.4,2.96,,1,cam12/e1/v1,rtmpose_baseline
full,03.CCTV Mobile Usage.mkv,632de9ed55947761d56d4c6142a3cb1a1fe69d0b1a6d0e01a2e404c697962623,dfine_sahi,116900.0,mouse,0.3262,40.3,443.72,71.97,465.98,705.3,31.67,22.27,1.422,False,,True,S-61,28,evt_S-61_desk_work_surface_0005,a3458d5ce9213834,pose_hand_context,,46742.4,2.96,,1,cam12/e1/v1,rtmpose_baseline
full,03.CCTV Mobile Usage.mkv,632de9ed55947761d56d4c6142a3cb1a1fe69d0b1a6d0e01a2e404c697962623,dfine_sahi,116900.0,bag,0.3038,15.69,297.44,108.12,356.55,5463.0,92.43,59.11,1.564,False,,True,S-61,28,evt_S-61_desk_work_surface_0005,a3458d5ce9213834,pose_hand_context,,46742.4,2.96,,1,cam12/e1/v1,rtmpose_baseline
full,03.CCTV Mobile Usage.mkv,632de9ed55947761d56d4c6142a3cb1a1fe69d0b1a6d0e01a2e404c697962623,dfine_sahi,116900.0,unknown_object,0.3019,161.68,345.2,222.96,404.61,3640.4,61.28,59.41,1.031,False,,True,S-61,28,evt_S-61_desk_work_surface_0005,a3458d5ce9213834,pose_hand_context,,46742.4,2.96,,1,cam12/e1/v1,rtmpose_baseline
full,03.CCTV Mobile Usage.mkv,632de9ed55947761d56d4c6142a3cb1a1fe69d0b1a6d0e01a2e404c697962623,dfine_sahi,116900.0,stationery,0.3014,53.46,357.0,97.52,400.52,1917.5,44.06,43.52,1.012,False,,True,S-61,28,evt_S-61_desk_work_surface_0005,a3458d5ce9213834,pose_hand_context,,46742.4,2.96,,1,cam12/e1/v1,rtmpose_baseline
full,03.CCTV Mobile Usage.mkv,632de9ed55947761d56d4c6142a3cb1a1fe69d0b1a6d0e01a2e404c697962623,dfine_sahi,116900.0,monitor_or_bezel,0.2805,15.33,250.68,108.6,356.51,9871.8,93.28,105.83,0.881,False,,True,S-61,28,evt_S-61_desk_work_surface_0005,a3458d5ce9213834,pose_hand_context,,46742.4,2.96,,1,cam12/e1/v1,rtmpose_baseline
full,03.CCTV Mobile Usage.mkv,632de9ed55947761d56d4c6142a3cb1a1fe69d0b1a6d0e01a2e404c697962623,dfine_sahi,116900.0,unknown_object,0.2703,101.07,343.62,222.54,371.52,3389.2,121.47,27.9,4.354,False,,True,S-61,28,evt_S-61_desk_work_surface_0005,a3458d5ce9213834,pose_hand_context,,46742.4,2.96,,1,cam12/e1/v1,rtmpose_baseline
full,03.CCTV Mobile Usage.mkv,632de9ed55947761d56d4c6142a3cb1a1fe69d0b1a6d0e01a2e404c697962623,dfine_sahi,117400.0,unknown_object,0.509,11.02,261.25,130.89,380.47,14291.1,119.87,119.22,1.005,False,,True,S-61,28,evt_S-61_desk_work_surface_0005,5b19f087d5f5b4ec,pose_hand_context,,45701.9,2.99,,1,cam12/e1/v1,rtmpose_baseline
full,03.CCTV Mobile Usage.mkv,632de9ed55947761d56d4c6142a3cb1a1fe69d0b1a6d0e01a2e404c697962623,dfine_sahi,117400.0,mouse,0.4866,41.72,443.63,71.8,472.1,856.2,30.08,28.46,1.057,False,,True,S-61,28,evt_S-61_desk_work_surface_0005,5b19f087d5f5b4ec,pose_hand_context,,45701.9,2.99,,1,cam12/e1/v1,rtmpose_baseline
full,03.CCTV Mobile Usage.mkv,632de9ed55947761d56d4c6142a3cb1a1fe69d0b1a6d0e01a2e404c697962623,dfine_sahi,117400.0,bag,0.3906,77.79,378.92,173.33,464.69,8194.3,95.53,85.77,1.114,False,,True,S-61,28,evt_S-61_desk_work_surface_0005,5b19f087d5f5b4ec,pose_hand_context,,45701.9,2.99,,1,cam12/e1/v1,rtmpose_baseline
full,03.CCTV Mobile Usage.mkv,632de9ed55947761d56d4c6142a3cb1a1fe69d0b1a6d0e01a2e404c697962623,dfine_sahi,117400.0,bag,0.3872,15.66,297.31,109.07,361.55,6000.3,93.41,64.24,1.454,False,,True,S-61,28,evt_S-61_desk_work_surface_0005,5b19f087d5f5b4ec,pose_hand_context,,45701.9,2.99,,1,cam12/e1/v1,rtmpose_baseline
full,03.CCTV Mobile Usage.mkv,632de9ed55947761d56d4c6142a3cb1a1fe69d0b1a6d0e01a2e404c697962623,dfine_sahi,117400.0,unknown_object,0.332,155.58,272.05,224.9,378.77,7397.1,69.32,106.72,0.65,False,,True,S-61,28,evt_S-61_desk_work_surface_0005,5b19f087d5f5b4ec,pose_hand_context,,45701.9,2.99,,1,cam12/e1/v1,rtmpose_baseline
full,03.CCTV Mobile Usage.mkv,632de9ed55947761d56d4c6142a3cb1a1fe69d0b1a6d0e01a2e404c697962623,dfine_sahi,117400.0,secondary_paper_chit,0.3268,41.59,358.87,100.67,410.33,3040.6,59.08,51.47,1.148,False,,True,S-61,28,evt_S-61_desk_work_surface_0005,5b19f087d5f5b4ec,pose_hand_context,,45701.9,2.99,,1,cam12/e1/v1,rtmpose_baseline
full,03.CCTV Mobile Usage.mkv,632de9ed55947761d56d4c6142a3cb1a1fe69d0b1a6d0e01a2e404c697962623,dfine_sahi,117400.0,unknown_object,0.3024,10.96,292.32,50.21,380.28,3452.9,39.25,87.96,0.446,False,,True,S-61,28,evt_S-61_desk_work_surface_0005,5b19f087d5f5b4ec,pose_hand_context,,45701.9,2.99,,1,cam12/e1/v1,rtmpose_baseline
full,03.CCTV Mobile Usage.mkv,632de9ed55947761d56d4c6142a3cb1a1fe69d0b1a6d0e01a2e404c697962623,dfine_sahi,117400.0,unknown_object,0.2862,11.02,291.93,120.45,473.31,19849.0,109.43,181.38,0.603,False,,True,S-61,28,evt_S-61_desk_work_surface_0005,5b19f087d5f5b4ec,pose_hand_context,,45701.9,2.99,,1,cam12/e1/v1,rtmpose_baseline
full,03.CCTV Mobile Usage.mkv,632de9ed55947761d56d4c6142a3cb1a1fe69d0b1a6d0e01a2e404c697962623,dfine_sahi,117400.0,keyboard,0.2742,46.01,359.24,99.91,409.26,2696.1,53.9,50.02,1.078,False,,True,S-61,28,evt_S-61_desk_work_surface_0005,5b19f087d5f5b4ec,pose_hand_context,,45701.9,2.99,,1,cam12/e1/v1,rtmpose_baseline
full,03.CCTV Mobile Usage.mkv,632de9ed55947761d56d4c6142a3cb1a1fe69d0b1a6d0e01a2e404c697962623,dfine_sahi,117400.0,unknown_object,0.2662,11.19,261.67,222.86,473.74,44887.8,211.67,212.06,0.998,False,,True,S-61,28,evt_S-61_desk_work_surface_0005,5b19f087d5f5b4ec,pose_hand_context,,45701.9,2.99,,1,cam12/e1/v1,rtmpose_baseline
full,03.CCTV Mobile Usage.mkv,632de9ed55947761d56d4c6142a3cb1a1fe69d0b1a6d0e01a2e404c697962623,dfine_sahi,117400.0,bag,0.2621,178.92,379.91,225.02,474.12,4343.0,46.1,94.21,0.489,False,,True,S-61,28,evt_S-61_desk_work_surface_0005,5b19f087d5f5b4ec,pose_hand_context,,45701.9,2.99,,1,cam12/e1/v1,rtmpose_baseline
full,03.CCTV Mobile Usage.mkv,632de9ed55947761d56d4c6142a3cb1a1fe69d0b1a6d0e01a2e404c697962623,dfine_sahi,117400.0,unknown_object,0.2544,104.03,392.92,175.29,465.2,5150.7,71.26,72.28,0.986,False,,True,S-61,28,evt_S-61_desk_work_surface_0005,5b19f087d5f5b4ec,pose_hand_context,,45701.9,2.99,,1,cam12/e1/v1,rtmpose_baseline
full,03.CCTV Mobile Usage.mkv,632de9ed55947761d56d4c6142a3cb1a1fe69d0b1a6d0e01a2e404c697962623,dfine_sahi,117900.0,unknown_object,0.7612,116.12,649.16,156.75,687.3,1549.4,40.63,38.14,1.065,False,,True,S-61,28,evt_S-61_desk_work_surface_0005,89ee27bf194e6394,pose_hand_context,,38064.0,3.28,,1,cam12/e1/v1,rtmpose_baseline
full,03.CCTV Mobile Usage.mkv,632de9ed55947761d56d4c6142a3cb1a1fe69d0b1a6d0e01a2e404c697962623,dfine_sahi,117900.0,unknown_object,0.5949,124.89,670.57,187.78,690.91,1278.8,62.89,20.33,3.093,False,,True,S-61,28,evt_S-61_desk_work_surface_0005,89ee27bf194e6394,pose_hand_context,,38064.0,3.28,,1,cam12/e1/v1,rtmpose_baseline
full,03.CCTV Mobile Usage.mkv,632de9ed55947761d56d4c6142a3cb1a1fe69d0b1a6d0e01a2e404c697962623,dfine_sahi,117900.0,unknown_object,0.5524,116.23,496.13,225.03,605.54,11905.2,108.81,109.42,0.994,False,,True,S-61,28,evt_S-61_desk_work_surface_0005,89ee27bf194e6394,pose_hand_context,,38064.0,3.28,,1,cam12/e1/v1,rtmpose_baseline
full,03.CCTV Mobile Usage.mkv,632de9ed55947761d56d4c6142a3cb1a1fe69d0b1a6d0e01a2e404c697962623,dfine_sahi,117900.0,mouse,0.5197,116.15,648.87,156.39,687.46,1553.0,40.24,38.59,1.043,False,,True,S-61,28,evt_S-61_desk_work_surface_0005,89ee27bf194e6394,pose_hand_context,,38064.0,3.28,,1,cam12/e1/v1,rtmpose_baseline
full,03.CCTV Mobile Usage.mkv,632de9ed55947761d56d4c6142a3cb1a1fe69d0b1a6d0e01a2e404c697962623,dfine_sahi,117900.0,unknown_object,0.4789,116.05,497.54,296.36,689.76,34657.8,180.3,192.22,0.938,False,,True,S-61,28,evt_S-61_desk_work_surface_0005,89ee27bf194e6394,pose_hand_context,,38064.0,3.28,,1,cam12/e1/v1,rtmpose_baseline
full,03.CCTV Mobile Usage.mkv,632de9ed55947761d56d4c6142a3cb1a1fe69d0b1a6d0e01a2e404c697962623,dfine_sahi,117900.0,unknown_object,0.4132,201.4,582.36,310.88,689.92,11776.3,109.49,107.56,1.018,False,,True,S-61,28,evt_S-61_desk_work_surface_0005,89ee27bf194e6394,pose_hand_context,,38064.0,3.28,,1,cam12/e1/v1,rtmpose_baseline
full,03.CCTV Mobile Usage.mkv,632de9ed55947761d56d4c6142a3cb1a1fe69d0b1a6d0e01a2e404c697962623,dfine_sahi,117900.0,stationery,0.3909,124.21,669.87,187.26,690.95,1329.2,63.05,21.08,2.991,False,,True,S-61,28,evt_S-61_desk_work_surface_0005,89ee27bf194e6394,pose_hand_context,,38064.0,3.28,,1,cam12/e1/v1,rtmpose_baseline
full,03.CCTV Mobile Usage.mkv,632de9ed55947761d56d4c6142a3cb1a1fe69d0b1a6d0e01a2e404c697962623,dfine_sahi,117900.0,unknown_object,0.3538,132.19,496.04,176.96,518.31,997.3,44.78,22.27,2.011,False,,True,S-61,28,evt_S-61_desk_work_surface_0005,89ee27bf194e6394,pose_hand_context,,38064.0,3.28,,1,cam12/e1/v1,rtmpose_baseline
full,03.CCTV Mobile Usage.mkv,632de9ed55947761d56d4c6142a3cb1a1fe69d0b1a6d0e01a2e404c697962623,dfine_sahi,117900.0,unknown_object,0.3456,116.01,582.17,224.9,690.45,11791.0,108.9,108.28,1.006,False,,True,S-61,28,evt_S-61_desk_work_surface_0005,89ee27bf194e6394,pose_hand_context,,38064.0,3.28,,1,cam12/e1/v1,rtmpose_baseline
full,03.CCTV Mobile Usage.mkv,632de9ed55947761d56d4c6142a3cb1a1fe69d0b1a6d0e01a2e404c697962623,dfine_sahi,117900.0,stationery,0.3383,116.07,649.02,187.01,691.04,2980.5,70.93,42.02,1.688,False,,True,S-61,28,evt_S-61_desk_work_surface_0005,89ee27bf194e6394,pose_hand_context,,38064.0,3.28,,1,cam12/e1/v1,rtmpose_baseline
full,03.CCTV Mobile Usage.mkv,632de9ed55947761d56d4c6142a3cb1a1fe69d0b1a6d0e01a2e404c697962623,dfine_sahi,117900.0,unknown_object,0.2899,143.1,602.25,161.64,618.9,308.6,18.53,16.65,1.113,False,,True,S-61,28,evt_S-61_desk_work_surface_0005,89ee27bf194e6394,pose_hand_context,,38064.0,3.28,,1,cam12/e1/v1,rtmpose_baseline
full,03.CCTV Mobile Usage.mkv,632de9ed55947761d56d4c6142a3cb1a1fe69d0b1a6d0e01a2e404c697962623,dfine_sahi,117900.0,unknown_object,0.2781,201.07,496.11,310.93,605.54,12022.3,109.86,109.44,1.004,False,,True,S-61,28,evt_S-61_desk_work_surface_0005,89ee27bf194e6394,pose_hand_context,,38064.0,3.28,,1,cam12/e1/v1,rtmpose_baseline
full,03.CCTV Mobile Usage.mkv,632de9ed55947761d56d4c6142a3cb1a1fe69d0b1a6d0e01a2e404c697962623,dfine_sahi,118400.0,unknown_object,0.6966,121.99,648.94,156.82,685.55,1275.1,34.84,36.6,0.952,False,,True,S-61,28,evt_S-61_desk_work_surface_0005,0e2cca9be83bdbee,pose_hand_context,,34856.9,3.43,,1,cam12/e1/v1,rtmpose_baseline
full,03.CCTV Mobile Usage.mkv,632de9ed55947761d56d4c6142a3cb1a1fe69d0b1a6d0e01a2e404c697962623,dfine_sahi,118400.0,unknown_object,0.6038,204.14,581.27,308.92,685.59,10930.5,104.78,104.32,1.004,False,,True,S-61,28,evt_S-61_desk_work_surface_0005,0e2cca9be83bdbee,pose_hand_context,,34856.9,3.43,,1,cam12/e1/v1,rtmpose_baseline
full,03.CCTV Mobile Usage.mkv,632de9ed55947761d56d4c6142a3cb1a1fe69d0b1a6d0e01a2e404c697962623,dfine_sahi,118400.0,unknown_object,0.5925,130.72,670.18,183.35,685.93,829.0,52.63,15.75,3.342,False,,True,S-61,28,evt_S-61_desk_work_surface_0005,0e2cca9be83bdbee,pose_hand_context,,34856.9,3.43,,1,cam12/e1/v1,rtmpose_baseline
full,03.CCTV Mobile Usage.mkv,632de9ed55947761d56d4c6142a3cb1a1fe69d0b1a6d0e01a2e404c697962623,dfine_sahi,118400.0,unknown_object,0.497,122.03,500.8,292.63,684.99,31421.9,170.59,184.19,0.926,False,,True,S-61,28,evt_S-61_desk_work_surface_0005,0e2cca9be83bdbee,pose_hand_context,,34856.9,3.43,,1,cam12/e1/v1,rtmpose_baseline
full,03.CCTV Mobile Usage.mkv,632de9ed55947761d56d4c6142a3cb1a1fe69d0b1a6d0e01a2e404c697962623,dfine_sahi,118400.0,mouse,0.4105,122.01,649.1,156.58,685.98,1274.6,34.56,36.88,0.937,False,,True,S-61,28,evt_S-61_desk_work_surface_0005,0e2cca9be83bdbee,pose_hand_context,,34856.9,3.43,,1,cam12/e1/v1,rtmpose_baseline
full,03.CCTV Mobile Usage.mkv,632de9ed55947761d56d4c6142a3cb1a1fe69d0b1a6d0e01a2e404c697962623,dfine_sahi,118400.0,unknown_object,0.396,142.91,602.22,161.63,618.37,302.4,18.73,16.15,1.16,False,,True,S-61,28,evt_S-61_desk_work_surface_0005,0e2cca9be83bdbee,pose_hand_context,,34856.9,3.43,,1,cam12/e1/v1,rtmpose_baseline
full,03.CCTV Mobile Usage.mkv,632de9ed55947761d56d4c6142a3cb1a1fe69d0b1a6d0e01a2e404c697962623,dfine_sahi,118400.0,unknown_object,0.3927,122.13,581.27,226.87,685.42,10909.8,104.75,104.15,1.006,False,,True,S-61,28,evt_S-61_desk_work_surface_0005,0e2cca9be83bdbee,pose_hand_context,,34856.9,3.43,,1,cam12/e1/v1,rtmpose_baseline
full,03.CCTV Mobile Usage.mkv,632de9ed55947761d56d4c6142a3cb1a1fe69d0b1a6d0e01a2e404c697962623,dfine_sahi,118400.0,unknown_object,0.3707,204.75,559.62,255.21,585.12,1286.9,50.46,25.5,1.979,False,,True,S-61,28,evt_S-61_desk_work_surface_0005,0e2cca9be83bdbee,pose_hand_context,,34856.9,3.43,,1,cam12/e1/v1,rtmpose_baseline
full,03.CCTV Mobile Usage.mkv,632de9ed55947761d56d4c6142a3cb1a1fe69d0b1a6d0e01a2e404c697962623,dfine_sahi,118400.0,unknown_object,0.2701,122.03,499.15,226.97,603.59,10959.8,104.94,104.44,1.005,False,,True,S-61,28,evt_S-61_desk_work_surface_0005,0e2cca9be83bdbee,pose_hand_context,,34856.9,3.43,,1,cam12/e1/v1,rtmpose_baseline
full,03.CCTV Mobile Usage.mkv,632de9ed55947761d56d4c6142a3cb1a1fe69d0b1a6d0e01a2e404c697962623,dfine_sahi,118400.0,stationery,0.2617,244.02,605.62,308.94,646.74,2669.2,64.92,41.12,1.579,False,,True,S-61,28,evt_S-61_desk_work_surface_0005,0e2cca9be83bdbee,pose_hand_context,,34856.9,3.43,,1,cam12/e1/v1,rtmpose_baseline
full,03.CCTV Mobile Usage.mkv,632de9ed55947761d56d4c6142a3cb1a1fe69d0b1a6d0e01a2e404c697962623,dfine_sahi,118400.0,keyboard,0.9098,962.24,451.86,1067.96,491.41,4181.2,105.71,39.55,2.673,False,,True,R-desk,30,evt_S-61_desk_work_surface_0005,b6152297afb037d0,lap_bag_context,no_pose_observation,34560.0,1.33,,1,cam12/e1/v1,
full,03.CCTV Mobile Usage.mkv,632de9ed55947761d56d4c6142a3cb1a1fe69d0b1a6d0e01a2e404c697962623,dfine_sahi,118400.0,mouse,0.7514,864.96,413.36,891.44,434.87,569.3,26.47,21.51,1.231,False,,True,R-desk,30,evt_S-61_desk_work_surface_0005,b6152297afb037d0,lap_bag_context,no_pose_observation,34560.0,1.33,,1,cam12/e1/v1,
full,03.CCTV Mobile Usage.mkv,632de9ed55947761d56d4c6142a3cb1a1fe69d0b1a6d0e01a2e404c697962623,dfine_sahi,118400.0,monitor_or_bezel,0.7219,910.22,411.22,1141.62,506.38,22020.1,231.4,95.16,2.432,False,,True,R-desk,30,evt_S-61_desk_work_surface_0005,b6152297afb037d0,lap_bag_context,no_pose_observation,34560.0,1.33,,1,cam12/e1/v1,
full,03.CCTV Mobile Usage.mkv,632de9ed55947761d56d4c6142a3cb1a1fe69d0b1a6d0e01a2e404c697962623,dfine_sahi,118400.0,keyboard,0.7091,772.73,380.18,870.4,420.32,3920.7,97.67,40.14,2.433,False,,True,R-desk,30,evt_S-61_desk_work_surface_0005,b6152297afb037d0,lap_bag_context,no_pose_observation,34560.0,1.33,,1,cam12/e1/v1,
full,03.CCTV Mobile Usage.mkv,632de9ed55947761d56d4c6142a3cb1a1fe69d0b1a6d0e01a2e404c697962623,dfine_sahi,118400.0,phone,0.6716,1043.55,421.67,1112.95,473.99,3631.3,69.41,52.32,1.327,False,,True,R-desk,30,evt_S-61_desk_work_surface_0005,b6152297afb037d0,lap_bag_context,no_pose_observation,34560.0,1.33,,1,cam12/e1/v1,
full,03.CCTV Mobile Usage.mkv,632de9ed55947761d56d4c6142a3cb1a1fe69d0b1a6d0e01a2e404c697962623,dfine_sahi,118400.0,monitor_or_bezel,0.6478,707.5,379.89,969.58,474.74,24858.9,262.08,94.85,2.763,False,,True,R-desk,30,evt_S-61_desk_work_surface_0005,b6152297afb037d0,lap_bag_context,no_pose_observation,34560.0,1.33,,1,cam12/e1/v1,
full,03.CCTV Mobile Usage.mkv,632de9ed55947761d56d4c6142a3cb1a1fe69d0b1a6d0e01a2e404c697962623,dfine_sahi,118400.0,monitor_or_bezel,0.6392,1018.95,395.86,1145.91,448.81,6722.5,126.97,52.95,2.398,False,,True,R-desk,30,evt_S-61_desk_work_surface_0005,b6152297afb037d0,lap_bag_context,no_pose_observation,34560.0,1.33,,1,cam12/e1/v1,
full,03.CCTV Mobile Usage.mkv,632de9ed55947761d56d4c6142a3cb1a1fe69d0b1a6d0e01a2e404c697962623,dfine_sahi,118400.0,keyboard,0.6375,962.89,452.39,1034.86,475.58,1668.8,71.97,23.19,3.104,False,,True,R-desk,30,evt_S-61_desk_work_surface_0005,b6152297afb037d0,lap_bag_context,no_pose_observation,34560.0,1.33,,1,cam12/e1/v1,
full,03.CCTV Mobile Usage.mkv,632de9ed55947761d56d4c6142a3cb1a1fe69d0b1a6d0e01a2e404c697962623,dfine_sahi,118400.0,unknown_object,0.6314,699.94,396.08,845.45,491.85,13936.7,145.51,95.78,1.519,False,,True,R-desk,30,evt_S-61_desk_work_surface_0005,b6152297afb037d0,lap_bag_context,no_pose_observation,34560.0,1.33,,1,cam12/e1/v1,
full,03.CCTV Mobile Usage.mkv,632de9ed55947761d56d4c6142a3cb1a1fe69d0b1a6d0e01a2e404c697962623,dfine_sahi,118400.0,monitor_or_bezel,0.6239,963.11,380.5,1152.85,474.88,17908.8,189.74,94.39,2.01,False,,True,R-desk,30,evt_S-61_desk_work_surface_0005,b6152297afb037d0,lap_bag_context,no_pose_observation,34560.0,1.33,,1,cam12/e1/v1,
full,03.CCTV Mobile Usage.mkv,632de9ed55947761d56d4c6142a3cb1a1fe69d0b1a6d0e01a2e404c697962623,dfine_sahi,118400.0,unknown_object,0.5736,699.98,380.59,760.22,475.05,5689.3,60.23,94.46,0.638,False,,True,R-desk,30,evt_S-61_desk_work_surface_0005,b6152297afb037d0,lap_bag_context,no_pose_observation,34560.0,1.33,,1,cam12/e1/v1,
full,03.CCTV Mobile Usage.mkv,632de9ed55947761d56d4c6142a3cb1a1fe69d0b1a6d0e01a2e404c697962623,dfine_sahi,118400.0,keyboard,0.5291,802.82,396.3,870.06,420.59,1633.5,67.24,24.29,2.768,False,,True,R-desk,30,evt_S-61_desk_work_surface_0005,b6152297afb037d0,lap_bag_context,no_pose_observation,34560.0,1.33,,1,cam12/e1/v1,
full,03.CCTV Mobile Usage.mkv,632de9ed55947761d56d4c6142a3cb1a1fe69d0b1a6d0e01a2e404c697962623,dfine_sahi,118400.0,unknown_object,0.4653,752.44,411.04,969.84,506.17,20681.3,217.4,95.13,2.285,False,,True,R-desk,30,evt_S-61_desk_work_surface_0005,b6152297afb037d0,lap_bag_context,no_pose_observation,34560.0,1.33,,1,cam12/e1/v1,
full,03.CCTV Mobile Usage.mkv,632de9ed55947761d56d4c6142a3cb1a1fe69d0b1a6d0e01a2e404c697962623,dfine_sahi,118400.0,keyboard,0.4504,910.05,411.12,1092.05,506.25,17314.0,182.0,95.13,1.913,False,,True,R-desk,30,evt_S-61_desk_work_surface_0005,b6152297afb037d0,lap_bag_context,no_pose_observation,34560.0,1.33,,1,cam12/e1/v1,
full,03.CCTV Mobile Usage.mkv,632de9ed55947761d56d4c6142a3cb1a1fe69d0b1a6d0e01a2e404c697962623,dfine_sahi,118400.0,keyboard,0.3265,881.86,380.19,964.87,452.56,6007.1,83.0,72.37,1.147,False,,True,R-desk,30,evt_S-61_desk_work_surface_0005,b6152297afb037d0,lap_bag_context,no_pose_observation,34560.0,1.33,,1,cam12/e1/v1,
full,03.CCTV Mobile Usage.mkv,632de9ed55947761d56d4c6142a3cb1a1fe69d0b1a6d0e01a2e404c697962623,dfine_sahi,118400.0,mouse,0.3228,967.14,398.34,991.95,410.63,304.9,24.81,12.29,2.018,False,,True,R-desk,30,evt_S-61_desk_work_surface_0005,b6152297afb037d0,lap_bag_context,no_pose_observation,34560.0,1.33,,1,cam12/e1/v1,
full,03.CCTV Mobile Usage.mkv,632de9ed55947761d56d4c6142a3cb1a1fe69d0b1a6d0e01a2e404c697962623,dfine_sahi,118400.0,keyboard,0.31,964.86,394.13,1108.64,474.87,11608.4,143.78,80.74,1.781,False,,True,R-desk,30,evt_S-61_desk_work_surface_0005,b6152297afb037d0,lap_bag_context,no_pose_observation,34560.0,1.33,,1,cam12/e1/v1,
full,03.CCTV Mobile Usage.mkv,632de9ed55947761d56d4c6142a3cb1a1fe69d0b1a6d0e01a2e404c697962623,dfine_sahi,118400.0,phone,0.2918,1049.71,411.37,1139.86,447.34,3242.7,90.15,35.97,2.506,False,,True,R-desk,30,evt_S-61_desk_work_surface_0005,b6152297afb037d0,lap_bag_context,no_pose_observation,34560.0,1.33,,1,cam12/e1/v1,
full,03.CCTV Mobile Usage.mkv,632de9ed55947761d56d4c6142a3cb1a1fe69d0b1a6d0e01a2e404c697962623,dfine_sahi,118400.0,monitor_or_bezel,0.2746,738.61,395.42,1147.06,491.17,39109.0,408.45,95.75,4.266,False,,True,R-desk,30,evt_S-61_desk_work_surface_0005,b6152297afb037d0,lap_bag_context,no_pose_observation,34560.0,1.33,,1,cam12/e1/v1,
full,03.CCTV Mobile Usage.mkv,632de9ed55947761d56d4c6142a3cb1a1fe69d0b1a6d0e01a2e404c697962623,dfine_sahi,118400.0,unknown_object,0.2686,879.71,411.32,969.87,505.71,8511.0,90.17,94.39,0.955,False,,True,R-desk,30,evt_S-61_desk_work_surface_0005,b6152297afb037d0,lap_bag_context,no_pose_observation,34560.0,1.33,,1,cam12/e1/v1,
full,03.CCTV Mobile Usage.mkv,632de9ed55947761d56d4c6142a3cb1a1fe69d0b1a6d0e01a2e404c697962623,dfine_sahi,118400.0,monitor_or_bezel,0.2595,881.01,396.14,948.93,452.57,3832.2,67.92,56.42,1.204,False,,True,R-desk,30,evt_S-61_desk_work_surface_0005,b6152297afb037d0,lap_bag_context,no_pose_observation,34560.0,1.33,,1,cam12/e1/v1,
full,03.CCTV Mobile Usage.mkv,632de9ed55947761d56d4c6142a3cb1a1fe69d0b1a6d0e01a2e404c697962623,dfine_sahi,118400.0,keyboard,0.9098,962.24,451.86,1067.96,491.41,4181.2,105.71,39.55,2.673,False,,True,R-desk,29,evt_S-61_desk_work_surface_0005,b6152297afb037d0,lap_bag_context,no_pose_observation,34560.0,1.33,,1,cam12/e1/v1,
full,03.CCTV Mobile Usage.mkv,632de9ed55947761d56d4c6142a3cb1a1fe69d0b1a6d0e01a2e404c697962623,dfine_sahi,118400.0,mouse,0.7514,864.96,413.36,891.44,434.87,569.3,26.47,21.51,1.231,False,,True,R-desk,29,evt_S-61_desk_work_surface_0005,b6152297afb037d0,lap_bag_context,no_pose_observation,34560.0,1.33,,1,cam12/e1/v1,
full,03.CCTV Mobile Usage.mkv,632de9ed55947761d56d4c6142a3cb1a1fe69d0b1a6d0e01a2e404c697962623,dfine_sahi,118400.0,monitor_or_bezel,0.7219,910.22,411.22,1141.62,506.38,22020.1,231.4,95.16,2.432,False,,True,R-desk,29,evt_S-61_desk_work_surface_0005,b6152297afb037d0,lap_bag_context,no_pose_observation,34560.0,1.33,,1,cam12/e1/v1,
full,03.CCTV Mobile Usage.mkv,632de9ed55947761d56d4c6142a3cb1a1fe69d0b1a6d0e01a2e404c697962623,dfine_sahi,118400.0,keyboard,0.7091,772.73,380.18,870.4,420.32,3920.7,97.67,40.14,2.433,False,,True,R-desk,29,evt_S-61_desk_work_surface_0005,b6152297afb037d0,lap_bag_context,no_pose_observation,34560.0,1.33,,1,cam12/e1/v1,
full,03.CCTV Mobile Usage.mkv,632de9ed55947761d56d4c6142a3cb1a1fe69d0b1a6d0e01a2e404c697962623,dfine_sahi,118400.0,phone,0.6716,1043.55,421.67,1112.95,473.99,3631.3,69.41,52.32,1.327,False,,True,R-desk,29,evt_S-61_desk_work_surface_0005,b6152297afb037d0,lap_bag_context,no_pose_observation,34560.0,1.33,,1,cam12/e1/v1,
full,03.CCTV Mobile Usage.mkv,632de9ed55947761d56d4c6142a3cb1a1fe69d0b1a6d0e01a2e404c697962623,dfine_sahi,118400.0,monitor_or_bezel,0.6478,707.5,379.89,969.58,474.74,24858.9,262.08,94.85,2.763,False,,True,R-desk,29,evt_S-61_desk_work_surface_0005,b6152297afb037d0,lap_bag_context,no_pose_observation,34560.0,1.33,,1,cam12/e1/v1,
full,03.CCTV Mobile Usage.mkv,632de9ed55947761d56d4c6142a3cb1a1fe69d0b1a6d0e01a2e404c697962623,dfine_sahi,118400.0,monitor_or_bezel,0.6392,1018.95,395.86,1145.91,448.81,6722.5,126.97,52.95,2.398,False,,True,R-desk,29,evt_S-61_desk_work_surface_0005,b6152297afb037d0,lap_bag_context,no_pose_observation,34560.0,1.33,,1,cam12/e1/v1,
full,03.CCTV Mobile Usage.mkv,632de9ed55947761d56d4c6142a3cb1a1fe69d0b1a6d0e01a2e404c697962623,dfine_sahi,118400.0,keyboard,0.6375,962.89,452.39,1034.86,475.58,1668.8,71.97,23.19,3.104,False,,True,R-desk,29,evt_S-61_desk_work_surface_0005,b6152297afb037d0,lap_bag_context,no_pose_observation,34560.0,1.33,,1,cam12/e1/v1,
full,03.CCTV Mobile Usage.mkv,632de9ed55947761d56d4c6142a3cb1a1fe69d0b1a6d0e01a2e404c697962623,dfine_sahi,118400.0,unknown_object,0.6314,699.94,396.08,845.45,491.85,13936.7,145.51,95.78,1.519,False,,True,R-desk,29,evt_S-61_desk_work_surface_0005,b6152297afb037d0,lap_bag_context,no_pose_observation,34560.0,1.33,,1,cam12/e1/v1,
full,03.CCTV Mobile Usage.mkv,632de9ed55947761d56d4c6142a3cb1a1fe69d0b1a6d0e01a2e404c697962623,dfine_sahi,118400.0,monitor_or_bezel,0.6239,963.11,380.5,1152.85,474.88,17908.8,189.74,94.39,2.01,False,,True,R-desk,29,evt_S-61_desk_work_surface_0005,b6152297afb037d0,lap_bag_context,no_pose_observation,34560.0,1.33,,1,cam12/e1/v1,
full,03.CCTV Mobile Usage.mkv,632de9ed55947761d56d4c6142a3cb1a1fe69d0b1a6d0e01a2e404c697962623,dfine_sahi,118400.0,unknown_object,0.5736,699.98,380.59,760.22,475.05,5689.3,60.23,94.46,0.638,False,,True,R-desk,29,evt_S-61_desk_work_surface_0005,b6152297afb037d0,lap_bag_context,no_pose_observation,34560.0,1.33,,1,cam12/e1/v1,
full,03.CCTV Mobile Usage.mkv,632de9ed55947761d56d4c6142a3cb1a1fe69d0b1a6d0e01a2e404c697962623,dfine_sahi,118400.0,keyboard,0.5291,802.82,396.3,870.06,420.59,1633.5,67.24,24.29,2.768,False,,True,R-desk,29,evt_S-61_desk_work_surface_0005,b6152297afb037d0,lap_bag_context,no_pose_observation,34560.0,1.33,,1,cam12/e1/v1,
full,03.CCTV Mobile Usage.mkv,632de9ed55947761d56d4c6142a3cb1a1fe69d0b1a6d0e01a2e404c697962623,dfine_sahi,118400.0,unknown_object,0.4653,752.44,411.04,969.84,506.17,20681.3,217.4,95.13,2.285,False,,True,R-desk,29,evt_S-61_desk_work_surface_0005,b6152297afb037d0,lap_bag_context,no_pose_observation,34560.0,1.33,,1,cam12/e1/v1,
full,03.CCTV Mobile Usage.mkv,632de9ed55947761d56d4c6142a3cb1a1fe69d0b1a6d0e01a2e404c697962623,dfine_sahi,118400.0,keyboard,0.4504,910.05,411.12,1092.05,506.25,17314.0,182.0,95.13,1.913,False,,True,R-desk,29,evt_S-61_desk_work_surface_0005,b6152297afb037d0,lap_bag_context,no_pose_observation,34560.0,1.33,,1,cam12/e1/v1,
full,03.CCTV Mobile Usage.mkv,632de9ed55947761d56d4c6142a3cb1a1fe69d0b1a6d0e01a2e404c697962623,dfine_sahi,118400.0,keyboard,0.3265,881.86,380.19,964.87,452.56,6007.1,83.0,72.37,1.147,False,,True,R-desk,29,evt_S-61_desk_work_surface_0005,b6152297afb037d0,lap_bag_context,no_pose_observation,34560.0,1.33,,1,cam12/e1/v1,
full,03.CCTV Mobile Usage.mkv,632de9ed55947761d56d4c6142a3cb1a1fe69d0b1a6d0e01a2e404c697962623,dfine_sahi,118400.0,mouse,0.3228,967.14,398.34,991.95,410.63,304.9,24.81,12.29,2.018,False,,True,R-desk,29,evt_S-61_desk_work_surface_0005,b6152297afb037d0,lap_bag_context,no_pose_observation,34560.0,1.33,,1,cam12/e1/v1,
full,03.CCTV Mobile Usage.mkv,632de9ed55947761d56d4c6142a3cb1a1fe69d0b1a6d0e01a2e404c697962623,dfine_sahi,118400.0,keyboard,0.31,964.86,394.13,1108.64,474.87,11608.4,143.78,80.74,1.781,False,,True,R-desk,29,evt_S-61_desk_work_surface_0005,b6152297afb037d0,lap_bag_context,no_pose_observation,34560.0,1.33,,1,cam12/e1/v1,
full,03.CCTV Mobile Usage.mkv,632de9ed55947761d56d4c6142a3cb1a1fe69d0b1a6d0e01a2e404c697962623,dfine_sahi,118400.0,phone,0.2918,1049.71,411.37,1139.86,447.34,3242.7,90.15,35.97,2.506,False,,True,R-desk,29,evt_S-61_desk_work_surface_0005,b6152297afb037d0,lap_bag_context,no_pose_observation,34560.0,1.33,,1,cam12/e1/v1,
full,03.CCTV Mobile Usage.mkv,632de9ed55947761d56d4c6142a3cb1a1fe69d0b1a6d0e01a2e404c697962623,dfine_sahi,118400.0,monitor_or_bezel,0.2746,738.61,395.42,1147.06,491.17,39109.0,408.45,95.75,4.266,False,,True,R-desk,29,evt_S-61_desk_work_surface_0005,b6152297afb037d0,lap_bag_context,no_pose_observation,34560.0,1.33,,1,cam12/e1/v1,
full,03.CCTV Mobile Usage.mkv,632de9ed55947761d56d4c6142a3cb1a1fe69d0b1a6d0e01a2e404c697962623,dfine_sahi,118400.0,unknown_object,0.2686,879.71,411.32,969.87,505.71,8511.0,90.17,94.39,0.955,False,,True,R-desk,29,evt_S-61_desk_work_surface_0005,b6152297afb037d0,lap_bag_context,no_pose_observation,34560.0,1.33,,1,cam12/e1/v1,
full,03.CCTV Mobile Usage.mkv,632de9ed55947761d56d4c6142a3cb1a1fe69d0b1a6d0e01a2e404c697962623,dfine_sahi,118400.0,monitor_or_bezel,0.2595,881.01,396.14,948.93,452.57,3832.2,67.92,56.42,1.204,False,,True,R-desk,29,evt_S-61_desk_work_surface_0005,b6152297afb037d0,lap_bag_context,no_pose_observation,34560.0,1.33,,1,cam12/e1/v1,
full,03.CCTV Mobile Usage.mkv,632de9ed55947761d56d4c6142a3cb1a1fe69d0b1a6d0e01a2e404c697962623,dfine_sahi,118900.0,unknown_object,0.5052,152.06,459.27,275.93,582.59,15275.3,123.87,123.32,1.004,False,,True,S-61,28,evt_S-61_desk_work_surface_0005,2697210375e77d5c,pose_hand_context,,48514.5,2.91,,1,cam12/e1/v1,rtmpose_baseline
full,03.CCTV Mobile Usage.mkv,632de9ed55947761d56d4c6142a3cb1a1fe69d0b1a6d0e01a2e404c697962623,dfine_sahi,118900.0,unknown_object,0.4776,248.05,556.27,371.88,679.31,15236.7,123.84,123.04,1.006,False,,True,S-61,28,evt_S-61_desk_work_surface_0005,2697210375e77d5c,pose_hand_context,,48514.5,2.91,,1,cam12/e1/v1,rtmpose_baseline
full,03.CCTV Mobile Usage.mkv,632de9ed55947761d56d4c6142a3cb1a1fe69d0b1a6d0e01a2e404c697962623,dfine_sahi,118900.0,unknown_object,0.4452,151.97,556.23,275.85,679.42,15261.0,123.88,123.19,1.006,False,,True,S-61,28,evt_S-61_desk_work_surface_0005,2697210375e77d5c,pose_hand_context,,48514.5,2.91,,1,cam12/e1/v1,rtmpose_baseline
full,03.CCTV Mobile Usage.mkv,632de9ed55947761d56d4c6142a3cb1a1fe69d0b1a6d0e01a2e404c697962623,dfine_sahi,118900.0,unknown_object,0.3742,178.31,556.14,275.87,600.46,4323.9,97.56,44.32,2.201,False,,True,S-61,28,evt_S-61_desk_work_surface_0005,2697210375e77d5c,pose_hand_context,,48514.5,2.91,,1,cam12/e1/v1,rtmpose_baseline
full,03.CCTV Mobile Usage.mkv,632de9ed55947761d56d4c6142a3cb1a1fe69d0b1a6d0e01a2e404c697962623,dfine_sahi,118900.0,unknown_object,0.2938,152.01,493.42,203.41,582.37,4572.4,51.4,88.96,0.578,False,,True,S-61,28,evt_S-61_desk_work_surface_0005,2697210375e77d5c,pose_hand_context,,48514.5,2.91,,1,cam12/e1/v1,rtmpose_baseline
full,03.CCTV Mobile Usage.mkv,632de9ed55947761d56d4c6142a3cb1a1fe69d0b1a6d0e01a2e404c697962623,dfine_sahi,118900.0,unknown_object,0.2834,298.71,459.05,368.87,520.18,4288.9,70.16,61.13,1.148,False,,True,S-61,28,evt_S-61_desk_work_surface_0005,2697210375e77d5c,pose_hand_context,,48514.5,2.91,,1,cam12/e1/v1,rtmpose_baseline
full,03.CCTV Mobile Usage.mkv,632de9ed55947761d56d4c6142a3cb1a1fe69d0b1a6d0e01a2e404c697962623,dfine_sahi,119400.0,unknown_object,0.5511,138.04,531.17,265.08,658.2,16138.1,127.05,127.02,1.0,False,,True,S-61,28,evt_S-61_desk_work_surface_0005,4d132ff54f302431,pose_hand_context,,51211.7,2.83,,1,cam12/e1/v1,rtmpose_baseline
full,03.CCTV Mobile Usage.mkv,632de9ed55947761d56d4c6142a3cb1a1fe69d0b1a6d0e01a2e404c697962623,dfine_sahi,119400.0,unknown_object,0.4443,237.03,432.29,363.68,536.69,13221.7,126.65,104.4,1.213,False,,True,S-61,28,evt_S-61_desk_work_surface_0005,4d132ff54f302431,pose_hand_context,,51211.7,2.83,,1,cam12/e1/v1,rtmpose_baseline
full,03.CCTV Mobile Usage.mkv,632de9ed55947761d56d4c6142a3cb1a1fe69d0b1a6d0e01a2e404c697962623,dfine_sahi,119400.0,secondary_paper_chit,0.3128,137.96,432.27,194.34,504.46,4070.7,56.38,72.19,0.781,False,,True,S-61,28,evt_S-61_desk_work_surface_0005,4d132ff54f302431,pose_hand_context,,51211.7,2.83,,1,cam12/e1/v1,rtmpose_baseline
full,03.CCTV Mobile Usage.mkv,632de9ed55947761d56d4c6142a3cb1a1fe69d0b1a6d0e01a2e404c697962623,dfine_sahi,119400.0,stationery,0.2539,137.88,442.51,196.46,504.37,3623.4,58.57,61.86,0.947,False,,True,S-61,28,evt_S-61_desk_work_surface_0005,4d132ff54f302431,pose_hand_context,,51211.7,2.83,,1,cam12/e1/v1,rtmpose_baseline
full,03.CCTV Mobile Usage.mkv,632de9ed55947761d56d4c6142a3cb1a1fe69d0b1a6d0e01a2e404c697962623,dfine_sahi,119900.0,unknown_object,0.6885,131.09,312.28,259.89,440.18,16473.5,128.81,127.89,1.007,False,,True,S-61,28,evt_S-61_desk_work_surface_0005,0c194ca6c838fcb4,pose_hand_context,,52413.5,2.8,,1,cam12/e1/v1,rtmpose_baseline
full,03.CCTV Mobile Usage.mkv,632de9ed55947761d56d4c6142a3cb1a1fe69d0b1a6d0e01a2e404c697962623,dfine_sahi,119900.0,unknown_object,0.5713,31.03,312.19,158.94,440.6,16424.9,127.91,128.41,0.996,False,,True,S-61,28,evt_S-61_desk_work_surface_0005,0c194ca6c838fcb4,pose_hand_context,,52413.5,2.8,,1,cam12/e1/v1,rtmpose_baseline
full,03.CCTV Mobile Usage.mkv,632de9ed55947761d56d4c6142a3cb1a1fe69d0b1a6d0e01a2e404c697962623,dfine_sahi,119900.0,unknown_object,0.443,81.0,412.08,158.87,452.25,3128.2,77.87,40.17,1.939,False,,True,S-61,28,evt_S-61_desk_work_surface_0005,0c194ca6c838fcb4,pose_hand_context,,52413.5,2.8,,1,cam12/e1/v1,rtmpose_baseline
full,03.CCTV Mobile Usage.mkv,632de9ed55947761d56d4c6142a3cb1a1fe69d0b1a6d0e01a2e404c697962623,dfine_sahi,119900.0,phone,0.4372,41.36,443.21,72.23,473.24,926.9,30.86,30.03,1.028,False,,True,S-61,28,evt_S-61_desk_work_surface_0005,0c194ca6c838fcb4,pose_hand_context,,52413.5,2.8,,1,cam12/e1/v1,rtmpose_baseline
full,03.CCTV Mobile Usage.mkv,632de9ed55947761d56d4c6142a3cb1a1fe69d0b1a6d0e01a2e404c697962623,dfine_sahi,119900.0,phone,0.3873,180.77,464.37,209.01,488.37,677.6,28.23,24.0,1.177,False,,True,S-61,28,evt_S-61_desk_work_surface_0005,0c194ca6c838fcb4,pose_hand_context,,52413.5,2.8,,1,cam12/e1/v1,rtmpose_baseline
full,03.CCTV Mobile Usage.mkv,632de9ed55947761d56d4c6142a3cb1a1fe69d0b1a6d0e01a2e404c697962623,dfine_sahi,119900.0,secondary_paper_chit,0.3677,111.4,437.05,180.12,485.11,3302.3,68.71,48.06,1.43,False,,True,S-61,28,evt_S-61_desk_work_surface_0005,0c194ca6c838fcb4,pose_hand_context,,52413.5,2.8,,1,cam12/e1/v1,rtmpose_baseline
full,03.CCTV Mobile Usage.mkv,632de9ed55947761d56d4c6142a3cb1a1fe69d0b1a6d0e01a2e404c697962623,dfine_sahi,119900.0,unknown_object,0.3532,61.08,463.71,114.86,504.4,2188.2,53.78,40.69,1.322,False,,True,S-61,28,evt_S-61_desk_work_surface_0005,0c194ca6c838fcb4,pose_hand_context,,52413.5,2.8,,1,cam12/e1/v1,rtmpose_baseline
full,03.CCTV Mobile Usage.mkv,632de9ed55947761d56d4c6142a3cb1a1fe69d0b1a6d0e01a2e404c697962623,dfine_sahi,119900.0,unknown_object,0.3418,31.0,412.21,159.05,540.47,16425.1,128.06,128.26,0.998,False,,True,S-61,28,evt_S-61_desk_work_surface_0005,0c194ca6c838fcb4,pose_hand_context,,52413.5,2.8,,1,cam12/e1/v1,rtmpose_baseline
full,03.CCTV Mobile Usage.mkv,632de9ed55947761d56d4c6142a3cb1a1fe69d0b1a6d0e01a2e404c697962623,dfine_sahi,119900.0,secondary_paper_chit,0.3414,114.02,476.12,191.3,531.33,4267.4,77.28,55.22,1.4,False,,True,S-61,28,evt_S-61_desk_work_surface_0005,0c194ca6c838fcb4,pose_hand_context,,52413.5,2.8,,1,cam12/e1/v1,rtmpose_baseline
full,03.CCTV Mobile Usage.mkv,632de9ed55947761d56d4c6142a3cb1a1fe69d0b1a6d0e01a2e404c697962623,dfine_sahi,119900.0,phone,0.3307,167.69,443.39,208.91,488.08,1842.1,41.22,44.69,0.922,False,,True,S-61,28,evt_S-61_desk_work_surface_0005,0c194ca6c838fcb4,pose_hand_context,,52413.5,2.8,,1,cam12/e1/v1,rtmpose_baseline
full,03.CCTV Mobile Usage.mkv,632de9ed55947761d56d4c6142a3cb1a1fe69d0b1a6d0e01a2e404c697962623,dfine_sahi,119900.0,unknown_object,0.3125,45.04,509.42,85.76,540.95,1284.1,40.72,31.53,1.292,False,,True,S-61,28,evt_S-61_desk_work_surface_0005,0c194ca6c838fcb4,pose_hand_context,,52413.5,2.8,,1,cam12/e1/v1,rtmpose_baseline
full,03.CCTV Mobile Usage.mkv,632de9ed55947761d56d4c6142a3cb1a1fe69d0b1a6d0e01a2e404c697962623,dfine_sahi,119900.0,unknown_object,0.308,39.95,442.87,72.99,474.08,1031.2,33.04,31.21,1.059,False,,True,S-61,28,evt_S-61_desk_work_surface_0005,0c194ca6c838fcb4,pose_hand_context,,52413.5,2.8,,1,cam12/e1/v1,rtmpose_baseline
full,03.CCTV Mobile Usage.mkv,632de9ed55947761d56d4c6142a3cb1a1fe69d0b1a6d0e01a2e404c697962623,dfine_sahi,119900.0,secondary_paper_chit,0.2986,61.64,437.55,180.62,506.16,8163.2,118.98,68.61,1.734,False,,True,S-61,28,evt_S-61_desk_work_surface_0005,0c194ca6c838fcb4,pose_hand_context,,52413.5,2.8,,1,cam12/e1/v1,rtmpose_baseline
full,03.CCTV Mobile Usage.mkv,632de9ed55947761d56d4c6142a3cb1a1fe69d0b1a6d0e01a2e404c697962623,dfine_sahi,119900.0,unknown_object,0.2861,130.97,436.51,179.02,483.39,2252.8,48.05,46.88,1.025,False,,True,S-61,28,evt_S-61_desk_work_surface_0005,0c194ca6c838fcb4,pose_hand_context,,52413.5,2.8,,1,cam12/e1/v1,rtmpose_baseline
full,03.CCTV Mobile Usage.mkv,632de9ed55947761d56d4c6142a3cb1a1fe69d0b1a6d0e01a2e404c697962623,dfine_sahi,119900.0,mouse,0.2703,47.69,519.14,79.85,540.96,701.8,32.16,21.82,1.474,False,,True,S-61,28,evt_S-61_desk_work_surface_0005,0c194ca6c838fcb4,pose_hand_context,,52413.5,2.8,,1,cam12/e1/v1,rtmpose_baseline
full,03.CCTV Mobile Usage.mkv,632de9ed55947761d56d4c6142a3cb1a1fe69d0b1a6d0e01a2e404c697962623,dfine_sahi,119900.0,unknown_object,0.2674,199.01,355.94,260.0,440.19,5138.1,60.99,84.25,0.724,False,,True,S-61,28,evt_S-61_desk_work_surface_0005,0c194ca6c838fcb4,pose_hand_context,,52413.5,2.8,,1,cam12/e1/v1,rtmpose_baseline
full,03.CCTV Mobile Usage.mkv,632de9ed55947761d56d4c6142a3cb1a1fe69d0b1a6d0e01a2e404c697962623,dfine_sahi,119900.0,unknown_object,0.263,31.11,312.17,109.31,379.08,5232.5,78.2,66.91,1.169,False,,True,S-61,28,evt_S-61_desk_work_surface_0005,0c194ca6c838fcb4,pose_hand_context,,52413.5,2.8,,1,cam12/e1/v1,rtmpose_baseline
full,03.CCTV Mobile Usage.mkv,632de9ed55947761d56d4c6142a3cb1a1fe69d0b1a6d0e01a2e404c697962623,dfine_sahi,119900.0,secondary_paper_chit,0.2525,60.74,463.22,116.27,504.97,2318.3,55.53,41.75,1.33,False,,True,S-61,28,evt_S-61_desk_work_surface_0005,0c194ca6c838fcb4,pose_hand_context,,52413.5,2.8,,1,cam12/e1/v1,rtmpose_baseline
full,03.CCTV Mobile Usage.mkv,632de9ed55947761d56d4c6142a3cb1a1fe69d0b1a6d0e01a2e404c697962623,dfine_sahi,120400.0,keyboard,0.903,961.98,451.91,1067.64,491.44,4177.3,105.66,39.53,2.673,False,,True,R-desk,31,evt_S-61_desk_work_surface_0005,5530a72bee620717,lap_bag_context,no_pose_observation,34560.0,1.33,,1,cam12/e1/v1,
full,03.CCTV Mobile Usage.mkv,632de9ed55947761d56d4c6142a3cb1a1fe69d0b1a6d0e01a2e404c697962623,dfine_sahi,120400.0,monitor_or_bezel,0.737,910.0,411.2,1140.97,506.3,21964.4,230.97,95.1,2.429,False,,True,R-desk,31,evt_S-61_desk_work_surface_0005,5530a72bee620717,lap_bag_context,no_pose_observation,34560.0,1.33,,1,cam12/e1/v1,
full,03.CCTV Mobile Usage.mkv,632de9ed55947761d56d4c6142a3cb1a1fe69d0b1a6d0e01a2e404c697962623,dfine_sahi,120400.0,mouse,0.6878,864.92,413.7,891.17,435.72,578.0,26.25,22.02,1.192,False,,True,R-desk,31,evt_S-61_desk_work_surface_0005,5530a72bee620717,lap_bag_context,no_pose_observation,34560.0,1.33,,1,cam12/e1/v1,
full,03.CCTV Mobile Usage.mkv,632de9ed55947761d56d4c6142a3cb1a1fe69d0b1a6d0e01a2e404c697962623,dfine_sahi,120400.0,monitor_or_bezel,0.6765,708.53,379.93,969.67,474.87,24793.0,261.14,94.94,2.751,False,,True,R-desk,31,evt_S-61_desk_work_surface_0005,5530a72bee620717,lap_bag_context,no_pose_observation,34560.0,1.33,,1,cam12/e1/v1,
full,03.CCTV Mobile Usage.mkv,632de9ed55947761d56d4c6142a3cb1a1fe69d0b1a6d0e01a2e404c697962623,dfine_sahi,120400.0,keyboard,0.6717,772.38,380.21,870.98,420.42,3965.3,98.6,40.21,2.452,False,,True,R-desk,31,evt_S-61_desk_work_surface_0005,5530a72bee620717,lap_bag_context,no_pose_observation,34560.0,1.33,,1,cam12/e1/v1,
full,03.CCTV Mobile Usage.mkv,632de9ed55947761d56d4c6142a3cb1a1fe69d0b1a6d0e01a2e404c697962623,dfine_sahi,120400.0,monitor_or_bezel,0.6553,1018.93,380.38,1152.49,473.35,12417.0,133.56,92.97,1.437,False,,True,R-desk,31,evt_S-61_desk_work_surface_0005,5530a72bee620717,lap_bag_context,no_pose_observation,34560.0,1.33,,1,cam12/e1/v1,
full,03.CCTV Mobile Usage.mkv,632de9ed55947761d56d4c6142a3cb1a1fe69d0b1a6d0e01a2e404c697962623,dfine_sahi,120400.0,keyboard,0.6333,962.53,452.28,1034.53,475.54,1674.7,72.0,23.26,3.095,False,,True,R-desk,31,evt_S-61_desk_work_surface_0005,5530a72bee620717,lap_bag_context,no_pose_observation,34560.0,1.33,,1,cam12/e1/v1,
full,03.CCTV Mobile Usage.mkv,632de9ed55947761d56d4c6142a3cb1a1fe69d0b1a6d0e01a2e404c697962623,dfine_sahi,120400.0,keyboard,0.5771,802.16,396.22,871.48,420.71,1697.6,69.32,24.49,2.83,False,,True,R-desk,31,evt_S-61_desk_work_surface_0005,5530a72bee620717,lap_bag_context,no_pose_observation,34560.0,1.33,,1,cam12/e1/v1,
full,03.CCTV Mobile Usage.mkv,632de9ed55947761d56d4c6142a3cb1a1fe69d0b1a6d0e01a2e404c697962623,dfine_sahi,120400.0,phone,0.5689,1043.33,421.99,1111.82,473.87,3553.3,68.49,51.88,1.32,False,,True,R-desk,31,evt_S-61_desk_work_surface_0005,5530a72bee620717,lap_bag_context,no_pose_observation,34560.0,1.33,,1,cam12/e1/v1,
full,03.CCTV Mobile Usage.mkv,632de9ed55947761d56d4c6142a3cb1a1fe69d0b1a6d0e01a2e404c697962623,dfine_sahi,120400.0,unknown_object,0.521,765.38,410.93,969.9,505.96,19435.1,204.52,95.03,2.152,False,,True,R-desk,31,evt_S-61_desk_work_surface_0005,5530a72bee620717,lap_bag_context,no_pose_observation,34560.0,1.33,,1,cam12/e1/v1,
full,03.CCTV Mobile Usage.mkv,632de9ed55947761d56d4c6142a3cb1a1fe69d0b1a6d0e01a2e404c697962623,dfine_sahi,120400.0,unknown_object,0.4982,700.08,396.17,857.98,491.74,15090.7,157.9,95.57,1.652,False,,True,R-desk,31,evt_S-61_desk_work_surface_0005,5530a72bee620717,lap_bag_context,no_pose_observation,34560.0,1.33,,1,cam12/e1/v1,
full,03.CCTV Mobile Usage.mkv,632de9ed55947761d56d4c6142a3cb1a1fe69d0b1a6d0e01a2e404c697962623,dfine_sahi,120400.0,unknown_object,0.4385,700.05,396.15,761.49,491.23,5841.7,61.44,95.08,0.646,False,,True,R-desk,31,evt_S-61_desk_work_surface_0005,5530a72bee620717,lap_bag_context,no_pose_observation,34560.0,1.33,,1,cam12/e1/v1,
full,03.CCTV Mobile Usage.mkv,632de9ed55947761d56d4c6142a3cb1a1fe69d0b1a6d0e01a2e404c697962623,dfine_sahi,120400.0,keyboard,0.3354,963.13,389.72,1108.97,474.85,12414.7,145.84,85.13,1.713,False,,True,R-desk,31,evt_S-61_desk_work_surface_0005,5530a72bee620717,lap_bag_context,no_pose_observation,34560.0,1.33,,1,cam12/e1/v1,
full,03.CCTV Mobile Usage.mkv,632de9ed55947761d56d4c6142a3cb1a1fe69d0b1a6d0e01a2e404c697962623,dfine_sahi,120400.0,mouse,0.3027,967.01,398.39,991.96,410.51,302.4,24.94,12.12,2.058,False,,True,R-desk,31,evt_S-61_desk_work_surface_0005,5530a72bee620717,lap_bag_context,no_pose_observation,34560.0,1.33,,1,cam12/e1/v1,
full,03.CCTV Mobile Usage.mkv,632de9ed55947761d56d4c6142a3cb1a1fe69d0b1a6d0e01a2e404c697962623,dfine_sahi,120400.0,keyboard,0.2958,910.12,411.77,1092.6,506.25,17240.1,182.48,94.48,1.932,False,,True,R-desk,31,evt_S-61_desk_work_surface_0005,5530a72bee620717,lap_bag_context,no_pose_observation,34560.0,1.33,,1,cam12/e1/v1,
full,03.CCTV Mobile Usage.mkv,632de9ed55947761d56d4c6142a3cb1a1fe69d0b1a6d0e01a2e404c697962623,dfine_sahi,120400.0,monitor_or_bezel,0.2803,741.31,395.45,1146.37,491.17,38771.8,405.06,95.72,4.232,False,,True,R-desk,31,evt_S-61_desk_work_surface_0005,5530a72bee620717,lap_bag_context,no_pose_observation,34560.0,1.33,,1,cam12/e1/v1,
full,03.CCTV Mobile Usage.mkv,632de9ed55947761d56d4c6142a3cb1a1fe69d0b1a6d0e01a2e404c697962623,dfine_sahi,120400.0,unknown_object,0.2661,881.71,411.14,933.58,452.83,2162.6,51.87,41.69,1.244,False,,True,R-desk,31,evt_S-61_desk_work_surface_0005,5530a72bee620717,lap_bag_context,no_pose_observation,34560.0,1.33,,1,cam12/e1/v1,
full,03.CCTV Mobile Usage.mkv,632de9ed55947761d56d4c6142a3cb1a1fe69d0b1a6d0e01a2e404c697962623,dfine_sahi,120400.0,phone,0.614,177.12,441.8,204.92,462.36,571.5,27.79,20.56,1.352,False,,True,S-61,28,evt_S-61_desk_work_surface_0005,d9fcd0821a08f540,pose_hand_context,,57159.2,2.68,,1,cam12/e1/v1,rtmpose_baseline
full,03.CCTV Mobile Usage.mkv,632de9ed55947761d56d4c6142a3cb1a1fe69d0b1a6d0e01a2e404c697962623,dfine_sahi,120400.0,unknown_object,0.6008,18.05,304.13,152.86,436.61,17859.9,134.81,132.48,1.018,False,,True,S-61,28,evt_S-61_desk_work_surface_0005,d9fcd0821a08f540,pose_hand_context,,57159.2,2.68,,1,cam12/e1/v1,rtmpose_baseline
full,03.CCTV Mobile Usage.mkv,632de9ed55947761d56d4c6142a3cb1a1fe69d0b1a6d0e01a2e404c697962623,dfine_sahi,120400.0,phone,0.4683,42.06,444.1,71.72,473.1,860.0,29.65,29.0,1.022,False,,True,S-61,28,evt_S-61_desk_work_surface_0005,d9fcd0821a08f540,pose_hand_context,,57159.2,2.68,,1,cam12/e1/v1,rtmpose_baseline
full,03.CCTV Mobile Usage.mkv,632de9ed55947761d56d4c6142a3cb1a1fe69d0b1a6d0e01a2e404c697962623,dfine_sahi,120400.0,unknown_object,0.427,61.37,453.37,141.23,505.96,4199.7,79.86,52.59,1.518,False,,True,S-61,28,evt_S-61_desk_work_surface_0005,d9fcd0821a08f540,pose_hand_context,,57159.2,2.68,,1,cam12/e1/v1,rtmpose_baseline
full,03.CCTV Mobile Usage.mkv,632de9ed55947761d56d4c6142a3cb1a1fe69d0b1a6d0e01a2e404c697962623,dfine_sahi,120400.0,unknown_object,0.4211,65.65,408.17,153.01,485.17,6726.1,87.36,77.0,1.135,False,,True,S-61,28,evt_S-61_desk_work_surface_0005,d9fcd0821a08f540,pose_hand_context,,57159.2,2.68,,1,cam12/e1/v1,rtmpose_baseline
full,03.CCTV Mobile Usage.mkv,632de9ed55947761d56d4c6142a3cb1a1fe69d0b1a6d0e01a2e404c697962623,dfine_sahi,120400.0,unknown_object,0.3978,123.19,437.97,172.2,484.5,2280.2,49.01,46.53,1.053,False,,True,S-61,28,evt_S-61_desk_work_surface_0005,d9fcd0821a08f540,pose_hand_context,,57159.2,2.68,,1,cam12/e1/v1,rtmpose_baseline
full,03.CCTV Mobile Usage.mkv,632de9ed55947761d56d4c6142a3cb1a1fe69d0b1a6d0e01a2e404c697962623,dfine_sahi,120400.0,unknown_object,0.3902,18.05,408.27,152.92,542.55,18111.7,134.87,134.29,1.004,False,,True,S-61,28,evt_S-61_desk_work_surface_0005,d9fcd0821a08f540,pose_hand_context,,57159.2,2.68,,1,cam12/e1/v1,rtmpose_baseline
full,03.CCTV Mobile Usage.mkv,632de9ed55947761d56d4c6142a3cb1a1fe69d0b1a6d0e01a2e404c697962623,dfine_sahi,120400.0,secondary_paper_chit,0.3872,110.39,437.06,173.97,485.44,3076.1,63.58,48.38,1.314,False,,True,S-61,28,evt_S-61_desk_work_surface_0005,d9fcd0821a08f540,pose_hand_context,,57159.2,2.68,,1,cam12/e1/v1,rtmpose_baseline
full,03.CCTV Mobile Usage.mkv,632de9ed55947761d56d4c6142a3cb1a1fe69d0b1a6d0e01a2e404c697962623,dfine_sahi,120400.0,monitor_or_bezel,0.3534,18.15,493.19,170.79,542.6,7542.1,152.64,49.41,3.089,False,,True,S-61,28,evt_S-61_desk_work_surface_0005,d9fcd0821a08f540,pose_hand_context,,57159.2,2.68,,1,cam12/e1/v1,rtmpose_baseline
full,03.CCTV Mobile Usage.mkv,632de9ed55947761d56d4c6142a3cb1a1fe69d0b1a6d0e01a2e404c697962623,dfine_sahi,120400.0,unknown_object,0.331,123.04,331.83,228.66,437.07,11115.2,105.62,105.24,1.004,False,,True,S-61,28,evt_S-61_desk_work_surface_0005,d9fcd0821a08f540,pose_hand_context,,57159.2,2.68,,1,cam12/e1/v1,rtmpose_baseline
full,03.CCTV Mobile Usage.mkv,632de9ed55947761d56d4c6142a3cb1a1fe69d0b1a6d0e01a2e404c697962623,dfine_sahi,120400.0,secondary_paper_chit,0.3076,88.34,452.2,143.29,499.58,2603.7,54.95,47.38,1.16,False,,True,S-61,28,evt_S-61_desk_work_surface_0005,d9fcd0821a08f540,pose_hand_context,,57159.2,2.68,,1,cam12/e1/v1,rtmpose_baseline
full,03.CCTV Mobile Usage.mkv,632de9ed55947761d56d4c6142a3cb1a1fe69d0b1a6d0e01a2e404c697962623,dfine_sahi,120400.0,secondary_paper_chit,0.3017,61.18,437.64,174.83,505.69,7733.7,113.65,68.05,1.67,False,,True,S-61,28,evt_S-61_desk_work_surface_0005,d9fcd0821a08f540,pose_hand_context,,57159.2,2.68,,1,cam12/e1/v1,rtmpose_baseline
full,03.CCTV Mobile Usage.mkv,632de9ed55947761d56d4c6142a3cb1a1fe69d0b1a6d0e01a2e404c697962623,dfine_sahi,120400.0,secondary_paper_chit,0.2899,116.52,474.09,180.98,522.2,3101.4,64.46,48.11,1.34,False,,True,S-61,28,evt_S-61_desk_work_surface_0005,d9fcd0821a08f540,pose_hand_context,,57159.2,2.68,,1,cam12/e1/v1,rtmpose_baseline
full,03.CCTV Mobile Usage.mkv,632de9ed55947761d56d4c6142a3cb1a1fe69d0b1a6d0e01a2e404c697962623,dfine_sahi,120400.0,stationery,0.2886,123.32,472.7,178.13,519.46,2562.8,54.81,46.76,1.172,False,,True,S-61,28,evt_S-61_desk_work_surface_0005,d9fcd0821a08f540,pose_hand_context,,57159.2,2.68,,1,cam12/e1/v1,rtmpose_baseline
full,03.CCTV Mobile Usage.mkv,632de9ed55947761d56d4c6142a3cb1a1fe69d0b1a6d0e01a2e404c697962623,dfine_sahi,120400.0,unknown_object,0.2883,122.98,404.4,207.33,437.62,2802.2,84.35,33.22,2.539,False,,True,S-61,28,evt_S-61_desk_work_surface_0005,d9fcd0821a08f540,pose_hand_context,,57159.2,2.68,,1,cam12/e1/v1,rtmpose_baseline
full,03.CCTV Mobile Usage.mkv,632de9ed55947761d56d4c6142a3cb1a1fe69d0b1a6d0e01a2e404c697962623,dfine_sahi,120400.0,unknown_object,0.2858,99.92,410.67,152.93,453.55,2273.2,53.01,42.88,1.236,False,,True,S-61,28,evt_S-61_desk_work_surface_0005,d9fcd0821a08f540,pose_hand_context,,57159.2,2.68,,1,cam12/e1/v1,rtmpose_baseline
full,03.CCTV Mobile Usage.mkv,632de9ed55947761d56d4c6142a3cb1a1fe69d0b1a6d0e01a2e404c697962623,dfine_sahi,120400.0,stationery,0.2826,142.56,494.76,188.97,529.29,1602.5,46.41,34.53,1.344,False,,True,S-61,28,evt_S-61_desk_work_surface_0005,d9fcd0821a08f540,pose_hand_context,,57159.2,2.68,,1,cam12/e1/v1,rtmpose_baseline
full,03.CCTV Mobile Usage.mkv,632de9ed55947761d56d4c6142a3cb1a1fe69d0b1a6d0e01a2e404c697962623,dfine_sahi,120400.0,unknown_object,0.2714,18.19,304.15,109.19,378.7,6783.9,91.0,74.55,1.221,False,,True,S-61,28,evt_S-61_desk_work_surface_0005,d9fcd0821a08f540,pose_hand_context,,57159.2,2.68,,1,cam12/e1/v1,rtmpose_baseline
full,03.CCTV Mobile Usage.mkv,632de9ed55947761d56d4c6142a3cb1a1fe69d0b1a6d0e01a2e404c697962623,dfine_sahi,120400.0,phone,0.2581,182.8,441.88,217.65,469.06,947.3,34.85,27.18,1.282,False,,True,S-61,28,evt_S-61_desk_work_surface_0005,d9fcd0821a08f540,pose_hand_context,,57159.2,2.68,,1,cam12/e1/v1,rtmpose_baseline
full,03.CCTV Mobile Usage.mkv,632de9ed55947761d56d4c6142a3cb1a1fe69d0b1a6d0e01a2e404c697962623,dfine_sahi,120400.0,unknown_object,0.2562,123.05,384.8,256.98,437.55,7064.9,133.93,52.75,2.539,False,,True,S-61,28,evt_S-61_desk_work_surface_0005,d9fcd0821a08f540,pose_hand_context,,57159.2,2.68,,1,cam12/e1/v1,rtmpose_baseline
full,03.CCTV Mobile Usage.mkv,632de9ed55947761d56d4c6142a3cb1a1fe69d0b1a6d0e01a2e404c697962623,dfine_sahi,120900.0,phone,0.5356,41.71,443.93,71.74,473.34,883.2,30.03,29.41,1.021,False,,True,S-61,28,evt_S-61_desk_work_surface_0005,11de1f78939503ad,pose_hand_context,,53683.3,2.71,,1,cam12/e1/v1,rtmpose_baseline
full,03.CCTV Mobile Usage.mkv,632de9ed55947761d56d4c6142a3cb1a1fe69d0b1a6d0e01a2e404c697962623,dfine_sahi,120900.0,phone,0.4812,166.25,436.0,195.88,465.92,886.8,29.64,29.92,0.99,False,,True,S-61,28,evt_S-61_desk_work_surface_0005,11de1f78939503ad,pose_hand_context,,53683.3,2.71,,1,cam12/e1/v1,rtmpose_baseline
full,03.CCTV Mobile Usage.mkv,632de9ed55947761d56d4c6142a3cb1a1fe69d0b1a6d0e01a2e404c697962623,dfine_sahi,120900.0,unknown_object,0.4606,110.97,437.49,169.11,481.72,2571.4,58.14,44.23,1.314,False,,True,S-61,28,evt_S-61_desk_work_surface_0005,11de1f78939503ad,pose_hand_context,,53683.3,2.71,,1,cam12/e1/v1,rtmpose_baseline
full,03.CCTV Mobile Usage.mkv,632de9ed55947761d56d4c6142a3cb1a1fe69d0b1a6d0e01a2e404c697962623,dfine_sahi,120900.0,unknown_object,0.4521,98.97,337.13,209.7,438.25,11197.9,110.73,101.12,1.095,False,,True,S-61,28,evt_S-61_desk_work_surface_0005,11de1f78939503ad,pose_hand_context,,53683.3,2.71,,1,cam12/e1/v1,rtmpose_baseline
full,03.CCTV Mobile Usage.mkv,632de9ed55947761d56d4c6142a3cb1a1fe69d0b1a6d0e01a2e404c697962623,dfine_sahi,120900.0,secondary_paper_chit,0.4369,85.95,450.93,144.29,500.49,2890.8,58.33,49.56,1.177,False,,True,S-61,28,evt_S-61_desk_work_surface_0005,11de1f78939503ad,pose_hand_context,,53683.3,2.71,,1,cam12/e1/v1,rtmpose_baseline
full,03.CCTV Mobile Usage.mkv,632de9ed55947761d56d4c6142a3cb1a1fe69d0b1a6d0e01a2e404c697962623,dfine_sahi,120900.0,secondary_paper_chit,0.4179,118.8,478.31,178.36,522.02,2603.7,59.56,43.72,1.362,False,,True,S-61,28,evt_S-61_desk_work_surface_0005,11de1f78939503ad,pose_hand_context,,53683.3,2.71,,1,cam12/e1/v1,rtmpose_baseline
full,03.CCTV Mobile Usage.mkv,632de9ed55947761d56d4c6142a3cb1a1fe69d0b1a6d0e01a2e404c697962623,dfine_sahi,120900.0,unknown_object,0.385,-0.04,430.46,126.75,511.26,10244.3,126.79,80.8,1.569,False,,True,S-61,28,evt_S-61_desk_work_surface_0005,11de1f78939503ad,pose_hand_context,,53683.3,2.71,,1,cam12/e1/v1,rtmpose_baseline
full,03.CCTV Mobile Usage.mkv,632de9ed55947761d56d4c6142a3cb1a1fe69d0b1a6d0e01a2e404c697962623,dfine_sahi,120900.0,unknown_object,0.383,62.5,409.12,126.97,452.58,2801.4,64.47,43.45,1.484,False,,True,S-61,28,evt_S-61_desk_work_surface_0005,11de1f78939503ad,pose_hand_context,,53683.3,2.71,,1,cam12/e1/v1,rtmpose_baseline
full,03.CCTV Mobile Usage.mkv,632de9ed55947761d56d4c6142a3cb1a1fe69d0b1a6d0e01a2e404c697962623,dfine_sahi,120900.0,secondary_paper_chit,0.3824,62.52,437.16,170.22,505.21,7329.4,107.69,68.06,1.582,False,,True,S-61,28,evt_S-61_desk_work_surface_0005,11de1f78939503ad,pose_hand_context,,53683.3,2.71,,1,cam12/e1/v1,rtmpose_baseline
full,03.CCTV Mobile Usage.mkv,632de9ed55947761d56d4c6142a3cb1a1fe69d0b1a6d0e01a2e404c697962623,dfine_sahi,120900.0,unknown_object,0.3767,44.76,509.12,86.35,541.92,1364.4,41.59,32.81,1.268,False,,True,S-61,28,evt_S-61_desk_work_surface_0005,11de1f78939503ad,pose_hand_context,,53683.3,2.71,,1,cam12/e1/v1,rtmpose_baseline
full,03.CCTV Mobile Usage.mkv,632de9ed55947761d56d4c6142a3cb1a1fe69d0b1a6d0e01a2e404c697962623,dfine_sahi,120900.0,secondary_paper_chit,0.3693,110.4,437.05,169.16,483.26,2715.4,58.76,46.21,1.272,False,,True,S-61,28,evt_S-61_desk_work_surface_0005,11de1f78939503ad,pose_hand_context,,53683.3,2.71,,1,cam12/e1/v1,rtmpose_baseline
full,03.CCTV Mobile Usage.mkv,632de9ed55947761d56d4c6142a3cb1a1fe69d0b1a6d0e01a2e404c697962623,dfine_sahi,120900.0,unknown_object,0.3465,-0.36,305.76,176.47,540.91,41582.0,176.83,235.15,0.752,False,,True,S-61,28,evt_S-61_desk_work_surface_0005,11de1f78939503ad,pose_hand_context,,53683.3,2.71,,1,cam12/e1/v1,rtmpose_baseline
full,03.CCTV Mobile Usage.mkv,632de9ed55947761d56d4c6142a3cb1a1fe69d0b1a6d0e01a2e404c697962623,dfine_sahi,120900.0,unknown_object,0.3358,61.69,450.96,126.86,508.67,3760.3,65.16,57.71,1.129,False,,True,S-61,28,evt_S-61_desk_work_surface_0005,11de1f78939503ad,pose_hand_context,,53683.3,2.71,,1,cam12/e1/v1,rtmpose_baseline
full,03.CCTV Mobile Usage.mkv,632de9ed55947761d56d4c6142a3cb1a1fe69d0b1a6d0e01a2e404c697962623,dfine_sahi,120900.0,unknown_object,0.3355,138.13,491.91,176.95,520.84,1123.1,38.82,28.93,1.342,False,,True,S-61,28,evt_S-61_desk_work_surface_0005,11de1f78939503ad,pose_hand_context,,53683.3,2.71,,1,cam12/e1/v1,rtmpose_baseline
full,03.CCTV Mobile Usage.mkv,632de9ed55947761d56d4c6142a3cb1a1fe69d0b1a6d0e01a2e404c697962623,dfine_sahi,120900.0,stationery,0.3156,41.38,443.78,71.79,473.47,902.7,30.41,29.69,1.024,False,,True,S-61,28,evt_S-61_desk_work_surface_0005,11de1f78939503ad,pose_hand_context,,53683.3,2.71,,1,cam12/e1/v1,rtmpose_baseline
full,03.CCTV Mobile Usage.mkv,632de9ed55947761d56d4c6142a3cb1a1fe69d0b1a6d0e01a2e404c697962623,dfine_sahi,120900.0,keyboard,0.3109,89.91,386.22,150.9,413.46,1661.3,60.99,27.24,2.239,False,,True,S-61,28,evt_S-61_desk_work_surface_0005,11de1f78939503ad,pose_hand_context,,53683.3,2.71,,1,cam12/e1/v1,rtmpose_baseline
full,03.CCTV Mobile Usage.mkv,632de9ed55947761d56d4c6142a3cb1a1fe69d0b1a6d0e01a2e404c697962623,dfine_sahi,120900.0,unknown_object,0.3029,48.61,325.12,108.4,379.47,3249.3,59.79,54.34,1.1,False,,True,S-61,28,evt_S-61_desk_work_surface_0005,11de1f78939503ad,pose_hand_context,,53683.3,2.71,,1,cam12/e1/v1,rtmpose_baseline
full,03.CCTV Mobile Usage.mkv,632de9ed55947761d56d4c6142a3cb1a1fe69d0b1a6d0e01a2e404c697962623,dfine_sahi,120900.0,unknown_object,0.2923,-0.11,493.59,171.04,541.81,8252.4,171.15,48.22,3.55,False,,True,S-61,28,evt_S-61_desk_work_surface_0005,11de1f78939503ad,pose_hand_context,,53683.3,2.71,,1,cam12/e1/v1,rtmpose_baseline
full,03.CCTV Mobile Usage.mkv,632de9ed55947761d56d4c6142a3cb1a1fe69d0b1a6d0e01a2e404c697962623,dfine_sahi,120900.0,secondary_paper_chit,0.2879,62.02,463.3,118.19,503.97,2284.6,56.17,40.67,1.381,False,,True,S-61,28,evt_S-61_desk_work_surface_0005,11de1f78939503ad,pose_hand_context,,53683.3,2.71,,1,cam12/e1/v1,rtmpose_baseline
full,03.CCTV Mobile Usage.mkv,632de9ed55947761d56d4c6142a3cb1a1fe69d0b1a6d0e01a2e404c697962623,dfine_sahi,121400.0,keyboard,0.9024,961.98,451.91,1067.64,491.44,4177.3,105.66,39.53,2.673,False,,True,R-desk,32,evt_S-61_desk_work_surface_0005,b1e37fdf74fc5d80,lap_bag_context,no_pose_observation,34560.0,1.33,,1,cam12/e1/v1,
full,03.CCTV Mobile Usage.mkv,632de9ed55947761d56d4c6142a3cb1a1fe69d0b1a6d0e01a2e404c697962623,dfine_sahi,121400.0,monitor_or_bezel,0.7369,910.0,411.2,1141.0,506.3,21966.6,231.0,95.09,2.429,False,,True,R-desk,32,evt_S-61_desk_work_surface_0005,b1e37fdf74fc5d80,lap_bag_context,no_pose_observation,34560.0,1.33,,1,cam12/e1/v1,
full,03.CCTV Mobile Usage.mkv,632de9ed55947761d56d4c6142a3cb1a1fe69d0b1a6d0e01a2e404c697962623,dfine_sahi,121400.0,mouse,0.6831,864.92,413.71,891.18,435.72,578.2,26.26,22.01,1.193,False,,True,R-desk,32,evt_S-61_desk_work_surface_0005,b1e37fdf74fc5d80,lap_bag_context,no_pose_observation,34560.0,1.33,,1,cam12/e1/v1,
full,03.CCTV Mobile Usage.mkv,632de9ed55947761d56d4c6142a3cb1a1fe69d0b1a6d0e01a2e404c697962623,dfine_sahi,121400.0,monitor_or_bezel,0.6809,708.16,379.93,969.66,474.86,24825.1,261.5,94.93,2.755,False,,True,R-desk,32,evt_S-61_desk_work_surface_0005,b1e37fdf74fc5d80,lap_bag_context,no_pose_observation,34560.0,1.33,,1,cam12/e1/v1,
full,03.CCTV Mobile Usage.mkv,632de9ed55947761d56d4c6142a3cb1a1fe69d0b1a6d0e01a2e404c697962623,dfine_sahi,121400.0,keyboard,0.6708,772.29,380.21,870.97,420.42,3968.3,98.68,40.21,2.454,False,,True,R-desk,32,evt_S-61_desk_work_surface_0005,b1e37fdf74fc5d80,lap_bag_context,no_pose_observation,34560.0,1.33,,1,cam12/e1/v1,
full,03.CCTV Mobile Usage.mkv,632de9ed55947761d56d4c6142a3cb1a1fe69d0b1a6d0e01a2e404c697962623,dfine_sahi,121400.0,monitor_or_bezel,0.6562,1018.95,380.38,1152.61,473.33,12423.0,133.66,92.95,1.438,False,,True,R-desk,32,evt_S-61_desk_work_surface_0005,b1e37fdf74fc5d80,lap_bag_context,no_pose_observation,34560.0,1.33,,1,cam12/e1/v1,
full,03.CCTV Mobile Usage.mkv,632de9ed55947761d56d4c6142a3cb1a1fe69d0b1a6d0e01a2e404c697962623,dfine_sahi,121400.0,keyboard,0.6328,962.53,452.28,1034.51,475.54,1674.1,71.98,23.26,3.095,False,,True,R-desk,32,evt_S-61_desk_work_surface_0005,b1e37fdf74fc5d80,lap_bag_context,no_pose_observation,34560.0,1.33,,1,cam12/e1/v1,
full,03.CCTV Mobile Usage.mkv,632de9ed55947761d56d4c6142a3cb1a1fe69d0b1a6d0e01a2e404c697962623,dfine_sahi,121400.0,keyboard,0.577,802.16,396.22,871.48,420.71,1697.6,69.32,24.49,2.83,False,,True,R-desk,32,evt_S-61_desk_work_surface_0005,b1e37fdf74fc5d80,lap_bag_context,no_pose_observation,34560.0,1.33,,1,cam12/e1/v1,
full,03.CCTV Mobile Usage.mkv,632de9ed55947761d56d4c6142a3cb1a1fe69d0b1a6d0e01a2e404c697962623,dfine_sahi,121400.0,phone,0.57,1043.33,421.99,1111.82,473.87,3553.1,68.49,51.88,1.32,False,,True,R-desk,32,evt_S-61_desk_work_surface_0005,b1e37fdf74fc5d80,lap_bag_context,no_pose_observation,34560.0,1.33,,1,cam12/e1/v1,
full,03.CCTV Mobile Usage.mkv,632de9ed55947761d56d4c6142a3cb1a1fe69d0b1a6d0e01a2e404c697962623,dfine_sahi,121400.0,unknown_object,0.521,765.38,410.93,969.9,505.96,19435.1,204.52,95.03,2.152,False,,True,R-desk,32,evt_S-61_desk_work_surface_0005,b1e37fdf74fc5d80,lap_bag_context,no_pose_observation,34560.0,1.33,,1,cam12/e1/v1,
full,03.CCTV Mobile Usage.mkv,632de9ed55947761d56d4c6142a3cb1a1fe69d0b1a6d0e01a2e404c697962623,dfine_sahi,121400.0,unknown_object,0.5004,700.07,396.17,857.95,491.74,15088.4,157.88,95.57,1.652,False,,True,R-desk,32,evt_S-61_desk_work_surface_0005,b1e37fdf74fc5d80,lap_bag_context,no_pose_observation,34560.0,1.33,,1,cam12/e1/v1,
full,03.CCTV Mobile Usage.mkv,632de9ed55947761d56d4c6142a3cb1a1fe69d0b1a6d0e01a2e404c697962623,dfine_sahi,121400.0,unknown_object,0.44,700.05,396.15,761.48,491.23,5841.2,61.44,95.08,0.646,False,,True,R-desk,32,evt_S-61_desk_work_surface_0005,b1e37fdf74fc5d80,lap_bag_context,no_pose_observation,34560.0,1.33,,1,cam12/e1/v1,
full,03.CCTV Mobile Usage.mkv,632de9ed55947761d56d4c6142a3cb1a1fe69d0b1a6d0e01a2e404c697962623,dfine_sahi,121400.0,keyboard,0.3343,963.09,389.78,1108.76,474.85,12392.1,145.67,85.07,1.712,False,,True,R-desk,32,evt_S-61_desk_work_surface_0005,b1e37fdf74fc5d80,lap_bag_context,no_pose_observation,34560.0,1.33,,1,cam12/e1/v1,
full,03.CCTV Mobile Usage.mkv,632de9ed55947761d56d4c6142a3cb1a1fe69d0b1a6d0e01a2e404c697962623,dfine_sahi,121400.0,mouse,0.3009,967.01,398.39,991.96,410.51,302.3,24.94,12.12,2.058,False,,True,R-desk,32,evt_S-61_desk_work_surface_0005,b1e37fdf74fc5d80,lap_bag_context,no_pose_observation,34560.0,1.33,,1,cam12/e1/v1,
full,03.CCTV Mobile Usage.mkv,632de9ed55947761d56d4c6142a3cb1a1fe69d0b1a6d0e01a2e404c697962623,dfine_sahi,121400.0,keyboard,0.2956,910.12,411.77,1092.61,506.25,17241.1,182.49,94.48,1.932,False,,True,R-desk,32,evt_S-61_desk_work_surface_0005,b1e37fdf74fc5d80,lap_bag_context,no_pose_observation,34560.0,1.33,,1,cam12/e1/v1,
full,03.CCTV Mobile Usage.mkv,632de9ed55947761d56d4c6142a3cb1a1fe69d0b1a6d0e01a2e404c697962623,dfine_sahi,121400.0,monitor_or_bezel,0.2839,741.15,395.46,1146.24,491.17,38772.7,405.09,95.71,4.232,False,,True,R-desk,32,evt_S-61_desk_work_surface_0005,b1e37fdf74fc5d80,lap_bag_context,no_pose_observation,34560.0,1.33,,1,cam12/e1/v1,
full,03.CCTV Mobile Usage.mkv,632de9ed55947761d56d4c6142a3cb1a1fe69d0b1a6d0e01a2e404c697962623,dfine_sahi,121400.0,unknown_object,0.2661,881.71,411.14,933.58,452.83,2162.6,51.87,41.69,1.244,False,,True,R-desk,32,evt_S-61_desk_work_surface_0005,b1e37fdf74fc5d80,lap_bag_context,no_pose_observation,34560.0,1.33,,1,cam12/e1/v1,
full,03.CCTV Mobile Usage.mkv,632de9ed55947761d56d4c6142a3cb1a1fe69d0b1a6d0e01a2e404c697962623,dfine_sahi,121400.0,phone,0.5702,170.06,436.76,195.85,471.6,898.9,25.8,34.84,0.74,False,,True,S-61,28,evt_S-61_desk_work_surface_0005,b9c281330b6b64c2,pose_hand_context,,52542.6,2.64,,1,cam12/e1/v1,rtmpose_baseline
full,03.CCTV Mobile Usage.mkv,632de9ed55947761d56d4c6142a3cb1a1fe69d0b1a6d0e01a2e404c697962623,dfine_sahi,121400.0,unknown_object,0.523,0.0,318.18,121.02,454.45,16491.2,121.02,136.27,0.888,False,,True,S-61,28,evt_S-61_desk_work_surface_0005,b9c281330b6b64c2,pose_hand_context,,52542.6,2.64,,1,cam12/e1/v1,rtmpose_baseline
full,03.CCTV Mobile Usage.mkv,632de9ed55947761d56d4c6142a3cb1a1fe69d0b1a6d0e01a2e404c697962623,dfine_sahi,121400.0,unknown_object,0.4652,93.97,424.34,216.02,560.46,16613.3,122.05,136.12,0.897,False,,True,S-61,28,evt_S-61_desk_work_surface_0005,b9c281330b6b64c2,pose_hand_context,,52542.6,2.64,,1,cam12/e1/v1,rtmpose_baseline
full,03.CCTV Mobile Usage.mkv,632de9ed55947761d56d4c6142a3cb1a1fe69d0b1a6d0e01a2e404c697962623,dfine_sahi,121400.0,unknown_object,0.4378,44.46,508.78,87.54,555.67,2019.9,43.08,46.89,0.919,False,,True,S-61,28,evt_S-61_desk_work_surface_0005,b9c281330b6b64c2,pose_hand_context,,52542.6,2.64,,1,cam12/e1/v1,rtmpose_baseline
full,03.CCTV Mobile Usage.mkv,632de9ed55947761d56d4c6142a3cb1a1fe69d0b1a6d0e01a2e404c697962623,dfine_sahi,121400.0,unknown_object,0.4185,34.67,424.1,120.88,474.84,4374.3,86.22,50.74,1.699,False,,True,S-61,28,evt_S-61_desk_work_surface_0005,b9c281330b6b64c2,pose_hand_context,,52542.6,2.64,,1,cam12/e1/v1,rtmpose_baseline
full,03.CCTV Mobile Usage.mkv,632de9ed55947761d56d4c6142a3cb1a1fe69d0b1a6d0e01a2e404c697962623,dfine_sahi,121400.0,secondary_paper_chit,0.3605,59.82,437.29,171.17,506.47,7702.8,111.35,69.18,1.61,False,,True,S-61,28,evt_S-61_desk_work_surface_0005,b9c281330b6b64c2,pose_hand_context,,52542.6,2.64,,1,cam12/e1/v1,rtmpose_baseline
full,03.CCTV Mobile Usage.mkv,632de9ed55947761d56d4c6142a3cb1a1fe69d0b1a6d0e01a2e404c697962623,dfine_sahi,121400.0,unknown_object,0.3542,-0.01,317.45,200.25,559.83,48540.4,200.27,242.38,0.826,False,,True,S-61,28,evt_S-61_desk_work_surface_0005,b9c281330b6b64c2,pose_hand_context,,52542.6,2.64,,1,cam12/e1/v1,rtmpose_baseline
full,03.CCTV Mobile Usage.mkv,632de9ed55947761d56d4c6142a3cb1a1fe69d0b1a6d0e01a2e404c697962623,dfine_sahi,121400.0,unknown_object,0.3514,141.35,494.49,176.89,520.62,928.4,35.54,26.13,1.36,False,,True,S-61,28,evt_S-61_desk_work_surface_0005,b9c281330b6b64c2,pose_hand_context,,52542.6,2.64,,1,cam12/e1/v1,rtmpose_baseline
full,03.CCTV Mobile Usage.mkv,632de9ed55947761d56d4c6142a3cb1a1fe69d0b1a6d0e01a2e404c697962623,dfine_sahi,121400.0,unknown_object,0.3372,20.65,318.11,110.12,380.97,5623.8,89.46,62.86,1.423,False,,True,S-61,28,evt_S-61_desk_work_surface_0005,b9c281330b6b64c2,pose_hand_context,,52542.6,2.64,,1,cam12/e1/v1,rtmpose_baseline
full,03.CCTV Mobile Usage.mkv,632de9ed55947761d56d4c6142a3cb1a1fe69d0b1a6d0e01a2e404c697962623,dfine_sahi,121400.0,phone,0.3365,42.36,449.98,69.42,473.56,638.2,27.06,23.58,1.148,False,,True,S-61,28,evt_S-61_desk_work_surface_0005,b9c281330b6b64c2,pose_hand_context,,52542.6,2.64,,1,cam12/e1/v1,rtmpose_baseline
full,03.CCTV Mobile Usage.mkv,632de9ed55947761d56d4c6142a3cb1a1fe69d0b1a6d0e01a2e404c697962623,dfine_sahi,121400.0,unknown_object,0.3284,7.66,479.35,25.18,494.77,270.3,17.52,15.42,1.136,False,,True,S-61,28,evt_S-61_desk_work_surface_0005,b9c281330b6b64c2,pose_hand_context,,52542.6,2.64,,1,cam12/e1/v1,rtmpose_baseline
full,03.CCTV Mobile Usage.mkv,632de9ed55947761d56d4c6142a3cb1a1fe69d0b1a6d0e01a2e404c697962623,dfine_sahi,121400.0,unknown_object,0.311,93.9,436.85,173.54,505.76,5487.9,79.64,68.91,1.156,False,,True,S-61,28,evt_S-61_desk_work_surface_0005,b9c281330b6b64c2,pose_hand_context,,52542.6,2.64,,1,cam12/e1/v1,rtmpose_baseline
full,03.CCTV Mobile Usage.mkv,632de9ed55947761d56d4c6142a3cb1a1fe69d0b1a6d0e01a2e404c697962623,dfine_sahi,121400.0,unknown_object,0.3102,-0.32,424.4,121.12,559.79,16442.3,121.44,135.4,0.897,False,,True,S-61,28,evt_S-61_desk_work_surface_0005,b9c281330b6b64c2,pose_hand_context,,52542.6,2.64,,1,cam12/e1/v1,rtmpose_baseline
full,03.CCTV Mobile Usage.mkv,632de9ed55947761d56d4c6142a3cb1a1fe69d0b1a6d0e01a2e404c697962623,dfine_sahi,121400.0,unknown_object,0.3054,-0.16,493.29,188.38,560.67,12703.0,188.54,67.38,2.798,False,,True,S-61,28,evt_S-61_desk_work_surface_0005,b9c281330b6b64c2,pose_hand_context,,52542.6,2.64,,1,cam12/e1/v1,rtmpose_baseline
full,03.CCTV Mobile Usage.mkv,632de9ed55947761d56d4c6142a3cb1a1fe69d0b1a6d0e01a2e404c697962623,dfine_sahi,121400.0,secondary_paper_chit,0.3021,118.79,478.56,178.48,522.12,2600.0,59.69,43.56,1.37,False,,True,S-61,28,evt_S-61_desk_work_surface_0005,b9c281330b6b64c2,pose_hand_context,,52542.6,2.64,,1,cam12/e1/v1,rtmpose_baseline
full,03.CCTV Mobile Usage.mkv,632de9ed55947761d56d4c6142a3cb1a1fe69d0b1a6d0e01a2e404c697962623,dfine_sahi,121400.0,stationery,0.2828,118.37,479.28,176.62,520.0,2372.1,58.25,40.72,1.43,False,,True,S-61,28,evt_S-61_desk_work_surface_0005,b9c281330b6b64c2,pose_hand_context,,52542.6,2.64,,1,cam12/e1/v1,rtmpose_baseline
full,03.CCTV Mobile Usage.mkv,632de9ed55947761d56d4c6142a3cb1a1fe69d0b1a6d0e01a2e404c697962623,dfine_sahi,121400.0,secondary_paper_chit,0.274,86.57,450.75,142.58,499.11,2708.3,56.0,48.36,1.158,False,,True,S-61,28,evt_S-61_desk_work_surface_0005,b9c281330b6b64c2,pose_hand_context,,52542.6,2.64,,1,cam12/e1/v1,rtmpose_baseline
full,03.CCTV Mobile Usage.mkv,632de9ed55947761d56d4c6142a3cb1a1fe69d0b1a6d0e01a2e404c697962623,dfine_sahi,121400.0,stationery,0.2678,43.97,508.37,93.56,553.8,2252.4,49.58,45.43,1.091,False,,True,S-61,28,evt_S-61_desk_work_surface_0005,b9c281330b6b64c2,pose_hand_context,,52542.6,2.64,,1,cam12/e1/v1,rtmpose_baseline
full,03.CCTV Mobile Usage.mkv,632de9ed55947761d56d4c6142a3cb1a1fe69d0b1a6d0e01a2e404c697962623,dfine_sahi,121900.0,unknown_object,0.5462,-0.11,320.16,120.06,454.47,16140.3,120.17,134.31,0.895,False,,True,S-61,28,evt_S-61_desk_work_surface_0005,c1251c880eb77e62,pose_hand_context,,51252.1,2.67,,1,cam12/e1/v1,rtmpose_baseline
full,03.CCTV Mobile Usage.mkv,632de9ed55947761d56d4c6142a3cb1a1fe69d0b1a6d0e01a2e404c697962623,dfine_sahi,121900.0,secondary_paper_chit,0.5249,60.28,437.4,173.74,505.21,7693.2,113.45,67.81,1.673,False,,True,S-61,28,evt_S-61_desk_work_surface_0005,c1251c880eb77e62,pose_hand_context,,51252.1,2.67,,1,cam12/e1/v1,rtmpose_baseline
full,03.CCTV Mobile Usage.mkv,632de9ed55947761d56d4c6142a3cb1a1fe69d0b1a6d0e01a2e404c697962623,dfine_sahi,121900.0,monitor_or_bezel,0.5115,-0.06,493.69,189.04,558.74,12300.3,189.09,65.05,2.907,False,,True,S-61,28,evt_S-61_desk_work_surface_0005,c1251c880eb77e62,pose_hand_context,,51252.1,2.67,,1,cam12/e1/v1,rtmpose_baseline
full,03.CCTV Mobile Usage.mkv,632de9ed55947761d56d4c6142a3cb1a1fe69d0b1a6d0e01a2e404c697962623,dfine_sahi,121900.0,unknown_object,0.4822,92.94,425.28,214.1,558.56,16149.7,121.17,133.28,0.909,False,,True,S-61,28,evt_S-61_desk_work_surface_0005,c1251c880eb77e62,pose_hand_context,,51252.1,2.67,,1,cam12/e1/v1,rtmpose_baseline
full,03.CCTV Mobile Usage.mkv,632de9ed55947761d56d4c6142a3cb1a1fe69d0b1a6d0e01a2e404c697962623,dfine_sahi,121900.0,unknown_object,0.4806,92.91,436.45,173.18,503.99,5422.0,80.28,67.54,1.189,False,,True,S-61,28,evt_S-61_desk_work_surface_0005,c1251c880eb77e62,pose_hand_context,,51252.1,2.67,,1,cam12/e1/v1,rtmpose_baseline
full,03.CCTV Mobile Usage.mkv,632de9ed55947761d56d4c6142a3cb1a1fe69d0b1a6d0e01a2e404c697962623,dfine_sahi,121900.0,phone,0.4416,174.94,437.58,202.83,467.53,835.3,27.89,29.95,0.931,False,,True,S-61,28,evt_S-61_desk_work_surface_0005,c1251c880eb77e62,pose_hand_context,,51252.1,2.67,,1,cam12/e1/v1,rtmpose_baseline
full,03.CCTV Mobile Usage.mkv,632de9ed55947761d56d4c6142a3cb1a1fe69d0b1a6d0e01a2e404c697962623,dfine_sahi,121900.0,unknown_object,0.4394,39.11,425.14,119.91,473.84,3934.9,80.8,48.7,1.659,False,,True,S-61,28,evt_S-61_desk_work_surface_0005,c1251c880eb77e62,pose_hand_context,,51252.1,2.67,,1,cam12/e1/v1,rtmpose_baseline
full,03.CCTV Mobile Usage.mkv,632de9ed55947761d56d4c6142a3cb1a1fe69d0b1a6d0e01a2e404c697962623,dfine_sahi,121900.0,secondary_paper_chit,0.4302,118.57,476.85,180.5,522.11,2803.1,61.93,45.26,1.368,False,,True,S-61,28,evt_S-61_desk_work_surface_0005,c1251c880eb77e62,pose_hand_context,,51252.1,2.67,,1,cam12/e1/v1,rtmpose_baseline
full,03.CCTV Mobile Usage.mkv,632de9ed55947761d56d4c6142a3cb1a1fe69d0b1a6d0e01a2e404c697962623,dfine_sahi,121900.0,monitor_or_bezel,0.3787,-0.24,342.33,89.4,505.22,14601.1,89.64,162.89,0.55,False,,True,S-61,28,evt_S-61_desk_work_surface_0005,c1251c880eb77e62,pose_hand_context,,51252.1,2.67,,1,cam12/e1/v1,rtmpose_baseline
full,03.CCTV Mobile Usage.mkv,632de9ed55947761d56d4c6142a3cb1a1fe69d0b1a6d0e01a2e404c697962623,dfine_sahi,121900.0,secondary_paper_chit,0.3783,86.38,450.62,144.0,500.23,2858.4,57.62,49.61,1.162,False,,True,S-61,28,evt_S-61_desk_work_surface_0005,c1251c880eb77e62,pose_hand_context,,51252.1,2.67,,1,cam12/e1/v1,rtmpose_baseline
full,03.CCTV Mobile Usage.mkv,632de9ed55947761d56d4c6142a3cb1a1fe69d0b1a6d0e01a2e404c697962623,dfine_sahi,121900.0,stationery,0.3778,118.33,478.26,178.18,519.98,2497.0,59.85,41.72,1.435,False,,True,S-61,28,evt_S-61_desk_work_surface_0005,c1251c880eb77e62,pose_hand_context,,51252.1,2.67,,1,cam12/e1/v1,rtmpose_baseline
full,03.CCTV Mobile Usage.mkv,632de9ed55947761d56d4c6142a3cb1a1fe69d0b1a6d0e01a2e404c697962623,dfine_sahi,121900.0,unknown_object,0.369,44.45,508.04,88.98,555.6,2118.1,44.53,47.57,0.936,False,,True,S-61,28,evt_S-61_desk_work_surface_0005,c1251c880eb77e62,pose_hand_context,,51252.1,2.67,,1,cam12/e1/v1,rtmpose_baseline
full,03.CCTV Mobile Usage.mkv,632de9ed55947761d56d4c6142a3cb1a1fe69d0b1a6d0e01a2e404c697962623,dfine_sahi,121900.0,secondary_paper_chit,0.3604,111.31,436.82,173.38,486.5,3083.6,62.07,49.68,1.25,False,,True,S-61,28,evt_S-61_desk_work_surface_0005,c1251c880eb77e62,pose_hand_context,,51252.1,2.67,,1,cam12/e1/v1,rtmpose_baseline
full,03.CCTV Mobile Usage.mkv,632de9ed55947761d56d4c6142a3cb1a1fe69d0b1a6d0e01a2e404c697962623,dfine_sahi,121900.0,unknown_object,0.3555,-0.29,319.7,203.86,557.77,48602.8,204.16,238.07,0.858,False,,True,S-61,28,evt_S-61_desk_work_surface_0005,c1251c880eb77e62,pose_hand_context,,51252.1,2.67,,1,cam12/e1/v1,rtmpose_baseline
full,03.CCTV Mobile Usage.mkv,632de9ed55947761d56d4c6142a3cb1a1fe69d0b1a6d0e01a2e404c697962623,dfine_sahi,121900.0,phone,0.3318,42.76,450.13,69.4,472.52,596.2,26.64,22.39,1.19,False,,True,S-61,28,evt_S-61_desk_work_surface_0005,c1251c880eb77e62,pose_hand_context,,51252.1,2.67,,1,cam12/e1/v1,rtmpose_baseline
full,03.CCTV Mobile Usage.mkv,632de9ed55947761d56d4c6142a3cb1a1fe69d0b1a6d0e01a2e404c697962623,dfine_sahi,121900.0,unknown_object,0.3276,59.82,463.66,119.63,506.92,2586.8,59.8,43.25,1.383,False,,True,S-61,28,evt_S-61_desk_work_surface_0005,c1251c880eb77e62,pose_hand_context,,51252.1,2.67,,1,cam12/e1/v1,rtmpose_baseline
full,03.CCTV Mobile Usage.mkv,632de9ed55947761d56d4c6142a3cb1a1fe69d0b1a6d0e01a2e404c697962623,dfine_sahi,121900.0,stationery,0.3088,44.87,507.45,93.15,554.27,2260.3,48.28,46.82,1.031,False,,True,S-61,28,evt_S-61_desk_work_surface_0005,c1251c880eb77e62,pose_hand_context,,51252.1,2.67,,1,cam12/e1/v1,rtmpose_baseline
full,03.CCTV Mobile Usage.mkv,632de9ed55947761d56d4c6142a3cb1a1fe69d0b1a6d0e01a2e404c697962623,dfine_sahi,121900.0,unknown_object,0.3036,142.18,494.45,177.34,522.11,972.3,35.15,27.66,1.271,False,,True,S-61,28,evt_S-61_desk_work_surface_0005,c1251c880eb77e62,pose_hand_context,,51252.1,2.67,,1,cam12/e1/v1,rtmpose_baseline
full,03.CCTV Mobile Usage.mkv,632de9ed55947761d56d4c6142a3cb1a1fe69d0b1a6d0e01a2e404c697962623,dfine_sahi,121900.0,unknown_object,0.2744,-0.05,425.45,120.25,557.75,15916.0,120.3,132.3,0.909,False,,True,S-61,28,evt_S-61_desk_work_surface_0005,c1251c880eb77e62,pose_hand_context,,51252.1,2.67,,1,cam12/e1/v1,rtmpose_baseline
full,03.CCTV Mobile Usage.mkv,632de9ed55947761d56d4c6142a3cb1a1fe69d0b1a6d0e01a2e404c697962623,dfine_sahi,121900.0,mouse,0.2656,40.1,432.64,70.13,471.93,1179.9,30.03,39.29,0.764,False,,True,S-61,28,evt_S-61_desk_work_surface_0005,c1251c880eb77e62,pose_hand_context,,51252.1,2.67,,1,cam12/e1/v1,rtmpose_baseline
full,03.CCTV Mobile Usage.mkv,632de9ed55947761d56d4c6142a3cb1a1fe69d0b1a6d0e01a2e404c697962623,dfine_sahi,121900.0,bag,0.26,77.96,382.61,158.63,429.33,3769.2,80.67,46.72,1.727,False,,True,S-61,28,evt_S-61_desk_work_surface_0005,c1251c880eb77e62,pose_hand_context,,51252.1,2.67,,1,cam12/e1/v1,rtmpose_baseline
full,03.CCTV Mobile Usage.mkv,632de9ed55947761d56d4c6142a3cb1a1fe69d0b1a6d0e01a2e404c697962623,dfine_sahi,121900.0,secondary_paper_chit,0.2558,60.37,461.62,118.5,504.21,2475.6,58.12,42.59,1.365,False,,True,S-61,28,evt_S-61_desk_work_surface_0005,c1251c880eb77e62,pose_hand_context,,51252.1,2.67,,1,cam12/e1/v1,rtmpose_baseline
full,03.CCTV Mobile Usage.mkv,632de9ed55947761d56d4c6142a3cb1a1fe69d0b1a6d0e01a2e404c697962623,dfine_sahi,123300.0,unknown_object,0.6284,93.01,364.15,212.94,455.66,10975.1,119.94,91.51,1.311,False,,True,S-61,33,evt_S-61_desk_work_surface_0006,f267303709494a37,pose_hand_context,,50814.9,2.69,,1,cam12/e1/v1,rtmpose_baseline
full,03.CCTV Mobile Usage.mkv,632de9ed55947761d56d4c6142a3cb1a1fe69d0b1a6d0e01a2e404c697962623,dfine_sahi,123300.0,unknown_object,0.5859,-0.09,323.17,119.95,455.49,15882.4,120.03,132.32,0.907,False,,True,S-61,33,evt_S-61_desk_work_surface_0006,f267303709494a37,pose_hand_context,,50814.9,2.69,,1,cam12/e1/v1,rtmpose_baseline
full,03.CCTV Mobile Usage.mkv,632de9ed55947761d56d4c6142a3cb1a1fe69d0b1a6d0e01a2e404c697962623,dfine_sahi,123300.0,unknown_object,0.4668,92.97,436.33,173.88,503.73,5454.0,80.91,67.4,1.2,False,,True,S-61,33,evt_S-61_desk_work_surface_0006,f267303709494a37,pose_hand_context,,50814.9,2.69,,1,cam12/e1/v1,rtmpose_baseline
full,03.CCTV Mobile Usage.mkv,632de9ed55947761d56d4c6142a3cb1a1fe69d0b1a6d0e01a2e404c697962623,dfine_sahi,123300.0,secondary_paper_chit,0.4283,60.32,436.43,173.88,505.27,7817.8,113.56,68.84,1.65,False,,True,S-61,33,evt_S-61_desk_work_surface_0006,f267303709494a37,pose_hand_context,,50814.9,2.69,,1,cam12/e1/v1,rtmpose_baseline
full,03.CCTV Mobile Usage.mkv,632de9ed55947761d56d4c6142a3cb1a1fe69d0b1a6d0e01a2e404c697962623,dfine_sahi,123300.0,phone,0.4179,174.44,433.21,201.27,467.19,911.8,26.83,33.98,0.79,False,,True,S-61,33,evt_S-61_desk_work_surface_0006,f267303709494a37,pose_hand_context,,50814.9,2.69,,1,cam12/e1/v1,rtmpose_baseline
full,03.CCTV Mobile Usage.mkv,632de9ed55947761d56d4c6142a3cb1a1fe69d0b1a6d0e01a2e404c697962623,dfine_sahi,123300.0,monitor_or_bezel,0.4103,-0.22,493.94,188.97,560.71,12632.2,189.19,66.77,2.833,False,,True,S-61,33,evt_S-61_desk_work_surface_0006,f267303709494a37,pose_hand_context,,50814.9,2.69,,1,cam12/e1/v1,rtmpose_baseline
full,03.CCTV Mobile Usage.mkv,632de9ed55947761d56d4c6142a3cb1a1fe69d0b1a6d0e01a2e404c697962623,dfine_sahi,123300.0,phone,0.3721,43.13,450.35,69.13,472.17,567.3,26.0,21.82,1.192,False,,True,S-61,33,evt_S-61_desk_work_surface_0006,f267303709494a37,pose_hand_context,,50814.9,2.69,,1,cam12/e1/v1,rtmpose_baseline
full,03.CCTV Mobile Usage.mkv,632de9ed55947761d56d4c6142a3cb1a1fe69d0b1a6d0e01a2e404c697962623,dfine_sahi,123300.0,unknown_object,0.3489,46.48,509.52,85.16,555.09,1762.8,38.68,45.57,0.849,False,,True,S-61,33,evt_S-61_desk_work_surface_0006,f267303709494a37,pose_hand_context,,50814.9,2.69,,1,cam12/e1/v1,rtmpose_baseline
full,03.CCTV Mobile Usage.mkv,632de9ed55947761d56d4c6142a3cb1a1fe69d0b1a6d0e01a2e404c697962623,dfine_sahi,123300.0,unknown_object,0.3261,-0.37,323.29,211.39,559.98,50120.0,211.76,236.68,0.895,False,,True,S-61,33,evt_S-61_desk_work_surface_0006,f267303709494a37,pose_hand_context,,50814.9,2.69,,1,cam12/e1/v1,rtmpose_baseline
full,03.CCTV Mobile Usage.mkv,632de9ed55947761d56d4c6142a3cb1a1fe69d0b1a6d0e01a2e404c697962623,dfine_sahi,123300.0,unknown_object,0.3206,22.02,323.06,109.88,380.05,5006.9,87.86,56.99,1.542,False,,True,S-61,33,evt_S-61_desk_work_surface_0006,f267303709494a37,pose_hand_context,,50814.9,2.69,,1,cam12/e1/v1,rtmpose_baseline
full,03.CCTV Mobile Usage.mkv,632de9ed55947761d56d4c6142a3cb1a1fe69d0b1a6d0e01a2e404c697962623,dfine_sahi,123300.0,unknown_object,0.3023,143.0,493.88,177.48,521.92,966.8,34.48,28.04,1.23,False,,True,S-61,33,evt_S-61_desk_work_surface_0006,f267303709494a37,pose_hand_context,,50814.9,2.69,,1,cam12/e1/v1,rtmpose_baseline
full,03.CCTV Mobile Usage.mkv,632de9ed55947761d56d4c6142a3cb1a1fe69d0b1a6d0e01a2e404c697962623,dfine_sahi,123300.0,monitor_or_bezel,0.2993,-0.14,343.62,86.6,454.8,9643.3,86.74,111.18,0.78,False,,True,S-61,33,evt_S-61_desk_work_surface_0006,f267303709494a37,pose_hand_context,,50814.9,2.69,,1,cam12/e1/v1,rtmpose_baseline
full,03.CCTV Mobile Usage.mkv,632de9ed55947761d56d4c6142a3cb1a1fe69d0b1a6d0e01a2e404c697962623,dfine_sahi,123300.0,bag,0.2925,73.53,369.92,158.1,430.66,5136.8,84.57,60.74,1.392,False,,True,S-61,33,evt_S-61_desk_work_surface_0006,f267303709494a37,pose_hand_context,,50814.9,2.69,,1,cam12/e1/v1,rtmpose_baseline
full,03.CCTV Mobile Usage.mkv,632de9ed55947761d56d4c6142a3cb1a1fe69d0b1a6d0e01a2e404c697962623,dfine_sahi,123300.0,secondary_paper_chit,0.287,85.7,450.31,144.21,501.3,2983.5,58.52,50.99,1.148,False,,True,S-61,33,evt_S-61_desk_work_surface_0006,f267303709494a37,pose_hand_context,,50814.9,2.69,,1,cam12/e1/v1,rtmpose_baseline
full,03.CCTV Mobile Usage.mkv,632de9ed55947761d56d4c6142a3cb1a1fe69d0b1a6d0e01a2e404c697962623,dfine_sahi,123300.0,unknown_object,0.2672,-0.21,427.34,120.26,560.21,16007.3,120.47,132.87,0.907,False,,True,S-61,33,evt_S-61_desk_work_surface_0006,f267303709494a37,pose_hand_context,,50814.9,2.69,,1,cam12/e1/v1,rtmpose_baseline
full,03.CCTV Mobile Usage.mkv,632de9ed55947761d56d4c6142a3cb1a1fe69d0b1a6d0e01a2e404c697962623,dfine_sahi,123300.0,secondary_paper_chit,0.2597,111.02,436.67,173.52,485.21,3034.3,62.5,48.55,1.287,False,,True,S-61,33,evt_S-61_desk_work_surface_0006,f267303709494a37,pose_hand_context,,50814.9,2.69,,1,cam12/e1/v1,rtmpose_baseline
full,03.CCTV Mobile Usage.mkv,632de9ed55947761d56d4c6142a3cb1a1fe69d0b1a6d0e01a2e404c697962623,dfine_sahi,123800.0,unknown_object,0.771,205.01,375.18,341.89,510.87,18572.1,136.88,135.69,1.009,False,,True,S-61,33,evt_S-61_desk_work_surface_0006,bedf167e00ab7119,pose_hand_context,,58942.1,2.64,,1,cam12/e1/v1,rtmpose_baseline
full,03.CCTV Mobile Usage.mkv,632de9ed55947761d56d4c6142a3cb1a1fe69d0b1a6d0e01a2e404c697962623,dfine_sahi,123800.0,secondary_paper_chit,0.5492,98.96,436.4,175.94,503.26,5147.1,76.98,66.87,1.151,False,,True,S-61,33,evt_S-61_desk_work_surface_0006,bedf167e00ab7119,pose_hand_context,,58942.1,2.64,,1,cam12/e1/v1,rtmpose_baseline
full,03.CCTV Mobile Usage.mkv,632de9ed55947761d56d4c6142a3cb1a1fe69d0b1a6d0e01a2e404c697962623,dfine_sahi,123800.0,unknown_object,0.5217,98.87,436.73,175.57,505.28,5258.1,76.71,68.55,1.119,False,,True,S-61,33,evt_S-61_desk_work_surface_0006,bedf167e00ab7119,pose_hand_context,,58942.1,2.64,,1,cam12/e1/v1,rtmpose_baseline
full,03.CCTV Mobile Usage.mkv,632de9ed55947761d56d4c6142a3cb1a1fe69d0b1a6d0e01a2e404c697962623,dfine_sahi,123800.0,phone,0.4377,174.97,439.7,195.02,466.03,528.1,20.05,26.33,0.762,False,,True,S-61,33,evt_S-61_desk_work_surface_0006,bedf167e00ab7119,pose_hand_context,,58942.1,2.64,,1,cam12/e1/v1,rtmpose_baseline
full,03.CCTV Mobile Usage.mkv,632de9ed55947761d56d4c6142a3cb1a1fe69d0b1a6d0e01a2e404c697962623,dfine_sahi,123800.0,unknown_object,0.4354,99.02,497.32,231.66,616.72,15836.9,132.64,119.4,1.111,False,,True,S-61,33,evt_S-61_desk_work_surface_0006,bedf167e00ab7119,pose_hand_context,,58942.1,2.64,,1,cam12/e1/v1,rtmpose_baseline
full,03.CCTV Mobile Usage.mkv,632de9ed55947761d56d4c6142a3cb1a1fe69d0b1a6d0e01a2e404c697962623,dfine_sahi,123800.0,unknown_object,0.4128,98.75,451.65,142.39,504.45,2304.2,43.64,52.8,0.827,False,,True,S-61,33,evt_S-61_desk_work_surface_0006,bedf167e00ab7119,pose_hand_context,,58942.1,2.64,,1,cam12/e1/v1,rtmpose_baseline
full,03.CCTV Mobile Usage.mkv,632de9ed55947761d56d4c6142a3cb1a1fe69d0b1a6d0e01a2e404c697962623,dfine_sahi,123800.0,phone,0.3257,180.14,450.84,193.56,465.09,191.3,13.42,14.25,0.942,False,,True,S-61,33,evt_S-61_desk_work_surface_0006,bedf167e00ab7119,pose_hand_context,,58942.1,2.64,,1,cam12/e1/v1,rtmpose_baseline
full,03.CCTV Mobile Usage.mkv,632de9ed55947761d56d4c6142a3cb1a1fe69d0b1a6d0e01a2e404c697962623,dfine_sahi,123800.0,secondary_paper_chit,0.3082,116.42,477.37,179.29,522.14,2814.8,62.87,44.77,1.404,False,,True,S-61,33,evt_S-61_desk_work_surface_0006,bedf167e00ab7119,pose_hand_context,,58942.1,2.64,,1,cam12/e1/v1,rtmpose_baseline
full,03.CCTV Mobile Usage.mkv,632de9ed55947761d56d4c6142a3cb1a1fe69d0b1a6d0e01a2e404c697962623,dfine_sahi,123800.0,unknown_object,0.3071,99.08,375.2,235.03,494.69,16245.8,135.96,119.49,1.138,False,,True,S-61,33,evt_S-61_desk_work_surface_0006,bedf167e00ab7119,pose_hand_context,,58942.1,2.64,,1,cam12/e1/v1,rtmpose_baseline
full,03.CCTV Mobile Usage.mkv,632de9ed55947761d56d4c6142a3cb1a1fe69d0b1a6d0e01a2e404c697962623,dfine_sahi,123800.0,bag,0.2981,261.93,542.04,342.02,617.81,6068.4,80.09,75.77,1.057,False,,True,S-61,33,evt_S-61_desk_work_surface_0006,bedf167e00ab7119,pose_hand_context,,58942.1,2.64,,1,cam12/e1/v1,rtmpose_baseline
full,03.CCTV Mobile Usage.mkv,632de9ed55947761d56d4c6142a3cb1a1fe69d0b1a6d0e01a2e404c697962623,dfine_sahi,123800.0,unknown_object,0.2888,205.09,482.41,341.9,616.83,18391.5,136.81,134.43,1.018,False,,True,S-61,33,evt_S-61_desk_work_surface_0006,bedf167e00ab7119,pose_hand_context,,58942.1,2.64,,1,cam12/e1/v1,rtmpose_baseline
full,03.CCTV Mobile Usage.mkv,632de9ed55947761d56d4c6142a3cb1a1fe69d0b1a6d0e01a2e404c697962623,dfine_sahi,123800.0,unknown_object,0.2823,145.92,493.05,177.07,511.85,585.3,31.14,18.8,1.657,False,,True,S-61,33,evt_S-61_desk_work_surface_0006,bedf167e00ab7119,pose_hand_context,,58942.1,2.64,,1,cam12/e1/v1,rtmpose_baseline
full,03.CCTV Mobile Usage.mkv,632de9ed55947761d56d4c6142a3cb1a1fe69d0b1a6d0e01a2e404c697962623,dfine_sahi,123800.0,unknown_object,0.2696,263.6,560.47,341.9,616.96,4423.3,78.29,56.5,1.386,False,,True,S-61,33,evt_S-61_desk_work_surface_0006,bedf167e00ab7119,pose_hand_context,,58942.1,2.64,,1,cam12/e1/v1,rtmpose_baseline
full,03.CCTV Mobile Usage.mkv,632de9ed55947761d56d4c6142a3cb1a1fe69d0b1a6d0e01a2e404c697962623,dfine_sahi,123867.0,unknown_object,0.7309,98.03,483.16,234.78,619.32,18620.1,136.75,136.16,1.004,False,,True,S-61,33,evt_S-61_upper_body_0021,c59b0187c26444f7,pose_hand_context,,59487.2,2.62,,1,cam12/e1/v1,rtmpose_baseline
full,03.CCTV Mobile Usage.mkv,632de9ed55947761d56d4c6142a3cb1a1fe69d0b1a6d0e01a2e404c697962623,dfine_sahi,123867.0,unknown_object,0.5689,97.98,436.84,175.66,504.63,5265.1,77.67,67.78,1.146,False,,True,S-61,33,evt_S-61_upper_body_0021,c59b0187c26444f7,pose_hand_context,,59487.2,2.62,,1,cam12/e1/v1,rtmpose_baseline
full,03.CCTV Mobile Usage.mkv,632de9ed55947761d56d4c6142a3cb1a1fe69d0b1a6d0e01a2e404c697962623,dfine_sahi,123867.0,secondary_paper_chit,0.5106,97.97,436.28,176.18,503.36,5246.4,78.21,67.08,1.166,False,,True,S-61,33,evt_S-61_upper_body_0021,c59b0187c26444f7,pose_hand_context,,59487.2,2.62,,1,cam12/e1/v1,rtmpose_baseline
full,03.CCTV Mobile Usage.mkv,632de9ed55947761d56d4c6142a3cb1a1fe69d0b1a6d0e01a2e404c697962623,dfine_sahi,123867.0,phone,0.4872,175.03,433.61,200.63,466.96,853.9,25.6,33.35,0.768,False,,True,S-61,33,evt_S-61_upper_body_0021,c59b0187c26444f7,pose_hand_context,,59487.2,2.62,,1,cam12/e1/v1,rtmpose_baseline
full,03.CCTV Mobile Usage.mkv,632de9ed55947761d56d4c6142a3cb1a1fe69d0b1a6d0e01a2e404c697962623,dfine_sahi,123867.0,unknown_object,0.4334,98.01,451.53,143.04,504.14,2369.2,45.03,52.61,0.856,False,,True,S-61,33,evt_S-61_upper_body_0021,c59b0187c26444f7,pose_hand_context,,59487.2,2.62,,1,cam12/e1/v1,rtmpose_baseline
full,03.CCTV Mobile Usage.mkv,632de9ed55947761d56d4c6142a3cb1a1fe69d0b1a6d0e01a2e404c697962623,dfine_sahi,123867.0,unknown_object,0.3544,205.02,376.36,341.87,512.2,18589.4,136.85,135.84,1.007,False,,True,S-61,33,evt_S-61_upper_body_0021,c59b0187c26444f7,pose_hand_context,,59487.2,2.62,,1,cam12/e1/v1,rtmpose_baseline
full,03.CCTV Mobile Usage.mkv,632de9ed55947761d56d4c6142a3cb1a1fe69d0b1a6d0e01a2e404c697962623,dfine_sahi,123867.0,secondary_paper_chit,0.3487,115.67,477.46,179.49,521.92,2837.5,63.82,44.46,1.435,False,,True,S-61,33,evt_S-61_upper_body_0021,c59b0187c26444f7,pose_hand_context,,59487.2,2.62,,1,cam12/e1/v1,rtmpose_baseline
full,03.CCTV Mobile Usage.mkv,632de9ed55947761d56d4c6142a3cb1a1fe69d0b1a6d0e01a2e404c697962623,dfine_sahi,123867.0,bag,0.3163,262.27,542.4,342.02,619.7,6164.2,79.75,77.3,1.032,False,,True,S-61,33,evt_S-61_upper_body_0021,c59b0187c26444f7,pose_hand_context,,59487.2,2.62,,1,cam12/e1/v1,rtmpose_baseline
full,03.CCTV Mobile Usage.mkv,632de9ed55947761d56d4c6142a3cb1a1fe69d0b1a6d0e01a2e404c697962623,dfine_sahi,123867.0,unknown_object,0.3054,263.04,560.75,341.86,619.54,4633.2,78.82,58.78,1.341,False,,True,S-61,33,evt_S-61_upper_body_0021,c59b0187c26444f7,pose_hand_context,,59487.2,2.62,,1,cam12/e1/v1,rtmpose_baseline
full,03.CCTV Mobile Usage.mkv,632de9ed55947761d56d4c6142a3cb1a1fe69d0b1a6d0e01a2e404c697962623,dfine_sahi,123867.0,unknown_object,0.2842,146.35,493.58,177.27,512.81,594.3,30.91,19.23,1.608,False,,True,S-61,33,evt_S-61_upper_body_0021,c59b0187c26444f7,pose_hand_context,,59487.2,2.62,,1,cam12/e1/v1,rtmpose_baseline
full,03.CCTV Mobile Usage.mkv,632de9ed55947761d56d4c6142a3cb1a1fe69d0b1a6d0e01a2e404c697962623,dfine_sahi,123867.0,unknown_object,0.2751,98.03,376.31,234.89,496.25,16416.6,136.87,119.95,1.141,False,,True,S-61,33,evt_S-61_upper_body_0021,c59b0187c26444f7,pose_hand_context,,59487.2,2.62,,1,cam12/e1/v1,rtmpose_baseline
full,03.CCTV Mobile Usage.mkv,632de9ed55947761d56d4c6142a3cb1a1fe69d0b1a6d0e01a2e404c697962623,dfine_sahi,123867.0,unknown_object,0.2728,205.14,483.25,341.89,619.4,18619.8,136.76,136.15,1.004,False,,True,S-61,33,evt_S-61_upper_body_0021,c59b0187c26444f7,pose_hand_context,,59487.2,2.62,,1,cam12/e1/v1,rtmpose_baseline
full,03.CCTV Mobile Usage.mkv,632de9ed55947761d56d4c6142a3cb1a1fe69d0b1a6d0e01a2e404c697962623,dfine_sahi,123867.0,phone,0.2692,180.13,450.21,192.96,464.92,188.8,12.84,14.71,0.873,False,,True,S-61,33,evt_S-61_upper_body_0021,c59b0187c26444f7,pose_hand_context,,59487.2,2.62,,1,cam12/e1/v1,rtmpose_baseline
full,03.CCTV Mobile Usage.mkv,632de9ed55947761d56d4c6142a3cb1a1fe69d0b1a6d0e01a2e404c697962623,dfine_sahi,123867.0,secondary_paper_chit,0.2599,135.21,492.59,177.47,521.76,1232.9,42.27,29.17,1.449,False,,True,S-61,33,evt_S-61_upper_body_0021,c59b0187c26444f7,pose_hand_context,,59487.2,2.62,,1,cam12/e1/v1,rtmpose_baseline
full,03.CCTV Mobile Usage.mkv,632de9ed55947761d56d4c6142a3cb1a1fe69d0b1a6d0e01a2e404c697962623,dfine_sahi,124300.0,keyboard,0.8996,962.03,451.92,1067.79,491.46,4181.5,105.76,39.54,2.675,False,,True,R-desk,34,evt_S-61_desk_work_surface_0006,3f231be20d60b9e1,lap_bag_context,no_pose_observation,34560.0,1.33,,1,cam12/e1/v1,
full,03.CCTV Mobile Usage.mkv,632de9ed55947761d56d4c6142a3cb1a1fe69d0b1a6d0e01a2e404c697962623,dfine_sahi,124300.0,monitor_or_bezel,0.7527,910.15,411.18,1141.49,506.4,22028.4,231.34,95.22,2.43,False,,True,R-desk,34,evt_S-61_desk_work_surface_0006,3f231be20d60b9e1,lap_bag_context,no_pose_observation,34560.0,1.33,,1,cam12/e1/v1,
full,03.CCTV Mobile Usage.mkv,632de9ed55947761d56d4c6142a3cb1a1fe69d0b1a6d0e01a2e404c697962623,dfine_sahi,124300.0,mouse,0.7082,864.9,413.41,891.42,435.06,574.0,26.51,21.65,1.224,False,,True,R-desk,34,evt_S-61_desk_work_surface_0006,3f231be20d60b9e1,lap_bag_context,no_pose_observation,34560.0,1.33,,1,cam12/e1/v1,
full,03.CCTV Mobile Usage.mkv,632de9ed55947761d56d4c6142a3cb1a1fe69d0b1a6d0e01a2e404c697962623,dfine_sahi,124300.0,phone,0.6995,1043.3,421.72,1111.96,474.01,3590.7,68.66,52.29,1.313,False,,True,R-desk,34,evt_S-61_desk_work_surface_0006,3f231be20d60b9e1,lap_bag_context,no_pose_observation,34560.0,1.33,,1,cam12/e1/v1,
full,03.CCTV Mobile Usage.mkv,632de9ed55947761d56d4c6142a3cb1a1fe69d0b1a6d0e01a2e404c697962623,dfine_sahi,124300.0,monitor_or_bezel,0.6864,709.09,379.88,969.75,474.85,24756.0,260.66,94.97,2.745,False,,True,R-desk,34,evt_S-61_desk_work_surface_0006,3f231be20d60b9e1,lap_bag_context,no_pose_observation,34560.0,1.33,,1,cam12/e1/v1,
full,03.CCTV Mobile Usage.mkv,632de9ed55947761d56d4c6142a3cb1a1fe69d0b1a6d0e01a2e404c697962623,dfine_sahi,124300.0,keyboard,0.682,772.49,380.17,870.52,420.32,3935.2,98.03,40.14,2.442,False,,True,R-desk,34,evt_S-61_desk_work_surface_0006,3f231be20d60b9e1,lap_bag_context,no_pose_observation,34560.0,1.33,,1,cam12/e1/v1,
full,03.CCTV Mobile Usage.mkv,632de9ed55947761d56d4c6142a3cb1a1fe69d0b1a6d0e01a2e404c697962623,dfine_sahi,124300.0,keyboard,0.6465,962.69,452.32,1034.82,475.61,1680.1,72.13,23.29,3.097,False,,True,R-desk,34,evt_S-61_desk_work_surface_0006,3f231be20d60b9e1,lap_bag_context,no_pose_observation,34560.0,1.33,,1,cam12/e1/v1,
full,03.CCTV Mobile Usage.mkv,632de9ed55947761d56d4c6142a3cb1a1fe69d0b1a6d0e01a2e404c697962623,dfine_sahi,124300.0,unknown_object,0.6402,700.03,411.23,872.19,506.19,16347.5,172.15,94.96,1.813,False,,True,R-desk,34,evt_S-61_desk_work_surface_0006,3f231be20d60b9e1,lap_bag_context,no_pose_observation,34560.0,1.33,,1,cam12/e1/v1,
full,03.CCTV Mobile Usage.mkv,632de9ed55947761d56d4c6142a3cb1a1fe69d0b1a6d0e01a2e404c697962623,dfine_sahi,124300.0,monitor_or_bezel,0.6184,1018.74,395.55,1145.55,447.85,6632.4,126.81,52.3,2.425,False,,True,R-desk,34,evt_S-61_desk_work_surface_0006,3f231be20d60b9e1,lap_bag_context,no_pose_observation,34560.0,1.33,,1,cam12/e1/v1,
full,03.CCTV Mobile Usage.mkv,632de9ed55947761d56d4c6142a3cb1a1fe69d0b1a6d0e01a2e404c697962623,dfine_sahi,124300.0,keyboard,0.5882,802.87,396.26,870.71,420.56,1648.1,67.84,24.29,2.793,False,,True,R-desk,34,evt_S-61_desk_work_surface_0006,3f231be20d60b9e1,lap_bag_context,no_pose_observation,34560.0,1.33,,1,cam12/e1/v1,
full,03.CCTV Mobile Usage.mkv,632de9ed55947761d56d4c6142a3cb1a1fe69d0b1a6d0e01a2e404c697962623,dfine_sahi,124300.0,monitor_or_bezel,0.5877,962.87,380.42,1152.84,474.91,17949.7,189.97,94.49,2.011,False,,True,R-desk,34,evt_S-61_desk_work_surface_0006,3f231be20d60b9e1,lap_bag_context,no_pose_observation,34560.0,1.33,,1,cam12/e1/v1,
full,03.CCTV Mobile Usage.mkv,632de9ed55947761d56d4c6142a3cb1a1fe69d0b1a6d0e01a2e404c697962623,dfine_sahi,124300.0,unknown_object,0.5162,699.99,380.49,761.59,475.1,5827.6,61.6,94.61,0.651,False,,True,R-desk,34,evt_S-61_desk_work_surface_0006,3f231be20d60b9e1,lap_bag_context,no_pose_observation,34560.0,1.33,,1,cam12/e1/v1,
full,03.CCTV Mobile Usage.mkv,632de9ed55947761d56d4c6142a3cb1a1fe69d0b1a6d0e01a2e404c697962623,dfine_sahi,124300.0,unknown_object,0.4832,700.08,380.26,843.28,475.54,13644.5,143.2,95.28,1.503,False,,True,R-desk,34,evt_S-61_desk_work_surface_0006,3f231be20d60b9e1,lap_bag_context,no_pose_observation,34560.0,1.33,,1,cam12/e1/v1,
full,03.CCTV Mobile Usage.mkv,632de9ed55947761d56d4c6142a3cb1a1fe69d0b1a6d0e01a2e404c697962623,dfine_sahi,124300.0,unknown_object,0.3512,764.7,411.04,969.9,505.96,19476.6,205.2,94.91,2.162,False,,True,R-desk,34,evt_S-61_desk_work_surface_0006,3f231be20d60b9e1,lap_bag_context,no_pose_observation,34560.0,1.33,,1,cam12/e1/v1,
full,03.CCTV Mobile Usage.mkv,632de9ed55947761d56d4c6142a3cb1a1fe69d0b1a6d0e01a2e404c697962623,dfine_sahi,124300.0,mouse,0.3275,966.93,398.39,991.84,410.57,303.5,24.91,12.18,2.045,False,,True,R-desk,34,evt_S-61_desk_work_surface_0006,3f231be20d60b9e1,lap_bag_context,no_pose_observation,34560.0,1.33,,1,cam12/e1/v1,
full,03.CCTV Mobile Usage.mkv,632de9ed55947761d56d4c6142a3cb1a1fe69d0b1a6d0e01a2e404c697962623,dfine_sahi,124300.0,keyboard,0.3072,910.11,411.32,1093.43,506.22,17397.5,183.32,94.9,1.932,False,,True,R-desk,34,evt_S-61_desk_work_surface_0006,3f231be20d60b9e1,lap_bag_context,no_pose_observation,34560.0,1.33,,1,cam12/e1/v1,
full,03.CCTV Mobile Usage.mkv,632de9ed55947761d56d4c6142a3cb1a1fe69d0b1a6d0e01a2e404c697962623,dfine_sahi,124300.0,mouse,0.2936,990.89,400.7,1028.49,413.6,484.7,37.6,12.89,2.916,False,,True,R-desk,34,evt_S-61_desk_work_surface_0006,3f231be20d60b9e1,lap_bag_context,no_pose_observation,34560.0,1.33,,1,cam12/e1/v1,
full,03.CCTV Mobile Usage.mkv,632de9ed55947761d56d4c6142a3cb1a1fe69d0b1a6d0e01a2e404c697962623,dfine_sahi,124300.0,keyboard,0.2885,965.19,395.25,1105.21,475.11,11181.8,140.02,79.86,1.753,False,,True,R-desk,34,evt_S-61_desk_work_surface_0006,3f231be20d60b9e1,lap_bag_context,no_pose_observation,34560.0,1.33,,1,cam12/e1/v1,
full,03.CCTV Mobile Usage.mkv,632de9ed55947761d56d4c6142a3cb1a1fe69d0b1a6d0e01a2e404c697962623,dfine_sahi,124300.0,monitor_or_bezel,0.2852,881.18,396.15,948.82,452.69,3824.7,67.64,56.54,1.196,False,,True,R-desk,34,evt_S-61_desk_work_surface_0006,3f231be20d60b9e1,lap_bag_context,no_pose_observation,34560.0,1.33,,1,cam12/e1/v1,
full,03.CCTV Mobile Usage.mkv,632de9ed55947761d56d4c6142a3cb1a1fe69d0b1a6d0e01a2e404c697962623,dfine_sahi,124300.0,unknown_object,0.2821,880.19,411.2,969.89,505.63,8469.9,89.7,94.43,0.95,False,,True,R-desk,34,evt_S-61_desk_work_surface_0006,3f231be20d60b9e1,lap_bag_context,no_pose_observation,34560.0,1.33,,1,cam12/e1/v1,
full,03.CCTV Mobile Usage.mkv,632de9ed55947761d56d4c6142a3cb1a1fe69d0b1a6d0e01a2e404c697962623,dfine_sahi,124300.0,keyboard,0.2642,881.91,380.23,965.8,452.95,6100.6,83.88,72.73,1.153,False,,True,R-desk,34,evt_S-61_desk_work_surface_0006,3f231be20d60b9e1,lap_bag_context,no_pose_observation,34560.0,1.33,,1,cam12/e1/v1,
full,03.CCTV Mobile Usage.mkv,632de9ed55947761d56d4c6142a3cb1a1fe69d0b1a6d0e01a2e404c697962623,dfine_sahi,124300.0,monitor_or_bezel,0.2604,733.93,395.32,1146.2,491.03,39458.6,412.27,95.71,4.307,False,,True,R-desk,34,evt_S-61_desk_work_surface_0006,3f231be20d60b9e1,lap_bag_context,no_pose_observation,34560.0,1.33,,1,cam12/e1/v1,
full,03.CCTV Mobile Usage.mkv,632de9ed55947761d56d4c6142a3cb1a1fe69d0b1a6d0e01a2e404c697962623,dfine_sahi,124300.0,unknown_object,0.5832,-0.06,320.16,121.09,455.42,16387.5,121.15,135.26,0.896,False,,True,S-61,33,evt_S-61_desk_work_surface_0006,c73f0c4608cab469,pose_hand_context,,52101.0,2.66,,1,cam12/e1/v1,rtmpose_baseline
full,03.CCTV Mobile Usage.mkv,632de9ed55947761d56d4c6142a3cb1a1fe69d0b1a6d0e01a2e404c697962623,dfine_sahi,124300.0,unknown_object,0.5301,93.82,365.96,216.0,455.35,10921.4,122.18,89.39,1.367,False,,True,S-61,33,evt_S-61_desk_work_surface_0006,c73f0c4608cab469,pose_hand_context,,52101.0,2.66,,1,cam12/e1/v1,rtmpose_baseline
full,03.CCTV Mobile Usage.mkv,632de9ed55947761d56d4c6142a3cb1a1fe69d0b1a6d0e01a2e404c697962623,dfine_sahi,124300.0,unknown_object,0.4711,93.84,436.74,177.05,504.54,5641.7,83.21,67.8,1.227,False,,True,S-61,33,evt_S-61_desk_work_surface_0006,c73f0c4608cab469,pose_hand_context,,52101.0,2.66,,1,cam12/e1/v1,rtmpose_baseline
full,03.CCTV Mobile Usage.mkv,632de9ed55947761d56d4c6142a3cb1a1fe69d0b1a6d0e01a2e404c697962623,dfine_sahi,124300.0,unknown_object,0.4228,93.75,425.37,216.06,560.58,16537.1,122.31,135.21,0.905,False,,True,S-61,33,evt_S-61_desk_work_surface_0006,c73f0c4608cab469,pose_hand_context,,52101.0,2.66,,1,cam12/e1/v1,rtmpose_baseline
full,03.CCTV Mobile Usage.mkv,632de9ed55947761d56d4c6142a3cb1a1fe69d0b1a6d0e01a2e404c697962623,dfine_sahi,124300.0,monitor_or_bezel,0.4106,-0.22,493.91,188.4,560.7,12597.2,188.62,66.79,2.824,False,,True,S-61,33,evt_S-61_desk_work_surface_0006,c73f0c4608cab469,pose_hand_context,,52101.0,2.66,,1,cam12/e1/v1,rtmpose_baseline
full,03.CCTV Mobile Usage.mkv,632de9ed55947761d56d4c6142a3cb1a1fe69d0b1a6d0e01a2e404c697962623,dfine_sahi,124300.0,unknown_object,0.4104,143.35,494.29,177.71,521.92,949.5,34.36,27.63,1.243,False,,True,S-61,33,evt_S-61_desk_work_surface_0006,c73f0c4608cab469,pose_hand_context,,52101.0,2.66,,1,cam12/e1/v1,rtmpose_baseline
full,03.CCTV Mobile Usage.mkv,632de9ed55947761d56d4c6142a3cb1a1fe69d0b1a6d0e01a2e404c697962623,dfine_sahi,124300.0,unknown_object,0.3676,46.26,509.39,85.48,554.4,1765.1,39.22,45.01,0.871,False,,True,S-61,33,evt_S-61_desk_work_surface_0006,c73f0c4608cab469,pose_hand_context,,52101.0,2.66,,1,cam12/e1/v1,rtmpose_baseline
full,03.CCTV Mobile Usage.mkv,632de9ed55947761d56d4c6142a3cb1a1fe69d0b1a6d0e01a2e404c697962623,dfine_sahi,124300.0,secondary_paper_chit,0.3491,61.59,436.42,178.64,506.35,8184.9,117.05,69.93,1.674,False,,True,S-61,33,evt_S-61_desk_work_surface_0006,c73f0c4608cab469,pose_hand_context,,52101.0,2.66,,1,cam12/e1/v1,rtmpose_baseline
full,03.CCTV Mobile Usage.mkv,632de9ed55947761d56d4c6142a3cb1a1fe69d0b1a6d0e01a2e404c697962623,dfine_sahi,124300.0,phone,0.3478,43.17,450.69,69.69,472.07,566.9,26.52,21.38,1.241,False,,True,S-61,33,evt_S-61_desk_work_surface_0006,c73f0c4608cab469,pose_hand_context,,52101.0,2.66,,1,cam12/e1/v1,rtmpose_baseline
full,03.CCTV Mobile Usage.mkv,632de9ed55947761d56d4c6142a3cb1a1fe69d0b1a6d0e01a2e404c697962623,dfine_sahi,124300.0,phone,0.3444,172.5,420.87,198.11,464.61,1120.2,25.61,43.74,0.586,False,,True,S-61,33,evt_S-61_desk_work_surface_0006,c73f0c4608cab469,pose_hand_context,,52101.0,2.66,,1,cam12/e1/v1,rtmpose_baseline
full,03.CCTV Mobile Usage.mkv,632de9ed55947761d56d4c6142a3cb1a1fe69d0b1a6d0e01a2e404c697962623,dfine_sahi,124300.0,unknown_object,0.2779,60.68,463.91,119.95,505.56,2468.6,59.27,41.65,1.423,False,,True,S-61,33,evt_S-61_desk_work_surface_0006,c73f0c4608cab469,pose_hand_context,,52101.0,2.66,,1,cam12/e1/v1,rtmpose_baseline
full,03.CCTV Mobile Usage.mkv,632de9ed55947761d56d4c6142a3cb1a1fe69d0b1a6d0e01a2e404c697962623,dfine_sahi,124300.0,secondary_paper_chit,0.2749,85.99,451.2,145.04,500.33,2901.4,59.05,49.13,1.202,False,,True,S-61,33,evt_S-61_desk_work_surface_0006,c73f0c4608cab469,pose_hand_context,,52101.0,2.66,,1,cam12/e1/v1,rtmpose_baseline
full,03.CCTV Mobile Usage.mkv,632de9ed55947761d56d4c6142a3cb1a1fe69d0b1a6d0e01a2e404c697962623,dfine_sahi,124300.0,unknown_object,0.2701,0.08,425.44,121.17,558.95,16166.6,121.09,133.51,0.907,False,,True,S-61,33,evt_S-61_desk_work_surface_0006,c73f0c4608cab469,pose_hand_context,,52101.0,2.66,,1,cam12/e1/v1,rtmpose_baseline
full,03.CCTV Mobile Usage.mkv,632de9ed55947761d56d4c6142a3cb1a1fe69d0b1a6d0e01a2e404c697962623,dfine_sahi,124300.0,secondary_paper_chit,0.2596,111.02,436.44,176.58,483.88,3109.8,65.56,47.44,1.382,False,,True,S-61,33,evt_S-61_desk_work_surface_0006,c73f0c4608cab469,pose_hand_context,,52101.0,2.66,,1,cam12/e1/v1,rtmpose_baseline
full,03.CCTV Mobile Usage.mkv,632de9ed55947761d56d4c6142a3cb1a1fe69d0b1a6d0e01a2e404c697962623,dfine_sahi,124367.0,keyboard,0.8996,962.03,451.92,1067.79,491.46,4181.5,105.76,39.54,2.675,False,,True,R-desk,34,evt_S-61_upper_body_0021,8de4d0fc4c60240c,lap_bag_context,no_pose_observation,34560.0,1.33,,1,cam12/e1/v1,
full,03.CCTV Mobile Usage.mkv,632de9ed55947761d56d4c6142a3cb1a1fe69d0b1a6d0e01a2e404c697962623,dfine_sahi,124367.0,monitor_or_bezel,0.7527,910.15,411.18,1141.49,506.4,22028.4,231.34,95.22,2.43,False,,True,R-desk,34,evt_S-61_upper_body_0021,8de4d0fc4c60240c,lap_bag_context,no_pose_observation,34560.0,1.33,,1,cam12/e1/v1,
full,03.CCTV Mobile Usage.mkv,632de9ed55947761d56d4c6142a3cb1a1fe69d0b1a6d0e01a2e404c697962623,dfine_sahi,124367.0,mouse,0.7082,864.9,413.41,891.42,435.06,574.0,26.51,21.65,1.224,False,,True,R-desk,34,evt_S-61_upper_body_0021,8de4d0fc4c60240c,lap_bag_context,no_pose_observation,34560.0,1.33,,1,cam12/e1/v1,
full,03.CCTV Mobile Usage.mkv,632de9ed55947761d56d4c6142a3cb1a1fe69d0b1a6d0e01a2e404c697962623,dfine_sahi,124367.0,phone,0.6995,1043.3,421.72,1111.96,474.01,3590.7,68.66,52.29,1.313,False,,True,R-desk,34,evt_S-61_upper_body_0021,8de4d0fc4c60240c,lap_bag_context,no_pose_observation,34560.0,1.33,,1,cam12/e1/v1,
full,03.CCTV Mobile Usage.mkv,632de9ed55947761d56d4c6142a3cb1a1fe69d0b1a6d0e01a2e404c697962623,dfine_sahi,124367.0,monitor_or_bezel,0.6864,709.09,379.88,969.75,474.85,24756.0,260.66,94.97,2.745,False,,True,R-desk,34,evt_S-61_upper_body_0021,8de4d0fc4c60240c,lap_bag_context,no_pose_observation,34560.0,1.33,,1,cam12/e1/v1,
full,03.CCTV Mobile Usage.mkv,632de9ed55947761d56d4c6142a3cb1a1fe69d0b1a6d0e01a2e404c697962623,dfine_sahi,124367.0,keyboard,0.682,772.49,380.17,870.52,420.32,3935.2,98.03,40.14,2.442,False,,True,R-desk,34,evt_S-61_upper_body_0021,8de4d0fc4c60240c,lap_bag_context,no_pose_observation,34560.0,1.33,,1,cam12/e1/v1,
full,03.CCTV Mobile Usage.mkv,632de9ed55947761d56d4c6142a3cb1a1fe69d0b1a6d0e01a2e404c697962623,dfine_sahi,124367.0,keyboard,0.6465,962.69,452.32,1034.82,475.61,1680.1,72.13,23.29,3.097,False,,True,R-desk,34,evt_S-61_upper_body_0021,8de4d0fc4c60240c,lap_bag_context,no_pose_observation,34560.0,1.33,,1,cam12/e1/v1,
full,03.CCTV Mobile Usage.mkv,632de9ed55947761d56d4c6142a3cb1a1fe69d0b1a6d0e01a2e404c697962623,dfine_sahi,124367.0,unknown_object,0.6402,700.03,411.23,872.19,506.19,16347.5,172.15,94.96,1.813,False,,True,R-desk,34,evt_S-61_upper_body_0021,8de4d0fc4c60240c,lap_bag_context,no_pose_observation,34560.0,1.33,,1,cam12/e1/v1,
full,03.CCTV Mobile Usage.mkv,632de9ed55947761d56d4c6142a3cb1a1fe69d0b1a6d0e01a2e404c697962623,dfine_sahi,124367.0,monitor_or_bezel,0.6184,1018.74,395.55,1145.55,447.85,6632.4,126.81,52.3,2.425,False,,True,R-desk,34,evt_S-61_upper_body_0021,8de4d0fc4c60240c,lap_bag_context,no_pose_observation,34560.0,1.33,,1,cam12/e1/v1,
full,03.CCTV Mobile Usage.mkv,632de9ed55947761d56d4c6142a3cb1a1fe69d0b1a6d0e01a2e404c697962623,dfine_sahi,124367.0,keyboard,0.5882,802.87,396.26,870.71,420.56,1648.1,67.84,24.29,2.793,False,,True,R-desk,34,evt_S-61_upper_body_0021,8de4d0fc4c60240c,lap_bag_context,no_pose_observation,34560.0,1.33,,1,cam12/e1/v1,
full,03.CCTV Mobile Usage.mkv,632de9ed55947761d56d4c6142a3cb1a1fe69d0b1a6d0e01a2e404c697962623,dfine_sahi,124367.0,monitor_or_bezel,0.5877,962.87,380.42,1152.84,474.91,17949.7,189.97,94.49,2.011,False,,True,R-desk,34,evt_S-61_upper_body_0021,8de4d0fc4c60240c,lap_bag_context,no_pose_observation,34560.0,1.33,,1,cam12/e1/v1,
full,03.CCTV Mobile Usage.mkv,632de9ed55947761d56d4c6142a3cb1a1fe69d0b1a6d0e01a2e404c697962623,dfine_sahi,124367.0,unknown_object,0.5162,699.99,380.49,761.59,475.1,5827.6,61.6,94.61,0.651,False,,True,R-desk,34,evt_S-61_upper_body_0021,8de4d0fc4c60240c,lap_bag_context,no_pose_observation,34560.0,1.33,,1,cam12/e1/v1,
full,03.CCTV Mobile Usage.mkv,632de9ed55947761d56d4c6142a3cb1a1fe69d0b1a6d0e01a2e404c697962623,dfine_sahi,124367.0,unknown_object,0.4832,700.08,380.26,843.28,475.54,13644.5,143.2,95.28,1.503,False,,True,R-desk,34,evt_S-61_upper_body_0021,8de4d0fc4c60240c,lap_bag_context,no_pose_observation,34560.0,1.33,,1,cam12/e1/v1,
full,03.CCTV Mobile Usage.mkv,632de9ed55947761d56d4c6142a3cb1a1fe69d0b1a6d0e01a2e404c697962623,dfine_sahi,124367.0,unknown_object,0.3512,764.7,411.04,969.9,505.96,19476.6,205.2,94.91,2.162,False,,True,R-desk,34,evt_S-61_upper_body_0021,8de4d0fc4c60240c,lap_bag_context,no_pose_observation,34560.0,1.33,,1,cam12/e1/v1,
full,03.CCTV Mobile Usage.mkv,632de9ed55947761d56d4c6142a3cb1a1fe69d0b1a6d0e01a2e404c697962623,dfine_sahi,124367.0,mouse,0.3275,966.93,398.39,991.84,410.57,303.5,24.91,12.18,2.045,False,,True,R-desk,34,evt_S-61_upper_body_0021,8de4d0fc4c60240c,lap_bag_context,no_pose_observation,34560.0,1.33,,1,cam12/e1/v1,
full,03.CCTV Mobile Usage.mkv,632de9ed55947761d56d4c6142a3cb1a1fe69d0b1a6d0e01a2e404c697962623,dfine_sahi,124367.0,keyboard,0.3072,910.11,411.32,1093.43,506.22,17397.5,183.32,94.9,1.932,False,,True,R-desk,34,evt_S-61_upper_body_0021,8de4d0fc4c60240c,lap_bag_context,no_pose_observation,34560.0,1.33,,1,cam12/e1/v1,
full,03.CCTV Mobile Usage.mkv,632de9ed55947761d56d4c6142a3cb1a1fe69d0b1a6d0e01a2e404c697962623,dfine_sahi,124367.0,mouse,0.2936,990.89,400.7,1028.49,413.6,484.7,37.6,12.89,2.916,False,,True,R-desk,34,evt_S-61_upper_body_0021,8de4d0fc4c60240c,lap_bag_context,no_pose_observation,34560.0,1.33,,1,cam12/e1/v1,
full,03.CCTV Mobile Usage.mkv,632de9ed55947761d56d4c6142a3cb1a1fe69d0b1a6d0e01a2e404c697962623,dfine_sahi,124367.0,keyboard,0.2885,965.19,395.25,1105.21,475.11,11181.8,140.02,79.86,1.753,False,,True,R-desk,34,evt_S-61_upper_body_0021,8de4d0fc4c60240c,lap_bag_context,no_pose_observation,34560.0,1.33,,1,cam12/e1/v1,
full,03.CCTV Mobile Usage.mkv,632de9ed55947761d56d4c6142a3cb1a1fe69d0b1a6d0e01a2e404c697962623,dfine_sahi,124367.0,monitor_or_bezel,0.2852,881.18,396.15,948.82,452.69,3824.7,67.64,56.54,1.196,False,,True,R-desk,34,evt_S-61_upper_body_0021,8de4d0fc4c60240c,lap_bag_context,no_pose_observation,34560.0,1.33,,1,cam12/e1/v1,
full,03.CCTV Mobile Usage.mkv,632de9ed55947761d56d4c6142a3cb1a1fe69d0b1a6d0e01a2e404c697962623,dfine_sahi,124367.0,unknown_object,0.2821,880.19,411.2,969.89,505.63,8469.9,89.7,94.43,0.95,False,,True,R-desk,34,evt_S-61_upper_body_0021,8de4d0fc4c60240c,lap_bag_context,no_pose_observation,34560.0,1.33,,1,cam12/e1/v1,
full,03.CCTV Mobile Usage.mkv,632de9ed55947761d56d4c6142a3cb1a1fe69d0b1a6d0e01a2e404c697962623,dfine_sahi,124367.0,keyboard,0.2642,881.91,380.23,965.8,452.95,6100.6,83.88,72.73,1.153,False,,True,R-desk,34,evt_S-61_upper_body_0021,8de4d0fc4c60240c,lap_bag_context,no_pose_observation,34560.0,1.33,,1,cam12/e1/v1,
full,03.CCTV Mobile Usage.mkv,632de9ed55947761d56d4c6142a3cb1a1fe69d0b1a6d0e01a2e404c697962623,dfine_sahi,124367.0,monitor_or_bezel,0.2604,733.93,395.32,1146.2,491.03,39458.6,412.27,95.71,4.307,False,,True,R-desk,34,evt_S-61_upper_body_0021,8de4d0fc4c60240c,lap_bag_context,no_pose_observation,34560.0,1.33,,1,cam12/e1/v1,
full,03.CCTV Mobile Usage.mkv,632de9ed55947761d56d4c6142a3cb1a1fe69d0b1a6d0e01a2e404c697962623,dfine_sahi,124367.0,unknown_object,0.5832,-0.06,320.16,121.09,455.42,16387.5,121.15,135.26,0.896,False,,True,S-61,33,evt_S-61_upper_body_0021,f26518ca9a85cdae,pose_hand_context,,52101.0,2.66,,1,cam12/e1/v1,rtmpose_baseline
full,03.CCTV Mobile Usage.mkv,632de9ed55947761d56d4c6142a3cb1a1fe69d0b1a6d0e01a2e404c697962623,dfine_sahi,124367.0,unknown_object,0.5301,93.82,365.96,216.0,455.35,10921.4,122.18,89.39,1.367,False,,True,S-61,33,evt_S-61_upper_body_0021,f26518ca9a85cdae,pose_hand_context,,52101.0,2.66,,1,cam12/e1/v1,rtmpose_baseline
full,03.CCTV Mobile Usage.mkv,632de9ed55947761d56d4c6142a3cb1a1fe69d0b1a6d0e01a2e404c697962623,dfine_sahi,124367.0,unknown_object,0.4711,93.84,436.74,177.05,504.54,5641.7,83.21,67.8,1.227,False,,True,S-61,33,evt_S-61_upper_body_0021,f26518ca9a85cdae,pose_hand_context,,52101.0,2.66,,1,cam12/e1/v1,rtmpose_baseline
full,03.CCTV Mobile Usage.mkv,632de9ed55947761d56d4c6142a3cb1a1fe69d0b1a6d0e01a2e404c697962623,dfine_sahi,124367.0,unknown_object,0.4228,93.75,425.37,216.06,560.58,16537.1,122.31,135.21,0.905,False,,True,S-61,33,evt_S-61_upper_body_0021,f26518ca9a85cdae,pose_hand_context,,52101.0,2.66,,1,cam12/e1/v1,rtmpose_baseline
full,03.CCTV Mobile Usage.mkv,632de9ed55947761d56d4c6142a3cb1a1fe69d0b1a6d0e01a2e404c697962623,dfine_sahi,124367.0,monitor_or_bezel,0.4106,-0.22,493.91,188.4,560.7,12597.2,188.62,66.79,2.824,False,,True,S-61,33,evt_S-61_upper_body_0021,f26518ca9a85cdae,pose_hand_context,,52101.0,2.66,,1,cam12/e1/v1,rtmpose_baseline
full,03.CCTV Mobile Usage.mkv,632de9ed55947761d56d4c6142a3cb1a1fe69d0b1a6d0e01a2e404c697962623,dfine_sahi,124367.0,unknown_object,0.4104,143.35,494.29,177.71,521.92,949.5,34.36,27.63,1.243,False,,True,S-61,33,evt_S-61_upper_body_0021,f26518ca9a85cdae,pose_hand_context,,52101.0,2.66,,1,cam12/e1/v1,rtmpose_baseline
full,03.CCTV Mobile Usage.mkv,632de9ed55947761d56d4c6142a3cb1a1fe69d0b1a6d0e01a2e404c697962623,dfine_sahi,124367.0,unknown_object,0.3676,46.26,509.39,85.48,554.4,1765.1,39.22,45.01,0.871,False,,True,S-61,33,evt_S-61_upper_body_0021,f26518ca9a85cdae,pose_hand_context,,52101.0,2.66,,1,cam12/e1/v1,rtmpose_baseline
full,03.CCTV Mobile Usage.mkv,632de9ed55947761d56d4c6142a3cb1a1fe69d0b1a6d0e01a2e404c697962623,dfine_sahi,124367.0,secondary_paper_chit,0.3491,61.59,436.42,178.64,506.35,8184.9,117.05,69.93,1.674,False,,True,S-61,33,evt_S-61_upper_body_0021,f26518ca9a85cdae,pose_hand_context,,52101.0,2.66,,1,cam12/e1/v1,rtmpose_baseline
full,03.CCTV Mobile Usage.mkv,632de9ed55947761d56d4c6142a3cb1a1fe69d0b1a6d0e01a2e404c697962623,dfine_sahi,124367.0,phone,0.3478,43.17,450.69,69.69,472.07,566.9,26.52,21.38,1.241,False,,True,S-61,33,evt_S-61_upper_body_0021,f26518ca9a85cdae,pose_hand_context,,52101.0,2.66,,1,cam12/e1/v1,rtmpose_baseline
full,03.CCTV Mobile Usage.mkv,632de9ed55947761d56d4c6142a3cb1a1fe69d0b1a6d0e01a2e404c697962623,dfine_sahi,124367.0,phone,0.3444,172.5,420.87,198.11,464.61,1120.2,25.61,43.74,0.586,False,,True,S-61,33,evt_S-61_upper_body_0021,f26518ca9a85cdae,pose_hand_context,,52101.0,2.66,,1,cam12/e1/v1,rtmpose_baseline
full,03.CCTV Mobile Usage.mkv,632de9ed55947761d56d4c6142a3cb1a1fe69d0b1a6d0e01a2e404c697962623,dfine_sahi,124367.0,unknown_object,0.2779,60.68,463.91,119.95,505.56,2468.6,59.27,41.65,1.423,False,,True,S-61,33,evt_S-61_upper_body_0021,f26518ca9a85cdae,pose_hand_context,,52101.0,2.66,,1,cam12/e1/v1,rtmpose_baseline
full,03.CCTV Mobile Usage.mkv,632de9ed55947761d56d4c6142a3cb1a1fe69d0b1a6d0e01a2e404c697962623,dfine_sahi,124367.0,secondary_paper_chit,0.2749,85.99,451.2,145.04,500.33,2901.4,59.05,49.13,1.202,False,,True,S-61,33,evt_S-61_upper_body_0021,f26518ca9a85cdae,pose_hand_context,,52101.0,2.66,,1,cam12/e1/v1,rtmpose_baseline
full,03.CCTV Mobile Usage.mkv,632de9ed55947761d56d4c6142a3cb1a1fe69d0b1a6d0e01a2e404c697962623,dfine_sahi,124367.0,unknown_object,0.2701,0.08,425.44,121.17,558.95,16166.6,121.09,133.51,0.907,False,,True,S-61,33,evt_S-61_upper_body_0021,f26518ca9a85cdae,pose_hand_context,,52101.0,2.66,,1,cam12/e1/v1,rtmpose_baseline
full,03.CCTV Mobile Usage.mkv,632de9ed55947761d56d4c6142a3cb1a1fe69d0b1a6d0e01a2e404c697962623,dfine_sahi,124367.0,secondary_paper_chit,0.2596,111.02,436.44,176.58,483.88,3109.8,65.56,47.44,1.382,False,,True,S-61,33,evt_S-61_upper_body_0021,f26518ca9a85cdae,pose_hand_context,,52101.0,2.66,,1,cam12/e1/v1,rtmpose_baseline
full,03.CCTV Mobile Usage.mkv,632de9ed55947761d56d4c6142a3cb1a1fe69d0b1a6d0e01a2e404c697962623,dfine_sahi,124800.0,keyboard,0.8996,962.03,451.92,1067.79,491.46,4181.5,105.76,39.54,2.675,False,,True,R-desk,35,evt_S-61_desk_work_surface_0006,5c3ce38cee82af66,lap_bag_context,no_pose_observation,34560.0,1.33,,1,cam12/e1/v1,
full,03.CCTV Mobile Usage.mkv,632de9ed55947761d56d4c6142a3cb1a1fe69d0b1a6d0e01a2e404c697962623,dfine_sahi,124800.0,monitor_or_bezel,0.7527,910.15,411.18,1141.49,506.4,22028.4,231.34,95.22,2.43,False,,True,R-desk,35,evt_S-61_desk_work_surface_0006,5c3ce38cee82af66,lap_bag_context,no_pose_observation,34560.0,1.33,,1,cam12/e1/v1,
full,03.CCTV Mobile Usage.mkv,632de9ed55947761d56d4c6142a3cb1a1fe69d0b1a6d0e01a2e404c697962623,dfine_sahi,124800.0,mouse,0.7082,864.9,413.41,891.42,435.06,574.0,26.51,21.65,1.224,False,,True,R-desk,35,evt_S-61_desk_work_surface_0006,5c3ce38cee82af66,lap_bag_context,no_pose_observation,34560.0,1.33,,1,cam12/e1/v1,
full,03.CCTV Mobile Usage.mkv,632de9ed55947761d56d4c6142a3cb1a1fe69d0b1a6d0e01a2e404c697962623,dfine_sahi,124800.0,phone,0.6995,1043.3,421.72,1111.96,474.01,3590.7,68.66,52.29,1.313,False,,True,R-desk,35,evt_S-61_desk_work_surface_0006,5c3ce38cee82af66,lap_bag_context,no_pose_observation,34560.0,1.33,,1,cam12/e1/v1,
full,03.CCTV Mobile Usage.mkv,632de9ed55947761d56d4c6142a3cb1a1fe69d0b1a6d0e01a2e404c697962623,dfine_sahi,124800.0,monitor_or_bezel,0.6864,709.09,379.88,969.75,474.85,24756.0,260.66,94.97,2.745,False,,True,R-desk,35,evt_S-61_desk_work_surface_0006,5c3ce38cee82af66,lap_bag_context,no_pose_observation,34560.0,1.33,,1,cam12/e1/v1,
full,03.CCTV Mobile Usage.mkv,632de9ed55947761d56d4c6142a3cb1a1fe69d0b1a6d0e01a2e404c697962623,dfine_sahi,124800.0,keyboard,0.682,772.49,380.17,870.52,420.32,3935.2,98.03,40.14,2.442,False,,True,R-desk,35,evt_S-61_desk_work_surface_0006,5c3ce38cee82af66,lap_bag_context,no_pose_observation,34560.0,1.33,,1,cam12/e1/v1,
full,03.CCTV Mobile Usage.mkv,632de9ed55947761d56d4c6142a3cb1a1fe69d0b1a6d0e01a2e404c697962623,dfine_sahi,124800.0,keyboard,0.6464,962.69,452.32,1034.82,475.61,1680.1,72.13,23.29,3.097,False,,True,R-desk,35,evt_S-61_desk_work_surface_0006,5c3ce38cee82af66,lap_bag_context,no_pose_observation,34560.0,1.33,,1,cam12/e1/v1,
full,03.CCTV Mobile Usage.mkv,632de9ed55947761d56d4c6142a3cb1a1fe69d0b1a6d0e01a2e404c697962623,dfine_sahi,124800.0,unknown_object,0.6402,700.03,411.23,872.19,506.19,16347.5,172.15,94.96,1.813,False,,True,R-desk,35,evt_S-61_desk_work_surface_0006,5c3ce38cee82af66,lap_bag_context,no_pose_observation,34560.0,1.33,,1,cam12/e1/v1,
full,03.CCTV Mobile Usage.mkv,632de9ed55947761d56d4c6142a3cb1a1fe69d0b1a6d0e01a2e404c697962623,dfine_sahi,124800.0,monitor_or_bezel,0.6184,1018.74,395.55,1145.55,447.85,6632.4,126.81,52.3,2.425,False,,True,R-desk,35,evt_S-61_desk_work_surface_0006,5c3ce38cee82af66,lap_bag_context,no_pose_observation,34560.0,1.33,,1,cam12/e1/v1,
full,03.CCTV Mobile Usage.mkv,632de9ed55947761d56d4c6142a3cb1a1fe69d0b1a6d0e01a2e404c697962623,dfine_sahi,124800.0,keyboard,0.5882,802.87,396.26,870.71,420.56,1648.1,67.84,24.29,2.793,False,,True,R-desk,35,evt_S-61_desk_work_surface_0006,5c3ce38cee82af66,lap_bag_context,no_pose_observation,34560.0,1.33,,1,cam12/e1/v1,
full,03.CCTV Mobile Usage.mkv,632de9ed55947761d56d4c6142a3cb1a1fe69d0b1a6d0e01a2e404c697962623,dfine_sahi,124800.0,monitor_or_bezel,0.5873,962.87,380.42,1152.83,474.91,17949.4,189.97,94.49,2.01,False,,True,R-desk,35,evt_S-61_desk_work_surface_0006,5c3ce38cee82af66,lap_bag_context,no_pose_observation,34560.0,1.33,,1,cam12/e1/v1,
full,03.CCTV Mobile Usage.mkv,632de9ed55947761d56d4c6142a3cb1a1fe69d0b1a6d0e01a2e404c697962623,dfine_sahi,124800.0,unknown_object,0.5162,699.99,380.49,761.59,475.1,5827.6,61.6,94.61,0.651,False,,True,R-desk,35,evt_S-61_desk_work_surface_0006,5c3ce38cee82af66,lap_bag_context,no_pose_observation,34560.0,1.33,,1,cam12/e1/v1,
full,03.CCTV Mobile Usage.mkv,632de9ed55947761d56d4c6142a3cb1a1fe69d0b1a6d0e01a2e404c697962623,dfine_sahi,124800.0,unknown_object,0.4832,700.08,380.26,843.28,475.54,13644.5,143.2,95.28,1.503,False,,True,R-desk,35,evt_S-61_desk_work_surface_0006,5c3ce38cee82af66,lap_bag_context,no_pose_observation,34560.0,1.33,,1,cam12/e1/v1,
full,03.CCTV Mobile Usage.mkv,632de9ed55947761d56d4c6142a3cb1a1fe69d0b1a6d0e01a2e404c697962623,dfine_sahi,124800.0,unknown_object,0.3512,764.7,411.04,969.9,505.96,19476.6,205.2,94.91,2.162,False,,True,R-desk,35,evt_S-61_desk_work_surface_0006,5c3ce38cee82af66,lap_bag_context,no_pose_observation,34560.0,1.33,,1,cam12/e1/v1,
full,03.CCTV Mobile Usage.mkv,632de9ed55947761d56d4c6142a3cb1a1fe69d0b1a6d0e01a2e404c697962623,dfine_sahi,124800.0,mouse,0.3275,966.93,398.39,991.84,410.57,303.5,24.91,12.18,2.045,False,,True,R-desk,35,evt_S-61_desk_work_surface_0006,5c3ce38cee82af66,lap_bag_context,no_pose_observation,34560.0,1.33,,1,cam12/e1/v1,
full,03.CCTV Mobile Usage.mkv,632de9ed55947761d56d4c6142a3cb1a1fe69d0b1a6d0e01a2e404c697962623,dfine_sahi,124800.0,keyboard,0.3072,910.11,411.32,1093.43,506.22,17397.5,183.32,94.9,1.932,False,,True,R-desk,35,evt_S-61_desk_work_surface_0006,5c3ce38cee82af66,lap_bag_context,no_pose_observation,34560.0,1.33,,1,cam12/e1/v1,
full,03.CCTV Mobile Usage.mkv,632de9ed55947761d56d4c6142a3cb1a1fe69d0b1a6d0e01a2e404c697962623,dfine_sahi,124800.0,mouse,0.2936,990.89,400.7,1028.49,413.6,484.7,37.6,12.89,2.916,False,,True,R-desk,35,evt_S-61_desk_work_surface_0006,5c3ce38cee82af66,lap_bag_context,no_pose_observation,34560.0,1.33,,1,cam12/e1/v1,
full,03.CCTV Mobile Usage.mkv,632de9ed55947761d56d4c6142a3cb1a1fe69d0b1a6d0e01a2e404c697962623,dfine_sahi,124800.0,keyboard,0.2883,965.19,395.25,1105.21,475.1,11181.6,140.02,79.86,1.753,False,,True,R-desk,35,evt_S-61_desk_work_surface_0006,5c3ce38cee82af66,lap_bag_context,no_pose_observation,34560.0,1.33,,1,cam12/e1/v1,
full,03.CCTV Mobile Usage.mkv,632de9ed55947761d56d4c6142a3cb1a1fe69d0b1a6d0e01a2e404c697962623,dfine_sahi,124800.0,monitor_or_bezel,0.2852,881.18,396.15,948.82,452.69,3824.7,67.64,56.54,1.196,False,,True,R-desk,35,evt_S-61_desk_work_surface_0006,5c3ce38cee82af66,lap_bag_context,no_pose_observation,34560.0,1.33,,1,cam12/e1/v1,
full,03.CCTV Mobile Usage.mkv,632de9ed55947761d56d4c6142a3cb1a1fe69d0b1a6d0e01a2e404c697962623,dfine_sahi,124800.0,unknown_object,0.2821,880.19,411.2,969.89,505.63,8469.9,89.7,94.43,0.95,False,,True,R-desk,35,evt_S-61_desk_work_surface_0006,5c3ce38cee82af66,lap_bag_context,no_pose_observation,34560.0,1.33,,1,cam12/e1/v1,
full,03.CCTV Mobile Usage.mkv,632de9ed55947761d56d4c6142a3cb1a1fe69d0b1a6d0e01a2e404c697962623,dfine_sahi,124800.0,keyboard,0.2642,881.91,380.23,965.8,452.95,6100.6,83.88,72.73,1.153,False,,True,R-desk,35,evt_S-61_desk_work_surface_0006,5c3ce38cee82af66,lap_bag_context,no_pose_observation,34560.0,1.33,,1,cam12/e1/v1,
full,03.CCTV Mobile Usage.mkv,632de9ed55947761d56d4c6142a3cb1a1fe69d0b1a6d0e01a2e404c697962623,dfine_sahi,124800.0,monitor_or_bezel,0.2604,733.93,395.32,1146.2,491.03,39458.6,412.27,95.71,4.307,False,,True,R-desk,35,evt_S-61_desk_work_surface_0006,5c3ce38cee82af66,lap_bag_context,no_pose_observation,34560.0,1.33,,1,cam12/e1/v1,
full,03.CCTV Mobile Usage.mkv,632de9ed55947761d56d4c6142a3cb1a1fe69d0b1a6d0e01a2e404c697962623,dfine_sahi,124800.0,keyboard,0.8996,962.03,451.92,1067.79,491.46,4181.5,105.76,39.54,2.675,False,,True,R-desk,34,evt_S-61_desk_work_surface_0006,5c3ce38cee82af66,lap_bag_context,no_pose_observation,34560.0,1.33,,1,cam12/e1/v1,
full,03.CCTV Mobile Usage.mkv,632de9ed55947761d56d4c6142a3cb1a1fe69d0b1a6d0e01a2e404c697962623,dfine_sahi,124800.0,monitor_or_bezel,0.7527,910.15,411.18,1141.49,506.4,22028.4,231.34,95.22,2.43,False,,True,R-desk,34,evt_S-61_desk_work_surface_0006,5c3ce38cee82af66,lap_bag_context,no_pose_observation,34560.0,1.33,,1,cam12/e1/v1,
full,03.CCTV Mobile Usage.mkv,632de9ed55947761d56d4c6142a3cb1a1fe69d0b1a6d0e01a2e404c697962623,dfine_sahi,124800.0,mouse,0.7082,864.9,413.41,891.42,435.06,574.0,26.51,21.65,1.224,False,,True,R-desk,34,evt_S-61_desk_work_surface_0006,5c3ce38cee82af66,lap_bag_context,no_pose_observation,34560.0,1.33,,1,cam12/e1/v1,
full,03.CCTV Mobile Usage.mkv,632de9ed55947761d56d4c6142a3cb1a1fe69d0b1a6d0e01a2e404c697962623,dfine_sahi,124800.0,phone,0.6995,1043.3,421.72,1111.96,474.01,3590.7,68.66,52.29,1.313,False,,True,R-desk,34,evt_S-61_desk_work_surface_0006,5c3ce38cee82af66,lap_bag_context,no_pose_observation,34560.0,1.33,,1,cam12/e1/v1,
full,03.CCTV Mobile Usage.mkv,632de9ed55947761d56d4c6142a3cb1a1fe69d0b1a6d0e01a2e404c697962623,dfine_sahi,124800.0,monitor_or_bezel,0.6864,709.09,379.88,969.75,474.85,24756.0,260.66,94.97,2.745,False,,True,R-desk,34,evt_S-61_desk_work_surface_0006,5c3ce38cee82af66,lap_bag_context,no_pose_observation,34560.0,1.33,,1,cam12/e1/v1,
full,03.CCTV Mobile Usage.mkv,632de9ed55947761d56d4c6142a3cb1a1fe69d0b1a6d0e01a2e404c697962623,dfine_sahi,124800.0,keyboard,0.682,772.49,380.17,870.52,420.32,3935.2,98.03,40.14,2.442,False,,True,R-desk,34,evt_S-61_desk_work_surface_0006,5c3ce38cee82af66,lap_bag_context,no_pose_observation,34560.0,1.33,,1,cam12/e1/v1,
full,03.CCTV Mobile Usage.mkv,632de9ed55947761d56d4c6142a3cb1a1fe69d0b1a6d0e01a2e404c697962623,dfine_sahi,124800.0,keyboard,0.6464,962.69,452.32,1034.82,475.61,1680.1,72.13,23.29,3.097,False,,True,R-desk,34,evt_S-61_desk_work_surface_0006,5c3ce38cee82af66,lap_bag_context,no_pose_observation,34560.0,1.33,,1,cam12/e1/v1,
full,03.CCTV Mobile Usage.mkv,632de9ed55947761d56d4c6142a3cb1a1fe69d0b1a6d0e01a2e404c697962623,dfine_sahi,124800.0,unknown_object,0.6402,700.03,411.23,872.19,506.19,16347.5,172.15,94.96,1.813,False,,True,R-desk,34,evt_S-61_desk_work_surface_0006,5c3ce38cee82af66,lap_bag_context,no_pose_observation,34560.0,1.33,,1,cam12/e1/v1,
full,03.CCTV Mobile Usage.mkv,632de9ed55947761d56d4c6142a3cb1a1fe69d0b1a6d0e01a2e404c697962623,dfine_sahi,124800.0,monitor_or_bezel,0.6184,1018.74,395.55,1145.55,447.85,6632.4,126.81,52.3,2.425,False,,True,R-desk,34,evt_S-61_desk_work_surface_0006,5c3ce38cee82af66,lap_bag_context,no_pose_observation,34560.0,1.33,,1,cam12/e1/v1,
full,03.CCTV Mobile Usage.mkv,632de9ed55947761d56d4c6142a3cb1a1fe69d0b1a6d0e01a2e404c697962623,dfine_sahi,124800.0,keyboard,0.5882,802.87,396.26,870.71,420.56,1648.1,67.84,24.29,2.793,False,,True,R-desk,34,evt_S-61_desk_work_surface_0006,5c3ce38cee82af66,lap_bag_context,no_pose_observation,34560.0,1.33,,1,cam12/e1/v1,
full,03.CCTV Mobile Usage.mkv,632de9ed55947761d56d4c6142a3cb1a1fe69d0b1a6d0e01a2e404c697962623,dfine_sahi,124800.0,monitor_or_bezel,0.5873,962.87,380.42,1152.83,474.91,17949.4,189.97,94.49,2.01,False,,True,R-desk,34,evt_S-61_desk_work_surface_0006,5c3ce38cee82af66,lap_bag_context,no_pose_observation,34560.0,1.33,,1,cam12/e1/v1,
full,03.CCTV Mobile Usage.mkv,632de9ed55947761d56d4c6142a3cb1a1fe69d0b1a6d0e01a2e404c697962623,dfine_sahi,124800.0,unknown_object,0.5162,699.99,380.49,761.59,475.1,5827.6,61.6,94.61,0.651,False,,True,R-desk,34,evt_S-61_desk_work_surface_0006,5c3ce38cee82af66,lap_bag_context,no_pose_observation,34560.0,1.33,,1,cam12/e1/v1,
full,03.CCTV Mobile Usage.mkv,632de9ed55947761d56d4c6142a3cb1a1fe69d0b1a6d0e01a2e404c697962623,dfine_sahi,124800.0,unknown_object,0.4832,700.08,380.26,843.28,475.54,13644.5,143.2,95.28,1.503,False,,True,R-desk,34,evt_S-61_desk_work_surface_0006,5c3ce38cee82af66,lap_bag_context,no_pose_observation,34560.0,1.33,,1,cam12/e1/v1,
full,03.CCTV Mobile Usage.mkv,632de9ed55947761d56d4c6142a3cb1a1fe69d0b1a6d0e01a2e404c697962623,dfine_sahi,124800.0,unknown_object,0.3512,764.7,411.04,969.9,505.96,19476.6,205.2,94.91,2.162,False,,True,R-desk,34,evt_S-61_desk_work_surface_0006,5c3ce38cee82af66,lap_bag_context,no_pose_observation,34560.0,1.33,,1,cam12/e1/v1,
full,03.CCTV Mobile Usage.mkv,632de9ed55947761d56d4c6142a3cb1a1fe69d0b1a6d0e01a2e404c697962623,dfine_sahi,124800.0,mouse,0.3275,966.93,398.39,991.84,410.57,303.5,24.91,12.18,2.045,False,,True,R-desk,34,evt_S-61_desk_work_surface_0006,5c3ce38cee82af66,lap_bag_context,no_pose_observation,34560.0,1.33,,1,cam12/e1/v1,
full,03.CCTV Mobile Usage.mkv,632de9ed55947761d56d4c6142a3cb1a1fe69d0b1a6d0e01a2e404c697962623,dfine_sahi,124800.0,keyboard,0.3072,910.11,411.32,1093.43,506.22,17397.5,183.32,94.9,1.932,False,,True,R-desk,34,evt_S-61_desk_work_surface_0006,5c3ce38cee82af66,lap_bag_context,no_pose_observation,34560.0,1.33,,1,cam12/e1/v1,
full,03.CCTV Mobile Usage.mkv,632de9ed55947761d56d4c6142a3cb1a1fe69d0b1a6d0e01a2e404c697962623,dfine_sahi,124800.0,mouse,0.2936,990.89,400.7,1028.49,413.6,484.7,37.6,12.89,2.916,False,,True,R-desk,34,evt_S-61_desk_work_surface_0006,5c3ce38cee82af66,lap_bag_context,no_pose_observation,34560.0,1.33,,1,cam12/e1/v1,
full,03.CCTV Mobile Usage.mkv,632de9ed55947761d56d4c6142a3cb1a1fe69d0b1a6d0e01a2e404c697962623,dfine_sahi,124800.0,keyboard,0.2883,965.19,395.25,1105.21,475.1,11181.6,140.02,79.86,1.753,False,,True,R-desk,34,evt_S-61_desk_work_surface_0006,5c3ce38cee82af66,lap_bag_context,no_pose_observation,34560.0,1.33,,1,cam12/e1/v1,
full,03.CCTV Mobile Usage.mkv,632de9ed55947761d56d4c6142a3cb1a1fe69d0b1a6d0e01a2e404c697962623,dfine_sahi,124800.0,monitor_or_bezel,0.2852,881.18,396.15,948.82,452.69,3824.7,67.64,56.54,1.196,False,,True,R-desk,34,evt_S-61_desk_work_surface_0006,5c3ce38cee82af66,lap_bag_context,no_pose_observation,34560.0,1.33,,1,cam12/e1/v1,
full,03.CCTV Mobile Usage.mkv,632de9ed55947761d56d4c6142a3cb1a1fe69d0b1a6d0e01a2e404c697962623,dfine_sahi,124800.0,unknown_object,0.2821,880.19,411.2,969.89,505.63,8469.9,89.7,94.43,0.95,False,,True,R-desk,34,evt_S-61_desk_work_surface_0006,5c3ce38cee82af66,lap_bag_context,no_pose_observation,34560.0,1.33,,1,cam12/e1/v1,
full,03.CCTV Mobile Usage.mkv,632de9ed55947761d56d4c6142a3cb1a1fe69d0b1a6d0e01a2e404c697962623,dfine_sahi,124800.0,keyboard,0.2642,881.91,380.23,965.8,452.95,6100.6,83.88,72.73,1.153,False,,True,R-desk,34,evt_S-61_desk_work_surface_0006,5c3ce38cee82af66,lap_bag_context,no_pose_observation,34560.0,1.33,,1,cam12/e1/v1,
full,03.CCTV Mobile Usage.mkv,632de9ed55947761d56d4c6142a3cb1a1fe69d0b1a6d0e01a2e404c697962623,dfine_sahi,124800.0,monitor_or_bezel,0.2604,733.93,395.32,1146.2,491.03,39458.6,412.27,95.71,4.307,False,,True,R-desk,34,evt_S-61_desk_work_surface_0006,5c3ce38cee82af66,lap_bag_context,no_pose_observation,34560.0,1.33,,1,cam12/e1/v1,
full,03.CCTV Mobile Usage.mkv,632de9ed55947761d56d4c6142a3cb1a1fe69d0b1a6d0e01a2e404c697962623,dfine_sahi,124800.0,unknown_object,0.7513,112.02,519.12,244.89,651.26,17557.4,132.87,132.14,1.006,False,,True,S-61,33,evt_S-61_desk_work_surface_0006,7f57d31c98770f99,pose_hand_context,,56235.4,2.7,,1,cam12/e1/v1,rtmpose_baseline
full,03.CCTV Mobile Usage.mkv,632de9ed55947761d56d4c6142a3cb1a1fe69d0b1a6d0e01a2e404c697962623,dfine_sahi,124800.0,unknown_object,0.625,214.97,417.08,348.89,547.65,17486.1,133.92,130.58,1.026,False,,True,S-61,33,evt_S-61_desk_work_surface_0006,7f57d31c98770f99,pose_hand_context,,56235.4,2.7,,1,cam12/e1/v1,rtmpose_baseline
full,03.CCTV Mobile Usage.mkv,632de9ed55947761d56d4c6142a3cb1a1fe69d0b1a6d0e01a2e404c697962623,dfine_sahi,124800.0,secondary_paper_chit,0.5828,111.98,436.31,177.05,503.59,4378.0,65.07,67.28,0.967,False,,True,S-61,33,evt_S-61_desk_work_surface_0006,7f57d31c98770f99,pose_hand_context,,56235.4,2.7,,1,cam12/e1/v1,rtmpose_baseline
full,03.CCTV Mobile Usage.mkv,632de9ed55947761d56d4c6142a3cb1a1fe69d0b1a6d0e01a2e404c697962623,dfine_sahi,124800.0,unknown_object,0.4607,112.35,436.71,176.11,485.19,3091.2,63.76,48.48,1.315,False,,True,S-61,33,evt_S-61_desk_work_surface_0006,7f57d31c98770f99,pose_hand_context,,56235.4,2.7,,1,cam12/e1/v1,rtmpose_baseline
full,03.CCTV Mobile Usage.mkv,632de9ed55947761d56d4c6142a3cb1a1fe69d0b1a6d0e01a2e404c697962623,dfine_sahi,124800.0,unknown_object,0.3621,215.04,548.37,348.92,651.02,13741.9,133.88,102.65,1.304,False,,True,S-61,33,evt_S-61_desk_work_surface_0006,7f57d31c98770f99,pose_hand_context,,56235.4,2.7,,1,cam12/e1/v1,rtmpose_baseline
full,03.CCTV Mobile Usage.mkv,632de9ed55947761d56d4c6142a3cb1a1fe69d0b1a6d0e01a2e404c697962623,dfine_sahi,124800.0,secondary_paper_chit,0.3288,117.04,476.12,180.65,522.1,2924.8,63.61,45.98,1.383,False,,True,S-61,33,evt_S-61_desk_work_surface_0006,7f57d31c98770f99,pose_hand_context,,56235.4,2.7,,1,cam12/e1/v1,rtmpose_baseline
full,03.CCTV Mobile Usage.mkv,632de9ed55947761d56d4c6142a3cb1a1fe69d0b1a6d0e01a2e404c697962623,dfine_sahi,124800.0,unknown_object,0.3275,142.92,494.39,177.43,522.77,979.4,34.51,28.38,1.216,False,,True,S-61,33,evt_S-61_desk_work_surface_0006,7f57d31c98770f99,pose_hand_context,,56235.4,2.7,,1,cam12/e1/v1,rtmpose_baseline
full,03.CCTV Mobile Usage.mkv,632de9ed55947761d56d4c6142a3cb1a1fe69d0b1a6d0e01a2e404c697962623,dfine_sahi,124800.0,bag,0.3177,244.65,562.11,348.91,651.27,9294.8,104.25,89.16,1.169,False,,True,S-61,33,evt_S-61_desk_work_surface_0006,7f57d31c98770f99,pose_hand_context,,56235.4,2.7,,1,cam12/e1/v1,rtmpose_baseline
full,03.CCTV Mobile Usage.mkv,632de9ed55947761d56d4c6142a3cb1a1fe69d0b1a6d0e01a2e404c697962623,dfine_sahi,124800.0,unknown_object,0.3098,246.94,445.35,264.91,462.81,314.0,17.97,17.47,1.029,False,,True,S-61,33,evt_S-61_desk_work_surface_0006,7f57d31c98770f99,pose_hand_context,,56235.4,2.7,,1,cam12/e1/v1,rtmpose_baseline
full,03.CCTV Mobile Usage.mkv,632de9ed55947761d56d4c6142a3cb1a1fe69d0b1a6d0e01a2e404c697962623,dfine_sahi,124800.0,secondary_paper_chit,0.309,134.86,493.07,177.66,521.81,1229.6,42.79,28.73,1.489,False,,True,S-61,33,evt_S-61_desk_work_surface_0006,7f57d31c98770f99,pose_hand_context,,56235.4,2.7,,1,cam12/e1/v1,rtmpose_baseline
full,03.CCTV Mobile Usage.mkv,632de9ed55947761d56d4c6142a3cb1a1fe69d0b1a6d0e01a2e404c697962623,dfine_sahi,124800.0,unknown_object,0.2842,215.01,596.18,257.54,651.08,2334.8,42.53,54.9,0.775,False,,True,S-61,33,evt_S-61_desk_work_surface_0006,7f57d31c98770f99,pose_hand_context,,56235.4,2.7,,1,cam12/e1/v1,rtmpose_baseline
full,03.CCTV Mobile Usage.mkv,632de9ed55947761d56d4c6142a3cb1a1fe69d0b1a6d0e01a2e404c697962623,dfine_sahi,124867.0,secondary_paper_chit,0.5889,109.0,436.31,177.14,501.9,4468.8,68.14,65.58,1.039,False,,True,S-61,33,evt_S-61_upper_body_0021,0fc2f4392cd3915c,pose_hand_context,,56463.3,2.69,,1,cam12/e1/v1,rtmpose_baseline
full,03.CCTV Mobile Usage.mkv,632de9ed55947761d56d4c6142a3cb1a1fe69d0b1a6d0e01a2e404c697962623,dfine_sahi,124867.0,monitor_or_bezel,0.4323,109.06,503.19,272.97,662.6,26129.0,163.91,159.41,1.028,False,,True,S-61,33,evt_S-61_upper_body_0021,0fc2f4392cd3915c,pose_hand_context,,56463.3,2.69,,1,cam12/e1/v1,rtmpose_baseline
full,03.CCTV Mobile Usage.mkv,632de9ed55947761d56d4c6142a3cb1a1fe69d0b1a6d0e01a2e404c697962623,dfine_sahi,124867.0,mouse,0.3904,116.18,648.71,156.7,663.98,618.9,40.51,15.28,2.652,False,,True,S-61,33,evt_S-61_upper_body_0021,0fc2f4392cd3915c,pose_hand_context,,56463.3,2.69,,1,cam12/e1/v1,rtmpose_baseline
full,03.CCTV Mobile Usage.mkv,632de9ed55947761d56d4c6142a3cb1a1fe69d0b1a6d0e01a2e404c697962623,dfine_sahi,124867.0,unknown_object,0.3835,212.99,560.91,345.85,663.63,13646.9,132.86,102.72,1.293,False,,True,S-61,33,evt_S-61_upper_body_0021,0fc2f4392cd3915c,pose_hand_context,,56463.3,2.69,,1,cam12/e1/v1,rtmpose_baseline
full,03.CCTV Mobile Usage.mkv,632de9ed55947761d56d4c6142a3cb1a1fe69d0b1a6d0e01a2e404c697962623,dfine_sahi,124867.0,stationery,0.369,246.81,444.67,265.05,463.57,344.7,18.24,18.9,0.965,False,,True,S-61,33,evt_S-61_upper_body_0021,0fc2f4392cd3915c,pose_hand_context,,56463.3,2.69,,1,cam12/e1/v1,rtmpose_baseline
full,03.CCTV Mobile Usage.mkv,632de9ed55947761d56d4c6142a3cb1a1fe69d0b1a6d0e01a2e404c697962623,dfine_sahi,124867.0,secondary_paper_chit,0.3552,115.85,475.55,180.22,521.94,2985.5,64.37,46.38,1.388,False,,True,S-61,33,evt_S-61_upper_body_0021,0fc2f4392cd3915c,pose_hand_context,,56463.3,2.69,,1,cam12/e1/v1,rtmpose_baseline
full,03.CCTV Mobile Usage.mkv,632de9ed55947761d56d4c6142a3cb1a1fe69d0b1a6d0e01a2e404c697962623,dfine_sahi,124867.0,bag,0.353,245.2,568.61,345.97,663.54,9566.2,100.77,94.94,1.061,False,,True,S-61,33,evt_S-61_upper_body_0021,0fc2f4392cd3915c,pose_hand_context,,56463.3,2.69,,1,cam12/e1/v1,rtmpose_baseline
full,03.CCTV Mobile Usage.mkv,632de9ed55947761d56d4c6142a3cb1a1fe69d0b1a6d0e01a2e404c697962623,dfine_sahi,124867.0,unknown_object,0.3476,109.01,436.25,273.36,662.38,37164.4,164.35,226.13,0.727,False,,True,S-61,33,evt_S-61_upper_body_0021,0fc2f4392cd3915c,pose_hand_context,,56463.3,2.69,,1,cam12/e1/v1,rtmpose_baseline
full,03.CCTV Mobile Usage.mkv,632de9ed55947761d56d4c6142a3cb1a1fe69d0b1a6d0e01a2e404c697962623,dfine_sahi,124867.0,unknown_object,0.3465,214.37,426.48,345.85,537.17,14554.4,131.48,110.7,1.188,False,,True,S-61,33,evt_S-61_upper_body_0021,0fc2f4392cd3915c,pose_hand_context,,56463.3,2.69,,1,cam12/e1/v1,rtmpose_baseline
full,03.CCTV Mobile Usage.mkv,632de9ed55947761d56d4c6142a3cb1a1fe69d0b1a6d0e01a2e404c697962623,dfine_sahi,124867.0,unknown_object,0.3386,110.67,436.74,176.46,486.3,3260.1,65.78,49.56,1.327,False,,True,S-61,33,evt_S-61_upper_body_0021,0fc2f4392cd3915c,pose_hand_context,,56463.3,2.69,,1,cam12/e1/v1,rtmpose_baseline
full,03.CCTV Mobile Usage.mkv,632de9ed55947761d56d4c6142a3cb1a1fe69d0b1a6d0e01a2e404c697962623,dfine_sahi,124867.0,phone,0.316,214.03,563.66,254.64,576.05,502.9,40.6,12.39,3.278,False,,True,S-61,33,evt_S-61_upper_body_0021,0fc2f4392cd3915c,pose_hand_context,,56463.3,2.69,,1,cam12/e1/v1,rtmpose_baseline
full,03.CCTV Mobile Usage.mkv,632de9ed55947761d56d4c6142a3cb1a1fe69d0b1a6d0e01a2e404c697962623,dfine_sahi,124867.0,unknown_object,0.3099,212.99,597.67,273.68,663.72,4008.5,60.69,66.05,0.919,False,,True,S-61,33,evt_S-61_upper_body_0021,0fc2f4392cd3915c,pose_hand_context,,56463.3,2.69,,1,cam12/e1/v1,rtmpose_baseline
full,03.CCTV Mobile Usage.mkv,632de9ed55947761d56d4c6142a3cb1a1fe69d0b1a6d0e01a2e404c697962623,dfine_sahi,124867.0,secondary_paper_chit,0.3076,154.47,428.82,209.4,483.36,2995.8,54.93,54.54,1.007,False,,True,S-61,33,evt_S-61_upper_body_0021,0fc2f4392cd3915c,pose_hand_context,,56463.3,2.69,,1,cam12/e1/v1,rtmpose_baseline
full,03.CCTV Mobile Usage.mkv,632de9ed55947761d56d4c6142a3cb1a1fe69d0b1a6d0e01a2e404c697962623,dfine_sahi,124867.0,unknown_object,0.3028,178.2,490.01,208.04,527.93,1131.3,29.84,37.92,0.787,False,,True,S-61,33,evt_S-61_upper_body_0021,0fc2f4392cd3915c,pose_hand_context,,56463.3,2.69,,1,cam12/e1/v1,rtmpose_baseline
full,03.CCTV Mobile Usage.mkv,632de9ed55947761d56d4c6142a3cb1a1fe69d0b1a6d0e01a2e404c697962623,dfine_sahi,124867.0,secondary_paper_chit,0.2934,135.35,492.93,177.77,521.93,1230.4,42.42,29.0,1.463,False,,True,S-61,33,evt_S-61_upper_body_0021,0fc2f4392cd3915c,pose_hand_context,,56463.3,2.69,,1,cam12/e1/v1,rtmpose_baseline
full,03.CCTV Mobile Usage.mkv,632de9ed55947761d56d4c6142a3cb1a1fe69d0b1a6d0e01a2e404c697962623,dfine_sahi,124867.0,unknown_object,0.2883,142.68,494.52,177.62,522.74,986.0,34.94,28.22,1.238,False,,True,S-61,33,evt_S-61_upper_body_0021,0fc2f4392cd3915c,pose_hand_context,,56463.3,2.69,,1,cam12/e1/v1,rtmpose_baseline
full,03.CCTV Mobile Usage.mkv,632de9ed55947761d56d4c6142a3cb1a1fe69d0b1a6d0e01a2e404c697962623,dfine_sahi,124867.0,unknown_object,0.264,109.12,427.03,210.85,559.44,13470.0,101.73,132.41,0.768,False,,True,S-61,33,evt_S-61_upper_body_0021,0fc2f4392cd3915c,pose_hand_context,,56463.3,2.69,,1,cam12/e1/v1,rtmpose_baseline
full,03.CCTV Mobile Usage.mkv,632de9ed55947761d56d4c6142a3cb1a1fe69d0b1a6d0e01a2e404c697962623,dfine_sahi,124867.0,unknown_object,0.2541,172.25,464.76,207.3,496.88,1125.6,35.05,32.11,1.092,False,,True,S-61,33,evt_S-61_upper_body_0021,0fc2f4392cd3915c,pose_hand_context,,56463.3,2.69,,1,cam12/e1/v1,rtmpose_baseline
full,03.CCTV Mobile Usage.mkv,632de9ed55947761d56d4c6142a3cb1a1fe69d0b1a6d0e01a2e404c697962623,dfine_sahi,124867.0,keyboard,0.8996,962.03,451.92,1067.79,491.46,4181.5,105.76,39.54,2.675,False,,True,R-desk,35,evt_S-61_upper_body_0021,f36d96d43f74c80f,lap_bag_context,no_pose_observation,34560.0,1.33,,1,cam12/e1/v1,
full,03.CCTV Mobile Usage.mkv,632de9ed55947761d56d4c6142a3cb1a1fe69d0b1a6d0e01a2e404c697962623,dfine_sahi,124867.0,monitor_or_bezel,0.7527,910.15,411.18,1141.49,506.4,22028.4,231.34,95.22,2.43,False,,True,R-desk,35,evt_S-61_upper_body_0021,f36d96d43f74c80f,lap_bag_context,no_pose_observation,34560.0,1.33,,1,cam12/e1/v1,
full,03.CCTV Mobile Usage.mkv,632de9ed55947761d56d4c6142a3cb1a1fe69d0b1a6d0e01a2e404c697962623,dfine_sahi,124867.0,mouse,0.7082,864.9,413.41,891.42,435.06,574.0,26.51,21.65,1.224,False,,True,R-desk,35,evt_S-61_upper_body_0021,f36d96d43f74c80f,lap_bag_context,no_pose_observation,34560.0,1.33,,1,cam12/e1/v1,
full,03.CCTV Mobile Usage.mkv,632de9ed55947761d56d4c6142a3cb1a1fe69d0b1a6d0e01a2e404c697962623,dfine_sahi,124867.0,phone,0.6995,1043.3,421.72,1111.96,474.01,3590.7,68.66,52.29,1.313,False,,True,R-desk,35,evt_S-61_upper_body_0021,f36d96d43f74c80f,lap_bag_context,no_pose_observation,34560.0,1.33,,1,cam12/e1/v1,
full,03.CCTV Mobile Usage.mkv,632de9ed55947761d56d4c6142a3cb1a1fe69d0b1a6d0e01a2e404c697962623,dfine_sahi,124867.0,monitor_or_bezel,0.6864,709.09,379.88,969.75,474.85,24756.0,260.66,94.97,2.745,False,,True,R-desk,35,evt_S-61_upper_body_0021,f36d96d43f74c80f,lap_bag_context,no_pose_observation,34560.0,1.33,,1,cam12/e1/v1,
full,03.CCTV Mobile Usage.mkv,632de9ed55947761d56d4c6142a3cb1a1fe69d0b1a6d0e01a2e404c697962623,dfine_sahi,124867.0,keyboard,0.682,772.49,380.17,870.52,420.32,3935.2,98.03,40.14,2.442,False,,True,R-desk,35,evt_S-61_upper_body_0021,f36d96d43f74c80f,lap_bag_context,no_pose_observation,34560.0,1.33,,1,cam12/e1/v1,
full,03.CCTV Mobile Usage.mkv,632de9ed55947761d56d4c6142a3cb1a1fe69d0b1a6d0e01a2e404c697962623,dfine_sahi,124867.0,keyboard,0.6464,962.69,452.32,1034.82,475.61,1680.1,72.13,23.29,3.097,False,,True,R-desk,35,evt_S-61_upper_body_0021,f36d96d43f74c80f,lap_bag_context,no_pose_observation,34560.0,1.33,,1,cam12/e1/v1,
full,03.CCTV Mobile Usage.mkv,632de9ed55947761d56d4c6142a3cb1a1fe69d0b1a6d0e01a2e404c697962623,dfine_sahi,124867.0,unknown_object,0.6402,700.03,411.23,872.19,506.19,16347.5,172.15,94.96,1.813,False,,True,R-desk,35,evt_S-61_upper_body_0021,f36d96d43f74c80f,lap_bag_context,no_pose_observation,34560.0,1.33,,1,cam12/e1/v1,
full,03.CCTV Mobile Usage.mkv,632de9ed55947761d56d4c6142a3cb1a1fe69d0b1a6d0e01a2e404c697962623,dfine_sahi,124867.0,monitor_or_bezel,0.6184,1018.74,395.55,1145.55,447.85,6632.4,126.81,52.3,2.425,False,,True,R-desk,35,evt_S-61_upper_body_0021,f36d96d43f74c80f,lap_bag_context,no_pose_observation,34560.0,1.33,,1,cam12/e1/v1,
full,03.CCTV Mobile Usage.mkv,632de9ed55947761d56d4c6142a3cb1a1fe69d0b1a6d0e01a2e404c697962623,dfine_sahi,124867.0,keyboard,0.5882,802.87,396.26,870.71,420.56,1648.1,67.84,24.29,2.793,False,,True,R-desk,35,evt_S-61_upper_body_0021,f36d96d43f74c80f,lap_bag_context,no_pose_observation,34560.0,1.33,,1,cam12/e1/v1,
full,03.CCTV Mobile Usage.mkv,632de9ed55947761d56d4c6142a3cb1a1fe69d0b1a6d0e01a2e404c697962623,dfine_sahi,124867.0,monitor_or_bezel,0.5873,962.87,380.42,1152.83,474.91,17949.4,189.97,94.49,2.01,False,,True,R-desk,35,evt_S-61_upper_body_0021,f36d96d43f74c80f,lap_bag_context,no_pose_observation,34560.0,1.33,,1,cam12/e1/v1,
full,03.CCTV Mobile Usage.mkv,632de9ed55947761d56d4c6142a3cb1a1fe69d0b1a6d0e01a2e404c697962623,dfine_sahi,124867.0,unknown_object,0.5162,699.99,380.49,761.59,475.1,5827.6,61.6,94.61,0.651,False,,True,R-desk,35,evt_S-61_upper_body_0021,f36d96d43f74c80f,lap_bag_context,no_pose_observation,34560.0,1.33,,1,cam12/e1/v1,
full,03.CCTV Mobile Usage.mkv,632de9ed55947761d56d4c6142a3cb1a1fe69d0b1a6d0e01a2e404c697962623,dfine_sahi,124867.0,unknown_object,0.4832,700.08,380.26,843.28,475.54,13644.5,143.2,95.28,1.503,False,,True,R-desk,35,evt_S-61_upper_body_0021,f36d96d43f74c80f,lap_bag_context,no_pose_observation,34560.0,1.33,,1,cam12/e1/v1,
full,03.CCTV Mobile Usage.mkv,632de9ed55947761d56d4c6142a3cb1a1fe69d0b1a6d0e01a2e404c697962623,dfine_sahi,124867.0,unknown_object,0.3512,764.7,411.04,969.9,505.96,19476.6,205.2,94.91,2.162,False,,True,R-desk,35,evt_S-61_upper_body_0021,f36d96d43f74c80f,lap_bag_context,no_pose_observation,34560.0,1.33,,1,cam12/e1/v1,
full,03.CCTV Mobile Usage.mkv,632de9ed55947761d56d4c6142a3cb1a1fe69d0b1a6d0e01a2e404c697962623,dfine_sahi,124867.0,mouse,0.3275,966.93,398.39,991.84,410.57,303.5,24.91,12.18,2.045,False,,True,R-desk,35,evt_S-61_upper_body_0021,f36d96d43f74c80f,lap_bag_context,no_pose_observation,34560.0,1.33,,1,cam12/e1/v1,
full,03.CCTV Mobile Usage.mkv,632de9ed55947761d56d4c6142a3cb1a1fe69d0b1a6d0e01a2e404c697962623,dfine_sahi,124867.0,keyboard,0.3072,910.11,411.32,1093.43,506.22,17397.5,183.32,94.9,1.932,False,,True,R-desk,35,evt_S-61_upper_body_0021,f36d96d43f74c80f,lap_bag_context,no_pose_observation,34560.0,1.33,,1,cam12/e1/v1,
full,03.CCTV Mobile Usage.mkv,632de9ed55947761d56d4c6142a3cb1a1fe69d0b1a6d0e01a2e404c697962623,dfine_sahi,124867.0,mouse,0.2936,990.89,400.7,1028.49,413.6,484.7,37.6,12.89,2.916,False,,True,R-desk,35,evt_S-61_upper_body_0021,f36d96d43f74c80f,lap_bag_context,no_pose_observation,34560.0,1.33,,1,cam12/e1/v1,
full,03.CCTV Mobile Usage.mkv,632de9ed55947761d56d4c6142a3cb1a1fe69d0b1a6d0e01a2e404c697962623,dfine_sahi,124867.0,keyboard,0.2883,965.19,395.25,1105.21,475.1,11181.6,140.02,79.86,1.753,False,,True,R-desk,35,evt_S-61_upper_body_0021,f36d96d43f74c80f,lap_bag_context,no_pose_observation,34560.0,1.33,,1,cam12/e1/v1,
full,03.CCTV Mobile Usage.mkv,632de9ed55947761d56d4c6142a3cb1a1fe69d0b1a6d0e01a2e404c697962623,dfine_sahi,124867.0,monitor_or_bezel,0.2852,881.18,396.15,948.82,452.69,3824.7,67.64,56.54,1.196,False,,True,R-desk,35,evt_S-61_upper_body_0021,f36d96d43f74c80f,lap_bag_context,no_pose_observation,34560.0,1.33,,1,cam12/e1/v1,
full,03.CCTV Mobile Usage.mkv,632de9ed55947761d56d4c6142a3cb1a1fe69d0b1a6d0e01a2e404c697962623,dfine_sahi,124867.0,unknown_object,0.2821,880.19,411.2,969.89,505.63,8469.9,89.7,94.43,0.95,False,,True,R-desk,35,evt_S-61_upper_body_0021,f36d96d43f74c80f,lap_bag_context,no_pose_observation,34560.0,1.33,,1,cam12/e1/v1,
full,03.CCTV Mobile Usage.mkv,632de9ed55947761d56d4c6142a3cb1a1fe69d0b1a6d0e01a2e404c697962623,dfine_sahi,124867.0,keyboard,0.2642,881.91,380.23,965.8,452.95,6100.6,83.88,72.73,1.153,False,,True,R-desk,35,evt_S-61_upper_body_0021,f36d96d43f74c80f,lap_bag_context,no_pose_observation,34560.0,1.33,,1,cam12/e1/v1,
full,03.CCTV Mobile Usage.mkv,632de9ed55947761d56d4c6142a3cb1a1fe69d0b1a6d0e01a2e404c697962623,dfine_sahi,124867.0,monitor_or_bezel,0.2604,733.93,395.32,1146.2,491.03,39458.6,412.27,95.71,4.307,False,,True,R-desk,35,evt_S-61_upper_body_0021,f36d96d43f74c80f,lap_bag_context,no_pose_observation,34560.0,1.33,,1,cam12/e1/v1,
full,03.CCTV Mobile Usage.mkv,632de9ed55947761d56d4c6142a3cb1a1fe69d0b1a6d0e01a2e404c697962623,dfine_sahi,124867.0,keyboard,0.8996,962.03,451.92,1067.79,491.46,4181.5,105.76,39.54,2.675,False,,True,R-desk,34,evt_S-61_upper_body_0021,f36d96d43f74c80f,lap_bag_context,no_pose_observation,34560.0,1.33,,1,cam12/e1/v1,
full,03.CCTV Mobile Usage.mkv,632de9ed55947761d56d4c6142a3cb1a1fe69d0b1a6d0e01a2e404c697962623,dfine_sahi,124867.0,monitor_or_bezel,0.7527,910.15,411.18,1141.49,506.4,22028.4,231.34,95.22,2.43,False,,True,R-desk,34,evt_S-61_upper_body_0021,f36d96d43f74c80f,lap_bag_context,no_pose_observation,34560.0,1.33,,1,cam12/e1/v1,
full,03.CCTV Mobile Usage.mkv,632de9ed55947761d56d4c6142a3cb1a1fe69d0b1a6d0e01a2e404c697962623,dfine_sahi,124867.0,mouse,0.7082,864.9,413.41,891.42,435.06,574.0,26.51,21.65,1.224,False,,True,R-desk,34,evt_S-61_upper_body_0021,f36d96d43f74c80f,lap_bag_context,no_pose_observation,34560.0,1.33,,1,cam12/e1/v1,
full,03.CCTV Mobile Usage.mkv,632de9ed55947761d56d4c6142a3cb1a1fe69d0b1a6d0e01a2e404c697962623,dfine_sahi,124867.0,phone,0.6995,1043.3,421.72,1111.96,474.01,3590.7,68.66,52.29,1.313,False,,True,R-desk,34,evt_S-61_upper_body_0021,f36d96d43f74c80f,lap_bag_context,no_pose_observation,34560.0,1.33,,1,cam12/e1/v1,
full,03.CCTV Mobile Usage.mkv,632de9ed55947761d56d4c6142a3cb1a1fe69d0b1a6d0e01a2e404c697962623,dfine_sahi,124867.0,monitor_or_bezel,0.6864,709.09,379.88,969.75,474.85,24756.0,260.66,94.97,2.745,False,,True,R-desk,34,evt_S-61_upper_body_0021,f36d96d43f74c80f,lap_bag_context,no_pose_observation,34560.0,1.33,,1,cam12/e1/v1,
full,03.CCTV Mobile Usage.mkv,632de9ed55947761d56d4c6142a3cb1a1fe69d0b1a6d0e01a2e404c697962623,dfine_sahi,124867.0,keyboard,0.682,772.49,380.17,870.52,420.32,3935.2,98.03,40.14,2.442,False,,True,R-desk,34,evt_S-61_upper_body_0021,f36d96d43f74c80f,lap_bag_context,no_pose_observation,34560.0,1.33,,1,cam12/e1/v1,
full,03.CCTV Mobile Usage.mkv,632de9ed55947761d56d4c6142a3cb1a1fe69d0b1a6d0e01a2e404c697962623,dfine_sahi,124867.0,keyboard,0.6464,962.69,452.32,1034.82,475.61,1680.1,72.13,23.29,3.097,False,,True,R-desk,34,evt_S-61_upper_body_0021,f36d96d43f74c80f,lap_bag_context,no_pose_observation,34560.0,1.33,,1,cam12/e1/v1,
full,03.CCTV Mobile Usage.mkv,632de9ed55947761d56d4c6142a3cb1a1fe69d0b1a6d0e01a2e404c697962623,dfine_sahi,124867.0,unknown_object,0.6402,700.03,411.23,872.19,506.19,16347.5,172.15,94.96,1.813,False,,True,R-desk,34,evt_S-61_upper_body_0021,f36d96d43f74c80f,lap_bag_context,no_pose_observation,34560.0,1.33,,1,cam12/e1/v1,
full,03.CCTV Mobile Usage.mkv,632de9ed55947761d56d4c6142a3cb1a1fe69d0b1a6d0e01a2e404c697962623,dfine_sahi,124867.0,monitor_or_bezel,0.6184,1018.74,395.55,1145.55,447.85,6632.4,126.81,52.3,2.425,False,,True,R-desk,34,evt_S-61_upper_body_0021,f36d96d43f74c80f,lap_bag_context,no_pose_observation,34560.0,1.33,,1,cam12/e1/v1,
full,03.CCTV Mobile Usage.mkv,632de9ed55947761d56d4c6142a3cb1a1fe69d0b1a6d0e01a2e404c697962623,dfine_sahi,124867.0,keyboard,0.5882,802.87,396.26,870.71,420.56,1648.1,67.84,24.29,2.793,False,,True,R-desk,34,evt_S-61_upper_body_0021,f36d96d43f74c80f,lap_bag_context,no_pose_observation,34560.0,1.33,,1,cam12/e1/v1,
full,03.CCTV Mobile Usage.mkv,632de9ed55947761d56d4c6142a3cb1a1fe69d0b1a6d0e01a2e404c697962623,dfine_sahi,124867.0,monitor_or_bezel,0.5873,962.87,380.42,1152.83,474.91,17949.4,189.97,94.49,2.01,False,,True,R-desk,34,evt_S-61_upper_body_0021,f36d96d43f74c80f,lap_bag_context,no_pose_observation,34560.0,1.33,,1,cam12/e1/v1,
full,03.CCTV Mobile Usage.mkv,632de9ed55947761d56d4c6142a3cb1a1fe69d0b1a6d0e01a2e404c697962623,dfine_sahi,124867.0,unknown_object,0.5162,699.99,380.49,761.59,475.1,5827.6,61.6,94.61,0.651,False,,True,R-desk,34,evt_S-61_upper_body_0021,f36d96d43f74c80f,lap_bag_context,no_pose_observation,34560.0,1.33,,1,cam12/e1/v1,
full,03.CCTV Mobile Usage.mkv,632de9ed55947761d56d4c6142a3cb1a1fe69d0b1a6d0e01a2e404c697962623,dfine_sahi,124867.0,unknown_object,0.4832,700.08,380.26,843.28,475.54,13644.5,143.2,95.28,1.503,False,,True,R-desk,34,evt_S-61_upper_body_0021,f36d96d43f74c80f,lap_bag_context,no_pose_observation,34560.0,1.33,,1,cam12/e1/v1,
full,03.CCTV Mobile Usage.mkv,632de9ed55947761d56d4c6142a3cb1a1fe69d0b1a6d0e01a2e404c697962623,dfine_sahi,124867.0,unknown_object,0.3512,764.7,411.04,969.9,505.96,19476.6,205.2,94.91,2.162,False,,True,R-desk,34,evt_S-61_upper_body_0021,f36d96d43f74c80f,lap_bag_context,no_pose_observation,34560.0,1.33,,1,cam12/e1/v1,
full,03.CCTV Mobile Usage.mkv,632de9ed55947761d56d4c6142a3cb1a1fe69d0b1a6d0e01a2e404c697962623,dfine_sahi,124867.0,mouse,0.3275,966.93,398.39,991.84,410.57,303.5,24.91,12.18,2.045,False,,True,R-desk,34,evt_S-61_upper_body_0021,f36d96d43f74c80f,lap_bag_context,no_pose_observation,34560.0,1.33,,1,cam12/e1/v1,
full,03.CCTV Mobile Usage.mkv,632de9ed55947761d56d4c6142a3cb1a1fe69d0b1a6d0e01a2e404c697962623,dfine_sahi,124867.0,keyboard,0.3072,910.11,411.32,1093.43,506.22,17397.5,183.32,94.9,1.932,False,,True,R-desk,34,evt_S-61_upper_body_0021,f36d96d43f74c80f,lap_bag_context,no_pose_observation,34560.0,1.33,,1,cam12/e1/v1,
full,03.CCTV Mobile Usage.mkv,632de9ed55947761d56d4c6142a3cb1a1fe69d0b1a6d0e01a2e404c697962623,dfine_sahi,124867.0,mouse,0.2936,990.89,400.7,1028.49,413.6,484.7,37.6,12.89,2.916,False,,True,R-desk,34,evt_S-61_upper_body_0021,f36d96d43f74c80f,lap_bag_context,no_pose_observation,34560.0,1.33,,1,cam12/e1/v1,
full,03.CCTV Mobile Usage.mkv,632de9ed55947761d56d4c6142a3cb1a1fe69d0b1a6d0e01a2e404c697962623,dfine_sahi,124867.0,keyboard,0.2883,965.19,395.25,1105.21,475.1,11181.6,140.02,79.86,1.753,False,,True,R-desk,34,evt_S-61_upper_body_0021,f36d96d43f74c80f,lap_bag_context,no_pose_observation,34560.0,1.33,,1,cam12/e1/v1,
full,03.CCTV Mobile Usage.mkv,632de9ed55947761d56d4c6142a3cb1a1fe69d0b1a6d0e01a2e404c697962623,dfine_sahi,124867.0,monitor_or_bezel,0.2852,881.18,396.15,948.82,452.69,3824.7,67.64,56.54,1.196,False,,True,R-desk,34,evt_S-61_upper_body_0021,f36d96d43f74c80f,lap_bag_context,no_pose_observation,34560.0,1.33,,1,cam12/e1/v1,
full,03.CCTV Mobile Usage.mkv,632de9ed55947761d56d4c6142a3cb1a1fe69d0b1a6d0e01a2e404c697962623,dfine_sahi,124867.0,unknown_object,0.2821,880.19,411.2,969.89,505.63,8469.9,89.7,94.43,0.95,False,,True,R-desk,34,evt_S-61_upper_body_0021,f36d96d43f74c80f,lap_bag_context,no_pose_observation,34560.0,1.33,,1,cam12/e1/v1,
full,03.CCTV Mobile Usage.mkv,632de9ed55947761d56d4c6142a3cb1a1fe69d0b1a6d0e01a2e404c697962623,dfine_sahi,124867.0,keyboard,0.2642,881.91,380.23,965.8,452.95,6100.6,83.88,72.73,1.153,False,,True,R-desk,34,evt_S-61_upper_body_0021,f36d96d43f74c80f,lap_bag_context,no_pose_observation,34560.0,1.33,,1,cam12/e1/v1,
full,03.CCTV Mobile Usage.mkv,632de9ed55947761d56d4c6142a3cb1a1fe69d0b1a6d0e01a2e404c697962623,dfine_sahi,124867.0,monitor_or_bezel,0.2604,733.93,395.32,1146.2,491.03,39458.6,412.27,95.71,4.307,False,,True,R-desk,34,evt_S-61_upper_body_0021,f36d96d43f74c80f,lap_bag_context,no_pose_observation,34560.0,1.33,,1,cam12/e1/v1,
full,03.CCTV Mobile Usage.mkv,632de9ed55947761d56d4c6142a3cb1a1fe69d0b1a6d0e01a2e404c697962623,dfine_sahi,125300.0,unknown_object,0.5397,753.05,109.83,848.89,195.46,8206.8,95.83,85.64,1.119,False,,True,R-desk,36,evt_S-61_desk_work_surface_0006,4f5b0c1938812495,pose_hand_context,,5049.5,9.01,,1,cam12/e1/v1,rtmpose_baseline
full,03.CCTV Mobile Usage.mkv,632de9ed55947761d56d4c6142a3cb1a1fe69d0b1a6d0e01a2e404c697962623,dfine_sahi,125300.0,unknown_object,0.4648,722.04,78.21,817.92,173.6,9145.6,95.88,95.39,1.005,False,,True,R-desk,36,evt_S-61_desk_work_surface_0006,4f5b0c1938812495,pose_hand_context,,5049.5,9.01,,1,cam12/e1/v1,rtmpose_baseline
full,03.CCTV Mobile Usage.mkv,632de9ed55947761d56d4c6142a3cb1a1fe69d0b1a6d0e01a2e404c697962623,dfine_sahi,125300.0,unknown_object,0.4485,722.08,109.08,786.41,146.99,2439.0,64.33,37.91,1.697,False,,True,R-desk,36,evt_S-61_desk_work_surface_0006,4f5b0c1938812495,pose_hand_context,,5049.5,9.01,,1,cam12/e1/v1,rtmpose_baseline
full,03.CCTV Mobile Usage.mkv,632de9ed55947761d56d4c6142a3cb1a1fe69d0b1a6d0e01a2e404c697962623,dfine_sahi,125300.0,unknown_object,0.3105,737.03,150.3,832.89,188.83,3694.3,95.86,38.54,2.488,False,,True,R-desk,36,evt_S-61_desk_work_surface_0006,4f5b0c1938812495,pose_hand_context,,5049.5,9.01,,1,cam12/e1/v1,rtmpose_baseline
full,03.CCTV Mobile Usage.mkv,632de9ed55947761d56d4c6142a3cb1a1fe69d0b1a6d0e01a2e404c697962623,dfine_sahi,125300.0,unknown_object,0.2694,753.11,78.16,776.93,104.73,632.6,23.81,26.57,0.896,False,,True,R-desk,36,evt_S-61_desk_work_surface_0006,4f5b0c1938812495,pose_hand_context,,5049.5,9.01,,1,cam12/e1/v1,rtmpose_baseline
full,03.CCTV Mobile Usage.mkv,632de9ed55947761d56d4c6142a3cb1a1fe69d0b1a6d0e01a2e404c697962623,dfine_sahi,125300.0,keyboard,0.8996,962.03,451.92,1067.79,491.46,4181.5,105.76,39.54,2.675,False,,True,R-desk,35,evt_S-61_desk_work_surface_0006,56160f94226673d2,lap_bag_context,no_pose_observation,34560.0,1.33,,1,cam12/e1/v1,
full,03.CCTV Mobile Usage.mkv,632de9ed55947761d56d4c6142a3cb1a1fe69d0b1a6d0e01a2e404c697962623,dfine_sahi,125300.0,monitor_or_bezel,0.7527,910.15,411.18,1141.49,506.4,22028.4,231.34,95.22,2.43,False,,True,R-desk,35,evt_S-61_desk_work_surface_0006,56160f94226673d2,lap_bag_context,no_pose_observation,34560.0,1.33,,1,cam12/e1/v1,
full,03.CCTV Mobile Usage.mkv,632de9ed55947761d56d4c6142a3cb1a1fe69d0b1a6d0e01a2e404c697962623,dfine_sahi,125300.0,mouse,0.7077,864.9,413.41,891.41,435.06,574.0,26.51,21.65,1.224,False,,True,R-desk,35,evt_S-61_desk_work_surface_0006,56160f94226673d2,lap_bag_context,no_pose_observation,34560.0,1.33,,1,cam12/e1/v1,
full,03.CCTV Mobile Usage.mkv,632de9ed55947761d56d4c6142a3cb1a1fe69d0b1a6d0e01a2e404c697962623,dfine_sahi,125300.0,phone,0.6995,1043.3,421.72,1111.96,474.01,3590.7,68.66,52.29,1.313,False,,True,R-desk,35,evt_S-61_desk_work_surface_0006,56160f94226673d2,lap_bag_context,no_pose_observation,34560.0,1.33,,1,cam12/e1/v1,
full,03.CCTV Mobile Usage.mkv,632de9ed55947761d56d4c6142a3cb1a1fe69d0b1a6d0e01a2e404c697962623,dfine_sahi,125300.0,monitor_or_bezel,0.6873,709.09,379.88,969.75,474.85,24756.0,260.66,94.98,2.744,False,,True,R-desk,35,evt_S-61_desk_work_surface_0006,56160f94226673d2,lap_bag_context,no_pose_observation,34560.0,1.33,,1,cam12/e1/v1,
full,03.CCTV Mobile Usage.mkv,632de9ed55947761d56d4c6142a3cb1a1fe69d0b1a6d0e01a2e404c697962623,dfine_sahi,125300.0,keyboard,0.6814,772.5,380.17,870.52,420.32,3935.2,98.02,40.15,2.442,False,,True,R-desk,35,evt_S-61_desk_work_surface_0006,56160f94226673d2,lap_bag_context,no_pose_observation,34560.0,1.33,,1,cam12/e1/v1,
full,03.CCTV Mobile Usage.mkv,632de9ed55947761d56d4c6142a3cb1a1fe69d0b1a6d0e01a2e404c697962623,dfine_sahi,125300.0,keyboard,0.6469,962.69,452.32,1034.82,475.61,1680.1,72.13,23.29,3.096,False,,True,R-desk,35,evt_S-61_desk_work_surface_0006,56160f94226673d2,lap_bag_context,no_pose_observation,34560.0,1.33,,1,cam12/e1/v1,
full,03.CCTV Mobile Usage.mkv,632de9ed55947761d56d4c6142a3cb1a1fe69d0b1a6d0e01a2e404c697962623,dfine_sahi,125300.0,unknown_object,0.6402,700.03,411.23,872.19,506.19,16347.5,172.15,94.96,1.813,False,,True,R-desk,35,evt_S-61_desk_work_surface_0006,56160f94226673d2,lap_bag_context,no_pose_observation,34560.0,1.33,,1,cam12/e1/v1,
full,03.CCTV Mobile Usage.mkv,632de9ed55947761d56d4c6142a3cb1a1fe69d0b1a6d0e01a2e404c697962623,dfine_sahi,125300.0,monitor_or_bezel,0.6184,1018.74,395.55,1145.55,447.85,6632.4,126.81,52.3,2.425,False,,True,R-desk,35,evt_S-61_desk_work_surface_0006,56160f94226673d2,lap_bag_context,no_pose_observation,34560.0,1.33,,1,cam12/e1/v1,
full,03.CCTV Mobile Usage.mkv,632de9ed55947761d56d4c6142a3cb1a1fe69d0b1a6d0e01a2e404c697962623,dfine_sahi,125300.0,keyboard,0.5882,802.87,396.26,870.71,420.56,1648.1,67.84,24.29,2.793,False,,True,R-desk,35,evt_S-61_desk_work_surface_0006,56160f94226673d2,lap_bag_context,no_pose_observation,34560.0,1.33,,1,cam12/e1/v1,
full,03.CCTV Mobile Usage.mkv,632de9ed55947761d56d4c6142a3cb1a1fe69d0b1a6d0e01a2e404c697962623,dfine_sahi,125300.0,monitor_or_bezel,0.5872,962.87,380.42,1152.83,474.91,17949.1,189.96,94.49,2.01,False,,True,R-desk,35,evt_S-61_desk_work_surface_0006,56160f94226673d2,lap_bag_context,no_pose_observation,34560.0,1.33,,1,cam12/e1/v1,
full,03.CCTV Mobile Usage.mkv,632de9ed55947761d56d4c6142a3cb1a1fe69d0b1a6d0e01a2e404c697962623,dfine_sahi,125300.0,unknown_object,0.5163,699.99,380.49,761.59,475.1,5827.4,61.6,94.61,0.651,False,,True,R-desk,35,evt_S-61_desk_work_surface_0006,56160f94226673d2,lap_bag_context,no_pose_observation,34560.0,1.33,,1,cam12/e1/v1,
full,03.CCTV Mobile Usage.mkv,632de9ed55947761d56d4c6142a3cb1a1fe69d0b1a6d0e01a2e404c697962623,dfine_sahi,125300.0,unknown_object,0.4829,700.08,380.26,843.28,475.54,13644.6,143.2,95.28,1.503,False,,True,R-desk,35,evt_S-61_desk_work_surface_0006,56160f94226673d2,lap_bag_context,no_pose_observation,34560.0,1.33,,1,cam12/e1/v1,
full,03.CCTV Mobile Usage.mkv,632de9ed55947761d56d4c6142a3cb1a1fe69d0b1a6d0e01a2e404c697962623,dfine_sahi,125300.0,unknown_object,0.3512,764.7,411.04,969.9,505.96,19476.6,205.2,94.91,2.162,False,,True,R-desk,35,evt_S-61_desk_work_surface_0006,56160f94226673d2,lap_bag_context,no_pose_observation,34560.0,1.33,,1,cam12/e1/v1,
full,03.CCTV Mobile Usage.mkv,632de9ed55947761d56d4c6142a3cb1a1fe69d0b1a6d0e01a2e404c697962623,dfine_sahi,125300.0,mouse,0.3275,966.93,398.39,991.84,410.57,303.5,24.91,12.18,2.045,False,,True,R-desk,35,evt_S-61_desk_work_surface_0006,56160f94226673d2,lap_bag_context,no_pose_observation,34560.0,1.33,,1,cam12/e1/v1,
full,03.CCTV Mobile Usage.mkv,632de9ed55947761d56d4c6142a3cb1a1fe69d0b1a6d0e01a2e404c697962623,dfine_sahi,125300.0,keyboard,0.3072,910.11,411.32,1093.43,506.22,17397.5,183.32,94.9,1.932,False,,True,R-desk,35,evt_S-61_desk_work_surface_0006,56160f94226673d2,lap_bag_context,no_pose_observation,34560.0,1.33,,1,cam12/e1/v1,
full,03.CCTV Mobile Usage.mkv,632de9ed55947761d56d4c6142a3cb1a1fe69d0b1a6d0e01a2e404c697962623,dfine_sahi,125300.0,mouse,0.2936,990.89,400.7,1028.49,413.6,484.7,37.6,12.89,2.916,False,,True,R-desk,35,evt_S-61_desk_work_surface_0006,56160f94226673d2,lap_bag_context,no_pose_observation,34560.0,1.33,,1,cam12/e1/v1,
full,03.CCTV Mobile Usage.mkv,632de9ed55947761d56d4c6142a3cb1a1fe69d0b1a6d0e01a2e404c697962623,dfine_sahi,125300.0,keyboard,0.288,965.18,395.24,1105.23,475.11,11185.4,140.05,79.86,1.754,False,,True,R-desk,35,evt_S-61_desk_work_surface_0006,56160f94226673d2,lap_bag_context,no_pose_observation,34560.0,1.33,,1,cam12/e1/v1,
full,03.CCTV Mobile Usage.mkv,632de9ed55947761d56d4c6142a3cb1a1fe69d0b1a6d0e01a2e404c697962623,dfine_sahi,125300.0,monitor_or_bezel,0.2852,881.18,396.15,948.82,452.69,3824.7,67.64,56.54,1.196,False,,True,R-desk,35,evt_S-61_desk_work_surface_0006,56160f94226673d2,lap_bag_context,no_pose_observation,34560.0,1.33,,1,cam12/e1/v1,
full,03.CCTV Mobile Usage.mkv,632de9ed55947761d56d4c6142a3cb1a1fe69d0b1a6d0e01a2e404c697962623,dfine_sahi,125300.0,unknown_object,0.2821,880.19,411.2,969.89,505.63,8469.9,89.7,94.43,0.95,False,,True,R-desk,35,evt_S-61_desk_work_surface_0006,56160f94226673d2,lap_bag_context,no_pose_observation,34560.0,1.33,,1,cam12/e1/v1,
full,03.CCTV Mobile Usage.mkv,632de9ed55947761d56d4c6142a3cb1a1fe69d0b1a6d0e01a2e404c697962623,dfine_sahi,125300.0,keyboard,0.2635,881.91,380.23,965.82,452.95,6102.3,83.91,72.73,1.154,False,,True,R-desk,35,evt_S-61_desk_work_surface_0006,56160f94226673d2,lap_bag_context,no_pose_observation,34560.0,1.33,,1,cam12/e1/v1,
full,03.CCTV Mobile Usage.mkv,632de9ed55947761d56d4c6142a3cb1a1fe69d0b1a6d0e01a2e404c697962623,dfine_sahi,125300.0,monitor_or_bezel,0.2604,733.93,395.32,1146.2,491.03,39458.6,412.27,95.71,4.307,False,,True,R-desk,35,evt_S-61_desk_work_surface_0006,56160f94226673d2,lap_bag_context,no_pose_observation,34560.0,1.33,,1,cam12/e1/v1,
full,03.CCTV Mobile Usage.mkv,632de9ed55947761d56d4c6142a3cb1a1fe69d0b1a6d0e01a2e404c697962623,dfine_sahi,125300.0,keyboard,0.8996,962.03,451.92,1067.79,491.46,4181.5,105.76,39.54,2.675,False,,True,R-desk,34,evt_S-61_desk_work_surface_0006,56160f94226673d2,lap_bag_context,no_pose_observation,34560.0,1.33,,1,cam12/e1/v1,
full,03.CCTV Mobile Usage.mkv,632de9ed55947761d56d4c6142a3cb1a1fe69d0b1a6d0e01a2e404c697962623,dfine_sahi,125300.0,monitor_or_bezel,0.7527,910.15,411.18,1141.49,506.4,22028.4,231.34,95.22,2.43,False,,True,R-desk,34,evt_S-61_desk_work_surface_0006,56160f94226673d2,lap_bag_context,no_pose_observation,34560.0,1.33,,1,cam12/e1/v1,
full,03.CCTV Mobile Usage.mkv,632de9ed55947761d56d4c6142a3cb1a1fe69d0b1a6d0e01a2e404c697962623,dfine_sahi,125300.0,mouse,0.7077,864.9,413.41,891.41,435.06,574.0,26.51,21.65,1.224,False,,True,R-desk,34,evt_S-61_desk_work_surface_0006,56160f94226673d2,lap_bag_context,no_pose_observation,34560.0,1.33,,1,cam12/e1/v1,
full,03.CCTV Mobile Usage.mkv,632de9ed55947761d56d4c6142a3cb1a1fe69d0b1a6d0e01a2e404c697962623,dfine_sahi,125300.0,phone,0.6995,1043.3,421.72,1111.96,474.01,3590.7,68.66,52.29,1.313,False,,True,R-desk,34,evt_S-61_desk_work_surface_0006,56160f94226673d2,lap_bag_context,no_pose_observation,34560.0,1.33,,1,cam12/e1/v1,
full,03.CCTV Mobile Usage.mkv,632de9ed55947761d56d4c6142a3cb1a1fe69d0b1a6d0e01a2e404c697962623,dfine_sahi,125300.0,monitor_or_bezel,0.6873,709.09,379.88,969.75,474.85,24756.0,260.66,94.98,2.744,False,,True,R-desk,34,evt_S-61_desk_work_surface_0006,56160f94226673d2,lap_bag_context,no_pose_observation,34560.0,1.33,,1,cam12/e1/v1,
full,03.CCTV Mobile Usage.mkv,632de9ed55947761d56d4c6142a3cb1a1fe69d0b1a6d0e01a2e404c697962623,dfine_sahi,125300.0,keyboard,0.6814,772.5,380.17,870.52,420.32,3935.2,98.02,40.15,2.442,False,,True,R-desk,34,evt_S-61_desk_work_surface_0006,56160f94226673d2,lap_bag_context,no_pose_observation,34560.0,1.33,,1,cam12/e1/v1,
full,03.CCTV Mobile Usage.mkv,632de9ed55947761d56d4c6142a3cb1a1fe69d0b1a6d0e01a2e404c697962623,dfine_sahi,125300.0,keyboard,0.6469,962.69,452.32,1034.82,475.61,1680.1,72.13,23.29,3.096,False,,True,R-desk,34,evt_S-61_desk_work_surface_0006,56160f94226673d2,lap_bag_context,no_pose_observation,34560.0,1.33,,1,cam12/e1/v1,
full,03.CCTV Mobile Usage.mkv,632de9ed55947761d56d4c6142a3cb1a1fe69d0b1a6d0e01a2e404c697962623,dfine_sahi,125300.0,unknown_object,0.6402,700.03,411.23,872.19,506.19,16347.5,172.15,94.96,1.813,False,,True,R-desk,34,evt_S-61_desk_work_surface_0006,56160f94226673d2,lap_bag_context,no_pose_observation,34560.0,1.33,,1,cam12/e1/v1,
full,03.CCTV Mobile Usage.mkv,632de9ed55947761d56d4c6142a3cb1a1fe69d0b1a6d0e01a2e404c697962623,dfine_sahi,125300.0,monitor_or_bezel,0.6184,1018.74,395.55,1145.55,447.85,6632.4,126.81,52.3,2.425,False,,True,R-desk,34,evt_S-61_desk_work_surface_0006,56160f94226673d2,lap_bag_context,no_pose_observation,34560.0,1.33,,1,cam12/e1/v1,
full,03.CCTV Mobile Usage.mkv,632de9ed55947761d56d4c6142a3cb1a1fe69d0b1a6d0e01a2e404c697962623,dfine_sahi,125300.0,keyboard,0.5882,802.87,396.26,870.71,420.56,1648.1,67.84,24.29,2.793,False,,True,R-desk,34,evt_S-61_desk_work_surface_0006,56160f94226673d2,lap_bag_context,no_pose_observation,34560.0,1.33,,1,cam12/e1/v1,
full,03.CCTV Mobile Usage.mkv,632de9ed55947761d56d4c6142a3cb1a1fe69d0b1a6d0e01a2e404c697962623,dfine_sahi,125300.0,monitor_or_bezel,0.5872,962.87,380.42,1152.83,474.91,17949.1,189.96,94.49,2.01,False,,True,R-desk,34,evt_S-61_desk_work_surface_0006,56160f94226673d2,lap_bag_context,no_pose_observation,34560.0,1.33,,1,cam12/e1/v1,
full,03.CCTV Mobile Usage.mkv,632de9ed55947761d56d4c6142a3cb1a1fe69d0b1a6d0e01a2e404c697962623,dfine_sahi,125300.0,unknown_object,0.5163,699.99,380.49,761.59,475.1,5827.4,61.6,94.61,0.651,False,,True,R-desk,34,evt_S-61_desk_work_surface_0006,56160f94226673d2,lap_bag_context,no_pose_observation,34560.0,1.33,,1,cam12/e1/v1,
full,03.CCTV Mobile Usage.mkv,632de9ed55947761d56d4c6142a3cb1a1fe69d0b1a6d0e01a2e404c697962623,dfine_sahi,125300.0,unknown_object,0.4829,700.08,380.26,843.28,475.54,13644.6,143.2,95.28,1.503,False,,True,R-desk,34,evt_S-61_desk_work_surface_0006,56160f94226673d2,lap_bag_context,no_pose_observation,34560.0,1.33,,1,cam12/e1/v1,
full,03.CCTV Mobile Usage.mkv,632de9ed55947761d56d4c6142a3cb1a1fe69d0b1a6d0e01a2e404c697962623,dfine_sahi,125300.0,unknown_object,0.3512,764.7,411.04,969.9,505.96,19476.6,205.2,94.91,2.162,False,,True,R-desk,34,evt_S-61_desk_work_surface_0006,56160f94226673d2,lap_bag_context,no_pose_observation,34560.0,1.33,,1,cam12/e1/v1,
full,03.CCTV Mobile Usage.mkv,632de9ed55947761d56d4c6142a3cb1a1fe69d0b1a6d0e01a2e404c697962623,dfine_sahi,125300.0,mouse,0.3275,966.93,398.39,991.84,410.57,303.5,24.91,12.18,2.045,False,,True,R-desk,34,evt_S-61_desk_work_surface_0006,56160f94226673d2,lap_bag_context,no_pose_observation,34560.0,1.33,,1,cam12/e1/v1,
full,03.CCTV Mobile Usage.mkv,632de9ed55947761d56d4c6142a3cb1a1fe69d0b1a6d0e01a2e404c697962623,dfine_sahi,125300.0,keyboard,0.3072,910.11,411.32,1093.43,506.22,17397.5,183.32,94.9,1.932,False,,True,R-desk,34,evt_S-61_desk_work_surface_0006,56160f94226673d2,lap_bag_context,no_pose_observation,34560.0,1.33,,1,cam12/e1/v1,
full,03.CCTV Mobile Usage.mkv,632de9ed55947761d56d4c6142a3cb1a1fe69d0b1a6d0e01a2e404c697962623,dfine_sahi,125300.0,mouse,0.2936,990.89,400.7,1028.49,413.6,484.7,37.6,12.89,2.916,False,,True,R-desk,34,evt_S-61_desk_work_surface_0006,56160f94226673d2,lap_bag_context,no_pose_observation,34560.0,1.33,,1,cam12/e1/v1,
full,03.CCTV Mobile Usage.mkv,632de9ed55947761d56d4c6142a3cb1a1fe69d0b1a6d0e01a2e404c697962623,dfine_sahi,125300.0,keyboard,0.288,965.18,395.24,1105.23,475.11,11185.4,140.05,79.86,1.754,False,,True,R-desk,34,evt_S-61_desk_work_surface_0006,56160f94226673d2,lap_bag_context,no_pose_observation,34560.0,1.33,,1,cam12/e1/v1,
full,03.CCTV Mobile Usage.mkv,632de9ed55947761d56d4c6142a3cb1a1fe69d0b1a6d0e01a2e404c697962623,dfine_sahi,125300.0,monitor_or_bezel,0.2852,881.18,396.15,948.82,452.69,3824.7,67.64,56.54,1.196,False,,True,R-desk,34,evt_S-61_desk_work_surface_0006,56160f94226673d2,lap_bag_context,no_pose_observation,34560.0,1.33,,1,cam12/e1/v1,
full,03.CCTV Mobile Usage.mkv,632de9ed55947761d56d4c6142a3cb1a1fe69d0b1a6d0e01a2e404c697962623,dfine_sahi,125300.0,unknown_object,0.2821,880.19,411.2,969.89,505.63,8469.9,89.7,94.43,0.95,False,,True,R-desk,34,evt_S-61_desk_work_surface_0006,56160f94226673d2,lap_bag_context,no_pose_observation,34560.0,1.33,,1,cam12/e1/v1,
full,03.CCTV Mobile Usage.mkv,632de9ed55947761d56d4c6142a3cb1a1fe69d0b1a6d0e01a2e404c697962623,dfine_sahi,125300.0,keyboard,0.2635,881.91,380.23,965.82,452.95,6102.3,83.91,72.73,1.154,False,,True,R-desk,34,evt_S-61_desk_work_surface_0006,56160f94226673d2,lap_bag_context,no_pose_observation,34560.0,1.33,,1,cam12/e1/v1,
full,03.CCTV Mobile Usage.mkv,632de9ed55947761d56d4c6142a3cb1a1fe69d0b1a6d0e01a2e404c697962623,dfine_sahi,125300.0,monitor_or_bezel,0.2604,733.93,395.32,1146.2,491.03,39458.6,412.27,95.71,4.307,False,,True,R-desk,34,evt_S-61_desk_work_surface_0006,56160f94226673d2,lap_bag_context,no_pose_observation,34560.0,1.33,,1,cam12/e1/v1,
full,03.CCTV Mobile Usage.mkv,632de9ed55947761d56d4c6142a3cb1a1fe69d0b1a6d0e01a2e404c697962623,dfine_sahi,125300.0,secondary_paper_chit,0.5929,61.34,436.56,177.28,505.14,7951.1,115.94,68.58,1.691,False,,True,S-61,33,evt_S-61_desk_work_surface_0006,a8821403c5f877ef,pose_hand_context,,45169.0,2.92,,1,cam12/e1/v1,rtmpose_baseline
full,03.CCTV Mobile Usage.mkv,632de9ed55947761d56d4c6142a3cb1a1fe69d0b1a6d0e01a2e404c697962623,dfine_sahi,125300.0,unknown_object,0.5618,89.91,436.5,177.04,505.06,5973.9,87.13,68.56,1.271,False,,True,S-61,33,evt_S-61_desk_work_surface_0006,a8821403c5f877ef,pose_hand_context,,45169.0,2.92,,1,cam12/e1/v1,rtmpose_baseline
full,03.CCTV Mobile Usage.mkv,632de9ed55947761d56d4c6142a3cb1a1fe69d0b1a6d0e01a2e404c697962623,dfine_sahi,125300.0,unknown_object,0.5296,-0.21,331.14,114.95,454.45,14200.1,115.16,123.31,0.934,False,,True,S-61,33,evt_S-61_desk_work_surface_0006,a8821403c5f877ef,pose_hand_context,,45169.0,2.92,,1,cam12/e1/v1,rtmpose_baseline
full,03.CCTV Mobile Usage.mkv,632de9ed55947761d56d4c6142a3cb1a1fe69d0b1a6d0e01a2e404c697962623,dfine_sahi,125300.0,unknown_object,0.5149,89.98,427.34,205.05,550.53,14176.3,115.08,123.19,0.934,False,,True,S-61,33,evt_S-61_desk_work_surface_0006,a8821403c5f877ef,pose_hand_context,,45169.0,2.92,,1,cam12/e1/v1,rtmpose_baseline
full,03.CCTV Mobile Usage.mkv,632de9ed55947761d56d4c6142a3cb1a1fe69d0b1a6d0e01a2e404c697962623,dfine_sahi,125300.0,unknown_object,0.4755,89.97,365.7,205.08,454.49,10222.0,115.12,88.8,1.296,False,,True,S-61,33,evt_S-61_desk_work_surface_0006,a8821403c5f877ef,pose_hand_context,,45169.0,2.92,,1,cam12/e1/v1,rtmpose_baseline
full,03.CCTV Mobile Usage.mkv,632de9ed55947761d56d4c6142a3cb1a1fe69d0b1a6d0e01a2e404c697962623,dfine_sahi,125300.0,monitor_or_bezel,0.4447,-0.41,493.96,179.68,550.74,10225.9,180.1,56.78,3.172,False,,True,S-61,33,evt_S-61_desk_work_surface_0006,a8821403c5f877ef,pose_hand_context,,45169.0,2.92,,1,cam12/e1/v1,rtmpose_baseline
full,03.CCTV Mobile Usage.mkv,632de9ed55947761d56d4c6142a3cb1a1fe69d0b1a6d0e01a2e404c697962623,dfine_sahi,125300.0,phone,0.3527,43.31,450.62,69.48,472.17,563.9,26.16,21.56,1.214,False,,True,S-61,33,evt_S-61_desk_work_surface_0006,a8821403c5f877ef,pose_hand_context,,45169.0,2.92,,1,cam12/e1/v1,rtmpose_baseline
full,03.CCTV Mobile Usage.mkv,632de9ed55947761d56d4c6142a3cb1a1fe69d0b1a6d0e01a2e404c697962623,dfine_sahi,125300.0,unknown_object,0.3008,-0.22,331.24,203.84,550.24,44688.0,204.06,219.0,0.932,False,,True,S-61,33,evt_S-61_desk_work_surface_0006,a8821403c5f877ef,pose_hand_context,,45169.0,2.92,,1,cam12/e1/v1,rtmpose_baseline
full,03.CCTV Mobile Usage.mkv,632de9ed55947761d56d4c6142a3cb1a1fe69d0b1a6d0e01a2e404c697962623,dfine_sahi,125300.0,secondary_paper_chit,0.2859,86.16,451.31,145.11,500.22,2883.1,58.95,48.91,1.205,False,,True,S-61,33,evt_S-61_desk_work_surface_0006,a8821403c5f877ef,pose_hand_context,,45169.0,2.92,,1,cam12/e1/v1,rtmpose_baseline
full,03.CCTV Mobile Usage.mkv,632de9ed55947761d56d4c6142a3cb1a1fe69d0b1a6d0e01a2e404c697962623,dfine_sahi,125300.0,secondary_paper_chit,0.2847,134.61,492.26,178.15,522.01,1295.4,43.54,29.75,1.464,False,,True,S-61,33,evt_S-61_desk_work_surface_0006,a8821403c5f877ef,pose_hand_context,,45169.0,2.92,,1,cam12/e1/v1,rtmpose_baseline
full,03.CCTV Mobile Usage.mkv,632de9ed55947761d56d4c6142a3cb1a1fe69d0b1a6d0e01a2e404c697962623,dfine_sahi,125300.0,secondary_paper_chit,0.2784,110.37,437.03,176.8,488.51,3419.9,66.43,51.48,1.29,False,,True,S-61,33,evt_S-61_desk_work_surface_0006,a8821403c5f877ef,pose_hand_context,,45169.0,2.92,,1,cam12/e1/v1,rtmpose_baseline
full,03.CCTV Mobile Usage.mkv,632de9ed55947761d56d4c6142a3cb1a1fe69d0b1a6d0e01a2e404c697962623,dfine_sahi,125300.0,unknown_object,0.2749,46.66,509.75,85.33,550.88,1590.8,38.67,41.13,0.94,False,,True,S-61,33,evt_S-61_desk_work_surface_0006,a8821403c5f877ef,pose_hand_context,,45169.0,2.92,,1,cam12/e1/v1,rtmpose_baseline
full,03.CCTV Mobile Usage.mkv,632de9ed55947761d56d4c6142a3cb1a1fe69d0b1a6d0e01a2e404c697962623,dfine_sahi,125300.0,unknown_object,0.2743,142.84,493.98,177.77,522.65,1001.3,34.94,28.66,1.219,False,,True,S-61,33,evt_S-61_desk_work_surface_0006,a8821403c5f877ef,pose_hand_context,,45169.0,2.92,,1,cam12/e1/v1,rtmpose_baseline
full,03.CCTV Mobile Usage.mkv,632de9ed55947761d56d4c6142a3cb1a1fe69d0b1a6d0e01a2e404c697962623,dfine_sahi,125300.0,unknown_object,0.2722,157.09,431.49,200.42,481.56,2169.7,43.33,50.07,0.865,False,,True,S-61,33,evt_S-61_desk_work_surface_0006,a8821403c5f877ef,pose_hand_context,,45169.0,2.92,,1,cam12/e1/v1,rtmpose_baseline
full,03.CCTV Mobile Usage.mkv,632de9ed55947761d56d4c6142a3cb1a1fe69d0b1a6d0e01a2e404c697962623,dfine_sahi,125300.0,unknown_object,0.2671,60.97,450.04,115.01,504.87,2963.0,54.04,54.83,0.986,False,,True,S-61,33,evt_S-61_desk_work_surface_0006,a8821403c5f877ef,pose_hand_context,,45169.0,2.92,,1,cam12/e1/v1,rtmpose_baseline
full,03.CCTV Mobile Usage.mkv,632de9ed55947761d56d4c6142a3cb1a1fe69d0b1a6d0e01a2e404c697962623,dfine_sahi,125300.0,unknown_object,0.2648,37.59,422.9,115.01,454.87,2475.2,77.42,31.97,2.422,False,,True,S-61,33,evt_S-61_desk_work_surface_0006,a8821403c5f877ef,pose_hand_context,,45169.0,2.92,,1,cam12/e1/v1,rtmpose_baseline
full,03.CCTV Mobile Usage.mkv,632de9ed55947761d56d4c6142a3cb1a1fe69d0b1a6d0e01a2e404c697962623,dfine_sahi,125300.0,unknown_object,0.2618,90.02,427.06,194.35,455.6,2977.5,104.33,28.54,3.656,False,,True,S-61,33,evt_S-61_desk_work_surface_0006,a8821403c5f877ef,pose_hand_context,,45169.0,2.92,,1,cam12/e1/v1,rtmpose_baseline
full,03.CCTV Mobile Usage.mkv,632de9ed55947761d56d4c6142a3cb1a1fe69d0b1a6d0e01a2e404c697962623,dfine_sahi,125300.0,unknown_object,0.2566,25.85,331.08,130.28,385.38,5670.6,104.43,54.3,1.923,False,,True,S-61,33,evt_S-61_desk_work_surface_0006,a8821403c5f877ef,pose_hand_context,,45169.0,2.92,,1,cam12/e1/v1,rtmpose_baseline
full,03.CCTV Mobile Usage.mkv,632de9ed55947761d56d4c6142a3cb1a1fe69d0b1a6d0e01a2e404c697962623,dfine_sahi,125367.0,keyboard,0.8996,962.03,451.92,1067.79,491.46,4181.5,105.76,39.54,2.675,False,,True,R-desk,35,evt_S-61_upper_body_0021,2c7c0bf013ad73fc,lap_bag_context,no_pose_observation,34560.0,1.33,,1,cam12/e1/v1,
full,03.CCTV Mobile Usage.mkv,632de9ed55947761d56d4c6142a3cb1a1fe69d0b1a6d0e01a2e404c697962623,dfine_sahi,125367.0,monitor_or_bezel,0.7527,910.15,411.18,1141.49,506.4,22028.4,231.34,95.22,2.43,False,,True,R-desk,35,evt_S-61_upper_body_0021,2c7c0bf013ad73fc,lap_bag_context,no_pose_observation,34560.0,1.33,,1,cam12/e1/v1,
full,03.CCTV Mobile Usage.mkv,632de9ed55947761d56d4c6142a3cb1a1fe69d0b1a6d0e01a2e404c697962623,dfine_sahi,125367.0,mouse,0.7077,864.9,413.41,891.41,435.06,574.0,26.51,21.65,1.224,False,,True,R-desk,35,evt_S-61_upper_body_0021,2c7c0bf013ad73fc,lap_bag_context,no_pose_observation,34560.0,1.33,,1,cam12/e1/v1,
full,03.CCTV Mobile Usage.mkv,632de9ed55947761d56d4c6142a3cb1a1fe69d0b1a6d0e01a2e404c697962623,dfine_sahi,125367.0,phone,0.6995,1043.3,421.72,1111.96,474.01,3590.7,68.66,52.29,1.313,False,,True,R-desk,35,evt_S-61_upper_body_0021,2c7c0bf013ad73fc,lap_bag_context,no_pose_observation,34560.0,1.33,,1,cam12/e1/v1,
full,03.CCTV Mobile Usage.mkv,632de9ed55947761d56d4c6142a3cb1a1fe69d0b1a6d0e01a2e404c697962623,dfine_sahi,125367.0,monitor_or_bezel,0.6873,709.09,379.88,969.75,474.85,24756.0,260.66,94.98,2.744,False,,True,R-desk,35,evt_S-61_upper_body_0021,2c7c0bf013ad73fc,lap_bag_context,no_pose_observation,34560.0,1.33,,1,cam12/e1/v1,
full,03.CCTV Mobile Usage.mkv,632de9ed55947761d56d4c6142a3cb1a1fe69d0b1a6d0e01a2e404c697962623,dfine_sahi,125367.0,keyboard,0.6814,772.5,380.17,870.52,420.32,3935.2,98.02,40.15,2.442,False,,True,R-desk,35,evt_S-61_upper_body_0021,2c7c0bf013ad73fc,lap_bag_context,no_pose_observation,34560.0,1.33,,1,cam12/e1/v1,
full,03.CCTV Mobile Usage.mkv,632de9ed55947761d56d4c6142a3cb1a1fe69d0b1a6d0e01a2e404c697962623,dfine_sahi,125367.0,keyboard,0.6469,962.69,452.32,1034.82,475.61,1680.1,72.13,23.29,3.096,False,,True,R-desk,35,evt_S-61_upper_body_0021,2c7c0bf013ad73fc,lap_bag_context,no_pose_observation,34560.0,1.33,,1,cam12/e1/v1,
full,03.CCTV Mobile Usage.mkv,632de9ed55947761d56d4c6142a3cb1a1fe69d0b1a6d0e01a2e404c697962623,dfine_sahi,125367.0,unknown_object,0.6402,700.03,411.23,872.19,506.19,16347.5,172.15,94.96,1.813,False,,True,R-desk,35,evt_S-61_upper_body_0021,2c7c0bf013ad73fc,lap_bag_context,no_pose_observation,34560.0,1.33,,1,cam12/e1/v1,
full,03.CCTV Mobile Usage.mkv,632de9ed55947761d56d4c6142a3cb1a1fe69d0b1a6d0e01a2e404c697962623,dfine_sahi,125367.0,monitor_or_bezel,0.6184,1018.74,395.55,1145.55,447.85,6632.4,126.81,52.3,2.425,False,,True,R-desk,35,evt_S-61_upper_body_0021,2c7c0bf013ad73fc,lap_bag_context,no_pose_observation,34560.0,1.33,,1,cam12/e1/v1,
full,03.CCTV Mobile Usage.mkv,632de9ed55947761d56d4c6142a3cb1a1fe69d0b1a6d0e01a2e404c697962623,dfine_sahi,125367.0,keyboard,0.5882,802.87,396.26,870.71,420.56,1648.1,67.84,24.29,2.793,False,,True,R-desk,35,evt_S-61_upper_body_0021,2c7c0bf013ad73fc,lap_bag_context,no_pose_observation,34560.0,1.33,,1,cam12/e1/v1,
full,03.CCTV Mobile Usage.mkv,632de9ed55947761d56d4c6142a3cb1a1fe69d0b1a6d0e01a2e404c697962623,dfine_sahi,125367.0,monitor_or_bezel,0.5872,962.87,380.42,1152.83,474.91,17949.1,189.96,94.49,2.01,False,,True,R-desk,35,evt_S-61_upper_body_0021,2c7c0bf013ad73fc,lap_bag_context,no_pose_observation,34560.0,1.33,,1,cam12/e1/v1,
full,03.CCTV Mobile Usage.mkv,632de9ed55947761d56d4c6142a3cb1a1fe69d0b1a6d0e01a2e404c697962623,dfine_sahi,125367.0,unknown_object,0.5163,699.99,380.49,761.59,475.1,5827.4,61.6,94.61,0.651,False,,True,R-desk,35,evt_S-61_upper_body_0021,2c7c0bf013ad73fc,lap_bag_context,no_pose_observation,34560.0,1.33,,1,cam12/e1/v1,
full,03.CCTV Mobile Usage.mkv,632de9ed55947761d56d4c6142a3cb1a1fe69d0b1a6d0e01a2e404c697962623,dfine_sahi,125367.0,unknown_object,0.4829,700.08,380.26,843.28,475.54,13644.6,143.2,95.28,1.503,False,,True,R-desk,35,evt_S-61_upper_body_0021,2c7c0bf013ad73fc,lap_bag_context,no_pose_observation,34560.0,1.33,,1,cam12/e1/v1,
full,03.CCTV Mobile Usage.mkv,632de9ed55947761d56d4c6142a3cb1a1fe69d0b1a6d0e01a2e404c697962623,dfine_sahi,125367.0,unknown_object,0.3512,764.7,411.04,969.9,505.96,19476.6,205.2,94.91,2.162,False,,True,R-desk,35,evt_S-61_upper_body_0021,2c7c0bf013ad73fc,lap_bag_context,no_pose_observation,34560.0,1.33,,1,cam12/e1/v1,
full,03.CCTV Mobile Usage.mkv,632de9ed55947761d56d4c6142a3cb1a1fe69d0b1a6d0e01a2e404c697962623,dfine_sahi,125367.0,mouse,0.3275,966.93,398.39,991.84,410.57,303.5,24.91,12.18,2.045,False,,True,R-desk,35,evt_S-61_upper_body_0021,2c7c0bf013ad73fc,lap_bag_context,no_pose_observation,34560.0,1.33,,1,cam12/e1/v1,
full,03.CCTV Mobile Usage.mkv,632de9ed55947761d56d4c6142a3cb1a1fe69d0b1a6d0e01a2e404c697962623,dfine_sahi,125367.0,keyboard,0.3072,910.11,411.32,1093.43,506.22,17397.5,183.32,94.9,1.932,False,,True,R-desk,35,evt_S-61_upper_body_0021,2c7c0bf013ad73fc,lap_bag_context,no_pose_observation,34560.0,1.33,,1,cam12/e1/v1,
full,03.CCTV Mobile Usage.mkv,632de9ed55947761d56d4c6142a3cb1a1fe69d0b1a6d0e01a2e404c697962623,dfine_sahi,125367.0,mouse,0.2936,990.89,400.7,1028.49,413.6,484.7,37.6,12.89,2.916,False,,True,R-desk,35,evt_S-61_upper_body_0021,2c7c0bf013ad73fc,lap_bag_context,no_pose_observation,34560.0,1.33,,1,cam12/e1/v1,
full,03.CCTV Mobile Usage.mkv,632de9ed55947761d56d4c6142a3cb1a1fe69d0b1a6d0e01a2e404c697962623,dfine_sahi,125367.0,keyboard,0.288,965.18,395.24,1105.23,475.11,11185.4,140.05,79.86,1.754,False,,True,R-desk,35,evt_S-61_upper_body_0021,2c7c0bf013ad73fc,lap_bag_context,no_pose_observation,34560.0,1.33,,1,cam12/e1/v1,
full,03.CCTV Mobile Usage.mkv,632de9ed55947761d56d4c6142a3cb1a1fe69d0b1a6d0e01a2e404c697962623,dfine_sahi,125367.0,monitor_or_bezel,0.2852,881.18,396.15,948.82,452.69,3824.7,67.64,56.54,1.196,False,,True,R-desk,35,evt_S-61_upper_body_0021,2c7c0bf013ad73fc,lap_bag_context,no_pose_observation,34560.0,1.33,,1,cam12/e1/v1,
full,03.CCTV Mobile Usage.mkv,632de9ed55947761d56d4c6142a3cb1a1fe69d0b1a6d0e01a2e404c697962623,dfine_sahi,125367.0,unknown_object,0.2821,880.19,411.2,969.89,505.63,8469.9,89.7,94.43,0.95,False,,True,R-desk,35,evt_S-61_upper_body_0021,2c7c0bf013ad73fc,lap_bag_context,no_pose_observation,34560.0,1.33,,1,cam12/e1/v1,
full,03.CCTV Mobile Usage.mkv,632de9ed55947761d56d4c6142a3cb1a1fe69d0b1a6d0e01a2e404c697962623,dfine_sahi,125367.0,keyboard,0.2635,881.91,380.23,965.82,452.95,6102.3,83.91,72.73,1.154,False,,True,R-desk,35,evt_S-61_upper_body_0021,2c7c0bf013ad73fc,lap_bag_context,no_pose_observation,34560.0,1.33,,1,cam12/e1/v1,
full,03.CCTV Mobile Usage.mkv,632de9ed55947761d56d4c6142a3cb1a1fe69d0b1a6d0e01a2e404c697962623,dfine_sahi,125367.0,monitor_or_bezel,0.2604,733.93,395.32,1146.2,491.03,39458.6,412.27,95.71,4.307,False,,True,R-desk,35,evt_S-61_upper_body_0021,2c7c0bf013ad73fc,lap_bag_context,no_pose_observation,34560.0,1.33,,1,cam12/e1/v1,
full,03.CCTV Mobile Usage.mkv,632de9ed55947761d56d4c6142a3cb1a1fe69d0b1a6d0e01a2e404c697962623,dfine_sahi,125367.0,keyboard,0.8996,962.03,451.92,1067.79,491.46,4181.5,105.76,39.54,2.675,False,,True,R-desk,34,evt_S-61_upper_body_0021,2c7c0bf013ad73fc,lap_bag_context,no_pose_observation,34560.0,1.33,,1,cam12/e1/v1,
full,03.CCTV Mobile Usage.mkv,632de9ed55947761d56d4c6142a3cb1a1fe69d0b1a6d0e01a2e404c697962623,dfine_sahi,125367.0,monitor_or_bezel,0.7527,910.15,411.18,1141.49,506.4,22028.4,231.34,95.22,2.43,False,,True,R-desk,34,evt_S-61_upper_body_0021,2c7c0bf013ad73fc,lap_bag_context,no_pose_observation,34560.0,1.33,,1,cam12/e1/v1,
full,03.CCTV Mobile Usage.mkv,632de9ed55947761d56d4c6142a3cb1a1fe69d0b1a6d0e01a2e404c697962623,dfine_sahi,125367.0,mouse,0.7077,864.9,413.41,891.41,435.06,574.0,26.51,21.65,1.224,False,,True,R-desk,34,evt_S-61_upper_body_0021,2c7c0bf013ad73fc,lap_bag_context,no_pose_observation,34560.0,1.33,,1,cam12/e1/v1,
full,03.CCTV Mobile Usage.mkv,632de9ed55947761d56d4c6142a3cb1a1fe69d0b1a6d0e01a2e404c697962623,dfine_sahi,125367.0,phone,0.6995,1043.3,421.72,1111.96,474.01,3590.7,68.66,52.29,1.313,False,,True,R-desk,34,evt_S-61_upper_body_0021,2c7c0bf013ad73fc,lap_bag_context,no_pose_observation,34560.0,1.33,,1,cam12/e1/v1,
full,03.CCTV Mobile Usage.mkv,632de9ed55947761d56d4c6142a3cb1a1fe69d0b1a6d0e01a2e404c697962623,dfine_sahi,125367.0,monitor_or_bezel,0.6873,709.09,379.88,969.75,474.85,24756.0,260.66,94.98,2.744,False,,True,R-desk,34,evt_S-61_upper_body_0021,2c7c0bf013ad73fc,lap_bag_context,no_pose_observation,34560.0,1.33,,1,cam12/e1/v1,
full,03.CCTV Mobile Usage.mkv,632de9ed55947761d56d4c6142a3cb1a1fe69d0b1a6d0e01a2e404c697962623,dfine_sahi,125367.0,keyboard,0.6814,772.5,380.17,870.52,420.32,3935.2,98.02,40.15,2.442,False,,True,R-desk,34,evt_S-61_upper_body_0021,2c7c0bf013ad73fc,lap_bag_context,no_pose_observation,34560.0,1.33,,1,cam12/e1/v1,
full,03.CCTV Mobile Usage.mkv,632de9ed55947761d56d4c6142a3cb1a1fe69d0b1a6d0e01a2e404c697962623,dfine_sahi,125367.0,keyboard,0.6469,962.69,452.32,1034.82,475.61,1680.1,72.13,23.29,3.096,False,,True,R-desk,34,evt_S-61_upper_body_0021,2c7c0bf013ad73fc,lap_bag_context,no_pose_observation,34560.0,1.33,,1,cam12/e1/v1,
full,03.CCTV Mobile Usage.mkv,632de9ed55947761d56d4c6142a3cb1a1fe69d0b1a6d0e01a2e404c697962623,dfine_sahi,125367.0,unknown_object,0.6402,700.03,411.23,872.19,506.19,16347.5,172.15,94.96,1.813,False,,True,R-desk,34,evt_S-61_upper_body_0021,2c7c0bf013ad73fc,lap_bag_context,no_pose_observation,34560.0,1.33,,1,cam12/e1/v1,
full,03.CCTV Mobile Usage.mkv,632de9ed55947761d56d4c6142a3cb1a1fe69d0b1a6d0e01a2e404c697962623,dfine_sahi,125367.0,monitor_or_bezel,0.6184,1018.74,395.55,1145.55,447.85,6632.4,126.81,52.3,2.425,False,,True,R-desk,34,evt_S-61_upper_body_0021,2c7c0bf013ad73fc,lap_bag_context,no_pose_observation,34560.0,1.33,,1,cam12/e1/v1,
full,03.CCTV Mobile Usage.mkv,632de9ed55947761d56d4c6142a3cb1a1fe69d0b1a6d0e01a2e404c697962623,dfine_sahi,125367.0,keyboard,0.5882,802.87,396.26,870.71,420.56,1648.1,67.84,24.29,2.793,False,,True,R-desk,34,evt_S-61_upper_body_0021,2c7c0bf013ad73fc,lap_bag_context,no_pose_observation,34560.0,1.33,,1,cam12/e1/v1,
full,03.CCTV Mobile Usage.mkv,632de9ed55947761d56d4c6142a3cb1a1fe69d0b1a6d0e01a2e404c697962623,dfine_sahi,125367.0,monitor_or_bezel,0.5872,962.87,380.42,1152.83,474.91,17949.1,189.96,94.49,2.01,False,,True,R-desk,34,evt_S-61_upper_body_0021,2c7c0bf013ad73fc,lap_bag_context,no_pose_observation,34560.0,1.33,,1,cam12/e1/v1,
full,03.CCTV Mobile Usage.mkv,632de9ed55947761d56d4c6142a3cb1a1fe69d0b1a6d0e01a2e404c697962623,dfine_sahi,125367.0,unknown_object,0.5163,699.99,380.49,761.59,475.1,5827.4,61.6,94.61,0.651,False,,True,R-desk,34,evt_S-61_upper_body_0021,2c7c0bf013ad73fc,lap_bag_context,no_pose_observation,34560.0,1.33,,1,cam12/e1/v1,
full,03.CCTV Mobile Usage.mkv,632de9ed55947761d56d4c6142a3cb1a1fe69d0b1a6d0e01a2e404c697962623,dfine_sahi,125367.0,unknown_object,0.4829,700.08,380.26,843.28,475.54,13644.6,143.2,95.28,1.503,False,,True,R-desk,34,evt_S-61_upper_body_0021,2c7c0bf013ad73fc,lap_bag_context,no_pose_observation,34560.0,1.33,,1,cam12/e1/v1,
full,03.CCTV Mobile Usage.mkv,632de9ed55947761d56d4c6142a3cb1a1fe69d0b1a6d0e01a2e404c697962623,dfine_sahi,125367.0,unknown_object,0.3512,764.7,411.04,969.9,505.96,19476.6,205.2,94.91,2.162,False,,True,R-desk,34,evt_S-61_upper_body_0021,2c7c0bf013ad73fc,lap_bag_context,no_pose_observation,34560.0,1.33,,1,cam12/e1/v1,
full,03.CCTV Mobile Usage.mkv,632de9ed55947761d56d4c6142a3cb1a1fe69d0b1a6d0e01a2e404c697962623,dfine_sahi,125367.0,mouse,0.3275,966.93,398.39,991.84,410.57,303.5,24.91,12.18,2.045,False,,True,R-desk,34,evt_S-61_upper_body_0021,2c7c0bf013ad73fc,lap_bag_context,no_pose_observation,34560.0,1.33,,1,cam12/e1/v1,
full,03.CCTV Mobile Usage.mkv,632de9ed55947761d56d4c6142a3cb1a1fe69d0b1a6d0e01a2e404c697962623,dfine_sahi,125367.0,keyboard,0.3072,910.11,411.32,1093.43,506.22,17397.5,183.32,94.9,1.932,False,,True,R-desk,34,evt_S-61_upper_body_0021,2c7c0bf013ad73fc,lap_bag_context,no_pose_observation,34560.0,1.33,,1,cam12/e1/v1,
full,03.CCTV Mobile Usage.mkv,632de9ed55947761d56d4c6142a3cb1a1fe69d0b1a6d0e01a2e404c697962623,dfine_sahi,125367.0,mouse,0.2936,990.89,400.7,1028.49,413.6,484.7,37.6,12.89,2.916,False,,True,R-desk,34,evt_S-61_upper_body_0021,2c7c0bf013ad73fc,lap_bag_context,no_pose_observation,34560.0,1.33,,1,cam12/e1/v1,
full,03.CCTV Mobile Usage.mkv,632de9ed55947761d56d4c6142a3cb1a1fe69d0b1a6d0e01a2e404c697962623,dfine_sahi,125367.0,keyboard,0.288,965.18,395.24,1105.23,475.11,11185.4,140.05,79.86,1.754,False,,True,R-desk,34,evt_S-61_upper_body_0021,2c7c0bf013ad73fc,lap_bag_context,no_pose_observation,34560.0,1.33,,1,cam12/e1/v1,
full,03.CCTV Mobile Usage.mkv,632de9ed55947761d56d4c6142a3cb1a1fe69d0b1a6d0e01a2e404c697962623,dfine_sahi,125367.0,monitor_or_bezel,0.2852,881.18,396.15,948.82,452.69,3824.7,67.64,56.54,1.196,False,,True,R-desk,34,evt_S-61_upper_body_0021,2c7c0bf013ad73fc,lap_bag_context,no_pose_observation,34560.0,1.33,,1,cam12/e1/v1,
full,03.CCTV Mobile Usage.mkv,632de9ed55947761d56d4c6142a3cb1a1fe69d0b1a6d0e01a2e404c697962623,dfine_sahi,125367.0,unknown_object,0.2821,880.19,411.2,969.89,505.63,8469.9,89.7,94.43,0.95,False,,True,R-desk,34,evt_S-61_upper_body_0021,2c7c0bf013ad73fc,lap_bag_context,no_pose_observation,34560.0,1.33,,1,cam12/e1/v1,
full,03.CCTV Mobile Usage.mkv,632de9ed55947761d56d4c6142a3cb1a1fe69d0b1a6d0e01a2e404c697962623,dfine_sahi,125367.0,keyboard,0.2635,881.91,380.23,965.82,452.95,6102.3,83.91,72.73,1.154,False,,True,R-desk,34,evt_S-61_upper_body_0021,2c7c0bf013ad73fc,lap_bag_context,no_pose_observation,34560.0,1.33,,1,cam12/e1/v1,
full,03.CCTV Mobile Usage.mkv,632de9ed55947761d56d4c6142a3cb1a1fe69d0b1a6d0e01a2e404c697962623,dfine_sahi,125367.0,monitor_or_bezel,0.2604,733.93,395.32,1146.2,491.03,39458.6,412.27,95.71,4.307,False,,True,R-desk,34,evt_S-61_upper_body_0021,2c7c0bf013ad73fc,lap_bag_context,no_pose_observation,34560.0,1.33,,1,cam12/e1/v1,
full,03.CCTV Mobile Usage.mkv,632de9ed55947761d56d4c6142a3cb1a1fe69d0b1a6d0e01a2e404c697962623,dfine_sahi,125367.0,secondary_paper_chit,0.5929,61.34,436.56,177.28,505.14,7951.1,115.94,68.58,1.691,False,,True,S-61,33,evt_S-61_upper_body_0021,a571edfedd6768b6,pose_hand_context,,45169.0,2.92,,1,cam12/e1/v1,rtmpose_baseline
full,03.CCTV Mobile Usage.mkv,632de9ed55947761d56d4c6142a3cb1a1fe69d0b1a6d0e01a2e404c697962623,dfine_sahi,125367.0,unknown_object,0.5618,89.91,436.5,177.04,505.06,5973.9,87.13,68.56,1.271,False,,True,S-61,33,evt_S-61_upper_body_0021,a571edfedd6768b6,pose_hand_context,,45169.0,2.92,,1,cam12/e1/v1,rtmpose_baseline
full,03.CCTV Mobile Usage.mkv,632de9ed55947761d56d4c6142a3cb1a1fe69d0b1a6d0e01a2e404c697962623,dfine_sahi,125367.0,unknown_object,0.5296,-0.21,331.14,114.95,454.45,14200.1,115.16,123.31,0.934,False,,True,S-61,33,evt_S-61_upper_body_0021,a571edfedd6768b6,pose_hand_context,,45169.0,2.92,,1,cam12/e1/v1,rtmpose_baseline
full,03.CCTV Mobile Usage.mkv,632de9ed55947761d56d4c6142a3cb1a1fe69d0b1a6d0e01a2e404c697962623,dfine_sahi,125367.0,unknown_object,0.5149,89.98,427.34,205.05,550.53,14176.3,115.08,123.19,0.934,False,,True,S-61,33,evt_S-61_upper_body_0021,a571edfedd6768b6,pose_hand_context,,45169.0,2.92,,1,cam12/e1/v1,rtmpose_baseline
full,03.CCTV Mobile Usage.mkv,632de9ed55947761d56d4c6142a3cb1a1fe69d0b1a6d0e01a2e404c697962623,dfine_sahi,125367.0,unknown_object,0.4755,89.97,365.7,205.08,454.49,10222.0,115.12,88.8,1.296,False,,True,S-61,33,evt_S-61_upper_body_0021,a571edfedd6768b6,pose_hand_context,,45169.0,2.92,,1,cam12/e1/v1,rtmpose_baseline
full,03.CCTV Mobile Usage.mkv,632de9ed55947761d56d4c6142a3cb1a1fe69d0b1a6d0e01a2e404c697962623,dfine_sahi,125367.0,monitor_or_bezel,0.4447,-0.41,493.96,179.68,550.74,10225.9,180.1,56.78,3.172,False,,True,S-61,33,evt_S-61_upper_body_0021,a571edfedd6768b6,pose_hand_context,,45169.0,2.92,,1,cam12/e1/v1,rtmpose_baseline
full,03.CCTV Mobile Usage.mkv,632de9ed55947761d56d4c6142a3cb1a1fe69d0b1a6d0e01a2e404c697962623,dfine_sahi,125367.0,phone,0.3527,43.31,450.62,69.48,472.17,563.9,26.16,21.56,1.214,False,,True,S-61,33,evt_S-61_upper_body_0021,a571edfedd6768b6,pose_hand_context,,45169.0,2.92,,1,cam12/e1/v1,rtmpose_baseline
full,03.CCTV Mobile Usage.mkv,632de9ed55947761d56d4c6142a3cb1a1fe69d0b1a6d0e01a2e404c697962623,dfine_sahi,125367.0,unknown_object,0.3008,-0.22,331.24,203.84,550.24,44688.0,204.06,219.0,0.932,False,,True,S-61,33,evt_S-61_upper_body_0021,a571edfedd6768b6,pose_hand_context,,45169.0,2.92,,1,cam12/e1/v1,rtmpose_baseline
full,03.CCTV Mobile Usage.mkv,632de9ed55947761d56d4c6142a3cb1a1fe69d0b1a6d0e01a2e404c697962623,dfine_sahi,125367.0,secondary_paper_chit,0.2859,86.16,451.31,145.11,500.22,2883.1,58.95,48.91,1.205,False,,True,S-61,33,evt_S-61_upper_body_0021,a571edfedd6768b6,pose_hand_context,,45169.0,2.92,,1,cam12/e1/v1,rtmpose_baseline
full,03.CCTV Mobile Usage.mkv,632de9ed55947761d56d4c6142a3cb1a1fe69d0b1a6d0e01a2e404c697962623,dfine_sahi,125367.0,secondary_paper_chit,0.2847,134.61,492.26,178.15,522.01,1295.4,43.54,29.75,1.464,False,,True,S-61,33,evt_S-61_upper_body_0021,a571edfedd6768b6,pose_hand_context,,45169.0,2.92,,1,cam12/e1/v1,rtmpose_baseline
full,03.CCTV Mobile Usage.mkv,632de9ed55947761d56d4c6142a3cb1a1fe69d0b1a6d0e01a2e404c697962623,dfine_sahi,125367.0,secondary_paper_chit,0.2784,110.37,437.03,176.8,488.51,3419.9,66.43,51.48,1.29,False,,True,S-61,33,evt_S-61_upper_body_0021,a571edfedd6768b6,pose_hand_context,,45169.0,2.92,,1,cam12/e1/v1,rtmpose_baseline
full,03.CCTV Mobile Usage.mkv,632de9ed55947761d56d4c6142a3cb1a1fe69d0b1a6d0e01a2e404c697962623,dfine_sahi,125367.0,unknown_object,0.2749,46.66,509.75,85.33,550.88,1590.8,38.67,41.13,0.94,False,,True,S-61,33,evt_S-61_upper_body_0021,a571edfedd6768b6,pose_hand_context,,45169.0,2.92,,1,cam12/e1/v1,rtmpose_baseline
full,03.CCTV Mobile Usage.mkv,632de9ed55947761d56d4c6142a3cb1a1fe69d0b1a6d0e01a2e404c697962623,dfine_sahi,125367.0,unknown_object,0.2743,142.84,493.98,177.77,522.65,1001.3,34.94,28.66,1.219,False,,True,S-61,33,evt_S-61_upper_body_0021,a571edfedd6768b6,pose_hand_context,,45169.0,2.92,,1,cam12/e1/v1,rtmpose_baseline
full,03.CCTV Mobile Usage.mkv,632de9ed55947761d56d4c6142a3cb1a1fe69d0b1a6d0e01a2e404c697962623,dfine_sahi,125367.0,unknown_object,0.2722,157.09,431.49,200.42,481.56,2169.7,43.33,50.07,0.865,False,,True,S-61,33,evt_S-61_upper_body_0021,a571edfedd6768b6,pose_hand_context,,45169.0,2.92,,1,cam12/e1/v1,rtmpose_baseline
full,03.CCTV Mobile Usage.mkv,632de9ed55947761d56d4c6142a3cb1a1fe69d0b1a6d0e01a2e404c697962623,dfine_sahi,125367.0,unknown_object,0.2671,60.97,450.04,115.01,504.87,2963.0,54.04,54.83,0.986,False,,True,S-61,33,evt_S-61_upper_body_0021,a571edfedd6768b6,pose_hand_context,,45169.0,2.92,,1,cam12/e1/v1,rtmpose_baseline
full,03.CCTV Mobile Usage.mkv,632de9ed55947761d56d4c6142a3cb1a1fe69d0b1a6d0e01a2e404c697962623,dfine_sahi,125367.0,unknown_object,0.2648,37.59,422.9,115.01,454.87,2475.2,77.42,31.97,2.422,False,,True,S-61,33,evt_S-61_upper_body_0021,a571edfedd6768b6,pose_hand_context,,45169.0,2.92,,1,cam12/e1/v1,rtmpose_baseline
full,03.CCTV Mobile Usage.mkv,632de9ed55947761d56d4c6142a3cb1a1fe69d0b1a6d0e01a2e404c697962623,dfine_sahi,125367.0,unknown_object,0.2618,90.02,427.06,194.35,455.6,2977.5,104.33,28.54,3.656,False,,True,S-61,33,evt_S-61_upper_body_0021,a571edfedd6768b6,pose_hand_context,,45169.0,2.92,,1,cam12/e1/v1,rtmpose_baseline
full,03.CCTV Mobile Usage.mkv,632de9ed55947761d56d4c6142a3cb1a1fe69d0b1a6d0e01a2e404c697962623,dfine_sahi,125367.0,unknown_object,0.2566,25.85,331.08,130.28,385.38,5670.6,104.43,54.3,1.923,False,,True,S-61,33,evt_S-61_upper_body_0021,a571edfedd6768b6,pose_hand_context,,45169.0,2.92,,1,cam12/e1/v1,rtmpose_baseline
full,03.CCTV Mobile Usage.mkv,632de9ed55947761d56d4c6142a3cb1a1fe69d0b1a6d0e01a2e404c697962623,dfine_sahi,125367.0,unknown_object,0.5397,753.05,109.83,848.89,195.46,8206.8,95.83,85.64,1.119,False,,True,R-desk,36,evt_S-61_upper_body_0021,f387b755f567e5c3,pose_hand_context,,5049.5,9.01,,1,cam12/e1/v1,rtmpose_baseline
full,03.CCTV Mobile Usage.mkv,632de9ed55947761d56d4c6142a3cb1a1fe69d0b1a6d0e01a2e404c697962623,dfine_sahi,125367.0,unknown_object,0.4648,722.04,78.21,817.92,173.6,9145.6,95.88,95.39,1.005,False,,True,R-desk,36,evt_S-61_upper_body_0021,f387b755f567e5c3,pose_hand_context,,5049.5,9.01,,1,cam12/e1/v1,rtmpose_baseline
full,03.CCTV Mobile Usage.mkv,632de9ed55947761d56d4c6142a3cb1a1fe69d0b1a6d0e01a2e404c697962623,dfine_sahi,125367.0,unknown_object,0.4485,722.08,109.08,786.41,146.99,2439.0,64.33,37.91,1.697,False,,True,R-desk,36,evt_S-61_upper_body_0021,f387b755f567e5c3,pose_hand_context,,5049.5,9.01,,1,cam12/e1/v1,rtmpose_baseline
full,03.CCTV Mobile Usage.mkv,632de9ed55947761d56d4c6142a3cb1a1fe69d0b1a6d0e01a2e404c697962623,dfine_sahi,125367.0,unknown_object,0.3105,737.03,150.3,832.89,188.83,3694.3,95.86,38.54,2.488,False,,True,R-desk,36,evt_S-61_upper_body_0021,f387b755f567e5c3,pose_hand_context,,5049.5,9.01,,1,cam12/e1/v1,rtmpose_baseline
full,03.CCTV Mobile Usage.mkv,632de9ed55947761d56d4c6142a3cb1a1fe69d0b1a6d0e01a2e404c697962623,dfine_sahi,125367.0,unknown_object,0.2694,753.11,78.16,776.93,104.73,632.6,23.81,26.57,0.896,False,,True,R-desk,36,evt_S-61_upper_body_0021,f387b755f567e5c3,pose_hand_context,,5049.5,9.01,,1,cam12/e1/v1,rtmpose_baseline
full,03.CCTV Mobile Usage.mkv,632de9ed55947761d56d4c6142a3cb1a1fe69d0b1a6d0e01a2e404c697962623,dfine_sahi,125800.0,unknown_object,0.6609,38.2,430.29,104.91,473.17,2860.4,66.72,42.87,1.556,False,,True,S-61,33,evt_S-61_desk_work_surface_0006,28c3688f2442f0b0,pose_hand_context,,29942.8,3.7,,1,cam12/e1/v1,rtmpose_baseline
full,03.CCTV Mobile Usage.mkv,632de9ed55947761d56d4c6142a3cb1a1fe69d0b1a6d0e01a2e404c697962623,dfine_sahi,125800.0,unknown_object,0.5157,82.99,435.45,180.42,525.79,8801.7,97.43,90.34,1.078,False,,True,S-61,33,evt_S-61_desk_work_surface_0006,28c3688f2442f0b0,pose_hand_context,,29942.8,3.7,,1,cam12/e1/v1,rtmpose_baseline
full,03.CCTV Mobile Usage.mkv,632de9ed55947761d56d4c6142a3cb1a1fe69d0b1a6d0e01a2e404c697962623,dfine_sahi,125800.0,unknown_object,0.4759,83.04,354.38,180.56,449.96,9321.4,97.52,95.58,1.02,False,,True,S-61,33,evt_S-61_desk_work_surface_0006,28c3688f2442f0b0,pose_hand_context,,29942.8,3.7,,1,cam12/e1/v1,rtmpose_baseline
full,03.CCTV Mobile Usage.mkv,632de9ed55947761d56d4c6142a3cb1a1fe69d0b1a6d0e01a2e404c697962623,dfine_sahi,125800.0,secondary_paper_chit,0.4742,62.02,436.68,174.13,504.47,7599.9,112.11,67.79,1.654,False,,True,S-61,33,evt_S-61_desk_work_surface_0006,28c3688f2442f0b0,pose_hand_context,,29942.8,3.7,,1,cam12/e1/v1,rtmpose_baseline
full,03.CCTV Mobile Usage.mkv,632de9ed55947761d56d4c6142a3cb1a1fe69d0b1a6d0e01a2e404c697962623,dfine_sahi,125800.0,secondary_paper_chit,0.4494,117.0,477.41,178.46,521.42,2705.1,61.46,44.01,1.397,False,,True,S-61,33,evt_S-61_desk_work_surface_0006,28c3688f2442f0b0,pose_hand_context,,29942.8,3.7,,1,cam12/e1/v1,rtmpose_baseline
full,03.CCTV Mobile Usage.mkv,632de9ed55947761d56d4c6142a3cb1a1fe69d0b1a6d0e01a2e404c697962623,dfine_sahi,125800.0,unknown_object,0.4259,111.45,436.52,173.07,481.62,2779.4,61.62,45.1,1.366,False,,True,S-61,33,evt_S-61_desk_work_surface_0006,28c3688f2442f0b0,pose_hand_context,,29942.8,3.7,,1,cam12/e1/v1,rtmpose_baseline
full,03.CCTV Mobile Usage.mkv,632de9ed55947761d56d4c6142a3cb1a1fe69d0b1a6d0e01a2e404c697962623,dfine_sahi,125800.0,unknown_object,0.3992,8.99,479.63,24.98,493.86,227.4,15.99,14.22,1.124,False,,True,S-61,33,evt_S-61_desk_work_surface_0006,28c3688f2442f0b0,pose_hand_context,,29942.8,3.7,,1,cam12/e1/v1,rtmpose_baseline
full,03.CCTV Mobile Usage.mkv,632de9ed55947761d56d4c6142a3cb1a1fe69d0b1a6d0e01a2e404c697962623,dfine_sahi,125800.0,stationery,0.3931,39.36,387.2,175.6,473.32,11733.3,136.24,86.12,1.582,False,,True,S-61,33,evt_S-61_desk_work_surface_0006,28c3688f2442f0b0,pose_hand_context,,29942.8,3.7,,1,cam12/e1/v1,rtmpose_baseline
full,03.CCTV Mobile Usage.mkv,632de9ed55947761d56d4c6142a3cb1a1fe69d0b1a6d0e01a2e404c697962623,dfine_sahi,125800.0,secondary_paper_chit,0.3903,135.73,493.03,177.81,522.72,1249.2,42.07,29.69,1.417,False,,True,S-61,33,evt_S-61_desk_work_surface_0006,28c3688f2442f0b0,pose_hand_context,,29942.8,3.7,,1,cam12/e1/v1,rtmpose_baseline
full,03.CCTV Mobile Usage.mkv,632de9ed55947761d56d4c6142a3cb1a1fe69d0b1a6d0e01a2e404c697962623,dfine_sahi,125800.0,secondary_paper_chit,0.389,85.79,450.05,145.18,500.93,3022.4,59.4,50.88,1.167,False,,True,S-61,33,evt_S-61_desk_work_surface_0006,28c3688f2442f0b0,pose_hand_context,,29942.8,3.7,,1,cam12/e1/v1,rtmpose_baseline
full,03.CCTV Mobile Usage.mkv,632de9ed55947761d56d4c6142a3cb1a1fe69d0b1a6d0e01a2e404c697962623,dfine_sahi,125800.0,secondary_paper_chit,0.3871,110.52,436.61,171.26,485.01,2939.6,60.74,48.4,1.255,False,,True,S-61,33,evt_S-61_desk_work_surface_0006,28c3688f2442f0b0,pose_hand_context,,29942.8,3.7,,1,cam12/e1/v1,rtmpose_baseline
full,03.CCTV Mobile Usage.mkv,632de9ed55947761d56d4c6142a3cb1a1fe69d0b1a6d0e01a2e404c697962623,dfine_sahi,125800.0,unknown_object,0.3562,83.06,451.44,144.33,503.33,3179.1,61.27,51.89,1.181,False,,True,S-61,33,evt_S-61_desk_work_surface_0006,28c3688f2442f0b0,pose_hand_context,,29942.8,3.7,,1,cam12/e1/v1,rtmpose_baseline
full,03.CCTV Mobile Usage.mkv,632de9ed55947761d56d4c6142a3cb1a1fe69d0b1a6d0e01a2e404c697962623,dfine_sahi,125800.0,unknown_object,0.3312,142.39,494.56,177.22,522.88,986.3,34.82,28.32,1.229,False,,True,S-61,33,evt_S-61_desk_work_surface_0006,28c3688f2442f0b0,pose_hand_context,,29942.8,3.7,,1,cam12/e1/v1,rtmpose_baseline
full,03.CCTV Mobile Usage.mkv,632de9ed55947761d56d4c6142a3cb1a1fe69d0b1a6d0e01a2e404c697962623,dfine_sahi,125800.0,mouse,0.304,43.08,450.69,69.3,472.2,564.0,26.22,21.51,1.219,False,,True,S-61,33,evt_S-61_desk_work_surface_0006,28c3688f2442f0b0,pose_hand_context,,29942.8,3.7,,1,cam12/e1/v1,rtmpose_baseline
full,03.CCTV Mobile Usage.mkv,632de9ed55947761d56d4c6142a3cb1a1fe69d0b1a6d0e01a2e404c697962623,dfine_sahi,125800.0,keyboard,0.302,7.98,439.28,65.43,503.48,3688.3,57.45,64.2,0.895,False,,True,S-61,33,evt_S-61_desk_work_surface_0006,28c3688f2442f0b0,pose_hand_context,,29942.8,3.7,,1,cam12/e1/v1,rtmpose_baseline
full,03.CCTV Mobile Usage.mkv,632de9ed55947761d56d4c6142a3cb1a1fe69d0b1a6d0e01a2e404c697962623,dfine_sahi,125800.0,mouse,0.2822,46.12,509.61,81.43,527.02,614.7,35.31,17.41,2.028,False,,True,S-61,33,evt_S-61_desk_work_surface_0006,28c3688f2442f0b0,pose_hand_context,,29942.8,3.7,,1,cam12/e1/v1,rtmpose_baseline
full,03.CCTV Mobile Usage.mkv,632de9ed55947761d56d4c6142a3cb1a1fe69d0b1a6d0e01a2e404c697962623,dfine_sahi,125800.0,unknown_object,0.2783,83.08,430.19,171.73,465.3,3112.5,88.65,35.11,2.525,False,,True,S-61,33,evt_S-61_desk_work_surface_0006,28c3688f2442f0b0,pose_hand_context,,29942.8,3.7,,1,cam12/e1/v1,rtmpose_baseline
full,03.CCTV Mobile Usage.mkv,632de9ed55947761d56d4c6142a3cb1a1fe69d0b1a6d0e01a2e404c697962623,dfine_sahi,125800.0,unknown_object,0.2754,46.66,509.78,81.01,526.98,590.8,34.35,17.2,1.997,False,,True,S-61,33,evt_S-61_desk_work_surface_0006,28c3688f2442f0b0,pose_hand_context,,29942.8,3.7,,1,cam12/e1/v1,rtmpose_baseline
full,03.CCTV Mobile Usage.mkv,632de9ed55947761d56d4c6142a3cb1a1fe69d0b1a6d0e01a2e404c697962623,dfine_sahi,125800.0,unknown_object,0.2536,8.37,430.34,104.94,498.41,6573.5,96.57,68.07,1.419,False,,True,S-61,33,evt_S-61_desk_work_surface_0006,28c3688f2442f0b0,pose_hand_context,,29942.8,3.7,,1,cam12/e1/v1,rtmpose_baseline
full,03.CCTV Mobile Usage.mkv,632de9ed55947761d56d4c6142a3cb1a1fe69d0b1a6d0e01a2e404c697962623,dfine_sahi,125800.0,keyboard,0.9148,962.13,451.95,1067.82,491.38,4167.3,105.69,39.43,2.68,False,,True,R-desk,35,evt_S-61_desk_work_surface_0006,4c0080a6cd295828,lap_bag_context,no_pose_observation,34560.0,1.33,,1,cam12/e1/v1,
full,03.CCTV Mobile Usage.mkv,632de9ed55947761d56d4c6142a3cb1a1fe69d0b1a6d0e01a2e404c697962623,dfine_sahi,125800.0,phone,0.7634,1043.38,421.64,1111.82,473.59,3555.5,68.44,51.95,1.317,False,,True,R-desk,35,evt_S-61_desk_work_surface_0006,4c0080a6cd295828,lap_bag_context,no_pose_observation,34560.0,1.33,,1,cam12/e1/v1,
full,03.CCTV Mobile Usage.mkv,632de9ed55947761d56d4c6142a3cb1a1fe69d0b1a6d0e01a2e404c697962623,dfine_sahi,125800.0,monitor_or_bezel,0.7018,1019.11,395.69,1145.64,447.96,6613.5,126.52,52.27,2.42,False,,True,R-desk,35,evt_S-61_desk_work_surface_0006,4c0080a6cd295828,lap_bag_context,no_pose_observation,34560.0,1.33,,1,cam12/e1/v1,
full,03.CCTV Mobile Usage.mkv,632de9ed55947761d56d4c6142a3cb1a1fe69d0b1a6d0e01a2e404c697962623,dfine_sahi,125800.0,mouse,0.6918,865.01,413.62,891.48,435.39,576.3,26.47,21.77,1.216,False,,True,R-desk,35,evt_S-61_desk_work_surface_0006,4c0080a6cd295828,lap_bag_context,no_pose_observation,34560.0,1.33,,1,cam12/e1/v1,
full,03.CCTV Mobile Usage.mkv,632de9ed55947761d56d4c6142a3cb1a1fe69d0b1a6d0e01a2e404c697962623,dfine_sahi,125800.0,unknown_object,0.6797,699.88,396.18,845.07,492.22,13943.9,145.19,96.04,1.512,False,,True,R-desk,35,evt_S-61_desk_work_surface_0006,4c0080a6cd295828,lap_bag_context,no_pose_observation,34560.0,1.33,,1,cam12/e1/v1,
full,03.CCTV Mobile Usage.mkv,632de9ed55947761d56d4c6142a3cb1a1fe69d0b1a6d0e01a2e404c697962623,dfine_sahi,125800.0,keyboard,0.6619,772.22,380.18,870.56,420.34,3949.3,98.34,40.16,2.449,False,,True,R-desk,35,evt_S-61_desk_work_surface_0006,4c0080a6cd295828,lap_bag_context,no_pose_observation,34560.0,1.33,,1,cam12/e1/v1,
full,03.CCTV Mobile Usage.mkv,632de9ed55947761d56d4c6142a3cb1a1fe69d0b1a6d0e01a2e404c697962623,dfine_sahi,125800.0,monitor_or_bezel,0.656,709.23,379.89,969.65,474.81,24719.0,260.42,94.92,2.744,False,,True,R-desk,35,evt_S-61_desk_work_surface_0006,4c0080a6cd295828,lap_bag_context,no_pose_observation,34560.0,1.33,,1,cam12/e1/v1,
full,03.CCTV Mobile Usage.mkv,632de9ed55947761d56d4c6142a3cb1a1fe69d0b1a6d0e01a2e404c697962623,dfine_sahi,125800.0,monitor_or_bezel,0.6056,963.47,380.48,1152.86,474.87,17876.2,189.39,94.39,2.006,False,,True,R-desk,35,evt_S-61_desk_work_surface_0006,4c0080a6cd295828,lap_bag_context,no_pose_observation,34560.0,1.33,,1,cam12/e1/v1,
full,03.CCTV Mobile Usage.mkv,632de9ed55947761d56d4c6142a3cb1a1fe69d0b1a6d0e01a2e404c697962623,dfine_sahi,125800.0,keyboard,0.5922,963.03,452.33,1034.78,475.56,1666.7,71.74,23.23,3.088,False,,True,R-desk,35,evt_S-61_desk_work_surface_0006,4c0080a6cd295828,lap_bag_context,no_pose_observation,34560.0,1.33,,1,cam12/e1/v1,
full,03.CCTV Mobile Usage.mkv,632de9ed55947761d56d4c6142a3cb1a1fe69d0b1a6d0e01a2e404c697962623,dfine_sahi,125800.0,monitor_or_bezel,0.5916,910.18,411.19,1141.96,506.37,22059.4,231.78,95.17,2.435,False,,True,R-desk,35,evt_S-61_desk_work_surface_0006,4c0080a6cd295828,lap_bag_context,no_pose_observation,34560.0,1.33,,1,cam12/e1/v1,
full,03.CCTV Mobile Usage.mkv,632de9ed55947761d56d4c6142a3cb1a1fe69d0b1a6d0e01a2e404c697962623,dfine_sahi,125800.0,keyboard,0.5677,802.2,396.27,870.51,420.72,1670.5,68.31,24.45,2.794,False,,True,R-desk,35,evt_S-61_desk_work_surface_0006,4c0080a6cd295828,lap_bag_context,no_pose_observation,34560.0,1.33,,1,cam12/e1/v1,
full,03.CCTV Mobile Usage.mkv,632de9ed55947761d56d4c6142a3cb1a1fe69d0b1a6d0e01a2e404c697962623,dfine_sahi,125800.0,unknown_object,0.4603,699.99,380.54,759.05,475.06,5582.7,59.06,94.52,0.625,False,,True,R-desk,35,evt_S-61_desk_work_surface_0006,4c0080a6cd295828,lap_bag_context,no_pose_observation,34560.0,1.33,,1,cam12/e1/v1,
full,03.CCTV Mobile Usage.mkv,632de9ed55947761d56d4c6142a3cb1a1fe69d0b1a6d0e01a2e404c697962623,dfine_sahi,125800.0,unknown_object,0.356,881.72,411.13,969.71,453.35,3714.2,87.99,42.21,2.085,False,,True,R-desk,35,evt_S-61_desk_work_surface_0006,4c0080a6cd295828,lap_bag_context,no_pose_observation,34560.0,1.33,,1,cam12/e1/v1,
full,03.CCTV Mobile Usage.mkv,632de9ed55947761d56d4c6142a3cb1a1fe69d0b1a6d0e01a2e404c697962623,dfine_sahi,125800.0,unknown_object,0.345,749.31,411.47,873.72,505.52,11702.5,124.42,94.06,1.323,False,,True,R-desk,35,evt_S-61_desk_work_surface_0006,4c0080a6cd295828,lap_bag_context,no_pose_observation,34560.0,1.33,,1,cam12/e1/v1,
full,03.CCTV Mobile Usage.mkv,632de9ed55947761d56d4c6142a3cb1a1fe69d0b1a6d0e01a2e404c697962623,dfine_sahi,125800.0,mouse,0.3219,967.02,398.39,991.9,410.65,305.1,24.88,12.26,2.029,False,,True,R-desk,35,evt_S-61_desk_work_surface_0006,4c0080a6cd295828,lap_bag_context,no_pose_observation,34560.0,1.33,,1,cam12/e1/v1,
full,03.CCTV Mobile Usage.mkv,632de9ed55947761d56d4c6142a3cb1a1fe69d0b1a6d0e01a2e404c697962623,dfine_sahi,125800.0,mouse,0.3007,990.78,399.56,1026.89,413.44,501.2,36.11,13.88,2.602,False,,True,R-desk,35,evt_S-61_desk_work_surface_0006,4c0080a6cd295828,lap_bag_context,no_pose_observation,34560.0,1.33,,1,cam12/e1/v1,
full,03.CCTV Mobile Usage.mkv,632de9ed55947761d56d4c6142a3cb1a1fe69d0b1a6d0e01a2e404c697962623,dfine_sahi,125800.0,unknown_object,0.297,874.05,411.39,969.89,505.77,9045.2,95.84,94.38,1.015,False,,True,R-desk,35,evt_S-61_desk_work_surface_0006,4c0080a6cd295828,lap_bag_context,no_pose_observation,34560.0,1.33,,1,cam12/e1/v1,
full,03.CCTV Mobile Usage.mkv,632de9ed55947761d56d4c6142a3cb1a1fe69d0b1a6d0e01a2e404c697962623,dfine_sahi,125800.0,keyboard,0.2904,965.5,396.43,1098.79,474.87,10454.9,133.29,78.44,1.699,False,,True,R-desk,35,evt_S-61_desk_work_surface_0006,4c0080a6cd295828,lap_bag_context,no_pose_observation,34560.0,1.33,,1,cam12/e1/v1,
full,03.CCTV Mobile Usage.mkv,632de9ed55947761d56d4c6142a3cb1a1fe69d0b1a6d0e01a2e404c697962623,dfine_sahi,125800.0,monitor_or_bezel,0.2538,881.44,396.18,948.7,452.71,3802.0,67.26,56.53,1.19,False,,True,R-desk,35,evt_S-61_desk_work_surface_0006,4c0080a6cd295828,lap_bag_context,no_pose_observation,34560.0,1.33,,1,cam12/e1/v1,
full,03.CCTV Mobile Usage.mkv,632de9ed55947761d56d4c6142a3cb1a1fe69d0b1a6d0e01a2e404c697962623,dfine_sahi,125867.0,keyboard,0.9148,962.13,451.95,1067.82,491.38,4167.3,105.69,39.43,2.68,False,,True,R-desk,35,evt_S-61_upper_body_0021,068495c9888cf8db,lap_bag_context,no_pose_observation,34560.0,1.33,,1,cam12/e1/v1,
full,03.CCTV Mobile Usage.mkv,632de9ed55947761d56d4c6142a3cb1a1fe69d0b1a6d0e01a2e404c697962623,dfine_sahi,125867.0,phone,0.7634,1043.38,421.64,1111.82,473.59,3555.5,68.44,51.95,1.317,False,,True,R-desk,35,evt_S-61_upper_body_0021,068495c9888cf8db,lap_bag_context,no_pose_observation,34560.0,1.33,,1,cam12/e1/v1,
full,03.CCTV Mobile Usage.mkv,632de9ed55947761d56d4c6142a3cb1a1fe69d0b1a6d0e01a2e404c697962623,dfine_sahi,125867.0,monitor_or_bezel,0.7018,1019.11,395.69,1145.64,447.96,6613.5,126.52,52.27,2.42,False,,True,R-desk,35,evt_S-61_upper_body_0021,068495c9888cf8db,lap_bag_context,no_pose_observation,34560.0,1.33,,1,cam12/e1/v1,
full,03.CCTV Mobile Usage.mkv,632de9ed55947761d56d4c6142a3cb1a1fe69d0b1a6d0e01a2e404c697962623,dfine_sahi,125867.0,mouse,0.6918,865.01,413.62,891.48,435.39,576.3,26.47,21.77,1.216,False,,True,R-desk,35,evt_S-61_upper_body_0021,068495c9888cf8db,lap_bag_context,no_pose_observation,34560.0,1.33,,1,cam12/e1/v1,
full,03.CCTV Mobile Usage.mkv,632de9ed55947761d56d4c6142a3cb1a1fe69d0b1a6d0e01a2e404c697962623,dfine_sahi,125867.0,unknown_object,0.6797,699.88,396.18,845.07,492.22,13943.9,145.19,96.04,1.512,False,,True,R-desk,35,evt_S-61_upper_body_0021,068495c9888cf8db,lap_bag_context,no_pose_observation,34560.0,1.33,,1,cam12/e1/v1,
full,03.CCTV Mobile Usage.mkv,632de9ed55947761d56d4c6142a3cb1a1fe69d0b1a6d0e01a2e404c697962623,dfine_sahi,125867.0,keyboard,0.6619,772.22,380.18,870.56,420.34,3949.3,98.34,40.16,2.449,False,,True,R-desk,35,evt_S-61_upper_body_0021,068495c9888cf8db,lap_bag_context,no_pose_observation,34560.0,1.33,,1,cam12/e1/v1,
full,03.CCTV Mobile Usage.mkv,632de9ed55947761d56d4c6142a3cb1a1fe69d0b1a6d0e01a2e404c697962623,dfine_sahi,125867.0,monitor_or_bezel,0.656,709.23,379.89,969.65,474.81,24719.0,260.42,94.92,2.744,False,,True,R-desk,35,evt_S-61_upper_body_0021,068495c9888cf8db,lap_bag_context,no_pose_observation,34560.0,1.33,,1,cam12/e1/v1,
full,03.CCTV Mobile Usage.mkv,632de9ed55947761d56d4c6142a3cb1a1fe69d0b1a6d0e01a2e404c697962623,dfine_sahi,125867.0,monitor_or_bezel,0.6056,963.47,380.48,1152.86,474.87,17876.2,189.39,94.39,2.006,False,,True,R-desk,35,evt_S-61_upper_body_0021,068495c9888cf8db,lap_bag_context,no_pose_observation,34560.0,1.33,,1,cam12/e1/v1,
full,03.CCTV Mobile Usage.mkv,632de9ed55947761d56d4c6142a3cb1a1fe69d0b1a6d0e01a2e404c697962623,dfine_sahi,125867.0,keyboard,0.5922,963.03,452.33,1034.78,475.56,1666.7,71.74,23.23,3.088,False,,True,R-desk,35,evt_S-61_upper_body_0021,068495c9888cf8db,lap_bag_context,no_pose_observation,34560.0,1.33,,1,cam12/e1/v1,
full,03.CCTV Mobile Usage.mkv,632de9ed55947761d56d4c6142a3cb1a1fe69d0b1a6d0e01a2e404c697962623,dfine_sahi,125867.0,monitor_or_bezel,0.5916,910.18,411.19,1141.96,506.37,22059.4,231.78,95.17,2.435,False,,True,R-desk,35,evt_S-61_upper_body_0021,068495c9888cf8db,lap_bag_context,no_pose_observation,34560.0,1.33,,1,cam12/e1/v1,
full,03.CCTV Mobile Usage.mkv,632de9ed55947761d56d4c6142a3cb1a1fe69d0b1a6d0e01a2e404c697962623,dfine_sahi,125867.0,keyboard,0.5677,802.2,396.27,870.51,420.72,1670.5,68.31,24.45,2.794,False,,True,R-desk,35,evt_S-61_upper_body_0021,068495c9888cf8db,lap_bag_context,no_pose_observation,34560.0,1.33,,1,cam12/e1/v1,
full,03.CCTV Mobile Usage.mkv,632de9ed55947761d56d4c6142a3cb1a1fe69d0b1a6d0e01a2e404c697962623,dfine_sahi,125867.0,unknown_object,0.4603,699.99,380.54,759.05,475.06,5582.7,59.06,94.52,0.625,False,,True,R-desk,35,evt_S-61_upper_body_0021,068495c9888cf8db,lap_bag_context,no_pose_observation,34560.0,1.33,,1,cam12/e1/v1,
full,03.CCTV Mobile Usage.mkv,632de9ed55947761d56d4c6142a3cb1a1fe69d0b1a6d0e01a2e404c697962623,dfine_sahi,125867.0,unknown_object,0.356,881.72,411.13,969.71,453.35,3714.2,87.99,42.21,2.085,False,,True,R-desk,35,evt_S-61_upper_body_0021,068495c9888cf8db,lap_bag_context,no_pose_observation,34560.0,1.33,,1,cam12/e1/v1,
full,03.CCTV Mobile Usage.mkv,632de9ed55947761d56d4c6142a3cb1a1fe69d0b1a6d0e01a2e404c697962623,dfine_sahi,125867.0,unknown_object,0.345,749.31,411.47,873.72,505.52,11702.5,124.42,94.06,1.323,False,,True,R-desk,35,evt_S-61_upper_body_0021,068495c9888cf8db,lap_bag_context,no_pose_observation,34560.0,1.33,,1,cam12/e1/v1,
full,03.CCTV Mobile Usage.mkv,632de9ed55947761d56d4c6142a3cb1a1fe69d0b1a6d0e01a2e404c697962623,dfine_sahi,125867.0,mouse,0.3219,967.02,398.39,991.9,410.65,305.1,24.88,12.26,2.029,False,,True,R-desk,35,evt_S-61_upper_body_0021,068495c9888cf8db,lap_bag_context,no_pose_observation,34560.0,1.33,,1,cam12/e1/v1,
full,03.CCTV Mobile Usage.mkv,632de9ed55947761d56d4c6142a3cb1a1fe69d0b1a6d0e01a2e404c697962623,dfine_sahi,125867.0,mouse,0.3007,990.78,399.56,1026.89,413.44,501.2,36.11,13.88,2.602,False,,True,R-desk,35,evt_S-61_upper_body_0021,068495c9888cf8db,lap_bag_context,no_pose_observation,34560.0,1.33,,1,cam12/e1/v1,
full,03.CCTV Mobile Usage.mkv,632de9ed55947761d56d4c6142a3cb1a1fe69d0b1a6d0e01a2e404c697962623,dfine_sahi,125867.0,unknown_object,0.297,874.05,411.39,969.89,505.77,9045.2,95.84,94.38,1.015,False,,True,R-desk,35,evt_S-61_upper_body_0021,068495c9888cf8db,lap_bag_context,no_pose_observation,34560.0,1.33,,1,cam12/e1/v1,
full,03.CCTV Mobile Usage.mkv,632de9ed55947761d56d4c6142a3cb1a1fe69d0b1a6d0e01a2e404c697962623,dfine_sahi,125867.0,keyboard,0.2904,965.5,396.43,1098.79,474.87,10454.9,133.29,78.44,1.699,False,,True,R-desk,35,evt_S-61_upper_body_0021,068495c9888cf8db,lap_bag_context,no_pose_observation,34560.0,1.33,,1,cam12/e1/v1,
full,03.CCTV Mobile Usage.mkv,632de9ed55947761d56d4c6142a3cb1a1fe69d0b1a6d0e01a2e404c697962623,dfine_sahi,125867.0,monitor_or_bezel,0.2538,881.44,396.18,948.7,452.71,3802.0,67.26,56.53,1.19,False,,True,R-desk,35,evt_S-61_upper_body_0021,068495c9888cf8db,lap_bag_context,no_pose_observation,34560.0,1.33,,1,cam12/e1/v1,
full,03.CCTV Mobile Usage.mkv,632de9ed55947761d56d4c6142a3cb1a1fe69d0b1a6d0e01a2e404c697962623,dfine_sahi,125867.0,unknown_object,0.6536,38.14,429.24,105.94,473.12,2975.8,67.81,43.89,1.545,False,,True,S-61,33,evt_S-61_upper_body_0021,ff5261592f0db36e,pose_hand_context,,28331.6,3.8,,1,cam12/e1/v1,rtmpose_baseline
full,03.CCTV Mobile Usage.mkv,632de9ed55947761d56d4c6142a3cb1a1fe69d0b1a6d0e01a2e404c697962623,dfine_sahi,125867.0,unknown_object,0.5529,84.07,435.27,179.35,524.28,8481.1,95.28,89.01,1.07,False,,True,S-61,33,evt_S-61_upper_body_0021,ff5261592f0db36e,pose_hand_context,,28331.6,3.8,,1,cam12/e1/v1,rtmpose_baseline
full,03.CCTV Mobile Usage.mkv,632de9ed55947761d56d4c6142a3cb1a1fe69d0b1a6d0e01a2e404c697962623,dfine_sahi,125867.0,unknown_object,0.463,110.82,436.73,172.0,483.86,2883.9,61.19,47.13,1.298,False,,True,S-61,33,evt_S-61_upper_body_0021,ff5261592f0db36e,pose_hand_context,,28331.6,3.8,,1,cam12/e1/v1,rtmpose_baseline
full,03.CCTV Mobile Usage.mkv,632de9ed55947761d56d4c6142a3cb1a1fe69d0b1a6d0e01a2e404c697962623,dfine_sahi,125867.0,unknown_object,0.4249,10.36,479.69,24.98,493.55,202.7,14.63,13.86,1.055,False,,True,S-61,33,evt_S-61_upper_body_0021,ff5261592f0db36e,pose_hand_context,,28331.6,3.8,,1,cam12/e1/v1,rtmpose_baseline
full,03.CCTV Mobile Usage.mkv,632de9ed55947761d56d4c6142a3cb1a1fe69d0b1a6d0e01a2e404c697962623,dfine_sahi,125867.0,unknown_object,0.3871,84.26,388.24,169.38,451.29,5365.9,85.12,63.04,1.35,False,,True,S-61,33,evt_S-61_upper_body_0021,ff5261592f0db36e,pose_hand_context,,28331.6,3.8,,1,cam12/e1/v1,rtmpose_baseline
full,03.CCTV Mobile Usage.mkv,632de9ed55947761d56d4c6142a3cb1a1fe69d0b1a6d0e01a2e404c697962623,dfine_sahi,125867.0,secondary_paper_chit,0.3869,117.35,476.56,178.21,520.38,2667.4,60.86,43.83,1.389,False,,True,S-61,33,evt_S-61_upper_body_0021,ff5261592f0db36e,pose_hand_context,,28331.6,3.8,,1,cam12/e1/v1,rtmpose_baseline
full,03.CCTV Mobile Usage.mkv,632de9ed55947761d56d4c6142a3cb1a1fe69d0b1a6d0e01a2e404c697962623,dfine_sahi,125867.0,unknown_object,0.3806,42.54,500.13,105.97,524.93,1572.7,63.42,24.8,2.558,False,,True,S-61,33,evt_S-61_upper_body_0021,ff5261592f0db36e,pose_hand_context,,28331.6,3.8,,1,cam12/e1/v1,rtmpose_baseline
full,03.CCTV Mobile Usage.mkv,632de9ed55947761d56d4c6142a3cb1a1fe69d0b1a6d0e01a2e404c697962623,dfine_sahi,125867.0,secondary_paper_chit,0.3178,62.39,449.31,145.12,503.8,4507.9,82.72,54.49,1.518,False,,True,S-61,33,evt_S-61_upper_body_0021,ff5261592f0db36e,pose_hand_context,,28331.6,3.8,,1,cam12/e1/v1,rtmpose_baseline
full,03.CCTV Mobile Usage.mkv,632de9ed55947761d56d4c6142a3cb1a1fe69d0b1a6d0e01a2e404c697962623,dfine_sahi,125867.0,secondary_paper_chit,0.3142,135.4,493.13,177.42,521.68,1199.9,42.03,28.55,1.472,False,,True,S-61,33,evt_S-61_upper_body_0021,ff5261592f0db36e,pose_hand_context,,28331.6,3.8,,1,cam12/e1/v1,rtmpose_baseline
full,03.CCTV Mobile Usage.mkv,632de9ed55947761d56d4c6142a3cb1a1fe69d0b1a6d0e01a2e404c697962623,dfine_sahi,125867.0,unknown_object,0.3104,84.07,429.04,170.21,461.77,2819.5,86.14,32.73,2.632,False,,True,S-61,33,evt_S-61_upper_body_0021,ff5261592f0db36e,pose_hand_context,,28331.6,3.8,,1,cam12/e1/v1,rtmpose_baseline
full,03.CCTV Mobile Usage.mkv,632de9ed55947761d56d4c6142a3cb1a1fe69d0b1a6d0e01a2e404c697962623,dfine_sahi,125867.0,unknown_object,0.2968,142.53,494.08,177.69,523.86,1047.5,35.16,29.79,1.18,False,,True,S-61,33,evt_S-61_upper_body_0021,ff5261592f0db36e,pose_hand_context,,28331.6,3.8,,1,cam12/e1/v1,rtmpose_baseline
full,03.CCTV Mobile Usage.mkv,632de9ed55947761d56d4c6142a3cb1a1fe69d0b1a6d0e01a2e404c697962623,dfine_sahi,125867.0,unknown_object,0.2915,84.02,451.6,143.18,503.21,3053.0,59.16,51.61,1.146,False,,True,S-61,33,evt_S-61_upper_body_0021,ff5261592f0db36e,pose_hand_context,,28331.6,3.8,,1,cam12/e1/v1,rtmpose_baseline
full,03.CCTV Mobile Usage.mkv,632de9ed55947761d56d4c6142a3cb1a1fe69d0b1a6d0e01a2e404c697962623,dfine_sahi,125867.0,unknown_object,0.2881,105.53,436.54,154.16,451.94,749.0,48.64,15.4,3.158,False,,True,S-61,33,evt_S-61_upper_body_0021,ff5261592f0db36e,pose_hand_context,,28331.6,3.8,,1,cam12/e1/v1,rtmpose_baseline
full,03.CCTV Mobile Usage.mkv,632de9ed55947761d56d4c6142a3cb1a1fe69d0b1a6d0e01a2e404c697962623,dfine_sahi,125867.0,unknown_object,0.2653,42.29,449.81,70.45,472.65,643.1,28.16,22.84,1.233,False,,True,S-61,33,evt_S-61_upper_body_0021,ff5261592f0db36e,pose_hand_context,,28331.6,3.8,,1,cam12/e1/v1,rtmpose_baseline
full,03.CCTV Mobile Usage.mkv,632de9ed55947761d56d4c6142a3cb1a1fe69d0b1a6d0e01a2e404c697962623,dfine_sahi,125867.0,unknown_object,0.2563,61.12,451.47,106.0,503.43,2332.1,44.87,51.97,0.864,False,,True,S-61,33,evt_S-61_upper_body_0021,ff5261592f0db36e,pose_hand_context,,28331.6,3.8,,1,cam12/e1/v1,rtmpose_baseline
full,03.CCTV Mobile Usage.mkv,632de9ed55947761d56d4c6142a3cb1a1fe69d0b1a6d0e01a2e404c697962623,dfine_sahi,126300.0,unknown_object,0.7092,87.88,334.18,200.88,453.43,13475.3,113.0,119.26,0.948,False,,True,S-61,33,evt_S-61_desk_work_surface_0006,55b72420f494d8ab,pose_hand_context,,42862.7,3.01,,1,cam12/e1/v1,rtmpose_baseline
full,03.CCTV Mobile Usage.mkv,632de9ed55947761d56d4c6142a3cb1a1fe69d0b1a6d0e01a2e404c697962623,dfine_sahi,126300.0,unknown_object,0.5907,37.49,427.13,112.95,473.5,3499.6,75.46,46.38,1.627,False,,True,S-61,33,evt_S-61_desk_work_surface_0006,55b72420f494d8ab,pose_hand_context,,42862.7,3.01,,1,cam12/e1/v1,rtmpose_baseline
full,03.CCTV Mobile Usage.mkv,632de9ed55947761d56d4c6142a3cb1a1fe69d0b1a6d0e01a2e404c697962623,dfine_sahi,126300.0,unknown_object,0.5408,-0.25,334.13,112.98,453.46,13510.4,113.22,119.32,0.949,False,,True,S-61,33,evt_S-61_desk_work_surface_0006,55b72420f494d8ab,pose_hand_context,,42862.7,3.01,,1,cam12/e1/v1,rtmpose_baseline
full,03.CCTV Mobile Usage.mkv,632de9ed55947761d56d4c6142a3cb1a1fe69d0b1a6d0e01a2e404c697962623,dfine_sahi,126300.0,unknown_object,0.5362,87.84,436.32,180.74,505.65,6441.1,92.9,69.34,1.34,False,,True,S-61,33,evt_S-61_desk_work_surface_0006,55b72420f494d8ab,pose_hand_context,,42862.7,3.01,,1,cam12/e1/v1,rtmpose_baseline
full,03.CCTV Mobile Usage.mkv,632de9ed55947761d56d4c6142a3cb1a1fe69d0b1a6d0e01a2e404c697962623,dfine_sahi,126300.0,secondary_paper_chit,0.4736,61.21,437.27,179.71,505.42,8075.2,118.49,68.15,1.739,False,,True,S-61,33,evt_S-61_desk_work_surface_0006,55b72420f494d8ab,pose_hand_context,,42862.7,3.01,,1,cam12/e1/v1,rtmpose_baseline
full,03.CCTV Mobile Usage.mkv,632de9ed55947761d56d4c6142a3cb1a1fe69d0b1a6d0e01a2e404c697962623,dfine_sahi,126300.0,stationery,0.4137,47.26,510.03,86.19,547.0,1439.1,38.93,36.97,1.053,False,,True,S-61,33,evt_S-61_desk_work_surface_0006,55b72420f494d8ab,pose_hand_context,,42862.7,3.01,,1,cam12/e1/v1,rtmpose_baseline
full,03.CCTV Mobile Usage.mkv,632de9ed55947761d56d4c6142a3cb1a1fe69d0b1a6d0e01a2e404c697962623,dfine_sahi,126300.0,unknown_object,0.3614,142.68,494.49,176.87,522.78,967.6,34.19,28.3,1.208,False,,True,S-61,33,evt_S-61_desk_work_surface_0006,55b72420f494d8ab,pose_hand_context,,42862.7,3.01,,1,cam12/e1/v1,rtmpose_baseline
full,03.CCTV Mobile Usage.mkv,632de9ed55947761d56d4c6142a3cb1a1fe69d0b1a6d0e01a2e404c697962623,dfine_sahi,126300.0,unknown_object,0.3231,87.94,427.05,179.89,455.52,2618.0,91.95,28.47,3.229,False,,True,S-61,33,evt_S-61_desk_work_surface_0006,55b72420f494d8ab,pose_hand_context,,42862.7,3.01,,1,cam12/e1/v1,rtmpose_baseline
full,03.CCTV Mobile Usage.mkv,632de9ed55947761d56d4c6142a3cb1a1fe69d0b1a6d0e01a2e404c697962623,dfine_sahi,126300.0,stationery,0.317,118.77,477.3,181.98,519.36,2658.6,63.21,42.06,1.503,False,,True,S-61,33,evt_S-61_desk_work_surface_0006,55b72420f494d8ab,pose_hand_context,,42862.7,3.01,,1,cam12/e1/v1,rtmpose_baseline
full,03.CCTV Mobile Usage.mkv,632de9ed55947761d56d4c6142a3cb1a1fe69d0b1a6d0e01a2e404c697962623,dfine_sahi,126300.0,unknown_object,0.3133,7.6,479.56,25.43,494.86,272.8,17.83,15.3,1.166,False,,True,S-61,33,evt_S-61_desk_work_surface_0006,55b72420f494d8ab,pose_hand_context,,42862.7,3.01,,1,cam12/e1/v1,rtmpose_baseline
full,03.CCTV Mobile Usage.mkv,632de9ed55947761d56d4c6142a3cb1a1fe69d0b1a6d0e01a2e404c697962623,dfine_sahi,126300.0,unknown_object,0.312,62.53,451.24,113.02,504.0,2663.9,50.49,52.76,0.957,False,,True,S-61,33,evt_S-61_desk_work_surface_0006,55b72420f494d8ab,pose_hand_context,,42862.7,3.01,,1,cam12/e1/v1,rtmpose_baseline
full,03.CCTV Mobile Usage.mkv,632de9ed55947761d56d4c6142a3cb1a1fe69d0b1a6d0e01a2e404c697962623,dfine_sahi,126300.0,secondary_paper_chit,0.2676,86.5,450.93,145.43,501.14,2959.1,58.93,50.21,1.174,False,,True,S-61,33,evt_S-61_desk_work_surface_0006,55b72420f494d8ab,pose_hand_context,,42862.7,3.01,,1,cam12/e1/v1,rtmpose_baseline
full,03.CCTV Mobile Usage.mkv,632de9ed55947761d56d4c6142a3cb1a1fe69d0b1a6d0e01a2e404c697962623,dfine_sahi,126300.0,secondary_paper_chit,0.2616,117.77,478.17,182.12,522.57,2857.6,64.36,44.4,1.449,False,,True,S-61,33,evt_S-61_desk_work_surface_0006,55b72420f494d8ab,pose_hand_context,,42862.7,3.01,,1,cam12/e1/v1,rtmpose_baseline
full,03.CCTV Mobile Usage.mkv,632de9ed55947761d56d4c6142a3cb1a1fe69d0b1a6d0e01a2e404c697962623,dfine_sahi,126300.0,keyboard,0.2589,-0.2,441.7,65.91,505.52,4218.4,66.1,63.82,1.036,False,,True,S-61,33,evt_S-61_desk_work_surface_0006,55b72420f494d8ab,pose_hand_context,,42862.7,3.01,,1,cam12/e1/v1,rtmpose_baseline
full,03.CCTV Mobile Usage.mkv,632de9ed55947761d56d4c6142a3cb1a1fe69d0b1a6d0e01a2e404c697962623,dfine_sahi,126300.0,unknown_object,0.2569,114.52,334.19,201.16,400.46,5741.7,86.63,66.27,1.307,False,,True,S-61,33,evt_S-61_desk_work_surface_0006,55b72420f494d8ab,pose_hand_context,,42862.7,3.01,,1,cam12/e1/v1,rtmpose_baseline
full,03.CCTV Mobile Usage.mkv,632de9ed55947761d56d4c6142a3cb1a1fe69d0b1a6d0e01a2e404c697962623,dfine_sahi,126367.0,unknown_object,0.7092,87.88,334.18,200.88,453.43,13475.3,113.0,119.26,0.948,False,,True,S-61,33,evt_S-61_upper_body_0021,080a61f177c6e061,pose_hand_context,,42862.7,3.01,,1,cam12/e1/v1,rtmpose_baseline
full,03.CCTV Mobile Usage.mkv,632de9ed55947761d56d4c6142a3cb1a1fe69d0b1a6d0e01a2e404c697962623,dfine_sahi,126367.0,unknown_object,0.5907,37.49,427.13,112.95,473.5,3499.6,75.46,46.38,1.627,False,,True,S-61,33,evt_S-61_upper_body_0021,080a61f177c6e061,pose_hand_context,,42862.7,3.01,,1,cam12/e1/v1,rtmpose_baseline
full,03.CCTV Mobile Usage.mkv,632de9ed55947761d56d4c6142a3cb1a1fe69d0b1a6d0e01a2e404c697962623,dfine_sahi,126367.0,unknown_object,0.5408,-0.25,334.13,112.98,453.46,13510.4,113.22,119.32,0.949,False,,True,S-61,33,evt_S-61_upper_body_0021,080a61f177c6e061,pose_hand_context,,42862.7,3.01,,1,cam12/e1/v1,rtmpose_baseline
full,03.CCTV Mobile Usage.mkv,632de9ed55947761d56d4c6142a3cb1a1fe69d0b1a6d0e01a2e404c697962623,dfine_sahi,126367.0,unknown_object,0.5362,87.84,436.32,180.74,505.65,6441.1,92.9,69.34,1.34,False,,True,S-61,33,evt_S-61_upper_body_0021,080a61f177c6e061,pose_hand_context,,42862.7,3.01,,1,cam12/e1/v1,rtmpose_baseline
full,03.CCTV Mobile Usage.mkv,632de9ed55947761d56d4c6142a3cb1a1fe69d0b1a6d0e01a2e404c697962623,dfine_sahi,126367.0,secondary_paper_chit,0.4736,61.21,437.27,179.71,505.42,8075.2,118.49,68.15,1.739,False,,True,S-61,33,evt_S-61_upper_body_0021,080a61f177c6e061,pose_hand_context,,42862.7,3.01,,1,cam12/e1/v1,rtmpose_baseline
full,03.CCTV Mobile Usage.mkv,632de9ed55947761d56d4c6142a3cb1a1fe69d0b1a6d0e01a2e404c697962623,dfine_sahi,126367.0,stationery,0.4137,47.26,510.03,86.19,547.0,1439.1,38.93,36.97,1.053,False,,True,S-61,33,evt_S-61_upper_body_0021,080a61f177c6e061,pose_hand_context,,42862.7,3.01,,1,cam12/e1/v1,rtmpose_baseline
full,03.CCTV Mobile Usage.mkv,632de9ed55947761d56d4c6142a3cb1a1fe69d0b1a6d0e01a2e404c697962623,dfine_sahi,126367.0,unknown_object,0.3614,142.68,494.49,176.87,522.78,967.6,34.19,28.3,1.208,False,,True,S-61,33,evt_S-61_upper_body_0021,080a61f177c6e061,pose_hand_context,,42862.7,3.01,,1,cam12/e1/v1,rtmpose_baseline
full,03.CCTV Mobile Usage.mkv,632de9ed55947761d56d4c6142a3cb1a1fe69d0b1a6d0e01a2e404c697962623,dfine_sahi,126367.0,unknown_object,0.3231,87.94,427.05,179.89,455.52,2618.0,91.95,28.47,3.229,False,,True,S-61,33,evt_S-61_upper_body_0021,080a61f177c6e061,pose_hand_context,,42862.7,3.01,,1,cam12/e1/v1,rtmpose_baseline
full,03.CCTV Mobile Usage.mkv,632de9ed55947761d56d4c6142a3cb1a1fe69d0b1a6d0e01a2e404c697962623,dfine_sahi,126367.0,stationery,0.317,118.77,477.3,181.98,519.36,2658.6,63.21,42.06,1.503,False,,True,S-61,33,evt_S-61_upper_body_0021,080a61f177c6e061,pose_hand_context,,42862.7,3.01,,1,cam12/e1/v1,rtmpose_baseline
full,03.CCTV Mobile Usage.mkv,632de9ed55947761d56d4c6142a3cb1a1fe69d0b1a6d0e01a2e404c697962623,dfine_sahi,126367.0,unknown_object,0.3133,7.6,479.56,25.43,494.86,272.8,17.83,15.3,1.166,False,,True,S-61,33,evt_S-61_upper_body_0021,080a61f177c6e061,pose_hand_context,,42862.7,3.01,,1,cam12/e1/v1,rtmpose_baseline
full,03.CCTV Mobile Usage.mkv,632de9ed55947761d56d4c6142a3cb1a1fe69d0b1a6d0e01a2e404c697962623,dfine_sahi,126367.0,unknown_object,0.312,62.53,451.24,113.02,504.0,2663.9,50.49,52.76,0.957,False,,True,S-61,33,evt_S-61_upper_body_0021,080a61f177c6e061,pose_hand_context,,42862.7,3.01,,1,cam12/e1/v1,rtmpose_baseline
full,03.CCTV Mobile Usage.mkv,632de9ed55947761d56d4c6142a3cb1a1fe69d0b1a6d0e01a2e404c697962623,dfine_sahi,126367.0,secondary_paper_chit,0.2676,86.5,450.93,145.43,501.14,2959.1,58.93,50.21,1.174,False,,True,S-61,33,evt_S-61_upper_body_0021,080a61f177c6e061,pose_hand_context,,42862.7,3.01,,1,cam12/e1/v1,rtmpose_baseline
full,03.CCTV Mobile Usage.mkv,632de9ed55947761d56d4c6142a3cb1a1fe69d0b1a6d0e01a2e404c697962623,dfine_sahi,126367.0,secondary_paper_chit,0.2616,117.77,478.17,182.12,522.57,2857.6,64.36,44.4,1.449,False,,True,S-61,33,evt_S-61_upper_body_0021,080a61f177c6e061,pose_hand_context,,42862.7,3.01,,1,cam12/e1/v1,rtmpose_baseline
full,03.CCTV Mobile Usage.mkv,632de9ed55947761d56d4c6142a3cb1a1fe69d0b1a6d0e01a2e404c697962623,dfine_sahi,126367.0,keyboard,0.2589,-0.2,441.7,65.91,505.52,4218.4,66.1,63.82,1.036,False,,True,S-61,33,evt_S-61_upper_body_0021,080a61f177c6e061,pose_hand_context,,42862.7,3.01,,1,cam12/e1/v1,rtmpose_baseline
full,03.CCTV Mobile Usage.mkv,632de9ed55947761d56d4c6142a3cb1a1fe69d0b1a6d0e01a2e404c697962623,dfine_sahi,126367.0,unknown_object,0.2569,114.52,334.19,201.16,400.46,5741.7,86.63,66.27,1.307,False,,True,S-61,33,evt_S-61_upper_body_0021,080a61f177c6e061,pose_hand_context,,42862.7,3.01,,1,cam12/e1/v1,rtmpose_baseline
full,03.CCTV Mobile Usage.mkv,632de9ed55947761d56d4c6142a3cb1a1fe69d0b1a6d0e01a2e404c697962623,dfine_sahi,126800.0,secondary_paper_chit,0.5667,61.95,436.69,177.43,504.86,7872.7,115.48,68.17,1.694,False,,True,S-61,33,evt_S-61_desk_work_surface_0006,ae7ad345358ede85,pose_hand_context,,43557.4,2.97,,1,cam12/e1/v1,rtmpose_baseline
full,03.CCTV Mobile Usage.mkv,632de9ed55947761d56d4c6142a3cb1a1fe69d0b1a6d0e01a2e404c697962623,dfine_sahi,126800.0,unknown_object,0.513,-0.22,332.13,112.98,453.41,13729.5,113.2,121.28,0.933,False,,True,S-61,33,evt_S-61_desk_work_surface_0006,ae7ad345358ede85,pose_hand_context,,43557.4,2.97,,1,cam12/e1/v1,rtmpose_baseline
full,03.CCTV Mobile Usage.mkv,632de9ed55947761d56d4c6142a3cb1a1fe69d0b1a6d0e01a2e404c697962623,dfine_sahi,126800.0,unknown_object,0.4875,38.04,427.19,112.97,473.43,3464.9,74.93,46.24,1.62,False,,True,S-61,33,evt_S-61_desk_work_surface_0006,ae7ad345358ede85,pose_hand_context,,43557.4,2.97,,1,cam12/e1/v1,rtmpose_baseline
full,03.CCTV Mobile Usage.mkv,632de9ed55947761d56d4c6142a3cb1a1fe69d0b1a6d0e01a2e404c697962623,dfine_sahi,126800.0,unknown_object,0.4733,142.43,494.38,177.1,522.44,972.9,34.67,28.06,1.235,False,,True,S-61,33,evt_S-61_desk_work_surface_0006,ae7ad345358ede85,pose_hand_context,,43557.4,2.97,,1,cam12/e1/v1,rtmpose_baseline
full,03.CCTV Mobile Usage.mkv,632de9ed55947761d56d4c6142a3cb1a1fe69d0b1a6d0e01a2e404c697962623,dfine_sahi,126800.0,unknown_object,0.4615,87.96,435.71,184.15,505.98,6759.6,96.19,70.27,1.369,False,,True,S-61,33,evt_S-61_desk_work_surface_0006,ae7ad345358ede85,pose_hand_context,,43557.4,2.97,,1,cam12/e1/v1,rtmpose_baseline
full,03.CCTV Mobile Usage.mkv,632de9ed55947761d56d4c6142a3cb1a1fe69d0b1a6d0e01a2e404c697962623,dfine_sahi,126800.0,unknown_object,0.3897,29.55,332.08,109.0,381.89,3957.3,79.45,49.81,1.595,False,,True,S-61,33,evt_S-61_desk_work_surface_0006,ae7ad345358ede85,pose_hand_context,,43557.4,2.97,,1,cam12/e1/v1,rtmpose_baseline
full,03.CCTV Mobile Usage.mkv,632de9ed55947761d56d4c6142a3cb1a1fe69d0b1a6d0e01a2e404c697962623,dfine_sahi,126800.0,unknown_object,0.3754,111.62,437.07,161.57,483.04,2296.1,49.95,45.97,1.087,False,,True,S-61,33,evt_S-61_desk_work_surface_0006,ae7ad345358ede85,pose_hand_context,,43557.4,2.97,,1,cam12/e1/v1,rtmpose_baseline
full,03.CCTV Mobile Usage.mkv,632de9ed55947761d56d4c6142a3cb1a1fe69d0b1a6d0e01a2e404c697962623,dfine_sahi,126800.0,unknown_object,0.3609,88.06,451.73,144.37,504.02,2944.2,56.3,52.29,1.077,False,,True,S-61,33,evt_S-61_desk_work_surface_0006,ae7ad345358ede85,pose_hand_context,,43557.4,2.97,,1,cam12/e1/v1,rtmpose_baseline
full,03.CCTV Mobile Usage.mkv,632de9ed55947761d56d4c6142a3cb1a1fe69d0b1a6d0e01a2e404c697962623,dfine_sahi,126800.0,phone,0.3385,42.28,450.38,69.08,472.47,591.9,26.8,22.09,1.213,False,,True,S-61,33,evt_S-61_desk_work_surface_0006,ae7ad345358ede85,pose_hand_context,,43557.4,2.97,,1,cam12/e1/v1,rtmpose_baseline
full,03.CCTV Mobile Usage.mkv,632de9ed55947761d56d4c6142a3cb1a1fe69d0b1a6d0e01a2e404c697962623,dfine_sahi,126800.0,secondary_paper_chit,0.3299,118.52,475.92,182.3,522.32,2959.6,63.78,46.4,1.374,False,,True,S-61,33,evt_S-61_desk_work_surface_0006,ae7ad345358ede85,pose_hand_context,,43557.4,2.97,,1,cam12/e1/v1,rtmpose_baseline
full,03.CCTV Mobile Usage.mkv,632de9ed55947761d56d4c6142a3cb1a1fe69d0b1a6d0e01a2e404c697962623,dfine_sahi,126800.0,stationery,0.3265,47.88,510.39,85.72,548.02,1423.8,37.84,37.63,1.006,False,,True,S-61,33,evt_S-61_desk_work_surface_0006,ae7ad345358ede85,pose_hand_context,,43557.4,2.97,,1,cam12/e1/v1,rtmpose_baseline
full,03.CCTV Mobile Usage.mkv,632de9ed55947761d56d4c6142a3cb1a1fe69d0b1a6d0e01a2e404c697962623,dfine_sahi,126800.0,unknown_object,0.3025,88.17,386.32,151.8,431.69,2886.9,63.64,45.37,1.403,False,,True,S-61,33,evt_S-61_desk_work_surface_0006,ae7ad345358ede85,pose_hand_context,,43557.4,2.97,,1,cam12/e1/v1,rtmpose_baseline
full,03.CCTV Mobile Usage.mkv,632de9ed55947761d56d4c6142a3cb1a1fe69d0b1a6d0e01a2e404c697962623,dfine_sahi,126800.0,unknown_object,0.2979,114.63,332.12,172.8,400.6,3983.7,58.17,68.48,0.849,False,,True,S-61,33,evt_S-61_desk_work_surface_0006,ae7ad345358ede85,pose_hand_context,,43557.4,2.97,,1,cam12/e1/v1,rtmpose_baseline
full,03.CCTV Mobile Usage.mkv,632de9ed55947761d56d4c6142a3cb1a1fe69d0b1a6d0e01a2e404c697962623,dfine_sahi,126800.0,unknown_object,0.2939,62.39,451.2,113.03,503.73,2659.6,50.64,52.52,0.964,False,,True,S-61,33,evt_S-61_desk_work_surface_0006,ae7ad345358ede85,pose_hand_context,,43557.4,2.97,,1,cam12/e1/v1,rtmpose_baseline
full,03.CCTV Mobile Usage.mkv,632de9ed55947761d56d4c6142a3cb1a1fe69d0b1a6d0e01a2e404c697962623,dfine_sahi,126800.0,unknown_object,0.293,-0.12,494.19,176.55,547.74,9460.6,176.67,53.55,3.299,False,,True,S-61,33,evt_S-61_desk_work_surface_0006,ae7ad345358ede85,pose_hand_context,,43557.4,2.97,,1,cam12/e1/v1,rtmpose_baseline
full,03.CCTV Mobile Usage.mkv,632de9ed55947761d56d4c6142a3cb1a1fe69d0b1a6d0e01a2e404c697962623,dfine_sahi,126800.0,unknown_object,0.2827,119.82,477.98,179.35,513.88,2136.8,59.53,35.9,1.658,False,,True,S-61,33,evt_S-61_desk_work_surface_0006,ae7ad345358ede85,pose_hand_context,,43557.4,2.97,,1,cam12/e1/v1,rtmpose_baseline
full,03.CCTV Mobile Usage.mkv,632de9ed55947761d56d4c6142a3cb1a1fe69d0b1a6d0e01a2e404c697962623,dfine_sahi,126800.0,secondary_paper_chit,0.2795,134.82,492.06,178.51,521.96,1306.3,43.69,29.9,1.461,False,,True,S-61,33,evt_S-61_desk_work_surface_0006,ae7ad345358ede85,pose_hand_context,,43557.4,2.97,,1,cam12/e1/v1,rtmpose_baseline
full,03.CCTV Mobile Usage.mkv,632de9ed55947761d56d4c6142a3cb1a1fe69d0b1a6d0e01a2e404c697962623,dfine_sahi,126800.0,unknown_object,0.2748,87.97,427.04,183.78,455.55,2731.6,95.8,28.51,3.36,False,,True,S-61,33,evt_S-61_desk_work_surface_0006,ae7ad345358ede85,pose_hand_context,,43557.4,2.97,,1,cam12/e1/v1,rtmpose_baseline
full,03.CCTV Mobile Usage.mkv,632de9ed55947761d56d4c6142a3cb1a1fe69d0b1a6d0e01a2e404c697962623,dfine_sahi,126800.0,secondary_paper_chit,0.2706,86.74,450.56,145.39,500.8,2946.8,58.66,50.24,1.168,False,,True,S-61,33,evt_S-61_desk_work_surface_0006,ae7ad345358ede85,pose_hand_context,,43557.4,2.97,,1,cam12/e1/v1,rtmpose_baseline
full,03.CCTV Mobile Usage.mkv,632de9ed55947761d56d4c6142a3cb1a1fe69d0b1a6d0e01a2e404c697962623,dfine_sahi,126800.0,unknown_object,0.2566,87.89,466.73,113.51,503.55,943.5,25.62,36.83,0.696,False,,True,S-61,33,evt_S-61_desk_work_surface_0006,ae7ad345358ede85,pose_hand_context,,43557.4,2.97,,1,cam12/e1/v1,rtmpose_baseline
full,03.CCTV Mobile Usage.mkv,632de9ed55947761d56d4c6142a3cb1a1fe69d0b1a6d0e01a2e404c697962623,dfine_sahi,126800.0,unknown_object,0.2556,66.12,509.89,85.14,543.72,643.2,19.02,33.83,0.562,False,,True,S-61,33,evt_S-61_desk_work_surface_0006,ae7ad345358ede85,pose_hand_context,,43557.4,2.97,,1,cam12/e1/v1,rtmpose_baseline
full,03.CCTV Mobile Usage.mkv,632de9ed55947761d56d4c6142a3cb1a1fe69d0b1a6d0e01a2e404c697962623,dfine_sahi,126800.0,unknown_object,0.2543,155.28,514.78,201.93,547.92,1546.0,46.66,33.13,1.408,False,,True,S-61,33,evt_S-61_desk_work_surface_0006,ae7ad345358ede85,pose_hand_context,,43557.4,2.97,,1,cam12/e1/v1,rtmpose_baseline
full,03.CCTV Mobile Usage.mkv,632de9ed55947761d56d4c6142a3cb1a1fe69d0b1a6d0e01a2e404c697962623,dfine_sahi,126800.0,phone,0.2521,9.84,475.15,64.09,497.85,1231.6,54.24,22.7,2.389,False,,True,S-61,33,evt_S-61_desk_work_surface_0006,ae7ad345358ede85,pose_hand_context,,43557.4,2.97,,1,cam12/e1/v1,rtmpose_baseline
full,03.CCTV Mobile Usage.mkv,632de9ed55947761d56d4c6142a3cb1a1fe69d0b1a6d0e01a2e404c697962623,dfine_sahi,126867.0,unknown_object,0.6606,86.84,335.24,198.85,453.59,13256.8,112.01,118.36,0.946,False,,True,S-61,33,evt_S-61_upper_body_0021,7e8e37e8407f1cc8,pose_hand_context,,42135.7,3.02,,1,cam12/e1/v1,rtmpose_baseline
full,03.CCTV Mobile Usage.mkv,632de9ed55947761d56d4c6142a3cb1a1fe69d0b1a6d0e01a2e404c697962623,dfine_sahi,126867.0,secondary_paper_chit,0.575,61.96,437.05,177.75,504.82,7847.0,115.79,67.77,1.709,False,,True,S-61,33,evt_S-61_upper_body_0021,7e8e37e8407f1cc8,pose_hand_context,,42135.7,3.02,,1,cam12/e1/v1,rtmpose_baseline
full,03.CCTV Mobile Usage.mkv,632de9ed55947761d56d4c6142a3cb1a1fe69d0b1a6d0e01a2e404c697962623,dfine_sahi,126867.0,unknown_object,0.5376,38.33,428.25,110.93,473.4,3278.4,72.61,45.15,1.608,False,,True,S-61,33,evt_S-61_upper_body_0021,7e8e37e8407f1cc8,pose_hand_context,,42135.7,3.02,,1,cam12/e1/v1,rtmpose_baseline
full,03.CCTV Mobile Usage.mkv,632de9ed55947761d56d4c6142a3cb1a1fe69d0b1a6d0e01a2e404c697962623,dfine_sahi,126867.0,unknown_object,0.5196,-0.18,335.14,110.9,453.48,13145.4,111.09,118.33,0.939,False,,True,S-61,33,evt_S-61_upper_body_0021,7e8e37e8407f1cc8,pose_hand_context,,42135.7,3.02,,1,cam12/e1/v1,rtmpose_baseline
full,03.CCTV Mobile Usage.mkv,632de9ed55947761d56d4c6142a3cb1a1fe69d0b1a6d0e01a2e404c697962623,dfine_sahi,126867.0,unknown_object,0.5152,111.29,436.95,176.92,485.69,3198.7,65.63,48.74,1.347,False,,True,S-61,33,evt_S-61_upper_body_0021,7e8e37e8407f1cc8,pose_hand_context,,42135.7,3.02,,1,cam12/e1/v1,rtmpose_baseline
full,03.CCTV Mobile Usage.mkv,632de9ed55947761d56d4c6142a3cb1a1fe69d0b1a6d0e01a2e404c697962623,dfine_sahi,126867.0,unknown_object,0.4741,87.04,430.93,183.13,506.1,7223.3,96.09,75.17,1.278,False,,True,S-61,33,evt_S-61_upper_body_0021,7e8e37e8407f1cc8,pose_hand_context,,42135.7,3.02,,1,cam12/e1/v1,rtmpose_baseline
full,03.CCTV Mobile Usage.mkv,632de9ed55947761d56d4c6142a3cb1a1fe69d0b1a6d0e01a2e404c697962623,dfine_sahi,126867.0,unknown_object,0.4406,141.17,493.99,177.29,522.7,1037.1,36.12,28.71,1.258,False,,True,S-61,33,evt_S-61_upper_body_0021,7e8e37e8407f1cc8,pose_hand_context,,42135.7,3.02,,1,cam12/e1/v1,rtmpose_baseline
full,03.CCTV Mobile Usage.mkv,632de9ed55947761d56d4c6142a3cb1a1fe69d0b1a6d0e01a2e404c697962623,dfine_sahi,126867.0,unknown_object,0.423,87.1,452.18,144.1,504.12,2960.5,57.0,51.94,1.097,False,,True,S-61,33,evt_S-61_upper_body_0021,7e8e37e8407f1cc8,pose_hand_context,,42135.7,3.02,,1,cam12/e1/v1,rtmpose_baseline
full,03.CCTV Mobile Usage.mkv,632de9ed55947761d56d4c6142a3cb1a1fe69d0b1a6d0e01a2e404c697962623,dfine_sahi,126867.0,stationery,0.4015,47.19,510.25,85.51,547.03,1409.5,38.33,36.78,1.042,False,,True,S-61,33,evt_S-61_upper_body_0021,7e8e37e8407f1cc8,pose_hand_context,,42135.7,3.02,,1,cam12/e1/v1,rtmpose_baseline
full,03.CCTV Mobile Usage.mkv,632de9ed55947761d56d4c6142a3cb1a1fe69d0b1a6d0e01a2e404c697962623,dfine_sahi,126867.0,secondary_paper_chit,0.3719,118.26,478.06,181.3,521.81,2758.1,63.04,43.75,1.441,False,,True,S-61,33,evt_S-61_upper_body_0021,7e8e37e8407f1cc8,pose_hand_context,,42135.7,3.02,,1,cam12/e1/v1,rtmpose_baseline
full,03.CCTV Mobile Usage.mkv,632de9ed55947761d56d4c6142a3cb1a1fe69d0b1a6d0e01a2e404c697962623,dfine_sahi,126867.0,unknown_object,0.3515,114.17,335.18,172.63,401.67,3886.9,58.46,66.49,0.879,False,,True,S-61,33,evt_S-61_upper_body_0021,7e8e37e8407f1cc8,pose_hand_context,,42135.7,3.02,,1,cam12/e1/v1,rtmpose_baseline
full,03.CCTV Mobile Usage.mkv,632de9ed55947761d56d4c6142a3cb1a1fe69d0b1a6d0e01a2e404c697962623,dfine_sahi,126867.0,secondary_paper_chit,0.3392,86.59,450.85,145.37,500.92,2942.9,58.77,50.07,1.174,False,,True,S-61,33,evt_S-61_upper_body_0021,7e8e37e8407f1cc8,pose_hand_context,,42135.7,3.02,,1,cam12/e1/v1,rtmpose_baseline
full,03.CCTV Mobile Usage.mkv,632de9ed55947761d56d4c6142a3cb1a1fe69d0b1a6d0e01a2e404c697962623,dfine_sahi,126867.0,unknown_object,0.3376,86.98,428.03,184.12,456.93,2807.3,97.14,28.9,3.361,False,,True,S-61,33,evt_S-61_upper_body_0021,7e8e37e8407f1cc8,pose_hand_context,,42135.7,3.02,,1,cam12/e1/v1,rtmpose_baseline
full,03.CCTV Mobile Usage.mkv,632de9ed55947761d56d4c6142a3cb1a1fe69d0b1a6d0e01a2e404c697962623,dfine_sahi,126867.0,unknown_object,0.3189,119.65,477.93,179.35,515.14,2221.7,59.7,37.21,1.604,False,,True,S-61,33,evt_S-61_upper_body_0021,7e8e37e8407f1cc8,pose_hand_context,,42135.7,3.02,,1,cam12/e1/v1,rtmpose_baseline
full,03.CCTV Mobile Usage.mkv,632de9ed55947761d56d4c6142a3cb1a1fe69d0b1a6d0e01a2e404c697962623,dfine_sahi,126867.0,phone,0.3178,42.01,450.34,69.2,472.44,600.7,27.19,22.09,1.231,False,,True,S-61,33,evt_S-61_upper_body_0021,7e8e37e8407f1cc8,pose_hand_context,,42135.7,3.02,,1,cam12/e1/v1,rtmpose_baseline
full,03.CCTV Mobile Usage.mkv,632de9ed55947761d56d4c6142a3cb1a1fe69d0b1a6d0e01a2e404c697962623,dfine_sahi,126867.0,secondary_paper_chit,0.3095,110.22,437.09,176.69,487.87,3375.0,66.47,50.77,1.309,False,,True,S-61,33,evt_S-61_upper_body_0021,7e8e37e8407f1cc8,pose_hand_context,,42135.7,3.02,,1,cam12/e1/v1,rtmpose_baseline
full,03.CCTV Mobile Usage.mkv,632de9ed55947761d56d4c6142a3cb1a1fe69d0b1a6d0e01a2e404c697962623,dfine_sahi,126867.0,unknown_object,0.308,86.94,465.1,113.52,503.64,1024.2,26.58,38.54,0.69,False,,True,S-61,33,evt_S-61_upper_body_0021,7e8e37e8407f1cc8,pose_hand_context,,42135.7,3.02,,1,cam12/e1/v1,rtmpose_baseline
full,03.CCTV Mobile Usage.mkv,632de9ed55947761d56d4c6142a3cb1a1fe69d0b1a6d0e01a2e404c697962623,dfine_sahi,126867.0,unknown_object,0.3057,62.36,452.13,111.04,503.51,2501.1,48.68,51.38,0.947,False,,True,S-61,33,evt_S-61_upper_body_0021,7e8e37e8407f1cc8,pose_hand_context,,42135.7,3.02,,1,cam12/e1/v1,rtmpose_baseline
full,03.CCTV Mobile Usage.mkv,632de9ed55947761d56d4c6142a3cb1a1fe69d0b1a6d0e01a2e404c697962623,dfine_sahi,126867.0,secondary_paper_chit,0.2607,61.47,462.12,115.59,503.19,2222.4,54.12,41.06,1.318,False,,True,S-61,33,evt_S-61_upper_body_0021,7e8e37e8407f1cc8,pose_hand_context,,42135.7,3.02,,1,cam12/e1/v1,rtmpose_baseline
full,03.CCTV Mobile Usage.mkv,632de9ed55947761d56d4c6142a3cb1a1fe69d0b1a6d0e01a2e404c697962623,dfine_sahi,127300.0,unknown_object,0.6071,89.89,328.21,207.03,454.46,14789.9,117.14,126.26,0.928,False,,True,S-61,33,evt_S-61_desk_work_surface_0006,1db5cfca75146df7,pose_hand_context,,47029.7,2.83,,1,cam12/e1/v1,rtmpose_baseline
full,03.CCTV Mobile Usage.mkv,632de9ed55947761d56d4c6142a3cb1a1fe69d0b1a6d0e01a2e404c697962623,dfine_sahi,127300.0,mouse,0.6064,43.38,450.38,70.6,473.99,642.5,27.21,23.61,1.152,False,,True,S-61,33,evt_S-61_desk_work_surface_0006,1db5cfca75146df7,pose_hand_context,,47029.7,2.83,,1,cam12/e1/v1,rtmpose_baseline
full,03.CCTV Mobile Usage.mkv,632de9ed55947761d56d4c6142a3cb1a1fe69d0b1a6d0e01a2e404c697962623,dfine_sahi,127300.0,unknown_object,0.6035,38.36,427.13,115.98,474.9,3708.0,77.62,47.77,1.625,False,,True,S-61,33,evt_S-61_desk_work_surface_0006,1db5cfca75146df7,pose_hand_context,,47029.7,2.83,,1,cam12/e1/v1,rtmpose_baseline
full,03.CCTV Mobile Usage.mkv,632de9ed55947761d56d4c6142a3cb1a1fe69d0b1a6d0e01a2e404c697962623,dfine_sahi,127300.0,unknown_object,0.5917,-0.29,328.13,115.99,454.5,14694.9,116.28,126.38,0.92,False,,True,S-61,33,evt_S-61_desk_work_surface_0006,1db5cfca75146df7,pose_hand_context,,47029.7,2.83,,1,cam12/e1/v1,rtmpose_baseline
full,03.CCTV Mobile Usage.mkv,632de9ed55947761d56d4c6142a3cb1a1fe69d0b1a6d0e01a2e404c697962623,dfine_sahi,127300.0,unknown_object,0.5392,90.05,436.89,177.63,505.51,6010.4,87.58,68.62,1.276,False,,True,S-61,33,evt_S-61_desk_work_surface_0006,1db5cfca75146df7,pose_hand_context,,47029.7,2.83,,1,cam12/e1/v1,rtmpose_baseline
full,03.CCTV Mobile Usage.mkv,632de9ed55947761d56d4c6142a3cb1a1fe69d0b1a6d0e01a2e404c697962623,dfine_sahi,127300.0,secondary_paper_chit,0.5104,61.0,436.68,176.91,504.62,7874.8,115.91,67.94,1.706,False,,True,S-61,33,evt_S-61_desk_work_surface_0006,1db5cfca75146df7,pose_hand_context,,47029.7,2.83,,1,cam12/e1/v1,rtmpose_baseline
full,03.CCTV Mobile Usage.mkv,632de9ed55947761d56d4c6142a3cb1a1fe69d0b1a6d0e01a2e404c697962623,dfine_sahi,127300.0,unknown_object,0.4258,25.17,328.07,109.51,382.25,4570.1,84.34,54.19,1.556,False,,True,S-61,33,evt_S-61_desk_work_surface_0006,1db5cfca75146df7,pose_hand_context,,47029.7,2.83,,1,cam12/e1/v1,rtmpose_baseline
full,03.CCTV Mobile Usage.mkv,632de9ed55947761d56d4c6142a3cb1a1fe69d0b1a6d0e01a2e404c697962623,dfine_sahi,127300.0,unknown_object,0.3648,89.97,427.34,206.94,553.57,14765.1,116.97,126.23,0.927,False,,True,S-61,33,evt_S-61_desk_work_surface_0006,1db5cfca75146df7,pose_hand_context,,47029.7,2.83,,1,cam12/e1/v1,rtmpose_baseline
full,03.CCTV Mobile Usage.mkv,632de9ed55947761d56d4c6142a3cb1a1fe69d0b1a6d0e01a2e404c697962623,dfine_sahi,127300.0,unknown_object,0.3451,46.95,509.42,84.94,552.89,1651.6,37.99,43.47,0.874,False,,True,S-61,33,evt_S-61_desk_work_surface_0006,1db5cfca75146df7,pose_hand_context,,47029.7,2.83,,1,cam12/e1/v1,rtmpose_baseline
full,03.CCTV Mobile Usage.mkv,632de9ed55947761d56d4c6142a3cb1a1fe69d0b1a6d0e01a2e404c697962623,dfine_sahi,127300.0,unknown_object,0.3369,141.71,494.22,177.54,522.66,1018.6,35.82,28.43,1.26,False,,True,S-61,33,evt_S-61_desk_work_surface_0006,1db5cfca75146df7,pose_hand_context,,47029.7,2.83,,1,cam12/e1/v1,rtmpose_baseline
full,03.CCTV Mobile Usage.mkv,632de9ed55947761d56d4c6142a3cb1a1fe69d0b1a6d0e01a2e404c697962623,dfine_sahi,127300.0,monitor_or_bezel,0.334,-0.22,494.18,182.88,553.81,10916.8,183.1,59.62,3.071,False,,True,S-61,33,evt_S-61_desk_work_surface_0006,1db5cfca75146df7,pose_hand_context,,47029.7,2.83,,1,cam12/e1/v1,rtmpose_baseline
full,03.CCTV Mobile Usage.mkv,632de9ed55947761d56d4c6142a3cb1a1fe69d0b1a6d0e01a2e404c697962623,dfine_sahi,127300.0,secondary_paper_chit,0.3324,118.55,478.09,180.85,520.64,2650.6,62.29,42.55,1.464,False,,True,S-61,33,evt_S-61_desk_work_surface_0006,1db5cfca75146df7,pose_hand_context,,47029.7,2.83,,1,cam12/e1/v1,rtmpose_baseline
full,03.CCTV Mobile Usage.mkv,632de9ed55947761d56d4c6142a3cb1a1fe69d0b1a6d0e01a2e404c697962623,dfine_sahi,127300.0,stationery,0.3301,47.06,509.61,85.45,552.13,1632.6,38.4,42.52,0.903,False,,True,S-61,33,evt_S-61_desk_work_surface_0006,1db5cfca75146df7,pose_hand_context,,47029.7,2.83,,1,cam12/e1/v1,rtmpose_baseline
full,03.CCTV Mobile Usage.mkv,632de9ed55947761d56d4c6142a3cb1a1fe69d0b1a6d0e01a2e404c697962623,dfine_sahi,127300.0,secondary_paper_chit,0.3271,86.94,450.36,145.27,500.74,2937.9,58.32,50.37,1.158,False,,True,S-61,33,evt_S-61_desk_work_surface_0006,1db5cfca75146df7,pose_hand_context,,47029.7,2.83,,1,cam12/e1/v1,rtmpose_baseline
full,03.CCTV Mobile Usage.mkv,632de9ed55947761d56d4c6142a3cb1a1fe69d0b1a6d0e01a2e404c697962623,dfine_sahi,127300.0,secondary_paper_chit,0.3093,110.61,436.77,175.84,488.15,3351.8,65.23,51.38,1.27,False,,True,S-61,33,evt_S-61_desk_work_surface_0006,1db5cfca75146df7,pose_hand_context,,47029.7,2.83,,1,cam12/e1/v1,rtmpose_baseline
full,03.CCTV Mobile Usage.mkv,632de9ed55947761d56d4c6142a3cb1a1fe69d0b1a6d0e01a2e404c697962623,dfine_sahi,127300.0,unknown_object,0.2946,-0.33,427.36,116.19,553.53,14700.6,116.51,126.17,0.923,False,,True,S-61,33,evt_S-61_desk_work_surface_0006,1db5cfca75146df7,pose_hand_context,,47029.7,2.83,,1,cam12/e1/v1,rtmpose_baseline
full,03.CCTV Mobile Usage.mkv,632de9ed55947761d56d4c6142a3cb1a1fe69d0b1a6d0e01a2e404c697962623,dfine_sahi,127300.0,secondary_paper_chit,0.2746,60.43,462.82,117.54,503.54,2325.3,57.11,40.72,1.403,False,,True,S-61,33,evt_S-61_desk_work_surface_0006,1db5cfca75146df7,pose_hand_context,,47029.7,2.83,,1,cam12/e1/v1,rtmpose_baseline
full,03.CCTV Mobile Usage.mkv,632de9ed55947761d56d4c6142a3cb1a1fe69d0b1a6d0e01a2e404c697962623,dfine_sahi,127300.0,unknown_object,0.262,90.05,386.73,152.51,431.42,2791.7,62.46,44.69,1.398,False,,True,S-61,33,evt_S-61_desk_work_surface_0006,1db5cfca75146df7,pose_hand_context,,47029.7,2.83,,1,cam12/e1/v1,rtmpose_baseline
full,03.CCTV Mobile Usage.mkv,632de9ed55947761d56d4c6142a3cb1a1fe69d0b1a6d0e01a2e404c697962623,dfine_sahi,127300.0,unknown_object,0.2555,90.09,427.05,188.1,455.33,2771.7,98.01,28.28,3.466,False,,True,S-61,33,evt_S-61_desk_work_surface_0006,1db5cfca75146df7,pose_hand_context,,47029.7,2.83,,1,cam12/e1/v1,rtmpose_baseline
full,03.CCTV Mobile Usage.mkv,632de9ed55947761d56d4c6142a3cb1a1fe69d0b1a6d0e01a2e404c697962623,dfine_sahi,127300.0,keyboard,0.9173,962.11,451.96,1067.93,491.38,4171.5,105.82,39.42,2.684,False,,True,R-desk,37,evt_S-61_desk_work_surface_0006,8a7953295bd2532a,lap_bag_context,no_pose_observation,34560.0,1.33,,1,cam12/e1/v1,
full,03.CCTV Mobile Usage.mkv,632de9ed55947761d56d4c6142a3cb1a1fe69d0b1a6d0e01a2e404c697962623,dfine_sahi,127300.0,phone,0.7222,1043.33,421.45,1112.7,473.78,3630.4,69.37,52.33,1.326,False,,True,R-desk,37,evt_S-61_desk_work_surface_0006,8a7953295bd2532a,lap_bag_context,no_pose_observation,34560.0,1.33,,1,cam12/e1/v1,
full,03.CCTV Mobile Usage.mkv,632de9ed55947761d56d4c6142a3cb1a1fe69d0b1a6d0e01a2e404c697962623,dfine_sahi,127300.0,mouse,0.7142,865.04,413.69,891.38,435.57,576.6,26.35,21.89,1.204,False,,True,R-desk,37,evt_S-61_desk_work_surface_0006,8a7953295bd2532a,lap_bag_context,no_pose_observation,34560.0,1.33,,1,cam12/e1/v1,
full,03.CCTV Mobile Usage.mkv,632de9ed55947761d56d4c6142a3cb1a1fe69d0b1a6d0e01a2e404c697962623,dfine_sahi,127300.0,monitor_or_bezel,0.6996,1019.16,395.8,1145.66,448.06,6611.2,126.5,52.26,2.42,False,,True,R-desk,37,evt_S-61_desk_work_surface_0006,8a7953295bd2532a,lap_bag_context,no_pose_observation,34560.0,1.33,,1,cam12/e1/v1,
full,03.CCTV Mobile Usage.mkv,632de9ed55947761d56d4c6142a3cb1a1fe69d0b1a6d0e01a2e404c697962623,dfine_sahi,127300.0,keyboard,0.6825,772.09,380.19,870.58,420.45,3964.2,98.48,40.25,2.447,False,,True,R-desk,37,evt_S-61_desk_work_surface_0006,8a7953295bd2532a,lap_bag_context,no_pose_observation,34560.0,1.33,,1,cam12/e1/v1,
full,03.CCTV Mobile Usage.mkv,632de9ed55947761d56d4c6142a3cb1a1fe69d0b1a6d0e01a2e404c697962623,dfine_sahi,127300.0,keyboard,0.6266,962.95,452.35,1035.09,475.57,1674.9,72.14,23.22,3.107,False,,True,R-desk,37,evt_S-61_desk_work_surface_0006,8a7953295bd2532a,lap_bag_context,no_pose_observation,34560.0,1.33,,1,cam12/e1/v1,
full,03.CCTV Mobile Usage.mkv,632de9ed55947761d56d4c6142a3cb1a1fe69d0b1a6d0e01a2e404c697962623,dfine_sahi,127300.0,unknown_object,0.6226,699.92,396.19,847.18,492.32,14156.4,147.27,96.13,1.532,False,,True,R-desk,37,evt_S-61_desk_work_surface_0006,8a7953295bd2532a,lap_bag_context,no_pose_observation,34560.0,1.33,,1,cam12/e1/v1,
full,03.CCTV Mobile Usage.mkv,632de9ed55947761d56d4c6142a3cb1a1fe69d0b1a6d0e01a2e404c697962623,dfine_sahi,127300.0,monitor_or_bezel,0.6007,910.2,411.22,1141.81,506.35,22032.0,231.61,95.13,2.435,False,,True,R-desk,37,evt_S-61_desk_work_surface_0006,8a7953295bd2532a,lap_bag_context,no_pose_observation,34560.0,1.33,,1,cam12/e1/v1,
full,03.CCTV Mobile Usage.mkv,632de9ed55947761d56d4c6142a3cb1a1fe69d0b1a6d0e01a2e404c697962623,dfine_sahi,127300.0,keyboard,0.5786,802.09,396.25,870.56,420.7,1673.9,68.47,24.45,2.801,False,,True,R-desk,37,evt_S-61_desk_work_surface_0006,8a7953295bd2532a,lap_bag_context,no_pose_observation,34560.0,1.33,,1,cam12/e1/v1,
full,03.CCTV Mobile Usage.mkv,632de9ed55947761d56d4c6142a3cb1a1fe69d0b1a6d0e01a2e404c697962623,dfine_sahi,127300.0,monitor_or_bezel,0.5728,963.24,380.55,1152.89,474.9,17895.7,189.66,94.36,2.01,False,,True,R-desk,37,evt_S-61_desk_work_surface_0006,8a7953295bd2532a,lap_bag_context,no_pose_observation,34560.0,1.33,,1,cam12/e1/v1,
full,03.CCTV Mobile Usage.mkv,632de9ed55947761d56d4c6142a3cb1a1fe69d0b1a6d0e01a2e404c697962623,dfine_sahi,127300.0,monitor_or_bezel,0.5539,709.83,379.88,969.6,474.74,24640.4,259.78,94.85,2.739,False,,True,R-desk,37,evt_S-61_desk_work_surface_0006,8a7953295bd2532a,lap_bag_context,no_pose_observation,34560.0,1.33,,1,cam12/e1/v1,
full,03.CCTV Mobile Usage.mkv,632de9ed55947761d56d4c6142a3cb1a1fe69d0b1a6d0e01a2e404c697962623,dfine_sahi,127300.0,unknown_object,0.4821,699.96,380.5,758.71,475.07,5556.1,58.75,94.57,0.621,False,,True,R-desk,37,evt_S-61_desk_work_surface_0006,8a7953295bd2532a,lap_bag_context,no_pose_observation,34560.0,1.33,,1,cam12/e1/v1,
full,03.CCTV Mobile Usage.mkv,632de9ed55947761d56d4c6142a3cb1a1fe69d0b1a6d0e01a2e404c697962623,dfine_sahi,127300.0,unknown_object,0.4248,748.89,411.46,873.22,505.64,11708.9,124.33,94.18,1.32,False,,True,R-desk,37,evt_S-61_desk_work_surface_0006,8a7953295bd2532a,lap_bag_context,no_pose_observation,34560.0,1.33,,1,cam12/e1/v1,
full,03.CCTV Mobile Usage.mkv,632de9ed55947761d56d4c6142a3cb1a1fe69d0b1a6d0e01a2e404c697962623,dfine_sahi,127300.0,mouse,0.3536,967.12,398.39,992.02,410.66,305.6,24.9,12.27,2.03,False,,True,R-desk,37,evt_S-61_desk_work_surface_0006,8a7953295bd2532a,lap_bag_context,no_pose_observation,34560.0,1.33,,1,cam12/e1/v1,
full,03.CCTV Mobile Usage.mkv,632de9ed55947761d56d4c6142a3cb1a1fe69d0b1a6d0e01a2e404c697962623,dfine_sahi,127300.0,unknown_object,0.3518,881.75,411.17,969.7,453.5,3722.6,87.94,42.33,2.078,False,,True,R-desk,37,evt_S-61_desk_work_surface_0006,8a7953295bd2532a,lap_bag_context,no_pose_observation,34560.0,1.33,,1,cam12/e1/v1,
full,03.CCTV Mobile Usage.mkv,632de9ed55947761d56d4c6142a3cb1a1fe69d0b1a6d0e01a2e404c697962623,dfine_sahi,127300.0,keyboard,0.286,910.09,411.4,1093.3,506.32,17388.9,183.2,94.92,1.93,False,,True,R-desk,37,evt_S-61_desk_work_surface_0006,8a7953295bd2532a,lap_bag_context,no_pose_observation,34560.0,1.33,,1,cam12/e1/v1,
full,03.CCTV Mobile Usage.mkv,632de9ed55947761d56d4c6142a3cb1a1fe69d0b1a6d0e01a2e404c697962623,dfine_sahi,127300.0,mouse,0.2831,991.05,399.22,1026.76,413.36,505.2,35.72,14.15,2.525,False,,True,R-desk,37,evt_S-61_desk_work_surface_0006,8a7953295bd2532a,lap_bag_context,no_pose_observation,34560.0,1.33,,1,cam12/e1/v1,
full,03.CCTV Mobile Usage.mkv,632de9ed55947761d56d4c6142a3cb1a1fe69d0b1a6d0e01a2e404c697962623,dfine_sahi,127300.0,unknown_object,0.2749,832.03,411.02,969.86,505.88,13074.0,137.83,94.85,1.453,False,,True,R-desk,37,evt_S-61_desk_work_surface_0006,8a7953295bd2532a,lap_bag_context,no_pose_observation,34560.0,1.33,,1,cam12/e1/v1,
full,03.CCTV Mobile Usage.mkv,632de9ed55947761d56d4c6142a3cb1a1fe69d0b1a6d0e01a2e404c697962623,dfine_sahi,127300.0,keyboard,0.2708,965.63,395.17,1102.2,474.97,10897.7,136.57,79.8,1.711,False,,True,R-desk,37,evt_S-61_desk_work_surface_0006,8a7953295bd2532a,lap_bag_context,no_pose_observation,34560.0,1.33,,1,cam12/e1/v1,
full,03.CCTV Mobile Usage.mkv,632de9ed55947761d56d4c6142a3cb1a1fe69d0b1a6d0e01a2e404c697962623,dfine_sahi,127367.0,keyboard,0.9173,962.11,451.96,1067.93,491.38,4171.5,105.82,39.42,2.684,False,,True,R-desk,37,evt_S-61_upper_body_0021,8359d6520e7c9b8d,lap_bag_context,no_pose_observation,34560.0,1.33,,1,cam12/e1/v1,
full,03.CCTV Mobile Usage.mkv,632de9ed55947761d56d4c6142a3cb1a1fe69d0b1a6d0e01a2e404c697962623,dfine_sahi,127367.0,phone,0.7222,1043.33,421.45,1112.7,473.78,3630.4,69.37,52.33,1.326,False,,True,R-desk,37,evt_S-61_upper_body_0021,8359d6520e7c9b8d,lap_bag_context,no_pose_observation,34560.0,1.33,,1,cam12/e1/v1,
full,03.CCTV Mobile Usage.mkv,632de9ed55947761d56d4c6142a3cb1a1fe69d0b1a6d0e01a2e404c697962623,dfine_sahi,127367.0,mouse,0.7142,865.04,413.69,891.38,435.57,576.6,26.35,21.89,1.204,False,,True,R-desk,37,evt_S-61_upper_body_0021,8359d6520e7c9b8d,lap_bag_context,no_pose_observation,34560.0,1.33,,1,cam12/e1/v1,
full,03.CCTV Mobile Usage.mkv,632de9ed55947761d56d4c6142a3cb1a1fe69d0b1a6d0e01a2e404c697962623,dfine_sahi,127367.0,monitor_or_bezel,0.6996,1019.16,395.8,1145.66,448.06,6611.2,126.5,52.26,2.42,False,,True,R-desk,37,evt_S-61_upper_body_0021,8359d6520e7c9b8d,lap_bag_context,no_pose_observation,34560.0,1.33,,1,cam12/e1/v1,
full,03.CCTV Mobile Usage.mkv,632de9ed55947761d56d4c6142a3cb1a1fe69d0b1a6d0e01a2e404c697962623,dfine_sahi,127367.0,keyboard,0.6825,772.09,380.19,870.58,420.45,3964.2,98.48,40.25,2.447,False,,True,R-desk,37,evt_S-61_upper_body_0021,8359d6520e7c9b8d,lap_bag_context,no_pose_observation,34560.0,1.33,,1,cam12/e1/v1,
full,03.CCTV Mobile Usage.mkv,632de9ed55947761d56d4c6142a3cb1a1fe69d0b1a6d0e01a2e404c697962623,dfine_sahi,127367.0,keyboard,0.6266,962.95,452.35,1035.09,475.57,1674.9,72.14,23.22,3.107,False,,True,R-desk,37,evt_S-61_upper_body_0021,8359d6520e7c9b8d,lap_bag_context,no_pose_observation,34560.0,1.33,,1,cam12/e1/v1,
full,03.CCTV Mobile Usage.mkv,632de9ed55947761d56d4c6142a3cb1a1fe69d0b1a6d0e01a2e404c697962623,dfine_sahi,127367.0,unknown_object,0.6226,699.92,396.19,847.18,492.32,14156.4,147.27,96.13,1.532,False,,True,R-desk,37,evt_S-61_upper_body_0021,8359d6520e7c9b8d,lap_bag_context,no_pose_observation,34560.0,1.33,,1,cam12/e1/v1,
full,03.CCTV Mobile Usage.mkv,632de9ed55947761d56d4c6142a3cb1a1fe69d0b1a6d0e01a2e404c697962623,dfine_sahi,127367.0,monitor_or_bezel,0.6007,910.2,411.22,1141.81,506.35,22032.0,231.61,95.13,2.435,False,,True,R-desk,37,evt_S-61_upper_body_0021,8359d6520e7c9b8d,lap_bag_context,no_pose_observation,34560.0,1.33,,1,cam12/e1/v1,
full,03.CCTV Mobile Usage.mkv,632de9ed55947761d56d4c6142a3cb1a1fe69d0b1a6d0e01a2e404c697962623,dfine_sahi,127367.0,keyboard,0.5786,802.09,396.25,870.56,420.7,1673.9,68.47,24.45,2.801,False,,True,R-desk,37,evt_S-61_upper_body_0021,8359d6520e7c9b8d,lap_bag_context,no_pose_observation,34560.0,1.33,,1,cam12/e1/v1,
full,03.CCTV Mobile Usage.mkv,632de9ed55947761d56d4c6142a3cb1a1fe69d0b1a6d0e01a2e404c697962623,dfine_sahi,127367.0,monitor_or_bezel,0.5728,963.24,380.55,1152.89,474.9,17895.7,189.66,94.36,2.01,False,,True,R-desk,37,evt_S-61_upper_body_0021,8359d6520e7c9b8d,lap_bag_context,no_pose_observation,34560.0,1.33,,1,cam12/e1/v1,
full,03.CCTV Mobile Usage.mkv,632de9ed55947761d56d4c6142a3cb1a1fe69d0b1a6d0e01a2e404c697962623,dfine_sahi,127367.0,monitor_or_bezel,0.5539,709.83,379.88,969.6,474.74,24640.4,259.78,94.85,2.739,False,,True,R-desk,37,evt_S-61_upper_body_0021,8359d6520e7c9b8d,lap_bag_context,no_pose_observation,34560.0,1.33,,1,cam12/e1/v1,
full,03.CCTV Mobile Usage.mkv,632de9ed55947761d56d4c6142a3cb1a1fe69d0b1a6d0e01a2e404c697962623,dfine_sahi,127367.0,unknown_object,0.4821,699.96,380.5,758.71,475.07,5556.1,58.75,94.57,0.621,False,,True,R-desk,37,evt_S-61_upper_body_0021,8359d6520e7c9b8d,lap_bag_context,no_pose_observation,34560.0,1.33,,1,cam12/e1/v1,
full,03.CCTV Mobile Usage.mkv,632de9ed55947761d56d4c6142a3cb1a1fe69d0b1a6d0e01a2e404c697962623,dfine_sahi,127367.0,unknown_object,0.4248,748.89,411.46,873.22,505.64,11708.9,124.33,94.18,1.32,False,,True,R-desk,37,evt_S-61_upper_body_0021,8359d6520e7c9b8d,lap_bag_context,no_pose_observation,34560.0,1.33,,1,cam12/e1/v1,
full,03.CCTV Mobile Usage.mkv,632de9ed55947761d56d4c6142a3cb1a1fe69d0b1a6d0e01a2e404c697962623,dfine_sahi,127367.0,mouse,0.3536,967.12,398.39,992.02,410.66,305.6,24.9,12.27,2.03,False,,True,R-desk,37,evt_S-61_upper_body_0021,8359d6520e7c9b8d,lap_bag_context,no_pose_observation,34560.0,1.33,,1,cam12/e1/v1,
full,03.CCTV Mobile Usage.mkv,632de9ed55947761d56d4c6142a3cb1a1fe69d0b1a6d0e01a2e404c697962623,dfine_sahi,127367.0,unknown_object,0.3518,881.75,411.17,969.7,453.5,3722.6,87.94,42.33,2.078,False,,True,R-desk,37,evt_S-61_upper_body_0021,8359d6520e7c9b8d,lap_bag_context,no_pose_observation,34560.0,1.33,,1,cam12/e1/v1,
full,03.CCTV Mobile Usage.mkv,632de9ed55947761d56d4c6142a3cb1a1fe69d0b1a6d0e01a2e404c697962623,dfine_sahi,127367.0,keyboard,0.286,910.09,411.4,1093.3,506.32,17388.9,183.2,94.92,1.93,False,,True,R-desk,37,evt_S-61_upper_body_0021,8359d6520e7c9b8d,lap_bag_context,no_pose_observation,34560.0,1.33,,1,cam12/e1/v1,
full,03.CCTV Mobile Usage.mkv,632de9ed55947761d56d4c6142a3cb1a1fe69d0b1a6d0e01a2e404c697962623,dfine_sahi,127367.0,mouse,0.2831,991.05,399.22,1026.76,413.36,505.2,35.72,14.15,2.525,False,,True,R-desk,37,evt_S-61_upper_body_0021,8359d6520e7c9b8d,lap_bag_context,no_pose_observation,34560.0,1.33,,1,cam12/e1/v1,
full,03.CCTV Mobile Usage.mkv,632de9ed55947761d56d4c6142a3cb1a1fe69d0b1a6d0e01a2e404c697962623,dfine_sahi,127367.0,unknown_object,0.2749,832.03,411.02,969.86,505.88,13074.0,137.83,94.85,1.453,False,,True,R-desk,37,evt_S-61_upper_body_0021,8359d6520e7c9b8d,lap_bag_context,no_pose_observation,34560.0,1.33,,1,cam12/e1/v1,
full,03.CCTV Mobile Usage.mkv,632de9ed55947761d56d4c6142a3cb1a1fe69d0b1a6d0e01a2e404c697962623,dfine_sahi,127367.0,keyboard,0.2708,965.63,395.17,1102.2,474.97,10897.7,136.57,79.8,1.711,False,,True,R-desk,37,evt_S-61_upper_body_0021,8359d6520e7c9b8d,lap_bag_context,no_pose_observation,34560.0,1.33,,1,cam12/e1/v1,
full,03.CCTV Mobile Usage.mkv,632de9ed55947761d56d4c6142a3cb1a1fe69d0b1a6d0e01a2e404c697962623,dfine_sahi,127367.0,unknown_object,0.6071,89.89,328.21,207.03,454.46,14789.9,117.14,126.26,0.928,False,,True,S-61,33,evt_S-61_upper_body_0021,ec604fd7c05d974c,pose_hand_context,,47029.7,2.83,,1,cam12/e1/v1,rtmpose_baseline
full,03.CCTV Mobile Usage.mkv,632de9ed55947761d56d4c6142a3cb1a1fe69d0b1a6d0e01a2e404c697962623,dfine_sahi,127367.0,mouse,0.6064,43.38,450.38,70.6,473.99,642.5,27.21,23.61,1.152,False,,True,S-61,33,evt_S-61_upper_body_0021,ec604fd7c05d974c,pose_hand_context,,47029.7,2.83,,1,cam12/e1/v1,rtmpose_baseline
full,03.CCTV Mobile Usage.mkv,632de9ed55947761d56d4c6142a3cb1a1fe69d0b1a6d0e01a2e404c697962623,dfine_sahi,127367.0,unknown_object,0.6035,38.36,427.13,115.98,474.9,3708.0,77.62,47.77,1.625,False,,True,S-61,33,evt_S-61_upper_body_0021,ec604fd7c05d974c,pose_hand_context,,47029.7,2.83,,1,cam12/e1/v1,rtmpose_baseline
full,03.CCTV Mobile Usage.mkv,632de9ed55947761d56d4c6142a3cb1a1fe69d0b1a6d0e01a2e404c697962623,dfine_sahi,127367.0,unknown_object,0.5917,-0.29,328.13,115.99,454.5,14694.9,116.28,126.38,0.92,False,,True,S-61,33,evt_S-61_upper_body_0021,ec604fd7c05d974c,pose_hand_context,,47029.7,2.83,,1,cam12/e1/v1,rtmpose_baseline
full,03.CCTV Mobile Usage.mkv,632de9ed55947761d56d4c6142a3cb1a1fe69d0b1a6d0e01a2e404c697962623,dfine_sahi,127367.0,unknown_object,0.5392,90.05,436.89,177.63,505.51,6010.4,87.58,68.62,1.276,False,,True,S-61,33,evt_S-61_upper_body_0021,ec604fd7c05d974c,pose_hand_context,,47029.7,2.83,,1,cam12/e1/v1,rtmpose_baseline
full,03.CCTV Mobile Usage.mkv,632de9ed55947761d56d4c6142a3cb1a1fe69d0b1a6d0e01a2e404c697962623,dfine_sahi,127367.0,secondary_paper_chit,0.5104,61.0,436.68,176.91,504.62,7874.8,115.91,67.94,1.706,False,,True,S-61,33,evt_S-61_upper_body_0021,ec604fd7c05d974c,pose_hand_context,,47029.7,2.83,,1,cam12/e1/v1,rtmpose_baseline
full,03.CCTV Mobile Usage.mkv,632de9ed55947761d56d4c6142a3cb1a1fe69d0b1a6d0e01a2e404c697962623,dfine_sahi,127367.0,unknown_object,0.4258,25.17,328.07,109.51,382.25,4570.1,84.34,54.19,1.556,False,,True,S-61,33,evt_S-61_upper_body_0021,ec604fd7c05d974c,pose_hand_context,,47029.7,2.83,,1,cam12/e1/v1,rtmpose_baseline
full,03.CCTV Mobile Usage.mkv,632de9ed55947761d56d4c6142a3cb1a1fe69d0b1a6d0e01a2e404c697962623,dfine_sahi,127367.0,unknown_object,0.3648,89.97,427.34,206.94,553.57,14765.1,116.97,126.23,0.927,False,,True,S-61,33,evt_S-61_upper_body_0021,ec604fd7c05d974c,pose_hand_context,,47029.7,2.83,,1,cam12/e1/v1,rtmpose_baseline
full,03.CCTV Mobile Usage.mkv,632de9ed55947761d56d4c6142a3cb1a1fe69d0b1a6d0e01a2e404c697962623,dfine_sahi,127367.0,unknown_object,0.3451,46.95,509.42,84.94,552.89,1651.6,37.99,43.47,0.874,False,,True,S-61,33,evt_S-61_upper_body_0021,ec604fd7c05d974c,pose_hand_context,,47029.7,2.83,,1,cam12/e1/v1,rtmpose_baseline
full,03.CCTV Mobile Usage.mkv,632de9ed55947761d56d4c6142a3cb1a1fe69d0b1a6d0e01a2e404c697962623,dfine_sahi,127367.0,unknown_object,0.3369,141.71,494.22,177.54,522.66,1018.6,35.82,28.43,1.26,False,,True,S-61,33,evt_S-61_upper_body_0021,ec604fd7c05d974c,pose_hand_context,,47029.7,2.83,,1,cam12/e1/v1,rtmpose_baseline
full,03.CCTV Mobile Usage.mkv,632de9ed55947761d56d4c6142a3cb1a1fe69d0b1a6d0e01a2e404c697962623,dfine_sahi,127367.0,monitor_or_bezel,0.334,-0.22,494.18,182.88,553.81,10916.8,183.1,59.62,3.071,False,,True,S-61,33,evt_S-61_upper_body_0021,ec604fd7c05d974c,pose_hand_context,,47029.7,2.83,,1,cam12/e1/v1,rtmpose_baseline
full,03.CCTV Mobile Usage.mkv,632de9ed55947761d56d4c6142a3cb1a1fe69d0b1a6d0e01a2e404c697962623,dfine_sahi,127367.0,secondary_paper_chit,0.3324,118.55,478.09,180.85,520.64,2650.6,62.29,42.55,1.464,False,,True,S-61,33,evt_S-61_upper_body_0021,ec604fd7c05d974c,pose_hand_context,,47029.7,2.83,,1,cam12/e1/v1,rtmpose_baseline
full,03.CCTV Mobile Usage.mkv,632de9ed55947761d56d4c6142a3cb1a1fe69d0b1a6d0e01a2e404c697962623,dfine_sahi,127367.0,stationery,0.3301,47.06,509.61,85.45,552.13,1632.6,38.4,42.52,0.903,False,,True,S-61,33,evt_S-61_upper_body_0021,ec604fd7c05d974c,pose_hand_context,,47029.7,2.83,,1,cam12/e1/v1,rtmpose_baseline
full,03.CCTV Mobile Usage.mkv,632de9ed55947761d56d4c6142a3cb1a1fe69d0b1a6d0e01a2e404c697962623,dfine_sahi,127367.0,secondary_paper_chit,0.3271,86.94,450.36,145.27,500.74,2937.9,58.32,50.37,1.158,False,,True,S-61,33,evt_S-61_upper_body_0021,ec604fd7c05d974c,pose_hand_context,,47029.7,2.83,,1,cam12/e1/v1,rtmpose_baseline
full,03.CCTV Mobile Usage.mkv,632de9ed55947761d56d4c6142a3cb1a1fe69d0b1a6d0e01a2e404c697962623,dfine_sahi,127367.0,secondary_paper_chit,0.3093,110.61,436.77,175.84,488.15,3351.8,65.23,51.38,1.27,False,,True,S-61,33,evt_S-61_upper_body_0021,ec604fd7c05d974c,pose_hand_context,,47029.7,2.83,,1,cam12/e1/v1,rtmpose_baseline
full,03.CCTV Mobile Usage.mkv,632de9ed55947761d56d4c6142a3cb1a1fe69d0b1a6d0e01a2e404c697962623,dfine_sahi,127367.0,unknown_object,0.2946,-0.33,427.36,116.19,553.53,14700.6,116.51,126.17,0.923,False,,True,S-61,33,evt_S-61_upper_body_0021,ec604fd7c05d974c,pose_hand_context,,47029.7,2.83,,1,cam12/e1/v1,rtmpose_baseline
full,03.CCTV Mobile Usage.mkv,632de9ed55947761d56d4c6142a3cb1a1fe69d0b1a6d0e01a2e404c697962623,dfine_sahi,127367.0,secondary_paper_chit,0.2746,60.43,462.82,117.54,503.54,2325.3,57.11,40.72,1.403,False,,True,S-61,33,evt_S-61_upper_body_0021,ec604fd7c05d974c,pose_hand_context,,47029.7,2.83,,1,cam12/e1/v1,rtmpose_baseline
full,03.CCTV Mobile Usage.mkv,632de9ed55947761d56d4c6142a3cb1a1fe69d0b1a6d0e01a2e404c697962623,dfine_sahi,127367.0,unknown_object,0.262,90.05,386.73,152.51,431.42,2791.7,62.46,44.69,1.398,False,,True,S-61,33,evt_S-61_upper_body_0021,ec604fd7c05d974c,pose_hand_context,,47029.7,2.83,,1,cam12/e1/v1,rtmpose_baseline
full,03.CCTV Mobile Usage.mkv,632de9ed55947761d56d4c6142a3cb1a1fe69d0b1a6d0e01a2e404c697962623,dfine_sahi,127367.0,unknown_object,0.2555,90.09,427.05,188.1,455.33,2771.7,98.01,28.28,3.466,False,,True,S-61,33,evt_S-61_upper_body_0021,ec604fd7c05d974c,pose_hand_context,,47029.7,2.83,,1,cam12/e1/v1,rtmpose_baseline
full,03.CCTV Mobile Usage.mkv,632de9ed55947761d56d4c6142a3cb1a1fe69d0b1a6d0e01a2e404c697962623,dfine_sahi,131867.0,keyboard,0.9027,962.07,451.93,1067.86,491.43,4179.1,105.79,39.5,2.678,False,,True,R-desk,41,evt_S-61_upper_body_0022,38cbde6a80224cf5,lap_bag_context,no_pose_observation,34560.0,1.33,,1,cam12/e1/v1,
full,03.CCTV Mobile Usage.mkv,632de9ed55947761d56d4c6142a3cb1a1fe69d0b1a6d0e01a2e404c697962623,dfine_sahi,131867.0,phone,0.7732,1043.36,421.93,1111.78,473.85,3552.1,68.42,51.92,1.318,False,,True,R-desk,41,evt_S-61_upper_body_0022,38cbde6a80224cf5,lap_bag_context,no_pose_observation,34560.0,1.33,,1,cam12/e1/v1,
full,03.CCTV Mobile Usage.mkv,632de9ed55947761d56d4c6142a3cb1a1fe69d0b1a6d0e01a2e404c697962623,dfine_sahi,131867.0,monitor_or_bezel,0.72,706.56,379.91,969.64,474.81,24966.2,263.08,94.9,2.772,False,,True,R-desk,41,evt_S-61_upper_body_0022,38cbde6a80224cf5,lap_bag_context,no_pose_observation,34560.0,1.33,,1,cam12/e1/v1,
full,03.CCTV Mobile Usage.mkv,632de9ed55947761d56d4c6142a3cb1a1fe69d0b1a6d0e01a2e404c697962623,dfine_sahi,131867.0,monitor_or_bezel,0.7035,1018.8,395.9,1146.03,447.43,6555.9,127.23,51.53,2.469,False,,True,R-desk,41,evt_S-61_upper_body_0022,38cbde6a80224cf5,lap_bag_context,no_pose_observation,34560.0,1.33,,1,cam12/e1/v1,
full,03.CCTV Mobile Usage.mkv,632de9ed55947761d56d4c6142a3cb1a1fe69d0b1a6d0e01a2e404c697962623,dfine_sahi,131867.0,keyboard,0.6773,772.0,380.18,870.53,420.28,3950.4,98.52,40.1,2.457,False,,True,R-desk,41,evt_S-61_upper_body_0022,38cbde6a80224cf5,lap_bag_context,no_pose_observation,34560.0,1.33,,1,cam12/e1/v1,
full,03.CCTV Mobile Usage.mkv,632de9ed55947761d56d4c6142a3cb1a1fe69d0b1a6d0e01a2e404c697962623,dfine_sahi,131867.0,monitor_or_bezel,0.6641,910.25,411.24,1141.59,506.32,21995.6,231.34,95.08,2.433,False,,True,R-desk,41,evt_S-61_upper_body_0022,38cbde6a80224cf5,lap_bag_context,no_pose_observation,34560.0,1.33,,1,cam12/e1/v1,
full,03.CCTV Mobile Usage.mkv,632de9ed55947761d56d4c6142a3cb1a1fe69d0b1a6d0e01a2e404c697962623,dfine_sahi,131867.0,keyboard,0.6614,962.99,452.33,1034.83,475.6,1671.9,71.84,23.27,3.087,False,,True,R-desk,41,evt_S-61_upper_body_0022,38cbde6a80224cf5,lap_bag_context,no_pose_observation,34560.0,1.33,,1,cam12/e1/v1,
full,03.CCTV Mobile Usage.mkv,632de9ed55947761d56d4c6142a3cb1a1fe69d0b1a6d0e01a2e404c697962623,dfine_sahi,131867.0,mouse,0.6536,865.08,413.5,891.48,434.98,567.2,26.4,21.48,1.229,False,,True,R-desk,41,evt_S-61_upper_body_0022,38cbde6a80224cf5,lap_bag_context,no_pose_observation,34560.0,1.33,,1,cam12/e1/v1,
full,03.CCTV Mobile Usage.mkv,632de9ed55947761d56d4c6142a3cb1a1fe69d0b1a6d0e01a2e404c697962623,dfine_sahi,131867.0,unknown_object,0.6418,699.94,411.17,872.25,506.27,16387.2,172.31,95.1,1.812,False,,True,R-desk,41,evt_S-61_upper_body_0022,38cbde6a80224cf5,lap_bag_context,no_pose_observation,34560.0,1.33,,1,cam12/e1/v1,
full,03.CCTV Mobile Usage.mkv,632de9ed55947761d56d4c6142a3cb1a1fe69d0b1a6d0e01a2e404c697962623,dfine_sahi,131867.0,monitor_or_bezel,0.6181,963.23,380.45,1152.93,474.94,17923.5,189.7,94.49,2.008,False,,True,R-desk,41,evt_S-61_upper_body_0022,38cbde6a80224cf5,lap_bag_context,no_pose_observation,34560.0,1.33,,1,cam12/e1/v1,
full,03.CCTV Mobile Usage.mkv,632de9ed55947761d56d4c6142a3cb1a1fe69d0b1a6d0e01a2e404c697962623,dfine_sahi,131867.0,keyboard,0.4944,802.61,396.28,870.81,420.56,1656.2,68.2,24.28,2.809,False,,True,R-desk,41,evt_S-61_upper_body_0022,38cbde6a80224cf5,lap_bag_context,no_pose_observation,34560.0,1.33,,1,cam12/e1/v1,
full,03.CCTV Mobile Usage.mkv,632de9ed55947761d56d4c6142a3cb1a1fe69d0b1a6d0e01a2e404c697962623,dfine_sahi,131867.0,unknown_object,0.4356,700.0,380.57,760.76,474.83,5726.8,60.75,94.26,0.645,False,,True,R-desk,41,evt_S-61_upper_body_0022,38cbde6a80224cf5,lap_bag_context,no_pose_observation,34560.0,1.33,,1,cam12/e1/v1,
full,03.CCTV Mobile Usage.mkv,632de9ed55947761d56d4c6142a3cb1a1fe69d0b1a6d0e01a2e404c697962623,dfine_sahi,131867.0,unknown_object,0.3938,768.44,411.01,969.9,505.74,19084.3,201.46,94.73,2.127,False,,True,R-desk,41,evt_S-61_upper_body_0022,38cbde6a80224cf5,lap_bag_context,no_pose_observation,34560.0,1.33,,1,cam12/e1/v1,
full,03.CCTV Mobile Usage.mkv,632de9ed55947761d56d4c6142a3cb1a1fe69d0b1a6d0e01a2e404c697962623,dfine_sahi,131867.0,mouse,0.3257,967.01,398.37,992.23,410.6,308.5,25.22,12.23,2.062,False,,True,R-desk,41,evt_S-61_upper_body_0022,38cbde6a80224cf5,lap_bag_context,no_pose_observation,34560.0,1.33,,1,cam12/e1/v1,
full,03.CCTV Mobile Usage.mkv,632de9ed55947761d56d4c6142a3cb1a1fe69d0b1a6d0e01a2e404c697962623,dfine_sahi,131867.0,unknown_object,0.3101,880.16,411.28,969.88,505.51,8455.1,89.73,94.23,0.952,False,,True,R-desk,41,evt_S-61_upper_body_0022,38cbde6a80224cf5,lap_bag_context,no_pose_observation,34560.0,1.33,,1,cam12/e1/v1,
full,03.CCTV Mobile Usage.mkv,632de9ed55947761d56d4c6142a3cb1a1fe69d0b1a6d0e01a2e404c697962623,dfine_sahi,131867.0,phone,0.3101,1050.88,411.39,1139.99,447.31,3200.6,89.11,35.92,2.481,False,,True,R-desk,41,evt_S-61_upper_body_0022,38cbde6a80224cf5,lap_bag_context,no_pose_observation,34560.0,1.33,,1,cam12/e1/v1,
full,03.CCTV Mobile Usage.mkv,632de9ed55947761d56d4c6142a3cb1a1fe69d0b1a6d0e01a2e404c697962623,dfine_sahi,131867.0,keyboard,0.2777,965.35,391.27,1108.24,474.79,11934.1,142.9,83.52,1.711,False,,True,R-desk,41,evt_S-61_upper_body_0022,38cbde6a80224cf5,lap_bag_context,no_pose_observation,34560.0,1.33,,1,cam12/e1/v1,
full,03.CCTV Mobile Usage.mkv,632de9ed55947761d56d4c6142a3cb1a1fe69d0b1a6d0e01a2e404c697962623,dfine_sahi,131867.0,keyboard,0.27,742.85,402.36,843.64,458.71,5679.4,100.79,56.35,1.789,False,,True,R-desk,41,evt_S-61_upper_body_0022,38cbde6a80224cf5,lap_bag_context,no_pose_observation,34560.0,1.33,,1,cam12/e1/v1,
full,03.CCTV Mobile Usage.mkv,632de9ed55947761d56d4c6142a3cb1a1fe69d0b1a6d0e01a2e404c697962623,dfine_sahi,131867.0,mouse,0.2607,990.58,399.29,1026.63,413.39,508.5,36.05,14.11,2.555,False,,True,R-desk,41,evt_S-61_upper_body_0022,38cbde6a80224cf5,lap_bag_context,no_pose_observation,34560.0,1.33,,1,cam12/e1/v1,
full,03.CCTV Mobile Usage.mkv,632de9ed55947761d56d4c6142a3cb1a1fe69d0b1a6d0e01a2e404c697962623,dfine_sahi,131867.0,keyboard,0.9027,962.07,451.93,1067.86,491.43,4179.1,105.79,39.5,2.678,False,,True,R-desk,40,evt_S-61_upper_body_0022,38cbde6a80224cf5,lap_bag_context,no_pose_observation,34560.0,1.33,,1,cam12/e1/v1,
full,03.CCTV Mobile Usage.mkv,632de9ed55947761d56d4c6142a3cb1a1fe69d0b1a6d0e01a2e404c697962623,dfine_sahi,131867.0,phone,0.7732,1043.36,421.93,1111.78,473.85,3552.1,68.42,51.92,1.318,False,,True,R-desk,40,evt_S-61_upper_body_0022,38cbde6a80224cf5,lap_bag_context,no_pose_observation,34560.0,1.33,,1,cam12/e1/v1,
full,03.CCTV Mobile Usage.mkv,632de9ed55947761d56d4c6142a3cb1a1fe69d0b1a6d0e01a2e404c697962623,dfine_sahi,131867.0,monitor_or_bezel,0.72,706.56,379.91,969.64,474.81,24966.2,263.08,94.9,2.772,False,,True,R-desk,40,evt_S-61_upper_body_0022,38cbde6a80224cf5,lap_bag_context,no_pose_observation,34560.0,1.33,,1,cam12/e1/v1,
full,03.CCTV Mobile Usage.mkv,632de9ed55947761d56d4c6142a3cb1a1fe69d0b1a6d0e01a2e404c697962623,dfine_sahi,131867.0,monitor_or_bezel,0.7035,1018.8,395.9,1146.03,447.43,6555.9,127.23,51.53,2.469,False,,True,R-desk,40,evt_S-61_upper_body_0022,38cbde6a80224cf5,lap_bag_context,no_pose_observation,34560.0,1.33,,1,cam12/e1/v1,
full,03.CCTV Mobile Usage.mkv,632de9ed55947761d56d4c6142a3cb1a1fe69d0b1a6d0e01a2e404c697962623,dfine_sahi,131867.0,keyboard,0.6773,772.0,380.18,870.53,420.28,3950.4,98.52,40.1,2.457,False,,True,R-desk,40,evt_S-61_upper_body_0022,38cbde6a80224cf5,lap_bag_context,no_pose_observation,34560.0,1.33,,1,cam12/e1/v1,
full,03.CCTV Mobile Usage.mkv,632de9ed55947761d56d4c6142a3cb1a1fe69d0b1a6d0e01a2e404c697962623,dfine_sahi,131867.0,monitor_or_bezel,0.6641,910.25,411.24,1141.59,506.32,21995.6,231.34,95.08,2.433,False,,True,R-desk,40,evt_S-61_upper_body_0022,38cbde6a80224cf5,lap_bag_context,no_pose_observation,34560.0,1.33,,1,cam12/e1/v1,
full,03.CCTV Mobile Usage.mkv,632de9ed55947761d56d4c6142a3cb1a1fe69d0b1a6d0e01a2e404c697962623,dfine_sahi,131867.0,keyboard,0.6614,962.99,452.33,1034.83,475.6,1671.9,71.84,23.27,3.087,False,,True,R-desk,40,evt_S-61_upper_body_0022,38cbde6a80224cf5,lap_bag_context,no_pose_observation,34560.0,1.33,,1,cam12/e1/v1,
full,03.CCTV Mobile Usage.mkv,632de9ed55947761d56d4c6142a3cb1a1fe69d0b1a6d0e01a2e404c697962623,dfine_sahi,131867.0,mouse,0.6536,865.08,413.5,891.48,434.98,567.2,26.4,21.48,1.229,False,,True,R-desk,40,evt_S-61_upper_body_0022,38cbde6a80224cf5,lap_bag_context,no_pose_observation,34560.0,1.33,,1,cam12/e1/v1,
full,03.CCTV Mobile Usage.mkv,632de9ed55947761d56d4c6142a3cb1a1fe69d0b1a6d0e01a2e404c697962623,dfine_sahi,131867.0,unknown_object,0.6418,699.94,411.17,872.25,506.27,16387.2,172.31,95.1,1.812,False,,True,R-desk,40,evt_S-61_upper_body_0022,38cbde6a80224cf5,lap_bag_context,no_pose_observation,34560.0,1.33,,1,cam12/e1/v1,
full,03.CCTV Mobile Usage.mkv,632de9ed55947761d56d4c6142a3cb1a1fe69d0b1a6d0e01a2e404c697962623,dfine_sahi,131867.0,monitor_or_bezel,0.6181,963.23,380.45,1152.93,474.94,17923.5,189.7,94.49,2.008,False,,True,R-desk,40,evt_S-61_upper_body_0022,38cbde6a80224cf5,lap_bag_context,no_pose_observation,34560.0,1.33,,1,cam12/e1/v1,
full,03.CCTV Mobile Usage.mkv,632de9ed55947761d56d4c6142a3cb1a1fe69d0b1a6d0e01a2e404c697962623,dfine_sahi,131867.0,keyboard,0.4944,802.61,396.28,870.81,420.56,1656.2,68.2,24.28,2.809,False,,True,R-desk,40,evt_S-61_upper_body_0022,38cbde6a80224cf5,lap_bag_context,no_pose_observation,34560.0,1.33,,1,cam12/e1/v1,
full,03.CCTV Mobile Usage.mkv,632de9ed55947761d56d4c6142a3cb1a1fe69d0b1a6d0e01a2e404c697962623,dfine_sahi,131867.0,unknown_object,0.4356,700.0,380.57,760.76,474.83,5726.8,60.75,94.26,0.645,False,,True,R-desk,40,evt_S-61_upper_body_0022,38cbde6a80224cf5,lap_bag_context,no_pose_observation,34560.0,1.33,,1,cam12/e1/v1,
full,03.CCTV Mobile Usage.mkv,632de9ed55947761d56d4c6142a3cb1a1fe69d0b1a6d0e01a2e404c697962623,dfine_sahi,131867.0,unknown_object,0.3938,768.44,411.01,969.9,505.74,19084.3,201.46,94.73,2.127,False,,True,R-desk,40,evt_S-61_upper_body_0022,38cbde6a80224cf5,lap_bag_context,no_pose_observation,34560.0,1.33,,1,cam12/e1/v1,
full,03.CCTV Mobile Usage.mkv,632de9ed55947761d56d4c6142a3cb1a1fe69d0b1a6d0e01a2e404c697962623,dfine_sahi,131867.0,mouse,0.3257,967.01,398.37,992.23,410.6,308.5,25.22,12.23,2.062,False,,True,R-desk,40,evt_S-61_upper_body_0022,38cbde6a80224cf5,lap_bag_context,no_pose_observation,34560.0,1.33,,1,cam12/e1/v1,
full,03.CCTV Mobile Usage.mkv,632de9ed55947761d56d4c6142a3cb1a1fe69d0b1a6d0e01a2e404c697962623,dfine_sahi,131867.0,unknown_object,0.3101,880.16,411.28,969.88,505.51,8455.1,89.73,94.23,0.952,False,,True,R-desk,40,evt_S-61_upper_body_0022,38cbde6a80224cf5,lap_bag_context,no_pose_observation,34560.0,1.33,,1,cam12/e1/v1,
full,03.CCTV Mobile Usage.mkv,632de9ed55947761d56d4c6142a3cb1a1fe69d0b1a6d0e01a2e404c697962623,dfine_sahi,131867.0,phone,0.3101,1050.88,411.39,1139.99,447.31,3200.6,89.11,35.92,2.481,False,,True,R-desk,40,evt_S-61_upper_body_0022,38cbde6a80224cf5,lap_bag_context,no_pose_observation,34560.0,1.33,,1,cam12/e1/v1,
full,03.CCTV Mobile Usage.mkv,632de9ed55947761d56d4c6142a3cb1a1fe69d0b1a6d0e01a2e404c697962623,dfine_sahi,131867.0,keyboard,0.2777,965.35,391.27,1108.24,474.79,11934.1,142.9,83.52,1.711,False,,True,R-desk,40,evt_S-61_upper_body_0022,38cbde6a80224cf5,lap_bag_context,no_pose_observation,34560.0,1.33,,1,cam12/e1/v1,
full,03.CCTV Mobile Usage.mkv,632de9ed55947761d56d4c6142a3cb1a1fe69d0b1a6d0e01a2e404c697962623,dfine_sahi,131867.0,keyboard,0.27,742.85,402.36,843.64,458.71,5679.4,100.79,56.35,1.789,False,,True,R-desk,40,evt_S-61_upper_body_0022,38cbde6a80224cf5,lap_bag_context,no_pose_observation,34560.0,1.33,,1,cam12/e1/v1,
full,03.CCTV Mobile Usage.mkv,632de9ed55947761d56d4c6142a3cb1a1fe69d0b1a6d0e01a2e404c697962623,dfine_sahi,131867.0,mouse,0.2607,990.58,399.29,1026.63,413.39,508.5,36.05,14.11,2.555,False,,True,R-desk,40,evt_S-61_upper_body_0022,38cbde6a80224cf5,lap_bag_context,no_pose_observation,34560.0,1.33,,1,cam12/e1/v1,
full,03.CCTV Mobile Usage.mkv,632de9ed55947761d56d4c6142a3cb1a1fe69d0b1a6d0e01a2e404c697962623,dfine_sahi,131867.0,bag,0.7094,893.14,40.09,959.21,108.68,4531.5,66.07,68.59,0.963,False,,True,unattributed,39,evt_S-61_upper_body_0022,906acfc70bd7ec82,native_source_context_fallback,wrist_confidence_below_floor,11895.6,5.82,,1,cam12/e1/v1,rtmpose_baseline
full,03.CCTV Mobile Usage.mkv,632de9ed55947761d56d4c6142a3cb1a1fe69d0b1a6d0e01a2e404c697962623,dfine_sahi,131867.0,bag,0.5378,893.13,45.49,927.67,95.32,1721.2,34.54,49.83,0.693,False,,True,unattributed,39,evt_S-61_upper_body_0022,906acfc70bd7ec82,native_source_context_fallback,wrist_confidence_below_floor,11895.6,5.82,,1,cam12/e1/v1,rtmpose_baseline
full,03.CCTV Mobile Usage.mkv,632de9ed55947761d56d4c6142a3cb1a1fe69d0b1a6d0e01a2e404c697962623,dfine_sahi,131867.0,bag,0.3254,942.57,70.73,982.3,126.9,2231.7,39.73,56.17,0.707,False,,True,unattributed,39,evt_S-61_upper_body_0022,906acfc70bd7ec82,native_source_context_fallback,wrist_confidence_below_floor,11895.6,5.82,,1,cam12/e1/v1,rtmpose_baseline
full,03.CCTV Mobile Usage.mkv,632de9ed55947761d56d4c6142a3cb1a1fe69d0b1a6d0e01a2e404c697962623,dfine_sahi,131867.0,unknown_object,0.2872,846.11,34.6,864.8,86.27,965.6,18.69,51.67,0.362,False,,True,unattributed,39,evt_S-61_upper_body_0022,906acfc70bd7ec82,native_source_context_fallback,wrist_confidence_below_floor,11895.6,5.82,,1,cam12/e1/v1,rtmpose_baseline
full,03.CCTV Mobile Usage.mkv,632de9ed55947761d56d4c6142a3cb1a1fe69d0b1a6d0e01a2e404c697962623,dfine_sahi,131867.0,unknown_object,0.2802,846.01,84.44,925.6,127.8,3451.6,79.59,43.37,1.835,False,,True,unattributed,39,evt_S-61_upper_body_0022,906acfc70bd7ec82,native_source_context_fallback,wrist_confidence_below_floor,11895.6,5.82,,1,cam12/e1/v1,rtmpose_baseline
full,03.CCTV Mobile Usage.mkv,632de9ed55947761d56d4c6142a3cb1a1fe69d0b1a6d0e01a2e404c697962623,dfine_sahi,131867.0,unknown_object,0.5628,114.99,385.17,176.16,450.7,4008.2,61.17,65.52,0.934,False,,True,S-61,38,evt_S-61_upper_body_0022,fc2e3874fd08bc57,pose_hand_context,,65577.0,2.5,,1,cam12/e1/v1,rtmpose_baseline
full,03.CCTV Mobile Usage.mkv,632de9ed55947761d56d4c6142a3cb1a1fe69d0b1a6d0e01a2e404c697962623,dfine_sahi,131867.0,secondary_paper_chit,0.5619,114.98,436.12,176.74,503.3,4149.3,61.77,67.18,0.919,False,,True,S-61,38,evt_S-61_upper_body_0022,fc2e3874fd08bc57,pose_hand_context,,65577.0,2.5,,1,cam12/e1/v1,rtmpose_baseline
full,03.CCTV Mobile Usage.mkv,632de9ed55947761d56d4c6142a3cb1a1fe69d0b1a6d0e01a2e404c697962623,dfine_sahi,131867.0,unknown_object,0.5157,227.01,385.24,370.91,528.2,20571.0,143.9,142.96,1.007,False,,True,S-61,38,evt_S-61_upper_body_0022,fc2e3874fd08bc57,pose_hand_context,,65577.0,2.5,,1,cam12/e1/v1,rtmpose_baseline
full,03.CCTV Mobile Usage.mkv,632de9ed55947761d56d4c6142a3cb1a1fe69d0b1a6d0e01a2e404c697962623,dfine_sahi,131867.0,bag,0.4326,114.99,385.2,177.24,451.65,4136.0,62.24,66.45,0.937,False,,True,S-61,38,evt_S-61_upper_body_0022,fc2e3874fd08bc57,pose_hand_context,,65577.0,2.5,,1,cam12/e1/v1,rtmpose_baseline
full,03.CCTV Mobile Usage.mkv,632de9ed55947761d56d4c6142a3cb1a1fe69d0b1a6d0e01a2e404c697962623,dfine_sahi,131867.0,stationery,0.3848,117.48,475.97,178.55,519.01,2629.0,61.07,43.05,1.419,False,,True,S-61,38,evt_S-61_upper_body_0022,fc2e3874fd08bc57,pose_hand_context,,65577.0,2.5,,1,cam12/e1/v1,rtmpose_baseline
full,03.CCTV Mobile Usage.mkv,632de9ed55947761d56d4c6142a3cb1a1fe69d0b1a6d0e01a2e404c697962623,dfine_sahi,131867.0,unknown_object,0.3403,227.01,483.56,370.48,528.7,6476.2,143.47,45.14,3.178,False,,True,S-61,38,evt_S-61_upper_body_0022,fc2e3874fd08bc57,pose_hand_context,,65577.0,2.5,,1,cam12/e1/v1,rtmpose_baseline
full,03.CCTV Mobile Usage.mkv,632de9ed55947761d56d4c6142a3cb1a1fe69d0b1a6d0e01a2e404c697962623,dfine_sahi,131867.0,secondary_paper_chit,0.339,117.83,475.16,179.39,522.18,2894.6,61.56,47.02,1.309,False,,True,S-61,38,evt_S-61_upper_body_0022,fc2e3874fd08bc57,pose_hand_context,,65577.0,2.5,,1,cam12/e1/v1,rtmpose_baseline
full,03.CCTV Mobile Usage.mkv,632de9ed55947761d56d4c6142a3cb1a1fe69d0b1a6d0e01a2e404c697962623,dfine_sahi,131867.0,unknown_object,0.3308,115.06,501.36,250.32,638.89,18601.3,135.26,137.53,0.983,False,,True,S-61,38,evt_S-61_upper_body_0022,fc2e3874fd08bc57,pose_hand_context,,65577.0,2.5,,1,cam12/e1/v1,rtmpose_baseline
full,03.CCTV Mobile Usage.mkv,632de9ed55947761d56d4c6142a3cb1a1fe69d0b1a6d0e01a2e404c697962623,dfine_sahi,131867.0,unknown_object,0.3019,114.96,385.1,258.9,528.55,20647.1,143.94,143.45,1.003,False,,True,S-61,38,evt_S-61_upper_body_0022,fc2e3874fd08bc57,pose_hand_context,,65577.0,2.5,,1,cam12/e1/v1,rtmpose_baseline
full,03.CCTV Mobile Usage.mkv,632de9ed55947761d56d4c6142a3cb1a1fe69d0b1a6d0e01a2e404c697962623,dfine_sahi,131867.0,stationery,0.2829,175.57,490.04,216.17,528.84,1575.4,40.6,38.8,1.046,False,,True,S-61,38,evt_S-61_upper_body_0022,fc2e3874fd08bc57,pose_hand_context,,65577.0,2.5,,1,cam12/e1/v1,rtmpose_baseline
full,03.CCTV Mobile Usage.mkv,632de9ed55947761d56d4c6142a3cb1a1fe69d0b1a6d0e01a2e404c697962623,dfine_sahi,131867.0,bag,0.2586,247.16,540.2,370.99,640.65,12437.1,123.82,100.44,1.233,False,,True,S-61,38,evt_S-61_upper_body_0022,fc2e3874fd08bc57,pose_hand_context,,65577.0,2.5,,1,cam12/e1/v1,rtmpose_baseline
full,03.CCTV Mobile Usage.mkv,632de9ed55947761d56d4c6142a3cb1a1fe69d0b1a6d0e01a2e404c697962623,dfine_sahi,131867.0,stationery,0.2527,172.59,467.53,205.32,496.85,959.4,32.73,29.32,1.116,False,,True,S-61,38,evt_S-61_upper_body_0022,fc2e3874fd08bc57,pose_hand_context,,65577.0,2.5,,1,cam12/e1/v1,rtmpose_baseline
full,03.CCTV Mobile Usage.mkv,632de9ed55947761d56d4c6142a3cb1a1fe69d0b1a6d0e01a2e404c697962623,dfine_sahi,132367.0,unknown_object,0.6105,116.17,504.23,261.9,647.7,20907.5,145.74,143.46,1.016,False,,True,S-61,38,evt_S-61_upper_body_0022,0865bdb012b9554b,pose_hand_context,,67205.4,2.47,,1,cam12/e1/v1,rtmpose_baseline
full,03.CCTV Mobile Usage.mkv,632de9ed55947761d56d4c6142a3cb1a1fe69d0b1a6d0e01a2e404c697962623,dfine_sahi,132367.0,secondary_paper_chit,0.5908,115.97,435.95,176.89,502.84,4074.9,60.92,66.89,0.911,False,,True,S-61,38,evt_S-61_upper_body_0022,0865bdb012b9554b,pose_hand_context,,67205.4,2.47,,1,cam12/e1/v1,rtmpose_baseline
full,03.CCTV Mobile Usage.mkv,632de9ed55947761d56d4c6142a3cb1a1fe69d0b1a6d0e01a2e404c697962623,dfine_sahi,132367.0,unknown_object,0.485,171.29,454.96,222.64,497.6,2189.5,51.35,42.64,1.204,False,,True,S-61,38,evt_S-61_upper_body_0022,0865bdb012b9554b,pose_hand_context,,67205.4,2.47,,1,cam12/e1/v1,rtmpose_baseline
full,03.CCTV Mobile Usage.mkv,632de9ed55947761d56d4c6142a3cb1a1fe69d0b1a6d0e01a2e404c697962623,dfine_sahi,132367.0,secondary_paper_chit,0.4412,117.67,475.03,178.77,522.91,2926.0,61.1,47.89,1.276,False,,True,S-61,38,evt_S-61_upper_body_0022,0865bdb012b9554b,pose_hand_context,,67205.4,2.47,,1,cam12/e1/v1,rtmpose_baseline
full,03.CCTV Mobile Usage.mkv,632de9ed55947761d56d4c6142a3cb1a1fe69d0b1a6d0e01a2e404c697962623,dfine_sahi,132367.0,unknown_object,0.4273,263.11,550.57,359.7,622.5,6948.6,96.59,71.94,1.343,False,,True,S-61,38,evt_S-61_upper_body_0022,0865bdb012b9554b,pose_hand_context,,67205.4,2.47,,1,cam12/e1/v1,rtmpose_baseline
full,03.CCTV Mobile Usage.mkv,632de9ed55947761d56d4c6142a3cb1a1fe69d0b1a6d0e01a2e404c697962623,dfine_sahi,132367.0,stationery,0.4106,118.14,473.52,178.84,519.09,2766.0,60.7,45.57,1.332,False,,True,S-61,38,evt_S-61_upper_body_0022,0865bdb012b9554b,pose_hand_context,,67205.4,2.47,,1,cam12/e1/v1,rtmpose_baseline
full,03.CCTV Mobile Usage.mkv,632de9ed55947761d56d4c6142a3cb1a1fe69d0b1a6d0e01a2e404c697962623,dfine_sahi,132367.0,secondary_paper_chit,0.3673,134.88,492.64,177.1,522.07,1242.3,42.22,29.42,1.435,False,,True,S-61,38,evt_S-61_upper_body_0022,0865bdb012b9554b,pose_hand_context,,67205.4,2.47,,1,cam12/e1/v1,rtmpose_baseline
full,03.CCTV Mobile Usage.mkv,632de9ed55947761d56d4c6142a3cb1a1fe69d0b1a6d0e01a2e404c697962623,dfine_sahi,132367.0,unknown_object,0.3646,244.89,605.47,346.84,648.98,4436.1,101.95,43.51,2.343,False,,True,S-61,38,evt_S-61_upper_body_0022,0865bdb012b9554b,pose_hand_context,,67205.4,2.47,,1,cam12/e1/v1,rtmpose_baseline
full,03.CCTV Mobile Usage.mkv,632de9ed55947761d56d4c6142a3cb1a1fe69d0b1a6d0e01a2e404c697962623,dfine_sahi,132367.0,bag,0.3586,116.02,390.03,176.72,450.9,3695.0,60.7,60.87,0.997,False,,True,S-61,38,evt_S-61_upper_body_0022,0865bdb012b9554b,pose_hand_context,,67205.4,2.47,,1,cam12/e1/v1,rtmpose_baseline
full,03.CCTV Mobile Usage.mkv,632de9ed55947761d56d4c6142a3cb1a1fe69d0b1a6d0e01a2e404c697962623,dfine_sahi,132367.0,phone,0.3504,171.72,454.99,223.36,496.89,2163.9,51.64,41.9,1.233,False,,True,S-61,38,evt_S-61_upper_body_0022,0865bdb012b9554b,pose_hand_context,,67205.4,2.47,,1,cam12/e1/v1,rtmpose_baseline
full,03.CCTV Mobile Usage.mkv,632de9ed55947761d56d4c6142a3cb1a1fe69d0b1a6d0e01a2e404c697962623,dfine_sahi,132367.0,unknown_object,0.3162,230.4,390.22,375.96,515.25,18199.0,145.56,125.03,1.164,False,,True,S-61,38,evt_S-61_upper_body_0022,0865bdb012b9554b,pose_hand_context,,67205.4,2.47,,1,cam12/e1/v1,rtmpose_baseline
full,03.CCTV Mobile Usage.mkv,632de9ed55947761d56d4c6142a3cb1a1fe69d0b1a6d0e01a2e404c697962623,dfine_sahi,132367.0,unknown_object,0.3155,229.93,530.4,375.79,648.09,17167.8,145.86,117.7,1.239,False,,True,S-61,38,evt_S-61_upper_body_0022,0865bdb012b9554b,pose_hand_context,,67205.4,2.47,,1,cam12/e1/v1,rtmpose_baseline
full,03.CCTV Mobile Usage.mkv,632de9ed55947761d56d4c6142a3cb1a1fe69d0b1a6d0e01a2e404c697962623,dfine_sahi,132367.0,unknown_object,0.2688,135.5,494.23,176.62,522.52,1163.1,41.12,28.29,1.454,False,,True,S-61,38,evt_S-61_upper_body_0022,0865bdb012b9554b,pose_hand_context,,67205.4,2.47,,1,cam12/e1/v1,rtmpose_baseline
full,03.CCTV Mobile Usage.mkv,632de9ed55947761d56d4c6142a3cb1a1fe69d0b1a6d0e01a2e404c697962623,dfine_sahi,132367.0,unknown_object,0.2589,171.77,454.65,262.02,535.03,7254.0,90.25,80.38,1.123,False,,True,S-61,38,evt_S-61_upper_body_0022,0865bdb012b9554b,pose_hand_context,,67205.4,2.47,,1,cam12/e1/v1,rtmpose_baseline
full,03.CCTV Mobile Usage.mkv,632de9ed55947761d56d4c6142a3cb1a1fe69d0b1a6d0e01a2e404c697962623,dfine_sahi,132367.0,unknown_object,0.2533,302.99,407.11,375.97,515.4,7902.7,72.98,108.29,0.674,False,,True,S-61,38,evt_S-61_upper_body_0022,0865bdb012b9554b,pose_hand_context,,67205.4,2.47,,1,cam12/e1/v1,rtmpose_baseline
full,03.CCTV Mobile Usage.mkv,632de9ed55947761d56d4c6142a3cb1a1fe69d0b1a6d0e01a2e404c697962623,dfine_sahi,132367.0,monitor_or_bezel,0.2519,116.04,504.44,207.56,637.26,12155.7,91.52,132.82,0.689,False,,True,S-61,38,evt_S-61_upper_body_0022,0865bdb012b9554b,pose_hand_context,,67205.4,2.47,,1,cam12/e1/v1,rtmpose_baseline
full,03.CCTV Mobile Usage.mkv,632de9ed55947761d56d4c6142a3cb1a1fe69d0b1a6d0e01a2e404c697962623,dfine_sahi,132367.0,unknown_object,0.4671,930.17,52.32,987.85,133.24,4667.8,57.68,80.92,0.713,False,,True,unattributed,42,evt_S-61_upper_body_0022,df6213c7290140af,native_source_context_fallback,no_pose_observation,3827.3,9.62,,1,cam12/e1/v1,
full,03.CCTV Mobile Usage.mkv,632de9ed55947761d56d4c6142a3cb1a1fe69d0b1a6d0e01a2e404c697962623,dfine_sahi,132367.0,unknown_object,0.3861,898.01,116.32,971.82,148.78,2395.8,73.81,32.46,2.274,False,,True,unattributed,42,evt_S-61_upper_body_0022,df6213c7290140af,native_source_context_fallback,no_pose_observation,3827.3,9.62,,1,cam12/e1/v1,
full,03.CCTV Mobile Usage.mkv,632de9ed55947761d56d4c6142a3cb1a1fe69d0b1a6d0e01a2e404c697962623,dfine_sahi,132367.0,unknown_object,0.3726,898.07,24.31,993.56,119.4,9080.0,95.49,95.09,1.004,False,,True,unattributed,42,evt_S-61_upper_body_0022,df6213c7290140af,native_source_context_fallback,no_pose_observation,3827.3,9.62,,1,cam12/e1/v1,
full,03.CCTV Mobile Usage.mkv,632de9ed55947761d56d4c6142a3cb1a1fe69d0b1a6d0e01a2e404c697962623,dfine_sahi,132367.0,unknown_object,0.2991,958.51,62.82,982.42,119.29,1350.1,23.91,56.47,0.423,False,,True,unattributed,42,evt_S-61_upper_body_0022,df6213c7290140af,native_source_context_fallback,no_pose_observation,3827.3,9.62,,1,cam12/e1/v1,
full,03.CCTV Mobile Usage.mkv,632de9ed55947761d56d4c6142a3cb1a1fe69d0b1a6d0e01a2e404c697962623,dfine_sahi,132867.0,keyboard,0.9052,962.04,451.94,1067.92,491.42,4179.9,105.88,39.48,2.682,False,,True,R-desk,43,evt_S-61_upper_body_0022,7b62738820a09667,lap_bag_context,no_pose_observation,34560.0,1.33,,1,cam12/e1/v1,
full,03.CCTV Mobile Usage.mkv,632de9ed55947761d56d4c6142a3cb1a1fe69d0b1a6d0e01a2e404c697962623,dfine_sahi,132867.0,phone,0.7134,1043.23,421.67,1112.49,473.93,3618.9,69.26,52.25,1.325,False,,True,R-desk,43,evt_S-61_upper_body_0022,7b62738820a09667,lap_bag_context,no_pose_observation,34560.0,1.33,,1,cam12/e1/v1,
full,03.CCTV Mobile Usage.mkv,632de9ed55947761d56d4c6142a3cb1a1fe69d0b1a6d0e01a2e404c697962623,dfine_sahi,132867.0,monitor_or_bezel,0.6755,910.19,411.1,1141.51,506.4,22046.5,231.32,95.31,2.427,False,,True,R-desk,43,evt_S-61_upper_body_0022,7b62738820a09667,lap_bag_context,no_pose_observation,34560.0,1.33,,1,cam12/e1/v1,
full,03.CCTV Mobile Usage.mkv,632de9ed55947761d56d4c6142a3cb1a1fe69d0b1a6d0e01a2e404c697962623,dfine_sahi,132867.0,keyboard,0.6428,962.83,452.33,1034.28,475.52,1656.8,71.45,23.19,3.081,False,,True,R-desk,43,evt_S-61_upper_body_0022,7b62738820a09667,lap_bag_context,no_pose_observation,34560.0,1.33,,1,cam12/e1/v1,
full,03.CCTV Mobile Usage.mkv,632de9ed55947761d56d4c6142a3cb1a1fe69d0b1a6d0e01a2e404c697962623,dfine_sahi,132867.0,monitor_or_bezel,0.6402,707.93,379.9,969.54,474.86,24844.6,261.61,94.97,2.755,False,,True,R-desk,43,evt_S-61_upper_body_0022,7b62738820a09667,lap_bag_context,no_pose_observation,34560.0,1.33,,1,cam12/e1/v1,
full,03.CCTV Mobile Usage.mkv,632de9ed55947761d56d4c6142a3cb1a1fe69d0b1a6d0e01a2e404c697962623,dfine_sahi,132867.0,monitor_or_bezel,0.6363,1018.92,395.75,1145.9,447.97,6630.9,126.98,52.22,2.432,False,,True,R-desk,43,evt_S-61_upper_body_0022,7b62738820a09667,lap_bag_context,no_pose_observation,34560.0,1.33,,1,cam12/e1/v1,
full,03.CCTV Mobile Usage.mkv,632de9ed55947761d56d4c6142a3cb1a1fe69d0b1a6d0e01a2e404c697962623,dfine_sahi,132867.0,unknown_object,0.6258,699.93,411.18,871.38,506.4,16325.2,171.45,95.22,1.801,False,,True,R-desk,43,evt_S-61_upper_body_0022,7b62738820a09667,lap_bag_context,no_pose_observation,34560.0,1.33,,1,cam12/e1/v1,
full,03.CCTV Mobile Usage.mkv,632de9ed55947761d56d4c6142a3cb1a1fe69d0b1a6d0e01a2e404c697962623,dfine_sahi,132867.0,keyboard,0.609,772.4,380.22,870.8,420.48,3961.9,98.4,40.26,2.444,False,,True,R-desk,43,evt_S-61_upper_body_0022,7b62738820a09667,lap_bag_context,no_pose_observation,34560.0,1.33,,1,cam12/e1/v1,
full,03.CCTV Mobile Usage.mkv,632de9ed55947761d56d4c6142a3cb1a1fe69d0b1a6d0e01a2e404c697962623,dfine_sahi,132867.0,monitor_or_bezel,0.6043,962.97,380.59,1152.86,474.92,17911.9,189.89,94.33,2.013,False,,True,R-desk,43,evt_S-61_upper_body_0022,7b62738820a09667,lap_bag_context,no_pose_observation,34560.0,1.33,,1,cam12/e1/v1,
full,03.CCTV Mobile Usage.mkv,632de9ed55947761d56d4c6142a3cb1a1fe69d0b1a6d0e01a2e404c697962623,dfine_sahi,132867.0,mouse,0.5902,864.88,413.57,891.5,435.51,583.9,26.62,21.94,1.213,False,,True,R-desk,43,evt_S-61_upper_body_0022,7b62738820a09667,lap_bag_context,no_pose_observation,34560.0,1.33,,1,cam12/e1/v1,
full,03.CCTV Mobile Usage.mkv,632de9ed55947761d56d4c6142a3cb1a1fe69d0b1a6d0e01a2e404c697962623,dfine_sahi,132867.0,unknown_object,0.4659,699.99,396.12,768.71,491.74,6571.0,68.72,95.62,0.719,False,,True,R-desk,43,evt_S-61_upper_body_0022,7b62738820a09667,lap_bag_context,no_pose_observation,34560.0,1.33,,1,cam12/e1/v1,
full,03.CCTV Mobile Usage.mkv,632de9ed55947761d56d4c6142a3cb1a1fe69d0b1a6d0e01a2e404c697962623,dfine_sahi,132867.0,keyboard,0.4576,910.01,411.2,1092.06,506.29,17311.9,182.05,95.09,1.914,False,,True,R-desk,43,evt_S-61_upper_body_0022,7b62738820a09667,lap_bag_context,no_pose_observation,34560.0,1.33,,1,cam12/e1/v1,
full,03.CCTV Mobile Usage.mkv,632de9ed55947761d56d4c6142a3cb1a1fe69d0b1a6d0e01a2e404c697962623,dfine_sahi,132867.0,unknown_object,0.4323,768.1,410.98,969.86,505.91,19152.9,201.75,94.93,2.125,False,,True,R-desk,43,evt_S-61_upper_body_0022,7b62738820a09667,lap_bag_context,no_pose_observation,34560.0,1.33,,1,cam12/e1/v1,
full,03.CCTV Mobile Usage.mkv,632de9ed55947761d56d4c6142a3cb1a1fe69d0b1a6d0e01a2e404c697962623,dfine_sahi,132867.0,keyboard,0.3329,802.01,396.23,870.68,420.82,1688.3,68.67,24.59,2.793,False,,True,R-desk,43,evt_S-61_upper_body_0022,7b62738820a09667,lap_bag_context,no_pose_observation,34560.0,1.33,,1,cam12/e1/v1,
full,03.CCTV Mobile Usage.mkv,632de9ed55947761d56d4c6142a3cb1a1fe69d0b1a6d0e01a2e404c697962623,dfine_sahi,132867.0,keyboard,0.3057,965.26,396.46,1097.18,474.9,10348.2,131.91,78.45,1.682,False,,True,R-desk,43,evt_S-61_upper_body_0022,7b62738820a09667,lap_bag_context,no_pose_observation,34560.0,1.33,,1,cam12/e1/v1,
full,03.CCTV Mobile Usage.mkv,632de9ed55947761d56d4c6142a3cb1a1fe69d0b1a6d0e01a2e404c697962623,dfine_sahi,132867.0,phone,0.2942,1052.08,411.34,1139.64,447.1,3131.7,87.56,35.77,2.448,False,,True,R-desk,43,evt_S-61_upper_body_0022,7b62738820a09667,lap_bag_context,no_pose_observation,34560.0,1.33,,1,cam12/e1/v1,
full,03.CCTV Mobile Usage.mkv,632de9ed55947761d56d4c6142a3cb1a1fe69d0b1a6d0e01a2e404c697962623,dfine_sahi,132867.0,mouse,0.2938,967.24,398.34,992.24,410.54,305.2,25.0,12.21,2.049,False,,True,R-desk,43,evt_S-61_upper_body_0022,7b62738820a09667,lap_bag_context,no_pose_observation,34560.0,1.33,,1,cam12/e1/v1,
full,03.CCTV Mobile Usage.mkv,632de9ed55947761d56d4c6142a3cb1a1fe69d0b1a6d0e01a2e404c697962623,dfine_sahi,132867.0,unknown_object,0.2678,880.74,411.35,969.88,505.61,8403.6,89.15,94.27,0.946,False,,True,R-desk,43,evt_S-61_upper_body_0022,7b62738820a09667,lap_bag_context,no_pose_observation,34560.0,1.33,,1,cam12/e1/v1,
full,03.CCTV Mobile Usage.mkv,632de9ed55947761d56d4c6142a3cb1a1fe69d0b1a6d0e01a2e404c697962623,dfine_sahi,132867.0,keyboard,0.9052,962.04,451.94,1067.92,491.42,4179.9,105.88,39.48,2.682,False,,True,R-desk,41,evt_S-61_upper_body_0022,7b62738820a09667,lap_bag_context,no_pose_observation,34560.0,1.33,,1,cam12/e1/v1,
full,03.CCTV Mobile Usage.mkv,632de9ed55947761d56d4c6142a3cb1a1fe69d0b1a6d0e01a2e404c697962623,dfine_sahi,132867.0,phone,0.7134,1043.23,421.67,1112.49,473.93,3618.9,69.26,52.25,1.325,False,,True,R-desk,41,evt_S-61_upper_body_0022,7b62738820a09667,lap_bag_context,no_pose_observation,34560.0,1.33,,1,cam12/e1/v1,
full,03.CCTV Mobile Usage.mkv,632de9ed55947761d56d4c6142a3cb1a1fe69d0b1a6d0e01a2e404c697962623,dfine_sahi,132867.0,monitor_or_bezel,0.6755,910.19,411.1,1141.51,506.4,22046.5,231.32,95.31,2.427,False,,True,R-desk,41,evt_S-61_upper_body_0022,7b62738820a09667,lap_bag_context,no_pose_observation,34560.0,1.33,,1,cam12/e1/v1,
full,03.CCTV Mobile Usage.mkv,632de9ed55947761d56d4c6142a3cb1a1fe69d0b1a6d0e01a2e404c697962623,dfine_sahi,132867.0,keyboard,0.6428,962.83,452.33,1034.28,475.52,1656.8,71.45,23.19,3.081,False,,True,R-desk,41,evt_S-61_upper_body_0022,7b62738820a09667,lap_bag_context,no_pose_observation,34560.0,1.33,,1,cam12/e1/v1,
full,03.CCTV Mobile Usage.mkv,632de9ed55947761d56d4c6142a3cb1a1fe69d0b1a6d0e01a2e404c697962623,dfine_sahi,132867.0,monitor_or_bezel,0.6402,707.93,379.9,969.54,474.86,24844.6,261.61,94.97,2.755,False,,True,R-desk,41,evt_S-61_upper_body_0022,7b62738820a09667,lap_bag_context,no_pose_observation,34560.0,1.33,,1,cam12/e1/v1,
full,03.CCTV Mobile Usage.mkv,632de9ed55947761d56d4c6142a3cb1a1fe69d0b1a6d0e01a2e404c697962623,dfine_sahi,132867.0,monitor_or_bezel,0.6363,1018.92,395.75,1145.9,447.97,6630.9,126.98,52.22,2.432,False,,True,R-desk,41,evt_S-61_upper_body_0022,7b62738820a09667,lap_bag_context,no_pose_observation,34560.0,1.33,,1,cam12/e1/v1,
full,03.CCTV Mobile Usage.mkv,632de9ed55947761d56d4c6142a3cb1a1fe69d0b1a6d0e01a2e404c697962623,dfine_sahi,132867.0,unknown_object,0.6258,699.93,411.18,871.38,506.4,16325.2,171.45,95.22,1.801,False,,True,R-desk,41,evt_S-61_upper_body_0022,7b62738820a09667,lap_bag_context,no_pose_observation,34560.0,1.33,,1,cam12/e1/v1,
full,03.CCTV Mobile Usage.mkv,632de9ed55947761d56d4c6142a3cb1a1fe69d0b1a6d0e01a2e404c697962623,dfine_sahi,132867.0,keyboard,0.609,772.4,380.22,870.8,420.48,3961.9,98.4,40.26,2.444,False,,True,R-desk,41,evt_S-61_upper_body_0022,7b62738820a09667,lap_bag_context,no_pose_observation,34560.0,1.33,,1,cam12/e1/v1,
full,03.CCTV Mobile Usage.mkv,632de9ed55947761d56d4c6142a3cb1a1fe69d0b1a6d0e01a2e404c697962623,dfine_sahi,132867.0,monitor_or_bezel,0.6043,962.97,380.59,1152.86,474.92,17911.9,189.89,94.33,2.013,False,,True,R-desk,41,evt_S-61_upper_body_0022,7b62738820a09667,lap_bag_context,no_pose_observation,34560.0,1.33,,1,cam12/e1/v1,
full,03.CCTV Mobile Usage.mkv,632de9ed55947761d56d4c6142a3cb1a1fe69d0b1a6d0e01a2e404c697962623,dfine_sahi,132867.0,mouse,0.5902,864.88,413.57,891.5,435.51,583.9,26.62,21.94,1.213,False,,True,R-desk,41,evt_S-61_upper_body_0022,7b62738820a09667,lap_bag_context,no_pose_observation,34560.0,1.33,,1,cam12/e1/v1,
full,03.CCTV Mobile Usage.mkv,632de9ed55947761d56d4c6142a3cb1a1fe69d0b1a6d0e01a2e404c697962623,dfine_sahi,132867.0,unknown_object,0.4659,699.99,396.12,768.71,491.74,6571.0,68.72,95.62,0.719,False,,True,R-desk,41,evt_S-61_upper_body_0022,7b62738820a09667,lap_bag_context,no_pose_observation,34560.0,1.33,,1,cam12/e1/v1,
full,03.CCTV Mobile Usage.mkv,632de9ed55947761d56d4c6142a3cb1a1fe69d0b1a6d0e01a2e404c697962623,dfine_sahi,132867.0,keyboard,0.4576,910.01,411.2,1092.06,506.29,17311.9,182.05,95.09,1.914,False,,True,R-desk,41,evt_S-61_upper_body_0022,7b62738820a09667,lap_bag_context,no_pose_observation,34560.0,1.33,,1,cam12/e1/v1,
full,03.CCTV Mobile Usage.mkv,632de9ed55947761d56d4c6142a3cb1a1fe69d0b1a6d0e01a2e404c697962623,dfine_sahi,132867.0,unknown_object,0.4323,768.1,410.98,969.86,505.91,19152.9,201.75,94.93,2.125,False,,True,R-desk,41,evt_S-61_upper_body_0022,7b62738820a09667,lap_bag_context,no_pose_observation,34560.0,1.33,,1,cam12/e1/v1,
full,03.CCTV Mobile Usage.mkv,632de9ed55947761d56d4c6142a3cb1a1fe69d0b1a6d0e01a2e404c697962623,dfine_sahi,132867.0,keyboard,0.3329,802.01,396.23,870.68,420.82,1688.3,68.67,24.59,2.793,False,,True,R-desk,41,evt_S-61_upper_body_0022,7b62738820a09667,lap_bag_context,no_pose_observation,34560.0,1.33,,1,cam12/e1/v1,
full,03.CCTV Mobile Usage.mkv,632de9ed55947761d56d4c6142a3cb1a1fe69d0b1a6d0e01a2e404c697962623,dfine_sahi,132867.0,keyboard,0.3057,965.26,396.46,1097.18,474.9,10348.2,131.91,78.45,1.682,False,,True,R-desk,41,evt_S-61_upper_body_0022,7b62738820a09667,lap_bag_context,no_pose_observation,34560.0,1.33,,1,cam12/e1/v1,
full,03.CCTV Mobile Usage.mkv,632de9ed55947761d56d4c6142a3cb1a1fe69d0b1a6d0e01a2e404c697962623,dfine_sahi,132867.0,phone,0.2942,1052.08,411.34,1139.64,447.1,3131.7,87.56,35.77,2.448,False,,True,R-desk,41,evt_S-61_upper_body_0022,7b62738820a09667,lap_bag_context,no_pose_observation,34560.0,1.33,,1,cam12/e1/v1,
full,03.CCTV Mobile Usage.mkv,632de9ed55947761d56d4c6142a3cb1a1fe69d0b1a6d0e01a2e404c697962623,dfine_sahi,132867.0,mouse,0.2938,967.24,398.34,992.24,410.54,305.2,25.0,12.21,2.049,False,,True,R-desk,41,evt_S-61_upper_body_0022,7b62738820a09667,lap_bag_context,no_pose_observation,34560.0,1.33,,1,cam12/e1/v1,
full,03.CCTV Mobile Usage.mkv,632de9ed55947761d56d4c6142a3cb1a1fe69d0b1a6d0e01a2e404c697962623,dfine_sahi,132867.0,unknown_object,0.2678,880.74,411.35,969.88,505.61,8403.6,89.15,94.27,0.946,False,,True,R-desk,41,evt_S-61_upper_body_0022,7b62738820a09667,lap_bag_context,no_pose_observation,34560.0,1.33,,1,cam12/e1/v1,
full,03.CCTV Mobile Usage.mkv,632de9ed55947761d56d4c6142a3cb1a1fe69d0b1a6d0e01a2e404c697962623,dfine_sahi,132867.0,unknown_object,0.5404,153.55,512.18,279.92,644.26,16691.2,126.37,132.08,0.957,False,,True,S-61,38,evt_S-61_upper_body_0022,8cf2bbf89c894fa5,pose_hand_context,,56188.0,2.7,,1,cam12/e1/v1,rtmpose_baseline
full,03.CCTV Mobile Usage.mkv,632de9ed55947761d56d4c6142a3cb1a1fe69d0b1a6d0e01a2e404c697962623,dfine_sahi,132867.0,unknown_object,0.4204,147.36,408.12,279.93,515.68,14257.9,132.57,107.55,1.233,False,,True,S-61,38,evt_S-61_upper_body_0022,8cf2bbf89c894fa5,pose_hand_context,,56188.0,2.7,,1,cam12/e1/v1,rtmpose_baseline
full,03.CCTV Mobile Usage.mkv,632de9ed55947761d56d4c6142a3cb1a1fe69d0b1a6d0e01a2e404c697962623,dfine_sahi,132867.0,unknown_object,0.3947,250.03,408.3,383.94,539.63,17587.2,133.91,131.33,1.02,False,,True,S-61,38,evt_S-61_upper_body_0022,8cf2bbf89c894fa5,pose_hand_context,,56188.0,2.7,,1,cam12/e1/v1,rtmpose_baseline
full,03.CCTV Mobile Usage.mkv,632de9ed55947761d56d4c6142a3cb1a1fe69d0b1a6d0e01a2e404c697962623,dfine_sahi,132867.0,unknown_object,0.3644,250.04,552.51,359.32,644.12,10010.2,109.28,91.6,1.193,False,,True,S-61,38,evt_S-61_upper_body_0022,8cf2bbf89c894fa5,pose_hand_context,,56188.0,2.7,,1,cam12/e1/v1,rtmpose_baseline
full,03.CCTV Mobile Usage.mkv,632de9ed55947761d56d4c6142a3cb1a1fe69d0b1a6d0e01a2e404c697962623,dfine_sahi,132867.0,stationery,0.3565,171.83,464.01,209.79,495.45,1193.6,37.96,31.44,1.207,False,,True,S-61,38,evt_S-61_upper_body_0022,8cf2bbf89c894fa5,pose_hand_context,,56188.0,2.7,,1,cam12/e1/v1,rtmpose_baseline
full,03.CCTV Mobile Usage.mkv,632de9ed55947761d56d4c6142a3cb1a1fe69d0b1a6d0e01a2e404c697962623,dfine_sahi,132867.0,unknown_object,0.2863,250.05,605.1,345.97,644.41,3770.9,95.92,39.31,2.44,False,,True,S-61,38,evt_S-61_upper_body_0022,8cf2bbf89c894fa5,pose_hand_context,,56188.0,2.7,,1,cam12/e1/v1,rtmpose_baseline
full,03.CCTV Mobile Usage.mkv,632de9ed55947761d56d4c6142a3cb1a1fe69d0b1a6d0e01a2e404c697962623,dfine_sahi,132867.0,unknown_object,0.2709,318.72,554.97,357.95,606.09,2005.4,39.23,51.11,0.768,False,,True,S-61,38,evt_S-61_upper_body_0022,8cf2bbf89c894fa5,pose_hand_context,,56188.0,2.7,,1,cam12/e1/v1,rtmpose_baseline
full,03.CCTV Mobile Usage.mkv,632de9ed55947761d56d4c6142a3cb1a1fe69d0b1a6d0e01a2e404c697962623,dfine_sahi,132867.0,unknown_object,0.2667,147.01,493.92,176.74,522.92,862.3,29.73,29.0,1.025,False,,True,S-61,38,evt_S-61_upper_body_0022,8cf2bbf89c894fa5,pose_hand_context,,56188.0,2.7,,1,cam12/e1/v1,rtmpose_baseline
full,03.CCTV Mobile Usage.mkv,632de9ed55947761d56d4c6142a3cb1a1fe69d0b1a6d0e01a2e404c697962623,dfine_sahi,132867.0,unknown_object,0.2508,147.0,491.95,279.96,540.81,6496.5,132.96,48.86,2.721,False,,True,S-61,38,evt_S-61_upper_body_0022,8cf2bbf89c894fa5,pose_hand_context,,56188.0,2.7,,1,cam12/e1/v1,rtmpose_baseline
full,03.CCTV Mobile Usage.mkv,632de9ed55947761d56d4c6142a3cb1a1fe69d0b1a6d0e01a2e404c697962623,dfine_sahi,133367.0,keyboard,0.905,962.04,451.94,1067.92,491.42,4180.2,105.89,39.48,2.682,False,,True,R-desk,43,evt_S-61_upper_body_0022,3eef38fb10e9cb62,lap_bag_context,no_pose_observation,34560.0,1.33,,1,cam12/e1/v1,
full,03.CCTV Mobile Usage.mkv,632de9ed55947761d56d4c6142a3cb1a1fe69d0b1a6d0e01a2e404c697962623,dfine_sahi,133367.0,phone,0.7129,1043.23,421.67,1112.5,473.92,3619.2,69.27,52.25,1.326,False,,True,R-desk,43,evt_S-61_upper_body_0022,3eef38fb10e9cb62,lap_bag_context,no_pose_observation,34560.0,1.33,,1,cam12/e1/v1,
full,03.CCTV Mobile Usage.mkv,632de9ed55947761d56d4c6142a3cb1a1fe69d0b1a6d0e01a2e404c697962623,dfine_sahi,133367.0,monitor_or_bezel,0.6752,910.19,411.1,1141.55,506.41,22051.3,231.36,95.31,2.427,False,,True,R-desk,43,evt_S-61_upper_body_0022,3eef38fb10e9cb62,lap_bag_context,no_pose_observation,34560.0,1.33,,1,cam12/e1/v1,
full,03.CCTV Mobile Usage.mkv,632de9ed55947761d56d4c6142a3cb1a1fe69d0b1a6d0e01a2e404c697962623,dfine_sahi,133367.0,keyboard,0.6451,962.83,452.34,1034.28,475.52,1656.7,71.45,23.19,3.081,False,,True,R-desk,43,evt_S-61_upper_body_0022,3eef38fb10e9cb62,lap_bag_context,no_pose_observation,34560.0,1.33,,1,cam12/e1/v1,
full,03.CCTV Mobile Usage.mkv,632de9ed55947761d56d4c6142a3cb1a1fe69d0b1a6d0e01a2e404c697962623,dfine_sahi,133367.0,monitor_or_bezel,0.6402,707.93,379.9,969.54,474.86,24844.6,261.61,94.97,2.755,False,,True,R-desk,43,evt_S-61_upper_body_0022,3eef38fb10e9cb62,lap_bag_context,no_pose_observation,34560.0,1.33,,1,cam12/e1/v1,
full,03.CCTV Mobile Usage.mkv,632de9ed55947761d56d4c6142a3cb1a1fe69d0b1a6d0e01a2e404c697962623,dfine_sahi,133367.0,monitor_or_bezel,0.6348,1018.91,395.75,1145.89,447.96,6629.8,126.98,52.21,2.432,False,,True,R-desk,43,evt_S-61_upper_body_0022,3eef38fb10e9cb62,lap_bag_context,no_pose_observation,34560.0,1.33,,1,cam12/e1/v1,
full,03.CCTV Mobile Usage.mkv,632de9ed55947761d56d4c6142a3cb1a1fe69d0b1a6d0e01a2e404c697962623,dfine_sahi,133367.0,unknown_object,0.6258,699.93,411.18,871.38,506.4,16325.2,171.45,95.22,1.801,False,,True,R-desk,43,evt_S-61_upper_body_0022,3eef38fb10e9cb62,lap_bag_context,no_pose_observation,34560.0,1.33,,1,cam12/e1/v1,
full,03.CCTV Mobile Usage.mkv,632de9ed55947761d56d4c6142a3cb1a1fe69d0b1a6d0e01a2e404c697962623,dfine_sahi,133367.0,keyboard,0.609,772.4,380.22,870.8,420.48,3961.9,98.4,40.26,2.444,False,,True,R-desk,43,evt_S-61_upper_body_0022,3eef38fb10e9cb62,lap_bag_context,no_pose_observation,34560.0,1.33,,1,cam12/e1/v1,
full,03.CCTV Mobile Usage.mkv,632de9ed55947761d56d4c6142a3cb1a1fe69d0b1a6d0e01a2e404c697962623,dfine_sahi,133367.0,monitor_or_bezel,0.6027,962.96,380.59,1152.85,474.93,17913.3,189.89,94.34,2.013,False,,True,R-desk,43,evt_S-61_upper_body_0022,3eef38fb10e9cb62,lap_bag_context,no_pose_observation,34560.0,1.33,,1,cam12/e1/v1,
full,03.CCTV Mobile Usage.mkv,632de9ed55947761d56d4c6142a3cb1a1fe69d0b1a6d0e01a2e404c697962623,dfine_sahi,133367.0,mouse,0.5902,864.88,413.57,891.5,435.51,583.9,26.62,21.94,1.213,False,,True,R-desk,43,evt_S-61_upper_body_0022,3eef38fb10e9cb62,lap_bag_context,no_pose_observation,34560.0,1.33,,1,cam12/e1/v1,
full,03.CCTV Mobile Usage.mkv,632de9ed55947761d56d4c6142a3cb1a1fe69d0b1a6d0e01a2e404c697962623,dfine_sahi,133367.0,unknown_object,0.4664,699.99,396.12,768.74,491.74,6573.5,68.75,95.62,0.719,False,,True,R-desk,43,evt_S-61_upper_body_0022,3eef38fb10e9cb62,lap_bag_context,no_pose_observation,34560.0,1.33,,1,cam12/e1/v1,
full,03.CCTV Mobile Usage.mkv,632de9ed55947761d56d4c6142a3cb1a1fe69d0b1a6d0e01a2e404c697962623,dfine_sahi,133367.0,keyboard,0.4567,910.01,411.2,1092.07,506.29,17312.4,182.05,95.1,1.914,False,,True,R-desk,43,evt_S-61_upper_body_0022,3eef38fb10e9cb62,lap_bag_context,no_pose_observation,34560.0,1.33,,1,cam12/e1/v1,
full,03.CCTV Mobile Usage.mkv,632de9ed55947761d56d4c6142a3cb1a1fe69d0b1a6d0e01a2e404c697962623,dfine_sahi,133367.0,unknown_object,0.4323,768.1,410.98,969.86,505.91,19152.9,201.75,94.93,2.125,False,,True,R-desk,43,evt_S-61_upper_body_0022,3eef38fb10e9cb62,lap_bag_context,no_pose_observation,34560.0,1.33,,1,cam12/e1/v1,
full,03.CCTV Mobile Usage.mkv,632de9ed55947761d56d4c6142a3cb1a1fe69d0b1a6d0e01a2e404c697962623,dfine_sahi,133367.0,keyboard,0.3339,802.01,396.23,870.68,420.82,1688.5,68.67,24.59,2.793,False,,True,R-desk,43,evt_S-61_upper_body_0022,3eef38fb10e9cb62,lap_bag_context,no_pose_observation,34560.0,1.33,,1,cam12/e1/v1,
full,03.CCTV Mobile Usage.mkv,632de9ed55947761d56d4c6142a3cb1a1fe69d0b1a6d0e01a2e404c697962623,dfine_sahi,133367.0,keyboard,0.3034,965.22,395.89,1098.76,474.9,10551.3,133.54,79.01,1.69,False,,True,R-desk,43,evt_S-61_upper_body_0022,3eef38fb10e9cb62,lap_bag_context,no_pose_observation,34560.0,1.33,,1,cam12/e1/v1,
full,03.CCTV Mobile Usage.mkv,632de9ed55947761d56d4c6142a3cb1a1fe69d0b1a6d0e01a2e404c697962623,dfine_sahi,133367.0,mouse,0.2937,967.24,398.34,992.24,410.54,305.2,25.0,12.21,2.048,False,,True,R-desk,43,evt_S-61_upper_body_0022,3eef38fb10e9cb62,lap_bag_context,no_pose_observation,34560.0,1.33,,1,cam12/e1/v1,
full,03.CCTV Mobile Usage.mkv,632de9ed55947761d56d4c6142a3cb1a1fe69d0b1a6d0e01a2e404c697962623,dfine_sahi,133367.0,phone,0.2927,1052.09,411.34,1139.63,447.1,3130.4,87.53,35.76,2.448,False,,True,R-desk,43,evt_S-61_upper_body_0022,3eef38fb10e9cb62,lap_bag_context,no_pose_observation,34560.0,1.33,,1,cam12/e1/v1,
full,03.CCTV Mobile Usage.mkv,632de9ed55947761d56d4c6142a3cb1a1fe69d0b1a6d0e01a2e404c697962623,dfine_sahi,133367.0,unknown_object,0.2678,880.74,411.35,969.88,505.61,8403.6,89.15,94.27,0.946,False,,True,R-desk,43,evt_S-61_upper_body_0022,3eef38fb10e9cb62,lap_bag_context,no_pose_observation,34560.0,1.33,,1,cam12/e1/v1,
full,03.CCTV Mobile Usage.mkv,632de9ed55947761d56d4c6142a3cb1a1fe69d0b1a6d0e01a2e404c697962623,dfine_sahi,133367.0,unknown_object,0.6422,124.97,436.67,175.43,485.9,2483.6,50.46,49.22,1.025,False,,True,S-61,38,evt_S-61_upper_body_0022,767e7db3bc0f2539,pose_hand_context,,54428.9,2.74,,1,cam12/e1/v1,rtmpose_baseline
full,03.CCTV Mobile Usage.mkv,632de9ed55947761d56d4c6142a3cb1a1fe69d0b1a6d0e01a2e404c697962623,dfine_sahi,133367.0,unknown_object,0.4561,227.99,538.41,358.87,641.47,13487.8,130.88,103.06,1.27,False,,True,S-61,38,evt_S-61_upper_body_0022,767e7db3bc0f2539,pose_hand_context,,54428.9,2.74,,1,cam12/e1/v1,rtmpose_baseline
full,03.CCTV Mobile Usage.mkv,632de9ed55947761d56d4c6142a3cb1a1fe69d0b1a6d0e01a2e404c697962623,dfine_sahi,133367.0,secondary_paper_chit,0.4004,124.97,436.43,176.4,488.05,2655.0,51.43,51.62,0.996,False,,True,S-61,38,evt_S-61_upper_body_0022,767e7db3bc0f2539,pose_hand_context,,54428.9,2.74,,1,cam12/e1/v1,rtmpose_baseline
full,03.CCTV Mobile Usage.mkv,632de9ed55947761d56d4c6142a3cb1a1fe69d0b1a6d0e01a2e404c697962623,dfine_sahi,133367.0,unknown_object,0.3665,136.87,493.95,176.83,522.17,1127.9,39.96,28.23,1.416,False,,True,S-61,38,evt_S-61_upper_body_0022,767e7db3bc0f2539,pose_hand_context,,54428.9,2.74,,1,cam12/e1/v1,rtmpose_baseline
full,03.CCTV Mobile Usage.mkv,632de9ed55947761d56d4c6142a3cb1a1fe69d0b1a6d0e01a2e404c697962623,dfine_sahi,133367.0,unknown_object,0.3398,155.48,514.05,215.33,539.42,1518.1,59.85,25.37,2.359,False,,True,S-61,38,evt_S-61_upper_body_0022,767e7db3bc0f2539,pose_hand_context,,54428.9,2.74,,1,cam12/e1/v1,rtmpose_baseline
full,03.CCTV Mobile Usage.mkv,632de9ed55947761d56d4c6142a3cb1a1fe69d0b1a6d0e01a2e404c697962623,dfine_sahi,133367.0,unknown_object,0.3138,125.07,506.77,248.42,639.37,16355.0,123.35,132.59,0.93,False,,True,S-61,38,evt_S-61_upper_body_0022,767e7db3bc0f2539,pose_hand_context,,54428.9,2.74,,1,cam12/e1/v1,rtmpose_baseline
full,03.CCTV Mobile Usage.mkv,632de9ed55947761d56d4c6142a3cb1a1fe69d0b1a6d0e01a2e404c697962623,dfine_sahi,133367.0,secondary_paper_chit,0.2895,125.03,473.44,178.33,516.42,2290.7,53.3,42.98,1.24,False,,True,S-61,38,evt_S-61_upper_body_0022,767e7db3bc0f2539,pose_hand_context,,54428.9,2.74,,1,cam12/e1/v1,rtmpose_baseline
full,03.CCTV Mobile Usage.mkv,632de9ed55947761d56d4c6142a3cb1a1fe69d0b1a6d0e01a2e404c697962623,dfine_sahi,133367.0,secondary_paper_chit,0.2855,134.47,493.44,176.94,521.7,1199.8,42.46,28.25,1.503,False,,True,S-61,38,evt_S-61_upper_body_0022,767e7db3bc0f2539,pose_hand_context,,54428.9,2.74,,1,cam12/e1/v1,rtmpose_baseline
full,03.CCTV Mobile Usage.mkv,632de9ed55947761d56d4c6142a3cb1a1fe69d0b1a6d0e01a2e404c697962623,dfine_sahi,133367.0,stationery,0.2798,125.12,475.1,177.11,517.0,2178.2,51.99,41.9,1.241,False,,True,S-61,38,evt_S-61_upper_body_0022,767e7db3bc0f2539,pose_hand_context,,54428.9,2.74,,1,cam12/e1/v1,rtmpose_baseline
full,03.CCTV Mobile Usage.mkv,632de9ed55947761d56d4c6142a3cb1a1fe69d0b1a6d0e01a2e404c697962623,dfine_sahi,133367.0,unknown_object,0.2738,190.22,493.05,256.91,538.88,3056.1,66.69,45.83,1.455,False,,True,S-61,38,evt_S-61_upper_body_0022,767e7db3bc0f2539,pose_hand_context,,54428.9,2.74,,1,cam12/e1/v1,rtmpose_baseline
full,03.CCTV Mobile Usage.mkv,632de9ed55947761d56d4c6142a3cb1a1fe69d0b1a6d0e01a2e404c697962623,dfine_sahi,133367.0,unknown_object,0.2682,125.29,409.42,353.18,639.64,52465.5,227.89,230.23,0.99,False,,True,S-61,38,evt_S-61_upper_body_0022,767e7db3bc0f2539,pose_hand_context,,54428.9,2.74,,1,cam12/e1/v1,rtmpose_baseline
full,03.CCTV Mobile Usage.mkv,632de9ed55947761d56d4c6142a3cb1a1fe69d0b1a6d0e01a2e404c697962623,dfine_sahi,133867.0,unknown_object,0.5956,133.13,436.43,331.8,633.42,39136.3,198.67,196.99,1.009,False,,True,S-61,38,evt_S-61_upper_body_0022,3a65d52bb31ff068,pose_hand_context,,39537.3,3.22,,1,cam12/e1/v1,rtmpose_baseline
full,03.CCTV Mobile Usage.mkv,632de9ed55947761d56d4c6142a3cb1a1fe69d0b1a6d0e01a2e404c697962623,dfine_sahi,133867.0,unknown_object,0.5235,132.97,523.11,244.94,634.56,12478.2,111.96,111.45,1.005,False,,True,S-61,38,evt_S-61_upper_body_0022,3a65d52bb31ff068,pose_hand_context,,39537.3,3.22,,1,cam12/e1/v1,rtmpose_baseline
full,03.CCTV Mobile Usage.mkv,632de9ed55947761d56d4c6142a3cb1a1fe69d0b1a6d0e01a2e404c697962623,dfine_sahi,133867.0,secondary_paper_chit,0.4811,132.99,436.57,176.29,486.95,2181.5,43.3,50.38,0.859,False,,True,S-61,38,evt_S-61_upper_body_0022,3a65d52bb31ff068,pose_hand_context,,39537.3,3.22,,1,cam12/e1/v1,rtmpose_baseline
full,03.CCTV Mobile Usage.mkv,632de9ed55947761d56d4c6142a3cb1a1fe69d0b1a6d0e01a2e404c697962623,dfine_sahi,133867.0,unknown_object,0.4247,220.02,436.26,331.96,547.33,12432.3,111.93,111.07,1.008,False,,True,S-61,38,evt_S-61_upper_body_0022,3a65d52bb31ff068,pose_hand_context,,39537.3,3.22,,1,cam12/e1/v1,rtmpose_baseline
full,03.CCTV Mobile Usage.mkv,632de9ed55947761d56d4c6142a3cb1a1fe69d0b1a6d0e01a2e404c697962623,dfine_sahi,133867.0,unknown_object,0.4018,142.38,494.85,177.09,522.35,954.6,34.71,27.5,1.262,False,,True,S-61,38,evt_S-61_upper_body_0022,3a65d52bb31ff068,pose_hand_context,,39537.3,3.22,,1,cam12/e1/v1,rtmpose_baseline
full,03.CCTV Mobile Usage.mkv,632de9ed55947761d56d4c6142a3cb1a1fe69d0b1a6d0e01a2e404c697962623,dfine_sahi,133867.0,unknown_object,0.371,220.02,523.86,331.93,565.94,4709.6,111.9,42.09,2.659,False,,True,S-61,38,evt_S-61_upper_body_0022,3a65d52bb31ff068,pose_hand_context,,39537.3,3.22,,1,cam12/e1/v1,rtmpose_baseline
full,03.CCTV Mobile Usage.mkv,632de9ed55947761d56d4c6142a3cb1a1fe69d0b1a6d0e01a2e404c697962623,dfine_sahi,133867.0,secondary_paper_chit,0.3363,134.41,492.84,176.62,521.86,1225.1,42.21,29.02,1.455,False,,True,S-61,38,evt_S-61_upper_body_0022,3a65d52bb31ff068,pose_hand_context,,39537.3,3.22,,1,cam12/e1/v1,rtmpose_baseline
full,03.CCTV Mobile Usage.mkv,632de9ed55947761d56d4c6142a3cb1a1fe69d0b1a6d0e01a2e404c697962623,dfine_sahi,133867.0,unknown_object,0.3361,133.01,436.22,244.93,547.48,12450.8,111.91,111.26,1.006,False,,True,S-61,38,evt_S-61_upper_body_0022,3a65d52bb31ff068,pose_hand_context,,39537.3,3.22,,1,cam12/e1/v1,rtmpose_baseline
full,03.CCTV Mobile Usage.mkv,632de9ed55947761d56d4c6142a3cb1a1fe69d0b1a6d0e01a2e404c697962623,dfine_sahi,133867.0,secondary_paper_chit,0.3304,133.01,473.98,178.8,514.19,1841.1,45.79,40.21,1.139,False,,True,S-61,38,evt_S-61_upper_body_0022,3a65d52bb31ff068,pose_hand_context,,39537.3,3.22,,1,cam12/e1/v1,rtmpose_baseline
full,03.CCTV Mobile Usage.mkv,632de9ed55947761d56d4c6142a3cb1a1fe69d0b1a6d0e01a2e404c697962623,dfine_sahi,133867.0,stationery,0.32,133.05,473.75,178.65,514.11,1840.8,45.61,40.36,1.13,False,,True,S-61,38,evt_S-61_upper_body_0022,3a65d52bb31ff068,pose_hand_context,,39537.3,3.22,,1,cam12/e1/v1,rtmpose_baseline
full,03.CCTV Mobile Usage.mkv,632de9ed55947761d56d4c6142a3cb1a1fe69d0b1a6d0e01a2e404c697962623,dfine_sahi,133867.0,unknown_object,0.3061,133.0,436.47,176.22,484.36,2070.4,43.23,47.89,0.903,False,,True,S-61,38,evt_S-61_upper_body_0022,3a65d52bb31ff068,pose_hand_context,,39537.3,3.22,,1,cam12/e1/v1,rtmpose_baseline
full,03.CCTV Mobile Usage.mkv,632de9ed55947761d56d4c6142a3cb1a1fe69d0b1a6d0e01a2e404c697962623,dfine_sahi,133867.0,unknown_object,0.2564,221.22,447.48,239.81,465.29,331.0,18.59,17.81,1.044,False,,True,S-61,38,evt_S-61_upper_body_0022,3a65d52bb31ff068,pose_hand_context,,39537.3,3.22,,1,cam12/e1/v1,rtmpose_baseline
full,03.CCTV Mobile Usage.mkv,632de9ed55947761d56d4c6142a3cb1a1fe69d0b1a6d0e01a2e404c697962623,dfine_sahi,133867.0,unknown_object,0.2532,220.05,512.84,331.97,547.56,3886.0,111.92,34.72,3.223,False,,True,S-61,38,evt_S-61_upper_body_0022,3a65d52bb31ff068,pose_hand_context,,39537.3,3.22,,1,cam12/e1/v1,rtmpose_baseline
full,03.CCTV Mobile Usage.mkv,632de9ed55947761d56d4c6142a3cb1a1fe69d0b1a6d0e01a2e404c697962623,dfine_sahi,133867.0,secondary_paper_chit,0.2522,163.43,445.21,198.21,489.75,1549.2,34.79,44.54,0.781,False,,True,S-61,38,evt_S-61_upper_body_0022,3a65d52bb31ff068,pose_hand_context,,39537.3,3.22,,1,cam12/e1/v1,rtmpose_baseline
full,03.CCTV Mobile Usage.mkv,632de9ed55947761d56d4c6142a3cb1a1fe69d0b1a6d0e01a2e404c697962623,dfine_sahi,133867.0,keyboard,0.9044,961.99,451.95,1067.93,491.43,4182.1,105.94,39.48,2.684,False,,True,R-desk,44,evt_S-61_upper_body_0022,f1a8113867df619c,lap_bag_context,no_pose_observation,34560.0,1.33,,1,cam12/e1/v1,
full,03.CCTV Mobile Usage.mkv,632de9ed55947761d56d4c6142a3cb1a1fe69d0b1a6d0e01a2e404c697962623,dfine_sahi,133867.0,phone,0.6998,1043.35,421.84,1112.52,473.82,3595.8,69.17,51.98,1.331,False,,True,R-desk,44,evt_S-61_upper_body_0022,f1a8113867df619c,lap_bag_context,no_pose_observation,34560.0,1.33,,1,cam12/e1/v1,
full,03.CCTV Mobile Usage.mkv,632de9ed55947761d56d4c6142a3cb1a1fe69d0b1a6d0e01a2e404c697962623,dfine_sahi,133867.0,monitor_or_bezel,0.6753,910.19,411.13,1141.61,506.43,22056.0,231.42,95.31,2.428,False,,True,R-desk,44,evt_S-61_upper_body_0022,f1a8113867df619c,lap_bag_context,no_pose_observation,34560.0,1.33,,1,cam12/e1/v1,
full,03.CCTV Mobile Usage.mkv,632de9ed55947761d56d4c6142a3cb1a1fe69d0b1a6d0e01a2e404c697962623,dfine_sahi,133867.0,keyboard,0.6381,962.74,452.34,1034.25,475.52,1657.6,71.5,23.18,3.085,False,,True,R-desk,44,evt_S-61_upper_body_0022,f1a8113867df619c,lap_bag_context,no_pose_observation,34560.0,1.33,,1,cam12/e1/v1,
full,03.CCTV Mobile Usage.mkv,632de9ed55947761d56d4c6142a3cb1a1fe69d0b1a6d0e01a2e404c697962623,dfine_sahi,133867.0,monitor_or_bezel,0.636,707.93,379.9,969.53,474.86,24842.5,261.59,94.97,2.755,False,,True,R-desk,44,evt_S-61_upper_body_0022,f1a8113867df619c,lap_bag_context,no_pose_observation,34560.0,1.33,,1,cam12/e1/v1,
full,03.CCTV Mobile Usage.mkv,632de9ed55947761d56d4c6142a3cb1a1fe69d0b1a6d0e01a2e404c697962623,dfine_sahi,133867.0,monitor_or_bezel,0.6332,1018.89,395.72,1145.92,447.9,6628.2,127.03,52.18,2.434,False,,True,R-desk,44,evt_S-61_upper_body_0022,f1a8113867df619c,lap_bag_context,no_pose_observation,34560.0,1.33,,1,cam12/e1/v1,
full,03.CCTV Mobile Usage.mkv,632de9ed55947761d56d4c6142a3cb1a1fe69d0b1a6d0e01a2e404c697962623,dfine_sahi,133867.0,unknown_object,0.6261,699.93,411.18,871.38,506.4,16325.4,171.44,95.22,1.8,False,,True,R-desk,44,evt_S-61_upper_body_0022,f1a8113867df619c,lap_bag_context,no_pose_observation,34560.0,1.33,,1,cam12/e1/v1,
full,03.CCTV Mobile Usage.mkv,632de9ed55947761d56d4c6142a3cb1a1fe69d0b1a6d0e01a2e404c697962623,dfine_sahi,133867.0,keyboard,0.6106,772.4,380.22,870.8,420.48,3962.3,98.4,40.27,2.444,False,,True,R-desk,44,evt_S-61_upper_body_0022,f1a8113867df619c,lap_bag_context,no_pose_observation,34560.0,1.33,,1,cam12/e1/v1,
full,03.CCTV Mobile Usage.mkv,632de9ed55947761d56d4c6142a3cb1a1fe69d0b1a6d0e01a2e404c697962623,dfine_sahi,133867.0,mouse,0.5946,864.88,413.57,891.5,435.51,584.1,26.62,21.94,1.213,False,,True,R-desk,44,evt_S-61_upper_body_0022,f1a8113867df619c,lap_bag_context,no_pose_observation,34560.0,1.33,,1,cam12/e1/v1,
full,03.CCTV Mobile Usage.mkv,632de9ed55947761d56d4c6142a3cb1a1fe69d0b1a6d0e01a2e404c697962623,dfine_sahi,133867.0,monitor_or_bezel,0.579,963.11,380.65,1152.82,474.93,17886.6,189.71,94.28,2.012,False,,True,R-desk,44,evt_S-61_upper_body_0022,f1a8113867df619c,lap_bag_context,no_pose_observation,34560.0,1.33,,1,cam12/e1/v1,
full,03.CCTV Mobile Usage.mkv,632de9ed55947761d56d4c6142a3cb1a1fe69d0b1a6d0e01a2e404c697962623,dfine_sahi,133867.0,keyboard,0.4778,910.02,411.21,1092.02,506.31,17308.4,182.01,95.1,1.914,False,,True,R-desk,44,evt_S-61_upper_body_0022,f1a8113867df619c,lap_bag_context,no_pose_observation,34560.0,1.33,,1,cam12/e1/v1,
full,03.CCTV Mobile Usage.mkv,632de9ed55947761d56d4c6142a3cb1a1fe69d0b1a6d0e01a2e404c697962623,dfine_sahi,133867.0,unknown_object,0.466,699.99,396.12,768.71,491.73,6570.3,68.72,95.61,0.719,False,,True,R-desk,44,evt_S-61_upper_body_0022,f1a8113867df619c,lap_bag_context,no_pose_observation,34560.0,1.33,,1,cam12/e1/v1,
full,03.CCTV Mobile Usage.mkv,632de9ed55947761d56d4c6142a3cb1a1fe69d0b1a6d0e01a2e404c697962623,dfine_sahi,133867.0,unknown_object,0.4309,768.12,410.98,969.86,505.91,19152.1,201.74,94.93,2.125,False,,True,R-desk,44,evt_S-61_upper_body_0022,f1a8113867df619c,lap_bag_context,no_pose_observation,34560.0,1.33,,1,cam12/e1/v1,
full,03.CCTV Mobile Usage.mkv,632de9ed55947761d56d4c6142a3cb1a1fe69d0b1a6d0e01a2e404c697962623,dfine_sahi,133867.0,keyboard,0.3318,801.99,396.23,870.68,420.82,1689.2,68.69,24.59,2.794,False,,True,R-desk,44,evt_S-61_upper_body_0022,f1a8113867df619c,lap_bag_context,no_pose_observation,34560.0,1.33,,1,cam12/e1/v1,
full,03.CCTV Mobile Usage.mkv,632de9ed55947761d56d4c6142a3cb1a1fe69d0b1a6d0e01a2e404c697962623,dfine_sahi,133867.0,keyboard,0.3213,964.76,396.37,1097.91,474.92,10459.3,133.14,78.56,1.695,False,,True,R-desk,44,evt_S-61_upper_body_0022,f1a8113867df619c,lap_bag_context,no_pose_observation,34560.0,1.33,,1,cam12/e1/v1,
full,03.CCTV Mobile Usage.mkv,632de9ed55947761d56d4c6142a3cb1a1fe69d0b1a6d0e01a2e404c697962623,dfine_sahi,133867.0,mouse,0.2853,967.23,398.34,992.25,410.55,305.6,25.02,12.21,2.049,False,,True,R-desk,44,evt_S-61_upper_body_0022,f1a8113867df619c,lap_bag_context,no_pose_observation,34560.0,1.33,,1,cam12/e1/v1,
full,03.CCTV Mobile Usage.mkv,632de9ed55947761d56d4c6142a3cb1a1fe69d0b1a6d0e01a2e404c697962623,dfine_sahi,133867.0,phone,0.28,1052.47,411.34,1139.72,447.08,3118.8,87.26,35.74,2.441,False,,True,R-desk,44,evt_S-61_upper_body_0022,f1a8113867df619c,lap_bag_context,no_pose_observation,34560.0,1.33,,1,cam12/e1/v1,
full,03.CCTV Mobile Usage.mkv,632de9ed55947761d56d4c6142a3cb1a1fe69d0b1a6d0e01a2e404c697962623,dfine_sahi,133867.0,unknown_object,0.2663,880.69,411.34,969.88,505.62,8408.1,89.19,94.27,0.946,False,,True,R-desk,44,evt_S-61_upper_body_0022,f1a8113867df619c,lap_bag_context,no_pose_observation,34560.0,1.33,,1,cam12/e1/v1,
full,03.CCTV Mobile Usage.mkv,632de9ed55947761d56d4c6142a3cb1a1fe69d0b1a6d0e01a2e404c697962623,dfine_sahi,133867.0,keyboard,0.9044,961.99,451.95,1067.93,491.43,4182.1,105.94,39.48,2.684,False,,True,R-desk,41,evt_S-61_upper_body_0022,f1a8113867df619c,lap_bag_context,no_pose_observation,34560.0,1.33,,1,cam12/e1/v1,
full,03.CCTV Mobile Usage.mkv,632de9ed55947761d56d4c6142a3cb1a1fe69d0b1a6d0e01a2e404c697962623,dfine_sahi,133867.0,phone,0.6998,1043.35,421.84,1112.52,473.82,3595.8,69.17,51.98,1.331,False,,True,R-desk,41,evt_S-61_upper_body_0022,f1a8113867df619c,lap_bag_context,no_pose_observation,34560.0,1.33,,1,cam12/e1/v1,
full,03.CCTV Mobile Usage.mkv,632de9ed55947761d56d4c6142a3cb1a1fe69d0b1a6d0e01a2e404c697962623,dfine_sahi,133867.0,monitor_or_bezel,0.6753,910.19,411.13,1141.61,506.43,22056.0,231.42,95.31,2.428,False,,True,R-desk,41,evt_S-61_upper_body_0022,f1a8113867df619c,lap_bag_context,no_pose_observation,34560.0,1.33,,1,cam12/e1/v1,
full,03.CCTV Mobile Usage.mkv,632de9ed55947761d56d4c6142a3cb1a1fe69d0b1a6d0e01a2e404c697962623,dfine_sahi,133867.0,keyboard,0.6381,962.74,452.34,1034.25,475.52,1657.6,71.5,23.18,3.085,False,,True,R-desk,41,evt_S-61_upper_body_0022,f1a8113867df619c,lap_bag_context,no_pose_observation,34560.0,1.33,,1,cam12/e1/v1,
full,03.CCTV Mobile Usage.mkv,632de9ed55947761d56d4c6142a3cb1a1fe69d0b1a6d0e01a2e404c697962623,dfine_sahi,133867.0,monitor_or_bezel,0.636,707.93,379.9,969.53,474.86,24842.5,261.59,94.97,2.755,False,,True,R-desk,41,evt_S-61_upper_body_0022,f1a8113867df619c,lap_bag_context,no_pose_observation,34560.0,1.33,,1,cam12/e1/v1,
full,03.CCTV Mobile Usage.mkv,632de9ed55947761d56d4c6142a3cb1a1fe69d0b1a6d0e01a2e404c697962623,dfine_sahi,133867.0,monitor_or_bezel,0.6332,1018.89,395.72,1145.92,447.9,6628.2,127.03,52.18,2.434,False,,True,R-desk,41,evt_S-61_upper_body_0022,f1a8113867df619c,lap_bag_context,no_pose_observation,34560.0,1.33,,1,cam12/e1/v1,
full,03.CCTV Mobile Usage.mkv,632de9ed55947761d56d4c6142a3cb1a1fe69d0b1a6d0e01a2e404c697962623,dfine_sahi,133867.0,unknown_object,0.6261,699.93,411.18,871.38,506.4,16325.4,171.44,95.22,1.8,False,,True,R-desk,41,evt_S-61_upper_body_0022,f1a8113867df619c,lap_bag_context,no_pose_observation,34560.0,1.33,,1,cam12/e1/v1,
full,03.CCTV Mobile Usage.mkv,632de9ed55947761d56d4c6142a3cb1a1fe69d0b1a6d0e01a2e404c697962623,dfine_sahi,133867.0,keyboard,0.6106,772.4,380.22,870.8,420.48,3962.3,98.4,40.27,2.444,False,,True,R-desk,41,evt_S-61_upper_body_0022,f1a8113867df619c,lap_bag_context,no_pose_observation,34560.0,1.33,,1,cam12/e1/v1,
full,03.CCTV Mobile Usage.mkv,632de9ed55947761d56d4c6142a3cb1a1fe69d0b1a6d0e01a2e404c697962623,dfine_sahi,133867.0,mouse,0.5946,864.88,413.57,891.5,435.51,584.1,26.62,21.94,1.213,False,,True,R-desk,41,evt_S-61_upper_body_0022,f1a8113867df619c,lap_bag_context,no_pose_observation,34560.0,1.33,,1,cam12/e1/v1,
full,03.CCTV Mobile Usage.mkv,632de9ed55947761d56d4c6142a3cb1a1fe69d0b1a6d0e01a2e404c697962623,dfine_sahi,133867.0,monitor_or_bezel,0.579,963.11,380.65,1152.82,474.93,17886.6,189.71,94.28,2.012,False,,True,R-desk,41,evt_S-61_upper_body_0022,f1a8113867df619c,lap_bag_context,no_pose_observation,34560.0,1.33,,1,cam12/e1/v1,
full,03.CCTV Mobile Usage.mkv,632de9ed55947761d56d4c6142a3cb1a1fe69d0b1a6d0e01a2e404c697962623,dfine_sahi,133867.0,keyboard,0.4778,910.02,411.21,1092.02,506.31,17308.4,182.01,95.1,1.914,False,,True,R-desk,41,evt_S-61_upper_body_0022,f1a8113867df619c,lap_bag_context,no_pose_observation,34560.0,1.33,,1,cam12/e1/v1,
full,03.CCTV Mobile Usage.mkv,632de9ed55947761d56d4c6142a3cb1a1fe69d0b1a6d0e01a2e404c697962623,dfine_sahi,133867.0,unknown_object,0.466,699.99,396.12,768.71,491.73,6570.3,68.72,95.61,0.719,False,,True,R-desk,41,evt_S-61_upper_body_0022,f1a8113867df619c,lap_bag_context,no_pose_observation,34560.0,1.33,,1,cam12/e1/v1,
full,03.CCTV Mobile Usage.mkv,632de9ed55947761d56d4c6142a3cb1a1fe69d0b1a6d0e01a2e404c697962623,dfine_sahi,133867.0,unknown_object,0.4309,768.12,410.98,969.86,505.91,19152.1,201.74,94.93,2.125,False,,True,R-desk,41,evt_S-61_upper_body_0022,f1a8113867df619c,lap_bag_context,no_pose_observation,34560.0,1.33,,1,cam12/e1/v1,
full,03.CCTV Mobile Usage.mkv,632de9ed55947761d56d4c6142a3cb1a1fe69d0b1a6d0e01a2e404c697962623,dfine_sahi,133867.0,keyboard,0.3318,801.99,396.23,870.68,420.82,1689.2,68.69,24.59,2.794,False,,True,R-desk,41,evt_S-61_upper_body_0022,f1a8113867df619c,lap_bag_context,no_pose_observation,34560.0,1.33,,1,cam12/e1/v1,
full,03.CCTV Mobile Usage.mkv,632de9ed55947761d56d4c6142a3cb1a1fe69d0b1a6d0e01a2e404c697962623,dfine_sahi,133867.0,keyboard,0.3213,964.76,396.37,1097.91,474.92,10459.3,133.14,78.56,1.695,False,,True,R-desk,41,evt_S-61_upper_body_0022,f1a8113867df619c,lap_bag_context,no_pose_observation,34560.0,1.33,,1,cam12/e1/v1,
full,03.CCTV Mobile Usage.mkv,632de9ed55947761d56d4c6142a3cb1a1fe69d0b1a6d0e01a2e404c697962623,dfine_sahi,133867.0,mouse,0.2853,967.23,398.34,992.25,410.55,305.6,25.02,12.21,2.049,False,,True,R-desk,41,evt_S-61_upper_body_0022,f1a8113867df619c,lap_bag_context,no_pose_observation,34560.0,1.33,,1,cam12/e1/v1,
full,03.CCTV Mobile Usage.mkv,632de9ed55947761d56d4c6142a3cb1a1fe69d0b1a6d0e01a2e404c697962623,dfine_sahi,133867.0,phone,0.28,1052.47,411.34,1139.72,447.08,3118.8,87.26,35.74,2.441,False,,True,R-desk,41,evt_S-61_upper_body_0022,f1a8113867df619c,lap_bag_context,no_pose_observation,34560.0,1.33,,1,cam12/e1/v1,
full,03.CCTV Mobile Usage.mkv,632de9ed55947761d56d4c6142a3cb1a1fe69d0b1a6d0e01a2e404c697962623,dfine_sahi,133867.0,unknown_object,0.2663,880.69,411.34,969.88,505.62,8408.1,89.19,94.27,0.946,False,,True,R-desk,41,evt_S-61_upper_body_0022,f1a8113867df619c,lap_bag_context,no_pose_observation,34560.0,1.33,,1,cam12/e1/v1,
full,03.CCTV Mobile Usage.mkv,632de9ed55947761d56d4c6142a3cb1a1fe69d0b1a6d0e01a2e404c697962623,dfine_sahi,134367.0,unknown_object,0.646,141.87,482.23,210.93,584.6,7070.1,69.06,102.37,0.675,False,,True,S-61,38,evt_S-61_upper_body_0022,103b9bf0aa15242b,pose_hand_context,,43355.6,3.07,,1,cam12/e1/v1,rtmpose_baseline
full,03.CCTV Mobile Usage.mkv,632de9ed55947761d56d4c6142a3cb1a1fe69d0b1a6d0e01a2e404c697962623,dfine_sahi,134367.0,unknown_object,0.5599,94.04,391.48,301.8,598.0,42909.3,207.76,206.53,1.006,False,,True,S-61,38,evt_S-61_upper_body_0022,103b9bf0aa15242b,pose_hand_context,,43355.6,3.07,,1,cam12/e1/v1,rtmpose_baseline
full,03.CCTV Mobile Usage.mkv,632de9ed55947761d56d4c6142a3cb1a1fe69d0b1a6d0e01a2e404c697962623,dfine_sahi,134367.0,unknown_object,0.4338,93.98,498.65,217.46,598.26,12299.7,123.48,99.61,1.24,False,,True,S-61,38,evt_S-61_upper_body_0022,103b9bf0aa15242b,pose_hand_context,,43355.6,3.07,,1,cam12/e1/v1,rtmpose_baseline
full,03.CCTV Mobile Usage.mkv,632de9ed55947761d56d4c6142a3cb1a1fe69d0b1a6d0e01a2e404c697962623,dfine_sahi,134367.0,unknown_object,0.3863,114.86,434.6,176.24,480.83,2837.6,61.38,46.23,1.328,False,,True,S-61,38,evt_S-61_upper_body_0022,103b9bf0aa15242b,pose_hand_context,,43355.6,3.07,,1,cam12/e1/v1,rtmpose_baseline
full,03.CCTV Mobile Usage.mkv,632de9ed55947761d56d4c6142a3cb1a1fe69d0b1a6d0e01a2e404c697962623,dfine_sahi,134367.0,unknown_object,0.3771,94.0,433.76,210.98,507.53,8630.2,116.99,73.77,1.586,False,,True,S-61,38,evt_S-61_upper_body_0022,103b9bf0aa15242b,pose_hand_context,,43355.6,3.07,,1,cam12/e1/v1,rtmpose_baseline
full,03.CCTV Mobile Usage.mkv,632de9ed55947761d56d4c6142a3cb1a1fe69d0b1a6d0e01a2e404c697962623,dfine_sahi,134367.0,unknown_object,0.3482,94.11,391.22,190.08,480.42,8561.3,95.97,89.2,1.076,False,,True,S-61,38,evt_S-61_upper_body_0022,103b9bf0aa15242b,pose_hand_context,,43355.6,3.07,,1,cam12/e1/v1,rtmpose_baseline
full,03.CCTV Mobile Usage.mkv,632de9ed55947761d56d4c6142a3cb1a1fe69d0b1a6d0e01a2e404c697962623,dfine_sahi,134367.0,unknown_object,0.3288,185.02,482.09,301.92,598.67,13628.2,116.9,116.58,1.003,False,,True,S-61,38,evt_S-61_upper_body_0022,103b9bf0aa15242b,pose_hand_context,,43355.6,3.07,,1,cam12/e1/v1,rtmpose_baseline
full,03.CCTV Mobile Usage.mkv,632de9ed55947761d56d4c6142a3cb1a1fe69d0b1a6d0e01a2e404c697962623,dfine_sahi,134367.0,unknown_object,0.3068,154.93,518.85,193.18,546.68,1064.5,38.25,27.83,1.374,False,,True,S-61,38,evt_S-61_upper_body_0022,103b9bf0aa15242b,pose_hand_context,,43355.6,3.07,,1,cam12/e1/v1,rtmpose_baseline
full,03.CCTV Mobile Usage.mkv,632de9ed55947761d56d4c6142a3cb1a1fe69d0b1a6d0e01a2e404c697962623,dfine_sahi,134367.0,unknown_object,0.2969,94.01,482.08,121.21,504.18,601.0,27.2,22.1,1.231,False,,True,S-61,38,evt_S-61_upper_body_0022,103b9bf0aa15242b,pose_hand_context,,43355.6,3.07,,1,cam12/e1/v1,rtmpose_baseline
full,03.CCTV Mobile Usage.mkv,632de9ed55947761d56d4c6142a3cb1a1fe69d0b1a6d0e01a2e404c697962623,dfine_sahi,134367.0,unknown_object,0.2833,203.95,561.94,301.81,598.58,3585.2,97.85,36.64,2.671,False,,True,S-61,38,evt_S-61_upper_body_0022,103b9bf0aa15242b,pose_hand_context,,43355.6,3.07,,1,cam12/e1/v1,rtmpose_baseline
full,03.CCTV Mobile Usage.mkv,632de9ed55947761d56d4c6142a3cb1a1fe69d0b1a6d0e01a2e404c697962623,dfine_sahi,134367.0,unknown_object,0.2759,142.26,482.1,210.89,526.91,3075.2,68.63,44.81,1.532,False,,True,S-61,38,evt_S-61_upper_body_0022,103b9bf0aa15242b,pose_hand_context,,43355.6,3.07,,1,cam12/e1/v1,rtmpose_baseline
full,03.CCTV Mobile Usage.mkv,632de9ed55947761d56d4c6142a3cb1a1fe69d0b1a6d0e01a2e404c697962623,dfine_sahi,134367.0,keyboard,0.9179,961.86,451.97,1067.85,491.45,4184.8,105.99,39.48,2.685,False,,True,R-desk,41,evt_S-61_upper_body_0022,ed71cc11a2e541df,lap_bag_context,no_pose_observation,34560.0,1.33,,1,cam12/e1/v1,
full,03.CCTV Mobile Usage.mkv,632de9ed55947761d56d4c6142a3cb1a1fe69d0b1a6d0e01a2e404c697962623,dfine_sahi,134367.0,phone,0.6986,1043.43,421.62,1112.78,473.76,3616.2,69.36,52.14,1.33,False,,True,R-desk,41,evt_S-61_upper_body_0022,ed71cc11a2e541df,lap_bag_context,no_pose_observation,34560.0,1.33,,1,cam12/e1/v1,
full,03.CCTV Mobile Usage.mkv,632de9ed55947761d56d4c6142a3cb1a1fe69d0b1a6d0e01a2e404c697962623,dfine_sahi,134367.0,monitor_or_bezel,0.6923,1019.06,395.63,1145.74,447.86,6616.0,126.68,52.23,2.425,False,,True,R-desk,41,evt_S-61_upper_body_0022,ed71cc11a2e541df,lap_bag_context,no_pose_observation,34560.0,1.33,,1,cam12/e1/v1,
full,03.CCTV Mobile Usage.mkv,632de9ed55947761d56d4c6142a3cb1a1fe69d0b1a6d0e01a2e404c697962623,dfine_sahi,134367.0,unknown_object,0.6817,699.9,396.16,847.76,491.99,14170.1,147.86,95.83,1.543,False,,True,R-desk,41,evt_S-61_upper_body_0022,ed71cc11a2e541df,lap_bag_context,no_pose_observation,34560.0,1.33,,1,cam12/e1/v1,
full,03.CCTV Mobile Usage.mkv,632de9ed55947761d56d4c6142a3cb1a1fe69d0b1a6d0e01a2e404c697962623,dfine_sahi,134367.0,monitor_or_bezel,0.6554,910.24,411.13,1141.31,506.4,22013.9,231.07,95.27,2.425,False,,True,R-desk,41,evt_S-61_upper_body_0022,ed71cc11a2e541df,lap_bag_context,no_pose_observation,34560.0,1.33,,1,cam12/e1/v1,
full,03.CCTV Mobile Usage.mkv,632de9ed55947761d56d4c6142a3cb1a1fe69d0b1a6d0e01a2e404c697962623,dfine_sahi,134367.0,mouse,0.625,864.68,413.76,892.26,435.07,587.6,27.57,21.31,1.294,False,,True,R-desk,41,evt_S-61_upper_body_0022,ed71cc11a2e541df,lap_bag_context,no_pose_observation,34560.0,1.33,,1,cam12/e1/v1,
full,03.CCTV Mobile Usage.mkv,632de9ed55947761d56d4c6142a3cb1a1fe69d0b1a6d0e01a2e404c697962623,dfine_sahi,134367.0,keyboard,0.6041,962.57,452.43,1034.24,475.55,1657.0,71.68,23.12,3.1,False,,True,R-desk,41,evt_S-61_upper_body_0022,ed71cc11a2e541df,lap_bag_context,no_pose_observation,34560.0,1.33,,1,cam12/e1/v1,
full,03.CCTV Mobile Usage.mkv,632de9ed55947761d56d4c6142a3cb1a1fe69d0b1a6d0e01a2e404c697962623,dfine_sahi,134367.0,keyboard,0.597,772.36,380.19,870.84,420.45,3964.0,98.48,40.25,2.447,False,,True,R-desk,41,evt_S-61_upper_body_0022,ed71cc11a2e541df,lap_bag_context,no_pose_observation,34560.0,1.33,,1,cam12/e1/v1,
full,03.CCTV Mobile Usage.mkv,632de9ed55947761d56d4c6142a3cb1a1fe69d0b1a6d0e01a2e404c697962623,dfine_sahi,134367.0,monitor_or_bezel,0.5809,707.13,379.9,969.59,474.87,24927.3,262.46,94.98,2.763,False,,True,R-desk,41,evt_S-61_upper_body_0022,ed71cc11a2e541df,lap_bag_context,no_pose_observation,34560.0,1.33,,1,cam12/e1/v1,
full,03.CCTV Mobile Usage.mkv,632de9ed55947761d56d4c6142a3cb1a1fe69d0b1a6d0e01a2e404c697962623,dfine_sahi,134367.0,monitor_or_bezel,0.58,961.81,380.42,1152.74,474.98,18053.1,190.93,94.55,2.019,False,,True,R-desk,41,evt_S-61_upper_body_0022,ed71cc11a2e541df,lap_bag_context,no_pose_observation,34560.0,1.33,,1,cam12/e1/v1,
full,03.CCTV Mobile Usage.mkv,632de9ed55947761d56d4c6142a3cb1a1fe69d0b1a6d0e01a2e404c697962623,dfine_sahi,134367.0,keyboard,0.5132,801.89,396.22,870.98,420.79,1697.5,69.08,24.57,2.812,False,,True,R-desk,41,evt_S-61_upper_body_0022,ed71cc11a2e541df,lap_bag_context,no_pose_observation,34560.0,1.33,,1,cam12/e1/v1,
full,03.CCTV Mobile Usage.mkv,632de9ed55947761d56d4c6142a3cb1a1fe69d0b1a6d0e01a2e404c697962623,dfine_sahi,134367.0,unknown_object,0.4484,700.07,396.15,760.92,491.38,5795.4,60.86,95.23,0.639,False,,True,R-desk,41,evt_S-61_upper_body_0022,ed71cc11a2e541df,lap_bag_context,no_pose_observation,34560.0,1.33,,1,cam12/e1/v1,
full,03.CCTV Mobile Usage.mkv,632de9ed55947761d56d4c6142a3cb1a1fe69d0b1a6d0e01a2e404c697962623,dfine_sahi,134367.0,unknown_object,0.4219,767.0,410.99,969.84,505.94,19258.4,202.83,94.95,2.136,False,,True,R-desk,41,evt_S-61_upper_body_0022,ed71cc11a2e541df,lap_bag_context,no_pose_observation,34560.0,1.33,,1,cam12/e1/v1,
full,03.CCTV Mobile Usage.mkv,632de9ed55947761d56d4c6142a3cb1a1fe69d0b1a6d0e01a2e404c697962623,dfine_sahi,134367.0,mouse,0.387,967.09,398.41,992.19,410.57,305.0,25.1,12.15,2.065,False,,True,R-desk,41,evt_S-61_upper_body_0022,ed71cc11a2e541df,lap_bag_context,no_pose_observation,34560.0,1.33,,1,cam12/e1/v1,
full,03.CCTV Mobile Usage.mkv,632de9ed55947761d56d4c6142a3cb1a1fe69d0b1a6d0e01a2e404c697962623,dfine_sahi,134367.0,keyboard,0.3383,910.06,411.33,1092.18,506.29,17293.4,182.12,94.96,1.918,False,,True,R-desk,41,evt_S-61_upper_body_0022,ed71cc11a2e541df,lap_bag_context,no_pose_observation,34560.0,1.33,,1,cam12/e1/v1,
full,03.CCTV Mobile Usage.mkv,632de9ed55947761d56d4c6142a3cb1a1fe69d0b1a6d0e01a2e404c697962623,dfine_sahi,134367.0,mouse,0.3167,991.5,400.94,1028.41,413.63,468.2,36.91,12.69,2.91,False,,True,R-desk,41,evt_S-61_upper_body_0022,ed71cc11a2e541df,lap_bag_context,no_pose_observation,34560.0,1.33,,1,cam12/e1/v1,
full,03.CCTV Mobile Usage.mkv,632de9ed55947761d56d4c6142a3cb1a1fe69d0b1a6d0e01a2e404c697962623,dfine_sahi,134367.0,stationery,0.3035,774.55,459.68,836.21,489.6,1845.0,61.66,29.92,2.06,False,,True,R-desk,41,evt_S-61_upper_body_0022,ed71cc11a2e541df,lap_bag_context,no_pose_observation,34560.0,1.33,,1,cam12/e1/v1,
full,03.CCTV Mobile Usage.mkv,632de9ed55947761d56d4c6142a3cb1a1fe69d0b1a6d0e01a2e404c697962623,dfine_sahi,134367.0,unknown_object,0.2867,881.93,411.16,969.82,453.45,3717.1,87.89,42.29,2.078,False,,True,R-desk,41,evt_S-61_upper_body_0022,ed71cc11a2e541df,lap_bag_context,no_pose_observation,34560.0,1.33,,1,cam12/e1/v1,
full,03.CCTV Mobile Usage.mkv,632de9ed55947761d56d4c6142a3cb1a1fe69d0b1a6d0e01a2e404c697962623,dfine_sahi,134367.0,monitor_or_bezel,0.2866,881.43,396.17,948.82,452.68,3808.0,67.39,56.51,1.192,False,,True,R-desk,41,evt_S-61_upper_body_0022,ed71cc11a2e541df,lap_bag_context,no_pose_observation,34560.0,1.33,,1,cam12/e1/v1,
full,03.CCTV Mobile Usage.mkv,632de9ed55947761d56d4c6142a3cb1a1fe69d0b1a6d0e01a2e404c697962623,dfine_sahi,134367.0,unknown_object,0.2712,880.13,411.53,969.89,505.6,8443.5,89.76,94.06,0.954,False,,True,R-desk,41,evt_S-61_upper_body_0022,ed71cc11a2e541df,lap_bag_context,no_pose_observation,34560.0,1.33,,1,cam12/e1/v1,
full,03.CCTV Mobile Usage.mkv,632de9ed55947761d56d4c6142a3cb1a1fe69d0b1a6d0e01a2e404c697962623,dfine_sahi,134367.0,keyboard,0.2579,964.73,397.25,1096.3,474.91,10216.6,131.57,77.65,1.694,False,,True,R-desk,41,evt_S-61_upper_body_0022,ed71cc11a2e541df,lap_bag_context,no_pose_observation,34560.0,1.33,,1,cam12/e1/v1,
full,03.CCTV Mobile Usage.mkv,632de9ed55947761d56d4c6142a3cb1a1fe69d0b1a6d0e01a2e404c697962623,dfine_sahi,134367.0,keyboard,0.9179,961.86,451.97,1067.85,491.45,4184.8,105.99,39.48,2.685,False,,True,R-desk,44,evt_S-61_upper_body_0022,ed71cc11a2e541df,lap_bag_context,no_pose_observation,34560.0,1.33,,1,cam12/e1/v1,
full,03.CCTV Mobile Usage.mkv,632de9ed55947761d56d4c6142a3cb1a1fe69d0b1a6d0e01a2e404c697962623,dfine_sahi,134367.0,phone,0.6986,1043.43,421.62,1112.78,473.76,3616.2,69.36,52.14,1.33,False,,True,R-desk,44,evt_S-61_upper_body_0022,ed71cc11a2e541df,lap_bag_context,no_pose_observation,34560.0,1.33,,1,cam12/e1/v1,
full,03.CCTV Mobile Usage.mkv,632de9ed55947761d56d4c6142a3cb1a1fe69d0b1a6d0e01a2e404c697962623,dfine_sahi,134367.0,monitor_or_bezel,0.6923,1019.06,395.63,1145.74,447.86,6616.0,126.68,52.23,2.425,False,,True,R-desk,44,evt_S-61_upper_body_0022,ed71cc11a2e541df,lap_bag_context,no_pose_observation,34560.0,1.33,,1,cam12/e1/v1,
full,03.CCTV Mobile Usage.mkv,632de9ed55947761d56d4c6142a3cb1a1fe69d0b1a6d0e01a2e404c697962623,dfine_sahi,134367.0,unknown_object,0.6817,699.9,396.16,847.76,491.99,14170.1,147.86,95.83,1.543,False,,True,R-desk,44,evt_S-61_upper_body_0022,ed71cc11a2e541df,lap_bag_context,no_pose_observation,34560.0,1.33,,1,cam12/e1/v1,
full,03.CCTV Mobile Usage.mkv,632de9ed55947761d56d4c6142a3cb1a1fe69d0b1a6d0e01a2e404c697962623,dfine_sahi,134367.0,monitor_or_bezel,0.6554,910.24,411.13,1141.31,506.4,22013.9,231.07,95.27,2.425,False,,True,R-desk,44,evt_S-61_upper_body_0022,ed71cc11a2e541df,lap_bag_context,no_pose_observation,34560.0,1.33,,1,cam12/e1/v1,
full,03.CCTV Mobile Usage.mkv,632de9ed55947761d56d4c6142a3cb1a1fe69d0b1a6d0e01a2e404c697962623,dfine_sahi,134367.0,mouse,0.625,864.68,413.76,892.26,435.07,587.6,27.57,21.31,1.294,False,,True,R-desk,44,evt_S-61_upper_body_0022,ed71cc11a2e541df,lap_bag_context,no_pose_observation,34560.0,1.33,,1,cam12/e1/v1,
full,03.CCTV Mobile Usage.mkv,632de9ed55947761d56d4c6142a3cb1a1fe69d0b1a6d0e01a2e404c697962623,dfine_sahi,134367.0,keyboard,0.6041,962.57,452.43,1034.24,475.55,1657.0,71.68,23.12,3.1,False,,True,R-desk,44,evt_S-61_upper_body_0022,ed71cc11a2e541df,lap_bag_context,no_pose_observation,34560.0,1.33,,1,cam12/e1/v1,
full,03.CCTV Mobile Usage.mkv,632de9ed55947761d56d4c6142a3cb1a1fe69d0b1a6d0e01a2e404c697962623,dfine_sahi,134367.0,keyboard,0.597,772.36,380.19,870.84,420.45,3964.0,98.48,40.25,2.447,False,,True,R-desk,44,evt_S-61_upper_body_0022,ed71cc11a2e541df,lap_bag_context,no_pose_observation,34560.0,1.33,,1,cam12/e1/v1,
full,03.CCTV Mobile Usage.mkv,632de9ed55947761d56d4c6142a3cb1a1fe69d0b1a6d0e01a2e404c697962623,dfine_sahi,134367.0,monitor_or_bezel,0.5809,707.13,379.9,969.59,474.87,24927.3,262.46,94.98,2.763,False,,True,R-desk,44,evt_S-61_upper_body_0022,ed71cc11a2e541df,lap_bag_context,no_pose_observation,34560.0,1.33,,1,cam12/e1/v1,
full,03.CCTV Mobile Usage.mkv,632de9ed55947761d56d4c6142a3cb1a1fe69d0b1a6d0e01a2e404c697962623,dfine_sahi,134367.0,monitor_or_bezel,0.58,961.81,380.42,1152.74,474.98,18053.1,190.93,94.55,2.019,False,,True,R-desk,44,evt_S-61_upper_body_0022,ed71cc11a2e541df,lap_bag_context,no_pose_observation,34560.0,1.33,,1,cam12/e1/v1,
full,03.CCTV Mobile Usage.mkv,632de9ed55947761d56d4c6142a3cb1a1fe69d0b1a6d0e01a2e404c697962623,dfine_sahi,134367.0,keyboard,0.5132,801.89,396.22,870.98,420.79,1697.5,69.08,24.57,2.812,False,,True,R-desk,44,evt_S-61_upper_body_0022,ed71cc11a2e541df,lap_bag_context,no_pose_observation,34560.0,1.33,,1,cam12/e1/v1,
full,03.CCTV Mobile Usage.mkv,632de9ed55947761d56d4c6142a3cb1a1fe69d0b1a6d0e01a2e404c697962623,dfine_sahi,134367.0,unknown_object,0.4484,700.07,396.15,760.92,491.38,5795.4,60.86,95.23,0.639,False,,True,R-desk,44,evt_S-61_upper_body_0022,ed71cc11a2e541df,lap_bag_context,no_pose_observation,34560.0,1.33,,1,cam12/e1/v1,
full,03.CCTV Mobile Usage.mkv,632de9ed55947761d56d4c6142a3cb1a1fe69d0b1a6d0e01a2e404c697962623,dfine_sahi,134367.0,unknown_object,0.4219,767.0,410.99,969.84,505.94,19258.4,202.83,94.95,2.136,False,,True,R-desk,44,evt_S-61_upper_body_0022,ed71cc11a2e541df,lap_bag_context,no_pose_observation,34560.0,1.33,,1,cam12/e1/v1,
full,03.CCTV Mobile Usage.mkv,632de9ed55947761d56d4c6142a3cb1a1fe69d0b1a6d0e01a2e404c697962623,dfine_sahi,134367.0,mouse,0.387,967.09,398.41,992.19,410.57,305.0,25.1,12.15,2.065,False,,True,R-desk,44,evt_S-61_upper_body_0022,ed71cc11a2e541df,lap_bag_context,no_pose_observation,34560.0,1.33,,1,cam12/e1/v1,
full,03.CCTV Mobile Usage.mkv,632de9ed55947761d56d4c6142a3cb1a1fe69d0b1a6d0e01a2e404c697962623,dfine_sahi,134367.0,keyboard,0.3383,910.06,411.33,1092.18,506.29,17293.4,182.12,94.96,1.918,False,,True,R-desk,44,evt_S-61_upper_body_0022,ed71cc11a2e541df,lap_bag_context,no_pose_observation,34560.0,1.33,,1,cam12/e1/v1,
full,03.CCTV Mobile Usage.mkv,632de9ed55947761d56d4c6142a3cb1a1fe69d0b1a6d0e01a2e404c697962623,dfine_sahi,134367.0,mouse,0.3167,991.5,400.94,1028.41,413.63,468.2,36.91,12.69,2.91,False,,True,R-desk,44,evt_S-61_upper_body_0022,ed71cc11a2e541df,lap_bag_context,no_pose_observation,34560.0,1.33,,1,cam12/e1/v1,
full,03.CCTV Mobile Usage.mkv,632de9ed55947761d56d4c6142a3cb1a1fe69d0b1a6d0e01a2e404c697962623,dfine_sahi,134367.0,stationery,0.3035,774.55,459.68,836.21,489.6,1845.0,61.66,29.92,2.06,False,,True,R-desk,44,evt_S-61_upper_body_0022,ed71cc11a2e541df,lap_bag_context,no_pose_observation,34560.0,1.33,,1,cam12/e1/v1,
full,03.CCTV Mobile Usage.mkv,632de9ed55947761d56d4c6142a3cb1a1fe69d0b1a6d0e01a2e404c697962623,dfine_sahi,134367.0,unknown_object,0.2867,881.93,411.16,969.82,453.45,3717.1,87.89,42.29,2.078,False,,True,R-desk,44,evt_S-61_upper_body_0022,ed71cc11a2e541df,lap_bag_context,no_pose_observation,34560.0,1.33,,1,cam12/e1/v1,
full,03.CCTV Mobile Usage.mkv,632de9ed55947761d56d4c6142a3cb1a1fe69d0b1a6d0e01a2e404c697962623,dfine_sahi,134367.0,monitor_or_bezel,0.2866,881.43,396.17,948.82,452.68,3808.0,67.39,56.51,1.192,False,,True,R-desk,44,evt_S-61_upper_body_0022,ed71cc11a2e541df,lap_bag_context,no_pose_observation,34560.0,1.33,,1,cam12/e1/v1,
full,03.CCTV Mobile Usage.mkv,632de9ed55947761d56d4c6142a3cb1a1fe69d0b1a6d0e01a2e404c697962623,dfine_sahi,134367.0,unknown_object,0.2712,880.13,411.53,969.89,505.6,8443.5,89.76,94.06,0.954,False,,True,R-desk,44,evt_S-61_upper_body_0022,ed71cc11a2e541df,lap_bag_context,no_pose_observation,34560.0,1.33,,1,cam12/e1/v1,
full,03.CCTV Mobile Usage.mkv,632de9ed55947761d56d4c6142a3cb1a1fe69d0b1a6d0e01a2e404c697962623,dfine_sahi,134367.0,keyboard,0.2579,964.73,397.25,1096.3,474.91,10216.6,131.57,77.65,1.694,False,,True,R-desk,44,evt_S-61_upper_body_0022,ed71cc11a2e541df,lap_bag_context,no_pose_observation,34560.0,1.33,,1,cam12/e1/v1,
full,03.CCTV Mobile Usage.mkv,632de9ed55947761d56d4c6142a3cb1a1fe69d0b1a6d0e01a2e404c697962623,dfine_sahi,134867.0,keyboard,0.9174,961.88,451.96,1067.85,491.45,4184.4,105.97,39.49,2.684,False,,True,R-desk,41,evt_S-61_upper_body_0022,0e31788d13d3d0fd,lap_bag_context,no_pose_observation,34560.0,1.33,,1,cam12/e1/v1,
full,03.CCTV Mobile Usage.mkv,632de9ed55947761d56d4c6142a3cb1a1fe69d0b1a6d0e01a2e404c697962623,dfine_sahi,134867.0,phone,0.699,1043.43,421.63,1112.76,473.76,3614.2,69.32,52.13,1.33,False,,True,R-desk,41,evt_S-61_upper_body_0022,0e31788d13d3d0fd,lap_bag_context,no_pose_observation,34560.0,1.33,,1,cam12/e1/v1,
full,03.CCTV Mobile Usage.mkv,632de9ed55947761d56d4c6142a3cb1a1fe69d0b1a6d0e01a2e404c697962623,dfine_sahi,134867.0,monitor_or_bezel,0.6908,1019.05,395.65,1145.72,447.85,6612.1,126.66,52.2,2.426,False,,True,R-desk,41,evt_S-61_upper_body_0022,0e31788d13d3d0fd,lap_bag_context,no_pose_observation,34560.0,1.33,,1,cam12/e1/v1,
full,03.CCTV Mobile Usage.mkv,632de9ed55947761d56d4c6142a3cb1a1fe69d0b1a6d0e01a2e404c697962623,dfine_sahi,134867.0,unknown_object,0.6808,699.9,396.16,847.81,492.0,14174.8,147.9,95.84,1.543,False,,True,R-desk,41,evt_S-61_upper_body_0022,0e31788d13d3d0fd,lap_bag_context,no_pose_observation,34560.0,1.33,,1,cam12/e1/v1,
full,03.CCTV Mobile Usage.mkv,632de9ed55947761d56d4c6142a3cb1a1fe69d0b1a6d0e01a2e404c697962623,dfine_sahi,134867.0,monitor_or_bezel,0.6545,910.24,411.12,1141.26,506.4,22010.2,231.02,95.27,2.425,False,,True,R-desk,41,evt_S-61_upper_body_0022,0e31788d13d3d0fd,lap_bag_context,no_pose_observation,34560.0,1.33,,1,cam12/e1/v1,
full,03.CCTV Mobile Usage.mkv,632de9ed55947761d56d4c6142a3cb1a1fe69d0b1a6d0e01a2e404c697962623,dfine_sahi,134867.0,mouse,0.6242,864.69,413.62,891.33,435.7,588.4,26.65,22.08,1.207,False,,True,R-desk,41,evt_S-61_upper_body_0022,0e31788d13d3d0fd,lap_bag_context,no_pose_observation,34560.0,1.33,,1,cam12/e1/v1,
full,03.CCTV Mobile Usage.mkv,632de9ed55947761d56d4c6142a3cb1a1fe69d0b1a6d0e01a2e404c697962623,dfine_sahi,134867.0,keyboard,0.6037,962.64,452.43,1034.25,475.54,1654.8,71.61,23.11,3.099,False,,True,R-desk,41,evt_S-61_upper_body_0022,0e31788d13d3d0fd,lap_bag_context,no_pose_observation,34560.0,1.33,,1,cam12/e1/v1,
full,03.CCTV Mobile Usage.mkv,632de9ed55947761d56d4c6142a3cb1a1fe69d0b1a6d0e01a2e404c697962623,dfine_sahi,134867.0,keyboard,0.5954,772.29,380.19,870.86,420.45,3968.4,98.57,40.26,2.448,False,,True,R-desk,41,evt_S-61_upper_body_0022,0e31788d13d3d0fd,lap_bag_context,no_pose_observation,34560.0,1.33,,1,cam12/e1/v1,
full,03.CCTV Mobile Usage.mkv,632de9ed55947761d56d4c6142a3cb1a1fe69d0b1a6d0e01a2e404c697962623,dfine_sahi,134867.0,monitor_or_bezel,0.5921,962.24,380.44,1152.75,474.98,18010.3,190.51,94.54,2.015,False,,True,R-desk,41,evt_S-61_upper_body_0022,0e31788d13d3d0fd,lap_bag_context,no_pose_observation,34560.0,1.33,,1,cam12/e1/v1,
full,03.CCTV Mobile Usage.mkv,632de9ed55947761d56d4c6142a3cb1a1fe69d0b1a6d0e01a2e404c697962623,dfine_sahi,134867.0,monitor_or_bezel,0.5642,707.29,379.89,969.57,474.88,24913.5,262.28,94.99,2.761,False,,True,R-desk,41,evt_S-61_upper_body_0022,0e31788d13d3d0fd,lap_bag_context,no_pose_observation,34560.0,1.33,,1,cam12/e1/v1,
full,03.CCTV Mobile Usage.mkv,632de9ed55947761d56d4c6142a3cb1a1fe69d0b1a6d0e01a2e404c697962623,dfine_sahi,134867.0,keyboard,0.5124,801.89,396.22,870.98,420.8,1697.7,69.09,24.57,2.812,False,,True,R-desk,41,evt_S-61_upper_body_0022,0e31788d13d3d0fd,lap_bag_context,no_pose_observation,34560.0,1.33,,1,cam12/e1/v1,
full,03.CCTV Mobile Usage.mkv,632de9ed55947761d56d4c6142a3cb1a1fe69d0b1a6d0e01a2e404c697962623,dfine_sahi,134867.0,unknown_object,0.4467,700.07,396.15,760.76,491.37,5778.5,60.68,95.22,0.637,False,,True,R-desk,41,evt_S-61_upper_body_0022,0e31788d13d3d0fd,lap_bag_context,no_pose_observation,34560.0,1.33,,1,cam12/e1/v1,
full,03.CCTV Mobile Usage.mkv,632de9ed55947761d56d4c6142a3cb1a1fe69d0b1a6d0e01a2e404c697962623,dfine_sahi,134867.0,unknown_object,0.4208,767.02,411.0,969.83,505.94,19255.1,202.81,94.94,2.136,False,,True,R-desk,41,evt_S-61_upper_body_0022,0e31788d13d3d0fd,lap_bag_context,no_pose_observation,34560.0,1.33,,1,cam12/e1/v1,
full,03.CCTV Mobile Usage.mkv,632de9ed55947761d56d4c6142a3cb1a1fe69d0b1a6d0e01a2e404c697962623,dfine_sahi,134867.0,mouse,0.3854,967.09,398.41,992.18,410.57,305.0,25.1,12.15,2.065,False,,True,R-desk,41,evt_S-61_upper_body_0022,0e31788d13d3d0fd,lap_bag_context,no_pose_observation,34560.0,1.33,,1,cam12/e1/v1,
full,03.CCTV Mobile Usage.mkv,632de9ed55947761d56d4c6142a3cb1a1fe69d0b1a6d0e01a2e404c697962623,dfine_sahi,134867.0,keyboard,0.3305,910.07,411.34,1092.24,506.29,17298.4,182.17,94.96,1.918,False,,True,R-desk,41,evt_S-61_upper_body_0022,0e31788d13d3d0fd,lap_bag_context,no_pose_observation,34560.0,1.33,,1,cam12/e1/v1,
full,03.CCTV Mobile Usage.mkv,632de9ed55947761d56d4c6142a3cb1a1fe69d0b1a6d0e01a2e404c697962623,dfine_sahi,134867.0,mouse,0.3164,991.5,400.95,1028.42,413.63,468.3,36.93,12.68,2.912,False,,True,R-desk,41,evt_S-61_upper_body_0022,0e31788d13d3d0fd,lap_bag_context,no_pose_observation,34560.0,1.33,,1,cam12/e1/v1,
full,03.CCTV Mobile Usage.mkv,632de9ed55947761d56d4c6142a3cb1a1fe69d0b1a6d0e01a2e404c697962623,dfine_sahi,134867.0,stationery,0.3026,774.55,459.68,836.2,489.6,1844.7,61.65,29.92,2.06,False,,True,R-desk,41,evt_S-61_upper_body_0022,0e31788d13d3d0fd,lap_bag_context,no_pose_observation,34560.0,1.33,,1,cam12/e1/v1,
full,03.CCTV Mobile Usage.mkv,632de9ed55947761d56d4c6142a3cb1a1fe69d0b1a6d0e01a2e404c697962623,dfine_sahi,134867.0,unknown_object,0.2867,881.93,411.16,969.82,453.45,3717.0,87.89,42.29,2.078,False,,True,R-desk,41,evt_S-61_upper_body_0022,0e31788d13d3d0fd,lap_bag_context,no_pose_observation,34560.0,1.33,,1,cam12/e1/v1,
full,03.CCTV Mobile Usage.mkv,632de9ed55947761d56d4c6142a3cb1a1fe69d0b1a6d0e01a2e404c697962623,dfine_sahi,134867.0,monitor_or_bezel,0.2864,881.43,396.17,948.82,452.68,3808.2,67.39,56.51,1.192,False,,True,R-desk,41,evt_S-61_upper_body_0022,0e31788d13d3d0fd,lap_bag_context,no_pose_observation,34560.0,1.33,,1,cam12/e1/v1,
full,03.CCTV Mobile Usage.mkv,632de9ed55947761d56d4c6142a3cb1a1fe69d0b1a6d0e01a2e404c697962623,dfine_sahi,134867.0,unknown_object,0.271,880.11,411.55,969.89,505.6,8444.5,89.78,94.05,0.955,False,,True,R-desk,41,evt_S-61_upper_body_0022,0e31788d13d3d0fd,lap_bag_context,no_pose_observation,34560.0,1.33,,1,cam12/e1/v1,
full,03.CCTV Mobile Usage.mkv,632de9ed55947761d56d4c6142a3cb1a1fe69d0b1a6d0e01a2e404c697962623,dfine_sahi,134867.0,keyboard,0.9174,961.88,451.96,1067.85,491.45,4184.4,105.97,39.49,2.684,False,,True,R-desk,44,evt_S-61_upper_body_0022,0e31788d13d3d0fd,lap_bag_context,no_pose_observation,34560.0,1.33,,1,cam12/e1/v1,
full,03.CCTV Mobile Usage.mkv,632de9ed55947761d56d4c6142a3cb1a1fe69d0b1a6d0e01a2e404c697962623,dfine_sahi,134867.0,phone,0.699,1043.43,421.63,1112.76,473.76,3614.2,69.32,52.13,1.33,False,,True,R-desk,44,evt_S-61_upper_body_0022,0e31788d13d3d0fd,lap_bag_context,no_pose_observation,34560.0,1.33,,1,cam12/e1/v1,
full,03.CCTV Mobile Usage.mkv,632de9ed55947761d56d4c6142a3cb1a1fe69d0b1a6d0e01a2e404c697962623,dfine_sahi,134867.0,monitor_or_bezel,0.6908,1019.05,395.65,1145.72,447.85,6612.1,126.66,52.2,2.426,False,,True,R-desk,44,evt_S-61_upper_body_0022,0e31788d13d3d0fd,lap_bag_context,no_pose_observation,34560.0,1.33,,1,cam12/e1/v1,
full,03.CCTV Mobile Usage.mkv,632de9ed55947761d56d4c6142a3cb1a1fe69d0b1a6d0e01a2e404c697962623,dfine_sahi,134867.0,unknown_object,0.6808,699.9,396.16,847.81,492.0,14174.8,147.9,95.84,1.543,False,,True,R-desk,44,evt_S-61_upper_body_0022,0e31788d13d3d0fd,lap_bag_context,no_pose_observation,34560.0,1.33,,1,cam12/e1/v1,
full,03.CCTV Mobile Usage.mkv,632de9ed55947761d56d4c6142a3cb1a1fe69d0b1a6d0e01a2e404c697962623,dfine_sahi,134867.0,monitor_or_bezel,0.6545,910.24,411.12,1141.26,506.4,22010.2,231.02,95.27,2.425,False,,True,R-desk,44,evt_S-61_upper_body_0022,0e31788d13d3d0fd,lap_bag_context,no_pose_observation,34560.0,1.33,,1,cam12/e1/v1,
full,03.CCTV Mobile Usage.mkv,632de9ed55947761d56d4c6142a3cb1a1fe69d0b1a6d0e01a2e404c697962623,dfine_sahi,134867.0,mouse,0.6242,864.69,413.62,891.33,435.7,588.4,26.65,22.08,1.207,False,,True,R-desk,44,evt_S-61_upper_body_0022,0e31788d13d3d0fd,lap_bag_context,no_pose_observation,34560.0,1.33,,1,cam12/e1/v1,
full,03.CCTV Mobile Usage.mkv,632de9ed55947761d56d4c6142a3cb1a1fe69d0b1a6d0e01a2e404c697962623,dfine_sahi,134867.0,keyboard,0.6037,962.64,452.43,1034.25,475.54,1654.8,71.61,23.11,3.099,False,,True,R-desk,44,evt_S-61_upper_body_0022,0e31788d13d3d0fd,lap_bag_context,no_pose_observation,34560.0,1.33,,1,cam12/e1/v1,
full,03.CCTV Mobile Usage.mkv,632de9ed55947761d56d4c6142a3cb1a1fe69d0b1a6d0e01a2e404c697962623,dfine_sahi,134867.0,keyboard,0.5954,772.29,380.19,870.86,420.45,3968.4,98.57,40.26,2.448,False,,True,R-desk,44,evt_S-61_upper_body_0022,0e31788d13d3d0fd,lap_bag_context,no_pose_observation,34560.0,1.33,,1,cam12/e1/v1,
full,03.CCTV Mobile Usage.mkv,632de9ed55947761d56d4c6142a3cb1a1fe69d0b1a6d0e01a2e404c697962623,dfine_sahi,134867.0,monitor_or_bezel,0.5921,962.24,380.44,1152.75,474.98,18010.3,190.51,94.54,2.015,False,,True,R-desk,44,evt_S-61_upper_body_0022,0e31788d13d3d0fd,lap_bag_context,no_pose_observation,34560.0,1.33,,1,cam12/e1/v1,
full,03.CCTV Mobile Usage.mkv,632de9ed55947761d56d4c6142a3cb1a1fe69d0b1a6d0e01a2e404c697962623,dfine_sahi,134867.0,monitor_or_bezel,0.5642,707.29,379.89,969.57,474.88,24913.5,262.28,94.99,2.761,False,,True,R-desk,44,evt_S-61_upper_body_0022,0e31788d13d3d0fd,lap_bag_context,no_pose_observation,34560.0,1.33,,1,cam12/e1/v1,
full,03.CCTV Mobile Usage.mkv,632de9ed55947761d56d4c6142a3cb1a1fe69d0b1a6d0e01a2e404c697962623,dfine_sahi,134867.0,keyboard,0.5124,801.89,396.22,870.98,420.8,1697.7,69.09,24.57,2.812,False,,True,R-desk,44,evt_S-61_upper_body_0022,0e31788d13d3d0fd,lap_bag_context,no_pose_observation,34560.0,1.33,,1,cam12/e1/v1,
full,03.CCTV Mobile Usage.mkv,632de9ed55947761d56d4c6142a3cb1a1fe69d0b1a6d0e01a2e404c697962623,dfine_sahi,134867.0,unknown_object,0.4467,700.07,396.15,760.76,491.37,5778.5,60.68,95.22,0.637,False,,True,R-desk,44,evt_S-61_upper_body_0022,0e31788d13d3d0fd,lap_bag_context,no_pose_observation,34560.0,1.33,,1,cam12/e1/v1,
full,03.CCTV Mobile Usage.mkv,632de9ed55947761d56d4c6142a3cb1a1fe69d0b1a6d0e01a2e404c697962623,dfine_sahi,134867.0,unknown_object,0.4208,767.02,411.0,969.83,505.94,19255.1,202.81,94.94,2.136,False,,True,R-desk,44,evt_S-61_upper_body_0022,0e31788d13d3d0fd,lap_bag_context,no_pose_observation,34560.0,1.33,,1,cam12/e1/v1,
full,03.CCTV Mobile Usage.mkv,632de9ed55947761d56d4c6142a3cb1a1fe69d0b1a6d0e01a2e404c697962623,dfine_sahi,134867.0,mouse,0.3854,967.09,398.41,992.18,410.57,305.0,25.1,12.15,2.065,False,,True,R-desk,44,evt_S-61_upper_body_0022,0e31788d13d3d0fd,lap_bag_context,no_pose_observation,34560.0,1.33,,1,cam12/e1/v1,
full,03.CCTV Mobile Usage.mkv,632de9ed55947761d56d4c6142a3cb1a1fe69d0b1a6d0e01a2e404c697962623,dfine_sahi,134867.0,keyboard,0.3305,910.07,411.34,1092.24,506.29,17298.4,182.17,94.96,1.918,False,,True,R-desk,44,evt_S-61_upper_body_0022,0e31788d13d3d0fd,lap_bag_context,no_pose_observation,34560.0,1.33,,1,cam12/e1/v1,
full,03.CCTV Mobile Usage.mkv,632de9ed55947761d56d4c6142a3cb1a1fe69d0b1a6d0e01a2e404c697962623,dfine_sahi,134867.0,mouse,0.3164,991.5,400.95,1028.42,413.63,468.3,36.93,12.68,2.912,False,,True,R-desk,44,evt_S-61_upper_body_0022,0e31788d13d3d0fd,lap_bag_context,no_pose_observation,34560.0,1.33,,1,cam12/e1/v1,
full,03.CCTV Mobile Usage.mkv,632de9ed55947761d56d4c6142a3cb1a1fe69d0b1a6d0e01a2e404c697962623,dfine_sahi,134867.0,stationery,0.3026,774.55,459.68,836.2,489.6,1844.7,61.65,29.92,2.06,False,,True,R-desk,44,evt_S-61_upper_body_0022,0e31788d13d3d0fd,lap_bag_context,no_pose_observation,34560.0,1.33,,1,cam12/e1/v1,
full,03.CCTV Mobile Usage.mkv,632de9ed55947761d56d4c6142a3cb1a1fe69d0b1a6d0e01a2e404c697962623,dfine_sahi,134867.0,unknown_object,0.2867,881.93,411.16,969.82,453.45,3717.0,87.89,42.29,2.078,False,,True,R-desk,44,evt_S-61_upper_body_0022,0e31788d13d3d0fd,lap_bag_context,no_pose_observation,34560.0,1.33,,1,cam12/e1/v1,
full,03.CCTV Mobile Usage.mkv,632de9ed55947761d56d4c6142a3cb1a1fe69d0b1a6d0e01a2e404c697962623,dfine_sahi,134867.0,monitor_or_bezel,0.2864,881.43,396.17,948.82,452.68,3808.2,67.39,56.51,1.192,False,,True,R-desk,44,evt_S-61_upper_body_0022,0e31788d13d3d0fd,lap_bag_context,no_pose_observation,34560.0,1.33,,1,cam12/e1/v1,
full,03.CCTV Mobile Usage.mkv,632de9ed55947761d56d4c6142a3cb1a1fe69d0b1a6d0e01a2e404c697962623,dfine_sahi,134867.0,unknown_object,0.271,880.11,411.55,969.89,505.6,8444.5,89.78,94.05,0.955,False,,True,R-desk,44,evt_S-61_upper_body_0022,0e31788d13d3d0fd,lap_bag_context,no_pose_observation,34560.0,1.33,,1,cam12/e1/v1,
full,03.CCTV Mobile Usage.mkv,632de9ed55947761d56d4c6142a3cb1a1fe69d0b1a6d0e01a2e404c697962623,dfine_sahi,134867.0,unknown_object,0.6052,218.03,423.28,324.91,529.5,11352.1,106.88,106.22,1.006,False,,True,S-61,38,evt_S-61_upper_body_0022,8716417f52686cc5,pose_hand_context,,36198.9,3.36,,1,cam12/e1/v1,rtmpose_baseline
full,03.CCTV Mobile Usage.mkv,632de9ed55947761d56d4c6142a3cb1a1fe69d0b1a6d0e01a2e404c697962623,dfine_sahi,134867.0,unknown_object,0.4785,218.0,506.22,324.95,612.49,11365.7,106.95,106.27,1.006,False,,True,S-61,38,evt_S-61_upper_body_0022,8716417f52686cc5,pose_hand_context,,36198.9,3.36,,1,cam12/e1/v1,rtmpose_baseline
full,03.CCTV Mobile Usage.mkv,632de9ed55947761d56d4c6142a3cb1a1fe69d0b1a6d0e01a2e404c697962623,dfine_sahi,134867.0,secondary_paper_chit,0.4432,133.99,486.44,176.81,521.19,1488.2,42.82,34.75,1.232,False,,True,S-61,38,evt_S-61_upper_body_0022,8716417f52686cc5,pose_hand_context,,36198.9,3.36,,1,cam12/e1/v1,rtmpose_baseline
full,03.CCTV Mobile Usage.mkv,632de9ed55947761d56d4c6142a3cb1a1fe69d0b1a6d0e01a2e404c697962623,dfine_sahi,134867.0,unknown_object,0.4112,134.0,423.43,203.07,529.2,7305.6,69.07,105.77,0.653,False,,True,S-61,38,evt_S-61_upper_body_0022,8716417f52686cc5,pose_hand_context,,36198.9,3.36,,1,cam12/e1/v1,rtmpose_baseline
full,03.CCTV Mobile Usage.mkv,632de9ed55947761d56d4c6142a3cb1a1fe69d0b1a6d0e01a2e404c697962623,dfine_sahi,134867.0,unknown_object,0.3964,133.91,423.75,324.87,611.22,35798.7,190.96,187.47,1.019,False,,True,S-61,38,evt_S-61_upper_body_0022,8716417f52686cc5,pose_hand_context,,36198.9,3.36,,1,cam12/e1/v1,rtmpose_baseline
full,03.CCTV Mobile Usage.mkv,632de9ed55947761d56d4c6142a3cb1a1fe69d0b1a6d0e01a2e404c697962623,dfine_sahi,134867.0,unknown_object,0.3851,133.98,506.14,240.94,612.59,11385.3,106.95,106.45,1.005,False,,True,S-61,38,evt_S-61_upper_body_0022,8716417f52686cc5,pose_hand_context,,36198.9,3.36,,1,cam12/e1/v1,rtmpose_baseline
full,03.CCTV Mobile Usage.mkv,632de9ed55947761d56d4c6142a3cb1a1fe69d0b1a6d0e01a2e404c697962623,dfine_sahi,134867.0,secondary_paper_chit,0.3541,133.99,424.04,200.34,493.92,4636.9,66.36,69.88,0.95,False,,True,S-61,38,evt_S-61_upper_body_0022,8716417f52686cc5,pose_hand_context,,36198.9,3.36,,1,cam12/e1/v1,rtmpose_baseline
full,03.CCTV Mobile Usage.mkv,632de9ed55947761d56d4c6142a3cb1a1fe69d0b1a6d0e01a2e404c697962623,dfine_sahi,134867.0,unknown_object,0.2648,218.25,477.41,294.23,516.43,2965.0,75.98,39.02,1.947,False,,True,S-61,38,evt_S-61_upper_body_0022,8716417f52686cc5,pose_hand_context,,36198.9,3.36,,1,cam12/e1/v1,rtmpose_baseline
full,03.CCTV Mobile Usage.mkv,632de9ed55947761d56d4c6142a3cb1a1fe69d0b1a6d0e01a2e404c697962623,dfine_sahi,134867.0,stationery,0.2608,133.99,486.41,210.14,582.98,7355.1,76.16,96.58,0.789,False,,True,S-61,38,evt_S-61_upper_body_0022,8716417f52686cc5,pose_hand_context,,36198.9,3.36,,1,cam12/e1/v1,rtmpose_baseline
full,03.CCTV Mobile Usage.mkv,632de9ed55947761d56d4c6142a3cb1a1fe69d0b1a6d0e01a2e404c697962623,dfine_sahi,135367.0,keyboard,0.9177,961.88,451.96,1067.85,491.45,4184.3,105.97,39.49,2.684,False,,True,R-desk,41,evt_S-61_upper_body_0022,286993f5c282d889,lap_bag_context,no_pose_observation,34560.0,1.33,,1,cam12/e1/v1,
full,03.CCTV Mobile Usage.mkv,632de9ed55947761d56d4c6142a3cb1a1fe69d0b1a6d0e01a2e404c697962623,dfine_sahi,135367.0,phone,0.699,1043.43,421.63,1112.76,473.76,3614.2,69.32,52.13,1.33,False,,True,R-desk,41,evt_S-61_upper_body_0022,286993f5c282d889,lap_bag_context,no_pose_observation,34560.0,1.33,,1,cam12/e1/v1,
full,03.CCTV Mobile Usage.mkv,632de9ed55947761d56d4c6142a3cb1a1fe69d0b1a6d0e01a2e404c697962623,dfine_sahi,135367.0,monitor_or_bezel,0.6925,1019.06,395.64,1145.74,447.85,6613.6,126.68,52.21,2.426,False,,True,R-desk,41,evt_S-61_upper_body_0022,286993f5c282d889,lap_bag_context,no_pose_observation,34560.0,1.33,,1,cam12/e1/v1,
full,03.CCTV Mobile Usage.mkv,632de9ed55947761d56d4c6142a3cb1a1fe69d0b1a6d0e01a2e404c697962623,dfine_sahi,135367.0,unknown_object,0.6812,699.9,396.16,847.81,492.0,14175.0,147.91,95.84,1.543,False,,True,R-desk,41,evt_S-61_upper_body_0022,286993f5c282d889,lap_bag_context,no_pose_observation,34560.0,1.33,,1,cam12/e1/v1,
full,03.CCTV Mobile Usage.mkv,632de9ed55947761d56d4c6142a3cb1a1fe69d0b1a6d0e01a2e404c697962623,dfine_sahi,135367.0,monitor_or_bezel,0.6545,910.24,411.12,1141.26,506.4,22010.2,231.02,95.27,2.425,False,,True,R-desk,41,evt_S-61_upper_body_0022,286993f5c282d889,lap_bag_context,no_pose_observation,34560.0,1.33,,1,cam12/e1/v1,
full,03.CCTV Mobile Usage.mkv,632de9ed55947761d56d4c6142a3cb1a1fe69d0b1a6d0e01a2e404c697962623,dfine_sahi,135367.0,mouse,0.6239,864.68,413.76,892.26,435.07,587.8,27.58,21.31,1.294,False,,True,R-desk,41,evt_S-61_upper_body_0022,286993f5c282d889,lap_bag_context,no_pose_observation,34560.0,1.33,,1,cam12/e1/v1,
full,03.CCTV Mobile Usage.mkv,632de9ed55947761d56d4c6142a3cb1a1fe69d0b1a6d0e01a2e404c697962623,dfine_sahi,135367.0,keyboard,0.6064,962.65,452.43,1034.23,475.54,1654.4,71.58,23.11,3.097,False,,True,R-desk,41,evt_S-61_upper_body_0022,286993f5c282d889,lap_bag_context,no_pose_observation,34560.0,1.33,,1,cam12/e1/v1,
full,03.CCTV Mobile Usage.mkv,632de9ed55947761d56d4c6142a3cb1a1fe69d0b1a6d0e01a2e404c697962623,dfine_sahi,135367.0,keyboard,0.5942,772.3,380.2,870.85,420.45,3967.4,98.55,40.26,2.448,False,,True,R-desk,41,evt_S-61_upper_body_0022,286993f5c282d889,lap_bag_context,no_pose_observation,34560.0,1.33,,1,cam12/e1/v1,
full,03.CCTV Mobile Usage.mkv,632de9ed55947761d56d4c6142a3cb1a1fe69d0b1a6d0e01a2e404c697962623,dfine_sahi,135367.0,monitor_or_bezel,0.5872,961.97,380.42,1152.73,474.97,18036.4,190.76,94.55,2.018,False,,True,R-desk,41,evt_S-61_upper_body_0022,286993f5c282d889,lap_bag_context,no_pose_observation,34560.0,1.33,,1,cam12/e1/v1,
full,03.CCTV Mobile Usage.mkv,632de9ed55947761d56d4c6142a3cb1a1fe69d0b1a6d0e01a2e404c697962623,dfine_sahi,135367.0,monitor_or_bezel,0.5718,707.25,379.89,969.58,474.88,24916.5,262.32,94.98,2.762,False,,True,R-desk,41,evt_S-61_upper_body_0022,286993f5c282d889,lap_bag_context,no_pose_observation,34560.0,1.33,,1,cam12/e1/v1,
full,03.CCTV Mobile Usage.mkv,632de9ed55947761d56d4c6142a3cb1a1fe69d0b1a6d0e01a2e404c697962623,dfine_sahi,135367.0,keyboard,0.5123,801.89,396.22,870.98,420.8,1697.6,69.09,24.57,2.812,False,,True,R-desk,41,evt_S-61_upper_body_0022,286993f5c282d889,lap_bag_context,no_pose_observation,34560.0,1.33,,1,cam12/e1/v1,
full,03.CCTV Mobile Usage.mkv,632de9ed55947761d56d4c6142a3cb1a1fe69d0b1a6d0e01a2e404c697962623,dfine_sahi,135367.0,unknown_object,0.446,700.08,396.15,760.71,491.37,5774.0,60.64,95.22,0.637,False,,True,R-desk,41,evt_S-61_upper_body_0022,286993f5c282d889,lap_bag_context,no_pose_observation,34560.0,1.33,,1,cam12/e1/v1,
full,03.CCTV Mobile Usage.mkv,632de9ed55947761d56d4c6142a3cb1a1fe69d0b1a6d0e01a2e404c697962623,dfine_sahi,135367.0,unknown_object,0.4208,767.02,411.0,969.83,505.94,19255.1,202.81,94.94,2.136,False,,True,R-desk,41,evt_S-61_upper_body_0022,286993f5c282d889,lap_bag_context,no_pose_observation,34560.0,1.33,,1,cam12/e1/v1,
full,03.CCTV Mobile Usage.mkv,632de9ed55947761d56d4c6142a3cb1a1fe69d0b1a6d0e01a2e404c697962623,dfine_sahi,135367.0,mouse,0.3865,967.09,398.42,992.18,410.57,305.0,25.09,12.15,2.065,False,,True,R-desk,41,evt_S-61_upper_body_0022,286993f5c282d889,lap_bag_context,no_pose_observation,34560.0,1.33,,1,cam12/e1/v1,
full,03.CCTV Mobile Usage.mkv,632de9ed55947761d56d4c6142a3cb1a1fe69d0b1a6d0e01a2e404c697962623,dfine_sahi,135367.0,keyboard,0.3305,910.07,411.34,1092.24,506.29,17298.4,182.17,94.96,1.918,False,,True,R-desk,41,evt_S-61_upper_body_0022,286993f5c282d889,lap_bag_context,no_pose_observation,34560.0,1.33,,1,cam12/e1/v1,
full,03.CCTV Mobile Usage.mkv,632de9ed55947761d56d4c6142a3cb1a1fe69d0b1a6d0e01a2e404c697962623,dfine_sahi,135367.0,mouse,0.3177,991.5,400.95,1028.41,413.63,468.1,36.92,12.68,2.911,False,,True,R-desk,41,evt_S-61_upper_body_0022,286993f5c282d889,lap_bag_context,no_pose_observation,34560.0,1.33,,1,cam12/e1/v1,
full,03.CCTV Mobile Usage.mkv,632de9ed55947761d56d4c6142a3cb1a1fe69d0b1a6d0e01a2e404c697962623,dfine_sahi,135367.0,stationery,0.3026,774.55,459.68,836.2,489.6,1844.7,61.65,29.92,2.06,False,,True,R-desk,41,evt_S-61_upper_body_0022,286993f5c282d889,lap_bag_context,no_pose_observation,34560.0,1.33,,1,cam12/e1/v1,
full,03.CCTV Mobile Usage.mkv,632de9ed55947761d56d4c6142a3cb1a1fe69d0b1a6d0e01a2e404c697962623,dfine_sahi,135367.0,monitor_or_bezel,0.2867,881.43,396.17,948.82,452.68,3808.2,67.39,56.51,1.192,False,,True,R-desk,41,evt_S-61_upper_body_0022,286993f5c282d889,lap_bag_context,no_pose_observation,34560.0,1.33,,1,cam12/e1/v1,
full,03.CCTV Mobile Usage.mkv,632de9ed55947761d56d4c6142a3cb1a1fe69d0b1a6d0e01a2e404c697962623,dfine_sahi,135367.0,unknown_object,0.2867,881.93,411.16,969.82,453.45,3717.0,87.89,42.29,2.078,False,,True,R-desk,41,evt_S-61_upper_body_0022,286993f5c282d889,lap_bag_context,no_pose_observation,34560.0,1.33,,1,cam12/e1/v1,
full,03.CCTV Mobile Usage.mkv,632de9ed55947761d56d4c6142a3cb1a1fe69d0b1a6d0e01a2e404c697962623,dfine_sahi,135367.0,unknown_object,0.271,880.11,411.55,969.89,505.6,8444.5,89.78,94.05,0.955,False,,True,R-desk,41,evt_S-61_upper_body_0022,286993f5c282d889,lap_bag_context,no_pose_observation,34560.0,1.33,,1,cam12/e1/v1,
full,03.CCTV Mobile Usage.mkv,632de9ed55947761d56d4c6142a3cb1a1fe69d0b1a6d0e01a2e404c697962623,dfine_sahi,135367.0,keyboard,0.2587,964.72,397.27,1096.22,474.91,10210.3,131.5,77.64,1.694,False,,True,R-desk,41,evt_S-61_upper_body_0022,286993f5c282d889,lap_bag_context,no_pose_observation,34560.0,1.33,,1,cam12/e1/v1,
full,03.CCTV Mobile Usage.mkv,632de9ed55947761d56d4c6142a3cb1a1fe69d0b1a6d0e01a2e404c697962623,dfine_sahi,135367.0,keyboard,0.9177,961.88,451.96,1067.85,491.45,4184.3,105.97,39.49,2.684,False,,True,R-desk,45,evt_S-61_upper_body_0022,286993f5c282d889,lap_bag_context,no_pose_observation,34560.0,1.33,,1,cam12/e1/v1,
full,03.CCTV Mobile Usage.mkv,632de9ed55947761d56d4c6142a3cb1a1fe69d0b1a6d0e01a2e404c697962623,dfine_sahi,135367.0,phone,0.699,1043.43,421.63,1112.76,473.76,3614.2,69.32,52.13,1.33,False,,True,R-desk,45,evt_S-61_upper_body_0022,286993f5c282d889,lap_bag_context,no_pose_observation,34560.0,1.33,,1,cam12/e1/v1,
full,03.CCTV Mobile Usage.mkv,632de9ed55947761d56d4c6142a3cb1a1fe69d0b1a6d0e01a2e404c697962623,dfine_sahi,135367.0,monitor_or_bezel,0.6925,1019.06,395.64,1145.74,447.85,6613.6,126.68,52.21,2.426,False,,True,R-desk,45,evt_S-61_upper_body_0022,286993f5c282d889,lap_bag_context,no_pose_observation,34560.0,1.33,,1,cam12/e1/v1,
full,03.CCTV Mobile Usage.mkv,632de9ed55947761d56d4c6142a3cb1a1fe69d0b1a6d0e01a2e404c697962623,dfine_sahi,135367.0,unknown_object,0.6812,699.9,396.16,847.81,492.0,14175.0,147.91,95.84,1.543,False,,True,R-desk,45,evt_S-61_upper_body_0022,286993f5c282d889,lap_bag_context,no_pose_observation,34560.0,1.33,,1,cam12/e1/v1,
full,03.CCTV Mobile Usage.mkv,632de9ed55947761d56d4c6142a3cb1a1fe69d0b1a6d0e01a2e404c697962623,dfine_sahi,135367.0,monitor_or_bezel,0.6545,910.24,411.12,1141.26,506.4,22010.2,231.02,95.27,2.425,False,,True,R-desk,45,evt_S-61_upper_body_0022,286993f5c282d889,lap_bag_context,no_pose_observation,34560.0,1.33,,1,cam12/e1/v1,
full,03.CCTV Mobile Usage.mkv,632de9ed55947761d56d4c6142a3cb1a1fe69d0b1a6d0e01a2e404c697962623,dfine_sahi,135367.0,mouse,0.6239,864.68,413.76,892.26,435.07,587.8,27.58,21.31,1.294,False,,True,R-desk,45,evt_S-61_upper_body_0022,286993f5c282d889,lap_bag_context,no_pose_observation,34560.0,1.33,,1,cam12/e1/v1,
full,03.CCTV Mobile Usage.mkv,632de9ed55947761d56d4c6142a3cb1a1fe69d0b1a6d0e01a2e404c697962623,dfine_sahi,135367.0,keyboard,0.6064,962.65,452.43,1034.23,475.54,1654.4,71.58,23.11,3.097,False,,True,R-desk,45,evt_S-61_upper_body_0022,286993f5c282d889,lap_bag_context,no_pose_observation,34560.0,1.33,,1,cam12/e1/v1,
full,03.CCTV Mobile Usage.mkv,632de9ed55947761d56d4c6142a3cb1a1fe69d0b1a6d0e01a2e404c697962623,dfine_sahi,135367.0,keyboard,0.5942,772.3,380.2,870.85,420.45,3967.4,98.55,40.26,2.448,False,,True,R-desk,45,evt_S-61_upper_body_0022,286993f5c282d889,lap_bag_context,no_pose_observation,34560.0,1.33,,1,cam12/e1/v1,
full,03.CCTV Mobile Usage.mkv,632de9ed55947761d56d4c6142a3cb1a1fe69d0b1a6d0e01a2e404c697962623,dfine_sahi,135367.0,monitor_or_bezel,0.5872,961.97,380.42,1152.73,474.97,18036.4,190.76,94.55,2.018,False,,True,R-desk,45,evt_S-61_upper_body_0022,286993f5c282d889,lap_bag_context,no_pose_observation,34560.0,1.33,,1,cam12/e1/v1,
full,03.CCTV Mobile Usage.mkv,632de9ed55947761d56d4c6142a3cb1a1fe69d0b1a6d0e01a2e404c697962623,dfine_sahi,135367.0,monitor_or_bezel,0.5718,707.25,379.89,969.58,474.88,24916.5,262.32,94.98,2.762,False,,True,R-desk,45,evt_S-61_upper_body_0022,286993f5c282d889,lap_bag_context,no_pose_observation,34560.0,1.33,,1,cam12/e1/v1,
full,03.CCTV Mobile Usage.mkv,632de9ed55947761d56d4c6142a3cb1a1fe69d0b1a6d0e01a2e404c697962623,dfine_sahi,135367.0,keyboard,0.5123,801.89,396.22,870.98,420.8,1697.6,69.09,24.57,2.812,False,,True,R-desk,45,evt_S-61_upper_body_0022,286993f5c282d889,lap_bag_context,no_pose_observation,34560.0,1.33,,1,cam12/e1/v1,
full,03.CCTV Mobile Usage.mkv,632de9ed55947761d56d4c6142a3cb1a1fe69d0b1a6d0e01a2e404c697962623,dfine_sahi,135367.0,unknown_object,0.446,700.08,396.15,760.71,491.37,5774.0,60.64,95.22,0.637,False,,True,R-desk,45,evt_S-61_upper_body_0022,286993f5c282d889,lap_bag_context,no_pose_observation,34560.0,1.33,,1,cam12/e1/v1,
full,03.CCTV Mobile Usage.mkv,632de9ed55947761d56d4c6142a3cb1a1fe69d0b1a6d0e01a2e404c697962623,dfine_sahi,135367.0,unknown_object,0.4208,767.02,411.0,969.83,505.94,19255.1,202.81,94.94,2.136,False,,True,R-desk,45,evt_S-61_upper_body_0022,286993f5c282d889,lap_bag_context,no_pose_observation,34560.0,1.33,,1,cam12/e1/v1,
full,03.CCTV Mobile Usage.mkv,632de9ed55947761d56d4c6142a3cb1a1fe69d0b1a6d0e01a2e404c697962623,dfine_sahi,135367.0,mouse,0.3865,967.09,398.42,992.18,410.57,305.0,25.09,12.15,2.065,False,,True,R-desk,45,evt_S-61_upper_body_0022,286993f5c282d889,lap_bag_context,no_pose_observation,34560.0,1.33,,1,cam12/e1/v1,
full,03.CCTV Mobile Usage.mkv,632de9ed55947761d56d4c6142a3cb1a1fe69d0b1a6d0e01a2e404c697962623,dfine_sahi,135367.0,keyboard,0.3305,910.07,411.34,1092.24,506.29,17298.4,182.17,94.96,1.918,False,,True,R-desk,45,evt_S-61_upper_body_0022,286993f5c282d889,lap_bag_context,no_pose_observation,34560.0,1.33,,1,cam12/e1/v1,
full,03.CCTV Mobile Usage.mkv,632de9ed55947761d56d4c6142a3cb1a1fe69d0b1a6d0e01a2e404c697962623,dfine_sahi,135367.0,mouse,0.3177,991.5,400.95,1028.41,413.63,468.1,36.92,12.68,2.911,False,,True,R-desk,45,evt_S-61_upper_body_0022,286993f5c282d889,lap_bag_context,no_pose_observation,34560.0,1.33,,1,cam12/e1/v1,
full,03.CCTV Mobile Usage.mkv,632de9ed55947761d56d4c6142a3cb1a1fe69d0b1a6d0e01a2e404c697962623,dfine_sahi,135367.0,stationery,0.3026,774.55,459.68,836.2,489.6,1844.7,61.65,29.92,2.06,False,,True,R-desk,45,evt_S-61_upper_body_0022,286993f5c282d889,lap_bag_context,no_pose_observation,34560.0,1.33,,1,cam12/e1/v1,
full,03.CCTV Mobile Usage.mkv,632de9ed55947761d56d4c6142a3cb1a1fe69d0b1a6d0e01a2e404c697962623,dfine_sahi,135367.0,monitor_or_bezel,0.2867,881.43,396.17,948.82,452.68,3808.2,67.39,56.51,1.192,False,,True,R-desk,45,evt_S-61_upper_body_0022,286993f5c282d889,lap_bag_context,no_pose_observation,34560.0,1.33,,1,cam12/e1/v1,
full,03.CCTV Mobile Usage.mkv,632de9ed55947761d56d4c6142a3cb1a1fe69d0b1a6d0e01a2e404c697962623,dfine_sahi,135367.0,unknown_object,0.2867,881.93,411.16,969.82,453.45,3717.0,87.89,42.29,2.078,False,,True,R-desk,45,evt_S-61_upper_body_0022,286993f5c282d889,lap_bag_context,no_pose_observation,34560.0,1.33,,1,cam12/e1/v1,
full,03.CCTV Mobile Usage.mkv,632de9ed55947761d56d4c6142a3cb1a1fe69d0b1a6d0e01a2e404c697962623,dfine_sahi,135367.0,unknown_object,0.271,880.11,411.55,969.89,505.6,8444.5,89.78,94.05,0.955,False,,True,R-desk,45,evt_S-61_upper_body_0022,286993f5c282d889,lap_bag_context,no_pose_observation,34560.0,1.33,,1,cam12/e1/v1,
full,03.CCTV Mobile Usage.mkv,632de9ed55947761d56d4c6142a3cb1a1fe69d0b1a6d0e01a2e404c697962623,dfine_sahi,135367.0,keyboard,0.2587,964.72,397.27,1096.22,474.91,10210.3,131.5,77.64,1.694,False,,True,R-desk,45,evt_S-61_upper_body_0022,286993f5c282d889,lap_bag_context,no_pose_observation,34560.0,1.33,,1,cam12/e1/v1,
full,03.CCTV Mobile Usage.mkv,632de9ed55947761d56d4c6142a3cb1a1fe69d0b1a6d0e01a2e404c697962623,dfine_sahi,135367.0,keyboard,0.9177,961.88,451.96,1067.85,491.45,4184.3,105.97,39.49,2.684,False,,True,R-desk,44,evt_S-61_upper_body_0022,286993f5c282d889,lap_bag_context,no_pose_observation,34560.0,1.33,,1,cam12/e1/v1,
full,03.CCTV Mobile Usage.mkv,632de9ed55947761d56d4c6142a3cb1a1fe69d0b1a6d0e01a2e404c697962623,dfine_sahi,135367.0,phone,0.699,1043.43,421.63,1112.76,473.76,3614.2,69.32,52.13,1.33,False,,True,R-desk,44,evt_S-61_upper_body_0022,286993f5c282d889,lap_bag_context,no_pose_observation,34560.0,1.33,,1,cam12/e1/v1,
full,03.CCTV Mobile Usage.mkv,632de9ed55947761d56d4c6142a3cb1a1fe69d0b1a6d0e01a2e404c697962623,dfine_sahi,135367.0,monitor_or_bezel,0.6925,1019.06,395.64,1145.74,447.85,6613.6,126.68,52.21,2.426,False,,True,R-desk,44,evt_S-61_upper_body_0022,286993f5c282d889,lap_bag_context,no_pose_observation,34560.0,1.33,,1,cam12/e1/v1,
full,03.CCTV Mobile Usage.mkv,632de9ed55947761d56d4c6142a3cb1a1fe69d0b1a6d0e01a2e404c697962623,dfine_sahi,135367.0,unknown_object,0.6812,699.9,396.16,847.81,492.0,14175.0,147.91,95.84,1.543,False,,True,R-desk,44,evt_S-61_upper_body_0022,286993f5c282d889,lap_bag_context,no_pose_observation,34560.0,1.33,,1,cam12/e1/v1,
full,03.CCTV Mobile Usage.mkv,632de9ed55947761d56d4c6142a3cb1a1fe69d0b1a6d0e01a2e404c697962623,dfine_sahi,135367.0,monitor_or_bezel,0.6545,910.24,411.12,1141.26,506.4,22010.2,231.02,95.27,2.425,False,,True,R-desk,44,evt_S-61_upper_body_0022,286993f5c282d889,lap_bag_context,no_pose_observation,34560.0,1.33,,1,cam12/e1/v1,
full,03.CCTV Mobile Usage.mkv,632de9ed55947761d56d4c6142a3cb1a1fe69d0b1a6d0e01a2e404c697962623,dfine_sahi,135367.0,mouse,0.6239,864.68,413.76,892.26,435.07,587.8,27.58,21.31,1.294,False,,True,R-desk,44,evt_S-61_upper_body_0022,286993f5c282d889,lap_bag_context,no_pose_observation,34560.0,1.33,,1,cam12/e1/v1,
full,03.CCTV Mobile Usage.mkv,632de9ed55947761d56d4c6142a3cb1a1fe69d0b1a6d0e01a2e404c697962623,dfine_sahi,135367.0,keyboard,0.6064,962.65,452.43,1034.23,475.54,1654.4,71.58,23.11,3.097,False,,True,R-desk,44,evt_S-61_upper_body_0022,286993f5c282d889,lap_bag_context,no_pose_observation,34560.0,1.33,,1,cam12/e1/v1,
full,03.CCTV Mobile Usage.mkv,632de9ed55947761d56d4c6142a3cb1a1fe69d0b1a6d0e01a2e404c697962623,dfine_sahi,135367.0,keyboard,0.5942,772.3,380.2,870.85,420.45,3967.4,98.55,40.26,2.448,False,,True,R-desk,44,evt_S-61_upper_body_0022,286993f5c282d889,lap_bag_context,no_pose_observation,34560.0,1.33,,1,cam12/e1/v1,
full,03.CCTV Mobile Usage.mkv,632de9ed55947761d56d4c6142a3cb1a1fe69d0b1a6d0e01a2e404c697962623,dfine_sahi,135367.0,monitor_or_bezel,0.5872,961.97,380.42,1152.73,474.97,18036.4,190.76,94.55,2.018,False,,True,R-desk,44,evt_S-61_upper_body_0022,286993f5c282d889,lap_bag_context,no_pose_observation,34560.0,1.33,,1,cam12/e1/v1,
full,03.CCTV Mobile Usage.mkv,632de9ed55947761d56d4c6142a3cb1a1fe69d0b1a6d0e01a2e404c697962623,dfine_sahi,135367.0,monitor_or_bezel,0.5718,707.25,379.89,969.58,474.88,24916.5,262.32,94.98,2.762,False,,True,R-desk,44,evt_S-61_upper_body_0022,286993f5c282d889,lap_bag_context,no_pose_observation,34560.0,1.33,,1,cam12/e1/v1,
full,03.CCTV Mobile Usage.mkv,632de9ed55947761d56d4c6142a3cb1a1fe69d0b1a6d0e01a2e404c697962623,dfine_sahi,135367.0,keyboard,0.5123,801.89,396.22,870.98,420.8,1697.6,69.09,24.57,2.812,False,,True,R-desk,44,evt_S-61_upper_body_0022,286993f5c282d889,lap_bag_context,no_pose_observation,34560.0,1.33,,1,cam12/e1/v1,
full,03.CCTV Mobile Usage.mkv,632de9ed55947761d56d4c6142a3cb1a1fe69d0b1a6d0e01a2e404c697962623,dfine_sahi,135367.0,unknown_object,0.446,700.08,396.15,760.71,491.37,5774.0,60.64,95.22,0.637,False,,True,R-desk,44,evt_S-61_upper_body_0022,286993f5c282d889,lap_bag_context,no_pose_observation,34560.0,1.33,,1,cam12/e1/v1,
full,03.CCTV Mobile Usage.mkv,632de9ed55947761d56d4c6142a3cb1a1fe69d0b1a6d0e01a2e404c697962623,dfine_sahi,135367.0,unknown_object,0.4208,767.02,411.0,969.83,505.94,19255.1,202.81,94.94,2.136,False,,True,R-desk,44,evt_S-61_upper_body_0022,286993f5c282d889,lap_bag_context,no_pose_observation,34560.0,1.33,,1,cam12/e1/v1,
full,03.CCTV Mobile Usage.mkv,632de9ed55947761d56d4c6142a3cb1a1fe69d0b1a6d0e01a2e404c697962623,dfine_sahi,135367.0,mouse,0.3865,967.09,398.42,992.18,410.57,305.0,25.09,12.15,2.065,False,,True,R-desk,44,evt_S-61_upper_body_0022,286993f5c282d889,lap_bag_context,no_pose_observation,34560.0,1.33,,1,cam12/e1/v1,
full,03.CCTV Mobile Usage.mkv,632de9ed55947761d56d4c6142a3cb1a1fe69d0b1a6d0e01a2e404c697962623,dfine_sahi,135367.0,keyboard,0.3305,910.07,411.34,1092.24,506.29,17298.4,182.17,94.96,1.918,False,,True,R-desk,44,evt_S-61_upper_body_0022,286993f5c282d889,lap_bag_context,no_pose_observation,34560.0,1.33,,1,cam12/e1/v1,
full,03.CCTV Mobile Usage.mkv,632de9ed55947761d56d4c6142a3cb1a1fe69d0b1a6d0e01a2e404c697962623,dfine_sahi,135367.0,mouse,0.3177,991.5,400.95,1028.41,413.63,468.1,36.92,12.68,2.911,False,,True,R-desk,44,evt_S-61_upper_body_0022,286993f5c282d889,lap_bag_context,no_pose_observation,34560.0,1.33,,1,cam12/e1/v1,
full,03.CCTV Mobile Usage.mkv,632de9ed55947761d56d4c6142a3cb1a1fe69d0b1a6d0e01a2e404c697962623,dfine_sahi,135367.0,stationery,0.3026,774.55,459.68,836.2,489.6,1844.7,61.65,29.92,2.06,False,,True,R-desk,44,evt_S-61_upper_body_0022,286993f5c282d889,lap_bag_context,no_pose_observation,34560.0,1.33,,1,cam12/e1/v1,
full,03.CCTV Mobile Usage.mkv,632de9ed55947761d56d4c6142a3cb1a1fe69d0b1a6d0e01a2e404c697962623,dfine_sahi,135367.0,monitor_or_bezel,0.2867,881.43,396.17,948.82,452.68,3808.2,67.39,56.51,1.192,False,,True,R-desk,44,evt_S-61_upper_body_0022,286993f5c282d889,lap_bag_context,no_pose_observation,34560.0,1.33,,1,cam12/e1/v1,
full,03.CCTV Mobile Usage.mkv,632de9ed55947761d56d4c6142a3cb1a1fe69d0b1a6d0e01a2e404c697962623,dfine_sahi,135367.0,unknown_object,0.2867,881.93,411.16,969.82,453.45,3717.0,87.89,42.29,2.078,False,,True,R-desk,44,evt_S-61_upper_body_0022,286993f5c282d889,lap_bag_context,no_pose_observation,34560.0,1.33,,1,cam12/e1/v1,
full,03.CCTV Mobile Usage.mkv,632de9ed55947761d56d4c6142a3cb1a1fe69d0b1a6d0e01a2e404c697962623,dfine_sahi,135367.0,unknown_object,0.271,880.11,411.55,969.89,505.6,8444.5,89.78,94.05,0.955,False,,True,R-desk,44,evt_S-61_upper_body_0022,286993f5c282d889,lap_bag_context,no_pose_observation,34560.0,1.33,,1,cam12/e1/v1,
full,03.CCTV Mobile Usage.mkv,632de9ed55947761d56d4c6142a3cb1a1fe69d0b1a6d0e01a2e404c697962623,dfine_sahi,135367.0,keyboard,0.2587,964.72,397.27,1096.22,474.91,10210.3,131.5,77.64,1.694,False,,True,R-desk,44,evt_S-61_upper_body_0022,286993f5c282d889,lap_bag_context,no_pose_observation,34560.0,1.33,,1,cam12/e1/v1,
full,03.CCTV Mobile Usage.mkv,632de9ed55947761d56d4c6142a3cb1a1fe69d0b1a6d0e01a2e404c697962623,dfine_sahi,135367.0,unknown_object,0.6941,130.88,467.05,176.37,523.03,2546.2,45.48,55.98,0.812,False,,True,S-61,38,evt_S-61_upper_body_0022,ab1f63dc1a99315b,pose_hand_context,,30012.1,3.69,,1,cam12/e1/v1,rtmpose_baseline
full,03.CCTV Mobile Usage.mkv,632de9ed55947761d56d4c6142a3cb1a1fe69d0b1a6d0e01a2e404c697962623,dfine_sahi,135367.0,unknown_object,0.4923,131.06,464.02,245.31,631.07,19086.0,114.26,167.05,0.684,False,,True,S-61,38,evt_S-61_upper_body_0022,ab1f63dc1a99315b,pose_hand_context,,30012.1,3.69,,1,cam12/e1/v1,rtmpose_baseline
full,03.CCTV Mobile Usage.mkv,632de9ed55947761d56d4c6142a3cb1a1fe69d0b1a6d0e01a2e404c697962623,dfine_sahi,135367.0,unknown_object,0.455,206.88,459.11,304.05,556.63,9475.8,97.17,97.51,0.997,False,,True,S-61,38,evt_S-61_upper_body_0022,ab1f63dc1a99315b,pose_hand_context,,30012.1,3.69,,1,cam12/e1/v1,rtmpose_baseline
full,03.CCTV Mobile Usage.mkv,632de9ed55947761d56d4c6142a3cb1a1fe69d0b1a6d0e01a2e404c697962623,dfine_sahi,135367.0,secondary_paper_chit,0.4088,130.93,466.59,188.12,530.26,3641.2,57.19,63.67,0.898,False,,True,S-61,38,evt_S-61_upper_body_0022,ab1f63dc1a99315b,pose_hand_context,,30012.1,3.69,,1,cam12/e1/v1,rtmpose_baseline
full,03.CCTV Mobile Usage.mkv,632de9ed55947761d56d4c6142a3cb1a1fe69d0b1a6d0e01a2e404c697962623,dfine_sahi,135367.0,unknown_object,0.3992,142.67,601.76,161.11,617.53,290.8,18.43,15.77,1.169,False,,True,S-61,38,evt_S-61_upper_body_0022,ab1f63dc1a99315b,pose_hand_context,,30012.1,3.69,,1,cam12/e1/v1,rtmpose_baseline
full,03.CCTV Mobile Usage.mkv,632de9ed55947761d56d4c6142a3cb1a1fe69d0b1a6d0e01a2e404c697962623,dfine_sahi,135367.0,unknown_object,0.3944,207.12,518.59,303.94,556.76,3695.6,96.82,38.17,2.537,False,,True,S-61,38,evt_S-61_upper_body_0022,ab1f63dc1a99315b,pose_hand_context,,30012.1,3.69,,1,cam12/e1/v1,rtmpose_baseline
full,03.CCTV Mobile Usage.mkv,632de9ed55947761d56d4c6142a3cb1a1fe69d0b1a6d0e01a2e404c697962623,dfine_sahi,135367.0,unknown_object,0.3692,207.06,560.41,303.72,631.65,6886.6,96.66,71.24,1.357,False,,True,S-61,38,evt_S-61_upper_body_0022,ab1f63dc1a99315b,pose_hand_context,,30012.1,3.69,,1,cam12/e1/v1,rtmpose_baseline
full,03.CCTV Mobile Usage.mkv,632de9ed55947761d56d4c6142a3cb1a1fe69d0b1a6d0e01a2e404c697962623,dfine_sahi,135367.0,unknown_object,0.2749,135.53,591.28,196.62,622.35,1898.4,61.09,31.08,1.966,False,,True,S-61,38,evt_S-61_upper_body_0022,ab1f63dc1a99315b,pose_hand_context,,30012.1,3.69,,1,cam12/e1/v1,rtmpose_baseline
full,03.CCTV Mobile Usage.mkv,632de9ed55947761d56d4c6142a3cb1a1fe69d0b1a6d0e01a2e404c697962623,dfine_sahi,135583.0,unknown_object,0.5995,140.17,528.16,235.9,623.41,9117.4,95.73,95.24,1.005,False,,True,S-61,38,evt_S-61_desk_work_surface_0007,a63530a8077c6717,pose_hand_context,,24983.0,4.05,,1,cam12/e1/v1,rtmpose_baseline
full,03.CCTV Mobile Usage.mkv,632de9ed55947761d56d4c6142a3cb1a1fe69d0b1a6d0e01a2e404c697962623,dfine_sahi,135583.0,unknown_object,0.5843,287.35,504.84,304.97,534.26,518.3,17.62,29.42,0.599,False,,True,S-61,38,evt_S-61_desk_work_surface_0007,a63530a8077c6717,pose_hand_context,,24983.0,4.05,,1,cam12/e1/v1,rtmpose_baseline
full,03.CCTV Mobile Usage.mkv,632de9ed55947761d56d4c6142a3cb1a1fe69d0b1a6d0e01a2e404c697962623,dfine_sahi,135583.0,unknown_object,0.5519,144.0,463.38,301.86,620.18,24753.8,157.86,156.81,1.007,False,,True,S-61,38,evt_S-61_desk_work_surface_0007,a63530a8077c6717,pose_hand_context,,24983.0,4.05,,1,cam12/e1/v1,rtmpose_baseline
full,03.CCTV Mobile Usage.mkv,632de9ed55947761d56d4c6142a3cb1a1fe69d0b1a6d0e01a2e404c697962623,dfine_sahi,135583.0,unknown_object,0.5003,140.0,462.21,176.9,521.91,2203.1,36.9,59.7,0.618,False,,True,S-61,38,evt_S-61_desk_work_surface_0007,a63530a8077c6717,pose_hand_context,,24983.0,4.05,,1,cam12/e1/v1,rtmpose_baseline
full,03.CCTV Mobile Usage.mkv,632de9ed55947761d56d4c6142a3cb1a1fe69d0b1a6d0e01a2e404c697962623,dfine_sahi,135583.0,secondary_paper_chit,0.4707,144.01,467.59,176.94,522.42,1805.2,32.93,54.83,0.601,False,,True,S-61,38,evt_S-61_desk_work_surface_0007,a63530a8077c6717,pose_hand_context,,24983.0,4.05,,1,cam12/e1/v1,rtmpose_baseline
full,03.CCTV Mobile Usage.mkv,632de9ed55947761d56d4c6142a3cb1a1fe69d0b1a6d0e01a2e404c697962623,dfine_sahi,135583.0,unknown_object,0.342,279.11,478.97,304.93,514.74,923.3,25.82,35.77,0.722,False,,True,S-61,38,evt_S-61_desk_work_surface_0007,a63530a8077c6717,pose_hand_context,,24983.0,4.05,,1,cam12/e1/v1,rtmpose_baseline
full,03.CCTV Mobile Usage.mkv,632de9ed55947761d56d4c6142a3cb1a1fe69d0b1a6d0e01a2e404c697962623,dfine_sahi,135583.0,unknown_object,0.3206,209.32,565.33,279.73,623.64,4105.9,70.41,58.31,1.208,False,,True,S-61,38,evt_S-61_desk_work_surface_0007,a63530a8077c6717,pose_hand_context,,24983.0,4.05,,1,cam12/e1/v1,rtmpose_baseline
full,03.CCTV Mobile Usage.mkv,632de9ed55947761d56d4c6142a3cb1a1fe69d0b1a6d0e01a2e404c697962623,dfine_sahi,135583.0,unknown_object,0.2973,143.25,601.99,161.3,617.76,284.5,18.05,15.76,1.145,False,,True,S-61,38,evt_S-61_desk_work_surface_0007,a63530a8077c6717,pose_hand_context,,24983.0,4.05,,1,cam12/e1/v1,rtmpose_baseline
full,03.CCTV Mobile Usage.mkv,632de9ed55947761d56d4c6142a3cb1a1fe69d0b1a6d0e01a2e404c697962623,dfine_sahi,135583.0,keyboard,0.9081,962.2,451.9,1067.69,491.35,4161.5,105.49,39.45,2.674,False,,True,R-desk,44,evt_S-61_desk_work_surface_0007,daa38b05f0c1050d,lap_bag_context,no_pose_observation,34560.0,1.33,,1,cam12/e1/v1,
full,03.CCTV Mobile Usage.mkv,632de9ed55947761d56d4c6142a3cb1a1fe69d0b1a6d0e01a2e404c697962623,dfine_sahi,135583.0,unknown_object,0.7705,699.84,396.11,843.61,492.01,13787.3,143.76,95.9,1.499,False,,True,R-desk,44,evt_S-61_desk_work_surface_0007,daa38b05f0c1050d,lap_bag_context,no_pose_observation,34560.0,1.33,,1,cam12/e1/v1,
full,03.CCTV Mobile Usage.mkv,632de9ed55947761d56d4c6142a3cb1a1fe69d0b1a6d0e01a2e404c697962623,dfine_sahi,135583.0,phone,0.7423,1043.52,421.29,1111.7,473.92,3588.6,68.18,52.64,1.295,False,,True,R-desk,44,evt_S-61_desk_work_surface_0007,daa38b05f0c1050d,lap_bag_context,no_pose_observation,34560.0,1.33,,1,cam12/e1/v1,
full,03.CCTV Mobile Usage.mkv,632de9ed55947761d56d4c6142a3cb1a1fe69d0b1a6d0e01a2e404c697962623,dfine_sahi,135583.0,mouse,0.7291,864.89,413.54,891.41,435.39,579.3,26.52,21.85,1.214,False,,True,R-desk,44,evt_S-61_desk_work_surface_0007,daa38b05f0c1050d,lap_bag_context,no_pose_observation,34560.0,1.33,,1,cam12/e1/v1,
full,03.CCTV Mobile Usage.mkv,632de9ed55947761d56d4c6142a3cb1a1fe69d0b1a6d0e01a2e404c697962623,dfine_sahi,135583.0,keyboard,0.678,771.78,380.18,870.95,420.39,3986.9,99.17,40.2,2.467,False,,True,R-desk,44,evt_S-61_desk_work_surface_0007,daa38b05f0c1050d,lap_bag_context,no_pose_observation,34560.0,1.33,,1,cam12/e1/v1,
full,03.CCTV Mobile Usage.mkv,632de9ed55947761d56d4c6142a3cb1a1fe69d0b1a6d0e01a2e404c697962623,dfine_sahi,135583.0,monitor_or_bezel,0.669,1018.83,380.39,1152.46,473.31,12417.4,133.63,92.92,1.438,False,,True,R-desk,44,evt_S-61_desk_work_surface_0007,daa38b05f0c1050d,lap_bag_context,no_pose_observation,34560.0,1.33,,1,cam12/e1/v1,
full,03.CCTV Mobile Usage.mkv,632de9ed55947761d56d4c6142a3cb1a1fe69d0b1a6d0e01a2e404c697962623,dfine_sahi,135583.0,keyboard,0.6251,802.55,396.22,870.9,420.64,1669.5,68.35,24.42,2.799,False,,True,R-desk,44,evt_S-61_desk_work_surface_0007,daa38b05f0c1050d,lap_bag_context,no_pose_observation,34560.0,1.33,,1,cam12/e1/v1,
full,03.CCTV Mobile Usage.mkv,632de9ed55947761d56d4c6142a3cb1a1fe69d0b1a6d0e01a2e404c697962623,dfine_sahi,135583.0,monitor_or_bezel,0.617,709.8,379.91,969.62,474.89,24677.8,259.81,94.98,2.735,False,,True,R-desk,44,evt_S-61_desk_work_surface_0007,daa38b05f0c1050d,lap_bag_context,no_pose_observation,34560.0,1.33,,1,cam12/e1/v1,
full,03.CCTV Mobile Usage.mkv,632de9ed55947761d56d4c6142a3cb1a1fe69d0b1a6d0e01a2e404c697962623,dfine_sahi,135583.0,keyboard,0.6087,962.89,452.37,1034.14,475.56,1652.6,71.25,23.19,3.072,False,,True,R-desk,44,evt_S-61_desk_work_surface_0007,daa38b05f0c1050d,lap_bag_context,no_pose_observation,34560.0,1.33,,1,cam12/e1/v1,
full,03.CCTV Mobile Usage.mkv,632de9ed55947761d56d4c6142a3cb1a1fe69d0b1a6d0e01a2e404c697962623,dfine_sahi,135583.0,monitor_or_bezel,0.6016,910.25,411.22,1141.6,506.35,22009.3,231.35,95.13,2.432,False,,True,R-desk,44,evt_S-61_desk_work_surface_0007,daa38b05f0c1050d,lap_bag_context,no_pose_observation,34560.0,1.33,,1,cam12/e1/v1,
full,03.CCTV Mobile Usage.mkv,632de9ed55947761d56d4c6142a3cb1a1fe69d0b1a6d0e01a2e404c697962623,dfine_sahi,135583.0,unknown_object,0.4525,700.0,380.54,759.78,475.04,5649.3,59.78,94.51,0.632,False,,True,R-desk,44,evt_S-61_desk_work_surface_0007,daa38b05f0c1050d,lap_bag_context,no_pose_observation,34560.0,1.33,,1,cam12/e1/v1,
full,03.CCTV Mobile Usage.mkv,632de9ed55947761d56d4c6142a3cb1a1fe69d0b1a6d0e01a2e404c697962623,dfine_sahi,135583.0,monitor_or_bezel,0.3715,881.06,396.2,948.75,452.4,3804.0,67.69,56.2,1.205,False,,True,R-desk,44,evt_S-61_desk_work_surface_0007,daa38b05f0c1050d,lap_bag_context,no_pose_observation,34560.0,1.33,,1,cam12/e1/v1,
full,03.CCTV Mobile Usage.mkv,632de9ed55947761d56d4c6142a3cb1a1fe69d0b1a6d0e01a2e404c697962623,dfine_sahi,135583.0,unknown_object,0.3418,700.15,410.87,969.97,506.27,25740.6,269.81,95.4,2.828,False,,True,R-desk,44,evt_S-61_desk_work_surface_0007,daa38b05f0c1050d,lap_bag_context,no_pose_observation,34560.0,1.33,,1,cam12/e1/v1,
full,03.CCTV Mobile Usage.mkv,632de9ed55947761d56d4c6142a3cb1a1fe69d0b1a6d0e01a2e404c697962623,dfine_sahi,135583.0,mouse,0.3406,967.3,398.39,991.9,410.49,297.7,24.6,12.1,2.032,False,,True,R-desk,44,evt_S-61_desk_work_surface_0007,daa38b05f0c1050d,lap_bag_context,no_pose_observation,34560.0,1.33,,1,cam12/e1/v1,
full,03.CCTV Mobile Usage.mkv,632de9ed55947761d56d4c6142a3cb1a1fe69d0b1a6d0e01a2e404c697962623,dfine_sahi,135583.0,keyboard,0.327,882.1,380.24,969.03,452.89,6315.3,86.93,72.65,1.196,False,,True,R-desk,44,evt_S-61_desk_work_surface_0007,daa38b05f0c1050d,lap_bag_context,no_pose_observation,34560.0,1.33,,1,cam12/e1/v1,
full,03.CCTV Mobile Usage.mkv,632de9ed55947761d56d4c6142a3cb1a1fe69d0b1a6d0e01a2e404c697962623,dfine_sahi,135583.0,unknown_object,0.3208,879.83,411.31,969.86,505.67,8495.4,90.03,94.36,0.954,False,,True,R-desk,44,evt_S-61_desk_work_surface_0007,daa38b05f0c1050d,lap_bag_context,no_pose_observation,34560.0,1.33,,1,cam12/e1/v1,
full,03.CCTV Mobile Usage.mkv,632de9ed55947761d56d4c6142a3cb1a1fe69d0b1a6d0e01a2e404c697962623,dfine_sahi,135583.0,mouse,0.3059,990.76,399.48,1026.4,413.35,494.3,35.64,13.87,2.57,False,,True,R-desk,44,evt_S-61_desk_work_surface_0007,daa38b05f0c1050d,lap_bag_context,no_pose_observation,34560.0,1.33,,1,cam12/e1/v1,
full,03.CCTV Mobile Usage.mkv,632de9ed55947761d56d4c6142a3cb1a1fe69d0b1a6d0e01a2e404c697962623,dfine_sahi,135583.0,keyboard,0.2926,965.43,396.54,1096.13,474.89,10240.4,130.7,78.35,1.668,False,,True,R-desk,44,evt_S-61_desk_work_surface_0007,daa38b05f0c1050d,lap_bag_context,no_pose_observation,34560.0,1.33,,1,cam12/e1/v1,
full,03.CCTV Mobile Usage.mkv,632de9ed55947761d56d4c6142a3cb1a1fe69d0b1a6d0e01a2e404c697962623,dfine_sahi,135583.0,unknown_object,0.2781,737.59,395.51,1146.86,491.07,39110.0,409.28,95.56,4.283,False,,True,R-desk,44,evt_S-61_desk_work_surface_0007,daa38b05f0c1050d,lap_bag_context,no_pose_observation,34560.0,1.33,,1,cam12/e1/v1,
full,03.CCTV Mobile Usage.mkv,632de9ed55947761d56d4c6142a3cb1a1fe69d0b1a6d0e01a2e404c697962623,dfine_sahi,135583.0,phone,0.2771,1052.0,411.35,1139.81,447.06,3136.1,87.82,35.71,2.459,False,,True,R-desk,44,evt_S-61_desk_work_surface_0007,daa38b05f0c1050d,lap_bag_context,no_pose_observation,34560.0,1.33,,1,cam12/e1/v1,
full,03.CCTV Mobile Usage.mkv,632de9ed55947761d56d4c6142a3cb1a1fe69d0b1a6d0e01a2e404c697962623,dfine_sahi,135583.0,unknown_object,0.2578,881.62,411.11,969.88,453.34,3727.1,88.26,42.23,2.09,False,,True,R-desk,44,evt_S-61_desk_work_surface_0007,daa38b05f0c1050d,lap_bag_context,no_pose_observation,34560.0,1.33,,1,cam12/e1/v1,
full,03.CCTV Mobile Usage.mkv,632de9ed55947761d56d4c6142a3cb1a1fe69d0b1a6d0e01a2e404c697962623,dfine_sahi,135583.0,keyboard,0.9081,962.2,451.9,1067.69,491.35,4161.5,105.49,39.45,2.674,False,,True,R-desk,45,evt_S-61_desk_work_surface_0007,daa38b05f0c1050d,lap_bag_context,no_pose_observation,34560.0,1.33,,1,cam12/e1/v1,
full,03.CCTV Mobile Usage.mkv,632de9ed55947761d56d4c6142a3cb1a1fe69d0b1a6d0e01a2e404c697962623,dfine_sahi,135583.0,unknown_object,0.7705,699.84,396.11,843.61,492.01,13787.3,143.76,95.9,1.499,False,,True,R-desk,45,evt_S-61_desk_work_surface_0007,daa38b05f0c1050d,lap_bag_context,no_pose_observation,34560.0,1.33,,1,cam12/e1/v1,
full,03.CCTV Mobile Usage.mkv,632de9ed55947761d56d4c6142a3cb1a1fe69d0b1a6d0e01a2e404c697962623,dfine_sahi,135583.0,phone,0.7423,1043.52,421.29,1111.7,473.92,3588.6,68.18,52.64,1.295,False,,True,R-desk,45,evt_S-61_desk_work_surface_0007,daa38b05f0c1050d,lap_bag_context,no_pose_observation,34560.0,1.33,,1,cam12/e1/v1,
full,03.CCTV Mobile Usage.mkv,632de9ed55947761d56d4c6142a3cb1a1fe69d0b1a6d0e01a2e404c697962623,dfine_sahi,135583.0,mouse,0.7291,864.89,413.54,891.41,435.39,579.3,26.52,21.85,1.214,False,,True,R-desk,45,evt_S-61_desk_work_surface_0007,daa38b05f0c1050d,lap_bag_context,no_pose_observation,34560.0,1.33,,1,cam12/e1/v1,
full,03.CCTV Mobile Usage.mkv,632de9ed55947761d56d4c6142a3cb1a1fe69d0b1a6d0e01a2e404c697962623,dfine_sahi,135583.0,keyboard,0.678,771.78,380.18,870.95,420.39,3986.9,99.17,40.2,2.467,False,,True,R-desk,45,evt_S-61_desk_work_surface_0007,daa38b05f0c1050d,lap_bag_context,no_pose_observation,34560.0,1.33,,1,cam12/e1/v1,
full,03.CCTV Mobile Usage.mkv,632de9ed55947761d56d4c6142a3cb1a1fe69d0b1a6d0e01a2e404c697962623,dfine_sahi,135583.0,monitor_or_bezel,0.669,1018.83,380.39,1152.46,473.31,12417.4,133.63,92.92,1.438,False,,True,R-desk,45,evt_S-61_desk_work_surface_0007,daa38b05f0c1050d,lap_bag_context,no_pose_observation,34560.0,1.33,,1,cam12/e1/v1,
full,03.CCTV Mobile Usage.mkv,632de9ed55947761d56d4c6142a3cb1a1fe69d0b1a6d0e01a2e404c697962623,dfine_sahi,135583.0,keyboard,0.6251,802.55,396.22,870.9,420.64,1669.5,68.35,24.42,2.799,False,,True,R-desk,45,evt_S-61_desk_work_surface_0007,daa38b05f0c1050d,lap_bag_context,no_pose_observation,34560.0,1.33,,1,cam12/e1/v1,
full,03.CCTV Mobile Usage.mkv,632de9ed55947761d56d4c6142a3cb1a1fe69d0b1a6d0e01a2e404c697962623,dfine_sahi,135583.0,monitor_or_bezel,0.617,709.8,379.91,969.62,474.89,24677.8,259.81,94.98,2.735,False,,True,R-desk,45,evt_S-61_desk_work_surface_0007,daa38b05f0c1050d,lap_bag_context,no_pose_observation,34560.0,1.33,,1,cam12/e1/v1,
full,03.CCTV Mobile Usage.mkv,632de9ed55947761d56d4c6142a3cb1a1fe69d0b1a6d0e01a2e404c697962623,dfine_sahi,135583.0,keyboard,0.6087,962.89,452.37,1034.14,475.56,1652.6,71.25,23.19,3.072,False,,True,R-desk,45,evt_S-61_desk_work_surface_0007,daa38b05f0c1050d,lap_bag_context,no_pose_observation,34560.0,1.33,,1,cam12/e1/v1,
full,03.CCTV Mobile Usage.mkv,632de9ed55947761d56d4c6142a3cb1a1fe69d0b1a6d0e01a2e404c697962623,dfine_sahi,135583.0,monitor_or_bezel,0.6016,910.25,411.22,1141.6,506.35,22009.3,231.35,95.13,2.432,False,,True,R-desk,45,evt_S-61_desk_work_surface_0007,daa38b05f0c1050d,lap_bag_context,no_pose_observation,34560.0,1.33,,1,cam12/e1/v1,
full,03.CCTV Mobile Usage.mkv,632de9ed55947761d56d4c6142a3cb1a1fe69d0b1a6d0e01a2e404c697962623,dfine_sahi,135583.0,unknown_object,0.4525,700.0,380.54,759.78,475.04,5649.3,59.78,94.51,0.632,False,,True,R-desk,45,evt_S-61_desk_work_surface_0007,daa38b05f0c1050d,lap_bag_context,no_pose_observation,34560.0,1.33,,1,cam12/e1/v1,
full,03.CCTV Mobile Usage.mkv,632de9ed55947761d56d4c6142a3cb1a1fe69d0b1a6d0e01a2e404c697962623,dfine_sahi,135583.0,monitor_or_bezel,0.3715,881.06,396.2,948.75,452.4,3804.0,67.69,56.2,1.205,False,,True,R-desk,45,evt_S-61_desk_work_surface_0007,daa38b05f0c1050d,lap_bag_context,no_pose_observation,34560.0,1.33,,1,cam12/e1/v1,
full,03.CCTV Mobile Usage.mkv,632de9ed55947761d56d4c6142a3cb1a1fe69d0b1a6d0e01a2e404c697962623,dfine_sahi,135583.0,unknown_object,0.3418,700.15,410.87,969.97,506.27,25740.6,269.81,95.4,2.828,False,,True,R-desk,45,evt_S-61_desk_work_surface_0007,daa38b05f0c1050d,lap_bag_context,no_pose_observation,34560.0,1.33,,1,cam12/e1/v1,
full,03.CCTV Mobile Usage.mkv,632de9ed55947761d56d4c6142a3cb1a1fe69d0b1a6d0e01a2e404c697962623,dfine_sahi,135583.0,mouse,0.3406,967.3,398.39,991.9,410.49,297.7,24.6,12.1,2.032,False,,True,R-desk,45,evt_S-61_desk_work_surface_0007,daa38b05f0c1050d,lap_bag_context,no_pose_observation,34560.0,1.33,,1,cam12/e1/v1,
full,03.CCTV Mobile Usage.mkv,632de9ed55947761d56d4c6142a3cb1a1fe69d0b1a6d0e01a2e404c697962623,dfine_sahi,135583.0,keyboard,0.327,882.1,380.24,969.03,452.89,6315.3,86.93,72.65,1.196,False,,True,R-desk,45,evt_S-61_desk_work_surface_0007,daa38b05f0c1050d,lap_bag_context,no_pose_observation,34560.0,1.33,,1,cam12/e1/v1,
full,03.CCTV Mobile Usage.mkv,632de9ed55947761d56d4c6142a3cb1a1fe69d0b1a6d0e01a2e404c697962623,dfine_sahi,135583.0,unknown_object,0.3208,879.83,411.31,969.86,505.67,8495.4,90.03,94.36,0.954,False,,True,R-desk,45,evt_S-61_desk_work_surface_0007,daa38b05f0c1050d,lap_bag_context,no_pose_observation,34560.0,1.33,,1,cam12/e1/v1,
full,03.CCTV Mobile Usage.mkv,632de9ed55947761d56d4c6142a3cb1a1fe69d0b1a6d0e01a2e404c697962623,dfine_sahi,135583.0,mouse,0.3059,990.76,399.48,1026.4,413.35,494.3,35.64,13.87,2.57,False,,True,R-desk,45,evt_S-61_desk_work_surface_0007,daa38b05f0c1050d,lap_bag_context,no_pose_observation,34560.0,1.33,,1,cam12/e1/v1,
full,03.CCTV Mobile Usage.mkv,632de9ed55947761d56d4c6142a3cb1a1fe69d0b1a6d0e01a2e404c697962623,dfine_sahi,135583.0,keyboard,0.2926,965.43,396.54,1096.13,474.89,10240.4,130.7,78.35,1.668,False,,True,R-desk,45,evt_S-61_desk_work_surface_0007,daa38b05f0c1050d,lap_bag_context,no_pose_observation,34560.0,1.33,,1,cam12/e1/v1,
full,03.CCTV Mobile Usage.mkv,632de9ed55947761d56d4c6142a3cb1a1fe69d0b1a6d0e01a2e404c697962623,dfine_sahi,135583.0,unknown_object,0.2781,737.59,395.51,1146.86,491.07,39110.0,409.28,95.56,4.283,False,,True,R-desk,45,evt_S-61_desk_work_surface_0007,daa38b05f0c1050d,lap_bag_context,no_pose_observation,34560.0,1.33,,1,cam12/e1/v1,
full,03.CCTV Mobile Usage.mkv,632de9ed55947761d56d4c6142a3cb1a1fe69d0b1a6d0e01a2e404c697962623,dfine_sahi,135583.0,phone,0.2771,1052.0,411.35,1139.81,447.06,3136.1,87.82,35.71,2.459,False,,True,R-desk,45,evt_S-61_desk_work_surface_0007,daa38b05f0c1050d,lap_bag_context,no_pose_observation,34560.0,1.33,,1,cam12/e1/v1,
full,03.CCTV Mobile Usage.mkv,632de9ed55947761d56d4c6142a3cb1a1fe69d0b1a6d0e01a2e404c697962623,dfine_sahi,135583.0,unknown_object,0.2578,881.62,411.11,969.88,453.34,3727.1,88.26,42.23,2.09,False,,True,R-desk,45,evt_S-61_desk_work_surface_0007,daa38b05f0c1050d,lap_bag_context,no_pose_observation,34560.0,1.33,,1,cam12/e1/v1,
full,03.CCTV Mobile Usage.mkv,632de9ed55947761d56d4c6142a3cb1a1fe69d0b1a6d0e01a2e404c697962623,dfine_sahi,135867.0,unknown_object,0.6248,149.99,521.21,245.9,616.3,9119.8,95.91,95.08,1.009,False,,True,S-61,38,evt_S-61_upper_body_0022,1a85b7444b845b72,pose_hand_context,,17774.2,4.8,,1,cam12/e1/v1,rtmpose_baseline
full,03.CCTV Mobile Usage.mkv,632de9ed55947761d56d4c6142a3cb1a1fe69d0b1a6d0e01a2e404c697962623,dfine_sahi,135867.0,unknown_object,0.4158,150.02,470.78,176.88,519.84,1317.8,26.86,49.06,0.547,False,,True,S-61,38,evt_S-61_upper_body_0022,1a85b7444b845b72,pose_hand_context,,17774.2,4.8,,1,cam12/e1/v1,rtmpose_baseline
full,03.CCTV Mobile Usage.mkv,632de9ed55947761d56d4c6142a3cb1a1fe69d0b1a6d0e01a2e404c697962623,dfine_sahi,135867.0,unknown_object,0.3303,203.51,462.1,245.99,525.6,2697.5,42.48,63.51,0.669,False,,True,S-61,38,evt_S-61_upper_body_0022,1a85b7444b845b72,pose_hand_context,,17774.2,4.8,,1,cam12/e1/v1,rtmpose_baseline
full,03.CCTV Mobile Usage.mkv,632de9ed55947761d56d4c6142a3cb1a1fe69d0b1a6d0e01a2e404c697962623,dfine_sahi,135867.0,keyboard,0.3167,259.29,563.82,303.97,616.66,2360.7,44.67,52.84,0.845,False,,True,S-61,38,evt_S-61_upper_body_0022,1a85b7444b845b72,pose_hand_context,,17774.2,4.8,,1,cam12/e1/v1,rtmpose_baseline
full,03.CCTV Mobile Usage.mkv,632de9ed55947761d56d4c6142a3cb1a1fe69d0b1a6d0e01a2e404c697962623,dfine_sahi,135867.0,unknown_object,0.3131,149.99,462.18,245.92,557.67,9160.6,95.93,95.49,1.005,False,,True,S-61,38,evt_S-61_upper_body_0022,1a85b7444b845b72,pose_hand_context,,17774.2,4.8,,1,cam12/e1/v1,rtmpose_baseline
full,03.CCTV Mobile Usage.mkv,632de9ed55947761d56d4c6142a3cb1a1fe69d0b1a6d0e01a2e404c697962623,dfine_sahi,135867.0,unknown_object,0.2907,160.85,473.31,293.95,606.61,17741.9,133.1,133.3,0.998,False,,True,S-61,38,evt_S-61_upper_body_0022,1a85b7444b845b72,pose_hand_context,,17774.2,4.8,,1,cam12/e1/v1,rtmpose_baseline
full,03.CCTV Mobile Usage.mkv,632de9ed55947761d56d4c6142a3cb1a1fe69d0b1a6d0e01a2e404c697962623,dfine_sahi,135867.0,secondary_paper_chit,0.2564,287.5,546.95,304.0,557.92,180.9,16.5,10.96,1.505,False,,True,S-61,38,evt_S-61_upper_body_0022,1a85b7444b845b72,pose_hand_context,,17774.2,4.8,,1,cam12/e1/v1,rtmpose_baseline
full,03.CCTV Mobile Usage.mkv,632de9ed55947761d56d4c6142a3cb1a1fe69d0b1a6d0e01a2e404c697962623,dfine_sahi,135867.0,keyboard,0.9078,962.25,451.9,1067.68,491.34,4157.8,105.43,39.44,2.673,False,,True,R-desk,44,evt_S-61_upper_body_0022,ddc3448c69a0dfb5,lap_bag_context,no_pose_observation,34560.0,1.33,,1,cam12/e1/v1,
full,03.CCTV Mobile Usage.mkv,632de9ed55947761d56d4c6142a3cb1a1fe69d0b1a6d0e01a2e404c697962623,dfine_sahi,135867.0,mouse,0.7775,864.81,413.43,891.38,435.21,578.4,26.57,21.77,1.22,False,,True,R-desk,44,evt_S-61_upper_body_0022,ddc3448c69a0dfb5,lap_bag_context,no_pose_observation,34560.0,1.33,,1,cam12/e1/v1,
full,03.CCTV Mobile Usage.mkv,632de9ed55947761d56d4c6142a3cb1a1fe69d0b1a6d0e01a2e404c697962623,dfine_sahi,135867.0,phone,0.733,1043.52,421.4,1111.77,474.0,3589.8,68.25,52.6,1.297,False,,True,R-desk,44,evt_S-61_upper_body_0022,ddc3448c69a0dfb5,lap_bag_context,no_pose_observation,34560.0,1.33,,1,cam12/e1/v1,
full,03.CCTV Mobile Usage.mkv,632de9ed55947761d56d4c6142a3cb1a1fe69d0b1a6d0e01a2e404c697962623,dfine_sahi,135867.0,unknown_object,0.7102,699.88,396.06,843.68,492.29,13837.5,143.8,96.23,1.494,False,,True,R-desk,44,evt_S-61_upper_body_0022,ddc3448c69a0dfb5,lap_bag_context,no_pose_observation,34560.0,1.33,,1,cam12/e1/v1,
full,03.CCTV Mobile Usage.mkv,632de9ed55947761d56d4c6142a3cb1a1fe69d0b1a6d0e01a2e404c697962623,dfine_sahi,135867.0,keyboard,0.6933,771.76,380.16,871.04,420.4,3995.3,99.28,40.24,2.467,False,,True,R-desk,44,evt_S-61_upper_body_0022,ddc3448c69a0dfb5,lap_bag_context,no_pose_observation,34560.0,1.33,,1,cam12/e1/v1,
full,03.CCTV Mobile Usage.mkv,632de9ed55947761d56d4c6142a3cb1a1fe69d0b1a6d0e01a2e404c697962623,dfine_sahi,135867.0,monitor_or_bezel,0.6782,963.13,380.53,1152.53,474.96,17884.3,189.39,94.43,2.006,False,,True,R-desk,44,evt_S-61_upper_body_0022,ddc3448c69a0dfb5,lap_bag_context,no_pose_observation,34560.0,1.33,,1,cam12/e1/v1,
full,03.CCTV Mobile Usage.mkv,632de9ed55947761d56d4c6142a3cb1a1fe69d0b1a6d0e01a2e404c697962623,dfine_sahi,135867.0,monitor_or_bezel,0.6657,709.6,379.89,969.65,474.81,24684.4,260.05,94.92,2.74,False,,True,R-desk,44,evt_S-61_upper_body_0022,ddc3448c69a0dfb5,lap_bag_context,no_pose_observation,34560.0,1.33,,1,cam12/e1/v1,
full,03.CCTV Mobile Usage.mkv,632de9ed55947761d56d4c6142a3cb1a1fe69d0b1a6d0e01a2e404c697962623,dfine_sahi,135867.0,keyboard,0.6399,802.68,396.22,870.83,420.61,1662.0,68.15,24.39,2.795,False,,True,R-desk,44,evt_S-61_upper_body_0022,ddc3448c69a0dfb5,lap_bag_context,no_pose_observation,34560.0,1.33,,1,cam12/e1/v1,
full,03.CCTV Mobile Usage.mkv,632de9ed55947761d56d4c6142a3cb1a1fe69d0b1a6d0e01a2e404c697962623,dfine_sahi,135867.0,monitor_or_bezel,0.6207,910.25,411.18,1141.26,506.35,21985.5,231.01,95.17,2.427,False,,True,R-desk,44,evt_S-61_upper_body_0022,ddc3448c69a0dfb5,lap_bag_context,no_pose_observation,34560.0,1.33,,1,cam12/e1/v1,
full,03.CCTV Mobile Usage.mkv,632de9ed55947761d56d4c6142a3cb1a1fe69d0b1a6d0e01a2e404c697962623,dfine_sahi,135867.0,monitor_or_bezel,0.5937,1019.08,395.61,1145.8,447.83,6617.5,126.73,52.22,2.427,False,,True,R-desk,44,evt_S-61_upper_body_0022,ddc3448c69a0dfb5,lap_bag_context,no_pose_observation,34560.0,1.33,,1,cam12/e1/v1,
full,03.CCTV Mobile Usage.mkv,632de9ed55947761d56d4c6142a3cb1a1fe69d0b1a6d0e01a2e404c697962623,dfine_sahi,135867.0,keyboard,0.5836,963.06,452.35,1033.8,475.52,1639.1,70.74,23.17,3.053,False,,True,R-desk,44,evt_S-61_upper_body_0022,ddc3448c69a0dfb5,lap_bag_context,no_pose_observation,34560.0,1.33,,1,cam12/e1/v1,
full,03.CCTV Mobile Usage.mkv,632de9ed55947761d56d4c6142a3cb1a1fe69d0b1a6d0e01a2e404c697962623,dfine_sahi,135867.0,unknown_object,0.414,700.0,380.55,761.21,475.19,5793.0,61.21,94.64,0.647,False,,True,R-desk,44,evt_S-61_upper_body_0022,ddc3448c69a0dfb5,lap_bag_context,no_pose_observation,34560.0,1.33,,1,cam12/e1/v1,
full,03.CCTV Mobile Usage.mkv,632de9ed55947761d56d4c6142a3cb1a1fe69d0b1a6d0e01a2e404c697962623,dfine_sahi,135867.0,keyboard,0.3796,882.31,380.26,968.88,452.7,6270.6,86.57,72.44,1.195,False,,True,R-desk,44,evt_S-61_upper_body_0022,ddc3448c69a0dfb5,lap_bag_context,no_pose_observation,34560.0,1.33,,1,cam12/e1/v1,
full,03.CCTV Mobile Usage.mkv,632de9ed55947761d56d4c6142a3cb1a1fe69d0b1a6d0e01a2e404c697962623,dfine_sahi,135867.0,unknown_object,0.3606,700.18,410.43,969.81,506.18,25819.0,269.63,95.76,2.816,False,,True,R-desk,44,evt_S-61_upper_body_0022,ddc3448c69a0dfb5,lap_bag_context,no_pose_observation,34560.0,1.33,,1,cam12/e1/v1,
full,03.CCTV Mobile Usage.mkv,632de9ed55947761d56d4c6142a3cb1a1fe69d0b1a6d0e01a2e404c697962623,dfine_sahi,135867.0,monitor_or_bezel,0.354,881.19,396.17,948.77,452.35,3796.9,67.58,56.18,1.203,False,,True,R-desk,44,evt_S-61_upper_body_0022,ddc3448c69a0dfb5,lap_bag_context,no_pose_observation,34560.0,1.33,,1,cam12/e1/v1,
full,03.CCTV Mobile Usage.mkv,632de9ed55947761d56d4c6142a3cb1a1fe69d0b1a6d0e01a2e404c697962623,dfine_sahi,135867.0,mouse,0.3351,967.25,398.39,991.9,410.48,298.2,24.65,12.1,2.038,False,,True,R-desk,44,evt_S-61_upper_body_0022,ddc3448c69a0dfb5,lap_bag_context,no_pose_observation,34560.0,1.33,,1,cam12/e1/v1,
full,03.CCTV Mobile Usage.mkv,632de9ed55947761d56d4c6142a3cb1a1fe69d0b1a6d0e01a2e404c697962623,dfine_sahi,135867.0,keyboard,0.3131,965.1,394.69,1117.3,475.0,12222.4,152.2,80.31,1.895,False,,True,R-desk,44,evt_S-61_upper_body_0022,ddc3448c69a0dfb5,lap_bag_context,no_pose_observation,34560.0,1.33,,1,cam12/e1/v1,
full,03.CCTV Mobile Usage.mkv,632de9ed55947761d56d4c6142a3cb1a1fe69d0b1a6d0e01a2e404c697962623,dfine_sahi,135867.0,unknown_object,0.3109,880.21,411.38,969.87,505.67,8455.2,89.67,94.3,0.951,False,,True,R-desk,44,evt_S-61_upper_body_0022,ddc3448c69a0dfb5,lap_bag_context,no_pose_observation,34560.0,1.33,,1,cam12/e1/v1,
full,03.CCTV Mobile Usage.mkv,632de9ed55947761d56d4c6142a3cb1a1fe69d0b1a6d0e01a2e404c697962623,dfine_sahi,135867.0,mouse,0.2985,990.81,399.44,1026.41,413.31,494.0,35.6,13.88,2.566,False,,True,R-desk,44,evt_S-61_upper_body_0022,ddc3448c69a0dfb5,lap_bag_context,no_pose_observation,34560.0,1.33,,1,cam12/e1/v1,
full,03.CCTV Mobile Usage.mkv,632de9ed55947761d56d4c6142a3cb1a1fe69d0b1a6d0e01a2e404c697962623,dfine_sahi,135867.0,phone,0.2651,1052.45,411.33,1139.75,447.29,3139.4,87.31,35.96,2.428,False,,True,R-desk,44,evt_S-61_upper_body_0022,ddc3448c69a0dfb5,lap_bag_context,no_pose_observation,34560.0,1.33,,1,cam12/e1/v1,
full,03.CCTV Mobile Usage.mkv,632de9ed55947761d56d4c6142a3cb1a1fe69d0b1a6d0e01a2e404c697962623,dfine_sahi,135867.0,unknown_object,0.2577,864.61,466.66,957.58,506.53,3706.2,92.96,39.87,2.332,False,,True,R-desk,44,evt_S-61_upper_body_0022,ddc3448c69a0dfb5,lap_bag_context,no_pose_observation,34560.0,1.33,,1,cam12/e1/v1,
full,03.CCTV Mobile Usage.mkv,632de9ed55947761d56d4c6142a3cb1a1fe69d0b1a6d0e01a2e404c697962623,dfine_sahi,135867.0,unknown_object,0.2511,881.59,411.13,935.88,452.71,2257.4,54.29,41.58,1.306,False,,True,R-desk,44,evt_S-61_upper_body_0022,ddc3448c69a0dfb5,lap_bag_context,no_pose_observation,34560.0,1.33,,1,cam12/e1/v1,
full,03.CCTV Mobile Usage.mkv,632de9ed55947761d56d4c6142a3cb1a1fe69d0b1a6d0e01a2e404c697962623,dfine_sahi,135867.0,keyboard,0.2509,910.05,411.49,1092.6,506.31,17308.4,182.55,94.81,1.925,False,,True,R-desk,44,evt_S-61_upper_body_0022,ddc3448c69a0dfb5,lap_bag_context,no_pose_observation,34560.0,1.33,,1,cam12/e1/v1,
full,03.CCTV Mobile Usage.mkv,632de9ed55947761d56d4c6142a3cb1a1fe69d0b1a6d0e01a2e404c697962623,dfine_sahi,135867.0,monitor_or_bezel,0.2504,737.85,395.43,1147.18,491.05,39136.8,409.32,95.61,4.281,False,,True,R-desk,44,evt_S-61_upper_body_0022,ddc3448c69a0dfb5,lap_bag_context,no_pose_observation,34560.0,1.33,,1,cam12/e1/v1,
full,03.CCTV Mobile Usage.mkv,632de9ed55947761d56d4c6142a3cb1a1fe69d0b1a6d0e01a2e404c697962623,dfine_sahi,136083.0,keyboard,0.9083,962.25,451.9,1067.68,491.34,4157.7,105.43,39.44,2.673,False,,True,R-desk,44,evt_S-61_desk_work_surface_0007,6dbc574a75e33226,lap_bag_context,no_pose_observation,34560.0,1.33,,1,cam12/e1/v1,
full,03.CCTV Mobile Usage.mkv,632de9ed55947761d56d4c6142a3cb1a1fe69d0b1a6d0e01a2e404c697962623,dfine_sahi,136083.0,mouse,0.7775,864.81,413.43,891.38,435.21,578.4,26.57,21.77,1.22,False,,True,R-desk,44,evt_S-61_desk_work_surface_0007,6dbc574a75e33226,lap_bag_context,no_pose_observation,34560.0,1.33,,1,cam12/e1/v1,
full,03.CCTV Mobile Usage.mkv,632de9ed55947761d56d4c6142a3cb1a1fe69d0b1a6d0e01a2e404c697962623,dfine_sahi,136083.0,phone,0.733,1043.52,421.4,1111.77,474.0,3589.8,68.25,52.6,1.297,False,,True,R-desk,44,evt_S-61_desk_work_surface_0007,6dbc574a75e33226,lap_bag_context,no_pose_observation,34560.0,1.33,,1,cam12/e1/v1,
full,03.CCTV Mobile Usage.mkv,632de9ed55947761d56d4c6142a3cb1a1fe69d0b1a6d0e01a2e404c697962623,dfine_sahi,136083.0,unknown_object,0.7103,699.88,396.06,843.69,492.29,13838.2,143.81,96.23,1.494,False,,True,R-desk,44,evt_S-61_desk_work_surface_0007,6dbc574a75e33226,lap_bag_context,no_pose_observation,34560.0,1.33,,1,cam12/e1/v1,
full,03.CCTV Mobile Usage.mkv,632de9ed55947761d56d4c6142a3cb1a1fe69d0b1a6d0e01a2e404c697962623,dfine_sahi,136083.0,keyboard,0.6933,771.76,380.16,871.04,420.4,3995.3,99.28,40.24,2.467,False,,True,R-desk,44,evt_S-61_desk_work_surface_0007,6dbc574a75e33226,lap_bag_context,no_pose_observation,34560.0,1.33,,1,cam12/e1/v1,
full,03.CCTV Mobile Usage.mkv,632de9ed55947761d56d4c6142a3cb1a1fe69d0b1a6d0e01a2e404c697962623,dfine_sahi,136083.0,monitor_or_bezel,0.6825,963.13,380.52,1152.56,474.96,17889.8,189.42,94.44,2.006,False,,True,R-desk,44,evt_S-61_desk_work_surface_0007,6dbc574a75e33226,lap_bag_context,no_pose_observation,34560.0,1.33,,1,cam12/e1/v1,
full,03.CCTV Mobile Usage.mkv,632de9ed55947761d56d4c6142a3cb1a1fe69d0b1a6d0e01a2e404c697962623,dfine_sahi,136083.0,monitor_or_bezel,0.6657,709.6,379.89,969.65,474.81,24684.4,260.05,94.92,2.74,False,,True,R-desk,44,evt_S-61_desk_work_surface_0007,6dbc574a75e33226,lap_bag_context,no_pose_observation,34560.0,1.33,,1,cam12/e1/v1,
full,03.CCTV Mobile Usage.mkv,632de9ed55947761d56d4c6142a3cb1a1fe69d0b1a6d0e01a2e404c697962623,dfine_sahi,136083.0,keyboard,0.6399,802.68,396.22,870.83,420.61,1661.9,68.15,24.39,2.795,False,,True,R-desk,44,evt_S-61_desk_work_surface_0007,6dbc574a75e33226,lap_bag_context,no_pose_observation,34560.0,1.33,,1,cam12/e1/v1,
full,03.CCTV Mobile Usage.mkv,632de9ed55947761d56d4c6142a3cb1a1fe69d0b1a6d0e01a2e404c697962623,dfine_sahi,136083.0,monitor_or_bezel,0.6207,910.25,411.18,1141.26,506.35,21985.5,231.01,95.17,2.427,False,,True,R-desk,44,evt_S-61_desk_work_surface_0007,6dbc574a75e33226,lap_bag_context,no_pose_observation,34560.0,1.33,,1,cam12/e1/v1,
full,03.CCTV Mobile Usage.mkv,632de9ed55947761d56d4c6142a3cb1a1fe69d0b1a6d0e01a2e404c697962623,dfine_sahi,136083.0,monitor_or_bezel,0.5954,1019.08,395.62,1145.81,447.83,6616.6,126.73,52.21,2.427,False,,True,R-desk,44,evt_S-61_desk_work_surface_0007,6dbc574a75e33226,lap_bag_context,no_pose_observation,34560.0,1.33,,1,cam12/e1/v1,
full,03.CCTV Mobile Usage.mkv,632de9ed55947761d56d4c6142a3cb1a1fe69d0b1a6d0e01a2e404c697962623,dfine_sahi,136083.0,keyboard,0.5773,963.06,452.35,1033.77,475.52,1638.3,70.71,23.17,3.052,False,,True,R-desk,44,evt_S-61_desk_work_surface_0007,6dbc574a75e33226,lap_bag_context,no_pose_observation,34560.0,1.33,,1,cam12/e1/v1,
full,03.CCTV Mobile Usage.mkv,632de9ed55947761d56d4c6142a3cb1a1fe69d0b1a6d0e01a2e404c697962623,dfine_sahi,136083.0,unknown_object,0.414,700.0,380.55,761.21,475.19,5793.0,61.21,94.64,0.647,False,,True,R-desk,44,evt_S-61_desk_work_surface_0007,6dbc574a75e33226,lap_bag_context,no_pose_observation,34560.0,1.33,,1,cam12/e1/v1,
full,03.CCTV Mobile Usage.mkv,632de9ed55947761d56d4c6142a3cb1a1fe69d0b1a6d0e01a2e404c697962623,dfine_sahi,136083.0,keyboard,0.3796,882.31,380.26,968.88,452.7,6270.6,86.57,72.44,1.195,False,,True,R-desk,44,evt_S-61_desk_work_surface_0007,6dbc574a75e33226,lap_bag_context,no_pose_observation,34560.0,1.33,,1,cam12/e1/v1,
full,03.CCTV Mobile Usage.mkv,632de9ed55947761d56d4c6142a3cb1a1fe69d0b1a6d0e01a2e404c697962623,dfine_sahi,136083.0,unknown_object,0.3606,700.18,410.43,969.81,506.18,25819.0,269.63,95.76,2.816,False,,True,R-desk,44,evt_S-61_desk_work_surface_0007,6dbc574a75e33226,lap_bag_context,no_pose_observation,34560.0,1.33,,1,cam12/e1/v1,
full,03.CCTV Mobile Usage.mkv,632de9ed55947761d56d4c6142a3cb1a1fe69d0b1a6d0e01a2e404c697962623,dfine_sahi,136083.0,monitor_or_bezel,0.3557,881.19,396.17,948.77,452.35,3797.3,67.59,56.18,1.203,False,,True,R-desk,44,evt_S-61_desk_work_surface_0007,6dbc574a75e33226,lap_bag_context,no_pose_observation,34560.0,1.33,,1,cam12/e1/v1,
full,03.CCTV Mobile Usage.mkv,632de9ed55947761d56d4c6142a3cb1a1fe69d0b1a6d0e01a2e404c697962623,dfine_sahi,136083.0,mouse,0.3355,967.25,398.39,991.9,410.48,298.1,24.65,12.09,2.038,False,,True,R-desk,44,evt_S-61_desk_work_surface_0007,6dbc574a75e33226,lap_bag_context,no_pose_observation,34560.0,1.33,,1,cam12/e1/v1,
full,03.CCTV Mobile Usage.mkv,632de9ed55947761d56d4c6142a3cb1a1fe69d0b1a6d0e01a2e404c697962623,dfine_sahi,136083.0,unknown_object,0.3109,880.21,411.38,969.87,505.67,8455.2,89.67,94.3,0.951,False,,True,R-desk,44,evt_S-61_desk_work_surface_0007,6dbc574a75e33226,lap_bag_context,no_pose_observation,34560.0,1.33,,1,cam12/e1/v1,
full,03.CCTV Mobile Usage.mkv,632de9ed55947761d56d4c6142a3cb1a1fe69d0b1a6d0e01a2e404c697962623,dfine_sahi,136083.0,keyboard,0.3093,965.12,394.7,1117.27,475.01,12218.1,152.16,80.3,1.895,False,,True,R-desk,44,evt_S-61_desk_work_surface_0007,6dbc574a75e33226,lap_bag_context,no_pose_observation,34560.0,1.33,,1,cam12/e1/v1,
full,03.CCTV Mobile Usage.mkv,632de9ed55947761d56d4c6142a3cb1a1fe69d0b1a6d0e01a2e404c697962623,dfine_sahi,136083.0,mouse,0.3003,990.81,399.44,1026.41,413.31,493.7,35.6,13.87,2.567,False,,True,R-desk,44,evt_S-61_desk_work_surface_0007,6dbc574a75e33226,lap_bag_context,no_pose_observation,34560.0,1.33,,1,cam12/e1/v1,
full,03.CCTV Mobile Usage.mkv,632de9ed55947761d56d4c6142a3cb1a1fe69d0b1a6d0e01a2e404c697962623,dfine_sahi,136083.0,phone,0.2651,1052.45,411.33,1139.75,447.29,3139.4,87.31,35.96,2.428,False,,True,R-desk,44,evt_S-61_desk_work_surface_0007,6dbc574a75e33226,lap_bag_context,no_pose_observation,34560.0,1.33,,1,cam12/e1/v1,
full,03.CCTV Mobile Usage.mkv,632de9ed55947761d56d4c6142a3cb1a1fe69d0b1a6d0e01a2e404c697962623,dfine_sahi,136083.0,unknown_object,0.2577,864.61,466.66,957.58,506.53,3706.2,92.96,39.87,2.332,False,,True,R-desk,44,evt_S-61_desk_work_surface_0007,6dbc574a75e33226,lap_bag_context,no_pose_observation,34560.0,1.33,,1,cam12/e1/v1,
full,03.CCTV Mobile Usage.mkv,632de9ed55947761d56d4c6142a3cb1a1fe69d0b1a6d0e01a2e404c697962623,dfine_sahi,136083.0,monitor_or_bezel,0.2519,738.06,395.4,1147.26,491.04,39136.6,409.2,95.64,4.279,False,,True,R-desk,44,evt_S-61_desk_work_surface_0007,6dbc574a75e33226,lap_bag_context,no_pose_observation,34560.0,1.33,,1,cam12/e1/v1,
full,03.CCTV Mobile Usage.mkv,632de9ed55947761d56d4c6142a3cb1a1fe69d0b1a6d0e01a2e404c697962623,dfine_sahi,136083.0,unknown_object,0.2511,881.59,411.13,935.88,452.71,2257.4,54.29,41.58,1.306,False,,True,R-desk,44,evt_S-61_desk_work_surface_0007,6dbc574a75e33226,lap_bag_context,no_pose_observation,34560.0,1.33,,1,cam12/e1/v1,
full,03.CCTV Mobile Usage.mkv,632de9ed55947761d56d4c6142a3cb1a1fe69d0b1a6d0e01a2e404c697962623,dfine_sahi,136083.0,keyboard,0.2509,910.05,411.49,1092.6,506.31,17308.4,182.55,94.81,1.925,False,,True,R-desk,44,evt_S-61_desk_work_surface_0007,6dbc574a75e33226,lap_bag_context,no_pose_observation,34560.0,1.33,,1,cam12/e1/v1,
full,03.CCTV Mobile Usage.mkv,632de9ed55947761d56d4c6142a3cb1a1fe69d0b1a6d0e01a2e404c697962623,dfine_sahi,136083.0,unknown_object,0.6425,142.13,514.19,237.92,609.45,9125.7,95.8,95.26,1.006,False,,True,S-61,38,evt_S-61_desk_work_surface_0007,b0a73e8c2dd8c09b,pose_hand_context,,13238.8,5.56,,1,cam12/e1/v1,rtmpose_baseline
full,03.CCTV Mobile Usage.mkv,632de9ed55947761d56d4c6142a3cb1a1fe69d0b1a6d0e01a2e404c697962623,dfine_sahi,136083.0,unknown_object,0.3895,142.01,465.83,176.84,522.5,1974.1,34.83,56.67,0.615,False,,True,S-61,38,evt_S-61_desk_work_surface_0007,b0a73e8c2dd8c09b,pose_hand_context,,13238.8,5.56,,1,cam12/e1/v1,rtmpose_baseline
full,03.CCTV Mobile Usage.mkv,632de9ed55947761d56d4c6142a3cb1a1fe69d0b1a6d0e01a2e404c697962623,dfine_sahi,136083.0,unknown_object,0.3348,192.04,514.2,287.95,609.56,9146.1,95.91,95.36,1.006,False,,True,S-61,38,evt_S-61_desk_work_surface_0007,b0a73e8c2dd8c09b,pose_hand_context,,13238.8,5.56,,1,cam12/e1/v1,rtmpose_baseline
full,03.CCTV Mobile Usage.mkv,632de9ed55947761d56d4c6142a3cb1a1fe69d0b1a6d0e01a2e404c697962623,dfine_sahi,136083.0,unknown_object,0.3112,195.32,463.13,269.11,524.08,4497.4,73.79,60.95,1.211,False,,True,S-61,38,evt_S-61_desk_work_surface_0007,b0a73e8c2dd8c09b,pose_hand_context,,13238.8,5.56,,1,cam12/e1/v1,rtmpose_baseline
full,03.CCTV Mobile Usage.mkv,632de9ed55947761d56d4c6142a3cb1a1fe69d0b1a6d0e01a2e404c697962623,dfine_sahi,136083.0,unknown_object,0.3035,158.01,479.39,272.89,593.6,13121.0,114.89,114.21,1.006,False,,True,S-61,38,evt_S-61_desk_work_surface_0007,b0a73e8c2dd8c09b,pose_hand_context,,13238.8,5.56,,1,cam12/e1/v1,rtmpose_baseline
full,03.CCTV Mobile Usage.mkv,632de9ed55947761d56d4c6142a3cb1a1fe69d0b1a6d0e01a2e404c697962623,dfine_sahi,136083.0,unknown_object,0.2517,154.51,489.67,210.1,558.44,3822.3,55.59,68.76,0.808,False,,True,S-61,38,evt_S-61_desk_work_surface_0007,b0a73e8c2dd8c09b,pose_hand_context,,13238.8,5.56,,1,cam12/e1/v1,rtmpose_baseline
full,03.CCTV Mobile Usage.mkv,632de9ed55947761d56d4c6142a3cb1a1fe69d0b1a6d0e01a2e404c697962623,dfine_sahi,136367.0,keyboard,0.9114,962.28,451.92,1067.83,491.35,4162.2,105.55,39.43,2.677,False,,True,R-desk,44,evt_S-61_upper_body_0022,3b3dbd98ce9b2859,lap_bag_context,no_pose_observation,34560.0,1.33,,1,cam12/e1/v1,
full,03.CCTV Mobile Usage.mkv,632de9ed55947761d56d4c6142a3cb1a1fe69d0b1a6d0e01a2e404c697962623,dfine_sahi,136367.0,mouse,0.7767,864.81,413.41,891.4,435.29,581.7,26.59,21.88,1.215,False,,True,R-desk,44,evt_S-61_upper_body_0022,3b3dbd98ce9b2859,lap_bag_context,no_pose_observation,34560.0,1.33,,1,cam12/e1/v1,
full,03.CCTV Mobile Usage.mkv,632de9ed55947761d56d4c6142a3cb1a1fe69d0b1a6d0e01a2e404c697962623,dfine_sahi,136367.0,phone,0.7557,1043.4,421.41,1111.93,473.93,3599.2,68.52,52.52,1.305,False,,True,R-desk,44,evt_S-61_upper_body_0022,3b3dbd98ce9b2859,lap_bag_context,no_pose_observation,34560.0,1.33,,1,cam12/e1/v1,
full,03.CCTV Mobile Usage.mkv,632de9ed55947761d56d4c6142a3cb1a1fe69d0b1a6d0e01a2e404c697962623,dfine_sahi,136367.0,unknown_object,0.7511,699.87,396.13,843.42,492.36,13814.1,143.55,96.23,1.492,False,,True,R-desk,44,evt_S-61_upper_body_0022,3b3dbd98ce9b2859,lap_bag_context,no_pose_observation,34560.0,1.33,,1,cam12/e1/v1,
full,03.CCTV Mobile Usage.mkv,632de9ed55947761d56d4c6142a3cb1a1fe69d0b1a6d0e01a2e404c697962623,dfine_sahi,136367.0,keyboard,0.7212,771.77,380.15,871.14,420.46,4005.3,99.37,40.31,2.465,False,,True,R-desk,44,evt_S-61_upper_body_0022,3b3dbd98ce9b2859,lap_bag_context,no_pose_observation,34560.0,1.33,,1,cam12/e1/v1,
full,03.CCTV Mobile Usage.mkv,632de9ed55947761d56d4c6142a3cb1a1fe69d0b1a6d0e01a2e404c697962623,dfine_sahi,136367.0,keyboard,0.6654,802.71,396.24,870.66,420.6,1655.0,67.95,24.36,2.79,False,,True,R-desk,44,evt_S-61_upper_body_0022,3b3dbd98ce9b2859,lap_bag_context,no_pose_observation,34560.0,1.33,,1,cam12/e1/v1,
full,03.CCTV Mobile Usage.mkv,632de9ed55947761d56d4c6142a3cb1a1fe69d0b1a6d0e01a2e404c697962623,dfine_sahi,136367.0,monitor_or_bezel,0.6585,963.28,380.54,1152.75,474.94,17886.8,189.47,94.4,2.007,False,,True,R-desk,44,evt_S-61_upper_body_0022,3b3dbd98ce9b2859,lap_bag_context,no_pose_observation,34560.0,1.33,,1,cam12/e1/v1,
full,03.CCTV Mobile Usage.mkv,632de9ed55947761d56d4c6142a3cb1a1fe69d0b1a6d0e01a2e404c697962623,dfine_sahi,136367.0,monitor_or_bezel,0.6505,1018.95,395.72,1145.75,447.85,6609.8,126.8,52.13,2.433,False,,True,R-desk,44,evt_S-61_upper_body_0022,3b3dbd98ce9b2859,lap_bag_context,no_pose_observation,34560.0,1.33,,1,cam12/e1/v1,
full,03.CCTV Mobile Usage.mkv,632de9ed55947761d56d4c6142a3cb1a1fe69d0b1a6d0e01a2e404c697962623,dfine_sahi,136367.0,monitor_or_bezel,0.6259,910.24,411.23,1141.82,506.34,22025.9,231.57,95.11,2.435,False,,True,R-desk,44,evt_S-61_upper_body_0022,3b3dbd98ce9b2859,lap_bag_context,no_pose_observation,34560.0,1.33,,1,cam12/e1/v1,
full,03.CCTV Mobile Usage.mkv,632de9ed55947761d56d4c6142a3cb1a1fe69d0b1a6d0e01a2e404c697962623,dfine_sahi,136367.0,monitor_or_bezel,0.5989,708.61,379.87,969.63,474.89,24801.2,261.02,95.02,2.747,False,,True,R-desk,44,evt_S-61_upper_body_0022,3b3dbd98ce9b2859,lap_bag_context,no_pose_observation,34560.0,1.33,,1,cam12/e1/v1,
full,03.CCTV Mobile Usage.mkv,632de9ed55947761d56d4c6142a3cb1a1fe69d0b1a6d0e01a2e404c697962623,dfine_sahi,136367.0,keyboard,0.5627,963.04,452.36,1033.97,475.54,1644.1,70.94,23.18,3.06,False,,True,R-desk,44,evt_S-61_upper_body_0022,3b3dbd98ce9b2859,lap_bag_context,no_pose_observation,34560.0,1.33,,1,cam12/e1/v1,
full,03.CCTV Mobile Usage.mkv,632de9ed55947761d56d4c6142a3cb1a1fe69d0b1a6d0e01a2e404c697962623,dfine_sahi,136367.0,unknown_object,0.4271,700.0,380.61,761.09,475.1,5772.2,61.09,94.49,0.647,False,,True,R-desk,44,evt_S-61_upper_body_0022,3b3dbd98ce9b2859,lap_bag_context,no_pose_observation,34560.0,1.33,,1,cam12/e1/v1,
full,03.CCTV Mobile Usage.mkv,632de9ed55947761d56d4c6142a3cb1a1fe69d0b1a6d0e01a2e404c697962623,dfine_sahi,136367.0,keyboard,0.378,882.19,380.21,968.76,452.77,6282.4,86.58,72.56,1.193,False,,True,R-desk,44,evt_S-61_upper_body_0022,3b3dbd98ce9b2859,lap_bag_context,no_pose_observation,34560.0,1.33,,1,cam12/e1/v1,
full,03.CCTV Mobile Usage.mkv,632de9ed55947761d56d4c6142a3cb1a1fe69d0b1a6d0e01a2e404c697962623,dfine_sahi,136367.0,mouse,0.365,967.18,398.35,991.86,410.5,299.8,24.68,12.15,2.032,False,,True,R-desk,44,evt_S-61_upper_body_0022,3b3dbd98ce9b2859,lap_bag_context,no_pose_observation,34560.0,1.33,,1,cam12/e1/v1,
full,03.CCTV Mobile Usage.mkv,632de9ed55947761d56d4c6142a3cb1a1fe69d0b1a6d0e01a2e404c697962623,dfine_sahi,136367.0,monitor_or_bezel,0.3569,881.1,396.18,948.71,452.37,3798.8,67.61,56.19,1.203,False,,True,R-desk,44,evt_S-61_upper_body_0022,3b3dbd98ce9b2859,lap_bag_context,no_pose_observation,34560.0,1.33,,1,cam12/e1/v1,
full,03.CCTV Mobile Usage.mkv,632de9ed55947761d56d4c6142a3cb1a1fe69d0b1a6d0e01a2e404c697962623,dfine_sahi,136367.0,keyboard,0.3473,910.02,411.37,1092.3,506.29,17301.1,182.27,94.92,1.92,False,,True,R-desk,44,evt_S-61_upper_body_0022,3b3dbd98ce9b2859,lap_bag_context,no_pose_observation,34560.0,1.33,,1,cam12/e1/v1,
full,03.CCTV Mobile Usage.mkv,632de9ed55947761d56d4c6142a3cb1a1fe69d0b1a6d0e01a2e404c697962623,dfine_sahi,136367.0,mouse,0.3258,990.85,399.51,1026.43,413.33,491.7,35.58,13.82,2.575,False,,True,R-desk,44,evt_S-61_upper_body_0022,3b3dbd98ce9b2859,lap_bag_context,no_pose_observation,34560.0,1.33,,1,cam12/e1/v1,
full,03.CCTV Mobile Usage.mkv,632de9ed55947761d56d4c6142a3cb1a1fe69d0b1a6d0e01a2e404c697962623,dfine_sahi,136367.0,unknown_object,0.325,700.24,410.5,969.86,506.28,25823.3,269.62,95.78,2.815,False,,True,R-desk,44,evt_S-61_upper_body_0022,3b3dbd98ce9b2859,lap_bag_context,no_pose_observation,34560.0,1.33,,1,cam12/e1/v1,
full,03.CCTV Mobile Usage.mkv,632de9ed55947761d56d4c6142a3cb1a1fe69d0b1a6d0e01a2e404c697962623,dfine_sahi,136367.0,unknown_object,0.3086,879.97,411.36,969.87,505.69,8480.0,89.9,94.33,0.953,False,,True,R-desk,44,evt_S-61_upper_body_0022,3b3dbd98ce9b2859,lap_bag_context,no_pose_observation,34560.0,1.33,,1,cam12/e1/v1,
full,03.CCTV Mobile Usage.mkv,632de9ed55947761d56d4c6142a3cb1a1fe69d0b1a6d0e01a2e404c697962623,dfine_sahi,136367.0,phone,0.2871,1052.39,411.4,1139.76,447.57,3160.3,87.37,36.17,2.415,False,,True,R-desk,44,evt_S-61_upper_body_0022,3b3dbd98ce9b2859,lap_bag_context,no_pose_observation,34560.0,1.33,,1,cam12/e1/v1,
full,03.CCTV Mobile Usage.mkv,632de9ed55947761d56d4c6142a3cb1a1fe69d0b1a6d0e01a2e404c697962623,dfine_sahi,136367.0,unknown_object,0.2795,881.67,411.12,969.78,453.26,3713.1,88.12,42.14,2.091,False,,True,R-desk,44,evt_S-61_upper_body_0022,3b3dbd98ce9b2859,lap_bag_context,no_pose_observation,34560.0,1.33,,1,cam12/e1/v1,
full,03.CCTV Mobile Usage.mkv,632de9ed55947761d56d4c6142a3cb1a1fe69d0b1a6d0e01a2e404c697962623,dfine_sahi,136367.0,keyboard,0.2644,965.94,395.84,1101.21,474.78,10677.6,135.27,78.93,1.714,False,,True,R-desk,44,evt_S-61_upper_body_0022,3b3dbd98ce9b2859,lap_bag_context,no_pose_observation,34560.0,1.33,,1,cam12/e1/v1,
full,03.CCTV Mobile Usage.mkv,632de9ed55947761d56d4c6142a3cb1a1fe69d0b1a6d0e01a2e404c697962623,dfine_sahi,136367.0,unknown_object,0.2592,864.59,466.54,957.96,506.56,3736.4,93.37,40.02,2.333,False,,True,R-desk,44,evt_S-61_upper_body_0022,3b3dbd98ce9b2859,lap_bag_context,no_pose_observation,34560.0,1.33,,1,cam12/e1/v1,
full,03.CCTV Mobile Usage.mkv,632de9ed55947761d56d4c6142a3cb1a1fe69d0b1a6d0e01a2e404c697962623,dfine_sahi,136367.0,keyboard,0.9114,962.28,451.92,1067.83,491.35,4162.2,105.55,39.43,2.677,False,,True,R-desk,45,evt_S-61_upper_body_0022,3b3dbd98ce9b2859,lap_bag_context,no_pose_observation,34560.0,1.33,,1,cam12/e1/v1,
full,03.CCTV Mobile Usage.mkv,632de9ed55947761d56d4c6142a3cb1a1fe69d0b1a6d0e01a2e404c697962623,dfine_sahi,136367.0,mouse,0.7767,864.81,413.41,891.4,435.29,581.7,26.59,21.88,1.215,False,,True,R-desk,45,evt_S-61_upper_body_0022,3b3dbd98ce9b2859,lap_bag_context,no_pose_observation,34560.0,1.33,,1,cam12/e1/v1,
full,03.CCTV Mobile Usage.mkv,632de9ed55947761d56d4c6142a3cb1a1fe69d0b1a6d0e01a2e404c697962623,dfine_sahi,136367.0,phone,0.7557,1043.4,421.41,1111.93,473.93,3599.2,68.52,52.52,1.305,False,,True,R-desk,45,evt_S-61_upper_body_0022,3b3dbd98ce9b2859,lap_bag_context,no_pose_observation,34560.0,1.33,,1,cam12/e1/v1,
full,03.CCTV Mobile Usage.mkv,632de9ed55947761d56d4c6142a3cb1a1fe69d0b1a6d0e01a2e404c697962623,dfine_sahi,136367.0,unknown_object,0.7511,699.87,396.13,843.42,492.36,13814.1,143.55,96.23,1.492,False,,True,R-desk,45,evt_S-61_upper_body_0022,3b3dbd98ce9b2859,lap_bag_context,no_pose_observation,34560.0,1.33,,1,cam12/e1/v1,
full,03.CCTV Mobile Usage.mkv,632de9ed55947761d56d4c6142a3cb1a1fe69d0b1a6d0e01a2e404c697962623,dfine_sahi,136367.0,keyboard,0.7212,771.77,380.15,871.14,420.46,4005.3,99.37,40.31,2.465,False,,True,R-desk,45,evt_S-61_upper_body_0022,3b3dbd98ce9b2859,lap_bag_context,no_pose_observation,34560.0,1.33,,1,cam12/e1/v1,
full,03.CCTV Mobile Usage.mkv,632de9ed55947761d56d4c6142a3cb1a1fe69d0b1a6d0e01a2e404c697962623,dfine_sahi,136367.0,keyboard,0.6654,802.71,396.24,870.66,420.6,1655.0,67.95,24.36,2.79,False,,True,R-desk,45,evt_S-61_upper_body_0022,3b3dbd98ce9b2859,lap_bag_context,no_pose_observation,34560.0,1.33,,1,cam12/e1/v1,
full,03.CCTV Mobile Usage.mkv,632de9ed55947761d56d4c6142a3cb1a1fe69d0b1a6d0e01a2e404c697962623,dfine_sahi,136367.0,monitor_or_bezel,0.6585,963.28,380.54,1152.75,474.94,17886.8,189.47,94.4,2.007,False,,True,R-desk,45,evt_S-61_upper_body_0022,3b3dbd98ce9b2859,lap_bag_context,no_pose_observation,34560.0,1.33,,1,cam12/e1/v1,
full,03.CCTV Mobile Usage.mkv,632de9ed55947761d56d4c6142a3cb1a1fe69d0b1a6d0e01a2e404c697962623,dfine_sahi,136367.0,monitor_or_bezel,0.6505,1018.95,395.72,1145.75,447.85,6609.8,126.8,52.13,2.433,False,,True,R-desk,45,evt_S-61_upper_body_0022,3b3dbd98ce9b2859,lap_bag_context,no_pose_observation,34560.0,1.33,,1,cam12/e1/v1,
full,03.CCTV Mobile Usage.mkv,632de9ed55947761d56d4c6142a3cb1a1fe69d0b1a6d0e01a2e404c697962623,dfine_sahi,136367.0,monitor_or_bezel,0.6259,910.24,411.23,1141.82,506.34,22025.9,231.57,95.11,2.435,False,,True,R-desk,45,evt_S-61_upper_body_0022,3b3dbd98ce9b2859,lap_bag_context,no_pose_observation,34560.0,1.33,,1,cam12/e1/v1,
full,03.CCTV Mobile Usage.mkv,632de9ed55947761d56d4c6142a3cb1a1fe69d0b1a6d0e01a2e404c697962623,dfine_sahi,136367.0,monitor_or_bezel,0.5989,708.61,379.87,969.63,474.89,24801.2,261.02,95.02,2.747,False,,True,R-desk,45,evt_S-61_upper_body_0022,3b3dbd98ce9b2859,lap_bag_context,no_pose_observation,34560.0,1.33,,1,cam12/e1/v1,
full,03.CCTV Mobile Usage.mkv,632de9ed55947761d56d4c6142a3cb1a1fe69d0b1a6d0e01a2e404c697962623,dfine_sahi,136367.0,keyboard,0.5627,963.04,452.36,1033.97,475.54,1644.1,70.94,23.18,3.06,False,,True,R-desk,45,evt_S-61_upper_body_0022,3b3dbd98ce9b2859,lap_bag_context,no_pose_observation,34560.0,1.33,,1,cam12/e1/v1,
full,03.CCTV Mobile Usage.mkv,632de9ed55947761d56d4c6142a3cb1a1fe69d0b1a6d0e01a2e404c697962623,dfine_sahi,136367.0,unknown_object,0.4271,700.0,380.61,761.09,475.1,5772.2,61.09,94.49,0.647,False,,True,R-desk,45,evt_S-61_upper_body_0022,3b3dbd98ce9b2859,lap_bag_context,no_pose_observation,34560.0,1.33,,1,cam12/e1/v1,
full,03.CCTV Mobile Usage.mkv,632de9ed55947761d56d4c6142a3cb1a1fe69d0b1a6d0e01a2e404c697962623,dfine_sahi,136367.0,keyboard,0.378,882.19,380.21,968.76,452.77,6282.4,86.58,72.56,1.193,False,,True,R-desk,45,evt_S-61_upper_body_0022,3b3dbd98ce9b2859,lap_bag_context,no_pose_observation,34560.0,1.33,,1,cam12/e1/v1,
full,03.CCTV Mobile Usage.mkv,632de9ed55947761d56d4c6142a3cb1a1fe69d0b1a6d0e01a2e404c697962623,dfine_sahi,136367.0,mouse,0.365,967.18,398.35,991.86,410.5,299.8,24.68,12.15,2.032,False,,True,R-desk,45,evt_S-61_upper_body_0022,3b3dbd98ce9b2859,lap_bag_context,no_pose_observation,34560.0,1.33,,1,cam12/e1/v1,
full,03.CCTV Mobile Usage.mkv,632de9ed55947761d56d4c6142a3cb1a1fe69d0b1a6d0e01a2e404c697962623,dfine_sahi,136367.0,monitor_or_bezel,0.3569,881.1,396.18,948.71,452.37,3798.8,67.61,56.19,1.203,False,,True,R-desk,45,evt_S-61_upper_body_0022,3b3dbd98ce9b2859,lap_bag_context,no_pose_observation,34560.0,1.33,,1,cam12/e1/v1,
full,03.CCTV Mobile Usage.mkv,632de9ed55947761d56d4c6142a3cb1a1fe69d0b1a6d0e01a2e404c697962623,dfine_sahi,136367.0,keyboard,0.3473,910.02,411.37,1092.3,506.29,17301.1,182.27,94.92,1.92,False,,True,R-desk,45,evt_S-61_upper_body_0022,3b3dbd98ce9b2859,lap_bag_context,no_pose_observation,34560.0,1.33,,1,cam12/e1/v1,
full,03.CCTV Mobile Usage.mkv,632de9ed55947761d56d4c6142a3cb1a1fe69d0b1a6d0e01a2e404c697962623,dfine_sahi,136367.0,mouse,0.3258,990.85,399.51,1026.43,413.33,491.7,35.58,13.82,2.575,False,,True,R-desk,45,evt_S-61_upper_body_0022,3b3dbd98ce9b2859,lap_bag_context,no_pose_observation,34560.0,1.33,,1,cam12/e1/v1,
full,03.CCTV Mobile Usage.mkv,632de9ed55947761d56d4c6142a3cb1a1fe69d0b1a6d0e01a2e404c697962623,dfine_sahi,136367.0,unknown_object,0.325,700.24,410.5,969.86,506.28,25823.3,269.62,95.78,2.815,False,,True,R-desk,45,evt_S-61_upper_body_0022,3b3dbd98ce9b2859,lap_bag_context,no_pose_observation,34560.0,1.33,,1,cam12/e1/v1,
full,03.CCTV Mobile Usage.mkv,632de9ed55947761d56d4c6142a3cb1a1fe69d0b1a6d0e01a2e404c697962623,dfine_sahi,136367.0,unknown_object,0.3086,879.97,411.36,969.87,505.69,8480.0,89.9,94.33,0.953,False,,True,R-desk,45,evt_S-61_upper_body_0022,3b3dbd98ce9b2859,lap_bag_context,no_pose_observation,34560.0,1.33,,1,cam12/e1/v1,
full,03.CCTV Mobile Usage.mkv,632de9ed55947761d56d4c6142a3cb1a1fe69d0b1a6d0e01a2e404c697962623,dfine_sahi,136367.0,phone,0.2871,1052.39,411.4,1139.76,447.57,3160.3,87.37,36.17,2.415,False,,True,R-desk,45,evt_S-61_upper_body_0022,3b3dbd98ce9b2859,lap_bag_context,no_pose_observation,34560.0,1.33,,1,cam12/e1/v1,
full,03.CCTV Mobile Usage.mkv,632de9ed55947761d56d4c6142a3cb1a1fe69d0b1a6d0e01a2e404c697962623,dfine_sahi,136367.0,unknown_object,0.2795,881.67,411.12,969.78,453.26,3713.1,88.12,42.14,2.091,False,,True,R-desk,45,evt_S-61_upper_body_0022,3b3dbd98ce9b2859,lap_bag_context,no_pose_observation,34560.0,1.33,,1,cam12/e1/v1,
full,03.CCTV Mobile Usage.mkv,632de9ed55947761d56d4c6142a3cb1a1fe69d0b1a6d0e01a2e404c697962623,dfine_sahi,136367.0,keyboard,0.2644,965.94,395.84,1101.21,474.78,10677.6,135.27,78.93,1.714,False,,True,R-desk,45,evt_S-61_upper_body_0022,3b3dbd98ce9b2859,lap_bag_context,no_pose_observation,34560.0,1.33,,1,cam12/e1/v1,
full,03.CCTV Mobile Usage.mkv,632de9ed55947761d56d4c6142a3cb1a1fe69d0b1a6d0e01a2e404c697962623,dfine_sahi,136367.0,unknown_object,0.2592,864.59,466.54,957.96,506.56,3736.4,93.37,40.02,2.333,False,,True,R-desk,45,evt_S-61_upper_body_0022,3b3dbd98ce9b2859,lap_bag_context,no_pose_observation,34560.0,1.33,,1,cam12/e1/v1,
full,03.CCTV Mobile Usage.mkv,632de9ed55947761d56d4c6142a3cb1a1fe69d0b1a6d0e01a2e404c697962623,dfine_sahi,136367.0,unknown_object,0.4548,143.01,467.65,177.37,522.11,1871.5,34.37,54.46,0.631,False,,True,S-61,38,evt_S-61_upper_body_0022,a1d42db1700d63c7,pose_hand_context,,8790.9,6.83,,1,cam12/e1/v1,rtmpose_baseline
full,03.CCTV Mobile Usage.mkv,632de9ed55947761d56d4c6142a3cb1a1fe69d0b1a6d0e01a2e404c697962623,dfine_sahi,136367.0,unknown_object,0.3723,190.9,467.13,238.98,525.1,2787.1,48.07,57.98,0.829,False,,True,S-61,38,evt_S-61_upper_body_0022,a1d42db1700d63c7,pose_hand_context,,8790.9,6.83,,1,cam12/e1/v1,rtmpose_baseline
full,03.CCTV Mobile Usage.mkv,632de9ed55947761d56d4c6142a3cb1a1fe69d0b1a6d0e01a2e404c697962623,dfine_sahi,136367.0,unknown_object,0.2793,143.02,508.19,238.93,603.58,9149.2,95.91,95.39,1.006,False,,True,S-61,38,evt_S-61_upper_body_0022,a1d42db1700d63c7,pose_hand_context,,8790.9,6.83,,1,cam12/e1/v1,rtmpose_baseline
full,03.CCTV Mobile Usage.mkv,632de9ed55947761d56d4c6142a3cb1a1fe69d0b1a6d0e01a2e404c697962623,dfine_sahi,136367.0,unknown_object,0.2718,184.05,508.21,279.94,603.5,9138.4,95.9,95.3,1.006,False,,True,S-61,38,evt_S-61_upper_body_0022,a1d42db1700d63c7,pose_hand_context,,8790.9,6.83,,1,cam12/e1/v1,rtmpose_baseline
full,03.CCTV Mobile Usage.mkv,632de9ed55947761d56d4c6142a3cb1a1fe69d0b1a6d0e01a2e404c697962623,dfine_sahi,136583.0,unknown_object,0.5617,134.01,516.21,229.88,611.4,9126.8,95.87,95.2,1.007,False,,True,S-61,38,evt_S-61_desk_work_surface_0007,65cff10b1905b625,pose_hand_context,,11854.9,5.88,,1,cam12/e1/v1,rtmpose_baseline
full,03.CCTV Mobile Usage.mkv,632de9ed55947761d56d4c6142a3cb1a1fe69d0b1a6d0e01a2e404c697962623,dfine_sahi,136583.0,unknown_object,0.4826,204.75,556.44,260.96,594.87,2159.8,56.21,38.43,1.463,False,,True,S-61,38,evt_S-61_desk_work_surface_0007,65cff10b1905b625,pose_hand_context,,11854.9,5.88,,1,cam12/e1/v1,rtmpose_baseline
full,03.CCTV Mobile Usage.mkv,632de9ed55947761d56d4c6142a3cb1a1fe69d0b1a6d0e01a2e404c697962623,dfine_sahi,136583.0,unknown_object,0.4491,133.96,468.14,176.53,521.45,2269.3,42.57,53.31,0.799,False,,True,S-61,38,evt_S-61_desk_work_surface_0007,65cff10b1905b625,pose_hand_context,,11854.9,5.88,,1,cam12/e1/v1,rtmpose_baseline
full,03.CCTV Mobile Usage.mkv,632de9ed55947761d56d4c6142a3cb1a1fe69d0b1a6d0e01a2e404c697962623,dfine_sahi,136583.0,unknown_object,0.3865,182.0,516.06,277.89,583.18,6436.4,95.89,67.13,1.428,False,,True,S-61,38,evt_S-61_desk_work_surface_0007,65cff10b1905b625,pose_hand_context,,11854.9,5.88,,1,cam12/e1/v1,rtmpose_baseline
full,03.CCTV Mobile Usage.mkv,632de9ed55947761d56d4c6142a3cb1a1fe69d0b1a6d0e01a2e404c697962623,dfine_sahi,136583.0,unknown_object,0.3032,188.63,468.12,260.03,527.82,4262.8,71.4,59.7,1.196,False,,True,S-61,38,evt_S-61_desk_work_surface_0007,65cff10b1905b625,pose_hand_context,,11854.9,5.88,,1,cam12/e1/v1,rtmpose_baseline
full,03.CCTV Mobile Usage.mkv,632de9ed55947761d56d4c6142a3cb1a1fe69d0b1a6d0e01a2e404c697962623,dfine_sahi,136583.0,keyboard,0.9078,962.27,451.92,1067.7,491.37,4159.2,105.43,39.45,2.672,False,,True,R-desk,45,evt_S-61_desk_work_surface_0007,bd8581999b3cb815,lap_bag_context,no_pose_observation,34560.0,1.33,,1,cam12/e1/v1,
full,03.CCTV Mobile Usage.mkv,632de9ed55947761d56d4c6142a3cb1a1fe69d0b1a6d0e01a2e404c697962623,dfine_sahi,136583.0,mouse,0.7356,864.95,413.57,891.37,435.58,581.7,26.42,22.02,1.2,False,,True,R-desk,45,evt_S-61_desk_work_surface_0007,bd8581999b3cb815,lap_bag_context,no_pose_observation,34560.0,1.33,,1,cam12/e1/v1,
full,03.CCTV Mobile Usage.mkv,632de9ed55947761d56d4c6142a3cb1a1fe69d0b1a6d0e01a2e404c697962623,dfine_sahi,136583.0,monitor_or_bezel,0.7317,963.05,380.54,1152.76,475.04,17927.0,189.7,94.5,2.007,False,,True,R-desk,45,evt_S-61_desk_work_surface_0007,bd8581999b3cb815,lap_bag_context,no_pose_observation,34560.0,1.33,,1,cam12/e1/v1,
full,03.CCTV Mobile Usage.mkv,632de9ed55947761d56d4c6142a3cb1a1fe69d0b1a6d0e01a2e404c697962623,dfine_sahi,136583.0,unknown_object,0.7287,699.87,396.11,843.41,492.22,13796.1,143.55,96.11,1.494,False,,True,R-desk,45,evt_S-61_desk_work_surface_0007,bd8581999b3cb815,lap_bag_context,no_pose_observation,34560.0,1.33,,1,cam12/e1/v1,
full,03.CCTV Mobile Usage.mkv,632de9ed55947761d56d4c6142a3cb1a1fe69d0b1a6d0e01a2e404c697962623,dfine_sahi,136583.0,phone,0.716,1043.35,421.09,1112.07,473.86,3626.2,68.73,52.76,1.303,False,,True,R-desk,45,evt_S-61_desk_work_surface_0007,bd8581999b3cb815,lap_bag_context,no_pose_observation,34560.0,1.33,,1,cam12/e1/v1,
full,03.CCTV Mobile Usage.mkv,632de9ed55947761d56d4c6142a3cb1a1fe69d0b1a6d0e01a2e404c697962623,dfine_sahi,136583.0,keyboard,0.7122,771.84,380.17,871.23,420.48,4005.7,99.39,40.3,2.466,False,,True,R-desk,45,evt_S-61_desk_work_surface_0007,bd8581999b3cb815,lap_bag_context,no_pose_observation,34560.0,1.33,,1,cam12/e1/v1,
full,03.CCTV Mobile Usage.mkv,632de9ed55947761d56d4c6142a3cb1a1fe69d0b1a6d0e01a2e404c697962623,dfine_sahi,136583.0,keyboard,0.6588,802.71,396.23,870.49,420.54,1647.8,67.78,24.31,2.788,False,,True,R-desk,45,evt_S-61_desk_work_surface_0007,bd8581999b3cb815,lap_bag_context,no_pose_observation,34560.0,1.33,,1,cam12/e1/v1,
full,03.CCTV Mobile Usage.mkv,632de9ed55947761d56d4c6142a3cb1a1fe69d0b1a6d0e01a2e404c697962623,dfine_sahi,136583.0,monitor_or_bezel,0.6328,1018.92,395.73,1145.72,447.5,6565.7,126.81,51.78,2.449,False,,True,R-desk,45,evt_S-61_desk_work_surface_0007,bd8581999b3cb815,lap_bag_context,no_pose_observation,34560.0,1.33,,1,cam12/e1/v1,
full,03.CCTV Mobile Usage.mkv,632de9ed55947761d56d4c6142a3cb1a1fe69d0b1a6d0e01a2e404c697962623,dfine_sahi,136583.0,monitor_or_bezel,0.5821,910.23,411.15,1141.96,506.34,22059.1,231.74,95.19,2.434,False,,True,R-desk,45,evt_S-61_desk_work_surface_0007,bd8581999b3cb815,lap_bag_context,no_pose_observation,34560.0,1.33,,1,cam12/e1/v1,
full,03.CCTV Mobile Usage.mkv,632de9ed55947761d56d4c6142a3cb1a1fe69d0b1a6d0e01a2e404c697962623,dfine_sahi,136583.0,monitor_or_bezel,0.5777,707.26,379.91,968.75,475.01,24867.2,261.49,95.1,2.75,False,,True,R-desk,45,evt_S-61_desk_work_surface_0007,bd8581999b3cb815,lap_bag_context,no_pose_observation,34560.0,1.33,,1,cam12/e1/v1,
full,03.CCTV Mobile Usage.mkv,632de9ed55947761d56d4c6142a3cb1a1fe69d0b1a6d0e01a2e404c697962623,dfine_sahi,136583.0,keyboard,0.5663,962.95,452.36,1034.92,475.57,1670.3,71.96,23.21,3.1,False,,True,R-desk,45,evt_S-61_desk_work_surface_0007,bd8581999b3cb815,lap_bag_context,no_pose_observation,34560.0,1.33,,1,cam12/e1/v1,
full,03.CCTV Mobile Usage.mkv,632de9ed55947761d56d4c6142a3cb1a1fe69d0b1a6d0e01a2e404c697962623,dfine_sahi,136583.0,unknown_object,0.3861,700.25,410.54,969.86,506.31,25819.6,269.61,95.76,2.815,False,,True,R-desk,45,evt_S-61_desk_work_surface_0007,bd8581999b3cb815,lap_bag_context,no_pose_observation,34560.0,1.33,,1,cam12/e1/v1,
full,03.CCTV Mobile Usage.mkv,632de9ed55947761d56d4c6142a3cb1a1fe69d0b1a6d0e01a2e404c697962623,dfine_sahi,136583.0,unknown_object,0.3609,700.01,380.66,761.13,475.23,5780.5,61.12,94.57,0.646,False,,True,R-desk,45,evt_S-61_desk_work_surface_0007,bd8581999b3cb815,lap_bag_context,no_pose_observation,34560.0,1.33,,1,cam12/e1/v1,
full,03.CCTV Mobile Usage.mkv,632de9ed55947761d56d4c6142a3cb1a1fe69d0b1a6d0e01a2e404c697962623,dfine_sahi,136583.0,mouse,0.3542,967.24,398.33,991.83,410.48,298.7,24.59,12.15,2.024,False,,True,R-desk,45,evt_S-61_desk_work_surface_0007,bd8581999b3cb815,lap_bag_context,no_pose_observation,34560.0,1.33,,1,cam12/e1/v1,
full,03.CCTV Mobile Usage.mkv,632de9ed55947761d56d4c6142a3cb1a1fe69d0b1a6d0e01a2e404c697962623,dfine_sahi,136583.0,mouse,0.327,990.71,399.45,1026.9,413.37,503.5,36.19,13.91,2.601,False,,True,R-desk,45,evt_S-61_desk_work_surface_0007,bd8581999b3cb815,lap_bag_context,no_pose_observation,34560.0,1.33,,1,cam12/e1/v1,
full,03.CCTV Mobile Usage.mkv,632de9ed55947761d56d4c6142a3cb1a1fe69d0b1a6d0e01a2e404c697962623,dfine_sahi,136583.0,keyboard,0.3171,910.04,411.38,1092.16,506.28,17282.0,182.11,94.9,1.919,False,,True,R-desk,45,evt_S-61_desk_work_surface_0007,bd8581999b3cb815,lap_bag_context,no_pose_observation,34560.0,1.33,,1,cam12/e1/v1,
full,03.CCTV Mobile Usage.mkv,632de9ed55947761d56d4c6142a3cb1a1fe69d0b1a6d0e01a2e404c697962623,dfine_sahi,136583.0,monitor_or_bezel,0.316,881.26,396.2,948.53,452.37,3778.6,67.27,56.17,1.198,False,,True,R-desk,45,evt_S-61_desk_work_surface_0007,bd8581999b3cb815,lap_bag_context,no_pose_observation,34560.0,1.33,,1,cam12/e1/v1,
full,03.CCTV Mobile Usage.mkv,632de9ed55947761d56d4c6142a3cb1a1fe69d0b1a6d0e01a2e404c697962623,dfine_sahi,136583.0,keyboard,0.3144,965.05,393.62,1122.86,475.1,12858.6,157.8,81.48,1.937,False,,True,R-desk,45,evt_S-61_desk_work_surface_0007,bd8581999b3cb815,lap_bag_context,no_pose_observation,34560.0,1.33,,1,cam12/e1/v1,
full,03.CCTV Mobile Usage.mkv,632de9ed55947761d56d4c6142a3cb1a1fe69d0b1a6d0e01a2e404c697962623,dfine_sahi,136583.0,unknown_object,0.3065,879.6,411.34,969.87,505.75,8522.3,90.27,94.41,0.956,False,,True,R-desk,45,evt_S-61_desk_work_surface_0007,bd8581999b3cb815,lap_bag_context,no_pose_observation,34560.0,1.33,,1,cam12/e1/v1,
full,03.CCTV Mobile Usage.mkv,632de9ed55947761d56d4c6142a3cb1a1fe69d0b1a6d0e01a2e404c697962623,dfine_sahi,136583.0,keyboard,0.3041,881.97,380.18,966.69,452.81,6154.2,84.72,72.64,1.166,False,,True,R-desk,45,evt_S-61_desk_work_surface_0007,bd8581999b3cb815,lap_bag_context,no_pose_observation,34560.0,1.33,,1,cam12/e1/v1,
full,03.CCTV Mobile Usage.mkv,632de9ed55947761d56d4c6142a3cb1a1fe69d0b1a6d0e01a2e404c697962623,dfine_sahi,136583.0,unknown_object,0.2887,881.74,411.13,969.76,453.32,3713.3,88.02,42.19,2.086,False,,True,R-desk,45,evt_S-61_desk_work_surface_0007,bd8581999b3cb815,lap_bag_context,no_pose_observation,34560.0,1.33,,1,cam12/e1/v1,
full,03.CCTV Mobile Usage.mkv,632de9ed55947761d56d4c6142a3cb1a1fe69d0b1a6d0e01a2e404c697962623,dfine_sahi,136583.0,monitor_or_bezel,0.2836,737.82,395.62,1147.17,491.06,39066.1,409.34,95.44,4.289,False,,True,R-desk,45,evt_S-61_desk_work_surface_0007,bd8581999b3cb815,lap_bag_context,no_pose_observation,34560.0,1.33,,1,cam12/e1/v1,
full,03.CCTV Mobile Usage.mkv,632de9ed55947761d56d4c6142a3cb1a1fe69d0b1a6d0e01a2e404c697962623,dfine_sahi,136583.0,unknown_object,0.2793,864.13,465.68,958.0,506.58,3839.2,93.87,40.9,2.295,False,,True,R-desk,45,evt_S-61_desk_work_surface_0007,bd8581999b3cb815,lap_bag_context,no_pose_observation,34560.0,1.33,,1,cam12/e1/v1,
full,03.CCTV Mobile Usage.mkv,632de9ed55947761d56d4c6142a3cb1a1fe69d0b1a6d0e01a2e404c697962623,dfine_sahi,136583.0,phone,0.263,1052.27,411.38,1139.8,447.52,3163.6,87.53,36.14,2.422,False,,True,R-desk,45,evt_S-61_desk_work_surface_0007,bd8581999b3cb815,lap_bag_context,no_pose_observation,34560.0,1.33,,1,cam12/e1/v1,
full,03.CCTV Mobile Usage.mkv,632de9ed55947761d56d4c6142a3cb1a1fe69d0b1a6d0e01a2e404c697962623,dfine_sahi,136583.0,unknown_object,0.2561,864.33,413.62,891.86,436.39,626.9,27.53,22.77,1.209,False,,True,R-desk,45,evt_S-61_desk_work_surface_0007,bd8581999b3cb815,lap_bag_context,no_pose_observation,34560.0,1.33,,1,cam12/e1/v1,
full,03.CCTV Mobile Usage.mkv,632de9ed55947761d56d4c6142a3cb1a1fe69d0b1a6d0e01a2e404c697962623,dfine_sahi,136867.0,keyboard,0.9078,962.27,451.92,1067.7,491.37,4159.2,105.43,39.45,2.672,False,,True,R-desk,45,evt_S-61_upper_body_0022,9288fa4f7a20cfac,lap_bag_context,no_pose_observation,34560.0,1.33,,1,cam12/e1/v1,
full,03.CCTV Mobile Usage.mkv,632de9ed55947761d56d4c6142a3cb1a1fe69d0b1a6d0e01a2e404c697962623,dfine_sahi,136867.0,mouse,0.7356,864.95,413.57,891.37,435.58,581.7,26.42,22.02,1.2,False,,True,R-desk,45,evt_S-61_upper_body_0022,9288fa4f7a20cfac,lap_bag_context,no_pose_observation,34560.0,1.33,,1,cam12/e1/v1,
full,03.CCTV Mobile Usage.mkv,632de9ed55947761d56d4c6142a3cb1a1fe69d0b1a6d0e01a2e404c697962623,dfine_sahi,136867.0,monitor_or_bezel,0.7317,963.05,380.54,1152.76,475.04,17927.0,189.7,94.5,2.007,False,,True,R-desk,45,evt_S-61_upper_body_0022,9288fa4f7a20cfac,lap_bag_context,no_pose_observation,34560.0,1.33,,1,cam12/e1/v1,
full,03.CCTV Mobile Usage.mkv,632de9ed55947761d56d4c6142a3cb1a1fe69d0b1a6d0e01a2e404c697962623,dfine_sahi,136867.0,unknown_object,0.7287,699.87,396.11,843.41,492.22,13796.1,143.55,96.11,1.494,False,,True,R-desk,45,evt_S-61_upper_body_0022,9288fa4f7a20cfac,lap_bag_context,no_pose_observation,34560.0,1.33,,1,cam12/e1/v1,
full,03.CCTV Mobile Usage.mkv,632de9ed55947761d56d4c6142a3cb1a1fe69d0b1a6d0e01a2e404c697962623,dfine_sahi,136867.0,phone,0.716,1043.35,421.09,1112.07,473.86,3626.2,68.73,52.76,1.303,False,,True,R-desk,45,evt_S-61_upper_body_0022,9288fa4f7a20cfac,lap_bag_context,no_pose_observation,34560.0,1.33,,1,cam12/e1/v1,
full,03.CCTV Mobile Usage.mkv,632de9ed55947761d56d4c6142a3cb1a1fe69d0b1a6d0e01a2e404c697962623,dfine_sahi,136867.0,keyboard,0.7122,771.84,380.17,871.23,420.48,4005.7,99.39,40.3,2.466,False,,True,R-desk,45,evt_S-61_upper_body_0022,9288fa4f7a20cfac,lap_bag_context,no_pose_observation,34560.0,1.33,,1,cam12/e1/v1,
full,03.CCTV Mobile Usage.mkv,632de9ed55947761d56d4c6142a3cb1a1fe69d0b1a6d0e01a2e404c697962623,dfine_sahi,136867.0,keyboard,0.6588,802.71,396.23,870.49,420.54,1647.8,67.78,24.31,2.788,False,,True,R-desk,45,evt_S-61_upper_body_0022,9288fa4f7a20cfac,lap_bag_context,no_pose_observation,34560.0,1.33,,1,cam12/e1/v1,
full,03.CCTV Mobile Usage.mkv,632de9ed55947761d56d4c6142a3cb1a1fe69d0b1a6d0e01a2e404c697962623,dfine_sahi,136867.0,monitor_or_bezel,0.6328,1018.92,395.73,1145.72,447.5,6565.7,126.81,51.78,2.449,False,,True,R-desk,45,evt_S-61_upper_body_0022,9288fa4f7a20cfac,lap_bag_context,no_pose_observation,34560.0,1.33,,1,cam12/e1/v1,
full,03.CCTV Mobile Usage.mkv,632de9ed55947761d56d4c6142a3cb1a1fe69d0b1a6d0e01a2e404c697962623,dfine_sahi,136867.0,monitor_or_bezel,0.5821,910.23,411.15,1141.96,506.34,22059.1,231.74,95.19,2.434,False,,True,R-desk,45,evt_S-61_upper_body_0022,9288fa4f7a20cfac,lap_bag_context,no_pose_observation,34560.0,1.33,,1,cam12/e1/v1,
full,03.CCTV Mobile Usage.mkv,632de9ed55947761d56d4c6142a3cb1a1fe69d0b1a6d0e01a2e404c697962623,dfine_sahi,136867.0,monitor_or_bezel,0.5777,707.26,379.91,968.75,475.01,24867.2,261.49,95.1,2.75,False,,True,R-desk,45,evt_S-61_upper_body_0022,9288fa4f7a20cfac,lap_bag_context,no_pose_observation,34560.0,1.33,,1,cam12/e1/v1,
full,03.CCTV Mobile Usage.mkv,632de9ed55947761d56d4c6142a3cb1a1fe69d0b1a6d0e01a2e404c697962623,dfine_sahi,136867.0,keyboard,0.5663,962.95,452.36,1034.92,475.57,1670.3,71.96,23.21,3.1,False,,True,R-desk,45,evt_S-61_upper_body_0022,9288fa4f7a20cfac,lap_bag_context,no_pose_observation,34560.0,1.33,,1,cam12/e1/v1,
full,03.CCTV Mobile Usage.mkv,632de9ed55947761d56d4c6142a3cb1a1fe69d0b1a6d0e01a2e404c697962623,dfine_sahi,136867.0,unknown_object,0.3861,700.25,410.54,969.86,506.31,25819.6,269.61,95.76,2.815,False,,True,R-desk,45,evt_S-61_upper_body_0022,9288fa4f7a20cfac,lap_bag_context,no_pose_observation,34560.0,1.33,,1,cam12/e1/v1,
full,03.CCTV Mobile Usage.mkv,632de9ed55947761d56d4c6142a3cb1a1fe69d0b1a6d0e01a2e404c697962623,dfine_sahi,136867.0,unknown_object,0.3609,700.01,380.66,761.13,475.23,5780.5,61.12,94.57,0.646,False,,True,R-desk,45,evt_S-61_upper_body_0022,9288fa4f7a20cfac,lap_bag_context,no_pose_observation,34560.0,1.33,,1,cam12/e1/v1,
full,03.CCTV Mobile Usage.mkv,632de9ed55947761d56d4c6142a3cb1a1fe69d0b1a6d0e01a2e404c697962623,dfine_sahi,136867.0,mouse,0.3542,967.24,398.33,991.83,410.48,298.7,24.59,12.15,2.024,False,,True,R-desk,45,evt_S-61_upper_body_0022,9288fa4f7a20cfac,lap_bag_context,no_pose_observation,34560.0,1.33,,1,cam12/e1/v1,
full,03.CCTV Mobile Usage.mkv,632de9ed55947761d56d4c6142a3cb1a1fe69d0b1a6d0e01a2e404c697962623,dfine_sahi,136867.0,mouse,0.327,990.71,399.45,1026.9,413.37,503.5,36.19,13.91,2.601,False,,True,R-desk,45,evt_S-61_upper_body_0022,9288fa4f7a20cfac,lap_bag_context,no_pose_observation,34560.0,1.33,,1,cam12/e1/v1,
full,03.CCTV Mobile Usage.mkv,632de9ed55947761d56d4c6142a3cb1a1fe69d0b1a6d0e01a2e404c697962623,dfine_sahi,136867.0,keyboard,0.3171,910.04,411.38,1092.16,506.28,17282.0,182.11,94.9,1.919,False,,True,R-desk,45,evt_S-61_upper_body_0022,9288fa4f7a20cfac,lap_bag_context,no_pose_observation,34560.0,1.33,,1,cam12/e1/v1,
full,03.CCTV Mobile Usage.mkv,632de9ed55947761d56d4c6142a3cb1a1fe69d0b1a6d0e01a2e404c697962623,dfine_sahi,136867.0,monitor_or_bezel,0.316,881.26,396.2,948.53,452.37,3778.6,67.27,56.17,1.198,False,,True,R-desk,45,evt_S-61_upper_body_0022,9288fa4f7a20cfac,lap_bag_context,no_pose_observation,34560.0,1.33,,1,cam12/e1/v1,
full,03.CCTV Mobile Usage.mkv,632de9ed55947761d56d4c6142a3cb1a1fe69d0b1a6d0e01a2e404c697962623,dfine_sahi,136867.0,keyboard,0.3144,965.05,393.62,1122.86,475.1,12858.6,157.8,81.48,1.937,False,,True,R-desk,45,evt_S-61_upper_body_0022,9288fa4f7a20cfac,lap_bag_context,no_pose_observation,34560.0,1.33,,1,cam12/e1/v1,
full,03.CCTV Mobile Usage.mkv,632de9ed55947761d56d4c6142a3cb1a1fe69d0b1a6d0e01a2e404c697962623,dfine_sahi,136867.0,unknown_object,0.3065,879.6,411.34,969.87,505.75,8522.3,90.27,94.41,0.956,False,,True,R-desk,45,evt_S-61_upper_body_0022,9288fa4f7a20cfac,lap_bag_context,no_pose_observation,34560.0,1.33,,1,cam12/e1/v1,
full,03.CCTV Mobile Usage.mkv,632de9ed55947761d56d4c6142a3cb1a1fe69d0b1a6d0e01a2e404c697962623,dfine_sahi,136867.0,keyboard,0.3041,881.97,380.18,966.69,452.81,6154.2,84.72,72.64,1.166,False,,True,R-desk,45,evt_S-61_upper_body_0022,9288fa4f7a20cfac,lap_bag_context,no_pose_observation,34560.0,1.33,,1,cam12/e1/v1,
full,03.CCTV Mobile Usage.mkv,632de9ed55947761d56d4c6142a3cb1a1fe69d0b1a6d0e01a2e404c697962623,dfine_sahi,136867.0,unknown_object,0.2887,881.74,411.13,969.76,453.32,3713.3,88.02,42.19,2.086,False,,True,R-desk,45,evt_S-61_upper_body_0022,9288fa4f7a20cfac,lap_bag_context,no_pose_observation,34560.0,1.33,,1,cam12/e1/v1,
full,03.CCTV Mobile Usage.mkv,632de9ed55947761d56d4c6142a3cb1a1fe69d0b1a6d0e01a2e404c697962623,dfine_sahi,136867.0,monitor_or_bezel,0.2836,737.82,395.62,1147.17,491.06,39066.1,409.34,95.44,4.289,False,,True,R-desk,45,evt_S-61_upper_body_0022,9288fa4f7a20cfac,lap_bag_context,no_pose_observation,34560.0,1.33,,1,cam12/e1/v1,
full,03.CCTV Mobile Usage.mkv,632de9ed55947761d56d4c6142a3cb1a1fe69d0b1a6d0e01a2e404c697962623,dfine_sahi,136867.0,unknown_object,0.2793,864.13,465.68,958.0,506.58,3839.2,93.87,40.9,2.295,False,,True,R-desk,45,evt_S-61_upper_body_0022,9288fa4f7a20cfac,lap_bag_context,no_pose_observation,34560.0,1.33,,1,cam12/e1/v1,
full,03.CCTV Mobile Usage.mkv,632de9ed55947761d56d4c6142a3cb1a1fe69d0b1a6d0e01a2e404c697962623,dfine_sahi,136867.0,phone,0.263,1052.27,411.38,1139.8,447.52,3163.6,87.53,36.14,2.422,False,,True,R-desk,45,evt_S-61_upper_body_0022,9288fa4f7a20cfac,lap_bag_context,no_pose_observation,34560.0,1.33,,1,cam12/e1/v1,
full,03.CCTV Mobile Usage.mkv,632de9ed55947761d56d4c6142a3cb1a1fe69d0b1a6d0e01a2e404c697962623,dfine_sahi,136867.0,unknown_object,0.2561,864.33,413.62,891.86,436.39,626.9,27.53,22.77,1.209,False,,True,R-desk,45,evt_S-61_upper_body_0022,9288fa4f7a20cfac,lap_bag_context,no_pose_observation,34560.0,1.33,,1,cam12/e1/v1,
full,03.CCTV Mobile Usage.mkv,632de9ed55947761d56d4c6142a3cb1a1fe69d0b1a6d0e01a2e404c697962623,dfine_sahi,136867.0,unknown_object,0.6981,80.99,369.16,176.95,464.4,9138.1,95.95,95.24,1.008,False,,True,S-61,38,evt_S-61_upper_body_0022,e03dffc8b8df0955,pose_hand_context,,22722.5,4.25,,1,cam12/e1/v1,rtmpose_baseline
full,03.CCTV Mobile Usage.mkv,632de9ed55947761d56d4c6142a3cb1a1fe69d0b1a6d0e01a2e404c697962623,dfine_sahi,136867.0,unknown_object,0.5335,15.12,303.18,110.81,398.49,9120.2,95.69,95.31,1.004,False,,True,S-61,38,evt_S-61_upper_body_0022,e03dffc8b8df0955,pose_hand_context,,22722.5,4.25,,1,cam12/e1/v1,rtmpose_baseline
full,03.CCTV Mobile Usage.mkv,632de9ed55947761d56d4c6142a3cb1a1fe69d0b1a6d0e01a2e404c697962623,dfine_sahi,136867.0,unknown_object,0.4126,62.09,369.4,110.96,463.76,4610.9,48.87,94.35,0.518,False,,True,S-61,38,evt_S-61_upper_body_0022,e03dffc8b8df0955,pose_hand_context,,22722.5,4.25,,1,cam12/e1/v1,rtmpose_baseline
full,03.CCTV Mobile Usage.mkv,632de9ed55947761d56d4c6142a3cb1a1fe69d0b1a6d0e01a2e404c697962623,dfine_sahi,136867.0,unknown_object,0.378,81.0,303.25,109.47,374.81,2037.1,28.47,71.56,0.398,False,,True,S-61,38,evt_S-61_upper_body_0022,e03dffc8b8df0955,pose_hand_context,,22722.5,4.25,,1,cam12/e1/v1,rtmpose_baseline
full,03.CCTV Mobile Usage.mkv,632de9ed55947761d56d4c6142a3cb1a1fe69d0b1a6d0e01a2e404c697962623,dfine_sahi,136867.0,unknown_object,0.3171,80.97,303.12,177.01,398.54,9164.1,96.04,95.42,1.006,False,,True,S-61,38,evt_S-61_upper_body_0022,e03dffc8b8df0955,pose_hand_context,,22722.5,4.25,,1,cam12/e1/v1,rtmpose_baseline
full,03.CCTV Mobile Usage.mkv,632de9ed55947761d56d4c6142a3cb1a1fe69d0b1a6d0e01a2e404c697962623,dfine_sahi,136867.0,unknown_object,0.2547,15.15,396.91,110.95,464.67,6490.8,95.8,67.75,1.414,False,,True,S-61,38,evt_S-61_upper_body_0022,e03dffc8b8df0955,pose_hand_context,,22722.5,4.25,,1,cam12/e1/v1,rtmpose_baseline
full,03.CCTV Mobile Usage.mkv,632de9ed55947761d56d4c6142a3cb1a1fe69d0b1a6d0e01a2e404c697962623,dfine_sahi,137083.0,unknown_object,0.6916,71.13,373.7,132.03,465.36,5582.2,60.9,91.66,0.664,False,,True,S-61,38,evt_S-61_desk_work_surface_0007,ad961e5e7803345d,pose_hand_context,,32026.7,3.58,,1,cam12/e1/v1,rtmpose_baseline
full,03.CCTV Mobile Usage.mkv,632de9ed55947761d56d4c6142a3cb1a1fe69d0b1a6d0e01a2e404c697962623,dfine_sahi,137083.0,unknown_object,0.6029,114.2,295.07,210.92,385.55,8751.3,96.72,90.48,1.069,False,,True,S-61,38,evt_S-61_desk_work_surface_0007,ad961e5e7803345d,pose_hand_context,,32026.7,3.58,,1,cam12/e1/v1,rtmpose_baseline
full,03.CCTV Mobile Usage.mkv,632de9ed55947761d56d4c6142a3cb1a1fe69d0b1a6d0e01a2e404c697962623,dfine_sahi,137083.0,unknown_object,0.5026,109.98,373.23,210.78,473.38,10094.9,100.8,100.15,1.007,False,,True,S-61,38,evt_S-61_desk_work_surface_0007,ad961e5e7803345d,pose_hand_context,,32026.7,3.58,,1,cam12/e1/v1,rtmpose_baseline
full,03.CCTV Mobile Usage.mkv,632de9ed55947761d56d4c6142a3cb1a1fe69d0b1a6d0e01a2e404c697962623,dfine_sahi,137083.0,stationery,0.4632,43.3,446.04,72.58,473.17,794.4,29.28,27.13,1.079,False,,True,S-61,38,evt_S-61_desk_work_surface_0007,ad961e5e7803345d,pose_hand_context,,32026.7,3.58,,1,cam12/e1/v1,rtmpose_baseline
full,03.CCTV Mobile Usage.mkv,632de9ed55947761d56d4c6142a3cb1a1fe69d0b1a6d0e01a2e404c697962623,dfine_sahi,137083.0,unknown_object,0.3939,110.0,396.77,164.69,465.45,3755.9,54.69,68.68,0.796,False,,True,S-61,38,evt_S-61_desk_work_surface_0007,ad961e5e7803345d,pose_hand_context,,32026.7,3.58,,1,cam12/e1/v1,rtmpose_baseline
full,03.CCTV Mobile Usage.mkv,632de9ed55947761d56d4c6142a3cb1a1fe69d0b1a6d0e01a2e404c697962623,dfine_sahi,137083.0,unknown_object,0.3712,32.05,297.18,165.95,465.46,22532.7,133.9,168.28,0.796,False,,True,S-61,38,evt_S-61_desk_work_surface_0007,ad961e5e7803345d,pose_hand_context,,32026.7,3.58,,1,cam12/e1/v1,rtmpose_baseline
full,03.CCTV Mobile Usage.mkv,632de9ed55947761d56d4c6142a3cb1a1fe69d0b1a6d0e01a2e404c697962623,dfine_sahi,137083.0,unknown_object,0.3348,32.12,296.59,109.2,365.55,5316.0,77.08,68.97,1.118,False,,True,S-61,38,evt_S-61_desk_work_surface_0007,ad961e5e7803345d,pose_hand_context,,32026.7,3.58,,1,cam12/e1/v1,rtmpose_baseline
full,03.CCTV Mobile Usage.mkv,632de9ed55947761d56d4c6142a3cb1a1fe69d0b1a6d0e01a2e404c697962623,dfine_sahi,137083.0,bag,0.3071,32.02,296.41,108.48,363.85,5155.9,76.46,67.44,1.134,False,,True,S-61,38,evt_S-61_desk_work_surface_0007,ad961e5e7803345d,pose_hand_context,,32026.7,3.58,,1,cam12/e1/v1,rtmpose_baseline
full,03.CCTV Mobile Usage.mkv,632de9ed55947761d56d4c6142a3cb1a1fe69d0b1a6d0e01a2e404c697962623,dfine_sahi,137083.0,stationery,0.2901,139.47,422.73,202.32,473.59,3197.0,62.86,50.86,1.236,False,,True,S-61,38,evt_S-61_desk_work_surface_0007,ad961e5e7803345d,pose_hand_context,,32026.7,3.58,,1,cam12/e1/v1,rtmpose_baseline
full,03.CCTV Mobile Usage.mkv,632de9ed55947761d56d4c6142a3cb1a1fe69d0b1a6d0e01a2e404c697962623,dfine_sahi,137083.0,keyboard,0.9078,962.27,451.92,1067.7,491.37,4159.2,105.43,39.45,2.672,False,,True,R-desk,45,evt_S-61_desk_work_surface_0007,f33342f5ef8d79b3,lap_bag_context,no_pose_observation,34560.0,1.33,,1,cam12/e1/v1,
full,03.CCTV Mobile Usage.mkv,632de9ed55947761d56d4c6142a3cb1a1fe69d0b1a6d0e01a2e404c697962623,dfine_sahi,137083.0,mouse,0.7356,864.95,413.57,891.37,435.58,581.7,26.42,22.02,1.2,False,,True,R-desk,45,evt_S-61_desk_work_surface_0007,f33342f5ef8d79b3,lap_bag_context,no_pose_observation,34560.0,1.33,,1,cam12/e1/v1,
full,03.CCTV Mobile Usage.mkv,632de9ed55947761d56d4c6142a3cb1a1fe69d0b1a6d0e01a2e404c697962623,dfine_sahi,137083.0,monitor_or_bezel,0.7317,963.05,380.54,1152.76,475.04,17927.0,189.7,94.5,2.007,False,,True,R-desk,45,evt_S-61_desk_work_surface_0007,f33342f5ef8d79b3,lap_bag_context,no_pose_observation,34560.0,1.33,,1,cam12/e1/v1,
full,03.CCTV Mobile Usage.mkv,632de9ed55947761d56d4c6142a3cb1a1fe69d0b1a6d0e01a2e404c697962623,dfine_sahi,137083.0,unknown_object,0.7287,699.87,396.11,843.41,492.22,13796.1,143.55,96.11,1.494,False,,True,R-desk,45,evt_S-61_desk_work_surface_0007,f33342f5ef8d79b3,lap_bag_context,no_pose_observation,34560.0,1.33,,1,cam12/e1/v1,
full,03.CCTV Mobile Usage.mkv,632de9ed55947761d56d4c6142a3cb1a1fe69d0b1a6d0e01a2e404c697962623,dfine_sahi,137083.0,phone,0.716,1043.35,421.09,1112.07,473.86,3626.2,68.73,52.76,1.303,False,,True,R-desk,45,evt_S-61_desk_work_surface_0007,f33342f5ef8d79b3,lap_bag_context,no_pose_observation,34560.0,1.33,,1,cam12/e1/v1,
full,03.CCTV Mobile Usage.mkv,632de9ed55947761d56d4c6142a3cb1a1fe69d0b1a6d0e01a2e404c697962623,dfine_sahi,137083.0,keyboard,0.7122,771.84,380.17,871.23,420.48,4005.7,99.39,40.3,2.466,False,,True,R-desk,45,evt_S-61_desk_work_surface_0007,f33342f5ef8d79b3,lap_bag_context,no_pose_observation,34560.0,1.33,,1,cam12/e1/v1,
full,03.CCTV Mobile Usage.mkv,632de9ed55947761d56d4c6142a3cb1a1fe69d0b1a6d0e01a2e404c697962623,dfine_sahi,137083.0,keyboard,0.6588,802.71,396.23,870.49,420.54,1647.8,67.78,24.31,2.788,False,,True,R-desk,45,evt_S-61_desk_work_surface_0007,f33342f5ef8d79b3,lap_bag_context,no_pose_observation,34560.0,1.33,,1,cam12/e1/v1,
full,03.CCTV Mobile Usage.mkv,632de9ed55947761d56d4c6142a3cb1a1fe69d0b1a6d0e01a2e404c697962623,dfine_sahi,137083.0,monitor_or_bezel,0.6328,1018.92,395.73,1145.72,447.5,6565.7,126.81,51.78,2.449,False,,True,R-desk,45,evt_S-61_desk_work_surface_0007,f33342f5ef8d79b3,lap_bag_context,no_pose_observation,34560.0,1.33,,1,cam12/e1/v1,
full,03.CCTV Mobile Usage.mkv,632de9ed55947761d56d4c6142a3cb1a1fe69d0b1a6d0e01a2e404c697962623,dfine_sahi,137083.0,monitor_or_bezel,0.5821,910.23,411.15,1141.96,506.34,22059.1,231.74,95.19,2.434,False,,True,R-desk,45,evt_S-61_desk_work_surface_0007,f33342f5ef8d79b3,lap_bag_context,no_pose_observation,34560.0,1.33,,1,cam12/e1/v1,
full,03.CCTV Mobile Usage.mkv,632de9ed55947761d56d4c6142a3cb1a1fe69d0b1a6d0e01a2e404c697962623,dfine_sahi,137083.0,monitor_or_bezel,0.5777,707.26,379.91,968.75,475.01,24867.2,261.49,95.1,2.75,False,,True,R-desk,45,evt_S-61_desk_work_surface_0007,f33342f5ef8d79b3,lap_bag_context,no_pose_observation,34560.0,1.33,,1,cam12/e1/v1,
full,03.CCTV Mobile Usage.mkv,632de9ed55947761d56d4c6142a3cb1a1fe69d0b1a6d0e01a2e404c697962623,dfine_sahi,137083.0,keyboard,0.5663,962.95,452.36,1034.92,475.57,1670.3,71.96,23.21,3.1,False,,True,R-desk,45,evt_S-61_desk_work_surface_0007,f33342f5ef8d79b3,lap_bag_context,no_pose_observation,34560.0,1.33,,1,cam12/e1/v1,
full,03.CCTV Mobile Usage.mkv,632de9ed55947761d56d4c6142a3cb1a1fe69d0b1a6d0e01a2e404c697962623,dfine_sahi,137083.0,unknown_object,0.3861,700.25,410.54,969.86,506.31,25819.6,269.61,95.76,2.815,False,,True,R-desk,45,evt_S-61_desk_work_surface_0007,f33342f5ef8d79b3,lap_bag_context,no_pose_observation,34560.0,1.33,,1,cam12/e1/v1,
full,03.CCTV Mobile Usage.mkv,632de9ed55947761d56d4c6142a3cb1a1fe69d0b1a6d0e01a2e404c697962623,dfine_sahi,137083.0,unknown_object,0.3609,700.01,380.66,761.13,475.23,5780.5,61.12,94.57,0.646,False,,True,R-desk,45,evt_S-61_desk_work_surface_0007,f33342f5ef8d79b3,lap_bag_context,no_pose_observation,34560.0,1.33,,1,cam12/e1/v1,
full,03.CCTV Mobile Usage.mkv,632de9ed55947761d56d4c6142a3cb1a1fe69d0b1a6d0e01a2e404c697962623,dfine_sahi,137083.0,mouse,0.3542,967.24,398.33,991.83,410.48,298.7,24.59,12.15,2.024,False,,True,R-desk,45,evt_S-61_desk_work_surface_0007,f33342f5ef8d79b3,lap_bag_context,no_pose_observation,34560.0,1.33,,1,cam12/e1/v1,
full,03.CCTV Mobile Usage.mkv,632de9ed55947761d56d4c6142a3cb1a1fe69d0b1a6d0e01a2e404c697962623,dfine_sahi,137083.0,mouse,0.327,990.71,399.45,1026.9,413.37,503.5,36.19,13.91,2.601,False,,True,R-desk,45,evt_S-61_desk_work_surface_0007,f33342f5ef8d79b3,lap_bag_context,no_pose_observation,34560.0,1.33,,1,cam12/e1/v1,
full,03.CCTV Mobile Usage.mkv,632de9ed55947761d56d4c6142a3cb1a1fe69d0b1a6d0e01a2e404c697962623,dfine_sahi,137083.0,keyboard,0.3171,910.04,411.38,1092.16,506.28,17282.0,182.11,94.9,1.919,False,,True,R-desk,45,evt_S-61_desk_work_surface_0007,f33342f5ef8d79b3,lap_bag_context,no_pose_observation,34560.0,1.33,,1,cam12/e1/v1,
full,03.CCTV Mobile Usage.mkv,632de9ed55947761d56d4c6142a3cb1a1fe69d0b1a6d0e01a2e404c697962623,dfine_sahi,137083.0,monitor_or_bezel,0.316,881.26,396.2,948.53,452.37,3778.6,67.27,56.17,1.198,False,,True,R-desk,45,evt_S-61_desk_work_surface_0007,f33342f5ef8d79b3,lap_bag_context,no_pose_observation,34560.0,1.33,,1,cam12/e1/v1,
full,03.CCTV Mobile Usage.mkv,632de9ed55947761d56d4c6142a3cb1a1fe69d0b1a6d0e01a2e404c697962623,dfine_sahi,137083.0,keyboard,0.3144,965.05,393.62,1122.86,475.1,12858.6,157.8,81.48,1.937,False,,True,R-desk,45,evt_S-61_desk_work_surface_0007,f33342f5ef8d79b3,lap_bag_context,no_pose_observation,34560.0,1.33,,1,cam12/e1/v1,
full,03.CCTV Mobile Usage.mkv,632de9ed55947761d56d4c6142a3cb1a1fe69d0b1a6d0e01a2e404c697962623,dfine_sahi,137083.0,unknown_object,0.3065,879.6,411.34,969.87,505.75,8522.3,90.27,94.41,0.956,False,,True,R-desk,45,evt_S-61_desk_work_surface_0007,f33342f5ef8d79b3,lap_bag_context,no_pose_observation,34560.0,1.33,,1,cam12/e1/v1,
full,03.CCTV Mobile Usage.mkv,632de9ed55947761d56d4c6142a3cb1a1fe69d0b1a6d0e01a2e404c697962623,dfine_sahi,137083.0,keyboard,0.3041,881.97,380.18,966.69,452.81,6154.2,84.72,72.64,1.166,False,,True,R-desk,45,evt_S-61_desk_work_surface_0007,f33342f5ef8d79b3,lap_bag_context,no_pose_observation,34560.0,1.33,,1,cam12/e1/v1,
full,03.CCTV Mobile Usage.mkv,632de9ed55947761d56d4c6142a3cb1a1fe69d0b1a6d0e01a2e404c697962623,dfine_sahi,137083.0,unknown_object,0.2887,881.74,411.13,969.76,453.32,3713.3,88.02,42.19,2.086,False,,True,R-desk,45,evt_S-61_desk_work_surface_0007,f33342f5ef8d79b3,lap_bag_context,no_pose_observation,34560.0,1.33,,1,cam12/e1/v1,
full,03.CCTV Mobile Usage.mkv,632de9ed55947761d56d4c6142a3cb1a1fe69d0b1a6d0e01a2e404c697962623,dfine_sahi,137083.0,monitor_or_bezel,0.2836,737.82,395.62,1147.17,491.06,39066.1,409.34,95.44,4.289,False,,True,R-desk,45,evt_S-61_desk_work_surface_0007,f33342f5ef8d79b3,lap_bag_context,no_pose_observation,34560.0,1.33,,1,cam12/e1/v1,
full,03.CCTV Mobile Usage.mkv,632de9ed55947761d56d4c6142a3cb1a1fe69d0b1a6d0e01a2e404c697962623,dfine_sahi,137083.0,unknown_object,0.2793,864.13,465.68,958.0,506.58,3839.2,93.87,40.9,2.295,False,,True,R-desk,45,evt_S-61_desk_work_surface_0007,f33342f5ef8d79b3,lap_bag_context,no_pose_observation,34560.0,1.33,,1,cam12/e1/v1,
full,03.CCTV Mobile Usage.mkv,632de9ed55947761d56d4c6142a3cb1a1fe69d0b1a6d0e01a2e404c697962623,dfine_sahi,137083.0,phone,0.263,1052.27,411.38,1139.8,447.52,3163.6,87.53,36.14,2.422,False,,True,R-desk,45,evt_S-61_desk_work_surface_0007,f33342f5ef8d79b3,lap_bag_context,no_pose_observation,34560.0,1.33,,1,cam12/e1/v1,
full,03.CCTV Mobile Usage.mkv,632de9ed55947761d56d4c6142a3cb1a1fe69d0b1a6d0e01a2e404c697962623,dfine_sahi,137083.0,unknown_object,0.2561,864.33,413.62,891.86,436.39,626.9,27.53,22.77,1.209,False,,True,R-desk,45,evt_S-61_desk_work_surface_0007,f33342f5ef8d79b3,lap_bag_context,no_pose_observation,34560.0,1.33,,1,cam12/e1/v1,
full,03.CCTV Mobile Usage.mkv,632de9ed55947761d56d4c6142a3cb1a1fe69d0b1a6d0e01a2e404c697962623,dfine_sahi,137367.0,secondary_paper_chit,0.7285,57.49,455.15,178.79,518.54,7689.7,121.3,63.39,1.914,False,,True,S-61,38,evt_S-61_upper_body_0022,ea2d956b03ed7571,pose_hand_context,,38118.7,3.28,,1,cam12/e1/v1,rtmpose_baseline
full,03.CCTV Mobile Usage.mkv,632de9ed55947761d56d4c6142a3cb1a1fe69d0b1a6d0e01a2e404c697962623,dfine_sahi,137367.0,unknown_object,0.6275,107.94,455.48,166.99,517.31,3650.9,59.05,61.83,0.955,False,,True,S-61,38,evt_S-61_upper_body_0022,ea2d956b03ed7571,pose_hand_context,,38118.7,3.28,,1,cam12/e1/v1,rtmpose_baseline
full,03.CCTV Mobile Usage.mkv,632de9ed55947761d56d4c6142a3cb1a1fe69d0b1a6d0e01a2e404c697962623,dfine_sahi,137367.0,secondary_paper_chit,0.58,132.63,434.84,204.75,492.48,4157.1,72.13,57.64,1.251,False,,True,S-61,38,evt_S-61_upper_body_0022,ea2d956b03ed7571,pose_hand_context,,38118.7,3.28,,1,cam12/e1/v1,rtmpose_baseline
full,03.CCTV Mobile Usage.mkv,632de9ed55947761d56d4c6142a3cb1a1fe69d0b1a6d0e01a2e404c697962623,dfine_sahi,137367.0,unknown_object,0.5032,71.3,410.09,166.92,464.56,5208.7,95.62,54.47,1.755,False,,True,S-61,38,evt_S-61_upper_body_0022,ea2d956b03ed7571,pose_hand_context,,38118.7,3.28,,1,cam12/e1/v1,rtmpose_baseline
full,03.CCTV Mobile Usage.mkv,632de9ed55947761d56d4c6142a3cb1a1fe69d0b1a6d0e01a2e404c697962623,dfine_sahi,137367.0,unknown_object,0.4686,195.69,324.15,251.96,378.71,3069.7,56.27,54.55,1.031,False,,True,S-61,38,evt_S-61_upper_body_0022,ea2d956b03ed7571,pose_hand_context,,38118.7,3.28,,1,cam12/e1/v1,rtmpose_baseline
full,03.CCTV Mobile Usage.mkv,632de9ed55947761d56d4c6142a3cb1a1fe69d0b1a6d0e01a2e404c697962623,dfine_sahi,137367.0,unknown_object,0.4679,57.0,410.5,166.94,517.78,11793.7,109.94,107.27,1.025,False,,True,S-61,38,evt_S-61_upper_body_0022,ea2d956b03ed7571,pose_hand_context,,38118.7,3.28,,1,cam12/e1/v1,rtmpose_baseline
full,03.CCTV Mobile Usage.mkv,632de9ed55947761d56d4c6142a3cb1a1fe69d0b1a6d0e01a2e404c697962623,dfine_sahi,137367.0,secondary_paper_chit,0.386,141.99,465.87,177.45,517.87,1843.7,35.46,52.0,0.682,False,,True,S-61,38,evt_S-61_upper_body_0022,ea2d956b03ed7571,pose_hand_context,,38118.7,3.28,,1,cam12/e1/v1,rtmpose_baseline
full,03.CCTV Mobile Usage.mkv,632de9ed55947761d56d4c6142a3cb1a1fe69d0b1a6d0e01a2e404c697962623,dfine_sahi,137367.0,stationery,0.3656,56.99,445.86,72.46,472.13,406.5,15.48,26.27,0.589,False,,True,S-61,38,evt_S-61_upper_body_0022,ea2d956b03ed7571,pose_hand_context,,38118.7,3.28,,1,cam12/e1/v1,rtmpose_baseline
full,03.CCTV Mobile Usage.mkv,632de9ed55947761d56d4c6142a3cb1a1fe69d0b1a6d0e01a2e404c697962623,dfine_sahi,137367.0,unknown_object,0.3267,202.67,410.41,251.98,505.79,4702.7,49.31,95.37,0.517,False,,True,S-61,38,evt_S-61_upper_body_0022,ea2d956b03ed7571,pose_hand_context,,38118.7,3.28,,1,cam12/e1/v1,rtmpose_baseline
full,03.CCTV Mobile Usage.mkv,632de9ed55947761d56d4c6142a3cb1a1fe69d0b1a6d0e01a2e404c697962623,dfine_sahi,137367.0,unknown_object,0.3191,164.53,343.82,211.68,431.69,4142.5,47.14,87.87,0.537,False,,True,S-61,38,evt_S-61_upper_body_0022,ea2d956b03ed7571,pose_hand_context,,38118.7,3.28,,1,cam12/e1/v1,rtmpose_baseline
full,03.CCTV Mobile Usage.mkv,632de9ed55947761d56d4c6142a3cb1a1fe69d0b1a6d0e01a2e404c697962623,dfine_sahi,137367.0,phone,0.3166,56.99,445.73,72.83,472.42,422.7,15.84,26.69,0.593,False,,True,S-61,38,evt_S-61_upper_body_0022,ea2d956b03ed7571,pose_hand_context,,38118.7,3.28,,1,cam12/e1/v1,rtmpose_baseline
full,03.CCTV Mobile Usage.mkv,632de9ed55947761d56d4c6142a3cb1a1fe69d0b1a6d0e01a2e404c697962623,dfine_sahi,137367.0,unknown_object,0.3128,56.99,324.24,109.48,395.32,3731.3,52.49,71.09,0.738,False,,True,S-61,38,evt_S-61_upper_body_0022,ea2d956b03ed7571,pose_hand_context,,38118.7,3.28,,1,cam12/e1/v1,rtmpose_baseline
full,03.CCTV Mobile Usage.mkv,632de9ed55947761d56d4c6142a3cb1a1fe69d0b1a6d0e01a2e404c697962623,dfine_sahi,137367.0,unknown_object,0.3107,142.53,434.59,206.11,493.94,3773.4,63.58,59.35,1.071,False,,True,S-61,38,evt_S-61_upper_body_0022,ea2d956b03ed7571,pose_hand_context,,38118.7,3.28,,1,cam12/e1/v1,rtmpose_baseline
full,03.CCTV Mobile Usage.mkv,632de9ed55947761d56d4c6142a3cb1a1fe69d0b1a6d0e01a2e404c697962623,dfine_sahi,137367.0,unknown_object,0.2721,141.99,324.15,172.6,413.29,2728.7,30.61,89.14,0.343,False,,True,S-61,38,evt_S-61_upper_body_0022,ea2d956b03ed7571,pose_hand_context,,38118.7,3.28,,1,cam12/e1/v1,rtmpose_baseline
full,03.CCTV Mobile Usage.mkv,632de9ed55947761d56d4c6142a3cb1a1fe69d0b1a6d0e01a2e404c697962623,dfine_sahi,137367.0,unknown_object,0.271,144.09,397.47,162.18,409.55,218.5,18.09,12.08,1.497,False,,True,S-61,38,evt_S-61_upper_body_0022,ea2d956b03ed7571,pose_hand_context,,38118.7,3.28,,1,cam12/e1/v1,rtmpose_baseline
full,03.CCTV Mobile Usage.mkv,632de9ed55947761d56d4c6142a3cb1a1fe69d0b1a6d0e01a2e404c697962623,dfine_sahi,137367.0,unknown_object,0.2585,164.59,324.27,251.94,420.35,8392.9,87.36,96.08,0.909,False,,True,S-61,38,evt_S-61_upper_body_0022,ea2d956b03ed7571,pose_hand_context,,38118.7,3.28,,1,cam12/e1/v1,rtmpose_baseline
full,03.CCTV Mobile Usage.mkv,632de9ed55947761d56d4c6142a3cb1a1fe69d0b1a6d0e01a2e404c697962623,dfine_sahi,137583.0,unknown_object,0.7811,190.59,419.25,255.94,517.6,6427.5,65.35,98.35,0.664,False,,True,S-61,38,evt_S-61_desk_work_surface_0007,91d419cfcd5b8430,pose_hand_context,,39045.8,3.24,,1,cam12/e1/v1,rtmpose_baseline
full,03.CCTV Mobile Usage.mkv,632de9ed55947761d56d4c6142a3cb1a1fe69d0b1a6d0e01a2e404c697962623,dfine_sahi,137583.0,unknown_object,0.5687,108.62,455.49,168.98,515.39,3615.8,60.36,59.91,1.007,False,,True,S-61,38,evt_S-61_desk_work_surface_0007,91d419cfcd5b8430,pose_hand_context,,39045.8,3.24,,1,cam12/e1/v1,rtmpose_baseline
full,03.CCTV Mobile Usage.mkv,632de9ed55947761d56d4c6142a3cb1a1fe69d0b1a6d0e01a2e404c697962623,dfine_sahi,137583.0,secondary_paper_chit,0.5309,105.23,454.94,177.41,521.21,4782.7,72.18,66.26,1.089,False,,True,S-61,38,evt_S-61_desk_work_surface_0007,91d419cfcd5b8430,pose_hand_context,,39045.8,3.24,,1,cam12/e1/v1,rtmpose_baseline
full,03.CCTV Mobile Usage.mkv,632de9ed55947761d56d4c6142a3cb1a1fe69d0b1a6d0e01a2e404c697962623,dfine_sahi,137583.0,unknown_object,0.4275,145.02,467.65,176.77,515.34,1514.8,31.76,47.7,0.666,False,,True,S-61,38,evt_S-61_desk_work_surface_0007,91d419cfcd5b8430,pose_hand_context,,39045.8,3.24,,1,cam12/e1/v1,rtmpose_baseline
full,03.CCTV Mobile Usage.mkv,632de9ed55947761d56d4c6142a3cb1a1fe69d0b1a6d0e01a2e404c697962623,dfine_sahi,137583.0,unknown_object,0.4062,145.12,446.76,193.03,488.57,2003.0,47.91,41.81,1.146,False,,True,S-61,38,evt_S-61_desk_work_surface_0007,91d419cfcd5b8430,pose_hand_context,,39045.8,3.24,,1,cam12/e1/v1,rtmpose_baseline
full,03.CCTV Mobile Usage.mkv,632de9ed55947761d56d4c6142a3cb1a1fe69d0b1a6d0e01a2e404c697962623,dfine_sahi,137583.0,phone,0.3376,145.01,333.15,175.73,426.48,2866.9,30.72,93.33,0.329,False,,True,S-61,38,evt_S-61_desk_work_surface_0007,91d419cfcd5b8430,pose_hand_context,,39045.8,3.24,,1,cam12/e1/v1,rtmpose_baseline
full,03.CCTV Mobile Usage.mkv,632de9ed55947761d56d4c6142a3cb1a1fe69d0b1a6d0e01a2e404c697962623,dfine_sahi,137583.0,phone,0.3287,138.14,447.67,193.61,492.02,2460.1,55.47,44.35,1.251,False,,True,S-61,38,evt_S-61_desk_work_surface_0007,91d419cfcd5b8430,pose_hand_context,,39045.8,3.24,,1,cam12/e1/v1,rtmpose_baseline
full,03.CCTV Mobile Usage.mkv,632de9ed55947761d56d4c6142a3cb1a1fe69d0b1a6d0e01a2e404c697962623,dfine_sahi,137583.0,unknown_object,0.2986,82.23,419.1,168.91,464.96,3975.2,86.69,45.86,1.89,False,,True,S-61,38,evt_S-61_desk_work_surface_0007,91d419cfcd5b8430,pose_hand_context,,39045.8,3.24,,1,cam12/e1/v1,rtmpose_baseline
full,03.CCTV Mobile Usage.mkv,632de9ed55947761d56d4c6142a3cb1a1fe69d0b1a6d0e01a2e404c697962623,dfine_sahi,137583.0,unknown_object,0.2771,144.44,397.7,161.69,408.87,192.6,17.25,11.17,1.544,False,,True,S-61,38,evt_S-61_desk_work_surface_0007,91d419cfcd5b8430,pose_hand_context,,39045.8,3.24,,1,cam12/e1/v1,rtmpose_baseline
full,03.CCTV Mobile Usage.mkv,632de9ed55947761d56d4c6142a3cb1a1fe69d0b1a6d0e01a2e404c697962623,dfine_sahi,137583.0,stationery,0.2752,57.98,446.17,72.15,471.89,364.3,14.17,25.72,0.551,False,,True,S-61,38,evt_S-61_desk_work_surface_0007,91d419cfcd5b8430,pose_hand_context,,39045.8,3.24,,1,cam12/e1/v1,rtmpose_baseline
full,03.CCTV Mobile Usage.mkv,632de9ed55947761d56d4c6142a3cb1a1fe69d0b1a6d0e01a2e404c697962623,dfine_sahi,137583.0,phone,0.2654,57.98,445.81,72.59,473.08,398.6,14.61,27.28,0.536,False,,True,S-61,38,evt_S-61_desk_work_surface_0007,91d419cfcd5b8430,pose_hand_context,,39045.8,3.24,,1,cam12/e1/v1,rtmpose_baseline
full,03.CCTV Mobile Usage.mkv,632de9ed55947761d56d4c6142a3cb1a1fe69d0b1a6d0e01a2e404c697962623,dfine_sahi,137867.0,keyboard,0.9078,962.27,451.92,1067.7,491.37,4159.2,105.43,39.45,2.672,False,,True,R-desk,45,evt_S-61_upper_body_0022,1f6f9d7c495d1041,lap_bag_context,no_pose_observation,34560.0,1.33,,1,cam12/e1/v1,
full,03.CCTV Mobile Usage.mkv,632de9ed55947761d56d4c6142a3cb1a1fe69d0b1a6d0e01a2e404c697962623,dfine_sahi,137867.0,mouse,0.7356,864.95,413.57,891.37,435.58,581.7,26.42,22.02,1.2,False,,True,R-desk,45,evt_S-61_upper_body_0022,1f6f9d7c495d1041,lap_bag_context,no_pose_observation,34560.0,1.33,,1,cam12/e1/v1,
full,03.CCTV Mobile Usage.mkv,632de9ed55947761d56d4c6142a3cb1a1fe69d0b1a6d0e01a2e404c697962623,dfine_sahi,137867.0,monitor_or_bezel,0.7317,963.05,380.54,1152.76,475.04,17927.0,189.7,94.5,2.007,False,,True,R-desk,45,evt_S-61_upper_body_0022,1f6f9d7c495d1041,lap_bag_context,no_pose_observation,34560.0,1.33,,1,cam12/e1/v1,
full,03.CCTV Mobile Usage.mkv,632de9ed55947761d56d4c6142a3cb1a1fe69d0b1a6d0e01a2e404c697962623,dfine_sahi,137867.0,unknown_object,0.7287,699.87,396.11,843.41,492.22,13796.1,143.55,96.11,1.494,False,,True,R-desk,45,evt_S-61_upper_body_0022,1f6f9d7c495d1041,lap_bag_context,no_pose_observation,34560.0,1.33,,1,cam12/e1/v1,
full,03.CCTV Mobile Usage.mkv,632de9ed55947761d56d4c6142a3cb1a1fe69d0b1a6d0e01a2e404c697962623,dfine_sahi,137867.0,phone,0.716,1043.35,421.09,1112.07,473.86,3626.2,68.73,52.76,1.303,False,,True,R-desk,45,evt_S-61_upper_body_0022,1f6f9d7c495d1041,lap_bag_context,no_pose_observation,34560.0,1.33,,1,cam12/e1/v1,
full,03.CCTV Mobile Usage.mkv,632de9ed55947761d56d4c6142a3cb1a1fe69d0b1a6d0e01a2e404c697962623,dfine_sahi,137867.0,keyboard,0.7122,771.84,380.17,871.23,420.48,4005.7,99.39,40.3,2.466,False,,True,R-desk,45,evt_S-61_upper_body_0022,1f6f9d7c495d1041,lap_bag_context,no_pose_observation,34560.0,1.33,,1,cam12/e1/v1,
full,03.CCTV Mobile Usage.mkv,632de9ed55947761d56d4c6142a3cb1a1fe69d0b1a6d0e01a2e404c697962623,dfine_sahi,137867.0,keyboard,0.6588,802.71,396.23,870.49,420.54,1647.8,67.78,24.31,2.788,False,,True,R-desk,45,evt_S-61_upper_body_0022,1f6f9d7c495d1041,lap_bag_context,no_pose_observation,34560.0,1.33,,1,cam12/e1/v1,
full,03.CCTV Mobile Usage.mkv,632de9ed55947761d56d4c6142a3cb1a1fe69d0b1a6d0e01a2e404c697962623,dfine_sahi,137867.0,monitor_or_bezel,0.6328,1018.92,395.73,1145.72,447.5,6565.7,126.81,51.78,2.449,False,,True,R-desk,45,evt_S-61_upper_body_0022,1f6f9d7c495d1041,lap_bag_context,no_pose_observation,34560.0,1.33,,1,cam12/e1/v1,
full,03.CCTV Mobile Usage.mkv,632de9ed55947761d56d4c6142a3cb1a1fe69d0b1a6d0e01a2e404c697962623,dfine_sahi,137867.0,monitor_or_bezel,0.5821,910.23,411.15,1141.96,506.34,22059.1,231.74,95.19,2.434,False,,True,R-desk,45,evt_S-61_upper_body_0022,1f6f9d7c495d1041,lap_bag_context,no_pose_observation,34560.0,1.33,,1,cam12/e1/v1,
full,03.CCTV Mobile Usage.mkv,632de9ed55947761d56d4c6142a3cb1a1fe69d0b1a6d0e01a2e404c697962623,dfine_sahi,137867.0,monitor_or_bezel,0.5777,707.26,379.91,968.75,475.01,24867.2,261.49,95.1,2.75,False,,True,R-desk,45,evt_S-61_upper_body_0022,1f6f9d7c495d1041,lap_bag_context,no_pose_observation,34560.0,1.33,,1,cam12/e1/v1,
full,03.CCTV Mobile Usage.mkv,632de9ed55947761d56d4c6142a3cb1a1fe69d0b1a6d0e01a2e404c697962623,dfine_sahi,137867.0,keyboard,0.5663,962.95,452.36,1034.92,475.57,1670.3,71.96,23.21,3.1,False,,True,R-desk,45,evt_S-61_upper_body_0022,1f6f9d7c495d1041,lap_bag_context,no_pose_observation,34560.0,1.33,,1,cam12/e1/v1,
full,03.CCTV Mobile Usage.mkv,632de9ed55947761d56d4c6142a3cb1a1fe69d0b1a6d0e01a2e404c697962623,dfine_sahi,137867.0,unknown_object,0.3861,700.25,410.54,969.86,506.31,25819.6,269.61,95.76,2.815,False,,True,R-desk,45,evt_S-61_upper_body_0022,1f6f9d7c495d1041,lap_bag_context,no_pose_observation,34560.0,1.33,,1,cam12/e1/v1,
full,03.CCTV Mobile Usage.mkv,632de9ed55947761d56d4c6142a3cb1a1fe69d0b1a6d0e01a2e404c697962623,dfine_sahi,137867.0,unknown_object,0.3609,700.01,380.66,761.13,475.23,5780.5,61.12,94.57,0.646,False,,True,R-desk,45,evt_S-61_upper_body_0022,1f6f9d7c495d1041,lap_bag_context,no_pose_observation,34560.0,1.33,,1,cam12/e1/v1,
full,03.CCTV Mobile Usage.mkv,632de9ed55947761d56d4c6142a3cb1a1fe69d0b1a6d0e01a2e404c697962623,dfine_sahi,137867.0,mouse,0.3542,967.24,398.33,991.83,410.48,298.7,24.59,12.15,2.024,False,,True,R-desk,45,evt_S-61_upper_body_0022,1f6f9d7c495d1041,lap_bag_context,no_pose_observation,34560.0,1.33,,1,cam12/e1/v1,
full,03.CCTV Mobile Usage.mkv,632de9ed55947761d56d4c6142a3cb1a1fe69d0b1a6d0e01a2e404c697962623,dfine_sahi,137867.0,mouse,0.327,990.71,399.45,1026.9,413.37,503.5,36.19,13.91,2.601,False,,True,R-desk,45,evt_S-61_upper_body_0022,1f6f9d7c495d1041,lap_bag_context,no_pose_observation,34560.0,1.33,,1,cam12/e1/v1,
full,03.CCTV Mobile Usage.mkv,632de9ed55947761d56d4c6142a3cb1a1fe69d0b1a6d0e01a2e404c697962623,dfine_sahi,137867.0,keyboard,0.3171,910.04,411.38,1092.16,506.28,17282.0,182.11,94.9,1.919,False,,True,R-desk,45,evt_S-61_upper_body_0022,1f6f9d7c495d1041,lap_bag_context,no_pose_observation,34560.0,1.33,,1,cam12/e1/v1,
full,03.CCTV Mobile Usage.mkv,632de9ed55947761d56d4c6142a3cb1a1fe69d0b1a6d0e01a2e404c697962623,dfine_sahi,137867.0,monitor_or_bezel,0.316,881.26,396.2,948.53,452.37,3778.6,67.27,56.17,1.198,False,,True,R-desk,45,evt_S-61_upper_body_0022,1f6f9d7c495d1041,lap_bag_context,no_pose_observation,34560.0,1.33,,1,cam12/e1/v1,
full,03.CCTV Mobile Usage.mkv,632de9ed55947761d56d4c6142a3cb1a1fe69d0b1a6d0e01a2e404c697962623,dfine_sahi,137867.0,keyboard,0.3144,965.05,393.62,1122.86,475.1,12858.6,157.8,81.48,1.937,False,,True,R-desk,45,evt_S-61_upper_body_0022,1f6f9d7c495d1041,lap_bag_context,no_pose_observation,34560.0,1.33,,1,cam12/e1/v1,
full,03.CCTV Mobile Usage.mkv,632de9ed55947761d56d4c6142a3cb1a1fe69d0b1a6d0e01a2e404c697962623,dfine_sahi,137867.0,unknown_object,0.3065,879.6,411.34,969.87,505.75,8522.3,90.27,94.41,0.956,False,,True,R-desk,45,evt_S-61_upper_body_0022,1f6f9d7c495d1041,lap_bag_context,no_pose_observation,34560.0,1.33,,1,cam12/e1/v1,
full,03.CCTV Mobile Usage.mkv,632de9ed55947761d56d4c6142a3cb1a1fe69d0b1a6d0e01a2e404c697962623,dfine_sahi,137867.0,keyboard,0.3041,881.97,380.18,966.69,452.81,6154.2,84.72,72.64,1.166,False,,True,R-desk,45,evt_S-61_upper_body_0022,1f6f9d7c495d1041,lap_bag_context,no_pose_observation,34560.0,1.33,,1,cam12/e1/v1,
full,03.CCTV Mobile Usage.mkv,632de9ed55947761d56d4c6142a3cb1a1fe69d0b1a6d0e01a2e404c697962623,dfine_sahi,137867.0,unknown_object,0.2887,881.74,411.13,969.76,453.32,3713.3,88.02,42.19,2.086,False,,True,R-desk,45,evt_S-61_upper_body_0022,1f6f9d7c495d1041,lap_bag_context,no_pose_observation,34560.0,1.33,,1,cam12/e1/v1,
full,03.CCTV Mobile Usage.mkv,632de9ed55947761d56d4c6142a3cb1a1fe69d0b1a6d0e01a2e404c697962623,dfine_sahi,137867.0,monitor_or_bezel,0.2836,737.82,395.62,1147.17,491.06,39066.1,409.34,95.44,4.289,False,,True,R-desk,45,evt_S-61_upper_body_0022,1f6f9d7c495d1041,lap_bag_context,no_pose_observation,34560.0,1.33,,1,cam12/e1/v1,
full,03.CCTV Mobile Usage.mkv,632de9ed55947761d56d4c6142a3cb1a1fe69d0b1a6d0e01a2e404c697962623,dfine_sahi,137867.0,unknown_object,0.2793,864.13,465.68,958.0,506.58,3839.2,93.87,40.9,2.295,False,,True,R-desk,45,evt_S-61_upper_body_0022,1f6f9d7c495d1041,lap_bag_context,no_pose_observation,34560.0,1.33,,1,cam12/e1/v1,
full,03.CCTV Mobile Usage.mkv,632de9ed55947761d56d4c6142a3cb1a1fe69d0b1a6d0e01a2e404c697962623,dfine_sahi,137867.0,phone,0.263,1052.27,411.38,1139.8,447.52,3163.6,87.53,36.14,2.422,False,,True,R-desk,45,evt_S-61_upper_body_0022,1f6f9d7c495d1041,lap_bag_context,no_pose_observation,34560.0,1.33,,1,cam12/e1/v1,
full,03.CCTV Mobile Usage.mkv,632de9ed55947761d56d4c6142a3cb1a1fe69d0b1a6d0e01a2e404c697962623,dfine_sahi,137867.0,unknown_object,0.2561,864.33,413.62,891.86,436.39,626.9,27.53,22.77,1.209,False,,True,R-desk,45,evt_S-61_upper_body_0022,1f6f9d7c495d1041,lap_bag_context,no_pose_observation,34560.0,1.33,,1,cam12/e1/v1,
full,03.CCTV Mobile Usage.mkv,632de9ed55947761d56d4c6142a3cb1a1fe69d0b1a6d0e01a2e404c697962623,dfine_sahi,137867.0,unknown_object,0.8694,108.82,454.99,176.87,515.27,4101.9,68.05,60.28,1.129,False,,True,S-61,38,evt_S-61_upper_body_0022,be16d9a66db15103,pose_hand_context,,32170.0,3.57,,1,cam12/e1/v1,rtmpose_baseline
full,03.CCTV Mobile Usage.mkv,632de9ed55947761d56d4c6142a3cb1a1fe69d0b1a6d0e01a2e404c697962623,dfine_sahi,137867.0,unknown_object,0.6734,92.05,443.36,270.88,621.05,31775.4,178.83,177.69,1.006,False,,True,S-61,38,evt_S-61_upper_body_0022,be16d9a66db15103,pose_hand_context,,32170.0,3.57,,1,cam12/e1/v1,rtmpose_baseline
full,03.CCTV Mobile Usage.mkv,632de9ed55947761d56d4c6142a3cb1a1fe69d0b1a6d0e01a2e404c697962623,dfine_sahi,137867.0,secondary_paper_chit,0.6354,106.27,454.87,177.07,516.0,4328.7,70.81,61.14,1.158,False,,True,S-61,38,evt_S-61_upper_body_0022,be16d9a66db15103,pose_hand_context,,32170.0,3.57,,1,cam12/e1/v1,rtmpose_baseline
full,03.CCTV Mobile Usage.mkv,632de9ed55947761d56d4c6142a3cb1a1fe69d0b1a6d0e01a2e404c697962623,dfine_sahi,137867.0,unknown_object,0.5515,170.0,469.54,270.95,543.57,7473.0,100.95,74.03,1.364,False,,True,S-61,38,evt_S-61_upper_body_0022,be16d9a66db15103,pose_hand_context,,32170.0,3.57,,1,cam12/e1/v1,rtmpose_baseline
full,03.CCTV Mobile Usage.mkv,632de9ed55947761d56d4c6142a3cb1a1fe69d0b1a6d0e01a2e404c697962623,dfine_sahi,137867.0,unknown_object,0.5446,170.03,522.3,270.91,621.12,9968.9,100.88,98.82,1.021,False,,True,S-61,38,evt_S-61_upper_body_0022,be16d9a66db15103,pose_hand_context,,32170.0,3.57,,1,cam12/e1/v1,rtmpose_baseline
full,03.CCTV Mobile Usage.mkv,632de9ed55947761d56d4c6142a3cb1a1fe69d0b1a6d0e01a2e404c697962623,dfine_sahi,137867.0,unknown_object,0.5088,170.09,515.89,268.91,543.72,2749.6,98.81,27.83,3.551,False,,True,S-61,38,evt_S-61_upper_body_0022,be16d9a66db15103,pose_hand_context,,32170.0,3.57,,1,cam12/e1/v1,rtmpose_baseline
full,03.CCTV Mobile Usage.mkv,632de9ed55947761d56d4c6142a3cb1a1fe69d0b1a6d0e01a2e404c697962623,dfine_sahi,137867.0,unknown_object,0.4699,92.15,522.29,192.96,621.13,9963.9,100.8,98.84,1.02,False,,True,S-61,38,evt_S-61_upper_body_0022,be16d9a66db15103,pose_hand_context,,32170.0,3.57,,1,cam12/e1/v1,rtmpose_baseline
full,03.CCTV Mobile Usage.mkv,632de9ed55947761d56d4c6142a3cb1a1fe69d0b1a6d0e01a2e404c697962623,dfine_sahi,137867.0,unknown_object,0.4537,92.03,443.33,192.93,543.57,10113.9,100.9,100.24,1.007,False,,True,S-61,38,evt_S-61_upper_body_0022,be16d9a66db15103,pose_hand_context,,32170.0,3.57,,1,cam12/e1/v1,rtmpose_baseline
full,03.CCTV Mobile Usage.mkv,632de9ed55947761d56d4c6142a3cb1a1fe69d0b1a6d0e01a2e404c697962623,dfine_sahi,137867.0,unknown_object,0.4429,169.99,548.34,230.65,621.16,4417.3,60.66,72.82,0.833,False,,True,S-61,38,evt_S-61_upper_body_0022,be16d9a66db15103,pose_hand_context,,32170.0,3.57,,1,cam12/e1/v1,rtmpose_baseline
full,03.CCTV Mobile Usage.mkv,632de9ed55947761d56d4c6142a3cb1a1fe69d0b1a6d0e01a2e404c697962623,dfine_sahi,137867.0,unknown_object,0.2926,142.7,601.84,160.87,618.03,294.1,18.17,16.19,1.122,False,,True,S-61,38,evt_S-61_upper_body_0022,be16d9a66db15103,pose_hand_context,,32170.0,3.57,,1,cam12/e1/v1,rtmpose_baseline
full,03.CCTV Mobile Usage.mkv,632de9ed55947761d56d4c6142a3cb1a1fe69d0b1a6d0e01a2e404c697962623,dfine_sahi,137867.0,unknown_object,0.2913,190.55,473.35,225.1,527.59,1874.2,34.55,54.24,0.637,False,,True,S-61,38,evt_S-61_upper_body_0022,be16d9a66db15103,pose_hand_context,,32170.0,3.57,,1,cam12/e1/v1,rtmpose_baseline
full,03.CCTV Mobile Usage.mkv,632de9ed55947761d56d4c6142a3cb1a1fe69d0b1a6d0e01a2e404c697962623,dfine_sahi,137867.0,unknown_object,0.2872,172.21,479.04,192.44,517.84,784.6,20.23,38.79,0.521,False,,True,S-61,38,evt_S-61_upper_body_0022,be16d9a66db15103,pose_hand_context,,32170.0,3.57,,1,cam12/e1/v1,rtmpose_baseline
full,03.CCTV Mobile Usage.mkv,632de9ed55947761d56d4c6142a3cb1a1fe69d0b1a6d0e01a2e404c697962623,dfine_sahi,137867.0,stationery,0.2838,199.44,561.92,224.72,591.67,752.0,25.28,29.75,0.85,False,,True,S-61,38,evt_S-61_upper_body_0022,be16d9a66db15103,pose_hand_context,,32170.0,3.57,,1,cam12/e1/v1,rtmpose_baseline
full,03.CCTV Mobile Usage.mkv,632de9ed55947761d56d4c6142a3cb1a1fe69d0b1a6d0e01a2e404c697962623,dfine_sahi,137867.0,stationery,0.2724,175.58,551.49,224.87,591.93,1993.0,49.29,40.43,1.219,False,,True,S-61,38,evt_S-61_upper_body_0022,be16d9a66db15103,pose_hand_context,,32170.0,3.57,,1,cam12/e1/v1,rtmpose_baseline
full,03.CCTV Mobile Usage.mkv,632de9ed55947761d56d4c6142a3cb1a1fe69d0b1a6d0e01a2e404c697962623,dfine_sahi,138083.0,unknown_object,0.7586,107.79,455.37,181.03,512.68,4197.7,73.24,57.32,1.278,False,,True,S-61,38,evt_S-61_desk_work_surface_0007,f9d09321125376b4,pose_hand_context,,35276.4,3.41,,1,cam12/e1/v1,rtmpose_baseline
full,03.CCTV Mobile Usage.mkv,632de9ed55947761d56d4c6142a3cb1a1fe69d0b1a6d0e01a2e404c697962623,dfine_sahi,138083.0,unknown_object,0.5147,169.04,521.25,274.91,626.45,11137.1,105.87,105.2,1.006,False,,True,S-61,38,evt_S-61_desk_work_surface_0007,f9d09321125376b4,pose_hand_context,,35276.4,3.41,,1,cam12/e1/v1,rtmpose_baseline
full,03.CCTV Mobile Usage.mkv,632de9ed55947761d56d4c6142a3cb1a1fe69d0b1a6d0e01a2e404c697962623,dfine_sahi,138083.0,unknown_object,0.5069,87.01,439.23,241.54,626.01,28862.6,154.53,186.78,0.827,False,,True,S-61,38,evt_S-61_desk_work_surface_0007,f9d09321125376b4,pose_hand_context,,35276.4,3.41,,1,cam12/e1/v1,rtmpose_baseline
full,03.CCTV Mobile Usage.mkv,632de9ed55947761d56d4c6142a3cb1a1fe69d0b1a6d0e01a2e404c697962623,dfine_sahi,138083.0,phone,0.4612,94.24,455.0,181.23,513.4,5080.0,86.99,58.4,1.49,False,,True,S-61,38,evt_S-61_desk_work_surface_0007,f9d09321125376b4,pose_hand_context,,35276.4,3.41,,1,cam12/e1/v1,rtmpose_baseline
full,03.CCTV Mobile Usage.mkv,632de9ed55947761d56d4c6142a3cb1a1fe69d0b1a6d0e01a2e404c697962623,dfine_sahi,138083.0,unknown_object,0.4183,87.21,521.47,192.06,626.57,11019.0,104.84,105.1,0.998,False,,True,S-61,38,evt_S-61_desk_work_surface_0007,f9d09321125376b4,pose_hand_context,,35276.4,3.41,,1,cam12/e1/v1,rtmpose_baseline
full,03.CCTV Mobile Usage.mkv,632de9ed55947761d56d4c6142a3cb1a1fe69d0b1a6d0e01a2e404c697962623,dfine_sahi,138083.0,unknown_object,0.4018,86.91,439.17,192.08,544.47,11074.9,105.18,105.3,0.999,False,,True,S-61,38,evt_S-61_desk_work_surface_0007,f9d09321125376b4,pose_hand_context,,35276.4,3.41,,1,cam12/e1/v1,rtmpose_baseline
full,03.CCTV Mobile Usage.mkv,632de9ed55947761d56d4c6142a3cb1a1fe69d0b1a6d0e01a2e404c697962623,dfine_sahi,138083.0,unknown_object,0.3917,169.02,439.3,274.94,544.52,11145.5,105.92,105.22,1.007,False,,True,S-61,38,evt_S-61_desk_work_surface_0007,f9d09321125376b4,pose_hand_context,,35276.4,3.41,,1,cam12/e1/v1,rtmpose_baseline
full,03.CCTV Mobile Usage.mkv,632de9ed55947761d56d4c6142a3cb1a1fe69d0b1a6d0e01a2e404c697962623,dfine_sahi,138083.0,unknown_object,0.358,169.05,517.83,257.38,544.69,2372.5,88.33,26.86,3.288,False,,True,S-61,38,evt_S-61_desk_work_surface_0007,f9d09321125376b4,pose_hand_context,,35276.4,3.41,,1,cam12/e1/v1,rtmpose_baseline
full,03.CCTV Mobile Usage.mkv,632de9ed55947761d56d4c6142a3cb1a1fe69d0b1a6d0e01a2e404c697962623,dfine_sahi,138083.0,unknown_object,0.3389,93.08,439.07,164.63,464.69,1833.5,71.55,25.63,2.792,False,,True,S-61,38,evt_S-61_desk_work_surface_0007,f9d09321125376b4,pose_hand_context,,35276.4,3.41,,1,cam12/e1/v1,rtmpose_baseline
full,03.CCTV Mobile Usage.mkv,632de9ed55947761d56d4c6142a3cb1a1fe69d0b1a6d0e01a2e404c697962623,dfine_sahi,138083.0,unknown_object,0.3224,142.71,601.88,160.98,617.89,292.5,18.27,16.01,1.141,False,,True,S-61,38,evt_S-61_desk_work_surface_0007,f9d09321125376b4,pose_hand_context,,35276.4,3.41,,1,cam12/e1/v1,rtmpose_baseline
full,03.CCTV Mobile Usage.mkv,632de9ed55947761d56d4c6142a3cb1a1fe69d0b1a6d0e01a2e404c697962623,dfine_sahi,138367.0,unknown_object,0.6327,89.87,437.11,198.05,545.45,11721.0,108.18,108.35,0.998,False,,True,S-61,38,evt_S-61_upper_body_0022,3667fc7d3950c758,pose_hand_context,,37434.5,3.31,,1,cam12/e1/v1,rtmpose_baseline
full,03.CCTV Mobile Usage.mkv,632de9ed55947761d56d4c6142a3cb1a1fe69d0b1a6d0e01a2e404c697962623,dfine_sahi,138367.0,unknown_object,0.593,124.86,453.84,187.7,511.75,3638.7,62.83,57.91,1.085,False,,True,S-61,38,evt_S-61_upper_body_0022,3667fc7d3950c758,pose_hand_context,,37434.5,3.31,,1,cam12/e1/v1,rtmpose_baseline
full,03.CCTV Mobile Usage.mkv,632de9ed55947761d56d4c6142a3cb1a1fe69d0b1a6d0e01a2e404c697962623,dfine_sahi,138367.0,unknown_object,0.509,174.05,522.16,282.96,629.18,11655.6,108.91,107.02,1.018,False,,True,S-61,38,evt_S-61_upper_body_0022,3667fc7d3950c758,pose_hand_context,,37434.5,3.31,,1,cam12/e1/v1,rtmpose_baseline
full,03.CCTV Mobile Usage.mkv,632de9ed55947761d56d4c6142a3cb1a1fe69d0b1a6d0e01a2e404c697962623,dfine_sahi,138367.0,unknown_object,0.4711,90.3,522.68,197.91,629.36,11479.6,107.61,106.68,1.009,False,,True,S-61,38,evt_S-61_upper_body_0022,3667fc7d3950c758,pose_hand_context,,37434.5,3.31,,1,cam12/e1/v1,rtmpose_baseline
full,03.CCTV Mobile Usage.mkv,632de9ed55947761d56d4c6142a3cb1a1fe69d0b1a6d0e01a2e404c697962623,dfine_sahi,138367.0,unknown_object,0.4563,90.07,437.1,243.14,628.91,29360.1,153.06,191.82,0.798,False,,True,S-61,38,evt_S-61_upper_body_0022,3667fc7d3950c758,pose_hand_context,,37434.5,3.31,,1,cam12/e1/v1,rtmpose_baseline
full,03.CCTV Mobile Usage.mkv,632de9ed55947761d56d4c6142a3cb1a1fe69d0b1a6d0e01a2e404c697962623,dfine_sahi,138367.0,unknown_object,0.4435,174.06,437.36,282.97,545.48,11775.7,108.91,108.12,1.007,False,,True,S-61,38,evt_S-61_upper_body_0022,3667fc7d3950c758,pose_hand_context,,37434.5,3.31,,1,cam12/e1/v1,rtmpose_baseline
full,03.CCTV Mobile Usage.mkv,632de9ed55947761d56d4c6142a3cb1a1fe69d0b1a6d0e01a2e404c697962623,dfine_sahi,138367.0,unknown_object,0.3548,92.78,437.07,177.13,471.89,2936.8,84.35,34.82,2.423,False,,True,S-61,38,evt_S-61_upper_body_0022,3667fc7d3950c758,pose_hand_context,,37434.5,3.31,,1,cam12/e1/v1,rtmpose_baseline
full,03.CCTV Mobile Usage.mkv,632de9ed55947761d56d4c6142a3cb1a1fe69d0b1a6d0e01a2e404c697962623,dfine_sahi,138367.0,unknown_object,0.2616,90.01,482.81,150.48,521.97,2368.1,60.47,39.16,1.544,False,,True,S-61,38,evt_S-61_upper_body_0022,3667fc7d3950c758,pose_hand_context,,37434.5,3.31,,1,cam12/e1/v1,rtmpose_baseline
full,03.CCTV Mobile Usage.mkv,632de9ed55947761d56d4c6142a3cb1a1fe69d0b1a6d0e01a2e404c697962623,dfine_sahi,138367.0,unknown_object,0.2585,139.24,591.66,196.86,619.18,1585.5,57.62,27.52,2.094,False,,True,S-61,38,evt_S-61_upper_body_0022,3667fc7d3950c758,pose_hand_context,,37434.5,3.31,,1,cam12/e1/v1,rtmpose_baseline
full,03.CCTV Mobile Usage.mkv,632de9ed55947761d56d4c6142a3cb1a1fe69d0b1a6d0e01a2e404c697962623,dfine_sahi,138367.0,stationery,0.2582,190.41,563.78,232.97,574.31,448.2,42.57,10.53,4.042,False,,True,S-61,38,evt_S-61_upper_body_0022,3667fc7d3950c758,pose_hand_context,,37434.5,3.31,,1,cam12/e1/v1,rtmpose_baseline
full,03.CCTV Mobile Usage.mkv,632de9ed55947761d56d4c6142a3cb1a1fe69d0b1a6d0e01a2e404c697962623,dfine_sahi,138367.0,unknown_object,0.2548,189.07,464.8,243.8,529.12,3519.9,54.72,64.32,0.851,False,,True,S-61,38,evt_S-61_upper_body_0022,3667fc7d3950c758,pose_hand_context,,37434.5,3.31,,1,cam12/e1/v1,rtmpose_baseline
full,03.CCTV Mobile Usage.mkv,632de9ed55947761d56d4c6142a3cb1a1fe69d0b1a6d0e01a2e404c697962623,dfine_sahi,138583.0,unknown_object,0.6954,86.08,426.32,241.67,627.67,31327.5,155.59,201.35,0.773,False,,True,S-61,38,evt_S-61_desk_work_surface_0007,80caf17b82558058,pose_hand_context,,41144.1,3.16,,1,cam12/e1/v1,rtmpose_baseline
full,03.CCTV Mobile Usage.mkv,632de9ed55947761d56d4c6142a3cb1a1fe69d0b1a6d0e01a2e404c697962623,dfine_sahi,138583.0,unknown_object,0.5393,86.05,515.18,200.94,627.63,12918.6,114.89,112.44,1.022,False,,True,S-61,38,evt_S-61_desk_work_surface_0007,80caf17b82558058,pose_hand_context,,41144.1,3.16,,1,cam12/e1/v1,rtmpose_baseline
full,03.CCTV Mobile Usage.mkv,632de9ed55947761d56d4c6142a3cb1a1fe69d0b1a6d0e01a2e404c697962623,dfine_sahi,138583.0,unknown_object,0.5215,175.03,515.27,288.91,628.58,12903.4,113.88,113.31,1.005,False,,True,S-61,38,evt_S-61_desk_work_surface_0007,80caf17b82558058,pose_hand_context,,41144.1,3.16,,1,cam12/e1/v1,rtmpose_baseline
full,03.CCTV Mobile Usage.mkv,632de9ed55947761d56d4c6142a3cb1a1fe69d0b1a6d0e01a2e404c697962623,dfine_sahi,138583.0,unknown_object,0.5127,85.97,426.26,200.87,540.26,13097.9,114.9,113.99,1.008,False,,True,S-61,38,evt_S-61_desk_work_surface_0007,80caf17b82558058,pose_hand_context,,41144.1,3.16,,1,cam12/e1/v1,rtmpose_baseline
full,03.CCTV Mobile Usage.mkv,632de9ed55947761d56d4c6142a3cb1a1fe69d0b1a6d0e01a2e404c697962623,dfine_sahi,138583.0,unknown_object,0.5073,138.27,449.25,193.1,507.58,3197.8,54.83,58.33,0.94,False,,True,S-61,38,evt_S-61_desk_work_surface_0007,80caf17b82558058,pose_hand_context,,41144.1,3.16,,1,cam12/e1/v1,rtmpose_baseline
full,03.CCTV Mobile Usage.mkv,632de9ed55947761d56d4c6142a3cb1a1fe69d0b1a6d0e01a2e404c697962623,dfine_sahi,138583.0,secondary_paper_chit,0.4592,85.82,450.17,193.09,513.47,6790.5,107.27,63.3,1.695,False,,True,S-61,38,evt_S-61_desk_work_surface_0007,80caf17b82558058,pose_hand_context,,41144.1,3.16,,1,cam12/e1/v1,rtmpose_baseline
full,03.CCTV Mobile Usage.mkv,632de9ed55947761d56d4c6142a3cb1a1fe69d0b1a6d0e01a2e404c697962623,dfine_sahi,138583.0,unknown_object,0.4078,85.98,471.69,134.21,507.08,1706.8,48.23,35.39,1.363,False,,True,S-61,38,evt_S-61_desk_work_surface_0007,80caf17b82558058,pose_hand_context,,41144.1,3.16,,1,cam12/e1/v1,rtmpose_baseline
full,03.CCTV Mobile Usage.mkv,632de9ed55947761d56d4c6142a3cb1a1fe69d0b1a6d0e01a2e404c697962623,dfine_sahi,138583.0,unknown_object,0.373,87.03,426.11,164.53,468.04,3249.4,77.49,41.93,1.848,False,,True,S-61,38,evt_S-61_desk_work_surface_0007,80caf17b82558058,pose_hand_context,,41144.1,3.16,,1,cam12/e1/v1,rtmpose_baseline
full,03.CCTV Mobile Usage.mkv,632de9ed55947761d56d4c6142a3cb1a1fe69d0b1a6d0e01a2e404c697962623,dfine_sahi,138583.0,unknown_object,0.3573,174.87,448.94,185.76,477.38,309.9,10.89,28.45,0.383,False,,True,S-61,38,evt_S-61_desk_work_surface_0007,80caf17b82558058,pose_hand_context,,41144.1,3.16,,1,cam12/e1/v1,rtmpose_baseline
full,03.CCTV Mobile Usage.mkv,632de9ed55947761d56d4c6142a3cb1a1fe69d0b1a6d0e01a2e404c697962623,dfine_sahi,138583.0,unknown_object,0.3549,86.07,499.43,200.95,540.53,4721.4,114.88,41.1,2.795,False,,True,S-61,38,evt_S-61_desk_work_surface_0007,80caf17b82558058,pose_hand_context,,41144.1,3.16,,1,cam12/e1/v1,rtmpose_baseline
full,03.CCTV Mobile Usage.mkv,632de9ed55947761d56d4c6142a3cb1a1fe69d0b1a6d0e01a2e404c697962623,dfine_sahi,138583.0,unknown_object,0.2849,175.02,511.16,278.25,540.7,3049.5,103.24,29.54,3.495,False,,True,S-61,38,evt_S-61_desk_work_surface_0007,80caf17b82558058,pose_hand_context,,41144.1,3.16,,1,cam12/e1/v1,rtmpose_baseline
full,03.CCTV Mobile Usage.mkv,632de9ed55947761d56d4c6142a3cb1a1fe69d0b1a6d0e01a2e404c697962623,dfine_sahi,138583.0,secondary_paper_chit,0.2726,111.73,460.37,166.86,505.9,2510.1,55.13,45.53,1.211,False,,True,S-61,38,evt_S-61_desk_work_surface_0007,80caf17b82558058,pose_hand_context,,41144.1,3.16,,1,cam12/e1/v1,rtmpose_baseline
full,03.CCTV Mobile Usage.mkv,632de9ed55947761d56d4c6142a3cb1a1fe69d0b1a6d0e01a2e404c697962623,dfine_sahi,138583.0,secondary_paper_chit,0.262,85.97,470.96,131.7,507.88,1688.7,45.73,36.92,1.239,False,,True,S-61,38,evt_S-61_desk_work_surface_0007,80caf17b82558058,pose_hand_context,,41144.1,3.16,,1,cam12/e1/v1,rtmpose_baseline
full,03.CCTV Mobile Usage.mkv,632de9ed55947761d56d4c6142a3cb1a1fe69d0b1a6d0e01a2e404c697962623,dfine_sahi,138583.0,unknown_object,0.2618,190.91,459.71,257.8,525.53,4402.6,66.89,65.82,1.016,False,,True,S-61,38,evt_S-61_desk_work_surface_0007,80caf17b82558058,pose_hand_context,,41144.1,3.16,,1,cam12/e1/v1,rtmpose_baseline
full,03.CCTV Mobile Usage.mkv,632de9ed55947761d56d4c6142a3cb1a1fe69d0b1a6d0e01a2e404c697962623,dfine_sahi,138867.0,unknown_object,0.4895,143.23,602.06,161.44,617.89,288.2,18.2,15.83,1.15,False,,True,S-61,38,evt_S-61_upper_body_0022,65a212c90b663166,pose_hand_context,,40425.1,3.18,,1,cam12/e1/v1,rtmpose_baseline
full,03.CCTV Mobile Usage.mkv,632de9ed55947761d56d4c6142a3cb1a1fe69d0b1a6d0e01a2e404c697962623,dfine_sahi,138867.0,unknown_object,0.4791,173.04,517.21,285.91,629.5,12675.1,112.87,112.3,1.005,False,,True,S-61,38,evt_S-61_upper_body_0022,65a212c90b663166,pose_hand_context,,40425.1,3.18,,1,cam12/e1/v1,rtmpose_baseline
full,03.CCTV Mobile Usage.mkv,632de9ed55947761d56d4c6142a3cb1a1fe69d0b1a6d0e01a2e404c697962623,dfine_sahi,138867.0,unknown_object,0.4127,84.92,451.21,192.59,515.49,6920.2,107.66,64.28,1.675,False,,True,S-61,38,evt_S-61_upper_body_0022,65a212c90b663166,pose_hand_context,,40425.1,3.18,,1,cam12/e1/v1,rtmpose_baseline
full,03.CCTV Mobile Usage.mkv,632de9ed55947761d56d4c6142a3cb1a1fe69d0b1a6d0e01a2e404c697962623,dfine_sahi,138867.0,unknown_object,0.3884,85.07,429.49,241.79,628.76,31230.0,156.72,199.27,0.786,False,,True,S-61,38,evt_S-61_upper_body_0022,65a212c90b663166,pose_hand_context,,40425.1,3.18,,1,cam12/e1/v1,rtmpose_baseline
full,03.CCTV Mobile Usage.mkv,632de9ed55947761d56d4c6142a3cb1a1fe69d0b1a6d0e01a2e404c697962623,dfine_sahi,138867.0,unknown_object,0.3855,175.24,429.16,284.64,527.08,10713.0,109.4,97.93,1.117,False,,True,S-61,38,evt_S-61_upper_body_0022,65a212c90b663166,pose_hand_context,,40425.1,3.18,,1,cam12/e1/v1,rtmpose_baseline
full,03.CCTV Mobile Usage.mkv,632de9ed55947761d56d4c6142a3cb1a1fe69d0b1a6d0e01a2e404c697962623,dfine_sahi,138867.0,phone,0.2602,263.89,578.82,285.98,596.81,397.6,22.09,18.0,1.227,False,,True,S-61,38,evt_S-61_upper_body_0022,65a212c90b663166,pose_hand_context,,40425.1,3.18,,1,cam12/e1/v1,rtmpose_baseline
full,03.CCTV Mobile Usage.mkv,632de9ed55947761d56d4c6142a3cb1a1fe69d0b1a6d0e01a2e404c697962623,dfine_sahi,138867.0,unknown_object,0.2522,112.39,591.34,197.44,629.62,3255.2,85.05,38.28,2.222,False,,True,S-61,38,evt_S-61_upper_body_0022,65a212c90b663166,pose_hand_context,,40425.1,3.18,,1,cam12/e1/v1,rtmpose_baseline
full,03.CCTV Mobile Usage.mkv,632de9ed55947761d56d4c6142a3cb1a1fe69d0b1a6d0e01a2e404c697962623,dfine_sahi,139083.0,unknown_object,0.6007,172.99,436.4,280.97,543.44,11557.7,107.97,107.04,1.009,False,,True,S-61,38,evt_S-61_desk_work_surface_0007,621b968be80ccd92,pose_hand_context,,36779.6,3.34,,1,cam12/e1/v1,rtmpose_baseline
full,03.CCTV Mobile Usage.mkv,632de9ed55947761d56d4c6142a3cb1a1fe69d0b1a6d0e01a2e404c697962623,dfine_sahi,139083.0,unknown_object,0.5732,89.03,436.27,196.89,543.42,11557.0,107.86,107.15,1.007,False,,True,S-61,38,evt_S-61_desk_work_surface_0007,621b968be80ccd92,pose_hand_context,,36779.6,3.34,,1,cam12/e1/v1,rtmpose_baseline
full,03.CCTV Mobile Usage.mkv,632de9ed55947761d56d4c6142a3cb1a1fe69d0b1a6d0e01a2e404c697962623,dfine_sahi,139083.0,unknown_object,0.509,127.32,499.74,197.0,543.48,3047.1,69.68,43.73,1.593,False,,True,S-61,38,evt_S-61_desk_work_surface_0007,621b968be80ccd92,pose_hand_context,,36779.6,3.34,,1,cam12/e1/v1,rtmpose_baseline
full,03.CCTV Mobile Usage.mkv,632de9ed55947761d56d4c6142a3cb1a1fe69d0b1a6d0e01a2e404c697962623,dfine_sahi,139083.0,unknown_object,0.481,89.07,436.21,241.78,626.9,29121.7,152.72,190.69,0.801,False,,True,S-61,38,evt_S-61_desk_work_surface_0007,621b968be80ccd92,pose_hand_context,,36779.6,3.34,,1,cam12/e1/v1,rtmpose_baseline
full,03.CCTV Mobile Usage.mkv,632de9ed55947761d56d4c6142a3cb1a1fe69d0b1a6d0e01a2e404c697962623,dfine_sahi,139083.0,unknown_object,0.4354,173.03,520.22,280.91,627.59,11583.2,107.89,107.36,1.005,False,,True,S-61,38,evt_S-61_desk_work_surface_0007,621b968be80ccd92,pose_hand_context,,36779.6,3.34,,1,cam12/e1/v1,rtmpose_baseline
full,03.CCTV Mobile Usage.mkv,632de9ed55947761d56d4c6142a3cb1a1fe69d0b1a6d0e01a2e404c697962623,dfine_sahi,139083.0,unknown_object,0.3644,173.08,519.15,277.58,543.79,2575.0,104.5,24.64,4.241,False,,True,S-61,38,evt_S-61_desk_work_surface_0007,621b968be80ccd92,pose_hand_context,,36779.6,3.34,,1,cam12/e1/v1,rtmpose_baseline
full,03.CCTV Mobile Usage.mkv,632de9ed55947761d56d4c6142a3cb1a1fe69d0b1a6d0e01a2e404c697962623,dfine_sahi,139083.0,unknown_object,0.3189,143.18,602.25,161.63,618.18,293.9,18.45,15.93,1.158,False,,True,S-61,38,evt_S-61_desk_work_surface_0007,621b968be80ccd92,pose_hand_context,,36779.6,3.34,,1,cam12/e1/v1,rtmpose_baseline
full,03.CCTV Mobile Usage.mkv,632de9ed55947761d56d4c6142a3cb1a1fe69d0b1a6d0e01a2e404c697962623,dfine_sahi,139083.0,secondary_paper_chit,0.318,88.92,455.35,193.5,516.78,6423.8,104.58,61.42,1.703,False,,True,S-61,38,evt_S-61_desk_work_surface_0007,621b968be80ccd92,pose_hand_context,,36779.6,3.34,,1,cam12/e1/v1,rtmpose_baseline
full,03.CCTV Mobile Usage.mkv,632de9ed55947761d56d4c6142a3cb1a1fe69d0b1a6d0e01a2e404c697962623,dfine_sahi,139083.0,unknown_object,0.2822,92.3,436.1,152.33,465.46,1762.6,60.03,29.36,2.045,False,,True,S-61,38,evt_S-61_desk_work_surface_0007,621b968be80ccd92,pose_hand_context,,36779.6,3.34,,1,cam12/e1/v1,rtmpose_baseline
full,03.CCTV Mobile Usage.mkv,632de9ed55947761d56d4c6142a3cb1a1fe69d0b1a6d0e01a2e404c697962623,dfine_sahi,139083.0,unknown_object,0.2691,88.99,469.97,129.65,505.94,1462.6,40.66,35.97,1.13,False,,True,S-61,38,evt_S-61_desk_work_surface_0007,621b968be80ccd92,pose_hand_context,,36779.6,3.34,,1,cam12/e1/v1,rtmpose_baseline
full,03.CCTV Mobile Usage.mkv,632de9ed55947761d56d4c6142a3cb1a1fe69d0b1a6d0e01a2e404c697962623,dfine_sahi,139367.0,unknown_object,0.6357,101.12,440.11,215.64,531.33,10446.5,114.52,91.22,1.255,False,,True,S-61,38,evt_S-61_upper_body_0022,730dbc9fc87f8ec1,pose_hand_context,,41975.8,3.12,,1,cam12/e1/v1,rtmpose_baseline
full,03.CCTV Mobile Usage.mkv,632de9ed55947761d56d4c6142a3cb1a1fe69d0b1a6d0e01a2e404c697962623,dfine_sahi,139367.0,unknown_object,0.5957,191.01,440.61,305.98,544.55,11950.5,114.98,103.94,1.106,False,,True,S-61,38,evt_S-61_upper_body_0022,730dbc9fc87f8ec1,pose_hand_context,,41975.8,3.12,,1,cam12/e1/v1,rtmpose_baseline
full,03.CCTV Mobile Usage.mkv,632de9ed55947761d56d4c6142a3cb1a1fe69d0b1a6d0e01a2e404c697962623,dfine_sahi,139367.0,unknown_object,0.3811,191.02,525.87,305.89,554.57,3297.1,114.87,28.7,4.002,False,,True,S-61,38,evt_S-61_upper_body_0022,730dbc9fc87f8ec1,pose_hand_context,,41975.8,3.12,,1,cam12/e1/v1,rtmpose_baseline
full,03.CCTV Mobile Usage.mkv,632de9ed55947761d56d4c6142a3cb1a1fe69d0b1a6d0e01a2e404c697962623,dfine_sahi,139367.0,unknown_object,0.3201,101.07,440.11,148.61,486.05,2184.1,47.54,45.94,1.035,False,,True,S-61,38,evt_S-61_upper_body_0022,730dbc9fc87f8ec1,pose_hand_context,,41975.8,3.12,,1,cam12/e1/v1,rtmpose_baseline
full,03.CCTV Mobile Usage.mkv,632de9ed55947761d56d4c6142a3cb1a1fe69d0b1a6d0e01a2e404c697962623,dfine_sahi,139367.0,unknown_object,0.3105,101.15,440.48,305.85,643.77,41614.6,204.7,203.29,1.007,False,,True,S-61,38,evt_S-61_upper_body_0022,730dbc9fc87f8ec1,pose_hand_context,,41975.8,3.12,,1,cam12/e1/v1,rtmpose_baseline
full,03.CCTV Mobile Usage.mkv,632de9ed55947761d56d4c6142a3cb1a1fe69d0b1a6d0e01a2e404c697962623,dfine_sahi,139367.0,unknown_object,0.3041,141.96,591.36,192.57,618.29,1363.2,50.62,26.93,1.879,False,,True,S-61,38,evt_S-61_upper_body_0022,730dbc9fc87f8ec1,pose_hand_context,,41975.8,3.12,,1,cam12/e1/v1,rtmpose_baseline
full,03.CCTV Mobile Usage.mkv,632de9ed55947761d56d4c6142a3cb1a1fe69d0b1a6d0e01a2e404c697962623,dfine_sahi,139367.0,unknown_object,0.3029,101.0,530.21,216.0,644.25,13114.8,115.0,114.04,1.008,False,,True,S-61,38,evt_S-61_upper_body_0022,730dbc9fc87f8ec1,pose_hand_context,,41975.8,3.12,,1,cam12/e1/v1,rtmpose_baseline
full,03.CCTV Mobile Usage.mkv,632de9ed55947761d56d4c6142a3cb1a1fe69d0b1a6d0e01a2e404c697962623,dfine_sahi,139367.0,unknown_object,0.2721,101.24,590.89,193.92,643.52,4877.0,92.68,52.62,1.761,False,,True,S-61,38,evt_S-61_upper_body_0022,730dbc9fc87f8ec1,pose_hand_context,,41975.8,3.12,,1,cam12/e1/v1,rtmpose_baseline
full,03.CCTV Mobile Usage.mkv,632de9ed55947761d56d4c6142a3cb1a1fe69d0b1a6d0e01a2e404c697962623,dfine_sahi,139583.0,unknown_object,0.8332,97.06,429.21,222.89,554.13,15718.6,125.82,124.93,1.007,False,,True,S-61,38,evt_S-61_desk_work_surface_0007,3f271ff03fbcd110,pose_hand_context,,50274.6,2.85,,1,cam12/e1/v1,rtmpose_baseline
full,03.CCTV Mobile Usage.mkv,632de9ed55947761d56d4c6142a3cb1a1fe69d0b1a6d0e01a2e404c697962623,dfine_sahi,139583.0,unknown_object,0.5024,195.07,429.17,320.74,532.13,12940.3,125.68,102.97,1.221,False,,True,S-61,38,evt_S-61_desk_work_surface_0007,3f271ff03fbcd110,pose_hand_context,,50274.6,2.85,,1,cam12/e1/v1,rtmpose_baseline
full,03.CCTV Mobile Usage.mkv,632de9ed55947761d56d4c6142a3cb1a1fe69d0b1a6d0e01a2e404c697962623,dfine_sahi,139583.0,unknown_object,0.4798,126.16,527.17,222.88,607.46,7766.1,96.73,80.29,1.205,False,,True,S-61,38,evt_S-61_desk_work_surface_0007,3f271ff03fbcd110,pose_hand_context,,50274.6,2.85,,1,cam12/e1/v1,rtmpose_baseline
full,03.CCTV Mobile Usage.mkv,632de9ed55947761d56d4c6142a3cb1a1fe69d0b1a6d0e01a2e404c697962623,dfine_sahi,139583.0,unknown_object,0.406,97.03,429.49,320.83,652.07,49814.0,223.8,222.59,1.005,False,,True,S-61,38,evt_S-61_desk_work_surface_0007,3f271ff03fbcd110,pose_hand_context,,50274.6,2.85,,1,cam12/e1/v1,rtmpose_baseline
full,03.CCTV Mobile Usage.mkv,632de9ed55947761d56d4c6142a3cb1a1fe69d0b1a6d0e01a2e404c697962623,dfine_sahi,139583.0,unknown_object,0.3669,195.07,557.33,320.95,652.45,11973.9,125.88,95.12,1.323,False,,True,S-61,38,evt_S-61_desk_work_surface_0007,3f271ff03fbcd110,pose_hand_context,,50274.6,2.85,,1,cam12/e1/v1,rtmpose_baseline
full,03.CCTV Mobile Usage.mkv,632de9ed55947761d56d4c6142a3cb1a1fe69d0b1a6d0e01a2e404c697962623,dfine_sahi,139867.0,keyboard,0.9174,962.22,451.93,1067.99,491.45,4180.3,105.77,39.52,2.676,False,,True,R-desk,46,evt_S-61_upper_body_0022,9006d665f9af6662,lap_bag_context,no_pose_observation,34560.0,1.33,,1,cam12/e1/v1,
full,03.CCTV Mobile Usage.mkv,632de9ed55947761d56d4c6142a3cb1a1fe69d0b1a6d0e01a2e404c697962623,dfine_sahi,139867.0,keyboard,0.7015,772.62,380.2,870.98,420.24,3938.1,98.36,40.04,2.457,False,,True,R-desk,46,evt_S-61_upper_body_0022,9006d665f9af6662,lap_bag_context,no_pose_observation,34560.0,1.33,,1,cam12/e1/v1,
full,03.CCTV Mobile Usage.mkv,632de9ed55947761d56d4c6142a3cb1a1fe69d0b1a6d0e01a2e404c697962623,dfine_sahi,139867.0,mouse,0.6949,865.18,413.47,891.14,435.08,560.8,25.96,21.6,1.202,False,,True,R-desk,46,evt_S-61_upper_body_0022,9006d665f9af6662,lap_bag_context,no_pose_observation,34560.0,1.33,,1,cam12/e1/v1,
full,03.CCTV Mobile Usage.mkv,632de9ed55947761d56d4c6142a3cb1a1fe69d0b1a6d0e01a2e404c697962623,dfine_sahi,139867.0,monitor_or_bezel,0.6603,963.38,380.54,1152.85,475.0,17897.9,189.48,94.46,2.006,False,,True,R-desk,46,evt_S-61_upper_body_0022,9006d665f9af6662,lap_bag_context,no_pose_observation,34560.0,1.33,,1,cam12/e1/v1,
full,03.CCTV Mobile Usage.mkv,632de9ed55947761d56d4c6142a3cb1a1fe69d0b1a6d0e01a2e404c697962623,dfine_sahi,139867.0,monitor_or_bezel,0.6489,708.59,379.92,969.67,474.92,24802.2,261.07,95.0,2.748,False,,True,R-desk,46,evt_S-61_upper_body_0022,9006d665f9af6662,lap_bag_context,no_pose_observation,34560.0,1.33,,1,cam12/e1/v1,
full,03.CCTV Mobile Usage.mkv,632de9ed55947761d56d4c6142a3cb1a1fe69d0b1a6d0e01a2e404c697962623,dfine_sahi,139867.0,phone,0.6376,1043.6,420.9,1112.53,473.78,3645.3,68.93,52.88,1.304,False,,True,R-desk,46,evt_S-61_upper_body_0022,9006d665f9af6662,lap_bag_context,no_pose_observation,34560.0,1.33,,1,cam12/e1/v1,
full,03.CCTV Mobile Usage.mkv,632de9ed55947761d56d4c6142a3cb1a1fe69d0b1a6d0e01a2e404c697962623,dfine_sahi,139867.0,keyboard,0.6316,962.92,452.33,1034.69,475.56,1667.0,71.77,23.23,3.09,False,,True,R-desk,46,evt_S-61_upper_body_0022,9006d665f9af6662,lap_bag_context,no_pose_observation,34560.0,1.33,,1,cam12/e1/v1,
full,03.CCTV Mobile Usage.mkv,632de9ed55947761d56d4c6142a3cb1a1fe69d0b1a6d0e01a2e404c697962623,dfine_sahi,139867.0,monitor_or_bezel,0.6116,1019.25,395.96,1145.4,448.36,6610.3,126.15,52.4,2.408,False,,True,R-desk,46,evt_S-61_upper_body_0022,9006d665f9af6662,lap_bag_context,no_pose_observation,34560.0,1.33,,1,cam12/e1/v1,
full,03.CCTV Mobile Usage.mkv,632de9ed55947761d56d4c6142a3cb1a1fe69d0b1a6d0e01a2e404c697962623,dfine_sahi,139867.0,monitor_or_bezel,0.6095,910.16,411.17,1141.3,506.37,22003.7,231.14,95.2,2.428,False,,True,R-desk,46,evt_S-61_upper_body_0022,9006d665f9af6662,lap_bag_context,no_pose_observation,34560.0,1.33,,1,cam12/e1/v1,
full,03.CCTV Mobile Usage.mkv,632de9ed55947761d56d4c6142a3cb1a1fe69d0b1a6d0e01a2e404c697962623,dfine_sahi,139867.0,unknown_object,0.6084,699.92,396.15,843.85,492.18,13821.1,143.93,96.03,1.499,False,,True,R-desk,46,evt_S-61_upper_body_0022,9006d665f9af6662,lap_bag_context,no_pose_observation,34560.0,1.33,,1,cam12/e1/v1,
full,03.CCTV Mobile Usage.mkv,632de9ed55947761d56d4c6142a3cb1a1fe69d0b1a6d0e01a2e404c697962623,dfine_sahi,139867.0,keyboard,0.5845,802.39,396.2,870.66,420.59,1665.3,68.27,24.39,2.799,False,,True,R-desk,46,evt_S-61_upper_body_0022,9006d665f9af6662,lap_bag_context,no_pose_observation,34560.0,1.33,,1,cam12/e1/v1,
full,03.CCTV Mobile Usage.mkv,632de9ed55947761d56d4c6142a3cb1a1fe69d0b1a6d0e01a2e404c697962623,dfine_sahi,139867.0,unknown_object,0.4494,766.47,410.98,969.85,506.03,19331.1,203.37,95.05,2.14,False,,True,R-desk,46,evt_S-61_upper_body_0022,9006d665f9af6662,lap_bag_context,no_pose_observation,34560.0,1.33,,1,cam12/e1/v1,
full,03.CCTV Mobile Usage.mkv,632de9ed55947761d56d4c6142a3cb1a1fe69d0b1a6d0e01a2e404c697962623,dfine_sahi,139867.0,unknown_object,0.3854,700.04,380.65,758.53,475.03,5520.0,58.49,94.38,0.62,False,,True,R-desk,46,evt_S-61_upper_body_0022,9006d665f9af6662,lap_bag_context,no_pose_observation,34560.0,1.33,,1,cam12/e1/v1,
full,03.CCTV Mobile Usage.mkv,632de9ed55947761d56d4c6142a3cb1a1fe69d0b1a6d0e01a2e404c697962623,dfine_sahi,139867.0,mouse,0.3435,967.35,398.38,991.93,410.54,298.9,24.58,12.16,2.021,False,,True,R-desk,46,evt_S-61_upper_body_0022,9006d665f9af6662,lap_bag_context,no_pose_observation,34560.0,1.33,,1,cam12/e1/v1,
full,03.CCTV Mobile Usage.mkv,632de9ed55947761d56d4c6142a3cb1a1fe69d0b1a6d0e01a2e404c697962623,dfine_sahi,139867.0,keyboard,0.3251,882.54,380.22,968.12,452.67,6200.1,85.59,72.44,1.181,False,,True,R-desk,46,evt_S-61_upper_body_0022,9006d665f9af6662,lap_bag_context,no_pose_observation,34560.0,1.33,,1,cam12/e1/v1,
full,03.CCTV Mobile Usage.mkv,632de9ed55947761d56d4c6142a3cb1a1fe69d0b1a6d0e01a2e404c697962623,dfine_sahi,139867.0,unknown_object,0.3093,881.74,411.11,933.16,452.75,2141.0,51.42,41.64,1.235,False,,True,R-desk,46,evt_S-61_upper_body_0022,9006d665f9af6662,lap_bag_context,no_pose_observation,34560.0,1.33,,1,cam12/e1/v1,
full,03.CCTV Mobile Usage.mkv,632de9ed55947761d56d4c6142a3cb1a1fe69d0b1a6d0e01a2e404c697962623,dfine_sahi,139867.0,keyboard,0.2823,965.97,394.15,1121.2,474.94,12540.7,155.23,80.79,1.922,False,,True,R-desk,46,evt_S-61_upper_body_0022,9006d665f9af6662,lap_bag_context,no_pose_observation,34560.0,1.33,,1,cam12/e1/v1,
full,03.CCTV Mobile Usage.mkv,632de9ed55947761d56d4c6142a3cb1a1fe69d0b1a6d0e01a2e404c697962623,dfine_sahi,139867.0,mouse,0.2642,990.7,399.47,1026.49,413.36,496.8,35.79,13.88,2.578,False,,True,R-desk,46,evt_S-61_upper_body_0022,9006d665f9af6662,lap_bag_context,no_pose_observation,34560.0,1.33,,1,cam12/e1/v1,
full,03.CCTV Mobile Usage.mkv,632de9ed55947761d56d4c6142a3cb1a1fe69d0b1a6d0e01a2e404c697962623,dfine_sahi,139867.0,unknown_object,0.2555,864.12,465.48,957.56,506.55,3837.8,93.45,41.07,2.275,False,,True,R-desk,46,evt_S-61_upper_body_0022,9006d665f9af6662,lap_bag_context,no_pose_observation,34560.0,1.33,,1,cam12/e1/v1,
full,03.CCTV Mobile Usage.mkv,632de9ed55947761d56d4c6142a3cb1a1fe69d0b1a6d0e01a2e404c697962623,dfine_sahi,139867.0,unknown_object,0.2534,880.83,411.44,969.91,505.66,8393.0,89.08,94.22,0.945,False,,True,R-desk,46,evt_S-61_upper_body_0022,9006d665f9af6662,lap_bag_context,no_pose_observation,34560.0,1.33,,1,cam12/e1/v1,
full,03.CCTV Mobile Usage.mkv,632de9ed55947761d56d4c6142a3cb1a1fe69d0b1a6d0e01a2e404c697962623,dfine_sahi,139867.0,mouse,0.393,43.45,445.76,71.95,473.81,799.4,28.5,28.05,1.016,False,,True,S-61,38,evt_S-61_upper_body_0022,9aba67611ee3fca8,pose_hand_context,,49675.5,2.87,,1,cam12/e1/v1,rtmpose_baseline
full,03.CCTV Mobile Usage.mkv,632de9ed55947761d56d4c6142a3cb1a1fe69d0b1a6d0e01a2e404c697962623,dfine_sahi,139867.0,unknown_object,0.3379,20.06,493.23,145.94,576.41,10471.5,125.89,83.18,1.513,False,,True,S-61,38,evt_S-61_upper_body_0022,9aba67611ee3fca8,pose_hand_context,,49675.5,2.87,,1,cam12/e1/v1,rtmpose_baseline
full,03.CCTV Mobile Usage.mkv,632de9ed55947761d56d4c6142a3cb1a1fe69d0b1a6d0e01a2e404c697962623,dfine_sahi,139867.0,unknown_object,0.3271,19.96,353.98,242.23,575.38,49210.7,222.27,221.4,1.004,False,,True,S-61,38,evt_S-61_upper_body_0022,9aba67611ee3fca8,pose_hand_context,,49675.5,2.87,,1,cam12/e1/v1,rtmpose_baseline
full,03.CCTV Mobile Usage.mkv,632de9ed55947761d56d4c6142a3cb1a1fe69d0b1a6d0e01a2e404c697962623,dfine_sahi,139867.0,stationery,0.321,20.1,493.95,160.07,575.71,11443.9,139.97,81.76,1.712,False,,True,S-61,38,evt_S-61_upper_body_0022,9aba67611ee3fca8,pose_hand_context,,49675.5,2.87,,1,cam12/e1/v1,rtmpose_baseline
full,03.CCTV Mobile Usage.mkv,632de9ed55947761d56d4c6142a3cb1a1fe69d0b1a6d0e01a2e404c697962623,dfine_sahi,139867.0,unknown_object,0.3099,102.82,451.14,145.99,517.42,2861.3,43.17,66.28,0.651,False,,True,S-61,38,evt_S-61_upper_body_0022,9aba67611ee3fca8,pose_hand_context,,49675.5,2.87,,1,cam12/e1/v1,rtmpose_baseline
full,03.CCTV Mobile Usage.mkv,632de9ed55947761d56d4c6142a3cb1a1fe69d0b1a6d0e01a2e404c697962623,dfine_sahi,139867.0,stationery,0.2869,20.05,409.0,121.11,502.16,9415.3,101.06,93.16,1.085,False,,True,S-61,38,evt_S-61_upper_body_0022,9aba67611ee3fca8,pose_hand_context,,49675.5,2.87,,1,cam12/e1/v1,rtmpose_baseline
full,03.CCTV Mobile Usage.mkv,632de9ed55947761d56d4c6142a3cb1a1fe69d0b1a6d0e01a2e404c697962623,dfine_sahi,139867.0,unknown_object,0.2544,117.98,451.16,166.95,507.07,2738.1,48.98,55.91,0.876,False,,True,S-61,38,evt_S-61_upper_body_0022,9aba67611ee3fca8,pose_hand_context,,49675.5,2.87,,1,cam12/e1/v1,rtmpose_baseline
full,03.CCTV Mobile Usage.mkv,632de9ed55947761d56d4c6142a3cb1a1fe69d0b1a6d0e01a2e404c697962623,dfine_sahi,139867.0,unknown_object,0.2522,47.48,509.9,84.51,553.56,1616.8,37.03,43.66,0.848,False,,True,S-61,38,evt_S-61_upper_body_0022,9aba67611ee3fca8,pose_hand_context,,49675.5,2.87,,1,cam12/e1/v1,rtmpose_baseline
full,03.CCTV Mobile Usage.mkv,632de9ed55947761d56d4c6142a3cb1a1fe69d0b1a6d0e01a2e404c697962623,dfine_sahi,140083.0,keyboard,0.9172,962.23,451.93,1067.99,491.45,4179.8,105.76,39.52,2.676,False,,True,R-desk,46,evt_S-61_desk_work_surface_0007,054d7432f9c58c1e,lap_bag_context,no_pose_observation,34560.0,1.33,,1,cam12/e1/v1,
full,03.CCTV Mobile Usage.mkv,632de9ed55947761d56d4c6142a3cb1a1fe69d0b1a6d0e01a2e404c697962623,dfine_sahi,140083.0,keyboard,0.7015,772.62,380.2,870.98,420.24,3938.1,98.36,40.04,2.457,False,,True,R-desk,46,evt_S-61_desk_work_surface_0007,054d7432f9c58c1e,lap_bag_context,no_pose_observation,34560.0,1.33,,1,cam12/e1/v1,
full,03.CCTV Mobile Usage.mkv,632de9ed55947761d56d4c6142a3cb1a1fe69d0b1a6d0e01a2e404c697962623,dfine_sahi,140083.0,mouse,0.6949,865.18,413.47,891.14,435.08,560.8,25.96,21.6,1.202,False,,True,R-desk,46,evt_S-61_desk_work_surface_0007,054d7432f9c58c1e,lap_bag_context,no_pose_observation,34560.0,1.33,,1,cam12/e1/v1,
full,03.CCTV Mobile Usage.mkv,632de9ed55947761d56d4c6142a3cb1a1fe69d0b1a6d0e01a2e404c697962623,dfine_sahi,140083.0,monitor_or_bezel,0.6695,963.37,380.51,1152.84,475.0,17904.1,189.47,94.49,2.005,False,,True,R-desk,46,evt_S-61_desk_work_surface_0007,054d7432f9c58c1e,lap_bag_context,no_pose_observation,34560.0,1.33,,1,cam12/e1/v1,
full,03.CCTV Mobile Usage.mkv,632de9ed55947761d56d4c6142a3cb1a1fe69d0b1a6d0e01a2e404c697962623,dfine_sahi,140083.0,monitor_or_bezel,0.6489,708.59,379.92,969.67,474.92,24802.2,261.07,95.0,2.748,False,,True,R-desk,46,evt_S-61_desk_work_surface_0007,054d7432f9c58c1e,lap_bag_context,no_pose_observation,34560.0,1.33,,1,cam12/e1/v1,
full,03.CCTV Mobile Usage.mkv,632de9ed55947761d56d4c6142a3cb1a1fe69d0b1a6d0e01a2e404c697962623,dfine_sahi,140083.0,phone,0.6345,1043.61,420.92,1112.51,473.77,3641.5,68.9,52.85,1.304,False,,True,R-desk,46,evt_S-61_desk_work_surface_0007,054d7432f9c58c1e,lap_bag_context,no_pose_observation,34560.0,1.33,,1,cam12/e1/v1,
full,03.CCTV Mobile Usage.mkv,632de9ed55947761d56d4c6142a3cb1a1fe69d0b1a6d0e01a2e404c697962623,dfine_sahi,140083.0,keyboard,0.6289,962.92,452.33,1034.67,475.56,1666.4,71.75,23.23,3.089,False,,True,R-desk,46,evt_S-61_desk_work_surface_0007,054d7432f9c58c1e,lap_bag_context,no_pose_observation,34560.0,1.33,,1,cam12/e1/v1,
full,03.CCTV Mobile Usage.mkv,632de9ed55947761d56d4c6142a3cb1a1fe69d0b1a6d0e01a2e404c697962623,dfine_sahi,140083.0,monitor_or_bezel,0.6279,1019.25,395.96,1145.38,448.39,6613.9,126.14,52.43,2.406,False,,True,R-desk,46,evt_S-61_desk_work_surface_0007,054d7432f9c58c1e,lap_bag_context,no_pose_observation,34560.0,1.33,,1,cam12/e1/v1,
full,03.CCTV Mobile Usage.mkv,632de9ed55947761d56d4c6142a3cb1a1fe69d0b1a6d0e01a2e404c697962623,dfine_sahi,140083.0,unknown_object,0.6112,699.92,396.15,843.81,492.18,13817.3,143.89,96.03,1.498,False,,True,R-desk,46,evt_S-61_desk_work_surface_0007,054d7432f9c58c1e,lap_bag_context,no_pose_observation,34560.0,1.33,,1,cam12/e1/v1,
full,03.CCTV Mobile Usage.mkv,632de9ed55947761d56d4c6142a3cb1a1fe69d0b1a6d0e01a2e404c697962623,dfine_sahi,140083.0,monitor_or_bezel,0.6109,910.17,411.17,1141.37,506.36,22009.1,231.2,95.19,2.429,False,,True,R-desk,46,evt_S-61_desk_work_surface_0007,054d7432f9c58c1e,lap_bag_context,no_pose_observation,34560.0,1.33,,1,cam12/e1/v1,
full,03.CCTV Mobile Usage.mkv,632de9ed55947761d56d4c6142a3cb1a1fe69d0b1a6d0e01a2e404c697962623,dfine_sahi,140083.0,keyboard,0.5858,802.4,396.2,870.66,420.59,1664.7,68.26,24.39,2.799,False,,True,R-desk,46,evt_S-61_desk_work_surface_0007,054d7432f9c58c1e,lap_bag_context,no_pose_observation,34560.0,1.33,,1,cam12/e1/v1,
full,03.CCTV Mobile Usage.mkv,632de9ed55947761d56d4c6142a3cb1a1fe69d0b1a6d0e01a2e404c697962623,dfine_sahi,140083.0,unknown_object,0.4494,766.47,410.98,969.85,506.03,19331.1,203.37,95.05,2.14,False,,True,R-desk,46,evt_S-61_desk_work_surface_0007,054d7432f9c58c1e,lap_bag_context,no_pose_observation,34560.0,1.33,,1,cam12/e1/v1,
full,03.CCTV Mobile Usage.mkv,632de9ed55947761d56d4c6142a3cb1a1fe69d0b1a6d0e01a2e404c697962623,dfine_sahi,140083.0,unknown_object,0.3854,700.04,380.65,758.53,475.03,5520.0,58.49,94.38,0.62,False,,True,R-desk,46,evt_S-61_desk_work_surface_0007,054d7432f9c58c1e,lap_bag_context,no_pose_observation,34560.0,1.33,,1,cam12/e1/v1,
full,03.CCTV Mobile Usage.mkv,632de9ed55947761d56d4c6142a3cb1a1fe69d0b1a6d0e01a2e404c697962623,dfine_sahi,140083.0,mouse,0.3456,967.36,398.38,991.93,410.54,298.7,24.57,12.16,2.021,False,,True,R-desk,46,evt_S-61_desk_work_surface_0007,054d7432f9c58c1e,lap_bag_context,no_pose_observation,34560.0,1.33,,1,cam12/e1/v1,
full,03.CCTV Mobile Usage.mkv,632de9ed55947761d56d4c6142a3cb1a1fe69d0b1a6d0e01a2e404c697962623,dfine_sahi,140083.0,keyboard,0.3251,882.54,380.22,968.12,452.67,6200.1,85.59,72.44,1.181,False,,True,R-desk,46,evt_S-61_desk_work_surface_0007,054d7432f9c58c1e,lap_bag_context,no_pose_observation,34560.0,1.33,,1,cam12/e1/v1,
full,03.CCTV Mobile Usage.mkv,632de9ed55947761d56d4c6142a3cb1a1fe69d0b1a6d0e01a2e404c697962623,dfine_sahi,140083.0,unknown_object,0.3093,881.74,411.11,933.16,452.75,2141.0,51.42,41.64,1.235,False,,True,R-desk,46,evt_S-61_desk_work_surface_0007,054d7432f9c58c1e,lap_bag_context,no_pose_observation,34560.0,1.33,,1,cam12/e1/v1,
full,03.CCTV Mobile Usage.mkv,632de9ed55947761d56d4c6142a3cb1a1fe69d0b1a6d0e01a2e404c697962623,dfine_sahi,140083.0,keyboard,0.2831,966.0,394.21,1120.77,474.92,12491.6,154.77,80.71,1.917,False,,True,R-desk,46,evt_S-61_desk_work_surface_0007,054d7432f9c58c1e,lap_bag_context,no_pose_observation,34560.0,1.33,,1,cam12/e1/v1,
full,03.CCTV Mobile Usage.mkv,632de9ed55947761d56d4c6142a3cb1a1fe69d0b1a6d0e01a2e404c697962623,dfine_sahi,140083.0,mouse,0.2664,990.71,399.48,1026.49,413.35,496.2,35.78,13.87,2.58,False,,True,R-desk,46,evt_S-61_desk_work_surface_0007,054d7432f9c58c1e,lap_bag_context,no_pose_observation,34560.0,1.33,,1,cam12/e1/v1,
full,03.CCTV Mobile Usage.mkv,632de9ed55947761d56d4c6142a3cb1a1fe69d0b1a6d0e01a2e404c697962623,dfine_sahi,140083.0,unknown_object,0.2555,864.12,465.48,957.56,506.55,3837.8,93.45,41.07,2.275,False,,True,R-desk,46,evt_S-61_desk_work_surface_0007,054d7432f9c58c1e,lap_bag_context,no_pose_observation,34560.0,1.33,,1,cam12/e1/v1,
full,03.CCTV Mobile Usage.mkv,632de9ed55947761d56d4c6142a3cb1a1fe69d0b1a6d0e01a2e404c697962623,dfine_sahi,140083.0,unknown_object,0.2534,880.83,411.44,969.91,505.66,8393.0,89.08,94.22,0.945,False,,True,R-desk,46,evt_S-61_desk_work_surface_0007,054d7432f9c58c1e,lap_bag_context,no_pose_observation,34560.0,1.33,,1,cam12/e1/v1,
full,03.CCTV Mobile Usage.mkv,632de9ed55947761d56d4c6142a3cb1a1fe69d0b1a6d0e01a2e404c697962623,dfine_sahi,140083.0,monitor_or_bezel,0.2511,881.33,396.13,947.64,452.56,3741.3,66.3,56.43,1.175,False,,True,R-desk,46,evt_S-61_desk_work_surface_0007,054d7432f9c58c1e,lap_bag_context,no_pose_observation,34560.0,1.33,,1,cam12/e1/v1,
full,03.CCTV Mobile Usage.mkv,632de9ed55947761d56d4c6142a3cb1a1fe69d0b1a6d0e01a2e404c697962623,dfine_sahi,140083.0,unknown_object,0.7331,76.04,417.22,203.94,544.31,16255.0,127.9,127.09,1.006,False,,True,S-61,38,evt_S-61_desk_work_surface_0007,d9ec3f01d93a8292,pose_hand_context,,51974.9,2.81,,1,cam12/e1/v1,rtmpose_baseline
full,03.CCTV Mobile Usage.mkv,632de9ed55947761d56d4c6142a3cb1a1fe69d0b1a6d0e01a2e404c697962623,dfine_sahi,140083.0,unknown_object,0.4229,176.0,417.19,303.82,525.31,13820.0,127.82,108.12,1.182,False,,True,S-61,38,evt_S-61_desk_work_surface_0007,d9ec3f01d93a8292,pose_hand_context,,51974.9,2.81,,1,cam12/e1/v1,rtmpose_baseline
full,03.CCTV Mobile Usage.mkv,632de9ed55947761d56d4c6142a3cb1a1fe69d0b1a6d0e01a2e404c697962623,dfine_sahi,140083.0,unknown_object,0.4056,76.12,417.48,303.59,644.0,51527.2,227.47,226.52,1.004,False,,True,S-61,38,evt_S-61_desk_work_surface_0007,d9ec3f01d93a8292,pose_hand_context,,51974.9,2.81,,1,cam12/e1/v1,rtmpose_baseline
full,03.CCTV Mobile Usage.mkv,632de9ed55947761d56d4c6142a3cb1a1fe69d0b1a6d0e01a2e404c697962623,dfine_sahi,140083.0,unknown_object,0.3882,76.0,417.23,160.71,503.6,7316.4,84.71,86.37,0.981,False,,True,S-61,38,evt_S-61_desk_work_surface_0007,d9ec3f01d93a8292,pose_hand_context,,51974.9,2.81,,1,cam12/e1/v1,rtmpose_baseline
full,03.CCTV Mobile Usage.mkv,632de9ed55947761d56d4c6142a3cb1a1fe69d0b1a6d0e01a2e404c697962623,dfine_sahi,140083.0,unknown_object,0.3687,76.18,574.95,203.81,644.7,8901.9,127.62,69.75,1.83,False,,True,S-61,38,evt_S-61_desk_work_surface_0007,d9ec3f01d93a8292,pose_hand_context,,51974.9,2.81,,1,cam12/e1/v1,rtmpose_baseline
full,03.CCTV Mobile Usage.mkv,632de9ed55947761d56d4c6142a3cb1a1fe69d0b1a6d0e01a2e404c697962623,dfine_sahi,140083.0,unknown_object,0.3486,76.27,605.18,161.27,644.82,3369.1,85.0,39.64,2.144,False,,True,S-61,38,evt_S-61_desk_work_surface_0007,d9ec3f01d93a8292,pose_hand_context,,51974.9,2.81,,1,cam12/e1/v1,rtmpose_baseline
full,03.CCTV Mobile Usage.mkv,632de9ed55947761d56d4c6142a3cb1a1fe69d0b1a6d0e01a2e404c697962623,dfine_sahi,140083.0,unknown_object,0.3366,154.71,417.21,203.97,518.2,4974.2,49.26,100.99,0.488,False,,True,S-61,38,evt_S-61_desk_work_surface_0007,d9ec3f01d93a8292,pose_hand_context,,51974.9,2.81,,1,cam12/e1/v1,rtmpose_baseline
full,03.CCTV Mobile Usage.mkv,632de9ed55947761d56d4c6142a3cb1a1fe69d0b1a6d0e01a2e404c697962623,dfine_sahi,140083.0,unknown_object,0.3292,188.78,466.51,210.92,482.43,352.6,22.14,15.92,1.391,False,,True,S-61,38,evt_S-61_desk_work_surface_0007,d9ec3f01d93a8292,pose_hand_context,,51974.9,2.81,,1,cam12/e1/v1,rtmpose_baseline
full,03.CCTV Mobile Usage.mkv,632de9ed55947761d56d4c6142a3cb1a1fe69d0b1a6d0e01a2e404c697962623,dfine_sahi,140083.0,unknown_object,0.3057,176.02,509.09,303.89,544.51,4529.2,127.87,35.42,3.61,False,,True,S-61,38,evt_S-61_desk_work_surface_0007,d9ec3f01d93a8292,pose_hand_context,,51974.9,2.81,,1,cam12/e1/v1,rtmpose_baseline
full,03.CCTV Mobile Usage.mkv,632de9ed55947761d56d4c6142a3cb1a1fe69d0b1a6d0e01a2e404c697962623,dfine_sahi,140083.0,unknown_object,0.2657,176.01,517.35,303.96,644.35,16249.4,127.95,127.0,1.007,False,,True,S-61,38,evt_S-61_desk_work_surface_0007,d9ec3f01d93a8292,pose_hand_context,,51974.9,2.81,,1,cam12/e1/v1,rtmpose_baseline
full,03.CCTV Mobile Usage.mkv,632de9ed55947761d56d4c6142a3cb1a1fe69d0b1a6d0e01a2e404c697962623,dfine_sahi,140083.0,bag,0.2553,238.45,571.47,304.0,644.6,4793.0,65.54,73.13,0.896,False,,True,S-61,38,evt_S-61_desk_work_surface_0007,d9ec3f01d93a8292,pose_hand_context,,51974.9,2.81,,1,cam12/e1/v1,rtmpose_baseline
full,03.CCTV Mobile Usage.mkv,632de9ed55947761d56d4c6142a3cb1a1fe69d0b1a6d0e01a2e404c697962623,dfine_sahi,140367.0,keyboard,0.9172,962.23,451.93,1067.99,491.45,4179.8,105.76,39.52,2.676,False,,True,R-desk,46,evt_S-61_upper_body_0022,00f6a5d6a6fbc2b0,lap_bag_context,no_pose_observation,34560.0,1.33,,1,cam12/e1/v1,
full,03.CCTV Mobile Usage.mkv,632de9ed55947761d56d4c6142a3cb1a1fe69d0b1a6d0e01a2e404c697962623,dfine_sahi,140367.0,keyboard,0.7015,772.62,380.2,870.98,420.24,3938.1,98.36,40.04,2.457,False,,True,R-desk,46,evt_S-61_upper_body_0022,00f6a5d6a6fbc2b0,lap_bag_context,no_pose_observation,34560.0,1.33,,1,cam12/e1/v1,
full,03.CCTV Mobile Usage.mkv,632de9ed55947761d56d4c6142a3cb1a1fe69d0b1a6d0e01a2e404c697962623,dfine_sahi,140367.0,mouse,0.6949,865.18,413.47,891.14,435.08,560.8,25.96,21.6,1.202,False,,True,R-desk,46,evt_S-61_upper_body_0022,00f6a5d6a6fbc2b0,lap_bag_context,no_pose_observation,34560.0,1.33,,1,cam12/e1/v1,
full,03.CCTV Mobile Usage.mkv,632de9ed55947761d56d4c6142a3cb1a1fe69d0b1a6d0e01a2e404c697962623,dfine_sahi,140367.0,monitor_or_bezel,0.6695,963.37,380.51,1152.84,475.0,17904.1,189.47,94.49,2.005,False,,True,R-desk,46,evt_S-61_upper_body_0022,00f6a5d6a6fbc2b0,lap_bag_context,no_pose_observation,34560.0,1.33,,1,cam12/e1/v1,
full,03.CCTV Mobile Usage.mkv,632de9ed55947761d56d4c6142a3cb1a1fe69d0b1a6d0e01a2e404c697962623,dfine_sahi,140367.0,monitor_or_bezel,0.6489,708.59,379.92,969.67,474.92,24802.2,261.07,95.0,2.748,False,,True,R-desk,46,evt_S-61_upper_body_0022,00f6a5d6a6fbc2b0,lap_bag_context,no_pose_observation,34560.0,1.33,,1,cam12/e1/v1,
full,03.CCTV Mobile Usage.mkv,632de9ed55947761d56d4c6142a3cb1a1fe69d0b1a6d0e01a2e404c697962623,dfine_sahi,140367.0,phone,0.6345,1043.61,420.92,1112.51,473.77,3641.5,68.9,52.85,1.304,False,,True,R-desk,46,evt_S-61_upper_body_0022,00f6a5d6a6fbc2b0,lap_bag_context,no_pose_observation,34560.0,1.33,,1,cam12/e1/v1,
full,03.CCTV Mobile Usage.mkv,632de9ed55947761d56d4c6142a3cb1a1fe69d0b1a6d0e01a2e404c697962623,dfine_sahi,140367.0,keyboard,0.6289,962.92,452.33,1034.67,475.56,1666.4,71.75,23.23,3.089,False,,True,R-desk,46,evt_S-61_upper_body_0022,00f6a5d6a6fbc2b0,lap_bag_context,no_pose_observation,34560.0,1.33,,1,cam12/e1/v1,
full,03.CCTV Mobile Usage.mkv,632de9ed55947761d56d4c6142a3cb1a1fe69d0b1a6d0e01a2e404c697962623,dfine_sahi,140367.0,monitor_or_bezel,0.6279,1019.25,395.96,1145.38,448.39,6613.9,126.14,52.43,2.406,False,,True,R-desk,46,evt_S-61_upper_body_0022,00f6a5d6a6fbc2b0,lap_bag_context,no_pose_observation,34560.0,1.33,,1,cam12/e1/v1,
full,03.CCTV Mobile Usage.mkv,632de9ed55947761d56d4c6142a3cb1a1fe69d0b1a6d0e01a2e404c697962623,dfine_sahi,140367.0,unknown_object,0.6112,699.92,396.15,843.81,492.18,13817.3,143.89,96.03,1.498,False,,True,R-desk,46,evt_S-61_upper_body_0022,00f6a5d6a6fbc2b0,lap_bag_context,no_pose_observation,34560.0,1.33,,1,cam12/e1/v1,
full,03.CCTV Mobile Usage.mkv,632de9ed55947761d56d4c6142a3cb1a1fe69d0b1a6d0e01a2e404c697962623,dfine_sahi,140367.0,monitor_or_bezel,0.6109,910.17,411.17,1141.37,506.36,22009.1,231.2,95.19,2.429,False,,True,R-desk,46,evt_S-61_upper_body_0022,00f6a5d6a6fbc2b0,lap_bag_context,no_pose_observation,34560.0,1.33,,1,cam12/e1/v1,
full,03.CCTV Mobile Usage.mkv,632de9ed55947761d56d4c6142a3cb1a1fe69d0b1a6d0e01a2e404c697962623,dfine_sahi,140367.0,keyboard,0.5858,802.4,396.2,870.66,420.59,1664.7,68.26,24.39,2.799,False,,True,R-desk,46,evt_S-61_upper_body_0022,00f6a5d6a6fbc2b0,lap_bag_context,no_pose_observation,34560.0,1.33,,1,cam12/e1/v1,
full,03.CCTV Mobile Usage.mkv,632de9ed55947761d56d4c6142a3cb1a1fe69d0b1a6d0e01a2e404c697962623,dfine_sahi,140367.0,unknown_object,0.4494,766.47,410.98,969.85,506.03,19331.1,203.37,95.05,2.14,False,,True,R-desk,46,evt_S-61_upper_body_0022,00f6a5d6a6fbc2b0,lap_bag_context,no_pose_observation,34560.0,1.33,,1,cam12/e1/v1,
full,03.CCTV Mobile Usage.mkv,632de9ed55947761d56d4c6142a3cb1a1fe69d0b1a6d0e01a2e404c697962623,dfine_sahi,140367.0,unknown_object,0.3854,700.04,380.65,758.53,475.03,5520.0,58.49,94.38,0.62,False,,True,R-desk,46,evt_S-61_upper_body_0022,00f6a5d6a6fbc2b0,lap_bag_context,no_pose_observation,34560.0,1.33,,1,cam12/e1/v1,
full,03.CCTV Mobile Usage.mkv,632de9ed55947761d56d4c6142a3cb1a1fe69d0b1a6d0e01a2e404c697962623,dfine_sahi,140367.0,mouse,0.3456,967.36,398.38,991.93,410.54,298.7,24.57,12.16,2.021,False,,True,R-desk,46,evt_S-61_upper_body_0022,00f6a5d6a6fbc2b0,lap_bag_context,no_pose_observation,34560.0,1.33,,1,cam12/e1/v1,
full,03.CCTV Mobile Usage.mkv,632de9ed55947761d56d4c6142a3cb1a1fe69d0b1a6d0e01a2e404c697962623,dfine_sahi,140367.0,keyboard,0.3251,882.54,380.22,968.12,452.67,6200.1,85.59,72.44,1.181,False,,True,R-desk,46,evt_S-61_upper_body_0022,00f6a5d6a6fbc2b0,lap_bag_context,no_pose_observation,34560.0,1.33,,1,cam12/e1/v1,
full,03.CCTV Mobile Usage.mkv,632de9ed55947761d56d4c6142a3cb1a1fe69d0b1a6d0e01a2e404c697962623,dfine_sahi,140367.0,unknown_object,0.3093,881.74,411.11,933.16,452.75,2141.0,51.42,41.64,1.235,False,,True,R-desk,46,evt_S-61_upper_body_0022,00f6a5d6a6fbc2b0,lap_bag_context,no_pose_observation,34560.0,1.33,,1,cam12/e1/v1,
full,03.CCTV Mobile Usage.mkv,632de9ed55947761d56d4c6142a3cb1a1fe69d0b1a6d0e01a2e404c697962623,dfine_sahi,140367.0,keyboard,0.2831,966.0,394.21,1120.77,474.92,12491.6,154.77,80.71,1.917,False,,True,R-desk,46,evt_S-61_upper_body_0022,00f6a5d6a6fbc2b0,lap_bag_context,no_pose_observation,34560.0,1.33,,1,cam12/e1/v1,
full,03.CCTV Mobile Usage.mkv,632de9ed55947761d56d4c6142a3cb1a1fe69d0b1a6d0e01a2e404c697962623,dfine_sahi,140367.0,mouse,0.2664,990.71,399.48,1026.49,413.35,496.2,35.78,13.87,2.58,False,,True,R-desk,46,evt_S-61_upper_body_0022,00f6a5d6a6fbc2b0,lap_bag_context,no_pose_observation,34560.0,1.33,,1,cam12/e1/v1,
full,03.CCTV Mobile Usage.mkv,632de9ed55947761d56d4c6142a3cb1a1fe69d0b1a6d0e01a2e404c697962623,dfine_sahi,140367.0,unknown_object,0.2555,864.12,465.48,957.56,506.55,3837.8,93.45,41.07,2.275,False,,True,R-desk,46,evt_S-61_upper_body_0022,00f6a5d6a6fbc2b0,lap_bag_context,no_pose_observation,34560.0,1.33,,1,cam12/e1/v1,
full,03.CCTV Mobile Usage.mkv,632de9ed55947761d56d4c6142a3cb1a1fe69d0b1a6d0e01a2e404c697962623,dfine_sahi,140367.0,unknown_object,0.2534,880.83,411.44,969.91,505.66,8393.0,89.08,94.22,0.945,False,,True,R-desk,46,evt_S-61_upper_body_0022,00f6a5d6a6fbc2b0,lap_bag_context,no_pose_observation,34560.0,1.33,,1,cam12/e1/v1,
full,03.CCTV Mobile Usage.mkv,632de9ed55947761d56d4c6142a3cb1a1fe69d0b1a6d0e01a2e404c697962623,dfine_sahi,140367.0,monitor_or_bezel,0.2511,881.33,396.13,947.64,452.56,3741.3,66.3,56.43,1.175,False,,True,R-desk,46,evt_S-61_upper_body_0022,00f6a5d6a6fbc2b0,lap_bag_context,no_pose_observation,34560.0,1.33,,1,cam12/e1/v1,
full,03.CCTV Mobile Usage.mkv,632de9ed55947761d56d4c6142a3cb1a1fe69d0b1a6d0e01a2e404c697962623,dfine_sahi,140367.0,unknown_object,0.5913,46.05,377.51,173.54,497.78,15332.9,127.49,120.27,1.06,False,,True,S-61,38,evt_S-61_upper_body_0022,614ec232fae7c8df,pose_hand_context,,51492.7,2.82,,1,cam12/e1/v1,rtmpose_baseline
full,03.CCTV Mobile Usage.mkv,632de9ed55947761d56d4c6142a3cb1a1fe69d0b1a6d0e01a2e404c697962623,dfine_sahi,140367.0,unknown_object,0.5013,46.6,500.62,173.88,594.75,11981.0,127.28,94.13,1.352,False,,True,S-61,38,evt_S-61_upper_body_0022,614ec232fae7c8df,pose_hand_context,,51492.7,2.82,,1,cam12/e1/v1,rtmpose_baseline
full,03.CCTV Mobile Usage.mkv,632de9ed55947761d56d4c6142a3cb1a1fe69d0b1a6d0e01a2e404c697962623,dfine_sahi,140367.0,unknown_object,0.3369,150.42,377.55,272.59,498.83,14815.6,122.16,121.28,1.007,False,,True,S-61,38,evt_S-61_upper_body_0022,614ec232fae7c8df,pose_hand_context,,51492.7,2.82,,1,cam12/e1/v1,rtmpose_baseline
full,03.CCTV Mobile Usage.mkv,632de9ed55947761d56d4c6142a3cb1a1fe69d0b1a6d0e01a2e404c697962623,dfine_sahi,140367.0,unknown_object,0.3364,46.17,377.54,273.0,603.31,51211.6,226.82,225.78,1.005,False,,True,S-61,38,evt_S-61_upper_body_0022,614ec232fae7c8df,pose_hand_context,,51492.7,2.82,,1,cam12/e1/v1,rtmpose_baseline
full,03.CCTV Mobile Usage.mkv,632de9ed55947761d56d4c6142a3cb1a1fe69d0b1a6d0e01a2e404c697962623,dfine_sahi,140367.0,unknown_object,0.3179,143.37,506.01,174.02,550.56,1365.6,30.65,44.56,0.688,False,,True,S-61,38,evt_S-61_upper_body_0022,614ec232fae7c8df,pose_hand_context,,51492.7,2.82,,1,cam12/e1/v1,rtmpose_baseline
full,03.CCTV Mobile Usage.mkv,632de9ed55947761d56d4c6142a3cb1a1fe69d0b1a6d0e01a2e404c697962623,dfine_sahi,140367.0,unknown_object,0.3103,69.32,377.59,123.33,424.33,2525.0,54.01,46.75,1.155,False,,True,S-61,38,evt_S-61_upper_body_0022,614ec232fae7c8df,pose_hand_context,,51492.7,2.82,,1,cam12/e1/v1,rtmpose_baseline
full,03.CCTV Mobile Usage.mkv,632de9ed55947761d56d4c6142a3cb1a1fe69d0b1a6d0e01a2e404c697962623,dfine_sahi,140367.0,unknown_object,0.2569,46.57,500.67,129.15,555.78,4550.7,82.58,55.11,1.499,False,,True,S-61,38,evt_S-61_upper_body_0022,614ec232fae7c8df,pose_hand_context,,51492.7,2.82,,1,cam12/e1/v1,rtmpose_baseline
full,03.CCTV Mobile Usage.mkv,632de9ed55947761d56d4c6142a3cb1a1fe69d0b1a6d0e01a2e404c697962623,dfine_sahi,140583.0,unknown_object,0.7064,44.77,379.22,147.86,498.31,12276.5,103.09,119.08,0.866,False,,True,S-61,38,evt_S-61_desk_work_surface_0007,56d747897902ef08,pose_hand_context,,50949.5,2.84,,1,cam12/e1/v1,rtmpose_baseline
full,03.CCTV Mobile Usage.mkv,632de9ed55947761d56d4c6142a3cb1a1fe69d0b1a6d0e01a2e404c697962623,dfine_sahi,140583.0,unknown_object,0.3897,21.31,491.6,245.58,604.67,25356.9,224.27,113.06,1.984,False,,True,S-61,38,evt_S-61_desk_work_surface_0007,56d747897902ef08,pose_hand_context,,50949.5,2.84,,1,cam12/e1/v1,rtmpose_baseline
full,03.CCTV Mobile Usage.mkv,632de9ed55947761d56d4c6142a3cb1a1fe69d0b1a6d0e01a2e404c697962623,dfine_sahi,140583.0,unknown_object,0.3137,44.98,505.6,83.98,555.8,1958.2,39.01,50.2,0.777,False,,True,S-61,38,evt_S-61_desk_work_surface_0007,56d747897902ef08,pose_hand_context,,50949.5,2.84,,1,cam12/e1/v1,rtmpose_baseline
full,03.CCTV Mobile Usage.mkv,632de9ed55947761d56d4c6142a3cb1a1fe69d0b1a6d0e01a2e404c697962623,dfine_sahi,140583.0,stationery,0.2923,42.97,496.07,176.65,575.24,10584.3,133.68,79.18,1.688,False,,True,S-61,38,evt_S-61_desk_work_surface_0007,56d747897902ef08,pose_hand_context,,50949.5,2.84,,1,cam12/e1/v1,rtmpose_baseline
full,03.CCTV Mobile Usage.mkv,632de9ed55947761d56d4c6142a3cb1a1fe69d0b1a6d0e01a2e404c697962623,dfine_sahi,140583.0,unknown_object,0.2839,119.03,478.26,192.57,552.15,5433.2,73.54,73.88,0.995,False,,True,S-61,38,evt_S-61_desk_work_surface_0007,56d747897902ef08,pose_hand_context,,50949.5,2.84,,1,cam12/e1/v1,rtmpose_baseline
full,03.CCTV Mobile Usage.mkv,632de9ed55947761d56d4c6142a3cb1a1fe69d0b1a6d0e01a2e404c697962623,dfine_sahi,140583.0,unknown_object,0.2555,43.09,498.19,147.85,594.51,10090.6,104.76,96.32,1.088,False,,True,S-61,38,evt_S-61_desk_work_surface_0007,56d747897902ef08,pose_hand_context,,50949.5,2.84,,1,cam12/e1/v1,rtmpose_baseline
full,03.CCTV Mobile Usage.mkv,632de9ed55947761d56d4c6142a3cb1a1fe69d0b1a6d0e01a2e404c697962623,dfine_sahi,140583.0,unknown_object,0.2521,21.07,478.1,54.1,498.56,675.8,33.03,20.46,1.614,False,,True,S-61,38,evt_S-61_desk_work_surface_0007,56d747897902ef08,pose_hand_context,,50949.5,2.84,,1,cam12/e1/v1,rtmpose_baseline
full,03.CCTV Mobile Usage.mkv,632de9ed55947761d56d4c6142a3cb1a1fe69d0b1a6d0e01a2e404c697962623,dfine_sahi,140583.0,keyboard,0.9192,962.12,451.91,1067.92,491.45,4182.9,105.79,39.54,2.676,False,,True,R-desk,46,evt_S-61_desk_work_surface_0007,cf9ece1f4d8544de,lap_bag_context,no_pose_observation,34560.0,1.33,,1,cam12/e1/v1,
full,03.CCTV Mobile Usage.mkv,632de9ed55947761d56d4c6142a3cb1a1fe69d0b1a6d0e01a2e404c697962623,dfine_sahi,140583.0,mouse,0.7528,865.2,413.38,891.29,434.81,559.0,26.09,21.43,1.217,False,,True,R-desk,46,evt_S-61_desk_work_surface_0007,cf9ece1f4d8544de,lap_bag_context,no_pose_observation,34560.0,1.33,,1,cam12/e1/v1,
full,03.CCTV Mobile Usage.mkv,632de9ed55947761d56d4c6142a3cb1a1fe69d0b1a6d0e01a2e404c697962623,dfine_sahi,140583.0,keyboard,0.7471,772.54,380.19,870.82,420.3,3941.9,98.29,40.11,2.451,False,,True,R-desk,46,evt_S-61_desk_work_surface_0007,cf9ece1f4d8544de,lap_bag_context,no_pose_observation,34560.0,1.33,,1,cam12/e1/v1,
full,03.CCTV Mobile Usage.mkv,632de9ed55947761d56d4c6142a3cb1a1fe69d0b1a6d0e01a2e404c697962623,dfine_sahi,140583.0,monitor_or_bezel,0.6549,963.39,380.51,1152.92,475.02,17912.5,189.53,94.51,2.005,False,,True,R-desk,46,evt_S-61_desk_work_surface_0007,cf9ece1f4d8544de,lap_bag_context,no_pose_observation,34560.0,1.33,,1,cam12/e1/v1,
full,03.CCTV Mobile Usage.mkv,632de9ed55947761d56d4c6142a3cb1a1fe69d0b1a6d0e01a2e404c697962623,dfine_sahi,140583.0,keyboard,0.6488,962.81,452.4,1034.91,475.59,1672.1,72.1,23.19,3.109,False,,True,R-desk,46,evt_S-61_desk_work_surface_0007,cf9ece1f4d8544de,lap_bag_context,no_pose_observation,34560.0,1.33,,1,cam12/e1/v1,
full,03.CCTV Mobile Usage.mkv,632de9ed55947761d56d4c6142a3cb1a1fe69d0b1a6d0e01a2e404c697962623,dfine_sahi,140583.0,unknown_object,0.6454,699.93,396.18,843.39,492.4,13802.8,143.46,96.21,1.491,False,,True,R-desk,46,evt_S-61_desk_work_surface_0007,cf9ece1f4d8544de,lap_bag_context,no_pose_observation,34560.0,1.33,,1,cam12/e1/v1,
full,03.CCTV Mobile Usage.mkv,632de9ed55947761d56d4c6142a3cb1a1fe69d0b1a6d0e01a2e404c697962623,dfine_sahi,140583.0,monitor_or_bezel,0.6235,1019.27,395.92,1145.44,447.7,6533.3,126.17,51.78,2.436,False,,True,R-desk,46,evt_S-61_desk_work_surface_0007,cf9ece1f4d8544de,lap_bag_context,no_pose_observation,34560.0,1.33,,1,cam12/e1/v1,
full,03.CCTV Mobile Usage.mkv,632de9ed55947761d56d4c6142a3cb1a1fe69d0b1a6d0e01a2e404c697962623,dfine_sahi,140583.0,monitor_or_bezel,0.6099,707.58,379.88,969.56,474.94,24903.8,261.98,95.06,2.756,False,,True,R-desk,46,evt_S-61_desk_work_surface_0007,cf9ece1f4d8544de,lap_bag_context,no_pose_observation,34560.0,1.33,,1,cam12/e1/v1,
full,03.CCTV Mobile Usage.mkv,632de9ed55947761d56d4c6142a3cb1a1fe69d0b1a6d0e01a2e404c697962623,dfine_sahi,140583.0,monitor_or_bezel,0.568,910.17,411.21,1141.37,506.38,22002.7,231.2,95.17,2.429,False,,True,R-desk,46,evt_S-61_desk_work_surface_0007,cf9ece1f4d8544de,lap_bag_context,no_pose_observation,34560.0,1.33,,1,cam12/e1/v1,
full,03.CCTV Mobile Usage.mkv,632de9ed55947761d56d4c6142a3cb1a1fe69d0b1a6d0e01a2e404c697962623,dfine_sahi,140583.0,keyboard,0.5387,802.45,396.19,870.9,420.65,1674.0,68.45,24.46,2.799,False,,True,R-desk,46,evt_S-61_desk_work_surface_0007,cf9ece1f4d8544de,lap_bag_context,no_pose_observation,34560.0,1.33,,1,cam12/e1/v1,
full,03.CCTV Mobile Usage.mkv,632de9ed55947761d56d4c6142a3cb1a1fe69d0b1a6d0e01a2e404c697962623,dfine_sahi,140583.0,phone,0.5362,1043.53,420.33,1113.39,473.99,3748.7,69.86,53.66,1.302,False,,True,R-desk,46,evt_S-61_desk_work_surface_0007,cf9ece1f4d8544de,lap_bag_context,no_pose_observation,34560.0,1.33,,1,cam12/e1/v1,
full,03.CCTV Mobile Usage.mkv,632de9ed55947761d56d4c6142a3cb1a1fe69d0b1a6d0e01a2e404c697962623,dfine_sahi,140583.0,unknown_object,0.4499,766.63,410.96,969.84,505.94,19299.5,203.2,94.98,2.14,False,,True,R-desk,46,evt_S-61_desk_work_surface_0007,cf9ece1f4d8544de,lap_bag_context,no_pose_observation,34560.0,1.33,,1,cam12/e1/v1,
full,03.CCTV Mobile Usage.mkv,632de9ed55947761d56d4c6142a3cb1a1fe69d0b1a6d0e01a2e404c697962623,dfine_sahi,140583.0,unknown_object,0.4297,700.01,380.58,758.53,475.04,5526.9,58.51,94.46,0.619,False,,True,R-desk,46,evt_S-61_desk_work_surface_0007,cf9ece1f4d8544de,lap_bag_context,no_pose_observation,34560.0,1.33,,1,cam12/e1/v1,
full,03.CCTV Mobile Usage.mkv,632de9ed55947761d56d4c6142a3cb1a1fe69d0b1a6d0e01a2e404c697962623,dfine_sahi,140583.0,keyboard,0.3511,882.57,380.18,968.61,452.51,6223.2,86.04,72.33,1.19,False,,True,R-desk,46,evt_S-61_desk_work_surface_0007,cf9ece1f4d8544de,lap_bag_context,no_pose_observation,34560.0,1.33,,1,cam12/e1/v1,
full,03.CCTV Mobile Usage.mkv,632de9ed55947761d56d4c6142a3cb1a1fe69d0b1a6d0e01a2e404c697962623,dfine_sahi,140583.0,stationery,0.3351,773.86,460.14,835.08,490.66,1868.3,61.21,30.52,2.006,False,,True,R-desk,46,evt_S-61_desk_work_surface_0007,cf9ece1f4d8544de,lap_bag_context,no_pose_observation,34560.0,1.33,,1,cam12/e1/v1,
full,03.CCTV Mobile Usage.mkv,632de9ed55947761d56d4c6142a3cb1a1fe69d0b1a6d0e01a2e404c697962623,dfine_sahi,140583.0,unknown_object,0.335,881.74,411.11,932.61,452.81,2121.5,50.87,41.7,1.22,False,,True,R-desk,46,evt_S-61_desk_work_surface_0007,cf9ece1f4d8544de,lap_bag_context,no_pose_observation,34560.0,1.33,,1,cam12/e1/v1,
full,03.CCTV Mobile Usage.mkv,632de9ed55947761d56d4c6142a3cb1a1fe69d0b1a6d0e01a2e404c697962623,dfine_sahi,140583.0,mouse,0.3189,967.26,398.35,992.04,410.52,301.7,24.77,12.18,2.035,False,,True,R-desk,46,evt_S-61_desk_work_surface_0007,cf9ece1f4d8544de,lap_bag_context,no_pose_observation,34560.0,1.33,,1,cam12/e1/v1,
full,03.CCTV Mobile Usage.mkv,632de9ed55947761d56d4c6142a3cb1a1fe69d0b1a6d0e01a2e404c697962623,dfine_sahi,140583.0,keyboard,0.2792,967.95,395.37,1118.29,474.25,11858.2,150.34,78.88,1.906,False,,True,R-desk,46,evt_S-61_desk_work_surface_0007,cf9ece1f4d8544de,lap_bag_context,no_pose_observation,34560.0,1.33,,1,cam12/e1/v1,
full,03.CCTV Mobile Usage.mkv,632de9ed55947761d56d4c6142a3cb1a1fe69d0b1a6d0e01a2e404c697962623,dfine_sahi,140583.0,keyboard,0.2591,910.0,380.74,1035.72,475.05,11857.4,125.72,94.32,1.333,False,,True,R-desk,46,evt_S-61_desk_work_surface_0007,cf9ece1f4d8544de,lap_bag_context,no_pose_observation,34560.0,1.33,,1,cam12/e1/v1,
full,03.CCTV Mobile Usage.mkv,632de9ed55947761d56d4c6142a3cb1a1fe69d0b1a6d0e01a2e404c697962623,dfine_sahi,140583.0,unknown_object,0.2527,881.2,411.44,969.92,505.64,8356.5,88.71,94.2,0.942,False,,True,R-desk,46,evt_S-61_desk_work_surface_0007,cf9ece1f4d8544de,lap_bag_context,no_pose_observation,34560.0,1.33,,1,cam12/e1/v1,
full,03.CCTV Mobile Usage.mkv,632de9ed55947761d56d4c6142a3cb1a1fe69d0b1a6d0e01a2e404c697962623,dfine_sahi,140867.0,unknown_object,0.625,116.99,488.14,244.03,615.44,16172.6,127.04,127.3,0.998,False,,True,S-61,38,evt_S-61_upper_body_0022,4de764fefa842d4a,pose_hand_context,,51130.3,2.83,,1,cam12/e1/v1,rtmpose_baseline
full,03.CCTV Mobile Usage.mkv,632de9ed55947761d56d4c6142a3cb1a1fe69d0b1a6d0e01a2e404c697962623,dfine_sahi,140867.0,unknown_object,0.5997,39.69,389.21,145.83,496.05,11339.6,106.14,106.84,0.993,False,,True,S-61,38,evt_S-61_upper_body_0022,4de764fefa842d4a,pose_hand_context,,51130.3,2.83,,1,cam12/e1/v1,rtmpose_baseline
full,03.CCTV Mobile Usage.mkv,632de9ed55947761d56d4c6142a3cb1a1fe69d0b1a6d0e01a2e404c697962623,dfine_sahi,140867.0,unknown_object,0.5943,116.84,389.15,244.03,516.4,16185.6,127.19,127.25,1.0,False,,True,S-61,38,evt_S-61_upper_body_0022,4de764fefa842d4a,pose_hand_context,,51130.3,2.83,,1,cam12/e1/v1,rtmpose_baseline
full,03.CCTV Mobile Usage.mkv,632de9ed55947761d56d4c6142a3cb1a1fe69d0b1a6d0e01a2e404c697962623,dfine_sahi,140867.0,unknown_object,0.4644,45.47,506.01,86.1,553.51,1930.0,40.63,47.5,0.855,False,,True,S-61,38,evt_S-61_upper_body_0022,4de764fefa842d4a,pose_hand_context,,51130.3,2.83,,1,cam12/e1/v1,rtmpose_baseline
full,03.CCTV Mobile Usage.mkv,632de9ed55947761d56d4c6142a3cb1a1fe69d0b1a6d0e01a2e404c697962623,dfine_sahi,140867.0,unknown_object,0.3855,117.05,475.14,243.71,516.6,5251.5,126.65,41.46,3.055,False,,True,S-61,38,evt_S-61_upper_body_0022,4de764fefa842d4a,pose_hand_context,,51130.3,2.83,,1,cam12/e1/v1,rtmpose_baseline
full,03.CCTV Mobile Usage.mkv,632de9ed55947761d56d4c6142a3cb1a1fe69d0b1a6d0e01a2e404c697962623,dfine_sahi,140867.0,unknown_object,0.3692,18.0,488.06,29.26,498.14,113.5,11.26,10.08,1.117,True,object footprint 114 px is under the 120 px floor for a call,False,S-61,38,evt_S-61_upper_body_0022,4de764fefa842d4a,pose_hand_context,,51130.3,2.83,,1,cam12/e1/v1,rtmpose_baseline
full,03.CCTV Mobile Usage.mkv,632de9ed55947761d56d4c6142a3cb1a1fe69d0b1a6d0e01a2e404c697962623,dfine_sahi,140867.0,unknown_object,0.3481,43.89,497.64,145.93,592.88,9718.3,102.04,95.24,1.071,False,,True,S-61,38,evt_S-61_upper_body_0022,4de764fefa842d4a,pose_hand_context,,51130.3,2.83,,1,cam12/e1/v1,rtmpose_baseline
full,03.CCTV Mobile Usage.mkv,632de9ed55947761d56d4c6142a3cb1a1fe69d0b1a6d0e01a2e404c697962623,dfine_sahi,140867.0,unknown_object,0.328,18.16,390.31,243.77,615.19,50735.7,225.61,224.88,1.003,False,,True,S-61,38,evt_S-61_upper_body_0022,4de764fefa842d4a,pose_hand_context,,51130.3,2.83,,1,cam12/e1/v1,rtmpose_baseline
full,03.CCTV Mobile Usage.mkv,632de9ed55947761d56d4c6142a3cb1a1fe69d0b1a6d0e01a2e404c697962623,dfine_sahi,140867.0,stationery,0.3256,44.2,498.99,178.47,588.58,12028.6,134.27,89.59,1.499,False,,True,S-61,38,evt_S-61_upper_body_0022,4de764fefa842d4a,pose_hand_context,,51130.3,2.83,,1,cam12/e1/v1,rtmpose_baseline
full,03.CCTV Mobile Usage.mkv,632de9ed55947761d56d4c6142a3cb1a1fe69d0b1a6d0e01a2e404c697962623,dfine_sahi,140867.0,unknown_object,0.3001,117.31,572.79,244.04,615.89,5462.5,126.74,43.1,2.94,False,,True,S-61,38,evt_S-61_upper_body_0022,4de764fefa842d4a,pose_hand_context,,51130.3,2.83,,1,cam12/e1/v1,rtmpose_baseline
full,03.CCTV Mobile Usage.mkv,632de9ed55947761d56d4c6142a3cb1a1fe69d0b1a6d0e01a2e404c697962623,dfine_sahi,141083.0,unknown_object,0.7969,63.97,392.11,160.05,502.37,10594.5,96.08,110.26,0.871,False,,True,S-61,38,evt_S-61_desk_work_surface_0007,757967f29bf2c206,pose_hand_context,,34604.5,2.92,,1,cam12/e1/v1,rtmpose_baseline
full,03.CCTV Mobile Usage.mkv,632de9ed55947761d56d4c6142a3cb1a1fe69d0b1a6d0e01a2e404c697962623,dfine_sahi,141083.0,unknown_object,0.6687,64.0,505.29,85.34,552.19,1001.0,21.34,46.9,0.455,False,,True,S-61,38,evt_S-61_desk_work_surface_0007,757967f29bf2c206,pose_hand_context,,34604.5,2.92,,1,cam12/e1/v1,rtmpose_baseline
full,03.CCTV Mobile Usage.mkv,632de9ed55947761d56d4c6142a3cb1a1fe69d0b1a6d0e01a2e404c697962623,dfine_sahi,141083.0,unknown_object,0.6255,-0.28,492.67,157.03,610.46,18530.5,157.32,117.79,1.336,False,,True,S-61,38,evt_S-61_desk_work_surface_0007,757967f29bf2c206,pose_hand_context,,34604.5,2.92,,1,cam12/e1/v1,rtmpose_baseline
full,03.CCTV Mobile Usage.mkv,632de9ed55947761d56d4c6142a3cb1a1fe69d0b1a6d0e01a2e404c697962623,dfine_sahi,141083.0,unknown_object,0.4063,39.64,420.78,96.05,495.34,4205.2,56.41,74.55,0.757,False,,True,S-61,38,evt_S-61_desk_work_surface_0007,757967f29bf2c206,pose_hand_context,,34604.5,2.92,,1,cam12/e1/v1,rtmpose_baseline
full,03.CCTV Mobile Usage.mkv,632de9ed55947761d56d4c6142a3cb1a1fe69d0b1a6d0e01a2e404c697962623,dfine_sahi,141083.0,unknown_object,0.3872,-0.01,488.09,28.23,501.52,379.2,28.24,13.43,2.103,False,,True,S-61,38,evt_S-61_desk_work_surface_0007,757967f29bf2c206,pose_hand_context,,34604.5,2.92,,1,cam12/e1/v1,rtmpose_baseline
full,03.CCTV Mobile Usage.mkv,632de9ed55947761d56d4c6142a3cb1a1fe69d0b1a6d0e01a2e404c697962623,dfine_sahi,141083.0,unknown_object,0.322,64.08,462.57,160.02,514.79,5010.4,95.94,52.22,1.837,False,,True,S-61,38,evt_S-61_desk_work_surface_0007,757967f29bf2c206,pose_hand_context,,34604.5,2.92,,1,cam12/e1/v1,rtmpose_baseline
full,03.CCTV Mobile Usage.mkv,632de9ed55947761d56d4c6142a3cb1a1fe69d0b1a6d0e01a2e404c697962623,dfine_sahi,141083.0,unknown_object,0.3198,70.49,392.07,122.02,424.59,1675.9,51.53,32.53,1.584,False,,True,S-61,38,evt_S-61_desk_work_surface_0007,757967f29bf2c206,pose_hand_context,,34604.5,2.92,,1,cam12/e1/v1,rtmpose_baseline
full,03.CCTV Mobile Usage.mkv,632de9ed55947761d56d4c6142a3cb1a1fe69d0b1a6d0e01a2e404c697962623,dfine_sahi,141083.0,unknown_object,0.2931,63.99,488.24,160.02,552.31,6153.1,96.03,64.08,1.499,False,,True,S-61,38,evt_S-61_desk_work_surface_0007,757967f29bf2c206,pose_hand_context,,34604.5,2.92,,1,cam12/e1/v1,rtmpose_baseline
full,03.CCTV Mobile Usage.mkv,632de9ed55947761d56d4c6142a3cb1a1fe69d0b1a6d0e01a2e404c697962623,dfine_sahi,141083.0,unknown_object,0.2844,-0.17,392.14,125.96,499.05,13485.4,126.14,106.91,1.18,False,,True,S-61,38,evt_S-61_desk_work_surface_0007,757967f29bf2c206,pose_hand_context,,34604.5,2.92,,1,cam12/e1/v1,rtmpose_baseline
full,03.CCTV Mobile Usage.mkv,632de9ed55947761d56d4c6142a3cb1a1fe69d0b1a6d0e01a2e404c697962623,dfine_sahi,141367.0,keyboard,0.9178,962.11,451.92,1067.91,491.45,4182.7,105.79,39.54,2.676,False,,True,R-desk,46,evt_S-61_upper_body_0022,1c506fc8c9b80fc9,lap_bag_context,no_pose_observation,34560.0,1.33,,1,cam12/e1/v1,
full,03.CCTV Mobile Usage.mkv,632de9ed55947761d56d4c6142a3cb1a1fe69d0b1a6d0e01a2e404c697962623,dfine_sahi,141367.0,mouse,0.7786,865.15,413.34,891.39,434.78,562.4,26.24,21.43,1.224,False,,True,R-desk,46,evt_S-61_upper_body_0022,1c506fc8c9b80fc9,lap_bag_context,no_pose_observation,34560.0,1.33,,1,cam12/e1/v1,
full,03.CCTV Mobile Usage.mkv,632de9ed55947761d56d4c6142a3cb1a1fe69d0b1a6d0e01a2e404c697962623,dfine_sahi,141367.0,keyboard,0.7269,772.54,380.19,870.61,420.33,3937.0,98.07,40.15,2.443,False,,True,R-desk,46,evt_S-61_upper_body_0022,1c506fc8c9b80fc9,lap_bag_context,no_pose_observation,34560.0,1.33,,1,cam12/e1/v1,
full,03.CCTV Mobile Usage.mkv,632de9ed55947761d56d4c6142a3cb1a1fe69d0b1a6d0e01a2e404c697962623,dfine_sahi,141367.0,keyboard,0.6534,962.81,452.39,1034.96,475.6,1674.5,72.15,23.21,3.109,False,,True,R-desk,46,evt_S-61_upper_body_0022,1c506fc8c9b80fc9,lap_bag_context,no_pose_observation,34560.0,1.33,,1,cam12/e1/v1,
full,03.CCTV Mobile Usage.mkv,632de9ed55947761d56d4c6142a3cb1a1fe69d0b1a6d0e01a2e404c697962623,dfine_sahi,141367.0,monitor_or_bezel,0.6497,707.67,379.9,969.61,474.98,24905.9,261.94,95.08,2.755,False,,True,R-desk,46,evt_S-61_upper_body_0022,1c506fc8c9b80fc9,lap_bag_context,no_pose_observation,34560.0,1.33,,1,cam12/e1/v1,
full,03.CCTV Mobile Usage.mkv,632de9ed55947761d56d4c6142a3cb1a1fe69d0b1a6d0e01a2e404c697962623,dfine_sahi,141367.0,unknown_object,0.6374,699.94,396.18,843.36,492.3,13786.3,143.42,96.12,1.492,False,,True,R-desk,46,evt_S-61_upper_body_0022,1c506fc8c9b80fc9,lap_bag_context,no_pose_observation,34560.0,1.33,,1,cam12/e1/v1,
full,03.CCTV Mobile Usage.mkv,632de9ed55947761d56d4c6142a3cb1a1fe69d0b1a6d0e01a2e404c697962623,dfine_sahi,141367.0,monitor_or_bezel,0.6247,1019.33,395.93,1145.58,447.9,6560.8,126.25,51.97,2.429,False,,True,R-desk,46,evt_S-61_upper_body_0022,1c506fc8c9b80fc9,lap_bag_context,no_pose_observation,34560.0,1.33,,1,cam12/e1/v1,
full,03.CCTV Mobile Usage.mkv,632de9ed55947761d56d4c6142a3cb1a1fe69d0b1a6d0e01a2e404c697962623,dfine_sahi,141367.0,monitor_or_bezel,0.6233,963.27,380.53,1153.02,474.97,17920.3,189.75,94.44,2.009,False,,True,R-desk,46,evt_S-61_upper_body_0022,1c506fc8c9b80fc9,lap_bag_context,no_pose_observation,34560.0,1.33,,1,cam12/e1/v1,
full,03.CCTV Mobile Usage.mkv,632de9ed55947761d56d4c6142a3cb1a1fe69d0b1a6d0e01a2e404c697962623,dfine_sahi,141367.0,monitor_or_bezel,0.5882,910.16,411.21,1141.48,506.36,22011.3,231.32,95.16,2.431,False,,True,R-desk,46,evt_S-61_upper_body_0022,1c506fc8c9b80fc9,lap_bag_context,no_pose_observation,34560.0,1.33,,1,cam12/e1/v1,
full,03.CCTV Mobile Usage.mkv,632de9ed55947761d56d4c6142a3cb1a1fe69d0b1a6d0e01a2e404c697962623,dfine_sahi,141367.0,phone,0.549,1043.52,419.98,1113.47,474.07,3784.1,69.95,54.09,1.293,False,,True,R-desk,46,evt_S-61_upper_body_0022,1c506fc8c9b80fc9,lap_bag_context,no_pose_observation,34560.0,1.33,,1,cam12/e1/v1,
full,03.CCTV Mobile Usage.mkv,632de9ed55947761d56d4c6142a3cb1a1fe69d0b1a6d0e01a2e404c697962623,dfine_sahi,141367.0,keyboard,0.5289,802.49,396.19,870.86,420.64,1671.7,68.38,24.45,2.797,False,,True,R-desk,46,evt_S-61_upper_body_0022,1c506fc8c9b80fc9,lap_bag_context,no_pose_observation,34560.0,1.33,,1,cam12/e1/v1,
full,03.CCTV Mobile Usage.mkv,632de9ed55947761d56d4c6142a3cb1a1fe69d0b1a6d0e01a2e404c697962623,dfine_sahi,141367.0,unknown_object,0.4448,766.65,410.96,969.83,505.92,19294.7,203.18,94.96,2.14,False,,True,R-desk,46,evt_S-61_upper_body_0022,1c506fc8c9b80fc9,lap_bag_context,no_pose_observation,34560.0,1.33,,1,cam12/e1/v1,
full,03.CCTV Mobile Usage.mkv,632de9ed55947761d56d4c6142a3cb1a1fe69d0b1a6d0e01a2e404c697962623,dfine_sahi,141367.0,unknown_object,0.4349,700.02,380.53,758.97,475.11,5575.8,58.95,94.58,0.623,False,,True,R-desk,46,evt_S-61_upper_body_0022,1c506fc8c9b80fc9,lap_bag_context,no_pose_observation,34560.0,1.33,,1,cam12/e1/v1,
full,03.CCTV Mobile Usage.mkv,632de9ed55947761d56d4c6142a3cb1a1fe69d0b1a6d0e01a2e404c697962623,dfine_sahi,141367.0,stationery,0.3761,773.88,460.15,835.15,490.75,1874.9,61.27,30.6,2.002,False,,True,R-desk,46,evt_S-61_upper_body_0022,1c506fc8c9b80fc9,lap_bag_context,no_pose_observation,34560.0,1.33,,1,cam12/e1/v1,
full,03.CCTV Mobile Usage.mkv,632de9ed55947761d56d4c6142a3cb1a1fe69d0b1a6d0e01a2e404c697962623,dfine_sahi,141367.0,keyboard,0.3594,882.59,380.18,968.82,452.55,6240.7,86.23,72.37,1.191,False,,True,R-desk,46,evt_S-61_upper_body_0022,1c506fc8c9b80fc9,lap_bag_context,no_pose_observation,34560.0,1.33,,1,cam12/e1/v1,
full,03.CCTV Mobile Usage.mkv,632de9ed55947761d56d4c6142a3cb1a1fe69d0b1a6d0e01a2e404c697962623,dfine_sahi,141367.0,mouse,0.3272,967.26,398.34,992.08,410.55,303.1,24.82,12.21,2.032,False,,True,R-desk,46,evt_S-61_upper_body_0022,1c506fc8c9b80fc9,lap_bag_context,no_pose_observation,34560.0,1.33,,1,cam12/e1/v1,
full,03.CCTV Mobile Usage.mkv,632de9ed55947761d56d4c6142a3cb1a1fe69d0b1a6d0e01a2e404c697962623,dfine_sahi,141367.0,unknown_object,0.3053,881.73,411.1,932.55,452.8,2119.3,50.82,41.7,1.219,False,,True,R-desk,46,evt_S-61_upper_body_0022,1c506fc8c9b80fc9,lap_bag_context,no_pose_observation,34560.0,1.33,,1,cam12/e1/v1,
full,03.CCTV Mobile Usage.mkv,632de9ed55947761d56d4c6142a3cb1a1fe69d0b1a6d0e01a2e404c697962623,dfine_sahi,141367.0,keyboard,0.2578,910.0,380.71,1036.24,475.07,11912.1,126.25,94.36,1.338,False,,True,R-desk,46,evt_S-61_upper_body_0022,1c506fc8c9b80fc9,lap_bag_context,no_pose_observation,34560.0,1.33,,1,cam12/e1/v1,
full,03.CCTV Mobile Usage.mkv,632de9ed55947761d56d4c6142a3cb1a1fe69d0b1a6d0e01a2e404c697962623,dfine_sahi,141367.0,unknown_object,0.5856,23.22,394.11,139.9,498.68,12200.4,116.67,104.57,1.116,False,,True,S-61,38,evt_S-61_upper_body_0022,4fc67dc5964adab3,pose_hand_context,,43664.3,3.06,,1,cam12/e1/v1,rtmpose_baseline
full,03.CCTV Mobile Usage.mkv,632de9ed55947761d56d4c6142a3cb1a1fe69d0b1a6d0e01a2e404c697962623,dfine_sahi,141367.0,unknown_object,0.4522,45.22,504.25,85.3,556.34,2087.7,40.08,52.09,0.769,False,,True,S-61,38,evt_S-61_upper_body_0022,4fc67dc5964adab3,pose_hand_context,,43664.3,3.06,,1,cam12/e1/v1,rtmpose_baseline
full,03.CCTV Mobile Usage.mkv,632de9ed55947761d56d4c6142a3cb1a1fe69d0b1a6d0e01a2e404c697962623,dfine_sahi,141367.0,unknown_object,0.3747,114.32,438.37,156.93,496.47,2476.0,42.61,58.11,0.733,False,,True,S-61,38,evt_S-61_upper_body_0022,4fc67dc5964adab3,pose_hand_context,,43664.3,3.06,,1,cam12/e1/v1,rtmpose_baseline
full,03.CCTV Mobile Usage.mkv,632de9ed55947761d56d4c6142a3cb1a1fe69d0b1a6d0e01a2e404c697962623,dfine_sahi,141367.0,unknown_object,0.3642,143.1,394.5,209.79,505.28,7387.7,66.69,110.77,0.602,False,,True,S-61,38,evt_S-61_upper_body_0022,4fc67dc5964adab3,pose_hand_context,,43664.3,3.06,,1,cam12/e1/v1,rtmpose_baseline
full,03.CCTV Mobile Usage.mkv,632de9ed55947761d56d4c6142a3cb1a1fe69d0b1a6d0e01a2e404c697962623,dfine_sahi,141367.0,unknown_object,0.3316,22.96,485.23,140.15,602.58,13752.3,117.18,117.36,0.999,False,,True,S-61,38,evt_S-61_upper_body_0022,4fc67dc5964adab3,pose_hand_context,,43664.3,3.06,,1,cam12/e1/v1,rtmpose_baseline
full,03.CCTV Mobile Usage.mkv,632de9ed55947761d56d4c6142a3cb1a1fe69d0b1a6d0e01a2e404c697962623,dfine_sahi,141367.0,stationery,0.3124,205.97,485.16,231.98,513.15,728.3,26.01,28.0,0.929,False,,True,S-61,38,evt_S-61_upper_body_0022,4fc67dc5964adab3,pose_hand_context,,43664.3,3.06,,1,cam12/e1/v1,rtmpose_baseline
full,03.CCTV Mobile Usage.mkv,632de9ed55947761d56d4c6142a3cb1a1fe69d0b1a6d0e01a2e404c697962623,dfine_sahi,141367.0,unknown_object,0.2942,23.0,394.63,231.34,602.13,43231.7,208.34,207.51,1.004,False,,True,S-61,38,evt_S-61_upper_body_0022,4fc67dc5964adab3,pose_hand_context,,43664.3,3.06,,1,cam12/e1/v1,rtmpose_baseline
full,03.CCTV Mobile Usage.mkv,632de9ed55947761d56d4c6142a3cb1a1fe69d0b1a6d0e01a2e404c697962623,dfine_sahi,141583.0,unknown_object,0.7092,79.92,412.1,179.76,507.99,9573.1,99.84,95.88,1.041,False,,True,S-61,38,evt_S-61_desk_work_surface_0007,7a25f2ac3f7f9292,pose_hand_context,,34638.0,3.4,,1,cam12/e1/v1,rtmpose_baseline
full,03.CCTV Mobile Usage.mkv,632de9ed55947761d56d4c6142a3cb1a1fe69d0b1a6d0e01a2e404c697962623,dfine_sahi,141583.0,unknown_object,0.5623,147.16,405.85,182.84,435.84,1070.2,35.68,30.0,1.189,False,,True,S-61,38,evt_S-61_desk_work_surface_0007,7a25f2ac3f7f9292,pose_hand_context,,34638.0,3.4,,1,cam12/e1/v1,rtmpose_baseline
full,03.CCTV Mobile Usage.mkv,632de9ed55947761d56d4c6142a3cb1a1fe69d0b1a6d0e01a2e404c697962623,dfine_sahi,141583.0,stationery,0.5025,42.76,446.81,72.5,475.04,839.8,29.75,28.23,1.054,False,,True,S-61,38,evt_S-61_desk_work_surface_0007,7a25f2ac3f7f9292,pose_hand_context,,34638.0,3.4,,1,cam12/e1/v1,rtmpose_baseline
full,03.CCTV Mobile Usage.mkv,632de9ed55947761d56d4c6142a3cb1a1fe69d0b1a6d0e01a2e404c697962623,dfine_sahi,141583.0,unknown_object,0.4453,26.33,330.11,102.99,415.18,6521.7,76.66,85.07,0.901,False,,True,S-61,38,evt_S-61_desk_work_surface_0007,7a25f2ac3f7f9292,pose_hand_context,,34638.0,3.4,,1,cam12/e1/v1,rtmpose_baseline
full,03.CCTV Mobile Usage.mkv,632de9ed55947761d56d4c6142a3cb1a1fe69d0b1a6d0e01a2e404c697962623,dfine_sahi,141583.0,unknown_object,0.3968,146.47,400.99,183.28,507.44,3918.2,36.81,106.45,0.346,False,,True,S-61,38,evt_S-61_desk_work_surface_0007,7a25f2ac3f7f9292,pose_hand_context,,34638.0,3.4,,1,cam12/e1/v1,rtmpose_baseline
full,03.CCTV Mobile Usage.mkv,632de9ed55947761d56d4c6142a3cb1a1fe69d0b1a6d0e01a2e404c697962623,dfine_sahi,141583.0,unknown_object,0.3961,-0.66,330.28,183.07,517.05,34314.9,183.73,186.77,0.984,False,,True,S-61,38,evt_S-61_desk_work_surface_0007,7a25f2ac3f7f9292,pose_hand_context,,34638.0,3.4,,1,cam12/e1/v1,rtmpose_baseline
full,03.CCTV Mobile Usage.mkv,632de9ed55947761d56d4c6142a3cb1a1fe69d0b1a6d0e01a2e404c697962623,dfine_sahi,141583.0,unknown_object,0.3515,-0.11,330.15,80.33,434.72,8411.9,80.44,104.57,0.769,False,,True,S-61,38,evt_S-61_desk_work_surface_0007,7a25f2ac3f7f9292,pose_hand_context,,34638.0,3.4,,1,cam12/e1/v1,rtmpose_baseline
full,03.CCTV Mobile Usage.mkv,632de9ed55947761d56d4c6142a3cb1a1fe69d0b1a6d0e01a2e404c697962623,dfine_sahi,141583.0,unknown_object,0.3514,43.0,446.68,72.52,474.82,830.8,29.52,28.14,1.049,False,,True,S-61,38,evt_S-61_desk_work_surface_0007,7a25f2ac3f7f9292,pose_hand_context,,34638.0,3.4,,1,cam12/e1/v1,rtmpose_baseline
full,03.CCTV Mobile Usage.mkv,632de9ed55947761d56d4c6142a3cb1a1fe69d0b1a6d0e01a2e404c697962623,dfine_sahi,141583.0,unknown_object,0.3468,139.98,381.16,156.45,395.66,238.7,16.47,14.49,1.136,False,,True,S-61,38,evt_S-61_desk_work_surface_0007,7a25f2ac3f7f9292,pose_hand_context,,34638.0,3.4,,1,cam12/e1/v1,rtmpose_baseline
full,03.CCTV Mobile Usage.mkv,632de9ed55947761d56d4c6142a3cb1a1fe69d0b1a6d0e01a2e404c697962623,dfine_sahi,141583.0,keyboard,0.3339,-0.38,441.66,49.59,500.13,2921.5,49.97,58.47,0.855,False,,True,S-61,38,evt_S-61_desk_work_surface_0007,7a25f2ac3f7f9292,pose_hand_context,,34638.0,3.4,,1,cam12/e1/v1,rtmpose_baseline
full,03.CCTV Mobile Usage.mkv,632de9ed55947761d56d4c6142a3cb1a1fe69d0b1a6d0e01a2e404c697962623,dfine_sahi,141583.0,unknown_object,0.3033,139.97,381.11,162.04,406.98,570.9,22.07,25.87,0.853,False,,True,S-61,38,evt_S-61_desk_work_surface_0007,7a25f2ac3f7f9292,pose_hand_context,,34638.0,3.4,,1,cam12/e1/v1,rtmpose_baseline
full,03.CCTV Mobile Usage.mkv,632de9ed55947761d56d4c6142a3cb1a1fe69d0b1a6d0e01a2e404c697962623,dfine_sahi,141583.0,unknown_object,0.2969,0.15,478.99,29.8,501.81,676.7,29.65,22.82,1.299,False,,True,S-61,38,evt_S-61_desk_work_surface_0007,7a25f2ac3f7f9292,pose_hand_context,,34638.0,3.4,,1,cam12/e1/v1,rtmpose_baseline
full,03.CCTV Mobile Usage.mkv,632de9ed55947761d56d4c6142a3cb1a1fe69d0b1a6d0e01a2e404c697962623,dfine_sahi,141583.0,unknown_object,0.2925,-0.12,433.89,182.65,517.45,15273.4,182.77,83.57,2.187,False,,True,S-61,38,evt_S-61_desk_work_surface_0007,7a25f2ac3f7f9292,pose_hand_context,,34638.0,3.4,,1,cam12/e1/v1,rtmpose_baseline
full,03.CCTV Mobile Usage.mkv,632de9ed55947761d56d4c6142a3cb1a1fe69d0b1a6d0e01a2e404c697962623,dfine_sahi,141583.0,unknown_object,0.2809,98.96,431.69,158.65,503.48,4285.1,59.69,71.79,0.832,False,,True,S-61,38,evt_S-61_desk_work_surface_0007,7a25f2ac3f7f9292,pose_hand_context,,34638.0,3.4,,1,cam12/e1/v1,rtmpose_baseline
full,03.CCTV Mobile Usage.mkv,632de9ed55947761d56d4c6142a3cb1a1fe69d0b1a6d0e01a2e404c697962623,dfine_sahi,141583.0,unknown_object,0.2657,42.05,412.26,102.98,475.37,3844.9,60.93,63.1,0.966,False,,True,S-61,38,evt_S-61_desk_work_surface_0007,7a25f2ac3f7f9292,pose_hand_context,,34638.0,3.4,,1,cam12/e1/v1,rtmpose_baseline
full,03.CCTV Mobile Usage.mkv,632de9ed55947761d56d4c6142a3cb1a1fe69d0b1a6d0e01a2e404c697962623,dfine_sahi,141867.0,unknown_object,0.7253,84.02,415.19,179.61,510.56,9116.2,95.58,95.38,1.002,False,,True,S-61,38,evt_S-61_upper_body_0022,8480df3c8367b923,pose_hand_context,,25287.4,4.02,,1,cam12/e1/v1,rtmpose_baseline
full,03.CCTV Mobile Usage.mkv,632de9ed55947761d56d4c6142a3cb1a1fe69d0b1a6d0e01a2e404c697962623,dfine_sahi,141867.0,unknown_object,0.4739,18.06,349.31,144.03,507.06,19871.8,125.97,157.75,0.799,False,,True,S-61,38,evt_S-61_upper_body_0022,8480df3c8367b923,pose_hand_context,,25287.4,4.02,,1,cam12/e1/v1,rtmpose_baseline
full,03.CCTV Mobile Usage.mkv,632de9ed55947761d56d4c6142a3cb1a1fe69d0b1a6d0e01a2e404c697962623,dfine_sahi,141867.0,unknown_object,0.3749,84.05,368.58,155.26,440.23,5102.3,71.21,71.65,0.994,False,,True,S-61,38,evt_S-61_upper_body_0022,8480df3c8367b923,pose_hand_context,,25287.4,4.02,,1,cam12/e1/v1,rtmpose_baseline
full,03.CCTV Mobile Usage.mkv,632de9ed55947761d56d4c6142a3cb1a1fe69d0b1a6d0e01a2e404c697962623,dfine_sahi,141867.0,unknown_object,0.2603,84.01,415.09,156.71,455.57,2943.1,72.7,40.48,1.796,False,,True,S-61,38,evt_S-61_upper_body_0022,8480df3c8367b923,pose_hand_context,,25287.4,4.02,,1,cam12/e1/v1,rtmpose_baseline
full,03.CCTV Mobile Usage.mkv,632de9ed55947761d56d4c6142a3cb1a1fe69d0b1a6d0e01a2e404c697962623,dfine_sahi,142083.0,unknown_object,0.5814,78.06,416.19,158.66,511.38,7671.8,80.6,95.19,0.847,False,,True,S-61,38,evt_S-61_desk_work_surface_0007,e48691d5f35f4844,pose_hand_context,,20073.2,4.52,,1,cam12/e1/v1,rtmpose_baseline
full,03.CCTV Mobile Usage.mkv,632de9ed55947761d56d4c6142a3cb1a1fe69d0b1a6d0e01a2e404c697962623,dfine_sahi,142083.0,unknown_object,0.4042,43.58,419.02,111.97,449.91,2112.8,68.39,30.89,2.214,False,,True,S-61,38,evt_S-61_desk_work_surface_0007,e48691d5f35f4844,pose_hand_context,,20073.2,4.52,,1,cam12/e1/v1,rtmpose_baseline
full,03.CCTV Mobile Usage.mkv,632de9ed55947761d56d4c6142a3cb1a1fe69d0b1a6d0e01a2e404c697962623,dfine_sahi,142083.0,unknown_object,0.3763,16.08,416.41,111.94,498.59,7877.6,95.85,82.18,1.166,False,,True,S-61,38,evt_S-61_desk_work_surface_0007,e48691d5f35f4844,pose_hand_context,,20073.2,4.52,,1,cam12/e1/v1,rtmpose_baseline
full,03.CCTV Mobile Usage.mkv,632de9ed55947761d56d4c6142a3cb1a1fe69d0b1a6d0e01a2e404c697962623,dfine_sahi,142083.0,unknown_object,0.3475,151.49,409.23,174.0,449.84,914.0,22.51,40.61,0.554,False,,True,S-61,38,evt_S-61_desk_work_surface_0007,e48691d5f35f4844,pose_hand_context,,20073.2,4.52,,1,cam12/e1/v1,rtmpose_baseline
full,03.CCTV Mobile Usage.mkv,632de9ed55947761d56d4c6142a3cb1a1fe69d0b1a6d0e01a2e404c697962623,dfine_sahi,142083.0,unknown_object,0.2743,66.22,362.15,101.89,416.17,1927.3,35.67,54.02,0.66,False,,True,S-61,38,evt_S-61_desk_work_surface_0007,e48691d5f35f4844,pose_hand_context,,20073.2,4.52,,1,cam12/e1/v1,rtmpose_baseline
full,03.CCTV Mobile Usage.mkv,632de9ed55947761d56d4c6142a3cb1a1fe69d0b1a6d0e01a2e404c697962623,dfine_sahi,142083.0,stationery,0.2588,79.94,384.76,138.54,425.41,2382.5,58.6,40.65,1.442,False,,True,S-61,38,evt_S-61_desk_work_surface_0007,e48691d5f35f4844,pose_hand_context,,20073.2,4.52,,1,cam12/e1/v1,rtmpose_baseline
full,03.CCTV Mobile Usage.mkv,632de9ed55947761d56d4c6142a3cb1a1fe69d0b1a6d0e01a2e404c697962623,dfine_sahi,142583.0,unknown_object,0.7773,78.05,417.21,173.81,512.62,9136.5,95.76,95.41,1.004,False,,True,S-61,38,evt_S-61_desk_work_surface_0007,5b6a897cc877e08e,pose_hand_context,,19521.7,4.58,,1,cam12/e1/v1,rtmpose_baseline
full,03.CCTV Mobile Usage.mkv,632de9ed55947761d56d4c6142a3cb1a1fe69d0b1a6d0e01a2e404c697962623,dfine_sahi,142583.0,unknown_object,0.6106,39.69,421.56,112.96,473.73,3823.1,73.28,52.17,1.404,False,,True,S-61,38,evt_S-61_desk_work_surface_0007,5b6a897cc877e08e,pose_hand_context,,19521.7,4.58,,1,cam12/e1/v1,rtmpose_baseline
full,03.CCTV Mobile Usage.mkv,632de9ed55947761d56d4c6142a3cb1a1fe69d0b1a6d0e01a2e404c697962623,dfine_sahi,142583.0,unknown_object,0.3756,78.03,417.14,151.62,462.9,3367.7,73.59,45.76,1.608,False,,True,S-61,38,evt_S-61_desk_work_surface_0007,5b6a897cc877e08e,pose_hand_context,,19521.7,4.58,,1,cam12/e1/v1,rtmpose_baseline
full,03.CCTV Mobile Usage.mkv,632de9ed55947761d56d4c6142a3cb1a1fe69d0b1a6d0e01a2e404c697962623,dfine_sahi,142583.0,unknown_object,0.3053,82.11,417.04,112.96,428.73,360.6,30.85,11.69,2.639,False,,True,S-61,38,evt_S-61_desk_work_surface_0007,5b6a897cc877e08e,pose_hand_context,,19521.7,4.58,,1,cam12/e1/v1,rtmpose_baseline
full,03.CCTV Mobile Usage.mkv,632de9ed55947761d56d4c6142a3cb1a1fe69d0b1a6d0e01a2e404c697962623,dfine_sahi,142583.0,unknown_object,0.267,143.29,413.34,170.55,451.68,1045.3,27.26,38.35,0.711,False,,True,S-61,38,evt_S-61_desk_work_surface_0007,5b6a897cc877e08e,pose_hand_context,,19521.7,4.58,,1,cam12/e1/v1,rtmpose_baseline
full,03.CCTV Mobile Usage.mkv,632de9ed55947761d56d4c6142a3cb1a1fe69d0b1a6d0e01a2e404c697962623,dfine_sahi,156383.0,unknown_object,0.73,103.08,405.24,185.08,501.03,7855.2,82.01,95.79,0.856,False,,True,S-61,47,evt_S-61_desk_work_surface_0008,10f4138e905a317a,pose_hand_context,,29343.7,3.74,,1,cam12/e1/v1,rtmpose_baseline
full,03.CCTV Mobile Usage.mkv,632de9ed55947761d56d4c6142a3cb1a1fe69d0b1a6d0e01a2e404c697962623,dfine_sahi,156383.0,unknown_object,0.5145,203.63,405.18,274.96,501.42,6865.1,71.34,96.23,0.741,False,,True,S-61,47,evt_S-61_desk_work_surface_0008,10f4138e905a317a,pose_hand_context,,29343.7,3.74,,1,cam12/e1/v1,rtmpose_baseline
full,03.CCTV Mobile Usage.mkv,632de9ed55947761d56d4c6142a3cb1a1fe69d0b1a6d0e01a2e404c697962623,dfine_sahi,156383.0,unknown_object,0.4944,145.31,397.84,162.64,408.62,186.9,17.34,10.78,1.608,False,,True,S-61,47,evt_S-61_desk_work_surface_0008,10f4138e905a317a,pose_hand_context,,29343.7,3.74,,1,cam12/e1/v1,rtmpose_baseline
full,03.CCTV Mobile Usage.mkv,632de9ed55947761d56d4c6142a3cb1a1fe69d0b1a6d0e01a2e404c697962623,dfine_sahi,156383.0,unknown_object,0.4414,103.44,351.66,256.62,500.99,22874.9,153.18,149.33,1.026,False,,True,S-61,47,evt_S-61_desk_work_surface_0008,10f4138e905a317a,pose_hand_context,,29343.7,3.74,,1,cam12/e1/v1,rtmpose_baseline
full,03.CCTV Mobile Usage.mkv,632de9ed55947761d56d4c6142a3cb1a1fe69d0b1a6d0e01a2e404c697962623,dfine_sahi,156383.0,unknown_object,0.3931,177.98,352.94,210.4,426.49,2383.6,32.41,73.54,0.441,False,,True,S-61,47,evt_S-61_desk_work_surface_0008,10f4138e905a317a,pose_hand_context,,29343.7,3.74,,1,cam12/e1/v1,rtmpose_baseline
full,03.CCTV Mobile Usage.mkv,632de9ed55947761d56d4c6142a3cb1a1fe69d0b1a6d0e01a2e404c697962623,dfine_sahi,156383.0,unknown_object,0.3823,167.65,353.84,202.31,384.64,1067.9,34.67,30.81,1.125,False,,True,S-61,47,evt_S-61_desk_work_surface_0008,10f4138e905a317a,pose_hand_context,,29343.7,3.74,,1,cam12/e1/v1,rtmpose_baseline
full,03.CCTV Mobile Usage.mkv,632de9ed55947761d56d4c6142a3cb1a1fe69d0b1a6d0e01a2e404c697962623,dfine_sahi,156383.0,unknown_object,0.3287,103.02,405.12,172.94,453.44,3378.7,69.92,48.32,1.447,False,,True,S-61,47,evt_S-61_desk_work_surface_0008,10f4138e905a317a,pose_hand_context,,29343.7,3.74,,1,cam12/e1/v1,rtmpose_baseline
full,03.CCTV Mobile Usage.mkv,632de9ed55947761d56d4c6142a3cb1a1fe69d0b1a6d0e01a2e404c697962623,dfine_sahi,156383.0,monitor_or_bezel,0.2801,225.03,330.2,274.97,384.58,2715.4,49.94,54.37,0.918,False,,True,S-61,47,evt_S-61_desk_work_surface_0008,10f4138e905a317a,pose_hand_context,,29343.7,3.74,,1,cam12/e1/v1,rtmpose_baseline
full,03.CCTV Mobile Usage.mkv,632de9ed55947761d56d4c6142a3cb1a1fe69d0b1a6d0e01a2e404c697962623,dfine_sahi,156383.0,unknown_object,0.2544,208.54,382.81,274.93,426.55,2903.8,66.39,43.74,1.518,False,,True,S-61,47,evt_S-61_desk_work_surface_0008,10f4138e905a317a,pose_hand_context,,29343.7,3.74,,1,cam12/e1/v1,rtmpose_baseline
full,03.CCTV Mobile Usage.mkv,632de9ed55947761d56d4c6142a3cb1a1fe69d0b1a6d0e01a2e404c697962623,dfine_sahi,156883.0,unknown_object,0.7996,109.1,319.35,308.8,517.83,39635.0,199.7,198.48,1.006,False,,True,S-61,47,evt_S-61_desk_work_surface_0008,5afc0e6ee54ac62d,pose_hand_context,,40104.1,3.2,,1,cam12/e1/v1,rtmpose_baseline
full,03.CCTV Mobile Usage.mkv,632de9ed55947761d56d4c6142a3cb1a1fe69d0b1a6d0e01a2e404c697962623,dfine_sahi,156883.0,unknown_object,0.7848,197.04,406.15,308.96,518.54,12578.5,111.91,112.39,0.996,False,,True,S-61,47,evt_S-61_desk_work_surface_0008,5afc0e6ee54ac62d,pose_hand_context,,40104.1,3.2,,1,cam12/e1/v1,rtmpose_baseline
full,03.CCTV Mobile Usage.mkv,632de9ed55947761d56d4c6142a3cb1a1fe69d0b1a6d0e01a2e404c697962623,dfine_sahi,156883.0,unknown_object,0.6701,109.26,406.14,221.9,518.36,12639.7,112.64,112.22,1.004,False,,True,S-61,47,evt_S-61_desk_work_surface_0008,5afc0e6ee54ac62d,pose_hand_context,,40104.1,3.2,,1,cam12/e1/v1,rtmpose_baseline
full,03.CCTV Mobile Usage.mkv,632de9ed55947761d56d4c6142a3cb1a1fe69d0b1a6d0e01a2e404c697962623,dfine_sahi,156883.0,unknown_object,0.6682,111.69,319.17,221.97,429.74,12193.4,110.27,110.58,0.997,False,,True,S-61,47,evt_S-61_desk_work_surface_0008,5afc0e6ee54ac62d,pose_hand_context,,40104.1,3.2,,1,cam12/e1/v1,rtmpose_baseline
full,03.CCTV Mobile Usage.mkv,632de9ed55947761d56d4c6142a3cb1a1fe69d0b1a6d0e01a2e404c697962623,dfine_sahi,156883.0,unknown_object,0.6221,197.06,319.31,308.93,430.46,12434.0,111.87,111.15,1.006,False,,True,S-61,47,evt_S-61_desk_work_surface_0008,5afc0e6ee54ac62d,pose_hand_context,,40104.1,3.2,,1,cam12/e1/v1,rtmpose_baseline
full,03.CCTV Mobile Usage.mkv,632de9ed55947761d56d4c6142a3cb1a1fe69d0b1a6d0e01a2e404c697962623,dfine_sahi,156883.0,unknown_object,0.3259,141.85,493.82,183.21,518.9,1037.0,41.35,25.08,1.649,False,,True,S-61,47,evt_S-61_desk_work_surface_0008,5afc0e6ee54ac62d,pose_hand_context,,40104.1,3.2,,1,cam12/e1/v1,rtmpose_baseline
full,03.CCTV Mobile Usage.mkv,632de9ed55947761d56d4c6142a3cb1a1fe69d0b1a6d0e01a2e404c697962623,dfine_sahi,156883.0,unknown_object,0.3034,109.04,406.14,177.81,487.99,5628.0,68.76,81.85,0.84,False,,True,S-61,47,evt_S-61_desk_work_surface_0008,5afc0e6ee54ac62d,pose_hand_context,,40104.1,3.2,,1,cam12/e1/v1,rtmpose_baseline
full,03.CCTV Mobile Usage.mkv,632de9ed55947761d56d4c6142a3cb1a1fe69d0b1a6d0e01a2e404c697962623,dfine_sahi,156883.0,unknown_object,0.2877,197.05,319.24,242.02,430.23,4990.7,44.96,110.99,0.405,False,,True,S-61,47,evt_S-61_desk_work_surface_0008,5afc0e6ee54ac62d,pose_hand_context,,40104.1,3.2,,1,cam12/e1/v1,rtmpose_baseline
full,03.CCTV Mobile Usage.mkv,632de9ed55947761d56d4c6142a3cb1a1fe69d0b1a6d0e01a2e404c697962623,dfine_sahi,157383.0,unknown_object,0.5739,240.0,443.25,350.92,551.75,12034.6,110.92,108.49,1.022,False,,True,S-61,47,evt_S-61_desk_work_surface_0008,eca9a6c02819dd2d,pose_hand_context,,38919.4,3.24,,1,cam12/e1/v1,rtmpose_baseline
full,03.CCTV Mobile Usage.mkv,632de9ed55947761d56d4c6142a3cb1a1fe69d0b1a6d0e01a2e404c697962623,dfine_sahi,157383.0,unknown_object,0.5198,154.82,529.11,264.84,584.45,6088.6,110.02,55.34,1.988,False,,True,S-61,47,evt_S-61_desk_work_surface_0008,eca9a6c02819dd2d,pose_hand_context,,38919.4,3.24,,1,cam12/e1/v1,rtmpose_baseline
full,03.CCTV Mobile Usage.mkv,632de9ed55947761d56d4c6142a3cb1a1fe69d0b1a6d0e01a2e404c697962623,dfine_sahi,157383.0,unknown_object,0.4262,153.94,493.48,207.43,568.9,4034.5,53.49,75.42,0.709,False,,True,S-61,47,evt_S-61_desk_work_surface_0008,eca9a6c02819dd2d,pose_hand_context,,38919.4,3.24,,1,cam12/e1/v1,rtmpose_baseline
full,03.CCTV Mobile Usage.mkv,632de9ed55947761d56d4c6142a3cb1a1fe69d0b1a6d0e01a2e404c697962623,dfine_sahi,157383.0,unknown_object,0.4253,153.97,443.35,264.99,551.83,12041.9,111.01,108.47,1.023,False,,True,S-61,47,evt_S-61_desk_work_surface_0008,eca9a6c02819dd2d,pose_hand_context,,38919.4,3.24,,1,cam12/e1/v1,rtmpose_baseline
full,03.CCTV Mobile Usage.mkv,632de9ed55947761d56d4c6142a3cb1a1fe69d0b1a6d0e01a2e404c697962623,dfine_sahi,157383.0,unknown_object,0.3513,240.05,512.35,350.93,552.07,4404.3,110.88,39.72,2.791,False,,True,S-61,47,evt_S-61_desk_work_surface_0008,eca9a6c02819dd2d,pose_hand_context,,38919.4,3.24,,1,cam12/e1/v1,rtmpose_baseline
full,03.CCTV Mobile Usage.mkv,632de9ed55947761d56d4c6142a3cb1a1fe69d0b1a6d0e01a2e404c697962623,dfine_sahi,157383.0,unknown_object,0.2965,154.04,573.13,264.87,639.66,7373.3,110.83,66.53,1.666,False,,True,S-61,47,evt_S-61_desk_work_surface_0008,eca9a6c02819dd2d,pose_hand_context,,38919.4,3.24,,1,cam12/e1/v1,rtmpose_baseline
full,03.CCTV Mobile Usage.mkv,632de9ed55947761d56d4c6142a3cb1a1fe69d0b1a6d0e01a2e404c697962623,dfine_sahi,157383.0,unknown_object,0.2691,240.06,549.44,350.94,639.24,9956.7,110.88,89.8,1.235,False,,True,S-61,47,evt_S-61_desk_work_surface_0008,eca9a6c02819dd2d,pose_hand_context,,38919.4,3.24,,1,cam12/e1/v1,rtmpose_baseline
full,03.CCTV Mobile Usage.mkv,632de9ed55947761d56d4c6142a3cb1a1fe69d0b1a6d0e01a2e404c697962623,dfine_sahi,157883.0,unknown_object,0.5715,136.77,430.18,186.92,500.16,3509.2,50.14,69.98,0.717,False,,True,S-61,47,evt_S-61_desk_work_surface_0008,0b1e67ba248759a7,pose_hand_context,,50122.3,2.86,,1,cam12/e1/v1,rtmpose_baseline
full,03.CCTV Mobile Usage.mkv,632de9ed55947761d56d4c6142a3cb1a1fe69d0b1a6d0e01a2e404c697962623,dfine_sahi,157883.0,unknown_object,0.4858,136.86,430.16,262.23,555.45,15708.0,125.37,125.29,1.001,False,,True,S-61,47,evt_S-61_desk_work_surface_0008,0b1e67ba248759a7,pose_hand_context,,50122.3,2.86,,1,cam12/e1/v1,rtmpose_baseline
full,03.CCTV Mobile Usage.mkv,632de9ed55947761d56d4c6142a3cb1a1fe69d0b1a6d0e01a2e404c697962623,dfine_sahi,157883.0,unknown_object,0.4722,235.12,548.76,360.23,653.37,13087.2,125.11,104.61,1.196,False,,True,S-61,47,evt_S-61_desk_work_surface_0008,0b1e67ba248759a7,pose_hand_context,,50122.3,2.86,,1,cam12/e1/v1,rtmpose_baseline
full,03.CCTV Mobile Usage.mkv,632de9ed55947761d56d4c6142a3cb1a1fe69d0b1a6d0e01a2e404c697962623,dfine_sahi,157883.0,unknown_object,0.4023,234.98,430.18,359.51,530.08,12440.7,124.53,99.9,1.247,False,,True,S-61,47,evt_S-61_desk_work_surface_0008,0b1e67ba248759a7,pose_hand_context,,50122.3,2.86,,1,cam12/e1/v1,rtmpose_baseline
full,03.CCTV Mobile Usage.mkv,632de9ed55947761d56d4c6142a3cb1a1fe69d0b1a6d0e01a2e404c697962623,dfine_sahi,157883.0,unknown_object,0.3576,137.24,488.82,359.93,653.01,36564.8,222.7,164.19,1.356,False,,True,S-61,47,evt_S-61_desk_work_surface_0008,0b1e67ba248759a7,pose_hand_context,,50122.3,2.86,,1,cam12/e1/v1,rtmpose_baseline
full,03.CCTV Mobile Usage.mkv,632de9ed55947761d56d4c6142a3cb1a1fe69d0b1a6d0e01a2e404c697962623,dfine_sahi,157883.0,phone,0.3433,174.86,538.5,214.39,576.38,1497.8,39.53,37.89,1.043,False,,True,S-61,47,evt_S-61_desk_work_surface_0008,0b1e67ba248759a7,pose_hand_context,,50122.3,2.86,,1,cam12/e1/v1,rtmpose_baseline
full,03.CCTV Mobile Usage.mkv,632de9ed55947761d56d4c6142a3cb1a1fe69d0b1a6d0e01a2e404c697962623,dfine_sahi,157883.0,unknown_object,0.3223,156.25,528.23,262.01,652.57,13149.4,105.75,124.34,0.85,False,,True,S-61,47,evt_S-61_desk_work_surface_0008,0b1e67ba248759a7,pose_hand_context,,50122.3,2.86,,1,cam12/e1/v1,rtmpose_baseline
full,03.CCTV Mobile Usage.mkv,632de9ed55947761d56d4c6142a3cb1a1fe69d0b1a6d0e01a2e404c697962623,dfine_sahi,157883.0,unknown_object,0.317,175.26,528.7,262.02,580.44,4489.4,86.76,51.74,1.677,False,,True,S-61,47,evt_S-61_desk_work_surface_0008,0b1e67ba248759a7,pose_hand_context,,50122.3,2.86,,1,cam12/e1/v1,rtmpose_baseline
full,03.CCTV Mobile Usage.mkv,632de9ed55947761d56d4c6142a3cb1a1fe69d0b1a6d0e01a2e404c697962623,dfine_sahi,157883.0,stationery,0.2635,137.17,538.05,215.24,620.39,6428.9,78.07,82.35,0.948,False,,True,S-61,47,evt_S-61_desk_work_surface_0008,0b1e67ba248759a7,pose_hand_context,,50122.3,2.86,,1,cam12/e1/v1,rtmpose_baseline
full,03.CCTV Mobile Usage.mkv,632de9ed55947761d56d4c6142a3cb1a1fe69d0b1a6d0e01a2e404c697962623,dfine_sahi,157883.0,unknown_object,0.2601,171.93,452.13,262.06,529.77,6998.4,90.13,77.64,1.161,False,,True,S-61,47,evt_S-61_desk_work_surface_0008,0b1e67ba248759a7,pose_hand_context,,50122.3,2.86,,1,cam12/e1/v1,rtmpose_baseline
full,03.CCTV Mobile Usage.mkv,632de9ed55947761d56d4c6142a3cb1a1fe69d0b1a6d0e01a2e404c697962623,dfine_sahi,158383.0,unknown_object,0.7544,117.0,505.15,243.85,631.4,16013.8,126.85,126.24,1.005,False,,True,S-61,47,evt_S-61_desk_work_surface_0008,fceae00cd1315882,pose_hand_context,,51266.0,2.83,,1,cam12/e1/v1,rtmpose_baseline
full,03.CCTV Mobile Usage.mkv,632de9ed55947761d56d4c6142a3cb1a1fe69d0b1a6d0e01a2e404c697962623,dfine_sahi,158383.0,unknown_object,0.4765,216.06,406.25,342.89,529.09,15581.9,126.84,122.85,1.032,False,,True,S-61,47,evt_S-61_desk_work_surface_0008,fceae00cd1315882,pose_hand_context,,51266.0,2.83,,1,cam12/e1/v1,rtmpose_baseline
full,03.CCTV Mobile Usage.mkv,632de9ed55947761d56d4c6142a3cb1a1fe69d0b1a6d0e01a2e404c697962623,dfine_sahi,158383.0,unknown_object,0.4591,137.15,454.99,195.8,506.46,3018.4,58.64,51.47,1.139,False,,True,S-61,47,evt_S-61_desk_work_surface_0008,fceae00cd1315882,pose_hand_context,,51266.0,2.83,,1,cam12/e1/v1,rtmpose_baseline
full,03.CCTV Mobile Usage.mkv,632de9ed55947761d56d4c6142a3cb1a1fe69d0b1a6d0e01a2e404c697962623,dfine_sahi,158383.0,unknown_object,0.3564,117.07,406.46,342.8,631.11,50710.7,225.74,224.65,1.005,False,,True,S-61,47,evt_S-61_desk_work_surface_0008,fceae00cd1315882,pose_hand_context,,51266.0,2.83,,1,cam12/e1/v1,rtmpose_baseline
full,03.CCTV Mobile Usage.mkv,632de9ed55947761d56d4c6142a3cb1a1fe69d0b1a6d0e01a2e404c697962623,dfine_sahi,158383.0,unknown_object,0.3494,215.96,555.48,342.95,631.66,9674.2,127.0,76.18,1.667,False,,True,S-61,47,evt_S-61_desk_work_surface_0008,fceae00cd1315882,pose_hand_context,,51266.0,2.83,,1,cam12/e1/v1,rtmpose_baseline
full,03.CCTV Mobile Usage.mkv,632de9ed55947761d56d4c6142a3cb1a1fe69d0b1a6d0e01a2e404c697962623,dfine_sahi,158383.0,unknown_object,0.3352,216.26,486.95,304.67,515.41,2515.8,88.4,28.46,3.106,False,,True,S-61,47,evt_S-61_desk_work_surface_0008,fceae00cd1315882,pose_hand_context,,51266.0,2.83,,1,cam12/e1/v1,rtmpose_baseline
full,03.CCTV Mobile Usage.mkv,632de9ed55947761d56d4c6142a3cb1a1fe69d0b1a6d0e01a2e404c697962623,dfine_sahi,158383.0,unknown_object,0.2565,123.9,574.0,243.43,631.4,6860.6,119.52,57.4,2.082,False,,True,S-61,47,evt_S-61_desk_work_surface_0008,fceae00cd1315882,pose_hand_context,,51266.0,2.83,,1,cam12/e1/v1,rtmpose_baseline
full,03.CCTV Mobile Usage.mkv,632de9ed55947761d56d4c6142a3cb1a1fe69d0b1a6d0e01a2e404c697962623,dfine_sahi,158883.0,unknown_object,0.6059,143.31,443.35,185.7,484.98,1764.6,42.39,41.63,1.018,False,,True,S-61,47,evt_S-61_desk_work_surface_0008,bc61e08c06a3809e,pose_hand_context,,33124.0,3.52,,1,cam12/e1/v1,rtmpose_baseline
full,03.CCTV Mobile Usage.mkv,632de9ed55947761d56d4c6142a3cb1a1fe69d0b1a6d0e01a2e404c697962623,dfine_sahi,158883.0,unknown_object,0.4781,106.77,417.72,163.97,517.9,5731.2,57.21,100.18,0.571,False,,True,S-61,47,evt_S-61_desk_work_surface_0008,bc61e08c06a3809e,pose_hand_context,,33124.0,3.52,,1,cam12/e1/v1,rtmpose_baseline
full,03.CCTV Mobile Usage.mkv,632de9ed55947761d56d4c6142a3cb1a1fe69d0b1a6d0e01a2e404c697962623,dfine_sahi,158883.0,unknown_object,0.4047,140.92,350.13,193.83,439.22,4714.0,52.91,89.1,0.594,False,,True,S-61,47,evt_S-61_desk_work_surface_0008,bc61e08c06a3809e,pose_hand_context,,33124.0,3.52,,1,cam12/e1/v1,rtmpose_baseline
full,03.CCTV Mobile Usage.mkv,632de9ed55947761d56d4c6142a3cb1a1fe69d0b1a6d0e01a2e404c697962623,dfine_sahi,158883.0,unknown_object,0.3532,190.91,431.33,225.0,480.15,1664.1,34.08,48.82,0.698,False,,True,S-61,47,evt_S-61_desk_work_surface_0008,bc61e08c06a3809e,pose_hand_context,,33124.0,3.52,,1,cam12/e1/v1,rtmpose_baseline
full,03.CCTV Mobile Usage.mkv,632de9ed55947761d56d4c6142a3cb1a1fe69d0b1a6d0e01a2e404c697962623,dfine_sahi,158883.0,secondary_paper_chit,0.2818,60.91,463.78,105.85,502.64,1746.3,44.94,38.86,1.157,False,,True,S-61,47,evt_S-61_desk_work_surface_0008,bc61e08c06a3809e,pose_hand_context,,33124.0,3.52,,1,cam12/e1/v1,rtmpose_baseline
full,03.CCTV Mobile Usage.mkv,632de9ed55947761d56d4c6142a3cb1a1fe69d0b1a6d0e01a2e404c697962623,dfine_sahi,159067.0,unknown_object,0.6232,65.99,421.23,164.93,519.53,9725.9,98.95,98.29,1.007,False,,True,S-61,47,evt_S-61_desk_work_surface_0009,082f9fd43fb18bb2,pose_hand_context,,31046.4,3.63,,1,cam12/e1/v1,rtmpose_baseline
full,03.CCTV Mobile Usage.mkv,632de9ed55947761d56d4c6142a3cb1a1fe69d0b1a6d0e01a2e404c697962623,dfine_sahi,159067.0,unknown_object,0.4115,70.55,344.3,192.76,496.89,18648.6,122.21,152.59,0.801,False,,True,S-61,47,evt_S-61_desk_work_surface_0009,082f9fd43fb18bb2,pose_hand_context,,31046.4,3.63,,1,cam12/e1/v1,rtmpose_baseline
full,03.CCTV Mobile Usage.mkv,632de9ed55947761d56d4c6142a3cb1a1fe69d0b1a6d0e01a2e404c697962623,dfine_sahi,159067.0,unknown_object,0.3375,106.41,421.54,164.93,494.29,4257.2,58.52,72.74,0.805,False,,True,S-61,47,evt_S-61_desk_work_surface_0009,082f9fd43fb18bb2,pose_hand_context,,31046.4,3.63,,1,cam12/e1/v1,rtmpose_baseline
full,03.CCTV Mobile Usage.mkv,632de9ed55947761d56d4c6142a3cb1a1fe69d0b1a6d0e01a2e404c697962623,dfine_sahi,159067.0,unknown_object,0.3203,110.68,419.8,164.96,442.84,1250.8,54.28,23.04,2.356,False,,True,S-61,47,evt_S-61_desk_work_surface_0009,082f9fd43fb18bb2,pose_hand_context,,31046.4,3.63,,1,cam12/e1/v1,rtmpose_baseline
full,03.CCTV Mobile Usage.mkv,632de9ed55947761d56d4c6142a3cb1a1fe69d0b1a6d0e01a2e404c697962623,dfine_sahi,159067.0,unknown_object,0.305,143.04,350.14,216.02,442.31,6726.5,72.98,92.17,0.792,False,,True,S-61,47,evt_S-61_desk_work_surface_0009,082f9fd43fb18bb2,pose_hand_context,,31046.4,3.63,,1,cam12/e1/v1,rtmpose_baseline
full,03.CCTV Mobile Usage.mkv,632de9ed55947761d56d4c6142a3cb1a1fe69d0b1a6d0e01a2e404c697962623,dfine_sahi,159067.0,unknown_object,0.2808,73.99,367.17,164.85,442.18,6815.8,90.86,75.01,1.211,False,,True,S-61,47,evt_S-61_desk_work_surface_0009,082f9fd43fb18bb2,pose_hand_context,,31046.4,3.63,,1,cam12/e1/v1,rtmpose_baseline
full,03.CCTV Mobile Usage.mkv,632de9ed55947761d56d4c6142a3cb1a1fe69d0b1a6d0e01a2e404c697962623,dfine_sahi,159067.0,unknown_object,0.2628,207.33,400.57,241.97,442.63,1457.0,34.64,42.07,0.823,False,,True,S-61,47,evt_S-61_desk_work_surface_0009,082f9fd43fb18bb2,pose_hand_context,,31046.4,3.63,,1,cam12/e1/v1,rtmpose_baseline
full,03.CCTV Mobile Usage.mkv,632de9ed55947761d56d4c6142a3cb1a1fe69d0b1a6d0e01a2e404c697962623,dfine_sahi,159383.0,unknown_object,0.6162,183.0,427.22,284.97,528.54,10332.1,101.97,101.32,1.006,False,,True,S-61,47,evt_S-61_desk_work_surface_0008,ccfbf889b0025c53,pose_hand_context,,32515.3,3.55,,1,cam12/e1/v1,rtmpose_baseline
full,03.CCTV Mobile Usage.mkv,632de9ed55947761d56d4c6142a3cb1a1fe69d0b1a6d0e01a2e404c697962623,dfine_sahi,159383.0,unknown_object,0.5381,142.12,446.6,181.34,484.81,1498.6,39.22,38.21,1.026,False,,True,S-61,47,evt_S-61_desk_work_surface_0008,ccfbf889b0025c53,pose_hand_context,,32515.3,3.55,,1,cam12/e1/v1,rtmpose_baseline
full,03.CCTV Mobile Usage.mkv,632de9ed55947761d56d4c6142a3cb1a1fe69d0b1a6d0e01a2e404c697962623,dfine_sahi,159383.0,unknown_object,0.4726,104.07,427.48,284.87,605.4,32168.1,180.8,177.92,1.016,False,,True,S-61,47,evt_S-61_desk_work_surface_0008,ccfbf889b0025c53,pose_hand_context,,32515.3,3.55,,1,cam12/e1/v1,rtmpose_baseline
full,03.CCTV Mobile Usage.mkv,632de9ed55947761d56d4c6142a3cb1a1fe69d0b1a6d0e01a2e404c697962623,dfine_sahi,159383.0,unknown_object,0.3708,128.04,506.28,205.97,605.84,7759.4,77.94,99.56,0.783,False,,True,S-61,47,evt_S-61_desk_work_surface_0008,ccfbf889b0025c53,pose_hand_context,,32515.3,3.55,,1,cam12/e1/v1,rtmpose_baseline
full,03.CCTV Mobile Usage.mkv,632de9ed55947761d56d4c6142a3cb1a1fe69d0b1a6d0e01a2e404c697962623,dfine_sahi,159383.0,unknown_object,0.3484,183.06,492.79,283.61,528.8,3621.2,100.55,36.01,2.792,False,,True,S-61,47,evt_S-61_desk_work_surface_0008,ccfbf889b0025c53,pose_hand_context,,32515.3,3.55,,1,cam12/e1/v1,rtmpose_baseline
full,03.CCTV Mobile Usage.mkv,632de9ed55947761d56d4c6142a3cb1a1fe69d0b1a6d0e01a2e404c697962623,dfine_sahi,159383.0,unknown_object,0.2927,183.03,506.11,284.96,606.03,10185.1,101.93,99.92,1.02,False,,True,S-61,47,evt_S-61_desk_work_surface_0008,ccfbf889b0025c53,pose_hand_context,,32515.3,3.55,,1,cam12/e1/v1,rtmpose_baseline
full,03.CCTV Mobile Usage.mkv,632de9ed55947761d56d4c6142a3cb1a1fe69d0b1a6d0e01a2e404c697962623,dfine_sahi,159383.0,unknown_object,0.2872,196.86,568.49,284.88,605.68,3273.0,88.02,37.18,2.367,False,,True,S-61,47,evt_S-61_desk_work_surface_0008,ccfbf889b0025c53,pose_hand_context,,32515.3,3.55,,1,cam12/e1/v1,rtmpose_baseline
full,03.CCTV Mobile Usage.mkv,632de9ed55947761d56d4c6142a3cb1a1fe69d0b1a6d0e01a2e404c697962623,dfine_sahi,159567.0,unknown_object,0.5637,185.99,507.15,287.95,608.42,10326.9,101.97,101.27,1.007,False,,True,S-61,47,evt_S-61_desk_work_surface_0009,d0b79c845c522756,pose_hand_context,,33247.9,3.51,,1,cam12/e1/v1,rtmpose_baseline
full,03.CCTV Mobile Usage.mkv,632de9ed55947761d56d4c6142a3cb1a1fe69d0b1a6d0e01a2e404c697962623,dfine_sahi,159567.0,unknown_object,0.4215,106.32,507.35,208.95,608.18,10348.0,102.63,100.83,1.018,False,,True,S-61,47,evt_S-61_desk_work_surface_0009,d0b79c845c522756,pose_hand_context,,33247.9,3.51,,1,cam12/e1/v1,rtmpose_baseline
full,03.CCTV Mobile Usage.mkv,632de9ed55947761d56d4c6142a3cb1a1fe69d0b1a6d0e01a2e404c697962623,dfine_sahi,159567.0,unknown_object,0.4164,106.13,427.37,287.83,608.15,32846.1,181.69,180.78,1.005,False,,True,S-61,47,evt_S-61_desk_work_surface_0009,d0b79c845c522756,pose_hand_context,,33247.9,3.51,,1,cam12/e1/v1,rtmpose_baseline
full,03.CCTV Mobile Usage.mkv,632de9ed55947761d56d4c6142a3cb1a1fe69d0b1a6d0e01a2e404c697962623,dfine_sahi,159567.0,unknown_object,0.3517,106.89,427.23,185.91,503.52,6028.8,79.02,76.29,1.036,False,,True,S-61,47,evt_S-61_desk_work_surface_0009,d0b79c845c522756,pose_hand_context,,33247.9,3.51,,1,cam12/e1/v1,rtmpose_baseline
full,03.CCTV Mobile Usage.mkv,632de9ed55947761d56d4c6142a3cb1a1fe69d0b1a6d0e01a2e404c697962623,dfine_sahi,159567.0,unknown_object,0.3189,186.05,488.89,282.8,528.77,3858.8,96.75,39.88,2.426,False,,True,S-61,47,evt_S-61_desk_work_surface_0009,d0b79c845c522756,pose_hand_context,,33247.9,3.51,,1,cam12/e1/v1,rtmpose_baseline
full,03.CCTV Mobile Usage.mkv,632de9ed55947761d56d4c6142a3cb1a1fe69d0b1a6d0e01a2e404c697962623,dfine_sahi,159567.0,unknown_object,0.2585,186.02,427.19,287.95,528.69,10345.7,101.93,101.5,1.004,False,,True,S-61,47,evt_S-61_desk_work_surface_0009,d0b79c845c522756,pose_hand_context,,33247.9,3.51,,1,cam12/e1/v1,rtmpose_baseline
full,03.CCTV Mobile Usage.mkv,632de9ed55947761d56d4c6142a3cb1a1fe69d0b1a6d0e01a2e404c697962623,dfine_sahi,159883.0,unknown_object,0.4473,105.74,418.26,165.98,439.83,1299.6,60.24,21.57,2.792,False,,True,S-61,47,evt_S-61_desk_work_surface_0008,cb924b690a312e8a,pose_hand_context,,32826.2,3.53,,1,cam12/e1/v1,rtmpose_baseline
full,03.CCTV Mobile Usage.mkv,632de9ed55947761d56d4c6142a3cb1a1fe69d0b1a6d0e01a2e404c697962623,dfine_sahi,159883.0,unknown_object,0.4439,80.36,418.26,165.97,517.77,8519.1,85.61,99.51,0.86,False,,True,S-61,47,evt_S-61_desk_work_surface_0008,cb924b690a312e8a,pose_hand_context,,32826.2,3.53,,1,cam12/e1/v1,rtmpose_baseline
full,03.CCTV Mobile Usage.mkv,632de9ed55947761d56d4c6142a3cb1a1fe69d0b1a6d0e01a2e404c697962623,dfine_sahi,159883.0,unknown_object,0.3594,143.02,442.94,182.92,485.7,1706.2,39.9,42.76,0.933,False,,True,S-61,47,evt_S-61_desk_work_surface_0008,cb924b690a312e8a,pose_hand_context,,32826.2,3.53,,1,cam12/e1/v1,rtmpose_baseline
full,03.CCTV Mobile Usage.mkv,632de9ed55947761d56d4c6142a3cb1a1fe69d0b1a6d0e01a2e404c697962623,dfine_sahi,159883.0,unknown_object,0.3411,103.84,438.22,156.38,497.56,3117.4,52.54,59.34,0.885,False,,True,S-61,47,evt_S-61_desk_work_surface_0008,cb924b690a312e8a,pose_hand_context,,32826.2,3.53,,1,cam12/e1/v1,rtmpose_baseline
full,03.CCTV Mobile Usage.mkv,632de9ed55947761d56d4c6142a3cb1a1fe69d0b1a6d0e01a2e404c697962623,dfine_sahi,160067.0,unknown_object,0.5226,101.76,431.2,158.04,498.18,3769.5,56.28,66.98,0.84,False,,True,S-61,47,evt_S-61_desk_work_surface_0009,caa78e1300eab2f7,pose_hand_context,,33841.3,3.48,,1,cam12/e1/v1,rtmpose_baseline
full,03.CCTV Mobile Usage.mkv,632de9ed55947761d56d4c6142a3cb1a1fe69d0b1a6d0e01a2e404c697962623,dfine_sahi,160067.0,unknown_object,0.4741,143.19,448.45,183.26,485.35,1478.5,40.07,36.89,1.086,False,,True,S-61,47,evt_S-61_desk_work_surface_0009,caa78e1300eab2f7,pose_hand_context,,33841.3,3.48,,1,cam12/e1/v1,rtmpose_baseline
full,03.CCTV Mobile Usage.mkv,632de9ed55947761d56d4c6142a3cb1a1fe69d0b1a6d0e01a2e404c697962623,dfine_sahi,160067.0,unknown_object,0.4715,143.01,341.65,193.59,443.01,5127.2,50.58,101.36,0.499,False,,True,S-61,47,evt_S-61_desk_work_surface_0009,caa78e1300eab2f7,pose_hand_context,,33841.3,3.48,,1,cam12/e1/v1,rtmpose_baseline
full,03.CCTV Mobile Usage.mkv,632de9ed55947761d56d4c6142a3cb1a1fe69d0b1a6d0e01a2e404c697962623,dfine_sahi,160067.0,unknown_object,0.4339,63.0,452.99,101.22,502.14,1878.4,38.21,49.16,0.777,False,,True,S-61,47,evt_S-61_desk_work_surface_0009,caa78e1300eab2f7,pose_hand_context,,33841.3,3.48,,1,cam12/e1/v1,rtmpose_baseline
full,03.CCTV Mobile Usage.mkv,632de9ed55947761d56d4c6142a3cb1a1fe69d0b1a6d0e01a2e404c697962623,dfine_sahi,160067.0,bag,0.3601,75.65,382.86,160.15,438.1,4667.5,84.5,55.24,1.53,False,,True,S-61,47,evt_S-61_desk_work_surface_0009,caa78e1300eab2f7,pose_hand_context,,33841.3,3.48,,1,cam12/e1/v1,rtmpose_baseline
full,03.CCTV Mobile Usage.mkv,632de9ed55947761d56d4c6142a3cb1a1fe69d0b1a6d0e01a2e404c697962623,dfine_sahi,160067.0,unknown_object,0.2944,104.87,421.46,165.98,455.55,2083.4,61.1,34.1,1.792,False,,True,S-61,47,evt_S-61_desk_work_surface_0009,caa78e1300eab2f7,pose_hand_context,,33841.3,3.48,,1,cam12/e1/v1,rtmpose_baseline
full,03.CCTV Mobile Usage.mkv,632de9ed55947761d56d4c6142a3cb1a1fe69d0b1a6d0e01a2e404c697962623,dfine_sahi,160067.0,unknown_object,0.2826,63.02,421.06,149.2,523.58,8834.3,86.18,102.51,0.841,False,,True,S-61,47,evt_S-61_desk_work_surface_0009,caa78e1300eab2f7,pose_hand_context,,33841.3,3.48,,1,cam12/e1/v1,rtmpose_baseline
full,03.CCTV Mobile Usage.mkv,632de9ed55947761d56d4c6142a3cb1a1fe69d0b1a6d0e01a2e404c697962623,dfine_sahi,160067.0,unknown_object,0.2527,72.9,367.21,162.42,437.93,6330.5,89.52,70.72,1.266,False,,True,S-61,47,evt_S-61_desk_work_surface_0009,caa78e1300eab2f7,pose_hand_context,,33841.3,3.48,,1,cam12/e1/v1,rtmpose_baseline
full,03.CCTV Mobile Usage.mkv,632de9ed55947761d56d4c6142a3cb1a1fe69d0b1a6d0e01a2e404c697962623,dfine_sahi,160383.0,unknown_object,0.5109,108.86,418.25,169.02,531.15,6791.7,60.16,112.9,0.533,False,,True,S-61,47,evt_S-61_desk_work_surface_0008,6eb381d66ec56f06,pose_hand_context,,42074.2,3.12,,1,cam12/e1/v1,rtmpose_baseline
full,03.CCTV Mobile Usage.mkv,632de9ed55947761d56d4c6142a3cb1a1fe69d0b1a6d0e01a2e404c697962623,dfine_sahi,160383.0,unknown_object,0.5093,145.92,447.66,184.77,478.81,1210.1,38.85,31.15,1.247,False,,True,S-61,47,evt_S-61_desk_work_surface_0008,6eb381d66ec56f06,pose_hand_context,,42074.2,3.12,,1,cam12/e1/v1,rtmpose_baseline
full,03.CCTV Mobile Usage.mkv,632de9ed55947761d56d4c6142a3cb1a1fe69d0b1a6d0e01a2e404c697962623,dfine_sahi,160383.0,unknown_object,0.4255,52.99,433.04,98.13,504.62,3231.2,45.14,71.58,0.631,False,,True,S-61,47,evt_S-61_desk_work_surface_0008,6eb381d66ec56f06,pose_hand_context,,42074.2,3.12,,1,cam12/e1/v1,rtmpose_baseline
full,03.CCTV Mobile Usage.mkv,632de9ed55947761d56d4c6142a3cb1a1fe69d0b1a6d0e01a2e404c697962623,dfine_sahi,160383.0,bag,0.4048,73.4,381.22,162.32,428.84,4235.4,88.93,47.63,1.867,False,,True,S-61,47,evt_S-61_desk_work_surface_0008,6eb381d66ec56f06,pose_hand_context,,42074.2,3.12,,1,cam12/e1/v1,rtmpose_baseline
full,03.CCTV Mobile Usage.mkv,632de9ed55947761d56d4c6142a3cb1a1fe69d0b1a6d0e01a2e404c697962623,dfine_sahi,160383.0,unknown_object,0.3416,182.18,418.12,257.93,516.96,7487.1,75.75,98.84,0.766,False,,True,S-61,47,evt_S-61_desk_work_surface_0008,6eb381d66ec56f06,pose_hand_context,,42074.2,3.12,,1,cam12/e1/v1,rtmpose_baseline
full,03.CCTV Mobile Usage.mkv,632de9ed55947761d56d4c6142a3cb1a1fe69d0b1a6d0e01a2e404c697962623,dfine_sahi,160383.0,unknown_object,0.2989,52.98,328.09,108.1,362.12,1875.6,55.11,34.03,1.619,False,,True,S-61,47,evt_S-61_desk_work_surface_0008,6eb381d66ec56f06,pose_hand_context,,42074.2,3.12,,1,cam12/e1/v1,rtmpose_baseline
full,03.CCTV Mobile Usage.mkv,632de9ed55947761d56d4c6142a3cb1a1fe69d0b1a6d0e01a2e404c697962623,dfine_sahi,160383.0,phone,0.2533,188.65,370.19,195.76,376.82,47.1,7.1,6.63,1.071,True,object footprint 47 px is under the 120 px floor for a call,False,S-61,47,evt_S-61_desk_work_surface_0008,6eb381d66ec56f06,pose_hand_context,,42074.2,3.12,,1,cam12/e1/v1,rtmpose_baseline
full,03.CCTV Mobile Usage.mkv,632de9ed55947761d56d4c6142a3cb1a1fe69d0b1a6d0e01a2e404c697962623,dfine_sahi,160383.0,unknown_object,0.2501,83.29,424.82,131.8,507.6,4015.8,48.51,82.78,0.586,False,,True,S-61,47,evt_S-61_desk_work_surface_0008,6eb381d66ec56f06,pose_hand_context,,42074.2,3.12,,1,cam12/e1/v1,rtmpose_baseline
full,03.CCTV Mobile Usage.mkv,632de9ed55947761d56d4c6142a3cb1a1fe69d0b1a6d0e01a2e404c697962623,dfine_sahi,160567.0,unknown_object,0.6213,69.11,495.63,217.9,594.83,14760.2,148.79,99.2,1.5,False,,True,S-61,47,evt_S-61_desk_work_surface_0009,6ed7507d34c26a69,pose_hand_context,,47987.3,2.92,,1,cam12/e1/v1,rtmpose_baseline
full,03.CCTV Mobile Usage.mkv,632de9ed55947761d56d4c6142a3cb1a1fe69d0b1a6d0e01a2e404c697962623,dfine_sahi,160567.0,unknown_object,0.589,164.9,472.15,288.13,595.44,15193.2,123.23,123.29,1.0,False,,True,S-61,47,evt_S-61_desk_work_surface_0009,6ed7507d34c26a69,pose_hand_context,,47987.3,2.92,,1,cam12/e1/v1,rtmpose_baseline
full,03.CCTV Mobile Usage.mkv,632de9ed55947761d56d4c6142a3cb1a1fe69d0b1a6d0e01a2e404c697962623,dfine_sahi,160567.0,unknown_object,0.5797,69.43,377.32,191.97,499.18,14933.6,122.55,121.86,1.006,False,,True,S-61,47,evt_S-61_desk_work_surface_0009,6ed7507d34c26a69,pose_hand_context,,47987.3,2.92,,1,cam12/e1/v1,rtmpose_baseline
full,03.CCTV Mobile Usage.mkv,632de9ed55947761d56d4c6142a3cb1a1fe69d0b1a6d0e01a2e404c697962623,dfine_sahi,160567.0,phone,0.5533,107.29,468.36,136.88,483.64,452.1,29.59,15.28,1.936,False,,True,S-61,47,evt_S-61_desk_work_surface_0009,6ed7507d34c26a69,pose_hand_context,,47987.3,2.92,,1,cam12/e1/v1,rtmpose_baseline
full,03.CCTV Mobile Usage.mkv,632de9ed55947761d56d4c6142a3cb1a1fe69d0b1a6d0e01a2e404c697962623,dfine_sahi,160567.0,unknown_object,0.3914,69.18,378.78,221.01,594.67,32779.2,151.83,215.89,0.703,False,,True,S-61,47,evt_S-61_desk_work_surface_0009,6ed7507d34c26a69,pose_hand_context,,47987.3,2.92,,1,cam12/e1/v1,rtmpose_baseline
full,03.CCTV Mobile Usage.mkv,632de9ed55947761d56d4c6142a3cb1a1fe69d0b1a6d0e01a2e404c697962623,dfine_sahi,160567.0,unknown_object,0.3172,69.12,510.18,85.18,543.64,537.2,16.06,33.46,0.48,False,,True,S-61,47,evt_S-61_desk_work_surface_0009,6ed7507d34c26a69,pose_hand_context,,47987.3,2.92,,1,cam12/e1/v1,rtmpose_baseline
full,03.CCTV Mobile Usage.mkv,632de9ed55947761d56d4c6142a3cb1a1fe69d0b1a6d0e01a2e404c697962623,dfine_sahi,160567.0,phone,0.3027,69.03,509.46,85.9,543.96,582.1,16.87,34.5,0.489,False,,True,S-61,47,evt_S-61_desk_work_surface_0009,6ed7507d34c26a69,pose_hand_context,,47987.3,2.92,,1,cam12/e1/v1,rtmpose_baseline
full,03.CCTV Mobile Usage.mkv,632de9ed55947761d56d4c6142a3cb1a1fe69d0b1a6d0e01a2e404c697962623,dfine_sahi,160567.0,phone,0.2972,123.57,446.45,148.6,467.56,528.5,25.04,21.11,1.186,False,,True,S-61,47,evt_S-61_desk_work_surface_0009,6ed7507d34c26a69,pose_hand_context,,47987.3,2.92,,1,cam12/e1/v1,rtmpose_baseline
full,03.CCTV Mobile Usage.mkv,632de9ed55947761d56d4c6142a3cb1a1fe69d0b1a6d0e01a2e404c697962623,dfine_sahi,160567.0,unknown_object,0.2692,103.63,473.66,136.73,511.28,1244.8,33.1,37.61,0.88,False,,True,S-61,47,evt_S-61_desk_work_surface_0009,6ed7507d34c26a69,pose_hand_context,,47987.3,2.92,,1,cam12/e1/v1,rtmpose_baseline
full,03.CCTV Mobile Usage.mkv,632de9ed55947761d56d4c6142a3cb1a1fe69d0b1a6d0e01a2e404c697962623,dfine_sahi,160567.0,unknown_object,0.267,79.81,386.4,158.15,455.2,5390.0,78.34,68.8,1.139,False,,True,S-61,47,evt_S-61_desk_work_surface_0009,6ed7507d34c26a69,pose_hand_context,,47987.3,2.92,,1,cam12/e1/v1,rtmpose_baseline
full,03.CCTV Mobile Usage.mkv,632de9ed55947761d56d4c6142a3cb1a1fe69d0b1a6d0e01a2e404c697962623,dfine_sahi,161067.0,unknown_object,0.7175,42.25,446.28,176.9,579.32,17912.2,134.64,133.04,1.012,False,,True,S-61,47,evt_S-61_desk_work_surface_0009,ddae060e7fec4511,pose_hand_context,,57484.9,2.67,,1,cam12/e1/v1,rtmpose_baseline
full,03.CCTV Mobile Usage.mkv,632de9ed55947761d56d4c6142a3cb1a1fe69d0b1a6d0e01a2e404c697962623,dfine_sahi,161067.0,unknown_object,0.5979,42.24,341.25,176.87,474.74,17970.8,134.63,133.49,1.009,False,,True,S-61,47,evt_S-61_desk_work_surface_0009,ddae060e7fec4511,pose_hand_context,,57484.9,2.67,,1,cam12/e1/v1,rtmpose_baseline
full,03.CCTV Mobile Usage.mkv,632de9ed55947761d56d4c6142a3cb1a1fe69d0b1a6d0e01a2e404c697962623,dfine_sahi,161067.0,phone,0.43,42.04,443.57,71.72,470.87,810.3,29.68,27.3,1.087,False,,True,S-61,47,evt_S-61_desk_work_surface_0009,ddae060e7fec4511,pose_hand_context,,57484.9,2.67,,1,cam12/e1/v1,rtmpose_baseline
full,03.CCTV Mobile Usage.mkv,632de9ed55947761d56d4c6142a3cb1a1fe69d0b1a6d0e01a2e404c697962623,dfine_sahi,161067.0,unknown_object,0.4087,147.03,446.11,199.1,580.3,6987.3,52.07,134.19,0.388,False,,True,S-61,47,evt_S-61_desk_work_surface_0009,ddae060e7fec4511,pose_hand_context,,57484.9,2.67,,1,cam12/e1/v1,rtmpose_baseline
full,03.CCTV Mobile Usage.mkv,632de9ed55947761d56d4c6142a3cb1a1fe69d0b1a6d0e01a2e404c697962623,dfine_sahi,161067.0,bag,0.3994,78.34,382.57,152.58,459.08,5679.8,74.24,76.51,0.97,False,,True,S-61,47,evt_S-61_desk_work_surface_0009,ddae060e7fec4511,pose_hand_context,,57484.9,2.67,,1,cam12/e1/v1,rtmpose_baseline
full,03.CCTV Mobile Usage.mkv,632de9ed55947761d56d4c6142a3cb1a1fe69d0b1a6d0e01a2e404c697962623,dfine_sahi,161067.0,stationery,0.3834,42.0,443.18,71.71,470.93,824.7,29.71,27.76,1.07,False,,True,S-61,47,evt_S-61_desk_work_surface_0009,ddae060e7fec4511,pose_hand_context,,57484.9,2.67,,1,cam12/e1/v1,rtmpose_baseline
full,03.CCTV Mobile Usage.mkv,632de9ed55947761d56d4c6142a3cb1a1fe69d0b1a6d0e01a2e404c697962623,dfine_sahi,161067.0,stationery,0.3799,47.44,509.85,84.07,554.0,1617.3,36.63,44.15,0.83,False,,True,S-61,47,evt_S-61_desk_work_surface_0009,ddae060e7fec4511,pose_hand_context,,57484.9,2.67,,1,cam12/e1/v1,rtmpose_baseline
full,03.CCTV Mobile Usage.mkv,632de9ed55947761d56d4c6142a3cb1a1fe69d0b1a6d0e01a2e404c697962623,dfine_sahi,161067.0,unknown_object,0.3694,41.98,446.15,72.38,472.54,802.3,30.4,26.39,1.152,False,,True,S-61,47,evt_S-61_desk_work_surface_0009,ddae060e7fec4511,pose_hand_context,,57484.9,2.67,,1,cam12/e1/v1,rtmpose_baseline
full,03.CCTV Mobile Usage.mkv,632de9ed55947761d56d4c6142a3cb1a1fe69d0b1a6d0e01a2e404c697962623,dfine_sahi,161067.0,stationery,0.3364,144.74,503.5,185.58,522.34,769.6,40.84,18.84,2.167,False,,True,S-61,47,evt_S-61_desk_work_surface_0009,ddae060e7fec4511,pose_hand_context,,57484.9,2.67,,1,cam12/e1/v1,rtmpose_baseline
full,03.CCTV Mobile Usage.mkv,632de9ed55947761d56d4c6142a3cb1a1fe69d0b1a6d0e01a2e404c697962623,dfine_sahi,161067.0,stationery,0.3356,42.14,491.14,198.06,579.99,13853.9,155.93,88.85,1.755,False,,True,S-61,47,evt_S-61_desk_work_surface_0009,ddae060e7fec4511,pose_hand_context,,57484.9,2.67,,1,cam12/e1/v1,rtmpose_baseline
full,03.CCTV Mobile Usage.mkv,632de9ed55947761d56d4c6142a3cb1a1fe69d0b1a6d0e01a2e404c697962623,dfine_sahi,161067.0,unknown_object,0.3337,147.0,542.36,281.87,580.67,5167.8,134.87,38.32,3.52,False,,True,S-61,47,evt_S-61_desk_work_surface_0009,ddae060e7fec4511,pose_hand_context,,57484.9,2.67,,1,cam12/e1/v1,rtmpose_baseline
full,03.CCTV Mobile Usage.mkv,632de9ed55947761d56d4c6142a3cb1a1fe69d0b1a6d0e01a2e404c697962623,dfine_sahi,161067.0,unknown_object,0.3321,134.03,381.22,176.98,475.03,4029.1,42.95,93.81,0.458,False,,True,S-61,47,evt_S-61_desk_work_surface_0009,ddae060e7fec4511,pose_hand_context,,57484.9,2.67,,1,cam12/e1/v1,rtmpose_baseline
full,03.CCTV Mobile Usage.mkv,632de9ed55947761d56d4c6142a3cb1a1fe69d0b1a6d0e01a2e404c697962623,dfine_sahi,161067.0,unknown_object,0.3201,147.04,446.22,281.9,580.27,18077.7,134.86,134.05,1.006,False,,True,S-61,47,evt_S-61_desk_work_surface_0009,ddae060e7fec4511,pose_hand_context,,57484.9,2.67,,1,cam12/e1/v1,rtmpose_baseline
full,03.CCTV Mobile Usage.mkv,632de9ed55947761d56d4c6142a3cb1a1fe69d0b1a6d0e01a2e404c697962623,dfine_sahi,161067.0,unknown_object,0.2913,42.0,412.66,149.82,475.12,6734.8,107.81,62.47,1.726,False,,True,S-61,47,evt_S-61_desk_work_surface_0009,ddae060e7fec4511,pose_hand_context,,57484.9,2.67,,1,cam12/e1/v1,rtmpose_baseline
full,03.CCTV Mobile Usage.mkv,632de9ed55947761d56d4c6142a3cb1a1fe69d0b1a6d0e01a2e404c697962623,dfine_sahi,161067.0,phone,0.2706,180.38,365.86,192.24,378.1,145.1,11.86,12.24,0.969,False,,True,S-61,47,evt_S-61_desk_work_surface_0009,ddae060e7fec4511,pose_hand_context,,57484.9,2.67,,1,cam12/e1/v1,rtmpose_baseline
full,03.CCTV Mobile Usage.mkv,632de9ed55947761d56d4c6142a3cb1a1fe69d0b1a6d0e01a2e404c697962623,dfine_sahi,161067.0,bag,0.2574,42.69,341.23,156.08,459.11,13365.9,113.39,117.88,0.962,False,,True,S-61,47,evt_S-61_desk_work_surface_0009,ddae060e7fec4511,pose_hand_context,,57484.9,2.67,,1,cam12/e1/v1,rtmpose_baseline
full,03.CCTV Mobile Usage.mkv,632de9ed55947761d56d4c6142a3cb1a1fe69d0b1a6d0e01a2e404c697962623,dfine_sahi,161567.0,unknown_object,0.7603,44.04,430.5,174.89,560.24,16976.5,130.85,129.74,1.009,False,,True,S-61,47,evt_S-61_desk_work_surface_0009,11ed36a95f7418c3,pose_hand_context,,53768.3,2.76,,1,cam12/e1/v1,rtmpose_baseline
full,03.CCTV Mobile Usage.mkv,632de9ed55947761d56d4c6142a3cb1a1fe69d0b1a6d0e01a2e404c697962623,dfine_sahi,161567.0,unknown_object,0.6216,44.17,329.18,174.67,457.59,16758.1,130.5,128.41,1.016,False,,True,S-61,47,evt_S-61_desk_work_surface_0009,11ed36a95f7418c3,pose_hand_context,,53768.3,2.76,,1,cam12/e1/v1,rtmpose_baseline
full,03.CCTV Mobile Usage.mkv,632de9ed55947761d56d4c6142a3cb1a1fe69d0b1a6d0e01a2e404c697962623,dfine_sahi,161567.0,unknown_object,0.528,145.89,430.14,275.98,560.17,16915.7,130.09,130.04,1.0,False,,True,S-61,47,evt_S-61_desk_work_surface_0009,11ed36a95f7418c3,pose_hand_context,,53768.3,2.76,,1,cam12/e1/v1,rtmpose_baseline
full,03.CCTV Mobile Usage.mkv,632de9ed55947761d56d4c6142a3cb1a1fe69d0b1a6d0e01a2e404c697962623,dfine_sahi,161567.0,bag,0.4496,75.77,382.65,157.17,459.28,6237.2,81.39,76.63,1.062,False,,True,S-61,47,evt_S-61_desk_work_surface_0009,11ed36a95f7418c3,pose_hand_context,,53768.3,2.76,,1,cam12/e1/v1,rtmpose_baseline
full,03.CCTV Mobile Usage.mkv,632de9ed55947761d56d4c6142a3cb1a1fe69d0b1a6d0e01a2e404c697962623,dfine_sahi,161567.0,unknown_object,0.3568,87.83,430.16,174.95,503.1,6354.8,87.12,72.94,1.194,False,,True,S-61,47,evt_S-61_desk_work_surface_0009,11ed36a95f7418c3,pose_hand_context,,53768.3,2.76,,1,cam12/e1/v1,rtmpose_baseline
full,03.CCTV Mobile Usage.mkv,632de9ed55947761d56d4c6142a3cb1a1fe69d0b1a6d0e01a2e404c697962623,dfine_sahi,161567.0,unknown_object,0.35,145.87,441.38,198.09,541.89,5249.7,52.23,100.52,0.52,False,,True,S-61,47,evt_S-61_desk_work_surface_0009,11ed36a95f7418c3,pose_hand_context,,53768.3,2.76,,1,cam12/e1/v1,rtmpose_baseline
full,03.CCTV Mobile Usage.mkv,632de9ed55947761d56d4c6142a3cb1a1fe69d0b1a6d0e01a2e404c697962623,dfine_sahi,161567.0,unknown_object,0.348,146.14,442.47,176.27,459.02,498.5,30.14,16.54,1.822,False,,True,S-61,47,evt_S-61_desk_work_surface_0009,11ed36a95f7418c3,pose_hand_context,,53768.3,2.76,,1,cam12/e1/v1,rtmpose_baseline
full,03.CCTV Mobile Usage.mkv,632de9ed55947761d56d4c6142a3cb1a1fe69d0b1a6d0e01a2e404c697962623,dfine_sahi,161567.0,phone,0.3302,44.0,443.7,71.87,471.26,768.2,27.87,27.56,1.011,False,,True,S-61,47,evt_S-61_desk_work_surface_0009,11ed36a95f7418c3,pose_hand_context,,53768.3,2.76,,1,cam12/e1/v1,rtmpose_baseline
full,03.CCTV Mobile Usage.mkv,632de9ed55947761d56d4c6142a3cb1a1fe69d0b1a6d0e01a2e404c697962623,dfine_sahi,161567.0,unknown_object,0.3278,44.09,329.27,108.03,364.07,2225.1,63.94,34.8,1.837,False,,True,S-61,47,evt_S-61_desk_work_surface_0009,11ed36a95f7418c3,pose_hand_context,,53768.3,2.76,,1,cam12/e1/v1,rtmpose_baseline
full,03.CCTV Mobile Usage.mkv,632de9ed55947761d56d4c6142a3cb1a1fe69d0b1a6d0e01a2e404c697962623,dfine_sahi,161567.0,unknown_object,0.3206,87.99,430.12,150.76,459.63,1852.5,62.77,29.51,2.127,False,,True,S-61,47,evt_S-61_desk_work_surface_0009,11ed36a95f7418c3,pose_hand_context,,53768.3,2.76,,1,cam12/e1/v1,rtmpose_baseline
full,03.CCTV Mobile Usage.mkv,632de9ed55947761d56d4c6142a3cb1a1fe69d0b1a6d0e01a2e404c697962623,dfine_sahi,161567.0,bag,0.3134,44.46,329.76,157.06,459.25,14580.4,112.6,129.49,0.87,False,,True,S-61,47,evt_S-61_desk_work_surface_0009,11ed36a95f7418c3,pose_hand_context,,53768.3,2.76,,1,cam12/e1/v1,rtmpose_baseline
full,03.CCTV Mobile Usage.mkv,632de9ed55947761d56d4c6142a3cb1a1fe69d0b1a6d0e01a2e404c697962623,dfine_sahi,161567.0,stationery,0.3104,151.18,525.3,187.03,542.82,628.5,35.86,17.53,2.046,False,,True,S-61,47,evt_S-61_desk_work_surface_0009,11ed36a95f7418c3,pose_hand_context,,53768.3,2.76,,1,cam12/e1/v1,rtmpose_baseline
full,03.CCTV Mobile Usage.mkv,632de9ed55947761d56d4c6142a3cb1a1fe69d0b1a6d0e01a2e404c697962623,dfine_sahi,161567.0,unknown_object,0.3075,133.84,442.57,174.96,503.63,2510.4,41.12,61.05,0.673,False,,True,S-61,47,evt_S-61_desk_work_surface_0009,11ed36a95f7418c3,pose_hand_context,,53768.3,2.76,,1,cam12/e1/v1,rtmpose_baseline
full,03.CCTV Mobile Usage.mkv,632de9ed55947761d56d4c6142a3cb1a1fe69d0b1a6d0e01a2e404c697962623,dfine_sahi,161567.0,stationery,0.2869,43.99,443.58,71.84,471.59,780.0,27.85,28.0,0.995,False,,True,S-61,47,evt_S-61_desk_work_surface_0009,11ed36a95f7418c3,pose_hand_context,,53768.3,2.76,,1,cam12/e1/v1,rtmpose_baseline
full,03.CCTV Mobile Usage.mkv,632de9ed55947761d56d4c6142a3cb1a1fe69d0b1a6d0e01a2e404c697962623,dfine_sahi,161567.0,stationery,0.2677,44.13,487.87,194.94,560.36,10931.5,150.81,72.49,2.081,False,,True,S-61,47,evt_S-61_desk_work_surface_0009,11ed36a95f7418c3,pose_hand_context,,53768.3,2.76,,1,cam12/e1/v1,rtmpose_baseline
full,03.CCTV Mobile Usage.mkv,632de9ed55947761d56d4c6142a3cb1a1fe69d0b1a6d0e01a2e404c697962623,dfine_sahi,161567.0,unknown_object,0.257,145.94,430.28,185.56,496.31,2615.6,39.62,66.02,0.6,False,,True,S-61,47,evt_S-61_desk_work_surface_0009,11ed36a95f7418c3,pose_hand_context,,53768.3,2.76,,1,cam12/e1/v1,rtmpose_baseline
full,03.CCTV Mobile Usage.mkv,632de9ed55947761d56d4c6142a3cb1a1fe69d0b1a6d0e01a2e404c697962623,dfine_sahi,162067.0,unknown_object,0.7687,61.93,421.22,166.04,525.49,10857.0,104.12,104.28,0.998,False,,True,S-61,47,evt_S-61_desk_work_surface_0009,6b22d0f8c4e103be,pose_hand_context,,34566.2,3.44,,1,cam12/e1/v1,rtmpose_baseline
full,03.CCTV Mobile Usage.mkv,632de9ed55947761d56d4c6142a3cb1a1fe69d0b1a6d0e01a2e404c697962623,dfine_sahi,162067.0,unknown_object,0.6025,174.58,409.38,208.46,444.7,1196.4,33.88,35.31,0.959,False,,True,S-61,47,evt_S-61_desk_work_surface_0009,6b22d0f8c4e103be,pose_hand_context,,34566.2,3.44,,1,cam12/e1/v1,rtmpose_baseline
full,03.CCTV Mobile Usage.mkv,632de9ed55947761d56d4c6142a3cb1a1fe69d0b1a6d0e01a2e404c697962623,dfine_sahi,162067.0,unknown_object,0.5335,142.99,446.52,176.25,488.92,1410.0,33.26,42.4,0.784,False,,True,S-61,47,evt_S-61_desk_work_surface_0009,6b22d0f8c4e103be,pose_hand_context,,34566.2,3.44,,1,cam12/e1/v1,rtmpose_baseline
full,03.CCTV Mobile Usage.mkv,632de9ed55947761d56d4c6142a3cb1a1fe69d0b1a6d0e01a2e404c697962623,dfine_sahi,162067.0,unknown_object,0.4681,81.28,421.1,166.05,462.89,3542.2,84.78,41.78,2.029,False,,True,S-61,47,evt_S-61_desk_work_surface_0009,6b22d0f8c4e103be,pose_hand_context,,34566.2,3.44,,1,cam12/e1/v1,rtmpose_baseline
full,03.CCTV Mobile Usage.mkv,632de9ed55947761d56d4c6142a3cb1a1fe69d0b1a6d0e01a2e404c697962623,dfine_sahi,162067.0,unknown_object,0.4157,62.05,341.38,192.45,524.7,23906.3,130.4,183.33,0.711,False,,True,S-61,47,evt_S-61_desk_work_surface_0009,6b22d0f8c4e103be,pose_hand_context,,34566.2,3.44,,1,cam12/e1/v1,rtmpose_baseline
full,03.CCTV Mobile Usage.mkv,632de9ed55947761d56d4c6142a3cb1a1fe69d0b1a6d0e01a2e404c697962623,dfine_sahi,162067.0,unknown_object,0.3497,173.88,421.24,247.96,525.33,7710.4,74.08,104.09,0.712,False,,True,S-61,47,evt_S-61_desk_work_surface_0009,6b22d0f8c4e103be,pose_hand_context,,34566.2,3.44,,1,cam12/e1/v1,rtmpose_baseline
full,03.CCTV Mobile Usage.mkv,632de9ed55947761d56d4c6142a3cb1a1fe69d0b1a6d0e01a2e404c697962623,dfine_sahi,162067.0,unknown_object,0.2824,175.28,421.17,208.76,483.43,2084.4,33.48,62.26,0.538,False,,True,S-61,47,evt_S-61_desk_work_surface_0009,6b22d0f8c4e103be,pose_hand_context,,34566.2,3.44,,1,cam12/e1/v1,rtmpose_baseline
full,03.CCTV Mobile Usage.mkv,632de9ed55947761d56d4c6142a3cb1a1fe69d0b1a6d0e01a2e404c697962623,dfine_sahi,162067.0,unknown_object,0.2605,143.08,397.32,163.17,427.54,607.1,20.09,30.21,0.665,False,,True,S-61,47,evt_S-61_desk_work_surface_0009,6b22d0f8c4e103be,pose_hand_context,,34566.2,3.44,,1,cam12/e1/v1,rtmpose_baseline
full,03.CCTV Mobile Usage.mkv,632de9ed55947761d56d4c6142a3cb1a1fe69d0b1a6d0e01a2e404c697962623,dfine_sahi,162067.0,unknown_object,0.2573,239.47,399.14,248.0,425.53,225.0,8.52,26.39,0.323,False,,True,S-61,47,evt_S-61_desk_work_surface_0009,6b22d0f8c4e103be,pose_hand_context,,34566.2,3.44,,1,cam12/e1/v1,rtmpose_baseline
full,03.CCTV Mobile Usage.mkv,632de9ed55947761d56d4c6142a3cb1a1fe69d0b1a6d0e01a2e404c697962623,dfine_sahi,162567.0,unknown_object,0.721,46.07,337.18,153.9,442.32,11338.2,107.83,105.15,1.026,False,,True,S-61,47,evt_S-61_desk_work_surface_0009,ced9094586e933d7,pose_hand_context,,36963.9,3.33,,1,cam12/e1/v1,rtmpose_baseline
full,03.CCTV Mobile Usage.mkv,632de9ed55947761d56d4c6142a3cb1a1fe69d0b1a6d0e01a2e404c697962623,dfine_sahi,162567.0,unknown_object,0.691,92.94,422.26,153.95,471.18,2984.5,61.01,48.92,1.247,False,,True,S-61,47,evt_S-61_desk_work_surface_0009,ced9094586e933d7,pose_hand_context,,36963.9,3.33,,1,cam12/e1/v1,rtmpose_baseline
full,03.CCTV Mobile Usage.mkv,632de9ed55947761d56d4c6142a3cb1a1fe69d0b1a6d0e01a2e404c697962623,dfine_sahi,162567.0,stationery,0.4587,45.99,443.04,71.85,470.93,721.4,25.86,27.89,0.927,False,,True,S-61,47,evt_S-61_desk_work_surface_0009,ced9094586e933d7,pose_hand_context,,36963.9,3.33,,1,cam12/e1/v1,rtmpose_baseline
full,03.CCTV Mobile Usage.mkv,632de9ed55947761d56d4c6142a3cb1a1fe69d0b1a6d0e01a2e404c697962623,dfine_sahi,162567.0,unknown_object,0.4519,46.04,421.35,153.95,528.38,11550.3,107.91,107.03,1.008,False,,True,S-61,47,evt_S-61_desk_work_surface_0009,ced9094586e933d7,pose_hand_context,,36963.9,3.33,,1,cam12/e1/v1,rtmpose_baseline
full,03.CCTV Mobile Usage.mkv,632de9ed55947761d56d4c6142a3cb1a1fe69d0b1a6d0e01a2e404c697962623,dfine_sahi,162567.0,unknown_object,0.4204,46.11,337.7,185.75,527.7,26531.0,139.64,190.0,0.735,False,,True,S-61,47,evt_S-61_desk_work_surface_0009,ced9094586e933d7,pose_hand_context,,36963.9,3.33,,1,cam12/e1/v1,rtmpose_baseline
full,03.CCTV Mobile Usage.mkv,632de9ed55947761d56d4c6142a3cb1a1fe69d0b1a6d0e01a2e404c697962623,dfine_sahi,162567.0,unknown_object,0.3522,170.49,421.52,237.98,528.16,7197.0,67.49,106.64,0.633,False,,True,S-61,47,evt_S-61_desk_work_surface_0009,ced9094586e933d7,pose_hand_context,,36963.9,3.33,,1,cam12/e1/v1,rtmpose_baseline
full,03.CCTV Mobile Usage.mkv,632de9ed55947761d56d4c6142a3cb1a1fe69d0b1a6d0e01a2e404c697962623,dfine_sahi,162567.0,unknown_object,0.3408,81.14,421.06,153.59,441.2,1459.3,72.45,20.14,3.597,False,,True,S-61,47,evt_S-61_desk_work_surface_0009,ced9094586e933d7,pose_hand_context,,36963.9,3.33,,1,cam12/e1/v1,rtmpose_baseline
full,03.CCTV Mobile Usage.mkv,632de9ed55947761d56d4c6142a3cb1a1fe69d0b1a6d0e01a2e404c697962623,dfine_sahi,162567.0,unknown_object,0.3399,130.0,413.3,178.34,444.62,1514.1,48.35,31.32,1.544,False,,True,S-61,47,evt_S-61_desk_work_surface_0009,ced9094586e933d7,pose_hand_context,,36963.9,3.33,,1,cam12/e1/v1,rtmpose_baseline
full,03.CCTV Mobile Usage.mkv,632de9ed55947761d56d4c6142a3cb1a1fe69d0b1a6d0e01a2e404c697962623,dfine_sahi,162567.0,unknown_object,0.3359,46.01,491.65,153.92,528.77,4006.3,107.9,37.13,2.906,False,,True,S-61,47,evt_S-61_desk_work_surface_0009,ced9094586e933d7,pose_hand_context,,36963.9,3.33,,1,cam12/e1/v1,rtmpose_baseline
full,03.CCTV Mobile Usage.mkv,632de9ed55947761d56d4c6142a3cb1a1fe69d0b1a6d0e01a2e404c697962623,dfine_sahi,162567.0,unknown_object,0.2658,130.09,405.17,237.95,444.56,4248.9,107.85,39.4,2.738,False,,True,S-61,47,evt_S-61_desk_work_surface_0009,ced9094586e933d7,pose_hand_context,,36963.9,3.33,,1,cam12/e1/v1,rtmpose_baseline
full,03.CCTV Mobile Usage.mkv,632de9ed55947761d56d4c6142a3cb1a1fe69d0b1a6d0e01a2e404c697962623,dfine_sahi,162567.0,unknown_object,0.2654,47.37,509.76,81.41,528.97,653.8,34.04,19.21,1.772,False,,True,S-61,47,evt_S-61_desk_work_surface_0009,ced9094586e933d7,pose_hand_context,,36963.9,3.33,,1,cam12/e1/v1,rtmpose_baseline
full,03.CCTV Mobile Usage.mkv,632de9ed55947761d56d4c6142a3cb1a1fe69d0b1a6d0e01a2e404c697962623,dfine_sahi,163067.0,stationery,0.6441,108.5,469.82,161.29,498.02,1489.0,52.8,28.2,1.872,False,,True,S-61,47,evt_S-61_desk_work_surface_0009,02e5b799b1f5ee2b,pose_hand_context,,27615.8,3.85,,1,cam12/e1/v1,rtmpose_baseline
full,03.CCTV Mobile Usage.mkv,632de9ed55947761d56d4c6142a3cb1a1fe69d0b1a6d0e01a2e404c697962623,dfine_sahi,163067.0,unknown_object,0.5303,68.14,423.34,233.22,588.39,27246.2,165.08,165.05,1.0,False,,True,S-61,47,evt_S-61_desk_work_surface_0009,02e5b799b1f5ee2b,pose_hand_context,,27615.8,3.85,,1,cam12/e1/v1,rtmpose_baseline
full,03.CCTV Mobile Usage.mkv,632de9ed55947761d56d4c6142a3cb1a1fe69d0b1a6d0e01a2e404c697962623,dfine_sahi,163067.0,unknown_object,0.5042,66.0,494.28,161.91,552.34,5568.8,95.91,58.06,1.652,False,,True,S-61,47,evt_S-61_desk_work_surface_0009,02e5b799b1f5ee2b,pose_hand_context,,27615.8,3.85,,1,cam12/e1/v1,rtmpose_baseline
full,03.CCTV Mobile Usage.mkv,632de9ed55947761d56d4c6142a3cb1a1fe69d0b1a6d0e01a2e404c697962623,dfine_sahi,163067.0,unknown_object,0.4416,67.08,470.75,161.86,517.27,4409.6,94.78,46.52,2.037,False,,True,S-61,47,evt_S-61_desk_work_surface_0009,02e5b799b1f5ee2b,pose_hand_context,,27615.8,3.85,,1,cam12/e1/v1,rtmpose_baseline
full,03.CCTV Mobile Usage.mkv,632de9ed55947761d56d4c6142a3cb1a1fe69d0b1a6d0e01a2e404c697962623,dfine_sahi,163067.0,bag,0.3839,163.56,422.18,234.68,516.76,6726.0,71.11,94.58,0.752,False,,True,S-61,47,evt_S-61_desk_work_surface_0009,02e5b799b1f5ee2b,pose_hand_context,,27615.8,3.85,,1,cam12/e1/v1,rtmpose_baseline
full,03.CCTV Mobile Usage.mkv,632de9ed55947761d56d4c6142a3cb1a1fe69d0b1a6d0e01a2e404c697962623,dfine_sahi,163067.0,unknown_object,0.3454,84.81,422.07,161.99,452.72,2364.8,77.17,30.64,2.518,False,,True,S-61,47,evt_S-61_desk_work_surface_0009,02e5b799b1f5ee2b,pose_hand_context,,27615.8,3.85,,1,cam12/e1/v1,rtmpose_baseline
full,03.CCTV Mobile Usage.mkv,632de9ed55947761d56d4c6142a3cb1a1fe69d0b1a6d0e01a2e404c697962623,dfine_sahi,163067.0,unknown_object,0.3355,108.46,494.06,161.97,533.25,2096.8,53.51,39.18,1.366,False,,True,S-61,47,evt_S-61_desk_work_surface_0009,02e5b799b1f5ee2b,pose_hand_context,,27615.8,3.85,,1,cam12/e1/v1,rtmpose_baseline
full,03.CCTV Mobile Usage.mkv,632de9ed55947761d56d4c6142a3cb1a1fe69d0b1a6d0e01a2e404c697962623,dfine_sahi,163067.0,unknown_object,0.3214,65.99,523.58,81.09,552.28,433.3,15.1,28.69,0.526,False,,True,S-61,47,evt_S-61_desk_work_surface_0009,02e5b799b1f5ee2b,pose_hand_context,,27615.8,3.85,,1,cam12/e1/v1,rtmpose_baseline
full,03.CCTV Mobile Usage.mkv,632de9ed55947761d56d4c6142a3cb1a1fe69d0b1a6d0e01a2e404c697962623,dfine_sahi,163067.0,unknown_object,0.2914,66.01,494.95,102.04,552.15,2060.9,36.03,57.2,0.63,False,,True,S-61,47,evt_S-61_desk_work_surface_0009,02e5b799b1f5ee2b,pose_hand_context,,27615.8,3.85,,1,cam12/e1/v1,rtmpose_baseline
full,03.CCTV Mobile Usage.mkv,632de9ed55947761d56d4c6142a3cb1a1fe69d0b1a6d0e01a2e404c697962623,dfine_sahi,163067.0,stationery,0.2749,108.54,469.96,155.45,483.21,621.6,46.91,13.25,3.539,False,,True,S-61,47,evt_S-61_desk_work_surface_0009,02e5b799b1f5ee2b,pose_hand_context,,27615.8,3.85,,1,cam12/e1/v1,rtmpose_baseline
full,03.CCTV Mobile Usage.mkv,632de9ed55947761d56d4c6142a3cb1a1fe69d0b1a6d0e01a2e404c697962623,dfine_sahi,163067.0,unknown_object,0.2712,66.05,494.38,152.35,517.83,2023.8,86.3,23.45,3.68,False,,True,S-61,47,evt_S-61_desk_work_surface_0009,02e5b799b1f5ee2b,pose_hand_context,,27615.8,3.85,,1,cam12/e1/v1,rtmpose_baseline
full,03.CCTV Mobile Usage.mkv,632de9ed55947761d56d4c6142a3cb1a1fe69d0b1a6d0e01a2e404c697962623,dfine_sahi,163067.0,unknown_object,0.2566,66.06,432.64,161.95,485.96,5112.7,95.89,53.32,1.798,False,,True,S-61,47,evt_S-61_desk_work_surface_0009,02e5b799b1f5ee2b,pose_hand_context,,27615.8,3.85,,1,cam12/e1/v1,rtmpose_baseline
full,03.CCTV Mobile Usage.mkv,632de9ed55947761d56d4c6142a3cb1a1fe69d0b1a6d0e01a2e404c697962623,dfine_sahi,163067.0,unknown_object,0.2516,139.0,422.19,234.93,517.58,9150.6,95.93,95.39,1.006,False,,True,S-61,47,evt_S-61_desk_work_surface_0009,02e5b799b1f5ee2b,pose_hand_context,,27615.8,3.85,,1,cam12/e1/v1,rtmpose_baseline
full,03.CCTV Mobile Usage.mkv,632de9ed55947761d56d4c6142a3cb1a1fe69d0b1a6d0e01a2e404c697962623,dfine_sahi,163567.0,unknown_object,0.6197,64.06,415.26,159.92,510.28,9108.1,95.86,95.02,1.009,False,,True,S-61,47,evt_S-61_desk_work_surface_0009,1f396cf18f0c2c26,pose_hand_context,,26250.5,3.95,,1,cam12/e1/v1,rtmpose_baseline
full,03.CCTV Mobile Usage.mkv,632de9ed55947761d56d4c6142a3cb1a1fe69d0b1a6d0e01a2e404c697962623,dfine_sahi,163567.0,unknown_object,0.5336,64.02,493.17,159.87,579.71,8295.3,95.85,86.55,1.107,False,,True,S-61,47,evt_S-61_desk_work_surface_0009,1f396cf18f0c2c26,pose_hand_context,,26250.5,3.95,,1,cam12/e1/v1,rtmpose_baseline
full,03.CCTV Mobile Usage.mkv,632de9ed55947761d56d4c6142a3cb1a1fe69d0b1a6d0e01a2e404c697962623,dfine_sahi,163567.0,unknown_object,0.4595,174.15,415.2,230.61,509.74,5338.0,56.47,94.53,0.597,False,,True,S-61,47,evt_S-61_desk_work_surface_0009,1f396cf18f0c2c26,pose_hand_context,,26250.5,3.95,,1,cam12/e1/v1,rtmpose_baseline
full,03.CCTV Mobile Usage.mkv,632de9ed55947761d56d4c6142a3cb1a1fe69d0b1a6d0e01a2e404c697962623,dfine_sahi,163567.0,unknown_object,0.4374,134.99,415.14,176.62,453.37,1591.4,41.63,38.23,1.089,False,,True,S-61,47,evt_S-61_desk_work_surface_0009,1f396cf18f0c2c26,pose_hand_context,,26250.5,3.95,,1,cam12/e1/v1,rtmpose_baseline
full,03.CCTV Mobile Usage.mkv,632de9ed55947761d56d4c6142a3cb1a1fe69d0b1a6d0e01a2e404c697962623,dfine_sahi,163567.0,unknown_object,0.4063,64.0,522.53,80.55,553.11,506.2,16.55,30.58,0.541,False,,True,S-61,47,evt_S-61_desk_work_surface_0009,1f396cf18f0c2c26,pose_hand_context,,26250.5,3.95,,1,cam12/e1/v1,rtmpose_baseline
full,03.CCTV Mobile Usage.mkv,632de9ed55947761d56d4c6142a3cb1a1fe69d0b1a6d0e01a2e404c697962623,dfine_sahi,163567.0,unknown_object,0.3853,86.61,415.65,159.95,454.65,2860.1,73.34,39.0,1.88,False,,True,S-61,47,evt_S-61_desk_work_surface_0009,1f396cf18f0c2c26,pose_hand_context,,26250.5,3.95,,1,cam12/e1/v1,rtmpose_baseline
full,03.CCTV Mobile Usage.mkv,632de9ed55947761d56d4c6142a3cb1a1fe69d0b1a6d0e01a2e404c697962623,dfine_sahi,163567.0,unknown_object,0.3603,95.13,485.07,159.93,530.38,2936.2,64.8,45.31,1.43,False,,True,S-61,47,evt_S-61_desk_work_surface_0009,1f396cf18f0c2c26,pose_hand_context,,26250.5,3.95,,1,cam12/e1/v1,rtmpose_baseline
full,03.CCTV Mobile Usage.mkv,632de9ed55947761d56d4c6142a3cb1a1fe69d0b1a6d0e01a2e404c697962623,dfine_sahi,163567.0,bag,0.3468,162.78,417.18,228.95,516.85,6594.3,66.16,99.67,0.664,False,,True,S-61,47,evt_S-61_desk_work_surface_0009,1f396cf18f0c2c26,pose_hand_context,,26250.5,3.95,,1,cam12/e1/v1,rtmpose_baseline
full,03.CCTV Mobile Usage.mkv,632de9ed55947761d56d4c6142a3cb1a1fe69d0b1a6d0e01a2e404c697962623,dfine_sahi,163567.0,unknown_object,0.3455,134.98,485.18,230.9,580.48,9140.6,95.92,95.3,1.007,False,,True,S-61,47,evt_S-61_desk_work_surface_0009,1f396cf18f0c2c26,pose_hand_context,,26250.5,3.95,,1,cam12/e1/v1,rtmpose_baseline
full,03.CCTV Mobile Usage.mkv,632de9ed55947761d56d4c6142a3cb1a1fe69d0b1a6d0e01a2e404c697962623,dfine_sahi,163567.0,unknown_object,0.3217,135.0,448.3,204.76,510.7,4352.2,69.75,62.39,1.118,False,,True,S-61,47,evt_S-61_desk_work_surface_0009,1f396cf18f0c2c26,pose_hand_context,,26250.5,3.95,,1,cam12/e1/v1,rtmpose_baseline
full,03.CCTV Mobile Usage.mkv,632de9ed55947761d56d4c6142a3cb1a1fe69d0b1a6d0e01a2e404c697962623,dfine_sahi,163567.0,unknown_object,0.3015,67.08,417.38,228.74,578.33,26018.4,161.66,160.95,1.004,False,,True,S-61,47,evt_S-61_desk_work_surface_0009,1f396cf18f0c2c26,pose_hand_context,,26250.5,3.95,,1,cam12/e1/v1,rtmpose_baseline
full,03.CCTV Mobile Usage.mkv,632de9ed55947761d56d4c6142a3cb1a1fe69d0b1a6d0e01a2e404c697962623,dfine_sahi,163567.0,unknown_object,0.2731,137.79,447.27,173.7,487.17,1433.0,35.92,39.9,0.9,False,,True,S-61,47,evt_S-61_desk_work_surface_0009,1f396cf18f0c2c26,pose_hand_context,,26250.5,3.95,,1,cam12/e1/v1,rtmpose_baseline
full,03.CCTV Mobile Usage.mkv,632de9ed55947761d56d4c6142a3cb1a1fe69d0b1a6d0e01a2e404c697962623,dfine_sahi,163567.0,keyboard,0.9136,962.14,452.0,1068.01,491.45,4176.5,105.87,39.45,2.684,False,,True,R-desk,48,evt_S-61_desk_work_surface_0009,32b15cb5482c05fc,lap_bag_context,no_pose_observation,34560.0,1.33,,1,cam12/e1/v1,
full,03.CCTV Mobile Usage.mkv,632de9ed55947761d56d4c6142a3cb1a1fe69d0b1a6d0e01a2e404c697962623,dfine_sahi,163567.0,monitor_or_bezel,0.791,910.23,411.28,1141.67,506.34,22000.3,231.43,95.06,2.435,False,,True,R-desk,48,evt_S-61_desk_work_surface_0009,32b15cb5482c05fc,lap_bag_context,no_pose_observation,34560.0,1.33,,1,cam12/e1/v1,
full,03.CCTV Mobile Usage.mkv,632de9ed55947761d56d4c6142a3cb1a1fe69d0b1a6d0e01a2e404c697962623,dfine_sahi,163567.0,phone,0.7309,1043.45,421.7,1112.11,473.72,3571.6,68.66,52.02,1.32,False,,True,R-desk,48,evt_S-61_desk_work_surface_0009,32b15cb5482c05fc,lap_bag_context,no_pose_observation,34560.0,1.33,,1,cam12/e1/v1,
full,03.CCTV Mobile Usage.mkv,632de9ed55947761d56d4c6142a3cb1a1fe69d0b1a6d0e01a2e404c697962623,dfine_sahi,163567.0,monitor_or_bezel,0.6784,1018.89,395.84,1145.65,447.8,6585.6,126.76,51.95,2.44,False,,True,R-desk,48,evt_S-61_desk_work_surface_0009,32b15cb5482c05fc,lap_bag_context,no_pose_observation,34560.0,1.33,,1,cam12/e1/v1,
full,03.CCTV Mobile Usage.mkv,632de9ed55947761d56d4c6142a3cb1a1fe69d0b1a6d0e01a2e404c697962623,dfine_sahi,163567.0,monitor_or_bezel,0.648,708.34,379.87,969.59,474.8,24802.0,261.25,94.93,2.752,False,,True,R-desk,48,evt_S-61_desk_work_surface_0009,32b15cb5482c05fc,lap_bag_context,no_pose_observation,34560.0,1.33,,1,cam12/e1/v1,
full,03.CCTV Mobile Usage.mkv,632de9ed55947761d56d4c6142a3cb1a1fe69d0b1a6d0e01a2e404c697962623,dfine_sahi,163567.0,keyboard,0.626,772.25,380.21,870.91,420.36,3960.9,98.66,40.15,2.458,False,,True,R-desk,48,evt_S-61_desk_work_surface_0009,32b15cb5482c05fc,lap_bag_context,no_pose_observation,34560.0,1.33,,1,cam12/e1/v1,
full,03.CCTV Mobile Usage.mkv,632de9ed55947761d56d4c6142a3cb1a1fe69d0b1a6d0e01a2e404c697962623,dfine_sahi,163567.0,keyboard,0.6198,962.8,452.34,1034.33,475.53,1659.1,71.53,23.19,3.084,False,,True,R-desk,48,evt_S-61_desk_work_surface_0009,32b15cb5482c05fc,lap_bag_context,no_pose_observation,34560.0,1.33,,1,cam12/e1/v1,
full,03.CCTV Mobile Usage.mkv,632de9ed55947761d56d4c6142a3cb1a1fe69d0b1a6d0e01a2e404c697962623,dfine_sahi,163567.0,unknown_object,0.5883,699.89,396.15,851.77,492.18,14585.2,151.88,96.03,1.582,False,,True,R-desk,48,evt_S-61_desk_work_surface_0009,32b15cb5482c05fc,lap_bag_context,no_pose_observation,34560.0,1.33,,1,cam12/e1/v1,
full,03.CCTV Mobile Usage.mkv,632de9ed55947761d56d4c6142a3cb1a1fe69d0b1a6d0e01a2e404c697962623,dfine_sahi,163567.0,mouse,0.5882,864.98,413.7,891.38,435.2,567.7,26.4,21.5,1.228,False,,True,R-desk,48,evt_S-61_desk_work_surface_0009,32b15cb5482c05fc,lap_bag_context,no_pose_observation,34560.0,1.33,,1,cam12/e1/v1,
full,03.CCTV Mobile Usage.mkv,632de9ed55947761d56d4c6142a3cb1a1fe69d0b1a6d0e01a2e404c697962623,dfine_sahi,163567.0,monitor_or_bezel,0.5797,962.67,380.49,1153.01,474.92,17972.2,190.34,94.42,2.016,False,,True,R-desk,48,evt_S-61_desk_work_surface_0009,32b15cb5482c05fc,lap_bag_context,no_pose_observation,34560.0,1.33,,1,cam12/e1/v1,
full,03.CCTV Mobile Usage.mkv,632de9ed55947761d56d4c6142a3cb1a1fe69d0b1a6d0e01a2e404c697962623,dfine_sahi,163567.0,keyboard,0.5182,802.64,396.3,870.6,420.6,1651.1,67.95,24.3,2.797,False,,True,R-desk,48,evt_S-61_desk_work_surface_0009,32b15cb5482c05fc,lap_bag_context,no_pose_observation,34560.0,1.33,,1,cam12/e1/v1,
full,03.CCTV Mobile Usage.mkv,632de9ed55947761d56d4c6142a3cb1a1fe69d0b1a6d0e01a2e404c697962623,dfine_sahi,163567.0,unknown_object,0.4948,700.06,396.11,763.17,491.69,6032.8,63.12,95.58,0.66,False,,True,R-desk,48,evt_S-61_desk_work_surface_0009,32b15cb5482c05fc,lap_bag_context,no_pose_observation,34560.0,1.33,,1,cam12/e1/v1,
full,03.CCTV Mobile Usage.mkv,632de9ed55947761d56d4c6142a3cb1a1fe69d0b1a6d0e01a2e404c697962623,dfine_sahi,163567.0,keyboard,0.4379,910.08,411.16,1091.79,506.16,17261.1,181.71,94.99,1.913,False,,True,R-desk,48,evt_S-61_desk_work_surface_0009,32b15cb5482c05fc,lap_bag_context,no_pose_observation,34560.0,1.33,,1,cam12/e1/v1,
full,03.CCTV Mobile Usage.mkv,632de9ed55947761d56d4c6142a3cb1a1fe69d0b1a6d0e01a2e404c697962623,dfine_sahi,163567.0,unknown_object,0.431,767.94,410.99,969.78,505.97,19170.3,201.84,94.98,2.125,False,,True,R-desk,48,evt_S-61_desk_work_surface_0009,32b15cb5482c05fc,lap_bag_context,no_pose_observation,34560.0,1.33,,1,cam12/e1/v1,
full,03.CCTV Mobile Usage.mkv,632de9ed55947761d56d4c6142a3cb1a1fe69d0b1a6d0e01a2e404c697962623,dfine_sahi,163567.0,mouse,0.3343,967.01,398.38,992.16,410.59,306.9,25.15,12.21,2.06,False,,True,R-desk,48,evt_S-61_desk_work_surface_0009,32b15cb5482c05fc,lap_bag_context,no_pose_observation,34560.0,1.33,,1,cam12/e1/v1,
full,03.CCTV Mobile Usage.mkv,632de9ed55947761d56d4c6142a3cb1a1fe69d0b1a6d0e01a2e404c697962623,dfine_sahi,163567.0,phone,0.2997,1052.41,411.4,1139.73,446.92,3101.6,87.32,35.52,2.458,False,,True,R-desk,48,evt_S-61_desk_work_surface_0009,32b15cb5482c05fc,lap_bag_context,no_pose_observation,34560.0,1.33,,1,cam12/e1/v1,
full,03.CCTV Mobile Usage.mkv,632de9ed55947761d56d4c6142a3cb1a1fe69d0b1a6d0e01a2e404c697962623,dfine_sahi,163567.0,keyboard,0.2969,963.85,388.93,1106.11,474.77,12211.6,142.25,85.84,1.657,False,,True,R-desk,48,evt_S-61_desk_work_surface_0009,32b15cb5482c05fc,lap_bag_context,no_pose_observation,34560.0,1.33,,1,cam12/e1/v1,
full,03.CCTV Mobile Usage.mkv,632de9ed55947761d56d4c6142a3cb1a1fe69d0b1a6d0e01a2e404c697962623,dfine_sahi,163567.0,mouse,0.2758,990.58,399.4,1026.38,413.43,502.3,35.8,14.03,2.551,False,,True,R-desk,48,evt_S-61_desk_work_surface_0009,32b15cb5482c05fc,lap_bag_context,no_pose_observation,34560.0,1.33,,1,cam12/e1/v1,
full,03.CCTV Mobile Usage.mkv,632de9ed55947761d56d4c6142a3cb1a1fe69d0b1a6d0e01a2e404c697962623,dfine_sahi,163567.0,monitor_or_bezel,0.2584,881.3,396.16,948.74,452.59,3805.1,67.43,56.43,1.195,False,,True,R-desk,48,evt_S-61_desk_work_surface_0009,32b15cb5482c05fc,lap_bag_context,no_pose_observation,34560.0,1.33,,1,cam12/e1/v1,
full,03.CCTV Mobile Usage.mkv,632de9ed55947761d56d4c6142a3cb1a1fe69d0b1a6d0e01a2e404c697962623,dfine_sahi,164067.0,unknown_object,0.5827,46.07,486.93,141.76,557.49,6752.3,95.69,70.57,1.356,False,,True,S-61,47,evt_S-61_desk_work_surface_0009,b97de9aa69e74436,pose_hand_context,,24304.8,4.11,,1,cam12/e1/v1,rtmpose_baseline
full,03.CCTV Mobile Usage.mkv,632de9ed55947761d56d4c6142a3cb1a1fe69d0b1a6d0e01a2e404c697962623,dfine_sahi,164067.0,unknown_object,0.5125,47.0,462.08,141.91,515.81,5099.2,94.91,53.73,1.767,False,,True,S-61,47,evt_S-61_desk_work_surface_0009,b97de9aa69e74436,pose_hand_context,,24304.8,4.11,,1,cam12/e1/v1,rtmpose_baseline
full,03.CCTV Mobile Usage.mkv,632de9ed55947761d56d4c6142a3cb1a1fe69d0b1a6d0e01a2e404c697962623,dfine_sahi,164067.0,unknown_object,0.3934,142.97,447.5,175.06,484.08,1174.1,32.1,36.58,0.877,False,,True,S-61,47,evt_S-61_desk_work_surface_0009,b97de9aa69e74436,pose_hand_context,,24304.8,4.11,,1,cam12/e1/v1,rtmpose_baseline
full,03.CCTV Mobile Usage.mkv,632de9ed55947761d56d4c6142a3cb1a1fe69d0b1a6d0e01a2e404c697962623,dfine_sahi,164067.0,unknown_object,0.373,46.84,417.47,141.92,489.7,6867.4,95.08,72.23,1.316,False,,True,S-61,47,evt_S-61_desk_work_surface_0009,b97de9aa69e74436,pose_hand_context,,24304.8,4.11,,1,cam12/e1/v1,rtmpose_baseline
full,03.CCTV Mobile Usage.mkv,632de9ed55947761d56d4c6142a3cb1a1fe69d0b1a6d0e01a2e404c697962623,dfine_sahi,164067.0,stationery,0.3375,48.26,522.54,80.73,557.18,1124.9,32.47,34.64,0.937,False,,True,S-61,47,evt_S-61_desk_work_surface_0009,b97de9aa69e74436,pose_hand_context,,24304.8,4.11,,1,cam12/e1/v1,rtmpose_baseline
full,03.CCTV Mobile Usage.mkv,632de9ed55947761d56d4c6142a3cb1a1fe69d0b1a6d0e01a2e404c697962623,dfine_sahi,164067.0,unknown_object,0.2957,114.06,394.34,209.82,489.61,9124.4,95.77,95.28,1.005,False,,True,S-61,47,evt_S-61_desk_work_surface_0009,b97de9aa69e74436,pose_hand_context,,24304.8,4.11,,1,cam12/e1/v1,rtmpose_baseline
full,03.CCTV Mobile Usage.mkv,632de9ed55947761d56d4c6142a3cb1a1fe69d0b1a6d0e01a2e404c697962623,dfine_sahi,164067.0,unknown_object,0.265,113.98,462.11,209.99,557.52,9159.7,96.01,95.4,1.006,False,,True,S-61,47,evt_S-61_desk_work_surface_0009,b97de9aa69e74436,pose_hand_context,,24304.8,4.11,,1,cam12/e1/v1,rtmpose_baseline
full,03.CCTV Mobile Usage.mkv,632de9ed55947761d56d4c6142a3cb1a1fe69d0b1a6d0e01a2e404c697962623,dfine_sahi,164067.0,unknown_object,0.2592,114.05,405.23,178.28,450.31,2895.2,64.23,45.08,1.425,False,,True,S-61,47,evt_S-61_desk_work_surface_0009,b97de9aa69e74436,pose_hand_context,,24304.8,4.11,,1,cam12/e1/v1,rtmpose_baseline
full,03.CCTV Mobile Usage.mkv,632de9ed55947761d56d4c6142a3cb1a1fe69d0b1a6d0e01a2e404c697962623,dfine_sahi,164067.0,unknown_object,0.2537,171.88,395.44,209.81,489.39,3563.5,37.93,93.95,0.404,False,,True,S-61,47,evt_S-61_desk_work_surface_0009,b97de9aa69e74436,pose_hand_context,,24304.8,4.11,,1,cam12/e1/v1,rtmpose_baseline
full,03.CCTV Mobile Usage.mkv,632de9ed55947761d56d4c6142a3cb1a1fe69d0b1a6d0e01a2e404c697962623,dfine_sahi,164567.0,unknown_object,0.6603,52.14,419.07,211.47,592.95,27705.1,159.33,173.88,0.916,False,,True,S-61,47,evt_S-61_desk_work_surface_0009,1d121b800b98ded5,pose_hand_context,,30597.0,3.66,,1,cam12/e1/v1,rtmpose_baseline
full,03.CCTV Mobile Usage.mkv,632de9ed55947761d56d4c6142a3cb1a1fe69d0b1a6d0e01a2e404c697962623,dfine_sahi,164567.0,unknown_object,0.5558,52.06,506.57,86.43,553.22,1603.7,34.38,46.65,0.737,False,,True,S-61,47,evt_S-61_desk_work_surface_0009,1d121b800b98ded5,pose_hand_context,,30597.0,3.66,,1,cam12/e1/v1,rtmpose_baseline
full,03.CCTV Mobile Usage.mkv,632de9ed55947761d56d4c6142a3cb1a1fe69d0b1a6d0e01a2e404c697962623,dfine_sahi,164567.0,unknown_object,0.4516,52.0,419.28,150.94,517.42,9709.8,98.94,98.14,1.008,False,,True,S-61,47,evt_S-61_desk_work_surface_0009,1d121b800b98ded5,pose_hand_context,,30597.0,3.66,,1,cam12/e1/v1,rtmpose_baseline
full,03.CCTV Mobile Usage.mkv,632de9ed55947761d56d4c6142a3cb1a1fe69d0b1a6d0e01a2e404c697962623,dfine_sahi,164567.0,stationery,0.4504,52.01,443.57,71.59,471.5,547.0,19.59,27.93,0.701,False,,True,S-61,47,evt_S-61_desk_work_surface_0009,1d121b800b98ded5,pose_hand_context,,30597.0,3.66,,1,cam12/e1/v1,rtmpose_baseline
full,03.CCTV Mobile Usage.mkv,632de9ed55947761d56d4c6142a3cb1a1fe69d0b1a6d0e01a2e404c697962623,dfine_sahi,164567.0,unknown_object,0.4242,52.02,496.42,150.69,554.65,5745.7,98.67,58.23,1.694,False,,True,S-61,47,evt_S-61_desk_work_surface_0009,1d121b800b98ded5,pose_hand_context,,30597.0,3.66,,1,cam12/e1/v1,rtmpose_baseline
full,03.CCTV Mobile Usage.mkv,632de9ed55947761d56d4c6142a3cb1a1fe69d0b1a6d0e01a2e404c697962623,dfine_sahi,164567.0,unknown_object,0.4186,82.03,419.1,150.94,453.83,2393.0,68.91,34.73,1.984,False,,True,S-61,47,evt_S-61_desk_work_surface_0009,1d121b800b98ded5,pose_hand_context,,30597.0,3.66,,1,cam12/e1/v1,rtmpose_baseline
full,03.CCTV Mobile Usage.mkv,632de9ed55947761d56d4c6142a3cb1a1fe69d0b1a6d0e01a2e404c697962623,dfine_sahi,164567.0,unknown_object,0.3839,168.61,419.15,226.89,517.18,5712.7,58.28,98.03,0.595,False,,True,S-61,47,evt_S-61_desk_work_surface_0009,1d121b800b98ded5,pose_hand_context,,30597.0,3.66,,1,cam12/e1/v1,rtmpose_baseline
full,03.CCTV Mobile Usage.mkv,632de9ed55947761d56d4c6142a3cb1a1fe69d0b1a6d0e01a2e404c697962623,dfine_sahi,164567.0,unknown_object,0.3339,128.98,496.55,212.36,593.65,8096.7,83.38,97.1,0.859,False,,True,S-61,47,evt_S-61_desk_work_surface_0009,1d121b800b98ded5,pose_hand_context,,30597.0,3.66,,1,cam12/e1/v1,rtmpose_baseline
full,03.CCTV Mobile Usage.mkv,632de9ed55947761d56d4c6142a3cb1a1fe69d0b1a6d0e01a2e404c697962623,dfine_sahi,164567.0,stationery,0.3131,105.9,435.14,161.36,500.79,3640.6,55.46,65.65,0.845,False,,True,S-61,47,evt_S-61_desk_work_surface_0009,1d121b800b98ded5,pose_hand_context,,30597.0,3.66,,1,cam12/e1/v1,rtmpose_baseline
full,03.CCTV Mobile Usage.mkv,632de9ed55947761d56d4c6142a3cb1a1fe69d0b1a6d0e01a2e404c697962623,dfine_sahi,164567.0,stationery,0.2983,52.04,503.39,93.5,554.65,2124.8,41.46,51.26,0.809,False,,True,S-61,47,evt_S-61_desk_work_surface_0009,1d121b800b98ded5,pose_hand_context,,30597.0,3.66,,1,cam12/e1/v1,rtmpose_baseline
full,03.CCTV Mobile Usage.mkv,632de9ed55947761d56d4c6142a3cb1a1fe69d0b1a6d0e01a2e404c697962623,dfine_sahi,164567.0,unknown_object,0.2927,136.99,442.75,175.57,485.97,1667.2,38.57,43.22,0.892,False,,True,S-61,47,evt_S-61_desk_work_surface_0009,1d121b800b98ded5,pose_hand_context,,30597.0,3.66,,1,cam12/e1/v1,rtmpose_baseline
full,03.CCTV Mobile Usage.mkv,632de9ed55947761d56d4c6142a3cb1a1fe69d0b1a6d0e01a2e404c697962623,dfine_sahi,164567.0,unknown_object,0.277,52.01,461.66,95.98,497.42,1572.2,43.97,35.76,1.229,False,,True,S-61,47,evt_S-61_desk_work_surface_0009,1d121b800b98ded5,pose_hand_context,,30597.0,3.66,,1,cam12/e1/v1,rtmpose_baseline
full,03.CCTV Mobile Usage.mkv,632de9ed55947761d56d4c6142a3cb1a1fe69d0b1a6d0e01a2e404c697962623,dfine_sahi,164567.0,unknown_object,0.2717,52.46,524.46,73.9,552.5,601.3,21.44,28.04,0.765,False,,True,S-61,47,evt_S-61_desk_work_surface_0009,1d121b800b98ded5,pose_hand_context,,30597.0,3.66,,1,cam12/e1/v1,rtmpose_baseline
full,03.CCTV Mobile Usage.mkv,632de9ed55947761d56d4c6142a3cb1a1fe69d0b1a6d0e01a2e404c697962623,dfine_sahi,164567.0,unknown_object,0.2581,64.56,509.24,85.01,543.24,695.5,20.45,34.0,0.602,False,,True,S-61,47,evt_S-61_desk_work_surface_0009,1d121b800b98ded5,pose_hand_context,,30597.0,3.66,,1,cam12/e1/v1,rtmpose_baseline
full,03.CCTV Mobile Usage.mkv,632de9ed55947761d56d4c6142a3cb1a1fe69d0b1a6d0e01a2e404c697962623,dfine_sahi,165067.0,unknown_object,0.5414,51.02,386.28,146.93,481.42,9125.0,95.91,95.14,1.008,False,,True,S-61,47,evt_S-61_desk_work_surface_0009,395543345cad2d74,pose_hand_context,,22807.0,4.24,,1,cam12/e1/v1,rtmpose_baseline
full,03.CCTV Mobile Usage.mkv,632de9ed55947761d56d4c6142a3cb1a1fe69d0b1a6d0e01a2e404c697962623,dfine_sahi,165067.0,unknown_object,0.4796,117.03,410.57,189.82,481.42,5157.0,72.79,70.85,1.027,False,,True,S-61,47,evt_S-61_desk_work_surface_0009,395543345cad2d74,pose_hand_context,,22807.0,4.24,,1,cam12/e1/v1,rtmpose_baseline
full,03.CCTV Mobile Usage.mkv,632de9ed55947761d56d4c6142a3cb1a1fe69d0b1a6d0e01a2e404c697962623,dfine_sahi,165067.0,unknown_object,0.467,143.36,444.65,185.82,480.63,1527.7,42.47,35.97,1.18,False,,True,S-61,47,evt_S-61_desk_work_surface_0009,395543345cad2d74,pose_hand_context,,22807.0,4.24,,1,cam12/e1/v1,rtmpose_baseline
full,03.CCTV Mobile Usage.mkv,632de9ed55947761d56d4c6142a3cb1a1fe69d0b1a6d0e01a2e404c697962623,dfine_sahi,165067.0,bag,0.4066,73.99,392.07,176.71,446.99,5642.0,102.73,54.92,1.87,False,,True,S-61,47,evt_S-61_desk_work_surface_0009,395543345cad2d74,pose_hand_context,,22807.0,4.24,,1,cam12/e1/v1,rtmpose_baseline
full,03.CCTV Mobile Usage.mkv,632de9ed55947761d56d4c6142a3cb1a1fe69d0b1a6d0e01a2e404c697962623,dfine_sahi,165067.0,unknown_object,0.3531,93.9,424.98,146.97,481.34,2991.3,53.07,56.36,0.942,False,,True,S-61,47,evt_S-61_desk_work_surface_0009,395543345cad2d74,pose_hand_context,,22807.0,4.24,,1,cam12/e1/v1,rtmpose_baseline
full,03.CCTV Mobile Usage.mkv,632de9ed55947761d56d4c6142a3cb1a1fe69d0b1a6d0e01a2e404c697962623,dfine_sahi,165067.0,unknown_object,0.3529,51.09,509.51,84.59,547.82,1283.2,33.5,38.3,0.875,False,,True,S-61,47,evt_S-61_desk_work_surface_0009,395543345cad2d74,pose_hand_context,,22807.0,4.24,,1,cam12/e1/v1,rtmpose_baseline
full,03.CCTV Mobile Usage.mkv,632de9ed55947761d56d4c6142a3cb1a1fe69d0b1a6d0e01a2e404c697962623,dfine_sahi,165067.0,unknown_object,0.3493,57.01,392.37,207.62,542.22,22569.5,150.61,149.85,1.005,False,,True,S-61,47,evt_S-61_desk_work_surface_0009,395543345cad2d74,pose_hand_context,,22807.0,4.24,,1,cam12/e1/v1,rtmpose_baseline
full,03.CCTV Mobile Usage.mkv,632de9ed55947761d56d4c6142a3cb1a1fe69d0b1a6d0e01a2e404c697962623,dfine_sahi,165067.0,unknown_object,0.3367,51.08,452.18,146.91,547.42,9127.0,95.84,95.24,1.006,False,,True,S-61,47,evt_S-61_desk_work_surface_0009,395543345cad2d74,pose_hand_context,,22807.0,4.24,,1,cam12/e1/v1,rtmpose_baseline
full,03.CCTV Mobile Usage.mkv,632de9ed55947761d56d4c6142a3cb1a1fe69d0b1a6d0e01a2e404c697962623,dfine_sahi,165067.0,stationery,0.3247,56.99,444.05,72.03,469.35,380.5,15.04,25.29,0.595,False,,True,S-61,47,evt_S-61_desk_work_surface_0009,395543345cad2d74,pose_hand_context,,22807.0,4.24,,1,cam12/e1/v1,rtmpose_baseline
full,03.CCTV Mobile Usage.mkv,632de9ed55947761d56d4c6142a3cb1a1fe69d0b1a6d0e01a2e404c697962623,dfine_sahi,165067.0,unknown_object,0.3234,117.03,386.19,176.32,437.44,3038.0,59.29,51.24,1.157,False,,True,S-61,47,evt_S-61_desk_work_surface_0009,395543345cad2d74,pose_hand_context,,22807.0,4.24,,1,cam12/e1/v1,rtmpose_baseline
full,03.CCTV Mobile Usage.mkv,632de9ed55947761d56d4c6142a3cb1a1fe69d0b1a6d0e01a2e404c697962623,dfine_sahi,165067.0,bag,0.2836,173.82,452.09,212.98,492.07,1565.7,39.16,39.98,0.98,False,,True,S-61,47,evt_S-61_desk_work_surface_0009,395543345cad2d74,pose_hand_context,,22807.0,4.24,,1,cam12/e1/v1,rtmpose_baseline
full,03.CCTV Mobile Usage.mkv,632de9ed55947761d56d4c6142a3cb1a1fe69d0b1a6d0e01a2e404c697962623,dfine_sahi,165067.0,unknown_object,0.2731,144.37,397.98,161.37,409.47,195.4,17.01,11.49,1.481,False,,True,S-61,47,evt_S-61_desk_work_surface_0009,395543345cad2d74,pose_hand_context,,22807.0,4.24,,1,cam12/e1/v1,rtmpose_baseline
full,03.CCTV Mobile Usage.mkv,632de9ed55947761d56d4c6142a3cb1a1fe69d0b1a6d0e01a2e404c697962623,dfine_sahi,165067.0,unknown_object,0.2527,117.08,452.25,212.92,547.37,9115.9,95.84,95.12,1.008,False,,True,S-61,47,evt_S-61_desk_work_surface_0009,395543345cad2d74,pose_hand_context,,22807.0,4.24,,1,cam12/e1/v1,rtmpose_baseline
full,03.CCTV Mobile Usage.mkv,632de9ed55947761d56d4c6142a3cb1a1fe69d0b1a6d0e01a2e404c697962623,dfine_sahi,165567.0,unknown_object,0.6733,114.04,366.22,209.92,451.75,8199.8,95.88,85.52,1.121,False,,True,S-61,47,evt_S-61_desk_work_surface_0009,e9569c5385e099d9,pose_hand_context,,20822.5,4.44,,1,cam12/e1/v1,rtmpose_baseline
full,03.CCTV Mobile Usage.mkv,632de9ed55947761d56d4c6142a3cb1a1fe69d0b1a6d0e01a2e404c697962623,dfine_sahi,165567.0,unknown_object,0.4655,69.68,366.77,147.02,461.31,7312.0,77.34,94.54,0.818,False,,True,S-61,47,evt_S-61_desk_work_surface_0009,e9569c5385e099d9,pose_hand_context,,20822.5,4.44,,1,cam12/e1/v1,rtmpose_baseline
full,03.CCTV Mobile Usage.mkv,632de9ed55947761d56d4c6142a3cb1a1fe69d0b1a6d0e01a2e404c697962623,dfine_sahi,165567.0,unknown_object,0.4151,86.48,429.91,146.94,522.55,5601.8,60.47,92.64,0.653,False,,True,S-61,47,evt_S-61_desk_work_surface_0009,e9569c5385e099d9,pose_hand_context,,20822.5,4.44,,1,cam12/e1/v1,rtmpose_baseline
full,03.CCTV Mobile Usage.mkv,632de9ed55947761d56d4c6142a3cb1a1fe69d0b1a6d0e01a2e404c697962623,dfine_sahi,165567.0,unknown_object,0.3375,114.03,430.67,209.9,461.85,2989.4,95.87,31.18,3.075,False,,True,S-61,47,evt_S-61_desk_work_surface_0009,e9569c5385e099d9,pose_hand_context,,20822.5,4.44,,1,cam12/e1/v1,rtmpose_baseline
full,03.CCTV Mobile Usage.mkv,632de9ed55947761d56d4c6142a3cb1a1fe69d0b1a6d0e01a2e404c697962623,dfine_sahi,165567.0,unknown_object,0.3285,87.69,429.74,146.97,461.76,1898.0,59.28,32.02,1.852,False,,True,S-61,47,evt_S-61_desk_work_surface_0009,e9569c5385e099d9,pose_hand_context,,20822.5,4.44,,1,cam12/e1/v1,rtmpose_baseline
full,03.CCTV Mobile Usage.mkv,632de9ed55947761d56d4c6142a3cb1a1fe69d0b1a6d0e01a2e404c697962623,dfine_sahi,165567.0,unknown_object,0.3259,114.08,429.27,194.23,503.15,5921.3,80.15,73.88,1.085,False,,True,S-61,47,evt_S-61_desk_work_surface_0009,e9569c5385e099d9,pose_hand_context,,20822.5,4.44,,1,cam12/e1/v1,rtmpose_baseline
full,03.CCTV Mobile Usage.mkv,632de9ed55947761d56d4c6142a3cb1a1fe69d0b1a6d0e01a2e404c697962623,dfine_sahi,165567.0,unknown_object,0.3174,127.36,464.44,152.77,522.72,1481.0,25.41,58.28,0.436,False,,True,S-61,47,evt_S-61_desk_work_surface_0009,e9569c5385e099d9,pose_hand_context,,20822.5,4.44,,1,cam12/e1/v1,rtmpose_baseline
full,03.CCTV Mobile Usage.mkv,632de9ed55947761d56d4c6142a3cb1a1fe69d0b1a6d0e01a2e404c697962623,dfine_sahi,165567.0,unknown_object,0.3155,71.81,374.3,202.83,498.45,16266.8,131.02,124.15,1.055,False,,True,S-61,47,evt_S-61_desk_work_surface_0009,e9569c5385e099d9,pose_hand_context,,20822.5,4.44,,1,cam12/e1/v1,rtmpose_baseline
full,03.CCTV Mobile Usage.mkv,632de9ed55947761d56d4c6142a3cb1a1fe69d0b1a6d0e01a2e404c697962623,dfine_sahi,165567.0,unknown_object,0.3045,159.41,474.27,176.79,503.34,505.4,17.38,29.07,0.598,False,,True,S-61,47,evt_S-61_desk_work_surface_0009,e9569c5385e099d9,pose_hand_context,,20822.5,4.44,,1,cam12/e1/v1,rtmpose_baseline
full,03.CCTV Mobile Usage.mkv,632de9ed55947761d56d4c6142a3cb1a1fe69d0b1a6d0e01a2e404c697962623,dfine_sahi,165567.0,unknown_object,0.2907,150.88,475.19,178.56,524.7,1370.2,27.67,49.51,0.559,False,,True,S-61,47,evt_S-61_desk_work_surface_0009,e9569c5385e099d9,pose_hand_context,,20822.5,4.44,,1,cam12/e1/v1,rtmpose_baseline
full,03.CCTV Mobile Usage.mkv,632de9ed55947761d56d4c6142a3cb1a1fe69d0b1a6d0e01a2e404c697962623,dfine_sahi,165567.0,stationery,0.2756,58.99,444.21,72.13,468.28,316.3,13.14,24.07,0.546,False,,True,S-61,47,evt_S-61_desk_work_surface_0009,e9569c5385e099d9,pose_hand_context,,20822.5,4.44,,1,cam12/e1/v1,rtmpose_baseline
full,03.CCTV Mobile Usage.mkv,632de9ed55947761d56d4c6142a3cb1a1fe69d0b1a6d0e01a2e404c697962623,dfine_sahi,165567.0,unknown_object,0.258,51.0,429.22,97.18,495.77,3072.9,46.18,66.55,0.694,False,,True,S-61,47,evt_S-61_desk_work_surface_0009,e9569c5385e099d9,pose_hand_context,,20822.5,4.44,,1,cam12/e1/v1,rtmpose_baseline
full,03.CCTV Mobile Usage.mkv,632de9ed55947761d56d4c6142a3cb1a1fe69d0b1a6d0e01a2e404c697962623,dfine_sahi,165567.0,unknown_object,0.2548,94.94,368.83,140.75,389.82,961.5,45.81,20.99,2.183,False,,True,S-61,47,evt_S-61_desk_work_surface_0009,e9569c5385e099d9,pose_hand_context,,20822.5,4.44,,1,cam12/e1/v1,rtmpose_baseline
full,03.CCTV Mobile Usage.mkv,632de9ed55947761d56d4c6142a3cb1a1fe69d0b1a6d0e01a2e404c697962623,dfine_sahi,166067.0,unknown_object,0.4652,126.4,466.49,160.91,528.52,2140.3,34.51,62.03,0.556,False,,True,S-61,47,evt_S-61_desk_work_surface_0009,0c7517c98226e31d,pose_hand_context,,25497.7,4.01,,1,cam12/e1/v1,rtmpose_baseline
full,03.CCTV Mobile Usage.mkv,632de9ed55947761d56d4c6142a3cb1a1fe69d0b1a6d0e01a2e404c697962623,dfine_sahi,166067.0,unknown_object,0.4431,87.02,374.35,230.93,527.65,22061.8,143.91,153.3,0.939,False,,True,S-61,47,evt_S-61_desk_work_surface_0009,0c7517c98226e31d,pose_hand_context,,25497.7,4.01,,1,cam12/e1/v1,rtmpose_baseline
full,03.CCTV Mobile Usage.mkv,632de9ed55947761d56d4c6142a3cb1a1fe69d0b1a6d0e01a2e404c697962623,dfine_sahi,166067.0,unknown_object,0.3713,155.61,371.11,233.94,457.39,6757.9,78.33,86.28,0.908,False,,True,S-61,47,evt_S-61_desk_work_surface_0009,0c7517c98226e31d,pose_hand_context,,25497.7,4.01,,1,cam12/e1/v1,rtmpose_baseline
full,03.CCTV Mobile Usage.mkv,632de9ed55947761d56d4c6142a3cb1a1fe69d0b1a6d0e01a2e404c697962623,dfine_sahi,166067.0,unknown_object,0.3327,138.04,500.4,153.48,529.22,445.1,15.44,28.82,0.536,False,,True,S-61,47,evt_S-61_desk_work_surface_0009,0c7517c98226e31d,pose_hand_context,,25497.7,4.01,,1,cam12/e1/v1,rtmpose_baseline
full,03.CCTV Mobile Usage.mkv,632de9ed55947761d56d4c6142a3cb1a1fe69d0b1a6d0e01a2e404c697962623,dfine_sahi,166067.0,unknown_object,0.3275,158.28,494.92,187.09,535.84,1179.1,28.81,40.92,0.704,False,,True,S-61,47,evt_S-61_desk_work_surface_0009,0c7517c98226e31d,pose_hand_context,,25497.7,4.01,,1,cam12/e1/v1,rtmpose_baseline
full,03.CCTV Mobile Usage.mkv,632de9ed55947761d56d4c6142a3cb1a1fe69d0b1a6d0e01a2e404c697962623,dfine_sahi,166067.0,unknown_object,0.322,69.04,440.11,164.92,535.63,9159.0,95.89,95.52,1.004,False,,True,S-61,47,evt_S-61_desk_work_surface_0009,0c7517c98226e31d,pose_hand_context,,25497.7,4.01,,1,cam12/e1/v1,rtmpose_baseline
full,03.CCTV Mobile Usage.mkv,632de9ed55947761d56d4c6142a3cb1a1fe69d0b1a6d0e01a2e404c697962623,dfine_sahi,166067.0,unknown_object,0.3213,69.36,467.44,96.78,495.27,763.1,27.42,27.83,0.985,False,,True,S-61,47,evt_S-61_desk_work_surface_0009,0c7517c98226e31d,pose_hand_context,,25497.7,4.01,,1,cam12/e1/v1,rtmpose_baseline
full,03.CCTV Mobile Usage.mkv,632de9ed55947761d56d4c6142a3cb1a1fe69d0b1a6d0e01a2e404c697962623,dfine_sahi,166067.0,unknown_object,0.3137,93.4,426.08,165.05,466.68,2909.0,71.66,40.6,1.765,False,,True,S-61,47,evt_S-61_desk_work_surface_0009,0c7517c98226e31d,pose_hand_context,,25497.7,4.01,,1,cam12/e1/v1,rtmpose_baseline
full,03.CCTV Mobile Usage.mkv,632de9ed55947761d56d4c6142a3cb1a1fe69d0b1a6d0e01a2e404c697962623,dfine_sahi,166067.0,unknown_object,0.2879,78.49,496.44,112.81,535.74,1348.9,34.32,39.3,0.873,False,,True,S-61,47,evt_S-61_desk_work_surface_0009,0c7517c98226e31d,pose_hand_context,,25497.7,4.01,,1,cam12/e1/v1,rtmpose_baseline
full,03.CCTV Mobile Usage.mkv,632de9ed55947761d56d4c6142a3cb1a1fe69d0b1a6d0e01a2e404c697962623,dfine_sahi,166067.0,unknown_object,0.2819,138.04,474.13,152.55,501.08,391.2,14.51,26.95,0.539,False,,True,S-61,47,evt_S-61_desk_work_surface_0009,0c7517c98226e31d,pose_hand_context,,25497.7,4.01,,1,cam12/e1/v1,rtmpose_baseline
full,03.CCTV Mobile Usage.mkv,632de9ed55947761d56d4c6142a3cb1a1fe69d0b1a6d0e01a2e404c697962623,dfine_sahi,166067.0,unknown_object,0.2712,77.63,496.29,164.49,535.77,3428.6,86.86,39.47,2.2,False,,True,S-61,47,evt_S-61_desk_work_surface_0009,0c7517c98226e31d,pose_hand_context,,25497.7,4.01,,1,cam12/e1/v1,rtmpose_baseline
full,03.CCTV Mobile Usage.mkv,632de9ed55947761d56d4c6142a3cb1a1fe69d0b1a6d0e01a2e404c697962623,dfine_sahi,166567.0,unknown_object,0.5258,232.03,466.14,327.97,561.38,9136.9,95.94,95.24,1.007,False,,True,S-61,47,evt_S-61_desk_work_surface_0009,88f0eaccb47f92a6,pose_hand_context,,26218.1,3.95,,1,cam12/e1/v1,rtmpose_baseline
full,03.CCTV Mobile Usage.mkv,632de9ed55947761d56d4c6142a3cb1a1fe69d0b1a6d0e01a2e404c697962623,dfine_sahi,166567.0,unknown_object,0.3675,164.07,471.0,239.23,628.38,11829.7,75.17,157.38,0.478,False,,True,S-61,47,evt_S-61_desk_work_surface_0009,88f0eaccb47f92a6,pose_hand_context,,26218.1,3.95,,1,cam12/e1/v1,rtmpose_baseline
full,03.CCTV Mobile Usage.mkv,632de9ed55947761d56d4c6142a3cb1a1fe69d0b1a6d0e01a2e404c697962623,dfine_sahi,166567.0,unknown_object,0.3168,232.02,536.14,327.99,631.25,9128.4,95.97,95.11,1.009,False,,True,S-61,47,evt_S-61_desk_work_surface_0009,88f0eaccb47f92a6,pose_hand_context,,26218.1,3.95,,1,cam12/e1/v1,rtmpose_baseline
full,03.CCTV Mobile Usage.mkv,632de9ed55947761d56d4c6142a3cb1a1fe69d0b1a6d0e01a2e404c697962623,dfine_sahi,166567.0,unknown_object,0.2941,232.04,536.05,327.87,576.5,3876.5,95.83,40.45,2.369,False,,True,S-61,47,evt_S-61_desk_work_surface_0009,88f0eaccb47f92a6,pose_hand_context,,26218.1,3.95,,1,cam12/e1/v1,rtmpose_baseline
full,03.CCTV Mobile Usage.mkv,632de9ed55947761d56d4c6142a3cb1a1fe69d0b1a6d0e01a2e404c697962623,dfine_sahi,166567.0,unknown_object,0.2662,204.74,533.48,256.97,561.75,1476.7,52.23,28.27,1.848,False,,True,S-61,47,evt_S-61_desk_work_surface_0009,88f0eaccb47f92a6,pose_hand_context,,26218.1,3.95,,1,cam12/e1/v1,rtmpose_baseline
full,03.CCTV Mobile Usage.mkv,632de9ed55947761d56d4c6142a3cb1a1fe69d0b1a6d0e01a2e404c697962623,dfine_sahi,166567.0,bag,0.2639,238.23,579.71,307.84,630.73,3551.8,69.61,51.02,1.364,False,,True,S-61,47,evt_S-61_desk_work_surface_0009,88f0eaccb47f92a6,pose_hand_context,,26218.1,3.95,,1,cam12/e1/v1,rtmpose_baseline
full,03.CCTV Mobile Usage.mkv,632de9ed55947761d56d4c6142a3cb1a1fe69d0b1a6d0e01a2e404c697962623,dfine_sahi,166567.0,unknown_object,0.2509,164.09,511.59,325.94,628.56,18931.0,161.85,116.97,1.384,False,,True,S-61,47,evt_S-61_desk_work_surface_0009,88f0eaccb47f92a6,pose_hand_context,,26218.1,3.95,,1,cam12/e1/v1,rtmpose_baseline
full,03.CCTV Mobile Usage.mkv,632de9ed55947761d56d4c6142a3cb1a1fe69d0b1a6d0e01a2e404c697962623,dfine_sahi,167067.0,unknown_object,0.532,208.01,454.15,307.94,553.34,9913.4,99.94,99.2,1.007,False,,True,S-61,47,evt_S-61_desk_work_surface_0009,d38e7e1208f0e995,pose_hand_context,,31598.6,3.6,,1,cam12/e1/v1,rtmpose_baseline
full,03.CCTV Mobile Usage.mkv,632de9ed55947761d56d4c6142a3cb1a1fe69d0b1a6d0e01a2e404c697962623,dfine_sahi,167067.0,unknown_object,0.5258,130.08,532.12,229.89,631.47,9916.5,99.81,99.35,1.005,False,,True,S-61,47,evt_S-61_desk_work_surface_0009,d38e7e1208f0e995,pose_hand_context,,31598.6,3.6,,1,cam12/e1/v1,rtmpose_baseline
full,03.CCTV Mobile Usage.mkv,632de9ed55947761d56d4c6142a3cb1a1fe69d0b1a6d0e01a2e404c697962623,dfine_sahi,167067.0,unknown_object,0.5043,130.05,454.35,307.87,631.0,31410.7,177.82,176.65,1.007,False,,True,S-61,47,evt_S-61_desk_work_surface_0009,d38e7e1208f0e995,pose_hand_context,,31598.6,3.6,,1,cam12/e1/v1,rtmpose_baseline
full,03.CCTV Mobile Usage.mkv,632de9ed55947761d56d4c6142a3cb1a1fe69d0b1a6d0e01a2e404c697962623,dfine_sahi,167067.0,unknown_object,0.4806,130.02,464.17,158.46,527.62,1804.2,28.44,63.44,0.448,False,,True,S-61,47,evt_S-61_desk_work_surface_0009,d38e7e1208f0e995,pose_hand_context,,31598.6,3.6,,1,cam12/e1/v1,rtmpose_baseline
full,03.CCTV Mobile Usage.mkv,632de9ed55947761d56d4c6142a3cb1a1fe69d0b1a6d0e01a2e404c697962623,dfine_sahi,167067.0,unknown_object,0.4568,208.03,514.68,307.95,553.58,3886.8,99.92,38.9,2.569,False,,True,S-61,47,evt_S-61_desk_work_surface_0009,d38e7e1208f0e995,pose_hand_context,,31598.6,3.6,,1,cam12/e1/v1,rtmpose_baseline
full,03.CCTV Mobile Usage.mkv,632de9ed55947761d56d4c6142a3cb1a1fe69d0b1a6d0e01a2e404c697962623,dfine_sahi,167067.0,unknown_object,0.4405,207.99,532.25,307.96,631.41,9912.6,99.96,99.16,1.008,False,,True,S-61,47,evt_S-61_desk_work_surface_0009,d38e7e1208f0e995,pose_hand_context,,31598.6,3.6,,1,cam12/e1/v1,rtmpose_baseline
full,03.CCTV Mobile Usage.mkv,632de9ed55947761d56d4c6142a3cb1a1fe69d0b1a6d0e01a2e404c697962623,dfine_sahi,167067.0,bag,0.2701,208.11,532.08,307.93,568.5,3635.5,99.82,36.42,2.741,False,,True,S-61,47,evt_S-61_desk_work_surface_0009,d38e7e1208f0e995,pose_hand_context,,31598.6,3.6,,1,cam12/e1/v1,rtmpose_baseline
full,03.CCTV Mobile Usage.mkv,632de9ed55947761d56d4c6142a3cb1a1fe69d0b1a6d0e01a2e404c697962623,dfine_sahi,167067.0,keyboard,0.2554,238.49,574.45,307.92,631.11,3933.8,69.43,56.66,1.225,False,,True,S-61,47,evt_S-61_desk_work_surface_0009,d38e7e1208f0e995,pose_hand_context,,31598.6,3.6,,1,cam12/e1/v1,rtmpose_baseline
full,03.CCTV Mobile Usage.mkv,632de9ed55947761d56d4c6142a3cb1a1fe69d0b1a6d0e01a2e404c697962623,dfine_sahi,167067.0,unknown_object,0.2505,130.04,464.3,145.96,498.44,543.5,15.92,34.14,0.466,False,,True,S-61,47,evt_S-61_desk_work_surface_0009,d38e7e1208f0e995,pose_hand_context,,31598.6,3.6,,1,cam12/e1/v1,rtmpose_baseline
full,03.CCTV Mobile Usage.mkv,632de9ed55947761d56d4c6142a3cb1a1fe69d0b1a6d0e01a2e404c697962623,dfine_sahi,167567.0,unknown_object,0.5701,76.04,374.21,171.91,469.52,9137.2,95.87,95.31,1.006,False,,True,S-61,47,evt_S-61_desk_work_surface_0009,c75c36fea82d80f3,pose_hand_context,,17859.6,4.79,,1,cam12/e1/v1,rtmpose_baseline
full,03.CCTV Mobile Usage.mkv,632de9ed55947761d56d4c6142a3cb1a1fe69d0b1a6d0e01a2e404c697962623,dfine_sahi,167567.0,unknown_object,0.512,134.99,374.27,175.79,446.55,2948.8,40.8,72.27,0.565,False,,True,S-61,47,evt_S-61_desk_work_surface_0009,c75c36fea82d80f3,pose_hand_context,,17859.6,4.79,,1,cam12/e1/v1,rtmpose_baseline
full,03.CCTV Mobile Usage.mkv,632de9ed55947761d56d4c6142a3cb1a1fe69d0b1a6d0e01a2e404c697962623,dfine_sahi,167567.0,unknown_object,0.5088,134.98,374.18,230.89,469.41,9133.8,95.91,95.23,1.007,False,,True,S-61,47,evt_S-61_desk_work_surface_0009,c75c36fea82d80f3,pose_hand_context,,17859.6,4.79,,1,cam12/e1/v1,rtmpose_baseline
full,03.CCTV Mobile Usage.mkv,632de9ed55947761d56d4c6142a3cb1a1fe69d0b1a6d0e01a2e404c697962623,dfine_sahi,167567.0,unknown_object,0.4953,124.85,463.57,160.93,517.3,1938.9,36.09,53.73,0.672,False,,True,S-61,47,evt_S-61_desk_work_surface_0009,c75c36fea82d80f3,pose_hand_context,,17859.6,4.79,,1,cam12/e1/v1,rtmpose_baseline
full,03.CCTV Mobile Usage.mkv,632de9ed55947761d56d4c6142a3cb1a1fe69d0b1a6d0e01a2e404c697962623,dfine_sahi,167567.0,unknown_object,0.4152,194.81,376.18,231.0,450.9,2704.1,36.19,74.72,0.484,False,,True,S-61,47,evt_S-61_desk_work_surface_0009,c75c36fea82d80f3,pose_hand_context,,17859.6,4.79,,1,cam12/e1/v1,rtmpose_baseline
full,03.CCTV Mobile Usage.mkv,632de9ed55947761d56d4c6142a3cb1a1fe69d0b1a6d0e01a2e404c697962623,dfine_sahi,167567.0,unknown_object,0.3979,95.15,417.29,171.99,469.7,4027.7,76.85,52.41,1.466,False,,True,S-61,47,evt_S-61_desk_work_surface_0009,c75c36fea82d80f3,pose_hand_context,,17859.6,4.79,,1,cam12/e1/v1,rtmpose_baseline
full,03.CCTV Mobile Usage.mkv,632de9ed55947761d56d4c6142a3cb1a1fe69d0b1a6d0e01a2e404c697962623,dfine_sahi,167567.0,unknown_object,0.3772,134.98,441.94,230.91,469.76,2669.2,95.93,27.82,3.448,False,,True,S-61,47,evt_S-61_desk_work_surface_0009,c75c36fea82d80f3,pose_hand_context,,17859.6,4.79,,1,cam12/e1/v1,rtmpose_baseline
full,03.CCTV Mobile Usage.mkv,632de9ed55947761d56d4c6142a3cb1a1fe69d0b1a6d0e01a2e404c697962623,dfine_sahi,167567.0,unknown_object,0.3619,76.34,467.64,108.59,500.69,1066.0,32.25,33.05,0.976,False,,True,S-61,47,evt_S-61_desk_work_surface_0009,c75c36fea82d80f3,pose_hand_context,,17859.6,4.79,,1,cam12/e1/v1,rtmpose_baseline
full,03.CCTV Mobile Usage.mkv,632de9ed55947761d56d4c6142a3cb1a1fe69d0b1a6d0e01a2e404c697962623,dfine_sahi,167567.0,unknown_object,0.3555,88.98,432.07,161.28,455.1,1664.4,72.29,23.02,3.14,False,,True,S-61,47,evt_S-61_desk_work_surface_0009,c75c36fea82d80f3,pose_hand_context,,17859.6,4.79,,1,cam12/e1/v1,rtmpose_baseline
full,03.CCTV Mobile Usage.mkv,632de9ed55947761d56d4c6142a3cb1a1fe69d0b1a6d0e01a2e404c697962623,dfine_sahi,167567.0,unknown_object,0.3336,89.98,432.21,171.96,527.14,7782.3,81.98,94.93,0.864,False,,True,S-61,47,evt_S-61_desk_work_surface_0009,c75c36fea82d80f3,pose_hand_context,,17859.6,4.79,,1,cam12/e1/v1,rtmpose_baseline
full,03.CCTV Mobile Usage.mkv,632de9ed55947761d56d4c6142a3cb1a1fe69d0b1a6d0e01a2e404c697962623,dfine_sahi,167567.0,unknown_object,0.2982,135.02,461.62,178.13,527.72,2850.0,43.11,66.1,0.652,False,,True,S-61,47,evt_S-61_desk_work_surface_0009,c75c36fea82d80f3,pose_hand_context,,17859.6,4.79,,1,cam12/e1/v1,rtmpose_baseline
full,03.CCTV Mobile Usage.mkv,632de9ed55947761d56d4c6142a3cb1a1fe69d0b1a6d0e01a2e404c697962623,dfine_sahi,168067.0,unknown_object,0.5377,121.06,436.11,216.94,523.82,8409.5,95.88,87.71,1.093,False,,True,S-61,47,evt_S-61_desk_work_surface_0009,072257dc5fed13e5,pose_hand_context,,18884.3,4.66,,1,cam12/e1/v1,rtmpose_baseline
full,03.CCTV Mobile Usage.mkv,632de9ed55947761d56d4c6142a3cb1a1fe69d0b1a6d0e01a2e404c697962623,dfine_sahi,168067.0,unknown_object,0.5315,60.1,431.09,155.96,512.27,7781.5,95.86,81.18,1.181,False,,True,S-61,47,evt_S-61_desk_work_surface_0009,072257dc5fed13e5,pose_hand_context,,18884.3,4.66,,1,cam12/e1/v1,rtmpose_baseline
full,03.CCTV Mobile Usage.mkv,632de9ed55947761d56d4c6142a3cb1a1fe69d0b1a6d0e01a2e404c697962623,dfine_sahi,168067.0,unknown_object,0.4583,120.97,371.19,216.96,466.48,9146.5,95.99,95.28,1.007,False,,True,S-61,47,evt_S-61_desk_work_surface_0009,072257dc5fed13e5,pose_hand_context,,18884.3,4.66,,1,cam12/e1/v1,rtmpose_baseline
full,03.CCTV Mobile Usage.mkv,632de9ed55947761d56d4c6142a3cb1a1fe69d0b1a6d0e01a2e404c697962623,dfine_sahi,168067.0,unknown_object,0.3907,121.0,436.55,216.97,466.67,2890.6,95.96,30.12,3.186,False,,True,S-61,47,evt_S-61_desk_work_surface_0009,072257dc5fed13e5,pose_hand_context,,18884.3,4.66,,1,cam12/e1/v1,rtmpose_baseline
full,03.CCTV Mobile Usage.mkv,632de9ed55947761d56d4c6142a3cb1a1fe69d0b1a6d0e01a2e404c697962623,dfine_sahi,168067.0,unknown_object,0.3776,64.9,464.9,103.92,501.34,1421.9,39.02,36.44,1.071,False,,True,S-61,47,evt_S-61_desk_work_surface_0009,072257dc5fed13e5,pose_hand_context,,18884.3,4.66,,1,cam12/e1/v1,rtmpose_baseline
full,03.CCTV Mobile Usage.mkv,632de9ed55947761d56d4c6142a3cb1a1fe69d0b1a6d0e01a2e404c697962623,dfine_sahi,168067.0,unknown_object,0.3599,126.48,469.84,154.45,526.74,1591.3,27.97,56.9,0.491,False,,True,S-61,47,evt_S-61_desk_work_surface_0009,072257dc5fed13e5,pose_hand_context,,18884.3,4.66,,1,cam12/e1/v1,rtmpose_baseline
full,03.CCTV Mobile Usage.mkv,632de9ed55947761d56d4c6142a3cb1a1fe69d0b1a6d0e01a2e404c697962623,dfine_sahi,168067.0,unknown_object,0.3573,74.27,380.15,176.63,448.12,6958.0,102.36,67.98,1.506,False,,True,S-61,47,evt_S-61_desk_work_surface_0009,072257dc5fed13e5,pose_hand_context,,18884.3,4.66,,1,cam12/e1/v1,rtmpose_baseline
full,03.CCTV Mobile Usage.mkv,632de9ed55947761d56d4c6142a3cb1a1fe69d0b1a6d0e01a2e404c697962623,dfine_sahi,168567.0,unknown_object,0.5919,92.08,442.34,149.96,505.32,3645.3,57.88,62.98,0.919,False,,True,S-61,47,evt_S-61_desk_work_surface_0009,5609d57d158f0589,pose_hand_context,,17752.9,4.8,,1,cam12/e1/v1,rtmpose_baseline
full,03.CCTV Mobile Usage.mkv,632de9ed55947761d56d4c6142a3cb1a1fe69d0b1a6d0e01a2e404c697962623,dfine_sahi,168567.0,unknown_object,0.521,70.56,392.23,176.84,451.64,6314.0,106.28,59.41,1.789,False,,True,S-61,47,evt_S-61_desk_work_surface_0009,5609d57d158f0589,pose_hand_context,,17752.9,4.8,,1,cam12/e1/v1,rtmpose_baseline
full,03.CCTV Mobile Usage.mkv,632de9ed55947761d56d4c6142a3cb1a1fe69d0b1a6d0e01a2e404c697962623,dfine_sahi,168567.0,unknown_object,0.4891,113.02,443.03,208.95,534.24,8749.7,95.93,91.21,1.052,False,,True,S-61,47,evt_S-61_desk_work_surface_0009,5609d57d158f0589,pose_hand_context,,17752.9,4.8,,1,cam12/e1/v1,rtmpose_baseline
full,03.CCTV Mobile Usage.mkv,632de9ed55947761d56d4c6142a3cb1a1fe69d0b1a6d0e01a2e404c697962623,dfine_sahi,168567.0,unknown_object,0.426,63.77,466.92,96.52,477.0,330.3,32.75,10.08,3.248,False,,True,S-61,47,evt_S-61_desk_work_surface_0009,5609d57d158f0589,pose_hand_context,,17752.9,4.8,,1,cam12/e1/v1,rtmpose_baseline
full,03.CCTV Mobile Usage.mkv,632de9ed55947761d56d4c6142a3cb1a1fe69d0b1a6d0e01a2e404c697962623,dfine_sahi,168567.0,unknown_object,0.4079,113.0,443.15,208.95,476.73,3221.3,95.95,33.57,2.858,False,,True,S-61,47,evt_S-61_desk_work_surface_0009,5609d57d158f0589,pose_hand_context,,17752.9,4.8,,1,cam12/e1/v1,rtmpose_baseline
full,03.CCTV Mobile Usage.mkv,632de9ed55947761d56d4c6142a3cb1a1fe69d0b1a6d0e01a2e404c697962623,dfine_sahi,168567.0,unknown_object,0.3941,64.43,467.49,96.78,494.89,886.5,32.35,27.4,1.181,False,,True,S-61,47,evt_S-61_desk_work_surface_0009,5609d57d158f0589,pose_hand_context,,17752.9,4.8,,1,cam12/e1/v1,rtmpose_baseline
full,03.CCTV Mobile Usage.mkv,632de9ed55947761d56d4c6142a3cb1a1fe69d0b1a6d0e01a2e404c697962623,dfine_sahi,168567.0,unknown_object,0.3718,112.99,381.16,208.98,476.48,9150.5,95.99,95.33,1.007,False,,True,S-61,47,evt_S-61_desk_work_surface_0009,5609d57d158f0589,pose_hand_context,,17752.9,4.8,,1,cam12/e1/v1,rtmpose_baseline
full,03.CCTV Mobile Usage.mkv,632de9ed55947761d56d4c6142a3cb1a1fe69d0b1a6d0e01a2e404c697962623,dfine_sahi,168567.0,unknown_object,0.35,113.3,479.31,176.69,534.67,3509.1,63.39,55.36,1.145,False,,True,S-61,47,evt_S-61_desk_work_surface_0009,5609d57d158f0589,pose_hand_context,,17752.9,4.8,,1,cam12/e1/v1,rtmpose_baseline
full,03.CCTV Mobile Usage.mkv,632de9ed55947761d56d4c6142a3cb1a1fe69d0b1a6d0e01a2e404c697962623,dfine_sahi,168567.0,unknown_object,0.3276,53.95,439.21,149.88,534.45,9135.7,95.93,95.23,1.007,False,,True,S-61,47,evt_S-61_desk_work_surface_0009,5609d57d158f0589,pose_hand_context,,17752.9,4.8,,1,cam12/e1/v1,rtmpose_baseline
full,03.CCTV Mobile Usage.mkv,632de9ed55947761d56d4c6142a3cb1a1fe69d0b1a6d0e01a2e404c697962623,dfine_sahi,168567.0,unknown_object,0.319,65.3,479.09,198.57,524.23,6016.4,133.27,45.14,2.952,False,,True,S-61,47,evt_S-61_desk_work_surface_0009,5609d57d158f0589,pose_hand_context,,17752.9,4.8,,1,cam12/e1/v1,rtmpose_baseline
full,03.CCTV Mobile Usage.mkv,632de9ed55947761d56d4c6142a3cb1a1fe69d0b1a6d0e01a2e404c697962623,dfine_sahi,168567.0,unknown_object,0.2589,65.99,392.19,199.01,502.23,14637.9,133.02,110.04,1.209,False,,True,S-61,47,evt_S-61_desk_work_surface_0009,5609d57d158f0589,pose_hand_context,,17752.9,4.8,,1,cam12/e1/v1,rtmpose_baseline
full,03.CCTV Mobile Usage.mkv,632de9ed55947761d56d4c6142a3cb1a1fe69d0b1a6d0e01a2e404c697962623,dfine_sahi,168567.0,unknown_object,0.2572,125.37,479.15,150.0,524.28,1111.8,24.63,45.14,0.546,False,,True,S-61,47,evt_S-61_desk_work_surface_0009,5609d57d158f0589,pose_hand_context,,17752.9,4.8,,1,cam12/e1/v1,rtmpose_baseline
full,03.CCTV Mobile Usage.mkv,632de9ed55947761d56d4c6142a3cb1a1fe69d0b1a6d0e01a2e404c697962623,dfine_sahi,169067.0,unknown_object,0.5884,112.02,390.11,207.95,485.29,9131.6,95.93,95.19,1.008,False,,True,S-61,47,evt_S-61_desk_work_surface_0009,d7ea696609167034,pose_hand_context,,17297.5,4.87,,1,cam12/e1/v1,rtmpose_baseline
full,03.CCTV Mobile Usage.mkv,632de9ed55947761d56d4c6142a3cb1a1fe69d0b1a6d0e01a2e404c697962623,dfine_sahi,169067.0,unknown_object,0.5394,93.85,447.29,150.94,507.23,3421.2,57.08,59.93,0.953,False,,True,S-61,47,evt_S-61_desk_work_surface_0009,d7ea696609167034,pose_hand_context,,17297.5,4.87,,1,cam12/e1/v1,rtmpose_baseline
full,03.CCTV Mobile Usage.mkv,632de9ed55947761d56d4c6142a3cb1a1fe69d0b1a6d0e01a2e404c697962623,dfine_sahi,169067.0,unknown_object,0.4714,60.8,467.45,101.58,485.93,753.7,40.77,18.49,2.206,False,,True,S-61,47,evt_S-61_desk_work_surface_0009,d7ea696609167034,pose_hand_context,,17297.5,4.87,,1,cam12/e1/v1,rtmpose_baseline
full,03.CCTV Mobile Usage.mkv,632de9ed55947761d56d4c6142a3cb1a1fe69d0b1a6d0e01a2e404c697962623,dfine_sahi,169067.0,unknown_object,0.4429,55.13,494.18,150.89,542.65,4642.0,95.76,48.47,1.976,False,,True,S-61,47,evt_S-61_desk_work_surface_0009,d7ea696609167034,pose_hand_context,,17297.5,4.87,,1,cam12/e1/v1,rtmpose_baseline
full,03.CCTV Mobile Usage.mkv,632de9ed55947761d56d4c6142a3cb1a1fe69d0b1a6d0e01a2e404c697962623,dfine_sahi,169067.0,unknown_object,0.3758,151.17,488.81,169.88,531.41,797.1,18.71,42.6,0.439,False,,True,S-61,47,evt_S-61_desk_work_surface_0009,d7ea696609167034,pose_hand_context,,17297.5,4.87,,1,cam12/e1/v1,rtmpose_baseline
full,03.CCTV Mobile Usage.mkv,632de9ed55947761d56d4c6142a3cb1a1fe69d0b1a6d0e01a2e404c697962623,dfine_sahi,169067.0,unknown_object,0.3425,112.01,390.22,176.9,453.52,4107.9,64.9,63.3,1.025,False,,True,S-61,47,evt_S-61_desk_work_surface_0009,d7ea696609167034,pose_hand_context,,17297.5,4.87,,1,cam12/e1/v1,rtmpose_baseline
full,03.CCTV Mobile Usage.mkv,632de9ed55947761d56d4c6142a3cb1a1fe69d0b1a6d0e01a2e404c697962623,dfine_sahi,169067.0,unknown_object,0.3061,68.87,401.18,178.01,505.61,11397.6,109.14,104.43,1.045,False,,True,S-61,47,evt_S-61_desk_work_surface_0009,d7ea696609167034,pose_hand_context,,17297.5,4.87,,1,cam12/e1/v1,rtmpose_baseline
full,03.CCTV Mobile Usage.mkv,632de9ed55947761d56d4c6142a3cb1a1fe69d0b1a6d0e01a2e404c697962623,dfine_sahi,169067.0,unknown_object,0.3004,71.17,390.05,150.96,454.56,5147.4,79.79,64.51,1.237,False,,True,S-61,47,evt_S-61_desk_work_surface_0009,d7ea696609167034,pose_hand_context,,17297.5,4.87,,1,cam12/e1/v1,rtmpose_baseline
full,03.CCTV Mobile Usage.mkv,632de9ed55947761d56d4c6142a3cb1a1fe69d0b1a6d0e01a2e404c697962623,dfine_sahi,169067.0,unknown_object,0.2505,112.03,451.98,207.99,485.7,3236.0,95.96,33.72,2.846,False,,True,S-61,47,evt_S-61_desk_work_surface_0009,d7ea696609167034,pose_hand_context,,17297.5,4.87,,1,cam12/e1/v1,rtmpose_baseline
full,03.CCTV Mobile Usage.mkv,632de9ed55947761d56d4c6142a3cb1a1fe69d0b1a6d0e01a2e404c697962623,dfine_sahi,172383.0,unknown_object,0.5959,132.98,408.12,228.96,503.42,9146.1,95.97,95.3,1.007,False,,True,S-61,49,evt_S-61_desk_work_surface_0010,350a73bad131f1b8,pose_hand_context,,25664.0,4.0,,1,cam12/e1/v1,rtmpose_baseline
full,03.CCTV Mobile Usage.mkv,632de9ed55947761d56d4c6142a3cb1a1fe69d0b1a6d0e01a2e404c697962623,dfine_sahi,172383.0,unknown_object,0.5407,63.03,478.12,158.91,553.18,7196.6,95.88,75.06,1.277,False,,True,S-61,49,evt_S-61_desk_work_surface_0010,350a73bad131f1b8,pose_hand_context,,25664.0,4.0,,1,cam12/e1/v1,rtmpose_baseline
full,03.CCTV Mobile Usage.mkv,632de9ed55947761d56d4c6142a3cb1a1fe69d0b1a6d0e01a2e404c697962623,dfine_sahi,172383.0,unknown_object,0.4542,69.52,408.09,158.88,471.12,5632.1,89.35,63.03,1.418,False,,True,S-61,49,evt_S-61_desk_work_surface_0010,350a73bad131f1b8,pose_hand_context,,25664.0,4.0,,1,cam12/e1/v1,rtmpose_baseline
full,03.CCTV Mobile Usage.mkv,632de9ed55947761d56d4c6142a3cb1a1fe69d0b1a6d0e01a2e404c697962623,dfine_sahi,172383.0,unknown_object,0.4143,65.96,502.32,93.48,553.36,1404.4,27.52,51.04,0.539,False,,True,S-61,49,evt_S-61_desk_work_surface_0010,350a73bad131f1b8,pose_hand_context,,25664.0,4.0,,1,cam12/e1/v1,rtmpose_baseline
full,03.CCTV Mobile Usage.mkv,632de9ed55947761d56d4c6142a3cb1a1fe69d0b1a6d0e01a2e404c697962623,dfine_sahi,172383.0,unknown_object,0.3972,133.03,478.72,228.98,503.66,2392.2,95.95,24.93,3.848,False,,True,S-61,49,evt_S-61_desk_work_surface_0010,350a73bad131f1b8,pose_hand_context,,25664.0,4.0,,1,cam12/e1/v1,rtmpose_baseline
full,03.CCTV Mobile Usage.mkv,632de9ed55947761d56d4c6142a3cb1a1fe69d0b1a6d0e01a2e404c697962623,dfine_sahi,172383.0,unknown_object,0.3725,63.24,472.11,110.07,499.73,1293.4,46.83,27.62,1.695,False,,True,S-61,49,evt_S-61_desk_work_surface_0010,350a73bad131f1b8,pose_hand_context,,25664.0,4.0,,1,cam12/e1/v1,rtmpose_baseline
full,03.CCTV Mobile Usage.mkv,632de9ed55947761d56d4c6142a3cb1a1fe69d0b1a6d0e01a2e404c697962623,dfine_sahi,172383.0,unknown_object,0.3628,66.08,411.33,200.19,570.17,21302.4,134.12,158.84,0.844,False,,True,S-61,49,evt_S-61_desk_work_surface_0010,350a73bad131f1b8,pose_hand_context,,25664.0,4.0,,1,cam12/e1/v1,rtmpose_baseline
full,03.CCTV Mobile Usage.mkv,632de9ed55947761d56d4c6142a3cb1a1fe69d0b1a6d0e01a2e404c697962623,dfine_sahi,172383.0,bag,0.347,65.99,495.32,195.55,570.48,9738.2,129.56,75.16,1.724,False,,True,S-61,49,evt_S-61_desk_work_surface_0010,350a73bad131f1b8,pose_hand_context,,25664.0,4.0,,1,cam12/e1/v1,rtmpose_baseline
full,03.CCTV Mobile Usage.mkv,632de9ed55947761d56d4c6142a3cb1a1fe69d0b1a6d0e01a2e404c697962623,dfine_sahi,172383.0,unknown_object,0.2524,62.99,520.78,85.6,552.7,721.9,22.61,31.93,0.708,False,,True,S-61,49,evt_S-61_desk_work_surface_0010,350a73bad131f1b8,pose_hand_context,,25664.0,4.0,,1,cam12/e1/v1,rtmpose_baseline
full,03.CCTV Mobile Usage.mkv,632de9ed55947761d56d4c6142a3cb1a1fe69d0b1a6d0e01a2e404c697962623,dfine_sahi,172883.0,unknown_object,0.575,71.49,384.26,166.01,479.37,8989.8,94.52,95.11,0.994,False,,True,S-61,49,evt_S-61_desk_work_surface_0010,e2d6539dc70b4b8e,pose_hand_context,,27377.0,3.87,,1,cam12/e1/v1,rtmpose_baseline
full,03.CCTV Mobile Usage.mkv,632de9ed55947761d56d4c6142a3cb1a1fe69d0b1a6d0e01a2e404c697962623,dfine_sahi,172883.0,unknown_object,0.5648,141.98,384.15,237.93,479.47,9146.2,95.95,95.33,1.007,False,,True,S-61,49,evt_S-61_desk_work_surface_0010,e2d6539dc70b4b8e,pose_hand_context,,27377.0,3.87,,1,cam12/e1/v1,rtmpose_baseline
full,03.CCTV Mobile Usage.mkv,632de9ed55947761d56d4c6142a3cb1a1fe69d0b1a6d0e01a2e404c697962623,dfine_sahi,172883.0,unknown_object,0.4988,72.08,482.63,192.9,551.91,8370.7,120.81,69.29,1.744,False,,True,S-61,49,evt_S-61_desk_work_surface_0010,e2d6539dc70b4b8e,pose_hand_context,,27377.0,3.87,,1,cam12/e1/v1,rtmpose_baseline
full,03.CCTV Mobile Usage.mkv,632de9ed55947761d56d4c6142a3cb1a1fe69d0b1a6d0e01a2e404c697962623,dfine_sahi,172883.0,unknown_object,0.3991,142.0,384.21,176.58,450.28,2285.0,34.59,66.07,0.524,False,,True,S-61,49,evt_S-61_desk_work_surface_0010,e2d6539dc70b4b8e,pose_hand_context,,27377.0,3.87,,1,cam12/e1/v1,rtmpose_baseline
full,03.CCTV Mobile Usage.mkv,632de9ed55947761d56d4c6142a3cb1a1fe69d0b1a6d0e01a2e404c697962623,dfine_sahi,172883.0,bag,0.3425,77.46,386.12,175.95,455.56,6839.3,98.49,69.44,1.418,False,,True,S-61,49,evt_S-61_desk_work_surface_0010,e2d6539dc70b4b8e,pose_hand_context,,27377.0,3.87,,1,cam12/e1/v1,rtmpose_baseline
full,03.CCTV Mobile Usage.mkv,632de9ed55947761d56d4c6142a3cb1a1fe69d0b1a6d0e01a2e404c697962623,dfine_sahi,172883.0,unknown_object,0.3338,142.01,450.0,237.94,479.71,2849.7,95.94,29.7,3.23,False,,True,S-61,49,evt_S-61_desk_work_surface_0010,e2d6539dc70b4b8e,pose_hand_context,,27377.0,3.87,,1,cam12/e1/v1,rtmpose_baseline
full,03.CCTV Mobile Usage.mkv,632de9ed55947761d56d4c6142a3cb1a1fe69d0b1a6d0e01a2e404c697962623,dfine_sahi,172883.0,unknown_object,0.3317,142.08,479.64,193.0,552.51,3710.8,50.92,72.87,0.699,False,,True,S-61,49,evt_S-61_desk_work_surface_0010,e2d6539dc70b4b8e,pose_hand_context,,27377.0,3.87,,1,cam12/e1/v1,rtmpose_baseline
full,03.CCTV Mobile Usage.mkv,632de9ed55947761d56d4c6142a3cb1a1fe69d0b1a6d0e01a2e404c697962623,dfine_sahi,172883.0,unknown_object,0.3056,69.99,459.34,108.34,498.91,1517.4,38.35,39.56,0.969,False,,True,S-61,49,evt_S-61_desk_work_surface_0010,e2d6539dc70b4b8e,pose_hand_context,,27377.0,3.87,,1,cam12/e1/v1,rtmpose_baseline
full,03.CCTV Mobile Usage.mkv,632de9ed55947761d56d4c6142a3cb1a1fe69d0b1a6d0e01a2e404c697962623,dfine_sahi,173383.0,unknown_object,0.6162,61.67,455.19,102.08,498.1,1733.9,40.41,42.91,0.942,False,,True,S-61,49,evt_S-61_desk_work_surface_0010,7f1684b90a55e8eb,pose_hand_context,,30109.2,3.69,,1,cam12/e1/v1,rtmpose_baseline
full,03.CCTV Mobile Usage.mkv,632de9ed55947761d56d4c6142a3cb1a1fe69d0b1a6d0e01a2e404c697962623,dfine_sahi,173383.0,unknown_object,0.4462,136.01,366.32,175.48,441.32,2961.2,39.48,75.01,0.526,False,,True,S-61,49,evt_S-61_desk_work_surface_0010,7f1684b90a55e8eb,pose_hand_context,,30109.2,3.69,,1,cam12/e1/v1,rtmpose_baseline
full,03.CCTV Mobile Usage.mkv,632de9ed55947761d56d4c6142a3cb1a1fe69d0b1a6d0e01a2e404c697962623,dfine_sahi,173383.0,unknown_object,0.4198,136.13,366.29,212.1,461.52,7234.6,75.97,95.23,0.798,False,,True,S-61,49,evt_S-61_desk_work_surface_0010,7f1684b90a55e8eb,pose_hand_context,,30109.2,3.69,,1,cam12/e1/v1,rtmpose_baseline
full,03.CCTV Mobile Usage.mkv,632de9ed55947761d56d4c6142a3cb1a1fe69d0b1a6d0e01a2e404c697962623,dfine_sahi,173383.0,bag,0.4159,71.56,366.11,176.24,447.21,8490.0,104.68,81.1,1.291,False,,True,S-61,49,evt_S-61_desk_work_surface_0010,7f1684b90a55e8eb,pose_hand_context,,30109.2,3.69,,1,cam12/e1/v1,rtmpose_baseline
full,03.CCTV Mobile Usage.mkv,632de9ed55947761d56d4c6142a3cb1a1fe69d0b1a6d0e01a2e404c697962623,dfine_sahi,173383.0,unknown_object,0.3943,103.09,478.47,129.24,511.57,865.8,26.15,33.11,0.79,False,,True,S-61,49,evt_S-61_desk_work_surface_0010,7f1684b90a55e8eb,pose_hand_context,,30109.2,3.69,,1,cam12/e1/v1,rtmpose_baseline
full,03.CCTV Mobile Usage.mkv,632de9ed55947761d56d4c6142a3cb1a1fe69d0b1a6d0e01a2e404c697962623,dfine_sahi,173383.0,unknown_object,0.3825,60.27,494.97,157.9,538.16,4217.4,97.63,43.2,2.26,False,,True,S-61,49,evt_S-61_desk_work_surface_0010,7f1684b90a55e8eb,pose_hand_context,,30109.2,3.69,,1,cam12/e1/v1,rtmpose_baseline
full,03.CCTV Mobile Usage.mkv,632de9ed55947761d56d4c6142a3cb1a1fe69d0b1a6d0e01a2e404c697962623,dfine_sahi,173383.0,unknown_object,0.3822,127.44,472.35,152.95,523.01,1292.7,25.52,50.66,0.504,False,,True,S-61,49,evt_S-61_desk_work_surface_0010,7f1684b90a55e8eb,pose_hand_context,,30109.2,3.69,,1,cam12/e1/v1,rtmpose_baseline
full,03.CCTV Mobile Usage.mkv,632de9ed55947761d56d4c6142a3cb1a1fe69d0b1a6d0e01a2e404c697962623,dfine_sahi,173383.0,unknown_object,0.3008,150.28,478.59,183.25,538.29,1968.4,32.97,59.7,0.552,False,,True,S-61,49,evt_S-61_desk_work_surface_0010,7f1684b90a55e8eb,pose_hand_context,,30109.2,3.69,,1,cam12/e1/v1,rtmpose_baseline
full,03.CCTV Mobile Usage.mkv,632de9ed55947761d56d4c6142a3cb1a1fe69d0b1a6d0e01a2e404c697962623,dfine_sahi,173383.0,bag,0.2684,85.22,393.34,157.65,444.88,3733.1,72.43,51.54,1.405,False,,True,S-61,49,evt_S-61_desk_work_surface_0010,7f1684b90a55e8eb,pose_hand_context,,30109.2,3.69,,1,cam12/e1/v1,rtmpose_baseline
full,03.CCTV Mobile Usage.mkv,632de9ed55947761d56d4c6142a3cb1a1fe69d0b1a6d0e01a2e404c697962623,dfine_sahi,173383.0,unknown_object,0.2617,101.34,436.65,157.98,462.47,1462.1,56.63,25.82,2.194,False,,True,S-61,49,evt_S-61_desk_work_surface_0010,7f1684b90a55e8eb,pose_hand_context,,30109.2,3.69,,1,cam12/e1/v1,rtmpose_baseline
full,03.CCTV Mobile Usage.mkv,632de9ed55947761d56d4c6142a3cb1a1fe69d0b1a6d0e01a2e404c697962623,dfine_sahi,173383.0,unknown_object,0.252,143.82,397.15,162.42,409.22,224.4,18.59,12.07,1.541,False,,True,S-61,49,evt_S-61_desk_work_surface_0010,7f1684b90a55e8eb,pose_hand_context,,30109.2,3.69,,1,cam12/e1/v1,rtmpose_baseline
full,03.CCTV Mobile Usage.mkv,632de9ed55947761d56d4c6142a3cb1a1fe69d0b1a6d0e01a2e404c697962623,dfine_sahi,173883.0,unknown_object,0.6356,147.02,385.15,243.99,481.5,9342.6,96.97,96.35,1.006,False,,True,S-61,49,evt_S-61_desk_work_surface_0010,398f24b3fa2a08ca,pose_hand_context,,29894.4,3.7,,1,cam12/e1/v1,rtmpose_baseline
full,03.CCTV Mobile Usage.mkv,632de9ed55947761d56d4c6142a3cb1a1fe69d0b1a6d0e01a2e404c697962623,dfine_sahi,173883.0,unknown_object,0.5777,71.4,385.36,167.96,481.44,9276.9,96.56,96.08,1.005,False,,True,S-61,49,evt_S-61_desk_work_surface_0010,398f24b3fa2a08ca,pose_hand_context,,29894.4,3.7,,1,cam12/e1/v1,rtmpose_baseline
full,03.CCTV Mobile Usage.mkv,632de9ed55947761d56d4c6142a3cb1a1fe69d0b1a6d0e01a2e404c697962623,dfine_sahi,173883.0,bag,0.4183,78.45,385.24,175.75,453.81,6672.9,97.3,68.58,1.419,False,,True,S-61,49,evt_S-61_desk_work_surface_0010,398f24b3fa2a08ca,pose_hand_context,,29894.4,3.7,,1,cam12/e1/v1,rtmpose_baseline
full,03.CCTV Mobile Usage.mkv,632de9ed55947761d56d4c6142a3cb1a1fe69d0b1a6d0e01a2e404c697962623,dfine_sahi,173883.0,unknown_object,0.3903,128.49,486.97,165.5,529.01,1555.7,37.01,42.04,0.88,False,,True,S-61,49,evt_S-61_desk_work_surface_0010,398f24b3fa2a08ca,pose_hand_context,,29894.4,3.7,,1,cam12/e1/v1,rtmpose_baseline
full,03.CCTV Mobile Usage.mkv,632de9ed55947761d56d4c6142a3cb1a1fe69d0b1a6d0e01a2e404c697962623,dfine_sahi,173883.0,unknown_object,0.369,146.99,385.2,176.49,449.91,1908.9,29.5,64.71,0.456,False,,True,S-61,49,evt_S-61_desk_work_surface_0010,398f24b3fa2a08ca,pose_hand_context,,29894.4,3.7,,1,cam12/e1/v1,rtmpose_baseline
full,03.CCTV Mobile Usage.mkv,632de9ed55947761d56d4c6142a3cb1a1fe69d0b1a6d0e01a2e404c697962623,dfine_sahi,173883.0,unknown_object,0.3322,146.98,454.59,243.93,481.73,2630.8,96.95,27.14,3.573,False,,True,S-61,49,evt_S-61_desk_work_surface_0010,398f24b3fa2a08ca,pose_hand_context,,29894.4,3.7,,1,cam12/e1/v1,rtmpose_baseline
full,03.CCTV Mobile Usage.mkv,632de9ed55947761d56d4c6142a3cb1a1fe69d0b1a6d0e01a2e404c697962623,dfine_sahi,173883.0,phone,0.2944,71.0,480.59,99.95,499.01,532.9,28.94,18.41,1.572,False,,True,S-61,49,evt_S-61_desk_work_surface_0010,398f24b3fa2a08ca,pose_hand_context,,29894.4,3.7,,1,cam12/e1/v1,rtmpose_baseline
full,03.CCTV Mobile Usage.mkv,632de9ed55947761d56d4c6142a3cb1a1fe69d0b1a6d0e01a2e404c697962623,dfine_sahi,173883.0,phone,0.2609,70.99,422.89,106.34,484.82,2188.9,35.35,61.93,0.571,False,,True,S-61,49,evt_S-61_desk_work_surface_0010,398f24b3fa2a08ca,pose_hand_context,,29894.4,3.7,,1,cam12/e1/v1,rtmpose_baseline
full,03.CCTV Mobile Usage.mkv,632de9ed55947761d56d4c6142a3cb1a1fe69d0b1a6d0e01a2e404c697962623,dfine_sahi,174383.0,stationery,0.6033,100.99,455.95,161.11,499.73,2632.5,60.12,43.79,1.373,False,,True,S-61,49,evt_S-61_desk_work_surface_0010,4a199a3aa7423197,pose_hand_context,,34373.2,3.45,,1,cam12/e1/v1,rtmpose_baseline
full,03.CCTV Mobile Usage.mkv,632de9ed55947761d56d4c6142a3cb1a1fe69d0b1a6d0e01a2e404c697962623,dfine_sahi,174383.0,unknown_object,0.5752,101.08,430.17,204.92,533.27,10706.2,103.84,103.1,1.007,False,,True,S-61,49,evt_S-61_desk_work_surface_0010,4a199a3aa7423197,pose_hand_context,,34373.2,3.45,,1,cam12/e1/v1,rtmpose_baseline
full,03.CCTV Mobile Usage.mkv,632de9ed55947761d56d4c6142a3cb1a1fe69d0b1a6d0e01a2e404c697962623,dfine_sahi,174383.0,unknown_object,0.4363,134.6,511.11,204.96,592.22,5706.0,70.35,81.1,0.867,False,,True,S-61,49,evt_S-61_desk_work_surface_0010,4a199a3aa7423197,pose_hand_context,,34373.2,3.45,,1,cam12/e1/v1,rtmpose_baseline
full,03.CCTV Mobile Usage.mkv,632de9ed55947761d56d4c6142a3cb1a1fe69d0b1a6d0e01a2e404c697962623,dfine_sahi,174383.0,unknown_object,0.3881,182.0,511.19,285.92,563.66,5451.9,103.92,52.46,1.981,False,,True,S-61,49,evt_S-61_desk_work_surface_0010,4a199a3aa7423197,pose_hand_context,,34373.2,3.45,,1,cam12/e1/v1,rtmpose_baseline
full,03.CCTV Mobile Usage.mkv,632de9ed55947761d56d4c6142a3cb1a1fe69d0b1a6d0e01a2e404c697962623,dfine_sahi,174383.0,unknown_object,0.3164,101.0,431.03,231.44,614.22,23893.9,130.43,183.19,0.712,False,,True,S-61,49,evt_S-61_desk_work_surface_0010,4a199a3aa7423197,pose_hand_context,,34373.2,3.45,,1,cam12/e1/v1,rtmpose_baseline
full,03.CCTV Mobile Usage.mkv,632de9ed55947761d56d4c6142a3cb1a1fe69d0b1a6d0e01a2e404c697962623,dfine_sahi,174383.0,unknown_object,0.3058,182.02,430.16,285.97,533.41,10732.2,103.95,103.25,1.007,False,,True,S-61,49,evt_S-61_desk_work_surface_0010,4a199a3aa7423197,pose_hand_context,,34373.2,3.45,,1,cam12/e1/v1,rtmpose_baseline
full,03.CCTV Mobile Usage.mkv,632de9ed55947761d56d4c6142a3cb1a1fe69d0b1a6d0e01a2e404c697962623,dfine_sahi,174383.0,unknown_object,0.2816,101.01,430.19,163.41,501.94,4477.1,62.4,71.74,0.87,False,,True,S-61,49,evt_S-61_desk_work_surface_0010,4a199a3aa7423197,pose_hand_context,,34373.2,3.45,,1,cam12/e1/v1,rtmpose_baseline
full,03.CCTV Mobile Usage.mkv,632de9ed55947761d56d4c6142a3cb1a1fe69d0b1a6d0e01a2e404c697962623,dfine_sahi,174883.0,unknown_object,0.6175,104.67,419.11,207.93,521.06,10528.1,103.27,101.95,1.013,False,,True,S-61,49,evt_S-61_desk_work_surface_0010,e9df5018755b2e8c,pose_hand_context,,33760.4,3.48,,1,cam12/e1/v1,rtmpose_baseline
full,03.CCTV Mobile Usage.mkv,632de9ed55947761d56d4c6142a3cb1a1fe69d0b1a6d0e01a2e404c697962623,dfine_sahi,174883.0,phone,0.5547,104.09,441.86,160.62,519.71,4400.9,56.53,77.85,0.726,False,,True,S-61,49,evt_S-61_desk_work_surface_0010,e9df5018755b2e8c,pose_hand_context,,33760.4,3.48,,1,cam12/e1/v1,rtmpose_baseline
full,03.CCTV Mobile Usage.mkv,632de9ed55947761d56d4c6142a3cb1a1fe69d0b1a6d0e01a2e404c697962623,dfine_sahi,174883.0,unknown_object,0.4152,270.92,482.32,287.98,521.83,674.1,17.06,39.51,0.432,False,,True,S-61,49,evt_S-61_desk_work_surface_0010,e9df5018755b2e8c,pose_hand_context,,33760.4,3.48,,1,cam12/e1/v1,rtmpose_baseline
full,03.CCTV Mobile Usage.mkv,632de9ed55947761d56d4c6142a3cb1a1fe69d0b1a6d0e01a2e404c697962623,dfine_sahi,174883.0,unknown_object,0.4152,104.03,501.98,219.29,602.15,11545.7,115.26,100.17,1.151,False,,True,S-61,49,evt_S-61_desk_work_surface_0010,e9df5018755b2e8c,pose_hand_context,,33760.4,3.48,,1,cam12/e1/v1,rtmpose_baseline
full,03.CCTV Mobile Usage.mkv,632de9ed55947761d56d4c6142a3cb1a1fe69d0b1a6d0e01a2e404c697962623,dfine_sahi,174883.0,unknown_object,0.3627,126.28,442.54,160.41,489.2,1592.7,34.13,46.66,0.731,False,,True,S-61,49,evt_S-61_desk_work_surface_0010,e9df5018755b2e8c,pose_hand_context,,33760.4,3.48,,1,cam12/e1/v1,rtmpose_baseline
full,03.CCTV Mobile Usage.mkv,632de9ed55947761d56d4c6142a3cb1a1fe69d0b1a6d0e01a2e404c697962623,dfine_sahi,174883.0,unknown_object,0.3598,184.82,499.11,288.11,602.73,10702.9,103.29,103.62,0.997,False,,True,S-61,49,evt_S-61_desk_work_surface_0010,e9df5018755b2e8c,pose_hand_context,,33760.4,3.48,,1,cam12/e1/v1,rtmpose_baseline
full,03.CCTV Mobile Usage.mkv,632de9ed55947761d56d4c6142a3cb1a1fe69d0b1a6d0e01a2e404c697962623,dfine_sahi,174883.0,stationery,0.2684,184.84,499.15,288.05,565.39,6835.8,103.21,66.23,1.558,False,,True,S-61,49,evt_S-61_desk_work_surface_0010,e9df5018755b2e8c,pose_hand_context,,33760.4,3.48,,1,cam12/e1/v1,rtmpose_baseline
full,03.CCTV Mobile Usage.mkv,632de9ed55947761d56d4c6142a3cb1a1fe69d0b1a6d0e01a2e404c697962623,dfine_sahi,174883.0,phone,0.258,126.96,445.52,158.48,488.06,1340.9,31.52,42.54,0.741,False,,True,S-61,49,evt_S-61_desk_work_surface_0010,e9df5018755b2e8c,pose_hand_context,,33760.4,3.48,,1,cam12/e1/v1,rtmpose_baseline
full,03.CCTV Mobile Usage.mkv,632de9ed55947761d56d4c6142a3cb1a1fe69d0b1a6d0e01a2e404c697962623,dfine_sahi,174883.0,unknown_object,0.2558,262.63,487.69,272.95,517.39,306.5,10.32,29.7,0.347,False,,True,S-61,49,evt_S-61_desk_work_surface_0010,e9df5018755b2e8c,pose_hand_context,,33760.4,3.48,,1,cam12/e1/v1,rtmpose_baseline
full,03.CCTV Mobile Usage.mkv,632de9ed55947761d56d4c6142a3cb1a1fe69d0b1a6d0e01a2e404c697962623,dfine_sahi,175383.0,unknown_object,0.4794,124.9,442.81,161.14,488.9,1670.2,36.24,46.09,0.786,False,,True,S-61,49,evt_S-61_desk_work_surface_0010,bc47ca5eb507b04d,pose_hand_context,,32098.3,3.57,,1,cam12/e1/v1,rtmpose_baseline
full,03.CCTV Mobile Usage.mkv,632de9ed55947761d56d4c6142a3cb1a1fe69d0b1a6d0e01a2e404c697962623,dfine_sahi,175383.0,phone,0.4373,201.63,498.05,271.23,514.72,1160.3,69.6,16.67,4.175,False,,True,S-61,49,evt_S-61_desk_work_surface_0010,bc47ca5eb507b04d,pose_hand_context,,32098.3,3.57,,1,cam12/e1/v1,rtmpose_baseline
full,03.CCTV Mobile Usage.mkv,632de9ed55947761d56d4c6142a3cb1a1fe69d0b1a6d0e01a2e404c697962623,dfine_sahi,175383.0,unknown_object,0.404,183.04,420.13,283.9,520.59,10133.0,100.87,100.46,1.004,False,,True,S-61,49,evt_S-61_desk_work_surface_0010,bc47ca5eb507b04d,pose_hand_context,,32098.3,3.57,,1,cam12/e1/v1,rtmpose_baseline
full,03.CCTV Mobile Usage.mkv,632de9ed55947761d56d4c6142a3cb1a1fe69d0b1a6d0e01a2e404c697962623,dfine_sahi,175383.0,unknown_object,0.3883,105.08,420.56,283.64,598.29,31734.7,178.56,177.73,1.005,False,,True,S-61,49,evt_S-61_desk_work_surface_0010,bc47ca5eb507b04d,pose_hand_context,,32098.3,3.57,,1,cam12/e1/v1,rtmpose_baseline
full,03.CCTV Mobile Usage.mkv,632de9ed55947761d56d4c6142a3cb1a1fe69d0b1a6d0e01a2e404c697962623,dfine_sahi,175383.0,unknown_object,0.3627,128.05,498.29,205.16,569.67,5503.9,77.11,71.38,1.08,False,,True,S-61,49,evt_S-61_desk_work_surface_0010,bc47ca5eb507b04d,pose_hand_context,,32098.3,3.57,,1,cam12/e1/v1,rtmpose_baseline
full,03.CCTV Mobile Usage.mkv,632de9ed55947761d56d4c6142a3cb1a1fe69d0b1a6d0e01a2e404c697962623,dfine_sahi,175383.0,unknown_object,0.3399,263.42,479.29,283.99,520.09,839.3,20.57,40.8,0.504,False,,True,S-61,49,evt_S-61_desk_work_surface_0010,bc47ca5eb507b04d,pose_hand_context,,32098.3,3.57,,1,cam12/e1/v1,rtmpose_baseline
full,03.CCTV Mobile Usage.mkv,632de9ed55947761d56d4c6142a3cb1a1fe69d0b1a6d0e01a2e404c697962623,dfine_sahi,175383.0,monitor_or_bezel,0.3096,104.99,440.42,217.53,598.1,17746.6,112.55,157.68,0.714,False,,True,S-61,49,evt_S-61_desk_work_surface_0010,bc47ca5eb507b04d,pose_hand_context,,32098.3,3.57,,1,cam12/e1/v1,rtmpose_baseline
full,03.CCTV Mobile Usage.mkv,632de9ed55947761d56d4c6142a3cb1a1fe69d0b1a6d0e01a2e404c697962623,dfine_sahi,175383.0,phone,0.2708,127.44,444.9,156.26,487.06,1215.2,28.82,42.16,0.684,False,,True,S-61,49,evt_S-61_desk_work_surface_0010,bc47ca5eb507b04d,pose_hand_context,,32098.3,3.57,,1,cam12/e1/v1,rtmpose_baseline
full,03.CCTV Mobile Usage.mkv,632de9ed55947761d56d4c6142a3cb1a1fe69d0b1a6d0e01a2e404c697962623,dfine_sahi,175383.0,phone,0.2619,105.03,442.11,159.89,512.8,3877.8,54.86,70.68,0.776,False,,True,S-61,49,evt_S-61_desk_work_surface_0010,bc47ca5eb507b04d,pose_hand_context,,32098.3,3.57,,1,cam12/e1/v1,rtmpose_baseline
full,03.CCTV Mobile Usage.mkv,632de9ed55947761d56d4c6142a3cb1a1fe69d0b1a6d0e01a2e404c697962623,dfine_sahi,175383.0,unknown_object,0.2597,105.02,442.65,205.04,520.63,7799.5,100.02,77.98,1.283,False,,True,S-61,49,evt_S-61_desk_work_surface_0010,bc47ca5eb507b04d,pose_hand_context,,32098.3,3.57,,1,cam12/e1/v1,rtmpose_baseline
full,03.CCTV Mobile Usage.mkv,632de9ed55947761d56d4c6142a3cb1a1fe69d0b1a6d0e01a2e404c697962623,dfine_sahi,175383.0,unknown_object,0.2509,183.02,482.52,283.59,520.95,3864.9,100.57,38.43,2.617,False,,True,S-61,49,evt_S-61_desk_work_surface_0010,bc47ca5eb507b04d,pose_hand_context,,32098.3,3.57,,1,cam12/e1/v1,rtmpose_baseline
full,03.CCTV Mobile Usage.mkv,632de9ed55947761d56d4c6142a3cb1a1fe69d0b1a6d0e01a2e404c697962623,dfine_sahi,175883.0,unknown_object,0.6336,104.2,420.21,203.89,519.23,9870.8,99.69,99.01,1.007,False,,True,S-61,49,evt_S-61_desk_work_surface_0010,a1831034a96c6f96,pose_hand_context,,31378.6,3.61,,1,cam12/e1/v1,rtmpose_baseline
full,03.CCTV Mobile Usage.mkv,632de9ed55947761d56d4c6142a3cb1a1fe69d0b1a6d0e01a2e404c697962623,dfine_sahi,175883.0,unknown_object,0.5851,124.21,444.51,162.88,487.35,1656.7,38.67,42.84,0.903,False,,True,S-61,49,evt_S-61_desk_work_surface_0010,a1831034a96c6f96,pose_hand_context,,31378.6,3.61,,1,cam12/e1/v1,rtmpose_baseline
full,03.CCTV Mobile Usage.mkv,632de9ed55947761d56d4c6142a3cb1a1fe69d0b1a6d0e01a2e404c697962623,dfine_sahi,175883.0,unknown_object,0.4682,182.03,488.82,276.87,519.88,2946.0,94.84,31.06,3.053,False,,True,S-61,49,evt_S-61_desk_work_surface_0010,a1831034a96c6f96,pose_hand_context,,31378.6,3.61,,1,cam12/e1/v1,rtmpose_baseline
full,03.CCTV Mobile Usage.mkv,632de9ed55947761d56d4c6142a3cb1a1fe69d0b1a6d0e01a2e404c697962623,dfine_sahi,175883.0,unknown_object,0.4303,104.07,501.53,215.62,596.0,10538.3,111.55,94.47,1.181,False,,True,S-61,49,evt_S-61_desk_work_surface_0010,a1831034a96c6f96,pose_hand_context,,31378.6,3.61,,1,cam12/e1/v1,rtmpose_baseline
full,03.CCTV Mobile Usage.mkv,632de9ed55947761d56d4c6142a3cb1a1fe69d0b1a6d0e01a2e404c697962623,dfine_sahi,175883.0,unknown_object,0.3981,181.91,420.16,281.11,519.6,9865.3,99.2,99.45,0.998,False,,True,S-61,49,evt_S-61_desk_work_surface_0010,a1831034a96c6f96,pose_hand_context,,31378.6,3.61,,1,cam12/e1/v1,rtmpose_baseline
full,03.CCTV Mobile Usage.mkv,632de9ed55947761d56d4c6142a3cb1a1fe69d0b1a6d0e01a2e404c697962623,dfine_sahi,175883.0,unknown_object,0.3102,159.88,458.36,184.95,480.68,559.6,25.07,22.32,1.123,False,,True,S-61,49,evt_S-61_desk_work_surface_0010,a1831034a96c6f96,pose_hand_context,,31378.6,3.61,,1,cam12/e1/v1,rtmpose_baseline
full,03.CCTV Mobile Usage.mkv,632de9ed55947761d56d4c6142a3cb1a1fe69d0b1a6d0e01a2e404c697962623,dfine_sahi,175883.0,phone,0.3054,126.56,492.19,154.63,503.64,321.4,28.07,11.45,2.451,False,,True,S-61,49,evt_S-61_desk_work_surface_0010,a1831034a96c6f96,pose_hand_context,,31378.6,3.61,,1,cam12/e1/v1,rtmpose_baseline
full,03.CCTV Mobile Usage.mkv,632de9ed55947761d56d4c6142a3cb1a1fe69d0b1a6d0e01a2e404c697962623,dfine_sahi,176383.0,unknown_object,0.6371,183.98,415.18,286.93,517.51,10535.6,102.96,102.33,1.006,False,,True,S-61,49,evt_S-61_desk_work_surface_0010,f813fba80aad2861,pose_hand_context,,33116.7,3.52,,1,cam12/e1/v1,rtmpose_baseline
full,03.CCTV Mobile Usage.mkv,632de9ed55947761d56d4c6142a3cb1a1fe69d0b1a6d0e01a2e404c697962623,dfine_sahi,176383.0,unknown_object,0.5288,125.51,440.82,161.7,501.24,2186.6,36.19,60.42,0.599,False,,True,S-61,49,evt_S-61_desk_work_surface_0010,f813fba80aad2861,pose_hand_context,,33116.7,3.52,,1,cam12/e1/v1,rtmpose_baseline
full,03.CCTV Mobile Usage.mkv,632de9ed55947761d56d4c6142a3cb1a1fe69d0b1a6d0e01a2e404c697962623,dfine_sahi,176383.0,unknown_object,0.3691,105.04,501.65,215.16,595.95,10384.3,110.12,94.3,1.168,False,,True,S-61,49,evt_S-61_desk_work_surface_0010,f813fba80aad2861,pose_hand_context,,33116.7,3.52,,1,cam12/e1/v1,rtmpose_baseline
full,03.CCTV Mobile Usage.mkv,632de9ed55947761d56d4c6142a3cb1a1fe69d0b1a6d0e01a2e404c697962623,dfine_sahi,176383.0,unknown_object,0.3397,104.99,415.48,286.12,595.99,32694.0,181.12,180.51,1.003,False,,True,S-61,49,evt_S-61_desk_work_surface_0010,f813fba80aad2861,pose_hand_context,,33116.7,3.52,,1,cam12/e1/v1,rtmpose_baseline
full,03.CCTV Mobile Usage.mkv,632de9ed55947761d56d4c6142a3cb1a1fe69d0b1a6d0e01a2e404c697962623,dfine_sahi,176383.0,unknown_object,0.3318,104.84,459.88,116.32,504.59,513.2,11.48,44.71,0.257,False,,True,S-61,49,evt_S-61_desk_work_surface_0010,f813fba80aad2861,pose_hand_context,,33116.7,3.52,,1,cam12/e1/v1,rtmpose_baseline
full,03.CCTV Mobile Usage.mkv,632de9ed55947761d56d4c6142a3cb1a1fe69d0b1a6d0e01a2e404c697962623,dfine_sahi,176383.0,unknown_object,0.2975,104.97,444.34,151.09,511.67,3104.6,46.12,67.32,0.685,False,,True,S-61,49,evt_S-61_desk_work_surface_0010,f813fba80aad2861,pose_hand_context,,33116.7,3.52,,1,cam12/e1/v1,rtmpose_baseline
full,03.CCTV Mobile Usage.mkv,632de9ed55947761d56d4c6142a3cb1a1fe69d0b1a6d0e01a2e404c697962623,dfine_sahi,176383.0,phone,0.2885,126.77,444.09,159.84,484.39,1332.5,33.07,40.3,0.821,False,,True,S-61,49,evt_S-61_desk_work_surface_0010,f813fba80aad2861,pose_hand_context,,33116.7,3.52,,1,cam12/e1/v1,rtmpose_baseline
full,03.CCTV Mobile Usage.mkv,632de9ed55947761d56d4c6142a3cb1a1fe69d0b1a6d0e01a2e404c697962623,dfine_sahi,176383.0,unknown_object,0.2746,184.01,495.21,286.95,575.7,8285.5,102.94,80.49,1.279,False,,True,S-61,49,evt_S-61_desk_work_surface_0010,f813fba80aad2861,pose_hand_context,,33116.7,3.52,,1,cam12/e1/v1,rtmpose_baseline
full,03.CCTV Mobile Usage.mkv,632de9ed55947761d56d4c6142a3cb1a1fe69d0b1a6d0e01a2e404c697962623,dfine_sahi,176383.0,unknown_object,0.2636,160.06,458.28,186.72,480.45,591.3,26.66,22.18,1.202,False,,True,S-61,49,evt_S-61_desk_work_surface_0010,f813fba80aad2861,pose_hand_context,,33116.7,3.52,,1,cam12/e1/v1,rtmpose_baseline
full,03.CCTV Mobile Usage.mkv,632de9ed55947761d56d4c6142a3cb1a1fe69d0b1a6d0e01a2e404c697962623,dfine_sahi,180900.0,unknown_object,0.5512,93.96,278.42,203.88,385.97,11822.0,109.91,107.56,1.022,False,,True,S-61,50,evt_S-61_desk_work_surface_0011,0b9ec7eed2bacf5b,pose_hand_context,,37799.1,3.29,,1,cam12/e1/v1,rtmpose_baseline
full,03.CCTV Mobile Usage.mkv,632de9ed55947761d56d4c6142a3cb1a1fe69d0b1a6d0e01a2e404c697962623,dfine_sahi,180900.0,monitor_or_bezel,0.5394,70.48,383.93,171.56,452.71,6952.5,101.08,68.78,1.47,False,,True,S-61,50,evt_S-61_desk_work_surface_0011,0b9ec7eed2bacf5b,pose_hand_context,,37799.1,3.29,,1,cam12/e1/v1,rtmpose_baseline
full,03.CCTV Mobile Usage.mkv,632de9ed55947761d56d4c6142a3cb1a1fe69d0b1a6d0e01a2e404c697962623,dfine_sahi,180900.0,stationery,0.5138,39.81,443.75,71.84,470.55,858.4,32.03,26.8,1.195,False,,True,S-61,50,evt_S-61_desk_work_surface_0011,0b9ec7eed2bacf5b,pose_hand_context,,37799.1,3.29,,1,cam12/e1/v1,rtmpose_baseline
full,03.CCTV Mobile Usage.mkv,632de9ed55947761d56d4c6142a3cb1a1fe69d0b1a6d0e01a2e404c697962623,dfine_sahi,180900.0,unknown_object,0.4759,9.12,279.76,197.43,469.96,35818.4,188.32,190.2,0.99,False,,True,S-61,50,evt_S-61_desk_work_surface_0011,0b9ec7eed2bacf5b,pose_hand_context,,37799.1,3.29,,1,cam12/e1/v1,rtmpose_baseline
full,03.CCTV Mobile Usage.mkv,632de9ed55947761d56d4c6142a3cb1a1fe69d0b1a6d0e01a2e404c697962623,dfine_sahi,180900.0,unknown_object,0.4399,62.22,353.14,118.99,386.18,1875.4,56.76,33.04,1.718,False,,True,S-61,50,evt_S-61_desk_work_surface_0011,0b9ec7eed2bacf5b,pose_hand_context,,37799.1,3.29,,1,cam12/e1/v1,rtmpose_baseline
full,03.CCTV Mobile Usage.mkv,632de9ed55947761d56d4c6142a3cb1a1fe69d0b1a6d0e01a2e404c697962623,dfine_sahi,180900.0,monitor_or_bezel,0.4359,16.02,297.68,108.05,360.19,5752.2,92.03,62.51,1.472,False,,True,S-61,50,evt_S-61_desk_work_surface_0011,0b9ec7eed2bacf5b,pose_hand_context,,37799.1,3.29,,1,cam12/e1/v1,rtmpose_baseline
full,03.CCTV Mobile Usage.mkv,632de9ed55947761d56d4c6142a3cb1a1fe69d0b1a6d0e01a2e404c697962623,dfine_sahi,180900.0,unknown_object,0.3581,94.04,385.29,193.43,471.03,8521.8,99.4,85.74,1.159,False,,True,S-61,50,evt_S-61_desk_work_surface_0011,0b9ec7eed2bacf5b,pose_hand_context,,37799.1,3.29,,1,cam12/e1/v1,rtmpose_baseline
full,03.CCTV Mobile Usage.mkv,632de9ed55947761d56d4c6142a3cb1a1fe69d0b1a6d0e01a2e404c697962623,dfine_sahi,180900.0,bag,0.3271,18.55,299.22,108.33,359.28,5391.4,89.78,60.05,1.495,False,,True,S-61,50,evt_S-61_desk_work_surface_0011,0b9ec7eed2bacf5b,pose_hand_context,,37799.1,3.29,,1,cam12/e1/v1,rtmpose_baseline
full,03.CCTV Mobile Usage.mkv,632de9ed55947761d56d4c6142a3cb1a1fe69d0b1a6d0e01a2e404c697962623,dfine_sahi,180900.0,monitor_or_bezel,0.3249,37.65,302.2,170.7,452.79,20035.9,133.05,150.59,0.884,False,,True,S-61,50,evt_S-61_desk_work_surface_0011,0b9ec7eed2bacf5b,pose_hand_context,,37799.1,3.29,,1,cam12/e1/v1,rtmpose_baseline
full,03.CCTV Mobile Usage.mkv,632de9ed55947761d56d4c6142a3cb1a1fe69d0b1a6d0e01a2e404c697962623,dfine_sahi,180900.0,unknown_object,0.3092,8.98,285.34,83.26,451.26,12324.5,74.28,165.92,0.448,False,,True,S-61,50,evt_S-61_desk_work_surface_0011,0b9ec7eed2bacf5b,pose_hand_context,,37799.1,3.29,,1,cam12/e1/v1,rtmpose_baseline
full,03.CCTV Mobile Usage.mkv,632de9ed55947761d56d4c6142a3cb1a1fe69d0b1a6d0e01a2e404c697962623,dfine_sahi,180900.0,unknown_object,0.3016,94.15,357.51,199.2,386.17,3011.4,105.05,28.67,3.665,False,,True,S-61,50,evt_S-61_desk_work_surface_0011,0b9ec7eed2bacf5b,pose_hand_context,,37799.1,3.29,,1,cam12/e1/v1,rtmpose_baseline
full,03.CCTV Mobile Usage.mkv,632de9ed55947761d56d4c6142a3cb1a1fe69d0b1a6d0e01a2e404c697962623,dfine_sahi,180900.0,mouse,0.2986,58.81,379.1,75.68,393.18,237.5,16.87,14.08,1.198,False,,True,S-61,50,evt_S-61_desk_work_surface_0011,0b9ec7eed2bacf5b,pose_hand_context,,37799.1,3.29,,1,cam12/e1/v1,rtmpose_baseline
full,03.CCTV Mobile Usage.mkv,632de9ed55947761d56d4c6142a3cb1a1fe69d0b1a6d0e01a2e404c697962623,dfine_sahi,180900.0,keyboard,0.2697,42.89,326.12,107.86,358.95,2133.1,64.97,32.83,1.979,False,,True,S-61,50,evt_S-61_desk_work_surface_0011,0b9ec7eed2bacf5b,pose_hand_context,,37799.1,3.29,,1,cam12/e1/v1,rtmpose_baseline
full,03.CCTV Mobile Usage.mkv,632de9ed55947761d56d4c6142a3cb1a1fe69d0b1a6d0e01a2e404c697962623,dfine_sahi,180900.0,bag,0.2691,72.74,385.33,118.98,452.42,3101.4,46.23,67.08,0.689,False,,True,S-61,50,evt_S-61_desk_work_surface_0011,0b9ec7eed2bacf5b,pose_hand_context,,37799.1,3.29,,1,cam12/e1/v1,rtmpose_baseline
full,03.CCTV Mobile Usage.mkv,632de9ed55947761d56d4c6142a3cb1a1fe69d0b1a6d0e01a2e404c697962623,dfine_sahi,181400.0,unknown_object,0.4969,111.1,502.15,213.85,604.39,10504.1,102.74,102.24,1.005,False,,True,S-61,50,evt_S-61_desk_work_surface_0011,84f5059eb8ce5fa4,pose_hand_context,,33760.4,3.48,,1,cam12/e1/v1,rtmpose_baseline
full,03.CCTV Mobile Usage.mkv,632de9ed55947761d56d4c6142a3cb1a1fe69d0b1a6d0e01a2e404c697962623,dfine_sahi,181400.0,stationery,0.4834,113.65,437.05,167.08,508.88,3838.2,53.43,71.83,0.744,False,,True,S-61,50,evt_S-61_desk_work_surface_0011,84f5059eb8ce5fa4,pose_hand_context,,33760.4,3.48,,1,cam12/e1/v1,rtmpose_baseline
full,03.CCTV Mobile Usage.mkv,632de9ed55947761d56d4c6142a3cb1a1fe69d0b1a6d0e01a2e404c697962623,dfine_sahi,181400.0,unknown_object,0.3973,191.02,422.17,294.95,524.18,10601.9,103.92,102.02,1.019,False,,True,S-61,50,evt_S-61_desk_work_surface_0011,84f5059eb8ce5fa4,pose_hand_context,,33760.4,3.48,,1,cam12/e1/v1,rtmpose_baseline
full,03.CCTV Mobile Usage.mkv,632de9ed55947761d56d4c6142a3cb1a1fe69d0b1a6d0e01a2e404c697962623,dfine_sahi,181400.0,unknown_object,0.3767,116.21,422.12,213.94,505.05,8104.4,97.73,82.92,1.179,False,,True,S-61,50,evt_S-61_desk_work_surface_0011,84f5059eb8ce5fa4,pose_hand_context,,33760.4,3.48,,1,cam12/e1/v1,rtmpose_baseline
full,03.CCTV Mobile Usage.mkv,632de9ed55947761d56d4c6142a3cb1a1fe69d0b1a6d0e01a2e404c697962623,dfine_sahi,181400.0,unknown_object,0.305,111.07,422.78,294.87,603.46,33208.4,183.8,180.68,1.017,False,,True,S-61,50,evt_S-61_desk_work_surface_0011,84f5059eb8ce5fa4,pose_hand_context,,33760.4,3.48,,1,cam12/e1/v1,rtmpose_baseline
full,03.CCTV Mobile Usage.mkv,632de9ed55947761d56d4c6142a3cb1a1fe69d0b1a6d0e01a2e404c697962623,dfine_sahi,181400.0,unknown_object,0.2966,126.75,502.06,213.9,534.62,2837.9,87.15,32.56,2.676,False,,True,S-61,50,evt_S-61_desk_work_surface_0011,84f5059eb8ce5fa4,pose_hand_context,,33760.4,3.48,,1,cam12/e1/v1,rtmpose_baseline
full,03.CCTV Mobile Usage.mkv,632de9ed55947761d56d4c6142a3cb1a1fe69d0b1a6d0e01a2e404c697962623,dfine_sahi,181400.0,unknown_object,0.2637,191.07,493.49,293.65,524.41,3171.4,102.57,30.92,3.318,False,,True,S-61,50,evt_S-61_desk_work_surface_0011,84f5059eb8ce5fa4,pose_hand_context,,33760.4,3.48,,1,cam12/e1/v1,rtmpose_baseline
full,03.CCTV Mobile Usage.mkv,632de9ed55947761d56d4c6142a3cb1a1fe69d0b1a6d0e01a2e404c697962623,dfine_sahi,181400.0,unknown_object,0.2545,146.86,502.14,213.99,567.74,4403.5,67.12,65.6,1.023,False,,True,S-61,50,evt_S-61_desk_work_surface_0011,84f5059eb8ce5fa4,pose_hand_context,,33760.4,3.48,,1,cam12/e1/v1,rtmpose_baseline
full,03.CCTV Mobile Usage.mkv,632de9ed55947761d56d4c6142a3cb1a1fe69d0b1a6d0e01a2e404c697962623,dfine_sahi,181900.0,unknown_object,0.7577,102.01,405.2,210.9,513.09,11748.3,108.89,107.89,1.009,False,,True,S-61,50,evt_S-61_desk_work_surface_0011,69c4ad3f30796d74,pose_hand_context,,37581.7,3.3,,1,cam12/e1/v1,rtmpose_baseline
full,03.CCTV Mobile Usage.mkv,632de9ed55947761d56d4c6142a3cb1a1fe69d0b1a6d0e01a2e404c697962623,dfine_sahi,181900.0,unknown_object,0.5913,186.95,405.21,295.93,513.51,11801.5,108.98,108.29,1.006,False,,True,S-61,50,evt_S-61_desk_work_surface_0011,69c4ad3f30796d74,pose_hand_context,,37581.7,3.3,,1,cam12/e1/v1,rtmpose_baseline
full,03.CCTV Mobile Usage.mkv,632de9ed55947761d56d4c6142a3cb1a1fe69d0b1a6d0e01a2e404c697962623,dfine_sahi,181900.0,unknown_object,0.3535,187.02,490.15,295.95,598.73,11827.6,108.92,108.59,1.003,False,,True,S-61,50,evt_S-61_desk_work_surface_0011,69c4ad3f30796d74,pose_hand_context,,37581.7,3.3,,1,cam12/e1/v1,rtmpose_baseline
full,03.CCTV Mobile Usage.mkv,632de9ed55947761d56d4c6142a3cb1a1fe69d0b1a6d0e01a2e404c697962623,dfine_sahi,181900.0,unknown_object,0.3053,102.04,405.5,295.81,598.35,37370.6,193.77,192.86,1.005,False,,True,S-61,50,evt_S-61_desk_work_surface_0011,69c4ad3f30796d74,pose_hand_context,,37581.7,3.3,,1,cam12/e1/v1,rtmpose_baseline
full,03.CCTV Mobile Usage.mkv,632de9ed55947761d56d4c6142a3cb1a1fe69d0b1a6d0e01a2e404c697962623,dfine_sahi,181900.0,unknown_object,0.3036,121.12,490.07,168.73,510.37,966.5,47.62,20.3,2.346,False,,True,S-61,50,evt_S-61_desk_work_surface_0011,69c4ad3f30796d74,pose_hand_context,,37581.7,3.3,,1,cam12/e1/v1,rtmpose_baseline
full,03.CCTV Mobile Usage.mkv,632de9ed55947761d56d4c6142a3cb1a1fe69d0b1a6d0e01a2e404c697962623,dfine_sahi,181900.0,unknown_object,0.2637,102.01,499.93,216.64,598.41,11289.0,114.63,98.48,1.164,False,,True,S-61,50,evt_S-61_desk_work_surface_0011,69c4ad3f30796d74,pose_hand_context,,37581.7,3.3,,1,cam12/e1/v1,rtmpose_baseline
full,03.CCTV Mobile Usage.mkv,632de9ed55947761d56d4c6142a3cb1a1fe69d0b1a6d0e01a2e404c697962623,dfine_sahi,182400.0,unknown_object,0.4848,95.06,413.17,220.99,529.45,14644.4,125.94,116.28,1.083,False,,True,S-61,50,evt_S-61_desk_work_surface_0011,81b28dda6ac20991,pose_hand_context,,50176.0,2.86,,1,cam12/e1/v1,rtmpose_baseline
full,03.CCTV Mobile Usage.mkv,632de9ed55947761d56d4c6142a3cb1a1fe69d0b1a6d0e01a2e404c697962623,dfine_sahi,182400.0,unknown_object,0.4403,122.65,479.53,220.98,529.55,4917.8,98.33,50.02,1.966,False,,True,S-61,50,evt_S-61_desk_work_surface_0011,81b28dda6ac20991,pose_hand_context,,50176.0,2.86,,1,cam12/e1/v1,rtmpose_baseline
full,03.CCTV Mobile Usage.mkv,632de9ed55947761d56d4c6142a3cb1a1fe69d0b1a6d0e01a2e404c697962623,dfine_sahi,182400.0,unknown_object,0.4198,159.24,449.19,190.72,481.01,1001.5,31.48,31.81,0.99,False,,True,S-61,50,evt_S-61_desk_work_surface_0011,81b28dda6ac20991,pose_hand_context,,50176.0,2.86,,1,cam12/e1/v1,rtmpose_baseline
full,03.CCTV Mobile Usage.mkv,632de9ed55947761d56d4c6142a3cb1a1fe69d0b1a6d0e01a2e404c697962623,dfine_sahi,182400.0,unknown_object,0.4025,94.99,413.78,164.08,508.85,6568.0,69.09,95.07,0.727,False,,True,S-61,50,evt_S-61_desk_work_surface_0011,81b28dda6ac20991,pose_hand_context,,50176.0,2.86,,1,cam12/e1/v1,rtmpose_baseline
full,03.CCTV Mobile Usage.mkv,632de9ed55947761d56d4c6142a3cb1a1fe69d0b1a6d0e01a2e404c697962623,dfine_sahi,182400.0,unknown_object,0.3868,95.02,497.55,241.58,627.0,18971.5,146.56,129.44,1.132,False,,True,S-61,50,evt_S-61_desk_work_surface_0011,81b28dda6ac20991,pose_hand_context,,50176.0,2.86,,1,cam12/e1/v1,rtmpose_baseline
full,03.CCTV Mobile Usage.mkv,632de9ed55947761d56d4c6142a3cb1a1fe69d0b1a6d0e01a2e404c697962623,dfine_sahi,182400.0,unknown_object,0.3588,120.03,502.12,220.93,569.51,6799.3,100.9,67.39,1.497,False,,True,S-61,50,evt_S-61_desk_work_surface_0011,81b28dda6ac20991,pose_hand_context,,50176.0,2.86,,1,cam12/e1/v1,rtmpose_baseline
full,03.CCTV Mobile Usage.mkv,632de9ed55947761d56d4c6142a3cb1a1fe69d0b1a6d0e01a2e404c697962623,dfine_sahi,182400.0,monitor_or_bezel,0.3488,95.04,413.11,242.82,626.89,31592.9,147.78,213.78,0.691,False,,True,S-61,50,evt_S-61_desk_work_surface_0011,81b28dda6ac20991,pose_hand_context,,50176.0,2.86,,1,cam12/e1/v1,rtmpose_baseline
full,03.CCTV Mobile Usage.mkv,632de9ed55947761d56d4c6142a3cb1a1fe69d0b1a6d0e01a2e404c697962623,dfine_sahi,182400.0,unknown_object,0.3469,193.05,404.15,318.92,529.6,15791.9,125.88,125.45,1.003,False,,True,S-61,50,evt_S-61_desk_work_surface_0011,81b28dda6ac20991,pose_hand_context,,50176.0,2.86,,1,cam12/e1/v1,rtmpose_baseline
full,03.CCTV Mobile Usage.mkv,632de9ed55947761d56d4c6142a3cb1a1fe69d0b1a6d0e01a2e404c697962623,dfine_sahi,182400.0,phone,0.28,206.65,502.0,281.93,518.46,1239.3,75.28,16.46,4.573,False,,True,S-61,50,evt_S-61_desk_work_surface_0011,81b28dda6ac20991,pose_hand_context,,50176.0,2.86,,1,cam12/e1/v1,rtmpose_baseline
full,03.CCTV Mobile Usage.mkv,632de9ed55947761d56d4c6142a3cb1a1fe69d0b1a6d0e01a2e404c697962623,dfine_sahi,182400.0,unknown_object,0.2552,193.46,563.01,318.88,627.58,8097.3,125.42,64.56,1.943,False,,True,S-61,50,evt_S-61_desk_work_surface_0011,81b28dda6ac20991,pose_hand_context,,50176.0,2.86,,1,cam12/e1/v1,rtmpose_baseline
full,03.CCTV Mobile Usage.mkv,632de9ed55947761d56d4c6142a3cb1a1fe69d0b1a6d0e01a2e404c697962623,dfine_sahi,182400.0,unknown_object,0.2511,95.1,404.1,194.13,455.29,5069.9,99.04,51.19,1.935,False,,True,S-61,50,evt_S-61_desk_work_surface_0011,81b28dda6ac20991,pose_hand_context,,50176.0,2.86,,1,cam12/e1/v1,rtmpose_baseline
full,03.CCTV Mobile Usage.mkv,632de9ed55947761d56d4c6142a3cb1a1fe69d0b1a6d0e01a2e404c697962623,dfine_sahi,182900.0,unknown_object,0.6305,58.16,331.47,177.05,448.47,13909.7,118.89,116.99,1.016,False,,True,S-61,50,evt_S-61_desk_work_surface_0011,67da8fb03982df7d,pose_hand_context,,44977.9,3.02,,1,cam12/e1/v1,rtmpose_baseline
full,03.CCTV Mobile Usage.mkv,632de9ed55947761d56d4c6142a3cb1a1fe69d0b1a6d0e01a2e404c697962623,dfine_sahi,182900.0,unknown_object,0.5584,58.0,424.47,177.9,541.78,14064.6,119.9,117.3,1.022,False,,True,S-61,50,evt_S-61_desk_work_surface_0011,67da8fb03982df7d,pose_hand_context,,44977.9,3.02,,1,cam12/e1/v1,rtmpose_baseline
full,03.CCTV Mobile Usage.mkv,632de9ed55947761d56d4c6142a3cb1a1fe69d0b1a6d0e01a2e404c697962623,dfine_sahi,182900.0,unknown_object,0.3844,57.97,358.5,84.47,408.78,1332.4,26.5,50.28,0.527,False,,True,S-61,50,evt_S-61_desk_work_surface_0011,67da8fb03982df7d,pose_hand_context,,44977.9,3.02,,1,cam12/e1/v1,rtmpose_baseline
full,03.CCTV Mobile Usage.mkv,632de9ed55947761d56d4c6142a3cb1a1fe69d0b1a6d0e01a2e404c697962623,dfine_sahi,182900.0,unknown_object,0.3073,112.74,348.21,198.5,459.97,9583.5,85.75,111.76,0.767,False,,True,S-61,50,evt_S-61_desk_work_surface_0011,67da8fb03982df7d,pose_hand_context,,44977.9,3.02,,1,cam12/e1/v1,rtmpose_baseline
full,03.CCTV Mobile Usage.mkv,632de9ed55947761d56d4c6142a3cb1a1fe69d0b1a6d0e01a2e404c697962623,dfine_sahi,182900.0,unknown_object,0.3015,107.4,424.37,178.01,466.33,2962.9,70.61,41.96,1.683,False,,True,S-61,50,evt_S-61_desk_work_surface_0011,67da8fb03982df7d,pose_hand_context,,44977.9,3.02,,1,cam12/e1/v1,rtmpose_baseline
full,03.CCTV Mobile Usage.mkv,632de9ed55947761d56d4c6142a3cb1a1fe69d0b1a6d0e01a2e404c697962623,dfine_sahi,182900.0,phone,0.2805,57.99,443.85,71.92,467.77,333.1,13.93,23.92,0.582,False,,True,S-61,50,evt_S-61_desk_work_surface_0011,67da8fb03982df7d,pose_hand_context,,44977.9,3.02,,1,cam12/e1/v1,rtmpose_baseline
full,03.CCTV Mobile Usage.mkv,632de9ed55947761d56d4c6142a3cb1a1fe69d0b1a6d0e01a2e404c697962623,dfine_sahi,182900.0,unknown_object,0.2761,184.17,454.4,269.91,535.89,6987.1,85.74,81.49,1.052,False,,True,S-61,50,evt_S-61_desk_work_surface_0011,67da8fb03982df7d,pose_hand_context,,44977.9,3.02,,1,cam12/e1/v1,rtmpose_baseline
full,03.CCTV Mobile Usage.mkv,632de9ed55947761d56d4c6142a3cb1a1fe69d0b1a6d0e01a2e404c697962623,dfine_sahi,182900.0,unknown_object,0.2744,58.02,358.02,87.03,471.4,3289.5,29.01,113.38,0.256,False,,True,S-61,50,evt_S-61_desk_work_surface_0011,67da8fb03982df7d,pose_hand_context,,44977.9,3.02,,1,cam12/e1/v1,rtmpose_baseline
full,03.CCTV Mobile Usage.mkv,632de9ed55947761d56d4c6142a3cb1a1fe69d0b1a6d0e01a2e404c697962623,dfine_sahi,183400.0,unknown_object,0.6455,54.82,414.22,172.13,531.34,13739.3,117.31,117.12,1.002,False,,True,S-61,50,evt_S-61_desk_work_surface_0011,6a3d6b002a8f268a,pose_hand_context,,43781.4,3.06,,1,cam12/e1/v1,rtmpose_baseline
full,03.CCTV Mobile Usage.mkv,632de9ed55947761d56d4c6142a3cb1a1fe69d0b1a6d0e01a2e404c697962623,dfine_sahi,183400.0,unknown_object,0.5836,55.11,323.27,171.89,439.1,13526.2,116.78,115.83,1.008,False,,True,S-61,50,evt_S-61_desk_work_surface_0011,6a3d6b002a8f268a,pose_hand_context,,43781.4,3.06,,1,cam12/e1/v1,rtmpose_baseline
full,03.CCTV Mobile Usage.mkv,632de9ed55947761d56d4c6142a3cb1a1fe69d0b1a6d0e01a2e404c697962623,dfine_sahi,183400.0,unknown_object,0.561,146.14,323.21,263.95,438.82,13619.9,117.81,115.61,1.019,False,,True,S-61,50,evt_S-61_desk_work_surface_0011,6a3d6b002a8f268a,pose_hand_context,,43781.4,3.06,,1,cam12/e1/v1,rtmpose_baseline
full,03.CCTV Mobile Usage.mkv,632de9ed55947761d56d4c6142a3cb1a1fe69d0b1a6d0e01a2e404c697962623,dfine_sahi,183400.0,unknown_object,0.5279,79.88,414.11,172.05,459.9,4220.6,92.17,45.79,2.013,False,,True,S-61,50,evt_S-61_desk_work_surface_0011,6a3d6b002a8f268a,pose_hand_context,,43781.4,3.06,,1,cam12/e1/v1,rtmpose_baseline
full,03.CCTV Mobile Usage.mkv,632de9ed55947761d56d4c6142a3cb1a1fe69d0b1a6d0e01a2e404c697962623,dfine_sahi,183400.0,unknown_object,0.4431,194.88,345.89,263.95,401.57,3845.6,69.06,55.68,1.24,False,,True,S-61,50,evt_S-61_desk_work_surface_0011,6a3d6b002a8f268a,pose_hand_context,,43781.4,3.06,,1,cam12/e1/v1,rtmpose_baseline
full,03.CCTV Mobile Usage.mkv,632de9ed55947761d56d4c6142a3cb1a1fe69d0b1a6d0e01a2e404c697962623,dfine_sahi,183400.0,unknown_object,0.4389,146.04,414.24,263.94,531.28,13799.0,117.91,117.03,1.007,False,,True,S-61,50,evt_S-61_desk_work_surface_0011,6a3d6b002a8f268a,pose_hand_context,,43781.4,3.06,,1,cam12/e1/v1,rtmpose_baseline
full,03.CCTV Mobile Usage.mkv,632de9ed55947761d56d4c6142a3cb1a1fe69d0b1a6d0e01a2e404c697962623,dfine_sahi,183400.0,unknown_object,0.4359,54.97,356.36,84.23,409.73,1561.7,29.26,53.38,0.548,False,,True,S-61,50,evt_S-61_desk_work_surface_0011,6a3d6b002a8f268a,pose_hand_context,,43781.4,3.06,,1,cam12/e1/v1,rtmpose_baseline
full,03.CCTV Mobile Usage.mkv,632de9ed55947761d56d4c6142a3cb1a1fe69d0b1a6d0e01a2e404c697962623,dfine_sahi,183400.0,unknown_object,0.3649,55.24,355.18,263.86,530.8,36637.0,208.61,175.62,1.188,False,,True,S-61,50,evt_S-61_desk_work_surface_0011,6a3d6b002a8f268a,pose_hand_context,,43781.4,3.06,,1,cam12/e1/v1,rtmpose_baseline
full,03.CCTV Mobile Usage.mkv,632de9ed55947761d56d4c6142a3cb1a1fe69d0b1a6d0e01a2e404c697962623,dfine_sahi,183400.0,unknown_object,0.2896,54.99,355.5,97.23,439.37,3542.8,42.24,83.87,0.504,False,,True,S-61,50,evt_S-61_desk_work_surface_0011,6a3d6b002a8f268a,pose_hand_context,,43781.4,3.06,,1,cam12/e1/v1,rtmpose_baseline
full,03.CCTV Mobile Usage.mkv,632de9ed55947761d56d4c6142a3cb1a1fe69d0b1a6d0e01a2e404c697962623,dfine_sahi,183400.0,unknown_object,0.268,146.02,500.07,263.98,531.66,3727.1,117.96,31.6,3.733,False,,True,S-61,50,evt_S-61_desk_work_surface_0011,6a3d6b002a8f268a,pose_hand_context,,43781.4,3.06,,1,cam12/e1/v1,rtmpose_baseline
full,03.CCTV Mobile Usage.mkv,632de9ed55947761d56d4c6142a3cb1a1fe69d0b1a6d0e01a2e404c697962623,dfine_sahi,183400.0,phone,0.2644,55.0,443.93,71.88,469.71,435.2,16.88,25.79,0.654,False,,True,S-61,50,evt_S-61_desk_work_surface_0011,6a3d6b002a8f268a,pose_hand_context,,43781.4,3.06,,1,cam12/e1/v1,rtmpose_baseline
full,03.CCTV Mobile Usage.mkv,632de9ed55947761d56d4c6142a3cb1a1fe69d0b1a6d0e01a2e404c697962623,dfine_sahi,183900.0,unknown_object,0.5828,74.1,378.8,293.85,597.09,47969.3,219.75,218.29,1.007,False,,True,S-61,50,evt_S-61_desk_work_surface_0011,59b6bfd1e62d29fb,pose_hand_context,,48461.6,2.91,,1,cam12/e1/v1,rtmpose_baseline
full,03.CCTV Mobile Usage.mkv,632de9ed55947761d56d4c6142a3cb1a1fe69d0b1a6d0e01a2e404c697962623,dfine_sahi,183900.0,unknown_object,0.5646,74.01,378.33,197.85,501.21,15217.3,123.84,122.88,1.008,False,,True,S-61,50,evt_S-61_desk_work_surface_0011,59b6bfd1e62d29fb,pose_hand_context,,48461.6,2.91,,1,cam12/e1/v1,rtmpose_baseline
full,03.CCTV Mobile Usage.mkv,632de9ed55947761d56d4c6142a3cb1a1fe69d0b1a6d0e01a2e404c697962623,dfine_sahi,183900.0,unknown_object,0.5183,133.74,406.27,189.91,466.35,3374.5,56.16,60.08,0.935,False,,True,S-61,50,evt_S-61_desk_work_surface_0011,59b6bfd1e62d29fb,pose_hand_context,,48461.6,2.91,,1,cam12/e1/v1,rtmpose_baseline
full,03.CCTV Mobile Usage.mkv,632de9ed55947761d56d4c6142a3cb1a1fe69d0b1a6d0e01a2e404c697962623,dfine_sahi,183900.0,unknown_object,0.4516,74.0,509.61,84.71,543.48,362.6,10.71,33.86,0.316,False,,True,S-61,50,evt_S-61_desk_work_surface_0011,59b6bfd1e62d29fb,pose_hand_context,,48461.6,2.91,,1,cam12/e1/v1,rtmpose_baseline
full,03.CCTV Mobile Usage.mkv,632de9ed55947761d56d4c6142a3cb1a1fe69d0b1a6d0e01a2e404c697962623,dfine_sahi,183900.0,unknown_object,0.4063,170.03,474.16,293.98,597.49,15286.0,123.95,123.33,1.005,False,,True,S-61,50,evt_S-61_desk_work_surface_0011,59b6bfd1e62d29fb,pose_hand_context,,48461.6,2.91,,1,cam12/e1/v1,rtmpose_baseline
full,03.CCTV Mobile Usage.mkv,632de9ed55947761d56d4c6142a3cb1a1fe69d0b1a6d0e01a2e404c697962623,dfine_sahi,183900.0,unknown_object,0.371,73.99,474.11,197.91,543.9,8648.5,123.92,69.79,1.776,False,,True,S-61,50,evt_S-61_desk_work_surface_0011,59b6bfd1e62d29fb,pose_hand_context,,48461.6,2.91,,1,cam12/e1/v1,rtmpose_baseline
full,03.CCTV Mobile Usage.mkv,632de9ed55947761d56d4c6142a3cb1a1fe69d0b1a6d0e01a2e404c697962623,dfine_sahi,183900.0,unknown_object,0.3138,170.02,378.12,293.93,501.45,15281.9,123.91,123.33,1.005,False,,True,S-61,50,evt_S-61_desk_work_surface_0011,59b6bfd1e62d29fb,pose_hand_context,,48461.6,2.91,,1,cam12/e1/v1,rtmpose_baseline
full,03.CCTV Mobile Usage.mkv,632de9ed55947761d56d4c6142a3cb1a1fe69d0b1a6d0e01a2e404c697962623,dfine_sahi,183900.0,unknown_object,0.2567,81.22,387.13,165.98,455.7,5811.8,84.76,68.57,1.236,False,,True,S-61,50,evt_S-61_desk_work_surface_0011,59b6bfd1e62d29fb,pose_hand_context,,48461.6,2.91,,1,cam12/e1/v1,rtmpose_baseline
full,03.CCTV Mobile Usage.mkv,632de9ed55947761d56d4c6142a3cb1a1fe69d0b1a6d0e01a2e404c697962623,dfine_sahi,184400.0,unknown_object,0.524,56.26,323.43,181.73,448.34,15672.9,125.47,124.91,1.004,False,,True,S-61,50,evt_S-61_desk_work_surface_0011,a6d8ef295a0de6a6,pose_hand_context,,50229.8,2.86,,1,cam12/e1/v1,rtmpose_baseline
full,03.CCTV Mobile Usage.mkv,632de9ed55947761d56d4c6142a3cb1a1fe69d0b1a6d0e01a2e404c697962623,dfine_sahi,184400.0,unknown_object,0.4634,56.04,421.31,181.92,546.38,15743.4,125.88,125.07,1.006,False,,True,S-61,50,evt_S-61_desk_work_surface_0011,a6d8ef295a0de6a6,pose_hand_context,,50229.8,2.86,,1,cam12/e1/v1,rtmpose_baseline
full,03.CCTV Mobile Usage.mkv,632de9ed55947761d56d4c6142a3cb1a1fe69d0b1a6d0e01a2e404c697962623,dfine_sahi,184400.0,unknown_object,0.3918,153.99,421.32,208.87,546.4,6865.3,54.89,125.08,0.439,False,,True,S-61,50,evt_S-61_desk_work_surface_0011,a6d8ef295a0de6a6,pose_hand_context,,50229.8,2.86,,1,cam12/e1/v1,rtmpose_baseline
full,03.CCTV Mobile Usage.mkv,632de9ed55947761d56d4c6142a3cb1a1fe69d0b1a6d0e01a2e404c697962623,dfine_sahi,184400.0,unknown_object,0.3699,124.35,421.81,181.99,538.11,6703.2,57.64,116.29,0.496,False,,True,S-61,50,evt_S-61_desk_work_surface_0011,a6d8ef295a0de6a6,pose_hand_context,,50229.8,2.86,,1,cam12/e1/v1,rtmpose_baseline
full,03.CCTV Mobile Usage.mkv,632de9ed55947761d56d4c6142a3cb1a1fe69d0b1a6d0e01a2e404c697962623,dfine_sahi,184400.0,unknown_object,0.35,138.14,406.93,189.71,489.41,4253.2,51.56,82.49,0.625,False,,True,S-61,50,evt_S-61_desk_work_surface_0011,a6d8ef295a0de6a6,pose_hand_context,,50229.8,2.86,,1,cam12/e1/v1,rtmpose_baseline
full,03.CCTV Mobile Usage.mkv,632de9ed55947761d56d4c6142a3cb1a1fe69d0b1a6d0e01a2e404c697962623,dfine_sahi,184400.0,unknown_object,0.3488,56.01,355.47,86.23,445.27,2714.0,30.22,89.8,0.337,False,,True,S-61,50,evt_S-61_desk_work_surface_0011,a6d8ef295a0de6a6,pose_hand_context,,50229.8,2.86,,1,cam12/e1/v1,rtmpose_baseline
full,03.CCTV Mobile Usage.mkv,632de9ed55947761d56d4c6142a3cb1a1fe69d0b1a6d0e01a2e404c697962623,dfine_sahi,184400.0,unknown_object,0.2802,56.02,509.55,85.32,546.94,1095.5,29.3,37.38,0.784,False,,True,S-61,50,evt_S-61_desk_work_surface_0011,a6d8ef295a0de6a6,pose_hand_context,,50229.8,2.86,,1,cam12/e1/v1,rtmpose_baseline
full,03.CCTV Mobile Usage.mkv,632de9ed55947761d56d4c6142a3cb1a1fe69d0b1a6d0e01a2e404c697962623,dfine_sahi,184400.0,phone,0.2646,56.0,444.17,71.54,468.74,381.6,15.53,24.57,0.632,False,,True,S-61,50,evt_S-61_desk_work_surface_0011,a6d8ef295a0de6a6,pose_hand_context,,50229.8,2.86,,1,cam12/e1/v1,rtmpose_baseline
full,03.CCTV Mobile Usage.mkv,632de9ed55947761d56d4c6142a3cb1a1fe69d0b1a6d0e01a2e404c697962623,dfine_sahi,184400.0,unknown_object,0.257,154.06,421.25,279.99,546.26,15742.4,125.93,125.01,1.007,False,,True,S-61,50,evt_S-61_desk_work_surface_0011,a6d8ef295a0de6a6,pose_hand_context,,50229.8,2.86,,1,cam12/e1/v1,rtmpose_baseline
full,03.CCTV Mobile Usage.mkv,632de9ed55947761d56d4c6142a3cb1a1fe69d0b1a6d0e01a2e404c697962623,dfine_sahi,184900.0,unknown_object,0.6407,61.99,421.28,176.82,533.68,12907.1,114.83,112.4,1.022,False,,True,S-61,50,evt_S-61_desk_work_surface_0011,7fdfd314c4f1fd2a,pose_hand_context,,41477.4,3.14,,1,cam12/e1/v1,rtmpose_baseline
full,03.CCTV Mobile Usage.mkv,632de9ed55947761d56d4c6142a3cb1a1fe69d0b1a6d0e01a2e404c697962623,dfine_sahi,184900.0,unknown_object,0.6187,61.97,335.6,208.19,533.17,28889.0,146.22,197.57,0.74,False,,True,S-61,50,evt_S-61_desk_work_surface_0011,7fdfd314c4f1fd2a,pose_hand_context,,41477.4,3.14,,1,cam12/e1/v1,rtmpose_baseline
full,03.CCTV Mobile Usage.mkv,632de9ed55947761d56d4c6142a3cb1a1fe69d0b1a6d0e01a2e404c697962623,dfine_sahi,184900.0,unknown_object,0.6088,62.1,332.36,176.79,444.66,12879.2,114.69,112.3,1.021,False,,True,S-61,50,evt_S-61_desk_work_surface_0011,7fdfd314c4f1fd2a,pose_hand_context,,41477.4,3.14,,1,cam12/e1/v1,rtmpose_baseline
full,03.CCTV Mobile Usage.mkv,632de9ed55947761d56d4c6142a3cb1a1fe69d0b1a6d0e01a2e404c697962623,dfine_sahi,184900.0,unknown_object,0.4775,119.13,421.53,176.95,478.0,3264.9,57.81,56.48,1.024,False,,True,S-61,50,evt_S-61_desk_work_surface_0011,7fdfd314c4f1fd2a,pose_hand_context,,41477.4,3.14,,1,cam12/e1/v1,rtmpose_baseline
full,03.CCTV Mobile Usage.mkv,632de9ed55947761d56d4c6142a3cb1a1fe69d0b1a6d0e01a2e404c697962623,dfine_sahi,184900.0,unknown_object,0.3219,84.06,421.19,168.4,456.67,2993.1,84.35,35.49,2.377,False,,True,S-61,50,evt_S-61_desk_work_surface_0011,7fdfd314c4f1fd2a,pose_hand_context,,41477.4,3.14,,1,cam12/e1/v1,rtmpose_baseline
full,03.CCTV Mobile Usage.mkv,632de9ed55947761d56d4c6142a3cb1a1fe69d0b1a6d0e01a2e404c697962623,dfine_sahi,184900.0,unknown_object,0.3207,176.12,421.41,265.91,519.51,8808.4,89.79,98.1,0.915,False,,True,S-61,50,evt_S-61_desk_work_surface_0011,7fdfd314c4f1fd2a,pose_hand_context,,41477.4,3.14,,1,cam12/e1/v1,rtmpose_baseline
full,03.CCTV Mobile Usage.mkv,632de9ed55947761d56d4c6142a3cb1a1fe69d0b1a6d0e01a2e404c697962623,dfine_sahi,184900.0,unknown_object,0.2822,160.55,349.67,265.98,416.27,7020.9,105.43,66.6,1.583,False,,True,S-61,50,evt_S-61_desk_work_surface_0011,7fdfd314c4f1fd2a,pose_hand_context,,41477.4,3.14,,1,cam12/e1/v1,rtmpose_baseline
full,03.CCTV Mobile Usage.mkv,632de9ed55947761d56d4c6142a3cb1a1fe69d0b1a6d0e01a2e404c697962623,dfine_sahi,184900.0,unknown_object,0.2687,61.98,361.92,83.41,410.07,1032.1,21.44,48.15,0.445,False,,True,S-61,50,evt_S-61_desk_work_surface_0011,7fdfd314c4f1fd2a,pose_hand_context,,41477.4,3.14,,1,cam12/e1/v1,rtmpose_baseline
full,03.CCTV Mobile Usage.mkv,632de9ed55947761d56d4c6142a3cb1a1fe69d0b1a6d0e01a2e404c697962623,dfine_sahi,185400.0,unknown_object,0.5967,89.5,432.13,176.94,502.39,6143.4,87.44,70.25,1.245,False,,True,S-61,50,evt_S-61_desk_work_surface_0011,b0653ea9c3887585,pose_hand_context,,50319.5,2.85,,1,cam12/e1/v1,rtmpose_baseline
full,03.CCTV Mobile Usage.mkv,632de9ed55947761d56d4c6142a3cb1a1fe69d0b1a6d0e01a2e404c697962623,dfine_sahi,185400.0,stationery,0.5953,51.02,442.86,71.66,471.54,592.0,20.65,28.67,0.72,False,,True,S-61,50,evt_S-61_desk_work_surface_0011,b0653ea9c3887585,pose_hand_context,,50319.5,2.85,,1,cam12/e1/v1,rtmpose_baseline
full,03.CCTV Mobile Usage.mkv,632de9ed55947761d56d4c6142a3cb1a1fe69d0b1a6d0e01a2e404c697962623,dfine_sahi,185400.0,unknown_object,0.5531,51.02,432.16,176.9,557.31,15754.1,125.88,125.15,1.006,False,,True,S-61,50,evt_S-61_desk_work_surface_0011,b0653ea9c3887585,pose_hand_context,,50319.5,2.85,,1,cam12/e1/v1,rtmpose_baseline
full,03.CCTV Mobile Usage.mkv,632de9ed55947761d56d4c6142a3cb1a1fe69d0b1a6d0e01a2e404c697962623,dfine_sahi,185400.0,secondary_paper_chit,0.5135,50.85,484.21,207.33,557.32,11439.9,156.48,73.11,2.14,False,,True,S-61,50,evt_S-61_desk_work_surface_0011,b0653ea9c3887585,pose_hand_context,,50319.5,2.85,,1,cam12/e1/v1,rtmpose_baseline
full,03.CCTV Mobile Usage.mkv,632de9ed55947761d56d4c6142a3cb1a1fe69d0b1a6d0e01a2e404c697962623,dfine_sahi,185400.0,stationery,0.5108,51.02,492.63,97.83,557.24,3024.7,46.81,64.61,0.725,False,,True,S-61,50,evt_S-61_desk_work_surface_0011,b0653ea9c3887585,pose_hand_context,,50319.5,2.85,,1,cam12/e1/v1,rtmpose_baseline
full,03.CCTV Mobile Usage.mkv,632de9ed55947761d56d4c6142a3cb1a1fe69d0b1a6d0e01a2e404c697962623,dfine_sahi,185400.0,unknown_object,0.4715,51.02,356.31,85.69,441.13,2940.0,34.66,84.81,0.409,False,,True,S-61,50,evt_S-61_desk_work_surface_0011,b0653ea9c3887585,pose_hand_context,,50319.5,2.85,,1,cam12/e1/v1,rtmpose_baseline
full,03.CCTV Mobile Usage.mkv,632de9ed55947761d56d4c6142a3cb1a1fe69d0b1a6d0e01a2e404c697962623,dfine_sahi,185400.0,unknown_object,0.4299,149.0,432.17,206.09,557.25,7141.2,57.1,125.07,0.456,False,,True,S-61,50,evt_S-61_desk_work_surface_0011,b0653ea9c3887585,pose_hand_context,,50319.5,2.85,,1,cam12/e1/v1,rtmpose_baseline
full,03.CCTV Mobile Usage.mkv,632de9ed55947761d56d4c6142a3cb1a1fe69d0b1a6d0e01a2e404c697962623,dfine_sahi,185400.0,stationery,0.4091,148.97,484.44,205.96,557.4,4158.5,56.99,72.97,0.781,False,,True,S-61,50,evt_S-61_desk_work_surface_0011,b0653ea9c3887585,pose_hand_context,,50319.5,2.85,,1,cam12/e1/v1,rtmpose_baseline
full,03.CCTV Mobile Usage.mkv,632de9ed55947761d56d4c6142a3cb1a1fe69d0b1a6d0e01a2e404c697962623,dfine_sahi,185400.0,unknown_object,0.3208,126.64,406.2,182.4,499.71,5214.5,55.76,93.52,0.596,False,,True,S-61,50,evt_S-61_desk_work_surface_0011,b0653ea9c3887585,pose_hand_context,,50319.5,2.85,,1,cam12/e1/v1,rtmpose_baseline
full,03.CCTV Mobile Usage.mkv,632de9ed55947761d56d4c6142a3cb1a1fe69d0b1a6d0e01a2e404c697962623,dfine_sahi,185400.0,bag,0.3116,80.85,382.79,168.8,456.99,6525.8,87.95,74.2,1.185,False,,True,S-61,50,evt_S-61_desk_work_surface_0011,b0653ea9c3887585,pose_hand_context,,50319.5,2.85,,1,cam12/e1/v1,rtmpose_baseline
full,03.CCTV Mobile Usage.mkv,632de9ed55947761d56d4c6142a3cb1a1fe69d0b1a6d0e01a2e404c697962623,dfine_sahi,185400.0,unknown_object,0.2985,148.99,432.27,182.12,497.1,2147.6,33.12,64.83,0.511,False,,True,S-61,50,evt_S-61_desk_work_surface_0011,b0653ea9c3887585,pose_hand_context,,50319.5,2.85,,1,cam12/e1/v1,rtmpose_baseline
full,03.CCTV Mobile Usage.mkv,632de9ed55947761d56d4c6142a3cb1a1fe69d0b1a6d0e01a2e404c697962623,dfine_sahi,185400.0,secondary_paper_chit,0.2873,124.64,484.71,205.5,544.82,4860.4,80.86,60.11,1.345,False,,True,S-61,50,evt_S-61_desk_work_surface_0011,b0653ea9c3887585,pose_hand_context,,50319.5,2.85,,1,cam12/e1/v1,rtmpose_baseline
full,03.CCTV Mobile Usage.mkv,632de9ed55947761d56d4c6142a3cb1a1fe69d0b1a6d0e01a2e404c697962623,dfine_sahi,185400.0,secondary_paper_chit,0.2755,53.47,447.61,140.2,504.62,4944.0,86.72,57.01,1.521,False,,True,S-61,50,evt_S-61_desk_work_surface_0011,b0653ea9c3887585,pose_hand_context,,50319.5,2.85,,1,cam12/e1/v1,rtmpose_baseline
full,03.CCTV Mobile Usage.mkv,632de9ed55947761d56d4c6142a3cb1a1fe69d0b1a6d0e01a2e404c697962623,dfine_sahi,185400.0,monitor_or_bezel,0.262,51.01,446.92,207.3,556.96,17197.2,156.29,110.03,1.42,False,,True,S-61,50,evt_S-61_desk_work_surface_0011,b0653ea9c3887585,pose_hand_context,,50319.5,2.85,,1,cam12/e1/v1,rtmpose_baseline
full,03.CCTV Mobile Usage.mkv,632de9ed55947761d56d4c6142a3cb1a1fe69d0b1a6d0e01a2e404c697962623,dfine_sahi,185400.0,unknown_object,0.2528,51.16,335.04,274.65,556.33,49456.6,223.49,221.29,1.01,False,,True,S-61,50,evt_S-61_desk_work_surface_0011,b0653ea9c3887585,pose_hand_context,,50319.5,2.85,,1,cam12/e1/v1,rtmpose_baseline
full,03.CCTV Mobile Usage.mkv,632de9ed55947761d56d4c6142a3cb1a1fe69d0b1a6d0e01a2e404c697962623,dfine_sahi,185900.0,unknown_object,0.4824,91.35,435.15,177.89,513.26,6759.2,86.54,78.11,1.108,False,,True,S-61,50,evt_S-61_desk_work_surface_0011,4e9267c05a309422,pose_hand_context,,50319.5,2.85,,1,cam12/e1/v1,rtmpose_baseline
full,03.CCTV Mobile Usage.mkv,632de9ed55947761d56d4c6142a3cb1a1fe69d0b1a6d0e01a2e404c697962623,dfine_sahi,185900.0,keyboard,0.4803,52.02,443.43,71.69,471.49,552.1,19.67,28.07,0.701,False,,True,S-61,50,evt_S-61_desk_work_surface_0011,4e9267c05a309422,pose_hand_context,,50319.5,2.85,,1,cam12/e1/v1,rtmpose_baseline
full,03.CCTV Mobile Usage.mkv,632de9ed55947761d56d4c6142a3cb1a1fe69d0b1a6d0e01a2e404c697962623,dfine_sahi,185900.0,monitor_or_bezel,0.4419,177.74,435.44,275.94,536.92,9964.6,98.2,101.47,0.968,False,,True,S-61,50,evt_S-61_desk_work_surface_0011,4e9267c05a309422,pose_hand_context,,50319.5,2.85,,1,cam12/e1/v1,rtmpose_baseline
full,03.CCTV Mobile Usage.mkv,632de9ed55947761d56d4c6142a3cb1a1fe69d0b1a6d0e01a2e404c697962623,dfine_sahi,185900.0,phone,0.4379,52.01,443.71,71.79,471.6,551.9,19.79,27.89,0.709,False,,True,S-61,50,evt_S-61_desk_work_surface_0011,4e9267c05a309422,pose_hand_context,,50319.5,2.85,,1,cam12/e1/v1,rtmpose_baseline
full,03.CCTV Mobile Usage.mkv,632de9ed55947761d56d4c6142a3cb1a1fe69d0b1a6d0e01a2e404c697962623,dfine_sahi,185900.0,unknown_object,0.4069,149.99,435.23,181.86,512.33,2457.1,31.87,77.1,0.413,False,,True,S-61,50,evt_S-61_desk_work_surface_0011,4e9267c05a309422,pose_hand_context,,50319.5,2.85,,1,cam12/e1/v1,rtmpose_baseline
full,03.CCTV Mobile Usage.mkv,632de9ed55947761d56d4c6142a3cb1a1fe69d0b1a6d0e01a2e404c697962623,dfine_sahi,185900.0,keyboard,0.3882,182.78,500.56,275.94,536.79,3375.6,93.16,36.24,2.571,False,,True,S-61,50,evt_S-61_desk_work_surface_0011,4e9267c05a309422,pose_hand_context,,50319.5,2.85,,1,cam12/e1/v1,rtmpose_baseline
full,03.CCTV Mobile Usage.mkv,632de9ed55947761d56d4c6142a3cb1a1fe69d0b1a6d0e01a2e404c697962623,dfine_sahi,185900.0,bag,0.3836,80.92,383.97,160.24,456.84,5780.0,79.32,72.87,1.089,False,,True,S-61,50,evt_S-61_desk_work_surface_0011,4e9267c05a309422,pose_hand_context,,50319.5,2.85,,1,cam12/e1/v1,rtmpose_baseline
full,03.CCTV Mobile Usage.mkv,632de9ed55947761d56d4c6142a3cb1a1fe69d0b1a6d0e01a2e404c697962623,dfine_sahi,185900.0,unknown_object,0.3562,51.99,435.21,177.94,560.33,15758.9,125.95,125.12,1.007,False,,True,S-61,50,evt_S-61_desk_work_surface_0011,4e9267c05a309422,pose_hand_context,,50319.5,2.85,,1,cam12/e1/v1,rtmpose_baseline
full,03.CCTV Mobile Usage.mkv,632de9ed55947761d56d4c6142a3cb1a1fe69d0b1a6d0e01a2e404c697962623,dfine_sahi,185900.0,unknown_object,0.3151,51.96,356.29,84.26,409.2,1708.9,32.3,52.91,0.61,False,,True,S-61,50,evt_S-61_desk_work_surface_0011,4e9267c05a309422,pose_hand_context,,50319.5,2.85,,1,cam12/e1/v1,rtmpose_baseline
full,03.CCTV Mobile Usage.mkv,632de9ed55947761d56d4c6142a3cb1a1fe69d0b1a6d0e01a2e404c697962623,dfine_sahi,185900.0,mouse,0.2819,52.21,522.35,78.77,553.07,816.1,26.56,30.73,0.864,False,,True,S-61,50,evt_S-61_desk_work_surface_0011,4e9267c05a309422,pose_hand_context,,50319.5,2.85,,1,cam12/e1/v1,rtmpose_baseline
full,03.CCTV Mobile Usage.mkv,632de9ed55947761d56d4c6142a3cb1a1fe69d0b1a6d0e01a2e404c697962623,dfine_sahi,185900.0,stationery,0.2579,51.96,492.83,102.09,560.61,3398.0,50.13,67.79,0.74,False,,True,S-61,50,evt_S-61_desk_work_surface_0011,4e9267c05a309422,pose_hand_context,,50319.5,2.85,,1,cam12/e1/v1,rtmpose_baseline
full,03.CCTV Mobile Usage.mkv,632de9ed55947761d56d4c6142a3cb1a1fe69d0b1a6d0e01a2e404c697962623,dfine_sahi,186400.0,keyboard,0.567,51.04,443.33,71.65,471.71,585.2,20.62,28.38,0.726,False,,True,S-61,50,evt_S-61_desk_work_surface_0011,acaea8246239f7b8,pose_hand_context,,50616.0,2.84,,1,cam12/e1/v1,rtmpose_baseline
full,03.CCTV Mobile Usage.mkv,632de9ed55947761d56d4c6142a3cb1a1fe69d0b1a6d0e01a2e404c697962623,dfine_sahi,186400.0,unknown_object,0.559,51.05,339.45,177.79,463.85,15764.8,126.73,124.39,1.019,False,,True,S-61,50,evt_S-61_desk_work_surface_0011,acaea8246239f7b8,pose_hand_context,,50616.0,2.84,,1,cam12/e1/v1,rtmpose_baseline
full,03.CCTV Mobile Usage.mkv,632de9ed55947761d56d4c6142a3cb1a1fe69d0b1a6d0e01a2e404c697962623,dfine_sahi,186400.0,unknown_object,0.5372,51.0,356.27,85.49,439.91,2885.0,34.49,83.64,0.412,False,,True,S-61,50,evt_S-61_desk_work_surface_0011,acaea8246239f7b8,pose_hand_context,,50616.0,2.84,,1,cam12/e1/v1,rtmpose_baseline
full,03.CCTV Mobile Usage.mkv,632de9ed55947761d56d4c6142a3cb1a1fe69d0b1a6d0e01a2e404c697962623,dfine_sahi,186400.0,stationery,0.5148,51.03,443.09,71.82,471.87,598.4,20.79,28.78,0.722,False,,True,S-61,50,evt_S-61_desk_work_surface_0011,acaea8246239f7b8,pose_hand_context,,50616.0,2.84,,1,cam12/e1/v1,rtmpose_baseline
full,03.CCTV Mobile Usage.mkv,632de9ed55947761d56d4c6142a3cb1a1fe69d0b1a6d0e01a2e404c697962623,dfine_sahi,186400.0,stationery,0.4848,51.05,490.68,176.11,563.28,9078.7,125.06,72.6,1.723,False,,True,S-61,50,evt_S-61_desk_work_surface_0011,acaea8246239f7b8,pose_hand_context,,50616.0,2.84,,1,cam12/e1/v1,rtmpose_baseline
full,03.CCTV Mobile Usage.mkv,632de9ed55947761d56d4c6142a3cb1a1fe69d0b1a6d0e01a2e404c697962623,dfine_sahi,186400.0,stationery,0.4711,51.01,491.79,101.87,563.03,3624.2,50.87,71.25,0.714,False,,True,S-61,50,evt_S-61_desk_work_surface_0011,acaea8246239f7b8,pose_hand_context,,50616.0,2.84,,1,cam12/e1/v1,rtmpose_baseline
full,03.CCTV Mobile Usage.mkv,632de9ed55947761d56d4c6142a3cb1a1fe69d0b1a6d0e01a2e404c697962623,dfine_sahi,186400.0,unknown_object,0.4337,94.04,437.09,177.89,517.82,6769.0,83.85,80.73,1.039,False,,True,S-61,50,evt_S-61_desk_work_surface_0011,acaea8246239f7b8,pose_hand_context,,50616.0,2.84,,1,cam12/e1/v1,rtmpose_baseline
full,03.CCTV Mobile Usage.mkv,632de9ed55947761d56d4c6142a3cb1a1fe69d0b1a6d0e01a2e404c697962623,dfine_sahi,186400.0,bag,0.3582,81.68,384.57,160.48,456.78,5690.1,78.8,72.21,1.091,False,,True,S-61,50,evt_S-61_desk_work_surface_0011,acaea8246239f7b8,pose_hand_context,,50616.0,2.84,,1,cam12/e1/v1,rtmpose_baseline
full,03.CCTV Mobile Usage.mkv,632de9ed55947761d56d4c6142a3cb1a1fe69d0b1a6d0e01a2e404c697962623,dfine_sahi,186400.0,monitor_or_bezel,0.309,177.3,437.22,276.06,533.43,9502.3,98.76,96.22,1.026,False,,True,S-61,50,evt_S-61_desk_work_surface_0011,acaea8246239f7b8,pose_hand_context,,50616.0,2.84,,1,cam12/e1/v1,rtmpose_baseline
full,03.CCTV Mobile Usage.mkv,632de9ed55947761d56d4c6142a3cb1a1fe69d0b1a6d0e01a2e404c697962623,dfine_sahi,186400.0,phone,0.3019,179.41,501.09,276.1,533.31,3116.0,96.69,32.23,3.0,False,,True,S-61,50,evt_S-61_desk_work_surface_0011,acaea8246239f7b8,pose_hand_context,,50616.0,2.84,,1,cam12/e1/v1,rtmpose_baseline
full,03.CCTV Mobile Usage.mkv,632de9ed55947761d56d4c6142a3cb1a1fe69d0b1a6d0e01a2e404c697962623,dfine_sahi,186400.0,phone,0.2985,174.7,389.26,192.1,399.61,180.0,17.4,10.35,1.681,False,,True,S-61,50,evt_S-61_desk_work_surface_0011,acaea8246239f7b8,pose_hand_context,,50616.0,2.84,,1,cam12/e1/v1,rtmpose_baseline
full,03.CCTV Mobile Usage.mkv,632de9ed55947761d56d4c6142a3cb1a1fe69d0b1a6d0e01a2e404c697962623,dfine_sahi,186400.0,mouse,0.2646,51.31,521.79,78.7,553.08,856.9,27.39,31.29,0.875,False,,True,S-61,50,evt_S-61_desk_work_surface_0011,acaea8246239f7b8,pose_hand_context,,50616.0,2.84,,1,cam12/e1/v1,rtmpose_baseline
full,03.CCTV Mobile Usage.mkv,632de9ed55947761d56d4c6142a3cb1a1fe69d0b1a6d0e01a2e404c697962623,dfine_sahi,186900.0,stationery,0.5474,48.01,443.44,71.54,471.26,654.7,23.53,27.82,0.846,False,,True,S-61,50,evt_S-61_desk_work_surface_0011,b7bdb405893ab3c6,pose_hand_context,,53527.4,2.77,,1,cam12/e1/v1,rtmpose_baseline
full,03.CCTV Mobile Usage.mkv,632de9ed55947761d56d4c6142a3cb1a1fe69d0b1a6d0e01a2e404c697962623,dfine_sahi,186900.0,unknown_object,0.5359,149.0,430.28,208.69,559.19,7694.0,59.69,128.91,0.463,False,,True,S-61,50,evt_S-61_desk_work_surface_0011,b7bdb405893ab3c6,pose_hand_context,,53527.4,2.77,,1,cam12/e1/v1,rtmpose_baseline
full,03.CCTV Mobile Usage.mkv,632de9ed55947761d56d4c6142a3cb1a1fe69d0b1a6d0e01a2e404c697962623,dfine_sahi,186900.0,phone,0.4881,180.2,389.57,200.2,399.7,202.7,20.0,10.14,1.973,False,,True,S-61,50,evt_S-61_desk_work_surface_0011,b7bdb405893ab3c6,pose_hand_context,,53527.4,2.77,,1,cam12/e1/v1,rtmpose_baseline
full,03.CCTV Mobile Usage.mkv,632de9ed55947761d56d4c6142a3cb1a1fe69d0b1a6d0e01a2e404c697962623,dfine_sahi,186900.0,stationery,0.4738,48.06,491.44,173.67,559.58,8559.8,125.62,68.14,1.844,False,,True,S-61,50,evt_S-61_desk_work_surface_0011,b7bdb405893ab3c6,pose_hand_context,,53527.4,2.77,,1,cam12/e1/v1,rtmpose_baseline
full,03.CCTV Mobile Usage.mkv,632de9ed55947761d56d4c6142a3cb1a1fe69d0b1a6d0e01a2e404c697962623,dfine_sahi,186900.0,unknown_object,0.4418,47.95,356.18,85.45,438.35,3081.2,37.5,82.17,0.456,False,,True,S-61,50,evt_S-61_desk_work_surface_0011,b7bdb405893ab3c6,pose_hand_context,,53527.4,2.77,,1,cam12/e1/v1,rtmpose_baseline
full,03.CCTV Mobile Usage.mkv,632de9ed55947761d56d4c6142a3cb1a1fe69d0b1a6d0e01a2e404c697962623,dfine_sahi,186900.0,bag,0.4017,80.95,383.33,170.68,456.32,6549.1,89.72,72.99,1.229,False,,True,S-61,50,evt_S-61_desk_work_surface_0011,b7bdb405893ab3c6,pose_hand_context,,53527.4,2.77,,1,cam12/e1/v1,rtmpose_baseline
full,03.CCTV Mobile Usage.mkv,632de9ed55947761d56d4c6142a3cb1a1fe69d0b1a6d0e01a2e404c697962623,dfine_sahi,186900.0,unknown_object,0.3556,149.0,430.23,182.92,499.68,2356.4,33.93,69.46,0.488,False,,True,S-61,50,evt_S-61_desk_work_surface_0011,b7bdb405893ab3c6,pose_hand_context,,53527.4,2.77,,1,cam12/e1/v1,rtmpose_baseline
full,03.CCTV Mobile Usage.mkv,632de9ed55947761d56d4c6142a3cb1a1fe69d0b1a6d0e01a2e404c697962623,dfine_sahi,186900.0,unknown_object,0.3555,149.07,499.25,278.91,559.28,7794.0,129.84,60.03,2.163,False,,True,S-61,50,evt_S-61_desk_work_surface_0011,b7bdb405893ab3c6,pose_hand_context,,53527.4,2.77,,1,cam12/e1/v1,rtmpose_baseline
full,03.CCTV Mobile Usage.mkv,632de9ed55947761d56d4c6142a3cb1a1fe69d0b1a6d0e01a2e404c697962623,dfine_sahi,186900.0,unknown_object,0.3398,149.01,430.2,278.96,536.96,13873.2,129.94,106.76,1.217,False,,True,S-61,50,evt_S-61_desk_work_surface_0011,b7bdb405893ab3c6,pose_hand_context,,53527.4,2.77,,1,cam12/e1/v1,rtmpose_baseline
full,03.CCTV Mobile Usage.mkv,632de9ed55947761d56d4c6142a3cb1a1fe69d0b1a6d0e01a2e404c697962623,dfine_sahi,186900.0,phone,0.306,122.14,480.97,173.08,510.9,1524.6,50.94,29.93,1.702,False,,True,S-61,50,evt_S-61_desk_work_surface_0011,b7bdb405893ab3c6,pose_hand_context,,53527.4,2.77,,1,cam12/e1/v1,rtmpose_baseline
full,03.CCTV Mobile Usage.mkv,632de9ed55947761d56d4c6142a3cb1a1fe69d0b1a6d0e01a2e404c697962623,dfine_sahi,186900.0,unknown_object,0.304,48.15,328.77,108.59,382.7,3259.9,60.44,53.93,1.121,False,,True,S-61,50,evt_S-61_desk_work_surface_0011,b7bdb405893ab3c6,pose_hand_context,,53527.4,2.77,,1,cam12/e1/v1,rtmpose_baseline
full,03.CCTV Mobile Usage.mkv,632de9ed55947761d56d4c6142a3cb1a1fe69d0b1a6d0e01a2e404c697962623,dfine_sahi,186900.0,mouse,0.2797,48.89,519.07,78.8,553.22,1021.2,29.9,34.15,0.876,False,,True,S-61,50,evt_S-61_desk_work_surface_0011,b7bdb405893ab3c6,pose_hand_context,,53527.4,2.77,,1,cam12/e1/v1,rtmpose_baseline
full,03.CCTV Mobile Usage.mkv,632de9ed55947761d56d4c6142a3cb1a1fe69d0b1a6d0e01a2e404c697962623,dfine_sahi,186900.0,phone,0.2522,162.66,530.79,206.06,548.94,787.6,43.4,18.15,2.391,False,,True,S-61,50,evt_S-61_desk_work_surface_0011,b7bdb405893ab3c6,pose_hand_context,,53527.4,2.77,,1,cam12/e1/v1,rtmpose_baseline
full,03.CCTV Mobile Usage.mkv,632de9ed55947761d56d4c6142a3cb1a1fe69d0b1a6d0e01a2e404c697962623,dfine_sahi,187400.0,phone,0.5777,123.74,474.68,144.77,488.74,295.6,21.02,14.06,1.495,False,,True,S-61,50,evt_S-61_desk_work_surface_0011,b67c8f4f7933e382,pose_hand_context,,34210.2,3.46,,1,cam12/e1/v1,rtmpose_baseline
full,03.CCTV Mobile Usage.mkv,632de9ed55947761d56d4c6142a3cb1a1fe69d0b1a6d0e01a2e404c697962623,dfine_sahi,187400.0,unknown_object,0.5386,85.38,425.11,171.93,465.42,3489.8,86.56,40.32,2.147,False,,True,S-61,50,evt_S-61_desk_work_surface_0011,b67c8f4f7933e382,pose_hand_context,,34210.2,3.46,,1,cam12/e1/v1,rtmpose_baseline
full,03.CCTV Mobile Usage.mkv,632de9ed55947761d56d4c6142a3cb1a1fe69d0b1a6d0e01a2e404c697962623,dfine_sahi,187400.0,unknown_object,0.536,67.97,425.22,171.92,528.24,10708.2,103.95,103.01,1.009,False,,True,S-61,50,evt_S-61_desk_work_surface_0011,b67c8f4f7933e382,pose_hand_context,,34210.2,3.46,,1,cam12/e1/v1,rtmpose_baseline
full,03.CCTV Mobile Usage.mkv,632de9ed55947761d56d4c6142a3cb1a1fe69d0b1a6d0e01a2e404c697962623,dfine_sahi,187400.0,phone,0.5099,149.0,344.77,176.65,432.61,2428.3,27.64,87.84,0.315,False,,True,S-61,50,evt_S-61_desk_work_surface_0011,b67c8f4f7933e382,pose_hand_context,,34210.2,3.46,,1,cam12/e1/v1,rtmpose_baseline
full,03.CCTV Mobile Usage.mkv,632de9ed55947761d56d4c6142a3cb1a1fe69d0b1a6d0e01a2e404c697962623,dfine_sahi,187400.0,unknown_object,0.4965,172.7,425.56,252.9,512.37,6961.1,80.2,86.8,0.924,False,,True,S-61,50,evt_S-61_desk_work_surface_0011,b67c8f4f7933e382,pose_hand_context,,34210.2,3.46,,1,cam12/e1/v1,rtmpose_baseline
full,03.CCTV Mobile Usage.mkv,632de9ed55947761d56d4c6142a3cb1a1fe69d0b1a6d0e01a2e404c697962623,dfine_sahi,187400.0,bag,0.4222,80.74,384.88,170.11,456.34,6386.0,89.37,71.45,1.251,False,,True,S-61,50,evt_S-61_desk_work_surface_0011,b67c8f4f7933e382,pose_hand_context,,34210.2,3.46,,1,cam12/e1/v1,rtmpose_baseline
full,03.CCTV Mobile Usage.mkv,632de9ed55947761d56d4c6142a3cb1a1fe69d0b1a6d0e01a2e404c697962623,dfine_sahi,187400.0,unknown_object,0.3953,68.0,368.73,84.81,440.33,1203.8,16.81,71.61,0.235,False,,True,S-61,50,evt_S-61_desk_work_surface_0011,b67c8f4f7933e382,pose_hand_context,,34210.2,3.46,,1,cam12/e1/v1,rtmpose_baseline
full,03.CCTV Mobile Usage.mkv,632de9ed55947761d56d4c6142a3cb1a1fe69d0b1a6d0e01a2e404c697962623,dfine_sahi,187400.0,secondary_paper_chit,0.3567,72.19,454.71,184.2,489.67,3916.0,112.01,34.96,3.204,False,,True,S-61,50,evt_S-61_desk_work_surface_0011,b67c8f4f7933e382,pose_hand_context,,34210.2,3.46,,1,cam12/e1/v1,rtmpose_baseline
full,03.CCTV Mobile Usage.mkv,632de9ed55947761d56d4c6142a3cb1a1fe69d0b1a6d0e01a2e404c697962623,dfine_sahi,187400.0,unknown_object,0.3394,68.15,346.04,221.37,528.23,27915.5,153.23,182.18,0.841,False,,True,S-61,50,evt_S-61_desk_work_surface_0011,b67c8f4f7933e382,pose_hand_context,,34210.2,3.46,,1,cam12/e1/v1,rtmpose_baseline
full,03.CCTV Mobile Usage.mkv,632de9ed55947761d56d4c6142a3cb1a1fe69d0b1a6d0e01a2e404c697962623,dfine_sahi,187400.0,phone,0.3164,123.92,474.8,177.84,488.83,756.5,53.91,14.03,3.842,False,,True,S-61,50,evt_S-61_desk_work_surface_0011,b67c8f4f7933e382,pose_hand_context,,34210.2,3.46,,1,cam12/e1/v1,rtmpose_baseline
full,03.CCTV Mobile Usage.mkv,632de9ed55947761d56d4c6142a3cb1a1fe69d0b1a6d0e01a2e404c697962623,dfine_sahi,187400.0,unknown_object,0.283,68.05,491.64,171.88,528.8,3858.7,103.83,37.16,2.794,False,,True,S-61,50,evt_S-61_desk_work_surface_0011,b67c8f4f7933e382,pose_hand_context,,34210.2,3.46,,1,cam12/e1/v1,rtmpose_baseline
full,03.CCTV Mobile Usage.mkv,632de9ed55947761d56d4c6142a3cb1a1fe69d0b1a6d0e01a2e404c697962623,dfine_sahi,187400.0,stationery,0.2827,79.77,385.86,147.94,422.07,2468.0,68.17,36.2,1.883,False,,True,S-61,50,evt_S-61_desk_work_surface_0011,b67c8f4f7933e382,pose_hand_context,,34210.2,3.46,,1,cam12/e1/v1,rtmpose_baseline
full,03.CCTV Mobile Usage.mkv,632de9ed55947761d56d4c6142a3cb1a1fe69d0b1a6d0e01a2e404c697962623,dfine_sahi,187400.0,phone,0.2761,162.53,351.04,190.72,416.68,1850.6,28.19,65.64,0.429,False,,True,S-61,50,evt_S-61_desk_work_surface_0011,b67c8f4f7933e382,pose_hand_context,,34210.2,3.46,,1,cam12/e1/v1,rtmpose_baseline
full,03.CCTV Mobile Usage.mkv,632de9ed55947761d56d4c6142a3cb1a1fe69d0b1a6d0e01a2e404c697962623,dfine_sahi,187400.0,stationery,0.2661,125.41,474.2,171.95,490.04,737.5,46.54,15.85,2.937,False,,True,S-61,50,evt_S-61_desk_work_surface_0011,b67c8f4f7933e382,pose_hand_context,,34210.2,3.46,,1,cam12/e1/v1,rtmpose_baseline
full,03.CCTV Mobile Usage.mkv,632de9ed55947761d56d4c6142a3cb1a1fe69d0b1a6d0e01a2e404c697962623,dfine_sahi,187400.0,phone,0.2624,149.02,392.76,175.13,431.94,1022.8,26.11,39.18,0.666,False,,True,S-61,50,evt_S-61_desk_work_surface_0011,b67c8f4f7933e382,pose_hand_context,,34210.2,3.46,,1,cam12/e1/v1,rtmpose_baseline
full,03.CCTV Mobile Usage.mkv,632de9ed55947761d56d4c6142a3cb1a1fe69d0b1a6d0e01a2e404c697962623,dfine_sahi,187400.0,phone,0.2557,179.53,379.36,184.51,386.28,34.5,4.99,6.92,0.721,True,object footprint 34 px is under the 120 px floor for a call,False,S-61,50,evt_S-61_desk_work_surface_0011,b67c8f4f7933e382,pose_hand_context,,34210.2,3.46,,1,cam12/e1/v1,rtmpose_baseline
full,03.CCTV Mobile Usage.mkv,632de9ed55947761d56d4c6142a3cb1a1fe69d0b1a6d0e01a2e404c697962623,dfine_sahi,187900.0,monitor_or_bezel,0.6565,814.03,17.08,843.74,44.68,819.9,29.71,27.59,1.077,False,,True,unattributed,51,evt_S-61_desk_work_surface_0011,32e9c8a7263b94d7,pose_hand_context,,2304.0,13.33,,1,cam12/e1/v1,rtmpose_baseline
full,03.CCTV Mobile Usage.mkv,632de9ed55947761d56d4c6142a3cb1a1fe69d0b1a6d0e01a2e404c697962623,dfine_sahi,187900.0,unknown_object,0.3252,830.44,83.24,909.9,112.85,2352.8,79.45,29.61,2.683,False,,True,unattributed,51,evt_S-61_desk_work_surface_0011,32e9c8a7263b94d7,pose_hand_context,,2304.0,13.33,,1,cam12/e1/v1,rtmpose_baseline
full,03.CCTV Mobile Usage.mkv,632de9ed55947761d56d4c6142a3cb1a1fe69d0b1a6d0e01a2e404c697962623,dfine_sahi,187900.0,unknown_object,0.868,75.06,401.22,171.96,497.43,9321.8,96.89,96.21,1.007,False,,True,S-61,50,evt_S-61_desk_work_surface_0011,4bf3398ba8046c09,pose_hand_context,,29908.2,3.7,,1,cam12/e1/v1,rtmpose_baseline
full,03.CCTV Mobile Usage.mkv,632de9ed55947761d56d4c6142a3cb1a1fe69d0b1a6d0e01a2e404c697962623,dfine_sahi,187900.0,unknown_object,0.5964,151.01,476.23,247.92,572.43,9321.7,96.9,96.19,1.007,False,,True,S-61,50,evt_S-61_desk_work_surface_0011,4bf3398ba8046c09,pose_hand_context,,29908.2,3.7,,1,cam12/e1/v1,rtmpose_baseline
full,03.CCTV Mobile Usage.mkv,632de9ed55947761d56d4c6142a3cb1a1fe69d0b1a6d0e01a2e404c697962623,dfine_sahi,187900.0,unknown_object,0.5872,75.04,403.12,216.54,571.14,23775.1,141.5,168.02,0.842,False,,True,S-61,50,evt_S-61_desk_work_surface_0011,4bf3398ba8046c09,pose_hand_context,,29908.2,3.7,,1,cam12/e1/v1,rtmpose_baseline
full,03.CCTV Mobile Usage.mkv,632de9ed55947761d56d4c6142a3cb1a1fe69d0b1a6d0e01a2e404c697962623,dfine_sahi,187900.0,unknown_object,0.549,75.01,476.09,171.89,543.69,6549.1,96.88,67.6,1.433,False,,True,S-61,50,evt_S-61_desk_work_surface_0011,4bf3398ba8046c09,pose_hand_context,,29908.2,3.7,,1,cam12/e1/v1,rtmpose_baseline
full,03.CCTV Mobile Usage.mkv,632de9ed55947761d56d4c6142a3cb1a1fe69d0b1a6d0e01a2e404c697962623,dfine_sahi,187900.0,unknown_object,0.4827,151.01,401.16,247.92,497.28,9315.2,96.91,96.12,1.008,False,,True,S-61,50,evt_S-61_desk_work_surface_0011,4bf3398ba8046c09,pose_hand_context,,29908.2,3.7,,1,cam12/e1/v1,rtmpose_baseline
full,03.CCTV Mobile Usage.mkv,632de9ed55947761d56d4c6142a3cb1a1fe69d0b1a6d0e01a2e404c697962623,dfine_sahi,187900.0,unknown_object,0.3959,104.35,476.06,171.96,505.86,2015.2,67.61,29.81,2.268,False,,True,S-61,50,evt_S-61_desk_work_surface_0011,4bf3398ba8046c09,pose_hand_context,,29908.2,3.7,,1,cam12/e1/v1,rtmpose_baseline
full,03.CCTV Mobile Usage.mkv,632de9ed55947761d56d4c6142a3cb1a1fe69d0b1a6d0e01a2e404c697962623,dfine_sahi,187900.0,unknown_object,0.3658,150.99,401.21,184.02,458.1,1878.7,33.03,56.89,0.581,False,,True,S-61,50,evt_S-61_desk_work_surface_0011,4bf3398ba8046c09,pose_hand_context,,29908.2,3.7,,1,cam12/e1/v1,rtmpose_baseline
full,03.CCTV Mobile Usage.mkv,632de9ed55947761d56d4c6142a3cb1a1fe69d0b1a6d0e01a2e404c697962623,dfine_sahi,187900.0,stationery,0.2692,105.14,448.43,183.2,481.18,2556.4,78.06,32.75,2.383,False,,True,S-61,50,evt_S-61_desk_work_surface_0011,4bf3398ba8046c09,pose_hand_context,,29908.2,3.7,,1,cam12/e1/v1,rtmpose_baseline
full,03.CCTV Mobile Usage.mkv,632de9ed55947761d56d4c6142a3cb1a1fe69d0b1a6d0e01a2e404c697962623,dfine_sahi,188400.0,keyboard,0.9161,962.51,451.9,1067.8,491.39,4157.6,105.29,39.49,2.666,False,,True,R-desk,52,evt_S-61_desk_work_surface_0011,92f8db2bd3a9fdfc,lap_bag_context,no_pose_observation,34560.0,1.33,,1,cam12/e1/v1,
full,03.CCTV Mobile Usage.mkv,632de9ed55947761d56d4c6142a3cb1a1fe69d0b1a6d0e01a2e404c697962623,dfine_sahi,188400.0,mouse,0.7783,865.17,413.48,891.16,434.48,545.6,25.99,20.99,1.238,False,,True,R-desk,52,evt_S-61_desk_work_surface_0011,92f8db2bd3a9fdfc,lap_bag_context,no_pose_observation,34560.0,1.33,,1,cam12/e1/v1,
full,03.CCTV Mobile Usage.mkv,632de9ed55947761d56d4c6142a3cb1a1fe69d0b1a6d0e01a2e404c697962623,dfine_sahi,188400.0,phone,0.7575,1043.66,421.85,1112.5,473.91,3583.5,68.84,52.05,1.323,False,,True,R-desk,52,evt_S-61_desk_work_surface_0011,92f8db2bd3a9fdfc,lap_bag_context,no_pose_observation,34560.0,1.33,,1,cam12/e1/v1,
full,03.CCTV Mobile Usage.mkv,632de9ed55947761d56d4c6142a3cb1a1fe69d0b1a6d0e01a2e404c697962623,dfine_sahi,188400.0,keyboard,0.7378,772.84,380.14,870.41,420.23,3911.6,97.56,40.09,2.434,False,,True,R-desk,52,evt_S-61_desk_work_surface_0011,92f8db2bd3a9fdfc,lap_bag_context,no_pose_observation,34560.0,1.33,,1,cam12/e1/v1,
full,03.CCTV Mobile Usage.mkv,632de9ed55947761d56d4c6142a3cb1a1fe69d0b1a6d0e01a2e404c697962623,dfine_sahi,188400.0,unknown_object,0.7155,699.86,396.17,846.36,491.67,13990.1,146.5,95.5,1.534,False,,True,R-desk,52,evt_S-61_desk_work_surface_0011,92f8db2bd3a9fdfc,lap_bag_context,no_pose_observation,34560.0,1.33,,1,cam12/e1/v1,
full,03.CCTV Mobile Usage.mkv,632de9ed55947761d56d4c6142a3cb1a1fe69d0b1a6d0e01a2e404c697962623,dfine_sahi,188400.0,monitor_or_bezel,0.6978,707.56,379.92,969.62,474.71,24840.8,262.05,94.79,2.764,False,,True,R-desk,52,evt_S-61_desk_work_surface_0011,92f8db2bd3a9fdfc,lap_bag_context,no_pose_observation,34560.0,1.33,,1,cam12/e1/v1,
full,03.CCTV Mobile Usage.mkv,632de9ed55947761d56d4c6142a3cb1a1fe69d0b1a6d0e01a2e404c697962623,dfine_sahi,188400.0,monitor_or_bezel,0.6976,1019.0,395.65,1145.89,447.99,6642.0,126.9,52.34,2.424,False,,True,R-desk,52,evt_S-61_desk_work_surface_0011,92f8db2bd3a9fdfc,lap_bag_context,no_pose_observation,34560.0,1.33,,1,cam12/e1/v1,
full,03.CCTV Mobile Usage.mkv,632de9ed55947761d56d4c6142a3cb1a1fe69d0b1a6d0e01a2e404c697962623,dfine_sahi,188400.0,monitor_or_bezel,0.6547,910.14,411.23,1142.04,506.32,22051.6,231.9,95.09,2.439,False,,True,R-desk,52,evt_S-61_desk_work_surface_0011,92f8db2bd3a9fdfc,lap_bag_context,no_pose_observation,34560.0,1.33,,1,cam12/e1/v1,
full,03.CCTV Mobile Usage.mkv,632de9ed55947761d56d4c6142a3cb1a1fe69d0b1a6d0e01a2e404c697962623,dfine_sahi,188400.0,keyboard,0.639,963.21,452.21,1034.77,475.54,1669.6,71.56,23.33,3.067,False,,True,R-desk,52,evt_S-61_desk_work_surface_0011,92f8db2bd3a9fdfc,lap_bag_context,no_pose_observation,34560.0,1.33,,1,cam12/e1/v1,
full,03.CCTV Mobile Usage.mkv,632de9ed55947761d56d4c6142a3cb1a1fe69d0b1a6d0e01a2e404c697962623,dfine_sahi,188400.0,monitor_or_bezel,0.592,963.43,380.55,1152.69,474.93,17861.8,189.26,94.38,2.005,False,,True,R-desk,52,evt_S-61_desk_work_surface_0011,92f8db2bd3a9fdfc,lap_bag_context,no_pose_observation,34560.0,1.33,,1,cam12/e1/v1,
full,03.CCTV Mobile Usage.mkv,632de9ed55947761d56d4c6142a3cb1a1fe69d0b1a6d0e01a2e404c697962623,dfine_sahi,188400.0,unknown_object,0.5814,700.01,380.6,758.51,474.85,5513.5,58.49,94.26,0.621,False,,True,R-desk,52,evt_S-61_desk_work_surface_0011,92f8db2bd3a9fdfc,lap_bag_context,no_pose_observation,34560.0,1.33,,1,cam12/e1/v1,
full,03.CCTV Mobile Usage.mkv,632de9ed55947761d56d4c6142a3cb1a1fe69d0b1a6d0e01a2e404c697962623,dfine_sahi,188400.0,keyboard,0.578,802.88,396.31,870.55,420.48,1635.9,67.67,24.17,2.799,False,,True,R-desk,52,evt_S-61_desk_work_surface_0011,92f8db2bd3a9fdfc,lap_bag_context,no_pose_observation,34560.0,1.33,,1,cam12/e1/v1,
full,03.CCTV Mobile Usage.mkv,632de9ed55947761d56d4c6142a3cb1a1fe69d0b1a6d0e01a2e404c697962623,dfine_sahi,188400.0,unknown_object,0.4393,761.16,410.98,969.79,505.91,19806.0,208.63,94.93,2.198,False,,True,R-desk,52,evt_S-61_desk_work_surface_0011,92f8db2bd3a9fdfc,lap_bag_context,no_pose_observation,34560.0,1.33,,1,cam12/e1/v1,
full,03.CCTV Mobile Usage.mkv,632de9ed55947761d56d4c6142a3cb1a1fe69d0b1a6d0e01a2e404c697962623,dfine_sahi,188400.0,mouse,0.3831,967.11,398.35,991.66,410.66,302.3,24.56,12.31,1.994,False,,True,R-desk,52,evt_S-61_desk_work_surface_0011,92f8db2bd3a9fdfc,lap_bag_context,no_pose_observation,34560.0,1.33,,1,cam12/e1/v1,
full,03.CCTV Mobile Usage.mkv,632de9ed55947761d56d4c6142a3cb1a1fe69d0b1a6d0e01a2e404c697962623,dfine_sahi,188400.0,monitor_or_bezel,0.3733,880.89,396.2,948.2,452.65,3800.2,67.31,56.46,1.192,False,,True,R-desk,52,evt_S-61_desk_work_surface_0011,92f8db2bd3a9fdfc,lap_bag_context,no_pose_observation,34560.0,1.33,,1,cam12/e1/v1,
full,03.CCTV Mobile Usage.mkv,632de9ed55947761d56d4c6142a3cb1a1fe69d0b1a6d0e01a2e404c697962623,dfine_sahi,188400.0,keyboard,0.3339,964.7,396.43,1096.36,474.98,10341.6,131.66,78.55,1.676,False,,True,R-desk,52,evt_S-61_desk_work_surface_0011,92f8db2bd3a9fdfc,lap_bag_context,no_pose_observation,34560.0,1.33,,1,cam12/e1/v1,
full,03.CCTV Mobile Usage.mkv,632de9ed55947761d56d4c6142a3cb1a1fe69d0b1a6d0e01a2e404c697962623,dfine_sahi,188400.0,unknown_object,0.3188,878.23,411.36,969.9,505.61,8639.7,91.67,94.25,0.973,False,,True,R-desk,52,evt_S-61_desk_work_surface_0011,92f8db2bd3a9fdfc,lap_bag_context,no_pose_observation,34560.0,1.33,,1,cam12/e1/v1,
full,03.CCTV Mobile Usage.mkv,632de9ed55947761d56d4c6142a3cb1a1fe69d0b1a6d0e01a2e404c697962623,dfine_sahi,188400.0,mouse,0.3018,991.52,400.99,1027.75,413.67,459.1,36.22,12.67,2.858,False,,True,R-desk,52,evt_S-61_desk_work_surface_0011,92f8db2bd3a9fdfc,lap_bag_context,no_pose_observation,34560.0,1.33,,1,cam12/e1/v1,
full,03.CCTV Mobile Usage.mkv,632de9ed55947761d56d4c6142a3cb1a1fe69d0b1a6d0e01a2e404c697962623,dfine_sahi,188400.0,keyboard,0.2933,881.91,380.25,964.91,452.84,6024.3,83.0,72.58,1.143,False,,True,R-desk,52,evt_S-61_desk_work_surface_0011,92f8db2bd3a9fdfc,lap_bag_context,no_pose_observation,34560.0,1.33,,1,cam12/e1/v1,
full,03.CCTV Mobile Usage.mkv,632de9ed55947761d56d4c6142a3cb1a1fe69d0b1a6d0e01a2e404c697962623,dfine_sahi,188400.0,unknown_object,0.2838,881.38,411.12,933.05,452.93,2160.2,51.67,41.81,1.236,False,,True,R-desk,52,evt_S-61_desk_work_surface_0011,92f8db2bd3a9fdfc,lap_bag_context,no_pose_observation,34560.0,1.33,,1,cam12/e1/v1,
full,03.CCTV Mobile Usage.mkv,632de9ed55947761d56d4c6142a3cb1a1fe69d0b1a6d0e01a2e404c697962623,dfine_sahi,188400.0,bag,0.7792,840.13,22.64,910.43,95.28,5107.2,70.31,72.64,0.968,False,,True,unattributed,51,evt_S-61_desk_work_surface_0011,a900990708ebf11d,native_source_context_fallback,no_pose_observation,8163.5,6.61,,1,cam12/e1/v1,
full,03.CCTV Mobile Usage.mkv,632de9ed55947761d56d4c6142a3cb1a1fe69d0b1a6d0e01a2e404c697962623,dfine_sahi,188400.0,monitor_or_bezel,0.5571,803.01,2.43,843.1,43.76,1657.0,40.09,41.33,0.97,False,,True,unattributed,51,evt_S-61_desk_work_surface_0011,a900990708ebf11d,native_source_context_fallback,no_pose_observation,8163.5,6.61,,1,cam12/e1/v1,
full,03.CCTV Mobile Usage.mkv,632de9ed55947761d56d4c6142a3cb1a1fe69d0b1a6d0e01a2e404c697962623,dfine_sahi,188400.0,unknown_object,0.3786,831.68,84.95,898.95,116.7,2135.6,67.27,31.75,2.119,False,,True,unattributed,51,evt_S-61_desk_work_surface_0011,a900990708ebf11d,native_source_context_fallback,no_pose_observation,8163.5,6.61,,1,cam12/e1/v1,
full,03.CCTV Mobile Usage.mkv,632de9ed55947761d56d4c6142a3cb1a1fe69d0b1a6d0e01a2e404c697962623,dfine_sahi,188400.0,unknown_object,0.3566,829.46,22.19,898.89,95.2,5068.8,69.43,73.01,0.951,False,,True,unattributed,51,evt_S-61_desk_work_surface_0011,a900990708ebf11d,native_source_context_fallback,no_pose_observation,8163.5,6.61,,1,cam12/e1/v1,
full,03.CCTV Mobile Usage.mkv,632de9ed55947761d56d4c6142a3cb1a1fe69d0b1a6d0e01a2e404c697962623,dfine_sahi,188400.0,unknown_object,0.295,803.01,2.16,843.17,88.08,3450.9,40.16,85.93,0.467,False,,True,unattributed,51,evt_S-61_desk_work_surface_0011,a900990708ebf11d,native_source_context_fallback,no_pose_observation,8163.5,6.61,,1,cam12/e1/v1,
full,03.CCTV Mobile Usage.mkv,632de9ed55947761d56d4c6142a3cb1a1fe69d0b1a6d0e01a2e404c697962623,dfine_sahi,188400.0,unknown_object,0.2878,904.2,20.94,934.03,93.83,2174.1,29.83,72.89,0.409,False,,True,unattributed,51,evt_S-61_desk_work_surface_0011,a900990708ebf11d,native_source_context_fallback,no_pose_observation,8163.5,6.61,,1,cam12/e1/v1,
full,03.CCTV Mobile Usage.mkv,632de9ed55947761d56d4c6142a3cb1a1fe69d0b1a6d0e01a2e404c697962623,dfine_sahi,188400.0,unknown_object,0.2612,840.84,7.76,873.27,44.6,1195.0,32.44,36.84,0.88,False,,True,unattributed,51,evt_S-61_desk_work_surface_0011,a900990708ebf11d,native_source_context_fallback,no_pose_observation,8163.5,6.61,,1,cam12/e1/v1,
full,03.CCTV Mobile Usage.mkv,632de9ed55947761d56d4c6142a3cb1a1fe69d0b1a6d0e01a2e404c697962623,dfine_sahi,188400.0,unknown_object,0.6955,101.51,449.41,171.0,494.3,3119.2,69.49,44.89,1.548,False,,True,S-61,50,evt_S-61_desk_work_surface_0011,cfcf4b8a26ff53b1,pose_hand_context,,32177.2,3.57,,1,cam12/e1/v1,rtmpose_baseline
full,03.CCTV Mobile Usage.mkv,632de9ed55947761d56d4c6142a3cb1a1fe69d0b1a6d0e01a2e404c697962623,dfine_sahi,188400.0,unknown_object,0.5947,147.95,473.22,248.93,573.47,10123.5,100.98,100.25,1.007,False,,True,S-61,50,evt_S-61_desk_work_surface_0011,cfcf4b8a26ff53b1,pose_hand_context,,32177.2,3.57,,1,cam12/e1/v1,rtmpose_baseline
full,03.CCTV Mobile Usage.mkv,632de9ed55947761d56d4c6142a3cb1a1fe69d0b1a6d0e01a2e404c697962623,dfine_sahi,188400.0,stationery,0.5781,114.47,448.96,137.49,465.32,376.6,23.02,16.36,1.408,False,,True,S-61,50,evt_S-61_desk_work_surface_0011,cfcf4b8a26ff53b1,pose_hand_context,,32177.2,3.57,,1,cam12/e1/v1,rtmpose_baseline
full,03.CCTV Mobile Usage.mkv,632de9ed55947761d56d4c6142a3cb1a1fe69d0b1a6d0e01a2e404c697962623,dfine_sahi,188400.0,unknown_object,0.5319,75.71,395.22,170.88,456.77,5857.7,95.17,61.55,1.546,False,,True,S-61,50,evt_S-61_desk_work_surface_0011,cfcf4b8a26ff53b1,pose_hand_context,,32177.2,3.57,,1,cam12/e1/v1,rtmpose_baseline
full,03.CCTV Mobile Usage.mkv,632de9ed55947761d56d4c6142a3cb1a1fe69d0b1a6d0e01a2e404c697962623,dfine_sahi,188400.0,stationery,0.4555,113.94,448.92,159.91,471.1,1019.9,45.98,22.18,2.073,False,,True,S-61,50,evt_S-61_desk_work_surface_0011,cfcf4b8a26ff53b1,pose_hand_context,,32177.2,3.57,,1,cam12/e1/v1,rtmpose_baseline
full,03.CCTV Mobile Usage.mkv,632de9ed55947761d56d4c6142a3cb1a1fe69d0b1a6d0e01a2e404c697962623,dfine_sahi,188400.0,unknown_object,0.3831,148.02,395.22,248.96,493.19,9889.9,100.94,97.98,1.03,False,,True,S-61,50,evt_S-61_desk_work_surface_0011,cfcf4b8a26ff53b1,pose_hand_context,,32177.2,3.57,,1,cam12/e1/v1,rtmpose_baseline
full,03.CCTV Mobile Usage.mkv,632de9ed55947761d56d4c6142a3cb1a1fe69d0b1a6d0e01a2e404c697962623,dfine_sahi,188400.0,stationery,0.3739,101.41,449.06,138.42,493.26,1635.6,37.01,44.19,0.838,False,,True,S-61,50,evt_S-61_desk_work_surface_0011,cfcf4b8a26ff53b1,pose_hand_context,,32177.2,3.57,,1,cam12/e1/v1,rtmpose_baseline
full,03.CCTV Mobile Usage.mkv,632de9ed55947761d56d4c6142a3cb1a1fe69d0b1a6d0e01a2e404c697962623,dfine_sahi,188400.0,unknown_object,0.3501,70.17,396.86,216.13,573.0,25710.9,145.96,176.15,0.829,False,,True,S-61,50,evt_S-61_desk_work_surface_0011,cfcf4b8a26ff53b1,pose_hand_context,,32177.2,3.57,,1,cam12/e1/v1,rtmpose_baseline
full,03.CCTV Mobile Usage.mkv,632de9ed55947761d56d4c6142a3cb1a1fe69d0b1a6d0e01a2e404c697962623,dfine_sahi,188400.0,stationery,0.3205,101.1,449.53,181.6,500.05,4066.4,80.5,50.51,1.594,False,,True,S-61,50,evt_S-61_desk_work_surface_0011,cfcf4b8a26ff53b1,pose_hand_context,,32177.2,3.57,,1,cam12/e1/v1,rtmpose_baseline
full,03.CCTV Mobile Usage.mkv,632de9ed55947761d56d4c6142a3cb1a1fe69d0b1a6d0e01a2e404c697962623,dfine_sahi,188400.0,stationery,0.273,70.06,431.44,161.7,467.19,3275.4,91.64,35.74,2.564,False,,True,S-61,50,evt_S-61_desk_work_surface_0011,cfcf4b8a26ff53b1,pose_hand_context,,32177.2,3.57,,1,cam12/e1/v1,rtmpose_baseline
full,03.CCTV Mobile Usage.mkv,632de9ed55947761d56d4c6142a3cb1a1fe69d0b1a6d0e01a2e404c697962623,dfine_sahi,188400.0,unknown_object,0.2636,147.98,406.94,182.48,455.45,1673.9,34.51,48.51,0.711,False,,True,S-61,50,evt_S-61_desk_work_surface_0011,cfcf4b8a26ff53b1,pose_hand_context,,32177.2,3.57,,1,cam12/e1/v1,rtmpose_baseline
full,03.CCTV Mobile Usage.mkv,632de9ed55947761d56d4c6142a3cb1a1fe69d0b1a6d0e01a2e404c697962623,dfine_sahi,188900.0,monitor_or_bezel,0.7475,792.15,20.07,843.13,44.98,1269.7,50.97,24.91,2.046,False,,True,unattributed,51,evt_S-61_desk_work_surface_0011,d5629fce5745428f,native_source_context_fallback,no_pose_observation,6264.2,6.73,,1,cam12/e1/v1,
full,03.CCTV Mobile Usage.mkv,632de9ed55947761d56d4c6142a3cb1a1fe69d0b1a6d0e01a2e404c697962623,dfine_sahi,188900.0,bag,0.6265,841.8,14.43,886.43,53.85,1759.1,44.62,39.42,1.132,False,,True,unattributed,51,evt_S-61_desk_work_surface_0011,d5629fce5745428f,native_source_context_fallback,no_pose_observation,6264.2,6.73,,1,cam12/e1/v1,
full,03.CCTV Mobile Usage.mkv,632de9ed55947761d56d4c6142a3cb1a1fe69d0b1a6d0e01a2e404c697962623,dfine_sahi,188900.0,monitor_or_bezel,0.5804,821.0,20.09,843.31,45.06,557.3,22.31,24.97,0.893,False,,True,unattributed,51,evt_S-61_desk_work_surface_0011,d5629fce5745428f,native_source_context_fallback,no_pose_observation,6264.2,6.73,,1,cam12/e1/v1,
full,03.CCTV Mobile Usage.mkv,632de9ed55947761d56d4c6142a3cb1a1fe69d0b1a6d0e01a2e404c697962623,dfine_sahi,188900.0,bag,0.5757,829.04,46.74,879.07,85.57,1942.3,50.02,38.83,1.288,False,,True,unattributed,51,evt_S-61_desk_work_surface_0011,d5629fce5745428f,native_source_context_fallback,no_pose_observation,6264.2,6.73,,1,cam12/e1/v1,
full,03.CCTV Mobile Usage.mkv,632de9ed55947761d56d4c6142a3cb1a1fe69d0b1a6d0e01a2e404c697962623,dfine_sahi,188900.0,monitor_or_bezel,0.5446,807.03,4.24,854.63,45.23,1951.3,47.6,40.99,1.161,False,,True,unattributed,51,evt_S-61_desk_work_surface_0011,d5629fce5745428f,native_source_context_fallback,no_pose_observation,6264.2,6.73,,1,cam12/e1/v1,
full,03.CCTV Mobile Usage.mkv,632de9ed55947761d56d4c6142a3cb1a1fe69d0b1a6d0e01a2e404c697962623,dfine_sahi,188900.0,unknown_object,0.323,831.57,83.27,902.95,95.86,899.2,71.38,12.6,5.666,False,,True,unattributed,51,evt_S-61_desk_work_surface_0011,d5629fce5745428f,native_source_context_fallback,no_pose_observation,6264.2,6.73,,1,cam12/e1/v1,
full,03.CCTV Mobile Usage.mkv,632de9ed55947761d56d4c6142a3cb1a1fe69d0b1a6d0e01a2e404c697962623,dfine_sahi,188900.0,unknown_object,0.3188,823.08,46.79,879.69,94.83,2719.5,56.6,48.04,1.178,False,,True,unattributed,51,evt_S-61_desk_work_surface_0011,d5629fce5745428f,native_source_context_fallback,no_pose_observation,6264.2,6.73,,1,cam12/e1/v1,
full,03.CCTV Mobile Usage.mkv,632de9ed55947761d56d4c6142a3cb1a1fe69d0b1a6d0e01a2e404c697962623,dfine_sahi,188900.0,bag,0.2917,823.03,13.6,886.48,93.62,5077.2,63.45,80.02,0.793,False,,True,unattributed,51,evt_S-61_desk_work_surface_0011,d5629fce5745428f,native_source_context_fallback,no_pose_observation,6264.2,6.73,,1,cam12/e1/v1,
full,03.CCTV Mobile Usage.mkv,632de9ed55947761d56d4c6142a3cb1a1fe69d0b1a6d0e01a2e404c697962623,dfine_sahi,188900.0,bag,0.2767,792.16,32.31,830.57,89.22,2186.0,38.42,56.91,0.675,False,,True,unattributed,51,evt_S-61_desk_work_surface_0011,d5629fce5745428f,native_source_context_fallback,no_pose_observation,6264.2,6.73,,1,cam12/e1/v1,
full,03.CCTV Mobile Usage.mkv,632de9ed55947761d56d4c6142a3cb1a1fe69d0b1a6d0e01a2e404c697962623,dfine_sahi,188900.0,bag,0.2642,807.05,46.03,830.88,91.97,1094.8,23.83,45.94,0.519,False,,True,unattributed,51,evt_S-61_desk_work_surface_0011,d5629fce5745428f,native_source_context_fallback,no_pose_observation,6264.2,6.73,,1,cam12/e1/v1,
full,03.CCTV Mobile Usage.mkv,632de9ed55947761d56d4c6142a3cb1a1fe69d0b1a6d0e01a2e404c697962623,dfine_sahi,188900.0,monitor_or_bezel,0.26,792.05,20.09,842.92,87.19,3413.0,50.86,67.1,0.758,False,,True,unattributed,51,evt_S-61_desk_work_surface_0011,d5629fce5745428f,native_source_context_fallback,no_pose_observation,6264.2,6.73,,1,cam12/e1/v1,
full,03.CCTV Mobile Usage.mkv,632de9ed55947761d56d4c6142a3cb1a1fe69d0b1a6d0e01a2e404c697962623,dfine_sahi,188900.0,unknown_object,0.5553,80.49,417.09,155.01,455.52,2863.8,74.52,38.43,1.939,False,,True,S-61,50,evt_S-61_desk_work_surface_0011,d8e5ab1b8e525e2d,pose_hand_context,,38573.0,3.26,,1,cam12/e1/v1,rtmpose_baseline
full,03.CCTV Mobile Usage.mkv,632de9ed55947761d56d4c6142a3cb1a1fe69d0b1a6d0e01a2e404c697962623,dfine_sahi,188900.0,phone,0.459,44.97,443.56,71.62,471.15,735.1,26.65,27.59,0.966,False,,True,S-61,50,evt_S-61_desk_work_surface_0011,d8e5ab1b8e525e2d,pose_hand_context,,38573.0,3.26,,1,cam12/e1/v1,rtmpose_baseline
full,03.CCTV Mobile Usage.mkv,632de9ed55947761d56d4c6142a3cb1a1fe69d0b1a6d0e01a2e404c697962623,dfine_sahi,188900.0,unknown_object,0.4479,45.15,331.14,154.86,440.07,11951.2,109.71,108.93,1.007,False,,True,S-61,50,evt_S-61_desk_work_surface_0011,d8e5ab1b8e525e2d,pose_hand_context,,38573.0,3.26,,1,cam12/e1/v1,rtmpose_baseline
full,03.CCTV Mobile Usage.mkv,632de9ed55947761d56d4c6142a3cb1a1fe69d0b1a6d0e01a2e404c697962623,dfine_sahi,188900.0,unknown_object,0.4061,45.03,417.31,154.87,526.29,11971.2,109.85,108.98,1.008,False,,True,S-61,50,evt_S-61_desk_work_surface_0011,d8e5ab1b8e525e2d,pose_hand_context,,38573.0,3.26,,1,cam12/e1/v1,rtmpose_baseline
full,03.CCTV Mobile Usage.mkv,632de9ed55947761d56d4c6142a3cb1a1fe69d0b1a6d0e01a2e404c697962623,dfine_sahi,188900.0,unknown_object,0.3461,44.99,356.29,83.97,407.3,1988.3,38.97,51.02,0.764,False,,True,S-61,50,evt_S-61_desk_work_surface_0011,d8e5ab1b8e525e2d,pose_hand_context,,38573.0,3.26,,1,cam12/e1/v1,rtmpose_baseline
full,03.CCTV Mobile Usage.mkv,632de9ed55947761d56d4c6142a3cb1a1fe69d0b1a6d0e01a2e404c697962623,dfine_sahi,188900.0,phone,0.3098,175.73,376.61,190.5,388.49,175.3,14.76,11.87,1.243,False,,True,S-61,50,evt_S-61_desk_work_surface_0011,d8e5ab1b8e525e2d,pose_hand_context,,38573.0,3.26,,1,cam12/e1/v1,rtmpose_baseline
full,03.CCTV Mobile Usage.mkv,632de9ed55947761d56d4c6142a3cb1a1fe69d0b1a6d0e01a2e404c697962623,dfine_sahi,188900.0,unknown_object,0.2913,152.52,448.92,185.75,501.89,1759.8,33.23,52.97,0.627,False,,True,S-61,50,evt_S-61_desk_work_surface_0011,d8e5ab1b8e525e2d,pose_hand_context,,38573.0,3.26,,1,cam12/e1/v1,rtmpose_baseline
full,03.CCTV Mobile Usage.mkv,632de9ed55947761d56d4c6142a3cb1a1fe69d0b1a6d0e01a2e404c697962623,dfine_sahi,188900.0,bag,0.2674,81.86,383.73,163.78,442.53,4817.3,81.92,58.81,1.393,False,,True,S-61,50,evt_S-61_desk_work_surface_0011,d8e5ab1b8e525e2d,pose_hand_context,,38573.0,3.26,,1,cam12/e1/v1,rtmpose_baseline
full,03.CCTV Mobile Usage.mkv,632de9ed55947761d56d4c6142a3cb1a1fe69d0b1a6d0e01a2e404c697962623,dfine_sahi,189400.0,unknown_object,0.4938,93.23,497.28,209.87,613.35,13537.8,116.63,116.07,1.005,False,,True,S-61,50,evt_S-61_desk_work_surface_0011,0a7c366b0a827cd2,pose_hand_context,,43255.7,3.08,,1,cam12/e1/v1,rtmpose_baseline
full,03.CCTV Mobile Usage.mkv,632de9ed55947761d56d4c6142a3cb1a1fe69d0b1a6d0e01a2e404c697962623,dfine_sahi,189400.0,unknown_object,0.3736,157.84,448.68,185.8,480.72,896.0,27.96,32.04,0.873,False,,True,S-61,50,evt_S-61_desk_work_surface_0011,0a7c366b0a827cd2,pose_hand_context,,43255.7,3.08,,1,cam12/e1/v1,rtmpose_baseline
full,03.CCTV Mobile Usage.mkv,632de9ed55947761d56d4c6142a3cb1a1fe69d0b1a6d0e01a2e404c697962623,dfine_sahi,189400.0,unknown_object,0.3393,134.48,497.14,209.93,549.26,3932.7,75.45,52.12,1.447,False,,True,S-61,50,evt_S-61_desk_work_surface_0011,0a7c366b0a827cd2,pose_hand_context,,43255.7,3.08,,1,cam12/e1/v1,rtmpose_baseline
full,03.CCTV Mobile Usage.mkv,632de9ed55947761d56d4c6142a3cb1a1fe69d0b1a6d0e01a2e404c697962623,dfine_sahi,189400.0,unknown_object,0.3332,93.07,406.28,300.87,613.23,43005.2,207.8,206.95,1.004,False,,True,S-61,50,evt_S-61_desk_work_surface_0011,0a7c366b0a827cd2,pose_hand_context,,43255.7,3.08,,1,cam12/e1/v1,rtmpose_baseline
full,03.CCTV Mobile Usage.mkv,632de9ed55947761d56d4c6142a3cb1a1fe69d0b1a6d0e01a2e404c697962623,dfine_sahi,189400.0,unknown_object,0.3164,93.16,406.13,209.92,499.23,10870.2,116.76,93.1,1.254,False,,True,S-61,50,evt_S-61_desk_work_surface_0011,0a7c366b0a827cd2,pose_hand_context,,43255.7,3.08,,1,cam12/e1/v1,rtmpose_baseline
full,03.CCTV Mobile Usage.mkv,632de9ed55947761d56d4c6142a3cb1a1fe69d0b1a6d0e01a2e404c697962623,dfine_sahi,189400.0,unknown_object,0.3003,184.14,480.75,295.64,522.76,4683.9,111.51,42.01,2.655,False,,True,S-61,50,evt_S-61_desk_work_surface_0011,0a7c366b0a827cd2,pose_hand_context,,43255.7,3.08,,1,cam12/e1/v1,rtmpose_baseline
full,03.CCTV Mobile Usage.mkv,632de9ed55947761d56d4c6142a3cb1a1fe69d0b1a6d0e01a2e404c697962623,dfine_sahi,189400.0,unknown_object,0.2904,184.06,497.26,300.91,613.47,13578.8,116.85,116.21,1.006,False,,True,S-61,50,evt_S-61_desk_work_surface_0011,0a7c366b0a827cd2,pose_hand_context,,43255.7,3.08,,1,cam12/e1/v1,rtmpose_baseline
full,03.CCTV Mobile Usage.mkv,632de9ed55947761d56d4c6142a3cb1a1fe69d0b1a6d0e01a2e404c697962623,dfine_sahi,189400.0,unknown_object,0.2656,93.05,406.1,172.52,441.26,2794.0,79.47,35.16,2.26,False,,True,S-61,50,evt_S-61_desk_work_surface_0011,0a7c366b0a827cd2,pose_hand_context,,43255.7,3.08,,1,cam12/e1/v1,rtmpose_baseline
full,03.CCTV Mobile Usage.mkv,632de9ed55947761d56d4c6142a3cb1a1fe69d0b1a6d0e01a2e404c697962623,dfine_sahi,189400.0,unknown_object,0.2627,207.91,446.96,259.62,503.48,2922.4,51.7,56.52,0.915,False,,True,S-61,50,evt_S-61_desk_work_surface_0011,0a7c366b0a827cd2,pose_hand_context,,43255.7,3.08,,1,cam12/e1/v1,rtmpose_baseline
full,03.CCTV Mobile Usage.mkv,632de9ed55947761d56d4c6142a3cb1a1fe69d0b1a6d0e01a2e404c697962623,dfine_sahi,189900.0,unknown_object,0.6063,107.31,471.07,189.09,514.07,3516.6,81.78,43.0,1.902,False,,True,S-61,50,evt_S-61_desk_work_surface_0011,9312cfc9f7912b33,pose_hand_context,,42956.7,3.09,,1,cam12/e1/v1,rtmpose_baseline
full,03.CCTV Mobile Usage.mkv,632de9ed55947761d56d4c6142a3cb1a1fe69d0b1a6d0e01a2e404c697962623,dfine_sahi,189900.0,unknown_object,0.5702,163.0,471.21,279.91,587.33,13574.7,116.9,116.12,1.007,False,,True,S-61,50,evt_S-61_desk_work_surface_0011,9312cfc9f7912b33,pose_hand_context,,42956.7,3.09,,1,cam12/e1/v1,rtmpose_baseline
full,03.CCTV Mobile Usage.mkv,632de9ed55947761d56d4c6142a3cb1a1fe69d0b1a6d0e01a2e404c697962623,dfine_sahi,189900.0,unknown_object,0.4588,175.57,381.42,279.88,495.48,11897.6,104.31,114.06,0.915,False,,True,S-61,50,evt_S-61_desk_work_surface_0011,9312cfc9f7912b33,pose_hand_context,,42956.7,3.09,,1,cam12/e1/v1,rtmpose_baseline
full,03.CCTV Mobile Usage.mkv,632de9ed55947761d56d4c6142a3cb1a1fe69d0b1a6d0e01a2e404c697962623,dfine_sahi,189900.0,unknown_object,0.4507,80.24,381.43,185.14,454.19,7631.7,104.89,72.76,1.442,False,,True,S-61,50,evt_S-61_desk_work_surface_0011,9312cfc9f7912b33,pose_hand_context,,42956.7,3.09,,1,cam12/e1/v1,rtmpose_baseline
full,03.CCTV Mobile Usage.mkv,632de9ed55947761d56d4c6142a3cb1a1fe69d0b1a6d0e01a2e404c697962623,dfine_sahi,189900.0,bag,0.4506,78.26,381.34,171.26,452.49,6616.7,92.99,71.15,1.307,False,,True,S-61,50,evt_S-61_desk_work_surface_0011,9312cfc9f7912b33,pose_hand_context,,42956.7,3.09,,1,cam12/e1/v1,rtmpose_baseline
full,03.CCTV Mobile Usage.mkv,632de9ed55947761d56d4c6142a3cb1a1fe69d0b1a6d0e01a2e404c697962623,dfine_sahi,189900.0,unknown_object,0.4005,73.06,382.27,220.86,587.09,30271.0,147.79,204.82,0.722,False,,True,S-61,50,evt_S-61_desk_work_surface_0011,9312cfc9f7912b33,pose_hand_context,,42956.7,3.09,,1,cam12/e1/v1,rtmpose_baseline
full,03.CCTV Mobile Usage.mkv,632de9ed55947761d56d4c6142a3cb1a1fe69d0b1a6d0e01a2e404c697962623,dfine_sahi,189900.0,phone,0.3893,90.22,451.87,136.68,471.04,890.4,46.46,19.17,2.424,False,,True,S-61,50,evt_S-61_desk_work_surface_0011,9312cfc9f7912b33,pose_hand_context,,42956.7,3.09,,1,cam12/e1/v1,rtmpose_baseline
full,03.CCTV Mobile Usage.mkv,632de9ed55947761d56d4c6142a3cb1a1fe69d0b1a6d0e01a2e404c697962623,dfine_sahi,189900.0,unknown_object,0.3652,108.56,439.95,188.93,496.71,4561.7,80.37,56.76,1.416,False,,True,S-61,50,evt_S-61_desk_work_surface_0011,9312cfc9f7912b33,pose_hand_context,,42956.7,3.09,,1,cam12/e1/v1,rtmpose_baseline
full,03.CCTV Mobile Usage.mkv,632de9ed55947761d56d4c6142a3cb1a1fe69d0b1a6d0e01a2e404c697962623,dfine_sahi,189900.0,unknown_object,0.3581,72.94,471.19,189.21,587.44,13515.8,116.27,116.25,1.0,False,,True,S-61,50,evt_S-61_desk_work_surface_0011,9312cfc9f7912b33,pose_hand_context,,42956.7,3.09,,1,cam12/e1/v1,rtmpose_baseline
full,03.CCTV Mobile Usage.mkv,632de9ed55947761d56d4c6142a3cb1a1fe69d0b1a6d0e01a2e404c697962623,dfine_sahi,189900.0,phone,0.3157,90.73,439.82,164.41,471.22,2313.3,73.68,31.39,2.347,False,,True,S-61,50,evt_S-61_desk_work_surface_0011,9312cfc9f7912b33,pose_hand_context,,42956.7,3.09,,1,cam12/e1/v1,rtmpose_baseline
full,03.CCTV Mobile Usage.mkv,632de9ed55947761d56d4c6142a3cb1a1fe69d0b1a6d0e01a2e404c697962623,dfine_sahi,189900.0,unknown_object,0.2754,73.14,399.77,188.86,496.55,11199.7,115.72,96.78,1.196,False,,True,S-61,50,evt_S-61_desk_work_surface_0011,9312cfc9f7912b33,pose_hand_context,,42956.7,3.09,,1,cam12/e1/v1,rtmpose_baseline
full,03.CCTV Mobile Usage.mkv,632de9ed55947761d56d4c6142a3cb1a1fe69d0b1a6d0e01a2e404c697962623,dfine_sahi,190400.0,phone,0.6567,106.4,462.97,137.86,475.55,395.6,31.45,12.58,2.501,False,,True,S-61,50,evt_S-61_desk_work_surface_0011,81c4d35758daaf5e,pose_hand_context,,41673.1,3.14,,1,cam12/e1/v1,rtmpose_baseline
full,03.CCTV Mobile Usage.mkv,632de9ed55947761d56d4c6142a3cb1a1fe69d0b1a6d0e01a2e404c697962623,dfine_sahi,190400.0,unknown_object,0.5359,69.99,509.17,85.09,550.23,620.1,15.1,41.06,0.368,False,,True,S-61,50,evt_S-61_desk_work_surface_0011,81c4d35758daaf5e,pose_hand_context,,41673.1,3.14,,1,cam12/e1/v1,rtmpose_baseline
full,03.CCTV Mobile Usage.mkv,632de9ed55947761d56d4c6142a3cb1a1fe69d0b1a6d0e01a2e404c697962623,dfine_sahi,190400.0,unknown_object,0.4904,108.44,472.06,184.97,519.12,3601.0,76.53,47.06,1.626,False,,True,S-61,50,evt_S-61_desk_work_surface_0011,81c4d35758daaf5e,pose_hand_context,,41673.1,3.14,,1,cam12/e1/v1,rtmpose_baseline
full,03.CCTV Mobile Usage.mkv,632de9ed55947761d56d4c6142a3cb1a1fe69d0b1a6d0e01a2e404c697962623,dfine_sahi,190400.0,unknown_object,0.4499,160.01,494.45,274.05,586.68,10518.4,114.04,92.23,1.236,False,,True,S-61,50,evt_S-61_desk_work_surface_0011,81c4d35758daaf5e,pose_hand_context,,41673.1,3.14,,1,cam12/e1/v1,rtmpose_baseline
full,03.CCTV Mobile Usage.mkv,632de9ed55947761d56d4c6142a3cb1a1fe69d0b1a6d0e01a2e404c697962623,dfine_sahi,190400.0,unknown_object,0.4256,80.39,383.38,181.08,456.92,7404.5,100.69,73.54,1.369,False,,True,S-61,50,evt_S-61_desk_work_surface_0011,81c4d35758daaf5e,pose_hand_context,,41673.1,3.14,,1,cam12/e1/v1,rtmpose_baseline
full,03.CCTV Mobile Usage.mkv,632de9ed55947761d56d4c6142a3cb1a1fe69d0b1a6d0e01a2e404c697962623,dfine_sahi,190400.0,unknown_object,0.4073,70.12,383.61,217.24,586.15,29798.9,147.12,202.54,0.726,False,,True,S-61,50,evt_S-61_desk_work_surface_0011,81c4d35758daaf5e,pose_hand_context,,41673.1,3.14,,1,cam12/e1/v1,rtmpose_baseline
full,03.CCTV Mobile Usage.mkv,632de9ed55947761d56d4c6142a3cb1a1fe69d0b1a6d0e01a2e404c697962623,dfine_sahi,190400.0,unknown_object,0.3186,107.22,440.27,184.99,497.8,4474.0,77.77,57.53,1.352,False,,True,S-61,50,evt_S-61_desk_work_surface_0011,81c4d35758daaf5e,pose_hand_context,,41673.1,3.14,,1,cam12/e1/v1,rtmpose_baseline
full,03.CCTV Mobile Usage.mkv,632de9ed55947761d56d4c6142a3cb1a1fe69d0b1a6d0e01a2e404c697962623,dfine_sahi,190400.0,unknown_object,0.2769,107.25,405.31,184.53,476.19,5476.6,77.27,70.87,1.09,False,,True,S-61,50,evt_S-61_desk_work_surface_0011,81c4d35758daaf5e,pose_hand_context,,41673.1,3.14,,1,cam12/e1/v1,rtmpose_baseline
full,03.CCTV Mobile Usage.mkv,632de9ed55947761d56d4c6142a3cb1a1fe69d0b1a6d0e01a2e404c697962623,dfine_sahi,190900.0,unknown_object,0.6763,129.02,445.45,244.84,532.35,10065.8,115.83,86.9,1.333,False,,True,S-61,50,evt_S-61_desk_work_surface_0011,d9ace3c4db8b6ae4,pose_hand_context,,42543.2,3.1,,1,cam12/e1/v1,rtmpose_baseline
full,03.CCTV Mobile Usage.mkv,632de9ed55947761d56d4c6142a3cb1a1fe69d0b1a6d0e01a2e404c697962623,dfine_sahi,190900.0,unknown_object,0.5518,38.0,417.48,153.92,532.28,13308.0,115.92,114.8,1.01,False,,True,S-61,50,evt_S-61_desk_work_surface_0011,d9ace3c4db8b6ae4,pose_hand_context,,42543.2,3.1,,1,cam12/e1/v1,rtmpose_baseline
full,03.CCTV Mobile Usage.mkv,632de9ed55947761d56d4c6142a3cb1a1fe69d0b1a6d0e01a2e404c697962623,dfine_sahi,190900.0,unknown_object,0.4962,80.49,417.14,153.96,460.13,3158.5,73.47,42.99,1.709,False,,True,S-61,50,evt_S-61_desk_work_surface_0011,d9ace3c4db8b6ae4,pose_hand_context,,42543.2,3.1,,1,cam12/e1/v1,rtmpose_baseline
full,03.CCTV Mobile Usage.mkv,632de9ed55947761d56d4c6142a3cb1a1fe69d0b1a6d0e01a2e404c697962623,dfine_sahi,190900.0,unknown_object,0.3681,39.69,356.31,84.24,408.22,2312.4,44.55,51.9,0.858,False,,True,S-61,50,evt_S-61_desk_work_surface_0011,d9ace3c4db8b6ae4,pose_hand_context,,42543.2,3.1,,1,cam12/e1/v1,rtmpose_baseline
full,03.CCTV Mobile Usage.mkv,632de9ed55947761d56d4c6142a3cb1a1fe69d0b1a6d0e01a2e404c697962623,dfine_sahi,190900.0,phone,0.2879,178.57,378.51,194.2,390.9,193.7,15.63,12.39,1.261,False,,True,S-61,50,evt_S-61_desk_work_surface_0011,d9ace3c4db8b6ae4,pose_hand_context,,42543.2,3.1,,1,cam12/e1/v1,rtmpose_baseline
full,03.CCTV Mobile Usage.mkv,632de9ed55947761d56d4c6142a3cb1a1fe69d0b1a6d0e01a2e404c697962623,dfine_sahi,190900.0,unknown_object,0.2534,40.11,443.98,71.75,471.58,873.5,31.64,27.61,1.146,False,,True,S-61,50,evt_S-61_desk_work_surface_0011,d9ace3c4db8b6ae4,pose_hand_context,,42543.2,3.1,,1,cam12/e1/v1,rtmpose_baseline
full,03.CCTV Mobile Usage.mkv,632de9ed55947761d56d4c6142a3cb1a1fe69d0b1a6d0e01a2e404c697962623,dfine_sahi,191400.0,unknown_object,0.5192,129.98,444.64,205.42,532.95,6661.4,75.43,88.31,0.854,False,,True,S-61,50,evt_S-61_desk_work_surface_0011,bd3f053efcc12ecf,pose_hand_context,,45445.7,3.0,,1,cam12/e1/v1,rtmpose_baseline
full,03.CCTV Mobile Usage.mkv,632de9ed55947761d56d4c6142a3cb1a1fe69d0b1a6d0e01a2e404c697962623,dfine_sahi,191400.0,unknown_object,0.458,102.31,416.49,155.96,461.48,2414.0,53.66,44.99,1.193,False,,True,S-61,50,evt_S-61_desk_work_surface_0011,bd3f053efcc12ecf,pose_hand_context,,45445.7,3.0,,1,cam12/e1/v1,rtmpose_baseline
full,03.CCTV Mobile Usage.mkv,632de9ed55947761d56d4c6142a3cb1a1fe69d0b1a6d0e01a2e404c697962623,dfine_sahi,191400.0,unknown_object,0.4038,129.99,352.87,190.08,440.3,5253.9,60.09,87.43,0.687,False,,True,S-61,50,evt_S-61_desk_work_surface_0011,bd3f053efcc12ecf,pose_hand_context,,45445.7,3.0,,1,cam12/e1/v1,rtmpose_baseline
full,03.CCTV Mobile Usage.mkv,632de9ed55947761d56d4c6142a3cb1a1fe69d0b1a6d0e01a2e404c697962623,dfine_sahi,191400.0,unknown_object,0.3915,174.73,415.53,249.94,509.38,7058.5,75.21,93.85,0.801,False,,True,S-61,50,evt_S-61_desk_work_surface_0011,bd3f053efcc12ecf,pose_hand_context,,45445.7,3.0,,1,cam12/e1/v1,rtmpose_baseline
full,03.CCTV Mobile Usage.mkv,632de9ed55947761d56d4c6142a3cb1a1fe69d0b1a6d0e01a2e404c697962623,dfine_sahi,191400.0,unknown_object,0.3691,130.0,415.15,185.53,449.95,1932.1,55.53,34.79,1.596,False,,True,S-61,50,evt_S-61_desk_work_surface_0011,bd3f053efcc12ecf,pose_hand_context,,45445.7,3.0,,1,cam12/e1/v1,rtmpose_baseline
full,03.CCTV Mobile Usage.mkv,632de9ed55947761d56d4c6142a3cb1a1fe69d0b1a6d0e01a2e404c697962623,dfine_sahi,191400.0,unknown_object,0.3514,39.31,355.96,85.2,412.22,2581.6,45.89,56.26,0.816,False,,True,S-61,50,evt_S-61_desk_work_surface_0011,bd3f053efcc12ecf,pose_hand_context,,45445.7,3.0,,1,cam12/e1/v1,rtmpose_baseline
full,03.CCTV Mobile Usage.mkv,632de9ed55947761d56d4c6142a3cb1a1fe69d0b1a6d0e01a2e404c697962623,dfine_sahi,191400.0,unknown_object,0.3498,37.07,415.28,155.9,533.43,14040.3,118.83,118.15,1.006,False,,True,S-61,50,evt_S-61_desk_work_surface_0011,bd3f053efcc12ecf,pose_hand_context,,45445.7,3.0,,1,cam12/e1/v1,rtmpose_baseline
full,03.CCTV Mobile Usage.mkv,632de9ed55947761d56d4c6142a3cb1a1fe69d0b1a6d0e01a2e404c697962623,dfine_sahi,191400.0,phone,0.2978,185.05,386.02,204.03,396.62,201.2,18.98,10.6,1.791,False,,True,S-61,50,evt_S-61_desk_work_surface_0011,bd3f053efcc12ecf,pose_hand_context,,45445.7,3.0,,1,cam12/e1/v1,rtmpose_baseline
full,03.CCTV Mobile Usage.mkv,632de9ed55947761d56d4c6142a3cb1a1fe69d0b1a6d0e01a2e404c697962623,dfine_sahi,191400.0,unknown_object,0.2598,130.01,444.56,185.26,496.35,2861.6,55.25,51.79,1.067,False,,True,S-61,50,evt_S-61_desk_work_surface_0011,bd3f053efcc12ecf,pose_hand_context,,45445.7,3.0,,1,cam12/e1/v1,rtmpose_baseline
full,03.CCTV Mobile Usage.mkv,632de9ed55947761d56d4c6142a3cb1a1fe69d0b1a6d0e01a2e404c697962623,dfine_sahi,191400.0,unknown_object,0.2571,39.86,443.01,72.02,471.56,918.0,32.16,28.55,1.127,False,,True,S-61,50,evt_S-61_desk_work_surface_0011,bd3f053efcc12ecf,pose_hand_context,,45445.7,3.0,,1,cam12/e1/v1,rtmpose_baseline
full,03.CCTV Mobile Usage.mkv,632de9ed55947761d56d4c6142a3cb1a1fe69d0b1a6d0e01a2e404c697962623,dfine_sahi,191900.0,keyboard,0.9092,962.22,451.95,1067.64,491.42,4160.7,105.42,39.47,2.671,False,,True,R-desk,53,evt_S-61_desk_work_surface_0011,18214d6b4fef384d,lap_bag_context,no_pose_observation,34560.0,1.33,,1,cam12/e1/v1,
full,03.CCTV Mobile Usage.mkv,632de9ed55947761d56d4c6142a3cb1a1fe69d0b1a6d0e01a2e404c697962623,dfine_sahi,191900.0,keyboard,0.7476,772.04,380.18,870.8,420.33,3965.1,98.76,40.15,2.46,False,,True,R-desk,53,evt_S-61_desk_work_surface_0011,18214d6b4fef384d,lap_bag_context,no_pose_observation,34560.0,1.33,,1,cam12/e1/v1,
full,03.CCTV Mobile Usage.mkv,632de9ed55947761d56d4c6142a3cb1a1fe69d0b1a6d0e01a2e404c697962623,dfine_sahi,191900.0,unknown_object,0.7392,699.86,396.17,842.85,492.08,13714.7,142.99,95.91,1.491,False,,True,R-desk,53,evt_S-61_desk_work_surface_0011,18214d6b4fef384d,lap_bag_context,no_pose_observation,34560.0,1.33,,1,cam12/e1/v1,
full,03.CCTV Mobile Usage.mkv,632de9ed55947761d56d4c6142a3cb1a1fe69d0b1a6d0e01a2e404c697962623,dfine_sahi,191900.0,mouse,0.7361,864.93,413.64,891.25,435.43,573.6,26.32,21.79,1.208,False,,True,R-desk,53,evt_S-61_desk_work_surface_0011,18214d6b4fef384d,lap_bag_context,no_pose_observation,34560.0,1.33,,1,cam12/e1/v1,
full,03.CCTV Mobile Usage.mkv,632de9ed55947761d56d4c6142a3cb1a1fe69d0b1a6d0e01a2e404c697962623,dfine_sahi,191900.0,monitor_or_bezel,0.7032,962.85,380.46,1152.65,475.06,17955.7,189.8,94.6,2.006,False,,True,R-desk,53,evt_S-61_desk_work_surface_0011,18214d6b4fef384d,lap_bag_context,no_pose_observation,34560.0,1.33,,1,cam12/e1/v1,
full,03.CCTV Mobile Usage.mkv,632de9ed55947761d56d4c6142a3cb1a1fe69d0b1a6d0e01a2e404c697962623,dfine_sahi,191900.0,monitor_or_bezel,0.6978,910.27,411.2,1141.6,506.39,22020.7,231.33,95.19,2.43,False,,True,R-desk,53,evt_S-61_desk_work_surface_0011,18214d6b4fef384d,lap_bag_context,no_pose_observation,34560.0,1.33,,1,cam12/e1/v1,
full,03.CCTV Mobile Usage.mkv,632de9ed55947761d56d4c6142a3cb1a1fe69d0b1a6d0e01a2e404c697962623,dfine_sahi,191900.0,monitor_or_bezel,0.6704,1019.22,395.98,1145.74,447.85,6562.1,126.52,51.87,2.439,False,,True,R-desk,53,evt_S-61_desk_work_surface_0011,18214d6b4fef384d,lap_bag_context,no_pose_observation,34560.0,1.33,,1,cam12/e1/v1,
full,03.CCTV Mobile Usage.mkv,632de9ed55947761d56d4c6142a3cb1a1fe69d0b1a6d0e01a2e404c697962623,dfine_sahi,191900.0,keyboard,0.6273,802.03,396.21,871.1,420.57,1682.6,69.06,24.36,2.835,False,,True,R-desk,53,evt_S-61_desk_work_surface_0011,18214d6b4fef384d,lap_bag_context,no_pose_observation,34560.0,1.33,,1,cam12/e1/v1,
full,03.CCTV Mobile Usage.mkv,632de9ed55947761d56d4c6142a3cb1a1fe69d0b1a6d0e01a2e404c697962623,dfine_sahi,191900.0,monitor_or_bezel,0.6048,707.46,379.88,969.66,474.91,24915.4,262.2,95.03,2.759,False,,True,R-desk,53,evt_S-61_desk_work_surface_0011,18214d6b4fef384d,lap_bag_context,no_pose_observation,34560.0,1.33,,1,cam12/e1/v1,
full,03.CCTV Mobile Usage.mkv,632de9ed55947761d56d4c6142a3cb1a1fe69d0b1a6d0e01a2e404c697962623,dfine_sahi,191900.0,keyboard,0.593,962.88,452.37,1034.45,475.53,1657.6,71.57,23.16,3.09,False,,True,R-desk,53,evt_S-61_desk_work_surface_0011,18214d6b4fef384d,lap_bag_context,no_pose_observation,34560.0,1.33,,1,cam12/e1/v1,
full,03.CCTV Mobile Usage.mkv,632de9ed55947761d56d4c6142a3cb1a1fe69d0b1a6d0e01a2e404c697962623,dfine_sahi,191900.0,unknown_object,0.5425,699.98,380.69,759.1,474.93,5570.9,59.12,94.24,0.627,False,,True,R-desk,53,evt_S-61_desk_work_surface_0011,18214d6b4fef384d,lap_bag_context,no_pose_observation,34560.0,1.33,,1,cam12/e1/v1,
full,03.CCTV Mobile Usage.mkv,632de9ed55947761d56d4c6142a3cb1a1fe69d0b1a6d0e01a2e404c697962623,dfine_sahi,191900.0,phone,0.5423,1043.47,421.42,1113.26,474.01,3670.7,69.8,52.59,1.327,False,,True,R-desk,53,evt_S-61_desk_work_surface_0011,18214d6b4fef384d,lap_bag_context,no_pose_observation,34560.0,1.33,,1,cam12/e1/v1,
full,03.CCTV Mobile Usage.mkv,632de9ed55947761d56d4c6142a3cb1a1fe69d0b1a6d0e01a2e404c697962623,dfine_sahi,191900.0,unknown_object,0.3615,764.66,411.02,969.83,505.98,19483.6,205.18,94.96,2.161,False,,True,R-desk,53,evt_S-61_desk_work_surface_0011,18214d6b4fef384d,lap_bag_context,no_pose_observation,34560.0,1.33,,1,cam12/e1/v1,
full,03.CCTV Mobile Usage.mkv,632de9ed55947761d56d4c6142a3cb1a1fe69d0b1a6d0e01a2e404c697962623,dfine_sahi,191900.0,keyboard,0.3523,910.12,411.25,1092.62,506.25,17337.0,182.5,95.0,1.921,False,,True,R-desk,53,evt_S-61_desk_work_surface_0011,18214d6b4fef384d,lap_bag_context,no_pose_observation,34560.0,1.33,,1,cam12/e1/v1,
full,03.CCTV Mobile Usage.mkv,632de9ed55947761d56d4c6142a3cb1a1fe69d0b1a6d0e01a2e404c697962623,dfine_sahi,191900.0,keyboard,0.3482,964.36,396.89,1099.61,474.94,10556.2,135.25,78.05,1.733,False,,True,R-desk,53,evt_S-61_desk_work_surface_0011,18214d6b4fef384d,lap_bag_context,no_pose_observation,34560.0,1.33,,1,cam12/e1/v1,
full,03.CCTV Mobile Usage.mkv,632de9ed55947761d56d4c6142a3cb1a1fe69d0b1a6d0e01a2e404c697962623,dfine_sahi,191900.0,mouse,0.34,967.23,398.4,992.11,410.48,300.6,24.88,12.08,2.059,False,,True,R-desk,53,evt_S-61_desk_work_surface_0011,18214d6b4fef384d,lap_bag_context,no_pose_observation,34560.0,1.33,,1,cam12/e1/v1,
full,03.CCTV Mobile Usage.mkv,632de9ed55947761d56d4c6142a3cb1a1fe69d0b1a6d0e01a2e404c697962623,dfine_sahi,191900.0,unknown_object,0.281,881.32,411.27,969.87,505.68,8360.1,88.55,94.41,0.938,False,,True,R-desk,53,evt_S-61_desk_work_surface_0011,18214d6b4fef384d,lap_bag_context,no_pose_observation,34560.0,1.33,,1,cam12/e1/v1,
full,03.CCTV Mobile Usage.mkv,632de9ed55947761d56d4c6142a3cb1a1fe69d0b1a6d0e01a2e404c697962623,dfine_sahi,191900.0,monitor_or_bezel,0.2626,881.33,396.15,949.39,452.71,3848.7,68.05,56.55,1.203,False,,True,R-desk,53,evt_S-61_desk_work_surface_0011,18214d6b4fef384d,lap_bag_context,no_pose_observation,34560.0,1.33,,1,cam12/e1/v1,
full,03.CCTV Mobile Usage.mkv,632de9ed55947761d56d4c6142a3cb1a1fe69d0b1a6d0e01a2e404c697962623,dfine_sahi,191900.0,unknown_object,0.5142,22.9,416.52,147.06,540.54,15398.9,124.16,124.02,1.001,False,,True,S-61,50,evt_S-61_desk_work_surface_0011,fbcd773baf9b06c1,pose_hand_context,,48682.0,2.9,,1,cam12/e1/v1,rtmpose_baseline
full,03.CCTV Mobile Usage.mkv,632de9ed55947761d56d4c6142a3cb1a1fe69d0b1a6d0e01a2e404c697962623,dfine_sahi,191900.0,unknown_object,0.3746,90.82,417.47,147.03,464.8,2660.0,56.2,47.33,1.188,False,,True,S-61,50,evt_S-61_desk_work_surface_0011,fbcd773baf9b06c1,pose_hand_context,,48682.0,2.9,,1,cam12/e1/v1,rtmpose_baseline
full,03.CCTV Mobile Usage.mkv,632de9ed55947761d56d4c6142a3cb1a1fe69d0b1a6d0e01a2e404c697962623,dfine_sahi,191900.0,stationery,0.338,23.05,492.52,165.92,540.75,6889.9,142.87,48.22,2.963,False,,True,S-61,50,evt_S-61_desk_work_surface_0011,fbcd773baf9b06c1,pose_hand_context,,48682.0,2.9,,1,cam12/e1/v1,rtmpose_baseline
full,03.CCTV Mobile Usage.mkv,632de9ed55947761d56d4c6142a3cb1a1fe69d0b1a6d0e01a2e404c697962623,dfine_sahi,191900.0,stationery,0.3284,119.1,394.53,169.84,421.62,1374.9,50.74,27.09,1.873,False,,True,S-61,50,evt_S-61_desk_work_surface_0011,fbcd773baf9b06c1,pose_hand_context,,48682.0,2.9,,1,cam12/e1/v1,rtmpose_baseline
full,03.CCTV Mobile Usage.mkv,632de9ed55947761d56d4c6142a3cb1a1fe69d0b1a6d0e01a2e404c697962623,dfine_sahi,191900.0,unknown_object,0.3281,119.06,416.24,243.91,518.9,12817.2,124.84,102.67,1.216,False,,True,S-61,50,evt_S-61_desk_work_surface_0011,fbcd773baf9b06c1,pose_hand_context,,48682.0,2.9,,1,cam12/e1/v1,rtmpose_baseline
full,03.CCTV Mobile Usage.mkv,632de9ed55947761d56d4c6142a3cb1a1fe69d0b1a6d0e01a2e404c697962623,dfine_sahi,191900.0,unknown_object,0.2901,22.95,320.77,85.7,409.96,5596.0,62.75,89.18,0.704,False,,True,S-61,50,evt_S-61_desk_work_surface_0011,fbcd773baf9b06c1,pose_hand_context,,48682.0,2.9,,1,cam12/e1/v1,rtmpose_baseline
full,03.CCTV Mobile Usage.mkv,632de9ed55947761d56d4c6142a3cb1a1fe69d0b1a6d0e01a2e404c697962623,dfine_sahi,191900.0,stationery,0.2793,23.0,424.98,94.97,497.85,5244.9,71.97,72.88,0.988,False,,True,S-61,50,evt_S-61_desk_work_surface_0011,fbcd773baf9b06c1,pose_hand_context,,48682.0,2.9,,1,cam12/e1/v1,rtmpose_baseline
full,03.CCTV Mobile Usage.mkv,632de9ed55947761d56d4c6142a3cb1a1fe69d0b1a6d0e01a2e404c697962623,dfine_sahi,191900.0,unknown_object,0.2619,54.63,443.8,147.02,514.2,6504.1,92.39,70.4,1.312,False,,True,S-61,50,evt_S-61_desk_work_surface_0011,fbcd773baf9b06c1,pose_hand_context,,48682.0,2.9,,1,cam12/e1/v1,rtmpose_baseline
full,03.CCTV Mobile Usage.mkv,632de9ed55947761d56d4c6142a3cb1a1fe69d0b1a6d0e01a2e404c697962623,dfine_sahi,191900.0,bag,0.2569,82.1,381.68,170.7,433.85,4621.7,88.6,52.16,1.699,False,,True,S-61,50,evt_S-61_desk_work_surface_0011,fbcd773baf9b06c1,pose_hand_context,,48682.0,2.9,,1,cam12/e1/v1,rtmpose_baseline
full,03.CCTV Mobile Usage.mkv,632de9ed55947761d56d4c6142a3cb1a1fe69d0b1a6d0e01a2e404c697962623,dfine_sahi,192400.0,unknown_object,0.604,31.01,418.31,144.97,529.73,12697.4,113.96,111.42,1.023,False,,True,S-61,50,evt_S-61_desk_work_surface_0011,ca063bc770e90d94,pose_hand_context,,40973.9,3.16,,1,cam12/e1/v1,rtmpose_baseline
full,03.CCTV Mobile Usage.mkv,632de9ed55947761d56d4c6142a3cb1a1fe69d0b1a6d0e01a2e404c697962623,dfine_sahi,192400.0,unknown_object,0.5766,82.55,418.23,144.95,464.19,2868.0,62.4,45.96,1.358,False,,True,S-61,50,evt_S-61_desk_work_surface_0011,ca063bc770e90d94,pose_hand_context,,40973.9,3.16,,1,cam12/e1/v1,rtmpose_baseline
full,03.CCTV Mobile Usage.mkv,632de9ed55947761d56d4c6142a3cb1a1fe69d0b1a6d0e01a2e404c697962623,dfine_sahi,192400.0,unknown_object,0.5276,31.1,329.19,144.92,442.29,12873.0,113.82,113.1,1.006,False,,True,S-61,50,evt_S-61_desk_work_surface_0011,ca063bc770e90d94,pose_hand_context,,40973.9,3.16,,1,cam12/e1/v1,rtmpose_baseline
full,03.CCTV Mobile Usage.mkv,632de9ed55947761d56d4c6142a3cb1a1fe69d0b1a6d0e01a2e404c697962623,dfine_sahi,192400.0,secondary_paper_chit,0.4838,52.75,444.59,158.52,510.04,6923.2,105.78,65.45,1.616,False,,True,S-61,50,evt_S-61_desk_work_surface_0011,ca063bc770e90d94,pose_hand_context,,40973.9,3.16,,1,cam12/e1/v1,rtmpose_baseline
full,03.CCTV Mobile Usage.mkv,632de9ed55947761d56d4c6142a3cb1a1fe69d0b1a6d0e01a2e404c697962623,dfine_sahi,192400.0,unknown_object,0.3669,120.02,445.1,232.95,530.47,9640.7,112.93,85.37,1.323,False,,True,S-61,50,evt_S-61_desk_work_surface_0011,ca063bc770e90d94,pose_hand_context,,40973.9,3.16,,1,cam12/e1/v1,rtmpose_baseline
full,03.CCTV Mobile Usage.mkv,632de9ed55947761d56d4c6142a3cb1a1fe69d0b1a6d0e01a2e404c697962623,dfine_sahi,192400.0,unknown_object,0.3449,47.37,509.27,80.94,530.72,719.7,33.56,21.44,1.565,False,,True,S-61,50,evt_S-61_desk_work_surface_0011,ca063bc770e90d94,pose_hand_context,,40973.9,3.16,,1,cam12/e1/v1,rtmpose_baseline
full,03.CCTV Mobile Usage.mkv,632de9ed55947761d56d4c6142a3cb1a1fe69d0b1a6d0e01a2e404c697962623,dfine_sahi,192400.0,bag,0.2978,79.46,381.52,165.66,432.41,4387.1,86.2,50.89,1.694,False,,True,S-61,50,evt_S-61_desk_work_surface_0011,ca063bc770e90d94,pose_hand_context,,40973.9,3.16,,1,cam12/e1/v1,rtmpose_baseline
full,03.CCTV Mobile Usage.mkv,632de9ed55947761d56d4c6142a3cb1a1fe69d0b1a6d0e01a2e404c697962623,dfine_sahi,192400.0,unknown_object,0.2972,30.98,491.99,144.93,530.17,4350.3,113.95,38.18,2.985,False,,True,S-61,50,evt_S-61_desk_work_surface_0011,ca063bc770e90d94,pose_hand_context,,40973.9,3.16,,1,cam12/e1/v1,rtmpose_baseline
full,03.CCTV Mobile Usage.mkv,632de9ed55947761d56d4c6142a3cb1a1fe69d0b1a6d0e01a2e404c697962623,dfine_sahi,192400.0,stationery,0.2693,39.73,442.77,71.97,471.44,924.5,32.24,28.67,1.124,False,,True,S-61,50,evt_S-61_desk_work_surface_0011,ca063bc770e90d94,pose_hand_context,,40973.9,3.16,,1,cam12/e1/v1,rtmpose_baseline
full,03.CCTV Mobile Usage.mkv,632de9ed55947761d56d4c6142a3cb1a1fe69d0b1a6d0e01a2e404c697962623,dfine_sahi,192400.0,unknown_object,0.2598,31.0,355.53,93.62,442.53,5447.8,62.62,87.0,0.72,False,,True,S-61,50,evt_S-61_desk_work_surface_0011,ca063bc770e90d94,pose_hand_context,,40973.9,3.16,,1,cam12/e1/v1,rtmpose_baseline
full,03.CCTV Mobile Usage.mkv,632de9ed55947761d56d4c6142a3cb1a1fe69d0b1a6d0e01a2e404c697962623,dfine_sahi,192400.0,phone,0.2544,124.75,497.87,154.91,512.49,441.0,30.17,14.62,2.063,False,,True,S-61,50,evt_S-61_desk_work_surface_0011,ca063bc770e90d94,pose_hand_context,,40973.9,3.16,,1,cam12/e1/v1,rtmpose_baseline
full,03.CCTV Mobile Usage.mkv,632de9ed55947761d56d4c6142a3cb1a1fe69d0b1a6d0e01a2e404c697962623,dfine_sahi,192400.0,keyboard,0.9051,962.08,452.0,1067.7,491.39,4160.4,105.62,39.39,2.681,False,,True,R-desk,53,evt_S-61_desk_work_surface_0011,dcc0c45472bfb2ac,lap_bag_context,no_pose_observation,34560.0,1.33,,1,cam12/e1/v1,
full,03.CCTV Mobile Usage.mkv,632de9ed55947761d56d4c6142a3cb1a1fe69d0b1a6d0e01a2e404c697962623,dfine_sahi,192400.0,keyboard,0.7745,771.99,380.19,870.47,420.38,3957.8,98.48,40.19,2.45,False,,True,R-desk,53,evt_S-61_desk_work_surface_0011,dcc0c45472bfb2ac,lap_bag_context,no_pose_observation,34560.0,1.33,,1,cam12/e1/v1,
full,03.CCTV Mobile Usage.mkv,632de9ed55947761d56d4c6142a3cb1a1fe69d0b1a6d0e01a2e404c697962623,dfine_sahi,192400.0,mouse,0.7485,864.95,413.67,891.24,435.63,577.4,26.29,21.96,1.197,False,,True,R-desk,53,evt_S-61_desk_work_surface_0011,dcc0c45472bfb2ac,lap_bag_context,no_pose_observation,34560.0,1.33,,1,cam12/e1/v1,
full,03.CCTV Mobile Usage.mkv,632de9ed55947761d56d4c6142a3cb1a1fe69d0b1a6d0e01a2e404c697962623,dfine_sahi,192400.0,monitor_or_bezel,0.6887,962.88,380.43,1152.76,474.97,17951.1,189.88,94.54,2.008,False,,True,R-desk,53,evt_S-61_desk_work_surface_0011,dcc0c45472bfb2ac,lap_bag_context,no_pose_observation,34560.0,1.33,,1,cam12/e1/v1,
full,03.CCTV Mobile Usage.mkv,632de9ed55947761d56d4c6142a3cb1a1fe69d0b1a6d0e01a2e404c697962623,dfine_sahi,192400.0,monitor_or_bezel,0.6725,910.18,411.12,1141.31,506.39,22020.7,231.13,95.28,2.426,False,,True,R-desk,53,evt_S-61_desk_work_surface_0011,dcc0c45472bfb2ac,lap_bag_context,no_pose_observation,34560.0,1.33,,1,cam12/e1/v1,
full,03.CCTV Mobile Usage.mkv,632de9ed55947761d56d4c6142a3cb1a1fe69d0b1a6d0e01a2e404c697962623,dfine_sahi,192400.0,unknown_object,0.6664,699.89,396.16,843.97,492.1,13822.9,144.07,95.94,1.502,False,,True,R-desk,53,evt_S-61_desk_work_surface_0011,dcc0c45472bfb2ac,lap_bag_context,no_pose_observation,34560.0,1.33,,1,cam12/e1/v1,
full,03.CCTV Mobile Usage.mkv,632de9ed55947761d56d4c6142a3cb1a1fe69d0b1a6d0e01a2e404c697962623,dfine_sahi,192400.0,phone,0.6493,1043.49,421.56,1113.34,474.19,3676.2,69.85,52.63,1.327,False,,True,R-desk,53,evt_S-61_desk_work_surface_0011,dcc0c45472bfb2ac,lap_bag_context,no_pose_observation,34560.0,1.33,,1,cam12/e1/v1,
full,03.CCTV Mobile Usage.mkv,632de9ed55947761d56d4c6142a3cb1a1fe69d0b1a6d0e01a2e404c697962623,dfine_sahi,192400.0,keyboard,0.5961,802.15,396.2,870.73,420.64,1675.8,68.58,24.44,2.806,False,,True,R-desk,53,evt_S-61_desk_work_surface_0011,dcc0c45472bfb2ac,lap_bag_context,no_pose_observation,34560.0,1.33,,1,cam12/e1/v1,
full,03.CCTV Mobile Usage.mkv,632de9ed55947761d56d4c6142a3cb1a1fe69d0b1a6d0e01a2e404c697962623,dfine_sahi,192400.0,keyboard,0.5891,962.7,452.47,1034.59,475.54,1659.0,71.89,23.08,3.115,False,,True,R-desk,53,evt_S-61_desk_work_surface_0011,dcc0c45472bfb2ac,lap_bag_context,no_pose_observation,34560.0,1.33,,1,cam12/e1/v1,
full,03.CCTV Mobile Usage.mkv,632de9ed55947761d56d4c6142a3cb1a1fe69d0b1a6d0e01a2e404c697962623,dfine_sahi,192400.0,monitor_or_bezel,0.5373,1018.96,395.65,1145.49,448.18,6646.6,126.53,52.53,2.409,False,,True,R-desk,53,evt_S-61_desk_work_surface_0011,dcc0c45472bfb2ac,lap_bag_context,no_pose_observation,34560.0,1.33,,1,cam12/e1/v1,
full,03.CCTV Mobile Usage.mkv,632de9ed55947761d56d4c6142a3cb1a1fe69d0b1a6d0e01a2e404c697962623,dfine_sahi,192400.0,monitor_or_bezel,0.5185,707.41,379.88,969.41,474.86,24884.4,262.0,94.98,2.758,False,,True,R-desk,53,evt_S-61_desk_work_surface_0011,dcc0c45472bfb2ac,lap_bag_context,no_pose_observation,34560.0,1.33,,1,cam12/e1/v1,
full,03.CCTV Mobile Usage.mkv,632de9ed55947761d56d4c6142a3cb1a1fe69d0b1a6d0e01a2e404c697962623,dfine_sahi,192400.0,unknown_object,0.4894,699.98,380.71,760.28,475.04,5688.0,60.3,94.34,0.639,False,,True,R-desk,53,evt_S-61_desk_work_surface_0011,dcc0c45472bfb2ac,lap_bag_context,no_pose_observation,34560.0,1.33,,1,cam12/e1/v1,
full,03.CCTV Mobile Usage.mkv,632de9ed55947761d56d4c6142a3cb1a1fe69d0b1a6d0e01a2e404c697962623,dfine_sahi,192400.0,unknown_object,0.4152,766.05,410.99,969.77,505.91,19337.5,203.73,94.92,2.146,False,,True,R-desk,53,evt_S-61_desk_work_surface_0011,dcc0c45472bfb2ac,lap_bag_context,no_pose_observation,34560.0,1.33,,1,cam12/e1/v1,
full,03.CCTV Mobile Usage.mkv,632de9ed55947761d56d4c6142a3cb1a1fe69d0b1a6d0e01a2e404c697962623,dfine_sahi,192400.0,keyboard,0.3655,965.78,397.31,1097.36,474.84,10200.6,131.58,77.52,1.697,False,,True,R-desk,53,evt_S-61_desk_work_surface_0011,dcc0c45472bfb2ac,lap_bag_context,no_pose_observation,34560.0,1.33,,1,cam12/e1/v1,
full,03.CCTV Mobile Usage.mkv,632de9ed55947761d56d4c6142a3cb1a1fe69d0b1a6d0e01a2e404c697962623,dfine_sahi,192400.0,keyboard,0.3207,910.12,411.28,1092.86,506.29,17362.2,182.74,95.01,1.923,False,,True,R-desk,53,evt_S-61_desk_work_surface_0011,dcc0c45472bfb2ac,lap_bag_context,no_pose_observation,34560.0,1.33,,1,cam12/e1/v1,
full,03.CCTV Mobile Usage.mkv,632de9ed55947761d56d4c6142a3cb1a1fe69d0b1a6d0e01a2e404c697962623,dfine_sahi,192400.0,monitor_or_bezel,0.3167,738.53,395.33,1146.38,491.04,39036.7,407.86,95.71,4.261,False,,True,R-desk,53,evt_S-61_desk_work_surface_0011,dcc0c45472bfb2ac,lap_bag_context,no_pose_observation,34560.0,1.33,,1,cam12/e1/v1,
full,03.CCTV Mobile Usage.mkv,632de9ed55947761d56d4c6142a3cb1a1fe69d0b1a6d0e01a2e404c697962623,dfine_sahi,192400.0,mouse,0.2991,967.12,398.42,991.96,410.62,303.1,24.85,12.2,2.037,False,,True,R-desk,53,evt_S-61_desk_work_surface_0011,dcc0c45472bfb2ac,lap_bag_context,no_pose_observation,34560.0,1.33,,1,cam12/e1/v1,
full,03.CCTV Mobile Usage.mkv,632de9ed55947761d56d4c6142a3cb1a1fe69d0b1a6d0e01a2e404c697962623,dfine_sahi,192400.0,unknown_object,0.2901,881.63,411.13,934.12,452.82,2188.4,52.49,41.69,1.259,False,,True,R-desk,53,evt_S-61_desk_work_surface_0011,dcc0c45472bfb2ac,lap_bag_context,no_pose_observation,34560.0,1.33,,1,cam12/e1/v1,
full,03.CCTV Mobile Usage.mkv,632de9ed55947761d56d4c6142a3cb1a1fe69d0b1a6d0e01a2e404c697962623,dfine_sahi,192400.0,unknown_object,0.275,880.96,411.34,969.87,505.5,8371.9,88.91,94.16,0.944,False,,True,R-desk,53,evt_S-61_desk_work_surface_0011,dcc0c45472bfb2ac,lap_bag_context,no_pose_observation,34560.0,1.33,,1,cam12/e1/v1,
full,03.CCTV Mobile Usage.mkv,632de9ed55947761d56d4c6142a3cb1a1fe69d0b1a6d0e01a2e404c697962623,dfine_sahi,192400.0,monitor_or_bezel,0.2585,881.2,396.21,949.02,452.67,3829.5,67.82,56.47,1.201,False,,True,R-desk,53,evt_S-61_desk_work_surface_0011,dcc0c45472bfb2ac,lap_bag_context,no_pose_observation,34560.0,1.33,,1,cam12/e1/v1,
full,03.CCTV Mobile Usage.mkv,632de9ed55947761d56d4c6142a3cb1a1fe69d0b1a6d0e01a2e404c697962623,dfine_sahi,192900.0,unknown_object,0.6301,34.07,335.24,147.87,448.29,12865.3,113.8,113.05,1.007,False,,True,S-61,50,evt_S-61_desk_work_surface_0011,75fc24d0e8581c00,pose_hand_context,,41314.6,3.15,,1,cam12/e1/v1,rtmpose_baseline
full,03.CCTV Mobile Usage.mkv,632de9ed55947761d56d4c6142a3cb1a1fe69d0b1a6d0e01a2e404c697962623,dfine_sahi,192900.0,unknown_object,0.6047,123.12,424.22,236.96,537.27,12870.2,113.84,113.06,1.007,False,,True,S-61,50,evt_S-61_desk_work_surface_0011,75fc24d0e8581c00,pose_hand_context,,41314.6,3.15,,1,cam12/e1/v1,rtmpose_baseline
full,03.CCTV Mobile Usage.mkv,632de9ed55947761d56d4c6142a3cb1a1fe69d0b1a6d0e01a2e404c697962623,dfine_sahi,192900.0,unknown_object,0.5437,85.15,424.25,147.95,469.19,2822.2,62.8,44.94,1.397,False,,True,S-61,50,evt_S-61_desk_work_surface_0011,75fc24d0e8581c00,pose_hand_context,,41314.6,3.15,,1,cam12/e1/v1,rtmpose_baseline
full,03.CCTV Mobile Usage.mkv,632de9ed55947761d56d4c6142a3cb1a1fe69d0b1a6d0e01a2e404c697962623,dfine_sahi,192900.0,unknown_object,0.5077,34.11,424.2,147.92,537.43,12886.5,113.81,113.23,1.005,False,,True,S-61,50,evt_S-61_desk_work_surface_0011,75fc24d0e8581c00,pose_hand_context,,41314.6,3.15,,1,cam12/e1/v1,rtmpose_baseline
full,03.CCTV Mobile Usage.mkv,632de9ed55947761d56d4c6142a3cb1a1fe69d0b1a6d0e01a2e404c697962623,dfine_sahi,192900.0,secondary_paper_chit,0.4497,56.03,448.83,159.38,511.54,6481.6,103.35,62.71,1.648,False,,True,S-61,50,evt_S-61_desk_work_surface_0011,75fc24d0e8581c00,pose_hand_context,,41314.6,3.15,,1,cam12/e1/v1,rtmpose_baseline
full,03.CCTV Mobile Usage.mkv,632de9ed55947761d56d4c6142a3cb1a1fe69d0b1a6d0e01a2e404c697962623,dfine_sahi,192900.0,unknown_object,0.3666,122.95,347.71,194.55,448.04,7183.6,71.6,100.33,0.714,False,,True,S-61,50,evt_S-61_desk_work_surface_0011,75fc24d0e8581c00,pose_hand_context,,41314.6,3.15,,1,cam12/e1/v1,rtmpose_baseline
full,03.CCTV Mobile Usage.mkv,632de9ed55947761d56d4c6142a3cb1a1fe69d0b1a6d0e01a2e404c697962623,dfine_sahi,192900.0,stationery,0.3606,34.01,423.52,97.44,497.57,4696.6,63.43,74.04,0.857,False,,True,S-61,50,evt_S-61_desk_work_surface_0011,75fc24d0e8581c00,pose_hand_context,,41314.6,3.15,,1,cam12/e1/v1,rtmpose_baseline
full,03.CCTV Mobile Usage.mkv,632de9ed55947761d56d4c6142a3cb1a1fe69d0b1a6d0e01a2e404c697962623,dfine_sahi,192900.0,stationery,0.3196,39.72,442.92,71.87,471.47,918.0,32.15,28.55,1.126,False,,True,S-61,50,evt_S-61_desk_work_surface_0011,75fc24d0e8581c00,pose_hand_context,,41314.6,3.15,,1,cam12/e1/v1,rtmpose_baseline
full,03.CCTV Mobile Usage.mkv,632de9ed55947761d56d4c6142a3cb1a1fe69d0b1a6d0e01a2e404c697962623,dfine_sahi,192900.0,stationery,0.2883,143.08,516.7,201.76,537.97,1248.5,58.68,21.27,2.758,False,,True,S-61,50,evt_S-61_desk_work_surface_0011,75fc24d0e8581c00,pose_hand_context,,41314.6,3.15,,1,cam12/e1/v1,rtmpose_baseline
full,03.CCTV Mobile Usage.mkv,632de9ed55947761d56d4c6142a3cb1a1fe69d0b1a6d0e01a2e404c697962623,dfine_sahi,192900.0,unknown_object,0.2791,34.02,356.15,96.41,448.48,5759.8,62.39,92.33,0.676,False,,True,S-61,50,evt_S-61_desk_work_surface_0011,75fc24d0e8581c00,pose_hand_context,,41314.6,3.15,,1,cam12/e1/v1,rtmpose_baseline
full,03.CCTV Mobile Usage.mkv,632de9ed55947761d56d4c6142a3cb1a1fe69d0b1a6d0e01a2e404c697962623,dfine_sahi,192900.0,unknown_object,0.2587,84.87,424.05,147.9,441.38,1092.3,63.03,17.33,3.637,False,,True,S-61,50,evt_S-61_desk_work_surface_0011,75fc24d0e8581c00,pose_hand_context,,41314.6,3.15,,1,cam12/e1/v1,rtmpose_baseline
full,03.CCTV Mobile Usage.mkv,632de9ed55947761d56d4c6142a3cb1a1fe69d0b1a6d0e01a2e404c697962623,dfine_sahi,192900.0,secondary_paper_chit,0.2555,137.19,450.1,188.23,480.48,1550.8,51.04,30.39,1.68,False,,True,S-61,50,evt_S-61_desk_work_surface_0011,75fc24d0e8581c00,pose_hand_context,,41314.6,3.15,,1,cam12/e1/v1,rtmpose_baseline
full,03.CCTV Mobile Usage.mkv,632de9ed55947761d56d4c6142a3cb1a1fe69d0b1a6d0e01a2e404c697962623,dfine_sahi,193400.0,unknown_object,0.5823,127.13,343.33,244.46,460.18,13709.7,117.33,116.84,1.004,False,,True,S-61,50,evt_S-61_desk_work_surface_0011,0ae5faa56149bbbf,pose_hand_context,,43923.8,3.05,,1,cam12/e1/v1,rtmpose_baseline
full,03.CCTV Mobile Usage.mkv,632de9ed55947761d56d4c6142a3cb1a1fe69d0b1a6d0e01a2e404c697962623,dfine_sahi,193400.0,unknown_object,0.57,36.24,343.2,153.16,460.58,13723.5,116.92,117.38,0.996,False,,True,S-61,50,evt_S-61_desk_work_surface_0011,0ae5faa56149bbbf,pose_hand_context,,43923.8,3.05,,1,cam12/e1/v1,rtmpose_baseline
full,03.CCTV Mobile Usage.mkv,632de9ed55947761d56d4c6142a3cb1a1fe69d0b1a6d0e01a2e404c697962623,dfine_sahi,193400.0,stationery,0.5032,35.87,457.94,203.92,551.31,15690.1,168.06,93.36,1.8,False,,True,S-61,50,evt_S-61_desk_work_surface_0011,0ae5faa56149bbbf,pose_hand_context,,43923.8,3.05,,1,cam12/e1/v1,rtmpose_baseline
full,03.CCTV Mobile Usage.mkv,632de9ed55947761d56d4c6142a3cb1a1fe69d0b1a6d0e01a2e404c697962623,dfine_sahi,193400.0,unknown_object,0.4531,127.04,434.15,244.93,551.12,13790.2,117.9,116.97,1.008,False,,True,S-61,50,evt_S-61_desk_work_surface_0011,0ae5faa56149bbbf,pose_hand_context,,43923.8,3.05,,1,cam12/e1/v1,rtmpose_baseline
full,03.CCTV Mobile Usage.mkv,632de9ed55947761d56d4c6142a3cb1a1fe69d0b1a6d0e01a2e404c697962623,dfine_sahi,193400.0,stationery,0.4202,126.97,457.92,173.21,518.16,2785.7,46.25,60.23,0.768,False,,True,S-61,50,evt_S-61_desk_work_surface_0011,0ae5faa56149bbbf,pose_hand_context,,43923.8,3.05,,1,cam12/e1/v1,rtmpose_baseline
full,03.CCTV Mobile Usage.mkv,632de9ed55947761d56d4c6142a3cb1a1fe69d0b1a6d0e01a2e404c697962623,dfine_sahi,193400.0,unknown_object,0.3877,36.06,434.13,153.1,551.5,13736.9,117.04,117.37,0.997,False,,True,S-61,50,evt_S-61_desk_work_surface_0011,0ae5faa56149bbbf,pose_hand_context,,43923.8,3.05,,1,cam12/e1/v1,rtmpose_baseline
full,03.CCTV Mobile Usage.mkv,632de9ed55947761d56d4c6142a3cb1a1fe69d0b1a6d0e01a2e404c697962623,dfine_sahi,193400.0,stationery,0.3806,40.34,442.93,71.74,471.47,896.3,31.4,28.54,1.1,False,,True,S-61,50,evt_S-61_desk_work_surface_0011,0ae5faa56149bbbf,pose_hand_context,,43923.8,3.05,,1,cam12/e1/v1,rtmpose_baseline
full,03.CCTV Mobile Usage.mkv,632de9ed55947761d56d4c6142a3cb1a1fe69d0b1a6d0e01a2e404c697962623,dfine_sahi,193400.0,unknown_object,0.2983,90.42,434.1,153.08,476.37,2648.7,62.66,42.27,1.482,False,,True,S-61,50,evt_S-61_desk_work_surface_0011,0ae5faa56149bbbf,pose_hand_context,,43923.8,3.05,,1,cam12/e1/v1,rtmpose_baseline
full,03.CCTV Mobile Usage.mkv,632de9ed55947761d56d4c6142a3cb1a1fe69d0b1a6d0e01a2e404c697962623,dfine_sahi,193400.0,unknown_object,0.2575,47.58,509.64,83.91,551.86,1533.6,36.33,42.22,0.86,False,,True,S-61,50,evt_S-61_desk_work_surface_0011,0ae5faa56149bbbf,pose_hand_context,,43923.8,3.05,,1,cam12/e1/v1,rtmpose_baseline
full,03.CCTV Mobile Usage.mkv,632de9ed55947761d56d4c6142a3cb1a1fe69d0b1a6d0e01a2e404c697962623,dfine_sahi,193900.0,unknown_object,0.5933,48.08,358.15,199.2,538.97,27325.5,151.12,180.82,0.836,False,,True,S-61,50,evt_S-61_desk_work_surface_0011,be12dc87ad3b1c13,pose_hand_context,,33218.7,3.51,,1,cam12/e1/v1,rtmpose_baseline
full,03.CCTV Mobile Usage.mkv,632de9ed55947761d56d4c6142a3cb1a1fe69d0b1a6d0e01a2e404c697962623,dfine_sahi,193900.0,unknown_object,0.5324,48.08,358.19,149.9,459.34,10299.1,101.82,101.15,1.007,False,,True,S-61,50,evt_S-61_desk_work_surface_0011,be12dc87ad3b1c13,pose_hand_context,,33218.7,3.51,,1,cam12/e1/v1,rtmpose_baseline
full,03.CCTV Mobile Usage.mkv,632de9ed55947761d56d4c6142a3cb1a1fe69d0b1a6d0e01a2e404c697962623,dfine_sahi,193900.0,unknown_object,0.5145,48.11,437.15,150.07,539.47,10432.8,101.96,102.32,0.996,False,,True,S-61,50,evt_S-61_desk_work_surface_0011,be12dc87ad3b1c13,pose_hand_context,,33218.7,3.51,,1,cam12/e1/v1,rtmpose_baseline
full,03.CCTV Mobile Usage.mkv,632de9ed55947761d56d4c6142a3cb1a1fe69d0b1a6d0e01a2e404c697962623,dfine_sahi,193900.0,stationery,0.3999,47.98,443.04,71.55,471.53,671.2,23.56,28.49,0.827,False,,True,S-61,50,evt_S-61_desk_work_surface_0011,be12dc87ad3b1c13,pose_hand_context,,33218.7,3.51,,1,cam12/e1/v1,rtmpose_baseline
full,03.CCTV Mobile Usage.mkv,632de9ed55947761d56d4c6142a3cb1a1fe69d0b1a6d0e01a2e404c697962623,dfine_sahi,193900.0,bag,0.345,73.53,358.25,174.78,450.36,9325.2,101.25,92.1,1.099,False,,True,S-61,50,evt_S-61_desk_work_surface_0011,be12dc87ad3b1c13,pose_hand_context,,33218.7,3.51,,1,cam12/e1/v1,rtmpose_baseline
full,03.CCTV Mobile Usage.mkv,632de9ed55947761d56d4c6142a3cb1a1fe69d0b1a6d0e01a2e404c697962623,dfine_sahi,193900.0,unknown_object,0.3364,93.13,437.14,149.98,477.45,2291.8,56.85,40.31,1.41,False,,True,S-61,50,evt_S-61_desk_work_surface_0011,be12dc87ad3b1c13,pose_hand_context,,33218.7,3.51,,1,cam12/e1/v1,rtmpose_baseline
full,03.CCTV Mobile Usage.mkv,632de9ed55947761d56d4c6142a3cb1a1fe69d0b1a6d0e01a2e404c697962623,dfine_sahi,193900.0,stationery,0.3033,127.88,458.35,172.16,515.97,2552.0,44.28,57.63,0.768,False,,True,S-61,50,evt_S-61_desk_work_surface_0011,be12dc87ad3b1c13,pose_hand_context,,33218.7,3.51,,1,cam12/e1/v1,rtmpose_baseline
full,03.CCTV Mobile Usage.mkv,632de9ed55947761d56d4c6142a3cb1a1fe69d0b1a6d0e01a2e404c697962623,dfine_sahi,193900.0,unknown_object,0.2604,127.93,437.21,196.01,539.54,6966.9,68.08,102.33,0.665,False,,True,S-61,50,evt_S-61_desk_work_surface_0011,be12dc87ad3b1c13,pose_hand_context,,33218.7,3.51,,1,cam12/e1/v1,rtmpose_baseline
full,03.CCTV Mobile Usage.mkv,632de9ed55947761d56d4c6142a3cb1a1fe69d0b1a6d0e01a2e404c697962623,dfine_sahi,254500.0,keyboard,0.9077,962.4,451.86,1067.45,491.39,4153.0,105.05,39.53,2.657,False,,True,R-desk,55,evt_S-61_desk_work_surface_0012,038aed9b3e7a3d2e,lap_bag_context,no_pose_observation,34560.0,1.33,,1,cam12/e1/v1,
full,03.CCTV Mobile Usage.mkv,632de9ed55947761d56d4c6142a3cb1a1fe69d0b1a6d0e01a2e404c697962623,dfine_sahi,254500.0,mouse,0.7962,864.82,413.42,891.09,434.77,560.9,26.27,21.35,1.23,False,,True,R-desk,55,evt_S-61_desk_work_surface_0012,038aed9b3e7a3d2e,lap_bag_context,no_pose_observation,34560.0,1.33,,1,cam12/e1/v1,
full,03.CCTV Mobile Usage.mkv,632de9ed55947761d56d4c6142a3cb1a1fe69d0b1a6d0e01a2e404c697962623,dfine_sahi,254500.0,keyboard,0.7443,772.49,380.15,870.49,420.2,3925.2,98.01,40.05,2.447,False,,True,R-desk,55,evt_S-61_desk_work_surface_0012,038aed9b3e7a3d2e,lap_bag_context,no_pose_observation,34560.0,1.33,,1,cam12/e1/v1,
full,03.CCTV Mobile Usage.mkv,632de9ed55947761d56d4c6142a3cb1a1fe69d0b1a6d0e01a2e404c697962623,dfine_sahi,254500.0,monitor_or_bezel,0.7401,909.98,411.21,1141.45,506.38,22028.7,231.47,95.17,2.432,False,,True,R-desk,55,evt_S-61_desk_work_surface_0012,038aed9b3e7a3d2e,lap_bag_context,no_pose_observation,34560.0,1.33,,1,cam12/e1/v1,
full,03.CCTV Mobile Usage.mkv,632de9ed55947761d56d4c6142a3cb1a1fe69d0b1a6d0e01a2e404c697962623,dfine_sahi,254500.0,unknown_object,0.7028,699.86,396.18,846.1,491.95,14006.2,146.24,95.78,1.527,False,,True,R-desk,55,evt_S-61_desk_work_surface_0012,038aed9b3e7a3d2e,lap_bag_context,no_pose_observation,34560.0,1.33,,1,cam12/e1/v1,
full,03.CCTV Mobile Usage.mkv,632de9ed55947761d56d4c6142a3cb1a1fe69d0b1a6d0e01a2e404c697962623,dfine_sahi,254500.0,phone,0.6936,1043.34,421.46,1112.65,474.31,3663.2,69.32,52.85,1.312,False,,True,R-desk,55,evt_S-61_desk_work_surface_0012,038aed9b3e7a3d2e,lap_bag_context,no_pose_observation,34560.0,1.33,,1,cam12/e1/v1,
full,03.CCTV Mobile Usage.mkv,632de9ed55947761d56d4c6142a3cb1a1fe69d0b1a6d0e01a2e404c697962623,dfine_sahi,254500.0,monitor_or_bezel,0.6677,963.39,380.46,1152.75,474.96,17894.6,189.37,94.5,2.004,False,,True,R-desk,55,evt_S-61_desk_work_surface_0012,038aed9b3e7a3d2e,lap_bag_context,no_pose_observation,34560.0,1.33,,1,cam12/e1/v1,
full,03.CCTV Mobile Usage.mkv,632de9ed55947761d56d4c6142a3cb1a1fe69d0b1a6d0e01a2e404c697962623,dfine_sahi,254500.0,monitor_or_bezel,0.6664,1018.99,395.65,1146.1,448.03,6657.6,127.11,52.38,2.427,False,,True,R-desk,55,evt_S-61_desk_work_surface_0012,038aed9b3e7a3d2e,lap_bag_context,no_pose_observation,34560.0,1.33,,1,cam12/e1/v1,
full,03.CCTV Mobile Usage.mkv,632de9ed55947761d56d4c6142a3cb1a1fe69d0b1a6d0e01a2e404c697962623,dfine_sahi,254500.0,monitor_or_bezel,0.6566,707.23,379.84,969.53,474.75,24893.2,262.3,94.9,2.764,False,,True,R-desk,55,evt_S-61_desk_work_surface_0012,038aed9b3e7a3d2e,lap_bag_context,no_pose_observation,34560.0,1.33,,1,cam12/e1/v1,
full,03.CCTV Mobile Usage.mkv,632de9ed55947761d56d4c6142a3cb1a1fe69d0b1a6d0e01a2e404c697962623,dfine_sahi,254500.0,keyboard,0.6512,963.3,452.25,1034.44,475.53,1656.1,71.14,23.28,3.056,False,,True,R-desk,55,evt_S-61_desk_work_surface_0012,038aed9b3e7a3d2e,lap_bag_context,no_pose_observation,34560.0,1.33,,1,cam12/e1/v1,
full,03.CCTV Mobile Usage.mkv,632de9ed55947761d56d4c6142a3cb1a1fe69d0b1a6d0e01a2e404c697962623,dfine_sahi,254500.0,unknown_object,0.5318,700.01,380.62,761.58,475.19,5822.5,61.57,94.57,0.651,False,,True,R-desk,55,evt_S-61_desk_work_surface_0012,038aed9b3e7a3d2e,lap_bag_context,no_pose_observation,34560.0,1.33,,1,cam12/e1/v1,
full,03.CCTV Mobile Usage.mkv,632de9ed55947761d56d4c6142a3cb1a1fe69d0b1a6d0e01a2e404c697962623,dfine_sahi,254500.0,keyboard,0.519,802.67,396.28,870.5,420.45,1639.6,67.83,24.17,2.806,False,,True,R-desk,55,evt_S-61_desk_work_surface_0012,038aed9b3e7a3d2e,lap_bag_context,no_pose_observation,34560.0,1.33,,1,cam12/e1/v1,
full,03.CCTV Mobile Usage.mkv,632de9ed55947761d56d4c6142a3cb1a1fe69d0b1a6d0e01a2e404c697962623,dfine_sahi,254500.0,unknown_object,0.4767,755.13,410.95,969.83,506.05,20417.6,214.71,95.09,2.258,False,,True,R-desk,55,evt_S-61_desk_work_surface_0012,038aed9b3e7a3d2e,lap_bag_context,no_pose_observation,34560.0,1.33,,1,cam12/e1/v1,
full,03.CCTV Mobile Usage.mkv,632de9ed55947761d56d4c6142a3cb1a1fe69d0b1a6d0e01a2e404c697962623,dfine_sahi,254500.0,mouse,0.3715,966.95,398.33,991.68,410.72,306.2,24.73,12.39,1.996,False,,True,R-desk,55,evt_S-61_desk_work_surface_0012,038aed9b3e7a3d2e,lap_bag_context,no_pose_observation,34560.0,1.33,,1,cam12/e1/v1,
full,03.CCTV Mobile Usage.mkv,632de9ed55947761d56d4c6142a3cb1a1fe69d0b1a6d0e01a2e404c697962623,dfine_sahi,254500.0,monitor_or_bezel,0.3432,880.83,396.18,948.95,452.57,3841.4,68.12,56.39,1.208,False,,True,R-desk,55,evt_S-61_desk_work_surface_0012,038aed9b3e7a3d2e,lap_bag_context,no_pose_observation,34560.0,1.33,,1,cam12/e1/v1,
full,03.CCTV Mobile Usage.mkv,632de9ed55947761d56d4c6142a3cb1a1fe69d0b1a6d0e01a2e404c697962623,dfine_sahi,254500.0,mouse,0.2793,991.8,401.16,1029.6,413.7,474.2,37.8,12.54,3.014,False,,True,R-desk,55,evt_S-61_desk_work_surface_0012,038aed9b3e7a3d2e,lap_bag_context,no_pose_observation,34560.0,1.33,,1,cam12/e1/v1,
full,03.CCTV Mobile Usage.mkv,632de9ed55947761d56d4c6142a3cb1a1fe69d0b1a6d0e01a2e404c697962623,dfine_sahi,254500.0,keyboard,0.2792,881.81,380.21,966.03,452.82,6115.4,84.22,72.61,1.16,False,,True,R-desk,55,evt_S-61_desk_work_surface_0012,038aed9b3e7a3d2e,lap_bag_context,no_pose_observation,34560.0,1.33,,1,cam12/e1/v1,
full,03.CCTV Mobile Usage.mkv,632de9ed55947761d56d4c6142a3cb1a1fe69d0b1a6d0e01a2e404c697962623,dfine_sahi,254500.0,unknown_object,0.2672,877.54,411.48,969.88,505.89,8718.2,92.35,94.41,0.978,False,,True,R-desk,55,evt_S-61_desk_work_surface_0012,038aed9b3e7a3d2e,lap_bag_context,no_pose_observation,34560.0,1.33,,1,cam12/e1/v1,
full,03.CCTV Mobile Usage.mkv,632de9ed55947761d56d4c6142a3cb1a1fe69d0b1a6d0e01a2e404c697962623,dfine_sahi,254500.0,unknown_object,0.2552,881.44,411.14,969.83,453.44,3738.8,88.39,42.3,2.09,False,,True,R-desk,55,evt_S-61_desk_work_surface_0012,038aed9b3e7a3d2e,lap_bag_context,no_pose_observation,34560.0,1.33,,1,cam12/e1/v1,
full,03.CCTV Mobile Usage.mkv,632de9ed55947761d56d4c6142a3cb1a1fe69d0b1a6d0e01a2e404c697962623,dfine_sahi,254500.0,monitor_or_bezel,0.2539,738.87,395.41,1147.28,491.03,39052.1,408.41,95.62,4.271,False,,True,R-desk,55,evt_S-61_desk_work_surface_0012,038aed9b3e7a3d2e,lap_bag_context,no_pose_observation,34560.0,1.33,,1,cam12/e1/v1,
full,03.CCTV Mobile Usage.mkv,632de9ed55947761d56d4c6142a3cb1a1fe69d0b1a6d0e01a2e404c697962623,dfine_sahi,254500.0,unknown_object,0.4921,83.04,447.45,175.8,513.43,6119.8,92.75,65.98,1.406,False,,True,S-61,54,evt_S-61_desk_work_surface_0012,654989f4cc25f471,pose_hand_context,,20529.2,4.47,,1,cam12/e1/v1,rtmpose_baseline
full,03.CCTV Mobile Usage.mkv,632de9ed55947761d56d4c6142a3cb1a1fe69d0b1a6d0e01a2e404c697962623,dfine_sahi,254500.0,unknown_object,0.4398,27.94,365.17,171.07,508.36,20495.1,143.13,143.2,1.0,False,,True,S-61,54,evt_S-61_desk_work_surface_0012,654989f4cc25f471,pose_hand_context,,20529.2,4.47,,1,cam12/e1/v1,rtmpose_baseline
full,03.CCTV Mobile Usage.mkv,632de9ed55947761d56d4c6142a3cb1a1fe69d0b1a6d0e01a2e404c697962623,dfine_sahi,254500.0,stationery,0.2976,39.54,446.4,71.2,470.77,771.5,31.66,24.37,1.299,False,,True,S-61,54,evt_S-61_desk_work_surface_0012,654989f4cc25f471,pose_hand_context,,20529.2,4.47,,1,cam12/e1/v1,rtmpose_baseline
full,03.CCTV Mobile Usage.mkv,632de9ed55947761d56d4c6142a3cb1a1fe69d0b1a6d0e01a2e404c697962623,dfine_sahi,254500.0,secondary_paper_chit,0.275,67.64,458.98,170.79,508.87,5146.5,103.15,49.89,2.067,False,,True,S-61,54,evt_S-61_desk_work_surface_0012,654989f4cc25f471,pose_hand_context,,20529.2,4.47,,1,cam12/e1/v1,rtmpose_baseline
full,03.CCTV Mobile Usage.mkv,632de9ed55947761d56d4c6142a3cb1a1fe69d0b1a6d0e01a2e404c697962623,dfine_sahi,254500.0,bag,0.2582,80.26,373.36,115.98,429.92,2020.4,35.72,56.56,0.632,False,,True,S-61,54,evt_S-61_desk_work_surface_0012,654989f4cc25f471,pose_hand_context,,20529.2,4.47,,1,cam12/e1/v1,rtmpose_baseline
full,03.CCTV Mobile Usage.mkv,632de9ed55947761d56d4c6142a3cb1a1fe69d0b1a6d0e01a2e404c697962623,dfine_sahi,254500.0,bag,0.253,80.7,385.82,159.38,430.25,3495.6,78.68,44.43,1.771,False,,True,S-61,54,evt_S-61_desk_work_surface_0012,654989f4cc25f471,pose_hand_context,,20529.2,4.47,,1,cam12/e1/v1,rtmpose_baseline
full,03.CCTV Mobile Usage.mkv,632de9ed55947761d56d4c6142a3cb1a1fe69d0b1a6d0e01a2e404c697962623,dfine_sahi,255000.0,unknown_object,0.6372,83.05,447.59,175.96,513.54,6127.2,92.91,65.95,1.409,False,,True,S-61,54,evt_S-61_desk_work_surface_0012,02aeb1acb3b64b82,pose_hand_context,,21123.7,4.4,,1,cam12/e1/v1,rtmpose_baseline
full,03.CCTV Mobile Usage.mkv,632de9ed55947761d56d4c6142a3cb1a1fe69d0b1a6d0e01a2e404c697962623,dfine_sahi,255000.0,stationery,0.4966,39.62,446.78,70.86,470.82,751.1,31.25,24.04,1.3,False,,True,S-61,54,evt_S-61_desk_work_surface_0012,02aeb1acb3b64b82,pose_hand_context,,21123.7,4.4,,1,cam12/e1/v1,rtmpose_baseline
full,03.CCTV Mobile Usage.mkv,632de9ed55947761d56d4c6142a3cb1a1fe69d0b1a6d0e01a2e404c697962623,dfine_sahi,255000.0,unknown_object,0.4673,163.45,421.13,178.98,498.62,1203.4,15.53,77.49,0.2,False,,True,S-61,54,evt_S-61_desk_work_surface_0012,02aeb1acb3b64b82,pose_hand_context,,21123.7,4.4,,1,cam12/e1/v1,rtmpose_baseline
full,03.CCTV Mobile Usage.mkv,632de9ed55947761d56d4c6142a3cb1a1fe69d0b1a6d0e01a2e404c697962623,dfine_sahi,255000.0,unknown_object,0.3961,27.08,365.17,171.9,509.3,20872.8,144.82,144.13,1.005,False,,True,S-61,54,evt_S-61_desk_work_surface_0012,02aeb1acb3b64b82,pose_hand_context,,21123.7,4.4,,1,cam12/e1/v1,rtmpose_baseline
full,03.CCTV Mobile Usage.mkv,632de9ed55947761d56d4c6142a3cb1a1fe69d0b1a6d0e01a2e404c697962623,dfine_sahi,255000.0,unknown_object,0.2861,20.1,448.68,115.92,498.02,4727.2,95.81,49.34,1.942,False,,True,S-61,54,evt_S-61_desk_work_surface_0012,02aeb1acb3b64b82,pose_hand_context,,21123.7,4.4,,1,cam12/e1/v1,rtmpose_baseline
full,03.CCTV Mobile Usage.mkv,632de9ed55947761d56d4c6142a3cb1a1fe69d0b1a6d0e01a2e404c697962623,dfine_sahi,255000.0,bag,0.2766,80.33,373.3,115.98,429.55,2005.4,35.65,56.25,0.634,False,,True,S-61,54,evt_S-61_desk_work_surface_0012,02aeb1acb3b64b82,pose_hand_context,,21123.7,4.4,,1,cam12/e1/v1,rtmpose_baseline
full,03.CCTV Mobile Usage.mkv,632de9ed55947761d56d4c6142a3cb1a1fe69d0b1a6d0e01a2e404c697962623,dfine_sahi,255000.0,stationery,0.2688,103.35,447.27,135.67,468.1,673.2,32.33,20.82,1.552,False,,True,S-61,54,evt_S-61_desk_work_surface_0012,02aeb1acb3b64b82,pose_hand_context,,21123.7,4.4,,1,cam12/e1/v1,rtmpose_baseline
full,03.CCTV Mobile Usage.mkv,632de9ed55947761d56d4c6142a3cb1a1fe69d0b1a6d0e01a2e404c697962623,dfine_sahi,255000.0,stationery,0.2637,38.91,426.67,90.74,470.85,2289.6,51.83,44.17,1.173,False,,True,S-61,54,evt_S-61_desk_work_surface_0012,02aeb1acb3b64b82,pose_hand_context,,21123.7,4.4,,1,cam12/e1/v1,rtmpose_baseline
full,03.CCTV Mobile Usage.mkv,632de9ed55947761d56d4c6142a3cb1a1fe69d0b1a6d0e01a2e404c697962623,dfine_sahi,255000.0,keyboard,0.9078,962.39,451.85,1067.41,491.38,4150.8,105.01,39.53,2.657,False,,True,R-desk,56,evt_S-61_desk_work_surface_0012,b42058d7fdcd535b,lap_bag_context,no_pose_observation,34560.0,1.33,,1,cam12/e1/v1,
full,03.CCTV Mobile Usage.mkv,632de9ed55947761d56d4c6142a3cb1a1fe69d0b1a6d0e01a2e404c697962623,dfine_sahi,255000.0,mouse,0.8018,864.81,413.41,891.08,434.76,560.7,26.27,21.35,1.231,False,,True,R-desk,56,evt_S-61_desk_work_surface_0012,b42058d7fdcd535b,lap_bag_context,no_pose_observation,34560.0,1.33,,1,cam12/e1/v1,
full,03.CCTV Mobile Usage.mkv,632de9ed55947761d56d4c6142a3cb1a1fe69d0b1a6d0e01a2e404c697962623,dfine_sahi,255000.0,keyboard,0.7593,772.38,380.14,870.52,420.21,3932.6,98.15,40.07,2.45,False,,True,R-desk,56,evt_S-61_desk_work_surface_0012,b42058d7fdcd535b,lap_bag_context,no_pose_observation,34560.0,1.33,,1,cam12/e1/v1,
full,03.CCTV Mobile Usage.mkv,632de9ed55947761d56d4c6142a3cb1a1fe69d0b1a6d0e01a2e404c697962623,dfine_sahi,255000.0,unknown_object,0.7565,699.97,411.38,844.3,506.26,13693.1,144.33,94.88,1.521,False,,True,R-desk,56,evt_S-61_desk_work_surface_0012,b42058d7fdcd535b,lap_bag_context,no_pose_observation,34560.0,1.33,,1,cam12/e1/v1,
full,03.CCTV Mobile Usage.mkv,632de9ed55947761d56d4c6142a3cb1a1fe69d0b1a6d0e01a2e404c697962623,dfine_sahi,255000.0,monitor_or_bezel,0.7456,909.99,411.23,1141.64,506.38,22041.9,231.66,95.15,2.435,False,,True,R-desk,56,evt_S-61_desk_work_surface_0012,b42058d7fdcd535b,lap_bag_context,no_pose_observation,34560.0,1.33,,1,cam12/e1/v1,
full,03.CCTV Mobile Usage.mkv,632de9ed55947761d56d4c6142a3cb1a1fe69d0b1a6d0e01a2e404c697962623,dfine_sahi,255000.0,phone,0.7034,1043.34,421.45,1112.68,474.15,3654.3,69.34,52.7,1.316,False,,True,R-desk,56,evt_S-61_desk_work_surface_0012,b42058d7fdcd535b,lap_bag_context,no_pose_observation,34560.0,1.33,,1,cam12/e1/v1,
full,03.CCTV Mobile Usage.mkv,632de9ed55947761d56d4c6142a3cb1a1fe69d0b1a6d0e01a2e404c697962623,dfine_sahi,255000.0,monitor_or_bezel,0.6697,1019.03,395.74,1146.08,447.97,6635.9,127.05,52.23,2.432,False,,True,R-desk,56,evt_S-61_desk_work_surface_0012,b42058d7fdcd535b,lap_bag_context,no_pose_observation,34560.0,1.33,,1,cam12/e1/v1,
full,03.CCTV Mobile Usage.mkv,632de9ed55947761d56d4c6142a3cb1a1fe69d0b1a6d0e01a2e404c697962623,dfine_sahi,255000.0,monitor_or_bezel,0.6618,963.4,380.48,1152.66,474.93,17876.7,189.27,94.45,2.004,False,,True,R-desk,56,evt_S-61_desk_work_surface_0012,b42058d7fdcd535b,lap_bag_context,no_pose_observation,34560.0,1.33,,1,cam12/e1/v1,
full,03.CCTV Mobile Usage.mkv,632de9ed55947761d56d4c6142a3cb1a1fe69d0b1a6d0e01a2e404c697962623,dfine_sahi,255000.0,keyboard,0.6497,963.29,452.25,1034.45,475.53,1656.0,71.16,23.27,3.058,False,,True,R-desk,56,evt_S-61_desk_work_surface_0012,b42058d7fdcd535b,lap_bag_context,no_pose_observation,34560.0,1.33,,1,cam12/e1/v1,
full,03.CCTV Mobile Usage.mkv,632de9ed55947761d56d4c6142a3cb1a1fe69d0b1a6d0e01a2e404c697962623,dfine_sahi,255000.0,monitor_or_bezel,0.6336,706.41,379.84,969.17,474.72,24929.6,262.77,94.87,2.77,False,,True,R-desk,56,evt_S-61_desk_work_surface_0012,b42058d7fdcd535b,lap_bag_context,no_pose_observation,34560.0,1.33,,1,cam12/e1/v1,
full,03.CCTV Mobile Usage.mkv,632de9ed55947761d56d4c6142a3cb1a1fe69d0b1a6d0e01a2e404c697962623,dfine_sahi,255000.0,unknown_object,0.5546,700.01,380.59,760.69,475.21,5741.5,60.68,94.62,0.641,False,,True,R-desk,56,evt_S-61_desk_work_surface_0012,b42058d7fdcd535b,lap_bag_context,no_pose_observation,34560.0,1.33,,1,cam12/e1/v1,
full,03.CCTV Mobile Usage.mkv,632de9ed55947761d56d4c6142a3cb1a1fe69d0b1a6d0e01a2e404c697962623,dfine_sahi,255000.0,keyboard,0.5252,802.68,396.28,870.48,420.45,1638.9,67.8,24.17,2.805,False,,True,R-desk,56,evt_S-61_desk_work_surface_0012,b42058d7fdcd535b,lap_bag_context,no_pose_observation,34560.0,1.33,,1,cam12/e1/v1,
full,03.CCTV Mobile Usage.mkv,632de9ed55947761d56d4c6142a3cb1a1fe69d0b1a6d0e01a2e404c697962623,dfine_sahi,255000.0,unknown_object,0.4543,756.15,410.94,969.84,505.99,20313.1,213.69,95.06,2.248,False,,True,R-desk,56,evt_S-61_desk_work_surface_0012,b42058d7fdcd535b,lap_bag_context,no_pose_observation,34560.0,1.33,,1,cam12/e1/v1,
full,03.CCTV Mobile Usage.mkv,632de9ed55947761d56d4c6142a3cb1a1fe69d0b1a6d0e01a2e404c697962623,dfine_sahi,255000.0,mouse,0.368,966.95,398.34,991.7,410.73,306.6,24.76,12.39,1.999,False,,True,R-desk,56,evt_S-61_desk_work_surface_0012,b42058d7fdcd535b,lap_bag_context,no_pose_observation,34560.0,1.33,,1,cam12/e1/v1,
full,03.CCTV Mobile Usage.mkv,632de9ed55947761d56d4c6142a3cb1a1fe69d0b1a6d0e01a2e404c697962623,dfine_sahi,255000.0,monitor_or_bezel,0.3479,880.83,396.18,948.87,452.56,3836.3,68.05,56.38,1.207,False,,True,R-desk,56,evt_S-61_desk_work_surface_0012,b42058d7fdcd535b,lap_bag_context,no_pose_observation,34560.0,1.33,,1,cam12/e1/v1,
full,03.CCTV Mobile Usage.mkv,632de9ed55947761d56d4c6142a3cb1a1fe69d0b1a6d0e01a2e404c697962623,dfine_sahi,255000.0,unknown_object,0.2982,699.87,380.41,873.31,475.92,16565.3,173.44,95.51,1.816,False,,True,R-desk,56,evt_S-61_desk_work_surface_0012,b42058d7fdcd535b,lap_bag_context,no_pose_observation,34560.0,1.33,,1,cam12/e1/v1,
full,03.CCTV Mobile Usage.mkv,632de9ed55947761d56d4c6142a3cb1a1fe69d0b1a6d0e01a2e404c697962623,dfine_sahi,255000.0,mouse,0.2768,991.8,401.25,1029.93,413.73,475.8,38.13,12.48,3.056,False,,True,R-desk,56,evt_S-61_desk_work_surface_0012,b42058d7fdcd535b,lap_bag_context,no_pose_observation,34560.0,1.33,,1,cam12/e1/v1,
full,03.CCTV Mobile Usage.mkv,632de9ed55947761d56d4c6142a3cb1a1fe69d0b1a6d0e01a2e404c697962623,dfine_sahi,255000.0,keyboard,0.2717,881.81,380.19,966.04,452.83,6119.2,84.24,72.64,1.16,False,,True,R-desk,56,evt_S-61_desk_work_surface_0012,b42058d7fdcd535b,lap_bag_context,no_pose_observation,34560.0,1.33,,1,cam12/e1/v1,
full,03.CCTV Mobile Usage.mkv,632de9ed55947761d56d4c6142a3cb1a1fe69d0b1a6d0e01a2e404c697962623,dfine_sahi,255000.0,unknown_object,0.2614,881.4,411.14,969.83,453.44,3740.3,88.43,42.3,2.091,False,,True,R-desk,56,evt_S-61_desk_work_surface_0012,b42058d7fdcd535b,lap_bag_context,no_pose_observation,34560.0,1.33,,1,cam12/e1/v1,
full,03.CCTV Mobile Usage.mkv,632de9ed55947761d56d4c6142a3cb1a1fe69d0b1a6d0e01a2e404c697962623,dfine_sahi,255500.0,unknown_object,0.5418,82.01,447.35,176.2,514.39,6315.2,94.19,67.05,1.405,False,,True,S-61,54,evt_S-61_desk_work_surface_0012,376f4d7fa965cf43,pose_hand_context,,20891.8,4.43,,1,cam12/e1/v1,rtmpose_baseline
full,03.CCTV Mobile Usage.mkv,632de9ed55947761d56d4c6142a3cb1a1fe69d0b1a6d0e01a2e404c697962623,dfine_sahi,255500.0,unknown_object,0.4445,26.03,366.35,170.92,508.56,20604.6,144.89,142.21,1.019,False,,True,S-61,54,evt_S-61_desk_work_surface_0012,376f4d7fa965cf43,pose_hand_context,,20891.8,4.43,,1,cam12/e1/v1,rtmpose_baseline
full,03.CCTV Mobile Usage.mkv,632de9ed55947761d56d4c6142a3cb1a1fe69d0b1a6d0e01a2e404c697962623,dfine_sahi,255500.0,unknown_object,0.3708,82.13,368.53,170.29,453.18,7463.5,88.16,84.66,1.041,False,,True,S-61,54,evt_S-61_desk_work_surface_0012,376f4d7fa965cf43,pose_hand_context,,20891.8,4.43,,1,cam12/e1/v1,rtmpose_baseline
full,03.CCTV Mobile Usage.mkv,632de9ed55947761d56d4c6142a3cb1a1fe69d0b1a6d0e01a2e404c697962623,dfine_sahi,255500.0,stationery,0.3576,39.47,446.65,71.01,470.83,762.5,31.54,24.18,1.305,False,,True,S-61,54,evt_S-61_desk_work_surface_0012,376f4d7fa965cf43,pose_hand_context,,20891.8,4.43,,1,cam12/e1/v1,rtmpose_baseline
full,03.CCTV Mobile Usage.mkv,632de9ed55947761d56d4c6142a3cb1a1fe69d0b1a6d0e01a2e404c697962623,dfine_sahi,255500.0,bag,0.3041,81.42,373.42,114.99,429.27,1875.1,33.58,55.85,0.601,False,,True,S-61,54,evt_S-61_desk_work_surface_0012,376f4d7fa965cf43,pose_hand_context,,20891.8,4.43,,1,cam12/e1/v1,rtmpose_baseline
full,03.CCTV Mobile Usage.mkv,632de9ed55947761d56d4c6142a3cb1a1fe69d0b1a6d0e01a2e404c697962623,dfine_sahi,255500.0,keyboard,0.2937,84.13,386.02,168.13,430.02,3696.0,84.0,44.0,1.909,False,,True,S-61,54,evt_S-61_desk_work_surface_0012,376f4d7fa965cf43,pose_hand_context,,20891.8,4.43,,1,cam12/e1/v1,rtmpose_baseline
full,03.CCTV Mobile Usage.mkv,632de9ed55947761d56d4c6142a3cb1a1fe69d0b1a6d0e01a2e404c697962623,dfine_sahi,255500.0,unknown_object,0.289,19.01,421.76,114.97,498.19,7334.5,95.96,76.43,1.256,False,,True,S-61,54,evt_S-61_desk_work_surface_0012,376f4d7fa965cf43,pose_hand_context,,20891.8,4.43,,1,cam12/e1/v1,rtmpose_baseline
full,03.CCTV Mobile Usage.mkv,632de9ed55947761d56d4c6142a3cb1a1fe69d0b1a6d0e01a2e404c697962623,dfine_sahi,255500.0,bag,0.2743,80.13,384.99,167.72,430.16,3956.2,87.59,45.17,1.939,False,,True,S-61,54,evt_S-61_desk_work_surface_0012,376f4d7fa965cf43,pose_hand_context,,20891.8,4.43,,1,cam12/e1/v1,rtmpose_baseline
full,03.CCTV Mobile Usage.mkv,632de9ed55947761d56d4c6142a3cb1a1fe69d0b1a6d0e01a2e404c697962623,dfine_sahi,255500.0,unknown_object,0.2582,18.99,479.28,29.08,497.6,184.7,10.08,18.33,0.55,False,,True,S-61,54,evt_S-61_desk_work_surface_0012,376f4d7fa965cf43,pose_hand_context,,20891.8,4.43,,1,cam12/e1/v1,rtmpose_baseline
full,03.CCTV Mobile Usage.mkv,632de9ed55947761d56d4c6142a3cb1a1fe69d0b1a6d0e01a2e404c697962623,dfine_sahi,255500.0,keyboard,0.9214,962.48,451.85,1067.77,491.41,4165.9,105.28,39.57,2.661,False,,True,R-desk,56,evt_S-61_desk_work_surface_0012,451c6c12f28a4d5b,lap_bag_context,no_pose_observation,34560.0,1.33,,1,cam12/e1/v1,
full,03.CCTV Mobile Usage.mkv,632de9ed55947761d56d4c6142a3cb1a1fe69d0b1a6d0e01a2e404c697962623,dfine_sahi,255500.0,keyboard,0.8227,772.12,380.15,870.55,420.21,3943.4,98.43,40.06,2.457,False,,True,R-desk,56,evt_S-61_desk_work_surface_0012,451c6c12f28a4d5b,lap_bag_context,no_pose_observation,34560.0,1.33,,1,cam12/e1/v1,
full,03.CCTV Mobile Usage.mkv,632de9ed55947761d56d4c6142a3cb1a1fe69d0b1a6d0e01a2e404c697962623,dfine_sahi,255500.0,mouse,0.8222,864.82,413.4,891.14,434.74,561.8,26.32,21.34,1.233,False,,True,R-desk,56,evt_S-61_desk_work_surface_0012,451c6c12f28a4d5b,lap_bag_context,no_pose_observation,34560.0,1.33,,1,cam12/e1/v1,
full,03.CCTV Mobile Usage.mkv,632de9ed55947761d56d4c6142a3cb1a1fe69d0b1a6d0e01a2e404c697962623,dfine_sahi,255500.0,unknown_object,0.8202,699.9,396.24,847.56,491.79,14108.8,147.67,95.55,1.546,False,,True,R-desk,56,evt_S-61_desk_work_surface_0012,451c6c12f28a4d5b,lap_bag_context,no_pose_observation,34560.0,1.33,,1,cam12/e1/v1,
full,03.CCTV Mobile Usage.mkv,632de9ed55947761d56d4c6142a3cb1a1fe69d0b1a6d0e01a2e404c697962623,dfine_sahi,255500.0,phone,0.7613,1043.3,421.52,1112.47,474.05,3633.6,69.17,52.53,1.317,False,,True,R-desk,56,evt_S-61_desk_work_surface_0012,451c6c12f28a4d5b,lap_bag_context,no_pose_observation,34560.0,1.33,,1,cam12/e1/v1,
full,03.CCTV Mobile Usage.mkv,632de9ed55947761d56d4c6142a3cb1a1fe69d0b1a6d0e01a2e404c697962623,dfine_sahi,255500.0,monitor_or_bezel,0.7378,1018.89,395.82,1146.02,447.8,6607.8,127.13,51.98,2.446,False,,True,R-desk,56,evt_S-61_desk_work_surface_0012,451c6c12f28a4d5b,lap_bag_context,no_pose_observation,34560.0,1.33,,1,cam12/e1/v1,
full,03.CCTV Mobile Usage.mkv,632de9ed55947761d56d4c6142a3cb1a1fe69d0b1a6d0e01a2e404c697962623,dfine_sahi,255500.0,monitor_or_bezel,0.7233,910.18,411.19,1141.68,506.36,22030.2,231.5,95.16,2.433,False,,True,R-desk,56,evt_S-61_desk_work_surface_0012,451c6c12f28a4d5b,lap_bag_context,no_pose_observation,34560.0,1.33,,1,cam12/e1/v1,
full,03.CCTV Mobile Usage.mkv,632de9ed55947761d56d4c6142a3cb1a1fe69d0b1a6d0e01a2e404c697962623,dfine_sahi,255500.0,monitor_or_bezel,0.6698,963.33,380.44,1152.45,474.96,17875.1,189.12,94.52,2.001,False,,True,R-desk,56,evt_S-61_desk_work_surface_0012,451c6c12f28a4d5b,lap_bag_context,no_pose_observation,34560.0,1.33,,1,cam12/e1/v1,
full,03.CCTV Mobile Usage.mkv,632de9ed55947761d56d4c6142a3cb1a1fe69d0b1a6d0e01a2e404c697962623,dfine_sahi,255500.0,keyboard,0.652,963.32,452.22,1034.4,475.52,1656.4,71.08,23.3,3.05,False,,True,R-desk,56,evt_S-61_desk_work_surface_0012,451c6c12f28a4d5b,lap_bag_context,no_pose_observation,34560.0,1.33,,1,cam12/e1/v1,
full,03.CCTV Mobile Usage.mkv,632de9ed55947761d56d4c6142a3cb1a1fe69d0b1a6d0e01a2e404c697962623,dfine_sahi,255500.0,unknown_object,0.5742,700.01,380.57,760.56,475.14,5725.6,60.55,94.57,0.64,False,,True,R-desk,56,evt_S-61_desk_work_surface_0012,451c6c12f28a4d5b,lap_bag_context,no_pose_observation,34560.0,1.33,,1,cam12/e1/v1,
full,03.CCTV Mobile Usage.mkv,632de9ed55947761d56d4c6142a3cb1a1fe69d0b1a6d0e01a2e404c697962623,dfine_sahi,255500.0,monitor_or_bezel,0.5135,706.77,379.82,969.46,474.78,24945.0,262.69,94.96,2.766,False,,True,R-desk,56,evt_S-61_desk_work_surface_0012,451c6c12f28a4d5b,lap_bag_context,no_pose_observation,34560.0,1.33,,1,cam12/e1/v1,
full,03.CCTV Mobile Usage.mkv,632de9ed55947761d56d4c6142a3cb1a1fe69d0b1a6d0e01a2e404c697962623,dfine_sahi,255500.0,keyboard,0.4963,802.5,396.27,870.67,420.55,1655.2,68.17,24.28,2.808,False,,True,R-desk,56,evt_S-61_desk_work_surface_0012,451c6c12f28a4d5b,lap_bag_context,no_pose_observation,34560.0,1.33,,1,cam12/e1/v1,
full,03.CCTV Mobile Usage.mkv,632de9ed55947761d56d4c6142a3cb1a1fe69d0b1a6d0e01a2e404c697962623,dfine_sahi,255500.0,unknown_object,0.4646,754.06,410.92,969.81,505.92,20496.0,215.75,95.0,2.271,False,,True,R-desk,56,evt_S-61_desk_work_surface_0012,451c6c12f28a4d5b,lap_bag_context,no_pose_observation,34560.0,1.33,,1,cam12/e1/v1,
full,03.CCTV Mobile Usage.mkv,632de9ed55947761d56d4c6142a3cb1a1fe69d0b1a6d0e01a2e404c697962623,dfine_sahi,255500.0,mouse,0.4373,967.07,398.39,991.58,410.71,301.9,24.52,12.32,1.99,False,,True,R-desk,56,evt_S-61_desk_work_surface_0012,451c6c12f28a4d5b,lap_bag_context,no_pose_observation,34560.0,1.33,,1,cam12/e1/v1,
full,03.CCTV Mobile Usage.mkv,632de9ed55947761d56d4c6142a3cb1a1fe69d0b1a6d0e01a2e404c697962623,dfine_sahi,255500.0,monitor_or_bezel,0.3635,880.99,396.16,949.13,452.59,3845.1,68.14,56.43,1.208,False,,True,R-desk,56,evt_S-61_desk_work_surface_0012,451c6c12f28a4d5b,lap_bag_context,no_pose_observation,34560.0,1.33,,1,cam12/e1/v1,
full,03.CCTV Mobile Usage.mkv,632de9ed55947761d56d4c6142a3cb1a1fe69d0b1a6d0e01a2e404c697962623,dfine_sahi,255500.0,keyboard,0.3197,910.1,411.68,1092.48,506.17,17233.5,182.38,94.49,1.93,False,,True,R-desk,56,evt_S-61_desk_work_surface_0012,451c6c12f28a4d5b,lap_bag_context,no_pose_observation,34560.0,1.33,,1,cam12/e1/v1,
full,03.CCTV Mobile Usage.mkv,632de9ed55947761d56d4c6142a3cb1a1fe69d0b1a6d0e01a2e404c697962623,dfine_sahi,255500.0,mouse,0.3102,991.78,400.87,1028.45,413.63,467.8,36.67,12.76,2.874,False,,True,R-desk,56,evt_S-61_desk_work_surface_0012,451c6c12f28a4d5b,lap_bag_context,no_pose_observation,34560.0,1.33,,1,cam12/e1/v1,
full,03.CCTV Mobile Usage.mkv,632de9ed55947761d56d4c6142a3cb1a1fe69d0b1a6d0e01a2e404c697962623,dfine_sahi,255500.0,unknown_object,0.3072,881.48,411.13,969.81,453.3,3724.5,88.33,42.17,2.095,False,,True,R-desk,56,evt_S-61_desk_work_surface_0012,451c6c12f28a4d5b,lap_bag_context,no_pose_observation,34560.0,1.33,,1,cam12/e1/v1,
full,03.CCTV Mobile Usage.mkv,632de9ed55947761d56d4c6142a3cb1a1fe69d0b1a6d0e01a2e404c697962623,dfine_sahi,255500.0,phone,0.265,1052.34,411.36,1139.29,446.27,3035.5,86.95,34.91,2.491,False,,True,R-desk,56,evt_S-61_desk_work_surface_0012,451c6c12f28a4d5b,lap_bag_context,no_pose_observation,34560.0,1.33,,1,cam12/e1/v1,
full,03.CCTV Mobile Usage.mkv,632de9ed55947761d56d4c6142a3cb1a1fe69d0b1a6d0e01a2e404c697962623,dfine_sahi,256000.0,keyboard,0.9191,962.46,451.85,1067.81,491.4,4166.5,105.34,39.55,2.663,False,,True,R-desk,56,evt_S-61_desk_work_surface_0012,ea081494aa278c36,lap_bag_context,no_pose_observation,34560.0,1.33,,1,cam12/e1/v1,
full,03.CCTV Mobile Usage.mkv,632de9ed55947761d56d4c6142a3cb1a1fe69d0b1a6d0e01a2e404c697962623,dfine_sahi,256000.0,mouse,0.8359,864.87,413.4,891.1,434.68,558.2,26.23,21.28,1.233,False,,True,R-desk,56,evt_S-61_desk_work_surface_0012,ea081494aa278c36,lap_bag_context,no_pose_observation,34560.0,1.33,,1,cam12/e1/v1,
full,03.CCTV Mobile Usage.mkv,632de9ed55947761d56d4c6142a3cb1a1fe69d0b1a6d0e01a2e404c697962623,dfine_sahi,256000.0,keyboard,0.8194,772.51,380.14,870.44,420.31,3934.2,97.93,40.17,2.438,False,,True,R-desk,56,evt_S-61_desk_work_surface_0012,ea081494aa278c36,lap_bag_context,no_pose_observation,34560.0,1.33,,1,cam12/e1/v1,
full,03.CCTV Mobile Usage.mkv,632de9ed55947761d56d4c6142a3cb1a1fe69d0b1a6d0e01a2e404c697962623,dfine_sahi,256000.0,unknown_object,0.7282,699.87,396.19,845.83,492.02,13987.8,145.96,95.83,1.523,False,,True,R-desk,56,evt_S-61_desk_work_surface_0012,ea081494aa278c36,lap_bag_context,no_pose_observation,34560.0,1.33,,1,cam12/e1/v1,
full,03.CCTV Mobile Usage.mkv,632de9ed55947761d56d4c6142a3cb1a1fe69d0b1a6d0e01a2e404c697962623,dfine_sahi,256000.0,monitor_or_bezel,0.7147,910.18,411.27,1141.56,506.37,22004.2,231.38,95.1,2.433,False,,True,R-desk,56,evt_S-61_desk_work_surface_0012,ea081494aa278c36,lap_bag_context,no_pose_observation,34560.0,1.33,,1,cam12/e1/v1,
full,03.CCTV Mobile Usage.mkv,632de9ed55947761d56d4c6142a3cb1a1fe69d0b1a6d0e01a2e404c697962623,dfine_sahi,256000.0,phone,0.6955,1043.57,421.64,1112.24,474.15,3606.5,68.67,52.52,1.308,False,,True,R-desk,56,evt_S-61_desk_work_surface_0012,ea081494aa278c36,lap_bag_context,no_pose_observation,34560.0,1.33,,1,cam12/e1/v1,
full,03.CCTV Mobile Usage.mkv,632de9ed55947761d56d4c6142a3cb1a1fe69d0b1a6d0e01a2e404c697962623,dfine_sahi,256000.0,monitor_or_bezel,0.6895,1018.96,395.89,1145.93,448.04,6620.8,126.97,52.15,2.435,False,,True,R-desk,56,evt_S-61_desk_work_surface_0012,ea081494aa278c36,lap_bag_context,no_pose_observation,34560.0,1.33,,1,cam12/e1/v1,
full,03.CCTV Mobile Usage.mkv,632de9ed55947761d56d4c6142a3cb1a1fe69d0b1a6d0e01a2e404c697962623,dfine_sahi,256000.0,keyboard,0.6399,963.21,452.24,1034.31,475.55,1656.8,71.1,23.3,3.051,False,,True,R-desk,56,evt_S-61_desk_work_surface_0012,ea081494aa278c36,lap_bag_context,no_pose_observation,34560.0,1.33,,1,cam12/e1/v1,
full,03.CCTV Mobile Usage.mkv,632de9ed55947761d56d4c6142a3cb1a1fe69d0b1a6d0e01a2e404c697962623,dfine_sahi,256000.0,monitor_or_bezel,0.615,963.11,380.55,1152.87,474.93,17910.1,189.76,94.38,2.011,False,,True,R-desk,56,evt_S-61_desk_work_surface_0012,ea081494aa278c36,lap_bag_context,no_pose_observation,34560.0,1.33,,1,cam12/e1/v1,
full,03.CCTV Mobile Usage.mkv,632de9ed55947761d56d4c6142a3cb1a1fe69d0b1a6d0e01a2e404c697962623,dfine_sahi,256000.0,unknown_object,0.581,700.02,380.59,761.12,475.04,5770.4,61.1,94.45,0.647,False,,True,R-desk,56,evt_S-61_desk_work_surface_0012,ea081494aa278c36,lap_bag_context,no_pose_observation,34560.0,1.33,,1,cam12/e1/v1,
full,03.CCTV Mobile Usage.mkv,632de9ed55947761d56d4c6142a3cb1a1fe69d0b1a6d0e01a2e404c697962623,dfine_sahi,256000.0,monitor_or_bezel,0.5246,707.1,379.85,969.66,474.71,24906.7,262.55,94.86,2.768,False,,True,R-desk,56,evt_S-61_desk_work_surface_0012,ea081494aa278c36,lap_bag_context,no_pose_observation,34560.0,1.33,,1,cam12/e1/v1,
full,03.CCTV Mobile Usage.mkv,632de9ed55947761d56d4c6142a3cb1a1fe69d0b1a6d0e01a2e404c697962623,dfine_sahi,256000.0,keyboard,0.5061,802.48,396.27,870.65,420.57,1656.4,68.17,24.3,2.805,False,,True,R-desk,56,evt_S-61_desk_work_surface_0012,ea081494aa278c36,lap_bag_context,no_pose_observation,34560.0,1.33,,1,cam12/e1/v1,
full,03.CCTV Mobile Usage.mkv,632de9ed55947761d56d4c6142a3cb1a1fe69d0b1a6d0e01a2e404c697962623,dfine_sahi,256000.0,unknown_object,0.4475,756.62,410.96,969.82,506.0,20263.8,213.2,95.05,2.243,False,,True,R-desk,56,evt_S-61_desk_work_surface_0012,ea081494aa278c36,lap_bag_context,no_pose_observation,34560.0,1.33,,1,cam12/e1/v1,
full,03.CCTV Mobile Usage.mkv,632de9ed55947761d56d4c6142a3cb1a1fe69d0b1a6d0e01a2e404c697962623,dfine_sahi,256000.0,mouse,0.3559,967.03,398.4,991.4,410.69,299.5,24.37,12.29,1.983,False,,True,R-desk,56,evt_S-61_desk_work_surface_0012,ea081494aa278c36,lap_bag_context,no_pose_observation,34560.0,1.33,,1,cam12/e1/v1,
full,03.CCTV Mobile Usage.mkv,632de9ed55947761d56d4c6142a3cb1a1fe69d0b1a6d0e01a2e404c697962623,dfine_sahi,256000.0,monitor_or_bezel,0.3426,881.26,396.13,948.58,452.56,3798.1,67.31,56.42,1.193,False,,True,R-desk,56,evt_S-61_desk_work_surface_0012,ea081494aa278c36,lap_bag_context,no_pose_observation,34560.0,1.33,,1,cam12/e1/v1,
full,03.CCTV Mobile Usage.mkv,632de9ed55947761d56d4c6142a3cb1a1fe69d0b1a6d0e01a2e404c697962623,dfine_sahi,256000.0,keyboard,0.3039,910.11,411.61,1092.69,506.2,17269.6,182.59,94.58,1.93,False,,True,R-desk,56,evt_S-61_desk_work_surface_0012,ea081494aa278c36,lap_bag_context,no_pose_observation,34560.0,1.33,,1,cam12/e1/v1,
full,03.CCTV Mobile Usage.mkv,632de9ed55947761d56d4c6142a3cb1a1fe69d0b1a6d0e01a2e404c697962623,dfine_sahi,256000.0,unknown_object,0.2724,881.76,411.15,969.77,453.36,3714.9,88.0,42.21,2.085,False,,True,R-desk,56,evt_S-61_desk_work_surface_0012,ea081494aa278c36,lap_bag_context,no_pose_observation,34560.0,1.33,,1,cam12/e1/v1,
full,03.CCTV Mobile Usage.mkv,632de9ed55947761d56d4c6142a3cb1a1fe69d0b1a6d0e01a2e404c697962623,dfine_sahi,256000.0,stationery,0.6633,39.62,446.81,70.6,470.71,740.5,30.98,23.9,1.296,False,,True,S-61,54,evt_S-61_desk_work_surface_0012,fb4b46d886dfffeb,pose_hand_context,,23396.8,4.18,,1,cam12/e1/v1,rtmpose_baseline
full,03.CCTV Mobile Usage.mkv,632de9ed55947761d56d4c6142a3cb1a1fe69d0b1a6d0e01a2e404c697962623,dfine_sahi,256000.0,unknown_object,0.4863,17.0,479.81,28.72,497.37,205.8,11.72,17.56,0.667,False,,True,S-61,54,evt_S-61_desk_work_surface_0012,fb4b46d886dfffeb,pose_hand_context,,23396.8,4.18,,1,cam12/e1/v1,rtmpose_baseline
full,03.CCTV Mobile Usage.mkv,632de9ed55947761d56d4c6142a3cb1a1fe69d0b1a6d0e01a2e404c697962623,dfine_sahi,256000.0,unknown_object,0.3944,83.98,447.55,177.52,516.9,6486.1,93.54,69.34,1.349,False,,True,S-61,54,evt_S-61_desk_work_surface_0012,fb4b46d886dfffeb,pose_hand_context,,23396.8,4.18,,1,cam12/e1/v1,rtmpose_baseline
full,03.CCTV Mobile Usage.mkv,632de9ed55947761d56d4c6142a3cb1a1fe69d0b1a6d0e01a2e404c697962623,dfine_sahi,256000.0,bag,0.3502,79.25,375.92,112.98,428.85,1785.5,33.73,52.93,0.637,False,,True,S-61,54,evt_S-61_desk_work_surface_0012,fb4b46d886dfffeb,pose_hand_context,,23396.8,4.18,,1,cam12/e1/v1,rtmpose_baseline
full,03.CCTV Mobile Usage.mkv,632de9ed55947761d56d4c6142a3cb1a1fe69d0b1a6d0e01a2e404c697962623,dfine_sahi,256000.0,unknown_object,0.3054,84.11,368.04,168.23,450.45,6932.4,84.12,82.42,1.021,False,,True,S-61,54,evt_S-61_desk_work_surface_0012,fb4b46d886dfffeb,pose_hand_context,,23396.8,4.18,,1,cam12/e1/v1,rtmpose_baseline
full,03.CCTV Mobile Usage.mkv,632de9ed55947761d56d4c6142a3cb1a1fe69d0b1a6d0e01a2e404c697962623,dfine_sahi,256000.0,unknown_object,0.2944,159.32,422.51,179.98,501.91,1640.1,20.66,79.4,0.26,False,,True,S-61,54,evt_S-61_desk_work_surface_0012,fb4b46d886dfffeb,pose_hand_context,,23396.8,4.18,,1,cam12/e1/v1,rtmpose_baseline
full,03.CCTV Mobile Usage.mkv,632de9ed55947761d56d4c6142a3cb1a1fe69d0b1a6d0e01a2e404c697962623,dfine_sahi,256000.0,bag,0.2783,76.26,367.93,165.46,430.17,5551.6,89.2,62.24,1.433,False,,True,S-61,54,evt_S-61_desk_work_surface_0012,fb4b46d886dfffeb,pose_hand_context,,23396.8,4.18,,1,cam12/e1/v1,rtmpose_baseline
full,03.CCTV Mobile Usage.mkv,632de9ed55947761d56d4c6142a3cb1a1fe69d0b1a6d0e01a2e404c697962623,dfine_sahi,256500.0,monitor_or_bezel,0.447,168.08,489.04,257.63,646.06,14061.2,89.55,157.02,0.57,False,,True,S-61,54,evt_S-61_desk_work_surface_0012,19ff9a8f8da79889,pose_hand_context,,28271.1,3.81,,1,cam12/e1/v1,rtmpose_baseline
full,03.CCTV Mobile Usage.mkv,632de9ed55947761d56d4c6142a3cb1a1fe69d0b1a6d0e01a2e404c697962623,dfine_sahi,256500.0,unknown_object,0.3568,205.05,552.25,262.97,646.83,5477.6,57.92,94.57,0.612,False,,True,S-61,54,evt_S-61_desk_work_surface_0012,19ff9a8f8da79889,pose_hand_context,,28271.1,3.81,,1,cam12/e1/v1,rtmpose_baseline
full,03.CCTV Mobile Usage.mkv,632de9ed55947761d56d4c6142a3cb1a1fe69d0b1a6d0e01a2e404c697962623,dfine_sahi,256500.0,unknown_object,0.3488,240.03,552.13,335.95,647.59,9155.9,95.92,95.45,1.005,False,,True,S-61,54,evt_S-61_desk_work_surface_0012,19ff9a8f8da79889,pose_hand_context,,28271.1,3.81,,1,cam12/e1/v1,rtmpose_baseline
full,03.CCTV Mobile Usage.mkv,632de9ed55947761d56d4c6142a3cb1a1fe69d0b1a6d0e01a2e404c697962623,dfine_sahi,256500.0,keyboard,0.3126,187.03,514.19,262.77,557.01,3243.1,75.74,42.82,1.769,False,,True,S-61,54,evt_S-61_desk_work_surface_0012,19ff9a8f8da79889,pose_hand_context,,28271.1,3.81,,1,cam12/e1/v1,rtmpose_baseline
full,03.CCTV Mobile Usage.mkv,632de9ed55947761d56d4c6142a3cb1a1fe69d0b1a6d0e01a2e404c697962623,dfine_sahi,256500.0,stationery,0.296,168.01,493.79,210.69,607.09,4836.0,42.68,113.3,0.377,False,,True,S-61,54,evt_S-61_desk_work_surface_0012,19ff9a8f8da79889,pose_hand_context,,28271.1,3.81,,1,cam12/e1/v1,rtmpose_baseline
full,03.CCTV Mobile Usage.mkv,632de9ed55947761d56d4c6142a3cb1a1fe69d0b1a6d0e01a2e404c697962623,dfine_sahi,256500.0,unknown_object,0.2924,240.04,478.17,335.96,573.44,9137.7,95.92,95.26,1.007,False,,True,S-61,54,evt_S-61_desk_work_surface_0012,19ff9a8f8da79889,pose_hand_context,,28271.1,3.81,,1,cam12/e1/v1,rtmpose_baseline
full,03.CCTV Mobile Usage.mkv,632de9ed55947761d56d4c6142a3cb1a1fe69d0b1a6d0e01a2e404c697962623,dfine_sahi,256500.0,unknown_object,0.2727,167.13,590.79,256.99,647.73,5116.8,89.86,56.94,1.578,False,,True,S-61,54,evt_S-61_desk_work_surface_0012,19ff9a8f8da79889,pose_hand_context,,28271.1,3.81,,1,cam12/e1/v1,rtmpose_baseline
full,03.CCTV Mobile Usage.mkv,632de9ed55947761d56d4c6142a3cb1a1fe69d0b1a6d0e01a2e404c697962623,dfine_sahi,256500.0,keyboard,0.9191,962.46,451.85,1067.81,491.4,4166.7,105.34,39.55,2.663,False,,True,R-desk,56,evt_S-61_desk_work_surface_0012,757bc2dfadf8a267,lap_bag_context,no_pose_observation,34560.0,1.33,,1,cam12/e1/v1,
full,03.CCTV Mobile Usage.mkv,632de9ed55947761d56d4c6142a3cb1a1fe69d0b1a6d0e01a2e404c697962623,dfine_sahi,256500.0,mouse,0.8355,864.87,413.4,891.11,434.68,558.2,26.23,21.28,1.233,False,,True,R-desk,56,evt_S-61_desk_work_surface_0012,757bc2dfadf8a267,lap_bag_context,no_pose_observation,34560.0,1.33,,1,cam12/e1/v1,
full,03.CCTV Mobile Usage.mkv,632de9ed55947761d56d4c6142a3cb1a1fe69d0b1a6d0e01a2e404c697962623,dfine_sahi,256500.0,keyboard,0.8189,772.51,380.14,870.44,420.31,3934.2,97.93,40.17,2.438,False,,True,R-desk,56,evt_S-61_desk_work_surface_0012,757bc2dfadf8a267,lap_bag_context,no_pose_observation,34560.0,1.33,,1,cam12/e1/v1,
full,03.CCTV Mobile Usage.mkv,632de9ed55947761d56d4c6142a3cb1a1fe69d0b1a6d0e01a2e404c697962623,dfine_sahi,256500.0,unknown_object,0.7296,699.87,396.19,845.82,492.02,13986.3,145.94,95.83,1.523,False,,True,R-desk,56,evt_S-61_desk_work_surface_0012,757bc2dfadf8a267,lap_bag_context,no_pose_observation,34560.0,1.33,,1,cam12/e1/v1,
full,03.CCTV Mobile Usage.mkv,632de9ed55947761d56d4c6142a3cb1a1fe69d0b1a6d0e01a2e404c697962623,dfine_sahi,256500.0,monitor_or_bezel,0.7149,910.18,411.27,1141.54,506.36,22002.6,231.37,95.1,2.433,False,,True,R-desk,56,evt_S-61_desk_work_surface_0012,757bc2dfadf8a267,lap_bag_context,no_pose_observation,34560.0,1.33,,1,cam12/e1/v1,
full,03.CCTV Mobile Usage.mkv,632de9ed55947761d56d4c6142a3cb1a1fe69d0b1a6d0e01a2e404c697962623,dfine_sahi,256500.0,phone,0.6971,1043.56,421.63,1112.24,474.15,3606.2,68.68,52.51,1.308,False,,True,R-desk,56,evt_S-61_desk_work_surface_0012,757bc2dfadf8a267,lap_bag_context,no_pose_observation,34560.0,1.33,,1,cam12/e1/v1,
full,03.CCTV Mobile Usage.mkv,632de9ed55947761d56d4c6142a3cb1a1fe69d0b1a6d0e01a2e404c697962623,dfine_sahi,256500.0,monitor_or_bezel,0.6943,1018.96,395.89,1145.98,448.05,6625.2,127.01,52.16,2.435,False,,True,R-desk,56,evt_S-61_desk_work_surface_0012,757bc2dfadf8a267,lap_bag_context,no_pose_observation,34560.0,1.33,,1,cam12/e1/v1,
full,03.CCTV Mobile Usage.mkv,632de9ed55947761d56d4c6142a3cb1a1fe69d0b1a6d0e01a2e404c697962623,dfine_sahi,256500.0,keyboard,0.6393,963.21,452.24,1034.3,475.55,1656.8,71.09,23.31,3.05,False,,True,R-desk,56,evt_S-61_desk_work_surface_0012,757bc2dfadf8a267,lap_bag_context,no_pose_observation,34560.0,1.33,,1,cam12/e1/v1,
full,03.CCTV Mobile Usage.mkv,632de9ed55947761d56d4c6142a3cb1a1fe69d0b1a6d0e01a2e404c697962623,dfine_sahi,256500.0,monitor_or_bezel,0.6193,963.1,380.55,1152.84,474.94,17908.6,189.74,94.39,2.01,False,,True,R-desk,56,evt_S-61_desk_work_surface_0012,757bc2dfadf8a267,lap_bag_context,no_pose_observation,34560.0,1.33,,1,cam12/e1/v1,
full,03.CCTV Mobile Usage.mkv,632de9ed55947761d56d4c6142a3cb1a1fe69d0b1a6d0e01a2e404c697962623,dfine_sahi,256500.0,unknown_object,0.5809,700.02,380.59,761.12,475.04,5770.4,61.1,94.45,0.647,False,,True,R-desk,56,evt_S-61_desk_work_surface_0012,757bc2dfadf8a267,lap_bag_context,no_pose_observation,34560.0,1.33,,1,cam12/e1/v1,
full,03.CCTV Mobile Usage.mkv,632de9ed55947761d56d4c6142a3cb1a1fe69d0b1a6d0e01a2e404c697962623,dfine_sahi,256500.0,monitor_or_bezel,0.5254,707.1,379.85,969.65,474.71,24906.2,262.55,94.86,2.768,False,,True,R-desk,56,evt_S-61_desk_work_surface_0012,757bc2dfadf8a267,lap_bag_context,no_pose_observation,34560.0,1.33,,1,cam12/e1/v1,
full,03.CCTV Mobile Usage.mkv,632de9ed55947761d56d4c6142a3cb1a1fe69d0b1a6d0e01a2e404c697962623,dfine_sahi,256500.0,keyboard,0.5088,802.48,396.27,870.64,420.57,1656.2,68.16,24.3,2.805,False,,True,R-desk,56,evt_S-61_desk_work_surface_0012,757bc2dfadf8a267,lap_bag_context,no_pose_observation,34560.0,1.33,,1,cam12/e1/v1,
full,03.CCTV Mobile Usage.mkv,632de9ed55947761d56d4c6142a3cb1a1fe69d0b1a6d0e01a2e404c697962623,dfine_sahi,256500.0,unknown_object,0.4475,756.62,410.96,969.82,506.0,20263.8,213.2,95.05,2.243,False,,True,R-desk,56,evt_S-61_desk_work_surface_0012,757bc2dfadf8a267,lap_bag_context,no_pose_observation,34560.0,1.33,,1,cam12/e1/v1,
full,03.CCTV Mobile Usage.mkv,632de9ed55947761d56d4c6142a3cb1a1fe69d0b1a6d0e01a2e404c697962623,dfine_sahi,256500.0,mouse,0.3569,967.03,398.4,991.4,410.69,299.4,24.37,12.29,1.983,False,,True,R-desk,56,evt_S-61_desk_work_surface_0012,757bc2dfadf8a267,lap_bag_context,no_pose_observation,34560.0,1.33,,1,cam12/e1/v1,
full,03.CCTV Mobile Usage.mkv,632de9ed55947761d56d4c6142a3cb1a1fe69d0b1a6d0e01a2e404c697962623,dfine_sahi,256500.0,monitor_or_bezel,0.3442,881.26,396.13,948.57,452.56,3797.9,67.31,56.42,1.193,False,,True,R-desk,56,evt_S-61_desk_work_surface_0012,757bc2dfadf8a267,lap_bag_context,no_pose_observation,34560.0,1.33,,1,cam12/e1/v1,
full,03.CCTV Mobile Usage.mkv,632de9ed55947761d56d4c6142a3cb1a1fe69d0b1a6d0e01a2e404c697962623,dfine_sahi,256500.0,keyboard,0.3027,910.11,411.61,1092.72,506.19,17272.0,182.61,94.59,1.931,False,,True,R-desk,56,evt_S-61_desk_work_surface_0012,757bc2dfadf8a267,lap_bag_context,no_pose_observation,34560.0,1.33,,1,cam12/e1/v1,
full,03.CCTV Mobile Usage.mkv,632de9ed55947761d56d4c6142a3cb1a1fe69d0b1a6d0e01a2e404c697962623,dfine_sahi,256500.0,unknown_object,0.2724,881.76,411.15,969.77,453.36,3714.9,88.0,42.21,2.085,False,,True,R-desk,56,evt_S-61_desk_work_surface_0012,757bc2dfadf8a267,lap_bag_context,no_pose_observation,34560.0,1.33,,1,cam12/e1/v1,
full,03.CCTV Mobile Usage.mkv,632de9ed55947761d56d4c6142a3cb1a1fe69d0b1a6d0e01a2e404c697962623,dfine_sahi,257000.0,keyboard,0.9196,962.47,451.85,1067.81,491.4,4166.8,105.34,39.55,2.663,False,,True,R-desk,56,evt_S-61_desk_work_surface_0012,27999fbb705fdadc,lap_bag_context,no_pose_observation,34560.0,1.33,,1,cam12/e1/v1,
full,03.CCTV Mobile Usage.mkv,632de9ed55947761d56d4c6142a3cb1a1fe69d0b1a6d0e01a2e404c697962623,dfine_sahi,257000.0,mouse,0.8355,864.87,413.4,891.11,434.68,558.2,26.23,21.28,1.233,False,,True,R-desk,56,evt_S-61_desk_work_surface_0012,27999fbb705fdadc,lap_bag_context,no_pose_observation,34560.0,1.33,,1,cam12/e1/v1,
full,03.CCTV Mobile Usage.mkv,632de9ed55947761d56d4c6142a3cb1a1fe69d0b1a6d0e01a2e404c697962623,dfine_sahi,257000.0,keyboard,0.8189,772.51,380.14,870.44,420.31,3934.2,97.93,40.17,2.438,False,,True,R-desk,56,evt_S-61_desk_work_surface_0012,27999fbb705fdadc,lap_bag_context,no_pose_observation,34560.0,1.33,,1,cam12/e1/v1,
full,03.CCTV Mobile Usage.mkv,632de9ed55947761d56d4c6142a3cb1a1fe69d0b1a6d0e01a2e404c697962623,dfine_sahi,257000.0,unknown_object,0.7304,699.87,396.18,845.81,492.02,13985.3,145.94,95.83,1.523,False,,True,R-desk,56,evt_S-61_desk_work_surface_0012,27999fbb705fdadc,lap_bag_context,no_pose_observation,34560.0,1.33,,1,cam12/e1/v1,
full,03.CCTV Mobile Usage.mkv,632de9ed55947761d56d4c6142a3cb1a1fe69d0b1a6d0e01a2e404c697962623,dfine_sahi,257000.0,monitor_or_bezel,0.7156,910.19,411.25,1141.51,506.37,22001.3,231.32,95.11,2.432,False,,True,R-desk,56,evt_S-61_desk_work_surface_0012,27999fbb705fdadc,lap_bag_context,no_pose_observation,34560.0,1.33,,1,cam12/e1/v1,
full,03.CCTV Mobile Usage.mkv,632de9ed55947761d56d4c6142a3cb1a1fe69d0b1a6d0e01a2e404c697962623,dfine_sahi,257000.0,monitor_or_bezel,0.7005,1018.97,395.89,1145.98,448.06,6625.0,127.01,52.16,2.435,False,,True,R-desk,56,evt_S-61_desk_work_surface_0012,27999fbb705fdadc,lap_bag_context,no_pose_observation,34560.0,1.33,,1,cam12/e1/v1,
full,03.CCTV Mobile Usage.mkv,632de9ed55947761d56d4c6142a3cb1a1fe69d0b1a6d0e01a2e404c697962623,dfine_sahi,257000.0,phone,0.6904,1043.58,421.64,1112.22,474.11,3601.4,68.64,52.47,1.308,False,,True,R-desk,56,evt_S-61_desk_work_surface_0012,27999fbb705fdadc,lap_bag_context,no_pose_observation,34560.0,1.33,,1,cam12/e1/v1,
full,03.CCTV Mobile Usage.mkv,632de9ed55947761d56d4c6142a3cb1a1fe69d0b1a6d0e01a2e404c697962623,dfine_sahi,257000.0,keyboard,0.6393,963.2,452.24,1034.31,475.54,1656.9,71.11,23.3,3.052,False,,True,R-desk,56,evt_S-61_desk_work_surface_0012,27999fbb705fdadc,lap_bag_context,no_pose_observation,34560.0,1.33,,1,cam12/e1/v1,
full,03.CCTV Mobile Usage.mkv,632de9ed55947761d56d4c6142a3cb1a1fe69d0b1a6d0e01a2e404c697962623,dfine_sahi,257000.0,monitor_or_bezel,0.617,963.1,380.55,1152.82,474.93,17905.9,189.72,94.38,2.01,False,,True,R-desk,56,evt_S-61_desk_work_surface_0012,27999fbb705fdadc,lap_bag_context,no_pose_observation,34560.0,1.33,,1,cam12/e1/v1,
full,03.CCTV Mobile Usage.mkv,632de9ed55947761d56d4c6142a3cb1a1fe69d0b1a6d0e01a2e404c697962623,dfine_sahi,257000.0,unknown_object,0.5809,700.02,380.59,761.12,475.04,5770.4,61.1,94.45,0.647,False,,True,R-desk,56,evt_S-61_desk_work_surface_0012,27999fbb705fdadc,lap_bag_context,no_pose_observation,34560.0,1.33,,1,cam12/e1/v1,
full,03.CCTV Mobile Usage.mkv,632de9ed55947761d56d4c6142a3cb1a1fe69d0b1a6d0e01a2e404c697962623,dfine_sahi,257000.0,monitor_or_bezel,0.5254,707.1,379.85,969.65,474.71,24906.2,262.55,94.86,2.768,False,,True,R-desk,56,evt_S-61_desk_work_surface_0012,27999fbb705fdadc,lap_bag_context,no_pose_observation,34560.0,1.33,,1,cam12/e1/v1,
full,03.CCTV Mobile Usage.mkv,632de9ed55947761d56d4c6142a3cb1a1fe69d0b1a6d0e01a2e404c697962623,dfine_sahi,257000.0,keyboard,0.5093,802.48,396.27,870.64,420.57,1656.1,68.16,24.3,2.805,False,,True,R-desk,56,evt_S-61_desk_work_surface_0012,27999fbb705fdadc,lap_bag_context,no_pose_observation,34560.0,1.33,,1,cam12/e1/v1,
full,03.CCTV Mobile Usage.mkv,632de9ed55947761d56d4c6142a3cb1a1fe69d0b1a6d0e01a2e404c697962623,dfine_sahi,257000.0,unknown_object,0.4475,756.62,410.96,969.82,506.0,20263.8,213.2,95.05,2.243,False,,True,R-desk,56,evt_S-61_desk_work_surface_0012,27999fbb705fdadc,lap_bag_context,no_pose_observation,34560.0,1.33,,1,cam12/e1/v1,
full,03.CCTV Mobile Usage.mkv,632de9ed55947761d56d4c6142a3cb1a1fe69d0b1a6d0e01a2e404c697962623,dfine_sahi,257000.0,mouse,0.3592,967.03,398.4,991.4,410.69,299.3,24.36,12.29,1.983,False,,True,R-desk,56,evt_S-61_desk_work_surface_0012,27999fbb705fdadc,lap_bag_context,no_pose_observation,34560.0,1.33,,1,cam12/e1/v1,
full,03.CCTV Mobile Usage.mkv,632de9ed55947761d56d4c6142a3cb1a1fe69d0b1a6d0e01a2e404c697962623,dfine_sahi,257000.0,monitor_or_bezel,0.3457,881.27,396.13,948.57,452.56,3797.6,67.3,56.42,1.193,False,,True,R-desk,56,evt_S-61_desk_work_surface_0012,27999fbb705fdadc,lap_bag_context,no_pose_observation,34560.0,1.33,,1,cam12/e1/v1,
full,03.CCTV Mobile Usage.mkv,632de9ed55947761d56d4c6142a3cb1a1fe69d0b1a6d0e01a2e404c697962623,dfine_sahi,257000.0,keyboard,0.3022,910.12,411.62,1092.68,506.2,17266.2,182.56,94.58,1.93,False,,True,R-desk,56,evt_S-61_desk_work_surface_0012,27999fbb705fdadc,lap_bag_context,no_pose_observation,34560.0,1.33,,1,cam12/e1/v1,
full,03.CCTV Mobile Usage.mkv,632de9ed55947761d56d4c6142a3cb1a1fe69d0b1a6d0e01a2e404c697962623,dfine_sahi,257000.0,unknown_object,0.2724,881.76,411.15,969.77,453.36,3714.9,88.0,42.21,2.085,False,,True,R-desk,56,evt_S-61_desk_work_surface_0012,27999fbb705fdadc,lap_bag_context,no_pose_observation,34560.0,1.33,,1,cam12/e1/v1,
full,03.CCTV Mobile Usage.mkv,632de9ed55947761d56d4c6142a3cb1a1fe69d0b1a6d0e01a2e404c697962623,dfine_sahi,257000.0,stationery,0.6546,39.62,446.63,70.88,470.71,752.7,31.25,24.08,1.298,False,,True,S-61,54,evt_S-61_desk_work_surface_0012,413f694f7e4edd61,pose_hand_context,,24580.0,4.08,,1,cam12/e1/v1,rtmpose_baseline
full,03.CCTV Mobile Usage.mkv,632de9ed55947761d56d4c6142a3cb1a1fe69d0b1a6d0e01a2e404c697962623,dfine_sahi,257000.0,unknown_object,0.6229,83.0,447.33,175.96,517.5,6523.4,92.96,70.17,1.325,False,,True,S-61,54,evt_S-61_desk_work_surface_0012,413f694f7e4edd61,pose_hand_context,,24580.0,4.08,,1,cam12/e1/v1,rtmpose_baseline
full,03.CCTV Mobile Usage.mkv,632de9ed55947761d56d4c6142a3cb1a1fe69d0b1a6d0e01a2e404c697962623,dfine_sahi,257000.0,bag,0.4495,41.77,426.0,110.96,448.82,1578.9,69.19,22.82,3.032,False,,True,S-61,54,evt_S-61_desk_work_surface_0012,413f694f7e4edd61,pose_hand_context,,24580.0,4.08,,1,cam12/e1/v1,rtmpose_baseline
full,03.CCTV Mobile Usage.mkv,632de9ed55947761d56d4c6142a3cb1a1fe69d0b1a6d0e01a2e404c697962623,dfine_sahi,257000.0,unknown_object,0.4079,15.01,479.81,28.44,498.02,244.5,13.43,18.21,0.738,False,,True,S-61,54,evt_S-61_desk_work_surface_0012,413f694f7e4edd61,pose_hand_context,,24580.0,4.08,,1,cam12/e1/v1,rtmpose_baseline
full,03.CCTV Mobile Usage.mkv,632de9ed55947761d56d4c6142a3cb1a1fe69d0b1a6d0e01a2e404c697962623,dfine_sahi,257000.0,bag,0.3855,84.0,393.27,111.0,428.52,952.0,27.01,35.25,0.766,False,,True,S-61,54,evt_S-61_desk_work_surface_0012,413f694f7e4edd61,pose_hand_context,,24580.0,4.08,,1,cam12/e1/v1,rtmpose_baseline
full,03.CCTV Mobile Usage.mkv,632de9ed55947761d56d4c6142a3cb1a1fe69d0b1a6d0e01a2e404c697962623,dfine_sahi,257000.0,bag,0.3646,78.58,383.11,157.16,429.5,3645.4,78.58,46.39,1.694,False,,True,S-61,54,evt_S-61_desk_work_surface_0012,413f694f7e4edd61,pose_hand_context,,24580.0,4.08,,1,cam12/e1/v1,rtmpose_baseline
full,03.CCTV Mobile Usage.mkv,632de9ed55947761d56d4c6142a3cb1a1fe69d0b1a6d0e01a2e404c697962623,dfine_sahi,257000.0,stationery,0.3052,103.58,446.98,152.34,467.84,1017.0,48.76,20.86,2.337,False,,True,S-61,54,evt_S-61_desk_work_surface_0012,413f694f7e4edd61,pose_hand_context,,24580.0,4.08,,1,cam12/e1/v1,rtmpose_baseline
full,03.CCTV Mobile Usage.mkv,632de9ed55947761d56d4c6142a3cb1a1fe69d0b1a6d0e01a2e404c697962623,dfine_sahi,257000.0,unknown_object,0.3049,154.46,406.6,175.14,498.45,1900.1,20.69,91.85,0.225,False,,True,S-61,54,evt_S-61_desk_work_surface_0012,413f694f7e4edd61,pose_hand_context,,24580.0,4.08,,1,cam12/e1/v1,rtmpose_baseline
full,03.CCTV Mobile Usage.mkv,632de9ed55947761d56d4c6142a3cb1a1fe69d0b1a6d0e01a2e404c697962623,dfine_sahi,257000.0,stationery,0.295,39.6,446.39,152.57,470.25,2695.4,112.97,23.86,4.735,False,,True,S-61,54,evt_S-61_desk_work_surface_0012,413f694f7e4edd61,pose_hand_context,,24580.0,4.08,,1,cam12/e1/v1,rtmpose_baseline
full,03.CCTV Mobile Usage.mkv,632de9ed55947761d56d4c6142a3cb1a1fe69d0b1a6d0e01a2e404c697962623,dfine_sahi,257000.0,unknown_object,0.2756,83.86,383.41,159.5,429.86,3513.6,75.64,46.45,1.628,False,,True,S-61,54,evt_S-61_desk_work_surface_0012,413f694f7e4edd61,pose_hand_context,,24580.0,4.08,,1,cam12/e1/v1,rtmpose_baseline
full,03.CCTV Mobile Usage.mkv,632de9ed55947761d56d4c6142a3cb1a1fe69d0b1a6d0e01a2e404c697962623,dfine_sahi,257000.0,unknown_object,0.261,14.99,422.32,110.97,517.62,9147.0,95.98,95.3,1.007,False,,True,S-61,54,evt_S-61_desk_work_surface_0012,413f694f7e4edd61,pose_hand_context,,24580.0,4.08,,1,cam12/e1/v1,rtmpose_baseline
full,03.CCTV Mobile Usage.mkv,632de9ed55947761d56d4c6142a3cb1a1fe69d0b1a6d0e01a2e404c697962623,dfine_sahi,257000.0,bag,0.2555,67.8,375.93,111.0,429.02,2293.6,43.2,53.09,0.814,False,,True,S-61,54,evt_S-61_desk_work_surface_0012,413f694f7e4edd61,pose_hand_context,,24580.0,4.08,,1,cam12/e1/v1,rtmpose_baseline
full,03.CCTV Mobile Usage.mkv,632de9ed55947761d56d4c6142a3cb1a1fe69d0b1a6d0e01a2e404c697962623,dfine_sahi,257500.0,keyboard,0.9195,962.46,451.85,1067.81,491.4,4166.8,105.34,39.55,2.663,False,,True,R-desk,57,evt_S-61_desk_work_surface_0012,6e4133af21bee8a3,lap_bag_context,no_pose_observation,34560.0,1.33,,1,cam12/e1/v1,
full,03.CCTV Mobile Usage.mkv,632de9ed55947761d56d4c6142a3cb1a1fe69d0b1a6d0e01a2e404c697962623,dfine_sahi,257500.0,mouse,0.8355,864.87,413.4,891.11,434.68,558.2,26.23,21.28,1.233,False,,True,R-desk,57,evt_S-61_desk_work_surface_0012,6e4133af21bee8a3,lap_bag_context,no_pose_observation,34560.0,1.33,,1,cam12/e1/v1,
full,03.CCTV Mobile Usage.mkv,632de9ed55947761d56d4c6142a3cb1a1fe69d0b1a6d0e01a2e404c697962623,dfine_sahi,257500.0,keyboard,0.8189,772.51,380.14,870.44,420.31,3934.2,97.93,40.17,2.438,False,,True,R-desk,57,evt_S-61_desk_work_surface_0012,6e4133af21bee8a3,lap_bag_context,no_pose_observation,34560.0,1.33,,1,cam12/e1/v1,
full,03.CCTV Mobile Usage.mkv,632de9ed55947761d56d4c6142a3cb1a1fe69d0b1a6d0e01a2e404c697962623,dfine_sahi,257500.0,unknown_object,0.7304,699.87,396.18,845.82,492.02,13986.7,145.95,95.83,1.523,False,,True,R-desk,57,evt_S-61_desk_work_surface_0012,6e4133af21bee8a3,lap_bag_context,no_pose_observation,34560.0,1.33,,1,cam12/e1/v1,
full,03.CCTV Mobile Usage.mkv,632de9ed55947761d56d4c6142a3cb1a1fe69d0b1a6d0e01a2e404c697962623,dfine_sahi,257500.0,monitor_or_bezel,0.7147,910.19,411.25,1141.51,506.37,22001.4,231.32,95.11,2.432,False,,True,R-desk,57,evt_S-61_desk_work_surface_0012,6e4133af21bee8a3,lap_bag_context,no_pose_observation,34560.0,1.33,,1,cam12/e1/v1,
full,03.CCTV Mobile Usage.mkv,632de9ed55947761d56d4c6142a3cb1a1fe69d0b1a6d0e01a2e404c697962623,dfine_sahi,257500.0,monitor_or_bezel,0.7026,1018.98,395.89,1145.93,448.03,6619.8,126.95,52.14,2.435,False,,True,R-desk,57,evt_S-61_desk_work_surface_0012,6e4133af21bee8a3,lap_bag_context,no_pose_observation,34560.0,1.33,,1,cam12/e1/v1,
full,03.CCTV Mobile Usage.mkv,632de9ed55947761d56d4c6142a3cb1a1fe69d0b1a6d0e01a2e404c697962623,dfine_sahi,257500.0,phone,0.6893,1043.58,421.64,1112.22,474.11,3601.4,68.64,52.47,1.308,False,,True,R-desk,57,evt_S-61_desk_work_surface_0012,6e4133af21bee8a3,lap_bag_context,no_pose_observation,34560.0,1.33,,1,cam12/e1/v1,
full,03.CCTV Mobile Usage.mkv,632de9ed55947761d56d4c6142a3cb1a1fe69d0b1a6d0e01a2e404c697962623,dfine_sahi,257500.0,keyboard,0.6395,963.2,452.25,1034.31,475.54,1656.6,71.1,23.3,3.052,False,,True,R-desk,57,evt_S-61_desk_work_surface_0012,6e4133af21bee8a3,lap_bag_context,no_pose_observation,34560.0,1.33,,1,cam12/e1/v1,
full,03.CCTV Mobile Usage.mkv,632de9ed55947761d56d4c6142a3cb1a1fe69d0b1a6d0e01a2e404c697962623,dfine_sahi,257500.0,monitor_or_bezel,0.6175,963.1,380.55,1152.83,474.93,17907.6,189.74,94.38,2.01,False,,True,R-desk,57,evt_S-61_desk_work_surface_0012,6e4133af21bee8a3,lap_bag_context,no_pose_observation,34560.0,1.33,,1,cam12/e1/v1,
full,03.CCTV Mobile Usage.mkv,632de9ed55947761d56d4c6142a3cb1a1fe69d0b1a6d0e01a2e404c697962623,dfine_sahi,257500.0,unknown_object,0.5809,700.02,380.59,761.12,475.04,5770.4,61.1,94.45,0.647,False,,True,R-desk,57,evt_S-61_desk_work_surface_0012,6e4133af21bee8a3,lap_bag_context,no_pose_observation,34560.0,1.33,,1,cam12/e1/v1,
full,03.CCTV Mobile Usage.mkv,632de9ed55947761d56d4c6142a3cb1a1fe69d0b1a6d0e01a2e404c697962623,dfine_sahi,257500.0,monitor_or_bezel,0.5254,707.1,379.85,969.65,474.71,24906.2,262.55,94.86,2.768,False,,True,R-desk,57,evt_S-61_desk_work_surface_0012,6e4133af21bee8a3,lap_bag_context,no_pose_observation,34560.0,1.33,,1,cam12/e1/v1,
full,03.CCTV Mobile Usage.mkv,632de9ed55947761d56d4c6142a3cb1a1fe69d0b1a6d0e01a2e404c697962623,dfine_sahi,257500.0,keyboard,0.5104,802.48,396.27,870.64,420.57,1656.1,68.16,24.3,2.805,False,,True,R-desk,57,evt_S-61_desk_work_surface_0012,6e4133af21bee8a3,lap_bag_context,no_pose_observation,34560.0,1.33,,1,cam12/e1/v1,
full,03.CCTV Mobile Usage.mkv,632de9ed55947761d56d4c6142a3cb1a1fe69d0b1a6d0e01a2e404c697962623,dfine_sahi,257500.0,unknown_object,0.4475,756.62,410.96,969.82,506.0,20263.8,213.2,95.05,2.243,False,,True,R-desk,57,evt_S-61_desk_work_surface_0012,6e4133af21bee8a3,lap_bag_context,no_pose_observation,34560.0,1.33,,1,cam12/e1/v1,
full,03.CCTV Mobile Usage.mkv,632de9ed55947761d56d4c6142a3cb1a1fe69d0b1a6d0e01a2e404c697962623,dfine_sahi,257500.0,mouse,0.3593,967.03,398.4,991.4,410.69,299.3,24.36,12.29,1.983,False,,True,R-desk,57,evt_S-61_desk_work_surface_0012,6e4133af21bee8a3,lap_bag_context,no_pose_observation,34560.0,1.33,,1,cam12/e1/v1,
full,03.CCTV Mobile Usage.mkv,632de9ed55947761d56d4c6142a3cb1a1fe69d0b1a6d0e01a2e404c697962623,dfine_sahi,257500.0,monitor_or_bezel,0.3455,881.27,396.13,948.57,452.56,3797.5,67.3,56.42,1.193,False,,True,R-desk,57,evt_S-61_desk_work_surface_0012,6e4133af21bee8a3,lap_bag_context,no_pose_observation,34560.0,1.33,,1,cam12/e1/v1,
full,03.CCTV Mobile Usage.mkv,632de9ed55947761d56d4c6142a3cb1a1fe69d0b1a6d0e01a2e404c697962623,dfine_sahi,257500.0,keyboard,0.301,910.12,411.62,1092.7,506.2,17268.1,182.58,94.58,1.93,False,,True,R-desk,57,evt_S-61_desk_work_surface_0012,6e4133af21bee8a3,lap_bag_context,no_pose_observation,34560.0,1.33,,1,cam12/e1/v1,
full,03.CCTV Mobile Usage.mkv,632de9ed55947761d56d4c6142a3cb1a1fe69d0b1a6d0e01a2e404c697962623,dfine_sahi,257500.0,unknown_object,0.2724,881.76,411.15,969.77,453.36,3714.9,88.0,42.21,2.085,False,,True,R-desk,57,evt_S-61_desk_work_surface_0012,6e4133af21bee8a3,lap_bag_context,no_pose_observation,34560.0,1.33,,1,cam12/e1/v1,
full,03.CCTV Mobile Usage.mkv,632de9ed55947761d56d4c6142a3cb1a1fe69d0b1a6d0e01a2e404c697962623,dfine_sahi,257500.0,unknown_object,0.6269,86.03,427.24,181.82,522.51,9126.0,95.79,95.27,1.005,False,,True,S-61,54,evt_S-61_desk_work_surface_0012,9367598ba2df894d,pose_hand_context,,28770.9,3.77,,1,cam12/e1/v1,rtmpose_baseline
full,03.CCTV Mobile Usage.mkv,632de9ed55947761d56d4c6142a3cb1a1fe69d0b1a6d0e01a2e404c697962623,dfine_sahi,257500.0,unknown_object,0.5998,38.49,427.84,107.92,470.96,2994.3,69.43,43.13,1.61,False,,True,S-61,54,evt_S-61_desk_work_surface_0012,9367598ba2df894d,pose_hand_context,,28770.9,3.77,,1,cam12/e1/v1,rtmpose_baseline
full,03.CCTV Mobile Usage.mkv,632de9ed55947761d56d4c6142a3cb1a1fe69d0b1a6d0e01a2e404c697962623,dfine_sahi,257500.0,stationery,0.38,39.87,446.64,71.2,470.69,753.3,31.33,24.04,1.303,False,,True,S-61,54,evt_S-61_desk_work_surface_0012,9367598ba2df894d,pose_hand_context,,28770.9,3.77,,1,cam12/e1/v1,rtmpose_baseline
full,03.CCTV Mobile Usage.mkv,632de9ed55947761d56d4c6142a3cb1a1fe69d0b1a6d0e01a2e404c697962623,dfine_sahi,257500.0,unknown_object,0.3682,156.02,430.12,181.97,520.49,2345.1,25.95,90.37,0.287,False,,True,S-61,54,evt_S-61_desk_work_surface_0012,9367598ba2df894d,pose_hand_context,,28770.9,3.77,,1,cam12/e1/v1,rtmpose_baseline
full,03.CCTV Mobile Usage.mkv,632de9ed55947761d56d4c6142a3cb1a1fe69d0b1a6d0e01a2e404c697962623,dfine_sahi,257500.0,unknown_object,0.3555,12.0,479.74,28.46,499.84,330.9,16.46,20.11,0.819,False,,True,S-61,54,evt_S-61_desk_work_surface_0012,9367598ba2df894d,pose_hand_context,,28770.9,3.77,,1,cam12/e1/v1,rtmpose_baseline
full,03.CCTV Mobile Usage.mkv,632de9ed55947761d56d4c6142a3cb1a1fe69d0b1a6d0e01a2e404c697962623,dfine_sahi,257500.0,bag,0.3287,73.77,376.51,107.99,429.26,1804.5,34.21,52.74,0.649,False,,True,S-61,54,evt_S-61_desk_work_surface_0012,9367598ba2df894d,pose_hand_context,,28770.9,3.77,,1,cam12/e1/v1,rtmpose_baseline
full,03.CCTV Mobile Usage.mkv,632de9ed55947761d56d4c6142a3cb1a1fe69d0b1a6d0e01a2e404c697962623,dfine_sahi,257500.0,unknown_object,0.3265,12.08,427.69,107.97,522.61,9101.8,95.89,94.92,1.01,False,,True,S-61,54,evt_S-61_desk_work_surface_0012,9367598ba2df894d,pose_hand_context,,28770.9,3.77,,1,cam12/e1/v1,rtmpose_baseline
full,03.CCTV Mobile Usage.mkv,632de9ed55947761d56d4c6142a3cb1a1fe69d0b1a6d0e01a2e404c697962623,dfine_sahi,257500.0,phone,0.3062,139.55,380.38,144.4,388.9,41.3,4.85,8.52,0.57,True,object footprint 41 px is under the 120 px floor for a call,False,S-61,54,evt_S-61_desk_work_surface_0012,9367598ba2df894d,pose_hand_context,,28770.9,3.77,,1,cam12/e1/v1,rtmpose_baseline
full,03.CCTV Mobile Usage.mkv,632de9ed55947761d56d4c6142a3cb1a1fe69d0b1a6d0e01a2e404c697962623,dfine_sahi,257500.0,bag,0.2861,79.06,368.98,159.15,429.21,4824.1,80.1,60.23,1.33,False,,True,S-61,54,evt_S-61_desk_work_surface_0012,9367598ba2df894d,pose_hand_context,,28770.9,3.77,,1,cam12/e1/v1,rtmpose_baseline
full,03.CCTV Mobile Usage.mkv,632de9ed55947761d56d4c6142a3cb1a1fe69d0b1a6d0e01a2e404c697962623,dfine_sahi,258000.0,unknown_object,0.6667,38.51,428.33,108.88,471.04,3005.6,70.37,42.71,1.648,False,,True,S-61,54,evt_S-61_desk_work_surface_0012,4aa534e5180b5614,pose_hand_context,,30012.1,3.69,,1,cam12/e1/v1,rtmpose_baseline
full,03.CCTV Mobile Usage.mkv,632de9ed55947761d56d4c6142a3cb1a1fe69d0b1a6d0e01a2e404c697962623,dfine_sahi,258000.0,unknown_object,0.661,87.04,427.18,184.81,524.44,9509.4,97.77,97.26,1.005,False,,True,S-61,54,evt_S-61_desk_work_surface_0012,4aa534e5180b5614,pose_hand_context,,30012.1,3.69,,1,cam12/e1/v1,rtmpose_baseline
full,03.CCTV Mobile Usage.mkv,632de9ed55947761d56d4c6142a3cb1a1fe69d0b1a6d0e01a2e404c697962623,dfine_sahi,258000.0,unknown_object,0.4395,11.99,479.7,28.68,499.02,322.4,16.69,19.31,0.865,False,,True,S-61,54,evt_S-61_desk_work_surface_0012,4aa534e5180b5614,pose_hand_context,,30012.1,3.69,,1,cam12/e1/v1,rtmpose_baseline
full,03.CCTV Mobile Usage.mkv,632de9ed55947761d56d4c6142a3cb1a1fe69d0b1a6d0e01a2e404c697962623,dfine_sahi,258000.0,stationery,0.376,39.75,446.57,70.98,470.8,756.9,31.23,24.23,1.289,False,,True,S-61,54,evt_S-61_desk_work_surface_0012,4aa534e5180b5614,pose_hand_context,,30012.1,3.69,,1,cam12/e1/v1,rtmpose_baseline
full,03.CCTV Mobile Usage.mkv,632de9ed55947761d56d4c6142a3cb1a1fe69d0b1a6d0e01a2e404c697962623,dfine_sahi,258000.0,unknown_object,0.3233,87.09,427.12,153.28,467.61,2679.8,66.19,40.49,1.635,False,,True,S-61,54,evt_S-61_desk_work_surface_0012,4aa534e5180b5614,pose_hand_context,,30012.1,3.69,,1,cam12/e1/v1,rtmpose_baseline
full,03.CCTV Mobile Usage.mkv,632de9ed55947761d56d4c6142a3cb1a1fe69d0b1a6d0e01a2e404c697962623,dfine_sahi,258000.0,bag,0.2963,75.06,376.67,108.99,429.17,1781.7,33.93,52.5,0.646,False,,True,S-61,54,evt_S-61_desk_work_surface_0012,4aa534e5180b5614,pose_hand_context,,30012.1,3.69,,1,cam12/e1/v1,rtmpose_baseline
full,03.CCTV Mobile Usage.mkv,632de9ed55947761d56d4c6142a3cb1a1fe69d0b1a6d0e01a2e404c697962623,dfine_sahi,258000.0,bag,0.2939,79.34,369.31,155.76,429.28,4582.5,76.42,59.96,1.274,False,,True,S-61,54,evt_S-61_desk_work_surface_0012,4aa534e5180b5614,pose_hand_context,,30012.1,3.69,,1,cam12/e1/v1,rtmpose_baseline
full,03.CCTV Mobile Usage.mkv,632de9ed55947761d56d4c6142a3cb1a1fe69d0b1a6d0e01a2e404c697962623,dfine_sahi,258000.0,unknown_object,0.267,12.04,427.81,108.98,500.05,7002.7,96.94,72.24,1.342,False,,True,S-61,54,evt_S-61_desk_work_surface_0012,4aa534e5180b5614,pose_hand_context,,30012.1,3.69,,1,cam12/e1/v1,rtmpose_baseline
full,03.CCTV Mobile Usage.mkv,632de9ed55947761d56d4c6142a3cb1a1fe69d0b1a6d0e01a2e404c697962623,dfine_sahi,258000.0,unknown_object,0.2629,87.09,351.27,184.86,448.48,9504.3,97.77,97.21,1.006,False,,True,S-61,54,evt_S-61_desk_work_surface_0012,4aa534e5180b5614,pose_hand_context,,30012.1,3.69,,1,cam12/e1/v1,rtmpose_baseline
full,03.CCTV Mobile Usage.mkv,632de9ed55947761d56d4c6142a3cb1a1fe69d0b1a6d0e01a2e404c697962623,dfine_sahi,258000.0,keyboard,0.9196,962.47,451.85,1067.81,491.4,4166.9,105.35,39.55,2.663,False,,True,R-desk,57,evt_S-61_desk_work_surface_0012,c4ee831fddf54c49,lap_bag_context,no_pose_observation,34560.0,1.33,,1,cam12/e1/v1,
full,03.CCTV Mobile Usage.mkv,632de9ed55947761d56d4c6142a3cb1a1fe69d0b1a6d0e01a2e404c697962623,dfine_sahi,258000.0,mouse,0.836,864.88,413.4,891.11,434.68,558.1,26.23,21.28,1.233,False,,True,R-desk,57,evt_S-61_desk_work_surface_0012,c4ee831fddf54c49,lap_bag_context,no_pose_observation,34560.0,1.33,,1,cam12/e1/v1,
full,03.CCTV Mobile Usage.mkv,632de9ed55947761d56d4c6142a3cb1a1fe69d0b1a6d0e01a2e404c697962623,dfine_sahi,258000.0,keyboard,0.819,772.51,380.14,870.45,420.31,3934.1,97.94,40.17,2.438,False,,True,R-desk,57,evt_S-61_desk_work_surface_0012,c4ee831fddf54c49,lap_bag_context,no_pose_observation,34560.0,1.33,,1,cam12/e1/v1,
full,03.CCTV Mobile Usage.mkv,632de9ed55947761d56d4c6142a3cb1a1fe69d0b1a6d0e01a2e404c697962623,dfine_sahi,258000.0,unknown_object,0.7298,699.87,396.18,845.81,492.02,13985.7,145.94,95.83,1.523,False,,True,R-desk,57,evt_S-61_desk_work_surface_0012,c4ee831fddf54c49,lap_bag_context,no_pose_observation,34560.0,1.33,,1,cam12/e1/v1,
full,03.CCTV Mobile Usage.mkv,632de9ed55947761d56d4c6142a3cb1a1fe69d0b1a6d0e01a2e404c697962623,dfine_sahi,258000.0,monitor_or_bezel,0.718,910.18,411.27,1141.54,506.37,22002.7,231.36,95.1,2.433,False,,True,R-desk,57,evt_S-61_desk_work_surface_0012,c4ee831fddf54c49,lap_bag_context,no_pose_observation,34560.0,1.33,,1,cam12/e1/v1,
full,03.CCTV Mobile Usage.mkv,632de9ed55947761d56d4c6142a3cb1a1fe69d0b1a6d0e01a2e404c697962623,dfine_sahi,258000.0,monitor_or_bezel,0.7009,1018.98,395.89,1145.97,448.04,6623.0,126.99,52.15,2.435,False,,True,R-desk,57,evt_S-61_desk_work_surface_0012,c4ee831fddf54c49,lap_bag_context,no_pose_observation,34560.0,1.33,,1,cam12/e1/v1,
full,03.CCTV Mobile Usage.mkv,632de9ed55947761d56d4c6142a3cb1a1fe69d0b1a6d0e01a2e404c697962623,dfine_sahi,258000.0,phone,0.6908,1043.58,421.63,1112.23,474.13,3604.0,68.65,52.5,1.308,False,,True,R-desk,57,evt_S-61_desk_work_surface_0012,c4ee831fddf54c49,lap_bag_context,no_pose_observation,34560.0,1.33,,1,cam12/e1/v1,
full,03.CCTV Mobile Usage.mkv,632de9ed55947761d56d4c6142a3cb1a1fe69d0b1a6d0e01a2e404c697962623,dfine_sahi,258000.0,keyboard,0.6408,963.2,452.25,1034.33,475.55,1657.4,71.13,23.3,3.053,False,,True,R-desk,57,evt_S-61_desk_work_surface_0012,c4ee831fddf54c49,lap_bag_context,no_pose_observation,34560.0,1.33,,1,cam12/e1/v1,
full,03.CCTV Mobile Usage.mkv,632de9ed55947761d56d4c6142a3cb1a1fe69d0b1a6d0e01a2e404c697962623,dfine_sahi,258000.0,monitor_or_bezel,0.6083,963.09,380.53,1152.82,474.91,17906.8,189.73,94.38,2.01,False,,True,R-desk,57,evt_S-61_desk_work_surface_0012,c4ee831fddf54c49,lap_bag_context,no_pose_observation,34560.0,1.33,,1,cam12/e1/v1,
full,03.CCTV Mobile Usage.mkv,632de9ed55947761d56d4c6142a3cb1a1fe69d0b1a6d0e01a2e404c697962623,dfine_sahi,258000.0,unknown_object,0.5809,700.02,380.59,761.12,475.04,5770.8,61.1,94.45,0.647,False,,True,R-desk,57,evt_S-61_desk_work_surface_0012,c4ee831fddf54c49,lap_bag_context,no_pose_observation,34560.0,1.33,,1,cam12/e1/v1,
full,03.CCTV Mobile Usage.mkv,632de9ed55947761d56d4c6142a3cb1a1fe69d0b1a6d0e01a2e404c697962623,dfine_sahi,258000.0,monitor_or_bezel,0.5215,707.1,379.84,969.68,474.72,24912.2,262.58,94.87,2.768,False,,True,R-desk,57,evt_S-61_desk_work_surface_0012,c4ee831fddf54c49,lap_bag_context,no_pose_observation,34560.0,1.33,,1,cam12/e1/v1,
full,03.CCTV Mobile Usage.mkv,632de9ed55947761d56d4c6142a3cb1a1fe69d0b1a6d0e01a2e404c697962623,dfine_sahi,258000.0,keyboard,0.5091,802.48,396.27,870.64,420.57,1656.2,68.16,24.3,2.805,False,,True,R-desk,57,evt_S-61_desk_work_surface_0012,c4ee831fddf54c49,lap_bag_context,no_pose_observation,34560.0,1.33,,1,cam12/e1/v1,
full,03.CCTV Mobile Usage.mkv,632de9ed55947761d56d4c6142a3cb1a1fe69d0b1a6d0e01a2e404c697962623,dfine_sahi,258000.0,unknown_object,0.4475,756.62,410.96,969.82,506.0,20263.8,213.2,95.05,2.243,False,,True,R-desk,57,evt_S-61_desk_work_surface_0012,c4ee831fddf54c49,lap_bag_context,no_pose_observation,34560.0,1.33,,1,cam12/e1/v1,
full,03.CCTV Mobile Usage.mkv,632de9ed55947761d56d4c6142a3cb1a1fe69d0b1a6d0e01a2e404c697962623,dfine_sahi,258000.0,mouse,0.3595,967.03,398.4,991.39,410.69,299.3,24.36,12.29,1.983,False,,True,R-desk,57,evt_S-61_desk_work_surface_0012,c4ee831fddf54c49,lap_bag_context,no_pose_observation,34560.0,1.33,,1,cam12/e1/v1,
full,03.CCTV Mobile Usage.mkv,632de9ed55947761d56d4c6142a3cb1a1fe69d0b1a6d0e01a2e404c697962623,dfine_sahi,258000.0,monitor_or_bezel,0.3448,881.27,396.13,948.57,452.56,3797.7,67.3,56.43,1.193,False,,True,R-desk,57,evt_S-61_desk_work_surface_0012,c4ee831fddf54c49,lap_bag_context,no_pose_observation,34560.0,1.33,,1,cam12/e1/v1,
full,03.CCTV Mobile Usage.mkv,632de9ed55947761d56d4c6142a3cb1a1fe69d0b1a6d0e01a2e404c697962623,dfine_sahi,258000.0,keyboard,0.3055,910.11,411.63,1092.69,506.2,17266.1,182.57,94.57,1.931,False,,True,R-desk,57,evt_S-61_desk_work_surface_0012,c4ee831fddf54c49,lap_bag_context,no_pose_observation,34560.0,1.33,,1,cam12/e1/v1,
full,03.CCTV Mobile Usage.mkv,632de9ed55947761d56d4c6142a3cb1a1fe69d0b1a6d0e01a2e404c697962623,dfine_sahi,258000.0,unknown_object,0.2724,881.76,411.15,969.77,453.36,3714.9,88.0,42.21,2.085,False,,True,R-desk,57,evt_S-61_desk_work_surface_0012,c4ee831fddf54c49,lap_bag_context,no_pose_observation,34560.0,1.33,,1,cam12/e1/v1,
full,03.CCTV Mobile Usage.mkv,632de9ed55947761d56d4c6142a3cb1a1fe69d0b1a6d0e01a2e404c697962623,dfine_sahi,258500.0,keyboard,0.9199,962.46,451.85,1067.81,491.4,4167.2,105.35,39.56,2.663,False,,True,R-desk,58,evt_S-61_desk_work_surface_0012,bdb86f3dff80f5b6,lap_bag_context,no_pose_observation,34560.0,1.33,,1,cam12/e1/v1,
full,03.CCTV Mobile Usage.mkv,632de9ed55947761d56d4c6142a3cb1a1fe69d0b1a6d0e01a2e404c697962623,dfine_sahi,258500.0,mouse,0.835,864.87,413.4,891.11,434.68,558.4,26.24,21.28,1.233,False,,True,R-desk,58,evt_S-61_desk_work_surface_0012,bdb86f3dff80f5b6,lap_bag_context,no_pose_observation,34560.0,1.33,,1,cam12/e1/v1,
full,03.CCTV Mobile Usage.mkv,632de9ed55947761d56d4c6142a3cb1a1fe69d0b1a6d0e01a2e404c697962623,dfine_sahi,258500.0,keyboard,0.8188,772.51,380.14,870.44,420.31,3933.9,97.93,40.17,2.438,False,,True,R-desk,58,evt_S-61_desk_work_surface_0012,bdb86f3dff80f5b6,lap_bag_context,no_pose_observation,34560.0,1.33,,1,cam12/e1/v1,
full,03.CCTV Mobile Usage.mkv,632de9ed55947761d56d4c6142a3cb1a1fe69d0b1a6d0e01a2e404c697962623,dfine_sahi,258500.0,unknown_object,0.7314,699.87,396.18,845.81,492.02,13985.6,145.94,95.83,1.523,False,,True,R-desk,58,evt_S-61_desk_work_surface_0012,bdb86f3dff80f5b6,lap_bag_context,no_pose_observation,34560.0,1.33,,1,cam12/e1/v1,
full,03.CCTV Mobile Usage.mkv,632de9ed55947761d56d4c6142a3cb1a1fe69d0b1a6d0e01a2e404c697962623,dfine_sahi,258500.0,monitor_or_bezel,0.7108,910.19,411.26,1141.5,506.37,21998.4,231.31,95.1,2.432,False,,True,R-desk,58,evt_S-61_desk_work_surface_0012,bdb86f3dff80f5b6,lap_bag_context,no_pose_observation,34560.0,1.33,,1,cam12/e1/v1,
full,03.CCTV Mobile Usage.mkv,632de9ed55947761d56d4c6142a3cb1a1fe69d0b1a6d0e01a2e404c697962623,dfine_sahi,258500.0,monitor_or_bezel,0.6997,1018.98,395.88,1145.89,448.06,6622.4,126.92,52.18,2.432,False,,True,R-desk,58,evt_S-61_desk_work_surface_0012,bdb86f3dff80f5b6,lap_bag_context,no_pose_observation,34560.0,1.33,,1,cam12/e1/v1,
full,03.CCTV Mobile Usage.mkv,632de9ed55947761d56d4c6142a3cb1a1fe69d0b1a6d0e01a2e404c697962623,dfine_sahi,258500.0,phone,0.6824,1043.58,421.64,1112.23,474.14,3604.6,68.66,52.5,1.308,False,,True,R-desk,58,evt_S-61_desk_work_surface_0012,bdb86f3dff80f5b6,lap_bag_context,no_pose_observation,34560.0,1.33,,1,cam12/e1/v1,
full,03.CCTV Mobile Usage.mkv,632de9ed55947761d56d4c6142a3cb1a1fe69d0b1a6d0e01a2e404c697962623,dfine_sahi,258500.0,keyboard,0.6407,963.21,452.25,1034.34,475.55,1657.4,71.14,23.3,3.053,False,,True,R-desk,58,evt_S-61_desk_work_surface_0012,bdb86f3dff80f5b6,lap_bag_context,no_pose_observation,34560.0,1.33,,1,cam12/e1/v1,
full,03.CCTV Mobile Usage.mkv,632de9ed55947761d56d4c6142a3cb1a1fe69d0b1a6d0e01a2e404c697962623,dfine_sahi,258500.0,monitor_or_bezel,0.6097,963.1,380.55,1152.81,474.94,17905.5,189.71,94.38,2.01,False,,True,R-desk,58,evt_S-61_desk_work_surface_0012,bdb86f3dff80f5b6,lap_bag_context,no_pose_observation,34560.0,1.33,,1,cam12/e1/v1,
full,03.CCTV Mobile Usage.mkv,632de9ed55947761d56d4c6142a3cb1a1fe69d0b1a6d0e01a2e404c697962623,dfine_sahi,258500.0,unknown_object,0.5801,700.02,380.59,761.1,475.04,5768.6,61.08,94.45,0.647,False,,True,R-desk,58,evt_S-61_desk_work_surface_0012,bdb86f3dff80f5b6,lap_bag_context,no_pose_observation,34560.0,1.33,,1,cam12/e1/v1,
full,03.CCTV Mobile Usage.mkv,632de9ed55947761d56d4c6142a3cb1a1fe69d0b1a6d0e01a2e404c697962623,dfine_sahi,258500.0,monitor_or_bezel,0.5253,707.1,379.84,969.62,474.71,24905.2,262.52,94.87,2.767,False,,True,R-desk,58,evt_S-61_desk_work_surface_0012,bdb86f3dff80f5b6,lap_bag_context,no_pose_observation,34560.0,1.33,,1,cam12/e1/v1,
full,03.CCTV Mobile Usage.mkv,632de9ed55947761d56d4c6142a3cb1a1fe69d0b1a6d0e01a2e404c697962623,dfine_sahi,258500.0,keyboard,0.5103,802.48,396.27,870.64,420.57,1656.0,68.16,24.3,2.805,False,,True,R-desk,58,evt_S-61_desk_work_surface_0012,bdb86f3dff80f5b6,lap_bag_context,no_pose_observation,34560.0,1.33,,1,cam12/e1/v1,
full,03.CCTV Mobile Usage.mkv,632de9ed55947761d56d4c6142a3cb1a1fe69d0b1a6d0e01a2e404c697962623,dfine_sahi,258500.0,unknown_object,0.4486,756.26,410.95,969.81,506.0,20298.3,213.56,95.05,2.247,False,,True,R-desk,58,evt_S-61_desk_work_surface_0012,bdb86f3dff80f5b6,lap_bag_context,no_pose_observation,34560.0,1.33,,1,cam12/e1/v1,
full,03.CCTV Mobile Usage.mkv,632de9ed55947761d56d4c6142a3cb1a1fe69d0b1a6d0e01a2e404c697962623,dfine_sahi,258500.0,mouse,0.3589,967.03,398.4,991.4,410.69,299.4,24.36,12.29,1.983,False,,True,R-desk,58,evt_S-61_desk_work_surface_0012,bdb86f3dff80f5b6,lap_bag_context,no_pose_observation,34560.0,1.33,,1,cam12/e1/v1,
full,03.CCTV Mobile Usage.mkv,632de9ed55947761d56d4c6142a3cb1a1fe69d0b1a6d0e01a2e404c697962623,dfine_sahi,258500.0,monitor_or_bezel,0.3442,881.27,396.13,948.57,452.56,3797.3,67.3,56.42,1.193,False,,True,R-desk,58,evt_S-61_desk_work_surface_0012,bdb86f3dff80f5b6,lap_bag_context,no_pose_observation,34560.0,1.33,,1,cam12/e1/v1,
full,03.CCTV Mobile Usage.mkv,632de9ed55947761d56d4c6142a3cb1a1fe69d0b1a6d0e01a2e404c697962623,dfine_sahi,258500.0,keyboard,0.3035,910.11,411.62,1092.68,506.2,17267.3,182.57,94.58,1.93,False,,True,R-desk,58,evt_S-61_desk_work_surface_0012,bdb86f3dff80f5b6,lap_bag_context,no_pose_observation,34560.0,1.33,,1,cam12/e1/v1,
full,03.CCTV Mobile Usage.mkv,632de9ed55947761d56d4c6142a3cb1a1fe69d0b1a6d0e01a2e404c697962623,dfine_sahi,258500.0,unknown_object,0.2738,881.76,411.15,969.77,453.36,3714.9,88.01,42.21,2.085,False,,True,R-desk,58,evt_S-61_desk_work_surface_0012,bdb86f3dff80f5b6,lap_bag_context,no_pose_observation,34560.0,1.33,,1,cam12/e1/v1,
full,03.CCTV Mobile Usage.mkv,632de9ed55947761d56d4c6142a3cb1a1fe69d0b1a6d0e01a2e404c697962623,dfine_sahi,258500.0,keyboard,0.9199,962.46,451.85,1067.81,491.4,4167.2,105.35,39.56,2.663,False,,True,R-desk,57,evt_S-61_desk_work_surface_0012,bdb86f3dff80f5b6,lap_bag_context,no_pose_observation,34560.0,1.33,,1,cam12/e1/v1,
full,03.CCTV Mobile Usage.mkv,632de9ed55947761d56d4c6142a3cb1a1fe69d0b1a6d0e01a2e404c697962623,dfine_sahi,258500.0,mouse,0.835,864.87,413.4,891.11,434.68,558.4,26.24,21.28,1.233,False,,True,R-desk,57,evt_S-61_desk_work_surface_0012,bdb86f3dff80f5b6,lap_bag_context,no_pose_observation,34560.0,1.33,,1,cam12/e1/v1,
full,03.CCTV Mobile Usage.mkv,632de9ed55947761d56d4c6142a3cb1a1fe69d0b1a6d0e01a2e404c697962623,dfine_sahi,258500.0,keyboard,0.8188,772.51,380.14,870.44,420.31,3933.9,97.93,40.17,2.438,False,,True,R-desk,57,evt_S-61_desk_work_surface_0012,bdb86f3dff80f5b6,lap_bag_context,no_pose_observation,34560.0,1.33,,1,cam12/e1/v1,
full,03.CCTV Mobile Usage.mkv,632de9ed55947761d56d4c6142a3cb1a1fe69d0b1a6d0e01a2e404c697962623,dfine_sahi,258500.0,unknown_object,0.7314,699.87,396.18,845.81,492.02,13985.6,145.94,95.83,1.523,False,,True,R-desk,57,evt_S-61_desk_work_surface_0012,bdb86f3dff80f5b6,lap_bag_context,no_pose_observation,34560.0,1.33,,1,cam12/e1/v1,
full,03.CCTV Mobile Usage.mkv,632de9ed55947761d56d4c6142a3cb1a1fe69d0b1a6d0e01a2e404c697962623,dfine_sahi,258500.0,monitor_or_bezel,0.7108,910.19,411.26,1141.5,506.37,21998.4,231.31,95.1,2.432,False,,True,R-desk,57,evt_S-61_desk_work_surface_0012,bdb86f3dff80f5b6,lap_bag_context,no_pose_observation,34560.0,1.33,,1,cam12/e1/v1,
full,03.CCTV Mobile Usage.mkv,632de9ed55947761d56d4c6142a3cb1a1fe69d0b1a6d0e01a2e404c697962623,dfine_sahi,258500.0,monitor_or_bezel,0.6997,1018.98,395.88,1145.89,448.06,6622.4,126.92,52.18,2.432,False,,True,R-desk,57,evt_S-61_desk_work_surface_0012,bdb86f3dff80f5b6,lap_bag_context,no_pose_observation,34560.0,1.33,,1,cam12/e1/v1,
full,03.CCTV Mobile Usage.mkv,632de9ed55947761d56d4c6142a3cb1a1fe69d0b1a6d0e01a2e404c697962623,dfine_sahi,258500.0,phone,0.6824,1043.58,421.64,1112.23,474.14,3604.6,68.66,52.5,1.308,False,,True,R-desk,57,evt_S-61_desk_work_surface_0012,bdb86f3dff80f5b6,lap_bag_context,no_pose_observation,34560.0,1.33,,1,cam12/e1/v1,
full,03.CCTV Mobile Usage.mkv,632de9ed55947761d56d4c6142a3cb1a1fe69d0b1a6d0e01a2e404c697962623,dfine_sahi,258500.0,keyboard,0.6407,963.21,452.25,1034.34,475.55,1657.4,71.14,23.3,3.053,False,,True,R-desk,57,evt_S-61_desk_work_surface_0012,bdb86f3dff80f5b6,lap_bag_context,no_pose_observation,34560.0,1.33,,1,cam12/e1/v1,
full,03.CCTV Mobile Usage.mkv,632de9ed55947761d56d4c6142a3cb1a1fe69d0b1a6d0e01a2e404c697962623,dfine_sahi,258500.0,monitor_or_bezel,0.6097,963.1,380.55,1152.81,474.94,17905.5,189.71,94.38,2.01,False,,True,R-desk,57,evt_S-61_desk_work_surface_0012,bdb86f3dff80f5b6,lap_bag_context,no_pose_observation,34560.0,1.33,,1,cam12/e1/v1,
full,03.CCTV Mobile Usage.mkv,632de9ed55947761d56d4c6142a3cb1a1fe69d0b1a6d0e01a2e404c697962623,dfine_sahi,258500.0,unknown_object,0.5801,700.02,380.59,761.1,475.04,5768.6,61.08,94.45,0.647,False,,True,R-desk,57,evt_S-61_desk_work_surface_0012,bdb86f3dff80f5b6,lap_bag_context,no_pose_observation,34560.0,1.33,,1,cam12/e1/v1,
full,03.CCTV Mobile Usage.mkv,632de9ed55947761d56d4c6142a3cb1a1fe69d0b1a6d0e01a2e404c697962623,dfine_sahi,258500.0,monitor_or_bezel,0.5253,707.1,379.84,969.62,474.71,24905.2,262.52,94.87,2.767,False,,True,R-desk,57,evt_S-61_desk_work_surface_0012,bdb86f3dff80f5b6,lap_bag_context,no_pose_observation,34560.0,1.33,,1,cam12/e1/v1,
full,03.CCTV Mobile Usage.mkv,632de9ed55947761d56d4c6142a3cb1a1fe69d0b1a6d0e01a2e404c697962623,dfine_sahi,258500.0,keyboard,0.5103,802.48,396.27,870.64,420.57,1656.0,68.16,24.3,2.805,False,,True,R-desk,57,evt_S-61_desk_work_surface_0012,bdb86f3dff80f5b6,lap_bag_context,no_pose_observation,34560.0,1.33,,1,cam12/e1/v1,
full,03.CCTV Mobile Usage.mkv,632de9ed55947761d56d4c6142a3cb1a1fe69d0b1a6d0e01a2e404c697962623,dfine_sahi,258500.0,unknown_object,0.4486,756.26,410.95,969.81,506.0,20298.3,213.56,95.05,2.247,False,,True,R-desk,57,evt_S-61_desk_work_surface_0012,bdb86f3dff80f5b6,lap_bag_context,no_pose_observation,34560.0,1.33,,1,cam12/e1/v1,
full,03.CCTV Mobile Usage.mkv,632de9ed55947761d56d4c6142a3cb1a1fe69d0b1a6d0e01a2e404c697962623,dfine_sahi,258500.0,mouse,0.3589,967.03,398.4,991.4,410.69,299.4,24.36,12.29,1.983,False,,True,R-desk,57,evt_S-61_desk_work_surface_0012,bdb86f3dff80f5b6,lap_bag_context,no_pose_observation,34560.0,1.33,,1,cam12/e1/v1,
full,03.CCTV Mobile Usage.mkv,632de9ed55947761d56d4c6142a3cb1a1fe69d0b1a6d0e01a2e404c697962623,dfine_sahi,258500.0,monitor_or_bezel,0.3442,881.27,396.13,948.57,452.56,3797.3,67.3,56.42,1.193,False,,True,R-desk,57,evt_S-61_desk_work_surface_0012,bdb86f3dff80f5b6,lap_bag_context,no_pose_observation,34560.0,1.33,,1,cam12/e1/v1,
full,03.CCTV Mobile Usage.mkv,632de9ed55947761d56d4c6142a3cb1a1fe69d0b1a6d0e01a2e404c697962623,dfine_sahi,258500.0,keyboard,0.3035,910.11,411.62,1092.68,506.2,17267.3,182.57,94.58,1.93,False,,True,R-desk,57,evt_S-61_desk_work_surface_0012,bdb86f3dff80f5b6,lap_bag_context,no_pose_observation,34560.0,1.33,,1,cam12/e1/v1,
full,03.CCTV Mobile Usage.mkv,632de9ed55947761d56d4c6142a3cb1a1fe69d0b1a6d0e01a2e404c697962623,dfine_sahi,258500.0,unknown_object,0.2738,881.76,411.15,969.77,453.36,3714.9,88.01,42.21,2.085,False,,True,R-desk,57,evt_S-61_desk_work_surface_0012,bdb86f3dff80f5b6,lap_bag_context,no_pose_observation,34560.0,1.33,,1,cam12/e1/v1,
full,03.CCTV Mobile Usage.mkv,632de9ed55947761d56d4c6142a3cb1a1fe69d0b1a6d0e01a2e404c697962623,dfine_sahi,258500.0,unknown_object,0.463,38.75,427.49,107.92,471.29,3029.6,69.17,43.8,1.579,False,,True,S-61,54,evt_S-61_desk_work_surface_0012,f7fbefc2289fa486,pose_hand_context,,32227.4,3.57,,1,cam12/e1/v1,rtmpose_baseline
full,03.CCTV Mobile Usage.mkv,632de9ed55947761d56d4c6142a3cb1a1fe69d0b1a6d0e01a2e404c697962623,dfine_sahi,258500.0,unknown_object,0.4191,86.04,447.45,184.52,526.44,7779.0,98.48,78.99,1.247,False,,True,S-61,54,evt_S-61_desk_work_surface_0012,f7fbefc2289fa486,pose_hand_context,,32227.4,3.57,,1,cam12/e1/v1,rtmpose_baseline
full,03.CCTV Mobile Usage.mkv,632de9ed55947761d56d4c6142a3cb1a1fe69d0b1a6d0e01a2e404c697962623,dfine_sahi,258500.0,stationery,0.3511,39.72,446.47,72.32,470.66,788.5,32.6,24.19,1.348,False,,True,S-61,54,evt_S-61_desk_work_surface_0012,f7fbefc2289fa486,pose_hand_context,,32227.4,3.57,,1,cam12/e1/v1,rtmpose_baseline
full,03.CCTV Mobile Usage.mkv,632de9ed55947761d56d4c6142a3cb1a1fe69d0b1a6d0e01a2e404c697962623,dfine_sahi,258500.0,bag,0.321,78.93,382.66,149.96,429.0,3291.1,71.03,46.34,1.533,False,,True,S-61,54,evt_S-61_desk_work_surface_0012,f7fbefc2289fa486,pose_hand_context,,32227.4,3.57,,1,cam12/e1/v1,rtmpose_baseline
full,03.CCTV Mobile Usage.mkv,632de9ed55947761d56d4c6142a3cb1a1fe69d0b1a6d0e01a2e404c697962623,dfine_sahi,258500.0,unknown_object,0.3097,7.07,427.4,107.95,500.69,7394.5,100.88,73.3,1.376,False,,True,S-61,54,evt_S-61_desk_work_surface_0012,f7fbefc2289fa486,pose_hand_context,,32227.4,3.57,,1,cam12/e1/v1,rtmpose_baseline
full,03.CCTV Mobile Usage.mkv,632de9ed55947761d56d4c6142a3cb1a1fe69d0b1a6d0e01a2e404c697962623,dfine_sahi,258500.0,bag,0.2787,7.14,448.23,183.48,525.4,13607.6,176.35,77.16,2.285,False,,True,S-61,54,evt_S-61_desk_work_surface_0012,f7fbefc2289fa486,pose_hand_context,,32227.4,3.57,,1,cam12/e1/v1,rtmpose_baseline
full,03.CCTV Mobile Usage.mkv,632de9ed55947761d56d4c6142a3cb1a1fe69d0b1a6d0e01a2e404c697962623,dfine_sahi,258500.0,unknown_object,0.2683,86.07,348.29,186.99,448.41,10103.5,100.92,100.11,1.008,False,,True,S-61,54,evt_S-61_desk_work_surface_0012,f7fbefc2289fa486,pose_hand_context,,32227.4,3.57,,1,cam12/e1/v1,rtmpose_baseline
full,03.CCTV Mobile Usage.mkv,632de9ed55947761d56d4c6142a3cb1a1fe69d0b1a6d0e01a2e404c697962623,dfine_sahi,258500.0,keyboard,0.263,86.15,386.73,144.78,428.63,2456.7,58.63,41.9,1.399,False,,True,S-61,54,evt_S-61_desk_work_surface_0012,f7fbefc2289fa486,pose_hand_context,,32227.4,3.57,,1,cam12/e1/v1,rtmpose_baseline
full,03.CCTV Mobile Usage.mkv,632de9ed55947761d56d4c6142a3cb1a1fe69d0b1a6d0e01a2e404c697962623,dfine_sahi,258500.0,unknown_object,0.2603,86.08,370.56,145.66,428.63,3460.2,59.59,58.07,1.026,False,,True,S-61,54,evt_S-61_desk_work_surface_0012,f7fbefc2289fa486,pose_hand_context,,32227.4,3.57,,1,cam12/e1/v1,rtmpose_baseline
full,03.CCTV Mobile Usage.mkv,632de9ed55947761d56d4c6142a3cb1a1fe69d0b1a6d0e01a2e404c697962623,dfine_sahi,258500.0,bag,0.2575,79.93,385.98,108.0,428.9,1205.0,28.08,42.92,0.654,False,,True,S-61,54,evt_S-61_desk_work_surface_0012,f7fbefc2289fa486,pose_hand_context,,32227.4,3.57,,1,cam12/e1/v1,rtmpose_baseline
full,03.CCTV Mobile Usage.mkv,632de9ed55947761d56d4c6142a3cb1a1fe69d0b1a6d0e01a2e404c697962623,dfine_sahi,258500.0,unknown_object,0.25,40.82,375.83,108.04,448.47,4883.0,67.22,72.64,0.925,False,,True,S-61,54,evt_S-61_desk_work_surface_0012,f7fbefc2289fa486,pose_hand_context,,32227.4,3.57,,1,cam12/e1/v1,rtmpose_baseline
full,03.CCTV Mobile Usage.mkv,632de9ed55947761d56d4c6142a3cb1a1fe69d0b1a6d0e01a2e404c697962623,dfine_sahi,259000.0,stationery,0.3587,85.02,447.05,188.53,530.31,8616.9,103.5,83.25,1.243,False,,True,S-61,54,evt_S-61_desk_work_surface_0012,504367d72c822d66,pose_hand_context,,34655.5,3.44,,1,cam12/e1/v1,rtmpose_baseline
full,03.CCTV Mobile Usage.mkv,632de9ed55947761d56d4c6142a3cb1a1fe69d0b1a6d0e01a2e404c697962623,dfine_sahi,259000.0,unknown_object,0.3429,85.49,387.34,146.17,428.83,2517.5,60.68,41.49,1.463,False,,True,S-61,54,evt_S-61_desk_work_surface_0012,504367d72c822d66,pose_hand_context,,34655.5,3.44,,1,cam12/e1/v1,rtmpose_baseline
full,03.CCTV Mobile Usage.mkv,632de9ed55947761d56d4c6142a3cb1a1fe69d0b1a6d0e01a2e404c697962623,dfine_sahi,259000.0,bag,0.3304,76.93,376.2,109.01,428.72,1684.9,32.08,52.52,0.611,False,,True,S-61,54,evt_S-61_desk_work_surface_0012,504367d72c822d66,pose_hand_context,,34655.5,3.44,,1,cam12/e1/v1,rtmpose_baseline
full,03.CCTV Mobile Usage.mkv,632de9ed55947761d56d4c6142a3cb1a1fe69d0b1a6d0e01a2e404c697962623,dfine_sahi,259000.0,unknown_object,0.301,23.95,470.45,40.27,496.86,431.0,16.32,26.4,0.618,False,,True,S-61,54,evt_S-61_desk_work_surface_0012,504367d72c822d66,pose_hand_context,,34655.5,3.44,,1,cam12/e1/v1,rtmpose_baseline
full,03.CCTV Mobile Usage.mkv,632de9ed55947761d56d4c6142a3cb1a1fe69d0b1a6d0e01a2e404c697962623,dfine_sahi,259000.0,bag,0.2685,81.32,384.43,156.44,428.79,3333.0,75.12,44.37,1.693,False,,True,S-61,54,evt_S-61_desk_work_surface_0012,504367d72c822d66,pose_hand_context,,34655.5,3.44,,1,cam12/e1/v1,rtmpose_baseline
full,03.CCTV Mobile Usage.mkv,632de9ed55947761d56d4c6142a3cb1a1fe69d0b1a6d0e01a2e404c697962623,dfine_sahi,259000.0,bag,0.2533,4.17,447.95,187.41,530.43,15113.7,183.24,82.48,2.222,False,,True,S-61,54,evt_S-61_desk_work_surface_0012,504367d72c822d66,pose_hand_context,,34655.5,3.44,,1,cam12/e1/v1,rtmpose_baseline
full,03.CCTV Mobile Usage.mkv,632de9ed55947761d56d4c6142a3cb1a1fe69d0b1a6d0e01a2e404c697962623,dfine_sahi,259000.0,keyboard,0.9149,962.45,451.91,1067.73,491.4,4157.9,105.28,39.49,2.666,False,,True,R-desk,58,evt_S-61_desk_work_surface_0012,77a8c67e7846f796,lap_bag_context,no_pose_observation,34560.0,1.33,,1,cam12/e1/v1,
full,03.CCTV Mobile Usage.mkv,632de9ed55947761d56d4c6142a3cb1a1fe69d0b1a6d0e01a2e404c697962623,dfine_sahi,259000.0,keyboard,0.8057,772.58,380.17,870.46,420.23,3921.2,97.88,40.06,2.443,False,,True,R-desk,58,evt_S-61_desk_work_surface_0012,77a8c67e7846f796,lap_bag_context,no_pose_observation,34560.0,1.33,,1,cam12/e1/v1,
full,03.CCTV Mobile Usage.mkv,632de9ed55947761d56d4c6142a3cb1a1fe69d0b1a6d0e01a2e404c697962623,dfine_sahi,259000.0,mouse,0.7983,864.87,413.43,891.39,434.8,566.6,26.51,21.37,1.241,False,,True,R-desk,58,evt_S-61_desk_work_surface_0012,77a8c67e7846f796,lap_bag_context,no_pose_observation,34560.0,1.33,,1,cam12/e1/v1,
full,03.CCTV Mobile Usage.mkv,632de9ed55947761d56d4c6142a3cb1a1fe69d0b1a6d0e01a2e404c697962623,dfine_sahi,259000.0,unknown_object,0.793,699.97,411.4,841.52,506.17,13415.3,141.55,94.78,1.494,False,,True,R-desk,58,evt_S-61_desk_work_surface_0012,77a8c67e7846f796,lap_bag_context,no_pose_observation,34560.0,1.33,,1,cam12/e1/v1,
full,03.CCTV Mobile Usage.mkv,632de9ed55947761d56d4c6142a3cb1a1fe69d0b1a6d0e01a2e404c697962623,dfine_sahi,259000.0,phone,0.7591,1043.59,421.87,1111.93,473.92,3557.5,68.34,52.06,1.313,False,,True,R-desk,58,evt_S-61_desk_work_surface_0012,77a8c67e7846f796,lap_bag_context,no_pose_observation,34560.0,1.33,,1,cam12/e1/v1,
full,03.CCTV Mobile Usage.mkv,632de9ed55947761d56d4c6142a3cb1a1fe69d0b1a6d0e01a2e404c697962623,dfine_sahi,259000.0,monitor_or_bezel,0.7234,910.3,411.31,1141.63,506.36,21987.2,231.33,95.05,2.434,False,,True,R-desk,58,evt_S-61_desk_work_surface_0012,77a8c67e7846f796,lap_bag_context,no_pose_observation,34560.0,1.33,,1,cam12/e1/v1,
full,03.CCTV Mobile Usage.mkv,632de9ed55947761d56d4c6142a3cb1a1fe69d0b1a6d0e01a2e404c697962623,dfine_sahi,259000.0,monitor_or_bezel,0.6931,963.59,380.54,1152.7,474.93,17850.6,189.12,94.39,2.004,False,,True,R-desk,58,evt_S-61_desk_work_surface_0012,77a8c67e7846f796,lap_bag_context,no_pose_observation,34560.0,1.33,,1,cam12/e1/v1,
full,03.CCTV Mobile Usage.mkv,632de9ed55947761d56d4c6142a3cb1a1fe69d0b1a6d0e01a2e404c697962623,dfine_sahi,259000.0,monitor_or_bezel,0.6477,1019.2,395.52,1146.02,448.31,6694.6,126.82,52.79,2.402,False,,True,R-desk,58,evt_S-61_desk_work_surface_0012,77a8c67e7846f796,lap_bag_context,no_pose_observation,34560.0,1.33,,1,cam12/e1/v1,
full,03.CCTV Mobile Usage.mkv,632de9ed55947761d56d4c6142a3cb1a1fe69d0b1a6d0e01a2e404c697962623,dfine_sahi,259000.0,keyboard,0.6273,963.42,452.3,1034.03,475.53,1640.2,70.61,23.23,3.04,False,,True,R-desk,58,evt_S-61_desk_work_surface_0012,77a8c67e7846f796,lap_bag_context,no_pose_observation,34560.0,1.33,,1,cam12/e1/v1,
full,03.CCTV Mobile Usage.mkv,632de9ed55947761d56d4c6142a3cb1a1fe69d0b1a6d0e01a2e404c697962623,dfine_sahi,259000.0,unknown_object,0.5822,700.03,380.65,760.1,474.92,5663.1,60.07,94.27,0.637,False,,True,R-desk,58,evt_S-61_desk_work_surface_0012,77a8c67e7846f796,lap_bag_context,no_pose_observation,34560.0,1.33,,1,cam12/e1/v1,
full,03.CCTV Mobile Usage.mkv,632de9ed55947761d56d4c6142a3cb1a1fe69d0b1a6d0e01a2e404c697962623,dfine_sahi,259000.0,monitor_or_bezel,0.5302,707.57,379.86,969.51,474.78,24864.1,261.94,94.92,2.76,False,,True,R-desk,58,evt_S-61_desk_work_surface_0012,77a8c67e7846f796,lap_bag_context,no_pose_observation,34560.0,1.33,,1,cam12/e1/v1,
full,03.CCTV Mobile Usage.mkv,632de9ed55947761d56d4c6142a3cb1a1fe69d0b1a6d0e01a2e404c697962623,dfine_sahi,259000.0,unknown_object,0.5081,751.05,410.95,969.88,505.9,20778.5,218.84,94.95,2.305,False,,True,R-desk,58,evt_S-61_desk_work_surface_0012,77a8c67e7846f796,lap_bag_context,no_pose_observation,34560.0,1.33,,1,cam12/e1/v1,
full,03.CCTV Mobile Usage.mkv,632de9ed55947761d56d4c6142a3cb1a1fe69d0b1a6d0e01a2e404c697962623,dfine_sahi,259000.0,keyboard,0.455,802.64,396.26,870.41,420.61,1649.7,67.77,24.34,2.784,False,,True,R-desk,58,evt_S-61_desk_work_surface_0012,77a8c67e7846f796,lap_bag_context,no_pose_observation,34560.0,1.33,,1,cam12/e1/v1,
full,03.CCTV Mobile Usage.mkv,632de9ed55947761d56d4c6142a3cb1a1fe69d0b1a6d0e01a2e404c697962623,dfine_sahi,259000.0,phone,0.3502,1051.38,411.4,1140.06,447.22,3176.4,88.67,35.82,2.475,False,,True,R-desk,58,evt_S-61_desk_work_surface_0012,77a8c67e7846f796,lap_bag_context,no_pose_observation,34560.0,1.33,,1,cam12/e1/v1,
full,03.CCTV Mobile Usage.mkv,632de9ed55947761d56d4c6142a3cb1a1fe69d0b1a6d0e01a2e404c697962623,dfine_sahi,259000.0,mouse,0.3423,966.93,398.3,991.6,410.67,305.3,24.67,12.37,1.994,False,,True,R-desk,58,evt_S-61_desk_work_surface_0012,77a8c67e7846f796,lap_bag_context,no_pose_observation,34560.0,1.33,,1,cam12/e1/v1,
full,03.CCTV Mobile Usage.mkv,632de9ed55947761d56d4c6142a3cb1a1fe69d0b1a6d0e01a2e404c697962623,dfine_sahi,259000.0,monitor_or_bezel,0.3234,881.29,396.14,948.63,452.52,3796.9,67.34,56.38,1.194,False,,True,R-desk,58,evt_S-61_desk_work_surface_0012,77a8c67e7846f796,lap_bag_context,no_pose_observation,34560.0,1.33,,1,cam12/e1/v1,
full,03.CCTV Mobile Usage.mkv,632de9ed55947761d56d4c6142a3cb1a1fe69d0b1a6d0e01a2e404c697962623,dfine_sahi,259000.0,keyboard,0.3129,910.17,411.9,1092.74,506.19,17216.0,182.57,94.3,1.936,False,,True,R-desk,58,evt_S-61_desk_work_surface_0012,77a8c67e7846f796,lap_bag_context,no_pose_observation,34560.0,1.33,,1,cam12/e1/v1,
full,03.CCTV Mobile Usage.mkv,632de9ed55947761d56d4c6142a3cb1a1fe69d0b1a6d0e01a2e404c697962623,dfine_sahi,259000.0,unknown_object,0.2776,699.86,380.57,874.87,475.79,16664.3,175.01,95.22,1.838,False,,True,R-desk,58,evt_S-61_desk_work_surface_0012,77a8c67e7846f796,lap_bag_context,no_pose_observation,34560.0,1.33,,1,cam12/e1/v1,
full,03.CCTV Mobile Usage.mkv,632de9ed55947761d56d4c6142a3cb1a1fe69d0b1a6d0e01a2e404c697962623,dfine_sahi,259000.0,mouse,0.2768,991.81,401.8,1028.56,413.71,437.9,36.75,11.92,3.084,False,,True,R-desk,58,evt_S-61_desk_work_surface_0012,77a8c67e7846f796,lap_bag_context,no_pose_observation,34560.0,1.33,,1,cam12/e1/v1,
full,03.CCTV Mobile Usage.mkv,632de9ed55947761d56d4c6142a3cb1a1fe69d0b1a6d0e01a2e404c697962623,dfine_sahi,259000.0,keyboard,0.2672,964.61,397.09,1094.64,474.91,10119.0,130.03,77.82,1.671,False,,True,R-desk,58,evt_S-61_desk_work_surface_0012,77a8c67e7846f796,lap_bag_context,no_pose_observation,34560.0,1.33,,1,cam12/e1/v1,
full,03.CCTV Mobile Usage.mkv,632de9ed55947761d56d4c6142a3cb1a1fe69d0b1a6d0e01a2e404c697962623,dfine_sahi,259000.0,unknown_object,0.2517,880.52,411.38,969.86,505.67,8424.4,89.35,94.29,0.948,False,,True,R-desk,58,evt_S-61_desk_work_surface_0012,77a8c67e7846f796,lap_bag_context,no_pose_observation,34560.0,1.33,,1,cam12/e1/v1,
full,03.CCTV Mobile Usage.mkv,632de9ed55947761d56d4c6142a3cb1a1fe69d0b1a6d0e01a2e404c697962623,dfine_sahi,259500.0,unknown_object,0.4622,38.86,427.49,108.89,471.97,3114.6,70.02,44.48,1.574,False,,True,S-61,54,evt_S-61_desk_work_surface_0012,5402a68bcdd2c9e7,pose_hand_context,,36016.4,3.37,,1,cam12/e1/v1,rtmpose_baseline
full,03.CCTV Mobile Usage.mkv,632de9ed55947761d56d4c6142a3cb1a1fe69d0b1a6d0e01a2e404c697962623,dfine_sahi,259500.0,unknown_object,0.4274,85.01,446.56,190.6,531.4,8958.0,105.59,84.83,1.245,False,,True,S-61,54,evt_S-61_desk_work_surface_0012,5402a68bcdd2c9e7,pose_hand_context,,36016.4,3.37,,1,cam12/e1/v1,rtmpose_baseline
full,03.CCTV Mobile Usage.mkv,632de9ed55947761d56d4c6142a3cb1a1fe69d0b1a6d0e01a2e404c697962623,dfine_sahi,259500.0,unknown_object,0.3095,23.84,470.51,40.49,496.83,438.3,16.65,26.32,0.633,False,,True,S-61,54,evt_S-61_desk_work_surface_0012,5402a68bcdd2c9e7,pose_hand_context,,36016.4,3.37,,1,cam12/e1/v1,rtmpose_baseline
full,03.CCTV Mobile Usage.mkv,632de9ed55947761d56d4c6142a3cb1a1fe69d0b1a6d0e01a2e404c697962623,dfine_sahi,259500.0,monitor_or_bezel,0.2585,2.06,493.27,153.29,531.83,5832.2,151.23,38.57,3.921,False,,True,S-61,54,evt_S-61_desk_work_surface_0012,5402a68bcdd2c9e7,pose_hand_context,,36016.4,3.37,,1,cam12/e1/v1,rtmpose_baseline
full,03.CCTV Mobile Usage.mkv,632de9ed55947761d56d4c6142a3cb1a1fe69d0b1a6d0e01a2e404c697962623,dfine_sahi,259500.0,bag,0.2551,77.3,376.42,109.01,428.95,1665.6,31.71,52.53,0.604,False,,True,S-61,54,evt_S-61_desk_work_surface_0012,5402a68bcdd2c9e7,pose_hand_context,,36016.4,3.37,,1,cam12/e1/v1,rtmpose_baseline
full,03.CCTV Mobile Usage.mkv,632de9ed55947761d56d4c6142a3cb1a1fe69d0b1a6d0e01a2e404c697962623,dfine_sahi,259500.0,unknown_object,0.2551,2.05,426.68,108.93,531.68,11223.0,106.89,105.0,1.018,False,,True,S-61,54,evt_S-61_desk_work_surface_0012,5402a68bcdd2c9e7,pose_hand_context,,36016.4,3.37,,1,cam12/e1/v1,rtmpose_baseline
full,03.CCTV Mobile Usage.mkv,632de9ed55947761d56d4c6142a3cb1a1fe69d0b1a6d0e01a2e404c697962623,dfine_sahi,273183.0,unknown_object,0.6288,96.0,363.24,205.89,472.37,11992.0,109.89,109.13,1.007,False,,True,S-61,59,evt_S-61_desk_work_surface_0013,781a97f7370f14b4,pose_hand_context,,38518.0,3.26,,1,cam12/e1/v1,rtmpose_baseline
full,03.CCTV Mobile Usage.mkv,632de9ed55947761d56d4c6142a3cb1a1fe69d0b1a6d0e01a2e404c697962623,dfine_sahi,273183.0,unknown_object,0.5976,10.1,363.21,119.89,472.46,11994.2,109.79,109.25,1.005,False,,True,S-61,59,evt_S-61_desk_work_surface_0013,781a97f7370f14b4,pose_hand_context,,38518.0,3.26,,1,cam12/e1/v1,rtmpose_baseline
full,03.CCTV Mobile Usage.mkv,632de9ed55947761d56d4c6142a3cb1a1fe69d0b1a6d0e01a2e404c697962623,dfine_sahi,273183.0,unknown_object,0.5907,114.15,277.26,205.97,385.97,9982.0,91.82,108.71,0.845,False,,True,S-61,59,evt_S-61_desk_work_surface_0013,781a97f7370f14b4,pose_hand_context,,38518.0,3.26,,1,cam12/e1/v1,rtmpose_baseline
full,03.CCTV Mobile Usage.mkv,632de9ed55947761d56d4c6142a3cb1a1fe69d0b1a6d0e01a2e404c697962623,dfine_sahi,273183.0,unknown_object,0.4646,62.64,277.53,206.05,470.1,27616.7,143.41,192.57,0.745,False,,True,S-61,59,evt_S-61_desk_work_surface_0013,781a97f7370f14b4,pose_hand_context,,38518.0,3.26,,1,cam12/e1/v1,rtmpose_baseline
full,03.CCTV Mobile Usage.mkv,632de9ed55947761d56d4c6142a3cb1a1fe69d0b1a6d0e01a2e404c697962623,dfine_sahi,273183.0,unknown_object,0.4175,148.28,331.04,205.97,386.32,3189.3,57.69,55.28,1.044,False,,True,S-61,59,evt_S-61_desk_work_surface_0013,781a97f7370f14b4,pose_hand_context,,38518.0,3.26,,1,cam12/e1/v1,rtmpose_baseline
full,03.CCTV Mobile Usage.mkv,632de9ed55947761d56d4c6142a3cb1a1fe69d0b1a6d0e01a2e404c697962623,dfine_sahi,273183.0,stationery,0.3569,40.99,445.21,72.53,471.57,831.4,31.54,26.36,1.196,False,,True,S-61,59,evt_S-61_desk_work_surface_0013,781a97f7370f14b4,pose_hand_context,,38518.0,3.26,,1,cam12/e1/v1,rtmpose_baseline
full,03.CCTV Mobile Usage.mkv,632de9ed55947761d56d4c6142a3cb1a1fe69d0b1a6d0e01a2e404c697962623,dfine_sahi,273183.0,bag,0.3022,16.16,299.33,108.44,363.46,5918.2,92.28,64.13,1.439,False,,True,S-61,59,evt_S-61_desk_work_surface_0013,781a97f7370f14b4,pose_hand_context,,38518.0,3.26,,1,cam12/e1/v1,rtmpose_baseline
full,03.CCTV Mobile Usage.mkv,632de9ed55947761d56d4c6142a3cb1a1fe69d0b1a6d0e01a2e404c697962623,dfine_sahi,273183.0,unknown_object,0.2676,9.99,294.55,120.04,386.71,10142.2,110.05,92.16,1.194,False,,True,S-61,59,evt_S-61_desk_work_surface_0013,781a97f7370f14b4,pose_hand_context,,38518.0,3.26,,1,cam12/e1/v1,rtmpose_baseline
full,03.CCTV Mobile Usage.mkv,632de9ed55947761d56d4c6142a3cb1a1fe69d0b1a6d0e01a2e404c697962623,dfine_sahi,273183.0,unknown_object,0.2524,156.4,363.15,206.02,472.41,5422.0,49.62,109.26,0.454,False,,True,S-61,59,evt_S-61_desk_work_surface_0013,781a97f7370f14b4,pose_hand_context,,38518.0,3.26,,1,cam12/e1/v1,rtmpose_baseline
full,03.CCTV Mobile Usage.mkv,632de9ed55947761d56d4c6142a3cb1a1fe69d0b1a6d0e01a2e404c697962623,dfine_sahi,273683.0,stationery,0.5819,41.01,445.32,72.4,472.84,863.8,31.39,27.52,1.14,False,,True,S-61,59,evt_S-61_desk_work_surface_0013,7b24035bddf5e812,pose_hand_context,,40248.4,3.19,,1,cam12/e1/v1,rtmpose_baseline
full,03.CCTV Mobile Usage.mkv,632de9ed55947761d56d4c6142a3cb1a1fe69d0b1a6d0e01a2e404c697962623,dfine_sahi,273683.0,unknown_object,0.5774,4.01,364.19,116.87,476.29,12651.1,112.86,112.1,1.007,False,,True,S-61,59,evt_S-61_desk_work_surface_0013,7b24035bddf5e812,pose_hand_context,,40248.4,3.19,,1,cam12/e1/v1,rtmpose_baseline
full,03.CCTV Mobile Usage.mkv,632de9ed55947761d56d4c6142a3cb1a1fe69d0b1a6d0e01a2e404c697962623,dfine_sahi,273683.0,unknown_object,0.5304,58.9,276.26,184.41,467.85,24047.2,125.52,191.59,0.655,False,,True,S-61,59,evt_S-61_desk_work_surface_0013,7b24035bddf5e812,pose_hand_context,,40248.4,3.19,,1,cam12/e1/v1,rtmpose_baseline
full,03.CCTV Mobile Usage.mkv,632de9ed55947761d56d4c6142a3cb1a1fe69d0b1a6d0e01a2e404c697962623,dfine_sahi,273683.0,unknown_object,0.5003,92.0,364.25,204.88,476.26,12644.5,112.88,112.01,1.008,False,,True,S-61,59,evt_S-61_desk_work_surface_0013,7b24035bddf5e812,pose_hand_context,,40248.4,3.19,,1,cam12/e1/v1,rtmpose_baseline
full,03.CCTV Mobile Usage.mkv,632de9ed55947761d56d4c6142a3cb1a1fe69d0b1a6d0e01a2e404c697962623,dfine_sahi,273683.0,unknown_object,0.467,4.1,276.34,117.02,388.5,12664.9,112.92,112.15,1.007,False,,True,S-61,59,evt_S-61_desk_work_surface_0013,7b24035bddf5e812,pose_hand_context,,40248.4,3.19,,1,cam12/e1/v1,rtmpose_baseline
full,03.CCTV Mobile Usage.mkv,632de9ed55947761d56d4c6142a3cb1a1fe69d0b1a6d0e01a2e404c697962623,dfine_sahi,273683.0,unknown_object,0.3999,91.97,276.24,204.91,388.16,12640.1,112.94,111.92,1.009,False,,True,S-61,59,evt_S-61_desk_work_surface_0013,7b24035bddf5e812,pose_hand_context,,40248.4,3.19,,1,cam12/e1/v1,rtmpose_baseline
full,03.CCTV Mobile Usage.mkv,632de9ed55947761d56d4c6142a3cb1a1fe69d0b1a6d0e01a2e404c697962623,dfine_sahi,273683.0,unknown_object,0.3706,91.97,362.3,174.98,388.39,2165.8,83.0,26.09,3.181,False,,True,S-61,59,evt_S-61_desk_work_surface_0013,7b24035bddf5e812,pose_hand_context,,40248.4,3.19,,1,cam12/e1/v1,rtmpose_baseline
full,03.CCTV Mobile Usage.mkv,632de9ed55947761d56d4c6142a3cb1a1fe69d0b1a6d0e01a2e404c697962623,dfine_sahi,273683.0,unknown_object,0.3196,159.45,335.91,204.98,388.24,2382.7,45.53,52.33,0.87,False,,True,S-61,59,evt_S-61_desk_work_surface_0013,7b24035bddf5e812,pose_hand_context,,40248.4,3.19,,1,cam12/e1/v1,rtmpose_baseline
full,03.CCTV Mobile Usage.mkv,632de9ed55947761d56d4c6142a3cb1a1fe69d0b1a6d0e01a2e404c697962623,dfine_sahi,273683.0,unknown_object,0.291,55.97,364.16,116.91,433.72,4239.2,60.94,69.56,0.876,False,,True,S-61,59,evt_S-61_desk_work_surface_0013,7b24035bddf5e812,pose_hand_context,,40248.4,3.19,,1,cam12/e1/v1,rtmpose_baseline
full,03.CCTV Mobile Usage.mkv,632de9ed55947761d56d4c6142a3cb1a1fe69d0b1a6d0e01a2e404c697962623,dfine_sahi,273683.0,keyboard,0.9242,962.38,451.92,1067.88,491.44,4169.1,105.5,39.52,2.67,False,,True,R-desk,60,evt_S-61_desk_work_surface_0013,fce641e8c9c4d9d5,lap_bag_context,no_pose_observation,34560.0,1.33,,1,cam12/e1/v1,
full,03.CCTV Mobile Usage.mkv,632de9ed55947761d56d4c6142a3cb1a1fe69d0b1a6d0e01a2e404c697962623,dfine_sahi,273683.0,unknown_object,0.827,699.92,396.26,846.58,491.95,14034.6,146.67,95.69,1.533,False,,True,R-desk,60,evt_S-61_desk_work_surface_0013,fce641e8c9c4d9d5,lap_bag_context,no_pose_observation,34560.0,1.33,,1,cam12/e1/v1,
full,03.CCTV Mobile Usage.mkv,632de9ed55947761d56d4c6142a3cb1a1fe69d0b1a6d0e01a2e404c697962623,dfine_sahi,273683.0,mouse,0.8165,864.99,413.37,891.32,434.75,563.2,26.34,21.38,1.232,False,,True,R-desk,60,evt_S-61_desk_work_surface_0013,fce641e8c9c4d9d5,lap_bag_context,no_pose_observation,34560.0,1.33,,1,cam12/e1/v1,
full,03.CCTV Mobile Usage.mkv,632de9ed55947761d56d4c6142a3cb1a1fe69d0b1a6d0e01a2e404c697962623,dfine_sahi,273683.0,keyboard,0.8024,771.99,380.15,870.55,420.29,3956.2,98.56,40.14,2.455,False,,True,R-desk,60,evt_S-61_desk_work_surface_0013,fce641e8c9c4d9d5,lap_bag_context,no_pose_observation,34560.0,1.33,,1,cam12/e1/v1,
full,03.CCTV Mobile Usage.mkv,632de9ed55947761d56d4c6142a3cb1a1fe69d0b1a6d0e01a2e404c697962623,dfine_sahi,273683.0,monitor_or_bezel,0.7672,1019.22,395.67,1146.15,448.62,6721.6,126.93,52.95,2.397,False,,True,R-desk,60,evt_S-61_desk_work_surface_0013,fce641e8c9c4d9d5,lap_bag_context,no_pose_observation,34560.0,1.33,,1,cam12/e1/v1,
full,03.CCTV Mobile Usage.mkv,632de9ed55947761d56d4c6142a3cb1a1fe69d0b1a6d0e01a2e404c697962623,dfine_sahi,273683.0,phone,0.7213,1043.55,421.77,1112.67,474.16,3620.9,69.12,52.39,1.319,False,,True,R-desk,60,evt_S-61_desk_work_surface_0013,fce641e8c9c4d9d5,lap_bag_context,no_pose_observation,34560.0,1.33,,1,cam12/e1/v1,
full,03.CCTV Mobile Usage.mkv,632de9ed55947761d56d4c6142a3cb1a1fe69d0b1a6d0e01a2e404c697962623,dfine_sahi,273683.0,monitor_or_bezel,0.7117,963.41,380.5,1153.13,474.97,17923.6,189.72,94.47,2.008,False,,True,R-desk,60,evt_S-61_desk_work_surface_0013,fce641e8c9c4d9d5,lap_bag_context,no_pose_observation,34560.0,1.33,,1,cam12/e1/v1,
full,03.CCTV Mobile Usage.mkv,632de9ed55947761d56d4c6142a3cb1a1fe69d0b1a6d0e01a2e404c697962623,dfine_sahi,273683.0,monitor_or_bezel,0.6995,910.22,411.24,1141.68,506.34,22010.6,231.46,95.1,2.434,False,,True,R-desk,60,evt_S-61_desk_work_surface_0013,fce641e8c9c4d9d5,lap_bag_context,no_pose_observation,34560.0,1.33,,1,cam12/e1/v1,
full,03.CCTV Mobile Usage.mkv,632de9ed55947761d56d4c6142a3cb1a1fe69d0b1a6d0e01a2e404c697962623,dfine_sahi,273683.0,keyboard,0.5964,963.42,452.29,1034.61,475.54,1655.2,71.19,23.25,3.062,False,,True,R-desk,60,evt_S-61_desk_work_surface_0013,fce641e8c9c4d9d5,lap_bag_context,no_pose_observation,34560.0,1.33,,1,cam12/e1/v1,
full,03.CCTV Mobile Usage.mkv,632de9ed55947761d56d4c6142a3cb1a1fe69d0b1a6d0e01a2e404c697962623,dfine_sahi,273683.0,unknown_object,0.5646,700.01,380.67,759.85,474.69,5625.6,59.84,94.01,0.637,False,,True,R-desk,60,evt_S-61_desk_work_surface_0013,fce641e8c9c4d9d5,lap_bag_context,no_pose_observation,34560.0,1.33,,1,cam12/e1/v1,
full,03.CCTV Mobile Usage.mkv,632de9ed55947761d56d4c6142a3cb1a1fe69d0b1a6d0e01a2e404c697962623,dfine_sahi,273683.0,unknown_object,0.5054,752.04,410.96,969.87,505.99,20700.2,217.83,95.03,2.292,False,,True,R-desk,60,evt_S-61_desk_work_surface_0013,fce641e8c9c4d9d5,lap_bag_context,no_pose_observation,34560.0,1.33,,1,cam12/e1/v1,
full,03.CCTV Mobile Usage.mkv,632de9ed55947761d56d4c6142a3cb1a1fe69d0b1a6d0e01a2e404c697962623,dfine_sahi,273683.0,keyboard,0.4662,802.79,396.26,870.45,420.58,1645.1,67.65,24.32,2.782,False,,True,R-desk,60,evt_S-61_desk_work_surface_0013,fce641e8c9c4d9d5,lap_bag_context,no_pose_observation,34560.0,1.33,,1,cam12/e1/v1,
full,03.CCTV Mobile Usage.mkv,632de9ed55947761d56d4c6142a3cb1a1fe69d0b1a6d0e01a2e404c697962623,dfine_sahi,273683.0,monitor_or_bezel,0.4463,708.21,379.82,969.59,474.82,24829.7,261.38,94.99,2.752,False,,True,R-desk,60,evt_S-61_desk_work_surface_0013,fce641e8c9c4d9d5,lap_bag_context,no_pose_observation,34560.0,1.33,,1,cam12/e1/v1,
full,03.CCTV Mobile Usage.mkv,632de9ed55947761d56d4c6142a3cb1a1fe69d0b1a6d0e01a2e404c697962623,dfine_sahi,273683.0,mouse,0.438,967.17,398.44,991.73,410.54,297.0,24.55,12.1,2.03,False,,True,R-desk,60,evt_S-61_desk_work_surface_0013,fce641e8c9c4d9d5,lap_bag_context,no_pose_observation,34560.0,1.33,,1,cam12/e1/v1,
full,03.CCTV Mobile Usage.mkv,632de9ed55947761d56d4c6142a3cb1a1fe69d0b1a6d0e01a2e404c697962623,dfine_sahi,273683.0,keyboard,0.373,910.06,411.41,1092.39,506.21,17285.1,182.33,94.8,1.923,False,,True,R-desk,60,evt_S-61_desk_work_surface_0013,fce641e8c9c4d9d5,lap_bag_context,no_pose_observation,34560.0,1.33,,1,cam12/e1/v1,
full,03.CCTV Mobile Usage.mkv,632de9ed55947761d56d4c6142a3cb1a1fe69d0b1a6d0e01a2e404c697962623,dfine_sahi,273683.0,monitor_or_bezel,0.3671,881.21,396.14,948.62,452.6,3806.1,67.41,56.46,1.194,False,,True,R-desk,60,evt_S-61_desk_work_surface_0013,fce641e8c9c4d9d5,lap_bag_context,no_pose_observation,34560.0,1.33,,1,cam12/e1/v1,
full,03.CCTV Mobile Usage.mkv,632de9ed55947761d56d4c6142a3cb1a1fe69d0b1a6d0e01a2e404c697962623,dfine_sahi,273683.0,unknown_object,0.3642,881.87,411.11,969.85,453.2,3702.6,87.98,42.09,2.09,False,,True,R-desk,60,evt_S-61_desk_work_surface_0013,fce641e8c9c4d9d5,lap_bag_context,no_pose_observation,34560.0,1.33,,1,cam12/e1/v1,
full,03.CCTV Mobile Usage.mkv,632de9ed55947761d56d4c6142a3cb1a1fe69d0b1a6d0e01a2e404c697962623,dfine_sahi,273683.0,mouse,0.2848,991.88,400.74,1028.35,413.68,472.0,36.47,12.95,2.817,False,,True,R-desk,60,evt_S-61_desk_work_surface_0013,fce641e8c9c4d9d5,lap_bag_context,no_pose_observation,34560.0,1.33,,1,cam12/e1/v1,
full,03.CCTV Mobile Usage.mkv,632de9ed55947761d56d4c6142a3cb1a1fe69d0b1a6d0e01a2e404c697962623,dfine_sahi,273683.0,phone,0.2818,1051.21,411.36,1139.79,446.8,3140.1,88.58,35.45,2.499,False,,True,R-desk,60,evt_S-61_desk_work_surface_0013,fce641e8c9c4d9d5,lap_bag_context,no_pose_observation,34560.0,1.33,,1,cam12/e1/v1,
full,03.CCTV Mobile Usage.mkv,632de9ed55947761d56d4c6142a3cb1a1fe69d0b1a6d0e01a2e404c697962623,dfine_sahi,273683.0,keyboard,0.2807,773.87,458.78,842.19,490.22,2148.0,68.32,31.44,2.173,False,,True,R-desk,60,evt_S-61_desk_work_surface_0013,fce641e8c9c4d9d5,lap_bag_context,no_pose_observation,34560.0,1.33,,1,cam12/e1/v1,
full,03.CCTV Mobile Usage.mkv,632de9ed55947761d56d4c6142a3cb1a1fe69d0b1a6d0e01a2e404c697962623,dfine_sahi,274183.0,unknown_object,0.7249,24.87,261.29,134.22,370.48,11940.0,109.35,109.19,1.001,False,,True,S-61,59,evt_S-61_desk_work_surface_0013,ac1564b58896f1a9,pose_hand_context,,37698.1,3.3,,1,cam12/e1/v1,rtmpose_baseline
full,03.CCTV Mobile Usage.mkv,632de9ed55947761d56d4c6142a3cb1a1fe69d0b1a6d0e01a2e404c697962623,dfine_sahi,274183.0,unknown_object,0.5968,114.31,266.26,218.81,369.04,10741.3,104.5,102.78,1.017,False,,True,S-61,59,evt_S-61_desk_work_surface_0013,ac1564b58896f1a9,pose_hand_context,,37698.1,3.3,,1,cam12/e1/v1,rtmpose_baseline
full,03.CCTV Mobile Usage.mkv,632de9ed55947761d56d4c6142a3cb1a1fe69d0b1a6d0e01a2e404c697962623,dfine_sahi,274183.0,unknown_object,0.539,24.94,298.61,106.89,455.14,12828.0,81.95,156.53,0.524,False,,True,S-61,59,evt_S-61_desk_work_surface_0013,ac1564b58896f1a9,pose_hand_context,,37698.1,3.3,,1,cam12/e1/v1,rtmpose_baseline
full,03.CCTV Mobile Usage.mkv,632de9ed55947761d56d4c6142a3cb1a1fe69d0b1a6d0e01a2e404c697962623,dfine_sahi,274183.0,unknown_object,0.446,167.47,281.05,219.12,370.05,4596.0,51.64,89.0,0.58,False,,True,S-61,59,evt_S-61_desk_work_surface_0013,ac1564b58896f1a9,pose_hand_context,,37698.1,3.3,,1,cam12/e1/v1,rtmpose_baseline
full,03.CCTV Mobile Usage.mkv,632de9ed55947761d56d4c6142a3cb1a1fe69d0b1a6d0e01a2e404c697962623,dfine_sahi,274183.0,unknown_object,0.3322,110.07,341.35,188.86,370.68,2311.4,78.79,29.34,2.686,False,,True,S-61,59,evt_S-61_desk_work_surface_0013,ac1564b58896f1a9,pose_hand_context,,37698.1,3.3,,1,cam12/e1/v1,rtmpose_baseline
full,03.CCTV Mobile Usage.mkv,632de9ed55947761d56d4c6142a3cb1a1fe69d0b1a6d0e01a2e404c697962623,dfine_sahi,274183.0,bag,0.3005,69.54,373.0,174.95,454.88,8631.7,105.41,81.89,1.287,False,,True,S-61,59,evt_S-61_desk_work_surface_0013,ac1564b58896f1a9,pose_hand_context,,37698.1,3.3,,1,cam12/e1/v1,rtmpose_baseline
full,03.CCTV Mobile Usage.mkv,632de9ed55947761d56d4c6142a3cb1a1fe69d0b1a6d0e01a2e404c697962623,dfine_sahi,274183.0,unknown_object,0.2846,50.6,376.73,77.54,411.03,923.8,26.93,34.3,0.785,False,,True,S-61,59,evt_S-61_desk_work_surface_0013,ac1564b58896f1a9,pose_hand_context,,37698.1,3.3,,1,cam12/e1/v1,rtmpose_baseline
full,03.CCTV Mobile Usage.mkv,632de9ed55947761d56d4c6142a3cb1a1fe69d0b1a6d0e01a2e404c697962623,dfine_sahi,274183.0,unknown_object,0.2598,50.28,376.7,71.78,392.45,338.6,21.5,15.75,1.365,False,,True,S-61,59,evt_S-61_desk_work_surface_0013,ac1564b58896f1a9,pose_hand_context,,37698.1,3.3,,1,cam12/e1/v1,rtmpose_baseline
full,03.CCTV Mobile Usage.mkv,632de9ed55947761d56d4c6142a3cb1a1fe69d0b1a6d0e01a2e404c697962623,dfine_sahi,274683.0,keyboard,0.9242,962.38,451.92,1067.88,491.44,4169.1,105.5,39.52,2.67,False,,True,R-desk,60,evt_S-61_desk_work_surface_0013,cc47ccbbec332ba4,lap_bag_context,no_pose_observation,34560.0,1.33,,1,cam12/e1/v1,
full,03.CCTV Mobile Usage.mkv,632de9ed55947761d56d4c6142a3cb1a1fe69d0b1a6d0e01a2e404c697962623,dfine_sahi,274683.0,unknown_object,0.827,699.92,396.26,846.58,491.95,14034.6,146.67,95.69,1.533,False,,True,R-desk,60,evt_S-61_desk_work_surface_0013,cc47ccbbec332ba4,lap_bag_context,no_pose_observation,34560.0,1.33,,1,cam12/e1/v1,
full,03.CCTV Mobile Usage.mkv,632de9ed55947761d56d4c6142a3cb1a1fe69d0b1a6d0e01a2e404c697962623,dfine_sahi,274683.0,mouse,0.8165,864.99,413.37,891.32,434.75,563.2,26.34,21.38,1.232,False,,True,R-desk,60,evt_S-61_desk_work_surface_0013,cc47ccbbec332ba4,lap_bag_context,no_pose_observation,34560.0,1.33,,1,cam12/e1/v1,
full,03.CCTV Mobile Usage.mkv,632de9ed55947761d56d4c6142a3cb1a1fe69d0b1a6d0e01a2e404c697962623,dfine_sahi,274683.0,keyboard,0.8024,771.99,380.15,870.55,420.29,3956.2,98.56,40.14,2.455,False,,True,R-desk,60,evt_S-61_desk_work_surface_0013,cc47ccbbec332ba4,lap_bag_context,no_pose_observation,34560.0,1.33,,1,cam12/e1/v1,
full,03.CCTV Mobile Usage.mkv,632de9ed55947761d56d4c6142a3cb1a1fe69d0b1a6d0e01a2e404c697962623,dfine_sahi,274683.0,monitor_or_bezel,0.7672,1019.22,395.67,1146.15,448.62,6721.6,126.93,52.95,2.397,False,,True,R-desk,60,evt_S-61_desk_work_surface_0013,cc47ccbbec332ba4,lap_bag_context,no_pose_observation,34560.0,1.33,,1,cam12/e1/v1,
full,03.CCTV Mobile Usage.mkv,632de9ed55947761d56d4c6142a3cb1a1fe69d0b1a6d0e01a2e404c697962623,dfine_sahi,274683.0,phone,0.7213,1043.55,421.77,1112.67,474.16,3620.9,69.12,52.39,1.319,False,,True,R-desk,60,evt_S-61_desk_work_surface_0013,cc47ccbbec332ba4,lap_bag_context,no_pose_observation,34560.0,1.33,,1,cam12/e1/v1,
full,03.CCTV Mobile Usage.mkv,632de9ed55947761d56d4c6142a3cb1a1fe69d0b1a6d0e01a2e404c697962623,dfine_sahi,274683.0,monitor_or_bezel,0.7116,963.41,380.5,1153.13,474.97,17923.7,189.72,94.47,2.008,False,,True,R-desk,60,evt_S-61_desk_work_surface_0013,cc47ccbbec332ba4,lap_bag_context,no_pose_observation,34560.0,1.33,,1,cam12/e1/v1,
full,03.CCTV Mobile Usage.mkv,632de9ed55947761d56d4c6142a3cb1a1fe69d0b1a6d0e01a2e404c697962623,dfine_sahi,274683.0,monitor_or_bezel,0.6995,910.22,411.24,1141.68,506.34,22010.6,231.46,95.1,2.434,False,,True,R-desk,60,evt_S-61_desk_work_surface_0013,cc47ccbbec332ba4,lap_bag_context,no_pose_observation,34560.0,1.33,,1,cam12/e1/v1,
full,03.CCTV Mobile Usage.mkv,632de9ed55947761d56d4c6142a3cb1a1fe69d0b1a6d0e01a2e404c697962623,dfine_sahi,274683.0,keyboard,0.5963,963.42,452.29,1034.61,475.54,1655.2,71.19,23.25,3.062,False,,True,R-desk,60,evt_S-61_desk_work_surface_0013,cc47ccbbec332ba4,lap_bag_context,no_pose_observation,34560.0,1.33,,1,cam12/e1/v1,
full,03.CCTV Mobile Usage.mkv,632de9ed55947761d56d4c6142a3cb1a1fe69d0b1a6d0e01a2e404c697962623,dfine_sahi,274683.0,unknown_object,0.5646,700.01,380.67,759.85,474.69,5625.6,59.84,94.01,0.637,False,,True,R-desk,60,evt_S-61_desk_work_surface_0013,cc47ccbbec332ba4,lap_bag_context,no_pose_observation,34560.0,1.33,,1,cam12/e1/v1,
full,03.CCTV Mobile Usage.mkv,632de9ed55947761d56d4c6142a3cb1a1fe69d0b1a6d0e01a2e404c697962623,dfine_sahi,274683.0,unknown_object,0.5054,752.04,410.96,969.87,505.99,20700.2,217.83,95.03,2.292,False,,True,R-desk,60,evt_S-61_desk_work_surface_0013,cc47ccbbec332ba4,lap_bag_context,no_pose_observation,34560.0,1.33,,1,cam12/e1/v1,
full,03.CCTV Mobile Usage.mkv,632de9ed55947761d56d4c6142a3cb1a1fe69d0b1a6d0e01a2e404c697962623,dfine_sahi,274683.0,keyboard,0.4662,802.79,396.26,870.45,420.58,1645.1,67.65,24.32,2.782,False,,True,R-desk,60,evt_S-61_desk_work_surface_0013,cc47ccbbec332ba4,lap_bag_context,no_pose_observation,34560.0,1.33,,1,cam12/e1/v1,
full,03.CCTV Mobile Usage.mkv,632de9ed55947761d56d4c6142a3cb1a1fe69d0b1a6d0e01a2e404c697962623,dfine_sahi,274683.0,monitor_or_bezel,0.4463,708.21,379.82,969.59,474.82,24829.7,261.38,94.99,2.752,False,,True,R-desk,60,evt_S-61_desk_work_surface_0013,cc47ccbbec332ba4,lap_bag_context,no_pose_observation,34560.0,1.33,,1,cam12/e1/v1,
full,03.CCTV Mobile Usage.mkv,632de9ed55947761d56d4c6142a3cb1a1fe69d0b1a6d0e01a2e404c697962623,dfine_sahi,274683.0,mouse,0.438,967.17,398.44,991.73,410.54,297.0,24.55,12.1,2.03,False,,True,R-desk,60,evt_S-61_desk_work_surface_0013,cc47ccbbec332ba4,lap_bag_context,no_pose_observation,34560.0,1.33,,1,cam12/e1/v1,
full,03.CCTV Mobile Usage.mkv,632de9ed55947761d56d4c6142a3cb1a1fe69d0b1a6d0e01a2e404c697962623,dfine_sahi,274683.0,keyboard,0.373,910.06,411.41,1092.39,506.21,17285.1,182.33,94.8,1.923,False,,True,R-desk,60,evt_S-61_desk_work_surface_0013,cc47ccbbec332ba4,lap_bag_context,no_pose_observation,34560.0,1.33,,1,cam12/e1/v1,
full,03.CCTV Mobile Usage.mkv,632de9ed55947761d56d4c6142a3cb1a1fe69d0b1a6d0e01a2e404c697962623,dfine_sahi,274683.0,monitor_or_bezel,0.3671,881.21,396.14,948.62,452.6,3806.1,67.41,56.46,1.194,False,,True,R-desk,60,evt_S-61_desk_work_surface_0013,cc47ccbbec332ba4,lap_bag_context,no_pose_observation,34560.0,1.33,,1,cam12/e1/v1,
full,03.CCTV Mobile Usage.mkv,632de9ed55947761d56d4c6142a3cb1a1fe69d0b1a6d0e01a2e404c697962623,dfine_sahi,274683.0,unknown_object,0.3642,881.87,411.11,969.85,453.2,3702.6,87.98,42.09,2.09,False,,True,R-desk,60,evt_S-61_desk_work_surface_0013,cc47ccbbec332ba4,lap_bag_context,no_pose_observation,34560.0,1.33,,1,cam12/e1/v1,
full,03.CCTV Mobile Usage.mkv,632de9ed55947761d56d4c6142a3cb1a1fe69d0b1a6d0e01a2e404c697962623,dfine_sahi,274683.0,mouse,0.2848,991.88,400.74,1028.35,413.68,472.0,36.47,12.95,2.817,False,,True,R-desk,60,evt_S-61_desk_work_surface_0013,cc47ccbbec332ba4,lap_bag_context,no_pose_observation,34560.0,1.33,,1,cam12/e1/v1,
full,03.CCTV Mobile Usage.mkv,632de9ed55947761d56d4c6142a3cb1a1fe69d0b1a6d0e01a2e404c697962623,dfine_sahi,274683.0,phone,0.2818,1051.21,411.36,1139.79,446.8,3140.1,88.58,35.45,2.499,False,,True,R-desk,60,evt_S-61_desk_work_surface_0013,cc47ccbbec332ba4,lap_bag_context,no_pose_observation,34560.0,1.33,,1,cam12/e1/v1,
full,03.CCTV Mobile Usage.mkv,632de9ed55947761d56d4c6142a3cb1a1fe69d0b1a6d0e01a2e404c697962623,dfine_sahi,274683.0,keyboard,0.2807,773.87,458.78,842.19,490.22,2148.0,68.32,31.44,2.173,False,,True,R-desk,60,evt_S-61_desk_work_surface_0013,cc47ccbbec332ba4,lap_bag_context,no_pose_observation,34560.0,1.33,,1,cam12/e1/v1,
full,03.CCTV Mobile Usage.mkv,632de9ed55947761d56d4c6142a3cb1a1fe69d0b1a6d0e01a2e404c697962623,dfine_sahi,274683.0,unknown_object,0.5789,141.02,519.08,236.86,614.24,9119.5,95.84,95.15,1.007,False,,True,S-61,59,evt_S-61_desk_work_surface_0013,fbaebf84553a9e75,pose_hand_context,,22064.1,4.31,,1,cam12/e1/v1,rtmpose_baseline
full,03.CCTV Mobile Usage.mkv,632de9ed55947761d56d4c6142a3cb1a1fe69d0b1a6d0e01a2e404c697962623,dfine_sahi,274683.0,unknown_object,0.5617,222.88,479.79,256.53,515.55,1203.2,33.65,35.76,0.941,False,,True,S-61,59,evt_S-61_desk_work_surface_0013,fbaebf84553a9e75,pose_hand_context,,22064.1,4.31,,1,cam12/e1/v1,rtmpose_baseline
full,03.CCTV Mobile Usage.mkv,632de9ed55947761d56d4c6142a3cb1a1fe69d0b1a6d0e01a2e404c697962623,dfine_sahi,274683.0,monitor_or_bezel,0.4775,146.99,462.2,256.79,607.42,15945.0,109.8,145.22,0.756,False,,True,S-61,59,evt_S-61_desk_work_surface_0013,fbaebf84553a9e75,pose_hand_context,,22064.1,4.31,,1,cam12/e1/v1,rtmpose_baseline
full,03.CCTV Mobile Usage.mkv,632de9ed55947761d56d4c6142a3cb1a1fe69d0b1a6d0e01a2e404c697962623,dfine_sahi,274683.0,unknown_object,0.4541,206.07,503.97,301.99,549.53,4369.5,95.92,45.56,2.106,False,,True,S-61,59,evt_S-61_desk_work_surface_0013,fbaebf84553a9e75,pose_hand_context,,22064.1,4.31,,1,cam12/e1/v1,rtmpose_baseline
full,03.CCTV Mobile Usage.mkv,632de9ed55947761d56d4c6142a3cb1a1fe69d0b1a6d0e01a2e404c697962623,dfine_sahi,274683.0,unknown_object,0.4451,206.02,519.22,301.93,614.19,9109.2,95.91,94.98,1.01,False,,True,S-61,59,evt_S-61_desk_work_surface_0013,fbaebf84553a9e75,pose_hand_context,,22064.1,4.31,,1,cam12/e1/v1,rtmpose_baseline
full,03.CCTV Mobile Usage.mkv,632de9ed55947761d56d4c6142a3cb1a1fe69d0b1a6d0e01a2e404c697962623,dfine_sahi,274683.0,keyboard,0.3824,147.0,502.82,215.05,605.12,6961.5,68.05,102.3,0.665,False,,True,S-61,59,evt_S-61_desk_work_surface_0013,fbaebf84553a9e75,pose_hand_context,,22064.1,4.31,,1,cam12/e1/v1,rtmpose_baseline
full,03.CCTV Mobile Usage.mkv,632de9ed55947761d56d4c6142a3cb1a1fe69d0b1a6d0e01a2e404c697962623,dfine_sahi,274683.0,unknown_object,0.364,141.02,456.99,202.88,549.52,5723.8,61.86,92.53,0.669,False,,True,S-61,59,evt_S-61_desk_work_surface_0013,fbaebf84553a9e75,pose_hand_context,,22064.1,4.31,,1,cam12/e1/v1,rtmpose_baseline
full,03.CCTV Mobile Usage.mkv,632de9ed55947761d56d4c6142a3cb1a1fe69d0b1a6d0e01a2e404c697962623,dfine_sahi,274683.0,unknown_object,0.3262,141.6,454.06,186.79,492.02,1715.2,45.19,37.96,1.19,False,,True,S-61,59,evt_S-61_desk_work_surface_0013,fbaebf84553a9e75,pose_hand_context,,22064.1,4.31,,1,cam12/e1/v1,rtmpose_baseline
full,03.CCTV Mobile Usage.mkv,632de9ed55947761d56d4c6142a3cb1a1fe69d0b1a6d0e01a2e404c697962623,dfine_sahi,275183.0,unknown_object,0.6607,158.97,479.29,258.96,577.01,9771.0,99.99,97.72,1.023,False,,True,S-61,59,evt_S-61_desk_work_surface_0013,ef0c4f8fb6937e71,pose_hand_context,,31109.9,3.63,,1,cam12/e1/v1,rtmpose_baseline
full,03.CCTV Mobile Usage.mkv,632de9ed55947761d56d4c6142a3cb1a1fe69d0b1a6d0e01a2e404c697962623,dfine_sahi,275183.0,unknown_object,0.4418,111.37,405.76,161.55,455.93,2517.0,50.17,50.17,1.0,False,,True,S-61,59,evt_S-61_desk_work_surface_0013,ef0c4f8fb6937e71,pose_hand_context,,31109.9,3.63,,1,cam12/e1/v1,rtmpose_baseline
full,03.CCTV Mobile Usage.mkv,632de9ed55947761d56d4c6142a3cb1a1fe69d0b1a6d0e01a2e404c697962623,dfine_sahi,275183.0,stationery,0.3417,136.95,502.8,219.54,576.3,6070.3,82.59,73.5,1.124,False,,True,S-61,59,evt_S-61_desk_work_surface_0013,ef0c4f8fb6937e71,pose_hand_context,,31109.9,3.63,,1,cam12/e1/v1,rtmpose_baseline
full,03.CCTV Mobile Usage.mkv,632de9ed55947761d56d4c6142a3cb1a1fe69d0b1a6d0e01a2e404c697962623,dfine_sahi,275183.0,stationery,0.3393,137.75,502.39,168.46,522.63,621.6,30.71,20.24,1.517,False,,True,S-61,59,evt_S-61_desk_work_surface_0013,ef0c4f8fb6937e71,pose_hand_context,,31109.9,3.63,,1,cam12/e1/v1,rtmpose_baseline
full,03.CCTV Mobile Usage.mkv,632de9ed55947761d56d4c6142a3cb1a1fe69d0b1a6d0e01a2e404c697962623,dfine_sahi,275183.0,stationery,0.309,96.42,447.12,186.38,507.01,5387.8,89.97,59.89,1.502,False,,True,S-61,59,evt_S-61_desk_work_surface_0013,ef0c4f8fb6937e71,pose_hand_context,,31109.9,3.63,,1,cam12/e1/v1,rtmpose_baseline
full,03.CCTV Mobile Usage.mkv,632de9ed55947761d56d4c6142a3cb1a1fe69d0b1a6d0e01a2e404c697962623,dfine_sahi,275183.0,unknown_object,0.3026,94.25,448.45,180.99,500.6,4523.3,86.74,52.15,1.663,False,,True,S-61,59,evt_S-61_desk_work_surface_0013,ef0c4f8fb6937e71,pose_hand_context,,31109.9,3.63,,1,cam12/e1/v1,rtmpose_baseline
full,03.CCTV Mobile Usage.mkv,632de9ed55947761d56d4c6142a3cb1a1fe69d0b1a6d0e01a2e404c697962623,dfine_sahi,275183.0,unknown_object,0.2981,82.06,405.94,220.97,576.18,23649.4,138.92,170.24,0.816,False,,True,S-61,59,evt_S-61_desk_work_surface_0013,ef0c4f8fb6937e71,pose_hand_context,,31109.9,3.63,,1,cam12/e1/v1,rtmpose_baseline
full,03.CCTV Mobile Usage.mkv,632de9ed55947761d56d4c6142a3cb1a1fe69d0b1a6d0e01a2e404c697962623,dfine_sahi,275183.0,keyboard,0.9236,962.38,451.92,1067.88,491.44,4169.7,105.5,39.52,2.669,False,,True,R-desk,60,evt_S-61_desk_work_surface_0013,fbf7b74247a54f94,lap_bag_context,no_pose_observation,34560.0,1.33,,1,cam12/e1/v1,
full,03.CCTV Mobile Usage.mkv,632de9ed55947761d56d4c6142a3cb1a1fe69d0b1a6d0e01a2e404c697962623,dfine_sahi,275183.0,unknown_object,0.8267,699.92,396.26,846.6,491.95,14036.2,146.68,95.69,1.533,False,,True,R-desk,60,evt_S-61_desk_work_surface_0013,fbf7b74247a54f94,lap_bag_context,no_pose_observation,34560.0,1.33,,1,cam12/e1/v1,
full,03.CCTV Mobile Usage.mkv,632de9ed55947761d56d4c6142a3cb1a1fe69d0b1a6d0e01a2e404c697962623,dfine_sahi,275183.0,mouse,0.8165,864.99,413.37,891.32,434.75,563.2,26.34,21.38,1.232,False,,True,R-desk,60,evt_S-61_desk_work_surface_0013,fbf7b74247a54f94,lap_bag_context,no_pose_observation,34560.0,1.33,,1,cam12/e1/v1,
full,03.CCTV Mobile Usage.mkv,632de9ed55947761d56d4c6142a3cb1a1fe69d0b1a6d0e01a2e404c697962623,dfine_sahi,275183.0,keyboard,0.8024,771.99,380.15,870.55,420.29,3956.2,98.56,40.14,2.455,False,,True,R-desk,60,evt_S-61_desk_work_surface_0013,fbf7b74247a54f94,lap_bag_context,no_pose_observation,34560.0,1.33,,1,cam12/e1/v1,
full,03.CCTV Mobile Usage.mkv,632de9ed55947761d56d4c6142a3cb1a1fe69d0b1a6d0e01a2e404c697962623,dfine_sahi,275183.0,monitor_or_bezel,0.7676,1019.22,395.67,1146.15,448.62,6720.9,126.93,52.95,2.397,False,,True,R-desk,60,evt_S-61_desk_work_surface_0013,fbf7b74247a54f94,lap_bag_context,no_pose_observation,34560.0,1.33,,1,cam12/e1/v1,
full,03.CCTV Mobile Usage.mkv,632de9ed55947761d56d4c6142a3cb1a1fe69d0b1a6d0e01a2e404c697962623,dfine_sahi,275183.0,phone,0.7213,1043.55,421.77,1112.67,474.16,3620.9,69.12,52.39,1.319,False,,True,R-desk,60,evt_S-61_desk_work_surface_0013,fbf7b74247a54f94,lap_bag_context,no_pose_observation,34560.0,1.33,,1,cam12/e1/v1,
full,03.CCTV Mobile Usage.mkv,632de9ed55947761d56d4c6142a3cb1a1fe69d0b1a6d0e01a2e404c697962623,dfine_sahi,275183.0,monitor_or_bezel,0.7082,963.41,380.5,1153.14,474.97,17923.4,189.73,94.47,2.008,False,,True,R-desk,60,evt_S-61_desk_work_surface_0013,fbf7b74247a54f94,lap_bag_context,no_pose_observation,34560.0,1.33,,1,cam12/e1/v1,
full,03.CCTV Mobile Usage.mkv,632de9ed55947761d56d4c6142a3cb1a1fe69d0b1a6d0e01a2e404c697962623,dfine_sahi,275183.0,monitor_or_bezel,0.6995,910.22,411.24,1141.68,506.34,22010.6,231.46,95.1,2.434,False,,True,R-desk,60,evt_S-61_desk_work_surface_0013,fbf7b74247a54f94,lap_bag_context,no_pose_observation,34560.0,1.33,,1,cam12/e1/v1,
full,03.CCTV Mobile Usage.mkv,632de9ed55947761d56d4c6142a3cb1a1fe69d0b1a6d0e01a2e404c697962623,dfine_sahi,275183.0,keyboard,0.5991,963.42,452.29,1034.6,475.54,1654.8,71.18,23.25,3.062,False,,True,R-desk,60,evt_S-61_desk_work_surface_0013,fbf7b74247a54f94,lap_bag_context,no_pose_observation,34560.0,1.33,,1,cam12/e1/v1,
full,03.CCTV Mobile Usage.mkv,632de9ed55947761d56d4c6142a3cb1a1fe69d0b1a6d0e01a2e404c697962623,dfine_sahi,275183.0,unknown_object,0.5646,700.01,380.67,759.85,474.69,5625.6,59.84,94.01,0.637,False,,True,R-desk,60,evt_S-61_desk_work_surface_0013,fbf7b74247a54f94,lap_bag_context,no_pose_observation,34560.0,1.33,,1,cam12/e1/v1,
full,03.CCTV Mobile Usage.mkv,632de9ed55947761d56d4c6142a3cb1a1fe69d0b1a6d0e01a2e404c697962623,dfine_sahi,275183.0,unknown_object,0.5054,752.04,410.96,969.87,505.99,20700.2,217.83,95.03,2.292,False,,True,R-desk,60,evt_S-61_desk_work_surface_0013,fbf7b74247a54f94,lap_bag_context,no_pose_observation,34560.0,1.33,,1,cam12/e1/v1,
full,03.CCTV Mobile Usage.mkv,632de9ed55947761d56d4c6142a3cb1a1fe69d0b1a6d0e01a2e404c697962623,dfine_sahi,275183.0,keyboard,0.4629,802.79,396.26,870.45,420.58,1645.2,67.66,24.32,2.782,False,,True,R-desk,60,evt_S-61_desk_work_surface_0013,fbf7b74247a54f94,lap_bag_context,no_pose_observation,34560.0,1.33,,1,cam12/e1/v1,
full,03.CCTV Mobile Usage.mkv,632de9ed55947761d56d4c6142a3cb1a1fe69d0b1a6d0e01a2e404c697962623,dfine_sahi,275183.0,monitor_or_bezel,0.4463,708.21,379.82,969.59,474.82,24829.7,261.38,94.99,2.752,False,,True,R-desk,60,evt_S-61_desk_work_surface_0013,fbf7b74247a54f94,lap_bag_context,no_pose_observation,34560.0,1.33,,1,cam12/e1/v1,
full,03.CCTV Mobile Usage.mkv,632de9ed55947761d56d4c6142a3cb1a1fe69d0b1a6d0e01a2e404c697962623,dfine_sahi,275183.0,mouse,0.4367,967.17,398.44,991.73,410.54,297.1,24.56,12.1,2.03,False,,True,R-desk,60,evt_S-61_desk_work_surface_0013,fbf7b74247a54f94,lap_bag_context,no_pose_observation,34560.0,1.33,,1,cam12/e1/v1,
full,03.CCTV Mobile Usage.mkv,632de9ed55947761d56d4c6142a3cb1a1fe69d0b1a6d0e01a2e404c697962623,dfine_sahi,275183.0,keyboard,0.373,910.06,411.41,1092.39,506.21,17285.1,182.33,94.8,1.923,False,,True,R-desk,60,evt_S-61_desk_work_surface_0013,fbf7b74247a54f94,lap_bag_context,no_pose_observation,34560.0,1.33,,1,cam12/e1/v1,
full,03.CCTV Mobile Usage.mkv,632de9ed55947761d56d4c6142a3cb1a1fe69d0b1a6d0e01a2e404c697962623,dfine_sahi,275183.0,monitor_or_bezel,0.3682,881.21,396.14,948.62,452.6,3806.1,67.41,56.46,1.194,False,,True,R-desk,60,evt_S-61_desk_work_surface_0013,fbf7b74247a54f94,lap_bag_context,no_pose_observation,34560.0,1.33,,1,cam12/e1/v1,
full,03.CCTV Mobile Usage.mkv,632de9ed55947761d56d4c6142a3cb1a1fe69d0b1a6d0e01a2e404c697962623,dfine_sahi,275183.0,unknown_object,0.3642,881.87,411.11,969.85,453.2,3702.6,87.98,42.09,2.09,False,,True,R-desk,60,evt_S-61_desk_work_surface_0013,fbf7b74247a54f94,lap_bag_context,no_pose_observation,34560.0,1.33,,1,cam12/e1/v1,
full,03.CCTV Mobile Usage.mkv,632de9ed55947761d56d4c6142a3cb1a1fe69d0b1a6d0e01a2e404c697962623,dfine_sahi,275183.0,mouse,0.2837,991.88,400.71,1028.35,413.68,473.1,36.47,12.97,2.811,False,,True,R-desk,60,evt_S-61_desk_work_surface_0013,fbf7b74247a54f94,lap_bag_context,no_pose_observation,34560.0,1.33,,1,cam12/e1/v1,
full,03.CCTV Mobile Usage.mkv,632de9ed55947761d56d4c6142a3cb1a1fe69d0b1a6d0e01a2e404c697962623,dfine_sahi,275183.0,phone,0.2818,1051.21,411.36,1139.79,446.8,3140.1,88.58,35.45,2.499,False,,True,R-desk,60,evt_S-61_desk_work_surface_0013,fbf7b74247a54f94,lap_bag_context,no_pose_observation,34560.0,1.33,,1,cam12/e1/v1,
full,03.CCTV Mobile Usage.mkv,632de9ed55947761d56d4c6142a3cb1a1fe69d0b1a6d0e01a2e404c697962623,dfine_sahi,275183.0,keyboard,0.2776,773.87,458.78,842.21,490.23,2149.3,68.34,31.45,2.173,False,,True,R-desk,60,evt_S-61_desk_work_surface_0013,fbf7b74247a54f94,lap_bag_context,no_pose_observation,34560.0,1.33,,1,cam12/e1/v1,
full,03.CCTV Mobile Usage.mkv,632de9ed55947761d56d4c6142a3cb1a1fe69d0b1a6d0e01a2e404c697962623,dfine_sahi,275683.0,unknown_object,0.7195,158.08,443.57,177.47,486.7,836.3,19.39,43.12,0.45,False,,True,S-61,59,evt_S-61_desk_work_surface_0013,c41042c0e760411b,pose_hand_context,,25998.3,3.97,,1,cam12/e1/v1,rtmpose_baseline
full,03.CCTV Mobile Usage.mkv,632de9ed55947761d56d4c6142a3cb1a1fe69d0b1a6d0e01a2e404c697962623,dfine_sahi,275683.0,unknown_object,0.6685,157.03,490.21,252.94,585.28,9118.2,95.91,95.07,1.009,False,,True,S-61,59,evt_S-61_desk_work_surface_0013,c41042c0e760411b,pose_hand_context,,25998.3,3.97,,1,cam12/e1/v1,rtmpose_baseline
full,03.CCTV Mobile Usage.mkv,632de9ed55947761d56d4c6142a3cb1a1fe69d0b1a6d0e01a2e404c697962623,dfine_sahi,275683.0,unknown_object,0.5317,89.03,424.25,222.1,583.2,21152.1,133.07,158.95,0.837,False,,True,S-61,59,evt_S-61_desk_work_surface_0013,c41042c0e760411b,pose_hand_context,,25998.3,3.97,,1,cam12/e1/v1,rtmpose_baseline
full,03.CCTV Mobile Usage.mkv,632de9ed55947761d56d4c6142a3cb1a1fe69d0b1a6d0e01a2e404c697962623,dfine_sahi,275683.0,unknown_object,0.4837,157.01,479.58,252.33,515.59,3432.7,95.32,36.01,2.647,False,,True,S-61,59,evt_S-61_desk_work_surface_0013,c41042c0e760411b,pose_hand_context,,25998.3,3.97,,1,cam12/e1/v1,rtmpose_baseline
full,03.CCTV Mobile Usage.mkv,632de9ed55947761d56d4c6142a3cb1a1fe69d0b1a6d0e01a2e404c697962623,dfine_sahi,275683.0,unknown_object,0.4775,107.53,490.14,181.98,559.51,5164.6,74.45,69.37,1.073,False,,True,S-61,59,evt_S-61_desk_work_surface_0013,c41042c0e760411b,pose_hand_context,,25998.3,3.97,,1,cam12/e1/v1,rtmpose_baseline
full,03.CCTV Mobile Usage.mkv,632de9ed55947761d56d4c6142a3cb1a1fe69d0b1a6d0e01a2e404c697962623,dfine_sahi,275683.0,unknown_object,0.4214,86.15,518.33,181.92,584.89,6374.1,95.77,66.56,1.439,False,,True,S-61,59,evt_S-61_desk_work_surface_0013,c41042c0e760411b,pose_hand_context,,25998.3,3.97,,1,cam12/e1/v1,rtmpose_baseline
full,03.CCTV Mobile Usage.mkv,632de9ed55947761d56d4c6142a3cb1a1fe69d0b1a6d0e01a2e404c697962623,dfine_sahi,275683.0,unknown_object,0.3975,85.9,420.24,179.04,498.73,7310.0,93.13,78.49,1.187,False,,True,S-61,59,evt_S-61_desk_work_surface_0013,c41042c0e760411b,pose_hand_context,,25998.3,3.97,,1,cam12/e1/v1,rtmpose_baseline
full,03.CCTV Mobile Usage.mkv,632de9ed55947761d56d4c6142a3cb1a1fe69d0b1a6d0e01a2e404c697962623,dfine_sahi,275683.0,unknown_object,0.3781,156.99,420.15,252.93,515.5,9148.0,95.94,95.35,1.006,False,,True,S-61,59,evt_S-61_desk_work_surface_0013,c41042c0e760411b,pose_hand_context,,25998.3,3.97,,1,cam12/e1/v1,rtmpose_baseline
full,03.CCTV Mobile Usage.mkv,632de9ed55947761d56d4c6142a3cb1a1fe69d0b1a6d0e01a2e404c697962623,dfine_sahi,275683.0,unknown_object,0.3082,86.0,421.37,128.38,498.46,3267.1,42.38,77.09,0.55,False,,True,S-61,59,evt_S-61_desk_work_surface_0013,c41042c0e760411b,pose_hand_context,,25998.3,3.97,,1,cam12/e1/v1,rtmpose_baseline
full,03.CCTV Mobile Usage.mkv,632de9ed55947761d56d4c6142a3cb1a1fe69d0b1a6d0e01a2e404c697962623,dfine_sahi,275683.0,keyboard,0.9233,962.3,451.94,1068.04,491.44,4177.1,105.75,39.5,2.677,False,,True,R-desk,60,evt_S-61_desk_work_surface_0013,da5ca01ab1a1185f,lap_bag_context,no_pose_observation,34560.0,1.33,,1,cam12/e1/v1,
full,03.CCTV Mobile Usage.mkv,632de9ed55947761d56d4c6142a3cb1a1fe69d0b1a6d0e01a2e404c697962623,dfine_sahi,275683.0,mouse,0.7977,865.02,413.46,891.19,435.02,564.4,26.18,21.56,1.214,False,,True,R-desk,60,evt_S-61_desk_work_surface_0013,da5ca01ab1a1185f,lap_bag_context,no_pose_observation,34560.0,1.33,,1,cam12/e1/v1,
full,03.CCTV Mobile Usage.mkv,632de9ed55947761d56d4c6142a3cb1a1fe69d0b1a6d0e01a2e404c697962623,dfine_sahi,275683.0,keyboard,0.7767,772.19,380.17,870.59,420.41,3959.2,98.39,40.24,2.445,False,,True,R-desk,60,evt_S-61_desk_work_surface_0013,da5ca01ab1a1185f,lap_bag_context,no_pose_observation,34560.0,1.33,,1,cam12/e1/v1,
full,03.CCTV Mobile Usage.mkv,632de9ed55947761d56d4c6142a3cb1a1fe69d0b1a6d0e01a2e404c697962623,dfine_sahi,275683.0,phone,0.7135,1043.49,421.44,1111.85,473.94,3588.7,68.36,52.5,1.302,False,,True,R-desk,60,evt_S-61_desk_work_surface_0013,da5ca01ab1a1185f,lap_bag_context,no_pose_observation,34560.0,1.33,,1,cam12/e1/v1,
full,03.CCTV Mobile Usage.mkv,632de9ed55947761d56d4c6142a3cb1a1fe69d0b1a6d0e01a2e404c697962623,dfine_sahi,275683.0,unknown_object,0.6933,699.89,396.15,846.61,492.19,14090.1,146.71,96.04,1.528,False,,True,R-desk,60,evt_S-61_desk_work_surface_0013,da5ca01ab1a1185f,lap_bag_context,no_pose_observation,34560.0,1.33,,1,cam12/e1/v1,
full,03.CCTV Mobile Usage.mkv,632de9ed55947761d56d4c6142a3cb1a1fe69d0b1a6d0e01a2e404c697962623,dfine_sahi,275683.0,monitor_or_bezel,0.6896,910.27,411.26,1141.57,506.33,21991.3,231.29,95.08,2.433,False,,True,R-desk,60,evt_S-61_desk_work_surface_0013,da5ca01ab1a1185f,lap_bag_context,no_pose_observation,34560.0,1.33,,1,cam12/e1/v1,
full,03.CCTV Mobile Usage.mkv,632de9ed55947761d56d4c6142a3cb1a1fe69d0b1a6d0e01a2e404c697962623,dfine_sahi,275683.0,monitor_or_bezel,0.648,1019.01,395.94,1146.12,448.12,6632.8,127.11,52.18,2.436,False,,True,R-desk,60,evt_S-61_desk_work_surface_0013,da5ca01ab1a1185f,lap_bag_context,no_pose_observation,34560.0,1.33,,1,cam12/e1/v1,
full,03.CCTV Mobile Usage.mkv,632de9ed55947761d56d4c6142a3cb1a1fe69d0b1a6d0e01a2e404c697962623,dfine_sahi,275683.0,monitor_or_bezel,0.6202,962.33,380.39,1152.95,474.97,18028.7,190.62,94.58,2.015,False,,True,R-desk,60,evt_S-61_desk_work_surface_0013,da5ca01ab1a1185f,lap_bag_context,no_pose_observation,34560.0,1.33,,1,cam12/e1/v1,
full,03.CCTV Mobile Usage.mkv,632de9ed55947761d56d4c6142a3cb1a1fe69d0b1a6d0e01a2e404c697962623,dfine_sahi,275683.0,keyboard,0.6131,962.87,452.35,1034.55,475.55,1662.9,71.68,23.2,3.09,False,,True,R-desk,60,evt_S-61_desk_work_surface_0013,da5ca01ab1a1185f,lap_bag_context,no_pose_observation,34560.0,1.33,,1,cam12/e1/v1,
full,03.CCTV Mobile Usage.mkv,632de9ed55947761d56d4c6142a3cb1a1fe69d0b1a6d0e01a2e404c697962623,dfine_sahi,275683.0,monitor_or_bezel,0.5931,708.36,379.93,969.66,474.94,24827.5,261.3,95.02,2.75,False,,True,R-desk,60,evt_S-61_desk_work_surface_0013,da5ca01ab1a1185f,lap_bag_context,no_pose_observation,34560.0,1.33,,1,cam12/e1/v1,
full,03.CCTV Mobile Usage.mkv,632de9ed55947761d56d4c6142a3cb1a1fe69d0b1a6d0e01a2e404c697962623,dfine_sahi,275683.0,keyboard,0.5386,802.59,396.26,870.82,420.61,1661.3,68.23,24.35,2.803,False,,True,R-desk,60,evt_S-61_desk_work_surface_0013,da5ca01ab1a1185f,lap_bag_context,no_pose_observation,34560.0,1.33,,1,cam12/e1/v1,
full,03.CCTV Mobile Usage.mkv,632de9ed55947761d56d4c6142a3cb1a1fe69d0b1a6d0e01a2e404c697962623,dfine_sahi,275683.0,unknown_object,0.5196,700.01,380.71,760.53,474.9,5701.0,60.52,94.2,0.643,False,,True,R-desk,60,evt_S-61_desk_work_surface_0013,da5ca01ab1a1185f,lap_bag_context,no_pose_observation,34560.0,1.33,,1,cam12/e1/v1,
full,03.CCTV Mobile Usage.mkv,632de9ed55947761d56d4c6142a3cb1a1fe69d0b1a6d0e01a2e404c697962623,dfine_sahi,275683.0,unknown_object,0.5189,765.8,410.94,969.76,505.83,19354.3,203.95,94.9,2.149,False,,True,R-desk,60,evt_S-61_desk_work_surface_0013,da5ca01ab1a1185f,lap_bag_context,no_pose_observation,34560.0,1.33,,1,cam12/e1/v1,
full,03.CCTV Mobile Usage.mkv,632de9ed55947761d56d4c6142a3cb1a1fe69d0b1a6d0e01a2e404c697962623,dfine_sahi,275683.0,mouse,0.3776,967.12,398.31,992.05,410.48,303.5,24.94,12.17,2.049,False,,True,R-desk,60,evt_S-61_desk_work_surface_0013,da5ca01ab1a1185f,lap_bag_context,no_pose_observation,34560.0,1.33,,1,cam12/e1/v1,
full,03.CCTV Mobile Usage.mkv,632de9ed55947761d56d4c6142a3cb1a1fe69d0b1a6d0e01a2e404c697962623,dfine_sahi,275683.0,unknown_object,0.3425,881.6,411.14,933.4,452.78,2157.2,51.8,41.64,1.244,False,,True,R-desk,60,evt_S-61_desk_work_surface_0013,da5ca01ab1a1185f,lap_bag_context,no_pose_observation,34560.0,1.33,,1,cam12/e1/v1,
full,03.CCTV Mobile Usage.mkv,632de9ed55947761d56d4c6142a3cb1a1fe69d0b1a6d0e01a2e404c697962623,dfine_sahi,275683.0,monitor_or_bezel,0.3128,881.05,396.17,948.84,452.6,3825.4,67.79,56.43,1.201,False,,True,R-desk,60,evt_S-61_desk_work_surface_0013,da5ca01ab1a1185f,lap_bag_context,no_pose_observation,34560.0,1.33,,1,cam12/e1/v1,
full,03.CCTV Mobile Usage.mkv,632de9ed55947761d56d4c6142a3cb1a1fe69d0b1a6d0e01a2e404c697962623,dfine_sahi,275683.0,monitor_or_bezel,0.3029,738.4,395.42,1147.13,491.06,39088.7,408.73,95.63,4.274,False,,True,R-desk,60,evt_S-61_desk_work_surface_0013,da5ca01ab1a1185f,lap_bag_context,no_pose_observation,34560.0,1.33,,1,cam12/e1/v1,
full,03.CCTV Mobile Usage.mkv,632de9ed55947761d56d4c6142a3cb1a1fe69d0b1a6d0e01a2e404c697962623,dfine_sahi,275683.0,unknown_object,0.2785,880.41,411.46,969.91,505.46,8412.9,89.5,94.0,0.952,False,,True,R-desk,60,evt_S-61_desk_work_surface_0013,da5ca01ab1a1185f,lap_bag_context,no_pose_observation,34560.0,1.33,,1,cam12/e1/v1,
full,03.CCTV Mobile Usage.mkv,632de9ed55947761d56d4c6142a3cb1a1fe69d0b1a6d0e01a2e404c697962623,dfine_sahi,275683.0,keyboard,0.2739,910.11,411.67,1092.97,506.25,17293.5,182.85,94.58,1.933,False,,True,R-desk,60,evt_S-61_desk_work_surface_0013,da5ca01ab1a1185f,lap_bag_context,no_pose_observation,34560.0,1.33,,1,cam12/e1/v1,
full,03.CCTV Mobile Usage.mkv,632de9ed55947761d56d4c6142a3cb1a1fe69d0b1a6d0e01a2e404c697962623,dfine_sahi,275683.0,keyboard,0.2612,962.75,421.37,1115.08,475.61,8262.8,152.33,54.24,2.808,False,,True,R-desk,60,evt_S-61_desk_work_surface_0013,da5ca01ab1a1185f,lap_bag_context,no_pose_observation,34560.0,1.33,,1,cam12/e1/v1,
full,03.CCTV Mobile Usage.mkv,632de9ed55947761d56d4c6142a3cb1a1fe69d0b1a6d0e01a2e404c697962623,dfine_sahi,275683.0,keyboard,0.9233,962.3,451.94,1068.04,491.44,4177.1,105.75,39.5,2.677,False,,True,R-desk,61,evt_S-61_desk_work_surface_0013,da5ca01ab1a1185f,lap_bag_context,no_pose_observation,34560.0,1.33,,1,cam12/e1/v1,
full,03.CCTV Mobile Usage.mkv,632de9ed55947761d56d4c6142a3cb1a1fe69d0b1a6d0e01a2e404c697962623,dfine_sahi,275683.0,mouse,0.7977,865.02,413.46,891.19,435.02,564.4,26.18,21.56,1.214,False,,True,R-desk,61,evt_S-61_desk_work_surface_0013,da5ca01ab1a1185f,lap_bag_context,no_pose_observation,34560.0,1.33,,1,cam12/e1/v1,
full,03.CCTV Mobile Usage.mkv,632de9ed55947761d56d4c6142a3cb1a1fe69d0b1a6d0e01a2e404c697962623,dfine_sahi,275683.0,keyboard,0.7767,772.19,380.17,870.59,420.41,3959.2,98.39,40.24,2.445,False,,True,R-desk,61,evt_S-61_desk_work_surface_0013,da5ca01ab1a1185f,lap_bag_context,no_pose_observation,34560.0,1.33,,1,cam12/e1/v1,
full,03.CCTV Mobile Usage.mkv,632de9ed55947761d56d4c6142a3cb1a1fe69d0b1a6d0e01a2e404c697962623,dfine_sahi,275683.0,phone,0.7135,1043.49,421.44,1111.85,473.94,3588.7,68.36,52.5,1.302,False,,True,R-desk,61,evt_S-61_desk_work_surface_0013,da5ca01ab1a1185f,lap_bag_context,no_pose_observation,34560.0,1.33,,1,cam12/e1/v1,
full,03.CCTV Mobile Usage.mkv,632de9ed55947761d56d4c6142a3cb1a1fe69d0b1a6d0e01a2e404c697962623,dfine_sahi,275683.0,unknown_object,0.6933,699.89,396.15,846.61,492.19,14090.1,146.71,96.04,1.528,False,,True,R-desk,61,evt_S-61_desk_work_surface_0013,da5ca01ab1a1185f,lap_bag_context,no_pose_observation,34560.0,1.33,,1,cam12/e1/v1,
full,03.CCTV Mobile Usage.mkv,632de9ed55947761d56d4c6142a3cb1a1fe69d0b1a6d0e01a2e404c697962623,dfine_sahi,275683.0,monitor_or_bezel,0.6896,910.27,411.26,1141.57,506.33,21991.3,231.29,95.08,2.433,False,,True,R-desk,61,evt_S-61_desk_work_surface_0013,da5ca01ab1a1185f,lap_bag_context,no_pose_observation,34560.0,1.33,,1,cam12/e1/v1,
full,03.CCTV Mobile Usage.mkv,632de9ed55947761d56d4c6142a3cb1a1fe69d0b1a6d0e01a2e404c697962623,dfine_sahi,275683.0,monitor_or_bezel,0.648,1019.01,395.94,1146.12,448.12,6632.8,127.11,52.18,2.436,False,,True,R-desk,61,evt_S-61_desk_work_surface_0013,da5ca01ab1a1185f,lap_bag_context,no_pose_observation,34560.0,1.33,,1,cam12/e1/v1,
full,03.CCTV Mobile Usage.mkv,632de9ed55947761d56d4c6142a3cb1a1fe69d0b1a6d0e01a2e404c697962623,dfine_sahi,275683.0,monitor_or_bezel,0.6202,962.33,380.39,1152.95,474.97,18028.7,190.62,94.58,2.015,False,,True,R-desk,61,evt_S-61_desk_work_surface_0013,da5ca01ab1a1185f,lap_bag_context,no_pose_observation,34560.0,1.33,,1,cam12/e1/v1,
full,03.CCTV Mobile Usage.mkv,632de9ed55947761d56d4c6142a3cb1a1fe69d0b1a6d0e01a2e404c697962623,dfine_sahi,275683.0,keyboard,0.6131,962.87,452.35,1034.55,475.55,1662.9,71.68,23.2,3.09,False,,True,R-desk,61,evt_S-61_desk_work_surface_0013,da5ca01ab1a1185f,lap_bag_context,no_pose_observation,34560.0,1.33,,1,cam12/e1/v1,
full,03.CCTV Mobile Usage.mkv,632de9ed55947761d56d4c6142a3cb1a1fe69d0b1a6d0e01a2e404c697962623,dfine_sahi,275683.0,monitor_or_bezel,0.5931,708.36,379.93,969.66,474.94,24827.5,261.3,95.02,2.75,False,,True,R-desk,61,evt_S-61_desk_work_surface_0013,da5ca01ab1a1185f,lap_bag_context,no_pose_observation,34560.0,1.33,,1,cam12/e1/v1,
full,03.CCTV Mobile Usage.mkv,632de9ed55947761d56d4c6142a3cb1a1fe69d0b1a6d0e01a2e404c697962623,dfine_sahi,275683.0,keyboard,0.5386,802.59,396.26,870.82,420.61,1661.3,68.23,24.35,2.803,False,,True,R-desk,61,evt_S-61_desk_work_surface_0013,da5ca01ab1a1185f,lap_bag_context,no_pose_observation,34560.0,1.33,,1,cam12/e1/v1,
full,03.CCTV Mobile Usage.mkv,632de9ed55947761d56d4c6142a3cb1a1fe69d0b1a6d0e01a2e404c697962623,dfine_sahi,275683.0,unknown_object,0.5196,700.01,380.71,760.53,474.9,5701.0,60.52,94.2,0.643,False,,True,R-desk,61,evt_S-61_desk_work_surface_0013,da5ca01ab1a1185f,lap_bag_context,no_pose_observation,34560.0,1.33,,1,cam12/e1/v1,
full,03.CCTV Mobile Usage.mkv,632de9ed55947761d56d4c6142a3cb1a1fe69d0b1a6d0e01a2e404c697962623,dfine_sahi,275683.0,unknown_object,0.5189,765.8,410.94,969.76,505.83,19354.3,203.95,94.9,2.149,False,,True,R-desk,61,evt_S-61_desk_work_surface_0013,da5ca01ab1a1185f,lap_bag_context,no_pose_observation,34560.0,1.33,,1,cam12/e1/v1,
full,03.CCTV Mobile Usage.mkv,632de9ed55947761d56d4c6142a3cb1a1fe69d0b1a6d0e01a2e404c697962623,dfine_sahi,275683.0,mouse,0.3776,967.12,398.31,992.05,410.48,303.5,24.94,12.17,2.049,False,,True,R-desk,61,evt_S-61_desk_work_surface_0013,da5ca01ab1a1185f,lap_bag_context,no_pose_observation,34560.0,1.33,,1,cam12/e1/v1,
full,03.CCTV Mobile Usage.mkv,632de9ed55947761d56d4c6142a3cb1a1fe69d0b1a6d0e01a2e404c697962623,dfine_sahi,275683.0,unknown_object,0.3425,881.6,411.14,933.4,452.78,2157.2,51.8,41.64,1.244,False,,True,R-desk,61,evt_S-61_desk_work_surface_0013,da5ca01ab1a1185f,lap_bag_context,no_pose_observation,34560.0,1.33,,1,cam12/e1/v1,
full,03.CCTV Mobile Usage.mkv,632de9ed55947761d56d4c6142a3cb1a1fe69d0b1a6d0e01a2e404c697962623,dfine_sahi,275683.0,monitor_or_bezel,0.3128,881.05,396.17,948.84,452.6,3825.4,67.79,56.43,1.201,False,,True,R-desk,61,evt_S-61_desk_work_surface_0013,da5ca01ab1a1185f,lap_bag_context,no_pose_observation,34560.0,1.33,,1,cam12/e1/v1,
full,03.CCTV Mobile Usage.mkv,632de9ed55947761d56d4c6142a3cb1a1fe69d0b1a6d0e01a2e404c697962623,dfine_sahi,275683.0,monitor_or_bezel,0.3029,738.4,395.42,1147.13,491.06,39088.7,408.73,95.63,4.274,False,,True,R-desk,61,evt_S-61_desk_work_surface_0013,da5ca01ab1a1185f,lap_bag_context,no_pose_observation,34560.0,1.33,,1,cam12/e1/v1,
full,03.CCTV Mobile Usage.mkv,632de9ed55947761d56d4c6142a3cb1a1fe69d0b1a6d0e01a2e404c697962623,dfine_sahi,275683.0,unknown_object,0.2785,880.41,411.46,969.91,505.46,8412.9,89.5,94.0,0.952,False,,True,R-desk,61,evt_S-61_desk_work_surface_0013,da5ca01ab1a1185f,lap_bag_context,no_pose_observation,34560.0,1.33,,1,cam12/e1/v1,
full,03.CCTV Mobile Usage.mkv,632de9ed55947761d56d4c6142a3cb1a1fe69d0b1a6d0e01a2e404c697962623,dfine_sahi,275683.0,keyboard,0.2739,910.11,411.67,1092.97,506.25,17293.5,182.85,94.58,1.933,False,,True,R-desk,61,evt_S-61_desk_work_surface_0013,da5ca01ab1a1185f,lap_bag_context,no_pose_observation,34560.0,1.33,,1,cam12/e1/v1,
full,03.CCTV Mobile Usage.mkv,632de9ed55947761d56d4c6142a3cb1a1fe69d0b1a6d0e01a2e404c697962623,dfine_sahi,275683.0,keyboard,0.2612,962.75,421.37,1115.08,475.61,8262.8,152.33,54.24,2.808,False,,True,R-desk,61,evt_S-61_desk_work_surface_0013,da5ca01ab1a1185f,lap_bag_context,no_pose_observation,34560.0,1.33,,1,cam12/e1/v1,
full,03.CCTV Mobile Usage.mkv,632de9ed55947761d56d4c6142a3cb1a1fe69d0b1a6d0e01a2e404c697962623,dfine_sahi,276183.0,unknown_object,0.7586,89.06,422.21,184.89,517.15,9098.4,95.83,94.94,1.009,False,,True,S-61,59,evt_S-61_desk_work_surface_0013,41a86abd42cbc6ba,pose_hand_context,,24755.9,4.07,,1,cam12/e1/v1,rtmpose_baseline
full,03.CCTV Mobile Usage.mkv,632de9ed55947761d56d4c6142a3cb1a1fe69d0b1a6d0e01a2e404c697962623,dfine_sahi,276183.0,unknown_object,0.6789,92.89,430.49,220.95,583.5,19594.2,128.05,153.02,0.837,False,,True,S-61,59,evt_S-61_desk_work_surface_0013,41a86abd42cbc6ba,pose_hand_context,,24755.9,4.07,,1,cam12/e1/v1,rtmpose_baseline
full,03.CCTV Mobile Usage.mkv,632de9ed55947761d56d4c6142a3cb1a1fe69d0b1a6d0e01a2e404c697962623,dfine_sahi,276183.0,unknown_object,0.5577,157.99,441.57,177.42,487.96,901.3,19.43,46.39,0.419,False,,True,S-61,59,evt_S-61_desk_work_surface_0013,41a86abd42cbc6ba,pose_hand_context,,24755.9,4.07,,1,cam12/e1/v1,rtmpose_baseline
full,03.CCTV Mobile Usage.mkv,632de9ed55947761d56d4c6142a3cb1a1fe69d0b1a6d0e01a2e404c697962623,dfine_sahi,276183.0,unknown_object,0.5562,158.01,491.19,253.93,586.38,9131.0,95.92,95.2,1.008,False,,True,S-61,59,evt_S-61_desk_work_surface_0013,41a86abd42cbc6ba,pose_hand_context,,24755.9,4.07,,1,cam12/e1/v1,rtmpose_baseline
full,03.CCTV Mobile Usage.mkv,632de9ed55947761d56d4c6142a3cb1a1fe69d0b1a6d0e01a2e404c697962623,dfine_sahi,276183.0,unknown_object,0.4943,91.85,491.08,184.96,559.5,6370.0,93.11,68.42,1.361,False,,True,S-61,59,evt_S-61_desk_work_surface_0013,41a86abd42cbc6ba,pose_hand_context,,24755.9,4.07,,1,cam12/e1/v1,rtmpose_baseline
full,03.CCTV Mobile Usage.mkv,632de9ed55947761d56d4c6142a3cb1a1fe69d0b1a6d0e01a2e404c697962623,dfine_sahi,276183.0,unknown_object,0.3976,158.0,484.3,251.71,517.78,3137.6,93.7,33.48,2.798,False,,True,S-61,59,evt_S-61_desk_work_surface_0013,41a86abd42cbc6ba,pose_hand_context,,24755.9,4.07,,1,cam12/e1/v1,rtmpose_baseline
full,03.CCTV Mobile Usage.mkv,632de9ed55947761d56d4c6142a3cb1a1fe69d0b1a6d0e01a2e404c697962623,dfine_sahi,276183.0,unknown_object,0.3216,237.01,455.35,253.99,517.22,1050.4,16.98,61.87,0.274,False,,True,S-61,59,evt_S-61_desk_work_surface_0013,41a86abd42cbc6ba,pose_hand_context,,24755.9,4.07,,1,cam12/e1/v1,rtmpose_baseline
full,03.CCTV Mobile Usage.mkv,632de9ed55947761d56d4c6142a3cb1a1fe69d0b1a6d0e01a2e404c697962623,dfine_sahi,276183.0,unknown_object,0.2918,171.67,422.18,254.13,512.36,7436.4,82.46,90.18,0.914,False,,True,S-61,59,evt_S-61_desk_work_surface_0013,41a86abd42cbc6ba,pose_hand_context,,24755.9,4.07,,1,cam12/e1/v1,rtmpose_baseline
full,03.CCTV Mobile Usage.mkv,632de9ed55947761d56d4c6142a3cb1a1fe69d0b1a6d0e01a2e404c697962623,dfine_sahi,276183.0,unknown_object,0.2627,239.24,430.97,253.98,460.25,431.7,14.75,29.28,0.504,False,,True,S-61,59,evt_S-61_desk_work_surface_0013,41a86abd42cbc6ba,pose_hand_context,,24755.9,4.07,,1,cam12/e1/v1,rtmpose_baseline
full,03.CCTV Mobile Usage.mkv,632de9ed55947761d56d4c6142a3cb1a1fe69d0b1a6d0e01a2e404c697962623,dfine_sahi,276183.0,keyboard,0.9228,962.3,451.94,1068.04,491.44,4177.6,105.75,39.51,2.677,False,,True,R-desk,60,evt_S-61_desk_work_surface_0013,7d01d521e679a68c,lap_bag_context,no_pose_observation,34560.0,1.33,,1,cam12/e1/v1,
full,03.CCTV Mobile Usage.mkv,632de9ed55947761d56d4c6142a3cb1a1fe69d0b1a6d0e01a2e404c697962623,dfine_sahi,276183.0,mouse,0.7977,865.02,413.46,891.19,435.02,564.4,26.18,21.56,1.214,False,,True,R-desk,60,evt_S-61_desk_work_surface_0013,7d01d521e679a68c,lap_bag_context,no_pose_observation,34560.0,1.33,,1,cam12/e1/v1,
full,03.CCTV Mobile Usage.mkv,632de9ed55947761d56d4c6142a3cb1a1fe69d0b1a6d0e01a2e404c697962623,dfine_sahi,276183.0,keyboard,0.7767,772.19,380.17,870.59,420.41,3959.2,98.39,40.24,2.445,False,,True,R-desk,60,evt_S-61_desk_work_surface_0013,7d01d521e679a68c,lap_bag_context,no_pose_observation,34560.0,1.33,,1,cam12/e1/v1,
full,03.CCTV Mobile Usage.mkv,632de9ed55947761d56d4c6142a3cb1a1fe69d0b1a6d0e01a2e404c697962623,dfine_sahi,276183.0,phone,0.7137,1043.49,421.44,1111.85,473.94,3588.9,68.36,52.5,1.302,False,,True,R-desk,60,evt_S-61_desk_work_surface_0013,7d01d521e679a68c,lap_bag_context,no_pose_observation,34560.0,1.33,,1,cam12/e1/v1,
full,03.CCTV Mobile Usage.mkv,632de9ed55947761d56d4c6142a3cb1a1fe69d0b1a6d0e01a2e404c697962623,dfine_sahi,276183.0,unknown_object,0.6929,699.89,396.15,846.61,492.19,14090.7,146.72,96.04,1.528,False,,True,R-desk,60,evt_S-61_desk_work_surface_0013,7d01d521e679a68c,lap_bag_context,no_pose_observation,34560.0,1.33,,1,cam12/e1/v1,
full,03.CCTV Mobile Usage.mkv,632de9ed55947761d56d4c6142a3cb1a1fe69d0b1a6d0e01a2e404c697962623,dfine_sahi,276183.0,monitor_or_bezel,0.6877,910.27,411.25,1141.6,506.33,21993.9,231.32,95.08,2.433,False,,True,R-desk,60,evt_S-61_desk_work_surface_0013,7d01d521e679a68c,lap_bag_context,no_pose_observation,34560.0,1.33,,1,cam12/e1/v1,
full,03.CCTV Mobile Usage.mkv,632de9ed55947761d56d4c6142a3cb1a1fe69d0b1a6d0e01a2e404c697962623,dfine_sahi,276183.0,monitor_or_bezel,0.6451,1019.02,395.94,1146.14,448.12,6632.6,127.12,52.18,2.436,False,,True,R-desk,60,evt_S-61_desk_work_surface_0013,7d01d521e679a68c,lap_bag_context,no_pose_observation,34560.0,1.33,,1,cam12/e1/v1,
full,03.CCTV Mobile Usage.mkv,632de9ed55947761d56d4c6142a3cb1a1fe69d0b1a6d0e01a2e404c697962623,dfine_sahi,276183.0,monitor_or_bezel,0.618,962.32,380.37,1152.94,474.97,18033.3,190.62,94.61,2.015,False,,True,R-desk,60,evt_S-61_desk_work_surface_0013,7d01d521e679a68c,lap_bag_context,no_pose_observation,34560.0,1.33,,1,cam12/e1/v1,
full,03.CCTV Mobile Usage.mkv,632de9ed55947761d56d4c6142a3cb1a1fe69d0b1a6d0e01a2e404c697962623,dfine_sahi,276183.0,keyboard,0.6138,962.87,452.35,1034.55,475.55,1663.2,71.69,23.2,3.09,False,,True,R-desk,60,evt_S-61_desk_work_surface_0013,7d01d521e679a68c,lap_bag_context,no_pose_observation,34560.0,1.33,,1,cam12/e1/v1,
full,03.CCTV Mobile Usage.mkv,632de9ed55947761d56d4c6142a3cb1a1fe69d0b1a6d0e01a2e404c697962623,dfine_sahi,276183.0,monitor_or_bezel,0.5931,708.36,379.93,969.66,474.94,24827.5,261.3,95.02,2.75,False,,True,R-desk,60,evt_S-61_desk_work_surface_0013,7d01d521e679a68c,lap_bag_context,no_pose_observation,34560.0,1.33,,1,cam12/e1/v1,
full,03.CCTV Mobile Usage.mkv,632de9ed55947761d56d4c6142a3cb1a1fe69d0b1a6d0e01a2e404c697962623,dfine_sahi,276183.0,keyboard,0.5376,802.58,396.26,870.82,420.61,1661.4,68.24,24.35,2.803,False,,True,R-desk,60,evt_S-61_desk_work_surface_0013,7d01d521e679a68c,lap_bag_context,no_pose_observation,34560.0,1.33,,1,cam12/e1/v1,
full,03.CCTV Mobile Usage.mkv,632de9ed55947761d56d4c6142a3cb1a1fe69d0b1a6d0e01a2e404c697962623,dfine_sahi,276183.0,unknown_object,0.5196,700.01,380.71,760.53,474.9,5701.0,60.52,94.2,0.643,False,,True,R-desk,60,evt_S-61_desk_work_surface_0013,7d01d521e679a68c,lap_bag_context,no_pose_observation,34560.0,1.33,,1,cam12/e1/v1,
full,03.CCTV Mobile Usage.mkv,632de9ed55947761d56d4c6142a3cb1a1fe69d0b1a6d0e01a2e404c697962623,dfine_sahi,276183.0,unknown_object,0.5189,765.8,410.94,969.76,505.83,19354.3,203.95,94.9,2.149,False,,True,R-desk,60,evt_S-61_desk_work_surface_0013,7d01d521e679a68c,lap_bag_context,no_pose_observation,34560.0,1.33,,1,cam12/e1/v1,
full,03.CCTV Mobile Usage.mkv,632de9ed55947761d56d4c6142a3cb1a1fe69d0b1a6d0e01a2e404c697962623,dfine_sahi,276183.0,mouse,0.3782,967.12,398.31,992.05,410.48,303.5,24.94,12.17,2.048,False,,True,R-desk,60,evt_S-61_desk_work_surface_0013,7d01d521e679a68c,lap_bag_context,no_pose_observation,34560.0,1.33,,1,cam12/e1/v1,
full,03.CCTV Mobile Usage.mkv,632de9ed55947761d56d4c6142a3cb1a1fe69d0b1a6d0e01a2e404c697962623,dfine_sahi,276183.0,unknown_object,0.3425,881.6,411.14,933.4,452.78,2157.2,51.8,41.64,1.244,False,,True,R-desk,60,evt_S-61_desk_work_surface_0013,7d01d521e679a68c,lap_bag_context,no_pose_observation,34560.0,1.33,,1,cam12/e1/v1,
full,03.CCTV Mobile Usage.mkv,632de9ed55947761d56d4c6142a3cb1a1fe69d0b1a6d0e01a2e404c697962623,dfine_sahi,276183.0,monitor_or_bezel,0.311,881.05,396.17,948.84,452.6,3825.0,67.79,56.43,1.201,False,,True,R-desk,60,evt_S-61_desk_work_surface_0013,7d01d521e679a68c,lap_bag_context,no_pose_observation,34560.0,1.33,,1,cam12/e1/v1,
full,03.CCTV Mobile Usage.mkv,632de9ed55947761d56d4c6142a3cb1a1fe69d0b1a6d0e01a2e404c697962623,dfine_sahi,276183.0,monitor_or_bezel,0.303,738.39,395.42,1147.24,491.06,39100.7,408.84,95.64,4.275,False,,True,R-desk,60,evt_S-61_desk_work_surface_0013,7d01d521e679a68c,lap_bag_context,no_pose_observation,34560.0,1.33,,1,cam12/e1/v1,
full,03.CCTV Mobile Usage.mkv,632de9ed55947761d56d4c6142a3cb1a1fe69d0b1a6d0e01a2e404c697962623,dfine_sahi,276183.0,unknown_object,0.2785,880.41,411.46,969.91,505.46,8412.9,89.5,94.0,0.952,False,,True,R-desk,60,evt_S-61_desk_work_surface_0013,7d01d521e679a68c,lap_bag_context,no_pose_observation,34560.0,1.33,,1,cam12/e1/v1,
full,03.CCTV Mobile Usage.mkv,632de9ed55947761d56d4c6142a3cb1a1fe69d0b1a6d0e01a2e404c697962623,dfine_sahi,276183.0,keyboard,0.2708,910.11,411.67,1093.0,506.25,17297.8,182.89,94.58,1.934,False,,True,R-desk,60,evt_S-61_desk_work_surface_0013,7d01d521e679a68c,lap_bag_context,no_pose_observation,34560.0,1.33,,1,cam12/e1/v1,
full,03.CCTV Mobile Usage.mkv,632de9ed55947761d56d4c6142a3cb1a1fe69d0b1a6d0e01a2e404c697962623,dfine_sahi,276183.0,keyboard,0.2605,962.73,421.32,1115.19,475.62,8278.2,152.46,54.3,2.808,False,,True,R-desk,60,evt_S-61_desk_work_surface_0013,7d01d521e679a68c,lap_bag_context,no_pose_observation,34560.0,1.33,,1,cam12/e1/v1,
full,03.CCTV Mobile Usage.mkv,632de9ed55947761d56d4c6142a3cb1a1fe69d0b1a6d0e01a2e404c697962623,dfine_sahi,276183.0,keyboard,0.9228,962.3,451.94,1068.04,491.44,4177.6,105.75,39.51,2.677,False,,True,R-desk,61,evt_S-61_desk_work_surface_0013,7d01d521e679a68c,lap_bag_context,no_pose_observation,34560.0,1.33,,1,cam12/e1/v1,
full,03.CCTV Mobile Usage.mkv,632de9ed55947761d56d4c6142a3cb1a1fe69d0b1a6d0e01a2e404c697962623,dfine_sahi,276183.0,mouse,0.7977,865.02,413.46,891.19,435.02,564.4,26.18,21.56,1.214,False,,True,R-desk,61,evt_S-61_desk_work_surface_0013,7d01d521e679a68c,lap_bag_context,no_pose_observation,34560.0,1.33,,1,cam12/e1/v1,
full,03.CCTV Mobile Usage.mkv,632de9ed55947761d56d4c6142a3cb1a1fe69d0b1a6d0e01a2e404c697962623,dfine_sahi,276183.0,keyboard,0.7767,772.19,380.17,870.59,420.41,3959.2,98.39,40.24,2.445,False,,True,R-desk,61,evt_S-61_desk_work_surface_0013,7d01d521e679a68c,lap_bag_context,no_pose_observation,34560.0,1.33,,1,cam12/e1/v1,
full,03.CCTV Mobile Usage.mkv,632de9ed55947761d56d4c6142a3cb1a1fe69d0b1a6d0e01a2e404c697962623,dfine_sahi,276183.0,phone,0.7137,1043.49,421.44,1111.85,473.94,3588.9,68.36,52.5,1.302,False,,True,R-desk,61,evt_S-61_desk_work_surface_0013,7d01d521e679a68c,lap_bag_context,no_pose_observation,34560.0,1.33,,1,cam12/e1/v1,
full,03.CCTV Mobile Usage.mkv,632de9ed55947761d56d4c6142a3cb1a1fe69d0b1a6d0e01a2e404c697962623,dfine_sahi,276183.0,unknown_object,0.6929,699.89,396.15,846.61,492.19,14090.7,146.72,96.04,1.528,False,,True,R-desk,61,evt_S-61_desk_work_surface_0013,7d01d521e679a68c,lap_bag_context,no_pose_observation,34560.0,1.33,,1,cam12/e1/v1,
full,03.CCTV Mobile Usage.mkv,632de9ed55947761d56d4c6142a3cb1a1fe69d0b1a6d0e01a2e404c697962623,dfine_sahi,276183.0,monitor_or_bezel,0.6877,910.27,411.25,1141.6,506.33,21993.9,231.32,95.08,2.433,False,,True,R-desk,61,evt_S-61_desk_work_surface_0013,7d01d521e679a68c,lap_bag_context,no_pose_observation,34560.0,1.33,,1,cam12/e1/v1,
full,03.CCTV Mobile Usage.mkv,632de9ed55947761d56d4c6142a3cb1a1fe69d0b1a6d0e01a2e404c697962623,dfine_sahi,276183.0,monitor_or_bezel,0.6451,1019.02,395.94,1146.14,448.12,6632.6,127.12,52.18,2.436,False,,True,R-desk,61,evt_S-61_desk_work_surface_0013,7d01d521e679a68c,lap_bag_context,no_pose_observation,34560.0,1.33,,1,cam12/e1/v1,
full,03.CCTV Mobile Usage.mkv,632de9ed55947761d56d4c6142a3cb1a1fe69d0b1a6d0e01a2e404c697962623,dfine_sahi,276183.0,monitor_or_bezel,0.618,962.32,380.37,1152.94,474.97,18033.3,190.62,94.61,2.015,False,,True,R-desk,61,evt_S-61_desk_work_surface_0013,7d01d521e679a68c,lap_bag_context,no_pose_observation,34560.0,1.33,,1,cam12/e1/v1,
full,03.CCTV Mobile Usage.mkv,632de9ed55947761d56d4c6142a3cb1a1fe69d0b1a6d0e01a2e404c697962623,dfine_sahi,276183.0,keyboard,0.6138,962.87,452.35,1034.55,475.55,1663.2,71.69,23.2,3.09,False,,True,R-desk,61,evt_S-61_desk_work_surface_0013,7d01d521e679a68c,lap_bag_context,no_pose_observation,34560.0,1.33,,1,cam12/e1/v1,
full,03.CCTV Mobile Usage.mkv,632de9ed55947761d56d4c6142a3cb1a1fe69d0b1a6d0e01a2e404c697962623,dfine_sahi,276183.0,monitor_or_bezel,0.5931,708.36,379.93,969.66,474.94,24827.5,261.3,95.02,2.75,False,,True,R-desk,61,evt_S-61_desk_work_surface_0013,7d01d521e679a68c,lap_bag_context,no_pose_observation,34560.0,1.33,,1,cam12/e1/v1,
full,03.CCTV Mobile Usage.mkv,632de9ed55947761d56d4c6142a3cb1a1fe69d0b1a6d0e01a2e404c697962623,dfine_sahi,276183.0,keyboard,0.5376,802.58,396.26,870.82,420.61,1661.4,68.24,24.35,2.803,False,,True,R-desk,61,evt_S-61_desk_work_surface_0013,7d01d521e679a68c,lap_bag_context,no_pose_observation,34560.0,1.33,,1,cam12/e1/v1,
full,03.CCTV Mobile Usage.mkv,632de9ed55947761d56d4c6142a3cb1a1fe69d0b1a6d0e01a2e404c697962623,dfine_sahi,276183.0,unknown_object,0.5196,700.01,380.71,760.53,474.9,5701.0,60.52,94.2,0.643,False,,True,R-desk,61,evt_S-61_desk_work_surface_0013,7d01d521e679a68c,lap_bag_context,no_pose_observation,34560.0,1.33,,1,cam12/e1/v1,
full,03.CCTV Mobile Usage.mkv,632de9ed55947761d56d4c6142a3cb1a1fe69d0b1a6d0e01a2e404c697962623,dfine_sahi,276183.0,unknown_object,0.5189,765.8,410.94,969.76,505.83,19354.3,203.95,94.9,2.149,False,,True,R-desk,61,evt_S-61_desk_work_surface_0013,7d01d521e679a68c,lap_bag_context,no_pose_observation,34560.0,1.33,,1,cam12/e1/v1,
full,03.CCTV Mobile Usage.mkv,632de9ed55947761d56d4c6142a3cb1a1fe69d0b1a6d0e01a2e404c697962623,dfine_sahi,276183.0,mouse,0.3782,967.12,398.31,992.05,410.48,303.5,24.94,12.17,2.048,False,,True,R-desk,61,evt_S-61_desk_work_surface_0013,7d01d521e679a68c,lap_bag_context,no_pose_observation,34560.0,1.33,,1,cam12/e1/v1,
full,03.CCTV Mobile Usage.mkv,632de9ed55947761d56d4c6142a3cb1a1fe69d0b1a6d0e01a2e404c697962623,dfine_sahi,276183.0,unknown_object,0.3425,881.6,411.14,933.4,452.78,2157.2,51.8,41.64,1.244,False,,True,R-desk,61,evt_S-61_desk_work_surface_0013,7d01d521e679a68c,lap_bag_context,no_pose_observation,34560.0,1.33,,1,cam12/e1/v1,
full,03.CCTV Mobile Usage.mkv,632de9ed55947761d56d4c6142a3cb1a1fe69d0b1a6d0e01a2e404c697962623,dfine_sahi,276183.0,monitor_or_bezel,0.311,881.05,396.17,948.84,452.6,3825.0,67.79,56.43,1.201,False,,True,R-desk,61,evt_S-61_desk_work_surface_0013,7d01d521e679a68c,lap_bag_context,no_pose_observation,34560.0,1.33,,1,cam12/e1/v1,
full,03.CCTV Mobile Usage.mkv,632de9ed55947761d56d4c6142a3cb1a1fe69d0b1a6d0e01a2e404c697962623,dfine_sahi,276183.0,monitor_or_bezel,0.303,738.39,395.42,1147.24,491.06,39100.7,408.84,95.64,4.275,False,,True,R-desk,61,evt_S-61_desk_work_surface_0013,7d01d521e679a68c,lap_bag_context,no_pose_observation,34560.0,1.33,,1,cam12/e1/v1,
full,03.CCTV Mobile Usage.mkv,632de9ed55947761d56d4c6142a3cb1a1fe69d0b1a6d0e01a2e404c697962623,dfine_sahi,276183.0,unknown_object,0.2785,880.41,411.46,969.91,505.46,8412.9,89.5,94.0,0.952,False,,True,R-desk,61,evt_S-61_desk_work_surface_0013,7d01d521e679a68c,lap_bag_context,no_pose_observation,34560.0,1.33,,1,cam12/e1/v1,
full,03.CCTV Mobile Usage.mkv,632de9ed55947761d56d4c6142a3cb1a1fe69d0b1a6d0e01a2e404c697962623,dfine_sahi,276183.0,keyboard,0.2708,910.11,411.67,1093.0,506.25,17297.8,182.89,94.58,1.934,False,,True,R-desk,61,evt_S-61_desk_work_surface_0013,7d01d521e679a68c,lap_bag_context,no_pose_observation,34560.0,1.33,,1,cam12/e1/v1,
full,03.CCTV Mobile Usage.mkv,632de9ed55947761d56d4c6142a3cb1a1fe69d0b1a6d0e01a2e404c697962623,dfine_sahi,276183.0,keyboard,0.2605,962.73,421.32,1115.19,475.62,8278.2,152.46,54.3,2.808,False,,True,R-desk,61,evt_S-61_desk_work_surface_0013,7d01d521e679a68c,lap_bag_context,no_pose_observation,34560.0,1.33,,1,cam12/e1/v1,
full,03.CCTV Mobile Usage.mkv,632de9ed55947761d56d4c6142a3cb1a1fe69d0b1a6d0e01a2e404c697962623,dfine_sahi,276683.0,unknown_object,0.5827,154.04,487.17,249.96,581.98,9095.2,95.93,94.81,1.012,False,,True,S-61,59,evt_S-61_desk_work_surface_0013,9f11b4493a8d1b6b,pose_hand_context,,23031.1,4.22,,1,cam12/e1/v1,rtmpose_baseline
full,03.CCTV Mobile Usage.mkv,632de9ed55947761d56d4c6142a3cb1a1fe69d0b1a6d0e01a2e404c697962623,dfine_sahi,276683.0,unknown_object,0.5684,154.03,474.94,249.83,516.58,3989.0,95.8,41.64,2.301,False,,True,S-61,59,evt_S-61_desk_work_surface_0013,9f11b4493a8d1b6b,pose_hand_context,,23031.1,4.22,,1,cam12/e1/v1,rtmpose_baseline
full,03.CCTV Mobile Usage.mkv,632de9ed55947761d56d4c6142a3cb1a1fe69d0b1a6d0e01a2e404c697962623,dfine_sahi,276683.0,unknown_object,0.5289,88.06,421.16,183.95,516.4,9133.4,95.89,95.24,1.007,False,,True,S-61,59,evt_S-61_desk_work_surface_0013,9f11b4493a8d1b6b,pose_hand_context,,23031.1,4.22,,1,cam12/e1/v1,rtmpose_baseline
full,03.CCTV Mobile Usage.mkv,632de9ed55947761d56d4c6142a3cb1a1fe69d0b1a6d0e01a2e404c697962623,dfine_sahi,276683.0,unknown_object,0.4871,154.09,442.58,180.43,487.03,1170.5,26.34,44.44,0.593,False,,True,S-61,59,evt_S-61_desk_work_surface_0013,9f11b4493a8d1b6b,pose_hand_context,,23031.1,4.22,,1,cam12/e1/v1,rtmpose_baseline
full,03.CCTV Mobile Usage.mkv,632de9ed55947761d56d4c6142a3cb1a1fe69d0b1a6d0e01a2e404c697962623,dfine_sahi,276683.0,unknown_object,0.4185,88.75,487.07,183.96,558.88,6836.6,95.21,71.81,1.326,False,,True,S-61,59,evt_S-61_desk_work_surface_0013,9f11b4493a8d1b6b,pose_hand_context,,23031.1,4.22,,1,cam12/e1/v1,rtmpose_baseline
full,03.CCTV Mobile Usage.mkv,632de9ed55947761d56d4c6142a3cb1a1fe69d0b1a6d0e01a2e404c697962623,dfine_sahi,276683.0,unknown_object,0.4006,154.05,421.15,249.92,516.53,9144.6,95.87,95.38,1.005,False,,True,S-61,59,evt_S-61_desk_work_surface_0013,9f11b4493a8d1b6b,pose_hand_context,,23031.1,4.22,,1,cam12/e1/v1,rtmpose_baseline
full,03.CCTV Mobile Usage.mkv,632de9ed55947761d56d4c6142a3cb1a1fe69d0b1a6d0e01a2e404c697962623,dfine_sahi,276683.0,unknown_object,0.3574,93.08,428.33,222.42,577.44,19286.8,129.35,149.11,0.867,False,,True,S-61,59,evt_S-61_desk_work_surface_0013,9f11b4493a8d1b6b,pose_hand_context,,23031.1,4.22,,1,cam12/e1/v1,rtmpose_baseline
full,03.CCTV Mobile Usage.mkv,632de9ed55947761d56d4c6142a3cb1a1fe69d0b1a6d0e01a2e404c697962623,dfine_sahi,276683.0,unknown_object,0.2978,101.75,432.92,158.93,480.5,2720.5,57.19,47.57,1.202,False,,True,S-61,59,evt_S-61_desk_work_surface_0013,9f11b4493a8d1b6b,pose_hand_context,,23031.1,4.22,,1,cam12/e1/v1,rtmpose_baseline
full,03.CCTV Mobile Usage.mkv,632de9ed55947761d56d4c6142a3cb1a1fe69d0b1a6d0e01a2e404c697962623,dfine_sahi,276683.0,stationery,0.2887,144.78,516.71,220.51,577.71,4619.8,75.73,61.0,1.241,False,,True,S-61,59,evt_S-61_desk_work_surface_0013,9f11b4493a8d1b6b,pose_hand_context,,23031.1,4.22,,1,cam12/e1/v1,rtmpose_baseline
full,03.CCTV Mobile Usage.mkv,632de9ed55947761d56d4c6142a3cb1a1fe69d0b1a6d0e01a2e404c697962623,dfine_sahi,276683.0,keyboard,0.9228,962.3,451.94,1068.04,491.44,4177.6,105.75,39.51,2.677,False,,True,R-desk,60,evt_S-61_desk_work_surface_0013,acb7d2effb49f7c5,lap_bag_context,no_pose_observation,34560.0,1.33,,1,cam12/e1/v1,
full,03.CCTV Mobile Usage.mkv,632de9ed55947761d56d4c6142a3cb1a1fe69d0b1a6d0e01a2e404c697962623,dfine_sahi,276683.0,mouse,0.7977,865.02,413.46,891.19,435.02,564.4,26.18,21.56,1.214,False,,True,R-desk,60,evt_S-61_desk_work_surface_0013,acb7d2effb49f7c5,lap_bag_context,no_pose_observation,34560.0,1.33,,1,cam12/e1/v1,
full,03.CCTV Mobile Usage.mkv,632de9ed55947761d56d4c6142a3cb1a1fe69d0b1a6d0e01a2e404c697962623,dfine_sahi,276683.0,keyboard,0.7767,772.19,380.17,870.59,420.41,3959.2,98.39,40.24,2.445,False,,True,R-desk,60,evt_S-61_desk_work_surface_0013,acb7d2effb49f7c5,lap_bag_context,no_pose_observation,34560.0,1.33,,1,cam12/e1/v1,
full,03.CCTV Mobile Usage.mkv,632de9ed55947761d56d4c6142a3cb1a1fe69d0b1a6d0e01a2e404c697962623,dfine_sahi,276683.0,phone,0.7137,1043.49,421.44,1111.85,473.94,3588.9,68.36,52.5,1.302,False,,True,R-desk,60,evt_S-61_desk_work_surface_0013,acb7d2effb49f7c5,lap_bag_context,no_pose_observation,34560.0,1.33,,1,cam12/e1/v1,
full,03.CCTV Mobile Usage.mkv,632de9ed55947761d56d4c6142a3cb1a1fe69d0b1a6d0e01a2e404c697962623,dfine_sahi,276683.0,unknown_object,0.6929,699.89,396.15,846.61,492.19,14090.7,146.72,96.04,1.528,False,,True,R-desk,60,evt_S-61_desk_work_surface_0013,acb7d2effb49f7c5,lap_bag_context,no_pose_observation,34560.0,1.33,,1,cam12/e1/v1,
full,03.CCTV Mobile Usage.mkv,632de9ed55947761d56d4c6142a3cb1a1fe69d0b1a6d0e01a2e404c697962623,dfine_sahi,276683.0,monitor_or_bezel,0.6877,910.27,411.25,1141.6,506.33,21993.9,231.32,95.08,2.433,False,,True,R-desk,60,evt_S-61_desk_work_surface_0013,acb7d2effb49f7c5,lap_bag_context,no_pose_observation,34560.0,1.33,,1,cam12/e1/v1,
full,03.CCTV Mobile Usage.mkv,632de9ed55947761d56d4c6142a3cb1a1fe69d0b1a6d0e01a2e404c697962623,dfine_sahi,276683.0,monitor_or_bezel,0.6451,1019.02,395.94,1146.14,448.12,6632.6,127.12,52.18,2.436,False,,True,R-desk,60,evt_S-61_desk_work_surface_0013,acb7d2effb49f7c5,lap_bag_context,no_pose_observation,34560.0,1.33,,1,cam12/e1/v1,
full,03.CCTV Mobile Usage.mkv,632de9ed55947761d56d4c6142a3cb1a1fe69d0b1a6d0e01a2e404c697962623,dfine_sahi,276683.0,monitor_or_bezel,0.6177,962.33,380.36,1152.94,474.97,18033.7,190.61,94.61,2.015,False,,True,R-desk,60,evt_S-61_desk_work_surface_0013,acb7d2effb49f7c5,lap_bag_context,no_pose_observation,34560.0,1.33,,1,cam12/e1/v1,
full,03.CCTV Mobile Usage.mkv,632de9ed55947761d56d4c6142a3cb1a1fe69d0b1a6d0e01a2e404c697962623,dfine_sahi,276683.0,keyboard,0.6142,962.87,452.35,1034.56,475.55,1663.3,71.7,23.2,3.091,False,,True,R-desk,60,evt_S-61_desk_work_surface_0013,acb7d2effb49f7c5,lap_bag_context,no_pose_observation,34560.0,1.33,,1,cam12/e1/v1,
full,03.CCTV Mobile Usage.mkv,632de9ed55947761d56d4c6142a3cb1a1fe69d0b1a6d0e01a2e404c697962623,dfine_sahi,276683.0,monitor_or_bezel,0.5931,708.36,379.93,969.66,474.94,24827.5,261.3,95.02,2.75,False,,True,R-desk,60,evt_S-61_desk_work_surface_0013,acb7d2effb49f7c5,lap_bag_context,no_pose_observation,34560.0,1.33,,1,cam12/e1/v1,
full,03.CCTV Mobile Usage.mkv,632de9ed55947761d56d4c6142a3cb1a1fe69d0b1a6d0e01a2e404c697962623,dfine_sahi,276683.0,keyboard,0.5376,802.58,396.26,870.82,420.61,1661.4,68.24,24.35,2.803,False,,True,R-desk,60,evt_S-61_desk_work_surface_0013,acb7d2effb49f7c5,lap_bag_context,no_pose_observation,34560.0,1.33,,1,cam12/e1/v1,
full,03.CCTV Mobile Usage.mkv,632de9ed55947761d56d4c6142a3cb1a1fe69d0b1a6d0e01a2e404c697962623,dfine_sahi,276683.0,unknown_object,0.5196,700.01,380.71,760.53,474.9,5701.0,60.52,94.2,0.643,False,,True,R-desk,60,evt_S-61_desk_work_surface_0013,acb7d2effb49f7c5,lap_bag_context,no_pose_observation,34560.0,1.33,,1,cam12/e1/v1,
full,03.CCTV Mobile Usage.mkv,632de9ed55947761d56d4c6142a3cb1a1fe69d0b1a6d0e01a2e404c697962623,dfine_sahi,276683.0,unknown_object,0.5189,765.8,410.94,969.76,505.83,19354.3,203.95,94.9,2.149,False,,True,R-desk,60,evt_S-61_desk_work_surface_0013,acb7d2effb49f7c5,lap_bag_context,no_pose_observation,34560.0,1.33,,1,cam12/e1/v1,
full,03.CCTV Mobile Usage.mkv,632de9ed55947761d56d4c6142a3cb1a1fe69d0b1a6d0e01a2e404c697962623,dfine_sahi,276683.0,mouse,0.3782,967.12,398.31,992.05,410.48,303.5,24.94,12.17,2.048,False,,True,R-desk,60,evt_S-61_desk_work_surface_0013,acb7d2effb49f7c5,lap_bag_context,no_pose_observation,34560.0,1.33,,1,cam12/e1/v1,
full,03.CCTV Mobile Usage.mkv,632de9ed55947761d56d4c6142a3cb1a1fe69d0b1a6d0e01a2e404c697962623,dfine_sahi,276683.0,unknown_object,0.3425,881.6,411.14,933.4,452.78,2157.2,51.8,41.64,1.244,False,,True,R-desk,60,evt_S-61_desk_work_surface_0013,acb7d2effb49f7c5,lap_bag_context,no_pose_observation,34560.0,1.33,,1,cam12/e1/v1,
full,03.CCTV Mobile Usage.mkv,632de9ed55947761d56d4c6142a3cb1a1fe69d0b1a6d0e01a2e404c697962623,dfine_sahi,276683.0,monitor_or_bezel,0.311,881.05,396.17,948.84,452.6,3825.0,67.79,56.43,1.201,False,,True,R-desk,60,evt_S-61_desk_work_surface_0013,acb7d2effb49f7c5,lap_bag_context,no_pose_observation,34560.0,1.33,,1,cam12/e1/v1,
full,03.CCTV Mobile Usage.mkv,632de9ed55947761d56d4c6142a3cb1a1fe69d0b1a6d0e01a2e404c697962623,dfine_sahi,276683.0,monitor_or_bezel,0.303,738.39,395.42,1147.24,491.06,39100.7,408.84,95.64,4.275,False,,True,R-desk,60,evt_S-61_desk_work_surface_0013,acb7d2effb49f7c5,lap_bag_context,no_pose_observation,34560.0,1.33,,1,cam12/e1/v1,
full,03.CCTV Mobile Usage.mkv,632de9ed55947761d56d4c6142a3cb1a1fe69d0b1a6d0e01a2e404c697962623,dfine_sahi,276683.0,unknown_object,0.2785,880.41,411.46,969.91,505.46,8412.9,89.5,94.0,0.952,False,,True,R-desk,60,evt_S-61_desk_work_surface_0013,acb7d2effb49f7c5,lap_bag_context,no_pose_observation,34560.0,1.33,,1,cam12/e1/v1,
full,03.CCTV Mobile Usage.mkv,632de9ed55947761d56d4c6142a3cb1a1fe69d0b1a6d0e01a2e404c697962623,dfine_sahi,276683.0,keyboard,0.2708,910.11,411.67,1093.0,506.25,17297.8,182.89,94.58,1.934,False,,True,R-desk,60,evt_S-61_desk_work_surface_0013,acb7d2effb49f7c5,lap_bag_context,no_pose_observation,34560.0,1.33,,1,cam12/e1/v1,
full,03.CCTV Mobile Usage.mkv,632de9ed55947761d56d4c6142a3cb1a1fe69d0b1a6d0e01a2e404c697962623,dfine_sahi,276683.0,keyboard,0.2618,962.75,421.37,1115.15,475.62,8267.7,152.4,54.25,2.809,False,,True,R-desk,60,evt_S-61_desk_work_surface_0013,acb7d2effb49f7c5,lap_bag_context,no_pose_observation,34560.0,1.33,,1,cam12/e1/v1,
full,03.CCTV Mobile Usage.mkv,632de9ed55947761d56d4c6142a3cb1a1fe69d0b1a6d0e01a2e404c697962623,dfine_sahi,277467.0,keyboard,0.9193,962.21,452.0,1068.05,491.44,4174.7,105.84,39.44,2.683,False,,True,R-desk,60,evt_S-61_desk_work_surface_0014,2787998bb369fb67,lap_bag_context,no_pose_observation,34560.0,1.33,,1,cam12/e1/v1,
full,03.CCTV Mobile Usage.mkv,632de9ed55947761d56d4c6142a3cb1a1fe69d0b1a6d0e01a2e404c697962623,dfine_sahi,277467.0,keyboard,0.7221,772.26,380.18,870.81,420.44,3967.3,98.55,40.26,2.448,False,,True,R-desk,60,evt_S-61_desk_work_surface_0014,2787998bb369fb67,lap_bag_context,no_pose_observation,34560.0,1.33,,1,cam12/e1/v1,
full,03.CCTV Mobile Usage.mkv,632de9ed55947761d56d4c6142a3cb1a1fe69d0b1a6d0e01a2e404c697962623,dfine_sahi,277467.0,mouse,0.7043,865.05,413.69,891.33,435.67,577.5,26.28,21.97,1.196,False,,True,R-desk,60,evt_S-61_desk_work_surface_0014,2787998bb369fb67,lap_bag_context,no_pose_observation,34560.0,1.33,,1,cam12/e1/v1,
full,03.CCTV Mobile Usage.mkv,632de9ed55947761d56d4c6142a3cb1a1fe69d0b1a6d0e01a2e404c697962623,dfine_sahi,277467.0,unknown_object,0.7027,699.89,396.16,847.03,491.89,14084.6,147.14,95.73,1.537,False,,True,R-desk,60,evt_S-61_desk_work_surface_0014,2787998bb369fb67,lap_bag_context,no_pose_observation,34560.0,1.33,,1,cam12/e1/v1,
full,03.CCTV Mobile Usage.mkv,632de9ed55947761d56d4c6142a3cb1a1fe69d0b1a6d0e01a2e404c697962623,dfine_sahi,277467.0,phone,0.6984,1043.3,421.21,1112.22,474.05,3641.6,68.92,52.84,1.304,False,,True,R-desk,60,evt_S-61_desk_work_surface_0014,2787998bb369fb67,lap_bag_context,no_pose_observation,34560.0,1.33,,1,cam12/e1/v1,
full,03.CCTV Mobile Usage.mkv,632de9ed55947761d56d4c6142a3cb1a1fe69d0b1a6d0e01a2e404c697962623,dfine_sahi,277467.0,monitor_or_bezel,0.6896,910.16,411.24,1141.32,506.4,21996.3,231.16,95.16,2.429,False,,True,R-desk,60,evt_S-61_desk_work_surface_0014,2787998bb369fb67,lap_bag_context,no_pose_observation,34560.0,1.33,,1,cam12/e1/v1,
full,03.CCTV Mobile Usage.mkv,632de9ed55947761d56d4c6142a3cb1a1fe69d0b1a6d0e01a2e404c697962623,dfine_sahi,277467.0,monitor_or_bezel,0.6538,1018.83,380.3,1152.4,473.44,12441.6,133.57,93.14,1.434,False,,True,R-desk,60,evt_S-61_desk_work_surface_0014,2787998bb369fb67,lap_bag_context,no_pose_observation,34560.0,1.33,,1,cam12/e1/v1,
full,03.CCTV Mobile Usage.mkv,632de9ed55947761d56d4c6142a3cb1a1fe69d0b1a6d0e01a2e404c697962623,dfine_sahi,277467.0,keyboard,0.645,962.78,452.44,1034.83,475.58,1667.0,72.05,23.14,3.114,False,,True,R-desk,60,evt_S-61_desk_work_surface_0014,2787998bb369fb67,lap_bag_context,no_pose_observation,34560.0,1.33,,1,cam12/e1/v1,
full,03.CCTV Mobile Usage.mkv,632de9ed55947761d56d4c6142a3cb1a1fe69d0b1a6d0e01a2e404c697962623,dfine_sahi,277467.0,monitor_or_bezel,0.5773,707.96,379.88,969.48,474.93,24858.7,261.52,95.05,2.751,False,,True,R-desk,60,evt_S-61_desk_work_surface_0014,2787998bb369fb67,lap_bag_context,no_pose_observation,34560.0,1.33,,1,cam12/e1/v1,
full,03.CCTV Mobile Usage.mkv,632de9ed55947761d56d4c6142a3cb1a1fe69d0b1a6d0e01a2e404c697962623,dfine_sahi,277467.0,keyboard,0.574,802.32,396.25,870.93,420.76,1681.8,68.61,24.51,2.799,False,,True,R-desk,60,evt_S-61_desk_work_surface_0014,2787998bb369fb67,lap_bag_context,no_pose_observation,34560.0,1.33,,1,cam12/e1/v1,
full,03.CCTV Mobile Usage.mkv,632de9ed55947761d56d4c6142a3cb1a1fe69d0b1a6d0e01a2e404c697962623,dfine_sahi,277467.0,unknown_object,0.4406,769.38,410.96,969.77,505.87,19018.3,200.39,94.91,2.111,False,,True,R-desk,60,evt_S-61_desk_work_surface_0014,2787998bb369fb67,lap_bag_context,no_pose_observation,34560.0,1.33,,1,cam12/e1/v1,
full,03.CCTV Mobile Usage.mkv,632de9ed55947761d56d4c6142a3cb1a1fe69d0b1a6d0e01a2e404c697962623,dfine_sahi,277467.0,unknown_object,0.3848,700.0,380.64,761.35,474.97,5786.9,61.34,94.33,0.65,False,,True,R-desk,60,evt_S-61_desk_work_surface_0014,2787998bb369fb67,lap_bag_context,no_pose_observation,34560.0,1.33,,1,cam12/e1/v1,
full,03.CCTV Mobile Usage.mkv,632de9ed55947761d56d4c6142a3cb1a1fe69d0b1a6d0e01a2e404c697962623,dfine_sahi,277467.0,mouse,0.3489,967.04,398.3,992.09,410.58,307.4,25.05,12.27,2.041,False,,True,R-desk,60,evt_S-61_desk_work_surface_0014,2787998bb369fb67,lap_bag_context,no_pose_observation,34560.0,1.33,,1,cam12/e1/v1,
full,03.CCTV Mobile Usage.mkv,632de9ed55947761d56d4c6142a3cb1a1fe69d0b1a6d0e01a2e404c697962623,dfine_sahi,277467.0,unknown_object,0.3324,881.54,411.14,969.68,453.68,3749.4,88.14,42.54,2.072,False,,True,R-desk,60,evt_S-61_desk_work_surface_0014,2787998bb369fb67,lap_bag_context,no_pose_observation,34560.0,1.33,,1,cam12/e1/v1,
full,03.CCTV Mobile Usage.mkv,632de9ed55947761d56d4c6142a3cb1a1fe69d0b1a6d0e01a2e404c697962623,dfine_sahi,277467.0,unknown_object,0.2924,880.24,411.64,969.89,505.47,8412.0,89.65,93.84,0.955,False,,True,R-desk,60,evt_S-61_desk_work_surface_0014,2787998bb369fb67,lap_bag_context,no_pose_observation,34560.0,1.33,,1,cam12/e1/v1,
full,03.CCTV Mobile Usage.mkv,632de9ed55947761d56d4c6142a3cb1a1fe69d0b1a6d0e01a2e404c697962623,dfine_sahi,277467.0,monitor_or_bezel,0.282,881.04,396.18,949.11,452.71,3847.9,68.07,56.53,1.204,False,,True,R-desk,60,evt_S-61_desk_work_surface_0014,2787998bb369fb67,lap_bag_context,no_pose_observation,34560.0,1.33,,1,cam12/e1/v1,
full,03.CCTV Mobile Usage.mkv,632de9ed55947761d56d4c6142a3cb1a1fe69d0b1a6d0e01a2e404c697962623,dfine_sahi,277467.0,monitor_or_bezel,0.2706,739.51,395.34,1146.72,490.94,38930.4,407.21,95.6,4.259,False,,True,R-desk,60,evt_S-61_desk_work_surface_0014,2787998bb369fb67,lap_bag_context,no_pose_observation,34560.0,1.33,,1,cam12/e1/v1,
full,03.CCTV Mobile Usage.mkv,632de9ed55947761d56d4c6142a3cb1a1fe69d0b1a6d0e01a2e404c697962623,dfine_sahi,277467.0,mouse,0.2706,990.96,399.46,1026.18,413.23,485.2,35.22,13.78,2.557,False,,True,R-desk,60,evt_S-61_desk_work_surface_0014,2787998bb369fb67,lap_bag_context,no_pose_observation,34560.0,1.33,,1,cam12/e1/v1,
full,03.CCTV Mobile Usage.mkv,632de9ed55947761d56d4c6142a3cb1a1fe69d0b1a6d0e01a2e404c697962623,dfine_sahi,277467.0,keyboard,0.2686,965.39,394.24,1107.39,474.79,11438.2,142.0,80.55,1.763,False,,True,R-desk,60,evt_S-61_desk_work_surface_0014,2787998bb369fb67,lap_bag_context,no_pose_observation,34560.0,1.33,,1,cam12/e1/v1,
full,03.CCTV Mobile Usage.mkv,632de9ed55947761d56d4c6142a3cb1a1fe69d0b1a6d0e01a2e404c697962623,dfine_sahi,277467.0,keyboard,0.2552,910.07,411.38,1093.08,506.28,17368.3,183.01,94.9,1.928,False,,True,R-desk,60,evt_S-61_desk_work_surface_0014,2787998bb369fb67,lap_bag_context,no_pose_observation,34560.0,1.33,,1,cam12/e1/v1,
full,03.CCTV Mobile Usage.mkv,632de9ed55947761d56d4c6142a3cb1a1fe69d0b1a6d0e01a2e404c697962623,dfine_sahi,277467.0,unknown_object,0.5327,94.99,409.31,167.03,503.42,6779.3,72.04,94.11,0.765,False,,True,S-61,59,evt_S-61_desk_work_surface_0014,75ed3c1c34239082,pose_hand_context,,26205.1,3.95,,1,cam12/e1/v1,rtmpose_baseline
full,03.CCTV Mobile Usage.mkv,632de9ed55947761d56d4c6142a3cb1a1fe69d0b1a6d0e01a2e404c697962623,dfine_sahi,277467.0,unknown_object,0.5007,141.97,341.3,193.04,432.34,4649.5,51.07,91.04,0.561,False,,True,S-61,59,evt_S-61_desk_work_surface_0014,75ed3c1c34239082,pose_hand_context,,26205.1,3.95,,1,cam12/e1/v1,rtmpose_baseline
full,03.CCTV Mobile Usage.mkv,632de9ed55947761d56d4c6142a3cb1a1fe69d0b1a6d0e01a2e404c697962623,dfine_sahi,277467.0,unknown_object,0.4187,71.11,337.14,166.96,432.48,9137.9,95.84,95.34,1.005,False,,True,S-61,59,evt_S-61_desk_work_surface_0014,75ed3c1c34239082,pose_hand_context,,26205.1,3.95,,1,cam12/e1/v1,rtmpose_baseline
full,03.CCTV Mobile Usage.mkv,632de9ed55947761d56d4c6142a3cb1a1fe69d0b1a6d0e01a2e404c697962623,dfine_sahi,277467.0,unknown_object,0.3772,103.83,409.21,166.94,449.12,2518.9,63.11,39.91,1.581,False,,True,S-61,59,evt_S-61_desk_work_surface_0014,75ed3c1c34239082,pose_hand_context,,26205.1,3.95,,1,cam12/e1/v1,rtmpose_baseline
full,03.CCTV Mobile Usage.mkv,632de9ed55947761d56d4c6142a3cb1a1fe69d0b1a6d0e01a2e404c697962623,dfine_sahi,277467.0,unknown_object,0.3594,142.01,443.52,205.04,503.67,3791.2,63.03,60.15,1.048,False,,True,S-61,59,evt_S-61_desk_work_surface_0014,75ed3c1c34239082,pose_hand_context,,26205.1,3.95,,1,cam12/e1/v1,rtmpose_baseline
full,03.CCTV Mobile Usage.mkv,632de9ed55947761d56d4c6142a3cb1a1fe69d0b1a6d0e01a2e404c697962623,dfine_sahi,277467.0,unknown_object,0.3492,104.07,340.38,235.76,447.09,14052.6,131.69,106.71,1.234,False,,True,S-61,59,evt_S-61_desk_work_surface_0014,75ed3c1c34239082,pose_hand_context,,26205.1,3.95,,1,cam12/e1/v1,rtmpose_baseline
full,03.CCTV Mobile Usage.mkv,632de9ed55947761d56d4c6142a3cb1a1fe69d0b1a6d0e01a2e404c697962623,dfine_sahi,277467.0,unknown_object,0.2812,71.05,408.19,125.29,499.64,4959.6,54.23,91.45,0.593,False,,True,S-61,59,evt_S-61_desk_work_surface_0014,75ed3c1c34239082,pose_hand_context,,26205.1,3.95,,1,cam12/e1/v1,rtmpose_baseline
full,03.CCTV Mobile Usage.mkv,632de9ed55947761d56d4c6142a3cb1a1fe69d0b1a6d0e01a2e404c697962623,dfine_sahi,277467.0,unknown_object,0.2716,141.99,408.28,237.89,503.45,9127.0,95.91,95.17,1.008,False,,True,S-61,59,evt_S-61_desk_work_surface_0014,75ed3c1c34239082,pose_hand_context,,26205.1,3.95,,1,cam12/e1/v1,rtmpose_baseline
full,03.CCTV Mobile Usage.mkv,632de9ed55947761d56d4c6142a3cb1a1fe69d0b1a6d0e01a2e404c697962623,dfine_sahi,277467.0,stationery,0.2694,84.87,386.8,150.1,432.46,2978.2,65.23,45.66,1.429,False,,True,S-61,59,evt_S-61_desk_work_surface_0014,75ed3c1c34239082,pose_hand_context,,26205.1,3.95,,1,cam12/e1/v1,rtmpose_baseline
full,03.CCTV Mobile Usage.mkv,632de9ed55947761d56d4c6142a3cb1a1fe69d0b1a6d0e01a2e404c697962623,dfine_sahi,277467.0,unknown_object,0.2553,142.01,476.0,214.97,503.83,2030.1,72.96,27.83,2.622,False,,True,S-61,59,evt_S-61_desk_work_surface_0014,75ed3c1c34239082,pose_hand_context,,26205.1,3.95,,1,cam12/e1/v1,rtmpose_baseline
full,03.CCTV Mobile Usage.mkv,632de9ed55947761d56d4c6142a3cb1a1fe69d0b1a6d0e01a2e404c697962623,dfine_sahi,277967.0,keyboard,0.9213,962.21,452.0,1068.05,491.44,4174.6,105.84,39.44,2.683,False,,True,R-desk,60,evt_S-61_desk_work_surface_0014,653f5ac8c08929c5,lap_bag_context,no_pose_observation,34560.0,1.33,,1,cam12/e1/v1,
full,03.CCTV Mobile Usage.mkv,632de9ed55947761d56d4c6142a3cb1a1fe69d0b1a6d0e01a2e404c697962623,dfine_sahi,277967.0,keyboard,0.7197,772.25,380.18,870.81,420.44,3967.4,98.56,40.25,2.448,False,,True,R-desk,60,evt_S-61_desk_work_surface_0014,653f5ac8c08929c5,lap_bag_context,no_pose_observation,34560.0,1.33,,1,cam12/e1/v1,
full,03.CCTV Mobile Usage.mkv,632de9ed55947761d56d4c6142a3cb1a1fe69d0b1a6d0e01a2e404c697962623,dfine_sahi,277967.0,unknown_object,0.717,699.89,396.16,847.03,491.83,14076.4,147.14,95.67,1.538,False,,True,R-desk,60,evt_S-61_desk_work_surface_0014,653f5ac8c08929c5,lap_bag_context,no_pose_observation,34560.0,1.33,,1,cam12/e1/v1,
full,03.CCTV Mobile Usage.mkv,632de9ed55947761d56d4c6142a3cb1a1fe69d0b1a6d0e01a2e404c697962623,dfine_sahi,277967.0,phone,0.7105,1043.39,421.15,1112.21,473.97,3635.0,68.81,52.82,1.303,False,,True,R-desk,60,evt_S-61_desk_work_surface_0014,653f5ac8c08929c5,lap_bag_context,no_pose_observation,34560.0,1.33,,1,cam12/e1/v1,
full,03.CCTV Mobile Usage.mkv,632de9ed55947761d56d4c6142a3cb1a1fe69d0b1a6d0e01a2e404c697962623,dfine_sahi,277967.0,mouse,0.7032,865.05,413.69,891.33,435.66,577.2,26.28,21.96,1.196,False,,True,R-desk,60,evt_S-61_desk_work_surface_0014,653f5ac8c08929c5,lap_bag_context,no_pose_observation,34560.0,1.33,,1,cam12/e1/v1,
full,03.CCTV Mobile Usage.mkv,632de9ed55947761d56d4c6142a3cb1a1fe69d0b1a6d0e01a2e404c697962623,dfine_sahi,277967.0,monitor_or_bezel,0.6961,910.18,411.25,1141.32,506.39,21992.1,231.14,95.14,2.429,False,,True,R-desk,60,evt_S-61_desk_work_surface_0014,653f5ac8c08929c5,lap_bag_context,no_pose_observation,34560.0,1.33,,1,cam12/e1/v1,
full,03.CCTV Mobile Usage.mkv,632de9ed55947761d56d4c6142a3cb1a1fe69d0b1a6d0e01a2e404c697962623,dfine_sahi,277967.0,monitor_or_bezel,0.6633,1018.78,380.3,1152.41,473.5,12454.0,133.63,93.2,1.434,False,,True,R-desk,60,evt_S-61_desk_work_surface_0014,653f5ac8c08929c5,lap_bag_context,no_pose_observation,34560.0,1.33,,1,cam12/e1/v1,
full,03.CCTV Mobile Usage.mkv,632de9ed55947761d56d4c6142a3cb1a1fe69d0b1a6d0e01a2e404c697962623,dfine_sahi,277967.0,keyboard,0.6426,962.8,452.43,1034.81,475.57,1666.1,72.01,23.14,3.113,False,,True,R-desk,60,evt_S-61_desk_work_surface_0014,653f5ac8c08929c5,lap_bag_context,no_pose_observation,34560.0,1.33,,1,cam12/e1/v1,
full,03.CCTV Mobile Usage.mkv,632de9ed55947761d56d4c6142a3cb1a1fe69d0b1a6d0e01a2e404c697962623,dfine_sahi,277967.0,monitor_or_bezel,0.5897,708.09,379.88,969.51,474.92,24846.6,261.41,95.05,2.75,False,,True,R-desk,60,evt_S-61_desk_work_surface_0014,653f5ac8c08929c5,lap_bag_context,no_pose_observation,34560.0,1.33,,1,cam12/e1/v1,
full,03.CCTV Mobile Usage.mkv,632de9ed55947761d56d4c6142a3cb1a1fe69d0b1a6d0e01a2e404c697962623,dfine_sahi,277967.0,keyboard,0.5727,802.35,396.25,870.92,420.75,1680.2,68.57,24.5,2.798,False,,True,R-desk,60,evt_S-61_desk_work_surface_0014,653f5ac8c08929c5,lap_bag_context,no_pose_observation,34560.0,1.33,,1,cam12/e1/v1,
full,03.CCTV Mobile Usage.mkv,632de9ed55947761d56d4c6142a3cb1a1fe69d0b1a6d0e01a2e404c697962623,dfine_sahi,277967.0,unknown_object,0.4313,769.74,410.97,969.78,505.87,18984.5,200.05,94.9,2.108,False,,True,R-desk,60,evt_S-61_desk_work_surface_0014,653f5ac8c08929c5,lap_bag_context,no_pose_observation,34560.0,1.33,,1,cam12/e1/v1,
full,03.CCTV Mobile Usage.mkv,632de9ed55947761d56d4c6142a3cb1a1fe69d0b1a6d0e01a2e404c697962623,dfine_sahi,277967.0,unknown_object,0.391,700.0,380.63,761.5,474.91,5797.1,61.49,94.27,0.652,False,,True,R-desk,60,evt_S-61_desk_work_surface_0014,653f5ac8c08929c5,lap_bag_context,no_pose_observation,34560.0,1.33,,1,cam12/e1/v1,
full,03.CCTV Mobile Usage.mkv,632de9ed55947761d56d4c6142a3cb1a1fe69d0b1a6d0e01a2e404c697962623,dfine_sahi,277967.0,mouse,0.3504,967.05,398.31,992.09,410.58,307.3,25.05,12.27,2.041,False,,True,R-desk,60,evt_S-61_desk_work_surface_0014,653f5ac8c08929c5,lap_bag_context,no_pose_observation,34560.0,1.33,,1,cam12/e1/v1,
full,03.CCTV Mobile Usage.mkv,632de9ed55947761d56d4c6142a3cb1a1fe69d0b1a6d0e01a2e404c697962623,dfine_sahi,277967.0,unknown_object,0.3355,881.54,411.14,969.68,453.67,3749.1,88.14,42.54,2.072,False,,True,R-desk,60,evt_S-61_desk_work_surface_0014,653f5ac8c08929c5,lap_bag_context,no_pose_observation,34560.0,1.33,,1,cam12/e1/v1,
full,03.CCTV Mobile Usage.mkv,632de9ed55947761d56d4c6142a3cb1a1fe69d0b1a6d0e01a2e404c697962623,dfine_sahi,277967.0,unknown_object,0.2969,880.25,411.63,969.89,505.48,8412.1,89.64,93.85,0.955,False,,True,R-desk,60,evt_S-61_desk_work_surface_0014,653f5ac8c08929c5,lap_bag_context,no_pose_observation,34560.0,1.33,,1,cam12/e1/v1,
full,03.CCTV Mobile Usage.mkv,632de9ed55947761d56d4c6142a3cb1a1fe69d0b1a6d0e01a2e404c697962623,dfine_sahi,277967.0,monitor_or_bezel,0.2914,881.02,396.19,949.1,452.71,3848.1,68.07,56.53,1.204,False,,True,R-desk,60,evt_S-61_desk_work_surface_0014,653f5ac8c08929c5,lap_bag_context,no_pose_observation,34560.0,1.33,,1,cam12/e1/v1,
full,03.CCTV Mobile Usage.mkv,632de9ed55947761d56d4c6142a3cb1a1fe69d0b1a6d0e01a2e404c697962623,dfine_sahi,277967.0,monitor_or_bezel,0.2734,739.55,395.36,1146.86,490.96,38941.0,407.31,95.61,4.26,False,,True,R-desk,60,evt_S-61_desk_work_surface_0014,653f5ac8c08929c5,lap_bag_context,no_pose_observation,34560.0,1.33,,1,cam12/e1/v1,
full,03.CCTV Mobile Usage.mkv,632de9ed55947761d56d4c6142a3cb1a1fe69d0b1a6d0e01a2e404c697962623,dfine_sahi,277967.0,mouse,0.2588,990.99,399.49,1025.74,413.22,477.3,34.75,13.73,2.53,False,,True,R-desk,60,evt_S-61_desk_work_surface_0014,653f5ac8c08929c5,lap_bag_context,no_pose_observation,34560.0,1.33,,1,cam12/e1/v1,
full,03.CCTV Mobile Usage.mkv,632de9ed55947761d56d4c6142a3cb1a1fe69d0b1a6d0e01a2e404c697962623,dfine_sahi,277967.0,keyboard,0.2578,910.08,411.39,1093.15,506.27,17371.2,183.08,94.88,1.93,False,,True,R-desk,60,evt_S-61_desk_work_surface_0014,653f5ac8c08929c5,lap_bag_context,no_pose_observation,34560.0,1.33,,1,cam12/e1/v1,
full,03.CCTV Mobile Usage.mkv,632de9ed55947761d56d4c6142a3cb1a1fe69d0b1a6d0e01a2e404c697962623,dfine_sahi,277967.0,keyboard,0.2558,965.26,393.81,1106.93,474.81,11475.6,141.68,81.0,1.749,False,,True,R-desk,60,evt_S-61_desk_work_surface_0014,653f5ac8c08929c5,lap_bag_context,no_pose_observation,34560.0,1.33,,1,cam12/e1/v1,
full,03.CCTV Mobile Usage.mkv,632de9ed55947761d56d4c6142a3cb1a1fe69d0b1a6d0e01a2e404c697962623,dfine_sahi,277967.0,unknown_object,0.7495,76.11,408.37,170.99,502.96,8974.4,94.88,94.59,1.003,False,,True,S-61,59,evt_S-61_desk_work_surface_0014,ed18f7516e3bc9ef,pose_hand_context,,24825.2,4.06,,1,cam12/e1/v1,rtmpose_baseline
full,03.CCTV Mobile Usage.mkv,632de9ed55947761d56d4c6142a3cb1a1fe69d0b1a6d0e01a2e404c697962623,dfine_sahi,277967.0,unknown_object,0.4818,143.97,408.15,239.97,503.43,9146.6,95.99,95.28,1.007,False,,True,S-61,59,evt_S-61_desk_work_surface_0014,ed18f7516e3bc9ef,pose_hand_context,,24825.2,4.06,,1,cam12/e1/v1,rtmpose_baseline
full,03.CCTV Mobile Usage.mkv,632de9ed55947761d56d4c6142a3cb1a1fe69d0b1a6d0e01a2e404c697962623,dfine_sahi,277967.0,unknown_object,0.452,103.69,442.46,146.89,471.33,1247.0,43.2,28.86,1.497,False,,True,S-61,59,evt_S-61_desk_work_surface_0014,ed18f7516e3bc9ef,pose_hand_context,,24825.2,4.06,,1,cam12/e1/v1,rtmpose_baseline
full,03.CCTV Mobile Usage.mkv,632de9ed55947761d56d4c6142a3cb1a1fe69d0b1a6d0e01a2e404c697962623,dfine_sahi,277967.0,unknown_object,0.353,143.71,397.64,162.38,408.85,209.2,18.67,11.2,1.666,False,,True,S-61,59,evt_S-61_desk_work_surface_0014,ed18f7516e3bc9ef,pose_hand_context,,24825.2,4.06,,1,cam12/e1/v1,rtmpose_baseline
full,03.CCTV Mobile Usage.mkv,632de9ed55947761d56d4c6142a3cb1a1fe69d0b1a6d0e01a2e404c697962623,dfine_sahi,277967.0,unknown_object,0.3319,103.14,409.52,170.97,434.77,1712.8,67.82,25.25,2.685,False,,True,S-61,59,evt_S-61_desk_work_surface_0014,ed18f7516e3bc9ef,pose_hand_context,,24825.2,4.06,,1,cam12/e1/v1,rtmpose_baseline
full,03.CCTV Mobile Usage.mkv,632de9ed55947761d56d4c6142a3cb1a1fe69d0b1a6d0e01a2e404c697962623,dfine_sahi,277967.0,unknown_object,0.284,80.99,408.09,170.89,450.77,3837.3,89.9,42.68,2.106,False,,True,S-61,59,evt_S-61_desk_work_surface_0014,ed18f7516e3bc9ef,pose_hand_context,,24825.2,4.06,,1,cam12/e1/v1,rtmpose_baseline
full,03.CCTV Mobile Usage.mkv,632de9ed55947761d56d4c6142a3cb1a1fe69d0b1a6d0e01a2e404c697962623,dfine_sahi,277967.0,unknown_object,0.2714,144.02,408.14,188.71,448.67,1811.3,44.69,40.53,1.103,False,,True,S-61,59,evt_S-61_desk_work_surface_0014,ed18f7516e3bc9ef,pose_hand_context,,24825.2,4.06,,1,cam12/e1/v1,rtmpose_baseline
full,03.CCTV Mobile Usage.mkv,632de9ed55947761d56d4c6142a3cb1a1fe69d0b1a6d0e01a2e404c697962623,dfine_sahi,278467.0,unknown_object,0.5757,103.15,460.08,168.0,509.29,3191.4,64.85,49.21,1.318,False,,True,S-61,59,evt_S-61_desk_work_surface_0014,2a36a7787b46837e,pose_hand_context,,23777.6,4.15,,1,cam12/e1/v1,rtmpose_baseline
full,03.CCTV Mobile Usage.mkv,632de9ed55947761d56d4c6142a3cb1a1fe69d0b1a6d0e01a2e404c697962623,dfine_sahi,278467.0,unknown_object,0.5368,77.06,398.34,230.73,551.33,23509.8,153.67,152.99,1.004,False,,True,S-61,59,evt_S-61_desk_work_surface_0014,2a36a7787b46837e,pose_hand_context,,23777.6,4.15,,1,cam12/e1/v1,rtmpose_baseline
full,03.CCTV Mobile Usage.mkv,632de9ed55947761d56d4c6142a3cb1a1fe69d0b1a6d0e01a2e404c697962623,dfine_sahi,278467.0,unknown_object,0.4964,140.01,485.56,206.16,555.68,4638.4,66.15,70.12,0.943,False,,True,S-61,59,evt_S-61_desk_work_surface_0014,2a36a7787b46837e,pose_hand_context,,23777.6,4.15,,1,cam12/e1/v1,rtmpose_baseline
full,03.CCTV Mobile Usage.mkv,632de9ed55947761d56d4c6142a3cb1a1fe69d0b1a6d0e01a2e404c697962623,dfine_sahi,278467.0,unknown_object,0.4869,72.29,393.22,167.97,488.42,9108.7,95.68,95.2,1.005,False,,True,S-61,59,evt_S-61_desk_work_surface_0014,2a36a7787b46837e,pose_hand_context,,23777.6,4.15,,1,cam12/e1/v1,rtmpose_baseline
full,03.CCTV Mobile Usage.mkv,632de9ed55947761d56d4c6142a3cb1a1fe69d0b1a6d0e01a2e404c697962623,dfine_sahi,278467.0,unknown_object,0.4382,72.0,460.17,167.95,555.44,9141.2,95.95,95.27,1.007,False,,True,S-61,59,evt_S-61_desk_work_surface_0014,2a36a7787b46837e,pose_hand_context,,23777.6,4.15,,1,cam12/e1/v1,rtmpose_baseline
full,03.CCTV Mobile Usage.mkv,632de9ed55947761d56d4c6142a3cb1a1fe69d0b1a6d0e01a2e404c697962623,dfine_sahi,278467.0,unknown_object,0.4355,140.1,393.72,235.94,488.41,9074.4,95.84,94.69,1.012,False,,True,S-61,59,evt_S-61_desk_work_surface_0014,2a36a7787b46837e,pose_hand_context,,23777.6,4.15,,1,cam12/e1/v1,rtmpose_baseline
full,03.CCTV Mobile Usage.mkv,632de9ed55947761d56d4c6142a3cb1a1fe69d0b1a6d0e01a2e404c697962623,dfine_sahi,278467.0,unknown_object,0.3974,140.0,394.7,185.57,448.15,2435.7,45.57,53.45,0.853,False,,True,S-61,59,evt_S-61_desk_work_surface_0014,2a36a7787b46837e,pose_hand_context,,23777.6,4.15,,1,cam12/e1/v1,rtmpose_baseline
full,03.CCTV Mobile Usage.mkv,632de9ed55947761d56d4c6142a3cb1a1fe69d0b1a6d0e01a2e404c697962623,dfine_sahi,278467.0,stationery,0.3266,138.33,506.08,165.27,521.96,427.7,26.94,15.87,1.697,False,,True,S-61,59,evt_S-61_desk_work_surface_0014,2a36a7787b46837e,pose_hand_context,,23777.6,4.15,,1,cam12/e1/v1,rtmpose_baseline
full,03.CCTV Mobile Usage.mkv,632de9ed55947761d56d4c6142a3cb1a1fe69d0b1a6d0e01a2e404c697962623,dfine_sahi,278467.0,unknown_object,0.303,79.96,393.13,167.67,436.01,3761.2,87.71,42.88,2.046,False,,True,S-61,59,evt_S-61_desk_work_surface_0014,2a36a7787b46837e,pose_hand_context,,23777.6,4.15,,1,cam12/e1/v1,rtmpose_baseline
full,03.CCTV Mobile Usage.mkv,632de9ed55947761d56d4c6142a3cb1a1fe69d0b1a6d0e01a2e404c697962623,dfine_sahi,278467.0,stationery,0.3017,138.76,505.42,203.62,551.7,3001.9,64.86,46.28,1.401,False,,True,S-61,59,evt_S-61_desk_work_surface_0014,2a36a7787b46837e,pose_hand_context,,23777.6,4.15,,1,cam12/e1/v1,rtmpose_baseline
full,03.CCTV Mobile Usage.mkv,632de9ed55947761d56d4c6142a3cb1a1fe69d0b1a6d0e01a2e404c697962623,dfine_sahi,278467.0,stationery,0.2607,139.99,486.09,165.96,521.79,927.2,25.97,35.7,0.727,False,,True,S-61,59,evt_S-61_desk_work_surface_0014,2a36a7787b46837e,pose_hand_context,,23777.6,4.15,,1,cam12/e1/v1,rtmpose_baseline
full,03.CCTV Mobile Usage.mkv,632de9ed55947761d56d4c6142a3cb1a1fe69d0b1a6d0e01a2e404c697962623,dfine_sahi,278467.0,keyboard,0.9216,962.2,452.0,1068.06,491.44,4174.9,105.86,39.44,2.684,False,,True,R-desk,60,evt_S-61_desk_work_surface_0014,e67f8a5d9e10f4f0,lap_bag_context,no_pose_observation,34560.0,1.33,,1,cam12/e1/v1,
full,03.CCTV Mobile Usage.mkv,632de9ed55947761d56d4c6142a3cb1a1fe69d0b1a6d0e01a2e404c697962623,dfine_sahi,278467.0,keyboard,0.7251,772.2,380.18,870.82,420.44,3970.8,98.62,40.26,2.449,False,,True,R-desk,60,evt_S-61_desk_work_surface_0014,e67f8a5d9e10f4f0,lap_bag_context,no_pose_observation,34560.0,1.33,,1,cam12/e1/v1,
full,03.CCTV Mobile Usage.mkv,632de9ed55947761d56d4c6142a3cb1a1fe69d0b1a6d0e01a2e404c697962623,dfine_sahi,278467.0,phone,0.721,1043.34,421.07,1112.18,473.98,3642.4,68.84,52.91,1.301,False,,True,R-desk,60,evt_S-61_desk_work_surface_0014,e67f8a5d9e10f4f0,lap_bag_context,no_pose_observation,34560.0,1.33,,1,cam12/e1/v1,
full,03.CCTV Mobile Usage.mkv,632de9ed55947761d56d4c6142a3cb1a1fe69d0b1a6d0e01a2e404c697962623,dfine_sahi,278467.0,monitor_or_bezel,0.7076,910.14,411.24,1141.27,506.38,21990.7,231.13,95.14,2.429,False,,True,R-desk,60,evt_S-61_desk_work_surface_0014,e67f8a5d9e10f4f0,lap_bag_context,no_pose_observation,34560.0,1.33,,1,cam12/e1/v1,
full,03.CCTV Mobile Usage.mkv,632de9ed55947761d56d4c6142a3cb1a1fe69d0b1a6d0e01a2e404c697962623,dfine_sahi,278467.0,mouse,0.7072,865.06,413.7,891.37,435.64,577.2,26.3,21.94,1.199,False,,True,R-desk,60,evt_S-61_desk_work_surface_0014,e67f8a5d9e10f4f0,lap_bag_context,no_pose_observation,34560.0,1.33,,1,cam12/e1/v1,
full,03.CCTV Mobile Usage.mkv,632de9ed55947761d56d4c6142a3cb1a1fe69d0b1a6d0e01a2e404c697962623,dfine_sahi,278467.0,unknown_object,0.6705,699.92,396.16,847.07,491.91,14089.9,147.16,95.75,1.537,False,,True,R-desk,60,evt_S-61_desk_work_surface_0014,e67f8a5d9e10f4f0,lap_bag_context,no_pose_observation,34560.0,1.33,,1,cam12/e1/v1,
full,03.CCTV Mobile Usage.mkv,632de9ed55947761d56d4c6142a3cb1a1fe69d0b1a6d0e01a2e404c697962623,dfine_sahi,278467.0,monitor_or_bezel,0.6583,1018.82,380.29,1152.49,473.39,12445.0,133.67,93.1,1.436,False,,True,R-desk,60,evt_S-61_desk_work_surface_0014,e67f8a5d9e10f4f0,lap_bag_context,no_pose_observation,34560.0,1.33,,1,cam12/e1/v1,
full,03.CCTV Mobile Usage.mkv,632de9ed55947761d56d4c6142a3cb1a1fe69d0b1a6d0e01a2e404c697962623,dfine_sahi,278467.0,keyboard,0.6472,962.84,452.44,1034.75,475.57,1662.9,71.91,23.13,3.109,False,,True,R-desk,60,evt_S-61_desk_work_surface_0014,e67f8a5d9e10f4f0,lap_bag_context,no_pose_observation,34560.0,1.33,,1,cam12/e1/v1,
full,03.CCTV Mobile Usage.mkv,632de9ed55947761d56d4c6142a3cb1a1fe69d0b1a6d0e01a2e404c697962623,dfine_sahi,278467.0,monitor_or_bezel,0.5558,708.27,379.88,969.48,474.9,24821.5,261.21,95.03,2.749,False,,True,R-desk,60,evt_S-61_desk_work_surface_0014,e67f8a5d9e10f4f0,lap_bag_context,no_pose_observation,34560.0,1.33,,1,cam12/e1/v1,
full,03.CCTV Mobile Usage.mkv,632de9ed55947761d56d4c6142a3cb1a1fe69d0b1a6d0e01a2e404c697962623,dfine_sahi,278467.0,keyboard,0.5547,802.3,396.25,870.91,420.77,1682.1,68.61,24.52,2.798,False,,True,R-desk,60,evt_S-61_desk_work_surface_0014,e67f8a5d9e10f4f0,lap_bag_context,no_pose_observation,34560.0,1.33,,1,cam12/e1/v1,
full,03.CCTV Mobile Usage.mkv,632de9ed55947761d56d4c6142a3cb1a1fe69d0b1a6d0e01a2e404c697962623,dfine_sahi,278467.0,unknown_object,0.4084,770.2,410.99,969.79,505.86,18935.6,199.59,94.87,2.104,False,,True,R-desk,60,evt_S-61_desk_work_surface_0014,e67f8a5d9e10f4f0,lap_bag_context,no_pose_observation,34560.0,1.33,,1,cam12/e1/v1,
full,03.CCTV Mobile Usage.mkv,632de9ed55947761d56d4c6142a3cb1a1fe69d0b1a6d0e01a2e404c697962623,dfine_sahi,278467.0,unknown_object,0.3544,700.02,380.63,762.65,475.01,5911.8,62.64,94.38,0.664,False,,True,R-desk,60,evt_S-61_desk_work_surface_0014,e67f8a5d9e10f4f0,lap_bag_context,no_pose_observation,34560.0,1.33,,1,cam12/e1/v1,
full,03.CCTV Mobile Usage.mkv,632de9ed55947761d56d4c6142a3cb1a1fe69d0b1a6d0e01a2e404c697962623,dfine_sahi,278467.0,mouse,0.3319,967.05,398.32,992.0,410.61,306.4,24.94,12.29,2.03,False,,True,R-desk,60,evt_S-61_desk_work_surface_0014,e67f8a5d9e10f4f0,lap_bag_context,no_pose_observation,34560.0,1.33,,1,cam12/e1/v1,
full,03.CCTV Mobile Usage.mkv,632de9ed55947761d56d4c6142a3cb1a1fe69d0b1a6d0e01a2e404c697962623,dfine_sahi,278467.0,unknown_object,0.3065,881.58,411.15,969.73,453.6,3742.3,88.16,42.45,2.077,False,,True,R-desk,60,evt_S-61_desk_work_surface_0014,e67f8a5d9e10f4f0,lap_bag_context,no_pose_observation,34560.0,1.33,,1,cam12/e1/v1,
full,03.CCTV Mobile Usage.mkv,632de9ed55947761d56d4c6142a3cb1a1fe69d0b1a6d0e01a2e404c697962623,dfine_sahi,278467.0,keyboard,0.2925,965.0,392.67,1108.46,474.74,11774.1,143.46,82.07,1.748,False,,True,R-desk,60,evt_S-61_desk_work_surface_0014,e67f8a5d9e10f4f0,lap_bag_context,no_pose_observation,34560.0,1.33,,1,cam12/e1/v1,
full,03.CCTV Mobile Usage.mkv,632de9ed55947761d56d4c6142a3cb1a1fe69d0b1a6d0e01a2e404c697962623,dfine_sahi,278467.0,monitor_or_bezel,0.2776,737.66,395.46,1146.77,490.59,38921.1,409.11,95.14,4.3,False,,True,R-desk,60,evt_S-61_desk_work_surface_0014,e67f8a5d9e10f4f0,lap_bag_context,no_pose_observation,34560.0,1.33,,1,cam12/e1/v1,
full,03.CCTV Mobile Usage.mkv,632de9ed55947761d56d4c6142a3cb1a1fe69d0b1a6d0e01a2e404c697962623,dfine_sahi,278467.0,monitor_or_bezel,0.2752,881.04,396.18,949.0,452.71,3841.8,67.96,56.53,1.202,False,,True,R-desk,60,evt_S-61_desk_work_surface_0014,e67f8a5d9e10f4f0,lap_bag_context,no_pose_observation,34560.0,1.33,,1,cam12/e1/v1,
full,03.CCTV Mobile Usage.mkv,632de9ed55947761d56d4c6142a3cb1a1fe69d0b1a6d0e01a2e404c697962623,dfine_sahi,278467.0,unknown_object,0.2685,880.29,411.49,969.88,505.43,8416.5,89.59,93.94,0.954,False,,True,R-desk,60,evt_S-61_desk_work_surface_0014,e67f8a5d9e10f4f0,lap_bag_context,no_pose_observation,34560.0,1.33,,1,cam12/e1/v1,
full,03.CCTV Mobile Usage.mkv,632de9ed55947761d56d4c6142a3cb1a1fe69d0b1a6d0e01a2e404c697962623,dfine_sahi,278467.0,mouse,0.255,990.88,399.42,1025.81,413.26,483.2,34.93,13.83,2.525,False,,True,R-desk,60,evt_S-61_desk_work_surface_0014,e67f8a5d9e10f4f0,lap_bag_context,no_pose_observation,34560.0,1.33,,1,cam12/e1/v1,
full,03.CCTV Mobile Usage.mkv,632de9ed55947761d56d4c6142a3cb1a1fe69d0b1a6d0e01a2e404c697962623,dfine_sahi,278467.0,keyboard,0.2526,910.09,411.47,1093.29,506.25,17365.3,183.2,94.79,1.933,False,,True,R-desk,60,evt_S-61_desk_work_surface_0014,e67f8a5d9e10f4f0,lap_bag_context,no_pose_observation,34560.0,1.33,,1,cam12/e1/v1,
full,03.CCTV Mobile Usage.mkv,632de9ed55947761d56d4c6142a3cb1a1fe69d0b1a6d0e01a2e404c697962623,dfine_sahi,278967.0,unknown_object,0.6196,117.03,381.27,185.53,475.88,6480.9,68.5,94.61,0.724,False,,True,S-61,59,evt_S-61_desk_work_surface_0014,bc9f42971f30cb09,pose_hand_context,,22302.4,4.29,,1,cam12/e1/v1,rtmpose_baseline
full,03.CCTV Mobile Usage.mkv,632de9ed55947761d56d4c6142a3cb1a1fe69d0b1a6d0e01a2e404c697962623,dfine_sahi,278967.0,unknown_object,0.5733,85.87,388.71,187.61,524.32,13795.2,101.73,135.6,0.75,False,,True,S-61,59,evt_S-61_desk_work_surface_0014,bc9f42971f30cb09,pose_hand_context,,22302.4,4.29,,1,cam12/e1/v1,rtmpose_baseline
full,03.CCTV Mobile Usage.mkv,632de9ed55947761d56d4c6142a3cb1a1fe69d0b1a6d0e01a2e404c697962623,dfine_sahi,278967.0,unknown_object,0.5695,51.03,381.25,146.93,476.45,9129.5,95.9,95.19,1.007,False,,True,S-61,59,evt_S-61_desk_work_surface_0014,bc9f42971f30cb09,pose_hand_context,,22302.4,4.29,,1,cam12/e1/v1,rtmpose_baseline
full,03.CCTV Mobile Usage.mkv,632de9ed55947761d56d4c6142a3cb1a1fe69d0b1a6d0e01a2e404c697962623,dfine_sahi,278967.0,unknown_object,0.5217,84.85,446.11,146.98,502.08,3477.5,62.13,55.97,1.11,False,,True,S-61,59,evt_S-61_desk_work_surface_0014,bc9f42971f30cb09,pose_hand_context,,22302.4,4.29,,1,cam12/e1/v1,rtmpose_baseline
full,03.CCTV Mobile Usage.mkv,632de9ed55947761d56d4c6142a3cb1a1fe69d0b1a6d0e01a2e404c697962623,dfine_sahi,278967.0,unknown_object,0.4046,117.01,471.47,197.82,541.66,5672.0,80.81,70.19,1.151,False,,True,S-61,59,evt_S-61_desk_work_surface_0014,bc9f42971f30cb09,pose_hand_context,,22302.4,4.29,,1,cam12/e1/v1,rtmpose_baseline
full,03.CCTV Mobile Usage.mkv,632de9ed55947761d56d4c6142a3cb1a1fe69d0b1a6d0e01a2e404c697962623,dfine_sahi,278967.0,stationery,0.3619,138.97,508.45,161.45,521.72,298.1,22.48,13.26,1.695,False,,True,S-61,59,evt_S-61_desk_work_surface_0014,bc9f42971f30cb09,pose_hand_context,,22302.4,4.29,,1,cam12/e1/v1,rtmpose_baseline
full,03.CCTV Mobile Usage.mkv,632de9ed55947761d56d4c6142a3cb1a1fe69d0b1a6d0e01a2e404c697962623,dfine_sahi,278967.0,stationery,0.3357,95.21,475.69,189.8,535.19,5628.5,94.59,59.5,1.59,False,,True,S-61,59,evt_S-61_desk_work_surface_0014,bc9f42971f30cb09,pose_hand_context,,22302.4,4.29,,1,cam12/e1/v1,rtmpose_baseline
full,03.CCTV Mobile Usage.mkv,632de9ed55947761d56d4c6142a3cb1a1fe69d0b1a6d0e01a2e404c697962623,dfine_sahi,278967.0,unknown_object,0.3206,51.1,446.15,146.92,541.26,9113.2,95.82,95.1,1.008,False,,True,S-61,59,evt_S-61_desk_work_surface_0014,bc9f42971f30cb09,pose_hand_context,,22302.4,4.29,,1,cam12/e1/v1,rtmpose_baseline
full,03.CCTV Mobile Usage.mkv,632de9ed55947761d56d4c6142a3cb1a1fe69d0b1a6d0e01a2e404c697962623,dfine_sahi,278967.0,unknown_object,0.3193,51.51,446.77,97.06,497.33,2302.5,45.54,50.55,0.901,False,,True,S-61,59,evt_S-61_desk_work_surface_0014,bc9f42971f30cb09,pose_hand_context,,22302.4,4.29,,1,cam12/e1/v1,rtmpose_baseline
full,03.CCTV Mobile Usage.mkv,632de9ed55947761d56d4c6142a3cb1a1fe69d0b1a6d0e01a2e404c697962623,dfine_sahi,278967.0,unknown_object,0.2885,173.4,391.87,212.93,476.46,3343.0,39.52,84.59,0.467,False,,True,S-61,59,evt_S-61_desk_work_surface_0014,bc9f42971f30cb09,pose_hand_context,,22302.4,4.29,,1,cam12/e1/v1,rtmpose_baseline
full,03.CCTV Mobile Usage.mkv,632de9ed55947761d56d4c6142a3cb1a1fe69d0b1a6d0e01a2e404c697962623,dfine_sahi,278967.0,unknown_object,0.2737,56.96,387.3,92.95,450.33,2268.4,35.99,63.03,0.571,False,,True,S-61,59,evt_S-61_desk_work_surface_0014,bc9f42971f30cb09,pose_hand_context,,22302.4,4.29,,1,cam12/e1/v1,rtmpose_baseline
full,03.CCTV Mobile Usage.mkv,632de9ed55947761d56d4c6142a3cb1a1fe69d0b1a6d0e01a2e404c697962623,dfine_sahi,278967.0,keyboard,0.916,962.09,451.98,1068.04,491.43,4179.2,105.95,39.45,2.686,False,,True,R-desk,60,evt_S-61_desk_work_surface_0014,f16c8c8aa9abb748,lap_bag_context,no_pose_observation,34560.0,1.33,,1,cam12/e1/v1,
full,03.CCTV Mobile Usage.mkv,632de9ed55947761d56d4c6142a3cb1a1fe69d0b1a6d0e01a2e404c697962623,dfine_sahi,278967.0,monitor_or_bezel,0.7997,910.01,411.24,1140.95,506.35,21964.5,230.94,95.11,2.428,False,,True,R-desk,60,evt_S-61_desk_work_surface_0014,f16c8c8aa9abb748,lap_bag_context,no_pose_observation,34560.0,1.33,,1,cam12/e1/v1,
full,03.CCTV Mobile Usage.mkv,632de9ed55947761d56d4c6142a3cb1a1fe69d0b1a6d0e01a2e404c697962623,dfine_sahi,278967.0,phone,0.7083,1043.48,421.47,1112.12,473.99,3605.4,68.64,52.52,1.307,False,,True,R-desk,60,evt_S-61_desk_work_surface_0014,f16c8c8aa9abb748,lap_bag_context,no_pose_observation,34560.0,1.33,,1,cam12/e1/v1,
full,03.CCTV Mobile Usage.mkv,632de9ed55947761d56d4c6142a3cb1a1fe69d0b1a6d0e01a2e404c697962623,dfine_sahi,278967.0,monitor_or_bezel,0.7059,707.74,379.91,969.59,474.79,24845.9,261.85,94.88,2.76,False,,True,R-desk,60,evt_S-61_desk_work_surface_0014,f16c8c8aa9abb748,lap_bag_context,no_pose_observation,34560.0,1.33,,1,cam12/e1/v1,
full,03.CCTV Mobile Usage.mkv,632de9ed55947761d56d4c6142a3cb1a1fe69d0b1a6d0e01a2e404c697962623,dfine_sahi,278967.0,mouse,0.687,865.14,413.64,891.29,434.84,554.4,26.15,21.2,1.233,False,,True,R-desk,60,evt_S-61_desk_work_surface_0014,f16c8c8aa9abb748,lap_bag_context,no_pose_observation,34560.0,1.33,,1,cam12/e1/v1,
full,03.CCTV Mobile Usage.mkv,632de9ed55947761d56d4c6142a3cb1a1fe69d0b1a6d0e01a2e404c697962623,dfine_sahi,278967.0,unknown_object,0.6816,699.82,411.22,872.12,506.24,16371.1,172.3,95.02,1.813,False,,True,R-desk,60,evt_S-61_desk_work_surface_0014,f16c8c8aa9abb748,lap_bag_context,no_pose_observation,34560.0,1.33,,1,cam12/e1/v1,
full,03.CCTV Mobile Usage.mkv,632de9ed55947761d56d4c6142a3cb1a1fe69d0b1a6d0e01a2e404c697962623,dfine_sahi,278967.0,keyboard,0.6803,772.52,380.19,870.71,420.28,3936.5,98.19,40.09,2.449,False,,True,R-desk,60,evt_S-61_desk_work_surface_0014,f16c8c8aa9abb748,lap_bag_context,no_pose_observation,34560.0,1.33,,1,cam12/e1/v1,
full,03.CCTV Mobile Usage.mkv,632de9ed55947761d56d4c6142a3cb1a1fe69d0b1a6d0e01a2e404c697962623,dfine_sahi,278967.0,keyboard,0.6435,962.87,452.26,1034.05,475.52,1656.1,71.18,23.27,3.059,False,,True,R-desk,60,evt_S-61_desk_work_surface_0014,f16c8c8aa9abb748,lap_bag_context,no_pose_observation,34560.0,1.33,,1,cam12/e1/v1,
full,03.CCTV Mobile Usage.mkv,632de9ed55947761d56d4c6142a3cb1a1fe69d0b1a6d0e01a2e404c697962623,dfine_sahi,278967.0,monitor_or_bezel,0.6295,1018.7,380.33,1152.7,472.96,12412.8,134.0,92.63,1.447,False,,True,R-desk,60,evt_S-61_desk_work_surface_0014,f16c8c8aa9abb748,lap_bag_context,no_pose_observation,34560.0,1.33,,1,cam12/e1/v1,
full,03.CCTV Mobile Usage.mkv,632de9ed55947761d56d4c6142a3cb1a1fe69d0b1a6d0e01a2e404c697962623,dfine_sahi,278967.0,keyboard,0.5502,802.6,396.32,870.66,420.6,1652.0,68.05,24.28,2.803,False,,True,R-desk,60,evt_S-61_desk_work_surface_0014,f16c8c8aa9abb748,lap_bag_context,no_pose_observation,34560.0,1.33,,1,cam12/e1/v1,
full,03.CCTV Mobile Usage.mkv,632de9ed55947761d56d4c6142a3cb1a1fe69d0b1a6d0e01a2e404c697962623,dfine_sahi,278967.0,unknown_object,0.5102,700.0,380.56,758.52,474.9,5521.1,58.52,94.34,0.62,False,,True,R-desk,60,evt_S-61_desk_work_surface_0014,f16c8c8aa9abb748,lap_bag_context,no_pose_observation,34560.0,1.33,,1,cam12/e1/v1,
full,03.CCTV Mobile Usage.mkv,632de9ed55947761d56d4c6142a3cb1a1fe69d0b1a6d0e01a2e404c697962623,dfine_sahi,278967.0,mouse,0.3714,967.08,398.39,992.13,410.56,304.8,25.06,12.16,2.06,False,,True,R-desk,60,evt_S-61_desk_work_surface_0014,f16c8c8aa9abb748,lap_bag_context,no_pose_observation,34560.0,1.33,,1,cam12/e1/v1,
full,03.CCTV Mobile Usage.mkv,632de9ed55947761d56d4c6142a3cb1a1fe69d0b1a6d0e01a2e404c697962623,dfine_sahi,278967.0,unknown_object,0.3545,766.46,411.05,969.92,505.89,19297.8,203.47,94.85,2.145,False,,True,R-desk,60,evt_S-61_desk_work_surface_0014,f16c8c8aa9abb748,lap_bag_context,no_pose_observation,34560.0,1.33,,1,cam12/e1/v1,
full,03.CCTV Mobile Usage.mkv,632de9ed55947761d56d4c6142a3cb1a1fe69d0b1a6d0e01a2e404c697962623,dfine_sahi,278967.0,keyboard,0.3474,910.09,411.31,1092.53,506.14,17300.4,182.44,94.83,1.924,False,,True,R-desk,60,evt_S-61_desk_work_surface_0014,f16c8c8aa9abb748,lap_bag_context,no_pose_observation,34560.0,1.33,,1,cam12/e1/v1,
full,03.CCTV Mobile Usage.mkv,632de9ed55947761d56d4c6142a3cb1a1fe69d0b1a6d0e01a2e404c697962623,dfine_sahi,278967.0,unknown_object,0.335,700.02,380.23,835.24,475.46,12877.6,135.22,95.23,1.42,False,,True,R-desk,60,evt_S-61_desk_work_surface_0014,f16c8c8aa9abb748,lap_bag_context,no_pose_observation,34560.0,1.33,,1,cam12/e1/v1,
full,03.CCTV Mobile Usage.mkv,632de9ed55947761d56d4c6142a3cb1a1fe69d0b1a6d0e01a2e404c697962623,dfine_sahi,278967.0,unknown_object,0.298,880.03,411.24,969.88,505.69,8486.6,89.85,94.45,0.951,False,,True,R-desk,60,evt_S-61_desk_work_surface_0014,f16c8c8aa9abb748,lap_bag_context,no_pose_observation,34560.0,1.33,,1,cam12/e1/v1,
full,03.CCTV Mobile Usage.mkv,632de9ed55947761d56d4c6142a3cb1a1fe69d0b1a6d0e01a2e404c697962623,dfine_sahi,278967.0,keyboard,0.2899,881.91,380.24,964.55,452.72,5989.5,82.64,72.48,1.14,False,,True,R-desk,60,evt_S-61_desk_work_surface_0014,f16c8c8aa9abb748,lap_bag_context,no_pose_observation,34560.0,1.33,,1,cam12/e1/v1,
full,03.CCTV Mobile Usage.mkv,632de9ed55947761d56d4c6142a3cb1a1fe69d0b1a6d0e01a2e404c697962623,dfine_sahi,278967.0,monitor_or_bezel,0.2769,881.33,396.17,948.67,452.68,3805.8,67.35,56.51,1.192,False,,True,R-desk,60,evt_S-61_desk_work_surface_0014,f16c8c8aa9abb748,lap_bag_context,no_pose_observation,34560.0,1.33,,1,cam12/e1/v1,
full,03.CCTV Mobile Usage.mkv,632de9ed55947761d56d4c6142a3cb1a1fe69d0b1a6d0e01a2e404c697962623,dfine_sahi,278967.0,monitor_or_bezel,0.2763,740.0,395.45,1146.67,491.08,38893.0,406.68,95.64,4.252,False,,True,R-desk,60,evt_S-61_desk_work_surface_0014,f16c8c8aa9abb748,lap_bag_context,no_pose_observation,34560.0,1.33,,1,cam12/e1/v1,
full,03.CCTV Mobile Usage.mkv,632de9ed55947761d56d4c6142a3cb1a1fe69d0b1a6d0e01a2e404c697962623,dfine_sahi,278967.0,keyboard,0.2637,965.04,392.71,1109.22,474.72,11824.8,144.19,82.01,1.758,False,,True,R-desk,60,evt_S-61_desk_work_surface_0014,f16c8c8aa9abb748,lap_bag_context,no_pose_observation,34560.0,1.33,,1,cam12/e1/v1,
full,03.CCTV Mobile Usage.mkv,632de9ed55947761d56d4c6142a3cb1a1fe69d0b1a6d0e01a2e404c697962623,dfine_sahi,279467.0,unknown_object,0.6575,57.09,337.16,153.96,434.49,9428.2,96.87,97.33,0.995,False,,True,S-61,59,evt_S-61_desk_work_surface_0014,a57b706d1278d0ee,pose_hand_context,,29804.6,3.71,,1,cam12/e1/v1,rtmpose_baseline
full,03.CCTV Mobile Usage.mkv,632de9ed55947761d56d4c6142a3cb1a1fe69d0b1a6d0e01a2e404c697962623,dfine_sahi,279467.0,stationery,0.6473,144.67,468.61,193.94,498.24,1459.9,49.27,29.63,1.663,False,,True,S-61,59,evt_S-61_desk_work_surface_0014,a57b706d1278d0ee,pose_hand_context,,29804.6,3.71,,1,cam12/e1/v1,rtmpose_baseline
full,03.CCTV Mobile Usage.mkv,632de9ed55947761d56d4c6142a3cb1a1fe69d0b1a6d0e01a2e404c697962623,dfine_sahi,279467.0,unknown_object,0.5808,79.91,413.12,153.92,455.01,3100.7,74.01,41.89,1.767,False,,True,S-61,59,evt_S-61_desk_work_surface_0014,a57b706d1278d0ee,pose_hand_context,,29804.6,3.71,,1,cam12/e1/v1,rtmpose_baseline
full,03.CCTV Mobile Usage.mkv,632de9ed55947761d56d4c6142a3cb1a1fe69d0b1a6d0e01a2e404c697962623,dfine_sahi,279467.0,unknown_object,0.444,132.09,413.18,228.93,509.43,9321.5,96.84,96.26,1.006,False,,True,S-61,59,evt_S-61_desk_work_surface_0014,a57b706d1278d0ee,pose_hand_context,,29804.6,3.71,,1,cam12/e1/v1,rtmpose_baseline
full,03.CCTV Mobile Usage.mkv,632de9ed55947761d56d4c6142a3cb1a1fe69d0b1a6d0e01a2e404c697962623,dfine_sahi,279467.0,unknown_object,0.3866,57.09,413.43,153.89,509.12,9264.1,96.81,95.7,1.012,False,,True,S-61,59,evt_S-61_desk_work_surface_0014,a57b706d1278d0ee,pose_hand_context,,29804.6,3.71,,1,cam12/e1/v1,rtmpose_baseline
full,03.CCTV Mobile Usage.mkv,632de9ed55947761d56d4c6142a3cb1a1fe69d0b1a6d0e01a2e404c697962623,dfine_sahi,279467.0,unknown_object,0.3752,140.32,468.91,194.41,509.48,2194.6,54.09,40.57,1.333,False,,True,S-61,59,evt_S-61_desk_work_surface_0014,a57b706d1278d0ee,pose_hand_context,,29804.6,3.71,,1,cam12/e1/v1,rtmpose_baseline
full,03.CCTV Mobile Usage.mkv,632de9ed55947761d56d4c6142a3cb1a1fe69d0b1a6d0e01a2e404c697962623,dfine_sahi,279467.0,stationery,0.3677,56.78,438.63,193.71,509.76,9739.7,136.93,71.13,1.925,False,,True,S-61,59,evt_S-61_desk_work_surface_0014,a57b706d1278d0ee,pose_hand_context,,29804.6,3.71,,1,cam12/e1/v1,rtmpose_baseline
full,03.CCTV Mobile Usage.mkv,632de9ed55947761d56d4c6142a3cb1a1fe69d0b1a6d0e01a2e404c697962623,dfine_sahi,279467.0,unknown_object,0.334,114.71,337.22,228.97,399.43,7108.6,114.26,62.22,1.836,False,,True,S-61,59,evt_S-61_desk_work_surface_0014,a57b706d1278d0ee,pose_hand_context,,29804.6,3.71,,1,cam12/e1/v1,rtmpose_baseline
full,03.CCTV Mobile Usage.mkv,632de9ed55947761d56d4c6142a3cb1a1fe69d0b1a6d0e01a2e404c697962623,dfine_sahi,279467.0,stationery,0.2867,145.58,478.38,169.54,497.05,447.3,23.95,18.67,1.283,False,,True,S-61,59,evt_S-61_desk_work_surface_0014,a57b706d1278d0ee,pose_hand_context,,29804.6,3.71,,1,cam12/e1/v1,rtmpose_baseline
full,03.CCTV Mobile Usage.mkv,632de9ed55947761d56d4c6142a3cb1a1fe69d0b1a6d0e01a2e404c697962623,dfine_sahi,279467.0,unknown_object,0.2713,172.98,397.86,209.84,434.77,1360.5,36.86,36.91,0.999,False,,True,S-61,59,evt_S-61_desk_work_surface_0014,a57b706d1278d0ee,pose_hand_context,,29804.6,3.71,,1,cam12/e1/v1,rtmpose_baseline
full,03.CCTV Mobile Usage.mkv,632de9ed55947761d56d4c6142a3cb1a1fe69d0b1a6d0e01a2e404c697962623,dfine_sahi,279467.0,unknown_object,0.2657,56.78,370.32,85.08,469.27,2800.8,28.31,98.95,0.286,False,,True,S-61,59,evt_S-61_desk_work_surface_0014,a57b706d1278d0ee,pose_hand_context,,29804.6,3.71,,1,cam12/e1/v1,rtmpose_baseline
full,03.CCTV Mobile Usage.mkv,632de9ed55947761d56d4c6142a3cb1a1fe69d0b1a6d0e01a2e404c697962623,dfine_sahi,279467.0,unknown_object,0.2645,132.05,408.81,177.99,434.83,1195.1,45.94,26.01,1.766,False,,True,S-61,59,evt_S-61_desk_work_surface_0014,a57b706d1278d0ee,pose_hand_context,,29804.6,3.71,,1,cam12/e1/v1,rtmpose_baseline
full,03.CCTV Mobile Usage.mkv,632de9ed55947761d56d4c6142a3cb1a1fe69d0b1a6d0e01a2e404c697962623,dfine_sahi,279467.0,stationery,0.2512,95.18,408.5,179.93,453.37,3802.7,84.76,44.87,1.889,False,,True,S-61,59,evt_S-61_desk_work_surface_0014,a57b706d1278d0ee,pose_hand_context,,29804.6,3.71,,1,cam12/e1/v1,rtmpose_baseline
full,03.CCTV Mobile Usage.mkv,632de9ed55947761d56d4c6142a3cb1a1fe69d0b1a6d0e01a2e404c697962623,dfine_sahi,279467.0,keyboard,0.916,962.09,451.97,1068.04,491.43,4180.3,105.95,39.46,2.685,False,,True,R-desk,60,evt_S-61_desk_work_surface_0014,c46ca4533dbf3ed3,lap_bag_context,no_pose_observation,34560.0,1.33,,1,cam12/e1/v1,
full,03.CCTV Mobile Usage.mkv,632de9ed55947761d56d4c6142a3cb1a1fe69d0b1a6d0e01a2e404c697962623,dfine_sahi,279467.0,monitor_or_bezel,0.7914,910.01,411.25,1140.82,506.33,21946.3,230.81,95.08,2.427,False,,True,R-desk,60,evt_S-61_desk_work_surface_0014,c46ca4533dbf3ed3,lap_bag_context,no_pose_observation,34560.0,1.33,,1,cam12/e1/v1,
full,03.CCTV Mobile Usage.mkv,632de9ed55947761d56d4c6142a3cb1a1fe69d0b1a6d0e01a2e404c697962623,dfine_sahi,279467.0,mouse,0.6899,865.16,413.7,891.3,434.88,553.6,26.13,21.18,1.234,False,,True,R-desk,60,evt_S-61_desk_work_surface_0014,c46ca4533dbf3ed3,lap_bag_context,no_pose_observation,34560.0,1.33,,1,cam12/e1/v1,
full,03.CCTV Mobile Usage.mkv,632de9ed55947761d56d4c6142a3cb1a1fe69d0b1a6d0e01a2e404c697962623,dfine_sahi,279467.0,keyboard,0.6849,772.67,380.19,870.71,420.21,3923.6,98.04,40.02,2.449,False,,True,R-desk,60,evt_S-61_desk_work_surface_0014,c46ca4533dbf3ed3,lap_bag_context,no_pose_observation,34560.0,1.33,,1,cam12/e1/v1,
full,03.CCTV Mobile Usage.mkv,632de9ed55947761d56d4c6142a3cb1a1fe69d0b1a6d0e01a2e404c697962623,dfine_sahi,279467.0,monitor_or_bezel,0.6773,707.56,379.9,969.46,474.8,24855.5,261.91,94.9,2.76,False,,True,R-desk,60,evt_S-61_desk_work_surface_0014,c46ca4533dbf3ed3,lap_bag_context,no_pose_observation,34560.0,1.33,,1,cam12/e1/v1,
full,03.CCTV Mobile Usage.mkv,632de9ed55947761d56d4c6142a3cb1a1fe69d0b1a6d0e01a2e404c697962623,dfine_sahi,279467.0,keyboard,0.6575,962.84,452.24,1034.0,475.51,1655.8,71.16,23.27,3.059,False,,True,R-desk,60,evt_S-61_desk_work_surface_0014,c46ca4533dbf3ed3,lap_bag_context,no_pose_observation,34560.0,1.33,,1,cam12/e1/v1,
full,03.CCTV Mobile Usage.mkv,632de9ed55947761d56d4c6142a3cb1a1fe69d0b1a6d0e01a2e404c697962623,dfine_sahi,279467.0,phone,0.6551,1043.5,421.52,1112.35,474.16,3624.5,68.85,52.65,1.308,False,,True,R-desk,60,evt_S-61_desk_work_surface_0014,c46ca4533dbf3ed3,lap_bag_context,no_pose_observation,34560.0,1.33,,1,cam12/e1/v1,
full,03.CCTV Mobile Usage.mkv,632de9ed55947761d56d4c6142a3cb1a1fe69d0b1a6d0e01a2e404c697962623,dfine_sahi,279467.0,monitor_or_bezel,0.6333,1018.68,395.93,1145.76,448.22,6644.9,127.08,52.29,2.43,False,,True,R-desk,60,evt_S-61_desk_work_surface_0014,c46ca4533dbf3ed3,lap_bag_context,no_pose_observation,34560.0,1.33,,1,cam12/e1/v1,
full,03.CCTV Mobile Usage.mkv,632de9ed55947761d56d4c6142a3cb1a1fe69d0b1a6d0e01a2e404c697962623,dfine_sahi,279467.0,unknown_object,0.6195,699.98,411.2,872.09,506.21,16351.1,172.1,95.01,1.812,False,,True,R-desk,60,evt_S-61_desk_work_surface_0014,c46ca4533dbf3ed3,lap_bag_context,no_pose_observation,34560.0,1.33,,1,cam12/e1/v1,
full,03.CCTV Mobile Usage.mkv,632de9ed55947761d56d4c6142a3cb1a1fe69d0b1a6d0e01a2e404c697962623,dfine_sahi,279467.0,monitor_or_bezel,0.5836,962.52,380.47,1153.09,474.91,17997.4,190.57,94.44,2.018,False,,True,R-desk,60,evt_S-61_desk_work_surface_0014,c46ca4533dbf3ed3,lap_bag_context,no_pose_observation,34560.0,1.33,,1,cam12/e1/v1,
full,03.CCTV Mobile Usage.mkv,632de9ed55947761d56d4c6142a3cb1a1fe69d0b1a6d0e01a2e404c697962623,dfine_sahi,279467.0,keyboard,0.5259,802.63,396.31,870.68,420.58,1651.7,68.05,24.27,2.804,False,,True,R-desk,60,evt_S-61_desk_work_surface_0014,c46ca4533dbf3ed3,lap_bag_context,no_pose_observation,34560.0,1.33,,1,cam12/e1/v1,
full,03.CCTV Mobile Usage.mkv,632de9ed55947761d56d4c6142a3cb1a1fe69d0b1a6d0e01a2e404c697962623,dfine_sahi,279467.0,unknown_object,0.5037,700.01,380.54,758.55,474.92,5525.3,58.54,94.38,0.62,False,,True,R-desk,60,evt_S-61_desk_work_surface_0014,c46ca4533dbf3ed3,lap_bag_context,no_pose_observation,34560.0,1.33,,1,cam12/e1/v1,
full,03.CCTV Mobile Usage.mkv,632de9ed55947761d56d4c6142a3cb1a1fe69d0b1a6d0e01a2e404c697962623,dfine_sahi,279467.0,unknown_object,0.3798,756.55,411.06,969.92,505.98,20252.6,213.37,94.92,2.248,False,,True,R-desk,60,evt_S-61_desk_work_surface_0014,c46ca4533dbf3ed3,lap_bag_context,no_pose_observation,34560.0,1.33,,1,cam12/e1/v1,
full,03.CCTV Mobile Usage.mkv,632de9ed55947761d56d4c6142a3cb1a1fe69d0b1a6d0e01a2e404c697962623,dfine_sahi,279467.0,mouse,0.3562,967.0,398.41,992.09,410.56,304.9,25.1,12.15,2.065,False,,True,R-desk,60,evt_S-61_desk_work_surface_0014,c46ca4533dbf3ed3,lap_bag_context,no_pose_observation,34560.0,1.33,,1,cam12/e1/v1,
full,03.CCTV Mobile Usage.mkv,632de9ed55947761d56d4c6142a3cb1a1fe69d0b1a6d0e01a2e404c697962623,dfine_sahi,279467.0,unknown_object,0.3547,700.05,380.24,837.13,475.44,13049.3,137.08,95.2,1.44,False,,True,R-desk,60,evt_S-61_desk_work_surface_0014,c46ca4533dbf3ed3,lap_bag_context,no_pose_observation,34560.0,1.33,,1,cam12/e1/v1,
full,03.CCTV Mobile Usage.mkv,632de9ed55947761d56d4c6142a3cb1a1fe69d0b1a6d0e01a2e404c697962623,dfine_sahi,279467.0,keyboard,0.3241,910.09,411.22,1093.35,506.12,17392.0,183.26,94.9,1.931,False,,True,R-desk,60,evt_S-61_desk_work_surface_0014,c46ca4533dbf3ed3,lap_bag_context,no_pose_observation,34560.0,1.33,,1,cam12/e1/v1,
full,03.CCTV Mobile Usage.mkv,632de9ed55947761d56d4c6142a3cb1a1fe69d0b1a6d0e01a2e404c697962623,dfine_sahi,279467.0,keyboard,0.3195,965.1,390.57,1109.95,474.76,12194.7,144.85,84.19,1.721,False,,True,R-desk,60,evt_S-61_desk_work_surface_0014,c46ca4533dbf3ed3,lap_bag_context,no_pose_observation,34560.0,1.33,,1,cam12/e1/v1,
full,03.CCTV Mobile Usage.mkv,632de9ed55947761d56d4c6142a3cb1a1fe69d0b1a6d0e01a2e404c697962623,dfine_sahi,279467.0,unknown_object,0.3001,880.2,411.2,969.89,505.61,8468.4,89.69,94.42,0.95,False,,True,R-desk,60,evt_S-61_desk_work_surface_0014,c46ca4533dbf3ed3,lap_bag_context,no_pose_observation,34560.0,1.33,,1,cam12/e1/v1,
full,03.CCTV Mobile Usage.mkv,632de9ed55947761d56d4c6142a3cb1a1fe69d0b1a6d0e01a2e404c697962623,dfine_sahi,279467.0,monitor_or_bezel,0.276,881.33,396.16,948.79,452.66,3812.0,67.46,56.51,1.194,False,,True,R-desk,60,evt_S-61_desk_work_surface_0014,c46ca4533dbf3ed3,lap_bag_context,no_pose_observation,34560.0,1.33,,1,cam12/e1/v1,
full,03.CCTV Mobile Usage.mkv,632de9ed55947761d56d4c6142a3cb1a1fe69d0b1a6d0e01a2e404c697962623,dfine_sahi,279467.0,monitor_or_bezel,0.2716,735.59,395.69,1146.66,491.15,39244.5,411.08,95.47,4.306,False,,True,R-desk,60,evt_S-61_desk_work_surface_0014,c46ca4533dbf3ed3,lap_bag_context,no_pose_observation,34560.0,1.33,,1,cam12/e1/v1,
full,03.CCTV Mobile Usage.mkv,632de9ed55947761d56d4c6142a3cb1a1fe69d0b1a6d0e01a2e404c697962623,dfine_sahi,279467.0,unknown_object,0.2597,881.57,411.14,932.83,452.97,2144.6,51.27,41.83,1.226,False,,True,R-desk,60,evt_S-61_desk_work_surface_0014,c46ca4533dbf3ed3,lap_bag_context,no_pose_observation,34560.0,1.33,,1,cam12/e1/v1,
full,03.CCTV Mobile Usage.mkv,632de9ed55947761d56d4c6142a3cb1a1fe69d0b1a6d0e01a2e404c697962623,dfine_sahi,279467.0,keyboard,0.2552,881.85,380.18,964.2,452.74,5974.9,82.35,72.55,1.135,False,,True,R-desk,60,evt_S-61_desk_work_surface_0014,c46ca4533dbf3ed3,lap_bag_context,no_pose_observation,34560.0,1.33,,1,cam12/e1/v1,
full,03.CCTV Mobile Usage.mkv,632de9ed55947761d56d4c6142a3cb1a1fe69d0b1a6d0e01a2e404c697962623,dfine_sahi,279967.0,unknown_object,0.6244,80.08,414.1,156.97,455.56,3187.9,76.89,41.46,1.855,False,,True,S-61,59,evt_S-61_desk_work_surface_0014,831db152296d33cf,pose_hand_context,,30653.0,3.66,,1,cam12/e1/v1,rtmpose_baseline
full,03.CCTV Mobile Usage.mkv,632de9ed55947761d56d4c6142a3cb1a1fe69d0b1a6d0e01a2e404c697962623,dfine_sahi,279967.0,unknown_object,0.4876,58.07,338.12,157.01,435.06,9591.7,98.94,96.94,1.021,False,,True,S-61,59,evt_S-61_desk_work_surface_0014,831db152296d33cf,pose_hand_context,,30653.0,3.66,,1,cam12/e1/v1,rtmpose_baseline
full,03.CCTV Mobile Usage.mkv,632de9ed55947761d56d4c6142a3cb1a1fe69d0b1a6d0e01a2e404c697962623,dfine_sahi,279967.0,unknown_object,0.3927,58.0,370.7,84.38,446.94,2011.3,26.38,76.24,0.346,False,,True,S-61,59,evt_S-61_desk_work_surface_0014,831db152296d33cf,pose_hand_context,,30653.0,3.66,,1,cam12/e1/v1,rtmpose_baseline
full,03.CCTV Mobile Usage.mkv,632de9ed55947761d56d4c6142a3cb1a1fe69d0b1a6d0e01a2e404c697962623,dfine_sahi,279967.0,unknown_object,0.368,57.93,440.03,202.62,511.43,10331.7,144.7,71.4,2.027,False,,True,S-61,59,evt_S-61_desk_work_surface_0014,831db152296d33cf,pose_hand_context,,30653.0,3.66,,1,cam12/e1/v1,rtmpose_baseline
full,03.CCTV Mobile Usage.mkv,632de9ed55947761d56d4c6142a3cb1a1fe69d0b1a6d0e01a2e404c697962623,dfine_sahi,279967.0,phone,0.3555,135.05,394.57,169.0,416.05,729.0,33.95,21.47,1.581,False,,True,S-61,59,evt_S-61_desk_work_surface_0014,831db152296d33cf,pose_hand_context,,30653.0,3.66,,1,cam12/e1/v1,rtmpose_baseline
full,03.CCTV Mobile Usage.mkv,632de9ed55947761d56d4c6142a3cb1a1fe69d0b1a6d0e01a2e404c697962623,dfine_sahi,279967.0,unknown_object,0.2665,122.21,491.7,139.64,507.81,281.0,17.44,16.11,1.082,False,,True,S-61,59,evt_S-61_desk_work_surface_0014,831db152296d33cf,pose_hand_context,,30653.0,3.66,,1,cam12/e1/v1,rtmpose_baseline
full,03.CCTV Mobile Usage.mkv,632de9ed55947761d56d4c6142a3cb1a1fe69d0b1a6d0e01a2e404c697962623,dfine_sahi,279967.0,keyboard,0.9165,962.16,451.91,1068.04,491.45,4186.5,105.88,39.54,2.678,False,,True,R-desk,60,evt_S-61_desk_work_surface_0014,fc4c51e482763b48,lap_bag_context,no_pose_observation,34560.0,1.33,,1,cam12/e1/v1,
full,03.CCTV Mobile Usage.mkv,632de9ed55947761d56d4c6142a3cb1a1fe69d0b1a6d0e01a2e404c697962623,dfine_sahi,279967.0,monitor_or_bezel,0.807,910.0,411.24,1140.93,506.36,21966.2,230.93,95.12,2.428,False,,True,R-desk,60,evt_S-61_desk_work_surface_0014,fc4c51e482763b48,lap_bag_context,no_pose_observation,34560.0,1.33,,1,cam12/e1/v1,
full,03.CCTV Mobile Usage.mkv,632de9ed55947761d56d4c6142a3cb1a1fe69d0b1a6d0e01a2e404c697962623,dfine_sahi,279967.0,mouse,0.7462,865.14,413.58,891.31,434.81,555.8,26.18,21.23,1.233,False,,True,R-desk,60,evt_S-61_desk_work_surface_0014,fc4c51e482763b48,lap_bag_context,no_pose_observation,34560.0,1.33,,1,cam12/e1/v1,
full,03.CCTV Mobile Usage.mkv,632de9ed55947761d56d4c6142a3cb1a1fe69d0b1a6d0e01a2e404c697962623,dfine_sahi,279967.0,keyboard,0.7007,772.81,380.19,870.69,420.27,3923.2,97.88,40.08,2.442,False,,True,R-desk,60,evt_S-61_desk_work_surface_0014,fc4c51e482763b48,lap_bag_context,no_pose_observation,34560.0,1.33,,1,cam12/e1/v1,
full,03.CCTV Mobile Usage.mkv,632de9ed55947761d56d4c6142a3cb1a1fe69d0b1a6d0e01a2e404c697962623,dfine_sahi,279967.0,unknown_object,0.6873,699.9,411.14,871.88,506.27,16360.0,171.98,95.13,1.808,False,,True,R-desk,60,evt_S-61_desk_work_surface_0014,fc4c51e482763b48,lap_bag_context,no_pose_observation,34560.0,1.33,,1,cam12/e1/v1,
full,03.CCTV Mobile Usage.mkv,632de9ed55947761d56d4c6142a3cb1a1fe69d0b1a6d0e01a2e404c697962623,dfine_sahi,279967.0,monitor_or_bezel,0.6721,707.67,379.88,969.48,474.84,24862.7,261.82,94.96,2.757,False,,True,R-desk,60,evt_S-61_desk_work_surface_0014,fc4c51e482763b48,lap_bag_context,no_pose_observation,34560.0,1.33,,1,cam12/e1/v1,
full,03.CCTV Mobile Usage.mkv,632de9ed55947761d56d4c6142a3cb1a1fe69d0b1a6d0e01a2e404c697962623,dfine_sahi,279967.0,keyboard,0.6671,962.77,452.26,1033.8,475.52,1651.9,71.03,23.26,3.054,False,,True,R-desk,60,evt_S-61_desk_work_surface_0014,fc4c51e482763b48,lap_bag_context,no_pose_observation,34560.0,1.33,,1,cam12/e1/v1,
full,03.CCTV Mobile Usage.mkv,632de9ed55947761d56d4c6142a3cb1a1fe69d0b1a6d0e01a2e404c697962623,dfine_sahi,279967.0,monitor_or_bezel,0.6596,1018.49,395.9,1146.01,448.42,6697.0,127.52,52.52,2.428,False,,True,R-desk,60,evt_S-61_desk_work_surface_0014,fc4c51e482763b48,lap_bag_context,no_pose_observation,34560.0,1.33,,1,cam12/e1/v1,
full,03.CCTV Mobile Usage.mkv,632de9ed55947761d56d4c6142a3cb1a1fe69d0b1a6d0e01a2e404c697962623,dfine_sahi,279967.0,phone,0.6517,1043.67,421.66,1112.44,474.3,3619.3,68.77,52.63,1.307,False,,True,R-desk,60,evt_S-61_desk_work_surface_0014,fc4c51e482763b48,lap_bag_context,no_pose_observation,34560.0,1.33,,1,cam12/e1/v1,
full,03.CCTV Mobile Usage.mkv,632de9ed55947761d56d4c6142a3cb1a1fe69d0b1a6d0e01a2e404c697962623,dfine_sahi,279967.0,monitor_or_bezel,0.6012,962.75,380.52,1153.03,474.93,17963.7,190.28,94.41,2.015,False,,True,R-desk,60,evt_S-61_desk_work_surface_0014,fc4c51e482763b48,lap_bag_context,no_pose_observation,34560.0,1.33,,1,cam12/e1/v1,
full,03.CCTV Mobile Usage.mkv,632de9ed55947761d56d4c6142a3cb1a1fe69d0b1a6d0e01a2e404c697962623,dfine_sahi,279967.0,keyboard,0.5628,802.93,396.28,870.65,420.59,1646.3,67.73,24.31,2.786,False,,True,R-desk,60,evt_S-61_desk_work_surface_0014,fc4c51e482763b48,lap_bag_context,no_pose_observation,34560.0,1.33,,1,cam12/e1/v1,
full,03.CCTV Mobile Usage.mkv,632de9ed55947761d56d4c6142a3cb1a1fe69d0b1a6d0e01a2e404c697962623,dfine_sahi,279967.0,unknown_object,0.4913,700.05,380.62,758.63,474.92,5524.1,58.58,94.3,0.621,False,,True,R-desk,60,evt_S-61_desk_work_surface_0014,fc4c51e482763b48,lap_bag_context,no_pose_observation,34560.0,1.33,,1,cam12/e1/v1,
full,03.CCTV Mobile Usage.mkv,632de9ed55947761d56d4c6142a3cb1a1fe69d0b1a6d0e01a2e404c697962623,dfine_sahi,279967.0,mouse,0.3659,966.92,398.38,992.03,410.56,305.9,25.1,12.19,2.06,False,,True,R-desk,60,evt_S-61_desk_work_surface_0014,fc4c51e482763b48,lap_bag_context,no_pose_observation,34560.0,1.33,,1,cam12/e1/v1,
full,03.CCTV Mobile Usage.mkv,632de9ed55947761d56d4c6142a3cb1a1fe69d0b1a6d0e01a2e404c697962623,dfine_sahi,279967.0,unknown_object,0.365,767.91,411.06,969.89,505.86,19146.1,201.98,94.79,2.131,False,,True,R-desk,60,evt_S-61_desk_work_surface_0014,fc4c51e482763b48,lap_bag_context,no_pose_observation,34560.0,1.33,,1,cam12/e1/v1,
full,03.CCTV Mobile Usage.mkv,632de9ed55947761d56d4c6142a3cb1a1fe69d0b1a6d0e01a2e404c697962623,dfine_sahi,279967.0,unknown_object,0.3593,700.06,380.3,838.58,475.39,13173.1,138.53,95.09,1.457,False,,True,R-desk,60,evt_S-61_desk_work_surface_0014,fc4c51e482763b48,lap_bag_context,no_pose_observation,34560.0,1.33,,1,cam12/e1/v1,
full,03.CCTV Mobile Usage.mkv,632de9ed55947761d56d4c6142a3cb1a1fe69d0b1a6d0e01a2e404c697962623,dfine_sahi,279967.0,keyboard,0.3364,910.1,411.4,1092.82,506.15,17311.7,182.72,94.74,1.929,False,,True,R-desk,60,evt_S-61_desk_work_surface_0014,fc4c51e482763b48,lap_bag_context,no_pose_observation,34560.0,1.33,,1,cam12/e1/v1,
full,03.CCTV Mobile Usage.mkv,632de9ed55947761d56d4c6142a3cb1a1fe69d0b1a6d0e01a2e404c697962623,dfine_sahi,279967.0,unknown_object,0.3225,880.07,411.27,969.87,505.66,8475.9,89.8,94.39,0.951,False,,True,R-desk,60,evt_S-61_desk_work_surface_0014,fc4c51e482763b48,lap_bag_context,no_pose_observation,34560.0,1.33,,1,cam12/e1/v1,
full,03.CCTV Mobile Usage.mkv,632de9ed55947761d56d4c6142a3cb1a1fe69d0b1a6d0e01a2e404c697962623,dfine_sahi,279967.0,keyboard,0.2861,882.03,380.2,965.51,452.7,6052.3,83.48,72.5,1.151,False,,True,R-desk,60,evt_S-61_desk_work_surface_0014,fc4c51e482763b48,lap_bag_context,no_pose_observation,34560.0,1.33,,1,cam12/e1/v1,
full,03.CCTV Mobile Usage.mkv,632de9ed55947761d56d4c6142a3cb1a1fe69d0b1a6d0e01a2e404c697962623,dfine_sahi,279967.0,monitor_or_bezel,0.286,881.36,396.15,949.22,452.58,3829.0,67.86,56.43,1.203,False,,True,R-desk,60,evt_S-61_desk_work_surface_0014,fc4c51e482763b48,lap_bag_context,no_pose_observation,34560.0,1.33,,1,cam12/e1/v1,
full,03.CCTV Mobile Usage.mkv,632de9ed55947761d56d4c6142a3cb1a1fe69d0b1a6d0e01a2e404c697962623,dfine_sahi,279967.0,mouse,0.2785,991.53,400.72,1028.54,413.61,477.1,37.01,12.89,2.871,False,,True,R-desk,60,evt_S-61_desk_work_surface_0014,fc4c51e482763b48,lap_bag_context,no_pose_observation,34560.0,1.33,,1,cam12/e1/v1,
full,03.CCTV Mobile Usage.mkv,632de9ed55947761d56d4c6142a3cb1a1fe69d0b1a6d0e01a2e404c697962623,dfine_sahi,279967.0,keyboard,0.2614,964.01,385.59,1110.81,474.87,13106.9,146.8,89.28,1.644,False,,True,R-desk,60,evt_S-61_desk_work_surface_0014,fc4c51e482763b48,lap_bag_context,no_pose_observation,34560.0,1.33,,1,cam12/e1/v1,
full,03.CCTV Mobile Usage.mkv,632de9ed55947761d56d4c6142a3cb1a1fe69d0b1a6d0e01a2e404c697962623,dfine_sahi,279967.0,unknown_object,0.2531,881.46,411.15,933.05,452.91,2154.6,51.59,41.76,1.235,False,,True,R-desk,60,evt_S-61_desk_work_surface_0014,fc4c51e482763b48,lap_bag_context,no_pose_observation,34560.0,1.33,,1,cam12/e1/v1,
full,03.CCTV Mobile Usage.mkv,632de9ed55947761d56d4c6142a3cb1a1fe69d0b1a6d0e01a2e404c697962623,dfine_sahi,279967.0,monitor_or_bezel,0.2502,737.24,395.72,1139.31,491.29,38423.8,402.07,95.56,4.207,False,,True,R-desk,60,evt_S-61_desk_work_surface_0014,fc4c51e482763b48,lap_bag_context,no_pose_observation,34560.0,1.33,,1,cam12/e1/v1,
full,03.CCTV Mobile Usage.mkv,632de9ed55947761d56d4c6142a3cb1a1fe69d0b1a6d0e01a2e404c697962623,dfine_sahi,280467.0,keyboard,0.9166,962.16,451.91,1068.04,491.45,4186.5,105.88,39.54,2.678,False,,True,R-desk,60,evt_S-61_desk_work_surface_0014,ee24b459f33e7687,lap_bag_context,no_pose_observation,34560.0,1.33,,1,cam12/e1/v1,
full,03.CCTV Mobile Usage.mkv,632de9ed55947761d56d4c6142a3cb1a1fe69d0b1a6d0e01a2e404c697962623,dfine_sahi,280467.0,monitor_or_bezel,0.807,910.0,411.24,1140.93,506.36,21966.2,230.93,95.12,2.428,False,,True,R-desk,60,evt_S-61_desk_work_surface_0014,ee24b459f33e7687,lap_bag_context,no_pose_observation,34560.0,1.33,,1,cam12/e1/v1,
full,03.CCTV Mobile Usage.mkv,632de9ed55947761d56d4c6142a3cb1a1fe69d0b1a6d0e01a2e404c697962623,dfine_sahi,280467.0,mouse,0.7453,865.14,413.58,891.31,434.81,555.7,26.18,21.23,1.233,False,,True,R-desk,60,evt_S-61_desk_work_surface_0014,ee24b459f33e7687,lap_bag_context,no_pose_observation,34560.0,1.33,,1,cam12/e1/v1,
full,03.CCTV Mobile Usage.mkv,632de9ed55947761d56d4c6142a3cb1a1fe69d0b1a6d0e01a2e404c697962623,dfine_sahi,280467.0,keyboard,0.7005,772.81,380.19,870.69,420.27,3923.3,97.88,40.08,2.442,False,,True,R-desk,60,evt_S-61_desk_work_surface_0014,ee24b459f33e7687,lap_bag_context,no_pose_observation,34560.0,1.33,,1,cam12/e1/v1,
full,03.CCTV Mobile Usage.mkv,632de9ed55947761d56d4c6142a3cb1a1fe69d0b1a6d0e01a2e404c697962623,dfine_sahi,280467.0,unknown_object,0.6873,699.9,411.14,871.88,506.27,16360.0,171.98,95.13,1.808,False,,True,R-desk,60,evt_S-61_desk_work_surface_0014,ee24b459f33e7687,lap_bag_context,no_pose_observation,34560.0,1.33,,1,cam12/e1/v1,
full,03.CCTV Mobile Usage.mkv,632de9ed55947761d56d4c6142a3cb1a1fe69d0b1a6d0e01a2e404c697962623,dfine_sahi,280467.0,monitor_or_bezel,0.6736,707.68,379.88,969.49,474.84,24860.1,261.81,94.96,2.757,False,,True,R-desk,60,evt_S-61_desk_work_surface_0014,ee24b459f33e7687,lap_bag_context,no_pose_observation,34560.0,1.33,,1,cam12/e1/v1,
full,03.CCTV Mobile Usage.mkv,632de9ed55947761d56d4c6142a3cb1a1fe69d0b1a6d0e01a2e404c697962623,dfine_sahi,280467.0,keyboard,0.6656,962.77,452.27,1033.79,475.52,1651.1,71.02,23.25,3.055,False,,True,R-desk,60,evt_S-61_desk_work_surface_0014,ee24b459f33e7687,lap_bag_context,no_pose_observation,34560.0,1.33,,1,cam12/e1/v1,
full,03.CCTV Mobile Usage.mkv,632de9ed55947761d56d4c6142a3cb1a1fe69d0b1a6d0e01a2e404c697962623,dfine_sahi,280467.0,monitor_or_bezel,0.6574,1018.51,395.9,1146.0,448.42,6696.8,127.49,52.53,2.427,False,,True,R-desk,60,evt_S-61_desk_work_surface_0014,ee24b459f33e7687,lap_bag_context,no_pose_observation,34560.0,1.33,,1,cam12/e1/v1,
full,03.CCTV Mobile Usage.mkv,632de9ed55947761d56d4c6142a3cb1a1fe69d0b1a6d0e01a2e404c697962623,dfine_sahi,280467.0,phone,0.6517,1043.67,421.66,1112.44,474.3,3619.3,68.77,52.63,1.307,False,,True,R-desk,60,evt_S-61_desk_work_surface_0014,ee24b459f33e7687,lap_bag_context,no_pose_observation,34560.0,1.33,,1,cam12/e1/v1,
full,03.CCTV Mobile Usage.mkv,632de9ed55947761d56d4c6142a3cb1a1fe69d0b1a6d0e01a2e404c697962623,dfine_sahi,280467.0,monitor_or_bezel,0.5972,962.71,380.51,1153.05,474.93,17971.4,190.34,94.42,2.016,False,,True,R-desk,60,evt_S-61_desk_work_surface_0014,ee24b459f33e7687,lap_bag_context,no_pose_observation,34560.0,1.33,,1,cam12/e1/v1,
full,03.CCTV Mobile Usage.mkv,632de9ed55947761d56d4c6142a3cb1a1fe69d0b1a6d0e01a2e404c697962623,dfine_sahi,280467.0,keyboard,0.5601,802.93,396.28,870.65,420.59,1646.2,67.72,24.31,2.786,False,,True,R-desk,60,evt_S-61_desk_work_surface_0014,ee24b459f33e7687,lap_bag_context,no_pose_observation,34560.0,1.33,,1,cam12/e1/v1,
full,03.CCTV Mobile Usage.mkv,632de9ed55947761d56d4c6142a3cb1a1fe69d0b1a6d0e01a2e404c697962623,dfine_sahi,280467.0,unknown_object,0.4919,700.05,380.62,758.63,474.92,5524.4,58.58,94.3,0.621,False,,True,R-desk,60,evt_S-61_desk_work_surface_0014,ee24b459f33e7687,lap_bag_context,no_pose_observation,34560.0,1.33,,1,cam12/e1/v1,
full,03.CCTV Mobile Usage.mkv,632de9ed55947761d56d4c6142a3cb1a1fe69d0b1a6d0e01a2e404c697962623,dfine_sahi,280467.0,mouse,0.3654,966.92,398.38,992.03,410.56,305.9,25.1,12.19,2.06,False,,True,R-desk,60,evt_S-61_desk_work_surface_0014,ee24b459f33e7687,lap_bag_context,no_pose_observation,34560.0,1.33,,1,cam12/e1/v1,
full,03.CCTV Mobile Usage.mkv,632de9ed55947761d56d4c6142a3cb1a1fe69d0b1a6d0e01a2e404c697962623,dfine_sahi,280467.0,unknown_object,0.365,767.91,411.06,969.89,505.86,19146.1,201.98,94.79,2.131,False,,True,R-desk,60,evt_S-61_desk_work_surface_0014,ee24b459f33e7687,lap_bag_context,no_pose_observation,34560.0,1.33,,1,cam12/e1/v1,
full,03.CCTV Mobile Usage.mkv,632de9ed55947761d56d4c6142a3cb1a1fe69d0b1a6d0e01a2e404c697962623,dfine_sahi,280467.0,unknown_object,0.3587,700.05,380.3,838.57,475.39,13172.5,138.52,95.1,1.457,False,,True,R-desk,60,evt_S-61_desk_work_surface_0014,ee24b459f33e7687,lap_bag_context,no_pose_observation,34560.0,1.33,,1,cam12/e1/v1,
full,03.CCTV Mobile Usage.mkv,632de9ed55947761d56d4c6142a3cb1a1fe69d0b1a6d0e01a2e404c697962623,dfine_sahi,280467.0,keyboard,0.3364,910.1,411.4,1092.82,506.15,17311.7,182.72,94.74,1.929,False,,True,R-desk,60,evt_S-61_desk_work_surface_0014,ee24b459f33e7687,lap_bag_context,no_pose_observation,34560.0,1.33,,1,cam12/e1/v1,
full,03.CCTV Mobile Usage.mkv,632de9ed55947761d56d4c6142a3cb1a1fe69d0b1a6d0e01a2e404c697962623,dfine_sahi,280467.0,unknown_object,0.3225,880.07,411.27,969.87,505.66,8475.9,89.8,94.39,0.951,False,,True,R-desk,60,evt_S-61_desk_work_surface_0014,ee24b459f33e7687,lap_bag_context,no_pose_observation,34560.0,1.33,,1,cam12/e1/v1,
full,03.CCTV Mobile Usage.mkv,632de9ed55947761d56d4c6142a3cb1a1fe69d0b1a6d0e01a2e404c697962623,dfine_sahi,280467.0,monitor_or_bezel,0.2858,881.36,396.15,949.21,452.58,3828.9,67.85,56.43,1.202,False,,True,R-desk,60,evt_S-61_desk_work_surface_0014,ee24b459f33e7687,lap_bag_context,no_pose_observation,34560.0,1.33,,1,cam12/e1/v1,
full,03.CCTV Mobile Usage.mkv,632de9ed55947761d56d4c6142a3cb1a1fe69d0b1a6d0e01a2e404c697962623,dfine_sahi,280467.0,keyboard,0.2855,882.02,380.21,965.45,452.7,6048.0,83.43,72.49,1.151,False,,True,R-desk,60,evt_S-61_desk_work_surface_0014,ee24b459f33e7687,lap_bag_context,no_pose_observation,34560.0,1.33,,1,cam12/e1/v1,
full,03.CCTV Mobile Usage.mkv,632de9ed55947761d56d4c6142a3cb1a1fe69d0b1a6d0e01a2e404c697962623,dfine_sahi,280467.0,mouse,0.2776,991.54,400.72,1028.54,413.61,477.0,37.0,12.89,2.87,False,,True,R-desk,60,evt_S-61_desk_work_surface_0014,ee24b459f33e7687,lap_bag_context,no_pose_observation,34560.0,1.33,,1,cam12/e1/v1,
full,03.CCTV Mobile Usage.mkv,632de9ed55947761d56d4c6142a3cb1a1fe69d0b1a6d0e01a2e404c697962623,dfine_sahi,280467.0,keyboard,0.2652,964.06,385.79,1110.78,474.87,13069.4,146.72,89.08,1.647,False,,True,R-desk,60,evt_S-61_desk_work_surface_0014,ee24b459f33e7687,lap_bag_context,no_pose_observation,34560.0,1.33,,1,cam12/e1/v1,
full,03.CCTV Mobile Usage.mkv,632de9ed55947761d56d4c6142a3cb1a1fe69d0b1a6d0e01a2e404c697962623,dfine_sahi,280467.0,unknown_object,0.2531,881.46,411.15,933.05,452.91,2154.6,51.59,41.76,1.235,False,,True,R-desk,60,evt_S-61_desk_work_surface_0014,ee24b459f33e7687,lap_bag_context,no_pose_observation,34560.0,1.33,,1,cam12/e1/v1,
full,03.CCTV Mobile Usage.mkv,632de9ed55947761d56d4c6142a3cb1a1fe69d0b1a6d0e01a2e404c697962623,dfine_sahi,280467.0,unknown_object,0.6932,147.01,487.25,226.27,556.48,5487.0,79.26,69.23,1.145,False,,True,S-61,59,evt_S-61_desk_work_surface_0014,f68b1efea9ead5d4,pose_hand_context,,22596.1,4.26,,1,cam12/e1/v1,rtmpose_baseline
full,03.CCTV Mobile Usage.mkv,632de9ed55947761d56d4c6142a3cb1a1fe69d0b1a6d0e01a2e404c697962623,dfine_sahi,280467.0,unknown_object,0.4689,112.05,461.11,176.96,511.35,3261.3,64.91,50.25,1.292,False,,True,S-61,59,evt_S-61_desk_work_surface_0014,f68b1efea9ead5d4,pose_hand_context,,22596.1,4.26,,1,cam12/e1/v1,rtmpose_baseline
full,03.CCTV Mobile Usage.mkv,632de9ed55947761d56d4c6142a3cb1a1fe69d0b1a6d0e01a2e404c697962623,dfine_sahi,280467.0,unknown_object,0.4551,103.05,408.75,176.93,451.52,3159.6,73.88,42.77,1.727,False,,True,S-61,59,evt_S-61_desk_work_surface_0014,f68b1efea9ead5d4,pose_hand_context,,22596.1,4.26,,1,cam12/e1/v1,rtmpose_baseline
full,03.CCTV Mobile Usage.mkv,632de9ed55947761d56d4c6142a3cb1a1fe69d0b1a6d0e01a2e404c697962623,dfine_sahi,280467.0,unknown_object,0.3848,175.07,395.13,243.01,484.99,6105.4,67.94,89.86,0.756,False,,True,S-61,59,evt_S-61_desk_work_surface_0014,f68b1efea9ead5d4,pose_hand_context,,22596.1,4.26,,1,cam12/e1/v1,rtmpose_baseline
full,03.CCTV Mobile Usage.mkv,632de9ed55947761d56d4c6142a3cb1a1fe69d0b1a6d0e01a2e404c697962623,dfine_sahi,280467.0,unknown_object,0.3496,111.49,443.22,176.98,490.68,3107.9,65.48,47.46,1.38,False,,True,S-61,59,evt_S-61_desk_work_surface_0014,f68b1efea9ead5d4,pose_hand_context,,22596.1,4.26,,1,cam12/e1/v1,rtmpose_baseline
full,03.CCTV Mobile Usage.mkv,632de9ed55947761d56d4c6142a3cb1a1fe69d0b1a6d0e01a2e404c697962623,dfine_sahi,280467.0,unknown_object,0.3038,147.02,443.37,179.1,490.64,1515.8,32.07,47.26,0.679,False,,True,S-61,59,evt_S-61_desk_work_surface_0014,f68b1efea9ead5d4,pose_hand_context,,22596.1,4.26,,1,cam12/e1/v1,rtmpose_baseline
full,03.CCTV Mobile Usage.mkv,632de9ed55947761d56d4c6142a3cb1a1fe69d0b1a6d0e01a2e404c697962623,dfine_sahi,280467.0,unknown_object,0.2955,81.1,395.27,176.95,490.46,9123.4,95.85,95.19,1.007,False,,True,S-61,59,evt_S-61_desk_work_surface_0014,f68b1efea9ead5d4,pose_hand_context,,22596.1,4.26,,1,cam12/e1/v1,rtmpose_baseline
full,03.CCTV Mobile Usage.mkv,632de9ed55947761d56d4c6142a3cb1a1fe69d0b1a6d0e01a2e404c697962623,dfine_sahi,280467.0,unknown_object,0.2778,175.89,461.09,242.37,485.37,1613.8,66.48,24.28,2.739,False,,True,S-61,59,evt_S-61_desk_work_surface_0014,f68b1efea9ead5d4,pose_hand_context,,22596.1,4.26,,1,cam12/e1/v1,rtmpose_baseline
full,03.CCTV Mobile Usage.mkv,632de9ed55947761d56d4c6142a3cb1a1fe69d0b1a6d0e01a2e404c697962623,dfine_sahi,280467.0,unknown_object,0.2501,86.94,488.61,202.56,549.9,7085.9,115.62,61.29,1.886,False,,True,S-61,59,evt_S-61_desk_work_surface_0014,f68b1efea9ead5d4,pose_hand_context,,22596.1,4.26,,1,cam12/e1/v1,rtmpose_baseline
full,03.CCTV Mobile Usage.mkv,632de9ed55947761d56d4c6142a3cb1a1fe69d0b1a6d0e01a2e404c697962623,dfine_sahi,280967.0,unknown_object,0.6537,99.02,391.16,194.99,486.42,9142.3,95.97,95.26,1.007,False,,True,S-61,59,evt_S-61_desk_work_surface_0014,28f256926f17091c,pose_hand_context,,25998.3,3.97,,1,cam12/e1/v1,rtmpose_baseline
full,03.CCTV Mobile Usage.mkv,632de9ed55947761d56d4c6142a3cb1a1fe69d0b1a6d0e01a2e404c697962623,dfine_sahi,280967.0,unknown_object,0.6318,99.16,462.16,194.94,557.48,9130.1,95.78,95.32,1.005,False,,True,S-61,59,evt_S-61_desk_work_surface_0014,28f256926f17091c,pose_hand_context,,25998.3,3.97,,1,cam12/e1/v1,rtmpose_baseline
full,03.CCTV Mobile Usage.mkv,632de9ed55947761d56d4c6142a3cb1a1fe69d0b1a6d0e01a2e404c697962623,dfine_sahi,280967.0,unknown_object,0.608,169.98,462.17,265.94,557.31,9129.5,95.96,95.14,1.009,False,,True,S-61,59,evt_S-61_desk_work_surface_0014,28f256926f17091c,pose_hand_context,,25998.3,3.97,,1,cam12/e1/v1,rtmpose_baseline
full,03.CCTV Mobile Usage.mkv,632de9ed55947761d56d4c6142a3cb1a1fe69d0b1a6d0e01a2e404c697962623,dfine_sahi,280967.0,unknown_object,0.5513,170.19,391.13,265.95,485.84,9069.5,95.76,94.71,1.011,False,,True,S-61,59,evt_S-61_desk_work_surface_0014,28f256926f17091c,pose_hand_context,,25998.3,3.97,,1,cam12/e1/v1,rtmpose_baseline
full,03.CCTV Mobile Usage.mkv,632de9ed55947761d56d4c6142a3cb1a1fe69d0b1a6d0e01a2e404c697962623,dfine_sahi,280967.0,unknown_object,0.4874,102.09,394.11,263.02,555.36,25948.6,160.93,161.24,0.998,False,,True,S-61,59,evt_S-61_desk_work_surface_0014,28f256926f17091c,pose_hand_context,,25998.3,3.97,,1,cam12/e1/v1,rtmpose_baseline
full,03.CCTV Mobile Usage.mkv,632de9ed55947761d56d4c6142a3cb1a1fe69d0b1a6d0e01a2e404c697962623,dfine_sahi,280967.0,unknown_object,0.4509,102.34,489.79,262.46,555.75,10562.1,160.12,65.96,2.427,False,,True,S-61,59,evt_S-61_desk_work_surface_0014,28f256926f17091c,pose_hand_context,,25998.3,3.97,,1,cam12/e1/v1,rtmpose_baseline
full,03.CCTV Mobile Usage.mkv,632de9ed55947761d56d4c6142a3cb1a1fe69d0b1a6d0e01a2e404c697962623,dfine_sahi,280967.0,unknown_object,0.4193,154.56,511.38,194.95,557.01,1842.8,40.39,45.63,0.885,False,,True,S-61,59,evt_S-61_desk_work_surface_0014,28f256926f17091c,pose_hand_context,,25998.3,3.97,,1,cam12/e1/v1,rtmpose_baseline
full,03.CCTV Mobile Usage.mkv,632de9ed55947761d56d4c6142a3cb1a1fe69d0b1a6d0e01a2e404c697962623,dfine_sahi,280967.0,unknown_object,0.4109,127.28,448.07,194.96,486.55,2604.4,67.69,38.48,1.759,False,,True,S-61,59,evt_S-61_desk_work_surface_0014,28f256926f17091c,pose_hand_context,,25998.3,3.97,,1,cam12/e1/v1,rtmpose_baseline
full,03.CCTV Mobile Usage.mkv,632de9ed55947761d56d4c6142a3cb1a1fe69d0b1a6d0e01a2e404c697962623,dfine_sahi,280967.0,unknown_object,0.3546,121.62,462.08,194.92,508.18,3379.6,73.3,46.11,1.59,False,,True,S-61,59,evt_S-61_desk_work_surface_0014,28f256926f17091c,pose_hand_context,,25998.3,3.97,,1,cam12/e1/v1,rtmpose_baseline
full,03.CCTV Mobile Usage.mkv,632de9ed55947761d56d4c6142a3cb1a1fe69d0b1a6d0e01a2e404c697962623,dfine_sahi,280967.0,unknown_object,0.2975,170.0,450.13,265.65,486.76,3503.7,95.65,36.63,2.611,False,,True,S-61,59,evt_S-61_desk_work_surface_0014,28f256926f17091c,pose_hand_context,,25998.3,3.97,,1,cam12/e1/v1,rtmpose_baseline
full,03.CCTV Mobile Usage.mkv,632de9ed55947761d56d4c6142a3cb1a1fe69d0b1a6d0e01a2e404c697962623,dfine_sahi,280967.0,keyboard,0.9165,962.16,451.91,1068.04,491.45,4186.5,105.88,39.54,2.678,False,,True,R-desk,60,evt_S-61_desk_work_surface_0014,3ffed760ded7f8a0,lap_bag_context,no_pose_observation,34560.0,1.33,,1,cam12/e1/v1,
full,03.CCTV Mobile Usage.mkv,632de9ed55947761d56d4c6142a3cb1a1fe69d0b1a6d0e01a2e404c697962623,dfine_sahi,280967.0,monitor_or_bezel,0.807,910.0,411.24,1140.93,506.36,21966.2,230.93,95.12,2.428,False,,True,R-desk,60,evt_S-61_desk_work_surface_0014,3ffed760ded7f8a0,lap_bag_context,no_pose_observation,34560.0,1.33,,1,cam12/e1/v1,
full,03.CCTV Mobile Usage.mkv,632de9ed55947761d56d4c6142a3cb1a1fe69d0b1a6d0e01a2e404c697962623,dfine_sahi,280967.0,mouse,0.7462,865.14,413.58,891.31,434.81,555.8,26.18,21.23,1.233,False,,True,R-desk,60,evt_S-61_desk_work_surface_0014,3ffed760ded7f8a0,lap_bag_context,no_pose_observation,34560.0,1.33,,1,cam12/e1/v1,
full,03.CCTV Mobile Usage.mkv,632de9ed55947761d56d4c6142a3cb1a1fe69d0b1a6d0e01a2e404c697962623,dfine_sahi,280967.0,keyboard,0.7007,772.81,380.19,870.69,420.27,3923.2,97.88,40.08,2.442,False,,True,R-desk,60,evt_S-61_desk_work_surface_0014,3ffed760ded7f8a0,lap_bag_context,no_pose_observation,34560.0,1.33,,1,cam12/e1/v1,
full,03.CCTV Mobile Usage.mkv,632de9ed55947761d56d4c6142a3cb1a1fe69d0b1a6d0e01a2e404c697962623,dfine_sahi,280967.0,unknown_object,0.6873,699.9,411.14,871.88,506.27,16360.0,171.98,95.13,1.808,False,,True,R-desk,60,evt_S-61_desk_work_surface_0014,3ffed760ded7f8a0,lap_bag_context,no_pose_observation,34560.0,1.33,,1,cam12/e1/v1,
full,03.CCTV Mobile Usage.mkv,632de9ed55947761d56d4c6142a3cb1a1fe69d0b1a6d0e01a2e404c697962623,dfine_sahi,280967.0,monitor_or_bezel,0.6721,707.67,379.88,969.48,474.84,24862.7,261.82,94.96,2.757,False,,True,R-desk,60,evt_S-61_desk_work_surface_0014,3ffed760ded7f8a0,lap_bag_context,no_pose_observation,34560.0,1.33,,1,cam12/e1/v1,
full,03.CCTV Mobile Usage.mkv,632de9ed55947761d56d4c6142a3cb1a1fe69d0b1a6d0e01a2e404c697962623,dfine_sahi,280967.0,keyboard,0.6671,962.77,452.26,1033.8,475.52,1651.9,71.03,23.26,3.054,False,,True,R-desk,60,evt_S-61_desk_work_surface_0014,3ffed760ded7f8a0,lap_bag_context,no_pose_observation,34560.0,1.33,,1,cam12/e1/v1,
full,03.CCTV Mobile Usage.mkv,632de9ed55947761d56d4c6142a3cb1a1fe69d0b1a6d0e01a2e404c697962623,dfine_sahi,280967.0,monitor_or_bezel,0.6596,1018.49,395.9,1146.01,448.42,6697.0,127.52,52.52,2.428,False,,True,R-desk,60,evt_S-61_desk_work_surface_0014,3ffed760ded7f8a0,lap_bag_context,no_pose_observation,34560.0,1.33,,1,cam12/e1/v1,
full,03.CCTV Mobile Usage.mkv,632de9ed55947761d56d4c6142a3cb1a1fe69d0b1a6d0e01a2e404c697962623,dfine_sahi,280967.0,phone,0.6517,1043.67,421.66,1112.44,474.3,3619.3,68.77,52.63,1.307,False,,True,R-desk,60,evt_S-61_desk_work_surface_0014,3ffed760ded7f8a0,lap_bag_context,no_pose_observation,34560.0,1.33,,1,cam12/e1/v1,
full,03.CCTV Mobile Usage.mkv,632de9ed55947761d56d4c6142a3cb1a1fe69d0b1a6d0e01a2e404c697962623,dfine_sahi,280967.0,monitor_or_bezel,0.6012,962.75,380.52,1153.03,474.93,17963.7,190.28,94.41,2.015,False,,True,R-desk,60,evt_S-61_desk_work_surface_0014,3ffed760ded7f8a0,lap_bag_context,no_pose_observation,34560.0,1.33,,1,cam12/e1/v1,
full,03.CCTV Mobile Usage.mkv,632de9ed55947761d56d4c6142a3cb1a1fe69d0b1a6d0e01a2e404c697962623,dfine_sahi,280967.0,keyboard,0.5628,802.93,396.28,870.65,420.59,1646.3,67.73,24.31,2.786,False,,True,R-desk,60,evt_S-61_desk_work_surface_0014,3ffed760ded7f8a0,lap_bag_context,no_pose_observation,34560.0,1.33,,1,cam12/e1/v1,
full,03.CCTV Mobile Usage.mkv,632de9ed55947761d56d4c6142a3cb1a1fe69d0b1a6d0e01a2e404c697962623,dfine_sahi,280967.0,unknown_object,0.4913,700.05,380.62,758.63,474.92,5524.1,58.58,94.3,0.621,False,,True,R-desk,60,evt_S-61_desk_work_surface_0014,3ffed760ded7f8a0,lap_bag_context,no_pose_observation,34560.0,1.33,,1,cam12/e1/v1,
full,03.CCTV Mobile Usage.mkv,632de9ed55947761d56d4c6142a3cb1a1fe69d0b1a6d0e01a2e404c697962623,dfine_sahi,280967.0,mouse,0.3659,966.92,398.38,992.03,410.56,305.9,25.1,12.19,2.06,False,,True,R-desk,60,evt_S-61_desk_work_surface_0014,3ffed760ded7f8a0,lap_bag_context,no_pose_observation,34560.0,1.33,,1,cam12/e1/v1,
full,03.CCTV Mobile Usage.mkv,632de9ed55947761d56d4c6142a3cb1a1fe69d0b1a6d0e01a2e404c697962623,dfine_sahi,280967.0,unknown_object,0.365,767.91,411.06,969.89,505.86,19146.1,201.98,94.79,2.131,False,,True,R-desk,60,evt_S-61_desk_work_surface_0014,3ffed760ded7f8a0,lap_bag_context,no_pose_observation,34560.0,1.33,,1,cam12/e1/v1,
full,03.CCTV Mobile Usage.mkv,632de9ed55947761d56d4c6142a3cb1a1fe69d0b1a6d0e01a2e404c697962623,dfine_sahi,280967.0,unknown_object,0.3593,700.06,380.3,838.58,475.39,13173.1,138.53,95.09,1.457,False,,True,R-desk,60,evt_S-61_desk_work_surface_0014,3ffed760ded7f8a0,lap_bag_context,no_pose_observation,34560.0,1.33,,1,cam12/e1/v1,
full,03.CCTV Mobile Usage.mkv,632de9ed55947761d56d4c6142a3cb1a1fe69d0b1a6d0e01a2e404c697962623,dfine_sahi,280967.0,keyboard,0.3364,910.1,411.4,1092.82,506.15,17311.7,182.72,94.74,1.929,False,,True,R-desk,60,evt_S-61_desk_work_surface_0014,3ffed760ded7f8a0,lap_bag_context,no_pose_observation,34560.0,1.33,,1,cam12/e1/v1,
full,03.CCTV Mobile Usage.mkv,632de9ed55947761d56d4c6142a3cb1a1fe69d0b1a6d0e01a2e404c697962623,dfine_sahi,280967.0,unknown_object,0.3225,880.07,411.27,969.87,505.66,8475.9,89.8,94.39,0.951,False,,True,R-desk,60,evt_S-61_desk_work_surface_0014,3ffed760ded7f8a0,lap_bag_context,no_pose_observation,34560.0,1.33,,1,cam12/e1/v1,
full,03.CCTV Mobile Usage.mkv,632de9ed55947761d56d4c6142a3cb1a1fe69d0b1a6d0e01a2e404c697962623,dfine_sahi,280967.0,keyboard,0.2861,882.03,380.2,965.51,452.7,6052.3,83.48,72.5,1.151,False,,True,R-desk,60,evt_S-61_desk_work_surface_0014,3ffed760ded7f8a0,lap_bag_context,no_pose_observation,34560.0,1.33,,1,cam12/e1/v1,
full,03.CCTV Mobile Usage.mkv,632de9ed55947761d56d4c6142a3cb1a1fe69d0b1a6d0e01a2e404c697962623,dfine_sahi,280967.0,monitor_or_bezel,0.286,881.36,396.15,949.22,452.58,3829.0,67.86,56.43,1.203,False,,True,R-desk,60,evt_S-61_desk_work_surface_0014,3ffed760ded7f8a0,lap_bag_context,no_pose_observation,34560.0,1.33,,1,cam12/e1/v1,
full,03.CCTV Mobile Usage.mkv,632de9ed55947761d56d4c6142a3cb1a1fe69d0b1a6d0e01a2e404c697962623,dfine_sahi,280967.0,mouse,0.2785,991.53,400.72,1028.54,413.61,477.1,37.01,12.89,2.871,False,,True,R-desk,60,evt_S-61_desk_work_surface_0014,3ffed760ded7f8a0,lap_bag_context,no_pose_observation,34560.0,1.33,,1,cam12/e1/v1,
full,03.CCTV Mobile Usage.mkv,632de9ed55947761d56d4c6142a3cb1a1fe69d0b1a6d0e01a2e404c697962623,dfine_sahi,280967.0,keyboard,0.2614,964.01,385.59,1110.81,474.87,13106.9,146.8,89.28,1.644,False,,True,R-desk,60,evt_S-61_desk_work_surface_0014,3ffed760ded7f8a0,lap_bag_context,no_pose_observation,34560.0,1.33,,1,cam12/e1/v1,
full,03.CCTV Mobile Usage.mkv,632de9ed55947761d56d4c6142a3cb1a1fe69d0b1a6d0e01a2e404c697962623,dfine_sahi,280967.0,unknown_object,0.2531,881.46,411.15,933.05,452.91,2154.6,51.59,41.76,1.235,False,,True,R-desk,60,evt_S-61_desk_work_surface_0014,3ffed760ded7f8a0,lap_bag_context,no_pose_observation,34560.0,1.33,,1,cam12/e1/v1,
full,03.CCTV Mobile Usage.mkv,632de9ed55947761d56d4c6142a3cb1a1fe69d0b1a6d0e01a2e404c697962623,dfine_sahi,280967.0,monitor_or_bezel,0.2502,737.24,395.72,1139.31,491.29,38423.8,402.07,95.56,4.207,False,,True,R-desk,60,evt_S-61_desk_work_surface_0014,3ffed760ded7f8a0,lap_bag_context,no_pose_observation,34560.0,1.33,,1,cam12/e1/v1,
full,03.CCTV Mobile Usage.mkv,632de9ed55947761d56d4c6142a3cb1a1fe69d0b1a6d0e01a2e404c697962623,dfine_sahi,281467.0,keyboard,0.9164,962.16,451.91,1068.04,491.45,4186.5,105.88,39.54,2.678,False,,True,R-desk,60,evt_S-61_desk_work_surface_0014,79372baebdaec1bf,lap_bag_context,no_pose_observation,34560.0,1.33,,1,cam12/e1/v1,
full,03.CCTV Mobile Usage.mkv,632de9ed55947761d56d4c6142a3cb1a1fe69d0b1a6d0e01a2e404c697962623,dfine_sahi,281467.0,monitor_or_bezel,0.8067,910.0,411.24,1140.93,506.36,21966.2,230.94,95.12,2.428,False,,True,R-desk,60,evt_S-61_desk_work_surface_0014,79372baebdaec1bf,lap_bag_context,no_pose_observation,34560.0,1.33,,1,cam12/e1/v1,
full,03.CCTV Mobile Usage.mkv,632de9ed55947761d56d4c6142a3cb1a1fe69d0b1a6d0e01a2e404c697962623,dfine_sahi,281467.0,mouse,0.7462,865.14,413.58,891.31,434.81,555.8,26.18,21.23,1.233,False,,True,R-desk,60,evt_S-61_desk_work_surface_0014,79372baebdaec1bf,lap_bag_context,no_pose_observation,34560.0,1.33,,1,cam12/e1/v1,
full,03.CCTV Mobile Usage.mkv,632de9ed55947761d56d4c6142a3cb1a1fe69d0b1a6d0e01a2e404c697962623,dfine_sahi,281467.0,keyboard,0.7007,772.81,380.19,870.69,420.27,3923.2,97.88,40.08,2.442,False,,True,R-desk,60,evt_S-61_desk_work_surface_0014,79372baebdaec1bf,lap_bag_context,no_pose_observation,34560.0,1.33,,1,cam12/e1/v1,
full,03.CCTV Mobile Usage.mkv,632de9ed55947761d56d4c6142a3cb1a1fe69d0b1a6d0e01a2e404c697962623,dfine_sahi,281467.0,unknown_object,0.6873,699.9,411.14,871.88,506.27,16360.0,171.98,95.13,1.808,False,,True,R-desk,60,evt_S-61_desk_work_surface_0014,79372baebdaec1bf,lap_bag_context,no_pose_observation,34560.0,1.33,,1,cam12/e1/v1,
full,03.CCTV Mobile Usage.mkv,632de9ed55947761d56d4c6142a3cb1a1fe69d0b1a6d0e01a2e404c697962623,dfine_sahi,281467.0,monitor_or_bezel,0.6721,707.67,379.88,969.48,474.84,24862.7,261.82,94.96,2.757,False,,True,R-desk,60,evt_S-61_desk_work_surface_0014,79372baebdaec1bf,lap_bag_context,no_pose_observation,34560.0,1.33,,1,cam12/e1/v1,
full,03.CCTV Mobile Usage.mkv,632de9ed55947761d56d4c6142a3cb1a1fe69d0b1a6d0e01a2e404c697962623,dfine_sahi,281467.0,keyboard,0.6663,962.77,452.26,1033.8,475.52,1651.9,71.03,23.26,3.054,False,,True,R-desk,60,evt_S-61_desk_work_surface_0014,79372baebdaec1bf,lap_bag_context,no_pose_observation,34560.0,1.33,,1,cam12/e1/v1,
full,03.CCTV Mobile Usage.mkv,632de9ed55947761d56d4c6142a3cb1a1fe69d0b1a6d0e01a2e404c697962623,dfine_sahi,281467.0,monitor_or_bezel,0.6596,1018.5,395.9,1146.01,448.41,6695.7,127.51,52.51,2.428,False,,True,R-desk,60,evt_S-61_desk_work_surface_0014,79372baebdaec1bf,lap_bag_context,no_pose_observation,34560.0,1.33,,1,cam12/e1/v1,
full,03.CCTV Mobile Usage.mkv,632de9ed55947761d56d4c6142a3cb1a1fe69d0b1a6d0e01a2e404c697962623,dfine_sahi,281467.0,phone,0.6496,1043.67,421.66,1112.44,474.3,3619.7,68.77,52.64,1.306,False,,True,R-desk,60,evt_S-61_desk_work_surface_0014,79372baebdaec1bf,lap_bag_context,no_pose_observation,34560.0,1.33,,1,cam12/e1/v1,
full,03.CCTV Mobile Usage.mkv,632de9ed55947761d56d4c6142a3cb1a1fe69d0b1a6d0e01a2e404c697962623,dfine_sahi,281467.0,monitor_or_bezel,0.6023,962.78,380.53,1153.03,474.93,17961.2,190.26,94.41,2.015,False,,True,R-desk,60,evt_S-61_desk_work_surface_0014,79372baebdaec1bf,lap_bag_context,no_pose_observation,34560.0,1.33,,1,cam12/e1/v1,
full,03.CCTV Mobile Usage.mkv,632de9ed55947761d56d4c6142a3cb1a1fe69d0b1a6d0e01a2e404c697962623,dfine_sahi,281467.0,keyboard,0.5642,802.93,396.28,870.65,420.59,1646.3,67.73,24.31,2.786,False,,True,R-desk,60,evt_S-61_desk_work_surface_0014,79372baebdaec1bf,lap_bag_context,no_pose_observation,34560.0,1.33,,1,cam12/e1/v1,
full,03.CCTV Mobile Usage.mkv,632de9ed55947761d56d4c6142a3cb1a1fe69d0b1a6d0e01a2e404c697962623,dfine_sahi,281467.0,unknown_object,0.4913,700.05,380.62,758.63,474.92,5524.1,58.58,94.3,0.621,False,,True,R-desk,60,evt_S-61_desk_work_surface_0014,79372baebdaec1bf,lap_bag_context,no_pose_observation,34560.0,1.33,,1,cam12/e1/v1,
full,03.CCTV Mobile Usage.mkv,632de9ed55947761d56d4c6142a3cb1a1fe69d0b1a6d0e01a2e404c697962623,dfine_sahi,281467.0,mouse,0.3668,966.92,398.38,992.03,410.56,305.9,25.1,12.18,2.06,False,,True,R-desk,60,evt_S-61_desk_work_surface_0014,79372baebdaec1bf,lap_bag_context,no_pose_observation,34560.0,1.33,,1,cam12/e1/v1,
full,03.CCTV Mobile Usage.mkv,632de9ed55947761d56d4c6142a3cb1a1fe69d0b1a6d0e01a2e404c697962623,dfine_sahi,281467.0,unknown_object,0.365,767.91,411.06,969.89,505.86,19146.1,201.98,94.79,2.131,False,,True,R-desk,60,evt_S-61_desk_work_surface_0014,79372baebdaec1bf,lap_bag_context,no_pose_observation,34560.0,1.33,,1,cam12/e1/v1,
full,03.CCTV Mobile Usage.mkv,632de9ed55947761d56d4c6142a3cb1a1fe69d0b1a6d0e01a2e404c697962623,dfine_sahi,281467.0,unknown_object,0.3593,700.06,380.3,838.58,475.39,13173.1,138.53,95.09,1.457,False,,True,R-desk,60,evt_S-61_desk_work_surface_0014,79372baebdaec1bf,lap_bag_context,no_pose_observation,34560.0,1.33,,1,cam12/e1/v1,
full,03.CCTV Mobile Usage.mkv,632de9ed55947761d56d4c6142a3cb1a1fe69d0b1a6d0e01a2e404c697962623,dfine_sahi,281467.0,keyboard,0.3364,910.1,411.4,1092.81,506.15,17310.5,182.71,94.74,1.928,False,,True,R-desk,60,evt_S-61_desk_work_surface_0014,79372baebdaec1bf,lap_bag_context,no_pose_observation,34560.0,1.33,,1,cam12/e1/v1,
full,03.CCTV Mobile Usage.mkv,632de9ed55947761d56d4c6142a3cb1a1fe69d0b1a6d0e01a2e404c697962623,dfine_sahi,281467.0,unknown_object,0.3225,880.07,411.27,969.87,505.66,8475.9,89.8,94.39,0.951,False,,True,R-desk,60,evt_S-61_desk_work_surface_0014,79372baebdaec1bf,lap_bag_context,no_pose_observation,34560.0,1.33,,1,cam12/e1/v1,
full,03.CCTV Mobile Usage.mkv,632de9ed55947761d56d4c6142a3cb1a1fe69d0b1a6d0e01a2e404c697962623,dfine_sahi,281467.0,monitor_or_bezel,0.2862,881.36,396.15,949.22,452.58,3829.1,67.86,56.43,1.203,False,,True,R-desk,60,evt_S-61_desk_work_surface_0014,79372baebdaec1bf,lap_bag_context,no_pose_observation,34560.0,1.33,,1,cam12/e1/v1,
full,03.CCTV Mobile Usage.mkv,632de9ed55947761d56d4c6142a3cb1a1fe69d0b1a6d0e01a2e404c697962623,dfine_sahi,281467.0,keyboard,0.2861,882.03,380.2,965.51,452.7,6052.3,83.48,72.5,1.151,False,,True,R-desk,60,evt_S-61_desk_work_surface_0014,79372baebdaec1bf,lap_bag_context,no_pose_observation,34560.0,1.33,,1,cam12/e1/v1,
full,03.CCTV Mobile Usage.mkv,632de9ed55947761d56d4c6142a3cb1a1fe69d0b1a6d0e01a2e404c697962623,dfine_sahi,281467.0,mouse,0.2792,991.54,400.72,1028.54,413.61,477.0,37.0,12.89,2.871,False,,True,R-desk,60,evt_S-61_desk_work_surface_0014,79372baebdaec1bf,lap_bag_context,no_pose_observation,34560.0,1.33,,1,cam12/e1/v1,
full,03.CCTV Mobile Usage.mkv,632de9ed55947761d56d4c6142a3cb1a1fe69d0b1a6d0e01a2e404c697962623,dfine_sahi,281467.0,keyboard,0.2607,964.01,385.59,1110.8,474.87,13104.0,146.78,89.27,1.644,False,,True,R-desk,60,evt_S-61_desk_work_surface_0014,79372baebdaec1bf,lap_bag_context,no_pose_observation,34560.0,1.33,,1,cam12/e1/v1,
full,03.CCTV Mobile Usage.mkv,632de9ed55947761d56d4c6142a3cb1a1fe69d0b1a6d0e01a2e404c697962623,dfine_sahi,281467.0,unknown_object,0.2531,881.46,411.15,933.05,452.91,2154.6,51.59,41.76,1.235,False,,True,R-desk,60,evt_S-61_desk_work_surface_0014,79372baebdaec1bf,lap_bag_context,no_pose_observation,34560.0,1.33,,1,cam12/e1/v1,
full,03.CCTV Mobile Usage.mkv,632de9ed55947761d56d4c6142a3cb1a1fe69d0b1a6d0e01a2e404c697962623,dfine_sahi,281467.0,monitor_or_bezel,0.5754,124.99,444.19,252.28,636.85,24525.0,127.3,192.66,0.661,False,,True,S-61,59,evt_S-61_desk_work_surface_0014,99079c30567159a2,pose_hand_context,,37473.2,3.31,,1,cam12/e1/v1,rtmpose_baseline
full,03.CCTV Mobile Usage.mkv,632de9ed55947761d56d4c6142a3cb1a1fe69d0b1a6d0e01a2e404c697962623,dfine_sahi,281467.0,unknown_object,0.5166,124.96,444.16,233.97,552.39,11797.7,109.01,108.22,1.007,False,,True,S-61,59,evt_S-61_desk_work_surface_0014,99079c30567159a2,pose_hand_context,,37473.2,3.31,,1,cam12/e1/v1,rtmpose_baseline
full,03.CCTV Mobile Usage.mkv,632de9ed55947761d56d4c6142a3cb1a1fe69d0b1a6d0e01a2e404c697962623,dfine_sahi,281467.0,unknown_object,0.4253,125.02,529.04,233.93,634.61,11497.9,108.91,105.57,1.032,False,,True,S-61,59,evt_S-61_desk_work_surface_0014,99079c30567159a2,pose_hand_context,,37473.2,3.31,,1,cam12/e1/v1,rtmpose_baseline
full,03.CCTV Mobile Usage.mkv,632de9ed55947761d56d4c6142a3cb1a1fe69d0b1a6d0e01a2e404c697962623,dfine_sahi,281467.0,unknown_object,0.4128,210.02,529.16,318.95,637.37,11786.9,108.93,108.21,1.007,False,,True,S-61,59,evt_S-61_desk_work_surface_0014,99079c30567159a2,pose_hand_context,,37473.2,3.31,,1,cam12/e1/v1,rtmpose_baseline
full,03.CCTV Mobile Usage.mkv,632de9ed55947761d56d4c6142a3cb1a1fe69d0b1a6d0e01a2e404c697962623,dfine_sahi,281467.0,keyboard,0.285,125.01,444.44,216.29,618.55,15892.3,91.28,174.1,0.524,False,,True,S-61,59,evt_S-61_desk_work_surface_0014,99079c30567159a2,pose_hand_context,,37473.2,3.31,,1,cam12/e1/v1,rtmpose_baseline
oneshot,03.CCTV Mobile Usage.mkv,632de9ed55947761d56d4c6142a3cb1a1fe69d0b1a6d0e01a2e404c697962623,dfine_native,9700.0,unknown_object,0.4601,132.03,136.48,193.82,269.29,8207.5,61.8,132.81,0.465,False,,True,S-61,2,evt_S-61_desk_work_surface_0001,221f3c51e350e5d4,pose_hand_context,,17977.4,4.77,,1,cam12/e1/v1,rtmpose_baseline
oneshot,03.CCTV Mobile Usage.mkv,632de9ed55947761d56d4c6142a3cb1a1fe69d0b1a6d0e01a2e404c697962623,dfine_native,9700.0,unknown_object,0.3504,190.18,201.26,208.79,264.56,1178.5,18.62,63.3,0.294,False,,True,S-61,2,evt_S-61_desk_work_surface_0001,221f3c51e350e5d4,pose_hand_context,,17977.4,4.77,,1,cam12/e1/v1,rtmpose_baseline
oneshot,03.CCTV Mobile Usage.mkv,632de9ed55947761d56d4c6142a3cb1a1fe69d0b1a6d0e01a2e404c697962623,dfine_native,9700.0,unknown_object,0.2953,190.37,201.8,208.22,239.17,667.2,17.85,37.37,0.478,False,,True,S-61,2,evt_S-61_desk_work_surface_0001,221f3c51e350e5d4,pose_hand_context,,17977.4,4.77,,1,cam12/e1/v1,rtmpose_baseline
oneshot,03.CCTV Mobile Usage.mkv,632de9ed55947761d56d4c6142a3cb1a1fe69d0b1a6d0e01a2e404c697962623,dfine_native,9700.0,stationery,0.2724,203.21,169.66,265.51,216.53,2920.0,62.29,46.88,1.329,False,,True,S-61,2,evt_S-61_desk_work_surface_0001,221f3c51e350e5d4,pose_hand_context,,17977.4,4.77,,1,cam12/e1/v1,rtmpose_baseline
oneshot,03.CCTV Mobile Usage.mkv,632de9ed55947761d56d4c6142a3cb1a1fe69d0b1a6d0e01a2e404c697962623,dfine_native,9700.0,keyboard,0.9035,962.11,451.94,1068.0,491.44,4182.8,105.88,39.5,2.68,False,,True,R-desk,3,evt_S-61_desk_work_surface_0001,aa2a91065abbd7fe,lap_bag_context,no_pose_observation,34560.0,1.33,,1,cam12/e1/v1,
oneshot,03.CCTV Mobile Usage.mkv,632de9ed55947761d56d4c6142a3cb1a1fe69d0b1a6d0e01a2e404c697962623,dfine_native,9700.0,monitor_or_bezel,0.6032,1018.64,395.69,1145.25,447.3,6534.0,126.61,51.61,2.453,False,,True,R-desk,3,evt_S-61_desk_work_surface_0001,aa2a91065abbd7fe,lap_bag_context,no_pose_observation,34560.0,1.33,,1,cam12/e1/v1,
oneshot,03.CCTV Mobile Usage.mkv,632de9ed55947761d56d4c6142a3cb1a1fe69d0b1a6d0e01a2e404c697962623,dfine_native,9700.0,unknown_object,0.5179,700.11,396.17,862.39,492.21,15585.3,162.28,96.04,1.69,False,,True,R-desk,3,evt_S-61_desk_work_surface_0001,aa2a91065abbd7fe,lap_bag_context,no_pose_observation,34560.0,1.33,,1,cam12/e1/v1,
oneshot,03.CCTV Mobile Usage.mkv,632de9ed55947761d56d4c6142a3cb1a1fe69d0b1a6d0e01a2e404c697962623,dfine_native,9700.0,unknown_object,0.3775,699.98,396.11,771.33,491.82,6829.3,71.35,95.71,0.746,False,,True,R-desk,3,evt_S-61_desk_work_surface_0001,aa2a91065abbd7fe,lap_bag_context,no_pose_observation,34560.0,1.33,,1,cam12/e1/v1,
oneshot,03.CCTV Mobile Usage.mkv,632de9ed55947761d56d4c6142a3cb1a1fe69d0b1a6d0e01a2e404c697962623,dfine_native,9700.0,keyboard,0.4761,802.25,396.25,870.72,420.71,1674.8,68.47,24.46,2.799,False,,True,R-desk,3,evt_S-61_desk_work_surface_0001,aa2a91065abbd7fe,lap_bag_context,no_pose_observation,34560.0,1.33,,1,cam12/e1/v1,
oneshot,03.CCTV Mobile Usage.mkv,632de9ed55947761d56d4c6142a3cb1a1fe69d0b1a6d0e01a2e404c697962623,dfine_native,9700.0,phone,0.3356,1042.86,421.37,1114.04,474.47,3779.1,71.18,53.09,1.341,False,,True,R-desk,3,evt_S-61_desk_work_surface_0001,aa2a91065abbd7fe,lap_bag_context,no_pose_observation,34560.0,1.33,,1,cam12/e1/v1,
oneshot,03.CCTV Mobile Usage.mkv,632de9ed55947761d56d4c6142a3cb1a1fe69d0b1a6d0e01a2e404c697962623,dfine_native,9700.0,unknown_object,0.3186,700.06,396.27,758.23,490.41,5476.6,58.17,94.14,0.618,False,,True,R-desk,3,evt_S-61_desk_work_surface_0001,aa2a91065abbd7fe,lap_bag_context,no_pose_observation,34560.0,1.33,,1,cam12/e1/v1,
oneshot,03.CCTV Mobile Usage.mkv,632de9ed55947761d56d4c6142a3cb1a1fe69d0b1a6d0e01a2e404c697962623,dfine_native,9700.0,monitor_or_bezel,0.2952,1011.98,395.68,1146.4,488.42,12466.4,134.42,92.74,1.449,False,,True,R-desk,3,evt_S-61_desk_work_surface_0001,aa2a91065abbd7fe,lap_bag_context,no_pose_observation,34560.0,1.33,,1,cam12/e1/v1,
oneshot,03.CCTV Mobile Usage.mkv,632de9ed55947761d56d4c6142a3cb1a1fe69d0b1a6d0e01a2e404c697962623,dfine_native,9700.0,monitor_or_bezel,0.2681,881.36,396.18,948.1,452.48,3757.9,66.74,56.3,1.185,False,,True,R-desk,3,evt_S-61_desk_work_surface_0001,aa2a91065abbd7fe,lap_bag_context,no_pose_observation,34560.0,1.33,,1,cam12/e1/v1,
oneshot,03.CCTV Mobile Usage.mkv,632de9ed55947761d56d4c6142a3cb1a1fe69d0b1a6d0e01a2e404c697962623,dfine_native,9700.0,mouse,0.5184,864.74,413.84,892.29,435.32,591.6,27.54,21.48,1.282,False,,True,R-desk,3,evt_S-61_desk_work_surface_0001,aa2a91065abbd7fe,lap_bag_context,no_pose_observation,34560.0,1.33,,1,cam12/e1/v1,
oneshot,03.CCTV Mobile Usage.mkv,632de9ed55947761d56d4c6142a3cb1a1fe69d0b1a6d0e01a2e404c697962623,dfine_native,9700.0,mouse,0.278,967.15,398.42,992.01,410.59,302.6,24.86,12.17,2.042,False,,True,R-desk,3,evt_S-61_desk_work_surface_0001,aa2a91065abbd7fe,lap_bag_context,no_pose_observation,34560.0,1.33,,1,cam12/e1/v1,
oneshot,03.CCTV Mobile Usage.mkv,632de9ed55947761d56d4c6142a3cb1a1fe69d0b1a6d0e01a2e404c697962623,dfine_native,9700.0,unknown_object,0.2805,700.03,396.09,835.11,492.14,12974.5,135.08,96.05,1.406,False,,True,R-desk,3,evt_S-61_desk_work_surface_0001,aa2a91065abbd7fe,lap_bag_context,no_pose_observation,34560.0,1.33,,1,cam12/e1/v1,
oneshot,03.CCTV Mobile Usage.mkv,632de9ed55947761d56d4c6142a3cb1a1fe69d0b1a6d0e01a2e404c697962623,dfine_native,9700.0,mouse,0.2529,991.28,400.93,1028.29,413.57,467.7,37.01,12.63,2.929,False,,True,R-desk,3,evt_S-61_desk_work_surface_0001,aa2a91065abbd7fe,lap_bag_context,no_pose_observation,34560.0,1.33,,1,cam12/e1/v1,
oneshot,03.CCTV Mobile Usage.mkv,632de9ed55947761d56d4c6142a3cb1a1fe69d0b1a6d0e01a2e404c697962623,dfine_native,9700.0,keyboard,0.9035,962.11,451.94,1068.0,491.44,4182.8,105.88,39.5,2.68,False,,True,R-desk,4,evt_S-61_desk_work_surface_0001,aa2a91065abbd7fe,lap_bag_context,no_pose_observation,34560.0,1.33,,1,cam12/e1/v1,
oneshot,03.CCTV Mobile Usage.mkv,632de9ed55947761d56d4c6142a3cb1a1fe69d0b1a6d0e01a2e404c697962623,dfine_native,9700.0,monitor_or_bezel,0.6032,1018.64,395.69,1145.25,447.3,6534.0,126.61,51.61,2.453,False,,True,R-desk,4,evt_S-61_desk_work_surface_0001,aa2a91065abbd7fe,lap_bag_context,no_pose_observation,34560.0,1.33,,1,cam12/e1/v1,
oneshot,03.CCTV Mobile Usage.mkv,632de9ed55947761d56d4c6142a3cb1a1fe69d0b1a6d0e01a2e404c697962623,dfine_native,9700.0,unknown_object,0.5179,700.11,396.17,862.39,492.21,15585.3,162.28,96.04,1.69,False,,True,R-desk,4,evt_S-61_desk_work_surface_0001,aa2a91065abbd7fe,lap_bag_context,no_pose_observation,34560.0,1.33,,1,cam12/e1/v1,
oneshot,03.CCTV Mobile Usage.mkv,632de9ed55947761d56d4c6142a3cb1a1fe69d0b1a6d0e01a2e404c697962623,dfine_native,9700.0,unknown_object,0.3775,699.98,396.11,771.33,491.82,6829.3,71.35,95.71,0.746,False,,True,R-desk,4,evt_S-61_desk_work_surface_0001,aa2a91065abbd7fe,lap_bag_context,no_pose_observation,34560.0,1.33,,1,cam12/e1/v1,
oneshot,03.CCTV Mobile Usage.mkv,632de9ed55947761d56d4c6142a3cb1a1fe69d0b1a6d0e01a2e404c697962623,dfine_native,9700.0,keyboard,0.4761,802.25,396.25,870.72,420.71,1674.8,68.47,24.46,2.799,False,,True,R-desk,4,evt_S-61_desk_work_surface_0001,aa2a91065abbd7fe,lap_bag_context,no_pose_observation,34560.0,1.33,,1,cam12/e1/v1,
oneshot,03.CCTV Mobile Usage.mkv,632de9ed55947761d56d4c6142a3cb1a1fe69d0b1a6d0e01a2e404c697962623,dfine_native,9700.0,phone,0.3356,1042.86,421.37,1114.04,474.47,3779.1,71.18,53.09,1.341,False,,True,R-desk,4,evt_S-61_desk_work_surface_0001,aa2a91065abbd7fe,lap_bag_context,no_pose_observation,34560.0,1.33,,1,cam12/e1/v1,
oneshot,03.CCTV Mobile Usage.mkv,632de9ed55947761d56d4c6142a3cb1a1fe69d0b1a6d0e01a2e404c697962623,dfine_native,9700.0,unknown_object,0.3186,700.06,396.27,758.23,490.41,5476.6,58.17,94.14,0.618,False,,True,R-desk,4,evt_S-61_desk_work_surface_0001,aa2a91065abbd7fe,lap_bag_context,no_pose_observation,34560.0,1.33,,1,cam12/e1/v1,
oneshot,03.CCTV Mobile Usage.mkv,632de9ed55947761d56d4c6142a3cb1a1fe69d0b1a6d0e01a2e404c697962623,dfine_native,9700.0,monitor_or_bezel,0.2952,1011.98,395.68,1146.4,488.42,12466.4,134.42,92.74,1.449,False,,True,R-desk,4,evt_S-61_desk_work_surface_0001,aa2a91065abbd7fe,lap_bag_context,no_pose_observation,34560.0,1.33,,1,cam12/e1/v1,
oneshot,03.CCTV Mobile Usage.mkv,632de9ed55947761d56d4c6142a3cb1a1fe69d0b1a6d0e01a2e404c697962623,dfine_native,9700.0,monitor_or_bezel,0.2681,881.36,396.18,948.1,452.48,3757.9,66.74,56.3,1.185,False,,True,R-desk,4,evt_S-61_desk_work_surface_0001,aa2a91065abbd7fe,lap_bag_context,no_pose_observation,34560.0,1.33,,1,cam12/e1/v1,
oneshot,03.CCTV Mobile Usage.mkv,632de9ed55947761d56d4c6142a3cb1a1fe69d0b1a6d0e01a2e404c697962623,dfine_native,9700.0,mouse,0.5184,864.74,413.84,892.29,435.32,591.6,27.54,21.48,1.282,False,,True,R-desk,4,evt_S-61_desk_work_surface_0001,aa2a91065abbd7fe,lap_bag_context,no_pose_observation,34560.0,1.33,,1,cam12/e1/v1,
oneshot,03.CCTV Mobile Usage.mkv,632de9ed55947761d56d4c6142a3cb1a1fe69d0b1a6d0e01a2e404c697962623,dfine_native,9700.0,mouse,0.278,967.15,398.42,992.01,410.59,302.6,24.86,12.17,2.042,False,,True,R-desk,4,evt_S-61_desk_work_surface_0001,aa2a91065abbd7fe,lap_bag_context,no_pose_observation,34560.0,1.33,,1,cam12/e1/v1,
oneshot,03.CCTV Mobile Usage.mkv,632de9ed55947761d56d4c6142a3cb1a1fe69d0b1a6d0e01a2e404c697962623,dfine_native,9700.0,unknown_object,0.2805,700.03,396.09,835.11,492.14,12974.5,135.08,96.05,1.406,False,,True,R-desk,4,evt_S-61_desk_work_surface_0001,aa2a91065abbd7fe,lap_bag_context,no_pose_observation,34560.0,1.33,,1,cam12/e1/v1,
oneshot,03.CCTV Mobile Usage.mkv,632de9ed55947761d56d4c6142a3cb1a1fe69d0b1a6d0e01a2e404c697962623,dfine_native,9700.0,mouse,0.2529,991.28,400.93,1028.29,413.57,467.7,37.01,12.63,2.929,False,,True,R-desk,4,evt_S-61_desk_work_surface_0001,aa2a91065abbd7fe,lap_bag_context,no_pose_observation,34560.0,1.33,,1,cam12/e1/v1,
oneshot,03.CCTV Mobile Usage.mkv,632de9ed55947761d56d4c6142a3cb1a1fe69d0b1a6d0e01a2e404c697962623,dfine_native,9700.0,unknown_object,0.2924,144.46,502.6,248.93,597.44,9907.9,104.47,94.84,1.101,False,,True,S-61,1,evt_S-61_desk_work_surface_0001,d142004b4e59ec48,pose_hand_context,,20713.0,4.45,,1,cam12/e1/v1,rtmpose_baseline
oneshot,03.CCTV Mobile Usage.mkv,632de9ed55947761d56d4c6142a3cb1a1fe69d0b1a6d0e01a2e404c697962623,dfine_native,10200.0,bag,0.4527,182.8,261.1,259.26,295.64,2640.9,76.46,34.54,2.214,False,,True,S-61,2,evt_S-61_desk_work_surface_0001,3ca57fae345726aa,pose_hand_context,,19605.6,4.57,,1,cam12/e1/v1,rtmpose_baseline
oneshot,03.CCTV Mobile Usage.mkv,632de9ed55947761d56d4c6142a3cb1a1fe69d0b1a6d0e01a2e404c697962623,dfine_native,10200.0,unknown_object,0.2898,163.0,181.67,224.96,259.86,4844.8,61.96,78.19,0.792,False,,True,S-61,2,evt_S-61_desk_work_surface_0001,3ca57fae345726aa,pose_hand_context,,19605.6,4.57,,1,cam12/e1/v1,rtmpose_baseline
oneshot,03.CCTV Mobile Usage.mkv,632de9ed55947761d56d4c6142a3cb1a1fe69d0b1a6d0e01a2e404c697962623,dfine_native,10200.0,unknown_object,0.5567,112.03,451.18,239.95,578.3,16261.5,127.92,127.12,1.006,False,,True,S-61,1,evt_S-61_desk_work_surface_0001,9cb192cf057e470f,pose_hand_context,,16574.0,4.97,,1,cam12/e1/v1,rtmpose_baseline
oneshot,03.CCTV Mobile Usage.mkv,632de9ed55947761d56d4c6142a3cb1a1fe69d0b1a6d0e01a2e404c697962623,dfine_native,10200.0,unknown_object,0.2532,142.31,474.44,239.99,577.71,10087.4,97.68,103.27,0.946,False,,True,S-61,1,evt_S-61_desk_work_surface_0001,9cb192cf057e470f,pose_hand_context,,16574.0,4.97,,1,cam12/e1/v1,rtmpose_baseline
oneshot,03.CCTV Mobile Usage.mkv,632de9ed55947761d56d4c6142a3cb1a1fe69d0b1a6d0e01a2e404c697962623,dfine_native,10700.0,unknown_object,0.6902,112.2,261.21,241.92,331.36,9098.9,129.72,70.14,1.849,False,,True,S-61,2,evt_S-61_desk_work_surface_0001,306d5f013085fa12,pose_hand_context,,22428.1,4.27,,1,cam12/e1/v1,rtmpose_baseline
oneshot,03.CCTV Mobile Usage.mkv,632de9ed55947761d56d4c6142a3cb1a1fe69d0b1a6d0e01a2e404c697962623,dfine_native,10700.0,unknown_object,0.4654,211.13,228.02,228.93,255.87,495.9,17.8,27.85,0.639,False,,True,S-61,2,evt_S-61_desk_work_surface_0001,306d5f013085fa12,pose_hand_context,,22428.1,4.27,,1,cam12/e1/v1,rtmpose_baseline
oneshot,03.CCTV Mobile Usage.mkv,632de9ed55947761d56d4c6142a3cb1a1fe69d0b1a6d0e01a2e404c697962623,dfine_native,10700.0,unknown_object,0.2988,112.7,265.44,186.99,331.16,4882.6,74.29,65.72,1.13,False,,True,S-61,2,evt_S-61_desk_work_surface_0001,306d5f013085fa12,pose_hand_context,,22428.1,4.27,,1,cam12/e1/v1,rtmpose_baseline
oneshot,03.CCTV Mobile Usage.mkv,632de9ed55947761d56d4c6142a3cb1a1fe69d0b1a6d0e01a2e404c697962623,dfine_native,10700.0,unknown_object,0.2683,111.92,239.0,241.81,331.25,11982.0,129.89,92.25,1.408,False,,True,S-61,2,evt_S-61_desk_work_surface_0001,306d5f013085fa12,pose_hand_context,,22428.1,4.27,,1,cam12/e1/v1,rtmpose_baseline
oneshot,03.CCTV Mobile Usage.mkv,632de9ed55947761d56d4c6142a3cb1a1fe69d0b1a6d0e01a2e404c697962623,dfine_native,10700.0,unknown_object,0.274,112.46,225.49,241.92,331.26,13694.4,129.46,105.78,1.224,False,,True,S-61,2,evt_S-61_desk_work_surface_0001,306d5f013085fa12,pose_hand_context,,22428.1,4.27,,1,cam12/e1/v1,rtmpose_baseline
oneshot,03.CCTV Mobile Usage.mkv,632de9ed55947761d56d4c6142a3cb1a1fe69d0b1a6d0e01a2e404c697962623,dfine_native,10700.0,unknown_object,0.4196,132.38,471.75,243.9,567.08,10632.2,111.52,95.34,1.17,False,,True,S-61,1,evt_S-61_desk_work_surface_0001,fc3e6f6ad9de900d,pose_hand_context,,16022.5,5.06,,1,cam12/e1/v1,rtmpose_baseline
oneshot,03.CCTV Mobile Usage.mkv,632de9ed55947761d56d4c6142a3cb1a1fe69d0b1a6d0e01a2e404c697962623,dfine_native,11200.0,unknown_object,0.6306,120.13,457.18,237.14,564.31,12534.1,117.0,107.13,1.092,False,,True,S-61,1,evt_S-61_desk_work_surface_0001,2bebd0989d616603,pose_hand_context,,13815.7,5.44,,1,cam12/e1/v1,rtmpose_baseline
oneshot,03.CCTV Mobile Usage.mkv,632de9ed55947761d56d4c6142a3cb1a1fe69d0b1a6d0e01a2e404c697962623,dfine_native,11200.0,unknown_object,0.5379,120.01,457.2,237.18,574.41,13734.0,117.17,117.21,1.0,False,,True,S-61,1,evt_S-61_desk_work_surface_0001,2bebd0989d616603,pose_hand_context,,13815.7,5.44,,1,cam12/e1/v1,rtmpose_baseline
oneshot,03.CCTV Mobile Usage.mkv,632de9ed55947761d56d4c6142a3cb1a1fe69d0b1a6d0e01a2e404c697962623,dfine_native,11200.0,unknown_object,0.2585,120.27,457.25,237.19,562.84,12346.4,116.92,105.6,1.107,False,,True,S-61,1,evt_S-61_desk_work_surface_0001,2bebd0989d616603,pose_hand_context,,13815.7,5.44,,1,cam12/e1/v1,rtmpose_baseline
oneshot,03.CCTV Mobile Usage.mkv,632de9ed55947761d56d4c6142a3cb1a1fe69d0b1a6d0e01a2e404c697962623,dfine_native,11200.0,unknown_object,0.358,126.41,471.46,237.12,563.24,10161.5,110.71,91.78,1.206,False,,True,S-61,1,evt_S-61_desk_work_surface_0001,2bebd0989d616603,pose_hand_context,,13815.7,5.44,,1,cam12/e1/v1,rtmpose_baseline
oneshot,03.CCTV Mobile Usage.mkv,632de9ed55947761d56d4c6142a3cb1a1fe69d0b1a6d0e01a2e404c697962623,dfine_native,11200.0,unknown_object,0.2609,120.01,471.61,237.16,574.59,12063.4,117.15,102.97,1.138,False,,True,S-61,1,evt_S-61_desk_work_surface_0001,2bebd0989d616603,pose_hand_context,,13815.7,5.44,,1,cam12/e1/v1,rtmpose_baseline
oneshot,03.CCTV Mobile Usage.mkv,632de9ed55947761d56d4c6142a3cb1a1fe69d0b1a6d0e01a2e404c697962623,dfine_native,11200.0,unknown_object,0.2798,119.96,505.56,237.13,574.62,8091.9,117.17,69.06,1.697,False,,True,S-61,1,evt_S-61_desk_work_surface_0001,2bebd0989d616603,pose_hand_context,,13815.7,5.44,,1,cam12/e1/v1,rtmpose_baseline
oneshot,03.CCTV Mobile Usage.mkv,632de9ed55947761d56d4c6142a3cb1a1fe69d0b1a6d0e01a2e404c697962623,dfine_native,11200.0,unknown_object,0.3352,265.15,279.6,315.32,337.77,2918.8,50.18,58.17,0.863,False,,True,S-61,2,evt_S-61_desk_work_surface_0001,44302ce98e67dd02,pose_hand_context,,29721.8,3.71,,1,cam12/e1/v1,rtmpose_baseline
oneshot,03.CCTV Mobile Usage.mkv,632de9ed55947761d56d4c6142a3cb1a1fe69d0b1a6d0e01a2e404c697962623,dfine_native,11200.0,unknown_object,0.3905,244.12,207.27,415.94,379.32,29560.8,171.82,172.05,0.999,False,,True,S-61,2,evt_S-61_desk_work_surface_0001,44302ce98e67dd02,pose_hand_context,,29721.8,3.71,,1,cam12/e1/v1,rtmpose_baseline
oneshot,03.CCTV Mobile Usage.mkv,632de9ed55947761d56d4c6142a3cb1a1fe69d0b1a6d0e01a2e404c697962623,dfine_native,11200.0,unknown_object,0.2608,266.0,240.09,318.86,338.05,5178.1,52.86,97.96,0.54,False,,True,S-61,2,evt_S-61_desk_work_surface_0001,44302ce98e67dd02,pose_hand_context,,29721.8,3.71,,1,cam12/e1/v1,rtmpose_baseline
oneshot,03.CCTV Mobile Usage.mkv,632de9ed55947761d56d4c6142a3cb1a1fe69d0b1a6d0e01a2e404c697962623,dfine_native,11200.0,unknown_object,0.3257,264.97,211.89,344.94,378.97,13361.4,79.97,167.08,0.479,False,,True,S-61,2,evt_S-61_desk_work_surface_0001,44302ce98e67dd02,pose_hand_context,,29721.8,3.71,,1,cam12/e1/v1,rtmpose_baseline
oneshot,03.CCTV Mobile Usage.mkv,632de9ed55947761d56d4c6142a3cb1a1fe69d0b1a6d0e01a2e404c697962623,dfine_native,11200.0,unknown_object,0.2655,264.92,216.41,320.15,369.51,8455.4,55.23,153.1,0.361,False,,True,S-61,2,evt_S-61_desk_work_surface_0001,44302ce98e67dd02,pose_hand_context,,29721.8,3.71,,1,cam12/e1/v1,rtmpose_baseline
oneshot,03.CCTV Mobile Usage.mkv,632de9ed55947761d56d4c6142a3cb1a1fe69d0b1a6d0e01a2e404c697962623,dfine_native,11200.0,unknown_object,0.2735,265.84,279.49,339.75,379.34,7379.5,73.91,99.85,0.74,False,,True,S-61,2,evt_S-61_desk_work_surface_0001,44302ce98e67dd02,pose_hand_context,,29721.8,3.71,,1,cam12/e1/v1,rtmpose_baseline
oneshot,03.CCTV Mobile Usage.mkv,632de9ed55947761d56d4c6142a3cb1a1fe69d0b1a6d0e01a2e404c697962623,dfine_native,11200.0,unknown_object,0.3329,265.59,215.02,320.16,338.78,6754.1,54.57,123.76,0.441,False,,True,S-61,2,evt_S-61_desk_work_surface_0001,44302ce98e67dd02,pose_hand_context,,29721.8,3.71,,1,cam12/e1/v1,rtmpose_baseline
oneshot,03.CCTV Mobile Usage.mkv,632de9ed55947761d56d4c6142a3cb1a1fe69d0b1a6d0e01a2e404c697962623,dfine_native,11200.0,unknown_object,0.2711,265.83,280.4,307.2,329.49,2030.8,41.37,49.09,0.843,False,,True,S-61,2,evt_S-61_desk_work_surface_0001,44302ce98e67dd02,pose_hand_context,,29721.8,3.71,,1,cam12/e1/v1,rtmpose_baseline
oneshot,03.CCTV Mobile Usage.mkv,632de9ed55947761d56d4c6142a3cb1a1fe69d0b1a6d0e01a2e404c697962623,dfine_native,11200.0,keyboard,0.9082,962.22,452.01,1067.87,491.44,4165.1,105.65,39.42,2.68,False,,True,R-desk,5,evt_S-61_desk_work_surface_0001,7739ac136bb8b8c8,lap_bag_context,no_pose_observation,34560.0,1.33,,1,cam12/e1/v1,
oneshot,03.CCTV Mobile Usage.mkv,632de9ed55947761d56d4c6142a3cb1a1fe69d0b1a6d0e01a2e404c697962623,dfine_native,11200.0,monitor_or_bezel,0.6147,1018.42,395.79,1145.54,447.56,6581.6,127.12,51.77,2.455,False,,True,R-desk,5,evt_S-61_desk_work_surface_0001,7739ac136bb8b8c8,lap_bag_context,no_pose_observation,34560.0,1.33,,1,cam12/e1/v1,
oneshot,03.CCTV Mobile Usage.mkv,632de9ed55947761d56d4c6142a3cb1a1fe69d0b1a6d0e01a2e404c697962623,dfine_native,11200.0,unknown_object,0.5516,699.96,396.18,857.23,492.13,15088.9,157.27,95.94,1.639,False,,True,R-desk,5,evt_S-61_desk_work_surface_0001,7739ac136bb8b8c8,lap_bag_context,no_pose_observation,34560.0,1.33,,1,cam12/e1/v1,
oneshot,03.CCTV Mobile Usage.mkv,632de9ed55947761d56d4c6142a3cb1a1fe69d0b1a6d0e01a2e404c697962623,dfine_native,11200.0,unknown_object,0.4261,699.99,396.11,770.01,491.7,6692.6,70.02,95.59,0.732,False,,True,R-desk,5,evt_S-61_desk_work_surface_0001,7739ac136bb8b8c8,lap_bag_context,no_pose_observation,34560.0,1.33,,1,cam12/e1/v1,
oneshot,03.CCTV Mobile Usage.mkv,632de9ed55947761d56d4c6142a3cb1a1fe69d0b1a6d0e01a2e404c697962623,dfine_native,11200.0,keyboard,0.5001,802.17,396.24,870.79,420.69,1677.9,68.61,24.45,2.806,False,,True,R-desk,5,evt_S-61_desk_work_surface_0001,7739ac136bb8b8c8,lap_bag_context,no_pose_observation,34560.0,1.33,,1,cam12/e1/v1,
oneshot,03.CCTV Mobile Usage.mkv,632de9ed55947761d56d4c6142a3cb1a1fe69d0b1a6d0e01a2e404c697962623,dfine_native,11200.0,phone,0.3421,1042.74,421.48,1113.79,474.48,3765.2,71.04,53.0,1.341,False,,True,R-desk,5,evt_S-61_desk_work_surface_0001,7739ac136bb8b8c8,lap_bag_context,no_pose_observation,34560.0,1.33,,1,cam12/e1/v1,
oneshot,03.CCTV Mobile Usage.mkv,632de9ed55947761d56d4c6142a3cb1a1fe69d0b1a6d0e01a2e404c697962623,dfine_native,11200.0,monitor_or_bezel,0.2856,1011.31,395.81,1146.83,487.99,12491.4,135.51,92.18,1.47,False,,True,R-desk,5,evt_S-61_desk_work_surface_0001,7739ac136bb8b8c8,lap_bag_context,no_pose_observation,34560.0,1.33,,1,cam12/e1/v1,
oneshot,03.CCTV Mobile Usage.mkv,632de9ed55947761d56d4c6142a3cb1a1fe69d0b1a6d0e01a2e404c697962623,dfine_native,11200.0,unknown_object,0.341,700.07,396.33,757.33,490.32,5382.0,57.27,93.98,0.609,False,,True,R-desk,5,evt_S-61_desk_work_surface_0001,7739ac136bb8b8c8,lap_bag_context,no_pose_observation,34560.0,1.33,,1,cam12/e1/v1,
oneshot,03.CCTV Mobile Usage.mkv,632de9ed55947761d56d4c6142a3cb1a1fe69d0b1a6d0e01a2e404c697962623,dfine_native,11200.0,mouse,0.5338,864.88,413.88,892.04,435.01,574.0,27.15,21.14,1.285,False,,True,R-desk,5,evt_S-61_desk_work_surface_0001,7739ac136bb8b8c8,lap_bag_context,no_pose_observation,34560.0,1.33,,1,cam12/e1/v1,
oneshot,03.CCTV Mobile Usage.mkv,632de9ed55947761d56d4c6142a3cb1a1fe69d0b1a6d0e01a2e404c697962623,dfine_native,11200.0,monitor_or_bezel,0.2997,881.31,396.18,948.85,452.47,3801.9,67.54,56.29,1.2,False,,True,R-desk,5,evt_S-61_desk_work_surface_0001,7739ac136bb8b8c8,lap_bag_context,no_pose_observation,34560.0,1.33,,1,cam12/e1/v1,
oneshot,03.CCTV Mobile Usage.mkv,632de9ed55947761d56d4c6142a3cb1a1fe69d0b1a6d0e01a2e404c697962623,dfine_native,11200.0,mouse,0.299,967.15,398.48,991.99,410.58,300.8,24.84,12.11,2.052,False,,True,R-desk,5,evt_S-61_desk_work_surface_0001,7739ac136bb8b8c8,lap_bag_context,no_pose_observation,34560.0,1.33,,1,cam12/e1/v1,
oneshot,03.CCTV Mobile Usage.mkv,632de9ed55947761d56d4c6142a3cb1a1fe69d0b1a6d0e01a2e404c697962623,dfine_native,11200.0,mouse,0.2503,991.25,400.95,1028.24,413.52,465.0,37.0,12.57,2.943,False,,True,R-desk,5,evt_S-61_desk_work_surface_0001,7739ac136bb8b8c8,lap_bag_context,no_pose_observation,34560.0,1.33,,1,cam12/e1/v1,
oneshot,03.CCTV Mobile Usage.mkv,632de9ed55947761d56d4c6142a3cb1a1fe69d0b1a6d0e01a2e404c697962623,dfine_native,11200.0,mouse,0.2578,990.77,399.34,1026.6,413.25,498.4,35.83,13.91,2.576,False,,True,R-desk,5,evt_S-61_desk_work_surface_0001,7739ac136bb8b8c8,lap_bag_context,no_pose_observation,34560.0,1.33,,1,cam12/e1/v1,
oneshot,03.CCTV Mobile Usage.mkv,632de9ed55947761d56d4c6142a3cb1a1fe69d0b1a6d0e01a2e404c697962623,dfine_native,11700.0,unknown_object,0.4091,58.01,537.57,96.74,603.13,2539.6,38.74,65.56,0.591,False,,True,S-61,1,evt_S-61_desk_work_surface_0001,b6a05af65e1ac343,pose_hand_context,,28995.3,3.76,,1,cam12/e1/v1,rtmpose_baseline
oneshot,03.CCTV Mobile Usage.mkv,632de9ed55947761d56d4c6142a3cb1a1fe69d0b1a6d0e01a2e404c697962623,dfine_native,11700.0,stationery,0.4808,57.97,509.52,85.38,552.39,1175.0,27.4,42.87,0.639,False,,True,S-61,1,evt_S-61_desk_work_surface_0001,b6a05af65e1ac343,pose_hand_context,,28995.3,3.76,,1,cam12/e1/v1,rtmpose_baseline
oneshot,03.CCTV Mobile Usage.mkv,632de9ed55947761d56d4c6142a3cb1a1fe69d0b1a6d0e01a2e404c697962623,dfine_native,11700.0,unknown_object,0.3189,90.9,475.58,218.82,603.21,16326.1,127.91,127.63,1.002,False,,True,S-61,1,evt_S-61_desk_work_surface_0001,b6a05af65e1ac343,pose_hand_context,,28995.3,3.76,,1,cam12/e1/v1,rtmpose_baseline
oneshot,03.CCTV Mobile Usage.mkv,632de9ed55947761d56d4c6142a3cb1a1fe69d0b1a6d0e01a2e404c697962623,dfine_native,11700.0,unknown_object,0.352,57.99,486.29,97.41,602.22,4569.9,39.42,115.92,0.34,False,,True,S-61,1,evt_S-61_desk_work_surface_0001,b6a05af65e1ac343,pose_hand_context,,28995.3,3.76,,1,cam12/e1/v1,rtmpose_baseline
oneshot,03.CCTV Mobile Usage.mkv,632de9ed55947761d56d4c6142a3cb1a1fe69d0b1a6d0e01a2e404c697962623,dfine_native,11700.0,unknown_object,0.2911,58.51,474.24,225.71,603.23,21567.0,167.2,128.99,1.296,False,,True,S-61,1,evt_S-61_desk_work_surface_0001,b6a05af65e1ac343,pose_hand_context,,28995.3,3.76,,1,cam12/e1/v1,rtmpose_baseline
oneshot,03.CCTV Mobile Usage.mkv,632de9ed55947761d56d4c6142a3cb1a1fe69d0b1a6d0e01a2e404c697962623,dfine_native,11700.0,unknown_object,0.3554,58.73,476.46,219.68,603.2,20399.7,160.95,126.74,1.27,False,,True,S-61,1,evt_S-61_desk_work_surface_0001,b6a05af65e1ac343,pose_hand_context,,28995.3,3.76,,1,cam12/e1/v1,rtmpose_baseline
oneshot,03.CCTV Mobile Usage.mkv,632de9ed55947761d56d4c6142a3cb1a1fe69d0b1a6d0e01a2e404c697962623,dfine_native,11700.0,unknown_object,0.2704,58.12,476.96,229.03,603.28,21589.6,170.91,126.32,1.353,False,,True,S-61,1,evt_S-61_desk_work_surface_0001,b6a05af65e1ac343,pose_hand_context,,28995.3,3.76,,1,cam12/e1/v1,rtmpose_baseline
oneshot,03.CCTV Mobile Usage.mkv,632de9ed55947761d56d4c6142a3cb1a1fe69d0b1a6d0e01a2e404c697962623,dfine_native,12200.0,keyboard,0.8976,962.17,451.89,1068.0,491.41,4183.0,105.84,39.52,2.678,False,,True,R-desk,6,evt_S-61_desk_work_surface_0001,590143951782a0e5,lap_bag_context,no_pose_observation,34560.0,1.33,,1,cam12/e1/v1,
oneshot,03.CCTV Mobile Usage.mkv,632de9ed55947761d56d4c6142a3cb1a1fe69d0b1a6d0e01a2e404c697962623,dfine_native,12200.0,unknown_object,0.621,699.92,396.22,849.64,492.05,14348.2,149.72,95.83,1.562,False,,True,R-desk,6,evt_S-61_desk_work_surface_0001,590143951782a0e5,lap_bag_context,no_pose_observation,34560.0,1.33,,1,cam12/e1/v1,
oneshot,03.CCTV Mobile Usage.mkv,632de9ed55947761d56d4c6142a3cb1a1fe69d0b1a6d0e01a2e404c697962623,dfine_native,12200.0,monitor_or_bezel,0.3169,735.83,395.53,1142.96,491.11,38914.7,407.13,95.58,4.259,False,,True,R-desk,6,evt_S-61_desk_work_surface_0001,590143951782a0e5,lap_bag_context,no_pose_observation,34560.0,1.33,,1,cam12/e1/v1,
oneshot,03.CCTV Mobile Usage.mkv,632de9ed55947761d56d4c6142a3cb1a1fe69d0b1a6d0e01a2e404c697962623,dfine_native,12200.0,keyboard,0.4259,802.41,396.23,870.38,420.7,1663.5,67.97,24.47,2.777,False,,True,R-desk,6,evt_S-61_desk_work_surface_0001,590143951782a0e5,lap_bag_context,no_pose_observation,34560.0,1.33,,1,cam12/e1/v1,
oneshot,03.CCTV Mobile Usage.mkv,632de9ed55947761d56d4c6142a3cb1a1fe69d0b1a6d0e01a2e404c697962623,dfine_native,12200.0,monitor_or_bezel,0.3708,1019.35,395.54,1145.38,447.63,6564.5,126.03,52.09,2.42,False,,True,R-desk,6,evt_S-61_desk_work_surface_0001,590143951782a0e5,lap_bag_context,no_pose_observation,34560.0,1.33,,1,cam12/e1/v1,
oneshot,03.CCTV Mobile Usage.mkv,632de9ed55947761d56d4c6142a3cb1a1fe69d0b1a6d0e01a2e404c697962623,dfine_native,12200.0,monitor_or_bezel,0.3959,1014.33,395.57,1146.85,488.82,12356.1,132.51,93.24,1.421,False,,True,R-desk,6,evt_S-61_desk_work_surface_0001,590143951782a0e5,lap_bag_context,no_pose_observation,34560.0,1.33,,1,cam12/e1/v1,
oneshot,03.CCTV Mobile Usage.mkv,632de9ed55947761d56d4c6142a3cb1a1fe69d0b1a6d0e01a2e404c697962623,dfine_native,12200.0,unknown_object,0.3516,700.03,396.15,774.6,491.77,7129.7,74.56,95.62,0.78,False,,True,R-desk,6,evt_S-61_desk_work_surface_0001,590143951782a0e5,lap_bag_context,no_pose_observation,34560.0,1.33,,1,cam12/e1/v1,
oneshot,03.CCTV Mobile Usage.mkv,632de9ed55947761d56d4c6142a3cb1a1fe69d0b1a6d0e01a2e404c697962623,dfine_native,12200.0,phone,0.3032,1042.76,421.37,1113.57,474.32,3748.9,70.8,52.95,1.337,False,,True,R-desk,6,evt_S-61_desk_work_surface_0001,590143951782a0e5,lap_bag_context,no_pose_observation,34560.0,1.33,,1,cam12/e1/v1,
oneshot,03.CCTV Mobile Usage.mkv,632de9ed55947761d56d4c6142a3cb1a1fe69d0b1a6d0e01a2e404c697962623,dfine_native,12200.0,unknown_object,0.419,700.01,396.25,758.88,490.74,5562.0,58.86,94.49,0.623,False,,True,R-desk,6,evt_S-61_desk_work_surface_0001,590143951782a0e5,lap_bag_context,no_pose_observation,34560.0,1.33,,1,cam12/e1/v1,
oneshot,03.CCTV Mobile Usage.mkv,632de9ed55947761d56d4c6142a3cb1a1fe69d0b1a6d0e01a2e404c697962623,dfine_native,12200.0,monitor_or_bezel,0.2625,1017.95,395.58,1146.14,472.53,9865.7,128.2,76.96,1.666,False,,True,R-desk,6,evt_S-61_desk_work_surface_0001,590143951782a0e5,lap_bag_context,no_pose_observation,34560.0,1.33,,1,cam12/e1/v1,
oneshot,03.CCTV Mobile Usage.mkv,632de9ed55947761d56d4c6142a3cb1a1fe69d0b1a6d0e01a2e404c697962623,dfine_native,12200.0,mouse,0.5184,865.0,413.88,892.18,435.35,583.7,27.18,21.48,1.265,False,,True,R-desk,6,evt_S-61_desk_work_surface_0001,590143951782a0e5,lap_bag_context,no_pose_observation,34560.0,1.33,,1,cam12/e1/v1,
oneshot,03.CCTV Mobile Usage.mkv,632de9ed55947761d56d4c6142a3cb1a1fe69d0b1a6d0e01a2e404c697962623,dfine_native,12200.0,mouse,0.2566,966.92,398.36,992.04,410.52,305.6,25.12,12.16,2.065,False,,True,R-desk,6,evt_S-61_desk_work_surface_0001,590143951782a0e5,lap_bag_context,no_pose_observation,34560.0,1.33,,1,cam12/e1/v1,
oneshot,03.CCTV Mobile Usage.mkv,632de9ed55947761d56d4c6142a3cb1a1fe69d0b1a6d0e01a2e404c697962623,dfine_native,12200.0,monitor_or_bezel,0.3307,966.87,395.53,1146.8,490.43,17073.8,179.93,94.89,1.896,False,,True,R-desk,6,evt_S-61_desk_work_surface_0001,590143951782a0e5,lap_bag_context,no_pose_observation,34560.0,1.33,,1,cam12/e1/v1,
oneshot,03.CCTV Mobile Usage.mkv,632de9ed55947761d56d4c6142a3cb1a1fe69d0b1a6d0e01a2e404c697962623,dfine_native,12200.0,monitor_or_bezel,0.2824,880.78,395.54,1146.81,491.03,25403.0,266.04,95.49,2.786,False,,True,R-desk,6,evt_S-61_desk_work_surface_0001,590143951782a0e5,lap_bag_context,no_pose_observation,34560.0,1.33,,1,cam12/e1/v1,
oneshot,03.CCTV Mobile Usage.mkv,632de9ed55947761d56d4c6142a3cb1a1fe69d0b1a6d0e01a2e404c697962623,dfine_native,12200.0,keyboard,0.8976,962.17,451.89,1068.0,491.41,4183.0,105.84,39.52,2.678,False,,True,R-desk,5,evt_S-61_desk_work_surface_0001,590143951782a0e5,lap_bag_context,no_pose_observation,34560.0,1.33,,1,cam12/e1/v1,
oneshot,03.CCTV Mobile Usage.mkv,632de9ed55947761d56d4c6142a3cb1a1fe69d0b1a6d0e01a2e404c697962623,dfine_native,12200.0,unknown_object,0.621,699.92,396.22,849.64,492.05,14348.2,149.72,95.83,1.562,False,,True,R-desk,5,evt_S-61_desk_work_surface_0001,590143951782a0e5,lap_bag_context,no_pose_observation,34560.0,1.33,,1,cam12/e1/v1,
oneshot,03.CCTV Mobile Usage.mkv,632de9ed55947761d56d4c6142a3cb1a1fe69d0b1a6d0e01a2e404c697962623,dfine_native,12200.0,monitor_or_bezel,0.3169,735.83,395.53,1142.96,491.11,38914.7,407.13,95.58,4.259,False,,True,R-desk,5,evt_S-61_desk_work_surface_0001,590143951782a0e5,lap_bag_context,no_pose_observation,34560.0,1.33,,1,cam12/e1/v1,
oneshot,03.CCTV Mobile Usage.mkv,632de9ed55947761d56d4c6142a3cb1a1fe69d0b1a6d0e01a2e404c697962623,dfine_native,12200.0,keyboard,0.4259,802.41,396.23,870.38,420.7,1663.5,67.97,24.47,2.777,False,,True,R-desk,5,evt_S-61_desk_work_surface_0001,590143951782a0e5,lap_bag_context,no_pose_observation,34560.0,1.33,,1,cam12/e1/v1,
oneshot,03.CCTV Mobile Usage.mkv,632de9ed55947761d56d4c6142a3cb1a1fe69d0b1a6d0e01a2e404c697962623,dfine_native,12200.0,monitor_or_bezel,0.3708,1019.35,395.54,1145.38,447.63,6564.5,126.03,52.09,2.42,False,,True,R-desk,5,evt_S-61_desk_work_surface_0001,590143951782a0e5,lap_bag_context,no_pose_observation,34560.0,1.33,,1,cam12/e1/v1,
oneshot,03.CCTV Mobile Usage.mkv,632de9ed55947761d56d4c6142a3cb1a1fe69d0b1a6d0e01a2e404c697962623,dfine_native,12200.0,monitor_or_bezel,0.3959,1014.33,395.57,1146.85,488.82,12356.1,132.51,93.24,1.421,False,,True,R-desk,5,evt_S-61_desk_work_surface_0001,590143951782a0e5,lap_bag_context,no_pose_observation,34560.0,1.33,,1,cam12/e1/v1,
oneshot,03.CCTV Mobile Usage.mkv,632de9ed55947761d56d4c6142a3cb1a1fe69d0b1a6d0e01a2e404c697962623,dfine_native,12200.0,unknown_object,0.3516,700.03,396.15,774.6,491.77,7129.7,74.56,95.62,0.78,False,,True,R-desk,5,evt_S-61_desk_work_surface_0001,590143951782a0e5,lap_bag_context,no_pose_observation,34560.0,1.33,,1,cam12/e1/v1,
oneshot,03.CCTV Mobile Usage.mkv,632de9ed55947761d56d4c6142a3cb1a1fe69d0b1a6d0e01a2e404c697962623,dfine_native,12200.0,phone,0.3032,1042.76,421.37,1113.57,474.32,3748.9,70.8,52.95,1.337,False,,True,R-desk,5,evt_S-61_desk_work_surface_0001,590143951782a0e5,lap_bag_context,no_pose_observation,34560.0,1.33,,1,cam12/e1/v1,
oneshot,03.CCTV Mobile Usage.mkv,632de9ed55947761d56d4c6142a3cb1a1fe69d0b1a6d0e01a2e404c697962623,dfine_native,12200.0,unknown_object,0.419,700.01,396.25,758.88,490.74,5562.0,58.86,94.49,0.623,False,,True,R-desk,5,evt_S-61_desk_work_surface_0001,590143951782a0e5,lap_bag_context,no_pose_observation,34560.0,1.33,,1,cam12/e1/v1,
oneshot,03.CCTV Mobile Usage.mkv,632de9ed55947761d56d4c6142a3cb1a1fe69d0b1a6d0e01a2e404c697962623,dfine_native,12200.0,monitor_or_bezel,0.2625,1017.95,395.58,1146.14,472.53,9865.7,128.2,76.96,1.666,False,,True,R-desk,5,evt_S-61_desk_work_surface_0001,590143951782a0e5,lap_bag_context,no_pose_observation,34560.0,1.33,,1,cam12/e1/v1,
oneshot,03.CCTV Mobile Usage.mkv,632de9ed55947761d56d4c6142a3cb1a1fe69d0b1a6d0e01a2e404c697962623,dfine_native,12200.0,mouse,0.5184,865.0,413.88,892.18,435.35,583.7,27.18,21.48,1.265,False,,True,R-desk,5,evt_S-61_desk_work_surface_0001,590143951782a0e5,lap_bag_context,no_pose_observation,34560.0,1.33,,1,cam12/e1/v1,
oneshot,03.CCTV Mobile Usage.mkv,632de9ed55947761d56d4c6142a3cb1a1fe69d0b1a6d0e01a2e404c697962623,dfine_native,12200.0,mouse,0.2566,966.92,398.36,992.04,410.52,305.6,25.12,12.16,2.065,False,,True,R-desk,5,evt_S-61_desk_work_surface_0001,590143951782a0e5,lap_bag_context,no_pose_observation,34560.0,1.33,,1,cam12/e1/v1,
oneshot,03.CCTV Mobile Usage.mkv,632de9ed55947761d56d4c6142a3cb1a1fe69d0b1a6d0e01a2e404c697962623,dfine_native,12200.0,monitor_or_bezel,0.3307,966.87,395.53,1146.8,490.43,17073.8,179.93,94.89,1.896,False,,True,R-desk,5,evt_S-61_desk_work_surface_0001,590143951782a0e5,lap_bag_context,no_pose_observation,34560.0,1.33,,1,cam12/e1/v1,
oneshot,03.CCTV Mobile Usage.mkv,632de9ed55947761d56d4c6142a3cb1a1fe69d0b1a6d0e01a2e404c697962623,dfine_native,12200.0,monitor_or_bezel,0.2824,880.78,395.54,1146.81,491.03,25403.0,266.04,95.49,2.786,False,,True,R-desk,5,evt_S-61_desk_work_surface_0001,590143951782a0e5,lap_bag_context,no_pose_observation,34560.0,1.33,,1,cam12/e1/v1,
oneshot,03.CCTV Mobile Usage.mkv,632de9ed55947761d56d4c6142a3cb1a1fe69d0b1a6d0e01a2e404c697962623,dfine_native,12200.0,keyboard,0.8976,962.17,451.89,1068.0,491.41,4183.0,105.84,39.52,2.678,False,,True,R-desk,7,evt_S-61_desk_work_surface_0001,590143951782a0e5,lap_bag_context,no_pose_observation,34560.0,1.33,,1,cam12/e1/v1,
oneshot,03.CCTV Mobile Usage.mkv,632de9ed55947761d56d4c6142a3cb1a1fe69d0b1a6d0e01a2e404c697962623,dfine_native,12200.0,unknown_object,0.621,699.92,396.22,849.64,492.05,14348.2,149.72,95.83,1.562,False,,True,R-desk,7,evt_S-61_desk_work_surface_0001,590143951782a0e5,lap_bag_context,no_pose_observation,34560.0,1.33,,1,cam12/e1/v1,
oneshot,03.CCTV Mobile Usage.mkv,632de9ed55947761d56d4c6142a3cb1a1fe69d0b1a6d0e01a2e404c697962623,dfine_native,12200.0,monitor_or_bezel,0.3169,735.83,395.53,1142.96,491.11,38914.7,407.13,95.58,4.259,False,,True,R-desk,7,evt_S-61_desk_work_surface_0001,590143951782a0e5,lap_bag_context,no_pose_observation,34560.0,1.33,,1,cam12/e1/v1,
oneshot,03.CCTV Mobile Usage.mkv,632de9ed55947761d56d4c6142a3cb1a1fe69d0b1a6d0e01a2e404c697962623,dfine_native,12200.0,keyboard,0.4259,802.41,396.23,870.38,420.7,1663.5,67.97,24.47,2.777,False,,True,R-desk,7,evt_S-61_desk_work_surface_0001,590143951782a0e5,lap_bag_context,no_pose_observation,34560.0,1.33,,1,cam12/e1/v1,
oneshot,03.CCTV Mobile Usage.mkv,632de9ed55947761d56d4c6142a3cb1a1fe69d0b1a6d0e01a2e404c697962623,dfine_native,12200.0,monitor_or_bezel,0.3708,1019.35,395.54,1145.38,447.63,6564.5,126.03,52.09,2.42,False,,True,R-desk,7,evt_S-61_desk_work_surface_0001,590143951782a0e5,lap_bag_context,no_pose_observation,34560.0,1.33,,1,cam12/e1/v1,
oneshot,03.CCTV Mobile Usage.mkv,632de9ed55947761d56d4c6142a3cb1a1fe69d0b1a6d0e01a2e404c697962623,dfine_native,12200.0,monitor_or_bezel,0.3959,1014.33,395.57,1146.85,488.82,12356.1,132.51,93.24,1.421,False,,True,R-desk,7,evt_S-61_desk_work_surface_0001,590143951782a0e5,lap_bag_context,no_pose_observation,34560.0,1.33,,1,cam12/e1/v1,
oneshot,03.CCTV Mobile Usage.mkv,632de9ed55947761d56d4c6142a3cb1a1fe69d0b1a6d0e01a2e404c697962623,dfine_native,12200.0,unknown_object,0.3516,700.03,396.15,774.6,491.77,7129.7,74.56,95.62,0.78,False,,True,R-desk,7,evt_S-61_desk_work_surface_0001,590143951782a0e5,lap_bag_context,no_pose_observation,34560.0,1.33,,1,cam12/e1/v1,
oneshot,03.CCTV Mobile Usage.mkv,632de9ed55947761d56d4c6142a3cb1a1fe69d0b1a6d0e01a2e404c697962623,dfine_native,12200.0,phone,0.3032,1042.76,421.37,1113.57,474.32,3748.9,70.8,52.95,1.337,False,,True,R-desk,7,evt_S-61_desk_work_surface_0001,590143951782a0e5,lap_bag_context,no_pose_observation,34560.0,1.33,,1,cam12/e1/v1,
oneshot,03.CCTV Mobile Usage.mkv,632de9ed55947761d56d4c6142a3cb1a1fe69d0b1a6d0e01a2e404c697962623,dfine_native,12200.0,unknown_object,0.419,700.01,396.25,758.88,490.74,5562.0,58.86,94.49,0.623,False,,True,R-desk,7,evt_S-61_desk_work_surface_0001,590143951782a0e5,lap_bag_context,no_pose_observation,34560.0,1.33,,1,cam12/e1/v1,
oneshot,03.CCTV Mobile Usage.mkv,632de9ed55947761d56d4c6142a3cb1a1fe69d0b1a6d0e01a2e404c697962623,dfine_native,12200.0,monitor_or_bezel,0.2625,1017.95,395.58,1146.14,472.53,9865.7,128.2,76.96,1.666,False,,True,R-desk,7,evt_S-61_desk_work_surface_0001,590143951782a0e5,lap_bag_context,no_pose_observation,34560.0,1.33,,1,cam12/e1/v1,
oneshot,03.CCTV Mobile Usage.mkv,632de9ed55947761d56d4c6142a3cb1a1fe69d0b1a6d0e01a2e404c697962623,dfine_native,12200.0,mouse,0.5184,865.0,413.88,892.18,435.35,583.7,27.18,21.48,1.265,False,,True,R-desk,7,evt_S-61_desk_work_surface_0001,590143951782a0e5,lap_bag_context,no_pose_observation,34560.0,1.33,,1,cam12/e1/v1,
oneshot,03.CCTV Mobile Usage.mkv,632de9ed55947761d56d4c6142a3cb1a1fe69d0b1a6d0e01a2e404c697962623,dfine_native,12200.0,mouse,0.2566,966.92,398.36,992.04,410.52,305.6,25.12,12.16,2.065,False,,True,R-desk,7,evt_S-61_desk_work_surface_0001,590143951782a0e5,lap_bag_context,no_pose_observation,34560.0,1.33,,1,cam12/e1/v1,
oneshot,03.CCTV Mobile Usage.mkv,632de9ed55947761d56d4c6142a3cb1a1fe69d0b1a6d0e01a2e404c697962623,dfine_native,12200.0,monitor_or_bezel,0.3307,966.87,395.53,1146.8,490.43,17073.8,179.93,94.89,1.896,False,,True,R-desk,7,evt_S-61_desk_work_surface_0001,590143951782a0e5,lap_bag_context,no_pose_observation,34560.0,1.33,,1,cam12/e1/v1,
oneshot,03.CCTV Mobile Usage.mkv,632de9ed55947761d56d4c6142a3cb1a1fe69d0b1a6d0e01a2e404c697962623,dfine_native,12200.0,monitor_or_bezel,0.2824,880.78,395.54,1146.81,491.03,25403.0,266.04,95.49,2.786,False,,True,R-desk,7,evt_S-61_desk_work_surface_0001,590143951782a0e5,lap_bag_context,no_pose_observation,34560.0,1.33,,1,cam12/e1/v1,
oneshot,03.CCTV Mobile Usage.mkv,632de9ed55947761d56d4c6142a3cb1a1fe69d0b1a6d0e01a2e404c697962623,dfine_native,12200.0,stationery,0.4578,21.12,443.03,79.45,497.59,3182.4,58.33,54.56,1.069,False,,True,S-61,1,evt_S-61_desk_work_surface_0001,d9e493aa82dc7fae,pose_hand_context,,26179.2,3.96,,1,cam12/e1/v1,rtmpose_baseline
oneshot,03.CCTV Mobile Usage.mkv,632de9ed55947761d56d4c6142a3cb1a1fe69d0b1a6d0e01a2e404c697962623,dfine_native,12200.0,stationery,0.4999,43.06,443.69,72.49,471.52,819.0,29.43,27.83,1.057,False,,True,S-61,1,evt_S-61_desk_work_surface_0001,d9e493aa82dc7fae,pose_hand_context,,26179.2,3.96,,1,cam12/e1/v1,rtmpose_baseline
oneshot,03.CCTV Mobile Usage.mkv,632de9ed55947761d56d4c6142a3cb1a1fe69d0b1a6d0e01a2e404c697962623,dfine_native,12200.0,stationery,0.5307,100.25,476.49,162.05,529.52,3277.1,61.79,53.03,1.165,False,,True,S-61,1,evt_S-61_desk_work_surface_0001,d9e493aa82dc7fae,pose_hand_context,,26179.2,3.96,,1,cam12/e1/v1,rtmpose_baseline
oneshot,03.CCTV Mobile Usage.mkv,632de9ed55947761d56d4c6142a3cb1a1fe69d0b1a6d0e01a2e404c697962623,dfine_native,12200.0,stationery,0.494,20.99,492.72,182.84,552.42,9663.6,161.86,59.71,2.711,False,,True,S-61,1,evt_S-61_desk_work_surface_0001,d9e493aa82dc7fae,pose_hand_context,,26179.2,3.96,,1,cam12/e1/v1,rtmpose_baseline
oneshot,03.CCTV Mobile Usage.mkv,632de9ed55947761d56d4c6142a3cb1a1fe69d0b1a6d0e01a2e404c697962623,dfine_native,12200.0,stationery,0.2625,70.75,404.53,152.35,496.82,7530.7,81.6,92.29,0.884,False,,True,S-61,1,evt_S-61_desk_work_surface_0001,d9e493aa82dc7fae,pose_hand_context,,26179.2,3.96,,1,cam12/e1/v1,rtmpose_baseline
oneshot,03.CCTV Mobile Usage.mkv,632de9ed55947761d56d4c6142a3cb1a1fe69d0b1a6d0e01a2e404c697962623,dfine_native,12200.0,stationery,0.3943,79.78,404.77,151.78,496.14,6578.9,72.0,91.37,0.788,False,,True,S-61,1,evt_S-61_desk_work_surface_0001,d9e493aa82dc7fae,pose_hand_context,,26179.2,3.96,,1,cam12/e1/v1,rtmpose_baseline
oneshot,03.CCTV Mobile Usage.mkv,632de9ed55947761d56d4c6142a3cb1a1fe69d0b1a6d0e01a2e404c697962623,dfine_native,12200.0,stationery,0.2675,21.01,417.26,84.2,496.67,5017.7,63.19,79.4,0.796,False,,True,S-61,1,evt_S-61_desk_work_surface_0001,d9e493aa82dc7fae,pose_hand_context,,26179.2,3.96,,1,cam12/e1/v1,rtmpose_baseline
oneshot,03.CCTV Mobile Usage.mkv,632de9ed55947761d56d4c6142a3cb1a1fe69d0b1a6d0e01a2e404c697962623,dfine_native,12200.0,stationery,0.3254,128.89,446.03,160.88,491.38,1450.6,31.99,45.35,0.705,False,,True,S-61,1,evt_S-61_desk_work_surface_0001,d9e493aa82dc7fae,pose_hand_context,,26179.2,3.96,,1,cam12/e1/v1,rtmpose_baseline
oneshot,03.CCTV Mobile Usage.mkv,632de9ed55947761d56d4c6142a3cb1a1fe69d0b1a6d0e01a2e404c697962623,dfine_native,12200.0,stationery,0.381,20.97,414.97,105.56,498.0,7023.4,84.59,83.03,1.019,False,,True,S-61,1,evt_S-61_desk_work_surface_0001,d9e493aa82dc7fae,pose_hand_context,,26179.2,3.96,,1,cam12/e1/v1,rtmpose_baseline
oneshot,03.CCTV Mobile Usage.mkv,632de9ed55947761d56d4c6142a3cb1a1fe69d0b1a6d0e01a2e404c697962623,dfine_native,12200.0,stationery,0.3358,21.01,476.64,182.88,552.28,12242.7,161.86,75.64,2.14,False,,True,S-61,1,evt_S-61_desk_work_surface_0001,d9e493aa82dc7fae,pose_hand_context,,26179.2,3.96,,1,cam12/e1/v1,rtmpose_baseline
oneshot,03.CCTV Mobile Usage.mkv,632de9ed55947761d56d4c6142a3cb1a1fe69d0b1a6d0e01a2e404c697962623,dfine_native,12200.0,stationery,0.2571,91.07,405.34,150.27,493.21,5201.0,59.19,87.87,0.674,False,,True,S-61,1,evt_S-61_desk_work_surface_0001,d9e493aa82dc7fae,pose_hand_context,,26179.2,3.96,,1,cam12/e1/v1,rtmpose_baseline
oneshot,03.CCTV Mobile Usage.mkv,632de9ed55947761d56d4c6142a3cb1a1fe69d0b1a6d0e01a2e404c697962623,dfine_native,12200.0,stationery,0.3694,21.26,493.12,162.05,552.4,8346.5,140.79,59.28,2.375,False,,True,S-61,1,evt_S-61_desk_work_surface_0001,d9e493aa82dc7fae,pose_hand_context,,26179.2,3.96,,1,cam12/e1/v1,rtmpose_baseline
oneshot,03.CCTV Mobile Usage.mkv,632de9ed55947761d56d4c6142a3cb1a1fe69d0b1a6d0e01a2e404c697962623,dfine_native,12200.0,unknown_object,0.3969,203.81,293.53,340.8,389.77,13183.5,136.99,96.24,1.423,False,,True,S-61,2,evt_S-61_desk_work_surface_0001,f9214926523ed6ae,pose_hand_context,,32623.6,3.54,,1,cam12/e1/v1,rtmpose_baseline
oneshot,03.CCTV Mobile Usage.mkv,632de9ed55947761d56d4c6142a3cb1a1fe69d0b1a6d0e01a2e404c697962623,dfine_native,12700.0,unknown_object,0.312,180.49,293.84,335.84,384.62,14102.7,155.35,90.78,1.711,False,,True,S-61,2,evt_S-61_desk_work_surface_0001,1f3041ccf4ecfadb,pose_hand_context,,34165.8,3.46,,1,cam12/e1/v1,rtmpose_baseline
oneshot,03.CCTV Mobile Usage.mkv,632de9ed55947761d56d4c6142a3cb1a1fe69d0b1a6d0e01a2e404c697962623,dfine_native,12700.0,stationery,0.3639,16.87,392.15,101.84,498.64,9048.2,84.97,106.49,0.798,False,,True,S-61,1,evt_S-61_desk_work_surface_0001,4da4af0040eee7f8,pose_hand_context,,26771.5,3.91,,1,cam12/e1/v1,rtmpose_baseline
oneshot,03.CCTV Mobile Usage.mkv,632de9ed55947761d56d4c6142a3cb1a1fe69d0b1a6d0e01a2e404c697962623,dfine_native,12700.0,stationery,0.4537,43.03,443.84,71.91,471.22,790.8,28.88,27.38,1.055,False,,True,S-61,1,evt_S-61_desk_work_surface_0001,4da4af0040eee7f8,pose_hand_context,,26771.5,3.91,,1,cam12/e1/v1,rtmpose_baseline
oneshot,03.CCTV Mobile Usage.mkv,632de9ed55947761d56d4c6142a3cb1a1fe69d0b1a6d0e01a2e404c697962623,dfine_native,12700.0,stationery,0.2584,43.55,506.11,90.56,554.91,2293.7,47.0,48.8,0.963,False,,True,S-61,1,evt_S-61_desk_work_surface_0001,4da4af0040eee7f8,pose_hand_context,,26771.5,3.91,,1,cam12/e1/v1,rtmpose_baseline
oneshot,03.CCTV Mobile Usage.mkv,632de9ed55947761d56d4c6142a3cb1a1fe69d0b1a6d0e01a2e404c697962623,dfine_native,12700.0,stationery,0.4137,100.29,478.46,160.44,531.68,3201.6,60.15,53.23,1.13,False,,True,S-61,1,evt_S-61_desk_work_surface_0001,4da4af0040eee7f8,pose_hand_context,,26771.5,3.91,,1,cam12/e1/v1,rtmpose_baseline
oneshot,03.CCTV Mobile Usage.mkv,632de9ed55947761d56d4c6142a3cb1a1fe69d0b1a6d0e01a2e404c697962623,dfine_native,12700.0,stationery,0.6678,16.94,415.09,101.63,498.59,7071.1,84.68,83.5,1.014,False,,True,S-61,1,evt_S-61_desk_work_surface_0001,4da4af0040eee7f8,pose_hand_context,,26771.5,3.91,,1,cam12/e1/v1,rtmpose_baseline
oneshot,03.CCTV Mobile Usage.mkv,632de9ed55947761d56d4c6142a3cb1a1fe69d0b1a6d0e01a2e404c697962623,dfine_native,12700.0,unknown_object,0.3187,16.81,392.13,180.06,555.34,26644.7,163.25,163.21,1.0,False,,True,S-61,1,evt_S-61_desk_work_surface_0001,4da4af0040eee7f8,pose_hand_context,,26771.5,3.91,,1,cam12/e1/v1,rtmpose_baseline
oneshot,03.CCTV Mobile Usage.mkv,632de9ed55947761d56d4c6142a3cb1a1fe69d0b1a6d0e01a2e404c697962623,dfine_native,12700.0,stationery,0.3759,83.39,418.29,149.81,496.41,5188.5,66.42,78.12,0.85,False,,True,S-61,1,evt_S-61_desk_work_surface_0001,4da4af0040eee7f8,pose_hand_context,,26771.5,3.91,,1,cam12/e1/v1,rtmpose_baseline
oneshot,03.CCTV Mobile Usage.mkv,632de9ed55947761d56d4c6142a3cb1a1fe69d0b1a6d0e01a2e404c697962623,dfine_native,12700.0,stationery,0.3028,70.68,418.06,155.51,497.46,6734.8,84.83,79.39,1.069,False,,True,S-61,1,evt_S-61_desk_work_surface_0001,4da4af0040eee7f8,pose_hand_context,,26771.5,3.91,,1,cam12/e1/v1,rtmpose_baseline
oneshot,03.CCTV Mobile Usage.mkv,632de9ed55947761d56d4c6142a3cb1a1fe69d0b1a6d0e01a2e404c697962623,dfine_native,12700.0,stationery,0.3619,17.13,415.57,156.62,499.59,11719.5,139.49,84.02,1.66,False,,True,S-61,1,evt_S-61_desk_work_surface_0001,4da4af0040eee7f8,pose_hand_context,,26771.5,3.91,,1,cam12/e1/v1,rtmpose_baseline
oneshot,03.CCTV Mobile Usage.mkv,632de9ed55947761d56d4c6142a3cb1a1fe69d0b1a6d0e01a2e404c697962623,dfine_native,12700.0,stationery,0.3928,17.08,478.77,179.78,555.65,12507.6,162.7,76.88,2.116,False,,True,S-61,1,evt_S-61_desk_work_surface_0001,4da4af0040eee7f8,pose_hand_context,,26771.5,3.91,,1,cam12/e1/v1,rtmpose_baseline
oneshot,03.CCTV Mobile Usage.mkv,632de9ed55947761d56d4c6142a3cb1a1fe69d0b1a6d0e01a2e404c697962623,dfine_native,12700.0,stationery,0.2793,17.43,495.06,157.88,555.67,8512.7,140.45,60.61,2.317,False,,True,S-61,1,evt_S-61_desk_work_surface_0001,4da4af0040eee7f8,pose_hand_context,,26771.5,3.91,,1,cam12/e1/v1,rtmpose_baseline
oneshot,03.CCTV Mobile Usage.mkv,632de9ed55947761d56d4c6142a3cb1a1fe69d0b1a6d0e01a2e404c697962623,dfine_native,12700.0,stationery,0.2505,127.81,445.39,158.05,490.1,1352.2,30.24,44.71,0.676,False,,True,S-61,1,evt_S-61_desk_work_surface_0001,4da4af0040eee7f8,pose_hand_context,,26771.5,3.91,,1,cam12/e1/v1,rtmpose_baseline
oneshot,03.CCTV Mobile Usage.mkv,632de9ed55947761d56d4c6142a3cb1a1fe69d0b1a6d0e01a2e404c697962623,dfine_native,12700.0,stationery,0.3629,16.92,493.35,179.88,555.67,10157.4,162.96,62.33,2.615,False,,True,S-61,1,evt_S-61_desk_work_surface_0001,4da4af0040eee7f8,pose_hand_context,,26771.5,3.91,,1,cam12/e1/v1,rtmpose_baseline
oneshot,03.CCTV Mobile Usage.mkv,632de9ed55947761d56d4c6142a3cb1a1fe69d0b1a6d0e01a2e404c697962623,dfine_native,12700.0,stationery,0.2657,16.92,392.08,157.98,499.53,15155.8,141.05,107.45,1.313,False,,True,S-61,1,evt_S-61_desk_work_surface_0001,4da4af0040eee7f8,pose_hand_context,,26771.5,3.91,,1,cam12/e1/v1,rtmpose_baseline
oneshot,03.CCTV Mobile Usage.mkv,632de9ed55947761d56d4c6142a3cb1a1fe69d0b1a6d0e01a2e404c697962623,dfine_native,12700.0,stationery,0.306,17.33,478.23,160.24,555.36,11022.2,142.92,77.12,1.853,False,,True,S-61,1,evt_S-61_desk_work_surface_0001,4da4af0040eee7f8,pose_hand_context,,26771.5,3.91,,1,cam12/e1/v1,rtmpose_baseline
oneshot,03.CCTV Mobile Usage.mkv,632de9ed55947761d56d4c6142a3cb1a1fe69d0b1a6d0e01a2e404c697962623,dfine_native,12700.0,keyboard,0.894,962.1,451.9,1067.92,491.45,4185.1,105.83,39.55,2.676,False,,True,R-desk,5,evt_S-61_desk_work_surface_0001,968235d01208b21f,lap_bag_context,no_pose_observation,34560.0,1.33,,1,cam12/e1/v1,
oneshot,03.CCTV Mobile Usage.mkv,632de9ed55947761d56d4c6142a3cb1a1fe69d0b1a6d0e01a2e404c697962623,dfine_native,12700.0,unknown_object,0.6223,699.91,396.23,849.49,492.42,14387.6,149.57,96.19,1.555,False,,True,R-desk,5,evt_S-61_desk_work_surface_0001,968235d01208b21f,lap_bag_context,no_pose_observation,34560.0,1.33,,1,cam12/e1/v1,
oneshot,03.CCTV Mobile Usage.mkv,632de9ed55947761d56d4c6142a3cb1a1fe69d0b1a6d0e01a2e404c697962623,dfine_native,12700.0,keyboard,0.4237,802.46,396.22,870.9,420.71,1675.7,68.44,24.48,2.795,False,,True,R-desk,5,evt_S-61_desk_work_surface_0001,968235d01208b21f,lap_bag_context,no_pose_observation,34560.0,1.33,,1,cam12/e1/v1,
oneshot,03.CCTV Mobile Usage.mkv,632de9ed55947761d56d4c6142a3cb1a1fe69d0b1a6d0e01a2e404c697962623,dfine_native,12700.0,unknown_object,0.3092,736.55,395.62,1140.16,491.17,38565.1,403.61,95.55,4.224,False,,True,R-desk,5,evt_S-61_desk_work_surface_0001,968235d01208b21f,lap_bag_context,no_pose_observation,34560.0,1.33,,1,cam12/e1/v1,
oneshot,03.CCTV Mobile Usage.mkv,632de9ed55947761d56d4c6142a3cb1a1fe69d0b1a6d0e01a2e404c697962623,dfine_native,12700.0,monitor_or_bezel,0.3892,1019.66,395.52,1145.06,446.55,6399.4,125.4,51.03,2.457,False,,True,R-desk,5,evt_S-61_desk_work_surface_0001,968235d01208b21f,lap_bag_context,no_pose_observation,34560.0,1.33,,1,cam12/e1/v1,
oneshot,03.CCTV Mobile Usage.mkv,632de9ed55947761d56d4c6142a3cb1a1fe69d0b1a6d0e01a2e404c697962623,dfine_native,12700.0,unknown_object,0.4019,699.97,396.22,757.52,491.04,5456.4,57.55,94.82,0.607,False,,True,R-desk,5,evt_S-61_desk_work_surface_0001,968235d01208b21f,lap_bag_context,no_pose_observation,34560.0,1.33,,1,cam12/e1/v1,
oneshot,03.CCTV Mobile Usage.mkv,632de9ed55947761d56d4c6142a3cb1a1fe69d0b1a6d0e01a2e404c697962623,dfine_native,12700.0,monitor_or_bezel,0.3272,1013.37,395.62,1146.34,488.37,12331.9,132.97,92.74,1.434,False,,True,R-desk,5,evt_S-61_desk_work_surface_0001,968235d01208b21f,lap_bag_context,no_pose_observation,34560.0,1.33,,1,cam12/e1/v1,
oneshot,03.CCTV Mobile Usage.mkv,632de9ed55947761d56d4c6142a3cb1a1fe69d0b1a6d0e01a2e404c697962623,dfine_native,12700.0,phone,0.2574,1042.72,421.48,1114.16,474.32,3775.4,71.45,52.84,1.352,False,,True,R-desk,5,evt_S-61_desk_work_surface_0001,968235d01208b21f,lap_bag_context,no_pose_observation,34560.0,1.33,,1,cam12/e1/v1,
oneshot,03.CCTV Mobile Usage.mkv,632de9ed55947761d56d4c6142a3cb1a1fe69d0b1a6d0e01a2e404c697962623,dfine_native,12700.0,monitor_or_bezel,0.4822,967.01,395.52,1146.45,490.67,17075.0,179.45,95.15,1.886,False,,True,R-desk,5,evt_S-61_desk_work_surface_0001,968235d01208b21f,lap_bag_context,no_pose_observation,34560.0,1.33,,1,cam12/e1/v1,
oneshot,03.CCTV Mobile Usage.mkv,632de9ed55947761d56d4c6142a3cb1a1fe69d0b1a6d0e01a2e404c697962623,dfine_native,12700.0,mouse,0.5254,865.29,413.82,892.12,435.31,576.5,26.83,21.48,1.249,False,,True,R-desk,5,evt_S-61_desk_work_surface_0001,968235d01208b21f,lap_bag_context,no_pose_observation,34560.0,1.33,,1,cam12/e1/v1,
oneshot,03.CCTV Mobile Usage.mkv,632de9ed55947761d56d4c6142a3cb1a1fe69d0b1a6d0e01a2e404c697962623,dfine_native,12700.0,mouse,0.2733,966.85,398.32,992.32,410.44,308.6,25.46,12.12,2.101,False,,True,R-desk,5,evt_S-61_desk_work_surface_0001,968235d01208b21f,lap_bag_context,no_pose_observation,34560.0,1.33,,1,cam12/e1/v1,
oneshot,03.CCTV Mobile Usage.mkv,632de9ed55947761d56d4c6142a3cb1a1fe69d0b1a6d0e01a2e404c697962623,dfine_native,12700.0,monitor_or_bezel,0.281,967.29,395.4,1146.3,490.86,17088.5,179.0,95.46,1.875,False,,True,R-desk,5,evt_S-61_desk_work_surface_0001,968235d01208b21f,lap_bag_context,no_pose_observation,34560.0,1.33,,1,cam12/e1/v1,
oneshot,03.CCTV Mobile Usage.mkv,632de9ed55947761d56d4c6142a3cb1a1fe69d0b1a6d0e01a2e404c697962623,dfine_native,12700.0,monitor_or_bezel,0.3241,874.69,395.46,1146.43,491.41,26072.2,271.74,95.95,2.832,False,,True,R-desk,5,evt_S-61_desk_work_surface_0001,968235d01208b21f,lap_bag_context,no_pose_observation,34560.0,1.33,,1,cam12/e1/v1,
oneshot,03.CCTV Mobile Usage.mkv,632de9ed55947761d56d4c6142a3cb1a1fe69d0b1a6d0e01a2e404c697962623,dfine_native,12700.0,unknown_object,0.3147,699.92,396.15,779.06,492.48,7623.9,79.14,96.33,0.822,False,,True,R-desk,5,evt_S-61_desk_work_surface_0001,968235d01208b21f,lap_bag_context,no_pose_observation,34560.0,1.33,,1,cam12/e1/v1,
oneshot,03.CCTV Mobile Usage.mkv,632de9ed55947761d56d4c6142a3cb1a1fe69d0b1a6d0e01a2e404c697962623,dfine_native,12700.0,keyboard,0.894,962.1,451.9,1067.92,491.45,4185.1,105.83,39.55,2.676,False,,True,R-desk,6,evt_S-61_desk_work_surface_0001,968235d01208b21f,lap_bag_context,no_pose_observation,34560.0,1.33,,1,cam12/e1/v1,
oneshot,03.CCTV Mobile Usage.mkv,632de9ed55947761d56d4c6142a3cb1a1fe69d0b1a6d0e01a2e404c697962623,dfine_native,12700.0,unknown_object,0.6223,699.91,396.23,849.49,492.42,14387.6,149.57,96.19,1.555,False,,True,R-desk,6,evt_S-61_desk_work_surface_0001,968235d01208b21f,lap_bag_context,no_pose_observation,34560.0,1.33,,1,cam12/e1/v1,
oneshot,03.CCTV Mobile Usage.mkv,632de9ed55947761d56d4c6142a3cb1a1fe69d0b1a6d0e01a2e404c697962623,dfine_native,12700.0,keyboard,0.4237,802.46,396.22,870.9,420.71,1675.7,68.44,24.48,2.795,False,,True,R-desk,6,evt_S-61_desk_work_surface_0001,968235d01208b21f,lap_bag_context,no_pose_observation,34560.0,1.33,,1,cam12/e1/v1,
oneshot,03.CCTV Mobile Usage.mkv,632de9ed55947761d56d4c6142a3cb1a1fe69d0b1a6d0e01a2e404c697962623,dfine_native,12700.0,unknown_object,0.3092,736.55,395.62,1140.16,491.17,38565.1,403.61,95.55,4.224,False,,True,R-desk,6,evt_S-61_desk_work_surface_0001,968235d01208b21f,lap_bag_context,no_pose_observation,34560.0,1.33,,1,cam12/e1/v1,
oneshot,03.CCTV Mobile Usage.mkv,632de9ed55947761d56d4c6142a3cb1a1fe69d0b1a6d0e01a2e404c697962623,dfine_native,12700.0,monitor_or_bezel,0.3892,1019.66,395.52,1145.06,446.55,6399.4,125.4,51.03,2.457,False,,True,R-desk,6,evt_S-61_desk_work_surface_0001,968235d01208b21f,lap_bag_context,no_pose_observation,34560.0,1.33,,1,cam12/e1/v1,
oneshot,03.CCTV Mobile Usage.mkv,632de9ed55947761d56d4c6142a3cb1a1fe69d0b1a6d0e01a2e404c697962623,dfine_native,12700.0,unknown_object,0.4019,699.97,396.22,757.52,491.04,5456.4,57.55,94.82,0.607,False,,True,R-desk,6,evt_S-61_desk_work_surface_0001,968235d01208b21f,lap_bag_context,no_pose_observation,34560.0,1.33,,1,cam12/e1/v1,
oneshot,03.CCTV Mobile Usage.mkv,632de9ed55947761d56d4c6142a3cb1a1fe69d0b1a6d0e01a2e404c697962623,dfine_native,12700.0,monitor_or_bezel,0.3272,1013.37,395.62,1146.34,488.37,12331.9,132.97,92.74,1.434,False,,True,R-desk,6,evt_S-61_desk_work_surface_0001,968235d01208b21f,lap_bag_context,no_pose_observation,34560.0,1.33,,1,cam12/e1/v1,
oneshot,03.CCTV Mobile Usage.mkv,632de9ed55947761d56d4c6142a3cb1a1fe69d0b1a6d0e01a2e404c697962623,dfine_native,12700.0,phone,0.2574,1042.72,421.48,1114.16,474.32,3775.4,71.45,52.84,1.352,False,,True,R-desk,6,evt_S-61_desk_work_surface_0001,968235d01208b21f,lap_bag_context,no_pose_observation,34560.0,1.33,,1,cam12/e1/v1,
oneshot,03.CCTV Mobile Usage.mkv,632de9ed55947761d56d4c6142a3cb1a1fe69d0b1a6d0e01a2e404c697962623,dfine_native,12700.0,monitor_or_bezel,0.4822,967.01,395.52,1146.45,490.67,17075.0,179.45,95.15,1.886,False,,True,R-desk,6,evt_S-61_desk_work_surface_0001,968235d01208b21f,lap_bag_context,no_pose_observation,34560.0,1.33,,1,cam12/e1/v1,
oneshot,03.CCTV Mobile Usage.mkv,632de9ed55947761d56d4c6142a3cb1a1fe69d0b1a6d0e01a2e404c697962623,dfine_native,12700.0,mouse,0.5254,865.29,413.82,892.12,435.31,576.5,26.83,21.48,1.249,False,,True,R-desk,6,evt_S-61_desk_work_surface_0001,968235d01208b21f,lap_bag_context,no_pose_observation,34560.0,1.33,,1,cam12/e1/v1,
oneshot,03.CCTV Mobile Usage.mkv,632de9ed55947761d56d4c6142a3cb1a1fe69d0b1a6d0e01a2e404c697962623,dfine_native,12700.0,mouse,0.2733,966.85,398.32,992.32,410.44,308.6,25.46,12.12,2.101,False,,True,R-desk,6,evt_S-61_desk_work_surface_0001,968235d01208b21f,lap_bag_context,no_pose_observation,34560.0,1.33,,1,cam12/e1/v1,
oneshot,03.CCTV Mobile Usage.mkv,632de9ed55947761d56d4c6142a3cb1a1fe69d0b1a6d0e01a2e404c697962623,dfine_native,12700.0,monitor_or_bezel,0.281,967.29,395.4,1146.3,490.86,17088.5,179.0,95.46,1.875,False,,True,R-desk,6,evt_S-61_desk_work_surface_0001,968235d01208b21f,lap_bag_context,no_pose_observation,34560.0,1.33,,1,cam12/e1/v1,
oneshot,03.CCTV Mobile Usage.mkv,632de9ed55947761d56d4c6142a3cb1a1fe69d0b1a6d0e01a2e404c697962623,dfine_native,12700.0,monitor_or_bezel,0.3241,874.69,395.46,1146.43,491.41,26072.2,271.74,95.95,2.832,False,,True,R-desk,6,evt_S-61_desk_work_surface_0001,968235d01208b21f,lap_bag_context,no_pose_observation,34560.0,1.33,,1,cam12/e1/v1,
oneshot,03.CCTV Mobile Usage.mkv,632de9ed55947761d56d4c6142a3cb1a1fe69d0b1a6d0e01a2e404c697962623,dfine_native,12700.0,unknown_object,0.3147,699.92,396.15,779.06,492.48,7623.9,79.14,96.33,0.822,False,,True,R-desk,6,evt_S-61_desk_work_surface_0001,968235d01208b21f,lap_bag_context,no_pose_observation,34560.0,1.33,,1,cam12/e1/v1,
oneshot,03.CCTV Mobile Usage.mkv,632de9ed55947761d56d4c6142a3cb1a1fe69d0b1a6d0e01a2e404c697962623,dfine_native,12700.0,keyboard,0.894,962.1,451.9,1067.92,491.45,4185.1,105.83,39.55,2.676,False,,True,R-desk,7,evt_S-61_desk_work_surface_0001,968235d01208b21f,lap_bag_context,no_pose_observation,34560.0,1.33,,1,cam12/e1/v1,
oneshot,03.CCTV Mobile Usage.mkv,632de9ed55947761d56d4c6142a3cb1a1fe69d0b1a6d0e01a2e404c697962623,dfine_native,12700.0,unknown_object,0.6223,699.91,396.23,849.49,492.42,14387.6,149.57,96.19,1.555,False,,True,R-desk,7,evt_S-61_desk_work_surface_0001,968235d01208b21f,lap_bag_context,no_pose_observation,34560.0,1.33,,1,cam12/e1/v1,
oneshot,03.CCTV Mobile Usage.mkv,632de9ed55947761d56d4c6142a3cb1a1fe69d0b1a6d0e01a2e404c697962623,dfine_native,12700.0,keyboard,0.4237,802.46,396.22,870.9,420.71,1675.7,68.44,24.48,2.795,False,,True,R-desk,7,evt_S-61_desk_work_surface_0001,968235d01208b21f,lap_bag_context,no_pose_observation,34560.0,1.33,,1,cam12/e1/v1,
oneshot,03.CCTV Mobile Usage.mkv,632de9ed55947761d56d4c6142a3cb1a1fe69d0b1a6d0e01a2e404c697962623,dfine_native,12700.0,unknown_object,0.3092,736.55,395.62,1140.16,491.17,38565.1,403.61,95.55,4.224,False,,True,R-desk,7,evt_S-61_desk_work_surface_0001,968235d01208b21f,lap_bag_context,no_pose_observation,34560.0,1.33,,1,cam12/e1/v1,
oneshot,03.CCTV Mobile Usage.mkv,632de9ed55947761d56d4c6142a3cb1a1fe69d0b1a6d0e01a2e404c697962623,dfine_native,12700.0,monitor_or_bezel,0.3892,1019.66,395.52,1145.06,446.55,6399.4,125.4,51.03,2.457,False,,True,R-desk,7,evt_S-61_desk_work_surface_0001,968235d01208b21f,lap_bag_context,no_pose_observation,34560.0,1.33,,1,cam12/e1/v1,
oneshot,03.CCTV Mobile Usage.mkv,632de9ed55947761d56d4c6142a3cb1a1fe69d0b1a6d0e01a2e404c697962623,dfine_native,12700.0,unknown_object,0.4019,699.97,396.22,757.52,491.04,5456.4,57.55,94.82,0.607,False,,True,R-desk,7,evt_S-61_desk_work_surface_0001,968235d01208b21f,lap_bag_context,no_pose_observation,34560.0,1.33,,1,cam12/e1/v1,
oneshot,03.CCTV Mobile Usage.mkv,632de9ed55947761d56d4c6142a3cb1a1fe69d0b1a6d0e01a2e404c697962623,dfine_native,12700.0,monitor_or_bezel,0.3272,1013.37,395.62,1146.34,488.37,12331.9,132.97,92.74,1.434,False,,True,R-desk,7,evt_S-61_desk_work_surface_0001,968235d01208b21f,lap_bag_context,no_pose_observation,34560.0,1.33,,1,cam12/e1/v1,
oneshot,03.CCTV Mobile Usage.mkv,632de9ed55947761d56d4c6142a3cb1a1fe69d0b1a6d0e01a2e404c697962623,dfine_native,12700.0,phone,0.2574,1042.72,421.48,1114.16,474.32,3775.4,71.45,52.84,1.352,False,,True,R-desk,7,evt_S-61_desk_work_surface_0001,968235d01208b21f,lap_bag_context,no_pose_observation,34560.0,1.33,,1,cam12/e1/v1,
oneshot,03.CCTV Mobile Usage.mkv,632de9ed55947761d56d4c6142a3cb1a1fe69d0b1a6d0e01a2e404c697962623,dfine_native,12700.0,monitor_or_bezel,0.4822,967.01,395.52,1146.45,490.67,17075.0,179.45,95.15,1.886,False,,True,R-desk,7,evt_S-61_desk_work_surface_0001,968235d01208b21f,lap_bag_context,no_pose_observation,34560.0,1.33,,1,cam12/e1/v1,
oneshot,03.CCTV Mobile Usage.mkv,632de9ed55947761d56d4c6142a3cb1a1fe69d0b1a6d0e01a2e404c697962623,dfine_native,12700.0,mouse,0.5254,865.29,413.82,892.12,435.31,576.5,26.83,21.48,1.249,False,,True,R-desk,7,evt_S-61_desk_work_surface_0001,968235d01208b21f,lap_bag_context,no_pose_observation,34560.0,1.33,,1,cam12/e1/v1,
oneshot,03.CCTV Mobile Usage.mkv,632de9ed55947761d56d4c6142a3cb1a1fe69d0b1a6d0e01a2e404c697962623,dfine_native,12700.0,mouse,0.2733,966.85,398.32,992.32,410.44,308.6,25.46,12.12,2.101,False,,True,R-desk,7,evt_S-61_desk_work_surface_0001,968235d01208b21f,lap_bag_context,no_pose_observation,34560.0,1.33,,1,cam12/e1/v1,
oneshot,03.CCTV Mobile Usage.mkv,632de9ed55947761d56d4c6142a3cb1a1fe69d0b1a6d0e01a2e404c697962623,dfine_native,12700.0,monitor_or_bezel,0.281,967.29,395.4,1146.3,490.86,17088.5,179.0,95.46,1.875,False,,True,R-desk,7,evt_S-61_desk_work_surface_0001,968235d01208b21f,lap_bag_context,no_pose_observation,34560.0,1.33,,1,cam12/e1/v1,
oneshot,03.CCTV Mobile Usage.mkv,632de9ed55947761d56d4c6142a3cb1a1fe69d0b1a6d0e01a2e404c697962623,dfine_native,12700.0,monitor_or_bezel,0.3241,874.69,395.46,1146.43,491.41,26072.2,271.74,95.95,2.832,False,,True,R-desk,7,evt_S-61_desk_work_surface_0001,968235d01208b21f,lap_bag_context,no_pose_observation,34560.0,1.33,,1,cam12/e1/v1,
oneshot,03.CCTV Mobile Usage.mkv,632de9ed55947761d56d4c6142a3cb1a1fe69d0b1a6d0e01a2e404c697962623,dfine_native,12700.0,unknown_object,0.3147,699.92,396.15,779.06,492.48,7623.9,79.14,96.33,0.822,False,,True,R-desk,7,evt_S-61_desk_work_surface_0001,968235d01208b21f,lap_bag_context,no_pose_observation,34560.0,1.33,,1,cam12/e1/v1,
oneshot,03.CCTV Mobile Usage.mkv,632de9ed55947761d56d4c6142a3cb1a1fe69d0b1a6d0e01a2e404c697962623,dfine_native,13200.0,keyboard,0.894,962.1,451.9,1067.92,491.45,4185.1,105.83,39.55,2.676,False,,True,R-desk,7,evt_S-61_desk_work_surface_0001,200f7d8ecd4f122b,lap_bag_context,no_pose_observation,34560.0,1.33,,1,cam12/e1/v1,
oneshot,03.CCTV Mobile Usage.mkv,632de9ed55947761d56d4c6142a3cb1a1fe69d0b1a6d0e01a2e404c697962623,dfine_native,13200.0,unknown_object,0.6223,699.91,396.23,849.49,492.42,14387.6,149.57,96.19,1.555,False,,True,R-desk,7,evt_S-61_desk_work_surface_0001,200f7d8ecd4f122b,lap_bag_context,no_pose_observation,34560.0,1.33,,1,cam12/e1/v1,
oneshot,03.CCTV Mobile Usage.mkv,632de9ed55947761d56d4c6142a3cb1a1fe69d0b1a6d0e01a2e404c697962623,dfine_native,13200.0,keyboard,0.4237,802.46,396.22,870.9,420.71,1675.7,68.44,24.48,2.795,False,,True,R-desk,7,evt_S-61_desk_work_surface_0001,200f7d8ecd4f122b,lap_bag_context,no_pose_observation,34560.0,1.33,,1,cam12/e1/v1,
oneshot,03.CCTV Mobile Usage.mkv,632de9ed55947761d56d4c6142a3cb1a1fe69d0b1a6d0e01a2e404c697962623,dfine_native,13200.0,unknown_object,0.3092,736.55,395.62,1140.16,491.17,38565.1,403.61,95.55,4.224,False,,True,R-desk,7,evt_S-61_desk_work_surface_0001,200f7d8ecd4f122b,lap_bag_context,no_pose_observation,34560.0,1.33,,1,cam12/e1/v1,
oneshot,03.CCTV Mobile Usage.mkv,632de9ed55947761d56d4c6142a3cb1a1fe69d0b1a6d0e01a2e404c697962623,dfine_native,13200.0,monitor_or_bezel,0.3892,1019.66,395.52,1145.06,446.55,6399.4,125.4,51.03,2.457,False,,True,R-desk,7,evt_S-61_desk_work_surface_0001,200f7d8ecd4f122b,lap_bag_context,no_pose_observation,34560.0,1.33,,1,cam12/e1/v1,
oneshot,03.CCTV Mobile Usage.mkv,632de9ed55947761d56d4c6142a3cb1a1fe69d0b1a6d0e01a2e404c697962623,dfine_native,13200.0,unknown_object,0.4019,699.97,396.22,757.52,491.04,5456.4,57.55,94.82,0.607,False,,True,R-desk,7,evt_S-61_desk_work_surface_0001,200f7d8ecd4f122b,lap_bag_context,no_pose_observation,34560.0,1.33,,1,cam12/e1/v1,
oneshot,03.CCTV Mobile Usage.mkv,632de9ed55947761d56d4c6142a3cb1a1fe69d0b1a6d0e01a2e404c697962623,dfine_native,13200.0,monitor_or_bezel,0.3272,1013.37,395.62,1146.34,488.37,12331.9,132.97,92.74,1.434,False,,True,R-desk,7,evt_S-61_desk_work_surface_0001,200f7d8ecd4f122b,lap_bag_context,no_pose_observation,34560.0,1.33,,1,cam12/e1/v1,
oneshot,03.CCTV Mobile Usage.mkv,632de9ed55947761d56d4c6142a3cb1a1fe69d0b1a6d0e01a2e404c697962623,dfine_native,13200.0,phone,0.2574,1042.72,421.48,1114.16,474.32,3775.4,71.45,52.84,1.352,False,,True,R-desk,7,evt_S-61_desk_work_surface_0001,200f7d8ecd4f122b,lap_bag_context,no_pose_observation,34560.0,1.33,,1,cam12/e1/v1,
oneshot,03.CCTV Mobile Usage.mkv,632de9ed55947761d56d4c6142a3cb1a1fe69d0b1a6d0e01a2e404c697962623,dfine_native,13200.0,monitor_or_bezel,0.4822,967.01,395.52,1146.45,490.67,17075.0,179.45,95.15,1.886,False,,True,R-desk,7,evt_S-61_desk_work_surface_0001,200f7d8ecd4f122b,lap_bag_context,no_pose_observation,34560.0,1.33,,1,cam12/e1/v1,
oneshot,03.CCTV Mobile Usage.mkv,632de9ed55947761d56d4c6142a3cb1a1fe69d0b1a6d0e01a2e404c697962623,dfine_native,13200.0,mouse,0.5254,865.29,413.82,892.12,435.31,576.5,26.83,21.48,1.249,False,,True,R-desk,7,evt_S-61_desk_work_surface_0001,200f7d8ecd4f122b,lap_bag_context,no_pose_observation,34560.0,1.33,,1,cam12/e1/v1,
oneshot,03.CCTV Mobile Usage.mkv,632de9ed55947761d56d4c6142a3cb1a1fe69d0b1a6d0e01a2e404c697962623,dfine_native,13200.0,mouse,0.2733,966.85,398.32,992.32,410.44,308.6,25.46,12.12,2.101,False,,True,R-desk,7,evt_S-61_desk_work_surface_0001,200f7d8ecd4f122b,lap_bag_context,no_pose_observation,34560.0,1.33,,1,cam12/e1/v1,
oneshot,03.CCTV Mobile Usage.mkv,632de9ed55947761d56d4c6142a3cb1a1fe69d0b1a6d0e01a2e404c697962623,dfine_native,13200.0,monitor_or_bezel,0.281,967.29,395.4,1146.3,490.86,17088.5,179.0,95.46,1.875,False,,True,R-desk,7,evt_S-61_desk_work_surface_0001,200f7d8ecd4f122b,lap_bag_context,no_pose_observation,34560.0,1.33,,1,cam12/e1/v1,
oneshot,03.CCTV Mobile Usage.mkv,632de9ed55947761d56d4c6142a3cb1a1fe69d0b1a6d0e01a2e404c697962623,dfine_native,13200.0,monitor_or_bezel,0.3241,874.69,395.46,1146.43,491.41,26072.2,271.74,95.95,2.832,False,,True,R-desk,7,evt_S-61_desk_work_surface_0001,200f7d8ecd4f122b,lap_bag_context,no_pose_observation,34560.0,1.33,,1,cam12/e1/v1,
oneshot,03.CCTV Mobile Usage.mkv,632de9ed55947761d56d4c6142a3cb1a1fe69d0b1a6d0e01a2e404c697962623,dfine_native,13200.0,unknown_object,0.3147,699.92,396.15,779.06,492.48,7623.9,79.14,96.33,0.822,False,,True,R-desk,7,evt_S-61_desk_work_surface_0001,200f7d8ecd4f122b,lap_bag_context,no_pose_observation,34560.0,1.33,,1,cam12/e1/v1,
oneshot,03.CCTV Mobile Usage.mkv,632de9ed55947761d56d4c6142a3cb1a1fe69d0b1a6d0e01a2e404c697962623,dfine_native,13200.0,keyboard,0.894,962.1,451.9,1067.92,491.45,4185.1,105.83,39.55,2.676,False,,True,R-desk,6,evt_S-61_desk_work_surface_0001,200f7d8ecd4f122b,lap_bag_context,no_pose_observation,34560.0,1.33,,1,cam12/e1/v1,
oneshot,03.CCTV Mobile Usage.mkv,632de9ed55947761d56d4c6142a3cb1a1fe69d0b1a6d0e01a2e404c697962623,dfine_native,13200.0,unknown_object,0.6223,699.91,396.23,849.49,492.42,14387.6,149.57,96.19,1.555,False,,True,R-desk,6,evt_S-61_desk_work_surface_0001,200f7d8ecd4f122b,lap_bag_context,no_pose_observation,34560.0,1.33,,1,cam12/e1/v1,
oneshot,03.CCTV Mobile Usage.mkv,632de9ed55947761d56d4c6142a3cb1a1fe69d0b1a6d0e01a2e404c697962623,dfine_native,13200.0,keyboard,0.4237,802.46,396.22,870.9,420.71,1675.7,68.44,24.48,2.795,False,,True,R-desk,6,evt_S-61_desk_work_surface_0001,200f7d8ecd4f122b,lap_bag_context,no_pose_observation,34560.0,1.33,,1,cam12/e1/v1,
oneshot,03.CCTV Mobile Usage.mkv,632de9ed55947761d56d4c6142a3cb1a1fe69d0b1a6d0e01a2e404c697962623,dfine_native,13200.0,unknown_object,0.3092,736.55,395.62,1140.16,491.17,38565.1,403.61,95.55,4.224,False,,True,R-desk,6,evt_S-61_desk_work_surface_0001,200f7d8ecd4f122b,lap_bag_context,no_pose_observation,34560.0,1.33,,1,cam12/e1/v1,
oneshot,03.CCTV Mobile Usage.mkv,632de9ed55947761d56d4c6142a3cb1a1fe69d0b1a6d0e01a2e404c697962623,dfine_native,13200.0,monitor_or_bezel,0.3892,1019.66,395.52,1145.06,446.55,6399.4,125.4,51.03,2.457,False,,True,R-desk,6,evt_S-61_desk_work_surface_0001,200f7d8ecd4f122b,lap_bag_context,no_pose_observation,34560.0,1.33,,1,cam12/e1/v1,
oneshot,03.CCTV Mobile Usage.mkv,632de9ed55947761d56d4c6142a3cb1a1fe69d0b1a6d0e01a2e404c697962623,dfine_native,13200.0,unknown_object,0.4019,699.97,396.22,757.52,491.04,5456.4,57.55,94.82,0.607,False,,True,R-desk,6,evt_S-61_desk_work_surface_0001,200f7d8ecd4f122b,lap_bag_context,no_pose_observation,34560.0,1.33,,1,cam12/e1/v1,
oneshot,03.CCTV Mobile Usage.mkv,632de9ed55947761d56d4c6142a3cb1a1fe69d0b1a6d0e01a2e404c697962623,dfine_native,13200.0,monitor_or_bezel,0.3272,1013.37,395.62,1146.34,488.37,12331.9,132.97,92.74,1.434,False,,True,R-desk,6,evt_S-61_desk_work_surface_0001,200f7d8ecd4f122b,lap_bag_context,no_pose_observation,34560.0,1.33,,1,cam12/e1/v1,
oneshot,03.CCTV Mobile Usage.mkv,632de9ed55947761d56d4c6142a3cb1a1fe69d0b1a6d0e01a2e404c697962623,dfine_native,13200.0,phone,0.2574,1042.72,421.48,1114.16,474.32,3775.4,71.45,52.84,1.352,False,,True,R-desk,6,evt_S-61_desk_work_surface_0001,200f7d8ecd4f122b,lap_bag_context,no_pose_observation,34560.0,1.33,,1,cam12/e1/v1,
oneshot,03.CCTV Mobile Usage.mkv,632de9ed55947761d56d4c6142a3cb1a1fe69d0b1a6d0e01a2e404c697962623,dfine_native,13200.0,monitor_or_bezel,0.4822,967.01,395.52,1146.45,490.67,17075.0,179.45,95.15,1.886,False,,True,R-desk,6,evt_S-61_desk_work_surface_0001,200f7d8ecd4f122b,lap_bag_context,no_pose_observation,34560.0,1.33,,1,cam12/e1/v1,
oneshot,03.CCTV Mobile Usage.mkv,632de9ed55947761d56d4c6142a3cb1a1fe69d0b1a6d0e01a2e404c697962623,dfine_native,13200.0,mouse,0.5254,865.29,413.82,892.12,435.31,576.5,26.83,21.48,1.249,False,,True,R-desk,6,evt_S-61_desk_work_surface_0001,200f7d8ecd4f122b,lap_bag_context,no_pose_observation,34560.0,1.33,,1,cam12/e1/v1,
oneshot,03.CCTV Mobile Usage.mkv,632de9ed55947761d56d4c6142a3cb1a1fe69d0b1a6d0e01a2e404c697962623,dfine_native,13200.0,mouse,0.2733,966.85,398.32,992.32,410.44,308.6,25.46,12.12,2.101,False,,True,R-desk,6,evt_S-61_desk_work_surface_0001,200f7d8ecd4f122b,lap_bag_context,no_pose_observation,34560.0,1.33,,1,cam12/e1/v1,
oneshot,03.CCTV Mobile Usage.mkv,632de9ed55947761d56d4c6142a3cb1a1fe69d0b1a6d0e01a2e404c697962623,dfine_native,13200.0,monitor_or_bezel,0.281,967.29,395.4,1146.3,490.86,17088.5,179.0,95.46,1.875,False,,True,R-desk,6,evt_S-61_desk_work_surface_0001,200f7d8ecd4f122b,lap_bag_context,no_pose_observation,34560.0,1.33,,1,cam12/e1/v1,
oneshot,03.CCTV Mobile Usage.mkv,632de9ed55947761d56d4c6142a3cb1a1fe69d0b1a6d0e01a2e404c697962623,dfine_native,13200.0,monitor_or_bezel,0.3241,874.69,395.46,1146.43,491.41,26072.2,271.74,95.95,2.832,False,,True,R-desk,6,evt_S-61_desk_work_surface_0001,200f7d8ecd4f122b,lap_bag_context,no_pose_observation,34560.0,1.33,,1,cam12/e1/v1,
oneshot,03.CCTV Mobile Usage.mkv,632de9ed55947761d56d4c6142a3cb1a1fe69d0b1a6d0e01a2e404c697962623,dfine_native,13200.0,unknown_object,0.3147,699.92,396.15,779.06,492.48,7623.9,79.14,96.33,0.822,False,,True,R-desk,6,evt_S-61_desk_work_surface_0001,200f7d8ecd4f122b,lap_bag_context,no_pose_observation,34560.0,1.33,,1,cam12/e1/v1,
oneshot,03.CCTV Mobile Usage.mkv,632de9ed55947761d56d4c6142a3cb1a1fe69d0b1a6d0e01a2e404c697962623,dfine_native,13200.0,unknown_object,0.4686,142.75,198.27,277.42,349.5,20365.7,134.67,151.22,0.891,False,,True,S-61,2,evt_S-61_desk_work_surface_0001,41099a5b80ec7e0e,pose_hand_context,,42791.1,3.09,,1,cam12/e1/v1,rtmpose_baseline
oneshot,03.CCTV Mobile Usage.mkv,632de9ed55947761d56d4c6142a3cb1a1fe69d0b1a6d0e01a2e404c697962623,dfine_native,13200.0,unknown_object,0.252,233.36,293.6,345.55,403.0,12273.6,112.19,109.4,1.025,False,,True,S-61,2,evt_S-61_desk_work_surface_0001,41099a5b80ec7e0e,pose_hand_context,,42791.1,3.09,,1,cam12/e1/v1,rtmpose_baseline
oneshot,03.CCTV Mobile Usage.mkv,632de9ed55947761d56d4c6142a3cb1a1fe69d0b1a6d0e01a2e404c697962623,dfine_native,13200.0,stationery,0.6682,12.08,493.7,197.87,562.4,12763.2,185.79,68.7,2.704,False,,True,S-61,1,evt_S-61_desk_work_surface_0001,aeca27b1a7e55a21,pose_hand_context,,34812.1,3.43,,1,cam12/e1/v1,rtmpose_baseline
oneshot,03.CCTV Mobile Usage.mkv,632de9ed55947761d56d4c6142a3cb1a1fe69d0b1a6d0e01a2e404c697962623,dfine_native,13200.0,stationery,0.3981,102.48,476.65,162.12,530.34,3202.4,59.64,53.69,1.111,False,,True,S-61,1,evt_S-61_desk_work_surface_0001,aeca27b1a7e55a21,pose_hand_context,,34812.1,3.43,,1,cam12/e1/v1,rtmpose_baseline
oneshot,03.CCTV Mobile Usage.mkv,632de9ed55947761d56d4c6142a3cb1a1fe69d0b1a6d0e01a2e404c697962623,dfine_native,13200.0,stationery,0.5124,42.92,443.7,72.14,471.25,805.2,29.22,27.55,1.061,False,,True,S-61,1,evt_S-61_desk_work_surface_0001,aeca27b1a7e55a21,pose_hand_context,,34812.1,3.43,,1,cam12/e1/v1,rtmpose_baseline
oneshot,03.CCTV Mobile Usage.mkv,632de9ed55947761d56d4c6142a3cb1a1fe69d0b1a6d0e01a2e404c697962623,dfine_native,13200.0,stationery,0.395,12.0,376.83,101.9,498.04,10897.7,89.91,121.21,0.742,False,,True,S-61,1,evt_S-61_desk_work_surface_0001,aeca27b1a7e55a21,pose_hand_context,,34812.1,3.43,,1,cam12/e1/v1,rtmpose_baseline
oneshot,03.CCTV Mobile Usage.mkv,632de9ed55947761d56d4c6142a3cb1a1fe69d0b1a6d0e01a2e404c697962623,dfine_native,13200.0,stationery,0.5723,12.07,415.01,102.07,498.56,7519.5,90.0,83.55,1.077,False,,True,S-61,1,evt_S-61_desk_work_surface_0001,aeca27b1a7e55a21,pose_hand_context,,34812.1,3.43,,1,cam12/e1/v1,rtmpose_baseline
oneshot,03.CCTV Mobile Usage.mkv,632de9ed55947761d56d4c6142a3cb1a1fe69d0b1a6d0e01a2e404c697962623,dfine_native,13200.0,stationery,0.2975,69.51,418.14,154.54,497.07,6711.4,85.03,78.93,1.077,False,,True,S-61,1,evt_S-61_desk_work_surface_0001,aeca27b1a7e55a21,pose_hand_context,,34812.1,3.43,,1,cam12/e1/v1,rtmpose_baseline
oneshot,03.CCTV Mobile Usage.mkv,632de9ed55947761d56d4c6142a3cb1a1fe69d0b1a6d0e01a2e404c697962623,dfine_native,13200.0,stationery,0.2674,44.21,509.82,86.24,556.96,1981.4,42.03,47.14,0.892,False,,True,S-61,1,evt_S-61_desk_work_surface_0001,aeca27b1a7e55a21,pose_hand_context,,34812.1,3.43,,1,cam12/e1/v1,rtmpose_baseline
oneshot,03.CCTV Mobile Usage.mkv,632de9ed55947761d56d4c6142a3cb1a1fe69d0b1a6d0e01a2e404c697962623,dfine_native,13200.0,unknown_object,0.3131,67.9,376.44,198.07,500.31,16123.9,130.17,123.87,1.051,False,,True,S-61,1,evt_S-61_desk_work_surface_0001,aeca27b1a7e55a21,pose_hand_context,,34812.1,3.43,,1,cam12/e1/v1,rtmpose_baseline
oneshot,03.CCTV Mobile Usage.mkv,632de9ed55947761d56d4c6142a3cb1a1fe69d0b1a6d0e01a2e404c697962623,dfine_native,13200.0,unknown_object,0.3019,12.29,376.22,198.06,501.57,23286.2,185.76,125.35,1.482,False,,True,S-61,1,evt_S-61_desk_work_surface_0001,aeca27b1a7e55a21,pose_hand_context,,34812.1,3.43,,1,cam12/e1/v1,rtmpose_baseline
oneshot,03.CCTV Mobile Usage.mkv,632de9ed55947761d56d4c6142a3cb1a1fe69d0b1a6d0e01a2e404c697962623,dfine_native,13200.0,stationery,0.3365,12.6,494.39,158.95,562.06,9903.6,146.35,67.67,2.163,False,,True,S-61,1,evt_S-61_desk_work_surface_0001,aeca27b1a7e55a21,pose_hand_context,,34812.1,3.43,,1,cam12/e1/v1,rtmpose_baseline
oneshot,03.CCTV Mobile Usage.mkv,632de9ed55947761d56d4c6142a3cb1a1fe69d0b1a6d0e01a2e404c697962623,dfine_native,13200.0,stationery,0.3073,12.31,413.77,154.06,499.6,12167.1,141.76,85.83,1.652,False,,True,S-61,1,evt_S-61_desk_work_surface_0001,aeca27b1a7e55a21,pose_hand_context,,34812.1,3.43,,1,cam12/e1/v1,rtmpose_baseline
oneshot,03.CCTV Mobile Usage.mkv,632de9ed55947761d56d4c6142a3cb1a1fe69d0b1a6d0e01a2e404c697962623,dfine_native,13700.0,keyboard,0.8943,962.1,451.9,1067.92,491.45,4185.3,105.83,39.55,2.676,False,,True,R-desk,6,evt_S-61_desk_work_surface_0001,243d4174c5ecf8e0,lap_bag_context,no_pose_observation,34560.0,1.33,,1,cam12/e1/v1,
oneshot,03.CCTV Mobile Usage.mkv,632de9ed55947761d56d4c6142a3cb1a1fe69d0b1a6d0e01a2e404c697962623,dfine_native,13700.0,unknown_object,0.6351,699.91,396.23,849.23,492.42,14363.2,149.32,96.19,1.552,False,,True,R-desk,6,evt_S-61_desk_work_surface_0001,243d4174c5ecf8e0,lap_bag_context,no_pose_observation,34560.0,1.33,,1,cam12/e1/v1,
oneshot,03.CCTV Mobile Usage.mkv,632de9ed55947761d56d4c6142a3cb1a1fe69d0b1a6d0e01a2e404c697962623,dfine_native,13700.0,keyboard,0.4275,802.46,396.23,870.9,420.71,1675.4,68.44,24.48,2.796,False,,True,R-desk,6,evt_S-61_desk_work_surface_0001,243d4174c5ecf8e0,lap_bag_context,no_pose_observation,34560.0,1.33,,1,cam12/e1/v1,
oneshot,03.CCTV Mobile Usage.mkv,632de9ed55947761d56d4c6142a3cb1a1fe69d0b1a6d0e01a2e404c697962623,dfine_native,13700.0,unknown_object,0.3122,736.53,395.62,1140.46,491.18,38597.9,403.92,95.56,4.227,False,,True,R-desk,6,evt_S-61_desk_work_surface_0001,243d4174c5ecf8e0,lap_bag_context,no_pose_observation,34560.0,1.33,,1,cam12/e1/v1,
oneshot,03.CCTV Mobile Usage.mkv,632de9ed55947761d56d4c6142a3cb1a1fe69d0b1a6d0e01a2e404c697962623,dfine_native,13700.0,monitor_or_bezel,0.3911,1019.66,395.52,1145.07,446.54,6398.2,125.4,51.02,2.458,False,,True,R-desk,6,evt_S-61_desk_work_surface_0001,243d4174c5ecf8e0,lap_bag_context,no_pose_observation,34560.0,1.33,,1,cam12/e1/v1,
oneshot,03.CCTV Mobile Usage.mkv,632de9ed55947761d56d4c6142a3cb1a1fe69d0b1a6d0e01a2e404c697962623,dfine_native,13700.0,monitor_or_bezel,0.3285,1013.36,395.62,1146.34,488.38,12335.5,132.98,92.76,1.434,False,,True,R-desk,6,evt_S-61_desk_work_surface_0001,243d4174c5ecf8e0,lap_bag_context,no_pose_observation,34560.0,1.33,,1,cam12/e1/v1,
oneshot,03.CCTV Mobile Usage.mkv,632de9ed55947761d56d4c6142a3cb1a1fe69d0b1a6d0e01a2e404c697962623,dfine_native,13700.0,unknown_object,0.4047,699.97,396.23,757.44,491.07,5450.2,57.47,94.84,0.606,False,,True,R-desk,6,evt_S-61_desk_work_surface_0001,243d4174c5ecf8e0,lap_bag_context,no_pose_observation,34560.0,1.33,,1,cam12/e1/v1,
oneshot,03.CCTV Mobile Usage.mkv,632de9ed55947761d56d4c6142a3cb1a1fe69d0b1a6d0e01a2e404c697962623,dfine_native,13700.0,phone,0.2566,1042.72,421.48,1114.17,474.32,3775.7,71.45,52.84,1.352,False,,True,R-desk,6,evt_S-61_desk_work_surface_0001,243d4174c5ecf8e0,lap_bag_context,no_pose_observation,34560.0,1.33,,1,cam12/e1/v1,
oneshot,03.CCTV Mobile Usage.mkv,632de9ed55947761d56d4c6142a3cb1a1fe69d0b1a6d0e01a2e404c697962623,dfine_native,13700.0,monitor_or_bezel,0.4849,967.02,395.52,1146.46,490.68,17075.9,179.44,95.16,1.886,False,,True,R-desk,6,evt_S-61_desk_work_surface_0001,243d4174c5ecf8e0,lap_bag_context,no_pose_observation,34560.0,1.33,,1,cam12/e1/v1,
oneshot,03.CCTV Mobile Usage.mkv,632de9ed55947761d56d4c6142a3cb1a1fe69d0b1a6d0e01a2e404c697962623,dfine_native,13700.0,mouse,0.5281,865.29,413.83,892.11,435.3,576.1,26.82,21.48,1.249,False,,True,R-desk,6,evt_S-61_desk_work_surface_0001,243d4174c5ecf8e0,lap_bag_context,no_pose_observation,34560.0,1.33,,1,cam12/e1/v1,
oneshot,03.CCTV Mobile Usage.mkv,632de9ed55947761d56d4c6142a3cb1a1fe69d0b1a6d0e01a2e404c697962623,dfine_native,13700.0,mouse,0.2755,966.86,398.32,992.31,410.43,308.4,25.45,12.12,2.101,False,,True,R-desk,6,evt_S-61_desk_work_surface_0001,243d4174c5ecf8e0,lap_bag_context,no_pose_observation,34560.0,1.33,,1,cam12/e1/v1,
oneshot,03.CCTV Mobile Usage.mkv,632de9ed55947761d56d4c6142a3cb1a1fe69d0b1a6d0e01a2e404c697962623,dfine_native,13700.0,monitor_or_bezel,0.2843,967.27,395.4,1146.3,490.87,17092.1,179.03,95.47,1.875,False,,True,R-desk,6,evt_S-61_desk_work_surface_0001,243d4174c5ecf8e0,lap_bag_context,no_pose_observation,34560.0,1.33,,1,cam12/e1/v1,
oneshot,03.CCTV Mobile Usage.mkv,632de9ed55947761d56d4c6142a3cb1a1fe69d0b1a6d0e01a2e404c697962623,dfine_native,13700.0,monitor_or_bezel,0.3254,874.73,395.47,1146.41,491.41,26065.6,271.69,95.94,2.832,False,,True,R-desk,6,evt_S-61_desk_work_surface_0001,243d4174c5ecf8e0,lap_bag_context,no_pose_observation,34560.0,1.33,,1,cam12/e1/v1,
oneshot,03.CCTV Mobile Usage.mkv,632de9ed55947761d56d4c6142a3cb1a1fe69d0b1a6d0e01a2e404c697962623,dfine_native,13700.0,unknown_object,0.3076,699.93,396.15,779.19,492.48,7635.6,79.26,96.34,0.823,False,,True,R-desk,6,evt_S-61_desk_work_surface_0001,243d4174c5ecf8e0,lap_bag_context,no_pose_observation,34560.0,1.33,,1,cam12/e1/v1,
oneshot,03.CCTV Mobile Usage.mkv,632de9ed55947761d56d4c6142a3cb1a1fe69d0b1a6d0e01a2e404c697962623,dfine_native,13700.0,keyboard,0.8943,962.1,451.9,1067.92,491.45,4185.3,105.83,39.55,2.676,False,,True,R-desk,5,evt_S-61_desk_work_surface_0001,243d4174c5ecf8e0,lap_bag_context,no_pose_observation,34560.0,1.33,,1,cam12/e1/v1,
oneshot,03.CCTV Mobile Usage.mkv,632de9ed55947761d56d4c6142a3cb1a1fe69d0b1a6d0e01a2e404c697962623,dfine_native,13700.0,unknown_object,0.6351,699.91,396.23,849.23,492.42,14363.2,149.32,96.19,1.552,False,,True,R-desk,5,evt_S-61_desk_work_surface_0001,243d4174c5ecf8e0,lap_bag_context,no_pose_observation,34560.0,1.33,,1,cam12/e1/v1,
oneshot,03.CCTV Mobile Usage.mkv,632de9ed55947761d56d4c6142a3cb1a1fe69d0b1a6d0e01a2e404c697962623,dfine_native,13700.0,keyboard,0.4275,802.46,396.23,870.9,420.71,1675.4,68.44,24.48,2.796,False,,True,R-desk,5,evt_S-61_desk_work_surface_0001,243d4174c5ecf8e0,lap_bag_context,no_pose_observation,34560.0,1.33,,1,cam12/e1/v1,
oneshot,03.CCTV Mobile Usage.mkv,632de9ed55947761d56d4c6142a3cb1a1fe69d0b1a6d0e01a2e404c697962623,dfine_native,13700.0,unknown_object,0.3122,736.53,395.62,1140.46,491.18,38597.9,403.92,95.56,4.227,False,,True,R-desk,5,evt_S-61_desk_work_surface_0001,243d4174c5ecf8e0,lap_bag_context,no_pose_observation,34560.0,1.33,,1,cam12/e1/v1,
oneshot,03.CCTV Mobile Usage.mkv,632de9ed55947761d56d4c6142a3cb1a1fe69d0b1a6d0e01a2e404c697962623,dfine_native,13700.0,monitor_or_bezel,0.3911,1019.66,395.52,1145.07,446.54,6398.2,125.4,51.02,2.458,False,,True,R-desk,5,evt_S-61_desk_work_surface_0001,243d4174c5ecf8e0,lap_bag_context,no_pose_observation,34560.0,1.33,,1,cam12/e1/v1,
oneshot,03.CCTV Mobile Usage.mkv,632de9ed55947761d56d4c6142a3cb1a1fe69d0b1a6d0e01a2e404c697962623,dfine_native,13700.0,monitor_or_bezel,0.3285,1013.36,395.62,1146.34,488.38,12335.5,132.98,92.76,1.434,False,,True,R-desk,5,evt_S-61_desk_work_surface_0001,243d4174c5ecf8e0,lap_bag_context,no_pose_observation,34560.0,1.33,,1,cam12/e1/v1,
oneshot,03.CCTV Mobile Usage.mkv,632de9ed55947761d56d4c6142a3cb1a1fe69d0b1a6d0e01a2e404c697962623,dfine_native,13700.0,unknown_object,0.4047,699.97,396.23,757.44,491.07,5450.2,57.47,94.84,0.606,False,,True,R-desk,5,evt_S-61_desk_work_surface_0001,243d4174c5ecf8e0,lap_bag_context,no_pose_observation,34560.0,1.33,,1,cam12/e1/v1,
oneshot,03.CCTV Mobile Usage.mkv,632de9ed55947761d56d4c6142a3cb1a1fe69d0b1a6d0e01a2e404c697962623,dfine_native,13700.0,phone,0.2566,1042.72,421.48,1114.17,474.32,3775.7,71.45,52.84,1.352,False,,True,R-desk,5,evt_S-61_desk_work_surface_0001,243d4174c5ecf8e0,lap_bag_context,no_pose_observation,34560.0,1.33,,1,cam12/e1/v1,
oneshot,03.CCTV Mobile Usage.mkv,632de9ed55947761d56d4c6142a3cb1a1fe69d0b1a6d0e01a2e404c697962623,dfine_native,13700.0,monitor_or_bezel,0.4849,967.02,395.52,1146.46,490.68,17075.9,179.44,95.16,1.886,False,,True,R-desk,5,evt_S-61_desk_work_surface_0001,243d4174c5ecf8e0,lap_bag_context,no_pose_observation,34560.0,1.33,,1,cam12/e1/v1,
oneshot,03.CCTV Mobile Usage.mkv,632de9ed55947761d56d4c6142a3cb1a1fe69d0b1a6d0e01a2e404c697962623,dfine_native,13700.0,mouse,0.5281,865.29,413.83,892.11,435.3,576.1,26.82,21.48,1.249,False,,True,R-desk,5,evt_S-61_desk_work_surface_0001,243d4174c5ecf8e0,lap_bag_context,no_pose_observation,34560.0,1.33,,1,cam12/e1/v1,
oneshot,03.CCTV Mobile Usage.mkv,632de9ed55947761d56d4c6142a3cb1a1fe69d0b1a6d0e01a2e404c697962623,dfine_native,13700.0,mouse,0.2755,966.86,398.32,992.31,410.43,308.4,25.45,12.12,2.101,False,,True,R-desk,5,evt_S-61_desk_work_surface_0001,243d4174c5ecf8e0,lap_bag_context,no_pose_observation,34560.0,1.33,,1,cam12/e1/v1,
oneshot,03.CCTV Mobile Usage.mkv,632de9ed55947761d56d4c6142a3cb1a1fe69d0b1a6d0e01a2e404c697962623,dfine_native,13700.0,monitor_or_bezel,0.2843,967.27,395.4,1146.3,490.87,17092.1,179.03,95.47,1.875,False,,True,R-desk,5,evt_S-61_desk_work_surface_0001,243d4174c5ecf8e0,lap_bag_context,no_pose_observation,34560.0,1.33,,1,cam12/e1/v1,
oneshot,03.CCTV Mobile Usage.mkv,632de9ed55947761d56d4c6142a3cb1a1fe69d0b1a6d0e01a2e404c697962623,dfine_native,13700.0,monitor_or_bezel,0.3254,874.73,395.47,1146.41,491.41,26065.6,271.69,95.94,2.832,False,,True,R-desk,5,evt_S-61_desk_work_surface_0001,243d4174c5ecf8e0,lap_bag_context,no_pose_observation,34560.0,1.33,,1,cam12/e1/v1,
oneshot,03.CCTV Mobile Usage.mkv,632de9ed55947761d56d4c6142a3cb1a1fe69d0b1a6d0e01a2e404c697962623,dfine_native,13700.0,unknown_object,0.3076,699.93,396.15,779.19,492.48,7635.6,79.26,96.34,0.823,False,,True,R-desk,5,evt_S-61_desk_work_surface_0001,243d4174c5ecf8e0,lap_bag_context,no_pose_observation,34560.0,1.33,,1,cam12/e1/v1,
oneshot,03.CCTV Mobile Usage.mkv,632de9ed55947761d56d4c6142a3cb1a1fe69d0b1a6d0e01a2e404c697962623,dfine_native,13700.0,keyboard,0.8943,962.1,451.9,1067.92,491.45,4185.3,105.83,39.55,2.676,False,,True,R-desk,7,evt_S-61_desk_work_surface_0001,243d4174c5ecf8e0,lap_bag_context,no_pose_observation,34560.0,1.33,,1,cam12/e1/v1,
oneshot,03.CCTV Mobile Usage.mkv,632de9ed55947761d56d4c6142a3cb1a1fe69d0b1a6d0e01a2e404c697962623,dfine_native,13700.0,unknown_object,0.6351,699.91,396.23,849.23,492.42,14363.2,149.32,96.19,1.552,False,,True,R-desk,7,evt_S-61_desk_work_surface_0001,243d4174c5ecf8e0,lap_bag_context,no_pose_observation,34560.0,1.33,,1,cam12/e1/v1,
oneshot,03.CCTV Mobile Usage.mkv,632de9ed55947761d56d4c6142a3cb1a1fe69d0b1a6d0e01a2e404c697962623,dfine_native,13700.0,keyboard,0.4275,802.46,396.23,870.9,420.71,1675.4,68.44,24.48,2.796,False,,True,R-desk,7,evt_S-61_desk_work_surface_0001,243d4174c5ecf8e0,lap_bag_context,no_pose_observation,34560.0,1.33,,1,cam12/e1/v1,
oneshot,03.CCTV Mobile Usage.mkv,632de9ed55947761d56d4c6142a3cb1a1fe69d0b1a6d0e01a2e404c697962623,dfine_native,13700.0,unknown_object,0.3122,736.53,395.62,1140.46,491.18,38597.9,403.92,95.56,4.227,False,,True,R-desk,7,evt_S-61_desk_work_surface_0001,243d4174c5ecf8e0,lap_bag_context,no_pose_observation,34560.0,1.33,,1,cam12/e1/v1,
oneshot,03.CCTV Mobile Usage.mkv,632de9ed55947761d56d4c6142a3cb1a1fe69d0b1a6d0e01a2e404c697962623,dfine_native,13700.0,monitor_or_bezel,0.3911,1019.66,395.52,1145.07,446.54,6398.2,125.4,51.02,2.458,False,,True,R-desk,7,evt_S-61_desk_work_surface_0001,243d4174c5ecf8e0,lap_bag_context,no_pose_observation,34560.0,1.33,,1,cam12/e1/v1,
oneshot,03.CCTV Mobile Usage.mkv,632de9ed55947761d56d4c6142a3cb1a1fe69d0b1a6d0e01a2e404c697962623,dfine_native,13700.0,monitor_or_bezel,0.3285,1013.36,395.62,1146.34,488.38,12335.5,132.98,92.76,1.434,False,,True,R-desk,7,evt_S-61_desk_work_surface_0001,243d4174c5ecf8e0,lap_bag_context,no_pose_observation,34560.0,1.33,,1,cam12/e1/v1,
oneshot,03.CCTV Mobile Usage.mkv,632de9ed55947761d56d4c6142a3cb1a1fe69d0b1a6d0e01a2e404c697962623,dfine_native,13700.0,unknown_object,0.4047,699.97,396.23,757.44,491.07,5450.2,57.47,94.84,0.606,False,,True,R-desk,7,evt_S-61_desk_work_surface_0001,243d4174c5ecf8e0,lap_bag_context,no_pose_observation,34560.0,1.33,,1,cam12/e1/v1,
oneshot,03.CCTV Mobile Usage.mkv,632de9ed55947761d56d4c6142a3cb1a1fe69d0b1a6d0e01a2e404c697962623,dfine_native,13700.0,phone,0.2566,1042.72,421.48,1114.17,474.32,3775.7,71.45,52.84,1.352,False,,True,R-desk,7,evt_S-61_desk_work_surface_0001,243d4174c5ecf8e0,lap_bag_context,no_pose_observation,34560.0,1.33,,1,cam12/e1/v1,
oneshot,03.CCTV Mobile Usage.mkv,632de9ed55947761d56d4c6142a3cb1a1fe69d0b1a6d0e01a2e404c697962623,dfine_native,13700.0,monitor_or_bezel,0.4849,967.02,395.52,1146.46,490.68,17075.9,179.44,95.16,1.886,False,,True,R-desk,7,evt_S-61_desk_work_surface_0001,243d4174c5ecf8e0,lap_bag_context,no_pose_observation,34560.0,1.33,,1,cam12/e1/v1,
oneshot,03.CCTV Mobile Usage.mkv,632de9ed55947761d56d4c6142a3cb1a1fe69d0b1a6d0e01a2e404c697962623,dfine_native,13700.0,mouse,0.5281,865.29,413.83,892.11,435.3,576.1,26.82,21.48,1.249,False,,True,R-desk,7,evt_S-61_desk_work_surface_0001,243d4174c5ecf8e0,lap_bag_context,no_pose_observation,34560.0,1.33,,1,cam12/e1/v1,
oneshot,03.CCTV Mobile Usage.mkv,632de9ed55947761d56d4c6142a3cb1a1fe69d0b1a6d0e01a2e404c697962623,dfine_native,13700.0,mouse,0.2755,966.86,398.32,992.31,410.43,308.4,25.45,12.12,2.101,False,,True,R-desk,7,evt_S-61_desk_work_surface_0001,243d4174c5ecf8e0,lap_bag_context,no_pose_observation,34560.0,1.33,,1,cam12/e1/v1,
oneshot,03.CCTV Mobile Usage.mkv,632de9ed55947761d56d4c6142a3cb1a1fe69d0b1a6d0e01a2e404c697962623,dfine_native,13700.0,monitor_or_bezel,0.2843,967.27,395.4,1146.3,490.87,17092.1,179.03,95.47,1.875,False,,True,R-desk,7,evt_S-61_desk_work_surface_0001,243d4174c5ecf8e0,lap_bag_context,no_pose_observation,34560.0,1.33,,1,cam12/e1/v1,
oneshot,03.CCTV Mobile Usage.mkv,632de9ed55947761d56d4c6142a3cb1a1fe69d0b1a6d0e01a2e404c697962623,dfine_native,13700.0,monitor_or_bezel,0.3254,874.73,395.47,1146.41,491.41,26065.6,271.69,95.94,2.832,False,,True,R-desk,7,evt_S-61_desk_work_surface_0001,243d4174c5ecf8e0,lap_bag_context,no_pose_observation,34560.0,1.33,,1,cam12/e1/v1,
oneshot,03.CCTV Mobile Usage.mkv,632de9ed55947761d56d4c6142a3cb1a1fe69d0b1a6d0e01a2e404c697962623,dfine_native,13700.0,unknown_object,0.3076,699.93,396.15,779.19,492.48,7635.6,79.26,96.34,0.823,False,,True,R-desk,7,evt_S-61_desk_work_surface_0001,243d4174c5ecf8e0,lap_bag_context,no_pose_observation,34560.0,1.33,,1,cam12/e1/v1,
oneshot,03.CCTV Mobile Usage.mkv,632de9ed55947761d56d4c6142a3cb1a1fe69d0b1a6d0e01a2e404c697962623,dfine_native,13700.0,unknown_object,0.448,0.34,254.1,45.11,306.08,2327.2,44.77,51.98,0.861,False,,True,S-61,2,evt_S-61_desk_work_surface_0001,843ac0bd3ddb8743,pose_hand_context,,44783.0,3.02,,1,cam12/e1/v1,rtmpose_baseline
oneshot,03.CCTV Mobile Usage.mkv,632de9ed55947761d56d4c6142a3cb1a1fe69d0b1a6d0e01a2e404c697962623,dfine_native,13700.0,unknown_object,0.4153,-0.16,278.33,84.97,421.88,12220.0,85.13,143.55,0.593,False,,True,S-61,2,evt_S-61_desk_work_surface_0001,843ac0bd3ddb8743,pose_hand_context,,44783.0,3.02,,1,cam12/e1/v1,rtmpose_baseline
oneshot,03.CCTV Mobile Usage.mkv,632de9ed55947761d56d4c6142a3cb1a1fe69d0b1a6d0e01a2e404c697962623,dfine_native,13700.0,unknown_object,0.317,100.52,266.27,210.65,420.55,16990.1,110.13,154.28,0.714,False,,True,S-61,2,evt_S-61_desk_work_surface_0001,843ac0bd3ddb8743,pose_hand_context,,44783.0,3.02,,1,cam12/e1/v1,rtmpose_baseline
oneshot,03.CCTV Mobile Usage.mkv,632de9ed55947761d56d4c6142a3cb1a1fe69d0b1a6d0e01a2e404c697962623,dfine_native,13700.0,unknown_object,0.3091,105.15,323.16,210.36,420.12,10200.6,105.21,96.96,1.085,False,,True,S-61,2,evt_S-61_desk_work_surface_0001,843ac0bd3ddb8743,pose_hand_context,,44783.0,3.02,,1,cam12/e1/v1,rtmpose_baseline
oneshot,03.CCTV Mobile Usage.mkv,632de9ed55947761d56d4c6142a3cb1a1fe69d0b1a6d0e01a2e404c697962623,dfine_native,13700.0,unknown_object,0.2514,78.56,323.07,210.57,422.04,13065.9,132.01,98.98,1.334,False,,True,S-61,2,evt_S-61_desk_work_surface_0001,843ac0bd3ddb8743,pose_hand_context,,44783.0,3.02,,1,cam12/e1/v1,rtmpose_baseline
oneshot,03.CCTV Mobile Usage.mkv,632de9ed55947761d56d4c6142a3cb1a1fe69d0b1a6d0e01a2e404c697962623,dfine_native,13700.0,unknown_object,0.3157,76.32,267.09,210.79,421.73,20794.9,134.47,154.64,0.87,False,,True,S-61,2,evt_S-61_desk_work_surface_0001,843ac0bd3ddb8743,pose_hand_context,,44783.0,3.02,,1,cam12/e1/v1,rtmpose_baseline
oneshot,03.CCTV Mobile Usage.mkv,632de9ed55947761d56d4c6142a3cb1a1fe69d0b1a6d0e01a2e404c697962623,dfine_native,13700.0,unknown_object,0.3306,0.04,254.9,210.74,421.83,35171.2,210.7,166.93,1.262,False,,True,S-61,2,evt_S-61_desk_work_surface_0001,843ac0bd3ddb8743,pose_hand_context,,44783.0,3.02,,1,cam12/e1/v1,rtmpose_baseline
oneshot,03.CCTV Mobile Usage.mkv,632de9ed55947761d56d4c6142a3cb1a1fe69d0b1a6d0e01a2e404c697962623,dfine_native,13700.0,unknown_object,0.3236,0.1,278.96,210.7,421.91,30105.6,210.61,142.95,1.473,False,,True,S-61,2,evt_S-61_desk_work_surface_0001,843ac0bd3ddb8743,pose_hand_context,,44783.0,3.02,,1,cam12/e1/v1,rtmpose_baseline
oneshot,03.CCTV Mobile Usage.mkv,632de9ed55947761d56d4c6142a3cb1a1fe69d0b1a6d0e01a2e404c697962623,dfine_native,13700.0,unknown_object,0.2627,0.71,254.35,122.88,387.17,16225.9,122.16,132.82,0.92,False,,True,S-61,2,evt_S-61_desk_work_surface_0001,843ac0bd3ddb8743,pose_hand_context,,44783.0,3.02,,1,cam12/e1/v1,rtmpose_baseline
oneshot,03.CCTV Mobile Usage.mkv,632de9ed55947761d56d4c6142a3cb1a1fe69d0b1a6d0e01a2e404c697962623,dfine_native,13700.0,unknown_object,0.5722,7.96,493.85,204.72,567.96,14581.5,196.76,74.11,2.655,False,,True,S-61,1,evt_S-61_desk_work_surface_0001,96838b91a5af473a,pose_hand_context,,38722.4,3.25,,1,cam12/e1/v1,rtmpose_baseline
oneshot,03.CCTV Mobile Usage.mkv,632de9ed55947761d56d4c6142a3cb1a1fe69d0b1a6d0e01a2e404c697962623,dfine_native,13700.0,stationery,0.4846,43.14,443.47,72.21,471.07,802.4,29.07,27.6,1.053,False,,True,S-61,1,evt_S-61_desk_work_surface_0001,96838b91a5af473a,pose_hand_context,,38722.4,3.25,,1,cam12/e1/v1,rtmpose_baseline
oneshot,03.CCTV Mobile Usage.mkv,632de9ed55947761d56d4c6142a3cb1a1fe69d0b1a6d0e01a2e404c697962623,dfine_native,13700.0,stationery,0.3904,8.03,415.42,103.85,502.76,8368.7,95.81,87.34,1.097,False,,True,S-61,1,evt_S-61_desk_work_surface_0001,96838b91a5af473a,pose_hand_context,,38722.4,3.25,,1,cam12/e1/v1,rtmpose_baseline
oneshot,03.CCTV Mobile Usage.mkv,632de9ed55947761d56d4c6142a3cb1a1fe69d0b1a6d0e01a2e404c697962623,dfine_native,13700.0,stationery,0.2723,43.64,508.95,89.79,557.11,2223.0,46.15,48.17,0.958,False,,True,S-61,1,evt_S-61_desk_work_surface_0001,96838b91a5af473a,pose_hand_context,,38722.4,3.25,,1,cam12/e1/v1,rtmpose_baseline
oneshot,03.CCTV Mobile Usage.mkv,632de9ed55947761d56d4c6142a3cb1a1fe69d0b1a6d0e01a2e404c697962623,dfine_native,13700.0,unknown_object,0.3029,8.15,494.38,159.22,567.62,11064.2,151.06,73.24,2.063,False,,True,S-61,1,evt_S-61_desk_work_surface_0001,96838b91a5af473a,pose_hand_context,,38722.4,3.25,,1,cam12/e1/v1,rtmpose_baseline
oneshot,03.CCTV Mobile Usage.mkv,632de9ed55947761d56d4c6142a3cb1a1fe69d0b1a6d0e01a2e404c697962623,dfine_native,13700.0,unknown_object,0.3044,8.15,413.99,156.49,504.3,13395.9,148.34,90.3,1.643,False,,True,S-61,1,evt_S-61_desk_work_surface_0001,96838b91a5af473a,pose_hand_context,,38722.4,3.25,,1,cam12/e1/v1,rtmpose_baseline
oneshot,03.CCTV Mobile Usage.mkv,632de9ed55947761d56d4c6142a3cb1a1fe69d0b1a6d0e01a2e404c697962623,dfine_sahi,9700.0,bag,0.4774,180.55,260.2,247.49,279.89,1318.6,66.94,19.7,3.398,False,,True,S-61,2,evt_S-61_desk_work_surface_0001,221f3c51e350e5d4,pose_hand_context,,17977.4,4.77,,1,cam12/e1/v1,rtmpose_baseline
oneshot,03.CCTV Mobile Usage.mkv,632de9ed55947761d56d4c6142a3cb1a1fe69d0b1a6d0e01a2e404c697962623,dfine_sahi,9700.0,unknown_object,0.4734,121.02,125.36,189.27,219.43,6418.9,68.24,94.06,0.726,False,,True,S-61,2,evt_S-61_desk_work_surface_0001,221f3c51e350e5d4,pose_hand_context,,17977.4,4.77,,1,cam12/e1/v1,rtmpose_baseline
oneshot,03.CCTV Mobile Usage.mkv,632de9ed55947761d56d4c6142a3cb1a1fe69d0b1a6d0e01a2e404c697962623,dfine_sahi,9700.0,unknown_object,0.4027,203.19,184.08,272.12,216.33,2222.9,68.93,32.25,2.137,False,,True,S-61,2,evt_S-61_desk_work_surface_0001,221f3c51e350e5d4,pose_hand_context,,17977.4,4.77,,1,cam12/e1/v1,rtmpose_baseline
oneshot,03.CCTV Mobile Usage.mkv,632de9ed55947761d56d4c6142a3cb1a1fe69d0b1a6d0e01a2e404c697962623,dfine_sahi,9700.0,monitor_or_bezel,0.3828,121.01,125.06,164.34,150.09,1084.3,43.33,25.03,1.731,False,,True,S-61,2,evt_S-61_desk_work_surface_0001,221f3c51e350e5d4,pose_hand_context,,17977.4,4.77,,1,cam12/e1/v1,rtmpose_baseline
oneshot,03.CCTV Mobile Usage.mkv,632de9ed55947761d56d4c6142a3cb1a1fe69d0b1a6d0e01a2e404c697962623,dfine_sahi,9700.0,unknown_object,0.3583,203.53,191.56,224.54,213.0,450.7,21.02,21.44,0.98,False,,True,S-61,2,evt_S-61_desk_work_surface_0001,221f3c51e350e5d4,pose_hand_context,,17977.4,4.77,,1,cam12/e1/v1,rtmpose_baseline
oneshot,03.CCTV Mobile Usage.mkv,632de9ed55947761d56d4c6142a3cb1a1fe69d0b1a6d0e01a2e404c697962623,dfine_sahi,9700.0,unknown_object,0.3504,190.18,201.26,208.79,264.56,1178.5,18.62,63.3,0.294,False,,True,S-61,2,evt_S-61_desk_work_surface_0001,221f3c51e350e5d4,pose_hand_context,,17977.4,4.77,,1,cam12/e1/v1,rtmpose_baseline
oneshot,03.CCTV Mobile Usage.mkv,632de9ed55947761d56d4c6142a3cb1a1fe69d0b1a6d0e01a2e404c697962623,dfine_sahi,9700.0,unknown_object,0.3363,190.66,125.13,216.96,203.1,2050.4,26.3,77.97,0.337,False,,True,S-61,2,evt_S-61_desk_work_surface_0001,221f3c51e350e5d4,pose_hand_context,,17977.4,4.77,,1,cam12/e1/v1,rtmpose_baseline
oneshot,03.CCTV Mobile Usage.mkv,632de9ed55947761d56d4c6142a3cb1a1fe69d0b1a6d0e01a2e404c697962623,dfine_sahi,9700.0,unknown_object,0.3292,158.48,187.9,181.62,208.97,487.6,23.14,21.07,1.098,False,,True,S-61,2,evt_S-61_desk_work_surface_0001,221f3c51e350e5d4,pose_hand_context,,17977.4,4.77,,1,cam12/e1/v1,rtmpose_baseline
oneshot,03.CCTV Mobile Usage.mkv,632de9ed55947761d56d4c6142a3cb1a1fe69d0b1a6d0e01a2e404c697962623,dfine_sahi,9700.0,unknown_object,0.2938,191.45,223.19,207.7,239.94,272.2,16.25,16.75,0.97,False,,True,S-61,2,evt_S-61_desk_work_surface_0001,221f3c51e350e5d4,pose_hand_context,,17977.4,4.77,,1,cam12/e1/v1,rtmpose_baseline
oneshot,03.CCTV Mobile Usage.mkv,632de9ed55947761d56d4c6142a3cb1a1fe69d0b1a6d0e01a2e404c697962623,dfine_sahi,9700.0,stationery,0.2724,203.21,169.66,265.51,216.53,2920.0,62.29,46.88,1.329,False,,True,S-61,2,evt_S-61_desk_work_surface_0001,221f3c51e350e5d4,pose_hand_context,,17977.4,4.77,,1,cam12/e1/v1,rtmpose_baseline
oneshot,03.CCTV Mobile Usage.mkv,632de9ed55947761d56d4c6142a3cb1a1fe69d0b1a6d0e01a2e404c697962623,dfine_sahi,9700.0,unknown_object,0.2627,121.09,190.72,216.99,220.91,2894.6,95.9,30.18,3.177,False,,True,S-61,2,evt_S-61_desk_work_surface_0001,221f3c51e350e5d4,pose_hand_context,,17977.4,4.77,,1,cam12/e1/v1,rtmpose_baseline
oneshot,03.CCTV Mobile Usage.mkv,632de9ed55947761d56d4c6142a3cb1a1fe69d0b1a6d0e01a2e404c697962623,dfine_sahi,9700.0,unknown_object,0.2621,190.21,191.7,208.59,220.59,531.2,18.38,28.89,0.636,False,,True,S-61,2,evt_S-61_desk_work_surface_0001,221f3c51e350e5d4,pose_hand_context,,17977.4,4.77,,1,cam12/e1/v1,rtmpose_baseline
oneshot,03.CCTV Mobile Usage.mkv,632de9ed55947761d56d4c6142a3cb1a1fe69d0b1a6d0e01a2e404c697962623,dfine_sahi,9700.0,unknown_object,0.2558,227.36,125.11,269.48,180.41,2329.3,42.12,55.3,0.762,False,,True,S-61,2,evt_S-61_desk_work_surface_0001,221f3c51e350e5d4,pose_hand_context,,17977.4,4.77,,1,cam12/e1/v1,rtmpose_baseline
oneshot,03.CCTV Mobile Usage.mkv,632de9ed55947761d56d4c6142a3cb1a1fe69d0b1a6d0e01a2e404c697962623,dfine_sahi,9700.0,keyboard,0.9035,962.11,451.94,1068.0,491.44,4182.8,105.88,39.5,2.68,False,,True,R-desk,3,evt_S-61_desk_work_surface_0001,aa2a91065abbd7fe,lap_bag_context,no_pose_observation,34560.0,1.33,,1,cam12/e1/v1,
oneshot,03.CCTV Mobile Usage.mkv,632de9ed55947761d56d4c6142a3cb1a1fe69d0b1a6d0e01a2e404c697962623,dfine_sahi,9700.0,monitor_or_bezel,0.7337,910.07,411.23,1140.98,506.33,21958.7,230.91,95.1,2.428,False,,True,R-desk,3,evt_S-61_desk_work_surface_0001,aa2a91065abbd7fe,lap_bag_context,no_pose_observation,34560.0,1.33,,1,cam12/e1/v1,
oneshot,03.CCTV Mobile Usage.mkv,632de9ed55947761d56d4c6142a3cb1a1fe69d0b1a6d0e01a2e404c697962623,dfine_sahi,9700.0,phone,0.6948,1043.44,421.36,1112.88,474.29,3675.6,69.44,52.93,1.312,False,,True,R-desk,3,evt_S-61_desk_work_surface_0001,aa2a91065abbd7fe,lap_bag_context,no_pose_observation,34560.0,1.33,,1,cam12/e1/v1,
oneshot,03.CCTV Mobile Usage.mkv,632de9ed55947761d56d4c6142a3cb1a1fe69d0b1a6d0e01a2e404c697962623,dfine_sahi,9700.0,monitor_or_bezel,0.6863,963.26,380.45,1152.65,474.95,17898.4,189.39,94.5,2.004,False,,True,R-desk,3,evt_S-61_desk_work_surface_0001,aa2a91065abbd7fe,lap_bag_context,no_pose_observation,34560.0,1.33,,1,cam12/e1/v1,
oneshot,03.CCTV Mobile Usage.mkv,632de9ed55947761d56d4c6142a3cb1a1fe69d0b1a6d0e01a2e404c697962623,dfine_sahi,9700.0,keyboard,0.6478,962.83,452.29,1034.66,475.54,1669.9,71.82,23.25,3.089,False,,True,R-desk,3,evt_S-61_desk_work_surface_0001,aa2a91065abbd7fe,lap_bag_context,no_pose_observation,34560.0,1.33,,1,cam12/e1/v1,
oneshot,03.CCTV Mobile Usage.mkv,632de9ed55947761d56d4c6142a3cb1a1fe69d0b1a6d0e01a2e404c697962623,dfine_sahi,9700.0,monitor_or_bezel,0.6474,709.36,379.91,969.63,474.88,24718.8,260.27,94.97,2.74,False,,True,R-desk,3,evt_S-61_desk_work_surface_0001,aa2a91065abbd7fe,lap_bag_context,no_pose_observation,34560.0,1.33,,1,cam12/e1/v1,
oneshot,03.CCTV Mobile Usage.mkv,632de9ed55947761d56d4c6142a3cb1a1fe69d0b1a6d0e01a2e404c697962623,dfine_sahi,9700.0,monitor_or_bezel,0.6032,1018.64,395.69,1145.25,447.3,6534.0,126.61,51.61,2.453,False,,True,R-desk,3,evt_S-61_desk_work_surface_0001,aa2a91065abbd7fe,lap_bag_context,no_pose_observation,34560.0,1.33,,1,cam12/e1/v1,
oneshot,03.CCTV Mobile Usage.mkv,632de9ed55947761d56d4c6142a3cb1a1fe69d0b1a6d0e01a2e404c697962623,dfine_sahi,9700.0,keyboard,0.5917,772.29,380.2,870.83,420.35,3956.6,98.54,40.15,2.454,False,,True,R-desk,3,evt_S-61_desk_work_surface_0001,aa2a91065abbd7fe,lap_bag_context,no_pose_observation,34560.0,1.33,,1,cam12/e1/v1,
oneshot,03.CCTV Mobile Usage.mkv,632de9ed55947761d56d4c6142a3cb1a1fe69d0b1a6d0e01a2e404c697962623,dfine_sahi,9700.0,unknown_object,0.5792,699.91,411.27,871.8,506.27,16329.4,171.9,95.0,1.81,False,,True,R-desk,3,evt_S-61_desk_work_surface_0001,aa2a91065abbd7fe,lap_bag_context,no_pose_observation,34560.0,1.33,,1,cam12/e1/v1,
oneshot,03.CCTV Mobile Usage.mkv,632de9ed55947761d56d4c6142a3cb1a1fe69d0b1a6d0e01a2e404c697962623,dfine_sahi,9700.0,mouse,0.5184,864.74,413.84,892.29,435.32,591.6,27.54,21.48,1.282,False,,True,R-desk,3,evt_S-61_desk_work_surface_0001,aa2a91065abbd7fe,lap_bag_context,no_pose_observation,34560.0,1.33,,1,cam12/e1/v1,
oneshot,03.CCTV Mobile Usage.mkv,632de9ed55947761d56d4c6142a3cb1a1fe69d0b1a6d0e01a2e404c697962623,dfine_sahi,9700.0,unknown_object,0.4968,769.11,410.99,969.85,505.83,19037.5,200.74,94.84,2.117,False,,True,R-desk,3,evt_S-61_desk_work_surface_0001,aa2a91065abbd7fe,lap_bag_context,no_pose_observation,34560.0,1.33,,1,cam12/e1/v1,
oneshot,03.CCTV Mobile Usage.mkv,632de9ed55947761d56d4c6142a3cb1a1fe69d0b1a6d0e01a2e404c697962623,dfine_sahi,9700.0,keyboard,0.4761,802.25,396.25,870.72,420.71,1674.8,68.47,24.46,2.799,False,,True,R-desk,3,evt_S-61_desk_work_surface_0001,aa2a91065abbd7fe,lap_bag_context,no_pose_observation,34560.0,1.33,,1,cam12/e1/v1,
oneshot,03.CCTV Mobile Usage.mkv,632de9ed55947761d56d4c6142a3cb1a1fe69d0b1a6d0e01a2e404c697962623,dfine_sahi,9700.0,unknown_object,0.3775,699.98,396.11,771.33,491.82,6829.3,71.35,95.71,0.746,False,,True,R-desk,3,evt_S-61_desk_work_surface_0001,aa2a91065abbd7fe,lap_bag_context,no_pose_observation,34560.0,1.33,,1,cam12/e1/v1,
oneshot,03.CCTV Mobile Usage.mkv,632de9ed55947761d56d4c6142a3cb1a1fe69d0b1a6d0e01a2e404c697962623,dfine_sahi,9700.0,keyboard,0.3239,910.12,411.73,1092.28,506.24,17216.6,182.16,94.51,1.927,False,,True,R-desk,3,evt_S-61_desk_work_surface_0001,aa2a91065abbd7fe,lap_bag_context,no_pose_observation,34560.0,1.33,,1,cam12/e1/v1,
oneshot,03.CCTV Mobile Usage.mkv,632de9ed55947761d56d4c6142a3cb1a1fe69d0b1a6d0e01a2e404c697962623,dfine_sahi,9700.0,unknown_object,0.2788,881.54,411.13,933.06,452.89,2151.5,51.52,41.76,1.234,False,,True,R-desk,3,evt_S-61_desk_work_surface_0001,aa2a91065abbd7fe,lap_bag_context,no_pose_observation,34560.0,1.33,,1,cam12/e1/v1,
oneshot,03.CCTV Mobile Usage.mkv,632de9ed55947761d56d4c6142a3cb1a1fe69d0b1a6d0e01a2e404c697962623,dfine_sahi,9700.0,mouse,0.278,967.15,398.42,992.01,410.59,302.6,24.86,12.17,2.042,False,,True,R-desk,3,evt_S-61_desk_work_surface_0001,aa2a91065abbd7fe,lap_bag_context,no_pose_observation,34560.0,1.33,,1,cam12/e1/v1,
oneshot,03.CCTV Mobile Usage.mkv,632de9ed55947761d56d4c6142a3cb1a1fe69d0b1a6d0e01a2e404c697962623,dfine_sahi,9700.0,unknown_object,0.2718,700.04,380.32,839.49,475.37,13253.4,139.45,95.04,1.467,False,,True,R-desk,3,evt_S-61_desk_work_surface_0001,aa2a91065abbd7fe,lap_bag_context,no_pose_observation,34560.0,1.33,,1,cam12/e1/v1,
oneshot,03.CCTV Mobile Usage.mkv,632de9ed55947761d56d4c6142a3cb1a1fe69d0b1a6d0e01a2e404c697962623,dfine_sahi,9700.0,monitor_or_bezel,0.2681,881.36,396.18,948.1,452.48,3757.9,66.74,56.3,1.185,False,,True,R-desk,3,evt_S-61_desk_work_surface_0001,aa2a91065abbd7fe,lap_bag_context,no_pose_observation,34560.0,1.33,,1,cam12/e1/v1,
oneshot,03.CCTV Mobile Usage.mkv,632de9ed55947761d56d4c6142a3cb1a1fe69d0b1a6d0e01a2e404c697962623,dfine_sahi,9700.0,mouse,0.2529,991.28,400.93,1028.29,413.57,467.7,37.01,12.63,2.929,False,,True,R-desk,3,evt_S-61_desk_work_surface_0001,aa2a91065abbd7fe,lap_bag_context,no_pose_observation,34560.0,1.33,,1,cam12/e1/v1,
oneshot,03.CCTV Mobile Usage.mkv,632de9ed55947761d56d4c6142a3cb1a1fe69d0b1a6d0e01a2e404c697962623,dfine_sahi,9700.0,keyboard,0.9035,962.11,451.94,1068.0,491.44,4182.8,105.88,39.5,2.68,False,,True,R-desk,4,evt_S-61_desk_work_surface_0001,aa2a91065abbd7fe,lap_bag_context,no_pose_observation,34560.0,1.33,,1,cam12/e1/v1,
oneshot,03.CCTV Mobile Usage.mkv,632de9ed55947761d56d4c6142a3cb1a1fe69d0b1a6d0e01a2e404c697962623,dfine_sahi,9700.0,monitor_or_bezel,0.7337,910.07,411.23,1140.98,506.33,21958.7,230.91,95.1,2.428,False,,True,R-desk,4,evt_S-61_desk_work_surface_0001,aa2a91065abbd7fe,lap_bag_context,no_pose_observation,34560.0,1.33,,1,cam12/e1/v1,
oneshot,03.CCTV Mobile Usage.mkv,632de9ed55947761d56d4c6142a3cb1a1fe69d0b1a6d0e01a2e404c697962623,dfine_sahi,9700.0,phone,0.6948,1043.44,421.36,1112.88,474.29,3675.6,69.44,52.93,1.312,False,,True,R-desk,4,evt_S-61_desk_work_surface_0001,aa2a91065abbd7fe,lap_bag_context,no_pose_observation,34560.0,1.33,,1,cam12/e1/v1,
oneshot,03.CCTV Mobile Usage.mkv,632de9ed55947761d56d4c6142a3cb1a1fe69d0b1a6d0e01a2e404c697962623,dfine_sahi,9700.0,monitor_or_bezel,0.6863,963.26,380.45,1152.65,474.95,17898.4,189.39,94.5,2.004,False,,True,R-desk,4,evt_S-61_desk_work_surface_0001,aa2a91065abbd7fe,lap_bag_context,no_pose_observation,34560.0,1.33,,1,cam12/e1/v1,
oneshot,03.CCTV Mobile Usage.mkv,632de9ed55947761d56d4c6142a3cb1a1fe69d0b1a6d0e01a2e404c697962623,dfine_sahi,9700.0,keyboard,0.6478,962.83,452.29,1034.66,475.54,1669.9,71.82,23.25,3.089,False,,True,R-desk,4,evt_S-61_desk_work_surface_0001,aa2a91065abbd7fe,lap_bag_context,no_pose_observation,34560.0,1.33,,1,cam12/e1/v1,
oneshot,03.CCTV Mobile Usage.mkv,632de9ed55947761d56d4c6142a3cb1a1fe69d0b1a6d0e01a2e404c697962623,dfine_sahi,9700.0,monitor_or_bezel,0.6474,709.36,379.91,969.63,474.88,24718.8,260.27,94.97,2.74,False,,True,R-desk,4,evt_S-61_desk_work_surface_0001,aa2a91065abbd7fe,lap_bag_context,no_pose_observation,34560.0,1.33,,1,cam12/e1/v1,
oneshot,03.CCTV Mobile Usage.mkv,632de9ed55947761d56d4c6142a3cb1a1fe69d0b1a6d0e01a2e404c697962623,dfine_sahi,9700.0,monitor_or_bezel,0.6032,1018.64,395.69,1145.25,447.3,6534.0,126.61,51.61,2.453,False,,True,R-desk,4,evt_S-61_desk_work_surface_0001,aa2a91065abbd7fe,lap_bag_context,no_pose_observation,34560.0,1.33,,1,cam12/e1/v1,
oneshot,03.CCTV Mobile Usage.mkv,632de9ed55947761d56d4c6142a3cb1a1fe69d0b1a6d0e01a2e404c697962623,dfine_sahi,9700.0,keyboard,0.5917,772.29,380.2,870.83,420.35,3956.6,98.54,40.15,2.454,False,,True,R-desk,4,evt_S-61_desk_work_surface_0001,aa2a91065abbd7fe,lap_bag_context,no_pose_observation,34560.0,1.33,,1,cam12/e1/v1,
oneshot,03.CCTV Mobile Usage.mkv,632de9ed55947761d56d4c6142a3cb1a1fe69d0b1a6d0e01a2e404c697962623,dfine_sahi,9700.0,unknown_object,0.5792,699.91,411.27,871.8,506.27,16329.4,171.9,95.0,1.81,False,,True,R-desk,4,evt_S-61_desk_work_surface_0001,aa2a91065abbd7fe,lap_bag_context,no_pose_observation,34560.0,1.33,,1,cam12/e1/v1,
oneshot,03.CCTV Mobile Usage.mkv,632de9ed55947761d56d4c6142a3cb1a1fe69d0b1a6d0e01a2e404c697962623,dfine_sahi,9700.0,mouse,0.5184,864.74,413.84,892.29,435.32,591.6,27.54,21.48,1.282,False,,True,R-desk,4,evt_S-61_desk_work_surface_0001,aa2a91065abbd7fe,lap_bag_context,no_pose_observation,34560.0,1.33,,1,cam12/e1/v1,
oneshot,03.CCTV Mobile Usage.mkv,632de9ed55947761d56d4c6142a3cb1a1fe69d0b1a6d0e01a2e404c697962623,dfine_sahi,9700.0,unknown_object,0.4968,769.11,410.99,969.85,505.83,19037.5,200.74,94.84,2.117,False,,True,R-desk,4,evt_S-61_desk_work_surface_0001,aa2a91065abbd7fe,lap_bag_context,no_pose_observation,34560.0,1.33,,1,cam12/e1/v1,
oneshot,03.CCTV Mobile Usage.mkv,632de9ed55947761d56d4c6142a3cb1a1fe69d0b1a6d0e01a2e404c697962623,dfine_sahi,9700.0,keyboard,0.4761,802.25,396.25,870.72,420.71,1674.8,68.47,24.46,2.799,False,,True,R-desk,4,evt_S-61_desk_work_surface_0001,aa2a91065abbd7fe,lap_bag_context,no_pose_observation,34560.0,1.33,,1,cam12/e1/v1,
oneshot,03.CCTV Mobile Usage.mkv,632de9ed55947761d56d4c6142a3cb1a1fe69d0b1a6d0e01a2e404c697962623,dfine_sahi,9700.0,unknown_object,0.3775,699.98,396.11,771.33,491.82,6829.3,71.35,95.71,0.746,False,,True,R-desk,4,evt_S-61_desk_work_surface_0001,aa2a91065abbd7fe,lap_bag_context,no_pose_observation,34560.0,1.33,,1,cam12/e1/v1,
oneshot,03.CCTV Mobile Usage.mkv,632de9ed55947761d56d4c6142a3cb1a1fe69d0b1a6d0e01a2e404c697962623,dfine_sahi,9700.0,keyboard,0.3239,910.12,411.73,1092.28,506.24,17216.6,182.16,94.51,1.927,False,,True,R-desk,4,evt_S-61_desk_work_surface_0001,aa2a91065abbd7fe,lap_bag_context,no_pose_observation,34560.0,1.33,,1,cam12/e1/v1,
oneshot,03.CCTV Mobile Usage.mkv,632de9ed55947761d56d4c6142a3cb1a1fe69d0b1a6d0e01a2e404c697962623,dfine_sahi,9700.0,unknown_object,0.2788,881.54,411.13,933.06,452.89,2151.5,51.52,41.76,1.234,False,,True,R-desk,4,evt_S-61_desk_work_surface_0001,aa2a91065abbd7fe,lap_bag_context,no_pose_observation,34560.0,1.33,,1,cam12/e1/v1,
oneshot,03.CCTV Mobile Usage.mkv,632de9ed55947761d56d4c6142a3cb1a1fe69d0b1a6d0e01a2e404c697962623,dfine_sahi,9700.0,mouse,0.278,967.15,398.42,992.01,410.59,302.6,24.86,12.17,2.042,False,,True,R-desk,4,evt_S-61_desk_work_surface_0001,aa2a91065abbd7fe,lap_bag_context,no_pose_observation,34560.0,1.33,,1,cam12/e1/v1,
oneshot,03.CCTV Mobile Usage.mkv,632de9ed55947761d56d4c6142a3cb1a1fe69d0b1a6d0e01a2e404c697962623,dfine_sahi,9700.0,unknown_object,0.2718,700.04,380.32,839.49,475.37,13253.4,139.45,95.04,1.467,False,,True,R-desk,4,evt_S-61_desk_work_surface_0001,aa2a91065abbd7fe,lap_bag_context,no_pose_observation,34560.0,1.33,,1,cam12/e1/v1,
oneshot,03.CCTV Mobile Usage.mkv,632de9ed55947761d56d4c6142a3cb1a1fe69d0b1a6d0e01a2e404c697962623,dfine_sahi,9700.0,monitor_or_bezel,0.2681,881.36,396.18,948.1,452.48,3757.9,66.74,56.3,1.185,False,,True,R-desk,4,evt_S-61_desk_work_surface_0001,aa2a91065abbd7fe,lap_bag_context,no_pose_observation,34560.0,1.33,,1,cam12/e1/v1,
oneshot,03.CCTV Mobile Usage.mkv,632de9ed55947761d56d4c6142a3cb1a1fe69d0b1a6d0e01a2e404c697962623,dfine_sahi,9700.0,mouse,0.2529,991.28,400.93,1028.29,413.57,467.7,37.01,12.63,2.929,False,,True,R-desk,4,evt_S-61_desk_work_surface_0001,aa2a91065abbd7fe,lap_bag_context,no_pose_observation,34560.0,1.33,,1,cam12/e1/v1,
oneshot,03.CCTV Mobile Usage.mkv,632de9ed55947761d56d4c6142a3cb1a1fe69d0b1a6d0e01a2e404c697962623,dfine_sahi,9700.0,unknown_object,0.6518,160.07,510.19,255.94,605.44,9132.4,95.87,95.25,1.006,False,,True,S-61,1,evt_S-61_desk_work_surface_0001,d142004b4e59ec48,pose_hand_context,,20713.0,4.45,,1,cam12/e1/v1,rtmpose_baseline
oneshot,03.CCTV Mobile Usage.mkv,632de9ed55947761d56d4c6142a3cb1a1fe69d0b1a6d0e01a2e404c697962623,dfine_sahi,9700.0,unknown_object,0.5446,167.23,478.71,235.77,522.61,3009.5,68.54,43.91,1.561,False,,True,S-61,1,evt_S-61_desk_work_surface_0001,d142004b4e59ec48,pose_hand_context,,20713.0,4.45,,1,cam12/e1/v1,rtmpose_baseline
oneshot,03.CCTV Mobile Usage.mkv,632de9ed55947761d56d4c6142a3cb1a1fe69d0b1a6d0e01a2e404c697962623,dfine_sahi,9700.0,unknown_object,0.352,159.99,502.92,255.98,542.77,3825.7,95.99,39.85,2.409,False,,True,S-61,1,evt_S-61_desk_work_surface_0001,d142004b4e59ec48,pose_hand_context,,20713.0,4.45,,1,cam12/e1/v1,rtmpose_baseline
oneshot,03.CCTV Mobile Usage.mkv,632de9ed55947761d56d4c6142a3cb1a1fe69d0b1a6d0e01a2e404c697962623,dfine_sahi,9700.0,unknown_object,0.3168,97.01,510.07,192.96,605.63,9169.9,95.95,95.57,1.004,False,,True,S-61,1,evt_S-61_desk_work_surface_0001,d142004b4e59ec48,pose_hand_context,,20713.0,4.45,,1,cam12/e1/v1,rtmpose_baseline
oneshot,03.CCTV Mobile Usage.mkv,632de9ed55947761d56d4c6142a3cb1a1fe69d0b1a6d0e01a2e404c697962623,dfine_sahi,10200.0,unknown_object,0.4725,163.36,180.6,184.49,206.2,541.2,21.14,25.6,0.826,False,,True,S-61,2,evt_S-61_desk_work_surface_0001,3ca57fae345726aa,pose_hand_context,,19605.6,4.57,,1,cam12/e1/v1,rtmpose_baseline
oneshot,03.CCTV Mobile Usage.mkv,632de9ed55947761d56d4c6142a3cb1a1fe69d0b1a6d0e01a2e404c697962623,dfine_sahi,10200.0,bag,0.4527,182.8,261.1,259.26,295.64,2640.9,76.46,34.54,2.214,False,,True,S-61,2,evt_S-61_desk_work_surface_0001,3ca57fae345726aa,pose_hand_context,,19605.6,4.57,,1,cam12/e1/v1,rtmpose_baseline
oneshot,03.CCTV Mobile Usage.mkv,632de9ed55947761d56d4c6142a3cb1a1fe69d0b1a6d0e01a2e404c697962623,dfine_sahi,10200.0,stationery,0.4136,183.7,261.3,260.71,303.59,3256.9,77.01,42.29,1.821,False,,True,S-61,2,evt_S-61_desk_work_surface_0001,3ca57fae345726aa,pose_hand_context,,19605.6,4.57,,1,cam12/e1/v1,rtmpose_baseline
oneshot,03.CCTV Mobile Usage.mkv,632de9ed55947761d56d4c6142a3cb1a1fe69d0b1a6d0e01a2e404c697962623,dfine_sahi,10200.0,bag,0.3458,229.13,190.97,267.86,236.62,1767.9,38.73,45.65,0.849,False,,True,S-61,2,evt_S-61_desk_work_surface_0001,3ca57fae345726aa,pose_hand_context,,19605.6,4.57,,1,cam12/e1/v1,rtmpose_baseline
oneshot,03.CCTV Mobile Usage.mkv,632de9ed55947761d56d4c6142a3cb1a1fe69d0b1a6d0e01a2e404c697962623,dfine_sahi,10200.0,unknown_object,0.2898,163.0,181.67,224.96,259.86,4844.8,61.96,78.19,0.792,False,,True,S-61,2,evt_S-61_desk_work_surface_0001,3ca57fae345726aa,pose_hand_context,,19605.6,4.57,,1,cam12/e1/v1,rtmpose_baseline
oneshot,03.CCTV Mobile Usage.mkv,632de9ed55947761d56d4c6142a3cb1a1fe69d0b1a6d0e01a2e404c697962623,dfine_sahi,10200.0,unknown_object,0.28,111.12,147.16,206.64,242.41,9098.5,95.52,95.25,1.003,False,,True,S-61,2,evt_S-61_desk_work_surface_0001,3ca57fae345726aa,pose_hand_context,,19605.6,4.57,,1,cam12/e1/v1,rtmpose_baseline
oneshot,03.CCTV Mobile Usage.mkv,632de9ed55947761d56d4c6142a3cb1a1fe69d0b1a6d0e01a2e404c697962623,dfine_sahi,10200.0,unknown_object,0.5587,141.03,495.08,195.96,569.22,4072.3,54.93,74.14,0.741,False,,True,S-61,1,evt_S-61_desk_work_surface_0001,9cb192cf057e470f,pose_hand_context,,16574.0,4.97,,1,cam12/e1/v1,rtmpose_baseline
oneshot,03.CCTV Mobile Usage.mkv,632de9ed55947761d56d4c6142a3cb1a1fe69d0b1a6d0e01a2e404c697962623,dfine_sahi,10200.0,unknown_object,0.5567,112.03,451.18,239.95,578.3,16261.5,127.92,127.12,1.006,False,,True,S-61,1,evt_S-61_desk_work_surface_0001,9cb192cf057e470f,pose_hand_context,,16574.0,4.97,,1,cam12/e1/v1,rtmpose_baseline
oneshot,03.CCTV Mobile Usage.mkv,632de9ed55947761d56d4c6142a3cb1a1fe69d0b1a6d0e01a2e404c697962623,dfine_sahi,10200.0,unknown_object,0.4932,156.05,439.29,251.95,534.51,9130.4,95.89,95.21,1.007,False,,True,S-61,1,evt_S-61_desk_work_surface_0001,9cb192cf057e470f,pose_hand_context,,16574.0,4.97,,1,cam12/e1/v1,rtmpose_baseline
oneshot,03.CCTV Mobile Usage.mkv,632de9ed55947761d56d4c6142a3cb1a1fe69d0b1a6d0e01a2e404c697962623,dfine_sahi,10200.0,unknown_object,0.4805,156.06,495.12,251.93,566.75,6868.1,95.88,71.63,1.338,False,,True,S-61,1,evt_S-61_desk_work_surface_0001,9cb192cf057e470f,pose_hand_context,,16574.0,4.97,,1,cam12/e1/v1,rtmpose_baseline
oneshot,03.CCTV Mobile Usage.mkv,632de9ed55947761d56d4c6142a3cb1a1fe69d0b1a6d0e01a2e404c697962623,dfine_sahi,10200.0,unknown_object,0.4058,141.85,475.19,195.96,534.48,3207.3,54.1,59.28,0.913,False,,True,S-61,1,evt_S-61_desk_work_surface_0001,9cb192cf057e470f,pose_hand_context,,16574.0,4.97,,1,cam12/e1/v1,rtmpose_baseline
oneshot,03.CCTV Mobile Usage.mkv,632de9ed55947761d56d4c6142a3cb1a1fe69d0b1a6d0e01a2e404c697962623,dfine_sahi,10200.0,unknown_object,0.4026,100.33,439.12,195.97,534.34,9107.8,95.65,95.22,1.004,False,,True,S-61,1,evt_S-61_desk_work_surface_0001,9cb192cf057e470f,pose_hand_context,,16574.0,4.97,,1,cam12/e1/v1,rtmpose_baseline
oneshot,03.CCTV Mobile Usage.mkv,632de9ed55947761d56d4c6142a3cb1a1fe69d0b1a6d0e01a2e404c697962623,dfine_sahi,10200.0,unknown_object,0.3714,174.38,495.09,235.75,518.19,1417.7,61.37,23.1,2.657,False,,True,S-61,1,evt_S-61_desk_work_surface_0001,9cb192cf057e470f,pose_hand_context,,16574.0,4.97,,1,cam12/e1/v1,rtmpose_baseline
oneshot,03.CCTV Mobile Usage.mkv,632de9ed55947761d56d4c6142a3cb1a1fe69d0b1a6d0e01a2e404c697962623,dfine_sahi,10200.0,unknown_object,0.2932,100.41,439.09,158.12,478.78,2290.2,57.71,39.68,1.454,False,,True,S-61,1,evt_S-61_desk_work_surface_0001,9cb192cf057e470f,pose_hand_context,,16574.0,4.97,,1,cam12/e1/v1,rtmpose_baseline
oneshot,03.CCTV Mobile Usage.mkv,632de9ed55947761d56d4c6142a3cb1a1fe69d0b1a6d0e01a2e404c697962623,dfine_sahi,10200.0,unknown_object,0.2922,156.04,525.09,206.94,590.73,3341.0,50.9,65.64,0.776,False,,True,S-61,1,evt_S-61_desk_work_surface_0001,9cb192cf057e470f,pose_hand_context,,16574.0,4.97,,1,cam12/e1/v1,rtmpose_baseline
oneshot,03.CCTV Mobile Usage.mkv,632de9ed55947761d56d4c6142a3cb1a1fe69d0b1a6d0e01a2e404c697962623,dfine_sahi,10700.0,unknown_object,0.6902,112.2,261.21,241.92,331.36,9098.9,129.72,70.14,1.849,False,,True,S-61,2,evt_S-61_desk_work_surface_0001,306d5f013085fa12,pose_hand_context,,22428.1,4.27,,1,cam12/e1/v1,rtmpose_baseline
oneshot,03.CCTV Mobile Usage.mkv,632de9ed55947761d56d4c6142a3cb1a1fe69d0b1a6d0e01a2e404c697962623,dfine_sahi,10700.0,unknown_object,0.5304,210.79,227.5,229.56,256.29,540.3,18.77,28.79,0.652,False,,True,S-61,2,evt_S-61_desk_work_surface_0001,306d5f013085fa12,pose_hand_context,,22428.1,4.27,,1,cam12/e1/v1,rtmpose_baseline
oneshot,03.CCTV Mobile Usage.mkv,632de9ed55947761d56d4c6142a3cb1a1fe69d0b1a6d0e01a2e404c697962623,dfine_sahi,10700.0,unknown_object,0.4644,187.18,178.34,209.06,266.56,1929.9,21.87,88.22,0.248,False,,True,S-61,2,evt_S-61_desk_work_surface_0001,306d5f013085fa12,pose_hand_context,,22428.1,4.27,,1,cam12/e1/v1,rtmpose_baseline
oneshot,03.CCTV Mobile Usage.mkv,632de9ed55947761d56d4c6142a3cb1a1fe69d0b1a6d0e01a2e404c697962623,dfine_sahi,10700.0,unknown_object,0.2995,175.19,239.4,192.94,272.78,592.7,17.76,33.38,0.532,False,,True,S-61,2,evt_S-61_desk_work_surface_0001,306d5f013085fa12,pose_hand_context,,22428.1,4.27,,1,cam12/e1/v1,rtmpose_baseline
oneshot,03.CCTV Mobile Usage.mkv,632de9ed55947761d56d4c6142a3cb1a1fe69d0b1a6d0e01a2e404c697962623,dfine_sahi,10700.0,unknown_object,0.2976,158.89,256.61,176.71,272.95,291.1,17.82,16.33,1.091,False,,True,S-61,2,evt_S-61_desk_work_surface_0001,306d5f013085fa12,pose_hand_context,,22428.1,4.27,,1,cam12/e1/v1,rtmpose_baseline
oneshot,03.CCTV Mobile Usage.mkv,632de9ed55947761d56d4c6142a3cb1a1fe69d0b1a6d0e01a2e404c697962623,dfine_sahi,10700.0,unknown_object,0.2961,191.24,239.33,208.59,266.18,465.7,17.35,26.84,0.646,False,,True,S-61,2,evt_S-61_desk_work_surface_0001,306d5f013085fa12,pose_hand_context,,22428.1,4.27,,1,cam12/e1/v1,rtmpose_baseline
oneshot,03.CCTV Mobile Usage.mkv,632de9ed55947761d56d4c6142a3cb1a1fe69d0b1a6d0e01a2e404c697962623,dfine_sahi,10700.0,unknown_object,0.2882,205.98,177.12,226.53,229.97,1086.0,20.55,52.85,0.389,False,,True,S-61,2,evt_S-61_desk_work_surface_0001,306d5f013085fa12,pose_hand_context,,22428.1,4.27,,1,cam12/e1/v1,rtmpose_baseline
oneshot,03.CCTV Mobile Usage.mkv,632de9ed55947761d56d4c6142a3cb1a1fe69d0b1a6d0e01a2e404c697962623,dfine_sahi,10700.0,unknown_object,0.5279,104.11,437.15,199.93,532.46,9131.9,95.82,95.3,1.005,False,,True,S-61,1,evt_S-61_desk_work_surface_0001,fc3e6f6ad9de900d,pose_hand_context,,16022.5,5.06,,1,cam12/e1/v1,rtmpose_baseline
oneshot,03.CCTV Mobile Usage.mkv,632de9ed55947761d56d4c6142a3cb1a1fe69d0b1a6d0e01a2e404c697962623,dfine_sahi,10700.0,unknown_object,0.489,139.02,493.09,199.96,560.91,4132.8,60.94,67.82,0.899,False,,True,S-61,1,evt_S-61_desk_work_surface_0001,fc3e6f6ad9de900d,pose_hand_context,,16022.5,5.06,,1,cam12/e1/v1,rtmpose_baseline
oneshot,03.CCTV Mobile Usage.mkv,632de9ed55947761d56d4c6142a3cb1a1fe69d0b1a6d0e01a2e404c697962623,dfine_sahi,10700.0,unknown_object,0.4385,159.99,493.15,255.91,588.53,9148.9,95.92,95.38,1.006,False,,True,S-61,1,evt_S-61_desk_work_surface_0001,fc3e6f6ad9de900d,pose_hand_context,,16022.5,5.06,,1,cam12/e1/v1,rtmpose_baseline
oneshot,03.CCTV Mobile Usage.mkv,632de9ed55947761d56d4c6142a3cb1a1fe69d0b1a6d0e01a2e404c697962623,dfine_sahi,10700.0,unknown_object,0.3279,169.01,477.54,246.93,518.3,3176.0,77.92,40.76,1.912,False,,True,S-61,1,evt_S-61_desk_work_surface_0001,fc3e6f6ad9de900d,pose_hand_context,,16022.5,5.06,,1,cam12/e1/v1,rtmpose_baseline
oneshot,03.CCTV Mobile Usage.mkv,632de9ed55947761d56d4c6142a3cb1a1fe69d0b1a6d0e01a2e404c697962623,dfine_sahi,11200.0,unknown_object,0.6814,105.23,442.15,200.97,537.09,9089.5,95.74,94.94,1.008,False,,True,S-61,1,evt_S-61_desk_work_surface_0001,2bebd0989d616603,pose_hand_context,,13815.7,5.44,,1,cam12/e1/v1,rtmpose_baseline
oneshot,03.CCTV Mobile Usage.mkv,632de9ed55947761d56d4c6142a3cb1a1fe69d0b1a6d0e01a2e404c697962623,dfine_sahi,11200.0,unknown_object,0.6306,120.13,457.18,237.14,564.31,12534.1,117.0,107.13,1.092,False,,True,S-61,1,evt_S-61_desk_work_surface_0001,2bebd0989d616603,pose_hand_context,,13815.7,5.44,,1,cam12/e1/v1,rtmpose_baseline
oneshot,03.CCTV Mobile Usage.mkv,632de9ed55947761d56d4c6142a3cb1a1fe69d0b1a6d0e01a2e404c697962623,dfine_sahi,11200.0,unknown_object,0.5566,156.02,494.12,251.97,563.86,6692.2,95.95,69.75,1.376,False,,True,S-61,1,evt_S-61_desk_work_surface_0001,2bebd0989d616603,pose_hand_context,,13815.7,5.44,,1,cam12/e1/v1,rtmpose_baseline
oneshot,03.CCTV Mobile Usage.mkv,632de9ed55947761d56d4c6142a3cb1a1fe69d0b1a6d0e01a2e404c697962623,dfine_sahi,11200.0,unknown_object,0.5505,156.19,442.37,249.42,517.07,6965.2,93.24,74.7,1.248,False,,True,S-61,1,evt_S-61_desk_work_surface_0001,2bebd0989d616603,pose_hand_context,,13815.7,5.44,,1,cam12/e1/v1,rtmpose_baseline
oneshot,03.CCTV Mobile Usage.mkv,632de9ed55947761d56d4c6142a3cb1a1fe69d0b1a6d0e01a2e404c697962623,dfine_sahi,11200.0,unknown_object,0.45,127.09,494.07,200.97,561.91,5011.9,73.88,67.84,1.089,False,,True,S-61,1,evt_S-61_desk_work_surface_0001,2bebd0989d616603,pose_hand_context,,13815.7,5.44,,1,cam12/e1/v1,rtmpose_baseline
oneshot,03.CCTV Mobile Usage.mkv,632de9ed55947761d56d4c6142a3cb1a1fe69d0b1a6d0e01a2e404c697962623,dfine_sahi,11200.0,unknown_object,0.2947,170.61,526.97,251.96,561.14,2779.6,81.35,34.17,2.381,False,,True,S-61,1,evt_S-61_desk_work_surface_0001,2bebd0989d616603,pose_hand_context,,13815.7,5.44,,1,cam12/e1/v1,rtmpose_baseline
oneshot,03.CCTV Mobile Usage.mkv,632de9ed55947761d56d4c6142a3cb1a1fe69d0b1a6d0e01a2e404c697962623,dfine_sahi,11200.0,monitor_or_bezel,0.5471,243.97,207.21,294.67,291.92,4295.1,50.7,84.71,0.599,False,,True,S-61,2,evt_S-61_desk_work_surface_0001,44302ce98e67dd02,pose_hand_context,,29721.8,3.71,,1,cam12/e1/v1,rtmpose_baseline
oneshot,03.CCTV Mobile Usage.mkv,632de9ed55947761d56d4c6142a3cb1a1fe69d0b1a6d0e01a2e404c697962623,dfine_sahi,11200.0,unknown_object,0.4529,335.69,283.46,415.91,379.42,7698.2,80.22,95.96,0.836,False,,True,S-61,2,evt_S-61_desk_work_surface_0001,44302ce98e67dd02,pose_hand_context,,29721.8,3.71,,1,cam12/e1/v1,rtmpose_baseline
oneshot,03.CCTV Mobile Usage.mkv,632de9ed55947761d56d4c6142a3cb1a1fe69d0b1a6d0e01a2e404c697962623,dfine_sahi,11200.0,unknown_object,0.3905,244.12,207.27,415.94,379.32,29560.8,171.82,172.05,0.999,False,,True,S-61,2,evt_S-61_desk_work_surface_0001,44302ce98e67dd02,pose_hand_context,,29721.8,3.71,,1,cam12/e1/v1,rtmpose_baseline
oneshot,03.CCTV Mobile Usage.mkv,632de9ed55947761d56d4c6142a3cb1a1fe69d0b1a6d0e01a2e404c697962623,dfine_sahi,11200.0,unknown_object,0.3551,268.66,283.1,307.13,378.99,3688.8,38.47,95.89,0.401,False,,True,S-61,2,evt_S-61_desk_work_surface_0001,44302ce98e67dd02,pose_hand_context,,29721.8,3.71,,1,cam12/e1/v1,rtmpose_baseline
oneshot,03.CCTV Mobile Usage.mkv,632de9ed55947761d56d4c6142a3cb1a1fe69d0b1a6d0e01a2e404c697962623,dfine_sahi,11200.0,unknown_object,0.3329,265.59,215.02,320.16,338.78,6754.1,54.57,123.76,0.441,False,,True,S-61,2,evt_S-61_desk_work_surface_0001,44302ce98e67dd02,pose_hand_context,,29721.8,3.71,,1,cam12/e1/v1,rtmpose_baseline
oneshot,03.CCTV Mobile Usage.mkv,632de9ed55947761d56d4c6142a3cb1a1fe69d0b1a6d0e01a2e404c697962623,dfine_sahi,11200.0,unknown_object,0.3328,290.61,213.33,339.93,299.7,4260.1,49.32,86.37,0.571,False,,True,S-61,2,evt_S-61_desk_work_surface_0001,44302ce98e67dd02,pose_hand_context,,29721.8,3.71,,1,cam12/e1/v1,rtmpose_baseline
oneshot,03.CCTV Mobile Usage.mkv,632de9ed55947761d56d4c6142a3cb1a1fe69d0b1a6d0e01a2e404c697962623,dfine_sahi,11200.0,unknown_object,0.2789,294.09,241.65,317.54,297.3,1304.9,23.45,55.65,0.421,False,,True,S-61,2,evt_S-61_desk_work_surface_0001,44302ce98e67dd02,pose_hand_context,,29721.8,3.71,,1,cam12/e1/v1,rtmpose_baseline
oneshot,03.CCTV Mobile Usage.mkv,632de9ed55947761d56d4c6142a3cb1a1fe69d0b1a6d0e01a2e404c697962623,dfine_sahi,11200.0,keyboard,0.9082,962.22,452.01,1067.87,491.44,4165.1,105.65,39.42,2.68,False,,True,R-desk,5,evt_S-61_desk_work_surface_0001,7739ac136bb8b8c8,lap_bag_context,no_pose_observation,34560.0,1.33,,1,cam12/e1/v1,
oneshot,03.CCTV Mobile Usage.mkv,632de9ed55947761d56d4c6142a3cb1a1fe69d0b1a6d0e01a2e404c697962623,dfine_sahi,11200.0,monitor_or_bezel,0.6843,963.25,380.43,1152.64,474.95,17900.0,189.39,94.51,2.004,False,,True,R-desk,5,evt_S-61_desk_work_surface_0001,7739ac136bb8b8c8,lap_bag_context,no_pose_observation,34560.0,1.33,,1,cam12/e1/v1,
oneshot,03.CCTV Mobile Usage.mkv,632de9ed55947761d56d4c6142a3cb1a1fe69d0b1a6d0e01a2e404c697962623,dfine_sahi,11200.0,phone,0.661,1043.41,421.59,1113.23,474.31,3681.1,69.82,52.72,1.324,False,,True,R-desk,5,evt_S-61_desk_work_surface_0001,7739ac136bb8b8c8,lap_bag_context,no_pose_observation,34560.0,1.33,,1,cam12/e1/v1,
oneshot,03.CCTV Mobile Usage.mkv,632de9ed55947761d56d4c6142a3cb1a1fe69d0b1a6d0e01a2e404c697962623,dfine_sahi,11200.0,monitor_or_bezel,0.6438,910.28,411.2,1141.6,506.41,22023.2,231.33,95.2,2.43,False,,True,R-desk,5,evt_S-61_desk_work_surface_0001,7739ac136bb8b8c8,lap_bag_context,no_pose_observation,34560.0,1.33,,1,cam12/e1/v1,
oneshot,03.CCTV Mobile Usage.mkv,632de9ed55947761d56d4c6142a3cb1a1fe69d0b1a6d0e01a2e404c697962623,dfine_sahi,11200.0,monitor_or_bezel,0.6147,1018.42,395.79,1145.54,447.56,6581.6,127.12,51.77,2.455,False,,True,R-desk,5,evt_S-61_desk_work_surface_0001,7739ac136bb8b8c8,lap_bag_context,no_pose_observation,34560.0,1.33,,1,cam12/e1/v1,
oneshot,03.CCTV Mobile Usage.mkv,632de9ed55947761d56d4c6142a3cb1a1fe69d0b1a6d0e01a2e404c697962623,dfine_sahi,11200.0,keyboard,0.5892,962.92,452.36,1034.68,475.56,1664.8,71.77,23.2,3.094,False,,True,R-desk,5,evt_S-61_desk_work_surface_0001,7739ac136bb8b8c8,lap_bag_context,no_pose_observation,34560.0,1.33,,1,cam12/e1/v1,
oneshot,03.CCTV Mobile Usage.mkv,632de9ed55947761d56d4c6142a3cb1a1fe69d0b1a6d0e01a2e404c697962623,dfine_sahi,11200.0,unknown_object,0.5516,699.96,396.18,857.23,492.13,15088.9,157.27,95.94,1.639,False,,True,R-desk,5,evt_S-61_desk_work_surface_0001,7739ac136bb8b8c8,lap_bag_context,no_pose_observation,34560.0,1.33,,1,cam12/e1/v1,
oneshot,03.CCTV Mobile Usage.mkv,632de9ed55947761d56d4c6142a3cb1a1fe69d0b1a6d0e01a2e404c697962623,dfine_sahi,11200.0,mouse,0.5338,864.88,413.88,892.04,435.01,574.0,27.15,21.14,1.285,False,,True,R-desk,5,evt_S-61_desk_work_surface_0001,7739ac136bb8b8c8,lap_bag_context,no_pose_observation,34560.0,1.33,,1,cam12/e1/v1,
oneshot,03.CCTV Mobile Usage.mkv,632de9ed55947761d56d4c6142a3cb1a1fe69d0b1a6d0e01a2e404c697962623,dfine_sahi,11200.0,keyboard,0.5294,772.37,380.2,871.24,420.58,3993.0,98.87,40.39,2.448,False,,True,R-desk,5,evt_S-61_desk_work_surface_0001,7739ac136bb8b8c8,lap_bag_context,no_pose_observation,34560.0,1.33,,1,cam12/e1/v1,
oneshot,03.CCTV Mobile Usage.mkv,632de9ed55947761d56d4c6142a3cb1a1fe69d0b1a6d0e01a2e404c697962623,dfine_sahi,11200.0,unknown_object,0.5237,766.66,410.97,969.84,505.91,19288.8,203.18,94.93,2.14,False,,True,R-desk,5,evt_S-61_desk_work_surface_0001,7739ac136bb8b8c8,lap_bag_context,no_pose_observation,34560.0,1.33,,1,cam12/e1/v1,
oneshot,03.CCTV Mobile Usage.mkv,632de9ed55947761d56d4c6142a3cb1a1fe69d0b1a6d0e01a2e404c697962623,dfine_sahi,11200.0,unknown_object,0.5206,707.77,379.93,969.51,474.97,24875.4,261.74,95.04,2.754,False,,True,R-desk,5,evt_S-61_desk_work_surface_0001,7739ac136bb8b8c8,lap_bag_context,no_pose_observation,34560.0,1.33,,1,cam12/e1/v1,
oneshot,03.CCTV Mobile Usage.mkv,632de9ed55947761d56d4c6142a3cb1a1fe69d0b1a6d0e01a2e404c697962623,dfine_sahi,11200.0,keyboard,0.5001,802.17,396.24,870.79,420.69,1677.9,68.61,24.45,2.806,False,,True,R-desk,5,evt_S-61_desk_work_surface_0001,7739ac136bb8b8c8,lap_bag_context,no_pose_observation,34560.0,1.33,,1,cam12/e1/v1,
oneshot,03.CCTV Mobile Usage.mkv,632de9ed55947761d56d4c6142a3cb1a1fe69d0b1a6d0e01a2e404c697962623,dfine_sahi,11200.0,unknown_object,0.4261,699.99,396.11,770.01,491.7,6692.6,70.02,95.59,0.732,False,,True,R-desk,5,evt_S-61_desk_work_surface_0001,7739ac136bb8b8c8,lap_bag_context,no_pose_observation,34560.0,1.33,,1,cam12/e1/v1,
oneshot,03.CCTV Mobile Usage.mkv,632de9ed55947761d56d4c6142a3cb1a1fe69d0b1a6d0e01a2e404c697962623,dfine_sahi,11200.0,unknown_object,0.351,881.72,411.16,969.56,453.49,3718.5,87.84,42.33,2.075,False,,True,R-desk,5,evt_S-61_desk_work_surface_0001,7739ac136bb8b8c8,lap_bag_context,no_pose_observation,34560.0,1.33,,1,cam12/e1/v1,
oneshot,03.CCTV Mobile Usage.mkv,632de9ed55947761d56d4c6142a3cb1a1fe69d0b1a6d0e01a2e404c697962623,dfine_sahi,11200.0,monitor_or_bezel,0.2997,881.31,396.18,948.85,452.47,3801.9,67.54,56.29,1.2,False,,True,R-desk,5,evt_S-61_desk_work_surface_0001,7739ac136bb8b8c8,lap_bag_context,no_pose_observation,34560.0,1.33,,1,cam12/e1/v1,
oneshot,03.CCTV Mobile Usage.mkv,632de9ed55947761d56d4c6142a3cb1a1fe69d0b1a6d0e01a2e404c697962623,dfine_sahi,11200.0,mouse,0.299,967.15,398.48,991.99,410.58,300.8,24.84,12.11,2.052,False,,True,R-desk,5,evt_S-61_desk_work_surface_0001,7739ac136bb8b8c8,lap_bag_context,no_pose_observation,34560.0,1.33,,1,cam12/e1/v1,
oneshot,03.CCTV Mobile Usage.mkv,632de9ed55947761d56d4c6142a3cb1a1fe69d0b1a6d0e01a2e404c697962623,dfine_sahi,11200.0,unknown_object,0.2859,880.4,411.64,969.91,505.59,8409.0,89.5,93.95,0.953,False,,True,R-desk,5,evt_S-61_desk_work_surface_0001,7739ac136bb8b8c8,lap_bag_context,no_pose_observation,34560.0,1.33,,1,cam12/e1/v1,
oneshot,03.CCTV Mobile Usage.mkv,632de9ed55947761d56d4c6142a3cb1a1fe69d0b1a6d0e01a2e404c697962623,dfine_sahi,11200.0,mouse,0.2578,990.77,399.34,1026.6,413.25,498.4,35.83,13.91,2.576,False,,True,R-desk,5,evt_S-61_desk_work_surface_0001,7739ac136bb8b8c8,lap_bag_context,no_pose_observation,34560.0,1.33,,1,cam12/e1/v1,
oneshot,03.CCTV Mobile Usage.mkv,632de9ed55947761d56d4c6142a3cb1a1fe69d0b1a6d0e01a2e404c697962623,dfine_sahi,11700.0,unknown_object,0.6442,57.99,510.03,85.26,552.11,1147.5,27.27,42.08,0.648,False,,True,S-61,1,evt_S-61_desk_work_surface_0001,b6a05af65e1ac343,pose_hand_context,,28995.3,3.76,,1,cam12/e1/v1,rtmpose_baseline
oneshot,03.CCTV Mobile Usage.mkv,632de9ed55947761d56d4c6142a3cb1a1fe69d0b1a6d0e01a2e404c697962623,dfine_sahi,11700.0,unknown_object,0.5521,58.03,435.09,153.92,491.52,5410.6,95.89,56.42,1.699,False,,True,S-61,1,evt_S-61_desk_work_surface_0001,b6a05af65e1ac343,pose_hand_context,,28995.3,3.76,,1,cam12/e1/v1,rtmpose_baseline
oneshot,03.CCTV Mobile Usage.mkv,632de9ed55947761d56d4c6142a3cb1a1fe69d0b1a6d0e01a2e404c697962623,dfine_sahi,11700.0,stationery,0.4808,57.97,509.52,85.38,552.39,1175.0,27.4,42.87,0.639,False,,True,S-61,1,evt_S-61_desk_work_surface_0001,b6a05af65e1ac343,pose_hand_context,,28995.3,3.76,,1,cam12/e1/v1,rtmpose_baseline
oneshot,03.CCTV Mobile Usage.mkv,632de9ed55947761d56d4c6142a3cb1a1fe69d0b1a6d0e01a2e404c697962623,dfine_sahi,11700.0,unknown_object,0.434,63.11,485.21,96.79,530.5,1525.7,33.69,45.29,0.744,False,,True,S-61,1,evt_S-61_desk_work_surface_0001,b6a05af65e1ac343,pose_hand_context,,28995.3,3.76,,1,cam12/e1/v1,rtmpose_baseline
oneshot,03.CCTV Mobile Usage.mkv,632de9ed55947761d56d4c6142a3cb1a1fe69d0b1a6d0e01a2e404c697962623,dfine_sahi,11700.0,unknown_object,0.4093,57.99,509.82,96.88,602.52,3605.2,38.89,92.7,0.42,False,,True,S-61,1,evt_S-61_desk_work_surface_0001,b6a05af65e1ac343,pose_hand_context,,28995.3,3.76,,1,cam12/e1/v1,rtmpose_baseline
oneshot,03.CCTV Mobile Usage.mkv,632de9ed55947761d56d4c6142a3cb1a1fe69d0b1a6d0e01a2e404c697962623,dfine_sahi,11700.0,unknown_object,0.3554,58.73,476.46,219.68,603.2,20399.7,160.95,126.74,1.27,False,,True,S-61,1,evt_S-61_desk_work_surface_0001,b6a05af65e1ac343,pose_hand_context,,28995.3,3.76,,1,cam12/e1/v1,rtmpose_baseline
oneshot,03.CCTV Mobile Usage.mkv,632de9ed55947761d56d4c6142a3cb1a1fe69d0b1a6d0e01a2e404c697962623,dfine_sahi,11700.0,unknown_object,0.3438,133.41,509.21,228.92,569.5,5757.9,95.51,60.28,1.584,False,,True,S-61,1,evt_S-61_desk_work_surface_0001,b6a05af65e1ac343,pose_hand_context,,28995.3,3.76,,1,cam12/e1/v1,rtmpose_baseline
oneshot,03.CCTV Mobile Usage.mkv,632de9ed55947761d56d4c6142a3cb1a1fe69d0b1a6d0e01a2e404c697962623,dfine_sahi,11700.0,unknown_object,0.3222,58.01,509.25,153.95,604.46,9134.1,95.94,95.21,1.008,False,,True,S-61,1,evt_S-61_desk_work_surface_0001,b6a05af65e1ac343,pose_hand_context,,28995.3,3.76,,1,cam12/e1/v1,rtmpose_baseline
oneshot,03.CCTV Mobile Usage.mkv,632de9ed55947761d56d4c6142a3cb1a1fe69d0b1a6d0e01a2e404c697962623,dfine_sahi,11700.0,unknown_object,0.3029,133.06,481.67,228.37,530.71,4674.2,95.31,49.04,1.943,False,,True,S-61,1,evt_S-61_desk_work_surface_0001,b6a05af65e1ac343,pose_hand_context,,28995.3,3.76,,1,cam12/e1/v1,rtmpose_baseline
oneshot,03.CCTV Mobile Usage.mkv,632de9ed55947761d56d4c6142a3cb1a1fe69d0b1a6d0e01a2e404c697962623,dfine_sahi,11700.0,unknown_object,0.2764,157.74,435.26,220.81,520.3,5363.6,63.08,85.03,0.742,False,,True,S-61,1,evt_S-61_desk_work_surface_0001,b6a05af65e1ac343,pose_hand_context,,28995.3,3.76,,1,cam12/e1/v1,rtmpose_baseline
oneshot,03.CCTV Mobile Usage.mkv,632de9ed55947761d56d4c6142a3cb1a1fe69d0b1a6d0e01a2e404c697962623,dfine_sahi,11700.0,unknown_object,0.2642,159.0,449.7,193.36,517.72,2337.4,34.36,68.02,0.505,False,,True,S-61,1,evt_S-61_desk_work_surface_0001,b6a05af65e1ac343,pose_hand_context,,28995.3,3.76,,1,cam12/e1/v1,rtmpose_baseline
oneshot,03.CCTV Mobile Usage.mkv,632de9ed55947761d56d4c6142a3cb1a1fe69d0b1a6d0e01a2e404c697962623,dfine_sahi,11700.0,unknown_object,0.2501,67.33,510.58,75.49,524.58,114.2,8.16,14.0,0.583,True,object footprint 114 px is under the 120 px floor for a call,False,S-61,1,evt_S-61_desk_work_surface_0001,b6a05af65e1ac343,pose_hand_context,,28995.3,3.76,,1,cam12/e1/v1,rtmpose_baseline
oneshot,03.CCTV Mobile Usage.mkv,632de9ed55947761d56d4c6142a3cb1a1fe69d0b1a6d0e01a2e404c697962623,dfine_sahi,11700.0,unknown_object,0.6616,194.12,302.26,289.87,397.56,9125.4,95.75,95.3,1.005,False,,True,S-61,2,evt_S-61_desk_work_surface_0001,eee0fc316a8f1a81,pose_hand_context,,28486.7,3.79,,1,cam12/e1/v1,rtmpose_baseline
oneshot,03.CCTV Mobile Usage.mkv,632de9ed55947761d56d4c6142a3cb1a1fe69d0b1a6d0e01a2e404c697962623,dfine_sahi,11700.0,unknown_object,0.4318,268.0,302.25,292.15,357.51,1334.7,24.15,55.26,0.437,False,,True,S-61,2,evt_S-61_desk_work_surface_0001,eee0fc316a8f1a81,pose_hand_context,,28486.7,3.79,,1,cam12/e1/v1,rtmpose_baseline
oneshot,03.CCTV Mobile Usage.mkv,632de9ed55947761d56d4c6142a3cb1a1fe69d0b1a6d0e01a2e404c697962623,dfine_sahi,11700.0,unknown_object,0.3898,288.7,286.28,344.8,324.7,2155.3,56.1,38.42,1.46,False,,True,S-61,2,evt_S-61_desk_work_surface_0001,eee0fc316a8f1a81,pose_hand_context,,28486.7,3.79,,1,cam12/e1/v1,rtmpose_baseline
oneshot,03.CCTV Mobile Usage.mkv,632de9ed55947761d56d4c6142a3cb1a1fe69d0b1a6d0e01a2e404c697962623,dfine_sahi,12200.0,keyboard,0.8976,962.17,451.89,1068.0,491.41,4183.0,105.84,39.52,2.678,False,,True,R-desk,6,evt_S-61_desk_work_surface_0001,590143951782a0e5,lap_bag_context,no_pose_observation,34560.0,1.33,,1,cam12/e1/v1,
oneshot,03.CCTV Mobile Usage.mkv,632de9ed55947761d56d4c6142a3cb1a1fe69d0b1a6d0e01a2e404c697962623,dfine_sahi,12200.0,monitor_or_bezel,0.7777,910.09,411.09,1140.62,506.37,21966.6,230.54,95.28,2.419,False,,True,R-desk,6,evt_S-61_desk_work_surface_0001,590143951782a0e5,lap_bag_context,no_pose_observation,34560.0,1.33,,1,cam12/e1/v1,
oneshot,03.CCTV Mobile Usage.mkv,632de9ed55947761d56d4c6142a3cb1a1fe69d0b1a6d0e01a2e404c697962623,dfine_sahi,12200.0,monitor_or_bezel,0.7661,963.09,380.45,1152.47,475.0,17904.7,189.38,94.54,2.003,False,,True,R-desk,6,evt_S-61_desk_work_surface_0001,590143951782a0e5,lap_bag_context,no_pose_observation,34560.0,1.33,,1,cam12/e1/v1,
oneshot,03.CCTV Mobile Usage.mkv,632de9ed55947761d56d4c6142a3cb1a1fe69d0b1a6d0e01a2e404c697962623,dfine_sahi,12200.0,monitor_or_bezel,0.7548,708.83,379.91,969.68,474.85,24765.2,260.85,94.94,2.747,False,,True,R-desk,6,evt_S-61_desk_work_surface_0001,590143951782a0e5,lap_bag_context,no_pose_observation,34560.0,1.33,,1,cam12/e1/v1,
oneshot,03.CCTV Mobile Usage.mkv,632de9ed55947761d56d4c6142a3cb1a1fe69d0b1a6d0e01a2e404c697962623,dfine_sahi,12200.0,keyboard,0.6396,772.54,380.22,870.59,420.39,3939.1,98.05,40.17,2.441,False,,True,R-desk,6,evt_S-61_desk_work_surface_0001,590143951782a0e5,lap_bag_context,no_pose_observation,34560.0,1.33,,1,cam12/e1/v1,
oneshot,03.CCTV Mobile Usage.mkv,632de9ed55947761d56d4c6142a3cb1a1fe69d0b1a6d0e01a2e404c697962623,dfine_sahi,12200.0,unknown_object,0.6304,699.93,411.25,871.59,506.3,16317.1,171.66,95.06,1.806,False,,True,R-desk,6,evt_S-61_desk_work_surface_0001,590143951782a0e5,lap_bag_context,no_pose_observation,34560.0,1.33,,1,cam12/e1/v1,
oneshot,03.CCTV Mobile Usage.mkv,632de9ed55947761d56d4c6142a3cb1a1fe69d0b1a6d0e01a2e404c697962623,dfine_sahi,12200.0,keyboard,0.6225,962.8,452.25,1034.66,475.56,1675.1,71.86,23.31,3.083,False,,True,R-desk,6,evt_S-61_desk_work_surface_0001,590143951782a0e5,lap_bag_context,no_pose_observation,34560.0,1.33,,1,cam12/e1/v1,
oneshot,03.CCTV Mobile Usage.mkv,632de9ed55947761d56d4c6142a3cb1a1fe69d0b1a6d0e01a2e404c697962623,dfine_sahi,12200.0,mouse,0.5362,865.33,413.73,891.65,435.43,571.2,26.33,21.69,1.214,False,,True,R-desk,6,evt_S-61_desk_work_surface_0001,590143951782a0e5,lap_bag_context,no_pose_observation,34560.0,1.33,,1,cam12/e1/v1,
oneshot,03.CCTV Mobile Usage.mkv,632de9ed55947761d56d4c6142a3cb1a1fe69d0b1a6d0e01a2e404c697962623,dfine_sahi,12200.0,phone,0.502,1043.42,420.25,1113.56,474.19,3783.5,70.14,53.94,1.3,False,,True,R-desk,6,evt_S-61_desk_work_surface_0001,590143951782a0e5,lap_bag_context,no_pose_observation,34560.0,1.33,,1,cam12/e1/v1,
oneshot,03.CCTV Mobile Usage.mkv,632de9ed55947761d56d4c6142a3cb1a1fe69d0b1a6d0e01a2e404c697962623,dfine_sahi,12200.0,keyboard,0.4259,802.41,396.23,870.38,420.7,1663.5,67.97,24.47,2.777,False,,True,R-desk,6,evt_S-61_desk_work_surface_0001,590143951782a0e5,lap_bag_context,no_pose_observation,34560.0,1.33,,1,cam12/e1/v1,
oneshot,03.CCTV Mobile Usage.mkv,632de9ed55947761d56d4c6142a3cb1a1fe69d0b1a6d0e01a2e404c697962623,dfine_sahi,12200.0,unknown_object,0.419,700.01,396.25,758.88,490.74,5562.0,58.86,94.49,0.623,False,,True,R-desk,6,evt_S-61_desk_work_surface_0001,590143951782a0e5,lap_bag_context,no_pose_observation,34560.0,1.33,,1,cam12/e1/v1,
oneshot,03.CCTV Mobile Usage.mkv,632de9ed55947761d56d4c6142a3cb1a1fe69d0b1a6d0e01a2e404c697962623,dfine_sahi,12200.0,unknown_object,0.4068,766.63,411.06,969.87,506.12,19319.4,203.24,95.06,2.138,False,,True,R-desk,6,evt_S-61_desk_work_surface_0001,590143951782a0e5,lap_bag_context,no_pose_observation,34560.0,1.33,,1,cam12/e1/v1,
oneshot,03.CCTV Mobile Usage.mkv,632de9ed55947761d56d4c6142a3cb1a1fe69d0b1a6d0e01a2e404c697962623,dfine_sahi,12200.0,keyboard,0.3822,910.14,412.27,1091.85,506.27,17080.1,181.7,94.0,1.933,False,,True,R-desk,6,evt_S-61_desk_work_surface_0001,590143951782a0e5,lap_bag_context,no_pose_observation,34560.0,1.33,,1,cam12/e1/v1,
oneshot,03.CCTV Mobile Usage.mkv,632de9ed55947761d56d4c6142a3cb1a1fe69d0b1a6d0e01a2e404c697962623,dfine_sahi,12200.0,monitor_or_bezel,0.3708,1019.35,395.54,1145.38,447.63,6564.5,126.03,52.09,2.42,False,,True,R-desk,6,evt_S-61_desk_work_surface_0001,590143951782a0e5,lap_bag_context,no_pose_observation,34560.0,1.33,,1,cam12/e1/v1,
oneshot,03.CCTV Mobile Usage.mkv,632de9ed55947761d56d4c6142a3cb1a1fe69d0b1a6d0e01a2e404c697962623,dfine_sahi,12200.0,monitor_or_bezel,0.3169,735.83,395.53,1142.96,491.11,38914.7,407.13,95.58,4.259,False,,True,R-desk,6,evt_S-61_desk_work_surface_0001,590143951782a0e5,lap_bag_context,no_pose_observation,34560.0,1.33,,1,cam12/e1/v1,
oneshot,03.CCTV Mobile Usage.mkv,632de9ed55947761d56d4c6142a3cb1a1fe69d0b1a6d0e01a2e404c697962623,dfine_sahi,12200.0,keyboard,0.3138,965.0,393.39,1115.98,475.05,12329.1,150.98,81.66,1.849,False,,True,R-desk,6,evt_S-61_desk_work_surface_0001,590143951782a0e5,lap_bag_context,no_pose_observation,34560.0,1.33,,1,cam12/e1/v1,
oneshot,03.CCTV Mobile Usage.mkv,632de9ed55947761d56d4c6142a3cb1a1fe69d0b1a6d0e01a2e404c697962623,dfine_sahi,12200.0,unknown_object,0.2949,700.09,380.34,834.48,475.76,12823.9,134.39,95.42,1.408,False,,True,R-desk,6,evt_S-61_desk_work_surface_0001,590143951782a0e5,lap_bag_context,no_pose_observation,34560.0,1.33,,1,cam12/e1/v1,
oneshot,03.CCTV Mobile Usage.mkv,632de9ed55947761d56d4c6142a3cb1a1fe69d0b1a6d0e01a2e404c697962623,dfine_sahi,12200.0,unknown_object,0.259,882.1,411.12,932.92,452.68,2112.5,50.82,41.57,1.223,False,,True,R-desk,6,evt_S-61_desk_work_surface_0001,590143951782a0e5,lap_bag_context,no_pose_observation,34560.0,1.33,,1,cam12/e1/v1,
oneshot,03.CCTV Mobile Usage.mkv,632de9ed55947761d56d4c6142a3cb1a1fe69d0b1a6d0e01a2e404c697962623,dfine_sahi,12200.0,mouse,0.2566,966.92,398.36,992.04,410.52,305.6,25.12,12.16,2.065,False,,True,R-desk,6,evt_S-61_desk_work_surface_0001,590143951782a0e5,lap_bag_context,no_pose_observation,34560.0,1.33,,1,cam12/e1/v1,
oneshot,03.CCTV Mobile Usage.mkv,632de9ed55947761d56d4c6142a3cb1a1fe69d0b1a6d0e01a2e404c697962623,dfine_sahi,12200.0,keyboard,0.2546,882.29,380.26,968.33,452.78,6239.6,86.03,72.52,1.186,False,,True,R-desk,6,evt_S-61_desk_work_surface_0001,590143951782a0e5,lap_bag_context,no_pose_observation,34560.0,1.33,,1,cam12/e1/v1,
oneshot,03.CCTV Mobile Usage.mkv,632de9ed55947761d56d4c6142a3cb1a1fe69d0b1a6d0e01a2e404c697962623,dfine_sahi,12200.0,keyboard,0.8976,962.17,451.89,1068.0,491.41,4183.0,105.84,39.52,2.678,False,,True,R-desk,5,evt_S-61_desk_work_surface_0001,590143951782a0e5,lap_bag_context,no_pose_observation,34560.0,1.33,,1,cam12/e1/v1,
oneshot,03.CCTV Mobile Usage.mkv,632de9ed55947761d56d4c6142a3cb1a1fe69d0b1a6d0e01a2e404c697962623,dfine_sahi,12200.0,monitor_or_bezel,0.7777,910.09,411.09,1140.62,506.37,21966.6,230.54,95.28,2.419,False,,True,R-desk,5,evt_S-61_desk_work_surface_0001,590143951782a0e5,lap_bag_context,no_pose_observation,34560.0,1.33,,1,cam12/e1/v1,
oneshot,03.CCTV Mobile Usage.mkv,632de9ed55947761d56d4c6142a3cb1a1fe69d0b1a6d0e01a2e404c697962623,dfine_sahi,12200.0,monitor_or_bezel,0.7661,963.09,380.45,1152.47,475.0,17904.7,189.38,94.54,2.003,False,,True,R-desk,5,evt_S-61_desk_work_surface_0001,590143951782a0e5,lap_bag_context,no_pose_observation,34560.0,1.33,,1,cam12/e1/v1,
oneshot,03.CCTV Mobile Usage.mkv,632de9ed55947761d56d4c6142a3cb1a1fe69d0b1a6d0e01a2e404c697962623,dfine_sahi,12200.0,monitor_or_bezel,0.7548,708.83,379.91,969.68,474.85,24765.2,260.85,94.94,2.747,False,,True,R-desk,5,evt_S-61_desk_work_surface_0001,590143951782a0e5,lap_bag_context,no_pose_observation,34560.0,1.33,,1,cam12/e1/v1,
oneshot,03.CCTV Mobile Usage.mkv,632de9ed55947761d56d4c6142a3cb1a1fe69d0b1a6d0e01a2e404c697962623,dfine_sahi,12200.0,keyboard,0.6396,772.54,380.22,870.59,420.39,3939.1,98.05,40.17,2.441,False,,True,R-desk,5,evt_S-61_desk_work_surface_0001,590143951782a0e5,lap_bag_context,no_pose_observation,34560.0,1.33,,1,cam12/e1/v1,
oneshot,03.CCTV Mobile Usage.mkv,632de9ed55947761d56d4c6142a3cb1a1fe69d0b1a6d0e01a2e404c697962623,dfine_sahi,12200.0,unknown_object,0.6304,699.93,411.25,871.59,506.3,16317.1,171.66,95.06,1.806,False,,True,R-desk,5,evt_S-61_desk_work_surface_0001,590143951782a0e5,lap_bag_context,no_pose_observation,34560.0,1.33,,1,cam12/e1/v1,
oneshot,03.CCTV Mobile Usage.mkv,632de9ed55947761d56d4c6142a3cb1a1fe69d0b1a6d0e01a2e404c697962623,dfine_sahi,12200.0,keyboard,0.6225,962.8,452.25,1034.66,475.56,1675.1,71.86,23.31,3.083,False,,True,R-desk,5,evt_S-61_desk_work_surface_0001,590143951782a0e5,lap_bag_context,no_pose_observation,34560.0,1.33,,1,cam12/e1/v1,
oneshot,03.CCTV Mobile Usage.mkv,632de9ed55947761d56d4c6142a3cb1a1fe69d0b1a6d0e01a2e404c697962623,dfine_sahi,12200.0,mouse,0.5362,865.33,413.73,891.65,435.43,571.2,26.33,21.69,1.214,False,,True,R-desk,5,evt_S-61_desk_work_surface_0001,590143951782a0e5,lap_bag_context,no_pose_observation,34560.0,1.33,,1,cam12/e1/v1,
oneshot,03.CCTV Mobile Usage.mkv,632de9ed55947761d56d4c6142a3cb1a1fe69d0b1a6d0e01a2e404c697962623,dfine_sahi,12200.0,phone,0.502,1043.42,420.25,1113.56,474.19,3783.5,70.14,53.94,1.3,False,,True,R-desk,5,evt_S-61_desk_work_surface_0001,590143951782a0e5,lap_bag_context,no_pose_observation,34560.0,1.33,,1,cam12/e1/v1,
oneshot,03.CCTV Mobile Usage.mkv,632de9ed55947761d56d4c6142a3cb1a1fe69d0b1a6d0e01a2e404c697962623,dfine_sahi,12200.0,keyboard,0.4259,802.41,396.23,870.38,420.7,1663.5,67.97,24.47,2.777,False,,True,R-desk,5,evt_S-61_desk_work_surface_0001,590143951782a0e5,lap_bag_context,no_pose_observation,34560.0,1.33,,1,cam12/e1/v1,
oneshot,03.CCTV Mobile Usage.mkv,632de9ed55947761d56d4c6142a3cb1a1fe69d0b1a6d0e01a2e404c697962623,dfine_sahi,12200.0,unknown_object,0.419,700.01,396.25,758.88,490.74,5562.0,58.86,94.49,0.623,False,,True,R-desk,5,evt_S-61_desk_work_surface_0001,590143951782a0e5,lap_bag_context,no_pose_observation,34560.0,1.33,,1,cam12/e1/v1,
oneshot,03.CCTV Mobile Usage.mkv,632de9ed55947761d56d4c6142a3cb1a1fe69d0b1a6d0e01a2e404c697962623,dfine_sahi,12200.0,unknown_object,0.4068,766.63,411.06,969.87,506.12,19319.4,203.24,95.06,2.138,False,,True,R-desk,5,evt_S-61_desk_work_surface_0001,590143951782a0e5,lap_bag_context,no_pose_observation,34560.0,1.33,,1,cam12/e1/v1,
oneshot,03.CCTV Mobile Usage.mkv,632de9ed55947761d56d4c6142a3cb1a1fe69d0b1a6d0e01a2e404c697962623,dfine_sahi,12200.0,keyboard,0.3822,910.14,412.27,1091.85,506.27,17080.1,181.7,94.0,1.933,False,,True,R-desk,5,evt_S-61_desk_work_surface_0001,590143951782a0e5,lap_bag_context,no_pose_observation,34560.0,1.33,,1,cam12/e1/v1,
oneshot,03.CCTV Mobile Usage.mkv,632de9ed55947761d56d4c6142a3cb1a1fe69d0b1a6d0e01a2e404c697962623,dfine_sahi,12200.0,monitor_or_bezel,0.3708,1019.35,395.54,1145.38,447.63,6564.5,126.03,52.09,2.42,False,,True,R-desk,5,evt_S-61_desk_work_surface_0001,590143951782a0e5,lap_bag_context,no_pose_observation,34560.0,1.33,,1,cam12/e1/v1,
oneshot,03.CCTV Mobile Usage.mkv,632de9ed55947761d56d4c6142a3cb1a1fe69d0b1a6d0e01a2e404c697962623,dfine_sahi,12200.0,monitor_or_bezel,0.3169,735.83,395.53,1142.96,491.11,38914.7,407.13,95.58,4.259,False,,True,R-desk,5,evt_S-61_desk_work_surface_0001,590143951782a0e5,lap_bag_context,no_pose_observation,34560.0,1.33,,1,cam12/e1/v1,
oneshot,03.CCTV Mobile Usage.mkv,632de9ed55947761d56d4c6142a3cb1a1fe69d0b1a6d0e01a2e404c697962623,dfine_sahi,12200.0,keyboard,0.3138,965.0,393.39,1115.98,475.05,12329.1,150.98,81.66,1.849,False,,True,R-desk,5,evt_S-61_desk_work_surface_0001,590143951782a0e5,lap_bag_context,no_pose_observation,34560.0,1.33,,1,cam12/e1/v1,
oneshot,03.CCTV Mobile Usage.mkv,632de9ed55947761d56d4c6142a3cb1a1fe69d0b1a6d0e01a2e404c697962623,dfine_sahi,12200.0,unknown_object,0.2949,700.09,380.34,834.48,475.76,12823.9,134.39,95.42,1.408,False,,True,R-desk,5,evt_S-61_desk_work_surface_0001,590143951782a0e5,lap_bag_context,no_pose_observation,34560.0,1.33,,1,cam12/e1/v1,
oneshot,03.CCTV Mobile Usage.mkv,632de9ed55947761d56d4c6142a3cb1a1fe69d0b1a6d0e01a2e404c697962623,dfine_sahi,12200.0,unknown_object,0.259,882.1,411.12,932.92,452.68,2112.5,50.82,41.57,1.223,False,,True,R-desk,5,evt_S-61_desk_work_surface_0001,590143951782a0e5,lap_bag_context,no_pose_observation,34560.0,1.33,,1,cam12/e1/v1,
oneshot,03.CCTV Mobile Usage.mkv,632de9ed55947761d56d4c6142a3cb1a1fe69d0b1a6d0e01a2e404c697962623,dfine_sahi,12200.0,mouse,0.2566,966.92,398.36,992.04,410.52,305.6,25.12,12.16,2.065,False,,True,R-desk,5,evt_S-61_desk_work_surface_0001,590143951782a0e5,lap_bag_context,no_pose_observation,34560.0,1.33,,1,cam12/e1/v1,
oneshot,03.CCTV Mobile Usage.mkv,632de9ed55947761d56d4c6142a3cb1a1fe69d0b1a6d0e01a2e404c697962623,dfine_sahi,12200.0,keyboard,0.2546,882.29,380.26,968.33,452.78,6239.6,86.03,72.52,1.186,False,,True,R-desk,5,evt_S-61_desk_work_surface_0001,590143951782a0e5,lap_bag_context,no_pose_observation,34560.0,1.33,,1,cam12/e1/v1,
oneshot,03.CCTV Mobile Usage.mkv,632de9ed55947761d56d4c6142a3cb1a1fe69d0b1a6d0e01a2e404c697962623,dfine_sahi,12200.0,keyboard,0.8976,962.17,451.89,1068.0,491.41,4183.0,105.84,39.52,2.678,False,,True,R-desk,7,evt_S-61_desk_work_surface_0001,590143951782a0e5,lap_bag_context,no_pose_observation,34560.0,1.33,,1,cam12/e1/v1,
oneshot,03.CCTV Mobile Usage.mkv,632de9ed55947761d56d4c6142a3cb1a1fe69d0b1a6d0e01a2e404c697962623,dfine_sahi,12200.0,monitor_or_bezel,0.7777,910.09,411.09,1140.62,506.37,21966.6,230.54,95.28,2.419,False,,True,R-desk,7,evt_S-61_desk_work_surface_0001,590143951782a0e5,lap_bag_context,no_pose_observation,34560.0,1.33,,1,cam12/e1/v1,
oneshot,03.CCTV Mobile Usage.mkv,632de9ed55947761d56d4c6142a3cb1a1fe69d0b1a6d0e01a2e404c697962623,dfine_sahi,12200.0,monitor_or_bezel,0.7661,963.09,380.45,1152.47,475.0,17904.7,189.38,94.54,2.003,False,,True,R-desk,7,evt_S-61_desk_work_surface_0001,590143951782a0e5,lap_bag_context,no_pose_observation,34560.0,1.33,,1,cam12/e1/v1,
oneshot,03.CCTV Mobile Usage.mkv,632de9ed55947761d56d4c6142a3cb1a1fe69d0b1a6d0e01a2e404c697962623,dfine_sahi,12200.0,monitor_or_bezel,0.7548,708.83,379.91,969.68,474.85,24765.2,260.85,94.94,2.747,False,,True,R-desk,7,evt_S-61_desk_work_surface_0001,590143951782a0e5,lap_bag_context,no_pose_observation,34560.0,1.33,,1,cam12/e1/v1,
oneshot,03.CCTV Mobile Usage.mkv,632de9ed55947761d56d4c6142a3cb1a1fe69d0b1a6d0e01a2e404c697962623,dfine_sahi,12200.0,keyboard,0.6396,772.54,380.22,870.59,420.39,3939.1,98.05,40.17,2.441,False,,True,R-desk,7,evt_S-61_desk_work_surface_0001,590143951782a0e5,lap_bag_context,no_pose_observation,34560.0,1.33,,1,cam12/e1/v1,
oneshot,03.CCTV Mobile Usage.mkv,632de9ed55947761d56d4c6142a3cb1a1fe69d0b1a6d0e01a2e404c697962623,dfine_sahi,12200.0,unknown_object,0.6304,699.93,411.25,871.59,506.3,16317.1,171.66,95.06,1.806,False,,True,R-desk,7,evt_S-61_desk_work_surface_0001,590143951782a0e5,lap_bag_context,no_pose_observation,34560.0,1.33,,1,cam12/e1/v1,
oneshot,03.CCTV Mobile Usage.mkv,632de9ed55947761d56d4c6142a3cb1a1fe69d0b1a6d0e01a2e404c697962623,dfine_sahi,12200.0,keyboard,0.6225,962.8,452.25,1034.66,475.56,1675.1,71.86,23.31,3.083,False,,True,R-desk,7,evt_S-61_desk_work_surface_0001,590143951782a0e5,lap_bag_context,no_pose_observation,34560.0,1.33,,1,cam12/e1/v1,
oneshot,03.CCTV Mobile Usage.mkv,632de9ed55947761d56d4c6142a3cb1a1fe69d0b1a6d0e01a2e404c697962623,dfine_sahi,12200.0,mouse,0.5362,865.33,413.73,891.65,435.43,571.2,26.33,21.69,1.214,False,,True,R-desk,7,evt_S-61_desk_work_surface_0001,590143951782a0e5,lap_bag_context,no_pose_observation,34560.0,1.33,,1,cam12/e1/v1,
oneshot,03.CCTV Mobile Usage.mkv,632de9ed55947761d56d4c6142a3cb1a1fe69d0b1a6d0e01a2e404c697962623,dfine_sahi,12200.0,phone,0.502,1043.42,420.25,1113.56,474.19,3783.5,70.14,53.94,1.3,False,,True,R-desk,7,evt_S-61_desk_work_surface_0001,590143951782a0e5,lap_bag_context,no_pose_observation,34560.0,1.33,,1,cam12/e1/v1,
oneshot,03.CCTV Mobile Usage.mkv,632de9ed55947761d56d4c6142a3cb1a1fe69d0b1a6d0e01a2e404c697962623,dfine_sahi,12200.0,keyboard,0.4259,802.41,396.23,870.38,420.7,1663.5,67.97,24.47,2.777,False,,True,R-desk,7,evt_S-61_desk_work_surface_0001,590143951782a0e5,lap_bag_context,no_pose_observation,34560.0,1.33,,1,cam12/e1/v1,
oneshot,03.CCTV Mobile Usage.mkv,632de9ed55947761d56d4c6142a3cb1a1fe69d0b1a6d0e01a2e404c697962623,dfine_sahi,12200.0,unknown_object,0.419,700.01,396.25,758.88,490.74,5562.0,58.86,94.49,0.623,False,,True,R-desk,7,evt_S-61_desk_work_surface_0001,590143951782a0e5,lap_bag_context,no_pose_observation,34560.0,1.33,,1,cam12/e1/v1,
oneshot,03.CCTV Mobile Usage.mkv,632de9ed55947761d56d4c6142a3cb1a1fe69d0b1a6d0e01a2e404c697962623,dfine_sahi,12200.0,unknown_object,0.4068,766.63,411.06,969.87,506.12,19319.4,203.24,95.06,2.138,False,,True,R-desk,7,evt_S-61_desk_work_surface_0001,590143951782a0e5,lap_bag_context,no_pose_observation,34560.0,1.33,,1,cam12/e1/v1,
oneshot,03.CCTV Mobile Usage.mkv,632de9ed55947761d56d4c6142a3cb1a1fe69d0b1a6d0e01a2e404c697962623,dfine_sahi,12200.0,keyboard,0.3822,910.14,412.27,1091.85,506.27,17080.1,181.7,94.0,1.933,False,,True,R-desk,7,evt_S-61_desk_work_surface_0001,590143951782a0e5,lap_bag_context,no_pose_observation,34560.0,1.33,,1,cam12/e1/v1,
oneshot,03.CCTV Mobile Usage.mkv,632de9ed55947761d56d4c6142a3cb1a1fe69d0b1a6d0e01a2e404c697962623,dfine_sahi,12200.0,monitor_or_bezel,0.3708,1019.35,395.54,1145.38,447.63,6564.5,126.03,52.09,2.42,False,,True,R-desk,7,evt_S-61_desk_work_surface_0001,590143951782a0e5,lap_bag_context,no_pose_observation,34560.0,1.33,,1,cam12/e1/v1,
oneshot,03.CCTV Mobile Usage.mkv,632de9ed55947761d56d4c6142a3cb1a1fe69d0b1a6d0e01a2e404c697962623,dfine_sahi,12200.0,monitor_or_bezel,0.3169,735.83,395.53,1142.96,491.11,38914.7,407.13,95.58,4.259,False,,True,R-desk,7,evt_S-61_desk_work_surface_0001,590143951782a0e5,lap_bag_context,no_pose_observation,34560.0,1.33,,1,cam12/e1/v1,
oneshot,03.CCTV Mobile Usage.mkv,632de9ed55947761d56d4c6142a3cb1a1fe69d0b1a6d0e01a2e404c697962623,dfine_sahi,12200.0,keyboard,0.3138,965.0,393.39,1115.98,475.05,12329.1,150.98,81.66,1.849,False,,True,R-desk,7,evt_S-61_desk_work_surface_0001,590143951782a0e5,lap_bag_context,no_pose_observation,34560.0,1.33,,1,cam12/e1/v1,
oneshot,03.CCTV Mobile Usage.mkv,632de9ed55947761d56d4c6142a3cb1a1fe69d0b1a6d0e01a2e404c697962623,dfine_sahi,12200.0,unknown_object,0.2949,700.09,380.34,834.48,475.76,12823.9,134.39,95.42,1.408,False,,True,R-desk,7,evt_S-61_desk_work_surface_0001,590143951782a0e5,lap_bag_context,no_pose_observation,34560.0,1.33,,1,cam12/e1/v1,
oneshot,03.CCTV Mobile Usage.mkv,632de9ed55947761d56d4c6142a3cb1a1fe69d0b1a6d0e01a2e404c697962623,dfine_sahi,12200.0,unknown_object,0.259,882.1,411.12,932.92,452.68,2112.5,50.82,41.57,1.223,False,,True,R-desk,7,evt_S-61_desk_work_surface_0001,590143951782a0e5,lap_bag_context,no_pose_observation,34560.0,1.33,,1,cam12/e1/v1,
oneshot,03.CCTV Mobile Usage.mkv,632de9ed55947761d56d4c6142a3cb1a1fe69d0b1a6d0e01a2e404c697962623,dfine_sahi,12200.0,mouse,0.2566,966.92,398.36,992.04,410.52,305.6,25.12,12.16,2.065,False,,True,R-desk,7,evt_S-61_desk_work_surface_0001,590143951782a0e5,lap_bag_context,no_pose_observation,34560.0,1.33,,1,cam12/e1/v1,
oneshot,03.CCTV Mobile Usage.mkv,632de9ed55947761d56d4c6142a3cb1a1fe69d0b1a6d0e01a2e404c697962623,dfine_sahi,12200.0,keyboard,0.2546,882.29,380.26,968.33,452.78,6239.6,86.03,72.52,1.186,False,,True,R-desk,7,evt_S-61_desk_work_surface_0001,590143951782a0e5,lap_bag_context,no_pose_observation,34560.0,1.33,,1,cam12/e1/v1,
oneshot,03.CCTV Mobile Usage.mkv,632de9ed55947761d56d4c6142a3cb1a1fe69d0b1a6d0e01a2e404c697962623,dfine_sahi,12200.0,unknown_object,0.7803,89.04,388.39,184.92,483.39,9108.1,95.87,95.0,1.009,False,,True,S-61,1,evt_S-61_desk_work_surface_0001,d9e493aa82dc7fae,pose_hand_context,,26179.2,3.96,,1,cam12/e1/v1,rtmpose_baseline
oneshot,03.CCTV Mobile Usage.mkv,632de9ed55947761d56d4c6142a3cb1a1fe69d0b1a6d0e01a2e404c697962623,dfine_sahi,12200.0,unknown_object,0.5713,45.78,509.25,84.88,553.8,1741.8,39.1,44.55,0.878,False,,True,S-61,1,evt_S-61_desk_work_surface_0001,d9e493aa82dc7fae,pose_hand_context,,26179.2,3.96,,1,cam12/e1/v1,rtmpose_baseline
oneshot,03.CCTV Mobile Usage.mkv,632de9ed55947761d56d4c6142a3cb1a1fe69d0b1a6d0e01a2e404c697962623,dfine_sahi,12200.0,stationery,0.5307,100.25,476.49,162.05,529.52,3277.1,61.79,53.03,1.165,False,,True,S-61,1,evt_S-61_desk_work_surface_0001,d9e493aa82dc7fae,pose_hand_context,,26179.2,3.96,,1,cam12/e1/v1,rtmpose_baseline
oneshot,03.CCTV Mobile Usage.mkv,632de9ed55947761d56d4c6142a3cb1a1fe69d0b1a6d0e01a2e404c697962623,dfine_sahi,12200.0,unknown_object,0.5213,18.05,388.21,113.93,483.54,9139.9,95.88,95.33,1.006,False,,True,S-61,1,evt_S-61_desk_work_surface_0001,d9e493aa82dc7fae,pose_hand_context,,26179.2,3.96,,1,cam12/e1/v1,rtmpose_baseline
oneshot,03.CCTV Mobile Usage.mkv,632de9ed55947761d56d4c6142a3cb1a1fe69d0b1a6d0e01a2e404c697962623,dfine_sahi,12200.0,stationery,0.4999,43.06,443.69,72.49,471.52,819.0,29.43,27.83,1.057,False,,True,S-61,1,evt_S-61_desk_work_surface_0001,d9e493aa82dc7fae,pose_hand_context,,26179.2,3.96,,1,cam12/e1/v1,rtmpose_baseline
oneshot,03.CCTV Mobile Usage.mkv,632de9ed55947761d56d4c6142a3cb1a1fe69d0b1a6d0e01a2e404c697962623,dfine_sahi,12200.0,stationery,0.494,20.99,492.72,182.84,552.42,9663.6,161.86,59.71,2.711,False,,True,S-61,1,evt_S-61_desk_work_surface_0001,d9e493aa82dc7fae,pose_hand_context,,26179.2,3.96,,1,cam12/e1/v1,rtmpose_baseline
oneshot,03.CCTV Mobile Usage.mkv,632de9ed55947761d56d4c6142a3cb1a1fe69d0b1a6d0e01a2e404c697962623,dfine_sahi,12200.0,stationery,0.4578,21.12,443.03,79.45,497.59,3182.4,58.33,54.56,1.069,False,,True,S-61,1,evt_S-61_desk_work_surface_0001,d9e493aa82dc7fae,pose_hand_context,,26179.2,3.96,,1,cam12/e1/v1,rtmpose_baseline
oneshot,03.CCTV Mobile Usage.mkv,632de9ed55947761d56d4c6142a3cb1a1fe69d0b1a6d0e01a2e404c697962623,dfine_sahi,12200.0,unknown_object,0.4296,88.96,459.34,184.94,554.55,9138.1,95.98,95.21,1.008,False,,True,S-61,1,evt_S-61_desk_work_surface_0001,d9e493aa82dc7fae,pose_hand_context,,26179.2,3.96,,1,cam12/e1/v1,rtmpose_baseline
oneshot,03.CCTV Mobile Usage.mkv,632de9ed55947761d56d4c6142a3cb1a1fe69d0b1a6d0e01a2e404c697962623,dfine_sahi,12200.0,stationery,0.3943,79.78,404.77,151.78,496.14,6578.9,72.0,91.37,0.788,False,,True,S-61,1,evt_S-61_desk_work_surface_0001,d9e493aa82dc7fae,pose_hand_context,,26179.2,3.96,,1,cam12/e1/v1,rtmpose_baseline
oneshot,03.CCTV Mobile Usage.mkv,632de9ed55947761d56d4c6142a3cb1a1fe69d0b1a6d0e01a2e404c697962623,dfine_sahi,12200.0,unknown_object,0.3504,89.08,459.06,161.02,498.61,2845.8,71.95,39.55,1.819,False,,True,S-61,1,evt_S-61_desk_work_surface_0001,d9e493aa82dc7fae,pose_hand_context,,26179.2,3.96,,1,cam12/e1/v1,rtmpose_baseline
oneshot,03.CCTV Mobile Usage.mkv,632de9ed55947761d56d4c6142a3cb1a1fe69d0b1a6d0e01a2e404c697962623,dfine_sahi,12200.0,stationery,0.3254,128.89,446.03,160.88,491.38,1450.6,31.99,45.35,0.705,False,,True,S-61,1,evt_S-61_desk_work_surface_0001,d9e493aa82dc7fae,pose_hand_context,,26179.2,3.96,,1,cam12/e1/v1,rtmpose_baseline
oneshot,03.CCTV Mobile Usage.mkv,632de9ed55947761d56d4c6142a3cb1a1fe69d0b1a6d0e01a2e404c697962623,dfine_sahi,12200.0,unknown_object,0.3165,18.02,459.16,113.94,554.68,9162.5,95.92,95.52,1.004,False,,True,S-61,1,evt_S-61_desk_work_surface_0001,d9e493aa82dc7fae,pose_hand_context,,26179.2,3.96,,1,cam12/e1/v1,rtmpose_baseline
oneshot,03.CCTV Mobile Usage.mkv,632de9ed55947761d56d4c6142a3cb1a1fe69d0b1a6d0e01a2e404c697962623,dfine_sahi,12200.0,unknown_object,0.3013,89.05,527.04,184.97,554.84,2666.6,95.92,27.8,3.451,False,,True,S-61,1,evt_S-61_desk_work_surface_0001,d9e493aa82dc7fae,pose_hand_context,,26179.2,3.96,,1,cam12/e1/v1,rtmpose_baseline
oneshot,03.CCTV Mobile Usage.mkv,632de9ed55947761d56d4c6142a3cb1a1fe69d0b1a6d0e01a2e404c697962623,dfine_sahi,12200.0,unknown_object,0.2999,18.16,459.09,113.84,499.0,3818.3,95.68,39.91,2.398,False,,True,S-61,1,evt_S-61_desk_work_surface_0001,d9e493aa82dc7fae,pose_hand_context,,26179.2,3.96,,1,cam12/e1/v1,rtmpose_baseline
oneshot,03.CCTV Mobile Usage.mkv,632de9ed55947761d56d4c6142a3cb1a1fe69d0b1a6d0e01a2e404c697962623,dfine_sahi,12200.0,unknown_object,0.2685,42.87,442.89,73.0,471.0,847.0,30.13,28.11,1.072,False,,True,S-61,1,evt_S-61_desk_work_surface_0001,d9e493aa82dc7fae,pose_hand_context,,26179.2,3.96,,1,cam12/e1/v1,rtmpose_baseline
oneshot,03.CCTV Mobile Usage.mkv,632de9ed55947761d56d4c6142a3cb1a1fe69d0b1a6d0e01a2e404c697962623,dfine_sahi,12200.0,unknown_object,0.2607,70.99,425.64,114.0,483.61,2493.1,43.01,57.97,0.742,False,,True,S-61,1,evt_S-61_desk_work_surface_0001,d9e493aa82dc7fae,pose_hand_context,,26179.2,3.96,,1,cam12/e1/v1,rtmpose_baseline
oneshot,03.CCTV Mobile Usage.mkv,632de9ed55947761d56d4c6142a3cb1a1fe69d0b1a6d0e01a2e404c697962623,dfine_sahi,12200.0,unknown_object,0.2547,108.6,446.14,162.15,483.77,2015.3,53.56,37.63,1.423,False,,True,S-61,1,evt_S-61_desk_work_surface_0001,d9e493aa82dc7fae,pose_hand_context,,26179.2,3.96,,1,cam12/e1/v1,rtmpose_baseline
oneshot,03.CCTV Mobile Usage.mkv,632de9ed55947761d56d4c6142a3cb1a1fe69d0b1a6d0e01a2e404c697962623,dfine_sahi,12200.0,bag,0.4795,211.32,222.57,246.92,308.53,3060.5,35.6,85.96,0.414,False,,True,S-61,2,evt_S-61_desk_work_surface_0001,f9214926523ed6ae,pose_hand_context,,32623.6,3.54,,1,cam12/e1/v1,rtmpose_baseline
oneshot,03.CCTV Mobile Usage.mkv,632de9ed55947761d56d4c6142a3cb1a1fe69d0b1a6d0e01a2e404c697962623,dfine_sahi,12200.0,unknown_object,0.4394,160.09,289.34,261.77,390.34,10268.6,101.67,101.0,1.007,False,,True,S-61,2,evt_S-61_desk_work_surface_0001,f9214926523ed6ae,pose_hand_context,,32623.6,3.54,,1,cam12/e1/v1,rtmpose_baseline
oneshot,03.CCTV Mobile Usage.mkv,632de9ed55947761d56d4c6142a3cb1a1fe69d0b1a6d0e01a2e404c697962623,dfine_sahi,12200.0,unknown_object,0.3969,203.81,293.53,340.8,389.77,13183.5,136.99,96.24,1.423,False,,True,S-61,2,evt_S-61_desk_work_surface_0001,f9214926523ed6ae,pose_hand_context,,32623.6,3.54,,1,cam12/e1/v1,rtmpose_baseline
oneshot,03.CCTV Mobile Usage.mkv,632de9ed55947761d56d4c6142a3cb1a1fe69d0b1a6d0e01a2e404c697962623,dfine_sahi,12200.0,unknown_object,0.3076,211.31,222.8,235.93,307.42,2083.8,24.63,84.62,0.291,False,,True,S-61,2,evt_S-61_desk_work_surface_0001,f9214926523ed6ae,pose_hand_context,,32623.6,3.54,,1,cam12/e1/v1,rtmpose_baseline
oneshot,03.CCTV Mobile Usage.mkv,632de9ed55947761d56d4c6142a3cb1a1fe69d0b1a6d0e01a2e404c697962623,dfine_sahi,12200.0,unknown_object,0.2988,239.0,296.45,257.4,350.96,1002.7,18.4,54.51,0.338,False,,True,S-61,2,evt_S-61_desk_work_surface_0001,f9214926523ed6ae,pose_hand_context,,32623.6,3.54,,1,cam12/e1/v1,rtmpose_baseline
oneshot,03.CCTV Mobile Usage.mkv,632de9ed55947761d56d4c6142a3cb1a1fe69d0b1a6d0e01a2e404c697962623,dfine_sahi,12200.0,unknown_object,0.28,204.51,295.28,258.2,354.02,3153.2,53.69,58.73,0.914,False,,True,S-61,2,evt_S-61_desk_work_surface_0001,f9214926523ed6ae,pose_hand_context,,32623.6,3.54,,1,cam12/e1/v1,rtmpose_baseline
oneshot,03.CCTV Mobile Usage.mkv,632de9ed55947761d56d4c6142a3cb1a1fe69d0b1a6d0e01a2e404c697962623,dfine_sahi,12700.0,unknown_object,0.6258,208.22,282.17,254.8,347.59,3047.4,46.58,65.43,0.712,False,,True,S-61,2,evt_S-61_desk_work_surface_0001,1f3041ccf4ecfadb,pose_hand_context,,34165.8,3.46,,1,cam12/e1/v1,rtmpose_baseline
oneshot,03.CCTV Mobile Usage.mkv,632de9ed55947761d56d4c6142a3cb1a1fe69d0b1a6d0e01a2e404c697962623,dfine_sahi,12700.0,unknown_object,0.4182,232.03,282.05,335.92,346.9,6737.7,103.89,64.85,1.602,False,,True,S-61,2,evt_S-61_desk_work_surface_0001,1f3041ccf4ecfadb,pose_hand_context,,34165.8,3.46,,1,cam12/e1/v1,rtmpose_baseline
oneshot,03.CCTV Mobile Usage.mkv,632de9ed55947761d56d4c6142a3cb1a1fe69d0b1a6d0e01a2e404c697962623,dfine_sahi,12700.0,unknown_object,0.4033,179.18,282.25,254.91,385.2,7795.8,75.73,102.94,0.736,False,,True,S-61,2,evt_S-61_desk_work_surface_0001,1f3041ccf4ecfadb,pose_hand_context,,34165.8,3.46,,1,cam12/e1/v1,rtmpose_baseline
oneshot,03.CCTV Mobile Usage.mkv,632de9ed55947761d56d4c6142a3cb1a1fe69d0b1a6d0e01a2e404c697962623,dfine_sahi,12700.0,unknown_object,0.3581,232.0,282.15,269.37,345.04,2350.1,37.37,62.88,0.594,False,,True,S-61,2,evt_S-61_desk_work_surface_0001,1f3041ccf4ecfadb,pose_hand_context,,34165.8,3.46,,1,cam12/e1/v1,rtmpose_baseline
oneshot,03.CCTV Mobile Usage.mkv,632de9ed55947761d56d4c6142a3cb1a1fe69d0b1a6d0e01a2e404c697962623,dfine_sahi,12700.0,stationery,0.3238,204.07,224.11,234.9,299.29,2317.4,30.82,75.18,0.41,False,,True,S-61,2,evt_S-61_desk_work_surface_0001,1f3041ccf4ecfadb,pose_hand_context,,34165.8,3.46,,1,cam12/e1/v1,rtmpose_baseline
oneshot,03.CCTV Mobile Usage.mkv,632de9ed55947761d56d4c6142a3cb1a1fe69d0b1a6d0e01a2e404c697962623,dfine_sahi,12700.0,unknown_object,0.312,180.49,293.84,335.84,384.62,14102.7,155.35,90.78,1.711,False,,True,S-61,2,evt_S-61_desk_work_surface_0001,1f3041ccf4ecfadb,pose_hand_context,,34165.8,3.46,,1,cam12/e1/v1,rtmpose_baseline
oneshot,03.CCTV Mobile Usage.mkv,632de9ed55947761d56d4c6142a3cb1a1fe69d0b1a6d0e01a2e404c697962623,dfine_sahi,12700.0,unknown_object,0.296,232.09,225.53,251.91,302.99,1535.1,19.82,77.46,0.256,False,,True,S-61,2,evt_S-61_desk_work_surface_0001,1f3041ccf4ecfadb,pose_hand_context,,34165.8,3.46,,1,cam12/e1/v1,rtmpose_baseline
oneshot,03.CCTV Mobile Usage.mkv,632de9ed55947761d56d4c6142a3cb1a1fe69d0b1a6d0e01a2e404c697962623,dfine_sahi,12700.0,unknown_object,0.2821,232.0,202.2,274.95,302.87,4324.2,42.95,100.67,0.427,False,,True,S-61,2,evt_S-61_desk_work_surface_0001,1f3041ccf4ecfadb,pose_hand_context,,34165.8,3.46,,1,cam12/e1/v1,rtmpose_baseline
oneshot,03.CCTV Mobile Usage.mkv,632de9ed55947761d56d4c6142a3cb1a1fe69d0b1a6d0e01a2e404c697962623,dfine_sahi,12700.0,unknown_object,0.693,44.6,506.5,85.59,554.91,1984.3,40.99,48.41,0.847,False,,True,S-61,1,evt_S-61_desk_work_surface_0001,4da4af0040eee7f8,pose_hand_context,,26771.5,3.91,,1,cam12/e1/v1,rtmpose_baseline
oneshot,03.CCTV Mobile Usage.mkv,632de9ed55947761d56d4c6142a3cb1a1fe69d0b1a6d0e01a2e404c697962623,dfine_sahi,12700.0,stationery,0.6678,16.94,415.09,101.63,498.59,7071.1,84.68,83.5,1.014,False,,True,S-61,1,evt_S-61_desk_work_surface_0001,4da4af0040eee7f8,pose_hand_context,,26771.5,3.91,,1,cam12/e1/v1,rtmpose_baseline
oneshot,03.CCTV Mobile Usage.mkv,632de9ed55947761d56d4c6142a3cb1a1fe69d0b1a6d0e01a2e404c697962623,dfine_sahi,12700.0,unknown_object,0.573,15.0,390.2,110.87,485.48,9133.7,95.87,95.28,1.006,False,,True,S-61,1,evt_S-61_desk_work_surface_0001,4da4af0040eee7f8,pose_hand_context,,26771.5,3.91,,1,cam12/e1/v1,rtmpose_baseline
oneshot,03.CCTV Mobile Usage.mkv,632de9ed55947761d56d4c6142a3cb1a1fe69d0b1a6d0e01a2e404c697962623,dfine_sahi,12700.0,unknown_object,0.4848,86.04,390.49,181.69,485.39,9077.6,95.65,94.91,1.008,False,,True,S-61,1,evt_S-61_desk_work_surface_0001,4da4af0040eee7f8,pose_hand_context,,26771.5,3.91,,1,cam12/e1/v1,rtmpose_baseline
oneshot,03.CCTV Mobile Usage.mkv,632de9ed55947761d56d4c6142a3cb1a1fe69d0b1a6d0e01a2e404c697962623,dfine_sahi,12700.0,stationery,0.4537,43.03,443.84,71.91,471.22,790.8,28.88,27.38,1.055,False,,True,S-61,1,evt_S-61_desk_work_surface_0001,4da4af0040eee7f8,pose_hand_context,,26771.5,3.91,,1,cam12/e1/v1,rtmpose_baseline
oneshot,03.CCTV Mobile Usage.mkv,632de9ed55947761d56d4c6142a3cb1a1fe69d0b1a6d0e01a2e404c697962623,dfine_sahi,12700.0,unknown_object,0.4373,86.05,462.07,158.68,498.66,2657.5,72.63,36.59,1.985,False,,True,S-61,1,evt_S-61_desk_work_surface_0001,4da4af0040eee7f8,pose_hand_context,,26771.5,3.91,,1,cam12/e1/v1,rtmpose_baseline
oneshot,03.CCTV Mobile Usage.mkv,632de9ed55947761d56d4c6142a3cb1a1fe69d0b1a6d0e01a2e404c697962623,dfine_sahi,12700.0,stationery,0.4137,100.29,478.46,160.44,531.68,3201.6,60.15,53.23,1.13,False,,True,S-61,1,evt_S-61_desk_work_surface_0001,4da4af0040eee7f8,pose_hand_context,,26771.5,3.91,,1,cam12/e1/v1,rtmpose_baseline
oneshot,03.CCTV Mobile Usage.mkv,632de9ed55947761d56d4c6142a3cb1a1fe69d0b1a6d0e01a2e404c697962623,dfine_sahi,12700.0,stationery,0.3928,17.08,478.77,179.78,555.65,12507.6,162.7,76.88,2.116,False,,True,S-61,1,evt_S-61_desk_work_surface_0001,4da4af0040eee7f8,pose_hand_context,,26771.5,3.91,,1,cam12/e1/v1,rtmpose_baseline
oneshot,03.CCTV Mobile Usage.mkv,632de9ed55947761d56d4c6142a3cb1a1fe69d0b1a6d0e01a2e404c697962623,dfine_sahi,12700.0,stationery,0.3759,83.39,418.29,149.81,496.41,5188.5,66.42,78.12,0.85,False,,True,S-61,1,evt_S-61_desk_work_surface_0001,4da4af0040eee7f8,pose_hand_context,,26771.5,3.91,,1,cam12/e1/v1,rtmpose_baseline
oneshot,03.CCTV Mobile Usage.mkv,632de9ed55947761d56d4c6142a3cb1a1fe69d0b1a6d0e01a2e404c697962623,dfine_sahi,12700.0,unknown_object,0.3453,15.1,462.18,110.99,557.22,9113.6,95.89,95.04,1.009,False,,True,S-61,1,evt_S-61_desk_work_surface_0001,4da4af0040eee7f8,pose_hand_context,,26771.5,3.91,,1,cam12/e1/v1,rtmpose_baseline
oneshot,03.CCTV Mobile Usage.mkv,632de9ed55947761d56d4c6142a3cb1a1fe69d0b1a6d0e01a2e404c697962623,dfine_sahi,12700.0,unknown_object,0.3365,85.99,462.21,181.95,557.61,9154.5,95.96,95.4,1.006,False,,True,S-61,1,evt_S-61_desk_work_surface_0001,4da4af0040eee7f8,pose_hand_context,,26771.5,3.91,,1,cam12/e1/v1,rtmpose_baseline
oneshot,03.CCTV Mobile Usage.mkv,632de9ed55947761d56d4c6142a3cb1a1fe69d0b1a6d0e01a2e404c697962623,dfine_sahi,12700.0,unknown_object,0.3187,16.81,392.13,180.06,555.34,26644.7,163.25,163.21,1.0,False,,True,S-61,1,evt_S-61_desk_work_surface_0001,4da4af0040eee7f8,pose_hand_context,,26771.5,3.91,,1,cam12/e1/v1,rtmpose_baseline
oneshot,03.CCTV Mobile Usage.mkv,632de9ed55947761d56d4c6142a3cb1a1fe69d0b1a6d0e01a2e404c697962623,dfine_sahi,12700.0,unknown_object,0.3066,15.18,462.04,110.87,500.4,3670.7,95.69,38.36,2.494,False,,True,S-61,1,evt_S-61_desk_work_surface_0001,4da4af0040eee7f8,pose_hand_context,,26771.5,3.91,,1,cam12/e1/v1,rtmpose_baseline
oneshot,03.CCTV Mobile Usage.mkv,632de9ed55947761d56d4c6142a3cb1a1fe69d0b1a6d0e01a2e404c697962623,dfine_sahi,12700.0,unknown_object,0.2972,42.81,443.28,72.54,470.88,820.3,29.73,27.59,1.077,False,,True,S-61,1,evt_S-61_desk_work_surface_0001,4da4af0040eee7f8,pose_hand_context,,26771.5,3.91,,1,cam12/e1/v1,rtmpose_baseline
oneshot,03.CCTV Mobile Usage.mkv,632de9ed55947761d56d4c6142a3cb1a1fe69d0b1a6d0e01a2e404c697962623,dfine_sahi,12700.0,unknown_object,0.2901,100.15,445.78,159.03,485.67,2349.3,58.89,39.89,1.476,False,,True,S-61,1,evt_S-61_desk_work_surface_0001,4da4af0040eee7f8,pose_hand_context,,26771.5,3.91,,1,cam12/e1/v1,rtmpose_baseline
oneshot,03.CCTV Mobile Usage.mkv,632de9ed55947761d56d4c6142a3cb1a1fe69d0b1a6d0e01a2e404c697962623,dfine_sahi,12700.0,unknown_object,0.2805,145.05,431.21,181.9,485.47,1998.9,36.85,54.25,0.679,False,,True,S-61,1,evt_S-61_desk_work_surface_0001,4da4af0040eee7f8,pose_hand_context,,26771.5,3.91,,1,cam12/e1/v1,rtmpose_baseline
oneshot,03.CCTV Mobile Usage.mkv,632de9ed55947761d56d4c6142a3cb1a1fe69d0b1a6d0e01a2e404c697962623,dfine_sahi,12700.0,unknown_object,0.2733,87.04,417.43,147.03,485.06,4057.1,59.98,67.64,0.887,False,,True,S-61,1,evt_S-61_desk_work_surface_0001,4da4af0040eee7f8,pose_hand_context,,26771.5,3.91,,1,cam12/e1/v1,rtmpose_baseline
oneshot,03.CCTV Mobile Usage.mkv,632de9ed55947761d56d4c6142a3cb1a1fe69d0b1a6d0e01a2e404c697962623,dfine_sahi,12700.0,stationery,0.2584,43.55,506.11,90.56,554.91,2293.7,47.0,48.8,0.963,False,,True,S-61,1,evt_S-61_desk_work_surface_0001,4da4af0040eee7f8,pose_hand_context,,26771.5,3.91,,1,cam12/e1/v1,rtmpose_baseline
oneshot,03.CCTV Mobile Usage.mkv,632de9ed55947761d56d4c6142a3cb1a1fe69d0b1a6d0e01a2e404c697962623,dfine_sahi,12700.0,stationery,0.2505,127.81,445.39,158.05,490.1,1352.2,30.24,44.71,0.676,False,,True,S-61,1,evt_S-61_desk_work_surface_0001,4da4af0040eee7f8,pose_hand_context,,26771.5,3.91,,1,cam12/e1/v1,rtmpose_baseline
oneshot,03.CCTV Mobile Usage.mkv,632de9ed55947761d56d4c6142a3cb1a1fe69d0b1a6d0e01a2e404c697962623,dfine_sahi,12700.0,keyboard,0.894,962.1,451.9,1067.92,491.45,4185.1,105.83,39.55,2.676,False,,True,R-desk,5,evt_S-61_desk_work_surface_0001,968235d01208b21f,lap_bag_context,no_pose_observation,34560.0,1.33,,1,cam12/e1/v1,
oneshot,03.CCTV Mobile Usage.mkv,632de9ed55947761d56d4c6142a3cb1a1fe69d0b1a6d0e01a2e404c697962623,dfine_sahi,12700.0,monitor_or_bezel,0.7704,910.05,411.11,1140.77,506.4,21985.2,230.72,95.29,2.421,False,,True,R-desk,5,evt_S-61_desk_work_surface_0001,968235d01208b21f,lap_bag_context,no_pose_observation,34560.0,1.33,,1,cam12/e1/v1,
oneshot,03.CCTV Mobile Usage.mkv,632de9ed55947761d56d4c6142a3cb1a1fe69d0b1a6d0e01a2e404c697962623,dfine_sahi,12700.0,monitor_or_bezel,0.7415,963.79,380.39,1152.82,475.21,17925.6,189.04,94.83,1.994,False,,True,R-desk,5,evt_S-61_desk_work_surface_0001,968235d01208b21f,lap_bag_context,no_pose_observation,34560.0,1.33,,1,cam12/e1/v1,
oneshot,03.CCTV Mobile Usage.mkv,632de9ed55947761d56d4c6142a3cb1a1fe69d0b1a6d0e01a2e404c697962623,dfine_sahi,12700.0,monitor_or_bezel,0.7017,707.0,379.91,969.69,474.94,24964.2,262.7,95.03,2.764,False,,True,R-desk,5,evt_S-61_desk_work_surface_0001,968235d01208b21f,lap_bag_context,no_pose_observation,34560.0,1.33,,1,cam12/e1/v1,
oneshot,03.CCTV Mobile Usage.mkv,632de9ed55947761d56d4c6142a3cb1a1fe69d0b1a6d0e01a2e404c697962623,dfine_sahi,12700.0,keyboard,0.6368,772.62,380.23,871.14,420.4,3956.9,98.52,40.16,2.453,False,,True,R-desk,5,evt_S-61_desk_work_surface_0001,968235d01208b21f,lap_bag_context,no_pose_observation,34560.0,1.33,,1,cam12/e1/v1,
oneshot,03.CCTV Mobile Usage.mkv,632de9ed55947761d56d4c6142a3cb1a1fe69d0b1a6d0e01a2e404c697962623,dfine_sahi,12700.0,keyboard,0.626,962.63,452.36,1035.08,475.63,1686.1,72.45,23.27,3.113,False,,True,R-desk,5,evt_S-61_desk_work_surface_0001,968235d01208b21f,lap_bag_context,no_pose_observation,34560.0,1.33,,1,cam12/e1/v1,
oneshot,03.CCTV Mobile Usage.mkv,632de9ed55947761d56d4c6142a3cb1a1fe69d0b1a6d0e01a2e404c697962623,dfine_sahi,12700.0,unknown_object,0.6223,699.91,396.23,849.49,492.42,14387.6,149.57,96.19,1.555,False,,True,R-desk,5,evt_S-61_desk_work_surface_0001,968235d01208b21f,lap_bag_context,no_pose_observation,34560.0,1.33,,1,cam12/e1/v1,
oneshot,03.CCTV Mobile Usage.mkv,632de9ed55947761d56d4c6142a3cb1a1fe69d0b1a6d0e01a2e404c697962623,dfine_sahi,12700.0,mouse,0.5609,865.43,413.69,891.29,435.25,557.7,25.86,21.56,1.2,False,,True,R-desk,5,evt_S-61_desk_work_surface_0001,968235d01208b21f,lap_bag_context,no_pose_observation,34560.0,1.33,,1,cam12/e1/v1,
oneshot,03.CCTV Mobile Usage.mkv,632de9ed55947761d56d4c6142a3cb1a1fe69d0b1a6d0e01a2e404c697962623,dfine_sahi,12700.0,unknown_object,0.5153,769.06,411.0,969.84,505.95,19064.3,200.79,94.95,2.115,False,,True,R-desk,5,evt_S-61_desk_work_surface_0001,968235d01208b21f,lap_bag_context,no_pose_observation,34560.0,1.33,,1,cam12/e1/v1,
oneshot,03.CCTV Mobile Usage.mkv,632de9ed55947761d56d4c6142a3cb1a1fe69d0b1a6d0e01a2e404c697962623,dfine_sahi,12700.0,phone,0.4329,1043.38,421.52,1113.16,473.57,3632.0,69.78,52.05,1.341,False,,True,R-desk,5,evt_S-61_desk_work_surface_0001,968235d01208b21f,lap_bag_context,no_pose_observation,34560.0,1.33,,1,cam12/e1/v1,
oneshot,03.CCTV Mobile Usage.mkv,632de9ed55947761d56d4c6142a3cb1a1fe69d0b1a6d0e01a2e404c697962623,dfine_sahi,12700.0,keyboard,0.4237,802.46,396.22,870.9,420.71,1675.7,68.44,24.48,2.795,False,,True,R-desk,5,evt_S-61_desk_work_surface_0001,968235d01208b21f,lap_bag_context,no_pose_observation,34560.0,1.33,,1,cam12/e1/v1,
oneshot,03.CCTV Mobile Usage.mkv,632de9ed55947761d56d4c6142a3cb1a1fe69d0b1a6d0e01a2e404c697962623,dfine_sahi,12700.0,unknown_object,0.4019,699.97,396.22,757.52,491.04,5456.4,57.55,94.82,0.607,False,,True,R-desk,5,evt_S-61_desk_work_surface_0001,968235d01208b21f,lap_bag_context,no_pose_observation,34560.0,1.33,,1,cam12/e1/v1,
oneshot,03.CCTV Mobile Usage.mkv,632de9ed55947761d56d4c6142a3cb1a1fe69d0b1a6d0e01a2e404c697962623,dfine_sahi,12700.0,monitor_or_bezel,0.3892,1019.66,395.52,1145.06,446.55,6399.4,125.4,51.03,2.457,False,,True,R-desk,5,evt_S-61_desk_work_surface_0001,968235d01208b21f,lap_bag_context,no_pose_observation,34560.0,1.33,,1,cam12/e1/v1,
oneshot,03.CCTV Mobile Usage.mkv,632de9ed55947761d56d4c6142a3cb1a1fe69d0b1a6d0e01a2e404c697962623,dfine_sahi,12700.0,keyboard,0.3418,910.14,412.13,1092.2,506.31,17145.9,182.06,94.18,1.933,False,,True,R-desk,5,evt_S-61_desk_work_surface_0001,968235d01208b21f,lap_bag_context,no_pose_observation,34560.0,1.33,,1,cam12/e1/v1,
oneshot,03.CCTV Mobile Usage.mkv,632de9ed55947761d56d4c6142a3cb1a1fe69d0b1a6d0e01a2e404c697962623,dfine_sahi,12700.0,unknown_object,0.3256,882.06,411.12,932.43,452.77,2097.6,50.37,41.64,1.209,False,,True,R-desk,5,evt_S-61_desk_work_surface_0001,968235d01208b21f,lap_bag_context,no_pose_observation,34560.0,1.33,,1,cam12/e1/v1,
oneshot,03.CCTV Mobile Usage.mkv,632de9ed55947761d56d4c6142a3cb1a1fe69d0b1a6d0e01a2e404c697962623,dfine_sahi,12700.0,keyboard,0.3233,965.98,396.21,1096.59,475.06,10299.0,130.61,78.85,1.656,False,,True,R-desk,5,evt_S-61_desk_work_surface_0001,968235d01208b21f,lap_bag_context,no_pose_observation,34560.0,1.33,,1,cam12/e1/v1,
oneshot,03.CCTV Mobile Usage.mkv,632de9ed55947761d56d4c6142a3cb1a1fe69d0b1a6d0e01a2e404c697962623,dfine_sahi,12700.0,unknown_object,0.3092,736.55,395.62,1140.16,491.17,38565.1,403.61,95.55,4.224,False,,True,R-desk,5,evt_S-61_desk_work_surface_0001,968235d01208b21f,lap_bag_context,no_pose_observation,34560.0,1.33,,1,cam12/e1/v1,
oneshot,03.CCTV Mobile Usage.mkv,632de9ed55947761d56d4c6142a3cb1a1fe69d0b1a6d0e01a2e404c697962623,dfine_sahi,12700.0,unknown_object,0.2767,881.3,411.54,969.9,505.58,8331.2,88.6,94.03,0.942,False,,True,R-desk,5,evt_S-61_desk_work_surface_0001,968235d01208b21f,lap_bag_context,no_pose_observation,34560.0,1.33,,1,cam12/e1/v1,
oneshot,03.CCTV Mobile Usage.mkv,632de9ed55947761d56d4c6142a3cb1a1fe69d0b1a6d0e01a2e404c697962623,dfine_sahi,12700.0,mouse,0.2733,966.85,398.32,992.32,410.44,308.6,25.46,12.12,2.101,False,,True,R-desk,5,evt_S-61_desk_work_surface_0001,968235d01208b21f,lap_bag_context,no_pose_observation,34560.0,1.33,,1,cam12/e1/v1,
oneshot,03.CCTV Mobile Usage.mkv,632de9ed55947761d56d4c6142a3cb1a1fe69d0b1a6d0e01a2e404c697962623,dfine_sahi,12700.0,keyboard,0.2603,882.33,380.23,968.97,453.05,6309.5,86.65,72.82,1.19,False,,True,R-desk,5,evt_S-61_desk_work_surface_0001,968235d01208b21f,lap_bag_context,no_pose_observation,34560.0,1.33,,1,cam12/e1/v1,
oneshot,03.CCTV Mobile Usage.mkv,632de9ed55947761d56d4c6142a3cb1a1fe69d0b1a6d0e01a2e404c697962623,dfine_sahi,12700.0,unknown_object,0.2557,910.47,411.12,1177.79,506.5,25496.8,267.32,95.38,2.803,False,,True,R-desk,5,evt_S-61_desk_work_surface_0001,968235d01208b21f,lap_bag_context,no_pose_observation,34560.0,1.33,,1,cam12/e1/v1,
oneshot,03.CCTV Mobile Usage.mkv,632de9ed55947761d56d4c6142a3cb1a1fe69d0b1a6d0e01a2e404c697962623,dfine_sahi,12700.0,keyboard,0.894,962.1,451.9,1067.92,491.45,4185.1,105.83,39.55,2.676,False,,True,R-desk,6,evt_S-61_desk_work_surface_0001,968235d01208b21f,lap_bag_context,no_pose_observation,34560.0,1.33,,1,cam12/e1/v1,
oneshot,03.CCTV Mobile Usage.mkv,632de9ed55947761d56d4c6142a3cb1a1fe69d0b1a6d0e01a2e404c697962623,dfine_sahi,12700.0,monitor_or_bezel,0.7704,910.05,411.11,1140.77,506.4,21985.2,230.72,95.29,2.421,False,,True,R-desk,6,evt_S-61_desk_work_surface_0001,968235d01208b21f,lap_bag_context,no_pose_observation,34560.0,1.33,,1,cam12/e1/v1,
oneshot,03.CCTV Mobile Usage.mkv,632de9ed55947761d56d4c6142a3cb1a1fe69d0b1a6d0e01a2e404c697962623,dfine_sahi,12700.0,monitor_or_bezel,0.7415,963.79,380.39,1152.82,475.21,17925.6,189.04,94.83,1.994,False,,True,R-desk,6,evt_S-61_desk_work_surface_0001,968235d01208b21f,lap_bag_context,no_pose_observation,34560.0,1.33,,1,cam12/e1/v1,
oneshot,03.CCTV Mobile Usage.mkv,632de9ed55947761d56d4c6142a3cb1a1fe69d0b1a6d0e01a2e404c697962623,dfine_sahi,12700.0,monitor_or_bezel,0.7017,707.0,379.91,969.69,474.94,24964.2,262.7,95.03,2.764,False,,True,R-desk,6,evt_S-61_desk_work_surface_0001,968235d01208b21f,lap_bag_context,no_pose_observation,34560.0,1.33,,1,cam12/e1/v1,
oneshot,03.CCTV Mobile Usage.mkv,632de9ed55947761d56d4c6142a3cb1a1fe69d0b1a6d0e01a2e404c697962623,dfine_sahi,12700.0,keyboard,0.6368,772.62,380.23,871.14,420.4,3956.9,98.52,40.16,2.453,False,,True,R-desk,6,evt_S-61_desk_work_surface_0001,968235d01208b21f,lap_bag_context,no_pose_observation,34560.0,1.33,,1,cam12/e1/v1,
oneshot,03.CCTV Mobile Usage.mkv,632de9ed55947761d56d4c6142a3cb1a1fe69d0b1a6d0e01a2e404c697962623,dfine_sahi,12700.0,keyboard,0.626,962.63,452.36,1035.08,475.63,1686.1,72.45,23.27,3.113,False,,True,R-desk,6,evt_S-61_desk_work_surface_0001,968235d01208b21f,lap_bag_context,no_pose_observation,34560.0,1.33,,1,cam12/e1/v1,
oneshot,03.CCTV Mobile Usage.mkv,632de9ed55947761d56d4c6142a3cb1a1fe69d0b1a6d0e01a2e404c697962623,dfine_sahi,12700.0,unknown_object,0.6223,699.91,396.23,849.49,492.42,14387.6,149.57,96.19,1.555,False,,True,R-desk,6,evt_S-61_desk_work_surface_0001,968235d01208b21f,lap_bag_context,no_pose_observation,34560.0,1.33,,1,cam12/e1/v1,
oneshot,03.CCTV Mobile Usage.mkv,632de9ed55947761d56d4c6142a3cb1a1fe69d0b1a6d0e01a2e404c697962623,dfine_sahi,12700.0,mouse,0.5609,865.43,413.69,891.29,435.25,557.7,25.86,21.56,1.2,False,,True,R-desk,6,evt_S-61_desk_work_surface_0001,968235d01208b21f,lap_bag_context,no_pose_observation,34560.0,1.33,,1,cam12/e1/v1,
oneshot,03.CCTV Mobile Usage.mkv,632de9ed55947761d56d4c6142a3cb1a1fe69d0b1a6d0e01a2e404c697962623,dfine_sahi,12700.0,unknown_object,0.5153,769.06,411.0,969.84,505.95,19064.3,200.79,94.95,2.115,False,,True,R-desk,6,evt_S-61_desk_work_surface_0001,968235d01208b21f,lap_bag_context,no_pose_observation,34560.0,1.33,,1,cam12/e1/v1,
oneshot,03.CCTV Mobile Usage.mkv,632de9ed55947761d56d4c6142a3cb1a1fe69d0b1a6d0e01a2e404c697962623,dfine_sahi,12700.0,phone,0.4329,1043.38,421.52,1113.16,473.57,3632.0,69.78,52.05,1.341,False,,True,R-desk,6,evt_S-61_desk_work_surface_0001,968235d01208b21f,lap_bag_context,no_pose_observation,34560.0,1.33,,1,cam12/e1/v1,
oneshot,03.CCTV Mobile Usage.mkv,632de9ed55947761d56d4c6142a3cb1a1fe69d0b1a6d0e01a2e404c697962623,dfine_sahi,12700.0,keyboard,0.4237,802.46,396.22,870.9,420.71,1675.7,68.44,24.48,2.795,False,,True,R-desk,6,evt_S-61_desk_work_surface_0001,968235d01208b21f,lap_bag_context,no_pose_observation,34560.0,1.33,,1,cam12/e1/v1,
oneshot,03.CCTV Mobile Usage.mkv,632de9ed55947761d56d4c6142a3cb1a1fe69d0b1a6d0e01a2e404c697962623,dfine_sahi,12700.0,unknown_object,0.4019,699.97,396.22,757.52,491.04,5456.4,57.55,94.82,0.607,False,,True,R-desk,6,evt_S-61_desk_work_surface_0001,968235d01208b21f,lap_bag_context,no_pose_observation,34560.0,1.33,,1,cam12/e1/v1,
oneshot,03.CCTV Mobile Usage.mkv,632de9ed55947761d56d4c6142a3cb1a1fe69d0b1a6d0e01a2e404c697962623,dfine_sahi,12700.0,monitor_or_bezel,0.3892,1019.66,395.52,1145.06,446.55,6399.4,125.4,51.03,2.457,False,,True,R-desk,6,evt_S-61_desk_work_surface_0001,968235d01208b21f,lap_bag_context,no_pose_observation,34560.0,1.33,,1,cam12/e1/v1,
oneshot,03.CCTV Mobile Usage.mkv,632de9ed55947761d56d4c6142a3cb1a1fe69d0b1a6d0e01a2e404c697962623,dfine_sahi,12700.0,keyboard,0.3418,910.14,412.13,1092.2,506.31,17145.9,182.06,94.18,1.933,False,,True,R-desk,6,evt_S-61_desk_work_surface_0001,968235d01208b21f,lap_bag_context,no_pose_observation,34560.0,1.33,,1,cam12/e1/v1,
oneshot,03.CCTV Mobile Usage.mkv,632de9ed55947761d56d4c6142a3cb1a1fe69d0b1a6d0e01a2e404c697962623,dfine_sahi,12700.0,unknown_object,0.3256,882.06,411.12,932.43,452.77,2097.6,50.37,41.64,1.209,False,,True,R-desk,6,evt_S-61_desk_work_surface_0001,968235d01208b21f,lap_bag_context,no_pose_observation,34560.0,1.33,,1,cam12/e1/v1,
oneshot,03.CCTV Mobile Usage.mkv,632de9ed55947761d56d4c6142a3cb1a1fe69d0b1a6d0e01a2e404c697962623,dfine_sahi,12700.0,keyboard,0.3233,965.98,396.21,1096.59,475.06,10299.0,130.61,78.85,1.656,False,,True,R-desk,6,evt_S-61_desk_work_surface_0001,968235d01208b21f,lap_bag_context,no_pose_observation,34560.0,1.33,,1,cam12/e1/v1,
oneshot,03.CCTV Mobile Usage.mkv,632de9ed55947761d56d4c6142a3cb1a1fe69d0b1a6d0e01a2e404c697962623,dfine_sahi,12700.0,unknown_object,0.3092,736.55,395.62,1140.16,491.17,38565.1,403.61,95.55,4.224,False,,True,R-desk,6,evt_S-61_desk_work_surface_0001,968235d01208b21f,lap_bag_context,no_pose_observation,34560.0,1.33,,1,cam12/e1/v1,
oneshot,03.CCTV Mobile Usage.mkv,632de9ed55947761d56d4c6142a3cb1a1fe69d0b1a6d0e01a2e404c697962623,dfine_sahi,12700.0,unknown_object,0.2767,881.3,411.54,969.9,505.58,8331.2,88.6,94.03,0.942,False,,True,R-desk,6,evt_S-61_desk_work_surface_0001,968235d01208b21f,lap_bag_context,no_pose_observation,34560.0,1.33,,1,cam12/e1/v1,
oneshot,03.CCTV Mobile Usage.mkv,632de9ed55947761d56d4c6142a3cb1a1fe69d0b1a6d0e01a2e404c697962623,dfine_sahi,12700.0,mouse,0.2733,966.85,398.32,992.32,410.44,308.6,25.46,12.12,2.101,False,,True,R-desk,6,evt_S-61_desk_work_surface_0001,968235d01208b21f,lap_bag_context,no_pose_observation,34560.0,1.33,,1,cam12/e1/v1,
oneshot,03.CCTV Mobile Usage.mkv,632de9ed55947761d56d4c6142a3cb1a1fe69d0b1a6d0e01a2e404c697962623,dfine_sahi,12700.0,keyboard,0.2603,882.33,380.23,968.97,453.05,6309.5,86.65,72.82,1.19,False,,True,R-desk,6,evt_S-61_desk_work_surface_0001,968235d01208b21f,lap_bag_context,no_pose_observation,34560.0,1.33,,1,cam12/e1/v1,
oneshot,03.CCTV Mobile Usage.mkv,632de9ed55947761d56d4c6142a3cb1a1fe69d0b1a6d0e01a2e404c697962623,dfine_sahi,12700.0,unknown_object,0.2557,910.47,411.12,1177.79,506.5,25496.8,267.32,95.38,2.803,False,,True,R-desk,6,evt_S-61_desk_work_surface_0001,968235d01208b21f,lap_bag_context,no_pose_observation,34560.0,1.33,,1,cam12/e1/v1,
oneshot,03.CCTV Mobile Usage.mkv,632de9ed55947761d56d4c6142a3cb1a1fe69d0b1a6d0e01a2e404c697962623,dfine_sahi,12700.0,keyboard,0.894,962.1,451.9,1067.92,491.45,4185.1,105.83,39.55,2.676,False,,True,R-desk,7,evt_S-61_desk_work_surface_0001,968235d01208b21f,lap_bag_context,no_pose_observation,34560.0,1.33,,1,cam12/e1/v1,
oneshot,03.CCTV Mobile Usage.mkv,632de9ed55947761d56d4c6142a3cb1a1fe69d0b1a6d0e01a2e404c697962623,dfine_sahi,12700.0,monitor_or_bezel,0.7704,910.05,411.11,1140.77,506.4,21985.2,230.72,95.29,2.421,False,,True,R-desk,7,evt_S-61_desk_work_surface_0001,968235d01208b21f,lap_bag_context,no_pose_observation,34560.0,1.33,,1,cam12/e1/v1,
oneshot,03.CCTV Mobile Usage.mkv,632de9ed55947761d56d4c6142a3cb1a1fe69d0b1a6d0e01a2e404c697962623,dfine_sahi,12700.0,monitor_or_bezel,0.7415,963.79,380.39,1152.82,475.21,17925.6,189.04,94.83,1.994,False,,True,R-desk,7,evt_S-61_desk_work_surface_0001,968235d01208b21f,lap_bag_context,no_pose_observation,34560.0,1.33,,1,cam12/e1/v1,
oneshot,03.CCTV Mobile Usage.mkv,632de9ed55947761d56d4c6142a3cb1a1fe69d0b1a6d0e01a2e404c697962623,dfine_sahi,12700.0,monitor_or_bezel,0.7017,707.0,379.91,969.69,474.94,24964.2,262.7,95.03,2.764,False,,True,R-desk,7,evt_S-61_desk_work_surface_0001,968235d01208b21f,lap_bag_context,no_pose_observation,34560.0,1.33,,1,cam12/e1/v1,
oneshot,03.CCTV Mobile Usage.mkv,632de9ed55947761d56d4c6142a3cb1a1fe69d0b1a6d0e01a2e404c697962623,dfine_sahi,12700.0,keyboard,0.6368,772.62,380.23,871.14,420.4,3956.9,98.52,40.16,2.453,False,,True,R-desk,7,evt_S-61_desk_work_surface_0001,968235d01208b21f,lap_bag_context,no_pose_observation,34560.0,1.33,,1,cam12/e1/v1,
oneshot,03.CCTV Mobile Usage.mkv,632de9ed55947761d56d4c6142a3cb1a1fe69d0b1a6d0e01a2e404c697962623,dfine_sahi,12700.0,keyboard,0.626,962.63,452.36,1035.08,475.63,1686.1,72.45,23.27,3.113,False,,True,R-desk,7,evt_S-61_desk_work_surface_0001,968235d01208b21f,lap_bag_context,no_pose_observation,34560.0,1.33,,1,cam12/e1/v1,
oneshot,03.CCTV Mobile Usage.mkv,632de9ed55947761d56d4c6142a3cb1a1fe69d0b1a6d0e01a2e404c697962623,dfine_sahi,12700.0,unknown_object,0.6223,699.91,396.23,849.49,492.42,14387.6,149.57,96.19,1.555,False,,True,R-desk,7,evt_S-61_desk_work_surface_0001,968235d01208b21f,lap_bag_context,no_pose_observation,34560.0,1.33,,1,cam12/e1/v1,
oneshot,03.CCTV Mobile Usage.mkv,632de9ed55947761d56d4c6142a3cb1a1fe69d0b1a6d0e01a2e404c697962623,dfine_sahi,12700.0,mouse,0.5609,865.43,413.69,891.29,435.25,557.7,25.86,21.56,1.2,False,,True,R-desk,7,evt_S-61_desk_work_surface_0001,968235d01208b21f,lap_bag_context,no_pose_observation,34560.0,1.33,,1,cam12/e1/v1,
oneshot,03.CCTV Mobile Usage.mkv,632de9ed55947761d56d4c6142a3cb1a1fe69d0b1a6d0e01a2e404c697962623,dfine_sahi,12700.0,unknown_object,0.5153,769.06,411.0,969.84,505.95,19064.3,200.79,94.95,2.115,False,,True,R-desk,7,evt_S-61_desk_work_surface_0001,968235d01208b21f,lap_bag_context,no_pose_observation,34560.0,1.33,,1,cam12/e1/v1,
oneshot,03.CCTV Mobile Usage.mkv,632de9ed55947761d56d4c6142a3cb1a1fe69d0b1a6d0e01a2e404c697962623,dfine_sahi,12700.0,phone,0.4329,1043.38,421.52,1113.16,473.57,3632.0,69.78,52.05,1.341,False,,True,R-desk,7,evt_S-61_desk_work_surface_0001,968235d01208b21f,lap_bag_context,no_pose_observation,34560.0,1.33,,1,cam12/e1/v1,
oneshot,03.CCTV Mobile Usage.mkv,632de9ed55947761d56d4c6142a3cb1a1fe69d0b1a6d0e01a2e404c697962623,dfine_sahi,12700.0,keyboard,0.4237,802.46,396.22,870.9,420.71,1675.7,68.44,24.48,2.795,False,,True,R-desk,7,evt_S-61_desk_work_surface_0001,968235d01208b21f,lap_bag_context,no_pose_observation,34560.0,1.33,,1,cam12/e1/v1,
oneshot,03.CCTV Mobile Usage.mkv,632de9ed55947761d56d4c6142a3cb1a1fe69d0b1a6d0e01a2e404c697962623,dfine_sahi,12700.0,unknown_object,0.4019,699.97,396.22,757.52,491.04,5456.4,57.55,94.82,0.607,False,,True,R-desk,7,evt_S-61_desk_work_surface_0001,968235d01208b21f,lap_bag_context,no_pose_observation,34560.0,1.33,,1,cam12/e1/v1,
oneshot,03.CCTV Mobile Usage.mkv,632de9ed55947761d56d4c6142a3cb1a1fe69d0b1a6d0e01a2e404c697962623,dfine_sahi,12700.0,monitor_or_bezel,0.3892,1019.66,395.52,1145.06,446.55,6399.4,125.4,51.03,2.457,False,,True,R-desk,7,evt_S-61_desk_work_surface_0001,968235d01208b21f,lap_bag_context,no_pose_observation,34560.0,1.33,,1,cam12/e1/v1,
oneshot,03.CCTV Mobile Usage.mkv,632de9ed55947761d56d4c6142a3cb1a1fe69d0b1a6d0e01a2e404c697962623,dfine_sahi,12700.0,keyboard,0.3418,910.14,412.13,1092.2,506.31,17145.9,182.06,94.18,1.933,False,,True,R-desk,7,evt_S-61_desk_work_surface_0001,968235d01208b21f,lap_bag_context,no_pose_observation,34560.0,1.33,,1,cam12/e1/v1,
oneshot,03.CCTV Mobile Usage.mkv,632de9ed55947761d56d4c6142a3cb1a1fe69d0b1a6d0e01a2e404c697962623,dfine_sahi,12700.0,unknown_object,0.3256,882.06,411.12,932.43,452.77,2097.6,50.37,41.64,1.209,False,,True,R-desk,7,evt_S-61_desk_work_surface_0001,968235d01208b21f,lap_bag_context,no_pose_observation,34560.0,1.33,,1,cam12/e1/v1,
oneshot,03.CCTV Mobile Usage.mkv,632de9ed55947761d56d4c6142a3cb1a1fe69d0b1a6d0e01a2e404c697962623,dfine_sahi,12700.0,keyboard,0.3233,965.98,396.21,1096.59,475.06,10299.0,130.61,78.85,1.656,False,,True,R-desk,7,evt_S-61_desk_work_surface_0001,968235d01208b21f,lap_bag_context,no_pose_observation,34560.0,1.33,,1,cam12/e1/v1,
oneshot,03.CCTV Mobile Usage.mkv,632de9ed55947761d56d4c6142a3cb1a1fe69d0b1a6d0e01a2e404c697962623,dfine_sahi,12700.0,unknown_object,0.3092,736.55,395.62,1140.16,491.17,38565.1,403.61,95.55,4.224,False,,True,R-desk,7,evt_S-61_desk_work_surface_0001,968235d01208b21f,lap_bag_context,no_pose_observation,34560.0,1.33,,1,cam12/e1/v1,
oneshot,03.CCTV Mobile Usage.mkv,632de9ed55947761d56d4c6142a3cb1a1fe69d0b1a6d0e01a2e404c697962623,dfine_sahi,12700.0,unknown_object,0.2767,881.3,411.54,969.9,505.58,8331.2,88.6,94.03,0.942,False,,True,R-desk,7,evt_S-61_desk_work_surface_0001,968235d01208b21f,lap_bag_context,no_pose_observation,34560.0,1.33,,1,cam12/e1/v1,
oneshot,03.CCTV Mobile Usage.mkv,632de9ed55947761d56d4c6142a3cb1a1fe69d0b1a6d0e01a2e404c697962623,dfine_sahi,12700.0,mouse,0.2733,966.85,398.32,992.32,410.44,308.6,25.46,12.12,2.101,False,,True,R-desk,7,evt_S-61_desk_work_surface_0001,968235d01208b21f,lap_bag_context,no_pose_observation,34560.0,1.33,,1,cam12/e1/v1,
oneshot,03.CCTV Mobile Usage.mkv,632de9ed55947761d56d4c6142a3cb1a1fe69d0b1a6d0e01a2e404c697962623,dfine_sahi,12700.0,keyboard,0.2603,882.33,380.23,968.97,453.05,6309.5,86.65,72.82,1.19,False,,True,R-desk,7,evt_S-61_desk_work_surface_0001,968235d01208b21f,lap_bag_context,no_pose_observation,34560.0,1.33,,1,cam12/e1/v1,
oneshot,03.CCTV Mobile Usage.mkv,632de9ed55947761d56d4c6142a3cb1a1fe69d0b1a6d0e01a2e404c697962623,dfine_sahi,12700.0,unknown_object,0.2557,910.47,411.12,1177.79,506.5,25496.8,267.32,95.38,2.803,False,,True,R-desk,7,evt_S-61_desk_work_surface_0001,968235d01208b21f,lap_bag_context,no_pose_observation,34560.0,1.33,,1,cam12/e1/v1,
oneshot,03.CCTV Mobile Usage.mkv,632de9ed55947761d56d4c6142a3cb1a1fe69d0b1a6d0e01a2e404c697962623,dfine_sahi,13200.0,keyboard,0.894,962.1,451.9,1067.92,491.45,4185.1,105.83,39.55,2.676,False,,True,R-desk,7,evt_S-61_desk_work_surface_0001,200f7d8ecd4f122b,lap_bag_context,no_pose_observation,34560.0,1.33,,1,cam12/e1/v1,
oneshot,03.CCTV Mobile Usage.mkv,632de9ed55947761d56d4c6142a3cb1a1fe69d0b1a6d0e01a2e404c697962623,dfine_sahi,13200.0,monitor_or_bezel,0.7704,910.05,411.11,1140.77,506.4,21985.2,230.72,95.29,2.421,False,,True,R-desk,7,evt_S-61_desk_work_surface_0001,200f7d8ecd4f122b,lap_bag_context,no_pose_observation,34560.0,1.33,,1,cam12/e1/v1,
oneshot,03.CCTV Mobile Usage.mkv,632de9ed55947761d56d4c6142a3cb1a1fe69d0b1a6d0e01a2e404c697962623,dfine_sahi,13200.0,monitor_or_bezel,0.7414,963.79,380.39,1152.82,475.21,17925.3,189.04,94.83,1.994,False,,True,R-desk,7,evt_S-61_desk_work_surface_0001,200f7d8ecd4f122b,lap_bag_context,no_pose_observation,34560.0,1.33,,1,cam12/e1/v1,
oneshot,03.CCTV Mobile Usage.mkv,632de9ed55947761d56d4c6142a3cb1a1fe69d0b1a6d0e01a2e404c697962623,dfine_sahi,13200.0,monitor_or_bezel,0.7017,707.0,379.91,969.69,474.94,24964.2,262.7,95.03,2.764,False,,True,R-desk,7,evt_S-61_desk_work_surface_0001,200f7d8ecd4f122b,lap_bag_context,no_pose_observation,34560.0,1.33,,1,cam12/e1/v1,
oneshot,03.CCTV Mobile Usage.mkv,632de9ed55947761d56d4c6142a3cb1a1fe69d0b1a6d0e01a2e404c697962623,dfine_sahi,13200.0,keyboard,0.6368,772.62,380.23,871.14,420.4,3956.9,98.52,40.16,2.453,False,,True,R-desk,7,evt_S-61_desk_work_surface_0001,200f7d8ecd4f122b,lap_bag_context,no_pose_observation,34560.0,1.33,,1,cam12/e1/v1,
oneshot,03.CCTV Mobile Usage.mkv,632de9ed55947761d56d4c6142a3cb1a1fe69d0b1a6d0e01a2e404c697962623,dfine_sahi,13200.0,keyboard,0.626,962.63,452.36,1035.08,475.63,1686.1,72.45,23.27,3.113,False,,True,R-desk,7,evt_S-61_desk_work_surface_0001,200f7d8ecd4f122b,lap_bag_context,no_pose_observation,34560.0,1.33,,1,cam12/e1/v1,
oneshot,03.CCTV Mobile Usage.mkv,632de9ed55947761d56d4c6142a3cb1a1fe69d0b1a6d0e01a2e404c697962623,dfine_sahi,13200.0,unknown_object,0.6223,699.91,396.23,849.49,492.42,14387.6,149.57,96.19,1.555,False,,True,R-desk,7,evt_S-61_desk_work_surface_0001,200f7d8ecd4f122b,lap_bag_context,no_pose_observation,34560.0,1.33,,1,cam12/e1/v1,
oneshot,03.CCTV Mobile Usage.mkv,632de9ed55947761d56d4c6142a3cb1a1fe69d0b1a6d0e01a2e404c697962623,dfine_sahi,13200.0,mouse,0.5609,865.43,413.69,891.29,435.25,557.7,25.86,21.56,1.2,False,,True,R-desk,7,evt_S-61_desk_work_surface_0001,200f7d8ecd4f122b,lap_bag_context,no_pose_observation,34560.0,1.33,,1,cam12/e1/v1,
oneshot,03.CCTV Mobile Usage.mkv,632de9ed55947761d56d4c6142a3cb1a1fe69d0b1a6d0e01a2e404c697962623,dfine_sahi,13200.0,unknown_object,0.5153,769.06,411.0,969.84,505.95,19064.3,200.79,94.95,2.115,False,,True,R-desk,7,evt_S-61_desk_work_surface_0001,200f7d8ecd4f122b,lap_bag_context,no_pose_observation,34560.0,1.33,,1,cam12/e1/v1,
oneshot,03.CCTV Mobile Usage.mkv,632de9ed55947761d56d4c6142a3cb1a1fe69d0b1a6d0e01a2e404c697962623,dfine_sahi,13200.0,phone,0.4328,1043.38,421.52,1113.16,473.57,3632.1,69.78,52.05,1.341,False,,True,R-desk,7,evt_S-61_desk_work_surface_0001,200f7d8ecd4f122b,lap_bag_context,no_pose_observation,34560.0,1.33,,1,cam12/e1/v1,
oneshot,03.CCTV Mobile Usage.mkv,632de9ed55947761d56d4c6142a3cb1a1fe69d0b1a6d0e01a2e404c697962623,dfine_sahi,13200.0,keyboard,0.4237,802.46,396.22,870.9,420.71,1675.7,68.44,24.48,2.795,False,,True,R-desk,7,evt_S-61_desk_work_surface_0001,200f7d8ecd4f122b,lap_bag_context,no_pose_observation,34560.0,1.33,,1,cam12/e1/v1,
oneshot,03.CCTV Mobile Usage.mkv,632de9ed55947761d56d4c6142a3cb1a1fe69d0b1a6d0e01a2e404c697962623,dfine_sahi,13200.0,unknown_object,0.4019,699.97,396.22,757.52,491.04,5456.4,57.55,94.82,0.607,False,,True,R-desk,7,evt_S-61_desk_work_surface_0001,200f7d8ecd4f122b,lap_bag_context,no_pose_observation,34560.0,1.33,,1,cam12/e1/v1,
oneshot,03.CCTV Mobile Usage.mkv,632de9ed55947761d56d4c6142a3cb1a1fe69d0b1a6d0e01a2e404c697962623,dfine_sahi,13200.0,monitor_or_bezel,0.3892,1019.66,395.52,1145.06,446.55,6399.4,125.4,51.03,2.457,False,,True,R-desk,7,evt_S-61_desk_work_surface_0001,200f7d8ecd4f122b,lap_bag_context,no_pose_observation,34560.0,1.33,,1,cam12/e1/v1,
oneshot,03.CCTV Mobile Usage.mkv,632de9ed55947761d56d4c6142a3cb1a1fe69d0b1a6d0e01a2e404c697962623,dfine_sahi,13200.0,keyboard,0.3418,910.14,412.13,1092.2,506.31,17145.9,182.06,94.18,1.933,False,,True,R-desk,7,evt_S-61_desk_work_surface_0001,200f7d8ecd4f122b,lap_bag_context,no_pose_observation,34560.0,1.33,,1,cam12/e1/v1,
oneshot,03.CCTV Mobile Usage.mkv,632de9ed55947761d56d4c6142a3cb1a1fe69d0b1a6d0e01a2e404c697962623,dfine_sahi,13200.0,unknown_object,0.3256,882.06,411.12,932.43,452.77,2097.6,50.37,41.64,1.209,False,,True,R-desk,7,evt_S-61_desk_work_surface_0001,200f7d8ecd4f122b,lap_bag_context,no_pose_observation,34560.0,1.33,,1,cam12/e1/v1,
oneshot,03.CCTV Mobile Usage.mkv,632de9ed55947761d56d4c6142a3cb1a1fe69d0b1a6d0e01a2e404c697962623,dfine_sahi,13200.0,keyboard,0.3234,965.98,396.21,1096.59,475.06,10299.0,130.61,78.85,1.656,False,,True,R-desk,7,evt_S-61_desk_work_surface_0001,200f7d8ecd4f122b,lap_bag_context,no_pose_observation,34560.0,1.33,,1,cam12/e1/v1,
oneshot,03.CCTV Mobile Usage.mkv,632de9ed55947761d56d4c6142a3cb1a1fe69d0b1a6d0e01a2e404c697962623,dfine_sahi,13200.0,unknown_object,0.3092,736.55,395.62,1140.16,491.17,38565.1,403.61,95.55,4.224,False,,True,R-desk,7,evt_S-61_desk_work_surface_0001,200f7d8ecd4f122b,lap_bag_context,no_pose_observation,34560.0,1.33,,1,cam12/e1/v1,
oneshot,03.CCTV Mobile Usage.mkv,632de9ed55947761d56d4c6142a3cb1a1fe69d0b1a6d0e01a2e404c697962623,dfine_sahi,13200.0,unknown_object,0.2767,881.3,411.54,969.9,505.58,8331.2,88.6,94.03,0.942,False,,True,R-desk,7,evt_S-61_desk_work_surface_0001,200f7d8ecd4f122b,lap_bag_context,no_pose_observation,34560.0,1.33,,1,cam12/e1/v1,
oneshot,03.CCTV Mobile Usage.mkv,632de9ed55947761d56d4c6142a3cb1a1fe69d0b1a6d0e01a2e404c697962623,dfine_sahi,13200.0,mouse,0.2733,966.85,398.32,992.32,410.44,308.6,25.46,12.12,2.101,False,,True,R-desk,7,evt_S-61_desk_work_surface_0001,200f7d8ecd4f122b,lap_bag_context,no_pose_observation,34560.0,1.33,,1,cam12/e1/v1,
oneshot,03.CCTV Mobile Usage.mkv,632de9ed55947761d56d4c6142a3cb1a1fe69d0b1a6d0e01a2e404c697962623,dfine_sahi,13200.0,keyboard,0.2603,882.33,380.23,968.97,453.05,6309.5,86.65,72.82,1.19,False,,True,R-desk,7,evt_S-61_desk_work_surface_0001,200f7d8ecd4f122b,lap_bag_context,no_pose_observation,34560.0,1.33,,1,cam12/e1/v1,
oneshot,03.CCTV Mobile Usage.mkv,632de9ed55947761d56d4c6142a3cb1a1fe69d0b1a6d0e01a2e404c697962623,dfine_sahi,13200.0,unknown_object,0.2557,910.47,411.12,1177.79,506.5,25496.8,267.32,95.38,2.803,False,,True,R-desk,7,evt_S-61_desk_work_surface_0001,200f7d8ecd4f122b,lap_bag_context,no_pose_observation,34560.0,1.33,,1,cam12/e1/v1,
oneshot,03.CCTV Mobile Usage.mkv,632de9ed55947761d56d4c6142a3cb1a1fe69d0b1a6d0e01a2e404c697962623,dfine_sahi,13200.0,keyboard,0.894,962.1,451.9,1067.92,491.45,4185.1,105.83,39.55,2.676,False,,True,R-desk,6,evt_S-61_desk_work_surface_0001,200f7d8ecd4f122b,lap_bag_context,no_pose_observation,34560.0,1.33,,1,cam12/e1/v1,
oneshot,03.CCTV Mobile Usage.mkv,632de9ed55947761d56d4c6142a3cb1a1fe69d0b1a6d0e01a2e404c697962623,dfine_sahi,13200.0,monitor_or_bezel,0.7704,910.05,411.11,1140.77,506.4,21985.2,230.72,95.29,2.421,False,,True,R-desk,6,evt_S-61_desk_work_surface_0001,200f7d8ecd4f122b,lap_bag_context,no_pose_observation,34560.0,1.33,,1,cam12/e1/v1,
oneshot,03.CCTV Mobile Usage.mkv,632de9ed55947761d56d4c6142a3cb1a1fe69d0b1a6d0e01a2e404c697962623,dfine_sahi,13200.0,monitor_or_bezel,0.7414,963.79,380.39,1152.82,475.21,17925.3,189.04,94.83,1.994,False,,True,R-desk,6,evt_S-61_desk_work_surface_0001,200f7d8ecd4f122b,lap_bag_context,no_pose_observation,34560.0,1.33,,1,cam12/e1/v1,
oneshot,03.CCTV Mobile Usage.mkv,632de9ed55947761d56d4c6142a3cb1a1fe69d0b1a6d0e01a2e404c697962623,dfine_sahi,13200.0,monitor_or_bezel,0.7017,707.0,379.91,969.69,474.94,24964.2,262.7,95.03,2.764,False,,True,R-desk,6,evt_S-61_desk_work_surface_0001,200f7d8ecd4f122b,lap_bag_context,no_pose_observation,34560.0,1.33,,1,cam12/e1/v1,
oneshot,03.CCTV Mobile Usage.mkv,632de9ed55947761d56d4c6142a3cb1a1fe69d0b1a6d0e01a2e404c697962623,dfine_sahi,13200.0,keyboard,0.6368,772.62,380.23,871.14,420.4,3956.9,98.52,40.16,2.453,False,,True,R-desk,6,evt_S-61_desk_work_surface_0001,200f7d8ecd4f122b,lap_bag_context,no_pose_observation,34560.0,1.33,,1,cam12/e1/v1,
oneshot,03.CCTV Mobile Usage.mkv,632de9ed55947761d56d4c6142a3cb1a1fe69d0b1a6d0e01a2e404c697962623,dfine_sahi,13200.0,keyboard,0.626,962.63,452.36,1035.08,475.63,1686.1,72.45,23.27,3.113,False,,True,R-desk,6,evt_S-61_desk_work_surface_0001,200f7d8ecd4f122b,lap_bag_context,no_pose_observation,34560.0,1.33,,1,cam12/e1/v1,
oneshot,03.CCTV Mobile Usage.mkv,632de9ed55947761d56d4c6142a3cb1a1fe69d0b1a6d0e01a2e404c697962623,dfine_sahi,13200.0,unknown_object,0.6223,699.91,396.23,849.49,492.42,14387.6,149.57,96.19,1.555,False,,True,R-desk,6,evt_S-61_desk_work_surface_0001,200f7d8ecd4f122b,lap_bag_context,no_pose_observation,34560.0,1.33,,1,cam12/e1/v1,
oneshot,03.CCTV Mobile Usage.mkv,632de9ed55947761d56d4c6142a3cb1a1fe69d0b1a6d0e01a2e404c697962623,dfine_sahi,13200.0,mouse,0.5609,865.43,413.69,891.29,435.25,557.7,25.86,21.56,1.2,False,,True,R-desk,6,evt_S-61_desk_work_surface_0001,200f7d8ecd4f122b,lap_bag_context,no_pose_observation,34560.0,1.33,,1,cam12/e1/v1,
oneshot,03.CCTV Mobile Usage.mkv,632de9ed55947761d56d4c6142a3cb1a1fe69d0b1a6d0e01a2e404c697962623,dfine_sahi,13200.0,unknown_object,0.5153,769.06,411.0,969.84,505.95,19064.3,200.79,94.95,2.115,False,,True,R-desk,6,evt_S-61_desk_work_surface_0001,200f7d8ecd4f122b,lap_bag_context,no_pose_observation,34560.0,1.33,,1,cam12/e1/v1,
oneshot,03.CCTV Mobile Usage.mkv,632de9ed55947761d56d4c6142a3cb1a1fe69d0b1a6d0e01a2e404c697962623,dfine_sahi,13200.0,phone,0.4328,1043.38,421.52,1113.16,473.57,3632.1,69.78,52.05,1.341,False,,True,R-desk,6,evt_S-61_desk_work_surface_0001,200f7d8ecd4f122b,lap_bag_context,no_pose_observation,34560.0,1.33,,1,cam12/e1/v1,
oneshot,03.CCTV Mobile Usage.mkv,632de9ed55947761d56d4c6142a3cb1a1fe69d0b1a6d0e01a2e404c697962623,dfine_sahi,13200.0,keyboard,0.4237,802.46,396.22,870.9,420.71,1675.7,68.44,24.48,2.795,False,,True,R-desk,6,evt_S-61_desk_work_surface_0001,200f7d8ecd4f122b,lap_bag_context,no_pose_observation,34560.0,1.33,,1,cam12/e1/v1,
oneshot,03.CCTV Mobile Usage.mkv,632de9ed55947761d56d4c6142a3cb1a1fe69d0b1a6d0e01a2e404c697962623,dfine_sahi,13200.0,unknown_object,0.4019,699.97,396.22,757.52,491.04,5456.4,57.55,94.82,0.607,False,,True,R-desk,6,evt_S-61_desk_work_surface_0001,200f7d8ecd4f122b,lap_bag_context,no_pose_observation,34560.0,1.33,,1,cam12/e1/v1,
oneshot,03.CCTV Mobile Usage.mkv,632de9ed55947761d56d4c6142a3cb1a1fe69d0b1a6d0e01a2e404c697962623,dfine_sahi,13200.0,monitor_or_bezel,0.3892,1019.66,395.52,1145.06,446.55,6399.4,125.4,51.03,2.457,False,,True,R-desk,6,evt_S-61_desk_work_surface_0001,200f7d8ecd4f122b,lap_bag_context,no_pose_observation,34560.0,1.33,,1,cam12/e1/v1,
oneshot,03.CCTV Mobile Usage.mkv,632de9ed55947761d56d4c6142a3cb1a1fe69d0b1a6d0e01a2e404c697962623,dfine_sahi,13200.0,keyboard,0.3418,910.14,412.13,1092.2,506.31,17145.9,182.06,94.18,1.933,False,,True,R-desk,6,evt_S-61_desk_work_surface_0001,200f7d8ecd4f122b,lap_bag_context,no_pose_observation,34560.0,1.33,,1,cam12/e1/v1,
oneshot,03.CCTV Mobile Usage.mkv,632de9ed55947761d56d4c6142a3cb1a1fe69d0b1a6d0e01a2e404c697962623,dfine_sahi,13200.0,unknown_object,0.3256,882.06,411.12,932.43,452.77,2097.6,50.37,41.64,1.209,False,,True,R-desk,6,evt_S-61_desk_work_surface_0001,200f7d8ecd4f122b,lap_bag_context,no_pose_observation,34560.0,1.33,,1,cam12/e1/v1,
oneshot,03.CCTV Mobile Usage.mkv,632de9ed55947761d56d4c6142a3cb1a1fe69d0b1a6d0e01a2e404c697962623,dfine_sahi,13200.0,keyboard,0.3234,965.98,396.21,1096.59,475.06,10299.0,130.61,78.85,1.656,False,,True,R-desk,6,evt_S-61_desk_work_surface_0001,200f7d8ecd4f122b,lap_bag_context,no_pose_observation,34560.0,1.33,,1,cam12/e1/v1,
oneshot,03.CCTV Mobile Usage.mkv,632de9ed55947761d56d4c6142a3cb1a1fe69d0b1a6d0e01a2e404c697962623,dfine_sahi,13200.0,unknown_object,0.3092,736.55,395.62,1140.16,491.17,38565.1,403.61,95.55,4.224,False,,True,R-desk,6,evt_S-61_desk_work_surface_0001,200f7d8ecd4f122b,lap_bag_context,no_pose_observation,34560.0,1.33,,1,cam12/e1/v1,
oneshot,03.CCTV Mobile Usage.mkv,632de9ed55947761d56d4c6142a3cb1a1fe69d0b1a6d0e01a2e404c697962623,dfine_sahi,13200.0,unknown_object,0.2767,881.3,411.54,969.9,505.58,8331.2,88.6,94.03,0.942,False,,True,R-desk,6,evt_S-61_desk_work_surface_0001,200f7d8ecd4f122b,lap_bag_context,no_pose_observation,34560.0,1.33,,1,cam12/e1/v1,
oneshot,03.CCTV Mobile Usage.mkv,632de9ed55947761d56d4c6142a3cb1a1fe69d0b1a6d0e01a2e404c697962623,dfine_sahi,13200.0,mouse,0.2733,966.85,398.32,992.32,410.44,308.6,25.46,12.12,2.101,False,,True,R-desk,6,evt_S-61_desk_work_surface_0001,200f7d8ecd4f122b,lap_bag_context,no_pose_observation,34560.0,1.33,,1,cam12/e1/v1,
oneshot,03.CCTV Mobile Usage.mkv,632de9ed55947761d56d4c6142a3cb1a1fe69d0b1a6d0e01a2e404c697962623,dfine_sahi,13200.0,keyboard,0.2603,882.33,380.23,968.97,453.05,6309.5,86.65,72.82,1.19,False,,True,R-desk,6,evt_S-61_desk_work_surface_0001,200f7d8ecd4f122b,lap_bag_context,no_pose_observation,34560.0,1.33,,1,cam12/e1/v1,
oneshot,03.CCTV Mobile Usage.mkv,632de9ed55947761d56d4c6142a3cb1a1fe69d0b1a6d0e01a2e404c697962623,dfine_sahi,13200.0,unknown_object,0.2557,910.47,411.12,1177.79,506.5,25496.8,267.32,95.38,2.803,False,,True,R-desk,6,evt_S-61_desk_work_surface_0001,200f7d8ecd4f122b,lap_bag_context,no_pose_observation,34560.0,1.33,,1,cam12/e1/v1,
oneshot,03.CCTV Mobile Usage.mkv,632de9ed55947761d56d4c6142a3cb1a1fe69d0b1a6d0e01a2e404c697962623,dfine_sahi,13200.0,unknown_object,0.5349,209.93,289.19,254.8,351.59,2800.0,44.87,62.4,0.719,False,,True,S-61,2,evt_S-61_desk_work_surface_0001,41099a5b80ec7e0e,pose_hand_context,,42791.1,3.09,,1,cam12/e1/v1,rtmpose_baseline
oneshot,03.CCTV Mobile Usage.mkv,632de9ed55947761d56d4c6142a3cb1a1fe69d0b1a6d0e01a2e404c697962623,dfine_sahi,13200.0,unknown_object,0.4686,142.75,198.27,277.42,349.5,20365.7,134.67,151.22,0.891,False,,True,S-61,2,evt_S-61_desk_work_surface_0001,41099a5b80ec7e0e,pose_hand_context,,42791.1,3.09,,1,cam12/e1/v1,rtmpose_baseline
oneshot,03.CCTV Mobile Usage.mkv,632de9ed55947761d56d4c6142a3cb1a1fe69d0b1a6d0e01a2e404c697962623,dfine_sahi,13200.0,unknown_object,0.4571,138.96,289.19,254.72,403.77,13264.1,115.76,114.58,1.01,False,,True,S-61,2,evt_S-61_desk_work_surface_0001,41099a5b80ec7e0e,pose_hand_context,,42791.1,3.09,,1,cam12/e1/v1,rtmpose_baseline
oneshot,03.CCTV Mobile Usage.mkv,632de9ed55947761d56d4c6142a3cb1a1fe69d0b1a6d0e01a2e404c697962623,dfine_sahi,13200.0,unknown_object,0.4135,210.11,233.24,236.14,312.96,2075.0,26.03,79.72,0.327,False,,True,S-61,2,evt_S-61_desk_work_surface_0001,41099a5b80ec7e0e,pose_hand_context,,42791.1,3.09,,1,cam12/e1/v1,rtmpose_baseline
oneshot,03.CCTV Mobile Usage.mkv,632de9ed55947761d56d4c6142a3cb1a1fe69d0b1a6d0e01a2e404c697962623,dfine_sahi,13200.0,unknown_object,0.3509,138.92,238.89,158.68,314.67,1497.7,19.76,75.79,0.261,False,,True,S-61,2,evt_S-61_desk_work_surface_0001,41099a5b80ec7e0e,pose_hand_context,,42791.1,3.09,,1,cam12/e1/v1,rtmpose_baseline
oneshot,03.CCTV Mobile Usage.mkv,632de9ed55947761d56d4c6142a3cb1a1fe69d0b1a6d0e01a2e404c697962623,dfine_sahi,13200.0,unknown_object,0.2688,262.26,386.29,315.42,404.83,985.8,53.16,18.54,2.867,False,,True,S-61,2,evt_S-61_desk_work_surface_0001,41099a5b80ec7e0e,pose_hand_context,,42791.1,3.09,,1,cam12/e1/v1,rtmpose_baseline
oneshot,03.CCTV Mobile Usage.mkv,632de9ed55947761d56d4c6142a3cb1a1fe69d0b1a6d0e01a2e404c697962623,dfine_sahi,13200.0,unknown_object,0.2659,160.81,198.11,255.11,241.27,4069.4,94.3,43.15,2.185,False,,True,S-61,2,evt_S-61_desk_work_surface_0001,41099a5b80ec7e0e,pose_hand_context,,42791.1,3.09,,1,cam12/e1/v1,rtmpose_baseline
oneshot,03.CCTV Mobile Usage.mkv,632de9ed55947761d56d4c6142a3cb1a1fe69d0b1a6d0e01a2e404c697962623,dfine_sahi,13200.0,unknown_object,0.2636,238.28,296.51,342.75,402.43,11064.9,104.47,105.91,0.986,False,,True,S-61,2,evt_S-61_desk_work_surface_0001,41099a5b80ec7e0e,pose_hand_context,,42791.1,3.09,,1,cam12/e1/v1,rtmpose_baseline
oneshot,03.CCTV Mobile Usage.mkv,632de9ed55947761d56d4c6142a3cb1a1fe69d0b1a6d0e01a2e404c697962623,dfine_sahi,13200.0,unknown_object,0.2624,233.95,239.04,247.29,265.32,350.7,13.35,26.28,0.508,False,,True,S-61,2,evt_S-61_desk_work_surface_0001,41099a5b80ec7e0e,pose_hand_context,,42791.1,3.09,,1,cam12/e1/v1,rtmpose_baseline
oneshot,03.CCTV Mobile Usage.mkv,632de9ed55947761d56d4c6142a3cb1a1fe69d0b1a6d0e01a2e404c697962623,dfine_sahi,13200.0,unknown_object,0.7248,93.01,376.36,197.92,480.29,10903.9,104.91,103.94,1.009,False,,True,S-61,1,evt_S-61_desk_work_surface_0001,aeca27b1a7e55a21,pose_hand_context,,34812.1,3.43,,1,cam12/e1/v1,rtmpose_baseline
oneshot,03.CCTV Mobile Usage.mkv,632de9ed55947761d56d4c6142a3cb1a1fe69d0b1a6d0e01a2e404c697962623,dfine_sahi,13200.0,stationery,0.6682,12.08,493.7,197.87,562.4,12763.2,185.79,68.7,2.704,False,,True,S-61,1,evt_S-61_desk_work_surface_0001,aeca27b1a7e55a21,pose_hand_context,,34812.1,3.43,,1,cam12/e1/v1,rtmpose_baseline
oneshot,03.CCTV Mobile Usage.mkv,632de9ed55947761d56d4c6142a3cb1a1fe69d0b1a6d0e01a2e404c697962623,dfine_sahi,13200.0,unknown_object,0.6044,44.4,508.74,85.59,557.05,1990.1,41.2,48.31,0.853,False,,True,S-61,1,evt_S-61_desk_work_surface_0001,aeca27b1a7e55a21,pose_hand_context,,34812.1,3.43,,1,cam12/e1/v1,rtmpose_baseline
oneshot,03.CCTV Mobile Usage.mkv,632de9ed55947761d56d4c6142a3cb1a1fe69d0b1a6d0e01a2e404c697962623,dfine_sahi,13200.0,unknown_object,0.6002,93.0,458.16,197.9,562.43,10937.7,104.9,104.27,1.006,False,,True,S-61,1,evt_S-61_desk_work_surface_0001,aeca27b1a7e55a21,pose_hand_context,,34812.1,3.43,,1,cam12/e1/v1,rtmpose_baseline
oneshot,03.CCTV Mobile Usage.mkv,632de9ed55947761d56d4c6142a3cb1a1fe69d0b1a6d0e01a2e404c697962623,dfine_sahi,13200.0,stationery,0.5723,12.07,415.01,102.07,498.56,7519.5,90.0,83.55,1.077,False,,True,S-61,1,evt_S-61_desk_work_surface_0001,aeca27b1a7e55a21,pose_hand_context,,34812.1,3.43,,1,cam12/e1/v1,rtmpose_baseline
oneshot,03.CCTV Mobile Usage.mkv,632de9ed55947761d56d4c6142a3cb1a1fe69d0b1a6d0e01a2e404c697962623,dfine_sahi,13200.0,unknown_object,0.5419,12.01,376.24,116.87,480.59,10941.9,104.86,104.35,1.005,False,,True,S-61,1,evt_S-61_desk_work_surface_0001,aeca27b1a7e55a21,pose_hand_context,,34812.1,3.43,,1,cam12/e1/v1,rtmpose_baseline
oneshot,03.CCTV Mobile Usage.mkv,632de9ed55947761d56d4c6142a3cb1a1fe69d0b1a6d0e01a2e404c697962623,dfine_sahi,13200.0,stationery,0.5124,42.92,443.7,72.14,471.25,805.2,29.22,27.55,1.061,False,,True,S-61,1,evt_S-61_desk_work_surface_0001,aeca27b1a7e55a21,pose_hand_context,,34812.1,3.43,,1,cam12/e1/v1,rtmpose_baseline
oneshot,03.CCTV Mobile Usage.mkv,632de9ed55947761d56d4c6142a3cb1a1fe69d0b1a6d0e01a2e404c697962623,dfine_sahi,13200.0,stationery,0.3981,102.48,476.65,162.12,530.34,3202.4,59.64,53.69,1.111,False,,True,S-61,1,evt_S-61_desk_work_surface_0001,aeca27b1a7e55a21,pose_hand_context,,34812.1,3.43,,1,cam12/e1/v1,rtmpose_baseline
oneshot,03.CCTV Mobile Usage.mkv,632de9ed55947761d56d4c6142a3cb1a1fe69d0b1a6d0e01a2e404c697962623,dfine_sahi,13200.0,unknown_object,0.3929,42.8,443.21,72.37,470.62,810.8,29.57,27.42,1.078,False,,True,S-61,1,evt_S-61_desk_work_surface_0001,aeca27b1a7e55a21,pose_hand_context,,34812.1,3.43,,1,cam12/e1/v1,rtmpose_baseline
oneshot,03.CCTV Mobile Usage.mkv,632de9ed55947761d56d4c6142a3cb1a1fe69d0b1a6d0e01a2e404c697962623,dfine_sahi,13200.0,unknown_object,0.3606,12.08,458.14,116.99,562.39,10936.9,104.91,104.25,1.006,False,,True,S-61,1,evt_S-61_desk_work_surface_0001,aeca27b1a7e55a21,pose_hand_context,,34812.1,3.43,,1,cam12/e1/v1,rtmpose_baseline
oneshot,03.CCTV Mobile Usage.mkv,632de9ed55947761d56d4c6142a3cb1a1fe69d0b1a6d0e01a2e404c697962623,dfine_sahi,13200.0,unknown_object,0.343,93.07,458.09,159.37,498.7,2692.9,66.3,40.62,1.632,False,,True,S-61,1,evt_S-61_desk_work_surface_0001,aeca27b1a7e55a21,pose_hand_context,,34812.1,3.43,,1,cam12/e1/v1,rtmpose_baseline
oneshot,03.CCTV Mobile Usage.mkv,632de9ed55947761d56d4c6142a3cb1a1fe69d0b1a6d0e01a2e404c697962623,dfine_sahi,13200.0,stationery,0.2975,69.51,418.14,154.54,497.07,6711.4,85.03,78.93,1.077,False,,True,S-61,1,evt_S-61_desk_work_surface_0001,aeca27b1a7e55a21,pose_hand_context,,34812.1,3.43,,1,cam12/e1/v1,rtmpose_baseline
oneshot,03.CCTV Mobile Usage.mkv,632de9ed55947761d56d4c6142a3cb1a1fe69d0b1a6d0e01a2e404c697962623,dfine_sahi,13200.0,unknown_object,0.2729,69.11,376.31,116.96,449.34,3494.6,47.85,73.03,0.655,False,,True,S-61,1,evt_S-61_desk_work_surface_0001,aeca27b1a7e55a21,pose_hand_context,,34812.1,3.43,,1,cam12/e1/v1,rtmpose_baseline
oneshot,03.CCTV Mobile Usage.mkv,632de9ed55947761d56d4c6142a3cb1a1fe69d0b1a6d0e01a2e404c697962623,dfine_sahi,13200.0,stationery,0.2674,44.21,509.82,86.24,556.96,1981.4,42.03,47.14,0.892,False,,True,S-61,1,evt_S-61_desk_work_surface_0001,aeca27b1a7e55a21,pose_hand_context,,34812.1,3.43,,1,cam12/e1/v1,rtmpose_baseline
oneshot,03.CCTV Mobile Usage.mkv,632de9ed55947761d56d4c6142a3cb1a1fe69d0b1a6d0e01a2e404c697962623,dfine_sahi,13200.0,unknown_object,0.2601,38.75,376.08,69.26,386.31,312.0,30.51,10.23,2.983,False,,True,S-61,1,evt_S-61_desk_work_surface_0001,aeca27b1a7e55a21,pose_hand_context,,34812.1,3.43,,1,cam12/e1/v1,rtmpose_baseline
oneshot,03.CCTV Mobile Usage.mkv,632de9ed55947761d56d4c6142a3cb1a1fe69d0b1a6d0e01a2e404c697962623,dfine_sahi,13700.0,keyboard,0.8943,962.1,451.9,1067.92,491.45,4185.3,105.83,39.55,2.676,False,,True,R-desk,6,evt_S-61_desk_work_surface_0001,243d4174c5ecf8e0,lap_bag_context,no_pose_observation,34560.0,1.33,,1,cam12/e1/v1,
oneshot,03.CCTV Mobile Usage.mkv,632de9ed55947761d56d4c6142a3cb1a1fe69d0b1a6d0e01a2e404c697962623,dfine_sahi,13700.0,monitor_or_bezel,0.7706,910.05,411.11,1140.78,506.4,21985.7,230.72,95.29,2.421,False,,True,R-desk,6,evt_S-61_desk_work_surface_0001,243d4174c5ecf8e0,lap_bag_context,no_pose_observation,34560.0,1.33,,1,cam12/e1/v1,
oneshot,03.CCTV Mobile Usage.mkv,632de9ed55947761d56d4c6142a3cb1a1fe69d0b1a6d0e01a2e404c697962623,dfine_sahi,13700.0,monitor_or_bezel,0.7502,963.79,380.38,1152.82,475.22,17926.7,189.03,94.84,1.993,False,,True,R-desk,6,evt_S-61_desk_work_surface_0001,243d4174c5ecf8e0,lap_bag_context,no_pose_observation,34560.0,1.33,,1,cam12/e1/v1,
oneshot,03.CCTV Mobile Usage.mkv,632de9ed55947761d56d4c6142a3cb1a1fe69d0b1a6d0e01a2e404c697962623,dfine_sahi,13700.0,monitor_or_bezel,0.7047,707.05,379.91,969.7,474.94,24958.5,262.65,95.03,2.764,False,,True,R-desk,6,evt_S-61_desk_work_surface_0001,243d4174c5ecf8e0,lap_bag_context,no_pose_observation,34560.0,1.33,,1,cam12/e1/v1,
oneshot,03.CCTV Mobile Usage.mkv,632de9ed55947761d56d4c6142a3cb1a1fe69d0b1a6d0e01a2e404c697962623,dfine_sahi,13700.0,keyboard,0.6385,772.63,380.23,871.12,420.39,3955.7,98.5,40.16,2.453,False,,True,R-desk,6,evt_S-61_desk_work_surface_0001,243d4174c5ecf8e0,lap_bag_context,no_pose_observation,34560.0,1.33,,1,cam12/e1/v1,
oneshot,03.CCTV Mobile Usage.mkv,632de9ed55947761d56d4c6142a3cb1a1fe69d0b1a6d0e01a2e404c697962623,dfine_sahi,13700.0,unknown_object,0.6351,699.91,396.23,849.23,492.42,14363.2,149.32,96.19,1.552,False,,True,R-desk,6,evt_S-61_desk_work_surface_0001,243d4174c5ecf8e0,lap_bag_context,no_pose_observation,34560.0,1.33,,1,cam12/e1/v1,
oneshot,03.CCTV Mobile Usage.mkv,632de9ed55947761d56d4c6142a3cb1a1fe69d0b1a6d0e01a2e404c697962623,dfine_sahi,13700.0,keyboard,0.6268,962.63,452.36,1035.07,475.63,1686.1,72.44,23.28,3.112,False,,True,R-desk,6,evt_S-61_desk_work_surface_0001,243d4174c5ecf8e0,lap_bag_context,no_pose_observation,34560.0,1.33,,1,cam12/e1/v1,
oneshot,03.CCTV Mobile Usage.mkv,632de9ed55947761d56d4c6142a3cb1a1fe69d0b1a6d0e01a2e404c697962623,dfine_sahi,13700.0,mouse,0.5573,865.43,413.69,891.29,435.25,557.5,25.86,21.56,1.2,False,,True,R-desk,6,evt_S-61_desk_work_surface_0001,243d4174c5ecf8e0,lap_bag_context,no_pose_observation,34560.0,1.33,,1,cam12/e1/v1,
oneshot,03.CCTV Mobile Usage.mkv,632de9ed55947761d56d4c6142a3cb1a1fe69d0b1a6d0e01a2e404c697962623,dfine_sahi,13700.0,unknown_object,0.5137,769.18,411.0,969.84,505.94,19052.0,200.66,94.95,2.113,False,,True,R-desk,6,evt_S-61_desk_work_surface_0001,243d4174c5ecf8e0,lap_bag_context,no_pose_observation,34560.0,1.33,,1,cam12/e1/v1,
oneshot,03.CCTV Mobile Usage.mkv,632de9ed55947761d56d4c6142a3cb1a1fe69d0b1a6d0e01a2e404c697962623,dfine_sahi,13700.0,phone,0.4353,1043.38,421.51,1113.15,473.57,3632.2,69.77,52.06,1.34,False,,True,R-desk,6,evt_S-61_desk_work_surface_0001,243d4174c5ecf8e0,lap_bag_context,no_pose_observation,34560.0,1.33,,1,cam12/e1/v1,
oneshot,03.CCTV Mobile Usage.mkv,632de9ed55947761d56d4c6142a3cb1a1fe69d0b1a6d0e01a2e404c697962623,dfine_sahi,13700.0,keyboard,0.4275,802.46,396.23,870.9,420.71,1675.4,68.44,24.48,2.796,False,,True,R-desk,6,evt_S-61_desk_work_surface_0001,243d4174c5ecf8e0,lap_bag_context,no_pose_observation,34560.0,1.33,,1,cam12/e1/v1,
oneshot,03.CCTV Mobile Usage.mkv,632de9ed55947761d56d4c6142a3cb1a1fe69d0b1a6d0e01a2e404c697962623,dfine_sahi,13700.0,unknown_object,0.4047,699.97,396.23,757.44,491.07,5450.2,57.47,94.84,0.606,False,,True,R-desk,6,evt_S-61_desk_work_surface_0001,243d4174c5ecf8e0,lap_bag_context,no_pose_observation,34560.0,1.33,,1,cam12/e1/v1,
oneshot,03.CCTV Mobile Usage.mkv,632de9ed55947761d56d4c6142a3cb1a1fe69d0b1a6d0e01a2e404c697962623,dfine_sahi,13700.0,monitor_or_bezel,0.3911,1019.66,395.52,1145.07,446.54,6398.2,125.4,51.02,2.458,False,,True,R-desk,6,evt_S-61_desk_work_surface_0001,243d4174c5ecf8e0,lap_bag_context,no_pose_observation,34560.0,1.33,,1,cam12/e1/v1,
oneshot,03.CCTV Mobile Usage.mkv,632de9ed55947761d56d4c6142a3cb1a1fe69d0b1a6d0e01a2e404c697962623,dfine_sahi,13700.0,keyboard,0.3412,910.14,412.13,1092.2,506.31,17146.7,182.06,94.18,1.933,False,,True,R-desk,6,evt_S-61_desk_work_surface_0001,243d4174c5ecf8e0,lap_bag_context,no_pose_observation,34560.0,1.33,,1,cam12/e1/v1,
oneshot,03.CCTV Mobile Usage.mkv,632de9ed55947761d56d4c6142a3cb1a1fe69d0b1a6d0e01a2e404c697962623,dfine_sahi,13700.0,unknown_object,0.3252,882.06,411.12,932.43,452.77,2097.8,50.37,41.65,1.21,False,,True,R-desk,6,evt_S-61_desk_work_surface_0001,243d4174c5ecf8e0,lap_bag_context,no_pose_observation,34560.0,1.33,,1,cam12/e1/v1,
oneshot,03.CCTV Mobile Usage.mkv,632de9ed55947761d56d4c6142a3cb1a1fe69d0b1a6d0e01a2e404c697962623,dfine_sahi,13700.0,keyboard,0.3242,965.98,396.23,1096.61,475.05,10296.4,130.63,78.82,1.657,False,,True,R-desk,6,evt_S-61_desk_work_surface_0001,243d4174c5ecf8e0,lap_bag_context,no_pose_observation,34560.0,1.33,,1,cam12/e1/v1,
oneshot,03.CCTV Mobile Usage.mkv,632de9ed55947761d56d4c6142a3cb1a1fe69d0b1a6d0e01a2e404c697962623,dfine_sahi,13700.0,unknown_object,0.3122,736.53,395.62,1140.46,491.18,38597.9,403.92,95.56,4.227,False,,True,R-desk,6,evt_S-61_desk_work_surface_0001,243d4174c5ecf8e0,lap_bag_context,no_pose_observation,34560.0,1.33,,1,cam12/e1/v1,
oneshot,03.CCTV Mobile Usage.mkv,632de9ed55947761d56d4c6142a3cb1a1fe69d0b1a6d0e01a2e404c697962623,dfine_sahi,13700.0,unknown_object,0.277,881.3,411.54,969.9,505.57,8331.3,88.6,94.03,0.942,False,,True,R-desk,6,evt_S-61_desk_work_surface_0001,243d4174c5ecf8e0,lap_bag_context,no_pose_observation,34560.0,1.33,,1,cam12/e1/v1,
oneshot,03.CCTV Mobile Usage.mkv,632de9ed55947761d56d4c6142a3cb1a1fe69d0b1a6d0e01a2e404c697962623,dfine_sahi,13700.0,mouse,0.2755,966.86,398.32,992.31,410.43,308.4,25.45,12.12,2.101,False,,True,R-desk,6,evt_S-61_desk_work_surface_0001,243d4174c5ecf8e0,lap_bag_context,no_pose_observation,34560.0,1.33,,1,cam12/e1/v1,
oneshot,03.CCTV Mobile Usage.mkv,632de9ed55947761d56d4c6142a3cb1a1fe69d0b1a6d0e01a2e404c697962623,dfine_sahi,13700.0,keyboard,0.2612,882.33,380.24,968.97,453.05,6308.7,86.65,72.81,1.19,False,,True,R-desk,6,evt_S-61_desk_work_surface_0001,243d4174c5ecf8e0,lap_bag_context,no_pose_observation,34560.0,1.33,,1,cam12/e1/v1,
oneshot,03.CCTV Mobile Usage.mkv,632de9ed55947761d56d4c6142a3cb1a1fe69d0b1a6d0e01a2e404c697962623,dfine_sahi,13700.0,unknown_object,0.2541,910.47,411.12,1177.82,506.5,25500.8,267.36,95.38,2.803,False,,True,R-desk,6,evt_S-61_desk_work_surface_0001,243d4174c5ecf8e0,lap_bag_context,no_pose_observation,34560.0,1.33,,1,cam12/e1/v1,
oneshot,03.CCTV Mobile Usage.mkv,632de9ed55947761d56d4c6142a3cb1a1fe69d0b1a6d0e01a2e404c697962623,dfine_sahi,13700.0,keyboard,0.8943,962.1,451.9,1067.92,491.45,4185.3,105.83,39.55,2.676,False,,True,R-desk,5,evt_S-61_desk_work_surface_0001,243d4174c5ecf8e0,lap_bag_context,no_pose_observation,34560.0,1.33,,1,cam12/e1/v1,
oneshot,03.CCTV Mobile Usage.mkv,632de9ed55947761d56d4c6142a3cb1a1fe69d0b1a6d0e01a2e404c697962623,dfine_sahi,13700.0,monitor_or_bezel,0.7706,910.05,411.11,1140.78,506.4,21985.7,230.72,95.29,2.421,False,,True,R-desk,5,evt_S-61_desk_work_surface_0001,243d4174c5ecf8e0,lap_bag_context,no_pose_observation,34560.0,1.33,,1,cam12/e1/v1,
oneshot,03.CCTV Mobile Usage.mkv,632de9ed55947761d56d4c6142a3cb1a1fe69d0b1a6d0e01a2e404c697962623,dfine_sahi,13700.0,monitor_or_bezel,0.7502,963.79,380.38,1152.82,475.22,17926.7,189.03,94.84,1.993,False,,True,R-desk,5,evt_S-61_desk_work_surface_0001,243d4174c5ecf8e0,lap_bag_context,no_pose_observation,34560.0,1.33,,1,cam12/e1/v1,
oneshot,03.CCTV Mobile Usage.mkv,632de9ed55947761d56d4c6142a3cb1a1fe69d0b1a6d0e01a2e404c697962623,dfine_sahi,13700.0,monitor_or_bezel,0.7047,707.05,379.91,969.7,474.94,24958.5,262.65,95.03,2.764,False,,True,R-desk,5,evt_S-61_desk_work_surface_0001,243d4174c5ecf8e0,lap_bag_context,no_pose_observation,34560.0,1.33,,1,cam12/e1/v1,
oneshot,03.CCTV Mobile Usage.mkv,632de9ed55947761d56d4c6142a3cb1a1fe69d0b1a6d0e01a2e404c697962623,dfine_sahi,13700.0,keyboard,0.6385,772.63,380.23,871.12,420.39,3955.7,98.5,40.16,2.453,False,,True,R-desk,5,evt_S-61_desk_work_surface_0001,243d4174c5ecf8e0,lap_bag_context,no_pose_observation,34560.0,1.33,,1,cam12/e1/v1,
oneshot,03.CCTV Mobile Usage.mkv,632de9ed55947761d56d4c6142a3cb1a1fe69d0b1a6d0e01a2e404c697962623,dfine_sahi,13700.0,unknown_object,0.6351,699.91,396.23,849.23,492.42,14363.2,149.32,96.19,1.552,False,,True,R-desk,5,evt_S-61_desk_work_surface_0001,243d4174c5ecf8e0,lap_bag_context,no_pose_observation,34560.0,1.33,,1,cam12/e1/v1,
oneshot,03.CCTV Mobile Usage.mkv,632de9ed55947761d56d4c6142a3cb1a1fe69d0b1a6d0e01a2e404c697962623,dfine_sahi,13700.0,keyboard,0.6268,962.63,452.36,1035.07,475.63,1686.1,72.44,23.28,3.112,False,,True,R-desk,5,evt_S-61_desk_work_surface_0001,243d4174c5ecf8e0,lap_bag_context,no_pose_observation,34560.0,1.33,,1,cam12/e1/v1,
oneshot,03.CCTV Mobile Usage.mkv,632de9ed55947761d56d4c6142a3cb1a1fe69d0b1a6d0e01a2e404c697962623,dfine_sahi,13700.0,mouse,0.5573,865.43,413.69,891.29,435.25,557.5,25.86,21.56,1.2,False,,True,R-desk,5,evt_S-61_desk_work_surface_0001,243d4174c5ecf8e0,lap_bag_context,no_pose_observation,34560.0,1.33,,1,cam12/e1/v1,
oneshot,03.CCTV Mobile Usage.mkv,632de9ed55947761d56d4c6142a3cb1a1fe69d0b1a6d0e01a2e404c697962623,dfine_sahi,13700.0,unknown_object,0.5137,769.18,411.0,969.84,505.94,19052.0,200.66,94.95,2.113,False,,True,R-desk,5,evt_S-61_desk_work_surface_0001,243d4174c5ecf8e0,lap_bag_context,no_pose_observation,34560.0,1.33,,1,cam12/e1/v1,
oneshot,03.CCTV Mobile Usage.mkv,632de9ed55947761d56d4c6142a3cb1a1fe69d0b1a6d0e01a2e404c697962623,dfine_sahi,13700.0,phone,0.4353,1043.38,421.51,1113.15,473.57,3632.2,69.77,52.06,1.34,False,,True,R-desk,5,evt_S-61_desk_work_surface_0001,243d4174c5ecf8e0,lap_bag_context,no_pose_observation,34560.0,1.33,,1,cam12/e1/v1,
oneshot,03.CCTV Mobile Usage.mkv,632de9ed55947761d56d4c6142a3cb1a1fe69d0b1a6d0e01a2e404c697962623,dfine_sahi,13700.0,keyboard,0.4275,802.46,396.23,870.9,420.71,1675.4,68.44,24.48,2.796,False,,True,R-desk,5,evt_S-61_desk_work_surface_0001,243d4174c5ecf8e0,lap_bag_context,no_pose_observation,34560.0,1.33,,1,cam12/e1/v1,
oneshot,03.CCTV Mobile Usage.mkv,632de9ed55947761d56d4c6142a3cb1a1fe69d0b1a6d0e01a2e404c697962623,dfine_sahi,13700.0,unknown_object,0.4047,699.97,396.23,757.44,491.07,5450.2,57.47,94.84,0.606,False,,True,R-desk,5,evt_S-61_desk_work_surface_0001,243d4174c5ecf8e0,lap_bag_context,no_pose_observation,34560.0,1.33,,1,cam12/e1/v1,
oneshot,03.CCTV Mobile Usage.mkv,632de9ed55947761d56d4c6142a3cb1a1fe69d0b1a6d0e01a2e404c697962623,dfine_sahi,13700.0,monitor_or_bezel,0.3911,1019.66,395.52,1145.07,446.54,6398.2,125.4,51.02,2.458,False,,True,R-desk,5,evt_S-61_desk_work_surface_0001,243d4174c5ecf8e0,lap_bag_context,no_pose_observation,34560.0,1.33,,1,cam12/e1/v1,
oneshot,03.CCTV Mobile Usage.mkv,632de9ed55947761d56d4c6142a3cb1a1fe69d0b1a6d0e01a2e404c697962623,dfine_sahi,13700.0,keyboard,0.3412,910.14,412.13,1092.2,506.31,17146.7,182.06,94.18,1.933,False,,True,R-desk,5,evt_S-61_desk_work_surface_0001,243d4174c5ecf8e0,lap_bag_context,no_pose_observation,34560.0,1.33,,1,cam12/e1/v1,
oneshot,03.CCTV Mobile Usage.mkv,632de9ed55947761d56d4c6142a3cb1a1fe69d0b1a6d0e01a2e404c697962623,dfine_sahi,13700.0,unknown_object,0.3252,882.06,411.12,932.43,452.77,2097.8,50.37,41.65,1.21,False,,True,R-desk,5,evt_S-61_desk_work_surface_0001,243d4174c5ecf8e0,lap_bag_context,no_pose_observation,34560.0,1.33,,1,cam12/e1/v1,
oneshot,03.CCTV Mobile Usage.mkv,632de9ed55947761d56d4c6142a3cb1a1fe69d0b1a6d0e01a2e404c697962623,dfine_sahi,13700.0,keyboard,0.3242,965.98,396.23,1096.61,475.05,10296.4,130.63,78.82,1.657,False,,True,R-desk,5,evt_S-61_desk_work_surface_0001,243d4174c5ecf8e0,lap_bag_context,no_pose_observation,34560.0,1.33,,1,cam12/e1/v1,
oneshot,03.CCTV Mobile Usage.mkv,632de9ed55947761d56d4c6142a3cb1a1fe69d0b1a6d0e01a2e404c697962623,dfine_sahi,13700.0,unknown_object,0.3122,736.53,395.62,1140.46,491.18,38597.9,403.92,95.56,4.227,False,,True,R-desk,5,evt_S-61_desk_work_surface_0001,243d4174c5ecf8e0,lap_bag_context,no_pose_observation,34560.0,1.33,,1,cam12/e1/v1,
oneshot,03.CCTV Mobile Usage.mkv,632de9ed55947761d56d4c6142a3cb1a1fe69d0b1a6d0e01a2e404c697962623,dfine_sahi,13700.0,unknown_object,0.277,881.3,411.54,969.9,505.57,8331.3,88.6,94.03,0.942,False,,True,R-desk,5,evt_S-61_desk_work_surface_0001,243d4174c5ecf8e0,lap_bag_context,no_pose_observation,34560.0,1.33,,1,cam12/e1/v1,
oneshot,03.CCTV Mobile Usage.mkv,632de9ed55947761d56d4c6142a3cb1a1fe69d0b1a6d0e01a2e404c697962623,dfine_sahi,13700.0,mouse,0.2755,966.86,398.32,992.31,410.43,308.4,25.45,12.12,2.101,False,,True,R-desk,5,evt_S-61_desk_work_surface_0001,243d4174c5ecf8e0,lap_bag_context,no_pose_observation,34560.0,1.33,,1,cam12/e1/v1,
oneshot,03.CCTV Mobile Usage.mkv,632de9ed55947761d56d4c6142a3cb1a1fe69d0b1a6d0e01a2e404c697962623,dfine_sahi,13700.0,keyboard,0.2612,882.33,380.24,968.97,453.05,6308.7,86.65,72.81,1.19,False,,True,R-desk,5,evt_S-61_desk_work_surface_0001,243d4174c5ecf8e0,lap_bag_context,no_pose_observation,34560.0,1.33,,1,cam12/e1/v1,
oneshot,03.CCTV Mobile Usage.mkv,632de9ed55947761d56d4c6142a3cb1a1fe69d0b1a6d0e01a2e404c697962623,dfine_sahi,13700.0,unknown_object,0.2541,910.47,411.12,1177.82,506.5,25500.8,267.36,95.38,2.803,False,,True,R-desk,5,evt_S-61_desk_work_surface_0001,243d4174c5ecf8e0,lap_bag_context,no_pose_observation,34560.0,1.33,,1,cam12/e1/v1,
oneshot,03.CCTV Mobile Usage.mkv,632de9ed55947761d56d4c6142a3cb1a1fe69d0b1a6d0e01a2e404c697962623,dfine_sahi,13700.0,keyboard,0.8943,962.1,451.9,1067.92,491.45,4185.3,105.83,39.55,2.676,False,,True,R-desk,7,evt_S-61_desk_work_surface_0001,243d4174c5ecf8e0,lap_bag_context,no_pose_observation,34560.0,1.33,,1,cam12/e1/v1,
oneshot,03.CCTV Mobile Usage.mkv,632de9ed55947761d56d4c6142a3cb1a1fe69d0b1a6d0e01a2e404c697962623,dfine_sahi,13700.0,monitor_or_bezel,0.7706,910.05,411.11,1140.78,506.4,21985.7,230.72,95.29,2.421,False,,True,R-desk,7,evt_S-61_desk_work_surface_0001,243d4174c5ecf8e0,lap_bag_context,no_pose_observation,34560.0,1.33,,1,cam12/e1/v1,
oneshot,03.CCTV Mobile Usage.mkv,632de9ed55947761d56d4c6142a3cb1a1fe69d0b1a6d0e01a2e404c697962623,dfine_sahi,13700.0,monitor_or_bezel,0.7502,963.79,380.38,1152.82,475.22,17926.7,189.03,94.84,1.993,False,,True,R-desk,7,evt_S-61_desk_work_surface_0001,243d4174c5ecf8e0,lap_bag_context,no_pose_observation,34560.0,1.33,,1,cam12/e1/v1,
oneshot,03.CCTV Mobile Usage.mkv,632de9ed55947761d56d4c6142a3cb1a1fe69d0b1a6d0e01a2e404c697962623,dfine_sahi,13700.0,monitor_or_bezel,0.7047,707.05,379.91,969.7,474.94,24958.5,262.65,95.03,2.764,False,,True,R-desk,7,evt_S-61_desk_work_surface_0001,243d4174c5ecf8e0,lap_bag_context,no_pose_observation,34560.0,1.33,,1,cam12/e1/v1,
oneshot,03.CCTV Mobile Usage.mkv,632de9ed55947761d56d4c6142a3cb1a1fe69d0b1a6d0e01a2e404c697962623,dfine_sahi,13700.0,keyboard,0.6385,772.63,380.23,871.12,420.39,3955.7,98.5,40.16,2.453,False,,True,R-desk,7,evt_S-61_desk_work_surface_0001,243d4174c5ecf8e0,lap_bag_context,no_pose_observation,34560.0,1.33,,1,cam12/e1/v1,
oneshot,03.CCTV Mobile Usage.mkv,632de9ed55947761d56d4c6142a3cb1a1fe69d0b1a6d0e01a2e404c697962623,dfine_sahi,13700.0,unknown_object,0.6351,699.91,396.23,849.23,492.42,14363.2,149.32,96.19,1.552,False,,True,R-desk,7,evt_S-61_desk_work_surface_0001,243d4174c5ecf8e0,lap_bag_context,no_pose_observation,34560.0,1.33,,1,cam12/e1/v1,
oneshot,03.CCTV Mobile Usage.mkv,632de9ed55947761d56d4c6142a3cb1a1fe69d0b1a6d0e01a2e404c697962623,dfine_sahi,13700.0,keyboard,0.6268,962.63,452.36,1035.07,475.63,1686.1,72.44,23.28,3.112,False,,True,R-desk,7,evt_S-61_desk_work_surface_0001,243d4174c5ecf8e0,lap_bag_context,no_pose_observation,34560.0,1.33,,1,cam12/e1/v1,
oneshot,03.CCTV Mobile Usage.mkv,632de9ed55947761d56d4c6142a3cb1a1fe69d0b1a6d0e01a2e404c697962623,dfine_sahi,13700.0,mouse,0.5573,865.43,413.69,891.29,435.25,557.5,25.86,21.56,1.2,False,,True,R-desk,7,evt_S-61_desk_work_surface_0001,243d4174c5ecf8e0,lap_bag_context,no_pose_observation,34560.0,1.33,,1,cam12/e1/v1,
oneshot,03.CCTV Mobile Usage.mkv,632de9ed55947761d56d4c6142a3cb1a1fe69d0b1a6d0e01a2e404c697962623,dfine_sahi,13700.0,unknown_object,0.5137,769.18,411.0,969.84,505.94,19052.0,200.66,94.95,2.113,False,,True,R-desk,7,evt_S-61_desk_work_surface_0001,243d4174c5ecf8e0,lap_bag_context,no_pose_observation,34560.0,1.33,,1,cam12/e1/v1,
oneshot,03.CCTV Mobile Usage.mkv,632de9ed55947761d56d4c6142a3cb1a1fe69d0b1a6d0e01a2e404c697962623,dfine_sahi,13700.0,phone,0.4353,1043.38,421.51,1113.15,473.57,3632.2,69.77,52.06,1.34,False,,True,R-desk,7,evt_S-61_desk_work_surface_0001,243d4174c5ecf8e0,lap_bag_context,no_pose_observation,34560.0,1.33,,1,cam12/e1/v1,
oneshot,03.CCTV Mobile Usage.mkv,632de9ed55947761d56d4c6142a3cb1a1fe69d0b1a6d0e01a2e404c697962623,dfine_sahi,13700.0,keyboard,0.4275,802.46,396.23,870.9,420.71,1675.4,68.44,24.48,2.796,False,,True,R-desk,7,evt_S-61_desk_work_surface_0001,243d4174c5ecf8e0,lap_bag_context,no_pose_observation,34560.0,1.33,,1,cam12/e1/v1,
oneshot,03.CCTV Mobile Usage.mkv,632de9ed55947761d56d4c6142a3cb1a1fe69d0b1a6d0e01a2e404c697962623,dfine_sahi,13700.0,unknown_object,0.4047,699.97,396.23,757.44,491.07,5450.2,57.47,94.84,0.606,False,,True,R-desk,7,evt_S-61_desk_work_surface_0001,243d4174c5ecf8e0,lap_bag_context,no_pose_observation,34560.0,1.33,,1,cam12/e1/v1,
oneshot,03.CCTV Mobile Usage.mkv,632de9ed55947761d56d4c6142a3cb1a1fe69d0b1a6d0e01a2e404c697962623,dfine_sahi,13700.0,monitor_or_bezel,0.3911,1019.66,395.52,1145.07,446.54,6398.2,125.4,51.02,2.458,False,,True,R-desk,7,evt_S-61_desk_work_surface_0001,243d4174c5ecf8e0,lap_bag_context,no_pose_observation,34560.0,1.33,,1,cam12/e1/v1,
oneshot,03.CCTV Mobile Usage.mkv,632de9ed55947761d56d4c6142a3cb1a1fe69d0b1a6d0e01a2e404c697962623,dfine_sahi,13700.0,keyboard,0.3412,910.14,412.13,1092.2,506.31,17146.7,182.06,94.18,1.933,False,,True,R-desk,7,evt_S-61_desk_work_surface_0001,243d4174c5ecf8e0,lap_bag_context,no_pose_observation,34560.0,1.33,,1,cam12/e1/v1,
oneshot,03.CCTV Mobile Usage.mkv,632de9ed55947761d56d4c6142a3cb1a1fe69d0b1a6d0e01a2e404c697962623,dfine_sahi,13700.0,unknown_object,0.3252,882.06,411.12,932.43,452.77,2097.8,50.37,41.65,1.21,False,,True,R-desk,7,evt_S-61_desk_work_surface_0001,243d4174c5ecf8e0,lap_bag_context,no_pose_observation,34560.0,1.33,,1,cam12/e1/v1,
oneshot,03.CCTV Mobile Usage.mkv,632de9ed55947761d56d4c6142a3cb1a1fe69d0b1a6d0e01a2e404c697962623,dfine_sahi,13700.0,keyboard,0.3242,965.98,396.23,1096.61,475.05,10296.4,130.63,78.82,1.657,False,,True,R-desk,7,evt_S-61_desk_work_surface_0001,243d4174c5ecf8e0,lap_bag_context,no_pose_observation,34560.0,1.33,,1,cam12/e1/v1,
oneshot,03.CCTV Mobile Usage.mkv,632de9ed55947761d56d4c6142a3cb1a1fe69d0b1a6d0e01a2e404c697962623,dfine_sahi,13700.0,unknown_object,0.3122,736.53,395.62,1140.46,491.18,38597.9,403.92,95.56,4.227,False,,True,R-desk,7,evt_S-61_desk_work_surface_0001,243d4174c5ecf8e0,lap_bag_context,no_pose_observation,34560.0,1.33,,1,cam12/e1/v1,
oneshot,03.CCTV Mobile Usage.mkv,632de9ed55947761d56d4c6142a3cb1a1fe69d0b1a6d0e01a2e404c697962623,dfine_sahi,13700.0,unknown_object,0.277,881.3,411.54,969.9,505.57,8331.3,88.6,94.03,0.942,False,,True,R-desk,7,evt_S-61_desk_work_surface_0001,243d4174c5ecf8e0,lap_bag_context,no_pose_observation,34560.0,1.33,,1,cam12/e1/v1,
oneshot,03.CCTV Mobile Usage.mkv,632de9ed55947761d56d4c6142a3cb1a1fe69d0b1a6d0e01a2e404c697962623,dfine_sahi,13700.0,mouse,0.2755,966.86,398.32,992.31,410.43,308.4,25.45,12.12,2.101,False,,True,R-desk,7,evt_S-61_desk_work_surface_0001,243d4174c5ecf8e0,lap_bag_context,no_pose_observation,34560.0,1.33,,1,cam12/e1/v1,
oneshot,03.CCTV Mobile Usage.mkv,632de9ed55947761d56d4c6142a3cb1a1fe69d0b1a6d0e01a2e404c697962623,dfine_sahi,13700.0,keyboard,0.2612,882.33,380.24,968.97,453.05,6308.7,86.65,72.81,1.19,False,,True,R-desk,7,evt_S-61_desk_work_surface_0001,243d4174c5ecf8e0,lap_bag_context,no_pose_observation,34560.0,1.33,,1,cam12/e1/v1,
oneshot,03.CCTV Mobile Usage.mkv,632de9ed55947761d56d4c6142a3cb1a1fe69d0b1a6d0e01a2e404c697962623,dfine_sahi,13700.0,unknown_object,0.2541,910.47,411.12,1177.82,506.5,25500.8,267.36,95.38,2.803,False,,True,R-desk,7,evt_S-61_desk_work_surface_0001,243d4174c5ecf8e0,lap_bag_context,no_pose_observation,34560.0,1.33,,1,cam12/e1/v1,
oneshot,03.CCTV Mobile Usage.mkv,632de9ed55947761d56d4c6142a3cb1a1fe69d0b1a6d0e01a2e404c697962623,dfine_sahi,13700.0,unknown_object,0.6503,96.2,324.35,210.75,421.62,11142.7,114.55,97.27,1.178,False,,True,S-61,2,evt_S-61_desk_work_surface_0001,843ac0bd3ddb8743,pose_hand_context,,44783.0,3.02,,1,cam12/e1/v1,rtmpose_baseline
oneshot,03.CCTV Mobile Usage.mkv,632de9ed55947761d56d4c6142a3cb1a1fe69d0b1a6d0e01a2e404c697962623,dfine_sahi,13700.0,unknown_object,0.448,0.34,254.1,45.11,306.08,2327.2,44.77,51.98,0.861,False,,True,S-61,2,evt_S-61_desk_work_surface_0001,843ac0bd3ddb8743,pose_hand_context,,44783.0,3.02,,1,cam12/e1/v1,rtmpose_baseline
oneshot,03.CCTV Mobile Usage.mkv,632de9ed55947761d56d4c6142a3cb1a1fe69d0b1a6d0e01a2e404c697962623,dfine_sahi,13700.0,unknown_object,0.4153,-0.16,278.33,84.97,421.88,12220.0,85.13,143.55,0.593,False,,True,S-61,2,evt_S-61_desk_work_surface_0001,843ac0bd3ddb8743,pose_hand_context,,44783.0,3.02,,1,cam12/e1/v1,rtmpose_baseline
oneshot,03.CCTV Mobile Usage.mkv,632de9ed55947761d56d4c6142a3cb1a1fe69d0b1a6d0e01a2e404c697962623,dfine_sahi,13700.0,bag,0.3746,0.43,254.6,96.07,329.45,7157.9,95.63,74.85,1.278,False,,True,S-61,2,evt_S-61_desk_work_surface_0001,843ac0bd3ddb8743,pose_hand_context,,44783.0,3.02,,1,cam12/e1/v1,rtmpose_baseline
oneshot,03.CCTV Mobile Usage.mkv,632de9ed55947761d56d4c6142a3cb1a1fe69d0b1a6d0e01a2e404c697962623,dfine_sahi,13700.0,bag,0.3578,17.2,300.65,94.62,329.71,2250.0,77.41,29.07,2.663,False,,True,S-61,2,evt_S-61_desk_work_surface_0001,843ac0bd3ddb8743,pose_hand_context,,44783.0,3.02,,1,cam12/e1/v1,rtmpose_baseline
oneshot,03.CCTV Mobile Usage.mkv,632de9ed55947761d56d4c6142a3cb1a1fe69d0b1a6d0e01a2e404c697962623,dfine_sahi,13700.0,unknown_object,0.3306,0.04,254.9,210.74,421.83,35171.2,210.7,166.93,1.262,False,,True,S-61,2,evt_S-61_desk_work_surface_0001,843ac0bd3ddb8743,pose_hand_context,,44783.0,3.02,,1,cam12/e1/v1,rtmpose_baseline
oneshot,03.CCTV Mobile Usage.mkv,632de9ed55947761d56d4c6142a3cb1a1fe69d0b1a6d0e01a2e404c697962623,dfine_sahi,13700.0,keyboard,0.3124,191.28,337.71,210.99,367.37,584.6,19.71,29.66,0.664,False,,True,S-61,2,evt_S-61_desk_work_surface_0001,843ac0bd3ddb8743,pose_hand_context,,44783.0,3.02,,1,cam12/e1/v1,rtmpose_baseline
oneshot,03.CCTV Mobile Usage.mkv,632de9ed55947761d56d4c6142a3cb1a1fe69d0b1a6d0e01a2e404c697962623,dfine_sahi,13700.0,unknown_object,0.2542,0.27,254.34,117.5,329.65,8827.7,117.23,75.3,1.557,False,,True,S-61,2,evt_S-61_desk_work_surface_0001,843ac0bd3ddb8743,pose_hand_context,,44783.0,3.02,,1,cam12/e1/v1,rtmpose_baseline
oneshot,03.CCTV Mobile Usage.mkv,632de9ed55947761d56d4c6142a3cb1a1fe69d0b1a6d0e01a2e404c697962623,dfine_sahi,13700.0,unknown_object,0.6748,94.0,372.12,204.94,480.54,12027.8,110.94,108.42,1.023,False,,True,S-61,1,evt_S-61_desk_work_surface_0001,96838b91a5af473a,pose_hand_context,,38722.4,3.25,,1,cam12/e1/v1,rtmpose_baseline
oneshot,03.CCTV Mobile Usage.mkv,632de9ed55947761d56d4c6142a3cb1a1fe69d0b1a6d0e01a2e404c697962623,dfine_sahi,13700.0,unknown_object,0.649,46.03,509.21,85.17,555.62,1816.6,39.14,46.41,0.843,False,,True,S-61,1,evt_S-61_desk_work_surface_0001,96838b91a5af473a,pose_hand_context,,38722.4,3.25,,1,cam12/e1/v1,rtmpose_baseline
oneshot,03.CCTV Mobile Usage.mkv,632de9ed55947761d56d4c6142a3cb1a1fe69d0b1a6d0e01a2e404c697962623,dfine_sahi,13700.0,unknown_object,0.5722,7.96,493.85,204.72,567.96,14581.5,196.76,74.11,2.655,False,,True,S-61,1,evt_S-61_desk_work_surface_0001,96838b91a5af473a,pose_hand_context,,38722.4,3.25,,1,cam12/e1/v1,rtmpose_baseline
oneshot,03.CCTV Mobile Usage.mkv,632de9ed55947761d56d4c6142a3cb1a1fe69d0b1a6d0e01a2e404c697962623,dfine_sahi,13700.0,stationery,0.4846,43.14,443.47,72.21,471.07,802.4,29.07,27.6,1.053,False,,True,S-61,1,evt_S-61_desk_work_surface_0001,96838b91a5af473a,pose_hand_context,,38722.4,3.25,,1,cam12/e1/v1,rtmpose_baseline
oneshot,03.CCTV Mobile Usage.mkv,632de9ed55947761d56d4c6142a3cb1a1fe69d0b1a6d0e01a2e404c697962623,dfine_sahi,13700.0,unknown_object,0.4473,7.97,372.29,118.87,480.86,12039.7,110.9,108.56,1.022,False,,True,S-61,1,evt_S-61_desk_work_surface_0001,96838b91a5af473a,pose_hand_context,,38722.4,3.25,,1,cam12/e1/v1,rtmpose_baseline
oneshot,03.CCTV Mobile Usage.mkv,632de9ed55947761d56d4c6142a3cb1a1fe69d0b1a6d0e01a2e404c697962623,dfine_sahi,13700.0,stationery,0.3904,8.03,415.42,103.85,502.76,8368.7,95.81,87.34,1.097,False,,True,S-61,1,evt_S-61_desk_work_surface_0001,96838b91a5af473a,pose_hand_context,,38722.4,3.25,,1,cam12/e1/v1,rtmpose_baseline
oneshot,03.CCTV Mobile Usage.mkv,632de9ed55947761d56d4c6142a3cb1a1fe69d0b1a6d0e01a2e404c697962623,dfine_sahi,13700.0,unknown_object,0.3749,94.02,417.66,153.57,480.06,3716.1,59.55,62.4,0.954,False,,True,S-61,1,evt_S-61_desk_work_surface_0001,96838b91a5af473a,pose_hand_context,,38722.4,3.25,,1,cam12/e1/v1,rtmpose_baseline
oneshot,03.CCTV Mobile Usage.mkv,632de9ed55947761d56d4c6142a3cb1a1fe69d0b1a6d0e01a2e404c697962623,dfine_sahi,13700.0,unknown_object,0.3212,93.98,458.08,144.96,498.15,2042.6,50.97,40.07,1.272,False,,True,S-61,1,evt_S-61_desk_work_surface_0001,96838b91a5af473a,pose_hand_context,,38722.4,3.25,,1,cam12/e1/v1,rtmpose_baseline
oneshot,03.CCTV Mobile Usage.mkv,632de9ed55947761d56d4c6142a3cb1a1fe69d0b1a6d0e01a2e404c697962623,dfine_sahi,13700.0,unknown_object,0.3177,42.96,443.4,72.09,470.78,797.6,29.13,27.38,1.064,False,,True,S-61,1,evt_S-61_desk_work_surface_0001,96838b91a5af473a,pose_hand_context,,38722.4,3.25,,1,cam12/e1/v1,rtmpose_baseline
oneshot,03.CCTV Mobile Usage.mkv,632de9ed55947761d56d4c6142a3cb1a1fe69d0b1a6d0e01a2e404c697962623,dfine_sahi,13700.0,unknown_object,0.3162,48.7,518.93,72.78,552.76,814.9,24.09,33.83,0.712,False,,True,S-61,1,evt_S-61_desk_work_surface_0001,96838b91a5af473a,pose_hand_context,,38722.4,3.25,,1,cam12/e1/v1,rtmpose_baseline
oneshot,03.CCTV Mobile Usage.mkv,632de9ed55947761d56d4c6142a3cb1a1fe69d0b1a6d0e01a2e404c697962623,dfine_sahi,13700.0,unknown_object,0.3044,8.15,413.99,156.49,504.3,13395.9,148.34,90.3,1.643,False,,True,S-61,1,evt_S-61_desk_work_surface_0001,96838b91a5af473a,pose_hand_context,,38722.4,3.25,,1,cam12/e1/v1,rtmpose_baseline
oneshot,03.CCTV Mobile Usage.mkv,632de9ed55947761d56d4c6142a3cb1a1fe69d0b1a6d0e01a2e404c697962623,dfine_sahi,13700.0,unknown_object,0.298,42.48,458.04,73.29,471.26,407.4,30.82,13.22,2.331,False,,True,S-61,1,evt_S-61_desk_work_surface_0001,96838b91a5af473a,pose_hand_context,,38722.4,3.25,,1,cam12/e1/v1,rtmpose_baseline
oneshot,03.CCTV Mobile Usage.mkv,632de9ed55947761d56d4c6142a3cb1a1fe69d0b1a6d0e01a2e404c697962623,dfine_sahi,13700.0,unknown_object,0.2967,68.72,372.91,118.95,450.77,3911.7,50.24,77.86,0.645,False,,True,S-61,1,evt_S-61_desk_work_surface_0001,96838b91a5af473a,pose_hand_context,,38722.4,3.25,,1,cam12/e1/v1,rtmpose_baseline
oneshot,03.CCTV Mobile Usage.mkv,632de9ed55947761d56d4c6142a3cb1a1fe69d0b1a6d0e01a2e404c697962623,dfine_sahi,13700.0,unknown_object,0.2763,8.66,458.05,118.9,502.21,4868.0,110.24,44.16,2.496,False,,True,S-61,1,evt_S-61_desk_work_surface_0001,96838b91a5af473a,pose_hand_context,,38722.4,3.25,,1,cam12/e1/v1,rtmpose_baseline
oneshot,03.CCTV Mobile Usage.mkv,632de9ed55947761d56d4c6142a3cb1a1fe69d0b1a6d0e01a2e404c697962623,dfine_sahi,13700.0,stationery,0.2723,43.64,508.95,89.79,557.11,2223.0,46.15,48.17,0.958,False,,True,S-61,1,evt_S-61_desk_work_surface_0001,96838b91a5af473a,pose_hand_context,,38722.4,3.25,,1,cam12/e1/v1,rtmpose_baseline
oneshot2,03.CCTV Mobile Usage.mkv,632de9ed55947761d56d4c6142a3cb1a1fe69d0b1a6d0e01a2e404c697962623,dfine_native,9700.0,unknown_object,0.4601,132.03,136.48,193.82,269.29,8207.5,61.8,132.81,0.465,False,,True,S-61,2,evt_S-61_desk_work_surface_0001,221f3c51e350e5d4,pose_hand_context,,17977.4,4.77,,1,cam12/e1/v1,rtmpose_baseline
oneshot2,03.CCTV Mobile Usage.mkv,632de9ed55947761d56d4c6142a3cb1a1fe69d0b1a6d0e01a2e404c697962623,dfine_native,9700.0,unknown_object,0.3504,190.18,201.26,208.79,264.56,1178.5,18.62,63.3,0.294,False,,True,S-61,2,evt_S-61_desk_work_surface_0001,221f3c51e350e5d4,pose_hand_context,,17977.4,4.77,,1,cam12/e1/v1,rtmpose_baseline
oneshot2,03.CCTV Mobile Usage.mkv,632de9ed55947761d56d4c6142a3cb1a1fe69d0b1a6d0e01a2e404c697962623,dfine_native,9700.0,unknown_object,0.2953,190.37,201.8,208.22,239.17,667.2,17.85,37.37,0.478,False,,True,S-61,2,evt_S-61_desk_work_surface_0001,221f3c51e350e5d4,pose_hand_context,,17977.4,4.77,,1,cam12/e1/v1,rtmpose_baseline
oneshot2,03.CCTV Mobile Usage.mkv,632de9ed55947761d56d4c6142a3cb1a1fe69d0b1a6d0e01a2e404c697962623,dfine_native,9700.0,stationery,0.2724,203.21,169.66,265.51,216.53,2920.0,62.29,46.88,1.329,False,,True,S-61,2,evt_S-61_desk_work_surface_0001,221f3c51e350e5d4,pose_hand_context,,17977.4,4.77,,1,cam12/e1/v1,rtmpose_baseline
oneshot2,03.CCTV Mobile Usage.mkv,632de9ed55947761d56d4c6142a3cb1a1fe69d0b1a6d0e01a2e404c697962623,dfine_native,9700.0,keyboard,0.9035,962.11,451.94,1068.0,491.44,4182.8,105.88,39.5,2.68,False,,True,R-desk,3,evt_S-61_desk_work_surface_0001,aa2a91065abbd7fe,lap_bag_context,no_pose_observation,34560.0,1.33,,1,cam12/e1/v1,
oneshot2,03.CCTV Mobile Usage.mkv,632de9ed55947761d56d4c6142a3cb1a1fe69d0b1a6d0e01a2e404c697962623,dfine_native,9700.0,monitor_or_bezel,0.6032,1018.64,395.69,1145.25,447.3,6534.0,126.61,51.61,2.453,False,,True,R-desk,3,evt_S-61_desk_work_surface_0001,aa2a91065abbd7fe,lap_bag_context,no_pose_observation,34560.0,1.33,,1,cam12/e1/v1,
oneshot2,03.CCTV Mobile Usage.mkv,632de9ed55947761d56d4c6142a3cb1a1fe69d0b1a6d0e01a2e404c697962623,dfine_native,9700.0,unknown_object,0.5179,700.11,396.17,862.39,492.21,15585.3,162.28,96.04,1.69,False,,True,R-desk,3,evt_S-61_desk_work_surface_0001,aa2a91065abbd7fe,lap_bag_context,no_pose_observation,34560.0,1.33,,1,cam12/e1/v1,
oneshot2,03.CCTV Mobile Usage.mkv,632de9ed55947761d56d4c6142a3cb1a1fe69d0b1a6d0e01a2e404c697962623,dfine_native,9700.0,unknown_object,0.3775,699.98,396.11,771.33,491.82,6829.3,71.35,95.71,0.746,False,,True,R-desk,3,evt_S-61_desk_work_surface_0001,aa2a91065abbd7fe,lap_bag_context,no_pose_observation,34560.0,1.33,,1,cam12/e1/v1,
oneshot2,03.CCTV Mobile Usage.mkv,632de9ed55947761d56d4c6142a3cb1a1fe69d0b1a6d0e01a2e404c697962623,dfine_native,9700.0,keyboard,0.4761,802.25,396.25,870.72,420.71,1674.8,68.47,24.46,2.799,False,,True,R-desk,3,evt_S-61_desk_work_surface_0001,aa2a91065abbd7fe,lap_bag_context,no_pose_observation,34560.0,1.33,,1,cam12/e1/v1,
oneshot2,03.CCTV Mobile Usage.mkv,632de9ed55947761d56d4c6142a3cb1a1fe69d0b1a6d0e01a2e404c697962623,dfine_native,9700.0,phone,0.3356,1042.86,421.37,1114.04,474.47,3779.1,71.18,53.09,1.341,False,,True,R-desk,3,evt_S-61_desk_work_surface_0001,aa2a91065abbd7fe,lap_bag_context,no_pose_observation,34560.0,1.33,,1,cam12/e1/v1,
oneshot2,03.CCTV Mobile Usage.mkv,632de9ed55947761d56d4c6142a3cb1a1fe69d0b1a6d0e01a2e404c697962623,dfine_native,9700.0,unknown_object,0.3186,700.06,396.27,758.23,490.41,5476.6,58.17,94.14,0.618,False,,True,R-desk,3,evt_S-61_desk_work_surface_0001,aa2a91065abbd7fe,lap_bag_context,no_pose_observation,34560.0,1.33,,1,cam12/e1/v1,
oneshot2,03.CCTV Mobile Usage.mkv,632de9ed55947761d56d4c6142a3cb1a1fe69d0b1a6d0e01a2e404c697962623,dfine_native,9700.0,monitor_or_bezel,0.2952,1011.98,395.68,1146.4,488.42,12466.4,134.42,92.74,1.449,False,,True,R-desk,3,evt_S-61_desk_work_surface_0001,aa2a91065abbd7fe,lap_bag_context,no_pose_observation,34560.0,1.33,,1,cam12/e1/v1,
oneshot2,03.CCTV Mobile Usage.mkv,632de9ed55947761d56d4c6142a3cb1a1fe69d0b1a6d0e01a2e404c697962623,dfine_native,9700.0,monitor_or_bezel,0.2681,881.36,396.18,948.1,452.48,3757.9,66.74,56.3,1.185,False,,True,R-desk,3,evt_S-61_desk_work_surface_0001,aa2a91065abbd7fe,lap_bag_context,no_pose_observation,34560.0,1.33,,1,cam12/e1/v1,
oneshot2,03.CCTV Mobile Usage.mkv,632de9ed55947761d56d4c6142a3cb1a1fe69d0b1a6d0e01a2e404c697962623,dfine_native,9700.0,mouse,0.5184,864.74,413.84,892.29,435.32,591.6,27.54,21.48,1.282,False,,True,R-desk,3,evt_S-61_desk_work_surface_0001,aa2a91065abbd7fe,lap_bag_context,no_pose_observation,34560.0,1.33,,1,cam12/e1/v1,
oneshot2,03.CCTV Mobile Usage.mkv,632de9ed55947761d56d4c6142a3cb1a1fe69d0b1a6d0e01a2e404c697962623,dfine_native,9700.0,mouse,0.278,967.15,398.42,992.01,410.59,302.6,24.86,12.17,2.042,False,,True,R-desk,3,evt_S-61_desk_work_surface_0001,aa2a91065abbd7fe,lap_bag_context,no_pose_observation,34560.0,1.33,,1,cam12/e1/v1,
oneshot2,03.CCTV Mobile Usage.mkv,632de9ed55947761d56d4c6142a3cb1a1fe69d0b1a6d0e01a2e404c697962623,dfine_native,9700.0,unknown_object,0.2805,700.03,396.09,835.11,492.14,12974.5,135.08,96.05,1.406,False,,True,R-desk,3,evt_S-61_desk_work_surface_0001,aa2a91065abbd7fe,lap_bag_context,no_pose_observation,34560.0,1.33,,1,cam12/e1/v1,
oneshot2,03.CCTV Mobile Usage.mkv,632de9ed55947761d56d4c6142a3cb1a1fe69d0b1a6d0e01a2e404c697962623,dfine_native,9700.0,mouse,0.2529,991.28,400.93,1028.29,413.57,467.7,37.01,12.63,2.929,False,,True,R-desk,3,evt_S-61_desk_work_surface_0001,aa2a91065abbd7fe,lap_bag_context,no_pose_observation,34560.0,1.33,,1,cam12/e1/v1,
oneshot2,03.CCTV Mobile Usage.mkv,632de9ed55947761d56d4c6142a3cb1a1fe69d0b1a6d0e01a2e404c697962623,dfine_native,9700.0,keyboard,0.9035,962.11,451.94,1068.0,491.44,4182.8,105.88,39.5,2.68,False,,True,R-desk,4,evt_S-61_desk_work_surface_0001,aa2a91065abbd7fe,lap_bag_context,no_pose_observation,34560.0,1.33,,1,cam12/e1/v1,
oneshot2,03.CCTV Mobile Usage.mkv,632de9ed55947761d56d4c6142a3cb1a1fe69d0b1a6d0e01a2e404c697962623,dfine_native,9700.0,monitor_or_bezel,0.6032,1018.64,395.69,1145.25,447.3,6534.0,126.61,51.61,2.453,False,,True,R-desk,4,evt_S-61_desk_work_surface_0001,aa2a91065abbd7fe,lap_bag_context,no_pose_observation,34560.0,1.33,,1,cam12/e1/v1,
oneshot2,03.CCTV Mobile Usage.mkv,632de9ed55947761d56d4c6142a3cb1a1fe69d0b1a6d0e01a2e404c697962623,dfine_native,9700.0,unknown_object,0.5179,700.11,396.17,862.39,492.21,15585.3,162.28,96.04,1.69,False,,True,R-desk,4,evt_S-61_desk_work_surface_0001,aa2a91065abbd7fe,lap_bag_context,no_pose_observation,34560.0,1.33,,1,cam12/e1/v1,
oneshot2,03.CCTV Mobile Usage.mkv,632de9ed55947761d56d4c6142a3cb1a1fe69d0b1a6d0e01a2e404c697962623,dfine_native,9700.0,unknown_object,0.3775,699.98,396.11,771.33,491.82,6829.3,71.35,95.71,0.746,False,,True,R-desk,4,evt_S-61_desk_work_surface_0001,aa2a91065abbd7fe,lap_bag_context,no_pose_observation,34560.0,1.33,,1,cam12/e1/v1,
oneshot2,03.CCTV Mobile Usage.mkv,632de9ed55947761d56d4c6142a3cb1a1fe69d0b1a6d0e01a2e404c697962623,dfine_native,9700.0,keyboard,0.4761,802.25,396.25,870.72,420.71,1674.8,68.47,24.46,2.799,False,,True,R-desk,4,evt_S-61_desk_work_surface_0001,aa2a91065abbd7fe,lap_bag_context,no_pose_observation,34560.0,1.33,,1,cam12/e1/v1,
oneshot2,03.CCTV Mobile Usage.mkv,632de9ed55947761d56d4c6142a3cb1a1fe69d0b1a6d0e01a2e404c697962623,dfine_native,9700.0,phone,0.3356,1042.86,421.37,1114.04,474.47,3779.1,71.18,53.09,1.341,False,,True,R-desk,4,evt_S-61_desk_work_surface_0001,aa2a91065abbd7fe,lap_bag_context,no_pose_observation,34560.0,1.33,,1,cam12/e1/v1,
oneshot2,03.CCTV Mobile Usage.mkv,632de9ed55947761d56d4c6142a3cb1a1fe69d0b1a6d0e01a2e404c697962623,dfine_native,9700.0,unknown_object,0.3186,700.06,396.27,758.23,490.41,5476.6,58.17,94.14,0.618,False,,True,R-desk,4,evt_S-61_desk_work_surface_0001,aa2a91065abbd7fe,lap_bag_context,no_pose_observation,34560.0,1.33,,1,cam12/e1/v1,
oneshot2,03.CCTV Mobile Usage.mkv,632de9ed55947761d56d4c6142a3cb1a1fe69d0b1a6d0e01a2e404c697962623,dfine_native,9700.0,monitor_or_bezel,0.2952,1011.98,395.68,1146.4,488.42,12466.4,134.42,92.74,1.449,False,,True,R-desk,4,evt_S-61_desk_work_surface_0001,aa2a91065abbd7fe,lap_bag_context,no_pose_observation,34560.0,1.33,,1,cam12/e1/v1,
oneshot2,03.CCTV Mobile Usage.mkv,632de9ed55947761d56d4c6142a3cb1a1fe69d0b1a6d0e01a2e404c697962623,dfine_native,9700.0,monitor_or_bezel,0.2681,881.36,396.18,948.1,452.48,3757.9,66.74,56.3,1.185,False,,True,R-desk,4,evt_S-61_desk_work_surface_0001,aa2a91065abbd7fe,lap_bag_context,no_pose_observation,34560.0,1.33,,1,cam12/e1/v1,
oneshot2,03.CCTV Mobile Usage.mkv,632de9ed55947761d56d4c6142a3cb1a1fe69d0b1a6d0e01a2e404c697962623,dfine_native,9700.0,mouse,0.5184,864.74,413.84,892.29,435.32,591.6,27.54,21.48,1.282,False,,True,R-desk,4,evt_S-61_desk_work_surface_0001,aa2a91065abbd7fe,lap_bag_context,no_pose_observation,34560.0,1.33,,1,cam12/e1/v1,
oneshot2,03.CCTV Mobile Usage.mkv,632de9ed55947761d56d4c6142a3cb1a1fe69d0b1a6d0e01a2e404c697962623,dfine_native,9700.0,mouse,0.278,967.15,398.42,992.01,410.59,302.6,24.86,12.17,2.042,False,,True,R-desk,4,evt_S-61_desk_work_surface_0001,aa2a91065abbd7fe,lap_bag_context,no_pose_observation,34560.0,1.33,,1,cam12/e1/v1,
oneshot2,03.CCTV Mobile Usage.mkv,632de9ed55947761d56d4c6142a3cb1a1fe69d0b1a6d0e01a2e404c697962623,dfine_native,9700.0,unknown_object,0.2805,700.03,396.09,835.11,492.14,12974.5,135.08,96.05,1.406,False,,True,R-desk,4,evt_S-61_desk_work_surface_0001,aa2a91065abbd7fe,lap_bag_context,no_pose_observation,34560.0,1.33,,1,cam12/e1/v1,
oneshot2,03.CCTV Mobile Usage.mkv,632de9ed55947761d56d4c6142a3cb1a1fe69d0b1a6d0e01a2e404c697962623,dfine_native,9700.0,mouse,0.2529,991.28,400.93,1028.29,413.57,467.7,37.01,12.63,2.929,False,,True,R-desk,4,evt_S-61_desk_work_surface_0001,aa2a91065abbd7fe,lap_bag_context,no_pose_observation,34560.0,1.33,,1,cam12/e1/v1,
oneshot2,03.CCTV Mobile Usage.mkv,632de9ed55947761d56d4c6142a3cb1a1fe69d0b1a6d0e01a2e404c697962623,dfine_native,9700.0,unknown_object,0.2924,144.46,502.6,248.93,597.44,9907.9,104.47,94.84,1.101,False,,True,S-61,1,evt_S-61_desk_work_surface_0001,d142004b4e59ec48,pose_hand_context,,20713.0,4.45,,1,cam12/e1/v1,rtmpose_baseline
oneshot2,03.CCTV Mobile Usage.mkv,632de9ed55947761d56d4c6142a3cb1a1fe69d0b1a6d0e01a2e404c697962623,dfine_native,10200.0,bag,0.4527,182.8,261.1,259.26,295.64,2640.9,76.46,34.54,2.214,False,,True,S-61,2,evt_S-61_desk_work_surface_0001,3ca57fae345726aa,pose_hand_context,,19605.6,4.57,,1,cam12/e1/v1,rtmpose_baseline
oneshot2,03.CCTV Mobile Usage.mkv,632de9ed55947761d56d4c6142a3cb1a1fe69d0b1a6d0e01a2e404c697962623,dfine_native,10200.0,unknown_object,0.2898,163.0,181.67,224.96,259.86,4844.8,61.96,78.19,0.792,False,,True,S-61,2,evt_S-61_desk_work_surface_0001,3ca57fae345726aa,pose_hand_context,,19605.6,4.57,,1,cam12/e1/v1,rtmpose_baseline
oneshot2,03.CCTV Mobile Usage.mkv,632de9ed55947761d56d4c6142a3cb1a1fe69d0b1a6d0e01a2e404c697962623,dfine_native,10200.0,unknown_object,0.5567,112.03,451.18,239.95,578.3,16261.5,127.92,127.12,1.006,False,,True,S-61,1,evt_S-61_desk_work_surface_0001,9cb192cf057e470f,pose_hand_context,,16574.0,4.97,,1,cam12/e1/v1,rtmpose_baseline
oneshot2,03.CCTV Mobile Usage.mkv,632de9ed55947761d56d4c6142a3cb1a1fe69d0b1a6d0e01a2e404c697962623,dfine_native,10200.0,unknown_object,0.2532,142.31,474.44,239.99,577.71,10087.4,97.68,103.27,0.946,False,,True,S-61,1,evt_S-61_desk_work_surface_0001,9cb192cf057e470f,pose_hand_context,,16574.0,4.97,,1,cam12/e1/v1,rtmpose_baseline
oneshot2,03.CCTV Mobile Usage.mkv,632de9ed55947761d56d4c6142a3cb1a1fe69d0b1a6d0e01a2e404c697962623,dfine_native,10700.0,unknown_object,0.6902,112.2,261.21,241.92,331.36,9098.9,129.72,70.14,1.849,False,,True,S-61,2,evt_S-61_desk_work_surface_0001,306d5f013085fa12,pose_hand_context,,22428.1,4.27,,1,cam12/e1/v1,rtmpose_baseline
oneshot2,03.CCTV Mobile Usage.mkv,632de9ed55947761d56d4c6142a3cb1a1fe69d0b1a6d0e01a2e404c697962623,dfine_native,10700.0,unknown_object,0.4654,211.13,228.02,228.93,255.87,495.9,17.8,27.85,0.639,False,,True,S-61,2,evt_S-61_desk_work_surface_0001,306d5f013085fa12,pose_hand_context,,22428.1,4.27,,1,cam12/e1/v1,rtmpose_baseline
oneshot2,03.CCTV Mobile Usage.mkv,632de9ed55947761d56d4c6142a3cb1a1fe69d0b1a6d0e01a2e404c697962623,dfine_native,10700.0,unknown_object,0.2988,112.7,265.44,186.99,331.16,4882.6,74.29,65.72,1.13,False,,True,S-61,2,evt_S-61_desk_work_surface_0001,306d5f013085fa12,pose_hand_context,,22428.1,4.27,,1,cam12/e1/v1,rtmpose_baseline
oneshot2,03.CCTV Mobile Usage.mkv,632de9ed55947761d56d4c6142a3cb1a1fe69d0b1a6d0e01a2e404c697962623,dfine_native,10700.0,unknown_object,0.2683,111.92,239.0,241.81,331.25,11982.0,129.89,92.25,1.408,False,,True,S-61,2,evt_S-61_desk_work_surface_0001,306d5f013085fa12,pose_hand_context,,22428.1,4.27,,1,cam12/e1/v1,rtmpose_baseline
oneshot2,03.CCTV Mobile Usage.mkv,632de9ed55947761d56d4c6142a3cb1a1fe69d0b1a6d0e01a2e404c697962623,dfine_native,10700.0,unknown_object,0.274,112.46,225.49,241.92,331.26,13694.4,129.46,105.78,1.224,False,,True,S-61,2,evt_S-61_desk_work_surface_0001,306d5f013085fa12,pose_hand_context,,22428.1,4.27,,1,cam12/e1/v1,rtmpose_baseline
oneshot2,03.CCTV Mobile Usage.mkv,632de9ed55947761d56d4c6142a3cb1a1fe69d0b1a6d0e01a2e404c697962623,dfine_native,10700.0,unknown_object,0.4196,132.38,471.75,243.9,567.08,10632.2,111.52,95.34,1.17,False,,True,S-61,1,evt_S-61_desk_work_surface_0001,fc3e6f6ad9de900d,pose_hand_context,,16022.5,5.06,,1,cam12/e1/v1,rtmpose_baseline
oneshot2,03.CCTV Mobile Usage.mkv,632de9ed55947761d56d4c6142a3cb1a1fe69d0b1a6d0e01a2e404c697962623,dfine_native,11200.0,unknown_object,0.6306,120.13,457.18,237.14,564.31,12534.1,117.0,107.13,1.092,False,,True,S-61,1,evt_S-61_desk_work_surface_0001,2bebd0989d616603,pose_hand_context,,13815.7,5.44,,1,cam12/e1/v1,rtmpose_baseline
oneshot2,03.CCTV Mobile Usage.mkv,632de9ed55947761d56d4c6142a3cb1a1fe69d0b1a6d0e01a2e404c697962623,dfine_native,11200.0,unknown_object,0.5379,120.01,457.2,237.18,574.41,13734.0,117.17,117.21,1.0,False,,True,S-61,1,evt_S-61_desk_work_surface_0001,2bebd0989d616603,pose_hand_context,,13815.7,5.44,,1,cam12/e1/v1,rtmpose_baseline
oneshot2,03.CCTV Mobile Usage.mkv,632de9ed55947761d56d4c6142a3cb1a1fe69d0b1a6d0e01a2e404c697962623,dfine_native,11200.0,unknown_object,0.2585,120.27,457.25,237.19,562.84,12346.4,116.92,105.6,1.107,False,,True,S-61,1,evt_S-61_desk_work_surface_0001,2bebd0989d616603,pose_hand_context,,13815.7,5.44,,1,cam12/e1/v1,rtmpose_baseline
oneshot2,03.CCTV Mobile Usage.mkv,632de9ed55947761d56d4c6142a3cb1a1fe69d0b1a6d0e01a2e404c697962623,dfine_native,11200.0,unknown_object,0.358,126.41,471.46,237.12,563.24,10161.5,110.71,91.78,1.206,False,,True,S-61,1,evt_S-61_desk_work_surface_0001,2bebd0989d616603,pose_hand_context,,13815.7,5.44,,1,cam12/e1/v1,rtmpose_baseline
oneshot2,03.CCTV Mobile Usage.mkv,632de9ed55947761d56d4c6142a3cb1a1fe69d0b1a6d0e01a2e404c697962623,dfine_native,11200.0,unknown_object,0.2609,120.01,471.61,237.16,574.59,12063.4,117.15,102.97,1.138,False,,True,S-61,1,evt_S-61_desk_work_surface_0001,2bebd0989d616603,pose_hand_context,,13815.7,5.44,,1,cam12/e1/v1,rtmpose_baseline
oneshot2,03.CCTV Mobile Usage.mkv,632de9ed55947761d56d4c6142a3cb1a1fe69d0b1a6d0e01a2e404c697962623,dfine_native,11200.0,unknown_object,0.2798,119.96,505.56,237.13,574.62,8091.9,117.17,69.06,1.697,False,,True,S-61,1,evt_S-61_desk_work_surface_0001,2bebd0989d616603,pose_hand_context,,13815.7,5.44,,1,cam12/e1/v1,rtmpose_baseline
oneshot2,03.CCTV Mobile Usage.mkv,632de9ed55947761d56d4c6142a3cb1a1fe69d0b1a6d0e01a2e404c697962623,dfine_native,11200.0,unknown_object,0.3352,265.15,279.6,315.32,337.77,2918.8,50.18,58.17,0.863,False,,True,S-61,2,evt_S-61_desk_work_surface_0001,44302ce98e67dd02,pose_hand_context,,29721.8,3.71,,1,cam12/e1/v1,rtmpose_baseline
oneshot2,03.CCTV Mobile Usage.mkv,632de9ed55947761d56d4c6142a3cb1a1fe69d0b1a6d0e01a2e404c697962623,dfine_native,11200.0,unknown_object,0.3905,244.12,207.27,415.94,379.32,29560.8,171.82,172.05,0.999,False,,True,S-61,2,evt_S-61_desk_work_surface_0001,44302ce98e67dd02,pose_hand_context,,29721.8,3.71,,1,cam12/e1/v1,rtmpose_baseline
oneshot2,03.CCTV Mobile Usage.mkv,632de9ed55947761d56d4c6142a3cb1a1fe69d0b1a6d0e01a2e404c697962623,dfine_native,11200.0,unknown_object,0.2608,266.0,240.09,318.86,338.05,5178.1,52.86,97.96,0.54,False,,True,S-61,2,evt_S-61_desk_work_surface_0001,44302ce98e67dd02,pose_hand_context,,29721.8,3.71,,1,cam12/e1/v1,rtmpose_baseline
oneshot2,03.CCTV Mobile Usage.mkv,632de9ed55947761d56d4c6142a3cb1a1fe69d0b1a6d0e01a2e404c697962623,dfine_native,11200.0,unknown_object,0.3257,264.97,211.89,344.94,378.97,13361.4,79.97,167.08,0.479,False,,True,S-61,2,evt_S-61_desk_work_surface_0001,44302ce98e67dd02,pose_hand_context,,29721.8,3.71,,1,cam12/e1/v1,rtmpose_baseline
oneshot2,03.CCTV Mobile Usage.mkv,632de9ed55947761d56d4c6142a3cb1a1fe69d0b1a6d0e01a2e404c697962623,dfine_native,11200.0,unknown_object,0.2655,264.92,216.41,320.15,369.51,8455.4,55.23,153.1,0.361,False,,True,S-61,2,evt_S-61_desk_work_surface_0001,44302ce98e67dd02,pose_hand_context,,29721.8,3.71,,1,cam12/e1/v1,rtmpose_baseline
oneshot2,03.CCTV Mobile Usage.mkv,632de9ed55947761d56d4c6142a3cb1a1fe69d0b1a6d0e01a2e404c697962623,dfine_native,11200.0,unknown_object,0.2735,265.84,279.49,339.75,379.34,7379.5,73.91,99.85,0.74,False,,True,S-61,2,evt_S-61_desk_work_surface_0001,44302ce98e67dd02,pose_hand_context,,29721.8,3.71,,1,cam12/e1/v1,rtmpose_baseline
oneshot2,03.CCTV Mobile Usage.mkv,632de9ed55947761d56d4c6142a3cb1a1fe69d0b1a6d0e01a2e404c697962623,dfine_native,11200.0,unknown_object,0.3329,265.59,215.02,320.16,338.78,6754.1,54.57,123.76,0.441,False,,True,S-61,2,evt_S-61_desk_work_surface_0001,44302ce98e67dd02,pose_hand_context,,29721.8,3.71,,1,cam12/e1/v1,rtmpose_baseline
oneshot2,03.CCTV Mobile Usage.mkv,632de9ed55947761d56d4c6142a3cb1a1fe69d0b1a6d0e01a2e404c697962623,dfine_native,11200.0,unknown_object,0.2711,265.83,280.4,307.2,329.49,2030.8,41.37,49.09,0.843,False,,True,S-61,2,evt_S-61_desk_work_surface_0001,44302ce98e67dd02,pose_hand_context,,29721.8,3.71,,1,cam12/e1/v1,rtmpose_baseline
oneshot2,03.CCTV Mobile Usage.mkv,632de9ed55947761d56d4c6142a3cb1a1fe69d0b1a6d0e01a2e404c697962623,dfine_native,11200.0,keyboard,0.9082,962.22,452.01,1067.87,491.44,4165.1,105.65,39.42,2.68,False,,True,R-desk,5,evt_S-61_desk_work_surface_0001,7739ac136bb8b8c8,lap_bag_context,no_pose_observation,34560.0,1.33,,1,cam12/e1/v1,
oneshot2,03.CCTV Mobile Usage.mkv,632de9ed55947761d56d4c6142a3cb1a1fe69d0b1a6d0e01a2e404c697962623,dfine_native,11200.0,monitor_or_bezel,0.6147,1018.42,395.79,1145.54,447.56,6581.6,127.12,51.77,2.455,False,,True,R-desk,5,evt_S-61_desk_work_surface_0001,7739ac136bb8b8c8,lap_bag_context,no_pose_observation,34560.0,1.33,,1,cam12/e1/v1,
oneshot2,03.CCTV Mobile Usage.mkv,632de9ed55947761d56d4c6142a3cb1a1fe69d0b1a6d0e01a2e404c697962623,dfine_native,11200.0,unknown_object,0.5516,699.96,396.18,857.23,492.13,15088.9,157.27,95.94,1.639,False,,True,R-desk,5,evt_S-61_desk_work_surface_0001,7739ac136bb8b8c8,lap_bag_context,no_pose_observation,34560.0,1.33,,1,cam12/e1/v1,
oneshot2,03.CCTV Mobile Usage.mkv,632de9ed55947761d56d4c6142a3cb1a1fe69d0b1a6d0e01a2e404c697962623,dfine_native,11200.0,unknown_object,0.4261,699.99,396.11,770.01,491.7,6692.6,70.02,95.59,0.732,False,,True,R-desk,5,evt_S-61_desk_work_surface_0001,7739ac136bb8b8c8,lap_bag_context,no_pose_observation,34560.0,1.33,,1,cam12/e1/v1,
oneshot2,03.CCTV Mobile Usage.mkv,632de9ed55947761d56d4c6142a3cb1a1fe69d0b1a6d0e01a2e404c697962623,dfine_native,11200.0,keyboard,0.5001,802.17,396.24,870.79,420.69,1677.9,68.61,24.45,2.806,False,,True,R-desk,5,evt_S-61_desk_work_surface_0001,7739ac136bb8b8c8,lap_bag_context,no_pose_observation,34560.0,1.33,,1,cam12/e1/v1,
oneshot2,03.CCTV Mobile Usage.mkv,632de9ed55947761d56d4c6142a3cb1a1fe69d0b1a6d0e01a2e404c697962623,dfine_native,11200.0,phone,0.3421,1042.74,421.48,1113.79,474.48,3765.2,71.04,53.0,1.341,False,,True,R-desk,5,evt_S-61_desk_work_surface_0001,7739ac136bb8b8c8,lap_bag_context,no_pose_observation,34560.0,1.33,,1,cam12/e1/v1,
oneshot2,03.CCTV Mobile Usage.mkv,632de9ed55947761d56d4c6142a3cb1a1fe69d0b1a6d0e01a2e404c697962623,dfine_native,11200.0,monitor_or_bezel,0.2856,1011.31,395.81,1146.83,487.99,12491.4,135.51,92.18,1.47,False,,True,R-desk,5,evt_S-61_desk_work_surface_0001,7739ac136bb8b8c8,lap_bag_context,no_pose_observation,34560.0,1.33,,1,cam12/e1/v1,
oneshot2,03.CCTV Mobile Usage.mkv,632de9ed55947761d56d4c6142a3cb1a1fe69d0b1a6d0e01a2e404c697962623,dfine_native,11200.0,unknown_object,0.341,700.07,396.33,757.33,490.32,5382.0,57.27,93.98,0.609,False,,True,R-desk,5,evt_S-61_desk_work_surface_0001,7739ac136bb8b8c8,lap_bag_context,no_pose_observation,34560.0,1.33,,1,cam12/e1/v1,
oneshot2,03.CCTV Mobile Usage.mkv,632de9ed55947761d56d4c6142a3cb1a1fe69d0b1a6d0e01a2e404c697962623,dfine_native,11200.0,mouse,0.5338,864.88,413.88,892.04,435.01,574.0,27.15,21.14,1.285,False,,True,R-desk,5,evt_S-61_desk_work_surface_0001,7739ac136bb8b8c8,lap_bag_context,no_pose_observation,34560.0,1.33,,1,cam12/e1/v1,
oneshot2,03.CCTV Mobile Usage.mkv,632de9ed55947761d56d4c6142a3cb1a1fe69d0b1a6d0e01a2e404c697962623,dfine_native,11200.0,monitor_or_bezel,0.2997,881.31,396.18,948.85,452.47,3801.9,67.54,56.29,1.2,False,,True,R-desk,5,evt_S-61_desk_work_surface_0001,7739ac136bb8b8c8,lap_bag_context,no_pose_observation,34560.0,1.33,,1,cam12/e1/v1,
oneshot2,03.CCTV Mobile Usage.mkv,632de9ed55947761d56d4c6142a3cb1a1fe69d0b1a6d0e01a2e404c697962623,dfine_native,11200.0,mouse,0.299,967.15,398.48,991.99,410.58,300.8,24.84,12.11,2.052,False,,True,R-desk,5,evt_S-61_desk_work_surface_0001,7739ac136bb8b8c8,lap_bag_context,no_pose_observation,34560.0,1.33,,1,cam12/e1/v1,
oneshot2,03.CCTV Mobile Usage.mkv,632de9ed55947761d56d4c6142a3cb1a1fe69d0b1a6d0e01a2e404c697962623,dfine_native,11200.0,mouse,0.2503,991.25,400.95,1028.24,413.52,465.0,37.0,12.57,2.943,False,,True,R-desk,5,evt_S-61_desk_work_surface_0001,7739ac136bb8b8c8,lap_bag_context,no_pose_observation,34560.0,1.33,,1,cam12/e1/v1,
oneshot2,03.CCTV Mobile Usage.mkv,632de9ed55947761d56d4c6142a3cb1a1fe69d0b1a6d0e01a2e404c697962623,dfine_native,11200.0,mouse,0.2578,990.77,399.34,1026.6,413.25,498.4,35.83,13.91,2.576,False,,True,R-desk,5,evt_S-61_desk_work_surface_0001,7739ac136bb8b8c8,lap_bag_context,no_pose_observation,34560.0,1.33,,1,cam12/e1/v1,
oneshot2,03.CCTV Mobile Usage.mkv,632de9ed55947761d56d4c6142a3cb1a1fe69d0b1a6d0e01a2e404c697962623,dfine_native,11700.0,unknown_object,0.4091,58.01,537.57,96.74,603.13,2539.6,38.74,65.56,0.591,False,,True,S-61,1,evt_S-61_desk_work_surface_0001,b6a05af65e1ac343,pose_hand_context,,28995.3,3.76,,1,cam12/e1/v1,rtmpose_baseline
oneshot2,03.CCTV Mobile Usage.mkv,632de9ed55947761d56d4c6142a3cb1a1fe69d0b1a6d0e01a2e404c697962623,dfine_native,11700.0,stationery,0.4808,57.97,509.52,85.38,552.39,1175.0,27.4,42.87,0.639,False,,True,S-61,1,evt_S-61_desk_work_surface_0001,b6a05af65e1ac343,pose_hand_context,,28995.3,3.76,,1,cam12/e1/v1,rtmpose_baseline
oneshot2,03.CCTV Mobile Usage.mkv,632de9ed55947761d56d4c6142a3cb1a1fe69d0b1a6d0e01a2e404c697962623,dfine_native,11700.0,unknown_object,0.3189,90.9,475.58,218.82,603.21,16326.1,127.91,127.63,1.002,False,,True,S-61,1,evt_S-61_desk_work_surface_0001,b6a05af65e1ac343,pose_hand_context,,28995.3,3.76,,1,cam12/e1/v1,rtmpose_baseline
oneshot2,03.CCTV Mobile Usage.mkv,632de9ed55947761d56d4c6142a3cb1a1fe69d0b1a6d0e01a2e404c697962623,dfine_native,11700.0,unknown_object,0.352,57.99,486.29,97.41,602.22,4569.9,39.42,115.92,0.34,False,,True,S-61,1,evt_S-61_desk_work_surface_0001,b6a05af65e1ac343,pose_hand_context,,28995.3,3.76,,1,cam12/e1/v1,rtmpose_baseline
oneshot2,03.CCTV Mobile Usage.mkv,632de9ed55947761d56d4c6142a3cb1a1fe69d0b1a6d0e01a2e404c697962623,dfine_native,11700.0,unknown_object,0.2911,58.51,474.24,225.71,603.23,21567.0,167.2,128.99,1.296,False,,True,S-61,1,evt_S-61_desk_work_surface_0001,b6a05af65e1ac343,pose_hand_context,,28995.3,3.76,,1,cam12/e1/v1,rtmpose_baseline
oneshot2,03.CCTV Mobile Usage.mkv,632de9ed55947761d56d4c6142a3cb1a1fe69d0b1a6d0e01a2e404c697962623,dfine_native,11700.0,unknown_object,0.3554,58.73,476.46,219.68,603.2,20399.7,160.95,126.74,1.27,False,,True,S-61,1,evt_S-61_desk_work_surface_0001,b6a05af65e1ac343,pose_hand_context,,28995.3,3.76,,1,cam12/e1/v1,rtmpose_baseline
oneshot2,03.CCTV Mobile Usage.mkv,632de9ed55947761d56d4c6142a3cb1a1fe69d0b1a6d0e01a2e404c697962623,dfine_native,11700.0,unknown_object,0.2704,58.12,476.96,229.03,603.28,21589.6,170.91,126.32,1.353,False,,True,S-61,1,evt_S-61_desk_work_surface_0001,b6a05af65e1ac343,pose_hand_context,,28995.3,3.76,,1,cam12/e1/v1,rtmpose_baseline
oneshot2,03.CCTV Mobile Usage.mkv,632de9ed55947761d56d4c6142a3cb1a1fe69d0b1a6d0e01a2e404c697962623,dfine_native,12200.0,keyboard,0.8976,962.17,451.89,1068.0,491.41,4183.0,105.84,39.52,2.678,False,,True,R-desk,6,evt_S-61_desk_work_surface_0001,590143951782a0e5,lap_bag_context,no_pose_observation,34560.0,1.33,,1,cam12/e1/v1,
oneshot2,03.CCTV Mobile Usage.mkv,632de9ed55947761d56d4c6142a3cb1a1fe69d0b1a6d0e01a2e404c697962623,dfine_native,12200.0,unknown_object,0.621,699.92,396.22,849.64,492.05,14348.2,149.72,95.83,1.562,False,,True,R-desk,6,evt_S-61_desk_work_surface_0001,590143951782a0e5,lap_bag_context,no_pose_observation,34560.0,1.33,,1,cam12/e1/v1,
oneshot2,03.CCTV Mobile Usage.mkv,632de9ed55947761d56d4c6142a3cb1a1fe69d0b1a6d0e01a2e404c697962623,dfine_native,12200.0,monitor_or_bezel,0.3169,735.83,395.53,1142.96,491.11,38914.7,407.13,95.58,4.259,False,,True,R-desk,6,evt_S-61_desk_work_surface_0001,590143951782a0e5,lap_bag_context,no_pose_observation,34560.0,1.33,,1,cam12/e1/v1,
oneshot2,03.CCTV Mobile Usage.mkv,632de9ed55947761d56d4c6142a3cb1a1fe69d0b1a6d0e01a2e404c697962623,dfine_native,12200.0,keyboard,0.4259,802.41,396.23,870.38,420.7,1663.5,67.97,24.47,2.777,False,,True,R-desk,6,evt_S-61_desk_work_surface_0001,590143951782a0e5,lap_bag_context,no_pose_observation,34560.0,1.33,,1,cam12/e1/v1,
oneshot2,03.CCTV Mobile Usage.mkv,632de9ed55947761d56d4c6142a3cb1a1fe69d0b1a6d0e01a2e404c697962623,dfine_native,12200.0,monitor_or_bezel,0.3708,1019.35,395.54,1145.38,447.63,6564.5,126.03,52.09,2.42,False,,True,R-desk,6,evt_S-61_desk_work_surface_0001,590143951782a0e5,lap_bag_context,no_pose_observation,34560.0,1.33,,1,cam12/e1/v1,
oneshot2,03.CCTV Mobile Usage.mkv,632de9ed55947761d56d4c6142a3cb1a1fe69d0b1a6d0e01a2e404c697962623,dfine_native,12200.0,monitor_or_bezel,0.3959,1014.33,395.57,1146.85,488.82,12356.1,132.51,93.24,1.421,False,,True,R-desk,6,evt_S-61_desk_work_surface_0001,590143951782a0e5,lap_bag_context,no_pose_observation,34560.0,1.33,,1,cam12/e1/v1,
oneshot2,03.CCTV Mobile Usage.mkv,632de9ed55947761d56d4c6142a3cb1a1fe69d0b1a6d0e01a2e404c697962623,dfine_native,12200.0,unknown_object,0.3516,700.03,396.15,774.6,491.77,7129.7,74.56,95.62,0.78,False,,True,R-desk,6,evt_S-61_desk_work_surface_0001,590143951782a0e5,lap_bag_context,no_pose_observation,34560.0,1.33,,1,cam12/e1/v1,
oneshot2,03.CCTV Mobile Usage.mkv,632de9ed55947761d56d4c6142a3cb1a1fe69d0b1a6d0e01a2e404c697962623,dfine_native,12200.0,phone,0.3032,1042.76,421.37,1113.57,474.32,3748.9,70.8,52.95,1.337,False,,True,R-desk,6,evt_S-61_desk_work_surface_0001,590143951782a0e5,lap_bag_context,no_pose_observation,34560.0,1.33,,1,cam12/e1/v1,
oneshot2,03.CCTV Mobile Usage.mkv,632de9ed55947761d56d4c6142a3cb1a1fe69d0b1a6d0e01a2e404c697962623,dfine_native,12200.0,unknown_object,0.419,700.01,396.25,758.88,490.74,5562.0,58.86,94.49,0.623,False,,True,R-desk,6,evt_S-61_desk_work_surface_0001,590143951782a0e5,lap_bag_context,no_pose_observation,34560.0,1.33,,1,cam12/e1/v1,
oneshot2,03.CCTV Mobile Usage.mkv,632de9ed55947761d56d4c6142a3cb1a1fe69d0b1a6d0e01a2e404c697962623,dfine_native,12200.0,monitor_or_bezel,0.2625,1017.95,395.58,1146.14,472.53,9865.7,128.2,76.96,1.666,False,,True,R-desk,6,evt_S-61_desk_work_surface_0001,590143951782a0e5,lap_bag_context,no_pose_observation,34560.0,1.33,,1,cam12/e1/v1,
oneshot2,03.CCTV Mobile Usage.mkv,632de9ed55947761d56d4c6142a3cb1a1fe69d0b1a6d0e01a2e404c697962623,dfine_native,12200.0,mouse,0.5184,865.0,413.88,892.18,435.35,583.7,27.18,21.48,1.265,False,,True,R-desk,6,evt_S-61_desk_work_surface_0001,590143951782a0e5,lap_bag_context,no_pose_observation,34560.0,1.33,,1,cam12/e1/v1,
oneshot2,03.CCTV Mobile Usage.mkv,632de9ed55947761d56d4c6142a3cb1a1fe69d0b1a6d0e01a2e404c697962623,dfine_native,12200.0,mouse,0.2566,966.92,398.36,992.04,410.52,305.6,25.12,12.16,2.065,False,,True,R-desk,6,evt_S-61_desk_work_surface_0001,590143951782a0e5,lap_bag_context,no_pose_observation,34560.0,1.33,,1,cam12/e1/v1,
oneshot2,03.CCTV Mobile Usage.mkv,632de9ed55947761d56d4c6142a3cb1a1fe69d0b1a6d0e01a2e404c697962623,dfine_native,12200.0,monitor_or_bezel,0.3307,966.87,395.53,1146.8,490.43,17073.8,179.93,94.89,1.896,False,,True,R-desk,6,evt_S-61_desk_work_surface_0001,590143951782a0e5,lap_bag_context,no_pose_observation,34560.0,1.33,,1,cam12/e1/v1,
oneshot2,03.CCTV Mobile Usage.mkv,632de9ed55947761d56d4c6142a3cb1a1fe69d0b1a6d0e01a2e404c697962623,dfine_native,12200.0,monitor_or_bezel,0.2824,880.78,395.54,1146.81,491.03,25403.0,266.04,95.49,2.786,False,,True,R-desk,6,evt_S-61_desk_work_surface_0001,590143951782a0e5,lap_bag_context,no_pose_observation,34560.0,1.33,,1,cam12/e1/v1,
oneshot2,03.CCTV Mobile Usage.mkv,632de9ed55947761d56d4c6142a3cb1a1fe69d0b1a6d0e01a2e404c697962623,dfine_native,12200.0,keyboard,0.8976,962.17,451.89,1068.0,491.41,4183.0,105.84,39.52,2.678,False,,True,R-desk,5,evt_S-61_desk_work_surface_0001,590143951782a0e5,lap_bag_context,no_pose_observation,34560.0,1.33,,1,cam12/e1/v1,
oneshot2,03.CCTV Mobile Usage.mkv,632de9ed55947761d56d4c6142a3cb1a1fe69d0b1a6d0e01a2e404c697962623,dfine_native,12200.0,unknown_object,0.621,699.92,396.22,849.64,492.05,14348.2,149.72,95.83,1.562,False,,True,R-desk,5,evt_S-61_desk_work_surface_0001,590143951782a0e5,lap_bag_context,no_pose_observation,34560.0,1.33,,1,cam12/e1/v1,
oneshot2,03.CCTV Mobile Usage.mkv,632de9ed55947761d56d4c6142a3cb1a1fe69d0b1a6d0e01a2e404c697962623,dfine_native,12200.0,monitor_or_bezel,0.3169,735.83,395.53,1142.96,491.11,38914.7,407.13,95.58,4.259,False,,True,R-desk,5,evt_S-61_desk_work_surface_0001,590143951782a0e5,lap_bag_context,no_pose_observation,34560.0,1.33,,1,cam12/e1/v1,
oneshot2,03.CCTV Mobile Usage.mkv,632de9ed55947761d56d4c6142a3cb1a1fe69d0b1a6d0e01a2e404c697962623,dfine_native,12200.0,keyboard,0.4259,802.41,396.23,870.38,420.7,1663.5,67.97,24.47,2.777,False,,True,R-desk,5,evt_S-61_desk_work_surface_0001,590143951782a0e5,lap_bag_context,no_pose_observation,34560.0,1.33,,1,cam12/e1/v1,
oneshot2,03.CCTV Mobile Usage.mkv,632de9ed55947761d56d4c6142a3cb1a1fe69d0b1a6d0e01a2e404c697962623,dfine_native,12200.0,monitor_or_bezel,0.3708,1019.35,395.54,1145.38,447.63,6564.5,126.03,52.09,2.42,False,,True,R-desk,5,evt_S-61_desk_work_surface_0001,590143951782a0e5,lap_bag_context,no_pose_observation,34560.0,1.33,,1,cam12/e1/v1,
oneshot2,03.CCTV Mobile Usage.mkv,632de9ed55947761d56d4c6142a3cb1a1fe69d0b1a6d0e01a2e404c697962623,dfine_native,12200.0,monitor_or_bezel,0.3959,1014.33,395.57,1146.85,488.82,12356.1,132.51,93.24,1.421,False,,True,R-desk,5,evt_S-61_desk_work_surface_0001,590143951782a0e5,lap_bag_context,no_pose_observation,34560.0,1.33,,1,cam12/e1/v1,
oneshot2,03.CCTV Mobile Usage.mkv,632de9ed55947761d56d4c6142a3cb1a1fe69d0b1a6d0e01a2e404c697962623,dfine_native,12200.0,unknown_object,0.3516,700.03,396.15,774.6,491.77,7129.7,74.56,95.62,0.78,False,,True,R-desk,5,evt_S-61_desk_work_surface_0001,590143951782a0e5,lap_bag_context,no_pose_observation,34560.0,1.33,,1,cam12/e1/v1,
oneshot2,03.CCTV Mobile Usage.mkv,632de9ed55947761d56d4c6142a3cb1a1fe69d0b1a6d0e01a2e404c697962623,dfine_native,12200.0,phone,0.3032,1042.76,421.37,1113.57,474.32,3748.9,70.8,52.95,1.337,False,,True,R-desk,5,evt_S-61_desk_work_surface_0001,590143951782a0e5,lap_bag_context,no_pose_observation,34560.0,1.33,,1,cam12/e1/v1,
oneshot2,03.CCTV Mobile Usage.mkv,632de9ed55947761d56d4c6142a3cb1a1fe69d0b1a6d0e01a2e404c697962623,dfine_native,12200.0,unknown_object,0.419,700.01,396.25,758.88,490.74,5562.0,58.86,94.49,0.623,False,,True,R-desk,5,evt_S-61_desk_work_surface_0001,590143951782a0e5,lap_bag_context,no_pose_observation,34560.0,1.33,,1,cam12/e1/v1,
oneshot2,03.CCTV Mobile Usage.mkv,632de9ed55947761d56d4c6142a3cb1a1fe69d0b1a6d0e01a2e404c697962623,dfine_native,12200.0,monitor_or_bezel,0.2625,1017.95,395.58,1146.14,472.53,9865.7,128.2,76.96,1.666,False,,True,R-desk,5,evt_S-61_desk_work_surface_0001,590143951782a0e5,lap_bag_context,no_pose_observation,34560.0,1.33,,1,cam12/e1/v1,
oneshot2,03.CCTV Mobile Usage.mkv,632de9ed55947761d56d4c6142a3cb1a1fe69d0b1a6d0e01a2e404c697962623,dfine_native,12200.0,mouse,0.5184,865.0,413.88,892.18,435.35,583.7,27.18,21.48,1.265,False,,True,R-desk,5,evt_S-61_desk_work_surface_0001,590143951782a0e5,lap_bag_context,no_pose_observation,34560.0,1.33,,1,cam12/e1/v1,
oneshot2,03.CCTV Mobile Usage.mkv,632de9ed55947761d56d4c6142a3cb1a1fe69d0b1a6d0e01a2e404c697962623,dfine_native,12200.0,mouse,0.2566,966.92,398.36,992.04,410.52,305.6,25.12,12.16,2.065,False,,True,R-desk,5,evt_S-61_desk_work_surface_0001,590143951782a0e5,lap_bag_context,no_pose_observation,34560.0,1.33,,1,cam12/e1/v1,
oneshot2,03.CCTV Mobile Usage.mkv,632de9ed55947761d56d4c6142a3cb1a1fe69d0b1a6d0e01a2e404c697962623,dfine_native,12200.0,monitor_or_bezel,0.3307,966.87,395.53,1146.8,490.43,17073.8,179.93,94.89,1.896,False,,True,R-desk,5,evt_S-61_desk_work_surface_0001,590143951782a0e5,lap_bag_context,no_pose_observation,34560.0,1.33,,1,cam12/e1/v1,
oneshot2,03.CCTV Mobile Usage.mkv,632de9ed55947761d56d4c6142a3cb1a1fe69d0b1a6d0e01a2e404c697962623,dfine_native,12200.0,monitor_or_bezel,0.2824,880.78,395.54,1146.81,491.03,25403.0,266.04,95.49,2.786,False,,True,R-desk,5,evt_S-61_desk_work_surface_0001,590143951782a0e5,lap_bag_context,no_pose_observation,34560.0,1.33,,1,cam12/e1/v1,
oneshot2,03.CCTV Mobile Usage.mkv,632de9ed55947761d56d4c6142a3cb1a1fe69d0b1a6d0e01a2e404c697962623,dfine_native,12200.0,keyboard,0.8976,962.17,451.89,1068.0,491.41,4183.0,105.84,39.52,2.678,False,,True,R-desk,7,evt_S-61_desk_work_surface_0001,590143951782a0e5,lap_bag_context,no_pose_observation,34560.0,1.33,,1,cam12/e1/v1,
oneshot2,03.CCTV Mobile Usage.mkv,632de9ed55947761d56d4c6142a3cb1a1fe69d0b1a6d0e01a2e404c697962623,dfine_native,12200.0,unknown_object,0.621,699.92,396.22,849.64,492.05,14348.2,149.72,95.83,1.562,False,,True,R-desk,7,evt_S-61_desk_work_surface_0001,590143951782a0e5,lap_bag_context,no_pose_observation,34560.0,1.33,,1,cam12/e1/v1,
oneshot2,03.CCTV Mobile Usage.mkv,632de9ed55947761d56d4c6142a3cb1a1fe69d0b1a6d0e01a2e404c697962623,dfine_native,12200.0,monitor_or_bezel,0.3169,735.83,395.53,1142.96,491.11,38914.7,407.13,95.58,4.259,False,,True,R-desk,7,evt_S-61_desk_work_surface_0001,590143951782a0e5,lap_bag_context,no_pose_observation,34560.0,1.33,,1,cam12/e1/v1,
oneshot2,03.CCTV Mobile Usage.mkv,632de9ed55947761d56d4c6142a3cb1a1fe69d0b1a6d0e01a2e404c697962623,dfine_native,12200.0,keyboard,0.4259,802.41,396.23,870.38,420.7,1663.5,67.97,24.47,2.777,False,,True,R-desk,7,evt_S-61_desk_work_surface_0001,590143951782a0e5,lap_bag_context,no_pose_observation,34560.0,1.33,,1,cam12/e1/v1,
oneshot2,03.CCTV Mobile Usage.mkv,632de9ed55947761d56d4c6142a3cb1a1fe69d0b1a6d0e01a2e404c697962623,dfine_native,12200.0,monitor_or_bezel,0.3708,1019.35,395.54,1145.38,447.63,6564.5,126.03,52.09,2.42,False,,True,R-desk,7,evt_S-61_desk_work_surface_0001,590143951782a0e5,lap_bag_context,no_pose_observation,34560.0,1.33,,1,cam12/e1/v1,
oneshot2,03.CCTV Mobile Usage.mkv,632de9ed55947761d56d4c6142a3cb1a1fe69d0b1a6d0e01a2e404c697962623,dfine_native,12200.0,monitor_or_bezel,0.3959,1014.33,395.57,1146.85,488.82,12356.1,132.51,93.24,1.421,False,,True,R-desk,7,evt_S-61_desk_work_surface_0001,590143951782a0e5,lap_bag_context,no_pose_observation,34560.0,1.33,,1,cam12/e1/v1,
oneshot2,03.CCTV Mobile Usage.mkv,632de9ed55947761d56d4c6142a3cb1a1fe69d0b1a6d0e01a2e404c697962623,dfine_native,12200.0,unknown_object,0.3516,700.03,396.15,774.6,491.77,7129.7,74.56,95.62,0.78,False,,True,R-desk,7,evt_S-61_desk_work_surface_0001,590143951782a0e5,lap_bag_context,no_pose_observation,34560.0,1.33,,1,cam12/e1/v1,
oneshot2,03.CCTV Mobile Usage.mkv,632de9ed55947761d56d4c6142a3cb1a1fe69d0b1a6d0e01a2e404c697962623,dfine_native,12200.0,phone,0.3032,1042.76,421.37,1113.57,474.32,3748.9,70.8,52.95,1.337,False,,True,R-desk,7,evt_S-61_desk_work_surface_0001,590143951782a0e5,lap_bag_context,no_pose_observation,34560.0,1.33,,1,cam12/e1/v1,
oneshot2,03.CCTV Mobile Usage.mkv,632de9ed55947761d56d4c6142a3cb1a1fe69d0b1a6d0e01a2e404c697962623,dfine_native,12200.0,unknown_object,0.419,700.01,396.25,758.88,490.74,5562.0,58.86,94.49,0.623,False,,True,R-desk,7,evt_S-61_desk_work_surface_0001,590143951782a0e5,lap_bag_context,no_pose_observation,34560.0,1.33,,1,cam12/e1/v1,
oneshot2,03.CCTV Mobile Usage.mkv,632de9ed55947761d56d4c6142a3cb1a1fe69d0b1a6d0e01a2e404c697962623,dfine_native,12200.0,monitor_or_bezel,0.2625,1017.95,395.58,1146.14,472.53,9865.7,128.2,76.96,1.666,False,,True,R-desk,7,evt_S-61_desk_work_surface_0001,590143951782a0e5,lap_bag_context,no_pose_observation,34560.0,1.33,,1,cam12/e1/v1,
oneshot2,03.CCTV Mobile Usage.mkv,632de9ed55947761d56d4c6142a3cb1a1fe69d0b1a6d0e01a2e404c697962623,dfine_native,12200.0,mouse,0.5184,865.0,413.88,892.18,435.35,583.7,27.18,21.48,1.265,False,,True,R-desk,7,evt_S-61_desk_work_surface_0001,590143951782a0e5,lap_bag_context,no_pose_observation,34560.0,1.33,,1,cam12/e1/v1,
oneshot2,03.CCTV Mobile Usage.mkv,632de9ed55947761d56d4c6142a3cb1a1fe69d0b1a6d0e01a2e404c697962623,dfine_native,12200.0,mouse,0.2566,966.92,398.36,992.04,410.52,305.6,25.12,12.16,2.065,False,,True,R-desk,7,evt_S-61_desk_work_surface_0001,590143951782a0e5,lap_bag_context,no_pose_observation,34560.0,1.33,,1,cam12/e1/v1,
oneshot2,03.CCTV Mobile Usage.mkv,632de9ed55947761d56d4c6142a3cb1a1fe69d0b1a6d0e01a2e404c697962623,dfine_native,12200.0,monitor_or_bezel,0.3307,966.87,395.53,1146.8,490.43,17073.8,179.93,94.89,1.896,False,,True,R-desk,7,evt_S-61_desk_work_surface_0001,590143951782a0e5,lap_bag_context,no_pose_observation,34560.0,1.33,,1,cam12/e1/v1,
oneshot2,03.CCTV Mobile Usage.mkv,632de9ed55947761d56d4c6142a3cb1a1fe69d0b1a6d0e01a2e404c697962623,dfine_native,12200.0,monitor_or_bezel,0.2824,880.78,395.54,1146.81,491.03,25403.0,266.04,95.49,2.786,False,,True,R-desk,7,evt_S-61_desk_work_surface_0001,590143951782a0e5,lap_bag_context,no_pose_observation,34560.0,1.33,,1,cam12/e1/v1,
oneshot2,03.CCTV Mobile Usage.mkv,632de9ed55947761d56d4c6142a3cb1a1fe69d0b1a6d0e01a2e404c697962623,dfine_native,12200.0,stationery,0.4578,21.12,443.03,79.45,497.59,3182.4,58.33,54.56,1.069,False,,True,S-61,1,evt_S-61_desk_work_surface_0001,d9e493aa82dc7fae,pose_hand_context,,26179.2,3.96,,1,cam12/e1/v1,rtmpose_baseline
oneshot2,03.CCTV Mobile Usage.mkv,632de9ed55947761d56d4c6142a3cb1a1fe69d0b1a6d0e01a2e404c697962623,dfine_native,12200.0,stationery,0.4999,43.06,443.69,72.49,471.52,819.0,29.43,27.83,1.057,False,,True,S-61,1,evt_S-61_desk_work_surface_0001,d9e493aa82dc7fae,pose_hand_context,,26179.2,3.96,,1,cam12/e1/v1,rtmpose_baseline
oneshot2,03.CCTV Mobile Usage.mkv,632de9ed55947761d56d4c6142a3cb1a1fe69d0b1a6d0e01a2e404c697962623,dfine_native,12200.0,stationery,0.5307,100.25,476.49,162.05,529.52,3277.1,61.79,53.03,1.165,False,,True,S-61,1,evt_S-61_desk_work_surface_0001,d9e493aa82dc7fae,pose_hand_context,,26179.2,3.96,,1,cam12/e1/v1,rtmpose_baseline
oneshot2,03.CCTV Mobile Usage.mkv,632de9ed55947761d56d4c6142a3cb1a1fe69d0b1a6d0e01a2e404c697962623,dfine_native,12200.0,stationery,0.494,20.99,492.72,182.84,552.42,9663.6,161.86,59.71,2.711,False,,True,S-61,1,evt_S-61_desk_work_surface_0001,d9e493aa82dc7fae,pose_hand_context,,26179.2,3.96,,1,cam12/e1/v1,rtmpose_baseline
oneshot2,03.CCTV Mobile Usage.mkv,632de9ed55947761d56d4c6142a3cb1a1fe69d0b1a6d0e01a2e404c697962623,dfine_native,12200.0,stationery,0.2625,70.75,404.53,152.35,496.82,7530.7,81.6,92.29,0.884,False,,True,S-61,1,evt_S-61_desk_work_surface_0001,d9e493aa82dc7fae,pose_hand_context,,26179.2,3.96,,1,cam12/e1/v1,rtmpose_baseline
oneshot2,03.CCTV Mobile Usage.mkv,632de9ed55947761d56d4c6142a3cb1a1fe69d0b1a6d0e01a2e404c697962623,dfine_native,12200.0,stationery,0.3943,79.78,404.77,151.78,496.14,6578.9,72.0,91.37,0.788,False,,True,S-61,1,evt_S-61_desk_work_surface_0001,d9e493aa82dc7fae,pose_hand_context,,26179.2,3.96,,1,cam12/e1/v1,rtmpose_baseline
oneshot2,03.CCTV Mobile Usage.mkv,632de9ed55947761d56d4c6142a3cb1a1fe69d0b1a6d0e01a2e404c697962623,dfine_native,12200.0,stationery,0.2675,21.01,417.26,84.2,496.67,5017.7,63.19,79.4,0.796,False,,True,S-61,1,evt_S-61_desk_work_surface_0001,d9e493aa82dc7fae,pose_hand_context,,26179.2,3.96,,1,cam12/e1/v1,rtmpose_baseline
oneshot2,03.CCTV Mobile Usage.mkv,632de9ed55947761d56d4c6142a3cb1a1fe69d0b1a6d0e01a2e404c697962623,dfine_native,12200.0,stationery,0.3254,128.89,446.03,160.88,491.38,1450.6,31.99,45.35,0.705,False,,True,S-61,1,evt_S-61_desk_work_surface_0001,d9e493aa82dc7fae,pose_hand_context,,26179.2,3.96,,1,cam12/e1/v1,rtmpose_baseline
oneshot2,03.CCTV Mobile Usage.mkv,632de9ed55947761d56d4c6142a3cb1a1fe69d0b1a6d0e01a2e404c697962623,dfine_native,12200.0,stationery,0.381,20.97,414.97,105.56,498.0,7023.4,84.59,83.03,1.019,False,,True,S-61,1,evt_S-61_desk_work_surface_0001,d9e493aa82dc7fae,pose_hand_context,,26179.2,3.96,,1,cam12/e1/v1,rtmpose_baseline
oneshot2,03.CCTV Mobile Usage.mkv,632de9ed55947761d56d4c6142a3cb1a1fe69d0b1a6d0e01a2e404c697962623,dfine_native,12200.0,stationery,0.3358,21.01,476.64,182.88,552.28,12242.7,161.86,75.64,2.14,False,,True,S-61,1,evt_S-61_desk_work_surface_0001,d9e493aa82dc7fae,pose_hand_context,,26179.2,3.96,,1,cam12/e1/v1,rtmpose_baseline
oneshot2,03.CCTV Mobile Usage.mkv,632de9ed55947761d56d4c6142a3cb1a1fe69d0b1a6d0e01a2e404c697962623,dfine_native,12200.0,stationery,0.2571,91.07,405.34,150.27,493.21,5201.0,59.19,87.87,0.674,False,,True,S-61,1,evt_S-61_desk_work_surface_0001,d9e493aa82dc7fae,pose_hand_context,,26179.2,3.96,,1,cam12/e1/v1,rtmpose_baseline
oneshot2,03.CCTV Mobile Usage.mkv,632de9ed55947761d56d4c6142a3cb1a1fe69d0b1a6d0e01a2e404c697962623,dfine_native,12200.0,stationery,0.3694,21.26,493.12,162.05,552.4,8346.5,140.79,59.28,2.375,False,,True,S-61,1,evt_S-61_desk_work_surface_0001,d9e493aa82dc7fae,pose_hand_context,,26179.2,3.96,,1,cam12/e1/v1,rtmpose_baseline
oneshot2,03.CCTV Mobile Usage.mkv,632de9ed55947761d56d4c6142a3cb1a1fe69d0b1a6d0e01a2e404c697962623,dfine_native,12200.0,unknown_object,0.3969,203.81,293.53,340.8,389.77,13183.5,136.99,96.24,1.423,False,,True,S-61,2,evt_S-61_desk_work_surface_0001,f9214926523ed6ae,pose_hand_context,,32623.6,3.54,,1,cam12/e1/v1,rtmpose_baseline
oneshot2,03.CCTV Mobile Usage.mkv,632de9ed55947761d56d4c6142a3cb1a1fe69d0b1a6d0e01a2e404c697962623,dfine_native,12700.0,unknown_object,0.312,180.49,293.84,335.84,384.62,14102.7,155.35,90.78,1.711,False,,True,S-61,2,evt_S-61_desk_work_surface_0001,1f3041ccf4ecfadb,pose_hand_context,,34165.8,3.46,,1,cam12/e1/v1,rtmpose_baseline
oneshot2,03.CCTV Mobile Usage.mkv,632de9ed55947761d56d4c6142a3cb1a1fe69d0b1a6d0e01a2e404c697962623,dfine_native,12700.0,stationery,0.3639,16.87,392.15,101.84,498.64,9048.2,84.97,106.49,0.798,False,,True,S-61,1,evt_S-61_desk_work_surface_0001,4da4af0040eee7f8,pose_hand_context,,26771.5,3.91,,1,cam12/e1/v1,rtmpose_baseline
oneshot2,03.CCTV Mobile Usage.mkv,632de9ed55947761d56d4c6142a3cb1a1fe69d0b1a6d0e01a2e404c697962623,dfine_native,12700.0,stationery,0.4537,43.03,443.84,71.91,471.22,790.8,28.88,27.38,1.055,False,,True,S-61,1,evt_S-61_desk_work_surface_0001,4da4af0040eee7f8,pose_hand_context,,26771.5,3.91,,1,cam12/e1/v1,rtmpose_baseline
oneshot2,03.CCTV Mobile Usage.mkv,632de9ed55947761d56d4c6142a3cb1a1fe69d0b1a6d0e01a2e404c697962623,dfine_native,12700.0,stationery,0.2584,43.55,506.11,90.56,554.91,2293.7,47.0,48.8,0.963,False,,True,S-61,1,evt_S-61_desk_work_surface_0001,4da4af0040eee7f8,pose_hand_context,,26771.5,3.91,,1,cam12/e1/v1,rtmpose_baseline
oneshot2,03.CCTV Mobile Usage.mkv,632de9ed55947761d56d4c6142a3cb1a1fe69d0b1a6d0e01a2e404c697962623,dfine_native,12700.0,stationery,0.4137,100.29,478.46,160.44,531.68,3201.6,60.15,53.23,1.13,False,,True,S-61,1,evt_S-61_desk_work_surface_0001,4da4af0040eee7f8,pose_hand_context,,26771.5,3.91,,1,cam12/e1/v1,rtmpose_baseline
oneshot2,03.CCTV Mobile Usage.mkv,632de9ed55947761d56d4c6142a3cb1a1fe69d0b1a6d0e01a2e404c697962623,dfine_native,12700.0,stationery,0.6678,16.94,415.09,101.63,498.59,7071.1,84.68,83.5,1.014,False,,True,S-61,1,evt_S-61_desk_work_surface_0001,4da4af0040eee7f8,pose_hand_context,,26771.5,3.91,,1,cam12/e1/v1,rtmpose_baseline
oneshot2,03.CCTV Mobile Usage.mkv,632de9ed55947761d56d4c6142a3cb1a1fe69d0b1a6d0e01a2e404c697962623,dfine_native,12700.0,unknown_object,0.3187,16.81,392.13,180.06,555.34,26644.7,163.25,163.21,1.0,False,,True,S-61,1,evt_S-61_desk_work_surface_0001,4da4af0040eee7f8,pose_hand_context,,26771.5,3.91,,1,cam12/e1/v1,rtmpose_baseline
oneshot2,03.CCTV Mobile Usage.mkv,632de9ed55947761d56d4c6142a3cb1a1fe69d0b1a6d0e01a2e404c697962623,dfine_native,12700.0,stationery,0.3759,83.39,418.29,149.81,496.41,5188.5,66.42,78.12,0.85,False,,True,S-61,1,evt_S-61_desk_work_surface_0001,4da4af0040eee7f8,pose_hand_context,,26771.5,3.91,,1,cam12/e1/v1,rtmpose_baseline
oneshot2,03.CCTV Mobile Usage.mkv,632de9ed55947761d56d4c6142a3cb1a1fe69d0b1a6d0e01a2e404c697962623,dfine_native,12700.0,stationery,0.3028,70.68,418.06,155.51,497.46,6734.8,84.83,79.39,1.069,False,,True,S-61,1,evt_S-61_desk_work_surface_0001,4da4af0040eee7f8,pose_hand_context,,26771.5,3.91,,1,cam12/e1/v1,rtmpose_baseline
oneshot2,03.CCTV Mobile Usage.mkv,632de9ed55947761d56d4c6142a3cb1a1fe69d0b1a6d0e01a2e404c697962623,dfine_native,12700.0,stationery,0.3619,17.13,415.57,156.62,499.59,11719.5,139.49,84.02,1.66,False,,True,S-61,1,evt_S-61_desk_work_surface_0001,4da4af0040eee7f8,pose_hand_context,,26771.5,3.91,,1,cam12/e1/v1,rtmpose_baseline
oneshot2,03.CCTV Mobile Usage.mkv,632de9ed55947761d56d4c6142a3cb1a1fe69d0b1a6d0e01a2e404c697962623,dfine_native,12700.0,stationery,0.3928,17.08,478.77,179.78,555.65,12507.6,162.7,76.88,2.116,False,,True,S-61,1,evt_S-61_desk_work_surface_0001,4da4af0040eee7f8,pose_hand_context,,26771.5,3.91,,1,cam12/e1/v1,rtmpose_baseline
oneshot2,03.CCTV Mobile Usage.mkv,632de9ed55947761d56d4c6142a3cb1a1fe69d0b1a6d0e01a2e404c697962623,dfine_native,12700.0,stationery,0.2793,17.43,495.06,157.88,555.67,8512.7,140.45,60.61,2.317,False,,True,S-61,1,evt_S-61_desk_work_surface_0001,4da4af0040eee7f8,pose_hand_context,,26771.5,3.91,,1,cam12/e1/v1,rtmpose_baseline
oneshot2,03.CCTV Mobile Usage.mkv,632de9ed55947761d56d4c6142a3cb1a1fe69d0b1a6d0e01a2e404c697962623,dfine_native,12700.0,stationery,0.2505,127.81,445.39,158.05,490.1,1352.2,30.24,44.71,0.676,False,,True,S-61,1,evt_S-61_desk_work_surface_0001,4da4af0040eee7f8,pose_hand_context,,26771.5,3.91,,1,cam12/e1/v1,rtmpose_baseline
oneshot2,03.CCTV Mobile Usage.mkv,632de9ed55947761d56d4c6142a3cb1a1fe69d0b1a6d0e01a2e404c697962623,dfine_native,12700.0,stationery,0.3629,16.92,493.35,179.88,555.67,10157.4,162.96,62.33,2.615,False,,True,S-61,1,evt_S-61_desk_work_surface_0001,4da4af0040eee7f8,pose_hand_context,,26771.5,3.91,,1,cam12/e1/v1,rtmpose_baseline
oneshot2,03.CCTV Mobile Usage.mkv,632de9ed55947761d56d4c6142a3cb1a1fe69d0b1a6d0e01a2e404c697962623,dfine_native,12700.0,stationery,0.2657,16.92,392.08,157.98,499.53,15155.8,141.05,107.45,1.313,False,,True,S-61,1,evt_S-61_desk_work_surface_0001,4da4af0040eee7f8,pose_hand_context,,26771.5,3.91,,1,cam12/e1/v1,rtmpose_baseline
oneshot2,03.CCTV Mobile Usage.mkv,632de9ed55947761d56d4c6142a3cb1a1fe69d0b1a6d0e01a2e404c697962623,dfine_native,12700.0,stationery,0.306,17.33,478.23,160.24,555.36,11022.2,142.92,77.12,1.853,False,,True,S-61,1,evt_S-61_desk_work_surface_0001,4da4af0040eee7f8,pose_hand_context,,26771.5,3.91,,1,cam12/e1/v1,rtmpose_baseline
oneshot2,03.CCTV Mobile Usage.mkv,632de9ed55947761d56d4c6142a3cb1a1fe69d0b1a6d0e01a2e404c697962623,dfine_native,12700.0,keyboard,0.894,962.1,451.9,1067.92,491.45,4185.1,105.83,39.55,2.676,False,,True,R-desk,5,evt_S-61_desk_work_surface_0001,968235d01208b21f,lap_bag_context,no_pose_observation,34560.0,1.33,,1,cam12/e1/v1,
oneshot2,03.CCTV Mobile Usage.mkv,632de9ed55947761d56d4c6142a3cb1a1fe69d0b1a6d0e01a2e404c697962623,dfine_native,12700.0,unknown_object,0.6223,699.91,396.23,849.49,492.42,14387.6,149.57,96.19,1.555,False,,True,R-desk,5,evt_S-61_desk_work_surface_0001,968235d01208b21f,lap_bag_context,no_pose_observation,34560.0,1.33,,1,cam12/e1/v1,
oneshot2,03.CCTV Mobile Usage.mkv,632de9ed55947761d56d4c6142a3cb1a1fe69d0b1a6d0e01a2e404c697962623,dfine_native,12700.0,keyboard,0.4237,802.46,396.22,870.9,420.71,1675.7,68.44,24.48,2.795,False,,True,R-desk,5,evt_S-61_desk_work_surface_0001,968235d01208b21f,lap_bag_context,no_pose_observation,34560.0,1.33,,1,cam12/e1/v1,
oneshot2,03.CCTV Mobile Usage.mkv,632de9ed55947761d56d4c6142a3cb1a1fe69d0b1a6d0e01a2e404c697962623,dfine_native,12700.0,unknown_object,0.3092,736.55,395.62,1140.16,491.17,38565.1,403.61,95.55,4.224,False,,True,R-desk,5,evt_S-61_desk_work_surface_0001,968235d01208b21f,lap_bag_context,no_pose_observation,34560.0,1.33,,1,cam12/e1/v1,
oneshot2,03.CCTV Mobile Usage.mkv,632de9ed55947761d56d4c6142a3cb1a1fe69d0b1a6d0e01a2e404c697962623,dfine_native,12700.0,monitor_or_bezel,0.3892,1019.66,395.52,1145.06,446.55,6399.4,125.4,51.03,2.457,False,,True,R-desk,5,evt_S-61_desk_work_surface_0001,968235d01208b21f,lap_bag_context,no_pose_observation,34560.0,1.33,,1,cam12/e1/v1,
oneshot2,03.CCTV Mobile Usage.mkv,632de9ed55947761d56d4c6142a3cb1a1fe69d0b1a6d0e01a2e404c697962623,dfine_native,12700.0,unknown_object,0.4019,699.97,396.22,757.52,491.04,5456.4,57.55,94.82,0.607,False,,True,R-desk,5,evt_S-61_desk_work_surface_0001,968235d01208b21f,lap_bag_context,no_pose_observation,34560.0,1.33,,1,cam12/e1/v1,
oneshot2,03.CCTV Mobile Usage.mkv,632de9ed55947761d56d4c6142a3cb1a1fe69d0b1a6d0e01a2e404c697962623,dfine_native,12700.0,monitor_or_bezel,0.3272,1013.37,395.62,1146.34,488.37,12331.9,132.97,92.74,1.434,False,,True,R-desk,5,evt_S-61_desk_work_surface_0001,968235d01208b21f,lap_bag_context,no_pose_observation,34560.0,1.33,,1,cam12/e1/v1,
oneshot2,03.CCTV Mobile Usage.mkv,632de9ed55947761d56d4c6142a3cb1a1fe69d0b1a6d0e01a2e404c697962623,dfine_native,12700.0,phone,0.2574,1042.72,421.48,1114.16,474.32,3775.4,71.45,52.84,1.352,False,,True,R-desk,5,evt_S-61_desk_work_surface_0001,968235d01208b21f,lap_bag_context,no_pose_observation,34560.0,1.33,,1,cam12/e1/v1,
oneshot2,03.CCTV Mobile Usage.mkv,632de9ed55947761d56d4c6142a3cb1a1fe69d0b1a6d0e01a2e404c697962623,dfine_native,12700.0,monitor_or_bezel,0.4822,967.01,395.52,1146.45,490.67,17075.0,179.45,95.15,1.886,False,,True,R-desk,5,evt_S-61_desk_work_surface_0001,968235d01208b21f,lap_bag_context,no_pose_observation,34560.0,1.33,,1,cam12/e1/v1,
oneshot2,03.CCTV Mobile Usage.mkv,632de9ed55947761d56d4c6142a3cb1a1fe69d0b1a6d0e01a2e404c697962623,dfine_native,12700.0,mouse,0.5254,865.29,413.82,892.12,435.31,576.5,26.83,21.48,1.249,False,,True,R-desk,5,evt_S-61_desk_work_surface_0001,968235d01208b21f,lap_bag_context,no_pose_observation,34560.0,1.33,,1,cam12/e1/v1,
oneshot2,03.CCTV Mobile Usage.mkv,632de9ed55947761d56d4c6142a3cb1a1fe69d0b1a6d0e01a2e404c697962623,dfine_native,12700.0,mouse,0.2733,966.85,398.32,992.32,410.44,308.6,25.46,12.12,2.101,False,,True,R-desk,5,evt_S-61_desk_work_surface_0001,968235d01208b21f,lap_bag_context,no_pose_observation,34560.0,1.33,,1,cam12/e1/v1,
oneshot2,03.CCTV Mobile Usage.mkv,632de9ed55947761d56d4c6142a3cb1a1fe69d0b1a6d0e01a2e404c697962623,dfine_native,12700.0,monitor_or_bezel,0.281,967.29,395.4,1146.3,490.86,17088.5,179.0,95.46,1.875,False,,True,R-desk,5,evt_S-61_desk_work_surface_0001,968235d01208b21f,lap_bag_context,no_pose_observation,34560.0,1.33,,1,cam12/e1/v1,
oneshot2,03.CCTV Mobile Usage.mkv,632de9ed55947761d56d4c6142a3cb1a1fe69d0b1a6d0e01a2e404c697962623,dfine_native,12700.0,monitor_or_bezel,0.3241,874.69,395.46,1146.43,491.41,26072.2,271.74,95.95,2.832,False,,True,R-desk,5,evt_S-61_desk_work_surface_0001,968235d01208b21f,lap_bag_context,no_pose_observation,34560.0,1.33,,1,cam12/e1/v1,
oneshot2,03.CCTV Mobile Usage.mkv,632de9ed55947761d56d4c6142a3cb1a1fe69d0b1a6d0e01a2e404c697962623,dfine_native,12700.0,unknown_object,0.3147,699.92,396.15,779.06,492.48,7623.9,79.14,96.33,0.822,False,,True,R-desk,5,evt_S-61_desk_work_surface_0001,968235d01208b21f,lap_bag_context,no_pose_observation,34560.0,1.33,,1,cam12/e1/v1,
oneshot2,03.CCTV Mobile Usage.mkv,632de9ed55947761d56d4c6142a3cb1a1fe69d0b1a6d0e01a2e404c697962623,dfine_native,12700.0,keyboard,0.894,962.1,451.9,1067.92,491.45,4185.1,105.83,39.55,2.676,False,,True,R-desk,6,evt_S-61_desk_work_surface_0001,968235d01208b21f,lap_bag_context,no_pose_observation,34560.0,1.33,,1,cam12/e1/v1,
oneshot2,03.CCTV Mobile Usage.mkv,632de9ed55947761d56d4c6142a3cb1a1fe69d0b1a6d0e01a2e404c697962623,dfine_native,12700.0,unknown_object,0.6223,699.91,396.23,849.49,492.42,14387.6,149.57,96.19,1.555,False,,True,R-desk,6,evt_S-61_desk_work_surface_0001,968235d01208b21f,lap_bag_context,no_pose_observation,34560.0,1.33,,1,cam12/e1/v1,
oneshot2,03.CCTV Mobile Usage.mkv,632de9ed55947761d56d4c6142a3cb1a1fe69d0b1a6d0e01a2e404c697962623,dfine_native,12700.0,keyboard,0.4237,802.46,396.22,870.9,420.71,1675.7,68.44,24.48,2.795,False,,True,R-desk,6,evt_S-61_desk_work_surface_0001,968235d01208b21f,lap_bag_context,no_pose_observation,34560.0,1.33,,1,cam12/e1/v1,
oneshot2,03.CCTV Mobile Usage.mkv,632de9ed55947761d56d4c6142a3cb1a1fe69d0b1a6d0e01a2e404c697962623,dfine_native,12700.0,unknown_object,0.3092,736.55,395.62,1140.16,491.17,38565.1,403.61,95.55,4.224,False,,True,R-desk,6,evt_S-61_desk_work_surface_0001,968235d01208b21f,lap_bag_context,no_pose_observation,34560.0,1.33,,1,cam12/e1/v1,
oneshot2,03.CCTV Mobile Usage.mkv,632de9ed55947761d56d4c6142a3cb1a1fe69d0b1a6d0e01a2e404c697962623,dfine_native,12700.0,monitor_or_bezel,0.3892,1019.66,395.52,1145.06,446.55,6399.4,125.4,51.03,2.457,False,,True,R-desk,6,evt_S-61_desk_work_surface_0001,968235d01208b21f,lap_bag_context,no_pose_observation,34560.0,1.33,,1,cam12/e1/v1,
oneshot2,03.CCTV Mobile Usage.mkv,632de9ed55947761d56d4c6142a3cb1a1fe69d0b1a6d0e01a2e404c697962623,dfine_native,12700.0,unknown_object,0.4019,699.97,396.22,757.52,491.04,5456.4,57.55,94.82,0.607,False,,True,R-desk,6,evt_S-61_desk_work_surface_0001,968235d01208b21f,lap_bag_context,no_pose_observation,34560.0,1.33,,1,cam12/e1/v1,
oneshot2,03.CCTV Mobile Usage.mkv,632de9ed55947761d56d4c6142a3cb1a1fe69d0b1a6d0e01a2e404c697962623,dfine_native,12700.0,monitor_or_bezel,0.3272,1013.37,395.62,1146.34,488.37,12331.9,132.97,92.74,1.434,False,,True,R-desk,6,evt_S-61_desk_work_surface_0001,968235d01208b21f,lap_bag_context,no_pose_observation,34560.0,1.33,,1,cam12/e1/v1,
oneshot2,03.CCTV Mobile Usage.mkv,632de9ed55947761d56d4c6142a3cb1a1fe69d0b1a6d0e01a2e404c697962623,dfine_native,12700.0,phone,0.2574,1042.72,421.48,1114.16,474.32,3775.4,71.45,52.84,1.352,False,,True,R-desk,6,evt_S-61_desk_work_surface_0001,968235d01208b21f,lap_bag_context,no_pose_observation,34560.0,1.33,,1,cam12/e1/v1,
oneshot2,03.CCTV Mobile Usage.mkv,632de9ed55947761d56d4c6142a3cb1a1fe69d0b1a6d0e01a2e404c697962623,dfine_native,12700.0,monitor_or_bezel,0.4822,967.01,395.52,1146.45,490.67,17075.0,179.45,95.15,1.886,False,,True,R-desk,6,evt_S-61_desk_work_surface_0001,968235d01208b21f,lap_bag_context,no_pose_observation,34560.0,1.33,,1,cam12/e1/v1,
oneshot2,03.CCTV Mobile Usage.mkv,632de9ed55947761d56d4c6142a3cb1a1fe69d0b1a6d0e01a2e404c697962623,dfine_native,12700.0,mouse,0.5254,865.29,413.82,892.12,435.31,576.5,26.83,21.48,1.249,False,,True,R-desk,6,evt_S-61_desk_work_surface_0001,968235d01208b21f,lap_bag_context,no_pose_observation,34560.0,1.33,,1,cam12/e1/v1,
oneshot2,03.CCTV Mobile Usage.mkv,632de9ed55947761d56d4c6142a3cb1a1fe69d0b1a6d0e01a2e404c697962623,dfine_native,12700.0,mouse,0.2733,966.85,398.32,992.32,410.44,308.6,25.46,12.12,2.101,False,,True,R-desk,6,evt_S-61_desk_work_surface_0001,968235d01208b21f,lap_bag_context,no_pose_observation,34560.0,1.33,,1,cam12/e1/v1,
oneshot2,03.CCTV Mobile Usage.mkv,632de9ed55947761d56d4c6142a3cb1a1fe69d0b1a6d0e01a2e404c697962623,dfine_native,12700.0,monitor_or_bezel,0.281,967.29,395.4,1146.3,490.86,17088.5,179.0,95.46,1.875,False,,True,R-desk,6,evt_S-61_desk_work_surface_0001,968235d01208b21f,lap_bag_context,no_pose_observation,34560.0,1.33,,1,cam12/e1/v1,
oneshot2,03.CCTV Mobile Usage.mkv,632de9ed55947761d56d4c6142a3cb1a1fe69d0b1a6d0e01a2e404c697962623,dfine_native,12700.0,monitor_or_bezel,0.3241,874.69,395.46,1146.43,491.41,26072.2,271.74,95.95,2.832,False,,True,R-desk,6,evt_S-61_desk_work_surface_0001,968235d01208b21f,lap_bag_context,no_pose_observation,34560.0,1.33,,1,cam12/e1/v1,
oneshot2,03.CCTV Mobile Usage.mkv,632de9ed55947761d56d4c6142a3cb1a1fe69d0b1a6d0e01a2e404c697962623,dfine_native,12700.0,unknown_object,0.3147,699.92,396.15,779.06,492.48,7623.9,79.14,96.33,0.822,False,,True,R-desk,6,evt_S-61_desk_work_surface_0001,968235d01208b21f,lap_bag_context,no_pose_observation,34560.0,1.33,,1,cam12/e1/v1,
oneshot2,03.CCTV Mobile Usage.mkv,632de9ed55947761d56d4c6142a3cb1a1fe69d0b1a6d0e01a2e404c697962623,dfine_native,12700.0,keyboard,0.894,962.1,451.9,1067.92,491.45,4185.1,105.83,39.55,2.676,False,,True,R-desk,7,evt_S-61_desk_work_surface_0001,968235d01208b21f,lap_bag_context,no_pose_observation,34560.0,1.33,,1,cam12/e1/v1,
oneshot2,03.CCTV Mobile Usage.mkv,632de9ed55947761d56d4c6142a3cb1a1fe69d0b1a6d0e01a2e404c697962623,dfine_native,12700.0,unknown_object,0.6223,699.91,396.23,849.49,492.42,14387.6,149.57,96.19,1.555,False,,True,R-desk,7,evt_S-61_desk_work_surface_0001,968235d01208b21f,lap_bag_context,no_pose_observation,34560.0,1.33,,1,cam12/e1/v1,
oneshot2,03.CCTV Mobile Usage.mkv,632de9ed55947761d56d4c6142a3cb1a1fe69d0b1a6d0e01a2e404c697962623,dfine_native,12700.0,keyboard,0.4237,802.46,396.22,870.9,420.71,1675.7,68.44,24.48,2.795,False,,True,R-desk,7,evt_S-61_desk_work_surface_0001,968235d01208b21f,lap_bag_context,no_pose_observation,34560.0,1.33,,1,cam12/e1/v1,
oneshot2,03.CCTV Mobile Usage.mkv,632de9ed55947761d56d4c6142a3cb1a1fe69d0b1a6d0e01a2e404c697962623,dfine_native,12700.0,unknown_object,0.3092,736.55,395.62,1140.16,491.17,38565.1,403.61,95.55,4.224,False,,True,R-desk,7,evt_S-61_desk_work_surface_0001,968235d01208b21f,lap_bag_context,no_pose_observation,34560.0,1.33,,1,cam12/e1/v1,
oneshot2,03.CCTV Mobile Usage.mkv,632de9ed55947761d56d4c6142a3cb1a1fe69d0b1a6d0e01a2e404c697962623,dfine_native,12700.0,monitor_or_bezel,0.3892,1019.66,395.52,1145.06,446.55,6399.4,125.4,51.03,2.457,False,,True,R-desk,7,evt_S-61_desk_work_surface_0001,968235d01208b21f,lap_bag_context,no_pose_observation,34560.0,1.33,,1,cam12/e1/v1,
oneshot2,03.CCTV Mobile Usage.mkv,632de9ed55947761d56d4c6142a3cb1a1fe69d0b1a6d0e01a2e404c697962623,dfine_native,12700.0,unknown_object,0.4019,699.97,396.22,757.52,491.04,5456.4,57.55,94.82,0.607,False,,True,R-desk,7,evt_S-61_desk_work_surface_0001,968235d01208b21f,lap_bag_context,no_pose_observation,34560.0,1.33,,1,cam12/e1/v1,
oneshot2,03.CCTV Mobile Usage.mkv,632de9ed55947761d56d4c6142a3cb1a1fe69d0b1a6d0e01a2e404c697962623,dfine_native,12700.0,monitor_or_bezel,0.3272,1013.37,395.62,1146.34,488.37,12331.9,132.97,92.74,1.434,False,,True,R-desk,7,evt_S-61_desk_work_surface_0001,968235d01208b21f,lap_bag_context,no_pose_observation,34560.0,1.33,,1,cam12/e1/v1,
oneshot2,03.CCTV Mobile Usage.mkv,632de9ed55947761d56d4c6142a3cb1a1fe69d0b1a6d0e01a2e404c697962623,dfine_native,12700.0,phone,0.2574,1042.72,421.48,1114.16,474.32,3775.4,71.45,52.84,1.352,False,,True,R-desk,7,evt_S-61_desk_work_surface_0001,968235d01208b21f,lap_bag_context,no_pose_observation,34560.0,1.33,,1,cam12/e1/v1,
oneshot2,03.CCTV Mobile Usage.mkv,632de9ed55947761d56d4c6142a3cb1a1fe69d0b1a6d0e01a2e404c697962623,dfine_native,12700.0,monitor_or_bezel,0.4822,967.01,395.52,1146.45,490.67,17075.0,179.45,95.15,1.886,False,,True,R-desk,7,evt_S-61_desk_work_surface_0001,968235d01208b21f,lap_bag_context,no_pose_observation,34560.0,1.33,,1,cam12/e1/v1,
oneshot2,03.CCTV Mobile Usage.mkv,632de9ed55947761d56d4c6142a3cb1a1fe69d0b1a6d0e01a2e404c697962623,dfine_native,12700.0,mouse,0.5254,865.29,413.82,892.12,435.31,576.5,26.83,21.48,1.249,False,,True,R-desk,7,evt_S-61_desk_work_surface_0001,968235d01208b21f,lap_bag_context,no_pose_observation,34560.0,1.33,,1,cam12/e1/v1,
oneshot2,03.CCTV Mobile Usage.mkv,632de9ed55947761d56d4c6142a3cb1a1fe69d0b1a6d0e01a2e404c697962623,dfine_native,12700.0,mouse,0.2733,966.85,398.32,992.32,410.44,308.6,25.46,12.12,2.101,False,,True,R-desk,7,evt_S-61_desk_work_surface_0001,968235d01208b21f,lap_bag_context,no_pose_observation,34560.0,1.33,,1,cam12/e1/v1,
oneshot2,03.CCTV Mobile Usage.mkv,632de9ed55947761d56d4c6142a3cb1a1fe69d0b1a6d0e01a2e404c697962623,dfine_native,12700.0,monitor_or_bezel,0.281,967.29,395.4,1146.3,490.86,17088.5,179.0,95.46,1.875,False,,True,R-desk,7,evt_S-61_desk_work_surface_0001,968235d01208b21f,lap_bag_context,no_pose_observation,34560.0,1.33,,1,cam12/e1/v1,
oneshot2,03.CCTV Mobile Usage.mkv,632de9ed55947761d56d4c6142a3cb1a1fe69d0b1a6d0e01a2e404c697962623,dfine_native,12700.0,monitor_or_bezel,0.3241,874.69,395.46,1146.43,491.41,26072.2,271.74,95.95,2.832,False,,True,R-desk,7,evt_S-61_desk_work_surface_0001,968235d01208b21f,lap_bag_context,no_pose_observation,34560.0,1.33,,1,cam12/e1/v1,
oneshot2,03.CCTV Mobile Usage.mkv,632de9ed55947761d56d4c6142a3cb1a1fe69d0b1a6d0e01a2e404c697962623,dfine_native,12700.0,unknown_object,0.3147,699.92,396.15,779.06,492.48,7623.9,79.14,96.33,0.822,False,,True,R-desk,7,evt_S-61_desk_work_surface_0001,968235d01208b21f,lap_bag_context,no_pose_observation,34560.0,1.33,,1,cam12/e1/v1,
oneshot2,03.CCTV Mobile Usage.mkv,632de9ed55947761d56d4c6142a3cb1a1fe69d0b1a6d0e01a2e404c697962623,dfine_native,13200.0,keyboard,0.894,962.1,451.9,1067.92,491.45,4185.1,105.83,39.55,2.676,False,,True,R-desk,7,evt_S-61_desk_work_surface_0001,200f7d8ecd4f122b,lap_bag_context,no_pose_observation,34560.0,1.33,,1,cam12/e1/v1,
oneshot2,03.CCTV Mobile Usage.mkv,632de9ed55947761d56d4c6142a3cb1a1fe69d0b1a6d0e01a2e404c697962623,dfine_native,13200.0,unknown_object,0.6223,699.91,396.23,849.49,492.42,14387.6,149.57,96.19,1.555,False,,True,R-desk,7,evt_S-61_desk_work_surface_0001,200f7d8ecd4f122b,lap_bag_context,no_pose_observation,34560.0,1.33,,1,cam12/e1/v1,
oneshot2,03.CCTV Mobile Usage.mkv,632de9ed55947761d56d4c6142a3cb1a1fe69d0b1a6d0e01a2e404c697962623,dfine_native,13200.0,keyboard,0.4237,802.46,396.22,870.9,420.71,1675.7,68.44,24.48,2.795,False,,True,R-desk,7,evt_S-61_desk_work_surface_0001,200f7d8ecd4f122b,lap_bag_context,no_pose_observation,34560.0,1.33,,1,cam12/e1/v1,
oneshot2,03.CCTV Mobile Usage.mkv,632de9ed55947761d56d4c6142a3cb1a1fe69d0b1a6d0e01a2e404c697962623,dfine_native,13200.0,unknown_object,0.3092,736.55,395.62,1140.16,491.17,38565.1,403.61,95.55,4.224,False,,True,R-desk,7,evt_S-61_desk_work_surface_0001,200f7d8ecd4f122b,lap_bag_context,no_pose_observation,34560.0,1.33,,1,cam12/e1/v1,
oneshot2,03.CCTV Mobile Usage.mkv,632de9ed55947761d56d4c6142a3cb1a1fe69d0b1a6d0e01a2e404c697962623,dfine_native,13200.0,monitor_or_bezel,0.3892,1019.66,395.52,1145.06,446.55,6399.4,125.4,51.03,2.457,False,,True,R-desk,7,evt_S-61_desk_work_surface_0001,200f7d8ecd4f122b,lap_bag_context,no_pose_observation,34560.0,1.33,,1,cam12/e1/v1,
oneshot2,03.CCTV Mobile Usage.mkv,632de9ed55947761d56d4c6142a3cb1a1fe69d0b1a6d0e01a2e404c697962623,dfine_native,13200.0,unknown_object,0.4019,699.97,396.22,757.52,491.04,5456.4,57.55,94.82,0.607,False,,True,R-desk,7,evt_S-61_desk_work_surface_0001,200f7d8ecd4f122b,lap_bag_context,no_pose_observation,34560.0,1.33,,1,cam12/e1/v1,
oneshot2,03.CCTV Mobile Usage.mkv,632de9ed55947761d56d4c6142a3cb1a1fe69d0b1a6d0e01a2e404c697962623,dfine_native,13200.0,monitor_or_bezel,0.3272,1013.37,395.62,1146.34,488.37,12331.9,132.97,92.74,1.434,False,,True,R-desk,7,evt_S-61_desk_work_surface_0001,200f7d8ecd4f122b,lap_bag_context,no_pose_observation,34560.0,1.33,,1,cam12/e1/v1,
oneshot2,03.CCTV Mobile Usage.mkv,632de9ed55947761d56d4c6142a3cb1a1fe69d0b1a6d0e01a2e404c697962623,dfine_native,13200.0,phone,0.2574,1042.72,421.48,1114.16,474.32,3775.4,71.45,52.84,1.352,False,,True,R-desk,7,evt_S-61_desk_work_surface_0001,200f7d8ecd4f122b,lap_bag_context,no_pose_observation,34560.0,1.33,,1,cam12/e1/v1,
oneshot2,03.CCTV Mobile Usage.mkv,632de9ed55947761d56d4c6142a3cb1a1fe69d0b1a6d0e01a2e404c697962623,dfine_native,13200.0,monitor_or_bezel,0.4822,967.01,395.52,1146.45,490.67,17075.0,179.45,95.15,1.886,False,,True,R-desk,7,evt_S-61_desk_work_surface_0001,200f7d8ecd4f122b,lap_bag_context,no_pose_observation,34560.0,1.33,,1,cam12/e1/v1,
oneshot2,03.CCTV Mobile Usage.mkv,632de9ed55947761d56d4c6142a3cb1a1fe69d0b1a6d0e01a2e404c697962623,dfine_native,13200.0,mouse,0.5254,865.29,413.82,892.12,435.31,576.5,26.83,21.48,1.249,False,,True,R-desk,7,evt_S-61_desk_work_surface_0001,200f7d8ecd4f122b,lap_bag_context,no_pose_observation,34560.0,1.33,,1,cam12/e1/v1,
oneshot2,03.CCTV Mobile Usage.mkv,632de9ed55947761d56d4c6142a3cb1a1fe69d0b1a6d0e01a2e404c697962623,dfine_native,13200.0,mouse,0.2733,966.85,398.32,992.32,410.44,308.6,25.46,12.12,2.101,False,,True,R-desk,7,evt_S-61_desk_work_surface_0001,200f7d8ecd4f122b,lap_bag_context,no_pose_observation,34560.0,1.33,,1,cam12/e1/v1,
oneshot2,03.CCTV Mobile Usage.mkv,632de9ed55947761d56d4c6142a3cb1a1fe69d0b1a6d0e01a2e404c697962623,dfine_native,13200.0,monitor_or_bezel,0.281,967.29,395.4,1146.3,490.86,17088.5,179.0,95.46,1.875,False,,True,R-desk,7,evt_S-61_desk_work_surface_0001,200f7d8ecd4f122b,lap_bag_context,no_pose_observation,34560.0,1.33,,1,cam12/e1/v1,
oneshot2,03.CCTV Mobile Usage.mkv,632de9ed55947761d56d4c6142a3cb1a1fe69d0b1a6d0e01a2e404c697962623,dfine_native,13200.0,monitor_or_bezel,0.3241,874.69,395.46,1146.43,491.41,26072.2,271.74,95.95,2.832,False,,True,R-desk,7,evt_S-61_desk_work_surface_0001,200f7d8ecd4f122b,lap_bag_context,no_pose_observation,34560.0,1.33,,1,cam12/e1/v1,
oneshot2,03.CCTV Mobile Usage.mkv,632de9ed55947761d56d4c6142a3cb1a1fe69d0b1a6d0e01a2e404c697962623,dfine_native,13200.0,unknown_object,0.3147,699.92,396.15,779.06,492.48,7623.9,79.14,96.33,0.822,False,,True,R-desk,7,evt_S-61_desk_work_surface_0001,200f7d8ecd4f122b,lap_bag_context,no_pose_observation,34560.0,1.33,,1,cam12/e1/v1,
oneshot2,03.CCTV Mobile Usage.mkv,632de9ed55947761d56d4c6142a3cb1a1fe69d0b1a6d0e01a2e404c697962623,dfine_native,13200.0,keyboard,0.894,962.1,451.9,1067.92,491.45,4185.1,105.83,39.55,2.676,False,,True,R-desk,6,evt_S-61_desk_work_surface_0001,200f7d8ecd4f122b,lap_bag_context,no_pose_observation,34560.0,1.33,,1,cam12/e1/v1,
oneshot2,03.CCTV Mobile Usage.mkv,632de9ed55947761d56d4c6142a3cb1a1fe69d0b1a6d0e01a2e404c697962623,dfine_native,13200.0,unknown_object,0.6223,699.91,396.23,849.49,492.42,14387.6,149.57,96.19,1.555,False,,True,R-desk,6,evt_S-61_desk_work_surface_0001,200f7d8ecd4f122b,lap_bag_context,no_pose_observation,34560.0,1.33,,1,cam12/e1/v1,
oneshot2,03.CCTV Mobile Usage.mkv,632de9ed55947761d56d4c6142a3cb1a1fe69d0b1a6d0e01a2e404c697962623,dfine_native,13200.0,keyboard,0.4237,802.46,396.22,870.9,420.71,1675.7,68.44,24.48,2.795,False,,True,R-desk,6,evt_S-61_desk_work_surface_0001,200f7d8ecd4f122b,lap_bag_context,no_pose_observation,34560.0,1.33,,1,cam12/e1/v1,
oneshot2,03.CCTV Mobile Usage.mkv,632de9ed55947761d56d4c6142a3cb1a1fe69d0b1a6d0e01a2e404c697962623,dfine_native,13200.0,unknown_object,0.3092,736.55,395.62,1140.16,491.17,38565.1,403.61,95.55,4.224,False,,True,R-desk,6,evt_S-61_desk_work_surface_0001,200f7d8ecd4f122b,lap_bag_context,no_pose_observation,34560.0,1.33,,1,cam12/e1/v1,
oneshot2,03.CCTV Mobile Usage.mkv,632de9ed55947761d56d4c6142a3cb1a1fe69d0b1a6d0e01a2e404c697962623,dfine_native,13200.0,monitor_or_bezel,0.3892,1019.66,395.52,1145.06,446.55,6399.4,125.4,51.03,2.457,False,,True,R-desk,6,evt_S-61_desk_work_surface_0001,200f7d8ecd4f122b,lap_bag_context,no_pose_observation,34560.0,1.33,,1,cam12/e1/v1,
oneshot2,03.CCTV Mobile Usage.mkv,632de9ed55947761d56d4c6142a3cb1a1fe69d0b1a6d0e01a2e404c697962623,dfine_native,13200.0,unknown_object,0.4019,699.97,396.22,757.52,491.04,5456.4,57.55,94.82,0.607,False,,True,R-desk,6,evt_S-61_desk_work_surface_0001,200f7d8ecd4f122b,lap_bag_context,no_pose_observation,34560.0,1.33,,1,cam12/e1/v1,
oneshot2,03.CCTV Mobile Usage.mkv,632de9ed55947761d56d4c6142a3cb1a1fe69d0b1a6d0e01a2e404c697962623,dfine_native,13200.0,monitor_or_bezel,0.3272,1013.37,395.62,1146.34,488.37,12331.9,132.97,92.74,1.434,False,,True,R-desk,6,evt_S-61_desk_work_surface_0001,200f7d8ecd4f122b,lap_bag_context,no_pose_observation,34560.0,1.33,,1,cam12/e1/v1,
oneshot2,03.CCTV Mobile Usage.mkv,632de9ed55947761d56d4c6142a3cb1a1fe69d0b1a6d0e01a2e404c697962623,dfine_native,13200.0,phone,0.2574,1042.72,421.48,1114.16,474.32,3775.4,71.45,52.84,1.352,False,,True,R-desk,6,evt_S-61_desk_work_surface_0001,200f7d8ecd4f122b,lap_bag_context,no_pose_observation,34560.0,1.33,,1,cam12/e1/v1,
oneshot2,03.CCTV Mobile Usage.mkv,632de9ed55947761d56d4c6142a3cb1a1fe69d0b1a6d0e01a2e404c697962623,dfine_native,13200.0,monitor_or_bezel,0.4822,967.01,395.52,1146.45,490.67,17075.0,179.45,95.15,1.886,False,,True,R-desk,6,evt_S-61_desk_work_surface_0001,200f7d8ecd4f122b,lap_bag_context,no_pose_observation,34560.0,1.33,,1,cam12/e1/v1,
oneshot2,03.CCTV Mobile Usage.mkv,632de9ed55947761d56d4c6142a3cb1a1fe69d0b1a6d0e01a2e404c697962623,dfine_native,13200.0,mouse,0.5254,865.29,413.82,892.12,435.31,576.5,26.83,21.48,1.249,False,,True,R-desk,6,evt_S-61_desk_work_surface_0001,200f7d8ecd4f122b,lap_bag_context,no_pose_observation,34560.0,1.33,,1,cam12/e1/v1,
oneshot2,03.CCTV Mobile Usage.mkv,632de9ed55947761d56d4c6142a3cb1a1fe69d0b1a6d0e01a2e404c697962623,dfine_native,13200.0,mouse,0.2733,966.85,398.32,992.32,410.44,308.6,25.46,12.12,2.101,False,,True,R-desk,6,evt_S-61_desk_work_surface_0001,200f7d8ecd4f122b,lap_bag_context,no_pose_observation,34560.0,1.33,,1,cam12/e1/v1,
oneshot2,03.CCTV Mobile Usage.mkv,632de9ed55947761d56d4c6142a3cb1a1fe69d0b1a6d0e01a2e404c697962623,dfine_native,13200.0,monitor_or_bezel,0.281,967.29,395.4,1146.3,490.86,17088.5,179.0,95.46,1.875,False,,True,R-desk,6,evt_S-61_desk_work_surface_0001,200f7d8ecd4f122b,lap_bag_context,no_pose_observation,34560.0,1.33,,1,cam12/e1/v1,
oneshot2,03.CCTV Mobile Usage.mkv,632de9ed55947761d56d4c6142a3cb1a1fe69d0b1a6d0e01a2e404c697962623,dfine_native,13200.0,monitor_or_bezel,0.3241,874.69,395.46,1146.43,491.41,26072.2,271.74,95.95,2.832,False,,True,R-desk,6,evt_S-61_desk_work_surface_0001,200f7d8ecd4f122b,lap_bag_context,no_pose_observation,34560.0,1.33,,1,cam12/e1/v1,
oneshot2,03.CCTV Mobile Usage.mkv,632de9ed55947761d56d4c6142a3cb1a1fe69d0b1a6d0e01a2e404c697962623,dfine_native,13200.0,unknown_object,0.3147,699.92,396.15,779.06,492.48,7623.9,79.14,96.33,0.822,False,,True,R-desk,6,evt_S-61_desk_work_surface_0001,200f7d8ecd4f122b,lap_bag_context,no_pose_observation,34560.0,1.33,,1,cam12/e1/v1,
oneshot2,03.CCTV Mobile Usage.mkv,632de9ed55947761d56d4c6142a3cb1a1fe69d0b1a6d0e01a2e404c697962623,dfine_native,13200.0,unknown_object,0.4686,142.75,198.27,277.42,349.5,20365.7,134.67,151.22,0.891,False,,True,S-61,2,evt_S-61_desk_work_surface_0001,41099a5b80ec7e0e,pose_hand_context,,42791.1,3.09,,1,cam12/e1/v1,rtmpose_baseline
oneshot2,03.CCTV Mobile Usage.mkv,632de9ed55947761d56d4c6142a3cb1a1fe69d0b1a6d0e01a2e404c697962623,dfine_native,13200.0,unknown_object,0.252,233.36,293.6,345.55,403.0,12273.6,112.19,109.4,1.025,False,,True,S-61,2,evt_S-61_desk_work_surface_0001,41099a5b80ec7e0e,pose_hand_context,,42791.1,3.09,,1,cam12/e1/v1,rtmpose_baseline
oneshot2,03.CCTV Mobile Usage.mkv,632de9ed55947761d56d4c6142a3cb1a1fe69d0b1a6d0e01a2e404c697962623,dfine_native,13200.0,stationery,0.6682,12.08,493.7,197.87,562.4,12763.2,185.79,68.7,2.704,False,,True,S-61,1,evt_S-61_desk_work_surface_0001,aeca27b1a7e55a21,pose_hand_context,,34812.1,3.43,,1,cam12/e1/v1,rtmpose_baseline
oneshot2,03.CCTV Mobile Usage.mkv,632de9ed55947761d56d4c6142a3cb1a1fe69d0b1a6d0e01a2e404c697962623,dfine_native,13200.0,stationery,0.3981,102.48,476.65,162.12,530.34,3202.4,59.64,53.69,1.111,False,,True,S-61,1,evt_S-61_desk_work_surface_0001,aeca27b1a7e55a21,pose_hand_context,,34812.1,3.43,,1,cam12/e1/v1,rtmpose_baseline
oneshot2,03.CCTV Mobile Usage.mkv,632de9ed55947761d56d4c6142a3cb1a1fe69d0b1a6d0e01a2e404c697962623,dfine_native,13200.0,stationery,0.5124,42.92,443.7,72.14,471.25,805.2,29.22,27.55,1.061,False,,True,S-61,1,evt_S-61_desk_work_surface_0001,aeca27b1a7e55a21,pose_hand_context,,34812.1,3.43,,1,cam12/e1/v1,rtmpose_baseline
oneshot2,03.CCTV Mobile Usage.mkv,632de9ed55947761d56d4c6142a3cb1a1fe69d0b1a6d0e01a2e404c697962623,dfine_native,13200.0,stationery,0.395,12.0,376.83,101.9,498.04,10897.7,89.91,121.21,0.742,False,,True,S-61,1,evt_S-61_desk_work_surface_0001,aeca27b1a7e55a21,pose_hand_context,,34812.1,3.43,,1,cam12/e1/v1,rtmpose_baseline
oneshot2,03.CCTV Mobile Usage.mkv,632de9ed55947761d56d4c6142a3cb1a1fe69d0b1a6d0e01a2e404c697962623,dfine_native,13200.0,stationery,0.5723,12.07,415.01,102.07,498.56,7519.5,90.0,83.55,1.077,False,,True,S-61,1,evt_S-61_desk_work_surface_0001,aeca27b1a7e55a21,pose_hand_context,,34812.1,3.43,,1,cam12/e1/v1,rtmpose_baseline
oneshot2,03.CCTV Mobile Usage.mkv,632de9ed55947761d56d4c6142a3cb1a1fe69d0b1a6d0e01a2e404c697962623,dfine_native,13200.0,stationery,0.2975,69.51,418.14,154.54,497.07,6711.4,85.03,78.93,1.077,False,,True,S-61,1,evt_S-61_desk_work_surface_0001,aeca27b1a7e55a21,pose_hand_context,,34812.1,3.43,,1,cam12/e1/v1,rtmpose_baseline
oneshot2,03.CCTV Mobile Usage.mkv,632de9ed55947761d56d4c6142a3cb1a1fe69d0b1a6d0e01a2e404c697962623,dfine_native,13200.0,stationery,0.2674,44.21,509.82,86.24,556.96,1981.4,42.03,47.14,0.892,False,,True,S-61,1,evt_S-61_desk_work_surface_0001,aeca27b1a7e55a21,pose_hand_context,,34812.1,3.43,,1,cam12/e1/v1,rtmpose_baseline
oneshot2,03.CCTV Mobile Usage.mkv,632de9ed55947761d56d4c6142a3cb1a1fe69d0b1a6d0e01a2e404c697962623,dfine_native,13200.0,unknown_object,0.3131,67.9,376.44,198.07,500.31,16123.9,130.17,123.87,1.051,False,,True,S-61,1,evt_S-61_desk_work_surface_0001,aeca27b1a7e55a21,pose_hand_context,,34812.1,3.43,,1,cam12/e1/v1,rtmpose_baseline
oneshot2,03.CCTV Mobile Usage.mkv,632de9ed55947761d56d4c6142a3cb1a1fe69d0b1a6d0e01a2e404c697962623,dfine_native,13200.0,unknown_object,0.3019,12.29,376.22,198.06,501.57,23286.2,185.76,125.35,1.482,False,,True,S-61,1,evt_S-61_desk_work_surface_0001,aeca27b1a7e55a21,pose_hand_context,,34812.1,3.43,,1,cam12/e1/v1,rtmpose_baseline
oneshot2,03.CCTV Mobile Usage.mkv,632de9ed55947761d56d4c6142a3cb1a1fe69d0b1a6d0e01a2e404c697962623,dfine_native,13200.0,stationery,0.3365,12.6,494.39,158.95,562.06,9903.6,146.35,67.67,2.163,False,,True,S-61,1,evt_S-61_desk_work_surface_0001,aeca27b1a7e55a21,pose_hand_context,,34812.1,3.43,,1,cam12/e1/v1,rtmpose_baseline
oneshot2,03.CCTV Mobile Usage.mkv,632de9ed55947761d56d4c6142a3cb1a1fe69d0b1a6d0e01a2e404c697962623,dfine_native,13200.0,stationery,0.3073,12.31,413.77,154.06,499.6,12167.1,141.76,85.83,1.652,False,,True,S-61,1,evt_S-61_desk_work_surface_0001,aeca27b1a7e55a21,pose_hand_context,,34812.1,3.43,,1,cam12/e1/v1,rtmpose_baseline
oneshot2,03.CCTV Mobile Usage.mkv,632de9ed55947761d56d4c6142a3cb1a1fe69d0b1a6d0e01a2e404c697962623,dfine_native,13700.0,keyboard,0.8943,962.1,451.9,1067.92,491.45,4185.3,105.83,39.55,2.676,False,,True,R-desk,6,evt_S-61_desk_work_surface_0001,243d4174c5ecf8e0,lap_bag_context,no_pose_observation,34560.0,1.33,,1,cam12/e1/v1,
oneshot2,03.CCTV Mobile Usage.mkv,632de9ed55947761d56d4c6142a3cb1a1fe69d0b1a6d0e01a2e404c697962623,dfine_native,13700.0,unknown_object,0.6351,699.91,396.23,849.23,492.42,14363.2,149.32,96.19,1.552,False,,True,R-desk,6,evt_S-61_desk_work_surface_0001,243d4174c5ecf8e0,lap_bag_context,no_pose_observation,34560.0,1.33,,1,cam12/e1/v1,
oneshot2,03.CCTV Mobile Usage.mkv,632de9ed55947761d56d4c6142a3cb1a1fe69d0b1a6d0e01a2e404c697962623,dfine_native,13700.0,keyboard,0.4275,802.46,396.23,870.9,420.71,1675.4,68.44,24.48,2.796,False,,True,R-desk,6,evt_S-61_desk_work_surface_0001,243d4174c5ecf8e0,lap_bag_context,no_pose_observation,34560.0,1.33,,1,cam12/e1/v1,
oneshot2,03.CCTV Mobile Usage.mkv,632de9ed55947761d56d4c6142a3cb1a1fe69d0b1a6d0e01a2e404c697962623,dfine_native,13700.0,unknown_object,0.3122,736.53,395.62,1140.46,491.18,38597.9,403.92,95.56,4.227,False,,True,R-desk,6,evt_S-61_desk_work_surface_0001,243d4174c5ecf8e0,lap_bag_context,no_pose_observation,34560.0,1.33,,1,cam12/e1/v1,
oneshot2,03.CCTV Mobile Usage.mkv,632de9ed55947761d56d4c6142a3cb1a1fe69d0b1a6d0e01a2e404c697962623,dfine_native,13700.0,monitor_or_bezel,0.3911,1019.66,395.52,1145.07,446.54,6398.2,125.4,51.02,2.458,False,,True,R-desk,6,evt_S-61_desk_work_surface_0001,243d4174c5ecf8e0,lap_bag_context,no_pose_observation,34560.0,1.33,,1,cam12/e1/v1,
oneshot2,03.CCTV Mobile Usage.mkv,632de9ed55947761d56d4c6142a3cb1a1fe69d0b1a6d0e01a2e404c697962623,dfine_native,13700.0,monitor_or_bezel,0.3285,1013.36,395.62,1146.34,488.38,12335.5,132.98,92.76,1.434,False,,True,R-desk,6,evt_S-61_desk_work_surface_0001,243d4174c5ecf8e0,lap_bag_context,no_pose_observation,34560.0,1.33,,1,cam12/e1/v1,
oneshot2,03.CCTV Mobile Usage.mkv,632de9ed55947761d56d4c6142a3cb1a1fe69d0b1a6d0e01a2e404c697962623,dfine_native,13700.0,unknown_object,0.4047,699.97,396.23,757.44,491.07,5450.2,57.47,94.84,0.606,False,,True,R-desk,6,evt_S-61_desk_work_surface_0001,243d4174c5ecf8e0,lap_bag_context,no_pose_observation,34560.0,1.33,,1,cam12/e1/v1,
oneshot2,03.CCTV Mobile Usage.mkv,632de9ed55947761d56d4c6142a3cb1a1fe69d0b1a6d0e01a2e404c697962623,dfine_native,13700.0,phone,0.2566,1042.72,421.48,1114.17,474.32,3775.7,71.45,52.84,1.352,False,,True,R-desk,6,evt_S-61_desk_work_surface_0001,243d4174c5ecf8e0,lap_bag_context,no_pose_observation,34560.0,1.33,,1,cam12/e1/v1,
oneshot2,03.CCTV Mobile Usage.mkv,632de9ed55947761d56d4c6142a3cb1a1fe69d0b1a6d0e01a2e404c697962623,dfine_native,13700.0,monitor_or_bezel,0.4849,967.02,395.52,1146.46,490.68,17075.9,179.44,95.16,1.886,False,,True,R-desk,6,evt_S-61_desk_work_surface_0001,243d4174c5ecf8e0,lap_bag_context,no_pose_observation,34560.0,1.33,,1,cam12/e1/v1,
oneshot2,03.CCTV Mobile Usage.mkv,632de9ed55947761d56d4c6142a3cb1a1fe69d0b1a6d0e01a2e404c697962623,dfine_native,13700.0,mouse,0.5281,865.29,413.83,892.11,435.3,576.1,26.82,21.48,1.249,False,,True,R-desk,6,evt_S-61_desk_work_surface_0001,243d4174c5ecf8e0,lap_bag_context,no_pose_observation,34560.0,1.33,,1,cam12/e1/v1,
oneshot2,03.CCTV Mobile Usage.mkv,632de9ed55947761d56d4c6142a3cb1a1fe69d0b1a6d0e01a2e404c697962623,dfine_native,13700.0,mouse,0.2755,966.86,398.32,992.31,410.43,308.4,25.45,12.12,2.101,False,,True,R-desk,6,evt_S-61_desk_work_surface_0001,243d4174c5ecf8e0,lap_bag_context,no_pose_observation,34560.0,1.33,,1,cam12/e1/v1,
oneshot2,03.CCTV Mobile Usage.mkv,632de9ed55947761d56d4c6142a3cb1a1fe69d0b1a6d0e01a2e404c697962623,dfine_native,13700.0,monitor_or_bezel,0.2843,967.27,395.4,1146.3,490.87,17092.1,179.03,95.47,1.875,False,,True,R-desk,6,evt_S-61_desk_work_surface_0001,243d4174c5ecf8e0,lap_bag_context,no_pose_observation,34560.0,1.33,,1,cam12/e1/v1,
oneshot2,03.CCTV Mobile Usage.mkv,632de9ed55947761d56d4c6142a3cb1a1fe69d0b1a6d0e01a2e404c697962623,dfine_native,13700.0,monitor_or_bezel,0.3254,874.73,395.47,1146.41,491.41,26065.6,271.69,95.94,2.832,False,,True,R-desk,6,evt_S-61_desk_work_surface_0001,243d4174c5ecf8e0,lap_bag_context,no_pose_observation,34560.0,1.33,,1,cam12/e1/v1,
oneshot2,03.CCTV Mobile Usage.mkv,632de9ed55947761d56d4c6142a3cb1a1fe69d0b1a6d0e01a2e404c697962623,dfine_native,13700.0,unknown_object,0.3076,699.93,396.15,779.19,492.48,7635.6,79.26,96.34,0.823,False,,True,R-desk,6,evt_S-61_desk_work_surface_0001,243d4174c5ecf8e0,lap_bag_context,no_pose_observation,34560.0,1.33,,1,cam12/e1/v1,
oneshot2,03.CCTV Mobile Usage.mkv,632de9ed55947761d56d4c6142a3cb1a1fe69d0b1a6d0e01a2e404c697962623,dfine_native,13700.0,keyboard,0.8943,962.1,451.9,1067.92,491.45,4185.3,105.83,39.55,2.676,False,,True,R-desk,5,evt_S-61_desk_work_surface_0001,243d4174c5ecf8e0,lap_bag_context,no_pose_observation,34560.0,1.33,,1,cam12/e1/v1,
oneshot2,03.CCTV Mobile Usage.mkv,632de9ed55947761d56d4c6142a3cb1a1fe69d0b1a6d0e01a2e404c697962623,dfine_native,13700.0,unknown_object,0.6351,699.91,396.23,849.23,492.42,14363.2,149.32,96.19,1.552,False,,True,R-desk,5,evt_S-61_desk_work_surface_0001,243d4174c5ecf8e0,lap_bag_context,no_pose_observation,34560.0,1.33,,1,cam12/e1/v1,
oneshot2,03.CCTV Mobile Usage.mkv,632de9ed55947761d56d4c6142a3cb1a1fe69d0b1a6d0e01a2e404c697962623,dfine_native,13700.0,keyboard,0.4275,802.46,396.23,870.9,420.71,1675.4,68.44,24.48,2.796,False,,True,R-desk,5,evt_S-61_desk_work_surface_0001,243d4174c5ecf8e0,lap_bag_context,no_pose_observation,34560.0,1.33,,1,cam12/e1/v1,
oneshot2,03.CCTV Mobile Usage.mkv,632de9ed55947761d56d4c6142a3cb1a1fe69d0b1a6d0e01a2e404c697962623,dfine_native,13700.0,unknown_object,0.3122,736.53,395.62,1140.46,491.18,38597.9,403.92,95.56,4.227,False,,True,R-desk,5,evt_S-61_desk_work_surface_0001,243d4174c5ecf8e0,lap_bag_context,no_pose_observation,34560.0,1.33,,1,cam12/e1/v1,
oneshot2,03.CCTV Mobile Usage.mkv,632de9ed55947761d56d4c6142a3cb1a1fe69d0b1a6d0e01a2e404c697962623,dfine_native,13700.0,monitor_or_bezel,0.3911,1019.66,395.52,1145.07,446.54,6398.2,125.4,51.02,2.458,False,,True,R-desk,5,evt_S-61_desk_work_surface_0001,243d4174c5ecf8e0,lap_bag_context,no_pose_observation,34560.0,1.33,,1,cam12/e1/v1,
oneshot2,03.CCTV Mobile Usage.mkv,632de9ed55947761d56d4c6142a3cb1a1fe69d0b1a6d0e01a2e404c697962623,dfine_native,13700.0,monitor_or_bezel,0.3285,1013.36,395.62,1146.34,488.38,12335.5,132.98,92.76,1.434,False,,True,R-desk,5,evt_S-61_desk_work_surface_0001,243d4174c5ecf8e0,lap_bag_context,no_pose_observation,34560.0,1.33,,1,cam12/e1/v1,
oneshot2,03.CCTV Mobile Usage.mkv,632de9ed55947761d56d4c6142a3cb1a1fe69d0b1a6d0e01a2e404c697962623,dfine_native,13700.0,unknown_object,0.4047,699.97,396.23,757.44,491.07,5450.2,57.47,94.84,0.606,False,,True,R-desk,5,evt_S-61_desk_work_surface_0001,243d4174c5ecf8e0,lap_bag_context,no_pose_observation,34560.0,1.33,,1,cam12/e1/v1,
oneshot2,03.CCTV Mobile Usage.mkv,632de9ed55947761d56d4c6142a3cb1a1fe69d0b1a6d0e01a2e404c697962623,dfine_native,13700.0,phone,0.2566,1042.72,421.48,1114.17,474.32,3775.7,71.45,52.84,1.352,False,,True,R-desk,5,evt_S-61_desk_work_surface_0001,243d4174c5ecf8e0,lap_bag_context,no_pose_observation,34560.0,1.33,,1,cam12/e1/v1,
oneshot2,03.CCTV Mobile Usage.mkv,632de9ed55947761d56d4c6142a3cb1a1fe69d0b1a6d0e01a2e404c697962623,dfine_native,13700.0,monitor_or_bezel,0.4849,967.02,395.52,1146.46,490.68,17075.9,179.44,95.16,1.886,False,,True,R-desk,5,evt_S-61_desk_work_surface_0001,243d4174c5ecf8e0,lap_bag_context,no_pose_observation,34560.0,1.33,,1,cam12/e1/v1,
oneshot2,03.CCTV Mobile Usage.mkv,632de9ed55947761d56d4c6142a3cb1a1fe69d0b1a6d0e01a2e404c697962623,dfine_native,13700.0,mouse,0.5281,865.29,413.83,892.11,435.3,576.1,26.82,21.48,1.249,False,,True,R-desk,5,evt_S-61_desk_work_surface_0001,243d4174c5ecf8e0,lap_bag_context,no_pose_observation,34560.0,1.33,,1,cam12/e1/v1,
oneshot2,03.CCTV Mobile Usage.mkv,632de9ed55947761d56d4c6142a3cb1a1fe69d0b1a6d0e01a2e404c697962623,dfine_native,13700.0,mouse,0.2755,966.86,398.32,992.31,410.43,308.4,25.45,12.12,2.101,False,,True,R-desk,5,evt_S-61_desk_work_surface_0001,243d4174c5ecf8e0,lap_bag_context,no_pose_observation,34560.0,1.33,,1,cam12/e1/v1,
oneshot2,03.CCTV Mobile Usage.mkv,632de9ed55947761d56d4c6142a3cb1a1fe69d0b1a6d0e01a2e404c697962623,dfine_native,13700.0,monitor_or_bezel,0.2843,967.27,395.4,1146.3,490.87,17092.1,179.03,95.47,1.875,False,,True,R-desk,5,evt_S-61_desk_work_surface_0001,243d4174c5ecf8e0,lap_bag_context,no_pose_observation,34560.0,1.33,,1,cam12/e1/v1,
oneshot2,03.CCTV Mobile Usage.mkv,632de9ed55947761d56d4c6142a3cb1a1fe69d0b1a6d0e01a2e404c697962623,dfine_native,13700.0,monitor_or_bezel,0.3254,874.73,395.47,1146.41,491.41,26065.6,271.69,95.94,2.832,False,,True,R-desk,5,evt_S-61_desk_work_surface_0001,243d4174c5ecf8e0,lap_bag_context,no_pose_observation,34560.0,1.33,,1,cam12/e1/v1,
oneshot2,03.CCTV Mobile Usage.mkv,632de9ed55947761d56d4c6142a3cb1a1fe69d0b1a6d0e01a2e404c697962623,dfine_native,13700.0,unknown_object,0.3076,699.93,396.15,779.19,492.48,7635.6,79.26,96.34,0.823,False,,True,R-desk,5,evt_S-61_desk_work_surface_0001,243d4174c5ecf8e0,lap_bag_context,no_pose_observation,34560.0,1.33,,1,cam12/e1/v1,
oneshot2,03.CCTV Mobile Usage.mkv,632de9ed55947761d56d4c6142a3cb1a1fe69d0b1a6d0e01a2e404c697962623,dfine_native,13700.0,keyboard,0.8943,962.1,451.9,1067.92,491.45,4185.3,105.83,39.55,2.676,False,,True,R-desk,7,evt_S-61_desk_work_surface_0001,243d4174c5ecf8e0,lap_bag_context,no_pose_observation,34560.0,1.33,,1,cam12/e1/v1,
oneshot2,03.CCTV Mobile Usage.mkv,632de9ed55947761d56d4c6142a3cb1a1fe69d0b1a6d0e01a2e404c697962623,dfine_native,13700.0,unknown_object,0.6351,699.91,396.23,849.23,492.42,14363.2,149.32,96.19,1.552,False,,True,R-desk,7,evt_S-61_desk_work_surface_0001,243d4174c5ecf8e0,lap_bag_context,no_pose_observation,34560.0,1.33,,1,cam12/e1/v1,
oneshot2,03.CCTV Mobile Usage.mkv,632de9ed55947761d56d4c6142a3cb1a1fe69d0b1a6d0e01a2e404c697962623,dfine_native,13700.0,keyboard,0.4275,802.46,396.23,870.9,420.71,1675.4,68.44,24.48,2.796,False,,True,R-desk,7,evt_S-61_desk_work_surface_0001,243d4174c5ecf8e0,lap_bag_context,no_pose_observation,34560.0,1.33,,1,cam12/e1/v1,
oneshot2,03.CCTV Mobile Usage.mkv,632de9ed55947761d56d4c6142a3cb1a1fe69d0b1a6d0e01a2e404c697962623,dfine_native,13700.0,unknown_object,0.3122,736.53,395.62,1140.46,491.18,38597.9,403.92,95.56,4.227,False,,True,R-desk,7,evt_S-61_desk_work_surface_0001,243d4174c5ecf8e0,lap_bag_context,no_pose_observation,34560.0,1.33,,1,cam12/e1/v1,
oneshot2,03.CCTV Mobile Usage.mkv,632de9ed55947761d56d4c6142a3cb1a1fe69d0b1a6d0e01a2e404c697962623,dfine_native,13700.0,monitor_or_bezel,0.3911,1019.66,395.52,1145.07,446.54,6398.2,125.4,51.02,2.458,False,,True,R-desk,7,evt_S-61_desk_work_surface_0001,243d4174c5ecf8e0,lap_bag_context,no_pose_observation,34560.0,1.33,,1,cam12/e1/v1,
oneshot2,03.CCTV Mobile Usage.mkv,632de9ed55947761d56d4c6142a3cb1a1fe69d0b1a6d0e01a2e404c697962623,dfine_native,13700.0,monitor_or_bezel,0.3285,1013.36,395.62,1146.34,488.38,12335.5,132.98,92.76,1.434,False,,True,R-desk,7,evt_S-61_desk_work_surface_0001,243d4174c5ecf8e0,lap_bag_context,no_pose_observation,34560.0,1.33,,1,cam12/e1/v1,
oneshot2,03.CCTV Mobile Usage.mkv,632de9ed55947761d56d4c6142a3cb1a1fe69d0b1a6d0e01a2e404c697962623,dfine_native,13700.0,unknown_object,0.4047,699.97,396.23,757.44,491.07,5450.2,57.47,94.84,0.606,False,,True,R-desk,7,evt_S-61_desk_work_surface_0001,243d4174c5ecf8e0,lap_bag_context,no_pose_observation,34560.0,1.33,,1,cam12/e1/v1,
oneshot2,03.CCTV Mobile Usage.mkv,632de9ed55947761d56d4c6142a3cb1a1fe69d0b1a6d0e01a2e404c697962623,dfine_native,13700.0,phone,0.2566,1042.72,421.48,1114.17,474.32,3775.7,71.45,52.84,1.352,False,,True,R-desk,7,evt_S-61_desk_work_surface_0001,243d4174c5ecf8e0,lap_bag_context,no_pose_observation,34560.0,1.33,,1,cam12/e1/v1,
oneshot2,03.CCTV Mobile Usage.mkv,632de9ed55947761d56d4c6142a3cb1a1fe69d0b1a6d0e01a2e404c697962623,dfine_native,13700.0,monitor_or_bezel,0.4849,967.02,395.52,1146.46,490.68,17075.9,179.44,95.16,1.886,False,,True,R-desk,7,evt_S-61_desk_work_surface_0001,243d4174c5ecf8e0,lap_bag_context,no_pose_observation,34560.0,1.33,,1,cam12/e1/v1,
oneshot2,03.CCTV Mobile Usage.mkv,632de9ed55947761d56d4c6142a3cb1a1fe69d0b1a6d0e01a2e404c697962623,dfine_native,13700.0,mouse,0.5281,865.29,413.83,892.11,435.3,576.1,26.82,21.48,1.249,False,,True,R-desk,7,evt_S-61_desk_work_surface_0001,243d4174c5ecf8e0,lap_bag_context,no_pose_observation,34560.0,1.33,,1,cam12/e1/v1,
oneshot2,03.CCTV Mobile Usage.mkv,632de9ed55947761d56d4c6142a3cb1a1fe69d0b1a6d0e01a2e404c697962623,dfine_native,13700.0,mouse,0.2755,966.86,398.32,992.31,410.43,308.4,25.45,12.12,2.101,False,,True,R-desk,7,evt_S-61_desk_work_surface_0001,243d4174c5ecf8e0,lap_bag_context,no_pose_observation,34560.0,1.33,,1,cam12/e1/v1,
oneshot2,03.CCTV Mobile Usage.mkv,632de9ed55947761d56d4c6142a3cb1a1fe69d0b1a6d0e01a2e404c697962623,dfine_native,13700.0,monitor_or_bezel,0.2843,967.27,395.4,1146.3,490.87,17092.1,179.03,95.47,1.875,False,,True,R-desk,7,evt_S-61_desk_work_surface_0001,243d4174c5ecf8e0,lap_bag_context,no_pose_observation,34560.0,1.33,,1,cam12/e1/v1,
oneshot2,03.CCTV Mobile Usage.mkv,632de9ed55947761d56d4c6142a3cb1a1fe69d0b1a6d0e01a2e404c697962623,dfine_native,13700.0,monitor_or_bezel,0.3254,874.73,395.47,1146.41,491.41,26065.6,271.69,95.94,2.832,False,,True,R-desk,7,evt_S-61_desk_work_surface_0001,243d4174c5ecf8e0,lap_bag_context,no_pose_observation,34560.0,1.33,,1,cam12/e1/v1,
oneshot2,03.CCTV Mobile Usage.mkv,632de9ed55947761d56d4c6142a3cb1a1fe69d0b1a6d0e01a2e404c697962623,dfine_native,13700.0,unknown_object,0.3076,699.93,396.15,779.19,492.48,7635.6,79.26,96.34,0.823,False,,True,R-desk,7,evt_S-61_desk_work_surface_0001,243d4174c5ecf8e0,lap_bag_context,no_pose_observation,34560.0,1.33,,1,cam12/e1/v1,
oneshot2,03.CCTV Mobile Usage.mkv,632de9ed55947761d56d4c6142a3cb1a1fe69d0b1a6d0e01a2e404c697962623,dfine_native,13700.0,unknown_object,0.448,0.34,254.1,45.11,306.08,2327.2,44.77,51.98,0.861,False,,True,S-61,2,evt_S-61_desk_work_surface_0001,843ac0bd3ddb8743,pose_hand_context,,44783.0,3.02,,1,cam12/e1/v1,rtmpose_baseline
oneshot2,03.CCTV Mobile Usage.mkv,632de9ed55947761d56d4c6142a3cb1a1fe69d0b1a6d0e01a2e404c697962623,dfine_native,13700.0,unknown_object,0.4153,-0.16,278.33,84.97,421.88,12220.0,85.13,143.55,0.593,False,,True,S-61,2,evt_S-61_desk_work_surface_0001,843ac0bd3ddb8743,pose_hand_context,,44783.0,3.02,,1,cam12/e1/v1,rtmpose_baseline
oneshot2,03.CCTV Mobile Usage.mkv,632de9ed55947761d56d4c6142a3cb1a1fe69d0b1a6d0e01a2e404c697962623,dfine_native,13700.0,unknown_object,0.317,100.52,266.27,210.65,420.55,16990.1,110.13,154.28,0.714,False,,True,S-61,2,evt_S-61_desk_work_surface_0001,843ac0bd3ddb8743,pose_hand_context,,44783.0,3.02,,1,cam12/e1/v1,rtmpose_baseline
oneshot2,03.CCTV Mobile Usage.mkv,632de9ed55947761d56d4c6142a3cb1a1fe69d0b1a6d0e01a2e404c697962623,dfine_native,13700.0,unknown_object,0.3091,105.15,323.16,210.36,420.12,10200.6,105.21,96.96,1.085,False,,True,S-61,2,evt_S-61_desk_work_surface_0001,843ac0bd3ddb8743,pose_hand_context,,44783.0,3.02,,1,cam12/e1/v1,rtmpose_baseline
oneshot2,03.CCTV Mobile Usage.mkv,632de9ed55947761d56d4c6142a3cb1a1fe69d0b1a6d0e01a2e404c697962623,dfine_native,13700.0,unknown_object,0.2514,78.56,323.07,210.57,422.04,13065.9,132.01,98.98,1.334,False,,True,S-61,2,evt_S-61_desk_work_surface_0001,843ac0bd3ddb8743,pose_hand_context,,44783.0,3.02,,1,cam12/e1/v1,rtmpose_baseline
oneshot2,03.CCTV Mobile Usage.mkv,632de9ed55947761d56d4c6142a3cb1a1fe69d0b1a6d0e01a2e404c697962623,dfine_native,13700.0,unknown_object,0.3157,76.32,267.09,210.79,421.73,20794.9,134.47,154.64,0.87,False,,True,S-61,2,evt_S-61_desk_work_surface_0001,843ac0bd3ddb8743,pose_hand_context,,44783.0,3.02,,1,cam12/e1/v1,rtmpose_baseline
oneshot2,03.CCTV Mobile Usage.mkv,632de9ed55947761d56d4c6142a3cb1a1fe69d0b1a6d0e01a2e404c697962623,dfine_native,13700.0,unknown_object,0.3306,0.04,254.9,210.74,421.83,35171.2,210.7,166.93,1.262,False,,True,S-61,2,evt_S-61_desk_work_surface_0001,843ac0bd3ddb8743,pose_hand_context,,44783.0,3.02,,1,cam12/e1/v1,rtmpose_baseline
oneshot2,03.CCTV Mobile Usage.mkv,632de9ed55947761d56d4c6142a3cb1a1fe69d0b1a6d0e01a2e404c697962623,dfine_native,13700.0,unknown_object,0.3236,0.1,278.96,210.7,421.91,30105.6,210.61,142.95,1.473,False,,True,S-61,2,evt_S-61_desk_work_surface_0001,843ac0bd3ddb8743,pose_hand_context,,44783.0,3.02,,1,cam12/e1/v1,rtmpose_baseline
oneshot2,03.CCTV Mobile Usage.mkv,632de9ed55947761d56d4c6142a3cb1a1fe69d0b1a6d0e01a2e404c697962623,dfine_native,13700.0,unknown_object,0.2627,0.71,254.35,122.88,387.17,16225.9,122.16,132.82,0.92,False,,True,S-61,2,evt_S-61_desk_work_surface_0001,843ac0bd3ddb8743,pose_hand_context,,44783.0,3.02,,1,cam12/e1/v1,rtmpose_baseline
oneshot2,03.CCTV Mobile Usage.mkv,632de9ed55947761d56d4c6142a3cb1a1fe69d0b1a6d0e01a2e404c697962623,dfine_native,13700.0,unknown_object,0.5722,7.96,493.85,204.72,567.96,14581.5,196.76,74.11,2.655,False,,True,S-61,1,evt_S-61_desk_work_surface_0001,96838b91a5af473a,pose_hand_context,,38722.4,3.25,,1,cam12/e1/v1,rtmpose_baseline
oneshot2,03.CCTV Mobile Usage.mkv,632de9ed55947761d56d4c6142a3cb1a1fe69d0b1a6d0e01a2e404c697962623,dfine_native,13700.0,stationery,0.4846,43.14,443.47,72.21,471.07,802.4,29.07,27.6,1.053,False,,True,S-61,1,evt_S-61_desk_work_surface_0001,96838b91a5af473a,pose_hand_context,,38722.4,3.25,,1,cam12/e1/v1,rtmpose_baseline
oneshot2,03.CCTV Mobile Usage.mkv,632de9ed55947761d56d4c6142a3cb1a1fe69d0b1a6d0e01a2e404c697962623,dfine_native,13700.0,stationery,0.3904,8.03,415.42,103.85,502.76,8368.7,95.81,87.34,1.097,False,,True,S-61,1,evt_S-61_desk_work_surface_0001,96838b91a5af473a,pose_hand_context,,38722.4,3.25,,1,cam12/e1/v1,rtmpose_baseline
oneshot2,03.CCTV Mobile Usage.mkv,632de9ed55947761d56d4c6142a3cb1a1fe69d0b1a6d0e01a2e404c697962623,dfine_native,13700.0,stationery,0.2723,43.64,508.95,89.79,557.11,2223.0,46.15,48.17,0.958,False,,True,S-61,1,evt_S-61_desk_work_surface_0001,96838b91a5af473a,pose_hand_context,,38722.4,3.25,,1,cam12/e1/v1,rtmpose_baseline
oneshot2,03.CCTV Mobile Usage.mkv,632de9ed55947761d56d4c6142a3cb1a1fe69d0b1a6d0e01a2e404c697962623,dfine_native,13700.0,unknown_object,0.3029,8.15,494.38,159.22,567.62,11064.2,151.06,73.24,2.063,False,,True,S-61,1,evt_S-61_desk_work_surface_0001,96838b91a5af473a,pose_hand_context,,38722.4,3.25,,1,cam12/e1/v1,rtmpose_baseline
oneshot2,03.CCTV Mobile Usage.mkv,632de9ed55947761d56d4c6142a3cb1a1fe69d0b1a6d0e01a2e404c697962623,dfine_native,13700.0,unknown_object,0.3044,8.15,413.99,156.49,504.3,13395.9,148.34,90.3,1.643,False,,True,S-61,1,evt_S-61_desk_work_surface_0001,96838b91a5af473a,pose_hand_context,,38722.4,3.25,,1,cam12/e1/v1,rtmpose_baseline
oneshot2,03.CCTV Mobile Usage.mkv,632de9ed55947761d56d4c6142a3cb1a1fe69d0b1a6d0e01a2e404c697962623,dfine_sahi,9700.0,bag,0.4774,180.55,260.2,247.49,279.89,1318.6,66.94,19.7,3.398,False,,True,S-61,2,evt_S-61_desk_work_surface_0001,221f3c51e350e5d4,pose_hand_context,,17977.4,4.77,,1,cam12/e1/v1,rtmpose_baseline
oneshot2,03.CCTV Mobile Usage.mkv,632de9ed55947761d56d4c6142a3cb1a1fe69d0b1a6d0e01a2e404c697962623,dfine_sahi,9700.0,unknown_object,0.4734,121.02,125.36,189.27,219.43,6418.9,68.24,94.06,0.726,False,,True,S-61,2,evt_S-61_desk_work_surface_0001,221f3c51e350e5d4,pose_hand_context,,17977.4,4.77,,1,cam12/e1/v1,rtmpose_baseline
oneshot2,03.CCTV Mobile Usage.mkv,632de9ed55947761d56d4c6142a3cb1a1fe69d0b1a6d0e01a2e404c697962623,dfine_sahi,9700.0,unknown_object,0.4027,203.19,184.08,272.12,216.33,2222.9,68.93,32.25,2.137,False,,True,S-61,2,evt_S-61_desk_work_surface_0001,221f3c51e350e5d4,pose_hand_context,,17977.4,4.77,,1,cam12/e1/v1,rtmpose_baseline
oneshot2,03.CCTV Mobile Usage.mkv,632de9ed55947761d56d4c6142a3cb1a1fe69d0b1a6d0e01a2e404c697962623,dfine_sahi,9700.0,monitor_or_bezel,0.3828,121.01,125.06,164.34,150.09,1084.3,43.33,25.03,1.731,False,,True,S-61,2,evt_S-61_desk_work_surface_0001,221f3c51e350e5d4,pose_hand_context,,17977.4,4.77,,1,cam12/e1/v1,rtmpose_baseline
oneshot2,03.CCTV Mobile Usage.mkv,632de9ed55947761d56d4c6142a3cb1a1fe69d0b1a6d0e01a2e404c697962623,dfine_sahi,9700.0,unknown_object,0.3583,203.53,191.56,224.54,213.0,450.7,21.02,21.44,0.98,False,,True,S-61,2,evt_S-61_desk_work_surface_0001,221f3c51e350e5d4,pose_hand_context,,17977.4,4.77,,1,cam12/e1/v1,rtmpose_baseline
oneshot2,03.CCTV Mobile Usage.mkv,632de9ed55947761d56d4c6142a3cb1a1fe69d0b1a6d0e01a2e404c697962623,dfine_sahi,9700.0,unknown_object,0.3504,190.18,201.26,208.79,264.56,1178.5,18.62,63.3,0.294,False,,True,S-61,2,evt_S-61_desk_work_surface_0001,221f3c51e350e5d4,pose_hand_context,,17977.4,4.77,,1,cam12/e1/v1,rtmpose_baseline
oneshot2,03.CCTV Mobile Usage.mkv,632de9ed55947761d56d4c6142a3cb1a1fe69d0b1a6d0e01a2e404c697962623,dfine_sahi,9700.0,unknown_object,0.3363,190.66,125.13,216.96,203.1,2050.4,26.3,77.97,0.337,False,,True,S-61,2,evt_S-61_desk_work_surface_0001,221f3c51e350e5d4,pose_hand_context,,17977.4,4.77,,1,cam12/e1/v1,rtmpose_baseline
oneshot2,03.CCTV Mobile Usage.mkv,632de9ed55947761d56d4c6142a3cb1a1fe69d0b1a6d0e01a2e404c697962623,dfine_sahi,9700.0,unknown_object,0.3292,158.48,187.9,181.62,208.97,487.6,23.14,21.07,1.098,False,,True,S-61,2,evt_S-61_desk_work_surface_0001,221f3c51e350e5d4,pose_hand_context,,17977.4,4.77,,1,cam12/e1/v1,rtmpose_baseline
oneshot2,03.CCTV Mobile Usage.mkv,632de9ed55947761d56d4c6142a3cb1a1fe69d0b1a6d0e01a2e404c697962623,dfine_sahi,9700.0,unknown_object,0.2938,191.45,223.19,207.7,239.94,272.2,16.25,16.75,0.97,False,,True,S-61,2,evt_S-61_desk_work_surface_0001,221f3c51e350e5d4,pose_hand_context,,17977.4,4.77,,1,cam12/e1/v1,rtmpose_baseline
oneshot2,03.CCTV Mobile Usage.mkv,632de9ed55947761d56d4c6142a3cb1a1fe69d0b1a6d0e01a2e404c697962623,dfine_sahi,9700.0,stationery,0.2724,203.21,169.66,265.51,216.53,2920.0,62.29,46.88,1.329,False,,True,S-61,2,evt_S-61_desk_work_surface_0001,221f3c51e350e5d4,pose_hand_context,,17977.4,4.77,,1,cam12/e1/v1,rtmpose_baseline
oneshot2,03.CCTV Mobile Usage.mkv,632de9ed55947761d56d4c6142a3cb1a1fe69d0b1a6d0e01a2e404c697962623,dfine_sahi,9700.0,unknown_object,0.2627,121.09,190.72,216.99,220.91,2894.6,95.9,30.18,3.177,False,,True,S-61,2,evt_S-61_desk_work_surface_0001,221f3c51e350e5d4,pose_hand_context,,17977.4,4.77,,1,cam12/e1/v1,rtmpose_baseline
oneshot2,03.CCTV Mobile Usage.mkv,632de9ed55947761d56d4c6142a3cb1a1fe69d0b1a6d0e01a2e404c697962623,dfine_sahi,9700.0,unknown_object,0.2621,190.21,191.7,208.59,220.59,531.2,18.38,28.89,0.636,False,,True,S-61,2,evt_S-61_desk_work_surface_0001,221f3c51e350e5d4,pose_hand_context,,17977.4,4.77,,1,cam12/e1/v1,rtmpose_baseline
oneshot2,03.CCTV Mobile Usage.mkv,632de9ed55947761d56d4c6142a3cb1a1fe69d0b1a6d0e01a2e404c697962623,dfine_sahi,9700.0,unknown_object,0.2558,227.36,125.11,269.48,180.41,2329.3,42.12,55.3,0.762,False,,True,S-61,2,evt_S-61_desk_work_surface_0001,221f3c51e350e5d4,pose_hand_context,,17977.4,4.77,,1,cam12/e1/v1,rtmpose_baseline
oneshot2,03.CCTV Mobile Usage.mkv,632de9ed55947761d56d4c6142a3cb1a1fe69d0b1a6d0e01a2e404c697962623,dfine_sahi,9700.0,keyboard,0.9035,962.11,451.94,1068.0,491.44,4182.8,105.88,39.5,2.68,False,,True,R-desk,3,evt_S-61_desk_work_surface_0001,aa2a91065abbd7fe,lap_bag_context,no_pose_observation,34560.0,1.33,,1,cam12/e1/v1,
oneshot2,03.CCTV Mobile Usage.mkv,632de9ed55947761d56d4c6142a3cb1a1fe69d0b1a6d0e01a2e404c697962623,dfine_sahi,9700.0,monitor_or_bezel,0.7337,910.07,411.23,1140.98,506.33,21958.7,230.91,95.1,2.428,False,,True,R-desk,3,evt_S-61_desk_work_surface_0001,aa2a91065abbd7fe,lap_bag_context,no_pose_observation,34560.0,1.33,,1,cam12/e1/v1,
oneshot2,03.CCTV Mobile Usage.mkv,632de9ed55947761d56d4c6142a3cb1a1fe69d0b1a6d0e01a2e404c697962623,dfine_sahi,9700.0,phone,0.6948,1043.44,421.36,1112.88,474.29,3675.6,69.44,52.93,1.312,False,,True,R-desk,3,evt_S-61_desk_work_surface_0001,aa2a91065abbd7fe,lap_bag_context,no_pose_observation,34560.0,1.33,,1,cam12/e1/v1,
oneshot2,03.CCTV Mobile Usage.mkv,632de9ed55947761d56d4c6142a3cb1a1fe69d0b1a6d0e01a2e404c697962623,dfine_sahi,9700.0,monitor_or_bezel,0.6863,963.26,380.45,1152.65,474.95,17898.4,189.39,94.5,2.004,False,,True,R-desk,3,evt_S-61_desk_work_surface_0001,aa2a91065abbd7fe,lap_bag_context,no_pose_observation,34560.0,1.33,,1,cam12/e1/v1,
oneshot2,03.CCTV Mobile Usage.mkv,632de9ed55947761d56d4c6142a3cb1a1fe69d0b1a6d0e01a2e404c697962623,dfine_sahi,9700.0,keyboard,0.6478,962.83,452.29,1034.66,475.54,1669.9,71.82,23.25,3.089,False,,True,R-desk,3,evt_S-61_desk_work_surface_0001,aa2a91065abbd7fe,lap_bag_context,no_pose_observation,34560.0,1.33,,1,cam12/e1/v1,
oneshot2,03.CCTV Mobile Usage.mkv,632de9ed55947761d56d4c6142a3cb1a1fe69d0b1a6d0e01a2e404c697962623,dfine_sahi,9700.0,monitor_or_bezel,0.6474,709.36,379.91,969.63,474.88,24718.8,260.27,94.97,2.74,False,,True,R-desk,3,evt_S-61_desk_work_surface_0001,aa2a91065abbd7fe,lap_bag_context,no_pose_observation,34560.0,1.33,,1,cam12/e1/v1,
oneshot2,03.CCTV Mobile Usage.mkv,632de9ed55947761d56d4c6142a3cb1a1fe69d0b1a6d0e01a2e404c697962623,dfine_sahi,9700.0,monitor_or_bezel,0.6032,1018.64,395.69,1145.25,447.3,6534.0,126.61,51.61,2.453,False,,True,R-desk,3,evt_S-61_desk_work_surface_0001,aa2a91065abbd7fe,lap_bag_context,no_pose_observation,34560.0,1.33,,1,cam12/e1/v1,
oneshot2,03.CCTV Mobile Usage.mkv,632de9ed55947761d56d4c6142a3cb1a1fe69d0b1a6d0e01a2e404c697962623,dfine_sahi,9700.0,keyboard,0.5917,772.29,380.2,870.83,420.35,3956.6,98.54,40.15,2.454,False,,True,R-desk,3,evt_S-61_desk_work_surface_0001,aa2a91065abbd7fe,lap_bag_context,no_pose_observation,34560.0,1.33,,1,cam12/e1/v1,
oneshot2,03.CCTV Mobile Usage.mkv,632de9ed55947761d56d4c6142a3cb1a1fe69d0b1a6d0e01a2e404c697962623,dfine_sahi,9700.0,unknown_object,0.5792,699.91,411.27,871.8,506.27,16329.4,171.9,95.0,1.81,False,,True,R-desk,3,evt_S-61_desk_work_surface_0001,aa2a91065abbd7fe,lap_bag_context,no_pose_observation,34560.0,1.33,,1,cam12/e1/v1,
oneshot2,03.CCTV Mobile Usage.mkv,632de9ed55947761d56d4c6142a3cb1a1fe69d0b1a6d0e01a2e404c697962623,dfine_sahi,9700.0,mouse,0.5184,864.74,413.84,892.29,435.32,591.6,27.54,21.48,1.282,False,,True,R-desk,3,evt_S-61_desk_work_surface_0001,aa2a91065abbd7fe,lap_bag_context,no_pose_observation,34560.0,1.33,,1,cam12/e1/v1,
oneshot2,03.CCTV Mobile Usage.mkv,632de9ed55947761d56d4c6142a3cb1a1fe69d0b1a6d0e01a2e404c697962623,dfine_sahi,9700.0,unknown_object,0.4968,769.11,410.99,969.85,505.83,19037.5,200.74,94.84,2.117,False,,True,R-desk,3,evt_S-61_desk_work_surface_0001,aa2a91065abbd7fe,lap_bag_context,no_pose_observation,34560.0,1.33,,1,cam12/e1/v1,
oneshot2,03.CCTV Mobile Usage.mkv,632de9ed55947761d56d4c6142a3cb1a1fe69d0b1a6d0e01a2e404c697962623,dfine_sahi,9700.0,keyboard,0.4761,802.25,396.25,870.72,420.71,1674.8,68.47,24.46,2.799,False,,True,R-desk,3,evt_S-61_desk_work_surface_0001,aa2a91065abbd7fe,lap_bag_context,no_pose_observation,34560.0,1.33,,1,cam12/e1/v1,
oneshot2,03.CCTV Mobile Usage.mkv,632de9ed55947761d56d4c6142a3cb1a1fe69d0b1a6d0e01a2e404c697962623,dfine_sahi,9700.0,unknown_object,0.3775,699.98,396.11,771.33,491.82,6829.3,71.35,95.71,0.746,False,,True,R-desk,3,evt_S-61_desk_work_surface_0001,aa2a91065abbd7fe,lap_bag_context,no_pose_observation,34560.0,1.33,,1,cam12/e1/v1,
oneshot2,03.CCTV Mobile Usage.mkv,632de9ed55947761d56d4c6142a3cb1a1fe69d0b1a6d0e01a2e404c697962623,dfine_sahi,9700.0,keyboard,0.3239,910.12,411.73,1092.28,506.24,17216.6,182.16,94.51,1.927,False,,True,R-desk,3,evt_S-61_desk_work_surface_0001,aa2a91065abbd7fe,lap_bag_context,no_pose_observation,34560.0,1.33,,1,cam12/e1/v1,
oneshot2,03.CCTV Mobile Usage.mkv,632de9ed55947761d56d4c6142a3cb1a1fe69d0b1a6d0e01a2e404c697962623,dfine_sahi,9700.0,unknown_object,0.2788,881.54,411.13,933.06,452.89,2151.5,51.52,41.76,1.234,False,,True,R-desk,3,evt_S-61_desk_work_surface_0001,aa2a91065abbd7fe,lap_bag_context,no_pose_observation,34560.0,1.33,,1,cam12/e1/v1,
oneshot2,03.CCTV Mobile Usage.mkv,632de9ed55947761d56d4c6142a3cb1a1fe69d0b1a6d0e01a2e404c697962623,dfine_sahi,9700.0,mouse,0.278,967.15,398.42,992.01,410.59,302.6,24.86,12.17,2.042,False,,True,R-desk,3,evt_S-61_desk_work_surface_0001,aa2a91065abbd7fe,lap_bag_context,no_pose_observation,34560.0,1.33,,1,cam12/e1/v1,
oneshot2,03.CCTV Mobile Usage.mkv,632de9ed55947761d56d4c6142a3cb1a1fe69d0b1a6d0e01a2e404c697962623,dfine_sahi,9700.0,unknown_object,0.2718,700.04,380.32,839.49,475.37,13253.4,139.45,95.04,1.467,False,,True,R-desk,3,evt_S-61_desk_work_surface_0001,aa2a91065abbd7fe,lap_bag_context,no_pose_observation,34560.0,1.33,,1,cam12/e1/v1,
oneshot2,03.CCTV Mobile Usage.mkv,632de9ed55947761d56d4c6142a3cb1a1fe69d0b1a6d0e01a2e404c697962623,dfine_sahi,9700.0,monitor_or_bezel,0.2681,881.36,396.18,948.1,452.48,3757.9,66.74,56.3,1.185,False,,True,R-desk,3,evt_S-61_desk_work_surface_0001,aa2a91065abbd7fe,lap_bag_context,no_pose_observation,34560.0,1.33,,1,cam12/e1/v1,
oneshot2,03.CCTV Mobile Usage.mkv,632de9ed55947761d56d4c6142a3cb1a1fe69d0b1a6d0e01a2e404c697962623,dfine_sahi,9700.0,mouse,0.2529,991.28,400.93,1028.29,413.57,467.7,37.01,12.63,2.929,False,,True,R-desk,3,evt_S-61_desk_work_surface_0001,aa2a91065abbd7fe,lap_bag_context,no_pose_observation,34560.0,1.33,,1,cam12/e1/v1,
oneshot2,03.CCTV Mobile Usage.mkv,632de9ed55947761d56d4c6142a3cb1a1fe69d0b1a6d0e01a2e404c697962623,dfine_sahi,9700.0,keyboard,0.9035,962.11,451.94,1068.0,491.44,4182.8,105.88,39.5,2.68,False,,True,R-desk,4,evt_S-61_desk_work_surface_0001,aa2a91065abbd7fe,lap_bag_context,no_pose_observation,34560.0,1.33,,1,cam12/e1/v1,
oneshot2,03.CCTV Mobile Usage.mkv,632de9ed55947761d56d4c6142a3cb1a1fe69d0b1a6d0e01a2e404c697962623,dfine_sahi,9700.0,monitor_or_bezel,0.7337,910.07,411.23,1140.98,506.33,21958.7,230.91,95.1,2.428,False,,True,R-desk,4,evt_S-61_desk_work_surface_0001,aa2a91065abbd7fe,lap_bag_context,no_pose_observation,34560.0,1.33,,1,cam12/e1/v1,
oneshot2,03.CCTV Mobile Usage.mkv,632de9ed55947761d56d4c6142a3cb1a1fe69d0b1a6d0e01a2e404c697962623,dfine_sahi,9700.0,phone,0.6948,1043.44,421.36,1112.88,474.29,3675.6,69.44,52.93,1.312,False,,True,R-desk,4,evt_S-61_desk_work_surface_0001,aa2a91065abbd7fe,lap_bag_context,no_pose_observation,34560.0,1.33,,1,cam12/e1/v1,
oneshot2,03.CCTV Mobile Usage.mkv,632de9ed55947761d56d4c6142a3cb1a1fe69d0b1a6d0e01a2e404c697962623,dfine_sahi,9700.0,monitor_or_bezel,0.6863,963.26,380.45,1152.65,474.95,17898.4,189.39,94.5,2.004,False,,True,R-desk,4,evt_S-61_desk_work_surface_0001,aa2a91065abbd7fe,lap_bag_context,no_pose_observation,34560.0,1.33,,1,cam12/e1/v1,
oneshot2,03.CCTV Mobile Usage.mkv,632de9ed55947761d56d4c6142a3cb1a1fe69d0b1a6d0e01a2e404c697962623,dfine_sahi,9700.0,keyboard,0.6478,962.83,452.29,1034.66,475.54,1669.9,71.82,23.25,3.089,False,,True,R-desk,4,evt_S-61_desk_work_surface_0001,aa2a91065abbd7fe,lap_bag_context,no_pose_observation,34560.0,1.33,,1,cam12/e1/v1,
oneshot2,03.CCTV Mobile Usage.mkv,632de9ed55947761d56d4c6142a3cb1a1fe69d0b1a6d0e01a2e404c697962623,dfine_sahi,9700.0,monitor_or_bezel,0.6474,709.36,379.91,969.63,474.88,24718.8,260.27,94.97,2.74,False,,True,R-desk,4,evt_S-61_desk_work_surface_0001,aa2a91065abbd7fe,lap_bag_context,no_pose_observation,34560.0,1.33,,1,cam12/e1/v1,
oneshot2,03.CCTV Mobile Usage.mkv,632de9ed55947761d56d4c6142a3cb1a1fe69d0b1a6d0e01a2e404c697962623,dfine_sahi,9700.0,monitor_or_bezel,0.6032,1018.64,395.69,1145.25,447.3,6534.0,126.61,51.61,2.453,False,,True,R-desk,4,evt_S-61_desk_work_surface_0001,aa2a91065abbd7fe,lap_bag_context,no_pose_observation,34560.0,1.33,,1,cam12/e1/v1,
oneshot2,03.CCTV Mobile Usage.mkv,632de9ed55947761d56d4c6142a3cb1a1fe69d0b1a6d0e01a2e404c697962623,dfine_sahi,9700.0,keyboard,0.5917,772.29,380.2,870.83,420.35,3956.6,98.54,40.15,2.454,False,,True,R-desk,4,evt_S-61_desk_work_surface_0001,aa2a91065abbd7fe,lap_bag_context,no_pose_observation,34560.0,1.33,,1,cam12/e1/v1,
oneshot2,03.CCTV Mobile Usage.mkv,632de9ed55947761d56d4c6142a3cb1a1fe69d0b1a6d0e01a2e404c697962623,dfine_sahi,9700.0,unknown_object,0.5792,699.91,411.27,871.8,506.27,16329.4,171.9,95.0,1.81,False,,True,R-desk,4,evt_S-61_desk_work_surface_0001,aa2a91065abbd7fe,lap_bag_context,no_pose_observation,34560.0,1.33,,1,cam12/e1/v1,
oneshot2,03.CCTV Mobile Usage.mkv,632de9ed55947761d56d4c6142a3cb1a1fe69d0b1a6d0e01a2e404c697962623,dfine_sahi,9700.0,mouse,0.5184,864.74,413.84,892.29,435.32,591.6,27.54,21.48,1.282,False,,True,R-desk,4,evt_S-61_desk_work_surface_0001,aa2a91065abbd7fe,lap_bag_context,no_pose_observation,34560.0,1.33,,1,cam12/e1/v1,
oneshot2,03.CCTV Mobile Usage.mkv,632de9ed55947761d56d4c6142a3cb1a1fe69d0b1a6d0e01a2e404c697962623,dfine_sahi,9700.0,unknown_object,0.4968,769.11,410.99,969.85,505.83,19037.5,200.74,94.84,2.117,False,,True,R-desk,4,evt_S-61_desk_work_surface_0001,aa2a91065abbd7fe,lap_bag_context,no_pose_observation,34560.0,1.33,,1,cam12/e1/v1,
oneshot2,03.CCTV Mobile Usage.mkv,632de9ed55947761d56d4c6142a3cb1a1fe69d0b1a6d0e01a2e404c697962623,dfine_sahi,9700.0,keyboard,0.4761,802.25,396.25,870.72,420.71,1674.8,68.47,24.46,2.799,False,,True,R-desk,4,evt_S-61_desk_work_surface_0001,aa2a91065abbd7fe,lap_bag_context,no_pose_observation,34560.0,1.33,,1,cam12/e1/v1,
oneshot2,03.CCTV Mobile Usage.mkv,632de9ed55947761d56d4c6142a3cb1a1fe69d0b1a6d0e01a2e404c697962623,dfine_sahi,9700.0,unknown_object,0.3775,699.98,396.11,771.33,491.82,6829.3,71.35,95.71,0.746,False,,True,R-desk,4,evt_S-61_desk_work_surface_0001,aa2a91065abbd7fe,lap_bag_context,no_pose_observation,34560.0,1.33,,1,cam12/e1/v1,
oneshot2,03.CCTV Mobile Usage.mkv,632de9ed55947761d56d4c6142a3cb1a1fe69d0b1a6d0e01a2e404c697962623,dfine_sahi,9700.0,keyboard,0.3239,910.12,411.73,1092.28,506.24,17216.6,182.16,94.51,1.927,False,,True,R-desk,4,evt_S-61_desk_work_surface_0001,aa2a91065abbd7fe,lap_bag_context,no_pose_observation,34560.0,1.33,,1,cam12/e1/v1,
oneshot2,03.CCTV Mobile Usage.mkv,632de9ed55947761d56d4c6142a3cb1a1fe69d0b1a6d0e01a2e404c697962623,dfine_sahi,9700.0,unknown_object,0.2788,881.54,411.13,933.06,452.89,2151.5,51.52,41.76,1.234,False,,True,R-desk,4,evt_S-61_desk_work_surface_0001,aa2a91065abbd7fe,lap_bag_context,no_pose_observation,34560.0,1.33,,1,cam12/e1/v1,
oneshot2,03.CCTV Mobile Usage.mkv,632de9ed55947761d56d4c6142a3cb1a1fe69d0b1a6d0e01a2e404c697962623,dfine_sahi,9700.0,mouse,0.278,967.15,398.42,992.01,410.59,302.6,24.86,12.17,2.042,False,,True,R-desk,4,evt_S-61_desk_work_surface_0001,aa2a91065abbd7fe,lap_bag_context,no_pose_observation,34560.0,1.33,,1,cam12/e1/v1,
oneshot2,03.CCTV Mobile Usage.mkv,632de9ed55947761d56d4c6142a3cb1a1fe69d0b1a6d0e01a2e404c697962623,dfine_sahi,9700.0,unknown_object,0.2718,700.04,380.32,839.49,475.37,13253.4,139.45,95.04,1.467,False,,True,R-desk,4,evt_S-61_desk_work_surface_0001,aa2a91065abbd7fe,lap_bag_context,no_pose_observation,34560.0,1.33,,1,cam12/e1/v1,
oneshot2,03.CCTV Mobile Usage.mkv,632de9ed55947761d56d4c6142a3cb1a1fe69d0b1a6d0e01a2e404c697962623,dfine_sahi,9700.0,monitor_or_bezel,0.2681,881.36,396.18,948.1,452.48,3757.9,66.74,56.3,1.185,False,,True,R-desk,4,evt_S-61_desk_work_surface_0001,aa2a91065abbd7fe,lap_bag_context,no_pose_observation,34560.0,1.33,,1,cam12/e1/v1,
oneshot2,03.CCTV Mobile Usage.mkv,632de9ed55947761d56d4c6142a3cb1a1fe69d0b1a6d0e01a2e404c697962623,dfine_sahi,9700.0,mouse,0.2529,991.28,400.93,1028.29,413.57,467.7,37.01,12.63,2.929,False,,True,R-desk,4,evt_S-61_desk_work_surface_0001,aa2a91065abbd7fe,lap_bag_context,no_pose_observation,34560.0,1.33,,1,cam12/e1/v1,
oneshot2,03.CCTV Mobile Usage.mkv,632de9ed55947761d56d4c6142a3cb1a1fe69d0b1a6d0e01a2e404c697962623,dfine_sahi,9700.0,unknown_object,0.6518,160.07,510.19,255.94,605.44,9132.4,95.87,95.25,1.006,False,,True,S-61,1,evt_S-61_desk_work_surface_0001,d142004b4e59ec48,pose_hand_context,,20713.0,4.45,,1,cam12/e1/v1,rtmpose_baseline
oneshot2,03.CCTV Mobile Usage.mkv,632de9ed55947761d56d4c6142a3cb1a1fe69d0b1a6d0e01a2e404c697962623,dfine_sahi,9700.0,unknown_object,0.5446,167.23,478.71,235.77,522.61,3009.5,68.54,43.91,1.561,False,,True,S-61,1,evt_S-61_desk_work_surface_0001,d142004b4e59ec48,pose_hand_context,,20713.0,4.45,,1,cam12/e1/v1,rtmpose_baseline
oneshot2,03.CCTV Mobile Usage.mkv,632de9ed55947761d56d4c6142a3cb1a1fe69d0b1a6d0e01a2e404c697962623,dfine_sahi,9700.0,unknown_object,0.352,159.99,502.92,255.98,542.77,3825.7,95.99,39.85,2.409,False,,True,S-61,1,evt_S-61_desk_work_surface_0001,d142004b4e59ec48,pose_hand_context,,20713.0,4.45,,1,cam12/e1/v1,rtmpose_baseline
oneshot2,03.CCTV Mobile Usage.mkv,632de9ed55947761d56d4c6142a3cb1a1fe69d0b1a6d0e01a2e404c697962623,dfine_sahi,9700.0,unknown_object,0.3168,97.01,510.07,192.96,605.63,9169.9,95.95,95.57,1.004,False,,True,S-61,1,evt_S-61_desk_work_surface_0001,d142004b4e59ec48,pose_hand_context,,20713.0,4.45,,1,cam12/e1/v1,rtmpose_baseline
oneshot2,03.CCTV Mobile Usage.mkv,632de9ed55947761d56d4c6142a3cb1a1fe69d0b1a6d0e01a2e404c697962623,dfine_sahi,10200.0,unknown_object,0.4725,163.36,180.6,184.49,206.2,541.2,21.14,25.6,0.826,False,,True,S-61,2,evt_S-61_desk_work_surface_0001,3ca57fae345726aa,pose_hand_context,,19605.6,4.57,,1,cam12/e1/v1,rtmpose_baseline
oneshot2,03.CCTV Mobile Usage.mkv,632de9ed55947761d56d4c6142a3cb1a1fe69d0b1a6d0e01a2e404c697962623,dfine_sahi,10200.0,bag,0.4527,182.8,261.1,259.26,295.64,2640.9,76.46,34.54,2.214,False,,True,S-61,2,evt_S-61_desk_work_surface_0001,3ca57fae345726aa,pose_hand_context,,19605.6,4.57,,1,cam12/e1/v1,rtmpose_baseline
oneshot2,03.CCTV Mobile Usage.mkv,632de9ed55947761d56d4c6142a3cb1a1fe69d0b1a6d0e01a2e404c697962623,dfine_sahi,10200.0,stationery,0.4136,183.7,261.3,260.71,303.59,3256.9,77.01,42.29,1.821,False,,True,S-61,2,evt_S-61_desk_work_surface_0001,3ca57fae345726aa,pose_hand_context,,19605.6,4.57,,1,cam12/e1/v1,rtmpose_baseline
oneshot2,03.CCTV Mobile Usage.mkv,632de9ed55947761d56d4c6142a3cb1a1fe69d0b1a6d0e01a2e404c697962623,dfine_sahi,10200.0,bag,0.3458,229.13,190.97,267.86,236.62,1767.9,38.73,45.65,0.849,False,,True,S-61,2,evt_S-61_desk_work_surface_0001,3ca57fae345726aa,pose_hand_context,,19605.6,4.57,,1,cam12/e1/v1,rtmpose_baseline
oneshot2,03.CCTV Mobile Usage.mkv,632de9ed55947761d56d4c6142a3cb1a1fe69d0b1a6d0e01a2e404c697962623,dfine_sahi,10200.0,unknown_object,0.2898,163.0,181.67,224.96,259.86,4844.8,61.96,78.19,0.792,False,,True,S-61,2,evt_S-61_desk_work_surface_0001,3ca57fae345726aa,pose_hand_context,,19605.6,4.57,,1,cam12/e1/v1,rtmpose_baseline
oneshot2,03.CCTV Mobile Usage.mkv,632de9ed55947761d56d4c6142a3cb1a1fe69d0b1a6d0e01a2e404c697962623,dfine_sahi,10200.0,unknown_object,0.28,111.12,147.16,206.64,242.41,9098.5,95.52,95.25,1.003,False,,True,S-61,2,evt_S-61_desk_work_surface_0001,3ca57fae345726aa,pose_hand_context,,19605.6,4.57,,1,cam12/e1/v1,rtmpose_baseline
oneshot2,03.CCTV Mobile Usage.mkv,632de9ed55947761d56d4c6142a3cb1a1fe69d0b1a6d0e01a2e404c697962623,dfine_sahi,10200.0,unknown_object,0.5587,141.03,495.08,195.96,569.22,4072.3,54.93,74.14,0.741,False,,True,S-61,1,evt_S-61_desk_work_surface_0001,9cb192cf057e470f,pose_hand_context,,16574.0,4.97,,1,cam12/e1/v1,rtmpose_baseline
oneshot2,03.CCTV Mobile Usage.mkv,632de9ed55947761d56d4c6142a3cb1a1fe69d0b1a6d0e01a2e404c697962623,dfine_sahi,10200.0,unknown_object,0.5567,112.03,451.18,239.95,578.3,16261.5,127.92,127.12,1.006,False,,True,S-61,1,evt_S-61_desk_work_surface_0001,9cb192cf057e470f,pose_hand_context,,16574.0,4.97,,1,cam12/e1/v1,rtmpose_baseline
oneshot2,03.CCTV Mobile Usage.mkv,632de9ed55947761d56d4c6142a3cb1a1fe69d0b1a6d0e01a2e404c697962623,dfine_sahi,10200.0,unknown_object,0.4932,156.05,439.29,251.95,534.51,9130.4,95.89,95.21,1.007,False,,True,S-61,1,evt_S-61_desk_work_surface_0001,9cb192cf057e470f,pose_hand_context,,16574.0,4.97,,1,cam12/e1/v1,rtmpose_baseline
oneshot2,03.CCTV Mobile Usage.mkv,632de9ed55947761d56d4c6142a3cb1a1fe69d0b1a6d0e01a2e404c697962623,dfine_sahi,10200.0,unknown_object,0.4805,156.06,495.12,251.93,566.75,6868.1,95.88,71.63,1.338,False,,True,S-61,1,evt_S-61_desk_work_surface_0001,9cb192cf057e470f,pose_hand_context,,16574.0,4.97,,1,cam12/e1/v1,rtmpose_baseline
oneshot2,03.CCTV Mobile Usage.mkv,632de9ed55947761d56d4c6142a3cb1a1fe69d0b1a6d0e01a2e404c697962623,dfine_sahi,10200.0,unknown_object,0.4058,141.85,475.19,195.96,534.48,3207.3,54.1,59.28,0.913,False,,True,S-61,1,evt_S-61_desk_work_surface_0001,9cb192cf057e470f,pose_hand_context,,16574.0,4.97,,1,cam12/e1/v1,rtmpose_baseline
oneshot2,03.CCTV Mobile Usage.mkv,632de9ed55947761d56d4c6142a3cb1a1fe69d0b1a6d0e01a2e404c697962623,dfine_sahi,10200.0,unknown_object,0.4026,100.33,439.12,195.97,534.34,9107.8,95.65,95.22,1.004,False,,True,S-61,1,evt_S-61_desk_work_surface_0001,9cb192cf057e470f,pose_hand_context,,16574.0,4.97,,1,cam12/e1/v1,rtmpose_baseline
oneshot2,03.CCTV Mobile Usage.mkv,632de9ed55947761d56d4c6142a3cb1a1fe69d0b1a6d0e01a2e404c697962623,dfine_sahi,10200.0,unknown_object,0.3714,174.38,495.09,235.75,518.19,1417.7,61.37,23.1,2.657,False,,True,S-61,1,evt_S-61_desk_work_surface_0001,9cb192cf057e470f,pose_hand_context,,16574.0,4.97,,1,cam12/e1/v1,rtmpose_baseline
oneshot2,03.CCTV Mobile Usage.mkv,632de9ed55947761d56d4c6142a3cb1a1fe69d0b1a6d0e01a2e404c697962623,dfine_sahi,10200.0,unknown_object,0.2932,100.41,439.09,158.12,478.78,2290.2,57.71,39.68,1.454,False,,True,S-61,1,evt_S-61_desk_work_surface_0001,9cb192cf057e470f,pose_hand_context,,16574.0,4.97,,1,cam12/e1/v1,rtmpose_baseline
oneshot2,03.CCTV Mobile Usage.mkv,632de9ed55947761d56d4c6142a3cb1a1fe69d0b1a6d0e01a2e404c697962623,dfine_sahi,10200.0,unknown_object,0.2922,156.04,525.09,206.94,590.73,3341.0,50.9,65.64,0.776,False,,True,S-61,1,evt_S-61_desk_work_surface_0001,9cb192cf057e470f,pose_hand_context,,16574.0,4.97,,1,cam12/e1/v1,rtmpose_baseline
oneshot2,03.CCTV Mobile Usage.mkv,632de9ed55947761d56d4c6142a3cb1a1fe69d0b1a6d0e01a2e404c697962623,dfine_sahi,10700.0,unknown_object,0.6902,112.2,261.21,241.92,331.36,9098.9,129.72,70.14,1.849,False,,True,S-61,2,evt_S-61_desk_work_surface_0001,306d5f013085fa12,pose_hand_context,,22428.1,4.27,,1,cam12/e1/v1,rtmpose_baseline
oneshot2,03.CCTV Mobile Usage.mkv,632de9ed55947761d56d4c6142a3cb1a1fe69d0b1a6d0e01a2e404c697962623,dfine_sahi,10700.0,unknown_object,0.5304,210.79,227.5,229.56,256.29,540.3,18.77,28.79,0.652,False,,True,S-61,2,evt_S-61_desk_work_surface_0001,306d5f013085fa12,pose_hand_context,,22428.1,4.27,,1,cam12/e1/v1,rtmpose_baseline
oneshot2,03.CCTV Mobile Usage.mkv,632de9ed55947761d56d4c6142a3cb1a1fe69d0b1a6d0e01a2e404c697962623,dfine_sahi,10700.0,unknown_object,0.4644,187.18,178.34,209.06,266.56,1929.9,21.87,88.22,0.248,False,,True,S-61,2,evt_S-61_desk_work_surface_0001,306d5f013085fa12,pose_hand_context,,22428.1,4.27,,1,cam12/e1/v1,rtmpose_baseline
oneshot2,03.CCTV Mobile Usage.mkv,632de9ed55947761d56d4c6142a3cb1a1fe69d0b1a6d0e01a2e404c697962623,dfine_sahi,10700.0,unknown_object,0.2995,175.19,239.4,192.94,272.78,592.7,17.76,33.38,0.532,False,,True,S-61,2,evt_S-61_desk_work_surface_0001,306d5f013085fa12,pose_hand_context,,22428.1,4.27,,1,cam12/e1/v1,rtmpose_baseline
oneshot2,03.CCTV Mobile Usage.mkv,632de9ed55947761d56d4c6142a3cb1a1fe69d0b1a6d0e01a2e404c697962623,dfine_sahi,10700.0,unknown_object,0.2976,158.89,256.61,176.71,272.95,291.1,17.82,16.33,1.091,False,,True,S-61,2,evt_S-61_desk_work_surface_0001,306d5f013085fa12,pose_hand_context,,22428.1,4.27,,1,cam12/e1/v1,rtmpose_baseline
oneshot2,03.CCTV Mobile Usage.mkv,632de9ed55947761d56d4c6142a3cb1a1fe69d0b1a6d0e01a2e404c697962623,dfine_sahi,10700.0,unknown_object,0.2961,191.24,239.33,208.59,266.18,465.7,17.35,26.84,0.646,False,,True,S-61,2,evt_S-61_desk_work_surface_0001,306d5f013085fa12,pose_hand_context,,22428.1,4.27,,1,cam12/e1/v1,rtmpose_baseline
oneshot2,03.CCTV Mobile Usage.mkv,632de9ed55947761d56d4c6142a3cb1a1fe69d0b1a6d0e01a2e404c697962623,dfine_sahi,10700.0,unknown_object,0.2882,205.98,177.12,226.53,229.97,1086.0,20.55,52.85,0.389,False,,True,S-61,2,evt_S-61_desk_work_surface_0001,306d5f013085fa12,pose_hand_context,,22428.1,4.27,,1,cam12/e1/v1,rtmpose_baseline
oneshot2,03.CCTV Mobile Usage.mkv,632de9ed55947761d56d4c6142a3cb1a1fe69d0b1a6d0e01a2e404c697962623,dfine_sahi,10700.0,unknown_object,0.5279,104.11,437.15,199.93,532.46,9131.9,95.82,95.3,1.005,False,,True,S-61,1,evt_S-61_desk_work_surface_0001,fc3e6f6ad9de900d,pose_hand_context,,16022.5,5.06,,1,cam12/e1/v1,rtmpose_baseline
oneshot2,03.CCTV Mobile Usage.mkv,632de9ed55947761d56d4c6142a3cb1a1fe69d0b1a6d0e01a2e404c697962623,dfine_sahi,10700.0,unknown_object,0.489,139.02,493.09,199.96,560.91,4132.8,60.94,67.82,0.899,False,,True,S-61,1,evt_S-61_desk_work_surface_0001,fc3e6f6ad9de900d,pose_hand_context,,16022.5,5.06,,1,cam12/e1/v1,rtmpose_baseline
oneshot2,03.CCTV Mobile Usage.mkv,632de9ed55947761d56d4c6142a3cb1a1fe69d0b1a6d0e01a2e404c697962623,dfine_sahi,10700.0,unknown_object,0.4385,159.99,493.15,255.91,588.53,9148.9,95.92,95.38,1.006,False,,True,S-61,1,evt_S-61_desk_work_surface_0001,fc3e6f6ad9de900d,pose_hand_context,,16022.5,5.06,,1,cam12/e1/v1,rtmpose_baseline
oneshot2,03.CCTV Mobile Usage.mkv,632de9ed55947761d56d4c6142a3cb1a1fe69d0b1a6d0e01a2e404c697962623,dfine_sahi,10700.0,unknown_object,0.3279,169.01,477.54,246.93,518.3,3176.0,77.92,40.76,1.912,False,,True,S-61,1,evt_S-61_desk_work_surface_0001,fc3e6f6ad9de900d,pose_hand_context,,16022.5,5.06,,1,cam12/e1/v1,rtmpose_baseline
oneshot2,03.CCTV Mobile Usage.mkv,632de9ed55947761d56d4c6142a3cb1a1fe69d0b1a6d0e01a2e404c697962623,dfine_sahi,11200.0,unknown_object,0.6814,105.23,442.15,200.97,537.09,9089.5,95.74,94.94,1.008,False,,True,S-61,1,evt_S-61_desk_work_surface_0001,2bebd0989d616603,pose_hand_context,,13815.7,5.44,,1,cam12/e1/v1,rtmpose_baseline
oneshot2,03.CCTV Mobile Usage.mkv,632de9ed55947761d56d4c6142a3cb1a1fe69d0b1a6d0e01a2e404c697962623,dfine_sahi,11200.0,unknown_object,0.6306,120.13,457.18,237.14,564.31,12534.1,117.0,107.13,1.092,False,,True,S-61,1,evt_S-61_desk_work_surface_0001,2bebd0989d616603,pose_hand_context,,13815.7,5.44,,1,cam12/e1/v1,rtmpose_baseline
oneshot2,03.CCTV Mobile Usage.mkv,632de9ed55947761d56d4c6142a3cb1a1fe69d0b1a6d0e01a2e404c697962623,dfine_sahi,11200.0,unknown_object,0.5566,156.02,494.12,251.97,563.86,6692.2,95.95,69.75,1.376,False,,True,S-61,1,evt_S-61_desk_work_surface_0001,2bebd0989d616603,pose_hand_context,,13815.7,5.44,,1,cam12/e1/v1,rtmpose_baseline
oneshot2,03.CCTV Mobile Usage.mkv,632de9ed55947761d56d4c6142a3cb1a1fe69d0b1a6d0e01a2e404c697962623,dfine_sahi,11200.0,unknown_object,0.5505,156.19,442.37,249.42,517.07,6965.2,93.24,74.7,1.248,False,,True,S-61,1,evt_S-61_desk_work_surface_0001,2bebd0989d616603,pose_hand_context,,13815.7,5.44,,1,cam12/e1/v1,rtmpose_baseline
oneshot2,03.CCTV Mobile Usage.mkv,632de9ed55947761d56d4c6142a3cb1a1fe69d0b1a6d0e01a2e404c697962623,dfine_sahi,11200.0,unknown_object,0.45,127.09,494.07,200.97,561.91,5011.9,73.88,67.84,1.089,False,,True,S-61,1,evt_S-61_desk_work_surface_0001,2bebd0989d616603,pose_hand_context,,13815.7,5.44,,1,cam12/e1/v1,rtmpose_baseline
oneshot2,03.CCTV Mobile Usage.mkv,632de9ed55947761d56d4c6142a3cb1a1fe69d0b1a6d0e01a2e404c697962623,dfine_sahi,11200.0,unknown_object,0.2947,170.61,526.97,251.96,561.14,2779.6,81.35,34.17,2.381,False,,True,S-61,1,evt_S-61_desk_work_surface_0001,2bebd0989d616603,pose_hand_context,,13815.7,5.44,,1,cam12/e1/v1,rtmpose_baseline
oneshot2,03.CCTV Mobile Usage.mkv,632de9ed55947761d56d4c6142a3cb1a1fe69d0b1a6d0e01a2e404c697962623,dfine_sahi,11200.0,monitor_or_bezel,0.5471,243.97,207.21,294.67,291.92,4295.1,50.7,84.71,0.599,False,,True,S-61,2,evt_S-61_desk_work_surface_0001,44302ce98e67dd02,pose_hand_context,,29721.8,3.71,,1,cam12/e1/v1,rtmpose_baseline
oneshot2,03.CCTV Mobile Usage.mkv,632de9ed55947761d56d4c6142a3cb1a1fe69d0b1a6d0e01a2e404c697962623,dfine_sahi,11200.0,unknown_object,0.4529,335.69,283.46,415.91,379.42,7698.2,80.22,95.96,0.836,False,,True,S-61,2,evt_S-61_desk_work_surface_0001,44302ce98e67dd02,pose_hand_context,,29721.8,3.71,,1,cam12/e1/v1,rtmpose_baseline
oneshot2,03.CCTV Mobile Usage.mkv,632de9ed55947761d56d4c6142a3cb1a1fe69d0b1a6d0e01a2e404c697962623,dfine_sahi,11200.0,unknown_object,0.3905,244.12,207.27,415.94,379.32,29560.8,171.82,172.05,0.999,False,,True,S-61,2,evt_S-61_desk_work_surface_0001,44302ce98e67dd02,pose_hand_context,,29721.8,3.71,,1,cam12/e1/v1,rtmpose_baseline
oneshot2,03.CCTV Mobile Usage.mkv,632de9ed55947761d56d4c6142a3cb1a1fe69d0b1a6d0e01a2e404c697962623,dfine_sahi,11200.0,unknown_object,0.3551,268.66,283.1,307.13,378.99,3688.8,38.47,95.89,0.401,False,,True,S-61,2,evt_S-61_desk_work_surface_0001,44302ce98e67dd02,pose_hand_context,,29721.8,3.71,,1,cam12/e1/v1,rtmpose_baseline
oneshot2,03.CCTV Mobile Usage.mkv,632de9ed55947761d56d4c6142a3cb1a1fe69d0b1a6d0e01a2e404c697962623,dfine_sahi,11200.0,unknown_object,0.3329,265.59,215.02,320.16,338.78,6754.1,54.57,123.76,0.441,False,,True,S-61,2,evt_S-61_desk_work_surface_0001,44302ce98e67dd02,pose_hand_context,,29721.8,3.71,,1,cam12/e1/v1,rtmpose_baseline
oneshot2,03.CCTV Mobile Usage.mkv,632de9ed55947761d56d4c6142a3cb1a1fe69d0b1a6d0e01a2e404c697962623,dfine_sahi,11200.0,unknown_object,0.3328,290.61,213.33,339.93,299.7,4260.1,49.32,86.37,0.571,False,,True,S-61,2,evt_S-61_desk_work_surface_0001,44302ce98e67dd02,pose_hand_context,,29721.8,3.71,,1,cam12/e1/v1,rtmpose_baseline
oneshot2,03.CCTV Mobile Usage.mkv,632de9ed55947761d56d4c6142a3cb1a1fe69d0b1a6d0e01a2e404c697962623,dfine_sahi,11200.0,unknown_object,0.2789,294.09,241.65,317.54,297.3,1304.9,23.45,55.65,0.421,False,,True,S-61,2,evt_S-61_desk_work_surface_0001,44302ce98e67dd02,pose_hand_context,,29721.8,3.71,,1,cam12/e1/v1,rtmpose_baseline
oneshot2,03.CCTV Mobile Usage.mkv,632de9ed55947761d56d4c6142a3cb1a1fe69d0b1a6d0e01a2e404c697962623,dfine_sahi,11200.0,keyboard,0.9082,962.22,452.01,1067.87,491.44,4165.1,105.65,39.42,2.68,False,,True,R-desk,5,evt_S-61_desk_work_surface_0001,7739ac136bb8b8c8,lap_bag_context,no_pose_observation,34560.0,1.33,,1,cam12/e1/v1,
oneshot2,03.CCTV Mobile Usage.mkv,632de9ed55947761d56d4c6142a3cb1a1fe69d0b1a6d0e01a2e404c697962623,dfine_sahi,11200.0,monitor_or_bezel,0.6843,963.25,380.43,1152.64,474.95,17900.0,189.39,94.51,2.004,False,,True,R-desk,5,evt_S-61_desk_work_surface_0001,7739ac136bb8b8c8,lap_bag_context,no_pose_observation,34560.0,1.33,,1,cam12/e1/v1,
oneshot2,03.CCTV Mobile Usage.mkv,632de9ed55947761d56d4c6142a3cb1a1fe69d0b1a6d0e01a2e404c697962623,dfine_sahi,11200.0,phone,0.661,1043.41,421.59,1113.23,474.31,3681.1,69.82,52.72,1.324,False,,True,R-desk,5,evt_S-61_desk_work_surface_0001,7739ac136bb8b8c8,lap_bag_context,no_pose_observation,34560.0,1.33,,1,cam12/e1/v1,
oneshot2,03.CCTV Mobile Usage.mkv,632de9ed55947761d56d4c6142a3cb1a1fe69d0b1a6d0e01a2e404c697962623,dfine_sahi,11200.0,monitor_or_bezel,0.6438,910.28,411.2,1141.6,506.41,22023.2,231.33,95.2,2.43,False,,True,R-desk,5,evt_S-61_desk_work_surface_0001,7739ac136bb8b8c8,lap_bag_context,no_pose_observation,34560.0,1.33,,1,cam12/e1/v1,
oneshot2,03.CCTV Mobile Usage.mkv,632de9ed55947761d56d4c6142a3cb1a1fe69d0b1a6d0e01a2e404c697962623,dfine_sahi,11200.0,monitor_or_bezel,0.6147,1018.42,395.79,1145.54,447.56,6581.6,127.12,51.77,2.455,False,,True,R-desk,5,evt_S-61_desk_work_surface_0001,7739ac136bb8b8c8,lap_bag_context,no_pose_observation,34560.0,1.33,,1,cam12/e1/v1,
oneshot2,03.CCTV Mobile Usage.mkv,632de9ed55947761d56d4c6142a3cb1a1fe69d0b1a6d0e01a2e404c697962623,dfine_sahi,11200.0,keyboard,0.5892,962.92,452.36,1034.68,475.56,1664.8,71.77,23.2,3.094,False,,True,R-desk,5,evt_S-61_desk_work_surface_0001,7739ac136bb8b8c8,lap_bag_context,no_pose_observation,34560.0,1.33,,1,cam12/e1/v1,
oneshot2,03.CCTV Mobile Usage.mkv,632de9ed55947761d56d4c6142a3cb1a1fe69d0b1a6d0e01a2e404c697962623,dfine_sahi,11200.0,unknown_object,0.5516,699.96,396.18,857.23,492.13,15088.9,157.27,95.94,1.639,False,,True,R-desk,5,evt_S-61_desk_work_surface_0001,7739ac136bb8b8c8,lap_bag_context,no_pose_observation,34560.0,1.33,,1,cam12/e1/v1,
oneshot2,03.CCTV Mobile Usage.mkv,632de9ed55947761d56d4c6142a3cb1a1fe69d0b1a6d0e01a2e404c697962623,dfine_sahi,11200.0,mouse,0.5338,864.88,413.88,892.04,435.01,574.0,27.15,21.14,1.285,False,,True,R-desk,5,evt_S-61_desk_work_surface_0001,7739ac136bb8b8c8,lap_bag_context,no_pose_observation,34560.0,1.33,,1,cam12/e1/v1,
oneshot2,03.CCTV Mobile Usage.mkv,632de9ed55947761d56d4c6142a3cb1a1fe69d0b1a6d0e01a2e404c697962623,dfine_sahi,11200.0,keyboard,0.5294,772.37,380.2,871.24,420.58,3993.0,98.87,40.39,2.448,False,,True,R-desk,5,evt_S-61_desk_work_surface_0001,7739ac136bb8b8c8,lap_bag_context,no_pose_observation,34560.0,1.33,,1,cam12/e1/v1,
oneshot2,03.CCTV Mobile Usage.mkv,632de9ed55947761d56d4c6142a3cb1a1fe69d0b1a6d0e01a2e404c697962623,dfine_sahi,11200.0,unknown_object,0.5237,766.66,410.97,969.84,505.91,19288.8,203.18,94.93,2.14,False,,True,R-desk,5,evt_S-61_desk_work_surface_0001,7739ac136bb8b8c8,lap_bag_context,no_pose_observation,34560.0,1.33,,1,cam12/e1/v1,
oneshot2,03.CCTV Mobile Usage.mkv,632de9ed55947761d56d4c6142a3cb1a1fe69d0b1a6d0e01a2e404c697962623,dfine_sahi,11200.0,unknown_object,0.5206,707.77,379.93,969.51,474.97,24875.4,261.74,95.04,2.754,False,,True,R-desk,5,evt_S-61_desk_work_surface_0001,7739ac136bb8b8c8,lap_bag_context,no_pose_observation,34560.0,1.33,,1,cam12/e1/v1,
oneshot2,03.CCTV Mobile Usage.mkv,632de9ed55947761d56d4c6142a3cb1a1fe69d0b1a6d0e01a2e404c697962623,dfine_sahi,11200.0,keyboard,0.5001,802.17,396.24,870.79,420.69,1677.9,68.61,24.45,2.806,False,,True,R-desk,5,evt_S-61_desk_work_surface_0001,7739ac136bb8b8c8,lap_bag_context,no_pose_observation,34560.0,1.33,,1,cam12/e1/v1,
oneshot2,03.CCTV Mobile Usage.mkv,632de9ed55947761d56d4c6142a3cb1a1fe69d0b1a6d0e01a2e404c697962623,dfine_sahi,11200.0,unknown_object,0.4261,699.99,396.11,770.01,491.7,6692.6,70.02,95.59,0.732,False,,True,R-desk,5,evt_S-61_desk_work_surface_0001,7739ac136bb8b8c8,lap_bag_context,no_pose_observation,34560.0,1.33,,1,cam12/e1/v1,
oneshot2,03.CCTV Mobile Usage.mkv,632de9ed55947761d56d4c6142a3cb1a1fe69d0b1a6d0e01a2e404c697962623,dfine_sahi,11200.0,unknown_object,0.351,881.72,411.16,969.56,453.49,3718.5,87.84,42.33,2.075,False,,True,R-desk,5,evt_S-61_desk_work_surface_0001,7739ac136bb8b8c8,lap_bag_context,no_pose_observation,34560.0,1.33,,1,cam12/e1/v1,
oneshot2,03.CCTV Mobile Usage.mkv,632de9ed55947761d56d4c6142a3cb1a1fe69d0b1a6d0e01a2e404c697962623,dfine_sahi,11200.0,monitor_or_bezel,0.2997,881.31,396.18,948.85,452.47,3801.9,67.54,56.29,1.2,False,,True,R-desk,5,evt_S-61_desk_work_surface_0001,7739ac136bb8b8c8,lap_bag_context,no_pose_observation,34560.0,1.33,,1,cam12/e1/v1,
oneshot2,03.CCTV Mobile Usage.mkv,632de9ed55947761d56d4c6142a3cb1a1fe69d0b1a6d0e01a2e404c697962623,dfine_sahi,11200.0,mouse,0.299,967.15,398.48,991.99,410.58,300.8,24.84,12.11,2.052,False,,True,R-desk,5,evt_S-61_desk_work_surface_0001,7739ac136bb8b8c8,lap_bag_context,no_pose_observation,34560.0,1.33,,1,cam12/e1/v1,
oneshot2,03.CCTV Mobile Usage.mkv,632de9ed55947761d56d4c6142a3cb1a1fe69d0b1a6d0e01a2e404c697962623,dfine_sahi,11200.0,unknown_object,0.2859,880.4,411.64,969.91,505.59,8409.0,89.5,93.95,0.953,False,,True,R-desk,5,evt_S-61_desk_work_surface_0001,7739ac136bb8b8c8,lap_bag_context,no_pose_observation,34560.0,1.33,,1,cam12/e1/v1,
oneshot2,03.CCTV Mobile Usage.mkv,632de9ed55947761d56d4c6142a3cb1a1fe69d0b1a6d0e01a2e404c697962623,dfine_sahi,11200.0,mouse,0.2578,990.77,399.34,1026.6,413.25,498.4,35.83,13.91,2.576,False,,True,R-desk,5,evt_S-61_desk_work_surface_0001,7739ac136bb8b8c8,lap_bag_context,no_pose_observation,34560.0,1.33,,1,cam12/e1/v1,
oneshot2,03.CCTV Mobile Usage.mkv,632de9ed55947761d56d4c6142a3cb1a1fe69d0b1a6d0e01a2e404c697962623,dfine_sahi,11700.0,unknown_object,0.6442,57.99,510.03,85.26,552.11,1147.5,27.27,42.08,0.648,False,,True,S-61,1,evt_S-61_desk_work_surface_0001,b6a05af65e1ac343,pose_hand_context,,28995.3,3.76,,1,cam12/e1/v1,rtmpose_baseline
oneshot2,03.CCTV Mobile Usage.mkv,632de9ed55947761d56d4c6142a3cb1a1fe69d0b1a6d0e01a2e404c697962623,dfine_sahi,11700.0,unknown_object,0.5521,58.03,435.09,153.92,491.52,5410.6,95.89,56.42,1.699,False,,True,S-61,1,evt_S-61_desk_work_surface_0001,b6a05af65e1ac343,pose_hand_context,,28995.3,3.76,,1,cam12/e1/v1,rtmpose_baseline
oneshot2,03.CCTV Mobile Usage.mkv,632de9ed55947761d56d4c6142a3cb1a1fe69d0b1a6d0e01a2e404c697962623,dfine_sahi,11700.0,stationery,0.4808,57.97,509.52,85.38,552.39,1175.0,27.4,42.87,0.639,False,,True,S-61,1,evt_S-61_desk_work_surface_0001,b6a05af65e1ac343,pose_hand_context,,28995.3,3.76,,1,cam12/e1/v1,rtmpose_baseline
oneshot2,03.CCTV Mobile Usage.mkv,632de9ed55947761d56d4c6142a3cb1a1fe69d0b1a6d0e01a2e404c697962623,dfine_sahi,11700.0,unknown_object,0.434,63.11,485.21,96.79,530.5,1525.7,33.69,45.29,0.744,False,,True,S-61,1,evt_S-61_desk_work_surface_0001,b6a05af65e1ac343,pose_hand_context,,28995.3,3.76,,1,cam12/e1/v1,rtmpose_baseline
oneshot2,03.CCTV Mobile Usage.mkv,632de9ed55947761d56d4c6142a3cb1a1fe69d0b1a6d0e01a2e404c697962623,dfine_sahi,11700.0,unknown_object,0.4093,57.99,509.82,96.88,602.52,3605.2,38.89,92.7,0.42,False,,True,S-61,1,evt_S-61_desk_work_surface_0001,b6a05af65e1ac343,pose_hand_context,,28995.3,3.76,,1,cam12/e1/v1,rtmpose_baseline
oneshot2,03.CCTV Mobile Usage.mkv,632de9ed55947761d56d4c6142a3cb1a1fe69d0b1a6d0e01a2e404c697962623,dfine_sahi,11700.0,unknown_object,0.3554,58.73,476.46,219.68,603.2,20399.7,160.95,126.74,1.27,False,,True,S-61,1,evt_S-61_desk_work_surface_0001,b6a05af65e1ac343,pose_hand_context,,28995.3,3.76,,1,cam12/e1/v1,rtmpose_baseline
oneshot2,03.CCTV Mobile Usage.mkv,632de9ed55947761d56d4c6142a3cb1a1fe69d0b1a6d0e01a2e404c697962623,dfine_sahi,11700.0,unknown_object,0.3438,133.41,509.21,228.92,569.5,5757.9,95.51,60.28,1.584,False,,True,S-61,1,evt_S-61_desk_work_surface_0001,b6a05af65e1ac343,pose_hand_context,,28995.3,3.76,,1,cam12/e1/v1,rtmpose_baseline
oneshot2,03.CCTV Mobile Usage.mkv,632de9ed55947761d56d4c6142a3cb1a1fe69d0b1a6d0e01a2e404c697962623,dfine_sahi,11700.0,unknown_object,0.3222,58.01,509.25,153.95,604.46,9134.1,95.94,95.21,1.008,False,,True,S-61,1,evt_S-61_desk_work_surface_0001,b6a05af65e1ac343,pose_hand_context,,28995.3,3.76,,1,cam12/e1/v1,rtmpose_baseline
oneshot2,03.CCTV Mobile Usage.mkv,632de9ed55947761d56d4c6142a3cb1a1fe69d0b1a6d0e01a2e404c697962623,dfine_sahi,11700.0,unknown_object,0.3029,133.06,481.67,228.37,530.71,4674.2,95.31,49.04,1.943,False,,True,S-61,1,evt_S-61_desk_work_surface_0001,b6a05af65e1ac343,pose_hand_context,,28995.3,3.76,,1,cam12/e1/v1,rtmpose_baseline
oneshot2,03.CCTV Mobile Usage.mkv,632de9ed55947761d56d4c6142a3cb1a1fe69d0b1a6d0e01a2e404c697962623,dfine_sahi,11700.0,unknown_object,0.2764,157.74,435.26,220.81,520.3,5363.6,63.08,85.03,0.742,False,,True,S-61,1,evt_S-61_desk_work_surface_0001,b6a05af65e1ac343,pose_hand_context,,28995.3,3.76,,1,cam12/e1/v1,rtmpose_baseline
oneshot2,03.CCTV Mobile Usage.mkv,632de9ed55947761d56d4c6142a3cb1a1fe69d0b1a6d0e01a2e404c697962623,dfine_sahi,11700.0,unknown_object,0.2642,159.0,449.7,193.36,517.72,2337.4,34.36,68.02,0.505,False,,True,S-61,1,evt_S-61_desk_work_surface_0001,b6a05af65e1ac343,pose_hand_context,,28995.3,3.76,,1,cam12/e1/v1,rtmpose_baseline
oneshot2,03.CCTV Mobile Usage.mkv,632de9ed55947761d56d4c6142a3cb1a1fe69d0b1a6d0e01a2e404c697962623,dfine_sahi,11700.0,unknown_object,0.2501,67.33,510.58,75.49,524.58,114.2,8.16,14.0,0.583,True,object footprint 114 px is under the 120 px floor for a call,False,S-61,1,evt_S-61_desk_work_surface_0001,b6a05af65e1ac343,pose_hand_context,,28995.3,3.76,,1,cam12/e1/v1,rtmpose_baseline
oneshot2,03.CCTV Mobile Usage.mkv,632de9ed55947761d56d4c6142a3cb1a1fe69d0b1a6d0e01a2e404c697962623,dfine_sahi,11700.0,unknown_object,0.6616,194.12,302.26,289.87,397.56,9125.4,95.75,95.3,1.005,False,,True,S-61,2,evt_S-61_desk_work_surface_0001,eee0fc316a8f1a81,pose_hand_context,,28486.7,3.79,,1,cam12/e1/v1,rtmpose_baseline
oneshot2,03.CCTV Mobile Usage.mkv,632de9ed55947761d56d4c6142a3cb1a1fe69d0b1a6d0e01a2e404c697962623,dfine_sahi,11700.0,unknown_object,0.4318,268.0,302.25,292.15,357.51,1334.7,24.15,55.26,0.437,False,,True,S-61,2,evt_S-61_desk_work_surface_0001,eee0fc316a8f1a81,pose_hand_context,,28486.7,3.79,,1,cam12/e1/v1,rtmpose_baseline
oneshot2,03.CCTV Mobile Usage.mkv,632de9ed55947761d56d4c6142a3cb1a1fe69d0b1a6d0e01a2e404c697962623,dfine_sahi,11700.0,unknown_object,0.3898,288.7,286.28,344.8,324.7,2155.3,56.1,38.42,1.46,False,,True,S-61,2,evt_S-61_desk_work_surface_0001,eee0fc316a8f1a81,pose_hand_context,,28486.7,3.79,,1,cam12/e1/v1,rtmpose_baseline
oneshot2,03.CCTV Mobile Usage.mkv,632de9ed55947761d56d4c6142a3cb1a1fe69d0b1a6d0e01a2e404c697962623,dfine_sahi,12200.0,keyboard,0.8976,962.17,451.89,1068.0,491.41,4183.0,105.84,39.52,2.678,False,,True,R-desk,6,evt_S-61_desk_work_surface_0001,590143951782a0e5,lap_bag_context,no_pose_observation,34560.0,1.33,,1,cam12/e1/v1,
oneshot2,03.CCTV Mobile Usage.mkv,632de9ed55947761d56d4c6142a3cb1a1fe69d0b1a6d0e01a2e404c697962623,dfine_sahi,12200.0,monitor_or_bezel,0.7777,910.09,411.09,1140.62,506.37,21966.6,230.54,95.28,2.419,False,,True,R-desk,6,evt_S-61_desk_work_surface_0001,590143951782a0e5,lap_bag_context,no_pose_observation,34560.0,1.33,,1,cam12/e1/v1,
oneshot2,03.CCTV Mobile Usage.mkv,632de9ed55947761d56d4c6142a3cb1a1fe69d0b1a6d0e01a2e404c697962623,dfine_sahi,12200.0,monitor_or_bezel,0.7661,963.09,380.45,1152.47,475.0,17904.7,189.38,94.54,2.003,False,,True,R-desk,6,evt_S-61_desk_work_surface_0001,590143951782a0e5,lap_bag_context,no_pose_observation,34560.0,1.33,,1,cam12/e1/v1,
oneshot2,03.CCTV Mobile Usage.mkv,632de9ed55947761d56d4c6142a3cb1a1fe69d0b1a6d0e01a2e404c697962623,dfine_sahi,12200.0,monitor_or_bezel,0.7548,708.83,379.91,969.68,474.85,24765.2,260.85,94.94,2.747,False,,True,R-desk,6,evt_S-61_desk_work_surface_0001,590143951782a0e5,lap_bag_context,no_pose_observation,34560.0,1.33,,1,cam12/e1/v1,
oneshot2,03.CCTV Mobile Usage.mkv,632de9ed55947761d56d4c6142a3cb1a1fe69d0b1a6d0e01a2e404c697962623,dfine_sahi,12200.0,keyboard,0.6396,772.54,380.22,870.59,420.39,3939.1,98.05,40.17,2.441,False,,True,R-desk,6,evt_S-61_desk_work_surface_0001,590143951782a0e5,lap_bag_context,no_pose_observation,34560.0,1.33,,1,cam12/e1/v1,
oneshot2,03.CCTV Mobile Usage.mkv,632de9ed55947761d56d4c6142a3cb1a1fe69d0b1a6d0e01a2e404c697962623,dfine_sahi,12200.0,unknown_object,0.6304,699.93,411.25,871.59,506.3,16317.1,171.66,95.06,1.806,False,,True,R-desk,6,evt_S-61_desk_work_surface_0001,590143951782a0e5,lap_bag_context,no_pose_observation,34560.0,1.33,,1,cam12/e1/v1,
oneshot2,03.CCTV Mobile Usage.mkv,632de9ed55947761d56d4c6142a3cb1a1fe69d0b1a6d0e01a2e404c697962623,dfine_sahi,12200.0,keyboard,0.6225,962.8,452.25,1034.66,475.56,1675.1,71.86,23.31,3.083,False,,True,R-desk,6,evt_S-61_desk_work_surface_0001,590143951782a0e5,lap_bag_context,no_pose_observation,34560.0,1.33,,1,cam12/e1/v1,
oneshot2,03.CCTV Mobile Usage.mkv,632de9ed55947761d56d4c6142a3cb1a1fe69d0b1a6d0e01a2e404c697962623,dfine_sahi,12200.0,mouse,0.5362,865.33,413.73,891.65,435.43,571.2,26.33,21.69,1.214,False,,True,R-desk,6,evt_S-61_desk_work_surface_0001,590143951782a0e5,lap_bag_context,no_pose_observation,34560.0,1.33,,1,cam12/e1/v1,
oneshot2,03.CCTV Mobile Usage.mkv,632de9ed55947761d56d4c6142a3cb1a1fe69d0b1a6d0e01a2e404c697962623,dfine_sahi,12200.0,phone,0.502,1043.42,420.25,1113.56,474.19,3783.5,70.14,53.94,1.3,False,,True,R-desk,6,evt_S-61_desk_work_surface_0001,590143951782a0e5,lap_bag_context,no_pose_observation,34560.0,1.33,,1,cam12/e1/v1,
oneshot2,03.CCTV Mobile Usage.mkv,632de9ed55947761d56d4c6142a3cb1a1fe69d0b1a6d0e01a2e404c697962623,dfine_sahi,12200.0,keyboard,0.4259,802.41,396.23,870.38,420.7,1663.5,67.97,24.47,2.777,False,,True,R-desk,6,evt_S-61_desk_work_surface_0001,590143951782a0e5,lap_bag_context,no_pose_observation,34560.0,1.33,,1,cam12/e1/v1,
oneshot2,03.CCTV Mobile Usage.mkv,632de9ed55947761d56d4c6142a3cb1a1fe69d0b1a6d0e01a2e404c697962623,dfine_sahi,12200.0,unknown_object,0.419,700.01,396.25,758.88,490.74,5562.0,58.86,94.49,0.623,False,,True,R-desk,6,evt_S-61_desk_work_surface_0001,590143951782a0e5,lap_bag_context,no_pose_observation,34560.0,1.33,,1,cam12/e1/v1,
oneshot2,03.CCTV Mobile Usage.mkv,632de9ed55947761d56d4c6142a3cb1a1fe69d0b1a6d0e01a2e404c697962623,dfine_sahi,12200.0,unknown_object,0.4068,766.63,411.06,969.87,506.12,19319.4,203.24,95.06,2.138,False,,True,R-desk,6,evt_S-61_desk_work_surface_0001,590143951782a0e5,lap_bag_context,no_pose_observation,34560.0,1.33,,1,cam12/e1/v1,
oneshot2,03.CCTV Mobile Usage.mkv,632de9ed55947761d56d4c6142a3cb1a1fe69d0b1a6d0e01a2e404c697962623,dfine_sahi,12200.0,keyboard,0.3822,910.14,412.27,1091.85,506.27,17080.1,181.7,94.0,1.933,False,,True,R-desk,6,evt_S-61_desk_work_surface_0001,590143951782a0e5,lap_bag_context,no_pose_observation,34560.0,1.33,,1,cam12/e1/v1,
oneshot2,03.CCTV Mobile Usage.mkv,632de9ed55947761d56d4c6142a3cb1a1fe69d0b1a6d0e01a2e404c697962623,dfine_sahi,12200.0,monitor_or_bezel,0.3708,1019.35,395.54,1145.38,447.63,6564.5,126.03,52.09,2.42,False,,True,R-desk,6,evt_S-61_desk_work_surface_0001,590143951782a0e5,lap_bag_context,no_pose_observation,34560.0,1.33,,1,cam12/e1/v1,
oneshot2,03.CCTV Mobile Usage.mkv,632de9ed55947761d56d4c6142a3cb1a1fe69d0b1a6d0e01a2e404c697962623,dfine_sahi,12200.0,monitor_or_bezel,0.3169,735.83,395.53,1142.96,491.11,38914.7,407.13,95.58,4.259,False,,True,R-desk,6,evt_S-61_desk_work_surface_0001,590143951782a0e5,lap_bag_context,no_pose_observation,34560.0,1.33,,1,cam12/e1/v1,
oneshot2,03.CCTV Mobile Usage.mkv,632de9ed55947761d56d4c6142a3cb1a1fe69d0b1a6d0e01a2e404c697962623,dfine_sahi,12200.0,keyboard,0.3138,965.0,393.39,1115.98,475.05,12329.1,150.98,81.66,1.849,False,,True,R-desk,6,evt_S-61_desk_work_surface_0001,590143951782a0e5,lap_bag_context,no_pose_observation,34560.0,1.33,,1,cam12/e1/v1,
oneshot2,03.CCTV Mobile Usage.mkv,632de9ed55947761d56d4c6142a3cb1a1fe69d0b1a6d0e01a2e404c697962623,dfine_sahi,12200.0,unknown_object,0.2949,700.09,380.34,834.48,475.76,12823.9,134.39,95.42,1.408,False,,True,R-desk,6,evt_S-61_desk_work_surface_0001,590143951782a0e5,lap_bag_context,no_pose_observation,34560.0,1.33,,1,cam12/e1/v1,
oneshot2,03.CCTV Mobile Usage.mkv,632de9ed55947761d56d4c6142a3cb1a1fe69d0b1a6d0e01a2e404c697962623,dfine_sahi,12200.0,unknown_object,0.259,882.1,411.12,932.92,452.68,2112.5,50.82,41.57,1.223,False,,True,R-desk,6,evt_S-61_desk_work_surface_0001,590143951782a0e5,lap_bag_context,no_pose_observation,34560.0,1.33,,1,cam12/e1/v1,
oneshot2,03.CCTV Mobile Usage.mkv,632de9ed55947761d56d4c6142a3cb1a1fe69d0b1a6d0e01a2e404c697962623,dfine_sahi,12200.0,mouse,0.2566,966.92,398.36,992.04,410.52,305.6,25.12,12.16,2.065,False,,True,R-desk,6,evt_S-61_desk_work_surface_0001,590143951782a0e5,lap_bag_context,no_pose_observation,34560.0,1.33,,1,cam12/e1/v1,
oneshot2,03.CCTV Mobile Usage.mkv,632de9ed55947761d56d4c6142a3cb1a1fe69d0b1a6d0e01a2e404c697962623,dfine_sahi,12200.0,keyboard,0.2546,882.29,380.26,968.33,452.78,6239.6,86.03,72.52,1.186,False,,True,R-desk,6,evt_S-61_desk_work_surface_0001,590143951782a0e5,lap_bag_context,no_pose_observation,34560.0,1.33,,1,cam12/e1/v1,
oneshot2,03.CCTV Mobile Usage.mkv,632de9ed55947761d56d4c6142a3cb1a1fe69d0b1a6d0e01a2e404c697962623,dfine_sahi,12200.0,keyboard,0.8976,962.17,451.89,1068.0,491.41,4183.0,105.84,39.52,2.678,False,,True,R-desk,5,evt_S-61_desk_work_surface_0001,590143951782a0e5,lap_bag_context,no_pose_observation,34560.0,1.33,,1,cam12/e1/v1,
oneshot2,03.CCTV Mobile Usage.mkv,632de9ed55947761d56d4c6142a3cb1a1fe69d0b1a6d0e01a2e404c697962623,dfine_sahi,12200.0,monitor_or_bezel,0.7777,910.09,411.09,1140.62,506.37,21966.6,230.54,95.28,2.419,False,,True,R-desk,5,evt_S-61_desk_work_surface_0001,590143951782a0e5,lap_bag_context,no_pose_observation,34560.0,1.33,,1,cam12/e1/v1,
oneshot2,03.CCTV Mobile Usage.mkv,632de9ed55947761d56d4c6142a3cb1a1fe69d0b1a6d0e01a2e404c697962623,dfine_sahi,12200.0,monitor_or_bezel,0.7661,963.09,380.45,1152.47,475.0,17904.7,189.38,94.54,2.003,False,,True,R-desk,5,evt_S-61_desk_work_surface_0001,590143951782a0e5,lap_bag_context,no_pose_observation,34560.0,1.33,,1,cam12/e1/v1,
oneshot2,03.CCTV Mobile Usage.mkv,632de9ed55947761d56d4c6142a3cb1a1fe69d0b1a6d0e01a2e404c697962623,dfine_sahi,12200.0,monitor_or_bezel,0.7548,708.83,379.91,969.68,474.85,24765.2,260.85,94.94,2.747,False,,True,R-desk,5,evt_S-61_desk_work_surface_0001,590143951782a0e5,lap_bag_context,no_pose_observation,34560.0,1.33,,1,cam12/e1/v1,
oneshot2,03.CCTV Mobile Usage.mkv,632de9ed55947761d56d4c6142a3cb1a1fe69d0b1a6d0e01a2e404c697962623,dfine_sahi,12200.0,keyboard,0.6396,772.54,380.22,870.59,420.39,3939.1,98.05,40.17,2.441,False,,True,R-desk,5,evt_S-61_desk_work_surface_0001,590143951782a0e5,lap_bag_context,no_pose_observation,34560.0,1.33,,1,cam12/e1/v1,
oneshot2,03.CCTV Mobile Usage.mkv,632de9ed55947761d56d4c6142a3cb1a1fe69d0b1a6d0e01a2e404c697962623,dfine_sahi,12200.0,unknown_object,0.6304,699.93,411.25,871.59,506.3,16317.1,171.66,95.06,1.806,False,,True,R-desk,5,evt_S-61_desk_work_surface_0001,590143951782a0e5,lap_bag_context,no_pose_observation,34560.0,1.33,,1,cam12/e1/v1,
oneshot2,03.CCTV Mobile Usage.mkv,632de9ed55947761d56d4c6142a3cb1a1fe69d0b1a6d0e01a2e404c697962623,dfine_sahi,12200.0,keyboard,0.6225,962.8,452.25,1034.66,475.56,1675.1,71.86,23.31,3.083,False,,True,R-desk,5,evt_S-61_desk_work_surface_0001,590143951782a0e5,lap_bag_context,no_pose_observation,34560.0,1.33,,1,cam12/e1/v1,
oneshot2,03.CCTV Mobile Usage.mkv,632de9ed55947761d56d4c6142a3cb1a1fe69d0b1a6d0e01a2e404c697962623,dfine_sahi,12200.0,mouse,0.5362,865.33,413.73,891.65,435.43,571.2,26.33,21.69,1.214,False,,True,R-desk,5,evt_S-61_desk_work_surface_0001,590143951782a0e5,lap_bag_context,no_pose_observation,34560.0,1.33,,1,cam12/e1/v1,
oneshot2,03.CCTV Mobile Usage.mkv,632de9ed55947761d56d4c6142a3cb1a1fe69d0b1a6d0e01a2e404c697962623,dfine_sahi,12200.0,phone,0.502,1043.42,420.25,1113.56,474.19,3783.5,70.14,53.94,1.3,False,,True,R-desk,5,evt_S-61_desk_work_surface_0001,590143951782a0e5,lap_bag_context,no_pose_observation,34560.0,1.33,,1,cam12/e1/v1,
oneshot2,03.CCTV Mobile Usage.mkv,632de9ed55947761d56d4c6142a3cb1a1fe69d0b1a6d0e01a2e404c697962623,dfine_sahi,12200.0,keyboard,0.4259,802.41,396.23,870.38,420.7,1663.5,67.97,24.47,2.777,False,,True,R-desk,5,evt_S-61_desk_work_surface_0001,590143951782a0e5,lap_bag_context,no_pose_observation,34560.0,1.33,,1,cam12/e1/v1,
oneshot2,03.CCTV Mobile Usage.mkv,632de9ed55947761d56d4c6142a3cb1a1fe69d0b1a6d0e01a2e404c697962623,dfine_sahi,12200.0,unknown_object,0.419,700.01,396.25,758.88,490.74,5562.0,58.86,94.49,0.623,False,,True,R-desk,5,evt_S-61_desk_work_surface_0001,590143951782a0e5,lap_bag_context,no_pose_observation,34560.0,1.33,,1,cam12/e1/v1,
oneshot2,03.CCTV Mobile Usage.mkv,632de9ed55947761d56d4c6142a3cb1a1fe69d0b1a6d0e01a2e404c697962623,dfine_sahi,12200.0,unknown_object,0.4068,766.63,411.06,969.87,506.12,19319.4,203.24,95.06,2.138,False,,True,R-desk,5,evt_S-61_desk_work_surface_0001,590143951782a0e5,lap_bag_context,no_pose_observation,34560.0,1.33,,1,cam12/e1/v1,
oneshot2,03.CCTV Mobile Usage.mkv,632de9ed55947761d56d4c6142a3cb1a1fe69d0b1a6d0e01a2e404c697962623,dfine_sahi,12200.0,keyboard,0.3822,910.14,412.27,1091.85,506.27,17080.1,181.7,94.0,1.933,False,,True,R-desk,5,evt_S-61_desk_work_surface_0001,590143951782a0e5,lap_bag_context,no_pose_observation,34560.0,1.33,,1,cam12/e1/v1,
oneshot2,03.CCTV Mobile Usage.mkv,632de9ed55947761d56d4c6142a3cb1a1fe69d0b1a6d0e01a2e404c697962623,dfine_sahi,12200.0,monitor_or_bezel,0.3708,1019.35,395.54,1145.38,447.63,6564.5,126.03,52.09,2.42,False,,True,R-desk,5,evt_S-61_desk_work_surface_0001,590143951782a0e5,lap_bag_context,no_pose_observation,34560.0,1.33,,1,cam12/e1/v1,
oneshot2,03.CCTV Mobile Usage.mkv,632de9ed55947761d56d4c6142a3cb1a1fe69d0b1a6d0e01a2e404c697962623,dfine_sahi,12200.0,monitor_or_bezel,0.3169,735.83,395.53,1142.96,491.11,38914.7,407.13,95.58,4.259,False,,True,R-desk,5,evt_S-61_desk_work_surface_0001,590143951782a0e5,lap_bag_context,no_pose_observation,34560.0,1.33,,1,cam12/e1/v1,
oneshot2,03.CCTV Mobile Usage.mkv,632de9ed55947761d56d4c6142a3cb1a1fe69d0b1a6d0e01a2e404c697962623,dfine_sahi,12200.0,keyboard,0.3138,965.0,393.39,1115.98,475.05,12329.1,150.98,81.66,1.849,False,,True,R-desk,5,evt_S-61_desk_work_surface_0001,590143951782a0e5,lap_bag_context,no_pose_observation,34560.0,1.33,,1,cam12/e1/v1,
oneshot2,03.CCTV Mobile Usage.mkv,632de9ed55947761d56d4c6142a3cb1a1fe69d0b1a6d0e01a2e404c697962623,dfine_sahi,12200.0,unknown_object,0.2949,700.09,380.34,834.48,475.76,12823.9,134.39,95.42,1.408,False,,True,R-desk,5,evt_S-61_desk_work_surface_0001,590143951782a0e5,lap_bag_context,no_pose_observation,34560.0,1.33,,1,cam12/e1/v1,
oneshot2,03.CCTV Mobile Usage.mkv,632de9ed55947761d56d4c6142a3cb1a1fe69d0b1a6d0e01a2e404c697962623,dfine_sahi,12200.0,unknown_object,0.259,882.1,411.12,932.92,452.68,2112.5,50.82,41.57,1.223,False,,True,R-desk,5,evt_S-61_desk_work_surface_0001,590143951782a0e5,lap_bag_context,no_pose_observation,34560.0,1.33,,1,cam12/e1/v1,
oneshot2,03.CCTV Mobile Usage.mkv,632de9ed55947761d56d4c6142a3cb1a1fe69d0b1a6d0e01a2e404c697962623,dfine_sahi,12200.0,mouse,0.2566,966.92,398.36,992.04,410.52,305.6,25.12,12.16,2.065,False,,True,R-desk,5,evt_S-61_desk_work_surface_0001,590143951782a0e5,lap_bag_context,no_pose_observation,34560.0,1.33,,1,cam12/e1/v1,
oneshot2,03.CCTV Mobile Usage.mkv,632de9ed55947761d56d4c6142a3cb1a1fe69d0b1a6d0e01a2e404c697962623,dfine_sahi,12200.0,keyboard,0.2546,882.29,380.26,968.33,452.78,6239.6,86.03,72.52,1.186,False,,True,R-desk,5,evt_S-61_desk_work_surface_0001,590143951782a0e5,lap_bag_context,no_pose_observation,34560.0,1.33,,1,cam12/e1/v1,
oneshot2,03.CCTV Mobile Usage.mkv,632de9ed55947761d56d4c6142a3cb1a1fe69d0b1a6d0e01a2e404c697962623,dfine_sahi,12200.0,keyboard,0.8976,962.17,451.89,1068.0,491.41,4183.0,105.84,39.52,2.678,False,,True,R-desk,7,evt_S-61_desk_work_surface_0001,590143951782a0e5,lap_bag_context,no_pose_observation,34560.0,1.33,,1,cam12/e1/v1,
oneshot2,03.CCTV Mobile Usage.mkv,632de9ed55947761d56d4c6142a3cb1a1fe69d0b1a6d0e01a2e404c697962623,dfine_sahi,12200.0,monitor_or_bezel,0.7777,910.09,411.09,1140.62,506.37,21966.6,230.54,95.28,2.419,False,,True,R-desk,7,evt_S-61_desk_work_surface_0001,590143951782a0e5,lap_bag_context,no_pose_observation,34560.0,1.33,,1,cam12/e1/v1,
oneshot2,03.CCTV Mobile Usage.mkv,632de9ed55947761d56d4c6142a3cb1a1fe69d0b1a6d0e01a2e404c697962623,dfine_sahi,12200.0,monitor_or_bezel,0.7661,963.09,380.45,1152.47,475.0,17904.7,189.38,94.54,2.003,False,,True,R-desk,7,evt_S-61_desk_work_surface_0001,590143951782a0e5,lap_bag_context,no_pose_observation,34560.0,1.33,,1,cam12/e1/v1,
oneshot2,03.CCTV Mobile Usage.mkv,632de9ed55947761d56d4c6142a3cb1a1fe69d0b1a6d0e01a2e404c697962623,dfine_sahi,12200.0,monitor_or_bezel,0.7548,708.83,379.91,969.68,474.85,24765.2,260.85,94.94,2.747,False,,True,R-desk,7,evt_S-61_desk_work_surface_0001,590143951782a0e5,lap_bag_context,no_pose_observation,34560.0,1.33,,1,cam12/e1/v1,
oneshot2,03.CCTV Mobile Usage.mkv,632de9ed55947761d56d4c6142a3cb1a1fe69d0b1a6d0e01a2e404c697962623,dfine_sahi,12200.0,keyboard,0.6396,772.54,380.22,870.59,420.39,3939.1,98.05,40.17,2.441,False,,True,R-desk,7,evt_S-61_desk_work_surface_0001,590143951782a0e5,lap_bag_context,no_pose_observation,34560.0,1.33,,1,cam12/e1/v1,
oneshot2,03.CCTV Mobile Usage.mkv,632de9ed55947761d56d4c6142a3cb1a1fe69d0b1a6d0e01a2e404c697962623,dfine_sahi,12200.0,unknown_object,0.6304,699.93,411.25,871.59,506.3,16317.1,171.66,95.06,1.806,False,,True,R-desk,7,evt_S-61_desk_work_surface_0001,590143951782a0e5,lap_bag_context,no_pose_observation,34560.0,1.33,,1,cam12/e1/v1,
oneshot2,03.CCTV Mobile Usage.mkv,632de9ed55947761d56d4c6142a3cb1a1fe69d0b1a6d0e01a2e404c697962623,dfine_sahi,12200.0,keyboard,0.6225,962.8,452.25,1034.66,475.56,1675.1,71.86,23.31,3.083,False,,True,R-desk,7,evt_S-61_desk_work_surface_0001,590143951782a0e5,lap_bag_context,no_pose_observation,34560.0,1.33,,1,cam12/e1/v1,
oneshot2,03.CCTV Mobile Usage.mkv,632de9ed55947761d56d4c6142a3cb1a1fe69d0b1a6d0e01a2e404c697962623,dfine_sahi,12200.0,mouse,0.5362,865.33,413.73,891.65,435.43,571.2,26.33,21.69,1.214,False,,True,R-desk,7,evt_S-61_desk_work_surface_0001,590143951782a0e5,lap_bag_context,no_pose_observation,34560.0,1.33,,1,cam12/e1/v1,
oneshot2,03.CCTV Mobile Usage.mkv,632de9ed55947761d56d4c6142a3cb1a1fe69d0b1a6d0e01a2e404c697962623,dfine_sahi,12200.0,phone,0.502,1043.42,420.25,1113.56,474.19,3783.5,70.14,53.94,1.3,False,,True,R-desk,7,evt_S-61_desk_work_surface_0001,590143951782a0e5,lap_bag_context,no_pose_observation,34560.0,1.33,,1,cam12/e1/v1,
oneshot2,03.CCTV Mobile Usage.mkv,632de9ed55947761d56d4c6142a3cb1a1fe69d0b1a6d0e01a2e404c697962623,dfine_sahi,12200.0,keyboard,0.4259,802.41,396.23,870.38,420.7,1663.5,67.97,24.47,2.777,False,,True,R-desk,7,evt_S-61_desk_work_surface_0001,590143951782a0e5,lap_bag_context,no_pose_observation,34560.0,1.33,,1,cam12/e1/v1,
oneshot2,03.CCTV Mobile Usage.mkv,632de9ed55947761d56d4c6142a3cb1a1fe69d0b1a6d0e01a2e404c697962623,dfine_sahi,12200.0,unknown_object,0.419,700.01,396.25,758.88,490.74,5562.0,58.86,94.49,0.623,False,,True,R-desk,7,evt_S-61_desk_work_surface_0001,590143951782a0e5,lap_bag_context,no_pose_observation,34560.0,1.33,,1,cam12/e1/v1,
oneshot2,03.CCTV Mobile Usage.mkv,632de9ed55947761d56d4c6142a3cb1a1fe69d0b1a6d0e01a2e404c697962623,dfine_sahi,12200.0,unknown_object,0.4068,766.63,411.06,969.87,506.12,19319.4,203.24,95.06,2.138,False,,True,R-desk,7,evt_S-61_desk_work_surface_0001,590143951782a0e5,lap_bag_context,no_pose_observation,34560.0,1.33,,1,cam12/e1/v1,
oneshot2,03.CCTV Mobile Usage.mkv,632de9ed55947761d56d4c6142a3cb1a1fe69d0b1a6d0e01a2e404c697962623,dfine_sahi,12200.0,keyboard,0.3822,910.14,412.27,1091.85,506.27,17080.1,181.7,94.0,1.933,False,,True,R-desk,7,evt_S-61_desk_work_surface_0001,590143951782a0e5,lap_bag_context,no_pose_observation,34560.0,1.33,,1,cam12/e1/v1,
oneshot2,03.CCTV Mobile Usage.mkv,632de9ed55947761d56d4c6142a3cb1a1fe69d0b1a6d0e01a2e404c697962623,dfine_sahi,12200.0,monitor_or_bezel,0.3708,1019.35,395.54,1145.38,447.63,6564.5,126.03,52.09,2.42,False,,True,R-desk,7,evt_S-61_desk_work_surface_0001,590143951782a0e5,lap_bag_context,no_pose_observation,34560.0,1.33,,1,cam12/e1/v1,
oneshot2,03.CCTV Mobile Usage.mkv,632de9ed55947761d56d4c6142a3cb1a1fe69d0b1a6d0e01a2e404c697962623,dfine_sahi,12200.0,monitor_or_bezel,0.3169,735.83,395.53,1142.96,491.11,38914.7,407.13,95.58,4.259,False,,True,R-desk,7,evt_S-61_desk_work_surface_0001,590143951782a0e5,lap_bag_context,no_pose_observation,34560.0,1.33,,1,cam12/e1/v1,
oneshot2,03.CCTV Mobile Usage.mkv,632de9ed55947761d56d4c6142a3cb1a1fe69d0b1a6d0e01a2e404c697962623,dfine_sahi,12200.0,keyboard,0.3138,965.0,393.39,1115.98,475.05,12329.1,150.98,81.66,1.849,False,,True,R-desk,7,evt_S-61_desk_work_surface_0001,590143951782a0e5,lap_bag_context,no_pose_observation,34560.0,1.33,,1,cam12/e1/v1,
oneshot2,03.CCTV Mobile Usage.mkv,632de9ed55947761d56d4c6142a3cb1a1fe69d0b1a6d0e01a2e404c697962623,dfine_sahi,12200.0,unknown_object,0.2949,700.09,380.34,834.48,475.76,12823.9,134.39,95.42,1.408,False,,True,R-desk,7,evt_S-61_desk_work_surface_0001,590143951782a0e5,lap_bag_context,no_pose_observation,34560.0,1.33,,1,cam12/e1/v1,
oneshot2,03.CCTV Mobile Usage.mkv,632de9ed55947761d56d4c6142a3cb1a1fe69d0b1a6d0e01a2e404c697962623,dfine_sahi,12200.0,unknown_object,0.259,882.1,411.12,932.92,452.68,2112.5,50.82,41.57,1.223,False,,True,R-desk,7,evt_S-61_desk_work_surface_0001,590143951782a0e5,lap_bag_context,no_pose_observation,34560.0,1.33,,1,cam12/e1/v1,
oneshot2,03.CCTV Mobile Usage.mkv,632de9ed55947761d56d4c6142a3cb1a1fe69d0b1a6d0e01a2e404c697962623,dfine_sahi,12200.0,mouse,0.2566,966.92,398.36,992.04,410.52,305.6,25.12,12.16,2.065,False,,True,R-desk,7,evt_S-61_desk_work_surface_0001,590143951782a0e5,lap_bag_context,no_pose_observation,34560.0,1.33,,1,cam12/e1/v1,
oneshot2,03.CCTV Mobile Usage.mkv,632de9ed55947761d56d4c6142a3cb1a1fe69d0b1a6d0e01a2e404c697962623,dfine_sahi,12200.0,keyboard,0.2546,882.29,380.26,968.33,452.78,6239.6,86.03,72.52,1.186,False,,True,R-desk,7,evt_S-61_desk_work_surface_0001,590143951782a0e5,lap_bag_context,no_pose_observation,34560.0,1.33,,1,cam12/e1/v1,
oneshot2,03.CCTV Mobile Usage.mkv,632de9ed55947761d56d4c6142a3cb1a1fe69d0b1a6d0e01a2e404c697962623,dfine_sahi,12200.0,unknown_object,0.7803,89.04,388.39,184.92,483.39,9108.1,95.87,95.0,1.009,False,,True,S-61,1,evt_S-61_desk_work_surface_0001,d9e493aa82dc7fae,pose_hand_context,,26179.2,3.96,,1,cam12/e1/v1,rtmpose_baseline
oneshot2,03.CCTV Mobile Usage.mkv,632de9ed55947761d56d4c6142a3cb1a1fe69d0b1a6d0e01a2e404c697962623,dfine_sahi,12200.0,unknown_object,0.5713,45.78,509.25,84.88,553.8,1741.8,39.1,44.55,0.878,False,,True,S-61,1,evt_S-61_desk_work_surface_0001,d9e493aa82dc7fae,pose_hand_context,,26179.2,3.96,,1,cam12/e1/v1,rtmpose_baseline
oneshot2,03.CCTV Mobile Usage.mkv,632de9ed55947761d56d4c6142a3cb1a1fe69d0b1a6d0e01a2e404c697962623,dfine_sahi,12200.0,stationery,0.5307,100.25,476.49,162.05,529.52,3277.1,61.79,53.03,1.165,False,,True,S-61,1,evt_S-61_desk_work_surface_0001,d9e493aa82dc7fae,pose_hand_context,,26179.2,3.96,,1,cam12/e1/v1,rtmpose_baseline
oneshot2,03.CCTV Mobile Usage.mkv,632de9ed55947761d56d4c6142a3cb1a1fe69d0b1a6d0e01a2e404c697962623,dfine_sahi,12200.0,unknown_object,0.5213,18.05,388.21,113.93,483.54,9139.9,95.88,95.33,1.006,False,,True,S-61,1,evt_S-61_desk_work_surface_0001,d9e493aa82dc7fae,pose_hand_context,,26179.2,3.96,,1,cam12/e1/v1,rtmpose_baseline
oneshot2,03.CCTV Mobile Usage.mkv,632de9ed55947761d56d4c6142a3cb1a1fe69d0b1a6d0e01a2e404c697962623,dfine_sahi,12200.0,stationery,0.4999,43.06,443.69,72.49,471.52,819.0,29.43,27.83,1.057,False,,True,S-61,1,evt_S-61_desk_work_surface_0001,d9e493aa82dc7fae,pose_hand_context,,26179.2,3.96,,1,cam12/e1/v1,rtmpose_baseline
oneshot2,03.CCTV Mobile Usage.mkv,632de9ed55947761d56d4c6142a3cb1a1fe69d0b1a6d0e01a2e404c697962623,dfine_sahi,12200.0,stationery,0.494,20.99,492.72,182.84,552.42,9663.6,161.86,59.71,2.711,False,,True,S-61,1,evt_S-61_desk_work_surface_0001,d9e493aa82dc7fae,pose_hand_context,,26179.2,3.96,,1,cam12/e1/v1,rtmpose_baseline
oneshot2,03.CCTV Mobile Usage.mkv,632de9ed55947761d56d4c6142a3cb1a1fe69d0b1a6d0e01a2e404c697962623,dfine_sahi,12200.0,stationery,0.4578,21.12,443.03,79.45,497.59,3182.4,58.33,54.56,1.069,False,,True,S-61,1,evt_S-61_desk_work_surface_0001,d9e493aa82dc7fae,pose_hand_context,,26179.2,3.96,,1,cam12/e1/v1,rtmpose_baseline
oneshot2,03.CCTV Mobile Usage.mkv,632de9ed55947761d56d4c6142a3cb1a1fe69d0b1a6d0e01a2e404c697962623,dfine_sahi,12200.0,unknown_object,0.4296,88.96,459.34,184.94,554.55,9138.1,95.98,95.21,1.008,False,,True,S-61,1,evt_S-61_desk_work_surface_0001,d9e493aa82dc7fae,pose_hand_context,,26179.2,3.96,,1,cam12/e1/v1,rtmpose_baseline
oneshot2,03.CCTV Mobile Usage.mkv,632de9ed55947761d56d4c6142a3cb1a1fe69d0b1a6d0e01a2e404c697962623,dfine_sahi,12200.0,stationery,0.3943,79.78,404.77,151.78,496.14,6578.9,72.0,91.37,0.788,False,,True,S-61,1,evt_S-61_desk_work_surface_0001,d9e493aa82dc7fae,pose_hand_context,,26179.2,3.96,,1,cam12/e1/v1,rtmpose_baseline
oneshot2,03.CCTV Mobile Usage.mkv,632de9ed55947761d56d4c6142a3cb1a1fe69d0b1a6d0e01a2e404c697962623,dfine_sahi,12200.0,unknown_object,0.3504,89.08,459.06,161.02,498.61,2845.8,71.95,39.55,1.819,False,,True,S-61,1,evt_S-61_desk_work_surface_0001,d9e493aa82dc7fae,pose_hand_context,,26179.2,3.96,,1,cam12/e1/v1,rtmpose_baseline
oneshot2,03.CCTV Mobile Usage.mkv,632de9ed55947761d56d4c6142a3cb1a1fe69d0b1a6d0e01a2e404c697962623,dfine_sahi,12200.0,stationery,0.3254,128.89,446.03,160.88,491.38,1450.6,31.99,45.35,0.705,False,,True,S-61,1,evt_S-61_desk_work_surface_0001,d9e493aa82dc7fae,pose_hand_context,,26179.2,3.96,,1,cam12/e1/v1,rtmpose_baseline
oneshot2,03.CCTV Mobile Usage.mkv,632de9ed55947761d56d4c6142a3cb1a1fe69d0b1a6d0e01a2e404c697962623,dfine_sahi,12200.0,unknown_object,0.3165,18.02,459.16,113.94,554.68,9162.5,95.92,95.52,1.004,False,,True,S-61,1,evt_S-61_desk_work_surface_0001,d9e493aa82dc7fae,pose_hand_context,,26179.2,3.96,,1,cam12/e1/v1,rtmpose_baseline
oneshot2,03.CCTV Mobile Usage.mkv,632de9ed55947761d56d4c6142a3cb1a1fe69d0b1a6d0e01a2e404c697962623,dfine_sahi,12200.0,unknown_object,0.3013,89.05,527.04,184.97,554.84,2666.6,95.92,27.8,3.451,False,,True,S-61,1,evt_S-61_desk_work_surface_0001,d9e493aa82dc7fae,pose_hand_context,,26179.2,3.96,,1,cam12/e1/v1,rtmpose_baseline
oneshot2,03.CCTV Mobile Usage.mkv,632de9ed55947761d56d4c6142a3cb1a1fe69d0b1a6d0e01a2e404c697962623,dfine_sahi,12200.0,unknown_object,0.2999,18.16,459.09,113.84,499.0,3818.3,95.68,39.91,2.398,False,,True,S-61,1,evt_S-61_desk_work_surface_0001,d9e493aa82dc7fae,pose_hand_context,,26179.2,3.96,,1,cam12/e1/v1,rtmpose_baseline
oneshot2,03.CCTV Mobile Usage.mkv,632de9ed55947761d56d4c6142a3cb1a1fe69d0b1a6d0e01a2e404c697962623,dfine_sahi,12200.0,unknown_object,0.2685,42.87,442.89,73.0,471.0,847.0,30.13,28.11,1.072,False,,True,S-61,1,evt_S-61_desk_work_surface_0001,d9e493aa82dc7fae,pose_hand_context,,26179.2,3.96,,1,cam12/e1/v1,rtmpose_baseline
oneshot2,03.CCTV Mobile Usage.mkv,632de9ed55947761d56d4c6142a3cb1a1fe69d0b1a6d0e01a2e404c697962623,dfine_sahi,12200.0,unknown_object,0.2607,70.99,425.64,114.0,483.61,2493.1,43.01,57.97,0.742,False,,True,S-61,1,evt_S-61_desk_work_surface_0001,d9e493aa82dc7fae,pose_hand_context,,26179.2,3.96,,1,cam12/e1/v1,rtmpose_baseline
oneshot2,03.CCTV Mobile Usage.mkv,632de9ed55947761d56d4c6142a3cb1a1fe69d0b1a6d0e01a2e404c697962623,dfine_sahi,12200.0,unknown_object,0.2547,108.6,446.14,162.15,483.77,2015.3,53.56,37.63,1.423,False,,True,S-61,1,evt_S-61_desk_work_surface_0001,d9e493aa82dc7fae,pose_hand_context,,26179.2,3.96,,1,cam12/e1/v1,rtmpose_baseline
oneshot2,03.CCTV Mobile Usage.mkv,632de9ed55947761d56d4c6142a3cb1a1fe69d0b1a6d0e01a2e404c697962623,dfine_sahi,12200.0,bag,0.4795,211.32,222.57,246.92,308.53,3060.5,35.6,85.96,0.414,False,,True,S-61,2,evt_S-61_desk_work_surface_0001,f9214926523ed6ae,pose_hand_context,,32623.6,3.54,,1,cam12/e1/v1,rtmpose_baseline
oneshot2,03.CCTV Mobile Usage.mkv,632de9ed55947761d56d4c6142a3cb1a1fe69d0b1a6d0e01a2e404c697962623,dfine_sahi,12200.0,unknown_object,0.4394,160.09,289.34,261.77,390.34,10268.6,101.67,101.0,1.007,False,,True,S-61,2,evt_S-61_desk_work_surface_0001,f9214926523ed6ae,pose_hand_context,,32623.6,3.54,,1,cam12/e1/v1,rtmpose_baseline
oneshot2,03.CCTV Mobile Usage.mkv,632de9ed55947761d56d4c6142a3cb1a1fe69d0b1a6d0e01a2e404c697962623,dfine_sahi,12200.0,unknown_object,0.3969,203.81,293.53,340.8,389.77,13183.5,136.99,96.24,1.423,False,,True,S-61,2,evt_S-61_desk_work_surface_0001,f9214926523ed6ae,pose_hand_context,,32623.6,3.54,,1,cam12/e1/v1,rtmpose_baseline
oneshot2,03.CCTV Mobile Usage.mkv,632de9ed55947761d56d4c6142a3cb1a1fe69d0b1a6d0e01a2e404c697962623,dfine_sahi,12200.0,unknown_object,0.3076,211.31,222.8,235.93,307.42,2083.8,24.63,84.62,0.291,False,,True,S-61,2,evt_S-61_desk_work_surface_0001,f9214926523ed6ae,pose_hand_context,,32623.6,3.54,,1,cam12/e1/v1,rtmpose_baseline
oneshot2,03.CCTV Mobile Usage.mkv,632de9ed55947761d56d4c6142a3cb1a1fe69d0b1a6d0e01a2e404c697962623,dfine_sahi,12200.0,unknown_object,0.2988,239.0,296.45,257.4,350.96,1002.7,18.4,54.51,0.338,False,,True,S-61,2,evt_S-61_desk_work_surface_0001,f9214926523ed6ae,pose_hand_context,,32623.6,3.54,,1,cam12/e1/v1,rtmpose_baseline
oneshot2,03.CCTV Mobile Usage.mkv,632de9ed55947761d56d4c6142a3cb1a1fe69d0b1a6d0e01a2e404c697962623,dfine_sahi,12200.0,unknown_object,0.28,204.51,295.28,258.2,354.02,3153.2,53.69,58.73,0.914,False,,True,S-61,2,evt_S-61_desk_work_surface_0001,f9214926523ed6ae,pose_hand_context,,32623.6,3.54,,1,cam12/e1/v1,rtmpose_baseline
oneshot2,03.CCTV Mobile Usage.mkv,632de9ed55947761d56d4c6142a3cb1a1fe69d0b1a6d0e01a2e404c697962623,dfine_sahi,12700.0,unknown_object,0.6258,208.22,282.17,254.8,347.59,3047.4,46.58,65.43,0.712,False,,True,S-61,2,evt_S-61_desk_work_surface_0001,1f3041ccf4ecfadb,pose_hand_context,,34165.8,3.46,,1,cam12/e1/v1,rtmpose_baseline
oneshot2,03.CCTV Mobile Usage.mkv,632de9ed55947761d56d4c6142a3cb1a1fe69d0b1a6d0e01a2e404c697962623,dfine_sahi,12700.0,unknown_object,0.4182,232.03,282.05,335.92,346.9,6737.7,103.89,64.85,1.602,False,,True,S-61,2,evt_S-61_desk_work_surface_0001,1f3041ccf4ecfadb,pose_hand_context,,34165.8,3.46,,1,cam12/e1/v1,rtmpose_baseline
oneshot2,03.CCTV Mobile Usage.mkv,632de9ed55947761d56d4c6142a3cb1a1fe69d0b1a6d0e01a2e404c697962623,dfine_sahi,12700.0,unknown_object,0.4033,179.18,282.25,254.91,385.2,7795.8,75.73,102.94,0.736,False,,True,S-61,2,evt_S-61_desk_work_surface_0001,1f3041ccf4ecfadb,pose_hand_context,,34165.8,3.46,,1,cam12/e1/v1,rtmpose_baseline
oneshot2,03.CCTV Mobile Usage.mkv,632de9ed55947761d56d4c6142a3cb1a1fe69d0b1a6d0e01a2e404c697962623,dfine_sahi,12700.0,unknown_object,0.3581,232.0,282.15,269.37,345.04,2350.1,37.37,62.88,0.594,False,,True,S-61,2,evt_S-61_desk_work_surface_0001,1f3041ccf4ecfadb,pose_hand_context,,34165.8,3.46,,1,cam12/e1/v1,rtmpose_baseline
oneshot2,03.CCTV Mobile Usage.mkv,632de9ed55947761d56d4c6142a3cb1a1fe69d0b1a6d0e01a2e404c697962623,dfine_sahi,12700.0,stationery,0.3238,204.07,224.11,234.9,299.29,2317.4,30.82,75.18,0.41,False,,True,S-61,2,evt_S-61_desk_work_surface_0001,1f3041ccf4ecfadb,pose_hand_context,,34165.8,3.46,,1,cam12/e1/v1,rtmpose_baseline
oneshot2,03.CCTV Mobile Usage.mkv,632de9ed55947761d56d4c6142a3cb1a1fe69d0b1a6d0e01a2e404c697962623,dfine_sahi,12700.0,unknown_object,0.312,180.49,293.84,335.84,384.62,14102.7,155.35,90.78,1.711,False,,True,S-61,2,evt_S-61_desk_work_surface_0001,1f3041ccf4ecfadb,pose_hand_context,,34165.8,3.46,,1,cam12/e1/v1,rtmpose_baseline
oneshot2,03.CCTV Mobile Usage.mkv,632de9ed55947761d56d4c6142a3cb1a1fe69d0b1a6d0e01a2e404c697962623,dfine_sahi,12700.0,unknown_object,0.296,232.09,225.53,251.91,302.99,1535.1,19.82,77.46,0.256,False,,True,S-61,2,evt_S-61_desk_work_surface_0001,1f3041ccf4ecfadb,pose_hand_context,,34165.8,3.46,,1,cam12/e1/v1,rtmpose_baseline
oneshot2,03.CCTV Mobile Usage.mkv,632de9ed55947761d56d4c6142a3cb1a1fe69d0b1a6d0e01a2e404c697962623,dfine_sahi,12700.0,unknown_object,0.2821,232.0,202.2,274.95,302.87,4324.2,42.95,100.67,0.427,False,,True,S-61,2,evt_S-61_desk_work_surface_0001,1f3041ccf4ecfadb,pose_hand_context,,34165.8,3.46,,1,cam12/e1/v1,rtmpose_baseline
oneshot2,03.CCTV Mobile Usage.mkv,632de9ed55947761d56d4c6142a3cb1a1fe69d0b1a6d0e01a2e404c697962623,dfine_sahi,12700.0,unknown_object,0.693,44.6,506.5,85.59,554.91,1984.3,40.99,48.41,0.847,False,,True,S-61,1,evt_S-61_desk_work_surface_0001,4da4af0040eee7f8,pose_hand_context,,26771.5,3.91,,1,cam12/e1/v1,rtmpose_baseline
oneshot2,03.CCTV Mobile Usage.mkv,632de9ed55947761d56d4c6142a3cb1a1fe69d0b1a6d0e01a2e404c697962623,dfine_sahi,12700.0,stationery,0.6678,16.94,415.09,101.63,498.59,7071.1,84.68,83.5,1.014,False,,True,S-61,1,evt_S-61_desk_work_surface_0001,4da4af0040eee7f8,pose_hand_context,,26771.5,3.91,,1,cam12/e1/v1,rtmpose_baseline
oneshot2,03.CCTV Mobile Usage.mkv,632de9ed55947761d56d4c6142a3cb1a1fe69d0b1a6d0e01a2e404c697962623,dfine_sahi,12700.0,unknown_object,0.573,15.0,390.2,110.87,485.48,9133.7,95.87,95.28,1.006,False,,True,S-61,1,evt_S-61_desk_work_surface_0001,4da4af0040eee7f8,pose_hand_context,,26771.5,3.91,,1,cam12/e1/v1,rtmpose_baseline
oneshot2,03.CCTV Mobile Usage.mkv,632de9ed55947761d56d4c6142a3cb1a1fe69d0b1a6d0e01a2e404c697962623,dfine_sahi,12700.0,unknown_object,0.4848,86.04,390.49,181.69,485.39,9077.6,95.65,94.91,1.008,False,,True,S-61,1,evt_S-61_desk_work_surface_0001,4da4af0040eee7f8,pose_hand_context,,26771.5,3.91,,1,cam12/e1/v1,rtmpose_baseline
oneshot2,03.CCTV Mobile Usage.mkv,632de9ed55947761d56d4c6142a3cb1a1fe69d0b1a6d0e01a2e404c697962623,dfine_sahi,12700.0,stationery,0.4537,43.03,443.84,71.91,471.22,790.8,28.88,27.38,1.055,False,,True,S-61,1,evt_S-61_desk_work_surface_0001,4da4af0040eee7f8,pose_hand_context,,26771.5,3.91,,1,cam12/e1/v1,rtmpose_baseline
oneshot2,03.CCTV Mobile Usage.mkv,632de9ed55947761d56d4c6142a3cb1a1fe69d0b1a6d0e01a2e404c697962623,dfine_sahi,12700.0,unknown_object,0.4373,86.05,462.07,158.68,498.66,2657.5,72.63,36.59,1.985,False,,True,S-61,1,evt_S-61_desk_work_surface_0001,4da4af0040eee7f8,pose_hand_context,,26771.5,3.91,,1,cam12/e1/v1,rtmpose_baseline
oneshot2,03.CCTV Mobile Usage.mkv,632de9ed55947761d56d4c6142a3cb1a1fe69d0b1a6d0e01a2e404c697962623,dfine_sahi,12700.0,stationery,0.4137,100.29,478.46,160.44,531.68,3201.6,60.15,53.23,1.13,False,,True,S-61,1,evt_S-61_desk_work_surface_0001,4da4af0040eee7f8,pose_hand_context,,26771.5,3.91,,1,cam12/e1/v1,rtmpose_baseline
oneshot2,03.CCTV Mobile Usage.mkv,632de9ed55947761d56d4c6142a3cb1a1fe69d0b1a6d0e01a2e404c697962623,dfine_sahi,12700.0,stationery,0.3928,17.08,478.77,179.78,555.65,12507.6,162.7,76.88,2.116,False,,True,S-61,1,evt_S-61_desk_work_surface_0001,4da4af0040eee7f8,pose_hand_context,,26771.5,3.91,,1,cam12/e1/v1,rtmpose_baseline
oneshot2,03.CCTV Mobile Usage.mkv,632de9ed55947761d56d4c6142a3cb1a1fe69d0b1a6d0e01a2e404c697962623,dfine_sahi,12700.0,stationery,0.3759,83.39,418.29,149.81,496.41,5188.5,66.42,78.12,0.85,False,,True,S-61,1,evt_S-61_desk_work_surface_0001,4da4af0040eee7f8,pose_hand_context,,26771.5,3.91,,1,cam12/e1/v1,rtmpose_baseline
oneshot2,03.CCTV Mobile Usage.mkv,632de9ed55947761d56d4c6142a3cb1a1fe69d0b1a6d0e01a2e404c697962623,dfine_sahi,12700.0,unknown_object,0.3453,15.1,462.18,110.99,557.22,9113.6,95.89,95.04,1.009,False,,True,S-61,1,evt_S-61_desk_work_surface_0001,4da4af0040eee7f8,pose_hand_context,,26771.5,3.91,,1,cam12/e1/v1,rtmpose_baseline
oneshot2,03.CCTV Mobile Usage.mkv,632de9ed55947761d56d4c6142a3cb1a1fe69d0b1a6d0e01a2e404c697962623,dfine_sahi,12700.0,unknown_object,0.3365,85.99,462.21,181.95,557.61,9154.5,95.96,95.4,1.006,False,,True,S-61,1,evt_S-61_desk_work_surface_0001,4da4af0040eee7f8,pose_hand_context,,26771.5,3.91,,1,cam12/e1/v1,rtmpose_baseline
oneshot2,03.CCTV Mobile Usage.mkv,632de9ed55947761d56d4c6142a3cb1a1fe69d0b1a6d0e01a2e404c697962623,dfine_sahi,12700.0,unknown_object,0.3187,16.81,392.13,180.06,555.34,26644.7,163.25,163.21,1.0,False,,True,S-61,1,evt_S-61_desk_work_surface_0001,4da4af0040eee7f8,pose_hand_context,,26771.5,3.91,,1,cam12/e1/v1,rtmpose_baseline
oneshot2,03.CCTV Mobile Usage.mkv,632de9ed55947761d56d4c6142a3cb1a1fe69d0b1a6d0e01a2e404c697962623,dfine_sahi,12700.0,unknown_object,0.3066,15.18,462.04,110.87,500.4,3670.7,95.69,38.36,2.494,False,,True,S-61,1,evt_S-61_desk_work_surface_0001,4da4af0040eee7f8,pose_hand_context,,26771.5,3.91,,1,cam12/e1/v1,rtmpose_baseline
oneshot2,03.CCTV Mobile Usage.mkv,632de9ed55947761d56d4c6142a3cb1a1fe69d0b1a6d0e01a2e404c697962623,dfine_sahi,12700.0,unknown_object,0.2972,42.81,443.28,72.54,470.88,820.3,29.73,27.59,1.077,False,,True,S-61,1,evt_S-61_desk_work_surface_0001,4da4af0040eee7f8,pose_hand_context,,26771.5,3.91,,1,cam12/e1/v1,rtmpose_baseline
oneshot2,03.CCTV Mobile Usage.mkv,632de9ed55947761d56d4c6142a3cb1a1fe69d0b1a6d0e01a2e404c697962623,dfine_sahi,12700.0,unknown_object,0.2901,100.15,445.78,159.03,485.67,2349.3,58.89,39.89,1.476,False,,True,S-61,1,evt_S-61_desk_work_surface_0001,4da4af0040eee7f8,pose_hand_context,,26771.5,3.91,,1,cam12/e1/v1,rtmpose_baseline
oneshot2,03.CCTV Mobile Usage.mkv,632de9ed55947761d56d4c6142a3cb1a1fe69d0b1a6d0e01a2e404c697962623,dfine_sahi,12700.0,unknown_object,0.2805,145.05,431.21,181.9,485.47,1998.9,36.85,54.25,0.679,False,,True,S-61,1,evt_S-61_desk_work_surface_0001,4da4af0040eee7f8,pose_hand_context,,26771.5,3.91,,1,cam12/e1/v1,rtmpose_baseline
oneshot2,03.CCTV Mobile Usage.mkv,632de9ed55947761d56d4c6142a3cb1a1fe69d0b1a6d0e01a2e404c697962623,dfine_sahi,12700.0,unknown_object,0.2733,87.04,417.43,147.03,485.06,4057.1,59.98,67.64,0.887,False,,True,S-61,1,evt_S-61_desk_work_surface_0001,4da4af0040eee7f8,pose_hand_context,,26771.5,3.91,,1,cam12/e1/v1,rtmpose_baseline
oneshot2,03.CCTV Mobile Usage.mkv,632de9ed55947761d56d4c6142a3cb1a1fe69d0b1a6d0e01a2e404c697962623,dfine_sahi,12700.0,stationery,0.2584,43.55,506.11,90.56,554.91,2293.7,47.0,48.8,0.963,False,,True,S-61,1,evt_S-61_desk_work_surface_0001,4da4af0040eee7f8,pose_hand_context,,26771.5,3.91,,1,cam12/e1/v1,rtmpose_baseline
oneshot2,03.CCTV Mobile Usage.mkv,632de9ed55947761d56d4c6142a3cb1a1fe69d0b1a6d0e01a2e404c697962623,dfine_sahi,12700.0,stationery,0.2505,127.81,445.39,158.05,490.1,1352.2,30.24,44.71,0.676,False,,True,S-61,1,evt_S-61_desk_work_surface_0001,4da4af0040eee7f8,pose_hand_context,,26771.5,3.91,,1,cam12/e1/v1,rtmpose_baseline
oneshot2,03.CCTV Mobile Usage.mkv,632de9ed55947761d56d4c6142a3cb1a1fe69d0b1a6d0e01a2e404c697962623,dfine_sahi,12700.0,keyboard,0.894,962.1,451.9,1067.92,491.45,4185.1,105.83,39.55,2.676,False,,True,R-desk,5,evt_S-61_desk_work_surface_0001,968235d01208b21f,lap_bag_context,no_pose_observation,34560.0,1.33,,1,cam12/e1/v1,
oneshot2,03.CCTV Mobile Usage.mkv,632de9ed55947761d56d4c6142a3cb1a1fe69d0b1a6d0e01a2e404c697962623,dfine_sahi,12700.0,monitor_or_bezel,0.7704,910.05,411.11,1140.77,506.4,21985.2,230.72,95.29,2.421,False,,True,R-desk,5,evt_S-61_desk_work_surface_0001,968235d01208b21f,lap_bag_context,no_pose_observation,34560.0,1.33,,1,cam12/e1/v1,
oneshot2,03.CCTV Mobile Usage.mkv,632de9ed55947761d56d4c6142a3cb1a1fe69d0b1a6d0e01a2e404c697962623,dfine_sahi,12700.0,monitor_or_bezel,0.7415,963.79,380.39,1152.82,475.21,17925.6,189.04,94.83,1.994,False,,True,R-desk,5,evt_S-61_desk_work_surface_0001,968235d01208b21f,lap_bag_context,no_pose_observation,34560.0,1.33,,1,cam12/e1/v1,
oneshot2,03.CCTV Mobile Usage.mkv,632de9ed55947761d56d4c6142a3cb1a1fe69d0b1a6d0e01a2e404c697962623,dfine_sahi,12700.0,monitor_or_bezel,0.7017,707.0,379.91,969.69,474.94,24964.2,262.7,95.03,2.764,False,,True,R-desk,5,evt_S-61_desk_work_surface_0001,968235d01208b21f,lap_bag_context,no_pose_observation,34560.0,1.33,,1,cam12/e1/v1,
oneshot2,03.CCTV Mobile Usage.mkv,632de9ed55947761d56d4c6142a3cb1a1fe69d0b1a6d0e01a2e404c697962623,dfine_sahi,12700.0,keyboard,0.6368,772.62,380.23,871.14,420.4,3956.9,98.52,40.16,2.453,False,,True,R-desk,5,evt_S-61_desk_work_surface_0001,968235d01208b21f,lap_bag_context,no_pose_observation,34560.0,1.33,,1,cam12/e1/v1,
oneshot2,03.CCTV Mobile Usage.mkv,632de9ed55947761d56d4c6142a3cb1a1fe69d0b1a6d0e01a2e404c697962623,dfine_sahi,12700.0,keyboard,0.626,962.63,452.36,1035.08,475.63,1686.1,72.45,23.27,3.113,False,,True,R-desk,5,evt_S-61_desk_work_surface_0001,968235d01208b21f,lap_bag_context,no_pose_observation,34560.0,1.33,,1,cam12/e1/v1,
oneshot2,03.CCTV Mobile Usage.mkv,632de9ed55947761d56d4c6142a3cb1a1fe69d0b1a6d0e01a2e404c697962623,dfine_sahi,12700.0,unknown_object,0.6223,699.91,396.23,849.49,492.42,14387.6,149.57,96.19,1.555,False,,True,R-desk,5,evt_S-61_desk_work_surface_0001,968235d01208b21f,lap_bag_context,no_pose_observation,34560.0,1.33,,1,cam12/e1/v1,
oneshot2,03.CCTV Mobile Usage.mkv,632de9ed55947761d56d4c6142a3cb1a1fe69d0b1a6d0e01a2e404c697962623,dfine_sahi,12700.0,mouse,0.5609,865.43,413.69,891.29,435.25,557.7,25.86,21.56,1.2,False,,True,R-desk,5,evt_S-61_desk_work_surface_0001,968235d01208b21f,lap_bag_context,no_pose_observation,34560.0,1.33,,1,cam12/e1/v1,
oneshot2,03.CCTV Mobile Usage.mkv,632de9ed55947761d56d4c6142a3cb1a1fe69d0b1a6d0e01a2e404c697962623,dfine_sahi,12700.0,unknown_object,0.5153,769.06,411.0,969.84,505.95,19064.3,200.79,94.95,2.115,False,,True,R-desk,5,evt_S-61_desk_work_surface_0001,968235d01208b21f,lap_bag_context,no_pose_observation,34560.0,1.33,,1,cam12/e1/v1,
oneshot2,03.CCTV Mobile Usage.mkv,632de9ed55947761d56d4c6142a3cb1a1fe69d0b1a6d0e01a2e404c697962623,dfine_sahi,12700.0,phone,0.4329,1043.38,421.52,1113.16,473.57,3632.0,69.78,52.05,1.341,False,,True,R-desk,5,evt_S-61_desk_work_surface_0001,968235d01208b21f,lap_bag_context,no_pose_observation,34560.0,1.33,,1,cam12/e1/v1,
oneshot2,03.CCTV Mobile Usage.mkv,632de9ed55947761d56d4c6142a3cb1a1fe69d0b1a6d0e01a2e404c697962623,dfine_sahi,12700.0,keyboard,0.4237,802.46,396.22,870.9,420.71,1675.7,68.44,24.48,2.795,False,,True,R-desk,5,evt_S-61_desk_work_surface_0001,968235d01208b21f,lap_bag_context,no_pose_observation,34560.0,1.33,,1,cam12/e1/v1,
oneshot2,03.CCTV Mobile Usage.mkv,632de9ed55947761d56d4c6142a3cb1a1fe69d0b1a6d0e01a2e404c697962623,dfine_sahi,12700.0,unknown_object,0.4019,699.97,396.22,757.52,491.04,5456.4,57.55,94.82,0.607,False,,True,R-desk,5,evt_S-61_desk_work_surface_0001,968235d01208b21f,lap_bag_context,no_pose_observation,34560.0,1.33,,1,cam12/e1/v1,
oneshot2,03.CCTV Mobile Usage.mkv,632de9ed55947761d56d4c6142a3cb1a1fe69d0b1a6d0e01a2e404c697962623,dfine_sahi,12700.0,monitor_or_bezel,0.3892,1019.66,395.52,1145.06,446.55,6399.4,125.4,51.03,2.457,False,,True,R-desk,5,evt_S-61_desk_work_surface_0001,968235d01208b21f,lap_bag_context,no_pose_observation,34560.0,1.33,,1,cam12/e1/v1,
oneshot2,03.CCTV Mobile Usage.mkv,632de9ed55947761d56d4c6142a3cb1a1fe69d0b1a6d0e01a2e404c697962623,dfine_sahi,12700.0,keyboard,0.3418,910.14,412.13,1092.2,506.31,17145.9,182.06,94.18,1.933,False,,True,R-desk,5,evt_S-61_desk_work_surface_0001,968235d01208b21f,lap_bag_context,no_pose_observation,34560.0,1.33,,1,cam12/e1/v1,
oneshot2,03.CCTV Mobile Usage.mkv,632de9ed55947761d56d4c6142a3cb1a1fe69d0b1a6d0e01a2e404c697962623,dfine_sahi,12700.0,unknown_object,0.3256,882.06,411.12,932.43,452.77,2097.6,50.37,41.64,1.209,False,,True,R-desk,5,evt_S-61_desk_work_surface_0001,968235d01208b21f,lap_bag_context,no_pose_observation,34560.0,1.33,,1,cam12/e1/v1,
oneshot2,03.CCTV Mobile Usage.mkv,632de9ed55947761d56d4c6142a3cb1a1fe69d0b1a6d0e01a2e404c697962623,dfine_sahi,12700.0,keyboard,0.3233,965.98,396.21,1096.59,475.06,10299.0,130.61,78.85,1.656,False,,True,R-desk,5,evt_S-61_desk_work_surface_0001,968235d01208b21f,lap_bag_context,no_pose_observation,34560.0,1.33,,1,cam12/e1/v1,
oneshot2,03.CCTV Mobile Usage.mkv,632de9ed55947761d56d4c6142a3cb1a1fe69d0b1a6d0e01a2e404c697962623,dfine_sahi,12700.0,unknown_object,0.3092,736.55,395.62,1140.16,491.17,38565.1,403.61,95.55,4.224,False,,True,R-desk,5,evt_S-61_desk_work_surface_0001,968235d01208b21f,lap_bag_context,no_pose_observation,34560.0,1.33,,1,cam12/e1/v1,
oneshot2,03.CCTV Mobile Usage.mkv,632de9ed55947761d56d4c6142a3cb1a1fe69d0b1a6d0e01a2e404c697962623,dfine_sahi,12700.0,unknown_object,0.2767,881.3,411.54,969.9,505.58,8331.2,88.6,94.03,0.942,False,,True,R-desk,5,evt_S-61_desk_work_surface_0001,968235d01208b21f,lap_bag_context,no_pose_observation,34560.0,1.33,,1,cam12/e1/v1,
oneshot2,03.CCTV Mobile Usage.mkv,632de9ed55947761d56d4c6142a3cb1a1fe69d0b1a6d0e01a2e404c697962623,dfine_sahi,12700.0,mouse,0.2733,966.85,398.32,992.32,410.44,308.6,25.46,12.12,2.101,False,,True,R-desk,5,evt_S-61_desk_work_surface_0001,968235d01208b21f,lap_bag_context,no_pose_observation,34560.0,1.33,,1,cam12/e1/v1,
oneshot2,03.CCTV Mobile Usage.mkv,632de9ed55947761d56d4c6142a3cb1a1fe69d0b1a6d0e01a2e404c697962623,dfine_sahi,12700.0,keyboard,0.2603,882.33,380.23,968.97,453.05,6309.5,86.65,72.82,1.19,False,,True,R-desk,5,evt_S-61_desk_work_surface_0001,968235d01208b21f,lap_bag_context,no_pose_observation,34560.0,1.33,,1,cam12/e1/v1,
oneshot2,03.CCTV Mobile Usage.mkv,632de9ed55947761d56d4c6142a3cb1a1fe69d0b1a6d0e01a2e404c697962623,dfine_sahi,12700.0,unknown_object,0.2557,910.47,411.12,1177.79,506.5,25496.8,267.32,95.38,2.803,False,,True,R-desk,5,evt_S-61_desk_work_surface_0001,968235d01208b21f,lap_bag_context,no_pose_observation,34560.0,1.33,,1,cam12/e1/v1,
oneshot2,03.CCTV Mobile Usage.mkv,632de9ed55947761d56d4c6142a3cb1a1fe69d0b1a6d0e01a2e404c697962623,dfine_sahi,12700.0,keyboard,0.894,962.1,451.9,1067.92,491.45,4185.1,105.83,39.55,2.676,False,,True,R-desk,6,evt_S-61_desk_work_surface_0001,968235d01208b21f,lap_bag_context,no_pose_observation,34560.0,1.33,,1,cam12/e1/v1,
oneshot2,03.CCTV Mobile Usage.mkv,632de9ed55947761d56d4c6142a3cb1a1fe69d0b1a6d0e01a2e404c697962623,dfine_sahi,12700.0,monitor_or_bezel,0.7704,910.05,411.11,1140.77,506.4,21985.2,230.72,95.29,2.421,False,,True,R-desk,6,evt_S-61_desk_work_surface_0001,968235d01208b21f,lap_bag_context,no_pose_observation,34560.0,1.33,,1,cam12/e1/v1,
oneshot2,03.CCTV Mobile Usage.mkv,632de9ed55947761d56d4c6142a3cb1a1fe69d0b1a6d0e01a2e404c697962623,dfine_sahi,12700.0,monitor_or_bezel,0.7415,963.79,380.39,1152.82,475.21,17925.6,189.04,94.83,1.994,False,,True,R-desk,6,evt_S-61_desk_work_surface_0001,968235d01208b21f,lap_bag_context,no_pose_observation,34560.0,1.33,,1,cam12/e1/v1,
oneshot2,03.CCTV Mobile Usage.mkv,632de9ed55947761d56d4c6142a3cb1a1fe69d0b1a6d0e01a2e404c697962623,dfine_sahi,12700.0,monitor_or_bezel,0.7017,707.0,379.91,969.69,474.94,24964.2,262.7,95.03,2.764,False,,True,R-desk,6,evt_S-61_desk_work_surface_0001,968235d01208b21f,lap_bag_context,no_pose_observation,34560.0,1.33,,1,cam12/e1/v1,
oneshot2,03.CCTV Mobile Usage.mkv,632de9ed55947761d56d4c6142a3cb1a1fe69d0b1a6d0e01a2e404c697962623,dfine_sahi,12700.0,keyboard,0.6368,772.62,380.23,871.14,420.4,3956.9,98.52,40.16,2.453,False,,True,R-desk,6,evt_S-61_desk_work_surface_0001,968235d01208b21f,lap_bag_context,no_pose_observation,34560.0,1.33,,1,cam12/e1/v1,
oneshot2,03.CCTV Mobile Usage.mkv,632de9ed55947761d56d4c6142a3cb1a1fe69d0b1a6d0e01a2e404c697962623,dfine_sahi,12700.0,keyboard,0.626,962.63,452.36,1035.08,475.63,1686.1,72.45,23.27,3.113,False,,True,R-desk,6,evt_S-61_desk_work_surface_0001,968235d01208b21f,lap_bag_context,no_pose_observation,34560.0,1.33,,1,cam12/e1/v1,
oneshot2,03.CCTV Mobile Usage.mkv,632de9ed55947761d56d4c6142a3cb1a1fe69d0b1a6d0e01a2e404c697962623,dfine_sahi,12700.0,unknown_object,0.6223,699.91,396.23,849.49,492.42,14387.6,149.57,96.19,1.555,False,,True,R-desk,6,evt_S-61_desk_work_surface_0001,968235d01208b21f,lap_bag_context,no_pose_observation,34560.0,1.33,,1,cam12/e1/v1,
oneshot2,03.CCTV Mobile Usage.mkv,632de9ed55947761d56d4c6142a3cb1a1fe69d0b1a6d0e01a2e404c697962623,dfine_sahi,12700.0,mouse,0.5609,865.43,413.69,891.29,435.25,557.7,25.86,21.56,1.2,False,,True,R-desk,6,evt_S-61_desk_work_surface_0001,968235d01208b21f,lap_bag_context,no_pose_observation,34560.0,1.33,,1,cam12/e1/v1,
oneshot2,03.CCTV Mobile Usage.mkv,632de9ed55947761d56d4c6142a3cb1a1fe69d0b1a6d0e01a2e404c697962623,dfine_sahi,12700.0,unknown_object,0.5153,769.06,411.0,969.84,505.95,19064.3,200.79,94.95,2.115,False,,True,R-desk,6,evt_S-61_desk_work_surface_0001,968235d01208b21f,lap_bag_context,no_pose_observation,34560.0,1.33,,1,cam12/e1/v1,
oneshot2,03.CCTV Mobile Usage.mkv,632de9ed55947761d56d4c6142a3cb1a1fe69d0b1a6d0e01a2e404c697962623,dfine_sahi,12700.0,phone,0.4329,1043.38,421.52,1113.16,473.57,3632.0,69.78,52.05,1.341,False,,True,R-desk,6,evt_S-61_desk_work_surface_0001,968235d01208b21f,lap_bag_context,no_pose_observation,34560.0,1.33,,1,cam12/e1/v1,
oneshot2,03.CCTV Mobile Usage.mkv,632de9ed55947761d56d4c6142a3cb1a1fe69d0b1a6d0e01a2e404c697962623,dfine_sahi,12700.0,keyboard,0.4237,802.46,396.22,870.9,420.71,1675.7,68.44,24.48,2.795,False,,True,R-desk,6,evt_S-61_desk_work_surface_0001,968235d01208b21f,lap_bag_context,no_pose_observation,34560.0,1.33,,1,cam12/e1/v1,
oneshot2,03.CCTV Mobile Usage.mkv,632de9ed55947761d56d4c6142a3cb1a1fe69d0b1a6d0e01a2e404c697962623,dfine_sahi,12700.0,unknown_object,0.4019,699.97,396.22,757.52,491.04,5456.4,57.55,94.82,0.607,False,,True,R-desk,6,evt_S-61_desk_work_surface_0001,968235d01208b21f,lap_bag_context,no_pose_observation,34560.0,1.33,,1,cam12/e1/v1,
oneshot2,03.CCTV Mobile Usage.mkv,632de9ed55947761d56d4c6142a3cb1a1fe69d0b1a6d0e01a2e404c697962623,dfine_sahi,12700.0,monitor_or_bezel,0.3892,1019.66,395.52,1145.06,446.55,6399.4,125.4,51.03,2.457,False,,True,R-desk,6,evt_S-61_desk_work_surface_0001,968235d01208b21f,lap_bag_context,no_pose_observation,34560.0,1.33,,1,cam12/e1/v1,
oneshot2,03.CCTV Mobile Usage.mkv,632de9ed55947761d56d4c6142a3cb1a1fe69d0b1a6d0e01a2e404c697962623,dfine_sahi,12700.0,keyboard,0.3418,910.14,412.13,1092.2,506.31,17145.9,182.06,94.18,1.933,False,,True,R-desk,6,evt_S-61_desk_work_surface_0001,968235d01208b21f,lap_bag_context,no_pose_observation,34560.0,1.33,,1,cam12/e1/v1,
oneshot2,03.CCTV Mobile Usage.mkv,632de9ed55947761d56d4c6142a3cb1a1fe69d0b1a6d0e01a2e404c697962623,dfine_sahi,12700.0,unknown_object,0.3256,882.06,411.12,932.43,452.77,2097.6,50.37,41.64,1.209,False,,True,R-desk,6,evt_S-61_desk_work_surface_0001,968235d01208b21f,lap_bag_context,no_pose_observation,34560.0,1.33,,1,cam12/e1/v1,
oneshot2,03.CCTV Mobile Usage.mkv,632de9ed55947761d56d4c6142a3cb1a1fe69d0b1a6d0e01a2e404c697962623,dfine_sahi,12700.0,keyboard,0.3233,965.98,396.21,1096.59,475.06,10299.0,130.61,78.85,1.656,False,,True,R-desk,6,evt_S-61_desk_work_surface_0001,968235d01208b21f,lap_bag_context,no_pose_observation,34560.0,1.33,,1,cam12/e1/v1,
oneshot2,03.CCTV Mobile Usage.mkv,632de9ed55947761d56d4c6142a3cb1a1fe69d0b1a6d0e01a2e404c697962623,dfine_sahi,12700.0,unknown_object,0.3092,736.55,395.62,1140.16,491.17,38565.1,403.61,95.55,4.224,False,,True,R-desk,6,evt_S-61_desk_work_surface_0001,968235d01208b21f,lap_bag_context,no_pose_observation,34560.0,1.33,,1,cam12/e1/v1,
oneshot2,03.CCTV Mobile Usage.mkv,632de9ed55947761d56d4c6142a3cb1a1fe69d0b1a6d0e01a2e404c697962623,dfine_sahi,12700.0,unknown_object,0.2767,881.3,411.54,969.9,505.58,8331.2,88.6,94.03,0.942,False,,True,R-desk,6,evt_S-61_desk_work_surface_0001,968235d01208b21f,lap_bag_context,no_pose_observation,34560.0,1.33,,1,cam12/e1/v1,
oneshot2,03.CCTV Mobile Usage.mkv,632de9ed55947761d56d4c6142a3cb1a1fe69d0b1a6d0e01a2e404c697962623,dfine_sahi,12700.0,mouse,0.2733,966.85,398.32,992.32,410.44,308.6,25.46,12.12,2.101,False,,True,R-desk,6,evt_S-61_desk_work_surface_0001,968235d01208b21f,lap_bag_context,no_pose_observation,34560.0,1.33,,1,cam12/e1/v1,
oneshot2,03.CCTV Mobile Usage.mkv,632de9ed55947761d56d4c6142a3cb1a1fe69d0b1a6d0e01a2e404c697962623,dfine_sahi,12700.0,keyboard,0.2603,882.33,380.23,968.97,453.05,6309.5,86.65,72.82,1.19,False,,True,R-desk,6,evt_S-61_desk_work_surface_0001,968235d01208b21f,lap_bag_context,no_pose_observation,34560.0,1.33,,1,cam12/e1/v1,
oneshot2,03.CCTV Mobile Usage.mkv,632de9ed55947761d56d4c6142a3cb1a1fe69d0b1a6d0e01a2e404c697962623,dfine_sahi,12700.0,unknown_object,0.2557,910.47,411.12,1177.79,506.5,25496.8,267.32,95.38,2.803,False,,True,R-desk,6,evt_S-61_desk_work_surface_0001,968235d01208b21f,lap_bag_context,no_pose_observation,34560.0,1.33,,1,cam12/e1/v1,
oneshot2,03.CCTV Mobile Usage.mkv,632de9ed55947761d56d4c6142a3cb1a1fe69d0b1a6d0e01a2e404c697962623,dfine_sahi,12700.0,keyboard,0.894,962.1,451.9,1067.92,491.45,4185.1,105.83,39.55,2.676,False,,True,R-desk,7,evt_S-61_desk_work_surface_0001,968235d01208b21f,lap_bag_context,no_pose_observation,34560.0,1.33,,1,cam12/e1/v1,
oneshot2,03.CCTV Mobile Usage.mkv,632de9ed55947761d56d4c6142a3cb1a1fe69d0b1a6d0e01a2e404c697962623,dfine_sahi,12700.0,monitor_or_bezel,0.7704,910.05,411.11,1140.77,506.4,21985.2,230.72,95.29,2.421,False,,True,R-desk,7,evt_S-61_desk_work_surface_0001,968235d01208b21f,lap_bag_context,no_pose_observation,34560.0,1.33,,1,cam12/e1/v1,
oneshot2,03.CCTV Mobile Usage.mkv,632de9ed55947761d56d4c6142a3cb1a1fe69d0b1a6d0e01a2e404c697962623,dfine_sahi,12700.0,monitor_or_bezel,0.7415,963.79,380.39,1152.82,475.21,17925.6,189.04,94.83,1.994,False,,True,R-desk,7,evt_S-61_desk_work_surface_0001,968235d01208b21f,lap_bag_context,no_pose_observation,34560.0,1.33,,1,cam12/e1/v1,
oneshot2,03.CCTV Mobile Usage.mkv,632de9ed55947761d56d4c6142a3cb1a1fe69d0b1a6d0e01a2e404c697962623,dfine_sahi,12700.0,monitor_or_bezel,0.7017,707.0,379.91,969.69,474.94,24964.2,262.7,95.03,2.764,False,,True,R-desk,7,evt_S-61_desk_work_surface_0001,968235d01208b21f,lap_bag_context,no_pose_observation,34560.0,1.33,,1,cam12/e1/v1,
oneshot2,03.CCTV Mobile Usage.mkv,632de9ed55947761d56d4c6142a3cb1a1fe69d0b1a6d0e01a2e404c697962623,dfine_sahi,12700.0,keyboard,0.6368,772.62,380.23,871.14,420.4,3956.9,98.52,40.16,2.453,False,,True,R-desk,7,evt_S-61_desk_work_surface_0001,968235d01208b21f,lap_bag_context,no_pose_observation,34560.0,1.33,,1,cam12/e1/v1,
oneshot2,03.CCTV Mobile Usage.mkv,632de9ed55947761d56d4c6142a3cb1a1fe69d0b1a6d0e01a2e404c697962623,dfine_sahi,12700.0,keyboard,0.626,962.63,452.36,1035.08,475.63,1686.1,72.45,23.27,3.113,False,,True,R-desk,7,evt_S-61_desk_work_surface_0001,968235d01208b21f,lap_bag_context,no_pose_observation,34560.0,1.33,,1,cam12/e1/v1,
oneshot2,03.CCTV Mobile Usage.mkv,632de9ed55947761d56d4c6142a3cb1a1fe69d0b1a6d0e01a2e404c697962623,dfine_sahi,12700.0,unknown_object,0.6223,699.91,396.23,849.49,492.42,14387.6,149.57,96.19,1.555,False,,True,R-desk,7,evt_S-61_desk_work_surface_0001,968235d01208b21f,lap_bag_context,no_pose_observation,34560.0,1.33,,1,cam12/e1/v1,
oneshot2,03.CCTV Mobile Usage.mkv,632de9ed55947761d56d4c6142a3cb1a1fe69d0b1a6d0e01a2e404c697962623,dfine_sahi,12700.0,mouse,0.5609,865.43,413.69,891.29,435.25,557.7,25.86,21.56,1.2,False,,True,R-desk,7,evt_S-61_desk_work_surface_0001,968235d01208b21f,lap_bag_context,no_pose_observation,34560.0,1.33,,1,cam12/e1/v1,
oneshot2,03.CCTV Mobile Usage.mkv,632de9ed55947761d56d4c6142a3cb1a1fe69d0b1a6d0e01a2e404c697962623,dfine_sahi,12700.0,unknown_object,0.5153,769.06,411.0,969.84,505.95,19064.3,200.79,94.95,2.115,False,,True,R-desk,7,evt_S-61_desk_work_surface_0001,968235d01208b21f,lap_bag_context,no_pose_observation,34560.0,1.33,,1,cam12/e1/v1,
oneshot2,03.CCTV Mobile Usage.mkv,632de9ed55947761d56d4c6142a3cb1a1fe69d0b1a6d0e01a2e404c697962623,dfine_sahi,12700.0,phone,0.4329,1043.38,421.52,1113.16,473.57,3632.0,69.78,52.05,1.341,False,,True,R-desk,7,evt_S-61_desk_work_surface_0001,968235d01208b21f,lap_bag_context,no_pose_observation,34560.0,1.33,,1,cam12/e1/v1,
oneshot2,03.CCTV Mobile Usage.mkv,632de9ed55947761d56d4c6142a3cb1a1fe69d0b1a6d0e01a2e404c697962623,dfine_sahi,12700.0,keyboard,0.4237,802.46,396.22,870.9,420.71,1675.7,68.44,24.48,2.795,False,,True,R-desk,7,evt_S-61_desk_work_surface_0001,968235d01208b21f,lap_bag_context,no_pose_observation,34560.0,1.33,,1,cam12/e1/v1,
oneshot2,03.CCTV Mobile Usage.mkv,632de9ed55947761d56d4c6142a3cb1a1fe69d0b1a6d0e01a2e404c697962623,dfine_sahi,12700.0,unknown_object,0.4019,699.97,396.22,757.52,491.04,5456.4,57.55,94.82,0.607,False,,True,R-desk,7,evt_S-61_desk_work_surface_0001,968235d01208b21f,lap_bag_context,no_pose_observation,34560.0,1.33,,1,cam12/e1/v1,
oneshot2,03.CCTV Mobile Usage.mkv,632de9ed55947761d56d4c6142a3cb1a1fe69d0b1a6d0e01a2e404c697962623,dfine_sahi,12700.0,monitor_or_bezel,0.3892,1019.66,395.52,1145.06,446.55,6399.4,125.4,51.03,2.457,False,,True,R-desk,7,evt_S-61_desk_work_surface_0001,968235d01208b21f,lap_bag_context,no_pose_observation,34560.0,1.33,,1,cam12/e1/v1,
oneshot2,03.CCTV Mobile Usage.mkv,632de9ed55947761d56d4c6142a3cb1a1fe69d0b1a6d0e01a2e404c697962623,dfine_sahi,12700.0,keyboard,0.3418,910.14,412.13,1092.2,506.31,17145.9,182.06,94.18,1.933,False,,True,R-desk,7,evt_S-61_desk_work_surface_0001,968235d01208b21f,lap_bag_context,no_pose_observation,34560.0,1.33,,1,cam12/e1/v1,
oneshot2,03.CCTV Mobile Usage.mkv,632de9ed55947761d56d4c6142a3cb1a1fe69d0b1a6d0e01a2e404c697962623,dfine_sahi,12700.0,unknown_object,0.3256,882.06,411.12,932.43,452.77,2097.6,50.37,41.64,1.209,False,,True,R-desk,7,evt_S-61_desk_work_surface_0001,968235d01208b21f,lap_bag_context,no_pose_observation,34560.0,1.33,,1,cam12/e1/v1,
oneshot2,03.CCTV Mobile Usage.mkv,632de9ed55947761d56d4c6142a3cb1a1fe69d0b1a6d0e01a2e404c697962623,dfine_sahi,12700.0,keyboard,0.3233,965.98,396.21,1096.59,475.06,10299.0,130.61,78.85,1.656,False,,True,R-desk,7,evt_S-61_desk_work_surface_0001,968235d01208b21f,lap_bag_context,no_pose_observation,34560.0,1.33,,1,cam12/e1/v1,
oneshot2,03.CCTV Mobile Usage.mkv,632de9ed55947761d56d4c6142a3cb1a1fe69d0b1a6d0e01a2e404c697962623,dfine_sahi,12700.0,unknown_object,0.3092,736.55,395.62,1140.16,491.17,38565.1,403.61,95.55,4.224,False,,True,R-desk,7,evt_S-61_desk_work_surface_0001,968235d01208b21f,lap_bag_context,no_pose_observation,34560.0,1.33,,1,cam12/e1/v1,
oneshot2,03.CCTV Mobile Usage.mkv,632de9ed55947761d56d4c6142a3cb1a1fe69d0b1a6d0e01a2e404c697962623,dfine_sahi,12700.0,unknown_object,0.2767,881.3,411.54,969.9,505.58,8331.2,88.6,94.03,0.942,False,,True,R-desk,7,evt_S-61_desk_work_surface_0001,968235d01208b21f,lap_bag_context,no_pose_observation,34560.0,1.33,,1,cam12/e1/v1,
oneshot2,03.CCTV Mobile Usage.mkv,632de9ed55947761d56d4c6142a3cb1a1fe69d0b1a6d0e01a2e404c697962623,dfine_sahi,12700.0,mouse,0.2733,966.85,398.32,992.32,410.44,308.6,25.46,12.12,2.101,False,,True,R-desk,7,evt_S-61_desk_work_surface_0001,968235d01208b21f,lap_bag_context,no_pose_observation,34560.0,1.33,,1,cam12/e1/v1,
oneshot2,03.CCTV Mobile Usage.mkv,632de9ed55947761d56d4c6142a3cb1a1fe69d0b1a6d0e01a2e404c697962623,dfine_sahi,12700.0,keyboard,0.2603,882.33,380.23,968.97,453.05,6309.5,86.65,72.82,1.19,False,,True,R-desk,7,evt_S-61_desk_work_surface_0001,968235d01208b21f,lap_bag_context,no_pose_observation,34560.0,1.33,,1,cam12/e1/v1,
oneshot2,03.CCTV Mobile Usage.mkv,632de9ed55947761d56d4c6142a3cb1a1fe69d0b1a6d0e01a2e404c697962623,dfine_sahi,12700.0,unknown_object,0.2557,910.47,411.12,1177.79,506.5,25496.8,267.32,95.38,2.803,False,,True,R-desk,7,evt_S-61_desk_work_surface_0001,968235d01208b21f,lap_bag_context,no_pose_observation,34560.0,1.33,,1,cam12/e1/v1,
oneshot2,03.CCTV Mobile Usage.mkv,632de9ed55947761d56d4c6142a3cb1a1fe69d0b1a6d0e01a2e404c697962623,dfine_sahi,13200.0,keyboard,0.894,962.1,451.9,1067.92,491.45,4185.1,105.83,39.55,2.676,False,,True,R-desk,7,evt_S-61_desk_work_surface_0001,200f7d8ecd4f122b,lap_bag_context,no_pose_observation,34560.0,1.33,,1,cam12/e1/v1,
oneshot2,03.CCTV Mobile Usage.mkv,632de9ed55947761d56d4c6142a3cb1a1fe69d0b1a6d0e01a2e404c697962623,dfine_sahi,13200.0,monitor_or_bezel,0.7704,910.05,411.11,1140.77,506.4,21985.2,230.72,95.29,2.421,False,,True,R-desk,7,evt_S-61_desk_work_surface_0001,200f7d8ecd4f122b,lap_bag_context,no_pose_observation,34560.0,1.33,,1,cam12/e1/v1,
oneshot2,03.CCTV Mobile Usage.mkv,632de9ed55947761d56d4c6142a3cb1a1fe69d0b1a6d0e01a2e404c697962623,dfine_sahi,13200.0,monitor_or_bezel,0.7414,963.79,380.39,1152.82,475.21,17925.3,189.04,94.83,1.994,False,,True,R-desk,7,evt_S-61_desk_work_surface_0001,200f7d8ecd4f122b,lap_bag_context,no_pose_observation,34560.0,1.33,,1,cam12/e1/v1,
oneshot2,03.CCTV Mobile Usage.mkv,632de9ed55947761d56d4c6142a3cb1a1fe69d0b1a6d0e01a2e404c697962623,dfine_sahi,13200.0,monitor_or_bezel,0.7017,707.0,379.91,969.69,474.94,24964.2,262.7,95.03,2.764,False,,True,R-desk,7,evt_S-61_desk_work_surface_0001,200f7d8ecd4f122b,lap_bag_context,no_pose_observation,34560.0,1.33,,1,cam12/e1/v1,
oneshot2,03.CCTV Mobile Usage.mkv,632de9ed55947761d56d4c6142a3cb1a1fe69d0b1a6d0e01a2e404c697962623,dfine_sahi,13200.0,keyboard,0.6368,772.62,380.23,871.14,420.4,3956.9,98.52,40.16,2.453,False,,True,R-desk,7,evt_S-61_desk_work_surface_0001,200f7d8ecd4f122b,lap_bag_context,no_pose_observation,34560.0,1.33,,1,cam12/e1/v1,
oneshot2,03.CCTV Mobile Usage.mkv,632de9ed55947761d56d4c6142a3cb1a1fe69d0b1a6d0e01a2e404c697962623,dfine_sahi,13200.0,keyboard,0.626,962.63,452.36,1035.08,475.63,1686.1,72.45,23.27,3.113,False,,True,R-desk,7,evt_S-61_desk_work_surface_0001,200f7d8ecd4f122b,lap_bag_context,no_pose_observation,34560.0,1.33,,1,cam12/e1/v1,
oneshot2,03.CCTV Mobile Usage.mkv,632de9ed55947761d56d4c6142a3cb1a1fe69d0b1a6d0e01a2e404c697962623,dfine_sahi,13200.0,unknown_object,0.6223,699.91,396.23,849.49,492.42,14387.6,149.57,96.19,1.555,False,,True,R-desk,7,evt_S-61_desk_work_surface_0001,200f7d8ecd4f122b,lap_bag_context,no_pose_observation,34560.0,1.33,,1,cam12/e1/v1,
oneshot2,03.CCTV Mobile Usage.mkv,632de9ed55947761d56d4c6142a3cb1a1fe69d0b1a6d0e01a2e404c697962623,dfine_sahi,13200.0,mouse,0.5609,865.43,413.69,891.29,435.25,557.7,25.86,21.56,1.2,False,,True,R-desk,7,evt_S-61_desk_work_surface_0001,200f7d8ecd4f122b,lap_bag_context,no_pose_observation,34560.0,1.33,,1,cam12/e1/v1,
oneshot2,03.CCTV Mobile Usage.mkv,632de9ed55947761d56d4c6142a3cb1a1fe69d0b1a6d0e01a2e404c697962623,dfine_sahi,13200.0,unknown_object,0.5153,769.06,411.0,969.84,505.95,19064.3,200.79,94.95,2.115,False,,True,R-desk,7,evt_S-61_desk_work_surface_0001,200f7d8ecd4f122b,lap_bag_context,no_pose_observation,34560.0,1.33,,1,cam12/e1/v1,
oneshot2,03.CCTV Mobile Usage.mkv,632de9ed55947761d56d4c6142a3cb1a1fe69d0b1a6d0e01a2e404c697962623,dfine_sahi,13200.0,phone,0.4328,1043.38,421.52,1113.16,473.57,3632.1,69.78,52.05,1.341,False,,True,R-desk,7,evt_S-61_desk_work_surface_0001,200f7d8ecd4f122b,lap_bag_context,no_pose_observation,34560.0,1.33,,1,cam12/e1/v1,
oneshot2,03.CCTV Mobile Usage.mkv,632de9ed55947761d56d4c6142a3cb1a1fe69d0b1a6d0e01a2e404c697962623,dfine_sahi,13200.0,keyboard,0.4237,802.46,396.22,870.9,420.71,1675.7,68.44,24.48,2.795,False,,True,R-desk,7,evt_S-61_desk_work_surface_0001,200f7d8ecd4f122b,lap_bag_context,no_pose_observation,34560.0,1.33,,1,cam12/e1/v1,
oneshot2,03.CCTV Mobile Usage.mkv,632de9ed55947761d56d4c6142a3cb1a1fe69d0b1a6d0e01a2e404c697962623,dfine_sahi,13200.0,unknown_object,0.4019,699.97,396.22,757.52,491.04,5456.4,57.55,94.82,0.607,False,,True,R-desk,7,evt_S-61_desk_work_surface_0001,200f7d8ecd4f122b,lap_bag_context,no_pose_observation,34560.0,1.33,,1,cam12/e1/v1,
oneshot2,03.CCTV Mobile Usage.mkv,632de9ed55947761d56d4c6142a3cb1a1fe69d0b1a6d0e01a2e404c697962623,dfine_sahi,13200.0,monitor_or_bezel,0.3892,1019.66,395.52,1145.06,446.55,6399.4,125.4,51.03,2.457,False,,True,R-desk,7,evt_S-61_desk_work_surface_0001,200f7d8ecd4f122b,lap_bag_context,no_pose_observation,34560.0,1.33,,1,cam12/e1/v1,
oneshot2,03.CCTV Mobile Usage.mkv,632de9ed55947761d56d4c6142a3cb1a1fe69d0b1a6d0e01a2e404c697962623,dfine_sahi,13200.0,keyboard,0.3418,910.14,412.13,1092.2,506.31,17145.9,182.06,94.18,1.933,False,,True,R-desk,7,evt_S-61_desk_work_surface_0001,200f7d8ecd4f122b,lap_bag_context,no_pose_observation,34560.0,1.33,,1,cam12/e1/v1,
oneshot2,03.CCTV Mobile Usage.mkv,632de9ed55947761d56d4c6142a3cb1a1fe69d0b1a6d0e01a2e404c697962623,dfine_sahi,13200.0,unknown_object,0.3256,882.06,411.12,932.43,452.77,2097.6,50.37,41.64,1.209,False,,True,R-desk,7,evt_S-61_desk_work_surface_0001,200f7d8ecd4f122b,lap_bag_context,no_pose_observation,34560.0,1.33,,1,cam12/e1/v1,
oneshot2,03.CCTV Mobile Usage.mkv,632de9ed55947761d56d4c6142a3cb1a1fe69d0b1a6d0e01a2e404c697962623,dfine_sahi,13200.0,keyboard,0.3234,965.98,396.21,1096.59,475.06,10299.0,130.61,78.85,1.656,False,,True,R-desk,7,evt_S-61_desk_work_surface_0001,200f7d8ecd4f122b,lap_bag_context,no_pose_observation,34560.0,1.33,,1,cam12/e1/v1,
oneshot2,03.CCTV Mobile Usage.mkv,632de9ed55947761d56d4c6142a3cb1a1fe69d0b1a6d0e01a2e404c697962623,dfine_sahi,13200.0,unknown_object,0.3092,736.55,395.62,1140.16,491.17,38565.1,403.61,95.55,4.224,False,,True,R-desk,7,evt_S-61_desk_work_surface_0001,200f7d8ecd4f122b,lap_bag_context,no_pose_observation,34560.0,1.33,,1,cam12/e1/v1,
oneshot2,03.CCTV Mobile Usage.mkv,632de9ed55947761d56d4c6142a3cb1a1fe69d0b1a6d0e01a2e404c697962623,dfine_sahi,13200.0,unknown_object,0.2767,881.3,411.54,969.9,505.58,8331.2,88.6,94.03,0.942,False,,True,R-desk,7,evt_S-61_desk_work_surface_0001,200f7d8ecd4f122b,lap_bag_context,no_pose_observation,34560.0,1.33,,1,cam12/e1/v1,
oneshot2,03.CCTV Mobile Usage.mkv,632de9ed55947761d56d4c6142a3cb1a1fe69d0b1a6d0e01a2e404c697962623,dfine_sahi,13200.0,mouse,0.2733,966.85,398.32,992.32,410.44,308.6,25.46,12.12,2.101,False,,True,R-desk,7,evt_S-61_desk_work_surface_0001,200f7d8ecd4f122b,lap_bag_context,no_pose_observation,34560.0,1.33,,1,cam12/e1/v1,
oneshot2,03.CCTV Mobile Usage.mkv,632de9ed55947761d56d4c6142a3cb1a1fe69d0b1a6d0e01a2e404c697962623,dfine_sahi,13200.0,keyboard,0.2603,882.33,380.23,968.97,453.05,6309.5,86.65,72.82,1.19,False,,True,R-desk,7,evt_S-61_desk_work_surface_0001,200f7d8ecd4f122b,lap_bag_context,no_pose_observation,34560.0,1.33,,1,cam12/e1/v1,
oneshot2,03.CCTV Mobile Usage.mkv,632de9ed55947761d56d4c6142a3cb1a1fe69d0b1a6d0e01a2e404c697962623,dfine_sahi,13200.0,unknown_object,0.2557,910.47,411.12,1177.79,506.5,25496.8,267.32,95.38,2.803,False,,True,R-desk,7,evt_S-61_desk_work_surface_0001,200f7d8ecd4f122b,lap_bag_context,no_pose_observation,34560.0,1.33,,1,cam12/e1/v1,
oneshot2,03.CCTV Mobile Usage.mkv,632de9ed55947761d56d4c6142a3cb1a1fe69d0b1a6d0e01a2e404c697962623,dfine_sahi,13200.0,keyboard,0.894,962.1,451.9,1067.92,491.45,4185.1,105.83,39.55,2.676,False,,True,R-desk,6,evt_S-61_desk_work_surface_0001,200f7d8ecd4f122b,lap_bag_context,no_pose_observation,34560.0,1.33,,1,cam12/e1/v1,
oneshot2,03.CCTV Mobile Usage.mkv,632de9ed55947761d56d4c6142a3cb1a1fe69d0b1a6d0e01a2e404c697962623,dfine_sahi,13200.0,monitor_or_bezel,0.7704,910.05,411.11,1140.77,506.4,21985.2,230.72,95.29,2.421,False,,True,R-desk,6,evt_S-61_desk_work_surface_0001,200f7d8ecd4f122b,lap_bag_context,no_pose_observation,34560.0,1.33,,1,cam12/e1/v1,
oneshot2,03.CCTV Mobile Usage.mkv,632de9ed55947761d56d4c6142a3cb1a1fe69d0b1a6d0e01a2e404c697962623,dfine_sahi,13200.0,monitor_or_bezel,0.7414,963.79,380.39,1152.82,475.21,17925.3,189.04,94.83,1.994,False,,True,R-desk,6,evt_S-61_desk_work_surface_0001,200f7d8ecd4f122b,lap_bag_context,no_pose_observation,34560.0,1.33,,1,cam12/e1/v1,
oneshot2,03.CCTV Mobile Usage.mkv,632de9ed55947761d56d4c6142a3cb1a1fe69d0b1a6d0e01a2e404c697962623,dfine_sahi,13200.0,monitor_or_bezel,0.7017,707.0,379.91,969.69,474.94,24964.2,262.7,95.03,2.764,False,,True,R-desk,6,evt_S-61_desk_work_surface_0001,200f7d8ecd4f122b,lap_bag_context,no_pose_observation,34560.0,1.33,,1,cam12/e1/v1,
oneshot2,03.CCTV Mobile Usage.mkv,632de9ed55947761d56d4c6142a3cb1a1fe69d0b1a6d0e01a2e404c697962623,dfine_sahi,13200.0,keyboard,0.6368,772.62,380.23,871.14,420.4,3956.9,98.52,40.16,2.453,False,,True,R-desk,6,evt_S-61_desk_work_surface_0001,200f7d8ecd4f122b,lap_bag_context,no_pose_observation,34560.0,1.33,,1,cam12/e1/v1,
oneshot2,03.CCTV Mobile Usage.mkv,632de9ed55947761d56d4c6142a3cb1a1fe69d0b1a6d0e01a2e404c697962623,dfine_sahi,13200.0,keyboard,0.626,962.63,452.36,1035.08,475.63,1686.1,72.45,23.27,3.113,False,,True,R-desk,6,evt_S-61_desk_work_surface_0001,200f7d8ecd4f122b,lap_bag_context,no_pose_observation,34560.0,1.33,,1,cam12/e1/v1,
oneshot2,03.CCTV Mobile Usage.mkv,632de9ed55947761d56d4c6142a3cb1a1fe69d0b1a6d0e01a2e404c697962623,dfine_sahi,13200.0,unknown_object,0.6223,699.91,396.23,849.49,492.42,14387.6,149.57,96.19,1.555,False,,True,R-desk,6,evt_S-61_desk_work_surface_0001,200f7d8ecd4f122b,lap_bag_context,no_pose_observation,34560.0,1.33,,1,cam12/e1/v1,
oneshot2,03.CCTV Mobile Usage.mkv,632de9ed55947761d56d4c6142a3cb1a1fe69d0b1a6d0e01a2e404c697962623,dfine_sahi,13200.0,mouse,0.5609,865.43,413.69,891.29,435.25,557.7,25.86,21.56,1.2,False,,True,R-desk,6,evt_S-61_desk_work_surface_0001,200f7d8ecd4f122b,lap_bag_context,no_pose_observation,34560.0,1.33,,1,cam12/e1/v1,
oneshot2,03.CCTV Mobile Usage.mkv,632de9ed55947761d56d4c6142a3cb1a1fe69d0b1a6d0e01a2e404c697962623,dfine_sahi,13200.0,unknown_object,0.5153,769.06,411.0,969.84,505.95,19064.3,200.79,94.95,2.115,False,,True,R-desk,6,evt_S-61_desk_work_surface_0001,200f7d8ecd4f122b,lap_bag_context,no_pose_observation,34560.0,1.33,,1,cam12/e1/v1,
oneshot2,03.CCTV Mobile Usage.mkv,632de9ed55947761d56d4c6142a3cb1a1fe69d0b1a6d0e01a2e404c697962623,dfine_sahi,13200.0,phone,0.4328,1043.38,421.52,1113.16,473.57,3632.1,69.78,52.05,1.341,False,,True,R-desk,6,evt_S-61_desk_work_surface_0001,200f7d8ecd4f122b,lap_bag_context,no_pose_observation,34560.0,1.33,,1,cam12/e1/v1,
oneshot2,03.CCTV Mobile Usage.mkv,632de9ed55947761d56d4c6142a3cb1a1fe69d0b1a6d0e01a2e404c697962623,dfine_sahi,13200.0,keyboard,0.4237,802.46,396.22,870.9,420.71,1675.7,68.44,24.48,2.795,False,,True,R-desk,6,evt_S-61_desk_work_surface_0001,200f7d8ecd4f122b,lap_bag_context,no_pose_observation,34560.0,1.33,,1,cam12/e1/v1,
oneshot2,03.CCTV Mobile Usage.mkv,632de9ed55947761d56d4c6142a3cb1a1fe69d0b1a6d0e01a2e404c697962623,dfine_sahi,13200.0,unknown_object,0.4019,699.97,396.22,757.52,491.04,5456.4,57.55,94.82,0.607,False,,True,R-desk,6,evt_S-61_desk_work_surface_0001,200f7d8ecd4f122b,lap_bag_context,no_pose_observation,34560.0,1.33,,1,cam12/e1/v1,
oneshot2,03.CCTV Mobile Usage.mkv,632de9ed55947761d56d4c6142a3cb1a1fe69d0b1a6d0e01a2e404c697962623,dfine_sahi,13200.0,monitor_or_bezel,0.3892,1019.66,395.52,1145.06,446.55,6399.4,125.4,51.03,2.457,False,,True,R-desk,6,evt_S-61_desk_work_surface_0001,200f7d8ecd4f122b,lap_bag_context,no_pose_observation,34560.0,1.33,,1,cam12/e1/v1,
oneshot2,03.CCTV Mobile Usage.mkv,632de9ed55947761d56d4c6142a3cb1a1fe69d0b1a6d0e01a2e404c697962623,dfine_sahi,13200.0,keyboard,0.3418,910.14,412.13,1092.2,506.31,17145.9,182.06,94.18,1.933,False,,True,R-desk,6,evt_S-61_desk_work_surface_0001,200f7d8ecd4f122b,lap_bag_context,no_pose_observation,34560.0,1.33,,1,cam12/e1/v1,
oneshot2,03.CCTV Mobile Usage.mkv,632de9ed55947761d56d4c6142a3cb1a1fe69d0b1a6d0e01a2e404c697962623,dfine_sahi,13200.0,unknown_object,0.3256,882.06,411.12,932.43,452.77,2097.6,50.37,41.64,1.209,False,,True,R-desk,6,evt_S-61_desk_work_surface_0001,200f7d8ecd4f122b,lap_bag_context,no_pose_observation,34560.0,1.33,,1,cam12/e1/v1,
oneshot2,03.CCTV Mobile Usage.mkv,632de9ed55947761d56d4c6142a3cb1a1fe69d0b1a6d0e01a2e404c697962623,dfine_sahi,13200.0,keyboard,0.3234,965.98,396.21,1096.59,475.06,10299.0,130.61,78.85,1.656,False,,True,R-desk,6,evt_S-61_desk_work_surface_0001,200f7d8ecd4f122b,lap_bag_context,no_pose_observation,34560.0,1.33,,1,cam12/e1/v1,
oneshot2,03.CCTV Mobile Usage.mkv,632de9ed55947761d56d4c6142a3cb1a1fe69d0b1a6d0e01a2e404c697962623,dfine_sahi,13200.0,unknown_object,0.3092,736.55,395.62,1140.16,491.17,38565.1,403.61,95.55,4.224,False,,True,R-desk,6,evt_S-61_desk_work_surface_0001,200f7d8ecd4f122b,lap_bag_context,no_pose_observation,34560.0,1.33,,1,cam12/e1/v1,
oneshot2,03.CCTV Mobile Usage.mkv,632de9ed55947761d56d4c6142a3cb1a1fe69d0b1a6d0e01a2e404c697962623,dfine_sahi,13200.0,unknown_object,0.2767,881.3,411.54,969.9,505.58,8331.2,88.6,94.03,0.942,False,,True,R-desk,6,evt_S-61_desk_work_surface_0001,200f7d8ecd4f122b,lap_bag_context,no_pose_observation,34560.0,1.33,,1,cam12/e1/v1,
oneshot2,03.CCTV Mobile Usage.mkv,632de9ed55947761d56d4c6142a3cb1a1fe69d0b1a6d0e01a2e404c697962623,dfine_sahi,13200.0,mouse,0.2733,966.85,398.32,992.32,410.44,308.6,25.46,12.12,2.101,False,,True,R-desk,6,evt_S-61_desk_work_surface_0001,200f7d8ecd4f122b,lap_bag_context,no_pose_observation,34560.0,1.33,,1,cam12/e1/v1,
oneshot2,03.CCTV Mobile Usage.mkv,632de9ed55947761d56d4c6142a3cb1a1fe69d0b1a6d0e01a2e404c697962623,dfine_sahi,13200.0,keyboard,0.2603,882.33,380.23,968.97,453.05,6309.5,86.65,72.82,1.19,False,,True,R-desk,6,evt_S-61_desk_work_surface_0001,200f7d8ecd4f122b,lap_bag_context,no_pose_observation,34560.0,1.33,,1,cam12/e1/v1,
oneshot2,03.CCTV Mobile Usage.mkv,632de9ed55947761d56d4c6142a3cb1a1fe69d0b1a6d0e01a2e404c697962623,dfine_sahi,13200.0,unknown_object,0.2557,910.47,411.12,1177.79,506.5,25496.8,267.32,95.38,2.803,False,,True,R-desk,6,evt_S-61_desk_work_surface_0001,200f7d8ecd4f122b,lap_bag_context,no_pose_observation,34560.0,1.33,,1,cam12/e1/v1,
oneshot2,03.CCTV Mobile Usage.mkv,632de9ed55947761d56d4c6142a3cb1a1fe69d0b1a6d0e01a2e404c697962623,dfine_sahi,13200.0,unknown_object,0.5349,209.93,289.19,254.8,351.59,2800.0,44.87,62.4,0.719,False,,True,S-61,2,evt_S-61_desk_work_surface_0001,41099a5b80ec7e0e,pose_hand_context,,42791.1,3.09,,1,cam12/e1/v1,rtmpose_baseline
oneshot2,03.CCTV Mobile Usage.mkv,632de9ed55947761d56d4c6142a3cb1a1fe69d0b1a6d0e01a2e404c697962623,dfine_sahi,13200.0,unknown_object,0.4686,142.75,198.27,277.42,349.5,20365.7,134.67,151.22,0.891,False,,True,S-61,2,evt_S-61_desk_work_surface_0001,41099a5b80ec7e0e,pose_hand_context,,42791.1,3.09,,1,cam12/e1/v1,rtmpose_baseline
oneshot2,03.CCTV Mobile Usage.mkv,632de9ed55947761d56d4c6142a3cb1a1fe69d0b1a6d0e01a2e404c697962623,dfine_sahi,13200.0,unknown_object,0.4571,138.96,289.19,254.72,403.77,13264.1,115.76,114.58,1.01,False,,True,S-61,2,evt_S-61_desk_work_surface_0001,41099a5b80ec7e0e,pose_hand_context,,42791.1,3.09,,1,cam12/e1/v1,rtmpose_baseline
oneshot2,03.CCTV Mobile Usage.mkv,632de9ed55947761d56d4c6142a3cb1a1fe69d0b1a6d0e01a2e404c697962623,dfine_sahi,13200.0,unknown_object,0.4135,210.11,233.24,236.14,312.96,2075.0,26.03,79.72,0.327,False,,True,S-61,2,evt_S-61_desk_work_surface_0001,41099a5b80ec7e0e,pose_hand_context,,42791.1,3.09,,1,cam12/e1/v1,rtmpose_baseline
oneshot2,03.CCTV Mobile Usage.mkv,632de9ed55947761d56d4c6142a3cb1a1fe69d0b1a6d0e01a2e404c697962623,dfine_sahi,13200.0,unknown_object,0.3509,138.92,238.89,158.68,314.67,1497.7,19.76,75.79,0.261,False,,True,S-61,2,evt_S-61_desk_work_surface_0001,41099a5b80ec7e0e,pose_hand_context,,42791.1,3.09,,1,cam12/e1/v1,rtmpose_baseline
oneshot2,03.CCTV Mobile Usage.mkv,632de9ed55947761d56d4c6142a3cb1a1fe69d0b1a6d0e01a2e404c697962623,dfine_sahi,13200.0,unknown_object,0.2688,262.26,386.29,315.42,404.83,985.8,53.16,18.54,2.867,False,,True,S-61,2,evt_S-61_desk_work_surface_0001,41099a5b80ec7e0e,pose_hand_context,,42791.1,3.09,,1,cam12/e1/v1,rtmpose_baseline
oneshot2,03.CCTV Mobile Usage.mkv,632de9ed55947761d56d4c6142a3cb1a1fe69d0b1a6d0e01a2e404c697962623,dfine_sahi,13200.0,unknown_object,0.2659,160.81,198.11,255.11,241.27,4069.4,94.3,43.15,2.185,False,,True,S-61,2,evt_S-61_desk_work_surface_0001,41099a5b80ec7e0e,pose_hand_context,,42791.1,3.09,,1,cam12/e1/v1,rtmpose_baseline
oneshot2,03.CCTV Mobile Usage.mkv,632de9ed55947761d56d4c6142a3cb1a1fe69d0b1a6d0e01a2e404c697962623,dfine_sahi,13200.0,unknown_object,0.2636,238.28,296.51,342.75,402.43,11064.9,104.47,105.91,0.986,False,,True,S-61,2,evt_S-61_desk_work_surface_0001,41099a5b80ec7e0e,pose_hand_context,,42791.1,3.09,,1,cam12/e1/v1,rtmpose_baseline
oneshot2,03.CCTV Mobile Usage.mkv,632de9ed55947761d56d4c6142a3cb1a1fe69d0b1a6d0e01a2e404c697962623,dfine_sahi,13200.0,unknown_object,0.2624,233.95,239.04,247.29,265.32,350.7,13.35,26.28,0.508,False,,True,S-61,2,evt_S-61_desk_work_surface_0001,41099a5b80ec7e0e,pose_hand_context,,42791.1,3.09,,1,cam12/e1/v1,rtmpose_baseline
oneshot2,03.CCTV Mobile Usage.mkv,632de9ed55947761d56d4c6142a3cb1a1fe69d0b1a6d0e01a2e404c697962623,dfine_sahi,13200.0,unknown_object,0.7248,93.01,376.36,197.92,480.29,10903.9,104.91,103.94,1.009,False,,True,S-61,1,evt_S-61_desk_work_surface_0001,aeca27b1a7e55a21,pose_hand_context,,34812.1,3.43,,1,cam12/e1/v1,rtmpose_baseline
oneshot2,03.CCTV Mobile Usage.mkv,632de9ed55947761d56d4c6142a3cb1a1fe69d0b1a6d0e01a2e404c697962623,dfine_sahi,13200.0,stationery,0.6682,12.08,493.7,197.87,562.4,12763.2,185.79,68.7,2.704,False,,True,S-61,1,evt_S-61_desk_work_surface_0001,aeca27b1a7e55a21,pose_hand_context,,34812.1,3.43,,1,cam12/e1/v1,rtmpose_baseline
oneshot2,03.CCTV Mobile Usage.mkv,632de9ed55947761d56d4c6142a3cb1a1fe69d0b1a6d0e01a2e404c697962623,dfine_sahi,13200.0,unknown_object,0.6044,44.4,508.74,85.59,557.05,1990.1,41.2,48.31,0.853,False,,True,S-61,1,evt_S-61_desk_work_surface_0001,aeca27b1a7e55a21,pose_hand_context,,34812.1,3.43,,1,cam12/e1/v1,rtmpose_baseline
oneshot2,03.CCTV Mobile Usage.mkv,632de9ed55947761d56d4c6142a3cb1a1fe69d0b1a6d0e01a2e404c697962623,dfine_sahi,13200.0,unknown_object,0.6002,93.0,458.16,197.9,562.43,10937.7,104.9,104.27,1.006,False,,True,S-61,1,evt_S-61_desk_work_surface_0001,aeca27b1a7e55a21,pose_hand_context,,34812.1,3.43,,1,cam12/e1/v1,rtmpose_baseline
oneshot2,03.CCTV Mobile Usage.mkv,632de9ed55947761d56d4c6142a3cb1a1fe69d0b1a6d0e01a2e404c697962623,dfine_sahi,13200.0,stationery,0.5723,12.07,415.01,102.07,498.56,7519.5,90.0,83.55,1.077,False,,True,S-61,1,evt_S-61_desk_work_surface_0001,aeca27b1a7e55a21,pose_hand_context,,34812.1,3.43,,1,cam12/e1/v1,rtmpose_baseline
oneshot2,03.CCTV Mobile Usage.mkv,632de9ed55947761d56d4c6142a3cb1a1fe69d0b1a6d0e01a2e404c697962623,dfine_sahi,13200.0,unknown_object,0.5419,12.01,376.24,116.87,480.59,10941.9,104.86,104.35,1.005,False,,True,S-61,1,evt_S-61_desk_work_surface_0001,aeca27b1a7e55a21,pose_hand_context,,34812.1,3.43,,1,cam12/e1/v1,rtmpose_baseline
oneshot2,03.CCTV Mobile Usage.mkv,632de9ed55947761d56d4c6142a3cb1a1fe69d0b1a6d0e01a2e404c697962623,dfine_sahi,13200.0,stationery,0.5124,42.92,443.7,72.14,471.25,805.2,29.22,27.55,1.061,False,,True,S-61,1,evt_S-61_desk_work_surface_0001,aeca27b1a7e55a21,pose_hand_context,,34812.1,3.43,,1,cam12/e1/v1,rtmpose_baseline
oneshot2,03.CCTV Mobile Usage.mkv,632de9ed55947761d56d4c6142a3cb1a1fe69d0b1a6d0e01a2e404c697962623,dfine_sahi,13200.0,stationery,0.3981,102.48,476.65,162.12,530.34,3202.4,59.64,53.69,1.111,False,,True,S-61,1,evt_S-61_desk_work_surface_0001,aeca27b1a7e55a21,pose_hand_context,,34812.1,3.43,,1,cam12/e1/v1,rtmpose_baseline
oneshot2,03.CCTV Mobile Usage.mkv,632de9ed55947761d56d4c6142a3cb1a1fe69d0b1a6d0e01a2e404c697962623,dfine_sahi,13200.0,unknown_object,0.3929,42.8,443.21,72.37,470.62,810.8,29.57,27.42,1.078,False,,True,S-61,1,evt_S-61_desk_work_surface_0001,aeca27b1a7e55a21,pose_hand_context,,34812.1,3.43,,1,cam12/e1/v1,rtmpose_baseline
oneshot2,03.CCTV Mobile Usage.mkv,632de9ed55947761d56d4c6142a3cb1a1fe69d0b1a6d0e01a2e404c697962623,dfine_sahi,13200.0,unknown_object,0.3606,12.08,458.14,116.99,562.39,10936.9,104.91,104.25,1.006,False,,True,S-61,1,evt_S-61_desk_work_surface_0001,aeca27b1a7e55a21,pose_hand_context,,34812.1,3.43,,1,cam12/e1/v1,rtmpose_baseline
oneshot2,03.CCTV Mobile Usage.mkv,632de9ed55947761d56d4c6142a3cb1a1fe69d0b1a6d0e01a2e404c697962623,dfine_sahi,13200.0,unknown_object,0.343,93.07,458.09,159.37,498.7,2692.9,66.3,40.62,1.632,False,,True,S-61,1,evt_S-61_desk_work_surface_0001,aeca27b1a7e55a21,pose_hand_context,,34812.1,3.43,,1,cam12/e1/v1,rtmpose_baseline
oneshot2,03.CCTV Mobile Usage.mkv,632de9ed55947761d56d4c6142a3cb1a1fe69d0b1a6d0e01a2e404c697962623,dfine_sahi,13200.0,stationery,0.2975,69.51,418.14,154.54,497.07,6711.4,85.03,78.93,1.077,False,,True,S-61,1,evt_S-61_desk_work_surface_0001,aeca27b1a7e55a21,pose_hand_context,,34812.1,3.43,,1,cam12/e1/v1,rtmpose_baseline
oneshot2,03.CCTV Mobile Usage.mkv,632de9ed55947761d56d4c6142a3cb1a1fe69d0b1a6d0e01a2e404c697962623,dfine_sahi,13200.0,unknown_object,0.2729,69.11,376.31,116.96,449.34,3494.6,47.85,73.03,0.655,False,,True,S-61,1,evt_S-61_desk_work_surface_0001,aeca27b1a7e55a21,pose_hand_context,,34812.1,3.43,,1,cam12/e1/v1,rtmpose_baseline
oneshot2,03.CCTV Mobile Usage.mkv,632de9ed55947761d56d4c6142a3cb1a1fe69d0b1a6d0e01a2e404c697962623,dfine_sahi,13200.0,stationery,0.2674,44.21,509.82,86.24,556.96,1981.4,42.03,47.14,0.892,False,,True,S-61,1,evt_S-61_desk_work_surface_0001,aeca27b1a7e55a21,pose_hand_context,,34812.1,3.43,,1,cam12/e1/v1,rtmpose_baseline
oneshot2,03.CCTV Mobile Usage.mkv,632de9ed55947761d56d4c6142a3cb1a1fe69d0b1a6d0e01a2e404c697962623,dfine_sahi,13200.0,unknown_object,0.2601,38.75,376.08,69.26,386.31,312.0,30.51,10.23,2.983,False,,True,S-61,1,evt_S-61_desk_work_surface_0001,aeca27b1a7e55a21,pose_hand_context,,34812.1,3.43,,1,cam12/e1/v1,rtmpose_baseline
oneshot2,03.CCTV Mobile Usage.mkv,632de9ed55947761d56d4c6142a3cb1a1fe69d0b1a6d0e01a2e404c697962623,dfine_sahi,13700.0,keyboard,0.8943,962.1,451.9,1067.92,491.45,4185.3,105.83,39.55,2.676,False,,True,R-desk,6,evt_S-61_desk_work_surface_0001,243d4174c5ecf8e0,lap_bag_context,no_pose_observation,34560.0,1.33,,1,cam12/e1/v1,
oneshot2,03.CCTV Mobile Usage.mkv,632de9ed55947761d56d4c6142a3cb1a1fe69d0b1a6d0e01a2e404c697962623,dfine_sahi,13700.0,monitor_or_bezel,0.7706,910.05,411.11,1140.78,506.4,21985.7,230.72,95.29,2.421,False,,True,R-desk,6,evt_S-61_desk_work_surface_0001,243d4174c5ecf8e0,lap_bag_context,no_pose_observation,34560.0,1.33,,1,cam12/e1/v1,
oneshot2,03.CCTV Mobile Usage.mkv,632de9ed55947761d56d4c6142a3cb1a1fe69d0b1a6d0e01a2e404c697962623,dfine_sahi,13700.0,monitor_or_bezel,0.7502,963.79,380.38,1152.82,475.22,17926.7,189.03,94.84,1.993,False,,True,R-desk,6,evt_S-61_desk_work_surface_0001,243d4174c5ecf8e0,lap_bag_context,no_pose_observation,34560.0,1.33,,1,cam12/e1/v1,
oneshot2,03.CCTV Mobile Usage.mkv,632de9ed55947761d56d4c6142a3cb1a1fe69d0b1a6d0e01a2e404c697962623,dfine_sahi,13700.0,monitor_or_bezel,0.7047,707.05,379.91,969.7,474.94,24958.5,262.65,95.03,2.764,False,,True,R-desk,6,evt_S-61_desk_work_surface_0001,243d4174c5ecf8e0,lap_bag_context,no_pose_observation,34560.0,1.33,,1,cam12/e1/v1,
oneshot2,03.CCTV Mobile Usage.mkv,632de9ed55947761d56d4c6142a3cb1a1fe69d0b1a6d0e01a2e404c697962623,dfine_sahi,13700.0,keyboard,0.6385,772.63,380.23,871.12,420.39,3955.7,98.5,40.16,2.453,False,,True,R-desk,6,evt_S-61_desk_work_surface_0001,243d4174c5ecf8e0,lap_bag_context,no_pose_observation,34560.0,1.33,,1,cam12/e1/v1,
oneshot2,03.CCTV Mobile Usage.mkv,632de9ed55947761d56d4c6142a3cb1a1fe69d0b1a6d0e01a2e404c697962623,dfine_sahi,13700.0,unknown_object,0.6351,699.91,396.23,849.23,492.42,14363.2,149.32,96.19,1.552,False,,True,R-desk,6,evt_S-61_desk_work_surface_0001,243d4174c5ecf8e0,lap_bag_context,no_pose_observation,34560.0,1.33,,1,cam12/e1/v1,
oneshot2,03.CCTV Mobile Usage.mkv,632de9ed55947761d56d4c6142a3cb1a1fe69d0b1a6d0e01a2e404c697962623,dfine_sahi,13700.0,keyboard,0.6268,962.63,452.36,1035.07,475.63,1686.1,72.44,23.28,3.112,False,,True,R-desk,6,evt_S-61_desk_work_surface_0001,243d4174c5ecf8e0,lap_bag_context,no_pose_observation,34560.0,1.33,,1,cam12/e1/v1,
oneshot2,03.CCTV Mobile Usage.mkv,632de9ed55947761d56d4c6142a3cb1a1fe69d0b1a6d0e01a2e404c697962623,dfine_sahi,13700.0,mouse,0.5573,865.43,413.69,891.29,435.25,557.5,25.86,21.56,1.2,False,,True,R-desk,6,evt_S-61_desk_work_surface_0001,243d4174c5ecf8e0,lap_bag_context,no_pose_observation,34560.0,1.33,,1,cam12/e1/v1,
oneshot2,03.CCTV Mobile Usage.mkv,632de9ed55947761d56d4c6142a3cb1a1fe69d0b1a6d0e01a2e404c697962623,dfine_sahi,13700.0,unknown_object,0.5137,769.18,411.0,969.84,505.94,19052.0,200.66,94.95,2.113,False,,True,R-desk,6,evt_S-61_desk_work_surface_0001,243d4174c5ecf8e0,lap_bag_context,no_pose_observation,34560.0,1.33,,1,cam12/e1/v1,
oneshot2,03.CCTV Mobile Usage.mkv,632de9ed55947761d56d4c6142a3cb1a1fe69d0b1a6d0e01a2e404c697962623,dfine_sahi,13700.0,phone,0.4353,1043.38,421.51,1113.15,473.57,3632.2,69.77,52.06,1.34,False,,True,R-desk,6,evt_S-61_desk_work_surface_0001,243d4174c5ecf8e0,lap_bag_context,no_pose_observation,34560.0,1.33,,1,cam12/e1/v1,
oneshot2,03.CCTV Mobile Usage.mkv,632de9ed55947761d56d4c6142a3cb1a1fe69d0b1a6d0e01a2e404c697962623,dfine_sahi,13700.0,keyboard,0.4275,802.46,396.23,870.9,420.71,1675.4,68.44,24.48,2.796,False,,True,R-desk,6,evt_S-61_desk_work_surface_0001,243d4174c5ecf8e0,lap_bag_context,no_pose_observation,34560.0,1.33,,1,cam12/e1/v1,
oneshot2,03.CCTV Mobile Usage.mkv,632de9ed55947761d56d4c6142a3cb1a1fe69d0b1a6d0e01a2e404c697962623,dfine_sahi,13700.0,unknown_object,0.4047,699.97,396.23,757.44,491.07,5450.2,57.47,94.84,0.606,False,,True,R-desk,6,evt_S-61_desk_work_surface_0001,243d4174c5ecf8e0,lap_bag_context,no_pose_observation,34560.0,1.33,,1,cam12/e1/v1,
oneshot2,03.CCTV Mobile Usage.mkv,632de9ed55947761d56d4c6142a3cb1a1fe69d0b1a6d0e01a2e404c697962623,dfine_sahi,13700.0,monitor_or_bezel,0.3911,1019.66,395.52,1145.07,446.54,6398.2,125.4,51.02,2.458,False,,True,R-desk,6,evt_S-61_desk_work_surface_0001,243d4174c5ecf8e0,lap_bag_context,no_pose_observation,34560.0,1.33,,1,cam12/e1/v1,
oneshot2,03.CCTV Mobile Usage.mkv,632de9ed55947761d56d4c6142a3cb1a1fe69d0b1a6d0e01a2e404c697962623,dfine_sahi,13700.0,keyboard,0.3412,910.14,412.13,1092.2,506.31,17146.7,182.06,94.18,1.933,False,,True,R-desk,6,evt_S-61_desk_work_surface_0001,243d4174c5ecf8e0,lap_bag_context,no_pose_observation,34560.0,1.33,,1,cam12/e1/v1,
oneshot2,03.CCTV Mobile Usage.mkv,632de9ed55947761d56d4c6142a3cb1a1fe69d0b1a6d0e01a2e404c697962623,dfine_sahi,13700.0,unknown_object,0.3252,882.06,411.12,932.43,452.77,2097.8,50.37,41.65,1.21,False,,True,R-desk,6,evt_S-61_desk_work_surface_0001,243d4174c5ecf8e0,lap_bag_context,no_pose_observation,34560.0,1.33,,1,cam12/e1/v1,
oneshot2,03.CCTV Mobile Usage.mkv,632de9ed55947761d56d4c6142a3cb1a1fe69d0b1a6d0e01a2e404c697962623,dfine_sahi,13700.0,keyboard,0.3242,965.98,396.23,1096.61,475.05,10296.4,130.63,78.82,1.657,False,,True,R-desk,6,evt_S-61_desk_work_surface_0001,243d4174c5ecf8e0,lap_bag_context,no_pose_observation,34560.0,1.33,,1,cam12/e1/v1,
oneshot2,03.CCTV Mobile Usage.mkv,632de9ed55947761d56d4c6142a3cb1a1fe69d0b1a6d0e01a2e404c697962623,dfine_sahi,13700.0,unknown_object,0.3122,736.53,395.62,1140.46,491.18,38597.9,403.92,95.56,4.227,False,,True,R-desk,6,evt_S-61_desk_work_surface_0001,243d4174c5ecf8e0,lap_bag_context,no_pose_observation,34560.0,1.33,,1,cam12/e1/v1,
oneshot2,03.CCTV Mobile Usage.mkv,632de9ed55947761d56d4c6142a3cb1a1fe69d0b1a6d0e01a2e404c697962623,dfine_sahi,13700.0,unknown_object,0.277,881.3,411.54,969.9,505.57,8331.3,88.6,94.03,0.942,False,,True,R-desk,6,evt_S-61_desk_work_surface_0001,243d4174c5ecf8e0,lap_bag_context,no_pose_observation,34560.0,1.33,,1,cam12/e1/v1,
oneshot2,03.CCTV Mobile Usage.mkv,632de9ed55947761d56d4c6142a3cb1a1fe69d0b1a6d0e01a2e404c697962623,dfine_sahi,13700.0,mouse,0.2755,966.86,398.32,992.31,410.43,308.4,25.45,12.12,2.101,False,,True,R-desk,6,evt_S-61_desk_work_surface_0001,243d4174c5ecf8e0,lap_bag_context,no_pose_observation,34560.0,1.33,,1,cam12/e1/v1,
oneshot2,03.CCTV Mobile Usage.mkv,632de9ed55947761d56d4c6142a3cb1a1fe69d0b1a6d0e01a2e404c697962623,dfine_sahi,13700.0,keyboard,0.2612,882.33,380.24,968.97,453.05,6308.7,86.65,72.81,1.19,False,,True,R-desk,6,evt_S-61_desk_work_surface_0001,243d4174c5ecf8e0,lap_bag_context,no_pose_observation,34560.0,1.33,,1,cam12/e1/v1,
oneshot2,03.CCTV Mobile Usage.mkv,632de9ed55947761d56d4c6142a3cb1a1fe69d0b1a6d0e01a2e404c697962623,dfine_sahi,13700.0,unknown_object,0.2541,910.47,411.12,1177.82,506.5,25500.8,267.36,95.38,2.803,False,,True,R-desk,6,evt_S-61_desk_work_surface_0001,243d4174c5ecf8e0,lap_bag_context,no_pose_observation,34560.0,1.33,,1,cam12/e1/v1,
oneshot2,03.CCTV Mobile Usage.mkv,632de9ed55947761d56d4c6142a3cb1a1fe69d0b1a6d0e01a2e404c697962623,dfine_sahi,13700.0,keyboard,0.8943,962.1,451.9,1067.92,491.45,4185.3,105.83,39.55,2.676,False,,True,R-desk,5,evt_S-61_desk_work_surface_0001,243d4174c5ecf8e0,lap_bag_context,no_pose_observation,34560.0,1.33,,1,cam12/e1/v1,
oneshot2,03.CCTV Mobile Usage.mkv,632de9ed55947761d56d4c6142a3cb1a1fe69d0b1a6d0e01a2e404c697962623,dfine_sahi,13700.0,monitor_or_bezel,0.7706,910.05,411.11,1140.78,506.4,21985.7,230.72,95.29,2.421,False,,True,R-desk,5,evt_S-61_desk_work_surface_0001,243d4174c5ecf8e0,lap_bag_context,no_pose_observation,34560.0,1.33,,1,cam12/e1/v1,
oneshot2,03.CCTV Mobile Usage.mkv,632de9ed55947761d56d4c6142a3cb1a1fe69d0b1a6d0e01a2e404c697962623,dfine_sahi,13700.0,monitor_or_bezel,0.7502,963.79,380.38,1152.82,475.22,17926.7,189.03,94.84,1.993,False,,True,R-desk,5,evt_S-61_desk_work_surface_0001,243d4174c5ecf8e0,lap_bag_context,no_pose_observation,34560.0,1.33,,1,cam12/e1/v1,
oneshot2,03.CCTV Mobile Usage.mkv,632de9ed55947761d56d4c6142a3cb1a1fe69d0b1a6d0e01a2e404c697962623,dfine_sahi,13700.0,monitor_or_bezel,0.7047,707.05,379.91,969.7,474.94,24958.5,262.65,95.03,2.764,False,,True,R-desk,5,evt_S-61_desk_work_surface_0001,243d4174c5ecf8e0,lap_bag_context,no_pose_observation,34560.0,1.33,,1,cam12/e1/v1,
oneshot2,03.CCTV Mobile Usage.mkv,632de9ed55947761d56d4c6142a3cb1a1fe69d0b1a6d0e01a2e404c697962623,dfine_sahi,13700.0,keyboard,0.6385,772.63,380.23,871.12,420.39,3955.7,98.5,40.16,2.453,False,,True,R-desk,5,evt_S-61_desk_work_surface_0001,243d4174c5ecf8e0,lap_bag_context,no_pose_observation,34560.0,1.33,,1,cam12/e1/v1,
oneshot2,03.CCTV Mobile Usage.mkv,632de9ed55947761d56d4c6142a3cb1a1fe69d0b1a6d0e01a2e404c697962623,dfine_sahi,13700.0,unknown_object,0.6351,699.91,396.23,849.23,492.42,14363.2,149.32,96.19,1.552,False,,True,R-desk,5,evt_S-61_desk_work_surface_0001,243d4174c5ecf8e0,lap_bag_context,no_pose_observation,34560.0,1.33,,1,cam12/e1/v1,
oneshot2,03.CCTV Mobile Usage.mkv,632de9ed55947761d56d4c6142a3cb1a1fe69d0b1a6d0e01a2e404c697962623,dfine_sahi,13700.0,keyboard,0.6268,962.63,452.36,1035.07,475.63,1686.1,72.44,23.28,3.112,False,,True,R-desk,5,evt_S-61_desk_work_surface_0001,243d4174c5ecf8e0,lap_bag_context,no_pose_observation,34560.0,1.33,,1,cam12/e1/v1,
oneshot2,03.CCTV Mobile Usage.mkv,632de9ed55947761d56d4c6142a3cb1a1fe69d0b1a6d0e01a2e404c697962623,dfine_sahi,13700.0,mouse,0.5573,865.43,413.69,891.29,435.25,557.5,25.86,21.56,1.2,False,,True,R-desk,5,evt_S-61_desk_work_surface_0001,243d4174c5ecf8e0,lap_bag_context,no_pose_observation,34560.0,1.33,,1,cam12/e1/v1,
oneshot2,03.CCTV Mobile Usage.mkv,632de9ed55947761d56d4c6142a3cb1a1fe69d0b1a6d0e01a2e404c697962623,dfine_sahi,13700.0,unknown_object,0.5137,769.18,411.0,969.84,505.94,19052.0,200.66,94.95,2.113,False,,True,R-desk,5,evt_S-61_desk_work_surface_0001,243d4174c5ecf8e0,lap_bag_context,no_pose_observation,34560.0,1.33,,1,cam12/e1/v1,
oneshot2,03.CCTV Mobile Usage.mkv,632de9ed55947761d56d4c6142a3cb1a1fe69d0b1a6d0e01a2e404c697962623,dfine_sahi,13700.0,phone,0.4353,1043.38,421.51,1113.15,473.57,3632.2,69.77,52.06,1.34,False,,True,R-desk,5,evt_S-61_desk_work_surface_0001,243d4174c5ecf8e0,lap_bag_context,no_pose_observation,34560.0,1.33,,1,cam12/e1/v1,
oneshot2,03.CCTV Mobile Usage.mkv,632de9ed55947761d56d4c6142a3cb1a1fe69d0b1a6d0e01a2e404c697962623,dfine_sahi,13700.0,keyboard,0.4275,802.46,396.23,870.9,420.71,1675.4,68.44,24.48,2.796,False,,True,R-desk,5,evt_S-61_desk_work_surface_0001,243d4174c5ecf8e0,lap_bag_context,no_pose_observation,34560.0,1.33,,1,cam12/e1/v1,
oneshot2,03.CCTV Mobile Usage.mkv,632de9ed55947761d56d4c6142a3cb1a1fe69d0b1a6d0e01a2e404c697962623,dfine_sahi,13700.0,unknown_object,0.4047,699.97,396.23,757.44,491.07,5450.2,57.47,94.84,0.606,False,,True,R-desk,5,evt_S-61_desk_work_surface_0001,243d4174c5ecf8e0,lap_bag_context,no_pose_observation,34560.0,1.33,,1,cam12/e1/v1,
oneshot2,03.CCTV Mobile Usage.mkv,632de9ed55947761d56d4c6142a3cb1a1fe69d0b1a6d0e01a2e404c697962623,dfine_sahi,13700.0,monitor_or_bezel,0.3911,1019.66,395.52,1145.07,446.54,6398.2,125.4,51.02,2.458,False,,True,R-desk,5,evt_S-61_desk_work_surface_0001,243d4174c5ecf8e0,lap_bag_context,no_pose_observation,34560.0,1.33,,1,cam12/e1/v1,
oneshot2,03.CCTV Mobile Usage.mkv,632de9ed55947761d56d4c6142a3cb1a1fe69d0b1a6d0e01a2e404c697962623,dfine_sahi,13700.0,keyboard,0.3412,910.14,412.13,1092.2,506.31,17146.7,182.06,94.18,1.933,False,,True,R-desk,5,evt_S-61_desk_work_surface_0001,243d4174c5ecf8e0,lap_bag_context,no_pose_observation,34560.0,1.33,,1,cam12/e1/v1,
oneshot2,03.CCTV Mobile Usage.mkv,632de9ed55947761d56d4c6142a3cb1a1fe69d0b1a6d0e01a2e404c697962623,dfine_sahi,13700.0,unknown_object,0.3252,882.06,411.12,932.43,452.77,2097.8,50.37,41.65,1.21,False,,True,R-desk,5,evt_S-61_desk_work_surface_0001,243d4174c5ecf8e0,lap_bag_context,no_pose_observation,34560.0,1.33,,1,cam12/e1/v1,
oneshot2,03.CCTV Mobile Usage.mkv,632de9ed55947761d56d4c6142a3cb1a1fe69d0b1a6d0e01a2e404c697962623,dfine_sahi,13700.0,keyboard,0.3242,965.98,396.23,1096.61,475.05,10296.4,130.63,78.82,1.657,False,,True,R-desk,5,evt_S-61_desk_work_surface_0001,243d4174c5ecf8e0,lap_bag_context,no_pose_observation,34560.0,1.33,,1,cam12/e1/v1,
oneshot2,03.CCTV Mobile Usage.mkv,632de9ed55947761d56d4c6142a3cb1a1fe69d0b1a6d0e01a2e404c697962623,dfine_sahi,13700.0,unknown_object,0.3122,736.53,395.62,1140.46,491.18,38597.9,403.92,95.56,4.227,False,,True,R-desk,5,evt_S-61_desk_work_surface_0001,243d4174c5ecf8e0,lap_bag_context,no_pose_observation,34560.0,1.33,,1,cam12/e1/v1,
oneshot2,03.CCTV Mobile Usage.mkv,632de9ed55947761d56d4c6142a3cb1a1fe69d0b1a6d0e01a2e404c697962623,dfine_sahi,13700.0,unknown_object,0.277,881.3,411.54,969.9,505.57,8331.3,88.6,94.03,0.942,False,,True,R-desk,5,evt_S-61_desk_work_surface_0001,243d4174c5ecf8e0,lap_bag_context,no_pose_observation,34560.0,1.33,,1,cam12/e1/v1,
oneshot2,03.CCTV Mobile Usage.mkv,632de9ed55947761d56d4c6142a3cb1a1fe69d0b1a6d0e01a2e404c697962623,dfine_sahi,13700.0,mouse,0.2755,966.86,398.32,992.31,410.43,308.4,25.45,12.12,2.101,False,,True,R-desk,5,evt_S-61_desk_work_surface_0001,243d4174c5ecf8e0,lap_bag_context,no_pose_observation,34560.0,1.33,,1,cam12/e1/v1,
oneshot2,03.CCTV Mobile Usage.mkv,632de9ed55947761d56d4c6142a3cb1a1fe69d0b1a6d0e01a2e404c697962623,dfine_sahi,13700.0,keyboard,0.2612,882.33,380.24,968.97,453.05,6308.7,86.65,72.81,1.19,False,,True,R-desk,5,evt_S-61_desk_work_surface_0001,243d4174c5ecf8e0,lap_bag_context,no_pose_observation,34560.0,1.33,,1,cam12/e1/v1,
oneshot2,03.CCTV Mobile Usage.mkv,632de9ed55947761d56d4c6142a3cb1a1fe69d0b1a6d0e01a2e404c697962623,dfine_sahi,13700.0,unknown_object,0.2541,910.47,411.12,1177.82,506.5,25500.8,267.36,95.38,2.803,False,,True,R-desk,5,evt_S-61_desk_work_surface_0001,243d4174c5ecf8e0,lap_bag_context,no_pose_observation,34560.0,1.33,,1,cam12/e1/v1,
oneshot2,03.CCTV Mobile Usage.mkv,632de9ed55947761d56d4c6142a3cb1a1fe69d0b1a6d0e01a2e404c697962623,dfine_sahi,13700.0,keyboard,0.8943,962.1,451.9,1067.92,491.45,4185.3,105.83,39.55,2.676,False,,True,R-desk,7,evt_S-61_desk_work_surface_0001,243d4174c5ecf8e0,lap_bag_context,no_pose_observation,34560.0,1.33,,1,cam12/e1/v1,
oneshot2,03.CCTV Mobile Usage.mkv,632de9ed55947761d56d4c6142a3cb1a1fe69d0b1a6d0e01a2e404c697962623,dfine_sahi,13700.0,monitor_or_bezel,0.7706,910.05,411.11,1140.78,506.4,21985.7,230.72,95.29,2.421,False,,True,R-desk,7,evt_S-61_desk_work_surface_0001,243d4174c5ecf8e0,lap_bag_context,no_pose_observation,34560.0,1.33,,1,cam12/e1/v1,
oneshot2,03.CCTV Mobile Usage.mkv,632de9ed55947761d56d4c6142a3cb1a1fe69d0b1a6d0e01a2e404c697962623,dfine_sahi,13700.0,monitor_or_bezel,0.7502,963.79,380.38,1152.82,475.22,17926.7,189.03,94.84,1.993,False,,True,R-desk,7,evt_S-61_desk_work_surface_0001,243d4174c5ecf8e0,lap_bag_context,no_pose_observation,34560.0,1.33,,1,cam12/e1/v1,
oneshot2,03.CCTV Mobile Usage.mkv,632de9ed55947761d56d4c6142a3cb1a1fe69d0b1a6d0e01a2e404c697962623,dfine_sahi,13700.0,monitor_or_bezel,0.7047,707.05,379.91,969.7,474.94,24958.5,262.65,95.03,2.764,False,,True,R-desk,7,evt_S-61_desk_work_surface_0001,243d4174c5ecf8e0,lap_bag_context,no_pose_observation,34560.0,1.33,,1,cam12/e1/v1,
oneshot2,03.CCTV Mobile Usage.mkv,632de9ed55947761d56d4c6142a3cb1a1fe69d0b1a6d0e01a2e404c697962623,dfine_sahi,13700.0,keyboard,0.6385,772.63,380.23,871.12,420.39,3955.7,98.5,40.16,2.453,False,,True,R-desk,7,evt_S-61_desk_work_surface_0001,243d4174c5ecf8e0,lap_bag_context,no_pose_observation,34560.0,1.33,,1,cam12/e1/v1,
oneshot2,03.CCTV Mobile Usage.mkv,632de9ed55947761d56d4c6142a3cb1a1fe69d0b1a6d0e01a2e404c697962623,dfine_sahi,13700.0,unknown_object,0.6351,699.91,396.23,849.23,492.42,14363.2,149.32,96.19,1.552,False,,True,R-desk,7,evt_S-61_desk_work_surface_0001,243d4174c5ecf8e0,lap_bag_context,no_pose_observation,34560.0,1.33,,1,cam12/e1/v1,
oneshot2,03.CCTV Mobile Usage.mkv,632de9ed55947761d56d4c6142a3cb1a1fe69d0b1a6d0e01a2e404c697962623,dfine_sahi,13700.0,keyboard,0.6268,962.63,452.36,1035.07,475.63,1686.1,72.44,23.28,3.112,False,,True,R-desk,7,evt_S-61_desk_work_surface_0001,243d4174c5ecf8e0,lap_bag_context,no_pose_observation,34560.0,1.33,,1,cam12/e1/v1,
oneshot2,03.CCTV Mobile Usage.mkv,632de9ed55947761d56d4c6142a3cb1a1fe69d0b1a6d0e01a2e404c697962623,dfine_sahi,13700.0,mouse,0.5573,865.43,413.69,891.29,435.25,557.5,25.86,21.56,1.2,False,,True,R-desk,7,evt_S-61_desk_work_surface_0001,243d4174c5ecf8e0,lap_bag_context,no_pose_observation,34560.0,1.33,,1,cam12/e1/v1,
oneshot2,03.CCTV Mobile Usage.mkv,632de9ed55947761d56d4c6142a3cb1a1fe69d0b1a6d0e01a2e404c697962623,dfine_sahi,13700.0,unknown_object,0.5137,769.18,411.0,969.84,505.94,19052.0,200.66,94.95,2.113,False,,True,R-desk,7,evt_S-61_desk_work_surface_0001,243d4174c5ecf8e0,lap_bag_context,no_pose_observation,34560.0,1.33,,1,cam12/e1/v1,
oneshot2,03.CCTV Mobile Usage.mkv,632de9ed55947761d56d4c6142a3cb1a1fe69d0b1a6d0e01a2e404c697962623,dfine_sahi,13700.0,phone,0.4353,1043.38,421.51,1113.15,473.57,3632.2,69.77,52.06,1.34,False,,True,R-desk,7,evt_S-61_desk_work_surface_0001,243d4174c5ecf8e0,lap_bag_context,no_pose_observation,34560.0,1.33,,1,cam12/e1/v1,
oneshot2,03.CCTV Mobile Usage.mkv,632de9ed55947761d56d4c6142a3cb1a1fe69d0b1a6d0e01a2e404c697962623,dfine_sahi,13700.0,keyboard,0.4275,802.46,396.23,870.9,420.71,1675.4,68.44,24.48,2.796,False,,True,R-desk,7,evt_S-61_desk_work_surface_0001,243d4174c5ecf8e0,lap_bag_context,no_pose_observation,34560.0,1.33,,1,cam12/e1/v1,
oneshot2,03.CCTV Mobile Usage.mkv,632de9ed55947761d56d4c6142a3cb1a1fe69d0b1a6d0e01a2e404c697962623,dfine_sahi,13700.0,unknown_object,0.4047,699.97,396.23,757.44,491.07,5450.2,57.47,94.84,0.606,False,,True,R-desk,7,evt_S-61_desk_work_surface_0001,243d4174c5ecf8e0,lap_bag_context,no_pose_observation,34560.0,1.33,,1,cam12/e1/v1,
oneshot2,03.CCTV Mobile Usage.mkv,632de9ed55947761d56d4c6142a3cb1a1fe69d0b1a6d0e01a2e404c697962623,dfine_sahi,13700.0,monitor_or_bezel,0.3911,1019.66,395.52,1145.07,446.54,6398.2,125.4,51.02,2.458,False,,True,R-desk,7,evt_S-61_desk_work_surface_0001,243d4174c5ecf8e0,lap_bag_context,no_pose_observation,34560.0,1.33,,1,cam12/e1/v1,
oneshot2,03.CCTV Mobile Usage.mkv,632de9ed55947761d56d4c6142a3cb1a1fe69d0b1a6d0e01a2e404c697962623,dfine_sahi,13700.0,keyboard,0.3412,910.14,412.13,1092.2,506.31,17146.7,182.06,94.18,1.933,False,,True,R-desk,7,evt_S-61_desk_work_surface_0001,243d4174c5ecf8e0,lap_bag_context,no_pose_observation,34560.0,1.33,,1,cam12/e1/v1,
oneshot2,03.CCTV Mobile Usage.mkv,632de9ed55947761d56d4c6142a3cb1a1fe69d0b1a6d0e01a2e404c697962623,dfine_sahi,13700.0,unknown_object,0.3252,882.06,411.12,932.43,452.77,2097.8,50.37,41.65,1.21,False,,True,R-desk,7,evt_S-61_desk_work_surface_0001,243d4174c5ecf8e0,lap_bag_context,no_pose_observation,34560.0,1.33,,1,cam12/e1/v1,
oneshot2,03.CCTV Mobile Usage.mkv,632de9ed55947761d56d4c6142a3cb1a1fe69d0b1a6d0e01a2e404c697962623,dfine_sahi,13700.0,keyboard,0.3242,965.98,396.23,1096.61,475.05,10296.4,130.63,78.82,1.657,False,,True,R-desk,7,evt_S-61_desk_work_surface_0001,243d4174c5ecf8e0,lap_bag_context,no_pose_observation,34560.0,1.33,,1,cam12/e1/v1,
oneshot2,03.CCTV Mobile Usage.mkv,632de9ed55947761d56d4c6142a3cb1a1fe69d0b1a6d0e01a2e404c697962623,dfine_sahi,13700.0,unknown_object,0.3122,736.53,395.62,1140.46,491.18,38597.9,403.92,95.56,4.227,False,,True,R-desk,7,evt_S-61_desk_work_surface_0001,243d4174c5ecf8e0,lap_bag_context,no_pose_observation,34560.0,1.33,,1,cam12/e1/v1,
oneshot2,03.CCTV Mobile Usage.mkv,632de9ed55947761d56d4c6142a3cb1a1fe69d0b1a6d0e01a2e404c697962623,dfine_sahi,13700.0,unknown_object,0.277,881.3,411.54,969.9,505.57,8331.3,88.6,94.03,0.942,False,,True,R-desk,7,evt_S-61_desk_work_surface_0001,243d4174c5ecf8e0,lap_bag_context,no_pose_observation,34560.0,1.33,,1,cam12/e1/v1,
oneshot2,03.CCTV Mobile Usage.mkv,632de9ed55947761d56d4c6142a3cb1a1fe69d0b1a6d0e01a2e404c697962623,dfine_sahi,13700.0,mouse,0.2755,966.86,398.32,992.31,410.43,308.4,25.45,12.12,2.101,False,,True,R-desk,7,evt_S-61_desk_work_surface_0001,243d4174c5ecf8e0,lap_bag_context,no_pose_observation,34560.0,1.33,,1,cam12/e1/v1,
oneshot2,03.CCTV Mobile Usage.mkv,632de9ed55947761d56d4c6142a3cb1a1fe69d0b1a6d0e01a2e404c697962623,dfine_sahi,13700.0,keyboard,0.2612,882.33,380.24,968.97,453.05,6308.7,86.65,72.81,1.19,False,,True,R-desk,7,evt_S-61_desk_work_surface_0001,243d4174c5ecf8e0,lap_bag_context,no_pose_observation,34560.0,1.33,,1,cam12/e1/v1,
oneshot2,03.CCTV Mobile Usage.mkv,632de9ed55947761d56d4c6142a3cb1a1fe69d0b1a6d0e01a2e404c697962623,dfine_sahi,13700.0,unknown_object,0.2541,910.47,411.12,1177.82,506.5,25500.8,267.36,95.38,2.803,False,,True,R-desk,7,evt_S-61_desk_work_surface_0001,243d4174c5ecf8e0,lap_bag_context,no_pose_observation,34560.0,1.33,,1,cam12/e1/v1,
oneshot2,03.CCTV Mobile Usage.mkv,632de9ed55947761d56d4c6142a3cb1a1fe69d0b1a6d0e01a2e404c697962623,dfine_sahi,13700.0,unknown_object,0.6503,96.2,324.35,210.75,421.62,11142.7,114.55,97.27,1.178,False,,True,S-61,2,evt_S-61_desk_work_surface_0001,843ac0bd3ddb8743,pose_hand_context,,44783.0,3.02,,1,cam12/e1/v1,rtmpose_baseline
oneshot2,03.CCTV Mobile Usage.mkv,632de9ed55947761d56d4c6142a3cb1a1fe69d0b1a6d0e01a2e404c697962623,dfine_sahi,13700.0,unknown_object,0.448,0.34,254.1,45.11,306.08,2327.2,44.77,51.98,0.861,False,,True,S-61,2,evt_S-61_desk_work_surface_0001,843ac0bd3ddb8743,pose_hand_context,,44783.0,3.02,,1,cam12/e1/v1,rtmpose_baseline
oneshot2,03.CCTV Mobile Usage.mkv,632de9ed55947761d56d4c6142a3cb1a1fe69d0b1a6d0e01a2e404c697962623,dfine_sahi,13700.0,unknown_object,0.4153,-0.16,278.33,84.97,421.88,12220.0,85.13,143.55,0.593,False,,True,S-61,2,evt_S-61_desk_work_surface_0001,843ac0bd3ddb8743,pose_hand_context,,44783.0,3.02,,1,cam12/e1/v1,rtmpose_baseline
oneshot2,03.CCTV Mobile Usage.mkv,632de9ed55947761d56d4c6142a3cb1a1fe69d0b1a6d0e01a2e404c697962623,dfine_sahi,13700.0,bag,0.3746,0.43,254.6,96.07,329.45,7157.9,95.63,74.85,1.278,False,,True,S-61,2,evt_S-61_desk_work_surface_0001,843ac0bd3ddb8743,pose_hand_context,,44783.0,3.02,,1,cam12/e1/v1,rtmpose_baseline
oneshot2,03.CCTV Mobile Usage.mkv,632de9ed55947761d56d4c6142a3cb1a1fe69d0b1a6d0e01a2e404c697962623,dfine_sahi,13700.0,bag,0.3578,17.2,300.65,94.62,329.71,2250.0,77.41,29.07,2.663,False,,True,S-61,2,evt_S-61_desk_work_surface_0001,843ac0bd3ddb8743,pose_hand_context,,44783.0,3.02,,1,cam12/e1/v1,rtmpose_baseline
oneshot2,03.CCTV Mobile Usage.mkv,632de9ed55947761d56d4c6142a3cb1a1fe69d0b1a6d0e01a2e404c697962623,dfine_sahi,13700.0,unknown_object,0.3306,0.04,254.9,210.74,421.83,35171.2,210.7,166.93,1.262,False,,True,S-61,2,evt_S-61_desk_work_surface_0001,843ac0bd3ddb8743,pose_hand_context,,44783.0,3.02,,1,cam12/e1/v1,rtmpose_baseline
oneshot2,03.CCTV Mobile Usage.mkv,632de9ed55947761d56d4c6142a3cb1a1fe69d0b1a6d0e01a2e404c697962623,dfine_sahi,13700.0,keyboard,0.3124,191.28,337.71,210.99,367.37,584.6,19.71,29.66,0.664,False,,True,S-61,2,evt_S-61_desk_work_surface_0001,843ac0bd3ddb8743,pose_hand_context,,44783.0,3.02,,1,cam12/e1/v1,rtmpose_baseline
oneshot2,03.CCTV Mobile Usage.mkv,632de9ed55947761d56d4c6142a3cb1a1fe69d0b1a6d0e01a2e404c697962623,dfine_sahi,13700.0,unknown_object,0.2542,0.27,254.34,117.5,329.65,8827.7,117.23,75.3,1.557,False,,True,S-61,2,evt_S-61_desk_work_surface_0001,843ac0bd3ddb8743,pose_hand_context,,44783.0,3.02,,1,cam12/e1/v1,rtmpose_baseline
oneshot2,03.CCTV Mobile Usage.mkv,632de9ed55947761d56d4c6142a3cb1a1fe69d0b1a6d0e01a2e404c697962623,dfine_sahi,13700.0,unknown_object,0.6748,94.0,372.12,204.94,480.54,12027.8,110.94,108.42,1.023,False,,True,S-61,1,evt_S-61_desk_work_surface_0001,96838b91a5af473a,pose_hand_context,,38722.4,3.25,,1,cam12/e1/v1,rtmpose_baseline
oneshot2,03.CCTV Mobile Usage.mkv,632de9ed55947761d56d4c6142a3cb1a1fe69d0b1a6d0e01a2e404c697962623,dfine_sahi,13700.0,unknown_object,0.649,46.03,509.21,85.17,555.62,1816.6,39.14,46.41,0.843,False,,True,S-61,1,evt_S-61_desk_work_surface_0001,96838b91a5af473a,pose_hand_context,,38722.4,3.25,,1,cam12/e1/v1,rtmpose_baseline
oneshot2,03.CCTV Mobile Usage.mkv,632de9ed55947761d56d4c6142a3cb1a1fe69d0b1a6d0e01a2e404c697962623,dfine_sahi,13700.0,unknown_object,0.5722,7.96,493.85,204.72,567.96,14581.5,196.76,74.11,2.655,False,,True,S-61,1,evt_S-61_desk_work_surface_0001,96838b91a5af473a,pose_hand_context,,38722.4,3.25,,1,cam12/e1/v1,rtmpose_baseline
oneshot2,03.CCTV Mobile Usage.mkv,632de9ed55947761d56d4c6142a3cb1a1fe69d0b1a6d0e01a2e404c697962623,dfine_sahi,13700.0,stationery,0.4846,43.14,443.47,72.21,471.07,802.4,29.07,27.6,1.053,False,,True,S-61,1,evt_S-61_desk_work_surface_0001,96838b91a5af473a,pose_hand_context,,38722.4,3.25,,1,cam12/e1/v1,rtmpose_baseline
oneshot2,03.CCTV Mobile Usage.mkv,632de9ed55947761d56d4c6142a3cb1a1fe69d0b1a6d0e01a2e404c697962623,dfine_sahi,13700.0,unknown_object,0.4473,7.97,372.29,118.87,480.86,12039.7,110.9,108.56,1.022,False,,True,S-61,1,evt_S-61_desk_work_surface_0001,96838b91a5af473a,pose_hand_context,,38722.4,3.25,,1,cam12/e1/v1,rtmpose_baseline
oneshot2,03.CCTV Mobile Usage.mkv,632de9ed55947761d56d4c6142a3cb1a1fe69d0b1a6d0e01a2e404c697962623,dfine_sahi,13700.0,stationery,0.3904,8.03,415.42,103.85,502.76,8368.7,95.81,87.34,1.097,False,,True,S-61,1,evt_S-61_desk_work_surface_0001,96838b91a5af473a,pose_hand_context,,38722.4,3.25,,1,cam12/e1/v1,rtmpose_baseline
oneshot2,03.CCTV Mobile Usage.mkv,632de9ed55947761d56d4c6142a3cb1a1fe69d0b1a6d0e01a2e404c697962623,dfine_sahi,13700.0,unknown_object,0.3749,94.02,417.66,153.57,480.06,3716.1,59.55,62.4,0.954,False,,True,S-61,1,evt_S-61_desk_work_surface_0001,96838b91a5af473a,pose_hand_context,,38722.4,3.25,,1,cam12/e1/v1,rtmpose_baseline
oneshot2,03.CCTV Mobile Usage.mkv,632de9ed55947761d56d4c6142a3cb1a1fe69d0b1a6d0e01a2e404c697962623,dfine_sahi,13700.0,unknown_object,0.3212,93.98,458.08,144.96,498.15,2042.6,50.97,40.07,1.272,False,,True,S-61,1,evt_S-61_desk_work_surface_0001,96838b91a5af473a,pose_hand_context,,38722.4,3.25,,1,cam12/e1/v1,rtmpose_baseline
oneshot2,03.CCTV Mobile Usage.mkv,632de9ed55947761d56d4c6142a3cb1a1fe69d0b1a6d0e01a2e404c697962623,dfine_sahi,13700.0,unknown_object,0.3177,42.96,443.4,72.09,470.78,797.6,29.13,27.38,1.064,False,,True,S-61,1,evt_S-61_desk_work_surface_0001,96838b91a5af473a,pose_hand_context,,38722.4,3.25,,1,cam12/e1/v1,rtmpose_baseline
oneshot2,03.CCTV Mobile Usage.mkv,632de9ed55947761d56d4c6142a3cb1a1fe69d0b1a6d0e01a2e404c697962623,dfine_sahi,13700.0,unknown_object,0.3162,48.7,518.93,72.78,552.76,814.9,24.09,33.83,0.712,False,,True,S-61,1,evt_S-61_desk_work_surface_0001,96838b91a5af473a,pose_hand_context,,38722.4,3.25,,1,cam12/e1/v1,rtmpose_baseline
oneshot2,03.CCTV Mobile Usage.mkv,632de9ed55947761d56d4c6142a3cb1a1fe69d0b1a6d0e01a2e404c697962623,dfine_sahi,13700.0,unknown_object,0.3044,8.15,413.99,156.49,504.3,13395.9,148.34,90.3,1.643,False,,True,S-61,1,evt_S-61_desk_work_surface_0001,96838b91a5af473a,pose_hand_context,,38722.4,3.25,,1,cam12/e1/v1,rtmpose_baseline
oneshot2,03.CCTV Mobile Usage.mkv,632de9ed55947761d56d4c6142a3cb1a1fe69d0b1a6d0e01a2e404c697962623,dfine_sahi,13700.0,unknown_object,0.298,42.48,458.04,73.29,471.26,407.4,30.82,13.22,2.331,False,,True,S-61,1,evt_S-61_desk_work_surface_0001,96838b91a5af473a,pose_hand_context,,38722.4,3.25,,1,cam12/e1/v1,rtmpose_baseline
oneshot2,03.CCTV Mobile Usage.mkv,632de9ed55947761d56d4c6142a3cb1a1fe69d0b1a6d0e01a2e404c697962623,dfine_sahi,13700.0,unknown_object,0.2967,68.72,372.91,118.95,450.77,3911.7,50.24,77.86,0.645,False,,True,S-61,1,evt_S-61_desk_work_surface_0001,96838b91a5af473a,pose_hand_context,,38722.4,3.25,,1,cam12/e1/v1,rtmpose_baseline
oneshot2,03.CCTV Mobile Usage.mkv,632de9ed55947761d56d4c6142a3cb1a1fe69d0b1a6d0e01a2e404c697962623,dfine_sahi,13700.0,unknown_object,0.2763,8.66,458.05,118.9,502.21,4868.0,110.24,44.16,2.496,False,,True,S-61,1,evt_S-61_desk_work_surface_0001,96838b91a5af473a,pose_hand_context,,38722.4,3.25,,1,cam12/e1/v1,rtmpose_baseline
oneshot2,03.CCTV Mobile Usage.mkv,632de9ed55947761d56d4c6142a3cb1a1fe69d0b1a6d0e01a2e404c697962623,dfine_sahi,13700.0,stationery,0.2723,43.64,508.95,89.79,557.11,2223.0,46.15,48.17,0.958,False,,True,S-61,1,evt_S-61_desk_work_surface_0001,96838b91a5af473a,pose_hand_context,,38722.4,3.25,,1,cam12/e1/v1,rtmpose_baseline
p5,03.CCTV Mobile Usage.mkv,632de9ed55947761d56d4c6142a3cb1a1fe69d0b1a6d0e01a2e404c697962623,dfine_native,9700.0,unknown_object,0.4601,132.03,136.48,193.82,269.29,8207.5,61.8,132.81,0.465,False,,True,S-61,2,evt_S-61_desk_work_surface_0001,221f3c51e350e5d4,pose_hand_context,,17977.4,4.77,,1,cam12/e1/v1,rtmpose_baseline
p5,03.CCTV Mobile Usage.mkv,632de9ed55947761d56d4c6142a3cb1a1fe69d0b1a6d0e01a2e404c697962623,dfine_native,9700.0,unknown_object,0.3504,190.18,201.26,208.79,264.56,1178.5,18.62,63.3,0.294,False,,True,S-61,2,evt_S-61_desk_work_surface_0001,221f3c51e350e5d4,pose_hand_context,,17977.4,4.77,,1,cam12/e1/v1,rtmpose_baseline
p5,03.CCTV Mobile Usage.mkv,632de9ed55947761d56d4c6142a3cb1a1fe69d0b1a6d0e01a2e404c697962623,dfine_native,9700.0,unknown_object,0.2953,190.37,201.8,208.22,239.17,667.2,17.85,37.37,0.478,False,,True,S-61,2,evt_S-61_desk_work_surface_0001,221f3c51e350e5d4,pose_hand_context,,17977.4,4.77,,1,cam12/e1/v1,rtmpose_baseline
p5,03.CCTV Mobile Usage.mkv,632de9ed55947761d56d4c6142a3cb1a1fe69d0b1a6d0e01a2e404c697962623,dfine_native,9700.0,stationery,0.2724,203.21,169.66,265.51,216.53,2920.0,62.29,46.88,1.329,False,,True,S-61,2,evt_S-61_desk_work_surface_0001,221f3c51e350e5d4,pose_hand_context,,17977.4,4.77,,1,cam12/e1/v1,rtmpose_baseline
p5,03.CCTV Mobile Usage.mkv,632de9ed55947761d56d4c6142a3cb1a1fe69d0b1a6d0e01a2e404c697962623,dfine_native,9700.0,keyboard,0.9035,962.11,451.94,1068.0,491.44,4182.8,105.88,39.5,2.68,False,,True,R-desk,3,evt_S-61_desk_work_surface_0001,aa2a91065abbd7fe,lap_bag_context,no_pose_observation,34560.0,1.33,,1,cam12/e1/v1,
p5,03.CCTV Mobile Usage.mkv,632de9ed55947761d56d4c6142a3cb1a1fe69d0b1a6d0e01a2e404c697962623,dfine_native,9700.0,monitor_or_bezel,0.6032,1018.64,395.69,1145.25,447.3,6534.0,126.61,51.61,2.453,False,,True,R-desk,3,evt_S-61_desk_work_surface_0001,aa2a91065abbd7fe,lap_bag_context,no_pose_observation,34560.0,1.33,,1,cam12/e1/v1,
p5,03.CCTV Mobile Usage.mkv,632de9ed55947761d56d4c6142a3cb1a1fe69d0b1a6d0e01a2e404c697962623,dfine_native,9700.0,unknown_object,0.5179,700.11,396.17,862.39,492.21,15585.3,162.28,96.04,1.69,False,,True,R-desk,3,evt_S-61_desk_work_surface_0001,aa2a91065abbd7fe,lap_bag_context,no_pose_observation,34560.0,1.33,,1,cam12/e1/v1,
p5,03.CCTV Mobile Usage.mkv,632de9ed55947761d56d4c6142a3cb1a1fe69d0b1a6d0e01a2e404c697962623,dfine_native,9700.0,unknown_object,0.3775,699.98,396.11,771.33,491.82,6829.3,71.35,95.71,0.746,False,,True,R-desk,3,evt_S-61_desk_work_surface_0001,aa2a91065abbd7fe,lap_bag_context,no_pose_observation,34560.0,1.33,,1,cam12/e1/v1,
p5,03.CCTV Mobile Usage.mkv,632de9ed55947761d56d4c6142a3cb1a1fe69d0b1a6d0e01a2e404c697962623,dfine_native,9700.0,keyboard,0.4761,802.25,396.25,870.72,420.71,1674.8,68.47,24.46,2.799,False,,True,R-desk,3,evt_S-61_desk_work_surface_0001,aa2a91065abbd7fe,lap_bag_context,no_pose_observation,34560.0,1.33,,1,cam12/e1/v1,
p5,03.CCTV Mobile Usage.mkv,632de9ed55947761d56d4c6142a3cb1a1fe69d0b1a6d0e01a2e404c697962623,dfine_native,9700.0,phone,0.3356,1042.86,421.37,1114.04,474.47,3779.1,71.18,53.09,1.341,False,,True,R-desk,3,evt_S-61_desk_work_surface_0001,aa2a91065abbd7fe,lap_bag_context,no_pose_observation,34560.0,1.33,,1,cam12/e1/v1,
p5,03.CCTV Mobile Usage.mkv,632de9ed55947761d56d4c6142a3cb1a1fe69d0b1a6d0e01a2e404c697962623,dfine_native,9700.0,unknown_object,0.3186,700.06,396.27,758.23,490.41,5476.6,58.17,94.14,0.618,False,,True,R-desk,3,evt_S-61_desk_work_surface_0001,aa2a91065abbd7fe,lap_bag_context,no_pose_observation,34560.0,1.33,,1,cam12/e1/v1,
p5,03.CCTV Mobile Usage.mkv,632de9ed55947761d56d4c6142a3cb1a1fe69d0b1a6d0e01a2e404c697962623,dfine_native,9700.0,monitor_or_bezel,0.2952,1011.98,395.68,1146.4,488.42,12466.4,134.42,92.74,1.449,False,,True,R-desk,3,evt_S-61_desk_work_surface_0001,aa2a91065abbd7fe,lap_bag_context,no_pose_observation,34560.0,1.33,,1,cam12/e1/v1,
p5,03.CCTV Mobile Usage.mkv,632de9ed55947761d56d4c6142a3cb1a1fe69d0b1a6d0e01a2e404c697962623,dfine_native,9700.0,monitor_or_bezel,0.2681,881.36,396.18,948.1,452.48,3757.9,66.74,56.3,1.185,False,,True,R-desk,3,evt_S-61_desk_work_surface_0001,aa2a91065abbd7fe,lap_bag_context,no_pose_observation,34560.0,1.33,,1,cam12/e1/v1,
p5,03.CCTV Mobile Usage.mkv,632de9ed55947761d56d4c6142a3cb1a1fe69d0b1a6d0e01a2e404c697962623,dfine_native,9700.0,mouse,0.5184,864.74,413.84,892.29,435.32,591.6,27.54,21.48,1.282,False,,True,R-desk,3,evt_S-61_desk_work_surface_0001,aa2a91065abbd7fe,lap_bag_context,no_pose_observation,34560.0,1.33,,1,cam12/e1/v1,
p5,03.CCTV Mobile Usage.mkv,632de9ed55947761d56d4c6142a3cb1a1fe69d0b1a6d0e01a2e404c697962623,dfine_native,9700.0,mouse,0.278,967.15,398.42,992.01,410.59,302.6,24.86,12.17,2.042,False,,True,R-desk,3,evt_S-61_desk_work_surface_0001,aa2a91065abbd7fe,lap_bag_context,no_pose_observation,34560.0,1.33,,1,cam12/e1/v1,
p5,03.CCTV Mobile Usage.mkv,632de9ed55947761d56d4c6142a3cb1a1fe69d0b1a6d0e01a2e404c697962623,dfine_native,9700.0,unknown_object,0.2805,700.03,396.09,835.11,492.14,12974.5,135.08,96.05,1.406,False,,True,R-desk,3,evt_S-61_desk_work_surface_0001,aa2a91065abbd7fe,lap_bag_context,no_pose_observation,34560.0,1.33,,1,cam12/e1/v1,
p5,03.CCTV Mobile Usage.mkv,632de9ed55947761d56d4c6142a3cb1a1fe69d0b1a6d0e01a2e404c697962623,dfine_native,9700.0,mouse,0.2529,991.28,400.93,1028.29,413.57,467.7,37.01,12.63,2.929,False,,True,R-desk,3,evt_S-61_desk_work_surface_0001,aa2a91065abbd7fe,lap_bag_context,no_pose_observation,34560.0,1.33,,1,cam12/e1/v1,
p5,03.CCTV Mobile Usage.mkv,632de9ed55947761d56d4c6142a3cb1a1fe69d0b1a6d0e01a2e404c697962623,dfine_native,9700.0,keyboard,0.9035,962.11,451.94,1068.0,491.44,4182.8,105.88,39.5,2.68,False,,True,R-desk,4,evt_S-61_desk_work_surface_0001,aa2a91065abbd7fe,lap_bag_context,no_pose_observation,34560.0,1.33,,1,cam12/e1/v1,
p5,03.CCTV Mobile Usage.mkv,632de9ed55947761d56d4c6142a3cb1a1fe69d0b1a6d0e01a2e404c697962623,dfine_native,9700.0,monitor_or_bezel,0.6032,1018.64,395.69,1145.25,447.3,6534.0,126.61,51.61,2.453,False,,True,R-desk,4,evt_S-61_desk_work_surface_0001,aa2a91065abbd7fe,lap_bag_context,no_pose_observation,34560.0,1.33,,1,cam12/e1/v1,
p5,03.CCTV Mobile Usage.mkv,632de9ed55947761d56d4c6142a3cb1a1fe69d0b1a6d0e01a2e404c697962623,dfine_native,9700.0,unknown_object,0.5179,700.11,396.17,862.39,492.21,15585.3,162.28,96.04,1.69,False,,True,R-desk,4,evt_S-61_desk_work_surface_0001,aa2a91065abbd7fe,lap_bag_context,no_pose_observation,34560.0,1.33,,1,cam12/e1/v1,
p5,03.CCTV Mobile Usage.mkv,632de9ed55947761d56d4c6142a3cb1a1fe69d0b1a6d0e01a2e404c697962623,dfine_native,9700.0,unknown_object,0.3775,699.98,396.11,771.33,491.82,6829.3,71.35,95.71,0.746,False,,True,R-desk,4,evt_S-61_desk_work_surface_0001,aa2a91065abbd7fe,lap_bag_context,no_pose_observation,34560.0,1.33,,1,cam12/e1/v1,
p5,03.CCTV Mobile Usage.mkv,632de9ed55947761d56d4c6142a3cb1a1fe69d0b1a6d0e01a2e404c697962623,dfine_native,9700.0,keyboard,0.4761,802.25,396.25,870.72,420.71,1674.8,68.47,24.46,2.799,False,,True,R-desk,4,evt_S-61_desk_work_surface_0001,aa2a91065abbd7fe,lap_bag_context,no_pose_observation,34560.0,1.33,,1,cam12/e1/v1,
p5,03.CCTV Mobile Usage.mkv,632de9ed55947761d56d4c6142a3cb1a1fe69d0b1a6d0e01a2e404c697962623,dfine_native,9700.0,phone,0.3356,1042.86,421.37,1114.04,474.47,3779.1,71.18,53.09,1.341,False,,True,R-desk,4,evt_S-61_desk_work_surface_0001,aa2a91065abbd7fe,lap_bag_context,no_pose_observation,34560.0,1.33,,1,cam12/e1/v1,
p5,03.CCTV Mobile Usage.mkv,632de9ed55947761d56d4c6142a3cb1a1fe69d0b1a6d0e01a2e404c697962623,dfine_native,9700.0,unknown_object,0.3186,700.06,396.27,758.23,490.41,5476.6,58.17,94.14,0.618,False,,True,R-desk,4,evt_S-61_desk_work_surface_0001,aa2a91065abbd7fe,lap_bag_context,no_pose_observation,34560.0,1.33,,1,cam12/e1/v1,
p5,03.CCTV Mobile Usage.mkv,632de9ed55947761d56d4c6142a3cb1a1fe69d0b1a6d0e01a2e404c697962623,dfine_native,9700.0,monitor_or_bezel,0.2952,1011.98,395.68,1146.4,488.42,12466.4,134.42,92.74,1.449,False,,True,R-desk,4,evt_S-61_desk_work_surface_0001,aa2a91065abbd7fe,lap_bag_context,no_pose_observation,34560.0,1.33,,1,cam12/e1/v1,
p5,03.CCTV Mobile Usage.mkv,632de9ed55947761d56d4c6142a3cb1a1fe69d0b1a6d0e01a2e404c697962623,dfine_native,9700.0,monitor_or_bezel,0.2681,881.36,396.18,948.1,452.48,3757.9,66.74,56.3,1.185,False,,True,R-desk,4,evt_S-61_desk_work_surface_0001,aa2a91065abbd7fe,lap_bag_context,no_pose_observation,34560.0,1.33,,1,cam12/e1/v1,
p5,03.CCTV Mobile Usage.mkv,632de9ed55947761d56d4c6142a3cb1a1fe69d0b1a6d0e01a2e404c697962623,dfine_native,9700.0,mouse,0.5184,864.74,413.84,892.29,435.32,591.6,27.54,21.48,1.282,False,,True,R-desk,4,evt_S-61_desk_work_surface_0001,aa2a91065abbd7fe,lap_bag_context,no_pose_observation,34560.0,1.33,,1,cam12/e1/v1,
p5,03.CCTV Mobile Usage.mkv,632de9ed55947761d56d4c6142a3cb1a1fe69d0b1a6d0e01a2e404c697962623,dfine_native,9700.0,mouse,0.278,967.15,398.42,992.01,410.59,302.6,24.86,12.17,2.042,False,,True,R-desk,4,evt_S-61_desk_work_surface_0001,aa2a91065abbd7fe,lap_bag_context,no_pose_observation,34560.0,1.33,,1,cam12/e1/v1,
p5,03.CCTV Mobile Usage.mkv,632de9ed55947761d56d4c6142a3cb1a1fe69d0b1a6d0e01a2e404c697962623,dfine_native,9700.0,unknown_object,0.2805,700.03,396.09,835.11,492.14,12974.5,135.08,96.05,1.406,False,,True,R-desk,4,evt_S-61_desk_work_surface_0001,aa2a91065abbd7fe,lap_bag_context,no_pose_observation,34560.0,1.33,,1,cam12/e1/v1,
p5,03.CCTV Mobile Usage.mkv,632de9ed55947761d56d4c6142a3cb1a1fe69d0b1a6d0e01a2e404c697962623,dfine_native,9700.0,mouse,0.2529,991.28,400.93,1028.29,413.57,467.7,37.01,12.63,2.929,False,,True,R-desk,4,evt_S-61_desk_work_surface_0001,aa2a91065abbd7fe,lap_bag_context,no_pose_observation,34560.0,1.33,,1,cam12/e1/v1,
p5,03.CCTV Mobile Usage.mkv,632de9ed55947761d56d4c6142a3cb1a1fe69d0b1a6d0e01a2e404c697962623,dfine_native,9700.0,unknown_object,0.2924,144.46,502.6,248.93,597.44,9907.9,104.47,94.84,1.101,False,,True,S-61,1,evt_S-61_desk_work_surface_0001,d142004b4e59ec48,pose_hand_context,,20713.0,4.45,,1,cam12/e1/v1,rtmpose_baseline
p5,03.CCTV Mobile Usage.mkv,632de9ed55947761d56d4c6142a3cb1a1fe69d0b1a6d0e01a2e404c697962623,dfine_native,10200.0,bag,0.4527,182.8,261.1,259.26,295.64,2640.9,76.46,34.54,2.214,False,,True,S-61,2,evt_S-61_desk_work_surface_0001,3ca57fae345726aa,pose_hand_context,,19605.6,4.57,,1,cam12/e1/v1,rtmpose_baseline
p5,03.CCTV Mobile Usage.mkv,632de9ed55947761d56d4c6142a3cb1a1fe69d0b1a6d0e01a2e404c697962623,dfine_native,10200.0,unknown_object,0.2898,163.0,181.67,224.96,259.86,4844.8,61.96,78.19,0.792,False,,True,S-61,2,evt_S-61_desk_work_surface_0001,3ca57fae345726aa,pose_hand_context,,19605.6,4.57,,1,cam12/e1/v1,rtmpose_baseline
p5,03.CCTV Mobile Usage.mkv,632de9ed55947761d56d4c6142a3cb1a1fe69d0b1a6d0e01a2e404c697962623,dfine_native,10200.0,unknown_object,0.5567,112.03,451.18,239.95,578.3,16261.5,127.92,127.12,1.006,False,,True,S-61,1,evt_S-61_desk_work_surface_0001,9cb192cf057e470f,pose_hand_context,,16574.0,4.97,,1,cam12/e1/v1,rtmpose_baseline
p5,03.CCTV Mobile Usage.mkv,632de9ed55947761d56d4c6142a3cb1a1fe69d0b1a6d0e01a2e404c697962623,dfine_native,10200.0,unknown_object,0.2532,142.31,474.44,239.99,577.71,10087.4,97.68,103.27,0.946,False,,True,S-61,1,evt_S-61_desk_work_surface_0001,9cb192cf057e470f,pose_hand_context,,16574.0,4.97,,1,cam12/e1/v1,rtmpose_baseline
p5,03.CCTV Mobile Usage.mkv,632de9ed55947761d56d4c6142a3cb1a1fe69d0b1a6d0e01a2e404c697962623,dfine_native,10700.0,unknown_object,0.6902,112.2,261.21,241.92,331.36,9098.9,129.72,70.14,1.849,False,,True,S-61,2,evt_S-61_desk_work_surface_0001,306d5f013085fa12,pose_hand_context,,22428.1,4.27,,1,cam12/e1/v1,rtmpose_baseline
p5,03.CCTV Mobile Usage.mkv,632de9ed55947761d56d4c6142a3cb1a1fe69d0b1a6d0e01a2e404c697962623,dfine_native,10700.0,unknown_object,0.4654,211.13,228.02,228.93,255.87,495.9,17.8,27.85,0.639,False,,True,S-61,2,evt_S-61_desk_work_surface_0001,306d5f013085fa12,pose_hand_context,,22428.1,4.27,,1,cam12/e1/v1,rtmpose_baseline
p5,03.CCTV Mobile Usage.mkv,632de9ed55947761d56d4c6142a3cb1a1fe69d0b1a6d0e01a2e404c697962623,dfine_native,10700.0,unknown_object,0.2988,112.7,265.44,186.99,331.16,4882.6,74.29,65.72,1.13,False,,True,S-61,2,evt_S-61_desk_work_surface_0001,306d5f013085fa12,pose_hand_context,,22428.1,4.27,,1,cam12/e1/v1,rtmpose_baseline
p5,03.CCTV Mobile Usage.mkv,632de9ed55947761d56d4c6142a3cb1a1fe69d0b1a6d0e01a2e404c697962623,dfine_native,10700.0,unknown_object,0.2683,111.92,239.0,241.81,331.25,11982.0,129.89,92.25,1.408,False,,True,S-61,2,evt_S-61_desk_work_surface_0001,306d5f013085fa12,pose_hand_context,,22428.1,4.27,,1,cam12/e1/v1,rtmpose_baseline
p5,03.CCTV Mobile Usage.mkv,632de9ed55947761d56d4c6142a3cb1a1fe69d0b1a6d0e01a2e404c697962623,dfine_native,10700.0,unknown_object,0.274,112.46,225.49,241.92,331.26,13694.4,129.46,105.78,1.224,False,,True,S-61,2,evt_S-61_desk_work_surface_0001,306d5f013085fa12,pose_hand_context,,22428.1,4.27,,1,cam12/e1/v1,rtmpose_baseline
p5,03.CCTV Mobile Usage.mkv,632de9ed55947761d56d4c6142a3cb1a1fe69d0b1a6d0e01a2e404c697962623,dfine_native,10700.0,unknown_object,0.4196,132.38,471.75,243.9,567.08,10632.2,111.52,95.34,1.17,False,,True,S-61,1,evt_S-61_desk_work_surface_0001,fc3e6f6ad9de900d,pose_hand_context,,16022.5,5.06,,1,cam12/e1/v1,rtmpose_baseline
p5,03.CCTV Mobile Usage.mkv,632de9ed55947761d56d4c6142a3cb1a1fe69d0b1a6d0e01a2e404c697962623,dfine_native,11200.0,unknown_object,0.6306,120.13,457.18,237.14,564.31,12534.1,117.0,107.13,1.092,False,,True,S-61,1,evt_S-61_desk_work_surface_0001,2bebd0989d616603,pose_hand_context,,13815.7,5.44,,1,cam12/e1/v1,rtmpose_baseline
p5,03.CCTV Mobile Usage.mkv,632de9ed55947761d56d4c6142a3cb1a1fe69d0b1a6d0e01a2e404c697962623,dfine_native,11200.0,unknown_object,0.5379,120.01,457.2,237.18,574.41,13734.0,117.17,117.21,1.0,False,,True,S-61,1,evt_S-61_desk_work_surface_0001,2bebd0989d616603,pose_hand_context,,13815.7,5.44,,1,cam12/e1/v1,rtmpose_baseline
p5,03.CCTV Mobile Usage.mkv,632de9ed55947761d56d4c6142a3cb1a1fe69d0b1a6d0e01a2e404c697962623,dfine_native,11200.0,unknown_object,0.2585,120.27,457.25,237.19,562.84,12346.4,116.92,105.6,1.107,False,,True,S-61,1,evt_S-61_desk_work_surface_0001,2bebd0989d616603,pose_hand_context,,13815.7,5.44,,1,cam12/e1/v1,rtmpose_baseline
p5,03.CCTV Mobile Usage.mkv,632de9ed55947761d56d4c6142a3cb1a1fe69d0b1a6d0e01a2e404c697962623,dfine_native,11200.0,unknown_object,0.358,126.41,471.46,237.12,563.24,10161.5,110.71,91.78,1.206,False,,True,S-61,1,evt_S-61_desk_work_surface_0001,2bebd0989d616603,pose_hand_context,,13815.7,5.44,,1,cam12/e1/v1,rtmpose_baseline
p5,03.CCTV Mobile Usage.mkv,632de9ed55947761d56d4c6142a3cb1a1fe69d0b1a6d0e01a2e404c697962623,dfine_native,11200.0,unknown_object,0.2609,120.01,471.61,237.16,574.59,12063.4,117.15,102.97,1.138,False,,True,S-61,1,evt_S-61_desk_work_surface_0001,2bebd0989d616603,pose_hand_context,,13815.7,5.44,,1,cam12/e1/v1,rtmpose_baseline
p5,03.CCTV Mobile Usage.mkv,632de9ed55947761d56d4c6142a3cb1a1fe69d0b1a6d0e01a2e404c697962623,dfine_native,11200.0,unknown_object,0.2798,119.96,505.56,237.13,574.62,8091.9,117.17,69.06,1.697,False,,True,S-61,1,evt_S-61_desk_work_surface_0001,2bebd0989d616603,pose_hand_context,,13815.7,5.44,,1,cam12/e1/v1,rtmpose_baseline
p5,03.CCTV Mobile Usage.mkv,632de9ed55947761d56d4c6142a3cb1a1fe69d0b1a6d0e01a2e404c697962623,dfine_native,11200.0,unknown_object,0.3352,265.15,279.6,315.32,337.77,2918.8,50.18,58.17,0.863,False,,True,S-61,2,evt_S-61_desk_work_surface_0001,44302ce98e67dd02,pose_hand_context,,29721.8,3.71,,1,cam12/e1/v1,rtmpose_baseline
p5,03.CCTV Mobile Usage.mkv,632de9ed55947761d56d4c6142a3cb1a1fe69d0b1a6d0e01a2e404c697962623,dfine_native,11200.0,unknown_object,0.3905,244.12,207.27,415.94,379.32,29560.8,171.82,172.05,0.999,False,,True,S-61,2,evt_S-61_desk_work_surface_0001,44302ce98e67dd02,pose_hand_context,,29721.8,3.71,,1,cam12/e1/v1,rtmpose_baseline
p5,03.CCTV Mobile Usage.mkv,632de9ed55947761d56d4c6142a3cb1a1fe69d0b1a6d0e01a2e404c697962623,dfine_native,11200.0,unknown_object,0.2608,266.0,240.09,318.86,338.05,5178.1,52.86,97.96,0.54,False,,True,S-61,2,evt_S-61_desk_work_surface_0001,44302ce98e67dd02,pose_hand_context,,29721.8,3.71,,1,cam12/e1/v1,rtmpose_baseline
p5,03.CCTV Mobile Usage.mkv,632de9ed55947761d56d4c6142a3cb1a1fe69d0b1a6d0e01a2e404c697962623,dfine_native,11200.0,unknown_object,0.3257,264.97,211.89,344.94,378.97,13361.4,79.97,167.08,0.479,False,,True,S-61,2,evt_S-61_desk_work_surface_0001,44302ce98e67dd02,pose_hand_context,,29721.8,3.71,,1,cam12/e1/v1,rtmpose_baseline
p5,03.CCTV Mobile Usage.mkv,632de9ed55947761d56d4c6142a3cb1a1fe69d0b1a6d0e01a2e404c697962623,dfine_native,11200.0,unknown_object,0.2655,264.92,216.41,320.15,369.51,8455.4,55.23,153.1,0.361,False,,True,S-61,2,evt_S-61_desk_work_surface_0001,44302ce98e67dd02,pose_hand_context,,29721.8,3.71,,1,cam12/e1/v1,rtmpose_baseline
p5,03.CCTV Mobile Usage.mkv,632de9ed55947761d56d4c6142a3cb1a1fe69d0b1a6d0e01a2e404c697962623,dfine_native,11200.0,unknown_object,0.2735,265.84,279.49,339.75,379.34,7379.5,73.91,99.85,0.74,False,,True,S-61,2,evt_S-61_desk_work_surface_0001,44302ce98e67dd02,pose_hand_context,,29721.8,3.71,,1,cam12/e1/v1,rtmpose_baseline
p5,03.CCTV Mobile Usage.mkv,632de9ed55947761d56d4c6142a3cb1a1fe69d0b1a6d0e01a2e404c697962623,dfine_native,11200.0,unknown_object,0.3329,265.59,215.02,320.16,338.78,6754.1,54.57,123.76,0.441,False,,True,S-61,2,evt_S-61_desk_work_surface_0001,44302ce98e67dd02,pose_hand_context,,29721.8,3.71,,1,cam12/e1/v1,rtmpose_baseline
p5,03.CCTV Mobile Usage.mkv,632de9ed55947761d56d4c6142a3cb1a1fe69d0b1a6d0e01a2e404c697962623,dfine_native,11200.0,unknown_object,0.2711,265.83,280.4,307.2,329.49,2030.8,41.37,49.09,0.843,False,,True,S-61,2,evt_S-61_desk_work_surface_0001,44302ce98e67dd02,pose_hand_context,,29721.8,3.71,,1,cam12/e1/v1,rtmpose_baseline
p5,03.CCTV Mobile Usage.mkv,632de9ed55947761d56d4c6142a3cb1a1fe69d0b1a6d0e01a2e404c697962623,dfine_native,11200.0,keyboard,0.9082,962.22,452.01,1067.87,491.44,4165.1,105.65,39.42,2.68,False,,True,R-desk,5,evt_S-61_desk_work_surface_0001,7739ac136bb8b8c8,lap_bag_context,no_pose_observation,34560.0,1.33,,1,cam12/e1/v1,
p5,03.CCTV Mobile Usage.mkv,632de9ed55947761d56d4c6142a3cb1a1fe69d0b1a6d0e01a2e404c697962623,dfine_native,11200.0,monitor_or_bezel,0.6147,1018.42,395.79,1145.54,447.56,6581.6,127.12,51.77,2.455,False,,True,R-desk,5,evt_S-61_desk_work_surface_0001,7739ac136bb8b8c8,lap_bag_context,no_pose_observation,34560.0,1.33,,1,cam12/e1/v1,
p5,03.CCTV Mobile Usage.mkv,632de9ed55947761d56d4c6142a3cb1a1fe69d0b1a6d0e01a2e404c697962623,dfine_native,11200.0,unknown_object,0.5516,699.96,396.18,857.23,492.13,15088.9,157.27,95.94,1.639,False,,True,R-desk,5,evt_S-61_desk_work_surface_0001,7739ac136bb8b8c8,lap_bag_context,no_pose_observation,34560.0,1.33,,1,cam12/e1/v1,
p5,03.CCTV Mobile Usage.mkv,632de9ed55947761d56d4c6142a3cb1a1fe69d0b1a6d0e01a2e404c697962623,dfine_native,11200.0,unknown_object,0.4261,699.99,396.11,770.01,491.7,6692.6,70.02,95.59,0.732,False,,True,R-desk,5,evt_S-61_desk_work_surface_0001,7739ac136bb8b8c8,lap_bag_context,no_pose_observation,34560.0,1.33,,1,cam12/e1/v1,
p5,03.CCTV Mobile Usage.mkv,632de9ed55947761d56d4c6142a3cb1a1fe69d0b1a6d0e01a2e404c697962623,dfine_native,11200.0,keyboard,0.5001,802.17,396.24,870.79,420.69,1677.9,68.61,24.45,2.806,False,,True,R-desk,5,evt_S-61_desk_work_surface_0001,7739ac136bb8b8c8,lap_bag_context,no_pose_observation,34560.0,1.33,,1,cam12/e1/v1,
p5,03.CCTV Mobile Usage.mkv,632de9ed55947761d56d4c6142a3cb1a1fe69d0b1a6d0e01a2e404c697962623,dfine_native,11200.0,phone,0.3421,1042.74,421.48,1113.79,474.48,3765.2,71.04,53.0,1.341,False,,True,R-desk,5,evt_S-61_desk_work_surface_0001,7739ac136bb8b8c8,lap_bag_context,no_pose_observation,34560.0,1.33,,1,cam12/e1/v1,
p5,03.CCTV Mobile Usage.mkv,632de9ed55947761d56d4c6142a3cb1a1fe69d0b1a6d0e01a2e404c697962623,dfine_native,11200.0,monitor_or_bezel,0.2856,1011.31,395.81,1146.83,487.99,12491.4,135.51,92.18,1.47,False,,True,R-desk,5,evt_S-61_desk_work_surface_0001,7739ac136bb8b8c8,lap_bag_context,no_pose_observation,34560.0,1.33,,1,cam12/e1/v1,
p5,03.CCTV Mobile Usage.mkv,632de9ed55947761d56d4c6142a3cb1a1fe69d0b1a6d0e01a2e404c697962623,dfine_native,11200.0,unknown_object,0.341,700.07,396.33,757.33,490.32,5382.0,57.27,93.98,0.609,False,,True,R-desk,5,evt_S-61_desk_work_surface_0001,7739ac136bb8b8c8,lap_bag_context,no_pose_observation,34560.0,1.33,,1,cam12/e1/v1,
p5,03.CCTV Mobile Usage.mkv,632de9ed55947761d56d4c6142a3cb1a1fe69d0b1a6d0e01a2e404c697962623,dfine_native,11200.0,mouse,0.5338,864.88,413.88,892.04,435.01,574.0,27.15,21.14,1.285,False,,True,R-desk,5,evt_S-61_desk_work_surface_0001,7739ac136bb8b8c8,lap_bag_context,no_pose_observation,34560.0,1.33,,1,cam12/e1/v1,
p5,03.CCTV Mobile Usage.mkv,632de9ed55947761d56d4c6142a3cb1a1fe69d0b1a6d0e01a2e404c697962623,dfine_native,11200.0,monitor_or_bezel,0.2997,881.31,396.18,948.85,452.47,3801.9,67.54,56.29,1.2,False,,True,R-desk,5,evt_S-61_desk_work_surface_0001,7739ac136bb8b8c8,lap_bag_context,no_pose_observation,34560.0,1.33,,1,cam12/e1/v1,
p5,03.CCTV Mobile Usage.mkv,632de9ed55947761d56d4c6142a3cb1a1fe69d0b1a6d0e01a2e404c697962623,dfine_native,11200.0,mouse,0.299,967.15,398.48,991.99,410.58,300.8,24.84,12.11,2.052,False,,True,R-desk,5,evt_S-61_desk_work_surface_0001,7739ac136bb8b8c8,lap_bag_context,no_pose_observation,34560.0,1.33,,1,cam12/e1/v1,
p5,03.CCTV Mobile Usage.mkv,632de9ed55947761d56d4c6142a3cb1a1fe69d0b1a6d0e01a2e404c697962623,dfine_native,11200.0,mouse,0.2503,991.25,400.95,1028.24,413.52,465.0,37.0,12.57,2.943,False,,True,R-desk,5,evt_S-61_desk_work_surface_0001,7739ac136bb8b8c8,lap_bag_context,no_pose_observation,34560.0,1.33,,1,cam12/e1/v1,
p5,03.CCTV Mobile Usage.mkv,632de9ed55947761d56d4c6142a3cb1a1fe69d0b1a6d0e01a2e404c697962623,dfine_native,11200.0,mouse,0.2578,990.77,399.34,1026.6,413.25,498.4,35.83,13.91,2.576,False,,True,R-desk,5,evt_S-61_desk_work_surface_0001,7739ac136bb8b8c8,lap_bag_context,no_pose_observation,34560.0,1.33,,1,cam12/e1/v1,
p5,03.CCTV Mobile Usage.mkv,632de9ed55947761d56d4c6142a3cb1a1fe69d0b1a6d0e01a2e404c697962623,dfine_native,11700.0,unknown_object,0.4091,58.01,537.57,96.74,603.13,2539.6,38.74,65.56,0.591,False,,True,S-61,1,evt_S-61_desk_work_surface_0001,b6a05af65e1ac343,pose_hand_context,,28995.3,3.76,,1,cam12/e1/v1,rtmpose_baseline
p5,03.CCTV Mobile Usage.mkv,632de9ed55947761d56d4c6142a3cb1a1fe69d0b1a6d0e01a2e404c697962623,dfine_native,11700.0,stationery,0.4808,57.97,509.52,85.38,552.39,1175.0,27.4,42.87,0.639,False,,True,S-61,1,evt_S-61_desk_work_surface_0001,b6a05af65e1ac343,pose_hand_context,,28995.3,3.76,,1,cam12/e1/v1,rtmpose_baseline
p5,03.CCTV Mobile Usage.mkv,632de9ed55947761d56d4c6142a3cb1a1fe69d0b1a6d0e01a2e404c697962623,dfine_native,11700.0,unknown_object,0.3189,90.9,475.58,218.82,603.21,16326.1,127.91,127.63,1.002,False,,True,S-61,1,evt_S-61_desk_work_surface_0001,b6a05af65e1ac343,pose_hand_context,,28995.3,3.76,,1,cam12/e1/v1,rtmpose_baseline
p5,03.CCTV Mobile Usage.mkv,632de9ed55947761d56d4c6142a3cb1a1fe69d0b1a6d0e01a2e404c697962623,dfine_native,11700.0,unknown_object,0.352,57.99,486.29,97.41,602.22,4569.9,39.42,115.92,0.34,False,,True,S-61,1,evt_S-61_desk_work_surface_0001,b6a05af65e1ac343,pose_hand_context,,28995.3,3.76,,1,cam12/e1/v1,rtmpose_baseline
p5,03.CCTV Mobile Usage.mkv,632de9ed55947761d56d4c6142a3cb1a1fe69d0b1a6d0e01a2e404c697962623,dfine_native,11700.0,unknown_object,0.2911,58.51,474.24,225.71,603.23,21567.0,167.2,128.99,1.296,False,,True,S-61,1,evt_S-61_desk_work_surface_0001,b6a05af65e1ac343,pose_hand_context,,28995.3,3.76,,1,cam12/e1/v1,rtmpose_baseline
p5,03.CCTV Mobile Usage.mkv,632de9ed55947761d56d4c6142a3cb1a1fe69d0b1a6d0e01a2e404c697962623,dfine_native,11700.0,unknown_object,0.3554,58.73,476.46,219.68,603.2,20399.7,160.95,126.74,1.27,False,,True,S-61,1,evt_S-61_desk_work_surface_0001,b6a05af65e1ac343,pose_hand_context,,28995.3,3.76,,1,cam12/e1/v1,rtmpose_baseline
p5,03.CCTV Mobile Usage.mkv,632de9ed55947761d56d4c6142a3cb1a1fe69d0b1a6d0e01a2e404c697962623,dfine_native,11700.0,unknown_object,0.2704,58.12,476.96,229.03,603.28,21589.6,170.91,126.32,1.353,False,,True,S-61,1,evt_S-61_desk_work_surface_0001,b6a05af65e1ac343,pose_hand_context,,28995.3,3.76,,1,cam12/e1/v1,rtmpose_baseline
p5,03.CCTV Mobile Usage.mkv,632de9ed55947761d56d4c6142a3cb1a1fe69d0b1a6d0e01a2e404c697962623,dfine_native,12200.0,keyboard,0.8976,962.17,451.89,1068.0,491.41,4183.0,105.84,39.52,2.678,False,,True,R-desk,6,evt_S-61_desk_work_surface_0001,590143951782a0e5,lap_bag_context,no_pose_observation,34560.0,1.33,,1,cam12/e1/v1,
p5,03.CCTV Mobile Usage.mkv,632de9ed55947761d56d4c6142a3cb1a1fe69d0b1a6d0e01a2e404c697962623,dfine_native,12200.0,unknown_object,0.621,699.92,396.22,849.64,492.05,14348.2,149.72,95.83,1.562,False,,True,R-desk,6,evt_S-61_desk_work_surface_0001,590143951782a0e5,lap_bag_context,no_pose_observation,34560.0,1.33,,1,cam12/e1/v1,
p5,03.CCTV Mobile Usage.mkv,632de9ed55947761d56d4c6142a3cb1a1fe69d0b1a6d0e01a2e404c697962623,dfine_native,12200.0,monitor_or_bezel,0.3169,735.83,395.53,1142.96,491.11,38914.7,407.13,95.58,4.259,False,,True,R-desk,6,evt_S-61_desk_work_surface_0001,590143951782a0e5,lap_bag_context,no_pose_observation,34560.0,1.33,,1,cam12/e1/v1,
p5,03.CCTV Mobile Usage.mkv,632de9ed55947761d56d4c6142a3cb1a1fe69d0b1a6d0e01a2e404c697962623,dfine_native,12200.0,keyboard,0.4259,802.41,396.23,870.38,420.7,1663.5,67.97,24.47,2.777,False,,True,R-desk,6,evt_S-61_desk_work_surface_0001,590143951782a0e5,lap_bag_context,no_pose_observation,34560.0,1.33,,1,cam12/e1/v1,
p5,03.CCTV Mobile Usage.mkv,632de9ed55947761d56d4c6142a3cb1a1fe69d0b1a6d0e01a2e404c697962623,dfine_native,12200.0,monitor_or_bezel,0.3708,1019.35,395.54,1145.38,447.63,6564.5,126.03,52.09,2.42,False,,True,R-desk,6,evt_S-61_desk_work_surface_0001,590143951782a0e5,lap_bag_context,no_pose_observation,34560.0,1.33,,1,cam12/e1/v1,
p5,03.CCTV Mobile Usage.mkv,632de9ed55947761d56d4c6142a3cb1a1fe69d0b1a6d0e01a2e404c697962623,dfine_native,12200.0,monitor_or_bezel,0.3959,1014.33,395.57,1146.85,488.82,12356.1,132.51,93.24,1.421,False,,True,R-desk,6,evt_S-61_desk_work_surface_0001,590143951782a0e5,lap_bag_context,no_pose_observation,34560.0,1.33,,1,cam12/e1/v1,
p5,03.CCTV Mobile Usage.mkv,632de9ed55947761d56d4c6142a3cb1a1fe69d0b1a6d0e01a2e404c697962623,dfine_native,12200.0,unknown_object,0.3516,700.03,396.15,774.6,491.77,7129.7,74.56,95.62,0.78,False,,True,R-desk,6,evt_S-61_desk_work_surface_0001,590143951782a0e5,lap_bag_context,no_pose_observation,34560.0,1.33,,1,cam12/e1/v1,
p5,03.CCTV Mobile Usage.mkv,632de9ed55947761d56d4c6142a3cb1a1fe69d0b1a6d0e01a2e404c697962623,dfine_native,12200.0,phone,0.3032,1042.76,421.37,1113.57,474.32,3748.9,70.8,52.95,1.337,False,,True,R-desk,6,evt_S-61_desk_work_surface_0001,590143951782a0e5,lap_bag_context,no_pose_observation,34560.0,1.33,,1,cam12/e1/v1,
p5,03.CCTV Mobile Usage.mkv,632de9ed55947761d56d4c6142a3cb1a1fe69d0b1a6d0e01a2e404c697962623,dfine_native,12200.0,unknown_object,0.419,700.01,396.25,758.88,490.74,5562.0,58.86,94.49,0.623,False,,True,R-desk,6,evt_S-61_desk_work_surface_0001,590143951782a0e5,lap_bag_context,no_pose_observation,34560.0,1.33,,1,cam12/e1/v1,
p5,03.CCTV Mobile Usage.mkv,632de9ed55947761d56d4c6142a3cb1a1fe69d0b1a6d0e01a2e404c697962623,dfine_native,12200.0,monitor_or_bezel,0.2625,1017.95,395.58,1146.14,472.53,9865.7,128.2,76.96,1.666,False,,True,R-desk,6,evt_S-61_desk_work_surface_0001,590143951782a0e5,lap_bag_context,no_pose_observation,34560.0,1.33,,1,cam12/e1/v1,
p5,03.CCTV Mobile Usage.mkv,632de9ed55947761d56d4c6142a3cb1a1fe69d0b1a6d0e01a2e404c697962623,dfine_native,12200.0,mouse,0.5184,865.0,413.88,892.18,435.35,583.7,27.18,21.48,1.265,False,,True,R-desk,6,evt_S-61_desk_work_surface_0001,590143951782a0e5,lap_bag_context,no_pose_observation,34560.0,1.33,,1,cam12/e1/v1,
p5,03.CCTV Mobile Usage.mkv,632de9ed55947761d56d4c6142a3cb1a1fe69d0b1a6d0e01a2e404c697962623,dfine_native,12200.0,mouse,0.2566,966.92,398.36,992.04,410.52,305.6,25.12,12.16,2.065,False,,True,R-desk,6,evt_S-61_desk_work_surface_0001,590143951782a0e5,lap_bag_context,no_pose_observation,34560.0,1.33,,1,cam12/e1/v1,
p5,03.CCTV Mobile Usage.mkv,632de9ed55947761d56d4c6142a3cb1a1fe69d0b1a6d0e01a2e404c697962623,dfine_native,12200.0,monitor_or_bezel,0.3307,966.87,395.53,1146.8,490.43,17073.8,179.93,94.89,1.896,False,,True,R-desk,6,evt_S-61_desk_work_surface_0001,590143951782a0e5,lap_bag_context,no_pose_observation,34560.0,1.33,,1,cam12/e1/v1,
p5,03.CCTV Mobile Usage.mkv,632de9ed55947761d56d4c6142a3cb1a1fe69d0b1a6d0e01a2e404c697962623,dfine_native,12200.0,monitor_or_bezel,0.2824,880.78,395.54,1146.81,491.03,25403.0,266.04,95.49,2.786,False,,True,R-desk,6,evt_S-61_desk_work_surface_0001,590143951782a0e5,lap_bag_context,no_pose_observation,34560.0,1.33,,1,cam12/e1/v1,
p5,03.CCTV Mobile Usage.mkv,632de9ed55947761d56d4c6142a3cb1a1fe69d0b1a6d0e01a2e404c697962623,dfine_native,12200.0,keyboard,0.8976,962.17,451.89,1068.0,491.41,4183.0,105.84,39.52,2.678,False,,True,R-desk,5,evt_S-61_desk_work_surface_0001,590143951782a0e5,lap_bag_context,no_pose_observation,34560.0,1.33,,1,cam12/e1/v1,
p5,03.CCTV Mobile Usage.mkv,632de9ed55947761d56d4c6142a3cb1a1fe69d0b1a6d0e01a2e404c697962623,dfine_native,12200.0,unknown_object,0.621,699.92,396.22,849.64,492.05,14348.2,149.72,95.83,1.562,False,,True,R-desk,5,evt_S-61_desk_work_surface_0001,590143951782a0e5,lap_bag_context,no_pose_observation,34560.0,1.33,,1,cam12/e1/v1,
p5,03.CCTV Mobile Usage.mkv,632de9ed55947761d56d4c6142a3cb1a1fe69d0b1a6d0e01a2e404c697962623,dfine_native,12200.0,monitor_or_bezel,0.3169,735.83,395.53,1142.96,491.11,38914.7,407.13,95.58,4.259,False,,True,R-desk,5,evt_S-61_desk_work_surface_0001,590143951782a0e5,lap_bag_context,no_pose_observation,34560.0,1.33,,1,cam12/e1/v1,
p5,03.CCTV Mobile Usage.mkv,632de9ed55947761d56d4c6142a3cb1a1fe69d0b1a6d0e01a2e404c697962623,dfine_native,12200.0,keyboard,0.4259,802.41,396.23,870.38,420.7,1663.5,67.97,24.47,2.777,False,,True,R-desk,5,evt_S-61_desk_work_surface_0001,590143951782a0e5,lap_bag_context,no_pose_observation,34560.0,1.33,,1,cam12/e1/v1,
p5,03.CCTV Mobile Usage.mkv,632de9ed55947761d56d4c6142a3cb1a1fe69d0b1a6d0e01a2e404c697962623,dfine_native,12200.0,monitor_or_bezel,0.3708,1019.35,395.54,1145.38,447.63,6564.5,126.03,52.09,2.42,False,,True,R-desk,5,evt_S-61_desk_work_surface_0001,590143951782a0e5,lap_bag_context,no_pose_observation,34560.0,1.33,,1,cam12/e1/v1,
p5,03.CCTV Mobile Usage.mkv,632de9ed55947761d56d4c6142a3cb1a1fe69d0b1a6d0e01a2e404c697962623,dfine_native,12200.0,monitor_or_bezel,0.3959,1014.33,395.57,1146.85,488.82,12356.1,132.51,93.24,1.421,False,,True,R-desk,5,evt_S-61_desk_work_surface_0001,590143951782a0e5,lap_bag_context,no_pose_observation,34560.0,1.33,,1,cam12/e1/v1,
p5,03.CCTV Mobile Usage.mkv,632de9ed55947761d56d4c6142a3cb1a1fe69d0b1a6d0e01a2e404c697962623,dfine_native,12200.0,unknown_object,0.3516,700.03,396.15,774.6,491.77,7129.7,74.56,95.62,0.78,False,,True,R-desk,5,evt_S-61_desk_work_surface_0001,590143951782a0e5,lap_bag_context,no_pose_observation,34560.0,1.33,,1,cam12/e1/v1,
p5,03.CCTV Mobile Usage.mkv,632de9ed55947761d56d4c6142a3cb1a1fe69d0b1a6d0e01a2e404c697962623,dfine_native,12200.0,phone,0.3032,1042.76,421.37,1113.57,474.32,3748.9,70.8,52.95,1.337,False,,True,R-desk,5,evt_S-61_desk_work_surface_0001,590143951782a0e5,lap_bag_context,no_pose_observation,34560.0,1.33,,1,cam12/e1/v1,
p5,03.CCTV Mobile Usage.mkv,632de9ed55947761d56d4c6142a3cb1a1fe69d0b1a6d0e01a2e404c697962623,dfine_native,12200.0,unknown_object,0.419,700.01,396.25,758.88,490.74,5562.0,58.86,94.49,0.623,False,,True,R-desk,5,evt_S-61_desk_work_surface_0001,590143951782a0e5,lap_bag_context,no_pose_observation,34560.0,1.33,,1,cam12/e1/v1,
p5,03.CCTV Mobile Usage.mkv,632de9ed55947761d56d4c6142a3cb1a1fe69d0b1a6d0e01a2e404c697962623,dfine_native,12200.0,monitor_or_bezel,0.2625,1017.95,395.58,1146.14,472.53,9865.7,128.2,76.96,1.666,False,,True,R-desk,5,evt_S-61_desk_work_surface_0001,590143951782a0e5,lap_bag_context,no_pose_observation,34560.0,1.33,,1,cam12/e1/v1,
p5,03.CCTV Mobile Usage.mkv,632de9ed55947761d56d4c6142a3cb1a1fe69d0b1a6d0e01a2e404c697962623,dfine_native,12200.0,mouse,0.5184,865.0,413.88,892.18,435.35,583.7,27.18,21.48,1.265,False,,True,R-desk,5,evt_S-61_desk_work_surface_0001,590143951782a0e5,lap_bag_context,no_pose_observation,34560.0,1.33,,1,cam12/e1/v1,
p5,03.CCTV Mobile Usage.mkv,632de9ed55947761d56d4c6142a3cb1a1fe69d0b1a6d0e01a2e404c697962623,dfine_native,12200.0,mouse,0.2566,966.92,398.36,992.04,410.52,305.6,25.12,12.16,2.065,False,,True,R-desk,5,evt_S-61_desk_work_surface_0001,590143951782a0e5,lap_bag_context,no_pose_observation,34560.0,1.33,,1,cam12/e1/v1,
p5,03.CCTV Mobile Usage.mkv,632de9ed55947761d56d4c6142a3cb1a1fe69d0b1a6d0e01a2e404c697962623,dfine_native,12200.0,monitor_or_bezel,0.3307,966.87,395.53,1146.8,490.43,17073.8,179.93,94.89,1.896,False,,True,R-desk,5,evt_S-61_desk_work_surface_0001,590143951782a0e5,lap_bag_context,no_pose_observation,34560.0,1.33,,1,cam12/e1/v1,
p5,03.CCTV Mobile Usage.mkv,632de9ed55947761d56d4c6142a3cb1a1fe69d0b1a6d0e01a2e404c697962623,dfine_native,12200.0,monitor_or_bezel,0.2824,880.78,395.54,1146.81,491.03,25403.0,266.04,95.49,2.786,False,,True,R-desk,5,evt_S-61_desk_work_surface_0001,590143951782a0e5,lap_bag_context,no_pose_observation,34560.0,1.33,,1,cam12/e1/v1,
p5,03.CCTV Mobile Usage.mkv,632de9ed55947761d56d4c6142a3cb1a1fe69d0b1a6d0e01a2e404c697962623,dfine_native,12200.0,keyboard,0.8976,962.17,451.89,1068.0,491.41,4183.0,105.84,39.52,2.678,False,,True,R-desk,7,evt_S-61_desk_work_surface_0001,590143951782a0e5,lap_bag_context,no_pose_observation,34560.0,1.33,,1,cam12/e1/v1,
p5,03.CCTV Mobile Usage.mkv,632de9ed55947761d56d4c6142a3cb1a1fe69d0b1a6d0e01a2e404c697962623,dfine_native,12200.0,unknown_object,0.621,699.92,396.22,849.64,492.05,14348.2,149.72,95.83,1.562,False,,True,R-desk,7,evt_S-61_desk_work_surface_0001,590143951782a0e5,lap_bag_context,no_pose_observation,34560.0,1.33,,1,cam12/e1/v1,
p5,03.CCTV Mobile Usage.mkv,632de9ed55947761d56d4c6142a3cb1a1fe69d0b1a6d0e01a2e404c697962623,dfine_native,12200.0,monitor_or_bezel,0.3169,735.83,395.53,1142.96,491.11,38914.7,407.13,95.58,4.259,False,,True,R-desk,7,evt_S-61_desk_work_surface_0001,590143951782a0e5,lap_bag_context,no_pose_observation,34560.0,1.33,,1,cam12/e1/v1,
p5,03.CCTV Mobile Usage.mkv,632de9ed55947761d56d4c6142a3cb1a1fe69d0b1a6d0e01a2e404c697962623,dfine_native,12200.0,keyboard,0.4259,802.41,396.23,870.38,420.7,1663.5,67.97,24.47,2.777,False,,True,R-desk,7,evt_S-61_desk_work_surface_0001,590143951782a0e5,lap_bag_context,no_pose_observation,34560.0,1.33,,1,cam12/e1/v1,
p5,03.CCTV Mobile Usage.mkv,632de9ed55947761d56d4c6142a3cb1a1fe69d0b1a6d0e01a2e404c697962623,dfine_native,12200.0,monitor_or_bezel,0.3708,1019.35,395.54,1145.38,447.63,6564.5,126.03,52.09,2.42,False,,True,R-desk,7,evt_S-61_desk_work_surface_0001,590143951782a0e5,lap_bag_context,no_pose_observation,34560.0,1.33,,1,cam12/e1/v1,
p5,03.CCTV Mobile Usage.mkv,632de9ed55947761d56d4c6142a3cb1a1fe69d0b1a6d0e01a2e404c697962623,dfine_native,12200.0,monitor_or_bezel,0.3959,1014.33,395.57,1146.85,488.82,12356.1,132.51,93.24,1.421,False,,True,R-desk,7,evt_S-61_desk_work_surface_0001,590143951782a0e5,lap_bag_context,no_pose_observation,34560.0,1.33,,1,cam12/e1/v1,
p5,03.CCTV Mobile Usage.mkv,632de9ed55947761d56d4c6142a3cb1a1fe69d0b1a6d0e01a2e404c697962623,dfine_native,12200.0,unknown_object,0.3516,700.03,396.15,774.6,491.77,7129.7,74.56,95.62,0.78,False,,True,R-desk,7,evt_S-61_desk_work_surface_0001,590143951782a0e5,lap_bag_context,no_pose_observation,34560.0,1.33,,1,cam12/e1/v1,
p5,03.CCTV Mobile Usage.mkv,632de9ed55947761d56d4c6142a3cb1a1fe69d0b1a6d0e01a2e404c697962623,dfine_native,12200.0,phone,0.3032,1042.76,421.37,1113.57,474.32,3748.9,70.8,52.95,1.337,False,,True,R-desk,7,evt_S-61_desk_work_surface_0001,590143951782a0e5,lap_bag_context,no_pose_observation,34560.0,1.33,,1,cam12/e1/v1,
p5,03.CCTV Mobile Usage.mkv,632de9ed55947761d56d4c6142a3cb1a1fe69d0b1a6d0e01a2e404c697962623,dfine_native,12200.0,unknown_object,0.419,700.01,396.25,758.88,490.74,5562.0,58.86,94.49,0.623,False,,True,R-desk,7,evt_S-61_desk_work_surface_0001,590143951782a0e5,lap_bag_context,no_pose_observation,34560.0,1.33,,1,cam12/e1/v1,
p5,03.CCTV Mobile Usage.mkv,632de9ed55947761d56d4c6142a3cb1a1fe69d0b1a6d0e01a2e404c697962623,dfine_native,12200.0,monitor_or_bezel,0.2625,1017.95,395.58,1146.14,472.53,9865.7,128.2,76.96,1.666,False,,True,R-desk,7,evt_S-61_desk_work_surface_0001,590143951782a0e5,lap_bag_context,no_pose_observation,34560.0,1.33,,1,cam12/e1/v1,
p5,03.CCTV Mobile Usage.mkv,632de9ed55947761d56d4c6142a3cb1a1fe69d0b1a6d0e01a2e404c697962623,dfine_native,12200.0,mouse,0.5184,865.0,413.88,892.18,435.35,583.7,27.18,21.48,1.265,False,,True,R-desk,7,evt_S-61_desk_work_surface_0001,590143951782a0e5,lap_bag_context,no_pose_observation,34560.0,1.33,,1,cam12/e1/v1,
p5,03.CCTV Mobile Usage.mkv,632de9ed55947761d56d4c6142a3cb1a1fe69d0b1a6d0e01a2e404c697962623,dfine_native,12200.0,mouse,0.2566,966.92,398.36,992.04,410.52,305.6,25.12,12.16,2.065,False,,True,R-desk,7,evt_S-61_desk_work_surface_0001,590143951782a0e5,lap_bag_context,no_pose_observation,34560.0,1.33,,1,cam12/e1/v1,
p5,03.CCTV Mobile Usage.mkv,632de9ed55947761d56d4c6142a3cb1a1fe69d0b1a6d0e01a2e404c697962623,dfine_native,12200.0,monitor_or_bezel,0.3307,966.87,395.53,1146.8,490.43,17073.8,179.93,94.89,1.896,False,,True,R-desk,7,evt_S-61_desk_work_surface_0001,590143951782a0e5,lap_bag_context,no_pose_observation,34560.0,1.33,,1,cam12/e1/v1,
p5,03.CCTV Mobile Usage.mkv,632de9ed55947761d56d4c6142a3cb1a1fe69d0b1a6d0e01a2e404c697962623,dfine_native,12200.0,monitor_or_bezel,0.2824,880.78,395.54,1146.81,491.03,25403.0,266.04,95.49,2.786,False,,True,R-desk,7,evt_S-61_desk_work_surface_0001,590143951782a0e5,lap_bag_context,no_pose_observation,34560.0,1.33,,1,cam12/e1/v1,
p5,03.CCTV Mobile Usage.mkv,632de9ed55947761d56d4c6142a3cb1a1fe69d0b1a6d0e01a2e404c697962623,dfine_native,12200.0,stationery,0.4578,21.12,443.03,79.45,497.59,3182.4,58.33,54.56,1.069,False,,True,S-61,1,evt_S-61_desk_work_surface_0001,d9e493aa82dc7fae,pose_hand_context,,26179.2,3.96,,1,cam12/e1/v1,rtmpose_baseline
p5,03.CCTV Mobile Usage.mkv,632de9ed55947761d56d4c6142a3cb1a1fe69d0b1a6d0e01a2e404c697962623,dfine_native,12200.0,stationery,0.4999,43.06,443.69,72.49,471.52,819.0,29.43,27.83,1.057,False,,True,S-61,1,evt_S-61_desk_work_surface_0001,d9e493aa82dc7fae,pose_hand_context,,26179.2,3.96,,1,cam12/e1/v1,rtmpose_baseline
p5,03.CCTV Mobile Usage.mkv,632de9ed55947761d56d4c6142a3cb1a1fe69d0b1a6d0e01a2e404c697962623,dfine_native,12200.0,stationery,0.5307,100.25,476.49,162.05,529.52,3277.1,61.79,53.03,1.165,False,,True,S-61,1,evt_S-61_desk_work_surface_0001,d9e493aa82dc7fae,pose_hand_context,,26179.2,3.96,,1,cam12/e1/v1,rtmpose_baseline
p5,03.CCTV Mobile Usage.mkv,632de9ed55947761d56d4c6142a3cb1a1fe69d0b1a6d0e01a2e404c697962623,dfine_native,12200.0,stationery,0.494,20.99,492.72,182.84,552.42,9663.6,161.86,59.71,2.711,False,,True,S-61,1,evt_S-61_desk_work_surface_0001,d9e493aa82dc7fae,pose_hand_context,,26179.2,3.96,,1,cam12/e1/v1,rtmpose_baseline
p5,03.CCTV Mobile Usage.mkv,632de9ed55947761d56d4c6142a3cb1a1fe69d0b1a6d0e01a2e404c697962623,dfine_native,12200.0,stationery,0.2625,70.75,404.53,152.35,496.82,7530.7,81.6,92.29,0.884,False,,True,S-61,1,evt_S-61_desk_work_surface_0001,d9e493aa82dc7fae,pose_hand_context,,26179.2,3.96,,1,cam12/e1/v1,rtmpose_baseline
p5,03.CCTV Mobile Usage.mkv,632de9ed55947761d56d4c6142a3cb1a1fe69d0b1a6d0e01a2e404c697962623,dfine_native,12200.0,stationery,0.3943,79.78,404.77,151.78,496.14,6578.9,72.0,91.37,0.788,False,,True,S-61,1,evt_S-61_desk_work_surface_0001,d9e493aa82dc7fae,pose_hand_context,,26179.2,3.96,,1,cam12/e1/v1,rtmpose_baseline
p5,03.CCTV Mobile Usage.mkv,632de9ed55947761d56d4c6142a3cb1a1fe69d0b1a6d0e01a2e404c697962623,dfine_native,12200.0,stationery,0.2675,21.01,417.26,84.2,496.67,5017.7,63.19,79.4,0.796,False,,True,S-61,1,evt_S-61_desk_work_surface_0001,d9e493aa82dc7fae,pose_hand_context,,26179.2,3.96,,1,cam12/e1/v1,rtmpose_baseline
p5,03.CCTV Mobile Usage.mkv,632de9ed55947761d56d4c6142a3cb1a1fe69d0b1a6d0e01a2e404c697962623,dfine_native,12200.0,stationery,0.3254,128.89,446.03,160.88,491.38,1450.6,31.99,45.35,0.705,False,,True,S-61,1,evt_S-61_desk_work_surface_0001,d9e493aa82dc7fae,pose_hand_context,,26179.2,3.96,,1,cam12/e1/v1,rtmpose_baseline
p5,03.CCTV Mobile Usage.mkv,632de9ed55947761d56d4c6142a3cb1a1fe69d0b1a6d0e01a2e404c697962623,dfine_native,12200.0,stationery,0.381,20.97,414.97,105.56,498.0,7023.4,84.59,83.03,1.019,False,,True,S-61,1,evt_S-61_desk_work_surface_0001,d9e493aa82dc7fae,pose_hand_context,,26179.2,3.96,,1,cam12/e1/v1,rtmpose_baseline
p5,03.CCTV Mobile Usage.mkv,632de9ed55947761d56d4c6142a3cb1a1fe69d0b1a6d0e01a2e404c697962623,dfine_native,12200.0,stationery,0.3358,21.01,476.64,182.88,552.28,12242.7,161.86,75.64,2.14,False,,True,S-61,1,evt_S-61_desk_work_surface_0001,d9e493aa82dc7fae,pose_hand_context,,26179.2,3.96,,1,cam12/e1/v1,rtmpose_baseline
p5,03.CCTV Mobile Usage.mkv,632de9ed55947761d56d4c6142a3cb1a1fe69d0b1a6d0e01a2e404c697962623,dfine_native,12200.0,stationery,0.2571,91.07,405.34,150.27,493.21,5201.0,59.19,87.87,0.674,False,,True,S-61,1,evt_S-61_desk_work_surface_0001,d9e493aa82dc7fae,pose_hand_context,,26179.2,3.96,,1,cam12/e1/v1,rtmpose_baseline
p5,03.CCTV Mobile Usage.mkv,632de9ed55947761d56d4c6142a3cb1a1fe69d0b1a6d0e01a2e404c697962623,dfine_native,12200.0,stationery,0.3694,21.26,493.12,162.05,552.4,8346.5,140.79,59.28,2.375,False,,True,S-61,1,evt_S-61_desk_work_surface_0001,d9e493aa82dc7fae,pose_hand_context,,26179.2,3.96,,1,cam12/e1/v1,rtmpose_baseline
p5,03.CCTV Mobile Usage.mkv,632de9ed55947761d56d4c6142a3cb1a1fe69d0b1a6d0e01a2e404c697962623,dfine_native,12200.0,unknown_object,0.3969,203.81,293.53,340.8,389.77,13183.5,136.99,96.24,1.423,False,,True,S-61,2,evt_S-61_desk_work_surface_0001,f9214926523ed6ae,pose_hand_context,,32623.6,3.54,,1,cam12/e1/v1,rtmpose_baseline
p5,03.CCTV Mobile Usage.mkv,632de9ed55947761d56d4c6142a3cb1a1fe69d0b1a6d0e01a2e404c697962623,dfine_native,12700.0,unknown_object,0.312,180.49,293.84,335.84,384.62,14102.7,155.35,90.78,1.711,False,,True,S-61,2,evt_S-61_desk_work_surface_0001,1f3041ccf4ecfadb,pose_hand_context,,34165.8,3.46,,1,cam12/e1/v1,rtmpose_baseline
p5,03.CCTV Mobile Usage.mkv,632de9ed55947761d56d4c6142a3cb1a1fe69d0b1a6d0e01a2e404c697962623,dfine_native,12700.0,stationery,0.3639,16.87,392.15,101.84,498.64,9048.2,84.97,106.49,0.798,False,,True,S-61,1,evt_S-61_desk_work_surface_0001,4da4af0040eee7f8,pose_hand_context,,26771.5,3.91,,1,cam12/e1/v1,rtmpose_baseline
p5,03.CCTV Mobile Usage.mkv,632de9ed55947761d56d4c6142a3cb1a1fe69d0b1a6d0e01a2e404c697962623,dfine_native,12700.0,stationery,0.4537,43.03,443.84,71.91,471.22,790.8,28.88,27.38,1.055,False,,True,S-61,1,evt_S-61_desk_work_surface_0001,4da4af0040eee7f8,pose_hand_context,,26771.5,3.91,,1,cam12/e1/v1,rtmpose_baseline
p5,03.CCTV Mobile Usage.mkv,632de9ed55947761d56d4c6142a3cb1a1fe69d0b1a6d0e01a2e404c697962623,dfine_native,12700.0,stationery,0.2584,43.55,506.11,90.56,554.91,2293.7,47.0,48.8,0.963,False,,True,S-61,1,evt_S-61_desk_work_surface_0001,4da4af0040eee7f8,pose_hand_context,,26771.5,3.91,,1,cam12/e1/v1,rtmpose_baseline
p5,03.CCTV Mobile Usage.mkv,632de9ed55947761d56d4c6142a3cb1a1fe69d0b1a6d0e01a2e404c697962623,dfine_native,12700.0,stationery,0.4137,100.29,478.46,160.44,531.68,3201.6,60.15,53.23,1.13,False,,True,S-61,1,evt_S-61_desk_work_surface_0001,4da4af0040eee7f8,pose_hand_context,,26771.5,3.91,,1,cam12/e1/v1,rtmpose_baseline
p5,03.CCTV Mobile Usage.mkv,632de9ed55947761d56d4c6142a3cb1a1fe69d0b1a6d0e01a2e404c697962623,dfine_native,12700.0,stationery,0.6678,16.94,415.09,101.63,498.59,7071.1,84.68,83.5,1.014,False,,True,S-61,1,evt_S-61_desk_work_surface_0001,4da4af0040eee7f8,pose_hand_context,,26771.5,3.91,,1,cam12/e1/v1,rtmpose_baseline
p5,03.CCTV Mobile Usage.mkv,632de9ed55947761d56d4c6142a3cb1a1fe69d0b1a6d0e01a2e404c697962623,dfine_native,12700.0,unknown_object,0.3187,16.81,392.13,180.06,555.34,26644.7,163.25,163.21,1.0,False,,True,S-61,1,evt_S-61_desk_work_surface_0001,4da4af0040eee7f8,pose_hand_context,,26771.5,3.91,,1,cam12/e1/v1,rtmpose_baseline
p5,03.CCTV Mobile Usage.mkv,632de9ed55947761d56d4c6142a3cb1a1fe69d0b1a6d0e01a2e404c697962623,dfine_native,12700.0,stationery,0.3759,83.39,418.29,149.81,496.41,5188.5,66.42,78.12,0.85,False,,True,S-61,1,evt_S-61_desk_work_surface_0001,4da4af0040eee7f8,pose_hand_context,,26771.5,3.91,,1,cam12/e1/v1,rtmpose_baseline
p5,03.CCTV Mobile Usage.mkv,632de9ed55947761d56d4c6142a3cb1a1fe69d0b1a6d0e01a2e404c697962623,dfine_native,12700.0,stationery,0.3028,70.68,418.06,155.51,497.46,6734.8,84.83,79.39,1.069,False,,True,S-61,1,evt_S-61_desk_work_surface_0001,4da4af0040eee7f8,pose_hand_context,,26771.5,3.91,,1,cam12/e1/v1,rtmpose_baseline
p5,03.CCTV Mobile Usage.mkv,632de9ed55947761d56d4c6142a3cb1a1fe69d0b1a6d0e01a2e404c697962623,dfine_native,12700.0,stationery,0.3619,17.13,415.57,156.62,499.59,11719.5,139.49,84.02,1.66,False,,True,S-61,1,evt_S-61_desk_work_surface_0001,4da4af0040eee7f8,pose_hand_context,,26771.5,3.91,,1,cam12/e1/v1,rtmpose_baseline
p5,03.CCTV Mobile Usage.mkv,632de9ed55947761d56d4c6142a3cb1a1fe69d0b1a6d0e01a2e404c697962623,dfine_native,12700.0,stationery,0.3928,17.08,478.77,179.78,555.65,12507.6,162.7,76.88,2.116,False,,True,S-61,1,evt_S-61_desk_work_surface_0001,4da4af0040eee7f8,pose_hand_context,,26771.5,3.91,,1,cam12/e1/v1,rtmpose_baseline
p5,03.CCTV Mobile Usage.mkv,632de9ed55947761d56d4c6142a3cb1a1fe69d0b1a6d0e01a2e404c697962623,dfine_native,12700.0,stationery,0.2793,17.43,495.06,157.88,555.67,8512.7,140.45,60.61,2.317,False,,True,S-61,1,evt_S-61_desk_work_surface_0001,4da4af0040eee7f8,pose_hand_context,,26771.5,3.91,,1,cam12/e1/v1,rtmpose_baseline
p5,03.CCTV Mobile Usage.mkv,632de9ed55947761d56d4c6142a3cb1a1fe69d0b1a6d0e01a2e404c697962623,dfine_native,12700.0,stationery,0.2505,127.81,445.39,158.05,490.1,1352.2,30.24,44.71,0.676,False,,True,S-61,1,evt_S-61_desk_work_surface_0001,4da4af0040eee7f8,pose_hand_context,,26771.5,3.91,,1,cam12/e1/v1,rtmpose_baseline
p5,03.CCTV Mobile Usage.mkv,632de9ed55947761d56d4c6142a3cb1a1fe69d0b1a6d0e01a2e404c697962623,dfine_native,12700.0,stationery,0.3629,16.92,493.35,179.88,555.67,10157.4,162.96,62.33,2.615,False,,True,S-61,1,evt_S-61_desk_work_surface_0001,4da4af0040eee7f8,pose_hand_context,,26771.5,3.91,,1,cam12/e1/v1,rtmpose_baseline
p5,03.CCTV Mobile Usage.mkv,632de9ed55947761d56d4c6142a3cb1a1fe69d0b1a6d0e01a2e404c697962623,dfine_native,12700.0,stationery,0.2657,16.92,392.08,157.98,499.53,15155.8,141.05,107.45,1.313,False,,True,S-61,1,evt_S-61_desk_work_surface_0001,4da4af0040eee7f8,pose_hand_context,,26771.5,3.91,,1,cam12/e1/v1,rtmpose_baseline
p5,03.CCTV Mobile Usage.mkv,632de9ed55947761d56d4c6142a3cb1a1fe69d0b1a6d0e01a2e404c697962623,dfine_native,12700.0,stationery,0.306,17.33,478.23,160.24,555.36,11022.2,142.92,77.12,1.853,False,,True,S-61,1,evt_S-61_desk_work_surface_0001,4da4af0040eee7f8,pose_hand_context,,26771.5,3.91,,1,cam12/e1/v1,rtmpose_baseline
p5,03.CCTV Mobile Usage.mkv,632de9ed55947761d56d4c6142a3cb1a1fe69d0b1a6d0e01a2e404c697962623,dfine_native,12700.0,keyboard,0.894,962.1,451.9,1067.92,491.45,4185.1,105.83,39.55,2.676,False,,True,R-desk,5,evt_S-61_desk_work_surface_0001,968235d01208b21f,lap_bag_context,no_pose_observation,34560.0,1.33,,1,cam12/e1/v1,
p5,03.CCTV Mobile Usage.mkv,632de9ed55947761d56d4c6142a3cb1a1fe69d0b1a6d0e01a2e404c697962623,dfine_native,12700.0,unknown_object,0.6223,699.91,396.23,849.49,492.42,14387.6,149.57,96.19,1.555,False,,True,R-desk,5,evt_S-61_desk_work_surface_0001,968235d01208b21f,lap_bag_context,no_pose_observation,34560.0,1.33,,1,cam12/e1/v1,
p5,03.CCTV Mobile Usage.mkv,632de9ed55947761d56d4c6142a3cb1a1fe69d0b1a6d0e01a2e404c697962623,dfine_native,12700.0,keyboard,0.4237,802.46,396.22,870.9,420.71,1675.7,68.44,24.48,2.795,False,,True,R-desk,5,evt_S-61_desk_work_surface_0001,968235d01208b21f,lap_bag_context,no_pose_observation,34560.0,1.33,,1,cam12/e1/v1,
p5,03.CCTV Mobile Usage.mkv,632de9ed55947761d56d4c6142a3cb1a1fe69d0b1a6d0e01a2e404c697962623,dfine_native,12700.0,unknown_object,0.3092,736.55,395.62,1140.16,491.17,38565.1,403.61,95.55,4.224,False,,True,R-desk,5,evt_S-61_desk_work_surface_0001,968235d01208b21f,lap_bag_context,no_pose_observation,34560.0,1.33,,1,cam12/e1/v1,
p5,03.CCTV Mobile Usage.mkv,632de9ed55947761d56d4c6142a3cb1a1fe69d0b1a6d0e01a2e404c697962623,dfine_native,12700.0,monitor_or_bezel,0.3892,1019.66,395.52,1145.06,446.55,6399.4,125.4,51.03,2.457,False,,True,R-desk,5,evt_S-61_desk_work_surface_0001,968235d01208b21f,lap_bag_context,no_pose_observation,34560.0,1.33,,1,cam12/e1/v1,
p5,03.CCTV Mobile Usage.mkv,632de9ed55947761d56d4c6142a3cb1a1fe69d0b1a6d0e01a2e404c697962623,dfine_native,12700.0,unknown_object,0.4019,699.97,396.22,757.52,491.04,5456.4,57.55,94.82,0.607,False,,True,R-desk,5,evt_S-61_desk_work_surface_0001,968235d01208b21f,lap_bag_context,no_pose_observation,34560.0,1.33,,1,cam12/e1/v1,
p5,03.CCTV Mobile Usage.mkv,632de9ed55947761d56d4c6142a3cb1a1fe69d0b1a6d0e01a2e404c697962623,dfine_native,12700.0,monitor_or_bezel,0.3272,1013.37,395.62,1146.34,488.37,12331.9,132.97,92.74,1.434,False,,True,R-desk,5,evt_S-61_desk_work_surface_0001,968235d01208b21f,lap_bag_context,no_pose_observation,34560.0,1.33,,1,cam12/e1/v1,
p5,03.CCTV Mobile Usage.mkv,632de9ed55947761d56d4c6142a3cb1a1fe69d0b1a6d0e01a2e404c697962623,dfine_native,12700.0,phone,0.2574,1042.72,421.48,1114.16,474.32,3775.4,71.45,52.84,1.352,False,,True,R-desk,5,evt_S-61_desk_work_surface_0001,968235d01208b21f,lap_bag_context,no_pose_observation,34560.0,1.33,,1,cam12/e1/v1,
p5,03.CCTV Mobile Usage.mkv,632de9ed55947761d56d4c6142a3cb1a1fe69d0b1a6d0e01a2e404c697962623,dfine_native,12700.0,monitor_or_bezel,0.4822,967.01,395.52,1146.45,490.67,17075.0,179.45,95.15,1.886,False,,True,R-desk,5,evt_S-61_desk_work_surface_0001,968235d01208b21f,lap_bag_context,no_pose_observation,34560.0,1.33,,1,cam12/e1/v1,
p5,03.CCTV Mobile Usage.mkv,632de9ed55947761d56d4c6142a3cb1a1fe69d0b1a6d0e01a2e404c697962623,dfine_native,12700.0,mouse,0.5254,865.29,413.82,892.12,435.31,576.5,26.83,21.48,1.249,False,,True,R-desk,5,evt_S-61_desk_work_surface_0001,968235d01208b21f,lap_bag_context,no_pose_observation,34560.0,1.33,,1,cam12/e1/v1,
p5,03.CCTV Mobile Usage.mkv,632de9ed55947761d56d4c6142a3cb1a1fe69d0b1a6d0e01a2e404c697962623,dfine_native,12700.0,mouse,0.2733,966.85,398.32,992.32,410.44,308.6,25.46,12.12,2.101,False,,True,R-desk,5,evt_S-61_desk_work_surface_0001,968235d01208b21f,lap_bag_context,no_pose_observation,34560.0,1.33,,1,cam12/e1/v1,
p5,03.CCTV Mobile Usage.mkv,632de9ed55947761d56d4c6142a3cb1a1fe69d0b1a6d0e01a2e404c697962623,dfine_native,12700.0,monitor_or_bezel,0.281,967.29,395.4,1146.3,490.86,17088.5,179.0,95.46,1.875,False,,True,R-desk,5,evt_S-61_desk_work_surface_0001,968235d01208b21f,lap_bag_context,no_pose_observation,34560.0,1.33,,1,cam12/e1/v1,
p5,03.CCTV Mobile Usage.mkv,632de9ed55947761d56d4c6142a3cb1a1fe69d0b1a6d0e01a2e404c697962623,dfine_native,12700.0,monitor_or_bezel,0.3241,874.69,395.46,1146.43,491.41,26072.2,271.74,95.95,2.832,False,,True,R-desk,5,evt_S-61_desk_work_surface_0001,968235d01208b21f,lap_bag_context,no_pose_observation,34560.0,1.33,,1,cam12/e1/v1,
p5,03.CCTV Mobile Usage.mkv,632de9ed55947761d56d4c6142a3cb1a1fe69d0b1a6d0e01a2e404c697962623,dfine_native,12700.0,unknown_object,0.3147,699.92,396.15,779.06,492.48,7623.9,79.14,96.33,0.822,False,,True,R-desk,5,evt_S-61_desk_work_surface_0001,968235d01208b21f,lap_bag_context,no_pose_observation,34560.0,1.33,,1,cam12/e1/v1,
p5,03.CCTV Mobile Usage.mkv,632de9ed55947761d56d4c6142a3cb1a1fe69d0b1a6d0e01a2e404c697962623,dfine_native,12700.0,keyboard,0.894,962.1,451.9,1067.92,491.45,4185.1,105.83,39.55,2.676,False,,True,R-desk,6,evt_S-61_desk_work_surface_0001,968235d01208b21f,lap_bag_context,no_pose_observation,34560.0,1.33,,1,cam12/e1/v1,
p5,03.CCTV Mobile Usage.mkv,632de9ed55947761d56d4c6142a3cb1a1fe69d0b1a6d0e01a2e404c697962623,dfine_native,12700.0,unknown_object,0.6223,699.91,396.23,849.49,492.42,14387.6,149.57,96.19,1.555,False,,True,R-desk,6,evt_S-61_desk_work_surface_0001,968235d01208b21f,lap_bag_context,no_pose_observation,34560.0,1.33,,1,cam12/e1/v1,
p5,03.CCTV Mobile Usage.mkv,632de9ed55947761d56d4c6142a3cb1a1fe69d0b1a6d0e01a2e404c697962623,dfine_native,12700.0,keyboard,0.4237,802.46,396.22,870.9,420.71,1675.7,68.44,24.48,2.795,False,,True,R-desk,6,evt_S-61_desk_work_surface_0001,968235d01208b21f,lap_bag_context,no_pose_observation,34560.0,1.33,,1,cam12/e1/v1,
p5,03.CCTV Mobile Usage.mkv,632de9ed55947761d56d4c6142a3cb1a1fe69d0b1a6d0e01a2e404c697962623,dfine_native,12700.0,unknown_object,0.3092,736.55,395.62,1140.16,491.17,38565.1,403.61,95.55,4.224,False,,True,R-desk,6,evt_S-61_desk_work_surface_0001,968235d01208b21f,lap_bag_context,no_pose_observation,34560.0,1.33,,1,cam12/e1/v1,
p5,03.CCTV Mobile Usage.mkv,632de9ed55947761d56d4c6142a3cb1a1fe69d0b1a6d0e01a2e404c697962623,dfine_native,12700.0,monitor_or_bezel,0.3892,1019.66,395.52,1145.06,446.55,6399.4,125.4,51.03,2.457,False,,True,R-desk,6,evt_S-61_desk_work_surface_0001,968235d01208b21f,lap_bag_context,no_pose_observation,34560.0,1.33,,1,cam12/e1/v1,
p5,03.CCTV Mobile Usage.mkv,632de9ed55947761d56d4c6142a3cb1a1fe69d0b1a6d0e01a2e404c697962623,dfine_native,12700.0,unknown_object,0.4019,699.97,396.22,757.52,491.04,5456.4,57.55,94.82,0.607,False,,True,R-desk,6,evt_S-61_desk_work_surface_0001,968235d01208b21f,lap_bag_context,no_pose_observation,34560.0,1.33,,1,cam12/e1/v1,
p5,03.CCTV Mobile Usage.mkv,632de9ed55947761d56d4c6142a3cb1a1fe69d0b1a6d0e01a2e404c697962623,dfine_native,12700.0,monitor_or_bezel,0.3272,1013.37,395.62,1146.34,488.37,12331.9,132.97,92.74,1.434,False,,True,R-desk,6,evt_S-61_desk_work_surface_0001,968235d01208b21f,lap_bag_context,no_pose_observation,34560.0,1.33,,1,cam12/e1/v1,
p5,03.CCTV Mobile Usage.mkv,632de9ed55947761d56d4c6142a3cb1a1fe69d0b1a6d0e01a2e404c697962623,dfine_native,12700.0,phone,0.2574,1042.72,421.48,1114.16,474.32,3775.4,71.45,52.84,1.352,False,,True,R-desk,6,evt_S-61_desk_work_surface_0001,968235d01208b21f,lap_bag_context,no_pose_observation,34560.0,1.33,,1,cam12/e1/v1,
p5,03.CCTV Mobile Usage.mkv,632de9ed55947761d56d4c6142a3cb1a1fe69d0b1a6d0e01a2e404c697962623,dfine_native,12700.0,monitor_or_bezel,0.4822,967.01,395.52,1146.45,490.67,17075.0,179.45,95.15,1.886,False,,True,R-desk,6,evt_S-61_desk_work_surface_0001,968235d01208b21f,lap_bag_context,no_pose_observation,34560.0,1.33,,1,cam12/e1/v1,
p5,03.CCTV Mobile Usage.mkv,632de9ed55947761d56d4c6142a3cb1a1fe69d0b1a6d0e01a2e404c697962623,dfine_native,12700.0,mouse,0.5254,865.29,413.82,892.12,435.31,576.5,26.83,21.48,1.249,False,,True,R-desk,6,evt_S-61_desk_work_surface_0001,968235d01208b21f,lap_bag_context,no_pose_observation,34560.0,1.33,,1,cam12/e1/v1,
p5,03.CCTV Mobile Usage.mkv,632de9ed55947761d56d4c6142a3cb1a1fe69d0b1a6d0e01a2e404c697962623,dfine_native,12700.0,mouse,0.2733,966.85,398.32,992.32,410.44,308.6,25.46,12.12,2.101,False,,True,R-desk,6,evt_S-61_desk_work_surface_0001,968235d01208b21f,lap_bag_context,no_pose_observation,34560.0,1.33,,1,cam12/e1/v1,
p5,03.CCTV Mobile Usage.mkv,632de9ed55947761d56d4c6142a3cb1a1fe69d0b1a6d0e01a2e404c697962623,dfine_native,12700.0,monitor_or_bezel,0.281,967.29,395.4,1146.3,490.86,17088.5,179.0,95.46,1.875,False,,True,R-desk,6,evt_S-61_desk_work_surface_0001,968235d01208b21f,lap_bag_context,no_pose_observation,34560.0,1.33,,1,cam12/e1/v1,
p5,03.CCTV Mobile Usage.mkv,632de9ed55947761d56d4c6142a3cb1a1fe69d0b1a6d0e01a2e404c697962623,dfine_native,12700.0,monitor_or_bezel,0.3241,874.69,395.46,1146.43,491.41,26072.2,271.74,95.95,2.832,False,,True,R-desk,6,evt_S-61_desk_work_surface_0001,968235d01208b21f,lap_bag_context,no_pose_observation,34560.0,1.33,,1,cam12/e1/v1,
p5,03.CCTV Mobile Usage.mkv,632de9ed55947761d56d4c6142a3cb1a1fe69d0b1a6d0e01a2e404c697962623,dfine_native,12700.0,unknown_object,0.3147,699.92,396.15,779.06,492.48,7623.9,79.14,96.33,0.822,False,,True,R-desk,6,evt_S-61_desk_work_surface_0001,968235d01208b21f,lap_bag_context,no_pose_observation,34560.0,1.33,,1,cam12/e1/v1,
p5,03.CCTV Mobile Usage.mkv,632de9ed55947761d56d4c6142a3cb1a1fe69d0b1a6d0e01a2e404c697962623,dfine_native,12700.0,keyboard,0.894,962.1,451.9,1067.92,491.45,4185.1,105.83,39.55,2.676,False,,True,R-desk,7,evt_S-61_desk_work_surface_0001,968235d01208b21f,lap_bag_context,no_pose_observation,34560.0,1.33,,1,cam12/e1/v1,
p5,03.CCTV Mobile Usage.mkv,632de9ed55947761d56d4c6142a3cb1a1fe69d0b1a6d0e01a2e404c697962623,dfine_native,12700.0,unknown_object,0.6223,699.91,396.23,849.49,492.42,14387.6,149.57,96.19,1.555,False,,True,R-desk,7,evt_S-61_desk_work_surface_0001,968235d01208b21f,lap_bag_context,no_pose_observation,34560.0,1.33,,1,cam12/e1/v1,
p5,03.CCTV Mobile Usage.mkv,632de9ed55947761d56d4c6142a3cb1a1fe69d0b1a6d0e01a2e404c697962623,dfine_native,12700.0,keyboard,0.4237,802.46,396.22,870.9,420.71,1675.7,68.44,24.48,2.795,False,,True,R-desk,7,evt_S-61_desk_work_surface_0001,968235d01208b21f,lap_bag_context,no_pose_observation,34560.0,1.33,,1,cam12/e1/v1,
p5,03.CCTV Mobile Usage.mkv,632de9ed55947761d56d4c6142a3cb1a1fe69d0b1a6d0e01a2e404c697962623,dfine_native,12700.0,unknown_object,0.3092,736.55,395.62,1140.16,491.17,38565.1,403.61,95.55,4.224,False,,True,R-desk,7,evt_S-61_desk_work_surface_0001,968235d01208b21f,lap_bag_context,no_pose_observation,34560.0,1.33,,1,cam12/e1/v1,
p5,03.CCTV Mobile Usage.mkv,632de9ed55947761d56d4c6142a3cb1a1fe69d0b1a6d0e01a2e404c697962623,dfine_native,12700.0,monitor_or_bezel,0.3892,1019.66,395.52,1145.06,446.55,6399.4,125.4,51.03,2.457,False,,True,R-desk,7,evt_S-61_desk_work_surface_0001,968235d01208b21f,lap_bag_context,no_pose_observation,34560.0,1.33,,1,cam12/e1/v1,
p5,03.CCTV Mobile Usage.mkv,632de9ed55947761d56d4c6142a3cb1a1fe69d0b1a6d0e01a2e404c697962623,dfine_native,12700.0,unknown_object,0.4019,699.97,396.22,757.52,491.04,5456.4,57.55,94.82,0.607,False,,True,R-desk,7,evt_S-61_desk_work_surface_0001,968235d01208b21f,lap_bag_context,no_pose_observation,34560.0,1.33,,1,cam12/e1/v1,
p5,03.CCTV Mobile Usage.mkv,632de9ed55947761d56d4c6142a3cb1a1fe69d0b1a6d0e01a2e404c697962623,dfine_native,12700.0,monitor_or_bezel,0.3272,1013.37,395.62,1146.34,488.37,12331.9,132.97,92.74,1.434,False,,True,R-desk,7,evt_S-61_desk_work_surface_0001,968235d01208b21f,lap_bag_context,no_pose_observation,34560.0,1.33,,1,cam12/e1/v1,
p5,03.CCTV Mobile Usage.mkv,632de9ed55947761d56d4c6142a3cb1a1fe69d0b1a6d0e01a2e404c697962623,dfine_native,12700.0,phone,0.2574,1042.72,421.48,1114.16,474.32,3775.4,71.45,52.84,1.352,False,,True,R-desk,7,evt_S-61_desk_work_surface_0001,968235d01208b21f,lap_bag_context,no_pose_observation,34560.0,1.33,,1,cam12/e1/v1,
p5,03.CCTV Mobile Usage.mkv,632de9ed55947761d56d4c6142a3cb1a1fe69d0b1a6d0e01a2e404c697962623,dfine_native,12700.0,monitor_or_bezel,0.4822,967.01,395.52,1146.45,490.67,17075.0,179.45,95.15,1.886,False,,True,R-desk,7,evt_S-61_desk_work_surface_0001,968235d01208b21f,lap_bag_context,no_pose_observation,34560.0,1.33,,1,cam12/e1/v1,
p5,03.CCTV Mobile Usage.mkv,632de9ed55947761d56d4c6142a3cb1a1fe69d0b1a6d0e01a2e404c697962623,dfine_native,12700.0,mouse,0.5254,865.29,413.82,892.12,435.31,576.5,26.83,21.48,1.249,False,,True,R-desk,7,evt_S-61_desk_work_surface_0001,968235d01208b21f,lap_bag_context,no_pose_observation,34560.0,1.33,,1,cam12/e1/v1,
p5,03.CCTV Mobile Usage.mkv,632de9ed55947761d56d4c6142a3cb1a1fe69d0b1a6d0e01a2e404c697962623,dfine_native,12700.0,mouse,0.2733,966.85,398.32,992.32,410.44,308.6,25.46,12.12,2.101,False,,True,R-desk,7,evt_S-61_desk_work_surface_0001,968235d01208b21f,lap_bag_context,no_pose_observation,34560.0,1.33,,1,cam12/e1/v1,
p5,03.CCTV Mobile Usage.mkv,632de9ed55947761d56d4c6142a3cb1a1fe69d0b1a6d0e01a2e404c697962623,dfine_native,12700.0,monitor_or_bezel,0.281,967.29,395.4,1146.3,490.86,17088.5,179.0,95.46,1.875,False,,True,R-desk,7,evt_S-61_desk_work_surface_0001,968235d01208b21f,lap_bag_context,no_pose_observation,34560.0,1.33,,1,cam12/e1/v1,
p5,03.CCTV Mobile Usage.mkv,632de9ed55947761d56d4c6142a3cb1a1fe69d0b1a6d0e01a2e404c697962623,dfine_native,12700.0,monitor_or_bezel,0.3241,874.69,395.46,1146.43,491.41,26072.2,271.74,95.95,2.832,False,,True,R-desk,7,evt_S-61_desk_work_surface_0001,968235d01208b21f,lap_bag_context,no_pose_observation,34560.0,1.33,,1,cam12/e1/v1,
p5,03.CCTV Mobile Usage.mkv,632de9ed55947761d56d4c6142a3cb1a1fe69d0b1a6d0e01a2e404c697962623,dfine_native,12700.0,unknown_object,0.3147,699.92,396.15,779.06,492.48,7623.9,79.14,96.33,0.822,False,,True,R-desk,7,evt_S-61_desk_work_surface_0001,968235d01208b21f,lap_bag_context,no_pose_observation,34560.0,1.33,,1,cam12/e1/v1,
p5,03.CCTV Mobile Usage.mkv,632de9ed55947761d56d4c6142a3cb1a1fe69d0b1a6d0e01a2e404c697962623,dfine_native,13200.0,keyboard,0.894,962.1,451.9,1067.92,491.45,4185.1,105.83,39.55,2.676,False,,True,R-desk,7,evt_S-61_desk_work_surface_0001,200f7d8ecd4f122b,lap_bag_context,no_pose_observation,34560.0,1.33,,1,cam12/e1/v1,
p5,03.CCTV Mobile Usage.mkv,632de9ed55947761d56d4c6142a3cb1a1fe69d0b1a6d0e01a2e404c697962623,dfine_native,13200.0,unknown_object,0.6223,699.91,396.23,849.49,492.42,14387.6,149.57,96.19,1.555,False,,True,R-desk,7,evt_S-61_desk_work_surface_0001,200f7d8ecd4f122b,lap_bag_context,no_pose_observation,34560.0,1.33,,1,cam12/e1/v1,
p5,03.CCTV Mobile Usage.mkv,632de9ed55947761d56d4c6142a3cb1a1fe69d0b1a6d0e01a2e404c697962623,dfine_native,13200.0,keyboard,0.4237,802.46,396.22,870.9,420.71,1675.7,68.44,24.48,2.795,False,,True,R-desk,7,evt_S-61_desk_work_surface_0001,200f7d8ecd4f122b,lap_bag_context,no_pose_observation,34560.0,1.33,,1,cam12/e1/v1,
p5,03.CCTV Mobile Usage.mkv,632de9ed55947761d56d4c6142a3cb1a1fe69d0b1a6d0e01a2e404c697962623,dfine_native,13200.0,unknown_object,0.3092,736.55,395.62,1140.16,491.17,38565.1,403.61,95.55,4.224,False,,True,R-desk,7,evt_S-61_desk_work_surface_0001,200f7d8ecd4f122b,lap_bag_context,no_pose_observation,34560.0,1.33,,1,cam12/e1/v1,
p5,03.CCTV Mobile Usage.mkv,632de9ed55947761d56d4c6142a3cb1a1fe69d0b1a6d0e01a2e404c697962623,dfine_native,13200.0,monitor_or_bezel,0.3892,1019.66,395.52,1145.06,446.55,6399.4,125.4,51.03,2.457,False,,True,R-desk,7,evt_S-61_desk_work_surface_0001,200f7d8ecd4f122b,lap_bag_context,no_pose_observation,34560.0,1.33,,1,cam12/e1/v1,
p5,03.CCTV Mobile Usage.mkv,632de9ed55947761d56d4c6142a3cb1a1fe69d0b1a6d0e01a2e404c697962623,dfine_native,13200.0,unknown_object,0.4019,699.97,396.22,757.52,491.04,5456.4,57.55,94.82,0.607,False,,True,R-desk,7,evt_S-61_desk_work_surface_0001,200f7d8ecd4f122b,lap_bag_context,no_pose_observation,34560.0,1.33,,1,cam12/e1/v1,
p5,03.CCTV Mobile Usage.mkv,632de9ed55947761d56d4c6142a3cb1a1fe69d0b1a6d0e01a2e404c697962623,dfine_native,13200.0,monitor_or_bezel,0.3272,1013.37,395.62,1146.34,488.37,12331.9,132.97,92.74,1.434,False,,True,R-desk,7,evt_S-61_desk_work_surface_0001,200f7d8ecd4f122b,lap_bag_context,no_pose_observation,34560.0,1.33,,1,cam12/e1/v1,
p5,03.CCTV Mobile Usage.mkv,632de9ed55947761d56d4c6142a3cb1a1fe69d0b1a6d0e01a2e404c697962623,dfine_native,13200.0,phone,0.2574,1042.72,421.48,1114.16,474.32,3775.4,71.45,52.84,1.352,False,,True,R-desk,7,evt_S-61_desk_work_surface_0001,200f7d8ecd4f122b,lap_bag_context,no_pose_observation,34560.0,1.33,,1,cam12/e1/v1,
p5,03.CCTV Mobile Usage.mkv,632de9ed55947761d56d4c6142a3cb1a1fe69d0b1a6d0e01a2e404c697962623,dfine_native,13200.0,monitor_or_bezel,0.4822,967.01,395.52,1146.45,490.67,17075.0,179.45,95.15,1.886,False,,True,R-desk,7,evt_S-61_desk_work_surface_0001,200f7d8ecd4f122b,lap_bag_context,no_pose_observation,34560.0,1.33,,1,cam12/e1/v1,
p5,03.CCTV Mobile Usage.mkv,632de9ed55947761d56d4c6142a3cb1a1fe69d0b1a6d0e01a2e404c697962623,dfine_native,13200.0,mouse,0.5254,865.29,413.82,892.12,435.31,576.5,26.83,21.48,1.249,False,,True,R-desk,7,evt_S-61_desk_work_surface_0001,200f7d8ecd4f122b,lap_bag_context,no_pose_observation,34560.0,1.33,,1,cam12/e1/v1,
p5,03.CCTV Mobile Usage.mkv,632de9ed55947761d56d4c6142a3cb1a1fe69d0b1a6d0e01a2e404c697962623,dfine_native,13200.0,mouse,0.2733,966.85,398.32,992.32,410.44,308.6,25.46,12.12,2.101,False,,True,R-desk,7,evt_S-61_desk_work_surface_0001,200f7d8ecd4f122b,lap_bag_context,no_pose_observation,34560.0,1.33,,1,cam12/e1/v1,
p5,03.CCTV Mobile Usage.mkv,632de9ed55947761d56d4c6142a3cb1a1fe69d0b1a6d0e01a2e404c697962623,dfine_native,13200.0,monitor_or_bezel,0.281,967.29,395.4,1146.3,490.86,17088.5,179.0,95.46,1.875,False,,True,R-desk,7,evt_S-61_desk_work_surface_0001,200f7d8ecd4f122b,lap_bag_context,no_pose_observation,34560.0,1.33,,1,cam12/e1/v1,
p5,03.CCTV Mobile Usage.mkv,632de9ed55947761d56d4c6142a3cb1a1fe69d0b1a6d0e01a2e404c697962623,dfine_native,13200.0,monitor_or_bezel,0.3241,874.69,395.46,1146.43,491.41,26072.2,271.74,95.95,2.832,False,,True,R-desk,7,evt_S-61_desk_work_surface_0001,200f7d8ecd4f122b,lap_bag_context,no_pose_observation,34560.0,1.33,,1,cam12/e1/v1,
p5,03.CCTV Mobile Usage.mkv,632de9ed55947761d56d4c6142a3cb1a1fe69d0b1a6d0e01a2e404c697962623,dfine_native,13200.0,unknown_object,0.3147,699.92,396.15,779.06,492.48,7623.9,79.14,96.33,0.822,False,,True,R-desk,7,evt_S-61_desk_work_surface_0001,200f7d8ecd4f122b,lap_bag_context,no_pose_observation,34560.0,1.33,,1,cam12/e1/v1,
p5,03.CCTV Mobile Usage.mkv,632de9ed55947761d56d4c6142a3cb1a1fe69d0b1a6d0e01a2e404c697962623,dfine_native,13200.0,keyboard,0.894,962.1,451.9,1067.92,491.45,4185.1,105.83,39.55,2.676,False,,True,R-desk,6,evt_S-61_desk_work_surface_0001,200f7d8ecd4f122b,lap_bag_context,no_pose_observation,34560.0,1.33,,1,cam12/e1/v1,
p5,03.CCTV Mobile Usage.mkv,632de9ed55947761d56d4c6142a3cb1a1fe69d0b1a6d0e01a2e404c697962623,dfine_native,13200.0,unknown_object,0.6223,699.91,396.23,849.49,492.42,14387.6,149.57,96.19,1.555,False,,True,R-desk,6,evt_S-61_desk_work_surface_0001,200f7d8ecd4f122b,lap_bag_context,no_pose_observation,34560.0,1.33,,1,cam12/e1/v1,
p5,03.CCTV Mobile Usage.mkv,632de9ed55947761d56d4c6142a3cb1a1fe69d0b1a6d0e01a2e404c697962623,dfine_native,13200.0,keyboard,0.4237,802.46,396.22,870.9,420.71,1675.7,68.44,24.48,2.795,False,,True,R-desk,6,evt_S-61_desk_work_surface_0001,200f7d8ecd4f122b,lap_bag_context,no_pose_observation,34560.0,1.33,,1,cam12/e1/v1,
p5,03.CCTV Mobile Usage.mkv,632de9ed55947761d56d4c6142a3cb1a1fe69d0b1a6d0e01a2e404c697962623,dfine_native,13200.0,unknown_object,0.3092,736.55,395.62,1140.16,491.17,38565.1,403.61,95.55,4.224,False,,True,R-desk,6,evt_S-61_desk_work_surface_0001,200f7d8ecd4f122b,lap_bag_context,no_pose_observation,34560.0,1.33,,1,cam12/e1/v1,
p5,03.CCTV Mobile Usage.mkv,632de9ed55947761d56d4c6142a3cb1a1fe69d0b1a6d0e01a2e404c697962623,dfine_native,13200.0,monitor_or_bezel,0.3892,1019.66,395.52,1145.06,446.55,6399.4,125.4,51.03,2.457,False,,True,R-desk,6,evt_S-61_desk_work_surface_0001,200f7d8ecd4f122b,lap_bag_context,no_pose_observation,34560.0,1.33,,1,cam12/e1/v1,
p5,03.CCTV Mobile Usage.mkv,632de9ed55947761d56d4c6142a3cb1a1fe69d0b1a6d0e01a2e404c697962623,dfine_native,13200.0,unknown_object,0.4019,699.97,396.22,757.52,491.04,5456.4,57.55,94.82,0.607,False,,True,R-desk,6,evt_S-61_desk_work_surface_0001,200f7d8ecd4f122b,lap_bag_context,no_pose_observation,34560.0,1.33,,1,cam12/e1/v1,
p5,03.CCTV Mobile Usage.mkv,632de9ed55947761d56d4c6142a3cb1a1fe69d0b1a6d0e01a2e404c697962623,dfine_native,13200.0,monitor_or_bezel,0.3272,1013.37,395.62,1146.34,488.37,12331.9,132.97,92.74,1.434,False,,True,R-desk,6,evt_S-61_desk_work_surface_0001,200f7d8ecd4f122b,lap_bag_context,no_pose_observation,34560.0,1.33,,1,cam12/e1/v1,
p5,03.CCTV Mobile Usage.mkv,632de9ed55947761d56d4c6142a3cb1a1fe69d0b1a6d0e01a2e404c697962623,dfine_native,13200.0,phone,0.2574,1042.72,421.48,1114.16,474.32,3775.4,71.45,52.84,1.352,False,,True,R-desk,6,evt_S-61_desk_work_surface_0001,200f7d8ecd4f122b,lap_bag_context,no_pose_observation,34560.0,1.33,,1,cam12/e1/v1,
p5,03.CCTV Mobile Usage.mkv,632de9ed55947761d56d4c6142a3cb1a1fe69d0b1a6d0e01a2e404c697962623,dfine_native,13200.0,monitor_or_bezel,0.4822,967.01,395.52,1146.45,490.67,17075.0,179.45,95.15,1.886,False,,True,R-desk,6,evt_S-61_desk_work_surface_0001,200f7d8ecd4f122b,lap_bag_context,no_pose_observation,34560.0,1.33,,1,cam12/e1/v1,
p5,03.CCTV Mobile Usage.mkv,632de9ed55947761d56d4c6142a3cb1a1fe69d0b1a6d0e01a2e404c697962623,dfine_native,13200.0,mouse,0.5254,865.29,413.82,892.12,435.31,576.5,26.83,21.48,1.249,False,,True,R-desk,6,evt_S-61_desk_work_surface_0001,200f7d8ecd4f122b,lap_bag_context,no_pose_observation,34560.0,1.33,,1,cam12/e1/v1,
p5,03.CCTV Mobile Usage.mkv,632de9ed55947761d56d4c6142a3cb1a1fe69d0b1a6d0e01a2e404c697962623,dfine_native,13200.0,mouse,0.2733,966.85,398.32,992.32,410.44,308.6,25.46,12.12,2.101,False,,True,R-desk,6,evt_S-61_desk_work_surface_0001,200f7d8ecd4f122b,lap_bag_context,no_pose_observation,34560.0,1.33,,1,cam12/e1/v1,
p5,03.CCTV Mobile Usage.mkv,632de9ed55947761d56d4c6142a3cb1a1fe69d0b1a6d0e01a2e404c697962623,dfine_native,13200.0,monitor_or_bezel,0.281,967.29,395.4,1146.3,490.86,17088.5,179.0,95.46,1.875,False,,True,R-desk,6,evt_S-61_desk_work_surface_0001,200f7d8ecd4f122b,lap_bag_context,no_pose_observation,34560.0,1.33,,1,cam12/e1/v1,
p5,03.CCTV Mobile Usage.mkv,632de9ed55947761d56d4c6142a3cb1a1fe69d0b1a6d0e01a2e404c697962623,dfine_native,13200.0,monitor_or_bezel,0.3241,874.69,395.46,1146.43,491.41,26072.2,271.74,95.95,2.832,False,,True,R-desk,6,evt_S-61_desk_work_surface_0001,200f7d8ecd4f122b,lap_bag_context,no_pose_observation,34560.0,1.33,,1,cam12/e1/v1,
p5,03.CCTV Mobile Usage.mkv,632de9ed55947761d56d4c6142a3cb1a1fe69d0b1a6d0e01a2e404c697962623,dfine_native,13200.0,unknown_object,0.3147,699.92,396.15,779.06,492.48,7623.9,79.14,96.33,0.822,False,,True,R-desk,6,evt_S-61_desk_work_surface_0001,200f7d8ecd4f122b,lap_bag_context,no_pose_observation,34560.0,1.33,,1,cam12/e1/v1,
p5,03.CCTV Mobile Usage.mkv,632de9ed55947761d56d4c6142a3cb1a1fe69d0b1a6d0e01a2e404c697962623,dfine_native,13200.0,unknown_object,0.4686,142.75,198.27,277.42,349.5,20365.7,134.67,151.22,0.891,False,,True,S-61,2,evt_S-61_desk_work_surface_0001,41099a5b80ec7e0e,pose_hand_context,,42791.1,3.09,,1,cam12/e1/v1,rtmpose_baseline
p5,03.CCTV Mobile Usage.mkv,632de9ed55947761d56d4c6142a3cb1a1fe69d0b1a6d0e01a2e404c697962623,dfine_native,13200.0,unknown_object,0.252,233.36,293.6,345.55,403.0,12273.6,112.19,109.4,1.025,False,,True,S-61,2,evt_S-61_desk_work_surface_0001,41099a5b80ec7e0e,pose_hand_context,,42791.1,3.09,,1,cam12/e1/v1,rtmpose_baseline
p5,03.CCTV Mobile Usage.mkv,632de9ed55947761d56d4c6142a3cb1a1fe69d0b1a6d0e01a2e404c697962623,dfine_native,13200.0,stationery,0.6682,12.08,493.7,197.87,562.4,12763.2,185.79,68.7,2.704,False,,True,S-61,1,evt_S-61_desk_work_surface_0001,aeca27b1a7e55a21,pose_hand_context,,34812.1,3.43,,1,cam12/e1/v1,rtmpose_baseline
p5,03.CCTV Mobile Usage.mkv,632de9ed55947761d56d4c6142a3cb1a1fe69d0b1a6d0e01a2e404c697962623,dfine_native,13200.0,stationery,0.3981,102.48,476.65,162.12,530.34,3202.4,59.64,53.69,1.111,False,,True,S-61,1,evt_S-61_desk_work_surface_0001,aeca27b1a7e55a21,pose_hand_context,,34812.1,3.43,,1,cam12/e1/v1,rtmpose_baseline
p5,03.CCTV Mobile Usage.mkv,632de9ed55947761d56d4c6142a3cb1a1fe69d0b1a6d0e01a2e404c697962623,dfine_native,13200.0,stationery,0.5124,42.92,443.7,72.14,471.25,805.2,29.22,27.55,1.061,False,,True,S-61,1,evt_S-61_desk_work_surface_0001,aeca27b1a7e55a21,pose_hand_context,,34812.1,3.43,,1,cam12/e1/v1,rtmpose_baseline
p5,03.CCTV Mobile Usage.mkv,632de9ed55947761d56d4c6142a3cb1a1fe69d0b1a6d0e01a2e404c697962623,dfine_native,13200.0,stationery,0.395,12.0,376.83,101.9,498.04,10897.7,89.91,121.21,0.742,False,,True,S-61,1,evt_S-61_desk_work_surface_0001,aeca27b1a7e55a21,pose_hand_context,,34812.1,3.43,,1,cam12/e1/v1,rtmpose_baseline
p5,03.CCTV Mobile Usage.mkv,632de9ed55947761d56d4c6142a3cb1a1fe69d0b1a6d0e01a2e404c697962623,dfine_native,13200.0,stationery,0.5723,12.07,415.01,102.07,498.56,7519.5,90.0,83.55,1.077,False,,True,S-61,1,evt_S-61_desk_work_surface_0001,aeca27b1a7e55a21,pose_hand_context,,34812.1,3.43,,1,cam12/e1/v1,rtmpose_baseline
p5,03.CCTV Mobile Usage.mkv,632de9ed55947761d56d4c6142a3cb1a1fe69d0b1a6d0e01a2e404c697962623,dfine_native,13200.0,stationery,0.2975,69.51,418.14,154.54,497.07,6711.4,85.03,78.93,1.077,False,,True,S-61,1,evt_S-61_desk_work_surface_0001,aeca27b1a7e55a21,pose_hand_context,,34812.1,3.43,,1,cam12/e1/v1,rtmpose_baseline
p5,03.CCTV Mobile Usage.mkv,632de9ed55947761d56d4c6142a3cb1a1fe69d0b1a6d0e01a2e404c697962623,dfine_native,13200.0,stationery,0.2674,44.21,509.82,86.24,556.96,1981.4,42.03,47.14,0.892,False,,True,S-61,1,evt_S-61_desk_work_surface_0001,aeca27b1a7e55a21,pose_hand_context,,34812.1,3.43,,1,cam12/e1/v1,rtmpose_baseline
p5,03.CCTV Mobile Usage.mkv,632de9ed55947761d56d4c6142a3cb1a1fe69d0b1a6d0e01a2e404c697962623,dfine_native,13200.0,unknown_object,0.3131,67.9,376.44,198.07,500.31,16123.9,130.17,123.87,1.051,False,,True,S-61,1,evt_S-61_desk_work_surface_0001,aeca27b1a7e55a21,pose_hand_context,,34812.1,3.43,,1,cam12/e1/v1,rtmpose_baseline
p5,03.CCTV Mobile Usage.mkv,632de9ed55947761d56d4c6142a3cb1a1fe69d0b1a6d0e01a2e404c697962623,dfine_native,13200.0,unknown_object,0.3019,12.29,376.22,198.06,501.57,23286.2,185.76,125.35,1.482,False,,True,S-61,1,evt_S-61_desk_work_surface_0001,aeca27b1a7e55a21,pose_hand_context,,34812.1,3.43,,1,cam12/e1/v1,rtmpose_baseline
p5,03.CCTV Mobile Usage.mkv,632de9ed55947761d56d4c6142a3cb1a1fe69d0b1a6d0e01a2e404c697962623,dfine_native,13200.0,stationery,0.3365,12.6,494.39,158.95,562.06,9903.6,146.35,67.67,2.163,False,,True,S-61,1,evt_S-61_desk_work_surface_0001,aeca27b1a7e55a21,pose_hand_context,,34812.1,3.43,,1,cam12/e1/v1,rtmpose_baseline
p5,03.CCTV Mobile Usage.mkv,632de9ed55947761d56d4c6142a3cb1a1fe69d0b1a6d0e01a2e404c697962623,dfine_native,13200.0,stationery,0.3073,12.31,413.77,154.06,499.6,12167.1,141.76,85.83,1.652,False,,True,S-61,1,evt_S-61_desk_work_surface_0001,aeca27b1a7e55a21,pose_hand_context,,34812.1,3.43,,1,cam12/e1/v1,rtmpose_baseline
p5,03.CCTV Mobile Usage.mkv,632de9ed55947761d56d4c6142a3cb1a1fe69d0b1a6d0e01a2e404c697962623,dfine_native,13700.0,keyboard,0.8943,962.1,451.9,1067.92,491.45,4185.3,105.83,39.55,2.676,False,,True,R-desk,6,evt_S-61_desk_work_surface_0001,243d4174c5ecf8e0,lap_bag_context,no_pose_observation,34560.0,1.33,,1,cam12/e1/v1,
p5,03.CCTV Mobile Usage.mkv,632de9ed55947761d56d4c6142a3cb1a1fe69d0b1a6d0e01a2e404c697962623,dfine_native,13700.0,unknown_object,0.6351,699.91,396.23,849.23,492.42,14363.2,149.32,96.19,1.552,False,,True,R-desk,6,evt_S-61_desk_work_surface_0001,243d4174c5ecf8e0,lap_bag_context,no_pose_observation,34560.0,1.33,,1,cam12/e1/v1,
p5,03.CCTV Mobile Usage.mkv,632de9ed55947761d56d4c6142a3cb1a1fe69d0b1a6d0e01a2e404c697962623,dfine_native,13700.0,keyboard,0.4275,802.46,396.23,870.9,420.71,1675.4,68.44,24.48,2.796,False,,True,R-desk,6,evt_S-61_desk_work_surface_0001,243d4174c5ecf8e0,lap_bag_context,no_pose_observation,34560.0,1.33,,1,cam12/e1/v1,
p5,03.CCTV Mobile Usage.mkv,632de9ed55947761d56d4c6142a3cb1a1fe69d0b1a6d0e01a2e404c697962623,dfine_native,13700.0,unknown_object,0.3122,736.53,395.62,1140.46,491.18,38597.9,403.92,95.56,4.227,False,,True,R-desk,6,evt_S-61_desk_work_surface_0001,243d4174c5ecf8e0,lap_bag_context,no_pose_observation,34560.0,1.33,,1,cam12/e1/v1,
p5,03.CCTV Mobile Usage.mkv,632de9ed55947761d56d4c6142a3cb1a1fe69d0b1a6d0e01a2e404c697962623,dfine_native,13700.0,monitor_or_bezel,0.3911,1019.66,395.52,1145.07,446.54,6398.2,125.4,51.02,2.458,False,,True,R-desk,6,evt_S-61_desk_work_surface_0001,243d4174c5ecf8e0,lap_bag_context,no_pose_observation,34560.0,1.33,,1,cam12/e1/v1,
p5,03.CCTV Mobile Usage.mkv,632de9ed55947761d56d4c6142a3cb1a1fe69d0b1a6d0e01a2e404c697962623,dfine_native,13700.0,monitor_or_bezel,0.3285,1013.36,395.62,1146.34,488.38,12335.5,132.98,92.76,1.434,False,,True,R-desk,6,evt_S-61_desk_work_surface_0001,243d4174c5ecf8e0,lap_bag_context,no_pose_observation,34560.0,1.33,,1,cam12/e1/v1,
p5,03.CCTV Mobile Usage.mkv,632de9ed55947761d56d4c6142a3cb1a1fe69d0b1a6d0e01a2e404c697962623,dfine_native,13700.0,unknown_object,0.4047,699.97,396.23,757.44,491.07,5450.2,57.47,94.84,0.606,False,,True,R-desk,6,evt_S-61_desk_work_surface_0001,243d4174c5ecf8e0,lap_bag_context,no_pose_observation,34560.0,1.33,,1,cam12/e1/v1,
p5,03.CCTV Mobile Usage.mkv,632de9ed55947761d56d4c6142a3cb1a1fe69d0b1a6d0e01a2e404c697962623,dfine_native,13700.0,phone,0.2566,1042.72,421.48,1114.17,474.32,3775.7,71.45,52.84,1.352,False,,True,R-desk,6,evt_S-61_desk_work_surface_0001,243d4174c5ecf8e0,lap_bag_context,no_pose_observation,34560.0,1.33,,1,cam12/e1/v1,
p5,03.CCTV Mobile Usage.mkv,632de9ed55947761d56d4c6142a3cb1a1fe69d0b1a6d0e01a2e404c697962623,dfine_native,13700.0,monitor_or_bezel,0.4849,967.02,395.52,1146.46,490.68,17075.9,179.44,95.16,1.886,False,,True,R-desk,6,evt_S-61_desk_work_surface_0001,243d4174c5ecf8e0,lap_bag_context,no_pose_observation,34560.0,1.33,,1,cam12/e1/v1,
p5,03.CCTV Mobile Usage.mkv,632de9ed55947761d56d4c6142a3cb1a1fe69d0b1a6d0e01a2e404c697962623,dfine_native,13700.0,mouse,0.5281,865.29,413.83,892.11,435.3,576.1,26.82,21.48,1.249,False,,True,R-desk,6,evt_S-61_desk_work_surface_0001,243d4174c5ecf8e0,lap_bag_context,no_pose_observation,34560.0,1.33,,1,cam12/e1/v1,
p5,03.CCTV Mobile Usage.mkv,632de9ed55947761d56d4c6142a3cb1a1fe69d0b1a6d0e01a2e404c697962623,dfine_native,13700.0,mouse,0.2755,966.86,398.32,992.31,410.43,308.4,25.45,12.12,2.101,False,,True,R-desk,6,evt_S-61_desk_work_surface_0001,243d4174c5ecf8e0,lap_bag_context,no_pose_observation,34560.0,1.33,,1,cam12/e1/v1,
p5,03.CCTV Mobile Usage.mkv,632de9ed55947761d56d4c6142a3cb1a1fe69d0b1a6d0e01a2e404c697962623,dfine_native,13700.0,monitor_or_bezel,0.2843,967.27,395.4,1146.3,490.87,17092.1,179.03,95.47,1.875,False,,True,R-desk,6,evt_S-61_desk_work_surface_0001,243d4174c5ecf8e0,lap_bag_context,no_pose_observation,34560.0,1.33,,1,cam12/e1/v1,
p5,03.CCTV Mobile Usage.mkv,632de9ed55947761d56d4c6142a3cb1a1fe69d0b1a6d0e01a2e404c697962623,dfine_native,13700.0,monitor_or_bezel,0.3254,874.73,395.47,1146.41,491.41,26065.6,271.69,95.94,2.832,False,,True,R-desk,6,evt_S-61_desk_work_surface_0001,243d4174c5ecf8e0,lap_bag_context,no_pose_observation,34560.0,1.33,,1,cam12/e1/v1,
p5,03.CCTV Mobile Usage.mkv,632de9ed55947761d56d4c6142a3cb1a1fe69d0b1a6d0e01a2e404c697962623,dfine_native,13700.0,unknown_object,0.3076,699.93,396.15,779.19,492.48,7635.6,79.26,96.34,0.823,False,,True,R-desk,6,evt_S-61_desk_work_surface_0001,243d4174c5ecf8e0,lap_bag_context,no_pose_observation,34560.0,1.33,,1,cam12/e1/v1,
p5,03.CCTV Mobile Usage.mkv,632de9ed55947761d56d4c6142a3cb1a1fe69d0b1a6d0e01a2e404c697962623,dfine_native,13700.0,keyboard,0.8943,962.1,451.9,1067.92,491.45,4185.3,105.83,39.55,2.676,False,,True,R-desk,5,evt_S-61_desk_work_surface_0001,243d4174c5ecf8e0,lap_bag_context,no_pose_observation,34560.0,1.33,,1,cam12/e1/v1,
p5,03.CCTV Mobile Usage.mkv,632de9ed55947761d56d4c6142a3cb1a1fe69d0b1a6d0e01a2e404c697962623,dfine_native,13700.0,unknown_object,0.6351,699.91,396.23,849.23,492.42,14363.2,149.32,96.19,1.552,False,,True,R-desk,5,evt_S-61_desk_work_surface_0001,243d4174c5ecf8e0,lap_bag_context,no_pose_observation,34560.0,1.33,,1,cam12/e1/v1,
p5,03.CCTV Mobile Usage.mkv,632de9ed55947761d56d4c6142a3cb1a1fe69d0b1a6d0e01a2e404c697962623,dfine_native,13700.0,keyboard,0.4275,802.46,396.23,870.9,420.71,1675.4,68.44,24.48,2.796,False,,True,R-desk,5,evt_S-61_desk_work_surface_0001,243d4174c5ecf8e0,lap_bag_context,no_pose_observation,34560.0,1.33,,1,cam12/e1/v1,
p5,03.CCTV Mobile Usage.mkv,632de9ed55947761d56d4c6142a3cb1a1fe69d0b1a6d0e01a2e404c697962623,dfine_native,13700.0,unknown_object,0.3122,736.53,395.62,1140.46,491.18,38597.9,403.92,95.56,4.227,False,,True,R-desk,5,evt_S-61_desk_work_surface_0001,243d4174c5ecf8e0,lap_bag_context,no_pose_observation,34560.0,1.33,,1,cam12/e1/v1,
p5,03.CCTV Mobile Usage.mkv,632de9ed55947761d56d4c6142a3cb1a1fe69d0b1a6d0e01a2e404c697962623,dfine_native,13700.0,monitor_or_bezel,0.3911,1019.66,395.52,1145.07,446.54,6398.2,125.4,51.02,2.458,False,,True,R-desk,5,evt_S-61_desk_work_surface_0001,243d4174c5ecf8e0,lap_bag_context,no_pose_observation,34560.0,1.33,,1,cam12/e1/v1,
p5,03.CCTV Mobile Usage.mkv,632de9ed55947761d56d4c6142a3cb1a1fe69d0b1a6d0e01a2e404c697962623,dfine_native,13700.0,monitor_or_bezel,0.3285,1013.36,395.62,1146.34,488.38,12335.5,132.98,92.76,1.434,False,,True,R-desk,5,evt_S-61_desk_work_surface_0001,243d4174c5ecf8e0,lap_bag_context,no_pose_observation,34560.0,1.33,,1,cam12/e1/v1,
p5,03.CCTV Mobile Usage.mkv,632de9ed55947761d56d4c6142a3cb1a1fe69d0b1a6d0e01a2e404c697962623,dfine_native,13700.0,unknown_object,0.4047,699.97,396.23,757.44,491.07,5450.2,57.47,94.84,0.606,False,,True,R-desk,5,evt_S-61_desk_work_surface_0001,243d4174c5ecf8e0,lap_bag_context,no_pose_observation,34560.0,1.33,,1,cam12/e1/v1,
p5,03.CCTV Mobile Usage.mkv,632de9ed55947761d56d4c6142a3cb1a1fe69d0b1a6d0e01a2e404c697962623,dfine_native,13700.0,phone,0.2566,1042.72,421.48,1114.17,474.32,3775.7,71.45,52.84,1.352,False,,True,R-desk,5,evt_S-61_desk_work_surface_0001,243d4174c5ecf8e0,lap_bag_context,no_pose_observation,34560.0,1.33,,1,cam12/e1/v1,
p5,03.CCTV Mobile Usage.mkv,632de9ed55947761d56d4c6142a3cb1a1fe69d0b1a6d0e01a2e404c697962623,dfine_native,13700.0,monitor_or_bezel,0.4849,967.02,395.52,1146.46,490.68,17075.9,179.44,95.16,1.886,False,,True,R-desk,5,evt_S-61_desk_work_surface_0001,243d4174c5ecf8e0,lap_bag_context,no_pose_observation,34560.0,1.33,,1,cam12/e1/v1,
p5,03.CCTV Mobile Usage.mkv,632de9ed55947761d56d4c6142a3cb1a1fe69d0b1a6d0e01a2e404c697962623,dfine_native,13700.0,mouse,0.5281,865.29,413.83,892.11,435.3,576.1,26.82,21.48,1.249,False,,True,R-desk,5,evt_S-61_desk_work_surface_0001,243d4174c5ecf8e0,lap_bag_context,no_pose_observation,34560.0,1.33,,1,cam12/e1/v1,
p5,03.CCTV Mobile Usage.mkv,632de9ed55947761d56d4c6142a3cb1a1fe69d0b1a6d0e01a2e404c697962623,dfine_native,13700.0,mouse,0.2755,966.86,398.32,992.31,410.43,308.4,25.45,12.12,2.101,False,,True,R-desk,5,evt_S-61_desk_work_surface_0001,243d4174c5ecf8e0,lap_bag_context,no_pose_observation,34560.0,1.33,,1,cam12/e1/v1,
p5,03.CCTV Mobile Usage.mkv,632de9ed55947761d56d4c6142a3cb1a1fe69d0b1a6d0e01a2e404c697962623,dfine_native,13700.0,monitor_or_bezel,0.2843,967.27,395.4,1146.3,490.87,17092.1,179.03,95.47,1.875,False,,True,R-desk,5,evt_S-61_desk_work_surface_0001,243d4174c5ecf8e0,lap_bag_context,no_pose_observation,34560.0,1.33,,1,cam12/e1/v1,
p5,03.CCTV Mobile Usage.mkv,632de9ed55947761d56d4c6142a3cb1a1fe69d0b1a6d0e01a2e404c697962623,dfine_native,13700.0,monitor_or_bezel,0.3254,874.73,395.47,1146.41,491.41,26065.6,271.69,95.94,2.832,False,,True,R-desk,5,evt_S-61_desk_work_surface_0001,243d4174c5ecf8e0,lap_bag_context,no_pose_observation,34560.0,1.33,,1,cam12/e1/v1,
p5,03.CCTV Mobile Usage.mkv,632de9ed55947761d56d4c6142a3cb1a1fe69d0b1a6d0e01a2e404c697962623,dfine_native,13700.0,unknown_object,0.3076,699.93,396.15,779.19,492.48,7635.6,79.26,96.34,0.823,False,,True,R-desk,5,evt_S-61_desk_work_surface_0001,243d4174c5ecf8e0,lap_bag_context,no_pose_observation,34560.0,1.33,,1,cam12/e1/v1,
p5,03.CCTV Mobile Usage.mkv,632de9ed55947761d56d4c6142a3cb1a1fe69d0b1a6d0e01a2e404c697962623,dfine_native,13700.0,keyboard,0.8943,962.1,451.9,1067.92,491.45,4185.3,105.83,39.55,2.676,False,,True,R-desk,7,evt_S-61_desk_work_surface_0001,243d4174c5ecf8e0,lap_bag_context,no_pose_observation,34560.0,1.33,,1,cam12/e1/v1,
p5,03.CCTV Mobile Usage.mkv,632de9ed55947761d56d4c6142a3cb1a1fe69d0b1a6d0e01a2e404c697962623,dfine_native,13700.0,unknown_object,0.6351,699.91,396.23,849.23,492.42,14363.2,149.32,96.19,1.552,False,,True,R-desk,7,evt_S-61_desk_work_surface_0001,243d4174c5ecf8e0,lap_bag_context,no_pose_observation,34560.0,1.33,,1,cam12/e1/v1,
p5,03.CCTV Mobile Usage.mkv,632de9ed55947761d56d4c6142a3cb1a1fe69d0b1a6d0e01a2e404c697962623,dfine_native,13700.0,keyboard,0.4275,802.46,396.23,870.9,420.71,1675.4,68.44,24.48,2.796,False,,True,R-desk,7,evt_S-61_desk_work_surface_0001,243d4174c5ecf8e0,lap_bag_context,no_pose_observation,34560.0,1.33,,1,cam12/e1/v1,
p5,03.CCTV Mobile Usage.mkv,632de9ed55947761d56d4c6142a3cb1a1fe69d0b1a6d0e01a2e404c697962623,dfine_native,13700.0,unknown_object,0.3122,736.53,395.62,1140.46,491.18,38597.9,403.92,95.56,4.227,False,,True,R-desk,7,evt_S-61_desk_work_surface_0001,243d4174c5ecf8e0,lap_bag_context,no_pose_observation,34560.0,1.33,,1,cam12/e1/v1,
p5,03.CCTV Mobile Usage.mkv,632de9ed55947761d56d4c6142a3cb1a1fe69d0b1a6d0e01a2e404c697962623,dfine_native,13700.0,monitor_or_bezel,0.3911,1019.66,395.52,1145.07,446.54,6398.2,125.4,51.02,2.458,False,,True,R-desk,7,evt_S-61_desk_work_surface_0001,243d4174c5ecf8e0,lap_bag_context,no_pose_observation,34560.0,1.33,,1,cam12/e1/v1,
p5,03.CCTV Mobile Usage.mkv,632de9ed55947761d56d4c6142a3cb1a1fe69d0b1a6d0e01a2e404c697962623,dfine_native,13700.0,monitor_or_bezel,0.3285,1013.36,395.62,1146.34,488.38,12335.5,132.98,92.76,1.434,False,,True,R-desk,7,evt_S-61_desk_work_surface_0001,243d4174c5ecf8e0,lap_bag_context,no_pose_observation,34560.0,1.33,,1,cam12/e1/v1,
p5,03.CCTV Mobile Usage.mkv,632de9ed55947761d56d4c6142a3cb1a1fe69d0b1a6d0e01a2e404c697962623,dfine_native,13700.0,unknown_object,0.4047,699.97,396.23,757.44,491.07,5450.2,57.47,94.84,0.606,False,,True,R-desk,7,evt_S-61_desk_work_surface_0001,243d4174c5ecf8e0,lap_bag_context,no_pose_observation,34560.0,1.33,,1,cam12/e1/v1,
p5,03.CCTV Mobile Usage.mkv,632de9ed55947761d56d4c6142a3cb1a1fe69d0b1a6d0e01a2e404c697962623,dfine_native,13700.0,phone,0.2566,1042.72,421.48,1114.17,474.32,3775.7,71.45,52.84,1.352,False,,True,R-desk,7,evt_S-61_desk_work_surface_0001,243d4174c5ecf8e0,lap_bag_context,no_pose_observation,34560.0,1.33,,1,cam12/e1/v1,
p5,03.CCTV Mobile Usage.mkv,632de9ed55947761d56d4c6142a3cb1a1fe69d0b1a6d0e01a2e404c697962623,dfine_native,13700.0,monitor_or_bezel,0.4849,967.02,395.52,1146.46,490.68,17075.9,179.44,95.16,1.886,False,,True,R-desk,7,evt_S-61_desk_work_surface_0001,243d4174c5ecf8e0,lap_bag_context,no_pose_observation,34560.0,1.33,,1,cam12/e1/v1,
p5,03.CCTV Mobile Usage.mkv,632de9ed55947761d56d4c6142a3cb1a1fe69d0b1a6d0e01a2e404c697962623,dfine_native,13700.0,mouse,0.5281,865.29,413.83,892.11,435.3,576.1,26.82,21.48,1.249,False,,True,R-desk,7,evt_S-61_desk_work_surface_0001,243d4174c5ecf8e0,lap_bag_context,no_pose_observation,34560.0,1.33,,1,cam12/e1/v1,
p5,03.CCTV Mobile Usage.mkv,632de9ed55947761d56d4c6142a3cb1a1fe69d0b1a6d0e01a2e404c697962623,dfine_native,13700.0,mouse,0.2755,966.86,398.32,992.31,410.43,308.4,25.45,12.12,2.101,False,,True,R-desk,7,evt_S-61_desk_work_surface_0001,243d4174c5ecf8e0,lap_bag_context,no_pose_observation,34560.0,1.33,,1,cam12/e1/v1,
p5,03.CCTV Mobile Usage.mkv,632de9ed55947761d56d4c6142a3cb1a1fe69d0b1a6d0e01a2e404c697962623,dfine_native,13700.0,monitor_or_bezel,0.2843,967.27,395.4,1146.3,490.87,17092.1,179.03,95.47,1.875,False,,True,R-desk,7,evt_S-61_desk_work_surface_0001,243d4174c5ecf8e0,lap_bag_context,no_pose_observation,34560.0,1.33,,1,cam12/e1/v1,
p5,03.CCTV Mobile Usage.mkv,632de9ed55947761d56d4c6142a3cb1a1fe69d0b1a6d0e01a2e404c697962623,dfine_native,13700.0,monitor_or_bezel,0.3254,874.73,395.47,1146.41,491.41,26065.6,271.69,95.94,2.832,False,,True,R-desk,7,evt_S-61_desk_work_surface_0001,243d4174c5ecf8e0,lap_bag_context,no_pose_observation,34560.0,1.33,,1,cam12/e1/v1,
p5,03.CCTV Mobile Usage.mkv,632de9ed55947761d56d4c6142a3cb1a1fe69d0b1a6d0e01a2e404c697962623,dfine_native,13700.0,unknown_object,0.3076,699.93,396.15,779.19,492.48,7635.6,79.26,96.34,0.823,False,,True,R-desk,7,evt_S-61_desk_work_surface_0001,243d4174c5ecf8e0,lap_bag_context,no_pose_observation,34560.0,1.33,,1,cam12/e1/v1,
p5,03.CCTV Mobile Usage.mkv,632de9ed55947761d56d4c6142a3cb1a1fe69d0b1a6d0e01a2e404c697962623,dfine_native,13700.0,unknown_object,0.448,0.34,254.1,45.11,306.08,2327.2,44.77,51.98,0.861,False,,True,S-61,2,evt_S-61_desk_work_surface_0001,843ac0bd3ddb8743,pose_hand_context,,44783.0,3.02,,1,cam12/e1/v1,rtmpose_baseline
p5,03.CCTV Mobile Usage.mkv,632de9ed55947761d56d4c6142a3cb1a1fe69d0b1a6d0e01a2e404c697962623,dfine_native,13700.0,unknown_object,0.4153,-0.16,278.33,84.97,421.88,12220.0,85.13,143.55,0.593,False,,True,S-61,2,evt_S-61_desk_work_surface_0001,843ac0bd3ddb8743,pose_hand_context,,44783.0,3.02,,1,cam12/e1/v1,rtmpose_baseline
p5,03.CCTV Mobile Usage.mkv,632de9ed55947761d56d4c6142a3cb1a1fe69d0b1a6d0e01a2e404c697962623,dfine_native,13700.0,unknown_object,0.317,100.52,266.27,210.65,420.55,16990.1,110.13,154.28,0.714,False,,True,S-61,2,evt_S-61_desk_work_surface_0001,843ac0bd3ddb8743,pose_hand_context,,44783.0,3.02,,1,cam12/e1/v1,rtmpose_baseline
p5,03.CCTV Mobile Usage.mkv,632de9ed55947761d56d4c6142a3cb1a1fe69d0b1a6d0e01a2e404c697962623,dfine_native,13700.0,unknown_object,0.3091,105.15,323.16,210.36,420.12,10200.6,105.21,96.96,1.085,False,,True,S-61,2,evt_S-61_desk_work_surface_0001,843ac0bd3ddb8743,pose_hand_context,,44783.0,3.02,,1,cam12/e1/v1,rtmpose_baseline
p5,03.CCTV Mobile Usage.mkv,632de9ed55947761d56d4c6142a3cb1a1fe69d0b1a6d0e01a2e404c697962623,dfine_native,13700.0,unknown_object,0.2514,78.56,323.07,210.57,422.04,13065.9,132.01,98.98,1.334,False,,True,S-61,2,evt_S-61_desk_work_surface_0001,843ac0bd3ddb8743,pose_hand_context,,44783.0,3.02,,1,cam12/e1/v1,rtmpose_baseline
p5,03.CCTV Mobile Usage.mkv,632de9ed55947761d56d4c6142a3cb1a1fe69d0b1a6d0e01a2e404c697962623,dfine_native,13700.0,unknown_object,0.3157,76.32,267.09,210.79,421.73,20794.9,134.47,154.64,0.87,False,,True,S-61,2,evt_S-61_desk_work_surface_0001,843ac0bd3ddb8743,pose_hand_context,,44783.0,3.02,,1,cam12/e1/v1,rtmpose_baseline
p5,03.CCTV Mobile Usage.mkv,632de9ed55947761d56d4c6142a3cb1a1fe69d0b1a6d0e01a2e404c697962623,dfine_native,13700.0,unknown_object,0.3306,0.04,254.9,210.74,421.83,35171.2,210.7,166.93,1.262,False,,True,S-61,2,evt_S-61_desk_work_surface_0001,843ac0bd3ddb8743,pose_hand_context,,44783.0,3.02,,1,cam12/e1/v1,rtmpose_baseline
p5,03.CCTV Mobile Usage.mkv,632de9ed55947761d56d4c6142a3cb1a1fe69d0b1a6d0e01a2e404c697962623,dfine_native,13700.0,unknown_object,0.3236,0.1,278.96,210.7,421.91,30105.6,210.61,142.95,1.473,False,,True,S-61,2,evt_S-61_desk_work_surface_0001,843ac0bd3ddb8743,pose_hand_context,,44783.0,3.02,,1,cam12/e1/v1,rtmpose_baseline
p5,03.CCTV Mobile Usage.mkv,632de9ed55947761d56d4c6142a3cb1a1fe69d0b1a6d0e01a2e404c697962623,dfine_native,13700.0,unknown_object,0.2627,0.71,254.35,122.88,387.17,16225.9,122.16,132.82,0.92,False,,True,S-61,2,evt_S-61_desk_work_surface_0001,843ac0bd3ddb8743,pose_hand_context,,44783.0,3.02,,1,cam12/e1/v1,rtmpose_baseline
p5,03.CCTV Mobile Usage.mkv,632de9ed55947761d56d4c6142a3cb1a1fe69d0b1a6d0e01a2e404c697962623,dfine_native,13700.0,unknown_object,0.5722,7.96,493.85,204.72,567.96,14581.5,196.76,74.11,2.655,False,,True,S-61,1,evt_S-61_desk_work_surface_0001,96838b91a5af473a,pose_hand_context,,38722.4,3.25,,1,cam12/e1/v1,rtmpose_baseline
p5,03.CCTV Mobile Usage.mkv,632de9ed55947761d56d4c6142a3cb1a1fe69d0b1a6d0e01a2e404c697962623,dfine_native,13700.0,stationery,0.4846,43.14,443.47,72.21,471.07,802.4,29.07,27.6,1.053,False,,True,S-61,1,evt_S-61_desk_work_surface_0001,96838b91a5af473a,pose_hand_context,,38722.4,3.25,,1,cam12/e1/v1,rtmpose_baseline
p5,03.CCTV Mobile Usage.mkv,632de9ed55947761d56d4c6142a3cb1a1fe69d0b1a6d0e01a2e404c697962623,dfine_native,13700.0,stationery,0.3904,8.03,415.42,103.85,502.76,8368.7,95.81,87.34,1.097,False,,True,S-61,1,evt_S-61_desk_work_surface_0001,96838b91a5af473a,pose_hand_context,,38722.4,3.25,,1,cam12/e1/v1,rtmpose_baseline
p5,03.CCTV Mobile Usage.mkv,632de9ed55947761d56d4c6142a3cb1a1fe69d0b1a6d0e01a2e404c697962623,dfine_native,13700.0,stationery,0.2723,43.64,508.95,89.79,557.11,2223.0,46.15,48.17,0.958,False,,True,S-61,1,evt_S-61_desk_work_surface_0001,96838b91a5af473a,pose_hand_context,,38722.4,3.25,,1,cam12/e1/v1,rtmpose_baseline
p5,03.CCTV Mobile Usage.mkv,632de9ed55947761d56d4c6142a3cb1a1fe69d0b1a6d0e01a2e404c697962623,dfine_native,13700.0,unknown_object,0.3029,8.15,494.38,159.22,567.62,11064.2,151.06,73.24,2.063,False,,True,S-61,1,evt_S-61_desk_work_surface_0001,96838b91a5af473a,pose_hand_context,,38722.4,3.25,,1,cam12/e1/v1,rtmpose_baseline
p5,03.CCTV Mobile Usage.mkv,632de9ed55947761d56d4c6142a3cb1a1fe69d0b1a6d0e01a2e404c697962623,dfine_native,13700.0,unknown_object,0.3044,8.15,413.99,156.49,504.3,13395.9,148.34,90.3,1.643,False,,True,S-61,1,evt_S-61_desk_work_surface_0001,96838b91a5af473a,pose_hand_context,,38722.4,3.25,,1,cam12/e1/v1,rtmpose_baseline
p5,03.CCTV Mobile Usage.mkv,632de9ed55947761d56d4c6142a3cb1a1fe69d0b1a6d0e01a2e404c697962623,dfine_native,41183.0,unknown_object,0.3097,190.05,165.8,232.31,198.42,1378.4,42.25,32.62,1.295,False,,True,S-61,9,evt_S-61_desk_work_surface_0002,0732a167cd42c65f,pose_hand_context,,2304.0,13.33,,1,cam12/e1/v1,rtmpose_baseline
p5,03.CCTV Mobile Usage.mkv,632de9ed55947761d56d4c6142a3cb1a1fe69d0b1a6d0e01a2e404c697962623,dfine_native,41183.0,unknown_object,0.2872,175.28,165.64,232.25,224.81,3371.2,56.97,59.18,0.963,False,,True,S-61,9,evt_S-61_desk_work_surface_0002,0732a167cd42c65f,pose_hand_context,,2304.0,13.33,,1,cam12/e1/v1,rtmpose_baseline
p5,03.CCTV Mobile Usage.mkv,632de9ed55947761d56d4c6142a3cb1a1fe69d0b1a6d0e01a2e404c697962623,dfine_native,41183.0,stationery,0.293,190.38,165.97,232.32,193.07,1136.5,41.94,27.1,1.547,False,,True,S-61,9,evt_S-61_desk_work_surface_0002,0732a167cd42c65f,pose_hand_context,,2304.0,13.33,,1,cam12/e1/v1,rtmpose_baseline
p5,03.CCTV Mobile Usage.mkv,632de9ed55947761d56d4c6142a3cb1a1fe69d0b1a6d0e01a2e404c697962623,dfine_native,41183.0,unknown_object,0.2606,189.69,165.7,232.27,224.71,2512.7,42.58,59.01,0.722,False,,True,S-61,9,evt_S-61_desk_work_surface_0002,0732a167cd42c65f,pose_hand_context,,2304.0,13.33,,1,cam12/e1/v1,rtmpose_baseline
p5,03.CCTV Mobile Usage.mkv,632de9ed55947761d56d4c6142a3cb1a1fe69d0b1a6d0e01a2e404c697962623,dfine_native,41183.0,unknown_object,0.2627,175.02,191.04,225.08,224.87,1693.4,50.06,33.82,1.48,False,,True,S-61,9,evt_S-61_desk_work_surface_0002,0732a167cd42c65f,pose_hand_context,,2304.0,13.33,,1,cam12/e1/v1,rtmpose_baseline
p5,03.CCTV Mobile Usage.mkv,632de9ed55947761d56d4c6142a3cb1a1fe69d0b1a6d0e01a2e404c697962623,dfine_native,41183.0,unknown_object,0.3259,11.92,448.07,152.86,520.55,10215.1,140.93,72.48,1.944,False,,True,S-61,8,evt_S-61_desk_work_surface_0002,25dbd0c1ca232cd5,pose_hand_context,,29097.5,3.75,,1,cam12/e1/v1,rtmpose_baseline
p5,03.CCTV Mobile Usage.mkv,632de9ed55947761d56d4c6142a3cb1a1fe69d0b1a6d0e01a2e404c697962623,dfine_native,42183.0,unknown_object,0.2594,19.04,357.23,177.02,514.29,24812.9,157.99,157.05,1.006,False,,True,S-61,8,evt_S-61_desk_work_surface_0002,0ed7f38a73807b8f,pose_hand_context,,24800.0,4.06,,1,cam12/e1/v1,rtmpose_baseline
p5,03.CCTV Mobile Usage.mkv,632de9ed55947761d56d4c6142a3cb1a1fe69d0b1a6d0e01a2e404c697962623,dfine_native,42183.0,stationery,0.2657,42.79,448.56,74.36,473.65,792.0,31.57,25.09,1.258,False,,True,S-61,8,evt_S-61_desk_work_surface_0002,0ed7f38a73807b8f,pose_hand_context,,24800.0,4.06,,1,cam12/e1/v1,rtmpose_baseline
p5,03.CCTV Mobile Usage.mkv,632de9ed55947761d56d4c6142a3cb1a1fe69d0b1a6d0e01a2e404c697962623,dfine_native,43683.0,unknown_object,0.3907,-0.31,449.2,169.43,538.57,15170.6,169.75,89.37,1.899,False,,True,S-61,8,evt_S-61_desk_work_surface_0002,5efd7307fa9f50a1,pose_hand_context,,41122.2,3.12,,1,cam12/e1/v1,rtmpose_baseline
p5,03.CCTV Mobile Usage.mkv,632de9ed55947761d56d4c6142a3cb1a1fe69d0b1a6d0e01a2e404c697962623,dfine_native,43683.0,unknown_object,0.3051,-0.17,345.39,170.51,538.19,32908.2,170.68,192.8,0.885,False,,True,S-61,8,evt_S-61_desk_work_surface_0002,5efd7307fa9f50a1,pose_hand_context,,41122.2,3.12,,1,cam12/e1/v1,rtmpose_baseline
p5,03.CCTV Mobile Usage.mkv,632de9ed55947761d56d4c6142a3cb1a1fe69d0b1a6d0e01a2e404c697962623,dfine_native,44183.0,unknown_object,0.28,-0.3,449.24,182.48,549.56,18337.9,182.78,100.33,1.822,False,,True,S-61,8,evt_S-61_desk_work_surface_0002,7c395881a5f1ef2d,pose_hand_context,,46926.0,2.85,,1,cam12/e1/v1,rtmpose_baseline
p5,03.CCTV Mobile Usage.mkv,632de9ed55947761d56d4c6142a3cb1a1fe69d0b1a6d0e01a2e404c697962623,dfine_native,44683.0,unknown_object,0.3008,-0.23,448.79,180.82,548.52,18056.6,181.05,99.73,1.815,False,,True,S-61,8,evt_S-61_desk_work_surface_0002,ae2e8aa515956444,pose_hand_context,,46745.9,2.87,,1,cam12/e1/v1,rtmpose_baseline
p5,03.CCTV Mobile Usage.mkv,632de9ed55947761d56d4c6142a3cb1a1fe69d0b1a6d0e01a2e404c697962623,dfine_native,44683.0,unknown_object,0.252,-0.0,342.6,180.37,548.08,37061.2,180.37,205.48,0.878,False,,True,S-61,8,evt_S-61_desk_work_surface_0002,ae2e8aa515956444,pose_hand_context,,46745.9,2.87,,1,cam12/e1/v1,rtmpose_baseline
p5,03.CCTV Mobile Usage.mkv,632de9ed55947761d56d4c6142a3cb1a1fe69d0b1a6d0e01a2e404c697962623,dfine_native,45183.0,unknown_object,0.3441,-0.27,449.0,170.22,537.48,15084.5,170.5,88.47,1.927,False,,True,S-61,8,evt_S-61_desk_work_surface_0002,f3fd8c36fba179ee,pose_hand_context,,40231.3,3.16,,1,cam12/e1/v1,rtmpose_baseline
p5,03.CCTV Mobile Usage.mkv,632de9ed55947761d56d4c6142a3cb1a1fe69d0b1a6d0e01a2e404c697962623,dfine_sahi,9700.0,bag,0.4774,180.55,260.2,247.49,279.89,1318.6,66.94,19.7,3.398,False,,True,S-61,2,evt_S-61_desk_work_surface_0001,221f3c51e350e5d4,pose_hand_context,,17977.4,4.77,,1,cam12/e1/v1,rtmpose_baseline
p5,03.CCTV Mobile Usage.mkv,632de9ed55947761d56d4c6142a3cb1a1fe69d0b1a6d0e01a2e404c697962623,dfine_sahi,9700.0,unknown_object,0.4734,121.02,125.36,189.27,219.43,6418.9,68.24,94.06,0.726,False,,True,S-61,2,evt_S-61_desk_work_surface_0001,221f3c51e350e5d4,pose_hand_context,,17977.4,4.77,,1,cam12/e1/v1,rtmpose_baseline
p5,03.CCTV Mobile Usage.mkv,632de9ed55947761d56d4c6142a3cb1a1fe69d0b1a6d0e01a2e404c697962623,dfine_sahi,9700.0,unknown_object,0.4027,203.19,184.08,272.12,216.33,2222.9,68.93,32.25,2.137,False,,True,S-61,2,evt_S-61_desk_work_surface_0001,221f3c51e350e5d4,pose_hand_context,,17977.4,4.77,,1,cam12/e1/v1,rtmpose_baseline
p5,03.CCTV Mobile Usage.mkv,632de9ed55947761d56d4c6142a3cb1a1fe69d0b1a6d0e01a2e404c697962623,dfine_sahi,9700.0,monitor_or_bezel,0.3828,121.01,125.06,164.34,150.09,1084.3,43.33,25.03,1.731,False,,True,S-61,2,evt_S-61_desk_work_surface_0001,221f3c51e350e5d4,pose_hand_context,,17977.4,4.77,,1,cam12/e1/v1,rtmpose_baseline
p5,03.CCTV Mobile Usage.mkv,632de9ed55947761d56d4c6142a3cb1a1fe69d0b1a6d0e01a2e404c697962623,dfine_sahi,9700.0,unknown_object,0.3583,203.53,191.56,224.54,213.0,450.7,21.02,21.44,0.98,False,,True,S-61,2,evt_S-61_desk_work_surface_0001,221f3c51e350e5d4,pose_hand_context,,17977.4,4.77,,1,cam12/e1/v1,rtmpose_baseline
p5,03.CCTV Mobile Usage.mkv,632de9ed55947761d56d4c6142a3cb1a1fe69d0b1a6d0e01a2e404c697962623,dfine_sahi,9700.0,unknown_object,0.3504,190.18,201.26,208.79,264.56,1178.5,18.62,63.3,0.294,False,,True,S-61,2,evt_S-61_desk_work_surface_0001,221f3c51e350e5d4,pose_hand_context,,17977.4,4.77,,1,cam12/e1/v1,rtmpose_baseline
p5,03.CCTV Mobile Usage.mkv,632de9ed55947761d56d4c6142a3cb1a1fe69d0b1a6d0e01a2e404c697962623,dfine_sahi,9700.0,unknown_object,0.3363,190.66,125.13,216.96,203.1,2050.4,26.3,77.97,0.337,False,,True,S-61,2,evt_S-61_desk_work_surface_0001,221f3c51e350e5d4,pose_hand_context,,17977.4,4.77,,1,cam12/e1/v1,rtmpose_baseline
p5,03.CCTV Mobile Usage.mkv,632de9ed55947761d56d4c6142a3cb1a1fe69d0b1a6d0e01a2e404c697962623,dfine_sahi,9700.0,unknown_object,0.3292,158.48,187.9,181.62,208.97,487.6,23.14,21.07,1.098,False,,True,S-61,2,evt_S-61_desk_work_surface_0001,221f3c51e350e5d4,pose_hand_context,,17977.4,4.77,,1,cam12/e1/v1,rtmpose_baseline
p5,03.CCTV Mobile Usage.mkv,632de9ed55947761d56d4c6142a3cb1a1fe69d0b1a6d0e01a2e404c697962623,dfine_sahi,9700.0,unknown_object,0.2938,191.45,223.19,207.7,239.94,272.2,16.25,16.75,0.97,False,,True,S-61,2,evt_S-61_desk_work_surface_0001,221f3c51e350e5d4,pose_hand_context,,17977.4,4.77,,1,cam12/e1/v1,rtmpose_baseline
p5,03.CCTV Mobile Usage.mkv,632de9ed55947761d56d4c6142a3cb1a1fe69d0b1a6d0e01a2e404c697962623,dfine_sahi,9700.0,stationery,0.2724,203.21,169.66,265.51,216.53,2920.0,62.29,46.88,1.329,False,,True,S-61,2,evt_S-61_desk_work_surface_0001,221f3c51e350e5d4,pose_hand_context,,17977.4,4.77,,1,cam12/e1/v1,rtmpose_baseline
p5,03.CCTV Mobile Usage.mkv,632de9ed55947761d56d4c6142a3cb1a1fe69d0b1a6d0e01a2e404c697962623,dfine_sahi,9700.0,unknown_object,0.2627,121.09,190.72,216.99,220.91,2894.6,95.9,30.18,3.177,False,,True,S-61,2,evt_S-61_desk_work_surface_0001,221f3c51e350e5d4,pose_hand_context,,17977.4,4.77,,1,cam12/e1/v1,rtmpose_baseline
p5,03.CCTV Mobile Usage.mkv,632de9ed55947761d56d4c6142a3cb1a1fe69d0b1a6d0e01a2e404c697962623,dfine_sahi,9700.0,unknown_object,0.2621,190.21,191.7,208.59,220.59,531.2,18.38,28.89,0.636,False,,True,S-61,2,evt_S-61_desk_work_surface_0001,221f3c51e350e5d4,pose_hand_context,,17977.4,4.77,,1,cam12/e1/v1,rtmpose_baseline
p5,03.CCTV Mobile Usage.mkv,632de9ed55947761d56d4c6142a3cb1a1fe69d0b1a6d0e01a2e404c697962623,dfine_sahi,9700.0,unknown_object,0.2558,227.36,125.11,269.48,180.41,2329.3,42.12,55.3,0.762,False,,True,S-61,2,evt_S-61_desk_work_surface_0001,221f3c51e350e5d4,pose_hand_context,,17977.4,4.77,,1,cam12/e1/v1,rtmpose_baseline
p5,03.CCTV Mobile Usage.mkv,632de9ed55947761d56d4c6142a3cb1a1fe69d0b1a6d0e01a2e404c697962623,dfine_sahi,9700.0,keyboard,0.9035,962.11,451.94,1068.0,491.44,4182.8,105.88,39.5,2.68,False,,True,R-desk,3,evt_S-61_desk_work_surface_0001,aa2a91065abbd7fe,lap_bag_context,no_pose_observation,34560.0,1.33,,1,cam12/e1/v1,
p5,03.CCTV Mobile Usage.mkv,632de9ed55947761d56d4c6142a3cb1a1fe69d0b1a6d0e01a2e404c697962623,dfine_sahi,9700.0,monitor_or_bezel,0.7337,910.07,411.23,1140.98,506.33,21958.7,230.91,95.1,2.428,False,,True,R-desk,3,evt_S-61_desk_work_surface_0001,aa2a91065abbd7fe,lap_bag_context,no_pose_observation,34560.0,1.33,,1,cam12/e1/v1,
p5,03.CCTV Mobile Usage.mkv,632de9ed55947761d56d4c6142a3cb1a1fe69d0b1a6d0e01a2e404c697962623,dfine_sahi,9700.0,phone,0.6948,1043.44,421.36,1112.88,474.29,3675.6,69.44,52.93,1.312,False,,True,R-desk,3,evt_S-61_desk_work_surface_0001,aa2a91065abbd7fe,lap_bag_context,no_pose_observation,34560.0,1.33,,1,cam12/e1/v1,
p5,03.CCTV Mobile Usage.mkv,632de9ed55947761d56d4c6142a3cb1a1fe69d0b1a6d0e01a2e404c697962623,dfine_sahi,9700.0,monitor_or_bezel,0.6863,963.26,380.45,1152.65,474.95,17898.4,189.39,94.5,2.004,False,,True,R-desk,3,evt_S-61_desk_work_surface_0001,aa2a91065abbd7fe,lap_bag_context,no_pose_observation,34560.0,1.33,,1,cam12/e1/v1,
p5,03.CCTV Mobile Usage.mkv,632de9ed55947761d56d4c6142a3cb1a1fe69d0b1a6d0e01a2e404c697962623,dfine_sahi,9700.0,keyboard,0.6478,962.83,452.29,1034.66,475.54,1669.9,71.82,23.25,3.089,False,,True,R-desk,3,evt_S-61_desk_work_surface_0001,aa2a91065abbd7fe,lap_bag_context,no_pose_observation,34560.0,1.33,,1,cam12/e1/v1,
p5,03.CCTV Mobile Usage.mkv,632de9ed55947761d56d4c6142a3cb1a1fe69d0b1a6d0e01a2e404c697962623,dfine_sahi,9700.0,monitor_or_bezel,0.6474,709.36,379.91,969.63,474.88,24718.8,260.27,94.97,2.74,False,,True,R-desk,3,evt_S-61_desk_work_surface_0001,aa2a91065abbd7fe,lap_bag_context,no_pose_observation,34560.0,1.33,,1,cam12/e1/v1,
p5,03.CCTV Mobile Usage.mkv,632de9ed55947761d56d4c6142a3cb1a1fe69d0b1a6d0e01a2e404c697962623,dfine_sahi,9700.0,monitor_or_bezel,0.6032,1018.64,395.69,1145.25,447.3,6534.0,126.61,51.61,2.453,False,,True,R-desk,3,evt_S-61_desk_work_surface_0001,aa2a91065abbd7fe,lap_bag_context,no_pose_observation,34560.0,1.33,,1,cam12/e1/v1,
p5,03.CCTV Mobile Usage.mkv,632de9ed55947761d56d4c6142a3cb1a1fe69d0b1a6d0e01a2e404c697962623,dfine_sahi,9700.0,keyboard,0.5917,772.29,380.2,870.83,420.35,3956.6,98.54,40.15,2.454,False,,True,R-desk,3,evt_S-61_desk_work_surface_0001,aa2a91065abbd7fe,lap_bag_context,no_pose_observation,34560.0,1.33,,1,cam12/e1/v1,
p5,03.CCTV Mobile Usage.mkv,632de9ed55947761d56d4c6142a3cb1a1fe69d0b1a6d0e01a2e404c697962623,dfine_sahi,9700.0,unknown_object,0.5792,699.91,411.27,871.8,506.27,16329.4,171.9,95.0,1.81,False,,True,R-desk,3,evt_S-61_desk_work_surface_0001,aa2a91065abbd7fe,lap_bag_context,no_pose_observation,34560.0,1.33,,1,cam12/e1/v1,
p5,03.CCTV Mobile Usage.mkv,632de9ed55947761d56d4c6142a3cb1a1fe69d0b1a6d0e01a2e404c697962623,dfine_sahi,9700.0,mouse,0.5184,864.74,413.84,892.29,435.32,591.6,27.54,21.48,1.282,False,,True,R-desk,3,evt_S-61_desk_work_surface_0001,aa2a91065abbd7fe,lap_bag_context,no_pose_observation,34560.0,1.33,,1,cam12/e1/v1,
p5,03.CCTV Mobile Usage.mkv,632de9ed55947761d56d4c6142a3cb1a1fe69d0b1a6d0e01a2e404c697962623,dfine_sahi,9700.0,unknown_object,0.4968,769.11,410.99,969.85,505.83,19037.5,200.74,94.84,2.117,False,,True,R-desk,3,evt_S-61_desk_work_surface_0001,aa2a91065abbd7fe,lap_bag_context,no_pose_observation,34560.0,1.33,,1,cam12/e1/v1,
p5,03.CCTV Mobile Usage.mkv,632de9ed55947761d56d4c6142a3cb1a1fe69d0b1a6d0e01a2e404c697962623,dfine_sahi,9700.0,keyboard,0.4761,802.25,396.25,870.72,420.71,1674.8,68.47,24.46,2.799,False,,True,R-desk,3,evt_S-61_desk_work_surface_0001,aa2a91065abbd7fe,lap_bag_context,no_pose_observation,34560.0,1.33,,1,cam12/e1/v1,
p5,03.CCTV Mobile Usage.mkv,632de9ed55947761d56d4c6142a3cb1a1fe69d0b1a6d0e01a2e404c697962623,dfine_sahi,9700.0,unknown_object,0.3775,699.98,396.11,771.33,491.82,6829.3,71.35,95.71,0.746,False,,True,R-desk,3,evt_S-61_desk_work_surface_0001,aa2a91065abbd7fe,lap_bag_context,no_pose_observation,34560.0,1.33,,1,cam12/e1/v1,
p5,03.CCTV Mobile Usage.mkv,632de9ed55947761d56d4c6142a3cb1a1fe69d0b1a6d0e01a2e404c697962623,dfine_sahi,9700.0,keyboard,0.3239,910.12,411.73,1092.28,506.24,17216.6,182.16,94.51,1.927,False,,True,R-desk,3,evt_S-61_desk_work_surface_0001,aa2a91065abbd7fe,lap_bag_context,no_pose_observation,34560.0,1.33,,1,cam12/e1/v1,
p5,03.CCTV Mobile Usage.mkv,632de9ed55947761d56d4c6142a3cb1a1fe69d0b1a6d0e01a2e404c697962623,dfine_sahi,9700.0,unknown_object,0.2788,881.54,411.13,933.06,452.89,2151.5,51.52,41.76,1.234,False,,True,R-desk,3,evt_S-61_desk_work_surface_0001,aa2a91065abbd7fe,lap_bag_context,no_pose_observation,34560.0,1.33,,1,cam12/e1/v1,
p5,03.CCTV Mobile Usage.mkv,632de9ed55947761d56d4c6142a3cb1a1fe69d0b1a6d0e01a2e404c697962623,dfine_sahi,9700.0,mouse,0.278,967.15,398.42,992.01,410.59,302.6,24.86,12.17,2.042,False,,True,R-desk,3,evt_S-61_desk_work_surface_0001,aa2a91065abbd7fe,lap_bag_context,no_pose_observation,34560.0,1.33,,1,cam12/e1/v1,
p5,03.CCTV Mobile Usage.mkv,632de9ed55947761d56d4c6142a3cb1a1fe69d0b1a6d0e01a2e404c697962623,dfine_sahi,9700.0,unknown_object,0.2718,700.04,380.32,839.49,475.37,13253.4,139.45,95.04,1.467,False,,True,R-desk,3,evt_S-61_desk_work_surface_0001,aa2a91065abbd7fe,lap_bag_context,no_pose_observation,34560.0,1.33,,1,cam12/e1/v1,
p5,03.CCTV Mobile Usage.mkv,632de9ed55947761d56d4c6142a3cb1a1fe69d0b1a6d0e01a2e404c697962623,dfine_sahi,9700.0,monitor_or_bezel,0.2681,881.36,396.18,948.1,452.48,3757.9,66.74,56.3,1.185,False,,True,R-desk,3,evt_S-61_desk_work_surface_0001,aa2a91065abbd7fe,lap_bag_context,no_pose_observation,34560.0,1.33,,1,cam12/e1/v1,
p5,03.CCTV Mobile Usage.mkv,632de9ed55947761d56d4c6142a3cb1a1fe69d0b1a6d0e01a2e404c697962623,dfine_sahi,9700.0,mouse,0.2529,991.28,400.93,1028.29,413.57,467.7,37.01,12.63,2.929,False,,True,R-desk,3,evt_S-61_desk_work_surface_0001,aa2a91065abbd7fe,lap_bag_context,no_pose_observation,34560.0,1.33,,1,cam12/e1/v1,
p5,03.CCTV Mobile Usage.mkv,632de9ed55947761d56d4c6142a3cb1a1fe69d0b1a6d0e01a2e404c697962623,dfine_sahi,9700.0,keyboard,0.9035,962.11,451.94,1068.0,491.44,4182.8,105.88,39.5,2.68,False,,True,R-desk,4,evt_S-61_desk_work_surface_0001,aa2a91065abbd7fe,lap_bag_context,no_pose_observation,34560.0,1.33,,1,cam12/e1/v1,
p5,03.CCTV Mobile Usage.mkv,632de9ed55947761d56d4c6142a3cb1a1fe69d0b1a6d0e01a2e404c697962623,dfine_sahi,9700.0,monitor_or_bezel,0.7337,910.07,411.23,1140.98,506.33,21958.7,230.91,95.1,2.428,False,,True,R-desk,4,evt_S-61_desk_work_surface_0001,aa2a91065abbd7fe,lap_bag_context,no_pose_observation,34560.0,1.33,,1,cam12/e1/v1,
p5,03.CCTV Mobile Usage.mkv,632de9ed55947761d56d4c6142a3cb1a1fe69d0b1a6d0e01a2e404c697962623,dfine_sahi,9700.0,phone,0.6948,1043.44,421.36,1112.88,474.29,3675.6,69.44,52.93,1.312,False,,True,R-desk,4,evt_S-61_desk_work_surface_0001,aa2a91065abbd7fe,lap_bag_context,no_pose_observation,34560.0,1.33,,1,cam12/e1/v1,
p5,03.CCTV Mobile Usage.mkv,632de9ed55947761d56d4c6142a3cb1a1fe69d0b1a6d0e01a2e404c697962623,dfine_sahi,9700.0,monitor_or_bezel,0.6863,963.26,380.45,1152.65,474.95,17898.4,189.39,94.5,2.004,False,,True,R-desk,4,evt_S-61_desk_work_surface_0001,aa2a91065abbd7fe,lap_bag_context,no_pose_observation,34560.0,1.33,,1,cam12/e1/v1,
p5,03.CCTV Mobile Usage.mkv,632de9ed55947761d56d4c6142a3cb1a1fe69d0b1a6d0e01a2e404c697962623,dfine_sahi,9700.0,keyboard,0.6478,962.83,452.29,1034.66,475.54,1669.9,71.82,23.25,3.089,False,,True,R-desk,4,evt_S-61_desk_work_surface_0001,aa2a91065abbd7fe,lap_bag_context,no_pose_observation,34560.0,1.33,,1,cam12/e1/v1,
p5,03.CCTV Mobile Usage.mkv,632de9ed55947761d56d4c6142a3cb1a1fe69d0b1a6d0e01a2e404c697962623,dfine_sahi,9700.0,monitor_or_bezel,0.6474,709.36,379.91,969.63,474.88,24718.8,260.27,94.97,2.74,False,,True,R-desk,4,evt_S-61_desk_work_surface_0001,aa2a91065abbd7fe,lap_bag_context,no_pose_observation,34560.0,1.33,,1,cam12/e1/v1,
p5,03.CCTV Mobile Usage.mkv,632de9ed55947761d56d4c6142a3cb1a1fe69d0b1a6d0e01a2e404c697962623,dfine_sahi,9700.0,monitor_or_bezel,0.6032,1018.64,395.69,1145.25,447.3,6534.0,126.61,51.61,2.453,False,,True,R-desk,4,evt_S-61_desk_work_surface_0001,aa2a91065abbd7fe,lap_bag_context,no_pose_observation,34560.0,1.33,,1,cam12/e1/v1,
p5,03.CCTV Mobile Usage.mkv,632de9ed55947761d56d4c6142a3cb1a1fe69d0b1a6d0e01a2e404c697962623,dfine_sahi,9700.0,keyboard,0.5917,772.29,380.2,870.83,420.35,3956.6,98.54,40.15,2.454,False,,True,R-desk,4,evt_S-61_desk_work_surface_0001,aa2a91065abbd7fe,lap_bag_context,no_pose_observation,34560.0,1.33,,1,cam12/e1/v1,
p5,03.CCTV Mobile Usage.mkv,632de9ed55947761d56d4c6142a3cb1a1fe69d0b1a6d0e01a2e404c697962623,dfine_sahi,9700.0,unknown_object,0.5792,699.91,411.27,871.8,506.27,16329.4,171.9,95.0,1.81,False,,True,R-desk,4,evt_S-61_desk_work_surface_0001,aa2a91065abbd7fe,lap_bag_context,no_pose_observation,34560.0,1.33,,1,cam12/e1/v1,
p5,03.CCTV Mobile Usage.mkv,632de9ed55947761d56d4c6142a3cb1a1fe69d0b1a6d0e01a2e404c697962623,dfine_sahi,9700.0,mouse,0.5184,864.74,413.84,892.29,435.32,591.6,27.54,21.48,1.282,False,,True,R-desk,4,evt_S-61_desk_work_surface_0001,aa2a91065abbd7fe,lap_bag_context,no_pose_observation,34560.0,1.33,,1,cam12/e1/v1,
p5,03.CCTV Mobile Usage.mkv,632de9ed55947761d56d4c6142a3cb1a1fe69d0b1a6d0e01a2e404c697962623,dfine_sahi,9700.0,unknown_object,0.4968,769.11,410.99,969.85,505.83,19037.5,200.74,94.84,2.117,False,,True,R-desk,4,evt_S-61_desk_work_surface_0001,aa2a91065abbd7fe,lap_bag_context,no_pose_observation,34560.0,1.33,,1,cam12/e1/v1,
p5,03.CCTV Mobile Usage.mkv,632de9ed55947761d56d4c6142a3cb1a1fe69d0b1a6d0e01a2e404c697962623,dfine_sahi,9700.0,keyboard,0.4761,802.25,396.25,870.72,420.71,1674.8,68.47,24.46,2.799,False,,True,R-desk,4,evt_S-61_desk_work_surface_0001,aa2a91065abbd7fe,lap_bag_context,no_pose_observation,34560.0,1.33,,1,cam12/e1/v1,
p5,03.CCTV Mobile Usage.mkv,632de9ed55947761d56d4c6142a3cb1a1fe69d0b1a6d0e01a2e404c697962623,dfine_sahi,9700.0,unknown_object,0.3775,699.98,396.11,771.33,491.82,6829.3,71.35,95.71,0.746,False,,True,R-desk,4,evt_S-61_desk_work_surface_0001,aa2a91065abbd7fe,lap_bag_context,no_pose_observation,34560.0,1.33,,1,cam12/e1/v1,
p5,03.CCTV Mobile Usage.mkv,632de9ed55947761d56d4c6142a3cb1a1fe69d0b1a6d0e01a2e404c697962623,dfine_sahi,9700.0,keyboard,0.3239,910.12,411.73,1092.28,506.24,17216.6,182.16,94.51,1.927,False,,True,R-desk,4,evt_S-61_desk_work_surface_0001,aa2a91065abbd7fe,lap_bag_context,no_pose_observation,34560.0,1.33,,1,cam12/e1/v1,
p5,03.CCTV Mobile Usage.mkv,632de9ed55947761d56d4c6142a3cb1a1fe69d0b1a6d0e01a2e404c697962623,dfine_sahi,9700.0,unknown_object,0.2788,881.54,411.13,933.06,452.89,2151.5,51.52,41.76,1.234,False,,True,R-desk,4,evt_S-61_desk_work_surface_0001,aa2a91065abbd7fe,lap_bag_context,no_pose_observation,34560.0,1.33,,1,cam12/e1/v1,
p5,03.CCTV Mobile Usage.mkv,632de9ed55947761d56d4c6142a3cb1a1fe69d0b1a6d0e01a2e404c697962623,dfine_sahi,9700.0,mouse,0.278,967.15,398.42,992.01,410.59,302.6,24.86,12.17,2.042,False,,True,R-desk,4,evt_S-61_desk_work_surface_0001,aa2a91065abbd7fe,lap_bag_context,no_pose_observation,34560.0,1.33,,1,cam12/e1/v1,
p5,03.CCTV Mobile Usage.mkv,632de9ed55947761d56d4c6142a3cb1a1fe69d0b1a6d0e01a2e404c697962623,dfine_sahi,9700.0,unknown_object,0.2718,700.04,380.32,839.49,475.37,13253.4,139.45,95.04,1.467,False,,True,R-desk,4,evt_S-61_desk_work_surface_0001,aa2a91065abbd7fe,lap_bag_context,no_pose_observation,34560.0,1.33,,1,cam12/e1/v1,
p5,03.CCTV Mobile Usage.mkv,632de9ed55947761d56d4c6142a3cb1a1fe69d0b1a6d0e01a2e404c697962623,dfine_sahi,9700.0,monitor_or_bezel,0.2681,881.36,396.18,948.1,452.48,3757.9,66.74,56.3,1.185,False,,True,R-desk,4,evt_S-61_desk_work_surface_0001,aa2a91065abbd7fe,lap_bag_context,no_pose_observation,34560.0,1.33,,1,cam12/e1/v1,
p5,03.CCTV Mobile Usage.mkv,632de9ed55947761d56d4c6142a3cb1a1fe69d0b1a6d0e01a2e404c697962623,dfine_sahi,9700.0,mouse,0.2529,991.28,400.93,1028.29,413.57,467.7,37.01,12.63,2.929,False,,True,R-desk,4,evt_S-61_desk_work_surface_0001,aa2a91065abbd7fe,lap_bag_context,no_pose_observation,34560.0,1.33,,1,cam12/e1/v1,
p5,03.CCTV Mobile Usage.mkv,632de9ed55947761d56d4c6142a3cb1a1fe69d0b1a6d0e01a2e404c697962623,dfine_sahi,9700.0,unknown_object,0.6518,160.07,510.19,255.94,605.44,9132.4,95.87,95.25,1.006,False,,True,S-61,1,evt_S-61_desk_work_surface_0001,d142004b4e59ec48,pose_hand_context,,20713.0,4.45,,1,cam12/e1/v1,rtmpose_baseline
p5,03.CCTV Mobile Usage.mkv,632de9ed55947761d56d4c6142a3cb1a1fe69d0b1a6d0e01a2e404c697962623,dfine_sahi,9700.0,unknown_object,0.5446,167.23,478.71,235.77,522.61,3009.5,68.54,43.91,1.561,False,,True,S-61,1,evt_S-61_desk_work_surface_0001,d142004b4e59ec48,pose_hand_context,,20713.0,4.45,,1,cam12/e1/v1,rtmpose_baseline
p5,03.CCTV Mobile Usage.mkv,632de9ed55947761d56d4c6142a3cb1a1fe69d0b1a6d0e01a2e404c697962623,dfine_sahi,9700.0,unknown_object,0.352,159.99,502.92,255.98,542.77,3825.7,95.99,39.85,2.409,False,,True,S-61,1,evt_S-61_desk_work_surface_0001,d142004b4e59ec48,pose_hand_context,,20713.0,4.45,,1,cam12/e1/v1,rtmpose_baseline
p5,03.CCTV Mobile Usage.mkv,632de9ed55947761d56d4c6142a3cb1a1fe69d0b1a6d0e01a2e404c697962623,dfine_sahi,9700.0,unknown_object,0.3168,97.01,510.07,192.96,605.63,9169.9,95.95,95.57,1.004,False,,True,S-61,1,evt_S-61_desk_work_surface_0001,d142004b4e59ec48,pose_hand_context,,20713.0,4.45,,1,cam12/e1/v1,rtmpose_baseline
p5,03.CCTV Mobile Usage.mkv,632de9ed55947761d56d4c6142a3cb1a1fe69d0b1a6d0e01a2e404c697962623,dfine_sahi,10200.0,unknown_object,0.4725,163.36,180.6,184.49,206.2,541.2,21.14,25.6,0.826,False,,True,S-61,2,evt_S-61_desk_work_surface_0001,3ca57fae345726aa,pose_hand_context,,19605.6,4.57,,1,cam12/e1/v1,rtmpose_baseline
p5,03.CCTV Mobile Usage.mkv,632de9ed55947761d56d4c6142a3cb1a1fe69d0b1a6d0e01a2e404c697962623,dfine_sahi,10200.0,bag,0.4527,182.8,261.1,259.26,295.64,2640.9,76.46,34.54,2.214,False,,True,S-61,2,evt_S-61_desk_work_surface_0001,3ca57fae345726aa,pose_hand_context,,19605.6,4.57,,1,cam12/e1/v1,rtmpose_baseline
p5,03.CCTV Mobile Usage.mkv,632de9ed55947761d56d4c6142a3cb1a1fe69d0b1a6d0e01a2e404c697962623,dfine_sahi,10200.0,stationery,0.4136,183.7,261.3,260.71,303.59,3256.9,77.01,42.29,1.821,False,,True,S-61,2,evt_S-61_desk_work_surface_0001,3ca57fae345726aa,pose_hand_context,,19605.6,4.57,,1,cam12/e1/v1,rtmpose_baseline
p5,03.CCTV Mobile Usage.mkv,632de9ed55947761d56d4c6142a3cb1a1fe69d0b1a6d0e01a2e404c697962623,dfine_sahi,10200.0,bag,0.3458,229.13,190.97,267.86,236.62,1767.9,38.73,45.65,0.849,False,,True,S-61,2,evt_S-61_desk_work_surface_0001,3ca57fae345726aa,pose_hand_context,,19605.6,4.57,,1,cam12/e1/v1,rtmpose_baseline
p5,03.CCTV Mobile Usage.mkv,632de9ed55947761d56d4c6142a3cb1a1fe69d0b1a6d0e01a2e404c697962623,dfine_sahi,10200.0,unknown_object,0.2898,163.0,181.67,224.96,259.86,4844.8,61.96,78.19,0.792,False,,True,S-61,2,evt_S-61_desk_work_surface_0001,3ca57fae345726aa,pose_hand_context,,19605.6,4.57,,1,cam12/e1/v1,rtmpose_baseline
p5,03.CCTV Mobile Usage.mkv,632de9ed55947761d56d4c6142a3cb1a1fe69d0b1a6d0e01a2e404c697962623,dfine_sahi,10200.0,unknown_object,0.28,111.12,147.16,206.64,242.41,9098.5,95.52,95.25,1.003,False,,True,S-61,2,evt_S-61_desk_work_surface_0001,3ca57fae345726aa,pose_hand_context,,19605.6,4.57,,1,cam12/e1/v1,rtmpose_baseline
p5,03.CCTV Mobile Usage.mkv,632de9ed55947761d56d4c6142a3cb1a1fe69d0b1a6d0e01a2e404c697962623,dfine_sahi,10200.0,unknown_object,0.5587,141.03,495.08,195.96,569.22,4072.3,54.93,74.14,0.741,False,,True,S-61,1,evt_S-61_desk_work_surface_0001,9cb192cf057e470f,pose_hand_context,,16574.0,4.97,,1,cam12/e1/v1,rtmpose_baseline
p5,03.CCTV Mobile Usage.mkv,632de9ed55947761d56d4c6142a3cb1a1fe69d0b1a6d0e01a2e404c697962623,dfine_sahi,10200.0,unknown_object,0.5567,112.03,451.18,239.95,578.3,16261.5,127.92,127.12,1.006,False,,True,S-61,1,evt_S-61_desk_work_surface_0001,9cb192cf057e470f,pose_hand_context,,16574.0,4.97,,1,cam12/e1/v1,rtmpose_baseline
p5,03.CCTV Mobile Usage.mkv,632de9ed55947761d56d4c6142a3cb1a1fe69d0b1a6d0e01a2e404c697962623,dfine_sahi,10200.0,unknown_object,0.4932,156.05,439.29,251.95,534.51,9130.4,95.89,95.21,1.007,False,,True,S-61,1,evt_S-61_desk_work_surface_0001,9cb192cf057e470f,pose_hand_context,,16574.0,4.97,,1,cam12/e1/v1,rtmpose_baseline
p5,03.CCTV Mobile Usage.mkv,632de9ed55947761d56d4c6142a3cb1a1fe69d0b1a6d0e01a2e404c697962623,dfine_sahi,10200.0,unknown_object,0.4805,156.06,495.12,251.93,566.75,6868.1,95.88,71.63,1.338,False,,True,S-61,1,evt_S-61_desk_work_surface_0001,9cb192cf057e470f,pose_hand_context,,16574.0,4.97,,1,cam12/e1/v1,rtmpose_baseline
p5,03.CCTV Mobile Usage.mkv,632de9ed55947761d56d4c6142a3cb1a1fe69d0b1a6d0e01a2e404c697962623,dfine_sahi,10200.0,unknown_object,0.4058,141.85,475.19,195.96,534.48,3207.3,54.1,59.28,0.913,False,,True,S-61,1,evt_S-61_desk_work_surface_0001,9cb192cf057e470f,pose_hand_context,,16574.0,4.97,,1,cam12/e1/v1,rtmpose_baseline
p5,03.CCTV Mobile Usage.mkv,632de9ed55947761d56d4c6142a3cb1a1fe69d0b1a6d0e01a2e404c697962623,dfine_sahi,10200.0,unknown_object,0.4026,100.33,439.12,195.97,534.34,9107.8,95.65,95.22,1.004,False,,True,S-61,1,evt_S-61_desk_work_surface_0001,9cb192cf057e470f,pose_hand_context,,16574.0,4.97,,1,cam12/e1/v1,rtmpose_baseline
p5,03.CCTV Mobile Usage.mkv,632de9ed55947761d56d4c6142a3cb1a1fe69d0b1a6d0e01a2e404c697962623,dfine_sahi,10200.0,unknown_object,0.3714,174.38,495.09,235.75,518.19,1417.7,61.37,23.1,2.657,False,,True,S-61,1,evt_S-61_desk_work_surface_0001,9cb192cf057e470f,pose_hand_context,,16574.0,4.97,,1,cam12/e1/v1,rtmpose_baseline
p5,03.CCTV Mobile Usage.mkv,632de9ed55947761d56d4c6142a3cb1a1fe69d0b1a6d0e01a2e404c697962623,dfine_sahi,10200.0,unknown_object,0.2932,100.41,439.09,158.12,478.78,2290.2,57.71,39.68,1.454,False,,True,S-61,1,evt_S-61_desk_work_surface_0001,9cb192cf057e470f,pose_hand_context,,16574.0,4.97,,1,cam12/e1/v1,rtmpose_baseline
p5,03.CCTV Mobile Usage.mkv,632de9ed55947761d56d4c6142a3cb1a1fe69d0b1a6d0e01a2e404c697962623,dfine_sahi,10200.0,unknown_object,0.2922,156.04,525.09,206.94,590.73,3341.0,50.9,65.64,0.776,False,,True,S-61,1,evt_S-61_desk_work_surface_0001,9cb192cf057e470f,pose_hand_context,,16574.0,4.97,,1,cam12/e1/v1,rtmpose_baseline
p5,03.CCTV Mobile Usage.mkv,632de9ed55947761d56d4c6142a3cb1a1fe69d0b1a6d0e01a2e404c697962623,dfine_sahi,10700.0,unknown_object,0.6902,112.2,261.21,241.92,331.36,9098.9,129.72,70.14,1.849,False,,True,S-61,2,evt_S-61_desk_work_surface_0001,306d5f013085fa12,pose_hand_context,,22428.1,4.27,,1,cam12/e1/v1,rtmpose_baseline
p5,03.CCTV Mobile Usage.mkv,632de9ed55947761d56d4c6142a3cb1a1fe69d0b1a6d0e01a2e404c697962623,dfine_sahi,10700.0,unknown_object,0.5304,210.79,227.5,229.56,256.29,540.3,18.77,28.79,0.652,False,,True,S-61,2,evt_S-61_desk_work_surface_0001,306d5f013085fa12,pose_hand_context,,22428.1,4.27,,1,cam12/e1/v1,rtmpose_baseline
p5,03.CCTV Mobile Usage.mkv,632de9ed55947761d56d4c6142a3cb1a1fe69d0b1a6d0e01a2e404c697962623,dfine_sahi,10700.0,unknown_object,0.4644,187.18,178.34,209.06,266.56,1929.9,21.87,88.22,0.248,False,,True,S-61,2,evt_S-61_desk_work_surface_0001,306d5f013085fa12,pose_hand_context,,22428.1,4.27,,1,cam12/e1/v1,rtmpose_baseline
p5,03.CCTV Mobile Usage.mkv,632de9ed55947761d56d4c6142a3cb1a1fe69d0b1a6d0e01a2e404c697962623,dfine_sahi,10700.0,unknown_object,0.2995,175.19,239.4,192.94,272.78,592.7,17.76,33.38,0.532,False,,True,S-61,2,evt_S-61_desk_work_surface_0001,306d5f013085fa12,pose_hand_context,,22428.1,4.27,,1,cam12/e1/v1,rtmpose_baseline
p5,03.CCTV Mobile Usage.mkv,632de9ed55947761d56d4c6142a3cb1a1fe69d0b1a6d0e01a2e404c697962623,dfine_sahi,10700.0,unknown_object,0.2976,158.89,256.61,176.71,272.95,291.1,17.82,16.33,1.091,False,,True,S-61,2,evt_S-61_desk_work_surface_0001,306d5f013085fa12,pose_hand_context,,22428.1,4.27,,1,cam12/e1/v1,rtmpose_baseline
p5,03.CCTV Mobile Usage.mkv,632de9ed55947761d56d4c6142a3cb1a1fe69d0b1a6d0e01a2e404c697962623,dfine_sahi,10700.0,unknown_object,0.2961,191.24,239.33,208.59,266.18,465.7,17.35,26.84,0.646,False,,True,S-61,2,evt_S-61_desk_work_surface_0001,306d5f013085fa12,pose_hand_context,,22428.1,4.27,,1,cam12/e1/v1,rtmpose_baseline
p5,03.CCTV Mobile Usage.mkv,632de9ed55947761d56d4c6142a3cb1a1fe69d0b1a6d0e01a2e404c697962623,dfine_sahi,10700.0,unknown_object,0.2882,205.98,177.12,226.53,229.97,1086.0,20.55,52.85,0.389,False,,True,S-61,2,evt_S-61_desk_work_surface_0001,306d5f013085fa12,pose_hand_context,,22428.1,4.27,,1,cam12/e1/v1,rtmpose_baseline
p5,03.CCTV Mobile Usage.mkv,632de9ed55947761d56d4c6142a3cb1a1fe69d0b1a6d0e01a2e404c697962623,dfine_sahi,10700.0,unknown_object,0.5279,104.11,437.15,199.93,532.46,9131.9,95.82,95.3,1.005,False,,True,S-61,1,evt_S-61_desk_work_surface_0001,fc3e6f6ad9de900d,pose_hand_context,,16022.5,5.06,,1,cam12/e1/v1,rtmpose_baseline
p5,03.CCTV Mobile Usage.mkv,632de9ed55947761d56d4c6142a3cb1a1fe69d0b1a6d0e01a2e404c697962623,dfine_sahi,10700.0,unknown_object,0.489,139.02,493.09,199.96,560.91,4132.8,60.94,67.82,0.899,False,,True,S-61,1,evt_S-61_desk_work_surface_0001,fc3e6f6ad9de900d,pose_hand_context,,16022.5,5.06,,1,cam12/e1/v1,rtmpose_baseline
p5,03.CCTV Mobile Usage.mkv,632de9ed55947761d56d4c6142a3cb1a1fe69d0b1a6d0e01a2e404c697962623,dfine_sahi,10700.0,unknown_object,0.4385,159.99,493.15,255.91,588.53,9148.9,95.92,95.38,1.006,False,,True,S-61,1,evt_S-61_desk_work_surface_0001,fc3e6f6ad9de900d,pose_hand_context,,16022.5,5.06,,1,cam12/e1/v1,rtmpose_baseline
p5,03.CCTV Mobile Usage.mkv,632de9ed55947761d56d4c6142a3cb1a1fe69d0b1a6d0e01a2e404c697962623,dfine_sahi,10700.0,unknown_object,0.3279,169.01,477.54,246.93,518.3,3176.0,77.92,40.76,1.912,False,,True,S-61,1,evt_S-61_desk_work_surface_0001,fc3e6f6ad9de900d,pose_hand_context,,16022.5,5.06,,1,cam12/e1/v1,rtmpose_baseline
p5,03.CCTV Mobile Usage.mkv,632de9ed55947761d56d4c6142a3cb1a1fe69d0b1a6d0e01a2e404c697962623,dfine_sahi,11200.0,unknown_object,0.6814,105.23,442.15,200.97,537.09,9089.5,95.74,94.94,1.008,False,,True,S-61,1,evt_S-61_desk_work_surface_0001,2bebd0989d616603,pose_hand_context,,13815.7,5.44,,1,cam12/e1/v1,rtmpose_baseline
p5,03.CCTV Mobile Usage.mkv,632de9ed55947761d56d4c6142a3cb1a1fe69d0b1a6d0e01a2e404c697962623,dfine_sahi,11200.0,unknown_object,0.6306,120.13,457.18,237.14,564.31,12534.1,117.0,107.13,1.092,False,,True,S-61,1,evt_S-61_desk_work_surface_0001,2bebd0989d616603,pose_hand_context,,13815.7,5.44,,1,cam12/e1/v1,rtmpose_baseline
p5,03.CCTV Mobile Usage.mkv,632de9ed55947761d56d4c6142a3cb1a1fe69d0b1a6d0e01a2e404c697962623,dfine_sahi,11200.0,unknown_object,0.5566,156.02,494.12,251.97,563.86,6692.2,95.95,69.75,1.376,False,,True,S-61,1,evt_S-61_desk_work_surface_0001,2bebd0989d616603,pose_hand_context,,13815.7,5.44,,1,cam12/e1/v1,rtmpose_baseline
p5,03.CCTV Mobile Usage.mkv,632de9ed55947761d56d4c6142a3cb1a1fe69d0b1a6d0e01a2e404c697962623,dfine_sahi,11200.0,unknown_object,0.5505,156.19,442.37,249.42,517.07,6965.2,93.24,74.7,1.248,False,,True,S-61,1,evt_S-61_desk_work_surface_0001,2bebd0989d616603,pose_hand_context,,13815.7,5.44,,1,cam12/e1/v1,rtmpose_baseline
p5,03.CCTV Mobile Usage.mkv,632de9ed55947761d56d4c6142a3cb1a1fe69d0b1a6d0e01a2e404c697962623,dfine_sahi,11200.0,unknown_object,0.45,127.09,494.07,200.97,561.91,5011.9,73.88,67.84,1.089,False,,True,S-61,1,evt_S-61_desk_work_surface_0001,2bebd0989d616603,pose_hand_context,,13815.7,5.44,,1,cam12/e1/v1,rtmpose_baseline
p5,03.CCTV Mobile Usage.mkv,632de9ed55947761d56d4c6142a3cb1a1fe69d0b1a6d0e01a2e404c697962623,dfine_sahi,11200.0,unknown_object,0.2947,170.61,526.97,251.96,561.14,2779.6,81.35,34.17,2.381,False,,True,S-61,1,evt_S-61_desk_work_surface_0001,2bebd0989d616603,pose_hand_context,,13815.7,5.44,,1,cam12/e1/v1,rtmpose_baseline
p5,03.CCTV Mobile Usage.mkv,632de9ed55947761d56d4c6142a3cb1a1fe69d0b1a6d0e01a2e404c697962623,dfine_sahi,11200.0,monitor_or_bezel,0.5471,243.97,207.21,294.67,291.92,4295.1,50.7,84.71,0.599,False,,True,S-61,2,evt_S-61_desk_work_surface_0001,44302ce98e67dd02,pose_hand_context,,29721.8,3.71,,1,cam12/e1/v1,rtmpose_baseline
p5,03.CCTV Mobile Usage.mkv,632de9ed55947761d56d4c6142a3cb1a1fe69d0b1a6d0e01a2e404c697962623,dfine_sahi,11200.0,unknown_object,0.4529,335.69,283.46,415.91,379.42,7698.2,80.22,95.96,0.836,False,,True,S-61,2,evt_S-61_desk_work_surface_0001,44302ce98e67dd02,pose_hand_context,,29721.8,3.71,,1,cam12/e1/v1,rtmpose_baseline
p5,03.CCTV Mobile Usage.mkv,632de9ed55947761d56d4c6142a3cb1a1fe69d0b1a6d0e01a2e404c697962623,dfine_sahi,11200.0,unknown_object,0.3905,244.12,207.27,415.94,379.32,29560.8,171.82,172.05,0.999,False,,True,S-61,2,evt_S-61_desk_work_surface_0001,44302ce98e67dd02,pose_hand_context,,29721.8,3.71,,1,cam12/e1/v1,rtmpose_baseline
p5,03.CCTV Mobile Usage.mkv,632de9ed55947761d56d4c6142a3cb1a1fe69d0b1a6d0e01a2e404c697962623,dfine_sahi,11200.0,unknown_object,0.3551,268.66,283.1,307.13,378.99,3688.8,38.47,95.89,0.401,False,,True,S-61,2,evt_S-61_desk_work_surface_0001,44302ce98e67dd02,pose_hand_context,,29721.8,3.71,,1,cam12/e1/v1,rtmpose_baseline
p5,03.CCTV Mobile Usage.mkv,632de9ed55947761d56d4c6142a3cb1a1fe69d0b1a6d0e01a2e404c697962623,dfine_sahi,11200.0,unknown_object,0.3329,265.59,215.02,320.16,338.78,6754.1,54.57,123.76,0.441,False,,True,S-61,2,evt_S-61_desk_work_surface_0001,44302ce98e67dd02,pose_hand_context,,29721.8,3.71,,1,cam12/e1/v1,rtmpose_baseline
p5,03.CCTV Mobile Usage.mkv,632de9ed55947761d56d4c6142a3cb1a1fe69d0b1a6d0e01a2e404c697962623,dfine_sahi,11200.0,unknown_object,0.3328,290.61,213.33,339.93,299.7,4260.1,49.32,86.37,0.571,False,,True,S-61,2,evt_S-61_desk_work_surface_0001,44302ce98e67dd02,pose_hand_context,,29721.8,3.71,,1,cam12/e1/v1,rtmpose_baseline
p5,03.CCTV Mobile Usage.mkv,632de9ed55947761d56d4c6142a3cb1a1fe69d0b1a6d0e01a2e404c697962623,dfine_sahi,11200.0,unknown_object,0.2789,294.09,241.65,317.54,297.3,1304.9,23.45,55.65,0.421,False,,True,S-61,2,evt_S-61_desk_work_surface_0001,44302ce98e67dd02,pose_hand_context,,29721.8,3.71,,1,cam12/e1/v1,rtmpose_baseline
p5,03.CCTV Mobile Usage.mkv,632de9ed55947761d56d4c6142a3cb1a1fe69d0b1a6d0e01a2e404c697962623,dfine_sahi,11200.0,keyboard,0.9082,962.22,452.01,1067.87,491.44,4165.1,105.65,39.42,2.68,False,,True,R-desk,5,evt_S-61_desk_work_surface_0001,7739ac136bb8b8c8,lap_bag_context,no_pose_observation,34560.0,1.33,,1,cam12/e1/v1,
p5,03.CCTV Mobile Usage.mkv,632de9ed55947761d56d4c6142a3cb1a1fe69d0b1a6d0e01a2e404c697962623,dfine_sahi,11200.0,monitor_or_bezel,0.6843,963.25,380.43,1152.64,474.95,17900.0,189.39,94.51,2.004,False,,True,R-desk,5,evt_S-61_desk_work_surface_0001,7739ac136bb8b8c8,lap_bag_context,no_pose_observation,34560.0,1.33,,1,cam12/e1/v1,
p5,03.CCTV Mobile Usage.mkv,632de9ed55947761d56d4c6142a3cb1a1fe69d0b1a6d0e01a2e404c697962623,dfine_sahi,11200.0,phone,0.661,1043.41,421.59,1113.23,474.31,3681.1,69.82,52.72,1.324,False,,True,R-desk,5,evt_S-61_desk_work_surface_0001,7739ac136bb8b8c8,lap_bag_context,no_pose_observation,34560.0,1.33,,1,cam12/e1/v1,
p5,03.CCTV Mobile Usage.mkv,632de9ed55947761d56d4c6142a3cb1a1fe69d0b1a6d0e01a2e404c697962623,dfine_sahi,11200.0,monitor_or_bezel,0.6438,910.28,411.2,1141.6,506.41,22023.2,231.33,95.2,2.43,False,,True,R-desk,5,evt_S-61_desk_work_surface_0001,7739ac136bb8b8c8,lap_bag_context,no_pose_observation,34560.0,1.33,,1,cam12/e1/v1,
p5,03.CCTV Mobile Usage.mkv,632de9ed55947761d56d4c6142a3cb1a1fe69d0b1a6d0e01a2e404c697962623,dfine_sahi,11200.0,monitor_or_bezel,0.6147,1018.42,395.79,1145.54,447.56,6581.6,127.12,51.77,2.455,False,,True,R-desk,5,evt_S-61_desk_work_surface_0001,7739ac136bb8b8c8,lap_bag_context,no_pose_observation,34560.0,1.33,,1,cam12/e1/v1,
p5,03.CCTV Mobile Usage.mkv,632de9ed55947761d56d4c6142a3cb1a1fe69d0b1a6d0e01a2e404c697962623,dfine_sahi,11200.0,keyboard,0.5892,962.92,452.36,1034.68,475.56,1664.8,71.77,23.2,3.094,False,,True,R-desk,5,evt_S-61_desk_work_surface_0001,7739ac136bb8b8c8,lap_bag_context,no_pose_observation,34560.0,1.33,,1,cam12/e1/v1,
p5,03.CCTV Mobile Usage.mkv,632de9ed55947761d56d4c6142a3cb1a1fe69d0b1a6d0e01a2e404c697962623,dfine_sahi,11200.0,unknown_object,0.5516,699.96,396.18,857.23,492.13,15088.9,157.27,95.94,1.639,False,,True,R-desk,5,evt_S-61_desk_work_surface_0001,7739ac136bb8b8c8,lap_bag_context,no_pose_observation,34560.0,1.33,,1,cam12/e1/v1,
p5,03.CCTV Mobile Usage.mkv,632de9ed55947761d56d4c6142a3cb1a1fe69d0b1a6d0e01a2e404c697962623,dfine_sahi,11200.0,mouse,0.5338,864.88,413.88,892.04,435.01,574.0,27.15,21.14,1.285,False,,True,R-desk,5,evt_S-61_desk_work_surface_0001,7739ac136bb8b8c8,lap_bag_context,no_pose_observation,34560.0,1.33,,1,cam12/e1/v1,
p5,03.CCTV Mobile Usage.mkv,632de9ed55947761d56d4c6142a3cb1a1fe69d0b1a6d0e01a2e404c697962623,dfine_sahi,11200.0,keyboard,0.5294,772.37,380.2,871.24,420.58,3993.0,98.87,40.39,2.448,False,,True,R-desk,5,evt_S-61_desk_work_surface_0001,7739ac136bb8b8c8,lap_bag_context,no_pose_observation,34560.0,1.33,,1,cam12/e1/v1,
p5,03.CCTV Mobile Usage.mkv,632de9ed55947761d56d4c6142a3cb1a1fe69d0b1a6d0e01a2e404c697962623,dfine_sahi,11200.0,unknown_object,0.5237,766.66,410.97,969.84,505.91,19288.8,203.18,94.93,2.14,False,,True,R-desk,5,evt_S-61_desk_work_surface_0001,7739ac136bb8b8c8,lap_bag_context,no_pose_observation,34560.0,1.33,,1,cam12/e1/v1,
p5,03.CCTV Mobile Usage.mkv,632de9ed55947761d56d4c6142a3cb1a1fe69d0b1a6d0e01a2e404c697962623,dfine_sahi,11200.0,unknown_object,0.5206,707.77,379.93,969.51,474.97,24875.4,261.74,95.04,2.754,False,,True,R-desk,5,evt_S-61_desk_work_surface_0001,7739ac136bb8b8c8,lap_bag_context,no_pose_observation,34560.0,1.33,,1,cam12/e1/v1,
p5,03.CCTV Mobile Usage.mkv,632de9ed55947761d56d4c6142a3cb1a1fe69d0b1a6d0e01a2e404c697962623,dfine_sahi,11200.0,keyboard,0.5001,802.17,396.24,870.79,420.69,1677.9,68.61,24.45,2.806,False,,True,R-desk,5,evt_S-61_desk_work_surface_0001,7739ac136bb8b8c8,lap_bag_context,no_pose_observation,34560.0,1.33,,1,cam12/e1/v1,
p5,03.CCTV Mobile Usage.mkv,632de9ed55947761d56d4c6142a3cb1a1fe69d0b1a6d0e01a2e404c697962623,dfine_sahi,11200.0,unknown_object,0.4261,699.99,396.11,770.01,491.7,6692.6,70.02,95.59,0.732,False,,True,R-desk,5,evt_S-61_desk_work_surface_0001,7739ac136bb8b8c8,lap_bag_context,no_pose_observation,34560.0,1.33,,1,cam12/e1/v1,
p5,03.CCTV Mobile Usage.mkv,632de9ed55947761d56d4c6142a3cb1a1fe69d0b1a6d0e01a2e404c697962623,dfine_sahi,11200.0,unknown_object,0.351,881.72,411.16,969.56,453.49,3718.5,87.84,42.33,2.075,False,,True,R-desk,5,evt_S-61_desk_work_surface_0001,7739ac136bb8b8c8,lap_bag_context,no_pose_observation,34560.0,1.33,,1,cam12/e1/v1,
p5,03.CCTV Mobile Usage.mkv,632de9ed55947761d56d4c6142a3cb1a1fe69d0b1a6d0e01a2e404c697962623,dfine_sahi,11200.0,monitor_or_bezel,0.2997,881.31,396.18,948.85,452.47,3801.9,67.54,56.29,1.2,False,,True,R-desk,5,evt_S-61_desk_work_surface_0001,7739ac136bb8b8c8,lap_bag_context,no_pose_observation,34560.0,1.33,,1,cam12/e1/v1,
p5,03.CCTV Mobile Usage.mkv,632de9ed55947761d56d4c6142a3cb1a1fe69d0b1a6d0e01a2e404c697962623,dfine_sahi,11200.0,mouse,0.299,967.15,398.48,991.99,410.58,300.8,24.84,12.11,2.052,False,,True,R-desk,5,evt_S-61_desk_work_surface_0001,7739ac136bb8b8c8,lap_bag_context,no_pose_observation,34560.0,1.33,,1,cam12/e1/v1,
p5,03.CCTV Mobile Usage.mkv,632de9ed55947761d56d4c6142a3cb1a1fe69d0b1a6d0e01a2e404c697962623,dfine_sahi,11200.0,unknown_object,0.2859,880.4,411.64,969.91,505.59,8409.0,89.5,93.95,0.953,False,,True,R-desk,5,evt_S-61_desk_work_surface_0001,7739ac136bb8b8c8,lap_bag_context,no_pose_observation,34560.0,1.33,,1,cam12/e1/v1,
p5,03.CCTV Mobile Usage.mkv,632de9ed55947761d56d4c6142a3cb1a1fe69d0b1a6d0e01a2e404c697962623,dfine_sahi,11200.0,mouse,0.2578,990.77,399.34,1026.6,413.25,498.4,35.83,13.91,2.576,False,,True,R-desk,5,evt_S-61_desk_work_surface_0001,7739ac136bb8b8c8,lap_bag_context,no_pose_observation,34560.0,1.33,,1,cam12/e1/v1,
p5,03.CCTV Mobile Usage.mkv,632de9ed55947761d56d4c6142a3cb1a1fe69d0b1a6d0e01a2e404c697962623,dfine_sahi,11700.0,unknown_object,0.6442,57.99,510.03,85.26,552.11,1147.5,27.27,42.08,0.648,False,,True,S-61,1,evt_S-61_desk_work_surface_0001,b6a05af65e1ac343,pose_hand_context,,28995.3,3.76,,1,cam12/e1/v1,rtmpose_baseline
p5,03.CCTV Mobile Usage.mkv,632de9ed55947761d56d4c6142a3cb1a1fe69d0b1a6d0e01a2e404c697962623,dfine_sahi,11700.0,unknown_object,0.5521,58.03,435.09,153.92,491.52,5410.6,95.89,56.42,1.699,False,,True,S-61,1,evt_S-61_desk_work_surface_0001,b6a05af65e1ac343,pose_hand_context,,28995.3,3.76,,1,cam12/e1/v1,rtmpose_baseline
p5,03.CCTV Mobile Usage.mkv,632de9ed55947761d56d4c6142a3cb1a1fe69d0b1a6d0e01a2e404c697962623,dfine_sahi,11700.0,stationery,0.4808,57.97,509.52,85.38,552.39,1175.0,27.4,42.87,0.639,False,,True,S-61,1,evt_S-61_desk_work_surface_0001,b6a05af65e1ac343,pose_hand_context,,28995.3,3.76,,1,cam12/e1/v1,rtmpose_baseline
p5,03.CCTV Mobile Usage.mkv,632de9ed55947761d56d4c6142a3cb1a1fe69d0b1a6d0e01a2e404c697962623,dfine_sahi,11700.0,unknown_object,0.434,63.11,485.21,96.79,530.5,1525.7,33.69,45.29,0.744,False,,True,S-61,1,evt_S-61_desk_work_surface_0001,b6a05af65e1ac343,pose_hand_context,,28995.3,3.76,,1,cam12/e1/v1,rtmpose_baseline
p5,03.CCTV Mobile Usage.mkv,632de9ed55947761d56d4c6142a3cb1a1fe69d0b1a6d0e01a2e404c697962623,dfine_sahi,11700.0,unknown_object,0.4093,57.99,509.82,96.88,602.52,3605.2,38.89,92.7,0.42,False,,True,S-61,1,evt_S-61_desk_work_surface_0001,b6a05af65e1ac343,pose_hand_context,,28995.3,3.76,,1,cam12/e1/v1,rtmpose_baseline
p5,03.CCTV Mobile Usage.mkv,632de9ed55947761d56d4c6142a3cb1a1fe69d0b1a6d0e01a2e404c697962623,dfine_sahi,11700.0,unknown_object,0.3554,58.73,476.46,219.68,603.2,20399.7,160.95,126.74,1.27,False,,True,S-61,1,evt_S-61_desk_work_surface_0001,b6a05af65e1ac343,pose_hand_context,,28995.3,3.76,,1,cam12/e1/v1,rtmpose_baseline
p5,03.CCTV Mobile Usage.mkv,632de9ed55947761d56d4c6142a3cb1a1fe69d0b1a6d0e01a2e404c697962623,dfine_sahi,11700.0,unknown_object,0.3438,133.41,509.21,228.92,569.5,5757.9,95.51,60.28,1.584,False,,True,S-61,1,evt_S-61_desk_work_surface_0001,b6a05af65e1ac343,pose_hand_context,,28995.3,3.76,,1,cam12/e1/v1,rtmpose_baseline
p5,03.CCTV Mobile Usage.mkv,632de9ed55947761d56d4c6142a3cb1a1fe69d0b1a6d0e01a2e404c697962623,dfine_sahi,11700.0,unknown_object,0.3222,58.01,509.25,153.95,604.46,9134.1,95.94,95.21,1.008,False,,True,S-61,1,evt_S-61_desk_work_surface_0001,b6a05af65e1ac343,pose_hand_context,,28995.3,3.76,,1,cam12/e1/v1,rtmpose_baseline
p5,03.CCTV Mobile Usage.mkv,632de9ed55947761d56d4c6142a3cb1a1fe69d0b1a6d0e01a2e404c697962623,dfine_sahi,11700.0,unknown_object,0.3029,133.06,481.67,228.37,530.71,4674.2,95.31,49.04,1.943,False,,True,S-61,1,evt_S-61_desk_work_surface_0001,b6a05af65e1ac343,pose_hand_context,,28995.3,3.76,,1,cam12/e1/v1,rtmpose_baseline
p5,03.CCTV Mobile Usage.mkv,632de9ed55947761d56d4c6142a3cb1a1fe69d0b1a6d0e01a2e404c697962623,dfine_sahi,11700.0,unknown_object,0.2764,157.74,435.26,220.81,520.3,5363.6,63.08,85.03,0.742,False,,True,S-61,1,evt_S-61_desk_work_surface_0001,b6a05af65e1ac343,pose_hand_context,,28995.3,3.76,,1,cam12/e1/v1,rtmpose_baseline
p5,03.CCTV Mobile Usage.mkv,632de9ed55947761d56d4c6142a3cb1a1fe69d0b1a6d0e01a2e404c697962623,dfine_sahi,11700.0,unknown_object,0.2642,159.0,449.7,193.36,517.72,2337.4,34.36,68.02,0.505,False,,True,S-61,1,evt_S-61_desk_work_surface_0001,b6a05af65e1ac343,pose_hand_context,,28995.3,3.76,,1,cam12/e1/v1,rtmpose_baseline
p5,03.CCTV Mobile Usage.mkv,632de9ed55947761d56d4c6142a3cb1a1fe69d0b1a6d0e01a2e404c697962623,dfine_sahi,11700.0,unknown_object,0.2501,67.33,510.58,75.49,524.58,114.2,8.16,14.0,0.583,True,object footprint 114 px is under the 120 px floor for a call,False,S-61,1,evt_S-61_desk_work_surface_0001,b6a05af65e1ac343,pose_hand_context,,28995.3,3.76,,1,cam12/e1/v1,rtmpose_baseline
p5,03.CCTV Mobile Usage.mkv,632de9ed55947761d56d4c6142a3cb1a1fe69d0b1a6d0e01a2e404c697962623,dfine_sahi,11700.0,unknown_object,0.6616,194.12,302.26,289.87,397.56,9125.4,95.75,95.3,1.005,False,,True,S-61,2,evt_S-61_desk_work_surface_0001,eee0fc316a8f1a81,pose_hand_context,,28486.7,3.79,,1,cam12/e1/v1,rtmpose_baseline
p5,03.CCTV Mobile Usage.mkv,632de9ed55947761d56d4c6142a3cb1a1fe69d0b1a6d0e01a2e404c697962623,dfine_sahi,11700.0,unknown_object,0.4318,268.0,302.25,292.15,357.51,1334.7,24.15,55.26,0.437,False,,True,S-61,2,evt_S-61_desk_work_surface_0001,eee0fc316a8f1a81,pose_hand_context,,28486.7,3.79,,1,cam12/e1/v1,rtmpose_baseline
p5,03.CCTV Mobile Usage.mkv,632de9ed55947761d56d4c6142a3cb1a1fe69d0b1a6d0e01a2e404c697962623,dfine_sahi,11700.0,unknown_object,0.3898,288.7,286.28,344.8,324.7,2155.3,56.1,38.42,1.46,False,,True,S-61,2,evt_S-61_desk_work_surface_0001,eee0fc316a8f1a81,pose_hand_context,,28486.7,3.79,,1,cam12/e1/v1,rtmpose_baseline
p5,03.CCTV Mobile Usage.mkv,632de9ed55947761d56d4c6142a3cb1a1fe69d0b1a6d0e01a2e404c697962623,dfine_sahi,12200.0,keyboard,0.8976,962.17,451.89,1068.0,491.41,4183.0,105.84,39.52,2.678,False,,True,R-desk,6,evt_S-61_desk_work_surface_0001,590143951782a0e5,lap_bag_context,no_pose_observation,34560.0,1.33,,1,cam12/e1/v1,
p5,03.CCTV Mobile Usage.mkv,632de9ed55947761d56d4c6142a3cb1a1fe69d0b1a6d0e01a2e404c697962623,dfine_sahi,12200.0,monitor_or_bezel,0.7777,910.09,411.09,1140.62,506.37,21966.6,230.54,95.28,2.419,False,,True,R-desk,6,evt_S-61_desk_work_surface_0001,590143951782a0e5,lap_bag_context,no_pose_observation,34560.0,1.33,,1,cam12/e1/v1,
p5,03.CCTV Mobile Usage.mkv,632de9ed55947761d56d4c6142a3cb1a1fe69d0b1a6d0e01a2e404c697962623,dfine_sahi,12200.0,monitor_or_bezel,0.7661,963.09,380.45,1152.47,475.0,17904.7,189.38,94.54,2.003,False,,True,R-desk,6,evt_S-61_desk_work_surface_0001,590143951782a0e5,lap_bag_context,no_pose_observation,34560.0,1.33,,1,cam12/e1/v1,
p5,03.CCTV Mobile Usage.mkv,632de9ed55947761d56d4c6142a3cb1a1fe69d0b1a6d0e01a2e404c697962623,dfine_sahi,12200.0,monitor_or_bezel,0.7548,708.83,379.91,969.68,474.85,24765.2,260.85,94.94,2.747,False,,True,R-desk,6,evt_S-61_desk_work_surface_0001,590143951782a0e5,lap_bag_context,no_pose_observation,34560.0,1.33,,1,cam12/e1/v1,
p5,03.CCTV Mobile Usage.mkv,632de9ed55947761d56d4c6142a3cb1a1fe69d0b1a6d0e01a2e404c697962623,dfine_sahi,12200.0,keyboard,0.6396,772.54,380.22,870.59,420.39,3939.1,98.05,40.17,2.441,False,,True,R-desk,6,evt_S-61_desk_work_surface_0001,590143951782a0e5,lap_bag_context,no_pose_observation,34560.0,1.33,,1,cam12/e1/v1,
p5,03.CCTV Mobile Usage.mkv,632de9ed55947761d56d4c6142a3cb1a1fe69d0b1a6d0e01a2e404c697962623,dfine_sahi,12200.0,unknown_object,0.6304,699.93,411.25,871.59,506.3,16317.1,171.66,95.06,1.806,False,,True,R-desk,6,evt_S-61_desk_work_surface_0001,590143951782a0e5,lap_bag_context,no_pose_observation,34560.0,1.33,,1,cam12/e1/v1,
p5,03.CCTV Mobile Usage.mkv,632de9ed55947761d56d4c6142a3cb1a1fe69d0b1a6d0e01a2e404c697962623,dfine_sahi,12200.0,keyboard,0.6225,962.8,452.25,1034.66,475.56,1675.1,71.86,23.31,3.083,False,,True,R-desk,6,evt_S-61_desk_work_surface_0001,590143951782a0e5,lap_bag_context,no_pose_observation,34560.0,1.33,,1,cam12/e1/v1,
p5,03.CCTV Mobile Usage.mkv,632de9ed55947761d56d4c6142a3cb1a1fe69d0b1a6d0e01a2e404c697962623,dfine_sahi,12200.0,mouse,0.5362,865.33,413.73,891.65,435.43,571.2,26.33,21.69,1.214,False,,True,R-desk,6,evt_S-61_desk_work_surface_0001,590143951782a0e5,lap_bag_context,no_pose_observation,34560.0,1.33,,1,cam12/e1/v1,
p5,03.CCTV Mobile Usage.mkv,632de9ed55947761d56d4c6142a3cb1a1fe69d0b1a6d0e01a2e404c697962623,dfine_sahi,12200.0,phone,0.502,1043.42,420.25,1113.56,474.19,3783.5,70.14,53.94,1.3,False,,True,R-desk,6,evt_S-61_desk_work_surface_0001,590143951782a0e5,lap_bag_context,no_pose_observation,34560.0,1.33,,1,cam12/e1/v1,
p5,03.CCTV Mobile Usage.mkv,632de9ed55947761d56d4c6142a3cb1a1fe69d0b1a6d0e01a2e404c697962623,dfine_sahi,12200.0,keyboard,0.4259,802.41,396.23,870.38,420.7,1663.5,67.97,24.47,2.777,False,,True,R-desk,6,evt_S-61_desk_work_surface_0001,590143951782a0e5,lap_bag_context,no_pose_observation,34560.0,1.33,,1,cam12/e1/v1,
p5,03.CCTV Mobile Usage.mkv,632de9ed55947761d56d4c6142a3cb1a1fe69d0b1a6d0e01a2e404c697962623,dfine_sahi,12200.0,unknown_object,0.419,700.01,396.25,758.88,490.74,5562.0,58.86,94.49,0.623,False,,True,R-desk,6,evt_S-61_desk_work_surface_0001,590143951782a0e5,lap_bag_context,no_pose_observation,34560.0,1.33,,1,cam12/e1/v1,
p5,03.CCTV Mobile Usage.mkv,632de9ed55947761d56d4c6142a3cb1a1fe69d0b1a6d0e01a2e404c697962623,dfine_sahi,12200.0,unknown_object,0.4068,766.63,411.06,969.87,506.12,19319.4,203.24,95.06,2.138,False,,True,R-desk,6,evt_S-61_desk_work_surface_0001,590143951782a0e5,lap_bag_context,no_pose_observation,34560.0,1.33,,1,cam12/e1/v1,
p5,03.CCTV Mobile Usage.mkv,632de9ed55947761d56d4c6142a3cb1a1fe69d0b1a6d0e01a2e404c697962623,dfine_sahi,12200.0,keyboard,0.3822,910.14,412.27,1091.85,506.27,17080.1,181.7,94.0,1.933,False,,True,R-desk,6,evt_S-61_desk_work_surface_0001,590143951782a0e5,lap_bag_context,no_pose_observation,34560.0,1.33,,1,cam12/e1/v1,
p5,03.CCTV Mobile Usage.mkv,632de9ed55947761d56d4c6142a3cb1a1fe69d0b1a6d0e01a2e404c697962623,dfine_sahi,12200.0,monitor_or_bezel,0.3708,1019.35,395.54,1145.38,447.63,6564.5,126.03,52.09,2.42,False,,True,R-desk,6,evt_S-61_desk_work_surface_0001,590143951782a0e5,lap_bag_context,no_pose_observation,34560.0,1.33,,1,cam12/e1/v1,
p5,03.CCTV Mobile Usage.mkv,632de9ed55947761d56d4c6142a3cb1a1fe69d0b1a6d0e01a2e404c697962623,dfine_sahi,12200.0,monitor_or_bezel,0.3169,735.83,395.53,1142.96,491.11,38914.7,407.13,95.58,4.259,False,,True,R-desk,6,evt_S-61_desk_work_surface_0001,590143951782a0e5,lap_bag_context,no_pose_observation,34560.0,1.33,,1,cam12/e1/v1,
p5,03.CCTV Mobile Usage.mkv,632de9ed55947761d56d4c6142a3cb1a1fe69d0b1a6d0e01a2e404c697962623,dfine_sahi,12200.0,keyboard,0.3138,965.0,393.39,1115.98,475.05,12329.1,150.98,81.66,1.849,False,,True,R-desk,6,evt_S-61_desk_work_surface_0001,590143951782a0e5,lap_bag_context,no_pose_observation,34560.0,1.33,,1,cam12/e1/v1,
p5,03.CCTV Mobile Usage.mkv,632de9ed55947761d56d4c6142a3cb1a1fe69d0b1a6d0e01a2e404c697962623,dfine_sahi,12200.0,unknown_object,0.2949,700.09,380.34,834.48,475.76,12823.9,134.39,95.42,1.408,False,,True,R-desk,6,evt_S-61_desk_work_surface_0001,590143951782a0e5,lap_bag_context,no_pose_observation,34560.0,1.33,,1,cam12/e1/v1,
p5,03.CCTV Mobile Usage.mkv,632de9ed55947761d56d4c6142a3cb1a1fe69d0b1a6d0e01a2e404c697962623,dfine_sahi,12200.0,unknown_object,0.259,882.1,411.12,932.92,452.68,2112.5,50.82,41.57,1.223,False,,True,R-desk,6,evt_S-61_desk_work_surface_0001,590143951782a0e5,lap_bag_context,no_pose_observation,34560.0,1.33,,1,cam12/e1/v1,
p5,03.CCTV Mobile Usage.mkv,632de9ed55947761d56d4c6142a3cb1a1fe69d0b1a6d0e01a2e404c697962623,dfine_sahi,12200.0,mouse,0.2566,966.92,398.36,992.04,410.52,305.6,25.12,12.16,2.065,False,,True,R-desk,6,evt_S-61_desk_work_surface_0001,590143951782a0e5,lap_bag_context,no_pose_observation,34560.0,1.33,,1,cam12/e1/v1,
p5,03.CCTV Mobile Usage.mkv,632de9ed55947761d56d4c6142a3cb1a1fe69d0b1a6d0e01a2e404c697962623,dfine_sahi,12200.0,keyboard,0.2546,882.29,380.26,968.33,452.78,6239.6,86.03,72.52,1.186,False,,True,R-desk,6,evt_S-61_desk_work_surface_0001,590143951782a0e5,lap_bag_context,no_pose_observation,34560.0,1.33,,1,cam12/e1/v1,
p5,03.CCTV Mobile Usage.mkv,632de9ed55947761d56d4c6142a3cb1a1fe69d0b1a6d0e01a2e404c697962623,dfine_sahi,12200.0,keyboard,0.8976,962.17,451.89,1068.0,491.41,4183.0,105.84,39.52,2.678,False,,True,R-desk,5,evt_S-61_desk_work_surface_0001,590143951782a0e5,lap_bag_context,no_pose_observation,34560.0,1.33,,1,cam12/e1/v1,
p5,03.CCTV Mobile Usage.mkv,632de9ed55947761d56d4c6142a3cb1a1fe69d0b1a6d0e01a2e404c697962623,dfine_sahi,12200.0,monitor_or_bezel,0.7777,910.09,411.09,1140.62,506.37,21966.6,230.54,95.28,2.419,False,,True,R-desk,5,evt_S-61_desk_work_surface_0001,590143951782a0e5,lap_bag_context,no_pose_observation,34560.0,1.33,,1,cam12/e1/v1,
p5,03.CCTV Mobile Usage.mkv,632de9ed55947761d56d4c6142a3cb1a1fe69d0b1a6d0e01a2e404c697962623,dfine_sahi,12200.0,monitor_or_bezel,0.7661,963.09,380.45,1152.47,475.0,17904.7,189.38,94.54,2.003,False,,True,R-desk,5,evt_S-61_desk_work_surface_0001,590143951782a0e5,lap_bag_context,no_pose_observation,34560.0,1.33,,1,cam12/e1/v1,
p5,03.CCTV Mobile Usage.mkv,632de9ed55947761d56d4c6142a3cb1a1fe69d0b1a6d0e01a2e404c697962623,dfine_sahi,12200.0,monitor_or_bezel,0.7548,708.83,379.91,969.68,474.85,24765.2,260.85,94.94,2.747,False,,True,R-desk,5,evt_S-61_desk_work_surface_0001,590143951782a0e5,lap_bag_context,no_pose_observation,34560.0,1.33,,1,cam12/e1/v1,
p5,03.CCTV Mobile Usage.mkv,632de9ed55947761d56d4c6142a3cb1a1fe69d0b1a6d0e01a2e404c697962623,dfine_sahi,12200.0,keyboard,0.6396,772.54,380.22,870.59,420.39,3939.1,98.05,40.17,2.441,False,,True,R-desk,5,evt_S-61_desk_work_surface_0001,590143951782a0e5,lap_bag_context,no_pose_observation,34560.0,1.33,,1,cam12/e1/v1,
p5,03.CCTV Mobile Usage.mkv,632de9ed55947761d56d4c6142a3cb1a1fe69d0b1a6d0e01a2e404c697962623,dfine_sahi,12200.0,unknown_object,0.6304,699.93,411.25,871.59,506.3,16317.1,171.66,95.06,1.806,False,,True,R-desk,5,evt_S-61_desk_work_surface_0001,590143951782a0e5,lap_bag_context,no_pose_observation,34560.0,1.33,,1,cam12/e1/v1,
p5,03.CCTV Mobile Usage.mkv,632de9ed55947761d56d4c6142a3cb1a1fe69d0b1a6d0e01a2e404c697962623,dfine_sahi,12200.0,keyboard,0.6225,962.8,452.25,1034.66,475.56,1675.1,71.86,23.31,3.083,False,,True,R-desk,5,evt_S-61_desk_work_surface_0001,590143951782a0e5,lap_bag_context,no_pose_observation,34560.0,1.33,,1,cam12/e1/v1,
p5,03.CCTV Mobile Usage.mkv,632de9ed55947761d56d4c6142a3cb1a1fe69d0b1a6d0e01a2e404c697962623,dfine_sahi,12200.0,mouse,0.5362,865.33,413.73,891.65,435.43,571.2,26.33,21.69,1.214,False,,True,R-desk,5,evt_S-61_desk_work_surface_0001,590143951782a0e5,lap_bag_context,no_pose_observation,34560.0,1.33,,1,cam12/e1/v1,
p5,03.CCTV Mobile Usage.mkv,632de9ed55947761d56d4c6142a3cb1a1fe69d0b1a6d0e01a2e404c697962623,dfine_sahi,12200.0,phone,0.502,1043.42,420.25,1113.56,474.19,3783.5,70.14,53.94,1.3,False,,True,R-desk,5,evt_S-61_desk_work_surface_0001,590143951782a0e5,lap_bag_context,no_pose_observation,34560.0,1.33,,1,cam12/e1/v1,
p5,03.CCTV Mobile Usage.mkv,632de9ed55947761d56d4c6142a3cb1a1fe69d0b1a6d0e01a2e404c697962623,dfine_sahi,12200.0,keyboard,0.4259,802.41,396.23,870.38,420.7,1663.5,67.97,24.47,2.777,False,,True,R-desk,5,evt_S-61_desk_work_surface_0001,590143951782a0e5,lap_bag_context,no_pose_observation,34560.0,1.33,,1,cam12/e1/v1,
p5,03.CCTV Mobile Usage.mkv,632de9ed55947761d56d4c6142a3cb1a1fe69d0b1a6d0e01a2e404c697962623,dfine_sahi,12200.0,unknown_object,0.419,700.01,396.25,758.88,490.74,5562.0,58.86,94.49,0.623,False,,True,R-desk,5,evt_S-61_desk_work_surface_0001,590143951782a0e5,lap_bag_context,no_pose_observation,34560.0,1.33,,1,cam12/e1/v1,
p5,03.CCTV Mobile Usage.mkv,632de9ed55947761d56d4c6142a3cb1a1fe69d0b1a6d0e01a2e404c697962623,dfine_sahi,12200.0,unknown_object,0.4068,766.63,411.06,969.87,506.12,19319.4,203.24,95.06,2.138,False,,True,R-desk,5,evt_S-61_desk_work_surface_0001,590143951782a0e5,lap_bag_context,no_pose_observation,34560.0,1.33,,1,cam12/e1/v1,
p5,03.CCTV Mobile Usage.mkv,632de9ed55947761d56d4c6142a3cb1a1fe69d0b1a6d0e01a2e404c697962623,dfine_sahi,12200.0,keyboard,0.3822,910.14,412.27,1091.85,506.27,17080.1,181.7,94.0,1.933,False,,True,R-desk,5,evt_S-61_desk_work_surface_0001,590143951782a0e5,lap_bag_context,no_pose_observation,34560.0,1.33,,1,cam12/e1/v1,
p5,03.CCTV Mobile Usage.mkv,632de9ed55947761d56d4c6142a3cb1a1fe69d0b1a6d0e01a2e404c697962623,dfine_sahi,12200.0,monitor_or_bezel,0.3708,1019.35,395.54,1145.38,447.63,6564.5,126.03,52.09,2.42,False,,True,R-desk,5,evt_S-61_desk_work_surface_0001,590143951782a0e5,lap_bag_context,no_pose_observation,34560.0,1.33,,1,cam12/e1/v1,
p5,03.CCTV Mobile Usage.mkv,632de9ed55947761d56d4c6142a3cb1a1fe69d0b1a6d0e01a2e404c697962623,dfine_sahi,12200.0,monitor_or_bezel,0.3169,735.83,395.53,1142.96,491.11,38914.7,407.13,95.58,4.259,False,,True,R-desk,5,evt_S-61_desk_work_surface_0001,590143951782a0e5,lap_bag_context,no_pose_observation,34560.0,1.33,,1,cam12/e1/v1,
p5,03.CCTV Mobile Usage.mkv,632de9ed55947761d56d4c6142a3cb1a1fe69d0b1a6d0e01a2e404c697962623,dfine_sahi,12200.0,keyboard,0.3138,965.0,393.39,1115.98,475.05,12329.1,150.98,81.66,1.849,False,,True,R-desk,5,evt_S-61_desk_work_surface_0001,590143951782a0e5,lap_bag_context,no_pose_observation,34560.0,1.33,,1,cam12/e1/v1,
p5,03.CCTV Mobile Usage.mkv,632de9ed55947761d56d4c6142a3cb1a1fe69d0b1a6d0e01a2e404c697962623,dfine_sahi,12200.0,unknown_object,0.2949,700.09,380.34,834.48,475.76,12823.9,134.39,95.42,1.408,False,,True,R-desk,5,evt_S-61_desk_work_surface_0001,590143951782a0e5,lap_bag_context,no_pose_observation,34560.0,1.33,,1,cam12/e1/v1,
p5,03.CCTV Mobile Usage.mkv,632de9ed55947761d56d4c6142a3cb1a1fe69d0b1a6d0e01a2e404c697962623,dfine_sahi,12200.0,unknown_object,0.259,882.1,411.12,932.92,452.68,2112.5,50.82,41.57,1.223,False,,True,R-desk,5,evt_S-61_desk_work_surface_0001,590143951782a0e5,lap_bag_context,no_pose_observation,34560.0,1.33,,1,cam12/e1/v1,
p5,03.CCTV Mobile Usage.mkv,632de9ed55947761d56d4c6142a3cb1a1fe69d0b1a6d0e01a2e404c697962623,dfine_sahi,12200.0,mouse,0.2566,966.92,398.36,992.04,410.52,305.6,25.12,12.16,2.065,False,,True,R-desk,5,evt_S-61_desk_work_surface_0001,590143951782a0e5,lap_bag_context,no_pose_observation,34560.0,1.33,,1,cam12/e1/v1,
p5,03.CCTV Mobile Usage.mkv,632de9ed55947761d56d4c6142a3cb1a1fe69d0b1a6d0e01a2e404c697962623,dfine_sahi,12200.0,keyboard,0.2546,882.29,380.26,968.33,452.78,6239.6,86.03,72.52,1.186,False,,True,R-desk,5,evt_S-61_desk_work_surface_0001,590143951782a0e5,lap_bag_context,no_pose_observation,34560.0,1.33,,1,cam12/e1/v1,
p5,03.CCTV Mobile Usage.mkv,632de9ed55947761d56d4c6142a3cb1a1fe69d0b1a6d0e01a2e404c697962623,dfine_sahi,12200.0,keyboard,0.8976,962.17,451.89,1068.0,491.41,4183.0,105.84,39.52,2.678,False,,True,R-desk,7,evt_S-61_desk_work_surface_0001,590143951782a0e5,lap_bag_context,no_pose_observation,34560.0,1.33,,1,cam12/e1/v1,
p5,03.CCTV Mobile Usage.mkv,632de9ed55947761d56d4c6142a3cb1a1fe69d0b1a6d0e01a2e404c697962623,dfine_sahi,12200.0,monitor_or_bezel,0.7777,910.09,411.09,1140.62,506.37,21966.6,230.54,95.28,2.419,False,,True,R-desk,7,evt_S-61_desk_work_surface_0001,590143951782a0e5,lap_bag_context,no_pose_observation,34560.0,1.33,,1,cam12/e1/v1,
p5,03.CCTV Mobile Usage.mkv,632de9ed55947761d56d4c6142a3cb1a1fe69d0b1a6d0e01a2e404c697962623,dfine_sahi,12200.0,monitor_or_bezel,0.7661,963.09,380.45,1152.47,475.0,17904.7,189.38,94.54,2.003,False,,True,R-desk,7,evt_S-61_desk_work_surface_0001,590143951782a0e5,lap_bag_context,no_pose_observation,34560.0,1.33,,1,cam12/e1/v1,
p5,03.CCTV Mobile Usage.mkv,632de9ed55947761d56d4c6142a3cb1a1fe69d0b1a6d0e01a2e404c697962623,dfine_sahi,12200.0,monitor_or_bezel,0.7548,708.83,379.91,969.68,474.85,24765.2,260.85,94.94,2.747,False,,True,R-desk,7,evt_S-61_desk_work_surface_0001,590143951782a0e5,lap_bag_context,no_pose_observation,34560.0,1.33,,1,cam12/e1/v1,
p5,03.CCTV Mobile Usage.mkv,632de9ed55947761d56d4c6142a3cb1a1fe69d0b1a6d0e01a2e404c697962623,dfine_sahi,12200.0,keyboard,0.6396,772.54,380.22,870.59,420.39,3939.1,98.05,40.17,2.441,False,,True,R-desk,7,evt_S-61_desk_work_surface_0001,590143951782a0e5,lap_bag_context,no_pose_observation,34560.0,1.33,,1,cam12/e1/v1,
p5,03.CCTV Mobile Usage.mkv,632de9ed55947761d56d4c6142a3cb1a1fe69d0b1a6d0e01a2e404c697962623,dfine_sahi,12200.0,unknown_object,0.6304,699.93,411.25,871.59,506.3,16317.1,171.66,95.06,1.806,False,,True,R-desk,7,evt_S-61_desk_work_surface_0001,590143951782a0e5,lap_bag_context,no_pose_observation,34560.0,1.33,,1,cam12/e1/v1,
p5,03.CCTV Mobile Usage.mkv,632de9ed55947761d56d4c6142a3cb1a1fe69d0b1a6d0e01a2e404c697962623,dfine_sahi,12200.0,keyboard,0.6225,962.8,452.25,1034.66,475.56,1675.1,71.86,23.31,3.083,False,,True,R-desk,7,evt_S-61_desk_work_surface_0001,590143951782a0e5,lap_bag_context,no_pose_observation,34560.0,1.33,,1,cam12/e1/v1,
p5,03.CCTV Mobile Usage.mkv,632de9ed55947761d56d4c6142a3cb1a1fe69d0b1a6d0e01a2e404c697962623,dfine_sahi,12200.0,mouse,0.5362,865.33,413.73,891.65,435.43,571.2,26.33,21.69,1.214,False,,True,R-desk,7,evt_S-61_desk_work_surface_0001,590143951782a0e5,lap_bag_context,no_pose_observation,34560.0,1.33,,1,cam12/e1/v1,
p5,03.CCTV Mobile Usage.mkv,632de9ed55947761d56d4c6142a3cb1a1fe69d0b1a6d0e01a2e404c697962623,dfine_sahi,12200.0,phone,0.502,1043.42,420.25,1113.56,474.19,3783.5,70.14,53.94,1.3,False,,True,R-desk,7,evt_S-61_desk_work_surface_0001,590143951782a0e5,lap_bag_context,no_pose_observation,34560.0,1.33,,1,cam12/e1/v1,
p5,03.CCTV Mobile Usage.mkv,632de9ed55947761d56d4c6142a3cb1a1fe69d0b1a6d0e01a2e404c697962623,dfine_sahi,12200.0,keyboard,0.4259,802.41,396.23,870.38,420.7,1663.5,67.97,24.47,2.777,False,,True,R-desk,7,evt_S-61_desk_work_surface_0001,590143951782a0e5,lap_bag_context,no_pose_observation,34560.0,1.33,,1,cam12/e1/v1,
p5,03.CCTV Mobile Usage.mkv,632de9ed55947761d56d4c6142a3cb1a1fe69d0b1a6d0e01a2e404c697962623,dfine_sahi,12200.0,unknown_object,0.419,700.01,396.25,758.88,490.74,5562.0,58.86,94.49,0.623,False,,True,R-desk,7,evt_S-61_desk_work_surface_0001,590143951782a0e5,lap_bag_context,no_pose_observation,34560.0,1.33,,1,cam12/e1/v1,
p5,03.CCTV Mobile Usage.mkv,632de9ed55947761d56d4c6142a3cb1a1fe69d0b1a6d0e01a2e404c697962623,dfine_sahi,12200.0,unknown_object,0.4068,766.63,411.06,969.87,506.12,19319.4,203.24,95.06,2.138,False,,True,R-desk,7,evt_S-61_desk_work_surface_0001,590143951782a0e5,lap_bag_context,no_pose_observation,34560.0,1.33,,1,cam12/e1/v1,
p5,03.CCTV Mobile Usage.mkv,632de9ed55947761d56d4c6142a3cb1a1fe69d0b1a6d0e01a2e404c697962623,dfine_sahi,12200.0,keyboard,0.3822,910.14,412.27,1091.85,506.27,17080.1,181.7,94.0,1.933,False,,True,R-desk,7,evt_S-61_desk_work_surface_0001,590143951782a0e5,lap_bag_context,no_pose_observation,34560.0,1.33,,1,cam12/e1/v1,
p5,03.CCTV Mobile Usage.mkv,632de9ed55947761d56d4c6142a3cb1a1fe69d0b1a6d0e01a2e404c697962623,dfine_sahi,12200.0,monitor_or_bezel,0.3708,1019.35,395.54,1145.38,447.63,6564.5,126.03,52.09,2.42,False,,True,R-desk,7,evt_S-61_desk_work_surface_0001,590143951782a0e5,lap_bag_context,no_pose_observation,34560.0,1.33,,1,cam12/e1/v1,
p5,03.CCTV Mobile Usage.mkv,632de9ed55947761d56d4c6142a3cb1a1fe69d0b1a6d0e01a2e404c697962623,dfine_sahi,12200.0,monitor_or_bezel,0.3169,735.83,395.53,1142.96,491.11,38914.7,407.13,95.58,4.259,False,,True,R-desk,7,evt_S-61_desk_work_surface_0001,590143951782a0e5,lap_bag_context,no_pose_observation,34560.0,1.33,,1,cam12/e1/v1,
p5,03.CCTV Mobile Usage.mkv,632de9ed55947761d56d4c6142a3cb1a1fe69d0b1a6d0e01a2e404c697962623,dfine_sahi,12200.0,keyboard,0.3138,965.0,393.39,1115.98,475.05,12329.1,150.98,81.66,1.849,False,,True,R-desk,7,evt_S-61_desk_work_surface_0001,590143951782a0e5,lap_bag_context,no_pose_observation,34560.0,1.33,,1,cam12/e1/v1,
p5,03.CCTV Mobile Usage.mkv,632de9ed55947761d56d4c6142a3cb1a1fe69d0b1a6d0e01a2e404c697962623,dfine_sahi,12200.0,unknown_object,0.2949,700.09,380.34,834.48,475.76,12823.9,134.39,95.42,1.408,False,,True,R-desk,7,evt_S-61_desk_work_surface_0001,590143951782a0e5,lap_bag_context,no_pose_observation,34560.0,1.33,,1,cam12/e1/v1,
p5,03.CCTV Mobile Usage.mkv,632de9ed55947761d56d4c6142a3cb1a1fe69d0b1a6d0e01a2e404c697962623,dfine_sahi,12200.0,unknown_object,0.259,882.1,411.12,932.92,452.68,2112.5,50.82,41.57,1.223,False,,True,R-desk,7,evt_S-61_desk_work_surface_0001,590143951782a0e5,lap_bag_context,no_pose_observation,34560.0,1.33,,1,cam12/e1/v1,
p5,03.CCTV Mobile Usage.mkv,632de9ed55947761d56d4c6142a3cb1a1fe69d0b1a6d0e01a2e404c697962623,dfine_sahi,12200.0,mouse,0.2566,966.92,398.36,992.04,410.52,305.6,25.12,12.16,2.065,False,,True,R-desk,7,evt_S-61_desk_work_surface_0001,590143951782a0e5,lap_bag_context,no_pose_observation,34560.0,1.33,,1,cam12/e1/v1,
p5,03.CCTV Mobile Usage.mkv,632de9ed55947761d56d4c6142a3cb1a1fe69d0b1a6d0e01a2e404c697962623,dfine_sahi,12200.0,keyboard,0.2546,882.29,380.26,968.33,452.78,6239.6,86.03,72.52,1.186,False,,True,R-desk,7,evt_S-61_desk_work_surface_0001,590143951782a0e5,lap_bag_context,no_pose_observation,34560.0,1.33,,1,cam12/e1/v1,
p5,03.CCTV Mobile Usage.mkv,632de9ed55947761d56d4c6142a3cb1a1fe69d0b1a6d0e01a2e404c697962623,dfine_sahi,12200.0,unknown_object,0.7803,89.04,388.39,184.92,483.39,9108.1,95.87,95.0,1.009,False,,True,S-61,1,evt_S-61_desk_work_surface_0001,d9e493aa82dc7fae,pose_hand_context,,26179.2,3.96,,1,cam12/e1/v1,rtmpose_baseline
p5,03.CCTV Mobile Usage.mkv,632de9ed55947761d56d4c6142a3cb1a1fe69d0b1a6d0e01a2e404c697962623,dfine_sahi,12200.0,unknown_object,0.5713,45.78,509.25,84.88,553.8,1741.8,39.1,44.55,0.878,False,,True,S-61,1,evt_S-61_desk_work_surface_0001,d9e493aa82dc7fae,pose_hand_context,,26179.2,3.96,,1,cam12/e1/v1,rtmpose_baseline
p5,03.CCTV Mobile Usage.mkv,632de9ed55947761d56d4c6142a3cb1a1fe69d0b1a6d0e01a2e404c697962623,dfine_sahi,12200.0,stationery,0.5307,100.25,476.49,162.05,529.52,3277.1,61.79,53.03,1.165,False,,True,S-61,1,evt_S-61_desk_work_surface_0001,d9e493aa82dc7fae,pose_hand_context,,26179.2,3.96,,1,cam12/e1/v1,rtmpose_baseline
p5,03.CCTV Mobile Usage.mkv,632de9ed55947761d56d4c6142a3cb1a1fe69d0b1a6d0e01a2e404c697962623,dfine_sahi,12200.0,unknown_object,0.5213,18.05,388.21,113.93,483.54,9139.9,95.88,95.33,1.006,False,,True,S-61,1,evt_S-61_desk_work_surface_0001,d9e493aa82dc7fae,pose_hand_context,,26179.2,3.96,,1,cam12/e1/v1,rtmpose_baseline
p5,03.CCTV Mobile Usage.mkv,632de9ed55947761d56d4c6142a3cb1a1fe69d0b1a6d0e01a2e404c697962623,dfine_sahi,12200.0,stationery,0.4999,43.06,443.69,72.49,471.52,819.0,29.43,27.83,1.057,False,,True,S-61,1,evt_S-61_desk_work_surface_0001,d9e493aa82dc7fae,pose_hand_context,,26179.2,3.96,,1,cam12/e1/v1,rtmpose_baseline
p5,03.CCTV Mobile Usage.mkv,632de9ed55947761d56d4c6142a3cb1a1fe69d0b1a6d0e01a2e404c697962623,dfine_sahi,12200.0,stationery,0.494,20.99,492.72,182.84,552.42,9663.6,161.86,59.71,2.711,False,,True,S-61,1,evt_S-61_desk_work_surface_0001,d9e493aa82dc7fae,pose_hand_context,,26179.2,3.96,,1,cam12/e1/v1,rtmpose_baseline
p5,03.CCTV Mobile Usage.mkv,632de9ed55947761d56d4c6142a3cb1a1fe69d0b1a6d0e01a2e404c697962623,dfine_sahi,12200.0,stationery,0.4578,21.12,443.03,79.45,497.59,3182.4,58.33,54.56,1.069,False,,True,S-61,1,evt_S-61_desk_work_surface_0001,d9e493aa82dc7fae,pose_hand_context,,26179.2,3.96,,1,cam12/e1/v1,rtmpose_baseline
p5,03.CCTV Mobile Usage.mkv,632de9ed55947761d56d4c6142a3cb1a1fe69d0b1a6d0e01a2e404c697962623,dfine_sahi,12200.0,unknown_object,0.4296,88.96,459.34,184.94,554.55,9138.1,95.98,95.21,1.008,False,,True,S-61,1,evt_S-61_desk_work_surface_0001,d9e493aa82dc7fae,pose_hand_context,,26179.2,3.96,,1,cam12/e1/v1,rtmpose_baseline
p5,03.CCTV Mobile Usage.mkv,632de9ed55947761d56d4c6142a3cb1a1fe69d0b1a6d0e01a2e404c697962623,dfine_sahi,12200.0,stationery,0.3943,79.78,404.77,151.78,496.14,6578.9,72.0,91.37,0.788,False,,True,S-61,1,evt_S-61_desk_work_surface_0001,d9e493aa82dc7fae,pose_hand_context,,26179.2,3.96,,1,cam12/e1/v1,rtmpose_baseline
p5,03.CCTV Mobile Usage.mkv,632de9ed55947761d56d4c6142a3cb1a1fe69d0b1a6d0e01a2e404c697962623,dfine_sahi,12200.0,unknown_object,0.3504,89.08,459.06,161.02,498.61,2845.8,71.95,39.55,1.819,False,,True,S-61,1,evt_S-61_desk_work_surface_0001,d9e493aa82dc7fae,pose_hand_context,,26179.2,3.96,,1,cam12/e1/v1,rtmpose_baseline
p5,03.CCTV Mobile Usage.mkv,632de9ed55947761d56d4c6142a3cb1a1fe69d0b1a6d0e01a2e404c697962623,dfine_sahi,12200.0,stationery,0.3254,128.89,446.03,160.88,491.38,1450.6,31.99,45.35,0.705,False,,True,S-61,1,evt_S-61_desk_work_surface_0001,d9e493aa82dc7fae,pose_hand_context,,26179.2,3.96,,1,cam12/e1/v1,rtmpose_baseline
p5,03.CCTV Mobile Usage.mkv,632de9ed55947761d56d4c6142a3cb1a1fe69d0b1a6d0e01a2e404c697962623,dfine_sahi,12200.0,unknown_object,0.3165,18.02,459.16,113.94,554.68,9162.5,95.92,95.52,1.004,False,,True,S-61,1,evt_S-61_desk_work_surface_0001,d9e493aa82dc7fae,pose_hand_context,,26179.2,3.96,,1,cam12/e1/v1,rtmpose_baseline
p5,03.CCTV Mobile Usage.mkv,632de9ed55947761d56d4c6142a3cb1a1fe69d0b1a6d0e01a2e404c697962623,dfine_sahi,12200.0,unknown_object,0.3013,89.05,527.04,184.97,554.84,2666.6,95.92,27.8,3.451,False,,True,S-61,1,evt_S-61_desk_work_surface_0001,d9e493aa82dc7fae,pose_hand_context,,26179.2,3.96,,1,cam12/e1/v1,rtmpose_baseline
p5,03.CCTV Mobile Usage.mkv,632de9ed55947761d56d4c6142a3cb1a1fe69d0b1a6d0e01a2e404c697962623,dfine_sahi,12200.0,unknown_object,0.2999,18.16,459.09,113.84,499.0,3818.3,95.68,39.91,2.398,False,,True,S-61,1,evt_S-61_desk_work_surface_0001,d9e493aa82dc7fae,pose_hand_context,,26179.2,3.96,,1,cam12/e1/v1,rtmpose_baseline
p5,03.CCTV Mobile Usage.mkv,632de9ed55947761d56d4c6142a3cb1a1fe69d0b1a6d0e01a2e404c697962623,dfine_sahi,12200.0,unknown_object,0.2685,42.87,442.89,73.0,471.0,847.0,30.13,28.11,1.072,False,,True,S-61,1,evt_S-61_desk_work_surface_0001,d9e493aa82dc7fae,pose_hand_context,,26179.2,3.96,,1,cam12/e1/v1,rtmpose_baseline
p5,03.CCTV Mobile Usage.mkv,632de9ed55947761d56d4c6142a3cb1a1fe69d0b1a6d0e01a2e404c697962623,dfine_sahi,12200.0,unknown_object,0.2607,70.99,425.64,114.0,483.61,2493.1,43.01,57.97,0.742,False,,True,S-61,1,evt_S-61_desk_work_surface_0001,d9e493aa82dc7fae,pose_hand_context,,26179.2,3.96,,1,cam12/e1/v1,rtmpose_baseline
p5,03.CCTV Mobile Usage.mkv,632de9ed55947761d56d4c6142a3cb1a1fe69d0b1a6d0e01a2e404c697962623,dfine_sahi,12200.0,unknown_object,0.2547,108.6,446.14,162.15,483.77,2015.3,53.56,37.63,1.423,False,,True,S-61,1,evt_S-61_desk_work_surface_0001,d9e493aa82dc7fae,pose_hand_context,,26179.2,3.96,,1,cam12/e1/v1,rtmpose_baseline
p5,03.CCTV Mobile Usage.mkv,632de9ed55947761d56d4c6142a3cb1a1fe69d0b1a6d0e01a2e404c697962623,dfine_sahi,12200.0,bag,0.4795,211.32,222.57,246.92,308.53,3060.5,35.6,85.96,0.414,False,,True,S-61,2,evt_S-61_desk_work_surface_0001,f9214926523ed6ae,pose_hand_context,,32623.6,3.54,,1,cam12/e1/v1,rtmpose_baseline
p5,03.CCTV Mobile Usage.mkv,632de9ed55947761d56d4c6142a3cb1a1fe69d0b1a6d0e01a2e404c697962623,dfine_sahi,12200.0,unknown_object,0.4394,160.09,289.34,261.77,390.34,10268.6,101.67,101.0,1.007,False,,True,S-61,2,evt_S-61_desk_work_surface_0001,f9214926523ed6ae,pose_hand_context,,32623.6,3.54,,1,cam12/e1/v1,rtmpose_baseline
p5,03.CCTV Mobile Usage.mkv,632de9ed55947761d56d4c6142a3cb1a1fe69d0b1a6d0e01a2e404c697962623,dfine_sahi,12200.0,unknown_object,0.3969,203.81,293.53,340.8,389.77,13183.5,136.99,96.24,1.423,False,,True,S-61,2,evt_S-61_desk_work_surface_0001,f9214926523ed6ae,pose_hand_context,,32623.6,3.54,,1,cam12/e1/v1,rtmpose_baseline
p5,03.CCTV Mobile Usage.mkv,632de9ed55947761d56d4c6142a3cb1a1fe69d0b1a6d0e01a2e404c697962623,dfine_sahi,12200.0,unknown_object,0.3076,211.31,222.8,235.93,307.42,2083.8,24.63,84.62,0.291,False,,True,S-61,2,evt_S-61_desk_work_surface_0001,f9214926523ed6ae,pose_hand_context,,32623.6,3.54,,1,cam12/e1/v1,rtmpose_baseline
p5,03.CCTV Mobile Usage.mkv,632de9ed55947761d56d4c6142a3cb1a1fe69d0b1a6d0e01a2e404c697962623,dfine_sahi,12200.0,unknown_object,0.2988,239.0,296.45,257.4,350.96,1002.7,18.4,54.51,0.338,False,,True,S-61,2,evt_S-61_desk_work_surface_0001,f9214926523ed6ae,pose_hand_context,,32623.6,3.54,,1,cam12/e1/v1,rtmpose_baseline
p5,03.CCTV Mobile Usage.mkv,632de9ed55947761d56d4c6142a3cb1a1fe69d0b1a6d0e01a2e404c697962623,dfine_sahi,12200.0,unknown_object,0.28,204.51,295.28,258.2,354.02,3153.2,53.69,58.73,0.914,False,,True,S-61,2,evt_S-61_desk_work_surface_0001,f9214926523ed6ae,pose_hand_context,,32623.6,3.54,,1,cam12/e1/v1,rtmpose_baseline
p5,03.CCTV Mobile Usage.mkv,632de9ed55947761d56d4c6142a3cb1a1fe69d0b1a6d0e01a2e404c697962623,dfine_sahi,12700.0,unknown_object,0.6258,208.22,282.17,254.8,347.59,3047.4,46.58,65.43,0.712,False,,True,S-61,2,evt_S-61_desk_work_surface_0001,1f3041ccf4ecfadb,pose_hand_context,,34165.8,3.46,,1,cam12/e1/v1,rtmpose_baseline
p5,03.CCTV Mobile Usage.mkv,632de9ed55947761d56d4c6142a3cb1a1fe69d0b1a6d0e01a2e404c697962623,dfine_sahi,12700.0,unknown_object,0.4182,232.03,282.05,335.92,346.9,6737.7,103.89,64.85,1.602,False,,True,S-61,2,evt_S-61_desk_work_surface_0001,1f3041ccf4ecfadb,pose_hand_context,,34165.8,3.46,,1,cam12/e1/v1,rtmpose_baseline
p5,03.CCTV Mobile Usage.mkv,632de9ed55947761d56d4c6142a3cb1a1fe69d0b1a6d0e01a2e404c697962623,dfine_sahi,12700.0,unknown_object,0.4033,179.18,282.25,254.91,385.2,7795.8,75.73,102.94,0.736,False,,True,S-61,2,evt_S-61_desk_work_surface_0001,1f3041ccf4ecfadb,pose_hand_context,,34165.8,3.46,,1,cam12/e1/v1,rtmpose_baseline
p5,03.CCTV Mobile Usage.mkv,632de9ed55947761d56d4c6142a3cb1a1fe69d0b1a6d0e01a2e404c697962623,dfine_sahi,12700.0,unknown_object,0.3581,232.0,282.15,269.37,345.04,2350.1,37.37,62.88,0.594,False,,True,S-61,2,evt_S-61_desk_work_surface_0001,1f3041ccf4ecfadb,pose_hand_context,,34165.8,3.46,,1,cam12/e1/v1,rtmpose_baseline
p5,03.CCTV Mobile Usage.mkv,632de9ed55947761d56d4c6142a3cb1a1fe69d0b1a6d0e01a2e404c697962623,dfine_sahi,12700.0,stationery,0.3238,204.07,224.11,234.9,299.29,2317.4,30.82,75.18,0.41,False,,True,S-61,2,evt_S-61_desk_work_surface_0001,1f3041ccf4ecfadb,pose_hand_context,,34165.8,3.46,,1,cam12/e1/v1,rtmpose_baseline
p5,03.CCTV Mobile Usage.mkv,632de9ed55947761d56d4c6142a3cb1a1fe69d0b1a6d0e01a2e404c697962623,dfine_sahi,12700.0,unknown_object,0.312,180.49,293.84,335.84,384.62,14102.7,155.35,90.78,1.711,False,,True,S-61,2,evt_S-61_desk_work_surface_0001,1f3041ccf4ecfadb,pose_hand_context,,34165.8,3.46,,1,cam12/e1/v1,rtmpose_baseline
p5,03.CCTV Mobile Usage.mkv,632de9ed55947761d56d4c6142a3cb1a1fe69d0b1a6d0e01a2e404c697962623,dfine_sahi,12700.0,unknown_object,0.296,232.09,225.53,251.91,302.99,1535.1,19.82,77.46,0.256,False,,True,S-61,2,evt_S-61_desk_work_surface_0001,1f3041ccf4ecfadb,pose_hand_context,,34165.8,3.46,,1,cam12/e1/v1,rtmpose_baseline
p5,03.CCTV Mobile Usage.mkv,632de9ed55947761d56d4c6142a3cb1a1fe69d0b1a6d0e01a2e404c697962623,dfine_sahi,12700.0,unknown_object,0.2821,232.0,202.2,274.95,302.87,4324.2,42.95,100.67,0.427,False,,True,S-61,2,evt_S-61_desk_work_surface_0001,1f3041ccf4ecfadb,pose_hand_context,,34165.8,3.46,,1,cam12/e1/v1,rtmpose_baseline
p5,03.CCTV Mobile Usage.mkv,632de9ed55947761d56d4c6142a3cb1a1fe69d0b1a6d0e01a2e404c697962623,dfine_sahi,12700.0,unknown_object,0.693,44.6,506.5,85.59,554.91,1984.3,40.99,48.41,0.847,False,,True,S-61,1,evt_S-61_desk_work_surface_0001,4da4af0040eee7f8,pose_hand_context,,26771.5,3.91,,1,cam12/e1/v1,rtmpose_baseline
p5,03.CCTV Mobile Usage.mkv,632de9ed55947761d56d4c6142a3cb1a1fe69d0b1a6d0e01a2e404c697962623,dfine_sahi,12700.0,stationery,0.6678,16.94,415.09,101.63,498.59,7071.1,84.68,83.5,1.014,False,,True,S-61,1,evt_S-61_desk_work_surface_0001,4da4af0040eee7f8,pose_hand_context,,26771.5,3.91,,1,cam12/e1/v1,rtmpose_baseline
p5,03.CCTV Mobile Usage.mkv,632de9ed55947761d56d4c6142a3cb1a1fe69d0b1a6d0e01a2e404c697962623,dfine_sahi,12700.0,unknown_object,0.573,15.0,390.2,110.87,485.48,9133.7,95.87,95.28,1.006,False,,True,S-61,1,evt_S-61_desk_work_surface_0001,4da4af0040eee7f8,pose_hand_context,,26771.5,3.91,,1,cam12/e1/v1,rtmpose_baseline
p5,03.CCTV Mobile Usage.mkv,632de9ed55947761d56d4c6142a3cb1a1fe69d0b1a6d0e01a2e404c697962623,dfine_sahi,12700.0,unknown_object,0.4848,86.04,390.49,181.69,485.39,9077.6,95.65,94.91,1.008,False,,True,S-61,1,evt_S-61_desk_work_surface_0001,4da4af0040eee7f8,pose_hand_context,,26771.5,3.91,,1,cam12/e1/v1,rtmpose_baseline
p5,03.CCTV Mobile Usage.mkv,632de9ed55947761d56d4c6142a3cb1a1fe69d0b1a6d0e01a2e404c697962623,dfine_sahi,12700.0,stationery,0.4537,43.03,443.84,71.91,471.22,790.8,28.88,27.38,1.055,False,,True,S-61,1,evt_S-61_desk_work_surface_0001,4da4af0040eee7f8,pose_hand_context,,26771.5,3.91,,1,cam12/e1/v1,rtmpose_baseline
p5,03.CCTV Mobile Usage.mkv,632de9ed55947761d56d4c6142a3cb1a1fe69d0b1a6d0e01a2e404c697962623,dfine_sahi,12700.0,unknown_object,0.4373,86.05,462.07,158.68,498.66,2657.5,72.63,36.59,1.985,False,,True,S-61,1,evt_S-61_desk_work_surface_0001,4da4af0040eee7f8,pose_hand_context,,26771.5,3.91,,1,cam12/e1/v1,rtmpose_baseline
p5,03.CCTV Mobile Usage.mkv,632de9ed55947761d56d4c6142a3cb1a1fe69d0b1a6d0e01a2e404c697962623,dfine_sahi,12700.0,stationery,0.4137,100.29,478.46,160.44,531.68,3201.6,60.15,53.23,1.13,False,,True,S-61,1,evt_S-61_desk_work_surface_0001,4da4af0040eee7f8,pose_hand_context,,26771.5,3.91,,1,cam12/e1/v1,rtmpose_baseline
p5,03.CCTV Mobile Usage.mkv,632de9ed55947761d56d4c6142a3cb1a1fe69d0b1a6d0e01a2e404c697962623,dfine_sahi,12700.0,stationery,0.3928,17.08,478.77,179.78,555.65,12507.6,162.7,76.88,2.116,False,,True,S-61,1,evt_S-61_desk_work_surface_0001,4da4af0040eee7f8,pose_hand_context,,26771.5,3.91,,1,cam12/e1/v1,rtmpose_baseline
p5,03.CCTV Mobile Usage.mkv,632de9ed55947761d56d4c6142a3cb1a1fe69d0b1a6d0e01a2e404c697962623,dfine_sahi,12700.0,stationery,0.3759,83.39,418.29,149.81,496.41,5188.5,66.42,78.12,0.85,False,,True,S-61,1,evt_S-61_desk_work_surface_0001,4da4af0040eee7f8,pose_hand_context,,26771.5,3.91,,1,cam12/e1/v1,rtmpose_baseline
p5,03.CCTV Mobile Usage.mkv,632de9ed55947761d56d4c6142a3cb1a1fe69d0b1a6d0e01a2e404c697962623,dfine_sahi,12700.0,unknown_object,0.3453,15.1,462.18,110.99,557.22,9113.6,95.89,95.04,1.009,False,,True,S-61,1,evt_S-61_desk_work_surface_0001,4da4af0040eee7f8,pose_hand_context,,26771.5,3.91,,1,cam12/e1/v1,rtmpose_baseline
p5,03.CCTV Mobile Usage.mkv,632de9ed55947761d56d4c6142a3cb1a1fe69d0b1a6d0e01a2e404c697962623,dfine_sahi,12700.0,unknown_object,0.3365,85.99,462.21,181.95,557.61,9154.5,95.96,95.4,1.006,False,,True,S-61,1,evt_S-61_desk_work_surface_0001,4da4af0040eee7f8,pose_hand_context,,26771.5,3.91,,1,cam12/e1/v1,rtmpose_baseline
p5,03.CCTV Mobile Usage.mkv,632de9ed55947761d56d4c6142a3cb1a1fe69d0b1a6d0e01a2e404c697962623,dfine_sahi,12700.0,unknown_object,0.3187,16.81,392.13,180.06,555.34,26644.7,163.25,163.21,1.0,False,,True,S-61,1,evt_S-61_desk_work_surface_0001,4da4af0040eee7f8,pose_hand_context,,26771.5,3.91,,1,cam12/e1/v1,rtmpose_baseline
p5,03.CCTV Mobile Usage.mkv,632de9ed55947761d56d4c6142a3cb1a1fe69d0b1a6d0e01a2e404c697962623,dfine_sahi,12700.0,unknown_object,0.3066,15.18,462.04,110.87,500.4,3670.7,95.69,38.36,2.494,False,,True,S-61,1,evt_S-61_desk_work_surface_0001,4da4af0040eee7f8,pose_hand_context,,26771.5,3.91,,1,cam12/e1/v1,rtmpose_baseline
p5,03.CCTV Mobile Usage.mkv,632de9ed55947761d56d4c6142a3cb1a1fe69d0b1a6d0e01a2e404c697962623,dfine_sahi,12700.0,unknown_object,0.2972,42.81,443.28,72.54,470.88,820.3,29.73,27.59,1.077,False,,True,S-61,1,evt_S-61_desk_work_surface_0001,4da4af0040eee7f8,pose_hand_context,,26771.5,3.91,,1,cam12/e1/v1,rtmpose_baseline
p5,03.CCTV Mobile Usage.mkv,632de9ed55947761d56d4c6142a3cb1a1fe69d0b1a6d0e01a2e404c697962623,dfine_sahi,12700.0,unknown_object,0.2901,100.15,445.78,159.03,485.67,2349.3,58.89,39.89,1.476,False,,True,S-61,1,evt_S-61_desk_work_surface_0001,4da4af0040eee7f8,pose_hand_context,,26771.5,3.91,,1,cam12/e1/v1,rtmpose_baseline
p5,03.CCTV Mobile Usage.mkv,632de9ed55947761d56d4c6142a3cb1a1fe69d0b1a6d0e01a2e404c697962623,dfine_sahi,12700.0,unknown_object,0.2805,145.05,431.21,181.9,485.47,1998.9,36.85,54.25,0.679,False,,True,S-61,1,evt_S-61_desk_work_surface_0001,4da4af0040eee7f8,pose_hand_context,,26771.5,3.91,,1,cam12/e1/v1,rtmpose_baseline
p5,03.CCTV Mobile Usage.mkv,632de9ed55947761d56d4c6142a3cb1a1fe69d0b1a6d0e01a2e404c697962623,dfine_sahi,12700.0,unknown_object,0.2733,87.04,417.43,147.03,485.06,4057.1,59.98,67.64,0.887,False,,True,S-61,1,evt_S-61_desk_work_surface_0001,4da4af0040eee7f8,pose_hand_context,,26771.5,3.91,,1,cam12/e1/v1,rtmpose_baseline
p5,03.CCTV Mobile Usage.mkv,632de9ed55947761d56d4c6142a3cb1a1fe69d0b1a6d0e01a2e404c697962623,dfine_sahi,12700.0,stationery,0.2584,43.55,506.11,90.56,554.91,2293.7,47.0,48.8,0.963,False,,True,S-61,1,evt_S-61_desk_work_surface_0001,4da4af0040eee7f8,pose_hand_context,,26771.5,3.91,,1,cam12/e1/v1,rtmpose_baseline
p5,03.CCTV Mobile Usage.mkv,632de9ed55947761d56d4c6142a3cb1a1fe69d0b1a6d0e01a2e404c697962623,dfine_sahi,12700.0,stationery,0.2505,127.81,445.39,158.05,490.1,1352.2,30.24,44.71,0.676,False,,True,S-61,1,evt_S-61_desk_work_surface_0001,4da4af0040eee7f8,pose_hand_context,,26771.5,3.91,,1,cam12/e1/v1,rtmpose_baseline
p5,03.CCTV Mobile Usage.mkv,632de9ed55947761d56d4c6142a3cb1a1fe69d0b1a6d0e01a2e404c697962623,dfine_sahi,12700.0,keyboard,0.894,962.1,451.9,1067.92,491.45,4185.1,105.83,39.55,2.676,False,,True,R-desk,5,evt_S-61_desk_work_surface_0001,968235d01208b21f,lap_bag_context,no_pose_observation,34560.0,1.33,,1,cam12/e1/v1,
p5,03.CCTV Mobile Usage.mkv,632de9ed55947761d56d4c6142a3cb1a1fe69d0b1a6d0e01a2e404c697962623,dfine_sahi,12700.0,monitor_or_bezel,0.7704,910.05,411.11,1140.77,506.4,21985.2,230.72,95.29,2.421,False,,True,R-desk,5,evt_S-61_desk_work_surface_0001,968235d01208b21f,lap_bag_context,no_pose_observation,34560.0,1.33,,1,cam12/e1/v1,
p5,03.CCTV Mobile Usage.mkv,632de9ed55947761d56d4c6142a3cb1a1fe69d0b1a6d0e01a2e404c697962623,dfine_sahi,12700.0,monitor_or_bezel,0.7415,963.79,380.39,1152.82,475.21,17925.6,189.04,94.83,1.994,False,,True,R-desk,5,evt_S-61_desk_work_surface_0001,968235d01208b21f,lap_bag_context,no_pose_observation,34560.0,1.33,,1,cam12/e1/v1,
p5,03.CCTV Mobile Usage.mkv,632de9ed55947761d56d4c6142a3cb1a1fe69d0b1a6d0e01a2e404c697962623,dfine_sahi,12700.0,monitor_or_bezel,0.7017,707.0,379.91,969.69,474.94,24964.2,262.7,95.03,2.764,False,,True,R-desk,5,evt_S-61_desk_work_surface_0001,968235d01208b21f,lap_bag_context,no_pose_observation,34560.0,1.33,,1,cam12/e1/v1,
p5,03.CCTV Mobile Usage.mkv,632de9ed55947761d56d4c6142a3cb1a1fe69d0b1a6d0e01a2e404c697962623,dfine_sahi,12700.0,keyboard,0.6368,772.62,380.23,871.14,420.4,3956.9,98.52,40.16,2.453,False,,True,R-desk,5,evt_S-61_desk_work_surface_0001,968235d01208b21f,lap_bag_context,no_pose_observation,34560.0,1.33,,1,cam12/e1/v1,
p5,03.CCTV Mobile Usage.mkv,632de9ed55947761d56d4c6142a3cb1a1fe69d0b1a6d0e01a2e404c697962623,dfine_sahi,12700.0,keyboard,0.626,962.63,452.36,1035.08,475.63,1686.1,72.45,23.27,3.113,False,,True,R-desk,5,evt_S-61_desk_work_surface_0001,968235d01208b21f,lap_bag_context,no_pose_observation,34560.0,1.33,,1,cam12/e1/v1,
p5,03.CCTV Mobile Usage.mkv,632de9ed55947761d56d4c6142a3cb1a1fe69d0b1a6d0e01a2e404c697962623,dfine_sahi,12700.0,unknown_object,0.6223,699.91,396.23,849.49,492.42,14387.6,149.57,96.19,1.555,False,,True,R-desk,5,evt_S-61_desk_work_surface_0001,968235d01208b21f,lap_bag_context,no_pose_observation,34560.0,1.33,,1,cam12/e1/v1,
p5,03.CCTV Mobile Usage.mkv,632de9ed55947761d56d4c6142a3cb1a1fe69d0b1a6d0e01a2e404c697962623,dfine_sahi,12700.0,mouse,0.5609,865.43,413.69,891.29,435.25,557.7,25.86,21.56,1.2,False,,True,R-desk,5,evt_S-61_desk_work_surface_0001,968235d01208b21f,lap_bag_context,no_pose_observation,34560.0,1.33,,1,cam12/e1/v1,
p5,03.CCTV Mobile Usage.mkv,632de9ed55947761d56d4c6142a3cb1a1fe69d0b1a6d0e01a2e404c697962623,dfine_sahi,12700.0,unknown_object,0.5153,769.06,411.0,969.84,505.95,19064.3,200.79,94.95,2.115,False,,True,R-desk,5,evt_S-61_desk_work_surface_0001,968235d01208b21f,lap_bag_context,no_pose_observation,34560.0,1.33,,1,cam12/e1/v1,
p5,03.CCTV Mobile Usage.mkv,632de9ed55947761d56d4c6142a3cb1a1fe69d0b1a6d0e01a2e404c697962623,dfine_sahi,12700.0,phone,0.4329,1043.38,421.52,1113.16,473.57,3632.0,69.78,52.05,1.341,False,,True,R-desk,5,evt_S-61_desk_work_surface_0001,968235d01208b21f,lap_bag_context,no_pose_observation,34560.0,1.33,,1,cam12/e1/v1,
p5,03.CCTV Mobile Usage.mkv,632de9ed55947761d56d4c6142a3cb1a1fe69d0b1a6d0e01a2e404c697962623,dfine_sahi,12700.0,keyboard,0.4237,802.46,396.22,870.9,420.71,1675.7,68.44,24.48,2.795,False,,True,R-desk,5,evt_S-61_desk_work_surface_0001,968235d01208b21f,lap_bag_context,no_pose_observation,34560.0,1.33,,1,cam12/e1/v1,
p5,03.CCTV Mobile Usage.mkv,632de9ed55947761d56d4c6142a3cb1a1fe69d0b1a6d0e01a2e404c697962623,dfine_sahi,12700.0,unknown_object,0.4019,699.97,396.22,757.52,491.04,5456.4,57.55,94.82,0.607,False,,True,R-desk,5,evt_S-61_desk_work_surface_0001,968235d01208b21f,lap_bag_context,no_pose_observation,34560.0,1.33,,1,cam12/e1/v1,
p5,03.CCTV Mobile Usage.mkv,632de9ed55947761d56d4c6142a3cb1a1fe69d0b1a6d0e01a2e404c697962623,dfine_sahi,12700.0,monitor_or_bezel,0.3892,1019.66,395.52,1145.06,446.55,6399.4,125.4,51.03,2.457,False,,True,R-desk,5,evt_S-61_desk_work_surface_0001,968235d01208b21f,lap_bag_context,no_pose_observation,34560.0,1.33,,1,cam12/e1/v1,
p5,03.CCTV Mobile Usage.mkv,632de9ed55947761d56d4c6142a3cb1a1fe69d0b1a6d0e01a2e404c697962623,dfine_sahi,12700.0,keyboard,0.3418,910.14,412.13,1092.2,506.31,17145.9,182.06,94.18,1.933,False,,True,R-desk,5,evt_S-61_desk_work_surface_0001,968235d01208b21f,lap_bag_context,no_pose_observation,34560.0,1.33,,1,cam12/e1/v1,
p5,03.CCTV Mobile Usage.mkv,632de9ed55947761d56d4c6142a3cb1a1fe69d0b1a6d0e01a2e404c697962623,dfine_sahi,12700.0,unknown_object,0.3256,882.06,411.12,932.43,452.77,2097.6,50.37,41.64,1.209,False,,True,R-desk,5,evt_S-61_desk_work_surface_0001,968235d01208b21f,lap_bag_context,no_pose_observation,34560.0,1.33,,1,cam12/e1/v1,
p5,03.CCTV Mobile Usage.mkv,632de9ed55947761d56d4c6142a3cb1a1fe69d0b1a6d0e01a2e404c697962623,dfine_sahi,12700.0,keyboard,0.3233,965.98,396.21,1096.59,475.06,10299.0,130.61,78.85,1.656,False,,True,R-desk,5,evt_S-61_desk_work_surface_0001,968235d01208b21f,lap_bag_context,no_pose_observation,34560.0,1.33,,1,cam12/e1/v1,
p5,03.CCTV Mobile Usage.mkv,632de9ed55947761d56d4c6142a3cb1a1fe69d0b1a6d0e01a2e404c697962623,dfine_sahi,12700.0,unknown_object,0.3092,736.55,395.62,1140.16,491.17,38565.1,403.61,95.55,4.224,False,,True,R-desk,5,evt_S-61_desk_work_surface_0001,968235d01208b21f,lap_bag_context,no_pose_observation,34560.0,1.33,,1,cam12/e1/v1,
p5,03.CCTV Mobile Usage.mkv,632de9ed55947761d56d4c6142a3cb1a1fe69d0b1a6d0e01a2e404c697962623,dfine_sahi,12700.0,unknown_object,0.2767,881.3,411.54,969.9,505.58,8331.2,88.6,94.03,0.942,False,,True,R-desk,5,evt_S-61_desk_work_surface_0001,968235d01208b21f,lap_bag_context,no_pose_observation,34560.0,1.33,,1,cam12/e1/v1,
p5,03.CCTV Mobile Usage.mkv,632de9ed55947761d56d4c6142a3cb1a1fe69d0b1a6d0e01a2e404c697962623,dfine_sahi,12700.0,mouse,0.2733,966.85,398.32,992.32,410.44,308.6,25.46,12.12,2.101,False,,True,R-desk,5,evt_S-61_desk_work_surface_0001,968235d01208b21f,lap_bag_context,no_pose_observation,34560.0,1.33,,1,cam12/e1/v1,
p5,03.CCTV Mobile Usage.mkv,632de9ed55947761d56d4c6142a3cb1a1fe69d0b1a6d0e01a2e404c697962623,dfine_sahi,12700.0,keyboard,0.2603,882.33,380.23,968.97,453.05,6309.5,86.65,72.82,1.19,False,,True,R-desk,5,evt_S-61_desk_work_surface_0001,968235d01208b21f,lap_bag_context,no_pose_observation,34560.0,1.33,,1,cam12/e1/v1,
p5,03.CCTV Mobile Usage.mkv,632de9ed55947761d56d4c6142a3cb1a1fe69d0b1a6d0e01a2e404c697962623,dfine_sahi,12700.0,unknown_object,0.2557,910.47,411.12,1177.79,506.5,25496.8,267.32,95.38,2.803,False,,True,R-desk,5,evt_S-61_desk_work_surface_0001,968235d01208b21f,lap_bag_context,no_pose_observation,34560.0,1.33,,1,cam12/e1/v1,
p5,03.CCTV Mobile Usage.mkv,632de9ed55947761d56d4c6142a3cb1a1fe69d0b1a6d0e01a2e404c697962623,dfine_sahi,12700.0,keyboard,0.894,962.1,451.9,1067.92,491.45,4185.1,105.83,39.55,2.676,False,,True,R-desk,6,evt_S-61_desk_work_surface_0001,968235d01208b21f,lap_bag_context,no_pose_observation,34560.0,1.33,,1,cam12/e1/v1,
p5,03.CCTV Mobile Usage.mkv,632de9ed55947761d56d4c6142a3cb1a1fe69d0b1a6d0e01a2e404c697962623,dfine_sahi,12700.0,monitor_or_bezel,0.7704,910.05,411.11,1140.77,506.4,21985.2,230.72,95.29,2.421,False,,True,R-desk,6,evt_S-61_desk_work_surface_0001,968235d01208b21f,lap_bag_context,no_pose_observation,34560.0,1.33,,1,cam12/e1/v1,
p5,03.CCTV Mobile Usage.mkv,632de9ed55947761d56d4c6142a3cb1a1fe69d0b1a6d0e01a2e404c697962623,dfine_sahi,12700.0,monitor_or_bezel,0.7415,963.79,380.39,1152.82,475.21,17925.6,189.04,94.83,1.994,False,,True,R-desk,6,evt_S-61_desk_work_surface_0001,968235d01208b21f,lap_bag_context,no_pose_observation,34560.0,1.33,,1,cam12/e1/v1,
p5,03.CCTV Mobile Usage.mkv,632de9ed55947761d56d4c6142a3cb1a1fe69d0b1a6d0e01a2e404c697962623,dfine_sahi,12700.0,monitor_or_bezel,0.7017,707.0,379.91,969.69,474.94,24964.2,262.7,95.03,2.764,False,,True,R-desk,6,evt_S-61_desk_work_surface_0001,968235d01208b21f,lap_bag_context,no_pose_observation,34560.0,1.33,,1,cam12/e1/v1,
p5,03.CCTV Mobile Usage.mkv,632de9ed55947761d56d4c6142a3cb1a1fe69d0b1a6d0e01a2e404c697962623,dfine_sahi,12700.0,keyboard,0.6368,772.62,380.23,871.14,420.4,3956.9,98.52,40.16,2.453,False,,True,R-desk,6,evt_S-61_desk_work_surface_0001,968235d01208b21f,lap_bag_context,no_pose_observation,34560.0,1.33,,1,cam12/e1/v1,
p5,03.CCTV Mobile Usage.mkv,632de9ed55947761d56d4c6142a3cb1a1fe69d0b1a6d0e01a2e404c697962623,dfine_sahi,12700.0,keyboard,0.626,962.63,452.36,1035.08,475.63,1686.1,72.45,23.27,3.113,False,,True,R-desk,6,evt_S-61_desk_work_surface_0001,968235d01208b21f,lap_bag_context,no_pose_observation,34560.0,1.33,,1,cam12/e1/v1,
p5,03.CCTV Mobile Usage.mkv,632de9ed55947761d56d4c6142a3cb1a1fe69d0b1a6d0e01a2e404c697962623,dfine_sahi,12700.0,unknown_object,0.6223,699.91,396.23,849.49,492.42,14387.6,149.57,96.19,1.555,False,,True,R-desk,6,evt_S-61_desk_work_surface_0001,968235d01208b21f,lap_bag_context,no_pose_observation,34560.0,1.33,,1,cam12/e1/v1,
p5,03.CCTV Mobile Usage.mkv,632de9ed55947761d56d4c6142a3cb1a1fe69d0b1a6d0e01a2e404c697962623,dfine_sahi,12700.0,mouse,0.5609,865.43,413.69,891.29,435.25,557.7,25.86,21.56,1.2,False,,True,R-desk,6,evt_S-61_desk_work_surface_0001,968235d01208b21f,lap_bag_context,no_pose_observation,34560.0,1.33,,1,cam12/e1/v1,
p5,03.CCTV Mobile Usage.mkv,632de9ed55947761d56d4c6142a3cb1a1fe69d0b1a6d0e01a2e404c697962623,dfine_sahi,12700.0,unknown_object,0.5153,769.06,411.0,969.84,505.95,19064.3,200.79,94.95,2.115,False,,True,R-desk,6,evt_S-61_desk_work_surface_0001,968235d01208b21f,lap_bag_context,no_pose_observation,34560.0,1.33,,1,cam12/e1/v1,
p5,03.CCTV Mobile Usage.mkv,632de9ed55947761d56d4c6142a3cb1a1fe69d0b1a6d0e01a2e404c697962623,dfine_sahi,12700.0,phone,0.4329,1043.38,421.52,1113.16,473.57,3632.0,69.78,52.05,1.341,False,,True,R-desk,6,evt_S-61_desk_work_surface_0001,968235d01208b21f,lap_bag_context,no_pose_observation,34560.0,1.33,,1,cam12/e1/v1,
p5,03.CCTV Mobile Usage.mkv,632de9ed55947761d56d4c6142a3cb1a1fe69d0b1a6d0e01a2e404c697962623,dfine_sahi,12700.0,keyboard,0.4237,802.46,396.22,870.9,420.71,1675.7,68.44,24.48,2.795,False,,True,R-desk,6,evt_S-61_desk_work_surface_0001,968235d01208b21f,lap_bag_context,no_pose_observation,34560.0,1.33,,1,cam12/e1/v1,
p5,03.CCTV Mobile Usage.mkv,632de9ed55947761d56d4c6142a3cb1a1fe69d0b1a6d0e01a2e404c697962623,dfine_sahi,12700.0,unknown_object,0.4019,699.97,396.22,757.52,491.04,5456.4,57.55,94.82,0.607,False,,True,R-desk,6,evt_S-61_desk_work_surface_0001,968235d01208b21f,lap_bag_context,no_pose_observation,34560.0,1.33,,1,cam12/e1/v1,
p5,03.CCTV Mobile Usage.mkv,632de9ed55947761d56d4c6142a3cb1a1fe69d0b1a6d0e01a2e404c697962623,dfine_sahi,12700.0,monitor_or_bezel,0.3892,1019.66,395.52,1145.06,446.55,6399.4,125.4,51.03,2.457,False,,True,R-desk,6,evt_S-61_desk_work_surface_0001,968235d01208b21f,lap_bag_context,no_pose_observation,34560.0,1.33,,1,cam12/e1/v1,
p5,03.CCTV Mobile Usage.mkv,632de9ed55947761d56d4c6142a3cb1a1fe69d0b1a6d0e01a2e404c697962623,dfine_sahi,12700.0,keyboard,0.3418,910.14,412.13,1092.2,506.31,17145.9,182.06,94.18,1.933,False,,True,R-desk,6,evt_S-61_desk_work_surface_0001,968235d01208b21f,lap_bag_context,no_pose_observation,34560.0,1.33,,1,cam12/e1/v1,
p5,03.CCTV Mobile Usage.mkv,632de9ed55947761d56d4c6142a3cb1a1fe69d0b1a6d0e01a2e404c697962623,dfine_sahi,12700.0,unknown_object,0.3256,882.06,411.12,932.43,452.77,2097.6,50.37,41.64,1.209,False,,True,R-desk,6,evt_S-61_desk_work_surface_0001,968235d01208b21f,lap_bag_context,no_pose_observation,34560.0,1.33,,1,cam12/e1/v1,
p5,03.CCTV Mobile Usage.mkv,632de9ed55947761d56d4c6142a3cb1a1fe69d0b1a6d0e01a2e404c697962623,dfine_sahi,12700.0,keyboard,0.3233,965.98,396.21,1096.59,475.06,10299.0,130.61,78.85,1.656,False,,True,R-desk,6,evt_S-61_desk_work_surface_0001,968235d01208b21f,lap_bag_context,no_pose_observation,34560.0,1.33,,1,cam12/e1/v1,
p5,03.CCTV Mobile Usage.mkv,632de9ed55947761d56d4c6142a3cb1a1fe69d0b1a6d0e01a2e404c697962623,dfine_sahi,12700.0,unknown_object,0.3092,736.55,395.62,1140.16,491.17,38565.1,403.61,95.55,4.224,False,,True,R-desk,6,evt_S-61_desk_work_surface_0001,968235d01208b21f,lap_bag_context,no_pose_observation,34560.0,1.33,,1,cam12/e1/v1,
p5,03.CCTV Mobile Usage.mkv,632de9ed55947761d56d4c6142a3cb1a1fe69d0b1a6d0e01a2e404c697962623,dfine_sahi,12700.0,unknown_object,0.2767,881.3,411.54,969.9,505.58,8331.2,88.6,94.03,0.942,False,,True,R-desk,6,evt_S-61_desk_work_surface_0001,968235d01208b21f,lap_bag_context,no_pose_observation,34560.0,1.33,,1,cam12/e1/v1,
p5,03.CCTV Mobile Usage.mkv,632de9ed55947761d56d4c6142a3cb1a1fe69d0b1a6d0e01a2e404c697962623,dfine_sahi,12700.0,mouse,0.2733,966.85,398.32,992.32,410.44,308.6,25.46,12.12,2.101,False,,True,R-desk,6,evt_S-61_desk_work_surface_0001,968235d01208b21f,lap_bag_context,no_pose_observation,34560.0,1.33,,1,cam12/e1/v1,
p5,03.CCTV Mobile Usage.mkv,632de9ed55947761d56d4c6142a3cb1a1fe69d0b1a6d0e01a2e404c697962623,dfine_sahi,12700.0,keyboard,0.2603,882.33,380.23,968.97,453.05,6309.5,86.65,72.82,1.19,False,,True,R-desk,6,evt_S-61_desk_work_surface_0001,968235d01208b21f,lap_bag_context,no_pose_observation,34560.0,1.33,,1,cam12/e1/v1,
p5,03.CCTV Mobile Usage.mkv,632de9ed55947761d56d4c6142a3cb1a1fe69d0b1a6d0e01a2e404c697962623,dfine_sahi,12700.0,unknown_object,0.2557,910.47,411.12,1177.79,506.5,25496.8,267.32,95.38,2.803,False,,True,R-desk,6,evt_S-61_desk_work_surface_0001,968235d01208b21f,lap_bag_context,no_pose_observation,34560.0,1.33,,1,cam12/e1/v1,
p5,03.CCTV Mobile Usage.mkv,632de9ed55947761d56d4c6142a3cb1a1fe69d0b1a6d0e01a2e404c697962623,dfine_sahi,12700.0,keyboard,0.894,962.1,451.9,1067.92,491.45,4185.1,105.83,39.55,2.676,False,,True,R-desk,7,evt_S-61_desk_work_surface_0001,968235d01208b21f,lap_bag_context,no_pose_observation,34560.0,1.33,,1,cam12/e1/v1,
p5,03.CCTV Mobile Usage.mkv,632de9ed55947761d56d4c6142a3cb1a1fe69d0b1a6d0e01a2e404c697962623,dfine_sahi,12700.0,monitor_or_bezel,0.7704,910.05,411.11,1140.77,506.4,21985.2,230.72,95.29,2.421,False,,True,R-desk,7,evt_S-61_desk_work_surface_0001,968235d01208b21f,lap_bag_context,no_pose_observation,34560.0,1.33,,1,cam12/e1/v1,
p5,03.CCTV Mobile Usage.mkv,632de9ed55947761d56d4c6142a3cb1a1fe69d0b1a6d0e01a2e404c697962623,dfine_sahi,12700.0,monitor_or_bezel,0.7415,963.79,380.39,1152.82,475.21,17925.6,189.04,94.83,1.994,False,,True,R-desk,7,evt_S-61_desk_work_surface_0001,968235d01208b21f,lap_bag_context,no_pose_observation,34560.0,1.33,,1,cam12/e1/v1,
p5,03.CCTV Mobile Usage.mkv,632de9ed55947761d56d4c6142a3cb1a1fe69d0b1a6d0e01a2e404c697962623,dfine_sahi,12700.0,monitor_or_bezel,0.7017,707.0,379.91,969.69,474.94,24964.2,262.7,95.03,2.764,False,,True,R-desk,7,evt_S-61_desk_work_surface_0001,968235d01208b21f,lap_bag_context,no_pose_observation,34560.0,1.33,,1,cam12/e1/v1,
p5,03.CCTV Mobile Usage.mkv,632de9ed55947761d56d4c6142a3cb1a1fe69d0b1a6d0e01a2e404c697962623,dfine_sahi,12700.0,keyboard,0.6368,772.62,380.23,871.14,420.4,3956.9,98.52,40.16,2.453,False,,True,R-desk,7,evt_S-61_desk_work_surface_0001,968235d01208b21f,lap_bag_context,no_pose_observation,34560.0,1.33,,1,cam12/e1/v1,
p5,03.CCTV Mobile Usage.mkv,632de9ed55947761d56d4c6142a3cb1a1fe69d0b1a6d0e01a2e404c697962623,dfine_sahi,12700.0,keyboard,0.626,962.63,452.36,1035.08,475.63,1686.1,72.45,23.27,3.113,False,,True,R-desk,7,evt_S-61_desk_work_surface_0001,968235d01208b21f,lap_bag_context,no_pose_observation,34560.0,1.33,,1,cam12/e1/v1,
p5,03.CCTV Mobile Usage.mkv,632de9ed55947761d56d4c6142a3cb1a1fe69d0b1a6d0e01a2e404c697962623,dfine_sahi,12700.0,unknown_object,0.6223,699.91,396.23,849.49,492.42,14387.6,149.57,96.19,1.555,False,,True,R-desk,7,evt_S-61_desk_work_surface_0001,968235d01208b21f,lap_bag_context,no_pose_observation,34560.0,1.33,,1,cam12/e1/v1,
p5,03.CCTV Mobile Usage.mkv,632de9ed55947761d56d4c6142a3cb1a1fe69d0b1a6d0e01a2e404c697962623,dfine_sahi,12700.0,mouse,0.5609,865.43,413.69,891.29,435.25,557.7,25.86,21.56,1.2,False,,True,R-desk,7,evt_S-61_desk_work_surface_0001,968235d01208b21f,lap_bag_context,no_pose_observation,34560.0,1.33,,1,cam12/e1/v1,
p5,03.CCTV Mobile Usage.mkv,632de9ed55947761d56d4c6142a3cb1a1fe69d0b1a6d0e01a2e404c697962623,dfine_sahi,12700.0,unknown_object,0.5153,769.06,411.0,969.84,505.95,19064.3,200.79,94.95,2.115,False,,True,R-desk,7,evt_S-61_desk_work_surface_0001,968235d01208b21f,lap_bag_context,no_pose_observation,34560.0,1.33,,1,cam12/e1/v1,
p5,03.CCTV Mobile Usage.mkv,632de9ed55947761d56d4c6142a3cb1a1fe69d0b1a6d0e01a2e404c697962623,dfine_sahi,12700.0,phone,0.4329,1043.38,421.52,1113.16,473.57,3632.0,69.78,52.05,1.341,False,,True,R-desk,7,evt_S-61_desk_work_surface_0001,968235d01208b21f,lap_bag_context,no_pose_observation,34560.0,1.33,,1,cam12/e1/v1,
p5,03.CCTV Mobile Usage.mkv,632de9ed55947761d56d4c6142a3cb1a1fe69d0b1a6d0e01a2e404c697962623,dfine_sahi,12700.0,keyboard,0.4237,802.46,396.22,870.9,420.71,1675.7,68.44,24.48,2.795,False,,True,R-desk,7,evt_S-61_desk_work_surface_0001,968235d01208b21f,lap_bag_context,no_pose_observation,34560.0,1.33,,1,cam12/e1/v1,
p5,03.CCTV Mobile Usage.mkv,632de9ed55947761d56d4c6142a3cb1a1fe69d0b1a6d0e01a2e404c697962623,dfine_sahi,12700.0,unknown_object,0.4019,699.97,396.22,757.52,491.04,5456.4,57.55,94.82,0.607,False,,True,R-desk,7,evt_S-61_desk_work_surface_0001,968235d01208b21f,lap_bag_context,no_pose_observation,34560.0,1.33,,1,cam12/e1/v1,
p5,03.CCTV Mobile Usage.mkv,632de9ed55947761d56d4c6142a3cb1a1fe69d0b1a6d0e01a2e404c697962623,dfine_sahi,12700.0,monitor_or_bezel,0.3892,1019.66,395.52,1145.06,446.55,6399.4,125.4,51.03,2.457,False,,True,R-desk,7,evt_S-61_desk_work_surface_0001,968235d01208b21f,lap_bag_context,no_pose_observation,34560.0,1.33,,1,cam12/e1/v1,
p5,03.CCTV Mobile Usage.mkv,632de9ed55947761d56d4c6142a3cb1a1fe69d0b1a6d0e01a2e404c697962623,dfine_sahi,12700.0,keyboard,0.3418,910.14,412.13,1092.2,506.31,17145.9,182.06,94.18,1.933,False,,True,R-desk,7,evt_S-61_desk_work_surface_0001,968235d01208b21f,lap_bag_context,no_pose_observation,34560.0,1.33,,1,cam12/e1/v1,
p5,03.CCTV Mobile Usage.mkv,632de9ed55947761d56d4c6142a3cb1a1fe69d0b1a6d0e01a2e404c697962623,dfine_sahi,12700.0,unknown_object,0.3256,882.06,411.12,932.43,452.77,2097.6,50.37,41.64,1.209,False,,True,R-desk,7,evt_S-61_desk_work_surface_0001,968235d01208b21f,lap_bag_context,no_pose_observation,34560.0,1.33,,1,cam12/e1/v1,
p5,03.CCTV Mobile Usage.mkv,632de9ed55947761d56d4c6142a3cb1a1fe69d0b1a6d0e01a2e404c697962623,dfine_sahi,12700.0,keyboard,0.3233,965.98,396.21,1096.59,475.06,10299.0,130.61,78.85,1.656,False,,True,R-desk,7,evt_S-61_desk_work_surface_0001,968235d01208b21f,lap_bag_context,no_pose_observation,34560.0,1.33,,1,cam12/e1/v1,
p5,03.CCTV Mobile Usage.mkv,632de9ed55947761d56d4c6142a3cb1a1fe69d0b1a6d0e01a2e404c697962623,dfine_sahi,12700.0,unknown_object,0.3092,736.55,395.62,1140.16,491.17,38565.1,403.61,95.55,4.224,False,,True,R-desk,7,evt_S-61_desk_work_surface_0001,968235d01208b21f,lap_bag_context,no_pose_observation,34560.0,1.33,,1,cam12/e1/v1,
p5,03.CCTV Mobile Usage.mkv,632de9ed55947761d56d4c6142a3cb1a1fe69d0b1a6d0e01a2e404c697962623,dfine_sahi,12700.0,unknown_object,0.2767,881.3,411.54,969.9,505.58,8331.2,88.6,94.03,0.942,False,,True,R-desk,7,evt_S-61_desk_work_surface_0001,968235d01208b21f,lap_bag_context,no_pose_observation,34560.0,1.33,,1,cam12/e1/v1,
p5,03.CCTV Mobile Usage.mkv,632de9ed55947761d56d4c6142a3cb1a1fe69d0b1a6d0e01a2e404c697962623,dfine_sahi,12700.0,mouse,0.2733,966.85,398.32,992.32,410.44,308.6,25.46,12.12,2.101,False,,True,R-desk,7,evt_S-61_desk_work_surface_0001,968235d01208b21f,lap_bag_context,no_pose_observation,34560.0,1.33,,1,cam12/e1/v1,
p5,03.CCTV Mobile Usage.mkv,632de9ed55947761d56d4c6142a3cb1a1fe69d0b1a6d0e01a2e404c697962623,dfine_sahi,12700.0,keyboard,0.2603,882.33,380.23,968.97,453.05,6309.5,86.65,72.82,1.19,False,,True,R-desk,7,evt_S-61_desk_work_surface_0001,968235d01208b21f,lap_bag_context,no_pose_observation,34560.0,1.33,,1,cam12/e1/v1,
p5,03.CCTV Mobile Usage.mkv,632de9ed55947761d56d4c6142a3cb1a1fe69d0b1a6d0e01a2e404c697962623,dfine_sahi,12700.0,unknown_object,0.2557,910.47,411.12,1177.79,506.5,25496.8,267.32,95.38,2.803,False,,True,R-desk,7,evt_S-61_desk_work_surface_0001,968235d01208b21f,lap_bag_context,no_pose_observation,34560.0,1.33,,1,cam12/e1/v1,
p5,03.CCTV Mobile Usage.mkv,632de9ed55947761d56d4c6142a3cb1a1fe69d0b1a6d0e01a2e404c697962623,dfine_sahi,13200.0,keyboard,0.894,962.1,451.9,1067.92,491.45,4185.1,105.83,39.55,2.676,False,,True,R-desk,7,evt_S-61_desk_work_surface_0001,200f7d8ecd4f122b,lap_bag_context,no_pose_observation,34560.0,1.33,,1,cam12/e1/v1,
p5,03.CCTV Mobile Usage.mkv,632de9ed55947761d56d4c6142a3cb1a1fe69d0b1a6d0e01a2e404c697962623,dfine_sahi,13200.0,monitor_or_bezel,0.7704,910.05,411.11,1140.77,506.4,21985.2,230.72,95.29,2.421,False,,True,R-desk,7,evt_S-61_desk_work_surface_0001,200f7d8ecd4f122b,lap_bag_context,no_pose_observation,34560.0,1.33,,1,cam12/e1/v1,
p5,03.CCTV Mobile Usage.mkv,632de9ed55947761d56d4c6142a3cb1a1fe69d0b1a6d0e01a2e404c697962623,dfine_sahi,13200.0,monitor_or_bezel,0.7414,963.79,380.39,1152.82,475.21,17925.3,189.04,94.83,1.994,False,,True,R-desk,7,evt_S-61_desk_work_surface_0001,200f7d8ecd4f122b,lap_bag_context,no_pose_observation,34560.0,1.33,,1,cam12/e1/v1,
p5,03.CCTV Mobile Usage.mkv,632de9ed55947761d56d4c6142a3cb1a1fe69d0b1a6d0e01a2e404c697962623,dfine_sahi,13200.0,monitor_or_bezel,0.7017,707.0,379.91,969.69,474.94,24964.2,262.7,95.03,2.764,False,,True,R-desk,7,evt_S-61_desk_work_surface_0001,200f7d8ecd4f122b,lap_bag_context,no_pose_observation,34560.0,1.33,,1,cam12/e1/v1,
p5,03.CCTV Mobile Usage.mkv,632de9ed55947761d56d4c6142a3cb1a1fe69d0b1a6d0e01a2e404c697962623,dfine_sahi,13200.0,keyboard,0.6368,772.62,380.23,871.14,420.4,3956.9,98.52,40.16,2.453,False,,True,R-desk,7,evt_S-61_desk_work_surface_0001,200f7d8ecd4f122b,lap_bag_context,no_pose_observation,34560.0,1.33,,1,cam12/e1/v1,
p5,03.CCTV Mobile Usage.mkv,632de9ed55947761d56d4c6142a3cb1a1fe69d0b1a6d0e01a2e404c697962623,dfine_sahi,13200.0,keyboard,0.626,962.63,452.36,1035.08,475.63,1686.1,72.45,23.27,3.113,False,,True,R-desk,7,evt_S-61_desk_work_surface_0001,200f7d8ecd4f122b,lap_bag_context,no_pose_observation,34560.0,1.33,,1,cam12/e1/v1,
p5,03.CCTV Mobile Usage.mkv,632de9ed55947761d56d4c6142a3cb1a1fe69d0b1a6d0e01a2e404c697962623,dfine_sahi,13200.0,unknown_object,0.6223,699.91,396.23,849.49,492.42,14387.6,149.57,96.19,1.555,False,,True,R-desk,7,evt_S-61_desk_work_surface_0001,200f7d8ecd4f122b,lap_bag_context,no_pose_observation,34560.0,1.33,,1,cam12/e1/v1,
p5,03.CCTV Mobile Usage.mkv,632de9ed55947761d56d4c6142a3cb1a1fe69d0b1a6d0e01a2e404c697962623,dfine_sahi,13200.0,mouse,0.5609,865.43,413.69,891.29,435.25,557.7,25.86,21.56,1.2,False,,True,R-desk,7,evt_S-61_desk_work_surface_0001,200f7d8ecd4f122b,lap_bag_context,no_pose_observation,34560.0,1.33,,1,cam12/e1/v1,
p5,03.CCTV Mobile Usage.mkv,632de9ed55947761d56d4c6142a3cb1a1fe69d0b1a6d0e01a2e404c697962623,dfine_sahi,13200.0,unknown_object,0.5153,769.06,411.0,969.84,505.95,19064.3,200.79,94.95,2.115,False,,True,R-desk,7,evt_S-61_desk_work_surface_0001,200f7d8ecd4f122b,lap_bag_context,no_pose_observation,34560.0,1.33,,1,cam12/e1/v1,
p5,03.CCTV Mobile Usage.mkv,632de9ed55947761d56d4c6142a3cb1a1fe69d0b1a6d0e01a2e404c697962623,dfine_sahi,13200.0,phone,0.4328,1043.38,421.52,1113.16,473.57,3632.1,69.78,52.05,1.341,False,,True,R-desk,7,evt_S-61_desk_work_surface_0001,200f7d8ecd4f122b,lap_bag_context,no_pose_observation,34560.0,1.33,,1,cam12/e1/v1,
p5,03.CCTV Mobile Usage.mkv,632de9ed55947761d56d4c6142a3cb1a1fe69d0b1a6d0e01a2e404c697962623,dfine_sahi,13200.0,keyboard,0.4237,802.46,396.22,870.9,420.71,1675.7,68.44,24.48,2.795,False,,True,R-desk,7,evt_S-61_desk_work_surface_0001,200f7d8ecd4f122b,lap_bag_context,no_pose_observation,34560.0,1.33,,1,cam12/e1/v1,
p5,03.CCTV Mobile Usage.mkv,632de9ed55947761d56d4c6142a3cb1a1fe69d0b1a6d0e01a2e404c697962623,dfine_sahi,13200.0,unknown_object,0.4019,699.97,396.22,757.52,491.04,5456.4,57.55,94.82,0.607,False,,True,R-desk,7,evt_S-61_desk_work_surface_0001,200f7d8ecd4f122b,lap_bag_context,no_pose_observation,34560.0,1.33,,1,cam12/e1/v1,
p5,03.CCTV Mobile Usage.mkv,632de9ed55947761d56d4c6142a3cb1a1fe69d0b1a6d0e01a2e404c697962623,dfine_sahi,13200.0,monitor_or_bezel,0.3892,1019.66,395.52,1145.06,446.55,6399.4,125.4,51.03,2.457,False,,True,R-desk,7,evt_S-61_desk_work_surface_0001,200f7d8ecd4f122b,lap_bag_context,no_pose_observation,34560.0,1.33,,1,cam12/e1/v1,
p5,03.CCTV Mobile Usage.mkv,632de9ed55947761d56d4c6142a3cb1a1fe69d0b1a6d0e01a2e404c697962623,dfine_sahi,13200.0,keyboard,0.3418,910.14,412.13,1092.2,506.31,17145.9,182.06,94.18,1.933,False,,True,R-desk,7,evt_S-61_desk_work_surface_0001,200f7d8ecd4f122b,lap_bag_context,no_pose_observation,34560.0,1.33,,1,cam12/e1/v1,
p5,03.CCTV Mobile Usage.mkv,632de9ed55947761d56d4c6142a3cb1a1fe69d0b1a6d0e01a2e404c697962623,dfine_sahi,13200.0,unknown_object,0.3256,882.06,411.12,932.43,452.77,2097.6,50.37,41.64,1.209,False,,True,R-desk,7,evt_S-61_desk_work_surface_0001,200f7d8ecd4f122b,lap_bag_context,no_pose_observation,34560.0,1.33,,1,cam12/e1/v1,
p5,03.CCTV Mobile Usage.mkv,632de9ed55947761d56d4c6142a3cb1a1fe69d0b1a6d0e01a2e404c697962623,dfine_sahi,13200.0,keyboard,0.3234,965.98,396.21,1096.59,475.06,10299.0,130.61,78.85,1.656,False,,True,R-desk,7,evt_S-61_desk_work_surface_0001,200f7d8ecd4f122b,lap_bag_context,no_pose_observation,34560.0,1.33,,1,cam12/e1/v1,
p5,03.CCTV Mobile Usage.mkv,632de9ed55947761d56d4c6142a3cb1a1fe69d0b1a6d0e01a2e404c697962623,dfine_sahi,13200.0,unknown_object,0.3092,736.55,395.62,1140.16,491.17,38565.1,403.61,95.55,4.224,False,,True,R-desk,7,evt_S-61_desk_work_surface_0001,200f7d8ecd4f122b,lap_bag_context,no_pose_observation,34560.0,1.33,,1,cam12/e1/v1,
p5,03.CCTV Mobile Usage.mkv,632de9ed55947761d56d4c6142a3cb1a1fe69d0b1a6d0e01a2e404c697962623,dfine_sahi,13200.0,unknown_object,0.2767,881.3,411.54,969.9,505.58,8331.2,88.6,94.03,0.942,False,,True,R-desk,7,evt_S-61_desk_work_surface_0001,200f7d8ecd4f122b,lap_bag_context,no_pose_observation,34560.0,1.33,,1,cam12/e1/v1,
p5,03.CCTV Mobile Usage.mkv,632de9ed55947761d56d4c6142a3cb1a1fe69d0b1a6d0e01a2e404c697962623,dfine_sahi,13200.0,mouse,0.2733,966.85,398.32,992.32,410.44,308.6,25.46,12.12,2.101,False,,True,R-desk,7,evt_S-61_desk_work_surface_0001,200f7d8ecd4f122b,lap_bag_context,no_pose_observation,34560.0,1.33,,1,cam12/e1/v1,
p5,03.CCTV Mobile Usage.mkv,632de9ed55947761d56d4c6142a3cb1a1fe69d0b1a6d0e01a2e404c697962623,dfine_sahi,13200.0,keyboard,0.2603,882.33,380.23,968.97,453.05,6309.5,86.65,72.82,1.19,False,,True,R-desk,7,evt_S-61_desk_work_surface_0001,200f7d8ecd4f122b,lap_bag_context,no_pose_observation,34560.0,1.33,,1,cam12/e1/v1,
p5,03.CCTV Mobile Usage.mkv,632de9ed55947761d56d4c6142a3cb1a1fe69d0b1a6d0e01a2e404c697962623,dfine_sahi,13200.0,unknown_object,0.2557,910.47,411.12,1177.79,506.5,25496.8,267.32,95.38,2.803,False,,True,R-desk,7,evt_S-61_desk_work_surface_0001,200f7d8ecd4f122b,lap_bag_context,no_pose_observation,34560.0,1.33,,1,cam12/e1/v1,
p5,03.CCTV Mobile Usage.mkv,632de9ed55947761d56d4c6142a3cb1a1fe69d0b1a6d0e01a2e404c697962623,dfine_sahi,13200.0,keyboard,0.894,962.1,451.9,1067.92,491.45,4185.1,105.83,39.55,2.676,False,,True,R-desk,6,evt_S-61_desk_work_surface_0001,200f7d8ecd4f122b,lap_bag_context,no_pose_observation,34560.0,1.33,,1,cam12/e1/v1,
p5,03.CCTV Mobile Usage.mkv,632de9ed55947761d56d4c6142a3cb1a1fe69d0b1a6d0e01a2e404c697962623,dfine_sahi,13200.0,monitor_or_bezel,0.7704,910.05,411.11,1140.77,506.4,21985.2,230.72,95.29,2.421,False,,True,R-desk,6,evt_S-61_desk_work_surface_0001,200f7d8ecd4f122b,lap_bag_context,no_pose_observation,34560.0,1.33,,1,cam12/e1/v1,
p5,03.CCTV Mobile Usage.mkv,632de9ed55947761d56d4c6142a3cb1a1fe69d0b1a6d0e01a2e404c697962623,dfine_sahi,13200.0,monitor_or_bezel,0.7414,963.79,380.39,1152.82,475.21,17925.3,189.04,94.83,1.994,False,,True,R-desk,6,evt_S-61_desk_work_surface_0001,200f7d8ecd4f122b,lap_bag_context,no_pose_observation,34560.0,1.33,,1,cam12/e1/v1,
p5,03.CCTV Mobile Usage.mkv,632de9ed55947761d56d4c6142a3cb1a1fe69d0b1a6d0e01a2e404c697962623,dfine_sahi,13200.0,monitor_or_bezel,0.7017,707.0,379.91,969.69,474.94,24964.2,262.7,95.03,2.764,False,,True,R-desk,6,evt_S-61_desk_work_surface_0001,200f7d8ecd4f122b,lap_bag_context,no_pose_observation,34560.0,1.33,,1,cam12/e1/v1,
p5,03.CCTV Mobile Usage.mkv,632de9ed55947761d56d4c6142a3cb1a1fe69d0b1a6d0e01a2e404c697962623,dfine_sahi,13200.0,keyboard,0.6368,772.62,380.23,871.14,420.4,3956.9,98.52,40.16,2.453,False,,True,R-desk,6,evt_S-61_desk_work_surface_0001,200f7d8ecd4f122b,lap_bag_context,no_pose_observation,34560.0,1.33,,1,cam12/e1/v1,
p5,03.CCTV Mobile Usage.mkv,632de9ed55947761d56d4c6142a3cb1a1fe69d0b1a6d0e01a2e404c697962623,dfine_sahi,13200.0,keyboard,0.626,962.63,452.36,1035.08,475.63,1686.1,72.45,23.27,3.113,False,,True,R-desk,6,evt_S-61_desk_work_surface_0001,200f7d8ecd4f122b,lap_bag_context,no_pose_observation,34560.0,1.33,,1,cam12/e1/v1,
p5,03.CCTV Mobile Usage.mkv,632de9ed55947761d56d4c6142a3cb1a1fe69d0b1a6d0e01a2e404c697962623,dfine_sahi,13200.0,unknown_object,0.6223,699.91,396.23,849.49,492.42,14387.6,149.57,96.19,1.555,False,,True,R-desk,6,evt_S-61_desk_work_surface_0001,200f7d8ecd4f122b,lap_bag_context,no_pose_observation,34560.0,1.33,,1,cam12/e1/v1,
p5,03.CCTV Mobile Usage.mkv,632de9ed55947761d56d4c6142a3cb1a1fe69d0b1a6d0e01a2e404c697962623,dfine_sahi,13200.0,mouse,0.5609,865.43,413.69,891.29,435.25,557.7,25.86,21.56,1.2,False,,True,R-desk,6,evt_S-61_desk_work_surface_0001,200f7d8ecd4f122b,lap_bag_context,no_pose_observation,34560.0,1.33,,1,cam12/e1/v1,
p5,03.CCTV Mobile Usage.mkv,632de9ed55947761d56d4c6142a3cb1a1fe69d0b1a6d0e01a2e404c697962623,dfine_sahi,13200.0,unknown_object,0.5153,769.06,411.0,969.84,505.95,19064.3,200.79,94.95,2.115,False,,True,R-desk,6,evt_S-61_desk_work_surface_0001,200f7d8ecd4f122b,lap_bag_context,no_pose_observation,34560.0,1.33,,1,cam12/e1/v1,
p5,03.CCTV Mobile Usage.mkv,632de9ed55947761d56d4c6142a3cb1a1fe69d0b1a6d0e01a2e404c697962623,dfine_sahi,13200.0,phone,0.4328,1043.38,421.52,1113.16,473.57,3632.1,69.78,52.05,1.341,False,,True,R-desk,6,evt_S-61_desk_work_surface_0001,200f7d8ecd4f122b,lap_bag_context,no_pose_observation,34560.0,1.33,,1,cam12/e1/v1,
p5,03.CCTV Mobile Usage.mkv,632de9ed55947761d56d4c6142a3cb1a1fe69d0b1a6d0e01a2e404c697962623,dfine_sahi,13200.0,keyboard,0.4237,802.46,396.22,870.9,420.71,1675.7,68.44,24.48,2.795,False,,True,R-desk,6,evt_S-61_desk_work_surface_0001,200f7d8ecd4f122b,lap_bag_context,no_pose_observation,34560.0,1.33,,1,cam12/e1/v1,
p5,03.CCTV Mobile Usage.mkv,632de9ed55947761d56d4c6142a3cb1a1fe69d0b1a6d0e01a2e404c697962623,dfine_sahi,13200.0,unknown_object,0.4019,699.97,396.22,757.52,491.04,5456.4,57.55,94.82,0.607,False,,True,R-desk,6,evt_S-61_desk_work_surface_0001,200f7d8ecd4f122b,lap_bag_context,no_pose_observation,34560.0,1.33,,1,cam12/e1/v1,
p5,03.CCTV Mobile Usage.mkv,632de9ed55947761d56d4c6142a3cb1a1fe69d0b1a6d0e01a2e404c697962623,dfine_sahi,13200.0,monitor_or_bezel,0.3892,1019.66,395.52,1145.06,446.55,6399.4,125.4,51.03,2.457,False,,True,R-desk,6,evt_S-61_desk_work_surface_0001,200f7d8ecd4f122b,lap_bag_context,no_pose_observation,34560.0,1.33,,1,cam12/e1/v1,
p5,03.CCTV Mobile Usage.mkv,632de9ed55947761d56d4c6142a3cb1a1fe69d0b1a6d0e01a2e404c697962623,dfine_sahi,13200.0,keyboard,0.3418,910.14,412.13,1092.2,506.31,17145.9,182.06,94.18,1.933,False,,True,R-desk,6,evt_S-61_desk_work_surface_0001,200f7d8ecd4f122b,lap_bag_context,no_pose_observation,34560.0,1.33,,1,cam12/e1/v1,
p5,03.CCTV Mobile Usage.mkv,632de9ed55947761d56d4c6142a3cb1a1fe69d0b1a6d0e01a2e404c697962623,dfine_sahi,13200.0,unknown_object,0.3256,882.06,411.12,932.43,452.77,2097.6,50.37,41.64,1.209,False,,True,R-desk,6,evt_S-61_desk_work_surface_0001,200f7d8ecd4f122b,lap_bag_context,no_pose_observation,34560.0,1.33,,1,cam12/e1/v1,
p5,03.CCTV Mobile Usage.mkv,632de9ed55947761d56d4c6142a3cb1a1fe69d0b1a6d0e01a2e404c697962623,dfine_sahi,13200.0,keyboard,0.3234,965.98,396.21,1096.59,475.06,10299.0,130.61,78.85,1.656,False,,True,R-desk,6,evt_S-61_desk_work_surface_0001,200f7d8ecd4f122b,lap_bag_context,no_pose_observation,34560.0,1.33,,1,cam12/e1/v1,
p5,03.CCTV Mobile Usage.mkv,632de9ed55947761d56d4c6142a3cb1a1fe69d0b1a6d0e01a2e404c697962623,dfine_sahi,13200.0,unknown_object,0.3092,736.55,395.62,1140.16,491.17,38565.1,403.61,95.55,4.224,False,,True,R-desk,6,evt_S-61_desk_work_surface_0001,200f7d8ecd4f122b,lap_bag_context,no_pose_observation,34560.0,1.33,,1,cam12/e1/v1,
p5,03.CCTV Mobile Usage.mkv,632de9ed55947761d56d4c6142a3cb1a1fe69d0b1a6d0e01a2e404c697962623,dfine_sahi,13200.0,unknown_object,0.2767,881.3,411.54,969.9,505.58,8331.2,88.6,94.03,0.942,False,,True,R-desk,6,evt_S-61_desk_work_surface_0001,200f7d8ecd4f122b,lap_bag_context,no_pose_observation,34560.0,1.33,,1,cam12/e1/v1,
p5,03.CCTV Mobile Usage.mkv,632de9ed55947761d56d4c6142a3cb1a1fe69d0b1a6d0e01a2e404c697962623,dfine_sahi,13200.0,mouse,0.2733,966.85,398.32,992.32,410.44,308.6,25.46,12.12,2.101,False,,True,R-desk,6,evt_S-61_desk_work_surface_0001,200f7d8ecd4f122b,lap_bag_context,no_pose_observation,34560.0,1.33,,1,cam12/e1/v1,
p5,03.CCTV Mobile Usage.mkv,632de9ed55947761d56d4c6142a3cb1a1fe69d0b1a6d0e01a2e404c697962623,dfine_sahi,13200.0,keyboard,0.2603,882.33,380.23,968.97,453.05,6309.5,86.65,72.82,1.19,False,,True,R-desk,6,evt_S-61_desk_work_surface_0001,200f7d8ecd4f122b,lap_bag_context,no_pose_observation,34560.0,1.33,,1,cam12/e1/v1,
p5,03.CCTV Mobile Usage.mkv,632de9ed55947761d56d4c6142a3cb1a1fe69d0b1a6d0e01a2e404c697962623,dfine_sahi,13200.0,unknown_object,0.2557,910.47,411.12,1177.79,506.5,25496.8,267.32,95.38,2.803,False,,True,R-desk,6,evt_S-61_desk_work_surface_0001,200f7d8ecd4f122b,lap_bag_context,no_pose_observation,34560.0,1.33,,1,cam12/e1/v1,
p5,03.CCTV Mobile Usage.mkv,632de9ed55947761d56d4c6142a3cb1a1fe69d0b1a6d0e01a2e404c697962623,dfine_sahi,13200.0,unknown_object,0.5349,209.93,289.19,254.8,351.59,2800.0,44.87,62.4,0.719,False,,True,S-61,2,evt_S-61_desk_work_surface_0001,41099a5b80ec7e0e,pose_hand_context,,42791.1,3.09,,1,cam12/e1/v1,rtmpose_baseline
p5,03.CCTV Mobile Usage.mkv,632de9ed55947761d56d4c6142a3cb1a1fe69d0b1a6d0e01a2e404c697962623,dfine_sahi,13200.0,unknown_object,0.4686,142.75,198.27,277.42,349.5,20365.7,134.67,151.22,0.891,False,,True,S-61,2,evt_S-61_desk_work_surface_0001,41099a5b80ec7e0e,pose_hand_context,,42791.1,3.09,,1,cam12/e1/v1,rtmpose_baseline
p5,03.CCTV Mobile Usage.mkv,632de9ed55947761d56d4c6142a3cb1a1fe69d0b1a6d0e01a2e404c697962623,dfine_sahi,13200.0,unknown_object,0.4571,138.96,289.19,254.72,403.77,13264.1,115.76,114.58,1.01,False,,True,S-61,2,evt_S-61_desk_work_surface_0001,41099a5b80ec7e0e,pose_hand_context,,42791.1,3.09,,1,cam12/e1/v1,rtmpose_baseline
p5,03.CCTV Mobile Usage.mkv,632de9ed55947761d56d4c6142a3cb1a1fe69d0b1a6d0e01a2e404c697962623,dfine_sahi,13200.0,unknown_object,0.4135,210.11,233.24,236.14,312.96,2075.0,26.03,79.72,0.327,False,,True,S-61,2,evt_S-61_desk_work_surface_0001,41099a5b80ec7e0e,pose_hand_context,,42791.1,3.09,,1,cam12/e1/v1,rtmpose_baseline
p5,03.CCTV Mobile Usage.mkv,632de9ed55947761d56d4c6142a3cb1a1fe69d0b1a6d0e01a2e404c697962623,dfine_sahi,13200.0,unknown_object,0.3509,138.92,238.89,158.68,314.67,1497.7,19.76,75.79,0.261,False,,True,S-61,2,evt_S-61_desk_work_surface_0001,41099a5b80ec7e0e,pose_hand_context,,42791.1,3.09,,1,cam12/e1/v1,rtmpose_baseline
p5,03.CCTV Mobile Usage.mkv,632de9ed55947761d56d4c6142a3cb1a1fe69d0b1a6d0e01a2e404c697962623,dfine_sahi,13200.0,unknown_object,0.2688,262.26,386.29,315.42,404.83,985.8,53.16,18.54,2.867,False,,True,S-61,2,evt_S-61_desk_work_surface_0001,41099a5b80ec7e0e,pose_hand_context,,42791.1,3.09,,1,cam12/e1/v1,rtmpose_baseline
p5,03.CCTV Mobile Usage.mkv,632de9ed55947761d56d4c6142a3cb1a1fe69d0b1a6d0e01a2e404c697962623,dfine_sahi,13200.0,unknown_object,0.2659,160.81,198.11,255.11,241.27,4069.4,94.3,43.15,2.185,False,,True,S-61,2,evt_S-61_desk_work_surface_0001,41099a5b80ec7e0e,pose_hand_context,,42791.1,3.09,,1,cam12/e1/v1,rtmpose_baseline
p5,03.CCTV Mobile Usage.mkv,632de9ed55947761d56d4c6142a3cb1a1fe69d0b1a6d0e01a2e404c697962623,dfine_sahi,13200.0,unknown_object,0.2636,238.28,296.51,342.75,402.43,11064.9,104.47,105.91,0.986,False,,True,S-61,2,evt_S-61_desk_work_surface_0001,41099a5b80ec7e0e,pose_hand_context,,42791.1,3.09,,1,cam12/e1/v1,rtmpose_baseline
p5,03.CCTV Mobile Usage.mkv,632de9ed55947761d56d4c6142a3cb1a1fe69d0b1a6d0e01a2e404c697962623,dfine_sahi,13200.0,unknown_object,0.2624,233.95,239.04,247.29,265.32,350.7,13.35,26.28,0.508,False,,True,S-61,2,evt_S-61_desk_work_surface_0001,41099a5b80ec7e0e,pose_hand_context,,42791.1,3.09,,1,cam12/e1/v1,rtmpose_baseline
p5,03.CCTV Mobile Usage.mkv,632de9ed55947761d56d4c6142a3cb1a1fe69d0b1a6d0e01a2e404c697962623,dfine_sahi,13200.0,unknown_object,0.7248,93.01,376.36,197.92,480.29,10903.9,104.91,103.94,1.009,False,,True,S-61,1,evt_S-61_desk_work_surface_0001,aeca27b1a7e55a21,pose_hand_context,,34812.1,3.43,,1,cam12/e1/v1,rtmpose_baseline
p5,03.CCTV Mobile Usage.mkv,632de9ed55947761d56d4c6142a3cb1a1fe69d0b1a6d0e01a2e404c697962623,dfine_sahi,13200.0,stationery,0.6682,12.08,493.7,197.87,562.4,12763.2,185.79,68.7,2.704,False,,True,S-61,1,evt_S-61_desk_work_surface_0001,aeca27b1a7e55a21,pose_hand_context,,34812.1,3.43,,1,cam12/e1/v1,rtmpose_baseline
p5,03.CCTV Mobile Usage.mkv,632de9ed55947761d56d4c6142a3cb1a1fe69d0b1a6d0e01a2e404c697962623,dfine_sahi,13200.0,unknown_object,0.6044,44.4,508.74,85.59,557.05,1990.1,41.2,48.31,0.853,False,,True,S-61,1,evt_S-61_desk_work_surface_0001,aeca27b1a7e55a21,pose_hand_context,,34812.1,3.43,,1,cam12/e1/v1,rtmpose_baseline
p5,03.CCTV Mobile Usage.mkv,632de9ed55947761d56d4c6142a3cb1a1fe69d0b1a6d0e01a2e404c697962623,dfine_sahi,13200.0,unknown_object,0.6002,93.0,458.16,197.9,562.43,10937.7,104.9,104.27,1.006,False,,True,S-61,1,evt_S-61_desk_work_surface_0001,aeca27b1a7e55a21,pose_hand_context,,34812.1,3.43,,1,cam12/e1/v1,rtmpose_baseline
p5,03.CCTV Mobile Usage.mkv,632de9ed55947761d56d4c6142a3cb1a1fe69d0b1a6d0e01a2e404c697962623,dfine_sahi,13200.0,stationery,0.5723,12.07,415.01,102.07,498.56,7519.5,90.0,83.55,1.077,False,,True,S-61,1,evt_S-61_desk_work_surface_0001,aeca27b1a7e55a21,pose_hand_context,,34812.1,3.43,,1,cam12/e1/v1,rtmpose_baseline
p5,03.CCTV Mobile Usage.mkv,632de9ed55947761d56d4c6142a3cb1a1fe69d0b1a6d0e01a2e404c697962623,dfine_sahi,13200.0,unknown_object,0.5419,12.01,376.24,116.87,480.59,10941.9,104.86,104.35,1.005,False,,True,S-61,1,evt_S-61_desk_work_surface_0001,aeca27b1a7e55a21,pose_hand_context,,34812.1,3.43,,1,cam12/e1/v1,rtmpose_baseline
p5,03.CCTV Mobile Usage.mkv,632de9ed55947761d56d4c6142a3cb1a1fe69d0b1a6d0e01a2e404c697962623,dfine_sahi,13200.0,stationery,0.5124,42.92,443.7,72.14,471.25,805.2,29.22,27.55,1.061,False,,True,S-61,1,evt_S-61_desk_work_surface_0001,aeca27b1a7e55a21,pose_hand_context,,34812.1,3.43,,1,cam12/e1/v1,rtmpose_baseline
p5,03.CCTV Mobile Usage.mkv,632de9ed55947761d56d4c6142a3cb1a1fe69d0b1a6d0e01a2e404c697962623,dfine_sahi,13200.0,stationery,0.3981,102.48,476.65,162.12,530.34,3202.4,59.64,53.69,1.111,False,,True,S-61,1,evt_S-61_desk_work_surface_0001,aeca27b1a7e55a21,pose_hand_context,,34812.1,3.43,,1,cam12/e1/v1,rtmpose_baseline
p5,03.CCTV Mobile Usage.mkv,632de9ed55947761d56d4c6142a3cb1a1fe69d0b1a6d0e01a2e404c697962623,dfine_sahi,13200.0,unknown_object,0.3929,42.8,443.21,72.37,470.62,810.8,29.57,27.42,1.078,False,,True,S-61,1,evt_S-61_desk_work_surface_0001,aeca27b1a7e55a21,pose_hand_context,,34812.1,3.43,,1,cam12/e1/v1,rtmpose_baseline
p5,03.CCTV Mobile Usage.mkv,632de9ed55947761d56d4c6142a3cb1a1fe69d0b1a6d0e01a2e404c697962623,dfine_sahi,13200.0,unknown_object,0.3606,12.08,458.14,116.99,562.39,10936.9,104.91,104.25,1.006,False,,True,S-61,1,evt_S-61_desk_work_surface_0001,aeca27b1a7e55a21,pose_hand_context,,34812.1,3.43,,1,cam12/e1/v1,rtmpose_baseline
p5,03.CCTV Mobile Usage.mkv,632de9ed55947761d56d4c6142a3cb1a1fe69d0b1a6d0e01a2e404c697962623,dfine_sahi,13200.0,unknown_object,0.343,93.07,458.09,159.37,498.7,2692.9,66.3,40.62,1.632,False,,True,S-61,1,evt_S-61_desk_work_surface_0001,aeca27b1a7e55a21,pose_hand_context,,34812.1,3.43,,1,cam12/e1/v1,rtmpose_baseline
p5,03.CCTV Mobile Usage.mkv,632de9ed55947761d56d4c6142a3cb1a1fe69d0b1a6d0e01a2e404c697962623,dfine_sahi,13200.0,stationery,0.2975,69.51,418.14,154.54,497.07,6711.4,85.03,78.93,1.077,False,,True,S-61,1,evt_S-61_desk_work_surface_0001,aeca27b1a7e55a21,pose_hand_context,,34812.1,3.43,,1,cam12/e1/v1,rtmpose_baseline
p5,03.CCTV Mobile Usage.mkv,632de9ed55947761d56d4c6142a3cb1a1fe69d0b1a6d0e01a2e404c697962623,dfine_sahi,13200.0,unknown_object,0.2729,69.11,376.31,116.96,449.34,3494.6,47.85,73.03,0.655,False,,True,S-61,1,evt_S-61_desk_work_surface_0001,aeca27b1a7e55a21,pose_hand_context,,34812.1,3.43,,1,cam12/e1/v1,rtmpose_baseline
p5,03.CCTV Mobile Usage.mkv,632de9ed55947761d56d4c6142a3cb1a1fe69d0b1a6d0e01a2e404c697962623,dfine_sahi,13200.0,stationery,0.2674,44.21,509.82,86.24,556.96,1981.4,42.03,47.14,0.892,False,,True,S-61,1,evt_S-61_desk_work_surface_0001,aeca27b1a7e55a21,pose_hand_context,,34812.1,3.43,,1,cam12/e1/v1,rtmpose_baseline
p5,03.CCTV Mobile Usage.mkv,632de9ed55947761d56d4c6142a3cb1a1fe69d0b1a6d0e01a2e404c697962623,dfine_sahi,13200.0,unknown_object,0.2601,38.75,376.08,69.26,386.31,312.0,30.51,10.23,2.983,False,,True,S-61,1,evt_S-61_desk_work_surface_0001,aeca27b1a7e55a21,pose_hand_context,,34812.1,3.43,,1,cam12/e1/v1,rtmpose_baseline
p5,03.CCTV Mobile Usage.mkv,632de9ed55947761d56d4c6142a3cb1a1fe69d0b1a6d0e01a2e404c697962623,dfine_sahi,13700.0,keyboard,0.8943,962.1,451.9,1067.92,491.45,4185.3,105.83,39.55,2.676,False,,True,R-desk,6,evt_S-61_desk_work_surface_0001,243d4174c5ecf8e0,lap_bag_context,no_pose_observation,34560.0,1.33,,1,cam12/e1/v1,
p5,03.CCTV Mobile Usage.mkv,632de9ed55947761d56d4c6142a3cb1a1fe69d0b1a6d0e01a2e404c697962623,dfine_sahi,13700.0,monitor_or_bezel,0.7706,910.05,411.11,1140.78,506.4,21985.7,230.72,95.29,2.421,False,,True,R-desk,6,evt_S-61_desk_work_surface_0001,243d4174c5ecf8e0,lap_bag_context,no_pose_observation,34560.0,1.33,,1,cam12/e1/v1,
p5,03.CCTV Mobile Usage.mkv,632de9ed55947761d56d4c6142a3cb1a1fe69d0b1a6d0e01a2e404c697962623,dfine_sahi,13700.0,monitor_or_bezel,0.7502,963.79,380.38,1152.82,475.22,17926.7,189.03,94.84,1.993,False,,True,R-desk,6,evt_S-61_desk_work_surface_0001,243d4174c5ecf8e0,lap_bag_context,no_pose_observation,34560.0,1.33,,1,cam12/e1/v1,
p5,03.CCTV Mobile Usage.mkv,632de9ed55947761d56d4c6142a3cb1a1fe69d0b1a6d0e01a2e404c697962623,dfine_sahi,13700.0,monitor_or_bezel,0.7047,707.05,379.91,969.7,474.94,24958.5,262.65,95.03,2.764,False,,True,R-desk,6,evt_S-61_desk_work_surface_0001,243d4174c5ecf8e0,lap_bag_context,no_pose_observation,34560.0,1.33,,1,cam12/e1/v1,
p5,03.CCTV Mobile Usage.mkv,632de9ed55947761d56d4c6142a3cb1a1fe69d0b1a6d0e01a2e404c697962623,dfine_sahi,13700.0,keyboard,0.6385,772.63,380.23,871.12,420.39,3955.7,98.5,40.16,2.453,False,,True,R-desk,6,evt_S-61_desk_work_surface_0001,243d4174c5ecf8e0,lap_bag_context,no_pose_observation,34560.0,1.33,,1,cam12/e1/v1,
p5,03.CCTV Mobile Usage.mkv,632de9ed55947761d56d4c6142a3cb1a1fe69d0b1a6d0e01a2e404c697962623,dfine_sahi,13700.0,unknown_object,0.6351,699.91,396.23,849.23,492.42,14363.2,149.32,96.19,1.552,False,,True,R-desk,6,evt_S-61_desk_work_surface_0001,243d4174c5ecf8e0,lap_bag_context,no_pose_observation,34560.0,1.33,,1,cam12/e1/v1,
p5,03.CCTV Mobile Usage.mkv,632de9ed55947761d56d4c6142a3cb1a1fe69d0b1a6d0e01a2e404c697962623,dfine_sahi,13700.0,keyboard,0.6268,962.63,452.36,1035.07,475.63,1686.1,72.44,23.28,3.112,False,,True,R-desk,6,evt_S-61_desk_work_surface_0001,243d4174c5ecf8e0,lap_bag_context,no_pose_observation,34560.0,1.33,,1,cam12/e1/v1,
p5,03.CCTV Mobile Usage.mkv,632de9ed55947761d56d4c6142a3cb1a1fe69d0b1a6d0e01a2e404c697962623,dfine_sahi,13700.0,mouse,0.5573,865.43,413.69,891.29,435.25,557.5,25.86,21.56,1.2,False,,True,R-desk,6,evt_S-61_desk_work_surface_0001,243d4174c5ecf8e0,lap_bag_context,no_pose_observation,34560.0,1.33,,1,cam12/e1/v1,
p5,03.CCTV Mobile Usage.mkv,632de9ed55947761d56d4c6142a3cb1a1fe69d0b1a6d0e01a2e404c697962623,dfine_sahi,13700.0,unknown_object,0.5137,769.18,411.0,969.84,505.94,19052.0,200.66,94.95,2.113,False,,True,R-desk,6,evt_S-61_desk_work_surface_0001,243d4174c5ecf8e0,lap_bag_context,no_pose_observation,34560.0,1.33,,1,cam12/e1/v1,
p5,03.CCTV Mobile Usage.mkv,632de9ed55947761d56d4c6142a3cb1a1fe69d0b1a6d0e01a2e404c697962623,dfine_sahi,13700.0,phone,0.4353,1043.38,421.51,1113.15,473.57,3632.2,69.77,52.06,1.34,False,,True,R-desk,6,evt_S-61_desk_work_surface_0001,243d4174c5ecf8e0,lap_bag_context,no_pose_observation,34560.0,1.33,,1,cam12/e1/v1,
p5,03.CCTV Mobile Usage.mkv,632de9ed55947761d56d4c6142a3cb1a1fe69d0b1a6d0e01a2e404c697962623,dfine_sahi,13700.0,keyboard,0.4275,802.46,396.23,870.9,420.71,1675.4,68.44,24.48,2.796,False,,True,R-desk,6,evt_S-61_desk_work_surface_0001,243d4174c5ecf8e0,lap_bag_context,no_pose_observation,34560.0,1.33,,1,cam12/e1/v1,
p5,03.CCTV Mobile Usage.mkv,632de9ed55947761d56d4c6142a3cb1a1fe69d0b1a6d0e01a2e404c697962623,dfine_sahi,13700.0,unknown_object,0.4047,699.97,396.23,757.44,491.07,5450.2,57.47,94.84,0.606,False,,True,R-desk,6,evt_S-61_desk_work_surface_0001,243d4174c5ecf8e0,lap_bag_context,no_pose_observation,34560.0,1.33,,1,cam12/e1/v1,
p5,03.CCTV Mobile Usage.mkv,632de9ed55947761d56d4c6142a3cb1a1fe69d0b1a6d0e01a2e404c697962623,dfine_sahi,13700.0,monitor_or_bezel,0.3911,1019.66,395.52,1145.07,446.54,6398.2,125.4,51.02,2.458,False,,True,R-desk,6,evt_S-61_desk_work_surface_0001,243d4174c5ecf8e0,lap_bag_context,no_pose_observation,34560.0,1.33,,1,cam12/e1/v1,
p5,03.CCTV Mobile Usage.mkv,632de9ed55947761d56d4c6142a3cb1a1fe69d0b1a6d0e01a2e404c697962623,dfine_sahi,13700.0,keyboard,0.3412,910.14,412.13,1092.2,506.31,17146.7,182.06,94.18,1.933,False,,True,R-desk,6,evt_S-61_desk_work_surface_0001,243d4174c5ecf8e0,lap_bag_context,no_pose_observation,34560.0,1.33,,1,cam12/e1/v1,
p5,03.CCTV Mobile Usage.mkv,632de9ed55947761d56d4c6142a3cb1a1fe69d0b1a6d0e01a2e404c697962623,dfine_sahi,13700.0,unknown_object,0.3252,882.06,411.12,932.43,452.77,2097.8,50.37,41.65,1.21,False,,True,R-desk,6,evt_S-61_desk_work_surface_0001,243d4174c5ecf8e0,lap_bag_context,no_pose_observation,34560.0,1.33,,1,cam12/e1/v1,
p5,03.CCTV Mobile Usage.mkv,632de9ed55947761d56d4c6142a3cb1a1fe69d0b1a6d0e01a2e404c697962623,dfine_sahi,13700.0,keyboard,0.3242,965.98,396.23,1096.61,475.05,10296.4,130.63,78.82,1.657,False,,True,R-desk,6,evt_S-61_desk_work_surface_0001,243d4174c5ecf8e0,lap_bag_context,no_pose_observation,34560.0,1.33,,1,cam12/e1/v1,
p5,03.CCTV Mobile Usage.mkv,632de9ed55947761d56d4c6142a3cb1a1fe69d0b1a6d0e01a2e404c697962623,dfine_sahi,13700.0,unknown_object,0.3122,736.53,395.62,1140.46,491.18,38597.9,403.92,95.56,4.227,False,,True,R-desk,6,evt_S-61_desk_work_surface_0001,243d4174c5ecf8e0,lap_bag_context,no_pose_observation,34560.0,1.33,,1,cam12/e1/v1,
p5,03.CCTV Mobile Usage.mkv,632de9ed55947761d56d4c6142a3cb1a1fe69d0b1a6d0e01a2e404c697962623,dfine_sahi,13700.0,unknown_object,0.277,881.3,411.54,969.9,505.57,8331.3,88.6,94.03,0.942,False,,True,R-desk,6,evt_S-61_desk_work_surface_0001,243d4174c5ecf8e0,lap_bag_context,no_pose_observation,34560.0,1.33,,1,cam12/e1/v1,
p5,03.CCTV Mobile Usage.mkv,632de9ed55947761d56d4c6142a3cb1a1fe69d0b1a6d0e01a2e404c697962623,dfine_sahi,13700.0,mouse,0.2755,966.86,398.32,992.31,410.43,308.4,25.45,12.12,2.101,False,,True,R-desk,6,evt_S-61_desk_work_surface_0001,243d4174c5ecf8e0,lap_bag_context,no_pose_observation,34560.0,1.33,,1,cam12/e1/v1,
p5,03.CCTV Mobile Usage.mkv,632de9ed55947761d56d4c6142a3cb1a1fe69d0b1a6d0e01a2e404c697962623,dfine_sahi,13700.0,keyboard,0.2612,882.33,380.24,968.97,453.05,6308.7,86.65,72.81,1.19,False,,True,R-desk,6,evt_S-61_desk_work_surface_0001,243d4174c5ecf8e0,lap_bag_context,no_pose_observation,34560.0,1.33,,1,cam12/e1/v1,
p5,03.CCTV Mobile Usage.mkv,632de9ed55947761d56d4c6142a3cb1a1fe69d0b1a6d0e01a2e404c697962623,dfine_sahi,13700.0,unknown_object,0.2541,910.47,411.12,1177.82,506.5,25500.8,267.36,95.38,2.803,False,,True,R-desk,6,evt_S-61_desk_work_surface_0001,243d4174c5ecf8e0,lap_bag_context,no_pose_observation,34560.0,1.33,,1,cam12/e1/v1,
p5,03.CCTV Mobile Usage.mkv,632de9ed55947761d56d4c6142a3cb1a1fe69d0b1a6d0e01a2e404c697962623,dfine_sahi,13700.0,keyboard,0.8943,962.1,451.9,1067.92,491.45,4185.3,105.83,39.55,2.676,False,,True,R-desk,5,evt_S-61_desk_work_surface_0001,243d4174c5ecf8e0,lap_bag_context,no_pose_observation,34560.0,1.33,,1,cam12/e1/v1,
p5,03.CCTV Mobile Usage.mkv,632de9ed55947761d56d4c6142a3cb1a1fe69d0b1a6d0e01a2e404c697962623,dfine_sahi,13700.0,monitor_or_bezel,0.7706,910.05,411.11,1140.78,506.4,21985.7,230.72,95.29,2.421,False,,True,R-desk,5,evt_S-61_desk_work_surface_0001,243d4174c5ecf8e0,lap_bag_context,no_pose_observation,34560.0,1.33,,1,cam12/e1/v1,
p5,03.CCTV Mobile Usage.mkv,632de9ed55947761d56d4c6142a3cb1a1fe69d0b1a6d0e01a2e404c697962623,dfine_sahi,13700.0,monitor_or_bezel,0.7502,963.79,380.38,1152.82,475.22,17926.7,189.03,94.84,1.993,False,,True,R-desk,5,evt_S-61_desk_work_surface_0001,243d4174c5ecf8e0,lap_bag_context,no_pose_observation,34560.0,1.33,,1,cam12/e1/v1,
p5,03.CCTV Mobile Usage.mkv,632de9ed55947761d56d4c6142a3cb1a1fe69d0b1a6d0e01a2e404c697962623,dfine_sahi,13700.0,monitor_or_bezel,0.7047,707.05,379.91,969.7,474.94,24958.5,262.65,95.03,2.764,False,,True,R-desk,5,evt_S-61_desk_work_surface_0001,243d4174c5ecf8e0,lap_bag_context,no_pose_observation,34560.0,1.33,,1,cam12/e1/v1,
p5,03.CCTV Mobile Usage.mkv,632de9ed55947761d56d4c6142a3cb1a1fe69d0b1a6d0e01a2e404c697962623,dfine_sahi,13700.0,keyboard,0.6385,772.63,380.23,871.12,420.39,3955.7,98.5,40.16,2.453,False,,True,R-desk,5,evt_S-61_desk_work_surface_0001,243d4174c5ecf8e0,lap_bag_context,no_pose_observation,34560.0,1.33,,1,cam12/e1/v1,
p5,03.CCTV Mobile Usage.mkv,632de9ed55947761d56d4c6142a3cb1a1fe69d0b1a6d0e01a2e404c697962623,dfine_sahi,13700.0,unknown_object,0.6351,699.91,396.23,849.23,492.42,14363.2,149.32,96.19,1.552,False,,True,R-desk,5,evt_S-61_desk_work_surface_0001,243d4174c5ecf8e0,lap_bag_context,no_pose_observation,34560.0,1.33,,1,cam12/e1/v1,
p5,03.CCTV Mobile Usage.mkv,632de9ed55947761d56d4c6142a3cb1a1fe69d0b1a6d0e01a2e404c697962623,dfine_sahi,13700.0,keyboard,0.6268,962.63,452.36,1035.07,475.63,1686.1,72.44,23.28,3.112,False,,True,R-desk,5,evt_S-61_desk_work_surface_0001,243d4174c5ecf8e0,lap_bag_context,no_pose_observation,34560.0,1.33,,1,cam12/e1/v1,
p5,03.CCTV Mobile Usage.mkv,632de9ed55947761d56d4c6142a3cb1a1fe69d0b1a6d0e01a2e404c697962623,dfine_sahi,13700.0,mouse,0.5573,865.43,413.69,891.29,435.25,557.5,25.86,21.56,1.2,False,,True,R-desk,5,evt_S-61_desk_work_surface_0001,243d4174c5ecf8e0,lap_bag_context,no_pose_observation,34560.0,1.33,,1,cam12/e1/v1,
p5,03.CCTV Mobile Usage.mkv,632de9ed55947761d56d4c6142a3cb1a1fe69d0b1a6d0e01a2e404c697962623,dfine_sahi,13700.0,unknown_object,0.5137,769.18,411.0,969.84,505.94,19052.0,200.66,94.95,2.113,False,,True,R-desk,5,evt_S-61_desk_work_surface_0001,243d4174c5ecf8e0,lap_bag_context,no_pose_observation,34560.0,1.33,,1,cam12/e1/v1,
p5,03.CCTV Mobile Usage.mkv,632de9ed55947761d56d4c6142a3cb1a1fe69d0b1a6d0e01a2e404c697962623,dfine_sahi,13700.0,phone,0.4353,1043.38,421.51,1113.15,473.57,3632.2,69.77,52.06,1.34,False,,True,R-desk,5,evt_S-61_desk_work_surface_0001,243d4174c5ecf8e0,lap_bag_context,no_pose_observation,34560.0,1.33,,1,cam12/e1/v1,
p5,03.CCTV Mobile Usage.mkv,632de9ed55947761d56d4c6142a3cb1a1fe69d0b1a6d0e01a2e404c697962623,dfine_sahi,13700.0,keyboard,0.4275,802.46,396.23,870.9,420.71,1675.4,68.44,24.48,2.796,False,,True,R-desk,5,evt_S-61_desk_work_surface_0001,243d4174c5ecf8e0,lap_bag_context,no_pose_observation,34560.0,1.33,,1,cam12/e1/v1,
p5,03.CCTV Mobile Usage.mkv,632de9ed55947761d56d4c6142a3cb1a1fe69d0b1a6d0e01a2e404c697962623,dfine_sahi,13700.0,unknown_object,0.4047,699.97,396.23,757.44,491.07,5450.2,57.47,94.84,0.606,False,,True,R-desk,5,evt_S-61_desk_work_surface_0001,243d4174c5ecf8e0,lap_bag_context,no_pose_observation,34560.0,1.33,,1,cam12/e1/v1,
p5,03.CCTV Mobile Usage.mkv,632de9ed55947761d56d4c6142a3cb1a1fe69d0b1a6d0e01a2e404c697962623,dfine_sahi,13700.0,monitor_or_bezel,0.3911,1019.66,395.52,1145.07,446.54,6398.2,125.4,51.02,2.458,False,,True,R-desk,5,evt_S-61_desk_work_surface_0001,243d4174c5ecf8e0,lap_bag_context,no_pose_observation,34560.0,1.33,,1,cam12/e1/v1,
p5,03.CCTV Mobile Usage.mkv,632de9ed55947761d56d4c6142a3cb1a1fe69d0b1a6d0e01a2e404c697962623,dfine_sahi,13700.0,keyboard,0.3412,910.14,412.13,1092.2,506.31,17146.7,182.06,94.18,1.933,False,,True,R-desk,5,evt_S-61_desk_work_surface_0001,243d4174c5ecf8e0,lap_bag_context,no_pose_observation,34560.0,1.33,,1,cam12/e1/v1,
p5,03.CCTV Mobile Usage.mkv,632de9ed55947761d56d4c6142a3cb1a1fe69d0b1a6d0e01a2e404c697962623,dfine_sahi,13700.0,unknown_object,0.3252,882.06,411.12,932.43,452.77,2097.8,50.37,41.65,1.21,False,,True,R-desk,5,evt_S-61_desk_work_surface_0001,243d4174c5ecf8e0,lap_bag_context,no_pose_observation,34560.0,1.33,,1,cam12/e1/v1,
p5,03.CCTV Mobile Usage.mkv,632de9ed55947761d56d4c6142a3cb1a1fe69d0b1a6d0e01a2e404c697962623,dfine_sahi,13700.0,keyboard,0.3242,965.98,396.23,1096.61,475.05,10296.4,130.63,78.82,1.657,False,,True,R-desk,5,evt_S-61_desk_work_surface_0001,243d4174c5ecf8e0,lap_bag_context,no_pose_observation,34560.0,1.33,,1,cam12/e1/v1,
p5,03.CCTV Mobile Usage.mkv,632de9ed55947761d56d4c6142a3cb1a1fe69d0b1a6d0e01a2e404c697962623,dfine_sahi,13700.0,unknown_object,0.3122,736.53,395.62,1140.46,491.18,38597.9,403.92,95.56,4.227,False,,True,R-desk,5,evt_S-61_desk_work_surface_0001,243d4174c5ecf8e0,lap_bag_context,no_pose_observation,34560.0,1.33,,1,cam12/e1/v1,
p5,03.CCTV Mobile Usage.mkv,632de9ed55947761d56d4c6142a3cb1a1fe69d0b1a6d0e01a2e404c697962623,dfine_sahi,13700.0,unknown_object,0.277,881.3,411.54,969.9,505.57,8331.3,88.6,94.03,0.942,False,,True,R-desk,5,evt_S-61_desk_work_surface_0001,243d4174c5ecf8e0,lap_bag_context,no_pose_observation,34560.0,1.33,,1,cam12/e1/v1,
p5,03.CCTV Mobile Usage.mkv,632de9ed55947761d56d4c6142a3cb1a1fe69d0b1a6d0e01a2e404c697962623,dfine_sahi,13700.0,mouse,0.2755,966.86,398.32,992.31,410.43,308.4,25.45,12.12,2.101,False,,True,R-desk,5,evt_S-61_desk_work_surface_0001,243d4174c5ecf8e0,lap_bag_context,no_pose_observation,34560.0,1.33,,1,cam12/e1/v1,
p5,03.CCTV Mobile Usage.mkv,632de9ed55947761d56d4c6142a3cb1a1fe69d0b1a6d0e01a2e404c697962623,dfine_sahi,13700.0,keyboard,0.2612,882.33,380.24,968.97,453.05,6308.7,86.65,72.81,1.19,False,,True,R-desk,5,evt_S-61_desk_work_surface_0001,243d4174c5ecf8e0,lap_bag_context,no_pose_observation,34560.0,1.33,,1,cam12/e1/v1,
p5,03.CCTV Mobile Usage.mkv,632de9ed55947761d56d4c6142a3cb1a1fe69d0b1a6d0e01a2e404c697962623,dfine_sahi,13700.0,unknown_object,0.2541,910.47,411.12,1177.82,506.5,25500.8,267.36,95.38,2.803,False,,True,R-desk,5,evt_S-61_desk_work_surface_0001,243d4174c5ecf8e0,lap_bag_context,no_pose_observation,34560.0,1.33,,1,cam12/e1/v1,
p5,03.CCTV Mobile Usage.mkv,632de9ed55947761d56d4c6142a3cb1a1fe69d0b1a6d0e01a2e404c697962623,dfine_sahi,13700.0,keyboard,0.8943,962.1,451.9,1067.92,491.45,4185.3,105.83,39.55,2.676,False,,True,R-desk,7,evt_S-61_desk_work_surface_0001,243d4174c5ecf8e0,lap_bag_context,no_pose_observation,34560.0,1.33,,1,cam12/e1/v1,
p5,03.CCTV Mobile Usage.mkv,632de9ed55947761d56d4c6142a3cb1a1fe69d0b1a6d0e01a2e404c697962623,dfine_sahi,13700.0,monitor_or_bezel,0.7706,910.05,411.11,1140.78,506.4,21985.7,230.72,95.29,2.421,False,,True,R-desk,7,evt_S-61_desk_work_surface_0001,243d4174c5ecf8e0,lap_bag_context,no_pose_observation,34560.0,1.33,,1,cam12/e1/v1,
p5,03.CCTV Mobile Usage.mkv,632de9ed55947761d56d4c6142a3cb1a1fe69d0b1a6d0e01a2e404c697962623,dfine_sahi,13700.0,monitor_or_bezel,0.7502,963.79,380.38,1152.82,475.22,17926.7,189.03,94.84,1.993,False,,True,R-desk,7,evt_S-61_desk_work_surface_0001,243d4174c5ecf8e0,lap_bag_context,no_pose_observation,34560.0,1.33,,1,cam12/e1/v1,
p5,03.CCTV Mobile Usage.mkv,632de9ed55947761d56d4c6142a3cb1a1fe69d0b1a6d0e01a2e404c697962623,dfine_sahi,13700.0,monitor_or_bezel,0.7047,707.05,379.91,969.7,474.94,24958.5,262.65,95.03,2.764,False,,True,R-desk,7,evt_S-61_desk_work_surface_0001,243d4174c5ecf8e0,lap_bag_context,no_pose_observation,34560.0,1.33,,1,cam12/e1/v1,
p5,03.CCTV Mobile Usage.mkv,632de9ed55947761d56d4c6142a3cb1a1fe69d0b1a6d0e01a2e404c697962623,dfine_sahi,13700.0,keyboard,0.6385,772.63,380.23,871.12,420.39,3955.7,98.5,40.16,2.453,False,,True,R-desk,7,evt_S-61_desk_work_surface_0001,243d4174c5ecf8e0,lap_bag_context,no_pose_observation,34560.0,1.33,,1,cam12/e1/v1,
p5,03.CCTV Mobile Usage.mkv,632de9ed55947761d56d4c6142a3cb1a1fe69d0b1a6d0e01a2e404c697962623,dfine_sahi,13700.0,unknown_object,0.6351,699.91,396.23,849.23,492.42,14363.2,149.32,96.19,1.552,False,,True,R-desk,7,evt_S-61_desk_work_surface_0001,243d4174c5ecf8e0,lap_bag_context,no_pose_observation,34560.0,1.33,,1,cam12/e1/v1,
p5,03.CCTV Mobile Usage.mkv,632de9ed55947761d56d4c6142a3cb1a1fe69d0b1a6d0e01a2e404c697962623,dfine_sahi,13700.0,keyboard,0.6268,962.63,452.36,1035.07,475.63,1686.1,72.44,23.28,3.112,False,,True,R-desk,7,evt_S-61_desk_work_surface_0001,243d4174c5ecf8e0,lap_bag_context,no_pose_observation,34560.0,1.33,,1,cam12/e1/v1,
p5,03.CCTV Mobile Usage.mkv,632de9ed55947761d56d4c6142a3cb1a1fe69d0b1a6d0e01a2e404c697962623,dfine_sahi,13700.0,mouse,0.5573,865.43,413.69,891.29,435.25,557.5,25.86,21.56,1.2,False,,True,R-desk,7,evt_S-61_desk_work_surface_0001,243d4174c5ecf8e0,lap_bag_context,no_pose_observation,34560.0,1.33,,1,cam12/e1/v1,
p5,03.CCTV Mobile Usage.mkv,632de9ed55947761d56d4c6142a3cb1a1fe69d0b1a6d0e01a2e404c697962623,dfine_sahi,13700.0,unknown_object,0.5137,769.18,411.0,969.84,505.94,19052.0,200.66,94.95,2.113,False,,True,R-desk,7,evt_S-61_desk_work_surface_0001,243d4174c5ecf8e0,lap_bag_context,no_pose_observation,34560.0,1.33,,1,cam12/e1/v1,
p5,03.CCTV Mobile Usage.mkv,632de9ed55947761d56d4c6142a3cb1a1fe69d0b1a6d0e01a2e404c697962623,dfine_sahi,13700.0,phone,0.4353,1043.38,421.51,1113.15,473.57,3632.2,69.77,52.06,1.34,False,,True,R-desk,7,evt_S-61_desk_work_surface_0001,243d4174c5ecf8e0,lap_bag_context,no_pose_observation,34560.0,1.33,,1,cam12/e1/v1,
p5,03.CCTV Mobile Usage.mkv,632de9ed55947761d56d4c6142a3cb1a1fe69d0b1a6d0e01a2e404c697962623,dfine_sahi,13700.0,keyboard,0.4275,802.46,396.23,870.9,420.71,1675.4,68.44,24.48,2.796,False,,True,R-desk,7,evt_S-61_desk_work_surface_0001,243d4174c5ecf8e0,lap_bag_context,no_pose_observation,34560.0,1.33,,1,cam12/e1/v1,
p5,03.CCTV Mobile Usage.mkv,632de9ed55947761d56d4c6142a3cb1a1fe69d0b1a6d0e01a2e404c697962623,dfine_sahi,13700.0,unknown_object,0.4047,699.97,396.23,757.44,491.07,5450.2,57.47,94.84,0.606,False,,True,R-desk,7,evt_S-61_desk_work_surface_0001,243d4174c5ecf8e0,lap_bag_context,no_pose_observation,34560.0,1.33,,1,cam12/e1/v1,
p5,03.CCTV Mobile Usage.mkv,632de9ed55947761d56d4c6142a3cb1a1fe69d0b1a6d0e01a2e404c697962623,dfine_sahi,13700.0,monitor_or_bezel,0.3911,1019.66,395.52,1145.07,446.54,6398.2,125.4,51.02,2.458,False,,True,R-desk,7,evt_S-61_desk_work_surface_0001,243d4174c5ecf8e0,lap_bag_context,no_pose_observation,34560.0,1.33,,1,cam12/e1/v1,
p5,03.CCTV Mobile Usage.mkv,632de9ed55947761d56d4c6142a3cb1a1fe69d0b1a6d0e01a2e404c697962623,dfine_sahi,13700.0,keyboard,0.3412,910.14,412.13,1092.2,506.31,17146.7,182.06,94.18,1.933,False,,True,R-desk,7,evt_S-61_desk_work_surface_0001,243d4174c5ecf8e0,lap_bag_context,no_pose_observation,34560.0,1.33,,1,cam12/e1/v1,
p5,03.CCTV Mobile Usage.mkv,632de9ed55947761d56d4c6142a3cb1a1fe69d0b1a6d0e01a2e404c697962623,dfine_sahi,13700.0,unknown_object,0.3252,882.06,411.12,932.43,452.77,2097.8,50.37,41.65,1.21,False,,True,R-desk,7,evt_S-61_desk_work_surface_0001,243d4174c5ecf8e0,lap_bag_context,no_pose_observation,34560.0,1.33,,1,cam12/e1/v1,
p5,03.CCTV Mobile Usage.mkv,632de9ed55947761d56d4c6142a3cb1a1fe69d0b1a6d0e01a2e404c697962623,dfine_sahi,13700.0,keyboard,0.3242,965.98,396.23,1096.61,475.05,10296.4,130.63,78.82,1.657,False,,True,R-desk,7,evt_S-61_desk_work_surface_0001,243d4174c5ecf8e0,lap_bag_context,no_pose_observation,34560.0,1.33,,1,cam12/e1/v1,
p5,03.CCTV Mobile Usage.mkv,632de9ed55947761d56d4c6142a3cb1a1fe69d0b1a6d0e01a2e404c697962623,dfine_sahi,13700.0,unknown_object,0.3122,736.53,395.62,1140.46,491.18,38597.9,403.92,95.56,4.227,False,,True,R-desk,7,evt_S-61_desk_work_surface_0001,243d4174c5ecf8e0,lap_bag_context,no_pose_observation,34560.0,1.33,,1,cam12/e1/v1,
p5,03.CCTV Mobile Usage.mkv,632de9ed55947761d56d4c6142a3cb1a1fe69d0b1a6d0e01a2e404c697962623,dfine_sahi,13700.0,unknown_object,0.277,881.3,411.54,969.9,505.57,8331.3,88.6,94.03,0.942,False,,True,R-desk,7,evt_S-61_desk_work_surface_0001,243d4174c5ecf8e0,lap_bag_context,no_pose_observation,34560.0,1.33,,1,cam12/e1/v1,
p5,03.CCTV Mobile Usage.mkv,632de9ed55947761d56d4c6142a3cb1a1fe69d0b1a6d0e01a2e404c697962623,dfine_sahi,13700.0,mouse,0.2755,966.86,398.32,992.31,410.43,308.4,25.45,12.12,2.101,False,,True,R-desk,7,evt_S-61_desk_work_surface_0001,243d4174c5ecf8e0,lap_bag_context,no_pose_observation,34560.0,1.33,,1,cam12/e1/v1,
p5,03.CCTV Mobile Usage.mkv,632de9ed55947761d56d4c6142a3cb1a1fe69d0b1a6d0e01a2e404c697962623,dfine_sahi,13700.0,keyboard,0.2612,882.33,380.24,968.97,453.05,6308.7,86.65,72.81,1.19,False,,True,R-desk,7,evt_S-61_desk_work_surface_0001,243d4174c5ecf8e0,lap_bag_context,no_pose_observation,34560.0,1.33,,1,cam12/e1/v1,
p5,03.CCTV Mobile Usage.mkv,632de9ed55947761d56d4c6142a3cb1a1fe69d0b1a6d0e01a2e404c697962623,dfine_sahi,13700.0,unknown_object,0.2541,910.47,411.12,1177.82,506.5,25500.8,267.36,95.38,2.803,False,,True,R-desk,7,evt_S-61_desk_work_surface_0001,243d4174c5ecf8e0,lap_bag_context,no_pose_observation,34560.0,1.33,,1,cam12/e1/v1,
p5,03.CCTV Mobile Usage.mkv,632de9ed55947761d56d4c6142a3cb1a1fe69d0b1a6d0e01a2e404c697962623,dfine_sahi,13700.0,unknown_object,0.6503,96.2,324.35,210.75,421.62,11142.7,114.55,97.27,1.178,False,,True,S-61,2,evt_S-61_desk_work_surface_0001,843ac0bd3ddb8743,pose_hand_context,,44783.0,3.02,,1,cam12/e1/v1,rtmpose_baseline
p5,03.CCTV Mobile Usage.mkv,632de9ed55947761d56d4c6142a3cb1a1fe69d0b1a6d0e01a2e404c697962623,dfine_sahi,13700.0,unknown_object,0.448,0.34,254.1,45.11,306.08,2327.2,44.77,51.98,0.861,False,,True,S-61,2,evt_S-61_desk_work_surface_0001,843ac0bd3ddb8743,pose_hand_context,,44783.0,3.02,,1,cam12/e1/v1,rtmpose_baseline
p5,03.CCTV Mobile Usage.mkv,632de9ed55947761d56d4c6142a3cb1a1fe69d0b1a6d0e01a2e404c697962623,dfine_sahi,13700.0,unknown_object,0.4153,-0.16,278.33,84.97,421.88,12220.0,85.13,143.55,0.593,False,,True,S-61,2,evt_S-61_desk_work_surface_0001,843ac0bd3ddb8743,pose_hand_context,,44783.0,3.02,,1,cam12/e1/v1,rtmpose_baseline
p5,03.CCTV Mobile Usage.mkv,632de9ed55947761d56d4c6142a3cb1a1fe69d0b1a6d0e01a2e404c697962623,dfine_sahi,13700.0,bag,0.3746,0.43,254.6,96.07,329.45,7157.9,95.63,74.85,1.278,False,,True,S-61,2,evt_S-61_desk_work_surface_0001,843ac0bd3ddb8743,pose_hand_context,,44783.0,3.02,,1,cam12/e1/v1,rtmpose_baseline
p5,03.CCTV Mobile Usage.mkv,632de9ed55947761d56d4c6142a3cb1a1fe69d0b1a6d0e01a2e404c697962623,dfine_sahi,13700.0,bag,0.3578,17.2,300.65,94.62,329.71,2250.0,77.41,29.07,2.663,False,,True,S-61,2,evt_S-61_desk_work_surface_0001,843ac0bd3ddb8743,pose_hand_context,,44783.0,3.02,,1,cam12/e1/v1,rtmpose_baseline
p5,03.CCTV Mobile Usage.mkv,632de9ed55947761d56d4c6142a3cb1a1fe69d0b1a6d0e01a2e404c697962623,dfine_sahi,13700.0,unknown_object,0.3306,0.04,254.9,210.74,421.83,35171.2,210.7,166.93,1.262,False,,True,S-61,2,evt_S-61_desk_work_surface_0001,843ac0bd3ddb8743,pose_hand_context,,44783.0,3.02,,1,cam12/e1/v1,rtmpose_baseline
p5,03.CCTV Mobile Usage.mkv,632de9ed55947761d56d4c6142a3cb1a1fe69d0b1a6d0e01a2e404c697962623,dfine_sahi,13700.0,keyboard,0.3124,191.28,337.71,210.99,367.37,584.6,19.71,29.66,0.664,False,,True,S-61,2,evt_S-61_desk_work_surface_0001,843ac0bd3ddb8743,pose_hand_context,,44783.0,3.02,,1,cam12/e1/v1,rtmpose_baseline
p5,03.CCTV Mobile Usage.mkv,632de9ed55947761d56d4c6142a3cb1a1fe69d0b1a6d0e01a2e404c697962623,dfine_sahi,13700.0,unknown_object,0.2542,0.27,254.34,117.5,329.65,8827.7,117.23,75.3,1.557,False,,True,S-61,2,evt_S-61_desk_work_surface_0001,843ac0bd3ddb8743,pose_hand_context,,44783.0,3.02,,1,cam12/e1/v1,rtmpose_baseline
p5,03.CCTV Mobile Usage.mkv,632de9ed55947761d56d4c6142a3cb1a1fe69d0b1a6d0e01a2e404c697962623,dfine_sahi,13700.0,unknown_object,0.6748,94.0,372.12,204.94,480.54,12027.8,110.94,108.42,1.023,False,,True,S-61,1,evt_S-61_desk_work_surface_0001,96838b91a5af473a,pose_hand_context,,38722.4,3.25,,1,cam12/e1/v1,rtmpose_baseline
p5,03.CCTV Mobile Usage.mkv,632de9ed55947761d56d4c6142a3cb1a1fe69d0b1a6d0e01a2e404c697962623,dfine_sahi,13700.0,unknown_object,0.649,46.03,509.21,85.17,555.62,1816.6,39.14,46.41,0.843,False,,True,S-61,1,evt_S-61_desk_work_surface_0001,96838b91a5af473a,pose_hand_context,,38722.4,3.25,,1,cam12/e1/v1,rtmpose_baseline
p5,03.CCTV Mobile Usage.mkv,632de9ed55947761d56d4c6142a3cb1a1fe69d0b1a6d0e01a2e404c697962623,dfine_sahi,13700.0,unknown_object,0.5722,7.96,493.85,204.72,567.96,14581.5,196.76,74.11,2.655,False,,True,S-61,1,evt_S-61_desk_work_surface_0001,96838b91a5af473a,pose_hand_context,,38722.4,3.25,,1,cam12/e1/v1,rtmpose_baseline
p5,03.CCTV Mobile Usage.mkv,632de9ed55947761d56d4c6142a3cb1a1fe69d0b1a6d0e01a2e404c697962623,dfine_sahi,13700.0,stationery,0.4846,43.14,443.47,72.21,471.07,802.4,29.07,27.6,1.053,False,,True,S-61,1,evt_S-61_desk_work_surface_0001,96838b91a5af473a,pose_hand_context,,38722.4,3.25,,1,cam12/e1/v1,rtmpose_baseline
p5,03.CCTV Mobile Usage.mkv,632de9ed55947761d56d4c6142a3cb1a1fe69d0b1a6d0e01a2e404c697962623,dfine_sahi,13700.0,unknown_object,0.4473,7.97,372.29,118.87,480.86,12039.7,110.9,108.56,1.022,False,,True,S-61,1,evt_S-61_desk_work_surface_0001,96838b91a5af473a,pose_hand_context,,38722.4,3.25,,1,cam12/e1/v1,rtmpose_baseline
p5,03.CCTV Mobile Usage.mkv,632de9ed55947761d56d4c6142a3cb1a1fe69d0b1a6d0e01a2e404c697962623,dfine_sahi,13700.0,stationery,0.3904,8.03,415.42,103.85,502.76,8368.7,95.81,87.34,1.097,False,,True,S-61,1,evt_S-61_desk_work_surface_0001,96838b91a5af473a,pose_hand_context,,38722.4,3.25,,1,cam12/e1/v1,rtmpose_baseline
p5,03.CCTV Mobile Usage.mkv,632de9ed55947761d56d4c6142a3cb1a1fe69d0b1a6d0e01a2e404c697962623,dfine_sahi,13700.0,unknown_object,0.3749,94.02,417.66,153.57,480.06,3716.1,59.55,62.4,0.954,False,,True,S-61,1,evt_S-61_desk_work_surface_0001,96838b91a5af473a,pose_hand_context,,38722.4,3.25,,1,cam12/e1/v1,rtmpose_baseline
p5,03.CCTV Mobile Usage.mkv,632de9ed55947761d56d4c6142a3cb1a1fe69d0b1a6d0e01a2e404c697962623,dfine_sahi,13700.0,unknown_object,0.3212,93.98,458.08,144.96,498.15,2042.6,50.97,40.07,1.272,False,,True,S-61,1,evt_S-61_desk_work_surface_0001,96838b91a5af473a,pose_hand_context,,38722.4,3.25,,1,cam12/e1/v1,rtmpose_baseline
p5,03.CCTV Mobile Usage.mkv,632de9ed55947761d56d4c6142a3cb1a1fe69d0b1a6d0e01a2e404c697962623,dfine_sahi,13700.0,unknown_object,0.3177,42.96,443.4,72.09,470.78,797.6,29.13,27.38,1.064,False,,True,S-61,1,evt_S-61_desk_work_surface_0001,96838b91a5af473a,pose_hand_context,,38722.4,3.25,,1,cam12/e1/v1,rtmpose_baseline
p5,03.CCTV Mobile Usage.mkv,632de9ed55947761d56d4c6142a3cb1a1fe69d0b1a6d0e01a2e404c697962623,dfine_sahi,13700.0,unknown_object,0.3162,48.7,518.93,72.78,552.76,814.9,24.09,33.83,0.712,False,,True,S-61,1,evt_S-61_desk_work_surface_0001,96838b91a5af473a,pose_hand_context,,38722.4,3.25,,1,cam12/e1/v1,rtmpose_baseline
p5,03.CCTV Mobile Usage.mkv,632de9ed55947761d56d4c6142a3cb1a1fe69d0b1a6d0e01a2e404c697962623,dfine_sahi,13700.0,unknown_object,0.3044,8.15,413.99,156.49,504.3,13395.9,148.34,90.3,1.643,False,,True,S-61,1,evt_S-61_desk_work_surface_0001,96838b91a5af473a,pose_hand_context,,38722.4,3.25,,1,cam12/e1/v1,rtmpose_baseline
p5,03.CCTV Mobile Usage.mkv,632de9ed55947761d56d4c6142a3cb1a1fe69d0b1a6d0e01a2e404c697962623,dfine_sahi,13700.0,unknown_object,0.298,42.48,458.04,73.29,471.26,407.4,30.82,13.22,2.331,False,,True,S-61,1,evt_S-61_desk_work_surface_0001,96838b91a5af473a,pose_hand_context,,38722.4,3.25,,1,cam12/e1/v1,rtmpose_baseline
p5,03.CCTV Mobile Usage.mkv,632de9ed55947761d56d4c6142a3cb1a1fe69d0b1a6d0e01a2e404c697962623,dfine_sahi,13700.0,unknown_object,0.2967,68.72,372.91,118.95,450.77,3911.7,50.24,77.86,0.645,False,,True,S-61,1,evt_S-61_desk_work_surface_0001,96838b91a5af473a,pose_hand_context,,38722.4,3.25,,1,cam12/e1/v1,rtmpose_baseline
p5,03.CCTV Mobile Usage.mkv,632de9ed55947761d56d4c6142a3cb1a1fe69d0b1a6d0e01a2e404c697962623,dfine_sahi,13700.0,unknown_object,0.2763,8.66,458.05,118.9,502.21,4868.0,110.24,44.16,2.496,False,,True,S-61,1,evt_S-61_desk_work_surface_0001,96838b91a5af473a,pose_hand_context,,38722.4,3.25,,1,cam12/e1/v1,rtmpose_baseline
p5,03.CCTV Mobile Usage.mkv,632de9ed55947761d56d4c6142a3cb1a1fe69d0b1a6d0e01a2e404c697962623,dfine_sahi,13700.0,stationery,0.2723,43.64,508.95,89.79,557.11,2223.0,46.15,48.17,0.958,False,,True,S-61,1,evt_S-61_desk_work_surface_0001,96838b91a5af473a,pose_hand_context,,38722.4,3.25,,1,cam12/e1/v1,rtmpose_baseline
p5,03.CCTV Mobile Usage.mkv,632de9ed55947761d56d4c6142a3cb1a1fe69d0b1a6d0e01a2e404c697962623,dfine_sahi,41183.0,unknown_object,0.3097,190.05,165.8,232.31,198.42,1378.4,42.25,32.62,1.295,False,,True,S-61,9,evt_S-61_desk_work_surface_0002,0732a167cd42c65f,pose_hand_context,,2304.0,13.33,,1,cam12/e1/v1,rtmpose_baseline
p5,03.CCTV Mobile Usage.mkv,632de9ed55947761d56d4c6142a3cb1a1fe69d0b1a6d0e01a2e404c697962623,dfine_sahi,41183.0,stationery,0.293,190.38,165.97,232.32,193.07,1136.5,41.94,27.1,1.547,False,,True,S-61,9,evt_S-61_desk_work_surface_0002,0732a167cd42c65f,pose_hand_context,,2304.0,13.33,,1,cam12/e1/v1,rtmpose_baseline
p5,03.CCTV Mobile Usage.mkv,632de9ed55947761d56d4c6142a3cb1a1fe69d0b1a6d0e01a2e404c697962623,dfine_sahi,41183.0,unknown_object,0.2872,175.28,165.64,232.25,224.81,3371.2,56.97,59.18,0.963,False,,True,S-61,9,evt_S-61_desk_work_surface_0002,0732a167cd42c65f,pose_hand_context,,2304.0,13.33,,1,cam12/e1/v1,rtmpose_baseline
p5,03.CCTV Mobile Usage.mkv,632de9ed55947761d56d4c6142a3cb1a1fe69d0b1a6d0e01a2e404c697962623,dfine_sahi,41183.0,unknown_object,0.6345,87.0,425.17,182.83,520.44,9129.1,95.83,95.27,1.006,False,,True,S-61,8,evt_S-61_desk_work_surface_0002,25dbd0c1ca232cd5,pose_hand_context,,29097.5,3.75,,1,cam12/e1/v1,rtmpose_baseline
p5,03.CCTV Mobile Usage.mkv,632de9ed55947761d56d4c6142a3cb1a1fe69d0b1a6d0e01a2e404c697962623,dfine_sahi,41183.0,unknown_object,0.4796,40.07,425.23,107.92,474.45,3339.6,67.85,49.22,1.379,False,,True,S-61,8,evt_S-61_desk_work_surface_0002,25dbd0c1ca232cd5,pose_hand_context,,29097.5,3.75,,1,cam12/e1/v1,rtmpose_baseline
p5,03.CCTV Mobile Usage.mkv,632de9ed55947761d56d4c6142a3cb1a1fe69d0b1a6d0e01a2e404c697962623,dfine_sahi,41183.0,unknown_object,0.4095,12.01,425.08,107.95,520.67,9170.4,95.93,95.59,1.004,False,,True,S-61,8,evt_S-61_desk_work_surface_0002,25dbd0c1ca232cd5,pose_hand_context,,29097.5,3.75,,1,cam12/e1/v1,rtmpose_baseline
p5,03.CCTV Mobile Usage.mkv,632de9ed55947761d56d4c6142a3cb1a1fe69d0b1a6d0e01a2e404c697962623,dfine_sahi,41183.0,unknown_object,0.4012,87.01,381.17,163.79,445.38,4930.6,76.78,64.21,1.196,False,,True,S-61,8,evt_S-61_desk_work_surface_0002,25dbd0c1ca232cd5,pose_hand_context,,29097.5,3.75,,1,cam12/e1/v1,rtmpose_baseline
p5,03.CCTV Mobile Usage.mkv,632de9ed55947761d56d4c6142a3cb1a1fe69d0b1a6d0e01a2e404c697962623,dfine_sahi,41183.0,unknown_object,0.3851,44.18,509.6,77.81,520.99,382.8,33.62,11.39,2.953,False,,True,S-61,8,evt_S-61_desk_work_surface_0002,25dbd0c1ca232cd5,pose_hand_context,,29097.5,3.75,,1,cam12/e1/v1,rtmpose_baseline
p5,03.CCTV Mobile Usage.mkv,632de9ed55947761d56d4c6142a3cb1a1fe69d0b1a6d0e01a2e404c697962623,dfine_sahi,41183.0,unknown_object,0.3267,43.41,421.43,107.97,445.75,1570.3,64.56,24.32,2.654,False,,True,S-61,8,evt_S-61_desk_work_surface_0002,25dbd0c1ca232cd5,pose_hand_context,,29097.5,3.75,,1,cam12/e1/v1,rtmpose_baseline
p5,03.CCTV Mobile Usage.mkv,632de9ed55947761d56d4c6142a3cb1a1fe69d0b1a6d0e01a2e404c697962623,dfine_sahi,41183.0,unknown_object,0.2955,12.02,493.75,107.86,520.93,2605.0,95.85,27.18,3.527,False,,True,S-61,8,evt_S-61_desk_work_surface_0002,25dbd0c1ca232cd5,pose_hand_context,,29097.5,3.75,,1,cam12/e1/v1,rtmpose_baseline
p5,03.CCTV Mobile Usage.mkv,632de9ed55947761d56d4c6142a3cb1a1fe69d0b1a6d0e01a2e404c697962623,dfine_sahi,41683.0,unknown_object,0.5827,81.03,422.16,176.75,517.43,9120.7,95.73,95.28,1.005,False,,True,S-61,8,evt_S-61_desk_work_surface_0002,c46e62affe84244a,pose_hand_context,,23605.2,4.17,,1,cam12/e1/v1,rtmpose_baseline
p5,03.CCTV Mobile Usage.mkv,632de9ed55947761d56d4c6142a3cb1a1fe69d0b1a6d0e01a2e404c697962623,dfine_sahi,41683.0,unknown_object,0.5039,81.08,388.54,158.23,450.17,4754.6,77.15,61.63,1.252,False,,True,S-61,8,evt_S-61_desk_work_surface_0002,c46e62affe84244a,pose_hand_context,,23605.2,4.17,,1,cam12/e1/v1,rtmpose_baseline
p5,03.CCTV Mobile Usage.mkv,632de9ed55947761d56d4c6142a3cb1a1fe69d0b1a6d0e01a2e404c697962623,dfine_sahi,41683.0,unknown_object,0.4036,40.95,422.29,108.9,474.18,3526.0,67.95,51.89,1.309,False,,True,S-61,8,evt_S-61_desk_work_surface_0002,c46e62affe84244a,pose_hand_context,,23605.2,4.17,,1,cam12/e1/v1,rtmpose_baseline
p5,03.CCTV Mobile Usage.mkv,632de9ed55947761d56d4c6142a3cb1a1fe69d0b1a6d0e01a2e404c697962623,dfine_sahi,41683.0,unknown_object,0.319,104.03,441.15,159.56,504.19,3500.6,55.53,63.04,0.881,False,,True,S-61,8,evt_S-61_desk_work_surface_0002,c46e62affe84244a,pose_hand_context,,23605.2,4.17,,1,cam12/e1/v1,rtmpose_baseline
p5,03.CCTV Mobile Usage.mkv,632de9ed55947761d56d4c6142a3cb1a1fe69d0b1a6d0e01a2e404c697962623,dfine_sahi,41683.0,unknown_object,0.3111,13.02,422.24,108.92,517.48,9133.0,95.9,95.24,1.007,False,,True,S-61,8,evt_S-61_desk_work_surface_0002,c46e62affe84244a,pose_hand_context,,23605.2,4.17,,1,cam12/e1/v1,rtmpose_baseline
p5,03.CCTV Mobile Usage.mkv,632de9ed55947761d56d4c6142a3cb1a1fe69d0b1a6d0e01a2e404c697962623,dfine_sahi,41683.0,unknown_object,0.2588,95.26,355.07,124.45,379.11,701.8,29.19,24.04,1.214,False,,True,S-61,8,evt_S-61_desk_work_surface_0002,c46e62affe84244a,pose_hand_context,,23605.2,4.17,,1,cam12/e1/v1,rtmpose_baseline
p5,03.CCTV Mobile Usage.mkv,632de9ed55947761d56d4c6142a3cb1a1fe69d0b1a6d0e01a2e404c697962623,dfine_sahi,42183.0,unknown_object,0.6097,83.98,422.23,158.47,517.19,7073.8,74.49,94.96,0.784,False,,True,S-61,8,evt_S-61_desk_work_surface_0002,0ed7f38a73807b8f,pose_hand_context,,24800.0,4.06,,1,cam12/e1/v1,rtmpose_baseline
p5,03.CCTV Mobile Usage.mkv,632de9ed55947761d56d4c6142a3cb1a1fe69d0b1a6d0e01a2e404c697962623,dfine_sahi,42183.0,unknown_object,0.381,42.57,393.68,110.97,448.7,3764.1,68.4,55.03,1.243,False,,True,S-61,8,evt_S-61_desk_work_surface_0002,0ed7f38a73807b8f,pose_hand_context,,24800.0,4.06,,1,cam12/e1/v1,rtmpose_baseline
p5,03.CCTV Mobile Usage.mkv,632de9ed55947761d56d4c6142a3cb1a1fe69d0b1a6d0e01a2e404c697962623,dfine_sahi,42183.0,unknown_object,0.3593,84.06,373.87,161.09,448.53,5751.2,77.03,74.66,1.032,False,,True,S-61,8,evt_S-61_desk_work_surface_0002,0ed7f38a73807b8f,pose_hand_context,,24800.0,4.06,,1,cam12/e1/v1,rtmpose_baseline
p5,03.CCTV Mobile Usage.mkv,632de9ed55947761d56d4c6142a3cb1a1fe69d0b1a6d0e01a2e404c697962623,dfine_sahi,42183.0,stationery,0.2657,42.79,448.56,74.36,473.65,792.0,31.57,25.09,1.258,False,,True,S-61,8,evt_S-61_desk_work_surface_0002,0ed7f38a73807b8f,pose_hand_context,,24800.0,4.06,,1,cam12/e1/v1,rtmpose_baseline
p5,03.CCTV Mobile Usage.mkv,632de9ed55947761d56d4c6142a3cb1a1fe69d0b1a6d0e01a2e404c697962623,dfine_sahi,42183.0,unknown_object,0.2594,19.04,357.23,177.02,514.29,24812.9,157.99,157.05,1.006,False,,True,S-61,8,evt_S-61_desk_work_surface_0002,0ed7f38a73807b8f,pose_hand_context,,24800.0,4.06,,1,cam12/e1/v1,rtmpose_baseline
p5,03.CCTV Mobile Usage.mkv,632de9ed55947761d56d4c6142a3cb1a1fe69d0b1a6d0e01a2e404c697962623,dfine_sahi,42183.0,unknown_object,0.2537,15.03,422.15,110.98,517.72,9169.4,95.95,95.57,1.004,False,,True,S-61,8,evt_S-61_desk_work_surface_0002,0ed7f38a73807b8f,pose_hand_context,,24800.0,4.06,,1,cam12/e1/v1,rtmpose_baseline
p5,03.CCTV Mobile Usage.mkv,632de9ed55947761d56d4c6142a3cb1a1fe69d0b1a6d0e01a2e404c697962623,dfine_sahi,42683.0,unknown_object,0.6806,87.07,424.19,170.61,519.97,8002.4,83.55,95.78,0.872,False,,True,S-61,8,evt_S-61_desk_work_surface_0002,845f6dfab8a96b2b,pose_hand_context,,29494.6,3.73,,1,cam12/e1/v1,rtmpose_baseline
p5,03.CCTV Mobile Usage.mkv,632de9ed55947761d56d4c6142a3cb1a1fe69d0b1a6d0e01a2e404c697962623,dfine_sahi,42683.0,unknown_object,0.5573,87.0,349.34,183.23,445.4,9244.4,96.23,96.06,1.002,False,,True,S-61,8,evt_S-61_desk_work_surface_0002,845f6dfab8a96b2b,pose_hand_context,,29494.6,3.73,,1,cam12/e1/v1,rtmpose_baseline
p5,03.CCTV Mobile Usage.mkv,632de9ed55947761d56d4c6142a3cb1a1fe69d0b1a6d0e01a2e404c697962623,dfine_sahi,42683.0,unknown_object,0.4419,40.47,424.15,108.93,474.32,3434.7,68.46,50.17,1.365,False,,True,S-61,8,evt_S-61_desk_work_surface_0002,845f6dfab8a96b2b,pose_hand_context,,29494.6,3.73,,1,cam12/e1/v1,rtmpose_baseline
p5,03.CCTV Mobile Usage.mkv,632de9ed55947761d56d4c6142a3cb1a1fe69d0b1a6d0e01a2e404c697962623,dfine_sahi,42683.0,unknown_object,0.4251,44.65,421.96,108.96,445.78,1532.3,64.31,23.83,2.699,False,,True,S-61,8,evt_S-61_desk_work_surface_0002,845f6dfab8a96b2b,pose_hand_context,,29494.6,3.73,,1,cam12/e1/v1,rtmpose_baseline
p5,03.CCTV Mobile Usage.mkv,632de9ed55947761d56d4c6142a3cb1a1fe69d0b1a6d0e01a2e404c697962623,dfine_sahi,42683.0,unknown_object,0.3279,12.0,424.26,108.93,520.63,9341.5,96.93,96.37,1.006,False,,True,S-61,8,evt_S-61_desk_work_surface_0002,845f6dfab8a96b2b,pose_hand_context,,29494.6,3.73,,1,cam12/e1/v1,rtmpose_baseline
p5,03.CCTV Mobile Usage.mkv,632de9ed55947761d56d4c6142a3cb1a1fe69d0b1a6d0e01a2e404c697962623,dfine_sahi,42683.0,unknown_object,0.3237,12.01,493.34,108.84,520.94,2672.1,96.84,27.59,3.509,False,,True,S-61,8,evt_S-61_desk_work_surface_0002,845f6dfab8a96b2b,pose_hand_context,,29494.6,3.73,,1,cam12/e1/v1,rtmpose_baseline
p5,03.CCTV Mobile Usage.mkv,632de9ed55947761d56d4c6142a3cb1a1fe69d0b1a6d0e01a2e404c697962623,dfine_sahi,43183.0,unknown_object,0.578,83.99,342.31,191.73,447.97,11383.3,107.74,105.66,1.02,False,,True,S-61,8,evt_S-61_desk_work_surface_0002,f4e7487a74c01a08,pose_hand_context,,36343.6,3.36,,1,cam12/e1/v1,rtmpose_baseline
p5,03.CCTV Mobile Usage.mkv,632de9ed55947761d56d4c6142a3cb1a1fe69d0b1a6d0e01a2e404c697962623,dfine_sahi,43183.0,unknown_object,0.5609,41.83,422.57,107.95,448.83,1736.5,66.13,26.26,2.518,False,,True,S-61,8,evt_S-61_desk_work_surface_0002,f4e7487a74c01a08,pose_hand_context,,36343.6,3.36,,1,cam12/e1/v1,rtmpose_baseline
p5,03.CCTV Mobile Usage.mkv,632de9ed55947761d56d4c6142a3cb1a1fe69d0b1a6d0e01a2e404c697962623,dfine_sahi,43183.0,unknown_object,0.5362,84.02,425.29,170.4,530.65,9101.4,86.38,105.36,0.82,False,,True,S-61,8,evt_S-61_desk_work_surface_0002,f4e7487a74c01a08,pose_hand_context,,36343.6,3.36,,1,cam12/e1/v1,rtmpose_baseline
p5,03.CCTV Mobile Usage.mkv,632de9ed55947761d56d4c6142a3cb1a1fe69d0b1a6d0e01a2e404c697962623,dfine_sahi,43183.0,unknown_object,0.4654,40.34,425.26,107.94,474.53,3331.0,67.6,49.28,1.372,False,,True,S-61,8,evt_S-61_desk_work_surface_0002,f4e7487a74c01a08,pose_hand_context,,36343.6,3.36,,1,cam12/e1/v1,rtmpose_baseline
p5,03.CCTV Mobile Usage.mkv,632de9ed55947761d56d4c6142a3cb1a1fe69d0b1a6d0e01a2e404c697962623,dfine_sahi,43183.0,unknown_object,0.3448,1.04,346.4,108.01,448.37,10907.8,106.96,101.98,1.049,False,,True,S-61,8,evt_S-61_desk_work_surface_0002,f4e7487a74c01a08,pose_hand_context,,36343.6,3.36,,1,cam12/e1/v1,rtmpose_baseline
p5,03.CCTV Mobile Usage.mkv,632de9ed55947761d56d4c6142a3cb1a1fe69d0b1a6d0e01a2e404c697962623,dfine_sahi,43183.0,unknown_object,0.2722,159.6,425.11,192.0,502.8,2517.8,32.41,77.69,0.417,False,,True,S-61,8,evt_S-61_desk_work_surface_0002,f4e7487a74c01a08,pose_hand_context,,36343.6,3.36,,1,cam12/e1/v1,rtmpose_baseline
p5,03.CCTV Mobile Usage.mkv,632de9ed55947761d56d4c6142a3cb1a1fe69d0b1a6d0e01a2e404c697962623,dfine_sahi,43183.0,unknown_object,0.2567,8.0,479.5,24.57,495.11,258.7,16.58,15.61,1.062,False,,True,S-61,8,evt_S-61_desk_work_surface_0002,f4e7487a74c01a08,pose_hand_context,,36343.6,3.36,,1,cam12/e1/v1,rtmpose_baseline
p5,03.CCTV Mobile Usage.mkv,632de9ed55947761d56d4c6142a3cb1a1fe69d0b1a6d0e01a2e404c697962623,dfine_sahi,43183.0,stationery,0.2509,84.85,386.87,149.26,428.81,2701.8,64.42,41.94,1.536,False,,True,S-61,8,evt_S-61_desk_work_surface_0002,f4e7487a74c01a08,pose_hand_context,,36343.6,3.36,,1,cam12/e1/v1,rtmpose_baseline
p5,03.CCTV Mobile Usage.mkv,632de9ed55947761d56d4c6142a3cb1a1fe69d0b1a6d0e01a2e404c697962623,dfine_sahi,43683.0,unknown_object,0.4827,-0.21,342.18,87.93,449.31,9443.0,88.14,107.14,0.823,False,,True,S-61,8,evt_S-61_desk_work_surface_0002,5efd7307fa9f50a1,pose_hand_context,,41122.2,3.12,,1,cam12/e1/v1,rtmpose_baseline
p5,03.CCTV Mobile Usage.mkv,632de9ed55947761d56d4c6142a3cb1a1fe69d0b1a6d0e01a2e404c697962623,dfine_sahi,43683.0,unknown_object,0.4376,40.44,424.11,111.97,474.65,3614.9,71.52,50.54,1.415,False,,True,S-61,8,evt_S-61_desk_work_surface_0002,5efd7307fa9f50a1,pose_hand_context,,41122.2,3.12,,1,cam12/e1/v1,rtmpose_baseline
p5,03.CCTV Mobile Usage.mkv,632de9ed55947761d56d4c6142a3cb1a1fe69d0b1a6d0e01a2e404c697962623,dfine_sahi,43683.0,unknown_object,0.3907,-0.31,449.2,169.43,538.57,15170.6,169.75,89.37,1.899,False,,True,S-61,8,evt_S-61_desk_work_surface_0002,5efd7307fa9f50a1,pose_hand_context,,41122.2,3.12,,1,cam12/e1/v1,rtmpose_baseline
p5,03.CCTV Mobile Usage.mkv,632de9ed55947761d56d4c6142a3cb1a1fe69d0b1a6d0e01a2e404c697962623,dfine_sahi,43683.0,unknown_object,0.3452,86.7,334.24,175.47,449.31,10214.3,88.77,115.07,0.771,False,,True,S-61,8,evt_S-61_desk_work_surface_0002,5efd7307fa9f50a1,pose_hand_context,,41122.2,3.12,,1,cam12/e1/v1,rtmpose_baseline
p5,03.CCTV Mobile Usage.mkv,632de9ed55947761d56d4c6142a3cb1a1fe69d0b1a6d0e01a2e404c697962623,dfine_sahi,44183.0,unknown_object,0.4301,42.56,418.73,117.04,451.88,2469.5,74.49,33.15,2.247,False,,True,S-61,8,evt_S-61_desk_work_surface_0002,7c395881a5f1ef2d,pose_hand_context,,46926.0,2.85,,1,cam12/e1/v1,rtmpose_baseline
p5,03.CCTV Mobile Usage.mkv,632de9ed55947761d56d4c6142a3cb1a1fe69d0b1a6d0e01a2e404c697962623,dfine_sahi,44183.0,unknown_object,0.398,91.0,423.07,181.39,503.52,7271.5,90.39,80.45,1.124,False,,True,S-61,8,evt_S-61_desk_work_surface_0002,7c395881a5f1ef2d,pose_hand_context,,46926.0,2.85,,1,cam12/e1/v1,rtmpose_baseline
p5,03.CCTV Mobile Usage.mkv,632de9ed55947761d56d4c6142a3cb1a1fe69d0b1a6d0e01a2e404c697962623,dfine_sahi,44183.0,unknown_object,0.28,-0.3,449.24,182.48,549.56,18337.9,182.78,100.33,1.822,False,,True,S-61,8,evt_S-61_desk_work_surface_0002,7c395881a5f1ef2d,pose_hand_context,,46926.0,2.85,,1,cam12/e1/v1,rtmpose_baseline
p5,03.CCTV Mobile Usage.mkv,632de9ed55947761d56d4c6142a3cb1a1fe69d0b1a6d0e01a2e404c697962623,dfine_sahi,44183.0,unknown_object,0.2606,-0.14,342.14,116.97,451.51,12807.5,117.11,109.36,1.071,False,,True,S-61,8,evt_S-61_desk_work_surface_0002,7c395881a5f1ef2d,pose_hand_context,,46926.0,2.85,,1,cam12/e1/v1,rtmpose_baseline
p5,03.CCTV Mobile Usage.mkv,632de9ed55947761d56d4c6142a3cb1a1fe69d0b1a6d0e01a2e404c697962623,dfine_sahi,44683.0,unknown_object,0.3657,42.29,418.64,116.9,450.86,2404.1,74.61,32.22,2.315,False,,True,S-61,8,evt_S-61_desk_work_surface_0002,ae2e8aa515956444,pose_hand_context,,46745.9,2.87,,1,cam12/e1/v1,rtmpose_baseline
p5,03.CCTV Mobile Usage.mkv,632de9ed55947761d56d4c6142a3cb1a1fe69d0b1a6d0e01a2e404c697962623,dfine_sahi,44683.0,unknown_object,0.3008,-0.23,448.79,180.82,548.52,18056.6,181.05,99.73,1.815,False,,True,S-61,8,evt_S-61_desk_work_surface_0002,ae2e8aa515956444,pose_hand_context,,46745.9,2.87,,1,cam12/e1/v1,rtmpose_baseline
p5,03.CCTV Mobile Usage.mkv,632de9ed55947761d56d4c6142a3cb1a1fe69d0b1a6d0e01a2e404c697962623,dfine_sahi,44683.0,unknown_object,0.2738,91.14,423.19,180.1,504.61,7242.7,88.96,81.41,1.093,False,,True,S-61,8,evt_S-61_desk_work_surface_0002,ae2e8aa515956444,pose_hand_context,,46745.9,2.87,,1,cam12/e1/v1,rtmpose_baseline
p5,03.CCTV Mobile Usage.mkv,632de9ed55947761d56d4c6142a3cb1a1fe69d0b1a6d0e01a2e404c697962623,dfine_sahi,44683.0,unknown_object,0.268,-0.15,343.27,116.93,450.48,12552.2,117.09,107.21,1.092,False,,True,S-61,8,evt_S-61_desk_work_surface_0002,ae2e8aa515956444,pose_hand_context,,46745.9,2.87,,1,cam12/e1/v1,rtmpose_baseline
p5,03.CCTV Mobile Usage.mkv,632de9ed55947761d56d4c6142a3cb1a1fe69d0b1a6d0e01a2e404c697962623,dfine_sahi,45183.0,unknown_object,0.6013,85.65,335.12,197.94,448.62,12744.9,112.29,113.5,0.989,False,,True,S-61,8,evt_S-61_desk_work_surface_0002,f3fd8c36fba179ee,pose_hand_context,,40231.3,3.16,,1,cam12/e1/v1,rtmpose_baseline
p5,03.CCTV Mobile Usage.mkv,632de9ed55947761d56d4c6142a3cb1a1fe69d0b1a6d0e01a2e404c697962623,dfine_sahi,45183.0,unknown_object,0.5017,86.09,424.13,172.53,504.47,6944.3,86.43,80.34,1.076,False,,True,S-61,8,evt_S-61_desk_work_surface_0002,f3fd8c36fba179ee,pose_hand_context,,40231.3,3.16,,1,cam12/e1/v1,rtmpose_baseline
p5,03.CCTV Mobile Usage.mkv,632de9ed55947761d56d4c6142a3cb1a1fe69d0b1a6d0e01a2e404c697962623,dfine_sahi,45183.0,unknown_object,0.4014,40.26,424.11,110.97,474.0,3528.3,70.71,49.9,1.417,False,,True,S-61,8,evt_S-61_desk_work_surface_0002,f3fd8c36fba179ee,pose_hand_context,,40231.3,3.16,,1,cam12/e1/v1,rtmpose_baseline
p5,03.CCTV Mobile Usage.mkv,632de9ed55947761d56d4c6142a3cb1a1fe69d0b1a6d0e01a2e404c697962623,dfine_sahi,45183.0,unknown_object,0.3441,-0.27,449.0,170.22,537.48,15084.5,170.5,88.47,1.927,False,,True,S-61,8,evt_S-61_desk_work_surface_0002,f3fd8c36fba179ee,pose_hand_context,,40231.3,3.16,,1,cam12/e1/v1,rtmpose_baseline
p5,03.CCTV Mobile Usage.mkv,632de9ed55947761d56d4c6142a3cb1a1fe69d0b1a6d0e01a2e404c697962623,dfine_sahi,45183.0,unknown_object,0.319,-0.33,341.88,111.1,448.47,11876.8,111.43,106.58,1.046,False,,True,S-61,8,evt_S-61_desk_work_surface_0002,f3fd8c36fba179ee,pose_hand_context,,40231.3,3.16,,1,cam12/e1/v1,rtmpose_baseline
p5,03.CCTV Mobile Usage.mkv,632de9ed55947761d56d4c6142a3cb1a1fe69d0b1a6d0e01a2e404c697962623,dfine_sahi,45183.0,unknown_object,0.2539,0.28,424.13,111.02,505.97,9062.7,110.74,81.84,1.353,False,,True,S-61,8,evt_S-61_desk_work_surface_0002,f3fd8c36fba179ee,pose_hand_context,,40231.3,3.16,,1,cam12/e1/v1,rtmpose_baseline
phase4_smoke2,03.CCTV Mobile Usage.mkv,632de9ed55947761d56d4c6142a3cb1a1fe69d0b1a6d0e01a2e404c697962623,dfine_native,9700.0,unknown_object,0.4601,132.03,136.48,193.82,269.29,8207.5,61.8,132.81,0.465,False,,True,S-61,2,evt_S-61_desk_work_surface_0001,221f3c51e350e5d4,pose_hand_context,,17977.4,4.77,,1,cam12/e1/v1,rtmpose_baseline
phase4_smoke2,03.CCTV Mobile Usage.mkv,632de9ed55947761d56d4c6142a3cb1a1fe69d0b1a6d0e01a2e404c697962623,dfine_native,9700.0,unknown_object,0.3504,190.18,201.26,208.79,264.56,1178.5,18.62,63.3,0.294,False,,True,S-61,2,evt_S-61_desk_work_surface_0001,221f3c51e350e5d4,pose_hand_context,,17977.4,4.77,,1,cam12/e1/v1,rtmpose_baseline
phase4_smoke2,03.CCTV Mobile Usage.mkv,632de9ed55947761d56d4c6142a3cb1a1fe69d0b1a6d0e01a2e404c697962623,dfine_native,9700.0,unknown_object,0.2953,190.37,201.8,208.22,239.17,667.2,17.85,37.37,0.478,False,,True,S-61,2,evt_S-61_desk_work_surface_0001,221f3c51e350e5d4,pose_hand_context,,17977.4,4.77,,1,cam12/e1/v1,rtmpose_baseline
phase4_smoke2,03.CCTV Mobile Usage.mkv,632de9ed55947761d56d4c6142a3cb1a1fe69d0b1a6d0e01a2e404c697962623,dfine_native,9700.0,stationery,0.2724,203.21,169.66,265.51,216.53,2920.0,62.29,46.88,1.329,False,,True,S-61,2,evt_S-61_desk_work_surface_0001,221f3c51e350e5d4,pose_hand_context,,17977.4,4.77,,1,cam12/e1/v1,rtmpose_baseline
phase4_smoke2,03.CCTV Mobile Usage.mkv,632de9ed55947761d56d4c6142a3cb1a1fe69d0b1a6d0e01a2e404c697962623,dfine_native,9700.0,unknown_object,0.4601,132.03,136.48,193.82,269.29,8207.5,61.8,132.81,0.465,False,,True,S-61,6,evt_S-61_upper_body_0015,221f3c51e350e5d4,pose_hand_context,,17977.4,4.77,,1,cam12/e1/v1,rtmpose_baseline
phase4_smoke2,03.CCTV Mobile Usage.mkv,632de9ed55947761d56d4c6142a3cb1a1fe69d0b1a6d0e01a2e404c697962623,dfine_native,9700.0,unknown_object,0.3504,190.18,201.26,208.79,264.56,1178.5,18.62,63.3,0.294,False,,True,S-61,6,evt_S-61_upper_body_0015,221f3c51e350e5d4,pose_hand_context,,17977.4,4.77,,1,cam12/e1/v1,rtmpose_baseline
phase4_smoke2,03.CCTV Mobile Usage.mkv,632de9ed55947761d56d4c6142a3cb1a1fe69d0b1a6d0e01a2e404c697962623,dfine_native,9700.0,unknown_object,0.2953,190.37,201.8,208.22,239.17,667.2,17.85,37.37,0.478,False,,True,S-61,6,evt_S-61_upper_body_0015,221f3c51e350e5d4,pose_hand_context,,17977.4,4.77,,1,cam12/e1/v1,rtmpose_baseline
phase4_smoke2,03.CCTV Mobile Usage.mkv,632de9ed55947761d56d4c6142a3cb1a1fe69d0b1a6d0e01a2e404c697962623,dfine_native,9700.0,stationery,0.2724,203.21,169.66,265.51,216.53,2920.0,62.29,46.88,1.329,False,,True,S-61,6,evt_S-61_upper_body_0015,221f3c51e350e5d4,pose_hand_context,,17977.4,4.77,,1,cam12/e1/v1,rtmpose_baseline
phase4_smoke2,03.CCTV Mobile Usage.mkv,632de9ed55947761d56d4c6142a3cb1a1fe69d0b1a6d0e01a2e404c697962623,dfine_native,9700.0,keyboard,0.9035,962.11,451.94,1068.0,491.44,4182.8,105.88,39.5,2.68,False,,True,R-desk,3,evt_S-61_desk_work_surface_0001,aa2a91065abbd7fe,lap_bag_context,no_pose_observation,34560.0,1.33,,1,cam12/e1/v1,
phase4_smoke2,03.CCTV Mobile Usage.mkv,632de9ed55947761d56d4c6142a3cb1a1fe69d0b1a6d0e01a2e404c697962623,dfine_native,9700.0,monitor_or_bezel,0.6032,1018.64,395.69,1145.25,447.3,6534.0,126.61,51.61,2.453,False,,True,R-desk,3,evt_S-61_desk_work_surface_0001,aa2a91065abbd7fe,lap_bag_context,no_pose_observation,34560.0,1.33,,1,cam12/e1/v1,
phase4_smoke2,03.CCTV Mobile Usage.mkv,632de9ed55947761d56d4c6142a3cb1a1fe69d0b1a6d0e01a2e404c697962623,dfine_native,9700.0,unknown_object,0.5179,700.11,396.17,862.39,492.21,15585.3,162.28,96.04,1.69,False,,True,R-desk,3,evt_S-61_desk_work_surface_0001,aa2a91065abbd7fe,lap_bag_context,no_pose_observation,34560.0,1.33,,1,cam12/e1/v1,
phase4_smoke2,03.CCTV Mobile Usage.mkv,632de9ed55947761d56d4c6142a3cb1a1fe69d0b1a6d0e01a2e404c697962623,dfine_native,9700.0,unknown_object,0.3775,699.98,396.11,771.33,491.82,6829.3,71.35,95.71,0.746,False,,True,R-desk,3,evt_S-61_desk_work_surface_0001,aa2a91065abbd7fe,lap_bag_context,no_pose_observation,34560.0,1.33,,1,cam12/e1/v1,
phase4_smoke2,03.CCTV Mobile Usage.mkv,632de9ed55947761d56d4c6142a3cb1a1fe69d0b1a6d0e01a2e404c697962623,dfine_native,9700.0,keyboard,0.4761,802.25,396.25,870.72,420.71,1674.8,68.47,24.46,2.799,False,,True,R-desk,3,evt_S-61_desk_work_surface_0001,aa2a91065abbd7fe,lap_bag_context,no_pose_observation,34560.0,1.33,,1,cam12/e1/v1,
phase4_smoke2,03.CCTV Mobile Usage.mkv,632de9ed55947761d56d4c6142a3cb1a1fe69d0b1a6d0e01a2e404c697962623,dfine_native,9700.0,phone,0.3356,1042.86,421.37,1114.04,474.47,3779.1,71.18,53.09,1.341,False,,True,R-desk,3,evt_S-61_desk_work_surface_0001,aa2a91065abbd7fe,lap_bag_context,no_pose_observation,34560.0,1.33,,1,cam12/e1/v1,
phase4_smoke2,03.CCTV Mobile Usage.mkv,632de9ed55947761d56d4c6142a3cb1a1fe69d0b1a6d0e01a2e404c697962623,dfine_native,9700.0,unknown_object,0.3186,700.06,396.27,758.23,490.41,5476.6,58.17,94.14,0.618,False,,True,R-desk,3,evt_S-61_desk_work_surface_0001,aa2a91065abbd7fe,lap_bag_context,no_pose_observation,34560.0,1.33,,1,cam12/e1/v1,
phase4_smoke2,03.CCTV Mobile Usage.mkv,632de9ed55947761d56d4c6142a3cb1a1fe69d0b1a6d0e01a2e404c697962623,dfine_native,9700.0,monitor_or_bezel,0.2952,1011.98,395.68,1146.4,488.42,12466.4,134.42,92.74,1.449,False,,True,R-desk,3,evt_S-61_desk_work_surface_0001,aa2a91065abbd7fe,lap_bag_context,no_pose_observation,34560.0,1.33,,1,cam12/e1/v1,
phase4_smoke2,03.CCTV Mobile Usage.mkv,632de9ed55947761d56d4c6142a3cb1a1fe69d0b1a6d0e01a2e404c697962623,dfine_native,9700.0,monitor_or_bezel,0.2681,881.36,396.18,948.1,452.48,3757.9,66.74,56.3,1.185,False,,True,R-desk,3,evt_S-61_desk_work_surface_0001,aa2a91065abbd7fe,lap_bag_context,no_pose_observation,34560.0,1.33,,1,cam12/e1/v1,
phase4_smoke2,03.CCTV Mobile Usage.mkv,632de9ed55947761d56d4c6142a3cb1a1fe69d0b1a6d0e01a2e404c697962623,dfine_native,9700.0,mouse,0.5184,864.74,413.84,892.29,435.32,591.6,27.54,21.48,1.282,False,,True,R-desk,3,evt_S-61_desk_work_surface_0001,aa2a91065abbd7fe,lap_bag_context,no_pose_observation,34560.0,1.33,,1,cam12/e1/v1,
phase4_smoke2,03.CCTV Mobile Usage.mkv,632de9ed55947761d56d4c6142a3cb1a1fe69d0b1a6d0e01a2e404c697962623,dfine_native,9700.0,mouse,0.278,967.15,398.42,992.01,410.59,302.6,24.86,12.17,2.042,False,,True,R-desk,3,evt_S-61_desk_work_surface_0001,aa2a91065abbd7fe,lap_bag_context,no_pose_observation,34560.0,1.33,,1,cam12/e1/v1,
phase4_smoke2,03.CCTV Mobile Usage.mkv,632de9ed55947761d56d4c6142a3cb1a1fe69d0b1a6d0e01a2e404c697962623,dfine_native,9700.0,unknown_object,0.2805,700.03,396.09,835.11,492.14,12974.5,135.08,96.05,1.406,False,,True,R-desk,3,evt_S-61_desk_work_surface_0001,aa2a91065abbd7fe,lap_bag_context,no_pose_observation,34560.0,1.33,,1,cam12/e1/v1,
phase4_smoke2,03.CCTV Mobile Usage.mkv,632de9ed55947761d56d4c6142a3cb1a1fe69d0b1a6d0e01a2e404c697962623,dfine_native,9700.0,mouse,0.2529,991.28,400.93,1028.29,413.57,467.7,37.01,12.63,2.929,False,,True,R-desk,3,evt_S-61_desk_work_surface_0001,aa2a91065abbd7fe,lap_bag_context,no_pose_observation,34560.0,1.33,,1,cam12/e1/v1,
phase4_smoke2,03.CCTV Mobile Usage.mkv,632de9ed55947761d56d4c6142a3cb1a1fe69d0b1a6d0e01a2e404c697962623,dfine_native,9700.0,keyboard,0.9035,962.11,451.94,1068.0,491.44,4182.8,105.88,39.5,2.68,False,,True,R-desk,7,evt_S-61_upper_body_0015,aa2a91065abbd7fe,lap_bag_context,no_pose_observation,34560.0,1.33,,1,cam12/e1/v1,
phase4_smoke2,03.CCTV Mobile Usage.mkv,632de9ed55947761d56d4c6142a3cb1a1fe69d0b1a6d0e01a2e404c697962623,dfine_native,9700.0,monitor_or_bezel,0.6032,1018.64,395.69,1145.25,447.3,6534.0,126.61,51.61,2.453,False,,True,R-desk,7,evt_S-61_upper_body_0015,aa2a91065abbd7fe,lap_bag_context,no_pose_observation,34560.0,1.33,,1,cam12/e1/v1,
phase4_smoke2,03.CCTV Mobile Usage.mkv,632de9ed55947761d56d4c6142a3cb1a1fe69d0b1a6d0e01a2e404c697962623,dfine_native,9700.0,unknown_object,0.5179,700.11,396.17,862.39,492.21,15585.3,162.28,96.04,1.69,False,,True,R-desk,7,evt_S-61_upper_body_0015,aa2a91065abbd7fe,lap_bag_context,no_pose_observation,34560.0,1.33,,1,cam12/e1/v1,
phase4_smoke2,03.CCTV Mobile Usage.mkv,632de9ed55947761d56d4c6142a3cb1a1fe69d0b1a6d0e01a2e404c697962623,dfine_native,9700.0,unknown_object,0.3775,699.98,396.11,771.33,491.82,6829.3,71.35,95.71,0.746,False,,True,R-desk,7,evt_S-61_upper_body_0015,aa2a91065abbd7fe,lap_bag_context,no_pose_observation,34560.0,1.33,,1,cam12/e1/v1,
phase4_smoke2,03.CCTV Mobile Usage.mkv,632de9ed55947761d56d4c6142a3cb1a1fe69d0b1a6d0e01a2e404c697962623,dfine_native,9700.0,keyboard,0.4761,802.25,396.25,870.72,420.71,1674.8,68.47,24.46,2.799,False,,True,R-desk,7,evt_S-61_upper_body_0015,aa2a91065abbd7fe,lap_bag_context,no_pose_observation,34560.0,1.33,,1,cam12/e1/v1,
phase4_smoke2,03.CCTV Mobile Usage.mkv,632de9ed55947761d56d4c6142a3cb1a1fe69d0b1a6d0e01a2e404c697962623,dfine_native,9700.0,phone,0.3356,1042.86,421.37,1114.04,474.47,3779.1,71.18,53.09,1.341,False,,True,R-desk,7,evt_S-61_upper_body_0015,aa2a91065abbd7fe,lap_bag_context,no_pose_observation,34560.0,1.33,,1,cam12/e1/v1,
phase4_smoke2,03.CCTV Mobile Usage.mkv,632de9ed55947761d56d4c6142a3cb1a1fe69d0b1a6d0e01a2e404c697962623,dfine_native,9700.0,unknown_object,0.3186,700.06,396.27,758.23,490.41,5476.6,58.17,94.14,0.618,False,,True,R-desk,7,evt_S-61_upper_body_0015,aa2a91065abbd7fe,lap_bag_context,no_pose_observation,34560.0,1.33,,1,cam12/e1/v1,
phase4_smoke2,03.CCTV Mobile Usage.mkv,632de9ed55947761d56d4c6142a3cb1a1fe69d0b1a6d0e01a2e404c697962623,dfine_native,9700.0,monitor_or_bezel,0.2952,1011.98,395.68,1146.4,488.42,12466.4,134.42,92.74,1.449,False,,True,R-desk,7,evt_S-61_upper_body_0015,aa2a91065abbd7fe,lap_bag_context,no_pose_observation,34560.0,1.33,,1,cam12/e1/v1,
phase4_smoke2,03.CCTV Mobile Usage.mkv,632de9ed55947761d56d4c6142a3cb1a1fe69d0b1a6d0e01a2e404c697962623,dfine_native,9700.0,monitor_or_bezel,0.2681,881.36,396.18,948.1,452.48,3757.9,66.74,56.3,1.185,False,,True,R-desk,7,evt_S-61_upper_body_0015,aa2a91065abbd7fe,lap_bag_context,no_pose_observation,34560.0,1.33,,1,cam12/e1/v1,
phase4_smoke2,03.CCTV Mobile Usage.mkv,632de9ed55947761d56d4c6142a3cb1a1fe69d0b1a6d0e01a2e404c697962623,dfine_native,9700.0,mouse,0.5184,864.74,413.84,892.29,435.32,591.6,27.54,21.48,1.282,False,,True,R-desk,7,evt_S-61_upper_body_0015,aa2a91065abbd7fe,lap_bag_context,no_pose_observation,34560.0,1.33,,1,cam12/e1/v1,
phase4_smoke2,03.CCTV Mobile Usage.mkv,632de9ed55947761d56d4c6142a3cb1a1fe69d0b1a6d0e01a2e404c697962623,dfine_native,9700.0,mouse,0.278,967.15,398.42,992.01,410.59,302.6,24.86,12.17,2.042,False,,True,R-desk,7,evt_S-61_upper_body_0015,aa2a91065abbd7fe,lap_bag_context,no_pose_observation,34560.0,1.33,,1,cam12/e1/v1,
phase4_smoke2,03.CCTV Mobile Usage.mkv,632de9ed55947761d56d4c6142a3cb1a1fe69d0b1a6d0e01a2e404c697962623,dfine_native,9700.0,unknown_object,0.2805,700.03,396.09,835.11,492.14,12974.5,135.08,96.05,1.406,False,,True,R-desk,7,evt_S-61_upper_body_0015,aa2a91065abbd7fe,lap_bag_context,no_pose_observation,34560.0,1.33,,1,cam12/e1/v1,
phase4_smoke2,03.CCTV Mobile Usage.mkv,632de9ed55947761d56d4c6142a3cb1a1fe69d0b1a6d0e01a2e404c697962623,dfine_native,9700.0,mouse,0.2529,991.28,400.93,1028.29,413.57,467.7,37.01,12.63,2.929,False,,True,R-desk,7,evt_S-61_upper_body_0015,aa2a91065abbd7fe,lap_bag_context,no_pose_observation,34560.0,1.33,,1,cam12/e1/v1,
phase4_smoke2,03.CCTV Mobile Usage.mkv,632de9ed55947761d56d4c6142a3cb1a1fe69d0b1a6d0e01a2e404c697962623,dfine_native,9700.0,keyboard,0.9035,962.11,451.94,1068.0,491.44,4182.8,105.88,39.5,2.68,False,,True,R-desk,4,evt_S-61_desk_work_surface_0001,aa2a91065abbd7fe,lap_bag_context,no_pose_observation,34560.0,1.33,,1,cam12/e1/v1,
phase4_smoke2,03.CCTV Mobile Usage.mkv,632de9ed55947761d56d4c6142a3cb1a1fe69d0b1a6d0e01a2e404c697962623,dfine_native,9700.0,monitor_or_bezel,0.6032,1018.64,395.69,1145.25,447.3,6534.0,126.61,51.61,2.453,False,,True,R-desk,4,evt_S-61_desk_work_surface_0001,aa2a91065abbd7fe,lap_bag_context,no_pose_observation,34560.0,1.33,,1,cam12/e1/v1,
phase4_smoke2,03.CCTV Mobile Usage.mkv,632de9ed55947761d56d4c6142a3cb1a1fe69d0b1a6d0e01a2e404c697962623,dfine_native,9700.0,unknown_object,0.5179,700.11,396.17,862.39,492.21,15585.3,162.28,96.04,1.69,False,,True,R-desk,4,evt_S-61_desk_work_surface_0001,aa2a91065abbd7fe,lap_bag_context,no_pose_observation,34560.0,1.33,,1,cam12/e1/v1,
phase4_smoke2,03.CCTV Mobile Usage.mkv,632de9ed55947761d56d4c6142a3cb1a1fe69d0b1a6d0e01a2e404c697962623,dfine_native,9700.0,unknown_object,0.3775,699.98,396.11,771.33,491.82,6829.3,71.35,95.71,0.746,False,,True,R-desk,4,evt_S-61_desk_work_surface_0001,aa2a91065abbd7fe,lap_bag_context,no_pose_observation,34560.0,1.33,,1,cam12/e1/v1,
phase4_smoke2,03.CCTV Mobile Usage.mkv,632de9ed55947761d56d4c6142a3cb1a1fe69d0b1a6d0e01a2e404c697962623,dfine_native,9700.0,keyboard,0.4761,802.25,396.25,870.72,420.71,1674.8,68.47,24.46,2.799,False,,True,R-desk,4,evt_S-61_desk_work_surface_0001,aa2a91065abbd7fe,lap_bag_context,no_pose_observation,34560.0,1.33,,1,cam12/e1/v1,
phase4_smoke2,03.CCTV Mobile Usage.mkv,632de9ed55947761d56d4c6142a3cb1a1fe69d0b1a6d0e01a2e404c697962623,dfine_native,9700.0,phone,0.3356,1042.86,421.37,1114.04,474.47,3779.1,71.18,53.09,1.341,False,,True,R-desk,4,evt_S-61_desk_work_surface_0001,aa2a91065abbd7fe,lap_bag_context,no_pose_observation,34560.0,1.33,,1,cam12/e1/v1,
phase4_smoke2,03.CCTV Mobile Usage.mkv,632de9ed55947761d56d4c6142a3cb1a1fe69d0b1a6d0e01a2e404c697962623,dfine_native,9700.0,unknown_object,0.3186,700.06,396.27,758.23,490.41,5476.6,58.17,94.14,0.618,False,,True,R-desk,4,evt_S-61_desk_work_surface_0001,aa2a91065abbd7fe,lap_bag_context,no_pose_observation,34560.0,1.33,,1,cam12/e1/v1,
phase4_smoke2,03.CCTV Mobile Usage.mkv,632de9ed55947761d56d4c6142a3cb1a1fe69d0b1a6d0e01a2e404c697962623,dfine_native,9700.0,monitor_or_bezel,0.2952,1011.98,395.68,1146.4,488.42,12466.4,134.42,92.74,1.449,False,,True,R-desk,4,evt_S-61_desk_work_surface_0001,aa2a91065abbd7fe,lap_bag_context,no_pose_observation,34560.0,1.33,,1,cam12/e1/v1,
phase4_smoke2,03.CCTV Mobile Usage.mkv,632de9ed55947761d56d4c6142a3cb1a1fe69d0b1a6d0e01a2e404c697962623,dfine_native,9700.0,monitor_or_bezel,0.2681,881.36,396.18,948.1,452.48,3757.9,66.74,56.3,1.185,False,,True,R-desk,4,evt_S-61_desk_work_surface_0001,aa2a91065abbd7fe,lap_bag_context,no_pose_observation,34560.0,1.33,,1,cam12/e1/v1,
phase4_smoke2,03.CCTV Mobile Usage.mkv,632de9ed55947761d56d4c6142a3cb1a1fe69d0b1a6d0e01a2e404c697962623,dfine_native,9700.0,mouse,0.5184,864.74,413.84,892.29,435.32,591.6,27.54,21.48,1.282,False,,True,R-desk,4,evt_S-61_desk_work_surface_0001,aa2a91065abbd7fe,lap_bag_context,no_pose_observation,34560.0,1.33,,1,cam12/e1/v1,
phase4_smoke2,03.CCTV Mobile Usage.mkv,632de9ed55947761d56d4c6142a3cb1a1fe69d0b1a6d0e01a2e404c697962623,dfine_native,9700.0,mouse,0.278,967.15,398.42,992.01,410.59,302.6,24.86,12.17,2.042,False,,True,R-desk,4,evt_S-61_desk_work_surface_0001,aa2a91065abbd7fe,lap_bag_context,no_pose_observation,34560.0,1.33,,1,cam12/e1/v1,
phase4_smoke2,03.CCTV Mobile Usage.mkv,632de9ed55947761d56d4c6142a3cb1a1fe69d0b1a6d0e01a2e404c697962623,dfine_native,9700.0,unknown_object,0.2805,700.03,396.09,835.11,492.14,12974.5,135.08,96.05,1.406,False,,True,R-desk,4,evt_S-61_desk_work_surface_0001,aa2a91065abbd7fe,lap_bag_context,no_pose_observation,34560.0,1.33,,1,cam12/e1/v1,
phase4_smoke2,03.CCTV Mobile Usage.mkv,632de9ed55947761d56d4c6142a3cb1a1fe69d0b1a6d0e01a2e404c697962623,dfine_native,9700.0,mouse,0.2529,991.28,400.93,1028.29,413.57,467.7,37.01,12.63,2.929,False,,True,R-desk,4,evt_S-61_desk_work_surface_0001,aa2a91065abbd7fe,lap_bag_context,no_pose_observation,34560.0,1.33,,1,cam12/e1/v1,
phase4_smoke2,03.CCTV Mobile Usage.mkv,632de9ed55947761d56d4c6142a3cb1a1fe69d0b1a6d0e01a2e404c697962623,dfine_native,9700.0,keyboard,0.9035,962.11,451.94,1068.0,491.44,4182.8,105.88,39.5,2.68,False,,True,R-desk,8,evt_S-61_upper_body_0015,aa2a91065abbd7fe,lap_bag_context,no_pose_observation,34560.0,1.33,,1,cam12/e1/v1,
phase4_smoke2,03.CCTV Mobile Usage.mkv,632de9ed55947761d56d4c6142a3cb1a1fe69d0b1a6d0e01a2e404c697962623,dfine_native,9700.0,monitor_or_bezel,0.6032,1018.64,395.69,1145.25,447.3,6534.0,126.61,51.61,2.453,False,,True,R-desk,8,evt_S-61_upper_body_0015,aa2a91065abbd7fe,lap_bag_context,no_pose_observation,34560.0,1.33,,1,cam12/e1/v1,
phase4_smoke2,03.CCTV Mobile Usage.mkv,632de9ed55947761d56d4c6142a3cb1a1fe69d0b1a6d0e01a2e404c697962623,dfine_native,9700.0,unknown_object,0.5179,700.11,396.17,862.39,492.21,15585.3,162.28,96.04,1.69,False,,True,R-desk,8,evt_S-61_upper_body_0015,aa2a91065abbd7fe,lap_bag_context,no_pose_observation,34560.0,1.33,,1,cam12/e1/v1,
phase4_smoke2,03.CCTV Mobile Usage.mkv,632de9ed55947761d56d4c6142a3cb1a1fe69d0b1a6d0e01a2e404c697962623,dfine_native,9700.0,unknown_object,0.3775,699.98,396.11,771.33,491.82,6829.3,71.35,95.71,0.746,False,,True,R-desk,8,evt_S-61_upper_body_0015,aa2a91065abbd7fe,lap_bag_context,no_pose_observation,34560.0,1.33,,1,cam12/e1/v1,
phase4_smoke2,03.CCTV Mobile Usage.mkv,632de9ed55947761d56d4c6142a3cb1a1fe69d0b1a6d0e01a2e404c697962623,dfine_native,9700.0,keyboard,0.4761,802.25,396.25,870.72,420.71,1674.8,68.47,24.46,2.799,False,,True,R-desk,8,evt_S-61_upper_body_0015,aa2a91065abbd7fe,lap_bag_context,no_pose_observation,34560.0,1.33,,1,cam12/e1/v1,
phase4_smoke2,03.CCTV Mobile Usage.mkv,632de9ed55947761d56d4c6142a3cb1a1fe69d0b1a6d0e01a2e404c697962623,dfine_native,9700.0,phone,0.3356,1042.86,421.37,1114.04,474.47,3779.1,71.18,53.09,1.341,False,,True,R-desk,8,evt_S-61_upper_body_0015,aa2a91065abbd7fe,lap_bag_context,no_pose_observation,34560.0,1.33,,1,cam12/e1/v1,
phase4_smoke2,03.CCTV Mobile Usage.mkv,632de9ed55947761d56d4c6142a3cb1a1fe69d0b1a6d0e01a2e404c697962623,dfine_native,9700.0,unknown_object,0.3186,700.06,396.27,758.23,490.41,5476.6,58.17,94.14,0.618,False,,True,R-desk,8,evt_S-61_upper_body_0015,aa2a91065abbd7fe,lap_bag_context,no_pose_observation,34560.0,1.33,,1,cam12/e1/v1,
phase4_smoke2,03.CCTV Mobile Usage.mkv,632de9ed55947761d56d4c6142a3cb1a1fe69d0b1a6d0e01a2e404c697962623,dfine_native,9700.0,monitor_or_bezel,0.2952,1011.98,395.68,1146.4,488.42,12466.4,134.42,92.74,1.449,False,,True,R-desk,8,evt_S-61_upper_body_0015,aa2a91065abbd7fe,lap_bag_context,no_pose_observation,34560.0,1.33,,1,cam12/e1/v1,
phase4_smoke2,03.CCTV Mobile Usage.mkv,632de9ed55947761d56d4c6142a3cb1a1fe69d0b1a6d0e01a2e404c697962623,dfine_native,9700.0,monitor_or_bezel,0.2681,881.36,396.18,948.1,452.48,3757.9,66.74,56.3,1.185,False,,True,R-desk,8,evt_S-61_upper_body_0015,aa2a91065abbd7fe,lap_bag_context,no_pose_observation,34560.0,1.33,,1,cam12/e1/v1,
phase4_smoke2,03.CCTV Mobile Usage.mkv,632de9ed55947761d56d4c6142a3cb1a1fe69d0b1a6d0e01a2e404c697962623,dfine_native,9700.0,mouse,0.5184,864.74,413.84,892.29,435.32,591.6,27.54,21.48,1.282,False,,True,R-desk,8,evt_S-61_upper_body_0015,aa2a91065abbd7fe,lap_bag_context,no_pose_observation,34560.0,1.33,,1,cam12/e1/v1,
phase4_smoke2,03.CCTV Mobile Usage.mkv,632de9ed55947761d56d4c6142a3cb1a1fe69d0b1a6d0e01a2e404c697962623,dfine_native,9700.0,mouse,0.278,967.15,398.42,992.01,410.59,302.6,24.86,12.17,2.042,False,,True,R-desk,8,evt_S-61_upper_body_0015,aa2a91065abbd7fe,lap_bag_context,no_pose_observation,34560.0,1.33,,1,cam12/e1/v1,
phase4_smoke2,03.CCTV Mobile Usage.mkv,632de9ed55947761d56d4c6142a3cb1a1fe69d0b1a6d0e01a2e404c697962623,dfine_native,9700.0,unknown_object,0.2805,700.03,396.09,835.11,492.14,12974.5,135.08,96.05,1.406,False,,True,R-desk,8,evt_S-61_upper_body_0015,aa2a91065abbd7fe,lap_bag_context,no_pose_observation,34560.0,1.33,,1,cam12/e1/v1,
phase4_smoke2,03.CCTV Mobile Usage.mkv,632de9ed55947761d56d4c6142a3cb1a1fe69d0b1a6d0e01a2e404c697962623,dfine_native,9700.0,mouse,0.2529,991.28,400.93,1028.29,413.57,467.7,37.01,12.63,2.929,False,,True,R-desk,8,evt_S-61_upper_body_0015,aa2a91065abbd7fe,lap_bag_context,no_pose_observation,34560.0,1.33,,1,cam12/e1/v1,
phase4_smoke2,03.CCTV Mobile Usage.mkv,632de9ed55947761d56d4c6142a3cb1a1fe69d0b1a6d0e01a2e404c697962623,dfine_native,9700.0,unknown_object,0.2924,144.46,502.6,248.93,597.44,9907.9,104.47,94.84,1.101,False,,True,S-61,1,evt_S-61_desk_work_surface_0001,d142004b4e59ec48,pose_hand_context,,20713.0,4.45,,1,cam12/e1/v1,rtmpose_baseline
phase4_smoke2,03.CCTV Mobile Usage.mkv,632de9ed55947761d56d4c6142a3cb1a1fe69d0b1a6d0e01a2e404c697962623,dfine_native,9700.0,unknown_object,0.2924,144.46,502.6,248.93,597.44,9907.9,104.47,94.84,1.101,False,,True,S-61,5,evt_S-61_upper_body_0015,d142004b4e59ec48,pose_hand_context,,20713.0,4.45,,1,cam12/e1/v1,rtmpose_baseline
phase4_smoke2,03.CCTV Mobile Usage.mkv,632de9ed55947761d56d4c6142a3cb1a1fe69d0b1a6d0e01a2e404c697962623,dfine_native,10200.0,bag,0.4527,182.8,261.1,259.26,295.64,2640.9,76.46,34.54,2.214,False,,True,S-61,2,evt_S-61_desk_work_surface_0001,3ca57fae345726aa,pose_hand_context,,19605.6,4.57,,1,cam12/e1/v1,rtmpose_baseline
phase4_smoke2,03.CCTV Mobile Usage.mkv,632de9ed55947761d56d4c6142a3cb1a1fe69d0b1a6d0e01a2e404c697962623,dfine_native,10200.0,unknown_object,0.2898,163.0,181.67,224.96,259.86,4844.8,61.96,78.19,0.792,False,,True,S-61,2,evt_S-61_desk_work_surface_0001,3ca57fae345726aa,pose_hand_context,,19605.6,4.57,,1,cam12/e1/v1,rtmpose_baseline
phase4_smoke2,03.CCTV Mobile Usage.mkv,632de9ed55947761d56d4c6142a3cb1a1fe69d0b1a6d0e01a2e404c697962623,dfine_native,10200.0,bag,0.4527,182.8,261.1,259.26,295.64,2640.9,76.46,34.54,2.214,False,,True,S-61,6,evt_S-61_upper_body_0015,3ca57fae345726aa,pose_hand_context,,19605.6,4.57,,1,cam12/e1/v1,rtmpose_baseline
phase4_smoke2,03.CCTV Mobile Usage.mkv,632de9ed55947761d56d4c6142a3cb1a1fe69d0b1a6d0e01a2e404c697962623,dfine_native,10200.0,unknown_object,0.2898,163.0,181.67,224.96,259.86,4844.8,61.96,78.19,0.792,False,,True,S-61,6,evt_S-61_upper_body_0015,3ca57fae345726aa,pose_hand_context,,19605.6,4.57,,1,cam12/e1/v1,rtmpose_baseline
phase4_smoke2,03.CCTV Mobile Usage.mkv,632de9ed55947761d56d4c6142a3cb1a1fe69d0b1a6d0e01a2e404c697962623,dfine_native,10200.0,unknown_object,0.5567,112.03,451.18,239.95,578.3,16261.5,127.92,127.12,1.006,False,,True,S-61,1,evt_S-61_desk_work_surface_0001,9cb192cf057e470f,pose_hand_context,,16574.0,4.97,,1,cam12/e1/v1,rtmpose_baseline
phase4_smoke2,03.CCTV Mobile Usage.mkv,632de9ed55947761d56d4c6142a3cb1a1fe69d0b1a6d0e01a2e404c697962623,dfine_native,10200.0,unknown_object,0.2532,142.31,474.44,239.99,577.71,10087.4,97.68,103.27,0.946,False,,True,S-61,1,evt_S-61_desk_work_surface_0001,9cb192cf057e470f,pose_hand_context,,16574.0,4.97,,1,cam12/e1/v1,rtmpose_baseline
phase4_smoke2,03.CCTV Mobile Usage.mkv,632de9ed55947761d56d4c6142a3cb1a1fe69d0b1a6d0e01a2e404c697962623,dfine_native,10200.0,unknown_object,0.5567,112.03,451.18,239.95,578.3,16261.5,127.92,127.12,1.006,False,,True,S-61,5,evt_S-61_upper_body_0015,9cb192cf057e470f,pose_hand_context,,16574.0,4.97,,1,cam12/e1/v1,rtmpose_baseline
phase4_smoke2,03.CCTV Mobile Usage.mkv,632de9ed55947761d56d4c6142a3cb1a1fe69d0b1a6d0e01a2e404c697962623,dfine_native,10200.0,unknown_object,0.2532,142.31,474.44,239.99,577.71,10087.4,97.68,103.27,0.946,False,,True,S-61,5,evt_S-61_upper_body_0015,9cb192cf057e470f,pose_hand_context,,16574.0,4.97,,1,cam12/e1/v1,rtmpose_baseline
phase4_smoke2,03.CCTV Mobile Usage.mkv,632de9ed55947761d56d4c6142a3cb1a1fe69d0b1a6d0e01a2e404c697962623,dfine_native,10700.0,unknown_object,0.6902,112.2,261.21,241.92,331.36,9098.9,129.72,70.14,1.849,False,,True,S-61,2,evt_S-61_desk_work_surface_0001,306d5f013085fa12,pose_hand_context,,22428.1,4.27,,1,cam12/e1/v1,rtmpose_baseline
phase4_smoke2,03.CCTV Mobile Usage.mkv,632de9ed55947761d56d4c6142a3cb1a1fe69d0b1a6d0e01a2e404c697962623,dfine_native,10700.0,unknown_object,0.4654,211.13,228.02,228.93,255.87,495.9,17.8,27.85,0.639,False,,True,S-61,2,evt_S-61_desk_work_surface_0001,306d5f013085fa12,pose_hand_context,,22428.1,4.27,,1,cam12/e1/v1,rtmpose_baseline
phase4_smoke2,03.CCTV Mobile Usage.mkv,632de9ed55947761d56d4c6142a3cb1a1fe69d0b1a6d0e01a2e404c697962623,dfine_native,10700.0,unknown_object,0.2988,112.7,265.44,186.99,331.16,4882.6,74.29,65.72,1.13,False,,True,S-61,2,evt_S-61_desk_work_surface_0001,306d5f013085fa12,pose_hand_context,,22428.1,4.27,,1,cam12/e1/v1,rtmpose_baseline
phase4_smoke2,03.CCTV Mobile Usage.mkv,632de9ed55947761d56d4c6142a3cb1a1fe69d0b1a6d0e01a2e404c697962623,dfine_native,10700.0,unknown_object,0.2683,111.92,239.0,241.81,331.25,11982.0,129.89,92.25,1.408,False,,True,S-61,2,evt_S-61_desk_work_surface_0001,306d5f013085fa12,pose_hand_context,,22428.1,4.27,,1,cam12/e1/v1,rtmpose_baseline
phase4_smoke2,03.CCTV Mobile Usage.mkv,632de9ed55947761d56d4c6142a3cb1a1fe69d0b1a6d0e01a2e404c697962623,dfine_native,10700.0,unknown_object,0.274,112.46,225.49,241.92,331.26,13694.4,129.46,105.78,1.224,False,,True,S-61,2,evt_S-61_desk_work_surface_0001,306d5f013085fa12,pose_hand_context,,22428.1,4.27,,1,cam12/e1/v1,rtmpose_baseline
phase4_smoke2,03.CCTV Mobile Usage.mkv,632de9ed55947761d56d4c6142a3cb1a1fe69d0b1a6d0e01a2e404c697962623,dfine_native,10700.0,unknown_object,0.6902,112.2,261.21,241.92,331.36,9098.9,129.72,70.14,1.849,False,,True,S-61,6,evt_S-61_upper_body_0015,306d5f013085fa12,pose_hand_context,,22428.1,4.27,,1,cam12/e1/v1,rtmpose_baseline
phase4_smoke2,03.CCTV Mobile Usage.mkv,632de9ed55947761d56d4c6142a3cb1a1fe69d0b1a6d0e01a2e404c697962623,dfine_native,10700.0,unknown_object,0.4654,211.13,228.02,228.93,255.87,495.9,17.8,27.85,0.639,False,,True,S-61,6,evt_S-61_upper_body_0015,306d5f013085fa12,pose_hand_context,,22428.1,4.27,,1,cam12/e1/v1,rtmpose_baseline
phase4_smoke2,03.CCTV Mobile Usage.mkv,632de9ed55947761d56d4c6142a3cb1a1fe69d0b1a6d0e01a2e404c697962623,dfine_native,10700.0,unknown_object,0.2988,112.7,265.44,186.99,331.16,4882.6,74.29,65.72,1.13,False,,True,S-61,6,evt_S-61_upper_body_0015,306d5f013085fa12,pose_hand_context,,22428.1,4.27,,1,cam12/e1/v1,rtmpose_baseline
phase4_smoke2,03.CCTV Mobile Usage.mkv,632de9ed55947761d56d4c6142a3cb1a1fe69d0b1a6d0e01a2e404c697962623,dfine_native,10700.0,unknown_object,0.2683,111.92,239.0,241.81,331.25,11982.0,129.89,92.25,1.408,False,,True,S-61,6,evt_S-61_upper_body_0015,306d5f013085fa12,pose_hand_context,,22428.1,4.27,,1,cam12/e1/v1,rtmpose_baseline
phase4_smoke2,03.CCTV Mobile Usage.mkv,632de9ed55947761d56d4c6142a3cb1a1fe69d0b1a6d0e01a2e404c697962623,dfine_native,10700.0,unknown_object,0.274,112.46,225.49,241.92,331.26,13694.4,129.46,105.78,1.224,False,,True,S-61,6,evt_S-61_upper_body_0015,306d5f013085fa12,pose_hand_context,,22428.1,4.27,,1,cam12/e1/v1,rtmpose_baseline
phase4_smoke2,03.CCTV Mobile Usage.mkv,632de9ed55947761d56d4c6142a3cb1a1fe69d0b1a6d0e01a2e404c697962623,dfine_native,10700.0,unknown_object,0.4196,132.38,471.75,243.9,567.08,10632.2,111.52,95.34,1.17,False,,True,S-61,1,evt_S-61_desk_work_surface_0001,fc3e6f6ad9de900d,pose_hand_context,,16022.5,5.06,,1,cam12/e1/v1,rtmpose_baseline
phase4_smoke2,03.CCTV Mobile Usage.mkv,632de9ed55947761d56d4c6142a3cb1a1fe69d0b1a6d0e01a2e404c697962623,dfine_native,10700.0,unknown_object,0.4196,132.38,471.75,243.9,567.08,10632.2,111.52,95.34,1.17,False,,True,S-61,5,evt_S-61_upper_body_0015,fc3e6f6ad9de900d,pose_hand_context,,16022.5,5.06,,1,cam12/e1/v1,rtmpose_baseline
phase4_smoke2,03.CCTV Mobile Usage.mkv,632de9ed55947761d56d4c6142a3cb1a1fe69d0b1a6d0e01a2e404c697962623,dfine_native,11200.0,unknown_object,0.6306,120.13,457.18,237.14,564.31,12534.1,117.0,107.13,1.092,False,,True,S-61,1,evt_S-61_desk_work_surface_0001,2bebd0989d616603,pose_hand_context,,13815.7,5.44,,1,cam12/e1/v1,rtmpose_baseline
phase4_smoke2,03.CCTV Mobile Usage.mkv,632de9ed55947761d56d4c6142a3cb1a1fe69d0b1a6d0e01a2e404c697962623,dfine_native,11200.0,unknown_object,0.5379,120.01,457.2,237.18,574.41,13734.0,117.17,117.21,1.0,False,,True,S-61,1,evt_S-61_desk_work_surface_0001,2bebd0989d616603,pose_hand_context,,13815.7,5.44,,1,cam12/e1/v1,rtmpose_baseline
phase4_smoke2,03.CCTV Mobile Usage.mkv,632de9ed55947761d56d4c6142a3cb1a1fe69d0b1a6d0e01a2e404c697962623,dfine_native,11200.0,unknown_object,0.2585,120.27,457.25,237.19,562.84,12346.4,116.92,105.6,1.107,False,,True,S-61,1,evt_S-61_desk_work_surface_0001,2bebd0989d616603,pose_hand_context,,13815.7,5.44,,1,cam12/e1/v1,rtmpose_baseline
phase4_smoke2,03.CCTV Mobile Usage.mkv,632de9ed55947761d56d4c6142a3cb1a1fe69d0b1a6d0e01a2e404c697962623,dfine_native,11200.0,unknown_object,0.358,126.41,471.46,237.12,563.24,10161.5,110.71,91.78,1.206,False,,True,S-61,1,evt_S-61_desk_work_surface_0001,2bebd0989d616603,pose_hand_context,,13815.7,5.44,,1,cam12/e1/v1,rtmpose_baseline
phase4_smoke2,03.CCTV Mobile Usage.mkv,632de9ed55947761d56d4c6142a3cb1a1fe69d0b1a6d0e01a2e404c697962623,dfine_native,11200.0,unknown_object,0.2609,120.01,471.61,237.16,574.59,12063.4,117.15,102.97,1.138,False,,True,S-61,1,evt_S-61_desk_work_surface_0001,2bebd0989d616603,pose_hand_context,,13815.7,5.44,,1,cam12/e1/v1,rtmpose_baseline
phase4_smoke2,03.CCTV Mobile Usage.mkv,632de9ed55947761d56d4c6142a3cb1a1fe69d0b1a6d0e01a2e404c697962623,dfine_native,11200.0,unknown_object,0.2798,119.96,505.56,237.13,574.62,8091.9,117.17,69.06,1.697,False,,True,S-61,1,evt_S-61_desk_work_surface_0001,2bebd0989d616603,pose_hand_context,,13815.7,5.44,,1,cam12/e1/v1,rtmpose_baseline
phase4_smoke2,03.CCTV Mobile Usage.mkv,632de9ed55947761d56d4c6142a3cb1a1fe69d0b1a6d0e01a2e404c697962623,dfine_native,11200.0,unknown_object,0.6306,120.13,457.18,237.14,564.31,12534.1,117.0,107.13,1.092,False,,True,S-61,5,evt_S-61_upper_body_0015,2bebd0989d616603,pose_hand_context,,13815.7,5.44,,1,cam12/e1/v1,rtmpose_baseline
phase4_smoke2,03.CCTV Mobile Usage.mkv,632de9ed55947761d56d4c6142a3cb1a1fe69d0b1a6d0e01a2e404c697962623,dfine_native,11200.0,unknown_object,0.5379,120.01,457.2,237.18,574.41,13734.0,117.17,117.21,1.0,False,,True,S-61,5,evt_S-61_upper_body_0015,2bebd0989d616603,pose_hand_context,,13815.7,5.44,,1,cam12/e1/v1,rtmpose_baseline
phase4_smoke2,03.CCTV Mobile Usage.mkv,632de9ed55947761d56d4c6142a3cb1a1fe69d0b1a6d0e01a2e404c697962623,dfine_native,11200.0,unknown_object,0.2585,120.27,457.25,237.19,562.84,12346.4,116.92,105.6,1.107,False,,True,S-61,5,evt_S-61_upper_body_0015,2bebd0989d616603,pose_hand_context,,13815.7,5.44,,1,cam12/e1/v1,rtmpose_baseline
phase4_smoke2,03.CCTV Mobile Usage.mkv,632de9ed55947761d56d4c6142a3cb1a1fe69d0b1a6d0e01a2e404c697962623,dfine_native,11200.0,unknown_object,0.358,126.41,471.46,237.12,563.24,10161.5,110.71,91.78,1.206,False,,True,S-61,5,evt_S-61_upper_body_0015,2bebd0989d616603,pose_hand_context,,13815.7,5.44,,1,cam12/e1/v1,rtmpose_baseline
phase4_smoke2,03.CCTV Mobile Usage.mkv,632de9ed55947761d56d4c6142a3cb1a1fe69d0b1a6d0e01a2e404c697962623,dfine_native,11200.0,unknown_object,0.2609,120.01,471.61,237.16,574.59,12063.4,117.15,102.97,1.138,False,,True,S-61,5,evt_S-61_upper_body_0015,2bebd0989d616603,pose_hand_context,,13815.7,5.44,,1,cam12/e1/v1,rtmpose_baseline
phase4_smoke2,03.CCTV Mobile Usage.mkv,632de9ed55947761d56d4c6142a3cb1a1fe69d0b1a6d0e01a2e404c697962623,dfine_native,11200.0,unknown_object,0.2798,119.96,505.56,237.13,574.62,8091.9,117.17,69.06,1.697,False,,True,S-61,5,evt_S-61_upper_body_0015,2bebd0989d616603,pose_hand_context,,13815.7,5.44,,1,cam12/e1/v1,rtmpose_baseline
phase4_smoke2,03.CCTV Mobile Usage.mkv,632de9ed55947761d56d4c6142a3cb1a1fe69d0b1a6d0e01a2e404c697962623,dfine_native,11200.0,unknown_object,0.3352,265.15,279.6,315.32,337.77,2918.8,50.18,58.17,0.863,False,,True,S-61,2,evt_S-61_desk_work_surface_0001,44302ce98e67dd02,pose_hand_context,,29721.8,3.71,,1,cam12/e1/v1,rtmpose_baseline
phase4_smoke2,03.CCTV Mobile Usage.mkv,632de9ed55947761d56d4c6142a3cb1a1fe69d0b1a6d0e01a2e404c697962623,dfine_native,11200.0,unknown_object,0.3905,244.12,207.27,415.94,379.32,29560.8,171.82,172.05,0.999,False,,True,S-61,2,evt_S-61_desk_work_surface_0001,44302ce98e67dd02,pose_hand_context,,29721.8,3.71,,1,cam12/e1/v1,rtmpose_baseline
phase4_smoke2,03.CCTV Mobile Usage.mkv,632de9ed55947761d56d4c6142a3cb1a1fe69d0b1a6d0e01a2e404c697962623,dfine_native,11200.0,unknown_object,0.2608,266.0,240.09,318.86,338.05,5178.1,52.86,97.96,0.54,False,,True,S-61,2,evt_S-61_desk_work_surface_0001,44302ce98e67dd02,pose_hand_context,,29721.8,3.71,,1,cam12/e1/v1,rtmpose_baseline
phase4_smoke2,03.CCTV Mobile Usage.mkv,632de9ed55947761d56d4c6142a3cb1a1fe69d0b1a6d0e01a2e404c697962623,dfine_native,11200.0,unknown_object,0.3257,264.97,211.89,344.94,378.97,13361.4,79.97,167.08,0.479,False,,True,S-61,2,evt_S-61_desk_work_surface_0001,44302ce98e67dd02,pose_hand_context,,29721.8,3.71,,1,cam12/e1/v1,rtmpose_baseline
phase4_smoke2,03.CCTV Mobile Usage.mkv,632de9ed55947761d56d4c6142a3cb1a1fe69d0b1a6d0e01a2e404c697962623,dfine_native,11200.0,unknown_object,0.2655,264.92,216.41,320.15,369.51,8455.4,55.23,153.1,0.361,False,,True,S-61,2,evt_S-61_desk_work_surface_0001,44302ce98e67dd02,pose_hand_context,,29721.8,3.71,,1,cam12/e1/v1,rtmpose_baseline
phase4_smoke2,03.CCTV Mobile Usage.mkv,632de9ed55947761d56d4c6142a3cb1a1fe69d0b1a6d0e01a2e404c697962623,dfine_native,11200.0,unknown_object,0.2735,265.84,279.49,339.75,379.34,7379.5,73.91,99.85,0.74,False,,True,S-61,2,evt_S-61_desk_work_surface_0001,44302ce98e67dd02,pose_hand_context,,29721.8,3.71,,1,cam12/e1/v1,rtmpose_baseline
phase4_smoke2,03.CCTV Mobile Usage.mkv,632de9ed55947761d56d4c6142a3cb1a1fe69d0b1a6d0e01a2e404c697962623,dfine_native,11200.0,unknown_object,0.3329,265.59,215.02,320.16,338.78,6754.1,54.57,123.76,0.441,False,,True,S-61,2,evt_S-61_desk_work_surface_0001,44302ce98e67dd02,pose_hand_context,,29721.8,3.71,,1,cam12/e1/v1,rtmpose_baseline
phase4_smoke2,03.CCTV Mobile Usage.mkv,632de9ed55947761d56d4c6142a3cb1a1fe69d0b1a6d0e01a2e404c697962623,dfine_native,11200.0,unknown_object,0.2711,265.83,280.4,307.2,329.49,2030.8,41.37,49.09,0.843,False,,True,S-61,2,evt_S-61_desk_work_surface_0001,44302ce98e67dd02,pose_hand_context,,29721.8,3.71,,1,cam12/e1/v1,rtmpose_baseline
phase4_smoke2,03.CCTV Mobile Usage.mkv,632de9ed55947761d56d4c6142a3cb1a1fe69d0b1a6d0e01a2e404c697962623,dfine_native,11200.0,unknown_object,0.3352,265.15,279.6,315.32,337.77,2918.8,50.18,58.17,0.863,False,,True,S-61,6,evt_S-61_upper_body_0015,44302ce98e67dd02,pose_hand_context,,29721.8,3.71,,1,cam12/e1/v1,rtmpose_baseline
phase4_smoke2,03.CCTV Mobile Usage.mkv,632de9ed55947761d56d4c6142a3cb1a1fe69d0b1a6d0e01a2e404c697962623,dfine_native,11200.0,unknown_object,0.3905,244.12,207.27,415.94,379.32,29560.8,171.82,172.05,0.999,False,,True,S-61,6,evt_S-61_upper_body_0015,44302ce98e67dd02,pose_hand_context,,29721.8,3.71,,1,cam12/e1/v1,rtmpose_baseline
phase4_smoke2,03.CCTV Mobile Usage.mkv,632de9ed55947761d56d4c6142a3cb1a1fe69d0b1a6d0e01a2e404c697962623,dfine_native,11200.0,unknown_object,0.2608,266.0,240.09,318.86,338.05,5178.1,52.86,97.96,0.54,False,,True,S-61,6,evt_S-61_upper_body_0015,44302ce98e67dd02,pose_hand_context,,29721.8,3.71,,1,cam12/e1/v1,rtmpose_baseline
phase4_smoke2,03.CCTV Mobile Usage.mkv,632de9ed55947761d56d4c6142a3cb1a1fe69d0b1a6d0e01a2e404c697962623,dfine_native,11200.0,unknown_object,0.3257,264.97,211.89,344.94,378.97,13361.4,79.97,167.08,0.479,False,,True,S-61,6,evt_S-61_upper_body_0015,44302ce98e67dd02,pose_hand_context,,29721.8,3.71,,1,cam12/e1/v1,rtmpose_baseline
phase4_smoke2,03.CCTV Mobile Usage.mkv,632de9ed55947761d56d4c6142a3cb1a1fe69d0b1a6d0e01a2e404c697962623,dfine_native,11200.0,unknown_object,0.2655,264.92,216.41,320.15,369.51,8455.4,55.23,153.1,0.361,False,,True,S-61,6,evt_S-61_upper_body_0015,44302ce98e67dd02,pose_hand_context,,29721.8,3.71,,1,cam12/e1/v1,rtmpose_baseline
phase4_smoke2,03.CCTV Mobile Usage.mkv,632de9ed55947761d56d4c6142a3cb1a1fe69d0b1a6d0e01a2e404c697962623,dfine_native,11200.0,unknown_object,0.2735,265.84,279.49,339.75,379.34,7379.5,73.91,99.85,0.74,False,,True,S-61,6,evt_S-61_upper_body_0015,44302ce98e67dd02,pose_hand_context,,29721.8,3.71,,1,cam12/e1/v1,rtmpose_baseline
phase4_smoke2,03.CCTV Mobile Usage.mkv,632de9ed55947761d56d4c6142a3cb1a1fe69d0b1a6d0e01a2e404c697962623,dfine_native,11200.0,unknown_object,0.3329,265.59,215.02,320.16,338.78,6754.1,54.57,123.76,0.441,False,,True,S-61,6,evt_S-61_upper_body_0015,44302ce98e67dd02,pose_hand_context,,29721.8,3.71,,1,cam12/e1/v1,rtmpose_baseline
phase4_smoke2,03.CCTV Mobile Usage.mkv,632de9ed55947761d56d4c6142a3cb1a1fe69d0b1a6d0e01a2e404c697962623,dfine_native,11200.0,unknown_object,0.2711,265.83,280.4,307.2,329.49,2030.8,41.37,49.09,0.843,False,,True,S-61,6,evt_S-61_upper_body_0015,44302ce98e67dd02,pose_hand_context,,29721.8,3.71,,1,cam12/e1/v1,rtmpose_baseline
phase4_smoke2,03.CCTV Mobile Usage.mkv,632de9ed55947761d56d4c6142a3cb1a1fe69d0b1a6d0e01a2e404c697962623,dfine_native,11200.0,keyboard,0.9082,962.22,452.01,1067.87,491.44,4165.1,105.65,39.42,2.68,False,,True,R-desk,9,evt_S-61_desk_work_surface_0001,7739ac136bb8b8c8,lap_bag_context,no_pose_observation,34560.0,1.33,,1,cam12/e1/v1,
phase4_smoke2,03.CCTV Mobile Usage.mkv,632de9ed55947761d56d4c6142a3cb1a1fe69d0b1a6d0e01a2e404c697962623,dfine_native,11200.0,monitor_or_bezel,0.6147,1018.42,395.79,1145.54,447.56,6581.6,127.12,51.77,2.455,False,,True,R-desk,9,evt_S-61_desk_work_surface_0001,7739ac136bb8b8c8,lap_bag_context,no_pose_observation,34560.0,1.33,,1,cam12/e1/v1,
phase4_smoke2,03.CCTV Mobile Usage.mkv,632de9ed55947761d56d4c6142a3cb1a1fe69d0b1a6d0e01a2e404c697962623,dfine_native,11200.0,unknown_object,0.5516,699.96,396.18,857.23,492.13,15088.9,157.27,95.94,1.639,False,,True,R-desk,9,evt_S-61_desk_work_surface_0001,7739ac136bb8b8c8,lap_bag_context,no_pose_observation,34560.0,1.33,,1,cam12/e1/v1,
phase4_smoke2,03.CCTV Mobile Usage.mkv,632de9ed55947761d56d4c6142a3cb1a1fe69d0b1a6d0e01a2e404c697962623,dfine_native,11200.0,unknown_object,0.4261,699.99,396.11,770.01,491.7,6692.6,70.02,95.59,0.732,False,,True,R-desk,9,evt_S-61_desk_work_surface_0001,7739ac136bb8b8c8,lap_bag_context,no_pose_observation,34560.0,1.33,,1,cam12/e1/v1,
phase4_smoke2,03.CCTV Mobile Usage.mkv,632de9ed55947761d56d4c6142a3cb1a1fe69d0b1a6d0e01a2e404c697962623,dfine_native,11200.0,keyboard,0.5001,802.17,396.24,870.79,420.69,1677.9,68.61,24.45,2.806,False,,True,R-desk,9,evt_S-61_desk_work_surface_0001,7739ac136bb8b8c8,lap_bag_context,no_pose_observation,34560.0,1.33,,1,cam12/e1/v1,
phase4_smoke2,03.CCTV Mobile Usage.mkv,632de9ed55947761d56d4c6142a3cb1a1fe69d0b1a6d0e01a2e404c697962623,dfine_native,11200.0,phone,0.3421,1042.74,421.48,1113.79,474.48,3765.2,71.04,53.0,1.341,False,,True,R-desk,9,evt_S-61_desk_work_surface_0001,7739ac136bb8b8c8,lap_bag_context,no_pose_observation,34560.0,1.33,,1,cam12/e1/v1,
phase4_smoke2,03.CCTV Mobile Usage.mkv,632de9ed55947761d56d4c6142a3cb1a1fe69d0b1a6d0e01a2e404c697962623,dfine_native,11200.0,monitor_or_bezel,0.2856,1011.31,395.81,1146.83,487.99,12491.4,135.51,92.18,1.47,False,,True,R-desk,9,evt_S-61_desk_work_surface_0001,7739ac136bb8b8c8,lap_bag_context,no_pose_observation,34560.0,1.33,,1,cam12/e1/v1,
phase4_smoke2,03.CCTV Mobile Usage.mkv,632de9ed55947761d56d4c6142a3cb1a1fe69d0b1a6d0e01a2e404c697962623,dfine_native,11200.0,unknown_object,0.341,700.07,396.33,757.33,490.32,5382.0,57.27,93.98,0.609,False,,True,R-desk,9,evt_S-61_desk_work_surface_0001,7739ac136bb8b8c8,lap_bag_context,no_pose_observation,34560.0,1.33,,1,cam12/e1/v1,
phase4_smoke2,03.CCTV Mobile Usage.mkv,632de9ed55947761d56d4c6142a3cb1a1fe69d0b1a6d0e01a2e404c697962623,dfine_native,11200.0,mouse,0.5338,864.88,413.88,892.04,435.01,574.0,27.15,21.14,1.285,False,,True,R-desk,9,evt_S-61_desk_work_surface_0001,7739ac136bb8b8c8,lap_bag_context,no_pose_observation,34560.0,1.33,,1,cam12/e1/v1,
phase4_smoke2,03.CCTV Mobile Usage.mkv,632de9ed55947761d56d4c6142a3cb1a1fe69d0b1a6d0e01a2e404c697962623,dfine_native,11200.0,monitor_or_bezel,0.2997,881.31,396.18,948.85,452.47,3801.9,67.54,56.29,1.2,False,,True,R-desk,9,evt_S-61_desk_work_surface_0001,7739ac136bb8b8c8,lap_bag_context,no_pose_observation,34560.0,1.33,,1,cam12/e1/v1,
phase4_smoke2,03.CCTV Mobile Usage.mkv,632de9ed55947761d56d4c6142a3cb1a1fe69d0b1a6d0e01a2e404c697962623,dfine_native,11200.0,mouse,0.299,967.15,398.48,991.99,410.58,300.8,24.84,12.11,2.052,False,,True,R-desk,9,evt_S-61_desk_work_surface_0001,7739ac136bb8b8c8,lap_bag_context,no_pose_observation,34560.0,1.33,,1,cam12/e1/v1,
phase4_smoke2,03.CCTV Mobile Usage.mkv,632de9ed55947761d56d4c6142a3cb1a1fe69d0b1a6d0e01a2e404c697962623,dfine_native,11200.0,mouse,0.2503,991.25,400.95,1028.24,413.52,465.0,37.0,12.57,2.943,False,,True,R-desk,9,evt_S-61_desk_work_surface_0001,7739ac136bb8b8c8,lap_bag_context,no_pose_observation,34560.0,1.33,,1,cam12/e1/v1,
phase4_smoke2,03.CCTV Mobile Usage.mkv,632de9ed55947761d56d4c6142a3cb1a1fe69d0b1a6d0e01a2e404c697962623,dfine_native,11200.0,mouse,0.2578,990.77,399.34,1026.6,413.25,498.4,35.83,13.91,2.576,False,,True,R-desk,9,evt_S-61_desk_work_surface_0001,7739ac136bb8b8c8,lap_bag_context,no_pose_observation,34560.0,1.33,,1,cam12/e1/v1,
phase4_smoke2,03.CCTV Mobile Usage.mkv,632de9ed55947761d56d4c6142a3cb1a1fe69d0b1a6d0e01a2e404c697962623,dfine_native,11200.0,keyboard,0.9082,962.22,452.01,1067.87,491.44,4165.1,105.65,39.42,2.68,False,,True,R-desk,10,evt_S-61_upper_body_0015,7739ac136bb8b8c8,lap_bag_context,no_pose_observation,34560.0,1.33,,1,cam12/e1/v1,
phase4_smoke2,03.CCTV Mobile Usage.mkv,632de9ed55947761d56d4c6142a3cb1a1fe69d0b1a6d0e01a2e404c697962623,dfine_native,11200.0,monitor_or_bezel,0.6147,1018.42,395.79,1145.54,447.56,6581.6,127.12,51.77,2.455,False,,True,R-desk,10,evt_S-61_upper_body_0015,7739ac136bb8b8c8,lap_bag_context,no_pose_observation,34560.0,1.33,,1,cam12/e1/v1,
phase4_smoke2,03.CCTV Mobile Usage.mkv,632de9ed55947761d56d4c6142a3cb1a1fe69d0b1a6d0e01a2e404c697962623,dfine_native,11200.0,unknown_object,0.5516,699.96,396.18,857.23,492.13,15088.9,157.27,95.94,1.639,False,,True,R-desk,10,evt_S-61_upper_body_0015,7739ac136bb8b8c8,lap_bag_context,no_pose_observation,34560.0,1.33,,1,cam12/e1/v1,
phase4_smoke2,03.CCTV Mobile Usage.mkv,632de9ed55947761d56d4c6142a3cb1a1fe69d0b1a6d0e01a2e404c697962623,dfine_native,11200.0,unknown_object,0.4261,699.99,396.11,770.01,491.7,6692.6,70.02,95.59,0.732,False,,True,R-desk,10,evt_S-61_upper_body_0015,7739ac136bb8b8c8,lap_bag_context,no_pose_observation,34560.0,1.33,,1,cam12/e1/v1,
phase4_smoke2,03.CCTV Mobile Usage.mkv,632de9ed55947761d56d4c6142a3cb1a1fe69d0b1a6d0e01a2e404c697962623,dfine_native,11200.0,keyboard,0.5001,802.17,396.24,870.79,420.69,1677.9,68.61,24.45,2.806,False,,True,R-desk,10,evt_S-61_upper_body_0015,7739ac136bb8b8c8,lap_bag_context,no_pose_observation,34560.0,1.33,,1,cam12/e1/v1,
phase4_smoke2,03.CCTV Mobile Usage.mkv,632de9ed55947761d56d4c6142a3cb1a1fe69d0b1a6d0e01a2e404c697962623,dfine_native,11200.0,phone,0.3421,1042.74,421.48,1113.79,474.48,3765.2,71.04,53.0,1.341,False,,True,R-desk,10,evt_S-61_upper_body_0015,7739ac136bb8b8c8,lap_bag_context,no_pose_observation,34560.0,1.33,,1,cam12/e1/v1,
phase4_smoke2,03.CCTV Mobile Usage.mkv,632de9ed55947761d56d4c6142a3cb1a1fe69d0b1a6d0e01a2e404c697962623,dfine_native,11200.0,monitor_or_bezel,0.2856,1011.31,395.81,1146.83,487.99,12491.4,135.51,92.18,1.47,False,,True,R-desk,10,evt_S-61_upper_body_0015,7739ac136bb8b8c8,lap_bag_context,no_pose_observation,34560.0,1.33,,1,cam12/e1/v1,
phase4_smoke2,03.CCTV Mobile Usage.mkv,632de9ed55947761d56d4c6142a3cb1a1fe69d0b1a6d0e01a2e404c697962623,dfine_native,11200.0,unknown_object,0.341,700.07,396.33,757.33,490.32,5382.0,57.27,93.98,0.609,False,,True,R-desk,10,evt_S-61_upper_body_0015,7739ac136bb8b8c8,lap_bag_context,no_pose_observation,34560.0,1.33,,1,cam12/e1/v1,
phase4_smoke2,03.CCTV Mobile Usage.mkv,632de9ed55947761d56d4c6142a3cb1a1fe69d0b1a6d0e01a2e404c697962623,dfine_native,11200.0,mouse,0.5338,864.88,413.88,892.04,435.01,574.0,27.15,21.14,1.285,False,,True,R-desk,10,evt_S-61_upper_body_0015,7739ac136bb8b8c8,lap_bag_context,no_pose_observation,34560.0,1.33,,1,cam12/e1/v1,
phase4_smoke2,03.CCTV Mobile Usage.mkv,632de9ed55947761d56d4c6142a3cb1a1fe69d0b1a6d0e01a2e404c697962623,dfine_native,11200.0,monitor_or_bezel,0.2997,881.31,396.18,948.85,452.47,3801.9,67.54,56.29,1.2,False,,True,R-desk,10,evt_S-61_upper_body_0015,7739ac136bb8b8c8,lap_bag_context,no_pose_observation,34560.0,1.33,,1,cam12/e1/v1,
phase4_smoke2,03.CCTV Mobile Usage.mkv,632de9ed55947761d56d4c6142a3cb1a1fe69d0b1a6d0e01a2e404c697962623,dfine_native,11200.0,mouse,0.299,967.15,398.48,991.99,410.58,300.8,24.84,12.11,2.052,False,,True,R-desk,10,evt_S-61_upper_body_0015,7739ac136bb8b8c8,lap_bag_context,no_pose_observation,34560.0,1.33,,1,cam12/e1/v1,
phase4_smoke2,03.CCTV Mobile Usage.mkv,632de9ed55947761d56d4c6142a3cb1a1fe69d0b1a6d0e01a2e404c697962623,dfine_native,11200.0,mouse,0.2503,991.25,400.95,1028.24,413.52,465.0,37.0,12.57,2.943,False,,True,R-desk,10,evt_S-61_upper_body_0015,7739ac136bb8b8c8,lap_bag_context,no_pose_observation,34560.0,1.33,,1,cam12/e1/v1,
phase4_smoke2,03.CCTV Mobile Usage.mkv,632de9ed55947761d56d4c6142a3cb1a1fe69d0b1a6d0e01a2e404c697962623,dfine_native,11200.0,mouse,0.2578,990.77,399.34,1026.6,413.25,498.4,35.83,13.91,2.576,False,,True,R-desk,10,evt_S-61_upper_body_0015,7739ac136bb8b8c8,lap_bag_context,no_pose_observation,34560.0,1.33,,1,cam12/e1/v1,
phase4_smoke2,03.CCTV Mobile Usage.mkv,632de9ed55947761d56d4c6142a3cb1a1fe69d0b1a6d0e01a2e404c697962623,dfine_native,11700.0,unknown_object,0.4091,58.01,537.57,96.74,603.13,2539.6,38.74,65.56,0.591,False,,True,S-61,1,evt_S-61_desk_work_surface_0001,b6a05af65e1ac343,pose_hand_context,,28995.3,3.76,,1,cam12/e1/v1,rtmpose_baseline
phase4_smoke2,03.CCTV Mobile Usage.mkv,632de9ed55947761d56d4c6142a3cb1a1fe69d0b1a6d0e01a2e404c697962623,dfine_native,11700.0,stationery,0.4808,57.97,509.52,85.38,552.39,1175.0,27.4,42.87,0.639,False,,True,S-61,1,evt_S-61_desk_work_surface_0001,b6a05af65e1ac343,pose_hand_context,,28995.3,3.76,,1,cam12/e1/v1,rtmpose_baseline
phase4_smoke2,03.CCTV Mobile Usage.mkv,632de9ed55947761d56d4c6142a3cb1a1fe69d0b1a6d0e01a2e404c697962623,dfine_native,11700.0,unknown_object,0.3189,90.9,475.58,218.82,603.21,16326.1,127.91,127.63,1.002,False,,True,S-61,1,evt_S-61_desk_work_surface_0001,b6a05af65e1ac343,pose_hand_context,,28995.3,3.76,,1,cam12/e1/v1,rtmpose_baseline
phase4_smoke2,03.CCTV Mobile Usage.mkv,632de9ed55947761d56d4c6142a3cb1a1fe69d0b1a6d0e01a2e404c697962623,dfine_native,11700.0,unknown_object,0.352,57.99,486.29,97.41,602.22,4569.9,39.42,115.92,0.34,False,,True,S-61,1,evt_S-61_desk_work_surface_0001,b6a05af65e1ac343,pose_hand_context,,28995.3,3.76,,1,cam12/e1/v1,rtmpose_baseline
phase4_smoke2,03.CCTV Mobile Usage.mkv,632de9ed55947761d56d4c6142a3cb1a1fe69d0b1a6d0e01a2e404c697962623,dfine_native,11700.0,unknown_object,0.2911,58.51,474.24,225.71,603.23,21567.0,167.2,128.99,1.296,False,,True,S-61,1,evt_S-61_desk_work_surface_0001,b6a05af65e1ac343,pose_hand_context,,28995.3,3.76,,1,cam12/e1/v1,rtmpose_baseline
phase4_smoke2,03.CCTV Mobile Usage.mkv,632de9ed55947761d56d4c6142a3cb1a1fe69d0b1a6d0e01a2e404c697962623,dfine_native,11700.0,unknown_object,0.3554,58.73,476.46,219.68,603.2,20399.7,160.95,126.74,1.27,False,,True,S-61,1,evt_S-61_desk_work_surface_0001,b6a05af65e1ac343,pose_hand_context,,28995.3,3.76,,1,cam12/e1/v1,rtmpose_baseline
phase4_smoke2,03.CCTV Mobile Usage.mkv,632de9ed55947761d56d4c6142a3cb1a1fe69d0b1a6d0e01a2e404c697962623,dfine_native,11700.0,unknown_object,0.2704,58.12,476.96,229.03,603.28,21589.6,170.91,126.32,1.353,False,,True,S-61,1,evt_S-61_desk_work_surface_0001,b6a05af65e1ac343,pose_hand_context,,28995.3,3.76,,1,cam12/e1/v1,rtmpose_baseline
phase4_smoke2,03.CCTV Mobile Usage.mkv,632de9ed55947761d56d4c6142a3cb1a1fe69d0b1a6d0e01a2e404c697962623,dfine_native,11700.0,unknown_object,0.4091,58.01,537.57,96.74,603.13,2539.6,38.74,65.56,0.591,False,,True,S-61,5,evt_S-61_upper_body_0015,b6a05af65e1ac343,pose_hand_context,,28995.3,3.76,,1,cam12/e1/v1,rtmpose_baseline
phase4_smoke2,03.CCTV Mobile Usage.mkv,632de9ed55947761d56d4c6142a3cb1a1fe69d0b1a6d0e01a2e404c697962623,dfine_native,11700.0,stationery,0.4808,57.97,509.52,85.38,552.39,1175.0,27.4,42.87,0.639,False,,True,S-61,5,evt_S-61_upper_body_0015,b6a05af65e1ac343,pose_hand_context,,28995.3,3.76,,1,cam12/e1/v1,rtmpose_baseline
phase4_smoke2,03.CCTV Mobile Usage.mkv,632de9ed55947761d56d4c6142a3cb1a1fe69d0b1a6d0e01a2e404c697962623,dfine_native,11700.0,unknown_object,0.3189,90.9,475.58,218.82,603.21,16326.1,127.91,127.63,1.002,False,,True,S-61,5,evt_S-61_upper_body_0015,b6a05af65e1ac343,pose_hand_context,,28995.3,3.76,,1,cam12/e1/v1,rtmpose_baseline
phase4_smoke2,03.CCTV Mobile Usage.mkv,632de9ed55947761d56d4c6142a3cb1a1fe69d0b1a6d0e01a2e404c697962623,dfine_native,11700.0,unknown_object,0.352,57.99,486.29,97.41,602.22,4569.9,39.42,115.92,0.34,False,,True,S-61,5,evt_S-61_upper_body_0015,b6a05af65e1ac343,pose_hand_context,,28995.3,3.76,,1,cam12/e1/v1,rtmpose_baseline
phase4_smoke2,03.CCTV Mobile Usage.mkv,632de9ed55947761d56d4c6142a3cb1a1fe69d0b1a6d0e01a2e404c697962623,dfine_native,11700.0,unknown_object,0.2911,58.51,474.24,225.71,603.23,21567.0,167.2,128.99,1.296,False,,True,S-61,5,evt_S-61_upper_body_0015,b6a05af65e1ac343,pose_hand_context,,28995.3,3.76,,1,cam12/e1/v1,rtmpose_baseline
phase4_smoke2,03.CCTV Mobile Usage.mkv,632de9ed55947761d56d4c6142a3cb1a1fe69d0b1a6d0e01a2e404c697962623,dfine_native,11700.0,unknown_object,0.3554,58.73,476.46,219.68,603.2,20399.7,160.95,126.74,1.27,False,,True,S-61,5,evt_S-61_upper_body_0015,b6a05af65e1ac343,pose_hand_context,,28995.3,3.76,,1,cam12/e1/v1,rtmpose_baseline
phase4_smoke2,03.CCTV Mobile Usage.mkv,632de9ed55947761d56d4c6142a3cb1a1fe69d0b1a6d0e01a2e404c697962623,dfine_native,11700.0,unknown_object,0.2704,58.12,476.96,229.03,603.28,21589.6,170.91,126.32,1.353,False,,True,S-61,5,evt_S-61_upper_body_0015,b6a05af65e1ac343,pose_hand_context,,28995.3,3.76,,1,cam12/e1/v1,rtmpose_baseline
phase4_smoke2,03.CCTV Mobile Usage.mkv,632de9ed55947761d56d4c6142a3cb1a1fe69d0b1a6d0e01a2e404c697962623,dfine_native,12200.0,keyboard,0.8976,962.17,451.89,1068.0,491.41,4183.0,105.84,39.52,2.678,False,,True,R-desk,11,evt_S-61_desk_work_surface_0001,590143951782a0e5,lap_bag_context,no_pose_observation,34560.0,1.33,,1,cam12/e1/v1,
phase4_smoke2,03.CCTV Mobile Usage.mkv,632de9ed55947761d56d4c6142a3cb1a1fe69d0b1a6d0e01a2e404c697962623,dfine_native,12200.0,unknown_object,0.621,699.92,396.22,849.64,492.05,14348.2,149.72,95.83,1.562,False,,True,R-desk,11,evt_S-61_desk_work_surface_0001,590143951782a0e5,lap_bag_context,no_pose_observation,34560.0,1.33,,1,cam12/e1/v1,
phase4_smoke2,03.CCTV Mobile Usage.mkv,632de9ed55947761d56d4c6142a3cb1a1fe69d0b1a6d0e01a2e404c697962623,dfine_native,12200.0,monitor_or_bezel,0.3169,735.83,395.53,1142.96,491.11,38914.7,407.13,95.58,4.259,False,,True,R-desk,11,evt_S-61_desk_work_surface_0001,590143951782a0e5,lap_bag_context,no_pose_observation,34560.0,1.33,,1,cam12/e1/v1,
phase4_smoke2,03.CCTV Mobile Usage.mkv,632de9ed55947761d56d4c6142a3cb1a1fe69d0b1a6d0e01a2e404c697962623,dfine_native,12200.0,keyboard,0.4259,802.41,396.23,870.38,420.7,1663.5,67.97,24.47,2.777,False,,True,R-desk,11,evt_S-61_desk_work_surface_0001,590143951782a0e5,lap_bag_context,no_pose_observation,34560.0,1.33,,1,cam12/e1/v1,
phase4_smoke2,03.CCTV Mobile Usage.mkv,632de9ed55947761d56d4c6142a3cb1a1fe69d0b1a6d0e01a2e404c697962623,dfine_native,12200.0,monitor_or_bezel,0.3708,1019.35,395.54,1145.38,447.63,6564.5,126.03,52.09,2.42,False,,True,R-desk,11,evt_S-61_desk_work_surface_0001,590143951782a0e5,lap_bag_context,no_pose_observation,34560.0,1.33,,1,cam12/e1/v1,
phase4_smoke2,03.CCTV Mobile Usage.mkv,632de9ed55947761d56d4c6142a3cb1a1fe69d0b1a6d0e01a2e404c697962623,dfine_native,12200.0,monitor_or_bezel,0.3959,1014.33,395.57,1146.85,488.82,12356.1,132.51,93.24,1.421,False,,True,R-desk,11,evt_S-61_desk_work_surface_0001,590143951782a0e5,lap_bag_context,no_pose_observation,34560.0,1.33,,1,cam12/e1/v1,
phase4_smoke2,03.CCTV Mobile Usage.mkv,632de9ed55947761d56d4c6142a3cb1a1fe69d0b1a6d0e01a2e404c697962623,dfine_native,12200.0,unknown_object,0.3516,700.03,396.15,774.6,491.77,7129.7,74.56,95.62,0.78,False,,True,R-desk,11,evt_S-61_desk_work_surface_0001,590143951782a0e5,lap_bag_context,no_pose_observation,34560.0,1.33,,1,cam12/e1/v1,
phase4_smoke2,03.CCTV Mobile Usage.mkv,632de9ed55947761d56d4c6142a3cb1a1fe69d0b1a6d0e01a2e404c697962623,dfine_native,12200.0,phone,0.3032,1042.76,421.37,1113.57,474.32,3748.9,70.8,52.95,1.337,False,,True,R-desk,11,evt_S-61_desk_work_surface_0001,590143951782a0e5,lap_bag_context,no_pose_observation,34560.0,1.33,,1,cam12/e1/v1,
phase4_smoke2,03.CCTV Mobile Usage.mkv,632de9ed55947761d56d4c6142a3cb1a1fe69d0b1a6d0e01a2e404c697962623,dfine_native,12200.0,unknown_object,0.419,700.01,396.25,758.88,490.74,5562.0,58.86,94.49,0.623,False,,True,R-desk,11,evt_S-61_desk_work_surface_0001,590143951782a0e5,lap_bag_context,no_pose_observation,34560.0,1.33,,1,cam12/e1/v1,
phase4_smoke2,03.CCTV Mobile Usage.mkv,632de9ed55947761d56d4c6142a3cb1a1fe69d0b1a6d0e01a2e404c697962623,dfine_native,12200.0,monitor_or_bezel,0.2625,1017.95,395.58,1146.14,472.53,9865.7,128.2,76.96,1.666,False,,True,R-desk,11,evt_S-61_desk_work_surface_0001,590143951782a0e5,lap_bag_context,no_pose_observation,34560.0,1.33,,1,cam12/e1/v1,
phase4_smoke2,03.CCTV Mobile Usage.mkv,632de9ed55947761d56d4c6142a3cb1a1fe69d0b1a6d0e01a2e404c697962623,dfine_native,12200.0,mouse,0.5184,865.0,413.88,892.18,435.35,583.7,27.18,21.48,1.265,False,,True,R-desk,11,evt_S-61_desk_work_surface_0001,590143951782a0e5,lap_bag_context,no_pose_observation,34560.0,1.33,,1,cam12/e1/v1,
phase4_smoke2,03.CCTV Mobile Usage.mkv,632de9ed55947761d56d4c6142a3cb1a1fe69d0b1a6d0e01a2e404c697962623,dfine_native,12200.0,mouse,0.2566,966.92,398.36,992.04,410.52,305.6,25.12,12.16,2.065,False,,True,R-desk,11,evt_S-61_desk_work_surface_0001,590143951782a0e5,lap_bag_context,no_pose_observation,34560.0,1.33,,1,cam12/e1/v1,
phase4_smoke2,03.CCTV Mobile Usage.mkv,632de9ed55947761d56d4c6142a3cb1a1fe69d0b1a6d0e01a2e404c697962623,dfine_native,12200.0,monitor_or_bezel,0.3307,966.87,395.53,1146.8,490.43,17073.8,179.93,94.89,1.896,False,,True,R-desk,11,evt_S-61_desk_work_surface_0001,590143951782a0e5,lap_bag_context,no_pose_observation,34560.0,1.33,,1,cam12/e1/v1,
phase4_smoke2,03.CCTV Mobile Usage.mkv,632de9ed55947761d56d4c6142a3cb1a1fe69d0b1a6d0e01a2e404c697962623,dfine_native,12200.0,monitor_or_bezel,0.2824,880.78,395.54,1146.81,491.03,25403.0,266.04,95.49,2.786,False,,True,R-desk,11,evt_S-61_desk_work_surface_0001,590143951782a0e5,lap_bag_context,no_pose_observation,34560.0,1.33,,1,cam12/e1/v1,
phase4_smoke2,03.CCTV Mobile Usage.mkv,632de9ed55947761d56d4c6142a3cb1a1fe69d0b1a6d0e01a2e404c697962623,dfine_native,12200.0,keyboard,0.8976,962.17,451.89,1068.0,491.41,4183.0,105.84,39.52,2.678,False,,True,R-desk,13,evt_S-61_upper_body_0015,590143951782a0e5,lap_bag_context,no_pose_observation,34560.0,1.33,,1,cam12/e1/v1,
phase4_smoke2,03.CCTV Mobile Usage.mkv,632de9ed55947761d56d4c6142a3cb1a1fe69d0b1a6d0e01a2e404c697962623,dfine_native,12200.0,unknown_object,0.621,699.92,396.22,849.64,492.05,14348.2,149.72,95.83,1.562,False,,True,R-desk,13,evt_S-61_upper_body_0015,590143951782a0e5,lap_bag_context,no_pose_observation,34560.0,1.33,,1,cam12/e1/v1,
phase4_smoke2,03.CCTV Mobile Usage.mkv,632de9ed55947761d56d4c6142a3cb1a1fe69d0b1a6d0e01a2e404c697962623,dfine_native,12200.0,monitor_or_bezel,0.3169,735.83,395.53,1142.96,491.11,38914.7,407.13,95.58,4.259,False,,True,R-desk,13,evt_S-61_upper_body_0015,590143951782a0e5,lap_bag_context,no_pose_observation,34560.0,1.33,,1,cam12/e1/v1,
phase4_smoke2,03.CCTV Mobile Usage.mkv,632de9ed55947761d56d4c6142a3cb1a1fe69d0b1a6d0e01a2e404c697962623,dfine_native,12200.0,keyboard,0.4259,802.41,396.23,870.38,420.7,1663.5,67.97,24.47,2.777,False,,True,R-desk,13,evt_S-61_upper_body_0015,590143951782a0e5,lap_bag_context,no_pose_observation,34560.0,1.33,,1,cam12/e1/v1,
phase4_smoke2,03.CCTV Mobile Usage.mkv,632de9ed55947761d56d4c6142a3cb1a1fe69d0b1a6d0e01a2e404c697962623,dfine_native,12200.0,monitor_or_bezel,0.3708,1019.35,395.54,1145.38,447.63,6564.5,126.03,52.09,2.42,False,,True,R-desk,13,evt_S-61_upper_body_0015,590143951782a0e5,lap_bag_context,no_pose_observation,34560.0,1.33,,1,cam12/e1/v1,
phase4_smoke2,03.CCTV Mobile Usage.mkv,632de9ed55947761d56d4c6142a3cb1a1fe69d0b1a6d0e01a2e404c697962623,dfine_native,12200.0,monitor_or_bezel,0.3959,1014.33,395.57,1146.85,488.82,12356.1,132.51,93.24,1.421,False,,True,R-desk,13,evt_S-61_upper_body_0015,590143951782a0e5,lap_bag_context,no_pose_observation,34560.0,1.33,,1,cam12/e1/v1,
phase4_smoke2,03.CCTV Mobile Usage.mkv,632de9ed55947761d56d4c6142a3cb1a1fe69d0b1a6d0e01a2e404c697962623,dfine_native,12200.0,unknown_object,0.3516,700.03,396.15,774.6,491.77,7129.7,74.56,95.62,0.78,False,,True,R-desk,13,evt_S-61_upper_body_0015,590143951782a0e5,lap_bag_context,no_pose_observation,34560.0,1.33,,1,cam12/e1/v1,
phase4_smoke2,03.CCTV Mobile Usage.mkv,632de9ed55947761d56d4c6142a3cb1a1fe69d0b1a6d0e01a2e404c697962623,dfine_native,12200.0,phone,0.3032,1042.76,421.37,1113.57,474.32,3748.9,70.8,52.95,1.337,False,,True,R-desk,13,evt_S-61_upper_body_0015,590143951782a0e5,lap_bag_context,no_pose_observation,34560.0,1.33,,1,cam12/e1/v1,
phase4_smoke2,03.CCTV Mobile Usage.mkv,632de9ed55947761d56d4c6142a3cb1a1fe69d0b1a6d0e01a2e404c697962623,dfine_native,12200.0,unknown_object,0.419,700.01,396.25,758.88,490.74,5562.0,58.86,94.49,0.623,False,,True,R-desk,13,evt_S-61_upper_body_0015,590143951782a0e5,lap_bag_context,no_pose_observation,34560.0,1.33,,1,cam12/e1/v1,
phase4_smoke2,03.CCTV Mobile Usage.mkv,632de9ed55947761d56d4c6142a3cb1a1fe69d0b1a6d0e01a2e404c697962623,dfine_native,12200.0,monitor_or_bezel,0.2625,1017.95,395.58,1146.14,472.53,9865.7,128.2,76.96,1.666,False,,True,R-desk,13,evt_S-61_upper_body_0015,590143951782a0e5,lap_bag_context,no_pose_observation,34560.0,1.33,,1,cam12/e1/v1,
phase4_smoke2,03.CCTV Mobile Usage.mkv,632de9ed55947761d56d4c6142a3cb1a1fe69d0b1a6d0e01a2e404c697962623,dfine_native,12200.0,mouse,0.5184,865.0,413.88,892.18,435.35,583.7,27.18,21.48,1.265,False,,True,R-desk,13,evt_S-61_upper_body_0015,590143951782a0e5,lap_bag_context,no_pose_observation,34560.0,1.33,,1,cam12/e1/v1,
phase4_smoke2,03.CCTV Mobile Usage.mkv,632de9ed55947761d56d4c6142a3cb1a1fe69d0b1a6d0e01a2e404c697962623,dfine_native,12200.0,mouse,0.2566,966.92,398.36,992.04,410.52,305.6,25.12,12.16,2.065,False,,True,R-desk,13,evt_S-61_upper_body_0015,590143951782a0e5,lap_bag_context,no_pose_observation,34560.0,1.33,,1,cam12/e1/v1,
phase4_smoke2,03.CCTV Mobile Usage.mkv,632de9ed55947761d56d4c6142a3cb1a1fe69d0b1a6d0e01a2e404c697962623,dfine_native,12200.0,monitor_or_bezel,0.3307,966.87,395.53,1146.8,490.43,17073.8,179.93,94.89,1.896,False,,True,R-desk,13,evt_S-61_upper_body_0015,590143951782a0e5,lap_bag_context,no_pose_observation,34560.0,1.33,,1,cam12/e1/v1,
phase4_smoke2,03.CCTV Mobile Usage.mkv,632de9ed55947761d56d4c6142a3cb1a1fe69d0b1a6d0e01a2e404c697962623,dfine_native,12200.0,monitor_or_bezel,0.2824,880.78,395.54,1146.81,491.03,25403.0,266.04,95.49,2.786,False,,True,R-desk,13,evt_S-61_upper_body_0015,590143951782a0e5,lap_bag_context,no_pose_observation,34560.0,1.33,,1,cam12/e1/v1,
phase4_smoke2,03.CCTV Mobile Usage.mkv,632de9ed55947761d56d4c6142a3cb1a1fe69d0b1a6d0e01a2e404c697962623,dfine_native,12200.0,keyboard,0.8976,962.17,451.89,1068.0,491.41,4183.0,105.84,39.52,2.678,False,,True,R-desk,9,evt_S-61_desk_work_surface_0001,590143951782a0e5,lap_bag_context,no_pose_observation,34560.0,1.33,,1,cam12/e1/v1,
phase4_smoke2,03.CCTV Mobile Usage.mkv,632de9ed55947761d56d4c6142a3cb1a1fe69d0b1a6d0e01a2e404c697962623,dfine_native,12200.0,unknown_object,0.621,699.92,396.22,849.64,492.05,14348.2,149.72,95.83,1.562,False,,True,R-desk,9,evt_S-61_desk_work_surface_0001,590143951782a0e5,lap_bag_context,no_pose_observation,34560.0,1.33,,1,cam12/e1/v1,
phase4_smoke2,03.CCTV Mobile Usage.mkv,632de9ed55947761d56d4c6142a3cb1a1fe69d0b1a6d0e01a2e404c697962623,dfine_native,12200.0,monitor_or_bezel,0.3169,735.83,395.53,1142.96,491.11,38914.7,407.13,95.58,4.259,False,,True,R-desk,9,evt_S-61_desk_work_surface_0001,590143951782a0e5,lap_bag_context,no_pose_observation,34560.0,1.33,,1,cam12/e1/v1,
phase4_smoke2,03.CCTV Mobile Usage.mkv,632de9ed55947761d56d4c6142a3cb1a1fe69d0b1a6d0e01a2e404c697962623,dfine_native,12200.0,keyboard,0.4259,802.41,396.23,870.38,420.7,1663.5,67.97,24.47,2.777,False,,True,R-desk,9,evt_S-61_desk_work_surface_0001,590143951782a0e5,lap_bag_context,no_pose_observation,34560.0,1.33,,1,cam12/e1/v1,
phase4_smoke2,03.CCTV Mobile Usage.mkv,632de9ed55947761d56d4c6142a3cb1a1fe69d0b1a6d0e01a2e404c697962623,dfine_native,12200.0,monitor_or_bezel,0.3708,1019.35,395.54,1145.38,447.63,6564.5,126.03,52.09,2.42,False,,True,R-desk,9,evt_S-61_desk_work_surface_0001,590143951782a0e5,lap_bag_context,no_pose_observation,34560.0,1.33,,1,cam12/e1/v1,
phase4_smoke2,03.CCTV Mobile Usage.mkv,632de9ed55947761d56d4c6142a3cb1a1fe69d0b1a6d0e01a2e404c697962623,dfine_native,12200.0,monitor_or_bezel,0.3959,1014.33,395.57,1146.85,488.82,12356.1,132.51,93.24,1.421,False,,True,R-desk,9,evt_S-61_desk_work_surface_0001,590143951782a0e5,lap_bag_context,no_pose_observation,34560.0,1.33,,1,cam12/e1/v1,
phase4_smoke2,03.CCTV Mobile Usage.mkv,632de9ed55947761d56d4c6142a3cb1a1fe69d0b1a6d0e01a2e404c697962623,dfine_native,12200.0,unknown_object,0.3516,700.03,396.15,774.6,491.77,7129.7,74.56,95.62,0.78,False,,True,R-desk,9,evt_S-61_desk_work_surface_0001,590143951782a0e5,lap_bag_context,no_pose_observation,34560.0,1.33,,1,cam12/e1/v1,
phase4_smoke2,03.CCTV Mobile Usage.mkv,632de9ed55947761d56d4c6142a3cb1a1fe69d0b1a6d0e01a2e404c697962623,dfine_native,12200.0,phone,0.3032,1042.76,421.37,1113.57,474.32,3748.9,70.8,52.95,1.337,False,,True,R-desk,9,evt_S-61_desk_work_surface_0001,590143951782a0e5,lap_bag_context,no_pose_observation,34560.0,1.33,,1,cam12/e1/v1,
phase4_smoke2,03.CCTV Mobile Usage.mkv,632de9ed55947761d56d4c6142a3cb1a1fe69d0b1a6d0e01a2e404c697962623,dfine_native,12200.0,unknown_object,0.419,700.01,396.25,758.88,490.74,5562.0,58.86,94.49,0.623,False,,True,R-desk,9,evt_S-61_desk_work_surface_0001,590143951782a0e5,lap_bag_context,no_pose_observation,34560.0,1.33,,1,cam12/e1/v1,
phase4_smoke2,03.CCTV Mobile Usage.mkv,632de9ed55947761d56d4c6142a3cb1a1fe69d0b1a6d0e01a2e404c697962623,dfine_native,12200.0,monitor_or_bezel,0.2625,1017.95,395.58,1146.14,472.53,9865.7,128.2,76.96,1.666,False,,True,R-desk,9,evt_S-61_desk_work_surface_0001,590143951782a0e5,lap_bag_context,no_pose_observation,34560.0,1.33,,1,cam12/e1/v1,
phase4_smoke2,03.CCTV Mobile Usage.mkv,632de9ed55947761d56d4c6142a3cb1a1fe69d0b1a6d0e01a2e404c697962623,dfine_native,12200.0,mouse,0.5184,865.0,413.88,892.18,435.35,583.7,27.18,21.48,1.265,False,,True,R-desk,9,evt_S-61_desk_work_surface_0001,590143951782a0e5,lap_bag_context,no_pose_observation,34560.0,1.33,,1,cam12/e1/v1,
phase4_smoke2,03.CCTV Mobile Usage.mkv,632de9ed55947761d56d4c6142a3cb1a1fe69d0b1a6d0e01a2e404c697962623,dfine_native,12200.0,mouse,0.2566,966.92,398.36,992.04,410.52,305.6,25.12,12.16,2.065,False,,True,R-desk,9,evt_S-61_desk_work_surface_0001,590143951782a0e5,lap_bag_context,no_pose_observation,34560.0,1.33,,1,cam12/e1/v1,
phase4_smoke2,03.CCTV Mobile Usage.mkv,632de9ed55947761d56d4c6142a3cb1a1fe69d0b1a6d0e01a2e404c697962623,dfine_native,12200.0,monitor_or_bezel,0.3307,966.87,395.53,1146.8,490.43,17073.8,179.93,94.89,1.896,False,,True,R-desk,9,evt_S-61_desk_work_surface_0001,590143951782a0e5,lap_bag_context,no_pose_observation,34560.0,1.33,,1,cam12/e1/v1,
phase4_smoke2,03.CCTV Mobile Usage.mkv,632de9ed55947761d56d4c6142a3cb1a1fe69d0b1a6d0e01a2e404c697962623,dfine_native,12200.0,monitor_or_bezel,0.2824,880.78,395.54,1146.81,491.03,25403.0,266.04,95.49,2.786,False,,True,R-desk,9,evt_S-61_desk_work_surface_0001,590143951782a0e5,lap_bag_context,no_pose_observation,34560.0,1.33,,1,cam12/e1/v1,
phase4_smoke2,03.CCTV Mobile Usage.mkv,632de9ed55947761d56d4c6142a3cb1a1fe69d0b1a6d0e01a2e404c697962623,dfine_native,12200.0,keyboard,0.8976,962.17,451.89,1068.0,491.41,4183.0,105.84,39.52,2.678,False,,True,R-desk,10,evt_S-61_upper_body_0015,590143951782a0e5,lap_bag_context,no_pose_observation,34560.0,1.33,,1,cam12/e1/v1,
phase4_smoke2,03.CCTV Mobile Usage.mkv,632de9ed55947761d56d4c6142a3cb1a1fe69d0b1a6d0e01a2e404c697962623,dfine_native,12200.0,unknown_object,0.621,699.92,396.22,849.64,492.05,14348.2,149.72,95.83,1.562,False,,True,R-desk,10,evt_S-61_upper_body_0015,590143951782a0e5,lap_bag_context,no_pose_observation,34560.0,1.33,,1,cam12/e1/v1,
phase4_smoke2,03.CCTV Mobile Usage.mkv,632de9ed55947761d56d4c6142a3cb1a1fe69d0b1a6d0e01a2e404c697962623,dfine_native,12200.0,monitor_or_bezel,0.3169,735.83,395.53,1142.96,491.11,38914.7,407.13,95.58,4.259,False,,True,R-desk,10,evt_S-61_upper_body_0015,590143951782a0e5,lap_bag_context,no_pose_observation,34560.0,1.33,,1,cam12/e1/v1,
phase4_smoke2,03.CCTV Mobile Usage.mkv,632de9ed55947761d56d4c6142a3cb1a1fe69d0b1a6d0e01a2e404c697962623,dfine_native,12200.0,keyboard,0.4259,802.41,396.23,870.38,420.7,1663.5,67.97,24.47,2.777,False,,True,R-desk,10,evt_S-61_upper_body_0015,590143951782a0e5,lap_bag_context,no_pose_observation,34560.0,1.33,,1,cam12/e1/v1,
phase4_smoke2,03.CCTV Mobile Usage.mkv,632de9ed55947761d56d4c6142a3cb1a1fe69d0b1a6d0e01a2e404c697962623,dfine_native,12200.0,monitor_or_bezel,0.3708,1019.35,395.54,1145.38,447.63,6564.5,126.03,52.09,2.42,False,,True,R-desk,10,evt_S-61_upper_body_0015,590143951782a0e5,lap_bag_context,no_pose_observation,34560.0,1.33,,1,cam12/e1/v1,
phase4_smoke2,03.CCTV Mobile Usage.mkv,632de9ed55947761d56d4c6142a3cb1a1fe69d0b1a6d0e01a2e404c697962623,dfine_native,12200.0,monitor_or_bezel,0.3959,1014.33,395.57,1146.85,488.82,12356.1,132.51,93.24,1.421,False,,True,R-desk,10,evt_S-61_upper_body_0015,590143951782a0e5,lap_bag_context,no_pose_observation,34560.0,1.33,,1,cam12/e1/v1,
phase4_smoke2,03.CCTV Mobile Usage.mkv,632de9ed55947761d56d4c6142a3cb1a1fe69d0b1a6d0e01a2e404c697962623,dfine_native,12200.0,unknown_object,0.3516,700.03,396.15,774.6,491.77,7129.7,74.56,95.62,0.78,False,,True,R-desk,10,evt_S-61_upper_body_0015,590143951782a0e5,lap_bag_context,no_pose_observation,34560.0,1.33,,1,cam12/e1/v1,
phase4_smoke2,03.CCTV Mobile Usage.mkv,632de9ed55947761d56d4c6142a3cb1a1fe69d0b1a6d0e01a2e404c697962623,dfine_native,12200.0,phone,0.3032,1042.76,421.37,1113.57,474.32,3748.9,70.8,52.95,1.337,False,,True,R-desk,10,evt_S-61_upper_body_0015,590143951782a0e5,lap_bag_context,no_pose_observation,34560.0,1.33,,1,cam12/e1/v1,
phase4_smoke2,03.CCTV Mobile Usage.mkv,632de9ed55947761d56d4c6142a3cb1a1fe69d0b1a6d0e01a2e404c697962623,dfine_native,12200.0,unknown_object,0.419,700.01,396.25,758.88,490.74,5562.0,58.86,94.49,0.623,False,,True,R-desk,10,evt_S-61_upper_body_0015,590143951782a0e5,lap_bag_context,no_pose_observation,34560.0,1.33,,1,cam12/e1/v1,
phase4_smoke2,03.CCTV Mobile Usage.mkv,632de9ed55947761d56d4c6142a3cb1a1fe69d0b1a6d0e01a2e404c697962623,dfine_native,12200.0,monitor_or_bezel,0.2625,1017.95,395.58,1146.14,472.53,9865.7,128.2,76.96,1.666,False,,True,R-desk,10,evt_S-61_upper_body_0015,590143951782a0e5,lap_bag_context,no_pose_observation,34560.0,1.33,,1,cam12/e1/v1,
phase4_smoke2,03.CCTV Mobile Usage.mkv,632de9ed55947761d56d4c6142a3cb1a1fe69d0b1a6d0e01a2e404c697962623,dfine_native,12200.0,mouse,0.5184,865.0,413.88,892.18,435.35,583.7,27.18,21.48,1.265,False,,True,R-desk,10,evt_S-61_upper_body_0015,590143951782a0e5,lap_bag_context,no_pose_observation,34560.0,1.33,,1,cam12/e1/v1,
phase4_smoke2,03.CCTV Mobile Usage.mkv,632de9ed55947761d56d4c6142a3cb1a1fe69d0b1a6d0e01a2e404c697962623,dfine_native,12200.0,mouse,0.2566,966.92,398.36,992.04,410.52,305.6,25.12,12.16,2.065,False,,True,R-desk,10,evt_S-61_upper_body_0015,590143951782a0e5,lap_bag_context,no_pose_observation,34560.0,1.33,,1,cam12/e1/v1,
phase4_smoke2,03.CCTV Mobile Usage.mkv,632de9ed55947761d56d4c6142a3cb1a1fe69d0b1a6d0e01a2e404c697962623,dfine_native,12200.0,monitor_or_bezel,0.3307,966.87,395.53,1146.8,490.43,17073.8,179.93,94.89,1.896,False,,True,R-desk,10,evt_S-61_upper_body_0015,590143951782a0e5,lap_bag_context,no_pose_observation,34560.0,1.33,,1,cam12/e1/v1,
phase4_smoke2,03.CCTV Mobile Usage.mkv,632de9ed55947761d56d4c6142a3cb1a1fe69d0b1a6d0e01a2e404c697962623,dfine_native,12200.0,monitor_or_bezel,0.2824,880.78,395.54,1146.81,491.03,25403.0,266.04,95.49,2.786,False,,True,R-desk,10,evt_S-61_upper_body_0015,590143951782a0e5,lap_bag_context,no_pose_observation,34560.0,1.33,,1,cam12/e1/v1,
phase4_smoke2,03.CCTV Mobile Usage.mkv,632de9ed55947761d56d4c6142a3cb1a1fe69d0b1a6d0e01a2e404c697962623,dfine_native,12200.0,keyboard,0.8976,962.17,451.89,1068.0,491.41,4183.0,105.84,39.52,2.678,False,,True,R-desk,12,evt_S-61_desk_work_surface_0001,590143951782a0e5,lap_bag_context,no_pose_observation,34560.0,1.33,,1,cam12/e1/v1,
phase4_smoke2,03.CCTV Mobile Usage.mkv,632de9ed55947761d56d4c6142a3cb1a1fe69d0b1a6d0e01a2e404c697962623,dfine_native,12200.0,unknown_object,0.621,699.92,396.22,849.64,492.05,14348.2,149.72,95.83,1.562,False,,True,R-desk,12,evt_S-61_desk_work_surface_0001,590143951782a0e5,lap_bag_context,no_pose_observation,34560.0,1.33,,1,cam12/e1/v1,
phase4_smoke2,03.CCTV Mobile Usage.mkv,632de9ed55947761d56d4c6142a3cb1a1fe69d0b1a6d0e01a2e404c697962623,dfine_native,12200.0,monitor_or_bezel,0.3169,735.83,395.53,1142.96,491.11,38914.7,407.13,95.58,4.259,False,,True,R-desk,12,evt_S-61_desk_work_surface_0001,590143951782a0e5,lap_bag_context,no_pose_observation,34560.0,1.33,,1,cam12/e1/v1,
phase4_smoke2,03.CCTV Mobile Usage.mkv,632de9ed55947761d56d4c6142a3cb1a1fe69d0b1a6d0e01a2e404c697962623,dfine_native,12200.0,keyboard,0.4259,802.41,396.23,870.38,420.7,1663.5,67.97,24.47,2.777,False,,True,R-desk,12,evt_S-61_desk_work_surface_0001,590143951782a0e5,lap_bag_context,no_pose_observation,34560.0,1.33,,1,cam12/e1/v1,
phase4_smoke2,03.CCTV Mobile Usage.mkv,632de9ed55947761d56d4c6142a3cb1a1fe69d0b1a6d0e01a2e404c697962623,dfine_native,12200.0,monitor_or_bezel,0.3708,1019.35,395.54,1145.38,447.63,6564.5,126.03,52.09,2.42,False,,True,R-desk,12,evt_S-61_desk_work_surface_0001,590143951782a0e5,lap_bag_context,no_pose_observation,34560.0,1.33,,1,cam12/e1/v1,
phase4_smoke2,03.CCTV Mobile Usage.mkv,632de9ed55947761d56d4c6142a3cb1a1fe69d0b1a6d0e01a2e404c697962623,dfine_native,12200.0,monitor_or_bezel,0.3959,1014.33,395.57,1146.85,488.82,12356.1,132.51,93.24,1.421,False,,True,R-desk,12,evt_S-61_desk_work_surface_0001,590143951782a0e5,lap_bag_context,no_pose_observation,34560.0,1.33,,1,cam12/e1/v1,
phase4_smoke2,03.CCTV Mobile Usage.mkv,632de9ed55947761d56d4c6142a3cb1a1fe69d0b1a6d0e01a2e404c697962623,dfine_native,12200.0,unknown_object,0.3516,700.03,396.15,774.6,491.77,7129.7,74.56,95.62,0.78,False,,True,R-desk,12,evt_S-61_desk_work_surface_0001,590143951782a0e5,lap_bag_context,no_pose_observation,34560.0,1.33,,1,cam12/e1/v1,
phase4_smoke2,03.CCTV Mobile Usage.mkv,632de9ed55947761d56d4c6142a3cb1a1fe69d0b1a6d0e01a2e404c697962623,dfine_native,12200.0,phone,0.3032,1042.76,421.37,1113.57,474.32,3748.9,70.8,52.95,1.337,False,,True,R-desk,12,evt_S-61_desk_work_surface_0001,590143951782a0e5,lap_bag_context,no_pose_observation,34560.0,1.33,,1,cam12/e1/v1,
phase4_smoke2,03.CCTV Mobile Usage.mkv,632de9ed55947761d56d4c6142a3cb1a1fe69d0b1a6d0e01a2e404c697962623,dfine_native,12200.0,unknown_object,0.419,700.01,396.25,758.88,490.74,5562.0,58.86,94.49,0.623,False,,True,R-desk,12,evt_S-61_desk_work_surface_0001,590143951782a0e5,lap_bag_context,no_pose_observation,34560.0,1.33,,1,cam12/e1/v1,
phase4_smoke2,03.CCTV Mobile Usage.mkv,632de9ed55947761d56d4c6142a3cb1a1fe69d0b1a6d0e01a2e404c697962623,dfine_native,12200.0,monitor_or_bezel,0.2625,1017.95,395.58,1146.14,472.53,9865.7,128.2,76.96,1.666,False,,True,R-desk,12,evt_S-61_desk_work_surface_0001,590143951782a0e5,lap_bag_context,no_pose_observation,34560.0,1.33,,1,cam12/e1/v1,
phase4_smoke2,03.CCTV Mobile Usage.mkv,632de9ed55947761d56d4c6142a3cb1a1fe69d0b1a6d0e01a2e404c697962623,dfine_native,12200.0,mouse,0.5184,865.0,413.88,892.18,435.35,583.7,27.18,21.48,1.265,False,,True,R-desk,12,evt_S-61_desk_work_surface_0001,590143951782a0e5,lap_bag_context,no_pose_observation,34560.0,1.33,,1,cam12/e1/v1,
phase4_smoke2,03.CCTV Mobile Usage.mkv,632de9ed55947761d56d4c6142a3cb1a1fe69d0b1a6d0e01a2e404c697962623,dfine_native,12200.0,mouse,0.2566,966.92,398.36,992.04,410.52,305.6,25.12,12.16,2.065,False,,True,R-desk,12,evt_S-61_desk_work_surface_0001,590143951782a0e5,lap_bag_context,no_pose_observation,34560.0,1.33,,1,cam12/e1/v1,
phase4_smoke2,03.CCTV Mobile Usage.mkv,632de9ed55947761d56d4c6142a3cb1a1fe69d0b1a6d0e01a2e404c697962623,dfine_native,12200.0,monitor_or_bezel,0.3307,966.87,395.53,1146.8,490.43,17073.8,179.93,94.89,1.896,False,,True,R-desk,12,evt_S-61_desk_work_surface_0001,590143951782a0e5,lap_bag_context,no_pose_observation,34560.0,1.33,,1,cam12/e1/v1,
phase4_smoke2,03.CCTV Mobile Usage.mkv,632de9ed55947761d56d4c6142a3cb1a1fe69d0b1a6d0e01a2e404c697962623,dfine_native,12200.0,monitor_or_bezel,0.2824,880.78,395.54,1146.81,491.03,25403.0,266.04,95.49,2.786,False,,True,R-desk,12,evt_S-61_desk_work_surface_0001,590143951782a0e5,lap_bag_context,no_pose_observation,34560.0,1.33,,1,cam12/e1/v1,
phase4_smoke2,03.CCTV Mobile Usage.mkv,632de9ed55947761d56d4c6142a3cb1a1fe69d0b1a6d0e01a2e404c697962623,dfine_native,12200.0,keyboard,0.8976,962.17,451.89,1068.0,491.41,4183.0,105.84,39.52,2.678,False,,True,R-desk,14,evt_S-61_upper_body_0015,590143951782a0e5,lap_bag_context,no_pose_observation,34560.0,1.33,,1,cam12/e1/v1,
phase4_smoke2,03.CCTV Mobile Usage.mkv,632de9ed55947761d56d4c6142a3cb1a1fe69d0b1a6d0e01a2e404c697962623,dfine_native,12200.0,unknown_object,0.621,699.92,396.22,849.64,492.05,14348.2,149.72,95.83,1.562,False,,True,R-desk,14,evt_S-61_upper_body_0015,590143951782a0e5,lap_bag_context,no_pose_observation,34560.0,1.33,,1,cam12/e1/v1,
phase4_smoke2,03.CCTV Mobile Usage.mkv,632de9ed55947761d56d4c6142a3cb1a1fe69d0b1a6d0e01a2e404c697962623,dfine_native,12200.0,monitor_or_bezel,0.3169,735.83,395.53,1142.96,491.11,38914.7,407.13,95.58,4.259,False,,True,R-desk,14,evt_S-61_upper_body_0015,590143951782a0e5,lap_bag_context,no_pose_observation,34560.0,1.33,,1,cam12/e1/v1,
phase4_smoke2,03.CCTV Mobile Usage.mkv,632de9ed55947761d56d4c6142a3cb1a1fe69d0b1a6d0e01a2e404c697962623,dfine_native,12200.0,keyboard,0.4259,802.41,396.23,870.38,420.7,1663.5,67.97,24.47,2.777,False,,True,R-desk,14,evt_S-61_upper_body_0015,590143951782a0e5,lap_bag_context,no_pose_observation,34560.0,1.33,,1,cam12/e1/v1,
phase4_smoke2,03.CCTV Mobile Usage.mkv,632de9ed55947761d56d4c6142a3cb1a1fe69d0b1a6d0e01a2e404c697962623,dfine_native,12200.0,monitor_or_bezel,0.3708,1019.35,395.54,1145.38,447.63,6564.5,126.03,52.09,2.42,False,,True,R-desk,14,evt_S-61_upper_body_0015,590143951782a0e5,lap_bag_context,no_pose_observation,34560.0,1.33,,1,cam12/e1/v1,
phase4_smoke2,03.CCTV Mobile Usage.mkv,632de9ed55947761d56d4c6142a3cb1a1fe69d0b1a6d0e01a2e404c697962623,dfine_native,12200.0,monitor_or_bezel,0.3959,1014.33,395.57,1146.85,488.82,12356.1,132.51,93.24,1.421,False,,True,R-desk,14,evt_S-61_upper_body_0015,590143951782a0e5,lap_bag_context,no_pose_observation,34560.0,1.33,,1,cam12/e1/v1,
phase4_smoke2,03.CCTV Mobile Usage.mkv,632de9ed55947761d56d4c6142a3cb1a1fe69d0b1a6d0e01a2e404c697962623,dfine_native,12200.0,unknown_object,0.3516,700.03,396.15,774.6,491.77,7129.7,74.56,95.62,0.78,False,,True,R-desk,14,evt_S-61_upper_body_0015,590143951782a0e5,lap_bag_context,no_pose_observation,34560.0,1.33,,1,cam12/e1/v1,
phase4_smoke2,03.CCTV Mobile Usage.mkv,632de9ed55947761d56d4c6142a3cb1a1fe69d0b1a6d0e01a2e404c697962623,dfine_native,12200.0,phone,0.3032,1042.76,421.37,1113.57,474.32,3748.9,70.8,52.95,1.337,False,,True,R-desk,14,evt_S-61_upper_body_0015,590143951782a0e5,lap_bag_context,no_pose_observation,34560.0,1.33,,1,cam12/e1/v1,
phase4_smoke2,03.CCTV Mobile Usage.mkv,632de9ed55947761d56d4c6142a3cb1a1fe69d0b1a6d0e01a2e404c697962623,dfine_native,12200.0,unknown_object,0.419,700.01,396.25,758.88,490.74,5562.0,58.86,94.49,0.623,False,,True,R-desk,14,evt_S-61_upper_body_0015,590143951782a0e5,lap_bag_context,no_pose_observation,34560.0,1.33,,1,cam12/e1/v1,
phase4_smoke2,03.CCTV Mobile Usage.mkv,632de9ed55947761d56d4c6142a3cb1a1fe69d0b1a6d0e01a2e404c697962623,dfine_native,12200.0,monitor_or_bezel,0.2625,1017.95,395.58,1146.14,472.53,9865.7,128.2,76.96,1.666,False,,True,R-desk,14,evt_S-61_upper_body_0015,590143951782a0e5,lap_bag_context,no_pose_observation,34560.0,1.33,,1,cam12/e1/v1,
phase4_smoke2,03.CCTV Mobile Usage.mkv,632de9ed55947761d56d4c6142a3cb1a1fe69d0b1a6d0e01a2e404c697962623,dfine_native,12200.0,mouse,0.5184,865.0,413.88,892.18,435.35,583.7,27.18,21.48,1.265,False,,True,R-desk,14,evt_S-61_upper_body_0015,590143951782a0e5,lap_bag_context,no_pose_observation,34560.0,1.33,,1,cam12/e1/v1,
phase4_smoke2,03.CCTV Mobile Usage.mkv,632de9ed55947761d56d4c6142a3cb1a1fe69d0b1a6d0e01a2e404c697962623,dfine_native,12200.0,mouse,0.2566,966.92,398.36,992.04,410.52,305.6,25.12,12.16,2.065,False,,True,R-desk,14,evt_S-61_upper_body_0015,590143951782a0e5,lap_bag_context,no_pose_observation,34560.0,1.33,,1,cam12/e1/v1,
phase4_smoke2,03.CCTV Mobile Usage.mkv,632de9ed55947761d56d4c6142a3cb1a1fe69d0b1a6d0e01a2e404c697962623,dfine_native,12200.0,monitor_or_bezel,0.3307,966.87,395.53,1146.8,490.43,17073.8,179.93,94.89,1.896,False,,True,R-desk,14,evt_S-61_upper_body_0015,590143951782a0e5,lap_bag_context,no_pose_observation,34560.0,1.33,,1,cam12/e1/v1,
phase4_smoke2,03.CCTV Mobile Usage.mkv,632de9ed55947761d56d4c6142a3cb1a1fe69d0b1a6d0e01a2e404c697962623,dfine_native,12200.0,monitor_or_bezel,0.2824,880.78,395.54,1146.81,491.03,25403.0,266.04,95.49,2.786,False,,True,R-desk,14,evt_S-61_upper_body_0015,590143951782a0e5,lap_bag_context,no_pose_observation,34560.0,1.33,,1,cam12/e1/v1,
phase4_smoke2,03.CCTV Mobile Usage.mkv,632de9ed55947761d56d4c6142a3cb1a1fe69d0b1a6d0e01a2e404c697962623,dfine_native,12200.0,stationery,0.4578,21.12,443.03,79.45,497.59,3182.4,58.33,54.56,1.069,False,,True,S-61,1,evt_S-61_desk_work_surface_0001,d9e493aa82dc7fae,pose_hand_context,,26179.2,3.96,,1,cam12/e1/v1,rtmpose_baseline
phase4_smoke2,03.CCTV Mobile Usage.mkv,632de9ed55947761d56d4c6142a3cb1a1fe69d0b1a6d0e01a2e404c697962623,dfine_native,12200.0,stationery,0.4999,43.06,443.69,72.49,471.52,819.0,29.43,27.83,1.057,False,,True,S-61,1,evt_S-61_desk_work_surface_0001,d9e493aa82dc7fae,pose_hand_context,,26179.2,3.96,,1,cam12/e1/v1,rtmpose_baseline
phase4_smoke2,03.CCTV Mobile Usage.mkv,632de9ed55947761d56d4c6142a3cb1a1fe69d0b1a6d0e01a2e404c697962623,dfine_native,12200.0,stationery,0.5307,100.25,476.49,162.05,529.52,3277.1,61.79,53.03,1.165,False,,True,S-61,1,evt_S-61_desk_work_surface_0001,d9e493aa82dc7fae,pose_hand_context,,26179.2,3.96,,1,cam12/e1/v1,rtmpose_baseline
phase4_smoke2,03.CCTV Mobile Usage.mkv,632de9ed55947761d56d4c6142a3cb1a1fe69d0b1a6d0e01a2e404c697962623,dfine_native,12200.0,stationery,0.494,20.99,492.72,182.84,552.42,9663.6,161.86,59.71,2.711,False,,True,S-61,1,evt_S-61_desk_work_surface_0001,d9e493aa82dc7fae,pose_hand_context,,26179.2,3.96,,1,cam12/e1/v1,rtmpose_baseline
phase4_smoke2,03.CCTV Mobile Usage.mkv,632de9ed55947761d56d4c6142a3cb1a1fe69d0b1a6d0e01a2e404c697962623,dfine_native,12200.0,stationery,0.2625,70.75,404.53,152.35,496.82,7530.7,81.6,92.29,0.884,False,,True,S-61,1,evt_S-61_desk_work_surface_0001,d9e493aa82dc7fae,pose_hand_context,,26179.2,3.96,,1,cam12/e1/v1,rtmpose_baseline
phase4_smoke2,03.CCTV Mobile Usage.mkv,632de9ed55947761d56d4c6142a3cb1a1fe69d0b1a6d0e01a2e404c697962623,dfine_native,12200.0,stationery,0.3943,79.78,404.77,151.78,496.14,6578.9,72.0,91.37,0.788,False,,True,S-61,1,evt_S-61_desk_work_surface_0001,d9e493aa82dc7fae,pose_hand_context,,26179.2,3.96,,1,cam12/e1/v1,rtmpose_baseline
phase4_smoke2,03.CCTV Mobile Usage.mkv,632de9ed55947761d56d4c6142a3cb1a1fe69d0b1a6d0e01a2e404c697962623,dfine_native,12200.0,stationery,0.2675,21.01,417.26,84.2,496.67,5017.7,63.19,79.4,0.796,False,,True,S-61,1,evt_S-61_desk_work_surface_0001,d9e493aa82dc7fae,pose_hand_context,,26179.2,3.96,,1,cam12/e1/v1,rtmpose_baseline
phase4_smoke2,03.CCTV Mobile Usage.mkv,632de9ed55947761d56d4c6142a3cb1a1fe69d0b1a6d0e01a2e404c697962623,dfine_native,12200.0,stationery,0.3254,128.89,446.03,160.88,491.38,1450.6,31.99,45.35,0.705,False,,True,S-61,1,evt_S-61_desk_work_surface_0001,d9e493aa82dc7fae,pose_hand_context,,26179.2,3.96,,1,cam12/e1/v1,rtmpose_baseline
phase4_smoke2,03.CCTV Mobile Usage.mkv,632de9ed55947761d56d4c6142a3cb1a1fe69d0b1a6d0e01a2e404c697962623,dfine_native,12200.0,stationery,0.381,20.97,414.97,105.56,498.0,7023.4,84.59,83.03,1.019,False,,True,S-61,1,evt_S-61_desk_work_surface_0001,d9e493aa82dc7fae,pose_hand_context,,26179.2,3.96,,1,cam12/e1/v1,rtmpose_baseline
phase4_smoke2,03.CCTV Mobile Usage.mkv,632de9ed55947761d56d4c6142a3cb1a1fe69d0b1a6d0e01a2e404c697962623,dfine_native,12200.0,stationery,0.3358,21.01,476.64,182.88,552.28,12242.7,161.86,75.64,2.14,False,,True,S-61,1,evt_S-61_desk_work_surface_0001,d9e493aa82dc7fae,pose_hand_context,,26179.2,3.96,,1,cam12/e1/v1,rtmpose_baseline
phase4_smoke2,03.CCTV Mobile Usage.mkv,632de9ed55947761d56d4c6142a3cb1a1fe69d0b1a6d0e01a2e404c697962623,dfine_native,12200.0,stationery,0.2571,91.07,405.34,150.27,493.21,5201.0,59.19,87.87,0.674,False,,True,S-61,1,evt_S-61_desk_work_surface_0001,d9e493aa82dc7fae,pose_hand_context,,26179.2,3.96,,1,cam12/e1/v1,rtmpose_baseline
phase4_smoke2,03.CCTV Mobile Usage.mkv,632de9ed55947761d56d4c6142a3cb1a1fe69d0b1a6d0e01a2e404c697962623,dfine_native,12200.0,stationery,0.3694,21.26,493.12,162.05,552.4,8346.5,140.79,59.28,2.375,False,,True,S-61,1,evt_S-61_desk_work_surface_0001,d9e493aa82dc7fae,pose_hand_context,,26179.2,3.96,,1,cam12/e1/v1,rtmpose_baseline
phase4_smoke2,03.CCTV Mobile Usage.mkv,632de9ed55947761d56d4c6142a3cb1a1fe69d0b1a6d0e01a2e404c697962623,dfine_native,12200.0,stationery,0.4578,21.12,443.03,79.45,497.59,3182.4,58.33,54.56,1.069,False,,True,S-61,5,evt_S-61_upper_body_0015,d9e493aa82dc7fae,pose_hand_context,,26179.2,3.96,,1,cam12/e1/v1,rtmpose_baseline
phase4_smoke2,03.CCTV Mobile Usage.mkv,632de9ed55947761d56d4c6142a3cb1a1fe69d0b1a6d0e01a2e404c697962623,dfine_native,12200.0,stationery,0.4999,43.06,443.69,72.49,471.52,819.0,29.43,27.83,1.057,False,,True,S-61,5,evt_S-61_upper_body_0015,d9e493aa82dc7fae,pose_hand_context,,26179.2,3.96,,1,cam12/e1/v1,rtmpose_baseline
phase4_smoke2,03.CCTV Mobile Usage.mkv,632de9ed55947761d56d4c6142a3cb1a1fe69d0b1a6d0e01a2e404c697962623,dfine_native,12200.0,stationery,0.5307,100.25,476.49,162.05,529.52,3277.1,61.79,53.03,1.165,False,,True,S-61,5,evt_S-61_upper_body_0015,d9e493aa82dc7fae,pose_hand_context,,26179.2,3.96,,1,cam12/e1/v1,rtmpose_baseline
phase4_smoke2,03.CCTV Mobile Usage.mkv,632de9ed55947761d56d4c6142a3cb1a1fe69d0b1a6d0e01a2e404c697962623,dfine_native,12200.0,stationery,0.494,20.99,492.72,182.84,552.42,9663.6,161.86,59.71,2.711,False,,True,S-61,5,evt_S-61_upper_body_0015,d9e493aa82dc7fae,pose_hand_context,,26179.2,3.96,,1,cam12/e1/v1,rtmpose_baseline
phase4_smoke2,03.CCTV Mobile Usage.mkv,632de9ed55947761d56d4c6142a3cb1a1fe69d0b1a6d0e01a2e404c697962623,dfine_native,12200.0,stationery,0.2625,70.75,404.53,152.35,496.82,7530.7,81.6,92.29,0.884,False,,True,S-61,5,evt_S-61_upper_body_0015,d9e493aa82dc7fae,pose_hand_context,,26179.2,3.96,,1,cam12/e1/v1,rtmpose_baseline
phase4_smoke2,03.CCTV Mobile Usage.mkv,632de9ed55947761d56d4c6142a3cb1a1fe69d0b1a6d0e01a2e404c697962623,dfine_native,12200.0,stationery,0.3943,79.78,404.77,151.78,496.14,6578.9,72.0,91.37,0.788,False,,True,S-61,5,evt_S-61_upper_body_0015,d9e493aa82dc7fae,pose_hand_context,,26179.2,3.96,,1,cam12/e1/v1,rtmpose_baseline
phase4_smoke2,03.CCTV Mobile Usage.mkv,632de9ed55947761d56d4c6142a3cb1a1fe69d0b1a6d0e01a2e404c697962623,dfine_native,12200.0,stationery,0.2675,21.01,417.26,84.2,496.67,5017.7,63.19,79.4,0.796,False,,True,S-61,5,evt_S-61_upper_body_0015,d9e493aa82dc7fae,pose_hand_context,,26179.2,3.96,,1,cam12/e1/v1,rtmpose_baseline
phase4_smoke2,03.CCTV Mobile Usage.mkv,632de9ed55947761d56d4c6142a3cb1a1fe69d0b1a6d0e01a2e404c697962623,dfine_native,12200.0,stationery,0.3254,128.89,446.03,160.88,491.38,1450.6,31.99,45.35,0.705,False,,True,S-61,5,evt_S-61_upper_body_0015,d9e493aa82dc7fae,pose_hand_context,,26179.2,3.96,,1,cam12/e1/v1,rtmpose_baseline
phase4_smoke2,03.CCTV Mobile Usage.mkv,632de9ed55947761d56d4c6142a3cb1a1fe69d0b1a6d0e01a2e404c697962623,dfine_native,12200.0,stationery,0.381,20.97,414.97,105.56,498.0,7023.4,84.59,83.03,1.019,False,,True,S-61,5,evt_S-61_upper_body_0015,d9e493aa82dc7fae,pose_hand_context,,26179.2,3.96,,1,cam12/e1/v1,rtmpose_baseline
phase4_smoke2,03.CCTV Mobile Usage.mkv,632de9ed55947761d56d4c6142a3cb1a1fe69d0b1a6d0e01a2e404c697962623,dfine_native,12200.0,stationery,0.3358,21.01,476.64,182.88,552.28,12242.7,161.86,75.64,2.14,False,,True,S-61,5,evt_S-61_upper_body_0015,d9e493aa82dc7fae,pose_hand_context,,26179.2,3.96,,1,cam12/e1/v1,rtmpose_baseline
phase4_smoke2,03.CCTV Mobile Usage.mkv,632de9ed55947761d56d4c6142a3cb1a1fe69d0b1a6d0e01a2e404c697962623,dfine_native,12200.0,stationery,0.2571,91.07,405.34,150.27,493.21,5201.0,59.19,87.87,0.674,False,,True,S-61,5,evt_S-61_upper_body_0015,d9e493aa82dc7fae,pose_hand_context,,26179.2,3.96,,1,cam12/e1/v1,rtmpose_baseline
phase4_smoke2,03.CCTV Mobile Usage.mkv,632de9ed55947761d56d4c6142a3cb1a1fe69d0b1a6d0e01a2e404c697962623,dfine_native,12200.0,stationery,0.3694,21.26,493.12,162.05,552.4,8346.5,140.79,59.28,2.375,False,,True,S-61,5,evt_S-61_upper_body_0015,d9e493aa82dc7fae,pose_hand_context,,26179.2,3.96,,1,cam12/e1/v1,rtmpose_baseline
phase4_smoke2,03.CCTV Mobile Usage.mkv,632de9ed55947761d56d4c6142a3cb1a1fe69d0b1a6d0e01a2e404c697962623,dfine_native,12200.0,unknown_object,0.3969,203.81,293.53,340.8,389.77,13183.5,136.99,96.24,1.423,False,,True,S-61,2,evt_S-61_desk_work_surface_0001,f9214926523ed6ae,pose_hand_context,,32623.6,3.54,,1,cam12/e1/v1,rtmpose_baseline
phase4_smoke2,03.CCTV Mobile Usage.mkv,632de9ed55947761d56d4c6142a3cb1a1fe69d0b1a6d0e01a2e404c697962623,dfine_native,12200.0,unknown_object,0.3969,203.81,293.53,340.8,389.77,13183.5,136.99,96.24,1.423,False,,True,S-61,6,evt_S-61_upper_body_0015,f9214926523ed6ae,pose_hand_context,,32623.6,3.54,,1,cam12/e1/v1,rtmpose_baseline
phase4_smoke2,03.CCTV Mobile Usage.mkv,632de9ed55947761d56d4c6142a3cb1a1fe69d0b1a6d0e01a2e404c697962623,dfine_native,12700.0,unknown_object,0.312,180.49,293.84,335.84,384.62,14102.7,155.35,90.78,1.711,False,,True,S-61,2,evt_S-61_desk_work_surface_0001,1f3041ccf4ecfadb,pose_hand_context,,34165.8,3.46,,1,cam12/e1/v1,rtmpose_baseline
phase4_smoke2,03.CCTV Mobile Usage.mkv,632de9ed55947761d56d4c6142a3cb1a1fe69d0b1a6d0e01a2e404c697962623,dfine_native,12700.0,unknown_object,0.312,180.49,293.84,335.84,384.62,14102.7,155.35,90.78,1.711,False,,True,S-61,6,evt_S-61_upper_body_0015,1f3041ccf4ecfadb,pose_hand_context,,34165.8,3.46,,1,cam12/e1/v1,rtmpose_baseline
phase4_smoke2,03.CCTV Mobile Usage.mkv,632de9ed55947761d56d4c6142a3cb1a1fe69d0b1a6d0e01a2e404c697962623,dfine_native,12700.0,stationery,0.3639,16.87,392.15,101.84,498.64,9048.2,84.97,106.49,0.798,False,,True,S-61,1,evt_S-61_desk_work_surface_0001,4da4af0040eee7f8,pose_hand_context,,26771.5,3.91,,1,cam12/e1/v1,rtmpose_baseline
phase4_smoke2,03.CCTV Mobile Usage.mkv,632de9ed55947761d56d4c6142a3cb1a1fe69d0b1a6d0e01a2e404c697962623,dfine_native,12700.0,stationery,0.4537,43.03,443.84,71.91,471.22,790.8,28.88,27.38,1.055,False,,True,S-61,1,evt_S-61_desk_work_surface_0001,4da4af0040eee7f8,pose_hand_context,,26771.5,3.91,,1,cam12/e1/v1,rtmpose_baseline
phase4_smoke2,03.CCTV Mobile Usage.mkv,632de9ed55947761d56d4c6142a3cb1a1fe69d0b1a6d0e01a2e404c697962623,dfine_native,12700.0,stationery,0.2584,43.55,506.11,90.56,554.91,2293.7,47.0,48.8,0.963,False,,True,S-61,1,evt_S-61_desk_work_surface_0001,4da4af0040eee7f8,pose_hand_context,,26771.5,3.91,,1,cam12/e1/v1,rtmpose_baseline
phase4_smoke2,03.CCTV Mobile Usage.mkv,632de9ed55947761d56d4c6142a3cb1a1fe69d0b1a6d0e01a2e404c697962623,dfine_native,12700.0,stationery,0.4137,100.29,478.46,160.44,531.68,3201.6,60.15,53.23,1.13,False,,True,S-61,1,evt_S-61_desk_work_surface_0001,4da4af0040eee7f8,pose_hand_context,,26771.5,3.91,,1,cam12/e1/v1,rtmpose_baseline
phase4_smoke2,03.CCTV Mobile Usage.mkv,632de9ed55947761d56d4c6142a3cb1a1fe69d0b1a6d0e01a2e404c697962623,dfine_native,12700.0,stationery,0.6678,16.94,415.09,101.63,498.59,7071.1,84.68,83.5,1.014,False,,True,S-61,1,evt_S-61_desk_work_surface_0001,4da4af0040eee7f8,pose_hand_context,,26771.5,3.91,,1,cam12/e1/v1,rtmpose_baseline
phase4_smoke2,03.CCTV Mobile Usage.mkv,632de9ed55947761d56d4c6142a3cb1a1fe69d0b1a6d0e01a2e404c697962623,dfine_native,12700.0,unknown_object,0.3187,16.81,392.13,180.06,555.34,26644.7,163.25,163.21,1.0,False,,True,S-61,1,evt_S-61_desk_work_surface_0001,4da4af0040eee7f8,pose_hand_context,,26771.5,3.91,,1,cam12/e1/v1,rtmpose_baseline
phase4_smoke2,03.CCTV Mobile Usage.mkv,632de9ed55947761d56d4c6142a3cb1a1fe69d0b1a6d0e01a2e404c697962623,dfine_native,12700.0,stationery,0.3759,83.39,418.29,149.81,496.41,5188.5,66.42,78.12,0.85,False,,True,S-61,1,evt_S-61_desk_work_surface_0001,4da4af0040eee7f8,pose_hand_context,,26771.5,3.91,,1,cam12/e1/v1,rtmpose_baseline
phase4_smoke2,03.CCTV Mobile Usage.mkv,632de9ed55947761d56d4c6142a3cb1a1fe69d0b1a6d0e01a2e404c697962623,dfine_native,12700.0,stationery,0.3028,70.68,418.06,155.51,497.46,6734.8,84.83,79.39,1.069,False,,True,S-61,1,evt_S-61_desk_work_surface_0001,4da4af0040eee7f8,pose_hand_context,,26771.5,3.91,,1,cam12/e1/v1,rtmpose_baseline
phase4_smoke2,03.CCTV Mobile Usage.mkv,632de9ed55947761d56d4c6142a3cb1a1fe69d0b1a6d0e01a2e404c697962623,dfine_native,12700.0,stationery,0.3619,17.13,415.57,156.62,499.59,11719.5,139.49,84.02,1.66,False,,True,S-61,1,evt_S-61_desk_work_surface_0001,4da4af0040eee7f8,pose_hand_context,,26771.5,3.91,,1,cam12/e1/v1,rtmpose_baseline
phase4_smoke2,03.CCTV Mobile Usage.mkv,632de9ed55947761d56d4c6142a3cb1a1fe69d0b1a6d0e01a2e404c697962623,dfine_native,12700.0,stationery,0.3928,17.08,478.77,179.78,555.65,12507.6,162.7,76.88,2.116,False,,True,S-61,1,evt_S-61_desk_work_surface_0001,4da4af0040eee7f8,pose_hand_context,,26771.5,3.91,,1,cam12/e1/v1,rtmpose_baseline
phase4_smoke2,03.CCTV Mobile Usage.mkv,632de9ed55947761d56d4c6142a3cb1a1fe69d0b1a6d0e01a2e404c697962623,dfine_native,12700.0,stationery,0.2793,17.43,495.06,157.88,555.67,8512.7,140.45,60.61,2.317,False,,True,S-61,1,evt_S-61_desk_work_surface_0001,4da4af0040eee7f8,pose_hand_context,,26771.5,3.91,,1,cam12/e1/v1,rtmpose_baseline
phase4_smoke2,03.CCTV Mobile Usage.mkv,632de9ed55947761d56d4c6142a3cb1a1fe69d0b1a6d0e01a2e404c697962623,dfine_native,12700.0,stationery,0.2505,127.81,445.39,158.05,490.1,1352.2,30.24,44.71,0.676,False,,True,S-61,1,evt_S-61_desk_work_surface_0001,4da4af0040eee7f8,pose_hand_context,,26771.5,3.91,,1,cam12/e1/v1,rtmpose_baseline
phase4_smoke2,03.CCTV Mobile Usage.mkv,632de9ed55947761d56d4c6142a3cb1a1fe69d0b1a6d0e01a2e404c697962623,dfine_native,12700.0,stationery,0.3629,16.92,493.35,179.88,555.67,10157.4,162.96,62.33,2.615,False,,True,S-61,1,evt_S-61_desk_work_surface_0001,4da4af0040eee7f8,pose_hand_context,,26771.5,3.91,,1,cam12/e1/v1,rtmpose_baseline
phase4_smoke2,03.CCTV Mobile Usage.mkv,632de9ed55947761d56d4c6142a3cb1a1fe69d0b1a6d0e01a2e404c697962623,dfine_native,12700.0,stationery,0.2657,16.92,392.08,157.98,499.53,15155.8,141.05,107.45,1.313,False,,True,S-61,1,evt_S-61_desk_work_surface_0001,4da4af0040eee7f8,pose_hand_context,,26771.5,3.91,,1,cam12/e1/v1,rtmpose_baseline
phase4_smoke2,03.CCTV Mobile Usage.mkv,632de9ed55947761d56d4c6142a3cb1a1fe69d0b1a6d0e01a2e404c697962623,dfine_native,12700.0,stationery,0.306,17.33,478.23,160.24,555.36,11022.2,142.92,77.12,1.853,False,,True,S-61,1,evt_S-61_desk_work_surface_0001,4da4af0040eee7f8,pose_hand_context,,26771.5,3.91,,1,cam12/e1/v1,rtmpose_baseline
phase4_smoke2,03.CCTV Mobile Usage.mkv,632de9ed55947761d56d4c6142a3cb1a1fe69d0b1a6d0e01a2e404c697962623,dfine_native,12700.0,stationery,0.3639,16.87,392.15,101.84,498.64,9048.2,84.97,106.49,0.798,False,,True,S-61,5,evt_S-61_upper_body_0015,4da4af0040eee7f8,pose_hand_context,,26771.5,3.91,,1,cam12/e1/v1,rtmpose_baseline
phase4_smoke2,03.CCTV Mobile Usage.mkv,632de9ed55947761d56d4c6142a3cb1a1fe69d0b1a6d0e01a2e404c697962623,dfine_native,12700.0,stationery,0.4537,43.03,443.84,71.91,471.22,790.8,28.88,27.38,1.055,False,,True,S-61,5,evt_S-61_upper_body_0015,4da4af0040eee7f8,pose_hand_context,,26771.5,3.91,,1,cam12/e1/v1,rtmpose_baseline
phase4_smoke2,03.CCTV Mobile Usage.mkv,632de9ed55947761d56d4c6142a3cb1a1fe69d0b1a6d0e01a2e404c697962623,dfine_native,12700.0,stationery,0.2584,43.55,506.11,90.56,554.91,2293.7,47.0,48.8,0.963,False,,True,S-61,5,evt_S-61_upper_body_0015,4da4af0040eee7f8,pose_hand_context,,26771.5,3.91,,1,cam12/e1/v1,rtmpose_baseline
phase4_smoke2,03.CCTV Mobile Usage.mkv,632de9ed55947761d56d4c6142a3cb1a1fe69d0b1a6d0e01a2e404c697962623,dfine_native,12700.0,stationery,0.4137,100.29,478.46,160.44,531.68,3201.6,60.15,53.23,1.13,False,,True,S-61,5,evt_S-61_upper_body_0015,4da4af0040eee7f8,pose_hand_context,,26771.5,3.91,,1,cam12/e1/v1,rtmpose_baseline
phase4_smoke2,03.CCTV Mobile Usage.mkv,632de9ed55947761d56d4c6142a3cb1a1fe69d0b1a6d0e01a2e404c697962623,dfine_native,12700.0,stationery,0.6678,16.94,415.09,101.63,498.59,7071.1,84.68,83.5,1.014,False,,True,S-61,5,evt_S-61_upper_body_0015,4da4af0040eee7f8,pose_hand_context,,26771.5,3.91,,1,cam12/e1/v1,rtmpose_baseline
phase4_smoke2,03.CCTV Mobile Usage.mkv,632de9ed55947761d56d4c6142a3cb1a1fe69d0b1a6d0e01a2e404c697962623,dfine_native,12700.0,unknown_object,0.3187,16.81,392.13,180.06,555.34,26644.7,163.25,163.21,1.0,False,,True,S-61,5,evt_S-61_upper_body_0015,4da4af0040eee7f8,pose_hand_context,,26771.5,3.91,,1,cam12/e1/v1,rtmpose_baseline
phase4_smoke2,03.CCTV Mobile Usage.mkv,632de9ed55947761d56d4c6142a3cb1a1fe69d0b1a6d0e01a2e404c697962623,dfine_native,12700.0,stationery,0.3759,83.39,418.29,149.81,496.41,5188.5,66.42,78.12,0.85,False,,True,S-61,5,evt_S-61_upper_body_0015,4da4af0040eee7f8,pose_hand_context,,26771.5,3.91,,1,cam12/e1/v1,rtmpose_baseline
phase4_smoke2,03.CCTV Mobile Usage.mkv,632de9ed55947761d56d4c6142a3cb1a1fe69d0b1a6d0e01a2e404c697962623,dfine_native,12700.0,stationery,0.3028,70.68,418.06,155.51,497.46,6734.8,84.83,79.39,1.069,False,,True,S-61,5,evt_S-61_upper_body_0015,4da4af0040eee7f8,pose_hand_context,,26771.5,3.91,,1,cam12/e1/v1,rtmpose_baseline
phase4_smoke2,03.CCTV Mobile Usage.mkv,632de9ed55947761d56d4c6142a3cb1a1fe69d0b1a6d0e01a2e404c697962623,dfine_native,12700.0,stationery,0.3619,17.13,415.57,156.62,499.59,11719.5,139.49,84.02,1.66,False,,True,S-61,5,evt_S-61_upper_body_0015,4da4af0040eee7f8,pose_hand_context,,26771.5,3.91,,1,cam12/e1/v1,rtmpose_baseline
phase4_smoke2,03.CCTV Mobile Usage.mkv,632de9ed55947761d56d4c6142a3cb1a1fe69d0b1a6d0e01a2e404c697962623,dfine_native,12700.0,stationery,0.3928,17.08,478.77,179.78,555.65,12507.6,162.7,76.88,2.116,False,,True,S-61,5,evt_S-61_upper_body_0015,4da4af0040eee7f8,pose_hand_context,,26771.5,3.91,,1,cam12/e1/v1,rtmpose_baseline
phase4_smoke2,03.CCTV Mobile Usage.mkv,632de9ed55947761d56d4c6142a3cb1a1fe69d0b1a6d0e01a2e404c697962623,dfine_native,12700.0,stationery,0.2793,17.43,495.06,157.88,555.67,8512.7,140.45,60.61,2.317,False,,True,S-61,5,evt_S-61_upper_body_0015,4da4af0040eee7f8,pose_hand_context,,26771.5,3.91,,1,cam12/e1/v1,rtmpose_baseline
phase4_smoke2,03.CCTV Mobile Usage.mkv,632de9ed55947761d56d4c6142a3cb1a1fe69d0b1a6d0e01a2e404c697962623,dfine_native,12700.0,stationery,0.2505,127.81,445.39,158.05,490.1,1352.2,30.24,44.71,0.676,False,,True,S-61,5,evt_S-61_upper_body_0015,4da4af0040eee7f8,pose_hand_context,,26771.5,3.91,,1,cam12/e1/v1,rtmpose_baseline
phase4_smoke2,03.CCTV Mobile Usage.mkv,632de9ed55947761d56d4c6142a3cb1a1fe69d0b1a6d0e01a2e404c697962623,dfine_native,12700.0,stationery,0.3629,16.92,493.35,179.88,555.67,10157.4,162.96,62.33,2.615,False,,True,S-61,5,evt_S-61_upper_body_0015,4da4af0040eee7f8,pose_hand_context,,26771.5,3.91,,1,cam12/e1/v1,rtmpose_baseline
phase4_smoke2,03.CCTV Mobile Usage.mkv,632de9ed55947761d56d4c6142a3cb1a1fe69d0b1a6d0e01a2e404c697962623,dfine_native,12700.0,stationery,0.2657,16.92,392.08,157.98,499.53,15155.8,141.05,107.45,1.313,False,,True,S-61,5,evt_S-61_upper_body_0015,4da4af0040eee7f8,pose_hand_context,,26771.5,3.91,,1,cam12/e1/v1,rtmpose_baseline
phase4_smoke2,03.CCTV Mobile Usage.mkv,632de9ed55947761d56d4c6142a3cb1a1fe69d0b1a6d0e01a2e404c697962623,dfine_native,12700.0,stationery,0.306,17.33,478.23,160.24,555.36,11022.2,142.92,77.12,1.853,False,,True,S-61,5,evt_S-61_upper_body_0015,4da4af0040eee7f8,pose_hand_context,,26771.5,3.91,,1,cam12/e1/v1,rtmpose_baseline
phase4_smoke2,03.CCTV Mobile Usage.mkv,632de9ed55947761d56d4c6142a3cb1a1fe69d0b1a6d0e01a2e404c697962623,dfine_native,12700.0,keyboard,0.894,962.1,451.9,1067.92,491.45,4185.1,105.83,39.55,2.676,False,,True,R-desk,9,evt_S-61_desk_work_surface_0001,968235d01208b21f,lap_bag_context,no_pose_observation,34560.0,1.33,,1,cam12/e1/v1,
phase4_smoke2,03.CCTV Mobile Usage.mkv,632de9ed55947761d56d4c6142a3cb1a1fe69d0b1a6d0e01a2e404c697962623,dfine_native,12700.0,unknown_object,0.6223,699.91,396.23,849.49,492.42,14387.6,149.57,96.19,1.555,False,,True,R-desk,9,evt_S-61_desk_work_surface_0001,968235d01208b21f,lap_bag_context,no_pose_observation,34560.0,1.33,,1,cam12/e1/v1,
phase4_smoke2,03.CCTV Mobile Usage.mkv,632de9ed55947761d56d4c6142a3cb1a1fe69d0b1a6d0e01a2e404c697962623,dfine_native,12700.0,keyboard,0.4237,802.46,396.22,870.9,420.71,1675.7,68.44,24.48,2.795,False,,True,R-desk,9,evt_S-61_desk_work_surface_0001,968235d01208b21f,lap_bag_context,no_pose_observation,34560.0,1.33,,1,cam12/e1/v1,
phase4_smoke2,03.CCTV Mobile Usage.mkv,632de9ed55947761d56d4c6142a3cb1a1fe69d0b1a6d0e01a2e404c697962623,dfine_native,12700.0,unknown_object,0.3092,736.55,395.62,1140.16,491.17,38565.1,403.61,95.55,4.224,False,,True,R-desk,9,evt_S-61_desk_work_surface_0001,968235d01208b21f,lap_bag_context,no_pose_observation,34560.0,1.33,,1,cam12/e1/v1,
phase4_smoke2,03.CCTV Mobile Usage.mkv,632de9ed55947761d56d4c6142a3cb1a1fe69d0b1a6d0e01a2e404c697962623,dfine_native,12700.0,monitor_or_bezel,0.3892,1019.66,395.52,1145.06,446.55,6399.4,125.4,51.03,2.457,False,,True,R-desk,9,evt_S-61_desk_work_surface_0001,968235d01208b21f,lap_bag_context,no_pose_observation,34560.0,1.33,,1,cam12/e1/v1,
phase4_smoke2,03.CCTV Mobile Usage.mkv,632de9ed55947761d56d4c6142a3cb1a1fe69d0b1a6d0e01a2e404c697962623,dfine_native,12700.0,unknown_object,0.4019,699.97,396.22,757.52,491.04,5456.4,57.55,94.82,0.607,False,,True,R-desk,9,evt_S-61_desk_work_surface_0001,968235d01208b21f,lap_bag_context,no_pose_observation,34560.0,1.33,,1,cam12/e1/v1,
phase4_smoke2,03.CCTV Mobile Usage.mkv,632de9ed55947761d56d4c6142a3cb1a1fe69d0b1a6d0e01a2e404c697962623,dfine_native,12700.0,monitor_or_bezel,0.3272,1013.37,395.62,1146.34,488.37,12331.9,132.97,92.74,1.434,False,,True,R-desk,9,evt_S-61_desk_work_surface_0001,968235d01208b21f,lap_bag_context,no_pose_observation,34560.0,1.33,,1,cam12/e1/v1,
phase4_smoke2,03.CCTV Mobile Usage.mkv,632de9ed55947761d56d4c6142a3cb1a1fe69d0b1a6d0e01a2e404c697962623,dfine_native,12700.0,phone,0.2574,1042.72,421.48,1114.16,474.32,3775.4,71.45,52.84,1.352,False,,True,R-desk,9,evt_S-61_desk_work_surface_0001,968235d01208b21f,lap_bag_context,no_pose_observation,34560.0,1.33,,1,cam12/e1/v1,
phase4_smoke2,03.CCTV Mobile Usage.mkv,632de9ed55947761d56d4c6142a3cb1a1fe69d0b1a6d0e01a2e404c697962623,dfine_native,12700.0,monitor_or_bezel,0.4822,967.01,395.52,1146.45,490.67,17075.0,179.45,95.15,1.886,False,,True,R-desk,9,evt_S-61_desk_work_surface_0001,968235d01208b21f,lap_bag_context,no_pose_observation,34560.0,1.33,,1,cam12/e1/v1,
phase4_smoke2,03.CCTV Mobile Usage.mkv,632de9ed55947761d56d4c6142a3cb1a1fe69d0b1a6d0e01a2e404c697962623,dfine_native,12700.0,mouse,0.5254,865.29,413.82,892.12,435.31,576.5,26.83,21.48,1.249,False,,True,R-desk,9,evt_S-61_desk_work_surface_0001,968235d01208b21f,lap_bag_context,no_pose_observation,34560.0,1.33,,1,cam12/e1/v1,
phase4_smoke2,03.CCTV Mobile Usage.mkv,632de9ed55947761d56d4c6142a3cb1a1fe69d0b1a6d0e01a2e404c697962623,dfine_native,12700.0,mouse,0.2733,966.85,398.32,992.32,410.44,308.6,25.46,12.12,2.101,False,,True,R-desk,9,evt_S-61_desk_work_surface_0001,968235d01208b21f,lap_bag_context,no_pose_observation,34560.0,1.33,,1,cam12/e1/v1,
phase4_smoke2,03.CCTV Mobile Usage.mkv,632de9ed55947761d56d4c6142a3cb1a1fe69d0b1a6d0e01a2e404c697962623,dfine_native,12700.0,monitor_or_bezel,0.281,967.29,395.4,1146.3,490.86,17088.5,179.0,95.46,1.875,False,,True,R-desk,9,evt_S-61_desk_work_surface_0001,968235d01208b21f,lap_bag_context,no_pose_observation,34560.0,1.33,,1,cam12/e1/v1,
phase4_smoke2,03.CCTV Mobile Usage.mkv,632de9ed55947761d56d4c6142a3cb1a1fe69d0b1a6d0e01a2e404c697962623,dfine_native,12700.0,monitor_or_bezel,0.3241,874.69,395.46,1146.43,491.41,26072.2,271.74,95.95,2.832,False,,True,R-desk,9,evt_S-61_desk_work_surface_0001,968235d01208b21f,lap_bag_context,no_pose_observation,34560.0,1.33,,1,cam12/e1/v1,
phase4_smoke2,03.CCTV Mobile Usage.mkv,632de9ed55947761d56d4c6142a3cb1a1fe69d0b1a6d0e01a2e404c697962623,dfine_native,12700.0,unknown_object,0.3147,699.92,396.15,779.06,492.48,7623.9,79.14,96.33,0.822,False,,True,R-desk,9,evt_S-61_desk_work_surface_0001,968235d01208b21f,lap_bag_context,no_pose_observation,34560.0,1.33,,1,cam12/e1/v1,
phase4_smoke2,03.CCTV Mobile Usage.mkv,632de9ed55947761d56d4c6142a3cb1a1fe69d0b1a6d0e01a2e404c697962623,dfine_native,12700.0,keyboard,0.894,962.1,451.9,1067.92,491.45,4185.1,105.83,39.55,2.676,False,,True,R-desk,10,evt_S-61_upper_body_0015,968235d01208b21f,lap_bag_context,no_pose_observation,34560.0,1.33,,1,cam12/e1/v1,
phase4_smoke2,03.CCTV Mobile Usage.mkv,632de9ed55947761d56d4c6142a3cb1a1fe69d0b1a6d0e01a2e404c697962623,dfine_native,12700.0,unknown_object,0.6223,699.91,396.23,849.49,492.42,14387.6,149.57,96.19,1.555,False,,True,R-desk,10,evt_S-61_upper_body_0015,968235d01208b21f,lap_bag_context,no_pose_observation,34560.0,1.33,,1,cam12/e1/v1,
phase4_smoke2,03.CCTV Mobile Usage.mkv,632de9ed55947761d56d4c6142a3cb1a1fe69d0b1a6d0e01a2e404c697962623,dfine_native,12700.0,keyboard,0.4237,802.46,396.22,870.9,420.71,1675.7,68.44,24.48,2.795,False,,True,R-desk,10,evt_S-61_upper_body_0015,968235d01208b21f,lap_bag_context,no_pose_observation,34560.0,1.33,,1,cam12/e1/v1,
phase4_smoke2,03.CCTV Mobile Usage.mkv,632de9ed55947761d56d4c6142a3cb1a1fe69d0b1a6d0e01a2e404c697962623,dfine_native,12700.0,unknown_object,0.3092,736.55,395.62,1140.16,491.17,38565.1,403.61,95.55,4.224,False,,True,R-desk,10,evt_S-61_upper_body_0015,968235d01208b21f,lap_bag_context,no_pose_observation,34560.0,1.33,,1,cam12/e1/v1,
phase4_smoke2,03.CCTV Mobile Usage.mkv,632de9ed55947761d56d4c6142a3cb1a1fe69d0b1a6d0e01a2e404c697962623,dfine_native,12700.0,monitor_or_bezel,0.3892,1019.66,395.52,1145.06,446.55,6399.4,125.4,51.03,2.457,False,,True,R-desk,10,evt_S-61_upper_body_0015,968235d01208b21f,lap_bag_context,no_pose_observation,34560.0,1.33,,1,cam12/e1/v1,
phase4_smoke2,03.CCTV Mobile Usage.mkv,632de9ed55947761d56d4c6142a3cb1a1fe69d0b1a6d0e01a2e404c697962623,dfine_native,12700.0,unknown_object,0.4019,699.97,396.22,757.52,491.04,5456.4,57.55,94.82,0.607,False,,True,R-desk,10,evt_S-61_upper_body_0015,968235d01208b21f,lap_bag_context,no_pose_observation,34560.0,1.33,,1,cam12/e1/v1,
phase4_smoke2,03.CCTV Mobile Usage.mkv,632de9ed55947761d56d4c6142a3cb1a1fe69d0b1a6d0e01a2e404c697962623,dfine_native,12700.0,monitor_or_bezel,0.3272,1013.37,395.62,1146.34,488.37,12331.9,132.97,92.74,1.434,False,,True,R-desk,10,evt_S-61_upper_body_0015,968235d01208b21f,lap_bag_context,no_pose_observation,34560.0,1.33,,1,cam12/e1/v1,
phase4_smoke2,03.CCTV Mobile Usage.mkv,632de9ed55947761d56d4c6142a3cb1a1fe69d0b1a6d0e01a2e404c697962623,dfine_native,12700.0,phone,0.2574,1042.72,421.48,1114.16,474.32,3775.4,71.45,52.84,1.352,False,,True,R-desk,10,evt_S-61_upper_body_0015,968235d01208b21f,lap_bag_context,no_pose_observation,34560.0,1.33,,1,cam12/e1/v1,
phase4_smoke2,03.CCTV Mobile Usage.mkv,632de9ed55947761d56d4c6142a3cb1a1fe69d0b1a6d0e01a2e404c697962623,dfine_native,12700.0,monitor_or_bezel,0.4822,967.01,395.52,1146.45,490.67,17075.0,179.45,95.15,1.886,False,,True,R-desk,10,evt_S-61_upper_body_0015,968235d01208b21f,lap_bag_context,no_pose_observation,34560.0,1.33,,1,cam12/e1/v1,
phase4_smoke2,03.CCTV Mobile Usage.mkv,632de9ed55947761d56d4c6142a3cb1a1fe69d0b1a6d0e01a2e404c697962623,dfine_native,12700.0,mouse,0.5254,865.29,413.82,892.12,435.31,576.5,26.83,21.48,1.249,False,,True,R-desk,10,evt_S-61_upper_body_0015,968235d01208b21f,lap_bag_context,no_pose_observation,34560.0,1.33,,1,cam12/e1/v1,
phase4_smoke2,03.CCTV Mobile Usage.mkv,632de9ed55947761d56d4c6142a3cb1a1fe69d0b1a6d0e01a2e404c697962623,dfine_native,12700.0,mouse,0.2733,966.85,398.32,992.32,410.44,308.6,25.46,12.12,2.101,False,,True,R-desk,10,evt_S-61_upper_body_0015,968235d01208b21f,lap_bag_context,no_pose_observation,34560.0,1.33,,1,cam12/e1/v1,
phase4_smoke2,03.CCTV Mobile Usage.mkv,632de9ed55947761d56d4c6142a3cb1a1fe69d0b1a6d0e01a2e404c697962623,dfine_native,12700.0,monitor_or_bezel,0.281,967.29,395.4,1146.3,490.86,17088.5,179.0,95.46,1.875,False,,True,R-desk,10,evt_S-61_upper_body_0015,968235d01208b21f,lap_bag_context,no_pose_observation,34560.0,1.33,,1,cam12/e1/v1,
phase4_smoke2,03.CCTV Mobile Usage.mkv,632de9ed55947761d56d4c6142a3cb1a1fe69d0b1a6d0e01a2e404c697962623,dfine_native,12700.0,monitor_or_bezel,0.3241,874.69,395.46,1146.43,491.41,26072.2,271.74,95.95,2.832,False,,True,R-desk,10,evt_S-61_upper_body_0015,968235d01208b21f,lap_bag_context,no_pose_observation,34560.0,1.33,,1,cam12/e1/v1,
phase4_smoke2,03.CCTV Mobile Usage.mkv,632de9ed55947761d56d4c6142a3cb1a1fe69d0b1a6d0e01a2e404c697962623,dfine_native,12700.0,unknown_object,0.3147,699.92,396.15,779.06,492.48,7623.9,79.14,96.33,0.822,False,,True,R-desk,10,evt_S-61_upper_body_0015,968235d01208b21f,lap_bag_context,no_pose_observation,34560.0,1.33,,1,cam12/e1/v1,
phase4_smoke2,03.CCTV Mobile Usage.mkv,632de9ed55947761d56d4c6142a3cb1a1fe69d0b1a6d0e01a2e404c697962623,dfine_native,12700.0,keyboard,0.894,962.1,451.9,1067.92,491.45,4185.1,105.83,39.55,2.676,False,,True,R-desk,11,evt_S-61_desk_work_surface_0001,968235d01208b21f,lap_bag_context,no_pose_observation,34560.0,1.33,,1,cam12/e1/v1,
phase4_smoke2,03.CCTV Mobile Usage.mkv,632de9ed55947761d56d4c6142a3cb1a1fe69d0b1a6d0e01a2e404c697962623,dfine_native,12700.0,unknown_object,0.6223,699.91,396.23,849.49,492.42,14387.6,149.57,96.19,1.555,False,,True,R-desk,11,evt_S-61_desk_work_surface_0001,968235d01208b21f,lap_bag_context,no_pose_observation,34560.0,1.33,,1,cam12/e1/v1,
phase4_smoke2,03.CCTV Mobile Usage.mkv,632de9ed55947761d56d4c6142a3cb1a1fe69d0b1a6d0e01a2e404c697962623,dfine_native,12700.0,keyboard,0.4237,802.46,396.22,870.9,420.71,1675.7,68.44,24.48,2.795,False,,True,R-desk,11,evt_S-61_desk_work_surface_0001,968235d01208b21f,lap_bag_context,no_pose_observation,34560.0,1.33,,1,cam12/e1/v1,
phase4_smoke2,03.CCTV Mobile Usage.mkv,632de9ed55947761d56d4c6142a3cb1a1fe69d0b1a6d0e01a2e404c697962623,dfine_native,12700.0,unknown_object,0.3092,736.55,395.62,1140.16,491.17,38565.1,403.61,95.55,4.224,False,,True,R-desk,11,evt_S-61_desk_work_surface_0001,968235d01208b21f,lap_bag_context,no_pose_observation,34560.0,1.33,,1,cam12/e1/v1,
phase4_smoke2,03.CCTV Mobile Usage.mkv,632de9ed55947761d56d4c6142a3cb1a1fe69d0b1a6d0e01a2e404c697962623,dfine_native,12700.0,monitor_or_bezel,0.3892,1019.66,395.52,1145.06,446.55,6399.4,125.4,51.03,2.457,False,,True,R-desk,11,evt_S-61_desk_work_surface_0001,968235d01208b21f,lap_bag_context,no_pose_observation,34560.0,1.33,,1,cam12/e1/v1,
phase4_smoke2,03.CCTV Mobile Usage.mkv,632de9ed55947761d56d4c6142a3cb1a1fe69d0b1a6d0e01a2e404c697962623,dfine_native,12700.0,unknown_object,0.4019,699.97,396.22,757.52,491.04,5456.4,57.55,94.82,0.607,False,,True,R-desk,11,evt_S-61_desk_work_surface_0001,968235d01208b21f,lap_bag_context,no_pose_observation,34560.0,1.33,,1,cam12/e1/v1,
phase4_smoke2,03.CCTV Mobile Usage.mkv,632de9ed55947761d56d4c6142a3cb1a1fe69d0b1a6d0e01a2e404c697962623,dfine_native,12700.0,monitor_or_bezel,0.3272,1013.37,395.62,1146.34,488.37,12331.9,132.97,92.74,1.434,False,,True,R-desk,11,evt_S-61_desk_work_surface_0001,968235d01208b21f,lap_bag_context,no_pose_observation,34560.0,1.33,,1,cam12/e1/v1,
phase4_smoke2,03.CCTV Mobile Usage.mkv,632de9ed55947761d56d4c6142a3cb1a1fe69d0b1a6d0e01a2e404c697962623,dfine_native,12700.0,phone,0.2574,1042.72,421.48,1114.16,474.32,3775.4,71.45,52.84,1.352,False,,True,R-desk,11,evt_S-61_desk_work_surface_0001,968235d01208b21f,lap_bag_context,no_pose_observation,34560.0,1.33,,1,cam12/e1/v1,
phase4_smoke2,03.CCTV Mobile Usage.mkv,632de9ed55947761d56d4c6142a3cb1a1fe69d0b1a6d0e01a2e404c697962623,dfine_native,12700.0,monitor_or_bezel,0.4822,967.01,395.52,1146.45,490.67,17075.0,179.45,95.15,1.886,False,,True,R-desk,11,evt_S-61_desk_work_surface_0001,968235d01208b21f,lap_bag_context,no_pose_observation,34560.0,1.33,,1,cam12/e1/v1,
phase4_smoke2,03.CCTV Mobile Usage.mkv,632de9ed55947761d56d4c6142a3cb1a1fe69d0b1a6d0e01a2e404c697962623,dfine_native,12700.0,mouse,0.5254,865.29,413.82,892.12,435.31,576.5,26.83,21.48,1.249,False,,True,R-desk,11,evt_S-61_desk_work_surface_0001,968235d01208b21f,lap_bag_context,no_pose_observation,34560.0,1.33,,1,cam12/e1/v1,
phase4_smoke2,03.CCTV Mobile Usage.mkv,632de9ed55947761d56d4c6142a3cb1a1fe69d0b1a6d0e01a2e404c697962623,dfine_native,12700.0,mouse,0.2733,966.85,398.32,992.32,410.44,308.6,25.46,12.12,2.101,False,,True,R-desk,11,evt_S-61_desk_work_surface_0001,968235d01208b21f,lap_bag_context,no_pose_observation,34560.0,1.33,,1,cam12/e1/v1,
phase4_smoke2,03.CCTV Mobile Usage.mkv,632de9ed55947761d56d4c6142a3cb1a1fe69d0b1a6d0e01a2e404c697962623,dfine_native,12700.0,monitor_or_bezel,0.281,967.29,395.4,1146.3,490.86,17088.5,179.0,95.46,1.875,False,,True,R-desk,11,evt_S-61_desk_work_surface_0001,968235d01208b21f,lap_bag_context,no_pose_observation,34560.0,1.33,,1,cam12/e1/v1,
phase4_smoke2,03.CCTV Mobile Usage.mkv,632de9ed55947761d56d4c6142a3cb1a1fe69d0b1a6d0e01a2e404c697962623,dfine_native,12700.0,monitor_or_bezel,0.3241,874.69,395.46,1146.43,491.41,26072.2,271.74,95.95,2.832,False,,True,R-desk,11,evt_S-61_desk_work_surface_0001,968235d01208b21f,lap_bag_context,no_pose_observation,34560.0,1.33,,1,cam12/e1/v1,
phase4_smoke2,03.CCTV Mobile Usage.mkv,632de9ed55947761d56d4c6142a3cb1a1fe69d0b1a6d0e01a2e404c697962623,dfine_native,12700.0,unknown_object,0.3147,699.92,396.15,779.06,492.48,7623.9,79.14,96.33,0.822,False,,True,R-desk,11,evt_S-61_desk_work_surface_0001,968235d01208b21f,lap_bag_context,no_pose_observation,34560.0,1.33,,1,cam12/e1/v1,
phase4_smoke2,03.CCTV Mobile Usage.mkv,632de9ed55947761d56d4c6142a3cb1a1fe69d0b1a6d0e01a2e404c697962623,dfine_native,12700.0,keyboard,0.894,962.1,451.9,1067.92,491.45,4185.1,105.83,39.55,2.676,False,,True,R-desk,13,evt_S-61_upper_body_0015,968235d01208b21f,lap_bag_context,no_pose_observation,34560.0,1.33,,1,cam12/e1/v1,
phase4_smoke2,03.CCTV Mobile Usage.mkv,632de9ed55947761d56d4c6142a3cb1a1fe69d0b1a6d0e01a2e404c697962623,dfine_native,12700.0,unknown_object,0.6223,699.91,396.23,849.49,492.42,14387.6,149.57,96.19,1.555,False,,True,R-desk,13,evt_S-61_upper_body_0015,968235d01208b21f,lap_bag_context,no_pose_observation,34560.0,1.33,,1,cam12/e1/v1,
phase4_smoke2,03.CCTV Mobile Usage.mkv,632de9ed55947761d56d4c6142a3cb1a1fe69d0b1a6d0e01a2e404c697962623,dfine_native,12700.0,keyboard,0.4237,802.46,396.22,870.9,420.71,1675.7,68.44,24.48,2.795,False,,True,R-desk,13,evt_S-61_upper_body_0015,968235d01208b21f,lap_bag_context,no_pose_observation,34560.0,1.33,,1,cam12/e1/v1,
phase4_smoke2,03.CCTV Mobile Usage.mkv,632de9ed55947761d56d4c6142a3cb1a1fe69d0b1a6d0e01a2e404c697962623,dfine_native,12700.0,unknown_object,0.3092,736.55,395.62,1140.16,491.17,38565.1,403.61,95.55,4.224,False,,True,R-desk,13,evt_S-61_upper_body_0015,968235d01208b21f,lap_bag_context,no_pose_observation,34560.0,1.33,,1,cam12/e1/v1,
phase4_smoke2,03.CCTV Mobile Usage.mkv,632de9ed55947761d56d4c6142a3cb1a1fe69d0b1a6d0e01a2e404c697962623,dfine_native,12700.0,monitor_or_bezel,0.3892,1019.66,395.52,1145.06,446.55,6399.4,125.4,51.03,2.457,False,,True,R-desk,13,evt_S-61_upper_body_0015,968235d01208b21f,lap_bag_context,no_pose_observation,34560.0,1.33,,1,cam12/e1/v1,
phase4_smoke2,03.CCTV Mobile Usage.mkv,632de9ed55947761d56d4c6142a3cb1a1fe69d0b1a6d0e01a2e404c697962623,dfine_native,12700.0,unknown_object,0.4019,699.97,396.22,757.52,491.04,5456.4,57.55,94.82,0.607,False,,True,R-desk,13,evt_S-61_upper_body_0015,968235d01208b21f,lap_bag_context,no_pose_observation,34560.0,1.33,,1,cam12/e1/v1,
phase4_smoke2,03.CCTV Mobile Usage.mkv,632de9ed55947761d56d4c6142a3cb1a1fe69d0b1a6d0e01a2e404c697962623,dfine_native,12700.0,monitor_or_bezel,0.3272,1013.37,395.62,1146.34,488.37,12331.9,132.97,92.74,1.434,False,,True,R-desk,13,evt_S-61_upper_body_0015,968235d01208b21f,lap_bag_context,no_pose_observation,34560.0,1.33,,1,cam12/e1/v1,
phase4_smoke2,03.CCTV Mobile Usage.mkv,632de9ed55947761d56d4c6142a3cb1a1fe69d0b1a6d0e01a2e404c697962623,dfine_native,12700.0,phone,0.2574,1042.72,421.48,1114.16,474.32,3775.4,71.45,52.84,1.352,False,,True,R-desk,13,evt_S-61_upper_body_0015,968235d01208b21f,lap_bag_context,no_pose_observation,34560.0,1.33,,1,cam12/e1/v1,
phase4_smoke2,03.CCTV Mobile Usage.mkv,632de9ed55947761d56d4c6142a3cb1a1fe69d0b1a6d0e01a2e404c697962623,dfine_native,12700.0,monitor_or_bezel,0.4822,967.01,395.52,1146.45,490.67,17075.0,179.45,95.15,1.886,False,,True,R-desk,13,evt_S-61_upper_body_0015,968235d01208b21f,lap_bag_context,no_pose_observation,34560.0,1.33,,1,cam12/e1/v1,
phase4_smoke2,03.CCTV Mobile Usage.mkv,632de9ed55947761d56d4c6142a3cb1a1fe69d0b1a6d0e01a2e404c697962623,dfine_native,12700.0,mouse,0.5254,865.29,413.82,892.12,435.31,576.5,26.83,21.48,1.249,False,,True,R-desk,13,evt_S-61_upper_body_0015,968235d01208b21f,lap_bag_context,no_pose_observation,34560.0,1.33,,1,cam12/e1/v1,
phase4_smoke2,03.CCTV Mobile Usage.mkv,632de9ed55947761d56d4c6142a3cb1a1fe69d0b1a6d0e01a2e404c697962623,dfine_native,12700.0,mouse,0.2733,966.85,398.32,992.32,410.44,308.6,25.46,12.12,2.101,False,,True,R-desk,13,evt_S-61_upper_body_0015,968235d01208b21f,lap_bag_context,no_pose_observation,34560.0,1.33,,1,cam12/e1/v1,
phase4_smoke2,03.CCTV Mobile Usage.mkv,632de9ed55947761d56d4c6142a3cb1a1fe69d0b1a6d0e01a2e404c697962623,dfine_native,12700.0,monitor_or_bezel,0.281,967.29,395.4,1146.3,490.86,17088.5,179.0,95.46,1.875,False,,True,R-desk,13,evt_S-61_upper_body_0015,968235d01208b21f,lap_bag_context,no_pose_observation,34560.0,1.33,,1,cam12/e1/v1,
phase4_smoke2,03.CCTV Mobile Usage.mkv,632de9ed55947761d56d4c6142a3cb1a1fe69d0b1a6d0e01a2e404c697962623,dfine_native,12700.0,monitor_or_bezel,0.3241,874.69,395.46,1146.43,491.41,26072.2,271.74,95.95,2.832,False,,True,R-desk,13,evt_S-61_upper_body_0015,968235d01208b21f,lap_bag_context,no_pose_observation,34560.0,1.33,,1,cam12/e1/v1,
phase4_smoke2,03.CCTV Mobile Usage.mkv,632de9ed55947761d56d4c6142a3cb1a1fe69d0b1a6d0e01a2e404c697962623,dfine_native,12700.0,unknown_object,0.3147,699.92,396.15,779.06,492.48,7623.9,79.14,96.33,0.822,False,,True,R-desk,13,evt_S-61_upper_body_0015,968235d01208b21f,lap_bag_context,no_pose_observation,34560.0,1.33,,1,cam12/e1/v1,
phase4_smoke2,03.CCTV Mobile Usage.mkv,632de9ed55947761d56d4c6142a3cb1a1fe69d0b1a6d0e01a2e404c697962623,dfine_native,12700.0,keyboard,0.894,962.1,451.9,1067.92,491.45,4185.1,105.83,39.55,2.676,False,,True,R-desk,12,evt_S-61_desk_work_surface_0001,968235d01208b21f,lap_bag_context,no_pose_observation,34560.0,1.33,,1,cam12/e1/v1,
phase4_smoke2,03.CCTV Mobile Usage.mkv,632de9ed55947761d56d4c6142a3cb1a1fe69d0b1a6d0e01a2e404c697962623,dfine_native,12700.0,unknown_object,0.6223,699.91,396.23,849.49,492.42,14387.6,149.57,96.19,1.555,False,,True,R-desk,12,evt_S-61_desk_work_surface_0001,968235d01208b21f,lap_bag_context,no_pose_observation,34560.0,1.33,,1,cam12/e1/v1,
phase4_smoke2,03.CCTV Mobile Usage.mkv,632de9ed55947761d56d4c6142a3cb1a1fe69d0b1a6d0e01a2e404c697962623,dfine_native,12700.0,keyboard,0.4237,802.46,396.22,870.9,420.71,1675.7,68.44,24.48,2.795,False,,True,R-desk,12,evt_S-61_desk_work_surface_0001,968235d01208b21f,lap_bag_context,no_pose_observation,34560.0,1.33,,1,cam12/e1/v1,
phase4_smoke2,03.CCTV Mobile Usage.mkv,632de9ed55947761d56d4c6142a3cb1a1fe69d0b1a6d0e01a2e404c697962623,dfine_native,12700.0,unknown_object,0.3092,736.55,395.62,1140.16,491.17,38565.1,403.61,95.55,4.224,False,,True,R-desk,12,evt_S-61_desk_work_surface_0001,968235d01208b21f,lap_bag_context,no_pose_observation,34560.0,1.33,,1,cam12/e1/v1,
phase4_smoke2,03.CCTV Mobile Usage.mkv,632de9ed55947761d56d4c6142a3cb1a1fe69d0b1a6d0e01a2e404c697962623,dfine_native,12700.0,monitor_or_bezel,0.3892,1019.66,395.52,1145.06,446.55,6399.4,125.4,51.03,2.457,False,,True,R-desk,12,evt_S-61_desk_work_surface_0001,968235d01208b21f,lap_bag_context,no_pose_observation,34560.0,1.33,,1,cam12/e1/v1,
phase4_smoke2,03.CCTV Mobile Usage.mkv,632de9ed55947761d56d4c6142a3cb1a1fe69d0b1a6d0e01a2e404c697962623,dfine_native,12700.0,unknown_object,0.4019,699.97,396.22,757.52,491.04,5456.4,57.55,94.82,0.607,False,,True,R-desk,12,evt_S-61_desk_work_surface_0001,968235d01208b21f,lap_bag_context,no_pose_observation,34560.0,1.33,,1,cam12/e1/v1,
phase4_smoke2,03.CCTV Mobile Usage.mkv,632de9ed55947761d56d4c6142a3cb1a1fe69d0b1a6d0e01a2e404c697962623,dfine_native,12700.0,monitor_or_bezel,0.3272,1013.37,395.62,1146.34,488.37,12331.9,132.97,92.74,1.434,False,,True,R-desk,12,evt_S-61_desk_work_surface_0001,968235d01208b21f,lap_bag_context,no_pose_observation,34560.0,1.33,,1,cam12/e1/v1,
phase4_smoke2,03.CCTV Mobile Usage.mkv,632de9ed55947761d56d4c6142a3cb1a1fe69d0b1a6d0e01a2e404c697962623,dfine_native,12700.0,phone,0.2574,1042.72,421.48,1114.16,474.32,3775.4,71.45,52.84,1.352,False,,True,R-desk,12,evt_S-61_desk_work_surface_0001,968235d01208b21f,lap_bag_context,no_pose_observation,34560.0,1.33,,1,cam12/e1/v1,
phase4_smoke2,03.CCTV Mobile Usage.mkv,632de9ed55947761d56d4c6142a3cb1a1fe69d0b1a6d0e01a2e404c697962623,dfine_native,12700.0,monitor_or_bezel,0.4822,967.01,395.52,1146.45,490.67,17075.0,179.45,95.15,1.886,False,,True,R-desk,12,evt_S-61_desk_work_surface_0001,968235d01208b21f,lap_bag_context,no_pose_observation,34560.0,1.33,,1,cam12/e1/v1,
phase4_smoke2,03.CCTV Mobile Usage.mkv,632de9ed55947761d56d4c6142a3cb1a1fe69d0b1a6d0e01a2e404c697962623,dfine_native,12700.0,mouse,0.5254,865.29,413.82,892.12,435.31,576.5,26.83,21.48,1.249,False,,True,R-desk,12,evt_S-61_desk_work_surface_0001,968235d01208b21f,lap_bag_context,no_pose_observation,34560.0,1.33,,1,cam12/e1/v1,
phase4_smoke2,03.CCTV Mobile Usage.mkv,632de9ed55947761d56d4c6142a3cb1a1fe69d0b1a6d0e01a2e404c697962623,dfine_native,12700.0,mouse,0.2733,966.85,398.32,992.32,410.44,308.6,25.46,12.12,2.101,False,,True,R-desk,12,evt_S-61_desk_work_surface_0001,968235d01208b21f,lap_bag_context,no_pose_observation,34560.0,1.33,,1,cam12/e1/v1,
phase4_smoke2,03.CCTV Mobile Usage.mkv,632de9ed55947761d56d4c6142a3cb1a1fe69d0b1a6d0e01a2e404c697962623,dfine_native,12700.0,monitor_or_bezel,0.281,967.29,395.4,1146.3,490.86,17088.5,179.0,95.46,1.875,False,,True,R-desk,12,evt_S-61_desk_work_surface_0001,968235d01208b21f,lap_bag_context,no_pose_observation,34560.0,1.33,,1,cam12/e1/v1,
phase4_smoke2,03.CCTV Mobile Usage.mkv,632de9ed55947761d56d4c6142a3cb1a1fe69d0b1a6d0e01a2e404c697962623,dfine_native,12700.0,monitor_or_bezel,0.3241,874.69,395.46,1146.43,491.41,26072.2,271.74,95.95,2.832,False,,True,R-desk,12,evt_S-61_desk_work_surface_0001,968235d01208b21f,lap_bag_context,no_pose_observation,34560.0,1.33,,1,cam12/e1/v1,
phase4_smoke2,03.CCTV Mobile Usage.mkv,632de9ed55947761d56d4c6142a3cb1a1fe69d0b1a6d0e01a2e404c697962623,dfine_native,12700.0,unknown_object,0.3147,699.92,396.15,779.06,492.48,7623.9,79.14,96.33,0.822,False,,True,R-desk,12,evt_S-61_desk_work_surface_0001,968235d01208b21f,lap_bag_context,no_pose_observation,34560.0,1.33,,1,cam12/e1/v1,
phase4_smoke2,03.CCTV Mobile Usage.mkv,632de9ed55947761d56d4c6142a3cb1a1fe69d0b1a6d0e01a2e404c697962623,dfine_native,12700.0,keyboard,0.894,962.1,451.9,1067.92,491.45,4185.1,105.83,39.55,2.676,False,,True,R-desk,14,evt_S-61_upper_body_0015,968235d01208b21f,lap_bag_context,no_pose_observation,34560.0,1.33,,1,cam12/e1/v1,
phase4_smoke2,03.CCTV Mobile Usage.mkv,632de9ed55947761d56d4c6142a3cb1a1fe69d0b1a6d0e01a2e404c697962623,dfine_native,12700.0,unknown_object,0.6223,699.91,396.23,849.49,492.42,14387.6,149.57,96.19,1.555,False,,True,R-desk,14,evt_S-61_upper_body_0015,968235d01208b21f,lap_bag_context,no_pose_observation,34560.0,1.33,,1,cam12/e1/v1,
phase4_smoke2,03.CCTV Mobile Usage.mkv,632de9ed55947761d56d4c6142a3cb1a1fe69d0b1a6d0e01a2e404c697962623,dfine_native,12700.0,keyboard,0.4237,802.46,396.22,870.9,420.71,1675.7,68.44,24.48,2.795,False,,True,R-desk,14,evt_S-61_upper_body_0015,968235d01208b21f,lap_bag_context,no_pose_observation,34560.0,1.33,,1,cam12/e1/v1,
phase4_smoke2,03.CCTV Mobile Usage.mkv,632de9ed55947761d56d4c6142a3cb1a1fe69d0b1a6d0e01a2e404c697962623,dfine_native,12700.0,unknown_object,0.3092,736.55,395.62,1140.16,491.17,38565.1,403.61,95.55,4.224,False,,True,R-desk,14,evt_S-61_upper_body_0015,968235d01208b21f,lap_bag_context,no_pose_observation,34560.0,1.33,,1,cam12/e1/v1,
phase4_smoke2,03.CCTV Mobile Usage.mkv,632de9ed55947761d56d4c6142a3cb1a1fe69d0b1a6d0e01a2e404c697962623,dfine_native,12700.0,monitor_or_bezel,0.3892,1019.66,395.52,1145.06,446.55,6399.4,125.4,51.03,2.457,False,,True,R-desk,14,evt_S-61_upper_body_0015,968235d01208b21f,lap_bag_context,no_pose_observation,34560.0,1.33,,1,cam12/e1/v1,
phase4_smoke2,03.CCTV Mobile Usage.mkv,632de9ed55947761d56d4c6142a3cb1a1fe69d0b1a6d0e01a2e404c697962623,dfine_native,12700.0,unknown_object,0.4019,699.97,396.22,757.52,491.04,5456.4,57.55,94.82,0.607,False,,True,R-desk,14,evt_S-61_upper_body_0015,968235d01208b21f,lap_bag_context,no_pose_observation,34560.0,1.33,,1,cam12/e1/v1,
phase4_smoke2,03.CCTV Mobile Usage.mkv,632de9ed55947761d56d4c6142a3cb1a1fe69d0b1a6d0e01a2e404c697962623,dfine_native,12700.0,monitor_or_bezel,0.3272,1013.37,395.62,1146.34,488.37,12331.9,132.97,92.74,1.434,False,,True,R-desk,14,evt_S-61_upper_body_0015,968235d01208b21f,lap_bag_context,no_pose_observation,34560.0,1.33,,1,cam12/e1/v1,
phase4_smoke2,03.CCTV Mobile Usage.mkv,632de9ed55947761d56d4c6142a3cb1a1fe69d0b1a6d0e01a2e404c697962623,dfine_native,12700.0,phone,0.2574,1042.72,421.48,1114.16,474.32,3775.4,71.45,52.84,1.352,False,,True,R-desk,14,evt_S-61_upper_body_0015,968235d01208b21f,lap_bag_context,no_pose_observation,34560.0,1.33,,1,cam12/e1/v1,
phase4_smoke2,03.CCTV Mobile Usage.mkv,632de9ed55947761d56d4c6142a3cb1a1fe69d0b1a6d0e01a2e404c697962623,dfine_native,12700.0,monitor_or_bezel,0.4822,967.01,395.52,1146.45,490.67,17075.0,179.45,95.15,1.886,False,,True,R-desk,14,evt_S-61_upper_body_0015,968235d01208b21f,lap_bag_context,no_pose_observation,34560.0,1.33,,1,cam12/e1/v1,
phase4_smoke2,03.CCTV Mobile Usage.mkv,632de9ed55947761d56d4c6142a3cb1a1fe69d0b1a6d0e01a2e404c697962623,dfine_native,12700.0,mouse,0.5254,865.29,413.82,892.12,435.31,576.5,26.83,21.48,1.249,False,,True,R-desk,14,evt_S-61_upper_body_0015,968235d01208b21f,lap_bag_context,no_pose_observation,34560.0,1.33,,1,cam12/e1/v1,
phase4_smoke2,03.CCTV Mobile Usage.mkv,632de9ed55947761d56d4c6142a3cb1a1fe69d0b1a6d0e01a2e404c697962623,dfine_native,12700.0,mouse,0.2733,966.85,398.32,992.32,410.44,308.6,25.46,12.12,2.101,False,,True,R-desk,14,evt_S-61_upper_body_0015,968235d01208b21f,lap_bag_context,no_pose_observation,34560.0,1.33,,1,cam12/e1/v1,
phase4_smoke2,03.CCTV Mobile Usage.mkv,632de9ed55947761d56d4c6142a3cb1a1fe69d0b1a6d0e01a2e404c697962623,dfine_native,12700.0,monitor_or_bezel,0.281,967.29,395.4,1146.3,490.86,17088.5,179.0,95.46,1.875,False,,True,R-desk,14,evt_S-61_upper_body_0015,968235d01208b21f,lap_bag_context,no_pose_observation,34560.0,1.33,,1,cam12/e1/v1,
phase4_smoke2,03.CCTV Mobile Usage.mkv,632de9ed55947761d56d4c6142a3cb1a1fe69d0b1a6d0e01a2e404c697962623,dfine_native,12700.0,monitor_or_bezel,0.3241,874.69,395.46,1146.43,491.41,26072.2,271.74,95.95,2.832,False,,True,R-desk,14,evt_S-61_upper_body_0015,968235d01208b21f,lap_bag_context,no_pose_observation,34560.0,1.33,,1,cam12/e1/v1,
phase4_smoke2,03.CCTV Mobile Usage.mkv,632de9ed55947761d56d4c6142a3cb1a1fe69d0b1a6d0e01a2e404c697962623,dfine_native,12700.0,unknown_object,0.3147,699.92,396.15,779.06,492.48,7623.9,79.14,96.33,0.822,False,,True,R-desk,14,evt_S-61_upper_body_0015,968235d01208b21f,lap_bag_context,no_pose_observation,34560.0,1.33,,1,cam12/e1/v1,
phase4_smoke2,03.CCTV Mobile Usage.mkv,632de9ed55947761d56d4c6142a3cb1a1fe69d0b1a6d0e01a2e404c697962623,dfine_native,13200.0,keyboard,0.894,962.1,451.9,1067.92,491.45,4185.1,105.83,39.55,2.676,False,,True,R-desk,12,evt_S-61_desk_work_surface_0001,200f7d8ecd4f122b,lap_bag_context,no_pose_observation,34560.0,1.33,,1,cam12/e1/v1,
phase4_smoke2,03.CCTV Mobile Usage.mkv,632de9ed55947761d56d4c6142a3cb1a1fe69d0b1a6d0e01a2e404c697962623,dfine_native,13200.0,unknown_object,0.6223,699.91,396.23,849.49,492.42,14387.6,149.57,96.19,1.555,False,,True,R-desk,12,evt_S-61_desk_work_surface_0001,200f7d8ecd4f122b,lap_bag_context,no_pose_observation,34560.0,1.33,,1,cam12/e1/v1,
phase4_smoke2,03.CCTV Mobile Usage.mkv,632de9ed55947761d56d4c6142a3cb1a1fe69d0b1a6d0e01a2e404c697962623,dfine_native,13200.0,keyboard,0.4237,802.46,396.22,870.9,420.71,1675.7,68.44,24.48,2.795,False,,True,R-desk,12,evt_S-61_desk_work_surface_0001,200f7d8ecd4f122b,lap_bag_context,no_pose_observation,34560.0,1.33,,1,cam12/e1/v1,
phase4_smoke2,03.CCTV Mobile Usage.mkv,632de9ed55947761d56d4c6142a3cb1a1fe69d0b1a6d0e01a2e404c697962623,dfine_native,13200.0,unknown_object,0.3092,736.55,395.62,1140.16,491.17,38565.1,403.61,95.55,4.224,False,,True,R-desk,12,evt_S-61_desk_work_surface_0001,200f7d8ecd4f122b,lap_bag_context,no_pose_observation,34560.0,1.33,,1,cam12/e1/v1,
phase4_smoke2,03.CCTV Mobile Usage.mkv,632de9ed55947761d56d4c6142a3cb1a1fe69d0b1a6d0e01a2e404c697962623,dfine_native,13200.0,monitor_or_bezel,0.3892,1019.66,395.52,1145.06,446.55,6399.4,125.4,51.03,2.457,False,,True,R-desk,12,evt_S-61_desk_work_surface_0001,200f7d8ecd4f122b,lap_bag_context,no_pose_observation,34560.0,1.33,,1,cam12/e1/v1,
phase4_smoke2,03.CCTV Mobile Usage.mkv,632de9ed55947761d56d4c6142a3cb1a1fe69d0b1a6d0e01a2e404c697962623,dfine_native,13200.0,unknown_object,0.4019,699.97,396.22,757.52,491.04,5456.4,57.55,94.82,0.607,False,,True,R-desk,12,evt_S-61_desk_work_surface_0001,200f7d8ecd4f122b,lap_bag_context,no_pose_observation,34560.0,1.33,,1,cam12/e1/v1,
phase4_smoke2,03.CCTV Mobile Usage.mkv,632de9ed55947761d56d4c6142a3cb1a1fe69d0b1a6d0e01a2e404c697962623,dfine_native,13200.0,monitor_or_bezel,0.3272,1013.37,395.62,1146.34,488.37,12331.9,132.97,92.74,1.434,False,,True,R-desk,12,evt_S-61_desk_work_surface_0001,200f7d8ecd4f122b,lap_bag_context,no_pose_observation,34560.0,1.33,,1,cam12/e1/v1,
phase4_smoke2,03.CCTV Mobile Usage.mkv,632de9ed55947761d56d4c6142a3cb1a1fe69d0b1a6d0e01a2e404c697962623,dfine_native,13200.0,phone,0.2574,1042.72,421.48,1114.16,474.32,3775.4,71.45,52.84,1.352,False,,True,R-desk,12,evt_S-61_desk_work_surface_0001,200f7d8ecd4f122b,lap_bag_context,no_pose_observation,34560.0,1.33,,1,cam12/e1/v1,
phase4_smoke2,03.CCTV Mobile Usage.mkv,632de9ed55947761d56d4c6142a3cb1a1fe69d0b1a6d0e01a2e404c697962623,dfine_native,13200.0,monitor_or_bezel,0.4822,967.01,395.52,1146.45,490.67,17075.0,179.45,95.15,1.886,False,,True,R-desk,12,evt_S-61_desk_work_surface_0001,200f7d8ecd4f122b,lap_bag_context,no_pose_observation,34560.0,1.33,,1,cam12/e1/v1,
phase4_smoke2,03.CCTV Mobile Usage.mkv,632de9ed55947761d56d4c6142a3cb1a1fe69d0b1a6d0e01a2e404c697962623,dfine_native,13200.0,mouse,0.5254,865.29,413.82,892.12,435.31,576.5,26.83,21.48,1.249,False,,True,R-desk,12,evt_S-61_desk_work_surface_0001,200f7d8ecd4f122b,lap_bag_context,no_pose_observation,34560.0,1.33,,1,cam12/e1/v1,
phase4_smoke2,03.CCTV Mobile Usage.mkv,632de9ed55947761d56d4c6142a3cb1a1fe69d0b1a6d0e01a2e404c697962623,dfine_native,13200.0,mouse,0.2733,966.85,398.32,992.32,410.44,308.6,25.46,12.12,2.101,False,,True,R-desk,12,evt_S-61_desk_work_surface_0001,200f7d8ecd4f122b,lap_bag_context,no_pose_observation,34560.0,1.33,,1,cam12/e1/v1,
phase4_smoke2,03.CCTV Mobile Usage.mkv,632de9ed55947761d56d4c6142a3cb1a1fe69d0b1a6d0e01a2e404c697962623,dfine_native,13200.0,monitor_or_bezel,0.281,967.29,395.4,1146.3,490.86,17088.5,179.0,95.46,1.875,False,,True,R-desk,12,evt_S-61_desk_work_surface_0001,200f7d8ecd4f122b,lap_bag_context,no_pose_observation,34560.0,1.33,,1,cam12/e1/v1,
phase4_smoke2,03.CCTV Mobile Usage.mkv,632de9ed55947761d56d4c6142a3cb1a1fe69d0b1a6d0e01a2e404c697962623,dfine_native,13200.0,monitor_or_bezel,0.3241,874.69,395.46,1146.43,491.41,26072.2,271.74,95.95,2.832,False,,True,R-desk,12,evt_S-61_desk_work_surface_0001,200f7d8ecd4f122b,lap_bag_context,no_pose_observation,34560.0,1.33,,1,cam12/e1/v1,
phase4_smoke2,03.CCTV Mobile Usage.mkv,632de9ed55947761d56d4c6142a3cb1a1fe69d0b1a6d0e01a2e404c697962623,dfine_native,13200.0,unknown_object,0.3147,699.92,396.15,779.06,492.48,7623.9,79.14,96.33,0.822,False,,True,R-desk,12,evt_S-61_desk_work_surface_0001,200f7d8ecd4f122b,lap_bag_context,no_pose_observation,34560.0,1.33,,1,cam12/e1/v1,
phase4_smoke2,03.CCTV Mobile Usage.mkv,632de9ed55947761d56d4c6142a3cb1a1fe69d0b1a6d0e01a2e404c697962623,dfine_native,13200.0,keyboard,0.894,962.1,451.9,1067.92,491.45,4185.1,105.83,39.55,2.676,False,,True,R-desk,14,evt_S-61_upper_body_0015,200f7d8ecd4f122b,lap_bag_context,no_pose_observation,34560.0,1.33,,1,cam12/e1/v1,
phase4_smoke2,03.CCTV Mobile Usage.mkv,632de9ed55947761d56d4c6142a3cb1a1fe69d0b1a6d0e01a2e404c697962623,dfine_native,13200.0,unknown_object,0.6223,699.91,396.23,849.49,492.42,14387.6,149.57,96.19,1.555,False,,True,R-desk,14,evt_S-61_upper_body_0015,200f7d8ecd4f122b,lap_bag_context,no_pose_observation,34560.0,1.33,,1,cam12/e1/v1,
phase4_smoke2,03.CCTV Mobile Usage.mkv,632de9ed55947761d56d4c6142a3cb1a1fe69d0b1a6d0e01a2e404c697962623,dfine_native,13200.0,keyboard,0.4237,802.46,396.22,870.9,420.71,1675.7,68.44,24.48,2.795,False,,True,R-desk,14,evt_S-61_upper_body_0015,200f7d8ecd4f122b,lap_bag_context,no_pose_observation,34560.0,1.33,,1,cam12/e1/v1,
phase4_smoke2,03.CCTV Mobile Usage.mkv,632de9ed55947761d56d4c6142a3cb1a1fe69d0b1a6d0e01a2e404c697962623,dfine_native,13200.0,unknown_object,0.3092,736.55,395.62,1140.16,491.17,38565.1,403.61,95.55,4.224,False,,True,R-desk,14,evt_S-61_upper_body_0015,200f7d8ecd4f122b,lap_bag_context,no_pose_observation,34560.0,1.33,,1,cam12/e1/v1,
phase4_smoke2,03.CCTV Mobile Usage.mkv,632de9ed55947761d56d4c6142a3cb1a1fe69d0b1a6d0e01a2e404c697962623,dfine_native,13200.0,monitor_or_bezel,0.3892,1019.66,395.52,1145.06,446.55,6399.4,125.4,51.03,2.457,False,,True,R-desk,14,evt_S-61_upper_body_0015,200f7d8ecd4f122b,lap_bag_context,no_pose_observation,34560.0,1.33,,1,cam12/e1/v1,
phase4_smoke2,03.CCTV Mobile Usage.mkv,632de9ed55947761d56d4c6142a3cb1a1fe69d0b1a6d0e01a2e404c697962623,dfine_native,13200.0,unknown_object,0.4019,699.97,396.22,757.52,491.04,5456.4,57.55,94.82,0.607,False,,True,R-desk,14,evt_S-61_upper_body_0015,200f7d8ecd4f122b,lap_bag_context,no_pose_observation,34560.0,1.33,,1,cam12/e1/v1,
phase4_smoke2,03.CCTV Mobile Usage.mkv,632de9ed55947761d56d4c6142a3cb1a1fe69d0b1a6d0e01a2e404c697962623,dfine_native,13200.0,monitor_or_bezel,0.3272,1013.37,395.62,1146.34,488.37,12331.9,132.97,92.74,1.434,False,,True,R-desk,14,evt_S-61_upper_body_0015,200f7d8ecd4f122b,lap_bag_context,no_pose_observation,34560.0,1.33,,1,cam12/e1/v1,
phase4_smoke2,03.CCTV Mobile Usage.mkv,632de9ed55947761d56d4c6142a3cb1a1fe69d0b1a6d0e01a2e404c697962623,dfine_native,13200.0,phone,0.2574,1042.72,421.48,1114.16,474.32,3775.4,71.45,52.84,1.352,False,,True,R-desk,14,evt_S-61_upper_body_0015,200f7d8ecd4f122b,lap_bag_context,no_pose_observation,34560.0,1.33,,1,cam12/e1/v1,
phase4_smoke2,03.CCTV Mobile Usage.mkv,632de9ed55947761d56d4c6142a3cb1a1fe69d0b1a6d0e01a2e404c697962623,dfine_native,13200.0,monitor_or_bezel,0.4822,967.01,395.52,1146.45,490.67,17075.0,179.45,95.15,1.886,False,,True,R-desk,14,evt_S-61_upper_body_0015,200f7d8ecd4f122b,lap_bag_context,no_pose_observation,34560.0,1.33,,1,cam12/e1/v1,
phase4_smoke2,03.CCTV Mobile Usage.mkv,632de9ed55947761d56d4c6142a3cb1a1fe69d0b1a6d0e01a2e404c697962623,dfine_native,13200.0,mouse,0.5254,865.29,413.82,892.12,435.31,576.5,26.83,21.48,1.249,False,,True,R-desk,14,evt_S-61_upper_body_0015,200f7d8ecd4f122b,lap_bag_context,no_pose_observation,34560.0,1.33,,1,cam12/e1/v1,
phase4_smoke2,03.CCTV Mobile Usage.mkv,632de9ed55947761d56d4c6142a3cb1a1fe69d0b1a6d0e01a2e404c697962623,dfine_native,13200.0,mouse,0.2733,966.85,398.32,992.32,410.44,308.6,25.46,12.12,2.101,False,,True,R-desk,14,evt_S-61_upper_body_0015,200f7d8ecd4f122b,lap_bag_context,no_pose_observation,34560.0,1.33,,1,cam12/e1/v1,
phase4_smoke2,03.CCTV Mobile Usage.mkv,632de9ed55947761d56d4c6142a3cb1a1fe69d0b1a6d0e01a2e404c697962623,dfine_native,13200.0,monitor_or_bezel,0.281,967.29,395.4,1146.3,490.86,17088.5,179.0,95.46,1.875,False,,True,R-desk,14,evt_S-61_upper_body_0015,200f7d8ecd4f122b,lap_bag_context,no_pose_observation,34560.0,1.33,,1,cam12/e1/v1,
phase4_smoke2,03.CCTV Mobile Usage.mkv,632de9ed55947761d56d4c6142a3cb1a1fe69d0b1a6d0e01a2e404c697962623,dfine_native,13200.0,monitor_or_bezel,0.3241,874.69,395.46,1146.43,491.41,26072.2,271.74,95.95,2.832,False,,True,R-desk,14,evt_S-61_upper_body_0015,200f7d8ecd4f122b,lap_bag_context,no_pose_observation,34560.0,1.33,,1,cam12/e1/v1,
phase4_smoke2,03.CCTV Mobile Usage.mkv,632de9ed55947761d56d4c6142a3cb1a1fe69d0b1a6d0e01a2e404c697962623,dfine_native,13200.0,unknown_object,0.3147,699.92,396.15,779.06,492.48,7623.9,79.14,96.33,0.822,False,,True,R-desk,14,evt_S-61_upper_body_0015,200f7d8ecd4f122b,lap_bag_context,no_pose_observation,34560.0,1.33,,1,cam12/e1/v1,
phase4_smoke2,03.CCTV Mobile Usage.mkv,632de9ed55947761d56d4c6142a3cb1a1fe69d0b1a6d0e01a2e404c697962623,dfine_native,13200.0,keyboard,0.894,962.1,451.9,1067.92,491.45,4185.1,105.83,39.55,2.676,False,,True,R-desk,11,evt_S-61_desk_work_surface_0001,200f7d8ecd4f122b,lap_bag_context,no_pose_observation,34560.0,1.33,,1,cam12/e1/v1,
phase4_smoke2,03.CCTV Mobile Usage.mkv,632de9ed55947761d56d4c6142a3cb1a1fe69d0b1a6d0e01a2e404c697962623,dfine_native,13200.0,unknown_object,0.6223,699.91,396.23,849.49,492.42,14387.6,149.57,96.19,1.555,False,,True,R-desk,11,evt_S-61_desk_work_surface_0001,200f7d8ecd4f122b,lap_bag_context,no_pose_observation,34560.0,1.33,,1,cam12/e1/v1,
phase4_smoke2,03.CCTV Mobile Usage.mkv,632de9ed55947761d56d4c6142a3cb1a1fe69d0b1a6d0e01a2e404c697962623,dfine_native,13200.0,keyboard,0.4237,802.46,396.22,870.9,420.71,1675.7,68.44,24.48,2.795,False,,True,R-desk,11,evt_S-61_desk_work_surface_0001,200f7d8ecd4f122b,lap_bag_context,no_pose_observation,34560.0,1.33,,1,cam12/e1/v1,
phase4_smoke2,03.CCTV Mobile Usage.mkv,632de9ed55947761d56d4c6142a3cb1a1fe69d0b1a6d0e01a2e404c697962623,dfine_native,13200.0,unknown_object,0.3092,736.55,395.62,1140.16,491.17,38565.1,403.61,95.55,4.224,False,,True,R-desk,11,evt_S-61_desk_work_surface_0001,200f7d8ecd4f122b,lap_bag_context,no_pose_observation,34560.0,1.33,,1,cam12/e1/v1,
phase4_smoke2,03.CCTV Mobile Usage.mkv,632de9ed55947761d56d4c6142a3cb1a1fe69d0b1a6d0e01a2e404c697962623,dfine_native,13200.0,monitor_or_bezel,0.3892,1019.66,395.52,1145.06,446.55,6399.4,125.4,51.03,2.457,False,,True,R-desk,11,evt_S-61_desk_work_surface_0001,200f7d8ecd4f122b,lap_bag_context,no_pose_observation,34560.0,1.33,,1,cam12/e1/v1,
phase4_smoke2,03.CCTV Mobile Usage.mkv,632de9ed55947761d56d4c6142a3cb1a1fe69d0b1a6d0e01a2e404c697962623,dfine_native,13200.0,unknown_object,0.4019,699.97,396.22,757.52,491.04,5456.4,57.55,94.82,0.607,False,,True,R-desk,11,evt_S-61_desk_work_surface_0001,200f7d8ecd4f122b,lap_bag_context,no_pose_observation,34560.0,1.33,,1,cam12/e1/v1,
phase4_smoke2,03.CCTV Mobile Usage.mkv,632de9ed55947761d56d4c6142a3cb1a1fe69d0b1a6d0e01a2e404c697962623,dfine_native,13200.0,monitor_or_bezel,0.3272,1013.37,395.62,1146.34,488.37,12331.9,132.97,92.74,1.434,False,,True,R-desk,11,evt_S-61_desk_work_surface_0001,200f7d8ecd4f122b,lap_bag_context,no_pose_observation,34560.0,1.33,,1,cam12/e1/v1,
phase4_smoke2,03.CCTV Mobile Usage.mkv,632de9ed55947761d56d4c6142a3cb1a1fe69d0b1a6d0e01a2e404c697962623,dfine_native,13200.0,phone,0.2574,1042.72,421.48,1114.16,474.32,3775.4,71.45,52.84,1.352,False,,True,R-desk,11,evt_S-61_desk_work_surface_0001,200f7d8ecd4f122b,lap_bag_context,no_pose_observation,34560.0,1.33,,1,cam12/e1/v1,
phase4_smoke2,03.CCTV Mobile Usage.mkv,632de9ed55947761d56d4c6142a3cb1a1fe69d0b1a6d0e01a2e404c697962623,dfine_native,13200.0,monitor_or_bezel,0.4822,967.01,395.52,1146.45,490.67,17075.0,179.45,95.15,1.886,False,,True,R-desk,11,evt_S-61_desk_work_surface_0001,200f7d8ecd4f122b,lap_bag_context,no_pose_observation,34560.0,1.33,,1,cam12/e1/v1,
phase4_smoke2,03.CCTV Mobile Usage.mkv,632de9ed55947761d56d4c6142a3cb1a1fe69d0b1a6d0e01a2e404c697962623,dfine_native,13200.0,mouse,0.5254,865.29,413.82,892.12,435.31,576.5,26.83,21.48,1.249,False,,True,R-desk,11,evt_S-61_desk_work_surface_0001,200f7d8ecd4f122b,lap_bag_context,no_pose_observation,34560.0,1.33,,1,cam12/e1/v1,
phase4_smoke2,03.CCTV Mobile Usage.mkv,632de9ed55947761d56d4c6142a3cb1a1fe69d0b1a6d0e01a2e404c697962623,dfine_native,13200.0,mouse,0.2733,966.85,398.32,992.32,410.44,308.6,25.46,12.12,2.101,False,,True,R-desk,11,evt_S-61_desk_work_surface_0001,200f7d8ecd4f122b,lap_bag_context,no_pose_observation,34560.0,1.33,,1,cam12/e1/v1,
phase4_smoke2,03.CCTV Mobile Usage.mkv,632de9ed55947761d56d4c6142a3cb1a1fe69d0b1a6d0e01a2e404c697962623,dfine_native,13200.0,monitor_or_bezel,0.281,967.29,395.4,1146.3,490.86,17088.5,179.0,95.46,1.875,False,,True,R-desk,11,evt_S-61_desk_work_surface_0001,200f7d8ecd4f122b,lap_bag_context,no_pose_observation,34560.0,1.33,,1,cam12/e1/v1,
phase4_smoke2,03.CCTV Mobile Usage.mkv,632de9ed55947761d56d4c6142a3cb1a1fe69d0b1a6d0e01a2e404c697962623,dfine_native,13200.0,monitor_or_bezel,0.3241,874.69,395.46,1146.43,491.41,26072.2,271.74,95.95,2.832,False,,True,R-desk,11,evt_S-61_desk_work_surface_0001,200f7d8ecd4f122b,lap_bag_context,no_pose_observation,34560.0,1.33,,1,cam12/e1/v1,
phase4_smoke2,03.CCTV Mobile Usage.mkv,632de9ed55947761d56d4c6142a3cb1a1fe69d0b1a6d0e01a2e404c697962623,dfine_native,13200.0,unknown_object,0.3147,699.92,396.15,779.06,492.48,7623.9,79.14,96.33,0.822,False,,True,R-desk,11,evt_S-61_desk_work_surface_0001,200f7d8ecd4f122b,lap_bag_context,no_pose_observation,34560.0,1.33,,1,cam12/e1/v1,
phase4_smoke2,03.CCTV Mobile Usage.mkv,632de9ed55947761d56d4c6142a3cb1a1fe69d0b1a6d0e01a2e404c697962623,dfine_native,13200.0,keyboard,0.894,962.1,451.9,1067.92,491.45,4185.1,105.83,39.55,2.676,False,,True,R-desk,13,evt_S-61_upper_body_0015,200f7d8ecd4f122b,lap_bag_context,no_pose_observation,34560.0,1.33,,1,cam12/e1/v1,
phase4_smoke2,03.CCTV Mobile Usage.mkv,632de9ed55947761d56d4c6142a3cb1a1fe69d0b1a6d0e01a2e404c697962623,dfine_native,13200.0,unknown_object,0.6223,699.91,396.23,849.49,492.42,14387.6,149.57,96.19,1.555,False,,True,R-desk,13,evt_S-61_upper_body_0015,200f7d8ecd4f122b,lap_bag_context,no_pose_observation,34560.0,1.33,,1,cam12/e1/v1,
phase4_smoke2,03.CCTV Mobile Usage.mkv,632de9ed55947761d56d4c6142a3cb1a1fe69d0b1a6d0e01a2e404c697962623,dfine_native,13200.0,keyboard,0.4237,802.46,396.22,870.9,420.71,1675.7,68.44,24.48,2.795,False,,True,R-desk,13,evt_S-61_upper_body_0015,200f7d8ecd4f122b,lap_bag_context,no_pose_observation,34560.0,1.33,,1,cam12/e1/v1,
phase4_smoke2,03.CCTV Mobile Usage.mkv,632de9ed55947761d56d4c6142a3cb1a1fe69d0b1a6d0e01a2e404c697962623,dfine_native,13200.0,unknown_object,0.3092,736.55,395.62,1140.16,491.17,38565.1,403.61,95.55,4.224,False,,True,R-desk,13,evt_S-61_upper_body_0015,200f7d8ecd4f122b,lap_bag_context,no_pose_observation,34560.0,1.33,,1,cam12/e1/v1,
phase4_smoke2,03.CCTV Mobile Usage.mkv,632de9ed55947761d56d4c6142a3cb1a1fe69d0b1a6d0e01a2e404c697962623,dfine_native,13200.0,monitor_or_bezel,0.3892,1019.66,395.52,1145.06,446.55,6399.4,125.4,51.03,2.457,False,,True,R-desk,13,evt_S-61_upper_body_0015,200f7d8ecd4f122b,lap_bag_context,no_pose_observation,34560.0,1.33,,1,cam12/e1/v1,
phase4_smoke2,03.CCTV Mobile Usage.mkv,632de9ed55947761d56d4c6142a3cb1a1fe69d0b1a6d0e01a2e404c697962623,dfine_native,13200.0,unknown_object,0.4019,699.97,396.22,757.52,491.04,5456.4,57.55,94.82,0.607,False,,True,R-desk,13,evt_S-61_upper_body_0015,200f7d8ecd4f122b,lap_bag_context,no_pose_observation,34560.0,1.33,,1,cam12/e1/v1,
phase4_smoke2,03.CCTV Mobile Usage.mkv,632de9ed55947761d56d4c6142a3cb1a1fe69d0b1a6d0e01a2e404c697962623,dfine_native,13200.0,monitor_or_bezel,0.3272,1013.37,395.62,1146.34,488.37,12331.9,132.97,92.74,1.434,False,,True,R-desk,13,evt_S-61_upper_body_0015,200f7d8ecd4f122b,lap_bag_context,no_pose_observation,34560.0,1.33,,1,cam12/e1/v1,
phase4_smoke2,03.CCTV Mobile Usage.mkv,632de9ed55947761d56d4c6142a3cb1a1fe69d0b1a6d0e01a2e404c697962623,dfine_native,13200.0,phone,0.2574,1042.72,421.48,1114.16,474.32,3775.4,71.45,52.84,1.352,False,,True,R-desk,13,evt_S-61_upper_body_0015,200f7d8ecd4f122b,lap_bag_context,no_pose_observation,34560.0,1.33,,1,cam12/e1/v1,
phase4_smoke2,03.CCTV Mobile Usage.mkv,632de9ed55947761d56d4c6142a3cb1a1fe69d0b1a6d0e01a2e404c697962623,dfine_native,13200.0,monitor_or_bezel,0.4822,967.01,395.52,1146.45,490.67,17075.0,179.45,95.15,1.886,False,,True,R-desk,13,evt_S-61_upper_body_0015,200f7d8ecd4f122b,lap_bag_context,no_pose_observation,34560.0,1.33,,1,cam12/e1/v1,
phase4_smoke2,03.CCTV Mobile Usage.mkv,632de9ed55947761d56d4c6142a3cb1a1fe69d0b1a6d0e01a2e404c697962623,dfine_native,13200.0,mouse,0.5254,865.29,413.82,892.12,435.31,576.5,26.83,21.48,1.249,False,,True,R-desk,13,evt_S-61_upper_body_0015,200f7d8ecd4f122b,lap_bag_context,no_pose_observation,34560.0,1.33,,1,cam12/e1/v1,
phase4_smoke2,03.CCTV Mobile Usage.mkv,632de9ed55947761d56d4c6142a3cb1a1fe69d0b1a6d0e01a2e404c697962623,dfine_native,13200.0,mouse,0.2733,966.85,398.32,992.32,410.44,308.6,25.46,12.12,2.101,False,,True,R-desk,13,evt_S-61_upper_body_0015,200f7d8ecd4f122b,lap_bag_context,no_pose_observation,34560.0,1.33,,1,cam12/e1/v1,
phase4_smoke2,03.CCTV Mobile Usage.mkv,632de9ed55947761d56d4c6142a3cb1a1fe69d0b1a6d0e01a2e404c697962623,dfine_native,13200.0,monitor_or_bezel,0.281,967.29,395.4,1146.3,490.86,17088.5,179.0,95.46,1.875,False,,True,R-desk,13,evt_S-61_upper_body_0015,200f7d8ecd4f122b,lap_bag_context,no_pose_observation,34560.0,1.33,,1,cam12/e1/v1,
phase4_smoke2,03.CCTV Mobile Usage.mkv,632de9ed55947761d56d4c6142a3cb1a1fe69d0b1a6d0e01a2e404c697962623,dfine_native,13200.0,monitor_or_bezel,0.3241,874.69,395.46,1146.43,491.41,26072.2,271.74,95.95,2.832,False,,True,R-desk,13,evt_S-61_upper_body_0015,200f7d8ecd4f122b,lap_bag_context,no_pose_observation,34560.0,1.33,,1,cam12/e1/v1,
phase4_smoke2,03.CCTV Mobile Usage.mkv,632de9ed55947761d56d4c6142a3cb1a1fe69d0b1a6d0e01a2e404c697962623,dfine_native,13200.0,unknown_object,0.3147,699.92,396.15,779.06,492.48,7623.9,79.14,96.33,0.822,False,,True,R-desk,13,evt_S-61_upper_body_0015,200f7d8ecd4f122b,lap_bag_context,no_pose_observation,34560.0,1.33,,1,cam12/e1/v1,
phase4_smoke2,03.CCTV Mobile Usage.mkv,632de9ed55947761d56d4c6142a3cb1a1fe69d0b1a6d0e01a2e404c697962623,dfine_native,13200.0,unknown_object,0.4686,142.75,198.27,277.42,349.5,20365.7,134.67,151.22,0.891,False,,True,S-61,2,evt_S-61_desk_work_surface_0001,41099a5b80ec7e0e,pose_hand_context,,42791.1,3.09,,1,cam12/e1/v1,rtmpose_baseline
phase4_smoke2,03.CCTV Mobile Usage.mkv,632de9ed55947761d56d4c6142a3cb1a1fe69d0b1a6d0e01a2e404c697962623,dfine_native,13200.0,unknown_object,0.252,233.36,293.6,345.55,403.0,12273.6,112.19,109.4,1.025,False,,True,S-61,2,evt_S-61_desk_work_surface_0001,41099a5b80ec7e0e,pose_hand_context,,42791.1,3.09,,1,cam12/e1/v1,rtmpose_baseline
phase4_smoke2,03.CCTV Mobile Usage.mkv,632de9ed55947761d56d4c6142a3cb1a1fe69d0b1a6d0e01a2e404c697962623,dfine_native,13200.0,unknown_object,0.4686,142.75,198.27,277.42,349.5,20365.7,134.67,151.22,0.891,False,,True,S-61,6,evt_S-61_upper_body_0015,41099a5b80ec7e0e,pose_hand_context,,42791.1,3.09,,1,cam12/e1/v1,rtmpose_baseline
phase4_smoke2,03.CCTV Mobile Usage.mkv,632de9ed55947761d56d4c6142a3cb1a1fe69d0b1a6d0e01a2e404c697962623,dfine_native,13200.0,unknown_object,0.252,233.36,293.6,345.55,403.0,12273.6,112.19,109.4,1.025,False,,True,S-61,6,evt_S-61_upper_body_0015,41099a5b80ec7e0e,pose_hand_context,,42791.1,3.09,,1,cam12/e1/v1,rtmpose_baseline
phase4_smoke2,03.CCTV Mobile Usage.mkv,632de9ed55947761d56d4c6142a3cb1a1fe69d0b1a6d0e01a2e404c697962623,dfine_native,13200.0,stationery,0.6682,12.08,493.7,197.87,562.4,12763.2,185.79,68.7,2.704,False,,True,S-61,1,evt_S-61_desk_work_surface_0001,aeca27b1a7e55a21,pose_hand_context,,34812.1,3.43,,1,cam12/e1/v1,rtmpose_baseline
phase4_smoke2,03.CCTV Mobile Usage.mkv,632de9ed55947761d56d4c6142a3cb1a1fe69d0b1a6d0e01a2e404c697962623,dfine_native,13200.0,stationery,0.3981,102.48,476.65,162.12,530.34,3202.4,59.64,53.69,1.111,False,,True,S-61,1,evt_S-61_desk_work_surface_0001,aeca27b1a7e55a21,pose_hand_context,,34812.1,3.43,,1,cam12/e1/v1,rtmpose_baseline
phase4_smoke2,03.CCTV Mobile Usage.mkv,632de9ed55947761d56d4c6142a3cb1a1fe69d0b1a6d0e01a2e404c697962623,dfine_native,13200.0,stationery,0.5124,42.92,443.7,72.14,471.25,805.2,29.22,27.55,1.061,False,,True,S-61,1,evt_S-61_desk_work_surface_0001,aeca27b1a7e55a21,pose_hand_context,,34812.1,3.43,,1,cam12/e1/v1,rtmpose_baseline
phase4_smoke2,03.CCTV Mobile Usage.mkv,632de9ed55947761d56d4c6142a3cb1a1fe69d0b1a6d0e01a2e404c697962623,dfine_native,13200.0,stationery,0.395,12.0,376.83,101.9,498.04,10897.7,89.91,121.21,0.742,False,,True,S-61,1,evt_S-61_desk_work_surface_0001,aeca27b1a7e55a21,pose_hand_context,,34812.1,3.43,,1,cam12/e1/v1,rtmpose_baseline
phase4_smoke2,03.CCTV Mobile Usage.mkv,632de9ed55947761d56d4c6142a3cb1a1fe69d0b1a6d0e01a2e404c697962623,dfine_native,13200.0,stationery,0.5723,12.07,415.01,102.07,498.56,7519.5,90.0,83.55,1.077,False,,True,S-61,1,evt_S-61_desk_work_surface_0001,aeca27b1a7e55a21,pose_hand_context,,34812.1,3.43,,1,cam12/e1/v1,rtmpose_baseline
phase4_smoke2,03.CCTV Mobile Usage.mkv,632de9ed55947761d56d4c6142a3cb1a1fe69d0b1a6d0e01a2e404c697962623,dfine_native,13200.0,stationery,0.2975,69.51,418.14,154.54,497.07,6711.4,85.03,78.93,1.077,False,,True,S-61,1,evt_S-61_desk_work_surface_0001,aeca27b1a7e55a21,pose_hand_context,,34812.1,3.43,,1,cam12/e1/v1,rtmpose_baseline
phase4_smoke2,03.CCTV Mobile Usage.mkv,632de9ed55947761d56d4c6142a3cb1a1fe69d0b1a6d0e01a2e404c697962623,dfine_native,13200.0,stationery,0.2674,44.21,509.82,86.24,556.96,1981.4,42.03,47.14,0.892,False,,True,S-61,1,evt_S-61_desk_work_surface_0001,aeca27b1a7e55a21,pose_hand_context,,34812.1,3.43,,1,cam12/e1/v1,rtmpose_baseline
phase4_smoke2,03.CCTV Mobile Usage.mkv,632de9ed55947761d56d4c6142a3cb1a1fe69d0b1a6d0e01a2e404c697962623,dfine_native,13200.0,unknown_object,0.3131,67.9,376.44,198.07,500.31,16123.9,130.17,123.87,1.051,False,,True,S-61,1,evt_S-61_desk_work_surface_0001,aeca27b1a7e55a21,pose_hand_context,,34812.1,3.43,,1,cam12/e1/v1,rtmpose_baseline
phase4_smoke2,03.CCTV Mobile Usage.mkv,632de9ed55947761d56d4c6142a3cb1a1fe69d0b1a6d0e01a2e404c697962623,dfine_native,13200.0,unknown_object,0.3019,12.29,376.22,198.06,501.57,23286.2,185.76,125.35,1.482,False,,True,S-61,1,evt_S-61_desk_work_surface_0001,aeca27b1a7e55a21,pose_hand_context,,34812.1,3.43,,1,cam12/e1/v1,rtmpose_baseline
phase4_smoke2,03.CCTV Mobile Usage.mkv,632de9ed55947761d56d4c6142a3cb1a1fe69d0b1a6d0e01a2e404c697962623,dfine_native,13200.0,stationery,0.3365,12.6,494.39,158.95,562.06,9903.6,146.35,67.67,2.163,False,,True,S-61,1,evt_S-61_desk_work_surface_0001,aeca27b1a7e55a21,pose_hand_context,,34812.1,3.43,,1,cam12/e1/v1,rtmpose_baseline
phase4_smoke2,03.CCTV Mobile Usage.mkv,632de9ed55947761d56d4c6142a3cb1a1fe69d0b1a6d0e01a2e404c697962623,dfine_native,13200.0,stationery,0.3073,12.31,413.77,154.06,499.6,12167.1,141.76,85.83,1.652,False,,True,S-61,1,evt_S-61_desk_work_surface_0001,aeca27b1a7e55a21,pose_hand_context,,34812.1,3.43,,1,cam12/e1/v1,rtmpose_baseline
phase4_smoke2,03.CCTV Mobile Usage.mkv,632de9ed55947761d56d4c6142a3cb1a1fe69d0b1a6d0e01a2e404c697962623,dfine_native,13200.0,stationery,0.6682,12.08,493.7,197.87,562.4,12763.2,185.79,68.7,2.704,False,,True,S-61,5,evt_S-61_upper_body_0015,aeca27b1a7e55a21,pose_hand_context,,34812.1,3.43,,1,cam12/e1/v1,rtmpose_baseline
phase4_smoke2,03.CCTV Mobile Usage.mkv,632de9ed55947761d56d4c6142a3cb1a1fe69d0b1a6d0e01a2e404c697962623,dfine_native,13200.0,stationery,0.3981,102.48,476.65,162.12,530.34,3202.4,59.64,53.69,1.111,False,,True,S-61,5,evt_S-61_upper_body_0015,aeca27b1a7e55a21,pose_hand_context,,34812.1,3.43,,1,cam12/e1/v1,rtmpose_baseline
phase4_smoke2,03.CCTV Mobile Usage.mkv,632de9ed55947761d56d4c6142a3cb1a1fe69d0b1a6d0e01a2e404c697962623,dfine_native,13200.0,stationery,0.5124,42.92,443.7,72.14,471.25,805.2,29.22,27.55,1.061,False,,True,S-61,5,evt_S-61_upper_body_0015,aeca27b1a7e55a21,pose_hand_context,,34812.1,3.43,,1,cam12/e1/v1,rtmpose_baseline
phase4_smoke2,03.CCTV Mobile Usage.mkv,632de9ed55947761d56d4c6142a3cb1a1fe69d0b1a6d0e01a2e404c697962623,dfine_native,13200.0,stationery,0.395,12.0,376.83,101.9,498.04,10897.7,89.91,121.21,0.742,False,,True,S-61,5,evt_S-61_upper_body_0015,aeca27b1a7e55a21,pose_hand_context,,34812.1,3.43,,1,cam12/e1/v1,rtmpose_baseline
phase4_smoke2,03.CCTV Mobile Usage.mkv,632de9ed55947761d56d4c6142a3cb1a1fe69d0b1a6d0e01a2e404c697962623,dfine_native,13200.0,stationery,0.5723,12.07,415.01,102.07,498.56,7519.5,90.0,83.55,1.077,False,,True,S-61,5,evt_S-61_upper_body_0015,aeca27b1a7e55a21,pose_hand_context,,34812.1,3.43,,1,cam12/e1/v1,rtmpose_baseline
phase4_smoke2,03.CCTV Mobile Usage.mkv,632de9ed55947761d56d4c6142a3cb1a1fe69d0b1a6d0e01a2e404c697962623,dfine_native,13200.0,stationery,0.2975,69.51,418.14,154.54,497.07,6711.4,85.03,78.93,1.077,False,,True,S-61,5,evt_S-61_upper_body_0015,aeca27b1a7e55a21,pose_hand_context,,34812.1,3.43,,1,cam12/e1/v1,rtmpose_baseline
phase4_smoke2,03.CCTV Mobile Usage.mkv,632de9ed55947761d56d4c6142a3cb1a1fe69d0b1a6d0e01a2e404c697962623,dfine_native,13200.0,stationery,0.2674,44.21,509.82,86.24,556.96,1981.4,42.03,47.14,0.892,False,,True,S-61,5,evt_S-61_upper_body_0015,aeca27b1a7e55a21,pose_hand_context,,34812.1,3.43,,1,cam12/e1/v1,rtmpose_baseline
phase4_smoke2,03.CCTV Mobile Usage.mkv,632de9ed55947761d56d4c6142a3cb1a1fe69d0b1a6d0e01a2e404c697962623,dfine_native,13200.0,unknown_object,0.3131,67.9,376.44,198.07,500.31,16123.9,130.17,123.87,1.051,False,,True,S-61,5,evt_S-61_upper_body_0015,aeca27b1a7e55a21,pose_hand_context,,34812.1,3.43,,1,cam12/e1/v1,rtmpose_baseline
phase4_smoke2,03.CCTV Mobile Usage.mkv,632de9ed55947761d56d4c6142a3cb1a1fe69d0b1a6d0e01a2e404c697962623,dfine_native,13200.0,unknown_object,0.3019,12.29,376.22,198.06,501.57,23286.2,185.76,125.35,1.482,False,,True,S-61,5,evt_S-61_upper_body_0015,aeca27b1a7e55a21,pose_hand_context,,34812.1,3.43,,1,cam12/e1/v1,rtmpose_baseline
phase4_smoke2,03.CCTV Mobile Usage.mkv,632de9ed55947761d56d4c6142a3cb1a1fe69d0b1a6d0e01a2e404c697962623,dfine_native,13200.0,stationery,0.3365,12.6,494.39,158.95,562.06,9903.6,146.35,67.67,2.163,False,,True,S-61,5,evt_S-61_upper_body_0015,aeca27b1a7e55a21,pose_hand_context,,34812.1,3.43,,1,cam12/e1/v1,rtmpose_baseline
phase4_smoke2,03.CCTV Mobile Usage.mkv,632de9ed55947761d56d4c6142a3cb1a1fe69d0b1a6d0e01a2e404c697962623,dfine_native,13200.0,stationery,0.3073,12.31,413.77,154.06,499.6,12167.1,141.76,85.83,1.652,False,,True,S-61,5,evt_S-61_upper_body_0015,aeca27b1a7e55a21,pose_hand_context,,34812.1,3.43,,1,cam12/e1/v1,rtmpose_baseline
phase4_smoke2,03.CCTV Mobile Usage.mkv,632de9ed55947761d56d4c6142a3cb1a1fe69d0b1a6d0e01a2e404c697962623,dfine_native,13700.0,keyboard,0.8943,962.1,451.9,1067.92,491.45,4185.3,105.83,39.55,2.676,False,,True,R-desk,11,evt_S-61_desk_work_surface_0001,243d4174c5ecf8e0,lap_bag_context,no_pose_observation,34560.0,1.33,,1,cam12/e1/v1,
phase4_smoke2,03.CCTV Mobile Usage.mkv,632de9ed55947761d56d4c6142a3cb1a1fe69d0b1a6d0e01a2e404c697962623,dfine_native,13700.0,unknown_object,0.6351,699.91,396.23,849.23,492.42,14363.2,149.32,96.19,1.552,False,,True,R-desk,11,evt_S-61_desk_work_surface_0001,243d4174c5ecf8e0,lap_bag_context,no_pose_observation,34560.0,1.33,,1,cam12/e1/v1,
phase4_smoke2,03.CCTV Mobile Usage.mkv,632de9ed55947761d56d4c6142a3cb1a1fe69d0b1a6d0e01a2e404c697962623,dfine_native,13700.0,keyboard,0.4275,802.46,396.23,870.9,420.71,1675.4,68.44,24.48,2.796,False,,True,R-desk,11,evt_S-61_desk_work_surface_0001,243d4174c5ecf8e0,lap_bag_context,no_pose_observation,34560.0,1.33,,1,cam12/e1/v1,
phase4_smoke2,03.CCTV Mobile Usage.mkv,632de9ed55947761d56d4c6142a3cb1a1fe69d0b1a6d0e01a2e404c697962623,dfine_native,13700.0,unknown_object,0.3122,736.53,395.62,1140.46,491.18,38597.9,403.92,95.56,4.227,False,,True,R-desk,11,evt_S-61_desk_work_surface_0001,243d4174c5ecf8e0,lap_bag_context,no_pose_observation,34560.0,1.33,,1,cam12/e1/v1,
phase4_smoke2,03.CCTV Mobile Usage.mkv,632de9ed55947761d56d4c6142a3cb1a1fe69d0b1a6d0e01a2e404c697962623,dfine_native,13700.0,monitor_or_bezel,0.3911,1019.66,395.52,1145.07,446.54,6398.2,125.4,51.02,2.458,False,,True,R-desk,11,evt_S-61_desk_work_surface_0001,243d4174c5ecf8e0,lap_bag_context,no_pose_observation,34560.0,1.33,,1,cam12/e1/v1,
phase4_smoke2,03.CCTV Mobile Usage.mkv,632de9ed55947761d56d4c6142a3cb1a1fe69d0b1a6d0e01a2e404c697962623,dfine_native,13700.0,monitor_or_bezel,0.3285,1013.36,395.62,1146.34,488.38,12335.5,132.98,92.76,1.434,False,,True,R-desk,11,evt_S-61_desk_work_surface_0001,243d4174c5ecf8e0,lap_bag_context,no_pose_observation,34560.0,1.33,,1,cam12/e1/v1,
phase4_smoke2,03.CCTV Mobile Usage.mkv,632de9ed55947761d56d4c6142a3cb1a1fe69d0b1a6d0e01a2e404c697962623,dfine_native,13700.0,unknown_object,0.4047,699.97,396.23,757.44,491.07,5450.2,57.47,94.84,0.606,False,,True,R-desk,11,evt_S-61_desk_work_surface_0001,243d4174c5ecf8e0,lap_bag_context,no_pose_observation,34560.0,1.33,,1,cam12/e1/v1,
phase4_smoke2,03.CCTV Mobile Usage.mkv,632de9ed55947761d56d4c6142a3cb1a1fe69d0b1a6d0e01a2e404c697962623,dfine_native,13700.0,phone,0.2566,1042.72,421.48,1114.17,474.32,3775.7,71.45,52.84,1.352,False,,True,R-desk,11,evt_S-61_desk_work_surface_0001,243d4174c5ecf8e0,lap_bag_context,no_pose_observation,34560.0,1.33,,1,cam12/e1/v1,
phase4_smoke2,03.CCTV Mobile Usage.mkv,632de9ed55947761d56d4c6142a3cb1a1fe69d0b1a6d0e01a2e404c697962623,dfine_native,13700.0,monitor_or_bezel,0.4849,967.02,395.52,1146.46,490.68,17075.9,179.44,95.16,1.886,False,,True,R-desk,11,evt_S-61_desk_work_surface_0001,243d4174c5ecf8e0,lap_bag_context,no_pose_observation,34560.0,1.33,,1,cam12/e1/v1,
phase4_smoke2,03.CCTV Mobile Usage.mkv,632de9ed55947761d56d4c6142a3cb1a1fe69d0b1a6d0e01a2e404c697962623,dfine_native,13700.0,mouse,0.5281,865.29,413.83,892.11,435.3,576.1,26.82,21.48,1.249,False,,True,R-desk,11,evt_S-61_desk_work_surface_0001,243d4174c5ecf8e0,lap_bag_context,no_pose_observation,34560.0,1.33,,1,cam12/e1/v1,
phase4_smoke2,03.CCTV Mobile Usage.mkv,632de9ed55947761d56d4c6142a3cb1a1fe69d0b1a6d0e01a2e404c697962623,dfine_native,13700.0,mouse,0.2755,966.86,398.32,992.31,410.43,308.4,25.45,12.12,2.101,False,,True,R-desk,11,evt_S-61_desk_work_surface_0001,243d4174c5ecf8e0,lap_bag_context,no_pose_observation,34560.0,1.33,,1,cam12/e1/v1,
phase4_smoke2,03.CCTV Mobile Usage.mkv,632de9ed55947761d56d4c6142a3cb1a1fe69d0b1a6d0e01a2e404c697962623,dfine_native,13700.0,monitor_or_bezel,0.2843,967.27,395.4,1146.3,490.87,17092.1,179.03,95.47,1.875,False,,True,R-desk,11,evt_S-61_desk_work_surface_0001,243d4174c5ecf8e0,lap_bag_context,no_pose_observation,34560.0,1.33,,1,cam12/e1/v1,
phase4_smoke2,03.CCTV Mobile Usage.mkv,632de9ed55947761d56d4c6142a3cb1a1fe69d0b1a6d0e01a2e404c697962623,dfine_native,13700.0,monitor_or_bezel,0.3254,874.73,395.47,1146.41,491.41,26065.6,271.69,95.94,2.832,False,,True,R-desk,11,evt_S-61_desk_work_surface_0001,243d4174c5ecf8e0,lap_bag_context,no_pose_observation,34560.0,1.33,,1,cam12/e1/v1,
phase4_smoke2,03.CCTV Mobile Usage.mkv,632de9ed55947761d56d4c6142a3cb1a1fe69d0b1a6d0e01a2e404c697962623,dfine_native,13700.0,unknown_object,0.3076,699.93,396.15,779.19,492.48,7635.6,79.26,96.34,0.823,False,,True,R-desk,11,evt_S-61_desk_work_surface_0001,243d4174c5ecf8e0,lap_bag_context,no_pose_observation,34560.0,1.33,,1,cam12/e1/v1,
phase4_smoke2,03.CCTV Mobile Usage.mkv,632de9ed55947761d56d4c6142a3cb1a1fe69d0b1a6d0e01a2e404c697962623,dfine_native,13700.0,keyboard,0.8943,962.1,451.9,1067.92,491.45,4185.3,105.83,39.55,2.676,False,,True,R-desk,13,evt_S-61_upper_body_0015,243d4174c5ecf8e0,lap_bag_context,no_pose_observation,34560.0,1.33,,1,cam12/e1/v1,
phase4_smoke2,03.CCTV Mobile Usage.mkv,632de9ed55947761d56d4c6142a3cb1a1fe69d0b1a6d0e01a2e404c697962623,dfine_native,13700.0,unknown_object,0.6351,699.91,396.23,849.23,492.42,14363.2,149.32,96.19,1.552,False,,True,R-desk,13,evt_S-61_upper_body_0015,243d4174c5ecf8e0,lap_bag_context,no_pose_observation,34560.0,1.33,,1,cam12/e1/v1,
phase4_smoke2,03.CCTV Mobile Usage.mkv,632de9ed55947761d56d4c6142a3cb1a1fe69d0b1a6d0e01a2e404c697962623,dfine_native,13700.0,keyboard,0.4275,802.46,396.23,870.9,420.71,1675.4,68.44,24.48,2.796,False,,True,R-desk,13,evt_S-61_upper_body_0015,243d4174c5ecf8e0,lap_bag_context,no_pose_observation,34560.0,1.33,,1,cam12/e1/v1,
phase4_smoke2,03.CCTV Mobile Usage.mkv,632de9ed55947761d56d4c6142a3cb1a1fe69d0b1a6d0e01a2e404c697962623,dfine_native,13700.0,unknown_object,0.3122,736.53,395.62,1140.46,491.18,38597.9,403.92,95.56,4.227,False,,True,R-desk,13,evt_S-61_upper_body_0015,243d4174c5ecf8e0,lap_bag_context,no_pose_observation,34560.0,1.33,,1,cam12/e1/v1,
phase4_smoke2,03.CCTV Mobile Usage.mkv,632de9ed55947761d56d4c6142a3cb1a1fe69d0b1a6d0e01a2e404c697962623,dfine_native,13700.0,monitor_or_bezel,0.3911,1019.66,395.52,1145.07,446.54,6398.2,125.4,51.02,2.458,False,,True,R-desk,13,evt_S-61_upper_body_0015,243d4174c5ecf8e0,lap_bag_context,no_pose_observation,34560.0,1.33,,1,cam12/e1/v1,
phase4_smoke2,03.CCTV Mobile Usage.mkv,632de9ed55947761d56d4c6142a3cb1a1fe69d0b1a6d0e01a2e404c697962623,dfine_native,13700.0,monitor_or_bezel,0.3285,1013.36,395.62,1146.34,488.38,12335.5,132.98,92.76,1.434,False,,True,R-desk,13,evt_S-61_upper_body_0015,243d4174c5ecf8e0,lap_bag_context,no_pose_observation,34560.0,1.33,,1,cam12/e1/v1,
phase4_smoke2,03.CCTV Mobile Usage.mkv,632de9ed55947761d56d4c6142a3cb1a1fe69d0b1a6d0e01a2e404c697962623,dfine_native,13700.0,unknown_object,0.4047,699.97,396.23,757.44,491.07,5450.2,57.47,94.84,0.606,False,,True,R-desk,13,evt_S-61_upper_body_0015,243d4174c5ecf8e0,lap_bag_context,no_pose_observation,34560.0,1.33,,1,cam12/e1/v1,
phase4_smoke2,03.CCTV Mobile Usage.mkv,632de9ed55947761d56d4c6142a3cb1a1fe69d0b1a6d0e01a2e404c697962623,dfine_native,13700.0,phone,0.2566,1042.72,421.48,1114.17,474.32,3775.7,71.45,52.84,1.352,False,,True,R-desk,13,evt_S-61_upper_body_0015,243d4174c5ecf8e0,lap_bag_context,no_pose_observation,34560.0,1.33,,1,cam12/e1/v1,
phase4_smoke2,03.CCTV Mobile Usage.mkv,632de9ed55947761d56d4c6142a3cb1a1fe69d0b1a6d0e01a2e404c697962623,dfine_native,13700.0,monitor_or_bezel,0.4849,967.02,395.52,1146.46,490.68,17075.9,179.44,95.16,1.886,False,,True,R-desk,13,evt_S-61_upper_body_0015,243d4174c5ecf8e0,lap_bag_context,no_pose_observation,34560.0,1.33,,1,cam12/e1/v1,
phase4_smoke2,03.CCTV Mobile Usage.mkv,632de9ed55947761d56d4c6142a3cb1a1fe69d0b1a6d0e01a2e404c697962623,dfine_native,13700.0,mouse,0.5281,865.29,413.83,892.11,435.3,576.1,26.82,21.48,1.249,False,,True,R-desk,13,evt_S-61_upper_body_0015,243d4174c5ecf8e0,lap_bag_context,no_pose_observation,34560.0,1.33,,1,cam12/e1/v1,
phase4_smoke2,03.CCTV Mobile Usage.mkv,632de9ed55947761d56d4c6142a3cb1a1fe69d0b1a6d0e01a2e404c697962623,dfine_native,13700.0,mouse,0.2755,966.86,398.32,992.31,410.43,308.4,25.45,12.12,2.101,False,,True,R-desk,13,evt_S-61_upper_body_0015,243d4174c5ecf8e0,lap_bag_context,no_pose_observation,34560.0,1.33,,1,cam12/e1/v1,
phase4_smoke2,03.CCTV Mobile Usage.mkv,632de9ed55947761d56d4c6142a3cb1a1fe69d0b1a6d0e01a2e404c697962623,dfine_native,13700.0,monitor_or_bezel,0.2843,967.27,395.4,1146.3,490.87,17092.1,179.03,95.47,1.875,False,,True,R-desk,13,evt_S-61_upper_body_0015,243d4174c5ecf8e0,lap_bag_context,no_pose_observation,34560.0,1.33,,1,cam12/e1/v1,
phase4_smoke2,03.CCTV Mobile Usage.mkv,632de9ed55947761d56d4c6142a3cb1a1fe69d0b1a6d0e01a2e404c697962623,dfine_native,13700.0,monitor_or_bezel,0.3254,874.73,395.47,1146.41,491.41,26065.6,271.69,95.94,2.832,False,,True,R-desk,13,evt_S-61_upper_body_0015,243d4174c5ecf8e0,lap_bag_context,no_pose_observation,34560.0,1.33,,1,cam12/e1/v1,
phase4_smoke2,03.CCTV Mobile Usage.mkv,632de9ed55947761d56d4c6142a3cb1a1fe69d0b1a6d0e01a2e404c697962623,dfine_native,13700.0,unknown_object,0.3076,699.93,396.15,779.19,492.48,7635.6,79.26,96.34,0.823,False,,True,R-desk,13,evt_S-61_upper_body_0015,243d4174c5ecf8e0,lap_bag_context,no_pose_observation,34560.0,1.33,,1,cam12/e1/v1,
phase4_smoke2,03.CCTV Mobile Usage.mkv,632de9ed55947761d56d4c6142a3cb1a1fe69d0b1a6d0e01a2e404c697962623,dfine_native,13700.0,keyboard,0.8943,962.1,451.9,1067.92,491.45,4185.3,105.83,39.55,2.676,False,,True,R-desk,9,evt_S-61_desk_work_surface_0001,243d4174c5ecf8e0,lap_bag_context,no_pose_observation,34560.0,1.33,,1,cam12/e1/v1,
phase4_smoke2,03.CCTV Mobile Usage.mkv,632de9ed55947761d56d4c6142a3cb1a1fe69d0b1a6d0e01a2e404c697962623,dfine_native,13700.0,unknown_object,0.6351,699.91,396.23,849.23,492.42,14363.2,149.32,96.19,1.552,False,,True,R-desk,9,evt_S-61_desk_work_surface_0001,243d4174c5ecf8e0,lap_bag_context,no_pose_observation,34560.0,1.33,,1,cam12/e1/v1,
phase4_smoke2,03.CCTV Mobile Usage.mkv,632de9ed55947761d56d4c6142a3cb1a1fe69d0b1a6d0e01a2e404c697962623,dfine_native,13700.0,keyboard,0.4275,802.46,396.23,870.9,420.71,1675.4,68.44,24.48,2.796,False,,True,R-desk,9,evt_S-61_desk_work_surface_0001,243d4174c5ecf8e0,lap_bag_context,no_pose_observation,34560.0,1.33,,1,cam12/e1/v1,
phase4_smoke2,03.CCTV Mobile Usage.mkv,632de9ed55947761d56d4c6142a3cb1a1fe69d0b1a6d0e01a2e404c697962623,dfine_native,13700.0,unknown_object,0.3122,736.53,395.62,1140.46,491.18,38597.9,403.92,95.56,4.227,False,,True,R-desk,9,evt_S-61_desk_work_surface_0001,243d4174c5ecf8e0,lap_bag_context,no_pose_observation,34560.0,1.33,,1,cam12/e1/v1,
phase4_smoke2,03.CCTV Mobile Usage.mkv,632de9ed55947761d56d4c6142a3cb1a1fe69d0b1a6d0e01a2e404c697962623,dfine_native,13700.0,monitor_or_bezel,0.3911,1019.66,395.52,1145.07,446.54,6398.2,125.4,51.02,2.458,False,,True,R-desk,9,evt_S-61_desk_work_surface_0001,243d4174c5ecf8e0,lap_bag_context,no_pose_observation,34560.0,1.33,,1,cam12/e1/v1,
phase4_smoke2,03.CCTV Mobile Usage.mkv,632de9ed55947761d56d4c6142a3cb1a1fe69d0b1a6d0e01a2e404c697962623,dfine_native,13700.0,monitor_or_bezel,0.3285,1013.36,395.62,1146.34,488.38,12335.5,132.98,92.76,1.434,False,,True,R-desk,9,evt_S-61_desk_work_surface_0001,243d4174c5ecf8e0,lap_bag_context,no_pose_observation,34560.0,1.33,,1,cam12/e1/v1,
phase4_smoke2,03.CCTV Mobile Usage.mkv,632de9ed55947761d56d4c6142a3cb1a1fe69d0b1a6d0e01a2e404c697962623,dfine_native,13700.0,unknown_object,0.4047,699.97,396.23,757.44,491.07,5450.2,57.47,94.84,0.606,False,,True,R-desk,9,evt_S-61_desk_work_surface_0001,243d4174c5ecf8e0,lap_bag_context,no_pose_observation,34560.0,1.33,,1,cam12/e1/v1,
phase4_smoke2,03.CCTV Mobile Usage.mkv,632de9ed55947761d56d4c6142a3cb1a1fe69d0b1a6d0e01a2e404c697962623,dfine_native,13700.0,phone,0.2566,1042.72,421.48,1114.17,474.32,3775.7,71.45,52.84,1.352,False,,True,R-desk,9,evt_S-61_desk_work_surface_0001,243d4174c5ecf8e0,lap_bag_context,no_pose_observation,34560.0,1.33,,1,cam12/e1/v1,
phase4_smoke2,03.CCTV Mobile Usage.mkv,632de9ed55947761d56d4c6142a3cb1a1fe69d0b1a6d0e01a2e404c697962623,dfine_native,13700.0,monitor_or_bezel,0.4849,967.02,395.52,1146.46,490.68,17075.9,179.44,95.16,1.886,False,,True,R-desk,9,evt_S-61_desk_work_surface_0001,243d4174c5ecf8e0,lap_bag_context,no_pose_observation,34560.0,1.33,,1,cam12/e1/v1,
phase4_smoke2,03.CCTV Mobile Usage.mkv,632de9ed55947761d56d4c6142a3cb1a1fe69d0b1a6d0e01a2e404c697962623,dfine_native,13700.0,mouse,0.5281,865.29,413.83,892.11,435.3,576.1,26.82,21.48,1.249,False,,True,R-desk,9,evt_S-61_desk_work_surface_0001,243d4174c5ecf8e0,lap_bag_context,no_pose_observation,34560.0,1.33,,1,cam12/e1/v1,
phase4_smoke2,03.CCTV Mobile Usage.mkv,632de9ed55947761d56d4c6142a3cb1a1fe69d0b1a6d0e01a2e404c697962623,dfine_native,13700.0,mouse,0.2755,966.86,398.32,992.31,410.43,308.4,25.45,12.12,2.101,False,,True,R-desk,9,evt_S-61_desk_work_surface_0001,243d4174c5ecf8e0,lap_bag_context,no_pose_observation,34560.0,1.33,,1,cam12/e1/v1,
phase4_smoke2,03.CCTV Mobile Usage.mkv,632de9ed55947761d56d4c6142a3cb1a1fe69d0b1a6d0e01a2e404c697962623,dfine_native,13700.0,monitor_or_bezel,0.2843,967.27,395.4,1146.3,490.87,17092.1,179.03,95.47,1.875,False,,True,R-desk,9,evt_S-61_desk_work_surface_0001,243d4174c5ecf8e0,lap_bag_context,no_pose_observation,34560.0,1.33,,1,cam12/e1/v1,
phase4_smoke2,03.CCTV Mobile Usage.mkv,632de9ed55947761d56d4c6142a3cb1a1fe69d0b1a6d0e01a2e404c697962623,dfine_native,13700.0,monitor_or_bezel,0.3254,874.73,395.47,1146.41,491.41,26065.6,271.69,95.94,2.832,False,,True,R-desk,9,evt_S-61_desk_work_surface_0001,243d4174c5ecf8e0,lap_bag_context,no_pose_observation,34560.0,1.33,,1,cam12/e1/v1,
phase4_smoke2,03.CCTV Mobile Usage.mkv,632de9ed55947761d56d4c6142a3cb1a1fe69d0b1a6d0e01a2e404c697962623,dfine_native,13700.0,unknown_object,0.3076,699.93,396.15,779.19,492.48,7635.6,79.26,96.34,0.823,False,,True,R-desk,9,evt_S-61_desk_work_surface_0001,243d4174c5ecf8e0,lap_bag_context,no_pose_observation,34560.0,1.33,,1,cam12/e1/v1,
phase4_smoke2,03.CCTV Mobile Usage.mkv,632de9ed55947761d56d4c6142a3cb1a1fe69d0b1a6d0e01a2e404c697962623,dfine_native,13700.0,keyboard,0.8943,962.1,451.9,1067.92,491.45,4185.3,105.83,39.55,2.676,False,,True,R-desk,10,evt_S-61_upper_body_0015,243d4174c5ecf8e0,lap_bag_context,no_pose_observation,34560.0,1.33,,1,cam12/e1/v1,
phase4_smoke2,03.CCTV Mobile Usage.mkv,632de9ed55947761d56d4c6142a3cb1a1fe69d0b1a6d0e01a2e404c697962623,dfine_native,13700.0,unknown_object,0.6351,699.91,396.23,849.23,492.42,14363.2,149.32,96.19,1.552,False,,True,R-desk,10,evt_S-61_upper_body_0015,243d4174c5ecf8e0,lap_bag_context,no_pose_observation,34560.0,1.33,,1,cam12/e1/v1,
phase4_smoke2,03.CCTV Mobile Usage.mkv,632de9ed55947761d56d4c6142a3cb1a1fe69d0b1a6d0e01a2e404c697962623,dfine_native,13700.0,keyboard,0.4275,802.46,396.23,870.9,420.71,1675.4,68.44,24.48,2.796,False,,True,R-desk,10,evt_S-61_upper_body_0015,243d4174c5ecf8e0,lap_bag_context,no_pose_observation,34560.0,1.33,,1,cam12/e1/v1,
phase4_smoke2,03.CCTV Mobile Usage.mkv,632de9ed55947761d56d4c6142a3cb1a1fe69d0b1a6d0e01a2e404c697962623,dfine_native,13700.0,unknown_object,0.3122,736.53,395.62,1140.46,491.18,38597.9,403.92,95.56,4.227,False,,True,R-desk,10,evt_S-61_upper_body_0015,243d4174c5ecf8e0,lap_bag_context,no_pose_observation,34560.0,1.33,,1,cam12/e1/v1,
phase4_smoke2,03.CCTV Mobile Usage.mkv,632de9ed55947761d56d4c6142a3cb1a1fe69d0b1a6d0e01a2e404c697962623,dfine_native,13700.0,monitor_or_bezel,0.3911,1019.66,395.52,1145.07,446.54,6398.2,125.4,51.02,2.458,False,,True,R-desk,10,evt_S-61_upper_body_0015,243d4174c5ecf8e0,lap_bag_context,no_pose_observation,34560.0,1.33,,1,cam12/e1/v1,
phase4_smoke2,03.CCTV Mobile Usage.mkv,632de9ed55947761d56d4c6142a3cb1a1fe69d0b1a6d0e01a2e404c697962623,dfine_native,13700.0,monitor_or_bezel,0.3285,1013.36,395.62,1146.34,488.38,12335.5,132.98,92.76,1.434,False,,True,R-desk,10,evt_S-61_upper_body_0015,243d4174c5ecf8e0,lap_bag_context,no_pose_observation,34560.0,1.33,,1,cam12/e1/v1,
phase4_smoke2,03.CCTV Mobile Usage.mkv,632de9ed55947761d56d4c6142a3cb1a1fe69d0b1a6d0e01a2e404c697962623,dfine_native,13700.0,unknown_object,0.4047,699.97,396.23,757.44,491.07,5450.2,57.47,94.84,0.606,False,,True,R-desk,10,evt_S-61_upper_body_0015,243d4174c5ecf8e0,lap_bag_context,no_pose_observation,34560.0,1.33,,1,cam12/e1/v1,
phase4_smoke2,03.CCTV Mobile Usage.mkv,632de9ed55947761d56d4c6142a3cb1a1fe69d0b1a6d0e01a2e404c697962623,dfine_native,13700.0,phone,0.2566,1042.72,421.48,1114.17,474.32,3775.7,71.45,52.84,1.352,False,,True,R-desk,10,evt_S-61_upper_body_0015,243d4174c5ecf8e0,lap_bag_context,no_pose_observation,34560.0,1.33,,1,cam12/e1/v1,
phase4_smoke2,03.CCTV Mobile Usage.mkv,632de9ed55947761d56d4c6142a3cb1a1fe69d0b1a6d0e01a2e404c697962623,dfine_native,13700.0,monitor_or_bezel,0.4849,967.02,395.52,1146.46,490.68,17075.9,179.44,95.16,1.886,False,,True,R-desk,10,evt_S-61_upper_body_0015,243d4174c5ecf8e0,lap_bag_context,no_pose_observation,34560.0,1.33,,1,cam12/e1/v1,
phase4_smoke2,03.CCTV Mobile Usage.mkv,632de9ed55947761d56d4c6142a3cb1a1fe69d0b1a6d0e01a2e404c697962623,dfine_native,13700.0,mouse,0.5281,865.29,413.83,892.11,435.3,576.1,26.82,21.48,1.249,False,,True,R-desk,10,evt_S-61_upper_body_0015,243d4174c5ecf8e0,lap_bag_context,no_pose_observation,34560.0,1.33,,1,cam12/e1/v1,
phase4_smoke2,03.CCTV Mobile Usage.mkv,632de9ed55947761d56d4c6142a3cb1a1fe69d0b1a6d0e01a2e404c697962623,dfine_native,13700.0,mouse,0.2755,966.86,398.32,992.31,410.43,308.4,25.45,12.12,2.101,False,,True,R-desk,10,evt_S-61_upper_body_0015,243d4174c5ecf8e0,lap_bag_context,no_pose_observation,34560.0,1.33,,1,cam12/e1/v1,
phase4_smoke2,03.CCTV Mobile Usage.mkv,632de9ed55947761d56d4c6142a3cb1a1fe69d0b1a6d0e01a2e404c697962623,dfine_native,13700.0,monitor_or_bezel,0.2843,967.27,395.4,1146.3,490.87,17092.1,179.03,95.47,1.875,False,,True,R-desk,10,evt_S-61_upper_body_0015,243d4174c5ecf8e0,lap_bag_context,no_pose_observation,34560.0,1.33,,1,cam12/e1/v1,
phase4_smoke2,03.CCTV Mobile Usage.mkv,632de9ed55947761d56d4c6142a3cb1a1fe69d0b1a6d0e01a2e404c697962623,dfine_native,13700.0,monitor_or_bezel,0.3254,874.73,395.47,1146.41,491.41,26065.6,271.69,95.94,2.832,False,,True,R-desk,10,evt_S-61_upper_body_0015,243d4174c5ecf8e0,lap_bag_context,no_pose_observation,34560.0,1.33,,1,cam12/e1/v1,
phase4_smoke2,03.CCTV Mobile Usage.mkv,632de9ed55947761d56d4c6142a3cb1a1fe69d0b1a6d0e01a2e404c697962623,dfine_native,13700.0,unknown_object,0.3076,699.93,396.15,779.19,492.48,7635.6,79.26,96.34,0.823,False,,True,R-desk,10,evt_S-61_upper_body_0015,243d4174c5ecf8e0,lap_bag_context,no_pose_observation,34560.0,1.33,,1,cam12/e1/v1,
phase4_smoke2,03.CCTV Mobile Usage.mkv,632de9ed55947761d56d4c6142a3cb1a1fe69d0b1a6d0e01a2e404c697962623,dfine_native,13700.0,keyboard,0.8943,962.1,451.9,1067.92,491.45,4185.3,105.83,39.55,2.676,False,,True,R-desk,12,evt_S-61_desk_work_surface_0001,243d4174c5ecf8e0,lap_bag_context,no_pose_observation,34560.0,1.33,,1,cam12/e1/v1,
phase4_smoke2,03.CCTV Mobile Usage.mkv,632de9ed55947761d56d4c6142a3cb1a1fe69d0b1a6d0e01a2e404c697962623,dfine_native,13700.0,unknown_object,0.6351,699.91,396.23,849.23,492.42,14363.2,149.32,96.19,1.552,False,,True,R-desk,12,evt_S-61_desk_work_surface_0001,243d4174c5ecf8e0,lap_bag_context,no_pose_observation,34560.0,1.33,,1,cam12/e1/v1,
phase4_smoke2,03.CCTV Mobile Usage.mkv,632de9ed55947761d56d4c6142a3cb1a1fe69d0b1a6d0e01a2e404c697962623,dfine_native,13700.0,keyboard,0.4275,802.46,396.23,870.9,420.71,1675.4,68.44,24.48,2.796,False,,True,R-desk,12,evt_S-61_desk_work_surface_0001,243d4174c5ecf8e0,lap_bag_context,no_pose_observation,34560.0,1.33,,1,cam12/e1/v1,
phase4_smoke2,03.CCTV Mobile Usage.mkv,632de9ed55947761d56d4c6142a3cb1a1fe69d0b1a6d0e01a2e404c697962623,dfine_native,13700.0,unknown_object,0.3122,736.53,395.62,1140.46,491.18,38597.9,403.92,95.56,4.227,False,,True,R-desk,12,evt_S-61_desk_work_surface_0001,243d4174c5ecf8e0,lap_bag_context,no_pose_observation,34560.0,1.33,,1,cam12/e1/v1,
phase4_smoke2,03.CCTV Mobile Usage.mkv,632de9ed55947761d56d4c6142a3cb1a1fe69d0b1a6d0e01a2e404c697962623,dfine_native,13700.0,monitor_or_bezel,0.3911,1019.66,395.52,1145.07,446.54,6398.2,125.4,51.02,2.458,False,,True,R-desk,12,evt_S-61_desk_work_surface_0001,243d4174c5ecf8e0,lap_bag_context,no_pose_observation,34560.0,1.33,,1,cam12/e1/v1,
phase4_smoke2,03.CCTV Mobile Usage.mkv,632de9ed55947761d56d4c6142a3cb1a1fe69d0b1a6d0e01a2e404c697962623,dfine_native,13700.0,monitor_or_bezel,0.3285,1013.36,395.62,1146.34,488.38,12335.5,132.98,92.76,1.434,False,,True,R-desk,12,evt_S-61_desk_work_surface_0001,243d4174c5ecf8e0,lap_bag_context,no_pose_observation,34560.0,1.33,,1,cam12/e1/v1,
phase4_smoke2,03.CCTV Mobile Usage.mkv,632de9ed55947761d56d4c6142a3cb1a1fe69d0b1a6d0e01a2e404c697962623,dfine_native,13700.0,unknown_object,0.4047,699.97,396.23,757.44,491.07,5450.2,57.47,94.84,0.606,False,,True,R-desk,12,evt_S-61_desk_work_surface_0001,243d4174c5ecf8e0,lap_bag_context,no_pose_observation,34560.0,1.33,,1,cam12/e1/v1,
phase4_smoke2,03.CCTV Mobile Usage.mkv,632de9ed55947761d56d4c6142a3cb1a1fe69d0b1a6d0e01a2e404c697962623,dfine_native,13700.0,phone,0.2566,1042.72,421.48,1114.17,474.32,3775.7,71.45,52.84,1.352,False,,True,R-desk,12,evt_S-61_desk_work_surface_0001,243d4174c5ecf8e0,lap_bag_context,no_pose_observation,34560.0,1.33,,1,cam12/e1/v1,
phase4_smoke2,03.CCTV Mobile Usage.mkv,632de9ed55947761d56d4c6142a3cb1a1fe69d0b1a6d0e01a2e404c697962623,dfine_native,13700.0,monitor_or_bezel,0.4849,967.02,395.52,1146.46,490.68,17075.9,179.44,95.16,1.886,False,,True,R-desk,12,evt_S-61_desk_work_surface_0001,243d4174c5ecf8e0,lap_bag_context,no_pose_observation,34560.0,1.33,,1,cam12/e1/v1,
phase4_smoke2,03.CCTV Mobile Usage.mkv,632de9ed55947761d56d4c6142a3cb1a1fe69d0b1a6d0e01a2e404c697962623,dfine_native,13700.0,mouse,0.5281,865.29,413.83,892.11,435.3,576.1,26.82,21.48,1.249,False,,True,R-desk,12,evt_S-61_desk_work_surface_0001,243d4174c5ecf8e0,lap_bag_context,no_pose_observation,34560.0,1.33,,1,cam12/e1/v1,
phase4_smoke2,03.CCTV Mobile Usage.mkv,632de9ed55947761d56d4c6142a3cb1a1fe69d0b1a6d0e01a2e404c697962623,dfine_native,13700.0,mouse,0.2755,966.86,398.32,992.31,410.43,308.4,25.45,12.12,2.101,False,,True,R-desk,12,evt_S-61_desk_work_surface_0001,243d4174c5ecf8e0,lap_bag_context,no_pose_observation,34560.0,1.33,,1,cam12/e1/v1,
phase4_smoke2,03.CCTV Mobile Usage.mkv,632de9ed55947761d56d4c6142a3cb1a1fe69d0b1a6d0e01a2e404c697962623,dfine_native,13700.0,monitor_or_bezel,0.2843,967.27,395.4,1146.3,490.87,17092.1,179.03,95.47,1.875,False,,True,R-desk,12,evt_S-61_desk_work_surface_0001,243d4174c5ecf8e0,lap_bag_context,no_pose_observation,34560.0,1.33,,1,cam12/e1/v1,
phase4_smoke2,03.CCTV Mobile Usage.mkv,632de9ed55947761d56d4c6142a3cb1a1fe69d0b1a6d0e01a2e404c697962623,dfine_native,13700.0,monitor_or_bezel,0.3254,874.73,395.47,1146.41,491.41,26065.6,271.69,95.94,2.832,False,,True,R-desk,12,evt_S-61_desk_work_surface_0001,243d4174c5ecf8e0,lap_bag_context,no_pose_observation,34560.0,1.33,,1,cam12/e1/v1,
phase4_smoke2,03.CCTV Mobile Usage.mkv,632de9ed55947761d56d4c6142a3cb1a1fe69d0b1a6d0e01a2e404c697962623,dfine_native,13700.0,unknown_object,0.3076,699.93,396.15,779.19,492.48,7635.6,79.26,96.34,0.823,False,,True,R-desk,12,evt_S-61_desk_work_surface_0001,243d4174c5ecf8e0,lap_bag_context,no_pose_observation,34560.0,1.33,,1,cam12/e1/v1,
phase4_smoke2,03.CCTV Mobile Usage.mkv,632de9ed55947761d56d4c6142a3cb1a1fe69d0b1a6d0e01a2e404c697962623,dfine_native,13700.0,keyboard,0.8943,962.1,451.9,1067.92,491.45,4185.3,105.83,39.55,2.676,False,,True,R-desk,14,evt_S-61_upper_body_0015,243d4174c5ecf8e0,lap_bag_context,no_pose_observation,34560.0,1.33,,1,cam12/e1/v1,
phase4_smoke2,03.CCTV Mobile Usage.mkv,632de9ed55947761d56d4c6142a3cb1a1fe69d0b1a6d0e01a2e404c697962623,dfine_native,13700.0,unknown_object,0.6351,699.91,396.23,849.23,492.42,14363.2,149.32,96.19,1.552,False,,True,R-desk,14,evt_S-61_upper_body_0015,243d4174c5ecf8e0,lap_bag_context,no_pose_observation,34560.0,1.33,,1,cam12/e1/v1,
phase4_smoke2,03.CCTV Mobile Usage.mkv,632de9ed55947761d56d4c6142a3cb1a1fe69d0b1a6d0e01a2e404c697962623,dfine_native,13700.0,keyboard,0.4275,802.46,396.23,870.9,420.71,1675.4,68.44,24.48,2.796,False,,True,R-desk,14,evt_S-61_upper_body_0015,243d4174c5ecf8e0,lap_bag_context,no_pose_observation,34560.0,1.33,,1,cam12/e1/v1,
phase4_smoke2,03.CCTV Mobile Usage.mkv,632de9ed55947761d56d4c6142a3cb1a1fe69d0b1a6d0e01a2e404c697962623,dfine_native,13700.0,unknown_object,0.3122,736.53,395.62,1140.46,491.18,38597.9,403.92,95.56,4.227,False,,True,R-desk,14,evt_S-61_upper_body_0015,243d4174c5ecf8e0,lap_bag_context,no_pose_observation,34560.0,1.33,,1,cam12/e1/v1,
phase4_smoke2,03.CCTV Mobile Usage.mkv,632de9ed55947761d56d4c6142a3cb1a1fe69d0b1a6d0e01a2e404c697962623,dfine_native,13700.0,monitor_or_bezel,0.3911,1019.66,395.52,1145.07,446.54,6398.2,125.4,51.02,2.458,False,,True,R-desk,14,evt_S-61_upper_body_0015,243d4174c5ecf8e0,lap_bag_context,no_pose_observation,34560.0,1.33,,1,cam12/e1/v1,
phase4_smoke2,03.CCTV Mobile Usage.mkv,632de9ed55947761d56d4c6142a3cb1a1fe69d0b1a6d0e01a2e404c697962623,dfine_native,13700.0,monitor_or_bezel,0.3285,1013.36,395.62,1146.34,488.38,12335.5,132.98,92.76,1.434,False,,True,R-desk,14,evt_S-61_upper_body_0015,243d4174c5ecf8e0,lap_bag_context,no_pose_observation,34560.0,1.33,,1,cam12/e1/v1,
phase4_smoke2,03.CCTV Mobile Usage.mkv,632de9ed55947761d56d4c6142a3cb1a1fe69d0b1a6d0e01a2e404c697962623,dfine_native,13700.0,unknown_object,0.4047,699.97,396.23,757.44,491.07,5450.2,57.47,94.84,0.606,False,,True,R-desk,14,evt_S-61_upper_body_0015,243d4174c5ecf8e0,lap_bag_context,no_pose_observation,34560.0,1.33,,1,cam12/e1/v1,
phase4_smoke2,03.CCTV Mobile Usage.mkv,632de9ed55947761d56d4c6142a3cb1a1fe69d0b1a6d0e01a2e404c697962623,dfine_native,13700.0,phone,0.2566,1042.72,421.48,1114.17,474.32,3775.7,71.45,52.84,1.352,False,,True,R-desk,14,evt_S-61_upper_body_0015,243d4174c5ecf8e0,lap_bag_context,no_pose_observation,34560.0,1.33,,1,cam12/e1/v1,
phase4_smoke2,03.CCTV Mobile Usage.mkv,632de9ed55947761d56d4c6142a3cb1a1fe69d0b1a6d0e01a2e404c697962623,dfine_native,13700.0,monitor_or_bezel,0.4849,967.02,395.52,1146.46,490.68,17075.9,179.44,95.16,1.886,False,,True,R-desk,14,evt_S-61_upper_body_0015,243d4174c5ecf8e0,lap_bag_context,no_pose_observation,34560.0,1.33,,1,cam12/e1/v1,
phase4_smoke2,03.CCTV Mobile Usage.mkv,632de9ed55947761d56d4c6142a3cb1a1fe69d0b1a6d0e01a2e404c697962623,dfine_native,13700.0,mouse,0.5281,865.29,413.83,892.11,435.3,576.1,26.82,21.48,1.249,False,,True,R-desk,14,evt_S-61_upper_body_0015,243d4174c5ecf8e0,lap_bag_context,no_pose_observation,34560.0,1.33,,1,cam12/e1/v1,
phase4_smoke2,03.CCTV Mobile Usage.mkv,632de9ed55947761d56d4c6142a3cb1a1fe69d0b1a6d0e01a2e404c697962623,dfine_native,13700.0,mouse,0.2755,966.86,398.32,992.31,410.43,308.4,25.45,12.12,2.101,False,,True,R-desk,14,evt_S-61_upper_body_0015,243d4174c5ecf8e0,lap_bag_context,no_pose_observation,34560.0,1.33,,1,cam12/e1/v1,
phase4_smoke2,03.CCTV Mobile Usage.mkv,632de9ed55947761d56d4c6142a3cb1a1fe69d0b1a6d0e01a2e404c697962623,dfine_native,13700.0,monitor_or_bezel,0.2843,967.27,395.4,1146.3,490.87,17092.1,179.03,95.47,1.875,False,,True,R-desk,14,evt_S-61_upper_body_0015,243d4174c5ecf8e0,lap_bag_context,no_pose_observation,34560.0,1.33,,1,cam12/e1/v1,
phase4_smoke2,03.CCTV Mobile Usage.mkv,632de9ed55947761d56d4c6142a3cb1a1fe69d0b1a6d0e01a2e404c697962623,dfine_native,13700.0,monitor_or_bezel,0.3254,874.73,395.47,1146.41,491.41,26065.6,271.69,95.94,2.832,False,,True,R-desk,14,evt_S-61_upper_body_0015,243d4174c5ecf8e0,lap_bag_context,no_pose_observation,34560.0,1.33,,1,cam12/e1/v1,
phase4_smoke2,03.CCTV Mobile Usage.mkv,632de9ed55947761d56d4c6142a3cb1a1fe69d0b1a6d0e01a2e404c697962623,dfine_native,13700.0,unknown_object,0.3076,699.93,396.15,779.19,492.48,7635.6,79.26,96.34,0.823,False,,True,R-desk,14,evt_S-61_upper_body_0015,243d4174c5ecf8e0,lap_bag_context,no_pose_observation,34560.0,1.33,,1,cam12/e1/v1,
phase4_smoke2,03.CCTV Mobile Usage.mkv,632de9ed55947761d56d4c6142a3cb1a1fe69d0b1a6d0e01a2e404c697962623,dfine_native,13700.0,unknown_object,0.448,0.34,254.1,45.11,306.08,2327.2,44.77,51.98,0.861,False,,True,S-61,2,evt_S-61_desk_work_surface_0001,843ac0bd3ddb8743,pose_hand_context,,44783.0,3.02,,1,cam12/e1/v1,rtmpose_baseline
phase4_smoke2,03.CCTV Mobile Usage.mkv,632de9ed55947761d56d4c6142a3cb1a1fe69d0b1a6d0e01a2e404c697962623,dfine_native,13700.0,unknown_object,0.4153,-0.16,278.33,84.97,421.88,12220.0,85.13,143.55,0.593,False,,True,S-61,2,evt_S-61_desk_work_surface_0001,843ac0bd3ddb8743,pose_hand_context,,44783.0,3.02,,1,cam12/e1/v1,rtmpose_baseline
phase4_smoke2,03.CCTV Mobile Usage.mkv,632de9ed55947761d56d4c6142a3cb1a1fe69d0b1a6d0e01a2e404c697962623,dfine_native,13700.0,unknown_object,0.317,100.52,266.27,210.65,420.55,16990.1,110.13,154.28,0.714,False,,True,S-61,2,evt_S-61_desk_work_surface_0001,843ac0bd3ddb8743,pose_hand_context,,44783.0,3.02,,1,cam12/e1/v1,rtmpose_baseline
phase4_smoke2,03.CCTV Mobile Usage.mkv,632de9ed55947761d56d4c6142a3cb1a1fe69d0b1a6d0e01a2e404c697962623,dfine_native,13700.0,unknown_object,0.3091,105.15,323.16,210.36,420.12,10200.6,105.21,96.96,1.085,False,,True,S-61,2,evt_S-61_desk_work_surface_0001,843ac0bd3ddb8743,pose_hand_context,,44783.0,3.02,,1,cam12/e1/v1,rtmpose_baseline
phase4_smoke2,03.CCTV Mobile Usage.mkv,632de9ed55947761d56d4c6142a3cb1a1fe69d0b1a6d0e01a2e404c697962623,dfine_native,13700.0,unknown_object,0.2514,78.56,323.07,210.57,422.04,13065.9,132.01,98.98,1.334,False,,True,S-61,2,evt_S-61_desk_work_surface_0001,843ac0bd3ddb8743,pose_hand_context,,44783.0,3.02,,1,cam12/e1/v1,rtmpose_baseline
phase4_smoke2,03.CCTV Mobile Usage.mkv,632de9ed55947761d56d4c6142a3cb1a1fe69d0b1a6d0e01a2e404c697962623,dfine_native,13700.0,unknown_object,0.3157,76.32,267.09,210.79,421.73,20794.9,134.47,154.64,0.87,False,,True,S-61,2,evt_S-61_desk_work_surface_0001,843ac0bd3ddb8743,pose_hand_context,,44783.0,3.02,,1,cam12/e1/v1,rtmpose_baseline
phase4_smoke2,03.CCTV Mobile Usage.mkv,632de9ed55947761d56d4c6142a3cb1a1fe69d0b1a6d0e01a2e404c697962623,dfine_native,13700.0,unknown_object,0.3306,0.04,254.9,210.74,421.83,35171.2,210.7,166.93,1.262,False,,True,S-61,2,evt_S-61_desk_work_surface_0001,843ac0bd3ddb8743,pose_hand_context,,44783.0,3.02,,1,cam12/e1/v1,rtmpose_baseline
phase4_smoke2,03.CCTV Mobile Usage.mkv,632de9ed55947761d56d4c6142a3cb1a1fe69d0b1a6d0e01a2e404c697962623,dfine_native,13700.0,unknown_object,0.3236,0.1,278.96,210.7,421.91,30105.6,210.61,142.95,1.473,False,,True,S-61,2,evt_S-61_desk_work_surface_0001,843ac0bd3ddb8743,pose_hand_context,,44783.0,3.02,,1,cam12/e1/v1,rtmpose_baseline
phase4_smoke2,03.CCTV Mobile Usage.mkv,632de9ed55947761d56d4c6142a3cb1a1fe69d0b1a6d0e01a2e404c697962623,dfine_native,13700.0,unknown_object,0.2627,0.71,254.35,122.88,387.17,16225.9,122.16,132.82,0.92,False,,True,S-61,2,evt_S-61_desk_work_surface_0001,843ac0bd3ddb8743,pose_hand_context,,44783.0,3.02,,1,cam12/e1/v1,rtmpose_baseline
phase4_smoke2,03.CCTV Mobile Usage.mkv,632de9ed55947761d56d4c6142a3cb1a1fe69d0b1a6d0e01a2e404c697962623,dfine_native,13700.0,unknown_object,0.448,0.34,254.1,45.11,306.08,2327.2,44.77,51.98,0.861,False,,True,S-61,6,evt_S-61_upper_body_0015,843ac0bd3ddb8743,pose_hand_context,,44783.0,3.02,,1,cam12/e1/v1,rtmpose_baseline
phase4_smoke2,03.CCTV Mobile Usage.mkv,632de9ed55947761d56d4c6142a3cb1a1fe69d0b1a6d0e01a2e404c697962623,dfine_native,13700.0,unknown_object,0.4153,-0.16,278.33,84.97,421.88,12220.0,85.13,143.55,0.593,False,,True,S-61,6,evt_S-61_upper_body_0015,843ac0bd3ddb8743,pose_hand_context,,44783.0,3.02,,1,cam12/e1/v1,rtmpose_baseline
phase4_smoke2,03.CCTV Mobile Usage.mkv,632de9ed55947761d56d4c6142a3cb1a1fe69d0b1a6d0e01a2e404c697962623,dfine_native,13700.0,unknown_object,0.317,100.52,266.27,210.65,420.55,16990.1,110.13,154.28,0.714,False,,True,S-61,6,evt_S-61_upper_body_0015,843ac0bd3ddb8743,pose_hand_context,,44783.0,3.02,,1,cam12/e1/v1,rtmpose_baseline
phase4_smoke2,03.CCTV Mobile Usage.mkv,632de9ed55947761d56d4c6142a3cb1a1fe69d0b1a6d0e01a2e404c697962623,dfine_native,13700.0,unknown_object,0.3091,105.15,323.16,210.36,420.12,10200.6,105.21,96.96,1.085,False,,True,S-61,6,evt_S-61_upper_body_0015,843ac0bd3ddb8743,pose_hand_context,,44783.0,3.02,,1,cam12/e1/v1,rtmpose_baseline
phase4_smoke2,03.CCTV Mobile Usage.mkv,632de9ed55947761d56d4c6142a3cb1a1fe69d0b1a6d0e01a2e404c697962623,dfine_native,13700.0,unknown_object,0.2514,78.56,323.07,210.57,422.04,13065.9,132.01,98.98,1.334,False,,True,S-61,6,evt_S-61_upper_body_0015,843ac0bd3ddb8743,pose_hand_context,,44783.0,3.02,,1,cam12/e1/v1,rtmpose_baseline
phase4_smoke2,03.CCTV Mobile Usage.mkv,632de9ed55947761d56d4c6142a3cb1a1fe69d0b1a6d0e01a2e404c697962623,dfine_native,13700.0,unknown_object,0.3157,76.32,267.09,210.79,421.73,20794.9,134.47,154.64,0.87,False,,True,S-61,6,evt_S-61_upper_body_0015,843ac0bd3ddb8743,pose_hand_context,,44783.0,3.02,,1,cam12/e1/v1,rtmpose_baseline
phase4_smoke2,03.CCTV Mobile Usage.mkv,632de9ed55947761d56d4c6142a3cb1a1fe69d0b1a6d0e01a2e404c697962623,dfine_native,13700.0,unknown_object,0.3306,0.04,254.9,210.74,421.83,35171.2,210.7,166.93,1.262,False,,True,S-61,6,evt_S-61_upper_body_0015,843ac0bd3ddb8743,pose_hand_context,,44783.0,3.02,,1,cam12/e1/v1,rtmpose_baseline
phase4_smoke2,03.CCTV Mobile Usage.mkv,632de9ed55947761d56d4c6142a3cb1a1fe69d0b1a6d0e01a2e404c697962623,dfine_native,13700.0,unknown_object,0.3236,0.1,278.96,210.7,421.91,30105.6,210.61,142.95,1.473,False,,True,S-61,6,evt_S-61_upper_body_0015,843ac0bd3ddb8743,pose_hand_context,,44783.0,3.02,,1,cam12/e1/v1,rtmpose_baseline
phase4_smoke2,03.CCTV Mobile Usage.mkv,632de9ed55947761d56d4c6142a3cb1a1fe69d0b1a6d0e01a2e404c697962623,dfine_native,13700.0,unknown_object,0.2627,0.71,254.35,122.88,387.17,16225.9,122.16,132.82,0.92,False,,True,S-61,6,evt_S-61_upper_body_0015,843ac0bd3ddb8743,pose_hand_context,,44783.0,3.02,,1,cam12/e1/v1,rtmpose_baseline
phase4_smoke2,03.CCTV Mobile Usage.mkv,632de9ed55947761d56d4c6142a3cb1a1fe69d0b1a6d0e01a2e404c697962623,dfine_native,13700.0,unknown_object,0.5722,7.96,493.85,204.72,567.96,14581.5,196.76,74.11,2.655,False,,True,S-61,1,evt_S-61_desk_work_surface_0001,96838b91a5af473a,pose_hand_context,,38722.4,3.25,,1,cam12/e1/v1,rtmpose_baseline
phase4_smoke2,03.CCTV Mobile Usage.mkv,632de9ed55947761d56d4c6142a3cb1a1fe69d0b1a6d0e01a2e404c697962623,dfine_native,13700.0,stationery,0.4846,43.14,443.47,72.21,471.07,802.4,29.07,27.6,1.053,False,,True,S-61,1,evt_S-61_desk_work_surface_0001,96838b91a5af473a,pose_hand_context,,38722.4,3.25,,1,cam12/e1/v1,rtmpose_baseline
phase4_smoke2,03.CCTV Mobile Usage.mkv,632de9ed55947761d56d4c6142a3cb1a1fe69d0b1a6d0e01a2e404c697962623,dfine_native,13700.0,stationery,0.3904,8.03,415.42,103.85,502.76,8368.7,95.81,87.34,1.097,False,,True,S-61,1,evt_S-61_desk_work_surface_0001,96838b91a5af473a,pose_hand_context,,38722.4,3.25,,1,cam12/e1/v1,rtmpose_baseline
phase4_smoke2,03.CCTV Mobile Usage.mkv,632de9ed55947761d56d4c6142a3cb1a1fe69d0b1a6d0e01a2e404c697962623,dfine_native,13700.0,stationery,0.2723,43.64,508.95,89.79,557.11,2223.0,46.15,48.17,0.958,False,,True,S-61,1,evt_S-61_desk_work_surface_0001,96838b91a5af473a,pose_hand_context,,38722.4,3.25,,1,cam12/e1/v1,rtmpose_baseline
phase4_smoke2,03.CCTV Mobile Usage.mkv,632de9ed55947761d56d4c6142a3cb1a1fe69d0b1a6d0e01a2e404c697962623,dfine_native,13700.0,unknown_object,0.3029,8.15,494.38,159.22,567.62,11064.2,151.06,73.24,2.063,False,,True,S-61,1,evt_S-61_desk_work_surface_0001,96838b91a5af473a,pose_hand_context,,38722.4,3.25,,1,cam12/e1/v1,rtmpose_baseline
phase4_smoke2,03.CCTV Mobile Usage.mkv,632de9ed55947761d56d4c6142a3cb1a1fe69d0b1a6d0e01a2e404c697962623,dfine_native,13700.0,unknown_object,0.3044,8.15,413.99,156.49,504.3,13395.9,148.34,90.3,1.643,False,,True,S-61,1,evt_S-61_desk_work_surface_0001,96838b91a5af473a,pose_hand_context,,38722.4,3.25,,1,cam12/e1/v1,rtmpose_baseline
phase4_smoke2,03.CCTV Mobile Usage.mkv,632de9ed55947761d56d4c6142a3cb1a1fe69d0b1a6d0e01a2e404c697962623,dfine_native,13700.0,unknown_object,0.5722,7.96,493.85,204.72,567.96,14581.5,196.76,74.11,2.655,False,,True,S-61,5,evt_S-61_upper_body_0015,96838b91a5af473a,pose_hand_context,,38722.4,3.25,,1,cam12/e1/v1,rtmpose_baseline
phase4_smoke2,03.CCTV Mobile Usage.mkv,632de9ed55947761d56d4c6142a3cb1a1fe69d0b1a6d0e01a2e404c697962623,dfine_native,13700.0,stationery,0.4846,43.14,443.47,72.21,471.07,802.4,29.07,27.6,1.053,False,,True,S-61,5,evt_S-61_upper_body_0015,96838b91a5af473a,pose_hand_context,,38722.4,3.25,,1,cam12/e1/v1,rtmpose_baseline
phase4_smoke2,03.CCTV Mobile Usage.mkv,632de9ed55947761d56d4c6142a3cb1a1fe69d0b1a6d0e01a2e404c697962623,dfine_native,13700.0,stationery,0.3904,8.03,415.42,103.85,502.76,8368.7,95.81,87.34,1.097,False,,True,S-61,5,evt_S-61_upper_body_0015,96838b91a5af473a,pose_hand_context,,38722.4,3.25,,1,cam12/e1/v1,rtmpose_baseline
phase4_smoke2,03.CCTV Mobile Usage.mkv,632de9ed55947761d56d4c6142a3cb1a1fe69d0b1a6d0e01a2e404c697962623,dfine_native,13700.0,stationery,0.2723,43.64,508.95,89.79,557.11,2223.0,46.15,48.17,0.958,False,,True,S-61,5,evt_S-61_upper_body_0015,96838b91a5af473a,pose_hand_context,,38722.4,3.25,,1,cam12/e1/v1,rtmpose_baseline
phase4_smoke2,03.CCTV Mobile Usage.mkv,632de9ed55947761d56d4c6142a3cb1a1fe69d0b1a6d0e01a2e404c697962623,dfine_native,13700.0,unknown_object,0.3029,8.15,494.38,159.22,567.62,11064.2,151.06,73.24,2.063,False,,True,S-61,5,evt_S-61_upper_body_0015,96838b91a5af473a,pose_hand_context,,38722.4,3.25,,1,cam12/e1/v1,rtmpose_baseline
phase4_smoke2,03.CCTV Mobile Usage.mkv,632de9ed55947761d56d4c6142a3cb1a1fe69d0b1a6d0e01a2e404c697962623,dfine_native,13700.0,unknown_object,0.3044,8.15,413.99,156.49,504.3,13395.9,148.34,90.3,1.643,False,,True,S-61,5,evt_S-61_upper_body_0015,96838b91a5af473a,pose_hand_context,,38722.4,3.25,,1,cam12/e1/v1,rtmpose_baseline
phase4_smoke2,03.CCTV Mobile Usage.mkv,632de9ed55947761d56d4c6142a3cb1a1fe69d0b1a6d0e01a2e404c697962623,dfine_native,41183.0,unknown_object,0.3097,190.05,165.8,232.31,198.42,1378.4,42.25,32.62,1.295,False,,True,S-61,16,evt_S-61_desk_work_surface_0002,0732a167cd42c65f,pose_hand_context,,2304.0,13.33,,1,cam12/e1/v1,rtmpose_baseline
phase4_smoke2,03.CCTV Mobile Usage.mkv,632de9ed55947761d56d4c6142a3cb1a1fe69d0b1a6d0e01a2e404c697962623,dfine_native,41183.0,unknown_object,0.2872,175.28,165.64,232.25,224.81,3371.2,56.97,59.18,0.963,False,,True,S-61,16,evt_S-61_desk_work_surface_0002,0732a167cd42c65f,pose_hand_context,,2304.0,13.33,,1,cam12/e1/v1,rtmpose_baseline
phase4_smoke2,03.CCTV Mobile Usage.mkv,632de9ed55947761d56d4c6142a3cb1a1fe69d0b1a6d0e01a2e404c697962623,dfine_native,41183.0,stationery,0.293,190.38,165.97,232.32,193.07,1136.5,41.94,27.1,1.547,False,,True,S-61,16,evt_S-61_desk_work_surface_0002,0732a167cd42c65f,pose_hand_context,,2304.0,13.33,,1,cam12/e1/v1,rtmpose_baseline
phase4_smoke2,03.CCTV Mobile Usage.mkv,632de9ed55947761d56d4c6142a3cb1a1fe69d0b1a6d0e01a2e404c697962623,dfine_native,41183.0,unknown_object,0.2606,189.69,165.7,232.27,224.71,2512.7,42.58,59.01,0.722,False,,True,S-61,16,evt_S-61_desk_work_surface_0002,0732a167cd42c65f,pose_hand_context,,2304.0,13.33,,1,cam12/e1/v1,rtmpose_baseline
phase4_smoke2,03.CCTV Mobile Usage.mkv,632de9ed55947761d56d4c6142a3cb1a1fe69d0b1a6d0e01a2e404c697962623,dfine_native,41183.0,unknown_object,0.2627,175.02,191.04,225.08,224.87,1693.4,50.06,33.82,1.48,False,,True,S-61,16,evt_S-61_desk_work_surface_0002,0732a167cd42c65f,pose_hand_context,,2304.0,13.33,,1,cam12/e1/v1,rtmpose_baseline
phase4_smoke2,03.CCTV Mobile Usage.mkv,632de9ed55947761d56d4c6142a3cb1a1fe69d0b1a6d0e01a2e404c697962623,dfine_native,41183.0,unknown_object,0.3259,11.92,448.07,152.86,520.55,10215.1,140.93,72.48,1.944,False,,True,S-61,15,evt_S-61_desk_work_surface_0002,25dbd0c1ca232cd5,pose_hand_context,,29097.5,3.75,,1,cam12/e1/v1,rtmpose_baseline
phase4_smoke2,03.CCTV Mobile Usage.mkv,632de9ed55947761d56d4c6142a3cb1a1fe69d0b1a6d0e01a2e404c697962623,dfine_native,42183.0,unknown_object,0.2594,19.04,357.23,177.02,514.29,24812.9,157.99,157.05,1.006,False,,True,S-61,15,evt_S-61_desk_work_surface_0002,0ed7f38a73807b8f,pose_hand_context,,24800.0,4.06,,1,cam12/e1/v1,rtmpose_baseline
phase4_smoke2,03.CCTV Mobile Usage.mkv,632de9ed55947761d56d4c6142a3cb1a1fe69d0b1a6d0e01a2e404c697962623,dfine_native,42183.0,stationery,0.2657,42.79,448.56,74.36,473.65,792.0,31.57,25.09,1.258,False,,True,S-61,15,evt_S-61_desk_work_surface_0002,0ed7f38a73807b8f,pose_hand_context,,24800.0,4.06,,1,cam12/e1/v1,rtmpose_baseline
phase4_smoke2,03.CCTV Mobile Usage.mkv,632de9ed55947761d56d4c6142a3cb1a1fe69d0b1a6d0e01a2e404c697962623,dfine_native,43683.0,unknown_object,0.3907,-0.31,449.2,169.43,538.57,15170.6,169.75,89.37,1.899,False,,True,S-61,15,evt_S-61_desk_work_surface_0002,5efd7307fa9f50a1,pose_hand_context,,41122.2,3.12,,1,cam12/e1/v1,rtmpose_baseline
phase4_smoke2,03.CCTV Mobile Usage.mkv,632de9ed55947761d56d4c6142a3cb1a1fe69d0b1a6d0e01a2e404c697962623,dfine_native,43683.0,unknown_object,0.3051,-0.17,345.39,170.51,538.19,32908.2,170.68,192.8,0.885,False,,True,S-61,15,evt_S-61_desk_work_surface_0002,5efd7307fa9f50a1,pose_hand_context,,41122.2,3.12,,1,cam12/e1/v1,rtmpose_baseline
phase4_smoke2,03.CCTV Mobile Usage.mkv,632de9ed55947761d56d4c6142a3cb1a1fe69d0b1a6d0e01a2e404c697962623,dfine_native,44183.0,unknown_object,0.28,-0.3,449.24,182.48,549.56,18337.9,182.78,100.33,1.822,False,,True,S-61,15,evt_S-61_desk_work_surface_0002,7c395881a5f1ef2d,pose_hand_context,,46926.0,2.85,,1,cam12/e1/v1,rtmpose_baseline
phase4_smoke2,03.CCTV Mobile Usage.mkv,632de9ed55947761d56d4c6142a3cb1a1fe69d0b1a6d0e01a2e404c697962623,dfine_native,44683.0,unknown_object,0.3008,-0.23,448.79,180.82,548.52,18056.6,181.05,99.73,1.815,False,,True,S-61,15,evt_S-61_desk_work_surface_0002,ae2e8aa515956444,pose_hand_context,,46745.9,2.87,,1,cam12/e1/v1,rtmpose_baseline
phase4_smoke2,03.CCTV Mobile Usage.mkv,632de9ed55947761d56d4c6142a3cb1a1fe69d0b1a6d0e01a2e404c697962623,dfine_native,44683.0,unknown_object,0.252,-0.0,342.6,180.37,548.08,37061.2,180.37,205.48,0.878,False,,True,S-61,15,evt_S-61_desk_work_surface_0002,ae2e8aa515956444,pose_hand_context,,46745.9,2.87,,1,cam12/e1/v1,rtmpose_baseline
phase4_smoke2,03.CCTV Mobile Usage.mkv,632de9ed55947761d56d4c6142a3cb1a1fe69d0b1a6d0e01a2e404c697962623,dfine_native,45183.0,unknown_object,0.3441,-0.27,449.0,170.22,537.48,15084.5,170.5,88.47,1.927,False,,True,S-61,15,evt_S-61_desk_work_surface_0002,f3fd8c36fba179ee,pose_hand_context,,40231.3,3.16,,1,cam12/e1/v1,rtmpose_baseline
phase4_smoke2,03.CCTV Mobile Usage.mkv,632de9ed55947761d56d4c6142a3cb1a1fe69d0b1a6d0e01a2e404c697962623,dfine_sahi,9700.0,bag,0.4774,180.55,260.2,247.49,279.89,1318.6,66.94,19.7,3.398,False,,True,S-61,2,evt_S-61_desk_work_surface_0001,221f3c51e350e5d4,pose_hand_context,,17977.4,4.77,,1,cam12/e1/v1,rtmpose_baseline
phase4_smoke2,03.CCTV Mobile Usage.mkv,632de9ed55947761d56d4c6142a3cb1a1fe69d0b1a6d0e01a2e404c697962623,dfine_sahi,9700.0,unknown_object,0.4734,121.02,125.36,189.27,219.43,6418.9,68.24,94.06,0.726,False,,True,S-61,2,evt_S-61_desk_work_surface_0001,221f3c51e350e5d4,pose_hand_context,,17977.4,4.77,,1,cam12/e1/v1,rtmpose_baseline
phase4_smoke2,03.CCTV Mobile Usage.mkv,632de9ed55947761d56d4c6142a3cb1a1fe69d0b1a6d0e01a2e404c697962623,dfine_sahi,9700.0,unknown_object,0.4027,203.19,184.08,272.12,216.33,2222.9,68.93,32.25,2.137,False,,True,S-61,2,evt_S-61_desk_work_surface_0001,221f3c51e350e5d4,pose_hand_context,,17977.4,4.77,,1,cam12/e1/v1,rtmpose_baseline
phase4_smoke2,03.CCTV Mobile Usage.mkv,632de9ed55947761d56d4c6142a3cb1a1fe69d0b1a6d0e01a2e404c697962623,dfine_sahi,9700.0,monitor_or_bezel,0.3828,121.01,125.06,164.34,150.09,1084.3,43.33,25.03,1.731,False,,True,S-61,2,evt_S-61_desk_work_surface_0001,221f3c51e350e5d4,pose_hand_context,,17977.4,4.77,,1,cam12/e1/v1,rtmpose_baseline
phase4_smoke2,03.CCTV Mobile Usage.mkv,632de9ed55947761d56d4c6142a3cb1a1fe69d0b1a6d0e01a2e404c697962623,dfine_sahi,9700.0,unknown_object,0.3583,203.53,191.56,224.54,213.0,450.7,21.02,21.44,0.98,False,,True,S-61,2,evt_S-61_desk_work_surface_0001,221f3c51e350e5d4,pose_hand_context,,17977.4,4.77,,1,cam12/e1/v1,rtmpose_baseline
phase4_smoke2,03.CCTV Mobile Usage.mkv,632de9ed55947761d56d4c6142a3cb1a1fe69d0b1a6d0e01a2e404c697962623,dfine_sahi,9700.0,unknown_object,0.3504,190.18,201.26,208.79,264.56,1178.5,18.62,63.3,0.294,False,,True,S-61,2,evt_S-61_desk_work_surface_0001,221f3c51e350e5d4,pose_hand_context,,17977.4,4.77,,1,cam12/e1/v1,rtmpose_baseline
phase4_smoke2,03.CCTV Mobile Usage.mkv,632de9ed55947761d56d4c6142a3cb1a1fe69d0b1a6d0e01a2e404c697962623,dfine_sahi,9700.0,unknown_object,0.3363,190.66,125.13,216.96,203.1,2050.4,26.3,77.97,0.337,False,,True,S-61,2,evt_S-61_desk_work_surface_0001,221f3c51e350e5d4,pose_hand_context,,17977.4,4.77,,1,cam12/e1/v1,rtmpose_baseline
phase4_smoke2,03.CCTV Mobile Usage.mkv,632de9ed55947761d56d4c6142a3cb1a1fe69d0b1a6d0e01a2e404c697962623,dfine_sahi,9700.0,unknown_object,0.3292,158.48,187.9,181.62,208.97,487.6,23.14,21.07,1.098,False,,True,S-61,2,evt_S-61_desk_work_surface_0001,221f3c51e350e5d4,pose_hand_context,,17977.4,4.77,,1,cam12/e1/v1,rtmpose_baseline
phase4_smoke2,03.CCTV Mobile Usage.mkv,632de9ed55947761d56d4c6142a3cb1a1fe69d0b1a6d0e01a2e404c697962623,dfine_sahi,9700.0,unknown_object,0.2938,191.45,223.19,207.7,239.94,272.2,16.25,16.75,0.97,False,,True,S-61,2,evt_S-61_desk_work_surface_0001,221f3c51e350e5d4,pose_hand_context,,17977.4,4.77,,1,cam12/e1/v1,rtmpose_baseline
phase4_smoke2,03.CCTV Mobile Usage.mkv,632de9ed55947761d56d4c6142a3cb1a1fe69d0b1a6d0e01a2e404c697962623,dfine_sahi,9700.0,stationery,0.2724,203.21,169.66,265.51,216.53,2920.0,62.29,46.88,1.329,False,,True,S-61,2,evt_S-61_desk_work_surface_0001,221f3c51e350e5d4,pose_hand_context,,17977.4,4.77,,1,cam12/e1/v1,rtmpose_baseline
phase4_smoke2,03.CCTV Mobile Usage.mkv,632de9ed55947761d56d4c6142a3cb1a1fe69d0b1a6d0e01a2e404c697962623,dfine_sahi,9700.0,unknown_object,0.2627,121.09,190.72,216.99,220.91,2894.6,95.9,30.18,3.177,False,,True,S-61,2,evt_S-61_desk_work_surface_0001,221f3c51e350e5d4,pose_hand_context,,17977.4,4.77,,1,cam12/e1/v1,rtmpose_baseline
phase4_smoke2,03.CCTV Mobile Usage.mkv,632de9ed55947761d56d4c6142a3cb1a1fe69d0b1a6d0e01a2e404c697962623,dfine_sahi,9700.0,unknown_object,0.2621,190.21,191.7,208.59,220.59,531.2,18.38,28.89,0.636,False,,True,S-61,2,evt_S-61_desk_work_surface_0001,221f3c51e350e5d4,pose_hand_context,,17977.4,4.77,,1,cam12/e1/v1,rtmpose_baseline
phase4_smoke2,03.CCTV Mobile Usage.mkv,632de9ed55947761d56d4c6142a3cb1a1fe69d0b1a6d0e01a2e404c697962623,dfine_sahi,9700.0,unknown_object,0.2558,227.36,125.11,269.48,180.41,2329.3,42.12,55.3,0.762,False,,True,S-61,2,evt_S-61_desk_work_surface_0001,221f3c51e350e5d4,pose_hand_context,,17977.4,4.77,,1,cam12/e1/v1,rtmpose_baseline
phase4_smoke2,03.CCTV Mobile Usage.mkv,632de9ed55947761d56d4c6142a3cb1a1fe69d0b1a6d0e01a2e404c697962623,dfine_sahi,9700.0,bag,0.4774,180.55,260.2,247.49,279.89,1318.6,66.94,19.7,3.398,False,,True,S-61,6,evt_S-61_upper_body_0015,221f3c51e350e5d4,pose_hand_context,,17977.4,4.77,,1,cam12/e1/v1,rtmpose_baseline
phase4_smoke2,03.CCTV Mobile Usage.mkv,632de9ed55947761d56d4c6142a3cb1a1fe69d0b1a6d0e01a2e404c697962623,dfine_sahi,9700.0,unknown_object,0.4734,121.02,125.36,189.27,219.43,6418.9,68.24,94.06,0.726,False,,True,S-61,6,evt_S-61_upper_body_0015,221f3c51e350e5d4,pose_hand_context,,17977.4,4.77,,1,cam12/e1/v1,rtmpose_baseline
phase4_smoke2,03.CCTV Mobile Usage.mkv,632de9ed55947761d56d4c6142a3cb1a1fe69d0b1a6d0e01a2e404c697962623,dfine_sahi,9700.0,unknown_object,0.4027,203.19,184.08,272.12,216.33,2222.9,68.93,32.25,2.137,False,,True,S-61,6,evt_S-61_upper_body_0015,221f3c51e350e5d4,pose_hand_context,,17977.4,4.77,,1,cam12/e1/v1,rtmpose_baseline
phase4_smoke2,03.CCTV Mobile Usage.mkv,632de9ed55947761d56d4c6142a3cb1a1fe69d0b1a6d0e01a2e404c697962623,dfine_sahi,9700.0,monitor_or_bezel,0.3828,121.01,125.06,164.34,150.09,1084.3,43.33,25.03,1.731,False,,True,S-61,6,evt_S-61_upper_body_0015,221f3c51e350e5d4,pose_hand_context,,17977.4,4.77,,1,cam12/e1/v1,rtmpose_baseline
phase4_smoke2,03.CCTV Mobile Usage.mkv,632de9ed55947761d56d4c6142a3cb1a1fe69d0b1a6d0e01a2e404c697962623,dfine_sahi,9700.0,unknown_object,0.3583,203.53,191.56,224.54,213.0,450.7,21.02,21.44,0.98,False,,True,S-61,6,evt_S-61_upper_body_0015,221f3c51e350e5d4,pose_hand_context,,17977.4,4.77,,1,cam12/e1/v1,rtmpose_baseline
phase4_smoke2,03.CCTV Mobile Usage.mkv,632de9ed55947761d56d4c6142a3cb1a1fe69d0b1a6d0e01a2e404c697962623,dfine_sahi,9700.0,unknown_object,0.3504,190.18,201.26,208.79,264.56,1178.5,18.62,63.3,0.294,False,,True,S-61,6,evt_S-61_upper_body_0015,221f3c51e350e5d4,pose_hand_context,,17977.4,4.77,,1,cam12/e1/v1,rtmpose_baseline
phase4_smoke2,03.CCTV Mobile Usage.mkv,632de9ed55947761d56d4c6142a3cb1a1fe69d0b1a6d0e01a2e404c697962623,dfine_sahi,9700.0,unknown_object,0.3363,190.66,125.13,216.96,203.1,2050.4,26.3,77.97,0.337,False,,True,S-61,6,evt_S-61_upper_body_0015,221f3c51e350e5d4,pose_hand_context,,17977.4,4.77,,1,cam12/e1/v1,rtmpose_baseline
phase4_smoke2,03.CCTV Mobile Usage.mkv,632de9ed55947761d56d4c6142a3cb1a1fe69d0b1a6d0e01a2e404c697962623,dfine_sahi,9700.0,unknown_object,0.3292,158.48,187.9,181.62,208.97,487.6,23.14,21.07,1.098,False,,True,S-61,6,evt_S-61_upper_body_0015,221f3c51e350e5d4,pose_hand_context,,17977.4,4.77,,1,cam12/e1/v1,rtmpose_baseline
phase4_smoke2,03.CCTV Mobile Usage.mkv,632de9ed55947761d56d4c6142a3cb1a1fe69d0b1a6d0e01a2e404c697962623,dfine_sahi,9700.0,unknown_object,0.2938,191.45,223.19,207.7,239.94,272.2,16.25,16.75,0.97,False,,True,S-61,6,evt_S-61_upper_body_0015,221f3c51e350e5d4,pose_hand_context,,17977.4,4.77,,1,cam12/e1/v1,rtmpose_baseline
phase4_smoke2,03.CCTV Mobile Usage.mkv,632de9ed55947761d56d4c6142a3cb1a1fe69d0b1a6d0e01a2e404c697962623,dfine_sahi,9700.0,stationery,0.2724,203.21,169.66,265.51,216.53,2920.0,62.29,46.88,1.329,False,,True,S-61,6,evt_S-61_upper_body_0015,221f3c51e350e5d4,pose_hand_context,,17977.4,4.77,,1,cam12/e1/v1,rtmpose_baseline
phase4_smoke2,03.CCTV Mobile Usage.mkv,632de9ed55947761d56d4c6142a3cb1a1fe69d0b1a6d0e01a2e404c697962623,dfine_sahi,9700.0,unknown_object,0.2627,121.09,190.72,216.99,220.91,2894.6,95.9,30.18,3.177,False,,True,S-61,6,evt_S-61_upper_body_0015,221f3c51e350e5d4,pose_hand_context,,17977.4,4.77,,1,cam12/e1/v1,rtmpose_baseline
phase4_smoke2,03.CCTV Mobile Usage.mkv,632de9ed55947761d56d4c6142a3cb1a1fe69d0b1a6d0e01a2e404c697962623,dfine_sahi,9700.0,unknown_object,0.2621,190.21,191.7,208.59,220.59,531.2,18.38,28.89,0.636,False,,True,S-61,6,evt_S-61_upper_body_0015,221f3c51e350e5d4,pose_hand_context,,17977.4,4.77,,1,cam12/e1/v1,rtmpose_baseline
phase4_smoke2,03.CCTV Mobile Usage.mkv,632de9ed55947761d56d4c6142a3cb1a1fe69d0b1a6d0e01a2e404c697962623,dfine_sahi,9700.0,unknown_object,0.2558,227.36,125.11,269.48,180.41,2329.3,42.12,55.3,0.762,False,,True,S-61,6,evt_S-61_upper_body_0015,221f3c51e350e5d4,pose_hand_context,,17977.4,4.77,,1,cam12/e1/v1,rtmpose_baseline
phase4_smoke2,03.CCTV Mobile Usage.mkv,632de9ed55947761d56d4c6142a3cb1a1fe69d0b1a6d0e01a2e404c697962623,dfine_sahi,9700.0,keyboard,0.9035,962.11,451.94,1068.0,491.44,4182.8,105.88,39.5,2.68,False,,True,R-desk,3,evt_S-61_desk_work_surface_0001,aa2a91065abbd7fe,lap_bag_context,no_pose_observation,34560.0,1.33,,1,cam12/e1/v1,
phase4_smoke2,03.CCTV Mobile Usage.mkv,632de9ed55947761d56d4c6142a3cb1a1fe69d0b1a6d0e01a2e404c697962623,dfine_sahi,9700.0,monitor_or_bezel,0.7337,910.07,411.23,1140.98,506.33,21958.7,230.91,95.1,2.428,False,,True,R-desk,3,evt_S-61_desk_work_surface_0001,aa2a91065abbd7fe,lap_bag_context,no_pose_observation,34560.0,1.33,,1,cam12/e1/v1,
phase4_smoke2,03.CCTV Mobile Usage.mkv,632de9ed55947761d56d4c6142a3cb1a1fe69d0b1a6d0e01a2e404c697962623,dfine_sahi,9700.0,phone,0.6948,1043.44,421.36,1112.88,474.29,3675.6,69.44,52.93,1.312,False,,True,R-desk,3,evt_S-61_desk_work_surface_0001,aa2a91065abbd7fe,lap_bag_context,no_pose_observation,34560.0,1.33,,1,cam12/e1/v1,
phase4_smoke2,03.CCTV Mobile Usage.mkv,632de9ed55947761d56d4c6142a3cb1a1fe69d0b1a6d0e01a2e404c697962623,dfine_sahi,9700.0,monitor_or_bezel,0.6863,963.26,380.45,1152.65,474.95,17898.4,189.39,94.5,2.004,False,,True,R-desk,3,evt_S-61_desk_work_surface_0001,aa2a91065abbd7fe,lap_bag_context,no_pose_observation,34560.0,1.33,,1,cam12/e1/v1,
phase4_smoke2,03.CCTV Mobile Usage.mkv,632de9ed55947761d56d4c6142a3cb1a1fe69d0b1a6d0e01a2e404c697962623,dfine_sahi,9700.0,keyboard,0.6478,962.83,452.29,1034.66,475.54,1669.9,71.82,23.25,3.089,False,,True,R-desk,3,evt_S-61_desk_work_surface_0001,aa2a91065abbd7fe,lap_bag_context,no_pose_observation,34560.0,1.33,,1,cam12/e1/v1,
phase4_smoke2,03.CCTV Mobile Usage.mkv,632de9ed55947761d56d4c6142a3cb1a1fe69d0b1a6d0e01a2e404c697962623,dfine_sahi,9700.0,monitor_or_bezel,0.6474,709.36,379.91,969.63,474.88,24718.8,260.27,94.97,2.74,False,,True,R-desk,3,evt_S-61_desk_work_surface_0001,aa2a91065abbd7fe,lap_bag_context,no_pose_observation,34560.0,1.33,,1,cam12/e1/v1,
phase4_smoke2,03.CCTV Mobile Usage.mkv,632de9ed55947761d56d4c6142a3cb1a1fe69d0b1a6d0e01a2e404c697962623,dfine_sahi,9700.0,monitor_or_bezel,0.6032,1018.64,395.69,1145.25,447.3,6534.0,126.61,51.61,2.453,False,,True,R-desk,3,evt_S-61_desk_work_surface_0001,aa2a91065abbd7fe,lap_bag_context,no_pose_observation,34560.0,1.33,,1,cam12/e1/v1,
phase4_smoke2,03.CCTV Mobile Usage.mkv,632de9ed55947761d56d4c6142a3cb1a1fe69d0b1a6d0e01a2e404c697962623,dfine_sahi,9700.0,keyboard,0.5917,772.29,380.2,870.83,420.35,3956.6,98.54,40.15,2.454,False,,True,R-desk,3,evt_S-61_desk_work_surface_0001,aa2a91065abbd7fe,lap_bag_context,no_pose_observation,34560.0,1.33,,1,cam12/e1/v1,
phase4_smoke2,03.CCTV Mobile Usage.mkv,632de9ed55947761d56d4c6142a3cb1a1fe69d0b1a6d0e01a2e404c697962623,dfine_sahi,9700.0,unknown_object,0.5792,699.91,411.27,871.8,506.27,16329.4,171.9,95.0,1.81,False,,True,R-desk,3,evt_S-61_desk_work_surface_0001,aa2a91065abbd7fe,lap_bag_context,no_pose_observation,34560.0,1.33,,1,cam12/e1/v1,
phase4_smoke2,03.CCTV Mobile Usage.mkv,632de9ed55947761d56d4c6142a3cb1a1fe69d0b1a6d0e01a2e404c697962623,dfine_sahi,9700.0,mouse,0.5184,864.74,413.84,892.29,435.32,591.6,27.54,21.48,1.282,False,,True,R-desk,3,evt_S-61_desk_work_surface_0001,aa2a91065abbd7fe,lap_bag_context,no_pose_observation,34560.0,1.33,,1,cam12/e1/v1,
phase4_smoke2,03.CCTV Mobile Usage.mkv,632de9ed55947761d56d4c6142a3cb1a1fe69d0b1a6d0e01a2e404c697962623,dfine_sahi,9700.0,unknown_object,0.4968,769.11,410.99,969.85,505.83,19037.5,200.74,94.84,2.117,False,,True,R-desk,3,evt_S-61_desk_work_surface_0001,aa2a91065abbd7fe,lap_bag_context,no_pose_observation,34560.0,1.33,,1,cam12/e1/v1,
phase4_smoke2,03.CCTV Mobile Usage.mkv,632de9ed55947761d56d4c6142a3cb1a1fe69d0b1a6d0e01a2e404c697962623,dfine_sahi,9700.0,keyboard,0.4761,802.25,396.25,870.72,420.71,1674.8,68.47,24.46,2.799,False,,True,R-desk,3,evt_S-61_desk_work_surface_0001,aa2a91065abbd7fe,lap_bag_context,no_pose_observation,34560.0,1.33,,1,cam12/e1/v1,
phase4_smoke2,03.CCTV Mobile Usage.mkv,632de9ed55947761d56d4c6142a3cb1a1fe69d0b1a6d0e01a2e404c697962623,dfine_sahi,9700.0,unknown_object,0.3775,699.98,396.11,771.33,491.82,6829.3,71.35,95.71,0.746,False,,True,R-desk,3,evt_S-61_desk_work_surface_0001,aa2a91065abbd7fe,lap_bag_context,no_pose_observation,34560.0,1.33,,1,cam12/e1/v1,
phase4_smoke2,03.CCTV Mobile Usage.mkv,632de9ed55947761d56d4c6142a3cb1a1fe69d0b1a6d0e01a2e404c697962623,dfine_sahi,9700.0,keyboard,0.3239,910.12,411.73,1092.28,506.24,17216.6,182.16,94.51,1.927,False,,True,R-desk,3,evt_S-61_desk_work_surface_0001,aa2a91065abbd7fe,lap_bag_context,no_pose_observation,34560.0,1.33,,1,cam12/e1/v1,
phase4_smoke2,03.CCTV Mobile Usage.mkv,632de9ed55947761d56d4c6142a3cb1a1fe69d0b1a6d0e01a2e404c697962623,dfine_sahi,9700.0,unknown_object,0.2788,881.54,411.13,933.06,452.89,2151.5,51.52,41.76,1.234,False,,True,R-desk,3,evt_S-61_desk_work_surface_0001,aa2a91065abbd7fe,lap_bag_context,no_pose_observation,34560.0,1.33,,1,cam12/e1/v1,
phase4_smoke2,03.CCTV Mobile Usage.mkv,632de9ed55947761d56d4c6142a3cb1a1fe69d0b1a6d0e01a2e404c697962623,dfine_sahi,9700.0,mouse,0.278,967.15,398.42,992.01,410.59,302.6,24.86,12.17,2.042,False,,True,R-desk,3,evt_S-61_desk_work_surface_0001,aa2a91065abbd7fe,lap_bag_context,no_pose_observation,34560.0,1.33,,1,cam12/e1/v1,
phase4_smoke2,03.CCTV Mobile Usage.mkv,632de9ed55947761d56d4c6142a3cb1a1fe69d0b1a6d0e01a2e404c697962623,dfine_sahi,9700.0,unknown_object,0.2718,700.04,380.32,839.49,475.37,13253.4,139.45,95.04,1.467,False,,True,R-desk,3,evt_S-61_desk_work_surface_0001,aa2a91065abbd7fe,lap_bag_context,no_pose_observation,34560.0,1.33,,1,cam12/e1/v1,
phase4_smoke2,03.CCTV Mobile Usage.mkv,632de9ed55947761d56d4c6142a3cb1a1fe69d0b1a6d0e01a2e404c697962623,dfine_sahi,9700.0,monitor_or_bezel,0.2681,881.36,396.18,948.1,452.48,3757.9,66.74,56.3,1.185,False,,True,R-desk,3,evt_S-61_desk_work_surface_0001,aa2a91065abbd7fe,lap_bag_context,no_pose_observation,34560.0,1.33,,1,cam12/e1/v1,
phase4_smoke2,03.CCTV Mobile Usage.mkv,632de9ed55947761d56d4c6142a3cb1a1fe69d0b1a6d0e01a2e404c697962623,dfine_sahi,9700.0,mouse,0.2529,991.28,400.93,1028.29,413.57,467.7,37.01,12.63,2.929,False,,True,R-desk,3,evt_S-61_desk_work_surface_0001,aa2a91065abbd7fe,lap_bag_context,no_pose_observation,34560.0,1.33,,1,cam12/e1/v1,
phase4_smoke2,03.CCTV Mobile Usage.mkv,632de9ed55947761d56d4c6142a3cb1a1fe69d0b1a6d0e01a2e404c697962623,dfine_sahi,9700.0,keyboard,0.9035,962.11,451.94,1068.0,491.44,4182.8,105.88,39.5,2.68,False,,True,R-desk,7,evt_S-61_upper_body_0015,aa2a91065abbd7fe,lap_bag_context,no_pose_observation,34560.0,1.33,,1,cam12/e1/v1,
phase4_smoke2,03.CCTV Mobile Usage.mkv,632de9ed55947761d56d4c6142a3cb1a1fe69d0b1a6d0e01a2e404c697962623,dfine_sahi,9700.0,monitor_or_bezel,0.7337,910.07,411.23,1140.98,506.33,21958.7,230.91,95.1,2.428,False,,True,R-desk,7,evt_S-61_upper_body_0015,aa2a91065abbd7fe,lap_bag_context,no_pose_observation,34560.0,1.33,,1,cam12/e1/v1,
phase4_smoke2,03.CCTV Mobile Usage.mkv,632de9ed55947761d56d4c6142a3cb1a1fe69d0b1a6d0e01a2e404c697962623,dfine_sahi,9700.0,phone,0.6948,1043.44,421.36,1112.88,474.29,3675.6,69.44,52.93,1.312,False,,True,R-desk,7,evt_S-61_upper_body_0015,aa2a91065abbd7fe,lap_bag_context,no_pose_observation,34560.0,1.33,,1,cam12/e1/v1,
phase4_smoke2,03.CCTV Mobile Usage.mkv,632de9ed55947761d56d4c6142a3cb1a1fe69d0b1a6d0e01a2e404c697962623,dfine_sahi,9700.0,monitor_or_bezel,0.6863,963.26,380.45,1152.65,474.95,17898.4,189.39,94.5,2.004,False,,True,R-desk,7,evt_S-61_upper_body_0015,aa2a91065abbd7fe,lap_bag_context,no_pose_observation,34560.0,1.33,,1,cam12/e1/v1,
phase4_smoke2,03.CCTV Mobile Usage.mkv,632de9ed55947761d56d4c6142a3cb1a1fe69d0b1a6d0e01a2e404c697962623,dfine_sahi,9700.0,keyboard,0.6478,962.83,452.29,1034.66,475.54,1669.9,71.82,23.25,3.089,False,,True,R-desk,7,evt_S-61_upper_body_0015,aa2a91065abbd7fe,lap_bag_context,no_pose_observation,34560.0,1.33,,1,cam12/e1/v1,
phase4_smoke2,03.CCTV Mobile Usage.mkv,632de9ed55947761d56d4c6142a3cb1a1fe69d0b1a6d0e01a2e404c697962623,dfine_sahi,9700.0,monitor_or_bezel,0.6474,709.36,379.91,969.63,474.88,24718.8,260.27,94.97,2.74,False,,True,R-desk,7,evt_S-61_upper_body_0015,aa2a91065abbd7fe,lap_bag_context,no_pose_observation,34560.0,1.33,,1,cam12/e1/v1,
phase4_smoke2,03.CCTV Mobile Usage.mkv,632de9ed55947761d56d4c6142a3cb1a1fe69d0b1a6d0e01a2e404c697962623,dfine_sahi,9700.0,monitor_or_bezel,0.6032,1018.64,395.69,1145.25,447.3,6534.0,126.61,51.61,2.453,False,,True,R-desk,7,evt_S-61_upper_body_0015,aa2a91065abbd7fe,lap_bag_context,no_pose_observation,34560.0,1.33,,1,cam12/e1/v1,
phase4_smoke2,03.CCTV Mobile Usage.mkv,632de9ed55947761d56d4c6142a3cb1a1fe69d0b1a6d0e01a2e404c697962623,dfine_sahi,9700.0,keyboard,0.5917,772.29,380.2,870.83,420.35,3956.6,98.54,40.15,2.454,False,,True,R-desk,7,evt_S-61_upper_body_0015,aa2a91065abbd7fe,lap_bag_context,no_pose_observation,34560.0,1.33,,1,cam12/e1/v1,
phase4_smoke2,03.CCTV Mobile Usage.mkv,632de9ed55947761d56d4c6142a3cb1a1fe69d0b1a6d0e01a2e404c697962623,dfine_sahi,9700.0,unknown_object,0.5792,699.91,411.27,871.8,506.27,16329.4,171.9,95.0,1.81,False,,True,R-desk,7,evt_S-61_upper_body_0015,aa2a91065abbd7fe,lap_bag_context,no_pose_observation,34560.0,1.33,,1,cam12/e1/v1,
phase4_smoke2,03.CCTV Mobile Usage.mkv,632de9ed55947761d56d4c6142a3cb1a1fe69d0b1a6d0e01a2e404c697962623,dfine_sahi,9700.0,mouse,0.5184,864.74,413.84,892.29,435.32,591.6,27.54,21.48,1.282,False,,True,R-desk,7,evt_S-61_upper_body_0015,aa2a91065abbd7fe,lap_bag_context,no_pose_observation,34560.0,1.33,,1,cam12/e1/v1,
phase4_smoke2,03.CCTV Mobile Usage.mkv,632de9ed55947761d56d4c6142a3cb1a1fe69d0b1a6d0e01a2e404c697962623,dfine_sahi,9700.0,unknown_object,0.4968,769.11,410.99,969.85,505.83,19037.5,200.74,94.84,2.117,False,,True,R-desk,7,evt_S-61_upper_body_0015,aa2a91065abbd7fe,lap_bag_context,no_pose_observation,34560.0,1.33,,1,cam12/e1/v1,
phase4_smoke2,03.CCTV Mobile Usage.mkv,632de9ed55947761d56d4c6142a3cb1a1fe69d0b1a6d0e01a2e404c697962623,dfine_sahi,9700.0,keyboard,0.4761,802.25,396.25,870.72,420.71,1674.8,68.47,24.46,2.799,False,,True,R-desk,7,evt_S-61_upper_body_0015,aa2a91065abbd7fe,lap_bag_context,no_pose_observation,34560.0,1.33,,1,cam12/e1/v1,
phase4_smoke2,03.CCTV Mobile Usage.mkv,632de9ed55947761d56d4c6142a3cb1a1fe69d0b1a6d0e01a2e404c697962623,dfine_sahi,9700.0,unknown_object,0.3775,699.98,396.11,771.33,491.82,6829.3,71.35,95.71,0.746,False,,True,R-desk,7,evt_S-61_upper_body_0015,aa2a91065abbd7fe,lap_bag_context,no_pose_observation,34560.0,1.33,,1,cam12/e1/v1,
phase4_smoke2,03.CCTV Mobile Usage.mkv,632de9ed55947761d56d4c6142a3cb1a1fe69d0b1a6d0e01a2e404c697962623,dfine_sahi,9700.0,keyboard,0.3239,910.12,411.73,1092.28,506.24,17216.6,182.16,94.51,1.927,False,,True,R-desk,7,evt_S-61_upper_body_0015,aa2a91065abbd7fe,lap_bag_context,no_pose_observation,34560.0,1.33,,1,cam12/e1/v1,
phase4_smoke2,03.CCTV Mobile Usage.mkv,632de9ed55947761d56d4c6142a3cb1a1fe69d0b1a6d0e01a2e404c697962623,dfine_sahi,9700.0,unknown_object,0.2788,881.54,411.13,933.06,452.89,2151.5,51.52,41.76,1.234,False,,True,R-desk,7,evt_S-61_upper_body_0015,aa2a91065abbd7fe,lap_bag_context,no_pose_observation,34560.0,1.33,,1,cam12/e1/v1,
phase4_smoke2,03.CCTV Mobile Usage.mkv,632de9ed55947761d56d4c6142a3cb1a1fe69d0b1a6d0e01a2e404c697962623,dfine_sahi,9700.0,mouse,0.278,967.15,398.42,992.01,410.59,302.6,24.86,12.17,2.042,False,,True,R-desk,7,evt_S-61_upper_body_0015,aa2a91065abbd7fe,lap_bag_context,no_pose_observation,34560.0,1.33,,1,cam12/e1/v1,
phase4_smoke2,03.CCTV Mobile Usage.mkv,632de9ed55947761d56d4c6142a3cb1a1fe69d0b1a6d0e01a2e404c697962623,dfine_sahi,9700.0,unknown_object,0.2718,700.04,380.32,839.49,475.37,13253.4,139.45,95.04,1.467,False,,True,R-desk,7,evt_S-61_upper_body_0015,aa2a91065abbd7fe,lap_bag_context,no_pose_observation,34560.0,1.33,,1,cam12/e1/v1,
phase4_smoke2,03.CCTV Mobile Usage.mkv,632de9ed55947761d56d4c6142a3cb1a1fe69d0b1a6d0e01a2e404c697962623,dfine_sahi,9700.0,monitor_or_bezel,0.2681,881.36,396.18,948.1,452.48,3757.9,66.74,56.3,1.185,False,,True,R-desk,7,evt_S-61_upper_body_0015,aa2a91065abbd7fe,lap_bag_context,no_pose_observation,34560.0,1.33,,1,cam12/e1/v1,
phase4_smoke2,03.CCTV Mobile Usage.mkv,632de9ed55947761d56d4c6142a3cb1a1fe69d0b1a6d0e01a2e404c697962623,dfine_sahi,9700.0,mouse,0.2529,991.28,400.93,1028.29,413.57,467.7,37.01,12.63,2.929,False,,True,R-desk,7,evt_S-61_upper_body_0015,aa2a91065abbd7fe,lap_bag_context,no_pose_observation,34560.0,1.33,,1,cam12/e1/v1,
phase4_smoke2,03.CCTV Mobile Usage.mkv,632de9ed55947761d56d4c6142a3cb1a1fe69d0b1a6d0e01a2e404c697962623,dfine_sahi,9700.0,keyboard,0.9035,962.11,451.94,1068.0,491.44,4182.8,105.88,39.5,2.68,False,,True,R-desk,4,evt_S-61_desk_work_surface_0001,aa2a91065abbd7fe,lap_bag_context,no_pose_observation,34560.0,1.33,,1,cam12/e1/v1,
phase4_smoke2,03.CCTV Mobile Usage.mkv,632de9ed55947761d56d4c6142a3cb1a1fe69d0b1a6d0e01a2e404c697962623,dfine_sahi,9700.0,monitor_or_bezel,0.7337,910.07,411.23,1140.98,506.33,21958.7,230.91,95.1,2.428,False,,True,R-desk,4,evt_S-61_desk_work_surface_0001,aa2a91065abbd7fe,lap_bag_context,no_pose_observation,34560.0,1.33,,1,cam12/e1/v1,
phase4_smoke2,03.CCTV Mobile Usage.mkv,632de9ed55947761d56d4c6142a3cb1a1fe69d0b1a6d0e01a2e404c697962623,dfine_sahi,9700.0,phone,0.6948,1043.44,421.36,1112.88,474.29,3675.6,69.44,52.93,1.312,False,,True,R-desk,4,evt_S-61_desk_work_surface_0001,aa2a91065abbd7fe,lap_bag_context,no_pose_observation,34560.0,1.33,,1,cam12/e1/v1,
phase4_smoke2,03.CCTV Mobile Usage.mkv,632de9ed55947761d56d4c6142a3cb1a1fe69d0b1a6d0e01a2e404c697962623,dfine_sahi,9700.0,monitor_or_bezel,0.6863,963.26,380.45,1152.65,474.95,17898.4,189.39,94.5,2.004,False,,True,R-desk,4,evt_S-61_desk_work_surface_0001,aa2a91065abbd7fe,lap_bag_context,no_pose_observation,34560.0,1.33,,1,cam12/e1/v1,
phase4_smoke2,03.CCTV Mobile Usage.mkv,632de9ed55947761d56d4c6142a3cb1a1fe69d0b1a6d0e01a2e404c697962623,dfine_sahi,9700.0,keyboard,0.6478,962.83,452.29,1034.66,475.54,1669.9,71.82,23.25,3.089,False,,True,R-desk,4,evt_S-61_desk_work_surface_0001,aa2a91065abbd7fe,lap_bag_context,no_pose_observation,34560.0,1.33,,1,cam12/e1/v1,
phase4_smoke2,03.CCTV Mobile Usage.mkv,632de9ed55947761d56d4c6142a3cb1a1fe69d0b1a6d0e01a2e404c697962623,dfine_sahi,9700.0,monitor_or_bezel,0.6474,709.36,379.91,969.63,474.88,24718.8,260.27,94.97,2.74,False,,True,R-desk,4,evt_S-61_desk_work_surface_0001,aa2a91065abbd7fe,lap_bag_context,no_pose_observation,34560.0,1.33,,1,cam12/e1/v1,
phase4_smoke2,03.CCTV Mobile Usage.mkv,632de9ed55947761d56d4c6142a3cb1a1fe69d0b1a6d0e01a2e404c697962623,dfine_sahi,9700.0,monitor_or_bezel,0.6032,1018.64,395.69,1145.25,447.3,6534.0,126.61,51.61,2.453,False,,True,R-desk,4,evt_S-61_desk_work_surface_0001,aa2a91065abbd7fe,lap_bag_context,no_pose_observation,34560.0,1.33,,1,cam12/e1/v1,
phase4_smoke2,03.CCTV Mobile Usage.mkv,632de9ed55947761d56d4c6142a3cb1a1fe69d0b1a6d0e01a2e404c697962623,dfine_sahi,9700.0,keyboard,0.5917,772.29,380.2,870.83,420.35,3956.6,98.54,40.15,2.454,False,,True,R-desk,4,evt_S-61_desk_work_surface_0001,aa2a91065abbd7fe,lap_bag_context,no_pose_observation,34560.0,1.33,,1,cam12/e1/v1,
phase4_smoke2,03.CCTV Mobile Usage.mkv,632de9ed55947761d56d4c6142a3cb1a1fe69d0b1a6d0e01a2e404c697962623,dfine_sahi,9700.0,unknown_object,0.5792,699.91,411.27,871.8,506.27,16329.4,171.9,95.0,1.81,False,,True,R-desk,4,evt_S-61_desk_work_surface_0001,aa2a91065abbd7fe,lap_bag_context,no_pose_observation,34560.0,1.33,,1,cam12/e1/v1,
phase4_smoke2,03.CCTV Mobile Usage.mkv,632de9ed55947761d56d4c6142a3cb1a1fe69d0b1a6d0e01a2e404c697962623,dfine_sahi,9700.0,mouse,0.5184,864.74,413.84,892.29,435.32,591.6,27.54,21.48,1.282,False,,True,R-desk,4,evt_S-61_desk_work_surface_0001,aa2a91065abbd7fe,lap_bag_context,no_pose_observation,34560.0,1.33,,1,cam12/e1/v1,
phase4_smoke2,03.CCTV Mobile Usage.mkv,632de9ed55947761d56d4c6142a3cb1a1fe69d0b1a6d0e01a2e404c697962623,dfine_sahi,9700.0,unknown_object,0.4968,769.11,410.99,969.85,505.83,19037.5,200.74,94.84,2.117,False,,True,R-desk,4,evt_S-61_desk_work_surface_0001,aa2a91065abbd7fe,lap_bag_context,no_pose_observation,34560.0,1.33,,1,cam12/e1/v1,
phase4_smoke2,03.CCTV Mobile Usage.mkv,632de9ed55947761d56d4c6142a3cb1a1fe69d0b1a6d0e01a2e404c697962623,dfine_sahi,9700.0,keyboard,0.4761,802.25,396.25,870.72,420.71,1674.8,68.47,24.46,2.799,False,,True,R-desk,4,evt_S-61_desk_work_surface_0001,aa2a91065abbd7fe,lap_bag_context,no_pose_observation,34560.0,1.33,,1,cam12/e1/v1,
phase4_smoke2,03.CCTV Mobile Usage.mkv,632de9ed55947761d56d4c6142a3cb1a1fe69d0b1a6d0e01a2e404c697962623,dfine_sahi,9700.0,unknown_object,0.3775,699.98,396.11,771.33,491.82,6829.3,71.35,95.71,0.746,False,,True,R-desk,4,evt_S-61_desk_work_surface_0001,aa2a91065abbd7fe,lap_bag_context,no_pose_observation,34560.0,1.33,,1,cam12/e1/v1,
phase4_smoke2,03.CCTV Mobile Usage.mkv,632de9ed55947761d56d4c6142a3cb1a1fe69d0b1a6d0e01a2e404c697962623,dfine_sahi,9700.0,keyboard,0.3239,910.12,411.73,1092.28,506.24,17216.6,182.16,94.51,1.927,False,,True,R-desk,4,evt_S-61_desk_work_surface_0001,aa2a91065abbd7fe,lap_bag_context,no_pose_observation,34560.0,1.33,,1,cam12/e1/v1,
phase4_smoke2,03.CCTV Mobile Usage.mkv,632de9ed55947761d56d4c6142a3cb1a1fe69d0b1a6d0e01a2e404c697962623,dfine_sahi,9700.0,unknown_object,0.2788,881.54,411.13,933.06,452.89,2151.5,51.52,41.76,1.234,False,,True,R-desk,4,evt_S-61_desk_work_surface_0001,aa2a91065abbd7fe,lap_bag_context,no_pose_observation,34560.0,1.33,,1,cam12/e1/v1,
phase4_smoke2,03.CCTV Mobile Usage.mkv,632de9ed55947761d56d4c6142a3cb1a1fe69d0b1a6d0e01a2e404c697962623,dfine_sahi,9700.0,mouse,0.278,967.15,398.42,992.01,410.59,302.6,24.86,12.17,2.042,False,,True,R-desk,4,evt_S-61_desk_work_surface_0001,aa2a91065abbd7fe,lap_bag_context,no_pose_observation,34560.0,1.33,,1,cam12/e1/v1,
phase4_smoke2,03.CCTV Mobile Usage.mkv,632de9ed55947761d56d4c6142a3cb1a1fe69d0b1a6d0e01a2e404c697962623,dfine_sahi,9700.0,unknown_object,0.2718,700.04,380.32,839.49,475.37,13253.4,139.45,95.04,1.467,False,,True,R-desk,4,evt_S-61_desk_work_surface_0001,aa2a91065abbd7fe,lap_bag_context,no_pose_observation,34560.0,1.33,,1,cam12/e1/v1,
phase4_smoke2,03.CCTV Mobile Usage.mkv,632de9ed55947761d56d4c6142a3cb1a1fe69d0b1a6d0e01a2e404c697962623,dfine_sahi,9700.0,monitor_or_bezel,0.2681,881.36,396.18,948.1,452.48,3757.9,66.74,56.3,1.185,False,,True,R-desk,4,evt_S-61_desk_work_surface_0001,aa2a91065abbd7fe,lap_bag_context,no_pose_observation,34560.0,1.33,,1,cam12/e1/v1,
phase4_smoke2,03.CCTV Mobile Usage.mkv,632de9ed55947761d56d4c6142a3cb1a1fe69d0b1a6d0e01a2e404c697962623,dfine_sahi,9700.0,mouse,0.2529,991.28,400.93,1028.29,413.57,467.7,37.01,12.63,2.929,False,,True,R-desk,4,evt_S-61_desk_work_surface_0001,aa2a91065abbd7fe,lap_bag_context,no_pose_observation,34560.0,1.33,,1,cam12/e1/v1,
phase4_smoke2,03.CCTV Mobile Usage.mkv,632de9ed55947761d56d4c6142a3cb1a1fe69d0b1a6d0e01a2e404c697962623,dfine_sahi,9700.0,keyboard,0.9035,962.11,451.94,1068.0,491.44,4182.8,105.88,39.5,2.68,False,,True,R-desk,8,evt_S-61_upper_body_0015,aa2a91065abbd7fe,lap_bag_context,no_pose_observation,34560.0,1.33,,1,cam12/e1/v1,
phase4_smoke2,03.CCTV Mobile Usage.mkv,632de9ed55947761d56d4c6142a3cb1a1fe69d0b1a6d0e01a2e404c697962623,dfine_sahi,9700.0,monitor_or_bezel,0.7337,910.07,411.23,1140.98,506.33,21958.7,230.91,95.1,2.428,False,,True,R-desk,8,evt_S-61_upper_body_0015,aa2a91065abbd7fe,lap_bag_context,no_pose_observation,34560.0,1.33,,1,cam12/e1/v1,
phase4_smoke2,03.CCTV Mobile Usage.mkv,632de9ed55947761d56d4c6142a3cb1a1fe69d0b1a6d0e01a2e404c697962623,dfine_sahi,9700.0,phone,0.6948,1043.44,421.36,1112.88,474.29,3675.6,69.44,52.93,1.312,False,,True,R-desk,8,evt_S-61_upper_body_0015,aa2a91065abbd7fe,lap_bag_context,no_pose_observation,34560.0,1.33,,1,cam12/e1/v1,
phase4_smoke2,03.CCTV Mobile Usage.mkv,632de9ed55947761d56d4c6142a3cb1a1fe69d0b1a6d0e01a2e404c697962623,dfine_sahi,9700.0,monitor_or_bezel,0.6863,963.26,380.45,1152.65,474.95,17898.4,189.39,94.5,2.004,False,,True,R-desk,8,evt_S-61_upper_body_0015,aa2a91065abbd7fe,lap_bag_context,no_pose_observation,34560.0,1.33,,1,cam12/e1/v1,
phase4_smoke2,03.CCTV Mobile Usage.mkv,632de9ed55947761d56d4c6142a3cb1a1fe69d0b1a6d0e01a2e404c697962623,dfine_sahi,9700.0,keyboard,0.6478,962.83,452.29,1034.66,475.54,1669.9,71.82,23.25,3.089,False,,True,R-desk,8,evt_S-61_upper_body_0015,aa2a91065abbd7fe,lap_bag_context,no_pose_observation,34560.0,1.33,,1,cam12/e1/v1,
phase4_smoke2,03.CCTV Mobile Usage.mkv,632de9ed55947761d56d4c6142a3cb1a1fe69d0b1a6d0e01a2e404c697962623,dfine_sahi,9700.0,monitor_or_bezel,0.6474,709.36,379.91,969.63,474.88,24718.8,260.27,94.97,2.74,False,,True,R-desk,8,evt_S-61_upper_body_0015,aa2a91065abbd7fe,lap_bag_context,no_pose_observation,34560.0,1.33,,1,cam12/e1/v1,
phase4_smoke2,03.CCTV Mobile Usage.mkv,632de9ed55947761d56d4c6142a3cb1a1fe69d0b1a6d0e01a2e404c697962623,dfine_sahi,9700.0,monitor_or_bezel,0.6032,1018.64,395.69,1145.25,447.3,6534.0,126.61,51.61,2.453,False,,True,R-desk,8,evt_S-61_upper_body_0015,aa2a91065abbd7fe,lap_bag_context,no_pose_observation,34560.0,1.33,,1,cam12/e1/v1,
phase4_smoke2,03.CCTV Mobile Usage.mkv,632de9ed55947761d56d4c6142a3cb1a1fe69d0b1a6d0e01a2e404c697962623,dfine_sahi,9700.0,keyboard,0.5917,772.29,380.2,870.83,420.35,3956.6,98.54,40.15,2.454,False,,True,R-desk,8,evt_S-61_upper_body_0015,aa2a91065abbd7fe,lap_bag_context,no_pose_observation,34560.0,1.33,,1,cam12/e1/v1,
phase4_smoke2,03.CCTV Mobile Usage.mkv,632de9ed55947761d56d4c6142a3cb1a1fe69d0b1a6d0e01a2e404c697962623,dfine_sahi,9700.0,unknown_object,0.5792,699.91,411.27,871.8,506.27,16329.4,171.9,95.0,1.81,False,,True,R-desk,8,evt_S-61_upper_body_0015,aa2a91065abbd7fe,lap_bag_context,no_pose_observation,34560.0,1.33,,1,cam12/e1/v1,
phase4_smoke2,03.CCTV Mobile Usage.mkv,632de9ed55947761d56d4c6142a3cb1a1fe69d0b1a6d0e01a2e404c697962623,dfine_sahi,9700.0,mouse,0.5184,864.74,413.84,892.29,435.32,591.6,27.54,21.48,1.282,False,,True,R-desk,8,evt_S-61_upper_body_0015,aa2a91065abbd7fe,lap_bag_context,no_pose_observation,34560.0,1.33,,1,cam12/e1/v1,
phase4_smoke2,03.CCTV Mobile Usage.mkv,632de9ed55947761d56d4c6142a3cb1a1fe69d0b1a6d0e01a2e404c697962623,dfine_sahi,9700.0,unknown_object,0.4968,769.11,410.99,969.85,505.83,19037.5,200.74,94.84,2.117,False,,True,R-desk,8,evt_S-61_upper_body_0015,aa2a91065abbd7fe,lap_bag_context,no_pose_observation,34560.0,1.33,,1,cam12/e1/v1,
phase4_smoke2,03.CCTV Mobile Usage.mkv,632de9ed55947761d56d4c6142a3cb1a1fe69d0b1a6d0e01a2e404c697962623,dfine_sahi,9700.0,keyboard,0.4761,802.25,396.25,870.72,420.71,1674.8,68.47,24.46,2.799,False,,True,R-desk,8,evt_S-61_upper_body_0015,aa2a91065abbd7fe,lap_bag_context,no_pose_observation,34560.0,1.33,,1,cam12/e1/v1,
phase4_smoke2,03.CCTV Mobile Usage.mkv,632de9ed55947761d56d4c6142a3cb1a1fe69d0b1a6d0e01a2e404c697962623,dfine_sahi,9700.0,unknown_object,0.3775,699.98,396.11,771.33,491.82,6829.3,71.35,95.71,0.746,False,,True,R-desk,8,evt_S-61_upper_body_0015,aa2a91065abbd7fe,lap_bag_context,no_pose_observation,34560.0,1.33,,1,cam12/e1/v1,
phase4_smoke2,03.CCTV Mobile Usage.mkv,632de9ed55947761d56d4c6142a3cb1a1fe69d0b1a6d0e01a2e404c697962623,dfine_sahi,9700.0,keyboard,0.3239,910.12,411.73,1092.28,506.24,17216.6,182.16,94.51,1.927,False,,True,R-desk,8,evt_S-61_upper_body_0015,aa2a91065abbd7fe,lap_bag_context,no_pose_observation,34560.0,1.33,,1,cam12/e1/v1,
phase4_smoke2,03.CCTV Mobile Usage.mkv,632de9ed55947761d56d4c6142a3cb1a1fe69d0b1a6d0e01a2e404c697962623,dfine_sahi,9700.0,unknown_object,0.2788,881.54,411.13,933.06,452.89,2151.5,51.52,41.76,1.234,False,,True,R-desk,8,evt_S-61_upper_body_0015,aa2a91065abbd7fe,lap_bag_context,no_pose_observation,34560.0,1.33,,1,cam12/e1/v1,
phase4_smoke2,03.CCTV Mobile Usage.mkv,632de9ed55947761d56d4c6142a3cb1a1fe69d0b1a6d0e01a2e404c697962623,dfine_sahi,9700.0,mouse,0.278,967.15,398.42,992.01,410.59,302.6,24.86,12.17,2.042,False,,True,R-desk,8,evt_S-61_upper_body_0015,aa2a91065abbd7fe,lap_bag_context,no_pose_observation,34560.0,1.33,,1,cam12/e1/v1,
phase4_smoke2,03.CCTV Mobile Usage.mkv,632de9ed55947761d56d4c6142a3cb1a1fe69d0b1a6d0e01a2e404c697962623,dfine_sahi,9700.0,unknown_object,0.2718,700.04,380.32,839.49,475.37,13253.4,139.45,95.04,1.467,False,,True,R-desk,8,evt_S-61_upper_body_0015,aa2a91065abbd7fe,lap_bag_context,no_pose_observation,34560.0,1.33,,1,cam12/e1/v1,
phase4_smoke2,03.CCTV Mobile Usage.mkv,632de9ed55947761d56d4c6142a3cb1a1fe69d0b1a6d0e01a2e404c697962623,dfine_sahi,9700.0,monitor_or_bezel,0.2681,881.36,396.18,948.1,452.48,3757.9,66.74,56.3,1.185,False,,True,R-desk,8,evt_S-61_upper_body_0015,aa2a91065abbd7fe,lap_bag_context,no_pose_observation,34560.0,1.33,,1,cam12/e1/v1,
phase4_smoke2,03.CCTV Mobile Usage.mkv,632de9ed55947761d56d4c6142a3cb1a1fe69d0b1a6d0e01a2e404c697962623,dfine_sahi,9700.0,mouse,0.2529,991.28,400.93,1028.29,413.57,467.7,37.01,12.63,2.929,False,,True,R-desk,8,evt_S-61_upper_body_0015,aa2a91065abbd7fe,lap_bag_context,no_pose_observation,34560.0,1.33,,1,cam12/e1/v1,
phase4_smoke2,03.CCTV Mobile Usage.mkv,632de9ed55947761d56d4c6142a3cb1a1fe69d0b1a6d0e01a2e404c697962623,dfine_sahi,9700.0,unknown_object,0.6518,160.07,510.19,255.94,605.44,9132.4,95.87,95.25,1.006,False,,True,S-61,1,evt_S-61_desk_work_surface_0001,d142004b4e59ec48,pose_hand_context,,20713.0,4.45,,1,cam12/e1/v1,rtmpose_baseline
phase4_smoke2,03.CCTV Mobile Usage.mkv,632de9ed55947761d56d4c6142a3cb1a1fe69d0b1a6d0e01a2e404c697962623,dfine_sahi,9700.0,unknown_object,0.5446,167.23,478.71,235.77,522.61,3009.5,68.54,43.91,1.561,False,,True,S-61,1,evt_S-61_desk_work_surface_0001,d142004b4e59ec48,pose_hand_context,,20713.0,4.45,,1,cam12/e1/v1,rtmpose_baseline
phase4_smoke2,03.CCTV Mobile Usage.mkv,632de9ed55947761d56d4c6142a3cb1a1fe69d0b1a6d0e01a2e404c697962623,dfine_sahi,9700.0,unknown_object,0.352,159.99,502.92,255.98,542.77,3825.7,95.99,39.85,2.409,False,,True,S-61,1,evt_S-61_desk_work_surface_0001,d142004b4e59ec48,pose_hand_context,,20713.0,4.45,,1,cam12/e1/v1,rtmpose_baseline
phase4_smoke2,03.CCTV Mobile Usage.mkv,632de9ed55947761d56d4c6142a3cb1a1fe69d0b1a6d0e01a2e404c697962623,dfine_sahi,9700.0,unknown_object,0.3168,97.01,510.07,192.96,605.63,9169.9,95.95,95.57,1.004,False,,True,S-61,1,evt_S-61_desk_work_surface_0001,d142004b4e59ec48,pose_hand_context,,20713.0,4.45,,1,cam12/e1/v1,rtmpose_baseline
phase4_smoke2,03.CCTV Mobile Usage.mkv,632de9ed55947761d56d4c6142a3cb1a1fe69d0b1a6d0e01a2e404c697962623,dfine_sahi,9700.0,unknown_object,0.6518,160.07,510.19,255.94,605.44,9132.4,95.87,95.25,1.006,False,,True,S-61,5,evt_S-61_upper_body_0015,d142004b4e59ec48,pose_hand_context,,20713.0,4.45,,1,cam12/e1/v1,rtmpose_baseline
phase4_smoke2,03.CCTV Mobile Usage.mkv,632de9ed55947761d56d4c6142a3cb1a1fe69d0b1a6d0e01a2e404c697962623,dfine_sahi,9700.0,unknown_object,0.5446,167.23,478.71,235.77,522.61,3009.5,68.54,43.91,1.561,False,,True,S-61,5,evt_S-61_upper_body_0015,d142004b4e59ec48,pose_hand_context,,20713.0,4.45,,1,cam12/e1/v1,rtmpose_baseline
phase4_smoke2,03.CCTV Mobile Usage.mkv,632de9ed55947761d56d4c6142a3cb1a1fe69d0b1a6d0e01a2e404c697962623,dfine_sahi,9700.0,unknown_object,0.352,159.99,502.92,255.98,542.77,3825.7,95.99,39.85,2.409,False,,True,S-61,5,evt_S-61_upper_body_0015,d142004b4e59ec48,pose_hand_context,,20713.0,4.45,,1,cam12/e1/v1,rtmpose_baseline
phase4_smoke2,03.CCTV Mobile Usage.mkv,632de9ed55947761d56d4c6142a3cb1a1fe69d0b1a6d0e01a2e404c697962623,dfine_sahi,9700.0,unknown_object,0.3168,97.01,510.07,192.96,605.63,9169.9,95.95,95.57,1.004,False,,True,S-61,5,evt_S-61_upper_body_0015,d142004b4e59ec48,pose_hand_context,,20713.0,4.45,,1,cam12/e1/v1,rtmpose_baseline
phase4_smoke2,03.CCTV Mobile Usage.mkv,632de9ed55947761d56d4c6142a3cb1a1fe69d0b1a6d0e01a2e404c697962623,dfine_sahi,10200.0,unknown_object,0.4725,163.36,180.6,184.49,206.2,541.2,21.14,25.6,0.826,False,,True,S-61,2,evt_S-61_desk_work_surface_0001,3ca57fae345726aa,pose_hand_context,,19605.6,4.57,,1,cam12/e1/v1,rtmpose_baseline
phase4_smoke2,03.CCTV Mobile Usage.mkv,632de9ed55947761d56d4c6142a3cb1a1fe69d0b1a6d0e01a2e404c697962623,dfine_sahi,10200.0,bag,0.4527,182.8,261.1,259.26,295.64,2640.9,76.46,34.54,2.214,False,,True,S-61,2,evt_S-61_desk_work_surface_0001,3ca57fae345726aa,pose_hand_context,,19605.6,4.57,,1,cam12/e1/v1,rtmpose_baseline
phase4_smoke2,03.CCTV Mobile Usage.mkv,632de9ed55947761d56d4c6142a3cb1a1fe69d0b1a6d0e01a2e404c697962623,dfine_sahi,10200.0,stationery,0.4136,183.7,261.3,260.71,303.59,3256.9,77.01,42.29,1.821,False,,True,S-61,2,evt_S-61_desk_work_surface_0001,3ca57fae345726aa,pose_hand_context,,19605.6,4.57,,1,cam12/e1/v1,rtmpose_baseline
phase4_smoke2,03.CCTV Mobile Usage.mkv,632de9ed55947761d56d4c6142a3cb1a1fe69d0b1a6d0e01a2e404c697962623,dfine_sahi,10200.0,bag,0.3458,229.13,190.97,267.86,236.62,1767.9,38.73,45.65,0.849,False,,True,S-61,2,evt_S-61_desk_work_surface_0001,3ca57fae345726aa,pose_hand_context,,19605.6,4.57,,1,cam12/e1/v1,rtmpose_baseline
phase4_smoke2,03.CCTV Mobile Usage.mkv,632de9ed55947761d56d4c6142a3cb1a1fe69d0b1a6d0e01a2e404c697962623,dfine_sahi,10200.0,unknown_object,0.2898,163.0,181.67,224.96,259.86,4844.8,61.96,78.19,0.792,False,,True,S-61,2,evt_S-61_desk_work_surface_0001,3ca57fae345726aa,pose_hand_context,,19605.6,4.57,,1,cam12/e1/v1,rtmpose_baseline
phase4_smoke2,03.CCTV Mobile Usage.mkv,632de9ed55947761d56d4c6142a3cb1a1fe69d0b1a6d0e01a2e404c697962623,dfine_sahi,10200.0,unknown_object,0.28,111.12,147.16,206.64,242.41,9098.5,95.52,95.25,1.003,False,,True,S-61,2,evt_S-61_desk_work_surface_0001,3ca57fae345726aa,pose_hand_context,,19605.6,4.57,,1,cam12/e1/v1,rtmpose_baseline
phase4_smoke2,03.CCTV Mobile Usage.mkv,632de9ed55947761d56d4c6142a3cb1a1fe69d0b1a6d0e01a2e404c697962623,dfine_sahi,10200.0,unknown_object,0.4725,163.36,180.6,184.49,206.2,541.2,21.14,25.6,0.826,False,,True,S-61,6,evt_S-61_upper_body_0015,3ca57fae345726aa,pose_hand_context,,19605.6,4.57,,1,cam12/e1/v1,rtmpose_baseline
phase4_smoke2,03.CCTV Mobile Usage.mkv,632de9ed55947761d56d4c6142a3cb1a1fe69d0b1a6d0e01a2e404c697962623,dfine_sahi,10200.0,bag,0.4527,182.8,261.1,259.26,295.64,2640.9,76.46,34.54,2.214,False,,True,S-61,6,evt_S-61_upper_body_0015,3ca57fae345726aa,pose_hand_context,,19605.6,4.57,,1,cam12/e1/v1,rtmpose_baseline
phase4_smoke2,03.CCTV Mobile Usage.mkv,632de9ed55947761d56d4c6142a3cb1a1fe69d0b1a6d0e01a2e404c697962623,dfine_sahi,10200.0,stationery,0.4136,183.7,261.3,260.71,303.59,3256.9,77.01,42.29,1.821,False,,True,S-61,6,evt_S-61_upper_body_0015,3ca57fae345726aa,pose_hand_context,,19605.6,4.57,,1,cam12/e1/v1,rtmpose_baseline
phase4_smoke2,03.CCTV Mobile Usage.mkv,632de9ed55947761d56d4c6142a3cb1a1fe69d0b1a6d0e01a2e404c697962623,dfine_sahi,10200.0,bag,0.3458,229.13,190.97,267.86,236.62,1767.9,38.73,45.65,0.849,False,,True,S-61,6,evt_S-61_upper_body_0015,3ca57fae345726aa,pose_hand_context,,19605.6,4.57,,1,cam12/e1/v1,rtmpose_baseline
phase4_smoke2,03.CCTV Mobile Usage.mkv,632de9ed55947761d56d4c6142a3cb1a1fe69d0b1a6d0e01a2e404c697962623,dfine_sahi,10200.0,unknown_object,0.2898,163.0,181.67,224.96,259.86,4844.8,61.96,78.19,0.792,False,,True,S-61,6,evt_S-61_upper_body_0015,3ca57fae345726aa,pose_hand_context,,19605.6,4.57,,1,cam12/e1/v1,rtmpose_baseline
phase4_smoke2,03.CCTV Mobile Usage.mkv,632de9ed55947761d56d4c6142a3cb1a1fe69d0b1a6d0e01a2e404c697962623,dfine_sahi,10200.0,unknown_object,0.28,111.12,147.16,206.64,242.41,9098.5,95.52,95.25,1.003,False,,True,S-61,6,evt_S-61_upper_body_0015,3ca57fae345726aa,pose_hand_context,,19605.6,4.57,,1,cam12/e1/v1,rtmpose_baseline
phase4_smoke2,03.CCTV Mobile Usage.mkv,632de9ed55947761d56d4c6142a3cb1a1fe69d0b1a6d0e01a2e404c697962623,dfine_sahi,10200.0,unknown_object,0.5587,141.03,495.08,195.96,569.22,4072.3,54.93,74.14,0.741,False,,True,S-61,1,evt_S-61_desk_work_surface_0001,9cb192cf057e470f,pose_hand_context,,16574.0,4.97,,1,cam12/e1/v1,rtmpose_baseline
phase4_smoke2,03.CCTV Mobile Usage.mkv,632de9ed55947761d56d4c6142a3cb1a1fe69d0b1a6d0e01a2e404c697962623,dfine_sahi,10200.0,unknown_object,0.5567,112.03,451.18,239.95,578.3,16261.5,127.92,127.12,1.006,False,,True,S-61,1,evt_S-61_desk_work_surface_0001,9cb192cf057e470f,pose_hand_context,,16574.0,4.97,,1,cam12/e1/v1,rtmpose_baseline
phase4_smoke2,03.CCTV Mobile Usage.mkv,632de9ed55947761d56d4c6142a3cb1a1fe69d0b1a6d0e01a2e404c697962623,dfine_sahi,10200.0,unknown_object,0.4932,156.05,439.29,251.95,534.51,9130.4,95.89,95.21,1.007,False,,True,S-61,1,evt_S-61_desk_work_surface_0001,9cb192cf057e470f,pose_hand_context,,16574.0,4.97,,1,cam12/e1/v1,rtmpose_baseline
phase4_smoke2,03.CCTV Mobile Usage.mkv,632de9ed55947761d56d4c6142a3cb1a1fe69d0b1a6d0e01a2e404c697962623,dfine_sahi,10200.0,unknown_object,0.4805,156.06,495.12,251.93,566.75,6868.1,95.88,71.63,1.338,False,,True,S-61,1,evt_S-61_desk_work_surface_0001,9cb192cf057e470f,pose_hand_context,,16574.0,4.97,,1,cam12/e1/v1,rtmpose_baseline
phase4_smoke2,03.CCTV Mobile Usage.mkv,632de9ed55947761d56d4c6142a3cb1a1fe69d0b1a6d0e01a2e404c697962623,dfine_sahi,10200.0,unknown_object,0.4058,141.85,475.19,195.96,534.48,3207.3,54.1,59.28,0.913,False,,True,S-61,1,evt_S-61_desk_work_surface_0001,9cb192cf057e470f,pose_hand_context,,16574.0,4.97,,1,cam12/e1/v1,rtmpose_baseline
phase4_smoke2,03.CCTV Mobile Usage.mkv,632de9ed55947761d56d4c6142a3cb1a1fe69d0b1a6d0e01a2e404c697962623,dfine_sahi,10200.0,unknown_object,0.4026,100.33,439.12,195.97,534.34,9107.8,95.65,95.22,1.004,False,,True,S-61,1,evt_S-61_desk_work_surface_0001,9cb192cf057e470f,pose_hand_context,,16574.0,4.97,,1,cam12/e1/v1,rtmpose_baseline
phase4_smoke2,03.CCTV Mobile Usage.mkv,632de9ed55947761d56d4c6142a3cb1a1fe69d0b1a6d0e01a2e404c697962623,dfine_sahi,10200.0,unknown_object,0.3714,174.38,495.09,235.75,518.19,1417.7,61.37,23.1,2.657,False,,True,S-61,1,evt_S-61_desk_work_surface_0001,9cb192cf057e470f,pose_hand_context,,16574.0,4.97,,1,cam12/e1/v1,rtmpose_baseline
phase4_smoke2,03.CCTV Mobile Usage.mkv,632de9ed55947761d56d4c6142a3cb1a1fe69d0b1a6d0e01a2e404c697962623,dfine_sahi,10200.0,unknown_object,0.2932,100.41,439.09,158.12,478.78,2290.2,57.71,39.68,1.454,False,,True,S-61,1,evt_S-61_desk_work_surface_0001,9cb192cf057e470f,pose_hand_context,,16574.0,4.97,,1,cam12/e1/v1,rtmpose_baseline
phase4_smoke2,03.CCTV Mobile Usage.mkv,632de9ed55947761d56d4c6142a3cb1a1fe69d0b1a6d0e01a2e404c697962623,dfine_sahi,10200.0,unknown_object,0.2922,156.04,525.09,206.94,590.73,3341.0,50.9,65.64,0.776,False,,True,S-61,1,evt_S-61_desk_work_surface_0001,9cb192cf057e470f,pose_hand_context,,16574.0,4.97,,1,cam12/e1/v1,rtmpose_baseline
phase4_smoke2,03.CCTV Mobile Usage.mkv,632de9ed55947761d56d4c6142a3cb1a1fe69d0b1a6d0e01a2e404c697962623,dfine_sahi,10200.0,unknown_object,0.5587,141.03,495.08,195.96,569.22,4072.3,54.93,74.14,0.741,False,,True,S-61,5,evt_S-61_upper_body_0015,9cb192cf057e470f,pose_hand_context,,16574.0,4.97,,1,cam12/e1/v1,rtmpose_baseline
phase4_smoke2,03.CCTV Mobile Usage.mkv,632de9ed55947761d56d4c6142a3cb1a1fe69d0b1a6d0e01a2e404c697962623,dfine_sahi,10200.0,unknown_object,0.5567,112.03,451.18,239.95,578.3,16261.5,127.92,127.12,1.006,False,,True,S-61,5,evt_S-61_upper_body_0015,9cb192cf057e470f,pose_hand_context,,16574.0,4.97,,1,cam12/e1/v1,rtmpose_baseline
phase4_smoke2,03.CCTV Mobile Usage.mkv,632de9ed55947761d56d4c6142a3cb1a1fe69d0b1a6d0e01a2e404c697962623,dfine_sahi,10200.0,unknown_object,0.4932,156.05,439.29,251.95,534.51,9130.4,95.89,95.21,1.007,False,,True,S-61,5,evt_S-61_upper_body_0015,9cb192cf057e470f,pose_hand_context,,16574.0,4.97,,1,cam12/e1/v1,rtmpose_baseline
phase4_smoke2,03.CCTV Mobile Usage.mkv,632de9ed55947761d56d4c6142a3cb1a1fe69d0b1a6d0e01a2e404c697962623,dfine_sahi,10200.0,unknown_object,0.4805,156.06,495.12,251.93,566.75,6868.1,95.88,71.63,1.338,False,,True,S-61,5,evt_S-61_upper_body_0015,9cb192cf057e470f,pose_hand_context,,16574.0,4.97,,1,cam12/e1/v1,rtmpose_baseline
phase4_smoke2,03.CCTV Mobile Usage.mkv,632de9ed55947761d56d4c6142a3cb1a1fe69d0b1a6d0e01a2e404c697962623,dfine_sahi,10200.0,unknown_object,0.4058,141.85,475.19,195.96,534.48,3207.3,54.1,59.28,0.913,False,,True,S-61,5,evt_S-61_upper_body_0015,9cb192cf057e470f,pose_hand_context,,16574.0,4.97,,1,cam12/e1/v1,rtmpose_baseline
phase4_smoke2,03.CCTV Mobile Usage.mkv,632de9ed55947761d56d4c6142a3cb1a1fe69d0b1a6d0e01a2e404c697962623,dfine_sahi,10200.0,unknown_object,0.4026,100.33,439.12,195.97,534.34,9107.8,95.65,95.22,1.004,False,,True,S-61,5,evt_S-61_upper_body_0015,9cb192cf057e470f,pose_hand_context,,16574.0,4.97,,1,cam12/e1/v1,rtmpose_baseline
phase4_smoke2,03.CCTV Mobile Usage.mkv,632de9ed55947761d56d4c6142a3cb1a1fe69d0b1a6d0e01a2e404c697962623,dfine_sahi,10200.0,unknown_object,0.3714,174.38,495.09,235.75,518.19,1417.7,61.37,23.1,2.657,False,,True,S-61,5,evt_S-61_upper_body_0015,9cb192cf057e470f,pose_hand_context,,16574.0,4.97,,1,cam12/e1/v1,rtmpose_baseline
phase4_smoke2,03.CCTV Mobile Usage.mkv,632de9ed55947761d56d4c6142a3cb1a1fe69d0b1a6d0e01a2e404c697962623,dfine_sahi,10200.0,unknown_object,0.2932,100.41,439.09,158.12,478.78,2290.2,57.71,39.68,1.454,False,,True,S-61,5,evt_S-61_upper_body_0015,9cb192cf057e470f,pose_hand_context,,16574.0,4.97,,1,cam12/e1/v1,rtmpose_baseline
phase4_smoke2,03.CCTV Mobile Usage.mkv,632de9ed55947761d56d4c6142a3cb1a1fe69d0b1a6d0e01a2e404c697962623,dfine_sahi,10200.0,unknown_object,0.2922,156.04,525.09,206.94,590.73,3341.0,50.9,65.64,0.776,False,,True,S-61,5,evt_S-61_upper_body_0015,9cb192cf057e470f,pose_hand_context,,16574.0,4.97,,1,cam12/e1/v1,rtmpose_baseline
phase4_smoke2,03.CCTV Mobile Usage.mkv,632de9ed55947761d56d4c6142a3cb1a1fe69d0b1a6d0e01a2e404c697962623,dfine_sahi,10700.0,unknown_object,0.6902,112.2,261.21,241.92,331.36,9098.9,129.72,70.14,1.849,False,,True,S-61,2,evt_S-61_desk_work_surface_0001,306d5f013085fa12,pose_hand_context,,22428.1,4.27,,1,cam12/e1/v1,rtmpose_baseline
phase4_smoke2,03.CCTV Mobile Usage.mkv,632de9ed55947761d56d4c6142a3cb1a1fe69d0b1a6d0e01a2e404c697962623,dfine_sahi,10700.0,unknown_object,0.5304,210.79,227.5,229.56,256.29,540.3,18.77,28.79,0.652,False,,True,S-61,2,evt_S-61_desk_work_surface_0001,306d5f013085fa12,pose_hand_context,,22428.1,4.27,,1,cam12/e1/v1,rtmpose_baseline
phase4_smoke2,03.CCTV Mobile Usage.mkv,632de9ed55947761d56d4c6142a3cb1a1fe69d0b1a6d0e01a2e404c697962623,dfine_sahi,10700.0,unknown_object,0.4644,187.18,178.34,209.06,266.56,1929.9,21.87,88.22,0.248,False,,True,S-61,2,evt_S-61_desk_work_surface_0001,306d5f013085fa12,pose_hand_context,,22428.1,4.27,,1,cam12/e1/v1,rtmpose_baseline
phase4_smoke2,03.CCTV Mobile Usage.mkv,632de9ed55947761d56d4c6142a3cb1a1fe69d0b1a6d0e01a2e404c697962623,dfine_sahi,10700.0,unknown_object,0.2995,175.19,239.4,192.94,272.78,592.7,17.76,33.38,0.532,False,,True,S-61,2,evt_S-61_desk_work_surface_0001,306d5f013085fa12,pose_hand_context,,22428.1,4.27,,1,cam12/e1/v1,rtmpose_baseline
phase4_smoke2,03.CCTV Mobile Usage.mkv,632de9ed55947761d56d4c6142a3cb1a1fe69d0b1a6d0e01a2e404c697962623,dfine_sahi,10700.0,unknown_object,0.2976,158.89,256.61,176.71,272.95,291.1,17.82,16.33,1.091,False,,True,S-61,2,evt_S-61_desk_work_surface_0001,306d5f013085fa12,pose_hand_context,,22428.1,4.27,,1,cam12/e1/v1,rtmpose_baseline
phase4_smoke2,03.CCTV Mobile Usage.mkv,632de9ed55947761d56d4c6142a3cb1a1fe69d0b1a6d0e01a2e404c697962623,dfine_sahi,10700.0,unknown_object,0.2961,191.24,239.33,208.59,266.18,465.7,17.35,26.84,0.646,False,,True,S-61,2,evt_S-61_desk_work_surface_0001,306d5f013085fa12,pose_hand_context,,22428.1,4.27,,1,cam12/e1/v1,rtmpose_baseline
phase4_smoke2,03.CCTV Mobile Usage.mkv,632de9ed55947761d56d4c6142a3cb1a1fe69d0b1a6d0e01a2e404c697962623,dfine_sahi,10700.0,unknown_object,0.2882,205.98,177.12,226.53,229.97,1086.0,20.55,52.85,0.389,False,,True,S-61,2,evt_S-61_desk_work_surface_0001,306d5f013085fa12,pose_hand_context,,22428.1,4.27,,1,cam12/e1/v1,rtmpose_baseline
phase4_smoke2,03.CCTV Mobile Usage.mkv,632de9ed55947761d56d4c6142a3cb1a1fe69d0b1a6d0e01a2e404c697962623,dfine_sahi,10700.0,unknown_object,0.6902,112.2,261.21,241.92,331.36,9098.9,129.72,70.14,1.849,False,,True,S-61,6,evt_S-61_upper_body_0015,306d5f013085fa12,pose_hand_context,,22428.1,4.27,,1,cam12/e1/v1,rtmpose_baseline
phase4_smoke2,03.CCTV Mobile Usage.mkv,632de9ed55947761d56d4c6142a3cb1a1fe69d0b1a6d0e01a2e404c697962623,dfine_sahi,10700.0,unknown_object,0.5304,210.79,227.5,229.56,256.29,540.3,18.77,28.79,0.652,False,,True,S-61,6,evt_S-61_upper_body_0015,306d5f013085fa12,pose_hand_context,,22428.1,4.27,,1,cam12/e1/v1,rtmpose_baseline
phase4_smoke2,03.CCTV Mobile Usage.mkv,632de9ed55947761d56d4c6142a3cb1a1fe69d0b1a6d0e01a2e404c697962623,dfine_sahi,10700.0,unknown_object,0.4644,187.18,178.34,209.06,266.56,1929.9,21.87,88.22,0.248,False,,True,S-61,6,evt_S-61_upper_body_0015,306d5f013085fa12,pose_hand_context,,22428.1,4.27,,1,cam12/e1/v1,rtmpose_baseline
phase4_smoke2,03.CCTV Mobile Usage.mkv,632de9ed55947761d56d4c6142a3cb1a1fe69d0b1a6d0e01a2e404c697962623,dfine_sahi,10700.0,unknown_object,0.2995,175.19,239.4,192.94,272.78,592.7,17.76,33.38,0.532,False,,True,S-61,6,evt_S-61_upper_body_0015,306d5f013085fa12,pose_hand_context,,22428.1,4.27,,1,cam12/e1/v1,rtmpose_baseline
phase4_smoke2,03.CCTV Mobile Usage.mkv,632de9ed55947761d56d4c6142a3cb1a1fe69d0b1a6d0e01a2e404c697962623,dfine_sahi,10700.0,unknown_object,0.2976,158.89,256.61,176.71,272.95,291.1,17.82,16.33,1.091,False,,True,S-61,6,evt_S-61_upper_body_0015,306d5f013085fa12,pose_hand_context,,22428.1,4.27,,1,cam12/e1/v1,rtmpose_baseline
phase4_smoke2,03.CCTV Mobile Usage.mkv,632de9ed55947761d56d4c6142a3cb1a1fe69d0b1a6d0e01a2e404c697962623,dfine_sahi,10700.0,unknown_object,0.2961,191.24,239.33,208.59,266.18,465.7,17.35,26.84,0.646,False,,True,S-61,6,evt_S-61_upper_body_0015,306d5f013085fa12,pose_hand_context,,22428.1,4.27,,1,cam12/e1/v1,rtmpose_baseline
phase4_smoke2,03.CCTV Mobile Usage.mkv,632de9ed55947761d56d4c6142a3cb1a1fe69d0b1a6d0e01a2e404c697962623,dfine_sahi,10700.0,unknown_object,0.2882,205.98,177.12,226.53,229.97,1086.0,20.55,52.85,0.389,False,,True,S-61,6,evt_S-61_upper_body_0015,306d5f013085fa12,pose_hand_context,,22428.1,4.27,,1,cam12/e1/v1,rtmpose_baseline
phase4_smoke2,03.CCTV Mobile Usage.mkv,632de9ed55947761d56d4c6142a3cb1a1fe69d0b1a6d0e01a2e404c697962623,dfine_sahi,10700.0,unknown_object,0.5279,104.11,437.15,199.93,532.46,9131.9,95.82,95.3,1.005,False,,True,S-61,1,evt_S-61_desk_work_surface_0001,fc3e6f6ad9de900d,pose_hand_context,,16022.5,5.06,,1,cam12/e1/v1,rtmpose_baseline
phase4_smoke2,03.CCTV Mobile Usage.mkv,632de9ed55947761d56d4c6142a3cb1a1fe69d0b1a6d0e01a2e404c697962623,dfine_sahi,10700.0,unknown_object,0.489,139.02,493.09,199.96,560.91,4132.8,60.94,67.82,0.899,False,,True,S-61,1,evt_S-61_desk_work_surface_0001,fc3e6f6ad9de900d,pose_hand_context,,16022.5,5.06,,1,cam12/e1/v1,rtmpose_baseline
phase4_smoke2,03.CCTV Mobile Usage.mkv,632de9ed55947761d56d4c6142a3cb1a1fe69d0b1a6d0e01a2e404c697962623,dfine_sahi,10700.0,unknown_object,0.4385,159.99,493.15,255.91,588.53,9148.9,95.92,95.38,1.006,False,,True,S-61,1,evt_S-61_desk_work_surface_0001,fc3e6f6ad9de900d,pose_hand_context,,16022.5,5.06,,1,cam12/e1/v1,rtmpose_baseline
phase4_smoke2,03.CCTV Mobile Usage.mkv,632de9ed55947761d56d4c6142a3cb1a1fe69d0b1a6d0e01a2e404c697962623,dfine_sahi,10700.0,unknown_object,0.3279,169.01,477.54,246.93,518.3,3176.0,77.92,40.76,1.912,False,,True,S-61,1,evt_S-61_desk_work_surface_0001,fc3e6f6ad9de900d,pose_hand_context,,16022.5,5.06,,1,cam12/e1/v1,rtmpose_baseline
phase4_smoke2,03.CCTV Mobile Usage.mkv,632de9ed55947761d56d4c6142a3cb1a1fe69d0b1a6d0e01a2e404c697962623,dfine_sahi,10700.0,unknown_object,0.5279,104.11,437.15,199.93,532.46,9131.9,95.82,95.3,1.005,False,,True,S-61,5,evt_S-61_upper_body_0015,fc3e6f6ad9de900d,pose_hand_context,,16022.5,5.06,,1,cam12/e1/v1,rtmpose_baseline
phase4_smoke2,03.CCTV Mobile Usage.mkv,632de9ed55947761d56d4c6142a3cb1a1fe69d0b1a6d0e01a2e404c697962623,dfine_sahi,10700.0,unknown_object,0.489,139.02,493.09,199.96,560.91,4132.8,60.94,67.82,0.899,False,,True,S-61,5,evt_S-61_upper_body_0015,fc3e6f6ad9de900d,pose_hand_context,,16022.5,5.06,,1,cam12/e1/v1,rtmpose_baseline
phase4_smoke2,03.CCTV Mobile Usage.mkv,632de9ed55947761d56d4c6142a3cb1a1fe69d0b1a6d0e01a2e404c697962623,dfine_sahi,10700.0,unknown_object,0.4385,159.99,493.15,255.91,588.53,9148.9,95.92,95.38,1.006,False,,True,S-61,5,evt_S-61_upper_body_0015,fc3e6f6ad9de900d,pose_hand_context,,16022.5,5.06,,1,cam12/e1/v1,rtmpose_baseline
phase4_smoke2,03.CCTV Mobile Usage.mkv,632de9ed55947761d56d4c6142a3cb1a1fe69d0b1a6d0e01a2e404c697962623,dfine_sahi,10700.0,unknown_object,0.3279,169.01,477.54,246.93,518.3,3176.0,77.92,40.76,1.912,False,,True,S-61,5,evt_S-61_upper_body_0015,fc3e6f6ad9de900d,pose_hand_context,,16022.5,5.06,,1,cam12/e1/v1,rtmpose_baseline
phase4_smoke2,03.CCTV Mobile Usage.mkv,632de9ed55947761d56d4c6142a3cb1a1fe69d0b1a6d0e01a2e404c697962623,dfine_sahi,11200.0,unknown_object,0.6814,105.23,442.15,200.97,537.09,9089.5,95.74,94.94,1.008,False,,True,S-61,1,evt_S-61_desk_work_surface_0001,2bebd0989d616603,pose_hand_context,,13815.7,5.44,,1,cam12/e1/v1,rtmpose_baseline
phase4_smoke2,03.CCTV Mobile Usage.mkv,632de9ed55947761d56d4c6142a3cb1a1fe69d0b1a6d0e01a2e404c697962623,dfine_sahi,11200.0,unknown_object,0.6306,120.13,457.18,237.14,564.31,12534.1,117.0,107.13,1.092,False,,True,S-61,1,evt_S-61_desk_work_surface_0001,2bebd0989d616603,pose_hand_context,,13815.7,5.44,,1,cam12/e1/v1,rtmpose_baseline
phase4_smoke2,03.CCTV Mobile Usage.mkv,632de9ed55947761d56d4c6142a3cb1a1fe69d0b1a6d0e01a2e404c697962623,dfine_sahi,11200.0,unknown_object,0.5566,156.02,494.12,251.97,563.86,6692.2,95.95,69.75,1.376,False,,True,S-61,1,evt_S-61_desk_work_surface_0001,2bebd0989d616603,pose_hand_context,,13815.7,5.44,,1,cam12/e1/v1,rtmpose_baseline
phase4_smoke2,03.CCTV Mobile Usage.mkv,632de9ed55947761d56d4c6142a3cb1a1fe69d0b1a6d0e01a2e404c697962623,dfine_sahi,11200.0,unknown_object,0.5505,156.19,442.37,249.42,517.07,6965.2,93.24,74.7,1.248,False,,True,S-61,1,evt_S-61_desk_work_surface_0001,2bebd0989d616603,pose_hand_context,,13815.7,5.44,,1,cam12/e1/v1,rtmpose_baseline
phase4_smoke2,03.CCTV Mobile Usage.mkv,632de9ed55947761d56d4c6142a3cb1a1fe69d0b1a6d0e01a2e404c697962623,dfine_sahi,11200.0,unknown_object,0.45,127.09,494.07,200.97,561.91,5011.9,73.88,67.84,1.089,False,,True,S-61,1,evt_S-61_desk_work_surface_0001,2bebd0989d616603,pose_hand_context,,13815.7,5.44,,1,cam12/e1/v1,rtmpose_baseline
phase4_smoke2,03.CCTV Mobile Usage.mkv,632de9ed55947761d56d4c6142a3cb1a1fe69d0b1a6d0e01a2e404c697962623,dfine_sahi,11200.0,unknown_object,0.2947,170.61,526.97,251.96,561.14,2779.6,81.35,34.17,2.381,False,,True,S-61,1,evt_S-61_desk_work_surface_0001,2bebd0989d616603,pose_hand_context,,13815.7,5.44,,1,cam12/e1/v1,rtmpose_baseline
phase4_smoke2,03.CCTV Mobile Usage.mkv,632de9ed55947761d56d4c6142a3cb1a1fe69d0b1a6d0e01a2e404c697962623,dfine_sahi,11200.0,unknown_object,0.6814,105.23,442.15,200.97,537.09,9089.5,95.74,94.94,1.008,False,,True,S-61,5,evt_S-61_upper_body_0015,2bebd0989d616603,pose_hand_context,,13815.7,5.44,,1,cam12/e1/v1,rtmpose_baseline
phase4_smoke2,03.CCTV Mobile Usage.mkv,632de9ed55947761d56d4c6142a3cb1a1fe69d0b1a6d0e01a2e404c697962623,dfine_sahi,11200.0,unknown_object,0.6306,120.13,457.18,237.14,564.31,12534.1,117.0,107.13,1.092,False,,True,S-61,5,evt_S-61_upper_body_0015,2bebd0989d616603,pose_hand_context,,13815.7,5.44,,1,cam12/e1/v1,rtmpose_baseline
phase4_smoke2,03.CCTV Mobile Usage.mkv,632de9ed55947761d56d4c6142a3cb1a1fe69d0b1a6d0e01a2e404c697962623,dfine_sahi,11200.0,unknown_object,0.5566,156.02,494.12,251.97,563.86,6692.2,95.95,69.75,1.376,False,,True,S-61,5,evt_S-61_upper_body_0015,2bebd0989d616603,pose_hand_context,,13815.7,5.44,,1,cam12/e1/v1,rtmpose_baseline
phase4_smoke2,03.CCTV Mobile Usage.mkv,632de9ed55947761d56d4c6142a3cb1a1fe69d0b1a6d0e01a2e404c697962623,dfine_sahi,11200.0,unknown_object,0.5505,156.19,442.37,249.42,517.07,6965.2,93.24,74.7,1.248,False,,True,S-61,5,evt_S-61_upper_body_0015,2bebd0989d616603,pose_hand_context,,13815.7,5.44,,1,cam12/e1/v1,rtmpose_baseline
phase4_smoke2,03.CCTV Mobile Usage.mkv,632de9ed55947761d56d4c6142a3cb1a1fe69d0b1a6d0e01a2e404c697962623,dfine_sahi,11200.0,unknown_object,0.45,127.09,494.07,200.97,561.91,5011.9,73.88,67.84,1.089,False,,True,S-61,5,evt_S-61_upper_body_0015,2bebd0989d616603,pose_hand_context,,13815.7,5.44,,1,cam12/e1/v1,rtmpose_baseline
phase4_smoke2,03.CCTV Mobile Usage.mkv,632de9ed55947761d56d4c6142a3cb1a1fe69d0b1a6d0e01a2e404c697962623,dfine_sahi,11200.0,unknown_object,0.2947,170.61,526.97,251.96,561.14,2779.6,81.35,34.17,2.381,False,,True,S-61,5,evt_S-61_upper_body_0015,2bebd0989d616603,pose_hand_context,,13815.7,5.44,,1,cam12/e1/v1,rtmpose_baseline
phase4_smoke2,03.CCTV Mobile Usage.mkv,632de9ed55947761d56d4c6142a3cb1a1fe69d0b1a6d0e01a2e404c697962623,dfine_sahi,11200.0,monitor_or_bezel,0.5471,243.97,207.21,294.67,291.92,4295.1,50.7,84.71,0.599,False,,True,S-61,2,evt_S-61_desk_work_surface_0001,44302ce98e67dd02,pose_hand_context,,29721.8,3.71,,1,cam12/e1/v1,rtmpose_baseline
phase4_smoke2,03.CCTV Mobile Usage.mkv,632de9ed55947761d56d4c6142a3cb1a1fe69d0b1a6d0e01a2e404c697962623,dfine_sahi,11200.0,unknown_object,0.4529,335.69,283.46,415.91,379.42,7698.2,80.22,95.96,0.836,False,,True,S-61,2,evt_S-61_desk_work_surface_0001,44302ce98e67dd02,pose_hand_context,,29721.8,3.71,,1,cam12/e1/v1,rtmpose_baseline
phase4_smoke2,03.CCTV Mobile Usage.mkv,632de9ed55947761d56d4c6142a3cb1a1fe69d0b1a6d0e01a2e404c697962623,dfine_sahi,11200.0,unknown_object,0.3905,244.12,207.27,415.94,379.32,29560.8,171.82,172.05,0.999,False,,True,S-61,2,evt_S-61_desk_work_surface_0001,44302ce98e67dd02,pose_hand_context,,29721.8,3.71,,1,cam12/e1/v1,rtmpose_baseline
phase4_smoke2,03.CCTV Mobile Usage.mkv,632de9ed55947761d56d4c6142a3cb1a1fe69d0b1a6d0e01a2e404c697962623,dfine_sahi,11200.0,unknown_object,0.3551,268.66,283.1,307.13,378.99,3688.8,38.47,95.89,0.401,False,,True,S-61,2,evt_S-61_desk_work_surface_0001,44302ce98e67dd02,pose_hand_context,,29721.8,3.71,,1,cam12/e1/v1,rtmpose_baseline
phase4_smoke2,03.CCTV Mobile Usage.mkv,632de9ed55947761d56d4c6142a3cb1a1fe69d0b1a6d0e01a2e404c697962623,dfine_sahi,11200.0,unknown_object,0.3329,265.59,215.02,320.16,338.78,6754.1,54.57,123.76,0.441,False,,True,S-61,2,evt_S-61_desk_work_surface_0001,44302ce98e67dd02,pose_hand_context,,29721.8,3.71,,1,cam12/e1/v1,rtmpose_baseline
phase4_smoke2,03.CCTV Mobile Usage.mkv,632de9ed55947761d56d4c6142a3cb1a1fe69d0b1a6d0e01a2e404c697962623,dfine_sahi,11200.0,unknown_object,0.3328,290.61,213.33,339.93,299.7,4260.1,49.32,86.37,0.571,False,,True,S-61,2,evt_S-61_desk_work_surface_0001,44302ce98e67dd02,pose_hand_context,,29721.8,3.71,,1,cam12/e1/v1,rtmpose_baseline
phase4_smoke2,03.CCTV Mobile Usage.mkv,632de9ed55947761d56d4c6142a3cb1a1fe69d0b1a6d0e01a2e404c697962623,dfine_sahi,11200.0,unknown_object,0.2789,294.09,241.65,317.54,297.3,1304.9,23.45,55.65,0.421,False,,True,S-61,2,evt_S-61_desk_work_surface_0001,44302ce98e67dd02,pose_hand_context,,29721.8,3.71,,1,cam12/e1/v1,rtmpose_baseline
phase4_smoke2,03.CCTV Mobile Usage.mkv,632de9ed55947761d56d4c6142a3cb1a1fe69d0b1a6d0e01a2e404c697962623,dfine_sahi,11200.0,monitor_or_bezel,0.5471,243.97,207.21,294.67,291.92,4295.1,50.7,84.71,0.599,False,,True,S-61,6,evt_S-61_upper_body_0015,44302ce98e67dd02,pose_hand_context,,29721.8,3.71,,1,cam12/e1/v1,rtmpose_baseline
phase4_smoke2,03.CCTV Mobile Usage.mkv,632de9ed55947761d56d4c6142a3cb1a1fe69d0b1a6d0e01a2e404c697962623,dfine_sahi,11200.0,unknown_object,0.4529,335.69,283.46,415.91,379.42,7698.2,80.22,95.96,0.836,False,,True,S-61,6,evt_S-61_upper_body_0015,44302ce98e67dd02,pose_hand_context,,29721.8,3.71,,1,cam12/e1/v1,rtmpose_baseline
phase4_smoke2,03.CCTV Mobile Usage.mkv,632de9ed55947761d56d4c6142a3cb1a1fe69d0b1a6d0e01a2e404c697962623,dfine_sahi,11200.0,unknown_object,0.3905,244.12,207.27,415.94,379.32,29560.8,171.82,172.05,0.999,False,,True,S-61,6,evt_S-61_upper_body_0015,44302ce98e67dd02,pose_hand_context,,29721.8,3.71,,1,cam12/e1/v1,rtmpose_baseline
phase4_smoke2,03.CCTV Mobile Usage.mkv,632de9ed55947761d56d4c6142a3cb1a1fe69d0b1a6d0e01a2e404c697962623,dfine_sahi,11200.0,unknown_object,0.3551,268.66,283.1,307.13,378.99,3688.8,38.47,95.89,0.401,False,,True,S-61,6,evt_S-61_upper_body_0015,44302ce98e67dd02,pose_hand_context,,29721.8,3.71,,1,cam12/e1/v1,rtmpose_baseline
phase4_smoke2,03.CCTV Mobile Usage.mkv,632de9ed55947761d56d4c6142a3cb1a1fe69d0b1a6d0e01a2e404c697962623,dfine_sahi,11200.0,unknown_object,0.3329,265.59,215.02,320.16,338.78,6754.1,54.57,123.76,0.441,False,,True,S-61,6,evt_S-61_upper_body_0015,44302ce98e67dd02,pose_hand_context,,29721.8,3.71,,1,cam12/e1/v1,rtmpose_baseline
phase4_smoke2,03.CCTV Mobile Usage.mkv,632de9ed55947761d56d4c6142a3cb1a1fe69d0b1a6d0e01a2e404c697962623,dfine_sahi,11200.0,unknown_object,0.3328,290.61,213.33,339.93,299.7,4260.1,49.32,86.37,0.571,False,,True,S-61,6,evt_S-61_upper_body_0015,44302ce98e67dd02,pose_hand_context,,29721.8,3.71,,1,cam12/e1/v1,rtmpose_baseline
phase4_smoke2,03.CCTV Mobile Usage.mkv,632de9ed55947761d56d4c6142a3cb1a1fe69d0b1a6d0e01a2e404c697962623,dfine_sahi,11200.0,unknown_object,0.2789,294.09,241.65,317.54,297.3,1304.9,23.45,55.65,0.421,False,,True,S-61,6,evt_S-61_upper_body_0015,44302ce98e67dd02,pose_hand_context,,29721.8,3.71,,1,cam12/e1/v1,rtmpose_baseline
phase4_smoke2,03.CCTV Mobile Usage.mkv,632de9ed55947761d56d4c6142a3cb1a1fe69d0b1a6d0e01a2e404c697962623,dfine_sahi,11200.0,keyboard,0.9082,962.22,452.01,1067.87,491.44,4165.1,105.65,39.42,2.68,False,,True,R-desk,9,evt_S-61_desk_work_surface_0001,7739ac136bb8b8c8,lap_bag_context,no_pose_observation,34560.0,1.33,,1,cam12/e1/v1,
phase4_smoke2,03.CCTV Mobile Usage.mkv,632de9ed55947761d56d4c6142a3cb1a1fe69d0b1a6d0e01a2e404c697962623,dfine_sahi,11200.0,monitor_or_bezel,0.6843,963.25,380.43,1152.64,474.95,17900.0,189.39,94.51,2.004,False,,True,R-desk,9,evt_S-61_desk_work_surface_0001,7739ac136bb8b8c8,lap_bag_context,no_pose_observation,34560.0,1.33,,1,cam12/e1/v1,
phase4_smoke2,03.CCTV Mobile Usage.mkv,632de9ed55947761d56d4c6142a3cb1a1fe69d0b1a6d0e01a2e404c697962623,dfine_sahi,11200.0,phone,0.661,1043.41,421.59,1113.23,474.31,3681.1,69.82,52.72,1.324,False,,True,R-desk,9,evt_S-61_desk_work_surface_0001,7739ac136bb8b8c8,lap_bag_context,no_pose_observation,34560.0,1.33,,1,cam12/e1/v1,
phase4_smoke2,03.CCTV Mobile Usage.mkv,632de9ed55947761d56d4c6142a3cb1a1fe69d0b1a6d0e01a2e404c697962623,dfine_sahi,11200.0,monitor_or_bezel,0.6438,910.28,411.2,1141.6,506.41,22023.2,231.33,95.2,2.43,False,,True,R-desk,9,evt_S-61_desk_work_surface_0001,7739ac136bb8b8c8,lap_bag_context,no_pose_observation,34560.0,1.33,,1,cam12/e1/v1,
phase4_smoke2,03.CCTV Mobile Usage.mkv,632de9ed55947761d56d4c6142a3cb1a1fe69d0b1a6d0e01a2e404c697962623,dfine_sahi,11200.0,monitor_or_bezel,0.6147,1018.42,395.79,1145.54,447.56,6581.6,127.12,51.77,2.455,False,,True,R-desk,9,evt_S-61_desk_work_surface_0001,7739ac136bb8b8c8,lap_bag_context,no_pose_observation,34560.0,1.33,,1,cam12/e1/v1,
phase4_smoke2,03.CCTV Mobile Usage.mkv,632de9ed55947761d56d4c6142a3cb1a1fe69d0b1a6d0e01a2e404c697962623,dfine_sahi,11200.0,keyboard,0.5892,962.92,452.36,1034.68,475.56,1664.8,71.77,23.2,3.094,False,,True,R-desk,9,evt_S-61_desk_work_surface_0001,7739ac136bb8b8c8,lap_bag_context,no_pose_observation,34560.0,1.33,,1,cam12/e1/v1,
phase4_smoke2,03.CCTV Mobile Usage.mkv,632de9ed55947761d56d4c6142a3cb1a1fe69d0b1a6d0e01a2e404c697962623,dfine_sahi,11200.0,unknown_object,0.5516,699.96,396.18,857.23,492.13,15088.9,157.27,95.94,1.639,False,,True,R-desk,9,evt_S-61_desk_work_surface_0001,7739ac136bb8b8c8,lap_bag_context,no_pose_observation,34560.0,1.33,,1,cam12/e1/v1,
phase4_smoke2,03.CCTV Mobile Usage.mkv,632de9ed55947761d56d4c6142a3cb1a1fe69d0b1a6d0e01a2e404c697962623,dfine_sahi,11200.0,mouse,0.5338,864.88,413.88,892.04,435.01,574.0,27.15,21.14,1.285,False,,True,R-desk,9,evt_S-61_desk_work_surface_0001,7739ac136bb8b8c8,lap_bag_context,no_pose_observation,34560.0,1.33,,1,cam12/e1/v1,
phase4_smoke2,03.CCTV Mobile Usage.mkv,632de9ed55947761d56d4c6142a3cb1a1fe69d0b1a6d0e01a2e404c697962623,dfine_sahi,11200.0,keyboard,0.5294,772.37,380.2,871.24,420.58,3993.0,98.87,40.39,2.448,False,,True,R-desk,9,evt_S-61_desk_work_surface_0001,7739ac136bb8b8c8,lap_bag_context,no_pose_observation,34560.0,1.33,,1,cam12/e1/v1,
phase4_smoke2,03.CCTV Mobile Usage.mkv,632de9ed55947761d56d4c6142a3cb1a1fe69d0b1a6d0e01a2e404c697962623,dfine_sahi,11200.0,unknown_object,0.5237,766.66,410.97,969.84,505.91,19288.8,203.18,94.93,2.14,False,,True,R-desk,9,evt_S-61_desk_work_surface_0001,7739ac136bb8b8c8,lap_bag_context,no_pose_observation,34560.0,1.33,,1,cam12/e1/v1,
phase4_smoke2,03.CCTV Mobile Usage.mkv,632de9ed55947761d56d4c6142a3cb1a1fe69d0b1a6d0e01a2e404c697962623,dfine_sahi,11200.0,unknown_object,0.5206,707.77,379.93,969.51,474.97,24875.4,261.74,95.04,2.754,False,,True,R-desk,9,evt_S-61_desk_work_surface_0001,7739ac136bb8b8c8,lap_bag_context,no_pose_observation,34560.0,1.33,,1,cam12/e1/v1,
phase4_smoke2,03.CCTV Mobile Usage.mkv,632de9ed55947761d56d4c6142a3cb1a1fe69d0b1a6d0e01a2e404c697962623,dfine_sahi,11200.0,keyboard,0.5001,802.17,396.24,870.79,420.69,1677.9,68.61,24.45,2.806,False,,True,R-desk,9,evt_S-61_desk_work_surface_0001,7739ac136bb8b8c8,lap_bag_context,no_pose_observation,34560.0,1.33,,1,cam12/e1/v1,
phase4_smoke2,03.CCTV Mobile Usage.mkv,632de9ed55947761d56d4c6142a3cb1a1fe69d0b1a6d0e01a2e404c697962623,dfine_sahi,11200.0,unknown_object,0.4261,699.99,396.11,770.01,491.7,6692.6,70.02,95.59,0.732,False,,True,R-desk,9,evt_S-61_desk_work_surface_0001,7739ac136bb8b8c8,lap_bag_context,no_pose_observation,34560.0,1.33,,1,cam12/e1/v1,
phase4_smoke2,03.CCTV Mobile Usage.mkv,632de9ed55947761d56d4c6142a3cb1a1fe69d0b1a6d0e01a2e404c697962623,dfine_sahi,11200.0,unknown_object,0.351,881.72,411.16,969.56,453.49,3718.5,87.84,42.33,2.075,False,,True,R-desk,9,evt_S-61_desk_work_surface_0001,7739ac136bb8b8c8,lap_bag_context,no_pose_observation,34560.0,1.33,,1,cam12/e1/v1,
phase4_smoke2,03.CCTV Mobile Usage.mkv,632de9ed55947761d56d4c6142a3cb1a1fe69d0b1a6d0e01a2e404c697962623,dfine_sahi,11200.0,monitor_or_bezel,0.2997,881.31,396.18,948.85,452.47,3801.9,67.54,56.29,1.2,False,,True,R-desk,9,evt_S-61_desk_work_surface_0001,7739ac136bb8b8c8,lap_bag_context,no_pose_observation,34560.0,1.33,,1,cam12/e1/v1,
phase4_smoke2,03.CCTV Mobile Usage.mkv,632de9ed55947761d56d4c6142a3cb1a1fe69d0b1a6d0e01a2e404c697962623,dfine_sahi,11200.0,mouse,0.299,967.15,398.48,991.99,410.58,300.8,24.84,12.11,2.052,False,,True,R-desk,9,evt_S-61_desk_work_surface_0001,7739ac136bb8b8c8,lap_bag_context,no_pose_observation,34560.0,1.33,,1,cam12/e1/v1,
phase4_smoke2,03.CCTV Mobile Usage.mkv,632de9ed55947761d56d4c6142a3cb1a1fe69d0b1a6d0e01a2e404c697962623,dfine_sahi,11200.0,unknown_object,0.2859,880.4,411.64,969.91,505.59,8409.0,89.5,93.95,0.953,False,,True,R-desk,9,evt_S-61_desk_work_surface_0001,7739ac136bb8b8c8,lap_bag_context,no_pose_observation,34560.0,1.33,,1,cam12/e1/v1,
phase4_smoke2,03.CCTV Mobile Usage.mkv,632de9ed55947761d56d4c6142a3cb1a1fe69d0b1a6d0e01a2e404c697962623,dfine_sahi,11200.0,mouse,0.2578,990.77,399.34,1026.6,413.25,498.4,35.83,13.91,2.576,False,,True,R-desk,9,evt_S-61_desk_work_surface_0001,7739ac136bb8b8c8,lap_bag_context,no_pose_observation,34560.0,1.33,,1,cam12/e1/v1,
phase4_smoke2,03.CCTV Mobile Usage.mkv,632de9ed55947761d56d4c6142a3cb1a1fe69d0b1a6d0e01a2e404c697962623,dfine_sahi,11200.0,keyboard,0.9082,962.22,452.01,1067.87,491.44,4165.1,105.65,39.42,2.68,False,,True,R-desk,10,evt_S-61_upper_body_0015,7739ac136bb8b8c8,lap_bag_context,no_pose_observation,34560.0,1.33,,1,cam12/e1/v1,
phase4_smoke2,03.CCTV Mobile Usage.mkv,632de9ed55947761d56d4c6142a3cb1a1fe69d0b1a6d0e01a2e404c697962623,dfine_sahi,11200.0,monitor_or_bezel,0.6843,963.25,380.43,1152.64,474.95,17900.0,189.39,94.51,2.004,False,,True,R-desk,10,evt_S-61_upper_body_0015,7739ac136bb8b8c8,lap_bag_context,no_pose_observation,34560.0,1.33,,1,cam12/e1/v1,
phase4_smoke2,03.CCTV Mobile Usage.mkv,632de9ed55947761d56d4c6142a3cb1a1fe69d0b1a6d0e01a2e404c697962623,dfine_sahi,11200.0,phone,0.661,1043.41,421.59,1113.23,474.31,3681.1,69.82,52.72,1.324,False,,True,R-desk,10,evt_S-61_upper_body_0015,7739ac136bb8b8c8,lap_bag_context,no_pose_observation,34560.0,1.33,,1,cam12/e1/v1,
phase4_smoke2,03.CCTV Mobile Usage.mkv,632de9ed55947761d56d4c6142a3cb1a1fe69d0b1a6d0e01a2e404c697962623,dfine_sahi,11200.0,monitor_or_bezel,0.6438,910.28,411.2,1141.6,506.41,22023.2,231.33,95.2,2.43,False,,True,R-desk,10,evt_S-61_upper_body_0015,7739ac136bb8b8c8,lap_bag_context,no_pose_observation,34560.0,1.33,,1,cam12/e1/v1,
phase4_smoke2,03.CCTV Mobile Usage.mkv,632de9ed55947761d56d4c6142a3cb1a1fe69d0b1a6d0e01a2e404c697962623,dfine_sahi,11200.0,monitor_or_bezel,0.6147,1018.42,395.79,1145.54,447.56,6581.6,127.12,51.77,2.455,False,,True,R-desk,10,evt_S-61_upper_body_0015,7739ac136bb8b8c8,lap_bag_context,no_pose_observation,34560.0,1.33,,1,cam12/e1/v1,
phase4_smoke2,03.CCTV Mobile Usage.mkv,632de9ed55947761d56d4c6142a3cb1a1fe69d0b1a6d0e01a2e404c697962623,dfine_sahi,11200.0,keyboard,0.5892,962.92,452.36,1034.68,475.56,1664.8,71.77,23.2,3.094,False,,True,R-desk,10,evt_S-61_upper_body_0015,7739ac136bb8b8c8,lap_bag_context,no_pose_observation,34560.0,1.33,,1,cam12/e1/v1,
phase4_smoke2,03.CCTV Mobile Usage.mkv,632de9ed55947761d56d4c6142a3cb1a1fe69d0b1a6d0e01a2e404c697962623,dfine_sahi,11200.0,unknown_object,0.5516,699.96,396.18,857.23,492.13,15088.9,157.27,95.94,1.639,False,,True,R-desk,10,evt_S-61_upper_body_0015,7739ac136bb8b8c8,lap_bag_context,no_pose_observation,34560.0,1.33,,1,cam12/e1/v1,
phase4_smoke2,03.CCTV Mobile Usage.mkv,632de9ed55947761d56d4c6142a3cb1a1fe69d0b1a6d0e01a2e404c697962623,dfine_sahi,11200.0,mouse,0.5338,864.88,413.88,892.04,435.01,574.0,27.15,21.14,1.285,False,,True,R-desk,10,evt_S-61_upper_body_0015,7739ac136bb8b8c8,lap_bag_context,no_pose_observation,34560.0,1.33,,1,cam12/e1/v1,
phase4_smoke2,03.CCTV Mobile Usage.mkv,632de9ed55947761d56d4c6142a3cb1a1fe69d0b1a6d0e01a2e404c697962623,dfine_sahi,11200.0,keyboard,0.5294,772.37,380.2,871.24,420.58,3993.0,98.87,40.39,2.448,False,,True,R-desk,10,evt_S-61_upper_body_0015,7739ac136bb8b8c8,lap_bag_context,no_pose_observation,34560.0,1.33,,1,cam12/e1/v1,
phase4_smoke2,03.CCTV Mobile Usage.mkv,632de9ed55947761d56d4c6142a3cb1a1fe69d0b1a6d0e01a2e404c697962623,dfine_sahi,11200.0,unknown_object,0.5237,766.66,410.97,969.84,505.91,19288.8,203.18,94.93,2.14,False,,True,R-desk,10,evt_S-61_upper_body_0015,7739ac136bb8b8c8,lap_bag_context,no_pose_observation,34560.0,1.33,,1,cam12/e1/v1,
phase4_smoke2,03.CCTV Mobile Usage.mkv,632de9ed55947761d56d4c6142a3cb1a1fe69d0b1a6d0e01a2e404c697962623,dfine_sahi,11200.0,unknown_object,0.5206,707.77,379.93,969.51,474.97,24875.4,261.74,95.04,2.754,False,,True,R-desk,10,evt_S-61_upper_body_0015,7739ac136bb8b8c8,lap_bag_context,no_pose_observation,34560.0,1.33,,1,cam12/e1/v1,
phase4_smoke2,03.CCTV Mobile Usage.mkv,632de9ed55947761d56d4c6142a3cb1a1fe69d0b1a6d0e01a2e404c697962623,dfine_sahi,11200.0,keyboard,0.5001,802.17,396.24,870.79,420.69,1677.9,68.61,24.45,2.806,False,,True,R-desk,10,evt_S-61_upper_body_0015,7739ac136bb8b8c8,lap_bag_context,no_pose_observation,34560.0,1.33,,1,cam12/e1/v1,
phase4_smoke2,03.CCTV Mobile Usage.mkv,632de9ed55947761d56d4c6142a3cb1a1fe69d0b1a6d0e01a2e404c697962623,dfine_sahi,11200.0,unknown_object,0.4261,699.99,396.11,770.01,491.7,6692.6,70.02,95.59,0.732,False,,True,R-desk,10,evt_S-61_upper_body_0015,7739ac136bb8b8c8,lap_bag_context,no_pose_observation,34560.0,1.33,,1,cam12/e1/v1,
phase4_smoke2,03.CCTV Mobile Usage.mkv,632de9ed55947761d56d4c6142a3cb1a1fe69d0b1a6d0e01a2e404c697962623,dfine_sahi,11200.0,unknown_object,0.351,881.72,411.16,969.56,453.49,3718.5,87.84,42.33,2.075,False,,True,R-desk,10,evt_S-61_upper_body_0015,7739ac136bb8b8c8,lap_bag_context,no_pose_observation,34560.0,1.33,,1,cam12/e1/v1,
phase4_smoke2,03.CCTV Mobile Usage.mkv,632de9ed55947761d56d4c6142a3cb1a1fe69d0b1a6d0e01a2e404c697962623,dfine_sahi,11200.0,monitor_or_bezel,0.2997,881.31,396.18,948.85,452.47,3801.9,67.54,56.29,1.2,False,,True,R-desk,10,evt_S-61_upper_body_0015,7739ac136bb8b8c8,lap_bag_context,no_pose_observation,34560.0,1.33,,1,cam12/e1/v1,
phase4_smoke2,03.CCTV Mobile Usage.mkv,632de9ed55947761d56d4c6142a3cb1a1fe69d0b1a6d0e01a2e404c697962623,dfine_sahi,11200.0,mouse,0.299,967.15,398.48,991.99,410.58,300.8,24.84,12.11,2.052,False,,True,R-desk,10,evt_S-61_upper_body_0015,7739ac136bb8b8c8,lap_bag_context,no_pose_observation,34560.0,1.33,,1,cam12/e1/v1,
phase4_smoke2,03.CCTV Mobile Usage.mkv,632de9ed55947761d56d4c6142a3cb1a1fe69d0b1a6d0e01a2e404c697962623,dfine_sahi,11200.0,unknown_object,0.2859,880.4,411.64,969.91,505.59,8409.0,89.5,93.95,0.953,False,,True,R-desk,10,evt_S-61_upper_body_0015,7739ac136bb8b8c8,lap_bag_context,no_pose_observation,34560.0,1.33,,1,cam12/e1/v1,
phase4_smoke2,03.CCTV Mobile Usage.mkv,632de9ed55947761d56d4c6142a3cb1a1fe69d0b1a6d0e01a2e404c697962623,dfine_sahi,11200.0,mouse,0.2578,990.77,399.34,1026.6,413.25,498.4,35.83,13.91,2.576,False,,True,R-desk,10,evt_S-61_upper_body_0015,7739ac136bb8b8c8,lap_bag_context,no_pose_observation,34560.0,1.33,,1,cam12/e1/v1,
phase4_smoke2,03.CCTV Mobile Usage.mkv,632de9ed55947761d56d4c6142a3cb1a1fe69d0b1a6d0e01a2e404c697962623,dfine_sahi,11700.0,unknown_object,0.6442,57.99,510.03,85.26,552.11,1147.5,27.27,42.08,0.648,False,,True,S-61,1,evt_S-61_desk_work_surface_0001,b6a05af65e1ac343,pose_hand_context,,28995.3,3.76,,1,cam12/e1/v1,rtmpose_baseline
phase4_smoke2,03.CCTV Mobile Usage.mkv,632de9ed55947761d56d4c6142a3cb1a1fe69d0b1a6d0e01a2e404c697962623,dfine_sahi,11700.0,unknown_object,0.5521,58.03,435.09,153.92,491.52,5410.6,95.89,56.42,1.699,False,,True,S-61,1,evt_S-61_desk_work_surface_0001,b6a05af65e1ac343,pose_hand_context,,28995.3,3.76,,1,cam12/e1/v1,rtmpose_baseline
phase4_smoke2,03.CCTV Mobile Usage.mkv,632de9ed55947761d56d4c6142a3cb1a1fe69d0b1a6d0e01a2e404c697962623,dfine_sahi,11700.0,stationery,0.4808,57.97,509.52,85.38,552.39,1175.0,27.4,42.87,0.639,False,,True,S-61,1,evt_S-61_desk_work_surface_0001,b6a05af65e1ac343,pose_hand_context,,28995.3,3.76,,1,cam12/e1/v1,rtmpose_baseline
phase4_smoke2,03.CCTV Mobile Usage.mkv,632de9ed55947761d56d4c6142a3cb1a1fe69d0b1a6d0e01a2e404c697962623,dfine_sahi,11700.0,unknown_object,0.434,63.11,485.21,96.79,530.5,1525.7,33.69,45.29,0.744,False,,True,S-61,1,evt_S-61_desk_work_surface_0001,b6a05af65e1ac343,pose_hand_context,,28995.3,3.76,,1,cam12/e1/v1,rtmpose_baseline
phase4_smoke2,03.CCTV Mobile Usage.mkv,632de9ed55947761d56d4c6142a3cb1a1fe69d0b1a6d0e01a2e404c697962623,dfine_sahi,11700.0,unknown_object,0.4093,57.99,509.82,96.88,602.52,3605.2,38.89,92.7,0.42,False,,True,S-61,1,evt_S-61_desk_work_surface_0001,b6a05af65e1ac343,pose_hand_context,,28995.3,3.76,,1,cam12/e1/v1,rtmpose_baseline
phase4_smoke2,03.CCTV Mobile Usage.mkv,632de9ed55947761d56d4c6142a3cb1a1fe69d0b1a6d0e01a2e404c697962623,dfine_sahi,11700.0,unknown_object,0.3554,58.73,476.46,219.68,603.2,20399.7,160.95,126.74,1.27,False,,True,S-61,1,evt_S-61_desk_work_surface_0001,b6a05af65e1ac343,pose_hand_context,,28995.3,3.76,,1,cam12/e1/v1,rtmpose_baseline
phase4_smoke2,03.CCTV Mobile Usage.mkv,632de9ed55947761d56d4c6142a3cb1a1fe69d0b1a6d0e01a2e404c697962623,dfine_sahi,11700.0,unknown_object,0.3438,133.41,509.21,228.92,569.5,5757.9,95.51,60.28,1.584,False,,True,S-61,1,evt_S-61_desk_work_surface_0001,b6a05af65e1ac343,pose_hand_context,,28995.3,3.76,,1,cam12/e1/v1,rtmpose_baseline
phase4_smoke2,03.CCTV Mobile Usage.mkv,632de9ed55947761d56d4c6142a3cb1a1fe69d0b1a6d0e01a2e404c697962623,dfine_sahi,11700.0,unknown_object,0.3222,58.01,509.25,153.95,604.46,9134.1,95.94,95.21,1.008,False,,True,S-61,1,evt_S-61_desk_work_surface_0001,b6a05af65e1ac343,pose_hand_context,,28995.3,3.76,,1,cam12/e1/v1,rtmpose_baseline
phase4_smoke2,03.CCTV Mobile Usage.mkv,632de9ed55947761d56d4c6142a3cb1a1fe69d0b1a6d0e01a2e404c697962623,dfine_sahi,11700.0,unknown_object,0.3029,133.06,481.67,228.37,530.71,4674.2,95.31,49.04,1.943,False,,True,S-61,1,evt_S-61_desk_work_surface_0001,b6a05af65e1ac343,pose_hand_context,,28995.3,3.76,,1,cam12/e1/v1,rtmpose_baseline
phase4_smoke2,03.CCTV Mobile Usage.mkv,632de9ed55947761d56d4c6142a3cb1a1fe69d0b1a6d0e01a2e404c697962623,dfine_sahi,11700.0,unknown_object,0.2764,157.74,435.26,220.81,520.3,5363.6,63.08,85.03,0.742,False,,True,S-61,1,evt_S-61_desk_work_surface_0001,b6a05af65e1ac343,pose_hand_context,,28995.3,3.76,,1,cam12/e1/v1,rtmpose_baseline
phase4_smoke2,03.CCTV Mobile Usage.mkv,632de9ed55947761d56d4c6142a3cb1a1fe69d0b1a6d0e01a2e404c697962623,dfine_sahi,11700.0,unknown_object,0.2642,159.0,449.7,193.36,517.72,2337.4,34.36,68.02,0.505,False,,True,S-61,1,evt_S-61_desk_work_surface_0001,b6a05af65e1ac343,pose_hand_context,,28995.3,3.76,,1,cam12/e1/v1,rtmpose_baseline
phase4_smoke2,03.CCTV Mobile Usage.mkv,632de9ed55947761d56d4c6142a3cb1a1fe69d0b1a6d0e01a2e404c697962623,dfine_sahi,11700.0,unknown_object,0.2501,67.33,510.58,75.49,524.58,114.2,8.16,14.0,0.583,True,object footprint 114 px is under the 120 px floor for a call,False,S-61,1,evt_S-61_desk_work_surface_0001,b6a05af65e1ac343,pose_hand_context,,28995.3,3.76,,1,cam12/e1/v1,rtmpose_baseline
phase4_smoke2,03.CCTV Mobile Usage.mkv,632de9ed55947761d56d4c6142a3cb1a1fe69d0b1a6d0e01a2e404c697962623,dfine_sahi,11700.0,unknown_object,0.6442,57.99,510.03,85.26,552.11,1147.5,27.27,42.08,0.648,False,,True,S-61,5,evt_S-61_upper_body_0015,b6a05af65e1ac343,pose_hand_context,,28995.3,3.76,,1,cam12/e1/v1,rtmpose_baseline
phase4_smoke2,03.CCTV Mobile Usage.mkv,632de9ed55947761d56d4c6142a3cb1a1fe69d0b1a6d0e01a2e404c697962623,dfine_sahi,11700.0,unknown_object,0.5521,58.03,435.09,153.92,491.52,5410.6,95.89,56.42,1.699,False,,True,S-61,5,evt_S-61_upper_body_0015,b6a05af65e1ac343,pose_hand_context,,28995.3,3.76,,1,cam12/e1/v1,rtmpose_baseline
phase4_smoke2,03.CCTV Mobile Usage.mkv,632de9ed55947761d56d4c6142a3cb1a1fe69d0b1a6d0e01a2e404c697962623,dfine_sahi,11700.0,stationery,0.4808,57.97,509.52,85.38,552.39,1175.0,27.4,42.87,0.639,False,,True,S-61,5,evt_S-61_upper_body_0015,b6a05af65e1ac343,pose_hand_context,,28995.3,3.76,,1,cam12/e1/v1,rtmpose_baseline
phase4_smoke2,03.CCTV Mobile Usage.mkv,632de9ed55947761d56d4c6142a3cb1a1fe69d0b1a6d0e01a2e404c697962623,dfine_sahi,11700.0,unknown_object,0.434,63.11,485.21,96.79,530.5,1525.7,33.69,45.29,0.744,False,,True,S-61,5,evt_S-61_upper_body_0015,b6a05af65e1ac343,pose_hand_context,,28995.3,3.76,,1,cam12/e1/v1,rtmpose_baseline
phase4_smoke2,03.CCTV Mobile Usage.mkv,632de9ed55947761d56d4c6142a3cb1a1fe69d0b1a6d0e01a2e404c697962623,dfine_sahi,11700.0,unknown_object,0.4093,57.99,509.82,96.88,602.52,3605.2,38.89,92.7,0.42,False,,True,S-61,5,evt_S-61_upper_body_0015,b6a05af65e1ac343,pose_hand_context,,28995.3,3.76,,1,cam12/e1/v1,rtmpose_baseline
phase4_smoke2,03.CCTV Mobile Usage.mkv,632de9ed55947761d56d4c6142a3cb1a1fe69d0b1a6d0e01a2e404c697962623,dfine_sahi,11700.0,unknown_object,0.3554,58.73,476.46,219.68,603.2,20399.7,160.95,126.74,1.27,False,,True,S-61,5,evt_S-61_upper_body_0015,b6a05af65e1ac343,pose_hand_context,,28995.3,3.76,,1,cam12/e1/v1,rtmpose_baseline
phase4_smoke2,03.CCTV Mobile Usage.mkv,632de9ed55947761d56d4c6142a3cb1a1fe69d0b1a6d0e01a2e404c697962623,dfine_sahi,11700.0,unknown_object,0.3438,133.41,509.21,228.92,569.5,5757.9,95.51,60.28,1.584,False,,True,S-61,5,evt_S-61_upper_body_0015,b6a05af65e1ac343,pose_hand_context,,28995.3,3.76,,1,cam12/e1/v1,rtmpose_baseline
phase4_smoke2,03.CCTV Mobile Usage.mkv,632de9ed55947761d56d4c6142a3cb1a1fe69d0b1a6d0e01a2e404c697962623,dfine_sahi,11700.0,unknown_object,0.3222,58.01,509.25,153.95,604.46,9134.1,95.94,95.21,1.008,False,,True,S-61,5,evt_S-61_upper_body_0015,b6a05af65e1ac343,pose_hand_context,,28995.3,3.76,,1,cam12/e1/v1,rtmpose_baseline
phase4_smoke2,03.CCTV Mobile Usage.mkv,632de9ed55947761d56d4c6142a3cb1a1fe69d0b1a6d0e01a2e404c697962623,dfine_sahi,11700.0,unknown_object,0.3029,133.06,481.67,228.37,530.71,4674.2,95.31,49.04,1.943,False,,True,S-61,5,evt_S-61_upper_body_0015,b6a05af65e1ac343,pose_hand_context,,28995.3,3.76,,1,cam12/e1/v1,rtmpose_baseline
phase4_smoke2,03.CCTV Mobile Usage.mkv,632de9ed55947761d56d4c6142a3cb1a1fe69d0b1a6d0e01a2e404c697962623,dfine_sahi,11700.0,unknown_object,0.2764,157.74,435.26,220.81,520.3,5363.6,63.08,85.03,0.742,False,,True,S-61,5,evt_S-61_upper_body_0015,b6a05af65e1ac343,pose_hand_context,,28995.3,3.76,,1,cam12/e1/v1,rtmpose_baseline
phase4_smoke2,03.CCTV Mobile Usage.mkv,632de9ed55947761d56d4c6142a3cb1a1fe69d0b1a6d0e01a2e404c697962623,dfine_sahi,11700.0,unknown_object,0.2642,159.0,449.7,193.36,517.72,2337.4,34.36,68.02,0.505,False,,True,S-61,5,evt_S-61_upper_body_0015,b6a05af65e1ac343,pose_hand_context,,28995.3,3.76,,1,cam12/e1/v1,rtmpose_baseline
phase4_smoke2,03.CCTV Mobile Usage.mkv,632de9ed55947761d56d4c6142a3cb1a1fe69d0b1a6d0e01a2e404c697962623,dfine_sahi,11700.0,unknown_object,0.2501,67.33,510.58,75.49,524.58,114.2,8.16,14.0,0.583,True,object footprint 114 px is under the 120 px floor for a call,False,S-61,5,evt_S-61_upper_body_0015,b6a05af65e1ac343,pose_hand_context,,28995.3,3.76,,1,cam12/e1/v1,rtmpose_baseline
phase4_smoke2,03.CCTV Mobile Usage.mkv,632de9ed55947761d56d4c6142a3cb1a1fe69d0b1a6d0e01a2e404c697962623,dfine_sahi,11700.0,unknown_object,0.6616,194.12,302.26,289.87,397.56,9125.4,95.75,95.3,1.005,False,,True,S-61,2,evt_S-61_desk_work_surface_0001,eee0fc316a8f1a81,pose_hand_context,,28486.7,3.79,,1,cam12/e1/v1,rtmpose_baseline
phase4_smoke2,03.CCTV Mobile Usage.mkv,632de9ed55947761d56d4c6142a3cb1a1fe69d0b1a6d0e01a2e404c697962623,dfine_sahi,11700.0,unknown_object,0.4318,268.0,302.25,292.15,357.51,1334.7,24.15,55.26,0.437,False,,True,S-61,2,evt_S-61_desk_work_surface_0001,eee0fc316a8f1a81,pose_hand_context,,28486.7,3.79,,1,cam12/e1/v1,rtmpose_baseline
phase4_smoke2,03.CCTV Mobile Usage.mkv,632de9ed55947761d56d4c6142a3cb1a1fe69d0b1a6d0e01a2e404c697962623,dfine_sahi,11700.0,unknown_object,0.3898,288.7,286.28,344.8,324.7,2155.3,56.1,38.42,1.46,False,,True,S-61,2,evt_S-61_desk_work_surface_0001,eee0fc316a8f1a81,pose_hand_context,,28486.7,3.79,,1,cam12/e1/v1,rtmpose_baseline
phase4_smoke2,03.CCTV Mobile Usage.mkv,632de9ed55947761d56d4c6142a3cb1a1fe69d0b1a6d0e01a2e404c697962623,dfine_sahi,11700.0,unknown_object,0.6616,194.12,302.26,289.87,397.56,9125.4,95.75,95.3,1.005,False,,True,S-61,6,evt_S-61_upper_body_0015,eee0fc316a8f1a81,pose_hand_context,,28486.7,3.79,,1,cam12/e1/v1,rtmpose_baseline
phase4_smoke2,03.CCTV Mobile Usage.mkv,632de9ed55947761d56d4c6142a3cb1a1fe69d0b1a6d0e01a2e404c697962623,dfine_sahi,11700.0,unknown_object,0.4318,268.0,302.25,292.15,357.51,1334.7,24.15,55.26,0.437,False,,True,S-61,6,evt_S-61_upper_body_0015,eee0fc316a8f1a81,pose_hand_context,,28486.7,3.79,,1,cam12/e1/v1,rtmpose_baseline
phase4_smoke2,03.CCTV Mobile Usage.mkv,632de9ed55947761d56d4c6142a3cb1a1fe69d0b1a6d0e01a2e404c697962623,dfine_sahi,11700.0,unknown_object,0.3898,288.7,286.28,344.8,324.7,2155.3,56.1,38.42,1.46,False,,True,S-61,6,evt_S-61_upper_body_0015,eee0fc316a8f1a81,pose_hand_context,,28486.7,3.79,,1,cam12/e1/v1,rtmpose_baseline
phase4_smoke2,03.CCTV Mobile Usage.mkv,632de9ed55947761d56d4c6142a3cb1a1fe69d0b1a6d0e01a2e404c697962623,dfine_sahi,12200.0,keyboard,0.8976,962.17,451.89,1068.0,491.41,4183.0,105.84,39.52,2.678,False,,True,R-desk,11,evt_S-61_desk_work_surface_0001,590143951782a0e5,lap_bag_context,no_pose_observation,34560.0,1.33,,1,cam12/e1/v1,
phase4_smoke2,03.CCTV Mobile Usage.mkv,632de9ed55947761d56d4c6142a3cb1a1fe69d0b1a6d0e01a2e404c697962623,dfine_sahi,12200.0,monitor_or_bezel,0.7777,910.09,411.09,1140.62,506.37,21966.6,230.54,95.28,2.419,False,,True,R-desk,11,evt_S-61_desk_work_surface_0001,590143951782a0e5,lap_bag_context,no_pose_observation,34560.0,1.33,,1,cam12/e1/v1,
phase4_smoke2,03.CCTV Mobile Usage.mkv,632de9ed55947761d56d4c6142a3cb1a1fe69d0b1a6d0e01a2e404c697962623,dfine_sahi,12200.0,monitor_or_bezel,0.7661,963.09,380.45,1152.47,475.0,17904.7,189.38,94.54,2.003,False,,True,R-desk,11,evt_S-61_desk_work_surface_0001,590143951782a0e5,lap_bag_context,no_pose_observation,34560.0,1.33,,1,cam12/e1/v1,
phase4_smoke2,03.CCTV Mobile Usage.mkv,632de9ed55947761d56d4c6142a3cb1a1fe69d0b1a6d0e01a2e404c697962623,dfine_sahi,12200.0,monitor_or_bezel,0.7548,708.83,379.91,969.68,474.85,24765.2,260.85,94.94,2.747,False,,True,R-desk,11,evt_S-61_desk_work_surface_0001,590143951782a0e5,lap_bag_context,no_pose_observation,34560.0,1.33,,1,cam12/e1/v1,
phase4_smoke2,03.CCTV Mobile Usage.mkv,632de9ed55947761d56d4c6142a3cb1a1fe69d0b1a6d0e01a2e404c697962623,dfine_sahi,12200.0,keyboard,0.6396,772.54,380.22,870.59,420.39,3939.1,98.05,40.17,2.441,False,,True,R-desk,11,evt_S-61_desk_work_surface_0001,590143951782a0e5,lap_bag_context,no_pose_observation,34560.0,1.33,,1,cam12/e1/v1,
phase4_smoke2,03.CCTV Mobile Usage.mkv,632de9ed55947761d56d4c6142a3cb1a1fe69d0b1a6d0e01a2e404c697962623,dfine_sahi,12200.0,unknown_object,0.6304,699.93,411.25,871.59,506.3,16317.1,171.66,95.06,1.806,False,,True,R-desk,11,evt_S-61_desk_work_surface_0001,590143951782a0e5,lap_bag_context,no_pose_observation,34560.0,1.33,,1,cam12/e1/v1,
phase4_smoke2,03.CCTV Mobile Usage.mkv,632de9ed55947761d56d4c6142a3cb1a1fe69d0b1a6d0e01a2e404c697962623,dfine_sahi,12200.0,keyboard,0.6225,962.8,452.25,1034.66,475.56,1675.1,71.86,23.31,3.083,False,,True,R-desk,11,evt_S-61_desk_work_surface_0001,590143951782a0e5,lap_bag_context,no_pose_observation,34560.0,1.33,,1,cam12/e1/v1,
phase4_smoke2,03.CCTV Mobile Usage.mkv,632de9ed55947761d56d4c6142a3cb1a1fe69d0b1a6d0e01a2e404c697962623,dfine_sahi,12200.0,mouse,0.5362,865.33,413.73,891.65,435.43,571.2,26.33,21.69,1.214,False,,True,R-desk,11,evt_S-61_desk_work_surface_0001,590143951782a0e5,lap_bag_context,no_pose_observation,34560.0,1.33,,1,cam12/e1/v1,
phase4_smoke2,03.CCTV Mobile Usage.mkv,632de9ed55947761d56d4c6142a3cb1a1fe69d0b1a6d0e01a2e404c697962623,dfine_sahi,12200.0,phone,0.502,1043.42,420.25,1113.56,474.19,3783.5,70.14,53.94,1.3,False,,True,R-desk,11,evt_S-61_desk_work_surface_0001,590143951782a0e5,lap_bag_context,no_pose_observation,34560.0,1.33,,1,cam12/e1/v1,
phase4_smoke2,03.CCTV Mobile Usage.mkv,632de9ed55947761d56d4c6142a3cb1a1fe69d0b1a6d0e01a2e404c697962623,dfine_sahi,12200.0,keyboard,0.4259,802.41,396.23,870.38,420.7,1663.5,67.97,24.47,2.777,False,,True,R-desk,11,evt_S-61_desk_work_surface_0001,590143951782a0e5,lap_bag_context,no_pose_observation,34560.0,1.33,,1,cam12/e1/v1,
phase4_smoke2,03.CCTV Mobile Usage.mkv,632de9ed55947761d56d4c6142a3cb1a1fe69d0b1a6d0e01a2e404c697962623,dfine_sahi,12200.0,unknown_object,0.419,700.01,396.25,758.88,490.74,5562.0,58.86,94.49,0.623,False,,True,R-desk,11,evt_S-61_desk_work_surface_0001,590143951782a0e5,lap_bag_context,no_pose_observation,34560.0,1.33,,1,cam12/e1/v1,
phase4_smoke2,03.CCTV Mobile Usage.mkv,632de9ed55947761d56d4c6142a3cb1a1fe69d0b1a6d0e01a2e404c697962623,dfine_sahi,12200.0,unknown_object,0.4068,766.63,411.06,969.87,506.12,19319.4,203.24,95.06,2.138,False,,True,R-desk,11,evt_S-61_desk_work_surface_0001,590143951782a0e5,lap_bag_context,no_pose_observation,34560.0,1.33,,1,cam12/e1/v1,
phase4_smoke2,03.CCTV Mobile Usage.mkv,632de9ed55947761d56d4c6142a3cb1a1fe69d0b1a6d0e01a2e404c697962623,dfine_sahi,12200.0,keyboard,0.3822,910.14,412.27,1091.85,506.27,17080.1,181.7,94.0,1.933,False,,True,R-desk,11,evt_S-61_desk_work_surface_0001,590143951782a0e5,lap_bag_context,no_pose_observation,34560.0,1.33,,1,cam12/e1/v1,
phase4_smoke2,03.CCTV Mobile Usage.mkv,632de9ed55947761d56d4c6142a3cb1a1fe69d0b1a6d0e01a2e404c697962623,dfine_sahi,12200.0,monitor_or_bezel,0.3708,1019.35,395.54,1145.38,447.63,6564.5,126.03,52.09,2.42,False,,True,R-desk,11,evt_S-61_desk_work_surface_0001,590143951782a0e5,lap_bag_context,no_pose_observation,34560.0,1.33,,1,cam12/e1/v1,
phase4_smoke2,03.CCTV Mobile Usage.mkv,632de9ed55947761d56d4c6142a3cb1a1fe69d0b1a6d0e01a2e404c697962623,dfine_sahi,12200.0,monitor_or_bezel,0.3169,735.83,395.53,1142.96,491.11,38914.7,407.13,95.58,4.259,False,,True,R-desk,11,evt_S-61_desk_work_surface_0001,590143951782a0e5,lap_bag_context,no_pose_observation,34560.0,1.33,,1,cam12/e1/v1,
phase4_smoke2,03.CCTV Mobile Usage.mkv,632de9ed55947761d56d4c6142a3cb1a1fe69d0b1a6d0e01a2e404c697962623,dfine_sahi,12200.0,keyboard,0.3138,965.0,393.39,1115.98,475.05,12329.1,150.98,81.66,1.849,False,,True,R-desk,11,evt_S-61_desk_work_surface_0001,590143951782a0e5,lap_bag_context,no_pose_observation,34560.0,1.33,,1,cam12/e1/v1,
phase4_smoke2,03.CCTV Mobile Usage.mkv,632de9ed55947761d56d4c6142a3cb1a1fe69d0b1a6d0e01a2e404c697962623,dfine_sahi,12200.0,unknown_object,0.2949,700.09,380.34,834.48,475.76,12823.9,134.39,95.42,1.408,False,,True,R-desk,11,evt_S-61_desk_work_surface_0001,590143951782a0e5,lap_bag_context,no_pose_observation,34560.0,1.33,,1,cam12/e1/v1,
phase4_smoke2,03.CCTV Mobile Usage.mkv,632de9ed55947761d56d4c6142a3cb1a1fe69d0b1a6d0e01a2e404c697962623,dfine_sahi,12200.0,unknown_object,0.259,882.1,411.12,932.92,452.68,2112.5,50.82,41.57,1.223,False,,True,R-desk,11,evt_S-61_desk_work_surface_0001,590143951782a0e5,lap_bag_context,no_pose_observation,34560.0,1.33,,1,cam12/e1/v1,
phase4_smoke2,03.CCTV Mobile Usage.mkv,632de9ed55947761d56d4c6142a3cb1a1fe69d0b1a6d0e01a2e404c697962623,dfine_sahi,12200.0,mouse,0.2566,966.92,398.36,992.04,410.52,305.6,25.12,12.16,2.065,False,,True,R-desk,11,evt_S-61_desk_work_surface_0001,590143951782a0e5,lap_bag_context,no_pose_observation,34560.0,1.33,,1,cam12/e1/v1,
phase4_smoke2,03.CCTV Mobile Usage.mkv,632de9ed55947761d56d4c6142a3cb1a1fe69d0b1a6d0e01a2e404c697962623,dfine_sahi,12200.0,keyboard,0.2546,882.29,380.26,968.33,452.78,6239.6,86.03,72.52,1.186,False,,True,R-desk,11,evt_S-61_desk_work_surface_0001,590143951782a0e5,lap_bag_context,no_pose_observation,34560.0,1.33,,1,cam12/e1/v1,
phase4_smoke2,03.CCTV Mobile Usage.mkv,632de9ed55947761d56d4c6142a3cb1a1fe69d0b1a6d0e01a2e404c697962623,dfine_sahi,12200.0,keyboard,0.8976,962.17,451.89,1068.0,491.41,4183.0,105.84,39.52,2.678,False,,True,R-desk,13,evt_S-61_upper_body_0015,590143951782a0e5,lap_bag_context,no_pose_observation,34560.0,1.33,,1,cam12/e1/v1,
phase4_smoke2,03.CCTV Mobile Usage.mkv,632de9ed55947761d56d4c6142a3cb1a1fe69d0b1a6d0e01a2e404c697962623,dfine_sahi,12200.0,monitor_or_bezel,0.7777,910.09,411.09,1140.62,506.37,21966.6,230.54,95.28,2.419,False,,True,R-desk,13,evt_S-61_upper_body_0015,590143951782a0e5,lap_bag_context,no_pose_observation,34560.0,1.33,,1,cam12/e1/v1,
phase4_smoke2,03.CCTV Mobile Usage.mkv,632de9ed55947761d56d4c6142a3cb1a1fe69d0b1a6d0e01a2e404c697962623,dfine_sahi,12200.0,monitor_or_bezel,0.7661,963.09,380.45,1152.47,475.0,17904.7,189.38,94.54,2.003,False,,True,R-desk,13,evt_S-61_upper_body_0015,590143951782a0e5,lap_bag_context,no_pose_observation,34560.0,1.33,,1,cam12/e1/v1,
phase4_smoke2,03.CCTV Mobile Usage.mkv,632de9ed55947761d56d4c6142a3cb1a1fe69d0b1a6d0e01a2e404c697962623,dfine_sahi,12200.0,monitor_or_bezel,0.7548,708.83,379.91,969.68,474.85,24765.2,260.85,94.94,2.747,False,,True,R-desk,13,evt_S-61_upper_body_0015,590143951782a0e5,lap_bag_context,no_pose_observation,34560.0,1.33,,1,cam12/e1/v1,
phase4_smoke2,03.CCTV Mobile Usage.mkv,632de9ed55947761d56d4c6142a3cb1a1fe69d0b1a6d0e01a2e404c697962623,dfine_sahi,12200.0,keyboard,0.6396,772.54,380.22,870.59,420.39,3939.1,98.05,40.17,2.441,False,,True,R-desk,13,evt_S-61_upper_body_0015,590143951782a0e5,lap_bag_context,no_pose_observation,34560.0,1.33,,1,cam12/e1/v1,
phase4_smoke2,03.CCTV Mobile Usage.mkv,632de9ed55947761d56d4c6142a3cb1a1fe69d0b1a6d0e01a2e404c697962623,dfine_sahi,12200.0,unknown_object,0.6304,699.93,411.25,871.59,506.3,16317.1,171.66,95.06,1.806,False,,True,R-desk,13,evt_S-61_upper_body_0015,590143951782a0e5,lap_bag_context,no_pose_observation,34560.0,1.33,,1,cam12/e1/v1,
phase4_smoke2,03.CCTV Mobile Usage.mkv,632de9ed55947761d56d4c6142a3cb1a1fe69d0b1a6d0e01a2e404c697962623,dfine_sahi,12200.0,keyboard,0.6225,962.8,452.25,1034.66,475.56,1675.1,71.86,23.31,3.083,False,,True,R-desk,13,evt_S-61_upper_body_0015,590143951782a0e5,lap_bag_context,no_pose_observation,34560.0,1.33,,1,cam12/e1/v1,
phase4_smoke2,03.CCTV Mobile Usage.mkv,632de9ed55947761d56d4c6142a3cb1a1fe69d0b1a6d0e01a2e404c697962623,dfine_sahi,12200.0,mouse,0.5362,865.33,413.73,891.65,435.43,571.2,26.33,21.69,1.214,False,,True,R-desk,13,evt_S-61_upper_body_0015,590143951782a0e5,lap_bag_context,no_pose_observation,34560.0,1.33,,1,cam12/e1/v1,
phase4_smoke2,03.CCTV Mobile Usage.mkv,632de9ed55947761d56d4c6142a3cb1a1fe69d0b1a6d0e01a2e404c697962623,dfine_sahi,12200.0,phone,0.502,1043.42,420.25,1113.56,474.19,3783.5,70.14,53.94,1.3,False,,True,R-desk,13,evt_S-61_upper_body_0015,590143951782a0e5,lap_bag_context,no_pose_observation,34560.0,1.33,,1,cam12/e1/v1,
phase4_smoke2,03.CCTV Mobile Usage.mkv,632de9ed55947761d56d4c6142a3cb1a1fe69d0b1a6d0e01a2e404c697962623,dfine_sahi,12200.0,keyboard,0.4259,802.41,396.23,870.38,420.7,1663.5,67.97,24.47,2.777,False,,True,R-desk,13,evt_S-61_upper_body_0015,590143951782a0e5,lap_bag_context,no_pose_observation,34560.0,1.33,,1,cam12/e1/v1,
phase4_smoke2,03.CCTV Mobile Usage.mkv,632de9ed55947761d56d4c6142a3cb1a1fe69d0b1a6d0e01a2e404c697962623,dfine_sahi,12200.0,unknown_object,0.419,700.01,396.25,758.88,490.74,5562.0,58.86,94.49,0.623,False,,True,R-desk,13,evt_S-61_upper_body_0015,590143951782a0e5,lap_bag_context,no_pose_observation,34560.0,1.33,,1,cam12/e1/v1,
phase4_smoke2,03.CCTV Mobile Usage.mkv,632de9ed55947761d56d4c6142a3cb1a1fe69d0b1a6d0e01a2e404c697962623,dfine_sahi,12200.0,unknown_object,0.4068,766.63,411.06,969.87,506.12,19319.4,203.24,95.06,2.138,False,,True,R-desk,13,evt_S-61_upper_body_0015,590143951782a0e5,lap_bag_context,no_pose_observation,34560.0,1.33,,1,cam12/e1/v1,
phase4_smoke2,03.CCTV Mobile Usage.mkv,632de9ed55947761d56d4c6142a3cb1a1fe69d0b1a6d0e01a2e404c697962623,dfine_sahi,12200.0,keyboard,0.3822,910.14,412.27,1091.85,506.27,17080.1,181.7,94.0,1.933,False,,True,R-desk,13,evt_S-61_upper_body_0015,590143951782a0e5,lap_bag_context,no_pose_observation,34560.0,1.33,,1,cam12/e1/v1,
phase4_smoke2,03.CCTV Mobile Usage.mkv,632de9ed55947761d56d4c6142a3cb1a1fe69d0b1a6d0e01a2e404c697962623,dfine_sahi,12200.0,monitor_or_bezel,0.3708,1019.35,395.54,1145.38,447.63,6564.5,126.03,52.09,2.42,False,,True,R-desk,13,evt_S-61_upper_body_0015,590143951782a0e5,lap_bag_context,no_pose_observation,34560.0,1.33,,1,cam12/e1/v1,
phase4_smoke2,03.CCTV Mobile Usage.mkv,632de9ed55947761d56d4c6142a3cb1a1fe69d0b1a6d0e01a2e404c697962623,dfine_sahi,12200.0,monitor_or_bezel,0.3169,735.83,395.53,1142.96,491.11,38914.7,407.13,95.58,4.259,False,,True,R-desk,13,evt_S-61_upper_body_0015,590143951782a0e5,lap_bag_context,no_pose_observation,34560.0,1.33,,1,cam12/e1/v1,
phase4_smoke2,03.CCTV Mobile Usage.mkv,632de9ed55947761d56d4c6142a3cb1a1fe69d0b1a6d0e01a2e404c697962623,dfine_sahi,12200.0,keyboard,0.3138,965.0,393.39,1115.98,475.05,12329.1,150.98,81.66,1.849,False,,True,R-desk,13,evt_S-61_upper_body_0015,590143951782a0e5,lap_bag_context,no_pose_observation,34560.0,1.33,,1,cam12/e1/v1,
phase4_smoke2,03.CCTV Mobile Usage.mkv,632de9ed55947761d56d4c6142a3cb1a1fe69d0b1a6d0e01a2e404c697962623,dfine_sahi,12200.0,unknown_object,0.2949,700.09,380.34,834.48,475.76,12823.9,134.39,95.42,1.408,False,,True,R-desk,13,evt_S-61_upper_body_0015,590143951782a0e5,lap_bag_context,no_pose_observation,34560.0,1.33,,1,cam12/e1/v1,
phase4_smoke2,03.CCTV Mobile Usage.mkv,632de9ed55947761d56d4c6142a3cb1a1fe69d0b1a6d0e01a2e404c697962623,dfine_sahi,12200.0,unknown_object,0.259,882.1,411.12,932.92,452.68,2112.5,50.82,41.57,1.223,False,,True,R-desk,13,evt_S-61_upper_body_0015,590143951782a0e5,lap_bag_context,no_pose_observation,34560.0,1.33,,1,cam12/e1/v1,
phase4_smoke2,03.CCTV Mobile Usage.mkv,632de9ed55947761d56d4c6142a3cb1a1fe69d0b1a6d0e01a2e404c697962623,dfine_sahi,12200.0,mouse,0.2566,966.92,398.36,992.04,410.52,305.6,25.12,12.16,2.065,False,,True,R-desk,13,evt_S-61_upper_body_0015,590143951782a0e5,lap_bag_context,no_pose_observation,34560.0,1.33,,1,cam12/e1/v1,
phase4_smoke2,03.CCTV Mobile Usage.mkv,632de9ed55947761d56d4c6142a3cb1a1fe69d0b1a6d0e01a2e404c697962623,dfine_sahi,12200.0,keyboard,0.2546,882.29,380.26,968.33,452.78,6239.6,86.03,72.52,1.186,False,,True,R-desk,13,evt_S-61_upper_body_0015,590143951782a0e5,lap_bag_context,no_pose_observation,34560.0,1.33,,1,cam12/e1/v1,
phase4_smoke2,03.CCTV Mobile Usage.mkv,632de9ed55947761d56d4c6142a3cb1a1fe69d0b1a6d0e01a2e404c697962623,dfine_sahi,12200.0,keyboard,0.8976,962.17,451.89,1068.0,491.41,4183.0,105.84,39.52,2.678,False,,True,R-desk,9,evt_S-61_desk_work_surface_0001,590143951782a0e5,lap_bag_context,no_pose_observation,34560.0,1.33,,1,cam12/e1/v1,
phase4_smoke2,03.CCTV Mobile Usage.mkv,632de9ed55947761d56d4c6142a3cb1a1fe69d0b1a6d0e01a2e404c697962623,dfine_sahi,12200.0,monitor_or_bezel,0.7777,910.09,411.09,1140.62,506.37,21966.6,230.54,95.28,2.419,False,,True,R-desk,9,evt_S-61_desk_work_surface_0001,590143951782a0e5,lap_bag_context,no_pose_observation,34560.0,1.33,,1,cam12/e1/v1,
phase4_smoke2,03.CCTV Mobile Usage.mkv,632de9ed55947761d56d4c6142a3cb1a1fe69d0b1a6d0e01a2e404c697962623,dfine_sahi,12200.0,monitor_or_bezel,0.7661,963.09,380.45,1152.47,475.0,17904.7,189.38,94.54,2.003,False,,True,R-desk,9,evt_S-61_desk_work_surface_0001,590143951782a0e5,lap_bag_context,no_pose_observation,34560.0,1.33,,1,cam12/e1/v1,
phase4_smoke2,03.CCTV Mobile Usage.mkv,632de9ed55947761d56d4c6142a3cb1a1fe69d0b1a6d0e01a2e404c697962623,dfine_sahi,12200.0,monitor_or_bezel,0.7548,708.83,379.91,969.68,474.85,24765.2,260.85,94.94,2.747,False,,True,R-desk,9,evt_S-61_desk_work_surface_0001,590143951782a0e5,lap_bag_context,no_pose_observation,34560.0,1.33,,1,cam12/e1/v1,
phase4_smoke2,03.CCTV Mobile Usage.mkv,632de9ed55947761d56d4c6142a3cb1a1fe69d0b1a6d0e01a2e404c697962623,dfine_sahi,12200.0,keyboard,0.6396,772.54,380.22,870.59,420.39,3939.1,98.05,40.17,2.441,False,,True,R-desk,9,evt_S-61_desk_work_surface_0001,590143951782a0e5,lap_bag_context,no_pose_observation,34560.0,1.33,,1,cam12/e1/v1,
phase4_smoke2,03.CCTV Mobile Usage.mkv,632de9ed55947761d56d4c6142a3cb1a1fe69d0b1a6d0e01a2e404c697962623,dfine_sahi,12200.0,unknown_object,0.6304,699.93,411.25,871.59,506.3,16317.1,171.66,95.06,1.806,False,,True,R-desk,9,evt_S-61_desk_work_surface_0001,590143951782a0e5,lap_bag_context,no_pose_observation,34560.0,1.33,,1,cam12/e1/v1,
phase4_smoke2,03.CCTV Mobile Usage.mkv,632de9ed55947761d56d4c6142a3cb1a1fe69d0b1a6d0e01a2e404c697962623,dfine_sahi,12200.0,keyboard,0.6225,962.8,452.25,1034.66,475.56,1675.1,71.86,23.31,3.083,False,,True,R-desk,9,evt_S-61_desk_work_surface_0001,590143951782a0e5,lap_bag_context,no_pose_observation,34560.0,1.33,,1,cam12/e1/v1,
phase4_smoke2,03.CCTV Mobile Usage.mkv,632de9ed55947761d56d4c6142a3cb1a1fe69d0b1a6d0e01a2e404c697962623,dfine_sahi,12200.0,mouse,0.5362,865.33,413.73,891.65,435.43,571.2,26.33,21.69,1.214,False,,True,R-desk,9,evt_S-61_desk_work_surface_0001,590143951782a0e5,lap_bag_context,no_pose_observation,34560.0,1.33,,1,cam12/e1/v1,
phase4_smoke2,03.CCTV Mobile Usage.mkv,632de9ed55947761d56d4c6142a3cb1a1fe69d0b1a6d0e01a2e404c697962623,dfine_sahi,12200.0,phone,0.502,1043.42,420.25,1113.56,474.19,3783.5,70.14,53.94,1.3,False,,True,R-desk,9,evt_S-61_desk_work_surface_0001,590143951782a0e5,lap_bag_context,no_pose_observation,34560.0,1.33,,1,cam12/e1/v1,
phase4_smoke2,03.CCTV Mobile Usage.mkv,632de9ed55947761d56d4c6142a3cb1a1fe69d0b1a6d0e01a2e404c697962623,dfine_sahi,12200.0,keyboard,0.4259,802.41,396.23,870.38,420.7,1663.5,67.97,24.47,2.777,False,,True,R-desk,9,evt_S-61_desk_work_surface_0001,590143951782a0e5,lap_bag_context,no_pose_observation,34560.0,1.33,,1,cam12/e1/v1,
phase4_smoke2,03.CCTV Mobile Usage.mkv,632de9ed55947761d56d4c6142a3cb1a1fe69d0b1a6d0e01a2e404c697962623,dfine_sahi,12200.0,unknown_object,0.419,700.01,396.25,758.88,490.74,5562.0,58.86,94.49,0.623,False,,True,R-desk,9,evt_S-61_desk_work_surface_0001,590143951782a0e5,lap_bag_context,no_pose_observation,34560.0,1.33,,1,cam12/e1/v1,
phase4_smoke2,03.CCTV Mobile Usage.mkv,632de9ed55947761d56d4c6142a3cb1a1fe69d0b1a6d0e01a2e404c697962623,dfine_sahi,12200.0,unknown_object,0.4068,766.63,411.06,969.87,506.12,19319.4,203.24,95.06,2.138,False,,True,R-desk,9,evt_S-61_desk_work_surface_0001,590143951782a0e5,lap_bag_context,no_pose_observation,34560.0,1.33,,1,cam12/e1/v1,
phase4_smoke2,03.CCTV Mobile Usage.mkv,632de9ed55947761d56d4c6142a3cb1a1fe69d0b1a6d0e01a2e404c697962623,dfine_sahi,12200.0,keyboard,0.3822,910.14,412.27,1091.85,506.27,17080.1,181.7,94.0,1.933,False,,True,R-desk,9,evt_S-61_desk_work_surface_0001,590143951782a0e5,lap_bag_context,no_pose_observation,34560.0,1.33,,1,cam12/e1/v1,
phase4_smoke2,03.CCTV Mobile Usage.mkv,632de9ed55947761d56d4c6142a3cb1a1fe69d0b1a6d0e01a2e404c697962623,dfine_sahi,12200.0,monitor_or_bezel,0.3708,1019.35,395.54,1145.38,447.63,6564.5,126.03,52.09,2.42,False,,True,R-desk,9,evt_S-61_desk_work_surface_0001,590143951782a0e5,lap_bag_context,no_pose_observation,34560.0,1.33,,1,cam12/e1/v1,
phase4_smoke2,03.CCTV Mobile Usage.mkv,632de9ed55947761d56d4c6142a3cb1a1fe69d0b1a6d0e01a2e404c697962623,dfine_sahi,12200.0,monitor_or_bezel,0.3169,735.83,395.53,1142.96,491.11,38914.7,407.13,95.58,4.259,False,,True,R-desk,9,evt_S-61_desk_work_surface_0001,590143951782a0e5,lap_bag_context,no_pose_observation,34560.0,1.33,,1,cam12/e1/v1,
phase4_smoke2,03.CCTV Mobile Usage.mkv,632de9ed55947761d56d4c6142a3cb1a1fe69d0b1a6d0e01a2e404c697962623,dfine_sahi,12200.0,keyboard,0.3138,965.0,393.39,1115.98,475.05,12329.1,150.98,81.66,1.849,False,,True,R-desk,9,evt_S-61_desk_work_surface_0001,590143951782a0e5,lap_bag_context,no_pose_observation,34560.0,1.33,,1,cam12/e1/v1,
phase4_smoke2,03.CCTV Mobile Usage.mkv,632de9ed55947761d56d4c6142a3cb1a1fe69d0b1a6d0e01a2e404c697962623,dfine_sahi,12200.0,unknown_object,0.2949,700.09,380.34,834.48,475.76,12823.9,134.39,95.42,1.408,False,,True,R-desk,9,evt_S-61_desk_work_surface_0001,590143951782a0e5,lap_bag_context,no_pose_observation,34560.0,1.33,,1,cam12/e1/v1,
phase4_smoke2,03.CCTV Mobile Usage.mkv,632de9ed55947761d56d4c6142a3cb1a1fe69d0b1a6d0e01a2e404c697962623,dfine_sahi,12200.0,unknown_object,0.259,882.1,411.12,932.92,452.68,2112.5,50.82,41.57,1.223,False,,True,R-desk,9,evt_S-61_desk_work_surface_0001,590143951782a0e5,lap_bag_context,no_pose_observation,34560.0,1.33,,1,cam12/e1/v1,
phase4_smoke2,03.CCTV Mobile Usage.mkv,632de9ed55947761d56d4c6142a3cb1a1fe69d0b1a6d0e01a2e404c697962623,dfine_sahi,12200.0,mouse,0.2566,966.92,398.36,992.04,410.52,305.6,25.12,12.16,2.065,False,,True,R-desk,9,evt_S-61_desk_work_surface_0001,590143951782a0e5,lap_bag_context,no_pose_observation,34560.0,1.33,,1,cam12/e1/v1,
phase4_smoke2,03.CCTV Mobile Usage.mkv,632de9ed55947761d56d4c6142a3cb1a1fe69d0b1a6d0e01a2e404c697962623,dfine_sahi,12200.0,keyboard,0.2546,882.29,380.26,968.33,452.78,6239.6,86.03,72.52,1.186,False,,True,R-desk,9,evt_S-61_desk_work_surface_0001,590143951782a0e5,lap_bag_context,no_pose_observation,34560.0,1.33,,1,cam12/e1/v1,
phase4_smoke2,03.CCTV Mobile Usage.mkv,632de9ed55947761d56d4c6142a3cb1a1fe69d0b1a6d0e01a2e404c697962623,dfine_sahi,12200.0,keyboard,0.8976,962.17,451.89,1068.0,491.41,4183.0,105.84,39.52,2.678,False,,True,R-desk,10,evt_S-61_upper_body_0015,590143951782a0e5,lap_bag_context,no_pose_observation,34560.0,1.33,,1,cam12/e1/v1,
phase4_smoke2,03.CCTV Mobile Usage.mkv,632de9ed55947761d56d4c6142a3cb1a1fe69d0b1a6d0e01a2e404c697962623,dfine_sahi,12200.0,monitor_or_bezel,0.7777,910.09,411.09,1140.62,506.37,21966.6,230.54,95.28,2.419,False,,True,R-desk,10,evt_S-61_upper_body_0015,590143951782a0e5,lap_bag_context,no_pose_observation,34560.0,1.33,,1,cam12/e1/v1,
phase4_smoke2,03.CCTV Mobile Usage.mkv,632de9ed55947761d56d4c6142a3cb1a1fe69d0b1a6d0e01a2e404c697962623,dfine_sahi,12200.0,monitor_or_bezel,0.7661,963.09,380.45,1152.47,475.0,17904.7,189.38,94.54,2.003,False,,True,R-desk,10,evt_S-61_upper_body_0015,590143951782a0e5,lap_bag_context,no_pose_observation,34560.0,1.33,,1,cam12/e1/v1,
phase4_smoke2,03.CCTV Mobile Usage.mkv,632de9ed55947761d56d4c6142a3cb1a1fe69d0b1a6d0e01a2e404c697962623,dfine_sahi,12200.0,monitor_or_bezel,0.7548,708.83,379.91,969.68,474.85,24765.2,260.85,94.94,2.747,False,,True,R-desk,10,evt_S-61_upper_body_0015,590143951782a0e5,lap_bag_context,no_pose_observation,34560.0,1.33,,1,cam12/e1/v1,
phase4_smoke2,03.CCTV Mobile Usage.mkv,632de9ed55947761d56d4c6142a3cb1a1fe69d0b1a6d0e01a2e404c697962623,dfine_sahi,12200.0,keyboard,0.6396,772.54,380.22,870.59,420.39,3939.1,98.05,40.17,2.441,False,,True,R-desk,10,evt_S-61_upper_body_0015,590143951782a0e5,lap_bag_context,no_pose_observation,34560.0,1.33,,1,cam12/e1/v1,
phase4_smoke2,03.CCTV Mobile Usage.mkv,632de9ed55947761d56d4c6142a3cb1a1fe69d0b1a6d0e01a2e404c697962623,dfine_sahi,12200.0,unknown_object,0.6304,699.93,411.25,871.59,506.3,16317.1,171.66,95.06,1.806,False,,True,R-desk,10,evt_S-61_upper_body_0015,590143951782a0e5,lap_bag_context,no_pose_observation,34560.0,1.33,,1,cam12/e1/v1,
phase4_smoke2,03.CCTV Mobile Usage.mkv,632de9ed55947761d56d4c6142a3cb1a1fe69d0b1a6d0e01a2e404c697962623,dfine_sahi,12200.0,keyboard,0.6225,962.8,452.25,1034.66,475.56,1675.1,71.86,23.31,3.083,False,,True,R-desk,10,evt_S-61_upper_body_0015,590143951782a0e5,lap_bag_context,no_pose_observation,34560.0,1.33,,1,cam12/e1/v1,
phase4_smoke2,03.CCTV Mobile Usage.mkv,632de9ed55947761d56d4c6142a3cb1a1fe69d0b1a6d0e01a2e404c697962623,dfine_sahi,12200.0,mouse,0.5362,865.33,413.73,891.65,435.43,571.2,26.33,21.69,1.214,False,,True,R-desk,10,evt_S-61_upper_body_0015,590143951782a0e5,lap_bag_context,no_pose_observation,34560.0,1.33,,1,cam12/e1/v1,
phase4_smoke2,03.CCTV Mobile Usage.mkv,632de9ed55947761d56d4c6142a3cb1a1fe69d0b1a6d0e01a2e404c697962623,dfine_sahi,12200.0,phone,0.502,1043.42,420.25,1113.56,474.19,3783.5,70.14,53.94,1.3,False,,True,R-desk,10,evt_S-61_upper_body_0015,590143951782a0e5,lap_bag_context,no_pose_observation,34560.0,1.33,,1,cam12/e1/v1,
phase4_smoke2,03.CCTV Mobile Usage.mkv,632de9ed55947761d56d4c6142a3cb1a1fe69d0b1a6d0e01a2e404c697962623,dfine_sahi,12200.0,keyboard,0.4259,802.41,396.23,870.38,420.7,1663.5,67.97,24.47,2.777,False,,True,R-desk,10,evt_S-61_upper_body_0015,590143951782a0e5,lap_bag_context,no_pose_observation,34560.0,1.33,,1,cam12/e1/v1,
phase4_smoke2,03.CCTV Mobile Usage.mkv,632de9ed55947761d56d4c6142a3cb1a1fe69d0b1a6d0e01a2e404c697962623,dfine_sahi,12200.0,unknown_object,0.419,700.01,396.25,758.88,490.74,5562.0,58.86,94.49,0.623,False,,True,R-desk,10,evt_S-61_upper_body_0015,590143951782a0e5,lap_bag_context,no_pose_observation,34560.0,1.33,,1,cam12/e1/v1,
phase4_smoke2,03.CCTV Mobile Usage.mkv,632de9ed55947761d56d4c6142a3cb1a1fe69d0b1a6d0e01a2e404c697962623,dfine_sahi,12200.0,unknown_object,0.4068,766.63,411.06,969.87,506.12,19319.4,203.24,95.06,2.138,False,,True,R-desk,10,evt_S-61_upper_body_0015,590143951782a0e5,lap_bag_context,no_pose_observation,34560.0,1.33,,1,cam12/e1/v1,
phase4_smoke2,03.CCTV Mobile Usage.mkv,632de9ed55947761d56d4c6142a3cb1a1fe69d0b1a6d0e01a2e404c697962623,dfine_sahi,12200.0,keyboard,0.3822,910.14,412.27,1091.85,506.27,17080.1,181.7,94.0,1.933,False,,True,R-desk,10,evt_S-61_upper_body_0015,590143951782a0e5,lap_bag_context,no_pose_observation,34560.0,1.33,,1,cam12/e1/v1,
phase4_smoke2,03.CCTV Mobile Usage.mkv,632de9ed55947761d56d4c6142a3cb1a1fe69d0b1a6d0e01a2e404c697962623,dfine_sahi,12200.0,monitor_or_bezel,0.3708,1019.35,395.54,1145.38,447.63,6564.5,126.03,52.09,2.42,False,,True,R-desk,10,evt_S-61_upper_body_0015,590143951782a0e5,lap_bag_context,no_pose_observation,34560.0,1.33,,1,cam12/e1/v1,
phase4_smoke2,03.CCTV Mobile Usage.mkv,632de9ed55947761d56d4c6142a3cb1a1fe69d0b1a6d0e01a2e404c697962623,dfine_sahi,12200.0,monitor_or_bezel,0.3169,735.83,395.53,1142.96,491.11,38914.7,407.13,95.58,4.259,False,,True,R-desk,10,evt_S-61_upper_body_0015,590143951782a0e5,lap_bag_context,no_pose_observation,34560.0,1.33,,1,cam12/e1/v1,
phase4_smoke2,03.CCTV Mobile Usage.mkv,632de9ed55947761d56d4c6142a3cb1a1fe69d0b1a6d0e01a2e404c697962623,dfine_sahi,12200.0,keyboard,0.3138,965.0,393.39,1115.98,475.05,12329.1,150.98,81.66,1.849,False,,True,R-desk,10,evt_S-61_upper_body_0015,590143951782a0e5,lap_bag_context,no_pose_observation,34560.0,1.33,,1,cam12/e1/v1,
phase4_smoke2,03.CCTV Mobile Usage.mkv,632de9ed55947761d56d4c6142a3cb1a1fe69d0b1a6d0e01a2e404c697962623,dfine_sahi,12200.0,unknown_object,0.2949,700.09,380.34,834.48,475.76,12823.9,134.39,95.42,1.408,False,,True,R-desk,10,evt_S-61_upper_body_0015,590143951782a0e5,lap_bag_context,no_pose_observation,34560.0,1.33,,1,cam12/e1/v1,
phase4_smoke2,03.CCTV Mobile Usage.mkv,632de9ed55947761d56d4c6142a3cb1a1fe69d0b1a6d0e01a2e404c697962623,dfine_sahi,12200.0,unknown_object,0.259,882.1,411.12,932.92,452.68,2112.5,50.82,41.57,1.223,False,,True,R-desk,10,evt_S-61_upper_body_0015,590143951782a0e5,lap_bag_context,no_pose_observation,34560.0,1.33,,1,cam12/e1/v1,
phase4_smoke2,03.CCTV Mobile Usage.mkv,632de9ed55947761d56d4c6142a3cb1a1fe69d0b1a6d0e01a2e404c697962623,dfine_sahi,12200.0,mouse,0.2566,966.92,398.36,992.04,410.52,305.6,25.12,12.16,2.065,False,,True,R-desk,10,evt_S-61_upper_body_0015,590143951782a0e5,lap_bag_context,no_pose_observation,34560.0,1.33,,1,cam12/e1/v1,
phase4_smoke2,03.CCTV Mobile Usage.mkv,632de9ed55947761d56d4c6142a3cb1a1fe69d0b1a6d0e01a2e404c697962623,dfine_sahi,12200.0,keyboard,0.2546,882.29,380.26,968.33,452.78,6239.6,86.03,72.52,1.186,False,,True,R-desk,10,evt_S-61_upper_body_0015,590143951782a0e5,lap_bag_context,no_pose_observation,34560.0,1.33,,1,cam12/e1/v1,
phase4_smoke2,03.CCTV Mobile Usage.mkv,632de9ed55947761d56d4c6142a3cb1a1fe69d0b1a6d0e01a2e404c697962623,dfine_sahi,12200.0,keyboard,0.8976,962.17,451.89,1068.0,491.41,4183.0,105.84,39.52,2.678,False,,True,R-desk,12,evt_S-61_desk_work_surface_0001,590143951782a0e5,lap_bag_context,no_pose_observation,34560.0,1.33,,1,cam12/e1/v1,
phase4_smoke2,03.CCTV Mobile Usage.mkv,632de9ed55947761d56d4c6142a3cb1a1fe69d0b1a6d0e01a2e404c697962623,dfine_sahi,12200.0,monitor_or_bezel,0.7777,910.09,411.09,1140.62,506.37,21966.6,230.54,95.28,2.419,False,,True,R-desk,12,evt_S-61_desk_work_surface_0001,590143951782a0e5,lap_bag_context,no_pose_observation,34560.0,1.33,,1,cam12/e1/v1,
phase4_smoke2,03.CCTV Mobile Usage.mkv,632de9ed55947761d56d4c6142a3cb1a1fe69d0b1a6d0e01a2e404c697962623,dfine_sahi,12200.0,monitor_or_bezel,0.7661,963.09,380.45,1152.47,475.0,17904.7,189.38,94.54,2.003,False,,True,R-desk,12,evt_S-61_desk_work_surface_0001,590143951782a0e5,lap_bag_context,no_pose_observation,34560.0,1.33,,1,cam12/e1/v1,
phase4_smoke2,03.CCTV Mobile Usage.mkv,632de9ed55947761d56d4c6142a3cb1a1fe69d0b1a6d0e01a2e404c697962623,dfine_sahi,12200.0,monitor_or_bezel,0.7548,708.83,379.91,969.68,474.85,24765.2,260.85,94.94,2.747,False,,True,R-desk,12,evt_S-61_desk_work_surface_0001,590143951782a0e5,lap_bag_context,no_pose_observation,34560.0,1.33,,1,cam12/e1/v1,
phase4_smoke2,03.CCTV Mobile Usage.mkv,632de9ed55947761d56d4c6142a3cb1a1fe69d0b1a6d0e01a2e404c697962623,dfine_sahi,12200.0,keyboard,0.6396,772.54,380.22,870.59,420.39,3939.1,98.05,40.17,2.441,False,,True,R-desk,12,evt_S-61_desk_work_surface_0001,590143951782a0e5,lap_bag_context,no_pose_observation,34560.0,1.33,,1,cam12/e1/v1,
phase4_smoke2,03.CCTV Mobile Usage.mkv,632de9ed55947761d56d4c6142a3cb1a1fe69d0b1a6d0e01a2e404c697962623,dfine_sahi,12200.0,unknown_object,0.6304,699.93,411.25,871.59,506.3,16317.1,171.66,95.06,1.806,False,,True,R-desk,12,evt_S-61_desk_work_surface_0001,590143951782a0e5,lap_bag_context,no_pose_observation,34560.0,1.33,,1,cam12/e1/v1,
phase4_smoke2,03.CCTV Mobile Usage.mkv,632de9ed55947761d56d4c6142a3cb1a1fe69d0b1a6d0e01a2e404c697962623,dfine_sahi,12200.0,keyboard,0.6225,962.8,452.25,1034.66,475.56,1675.1,71.86,23.31,3.083,False,,True,R-desk,12,evt_S-61_desk_work_surface_0001,590143951782a0e5,lap_bag_context,no_pose_observation,34560.0,1.33,,1,cam12/e1/v1,
phase4_smoke2,03.CCTV Mobile Usage.mkv,632de9ed55947761d56d4c6142a3cb1a1fe69d0b1a6d0e01a2e404c697962623,dfine_sahi,12200.0,mouse,0.5362,865.33,413.73,891.65,435.43,571.2,26.33,21.69,1.214,False,,True,R-desk,12,evt_S-61_desk_work_surface_0001,590143951782a0e5,lap_bag_context,no_pose_observation,34560.0,1.33,,1,cam12/e1/v1,
phase4_smoke2,03.CCTV Mobile Usage.mkv,632de9ed55947761d56d4c6142a3cb1a1fe69d0b1a6d0e01a2e404c697962623,dfine_sahi,12200.0,phone,0.502,1043.42,420.25,1113.56,474.19,3783.5,70.14,53.94,1.3,False,,True,R-desk,12,evt_S-61_desk_work_surface_0001,590143951782a0e5,lap_bag_context,no_pose_observation,34560.0,1.33,,1,cam12/e1/v1,
phase4_smoke2,03.CCTV Mobile Usage.mkv,632de9ed55947761d56d4c6142a3cb1a1fe69d0b1a6d0e01a2e404c697962623,dfine_sahi,12200.0,keyboard,0.4259,802.41,396.23,870.38,420.7,1663.5,67.97,24.47,2.777,False,,True,R-desk,12,evt_S-61_desk_work_surface_0001,590143951782a0e5,lap_bag_context,no_pose_observation,34560.0,1.33,,1,cam12/e1/v1,
phase4_smoke2,03.CCTV Mobile Usage.mkv,632de9ed55947761d56d4c6142a3cb1a1fe69d0b1a6d0e01a2e404c697962623,dfine_sahi,12200.0,unknown_object,0.419,700.01,396.25,758.88,490.74,5562.0,58.86,94.49,0.623,False,,True,R-desk,12,evt_S-61_desk_work_surface_0001,590143951782a0e5,lap_bag_context,no_pose_observation,34560.0,1.33,,1,cam12/e1/v1,
phase4_smoke2,03.CCTV Mobile Usage.mkv,632de9ed55947761d56d4c6142a3cb1a1fe69d0b1a6d0e01a2e404c697962623,dfine_sahi,12200.0,unknown_object,0.4068,766.63,411.06,969.87,506.12,19319.4,203.24,95.06,2.138,False,,True,R-desk,12,evt_S-61_desk_work_surface_0001,590143951782a0e5,lap_bag_context,no_pose_observation,34560.0,1.33,,1,cam12/e1/v1,
phase4_smoke2,03.CCTV Mobile Usage.mkv,632de9ed55947761d56d4c6142a3cb1a1fe69d0b1a6d0e01a2e404c697962623,dfine_sahi,12200.0,keyboard,0.3822,910.14,412.27,1091.85,506.27,17080.1,181.7,94.0,1.933,False,,True,R-desk,12,evt_S-61_desk_work_surface_0001,590143951782a0e5,lap_bag_context,no_pose_observation,34560.0,1.33,,1,cam12/e1/v1,
phase4_smoke2,03.CCTV Mobile Usage.mkv,632de9ed55947761d56d4c6142a3cb1a1fe69d0b1a6d0e01a2e404c697962623,dfine_sahi,12200.0,monitor_or_bezel,0.3708,1019.35,395.54,1145.38,447.63,6564.5,126.03,52.09,2.42,False,,True,R-desk,12,evt_S-61_desk_work_surface_0001,590143951782a0e5,lap_bag_context,no_pose_observation,34560.0,1.33,,1,cam12/e1/v1,
phase4_smoke2,03.CCTV Mobile Usage.mkv,632de9ed55947761d56d4c6142a3cb1a1fe69d0b1a6d0e01a2e404c697962623,dfine_sahi,12200.0,monitor_or_bezel,0.3169,735.83,395.53,1142.96,491.11,38914.7,407.13,95.58,4.259,False,,True,R-desk,12,evt_S-61_desk_work_surface_0001,590143951782a0e5,lap_bag_context,no_pose_observation,34560.0,1.33,,1,cam12/e1/v1,
phase4_smoke2,03.CCTV Mobile Usage.mkv,632de9ed55947761d56d4c6142a3cb1a1fe69d0b1a6d0e01a2e404c697962623,dfine_sahi,12200.0,keyboard,0.3138,965.0,393.39,1115.98,475.05,12329.1,150.98,81.66,1.849,False,,True,R-desk,12,evt_S-61_desk_work_surface_0001,590143951782a0e5,lap_bag_context,no_pose_observation,34560.0,1.33,,1,cam12/e1/v1,
phase4_smoke2,03.CCTV Mobile Usage.mkv,632de9ed55947761d56d4c6142a3cb1a1fe69d0b1a6d0e01a2e404c697962623,dfine_sahi,12200.0,unknown_object,0.2949,700.09,380.34,834.48,475.76,12823.9,134.39,95.42,1.408,False,,True,R-desk,12,evt_S-61_desk_work_surface_0001,590143951782a0e5,lap_bag_context,no_pose_observation,34560.0,1.33,,1,cam12/e1/v1,
phase4_smoke2,03.CCTV Mobile Usage.mkv,632de9ed55947761d56d4c6142a3cb1a1fe69d0b1a6d0e01a2e404c697962623,dfine_sahi,12200.0,unknown_object,0.259,882.1,411.12,932.92,452.68,2112.5,50.82,41.57,1.223,False,,True,R-desk,12,evt_S-61_desk_work_surface_0001,590143951782a0e5,lap_bag_context,no_pose_observation,34560.0,1.33,,1,cam12/e1/v1,
phase4_smoke2,03.CCTV Mobile Usage.mkv,632de9ed55947761d56d4c6142a3cb1a1fe69d0b1a6d0e01a2e404c697962623,dfine_sahi,12200.0,mouse,0.2566,966.92,398.36,992.04,410.52,305.6,25.12,12.16,2.065,False,,True,R-desk,12,evt_S-61_desk_work_surface_0001,590143951782a0e5,lap_bag_context,no_pose_observation,34560.0,1.33,,1,cam12/e1/v1,
phase4_smoke2,03.CCTV Mobile Usage.mkv,632de9ed55947761d56d4c6142a3cb1a1fe69d0b1a6d0e01a2e404c697962623,dfine_sahi,12200.0,keyboard,0.2546,882.29,380.26,968.33,452.78,6239.6,86.03,72.52,1.186,False,,True,R-desk,12,evt_S-61_desk_work_surface_0001,590143951782a0e5,lap_bag_context,no_pose_observation,34560.0,1.33,,1,cam12/e1/v1,
phase4_smoke2,03.CCTV Mobile Usage.mkv,632de9ed55947761d56d4c6142a3cb1a1fe69d0b1a6d0e01a2e404c697962623,dfine_sahi,12200.0,keyboard,0.8976,962.17,451.89,1068.0,491.41,4183.0,105.84,39.52,2.678,False,,True,R-desk,14,evt_S-61_upper_body_0015,590143951782a0e5,lap_bag_context,no_pose_observation,34560.0,1.33,,1,cam12/e1/v1,
phase4_smoke2,03.CCTV Mobile Usage.mkv,632de9ed55947761d56d4c6142a3cb1a1fe69d0b1a6d0e01a2e404c697962623,dfine_sahi,12200.0,monitor_or_bezel,0.7777,910.09,411.09,1140.62,506.37,21966.6,230.54,95.28,2.419,False,,True,R-desk,14,evt_S-61_upper_body_0015,590143951782a0e5,lap_bag_context,no_pose_observation,34560.0,1.33,,1,cam12/e1/v1,
phase4_smoke2,03.CCTV Mobile Usage.mkv,632de9ed55947761d56d4c6142a3cb1a1fe69d0b1a6d0e01a2e404c697962623,dfine_sahi,12200.0,monitor_or_bezel,0.7661,963.09,380.45,1152.47,475.0,17904.7,189.38,94.54,2.003,False,,True,R-desk,14,evt_S-61_upper_body_0015,590143951782a0e5,lap_bag_context,no_pose_observation,34560.0,1.33,,1,cam12/e1/v1,
phase4_smoke2,03.CCTV Mobile Usage.mkv,632de9ed55947761d56d4c6142a3cb1a1fe69d0b1a6d0e01a2e404c697962623,dfine_sahi,12200.0,monitor_or_bezel,0.7548,708.83,379.91,969.68,474.85,24765.2,260.85,94.94,2.747,False,,True,R-desk,14,evt_S-61_upper_body_0015,590143951782a0e5,lap_bag_context,no_pose_observation,34560.0,1.33,,1,cam12/e1/v1,
phase4_smoke2,03.CCTV Mobile Usage.mkv,632de9ed55947761d56d4c6142a3cb1a1fe69d0b1a6d0e01a2e404c697962623,dfine_sahi,12200.0,keyboard,0.6396,772.54,380.22,870.59,420.39,3939.1,98.05,40.17,2.441,False,,True,R-desk,14,evt_S-61_upper_body_0015,590143951782a0e5,lap_bag_context,no_pose_observation,34560.0,1.33,,1,cam12/e1/v1,
phase4_smoke2,03.CCTV Mobile Usage.mkv,632de9ed55947761d56d4c6142a3cb1a1fe69d0b1a6d0e01a2e404c697962623,dfine_sahi,12200.0,unknown_object,0.6304,699.93,411.25,871.59,506.3,16317.1,171.66,95.06,1.806,False,,True,R-desk,14,evt_S-61_upper_body_0015,590143951782a0e5,lap_bag_context,no_pose_observation,34560.0,1.33,,1,cam12/e1/v1,
phase4_smoke2,03.CCTV Mobile Usage.mkv,632de9ed55947761d56d4c6142a3cb1a1fe69d0b1a6d0e01a2e404c697962623,dfine_sahi,12200.0,keyboard,0.6225,962.8,452.25,1034.66,475.56,1675.1,71.86,23.31,3.083,False,,True,R-desk,14,evt_S-61_upper_body_0015,590143951782a0e5,lap_bag_context,no_pose_observation,34560.0,1.33,,1,cam12/e1/v1,
phase4_smoke2,03.CCTV Mobile Usage.mkv,632de9ed55947761d56d4c6142a3cb1a1fe69d0b1a6d0e01a2e404c697962623,dfine_sahi,12200.0,mouse,0.5362,865.33,413.73,891.65,435.43,571.2,26.33,21.69,1.214,False,,True,R-desk,14,evt_S-61_upper_body_0015,590143951782a0e5,lap_bag_context,no_pose_observation,34560.0,1.33,,1,cam12/e1/v1,
phase4_smoke2,03.CCTV Mobile Usage.mkv,632de9ed55947761d56d4c6142a3cb1a1fe69d0b1a6d0e01a2e404c697962623,dfine_sahi,12200.0,phone,0.502,1043.42,420.25,1113.56,474.19,3783.5,70.14,53.94,1.3,False,,True,R-desk,14,evt_S-61_upper_body_0015,590143951782a0e5,lap_bag_context,no_pose_observation,34560.0,1.33,,1,cam12/e1/v1,
phase4_smoke2,03.CCTV Mobile Usage.mkv,632de9ed55947761d56d4c6142a3cb1a1fe69d0b1a6d0e01a2e404c697962623,dfine_sahi,12200.0,keyboard,0.4259,802.41,396.23,870.38,420.7,1663.5,67.97,24.47,2.777,False,,True,R-desk,14,evt_S-61_upper_body_0015,590143951782a0e5,lap_bag_context,no_pose_observation,34560.0,1.33,,1,cam12/e1/v1,
phase4_smoke2,03.CCTV Mobile Usage.mkv,632de9ed55947761d56d4c6142a3cb1a1fe69d0b1a6d0e01a2e404c697962623,dfine_sahi,12200.0,unknown_object,0.419,700.01,396.25,758.88,490.74,5562.0,58.86,94.49,0.623,False,,True,R-desk,14,evt_S-61_upper_body_0015,590143951782a0e5,lap_bag_context,no_pose_observation,34560.0,1.33,,1,cam12/e1/v1,
phase4_smoke2,03.CCTV Mobile Usage.mkv,632de9ed55947761d56d4c6142a3cb1a1fe69d0b1a6d0e01a2e404c697962623,dfine_sahi,12200.0,unknown_object,0.4068,766.63,411.06,969.87,506.12,19319.4,203.24,95.06,2.138,False,,True,R-desk,14,evt_S-61_upper_body_0015,590143951782a0e5,lap_bag_context,no_pose_observation,34560.0,1.33,,1,cam12/e1/v1,
phase4_smoke2,03.CCTV Mobile Usage.mkv,632de9ed55947761d56d4c6142a3cb1a1fe69d0b1a6d0e01a2e404c697962623,dfine_sahi,12200.0,keyboard,0.3822,910.14,412.27,1091.85,506.27,17080.1,181.7,94.0,1.933,False,,True,R-desk,14,evt_S-61_upper_body_0015,590143951782a0e5,lap_bag_context,no_pose_observation,34560.0,1.33,,1,cam12/e1/v1,
phase4_smoke2,03.CCTV Mobile Usage.mkv,632de9ed55947761d56d4c6142a3cb1a1fe69d0b1a6d0e01a2e404c697962623,dfine_sahi,12200.0,monitor_or_bezel,0.3708,1019.35,395.54,1145.38,447.63,6564.5,126.03,52.09,2.42,False,,True,R-desk,14,evt_S-61_upper_body_0015,590143951782a0e5,lap_bag_context,no_pose_observation,34560.0,1.33,,1,cam12/e1/v1,
phase4_smoke2,03.CCTV Mobile Usage.mkv,632de9ed55947761d56d4c6142a3cb1a1fe69d0b1a6d0e01a2e404c697962623,dfine_sahi,12200.0,monitor_or_bezel,0.3169,735.83,395.53,1142.96,491.11,38914.7,407.13,95.58,4.259,False,,True,R-desk,14,evt_S-61_upper_body_0015,590143951782a0e5,lap_bag_context,no_pose_observation,34560.0,1.33,,1,cam12/e1/v1,
phase4_smoke2,03.CCTV Mobile Usage.mkv,632de9ed55947761d56d4c6142a3cb1a1fe69d0b1a6d0e01a2e404c697962623,dfine_sahi,12200.0,keyboard,0.3138,965.0,393.39,1115.98,475.05,12329.1,150.98,81.66,1.849,False,,True,R-desk,14,evt_S-61_upper_body_0015,590143951782a0e5,lap_bag_context,no_pose_observation,34560.0,1.33,,1,cam12/e1/v1,
phase4_smoke2,03.CCTV Mobile Usage.mkv,632de9ed55947761d56d4c6142a3cb1a1fe69d0b1a6d0e01a2e404c697962623,dfine_sahi,12200.0,unknown_object,0.2949,700.09,380.34,834.48,475.76,12823.9,134.39,95.42,1.408,False,,True,R-desk,14,evt_S-61_upper_body_0015,590143951782a0e5,lap_bag_context,no_pose_observation,34560.0,1.33,,1,cam12/e1/v1,
phase4_smoke2,03.CCTV Mobile Usage.mkv,632de9ed55947761d56d4c6142a3cb1a1fe69d0b1a6d0e01a2e404c697962623,dfine_sahi,12200.0,unknown_object,0.259,882.1,411.12,932.92,452.68,2112.5,50.82,41.57,1.223,False,,True,R-desk,14,evt_S-61_upper_body_0015,590143951782a0e5,lap_bag_context,no_pose_observation,34560.0,1.33,,1,cam12/e1/v1,
phase4_smoke2,03.CCTV Mobile Usage.mkv,632de9ed55947761d56d4c6142a3cb1a1fe69d0b1a6d0e01a2e404c697962623,dfine_sahi,12200.0,mouse,0.2566,966.92,398.36,992.04,410.52,305.6,25.12,12.16,2.065,False,,True,R-desk,14,evt_S-61_upper_body_0015,590143951782a0e5,lap_bag_context,no_pose_observation,34560.0,1.33,,1,cam12/e1/v1,
phase4_smoke2,03.CCTV Mobile Usage.mkv,632de9ed55947761d56d4c6142a3cb1a1fe69d0b1a6d0e01a2e404c697962623,dfine_sahi,12200.0,keyboard,0.2546,882.29,380.26,968.33,452.78,6239.6,86.03,72.52,1.186,False,,True,R-desk,14,evt_S-61_upper_body_0015,590143951782a0e5,lap_bag_context,no_pose_observation,34560.0,1.33,,1,cam12/e1/v1,
phase4_smoke2,03.CCTV Mobile Usage.mkv,632de9ed55947761d56d4c6142a3cb1a1fe69d0b1a6d0e01a2e404c697962623,dfine_sahi,12200.0,unknown_object,0.7803,89.04,388.39,184.92,483.39,9108.1,95.87,95.0,1.009,False,,True,S-61,1,evt_S-61_desk_work_surface_0001,d9e493aa82dc7fae,pose_hand_context,,26179.2,3.96,,1,cam12/e1/v1,rtmpose_baseline
phase4_smoke2,03.CCTV Mobile Usage.mkv,632de9ed55947761d56d4c6142a3cb1a1fe69d0b1a6d0e01a2e404c697962623,dfine_sahi,12200.0,unknown_object,0.5713,45.78,509.25,84.88,553.8,1741.8,39.1,44.55,0.878,False,,True,S-61,1,evt_S-61_desk_work_surface_0001,d9e493aa82dc7fae,pose_hand_context,,26179.2,3.96,,1,cam12/e1/v1,rtmpose_baseline
phase4_smoke2,03.CCTV Mobile Usage.mkv,632de9ed55947761d56d4c6142a3cb1a1fe69d0b1a6d0e01a2e404c697962623,dfine_sahi,12200.0,stationery,0.5307,100.25,476.49,162.05,529.52,3277.1,61.79,53.03,1.165,False,,True,S-61,1,evt_S-61_desk_work_surface_0001,d9e493aa82dc7fae,pose_hand_context,,26179.2,3.96,,1,cam12/e1/v1,rtmpose_baseline
phase4_smoke2,03.CCTV Mobile Usage.mkv,632de9ed55947761d56d4c6142a3cb1a1fe69d0b1a6d0e01a2e404c697962623,dfine_sahi,12200.0,unknown_object,0.5213,18.05,388.21,113.93,483.54,9139.9,95.88,95.33,1.006,False,,True,S-61,1,evt_S-61_desk_work_surface_0001,d9e493aa82dc7fae,pose_hand_context,,26179.2,3.96,,1,cam12/e1/v1,rtmpose_baseline
phase4_smoke2,03.CCTV Mobile Usage.mkv,632de9ed55947761d56d4c6142a3cb1a1fe69d0b1a6d0e01a2e404c697962623,dfine_sahi,12200.0,stationery,0.4999,43.06,443.69,72.49,471.52,819.0,29.43,27.83,1.057,False,,True,S-61,1,evt_S-61_desk_work_surface_0001,d9e493aa82dc7fae,pose_hand_context,,26179.2,3.96,,1,cam12/e1/v1,rtmpose_baseline
phase4_smoke2,03.CCTV Mobile Usage.mkv,632de9ed55947761d56d4c6142a3cb1a1fe69d0b1a6d0e01a2e404c697962623,dfine_sahi,12200.0,stationery,0.494,20.99,492.72,182.84,552.42,9663.6,161.86,59.71,2.711,False,,True,S-61,1,evt_S-61_desk_work_surface_0001,d9e493aa82dc7fae,pose_hand_context,,26179.2,3.96,,1,cam12/e1/v1,rtmpose_baseline
phase4_smoke2,03.CCTV Mobile Usage.mkv,632de9ed55947761d56d4c6142a3cb1a1fe69d0b1a6d0e01a2e404c697962623,dfine_sahi,12200.0,stationery,0.4578,21.12,443.03,79.45,497.59,3182.4,58.33,54.56,1.069,False,,True,S-61,1,evt_S-61_desk_work_surface_0001,d9e493aa82dc7fae,pose_hand_context,,26179.2,3.96,,1,cam12/e1/v1,rtmpose_baseline
phase4_smoke2,03.CCTV Mobile Usage.mkv,632de9ed55947761d56d4c6142a3cb1a1fe69d0b1a6d0e01a2e404c697962623,dfine_sahi,12200.0,unknown_object,0.4296,88.96,459.34,184.94,554.55,9138.1,95.98,95.21,1.008,False,,True,S-61,1,evt_S-61_desk_work_surface_0001,d9e493aa82dc7fae,pose_hand_context,,26179.2,3.96,,1,cam12/e1/v1,rtmpose_baseline
phase4_smoke2,03.CCTV Mobile Usage.mkv,632de9ed55947761d56d4c6142a3cb1a1fe69d0b1a6d0e01a2e404c697962623,dfine_sahi,12200.0,stationery,0.3943,79.78,404.77,151.78,496.14,6578.9,72.0,91.37,0.788,False,,True,S-61,1,evt_S-61_desk_work_surface_0001,d9e493aa82dc7fae,pose_hand_context,,26179.2,3.96,,1,cam12/e1/v1,rtmpose_baseline
phase4_smoke2,03.CCTV Mobile Usage.mkv,632de9ed55947761d56d4c6142a3cb1a1fe69d0b1a6d0e01a2e404c697962623,dfine_sahi,12200.0,unknown_object,0.3504,89.08,459.06,161.02,498.61,2845.8,71.95,39.55,1.819,False,,True,S-61,1,evt_S-61_desk_work_surface_0001,d9e493aa82dc7fae,pose_hand_context,,26179.2,3.96,,1,cam12/e1/v1,rtmpose_baseline
phase4_smoke2,03.CCTV Mobile Usage.mkv,632de9ed55947761d56d4c6142a3cb1a1fe69d0b1a6d0e01a2e404c697962623,dfine_sahi,12200.0,stationery,0.3254,128.89,446.03,160.88,491.38,1450.6,31.99,45.35,0.705,False,,True,S-61,1,evt_S-61_desk_work_surface_0001,d9e493aa82dc7fae,pose_hand_context,,26179.2,3.96,,1,cam12/e1/v1,rtmpose_baseline
phase4_smoke2,03.CCTV Mobile Usage.mkv,632de9ed55947761d56d4c6142a3cb1a1fe69d0b1a6d0e01a2e404c697962623,dfine_sahi,12200.0,unknown_object,0.3165,18.02,459.16,113.94,554.68,9162.5,95.92,95.52,1.004,False,,True,S-61,1,evt_S-61_desk_work_surface_0001,d9e493aa82dc7fae,pose_hand_context,,26179.2,3.96,,1,cam12/e1/v1,rtmpose_baseline
phase4_smoke2,03.CCTV Mobile Usage.mkv,632de9ed55947761d56d4c6142a3cb1a1fe69d0b1a6d0e01a2e404c697962623,dfine_sahi,12200.0,unknown_object,0.3013,89.05,527.04,184.97,554.84,2666.6,95.92,27.8,3.451,False,,True,S-61,1,evt_S-61_desk_work_surface_0001,d9e493aa82dc7fae,pose_hand_context,,26179.2,3.96,,1,cam12/e1/v1,rtmpose_baseline
phase4_smoke2,03.CCTV Mobile Usage.mkv,632de9ed55947761d56d4c6142a3cb1a1fe69d0b1a6d0e01a2e404c697962623,dfine_sahi,12200.0,unknown_object,0.2999,18.16,459.09,113.84,499.0,3818.3,95.68,39.91,2.398,False,,True,S-61,1,evt_S-61_desk_work_surface_0001,d9e493aa82dc7fae,pose_hand_context,,26179.2,3.96,,1,cam12/e1/v1,rtmpose_baseline
phase4_smoke2,03.CCTV Mobile Usage.mkv,632de9ed55947761d56d4c6142a3cb1a1fe69d0b1a6d0e01a2e404c697962623,dfine_sahi,12200.0,unknown_object,0.2685,42.87,442.89,73.0,471.0,847.0,30.13,28.11,1.072,False,,True,S-61,1,evt_S-61_desk_work_surface_0001,d9e493aa82dc7fae,pose_hand_context,,26179.2,3.96,,1,cam12/e1/v1,rtmpose_baseline
phase4_smoke2,03.CCTV Mobile Usage.mkv,632de9ed55947761d56d4c6142a3cb1a1fe69d0b1a6d0e01a2e404c697962623,dfine_sahi,12200.0,unknown_object,0.2607,70.99,425.64,114.0,483.61,2493.1,43.01,57.97,0.742,False,,True,S-61,1,evt_S-61_desk_work_surface_0001,d9e493aa82dc7fae,pose_hand_context,,26179.2,3.96,,1,cam12/e1/v1,rtmpose_baseline
phase4_smoke2,03.CCTV Mobile Usage.mkv,632de9ed55947761d56d4c6142a3cb1a1fe69d0b1a6d0e01a2e404c697962623,dfine_sahi,12200.0,unknown_object,0.2547,108.6,446.14,162.15,483.77,2015.3,53.56,37.63,1.423,False,,True,S-61,1,evt_S-61_desk_work_surface_0001,d9e493aa82dc7fae,pose_hand_context,,26179.2,3.96,,1,cam12/e1/v1,rtmpose_baseline
phase4_smoke2,03.CCTV Mobile Usage.mkv,632de9ed55947761d56d4c6142a3cb1a1fe69d0b1a6d0e01a2e404c697962623,dfine_sahi,12200.0,unknown_object,0.7803,89.04,388.39,184.92,483.39,9108.1,95.87,95.0,1.009,False,,True,S-61,5,evt_S-61_upper_body_0015,d9e493aa82dc7fae,pose_hand_context,,26179.2,3.96,,1,cam12/e1/v1,rtmpose_baseline
phase4_smoke2,03.CCTV Mobile Usage.mkv,632de9ed55947761d56d4c6142a3cb1a1fe69d0b1a6d0e01a2e404c697962623,dfine_sahi,12200.0,unknown_object,0.5713,45.78,509.25,84.88,553.8,1741.8,39.1,44.55,0.878,False,,True,S-61,5,evt_S-61_upper_body_0015,d9e493aa82dc7fae,pose_hand_context,,26179.2,3.96,,1,cam12/e1/v1,rtmpose_baseline
phase4_smoke2,03.CCTV Mobile Usage.mkv,632de9ed55947761d56d4c6142a3cb1a1fe69d0b1a6d0e01a2e404c697962623,dfine_sahi,12200.0,stationery,0.5307,100.25,476.49,162.05,529.52,3277.1,61.79,53.03,1.165,False,,True,S-61,5,evt_S-61_upper_body_0015,d9e493aa82dc7fae,pose_hand_context,,26179.2,3.96,,1,cam12/e1/v1,rtmpose_baseline
phase4_smoke2,03.CCTV Mobile Usage.mkv,632de9ed55947761d56d4c6142a3cb1a1fe69d0b1a6d0e01a2e404c697962623,dfine_sahi,12200.0,unknown_object,0.5213,18.05,388.21,113.93,483.54,9139.9,95.88,95.33,1.006,False,,True,S-61,5,evt_S-61_upper_body_0015,d9e493aa82dc7fae,pose_hand_context,,26179.2,3.96,,1,cam12/e1/v1,rtmpose_baseline
phase4_smoke2,03.CCTV Mobile Usage.mkv,632de9ed55947761d56d4c6142a3cb1a1fe69d0b1a6d0e01a2e404c697962623,dfine_sahi,12200.0,stationery,0.4999,43.06,443.69,72.49,471.52,819.0,29.43,27.83,1.057,False,,True,S-61,5,evt_S-61_upper_body_0015,d9e493aa82dc7fae,pose_hand_context,,26179.2,3.96,,1,cam12/e1/v1,rtmpose_baseline
phase4_smoke2,03.CCTV Mobile Usage.mkv,632de9ed55947761d56d4c6142a3cb1a1fe69d0b1a6d0e01a2e404c697962623,dfine_sahi,12200.0,stationery,0.494,20.99,492.72,182.84,552.42,9663.6,161.86,59.71,2.711,False,,True,S-61,5,evt_S-61_upper_body_0015,d9e493aa82dc7fae,pose_hand_context,,26179.2,3.96,,1,cam12/e1/v1,rtmpose_baseline
phase4_smoke2,03.CCTV Mobile Usage.mkv,632de9ed55947761d56d4c6142a3cb1a1fe69d0b1a6d0e01a2e404c697962623,dfine_sahi,12200.0,stationery,0.4578,21.12,443.03,79.45,497.59,3182.4,58.33,54.56,1.069,False,,True,S-61,5,evt_S-61_upper_body_0015,d9e493aa82dc7fae,pose_hand_context,,26179.2,3.96,,1,cam12/e1/v1,rtmpose_baseline
phase4_smoke2,03.CCTV Mobile Usage.mkv,632de9ed55947761d56d4c6142a3cb1a1fe69d0b1a6d0e01a2e404c697962623,dfine_sahi,12200.0,unknown_object,0.4296,88.96,459.34,184.94,554.55,9138.1,95.98,95.21,1.008,False,,True,S-61,5,evt_S-61_upper_body_0015,d9e493aa82dc7fae,pose_hand_context,,26179.2,3.96,,1,cam12/e1/v1,rtmpose_baseline
phase4_smoke2,03.CCTV Mobile Usage.mkv,632de9ed55947761d56d4c6142a3cb1a1fe69d0b1a6d0e01a2e404c697962623,dfine_sahi,12200.0,stationery,0.3943,79.78,404.77,151.78,496.14,6578.9,72.0,91.37,0.788,False,,True,S-61,5,evt_S-61_upper_body_0015,d9e493aa82dc7fae,pose_hand_context,,26179.2,3.96,,1,cam12/e1/v1,rtmpose_baseline
phase4_smoke2,03.CCTV Mobile Usage.mkv,632de9ed55947761d56d4c6142a3cb1a1fe69d0b1a6d0e01a2e404c697962623,dfine_sahi,12200.0,unknown_object,0.3504,89.08,459.06,161.02,498.61,2845.8,71.95,39.55,1.819,False,,True,S-61,5,evt_S-61_upper_body_0015,d9e493aa82dc7fae,pose_hand_context,,26179.2,3.96,,1,cam12/e1/v1,rtmpose_baseline
phase4_smoke2,03.CCTV Mobile Usage.mkv,632de9ed55947761d56d4c6142a3cb1a1fe69d0b1a6d0e01a2e404c697962623,dfine_sahi,12200.0,stationery,0.3254,128.89,446.03,160.88,491.38,1450.6,31.99,45.35,0.705,False,,True,S-61,5,evt_S-61_upper_body_0015,d9e493aa82dc7fae,pose_hand_context,,26179.2,3.96,,1,cam12/e1/v1,rtmpose_baseline
phase4_smoke2,03.CCTV Mobile Usage.mkv,632de9ed55947761d56d4c6142a3cb1a1fe69d0b1a6d0e01a2e404c697962623,dfine_sahi,12200.0,unknown_object,0.3165,18.02,459.16,113.94,554.68,9162.5,95.92,95.52,1.004,False,,True,S-61,5,evt_S-61_upper_body_0015,d9e493aa82dc7fae,pose_hand_context,,26179.2,3.96,,1,cam12/e1/v1,rtmpose_baseline
phase4_smoke2,03.CCTV Mobile Usage.mkv,632de9ed55947761d56d4c6142a3cb1a1fe69d0b1a6d0e01a2e404c697962623,dfine_sahi,12200.0,unknown_object,0.3013,89.05,527.04,184.97,554.84,2666.6,95.92,27.8,3.451,False,,True,S-61,5,evt_S-61_upper_body_0015,d9e493aa82dc7fae,pose_hand_context,,26179.2,3.96,,1,cam12/e1/v1,rtmpose_baseline
phase4_smoke2,03.CCTV Mobile Usage.mkv,632de9ed55947761d56d4c6142a3cb1a1fe69d0b1a6d0e01a2e404c697962623,dfine_sahi,12200.0,unknown_object,0.2999,18.16,459.09,113.84,499.0,3818.3,95.68,39.91,2.398,False,,True,S-61,5,evt_S-61_upper_body_0015,d9e493aa82dc7fae,pose_hand_context,,26179.2,3.96,,1,cam12/e1/v1,rtmpose_baseline
phase4_smoke2,03.CCTV Mobile Usage.mkv,632de9ed55947761d56d4c6142a3cb1a1fe69d0b1a6d0e01a2e404c697962623,dfine_sahi,12200.0,unknown_object,0.2685,42.87,442.89,73.0,471.0,847.0,30.13,28.11,1.072,False,,True,S-61,5,evt_S-61_upper_body_0015,d9e493aa82dc7fae,pose_hand_context,,26179.2,3.96,,1,cam12/e1/v1,rtmpose_baseline
phase4_smoke2,03.CCTV Mobile Usage.mkv,632de9ed55947761d56d4c6142a3cb1a1fe69d0b1a6d0e01a2e404c697962623,dfine_sahi,12200.0,unknown_object,0.2607,70.99,425.64,114.0,483.61,2493.1,43.01,57.97,0.742,False,,True,S-61,5,evt_S-61_upper_body_0015,d9e493aa82dc7fae,pose_hand_context,,26179.2,3.96,,1,cam12/e1/v1,rtmpose_baseline
phase4_smoke2,03.CCTV Mobile Usage.mkv,632de9ed55947761d56d4c6142a3cb1a1fe69d0b1a6d0e01a2e404c697962623,dfine_sahi,12200.0,unknown_object,0.2547,108.6,446.14,162.15,483.77,2015.3,53.56,37.63,1.423,False,,True,S-61,5,evt_S-61_upper_body_0015,d9e493aa82dc7fae,pose_hand_context,,26179.2,3.96,,1,cam12/e1/v1,rtmpose_baseline
phase4_smoke2,03.CCTV Mobile Usage.mkv,632de9ed55947761d56d4c6142a3cb1a1fe69d0b1a6d0e01a2e404c697962623,dfine_sahi,12200.0,bag,0.4795,211.32,222.57,246.92,308.53,3060.5,35.6,85.96,0.414,False,,True,S-61,2,evt_S-61_desk_work_surface_0001,f9214926523ed6ae,pose_hand_context,,32623.6,3.54,,1,cam12/e1/v1,rtmpose_baseline
phase4_smoke2,03.CCTV Mobile Usage.mkv,632de9ed55947761d56d4c6142a3cb1a1fe69d0b1a6d0e01a2e404c697962623,dfine_sahi,12200.0,unknown_object,0.4394,160.09,289.34,261.77,390.34,10268.6,101.67,101.0,1.007,False,,True,S-61,2,evt_S-61_desk_work_surface_0001,f9214926523ed6ae,pose_hand_context,,32623.6,3.54,,1,cam12/e1/v1,rtmpose_baseline
phase4_smoke2,03.CCTV Mobile Usage.mkv,632de9ed55947761d56d4c6142a3cb1a1fe69d0b1a6d0e01a2e404c697962623,dfine_sahi,12200.0,unknown_object,0.3969,203.81,293.53,340.8,389.77,13183.5,136.99,96.24,1.423,False,,True,S-61,2,evt_S-61_desk_work_surface_0001,f9214926523ed6ae,pose_hand_context,,32623.6,3.54,,1,cam12/e1/v1,rtmpose_baseline
phase4_smoke2,03.CCTV Mobile Usage.mkv,632de9ed55947761d56d4c6142a3cb1a1fe69d0b1a6d0e01a2e404c697962623,dfine_sahi,12200.0,unknown_object,0.3076,211.31,222.8,235.93,307.42,2083.8,24.63,84.62,0.291,False,,True,S-61,2,evt_S-61_desk_work_surface_0001,f9214926523ed6ae,pose_hand_context,,32623.6,3.54,,1,cam12/e1/v1,rtmpose_baseline
phase4_smoke2,03.CCTV Mobile Usage.mkv,632de9ed55947761d56d4c6142a3cb1a1fe69d0b1a6d0e01a2e404c697962623,dfine_sahi,12200.0,unknown_object,0.2988,239.0,296.45,257.4,350.96,1002.7,18.4,54.51,0.338,False,,True,S-61,2,evt_S-61_desk_work_surface_0001,f9214926523ed6ae,pose_hand_context,,32623.6,3.54,,1,cam12/e1/v1,rtmpose_baseline
phase4_smoke2,03.CCTV Mobile Usage.mkv,632de9ed55947761d56d4c6142a3cb1a1fe69d0b1a6d0e01a2e404c697962623,dfine_sahi,12200.0,unknown_object,0.28,204.51,295.28,258.2,354.02,3153.2,53.69,58.73,0.914,False,,True,S-61,2,evt_S-61_desk_work_surface_0001,f9214926523ed6ae,pose_hand_context,,32623.6,3.54,,1,cam12/e1/v1,rtmpose_baseline
phase4_smoke2,03.CCTV Mobile Usage.mkv,632de9ed55947761d56d4c6142a3cb1a1fe69d0b1a6d0e01a2e404c697962623,dfine_sahi,12200.0,bag,0.4795,211.32,222.57,246.92,308.53,3060.5,35.6,85.96,0.414,False,,True,S-61,6,evt_S-61_upper_body_0015,f9214926523ed6ae,pose_hand_context,,32623.6,3.54,,1,cam12/e1/v1,rtmpose_baseline
phase4_smoke2,03.CCTV Mobile Usage.mkv,632de9ed55947761d56d4c6142a3cb1a1fe69d0b1a6d0e01a2e404c697962623,dfine_sahi,12200.0,unknown_object,0.4394,160.09,289.34,261.77,390.34,10268.6,101.67,101.0,1.007,False,,True,S-61,6,evt_S-61_upper_body_0015,f9214926523ed6ae,pose_hand_context,,32623.6,3.54,,1,cam12/e1/v1,rtmpose_baseline
phase4_smoke2,03.CCTV Mobile Usage.mkv,632de9ed55947761d56d4c6142a3cb1a1fe69d0b1a6d0e01a2e404c697962623,dfine_sahi,12200.0,unknown_object,0.3969,203.81,293.53,340.8,389.77,13183.5,136.99,96.24,1.423,False,,True,S-61,6,evt_S-61_upper_body_0015,f9214926523ed6ae,pose_hand_context,,32623.6,3.54,,1,cam12/e1/v1,rtmpose_baseline
phase4_smoke2,03.CCTV Mobile Usage.mkv,632de9ed55947761d56d4c6142a3cb1a1fe69d0b1a6d0e01a2e404c697962623,dfine_sahi,12200.0,unknown_object,0.3076,211.31,222.8,235.93,307.42,2083.8,24.63,84.62,0.291,False,,True,S-61,6,evt_S-61_upper_body_0015,f9214926523ed6ae,pose_hand_context,,32623.6,3.54,,1,cam12/e1/v1,rtmpose_baseline
phase4_smoke2,03.CCTV Mobile Usage.mkv,632de9ed55947761d56d4c6142a3cb1a1fe69d0b1a6d0e01a2e404c697962623,dfine_sahi,12200.0,unknown_object,0.2988,239.0,296.45,257.4,350.96,1002.7,18.4,54.51,0.338,False,,True,S-61,6,evt_S-61_upper_body_0015,f9214926523ed6ae,pose_hand_context,,32623.6,3.54,,1,cam12/e1/v1,rtmpose_baseline
phase4_smoke2,03.CCTV Mobile Usage.mkv,632de9ed55947761d56d4c6142a3cb1a1fe69d0b1a6d0e01a2e404c697962623,dfine_sahi,12200.0,unknown_object,0.28,204.51,295.28,258.2,354.02,3153.2,53.69,58.73,0.914,False,,True,S-61,6,evt_S-61_upper_body_0015,f9214926523ed6ae,pose_hand_context,,32623.6,3.54,,1,cam12/e1/v1,rtmpose_baseline
phase4_smoke2,03.CCTV Mobile Usage.mkv,632de9ed55947761d56d4c6142a3cb1a1fe69d0b1a6d0e01a2e404c697962623,dfine_sahi,12700.0,unknown_object,0.6258,208.22,282.17,254.8,347.59,3047.4,46.58,65.43,0.712,False,,True,S-61,2,evt_S-61_desk_work_surface_0001,1f3041ccf4ecfadb,pose_hand_context,,34165.8,3.46,,1,cam12/e1/v1,rtmpose_baseline
phase4_smoke2,03.CCTV Mobile Usage.mkv,632de9ed55947761d56d4c6142a3cb1a1fe69d0b1a6d0e01a2e404c697962623,dfine_sahi,12700.0,unknown_object,0.4182,232.03,282.05,335.92,346.9,6737.7,103.89,64.85,1.602,False,,True,S-61,2,evt_S-61_desk_work_surface_0001,1f3041ccf4ecfadb,pose_hand_context,,34165.8,3.46,,1,cam12/e1/v1,rtmpose_baseline
phase4_smoke2,03.CCTV Mobile Usage.mkv,632de9ed55947761d56d4c6142a3cb1a1fe69d0b1a6d0e01a2e404c697962623,dfine_sahi,12700.0,unknown_object,0.4033,179.18,282.25,254.91,385.2,7795.8,75.73,102.94,0.736,False,,True,S-61,2,evt_S-61_desk_work_surface_0001,1f3041ccf4ecfadb,pose_hand_context,,34165.8,3.46,,1,cam12/e1/v1,rtmpose_baseline
phase4_smoke2,03.CCTV Mobile Usage.mkv,632de9ed55947761d56d4c6142a3cb1a1fe69d0b1a6d0e01a2e404c697962623,dfine_sahi,12700.0,unknown_object,0.3581,232.0,282.15,269.37,345.04,2350.1,37.37,62.88,0.594,False,,True,S-61,2,evt_S-61_desk_work_surface_0001,1f3041ccf4ecfadb,pose_hand_context,,34165.8,3.46,,1,cam12/e1/v1,rtmpose_baseline
phase4_smoke2,03.CCTV Mobile Usage.mkv,632de9ed55947761d56d4c6142a3cb1a1fe69d0b1a6d0e01a2e404c697962623,dfine_sahi,12700.0,stationery,0.3238,204.07,224.11,234.9,299.29,2317.4,30.82,75.18,0.41,False,,True,S-61,2,evt_S-61_desk_work_surface_0001,1f3041ccf4ecfadb,pose_hand_context,,34165.8,3.46,,1,cam12/e1/v1,rtmpose_baseline
phase4_smoke2,03.CCTV Mobile Usage.mkv,632de9ed55947761d56d4c6142a3cb1a1fe69d0b1a6d0e01a2e404c697962623,dfine_sahi,12700.0,unknown_object,0.312,180.49,293.84,335.84,384.62,14102.7,155.35,90.78,1.711,False,,True,S-61,2,evt_S-61_desk_work_surface_0001,1f3041ccf4ecfadb,pose_hand_context,,34165.8,3.46,,1,cam12/e1/v1,rtmpose_baseline
phase4_smoke2,03.CCTV Mobile Usage.mkv,632de9ed55947761d56d4c6142a3cb1a1fe69d0b1a6d0e01a2e404c697962623,dfine_sahi,12700.0,unknown_object,0.296,232.09,225.53,251.91,302.99,1535.1,19.82,77.46,0.256,False,,True,S-61,2,evt_S-61_desk_work_surface_0001,1f3041ccf4ecfadb,pose_hand_context,,34165.8,3.46,,1,cam12/e1/v1,rtmpose_baseline
phase4_smoke2,03.CCTV Mobile Usage.mkv,632de9ed55947761d56d4c6142a3cb1a1fe69d0b1a6d0e01a2e404c697962623,dfine_sahi,12700.0,unknown_object,0.2821,232.0,202.2,274.95,302.87,4324.2,42.95,100.67,0.427,False,,True,S-61,2,evt_S-61_desk_work_surface_0001,1f3041ccf4ecfadb,pose_hand_context,,34165.8,3.46,,1,cam12/e1/v1,rtmpose_baseline
phase4_smoke2,03.CCTV Mobile Usage.mkv,632de9ed55947761d56d4c6142a3cb1a1fe69d0b1a6d0e01a2e404c697962623,dfine_sahi,12700.0,unknown_object,0.6258,208.22,282.17,254.8,347.59,3047.4,46.58,65.43,0.712,False,,True,S-61,6,evt_S-61_upper_body_0015,1f3041ccf4ecfadb,pose_hand_context,,34165.8,3.46,,1,cam12/e1/v1,rtmpose_baseline
phase4_smoke2,03.CCTV Mobile Usage.mkv,632de9ed55947761d56d4c6142a3cb1a1fe69d0b1a6d0e01a2e404c697962623,dfine_sahi,12700.0,unknown_object,0.4182,232.03,282.05,335.92,346.9,6737.7,103.89,64.85,1.602,False,,True,S-61,6,evt_S-61_upper_body_0015,1f3041ccf4ecfadb,pose_hand_context,,34165.8,3.46,,1,cam12/e1/v1,rtmpose_baseline
phase4_smoke2,03.CCTV Mobile Usage.mkv,632de9ed55947761d56d4c6142a3cb1a1fe69d0b1a6d0e01a2e404c697962623,dfine_sahi,12700.0,unknown_object,0.4033,179.18,282.25,254.91,385.2,7795.8,75.73,102.94,0.736,False,,True,S-61,6,evt_S-61_upper_body_0015,1f3041ccf4ecfadb,pose_hand_context,,34165.8,3.46,,1,cam12/e1/v1,rtmpose_baseline
phase4_smoke2,03.CCTV Mobile Usage.mkv,632de9ed55947761d56d4c6142a3cb1a1fe69d0b1a6d0e01a2e404c697962623,dfine_sahi,12700.0,unknown_object,0.3581,232.0,282.15,269.37,345.04,2350.1,37.37,62.88,0.594,False,,True,S-61,6,evt_S-61_upper_body_0015,1f3041ccf4ecfadb,pose_hand_context,,34165.8,3.46,,1,cam12/e1/v1,rtmpose_baseline
phase4_smoke2,03.CCTV Mobile Usage.mkv,632de9ed55947761d56d4c6142a3cb1a1fe69d0b1a6d0e01a2e404c697962623,dfine_sahi,12700.0,stationery,0.3238,204.07,224.11,234.9,299.29,2317.4,30.82,75.18,0.41,False,,True,S-61,6,evt_S-61_upper_body_0015,1f3041ccf4ecfadb,pose_hand_context,,34165.8,3.46,,1,cam12/e1/v1,rtmpose_baseline
phase4_smoke2,03.CCTV Mobile Usage.mkv,632de9ed55947761d56d4c6142a3cb1a1fe69d0b1a6d0e01a2e404c697962623,dfine_sahi,12700.0,unknown_object,0.312,180.49,293.84,335.84,384.62,14102.7,155.35,90.78,1.711,False,,True,S-61,6,evt_S-61_upper_body_0015,1f3041ccf4ecfadb,pose_hand_context,,34165.8,3.46,,1,cam12/e1/v1,rtmpose_baseline
phase4_smoke2,03.CCTV Mobile Usage.mkv,632de9ed55947761d56d4c6142a3cb1a1fe69d0b1a6d0e01a2e404c697962623,dfine_sahi,12700.0,unknown_object,0.296,232.09,225.53,251.91,302.99,1535.1,19.82,77.46,0.256,False,,True,S-61,6,evt_S-61_upper_body_0015,1f3041ccf4ecfadb,pose_hand_context,,34165.8,3.46,,1,cam12/e1/v1,rtmpose_baseline
phase4_smoke2,03.CCTV Mobile Usage.mkv,632de9ed55947761d56d4c6142a3cb1a1fe69d0b1a6d0e01a2e404c697962623,dfine_sahi,12700.0,unknown_object,0.2821,232.0,202.2,274.95,302.87,4324.2,42.95,100.67,0.427,False,,True,S-61,6,evt_S-61_upper_body_0015,1f3041ccf4ecfadb,pose_hand_context,,34165.8,3.46,,1,cam12/e1/v1,rtmpose_baseline
phase4_smoke2,03.CCTV Mobile Usage.mkv,632de9ed55947761d56d4c6142a3cb1a1fe69d0b1a6d0e01a2e404c697962623,dfine_sahi,12700.0,unknown_object,0.693,44.6,506.5,85.59,554.91,1984.3,40.99,48.41,0.847,False,,True,S-61,1,evt_S-61_desk_work_surface_0001,4da4af0040eee7f8,pose_hand_context,,26771.5,3.91,,1,cam12/e1/v1,rtmpose_baseline
phase4_smoke2,03.CCTV Mobile Usage.mkv,632de9ed55947761d56d4c6142a3cb1a1fe69d0b1a6d0e01a2e404c697962623,dfine_sahi,12700.0,stationery,0.6678,16.94,415.09,101.63,498.59,7071.1,84.68,83.5,1.014,False,,True,S-61,1,evt_S-61_desk_work_surface_0001,4da4af0040eee7f8,pose_hand_context,,26771.5,3.91,,1,cam12/e1/v1,rtmpose_baseline
phase4_smoke2,03.CCTV Mobile Usage.mkv,632de9ed55947761d56d4c6142a3cb1a1fe69d0b1a6d0e01a2e404c697962623,dfine_sahi,12700.0,unknown_object,0.573,15.0,390.2,110.87,485.48,9133.7,95.87,95.28,1.006,False,,True,S-61,1,evt_S-61_desk_work_surface_0001,4da4af0040eee7f8,pose_hand_context,,26771.5,3.91,,1,cam12/e1/v1,rtmpose_baseline
phase4_smoke2,03.CCTV Mobile Usage.mkv,632de9ed55947761d56d4c6142a3cb1a1fe69d0b1a6d0e01a2e404c697962623,dfine_sahi,12700.0,unknown_object,0.4848,86.04,390.49,181.69,485.39,9077.6,95.65,94.91,1.008,False,,True,S-61,1,evt_S-61_desk_work_surface_0001,4da4af0040eee7f8,pose_hand_context,,26771.5,3.91,,1,cam12/e1/v1,rtmpose_baseline
phase4_smoke2,03.CCTV Mobile Usage.mkv,632de9ed55947761d56d4c6142a3cb1a1fe69d0b1a6d0e01a2e404c697962623,dfine_sahi,12700.0,stationery,0.4537,43.03,443.84,71.91,471.22,790.8,28.88,27.38,1.055,False,,True,S-61,1,evt_S-61_desk_work_surface_0001,4da4af0040eee7f8,pose_hand_context,,26771.5,3.91,,1,cam12/e1/v1,rtmpose_baseline
phase4_smoke2,03.CCTV Mobile Usage.mkv,632de9ed55947761d56d4c6142a3cb1a1fe69d0b1a6d0e01a2e404c697962623,dfine_sahi,12700.0,unknown_object,0.4373,86.05,462.07,158.68,498.66,2657.5,72.63,36.59,1.985,False,,True,S-61,1,evt_S-61_desk_work_surface_0001,4da4af0040eee7f8,pose_hand_context,,26771.5,3.91,,1,cam12/e1/v1,rtmpose_baseline
phase4_smoke2,03.CCTV Mobile Usage.mkv,632de9ed55947761d56d4c6142a3cb1a1fe69d0b1a6d0e01a2e404c697962623,dfine_sahi,12700.0,stationery,0.4137,100.29,478.46,160.44,531.68,3201.6,60.15,53.23,1.13,False,,True,S-61,1,evt_S-61_desk_work_surface_0001,4da4af0040eee7f8,pose_hand_context,,26771.5,3.91,,1,cam12/e1/v1,rtmpose_baseline
phase4_smoke2,03.CCTV Mobile Usage.mkv,632de9ed55947761d56d4c6142a3cb1a1fe69d0b1a6d0e01a2e404c697962623,dfine_sahi,12700.0,stationery,0.3928,17.08,478.77,179.78,555.65,12507.6,162.7,76.88,2.116,False,,True,S-61,1,evt_S-61_desk_work_surface_0001,4da4af0040eee7f8,pose_hand_context,,26771.5,3.91,,1,cam12/e1/v1,rtmpose_baseline
phase4_smoke2,03.CCTV Mobile Usage.mkv,632de9ed55947761d56d4c6142a3cb1a1fe69d0b1a6d0e01a2e404c697962623,dfine_sahi,12700.0,stationery,0.3759,83.39,418.29,149.81,496.41,5188.5,66.42,78.12,0.85,False,,True,S-61,1,evt_S-61_desk_work_surface_0001,4da4af0040eee7f8,pose_hand_context,,26771.5,3.91,,1,cam12/e1/v1,rtmpose_baseline
phase4_smoke2,03.CCTV Mobile Usage.mkv,632de9ed55947761d56d4c6142a3cb1a1fe69d0b1a6d0e01a2e404c697962623,dfine_sahi,12700.0,unknown_object,0.3453,15.1,462.18,110.99,557.22,9113.6,95.89,95.04,1.009,False,,True,S-61,1,evt_S-61_desk_work_surface_0001,4da4af0040eee7f8,pose_hand_context,,26771.5,3.91,,1,cam12/e1/v1,rtmpose_baseline
phase4_smoke2,03.CCTV Mobile Usage.mkv,632de9ed55947761d56d4c6142a3cb1a1fe69d0b1a6d0e01a2e404c697962623,dfine_sahi,12700.0,unknown_object,0.3365,85.99,462.21,181.95,557.61,9154.5,95.96,95.4,1.006,False,,True,S-61,1,evt_S-61_desk_work_surface_0001,4da4af0040eee7f8,pose_hand_context,,26771.5,3.91,,1,cam12/e1/v1,rtmpose_baseline
phase4_smoke2,03.CCTV Mobile Usage.mkv,632de9ed55947761d56d4c6142a3cb1a1fe69d0b1a6d0e01a2e404c697962623,dfine_sahi,12700.0,unknown_object,0.3187,16.81,392.13,180.06,555.34,26644.7,163.25,163.21,1.0,False,,True,S-61,1,evt_S-61_desk_work_surface_0001,4da4af0040eee7f8,pose_hand_context,,26771.5,3.91,,1,cam12/e1/v1,rtmpose_baseline
phase4_smoke2,03.CCTV Mobile Usage.mkv,632de9ed55947761d56d4c6142a3cb1a1fe69d0b1a6d0e01a2e404c697962623,dfine_sahi,12700.0,unknown_object,0.3066,15.18,462.04,110.87,500.4,3670.7,95.69,38.36,2.494,False,,True,S-61,1,evt_S-61_desk_work_surface_0001,4da4af0040eee7f8,pose_hand_context,,26771.5,3.91,,1,cam12/e1/v1,rtmpose_baseline
phase4_smoke2,03.CCTV Mobile Usage.mkv,632de9ed55947761d56d4c6142a3cb1a1fe69d0b1a6d0e01a2e404c697962623,dfine_sahi,12700.0,unknown_object,0.2972,42.81,443.28,72.54,470.88,820.3,29.73,27.59,1.077,False,,True,S-61,1,evt_S-61_desk_work_surface_0001,4da4af0040eee7f8,pose_hand_context,,26771.5,3.91,,1,cam12/e1/v1,rtmpose_baseline
phase4_smoke2,03.CCTV Mobile Usage.mkv,632de9ed55947761d56d4c6142a3cb1a1fe69d0b1a6d0e01a2e404c697962623,dfine_sahi,12700.0,unknown_object,0.2901,100.15,445.78,159.03,485.67,2349.3,58.89,39.89,1.476,False,,True,S-61,1,evt_S-61_desk_work_surface_0001,4da4af0040eee7f8,pose_hand_context,,26771.5,3.91,,1,cam12/e1/v1,rtmpose_baseline
phase4_smoke2,03.CCTV Mobile Usage.mkv,632de9ed55947761d56d4c6142a3cb1a1fe69d0b1a6d0e01a2e404c697962623,dfine_sahi,12700.0,unknown_object,0.2805,145.05,431.21,181.9,485.47,1998.9,36.85,54.25,0.679,False,,True,S-61,1,evt_S-61_desk_work_surface_0001,4da4af0040eee7f8,pose_hand_context,,26771.5,3.91,,1,cam12/e1/v1,rtmpose_baseline
phase4_smoke2,03.CCTV Mobile Usage.mkv,632de9ed55947761d56d4c6142a3cb1a1fe69d0b1a6d0e01a2e404c697962623,dfine_sahi,12700.0,unknown_object,0.2733,87.04,417.43,147.03,485.06,4057.1,59.98,67.64,0.887,False,,True,S-61,1,evt_S-61_desk_work_surface_0001,4da4af0040eee7f8,pose_hand_context,,26771.5,3.91,,1,cam12/e1/v1,rtmpose_baseline
phase4_smoke2,03.CCTV Mobile Usage.mkv,632de9ed55947761d56d4c6142a3cb1a1fe69d0b1a6d0e01a2e404c697962623,dfine_sahi,12700.0,stationery,0.2584,43.55,506.11,90.56,554.91,2293.7,47.0,48.8,0.963,False,,True,S-61,1,evt_S-61_desk_work_surface_0001,4da4af0040eee7f8,pose_hand_context,,26771.5,3.91,,1,cam12/e1/v1,rtmpose_baseline
phase4_smoke2,03.CCTV Mobile Usage.mkv,632de9ed55947761d56d4c6142a3cb1a1fe69d0b1a6d0e01a2e404c697962623,dfine_sahi,12700.0,stationery,0.2505,127.81,445.39,158.05,490.1,1352.2,30.24,44.71,0.676,False,,True,S-61,1,evt_S-61_desk_work_surface_0001,4da4af0040eee7f8,pose_hand_context,,26771.5,3.91,,1,cam12/e1/v1,rtmpose_baseline
phase4_smoke2,03.CCTV Mobile Usage.mkv,632de9ed55947761d56d4c6142a3cb1a1fe69d0b1a6d0e01a2e404c697962623,dfine_sahi,12700.0,unknown_object,0.693,44.6,506.5,85.59,554.91,1984.3,40.99,48.41,0.847,False,,True,S-61,5,evt_S-61_upper_body_0015,4da4af0040eee7f8,pose_hand_context,,26771.5,3.91,,1,cam12/e1/v1,rtmpose_baseline
phase4_smoke2,03.CCTV Mobile Usage.mkv,632de9ed55947761d56d4c6142a3cb1a1fe69d0b1a6d0e01a2e404c697962623,dfine_sahi,12700.0,stationery,0.6678,16.94,415.09,101.63,498.59,7071.1,84.68,83.5,1.014,False,,True,S-61,5,evt_S-61_upper_body_0015,4da4af0040eee7f8,pose_hand_context,,26771.5,3.91,,1,cam12/e1/v1,rtmpose_baseline
phase4_smoke2,03.CCTV Mobile Usage.mkv,632de9ed55947761d56d4c6142a3cb1a1fe69d0b1a6d0e01a2e404c697962623,dfine_sahi,12700.0,unknown_object,0.573,15.0,390.2,110.87,485.48,9133.7,95.87,95.28,1.006,False,,True,S-61,5,evt_S-61_upper_body_0015,4da4af0040eee7f8,pose_hand_context,,26771.5,3.91,,1,cam12/e1/v1,rtmpose_baseline
phase4_smoke2,03.CCTV Mobile Usage.mkv,632de9ed55947761d56d4c6142a3cb1a1fe69d0b1a6d0e01a2e404c697962623,dfine_sahi,12700.0,unknown_object,0.4848,86.04,390.49,181.69,485.39,9077.6,95.65,94.91,1.008,False,,True,S-61,5,evt_S-61_upper_body_0015,4da4af0040eee7f8,pose_hand_context,,26771.5,3.91,,1,cam12/e1/v1,rtmpose_baseline
phase4_smoke2,03.CCTV Mobile Usage.mkv,632de9ed55947761d56d4c6142a3cb1a1fe69d0b1a6d0e01a2e404c697962623,dfine_sahi,12700.0,stationery,0.4537,43.03,443.84,71.91,471.22,790.8,28.88,27.38,1.055,False,,True,S-61,5,evt_S-61_upper_body_0015,4da4af0040eee7f8,pose_hand_context,,26771.5,3.91,,1,cam12/e1/v1,rtmpose_baseline
phase4_smoke2,03.CCTV Mobile Usage.mkv,632de9ed55947761d56d4c6142a3cb1a1fe69d0b1a6d0e01a2e404c697962623,dfine_sahi,12700.0,unknown_object,0.4373,86.05,462.07,158.68,498.66,2657.5,72.63,36.59,1.985,False,,True,S-61,5,evt_S-61_upper_body_0015,4da4af0040eee7f8,pose_hand_context,,26771.5,3.91,,1,cam12/e1/v1,rtmpose_baseline
phase4_smoke2,03.CCTV Mobile Usage.mkv,632de9ed55947761d56d4c6142a3cb1a1fe69d0b1a6d0e01a2e404c697962623,dfine_sahi,12700.0,stationery,0.4137,100.29,478.46,160.44,531.68,3201.6,60.15,53.23,1.13,False,,True,S-61,5,evt_S-61_upper_body_0015,4da4af0040eee7f8,pose_hand_context,,26771.5,3.91,,1,cam12/e1/v1,rtmpose_baseline
phase4_smoke2,03.CCTV Mobile Usage.mkv,632de9ed55947761d56d4c6142a3cb1a1fe69d0b1a6d0e01a2e404c697962623,dfine_sahi,12700.0,stationery,0.3928,17.08,478.77,179.78,555.65,12507.6,162.7,76.88,2.116,False,,True,S-61,5,evt_S-61_upper_body_0015,4da4af0040eee7f8,pose_hand_context,,26771.5,3.91,,1,cam12/e1/v1,rtmpose_baseline
phase4_smoke2,03.CCTV Mobile Usage.mkv,632de9ed55947761d56d4c6142a3cb1a1fe69d0b1a6d0e01a2e404c697962623,dfine_sahi,12700.0,stationery,0.3759,83.39,418.29,149.81,496.41,5188.5,66.42,78.12,0.85,False,,True,S-61,5,evt_S-61_upper_body_0015,4da4af0040eee7f8,pose_hand_context,,26771.5,3.91,,1,cam12/e1/v1,rtmpose_baseline
phase4_smoke2,03.CCTV Mobile Usage.mkv,632de9ed55947761d56d4c6142a3cb1a1fe69d0b1a6d0e01a2e404c697962623,dfine_sahi,12700.0,unknown_object,0.3453,15.1,462.18,110.99,557.22,9113.6,95.89,95.04,1.009,False,,True,S-61,5,evt_S-61_upper_body_0015,4da4af0040eee7f8,pose_hand_context,,26771.5,3.91,,1,cam12/e1/v1,rtmpose_baseline
phase4_smoke2,03.CCTV Mobile Usage.mkv,632de9ed55947761d56d4c6142a3cb1a1fe69d0b1a6d0e01a2e404c697962623,dfine_sahi,12700.0,unknown_object,0.3365,85.99,462.21,181.95,557.61,9154.5,95.96,95.4,1.006,False,,True,S-61,5,evt_S-61_upper_body_0015,4da4af0040eee7f8,pose_hand_context,,26771.5,3.91,,1,cam12/e1/v1,rtmpose_baseline
phase4_smoke2,03.CCTV Mobile Usage.mkv,632de9ed55947761d56d4c6142a3cb1a1fe69d0b1a6d0e01a2e404c697962623,dfine_sahi,12700.0,unknown_object,0.3187,16.81,392.13,180.06,555.34,26644.7,163.25,163.21,1.0,False,,True,S-61,5,evt_S-61_upper_body_0015,4da4af0040eee7f8,pose_hand_context,,26771.5,3.91,,1,cam12/e1/v1,rtmpose_baseline
phase4_smoke2,03.CCTV Mobile Usage.mkv,632de9ed55947761d56d4c6142a3cb1a1fe69d0b1a6d0e01a2e404c697962623,dfine_sahi,12700.0,unknown_object,0.3066,15.18,462.04,110.87,500.4,3670.7,95.69,38.36,2.494,False,,True,S-61,5,evt_S-61_upper_body_0015,4da4af0040eee7f8,pose_hand_context,,26771.5,3.91,,1,cam12/e1/v1,rtmpose_baseline
phase4_smoke2,03.CCTV Mobile Usage.mkv,632de9ed55947761d56d4c6142a3cb1a1fe69d0b1a6d0e01a2e404c697962623,dfine_sahi,12700.0,unknown_object,0.2972,42.81,443.28,72.54,470.88,820.3,29.73,27.59,1.077,False,,True,S-61,5,evt_S-61_upper_body_0015,4da4af0040eee7f8,pose_hand_context,,26771.5,3.91,,1,cam12/e1/v1,rtmpose_baseline
phase4_smoke2,03.CCTV Mobile Usage.mkv,632de9ed55947761d56d4c6142a3cb1a1fe69d0b1a6d0e01a2e404c697962623,dfine_sahi,12700.0,unknown_object,0.2901,100.15,445.78,159.03,485.67,2349.3,58.89,39.89,1.476,False,,True,S-61,5,evt_S-61_upper_body_0015,4da4af0040eee7f8,pose_hand_context,,26771.5,3.91,,1,cam12/e1/v1,rtmpose_baseline
phase4_smoke2,03.CCTV Mobile Usage.mkv,632de9ed55947761d56d4c6142a3cb1a1fe69d0b1a6d0e01a2e404c697962623,dfine_sahi,12700.0,unknown_object,0.2805,145.05,431.21,181.9,485.47,1998.9,36.85,54.25,0.679,False,,True,S-61,5,evt_S-61_upper_body_0015,4da4af0040eee7f8,pose_hand_context,,26771.5,3.91,,1,cam12/e1/v1,rtmpose_baseline
phase4_smoke2,03.CCTV Mobile Usage.mkv,632de9ed55947761d56d4c6142a3cb1a1fe69d0b1a6d0e01a2e404c697962623,dfine_sahi,12700.0,unknown_object,0.2733,87.04,417.43,147.03,485.06,4057.1,59.98,67.64,0.887,False,,True,S-61,5,evt_S-61_upper_body_0015,4da4af0040eee7f8,pose_hand_context,,26771.5,3.91,,1,cam12/e1/v1,rtmpose_baseline
phase4_smoke2,03.CCTV Mobile Usage.mkv,632de9ed55947761d56d4c6142a3cb1a1fe69d0b1a6d0e01a2e404c697962623,dfine_sahi,12700.0,stationery,0.2584,43.55,506.11,90.56,554.91,2293.7,47.0,48.8,0.963,False,,True,S-61,5,evt_S-61_upper_body_0015,4da4af0040eee7f8,pose_hand_context,,26771.5,3.91,,1,cam12/e1/v1,rtmpose_baseline
phase4_smoke2,03.CCTV Mobile Usage.mkv,632de9ed55947761d56d4c6142a3cb1a1fe69d0b1a6d0e01a2e404c697962623,dfine_sahi,12700.0,stationery,0.2505,127.81,445.39,158.05,490.1,1352.2,30.24,44.71,0.676,False,,True,S-61,5,evt_S-61_upper_body_0015,4da4af0040eee7f8,pose_hand_context,,26771.5,3.91,,1,cam12/e1/v1,rtmpose_baseline
phase4_smoke2,03.CCTV Mobile Usage.mkv,632de9ed55947761d56d4c6142a3cb1a1fe69d0b1a6d0e01a2e404c697962623,dfine_sahi,12700.0,keyboard,0.894,962.1,451.9,1067.92,491.45,4185.1,105.83,39.55,2.676,False,,True,R-desk,9,evt_S-61_desk_work_surface_0001,968235d01208b21f,lap_bag_context,no_pose_observation,34560.0,1.33,,1,cam12/e1/v1,
phase4_smoke2,03.CCTV Mobile Usage.mkv,632de9ed55947761d56d4c6142a3cb1a1fe69d0b1a6d0e01a2e404c697962623,dfine_sahi,12700.0,monitor_or_bezel,0.7704,910.05,411.11,1140.77,506.4,21985.2,230.72,95.29,2.421,False,,True,R-desk,9,evt_S-61_desk_work_surface_0001,968235d01208b21f,lap_bag_context,no_pose_observation,34560.0,1.33,,1,cam12/e1/v1,
phase4_smoke2,03.CCTV Mobile Usage.mkv,632de9ed55947761d56d4c6142a3cb1a1fe69d0b1a6d0e01a2e404c697962623,dfine_sahi,12700.0,monitor_or_bezel,0.7415,963.79,380.39,1152.82,475.21,17925.6,189.04,94.83,1.994,False,,True,R-desk,9,evt_S-61_desk_work_surface_0001,968235d01208b21f,lap_bag_context,no_pose_observation,34560.0,1.33,,1,cam12/e1/v1,
phase4_smoke2,03.CCTV Mobile Usage.mkv,632de9ed55947761d56d4c6142a3cb1a1fe69d0b1a6d0e01a2e404c697962623,dfine_sahi,12700.0,monitor_or_bezel,0.7017,707.0,379.91,969.69,474.94,24964.2,262.7,95.03,2.764,False,,True,R-desk,9,evt_S-61_desk_work_surface_0001,968235d01208b21f,lap_bag_context,no_pose_observation,34560.0,1.33,,1,cam12/e1/v1,
phase4_smoke2,03.CCTV Mobile Usage.mkv,632de9ed55947761d56d4c6142a3cb1a1fe69d0b1a6d0e01a2e404c697962623,dfine_sahi,12700.0,keyboard,0.6368,772.62,380.23,871.14,420.4,3956.9,98.52,40.16,2.453,False,,True,R-desk,9,evt_S-61_desk_work_surface_0001,968235d01208b21f,lap_bag_context,no_pose_observation,34560.0,1.33,,1,cam12/e1/v1,
phase4_smoke2,03.CCTV Mobile Usage.mkv,632de9ed55947761d56d4c6142a3cb1a1fe69d0b1a6d0e01a2e404c697962623,dfine_sahi,12700.0,keyboard,0.626,962.63,452.36,1035.08,475.63,1686.1,72.45,23.27,3.113,False,,True,R-desk,9,evt_S-61_desk_work_surface_0001,968235d01208b21f,lap_bag_context,no_pose_observation,34560.0,1.33,,1,cam12/e1/v1,
phase4_smoke2,03.CCTV Mobile Usage.mkv,632de9ed55947761d56d4c6142a3cb1a1fe69d0b1a6d0e01a2e404c697962623,dfine_sahi,12700.0,unknown_object,0.6223,699.91,396.23,849.49,492.42,14387.6,149.57,96.19,1.555,False,,True,R-desk,9,evt_S-61_desk_work_surface_0001,968235d01208b21f,lap_bag_context,no_pose_observation,34560.0,1.33,,1,cam12/e1/v1,
phase4_smoke2,03.CCTV Mobile Usage.mkv,632de9ed55947761d56d4c6142a3cb1a1fe69d0b1a6d0e01a2e404c697962623,dfine_sahi,12700.0,mouse,0.5609,865.43,413.69,891.29,435.25,557.7,25.86,21.56,1.2,False,,True,R-desk,9,evt_S-61_desk_work_surface_0001,968235d01208b21f,lap_bag_context,no_pose_observation,34560.0,1.33,,1,cam12/e1/v1,
phase4_smoke2,03.CCTV Mobile Usage.mkv,632de9ed55947761d56d4c6142a3cb1a1fe69d0b1a6d0e01a2e404c697962623,dfine_sahi,12700.0,unknown_object,0.5153,769.06,411.0,969.84,505.95,19064.3,200.79,94.95,2.115,False,,True,R-desk,9,evt_S-61_desk_work_surface_0001,968235d01208b21f,lap_bag_context,no_pose_observation,34560.0,1.33,,1,cam12/e1/v1,
phase4_smoke2,03.CCTV Mobile Usage.mkv,632de9ed55947761d56d4c6142a3cb1a1fe69d0b1a6d0e01a2e404c697962623,dfine_sahi,12700.0,phone,0.4329,1043.38,421.52,1113.16,473.57,3632.0,69.78,52.05,1.341,False,,True,R-desk,9,evt_S-61_desk_work_surface_0001,968235d01208b21f,lap_bag_context,no_pose_observation,34560.0,1.33,,1,cam12/e1/v1,
phase4_smoke2,03.CCTV Mobile Usage.mkv,632de9ed55947761d56d4c6142a3cb1a1fe69d0b1a6d0e01a2e404c697962623,dfine_sahi,12700.0,keyboard,0.4237,802.46,396.22,870.9,420.71,1675.7,68.44,24.48,2.795,False,,True,R-desk,9,evt_S-61_desk_work_surface_0001,968235d01208b21f,lap_bag_context,no_pose_observation,34560.0,1.33,,1,cam12/e1/v1,
phase4_smoke2,03.CCTV Mobile Usage.mkv,632de9ed55947761d56d4c6142a3cb1a1fe69d0b1a6d0e01a2e404c697962623,dfine_sahi,12700.0,unknown_object,0.4019,699.97,396.22,757.52,491.04,5456.4,57.55,94.82,0.607,False,,True,R-desk,9,evt_S-61_desk_work_surface_0001,968235d01208b21f,lap_bag_context,no_pose_observation,34560.0,1.33,,1,cam12/e1/v1,
phase4_smoke2,03.CCTV Mobile Usage.mkv,632de9ed55947761d56d4c6142a3cb1a1fe69d0b1a6d0e01a2e404c697962623,dfine_sahi,12700.0,monitor_or_bezel,0.3892,1019.66,395.52,1145.06,446.55,6399.4,125.4,51.03,2.457,False,,True,R-desk,9,evt_S-61_desk_work_surface_0001,968235d01208b21f,lap_bag_context,no_pose_observation,34560.0,1.33,,1,cam12/e1/v1,
phase4_smoke2,03.CCTV Mobile Usage.mkv,632de9ed55947761d56d4c6142a3cb1a1fe69d0b1a6d0e01a2e404c697962623,dfine_sahi,12700.0,keyboard,0.3418,910.14,412.13,1092.2,506.31,17145.9,182.06,94.18,1.933,False,,True,R-desk,9,evt_S-61_desk_work_surface_0001,968235d01208b21f,lap_bag_context,no_pose_observation,34560.0,1.33,,1,cam12/e1/v1,
phase4_smoke2,03.CCTV Mobile Usage.mkv,632de9ed55947761d56d4c6142a3cb1a1fe69d0b1a6d0e01a2e404c697962623,dfine_sahi,12700.0,unknown_object,0.3256,882.06,411.12,932.43,452.77,2097.6,50.37,41.64,1.209,False,,True,R-desk,9,evt_S-61_desk_work_surface_0001,968235d01208b21f,lap_bag_context,no_pose_observation,34560.0,1.33,,1,cam12/e1/v1,
phase4_smoke2,03.CCTV Mobile Usage.mkv,632de9ed55947761d56d4c6142a3cb1a1fe69d0b1a6d0e01a2e404c697962623,dfine_sahi,12700.0,keyboard,0.3233,965.98,396.21,1096.59,475.06,10299.0,130.61,78.85,1.656,False,,True,R-desk,9,evt_S-61_desk_work_surface_0001,968235d01208b21f,lap_bag_context,no_pose_observation,34560.0,1.33,,1,cam12/e1/v1,
phase4_smoke2,03.CCTV Mobile Usage.mkv,632de9ed55947761d56d4c6142a3cb1a1fe69d0b1a6d0e01a2e404c697962623,dfine_sahi,12700.0,unknown_object,0.3092,736.55,395.62,1140.16,491.17,38565.1,403.61,95.55,4.224,False,,True,R-desk,9,evt_S-61_desk_work_surface_0001,968235d01208b21f,lap_bag_context,no_pose_observation,34560.0,1.33,,1,cam12/e1/v1,
phase4_smoke2,03.CCTV Mobile Usage.mkv,632de9ed55947761d56d4c6142a3cb1a1fe69d0b1a6d0e01a2e404c697962623,dfine_sahi,12700.0,unknown_object,0.2767,881.3,411.54,969.9,505.58,8331.2,88.6,94.03,0.942,False,,True,R-desk,9,evt_S-61_desk_work_surface_0001,968235d01208b21f,lap_bag_context,no_pose_observation,34560.0,1.33,,1,cam12/e1/v1,
phase4_smoke2,03.CCTV Mobile Usage.mkv,632de9ed55947761d56d4c6142a3cb1a1fe69d0b1a6d0e01a2e404c697962623,dfine_sahi,12700.0,mouse,0.2733,966.85,398.32,992.32,410.44,308.6,25.46,12.12,2.101,False,,True,R-desk,9,evt_S-61_desk_work_surface_0001,968235d01208b21f,lap_bag_context,no_pose_observation,34560.0,1.33,,1,cam12/e1/v1,
phase4_smoke2,03.CCTV Mobile Usage.mkv,632de9ed55947761d56d4c6142a3cb1a1fe69d0b1a6d0e01a2e404c697962623,dfine_sahi,12700.0,keyboard,0.2603,882.33,380.23,968.97,453.05,6309.5,86.65,72.82,1.19,False,,True,R-desk,9,evt_S-61_desk_work_surface_0001,968235d01208b21f,lap_bag_context,no_pose_observation,34560.0,1.33,,1,cam12/e1/v1,
phase4_smoke2,03.CCTV Mobile Usage.mkv,632de9ed55947761d56d4c6142a3cb1a1fe69d0b1a6d0e01a2e404c697962623,dfine_sahi,12700.0,unknown_object,0.2557,910.47,411.12,1177.79,506.5,25496.8,267.32,95.38,2.803,False,,True,R-desk,9,evt_S-61_desk_work_surface_0001,968235d01208b21f,lap_bag_context,no_pose_observation,34560.0,1.33,,1,cam12/e1/v1,
phase4_smoke2,03.CCTV Mobile Usage.mkv,632de9ed55947761d56d4c6142a3cb1a1fe69d0b1a6d0e01a2e404c697962623,dfine_sahi,12700.0,keyboard,0.894,962.1,451.9,1067.92,491.45,4185.1,105.83,39.55,2.676,False,,True,R-desk,10,evt_S-61_upper_body_0015,968235d01208b21f,lap_bag_context,no_pose_observation,34560.0,1.33,,1,cam12/e1/v1,
phase4_smoke2,03.CCTV Mobile Usage.mkv,632de9ed55947761d56d4c6142a3cb1a1fe69d0b1a6d0e01a2e404c697962623,dfine_sahi,12700.0,monitor_or_bezel,0.7704,910.05,411.11,1140.77,506.4,21985.2,230.72,95.29,2.421,False,,True,R-desk,10,evt_S-61_upper_body_0015,968235d01208b21f,lap_bag_context,no_pose_observation,34560.0,1.33,,1,cam12/e1/v1,
phase4_smoke2,03.CCTV Mobile Usage.mkv,632de9ed55947761d56d4c6142a3cb1a1fe69d0b1a6d0e01a2e404c697962623,dfine_sahi,12700.0,monitor_or_bezel,0.7415,963.79,380.39,1152.82,475.21,17925.6,189.04,94.83,1.994,False,,True,R-desk,10,evt_S-61_upper_body_0015,968235d01208b21f,lap_bag_context,no_pose_observation,34560.0,1.33,,1,cam12/e1/v1,
phase4_smoke2,03.CCTV Mobile Usage.mkv,632de9ed55947761d56d4c6142a3cb1a1fe69d0b1a6d0e01a2e404c697962623,dfine_sahi,12700.0,monitor_or_bezel,0.7017,707.0,379.91,969.69,474.94,24964.2,262.7,95.03,2.764,False,,True,R-desk,10,evt_S-61_upper_body_0015,968235d01208b21f,lap_bag_context,no_pose_observation,34560.0,1.33,,1,cam12/e1/v1,
phase4_smoke2,03.CCTV Mobile Usage.mkv,632de9ed55947761d56d4c6142a3cb1a1fe69d0b1a6d0e01a2e404c697962623,dfine_sahi,12700.0,keyboard,0.6368,772.62,380.23,871.14,420.4,3956.9,98.52,40.16,2.453,False,,True,R-desk,10,evt_S-61_upper_body_0015,968235d01208b21f,lap_bag_context,no_pose_observation,34560.0,1.33,,1,cam12/e1/v1,
phase4_smoke2,03.CCTV Mobile Usage.mkv,632de9ed55947761d56d4c6142a3cb1a1fe69d0b1a6d0e01a2e404c697962623,dfine_sahi,12700.0,keyboard,0.626,962.63,452.36,1035.08,475.63,1686.1,72.45,23.27,3.113,False,,True,R-desk,10,evt_S-61_upper_body_0015,968235d01208b21f,lap_bag_context,no_pose_observation,34560.0,1.33,,1,cam12/e1/v1,
phase4_smoke2,03.CCTV Mobile Usage.mkv,632de9ed55947761d56d4c6142a3cb1a1fe69d0b1a6d0e01a2e404c697962623,dfine_sahi,12700.0,unknown_object,0.6223,699.91,396.23,849.49,492.42,14387.6,149.57,96.19,1.555,False,,True,R-desk,10,evt_S-61_upper_body_0015,968235d01208b21f,lap_bag_context,no_pose_observation,34560.0,1.33,,1,cam12/e1/v1,
phase4_smoke2,03.CCTV Mobile Usage.mkv,632de9ed55947761d56d4c6142a3cb1a1fe69d0b1a6d0e01a2e404c697962623,dfine_sahi,12700.0,mouse,0.5609,865.43,413.69,891.29,435.25,557.7,25.86,21.56,1.2,False,,True,R-desk,10,evt_S-61_upper_body_0015,968235d01208b21f,lap_bag_context,no_pose_observation,34560.0,1.33,,1,cam12/e1/v1,
phase4_smoke2,03.CCTV Mobile Usage.mkv,632de9ed55947761d56d4c6142a3cb1a1fe69d0b1a6d0e01a2e404c697962623,dfine_sahi,12700.0,unknown_object,0.5153,769.06,411.0,969.84,505.95,19064.3,200.79,94.95,2.115,False,,True,R-desk,10,evt_S-61_upper_body_0015,968235d01208b21f,lap_bag_context,no_pose_observation,34560.0,1.33,,1,cam12/e1/v1,
phase4_smoke2,03.CCTV Mobile Usage.mkv,632de9ed55947761d56d4c6142a3cb1a1fe69d0b1a6d0e01a2e404c697962623,dfine_sahi,12700.0,phone,0.4329,1043.38,421.52,1113.16,473.57,3632.0,69.78,52.05,1.341,False,,True,R-desk,10,evt_S-61_upper_body_0015,968235d01208b21f,lap_bag_context,no_pose_observation,34560.0,1.33,,1,cam12/e1/v1,
phase4_smoke2,03.CCTV Mobile Usage.mkv,632de9ed55947761d56d4c6142a3cb1a1fe69d0b1a6d0e01a2e404c697962623,dfine_sahi,12700.0,keyboard,0.4237,802.46,396.22,870.9,420.71,1675.7,68.44,24.48,2.795,False,,True,R-desk,10,evt_S-61_upper_body_0015,968235d01208b21f,lap_bag_context,no_pose_observation,34560.0,1.33,,1,cam12/e1/v1,
phase4_smoke2,03.CCTV Mobile Usage.mkv,632de9ed55947761d56d4c6142a3cb1a1fe69d0b1a6d0e01a2e404c697962623,dfine_sahi,12700.0,unknown_object,0.4019,699.97,396.22,757.52,491.04,5456.4,57.55,94.82,0.607,False,,True,R-desk,10,evt_S-61_upper_body_0015,968235d01208b21f,lap_bag_context,no_pose_observation,34560.0,1.33,,1,cam12/e1/v1,
phase4_smoke2,03.CCTV Mobile Usage.mkv,632de9ed55947761d56d4c6142a3cb1a1fe69d0b1a6d0e01a2e404c697962623,dfine_sahi,12700.0,monitor_or_bezel,0.3892,1019.66,395.52,1145.06,446.55,6399.4,125.4,51.03,2.457,False,,True,R-desk,10,evt_S-61_upper_body_0015,968235d01208b21f,lap_bag_context,no_pose_observation,34560.0,1.33,,1,cam12/e1/v1,
phase4_smoke2,03.CCTV Mobile Usage.mkv,632de9ed55947761d56d4c6142a3cb1a1fe69d0b1a6d0e01a2e404c697962623,dfine_sahi,12700.0,keyboard,0.3418,910.14,412.13,1092.2,506.31,17145.9,182.06,94.18,1.933,False,,True,R-desk,10,evt_S-61_upper_body_0015,968235d01208b21f,lap_bag_context,no_pose_observation,34560.0,1.33,,1,cam12/e1/v1,
phase4_smoke2,03.CCTV Mobile Usage.mkv,632de9ed55947761d56d4c6142a3cb1a1fe69d0b1a6d0e01a2e404c697962623,dfine_sahi,12700.0,unknown_object,0.3256,882.06,411.12,932.43,452.77,2097.6,50.37,41.64,1.209,False,,True,R-desk,10,evt_S-61_upper_body_0015,968235d01208b21f,lap_bag_context,no_pose_observation,34560.0,1.33,,1,cam12/e1/v1,
phase4_smoke2,03.CCTV Mobile Usage.mkv,632de9ed55947761d56d4c6142a3cb1a1fe69d0b1a6d0e01a2e404c697962623,dfine_sahi,12700.0,keyboard,0.3233,965.98,396.21,1096.59,475.06,10299.0,130.61,78.85,1.656,False,,True,R-desk,10,evt_S-61_upper_body_0015,968235d01208b21f,lap_bag_context,no_pose_observation,34560.0,1.33,,1,cam12/e1/v1,
phase4_smoke2,03.CCTV Mobile Usage.mkv,632de9ed55947761d56d4c6142a3cb1a1fe69d0b1a6d0e01a2e404c697962623,dfine_sahi,12700.0,unknown_object,0.3092,736.55,395.62,1140.16,491.17,38565.1,403.61,95.55,4.224,False,,True,R-desk,10,evt_S-61_upper_body_0015,968235d01208b21f,lap_bag_context,no_pose_observation,34560.0,1.33,,1,cam12/e1/v1,
phase4_smoke2,03.CCTV Mobile Usage.mkv,632de9ed55947761d56d4c6142a3cb1a1fe69d0b1a6d0e01a2e404c697962623,dfine_sahi,12700.0,unknown_object,0.2767,881.3,411.54,969.9,505.58,8331.2,88.6,94.03,0.942,False,,True,R-desk,10,evt_S-61_upper_body_0015,968235d01208b21f,lap_bag_context,no_pose_observation,34560.0,1.33,,1,cam12/e1/v1,
phase4_smoke2,03.CCTV Mobile Usage.mkv,632de9ed55947761d56d4c6142a3cb1a1fe69d0b1a6d0e01a2e404c697962623,dfine_sahi,12700.0,mouse,0.2733,966.85,398.32,992.32,410.44,308.6,25.46,12.12,2.101,False,,True,R-desk,10,evt_S-61_upper_body_0015,968235d01208b21f,lap_bag_context,no_pose_observation,34560.0,1.33,,1,cam12/e1/v1,
phase4_smoke2,03.CCTV Mobile Usage.mkv,632de9ed55947761d56d4c6142a3cb1a1fe69d0b1a6d0e01a2e404c697962623,dfine_sahi,12700.0,keyboard,0.2603,882.33,380.23,968.97,453.05,6309.5,86.65,72.82,1.19,False,,True,R-desk,10,evt_S-61_upper_body_0015,968235d01208b21f,lap_bag_context,no_pose_observation,34560.0,1.33,,1,cam12/e1/v1,
phase4_smoke2,03.CCTV Mobile Usage.mkv,632de9ed55947761d56d4c6142a3cb1a1fe69d0b1a6d0e01a2e404c697962623,dfine_sahi,12700.0,unknown_object,0.2557,910.47,411.12,1177.79,506.5,25496.8,267.32,95.38,2.803,False,,True,R-desk,10,evt_S-61_upper_body_0015,968235d01208b21f,lap_bag_context,no_pose_observation,34560.0,1.33,,1,cam12/e1/v1,
phase4_smoke2,03.CCTV Mobile Usage.mkv,632de9ed55947761d56d4c6142a3cb1a1fe69d0b1a6d0e01a2e404c697962623,dfine_sahi,12700.0,keyboard,0.894,962.1,451.9,1067.92,491.45,4185.1,105.83,39.55,2.676,False,,True,R-desk,11,evt_S-61_desk_work_surface_0001,968235d01208b21f,lap_bag_context,no_pose_observation,34560.0,1.33,,1,cam12/e1/v1,
phase4_smoke2,03.CCTV Mobile Usage.mkv,632de9ed55947761d56d4c6142a3cb1a1fe69d0b1a6d0e01a2e404c697962623,dfine_sahi,12700.0,monitor_or_bezel,0.7704,910.05,411.11,1140.77,506.4,21985.2,230.72,95.29,2.421,False,,True,R-desk,11,evt_S-61_desk_work_surface_0001,968235d01208b21f,lap_bag_context,no_pose_observation,34560.0,1.33,,1,cam12/e1/v1,
phase4_smoke2,03.CCTV Mobile Usage.mkv,632de9ed55947761d56d4c6142a3cb1a1fe69d0b1a6d0e01a2e404c697962623,dfine_sahi,12700.0,monitor_or_bezel,0.7415,963.79,380.39,1152.82,475.21,17925.6,189.04,94.83,1.994,False,,True,R-desk,11,evt_S-61_desk_work_surface_0001,968235d01208b21f,lap_bag_context,no_pose_observation,34560.0,1.33,,1,cam12/e1/v1,
phase4_smoke2,03.CCTV Mobile Usage.mkv,632de9ed55947761d56d4c6142a3cb1a1fe69d0b1a6d0e01a2e404c697962623,dfine_sahi,12700.0,monitor_or_bezel,0.7017,707.0,379.91,969.69,474.94,24964.2,262.7,95.03,2.764,False,,True,R-desk,11,evt_S-61_desk_work_surface_0001,968235d01208b21f,lap_bag_context,no_pose_observation,34560.0,1.33,,1,cam12/e1/v1,
phase4_smoke2,03.CCTV Mobile Usage.mkv,632de9ed55947761d56d4c6142a3cb1a1fe69d0b1a6d0e01a2e404c697962623,dfine_sahi,12700.0,keyboard,0.6368,772.62,380.23,871.14,420.4,3956.9,98.52,40.16,2.453,False,,True,R-desk,11,evt_S-61_desk_work_surface_0001,968235d01208b21f,lap_bag_context,no_pose_observation,34560.0,1.33,,1,cam12/e1/v1,
phase4_smoke2,03.CCTV Mobile Usage.mkv,632de9ed55947761d56d4c6142a3cb1a1fe69d0b1a6d0e01a2e404c697962623,dfine_sahi,12700.0,keyboard,0.626,962.63,452.36,1035.08,475.63,1686.1,72.45,23.27,3.113,False,,True,R-desk,11,evt_S-61_desk_work_surface_0001,968235d01208b21f,lap_bag_context,no_pose_observation,34560.0,1.33,,1,cam12/e1/v1,
phase4_smoke2,03.CCTV Mobile Usage.mkv,632de9ed55947761d56d4c6142a3cb1a1fe69d0b1a6d0e01a2e404c697962623,dfine_sahi,12700.0,unknown_object,0.6223,699.91,396.23,849.49,492.42,14387.6,149.57,96.19,1.555,False,,True,R-desk,11,evt_S-61_desk_work_surface_0001,968235d01208b21f,lap_bag_context,no_pose_observation,34560.0,1.33,,1,cam12/e1/v1,
phase4_smoke2,03.CCTV Mobile Usage.mkv,632de9ed55947761d56d4c6142a3cb1a1fe69d0b1a6d0e01a2e404c697962623,dfine_sahi,12700.0,mouse,0.5609,865.43,413.69,891.29,435.25,557.7,25.86,21.56,1.2,False,,True,R-desk,11,evt_S-61_desk_work_surface_0001,968235d01208b21f,lap_bag_context,no_pose_observation,34560.0,1.33,,1,cam12/e1/v1,
phase4_smoke2,03.CCTV Mobile Usage.mkv,632de9ed55947761d56d4c6142a3cb1a1fe69d0b1a6d0e01a2e404c697962623,dfine_sahi,12700.0,unknown_object,0.5153,769.06,411.0,969.84,505.95,19064.3,200.79,94.95,2.115,False,,True,R-desk,11,evt_S-61_desk_work_surface_0001,968235d01208b21f,lap_bag_context,no_pose_observation,34560.0,1.33,,1,cam12/e1/v1,
phase4_smoke2,03.CCTV Mobile Usage.mkv,632de9ed55947761d56d4c6142a3cb1a1fe69d0b1a6d0e01a2e404c697962623,dfine_sahi,12700.0,phone,0.4329,1043.38,421.52,1113.16,473.57,3632.0,69.78,52.05,1.341,False,,True,R-desk,11,evt_S-61_desk_work_surface_0001,968235d01208b21f,lap_bag_context,no_pose_observation,34560.0,1.33,,1,cam12/e1/v1,
phase4_smoke2,03.CCTV Mobile Usage.mkv,632de9ed55947761d56d4c6142a3cb1a1fe69d0b1a6d0e01a2e404c697962623,dfine_sahi,12700.0,keyboard,0.4237,802.46,396.22,870.9,420.71,1675.7,68.44,24.48,2.795,False,,True,R-desk,11,evt_S-61_desk_work_surface_0001,968235d01208b21f,lap_bag_context,no_pose_observation,34560.0,1.33,,1,cam12/e1/v1,
phase4_smoke2,03.CCTV Mobile Usage.mkv,632de9ed55947761d56d4c6142a3cb1a1fe69d0b1a6d0e01a2e404c697962623,dfine_sahi,12700.0,unknown_object,0.4019,699.97,396.22,757.52,491.04,5456.4,57.55,94.82,0.607,False,,True,R-desk,11,evt_S-61_desk_work_surface_0001,968235d01208b21f,lap_bag_context,no_pose_observation,34560.0,1.33,,1,cam12/e1/v1,
phase4_smoke2,03.CCTV Mobile Usage.mkv,632de9ed55947761d56d4c6142a3cb1a1fe69d0b1a6d0e01a2e404c697962623,dfine_sahi,12700.0,monitor_or_bezel,0.3892,1019.66,395.52,1145.06,446.55,6399.4,125.4,51.03,2.457,False,,True,R-desk,11,evt_S-61_desk_work_surface_0001,968235d01208b21f,lap_bag_context,no_pose_observation,34560.0,1.33,,1,cam12/e1/v1,
phase4_smoke2,03.CCTV Mobile Usage.mkv,632de9ed55947761d56d4c6142a3cb1a1fe69d0b1a6d0e01a2e404c697962623,dfine_sahi,12700.0,keyboard,0.3418,910.14,412.13,1092.2,506.31,17145.9,182.06,94.18,1.933,False,,True,R-desk,11,evt_S-61_desk_work_surface_0001,968235d01208b21f,lap_bag_context,no_pose_observation,34560.0,1.33,,1,cam12/e1/v1,
phase4_smoke2,03.CCTV Mobile Usage.mkv,632de9ed55947761d56d4c6142a3cb1a1fe69d0b1a6d0e01a2e404c697962623,dfine_sahi,12700.0,unknown_object,0.3256,882.06,411.12,932.43,452.77,2097.6,50.37,41.64,1.209,False,,True,R-desk,11,evt_S-61_desk_work_surface_0001,968235d01208b21f,lap_bag_context,no_pose_observation,34560.0,1.33,,1,cam12/e1/v1,
phase4_smoke2,03.CCTV Mobile Usage.mkv,632de9ed55947761d56d4c6142a3cb1a1fe69d0b1a6d0e01a2e404c697962623,dfine_sahi,12700.0,keyboard,0.3233,965.98,396.21,1096.59,475.06,10299.0,130.61,78.85,1.656,False,,True,R-desk,11,evt_S-61_desk_work_surface_0001,968235d01208b21f,lap_bag_context,no_pose_observation,34560.0,1.33,,1,cam12/e1/v1,
phase4_smoke2,03.CCTV Mobile Usage.mkv,632de9ed55947761d56d4c6142a3cb1a1fe69d0b1a6d0e01a2e404c697962623,dfine_sahi,12700.0,unknown_object,0.3092,736.55,395.62,1140.16,491.17,38565.1,403.61,95.55,4.224,False,,True,R-desk,11,evt_S-61_desk_work_surface_0001,968235d01208b21f,lap_bag_context,no_pose_observation,34560.0,1.33,,1,cam12/e1/v1,
phase4_smoke2,03.CCTV Mobile Usage.mkv,632de9ed55947761d56d4c6142a3cb1a1fe69d0b1a6d0e01a2e404c697962623,dfine_sahi,12700.0,unknown_object,0.2767,881.3,411.54,969.9,505.58,8331.2,88.6,94.03,0.942,False,,True,R-desk,11,evt_S-61_desk_work_surface_0001,968235d01208b21f,lap_bag_context,no_pose_observation,34560.0,1.33,,1,cam12/e1/v1,
phase4_smoke2,03.CCTV Mobile Usage.mkv,632de9ed55947761d56d4c6142a3cb1a1fe69d0b1a6d0e01a2e404c697962623,dfine_sahi,12700.0,mouse,0.2733,966.85,398.32,992.32,410.44,308.6,25.46,12.12,2.101,False,,True,R-desk,11,evt_S-61_desk_work_surface_0001,968235d01208b21f,lap_bag_context,no_pose_observation,34560.0,1.33,,1,cam12/e1/v1,
phase4_smoke2,03.CCTV Mobile Usage.mkv,632de9ed55947761d56d4c6142a3cb1a1fe69d0b1a6d0e01a2e404c697962623,dfine_sahi,12700.0,keyboard,0.2603,882.33,380.23,968.97,453.05,6309.5,86.65,72.82,1.19,False,,True,R-desk,11,evt_S-61_desk_work_surface_0001,968235d01208b21f,lap_bag_context,no_pose_observation,34560.0,1.33,,1,cam12/e1/v1,
phase4_smoke2,03.CCTV Mobile Usage.mkv,632de9ed55947761d56d4c6142a3cb1a1fe69d0b1a6d0e01a2e404c697962623,dfine_sahi,12700.0,unknown_object,0.2557,910.47,411.12,1177.79,506.5,25496.8,267.32,95.38,2.803,False,,True,R-desk,11,evt_S-61_desk_work_surface_0001,968235d01208b21f,lap_bag_context,no_pose_observation,34560.0,1.33,,1,cam12/e1/v1,
phase4_smoke2,03.CCTV Mobile Usage.mkv,632de9ed55947761d56d4c6142a3cb1a1fe69d0b1a6d0e01a2e404c697962623,dfine_sahi,12700.0,keyboard,0.894,962.1,451.9,1067.92,491.45,4185.1,105.83,39.55,2.676,False,,True,R-desk,13,evt_S-61_upper_body_0015,968235d01208b21f,lap_bag_context,no_pose_observation,34560.0,1.33,,1,cam12/e1/v1,
phase4_smoke2,03.CCTV Mobile Usage.mkv,632de9ed55947761d56d4c6142a3cb1a1fe69d0b1a6d0e01a2e404c697962623,dfine_sahi,12700.0,monitor_or_bezel,0.7704,910.05,411.11,1140.77,506.4,21985.2,230.72,95.29,2.421,False,,True,R-desk,13,evt_S-61_upper_body_0015,968235d01208b21f,lap_bag_context,no_pose_observation,34560.0,1.33,,1,cam12/e1/v1,
phase4_smoke2,03.CCTV Mobile Usage.mkv,632de9ed55947761d56d4c6142a3cb1a1fe69d0b1a6d0e01a2e404c697962623,dfine_sahi,12700.0,monitor_or_bezel,0.7415,963.79,380.39,1152.82,475.21,17925.6,189.04,94.83,1.994,False,,True,R-desk,13,evt_S-61_upper_body_0015,968235d01208b21f,lap_bag_context,no_pose_observation,34560.0,1.33,,1,cam12/e1/v1,
phase4_smoke2,03.CCTV Mobile Usage.mkv,632de9ed55947761d56d4c6142a3cb1a1fe69d0b1a6d0e01a2e404c697962623,dfine_sahi,12700.0,monitor_or_bezel,0.7017,707.0,379.91,969.69,474.94,24964.2,262.7,95.03,2.764,False,,True,R-desk,13,evt_S-61_upper_body_0015,968235d01208b21f,lap_bag_context,no_pose_observation,34560.0,1.33,,1,cam12/e1/v1,
phase4_smoke2,03.CCTV Mobile Usage.mkv,632de9ed55947761d56d4c6142a3cb1a1fe69d0b1a6d0e01a2e404c697962623,dfine_sahi,12700.0,keyboard,0.6368,772.62,380.23,871.14,420.4,3956.9,98.52,40.16,2.453,False,,True,R-desk,13,evt_S-61_upper_body_0015,968235d01208b21f,lap_bag_context,no_pose_observation,34560.0,1.33,,1,cam12/e1/v1,
phase4_smoke2,03.CCTV Mobile Usage.mkv,632de9ed55947761d56d4c6142a3cb1a1fe69d0b1a6d0e01a2e404c697962623,dfine_sahi,12700.0,keyboard,0.626,962.63,452.36,1035.08,475.63,1686.1,72.45,23.27,3.113,False,,True,R-desk,13,evt_S-61_upper_body_0015,968235d01208b21f,lap_bag_context,no_pose_observation,34560.0,1.33,,1,cam12/e1/v1,
phase4_smoke2,03.CCTV Mobile Usage.mkv,632de9ed55947761d56d4c6142a3cb1a1fe69d0b1a6d0e01a2e404c697962623,dfine_sahi,12700.0,unknown_object,0.6223,699.91,396.23,849.49,492.42,14387.6,149.57,96.19,1.555,False,,True,R-desk,13,evt_S-61_upper_body_0015,968235d01208b21f,lap_bag_context,no_pose_observation,34560.0,1.33,,1,cam12/e1/v1,
phase4_smoke2,03.CCTV Mobile Usage.mkv,632de9ed55947761d56d4c6142a3cb1a1fe69d0b1a6d0e01a2e404c697962623,dfine_sahi,12700.0,mouse,0.5609,865.43,413.69,891.29,435.25,557.7,25.86,21.56,1.2,False,,True,R-desk,13,evt_S-61_upper_body_0015,968235d01208b21f,lap_bag_context,no_pose_observation,34560.0,1.33,,1,cam12/e1/v1,
phase4_smoke2,03.CCTV Mobile Usage.mkv,632de9ed55947761d56d4c6142a3cb1a1fe69d0b1a6d0e01a2e404c697962623,dfine_sahi,12700.0,unknown_object,0.5153,769.06,411.0,969.84,505.95,19064.3,200.79,94.95,2.115,False,,True,R-desk,13,evt_S-61_upper_body_0015,968235d01208b21f,lap_bag_context,no_pose_observation,34560.0,1.33,,1,cam12/e1/v1,
phase4_smoke2,03.CCTV Mobile Usage.mkv,632de9ed55947761d56d4c6142a3cb1a1fe69d0b1a6d0e01a2e404c697962623,dfine_sahi,12700.0,phone,0.4329,1043.38,421.52,1113.16,473.57,3632.0,69.78,52.05,1.341,False,,True,R-desk,13,evt_S-61_upper_body_0015,968235d01208b21f,lap_bag_context,no_pose_observation,34560.0,1.33,,1,cam12/e1/v1,
phase4_smoke2,03.CCTV Mobile Usage.mkv,632de9ed55947761d56d4c6142a3cb1a1fe69d0b1a6d0e01a2e404c697962623,dfine_sahi,12700.0,keyboard,0.4237,802.46,396.22,870.9,420.71,1675.7,68.44,24.48,2.795,False,,True,R-desk,13,evt_S-61_upper_body_0015,968235d01208b21f,lap_bag_context,no_pose_observation,34560.0,1.33,,1,cam12/e1/v1,
phase4_smoke2,03.CCTV Mobile Usage.mkv,632de9ed55947761d56d4c6142a3cb1a1fe69d0b1a6d0e01a2e404c697962623,dfine_sahi,12700.0,unknown_object,0.4019,699.97,396.22,757.52,491.04,5456.4,57.55,94.82,0.607,False,,True,R-desk,13,evt_S-61_upper_body_0015,968235d01208b21f,lap_bag_context,no_pose_observation,34560.0,1.33,,1,cam12/e1/v1,
phase4_smoke2,03.CCTV Mobile Usage.mkv,632de9ed55947761d56d4c6142a3cb1a1fe69d0b1a6d0e01a2e404c697962623,dfine_sahi,12700.0,monitor_or_bezel,0.3892,1019.66,395.52,1145.06,446.55,6399.4,125.4,51.03,2.457,False,,True,R-desk,13,evt_S-61_upper_body_0015,968235d01208b21f,lap_bag_context,no_pose_observation,34560.0,1.33,,1,cam12/e1/v1,
phase4_smoke2,03.CCTV Mobile Usage.mkv,632de9ed55947761d56d4c6142a3cb1a1fe69d0b1a6d0e01a2e404c697962623,dfine_sahi,12700.0,keyboard,0.3418,910.14,412.13,1092.2,506.31,17145.9,182.06,94.18,1.933,False,,True,R-desk,13,evt_S-61_upper_body_0015,968235d01208b21f,lap_bag_context,no_pose_observation,34560.0,1.33,,1,cam12/e1/v1,
phase4_smoke2,03.CCTV Mobile Usage.mkv,632de9ed55947761d56d4c6142a3cb1a1fe69d0b1a6d0e01a2e404c697962623,dfine_sahi,12700.0,unknown_object,0.3256,882.06,411.12,932.43,452.77,2097.6,50.37,41.64,1.209,False,,True,R-desk,13,evt_S-61_upper_body_0015,968235d01208b21f,lap_bag_context,no_pose_observation,34560.0,1.33,,1,cam12/e1/v1,
phase4_smoke2,03.CCTV Mobile Usage.mkv,632de9ed55947761d56d4c6142a3cb1a1fe69d0b1a6d0e01a2e404c697962623,dfine_sahi,12700.0,keyboard,0.3233,965.98,396.21,1096.59,475.06,10299.0,130.61,78.85,1.656,False,,True,R-desk,13,evt_S-61_upper_body_0015,968235d01208b21f,lap_bag_context,no_pose_observation,34560.0,1.33,,1,cam12/e1/v1,
phase4_smoke2,03.CCTV Mobile Usage.mkv,632de9ed55947761d56d4c6142a3cb1a1fe69d0b1a6d0e01a2e404c697962623,dfine_sahi,12700.0,unknown_object,0.3092,736.55,395.62,1140.16,491.17,38565.1,403.61,95.55,4.224,False,,True,R-desk,13,evt_S-61_upper_body_0015,968235d01208b21f,lap_bag_context,no_pose_observation,34560.0,1.33,,1,cam12/e1/v1,
phase4_smoke2,03.CCTV Mobile Usage.mkv,632de9ed55947761d56d4c6142a3cb1a1fe69d0b1a6d0e01a2e404c697962623,dfine_sahi,12700.0,unknown_object,0.2767,881.3,411.54,969.9,505.58,8331.2,88.6,94.03,0.942,False,,True,R-desk,13,evt_S-61_upper_body_0015,968235d01208b21f,lap_bag_context,no_pose_observation,34560.0,1.33,,1,cam12/e1/v1,
phase4_smoke2,03.CCTV Mobile Usage.mkv,632de9ed55947761d56d4c6142a3cb1a1fe69d0b1a6d0e01a2e404c697962623,dfine_sahi,12700.0,mouse,0.2733,966.85,398.32,992.32,410.44,308.6,25.46,12.12,2.101,False,,True,R-desk,13,evt_S-61_upper_body_0015,968235d01208b21f,lap_bag_context,no_pose_observation,34560.0,1.33,,1,cam12/e1/v1,
phase4_smoke2,03.CCTV Mobile Usage.mkv,632de9ed55947761d56d4c6142a3cb1a1fe69d0b1a6d0e01a2e404c697962623,dfine_sahi,12700.0,keyboard,0.2603,882.33,380.23,968.97,453.05,6309.5,86.65,72.82,1.19,False,,True,R-desk,13,evt_S-61_upper_body_0015,968235d01208b21f,lap_bag_context,no_pose_observation,34560.0,1.33,,1,cam12/e1/v1,
phase4_smoke2,03.CCTV Mobile Usage.mkv,632de9ed55947761d56d4c6142a3cb1a1fe69d0b1a6d0e01a2e404c697962623,dfine_sahi,12700.0,unknown_object,0.2557,910.47,411.12,1177.79,506.5,25496.8,267.32,95.38,2.803,False,,True,R-desk,13,evt_S-61_upper_body_0015,968235d01208b21f,lap_bag_context,no_pose_observation,34560.0,1.33,,1,cam12/e1/v1,
phase4_smoke2,03.CCTV Mobile Usage.mkv,632de9ed55947761d56d4c6142a3cb1a1fe69d0b1a6d0e01a2e404c697962623,dfine_sahi,12700.0,keyboard,0.894,962.1,451.9,1067.92,491.45,4185.1,105.83,39.55,2.676,False,,True,R-desk,12,evt_S-61_desk_work_surface_0001,968235d01208b21f,lap_bag_context,no_pose_observation,34560.0,1.33,,1,cam12/e1/v1,
phase4_smoke2,03.CCTV Mobile Usage.mkv,632de9ed55947761d56d4c6142a3cb1a1fe69d0b1a6d0e01a2e404c697962623,dfine_sahi,12700.0,monitor_or_bezel,0.7704,910.05,411.11,1140.77,506.4,21985.2,230.72,95.29,2.421,False,,True,R-desk,12,evt_S-61_desk_work_surface_0001,968235d01208b21f,lap_bag_context,no_pose_observation,34560.0,1.33,,1,cam12/e1/v1,
phase4_smoke2,03.CCTV Mobile Usage.mkv,632de9ed55947761d56d4c6142a3cb1a1fe69d0b1a6d0e01a2e404c697962623,dfine_sahi,12700.0,monitor_or_bezel,0.7415,963.79,380.39,1152.82,475.21,17925.6,189.04,94.83,1.994,False,,True,R-desk,12,evt_S-61_desk_work_surface_0001,968235d01208b21f,lap_bag_context,no_pose_observation,34560.0,1.33,,1,cam12/e1/v1,
phase4_smoke2,03.CCTV Mobile Usage.mkv,632de9ed55947761d56d4c6142a3cb1a1fe69d0b1a6d0e01a2e404c697962623,dfine_sahi,12700.0,monitor_or_bezel,0.7017,707.0,379.91,969.69,474.94,24964.2,262.7,95.03,2.764,False,,True,R-desk,12,evt_S-61_desk_work_surface_0001,968235d01208b21f,lap_bag_context,no_pose_observation,34560.0,1.33,,1,cam12/e1/v1,
phase4_smoke2,03.CCTV Mobile Usage.mkv,632de9ed55947761d56d4c6142a3cb1a1fe69d0b1a6d0e01a2e404c697962623,dfine_sahi,12700.0,keyboard,0.6368,772.62,380.23,871.14,420.4,3956.9,98.52,40.16,2.453,False,,True,R-desk,12,evt_S-61_desk_work_surface_0001,968235d01208b21f,lap_bag_context,no_pose_observation,34560.0,1.33,,1,cam12/e1/v1,
phase4_smoke2,03.CCTV Mobile Usage.mkv,632de9ed55947761d56d4c6142a3cb1a1fe69d0b1a6d0e01a2e404c697962623,dfine_sahi,12700.0,keyboard,0.626,962.63,452.36,1035.08,475.63,1686.1,72.45,23.27,3.113,False,,True,R-desk,12,evt_S-61_desk_work_surface_0001,968235d01208b21f,lap_bag_context,no_pose_observation,34560.0,1.33,,1,cam12/e1/v1,
phase4_smoke2,03.CCTV Mobile Usage.mkv,632de9ed55947761d56d4c6142a3cb1a1fe69d0b1a6d0e01a2e404c697962623,dfine_sahi,12700.0,unknown_object,0.6223,699.91,396.23,849.49,492.42,14387.6,149.57,96.19,1.555,False,,True,R-desk,12,evt_S-61_desk_work_surface_0001,968235d01208b21f,lap_bag_context,no_pose_observation,34560.0,1.33,,1,cam12/e1/v1,
phase4_smoke2,03.CCTV Mobile Usage.mkv,632de9ed55947761d56d4c6142a3cb1a1fe69d0b1a6d0e01a2e404c697962623,dfine_sahi,12700.0,mouse,0.5609,865.43,413.69,891.29,435.25,557.7,25.86,21.56,1.2,False,,True,R-desk,12,evt_S-61_desk_work_surface_0001,968235d01208b21f,lap_bag_context,no_pose_observation,34560.0,1.33,,1,cam12/e1/v1,
phase4_smoke2,03.CCTV Mobile Usage.mkv,632de9ed55947761d56d4c6142a3cb1a1fe69d0b1a6d0e01a2e404c697962623,dfine_sahi,12700.0,unknown_object,0.5153,769.06,411.0,969.84,505.95,19064.3,200.79,94.95,2.115,False,,True,R-desk,12,evt_S-61_desk_work_surface_0001,968235d01208b21f,lap_bag_context,no_pose_observation,34560.0,1.33,,1,cam12/e1/v1,
phase4_smoke2,03.CCTV Mobile Usage.mkv,632de9ed55947761d56d4c6142a3cb1a1fe69d0b1a6d0e01a2e404c697962623,dfine_sahi,12700.0,phone,0.4329,1043.38,421.52,1113.16,473.57,3632.0,69.78,52.05,1.341,False,,True,R-desk,12,evt_S-61_desk_work_surface_0001,968235d01208b21f,lap_bag_context,no_pose_observation,34560.0,1.33,,1,cam12/e1/v1,
phase4_smoke2,03.CCTV Mobile Usage.mkv,632de9ed55947761d56d4c6142a3cb1a1fe69d0b1a6d0e01a2e404c697962623,dfine_sahi,12700.0,keyboard,0.4237,802.46,396.22,870.9,420.71,1675.7,68.44,24.48,2.795,False,,True,R-desk,12,evt_S-61_desk_work_surface_0001,968235d01208b21f,lap_bag_context,no_pose_observation,34560.0,1.33,,1,cam12/e1/v1,
phase4_smoke2,03.CCTV Mobile Usage.mkv,632de9ed55947761d56d4c6142a3cb1a1fe69d0b1a6d0e01a2e404c697962623,dfine_sahi,12700.0,unknown_object,0.4019,699.97,396.22,757.52,491.04,5456.4,57.55,94.82,0.607,False,,True,R-desk,12,evt_S-61_desk_work_surface_0001,968235d01208b21f,lap_bag_context,no_pose_observation,34560.0,1.33,,1,cam12/e1/v1,
phase4_smoke2,03.CCTV Mobile Usage.mkv,632de9ed55947761d56d4c6142a3cb1a1fe69d0b1a6d0e01a2e404c697962623,dfine_sahi,12700.0,monitor_or_bezel,0.3892,1019.66,395.52,1145.06,446.55,6399.4,125.4,51.03,2.457,False,,True,R-desk,12,evt_S-61_desk_work_surface_0001,968235d01208b21f,lap_bag_context,no_pose_observation,34560.0,1.33,,1,cam12/e1/v1,
phase4_smoke2,03.CCTV Mobile Usage.mkv,632de9ed55947761d56d4c6142a3cb1a1fe69d0b1a6d0e01a2e404c697962623,dfine_sahi,12700.0,keyboard,0.3418,910.14,412.13,1092.2,506.31,17145.9,182.06,94.18,1.933,False,,True,R-desk,12,evt_S-61_desk_work_surface_0001,968235d01208b21f,lap_bag_context,no_pose_observation,34560.0,1.33,,1,cam12/e1/v1,
phase4_smoke2,03.CCTV Mobile Usage.mkv,632de9ed55947761d56d4c6142a3cb1a1fe69d0b1a6d0e01a2e404c697962623,dfine_sahi,12700.0,unknown_object,0.3256,882.06,411.12,932.43,452.77,2097.6,50.37,41.64,1.209,False,,True,R-desk,12,evt_S-61_desk_work_surface_0001,968235d01208b21f,lap_bag_context,no_pose_observation,34560.0,1.33,,1,cam12/e1/v1,
phase4_smoke2,03.CCTV Mobile Usage.mkv,632de9ed55947761d56d4c6142a3cb1a1fe69d0b1a6d0e01a2e404c697962623,dfine_sahi,12700.0,keyboard,0.3233,965.98,396.21,1096.59,475.06,10299.0,130.61,78.85,1.656,False,,True,R-desk,12,evt_S-61_desk_work_surface_0001,968235d01208b21f,lap_bag_context,no_pose_observation,34560.0,1.33,,1,cam12/e1/v1,
phase4_smoke2,03.CCTV Mobile Usage.mkv,632de9ed55947761d56d4c6142a3cb1a1fe69d0b1a6d0e01a2e404c697962623,dfine_sahi,12700.0,unknown_object,0.3092,736.55,395.62,1140.16,491.17,38565.1,403.61,95.55,4.224,False,,True,R-desk,12,evt_S-61_desk_work_surface_0001,968235d01208b21f,lap_bag_context,no_pose_observation,34560.0,1.33,,1,cam12/e1/v1,
phase4_smoke2,03.CCTV Mobile Usage.mkv,632de9ed55947761d56d4c6142a3cb1a1fe69d0b1a6d0e01a2e404c697962623,dfine_sahi,12700.0,unknown_object,0.2767,881.3,411.54,969.9,505.58,8331.2,88.6,94.03,0.942,False,,True,R-desk,12,evt_S-61_desk_work_surface_0001,968235d01208b21f,lap_bag_context,no_pose_observation,34560.0,1.33,,1,cam12/e1/v1,
phase4_smoke2,03.CCTV Mobile Usage.mkv,632de9ed55947761d56d4c6142a3cb1a1fe69d0b1a6d0e01a2e404c697962623,dfine_sahi,12700.0,mouse,0.2733,966.85,398.32,992.32,410.44,308.6,25.46,12.12,2.101,False,,True,R-desk,12,evt_S-61_desk_work_surface_0001,968235d01208b21f,lap_bag_context,no_pose_observation,34560.0,1.33,,1,cam12/e1/v1,
phase4_smoke2,03.CCTV Mobile Usage.mkv,632de9ed55947761d56d4c6142a3cb1a1fe69d0b1a6d0e01a2e404c697962623,dfine_sahi,12700.0,keyboard,0.2603,882.33,380.23,968.97,453.05,6309.5,86.65,72.82,1.19,False,,True,R-desk,12,evt_S-61_desk_work_surface_0001,968235d01208b21f,lap_bag_context,no_pose_observation,34560.0,1.33,,1,cam12/e1/v1,
phase4_smoke2,03.CCTV Mobile Usage.mkv,632de9ed55947761d56d4c6142a3cb1a1fe69d0b1a6d0e01a2e404c697962623,dfine_sahi,12700.0,unknown_object,0.2557,910.47,411.12,1177.79,506.5,25496.8,267.32,95.38,2.803,False,,True,R-desk,12,evt_S-61_desk_work_surface_0001,968235d01208b21f,lap_bag_context,no_pose_observation,34560.0,1.33,,1,cam12/e1/v1,
phase4_smoke2,03.CCTV Mobile Usage.mkv,632de9ed55947761d56d4c6142a3cb1a1fe69d0b1a6d0e01a2e404c697962623,dfine_sahi,12700.0,keyboard,0.894,962.1,451.9,1067.92,491.45,4185.1,105.83,39.55,2.676,False,,True,R-desk,14,evt_S-61_upper_body_0015,968235d01208b21f,lap_bag_context,no_pose_observation,34560.0,1.33,,1,cam12/e1/v1,
phase4_smoke2,03.CCTV Mobile Usage.mkv,632de9ed55947761d56d4c6142a3cb1a1fe69d0b1a6d0e01a2e404c697962623,dfine_sahi,12700.0,monitor_or_bezel,0.7704,910.05,411.11,1140.77,506.4,21985.2,230.72,95.29,2.421,False,,True,R-desk,14,evt_S-61_upper_body_0015,968235d01208b21f,lap_bag_context,no_pose_observation,34560.0,1.33,,1,cam12/e1/v1,
phase4_smoke2,03.CCTV Mobile Usage.mkv,632de9ed55947761d56d4c6142a3cb1a1fe69d0b1a6d0e01a2e404c697962623,dfine_sahi,12700.0,monitor_or_bezel,0.7415,963.79,380.39,1152.82,475.21,17925.6,189.04,94.83,1.994,False,,True,R-desk,14,evt_S-61_upper_body_0015,968235d01208b21f,lap_bag_context,no_pose_observation,34560.0,1.33,,1,cam12/e1/v1,
phase4_smoke2,03.CCTV Mobile Usage.mkv,632de9ed55947761d56d4c6142a3cb1a1fe69d0b1a6d0e01a2e404c697962623,dfine_sahi,12700.0,monitor_or_bezel,0.7017,707.0,379.91,969.69,474.94,24964.2,262.7,95.03,2.764,False,,True,R-desk,14,evt_S-61_upper_body_0015,968235d01208b21f,lap_bag_context,no_pose_observation,34560.0,1.33,,1,cam12/e1/v1,
phase4_smoke2,03.CCTV Mobile Usage.mkv,632de9ed55947761d56d4c6142a3cb1a1fe69d0b1a6d0e01a2e404c697962623,dfine_sahi,12700.0,keyboard,0.6368,772.62,380.23,871.14,420.4,3956.9,98.52,40.16,2.453,False,,True,R-desk,14,evt_S-61_upper_body_0015,968235d01208b21f,lap_bag_context,no_pose_observation,34560.0,1.33,,1,cam12/e1/v1,
phase4_smoke2,03.CCTV Mobile Usage.mkv,632de9ed55947761d56d4c6142a3cb1a1fe69d0b1a6d0e01a2e404c697962623,dfine_sahi,12700.0,keyboard,0.626,962.63,452.36,1035.08,475.63,1686.1,72.45,23.27,3.113,False,,True,R-desk,14,evt_S-61_upper_body_0015,968235d01208b21f,lap_bag_context,no_pose_observation,34560.0,1.33,,1,cam12/e1/v1,
phase4_smoke2,03.CCTV Mobile Usage.mkv,632de9ed55947761d56d4c6142a3cb1a1fe69d0b1a6d0e01a2e404c697962623,dfine_sahi,12700.0,unknown_object,0.6223,699.91,396.23,849.49,492.42,14387.6,149.57,96.19,1.555,False,,True,R-desk,14,evt_S-61_upper_body_0015,968235d01208b21f,lap_bag_context,no_pose_observation,34560.0,1.33,,1,cam12/e1/v1,
phase4_smoke2,03.CCTV Mobile Usage.mkv,632de9ed55947761d56d4c6142a3cb1a1fe69d0b1a6d0e01a2e404c697962623,dfine_sahi,12700.0,mouse,0.5609,865.43,413.69,891.29,435.25,557.7,25.86,21.56,1.2,False,,True,R-desk,14,evt_S-61_upper_body_0015,968235d01208b21f,lap_bag_context,no_pose_observation,34560.0,1.33,,1,cam12/e1/v1,
phase4_smoke2,03.CCTV Mobile Usage.mkv,632de9ed55947761d56d4c6142a3cb1a1fe69d0b1a6d0e01a2e404c697962623,dfine_sahi,12700.0,unknown_object,0.5153,769.06,411.0,969.84,505.95,19064.3,200.79,94.95,2.115,False,,True,R-desk,14,evt_S-61_upper_body_0015,968235d01208b21f,lap_bag_context,no_pose_observation,34560.0,1.33,,1,cam12/e1/v1,
phase4_smoke2,03.CCTV Mobile Usage.mkv,632de9ed55947761d56d4c6142a3cb1a1fe69d0b1a6d0e01a2e404c697962623,dfine_sahi,12700.0,phone,0.4329,1043.38,421.52,1113.16,473.57,3632.0,69.78,52.05,1.341,False,,True,R-desk,14,evt_S-61_upper_body_0015,968235d01208b21f,lap_bag_context,no_pose_observation,34560.0,1.33,,1,cam12/e1/v1,
phase4_smoke2,03.CCTV Mobile Usage.mkv,632de9ed55947761d56d4c6142a3cb1a1fe69d0b1a6d0e01a2e404c697962623,dfine_sahi,12700.0,keyboard,0.4237,802.46,396.22,870.9,420.71,1675.7,68.44,24.48,2.795,False,,True,R-desk,14,evt_S-61_upper_body_0015,968235d01208b21f,lap_bag_context,no_pose_observation,34560.0,1.33,,1,cam12/e1/v1,
phase4_smoke2,03.CCTV Mobile Usage.mkv,632de9ed55947761d56d4c6142a3cb1a1fe69d0b1a6d0e01a2e404c697962623,dfine_sahi,12700.0,unknown_object,0.4019,699.97,396.22,757.52,491.04,5456.4,57.55,94.82,0.607,False,,True,R-desk,14,evt_S-61_upper_body_0015,968235d01208b21f,lap_bag_context,no_pose_observation,34560.0,1.33,,1,cam12/e1/v1,
phase4_smoke2,03.CCTV Mobile Usage.mkv,632de9ed55947761d56d4c6142a3cb1a1fe69d0b1a6d0e01a2e404c697962623,dfine_sahi,12700.0,monitor_or_bezel,0.3892,1019.66,395.52,1145.06,446.55,6399.4,125.4,51.03,2.457,False,,True,R-desk,14,evt_S-61_upper_body_0015,968235d01208b21f,lap_bag_context,no_pose_observation,34560.0,1.33,,1,cam12/e1/v1,
phase4_smoke2,03.CCTV Mobile Usage.mkv,632de9ed55947761d56d4c6142a3cb1a1fe69d0b1a6d0e01a2e404c697962623,dfine_sahi,12700.0,keyboard,0.3418,910.14,412.13,1092.2,506.31,17145.9,182.06,94.18,1.933,False,,True,R-desk,14,evt_S-61_upper_body_0015,968235d01208b21f,lap_bag_context,no_pose_observation,34560.0,1.33,,1,cam12/e1/v1,
phase4_smoke2,03.CCTV Mobile Usage.mkv,632de9ed55947761d56d4c6142a3cb1a1fe69d0b1a6d0e01a2e404c697962623,dfine_sahi,12700.0,unknown_object,0.3256,882.06,411.12,932.43,452.77,2097.6,50.37,41.64,1.209,False,,True,R-desk,14,evt_S-61_upper_body_0015,968235d01208b21f,lap_bag_context,no_pose_observation,34560.0,1.33,,1,cam12/e1/v1,
phase4_smoke2,03.CCTV Mobile Usage.mkv,632de9ed55947761d56d4c6142a3cb1a1fe69d0b1a6d0e01a2e404c697962623,dfine_sahi,12700.0,keyboard,0.3233,965.98,396.21,1096.59,475.06,10299.0,130.61,78.85,1.656,False,,True,R-desk,14,evt_S-61_upper_body_0015,968235d01208b21f,lap_bag_context,no_pose_observation,34560.0,1.33,,1,cam12/e1/v1,
phase4_smoke2,03.CCTV Mobile Usage.mkv,632de9ed55947761d56d4c6142a3cb1a1fe69d0b1a6d0e01a2e404c697962623,dfine_sahi,12700.0,unknown_object,0.3092,736.55,395.62,1140.16,491.17,38565.1,403.61,95.55,4.224,False,,True,R-desk,14,evt_S-61_upper_body_0015,968235d01208b21f,lap_bag_context,no_pose_observation,34560.0,1.33,,1,cam12/e1/v1,
phase4_smoke2,03.CCTV Mobile Usage.mkv,632de9ed55947761d56d4c6142a3cb1a1fe69d0b1a6d0e01a2e404c697962623,dfine_sahi,12700.0,unknown_object,0.2767,881.3,411.54,969.9,505.58,8331.2,88.6,94.03,0.942,False,,True,R-desk,14,evt_S-61_upper_body_0015,968235d01208b21f,lap_bag_context,no_pose_observation,34560.0,1.33,,1,cam12/e1/v1,
phase4_smoke2,03.CCTV Mobile Usage.mkv,632de9ed55947761d56d4c6142a3cb1a1fe69d0b1a6d0e01a2e404c697962623,dfine_sahi,12700.0,mouse,0.2733,966.85,398.32,992.32,410.44,308.6,25.46,12.12,2.101,False,,True,R-desk,14,evt_S-61_upper_body_0015,968235d01208b21f,lap_bag_context,no_pose_observation,34560.0,1.33,,1,cam12/e1/v1,
phase4_smoke2,03.CCTV Mobile Usage.mkv,632de9ed55947761d56d4c6142a3cb1a1fe69d0b1a6d0e01a2e404c697962623,dfine_sahi,12700.0,keyboard,0.2603,882.33,380.23,968.97,453.05,6309.5,86.65,72.82,1.19,False,,True,R-desk,14,evt_S-61_upper_body_0015,968235d01208b21f,lap_bag_context,no_pose_observation,34560.0,1.33,,1,cam12/e1/v1,
phase4_smoke2,03.CCTV Mobile Usage.mkv,632de9ed55947761d56d4c6142a3cb1a1fe69d0b1a6d0e01a2e404c697962623,dfine_sahi,12700.0,unknown_object,0.2557,910.47,411.12,1177.79,506.5,25496.8,267.32,95.38,2.803,False,,True,R-desk,14,evt_S-61_upper_body_0015,968235d01208b21f,lap_bag_context,no_pose_observation,34560.0,1.33,,1,cam12/e1/v1,
phase4_smoke2,03.CCTV Mobile Usage.mkv,632de9ed55947761d56d4c6142a3cb1a1fe69d0b1a6d0e01a2e404c697962623,dfine_sahi,13200.0,keyboard,0.894,962.1,451.9,1067.92,491.45,4185.1,105.83,39.55,2.676,False,,True,R-desk,12,evt_S-61_desk_work_surface_0001,200f7d8ecd4f122b,lap_bag_context,no_pose_observation,34560.0,1.33,,1,cam12/e1/v1,
phase4_smoke2,03.CCTV Mobile Usage.mkv,632de9ed55947761d56d4c6142a3cb1a1fe69d0b1a6d0e01a2e404c697962623,dfine_sahi,13200.0,monitor_or_bezel,0.7704,910.05,411.11,1140.77,506.4,21985.2,230.72,95.29,2.421,False,,True,R-desk,12,evt_S-61_desk_work_surface_0001,200f7d8ecd4f122b,lap_bag_context,no_pose_observation,34560.0,1.33,,1,cam12/e1/v1,
phase4_smoke2,03.CCTV Mobile Usage.mkv,632de9ed55947761d56d4c6142a3cb1a1fe69d0b1a6d0e01a2e404c697962623,dfine_sahi,13200.0,monitor_or_bezel,0.7414,963.79,380.39,1152.82,475.21,17925.3,189.04,94.83,1.994,False,,True,R-desk,12,evt_S-61_desk_work_surface_0001,200f7d8ecd4f122b,lap_bag_context,no_pose_observation,34560.0,1.33,,1,cam12/e1/v1,
phase4_smoke2,03.CCTV Mobile Usage.mkv,632de9ed55947761d56d4c6142a3cb1a1fe69d0b1a6d0e01a2e404c697962623,dfine_sahi,13200.0,monitor_or_bezel,0.7017,707.0,379.91,969.69,474.94,24964.2,262.7,95.03,2.764,False,,True,R-desk,12,evt_S-61_desk_work_surface_0001,200f7d8ecd4f122b,lap_bag_context,no_pose_observation,34560.0,1.33,,1,cam12/e1/v1,
phase4_smoke2,03.CCTV Mobile Usage.mkv,632de9ed55947761d56d4c6142a3cb1a1fe69d0b1a6d0e01a2e404c697962623,dfine_sahi,13200.0,keyboard,0.6368,772.62,380.23,871.14,420.4,3956.9,98.52,40.16,2.453,False,,True,R-desk,12,evt_S-61_desk_work_surface_0001,200f7d8ecd4f122b,lap_bag_context,no_pose_observation,34560.0,1.33,,1,cam12/e1/v1,
phase4_smoke2,03.CCTV Mobile Usage.mkv,632de9ed55947761d56d4c6142a3cb1a1fe69d0b1a6d0e01a2e404c697962623,dfine_sahi,13200.0,keyboard,0.626,962.63,452.36,1035.08,475.63,1686.1,72.45,23.27,3.113,False,,True,R-desk,12,evt_S-61_desk_work_surface_0001,200f7d8ecd4f122b,lap_bag_context,no_pose_observation,34560.0,1.33,,1,cam12/e1/v1,
phase4_smoke2,03.CCTV Mobile Usage.mkv,632de9ed55947761d56d4c6142a3cb1a1fe69d0b1a6d0e01a2e404c697962623,dfine_sahi,13200.0,unknown_object,0.6223,699.91,396.23,849.49,492.42,14387.6,149.57,96.19,1.555,False,,True,R-desk,12,evt_S-61_desk_work_surface_0001,200f7d8ecd4f122b,lap_bag_context,no_pose_observation,34560.0,1.33,,1,cam12/e1/v1,
phase4_smoke2,03.CCTV Mobile Usage.mkv,632de9ed55947761d56d4c6142a3cb1a1fe69d0b1a6d0e01a2e404c697962623,dfine_sahi,13200.0,mouse,0.5609,865.43,413.69,891.29,435.25,557.7,25.86,21.56,1.2,False,,True,R-desk,12,evt_S-61_desk_work_surface_0001,200f7d8ecd4f122b,lap_bag_context,no_pose_observation,34560.0,1.33,,1,cam12/e1/v1,
phase4_smoke2,03.CCTV Mobile Usage.mkv,632de9ed55947761d56d4c6142a3cb1a1fe69d0b1a6d0e01a2e404c697962623,dfine_sahi,13200.0,unknown_object,0.5153,769.06,411.0,969.84,505.95,19064.3,200.79,94.95,2.115,False,,True,R-desk,12,evt_S-61_desk_work_surface_0001,200f7d8ecd4f122b,lap_bag_context,no_pose_observation,34560.0,1.33,,1,cam12/e1/v1,
phase4_smoke2,03.CCTV Mobile Usage.mkv,632de9ed55947761d56d4c6142a3cb1a1fe69d0b1a6d0e01a2e404c697962623,dfine_sahi,13200.0,phone,0.4328,1043.38,421.52,1113.16,473.57,3632.1,69.78,52.05,1.341,False,,True,R-desk,12,evt_S-61_desk_work_surface_0001,200f7d8ecd4f122b,lap_bag_context,no_pose_observation,34560.0,1.33,,1,cam12/e1/v1,
phase4_smoke2,03.CCTV Mobile Usage.mkv,632de9ed55947761d56d4c6142a3cb1a1fe69d0b1a6d0e01a2e404c697962623,dfine_sahi,13200.0,keyboard,0.4237,802.46,396.22,870.9,420.71,1675.7,68.44,24.48,2.795,False,,True,R-desk,12,evt_S-61_desk_work_surface_0001,200f7d8ecd4f122b,lap_bag_context,no_pose_observation,34560.0,1.33,,1,cam12/e1/v1,
phase4_smoke2,03.CCTV Mobile Usage.mkv,632de9ed55947761d56d4c6142a3cb1a1fe69d0b1a6d0e01a2e404c697962623,dfine_sahi,13200.0,unknown_object,0.4019,699.97,396.22,757.52,491.04,5456.4,57.55,94.82,0.607,False,,True,R-desk,12,evt_S-61_desk_work_surface_0001,200f7d8ecd4f122b,lap_bag_context,no_pose_observation,34560.0,1.33,,1,cam12/e1/v1,
phase4_smoke2,03.CCTV Mobile Usage.mkv,632de9ed55947761d56d4c6142a3cb1a1fe69d0b1a6d0e01a2e404c697962623,dfine_sahi,13200.0,monitor_or_bezel,0.3892,1019.66,395.52,1145.06,446.55,6399.4,125.4,51.03,2.457,False,,True,R-desk,12,evt_S-61_desk_work_surface_0001,200f7d8ecd4f122b,lap_bag_context,no_pose_observation,34560.0,1.33,,1,cam12/e1/v1,
phase4_smoke2,03.CCTV Mobile Usage.mkv,632de9ed55947761d56d4c6142a3cb1a1fe69d0b1a6d0e01a2e404c697962623,dfine_sahi,13200.0,keyboard,0.3418,910.14,412.13,1092.2,506.31,17145.9,182.06,94.18,1.933,False,,True,R-desk,12,evt_S-61_desk_work_surface_0001,200f7d8ecd4f122b,lap_bag_context,no_pose_observation,34560.0,1.33,,1,cam12/e1/v1,
phase4_smoke2,03.CCTV Mobile Usage.mkv,632de9ed55947761d56d4c6142a3cb1a1fe69d0b1a6d0e01a2e404c697962623,dfine_sahi,13200.0,unknown_object,0.3256,882.06,411.12,932.43,452.77,2097.6,50.37,41.64,1.209,False,,True,R-desk,12,evt_S-61_desk_work_surface_0001,200f7d8ecd4f122b,lap_bag_context,no_pose_observation,34560.0,1.33,,1,cam12/e1/v1,
phase4_smoke2,03.CCTV Mobile Usage.mkv,632de9ed55947761d56d4c6142a3cb1a1fe69d0b1a6d0e01a2e404c697962623,dfine_sahi,13200.0,keyboard,0.3234,965.98,396.21,1096.59,475.06,10299.0,130.61,78.85,1.656,False,,True,R-desk,12,evt_S-61_desk_work_surface_0001,200f7d8ecd4f122b,lap_bag_context,no_pose_observation,34560.0,1.33,,1,cam12/e1/v1,
phase4_smoke2,03.CCTV Mobile Usage.mkv,632de9ed55947761d56d4c6142a3cb1a1fe69d0b1a6d0e01a2e404c697962623,dfine_sahi,13200.0,unknown_object,0.3092,736.55,395.62,1140.16,491.17,38565.1,403.61,95.55,4.224,False,,True,R-desk,12,evt_S-61_desk_work_surface_0001,200f7d8ecd4f122b,lap_bag_context,no_pose_observation,34560.0,1.33,,1,cam12/e1/v1,
phase4_smoke2,03.CCTV Mobile Usage.mkv,632de9ed55947761d56d4c6142a3cb1a1fe69d0b1a6d0e01a2e404c697962623,dfine_sahi,13200.0,unknown_object,0.2767,881.3,411.54,969.9,505.58,8331.2,88.6,94.03,0.942,False,,True,R-desk,12,evt_S-61_desk_work_surface_0001,200f7d8ecd4f122b,lap_bag_context,no_pose_observation,34560.0,1.33,,1,cam12/e1/v1,
phase4_smoke2,03.CCTV Mobile Usage.mkv,632de9ed55947761d56d4c6142a3cb1a1fe69d0b1a6d0e01a2e404c697962623,dfine_sahi,13200.0,mouse,0.2733,966.85,398.32,992.32,410.44,308.6,25.46,12.12,2.101,False,,True,R-desk,12,evt_S-61_desk_work_surface_0001,200f7d8ecd4f122b,lap_bag_context,no_pose_observation,34560.0,1.33,,1,cam12/e1/v1,
phase4_smoke2,03.CCTV Mobile Usage.mkv,632de9ed55947761d56d4c6142a3cb1a1fe69d0b1a6d0e01a2e404c697962623,dfine_sahi,13200.0,keyboard,0.2603,882.33,380.23,968.97,453.05,6309.5,86.65,72.82,1.19,False,,True,R-desk,12,evt_S-61_desk_work_surface_0001,200f7d8ecd4f122b,lap_bag_context,no_pose_observation,34560.0,1.33,,1,cam12/e1/v1,
phase4_smoke2,03.CCTV Mobile Usage.mkv,632de9ed55947761d56d4c6142a3cb1a1fe69d0b1a6d0e01a2e404c697962623,dfine_sahi,13200.0,unknown_object,0.2557,910.47,411.12,1177.79,506.5,25496.8,267.32,95.38,2.803,False,,True,R-desk,12,evt_S-61_desk_work_surface_0001,200f7d8ecd4f122b,lap_bag_context,no_pose_observation,34560.0,1.33,,1,cam12/e1/v1,
phase4_smoke2,03.CCTV Mobile Usage.mkv,632de9ed55947761d56d4c6142a3cb1a1fe69d0b1a6d0e01a2e404c697962623,dfine_sahi,13200.0,keyboard,0.894,962.1,451.9,1067.92,491.45,4185.1,105.83,39.55,2.676,False,,True,R-desk,14,evt_S-61_upper_body_0015,200f7d8ecd4f122b,lap_bag_context,no_pose_observation,34560.0,1.33,,1,cam12/e1/v1,
phase4_smoke2,03.CCTV Mobile Usage.mkv,632de9ed55947761d56d4c6142a3cb1a1fe69d0b1a6d0e01a2e404c697962623,dfine_sahi,13200.0,monitor_or_bezel,0.7704,910.05,411.11,1140.77,506.4,21985.2,230.72,95.29,2.421,False,,True,R-desk,14,evt_S-61_upper_body_0015,200f7d8ecd4f122b,lap_bag_context,no_pose_observation,34560.0,1.33,,1,cam12/e1/v1,
phase4_smoke2,03.CCTV Mobile Usage.mkv,632de9ed55947761d56d4c6142a3cb1a1fe69d0b1a6d0e01a2e404c697962623,dfine_sahi,13200.0,monitor_or_bezel,0.7414,963.79,380.39,1152.82,475.21,17925.3,189.04,94.83,1.994,False,,True,R-desk,14,evt_S-61_upper_body_0015,200f7d8ecd4f122b,lap_bag_context,no_pose_observation,34560.0,1.33,,1,cam12/e1/v1,
phase4_smoke2,03.CCTV Mobile Usage.mkv,632de9ed55947761d56d4c6142a3cb1a1fe69d0b1a6d0e01a2e404c697962623,dfine_sahi,13200.0,monitor_or_bezel,0.7017,707.0,379.91,969.69,474.94,24964.2,262.7,95.03,2.764,False,,True,R-desk,14,evt_S-61_upper_body_0015,200f7d8ecd4f122b,lap_bag_context,no_pose_observation,34560.0,1.33,,1,cam12/e1/v1,
phase4_smoke2,03.CCTV Mobile Usage.mkv,632de9ed55947761d56d4c6142a3cb1a1fe69d0b1a6d0e01a2e404c697962623,dfine_sahi,13200.0,keyboard,0.6368,772.62,380.23,871.14,420.4,3956.9,98.52,40.16,2.453,False,,True,R-desk,14,evt_S-61_upper_body_0015,200f7d8ecd4f122b,lap_bag_context,no_pose_observation,34560.0,1.33,,1,cam12/e1/v1,
phase4_smoke2,03.CCTV Mobile Usage.mkv,632de9ed55947761d56d4c6142a3cb1a1fe69d0b1a6d0e01a2e404c697962623,dfine_sahi,13200.0,keyboard,0.626,962.63,452.36,1035.08,475.63,1686.1,72.45,23.27,3.113,False,,True,R-desk,14,evt_S-61_upper_body_0015,200f7d8ecd4f122b,lap_bag_context,no_pose_observation,34560.0,1.33,,1,cam12/e1/v1,
phase4_smoke2,03.CCTV Mobile Usage.mkv,632de9ed55947761d56d4c6142a3cb1a1fe69d0b1a6d0e01a2e404c697962623,dfine_sahi,13200.0,unknown_object,0.6223,699.91,396.23,849.49,492.42,14387.6,149.57,96.19,1.555,False,,True,R-desk,14,evt_S-61_upper_body_0015,200f7d8ecd4f122b,lap_bag_context,no_pose_observation,34560.0,1.33,,1,cam12/e1/v1,
phase4_smoke2,03.CCTV Mobile Usage.mkv,632de9ed55947761d56d4c6142a3cb1a1fe69d0b1a6d0e01a2e404c697962623,dfine_sahi,13200.0,mouse,0.5609,865.43,413.69,891.29,435.25,557.7,25.86,21.56,1.2,False,,True,R-desk,14,evt_S-61_upper_body_0015,200f7d8ecd4f122b,lap_bag_context,no_pose_observation,34560.0,1.33,,1,cam12/e1/v1,
phase4_smoke2,03.CCTV Mobile Usage.mkv,632de9ed55947761d56d4c6142a3cb1a1fe69d0b1a6d0e01a2e404c697962623,dfine_sahi,13200.0,unknown_object,0.5153,769.06,411.0,969.84,505.95,19064.3,200.79,94.95,2.115,False,,True,R-desk,14,evt_S-61_upper_body_0015,200f7d8ecd4f122b,lap_bag_context,no_pose_observation,34560.0,1.33,,1,cam12/e1/v1,
phase4_smoke2,03.CCTV Mobile Usage.mkv,632de9ed55947761d56d4c6142a3cb1a1fe69d0b1a6d0e01a2e404c697962623,dfine_sahi,13200.0,phone,0.4328,1043.38,421.52,1113.16,473.57,3632.1,69.78,52.05,1.341,False,,True,R-desk,14,evt_S-61_upper_body_0015,200f7d8ecd4f122b,lap_bag_context,no_pose_observation,34560.0,1.33,,1,cam12/e1/v1,
phase4_smoke2,03.CCTV Mobile Usage.mkv,632de9ed55947761d56d4c6142a3cb1a1fe69d0b1a6d0e01a2e404c697962623,dfine_sahi,13200.0,keyboard,0.4237,802.46,396.22,870.9,420.71,1675.7,68.44,24.48,2.795,False,,True,R-desk,14,evt_S-61_upper_body_0015,200f7d8ecd4f122b,lap_bag_context,no_pose_observation,34560.0,1.33,,1,cam12/e1/v1,
phase4_smoke2,03.CCTV Mobile Usage.mkv,632de9ed55947761d56d4c6142a3cb1a1fe69d0b1a6d0e01a2e404c697962623,dfine_sahi,13200.0,unknown_object,0.4019,699.97,396.22,757.52,491.04,5456.4,57.55,94.82,0.607,False,,True,R-desk,14,evt_S-61_upper_body_0015,200f7d8ecd4f122b,lap_bag_context,no_pose_observation,34560.0,1.33,,1,cam12/e1/v1,
phase4_smoke2,03.CCTV Mobile Usage.mkv,632de9ed55947761d56d4c6142a3cb1a1fe69d0b1a6d0e01a2e404c697962623,dfine_sahi,13200.0,monitor_or_bezel,0.3892,1019.66,395.52,1145.06,446.55,6399.4,125.4,51.03,2.457,False,,True,R-desk,14,evt_S-61_upper_body_0015,200f7d8ecd4f122b,lap_bag_context,no_pose_observation,34560.0,1.33,,1,cam12/e1/v1,
phase4_smoke2,03.CCTV Mobile Usage.mkv,632de9ed55947761d56d4c6142a3cb1a1fe69d0b1a6d0e01a2e404c697962623,dfine_sahi,13200.0,keyboard,0.3418,910.14,412.13,1092.2,506.31,17145.9,182.06,94.18,1.933,False,,True,R-desk,14,evt_S-61_upper_body_0015,200f7d8ecd4f122b,lap_bag_context,no_pose_observation,34560.0,1.33,,1,cam12/e1/v1,
phase4_smoke2,03.CCTV Mobile Usage.mkv,632de9ed55947761d56d4c6142a3cb1a1fe69d0b1a6d0e01a2e404c697962623,dfine_sahi,13200.0,unknown_object,0.3256,882.06,411.12,932.43,452.77,2097.6,50.37,41.64,1.209,False,,True,R-desk,14,evt_S-61_upper_body_0015,200f7d8ecd4f122b,lap_bag_context,no_pose_observation,34560.0,1.33,,1,cam12/e1/v1,
phase4_smoke2,03.CCTV Mobile Usage.mkv,632de9ed55947761d56d4c6142a3cb1a1fe69d0b1a6d0e01a2e404c697962623,dfine_sahi,13200.0,keyboard,0.3234,965.98,396.21,1096.59,475.06,10299.0,130.61,78.85,1.656,False,,True,R-desk,14,evt_S-61_upper_body_0015,200f7d8ecd4f122b,lap_bag_context,no_pose_observation,34560.0,1.33,,1,cam12/e1/v1,
phase4_smoke2,03.CCTV Mobile Usage.mkv,632de9ed55947761d56d4c6142a3cb1a1fe69d0b1a6d0e01a2e404c697962623,dfine_sahi,13200.0,unknown_object,0.3092,736.55,395.62,1140.16,491.17,38565.1,403.61,95.55,4.224,False,,True,R-desk,14,evt_S-61_upper_body_0015,200f7d8ecd4f122b,lap_bag_context,no_pose_observation,34560.0,1.33,,1,cam12/e1/v1,
phase4_smoke2,03.CCTV Mobile Usage.mkv,632de9ed55947761d56d4c6142a3cb1a1fe69d0b1a6d0e01a2e404c697962623,dfine_sahi,13200.0,unknown_object,0.2767,881.3,411.54,969.9,505.58,8331.2,88.6,94.03,0.942,False,,True,R-desk,14,evt_S-61_upper_body_0015,200f7d8ecd4f122b,lap_bag_context,no_pose_observation,34560.0,1.33,,1,cam12/e1/v1,
phase4_smoke2,03.CCTV Mobile Usage.mkv,632de9ed55947761d56d4c6142a3cb1a1fe69d0b1a6d0e01a2e404c697962623,dfine_sahi,13200.0,mouse,0.2733,966.85,398.32,992.32,410.44,308.6,25.46,12.12,2.101,False,,True,R-desk,14,evt_S-61_upper_body_0015,200f7d8ecd4f122b,lap_bag_context,no_pose_observation,34560.0,1.33,,1,cam12/e1/v1,
phase4_smoke2,03.CCTV Mobile Usage.mkv,632de9ed55947761d56d4c6142a3cb1a1fe69d0b1a6d0e01a2e404c697962623,dfine_sahi,13200.0,keyboard,0.2603,882.33,380.23,968.97,453.05,6309.5,86.65,72.82,1.19,False,,True,R-desk,14,evt_S-61_upper_body_0015,200f7d8ecd4f122b,lap_bag_context,no_pose_observation,34560.0,1.33,,1,cam12/e1/v1,
phase4_smoke2,03.CCTV Mobile Usage.mkv,632de9ed55947761d56d4c6142a3cb1a1fe69d0b1a6d0e01a2e404c697962623,dfine_sahi,13200.0,unknown_object,0.2557,910.47,411.12,1177.79,506.5,25496.8,267.32,95.38,2.803,False,,True,R-desk,14,evt_S-61_upper_body_0015,200f7d8ecd4f122b,lap_bag_context,no_pose_observation,34560.0,1.33,,1,cam12/e1/v1,
phase4_smoke2,03.CCTV Mobile Usage.mkv,632de9ed55947761d56d4c6142a3cb1a1fe69d0b1a6d0e01a2e404c697962623,dfine_sahi,13200.0,keyboard,0.894,962.1,451.9,1067.92,491.45,4185.1,105.83,39.55,2.676,False,,True,R-desk,11,evt_S-61_desk_work_surface_0001,200f7d8ecd4f122b,lap_bag_context,no_pose_observation,34560.0,1.33,,1,cam12/e1/v1,
phase4_smoke2,03.CCTV Mobile Usage.mkv,632de9ed55947761d56d4c6142a3cb1a1fe69d0b1a6d0e01a2e404c697962623,dfine_sahi,13200.0,monitor_or_bezel,0.7704,910.05,411.11,1140.77,506.4,21985.2,230.72,95.29,2.421,False,,True,R-desk,11,evt_S-61_desk_work_surface_0001,200f7d8ecd4f122b,lap_bag_context,no_pose_observation,34560.0,1.33,,1,cam12/e1/v1,
phase4_smoke2,03.CCTV Mobile Usage.mkv,632de9ed55947761d56d4c6142a3cb1a1fe69d0b1a6d0e01a2e404c697962623,dfine_sahi,13200.0,monitor_or_bezel,0.7414,963.79,380.39,1152.82,475.21,17925.3,189.04,94.83,1.994,False,,True,R-desk,11,evt_S-61_desk_work_surface_0001,200f7d8ecd4f122b,lap_bag_context,no_pose_observation,34560.0,1.33,,1,cam12/e1/v1,
phase4_smoke2,03.CCTV Mobile Usage.mkv,632de9ed55947761d56d4c6142a3cb1a1fe69d0b1a6d0e01a2e404c697962623,dfine_sahi,13200.0,monitor_or_bezel,0.7017,707.0,379.91,969.69,474.94,24964.2,262.7,95.03,2.764,False,,True,R-desk,11,evt_S-61_desk_work_surface_0001,200f7d8ecd4f122b,lap_bag_context,no_pose_observation,34560.0,1.33,,1,cam12/e1/v1,
phase4_smoke2,03.CCTV Mobile Usage.mkv,632de9ed55947761d56d4c6142a3cb1a1fe69d0b1a6d0e01a2e404c697962623,dfine_sahi,13200.0,keyboard,0.6368,772.62,380.23,871.14,420.4,3956.9,98.52,40.16,2.453,False,,True,R-desk,11,evt_S-61_desk_work_surface_0001,200f7d8ecd4f122b,lap_bag_context,no_pose_observation,34560.0,1.33,,1,cam12/e1/v1,
phase4_smoke2,03.CCTV Mobile Usage.mkv,632de9ed55947761d56d4c6142a3cb1a1fe69d0b1a6d0e01a2e404c697962623,dfine_sahi,13200.0,keyboard,0.626,962.63,452.36,1035.08,475.63,1686.1,72.45,23.27,3.113,False,,True,R-desk,11,evt_S-61_desk_work_surface_0001,200f7d8ecd4f122b,lap_bag_context,no_pose_observation,34560.0,1.33,,1,cam12/e1/v1,
phase4_smoke2,03.CCTV Mobile Usage.mkv,632de9ed55947761d56d4c6142a3cb1a1fe69d0b1a6d0e01a2e404c697962623,dfine_sahi,13200.0,unknown_object,0.6223,699.91,396.23,849.49,492.42,14387.6,149.57,96.19,1.555,False,,True,R-desk,11,evt_S-61_desk_work_surface_0001,200f7d8ecd4f122b,lap_bag_context,no_pose_observation,34560.0,1.33,,1,cam12/e1/v1,
phase4_smoke2,03.CCTV Mobile Usage.mkv,632de9ed55947761d56d4c6142a3cb1a1fe69d0b1a6d0e01a2e404c697962623,dfine_sahi,13200.0,mouse,0.5609,865.43,413.69,891.29,435.25,557.7,25.86,21.56,1.2,False,,True,R-desk,11,evt_S-61_desk_work_surface_0001,200f7d8ecd4f122b,lap_bag_context,no_pose_observation,34560.0,1.33,,1,cam12/e1/v1,
phase4_smoke2,03.CCTV Mobile Usage.mkv,632de9ed55947761d56d4c6142a3cb1a1fe69d0b1a6d0e01a2e404c697962623,dfine_sahi,13200.0,unknown_object,0.5153,769.06,411.0,969.84,505.95,19064.3,200.79,94.95,2.115,False,,True,R-desk,11,evt_S-61_desk_work_surface_0001,200f7d8ecd4f122b,lap_bag_context,no_pose_observation,34560.0,1.33,,1,cam12/e1/v1,
phase4_smoke2,03.CCTV Mobile Usage.mkv,632de9ed55947761d56d4c6142a3cb1a1fe69d0b1a6d0e01a2e404c697962623,dfine_sahi,13200.0,phone,0.4328,1043.38,421.52,1113.16,473.57,3632.1,69.78,52.05,1.341,False,,True,R-desk,11,evt_S-61_desk_work_surface_0001,200f7d8ecd4f122b,lap_bag_context,no_pose_observation,34560.0,1.33,,1,cam12/e1/v1,
phase4_smoke2,03.CCTV Mobile Usage.mkv,632de9ed55947761d56d4c6142a3cb1a1fe69d0b1a6d0e01a2e404c697962623,dfine_sahi,13200.0,keyboard,0.4237,802.46,396.22,870.9,420.71,1675.7,68.44,24.48,2.795,False,,True,R-desk,11,evt_S-61_desk_work_surface_0001,200f7d8ecd4f122b,lap_bag_context,no_pose_observation,34560.0,1.33,,1,cam12/e1/v1,
phase4_smoke2,03.CCTV Mobile Usage.mkv,632de9ed55947761d56d4c6142a3cb1a1fe69d0b1a6d0e01a2e404c697962623,dfine_sahi,13200.0,unknown_object,0.4019,699.97,396.22,757.52,491.04,5456.4,57.55,94.82,0.607,False,,True,R-desk,11,evt_S-61_desk_work_surface_0001,200f7d8ecd4f122b,lap_bag_context,no_pose_observation,34560.0,1.33,,1,cam12/e1/v1,
phase4_smoke2,03.CCTV Mobile Usage.mkv,632de9ed55947761d56d4c6142a3cb1a1fe69d0b1a6d0e01a2e404c697962623,dfine_sahi,13200.0,monitor_or_bezel,0.3892,1019.66,395.52,1145.06,446.55,6399.4,125.4,51.03,2.457,False,,True,R-desk,11,evt_S-61_desk_work_surface_0001,200f7d8ecd4f122b,lap_bag_context,no_pose_observation,34560.0,1.33,,1,cam12/e1/v1,
phase4_smoke2,03.CCTV Mobile Usage.mkv,632de9ed55947761d56d4c6142a3cb1a1fe69d0b1a6d0e01a2e404c697962623,dfine_sahi,13200.0,keyboard,0.3418,910.14,412.13,1092.2,506.31,17145.9,182.06,94.18,1.933,False,,True,R-desk,11,evt_S-61_desk_work_surface_0001,200f7d8ecd4f122b,lap_bag_context,no_pose_observation,34560.0,1.33,,1,cam12/e1/v1,
phase4_smoke2,03.CCTV Mobile Usage.mkv,632de9ed55947761d56d4c6142a3cb1a1fe69d0b1a6d0e01a2e404c697962623,dfine_sahi,13200.0,unknown_object,0.3256,882.06,411.12,932.43,452.77,2097.6,50.37,41.64,1.209,False,,True,R-desk,11,evt_S-61_desk_work_surface_0001,200f7d8ecd4f122b,lap_bag_context,no_pose_observation,34560.0,1.33,,1,cam12/e1/v1,
phase4_smoke2,03.CCTV Mobile Usage.mkv,632de9ed55947761d56d4c6142a3cb1a1fe69d0b1a6d0e01a2e404c697962623,dfine_sahi,13200.0,keyboard,0.3234,965.98,396.21,1096.59,475.06,10299.0,130.61,78.85,1.656,False,,True,R-desk,11,evt_S-61_desk_work_surface_0001,200f7d8ecd4f122b,lap_bag_context,no_pose_observation,34560.0,1.33,,1,cam12/e1/v1,
phase4_smoke2,03.CCTV Mobile Usage.mkv,632de9ed55947761d56d4c6142a3cb1a1fe69d0b1a6d0e01a2e404c697962623,dfine_sahi,13200.0,unknown_object,0.3092,736.55,395.62,1140.16,491.17,38565.1,403.61,95.55,4.224,False,,True,R-desk,11,evt_S-61_desk_work_surface_0001,200f7d8ecd4f122b,lap_bag_context,no_pose_observation,34560.0,1.33,,1,cam12/e1/v1,
phase4_smoke2,03.CCTV Mobile Usage.mkv,632de9ed55947761d56d4c6142a3cb1a1fe69d0b1a6d0e01a2e404c697962623,dfine_sahi,13200.0,unknown_object,0.2767,881.3,411.54,969.9,505.58,8331.2,88.6,94.03,0.942,False,,True,R-desk,11,evt_S-61_desk_work_surface_0001,200f7d8ecd4f122b,lap_bag_context,no_pose_observation,34560.0,1.33,,1,cam12/e1/v1,
phase4_smoke2,03.CCTV Mobile Usage.mkv,632de9ed55947761d56d4c6142a3cb1a1fe69d0b1a6d0e01a2e404c697962623,dfine_sahi,13200.0,mouse,0.2733,966.85,398.32,992.32,410.44,308.6,25.46,12.12,2.101,False,,True,R-desk,11,evt_S-61_desk_work_surface_0001,200f7d8ecd4f122b,lap_bag_context,no_pose_observation,34560.0,1.33,,1,cam12/e1/v1,
phase4_smoke2,03.CCTV Mobile Usage.mkv,632de9ed55947761d56d4c6142a3cb1a1fe69d0b1a6d0e01a2e404c697962623,dfine_sahi,13200.0,keyboard,0.2603,882.33,380.23,968.97,453.05,6309.5,86.65,72.82,1.19,False,,True,R-desk,11,evt_S-61_desk_work_surface_0001,200f7d8ecd4f122b,lap_bag_context,no_pose_observation,34560.0,1.33,,1,cam12/e1/v1,
phase4_smoke2,03.CCTV Mobile Usage.mkv,632de9ed55947761d56d4c6142a3cb1a1fe69d0b1a6d0e01a2e404c697962623,dfine_sahi,13200.0,unknown_object,0.2557,910.47,411.12,1177.79,506.5,25496.8,267.32,95.38,2.803,False,,True,R-desk,11,evt_S-61_desk_work_surface_0001,200f7d8ecd4f122b,lap_bag_context,no_pose_observation,34560.0,1.33,,1,cam12/e1/v1,
phase4_smoke2,03.CCTV Mobile Usage.mkv,632de9ed55947761d56d4c6142a3cb1a1fe69d0b1a6d0e01a2e404c697962623,dfine_sahi,13200.0,keyboard,0.894,962.1,451.9,1067.92,491.45,4185.1,105.83,39.55,2.676,False,,True,R-desk,13,evt_S-61_upper_body_0015,200f7d8ecd4f122b,lap_bag_context,no_pose_observation,34560.0,1.33,,1,cam12/e1/v1,
phase4_smoke2,03.CCTV Mobile Usage.mkv,632de9ed55947761d56d4c6142a3cb1a1fe69d0b1a6d0e01a2e404c697962623,dfine_sahi,13200.0,monitor_or_bezel,0.7704,910.05,411.11,1140.77,506.4,21985.2,230.72,95.29,2.421,False,,True,R-desk,13,evt_S-61_upper_body_0015,200f7d8ecd4f122b,lap_bag_context,no_pose_observation,34560.0,1.33,,1,cam12/e1/v1,
phase4_smoke2,03.CCTV Mobile Usage.mkv,632de9ed55947761d56d4c6142a3cb1a1fe69d0b1a6d0e01a2e404c697962623,dfine_sahi,13200.0,monitor_or_bezel,0.7414,963.79,380.39,1152.82,475.21,17925.3,189.04,94.83,1.994,False,,True,R-desk,13,evt_S-61_upper_body_0015,200f7d8ecd4f122b,lap_bag_context,no_pose_observation,34560.0,1.33,,1,cam12/e1/v1,
phase4_smoke2,03.CCTV Mobile Usage.mkv,632de9ed55947761d56d4c6142a3cb1a1fe69d0b1a6d0e01a2e404c697962623,dfine_sahi,13200.0,monitor_or_bezel,0.7017,707.0,379.91,969.69,474.94,24964.2,262.7,95.03,2.764,False,,True,R-desk,13,evt_S-61_upper_body_0015,200f7d8ecd4f122b,lap_bag_context,no_pose_observation,34560.0,1.33,,1,cam12/e1/v1,
phase4_smoke2,03.CCTV Mobile Usage.mkv,632de9ed55947761d56d4c6142a3cb1a1fe69d0b1a6d0e01a2e404c697962623,dfine_sahi,13200.0,keyboard,0.6368,772.62,380.23,871.14,420.4,3956.9,98.52,40.16,2.453,False,,True,R-desk,13,evt_S-61_upper_body_0015,200f7d8ecd4f122b,lap_bag_context,no_pose_observation,34560.0,1.33,,1,cam12/e1/v1,
phase4_smoke2,03.CCTV Mobile Usage.mkv,632de9ed55947761d56d4c6142a3cb1a1fe69d0b1a6d0e01a2e404c697962623,dfine_sahi,13200.0,keyboard,0.626,962.63,452.36,1035.08,475.63,1686.1,72.45,23.27,3.113,False,,True,R-desk,13,evt_S-61_upper_body_0015,200f7d8ecd4f122b,lap_bag_context,no_pose_observation,34560.0,1.33,,1,cam12/e1/v1,
phase4_smoke2,03.CCTV Mobile Usage.mkv,632de9ed55947761d56d4c6142a3cb1a1fe69d0b1a6d0e01a2e404c697962623,dfine_sahi,13200.0,unknown_object,0.6223,699.91,396.23,849.49,492.42,14387.6,149.57,96.19,1.555,False,,True,R-desk,13,evt_S-61_upper_body_0015,200f7d8ecd4f122b,lap_bag_context,no_pose_observation,34560.0,1.33,,1,cam12/e1/v1,
phase4_smoke2,03.CCTV Mobile Usage.mkv,632de9ed55947761d56d4c6142a3cb1a1fe69d0b1a6d0e01a2e404c697962623,dfine_sahi,13200.0,mouse,0.5609,865.43,413.69,891.29,435.25,557.7,25.86,21.56,1.2,False,,True,R-desk,13,evt_S-61_upper_body_0015,200f7d8ecd4f122b,lap_bag_context,no_pose_observation,34560.0,1.33,,1,cam12/e1/v1,
phase4_smoke2,03.CCTV Mobile Usage.mkv,632de9ed55947761d56d4c6142a3cb1a1fe69d0b1a6d0e01a2e404c697962623,dfine_sahi,13200.0,unknown_object,0.5153,769.06,411.0,969.84,505.95,19064.3,200.79,94.95,2.115,False,,True,R-desk,13,evt_S-61_upper_body_0015,200f7d8ecd4f122b,lap_bag_context,no_pose_observation,34560.0,1.33,,1,cam12/e1/v1,
phase4_smoke2,03.CCTV Mobile Usage.mkv,632de9ed55947761d56d4c6142a3cb1a1fe69d0b1a6d0e01a2e404c697962623,dfine_sahi,13200.0,phone,0.4328,1043.38,421.52,1113.16,473.57,3632.1,69.78,52.05,1.341,False,,True,R-desk,13,evt_S-61_upper_body_0015,200f7d8ecd4f122b,lap_bag_context,no_pose_observation,34560.0,1.33,,1,cam12/e1/v1,
phase4_smoke2,03.CCTV Mobile Usage.mkv,632de9ed55947761d56d4c6142a3cb1a1fe69d0b1a6d0e01a2e404c697962623,dfine_sahi,13200.0,keyboard,0.4237,802.46,396.22,870.9,420.71,1675.7,68.44,24.48,2.795,False,,True,R-desk,13,evt_S-61_upper_body_0015,200f7d8ecd4f122b,lap_bag_context,no_pose_observation,34560.0,1.33,,1,cam12/e1/v1,
phase4_smoke2,03.CCTV Mobile Usage.mkv,632de9ed55947761d56d4c6142a3cb1a1fe69d0b1a6d0e01a2e404c697962623,dfine_sahi,13200.0,unknown_object,0.4019,699.97,396.22,757.52,491.04,5456.4,57.55,94.82,0.607,False,,True,R-desk,13,evt_S-61_upper_body_0015,200f7d8ecd4f122b,lap_bag_context,no_pose_observation,34560.0,1.33,,1,cam12/e1/v1,
phase4_smoke2,03.CCTV Mobile Usage.mkv,632de9ed55947761d56d4c6142a3cb1a1fe69d0b1a6d0e01a2e404c697962623,dfine_sahi,13200.0,monitor_or_bezel,0.3892,1019.66,395.52,1145.06,446.55,6399.4,125.4,51.03,2.457,False,,True,R-desk,13,evt_S-61_upper_body_0015,200f7d8ecd4f122b,lap_bag_context,no_pose_observation,34560.0,1.33,,1,cam12/e1/v1,
phase4_smoke2,03.CCTV Mobile Usage.mkv,632de9ed55947761d56d4c6142a3cb1a1fe69d0b1a6d0e01a2e404c697962623,dfine_sahi,13200.0,keyboard,0.3418,910.14,412.13,1092.2,506.31,17145.9,182.06,94.18,1.933,False,,True,R-desk,13,evt_S-61_upper_body_0015,200f7d8ecd4f122b,lap_bag_context,no_pose_observation,34560.0,1.33,,1,cam12/e1/v1,
phase4_smoke2,03.CCTV Mobile Usage.mkv,632de9ed55947761d56d4c6142a3cb1a1fe69d0b1a6d0e01a2e404c697962623,dfine_sahi,13200.0,unknown_object,0.3256,882.06,411.12,932.43,452.77,2097.6,50.37,41.64,1.209,False,,True,R-desk,13,evt_S-61_upper_body_0015,200f7d8ecd4f122b,lap_bag_context,no_pose_observation,34560.0,1.33,,1,cam12/e1/v1,
phase4_smoke2,03.CCTV Mobile Usage.mkv,632de9ed55947761d56d4c6142a3cb1a1fe69d0b1a6d0e01a2e404c697962623,dfine_sahi,13200.0,keyboard,0.3234,965.98,396.21,1096.59,475.06,10299.0,130.61,78.85,1.656,False,,True,R-desk,13,evt_S-61_upper_body_0015,200f7d8ecd4f122b,lap_bag_context,no_pose_observation,34560.0,1.33,,1,cam12/e1/v1,
phase4_smoke2,03.CCTV Mobile Usage.mkv,632de9ed55947761d56d4c6142a3cb1a1fe69d0b1a6d0e01a2e404c697962623,dfine_sahi,13200.0,unknown_object,0.3092,736.55,395.62,1140.16,491.17,38565.1,403.61,95.55,4.224,False,,True,R-desk,13,evt_S-61_upper_body_0015,200f7d8ecd4f122b,lap_bag_context,no_pose_observation,34560.0,1.33,,1,cam12/e1/v1,
phase4_smoke2,03.CCTV Mobile Usage.mkv,632de9ed55947761d56d4c6142a3cb1a1fe69d0b1a6d0e01a2e404c697962623,dfine_sahi,13200.0,unknown_object,0.2767,881.3,411.54,969.9,505.58,8331.2,88.6,94.03,0.942,False,,True,R-desk,13,evt_S-61_upper_body_0015,200f7d8ecd4f122b,lap_bag_context,no_pose_observation,34560.0,1.33,,1,cam12/e1/v1,
phase4_smoke2,03.CCTV Mobile Usage.mkv,632de9ed55947761d56d4c6142a3cb1a1fe69d0b1a6d0e01a2e404c697962623,dfine_sahi,13200.0,mouse,0.2733,966.85,398.32,992.32,410.44,308.6,25.46,12.12,2.101,False,,True,R-desk,13,evt_S-61_upper_body_0015,200f7d8ecd4f122b,lap_bag_context,no_pose_observation,34560.0,1.33,,1,cam12/e1/v1,
phase4_smoke2,03.CCTV Mobile Usage.mkv,632de9ed55947761d56d4c6142a3cb1a1fe69d0b1a6d0e01a2e404c697962623,dfine_sahi,13200.0,keyboard,0.2603,882.33,380.23,968.97,453.05,6309.5,86.65,72.82,1.19,False,,True,R-desk,13,evt_S-61_upper_body_0015,200f7d8ecd4f122b,lap_bag_context,no_pose_observation,34560.0,1.33,,1,cam12/e1/v1,
phase4_smoke2,03.CCTV Mobile Usage.mkv,632de9ed55947761d56d4c6142a3cb1a1fe69d0b1a6d0e01a2e404c697962623,dfine_sahi,13200.0,unknown_object,0.2557,910.47,411.12,1177.79,506.5,25496.8,267.32,95.38,2.803,False,,True,R-desk,13,evt_S-61_upper_body_0015,200f7d8ecd4f122b,lap_bag_context,no_pose_observation,34560.0,1.33,,1,cam12/e1/v1,
phase4_smoke2,03.CCTV Mobile Usage.mkv,632de9ed55947761d56d4c6142a3cb1a1fe69d0b1a6d0e01a2e404c697962623,dfine_sahi,13200.0,unknown_object,0.5349,209.93,289.19,254.8,351.59,2800.0,44.87,62.4,0.719,False,,True,S-61,2,evt_S-61_desk_work_surface_0001,41099a5b80ec7e0e,pose_hand_context,,42791.1,3.09,,1,cam12/e1/v1,rtmpose_baseline
phase4_smoke2,03.CCTV Mobile Usage.mkv,632de9ed55947761d56d4c6142a3cb1a1fe69d0b1a6d0e01a2e404c697962623,dfine_sahi,13200.0,unknown_object,0.4686,142.75,198.27,277.42,349.5,20365.7,134.67,151.22,0.891,False,,True,S-61,2,evt_S-61_desk_work_surface_0001,41099a5b80ec7e0e,pose_hand_context,,42791.1,3.09,,1,cam12/e1/v1,rtmpose_baseline
phase4_smoke2,03.CCTV Mobile Usage.mkv,632de9ed55947761d56d4c6142a3cb1a1fe69d0b1a6d0e01a2e404c697962623,dfine_sahi,13200.0,unknown_object,0.4571,138.96,289.19,254.72,403.77,13264.1,115.76,114.58,1.01,False,,True,S-61,2,evt_S-61_desk_work_surface_0001,41099a5b80ec7e0e,pose_hand_context,,42791.1,3.09,,1,cam12/e1/v1,rtmpose_baseline
phase4_smoke2,03.CCTV Mobile Usage.mkv,632de9ed55947761d56d4c6142a3cb1a1fe69d0b1a6d0e01a2e404c697962623,dfine_sahi,13200.0,unknown_object,0.4135,210.11,233.24,236.14,312.96,2075.0,26.03,79.72,0.327,False,,True,S-61,2,evt_S-61_desk_work_surface_0001,41099a5b80ec7e0e,pose_hand_context,,42791.1,3.09,,1,cam12/e1/v1,rtmpose_baseline
phase4_smoke2,03.CCTV Mobile Usage.mkv,632de9ed55947761d56d4c6142a3cb1a1fe69d0b1a6d0e01a2e404c697962623,dfine_sahi,13200.0,unknown_object,0.3509,138.92,238.89,158.68,314.67,1497.7,19.76,75.79,0.261,False,,True,S-61,2,evt_S-61_desk_work_surface_0001,41099a5b80ec7e0e,pose_hand_context,,42791.1,3.09,,1,cam12/e1/v1,rtmpose_baseline
phase4_smoke2,03.CCTV Mobile Usage.mkv,632de9ed55947761d56d4c6142a3cb1a1fe69d0b1a6d0e01a2e404c697962623,dfine_sahi,13200.0,unknown_object,0.2688,262.26,386.29,315.42,404.83,985.8,53.16,18.54,2.867,False,,True,S-61,2,evt_S-61_desk_work_surface_0001,41099a5b80ec7e0e,pose_hand_context,,42791.1,3.09,,1,cam12/e1/v1,rtmpose_baseline
phase4_smoke2,03.CCTV Mobile Usage.mkv,632de9ed55947761d56d4c6142a3cb1a1fe69d0b1a6d0e01a2e404c697962623,dfine_sahi,13200.0,unknown_object,0.2659,160.81,198.11,255.11,241.27,4069.4,94.3,43.15,2.185,False,,True,S-61,2,evt_S-61_desk_work_surface_0001,41099a5b80ec7e0e,pose_hand_context,,42791.1,3.09,,1,cam12/e1/v1,rtmpose_baseline
phase4_smoke2,03.CCTV Mobile Usage.mkv,632de9ed55947761d56d4c6142a3cb1a1fe69d0b1a6d0e01a2e404c697962623,dfine_sahi,13200.0,unknown_object,0.2636,238.28,296.51,342.75,402.43,11064.9,104.47,105.91,0.986,False,,True,S-61,2,evt_S-61_desk_work_surface_0001,41099a5b80ec7e0e,pose_hand_context,,42791.1,3.09,,1,cam12/e1/v1,rtmpose_baseline
phase4_smoke2,03.CCTV Mobile Usage.mkv,632de9ed55947761d56d4c6142a3cb1a1fe69d0b1a6d0e01a2e404c697962623,dfine_sahi,13200.0,unknown_object,0.2624,233.95,239.04,247.29,265.32,350.7,13.35,26.28,0.508,False,,True,S-61,2,evt_S-61_desk_work_surface_0001,41099a5b80ec7e0e,pose_hand_context,,42791.1,3.09,,1,cam12/e1/v1,rtmpose_baseline
phase4_smoke2,03.CCTV Mobile Usage.mkv,632de9ed55947761d56d4c6142a3cb1a1fe69d0b1a6d0e01a2e404c697962623,dfine_sahi,13200.0,unknown_object,0.5349,209.93,289.19,254.8,351.59,2800.0,44.87,62.4,0.719,False,,True,S-61,6,evt_S-61_upper_body_0015,41099a5b80ec7e0e,pose_hand_context,,42791.1,3.09,,1,cam12/e1/v1,rtmpose_baseline
phase4_smoke2,03.CCTV Mobile Usage.mkv,632de9ed55947761d56d4c6142a3cb1a1fe69d0b1a6d0e01a2e404c697962623,dfine_sahi,13200.0,unknown_object,0.4686,142.75,198.27,277.42,349.5,20365.7,134.67,151.22,0.891,False,,True,S-61,6,evt_S-61_upper_body_0015,41099a5b80ec7e0e,pose_hand_context,,42791.1,3.09,,1,cam12/e1/v1,rtmpose_baseline
phase4_smoke2,03.CCTV Mobile Usage.mkv,632de9ed55947761d56d4c6142a3cb1a1fe69d0b1a6d0e01a2e404c697962623,dfine_sahi,13200.0,unknown_object,0.4571,138.96,289.19,254.72,403.77,13264.1,115.76,114.58,1.01,False,,True,S-61,6,evt_S-61_upper_body_0015,41099a5b80ec7e0e,pose_hand_context,,42791.1,3.09,,1,cam12/e1/v1,rtmpose_baseline
phase4_smoke2,03.CCTV Mobile Usage.mkv,632de9ed55947761d56d4c6142a3cb1a1fe69d0b1a6d0e01a2e404c697962623,dfine_sahi,13200.0,unknown_object,0.4135,210.11,233.24,236.14,312.96,2075.0,26.03,79.72,0.327,False,,True,S-61,6,evt_S-61_upper_body_0015,41099a5b80ec7e0e,pose_hand_context,,42791.1,3.09,,1,cam12/e1/v1,rtmpose_baseline
phase4_smoke2,03.CCTV Mobile Usage.mkv,632de9ed55947761d56d4c6142a3cb1a1fe69d0b1a6d0e01a2e404c697962623,dfine_sahi,13200.0,unknown_object,0.3509,138.92,238.89,158.68,314.67,1497.7,19.76,75.79,0.261,False,,True,S-61,6,evt_S-61_upper_body_0015,41099a5b80ec7e0e,pose_hand_context,,42791.1,3.09,,1,cam12/e1/v1,rtmpose_baseline
phase4_smoke2,03.CCTV Mobile Usage.mkv,632de9ed55947761d56d4c6142a3cb1a1fe69d0b1a6d0e01a2e404c697962623,dfine_sahi,13200.0,unknown_object,0.2688,262.26,386.29,315.42,404.83,985.8,53.16,18.54,2.867,False,,True,S-61,6,evt_S-61_upper_body_0015,41099a5b80ec7e0e,pose_hand_context,,42791.1,3.09,,1,cam12/e1/v1,rtmpose_baseline
phase4_smoke2,03.CCTV Mobile Usage.mkv,632de9ed55947761d56d4c6142a3cb1a1fe69d0b1a6d0e01a2e404c697962623,dfine_sahi,13200.0,unknown_object,0.2659,160.81,198.11,255.11,241.27,4069.4,94.3,43.15,2.185,False,,True,S-61,6,evt_S-61_upper_body_0015,41099a5b80ec7e0e,pose_hand_context,,42791.1,3.09,,1,cam12/e1/v1,rtmpose_baseline
phase4_smoke2,03.CCTV Mobile Usage.mkv,632de9ed55947761d56d4c6142a3cb1a1fe69d0b1a6d0e01a2e404c697962623,dfine_sahi,13200.0,unknown_object,0.2636,238.28,296.51,342.75,402.43,11064.9,104.47,105.91,0.986,False,,True,S-61,6,evt_S-61_upper_body_0015,41099a5b80ec7e0e,pose_hand_context,,42791.1,3.09,,1,cam12/e1/v1,rtmpose_baseline
phase4_smoke2,03.CCTV Mobile Usage.mkv,632de9ed55947761d56d4c6142a3cb1a1fe69d0b1a6d0e01a2e404c697962623,dfine_sahi,13200.0,unknown_object,0.2624,233.95,239.04,247.29,265.32,350.7,13.35,26.28,0.508,False,,True,S-61,6,evt_S-61_upper_body_0015,41099a5b80ec7e0e,pose_hand_context,,42791.1,3.09,,1,cam12/e1/v1,rtmpose_baseline
phase4_smoke2,03.CCTV Mobile Usage.mkv,632de9ed55947761d56d4c6142a3cb1a1fe69d0b1a6d0e01a2e404c697962623,dfine_sahi,13200.0,unknown_object,0.7248,93.01,376.36,197.92,480.29,10903.9,104.91,103.94,1.009,False,,True,S-61,1,evt_S-61_desk_work_surface_0001,aeca27b1a7e55a21,pose_hand_context,,34812.1,3.43,,1,cam12/e1/v1,rtmpose_baseline
phase4_smoke2,03.CCTV Mobile Usage.mkv,632de9ed55947761d56d4c6142a3cb1a1fe69d0b1a6d0e01a2e404c697962623,dfine_sahi,13200.0,stationery,0.6682,12.08,493.7,197.87,562.4,12763.2,185.79,68.7,2.704,False,,True,S-61,1,evt_S-61_desk_work_surface_0001,aeca27b1a7e55a21,pose_hand_context,,34812.1,3.43,,1,cam12/e1/v1,rtmpose_baseline
phase4_smoke2,03.CCTV Mobile Usage.mkv,632de9ed55947761d56d4c6142a3cb1a1fe69d0b1a6d0e01a2e404c697962623,dfine_sahi,13200.0,unknown_object,0.6044,44.4,508.74,85.59,557.05,1990.1,41.2,48.31,0.853,False,,True,S-61,1,evt_S-61_desk_work_surface_0001,aeca27b1a7e55a21,pose_hand_context,,34812.1,3.43,,1,cam12/e1/v1,rtmpose_baseline
phase4_smoke2,03.CCTV Mobile Usage.mkv,632de9ed55947761d56d4c6142a3cb1a1fe69d0b1a6d0e01a2e404c697962623,dfine_sahi,13200.0,unknown_object,0.6002,93.0,458.16,197.9,562.43,10937.7,104.9,104.27,1.006,False,,True,S-61,1,evt_S-61_desk_work_surface_0001,aeca27b1a7e55a21,pose_hand_context,,34812.1,3.43,,1,cam12/e1/v1,rtmpose_baseline
phase4_smoke2,03.CCTV Mobile Usage.mkv,632de9ed55947761d56d4c6142a3cb1a1fe69d0b1a6d0e01a2e404c697962623,dfine_sahi,13200.0,stationery,0.5723,12.07,415.01,102.07,498.56,7519.5,90.0,83.55,1.077,False,,True,S-61,1,evt_S-61_desk_work_surface_0001,aeca27b1a7e55a21,pose_hand_context,,34812.1,3.43,,1,cam12/e1/v1,rtmpose_baseline
phase4_smoke2,03.CCTV Mobile Usage.mkv,632de9ed55947761d56d4c6142a3cb1a1fe69d0b1a6d0e01a2e404c697962623,dfine_sahi,13200.0,unknown_object,0.5419,12.01,376.24,116.87,480.59,10941.9,104.86,104.35,1.005,False,,True,S-61,1,evt_S-61_desk_work_surface_0001,aeca27b1a7e55a21,pose_hand_context,,34812.1,3.43,,1,cam12/e1/v1,rtmpose_baseline
phase4_smoke2,03.CCTV Mobile Usage.mkv,632de9ed55947761d56d4c6142a3cb1a1fe69d0b1a6d0e01a2e404c697962623,dfine_sahi,13200.0,stationery,0.5124,42.92,443.7,72.14,471.25,805.2,29.22,27.55,1.061,False,,True,S-61,1,evt_S-61_desk_work_surface_0001,aeca27b1a7e55a21,pose_hand_context,,34812.1,3.43,,1,cam12/e1/v1,rtmpose_baseline
phase4_smoke2,03.CCTV Mobile Usage.mkv,632de9ed55947761d56d4c6142a3cb1a1fe69d0b1a6d0e01a2e404c697962623,dfine_sahi,13200.0,stationery,0.3981,102.48,476.65,162.12,530.34,3202.4,59.64,53.69,1.111,False,,True,S-61,1,evt_S-61_desk_work_surface_0001,aeca27b1a7e55a21,pose_hand_context,,34812.1,3.43,,1,cam12/e1/v1,rtmpose_baseline
phase4_smoke2,03.CCTV Mobile Usage.mkv,632de9ed55947761d56d4c6142a3cb1a1fe69d0b1a6d0e01a2e404c697962623,dfine_sahi,13200.0,unknown_object,0.3929,42.8,443.21,72.37,470.62,810.8,29.57,27.42,1.078,False,,True,S-61,1,evt_S-61_desk_work_surface_0001,aeca27b1a7e55a21,pose_hand_context,,34812.1,3.43,,1,cam12/e1/v1,rtmpose_baseline
phase4_smoke2,03.CCTV Mobile Usage.mkv,632de9ed55947761d56d4c6142a3cb1a1fe69d0b1a6d0e01a2e404c697962623,dfine_sahi,13200.0,unknown_object,0.3606,12.08,458.14,116.99,562.39,10936.9,104.91,104.25,1.006,False,,True,S-61,1,evt_S-61_desk_work_surface_0001,aeca27b1a7e55a21,pose_hand_context,,34812.1,3.43,,1,cam12/e1/v1,rtmpose_baseline
phase4_smoke2,03.CCTV Mobile Usage.mkv,632de9ed55947761d56d4c6142a3cb1a1fe69d0b1a6d0e01a2e404c697962623,dfine_sahi,13200.0,unknown_object,0.343,93.07,458.09,159.37,498.7,2692.9,66.3,40.62,1.632,False,,True,S-61,1,evt_S-61_desk_work_surface_0001,aeca27b1a7e55a21,pose_hand_context,,34812.1,3.43,,1,cam12/e1/v1,rtmpose_baseline
phase4_smoke2,03.CCTV Mobile Usage.mkv,632de9ed55947761d56d4c6142a3cb1a1fe69d0b1a6d0e01a2e404c697962623,dfine_sahi,13200.0,stationery,0.2975,69.51,418.14,154.54,497.07,6711.4,85.03,78.93,1.077,False,,True,S-61,1,evt_S-61_desk_work_surface_0001,aeca27b1a7e55a21,pose_hand_context,,34812.1,3.43,,1,cam12/e1/v1,rtmpose_baseline
phase4_smoke2,03.CCTV Mobile Usage.mkv,632de9ed55947761d56d4c6142a3cb1a1fe69d0b1a6d0e01a2e404c697962623,dfine_sahi,13200.0,unknown_object,0.2729,69.11,376.31,116.96,449.34,3494.6,47.85,73.03,0.655,False,,True,S-61,1,evt_S-61_desk_work_surface_0001,aeca27b1a7e55a21,pose_hand_context,,34812.1,3.43,,1,cam12/e1/v1,rtmpose_baseline
phase4_smoke2,03.CCTV Mobile Usage.mkv,632de9ed55947761d56d4c6142a3cb1a1fe69d0b1a6d0e01a2e404c697962623,dfine_sahi,13200.0,stationery,0.2674,44.21,509.82,86.24,556.96,1981.4,42.03,47.14,0.892,False,,True,S-61,1,evt_S-61_desk_work_surface_0001,aeca27b1a7e55a21,pose_hand_context,,34812.1,3.43,,1,cam12/e1/v1,rtmpose_baseline
phase4_smoke2,03.CCTV Mobile Usage.mkv,632de9ed55947761d56d4c6142a3cb1a1fe69d0b1a6d0e01a2e404c697962623,dfine_sahi,13200.0,unknown_object,0.2601,38.75,376.08,69.26,386.31,312.0,30.51,10.23,2.983,False,,True,S-61,1,evt_S-61_desk_work_surface_0001,aeca27b1a7e55a21,pose_hand_context,,34812.1,3.43,,1,cam12/e1/v1,rtmpose_baseline
phase4_smoke2,03.CCTV Mobile Usage.mkv,632de9ed55947761d56d4c6142a3cb1a1fe69d0b1a6d0e01a2e404c697962623,dfine_sahi,13200.0,unknown_object,0.7248,93.01,376.36,197.92,480.29,10903.9,104.91,103.94,1.009,False,,True,S-61,5,evt_S-61_upper_body_0015,aeca27b1a7e55a21,pose_hand_context,,34812.1,3.43,,1,cam12/e1/v1,rtmpose_baseline
phase4_smoke2,03.CCTV Mobile Usage.mkv,632de9ed55947761d56d4c6142a3cb1a1fe69d0b1a6d0e01a2e404c697962623,dfine_sahi,13200.0,stationery,0.6682,12.08,493.7,197.87,562.4,12763.2,185.79,68.7,2.704,False,,True,S-61,5,evt_S-61_upper_body_0015,aeca27b1a7e55a21,pose_hand_context,,34812.1,3.43,,1,cam12/e1/v1,rtmpose_baseline
phase4_smoke2,03.CCTV Mobile Usage.mkv,632de9ed55947761d56d4c6142a3cb1a1fe69d0b1a6d0e01a2e404c697962623,dfine_sahi,13200.0,unknown_object,0.6044,44.4,508.74,85.59,557.05,1990.1,41.2,48.31,0.853,False,,True,S-61,5,evt_S-61_upper_body_0015,aeca27b1a7e55a21,pose_hand_context,,34812.1,3.43,,1,cam12/e1/v1,rtmpose_baseline
phase4_smoke2,03.CCTV Mobile Usage.mkv,632de9ed55947761d56d4c6142a3cb1a1fe69d0b1a6d0e01a2e404c697962623,dfine_sahi,13200.0,unknown_object,0.6002,93.0,458.16,197.9,562.43,10937.7,104.9,104.27,1.006,False,,True,S-61,5,evt_S-61_upper_body_0015,aeca27b1a7e55a21,pose_hand_context,,34812.1,3.43,,1,cam12/e1/v1,rtmpose_baseline
phase4_smoke2,03.CCTV Mobile Usage.mkv,632de9ed55947761d56d4c6142a3cb1a1fe69d0b1a6d0e01a2e404c697962623,dfine_sahi,13200.0,stationery,0.5723,12.07,415.01,102.07,498.56,7519.5,90.0,83.55,1.077,False,,True,S-61,5,evt_S-61_upper_body_0015,aeca27b1a7e55a21,pose_hand_context,,34812.1,3.43,,1,cam12/e1/v1,rtmpose_baseline
phase4_smoke2,03.CCTV Mobile Usage.mkv,632de9ed55947761d56d4c6142a3cb1a1fe69d0b1a6d0e01a2e404c697962623,dfine_sahi,13200.0,unknown_object,0.5419,12.01,376.24,116.87,480.59,10941.9,104.86,104.35,1.005,False,,True,S-61,5,evt_S-61_upper_body_0015,aeca27b1a7e55a21,pose_hand_context,,34812.1,3.43,,1,cam12/e1/v1,rtmpose_baseline
phase4_smoke2,03.CCTV Mobile Usage.mkv,632de9ed55947761d56d4c6142a3cb1a1fe69d0b1a6d0e01a2e404c697962623,dfine_sahi,13200.0,stationery,0.5124,42.92,443.7,72.14,471.25,805.2,29.22,27.55,1.061,False,,True,S-61,5,evt_S-61_upper_body_0015,aeca27b1a7e55a21,pose_hand_context,,34812.1,3.43,,1,cam12/e1/v1,rtmpose_baseline
phase4_smoke2,03.CCTV Mobile Usage.mkv,632de9ed55947761d56d4c6142a3cb1a1fe69d0b1a6d0e01a2e404c697962623,dfine_sahi,13200.0,stationery,0.3981,102.48,476.65,162.12,530.34,3202.4,59.64,53.69,1.111,False,,True,S-61,5,evt_S-61_upper_body_0015,aeca27b1a7e55a21,pose_hand_context,,34812.1,3.43,,1,cam12/e1/v1,rtmpose_baseline
phase4_smoke2,03.CCTV Mobile Usage.mkv,632de9ed55947761d56d4c6142a3cb1a1fe69d0b1a6d0e01a2e404c697962623,dfine_sahi,13200.0,unknown_object,0.3929,42.8,443.21,72.37,470.62,810.8,29.57,27.42,1.078,False,,True,S-61,5,evt_S-61_upper_body_0015,aeca27b1a7e55a21,pose_hand_context,,34812.1,3.43,,1,cam12/e1/v1,rtmpose_baseline
phase4_smoke2,03.CCTV Mobile Usage.mkv,632de9ed55947761d56d4c6142a3cb1a1fe69d0b1a6d0e01a2e404c697962623,dfine_sahi,13200.0,unknown_object,0.3606,12.08,458.14,116.99,562.39,10936.9,104.91,104.25,1.006,False,,True,S-61,5,evt_S-61_upper_body_0015,aeca27b1a7e55a21,pose_hand_context,,34812.1,3.43,,1,cam12/e1/v1,rtmpose_baseline
phase4_smoke2,03.CCTV Mobile Usage.mkv,632de9ed55947761d56d4c6142a3cb1a1fe69d0b1a6d0e01a2e404c697962623,dfine_sahi,13200.0,unknown_object,0.343,93.07,458.09,159.37,498.7,2692.9,66.3,40.62,1.632,False,,True,S-61,5,evt_S-61_upper_body_0015,aeca27b1a7e55a21,pose_hand_context,,34812.1,3.43,,1,cam12/e1/v1,rtmpose_baseline
phase4_smoke2,03.CCTV Mobile Usage.mkv,632de9ed55947761d56d4c6142a3cb1a1fe69d0b1a6d0e01a2e404c697962623,dfine_sahi,13200.0,stationery,0.2975,69.51,418.14,154.54,497.07,6711.4,85.03,78.93,1.077,False,,True,S-61,5,evt_S-61_upper_body_0015,aeca27b1a7e55a21,pose_hand_context,,34812.1,3.43,,1,cam12/e1/v1,rtmpose_baseline
phase4_smoke2,03.CCTV Mobile Usage.mkv,632de9ed55947761d56d4c6142a3cb1a1fe69d0b1a6d0e01a2e404c697962623,dfine_sahi,13200.0,unknown_object,0.2729,69.11,376.31,116.96,449.34,3494.6,47.85,73.03,0.655,False,,True,S-61,5,evt_S-61_upper_body_0015,aeca27b1a7e55a21,pose_hand_context,,34812.1,3.43,,1,cam12/e1/v1,rtmpose_baseline
phase4_smoke2,03.CCTV Mobile Usage.mkv,632de9ed55947761d56d4c6142a3cb1a1fe69d0b1a6d0e01a2e404c697962623,dfine_sahi,13200.0,stationery,0.2674,44.21,509.82,86.24,556.96,1981.4,42.03,47.14,0.892,False,,True,S-61,5,evt_S-61_upper_body_0015,aeca27b1a7e55a21,pose_hand_context,,34812.1,3.43,,1,cam12/e1/v1,rtmpose_baseline
phase4_smoke2,03.CCTV Mobile Usage.mkv,632de9ed55947761d56d4c6142a3cb1a1fe69d0b1a6d0e01a2e404c697962623,dfine_sahi,13200.0,unknown_object,0.2601,38.75,376.08,69.26,386.31,312.0,30.51,10.23,2.983,False,,True,S-61,5,evt_S-61_upper_body_0015,aeca27b1a7e55a21,pose_hand_context,,34812.1,3.43,,1,cam12/e1/v1,rtmpose_baseline
phase4_smoke2,03.CCTV Mobile Usage.mkv,632de9ed55947761d56d4c6142a3cb1a1fe69d0b1a6d0e01a2e404c697962623,dfine_sahi,13700.0,keyboard,0.8943,962.1,451.9,1067.92,491.45,4185.3,105.83,39.55,2.676,False,,True,R-desk,11,evt_S-61_desk_work_surface_0001,243d4174c5ecf8e0,lap_bag_context,no_pose_observation,34560.0,1.33,,1,cam12/e1/v1,
phase4_smoke2,03.CCTV Mobile Usage.mkv,632de9ed55947761d56d4c6142a3cb1a1fe69d0b1a6d0e01a2e404c697962623,dfine_sahi,13700.0,monitor_or_bezel,0.7706,910.05,411.11,1140.78,506.4,21985.7,230.72,95.29,2.421,False,,True,R-desk,11,evt_S-61_desk_work_surface_0001,243d4174c5ecf8e0,lap_bag_context,no_pose_observation,34560.0,1.33,,1,cam12/e1/v1,
phase4_smoke2,03.CCTV Mobile Usage.mkv,632de9ed55947761d56d4c6142a3cb1a1fe69d0b1a6d0e01a2e404c697962623,dfine_sahi,13700.0,monitor_or_bezel,0.7502,963.79,380.38,1152.82,475.22,17926.7,189.03,94.84,1.993,False,,True,R-desk,11,evt_S-61_desk_work_surface_0001,243d4174c5ecf8e0,lap_bag_context,no_pose_observation,34560.0,1.33,,1,cam12/e1/v1,
phase4_smoke2,03.CCTV Mobile Usage.mkv,632de9ed55947761d56d4c6142a3cb1a1fe69d0b1a6d0e01a2e404c697962623,dfine_sahi,13700.0,monitor_or_bezel,0.7047,707.05,379.91,969.7,474.94,24958.5,262.65,95.03,2.764,False,,True,R-desk,11,evt_S-61_desk_work_surface_0001,243d4174c5ecf8e0,lap_bag_context,no_pose_observation,34560.0,1.33,,1,cam12/e1/v1,
phase4_smoke2,03.CCTV Mobile Usage.mkv,632de9ed55947761d56d4c6142a3cb1a1fe69d0b1a6d0e01a2e404c697962623,dfine_sahi,13700.0,keyboard,0.6385,772.63,380.23,871.12,420.39,3955.7,98.5,40.16,2.453,False,,True,R-desk,11,evt_S-61_desk_work_surface_0001,243d4174c5ecf8e0,lap_bag_context,no_pose_observation,34560.0,1.33,,1,cam12/e1/v1,
phase4_smoke2,03.CCTV Mobile Usage.mkv,632de9ed55947761d56d4c6142a3cb1a1fe69d0b1a6d0e01a2e404c697962623,dfine_sahi,13700.0,unknown_object,0.6351,699.91,396.23,849.23,492.42,14363.2,149.32,96.19,1.552,False,,True,R-desk,11,evt_S-61_desk_work_surface_0001,243d4174c5ecf8e0,lap_bag_context,no_pose_observation,34560.0,1.33,,1,cam12/e1/v1,
phase4_smoke2,03.CCTV Mobile Usage.mkv,632de9ed55947761d56d4c6142a3cb1a1fe69d0b1a6d0e01a2e404c697962623,dfine_sahi,13700.0,keyboard,0.6268,962.63,452.36,1035.07,475.63,1686.1,72.44,23.28,3.112,False,,True,R-desk,11,evt_S-61_desk_work_surface_0001,243d4174c5ecf8e0,lap_bag_context,no_pose_observation,34560.0,1.33,,1,cam12/e1/v1,
phase4_smoke2,03.CCTV Mobile Usage.mkv,632de9ed55947761d56d4c6142a3cb1a1fe69d0b1a6d0e01a2e404c697962623,dfine_sahi,13700.0,mouse,0.5573,865.43,413.69,891.29,435.25,557.5,25.86,21.56,1.2,False,,True,R-desk,11,evt_S-61_desk_work_surface_0001,243d4174c5ecf8e0,lap_bag_context,no_pose_observation,34560.0,1.33,,1,cam12/e1/v1,
phase4_smoke2,03.CCTV Mobile Usage.mkv,632de9ed55947761d56d4c6142a3cb1a1fe69d0b1a6d0e01a2e404c697962623,dfine_sahi,13700.0,unknown_object,0.5137,769.18,411.0,969.84,505.94,19052.0,200.66,94.95,2.113,False,,True,R-desk,11,evt_S-61_desk_work_surface_0001,243d4174c5ecf8e0,lap_bag_context,no_pose_observation,34560.0,1.33,,1,cam12/e1/v1,
phase4_smoke2,03.CCTV Mobile Usage.mkv,632de9ed55947761d56d4c6142a3cb1a1fe69d0b1a6d0e01a2e404c697962623,dfine_sahi,13700.0,phone,0.4353,1043.38,421.51,1113.15,473.57,3632.2,69.77,52.06,1.34,False,,True,R-desk,11,evt_S-61_desk_work_surface_0001,243d4174c5ecf8e0,lap_bag_context,no_pose_observation,34560.0,1.33,,1,cam12/e1/v1,
phase4_smoke2,03.CCTV Mobile Usage.mkv,632de9ed55947761d56d4c6142a3cb1a1fe69d0b1a6d0e01a2e404c697962623,dfine_sahi,13700.0,keyboard,0.4275,802.46,396.23,870.9,420.71,1675.4,68.44,24.48,2.796,False,,True,R-desk,11,evt_S-61_desk_work_surface_0001,243d4174c5ecf8e0,lap_bag_context,no_pose_observation,34560.0,1.33,,1,cam12/e1/v1,
phase4_smoke2,03.CCTV Mobile Usage.mkv,632de9ed55947761d56d4c6142a3cb1a1fe69d0b1a6d0e01a2e404c697962623,dfine_sahi,13700.0,unknown_object,0.4047,699.97,396.23,757.44,491.07,5450.2,57.47,94.84,0.606,False,,True,R-desk,11,evt_S-61_desk_work_surface_0001,243d4174c5ecf8e0,lap_bag_context,no_pose_observation,34560.0,1.33,,1,cam12/e1/v1,
phase4_smoke2,03.CCTV Mobile Usage.mkv,632de9ed55947761d56d4c6142a3cb1a1fe69d0b1a6d0e01a2e404c697962623,dfine_sahi,13700.0,monitor_or_bezel,0.3911,1019.66,395.52,1145.07,446.54,6398.2,125.4,51.02,2.458,False,,True,R-desk,11,evt_S-61_desk_work_surface_0001,243d4174c5ecf8e0,lap_bag_context,no_pose_observation,34560.0,1.33,,1,cam12/e1/v1,
phase4_smoke2,03.CCTV Mobile Usage.mkv,632de9ed55947761d56d4c6142a3cb1a1fe69d0b1a6d0e01a2e404c697962623,dfine_sahi,13700.0,keyboard,0.3412,910.14,412.13,1092.2,506.31,17146.7,182.06,94.18,1.933,False,,True,R-desk,11,evt_S-61_desk_work_surface_0001,243d4174c5ecf8e0,lap_bag_context,no_pose_observation,34560.0,1.33,,1,cam12/e1/v1,
phase4_smoke2,03.CCTV Mobile Usage.mkv,632de9ed55947761d56d4c6142a3cb1a1fe69d0b1a6d0e01a2e404c697962623,dfine_sahi,13700.0,unknown_object,0.3252,882.06,411.12,932.43,452.77,2097.8,50.37,41.65,1.21,False,,True,R-desk,11,evt_S-61_desk_work_surface_0001,243d4174c5ecf8e0,lap_bag_context,no_pose_observation,34560.0,1.33,,1,cam12/e1/v1,
phase4_smoke2,03.CCTV Mobile Usage.mkv,632de9ed55947761d56d4c6142a3cb1a1fe69d0b1a6d0e01a2e404c697962623,dfine_sahi,13700.0,keyboard,0.3242,965.98,396.23,1096.61,475.05,10296.4,130.63,78.82,1.657,False,,True,R-desk,11,evt_S-61_desk_work_surface_0001,243d4174c5ecf8e0,lap_bag_context,no_pose_observation,34560.0,1.33,,1,cam12/e1/v1,
phase4_smoke2,03.CCTV Mobile Usage.mkv,632de9ed55947761d56d4c6142a3cb1a1fe69d0b1a6d0e01a2e404c697962623,dfine_sahi,13700.0,unknown_object,0.3122,736.53,395.62,1140.46,491.18,38597.9,403.92,95.56,4.227,False,,True,R-desk,11,evt_S-61_desk_work_surface_0001,243d4174c5ecf8e0,lap_bag_context,no_pose_observation,34560.0,1.33,,1,cam12/e1/v1,
phase4_smoke2,03.CCTV Mobile Usage.mkv,632de9ed55947761d56d4c6142a3cb1a1fe69d0b1a6d0e01a2e404c697962623,dfine_sahi,13700.0,unknown_object,0.277,881.3,411.54,969.9,505.57,8331.3,88.6,94.03,0.942,False,,True,R-desk,11,evt_S-61_desk_work_surface_0001,243d4174c5ecf8e0,lap_bag_context,no_pose_observation,34560.0,1.33,,1,cam12/e1/v1,
phase4_smoke2,03.CCTV Mobile Usage.mkv,632de9ed55947761d56d4c6142a3cb1a1fe69d0b1a6d0e01a2e404c697962623,dfine_sahi,13700.0,mouse,0.2755,966.86,398.32,992.31,410.43,308.4,25.45,12.12,2.101,False,,True,R-desk,11,evt_S-61_desk_work_surface_0001,243d4174c5ecf8e0,lap_bag_context,no_pose_observation,34560.0,1.33,,1,cam12/e1/v1,
phase4_smoke2,03.CCTV Mobile Usage.mkv,632de9ed55947761d56d4c6142a3cb1a1fe69d0b1a6d0e01a2e404c697962623,dfine_sahi,13700.0,keyboard,0.2612,882.33,380.24,968.97,453.05,6308.7,86.65,72.81,1.19,False,,True,R-desk,11,evt_S-61_desk_work_surface_0001,243d4174c5ecf8e0,lap_bag_context,no_pose_observation,34560.0,1.33,,1,cam12/e1/v1,
phase4_smoke2,03.CCTV Mobile Usage.mkv,632de9ed55947761d56d4c6142a3cb1a1fe69d0b1a6d0e01a2e404c697962623,dfine_sahi,13700.0,unknown_object,0.2541,910.47,411.12,1177.82,506.5,25500.8,267.36,95.38,2.803,False,,True,R-desk,11,evt_S-61_desk_work_surface_0001,243d4174c5ecf8e0,lap_bag_context,no_pose_observation,34560.0,1.33,,1,cam12/e1/v1,
phase4_smoke2,03.CCTV Mobile Usage.mkv,632de9ed55947761d56d4c6142a3cb1a1fe69d0b1a6d0e01a2e404c697962623,dfine_sahi,13700.0,keyboard,0.8943,962.1,451.9,1067.92,491.45,4185.3,105.83,39.55,2.676,False,,True,R-desk,13,evt_S-61_upper_body_0015,243d4174c5ecf8e0,lap_bag_context,no_pose_observation,34560.0,1.33,,1,cam12/e1/v1,
phase4_smoke2,03.CCTV Mobile Usage.mkv,632de9ed55947761d56d4c6142a3cb1a1fe69d0b1a6d0e01a2e404c697962623,dfine_sahi,13700.0,monitor_or_bezel,0.7706,910.05,411.11,1140.78,506.4,21985.7,230.72,95.29,2.421,False,,True,R-desk,13,evt_S-61_upper_body_0015,243d4174c5ecf8e0,lap_bag_context,no_pose_observation,34560.0,1.33,,1,cam12/e1/v1,
phase4_smoke2,03.CCTV Mobile Usage.mkv,632de9ed55947761d56d4c6142a3cb1a1fe69d0b1a6d0e01a2e404c697962623,dfine_sahi,13700.0,monitor_or_bezel,0.7502,963.79,380.38,1152.82,475.22,17926.7,189.03,94.84,1.993,False,,True,R-desk,13,evt_S-61_upper_body_0015,243d4174c5ecf8e0,lap_bag_context,no_pose_observation,34560.0,1.33,,1,cam12/e1/v1,
phase4_smoke2,03.CCTV Mobile Usage.mkv,632de9ed55947761d56d4c6142a3cb1a1fe69d0b1a6d0e01a2e404c697962623,dfine_sahi,13700.0,monitor_or_bezel,0.7047,707.05,379.91,969.7,474.94,24958.5,262.65,95.03,2.764,False,,True,R-desk,13,evt_S-61_upper_body_0015,243d4174c5ecf8e0,lap_bag_context,no_pose_observation,34560.0,1.33,,1,cam12/e1/v1,
phase4_smoke2,03.CCTV Mobile Usage.mkv,632de9ed55947761d56d4c6142a3cb1a1fe69d0b1a6d0e01a2e404c697962623,dfine_sahi,13700.0,keyboard,0.6385,772.63,380.23,871.12,420.39,3955.7,98.5,40.16,2.453,False,,True,R-desk,13,evt_S-61_upper_body_0015,243d4174c5ecf8e0,lap_bag_context,no_pose_observation,34560.0,1.33,,1,cam12/e1/v1,
phase4_smoke2,03.CCTV Mobile Usage.mkv,632de9ed55947761d56d4c6142a3cb1a1fe69d0b1a6d0e01a2e404c697962623,dfine_sahi,13700.0,unknown_object,0.6351,699.91,396.23,849.23,492.42,14363.2,149.32,96.19,1.552,False,,True,R-desk,13,evt_S-61_upper_body_0015,243d4174c5ecf8e0,lap_bag_context,no_pose_observation,34560.0,1.33,,1,cam12/e1/v1,
phase4_smoke2,03.CCTV Mobile Usage.mkv,632de9ed55947761d56d4c6142a3cb1a1fe69d0b1a6d0e01a2e404c697962623,dfine_sahi,13700.0,keyboard,0.6268,962.63,452.36,1035.07,475.63,1686.1,72.44,23.28,3.112,False,,True,R-desk,13,evt_S-61_upper_body_0015,243d4174c5ecf8e0,lap_bag_context,no_pose_observation,34560.0,1.33,,1,cam12/e1/v1,
phase4_smoke2,03.CCTV Mobile Usage.mkv,632de9ed55947761d56d4c6142a3cb1a1fe69d0b1a6d0e01a2e404c697962623,dfine_sahi,13700.0,mouse,0.5573,865.43,413.69,891.29,435.25,557.5,25.86,21.56,1.2,False,,True,R-desk,13,evt_S-61_upper_body_0015,243d4174c5ecf8e0,lap_bag_context,no_pose_observation,34560.0,1.33,,1,cam12/e1/v1,
phase4_smoke2,03.CCTV Mobile Usage.mkv,632de9ed55947761d56d4c6142a3cb1a1fe69d0b1a6d0e01a2e404c697962623,dfine_sahi,13700.0,unknown_object,0.5137,769.18,411.0,969.84,505.94,19052.0,200.66,94.95,2.113,False,,True,R-desk,13,evt_S-61_upper_body_0015,243d4174c5ecf8e0,lap_bag_context,no_pose_observation,34560.0,1.33,,1,cam12/e1/v1,
phase4_smoke2,03.CCTV Mobile Usage.mkv,632de9ed55947761d56d4c6142a3cb1a1fe69d0b1a6d0e01a2e404c697962623,dfine_sahi,13700.0,phone,0.4353,1043.38,421.51,1113.15,473.57,3632.2,69.77,52.06,1.34,False,,True,R-desk,13,evt_S-61_upper_body_0015,243d4174c5ecf8e0,lap_bag_context,no_pose_observation,34560.0,1.33,,1,cam12/e1/v1,
phase4_smoke2,03.CCTV Mobile Usage.mkv,632de9ed55947761d56d4c6142a3cb1a1fe69d0b1a6d0e01a2e404c697962623,dfine_sahi,13700.0,keyboard,0.4275,802.46,396.23,870.9,420.71,1675.4,68.44,24.48,2.796,False,,True,R-desk,13,evt_S-61_upper_body_0015,243d4174c5ecf8e0,lap_bag_context,no_pose_observation,34560.0,1.33,,1,cam12/e1/v1,
phase4_smoke2,03.CCTV Mobile Usage.mkv,632de9ed55947761d56d4c6142a3cb1a1fe69d0b1a6d0e01a2e404c697962623,dfine_sahi,13700.0,unknown_object,0.4047,699.97,396.23,757.44,491.07,5450.2,57.47,94.84,0.606,False,,True,R-desk,13,evt_S-61_upper_body_0015,243d4174c5ecf8e0,lap_bag_context,no_pose_observation,34560.0,1.33,,1,cam12/e1/v1,
phase4_smoke2,03.CCTV Mobile Usage.mkv,632de9ed55947761d56d4c6142a3cb1a1fe69d0b1a6d0e01a2e404c697962623,dfine_sahi,13700.0,monitor_or_bezel,0.3911,1019.66,395.52,1145.07,446.54,6398.2,125.4,51.02,2.458,False,,True,R-desk,13,evt_S-61_upper_body_0015,243d4174c5ecf8e0,lap_bag_context,no_pose_observation,34560.0,1.33,,1,cam12/e1/v1,
phase4_smoke2,03.CCTV Mobile Usage.mkv,632de9ed55947761d56d4c6142a3cb1a1fe69d0b1a6d0e01a2e404c697962623,dfine_sahi,13700.0,keyboard,0.3412,910.14,412.13,1092.2,506.31,17146.7,182.06,94.18,1.933,False,,True,R-desk,13,evt_S-61_upper_body_0015,243d4174c5ecf8e0,lap_bag_context,no_pose_observation,34560.0,1.33,,1,cam12/e1/v1,
phase4_smoke2,03.CCTV Mobile Usage.mkv,632de9ed55947761d56d4c6142a3cb1a1fe69d0b1a6d0e01a2e404c697962623,dfine_sahi,13700.0,unknown_object,0.3252,882.06,411.12,932.43,452.77,2097.8,50.37,41.65,1.21,False,,True,R-desk,13,evt_S-61_upper_body_0015,243d4174c5ecf8e0,lap_bag_context,no_pose_observation,34560.0,1.33,,1,cam12/e1/v1,
phase4_smoke2,03.CCTV Mobile Usage.mkv,632de9ed55947761d56d4c6142a3cb1a1fe69d0b1a6d0e01a2e404c697962623,dfine_sahi,13700.0,keyboard,0.3242,965.98,396.23,1096.61,475.05,10296.4,130.63,78.82,1.657,False,,True,R-desk,13,evt_S-61_upper_body_0015,243d4174c5ecf8e0,lap_bag_context,no_pose_observation,34560.0,1.33,,1,cam12/e1/v1,
phase4_smoke2,03.CCTV Mobile Usage.mkv,632de9ed55947761d56d4c6142a3cb1a1fe69d0b1a6d0e01a2e404c697962623,dfine_sahi,13700.0,unknown_object,0.3122,736.53,395.62,1140.46,491.18,38597.9,403.92,95.56,4.227,False,,True,R-desk,13,evt_S-61_upper_body_0015,243d4174c5ecf8e0,lap_bag_context,no_pose_observation,34560.0,1.33,,1,cam12/e1/v1,
phase4_smoke2,03.CCTV Mobile Usage.mkv,632de9ed55947761d56d4c6142a3cb1a1fe69d0b1a6d0e01a2e404c697962623,dfine_sahi,13700.0,unknown_object,0.277,881.3,411.54,969.9,505.57,8331.3,88.6,94.03,0.942,False,,True,R-desk,13,evt_S-61_upper_body_0015,243d4174c5ecf8e0,lap_bag_context,no_pose_observation,34560.0,1.33,,1,cam12/e1/v1,
phase4_smoke2,03.CCTV Mobile Usage.mkv,632de9ed55947761d56d4c6142a3cb1a1fe69d0b1a6d0e01a2e404c697962623,dfine_sahi,13700.0,mouse,0.2755,966.86,398.32,992.31,410.43,308.4,25.45,12.12,2.101,False,,True,R-desk,13,evt_S-61_upper_body_0015,243d4174c5ecf8e0,lap_bag_context,no_pose_observation,34560.0,1.33,,1,cam12/e1/v1,
phase4_smoke2,03.CCTV Mobile Usage.mkv,632de9ed55947761d56d4c6142a3cb1a1fe69d0b1a6d0e01a2e404c697962623,dfine_sahi,13700.0,keyboard,0.2612,882.33,380.24,968.97,453.05,6308.7,86.65,72.81,1.19,False,,True,R-desk,13,evt_S-61_upper_body_0015,243d4174c5ecf8e0,lap_bag_context,no_pose_observation,34560.0,1.33,,1,cam12/e1/v1,
phase4_smoke2,03.CCTV Mobile Usage.mkv,632de9ed55947761d56d4c6142a3cb1a1fe69d0b1a6d0e01a2e404c697962623,dfine_sahi,13700.0,unknown_object,0.2541,910.47,411.12,1177.82,506.5,25500.8,267.36,95.38,2.803,False,,True,R-desk,13,evt_S-61_upper_body_0015,243d4174c5ecf8e0,lap_bag_context,no_pose_observation,34560.0,1.33,,1,cam12/e1/v1,
phase4_smoke2,03.CCTV Mobile Usage.mkv,632de9ed55947761d56d4c6142a3cb1a1fe69d0b1a6d0e01a2e404c697962623,dfine_sahi,13700.0,keyboard,0.8943,962.1,451.9,1067.92,491.45,4185.3,105.83,39.55,2.676,False,,True,R-desk,9,evt_S-61_desk_work_surface_0001,243d4174c5ecf8e0,lap_bag_context,no_pose_observation,34560.0,1.33,,1,cam12/e1/v1,
phase4_smoke2,03.CCTV Mobile Usage.mkv,632de9ed55947761d56d4c6142a3cb1a1fe69d0b1a6d0e01a2e404c697962623,dfine_sahi,13700.0,monitor_or_bezel,0.7706,910.05,411.11,1140.78,506.4,21985.7,230.72,95.29,2.421,False,,True,R-desk,9,evt_S-61_desk_work_surface_0001,243d4174c5ecf8e0,lap_bag_context,no_pose_observation,34560.0,1.33,,1,cam12/e1/v1,
phase4_smoke2,03.CCTV Mobile Usage.mkv,632de9ed55947761d56d4c6142a3cb1a1fe69d0b1a6d0e01a2e404c697962623,dfine_sahi,13700.0,monitor_or_bezel,0.7502,963.79,380.38,1152.82,475.22,17926.7,189.03,94.84,1.993,False,,True,R-desk,9,evt_S-61_desk_work_surface_0001,243d4174c5ecf8e0,lap_bag_context,no_pose_observation,34560.0,1.33,,1,cam12/e1/v1,
phase4_smoke2,03.CCTV Mobile Usage.mkv,632de9ed55947761d56d4c6142a3cb1a1fe69d0b1a6d0e01a2e404c697962623,dfine_sahi,13700.0,monitor_or_bezel,0.7047,707.05,379.91,969.7,474.94,24958.5,262.65,95.03,2.764,False,,True,R-desk,9,evt_S-61_desk_work_surface_0001,243d4174c5ecf8e0,lap_bag_context,no_pose_observation,34560.0,1.33,,1,cam12/e1/v1,
phase4_smoke2,03.CCTV Mobile Usage.mkv,632de9ed55947761d56d4c6142a3cb1a1fe69d0b1a6d0e01a2e404c697962623,dfine_sahi,13700.0,keyboard,0.6385,772.63,380.23,871.12,420.39,3955.7,98.5,40.16,2.453,False,,True,R-desk,9,evt_S-61_desk_work_surface_0001,243d4174c5ecf8e0,lap_bag_context,no_pose_observation,34560.0,1.33,,1,cam12/e1/v1,
phase4_smoke2,03.CCTV Mobile Usage.mkv,632de9ed55947761d56d4c6142a3cb1a1fe69d0b1a6d0e01a2e404c697962623,dfine_sahi,13700.0,unknown_object,0.6351,699.91,396.23,849.23,492.42,14363.2,149.32,96.19,1.552,False,,True,R-desk,9,evt_S-61_desk_work_surface_0001,243d4174c5ecf8e0,lap_bag_context,no_pose_observation,34560.0,1.33,,1,cam12/e1/v1,
phase4_smoke2,03.CCTV Mobile Usage.mkv,632de9ed55947761d56d4c6142a3cb1a1fe69d0b1a6d0e01a2e404c697962623,dfine_sahi,13700.0,keyboard,0.6268,962.63,452.36,1035.07,475.63,1686.1,72.44,23.28,3.112,False,,True,R-desk,9,evt_S-61_desk_work_surface_0001,243d4174c5ecf8e0,lap_bag_context,no_pose_observation,34560.0,1.33,,1,cam12/e1/v1,
phase4_smoke2,03.CCTV Mobile Usage.mkv,632de9ed55947761d56d4c6142a3cb1a1fe69d0b1a6d0e01a2e404c697962623,dfine_sahi,13700.0,mouse,0.5573,865.43,413.69,891.29,435.25,557.5,25.86,21.56,1.2,False,,True,R-desk,9,evt_S-61_desk_work_surface_0001,243d4174c5ecf8e0,lap_bag_context,no_pose_observation,34560.0,1.33,,1,cam12/e1/v1,
phase4_smoke2,03.CCTV Mobile Usage.mkv,632de9ed55947761d56d4c6142a3cb1a1fe69d0b1a6d0e01a2e404c697962623,dfine_sahi,13700.0,unknown_object,0.5137,769.18,411.0,969.84,505.94,19052.0,200.66,94.95,2.113,False,,True,R-desk,9,evt_S-61_desk_work_surface_0001,243d4174c5ecf8e0,lap_bag_context,no_pose_observation,34560.0,1.33,,1,cam12/e1/v1,
phase4_smoke2,03.CCTV Mobile Usage.mkv,632de9ed55947761d56d4c6142a3cb1a1fe69d0b1a6d0e01a2e404c697962623,dfine_sahi,13700.0,phone,0.4353,1043.38,421.51,1113.15,473.57,3632.2,69.77,52.06,1.34,False,,True,R-desk,9,evt_S-61_desk_work_surface_0001,243d4174c5ecf8e0,lap_bag_context,no_pose_observation,34560.0,1.33,,1,cam12/e1/v1,
phase4_smoke2,03.CCTV Mobile Usage.mkv,632de9ed55947761d56d4c6142a3cb1a1fe69d0b1a6d0e01a2e404c697962623,dfine_sahi,13700.0,keyboard,0.4275,802.46,396.23,870.9,420.71,1675.4,68.44,24.48,2.796,False,,True,R-desk,9,evt_S-61_desk_work_surface_0001,243d4174c5ecf8e0,lap_bag_context,no_pose_observation,34560.0,1.33,,1,cam12/e1/v1,
phase4_smoke2,03.CCTV Mobile Usage.mkv,632de9ed55947761d56d4c6142a3cb1a1fe69d0b1a6d0e01a2e404c697962623,dfine_sahi,13700.0,unknown_object,0.4047,699.97,396.23,757.44,491.07,5450.2,57.47,94.84,0.606,False,,True,R-desk,9,evt_S-61_desk_work_surface_0001,243d4174c5ecf8e0,lap_bag_context,no_pose_observation,34560.0,1.33,,1,cam12/e1/v1,
phase4_smoke2,03.CCTV Mobile Usage.mkv,632de9ed55947761d56d4c6142a3cb1a1fe69d0b1a6d0e01a2e404c697962623,dfine_sahi,13700.0,monitor_or_bezel,0.3911,1019.66,395.52,1145.07,446.54,6398.2,125.4,51.02,2.458,False,,True,R-desk,9,evt_S-61_desk_work_surface_0001,243d4174c5ecf8e0,lap_bag_context,no_pose_observation,34560.0,1.33,,1,cam12/e1/v1,
phase4_smoke2,03.CCTV Mobile Usage.mkv,632de9ed55947761d56d4c6142a3cb1a1fe69d0b1a6d0e01a2e404c697962623,dfine_sahi,13700.0,keyboard,0.3412,910.14,412.13,1092.2,506.31,17146.7,182.06,94.18,1.933,False,,True,R-desk,9,evt_S-61_desk_work_surface_0001,243d4174c5ecf8e0,lap_bag_context,no_pose_observation,34560.0,1.33,,1,cam12/e1/v1,
phase4_smoke2,03.CCTV Mobile Usage.mkv,632de9ed55947761d56d4c6142a3cb1a1fe69d0b1a6d0e01a2e404c697962623,dfine_sahi,13700.0,unknown_object,0.3252,882.06,411.12,932.43,452.77,2097.8,50.37,41.65,1.21,False,,True,R-desk,9,evt_S-61_desk_work_surface_0001,243d4174c5ecf8e0,lap_bag_context,no_pose_observation,34560.0,1.33,,1,cam12/e1/v1,
phase4_smoke2,03.CCTV Mobile Usage.mkv,632de9ed55947761d56d4c6142a3cb1a1fe69d0b1a6d0e01a2e404c697962623,dfine_sahi,13700.0,keyboard,0.3242,965.98,396.23,1096.61,475.05,10296.4,130.63,78.82,1.657,False,,True,R-desk,9,evt_S-61_desk_work_surface_0001,243d4174c5ecf8e0,lap_bag_context,no_pose_observation,34560.0,1.33,,1,cam12/e1/v1,
phase4_smoke2,03.CCTV Mobile Usage.mkv,632de9ed55947761d56d4c6142a3cb1a1fe69d0b1a6d0e01a2e404c697962623,dfine_sahi,13700.0,unknown_object,0.3122,736.53,395.62,1140.46,491.18,38597.9,403.92,95.56,4.227,False,,True,R-desk,9,evt_S-61_desk_work_surface_0001,243d4174c5ecf8e0,lap_bag_context,no_pose_observation,34560.0,1.33,,1,cam12/e1/v1,
phase4_smoke2,03.CCTV Mobile Usage.mkv,632de9ed55947761d56d4c6142a3cb1a1fe69d0b1a6d0e01a2e404c697962623,dfine_sahi,13700.0,unknown_object,0.277,881.3,411.54,969.9,505.57,8331.3,88.6,94.03,0.942,False,,True,R-desk,9,evt_S-61_desk_work_surface_0001,243d4174c5ecf8e0,lap_bag_context,no_pose_observation,34560.0,1.33,,1,cam12/e1/v1,
phase4_smoke2,03.CCTV Mobile Usage.mkv,632de9ed55947761d56d4c6142a3cb1a1fe69d0b1a6d0e01a2e404c697962623,dfine_sahi,13700.0,mouse,0.2755,966.86,398.32,992.31,410.43,308.4,25.45,12.12,2.101,False,,True,R-desk,9,evt_S-61_desk_work_surface_0001,243d4174c5ecf8e0,lap_bag_context,no_pose_observation,34560.0,1.33,,1,cam12/e1/v1,
phase4_smoke2,03.CCTV Mobile Usage.mkv,632de9ed55947761d56d4c6142a3cb1a1fe69d0b1a6d0e01a2e404c697962623,dfine_sahi,13700.0,keyboard,0.2612,882.33,380.24,968.97,453.05,6308.7,86.65,72.81,1.19,False,,True,R-desk,9,evt_S-61_desk_work_surface_0001,243d4174c5ecf8e0,lap_bag_context,no_pose_observation,34560.0,1.33,,1,cam12/e1/v1,
phase4_smoke2,03.CCTV Mobile Usage.mkv,632de9ed55947761d56d4c6142a3cb1a1fe69d0b1a6d0e01a2e404c697962623,dfine_sahi,13700.0,unknown_object,0.2541,910.47,411.12,1177.82,506.5,25500.8,267.36,95.38,2.803,False,,True,R-desk,9,evt_S-61_desk_work_surface_0001,243d4174c5ecf8e0,lap_bag_context,no_pose_observation,34560.0,1.33,,1,cam12/e1/v1,
phase4_smoke2,03.CCTV Mobile Usage.mkv,632de9ed55947761d56d4c6142a3cb1a1fe69d0b1a6d0e01a2e404c697962623,dfine_sahi,13700.0,keyboard,0.8943,962.1,451.9,1067.92,491.45,4185.3,105.83,39.55,2.676,False,,True,R-desk,10,evt_S-61_upper_body_0015,243d4174c5ecf8e0,lap_bag_context,no_pose_observation,34560.0,1.33,,1,cam12/e1/v1,
phase4_smoke2,03.CCTV Mobile Usage.mkv,632de9ed55947761d56d4c6142a3cb1a1fe69d0b1a6d0e01a2e404c697962623,dfine_sahi,13700.0,monitor_or_bezel,0.7706,910.05,411.11,1140.78,506.4,21985.7,230.72,95.29,2.421,False,,True,R-desk,10,evt_S-61_upper_body_0015,243d4174c5ecf8e0,lap_bag_context,no_pose_observation,34560.0,1.33,,1,cam12/e1/v1,
phase4_smoke2,03.CCTV Mobile Usage.mkv,632de9ed55947761d56d4c6142a3cb1a1fe69d0b1a6d0e01a2e404c697962623,dfine_sahi,13700.0,monitor_or_bezel,0.7502,963.79,380.38,1152.82,475.22,17926.7,189.03,94.84,1.993,False,,True,R-desk,10,evt_S-61_upper_body_0015,243d4174c5ecf8e0,lap_bag_context,no_pose_observation,34560.0,1.33,,1,cam12/e1/v1,
phase4_smoke2,03.CCTV Mobile Usage.mkv,632de9ed55947761d56d4c6142a3cb1a1fe69d0b1a6d0e01a2e404c697962623,dfine_sahi,13700.0,monitor_or_bezel,0.7047,707.05,379.91,969.7,474.94,24958.5,262.65,95.03,2.764,False,,True,R-desk,10,evt_S-61_upper_body_0015,243d4174c5ecf8e0,lap_bag_context,no_pose_observation,34560.0,1.33,,1,cam12/e1/v1,
phase4_smoke2,03.CCTV Mobile Usage.mkv,632de9ed55947761d56d4c6142a3cb1a1fe69d0b1a6d0e01a2e404c697962623,dfine_sahi,13700.0,keyboard,0.6385,772.63,380.23,871.12,420.39,3955.7,98.5,40.16,2.453,False,,True,R-desk,10,evt_S-61_upper_body_0015,243d4174c5ecf8e0,lap_bag_context,no_pose_observation,34560.0,1.33,,1,cam12/e1/v1,
phase4_smoke2,03.CCTV Mobile Usage.mkv,632de9ed55947761d56d4c6142a3cb1a1fe69d0b1a6d0e01a2e404c697962623,dfine_sahi,13700.0,unknown_object,0.6351,699.91,396.23,849.23,492.42,14363.2,149.32,96.19,1.552,False,,True,R-desk,10,evt_S-61_upper_body_0015,243d4174c5ecf8e0,lap_bag_context,no_pose_observation,34560.0,1.33,,1,cam12/e1/v1,
phase4_smoke2,03.CCTV Mobile Usage.mkv,632de9ed55947761d56d4c6142a3cb1a1fe69d0b1a6d0e01a2e404c697962623,dfine_sahi,13700.0,keyboard,0.6268,962.63,452.36,1035.07,475.63,1686.1,72.44,23.28,3.112,False,,True,R-desk,10,evt_S-61_upper_body_0015,243d4174c5ecf8e0,lap_bag_context,no_pose_observation,34560.0,1.33,,1,cam12/e1/v1,
phase4_smoke2,03.CCTV Mobile Usage.mkv,632de9ed55947761d56d4c6142a3cb1a1fe69d0b1a6d0e01a2e404c697962623,dfine_sahi,13700.0,mouse,0.5573,865.43,413.69,891.29,435.25,557.5,25.86,21.56,1.2,False,,True,R-desk,10,evt_S-61_upper_body_0015,243d4174c5ecf8e0,lap_bag_context,no_pose_observation,34560.0,1.33,,1,cam12/e1/v1,
phase4_smoke2,03.CCTV Mobile Usage.mkv,632de9ed55947761d56d4c6142a3cb1a1fe69d0b1a6d0e01a2e404c697962623,dfine_sahi,13700.0,unknown_object,0.5137,769.18,411.0,969.84,505.94,19052.0,200.66,94.95,2.113,False,,True,R-desk,10,evt_S-61_upper_body_0015,243d4174c5ecf8e0,lap_bag_context,no_pose_observation,34560.0,1.33,,1,cam12/e1/v1,
phase4_smoke2,03.CCTV Mobile Usage.mkv,632de9ed55947761d56d4c6142a3cb1a1fe69d0b1a6d0e01a2e404c697962623,dfine_sahi,13700.0,phone,0.4353,1043.38,421.51,1113.15,473.57,3632.2,69.77,52.06,1.34,False,,True,R-desk,10,evt_S-61_upper_body_0015,243d4174c5ecf8e0,lap_bag_context,no_pose_observation,34560.0,1.33,,1,cam12/e1/v1,
phase4_smoke2,03.CCTV Mobile Usage.mkv,632de9ed55947761d56d4c6142a3cb1a1fe69d0b1a6d0e01a2e404c697962623,dfine_sahi,13700.0,keyboard,0.4275,802.46,396.23,870.9,420.71,1675.4,68.44,24.48,2.796,False,,True,R-desk,10,evt_S-61_upper_body_0015,243d4174c5ecf8e0,lap_bag_context,no_pose_observation,34560.0,1.33,,1,cam12/e1/v1,
phase4_smoke2,03.CCTV Mobile Usage.mkv,632de9ed55947761d56d4c6142a3cb1a1fe69d0b1a6d0e01a2e404c697962623,dfine_sahi,13700.0,unknown_object,0.4047,699.97,396.23,757.44,491.07,5450.2,57.47,94.84,0.606,False,,True,R-desk,10,evt_S-61_upper_body_0015,243d4174c5ecf8e0,lap_bag_context,no_pose_observation,34560.0,1.33,,1,cam12/e1/v1,
phase4_smoke2,03.CCTV Mobile Usage.mkv,632de9ed55947761d56d4c6142a3cb1a1fe69d0b1a6d0e01a2e404c697962623,dfine_sahi,13700.0,monitor_or_bezel,0.3911,1019.66,395.52,1145.07,446.54,6398.2,125.4,51.02,2.458,False,,True,R-desk,10,evt_S-61_upper_body_0015,243d4174c5ecf8e0,lap_bag_context,no_pose_observation,34560.0,1.33,,1,cam12/e1/v1,
phase4_smoke2,03.CCTV Mobile Usage.mkv,632de9ed55947761d56d4c6142a3cb1a1fe69d0b1a6d0e01a2e404c697962623,dfine_sahi,13700.0,keyboard,0.3412,910.14,412.13,1092.2,506.31,17146.7,182.06,94.18,1.933,False,,True,R-desk,10,evt_S-61_upper_body_0015,243d4174c5ecf8e0,lap_bag_context,no_pose_observation,34560.0,1.33,,1,cam12/e1/v1,
phase4_smoke2,03.CCTV Mobile Usage.mkv,632de9ed55947761d56d4c6142a3cb1a1fe69d0b1a6d0e01a2e404c697962623,dfine_sahi,13700.0,unknown_object,0.3252,882.06,411.12,932.43,452.77,2097.8,50.37,41.65,1.21,False,,True,R-desk,10,evt_S-61_upper_body_0015,243d4174c5ecf8e0,lap_bag_context,no_pose_observation,34560.0,1.33,,1,cam12/e1/v1,
phase4_smoke2,03.CCTV Mobile Usage.mkv,632de9ed55947761d56d4c6142a3cb1a1fe69d0b1a6d0e01a2e404c697962623,dfine_sahi,13700.0,keyboard,0.3242,965.98,396.23,1096.61,475.05,10296.4,130.63,78.82,1.657,False,,True,R-desk,10,evt_S-61_upper_body_0015,243d4174c5ecf8e0,lap_bag_context,no_pose_observation,34560.0,1.33,,1,cam12/e1/v1,
phase4_smoke2,03.CCTV Mobile Usage.mkv,632de9ed55947761d56d4c6142a3cb1a1fe69d0b1a6d0e01a2e404c697962623,dfine_sahi,13700.0,unknown_object,0.3122,736.53,395.62,1140.46,491.18,38597.9,403.92,95.56,4.227,False,,True,R-desk,10,evt_S-61_upper_body_0015,243d4174c5ecf8e0,lap_bag_context,no_pose_observation,34560.0,1.33,,1,cam12/e1/v1,
phase4_smoke2,03.CCTV Mobile Usage.mkv,632de9ed55947761d56d4c6142a3cb1a1fe69d0b1a6d0e01a2e404c697962623,dfine_sahi,13700.0,unknown_object,0.277,881.3,411.54,969.9,505.57,8331.3,88.6,94.03,0.942,False,,True,R-desk,10,evt_S-61_upper_body_0015,243d4174c5ecf8e0,lap_bag_context,no_pose_observation,34560.0,1.33,,1,cam12/e1/v1,
phase4_smoke2,03.CCTV Mobile Usage.mkv,632de9ed55947761d56d4c6142a3cb1a1fe69d0b1a6d0e01a2e404c697962623,dfine_sahi,13700.0,mouse,0.2755,966.86,398.32,992.31,410.43,308.4,25.45,12.12,2.101,False,,True,R-desk,10,evt_S-61_upper_body_0015,243d4174c5ecf8e0,lap_bag_context,no_pose_observation,34560.0,1.33,,1,cam12/e1/v1,
phase4_smoke2,03.CCTV Mobile Usage.mkv,632de9ed55947761d56d4c6142a3cb1a1fe69d0b1a6d0e01a2e404c697962623,dfine_sahi,13700.0,keyboard,0.2612,882.33,380.24,968.97,453.05,6308.7,86.65,72.81,1.19,False,,True,R-desk,10,evt_S-61_upper_body_0015,243d4174c5ecf8e0,lap_bag_context,no_pose_observation,34560.0,1.33,,1,cam12/e1/v1,
phase4_smoke2,03.CCTV Mobile Usage.mkv,632de9ed55947761d56d4c6142a3cb1a1fe69d0b1a6d0e01a2e404c697962623,dfine_sahi,13700.0,unknown_object,0.2541,910.47,411.12,1177.82,506.5,25500.8,267.36,95.38,2.803,False,,True,R-desk,10,evt_S-61_upper_body_0015,243d4174c5ecf8e0,lap_bag_context,no_pose_observation,34560.0,1.33,,1,cam12/e1/v1,
phase4_smoke2,03.CCTV Mobile Usage.mkv,632de9ed55947761d56d4c6142a3cb1a1fe69d0b1a6d0e01a2e404c697962623,dfine_sahi,13700.0,keyboard,0.8943,962.1,451.9,1067.92,491.45,4185.3,105.83,39.55,2.676,False,,True,R-desk,12,evt_S-61_desk_work_surface_0001,243d4174c5ecf8e0,lap_bag_context,no_pose_observation,34560.0,1.33,,1,cam12/e1/v1,
phase4_smoke2,03.CCTV Mobile Usage.mkv,632de9ed55947761d56d4c6142a3cb1a1fe69d0b1a6d0e01a2e404c697962623,dfine_sahi,13700.0,monitor_or_bezel,0.7706,910.05,411.11,1140.78,506.4,21985.7,230.72,95.29,2.421,False,,True,R-desk,12,evt_S-61_desk_work_surface_0001,243d4174c5ecf8e0,lap_bag_context,no_pose_observation,34560.0,1.33,,1,cam12/e1/v1,
phase4_smoke2,03.CCTV Mobile Usage.mkv,632de9ed55947761d56d4c6142a3cb1a1fe69d0b1a6d0e01a2e404c697962623,dfine_sahi,13700.0,monitor_or_bezel,0.7502,963.79,380.38,1152.82,475.22,17926.7,189.03,94.84,1.993,False,,True,R-desk,12,evt_S-61_desk_work_surface_0001,243d4174c5ecf8e0,lap_bag_context,no_pose_observation,34560.0,1.33,,1,cam12/e1/v1,
phase4_smoke2,03.CCTV Mobile Usage.mkv,632de9ed55947761d56d4c6142a3cb1a1fe69d0b1a6d0e01a2e404c697962623,dfine_sahi,13700.0,monitor_or_bezel,0.7047,707.05,379.91,969.7,474.94,24958.5,262.65,95.03,2.764,False,,True,R-desk,12,evt_S-61_desk_work_surface_0001,243d4174c5ecf8e0,lap_bag_context,no_pose_observation,34560.0,1.33,,1,cam12/e1/v1,
phase4_smoke2,03.CCTV Mobile Usage.mkv,632de9ed55947761d56d4c6142a3cb1a1fe69d0b1a6d0e01a2e404c697962623,dfine_sahi,13700.0,keyboard,0.6385,772.63,380.23,871.12,420.39,3955.7,98.5,40.16,2.453,False,,True,R-desk,12,evt_S-61_desk_work_surface_0001,243d4174c5ecf8e0,lap_bag_context,no_pose_observation,34560.0,1.33,,1,cam12/e1/v1,
phase4_smoke2,03.CCTV Mobile Usage.mkv,632de9ed55947761d56d4c6142a3cb1a1fe69d0b1a6d0e01a2e404c697962623,dfine_sahi,13700.0,unknown_object,0.6351,699.91,396.23,849.23,492.42,14363.2,149.32,96.19,1.552,False,,True,R-desk,12,evt_S-61_desk_work_surface_0001,243d4174c5ecf8e0,lap_bag_context,no_pose_observation,34560.0,1.33,,1,cam12/e1/v1,
phase4_smoke2,03.CCTV Mobile Usage.mkv,632de9ed55947761d56d4c6142a3cb1a1fe69d0b1a6d0e01a2e404c697962623,dfine_sahi,13700.0,keyboard,0.6268,962.63,452.36,1035.07,475.63,1686.1,72.44,23.28,3.112,False,,True,R-desk,12,evt_S-61_desk_work_surface_0001,243d4174c5ecf8e0,lap_bag_context,no_pose_observation,34560.0,1.33,,1,cam12/e1/v1,
phase4_smoke2,03.CCTV Mobile Usage.mkv,632de9ed55947761d56d4c6142a3cb1a1fe69d0b1a6d0e01a2e404c697962623,dfine_sahi,13700.0,mouse,0.5573,865.43,413.69,891.29,435.25,557.5,25.86,21.56,1.2,False,,True,R-desk,12,evt_S-61_desk_work_surface_0001,243d4174c5ecf8e0,lap_bag_context,no_pose_observation,34560.0,1.33,,1,cam12/e1/v1,
phase4_smoke2,03.CCTV Mobile Usage.mkv,632de9ed55947761d56d4c6142a3cb1a1fe69d0b1a6d0e01a2e404c697962623,dfine_sahi,13700.0,unknown_object,0.5137,769.18,411.0,969.84,505.94,19052.0,200.66,94.95,2.113,False,,True,R-desk,12,evt_S-61_desk_work_surface_0001,243d4174c5ecf8e0,lap_bag_context,no_pose_observation,34560.0,1.33,,1,cam12/e1/v1,
phase4_smoke2,03.CCTV Mobile Usage.mkv,632de9ed55947761d56d4c6142a3cb1a1fe69d0b1a6d0e01a2e404c697962623,dfine_sahi,13700.0,phone,0.4353,1043.38,421.51,1113.15,473.57,3632.2,69.77,52.06,1.34,False,,True,R-desk,12,evt_S-61_desk_work_surface_0001,243d4174c5ecf8e0,lap_bag_context,no_pose_observation,34560.0,1.33,,1,cam12/e1/v1,
phase4_smoke2,03.CCTV Mobile Usage.mkv,632de9ed55947761d56d4c6142a3cb1a1fe69d0b1a6d0e01a2e404c697962623,dfine_sahi,13700.0,keyboard,0.4275,802.46,396.23,870.9,420.71,1675.4,68.44,24.48,2.796,False,,True,R-desk,12,evt_S-61_desk_work_surface_0001,243d4174c5ecf8e0,lap_bag_context,no_pose_observation,34560.0,1.33,,1,cam12/e1/v1,
phase4_smoke2,03.CCTV Mobile Usage.mkv,632de9ed55947761d56d4c6142a3cb1a1fe69d0b1a6d0e01a2e404c697962623,dfine_sahi,13700.0,unknown_object,0.4047,699.97,396.23,757.44,491.07,5450.2,57.47,94.84,0.606,False,,True,R-desk,12,evt_S-61_desk_work_surface_0001,243d4174c5ecf8e0,lap_bag_context,no_pose_observation,34560.0,1.33,,1,cam12/e1/v1,
phase4_smoke2,03.CCTV Mobile Usage.mkv,632de9ed55947761d56d4c6142a3cb1a1fe69d0b1a6d0e01a2e404c697962623,dfine_sahi,13700.0,monitor_or_bezel,0.3911,1019.66,395.52,1145.07,446.54,6398.2,125.4,51.02,2.458,False,,True,R-desk,12,evt_S-61_desk_work_surface_0001,243d4174c5ecf8e0,lap_bag_context,no_pose_observation,34560.0,1.33,,1,cam12/e1/v1,
phase4_smoke2,03.CCTV Mobile Usage.mkv,632de9ed55947761d56d4c6142a3cb1a1fe69d0b1a6d0e01a2e404c697962623,dfine_sahi,13700.0,keyboard,0.3412,910.14,412.13,1092.2,506.31,17146.7,182.06,94.18,1.933,False,,True,R-desk,12,evt_S-61_desk_work_surface_0001,243d4174c5ecf8e0,lap_bag_context,no_pose_observation,34560.0,1.33,,1,cam12/e1/v1,
phase4_smoke2,03.CCTV Mobile Usage.mkv,632de9ed55947761d56d4c6142a3cb1a1fe69d0b1a6d0e01a2e404c697962623,dfine_sahi,13700.0,unknown_object,0.3252,882.06,411.12,932.43,452.77,2097.8,50.37,41.65,1.21,False,,True,R-desk,12,evt_S-61_desk_work_surface_0001,243d4174c5ecf8e0,lap_bag_context,no_pose_observation,34560.0,1.33,,1,cam12/e1/v1,
phase4_smoke2,03.CCTV Mobile Usage.mkv,632de9ed55947761d56d4c6142a3cb1a1fe69d0b1a6d0e01a2e404c697962623,dfine_sahi,13700.0,keyboard,0.3242,965.98,396.23,1096.61,475.05,10296.4,130.63,78.82,1.657,False,,True,R-desk,12,evt_S-61_desk_work_surface_0001,243d4174c5ecf8e0,lap_bag_context,no_pose_observation,34560.0,1.33,,1,cam12/e1/v1,
phase4_smoke2,03.CCTV Mobile Usage.mkv,632de9ed55947761d56d4c6142a3cb1a1fe69d0b1a6d0e01a2e404c697962623,dfine_sahi,13700.0,unknown_object,0.3122,736.53,395.62,1140.46,491.18,38597.9,403.92,95.56,4.227,False,,True,R-desk,12,evt_S-61_desk_work_surface_0001,243d4174c5ecf8e0,lap_bag_context,no_pose_observation,34560.0,1.33,,1,cam12/e1/v1,
phase4_smoke2,03.CCTV Mobile Usage.mkv,632de9ed55947761d56d4c6142a3cb1a1fe69d0b1a6d0e01a2e404c697962623,dfine_sahi,13700.0,unknown_object,0.277,881.3,411.54,969.9,505.57,8331.3,88.6,94.03,0.942,False,,True,R-desk,12,evt_S-61_desk_work_surface_0001,243d4174c5ecf8e0,lap_bag_context,no_pose_observation,34560.0,1.33,,1,cam12/e1/v1,
phase4_smoke2,03.CCTV Mobile Usage.mkv,632de9ed55947761d56d4c6142a3cb1a1fe69d0b1a6d0e01a2e404c697962623,dfine_sahi,13700.0,mouse,0.2755,966.86,398.32,992.31,410.43,308.4,25.45,12.12,2.101,False,,True,R-desk,12,evt_S-61_desk_work_surface_0001,243d4174c5ecf8e0,lap_bag_context,no_pose_observation,34560.0,1.33,,1,cam12/e1/v1,
phase4_smoke2,03.CCTV Mobile Usage.mkv,632de9ed55947761d56d4c6142a3cb1a1fe69d0b1a6d0e01a2e404c697962623,dfine_sahi,13700.0,keyboard,0.2612,882.33,380.24,968.97,453.05,6308.7,86.65,72.81,1.19,False,,True,R-desk,12,evt_S-61_desk_work_surface_0001,243d4174c5ecf8e0,lap_bag_context,no_pose_observation,34560.0,1.33,,1,cam12/e1/v1,
phase4_smoke2,03.CCTV Mobile Usage.mkv,632de9ed55947761d56d4c6142a3cb1a1fe69d0b1a6d0e01a2e404c697962623,dfine_sahi,13700.0,unknown_object,0.2541,910.47,411.12,1177.82,506.5,25500.8,267.36,95.38,2.803,False,,True,R-desk,12,evt_S-61_desk_work_surface_0001,243d4174c5ecf8e0,lap_bag_context,no_pose_observation,34560.0,1.33,,1,cam12/e1/v1,
phase4_smoke2,03.CCTV Mobile Usage.mkv,632de9ed55947761d56d4c6142a3cb1a1fe69d0b1a6d0e01a2e404c697962623,dfine_sahi,13700.0,keyboard,0.8943,962.1,451.9,1067.92,491.45,4185.3,105.83,39.55,2.676,False,,True,R-desk,14,evt_S-61_upper_body_0015,243d4174c5ecf8e0,lap_bag_context,no_pose_observation,34560.0,1.33,,1,cam12/e1/v1,
phase4_smoke2,03.CCTV Mobile Usage.mkv,632de9ed55947761d56d4c6142a3cb1a1fe69d0b1a6d0e01a2e404c697962623,dfine_sahi,13700.0,monitor_or_bezel,0.7706,910.05,411.11,1140.78,506.4,21985.7,230.72,95.29,2.421,False,,True,R-desk,14,evt_S-61_upper_body_0015,243d4174c5ecf8e0,lap_bag_context,no_pose_observation,34560.0,1.33,,1,cam12/e1/v1,
phase4_smoke2,03.CCTV Mobile Usage.mkv,632de9ed55947761d56d4c6142a3cb1a1fe69d0b1a6d0e01a2e404c697962623,dfine_sahi,13700.0,monitor_or_bezel,0.7502,963.79,380.38,1152.82,475.22,17926.7,189.03,94.84,1.993,False,,True,R-desk,14,evt_S-61_upper_body_0015,243d4174c5ecf8e0,lap_bag_context,no_pose_observation,34560.0,1.33,,1,cam12/e1/v1,
phase4_smoke2,03.CCTV Mobile Usage.mkv,632de9ed55947761d56d4c6142a3cb1a1fe69d0b1a6d0e01a2e404c697962623,dfine_sahi,13700.0,monitor_or_bezel,0.7047,707.05,379.91,969.7,474.94,24958.5,262.65,95.03,2.764,False,,True,R-desk,14,evt_S-61_upper_body_0015,243d4174c5ecf8e0,lap_bag_context,no_pose_observation,34560.0,1.33,,1,cam12/e1/v1,
phase4_smoke2,03.CCTV Mobile Usage.mkv,632de9ed55947761d56d4c6142a3cb1a1fe69d0b1a6d0e01a2e404c697962623,dfine_sahi,13700.0,keyboard,0.6385,772.63,380.23,871.12,420.39,3955.7,98.5,40.16,2.453,False,,True,R-desk,14,evt_S-61_upper_body_0015,243d4174c5ecf8e0,lap_bag_context,no_pose_observation,34560.0,1.33,,1,cam12/e1/v1,
phase4_smoke2,03.CCTV Mobile Usage.mkv,632de9ed55947761d56d4c6142a3cb1a1fe69d0b1a6d0e01a2e404c697962623,dfine_sahi,13700.0,unknown_object,0.6351,699.91,396.23,849.23,492.42,14363.2,149.32,96.19,1.552,False,,True,R-desk,14,evt_S-61_upper_body_0015,243d4174c5ecf8e0,lap_bag_context,no_pose_observation,34560.0,1.33,,1,cam12/e1/v1,
phase4_smoke2,03.CCTV Mobile Usage.mkv,632de9ed55947761d56d4c6142a3cb1a1fe69d0b1a6d0e01a2e404c697962623,dfine_sahi,13700.0,keyboard,0.6268,962.63,452.36,1035.07,475.63,1686.1,72.44,23.28,3.112,False,,True,R-desk,14,evt_S-61_upper_body_0015,243d4174c5ecf8e0,lap_bag_context,no_pose_observation,34560.0,1.33,,1,cam12/e1/v1,
phase4_smoke2,03.CCTV Mobile Usage.mkv,632de9ed55947761d56d4c6142a3cb1a1fe69d0b1a6d0e01a2e404c697962623,dfine_sahi,13700.0,mouse,0.5573,865.43,413.69,891.29,435.25,557.5,25.86,21.56,1.2,False,,True,R-desk,14,evt_S-61_upper_body_0015,243d4174c5ecf8e0,lap_bag_context,no_pose_observation,34560.0,1.33,,1,cam12/e1/v1,
phase4_smoke2,03.CCTV Mobile Usage.mkv,632de9ed55947761d56d4c6142a3cb1a1fe69d0b1a6d0e01a2e404c697962623,dfine_sahi,13700.0,unknown_object,0.5137,769.18,411.0,969.84,505.94,19052.0,200.66,94.95,2.113,False,,True,R-desk,14,evt_S-61_upper_body_0015,243d4174c5ecf8e0,lap_bag_context,no_pose_observation,34560.0,1.33,,1,cam12/e1/v1,
phase4_smoke2,03.CCTV Mobile Usage.mkv,632de9ed55947761d56d4c6142a3cb1a1fe69d0b1a6d0e01a2e404c697962623,dfine_sahi,13700.0,phone,0.4353,1043.38,421.51,1113.15,473.57,3632.2,69.77,52.06,1.34,False,,True,R-desk,14,evt_S-61_upper_body_0015,243d4174c5ecf8e0,lap_bag_context,no_pose_observation,34560.0,1.33,,1,cam12/e1/v1,
phase4_smoke2,03.CCTV Mobile Usage.mkv,632de9ed55947761d56d4c6142a3cb1a1fe69d0b1a6d0e01a2e404c697962623,dfine_sahi,13700.0,keyboard,0.4275,802.46,396.23,870.9,420.71,1675.4,68.44,24.48,2.796,False,,True,R-desk,14,evt_S-61_upper_body_0015,243d4174c5ecf8e0,lap_bag_context,no_pose_observation,34560.0,1.33,,1,cam12/e1/v1,
phase4_smoke2,03.CCTV Mobile Usage.mkv,632de9ed55947761d56d4c6142a3cb1a1fe69d0b1a6d0e01a2e404c697962623,dfine_sahi,13700.0,unknown_object,0.4047,699.97,396.23,757.44,491.07,5450.2,57.47,94.84,0.606,False,,True,R-desk,14,evt_S-61_upper_body_0015,243d4174c5ecf8e0,lap_bag_context,no_pose_observation,34560.0,1.33,,1,cam12/e1/v1,
phase4_smoke2,03.CCTV Mobile Usage.mkv,632de9ed55947761d56d4c6142a3cb1a1fe69d0b1a6d0e01a2e404c697962623,dfine_sahi,13700.0,monitor_or_bezel,0.3911,1019.66,395.52,1145.07,446.54,6398.2,125.4,51.02,2.458,False,,True,R-desk,14,evt_S-61_upper_body_0015,243d4174c5ecf8e0,lap_bag_context,no_pose_observation,34560.0,1.33,,1,cam12/e1/v1,
phase4_smoke2,03.CCTV Mobile Usage.mkv,632de9ed55947761d56d4c6142a3cb1a1fe69d0b1a6d0e01a2e404c697962623,dfine_sahi,13700.0,keyboard,0.3412,910.14,412.13,1092.2,506.31,17146.7,182.06,94.18,1.933,False,,True,R-desk,14,evt_S-61_upper_body_0015,243d4174c5ecf8e0,lap_bag_context,no_pose_observation,34560.0,1.33,,1,cam12/e1/v1,
phase4_smoke2,03.CCTV Mobile Usage.mkv,632de9ed55947761d56d4c6142a3cb1a1fe69d0b1a6d0e01a2e404c697962623,dfine_sahi,13700.0,unknown_object,0.3252,882.06,411.12,932.43,452.77,2097.8,50.37,41.65,1.21,False,,True,R-desk,14,evt_S-61_upper_body_0015,243d4174c5ecf8e0,lap_bag_context,no_pose_observation,34560.0,1.33,,1,cam12/e1/v1,
phase4_smoke2,03.CCTV Mobile Usage.mkv,632de9ed55947761d56d4c6142a3cb1a1fe69d0b1a6d0e01a2e404c697962623,dfine_sahi,13700.0,keyboard,0.3242,965.98,396.23,1096.61,475.05,10296.4,130.63,78.82,1.657,False,,True,R-desk,14,evt_S-61_upper_body_0015,243d4174c5ecf8e0,lap_bag_context,no_pose_observation,34560.0,1.33,,1,cam12/e1/v1,
phase4_smoke2,03.CCTV Mobile Usage.mkv,632de9ed55947761d56d4c6142a3cb1a1fe69d0b1a6d0e01a2e404c697962623,dfine_sahi,13700.0,unknown_object,0.3122,736.53,395.62,1140.46,491.18,38597.9,403.92,95.56,4.227,False,,True,R-desk,14,evt_S-61_upper_body_0015,243d4174c5ecf8e0,lap_bag_context,no_pose_observation,34560.0,1.33,,1,cam12/e1/v1,
phase4_smoke2,03.CCTV Mobile Usage.mkv,632de9ed55947761d56d4c6142a3cb1a1fe69d0b1a6d0e01a2e404c697962623,dfine_sahi,13700.0,unknown_object,0.277,881.3,411.54,969.9,505.57,8331.3,88.6,94.03,0.942,False,,True,R-desk,14,evt_S-61_upper_body_0015,243d4174c5ecf8e0,lap_bag_context,no_pose_observation,34560.0,1.33,,1,cam12/e1/v1,
phase4_smoke2,03.CCTV Mobile Usage.mkv,632de9ed55947761d56d4c6142a3cb1a1fe69d0b1a6d0e01a2e404c697962623,dfine_sahi,13700.0,mouse,0.2755,966.86,398.32,992.31,410.43,308.4,25.45,12.12,2.101,False,,True,R-desk,14,evt_S-61_upper_body_0015,243d4174c5ecf8e0,lap_bag_context,no_pose_observation,34560.0,1.33,,1,cam12/e1/v1,
phase4_smoke2,03.CCTV Mobile Usage.mkv,632de9ed55947761d56d4c6142a3cb1a1fe69d0b1a6d0e01a2e404c697962623,dfine_sahi,13700.0,keyboard,0.2612,882.33,380.24,968.97,453.05,6308.7,86.65,72.81,1.19,False,,True,R-desk,14,evt_S-61_upper_body_0015,243d4174c5ecf8e0,lap_bag_context,no_pose_observation,34560.0,1.33,,1,cam12/e1/v1,
phase4_smoke2,03.CCTV Mobile Usage.mkv,632de9ed55947761d56d4c6142a3cb1a1fe69d0b1a6d0e01a2e404c697962623,dfine_sahi,13700.0,unknown_object,0.2541,910.47,411.12,1177.82,506.5,25500.8,267.36,95.38,2.803,False,,True,R-desk,14,evt_S-61_upper_body_0015,243d4174c5ecf8e0,lap_bag_context,no_pose_observation,34560.0,1.33,,1,cam12/e1/v1,
phase4_smoke2,03.CCTV Mobile Usage.mkv,632de9ed55947761d56d4c6142a3cb1a1fe69d0b1a6d0e01a2e404c697962623,dfine_sahi,13700.0,unknown_object,0.6503,96.2,324.35,210.75,421.62,11142.7,114.55,97.27,1.178,False,,True,S-61,2,evt_S-61_desk_work_surface_0001,843ac0bd3ddb8743,pose_hand_context,,44783.0,3.02,,1,cam12/e1/v1,rtmpose_baseline
phase4_smoke2,03.CCTV Mobile Usage.mkv,632de9ed55947761d56d4c6142a3cb1a1fe69d0b1a6d0e01a2e404c697962623,dfine_sahi,13700.0,unknown_object,0.448,0.34,254.1,45.11,306.08,2327.2,44.77,51.98,0.861,False,,True,S-61,2,evt_S-61_desk_work_surface_0001,843ac0bd3ddb8743,pose_hand_context,,44783.0,3.02,,1,cam12/e1/v1,rtmpose_baseline
phase4_smoke2,03.CCTV Mobile Usage.mkv,632de9ed55947761d56d4c6142a3cb1a1fe69d0b1a6d0e01a2e404c697962623,dfine_sahi,13700.0,unknown_object,0.4153,-0.16,278.33,84.97,421.88,12220.0,85.13,143.55,0.593,False,,True,S-61,2,evt_S-61_desk_work_surface_0001,843ac0bd3ddb8743,pose_hand_context,,44783.0,3.02,,1,cam12/e1/v1,rtmpose_baseline
phase4_smoke2,03.CCTV Mobile Usage.mkv,632de9ed55947761d56d4c6142a3cb1a1fe69d0b1a6d0e01a2e404c697962623,dfine_sahi,13700.0,bag,0.3746,0.43,254.6,96.07,329.45,7157.9,95.63,74.85,1.278,False,,True,S-61,2,evt_S-61_desk_work_surface_0001,843ac0bd3ddb8743,pose_hand_context,,44783.0,3.02,,1,cam12/e1/v1,rtmpose_baseline
phase4_smoke2,03.CCTV Mobile Usage.mkv,632de9ed55947761d56d4c6142a3cb1a1fe69d0b1a6d0e01a2e404c697962623,dfine_sahi,13700.0,bag,0.3578,17.2,300.65,94.62,329.71,2250.0,77.41,29.07,2.663,False,,True,S-61,2,evt_S-61_desk_work_surface_0001,843ac0bd3ddb8743,pose_hand_context,,44783.0,3.02,,1,cam12/e1/v1,rtmpose_baseline
phase4_smoke2,03.CCTV Mobile Usage.mkv,632de9ed55947761d56d4c6142a3cb1a1fe69d0b1a6d0e01a2e404c697962623,dfine_sahi,13700.0,unknown_object,0.3306,0.04,254.9,210.74,421.83,35171.2,210.7,166.93,1.262,False,,True,S-61,2,evt_S-61_desk_work_surface_0001,843ac0bd3ddb8743,pose_hand_context,,44783.0,3.02,,1,cam12/e1/v1,rtmpose_baseline
phase4_smoke2,03.CCTV Mobile Usage.mkv,632de9ed55947761d56d4c6142a3cb1a1fe69d0b1a6d0e01a2e404c697962623,dfine_sahi,13700.0,keyboard,0.3124,191.28,337.71,210.99,367.37,584.6,19.71,29.66,0.664,False,,True,S-61,2,evt_S-61_desk_work_surface_0001,843ac0bd3ddb8743,pose_hand_context,,44783.0,3.02,,1,cam12/e1/v1,rtmpose_baseline
phase4_smoke2,03.CCTV Mobile Usage.mkv,632de9ed55947761d56d4c6142a3cb1a1fe69d0b1a6d0e01a2e404c697962623,dfine_sahi,13700.0,unknown_object,0.2542,0.27,254.34,117.5,329.65,8827.7,117.23,75.3,1.557,False,,True,S-61,2,evt_S-61_desk_work_surface_0001,843ac0bd3ddb8743,pose_hand_context,,44783.0,3.02,,1,cam12/e1/v1,rtmpose_baseline
phase4_smoke2,03.CCTV Mobile Usage.mkv,632de9ed55947761d56d4c6142a3cb1a1fe69d0b1a6d0e01a2e404c697962623,dfine_sahi,13700.0,unknown_object,0.6503,96.2,324.35,210.75,421.62,11142.7,114.55,97.27,1.178,False,,True,S-61,6,evt_S-61_upper_body_0015,843ac0bd3ddb8743,pose_hand_context,,44783.0,3.02,,1,cam12/e1/v1,rtmpose_baseline
phase4_smoke2,03.CCTV Mobile Usage.mkv,632de9ed55947761d56d4c6142a3cb1a1fe69d0b1a6d0e01a2e404c697962623,dfine_sahi,13700.0,unknown_object,0.448,0.34,254.1,45.11,306.08,2327.2,44.77,51.98,0.861,False,,True,S-61,6,evt_S-61_upper_body_0015,843ac0bd3ddb8743,pose_hand_context,,44783.0,3.02,,1,cam12/e1/v1,rtmpose_baseline
phase4_smoke2,03.CCTV Mobile Usage.mkv,632de9ed55947761d56d4c6142a3cb1a1fe69d0b1a6d0e01a2e404c697962623,dfine_sahi,13700.0,unknown_object,0.4153,-0.16,278.33,84.97,421.88,12220.0,85.13,143.55,0.593,False,,True,S-61,6,evt_S-61_upper_body_0015,843ac0bd3ddb8743,pose_hand_context,,44783.0,3.02,,1,cam12/e1/v1,rtmpose_baseline
phase4_smoke2,03.CCTV Mobile Usage.mkv,632de9ed55947761d56d4c6142a3cb1a1fe69d0b1a6d0e01a2e404c697962623,dfine_sahi,13700.0,bag,0.3746,0.43,254.6,96.07,329.45,7157.9,95.63,74.85,1.278,False,,True,S-61,6,evt_S-61_upper_body_0015,843ac0bd3ddb8743,pose_hand_context,,44783.0,3.02,,1,cam12/e1/v1,rtmpose_baseline
phase4_smoke2,03.CCTV Mobile Usage.mkv,632de9ed55947761d56d4c6142a3cb1a1fe69d0b1a6d0e01a2e404c697962623,dfine_sahi,13700.0,bag,0.3578,17.2,300.65,94.62,329.71,2250.0,77.41,29.07,2.663,False,,True,S-61,6,evt_S-61_upper_body_0015,843ac0bd3ddb8743,pose_hand_context,,44783.0,3.02,,1,cam12/e1/v1,rtmpose_baseline
phase4_smoke2,03.CCTV Mobile Usage.mkv,632de9ed55947761d56d4c6142a3cb1a1fe69d0b1a6d0e01a2e404c697962623,dfine_sahi,13700.0,unknown_object,0.3306,0.04,254.9,210.74,421.83,35171.2,210.7,166.93,1.262,False,,True,S-61,6,evt_S-61_upper_body_0015,843ac0bd3ddb8743,pose_hand_context,,44783.0,3.02,,1,cam12/e1/v1,rtmpose_baseline
phase4_smoke2,03.CCTV Mobile Usage.mkv,632de9ed55947761d56d4c6142a3cb1a1fe69d0b1a6d0e01a2e404c697962623,dfine_sahi,13700.0,keyboard,0.3124,191.28,337.71,210.99,367.37,584.6,19.71,29.66,0.664,False,,True,S-61,6,evt_S-61_upper_body_0015,843ac0bd3ddb8743,pose_hand_context,,44783.0,3.02,,1,cam12/e1/v1,rtmpose_baseline
phase4_smoke2,03.CCTV Mobile Usage.mkv,632de9ed55947761d56d4c6142a3cb1a1fe69d0b1a6d0e01a2e404c697962623,dfine_sahi,13700.0,unknown_object,0.2542,0.27,254.34,117.5,329.65,8827.7,117.23,75.3,1.557,False,,True,S-61,6,evt_S-61_upper_body_0015,843ac0bd3ddb8743,pose_hand_context,,44783.0,3.02,,1,cam12/e1/v1,rtmpose_baseline
phase4_smoke2,03.CCTV Mobile Usage.mkv,632de9ed55947761d56d4c6142a3cb1a1fe69d0b1a6d0e01a2e404c697962623,dfine_sahi,13700.0,unknown_object,0.6748,94.0,372.12,204.94,480.54,12027.8,110.94,108.42,1.023,False,,True,S-61,1,evt_S-61_desk_work_surface_0001,96838b91a5af473a,pose_hand_context,,38722.4,3.25,,1,cam12/e1/v1,rtmpose_baseline
phase4_smoke2,03.CCTV Mobile Usage.mkv,632de9ed55947761d56d4c6142a3cb1a1fe69d0b1a6d0e01a2e404c697962623,dfine_sahi,13700.0,unknown_object,0.649,46.03,509.21,85.17,555.62,1816.6,39.14,46.41,0.843,False,,True,S-61,1,evt_S-61_desk_work_surface_0001,96838b91a5af473a,pose_hand_context,,38722.4,3.25,,1,cam12/e1/v1,rtmpose_baseline
phase4_smoke2,03.CCTV Mobile Usage.mkv,632de9ed55947761d56d4c6142a3cb1a1fe69d0b1a6d0e01a2e404c697962623,dfine_sahi,13700.0,unknown_object,0.5722,7.96,493.85,204.72,567.96,14581.5,196.76,74.11,2.655,False,,True,S-61,1,evt_S-61_desk_work_surface_0001,96838b91a5af473a,pose_hand_context,,38722.4,3.25,,1,cam12/e1/v1,rtmpose_baseline
phase4_smoke2,03.CCTV Mobile Usage.mkv,632de9ed55947761d56d4c6142a3cb1a1fe69d0b1a6d0e01a2e404c697962623,dfine_sahi,13700.0,stationery,0.4846,43.14,443.47,72.21,471.07,802.4,29.07,27.6,1.053,False,,True,S-61,1,evt_S-61_desk_work_surface_0001,96838b91a5af473a,pose_hand_context,,38722.4,3.25,,1,cam12/e1/v1,rtmpose_baseline
phase4_smoke2,03.CCTV Mobile Usage.mkv,632de9ed55947761d56d4c6142a3cb1a1fe69d0b1a6d0e01a2e404c697962623,dfine_sahi,13700.0,unknown_object,0.4473,7.97,372.29,118.87,480.86,12039.7,110.9,108.56,1.022,False,,True,S-61,1,evt_S-61_desk_work_surface_0001,96838b91a5af473a,pose_hand_context,,38722.4,3.25,,1,cam12/e1/v1,rtmpose_baseline
phase4_smoke2,03.CCTV Mobile Usage.mkv,632de9ed55947761d56d4c6142a3cb1a1fe69d0b1a6d0e01a2e404c697962623,dfine_sahi,13700.0,stationery,0.3904,8.03,415.42,103.85,502.76,8368.7,95.81,87.34,1.097,False,,True,S-61,1,evt_S-61_desk_work_surface_0001,96838b91a5af473a,pose_hand_context,,38722.4,3.25,,1,cam12/e1/v1,rtmpose_baseline
phase4_smoke2,03.CCTV Mobile Usage.mkv,632de9ed55947761d56d4c6142a3cb1a1fe69d0b1a6d0e01a2e404c697962623,dfine_sahi,13700.0,unknown_object,0.3749,94.02,417.66,153.57,480.06,3716.1,59.55,62.4,0.954,False,,True,S-61,1,evt_S-61_desk_work_surface_0001,96838b91a5af473a,pose_hand_context,,38722.4,3.25,,1,cam12/e1/v1,rtmpose_baseline
phase4_smoke2,03.CCTV Mobile Usage.mkv,632de9ed55947761d56d4c6142a3cb1a1fe69d0b1a6d0e01a2e404c697962623,dfine_sahi,13700.0,unknown_object,0.3212,93.98,458.08,144.96,498.15,2042.6,50.97,40.07,1.272,False,,True,S-61,1,evt_S-61_desk_work_surface_0001,96838b91a5af473a,pose_hand_context,,38722.4,3.25,,1,cam12/e1/v1,rtmpose_baseline
phase4_smoke2,03.CCTV Mobile Usage.mkv,632de9ed55947761d56d4c6142a3cb1a1fe69d0b1a6d0e01a2e404c697962623,dfine_sahi,13700.0,unknown_object,0.3177,42.96,443.4,72.09,470.78,797.6,29.13,27.38,1.064,False,,True,S-61,1,evt_S-61_desk_work_surface_0001,96838b91a5af473a,pose_hand_context,,38722.4,3.25,,1,cam12/e1/v1,rtmpose_baseline
phase4_smoke2,03.CCTV Mobile Usage.mkv,632de9ed55947761d56d4c6142a3cb1a1fe69d0b1a6d0e01a2e404c697962623,dfine_sahi,13700.0,unknown_object,0.3162,48.7,518.93,72.78,552.76,814.9,24.09,33.83,0.712,False,,True,S-61,1,evt_S-61_desk_work_surface_0001,96838b91a5af473a,pose_hand_context,,38722.4,3.25,,1,cam12/e1/v1,rtmpose_baseline
phase4_smoke2,03.CCTV Mobile Usage.mkv,632de9ed55947761d56d4c6142a3cb1a1fe69d0b1a6d0e01a2e404c697962623,dfine_sahi,13700.0,unknown_object,0.3044,8.15,413.99,156.49,504.3,13395.9,148.34,90.3,1.643,False,,True,S-61,1,evt_S-61_desk_work_surface_0001,96838b91a5af473a,pose_hand_context,,38722.4,3.25,,1,cam12/e1/v1,rtmpose_baseline
phase4_smoke2,03.CCTV Mobile Usage.mkv,632de9ed55947761d56d4c6142a3cb1a1fe69d0b1a6d0e01a2e404c697962623,dfine_sahi,13700.0,unknown_object,0.298,42.48,458.04,73.29,471.26,407.4,30.82,13.22,2.331,False,,True,S-61,1,evt_S-61_desk_work_surface_0001,96838b91a5af473a,pose_hand_context,,38722.4,3.25,,1,cam12/e1/v1,rtmpose_baseline
phase4_smoke2,03.CCTV Mobile Usage.mkv,632de9ed55947761d56d4c6142a3cb1a1fe69d0b1a6d0e01a2e404c697962623,dfine_sahi,13700.0,unknown_object,0.2967,68.72,372.91,118.95,450.77,3911.7,50.24,77.86,0.645,False,,True,S-61,1,evt_S-61_desk_work_surface_0001,96838b91a5af473a,pose_hand_context,,38722.4,3.25,,1,cam12/e1/v1,rtmpose_baseline
phase4_smoke2,03.CCTV Mobile Usage.mkv,632de9ed55947761d56d4c6142a3cb1a1fe69d0b1a6d0e01a2e404c697962623,dfine_sahi,13700.0,unknown_object,0.2763,8.66,458.05,118.9,502.21,4868.0,110.24,44.16,2.496,False,,True,S-61,1,evt_S-61_desk_work_surface_0001,96838b91a5af473a,pose_hand_context,,38722.4,3.25,,1,cam12/e1/v1,rtmpose_baseline
phase4_smoke2,03.CCTV Mobile Usage.mkv,632de9ed55947761d56d4c6142a3cb1a1fe69d0b1a6d0e01a2e404c697962623,dfine_sahi,13700.0,stationery,0.2723,43.64,508.95,89.79,557.11,2223.0,46.15,48.17,0.958,False,,True,S-61,1,evt_S-61_desk_work_surface_0001,96838b91a5af473a,pose_hand_context,,38722.4,3.25,,1,cam12/e1/v1,rtmpose_baseline
phase4_smoke2,03.CCTV Mobile Usage.mkv,632de9ed55947761d56d4c6142a3cb1a1fe69d0b1a6d0e01a2e404c697962623,dfine_sahi,13700.0,unknown_object,0.6748,94.0,372.12,204.94,480.54,12027.8,110.94,108.42,1.023,False,,True,S-61,5,evt_S-61_upper_body_0015,96838b91a5af473a,pose_hand_context,,38722.4,3.25,,1,cam12/e1/v1,rtmpose_baseline
phase4_smoke2,03.CCTV Mobile Usage.mkv,632de9ed55947761d56d4c6142a3cb1a1fe69d0b1a6d0e01a2e404c697962623,dfine_sahi,13700.0,unknown_object,0.649,46.03,509.21,85.17,555.62,1816.6,39.14,46.41,0.843,False,,True,S-61,5,evt_S-61_upper_body_0015,96838b91a5af473a,pose_hand_context,,38722.4,3.25,,1,cam12/e1/v1,rtmpose_baseline
phase4_smoke2,03.CCTV Mobile Usage.mkv,632de9ed55947761d56d4c6142a3cb1a1fe69d0b1a6d0e01a2e404c697962623,dfine_sahi,13700.0,unknown_object,0.5722,7.96,493.85,204.72,567.96,14581.5,196.76,74.11,2.655,False,,True,S-61,5,evt_S-61_upper_body_0015,96838b91a5af473a,pose_hand_context,,38722.4,3.25,,1,cam12/e1/v1,rtmpose_baseline
phase4_smoke2,03.CCTV Mobile Usage.mkv,632de9ed55947761d56d4c6142a3cb1a1fe69d0b1a6d0e01a2e404c697962623,dfine_sahi,13700.0,stationery,0.4846,43.14,443.47,72.21,471.07,802.4,29.07,27.6,1.053,False,,True,S-61,5,evt_S-61_upper_body_0015,96838b91a5af473a,pose_hand_context,,38722.4,3.25,,1,cam12/e1/v1,rtmpose_baseline
phase4_smoke2,03.CCTV Mobile Usage.mkv,632de9ed55947761d56d4c6142a3cb1a1fe69d0b1a6d0e01a2e404c697962623,dfine_sahi,13700.0,unknown_object,0.4473,7.97,372.29,118.87,480.86,12039.7,110.9,108.56,1.022,False,,True,S-61,5,evt_S-61_upper_body_0015,96838b91a5af473a,pose_hand_context,,38722.4,3.25,,1,cam12/e1/v1,rtmpose_baseline
phase4_smoke2,03.CCTV Mobile Usage.mkv,632de9ed55947761d56d4c6142a3cb1a1fe69d0b1a6d0e01a2e404c697962623,dfine_sahi,13700.0,stationery,0.3904,8.03,415.42,103.85,502.76,8368.7,95.81,87.34,1.097,False,,True,S-61,5,evt_S-61_upper_body_0015,96838b91a5af473a,pose_hand_context,,38722.4,3.25,,1,cam12/e1/v1,rtmpose_baseline
phase4_smoke2,03.CCTV Mobile Usage.mkv,632de9ed55947761d56d4c6142a3cb1a1fe69d0b1a6d0e01a2e404c697962623,dfine_sahi,13700.0,unknown_object,0.3749,94.02,417.66,153.57,480.06,3716.1,59.55,62.4,0.954,False,,True,S-61,5,evt_S-61_upper_body_0015,96838b91a5af473a,pose_hand_context,,38722.4,3.25,,1,cam12/e1/v1,rtmpose_baseline
phase4_smoke2,03.CCTV Mobile Usage.mkv,632de9ed55947761d56d4c6142a3cb1a1fe69d0b1a6d0e01a2e404c697962623,dfine_sahi,13700.0,unknown_object,0.3212,93.98,458.08,144.96,498.15,2042.6,50.97,40.07,1.272,False,,True,S-61,5,evt_S-61_upper_body_0015,96838b91a5af473a,pose_hand_context,,38722.4,3.25,,1,cam12/e1/v1,rtmpose_baseline
phase4_smoke2,03.CCTV Mobile Usage.mkv,632de9ed55947761d56d4c6142a3cb1a1fe69d0b1a6d0e01a2e404c697962623,dfine_sahi,13700.0,unknown_object,0.3177,42.96,443.4,72.09,470.78,797.6,29.13,27.38,1.064,False,,True,S-61,5,evt_S-61_upper_body_0015,96838b91a5af473a,pose_hand_context,,38722.4,3.25,,1,cam12/e1/v1,rtmpose_baseline
phase4_smoke2,03.CCTV Mobile Usage.mkv,632de9ed55947761d56d4c6142a3cb1a1fe69d0b1a6d0e01a2e404c697962623,dfine_sahi,13700.0,unknown_object,0.3162,48.7,518.93,72.78,552.76,814.9,24.09,33.83,0.712,False,,True,S-61,5,evt_S-61_upper_body_0015,96838b91a5af473a,pose_hand_context,,38722.4,3.25,,1,cam12/e1/v1,rtmpose_baseline
phase4_smoke2,03.CCTV Mobile Usage.mkv,632de9ed55947761d56d4c6142a3cb1a1fe69d0b1a6d0e01a2e404c697962623,dfine_sahi,13700.0,unknown_object,0.3044,8.15,413.99,156.49,504.3,13395.9,148.34,90.3,1.643,False,,True,S-61,5,evt_S-61_upper_body_0015,96838b91a5af473a,pose_hand_context,,38722.4,3.25,,1,cam12/e1/v1,rtmpose_baseline
phase4_smoke2,03.CCTV Mobile Usage.mkv,632de9ed55947761d56d4c6142a3cb1a1fe69d0b1a6d0e01a2e404c697962623,dfine_sahi,13700.0,unknown_object,0.298,42.48,458.04,73.29,471.26,407.4,30.82,13.22,2.331,False,,True,S-61,5,evt_S-61_upper_body_0015,96838b91a5af473a,pose_hand_context,,38722.4,3.25,,1,cam12/e1/v1,rtmpose_baseline
phase4_smoke2,03.CCTV Mobile Usage.mkv,632de9ed55947761d56d4c6142a3cb1a1fe69d0b1a6d0e01a2e404c697962623,dfine_sahi,13700.0,unknown_object,0.2967,68.72,372.91,118.95,450.77,3911.7,50.24,77.86,0.645,False,,True,S-61,5,evt_S-61_upper_body_0015,96838b91a5af473a,pose_hand_context,,38722.4,3.25,,1,cam12/e1/v1,rtmpose_baseline
phase4_smoke2,03.CCTV Mobile Usage.mkv,632de9ed55947761d56d4c6142a3cb1a1fe69d0b1a6d0e01a2e404c697962623,dfine_sahi,13700.0,unknown_object,0.2763,8.66,458.05,118.9,502.21,4868.0,110.24,44.16,2.496,False,,True,S-61,5,evt_S-61_upper_body_0015,96838b91a5af473a,pose_hand_context,,38722.4,3.25,,1,cam12/e1/v1,rtmpose_baseline
phase4_smoke2,03.CCTV Mobile Usage.mkv,632de9ed55947761d56d4c6142a3cb1a1fe69d0b1a6d0e01a2e404c697962623,dfine_sahi,13700.0,stationery,0.2723,43.64,508.95,89.79,557.11,2223.0,46.15,48.17,0.958,False,,True,S-61,5,evt_S-61_upper_body_0015,96838b91a5af473a,pose_hand_context,,38722.4,3.25,,1,cam12/e1/v1,rtmpose_baseline
phase4_smoke2,03.CCTV Mobile Usage.mkv,632de9ed55947761d56d4c6142a3cb1a1fe69d0b1a6d0e01a2e404c697962623,dfine_sahi,41183.0,unknown_object,0.3097,190.05,165.8,232.31,198.42,1378.4,42.25,32.62,1.295,False,,True,S-61,16,evt_S-61_desk_work_surface_0002,0732a167cd42c65f,pose_hand_context,,2304.0,13.33,,1,cam12/e1/v1,rtmpose_baseline
phase4_smoke2,03.CCTV Mobile Usage.mkv,632de9ed55947761d56d4c6142a3cb1a1fe69d0b1a6d0e01a2e404c697962623,dfine_sahi,41183.0,stationery,0.293,190.38,165.97,232.32,193.07,1136.5,41.94,27.1,1.547,False,,True,S-61,16,evt_S-61_desk_work_surface_0002,0732a167cd42c65f,pose_hand_context,,2304.0,13.33,,1,cam12/e1/v1,rtmpose_baseline
phase4_smoke2,03.CCTV Mobile Usage.mkv,632de9ed55947761d56d4c6142a3cb1a1fe69d0b1a6d0e01a2e404c697962623,dfine_sahi,41183.0,unknown_object,0.2872,175.28,165.64,232.25,224.81,3371.2,56.97,59.18,0.963,False,,True,S-61,16,evt_S-61_desk_work_surface_0002,0732a167cd42c65f,pose_hand_context,,2304.0,13.33,,1,cam12/e1/v1,rtmpose_baseline
phase4_smoke2,03.CCTV Mobile Usage.mkv,632de9ed55947761d56d4c6142a3cb1a1fe69d0b1a6d0e01a2e404c697962623,dfine_sahi,41183.0,unknown_object,0.6345,87.0,425.17,182.83,520.44,9129.1,95.83,95.27,1.006,False,,True,S-61,15,evt_S-61_desk_work_surface_0002,25dbd0c1ca232cd5,pose_hand_context,,29097.5,3.75,,1,cam12/e1/v1,rtmpose_baseline
phase4_smoke2,03.CCTV Mobile Usage.mkv,632de9ed55947761d56d4c6142a3cb1a1fe69d0b1a6d0e01a2e404c697962623,dfine_sahi,41183.0,unknown_object,0.4796,40.07,425.23,107.92,474.45,3339.6,67.85,49.22,1.379,False,,True,S-61,15,evt_S-61_desk_work_surface_0002,25dbd0c1ca232cd5,pose_hand_context,,29097.5,3.75,,1,cam12/e1/v1,rtmpose_baseline
phase4_smoke2,03.CCTV Mobile Usage.mkv,632de9ed55947761d56d4c6142a3cb1a1fe69d0b1a6d0e01a2e404c697962623,dfine_sahi,41183.0,unknown_object,0.4095,12.01,425.08,107.95,520.67,9170.4,95.93,95.59,1.004,False,,True,S-61,15,evt_S-61_desk_work_surface_0002,25dbd0c1ca232cd5,pose_hand_context,,29097.5,3.75,,1,cam12/e1/v1,rtmpose_baseline
phase4_smoke2,03.CCTV Mobile Usage.mkv,632de9ed55947761d56d4c6142a3cb1a1fe69d0b1a6d0e01a2e404c697962623,dfine_sahi,41183.0,unknown_object,0.4012,87.01,381.17,163.79,445.38,4930.6,76.78,64.21,1.196,False,,True,S-61,15,evt_S-61_desk_work_surface_0002,25dbd0c1ca232cd5,pose_hand_context,,29097.5,3.75,,1,cam12/e1/v1,rtmpose_baseline
phase4_smoke2,03.CCTV Mobile Usage.mkv,632de9ed55947761d56d4c6142a3cb1a1fe69d0b1a6d0e01a2e404c697962623,dfine_sahi,41183.0,unknown_object,0.3851,44.18,509.6,77.81,520.99,382.8,33.62,11.39,2.953,False,,True,S-61,15,evt_S-61_desk_work_surface_0002,25dbd0c1ca232cd5,pose_hand_context,,29097.5,3.75,,1,cam12/e1/v1,rtmpose_baseline
phase4_smoke2,03.CCTV Mobile Usage.mkv,632de9ed55947761d56d4c6142a3cb1a1fe69d0b1a6d0e01a2e404c697962623,dfine_sahi,41183.0,unknown_object,0.3267,43.41,421.43,107.97,445.75,1570.3,64.56,24.32,2.654,False,,True,S-61,15,evt_S-61_desk_work_surface_0002,25dbd0c1ca232cd5,pose_hand_context,,29097.5,3.75,,1,cam12/e1/v1,rtmpose_baseline
phase4_smoke2,03.CCTV Mobile Usage.mkv,632de9ed55947761d56d4c6142a3cb1a1fe69d0b1a6d0e01a2e404c697962623,dfine_sahi,41183.0,unknown_object,0.2955,12.02,493.75,107.86,520.93,2605.0,95.85,27.18,3.527,False,,True,S-61,15,evt_S-61_desk_work_surface_0002,25dbd0c1ca232cd5,pose_hand_context,,29097.5,3.75,,1,cam12/e1/v1,rtmpose_baseline
phase4_smoke2,03.CCTV Mobile Usage.mkv,632de9ed55947761d56d4c6142a3cb1a1fe69d0b1a6d0e01a2e404c697962623,dfine_sahi,41683.0,unknown_object,0.5827,81.03,422.16,176.75,517.43,9120.7,95.73,95.28,1.005,False,,True,S-61,15,evt_S-61_desk_work_surface_0002,c46e62affe84244a,pose_hand_context,,23605.2,4.17,,1,cam12/e1/v1,rtmpose_baseline
phase4_smoke2,03.CCTV Mobile Usage.mkv,632de9ed55947761d56d4c6142a3cb1a1fe69d0b1a6d0e01a2e404c697962623,dfine_sahi,41683.0,unknown_object,0.5039,81.08,388.54,158.23,450.17,4754.6,77.15,61.63,1.252,False,,True,S-61,15,evt_S-61_desk_work_surface_0002,c46e62affe84244a,pose_hand_context,,23605.2,4.17,,1,cam12/e1/v1,rtmpose_baseline
phase4_smoke2,03.CCTV Mobile Usage.mkv,632de9ed55947761d56d4c6142a3cb1a1fe69d0b1a6d0e01a2e404c697962623,dfine_sahi,41683.0,unknown_object,0.4036,40.95,422.29,108.9,474.18,3526.0,67.95,51.89,1.309,False,,True,S-61,15,evt_S-61_desk_work_surface_0002,c46e62affe84244a,pose_hand_context,,23605.2,4.17,,1,cam12/e1/v1,rtmpose_baseline
phase4_smoke2,03.CCTV Mobile Usage.mkv,632de9ed55947761d56d4c6142a3cb1a1fe69d0b1a6d0e01a2e404c697962623,dfine_sahi,41683.0,unknown_object,0.319,104.03,441.15,159.56,504.19,3500.6,55.53,63.04,0.881,False,,True,S-61,15,evt_S-61_desk_work_surface_0002,c46e62affe84244a,pose_hand_context,,23605.2,4.17,,1,cam12/e1/v1,rtmpose_baseline
phase4_smoke2,03.CCTV Mobile Usage.mkv,632de9ed55947761d56d4c6142a3cb1a1fe69d0b1a6d0e01a2e404c697962623,dfine_sahi,41683.0,unknown_object,0.3111,13.02,422.24,108.92,517.48,9133.0,95.9,95.24,1.007,False,,True,S-61,15,evt_S-61_desk_work_surface_0002,c46e62affe84244a,pose_hand_context,,23605.2,4.17,,1,cam12/e1/v1,rtmpose_baseline
phase4_smoke2,03.CCTV Mobile Usage.mkv,632de9ed55947761d56d4c6142a3cb1a1fe69d0b1a6d0e01a2e404c697962623,dfine_sahi,41683.0,unknown_object,0.2588,95.26,355.07,124.45,379.11,701.8,29.19,24.04,1.214,False,,True,S-61,15,evt_S-61_desk_work_surface_0002,c46e62affe84244a,pose_hand_context,,23605.2,4.17,,1,cam12/e1/v1,rtmpose_baseline
phase4_smoke2,03.CCTV Mobile Usage.mkv,632de9ed55947761d56d4c6142a3cb1a1fe69d0b1a6d0e01a2e404c697962623,dfine_sahi,42183.0,unknown_object,0.6097,83.98,422.23,158.47,517.19,7073.8,74.49,94.96,0.784,False,,True,S-61,15,evt_S-61_desk_work_surface_0002,0ed7f38a73807b8f,pose_hand_context,,24800.0,4.06,,1,cam12/e1/v1,rtmpose_baseline
phase4_smoke2,03.CCTV Mobile Usage.mkv,632de9ed55947761d56d4c6142a3cb1a1fe69d0b1a6d0e01a2e404c697962623,dfine_sahi,42183.0,unknown_object,0.381,42.57,393.68,110.97,448.7,3764.1,68.4,55.03,1.243,False,,True,S-61,15,evt_S-61_desk_work_surface_0002,0ed7f38a73807b8f,pose_hand_context,,24800.0,4.06,,1,cam12/e1/v1,rtmpose_baseline
phase4_smoke2,03.CCTV Mobile Usage.mkv,632de9ed55947761d56d4c6142a3cb1a1fe69d0b1a6d0e01a2e404c697962623,dfine_sahi,42183.0,unknown_object,0.3593,84.06,373.87,161.09,448.53,5751.2,77.03,74.66,1.032,False,,True,S-61,15,evt_S-61_desk_work_surface_0002,0ed7f38a73807b8f,pose_hand_context,,24800.0,4.06,,1,cam12/e1/v1,rtmpose_baseline
phase4_smoke2,03.CCTV Mobile Usage.mkv,632de9ed55947761d56d4c6142a3cb1a1fe69d0b1a6d0e01a2e404c697962623,dfine_sahi,42183.0,stationery,0.2657,42.79,448.56,74.36,473.65,792.0,31.57,25.09,1.258,False,,True,S-61,15,evt_S-61_desk_work_surface_0002,0ed7f38a73807b8f,pose_hand_context,,24800.0,4.06,,1,cam12/e1/v1,rtmpose_baseline
phase4_smoke2,03.CCTV Mobile Usage.mkv,632de9ed55947761d56d4c6142a3cb1a1fe69d0b1a6d0e01a2e404c697962623,dfine_sahi,42183.0,unknown_object,0.2594,19.04,357.23,177.02,514.29,24812.9,157.99,157.05,1.006,False,,True,S-61,15,evt_S-61_desk_work_surface_0002,0ed7f38a73807b8f,pose_hand_context,,24800.0,4.06,,1,cam12/e1/v1,rtmpose_baseline
phase4_smoke2,03.CCTV Mobile Usage.mkv,632de9ed55947761d56d4c6142a3cb1a1fe69d0b1a6d0e01a2e404c697962623,dfine_sahi,42183.0,unknown_object,0.2537,15.03,422.15,110.98,517.72,9169.4,95.95,95.57,1.004,False,,True,S-61,15,evt_S-61_desk_work_surface_0002,0ed7f38a73807b8f,pose_hand_context,,24800.0,4.06,,1,cam12/e1/v1,rtmpose_baseline
phase4_smoke2,03.CCTV Mobile Usage.mkv,632de9ed55947761d56d4c6142a3cb1a1fe69d0b1a6d0e01a2e404c697962623,dfine_sahi,42683.0,unknown_object,0.6806,87.07,424.19,170.61,519.97,8002.4,83.55,95.78,0.872,False,,True,S-61,15,evt_S-61_desk_work_surface_0002,845f6dfab8a96b2b,pose_hand_context,,29494.6,3.73,,1,cam12/e1/v1,rtmpose_baseline
phase4_smoke2,03.CCTV Mobile Usage.mkv,632de9ed55947761d56d4c6142a3cb1a1fe69d0b1a6d0e01a2e404c697962623,dfine_sahi,42683.0,unknown_object,0.5573,87.0,349.34,183.23,445.4,9244.4,96.23,96.06,1.002,False,,True,S-61,15,evt_S-61_desk_work_surface_0002,845f6dfab8a96b2b,pose_hand_context,,29494.6,3.73,,1,cam12/e1/v1,rtmpose_baseline
phase4_smoke2,03.CCTV Mobile Usage.mkv,632de9ed55947761d56d4c6142a3cb1a1fe69d0b1a6d0e01a2e404c697962623,dfine_sahi,42683.0,unknown_object,0.4419,40.47,424.15,108.93,474.32,3434.7,68.46,50.17,1.365,False,,True,S-61,15,evt_S-61_desk_work_surface_0002,845f6dfab8a96b2b,pose_hand_context,,29494.6,3.73,,1,cam12/e1/v1,rtmpose_baseline
phase4_smoke2,03.CCTV Mobile Usage.mkv,632de9ed55947761d56d4c6142a3cb1a1fe69d0b1a6d0e01a2e404c697962623,dfine_sahi,42683.0,unknown_object,0.4251,44.65,421.96,108.96,445.78,1532.3,64.31,23.83,2.699,False,,True,S-61,15,evt_S-61_desk_work_surface_0002,845f6dfab8a96b2b,pose_hand_context,,29494.6,3.73,,1,cam12/e1/v1,rtmpose_baseline
phase4_smoke2,03.CCTV Mobile Usage.mkv,632de9ed55947761d56d4c6142a3cb1a1fe69d0b1a6d0e01a2e404c697962623,dfine_sahi,42683.0,unknown_object,0.3279,12.0,424.26,108.93,520.63,9341.5,96.93,96.37,1.006,False,,True,S-61,15,evt_S-61_desk_work_surface_0002,845f6dfab8a96b2b,pose_hand_context,,29494.6,3.73,,1,cam12/e1/v1,rtmpose_baseline
phase4_smoke2,03.CCTV Mobile Usage.mkv,632de9ed55947761d56d4c6142a3cb1a1fe69d0b1a6d0e01a2e404c697962623,dfine_sahi,42683.0,unknown_object,0.3237,12.01,493.34,108.84,520.94,2672.1,96.84,27.59,3.509,False,,True,S-61,15,evt_S-61_desk_work_surface_0002,845f6dfab8a96b2b,pose_hand_context,,29494.6,3.73,,1,cam12/e1/v1,rtmpose_baseline
phase4_smoke2,03.CCTV Mobile Usage.mkv,632de9ed55947761d56d4c6142a3cb1a1fe69d0b1a6d0e01a2e404c697962623,dfine_sahi,43183.0,unknown_object,0.578,83.99,342.31,191.73,447.97,11383.3,107.74,105.66,1.02,False,,True,S-61,15,evt_S-61_desk_work_surface_0002,f4e7487a74c01a08,pose_hand_context,,36343.6,3.36,,1,cam12/e1/v1,rtmpose_baseline
phase4_smoke2,03.CCTV Mobile Usage.mkv,632de9ed55947761d56d4c6142a3cb1a1fe69d0b1a6d0e01a2e404c697962623,dfine_sahi,43183.0,unknown_object,0.5609,41.83,422.57,107.95,448.83,1736.5,66.13,26.26,2.518,False,,True,S-61,15,evt_S-61_desk_work_surface_0002,f4e7487a74c01a08,pose_hand_context,,36343.6,3.36,,1,cam12/e1/v1,rtmpose_baseline
phase4_smoke2,03.CCTV Mobile Usage.mkv,632de9ed55947761d56d4c6142a3cb1a1fe69d0b1a6d0e01a2e404c697962623,dfine_sahi,43183.0,unknown_object,0.5362,84.02,425.29,170.4,530.65,9101.4,86.38,105.36,0.82,False,,True,S-61,15,evt_S-61_desk_work_surface_0002,f4e7487a74c01a08,pose_hand_context,,36343.6,3.36,,1,cam12/e1/v1,rtmpose_baseline
phase4_smoke2,03.CCTV Mobile Usage.mkv,632de9ed55947761d56d4c6142a3cb1a1fe69d0b1a6d0e01a2e404c697962623,dfine_sahi,43183.0,unknown_object,0.4654,40.34,425.26,107.94,474.53,3331.0,67.6,49.28,1.372,False,,True,S-61,15,evt_S-61_desk_work_surface_0002,f4e7487a74c01a08,pose_hand_context,,36343.6,3.36,,1,cam12/e1/v1,rtmpose_baseline
phase4_smoke2,03.CCTV Mobile Usage.mkv,632de9ed55947761d56d4c6142a3cb1a1fe69d0b1a6d0e01a2e404c697962623,dfine_sahi,43183.0,unknown_object,0.3448,1.04,346.4,108.01,448.37,10907.8,106.96,101.98,1.049,False,,True,S-61,15,evt_S-61_desk_work_surface_0002,f4e7487a74c01a08,pose_hand_context,,36343.6,3.36,,1,cam12/e1/v1,rtmpose_baseline
phase4_smoke2,03.CCTV Mobile Usage.mkv,632de9ed55947761d56d4c6142a3cb1a1fe69d0b1a6d0e01a2e404c697962623,dfine_sahi,43183.0,unknown_object,0.2722,159.6,425.11,192.0,502.8,2517.8,32.41,77.69,0.417,False,,True,S-61,15,evt_S-61_desk_work_surface_0002,f4e7487a74c01a08,pose_hand_context,,36343.6,3.36,,1,cam12/e1/v1,rtmpose_baseline
phase4_smoke2,03.CCTV Mobile Usage.mkv,632de9ed55947761d56d4c6142a3cb1a1fe69d0b1a6d0e01a2e404c697962623,dfine_sahi,43183.0,unknown_object,0.2567,8.0,479.5,24.57,495.11,258.7,16.58,15.61,1.062,False,,True,S-61,15,evt_S-61_desk_work_surface_0002,f4e7487a74c01a08,pose_hand_context,,36343.6,3.36,,1,cam12/e1/v1,rtmpose_baseline
phase4_smoke2,03.CCTV Mobile Usage.mkv,632de9ed55947761d56d4c6142a3cb1a1fe69d0b1a6d0e01a2e404c697962623,dfine_sahi,43183.0,stationery,0.2509,84.85,386.87,149.26,428.81,2701.8,64.42,41.94,1.536,False,,True,S-61,15,evt_S-61_desk_work_surface_0002,f4e7487a74c01a08,pose_hand_context,,36343.6,3.36,,1,cam12/e1/v1,rtmpose_baseline
phase4_smoke2,03.CCTV Mobile Usage.mkv,632de9ed55947761d56d4c6142a3cb1a1fe69d0b1a6d0e01a2e404c697962623,dfine_sahi,43683.0,unknown_object,0.4827,-0.21,342.18,87.93,449.31,9443.0,88.14,107.14,0.823,False,,True,S-61,15,evt_S-61_desk_work_surface_0002,5efd7307fa9f50a1,pose_hand_context,,41122.2,3.12,,1,cam12/e1/v1,rtmpose_baseline
phase4_smoke2,03.CCTV Mobile Usage.mkv,632de9ed55947761d56d4c6142a3cb1a1fe69d0b1a6d0e01a2e404c697962623,dfine_sahi,43683.0,unknown_object,0.4376,40.44,424.11,111.97,474.65,3614.9,71.52,50.54,1.415,False,,True,S-61,15,evt_S-61_desk_work_surface_0002,5efd7307fa9f50a1,pose_hand_context,,41122.2,3.12,,1,cam12/e1/v1,rtmpose_baseline
phase4_smoke2,03.CCTV Mobile Usage.mkv,632de9ed55947761d56d4c6142a3cb1a1fe69d0b1a6d0e01a2e404c697962623,dfine_sahi,43683.0,unknown_object,0.3907,-0.31,449.2,169.43,538.57,15170.6,169.75,89.37,1.899,False,,True,S-61,15,evt_S-61_desk_work_surface_0002,5efd7307fa9f50a1,pose_hand_context,,41122.2,3.12,,1,cam12/e1/v1,rtmpose_baseline
phase4_smoke2,03.CCTV Mobile Usage.mkv,632de9ed55947761d56d4c6142a3cb1a1fe69d0b1a6d0e01a2e404c697962623,dfine_sahi,43683.0,unknown_object,0.3452,86.7,334.24,175.47,449.31,10214.3,88.77,115.07,0.771,False,,True,S-61,15,evt_S-61_desk_work_surface_0002,5efd7307fa9f50a1,pose_hand_context,,41122.2,3.12,,1,cam12/e1/v1,rtmpose_baseline
phase4_smoke2,03.CCTV Mobile Usage.mkv,632de9ed55947761d56d4c6142a3cb1a1fe69d0b1a6d0e01a2e404c697962623,dfine_sahi,44183.0,unknown_object,0.4301,42.56,418.73,117.04,451.88,2469.5,74.49,33.15,2.247,False,,True,S-61,15,evt_S-61_desk_work_surface_0002,7c395881a5f1ef2d,pose_hand_context,,46926.0,2.85,,1,cam12/e1/v1,rtmpose_baseline
phase4_smoke2,03.CCTV Mobile Usage.mkv,632de9ed55947761d56d4c6142a3cb1a1fe69d0b1a6d0e01a2e404c697962623,dfine_sahi,44183.0,unknown_object,0.398,91.0,423.07,181.39,503.52,7271.5,90.39,80.45,1.124,False,,True,S-61,15,evt_S-61_desk_work_surface_0002,7c395881a5f1ef2d,pose_hand_context,,46926.0,2.85,,1,cam12/e1/v1,rtmpose_baseline
phase4_smoke2,03.CCTV Mobile Usage.mkv,632de9ed55947761d56d4c6142a3cb1a1fe69d0b1a6d0e01a2e404c697962623,dfine_sahi,44183.0,unknown_object,0.28,-0.3,449.24,182.48,549.56,18337.9,182.78,100.33,1.822,False,,True,S-61,15,evt_S-61_desk_work_surface_0002,7c395881a5f1ef2d,pose_hand_context,,46926.0,2.85,,1,cam12/e1/v1,rtmpose_baseline
phase4_smoke2,03.CCTV Mobile Usage.mkv,632de9ed55947761d56d4c6142a3cb1a1fe69d0b1a6d0e01a2e404c697962623,dfine_sahi,44183.0,unknown_object,0.2606,-0.14,342.14,116.97,451.51,12807.5,117.11,109.36,1.071,False,,True,S-61,15,evt_S-61_desk_work_surface_0002,7c395881a5f1ef2d,pose_hand_context,,46926.0,2.85,,1,cam12/e1/v1,rtmpose_baseline
phase4_smoke2,03.CCTV Mobile Usage.mkv,632de9ed55947761d56d4c6142a3cb1a1fe69d0b1a6d0e01a2e404c697962623,dfine_sahi,44683.0,unknown_object,0.3657,42.29,418.64,116.9,450.86,2404.1,74.61,32.22,2.315,False,,True,S-61,15,evt_S-61_desk_work_surface_0002,ae2e8aa515956444,pose_hand_context,,46745.9,2.87,,1,cam12/e1/v1,rtmpose_baseline
phase4_smoke2,03.CCTV Mobile Usage.mkv,632de9ed55947761d56d4c6142a3cb1a1fe69d0b1a6d0e01a2e404c697962623,dfine_sahi,44683.0,unknown_object,0.3008,-0.23,448.79,180.82,548.52,18056.6,181.05,99.73,1.815,False,,True,S-61,15,evt_S-61_desk_work_surface_0002,ae2e8aa515956444,pose_hand_context,,46745.9,2.87,,1,cam12/e1/v1,rtmpose_baseline
phase4_smoke2,03.CCTV Mobile Usage.mkv,632de9ed55947761d56d4c6142a3cb1a1fe69d0b1a6d0e01a2e404c697962623,dfine_sahi,44683.0,unknown_object,0.2738,91.14,423.19,180.1,504.61,7242.7,88.96,81.41,1.093,False,,True,S-61,15,evt_S-61_desk_work_surface_0002,ae2e8aa515956444,pose_hand_context,,46745.9,2.87,,1,cam12/e1/v1,rtmpose_baseline
phase4_smoke2,03.CCTV Mobile Usage.mkv,632de9ed55947761d56d4c6142a3cb1a1fe69d0b1a6d0e01a2e404c697962623,dfine_sahi,44683.0,unknown_object,0.268,-0.15,343.27,116.93,450.48,12552.2,117.09,107.21,1.092,False,,True,S-61,15,evt_S-61_desk_work_surface_0002,ae2e8aa515956444,pose_hand_context,,46745.9,2.87,,1,cam12/e1/v1,rtmpose_baseline
phase4_smoke2,03.CCTV Mobile Usage.mkv,632de9ed55947761d56d4c6142a3cb1a1fe69d0b1a6d0e01a2e404c697962623,dfine_sahi,45183.0,unknown_object,0.6013,85.65,335.12,197.94,448.62,12744.9,112.29,113.5,0.989,False,,True,S-61,15,evt_S-61_desk_work_surface_0002,f3fd8c36fba179ee,pose_hand_context,,40231.3,3.16,,1,cam12/e1/v1,rtmpose_baseline
phase4_smoke2,03.CCTV Mobile Usage.mkv,632de9ed55947761d56d4c6142a3cb1a1fe69d0b1a6d0e01a2e404c697962623,dfine_sahi,45183.0,unknown_object,0.5017,86.09,424.13,172.53,504.47,6944.3,86.43,80.34,1.076,False,,True,S-61,15,evt_S-61_desk_work_surface_0002,f3fd8c36fba179ee,pose_hand_context,,40231.3,3.16,,1,cam12/e1/v1,rtmpose_baseline
phase4_smoke2,03.CCTV Mobile Usage.mkv,632de9ed55947761d56d4c6142a3cb1a1fe69d0b1a6d0e01a2e404c697962623,dfine_sahi,45183.0,unknown_object,0.4014,40.26,424.11,110.97,474.0,3528.3,70.71,49.9,1.417,False,,True,S-61,15,evt_S-61_desk_work_surface_0002,f3fd8c36fba179ee,pose_hand_context,,40231.3,3.16,,1,cam12/e1/v1,rtmpose_baseline
phase4_smoke2,03.CCTV Mobile Usage.mkv,632de9ed55947761d56d4c6142a3cb1a1fe69d0b1a6d0e01a2e404c697962623,dfine_sahi,45183.0,unknown_object,0.3441,-0.27,449.0,170.22,537.48,15084.5,170.5,88.47,1.927,False,,True,S-61,15,evt_S-61_desk_work_surface_0002,f3fd8c36fba179ee,pose_hand_context,,40231.3,3.16,,1,cam12/e1/v1,rtmpose_baseline
phase4_smoke2,03.CCTV Mobile Usage.mkv,632de9ed55947761d56d4c6142a3cb1a1fe69d0b1a6d0e01a2e404c697962623,dfine_sahi,45183.0,unknown_object,0.319,-0.33,341.88,111.1,448.47,11876.8,111.43,106.58,1.046,False,,True,S-61,15,evt_S-61_desk_work_surface_0002,f3fd8c36fba179ee,pose_hand_context,,40231.3,3.16,,1,cam12/e1/v1,rtmpose_baseline
phase4_smoke2,03.CCTV Mobile Usage.mkv,632de9ed55947761d56d4c6142a3cb1a1fe69d0b1a6d0e01a2e404c697962623,dfine_sahi,45183.0,unknown_object,0.2539,0.28,424.13,111.02,505.97,9062.7,110.74,81.84,1.353,False,,True,S-61,15,evt_S-61_desk_work_surface_0002,f3fd8c36fba179ee,pose_hand_context,,40231.3,3.16,,1,cam12/e1/v1,rtmpose_baseline
smoke_01,01.Candidate was found using a mobile phone in the examination hall..mkv,b842b03e5784d867e93770560d88150a526250df69077cd3065edbbd4c842098,dfine_native,53620.0,monitor_or_bezel,0.8392,979.95,582.21,1079.94,716.52,13430.3,99.99,134.32,0.744,False,,True,unattributed,1,evt_01-P01_desk_work_surface_0001,0471e78e41e1c3f2,native_source_context_fallback,no_pose_observation,54793.1,2.46,,1,01/e1/v1,
smoke_01,01.Candidate was found using a mobile phone in the examination hall..mkv,b842b03e5784d867e93770560d88150a526250df69077cd3065edbbd4c842098,dfine_native,53620.0,phone,0.6103,1056.89,554.85,1078.65,583.6,625.4,21.75,28.75,0.757,False,,True,unattributed,1,evt_01-P01_desk_work_surface_0001,0471e78e41e1c3f2,native_source_context_fallback,no_pose_observation,54793.1,2.46,,1,01/e1/v1,
smoke_01,01.Candidate was found using a mobile phone in the examination hall..mkv,b842b03e5784d867e93770560d88150a526250df69077cd3065edbbd4c842098,dfine_native,53620.0,unknown_object,0.377,870.0,534.01,910.95,701.35,6853.3,40.96,167.34,0.245,False,,True,unattributed,1,evt_01-P01_desk_work_surface_0001,0471e78e41e1c3f2,native_source_context_fallback,no_pose_observation,54793.1,2.46,,1,01/e1/v1,
smoke_01,01.Candidate was found using a mobile phone in the examination hall..mkv,b842b03e5784d867e93770560d88150a526250df69077cd3065edbbd4c842098,dfine_native,53620.0,unknown_object,0.485,881.53,456.14,1031.16,598.6,21316.6,149.63,142.46,1.05,False,,True,unattributed,1,evt_01-P01_desk_work_surface_0001,0471e78e41e1c3f2,native_source_context_fallback,no_pose_observation,54793.1,2.46,,1,01/e1/v1,
smoke_01,01.Candidate was found using a mobile phone in the examination hall..mkv,b842b03e5784d867e93770560d88150a526250df69077cd3065edbbd4c842098,dfine_native,53620.0,unknown_object,0.3355,869.98,534.41,984.16,715.93,20724.0,114.17,181.52,0.629,False,,True,unattributed,1,evt_01-P01_desk_work_surface_0001,0471e78e41e1c3f2,native_source_context_fallback,no_pose_observation,54793.1,2.46,,1,01/e1/v1,
smoke_01,01.Candidate was found using a mobile phone in the examination hall..mkv,b842b03e5784d867e93770560d88150a526250df69077cd3065edbbd4c842098,dfine_native,53620.0,unknown_object,0.2727,869.68,456.27,1079.94,716.02,54616.6,210.27,259.75,0.809,False,,True,unattributed,1,evt_01-P01_desk_work_surface_0001,0471e78e41e1c3f2,native_source_context_fallback,no_pose_observation,54793.1,2.46,,1,01/e1/v1,
smoke_01,01.Candidate was found using a mobile phone in the examination hall..mkv,b842b03e5784d867e93770560d88150a526250df69077cd3065edbbd4c842098,dfine_native,53620.0,unknown_object,0.2768,869.96,535.52,894.99,675.28,3497.9,25.03,139.76,0.179,False,,True,unattributed,1,evt_01-P01_desk_work_surface_0001,0471e78e41e1c3f2,native_source_context_fallback,no_pose_observation,54793.1,2.46,,1,01/e1/v1,
smoke_01,01.Candidate was found using a mobile phone in the examination hall..mkv,b842b03e5784d867e93770560d88150a526250df69077cd3065edbbd4c842098,dfine_native,53620.0,unknown_object,0.2918,881.54,456.26,957.8,598.31,10832.9,76.26,142.05,0.537,False,,True,unattributed,1,evt_01-P01_desk_work_surface_0001,0471e78e41e1c3f2,native_source_context_fallback,no_pose_observation,54793.1,2.46,,1,01/e1/v1,
smoke_01,01.Candidate was found using a mobile phone in the examination hall..mkv,b842b03e5784d867e93770560d88150a526250df69077cd3065edbbd4c842098,dfine_native,53620.0,unknown_object,0.3081,925.69,456.1,1030.66,514.71,6152.4,104.98,58.61,1.791,False,,True,unattributed,1,evt_01-P01_desk_work_surface_0001,0471e78e41e1c3f2,native_source_context_fallback,no_pose_observation,54793.1,2.46,,1,01/e1/v1,
smoke_01,01.Candidate was found using a mobile phone in the examination hall..mkv,b842b03e5784d867e93770560d88150a526250df69077cd3065edbbd4c842098,dfine_native,53620.0,unknown_object,0.2558,881.66,456.14,1049.73,598.53,23931.1,168.07,142.39,1.18,False,,True,unattributed,1,evt_01-P01_desk_work_surface_0001,0471e78e41e1c3f2,native_source_context_fallback,no_pose_observation,54793.1,2.46,,1,01/e1/v1,
smoke_01,01.Candidate was found using a mobile phone in the examination hall..mkv,b842b03e5784d867e93770560d88150a526250df69077cd3065edbbd4c842098,dfine_native,53620.0,unknown_object,0.2835,881.78,456.28,935.31,598.2,7596.7,53.53,141.92,0.377,False,,True,unattributed,1,evt_01-P01_desk_work_surface_0001,0471e78e41e1c3f2,native_source_context_fallback,no_pose_observation,54793.1,2.46,,1,01/e1/v1,
smoke_01,01.Candidate was found using a mobile phone in the examination hall..mkv,b842b03e5784d867e93770560d88150a526250df69077cd3065edbbd4c842098,dfine_native,53620.0,unknown_object,0.2701,881.92,456.21,997.56,596.47,16219.9,115.64,140.27,0.824,False,,True,unattributed,1,evt_01-P01_desk_work_surface_0001,0471e78e41e1c3f2,native_source_context_fallback,no_pose_observation,54793.1,2.46,,1,01/e1/v1,
smoke_01,01.Candidate was found using a mobile phone in the examination hall..mkv,b842b03e5784d867e93770560d88150a526250df69077cd3065edbbd4c842098,dfine_native,53620.0,unknown_object,0.2643,925.85,456.19,1000.28,514.41,4333.5,74.43,58.22,1.278,False,,True,unattributed,1,evt_01-P01_desk_work_surface_0001,0471e78e41e1c3f2,native_source_context_fallback,no_pose_observation,54793.1,2.46,,1,01/e1/v1,
smoke_01,01.Candidate was found using a mobile phone in the examination hall..mkv,b842b03e5784d867e93770560d88150a526250df69077cd3065edbbd4c842098,dfine_native,53620.0,unknown_object,0.7969,649.86,406.22,725.47,536.7,9866.7,75.61,130.49,0.579,False,,True,unattributed,2,evt_01-P01_desk_work_surface_0001,d8856ff8f231780b,native_source_context_fallback,wrist_confidence_below_floor,24133.7,2.71,,1,01/e1/v1,rtmpose_baseline
smoke_01,01.Candidate was found using a mobile phone in the examination hall..mkv,b842b03e5784d867e93770560d88150a526250df69077cd3065edbbd4c842098,dfine_native,53620.0,unknown_object,0.7633,698.76,397.86,752.03,538.53,7494.5,53.27,140.68,0.379,False,,True,unattributed,2,evt_01-P01_desk_work_surface_0001,d8856ff8f231780b,native_source_context_fallback,wrist_confidence_below_floor,24133.7,2.71,,1,01/e1/v1,rtmpose_baseline
smoke_01,01.Candidate was found using a mobile phone in the examination hall..mkv,b842b03e5784d867e93770560d88150a526250df69077cd3065edbbd4c842098,dfine_native,53620.0,unknown_object,0.4723,724.34,397.69,748.95,429.82,790.7,24.61,32.12,0.766,False,,True,unattributed,2,evt_01-P01_desk_work_surface_0001,d8856ff8f231780b,native_source_context_fallback,wrist_confidence_below_floor,24133.7,2.71,,1,01/e1/v1,rtmpose_baseline
smoke_01,01.Candidate was found using a mobile phone in the examination hall..mkv,b842b03e5784d867e93770560d88150a526250df69077cd3065edbbd4c842098,dfine_native,53620.0,unknown_object,0.4685,649.93,365.48,667.32,401.1,619.4,17.39,35.61,0.488,False,,True,unattributed,2,evt_01-P01_desk_work_surface_0001,d8856ff8f231780b,native_source_context_fallback,wrist_confidence_below_floor,24133.7,2.71,,1,01/e1/v1,rtmpose_baseline
smoke_01,01.Candidate was found using a mobile phone in the examination hall..mkv,b842b03e5784d867e93770560d88150a526250df69077cd3065edbbd4c842098,dfine_native,53620.0,unknown_object,0.3261,649.79,397.98,751.41,538.04,14234.1,101.63,140.06,0.726,False,,True,unattributed,2,evt_01-P01_desk_work_surface_0001,d8856ff8f231780b,native_source_context_fallback,wrist_confidence_below_floor,24133.7,2.71,,1,01/e1/v1,rtmpose_baseline
smoke_01,01.Candidate was found using a mobile phone in the examination hall..mkv,b842b03e5784d867e93770560d88150a526250df69077cd3065edbbd4c842098,dfine_native,53620.0,unknown_object,0.2953,649.98,406.84,696.28,537.02,6027.4,46.3,130.17,0.356,False,,True,unattributed,2,evt_01-P01_desk_work_surface_0001,d8856ff8f231780b,native_source_context_fallback,wrist_confidence_below_floor,24133.7,2.71,,1,01/e1/v1,rtmpose_baseline
smoke_01,01.Candidate was found using a mobile phone in the examination hall..mkv,b842b03e5784d867e93770560d88150a526250df69077cd3065edbbd4c842098,dfine_native,53620.0,unknown_object,0.252,733.62,371.15,752.13,404.46,616.5,18.51,33.31,0.556,False,,True,unattributed,2,evt_01-P01_desk_work_surface_0001,d8856ff8f231780b,native_source_context_fallback,wrist_confidence_below_floor,24133.7,2.71,,1,01/e1/v1,rtmpose_baseline
smoke_01,01.Candidate was found using a mobile phone in the examination hall..mkv,b842b03e5784d867e93770560d88150a526250df69077cd3065edbbd4c842098,dfine_native,53620.0,unknown_object,0.2719,724.77,370.34,752.06,429.73,1620.8,27.29,59.38,0.46,False,,True,unattributed,2,evt_01-P01_desk_work_surface_0001,d8856ff8f231780b,native_source_context_fallback,wrist_confidence_below_floor,24133.7,2.71,,1,01/e1/v1,rtmpose_baseline
smoke_01,01.Candidate was found using a mobile phone in the examination hall..mkv,b842b03e5784d867e93770560d88150a526250df69077cd3065edbbd4c842098,dfine_native,53620.0,unknown_object,0.4034,649.89,368.82,660.53,377.88,96.4,10.64,9.06,1.174,True,object footprint 96 px is under the 120 px floor for a call,False,unattributed,2,evt_01-P01_desk_work_surface_0001,d8856ff8f231780b,native_source_context_fallback,wrist_confidence_below_floor,24133.7,2.71,,1,01/e1/v1,rtmpose_baseline
smoke_01,01.Candidate was found using a mobile phone in the examination hall..mkv,b842b03e5784d867e93770560d88150a526250df69077cd3065edbbd4c842098,dfine_native,54620.0,unknown_object,0.4336,142.56,544.38,269.45,669.45,15869.9,126.89,125.07,1.015,False,,True,unattributed,3,evt_01-P01_desk_work_surface_0001,235afe13070ce83d,native_source_context_fallback,wrist_confidence_below_floor,22781.4,3.68,,1,01/e1/v1,rtmpose_baseline
smoke_01,01.Candidate was found using a mobile phone in the examination hall..mkv,b842b03e5784d867e93770560d88150a526250df69077cd3065edbbd4c842098,dfine_native,54620.0,phone,0.291,226.28,544.14,269.91,606.59,2725.1,43.63,62.45,0.699,False,,True,unattributed,3,evt_01-P01_desk_work_surface_0001,235afe13070ce83d,native_source_context_fallback,wrist_confidence_below_floor,22781.4,3.68,,1,01/e1/v1,rtmpose_baseline
smoke_01,01.Candidate was found using a mobile phone in the examination hall..mkv,b842b03e5784d867e93770560d88150a526250df69077cd3065edbbd4c842098,dfine_native,54620.0,phone,0.2755,226.96,544.1,270.08,673.18,5565.3,43.11,129.08,0.334,False,,True,unattributed,3,evt_01-P01_desk_work_surface_0001,235afe13070ce83d,native_source_context_fallback,wrist_confidence_below_floor,22781.4,3.68,,1,01/e1/v1,rtmpose_baseline
smoke_01,01.Candidate was found using a mobile phone in the examination hall..mkv,b842b03e5784d867e93770560d88150a526250df69077cd3065edbbd4c842098,dfine_native,54620.0,monitor_or_bezel,0.8534,980.06,582.67,1080.12,713.12,13053.8,100.06,130.45,0.767,False,,True,unattributed,1,evt_01-P01_desk_work_surface_0001,25fa009d93035fc2,native_source_context_fallback,wrist_confidence_below_floor,51439.2,2.49,,1,01/e1/v1,rtmpose_baseline
smoke_01,01.Candidate was found using a mobile phone in the examination hall..mkv,b842b03e5784d867e93770560d88150a526250df69077cd3065edbbd4c842098,dfine_native,54620.0,phone,0.5719,1036.61,562.39,1080.25,588.84,1153.9,43.63,26.45,1.65,False,,True,unattributed,1,evt_01-P01_desk_work_surface_0001,25fa009d93035fc2,native_source_context_fallback,wrist_confidence_below_floor,51439.2,2.49,,1,01/e1/v1,rtmpose_baseline
smoke_01,01.Candidate was found using a mobile phone in the examination hall..mkv,b842b03e5784d867e93770560d88150a526250df69077cd3065edbbd4c842098,dfine_native,54620.0,unknown_object,0.3368,882.35,457.22,1003.93,604.17,17866.7,121.59,146.94,0.827,False,,True,unattributed,1,evt_01-P01_desk_work_surface_0001,25fa009d93035fc2,native_source_context_fallback,wrist_confidence_below_floor,51439.2,2.49,,1,01/e1/v1,rtmpose_baseline
smoke_01,01.Candidate was found using a mobile phone in the examination hall..mkv,b842b03e5784d867e93770560d88150a526250df69077cd3065edbbd4c842098,dfine_native,54620.0,unknown_object,0.4148,882.13,457.23,1031.02,605.8,22120.5,148.89,148.57,1.002,False,,True,unattributed,1,evt_01-P01_desk_work_surface_0001,25fa009d93035fc2,native_source_context_fallback,wrist_confidence_below_floor,51439.2,2.49,,1,01/e1/v1,rtmpose_baseline
smoke_01,01.Candidate was found using a mobile phone in the examination hall..mkv,b842b03e5784d867e93770560d88150a526250df69077cd3065edbbd4c842098,dfine_native,54620.0,unknown_object,0.2793,878.85,558.98,894.79,653.73,1510.0,15.94,94.74,0.168,False,,True,unattributed,1,evt_01-P01_desk_work_surface_0001,25fa009d93035fc2,native_source_context_fallback,wrist_confidence_below_floor,51439.2,2.49,,1,01/e1/v1,rtmpose_baseline
smoke_01,01.Candidate was found using a mobile phone in the examination hall..mkv,b842b03e5784d867e93770560d88150a526250df69077cd3065edbbd4c842098,dfine_native,54620.0,unknown_object,0.3606,882.38,457.22,937.25,601.16,7896.9,54.86,143.94,0.381,False,,True,unattributed,1,evt_01-P01_desk_work_surface_0001,25fa009d93035fc2,native_source_context_fallback,wrist_confidence_below_floor,51439.2,2.49,,1,01/e1/v1,rtmpose_baseline
smoke_01,01.Candidate was found using a mobile phone in the examination hall..mkv,b842b03e5784d867e93770560d88150a526250df69077cd3065edbbd4c842098,dfine_native,54620.0,unknown_object,0.3415,925.59,457.11,1031.31,514.7,6087.8,105.72,57.59,1.836,False,,True,unattributed,1,evt_01-P01_desk_work_surface_0001,25fa009d93035fc2,native_source_context_fallback,wrist_confidence_below_floor,51439.2,2.49,,1,01/e1/v1,rtmpose_baseline
smoke_01,01.Candidate was found using a mobile phone in the examination hall..mkv,b842b03e5784d867e93770560d88150a526250df69077cd3065edbbd4c842098,dfine_native,54620.0,unknown_object,0.262,922.27,457.27,1004.67,545.62,7279.4,82.39,88.35,0.933,False,,True,unattributed,1,evt_01-P01_desk_work_surface_0001,25fa009d93035fc2,native_source_context_fallback,wrist_confidence_below_floor,51439.2,2.49,,1,01/e1/v1,rtmpose_baseline
smoke_01,01.Candidate was found using a mobile phone in the examination hall..mkv,b842b03e5784d867e93770560d88150a526250df69077cd3065edbbd4c842098,dfine_native,54620.0,unknown_object,0.3727,925.76,457.14,1005.21,514.31,4542.6,79.45,57.17,1.39,False,,True,unattributed,1,evt_01-P01_desk_work_surface_0001,25fa009d93035fc2,native_source_context_fallback,wrist_confidence_below_floor,51439.2,2.49,,1,01/e1/v1,rtmpose_baseline
smoke_01,01.Candidate was found using a mobile phone in the examination hall..mkv,b842b03e5784d867e93770560d88150a526250df69077cd3065edbbd4c842098,dfine_native,54620.0,unknown_object,0.8126,654.95,405.43,724.79,531.42,8799.6,69.84,125.99,0.554,False,,True,unattributed,2,evt_01-P01_desk_work_surface_0001,e66c33d77dda99c7,native_source_context_fallback,wrist_confidence_below_floor,21896.8,2.76,,1,01/e1/v1,rtmpose_baseline
smoke_01,01.Candidate was found using a mobile phone in the examination hall..mkv,b842b03e5784d867e93770560d88150a526250df69077cd3065edbbd4c842098,dfine_native,54620.0,unknown_object,0.6845,698.97,397.1,751.09,533.31,7098.5,52.12,136.2,0.383,False,,True,unattributed,2,evt_01-P01_desk_work_surface_0001,e66c33d77dda99c7,native_source_context_fallback,wrist_confidence_below_floor,21896.8,2.76,,1,01/e1/v1,rtmpose_baseline
smoke_01,01.Candidate was found using a mobile phone in the examination hall..mkv,b842b03e5784d867e93770560d88150a526250df69077cd3065edbbd4c842098,dfine_native,54620.0,unknown_object,0.3656,727.95,372.07,751.02,428.26,1296.3,23.07,56.18,0.411,False,,True,unattributed,2,evt_01-P01_desk_work_surface_0001,e66c33d77dda99c7,native_source_context_fallback,wrist_confidence_below_floor,21896.8,2.76,,1,01/e1/v1,rtmpose_baseline
smoke_01,01.Candidate was found using a mobile phone in the examination hall..mkv,b842b03e5784d867e93770560d88150a526250df69077cd3065edbbd4c842098,dfine_native,54620.0,unknown_object,0.3311,654.86,397.74,750.81,533.13,12990.1,95.95,135.39,0.709,False,,True,unattributed,2,evt_01-P01_desk_work_surface_0001,e66c33d77dda99c7,native_source_context_fallback,wrist_confidence_below_floor,21896.8,2.76,,1,01/e1/v1,rtmpose_baseline
smoke_01,01.Candidate was found using a mobile phone in the examination hall..mkv,b842b03e5784d867e93770560d88150a526250df69077cd3065edbbd4c842098,dfine_native,54620.0,mouse,0.4613,654.99,368.95,660.37,376.72,41.8,5.38,7.77,0.693,True,object footprint 42 px is under the 120 px floor for a call,False,unattributed,2,evt_01-P01_desk_work_surface_0001,e66c33d77dda99c7,native_source_context_fallback,wrist_confidence_below_floor,21896.8,2.76,,1,01/e1/v1,rtmpose_baseline
smoke_01,01.Candidate was found using a mobile phone in the examination hall..mkv,b842b03e5784d867e93770560d88150a526250df69077cd3065edbbd4c842098,dfine_native,54620.0,unknown_object,0.4281,727.82,397.89,748.42,428.6,632.8,20.61,30.71,0.671,False,,True,unattributed,2,evt_01-P01_desk_work_surface_0001,e66c33d77dda99c7,native_source_context_fallback,wrist_confidence_below_floor,21896.8,2.76,,1,01/e1/v1,rtmpose_baseline
smoke_01,01.Candidate was found using a mobile phone in the examination hall..mkv,b842b03e5784d867e93770560d88150a526250df69077cd3065edbbd4c842098,dfine_native,54620.0,unknown_object,0.2515,654.97,370.22,751.2,533.31,15694.7,96.24,163.08,0.59,False,,True,unattributed,2,evt_01-P01_desk_work_surface_0001,e66c33d77dda99c7,native_source_context_fallback,wrist_confidence_below_floor,21896.8,2.76,,1,01/e1/v1,rtmpose_baseline
smoke_01,01.Candidate was found using a mobile phone in the examination hall..mkv,b842b03e5784d867e93770560d88150a526250df69077cd3065edbbd4c842098,dfine_native,54620.0,unknown_object,0.4302,654.95,365.82,676.89,397.05,685.2,21.94,31.23,0.702,False,,True,unattributed,2,evt_01-P01_desk_work_surface_0001,e66c33d77dda99c7,native_source_context_fallback,wrist_confidence_below_floor,21896.8,2.76,,1,01/e1/v1,rtmpose_baseline
smoke_01,01.Candidate was found using a mobile phone in the examination hall..mkv,b842b03e5784d867e93770560d88150a526250df69077cd3065edbbd4c842098,dfine_native,54620.0,unknown_object,0.2612,735.63,372.67,751.08,403.25,472.6,15.46,30.58,0.505,False,,True,unattributed,2,evt_01-P01_desk_work_surface_0001,e66c33d77dda99c7,native_source_context_fallback,wrist_confidence_below_floor,21896.8,2.76,,1,01/e1/v1,rtmpose_baseline
smoke_01,01.Candidate was found using a mobile phone in the examination hall..mkv,b842b03e5784d867e93770560d88150a526250df69077cd3065edbbd4c842098,dfine_native,54620.0,unknown_object,0.4615,694.22,372.27,751.36,533.39,9207.0,57.14,161.12,0.355,False,,True,unattributed,2,evt_01-P01_desk_work_surface_0001,e66c33d77dda99c7,native_source_context_fallback,wrist_confidence_below_floor,21896.8,2.76,,1,01/e1/v1,rtmpose_baseline
smoke_01,01.Candidate was found using a mobile phone in the examination hall..mkv,b842b03e5784d867e93770560d88150a526250df69077cd3065edbbd4c842098,dfine_native,54620.0,unknown_object,0.2677,701.52,476.08,751.08,533.74,2856.9,49.55,57.66,0.859,False,,True,unattributed,2,evt_01-P01_desk_work_surface_0001,e66c33d77dda99c7,native_source_context_fallback,wrist_confidence_below_floor,21896.8,2.76,,1,01/e1/v1,rtmpose_baseline
smoke_01,01.Candidate was found using a mobile phone in the examination hall..mkv,b842b03e5784d867e93770560d88150a526250df69077cd3065edbbd4c842098,dfine_native,54620.0,unknown_object,0.2766,702.35,397.7,750.92,501.65,5048.7,48.57,103.95,0.467,False,,True,unattributed,2,evt_01-P01_desk_work_surface_0001,e66c33d77dda99c7,native_source_context_fallback,wrist_confidence_below_floor,21896.8,2.76,,1,01/e1/v1,rtmpose_baseline
smoke_01,01.Candidate was found using a mobile phone in the examination hall..mkv,b842b03e5784d867e93770560d88150a526250df69077cd3065edbbd4c842098,dfine_native,54620.0,unknown_object,0.2733,654.95,365.71,676.97,417.13,1132.3,22.02,51.42,0.428,False,,True,unattributed,2,evt_01-P01_desk_work_surface_0001,e66c33d77dda99c7,native_source_context_fallback,wrist_confidence_below_floor,21896.8,2.76,,1,01/e1/v1,rtmpose_baseline
smoke_01,01.Candidate was found using a mobile phone in the examination hall..mkv,b842b03e5784d867e93770560d88150a526250df69077cd3065edbbd4c842098,dfine_native,55620.0,unknown_object,0.4461,765.08,634.56,783.83,677.01,796.0,18.75,42.45,0.442,False,,True,unattributed,4,evt_01-P01_desk_work_surface_0001,00494f6f7d030de8,pose_hand_context,,25659.6,3.23,,1,01/e1/v1,rtmpose_baseline
smoke_01,01.Candidate was found using a mobile phone in the examination hall..mkv,b842b03e5784d867e93770560d88150a526250df69077cd3065edbbd4c842098,dfine_native,55620.0,unknown_object,0.2631,765.18,649.06,783.54,676.83,510.1,18.37,27.77,0.661,False,,True,unattributed,4,evt_01-P01_desk_work_surface_0001,00494f6f7d030de8,pose_hand_context,,25659.6,3.23,,1,01/e1/v1,rtmpose_baseline
smoke_01,01.Candidate was found using a mobile phone in the examination hall..mkv,b842b03e5784d867e93770560d88150a526250df69077cd3065edbbd4c842098,dfine_native,55620.0,unknown_object,0.2987,980.61,585.69,1059.95,695.65,8724.4,79.34,109.96,0.722,False,,True,unattributed,1,evt_01-P01_desk_work_surface_0001,85ed2f58dac0cb02,native_source_context_fallback,wrist_confidence_below_floor,40377.8,2.67,,1,01/e1/v1,rtmpose_baseline
smoke_01,01.Candidate was found using a mobile phone in the examination hall..mkv,b842b03e5784d867e93770560d88150a526250df69077cd3065edbbd4c842098,dfine_native,55620.0,unknown_object,0.3223,891.36,456.23,1011.66,603.29,17691.3,120.3,147.06,0.818,False,,True,unattributed,1,evt_01-P01_desk_work_surface_0001,85ed2f58dac0cb02,native_source_context_fallback,wrist_confidence_below_floor,40377.8,2.67,,1,01/e1/v1,rtmpose_baseline
smoke_01,01.Candidate was found using a mobile phone in the examination hall..mkv,b842b03e5784d867e93770560d88150a526250df69077cd3065edbbd4c842098,dfine_native,55620.0,unknown_object,0.5972,890.77,456.16,1059.53,668.87,35898.0,168.76,212.71,0.793,False,,True,unattributed,1,evt_01-P01_desk_work_surface_0001,85ed2f58dac0cb02,native_source_context_fallback,wrist_confidence_below_floor,40377.8,2.67,,1,01/e1/v1,rtmpose_baseline
smoke_01,01.Candidate was found using a mobile phone in the examination hall..mkv,b842b03e5784d867e93770560d88150a526250df69077cd3065edbbd4c842098,dfine_native,55620.0,unknown_object,0.3037,891.34,456.2,1006.83,599.07,16498.6,115.49,142.86,0.808,False,,True,unattributed,1,evt_01-P01_desk_work_surface_0001,85ed2f58dac0cb02,native_source_context_fallback,wrist_confidence_below_floor,40377.8,2.67,,1,01/e1/v1,rtmpose_baseline
smoke_01,01.Candidate was found using a mobile phone in the examination hall..mkv,b842b03e5784d867e93770560d88150a526250df69077cd3065edbbd4c842098,dfine_native,55620.0,unknown_object,0.289,925.51,456.13,1006.5,515.44,4803.5,80.98,59.31,1.365,False,,True,unattributed,1,evt_01-P01_desk_work_surface_0001,85ed2f58dac0cb02,native_source_context_fallback,wrist_confidence_below_floor,40377.8,2.67,,1,01/e1/v1,rtmpose_baseline
smoke_01,01.Candidate was found using a mobile phone in the examination hall..mkv,b842b03e5784d867e93770560d88150a526250df69077cd3065edbbd4c842098,dfine_native,55620.0,unknown_object,0.3304,890.68,456.18,1011.26,666.82,25399.9,120.58,210.65,0.572,False,,True,unattributed,1,evt_01-P01_desk_work_surface_0001,85ed2f58dac0cb02,native_source_context_fallback,wrist_confidence_below_floor,40377.8,2.67,,1,01/e1/v1,rtmpose_baseline
smoke_01,01.Candidate was found using a mobile phone in the examination hall..mkv,b842b03e5784d867e93770560d88150a526250df69077cd3065edbbd4c842098,dfine_native,55620.0,unknown_object,0.26,1006.0,560.24,1060.04,614.55,2935.1,54.04,54.31,0.995,False,,True,unattributed,1,evt_01-P01_desk_work_surface_0001,85ed2f58dac0cb02,native_source_context_fallback,wrist_confidence_below_floor,40377.8,2.67,,1,01/e1/v1,rtmpose_baseline
smoke_01,01.Candidate was found using a mobile phone in the examination hall..mkv,b842b03e5784d867e93770560d88150a526250df69077cd3065edbbd4c842098,dfine_native,55620.0,unknown_object,0.2746,891.36,456.2,1059.63,609.48,25793.4,168.27,153.28,1.098,False,,True,unattributed,1,evt_01-P01_desk_work_surface_0001,85ed2f58dac0cb02,native_source_context_fallback,wrist_confidence_below_floor,40377.8,2.67,,1,01/e1/v1,rtmpose_baseline
smoke_01,01.Candidate was found using a mobile phone in the examination hall..mkv,b842b03e5784d867e93770560d88150a526250df69077cd3065edbbd4c842098,dfine_native,55620.0,unknown_object,0.3793,890.83,456.2,1060.44,694.82,40471.8,169.61,238.62,0.711,False,,True,unattributed,1,evt_01-P01_desk_work_surface_0001,85ed2f58dac0cb02,native_source_context_fallback,wrist_confidence_below_floor,40377.8,2.67,,1,01/e1/v1,rtmpose_baseline
smoke_01,01.Candidate was found using a mobile phone in the examination hall..mkv,b842b03e5784d867e93770560d88150a526250df69077cd3065edbbd4c842098,dfine_native,55620.0,unknown_object,0.4861,651.03,406.04,693.89,488.87,3549.9,42.86,82.83,0.517,False,,True,unattributed,2,evt_01-P01_desk_work_surface_0001,afd934de3ca2e11f,pose_hand_context,,2304.0,13.33,,1,01/e1/v1,rtmpose_baseline
smoke_01,01.Candidate was found using a mobile phone in the examination hall..mkv,b842b03e5784d867e93770560d88150a526250df69077cd3065edbbd4c842098,dfine_native,55620.0,unknown_object,0.265,651.06,400.0,746.87,489.12,8538.9,95.81,89.12,1.075,False,,True,unattributed,2,evt_01-P01_desk_work_surface_0001,afd934de3ca2e11f,pose_hand_context,,2304.0,13.33,,1,01/e1/v1,rtmpose_baseline
smoke_01,01.Candidate was found using a mobile phone in the examination hall..mkv,b842b03e5784d867e93770560d88150a526250df69077cd3065edbbd4c842098,dfine_native,55620.0,unknown_object,0.3727,650.96,394.27,746.94,489.09,9101.3,95.99,94.82,1.012,False,,True,unattributed,2,evt_01-P01_desk_work_surface_0001,afd934de3ca2e11f,pose_hand_context,,2304.0,13.33,,1,01/e1/v1,rtmpose_baseline
smoke_01,01.Candidate was found using a mobile phone in the examination hall..mkv,b842b03e5784d867e93770560d88150a526250df69077cd3065edbbd4c842098,dfine_native,55620.0,unknown_object,0.3606,664.05,394.13,734.77,486.49,6532.2,70.72,92.36,0.766,False,,True,unattributed,2,evt_01-P01_desk_work_surface_0001,afd934de3ca2e11f,pose_hand_context,,2304.0,13.33,,1,01/e1/v1,rtmpose_baseline
smoke_01,01.Candidate was found using a mobile phone in the examination hall..mkv,b842b03e5784d867e93770560d88150a526250df69077cd3065edbbd4c842098,dfine_native,55620.0,unknown_object,0.3108,693.1,419.36,713.89,441.4,458.4,20.8,22.04,0.944,False,,True,unattributed,2,evt_01-P01_desk_work_surface_0001,afd934de3ca2e11f,pose_hand_context,,2304.0,13.33,,1,01/e1/v1,rtmpose_baseline
smoke_01,01.Candidate was found using a mobile phone in the examination hall..mkv,b842b03e5784d867e93770560d88150a526250df69077cd3065edbbd4c842098,dfine_native,55620.0,unknown_object,0.3088,715.03,397.83,746.96,488.89,2907.9,31.93,91.07,0.351,False,,True,unattributed,2,evt_01-P01_desk_work_surface_0001,afd934de3ca2e11f,pose_hand_context,,2304.0,13.33,,1,01/e1/v1,rtmpose_baseline
smoke_01,01.Candidate was found using a mobile phone in the examination hall..mkv,b842b03e5784d867e93770560d88150a526250df69077cd3065edbbd4c842098,dfine_native,55620.0,unknown_object,0.3126,664.65,394.07,733.85,452.07,4013.6,69.2,58.0,1.193,False,,True,unattributed,2,evt_01-P01_desk_work_surface_0001,afd934de3ca2e11f,pose_hand_context,,2304.0,13.33,,1,01/e1/v1,rtmpose_baseline
smoke_01,01.Candidate was found using a mobile phone in the examination hall..mkv,b842b03e5784d867e93770560d88150a526250df69077cd3065edbbd4c842098,dfine_native,55620.0,unknown_object,0.2616,693.02,409.05,714.41,441.81,700.6,21.39,32.76,0.653,False,,True,unattributed,2,evt_01-P01_desk_work_surface_0001,afd934de3ca2e11f,pose_hand_context,,2304.0,13.33,,1,01/e1/v1,rtmpose_baseline
smoke_01,01.Candidate was found using a mobile phone in the examination hall..mkv,b842b03e5784d867e93770560d88150a526250df69077cd3065edbbd4c842098,dfine_native,55620.0,unknown_object,0.2574,692.91,394.11,733.33,449.15,2225.1,40.42,55.05,0.734,False,,True,unattributed,2,evt_01-P01_desk_work_surface_0001,afd934de3ca2e11f,pose_hand_context,,2304.0,13.33,,1,01/e1/v1,rtmpose_baseline
smoke_01,01.Candidate was found using a mobile phone in the examination hall..mkv,b842b03e5784d867e93770560d88150a526250df69077cd3065edbbd4c842098,dfine_native,55620.0,unknown_object,0.2617,664.67,394.05,733.19,445.72,3540.2,68.52,51.67,1.326,False,,True,unattributed,2,evt_01-P01_desk_work_surface_0001,afd934de3ca2e11f,pose_hand_context,,2304.0,13.33,,1,01/e1/v1,rtmpose_baseline
smoke_01,01.Candidate was found using a mobile phone in the examination hall..mkv,b842b03e5784d867e93770560d88150a526250df69077cd3065edbbd4c842098,dfine_native,55620.0,unknown_object,0.2542,705.94,397.71,746.94,488.95,3740.6,41.0,91.24,0.449,False,,True,unattributed,2,evt_01-P01_desk_work_surface_0001,afd934de3ca2e11f,pose_hand_context,,2304.0,13.33,,1,01/e1/v1,rtmpose_baseline
smoke_01,01.Candidate was found using a mobile phone in the examination hall..mkv,b842b03e5784d867e93770560d88150a526250df69077cd3065edbbd4c842098,dfine_native,55620.0,unknown_object,0.314,651.05,394.18,693.91,488.81,4055.5,42.86,94.63,0.453,False,,True,unattributed,2,evt_01-P01_desk_work_surface_0001,afd934de3ca2e11f,pose_hand_context,,2304.0,13.33,,1,01/e1/v1,rtmpose_baseline
smoke_01,01.Candidate was found using a mobile phone in the examination hall..mkv,b842b03e5784d867e93770560d88150a526250df69077cd3065edbbd4c842098,dfine_native,55620.0,unknown_object,0.3012,651.07,405.77,719.0,488.94,5650.0,67.93,83.17,0.817,False,,True,unattributed,2,evt_01-P01_desk_work_surface_0001,afd934de3ca2e11f,pose_hand_context,,2304.0,13.33,,1,01/e1/v1,rtmpose_baseline
smoke_01,01.Candidate was found using a mobile phone in the examination hall..mkv,b842b03e5784d867e93770560d88150a526250df69077cd3065edbbd4c842098,dfine_native,56620.0,unknown_object,0.6811,698.79,495.2,757.27,584.98,5250.3,58.48,89.78,0.651,False,,True,unattributed,5,evt_01-P01_desk_work_surface_0001,10fdd921eb491ef3,pose_hand_context,,54125.7,2.66,,1,01/e1/v1,rtmpose_baseline
smoke_01,01.Candidate was found using a mobile phone in the examination hall..mkv,b842b03e5784d867e93770560d88150a526250df69077cd3065edbbd4c842098,dfine_native,56620.0,unknown_object,0.5751,674.99,576.78,700.64,645.63,1765.9,25.65,68.85,0.373,False,,True,unattributed,5,evt_01-P01_desk_work_surface_0001,10fdd921eb491ef3,pose_hand_context,,54125.7,2.66,,1,01/e1/v1,rtmpose_baseline
smoke_01,01.Candidate was found using a mobile phone in the examination hall..mkv,b842b03e5784d867e93770560d88150a526250df69077cd3065edbbd4c842098,dfine_native,56620.0,bag,0.4921,727.08,700.18,788.51,719.8,1205.6,61.43,19.63,3.13,False,,True,unattributed,5,evt_01-P01_desk_work_surface_0001,10fdd921eb491ef3,pose_hand_context,,54125.7,2.66,,1,01/e1/v1,rtmpose_baseline
smoke_01,01.Candidate was found using a mobile phone in the examination hall..mkv,b842b03e5784d867e93770560d88150a526250df69077cd3065edbbd4c842098,dfine_native,56620.0,unknown_object,0.3448,694.19,495.02,785.01,585.2,8189.4,90.82,90.18,1.007,False,,True,unattributed,5,evt_01-P01_desk_work_surface_0001,10fdd921eb491ef3,pose_hand_context,,54125.7,2.66,,1,01/e1/v1,rtmpose_baseline
smoke_01,01.Candidate was found using a mobile phone in the examination hall..mkv,b842b03e5784d867e93770560d88150a526250df69077cd3065edbbd4c842098,dfine_native,56620.0,bag,0.3973,727.07,668.09,824.97,719.16,4999.6,97.9,51.07,1.917,False,,True,unattributed,5,evt_01-P01_desk_work_surface_0001,10fdd921eb491ef3,pose_hand_context,,54125.7,2.66,,1,01/e1/v1,rtmpose_baseline
smoke_01,01.Candidate was found using a mobile phone in the examination hall..mkv,b842b03e5784d867e93770560d88150a526250df69077cd3065edbbd4c842098,dfine_native,56620.0,unknown_object,0.3379,674.98,498.93,701.02,645.68,3820.7,26.03,146.76,0.177,False,,True,unattributed,5,evt_01-P01_desk_work_surface_0001,10fdd921eb491ef3,pose_hand_context,,54125.7,2.66,,1,01/e1/v1,rtmpose_baseline
smoke_01,01.Candidate was found using a mobile phone in the examination hall..mkv,b842b03e5784d867e93770560d88150a526250df69077cd3065edbbd4c842098,dfine_native,56620.0,unknown_object,0.2804,674.99,524.74,700.7,645.68,3109.1,25.71,120.94,0.213,False,,True,unattributed,5,evt_01-P01_desk_work_surface_0001,10fdd921eb491ef3,pose_hand_context,,54125.7,2.66,,1,01/e1/v1,rtmpose_baseline
smoke_01,01.Candidate was found using a mobile phone in the examination hall..mkv,b842b03e5784d867e93770560d88150a526250df69077cd3065edbbd4c842098,dfine_native,56620.0,phone,0.2628,814.34,651.76,825.09,667.05,164.3,10.74,15.29,0.703,False,,True,unattributed,5,evt_01-P01_desk_work_surface_0001,10fdd921eb491ef3,pose_hand_context,,54125.7,2.66,,1,01/e1/v1,rtmpose_baseline
smoke_01,01.Candidate was found using a mobile phone in the examination hall..mkv,b842b03e5784d867e93770560d88150a526250df69077cd3065edbbd4c842098,dfine_native,56620.0,unknown_object,0.2967,677.46,494.82,783.33,584.88,9535.7,105.88,90.07,1.176,False,,True,unattributed,5,evt_01-P01_desk_work_surface_0001,10fdd921eb491ef3,pose_hand_context,,54125.7,2.66,,1,01/e1/v1,rtmpose_baseline
smoke_01,01.Candidate was found using a mobile phone in the examination hall..mkv,b842b03e5784d867e93770560d88150a526250df69077cd3065edbbd4c842098,dfine_native,56620.0,unknown_object,0.8111,650.01,406.76,745.56,489.55,7909.9,95.54,82.79,1.154,False,,True,unattributed,2,evt_01-P01_desk_work_surface_0001,5d708bed411ddbd4,native_source_context_fallback,wrist_confidence_below_floor,17350.1,3.44,,1,01/e1/v1,rtmpose_baseline
smoke_01,01.Candidate was found using a mobile phone in the examination hall..mkv,b842b03e5784d867e93770560d88150a526250df69077cd3065edbbd4c842098,dfine_native,56620.0,unknown_object,0.4945,723.56,369.3,745.95,446.37,1725.5,22.39,77.06,0.291,False,,True,unattributed,2,evt_01-P01_desk_work_surface_0001,5d708bed411ddbd4,native_source_context_fallback,wrist_confidence_below_floor,17350.1,3.44,,1,01/e1/v1,rtmpose_baseline
smoke_01,01.Candidate was found using a mobile phone in the examination hall..mkv,b842b03e5784d867e93770560d88150a526250df69077cd3065edbbd4c842098,dfine_native,56620.0,unknown_object,0.4019,724.07,369.45,745.93,411.24,913.4,21.85,41.79,0.523,False,,True,unattributed,2,evt_01-P01_desk_work_surface_0001,5d708bed411ddbd4,native_source_context_fallback,wrist_confidence_below_floor,17350.1,3.44,,1,01/e1/v1,rtmpose_baseline
smoke_01,01.Candidate was found using a mobile phone in the examination hall..mkv,b842b03e5784d867e93770560d88150a526250df69077cd3065edbbd4c842098,dfine_native,56620.0,unknown_object,0.3971,649.97,365.03,668.31,401.12,661.7,18.34,36.09,0.508,False,,True,unattributed,2,evt_01-P01_desk_work_surface_0001,5d708bed411ddbd4,native_source_context_fallback,wrist_confidence_below_floor,17350.1,3.44,,1,01/e1/v1,rtmpose_baseline
smoke_01,01.Candidate was found using a mobile phone in the examination hall..mkv,b842b03e5784d867e93770560d88150a526250df69077cd3065edbbd4c842098,dfine_native,56620.0,unknown_object,0.4238,649.99,406.84,695.38,489.52,3752.3,45.38,82.68,0.549,False,,True,unattributed,2,evt_01-P01_desk_work_surface_0001,5d708bed411ddbd4,native_source_context_fallback,wrist_confidence_below_floor,17350.1,3.44,,1,01/e1/v1,rtmpose_baseline
smoke_01,01.Candidate was found using a mobile phone in the examination hall..mkv,b842b03e5784d867e93770560d88150a526250df69077cd3065edbbd4c842098,dfine_native,56620.0,mouse,0.3184,649.98,368.85,660.42,377.64,91.8,10.44,8.79,1.187,True,object footprint 92 px is under the 120 px floor for a call,False,unattributed,2,evt_01-P01_desk_work_surface_0001,5d708bed411ddbd4,native_source_context_fallback,wrist_confidence_below_floor,17350.1,3.44,,1,01/e1/v1,rtmpose_baseline
smoke_01,01.Candidate was found using a mobile phone in the examination hall..mkv,b842b03e5784d867e93770560d88150a526250df69077cd3065edbbd4c842098,dfine_native,56620.0,unknown_object,0.3084,691.44,451.33,745.67,489.73,2082.7,54.23,38.41,1.412,False,,True,unattributed,2,evt_01-P01_desk_work_surface_0001,5d708bed411ddbd4,native_source_context_fallback,wrist_confidence_below_floor,17350.1,3.44,,1,01/e1/v1,rtmpose_baseline
smoke_01,01.Candidate was found using a mobile phone in the examination hall..mkv,b842b03e5784d867e93770560d88150a526250df69077cd3065edbbd4c842098,dfine_native,56620.0,unknown_object,0.3059,691.46,369.58,745.99,487.07,6406.9,54.53,117.5,0.464,False,,True,unattributed,2,evt_01-P01_desk_work_surface_0001,5d708bed411ddbd4,native_source_context_fallback,wrist_confidence_below_floor,17350.1,3.44,,1,01/e1/v1,rtmpose_baseline
smoke_01,01.Candidate was found using a mobile phone in the examination hall..mkv,b842b03e5784d867e93770560d88150a526250df69077cd3065edbbd4c842098,dfine_native,56620.0,unknown_object,0.535,991.93,582.58,1071.94,632.75,4014.0,80.01,50.17,1.595,False,,True,unattributed,1,evt_01-P01_desk_work_surface_0001,bcdb3f458162318f,native_source_context_fallback,wrist_confidence_below_floor,17711.7,3.59,,1,01/e1/v1,rtmpose_baseline
smoke_01,01.Candidate was found using a mobile phone in the examination hall..mkv,b842b03e5784d867e93770560d88150a526250df69077cd3065edbbd4c842098,dfine_native,56620.0,unknown_object,0.2741,1001.74,549.02,1028.63,572.9,642.1,26.89,23.88,1.126,False,,True,unattributed,1,evt_01-P01_desk_work_surface_0001,bcdb3f458162318f,native_source_context_fallback,wrist_confidence_below_floor,17711.7,3.59,,1,01/e1/v1,rtmpose_baseline
smoke_01,01.Candidate was found using a mobile phone in the examination hall..mkv,b842b03e5784d867e93770560d88150a526250df69077cd3065edbbd4c842098,dfine_native,56620.0,unknown_object,0.2564,974.05,455.22,1072.08,632.09,17339.2,98.03,176.88,0.554,False,,True,unattributed,1,evt_01-P01_desk_work_surface_0001,bcdb3f458162318f,native_source_context_fallback,wrist_confidence_below_floor,17711.7,3.59,,1,01/e1/v1,rtmpose_baseline
smoke_01,01.Candidate was found using a mobile phone in the examination hall..mkv,b842b03e5784d867e93770560d88150a526250df69077cd3065edbbd4c842098,dfine_native,57620.0,unknown_object,0.5199,651.23,405.97,746.64,490.41,8055.7,95.4,84.44,1.13,False,,True,unattributed,2,evt_01-P03_desk_work_surface_0014,10018b3bb1b0cf52,pose_hand_context,,2304.0,13.33,,1,01/e1/v1,rtmpose_baseline
smoke_01,01.Candidate was found using a mobile phone in the examination hall..mkv,b842b03e5784d867e93770560d88150a526250df69077cd3065edbbd4c842098,dfine_native,57620.0,unknown_object,0.5762,651.03,406.71,694.61,490.28,3641.7,43.58,83.57,0.521,False,,True,unattributed,2,evt_01-P03_desk_work_surface_0014,10018b3bb1b0cf52,pose_hand_context,,2304.0,13.33,,1,01/e1/v1,rtmpose_baseline
smoke_01,01.Candidate was found using a mobile phone in the examination hall..mkv,b842b03e5784d867e93770560d88150a526250df69077cd3065edbbd4c842098,dfine_native,57620.0,unknown_object,0.3883,690.66,451.52,743.77,488.89,1984.9,53.11,37.38,1.421,False,,True,unattributed,2,evt_01-P03_desk_work_surface_0014,10018b3bb1b0cf52,pose_hand_context,,2304.0,13.33,,1,01/e1/v1,rtmpose_baseline
smoke_01,01.Candidate was found using a mobile phone in the examination hall..mkv,b842b03e5784d867e93770560d88150a526250df69077cd3065edbbd4c842098,dfine_native,57620.0,unknown_object,0.3986,702.7,419.21,729.25,451.92,868.3,26.55,32.71,0.812,False,,True,unattributed,2,evt_01-P03_desk_work_surface_0014,10018b3bb1b0cf52,pose_hand_context,,2304.0,13.33,,1,01/e1/v1,rtmpose_baseline
smoke_01,01.Candidate was found using a mobile phone in the examination hall..mkv,b842b03e5784d867e93770560d88150a526250df69077cd3065edbbd4c842098,dfine_native,57620.0,unknown_object,0.2905,660.39,395.03,742.81,458.38,5221.4,82.43,63.35,1.301,False,,True,unattributed,2,evt_01-P03_desk_work_surface_0014,10018b3bb1b0cf52,pose_hand_context,,2304.0,13.33,,1,01/e1/v1,rtmpose_baseline
smoke_01,01.Candidate was found using a mobile phone in the examination hall..mkv,b842b03e5784d867e93770560d88150a526250df69077cd3065edbbd4c842098,dfine_native,57620.0,unknown_object,0.3606,651.11,395.25,746.88,490.39,9112.4,95.77,95.15,1.007,False,,True,unattributed,2,evt_01-P03_desk_work_surface_0014,10018b3bb1b0cf52,pose_hand_context,,2304.0,13.33,,1,01/e1/v1,rtmpose_baseline
smoke_01,01.Candidate was found using a mobile phone in the examination hall..mkv,b842b03e5784d867e93770560d88150a526250df69077cd3065edbbd4c842098,dfine_native,57620.0,unknown_object,0.2856,691.19,427.9,743.98,488.45,3196.5,52.79,60.55,0.872,False,,True,unattributed,2,evt_01-P03_desk_work_surface_0014,10018b3bb1b0cf52,pose_hand_context,,2304.0,13.33,,1,01/e1/v1,rtmpose_baseline
smoke_01,01.Candidate was found using a mobile phone in the examination hall..mkv,b842b03e5784d867e93770560d88150a526250df69077cd3065edbbd4c842098,dfine_native,57620.0,unknown_object,0.2949,689.29,395.49,744.48,488.33,5124.3,55.19,92.85,0.594,False,,True,unattributed,2,evt_01-P03_desk_work_surface_0014,10018b3bb1b0cf52,pose_hand_context,,2304.0,13.33,,1,01/e1/v1,rtmpose_baseline
smoke_01,01.Candidate was found using a mobile phone in the examination hall..mkv,b842b03e5784d867e93770560d88150a526250df69077cd3065edbbd4c842098,dfine_native,57620.0,unknown_object,0.4726,690.92,420.53,744.18,488.41,3615.3,53.26,67.88,0.785,False,,True,unattributed,2,evt_01-P03_desk_work_surface_0014,10018b3bb1b0cf52,pose_hand_context,,2304.0,13.33,,1,01/e1/v1,rtmpose_baseline
smoke_01,01.Candidate was found using a mobile phone in the examination hall..mkv,b842b03e5784d867e93770560d88150a526250df69077cd3065edbbd4c842098,dfine_native,57620.0,unknown_object,0.2671,703.16,425.99,741.95,453.84,1080.3,38.79,27.85,1.393,False,,True,unattributed,2,evt_01-P03_desk_work_surface_0014,10018b3bb1b0cf52,pose_hand_context,,2304.0,13.33,,1,01/e1/v1,rtmpose_baseline
smoke_01,01.Candidate was found using a mobile phone in the examination hall..mkv,b842b03e5784d867e93770560d88150a526250df69077cd3065edbbd4c842098,dfine_native,57620.0,unknown_object,0.2785,691.3,428.45,743.66,487.88,3111.7,52.36,59.43,0.881,False,,True,unattributed,2,evt_01-P03_desk_work_surface_0014,10018b3bb1b0cf52,pose_hand_context,,2304.0,13.33,,1,01/e1/v1,rtmpose_baseline
smoke_01,01.Candidate was found using a mobile phone in the examination hall..mkv,b842b03e5784d867e93770560d88150a526250df69077cd3065edbbd4c842098,dfine_native,57620.0,unknown_object,0.3699,703.33,419.42,729.01,441.95,578.6,25.69,22.53,1.14,False,,True,unattributed,2,evt_01-P03_desk_work_surface_0014,10018b3bb1b0cf52,pose_hand_context,,2304.0,13.33,,1,01/e1/v1,rtmpose_baseline
smoke_01,01.Candidate was found using a mobile phone in the examination hall..mkv,b842b03e5784d867e93770560d88150a526250df69077cd3065edbbd4c842098,dfine_native,57620.0,unknown_object,0.4665,659.93,395.11,745.11,488.59,7962.6,85.18,93.48,0.911,False,,True,unattributed,2,evt_01-P03_desk_work_surface_0014,10018b3bb1b0cf52,pose_hand_context,,2304.0,13.33,,1,01/e1/v1,rtmpose_baseline
smoke_01,01.Candidate was found using a mobile phone in the examination hall..mkv,b842b03e5784d867e93770560d88150a526250df69077cd3065edbbd4c842098,dfine_native,57620.0,unknown_object,0.2535,651.04,406.48,693.79,458.53,2224.8,42.75,52.05,0.821,False,,True,unattributed,2,evt_01-P03_desk_work_surface_0014,10018b3bb1b0cf52,pose_hand_context,,2304.0,13.33,,1,01/e1/v1,rtmpose_baseline
smoke_01,01.Candidate was found using a mobile phone in the examination hall..mkv,b842b03e5784d867e93770560d88150a526250df69077cd3065edbbd4c842098,dfine_native,57620.0,unknown_object,0.2524,692.58,405.77,741.55,456.3,2474.1,48.96,50.53,0.969,False,,True,unattributed,2,evt_01-P03_desk_work_surface_0014,10018b3bb1b0cf52,pose_hand_context,,2304.0,13.33,,1,01/e1/v1,rtmpose_baseline
smoke_01,01.Candidate was found using a mobile phone in the examination hall..mkv,b842b03e5784d867e93770560d88150a526250df69077cd3065edbbd4c842098,dfine_native,57620.0,unknown_object,0.3129,660.88,395.05,737.27,456.6,4700.8,76.38,61.54,1.241,False,,True,unattributed,2,evt_01-P03_desk_work_surface_0014,10018b3bb1b0cf52,pose_hand_context,,2304.0,13.33,,1,01/e1/v1,rtmpose_baseline
smoke_01,01.Candidate was found using a mobile phone in the examination hall..mkv,b842b03e5784d867e93770560d88150a526250df69077cd3065edbbd4c842098,dfine_native,57620.0,unknown_object,0.2893,703.07,395.11,735.82,441.84,1529.9,32.74,46.72,0.701,False,,True,unattributed,2,evt_01-P03_desk_work_surface_0014,10018b3bb1b0cf52,pose_hand_context,,2304.0,13.33,,1,01/e1/v1,rtmpose_baseline
smoke_01,01.Candidate was found using a mobile phone in the examination hall..mkv,b842b03e5784d867e93770560d88150a526250df69077cd3065edbbd4c842098,dfine_native,57620.0,unknown_object,0.2891,702.24,395.09,736.17,451.6,1917.2,33.93,56.51,0.6,False,,True,unattributed,2,evt_01-P03_desk_work_surface_0014,10018b3bb1b0cf52,pose_hand_context,,2304.0,13.33,,1,01/e1/v1,rtmpose_baseline
smoke_01,01.Candidate was found using a mobile phone in the examination hall..mkv,b842b03e5784d867e93770560d88150a526250df69077cd3065edbbd4c842098,dfine_native,57620.0,unknown_object,0.3282,651.03,395.37,694.8,490.26,4153.9,43.77,94.89,0.461,False,,True,unattributed,2,evt_01-P03_desk_work_surface_0014,10018b3bb1b0cf52,pose_hand_context,,2304.0,13.33,,1,01/e1/v1,rtmpose_baseline
smoke_01,01.Candidate was found using a mobile phone in the examination hall..mkv,b842b03e5784d867e93770560d88150a526250df69077cd3065edbbd4c842098,dfine_native,57620.0,unknown_object,0.3778,690.82,405.37,744.65,488.47,4473.2,53.83,83.1,0.648,False,,True,unattributed,2,evt_01-P03_desk_work_surface_0014,10018b3bb1b0cf52,pose_hand_context,,2304.0,13.33,,1,01/e1/v1,rtmpose_baseline
smoke_01,01.Candidate was found using a mobile phone in the examination hall..mkv,b842b03e5784d867e93770560d88150a526250df69077cd3065edbbd4c842098,dfine_native,57620.0,unknown_object,0.2946,692.03,420.18,743.79,461.31,2128.9,51.76,41.13,1.259,False,,True,unattributed,2,evt_01-P03_desk_work_surface_0014,10018b3bb1b0cf52,pose_hand_context,,2304.0,13.33,,1,01/e1/v1,rtmpose_baseline
smoke_01,01.Candidate was found using a mobile phone in the examination hall..mkv,b842b03e5784d867e93770560d88150a526250df69077cd3065edbbd4c842098,dfine_native,57620.0,monitor_or_bezel,0.8177,979.38,590.29,1045.84,712.41,8117.2,66.47,122.13,0.544,False,,True,unattributed,7,evt_01-P03_desk_work_surface_0014,54a4289636beba65,native_source_context_fallback,no_pose_observation,34916.6,2.51,,1,01/e1/v1,
smoke_01,01.Candidate was found using a mobile phone in the examination hall..mkv,b842b03e5784d867e93770560d88150a526250df69077cd3065edbbd4c842098,dfine_native,57620.0,unknown_object,0.4045,1002.05,562.23,1045.8,620.02,2528.5,43.75,57.8,0.757,False,,True,unattributed,7,evt_01-P03_desk_work_surface_0014,54a4289636beba65,native_source_context_fallback,no_pose_observation,34916.6,2.51,,1,01/e1/v1,
smoke_01,01.Candidate was found using a mobile phone in the examination hall..mkv,b842b03e5784d867e93770560d88150a526250df69077cd3065edbbd4c842098,dfine_native,57620.0,monitor_or_bezel,0.2755,979.9,657.27,1045.85,712.7,3655.3,65.95,55.43,1.19,False,,True,unattributed,7,evt_01-P03_desk_work_surface_0014,54a4289636beba65,native_source_context_fallback,no_pose_observation,34916.6,2.51,,1,01/e1/v1,
smoke_01,01.Candidate was found using a mobile phone in the examination hall..mkv,b842b03e5784d867e93770560d88150a526250df69077cd3065edbbd4c842098,dfine_native,57620.0,unknown_object,0.2829,1020.38,459.68,1045.91,541.85,2097.3,25.53,82.17,0.311,False,,True,unattributed,7,evt_01-P03_desk_work_surface_0014,54a4289636beba65,native_source_context_fallback,no_pose_observation,34916.6,2.51,,1,01/e1/v1,
smoke_01,01.Candidate was found using a mobile phone in the examination hall..mkv,b842b03e5784d867e93770560d88150a526250df69077cd3065edbbd4c842098,dfine_native,57620.0,unknown_object,0.3238,979.5,562.56,1045.82,712.06,9913.6,66.31,149.5,0.444,False,,True,unattributed,7,evt_01-P03_desk_work_surface_0014,54a4289636beba65,native_source_context_fallback,no_pose_observation,34916.6,2.51,,1,01/e1/v1,
smoke_01,01.Candidate was found using a mobile phone in the examination hall..mkv,b842b03e5784d867e93770560d88150a526250df69077cd3065edbbd4c842098,dfine_native,57620.0,monitor_or_bezel,0.2584,936.48,590.03,1045.86,712.62,13409.7,109.38,122.59,0.892,False,,True,unattributed,7,evt_01-P03_desk_work_surface_0014,54a4289636beba65,native_source_context_fallback,no_pose_observation,34916.6,2.51,,1,01/e1/v1,
smoke_01,01.Candidate was found using a mobile phone in the examination hall..mkv,b842b03e5784d867e93770560d88150a526250df69077cd3065edbbd4c842098,dfine_native,57620.0,monitor_or_bezel,0.3139,912.38,589.85,1045.81,712.8,16405.9,133.43,122.96,1.085,False,,True,unattributed,7,evt_01-P03_desk_work_surface_0014,54a4289636beba65,native_source_context_fallback,no_pose_observation,34916.6,2.51,,1,01/e1/v1,
smoke_01,01.Candidate was found using a mobile phone in the examination hall..mkv,b842b03e5784d867e93770560d88150a526250df69077cd3065edbbd4c842098,dfine_native,57620.0,bag,0.4362,957.0,343.13,1040.5,423.1,6676.9,83.5,79.97,1.044,False,,True,unattributed,8,evt_01-P03_desk_work_surface_0014,6e92c084fae52411,native_source_context_fallback,no_pose_observation,38285.2,2.25,,1,01/e1/v1,
smoke_01,01.Candidate was found using a mobile phone in the examination hall..mkv,b842b03e5784d867e93770560d88150a526250df69077cd3065edbbd4c842098,dfine_native,57620.0,unknown_object,0.4019,996.1,589.95,1046.01,627.91,1894.8,49.91,37.96,1.315,False,,True,unattributed,8,evt_01-P03_desk_work_surface_0014,6e92c084fae52411,native_source_context_fallback,no_pose_observation,38285.2,2.25,,1,01/e1/v1,
smoke_01,01.Candidate was found using a mobile phone in the examination hall..mkv,b842b03e5784d867e93770560d88150a526250df69077cd3065edbbd4c842098,dfine_native,57620.0,bag,0.4471,993.1,421.35,1031.73,490.82,2683.4,38.63,69.47,0.556,False,,True,unattributed,8,evt_01-P03_desk_work_surface_0014,6e92c084fae52411,native_source_context_fallback,no_pose_observation,38285.2,2.25,,1,01/e1/v1,
smoke_01,01.Candidate was found using a mobile phone in the examination hall..mkv,b842b03e5784d867e93770560d88150a526250df69077cd3065edbbd4c842098,dfine_native,57620.0,unknown_object,0.3713,1020.55,458.31,1045.99,541.34,2111.6,25.43,83.03,0.306,False,,True,unattributed,8,evt_01-P03_desk_work_surface_0014,6e92c084fae52411,native_source_context_fallback,no_pose_observation,38285.2,2.25,,1,01/e1/v1,
smoke_01,01.Candidate was found using a mobile phone in the examination hall..mkv,b842b03e5784d867e93770560d88150a526250df69077cd3065edbbd4c842098,dfine_native,57620.0,unknown_object,0.3402,995.72,562.69,1045.99,627.54,3259.5,50.26,64.85,0.775,False,,True,unattributed,8,evt_01-P03_desk_work_surface_0014,6e92c084fae52411,native_source_context_fallback,no_pose_observation,38285.2,2.25,,1,01/e1/v1,
smoke_01,01.Candidate was found using a mobile phone in the examination hall..mkv,b842b03e5784d867e93770560d88150a526250df69077cd3065edbbd4c842098,dfine_native,57620.0,bag,0.303,957.14,343.1,1033.04,375.4,2451.3,75.9,32.3,2.35,False,,True,unattributed,8,evt_01-P03_desk_work_surface_0014,6e92c084fae52411,native_source_context_fallback,no_pose_observation,38285.2,2.25,,1,01/e1/v1,
smoke_01,01.Candidate was found using a mobile phone in the examination hall..mkv,b842b03e5784d867e93770560d88150a526250df69077cd3065edbbd4c842098,dfine_native,57620.0,unknown_object,0.3314,1026.0,371.57,1046.01,484.24,2254.3,20.01,112.67,0.178,False,,True,unattributed,8,evt_01-P03_desk_work_surface_0014,6e92c084fae52411,native_source_context_fallback,no_pose_observation,38285.2,2.25,,1,01/e1/v1,
smoke_01,01.Candidate was found using a mobile phone in the examination hall..mkv,b842b03e5784d867e93770560d88150a526250df69077cd3065edbbd4c842098,dfine_native,57620.0,unknown_object,0.3596,1001.1,562.61,1045.94,621.75,2651.4,44.84,59.13,0.758,False,,True,unattributed,8,evt_01-P03_desk_work_surface_0014,6e92c084fae52411,native_source_context_fallback,no_pose_observation,38285.2,2.25,,1,01/e1/v1,
smoke_01,01.Candidate was found using a mobile phone in the examination hall..mkv,b842b03e5784d867e93770560d88150a526250df69077cd3065edbbd4c842098,dfine_native,57620.0,bag,0.3982,913.75,343.11,1040.69,437.55,11987.1,126.93,94.44,1.344,False,,True,unattributed,8,evt_01-P03_desk_work_surface_0014,6e92c084fae52411,native_source_context_fallback,no_pose_observation,38285.2,2.25,,1,01/e1/v1,
smoke_01,01.Candidate was found using a mobile phone in the examination hall..mkv,b842b03e5784d867e93770560d88150a526250df69077cd3065edbbd4c842098,dfine_native,57620.0,unknown_object,0.6229,697.47,494.19,759.95,585.09,5679.9,62.48,90.91,0.687,False,,True,unattributed,5,evt_01-P03_desk_work_surface_0014,e32e934da49e09dd,pose_hand_context,,52567.6,2.74,,1,01/e1/v1,rtmpose_baseline
smoke_01,01.Candidate was found using a mobile phone in the examination hall..mkv,b842b03e5784d867e93770560d88150a526250df69077cd3065edbbd4c842098,dfine_native,57620.0,unknown_object,0.5579,676.0,576.79,700.62,645.52,1692.8,24.63,68.73,0.358,False,,True,unattributed,5,evt_01-P03_desk_work_surface_0014,e32e934da49e09dd,pose_hand_context,,52567.6,2.74,,1,01/e1/v1,rtmpose_baseline
smoke_01,01.Candidate was found using a mobile phone in the examination hall..mkv,b842b03e5784d867e93770560d88150a526250df69077cd3065edbbd4c842098,dfine_native,57620.0,unknown_object,0.5299,697.03,494.06,778.1,585.19,7387.3,81.07,91.13,0.89,False,,True,unattributed,5,evt_01-P03_desk_work_surface_0014,e32e934da49e09dd,pose_hand_context,,52567.6,2.74,,1,01/e1/v1,rtmpose_baseline
smoke_01,01.Candidate was found using a mobile phone in the examination hall..mkv,b842b03e5784d867e93770560d88150a526250df69077cd3065edbbd4c842098,dfine_native,57620.0,bag,0.5077,726.98,700.13,788.33,720.02,1220.6,61.35,19.9,3.084,False,,True,unattributed,5,evt_01-P03_desk_work_surface_0014,e32e934da49e09dd,pose_hand_context,,52567.6,2.74,,1,01/e1/v1,rtmpose_baseline
smoke_01,01.Candidate was found using a mobile phone in the examination hall..mkv,b842b03e5784d867e93770560d88150a526250df69077cd3065edbbd4c842098,dfine_native,57620.0,unknown_object,0.454,676.0,495.74,701.2,645.59,3775.9,25.2,149.85,0.168,False,,True,unattributed,5,evt_01-P03_desk_work_surface_0014,e32e934da49e09dd,pose_hand_context,,52567.6,2.74,,1,01/e1/v1,rtmpose_baseline
smoke_01,01.Candidate was found using a mobile phone in the examination hall..mkv,b842b03e5784d867e93770560d88150a526250df69077cd3065edbbd4c842098,dfine_native,57620.0,phone,0.3114,811.69,646.72,823.11,663.17,187.6,11.41,16.44,0.694,False,,True,unattributed,5,evt_01-P03_desk_work_surface_0014,e32e934da49e09dd,pose_hand_context,,52567.6,2.74,,1,01/e1/v1,rtmpose_baseline
smoke_01,01.Candidate was found using a mobile phone in the examination hall..mkv,b842b03e5784d867e93770560d88150a526250df69077cd3065edbbd4c842098,dfine_native,57620.0,unknown_object,0.2596,688.19,493.84,779.67,585.17,8355.0,91.47,91.34,1.002,False,,True,unattributed,5,evt_01-P03_desk_work_surface_0014,e32e934da49e09dd,pose_hand_context,,52567.6,2.74,,1,01/e1/v1,rtmpose_baseline
smoke_01,01.Candidate was found using a mobile phone in the examination hall..mkv,b842b03e5784d867e93770560d88150a526250df69077cd3065edbbd4c842098,dfine_native,57620.0,unknown_object,0.3279,678.43,493.89,760.04,585.29,7459.2,81.61,91.4,0.893,False,,True,unattributed,5,evt_01-P03_desk_work_surface_0014,e32e934da49e09dd,pose_hand_context,,52567.6,2.74,,1,01/e1/v1,rtmpose_baseline
smoke_01,01.Candidate was found using a mobile phone in the examination hall..mkv,b842b03e5784d867e93770560d88150a526250df69077cd3065edbbd4c842098,dfine_native,57620.0,unknown_object,0.3173,676.01,494.25,758.0,645.7,12416.7,81.99,151.44,0.541,False,,True,unattributed,5,evt_01-P03_desk_work_surface_0014,e32e934da49e09dd,pose_hand_context,,52567.6,2.74,,1,01/e1/v1,rtmpose_baseline
smoke_01,01.Candidate was found using a mobile phone in the examination hall..mkv,b842b03e5784d867e93770560d88150a526250df69077cd3065edbbd4c842098,dfine_native,57620.0,unknown_object,0.2993,676.12,494.07,776.98,645.73,15296.4,100.86,151.66,0.665,False,,True,unattributed,5,evt_01-P03_desk_work_surface_0014,e32e934da49e09dd,pose_hand_context,,52567.6,2.74,,1,01/e1/v1,rtmpose_baseline
smoke_01,01.Candidate was found using a mobile phone in the examination hall..mkv,b842b03e5784d867e93770560d88150a526250df69077cd3065edbbd4c842098,dfine_native,57620.0,unknown_object,0.4495,993.19,587.25,1052.08,631.77,2621.3,58.89,44.51,1.323,False,,True,unattributed,6,evt_01-P03_desk_work_surface_0014,ef46d85844a996ed,native_source_context_fallback,no_pose_observation,14043.5,3.78,,1,01/e1/v1,
smoke_01,01.Candidate was found using a mobile phone in the examination hall..mkv,b842b03e5784d867e93770560d88150a526250df69077cd3065edbbd4c842098,dfine_native,57620.0,unknown_object,0.3421,1002.35,560.33,1052.11,619.43,2940.6,49.76,59.09,0.842,False,,True,unattributed,6,evt_01-P03_desk_work_surface_0014,ef46d85844a996ed,native_source_context_fallback,no_pose_observation,14043.5,3.78,,1,01/e1/v1,
smoke_01,01.Candidate was found using a mobile phone in the examination hall..mkv,b842b03e5784d867e93770560d88150a526250df69077cd3065edbbd4c842098,dfine_native,57620.0,unknown_object,0.3156,991.88,560.37,1052.13,631.7,4297.8,60.25,71.33,0.845,False,,True,unattributed,6,evt_01-P03_desk_work_surface_0014,ef46d85844a996ed,native_source_context_fallback,no_pose_observation,14043.5,3.78,,1,01/e1/v1,
smoke_01,01.Candidate was found using a mobile phone in the examination hall..mkv,b842b03e5784d867e93770560d88150a526250df69077cd3065edbbd4c842098,dfine_native,57620.0,unknown_object,0.3353,1002.62,580.03,1052.05,619.26,1938.8,49.43,39.23,1.26,False,,True,unattributed,6,evt_01-P03_desk_work_surface_0014,ef46d85844a996ed,native_source_context_fallback,no_pose_observation,14043.5,3.78,,1,01/e1/v1,
smoke_01,01.Candidate was found using a mobile phone in the examination hall..mkv,b842b03e5784d867e93770560d88150a526250df69077cd3065edbbd4c842098,dfine_native,58620.0,phone,0.6524,1015.31,505.54,1030.26,530.85,378.7,14.96,25.32,0.591,False,,True,unattributed,6,evt_01-P03_upper_body_0018,352196567e9ed251,native_source_context_fallback,no_pose_observation,14518.5,3.89,,1,01/e1/v1,
smoke_01,01.Candidate was found using a mobile phone in the examination hall..mkv,b842b03e5784d867e93770560d88150a526250df69077cd3065edbbd4c842098,dfine_native,58620.0,unknown_object,0.4846,994.64,585.13,1053.91,629.8,2647.5,59.27,44.67,1.327,False,,True,unattributed,6,evt_01-P03_upper_body_0018,352196567e9ed251,native_source_context_fallback,no_pose_observation,14518.5,3.89,,1,01/e1/v1,
smoke_01,01.Candidate was found using a mobile phone in the examination hall..mkv,b842b03e5784d867e93770560d88150a526250df69077cd3065edbbd4c842098,dfine_native,58620.0,phone,0.3484,994.63,465.08,1030.23,487.3,791.0,35.6,22.22,1.602,False,,True,unattributed,6,evt_01-P03_upper_body_0018,352196567e9ed251,native_source_context_fallback,no_pose_observation,14518.5,3.89,,1,01/e1/v1,
smoke_01,01.Candidate was found using a mobile phone in the examination hall..mkv,b842b03e5784d867e93770560d88150a526250df69077cd3065edbbd4c842098,dfine_native,58620.0,unknown_object,0.3236,993.29,560.72,1053.94,629.71,4184.2,60.65,68.99,0.879,False,,True,unattributed,6,evt_01-P03_upper_body_0018,352196567e9ed251,native_source_context_fallback,no_pose_observation,14518.5,3.89,,1,01/e1/v1,
smoke_01,01.Candidate was found using a mobile phone in the examination hall..mkv,b842b03e5784d867e93770560d88150a526250df69077cd3065edbbd4c842098,dfine_native,58620.0,unknown_object,0.3511,1010.78,581.25,1053.88,611.72,1312.9,43.09,30.46,1.415,False,,True,unattributed,6,evt_01-P03_upper_body_0018,352196567e9ed251,native_source_context_fallback,no_pose_observation,14518.5,3.89,,1,01/e1/v1,
smoke_01,01.Candidate was found using a mobile phone in the examination hall..mkv,b842b03e5784d867e93770560d88150a526250df69077cd3065edbbd4c842098,dfine_native,58620.0,phone,0.4332,995.01,465.07,1030.69,530.82,2346.1,35.68,65.75,0.543,False,,True,unattributed,6,evt_01-P03_upper_body_0018,352196567e9ed251,native_source_context_fallback,no_pose_observation,14518.5,3.89,,1,01/e1/v1,
smoke_01,01.Candidate was found using a mobile phone in the examination hall..mkv,b842b03e5784d867e93770560d88150a526250df69077cd3065edbbd4c842098,dfine_native,58620.0,unknown_object,0.3707,1002.15,560.6,1053.92,619.86,3067.7,51.77,59.26,0.874,False,,True,unattributed,6,evt_01-P03_upper_body_0018,352196567e9ed251,native_source_context_fallback,no_pose_observation,14518.5,3.89,,1,01/e1/v1,
smoke_01,01.Candidate was found using a mobile phone in the examination hall..mkv,b842b03e5784d867e93770560d88150a526250df69077cd3065edbbd4c842098,dfine_native,58620.0,phone,0.2529,994.2,465.09,1030.65,495.33,1102.3,36.45,30.24,1.205,False,,True,unattributed,6,evt_01-P03_upper_body_0018,352196567e9ed251,native_source_context_fallback,no_pose_observation,14518.5,3.89,,1,01/e1/v1,
smoke_01,01.Candidate was found using a mobile phone in the examination hall..mkv,b842b03e5784d867e93770560d88150a526250df69077cd3065edbbd4c842098,dfine_native,58620.0,phone,0.2793,1014.63,465.19,1031.0,530.92,1075.9,16.37,65.72,0.249,False,,True,unattributed,6,evt_01-P03_upper_body_0018,352196567e9ed251,native_source_context_fallback,no_pose_observation,14518.5,3.89,,1,01/e1/v1,
smoke_01,01.Candidate was found using a mobile phone in the examination hall..mkv,b842b03e5784d867e93770560d88150a526250df69077cd3065edbbd4c842098,dfine_native,58620.0,unknown_object,0.2909,1002.19,581.12,1053.92,620.13,2018.0,51.73,39.01,1.326,False,,True,unattributed,6,evt_01-P03_upper_body_0018,352196567e9ed251,native_source_context_fallback,no_pose_observation,14518.5,3.89,,1,01/e1/v1,
smoke_01,01.Candidate was found using a mobile phone in the examination hall..mkv,b842b03e5784d867e93770560d88150a526250df69077cd3065edbbd4c842098,dfine_native,58620.0,phone,0.3593,999.78,479.66,1030.38,530.73,1562.6,30.6,51.07,0.599,False,,True,unattributed,6,evt_01-P03_upper_body_0018,352196567e9ed251,native_source_context_fallback,no_pose_observation,14518.5,3.89,,1,01/e1/v1,
smoke_01,01.Candidate was found using a mobile phone in the examination hall..mkv,b842b03e5784d867e93770560d88150a526250df69077cd3065edbbd4c842098,dfine_native,58620.0,unknown_object,0.5312,672.99,576.62,700.81,645.46,1914.9,27.82,68.83,0.404,False,,True,unattributed,5,evt_01-P03_upper_body_0018,a37c948dd6043680,pose_hand_context,,53122.5,2.66,,1,01/e1/v1,rtmpose_baseline
smoke_01,01.Candidate was found using a mobile phone in the examination hall..mkv,b842b03e5784d867e93770560d88150a526250df69077cd3065edbbd4c842098,dfine_native,58620.0,bag,0.4578,727.1,700.33,788.66,719.72,1194.0,61.56,19.4,3.174,False,,True,unattributed,5,evt_01-P03_upper_body_0018,a37c948dd6043680,pose_hand_context,,53122.5,2.66,,1,01/e1/v1,rtmpose_baseline
smoke_01,01.Candidate was found using a mobile phone in the examination hall..mkv,b842b03e5784d867e93770560d88150a526250df69077cd3065edbbd4c842098,dfine_native,58620.0,unknown_object,0.3762,699.18,499.07,780.45,585.14,6995.2,81.27,86.07,0.944,False,,True,unattributed,5,evt_01-P03_upper_body_0018,a37c948dd6043680,pose_hand_context,,53122.5,2.66,,1,01/e1/v1,rtmpose_baseline
smoke_01,01.Candidate was found using a mobile phone in the examination hall..mkv,b842b03e5784d867e93770560d88150a526250df69077cd3065edbbd4c842098,dfine_native,58620.0,unknown_object,0.2697,677.34,498.87,753.51,585.38,6589.0,76.17,86.51,0.88,False,,True,unattributed,5,evt_01-P03_upper_body_0018,a37c948dd6043680,pose_hand_context,,53122.5,2.66,,1,01/e1/v1,rtmpose_baseline
smoke_01,01.Candidate was found using a mobile phone in the examination hall..mkv,b842b03e5784d867e93770560d88150a526250df69077cd3065edbbd4c842098,dfine_native,58620.0,unknown_object,0.567,699.34,499.07,753.47,585.06,4654.9,54.13,85.99,0.63,False,,True,unattributed,5,evt_01-P03_upper_body_0018,a37c948dd6043680,pose_hand_context,,53122.5,2.66,,1,01/e1/v1,rtmpose_baseline
smoke_01,01.Candidate was found using a mobile phone in the examination hall..mkv,b842b03e5784d867e93770560d88150a526250df69077cd3065edbbd4c842098,dfine_native,58620.0,unknown_object,0.2823,673.02,500.65,700.91,645.47,4038.7,27.89,144.82,0.193,False,,True,unattributed,5,evt_01-P03_upper_body_0018,a37c948dd6043680,pose_hand_context,,53122.5,2.66,,1,01/e1/v1,rtmpose_baseline
smoke_01,01.Candidate was found using a mobile phone in the examination hall..mkv,b842b03e5784d867e93770560d88150a526250df69077cd3065edbbd4c842098,dfine_native,58620.0,unknown_object,0.3176,672.91,498.99,752.32,645.61,11643.2,79.41,146.61,0.542,False,,True,unattributed,5,evt_01-P03_upper_body_0018,a37c948dd6043680,pose_hand_context,,53122.5,2.66,,1,01/e1/v1,rtmpose_baseline
smoke_01,01.Candidate was found using a mobile phone in the examination hall..mkv,b842b03e5784d867e93770560d88150a526250df69077cd3065edbbd4c842098,dfine_native,58620.0,unknown_object,0.6418,657.01,406.66,694.58,492.28,3216.9,37.57,85.62,0.439,False,,True,unattributed,2,evt_01-P03_upper_body_0018,c29d9321ecbb033a,pose_hand_context,,2304.0,13.33,,1,01/e1/v1,rtmpose_baseline
smoke_01,01.Candidate was found using a mobile phone in the examination hall..mkv,b842b03e5784d867e93770560d88150a526250df69077cd3065edbbd4c842098,dfine_native,58620.0,unknown_object,0.3756,657.1,405.98,750.96,492.45,8116.0,93.86,86.47,1.085,False,,True,unattributed,2,evt_01-P03_upper_body_0018,c29d9321ecbb033a,pose_hand_context,,2304.0,13.33,,1,01/e1/v1,rtmpose_baseline
smoke_01,01.Candidate was found using a mobile phone in the examination hall..mkv,b842b03e5784d867e93770560d88150a526250df69077cd3065edbbd4c842098,dfine_native,58620.0,unknown_object,0.3979,701.28,419.66,727.27,450.31,796.8,26.0,30.65,0.848,False,,True,unattributed,2,evt_01-P03_upper_body_0018,c29d9321ecbb033a,pose_hand_context,,2304.0,13.33,,1,01/e1/v1,rtmpose_baseline
smoke_01,01.Candidate was found using a mobile phone in the examination hall..mkv,b842b03e5784d867e93770560d88150a526250df69077cd3065edbbd4c842098,dfine_native,58620.0,unknown_object,0.3884,660.28,397.07,735.68,458.06,4598.8,75.4,60.99,1.236,False,,True,unattributed,2,evt_01-P03_upper_body_0018,c29d9321ecbb033a,pose_hand_context,,2304.0,13.33,,1,01/e1/v1,rtmpose_baseline
smoke_01,01.Candidate was found using a mobile phone in the examination hall..mkv,b842b03e5784d867e93770560d88150a526250df69077cd3065edbbd4c842098,dfine_native,58620.0,unknown_object,0.274,660.57,397.06,735.12,450.11,3955.4,74.56,53.05,1.405,False,,True,unattributed,2,evt_01-P03_upper_body_0018,c29d9321ecbb033a,pose_hand_context,,2304.0,13.33,,1,01/e1/v1,rtmpose_baseline
smoke_01,01.Candidate was found using a mobile phone in the examination hall..mkv,b842b03e5784d867e93770560d88150a526250df69077cd3065edbbd4c842098,dfine_native,58620.0,unknown_object,0.2717,727.8,397.18,753.0,446.89,1252.8,25.2,49.71,0.507,False,,True,unattributed,2,evt_01-P03_upper_body_0018,c29d9321ecbb033a,pose_hand_context,,2304.0,13.33,,1,01/e1/v1,rtmpose_baseline
smoke_01,01.Candidate was found using a mobile phone in the examination hall..mkv,b842b03e5784d867e93770560d88150a526250df69077cd3065edbbd4c842098,dfine_native,58620.0,unknown_object,0.2623,702.45,419.79,727.3,441.52,539.7,24.84,21.73,1.143,False,,True,unattributed,2,evt_01-P03_upper_body_0018,c29d9321ecbb033a,pose_hand_context,,2304.0,13.33,,1,01/e1/v1,rtmpose_baseline
smoke_01,01.Candidate was found using a mobile phone in the examination hall..mkv,b842b03e5784d867e93770560d88150a526250df69077cd3065edbbd4c842098,dfine_native,58620.0,unknown_object,0.2897,691.05,419.86,743.04,488.36,3560.9,51.99,68.49,0.759,False,,True,unattributed,2,evt_01-P03_upper_body_0018,c29d9321ecbb033a,pose_hand_context,,2304.0,13.33,,1,01/e1/v1,rtmpose_baseline
smoke_01,01.Candidate was found using a mobile phone in the examination hall..mkv,b842b03e5784d867e93770560d88150a526250df69077cd3065edbbd4c842098,dfine_native,58620.0,unknown_object,0.2628,692.58,418.66,728.46,458.38,1425.2,35.88,39.72,0.903,False,,True,unattributed,2,evt_01-P03_upper_body_0018,c29d9321ecbb033a,pose_hand_context,,2304.0,13.33,,1,01/e1/v1,rtmpose_baseline
smoke_01,01.Candidate was found using a mobile phone in the examination hall..mkv,b842b03e5784d867e93770560d88150a526250df69077cd3065edbbd4c842098,dfine_native,58620.0,unknown_object,0.414,657.13,406.43,744.38,492.22,7485.8,87.25,85.79,1.017,False,,True,unattributed,2,evt_01-P03_upper_body_0018,c29d9321ecbb033a,pose_hand_context,,2304.0,13.33,,1,01/e1/v1,rtmpose_baseline
smoke_01,01.Candidate was found using a mobile phone in the examination hall..mkv,b842b03e5784d867e93770560d88150a526250df69077cd3065edbbd4c842098,dfine_native,58620.0,unknown_object,0.2871,657.04,397.31,694.75,492.2,3579.3,37.72,94.89,0.398,False,,True,unattributed,2,evt_01-P03_upper_body_0018,c29d9321ecbb033a,pose_hand_context,,2304.0,13.33,,1,01/e1/v1,rtmpose_baseline
smoke_01,01.Candidate was found using a mobile phone in the examination hall..mkv,b842b03e5784d867e93770560d88150a526250df69077cd3065edbbd4c842098,dfine_sahi,53620.0,monitor_or_bezel,0.8392,979.95,582.21,1079.94,716.52,13430.3,99.99,134.32,0.744,False,,True,unattributed,1,evt_01-P01_desk_work_surface_0001,0471e78e41e1c3f2,native_source_context_fallback,no_pose_observation,54793.1,2.46,,1,01/e1/v1,
smoke_01,01.Candidate was found using a mobile phone in the examination hall..mkv,b842b03e5784d867e93770560d88150a526250df69077cd3065edbbd4c842098,dfine_sahi,53620.0,unknown_object,0.6534,979.97,582.17,1080.04,716.48,13440.3,100.07,134.31,0.745,False,,True,unattributed,1,evt_01-P01_desk_work_surface_0001,0471e78e41e1c3f2,native_source_context_fallback,no_pose_observation,54793.1,2.46,,1,01/e1/v1,
smoke_01,01.Candidate was found using a mobile phone in the examination hall..mkv,b842b03e5784d867e93770560d88150a526250df69077cd3065edbbd4c842098,dfine_sahi,53620.0,phone,0.6103,1056.89,554.85,1078.65,583.6,625.4,21.75,28.75,0.757,False,,True,unattributed,1,evt_01-P01_desk_work_surface_0001,0471e78e41e1c3f2,native_source_context_fallback,no_pose_observation,54793.1,2.46,,1,01/e1/v1,
smoke_01,01.Candidate was found using a mobile phone in the examination hall..mkv,b842b03e5784d867e93770560d88150a526250df69077cd3065edbbd4c842098,dfine_sahi,53620.0,unknown_object,0.485,881.53,456.14,1031.16,598.6,21316.6,149.63,142.46,1.05,False,,True,unattributed,1,evt_01-P01_desk_work_surface_0001,0471e78e41e1c3f2,native_source_context_fallback,no_pose_observation,54793.1,2.46,,1,01/e1/v1,
smoke_01,01.Candidate was found using a mobile phone in the examination hall..mkv,b842b03e5784d867e93770560d88150a526250df69077cd3065edbbd4c842098,dfine_sahi,53620.0,unknown_object,0.4688,1019.45,582.27,1079.97,602.9,1249.0,60.52,20.64,2.933,False,,True,unattributed,1,evt_01-P01_desk_work_surface_0001,0471e78e41e1c3f2,native_source_context_fallback,no_pose_observation,54793.1,2.46,,1,01/e1/v1,
smoke_01,01.Candidate was found using a mobile phone in the examination hall..mkv,b842b03e5784d867e93770560d88150a526250df69077cd3065edbbd4c842098,dfine_sahi,53620.0,phone,0.4541,961.94,524.2,995.29,567.55,1445.9,33.35,43.35,0.769,False,,True,unattributed,1,evt_01-P01_desk_work_surface_0001,0471e78e41e1c3f2,native_source_context_fallback,no_pose_observation,54793.1,2.46,,1,01/e1/v1,
smoke_01,01.Candidate was found using a mobile phone in the examination hall..mkv,b842b03e5784d867e93770560d88150a526250df69077cd3065edbbd4c842098,dfine_sahi,53620.0,stationery,0.4178,870.03,570.21,922.64,700.68,6863.3,52.61,130.47,0.403,False,,True,unattributed,1,evt_01-P01_desk_work_surface_0001,0471e78e41e1c3f2,native_source_context_fallback,no_pose_observation,54793.1,2.46,,1,01/e1/v1,
smoke_01,01.Candidate was found using a mobile phone in the examination hall..mkv,b842b03e5784d867e93770560d88150a526250df69077cd3065edbbd4c842098,dfine_sahi,53620.0,unknown_object,0.4086,869.9,570.04,987.78,716.43,17256.8,117.88,146.39,0.805,False,,True,unattributed,1,evt_01-P01_desk_work_surface_0001,0471e78e41e1c3f2,native_source_context_fallback,no_pose_observation,54793.1,2.46,,1,01/e1/v1,
smoke_01,01.Candidate was found using a mobile phone in the examination hall..mkv,b842b03e5784d867e93770560d88150a526250df69077cd3065edbbd4c842098,dfine_sahi,53620.0,unknown_object,0.377,870.0,534.01,910.95,701.35,6853.3,40.96,167.34,0.245,False,,True,unattributed,1,evt_01-P01_desk_work_surface_0001,0471e78e41e1c3f2,native_source_context_fallback,no_pose_observation,54793.1,2.46,,1,01/e1/v1,
smoke_01,01.Candidate was found using a mobile phone in the examination hall..mkv,b842b03e5784d867e93770560d88150a526250df69077cd3065edbbd4c842098,dfine_sahi,53620.0,unknown_object,0.315,1004.75,554.91,1079.88,602.92,3607.2,75.13,48.01,1.565,False,,True,unattributed,1,evt_01-P01_desk_work_surface_0001,0471e78e41e1c3f2,native_source_context_fallback,no_pose_observation,54793.1,2.46,,1,01/e1/v1,
smoke_01,01.Candidate was found using a mobile phone in the examination hall..mkv,b842b03e5784d867e93770560d88150a526250df69077cd3065edbbd4c842098,dfine_sahi,53620.0,unknown_object,0.3081,925.69,456.1,1030.66,514.71,6152.4,104.98,58.61,1.791,False,,True,unattributed,1,evt_01-P01_desk_work_surface_0001,0471e78e41e1c3f2,native_source_context_fallback,no_pose_observation,54793.1,2.46,,1,01/e1/v1,
smoke_01,01.Candidate was found using a mobile phone in the examination hall..mkv,b842b03e5784d867e93770560d88150a526250df69077cd3065edbbd4c842098,dfine_sahi,53620.0,phone,0.3078,992.58,563.56,1013.25,602.95,814.1,20.67,39.38,0.525,False,,True,unattributed,1,evt_01-P01_desk_work_surface_0001,0471e78e41e1c3f2,native_source_context_fallback,no_pose_observation,54793.1,2.46,,1,01/e1/v1,
smoke_01,01.Candidate was found using a mobile phone in the examination hall..mkv,b842b03e5784d867e93770560d88150a526250df69077cd3065edbbd4c842098,dfine_sahi,53620.0,unknown_object,0.2835,881.78,456.28,935.31,598.2,7596.7,53.53,141.92,0.377,False,,True,unattributed,1,evt_01-P01_desk_work_surface_0001,0471e78e41e1c3f2,native_source_context_fallback,no_pose_observation,54793.1,2.46,,1,01/e1/v1,
smoke_01,01.Candidate was found using a mobile phone in the examination hall..mkv,b842b03e5784d867e93770560d88150a526250df69077cd3065edbbd4c842098,dfine_sahi,53620.0,unknown_object,0.2727,869.68,456.27,1079.94,716.02,54616.6,210.27,259.75,0.809,False,,True,unattributed,1,evt_01-P01_desk_work_surface_0001,0471e78e41e1c3f2,native_source_context_fallback,no_pose_observation,54793.1,2.46,,1,01/e1/v1,
smoke_01,01.Candidate was found using a mobile phone in the examination hall..mkv,b842b03e5784d867e93770560d88150a526250df69077cd3065edbbd4c842098,dfine_sahi,53620.0,unknown_object,0.266,921.42,511.78,987.91,602.3,6018.3,66.49,90.52,0.735,False,,True,unattributed,1,evt_01-P01_desk_work_surface_0001,0471e78e41e1c3f2,native_source_context_fallback,no_pose_observation,54793.1,2.46,,1,01/e1/v1,
smoke_01,01.Candidate was found using a mobile phone in the examination hall..mkv,b842b03e5784d867e93770560d88150a526250df69077cd3065edbbd4c842098,dfine_sahi,53620.0,unknown_object,0.2551,903.01,656.52,974.13,698.67,2997.6,71.12,42.15,1.687,False,,True,unattributed,1,evt_01-P01_desk_work_surface_0001,0471e78e41e1c3f2,native_source_context_fallback,no_pose_observation,54793.1,2.46,,1,01/e1/v1,
smoke_01,01.Candidate was found using a mobile phone in the examination hall..mkv,b842b03e5784d867e93770560d88150a526250df69077cd3065edbbd4c842098,dfine_sahi,53620.0,phone,0.2526,961.93,524.45,1013.04,602.16,3971.0,51.11,77.7,0.658,False,,True,unattributed,1,evt_01-P01_desk_work_surface_0001,0471e78e41e1c3f2,native_source_context_fallback,no_pose_observation,54793.1,2.46,,1,01/e1/v1,
smoke_01,01.Candidate was found using a mobile phone in the examination hall..mkv,b842b03e5784d867e93770560d88150a526250df69077cd3065edbbd4c842098,dfine_sahi,53620.0,unknown_object,0.7969,649.86,406.22,725.47,536.7,9866.7,75.61,130.49,0.579,False,,True,unattributed,2,evt_01-P01_desk_work_surface_0001,d8856ff8f231780b,native_source_context_fallback,wrist_confidence_below_floor,24133.7,2.71,,1,01/e1/v1,rtmpose_baseline
smoke_01,01.Candidate was found using a mobile phone in the examination hall..mkv,b842b03e5784d867e93770560d88150a526250df69077cd3065edbbd4c842098,dfine_sahi,53620.0,bag,0.786,630.82,406.95,694.8,537.96,8382.3,63.98,131.01,0.488,False,,True,unattributed,2,evt_01-P01_desk_work_surface_0001,d8856ff8f231780b,native_source_context_fallback,wrist_confidence_below_floor,24133.7,2.71,,1,01/e1/v1,rtmpose_baseline
smoke_01,01.Candidate was found using a mobile phone in the examination hall..mkv,b842b03e5784d867e93770560d88150a526250df69077cd3065edbbd4c842098,dfine_sahi,53620.0,unknown_object,0.7633,698.76,397.86,752.03,538.53,7494.5,53.27,140.68,0.379,False,,True,unattributed,2,evt_01-P01_desk_work_surface_0001,d8856ff8f231780b,native_source_context_fallback,wrist_confidence_below_floor,24133.7,2.71,,1,01/e1/v1,rtmpose_baseline
smoke_01,01.Candidate was found using a mobile phone in the examination hall..mkv,b842b03e5784d867e93770560d88150a526250df69077cd3065edbbd4c842098,dfine_sahi,53620.0,unknown_object,0.6367,630.89,364.94,694.7,435.62,4509.7,63.81,70.67,0.903,False,,True,unattributed,2,evt_01-P01_desk_work_surface_0001,d8856ff8f231780b,native_source_context_fallback,wrist_confidence_below_floor,24133.7,2.71,,1,01/e1/v1,rtmpose_baseline
smoke_01,01.Candidate was found using a mobile phone in the examination hall..mkv,b842b03e5784d867e93770560d88150a526250df69077cd3065edbbd4c842098,dfine_sahi,53620.0,unknown_object,0.6106,630.98,368.91,660.34,378.34,277.0,29.37,9.43,3.113,False,,True,unattributed,2,evt_01-P01_desk_work_surface_0001,d8856ff8f231780b,native_source_context_fallback,wrist_confidence_below_floor,24133.7,2.71,,1,01/e1/v1,rtmpose_baseline
smoke_01,01.Candidate was found using a mobile phone in the examination hall..mkv,b842b03e5784d867e93770560d88150a526250df69077cd3065edbbd4c842098,dfine_sahi,53620.0,unknown_object,0.5478,684.54,451.02,727.19,538.32,3723.4,42.65,87.3,0.489,False,,True,unattributed,2,evt_01-P01_desk_work_surface_0001,d8856ff8f231780b,native_source_context_fallback,wrist_confidence_below_floor,24133.7,2.71,,1,01/e1/v1,rtmpose_baseline
smoke_01,01.Candidate was found using a mobile phone in the examination hall..mkv,b842b03e5784d867e93770560d88150a526250df69077cd3065edbbd4c842098,dfine_sahi,53620.0,unknown_object,0.4723,724.34,397.69,748.95,429.82,790.7,24.61,32.12,0.766,False,,True,unattributed,2,evt_01-P01_desk_work_surface_0001,d8856ff8f231780b,native_source_context_fallback,wrist_confidence_below_floor,24133.7,2.71,,1,01/e1/v1,rtmpose_baseline
smoke_01,01.Candidate was found using a mobile phone in the examination hall..mkv,b842b03e5784d867e93770560d88150a526250df69077cd3065edbbd4c842098,dfine_sahi,53620.0,unknown_object,0.4685,649.93,365.48,667.32,401.1,619.4,17.39,35.61,0.488,False,,True,unattributed,2,evt_01-P01_desk_work_surface_0001,d8856ff8f231780b,native_source_context_fallback,wrist_confidence_below_floor,24133.7,2.71,,1,01/e1/v1,rtmpose_baseline
smoke_01,01.Candidate was found using a mobile phone in the examination hall..mkv,b842b03e5784d867e93770560d88150a526250df69077cd3065edbbd4c842098,dfine_sahi,53620.0,unknown_object,0.4037,703.94,461.47,770.98,538.83,5185.6,67.04,77.35,0.867,False,,True,unattributed,2,evt_01-P01_desk_work_surface_0001,d8856ff8f231780b,native_source_context_fallback,wrist_confidence_below_floor,24133.7,2.71,,1,01/e1/v1,rtmpose_baseline
smoke_01,01.Candidate was found using a mobile phone in the examination hall..mkv,b842b03e5784d867e93770560d88150a526250df69077cd3065edbbd4c842098,dfine_sahi,53620.0,unknown_object,0.4034,649.89,368.82,660.53,377.88,96.4,10.64,9.06,1.174,True,object footprint 96 px is under the 120 px floor for a call,False,unattributed,2,evt_01-P01_desk_work_surface_0001,d8856ff8f231780b,native_source_context_fallback,wrist_confidence_below_floor,24133.7,2.71,,1,01/e1/v1,rtmpose_baseline
smoke_01,01.Candidate was found using a mobile phone in the examination hall..mkv,b842b03e5784d867e93770560d88150a526250df69077cd3065edbbd4c842098,dfine_sahi,53620.0,unknown_object,0.3834,693.9,406.11,726.96,454.9,1613.4,33.06,48.8,0.678,False,,True,unattributed,2,evt_01-P01_desk_work_surface_0001,d8856ff8f231780b,native_source_context_fallback,wrist_confidence_below_floor,24133.7,2.71,,1,01/e1/v1,rtmpose_baseline
smoke_01,01.Candidate was found using a mobile phone in the examination hall..mkv,b842b03e5784d867e93770560d88150a526250df69077cd3065edbbd4c842098,dfine_sahi,53620.0,bag,0.3763,630.87,406.08,665.9,455.3,1724.5,35.04,49.22,0.712,False,,True,unattributed,2,evt_01-P01_desk_work_surface_0001,d8856ff8f231780b,native_source_context_fallback,wrist_confidence_below_floor,24133.7,2.71,,1,01/e1/v1,rtmpose_baseline
smoke_01,01.Candidate was found using a mobile phone in the examination hall..mkv,b842b03e5784d867e93770560d88150a526250df69077cd3065edbbd4c842098,dfine_sahi,53620.0,unknown_object,0.3729,674.97,406.78,694.79,435.98,578.6,19.82,29.2,0.679,False,,True,unattributed,2,evt_01-P01_desk_work_surface_0001,d8856ff8f231780b,native_source_context_fallback,wrist_confidence_below_floor,24133.7,2.71,,1,01/e1/v1,rtmpose_baseline
smoke_01,01.Candidate was found using a mobile phone in the examination hall..mkv,b842b03e5784d867e93770560d88150a526250df69077cd3065edbbd4c842098,dfine_sahi,53620.0,unknown_object,0.3687,674.98,406.92,695.2,537.96,2649.9,20.22,131.04,0.154,False,,True,unattributed,2,evt_01-P01_desk_work_surface_0001,d8856ff8f231780b,native_source_context_fallback,wrist_confidence_below_floor,24133.7,2.71,,1,01/e1/v1,rtmpose_baseline
smoke_01,01.Candidate was found using a mobile phone in the examination hall..mkv,b842b03e5784d867e93770560d88150a526250df69077cd3065edbbd4c842098,dfine_sahi,53620.0,unknown_object,0.3627,639.62,406.6,694.52,435.93,1610.1,54.9,29.33,1.872,False,,True,unattributed,2,evt_01-P01_desk_work_surface_0001,d8856ff8f231780b,native_source_context_fallback,wrist_confidence_below_floor,24133.7,2.71,,1,01/e1/v1,rtmpose_baseline
smoke_01,01.Candidate was found using a mobile phone in the examination hall..mkv,b842b03e5784d867e93770560d88150a526250df69077cd3065edbbd4c842098,dfine_sahi,53620.0,unknown_object,0.314,721.73,346.62,751.43,369.23,671.3,29.7,22.61,1.314,False,,True,unattributed,2,evt_01-P01_desk_work_surface_0001,d8856ff8f231780b,native_source_context_fallback,wrist_confidence_below_floor,24133.7,2.71,,1,01/e1/v1,rtmpose_baseline
smoke_01,01.Candidate was found using a mobile phone in the examination hall..mkv,b842b03e5784d867e93770560d88150a526250df69077cd3065edbbd4c842098,dfine_sahi,53620.0,unknown_object,0.303,630.97,365.12,667.07,420.9,2013.3,36.09,55.78,0.647,False,,True,unattributed,2,evt_01-P01_desk_work_surface_0001,d8856ff8f231780b,native_source_context_fallback,wrist_confidence_below_floor,24133.7,2.71,,1,01/e1/v1,rtmpose_baseline
smoke_01,01.Candidate was found using a mobile phone in the examination hall..mkv,b842b03e5784d867e93770560d88150a526250df69077cd3065edbbd4c842098,dfine_sahi,53620.0,unknown_object,0.2996,631.1,317.9,726.44,435.24,11187.6,95.34,117.34,0.813,False,,True,unattributed,2,evt_01-P01_desk_work_surface_0001,d8856ff8f231780b,native_source_context_fallback,wrist_confidence_below_floor,24133.7,2.71,,1,01/e1/v1,rtmpose_baseline
smoke_01,01.Candidate was found using a mobile phone in the examination hall..mkv,b842b03e5784d867e93770560d88150a526250df69077cd3065edbbd4c842098,dfine_sahi,53620.0,unknown_object,0.2862,691.2,451.01,726.68,486.47,1258.3,35.49,35.46,1.001,False,,True,unattributed,2,evt_01-P01_desk_work_surface_0001,d8856ff8f231780b,native_source_context_fallback,wrist_confidence_below_floor,24133.7,2.71,,1,01/e1/v1,rtmpose_baseline
smoke_01,01.Candidate was found using a mobile phone in the examination hall..mkv,b842b03e5784d867e93770560d88150a526250df69077cd3065edbbd4c842098,dfine_sahi,53620.0,unknown_object,0.2641,706.06,318.53,727.02,340.04,450.9,20.96,21.51,0.975,False,,True,unattributed,2,evt_01-P01_desk_work_surface_0001,d8856ff8f231780b,native_source_context_fallback,wrist_confidence_below_floor,24133.7,2.71,,1,01/e1/v1,rtmpose_baseline
smoke_01,01.Candidate was found using a mobile phone in the examination hall..mkv,b842b03e5784d867e93770560d88150a526250df69077cd3065edbbd4c842098,dfine_sahi,53620.0,unknown_object,0.252,733.62,371.15,752.13,404.46,616.5,18.51,33.31,0.556,False,,True,unattributed,2,evt_01-P01_desk_work_surface_0001,d8856ff8f231780b,native_source_context_fallback,wrist_confidence_below_floor,24133.7,2.71,,1,01/e1/v1,rtmpose_baseline
smoke_01,01.Candidate was found using a mobile phone in the examination hall..mkv,b842b03e5784d867e93770560d88150a526250df69077cd3065edbbd4c842098,dfine_sahi,54620.0,unknown_object,0.5016,143.92,545.23,223.94,635.7,7239.2,80.02,90.46,0.885,False,,True,unattributed,3,evt_01-P01_desk_work_surface_0001,235afe13070ce83d,native_source_context_fallback,wrist_confidence_below_floor,22781.4,3.68,,1,01/e1/v1,rtmpose_baseline
smoke_01,01.Candidate was found using a mobile phone in the examination hall..mkv,b842b03e5784d867e93770560d88150a526250df69077cd3065edbbd4c842098,dfine_sahi,54620.0,phone,0.3898,252.34,615.19,281.11,641.94,769.5,28.77,26.75,1.075,False,,True,unattributed,3,evt_01-P01_desk_work_surface_0001,235afe13070ce83d,native_source_context_fallback,wrist_confidence_below_floor,22781.4,3.68,,1,01/e1/v1,rtmpose_baseline
smoke_01,01.Candidate was found using a mobile phone in the examination hall..mkv,b842b03e5784d867e93770560d88150a526250df69077cd3065edbbd4c842098,dfine_sahi,54620.0,phone,0.3447,235.53,620.21,281.04,674.57,2474.0,45.51,54.36,0.837,False,,True,unattributed,3,evt_01-P01_desk_work_surface_0001,235afe13070ce83d,native_source_context_fallback,wrist_confidence_below_floor,22781.4,3.68,,1,01/e1/v1,rtmpose_baseline
smoke_01,01.Candidate was found using a mobile phone in the examination hall..mkv,b842b03e5784d867e93770560d88150a526250df69077cd3065edbbd4c842098,dfine_sahi,54620.0,unknown_object,0.3273,248.72,665.07,281.1,717.68,1703.6,32.38,52.61,0.615,False,,True,unattributed,3,evt_01-P01_desk_work_surface_0001,235afe13070ce83d,native_source_context_fallback,wrist_confidence_below_floor,22781.4,3.68,,1,01/e1/v1,rtmpose_baseline
smoke_01,01.Candidate was found using a mobile phone in the examination hall..mkv,b842b03e5784d867e93770560d88150a526250df69077cd3065edbbd4c842098,dfine_sahi,54620.0,unknown_object,0.3205,250.25,620.15,280.92,657.09,1133.1,30.67,36.94,0.83,False,,True,unattributed,3,evt_01-P01_desk_work_surface_0001,235afe13070ce83d,native_source_context_fallback,wrist_confidence_below_floor,22781.4,3.68,,1,01/e1/v1,rtmpose_baseline
smoke_01,01.Candidate was found using a mobile phone in the examination hall..mkv,b842b03e5784d867e93770560d88150a526250df69077cd3065edbbd4c842098,dfine_sahi,54620.0,phone,0.291,226.28,544.14,269.91,606.59,2725.1,43.63,62.45,0.699,False,,True,unattributed,3,evt_01-P01_desk_work_surface_0001,235afe13070ce83d,native_source_context_fallback,wrist_confidence_below_floor,22781.4,3.68,,1,01/e1/v1,rtmpose_baseline
smoke_01,01.Candidate was found using a mobile phone in the examination hall..mkv,b842b03e5784d867e93770560d88150a526250df69077cd3065edbbd4c842098,dfine_sahi,54620.0,stationery,0.2838,127.96,544.05,177.69,576.41,1608.9,49.73,32.36,1.537,False,,True,unattributed,3,evt_01-P01_desk_work_surface_0001,235afe13070ce83d,native_source_context_fallback,wrist_confidence_below_floor,22781.4,3.68,,1,01/e1/v1,rtmpose_baseline
smoke_01,01.Candidate was found using a mobile phone in the examination hall..mkv,b842b03e5784d867e93770560d88150a526250df69077cd3065edbbd4c842098,dfine_sahi,54620.0,unknown_object,0.2779,185.16,620.08,272.31,654.23,2975.7,87.14,34.15,2.552,False,,True,unattributed,3,evt_01-P01_desk_work_surface_0001,235afe13070ce83d,native_source_context_fallback,wrist_confidence_below_floor,22781.4,3.68,,1,01/e1/v1,rtmpose_baseline
smoke_01,01.Candidate was found using a mobile phone in the examination hall..mkv,b842b03e5784d867e93770560d88150a526250df69077cd3065edbbd4c842098,dfine_sahi,54620.0,monitor_or_bezel,0.8534,980.06,582.67,1080.12,713.12,13053.8,100.06,130.45,0.767,False,,True,unattributed,1,evt_01-P01_desk_work_surface_0001,25fa009d93035fc2,native_source_context_fallback,wrist_confidence_below_floor,51439.2,2.49,,1,01/e1/v1,rtmpose_baseline
smoke_01,01.Candidate was found using a mobile phone in the examination hall..mkv,b842b03e5784d867e93770560d88150a526250df69077cd3065edbbd4c842098,dfine_sahi,54620.0,stationery,0.7165,882.47,456.97,990.66,598.16,15275.7,108.19,141.19,0.766,False,,True,unattributed,1,evt_01-P01_desk_work_surface_0001,25fa009d93035fc2,native_source_context_fallback,wrist_confidence_below_floor,51439.2,2.49,,1,01/e1/v1,rtmpose_baseline
smoke_01,01.Candidate was found using a mobile phone in the examination hall..mkv,b842b03e5784d867e93770560d88150a526250df69077cd3065edbbd4c842098,dfine_sahi,54620.0,phone,0.5807,879.03,569.14,991.89,713.53,16296.3,112.86,144.39,0.782,False,,True,unattributed,1,evt_01-P01_desk_work_surface_0001,25fa009d93035fc2,native_source_context_fallback,wrist_confidence_below_floor,51439.2,2.49,,1,01/e1/v1,rtmpose_baseline
smoke_01,01.Candidate was found using a mobile phone in the examination hall..mkv,b842b03e5784d867e93770560d88150a526250df69077cd3065edbbd4c842098,dfine_sahi,54620.0,phone,0.5719,1036.61,562.39,1080.25,588.84,1153.9,43.63,26.45,1.65,False,,True,unattributed,1,evt_01-P01_desk_work_surface_0001,25fa009d93035fc2,native_source_context_fallback,wrist_confidence_below_floor,51439.2,2.49,,1,01/e1/v1,rtmpose_baseline
smoke_01,01.Candidate was found using a mobile phone in the examination hall..mkv,b842b03e5784d867e93770560d88150a526250df69077cd3065edbbd4c842098,dfine_sahi,54620.0,unknown_object,0.4238,912.44,510.34,991.97,600.7,7186.1,79.53,90.36,0.88,False,,True,unattributed,1,evt_01-P01_desk_work_surface_0001,25fa009d93035fc2,native_source_context_fallback,wrist_confidence_below_floor,51439.2,2.49,,1,01/e1/v1,rtmpose_baseline
smoke_01,01.Candidate was found using a mobile phone in the examination hall..mkv,b842b03e5784d867e93770560d88150a526250df69077cd3065edbbd4c842098,dfine_sahi,54620.0,unknown_object,0.4201,913.17,555.29,970.88,600.93,2634.1,57.71,45.64,1.264,False,,True,unattributed,1,evt_01-P01_desk_work_surface_0001,25fa009d93035fc2,native_source_context_fallback,wrist_confidence_below_floor,51439.2,2.49,,1,01/e1/v1,rtmpose_baseline
smoke_01,01.Candidate was found using a mobile phone in the examination hall..mkv,b842b03e5784d867e93770560d88150a526250df69077cd3065edbbd4c842098,dfine_sahi,54620.0,unknown_object,0.4148,882.13,457.23,1031.02,605.8,22120.5,148.89,148.57,1.002,False,,True,unattributed,1,evt_01-P01_desk_work_surface_0001,25fa009d93035fc2,native_source_context_fallback,wrist_confidence_below_floor,51439.2,2.49,,1,01/e1/v1,rtmpose_baseline
smoke_01,01.Candidate was found using a mobile phone in the examination hall..mkv,b842b03e5784d867e93770560d88150a526250df69077cd3065edbbd4c842098,dfine_sahi,54620.0,unknown_object,0.3847,878.9,569.13,991.94,713.52,16321.2,113.04,144.39,0.783,False,,True,unattributed,1,evt_01-P01_desk_work_surface_0001,25fa009d93035fc2,native_source_context_fallback,wrist_confidence_below_floor,51439.2,2.49,,1,01/e1/v1,rtmpose_baseline
smoke_01,01.Candidate was found using a mobile phone in the examination hall..mkv,b842b03e5784d867e93770560d88150a526250df69077cd3065edbbd4c842098,dfine_sahi,54620.0,unknown_object,0.3727,925.76,457.14,1005.21,514.31,4542.6,79.45,57.17,1.39,False,,True,unattributed,1,evt_01-P01_desk_work_surface_0001,25fa009d93035fc2,native_source_context_fallback,wrist_confidence_below_floor,51439.2,2.49,,1,01/e1/v1,rtmpose_baseline
smoke_01,01.Candidate was found using a mobile phone in the examination hall..mkv,b842b03e5784d867e93770560d88150a526250df69077cd3065edbbd4c842098,dfine_sahi,54620.0,unknown_object,0.3606,882.38,457.22,937.25,601.16,7896.9,54.86,143.94,0.381,False,,True,unattributed,1,evt_01-P01_desk_work_surface_0001,25fa009d93035fc2,native_source_context_fallback,wrist_confidence_below_floor,51439.2,2.49,,1,01/e1/v1,rtmpose_baseline
smoke_01,01.Candidate was found using a mobile phone in the examination hall..mkv,b842b03e5784d867e93770560d88150a526250df69077cd3065edbbd4c842098,dfine_sahi,54620.0,unknown_object,0.2793,878.85,558.98,894.79,653.73,1510.0,15.94,94.74,0.168,False,,True,unattributed,1,evt_01-P01_desk_work_surface_0001,25fa009d93035fc2,native_source_context_fallback,wrist_confidence_below_floor,51439.2,2.49,,1,01/e1/v1,rtmpose_baseline
smoke_01,01.Candidate was found using a mobile phone in the examination hall..mkv,b842b03e5784d867e93770560d88150a526250df69077cd3065edbbd4c842098,dfine_sahi,54620.0,stationery,0.2679,922.06,481.92,982.85,545.14,3843.0,60.79,63.22,0.962,False,,True,unattributed,1,evt_01-P01_desk_work_surface_0001,25fa009d93035fc2,native_source_context_fallback,wrist_confidence_below_floor,51439.2,2.49,,1,01/e1/v1,rtmpose_baseline
smoke_01,01.Candidate was found using a mobile phone in the examination hall..mkv,b842b03e5784d867e93770560d88150a526250df69077cd3065edbbd4c842098,dfine_sahi,54620.0,unknown_object,0.2537,907.3,569.32,972.94,639.82,4628.1,65.64,70.51,0.931,False,,True,unattributed,1,evt_01-P01_desk_work_surface_0001,25fa009d93035fc2,native_source_context_fallback,wrist_confidence_below_floor,51439.2,2.49,,1,01/e1/v1,rtmpose_baseline
smoke_01,01.Candidate was found using a mobile phone in the examination hall..mkv,b842b03e5784d867e93770560d88150a526250df69077cd3065edbbd4c842098,dfine_sahi,54620.0,phone,0.2527,879.38,656.73,987.39,713.66,6149.2,108.01,56.93,1.897,False,,True,unattributed,1,evt_01-P01_desk_work_surface_0001,25fa009d93035fc2,native_source_context_fallback,wrist_confidence_below_floor,51439.2,2.49,,1,01/e1/v1,rtmpose_baseline
smoke_01,01.Candidate was found using a mobile phone in the examination hall..mkv,b842b03e5784d867e93770560d88150a526250df69077cd3065edbbd4c842098,dfine_sahi,54620.0,unknown_object,0.2508,1005.12,559.33,1079.9,600.84,3104.3,74.77,41.52,1.801,False,,True,unattributed,1,evt_01-P01_desk_work_surface_0001,25fa009d93035fc2,native_source_context_fallback,wrist_confidence_below_floor,51439.2,2.49,,1,01/e1/v1,rtmpose_baseline
smoke_01,01.Candidate was found using a mobile phone in the examination hall..mkv,b842b03e5784d867e93770560d88150a526250df69077cd3065edbbd4c842098,dfine_sahi,54620.0,unknown_object,0.8372,686.3,404.26,771.96,533.57,11077.1,85.66,129.31,0.662,False,,True,unattributed,2,evt_01-P01_desk_work_surface_0001,e66c33d77dda99c7,native_source_context_fallback,wrist_confidence_below_floor,21896.8,2.76,,1,01/e1/v1,rtmpose_baseline
smoke_01,01.Candidate was found using a mobile phone in the examination hall..mkv,b842b03e5784d867e93770560d88150a526250df69077cd3065edbbd4c842098,dfine_sahi,54620.0,unknown_object,0.8126,654.95,405.43,724.79,531.42,8799.6,69.84,125.99,0.554,False,,True,unattributed,2,evt_01-P01_desk_work_surface_0001,e66c33d77dda99c7,native_source_context_fallback,wrist_confidence_below_floor,21896.8,2.76,,1,01/e1/v1,rtmpose_baseline
smoke_01,01.Candidate was found using a mobile phone in the examination hall..mkv,b842b03e5784d867e93770560d88150a526250df69077cd3065edbbd4c842098,dfine_sahi,54620.0,mouse,0.8107,639.55,368.89,660.35,377.73,183.9,20.8,8.84,2.352,False,,True,unattributed,2,evt_01-P01_desk_work_surface_0001,e66c33d77dda99c7,native_source_context_fallback,wrist_confidence_below_floor,21896.8,2.76,,1,01/e1/v1,rtmpose_baseline
smoke_01,01.Candidate was found using a mobile phone in the examination hall..mkv,b842b03e5784d867e93770560d88150a526250df69077cd3065edbbd4c842098,dfine_sahi,54620.0,unknown_object,0.5439,634.04,406.16,694.97,532.63,7706.7,60.93,126.48,0.482,False,,True,unattributed,2,evt_01-P01_desk_work_surface_0001,e66c33d77dda99c7,native_source_context_fallback,wrist_confidence_below_floor,21896.8,2.76,,1,01/e1/v1,rtmpose_baseline
smoke_01,01.Candidate was found using a mobile phone in the examination hall..mkv,b842b03e5784d867e93770560d88150a526250df69077cd3065edbbd4c842098,dfine_sahi,54620.0,unknown_object,0.4727,633.93,365.11,694.65,432.69,4103.3,60.72,67.58,0.898,False,,True,unattributed,2,evt_01-P01_desk_work_surface_0001,e66c33d77dda99c7,native_source_context_fallback,wrist_confidence_below_floor,21896.8,2.76,,1,01/e1/v1,rtmpose_baseline
smoke_01,01.Candidate was found using a mobile phone in the examination hall..mkv,b842b03e5784d867e93770560d88150a526250df69077cd3065edbbd4c842098,dfine_sahi,54620.0,mouse,0.4613,654.99,368.95,660.37,376.72,41.8,5.38,7.77,0.693,True,object footprint 42 px is under the 120 px floor for a call,False,unattributed,2,evt_01-P01_desk_work_surface_0001,e66c33d77dda99c7,native_source_context_fallback,wrist_confidence_below_floor,21896.8,2.76,,1,01/e1/v1,rtmpose_baseline
smoke_01,01.Candidate was found using a mobile phone in the examination hall..mkv,b842b03e5784d867e93770560d88150a526250df69077cd3065edbbd4c842098,dfine_sahi,54620.0,unknown_object,0.4302,654.95,365.82,676.89,397.05,685.2,21.94,31.23,0.702,False,,True,unattributed,2,evt_01-P01_desk_work_surface_0001,e66c33d77dda99c7,native_source_context_fallback,wrist_confidence_below_floor,21896.8,2.76,,1,01/e1/v1,rtmpose_baseline
smoke_01,01.Candidate was found using a mobile phone in the examination hall..mkv,b842b03e5784d867e93770560d88150a526250df69077cd3065edbbd4c842098,dfine_sahi,54620.0,unknown_object,0.4281,727.82,397.89,748.42,428.6,632.8,20.61,30.71,0.671,False,,True,unattributed,2,evt_01-P01_desk_work_surface_0001,e66c33d77dda99c7,native_source_context_fallback,wrist_confidence_below_floor,21896.8,2.76,,1,01/e1/v1,rtmpose_baseline
smoke_01,01.Candidate was found using a mobile phone in the examination hall..mkv,b842b03e5784d867e93770560d88150a526250df69077cd3065edbbd4c842098,dfine_sahi,54620.0,unknown_object,0.3997,676.02,407.54,694.93,527.71,2272.1,18.91,120.17,0.157,False,,True,unattributed,2,evt_01-P01_desk_work_surface_0001,e66c33d77dda99c7,native_source_context_fallback,wrist_confidence_below_floor,21896.8,2.76,,1,01/e1/v1,rtmpose_baseline
smoke_01,01.Candidate was found using a mobile phone in the examination hall..mkv,b842b03e5784d867e93770560d88150a526250df69077cd3065edbbd4c842098,dfine_sahi,54620.0,unknown_object,0.3886,633.99,404.07,668.49,453.0,1687.9,34.5,48.93,0.705,False,,True,unattributed,2,evt_01-P01_desk_work_surface_0001,e66c33d77dda99c7,native_source_context_fallback,wrist_confidence_below_floor,21896.8,2.76,,1,01/e1/v1,rtmpose_baseline
smoke_01,01.Candidate was found using a mobile phone in the examination hall..mkv,b842b03e5784d867e93770560d88150a526250df69077cd3065edbbd4c842098,dfine_sahi,54620.0,unknown_object,0.3448,728.15,347.06,771.95,432.74,3752.4,43.8,85.68,0.511,False,,True,unattributed,2,evt_01-P01_desk_work_surface_0001,e66c33d77dda99c7,native_source_context_fallback,wrist_confidence_below_floor,21896.8,2.76,,1,01/e1/v1,rtmpose_baseline
smoke_01,01.Candidate was found using a mobile phone in the examination hall..mkv,b842b03e5784d867e93770560d88150a526250df69077cd3065edbbd4c842098,dfine_sahi,54620.0,unknown_object,0.3397,676.01,407.09,694.81,432.99,487.1,18.81,25.9,0.726,False,,True,unattributed,2,evt_01-P01_desk_work_surface_0001,e66c33d77dda99c7,native_source_context_fallback,wrist_confidence_below_floor,21896.8,2.76,,1,01/e1/v1,rtmpose_baseline
smoke_01,01.Candidate was found using a mobile phone in the examination hall..mkv,b842b03e5784d867e93770560d88150a526250df69077cd3065edbbd4c842098,dfine_sahi,54620.0,unknown_object,0.316,638.3,405.96,694.78,432.9,1521.7,56.48,26.94,2.097,False,,True,unattributed,2,evt_01-P01_desk_work_surface_0001,e66c33d77dda99c7,native_source_context_fallback,wrist_confidence_below_floor,21896.8,2.76,,1,01/e1/v1,rtmpose_baseline
smoke_01,01.Candidate was found using a mobile phone in the examination hall..mkv,b842b03e5784d867e93770560d88150a526250df69077cd3065edbbd4c842098,dfine_sahi,54620.0,unknown_object,0.2836,685.66,451.67,730.09,533.1,3617.6,44.43,81.43,0.546,False,,True,unattributed,2,evt_01-P01_desk_work_surface_0001,e66c33d77dda99c7,native_source_context_fallback,wrist_confidence_below_floor,21896.8,2.76,,1,01/e1/v1,rtmpose_baseline
smoke_01,01.Candidate was found using a mobile phone in the examination hall..mkv,b842b03e5784d867e93770560d88150a526250df69077cd3065edbbd4c842098,dfine_sahi,54620.0,unknown_object,0.2809,690.93,404.19,730.07,455.87,2022.7,39.14,51.68,0.757,False,,True,unattributed,2,evt_01-P01_desk_work_surface_0001,e66c33d77dda99c7,native_source_context_fallback,wrist_confidence_below_floor,21896.8,2.76,,1,01/e1/v1,rtmpose_baseline
smoke_01,01.Candidate was found using a mobile phone in the examination hall..mkv,b842b03e5784d867e93770560d88150a526250df69077cd3065edbbd4c842098,dfine_sahi,54620.0,unknown_object,0.2766,702.35,397.7,750.92,501.65,5048.7,48.57,103.95,0.467,False,,True,unattributed,2,evt_01-P01_desk_work_surface_0001,e66c33d77dda99c7,native_source_context_fallback,wrist_confidence_below_floor,21896.8,2.76,,1,01/e1/v1,rtmpose_baseline
smoke_01,01.Candidate was found using a mobile phone in the examination hall..mkv,b842b03e5784d867e93770560d88150a526250df69077cd3065edbbd4c842098,dfine_sahi,54620.0,unknown_object,0.2716,676.16,407.54,725.58,485.81,3868.7,49.43,78.27,0.631,False,,True,unattributed,2,evt_01-P01_desk_work_surface_0001,e66c33d77dda99c7,native_source_context_fallback,wrist_confidence_below_floor,21896.8,2.76,,1,01/e1/v1,rtmpose_baseline
smoke_01,01.Candidate was found using a mobile phone in the examination hall..mkv,b842b03e5784d867e93770560d88150a526250df69077cd3065edbbd4c842098,dfine_sahi,54620.0,unknown_object,0.2677,701.52,476.08,751.08,533.74,2856.9,49.55,57.66,0.859,False,,True,unattributed,2,evt_01-P01_desk_work_surface_0001,e66c33d77dda99c7,native_source_context_fallback,wrist_confidence_below_floor,21896.8,2.76,,1,01/e1/v1,rtmpose_baseline
smoke_01,01.Candidate was found using a mobile phone in the examination hall..mkv,b842b03e5784d867e93770560d88150a526250df69077cd3065edbbd4c842098,dfine_sahi,54620.0,unknown_object,0.2612,735.63,372.67,751.08,403.25,472.6,15.46,30.58,0.505,False,,True,unattributed,2,evt_01-P01_desk_work_surface_0001,e66c33d77dda99c7,native_source_context_fallback,wrist_confidence_below_floor,21896.8,2.76,,1,01/e1/v1,rtmpose_baseline
smoke_01,01.Candidate was found using a mobile phone in the examination hall..mkv,b842b03e5784d867e93770560d88150a526250df69077cd3065edbbd4c842098,dfine_sahi,54620.0,unknown_object,0.2604,710.85,318.33,730.01,339.7,409.4,19.16,21.37,0.897,False,,True,unattributed,2,evt_01-P01_desk_work_surface_0001,e66c33d77dda99c7,native_source_context_fallback,wrist_confidence_below_floor,21896.8,2.76,,1,01/e1/v1,rtmpose_baseline
smoke_01,01.Candidate was found using a mobile phone in the examination hall..mkv,b842b03e5784d867e93770560d88150a526250df69077cd3065edbbd4c842098,dfine_sahi,55620.0,unknown_object,0.4461,765.08,634.56,783.83,677.01,796.0,18.75,42.45,0.442,False,,True,unattributed,4,evt_01-P01_desk_work_surface_0001,00494f6f7d030de8,pose_hand_context,,25659.6,3.23,,1,01/e1/v1,rtmpose_baseline
smoke_01,01.Candidate was found using a mobile phone in the examination hall..mkv,b842b03e5784d867e93770560d88150a526250df69077cd3065edbbd4c842098,dfine_sahi,55620.0,unknown_object,0.4081,780.98,624.06,864.19,719.24,7919.3,83.2,95.18,0.874,False,,True,unattributed,4,evt_01-P01_desk_work_surface_0001,00494f6f7d030de8,pose_hand_context,,25659.6,3.23,,1,01/e1/v1,rtmpose_baseline
smoke_01,01.Candidate was found using a mobile phone in the examination hall..mkv,b842b03e5784d867e93770560d88150a526250df69077cd3065edbbd4c842098,dfine_sahi,55620.0,unknown_object,0.3694,765.17,653.57,778.0,676.62,295.8,12.83,23.05,0.557,False,,True,unattributed,4,evt_01-P01_desk_work_surface_0001,00494f6f7d030de8,pose_hand_context,,25659.6,3.23,,1,01/e1/v1,rtmpose_baseline
smoke_01,01.Candidate was found using a mobile phone in the examination hall..mkv,b842b03e5784d867e93770560d88150a526250df69077cd3065edbbd4c842098,dfine_sahi,55620.0,mouse,0.2948,748.55,703.82,777.55,719.97,468.2,29.0,16.15,1.796,False,,True,unattributed,4,evt_01-P01_desk_work_surface_0001,00494f6f7d030de8,pose_hand_context,,25659.6,3.23,,1,01/e1/v1,rtmpose_baseline
smoke_01,01.Candidate was found using a mobile phone in the examination hall..mkv,b842b03e5784d867e93770560d88150a526250df69077cd3065edbbd4c842098,dfine_sahi,55620.0,unknown_object,0.2596,767.32,633.37,777.99,651.34,191.9,10.68,17.97,0.594,False,,True,unattributed,4,evt_01-P01_desk_work_surface_0001,00494f6f7d030de8,pose_hand_context,,25659.6,3.23,,1,01/e1/v1,rtmpose_baseline
smoke_01,01.Candidate was found using a mobile phone in the examination hall..mkv,b842b03e5784d867e93770560d88150a526250df69077cd3065edbbd4c842098,dfine_sahi,55620.0,stationery,0.6265,890.11,456.02,985.85,590.32,12856.6,95.73,134.3,0.713,False,,True,unattributed,1,evt_01-P01_desk_work_surface_0001,85ed2f58dac0cb02,native_source_context_fallback,wrist_confidence_below_floor,40377.8,2.67,,1,01/e1/v1,rtmpose_baseline
smoke_01,01.Candidate was found using a mobile phone in the examination hall..mkv,b842b03e5784d867e93770560d88150a526250df69077cd3065edbbd4c842098,dfine_sahi,55620.0,unknown_object,0.5972,890.77,456.16,1059.53,668.87,35898.0,168.76,212.71,0.793,False,,True,unattributed,1,evt_01-P01_desk_work_surface_0001,85ed2f58dac0cb02,native_source_context_fallback,wrist_confidence_below_floor,40377.8,2.67,,1,01/e1/v1,rtmpose_baseline
smoke_01,01.Candidate was found using a mobile phone in the examination hall..mkv,b842b03e5784d867e93770560d88150a526250df69077cd3065edbbd4c842098,dfine_sahi,55620.0,phone,0.5666,981.04,585.38,1059.89,695.66,8695.1,78.84,110.28,0.715,False,,True,unattributed,1,evt_01-P01_desk_work_surface_0001,85ed2f58dac0cb02,native_source_context_fallback,wrist_confidence_below_floor,40377.8,2.67,,1,01/e1/v1,rtmpose_baseline
smoke_01,01.Candidate was found using a mobile phone in the examination hall..mkv,b842b03e5784d867e93770560d88150a526250df69077cd3065edbbd4c842098,dfine_sahi,55620.0,unknown_object,0.3515,890.0,561.13,985.87,695.61,12893.1,95.88,134.48,0.713,False,,True,unattributed,1,evt_01-P01_desk_work_surface_0001,85ed2f58dac0cb02,native_source_context_fallback,wrist_confidence_below_floor,40377.8,2.67,,1,01/e1/v1,rtmpose_baseline
smoke_01,01.Candidate was found using a mobile phone in the examination hall..mkv,b842b03e5784d867e93770560d88150a526250df69077cd3065edbbd4c842098,dfine_sahi,55620.0,unknown_object,0.3414,1005.59,561.49,1059.93,614.33,2871.3,54.34,52.84,1.028,False,,True,unattributed,1,evt_01-P01_desk_work_surface_0001,85ed2f58dac0cb02,native_source_context_fallback,wrist_confidence_below_floor,40377.8,2.67,,1,01/e1/v1,rtmpose_baseline
smoke_01,01.Candidate was found using a mobile phone in the examination hall..mkv,b842b03e5784d867e93770560d88150a526250df69077cd3065edbbd4c842098,dfine_sahi,55620.0,bag,0.3091,919.01,507.83,985.91,590.78,5549.2,66.9,82.95,0.806,False,,True,unattributed,1,evt_01-P01_desk_work_surface_0001,85ed2f58dac0cb02,native_source_context_fallback,wrist_confidence_below_floor,40377.8,2.67,,1,01/e1/v1,rtmpose_baseline
smoke_01,01.Candidate was found using a mobile phone in the examination hall..mkv,b842b03e5784d867e93770560d88150a526250df69077cd3065edbbd4c842098,dfine_sahi,55620.0,unknown_object,0.2994,1033.68,575.52,1059.95,590.97,405.8,26.27,15.45,1.701,False,,True,unattributed,1,evt_01-P01_desk_work_surface_0001,85ed2f58dac0cb02,native_source_context_fallback,wrist_confidence_below_floor,40377.8,2.67,,1,01/e1/v1,rtmpose_baseline
smoke_01,01.Candidate was found using a mobile phone in the examination hall..mkv,b842b03e5784d867e93770560d88150a526250df69077cd3065edbbd4c842098,dfine_sahi,55620.0,unknown_object,0.2987,980.61,585.69,1059.95,695.65,8724.4,79.34,109.96,0.722,False,,True,unattributed,1,evt_01-P01_desk_work_surface_0001,85ed2f58dac0cb02,native_source_context_fallback,wrist_confidence_below_floor,40377.8,2.67,,1,01/e1/v1,rtmpose_baseline
smoke_01,01.Candidate was found using a mobile phone in the examination hall..mkv,b842b03e5784d867e93770560d88150a526250df69077cd3065edbbd4c842098,dfine_sahi,55620.0,unknown_object,0.289,925.51,456.13,1006.5,515.44,4803.5,80.98,59.31,1.365,False,,True,unattributed,1,evt_01-P01_desk_work_surface_0001,85ed2f58dac0cb02,native_source_context_fallback,wrist_confidence_below_floor,40377.8,2.67,,1,01/e1/v1,rtmpose_baseline
smoke_01,01.Candidate was found using a mobile phone in the examination hall..mkv,b842b03e5784d867e93770560d88150a526250df69077cd3065edbbd4c842098,dfine_sahi,55620.0,monitor_or_bezel,0.2693,964.3,585.11,1059.99,695.72,10583.3,95.68,110.61,0.865,False,,True,unattributed,1,evt_01-P01_desk_work_surface_0001,85ed2f58dac0cb02,native_source_context_fallback,wrist_confidence_below_floor,40377.8,2.67,,1,01/e1/v1,rtmpose_baseline
smoke_01,01.Candidate was found using a mobile phone in the examination hall..mkv,b842b03e5784d867e93770560d88150a526250df69077cd3065edbbd4c842098,dfine_sahi,55620.0,stationery,0.2571,912.66,456.19,957.69,544.96,3996.9,45.03,88.77,0.507,False,,True,unattributed,1,evt_01-P01_desk_work_surface_0001,85ed2f58dac0cb02,native_source_context_fallback,wrist_confidence_below_floor,40377.8,2.67,,1,01/e1/v1,rtmpose_baseline
smoke_01,01.Candidate was found using a mobile phone in the examination hall..mkv,b842b03e5784d867e93770560d88150a526250df69077cd3065edbbd4c842098,dfine_sahi,55620.0,unknown_object,0.4861,651.03,406.04,693.89,488.87,3549.9,42.86,82.83,0.517,False,,True,unattributed,2,evt_01-P01_desk_work_surface_0001,afd934de3ca2e11f,pose_hand_context,,2304.0,13.33,,1,01/e1/v1,rtmpose_baseline
smoke_01,01.Candidate was found using a mobile phone in the examination hall..mkv,b842b03e5784d867e93770560d88150a526250df69077cd3065edbbd4c842098,dfine_sahi,55620.0,unknown_object,0.3727,650.96,394.27,746.94,489.09,9101.3,95.99,94.82,1.012,False,,True,unattributed,2,evt_01-P01_desk_work_surface_0001,afd934de3ca2e11f,pose_hand_context,,2304.0,13.33,,1,01/e1/v1,rtmpose_baseline
smoke_01,01.Candidate was found using a mobile phone in the examination hall..mkv,b842b03e5784d867e93770560d88150a526250df69077cd3065edbbd4c842098,dfine_sahi,55620.0,unknown_object,0.3126,664.65,394.07,733.85,452.07,4013.6,69.2,58.0,1.193,False,,True,unattributed,2,evt_01-P01_desk_work_surface_0001,afd934de3ca2e11f,pose_hand_context,,2304.0,13.33,,1,01/e1/v1,rtmpose_baseline
smoke_01,01.Candidate was found using a mobile phone in the examination hall..mkv,b842b03e5784d867e93770560d88150a526250df69077cd3065edbbd4c842098,dfine_sahi,55620.0,unknown_object,0.3108,693.1,419.36,713.89,441.4,458.4,20.8,22.04,0.944,False,,True,unattributed,2,evt_01-P01_desk_work_surface_0001,afd934de3ca2e11f,pose_hand_context,,2304.0,13.33,,1,01/e1/v1,rtmpose_baseline
smoke_01,01.Candidate was found using a mobile phone in the examination hall..mkv,b842b03e5784d867e93770560d88150a526250df69077cd3065edbbd4c842098,dfine_sahi,55620.0,unknown_object,0.3088,715.03,397.83,746.96,488.89,2907.9,31.93,91.07,0.351,False,,True,unattributed,2,evt_01-P01_desk_work_surface_0001,afd934de3ca2e11f,pose_hand_context,,2304.0,13.33,,1,01/e1/v1,rtmpose_baseline
smoke_01,01.Candidate was found using a mobile phone in the examination hall..mkv,b842b03e5784d867e93770560d88150a526250df69077cd3065edbbd4c842098,dfine_sahi,56620.0,unknown_object,0.6811,698.79,495.2,757.27,584.98,5250.3,58.48,89.78,0.651,False,,True,unattributed,5,evt_01-P01_desk_work_surface_0001,10fdd921eb491ef3,pose_hand_context,,54125.7,2.66,,1,01/e1/v1,rtmpose_baseline
smoke_01,01.Candidate was found using a mobile phone in the examination hall..mkv,b842b03e5784d867e93770560d88150a526250df69077cd3065edbbd4c842098,dfine_sahi,56620.0,unknown_object,0.5751,674.99,576.78,700.64,645.63,1765.9,25.65,68.85,0.373,False,,True,unattributed,5,evt_01-P01_desk_work_surface_0001,10fdd921eb491ef3,pose_hand_context,,54125.7,2.66,,1,01/e1/v1,rtmpose_baseline
smoke_01,01.Candidate was found using a mobile phone in the examination hall..mkv,b842b03e5784d867e93770560d88150a526250df69077cd3065edbbd4c842098,dfine_sahi,56620.0,bag,0.4921,727.08,700.18,788.51,719.8,1205.6,61.43,19.63,3.13,False,,True,unattributed,5,evt_01-P01_desk_work_surface_0001,10fdd921eb491ef3,pose_hand_context,,54125.7,2.66,,1,01/e1/v1,rtmpose_baseline
smoke_01,01.Candidate was found using a mobile phone in the examination hall..mkv,b842b03e5784d867e93770560d88150a526250df69077cd3065edbbd4c842098,dfine_sahi,56620.0,bag,0.3973,727.07,668.09,824.97,719.16,4999.6,97.9,51.07,1.917,False,,True,unattributed,5,evt_01-P01_desk_work_surface_0001,10fdd921eb491ef3,pose_hand_context,,54125.7,2.66,,1,01/e1/v1,rtmpose_baseline
smoke_01,01.Candidate was found using a mobile phone in the examination hall..mkv,b842b03e5784d867e93770560d88150a526250df69077cd3065edbbd4c842098,dfine_sahi,56620.0,unknown_object,0.3586,779.97,668.85,825.12,719.47,2285.6,45.15,50.62,0.892,False,,True,unattributed,5,evt_01-P01_desk_work_surface_0001,10fdd921eb491ef3,pose_hand_context,,54125.7,2.66,,1,01/e1/v1,rtmpose_baseline
smoke_01,01.Candidate was found using a mobile phone in the examination hall..mkv,b842b03e5784d867e93770560d88150a526250df69077cd3065edbbd4c842098,dfine_sahi,56620.0,phone,0.3174,813.79,650.78,825.62,666.73,188.7,11.83,15.95,0.742,False,,True,unattributed,5,evt_01-P01_desk_work_surface_0001,10fdd921eb491ef3,pose_hand_context,,54125.7,2.66,,1,01/e1/v1,rtmpose_baseline
smoke_01,01.Candidate was found using a mobile phone in the examination hall..mkv,b842b03e5784d867e93770560d88150a526250df69077cd3065edbbd4c842098,dfine_sahi,56620.0,unknown_object,0.3022,792.23,517.01,824.3,613.17,3083.2,32.06,96.16,0.333,False,,True,unattributed,5,evt_01-P01_desk_work_surface_0001,10fdd921eb491ef3,pose_hand_context,,54125.7,2.66,,1,01/e1/v1,rtmpose_baseline
smoke_01,01.Candidate was found using a mobile phone in the examination hall..mkv,b842b03e5784d867e93770560d88150a526250df69077cd3065edbbd4c842098,dfine_sahi,56620.0,unknown_object,0.2939,674.98,615.59,700.38,645.75,765.8,25.4,30.15,0.842,False,,True,unattributed,5,evt_01-P01_desk_work_surface_0001,10fdd921eb491ef3,pose_hand_context,,54125.7,2.66,,1,01/e1/v1,rtmpose_baseline
smoke_01,01.Candidate was found using a mobile phone in the examination hall..mkv,b842b03e5784d867e93770560d88150a526250df69077cd3065edbbd4c842098,dfine_sahi,56620.0,unknown_object,0.2781,792.01,516.71,914.68,619.63,12625.2,122.67,102.92,1.192,False,,True,unattributed,5,evt_01-P01_desk_work_surface_0001,10fdd921eb491ef3,pose_hand_context,,54125.7,2.66,,1,01/e1/v1,rtmpose_baseline
smoke_01,01.Candidate was found using a mobile phone in the examination hall..mkv,b842b03e5784d867e93770560d88150a526250df69077cd3065edbbd4c842098,dfine_sahi,56620.0,mouse,0.8251,639.58,368.87,660.27,377.54,179.3,20.68,8.67,2.386,False,,True,unattributed,2,evt_01-P01_desk_work_surface_0001,5d708bed411ddbd4,native_source_context_fallback,wrist_confidence_below_floor,17350.1,3.44,,1,01/e1/v1,rtmpose_baseline
smoke_01,01.Candidate was found using a mobile phone in the examination hall..mkv,b842b03e5784d867e93770560d88150a526250df69077cd3065edbbd4c842098,dfine_sahi,56620.0,unknown_object,0.8111,650.01,406.76,745.56,489.55,7909.9,95.54,82.79,1.154,False,,True,unattributed,2,evt_01-P01_desk_work_surface_0001,5d708bed411ddbd4,native_source_context_fallback,wrist_confidence_below_floor,17350.1,3.44,,1,01/e1/v1,rtmpose_baseline
smoke_01,01.Candidate was found using a mobile phone in the examination hall..mkv,b842b03e5784d867e93770560d88150a526250df69077cd3065edbbd4c842098,dfine_sahi,56620.0,unknown_object,0.5764,662.48,385.05,725.91,455.28,4454.0,63.42,70.22,0.903,False,,True,unattributed,2,evt_01-P01_desk_work_surface_0001,5d708bed411ddbd4,native_source_context_fallback,wrist_confidence_below_floor,17350.1,3.44,,1,01/e1/v1,rtmpose_baseline
smoke_01,01.Candidate was found using a mobile phone in the examination hall..mkv,b842b03e5784d867e93770560d88150a526250df69077cd3065edbbd4c842098,dfine_sahi,56620.0,bag,0.574,632.0,406.55,695.04,489.59,5234.2,63.04,83.04,0.759,False,,True,unattributed,2,evt_01-P01_desk_work_surface_0001,5d708bed411ddbd4,native_source_context_fallback,wrist_confidence_below_floor,17350.1,3.44,,1,01/e1/v1,rtmpose_baseline
smoke_01,01.Candidate was found using a mobile phone in the examination hall..mkv,b842b03e5784d867e93770560d88150a526250df69077cd3065edbbd4c842098,dfine_sahi,56620.0,unknown_object,0.5227,629.92,365.1,667.97,407.8,1625.1,38.06,42.7,0.891,False,,True,unattributed,2,evt_01-P01_desk_work_surface_0001,5d708bed411ddbd4,native_source_context_fallback,wrist_confidence_below_floor,17350.1,3.44,,1,01/e1/v1,rtmpose_baseline
smoke_01,01.Candidate was found using a mobile phone in the examination hall..mkv,b842b03e5784d867e93770560d88150a526250df69077cd3065edbbd4c842098,dfine_sahi,56620.0,unknown_object,0.4945,723.56,369.3,745.95,446.37,1725.5,22.39,77.06,0.291,False,,True,unattributed,2,evt_01-P01_desk_work_surface_0001,5d708bed411ddbd4,native_source_context_fallback,wrist_confidence_below_floor,17350.1,3.44,,1,01/e1/v1,rtmpose_baseline
smoke_01,01.Candidate was found using a mobile phone in the examination hall..mkv,b842b03e5784d867e93770560d88150a526250df69077cd3065edbbd4c842098,dfine_sahi,56620.0,unknown_object,0.4497,669.92,406.63,694.97,489.48,2075.2,25.05,82.85,0.302,False,,True,unattributed,2,evt_01-P01_desk_work_surface_0001,5d708bed411ddbd4,native_source_context_fallback,wrist_confidence_below_floor,17350.1,3.44,,1,01/e1/v1,rtmpose_baseline
smoke_01,01.Candidate was found using a mobile phone in the examination hall..mkv,b842b03e5784d867e93770560d88150a526250df69077cd3065edbbd4c842098,dfine_sahi,56620.0,unknown_object,0.4237,721.81,368.88,762.42,407.81,1580.7,40.6,38.93,1.043,False,,True,unattributed,2,evt_01-P01_desk_work_surface_0001,5d708bed411ddbd4,native_source_context_fallback,wrist_confidence_below_floor,17350.1,3.44,,1,01/e1/v1,rtmpose_baseline
smoke_01,01.Candidate was found using a mobile phone in the examination hall..mkv,b842b03e5784d867e93770560d88150a526250df69077cd3065edbbd4c842098,dfine_sahi,56620.0,unknown_object,0.3971,649.97,365.03,668.31,401.12,661.7,18.34,36.09,0.508,False,,True,unattributed,2,evt_01-P01_desk_work_surface_0001,5d708bed411ddbd4,native_source_context_fallback,wrist_confidence_below_floor,17350.1,3.44,,1,01/e1/v1,rtmpose_baseline
smoke_01,01.Candidate was found using a mobile phone in the examination hall..mkv,b842b03e5784d867e93770560d88150a526250df69077cd3065edbbd4c842098,dfine_sahi,56620.0,unknown_object,0.3261,629.92,385.09,666.13,422.47,1353.8,36.22,37.38,0.969,False,,True,unattributed,2,evt_01-P01_desk_work_surface_0001,5d708bed411ddbd4,native_source_context_fallback,wrist_confidence_below_floor,17350.1,3.44,,1,01/e1/v1,rtmpose_baseline
smoke_01,01.Candidate was found using a mobile phone in the examination hall..mkv,b842b03e5784d867e93770560d88150a526250df69077cd3065edbbd4c842098,dfine_sahi,56620.0,unknown_object,0.3097,691.1,451.72,739.42,487.79,1743.3,48.32,36.07,1.34,False,,True,unattributed,2,evt_01-P01_desk_work_surface_0001,5d708bed411ddbd4,native_source_context_fallback,wrist_confidence_below_floor,17350.1,3.44,,1,01/e1/v1,rtmpose_baseline
smoke_01,01.Candidate was found using a mobile phone in the examination hall..mkv,b842b03e5784d867e93770560d88150a526250df69077cd3065edbbd4c842098,dfine_sahi,56620.0,unknown_object,0.3059,691.46,369.58,745.99,487.07,6406.9,54.53,117.5,0.464,False,,True,unattributed,2,evt_01-P01_desk_work_surface_0001,5d708bed411ddbd4,native_source_context_fallback,wrist_confidence_below_floor,17350.1,3.44,,1,01/e1/v1,rtmpose_baseline
smoke_01,01.Candidate was found using a mobile phone in the examination hall..mkv,b842b03e5784d867e93770560d88150a526250df69077cd3065edbbd4c842098,dfine_sahi,56620.0,unknown_object,0.3025,702.86,419.25,728.68,441.61,577.6,25.83,22.36,1.155,False,,True,unattributed,2,evt_01-P01_desk_work_surface_0001,5d708bed411ddbd4,native_source_context_fallback,wrist_confidence_below_floor,17350.1,3.44,,1,01/e1/v1,rtmpose_baseline
smoke_01,01.Candidate was found using a mobile phone in the examination hall..mkv,b842b03e5784d867e93770560d88150a526250df69077cd3065edbbd4c842098,dfine_sahi,56620.0,monitor_or_bezel,0.2955,631.97,406.52,695.04,489.46,5231.6,63.07,82.94,0.76,False,,True,unattributed,2,evt_01-P01_desk_work_surface_0001,5d708bed411ddbd4,native_source_context_fallback,wrist_confidence_below_floor,17350.1,3.44,,1,01/e1/v1,rtmpose_baseline
smoke_01,01.Candidate was found using a mobile phone in the examination hall..mkv,b842b03e5784d867e93770560d88150a526250df69077cd3065edbbd4c842098,dfine_sahi,56620.0,unknown_object,0.2944,694.21,317.27,726.07,346.26,923.4,31.86,28.98,1.099,False,,True,unattributed,2,evt_01-P01_desk_work_surface_0001,5d708bed411ddbd4,native_source_context_fallback,wrist_confidence_below_floor,17350.1,3.44,,1,01/e1/v1,rtmpose_baseline
smoke_01,01.Candidate was found using a mobile phone in the examination hall..mkv,b842b03e5784d867e93770560d88150a526250df69077cd3065edbbd4c842098,dfine_sahi,56620.0,unknown_object,0.292,693.09,418.55,729.78,455.87,1369.0,36.69,37.31,0.983,False,,True,unattributed,2,evt_01-P01_desk_work_surface_0001,5d708bed411ddbd4,native_source_context_fallback,wrist_confidence_below_floor,17350.1,3.44,,1,01/e1/v1,rtmpose_baseline
smoke_01,01.Candidate was found using a mobile phone in the examination hall..mkv,b842b03e5784d867e93770560d88150a526250df69077cd3065edbbd4c842098,dfine_sahi,56620.0,unknown_object,0.2553,736.98,331.35,765.46,370.48,1114.2,28.47,39.13,0.728,False,,True,unattributed,2,evt_01-P01_desk_work_surface_0001,5d708bed411ddbd4,native_source_context_fallback,wrist_confidence_below_floor,17350.1,3.44,,1,01/e1/v1,rtmpose_baseline
smoke_01,01.Candidate was found using a mobile phone in the examination hall..mkv,b842b03e5784d867e93770560d88150a526250df69077cd3065edbbd4c842098,dfine_sahi,56620.0,unknown_object,0.7653,996.34,580.55,1091.85,632.68,4979.0,95.51,52.13,1.832,False,,True,unattributed,1,evt_01-P01_desk_work_surface_0001,bcdb3f458162318f,native_source_context_fallback,wrist_confidence_below_floor,17711.7,3.59,,1,01/e1/v1,rtmpose_baseline
smoke_01,01.Candidate was found using a mobile phone in the examination hall..mkv,b842b03e5784d867e93770560d88150a526250df69077cd3065edbbd4c842098,dfine_sahi,56620.0,unknown_object,0.3864,966.18,506.9,981.14,522.39,231.7,14.95,15.49,0.965,False,,True,unattributed,1,evt_01-P01_desk_work_surface_0001,bcdb3f458162318f,native_source_context_fallback,wrist_confidence_below_floor,17711.7,3.59,,1,01/e1/v1,rtmpose_baseline
smoke_01,01.Candidate was found using a mobile phone in the examination hall..mkv,b842b03e5784d867e93770560d88150a526250df69077cd3065edbbd4c842098,dfine_sahi,56620.0,unknown_object,0.3726,992.4,589.1,1048.97,632.67,2464.8,56.57,43.57,1.298,False,,True,unattributed,1,evt_01-P01_desk_work_surface_0001,bcdb3f458162318f,native_source_context_fallback,wrist_confidence_below_floor,17711.7,3.59,,1,01/e1/v1,rtmpose_baseline
smoke_01,01.Candidate was found using a mobile phone in the examination hall..mkv,b842b03e5784d867e93770560d88150a526250df69077cd3065edbbd4c842098,dfine_sahi,56620.0,unknown_object,0.3459,995.96,455.34,1061.09,515.94,3946.6,65.13,60.6,1.075,False,,True,unattributed,1,evt_01-P01_desk_work_surface_0001,bcdb3f458162318f,native_source_context_fallback,wrist_confidence_below_floor,17711.7,3.59,,1,01/e1/v1,rtmpose_baseline
smoke_01,01.Candidate was found using a mobile phone in the examination hall..mkv,b842b03e5784d867e93770560d88150a526250df69077cd3065edbbd4c842098,dfine_sahi,56620.0,unknown_object,0.2741,1001.74,549.02,1028.63,572.9,642.1,26.89,23.88,1.126,False,,True,unattributed,1,evt_01-P01_desk_work_surface_0001,bcdb3f458162318f,native_source_context_fallback,wrist_confidence_below_floor,17711.7,3.59,,1,01/e1/v1,rtmpose_baseline
smoke_01,01.Candidate was found using a mobile phone in the examination hall..mkv,b842b03e5784d867e93770560d88150a526250df69077cd3065edbbd4c842098,dfine_sahi,56620.0,unknown_object,0.2564,974.05,455.22,1072.08,632.09,17339.2,98.03,176.88,0.554,False,,True,unattributed,1,evt_01-P01_desk_work_surface_0001,bcdb3f458162318f,native_source_context_fallback,wrist_confidence_below_floor,17711.7,3.59,,1,01/e1/v1,rtmpose_baseline
smoke_01,01.Candidate was found using a mobile phone in the examination hall..mkv,b842b03e5784d867e93770560d88150a526250df69077cd3065edbbd4c842098,dfine_sahi,57620.0,unknown_object,0.5762,651.03,406.71,694.61,490.28,3641.7,43.58,83.57,0.521,False,,True,unattributed,2,evt_01-P03_desk_work_surface_0014,10018b3bb1b0cf52,pose_hand_context,,2304.0,13.33,,1,01/e1/v1,rtmpose_baseline
smoke_01,01.Candidate was found using a mobile phone in the examination hall..mkv,b842b03e5784d867e93770560d88150a526250df69077cd3065edbbd4c842098,dfine_sahi,57620.0,unknown_object,0.5199,651.23,405.97,746.64,490.41,8055.7,95.4,84.44,1.13,False,,True,unattributed,2,evt_01-P03_desk_work_surface_0014,10018b3bb1b0cf52,pose_hand_context,,2304.0,13.33,,1,01/e1/v1,rtmpose_baseline
smoke_01,01.Candidate was found using a mobile phone in the examination hall..mkv,b842b03e5784d867e93770560d88150a526250df69077cd3065edbbd4c842098,dfine_sahi,57620.0,unknown_object,0.4726,690.92,420.53,744.18,488.41,3615.3,53.26,67.88,0.785,False,,True,unattributed,2,evt_01-P03_desk_work_surface_0014,10018b3bb1b0cf52,pose_hand_context,,2304.0,13.33,,1,01/e1/v1,rtmpose_baseline
smoke_01,01.Candidate was found using a mobile phone in the examination hall..mkv,b842b03e5784d867e93770560d88150a526250df69077cd3065edbbd4c842098,dfine_sahi,57620.0,unknown_object,0.3986,702.7,419.21,729.25,451.92,868.3,26.55,32.71,0.812,False,,True,unattributed,2,evt_01-P03_desk_work_surface_0014,10018b3bb1b0cf52,pose_hand_context,,2304.0,13.33,,1,01/e1/v1,rtmpose_baseline
smoke_01,01.Candidate was found using a mobile phone in the examination hall..mkv,b842b03e5784d867e93770560d88150a526250df69077cd3065edbbd4c842098,dfine_sahi,57620.0,unknown_object,0.3129,660.88,395.05,737.27,456.6,4700.8,76.38,61.54,1.241,False,,True,unattributed,2,evt_01-P03_desk_work_surface_0014,10018b3bb1b0cf52,pose_hand_context,,2304.0,13.33,,1,01/e1/v1,rtmpose_baseline
smoke_01,01.Candidate was found using a mobile phone in the examination hall..mkv,b842b03e5784d867e93770560d88150a526250df69077cd3065edbbd4c842098,dfine_sahi,57620.0,unknown_object,0.2893,703.07,395.11,735.82,441.84,1529.9,32.74,46.72,0.701,False,,True,unattributed,2,evt_01-P03_desk_work_surface_0014,10018b3bb1b0cf52,pose_hand_context,,2304.0,13.33,,1,01/e1/v1,rtmpose_baseline
smoke_01,01.Candidate was found using a mobile phone in the examination hall..mkv,b842b03e5784d867e93770560d88150a526250df69077cd3065edbbd4c842098,dfine_sahi,57620.0,monitor_or_bezel,0.8177,979.38,590.29,1045.84,712.41,8117.2,66.47,122.13,0.544,False,,True,unattributed,7,evt_01-P03_desk_work_surface_0014,54a4289636beba65,native_source_context_fallback,no_pose_observation,34916.6,2.51,,1,01/e1/v1,
smoke_01,01.Candidate was found using a mobile phone in the examination hall..mkv,b842b03e5784d867e93770560d88150a526250df69077cd3065edbbd4c842098,dfine_sahi,57620.0,monitor_or_bezel,0.4908,906.86,657.38,987.4,712.81,4464.3,80.55,55.43,1.453,False,,True,unattributed,7,evt_01-P03_desk_work_surface_0014,54a4289636beba65,native_source_context_fallback,no_pose_observation,34916.6,2.51,,1,01/e1/v1,
smoke_01,01.Candidate was found using a mobile phone in the examination hall..mkv,b842b03e5784d867e93770560d88150a526250df69077cd3065edbbd4c842098,dfine_sahi,57620.0,unknown_object,0.4045,1002.05,562.23,1045.8,620.02,2528.5,43.75,57.8,0.757,False,,True,unattributed,7,evt_01-P03_desk_work_surface_0014,54a4289636beba65,native_source_context_fallback,no_pose_observation,34916.6,2.51,,1,01/e1/v1,
smoke_01,01.Candidate was found using a mobile phone in the examination hall..mkv,b842b03e5784d867e93770560d88150a526250df69077cd3065edbbd4c842098,dfine_sahi,57620.0,unknown_object,0.3723,977.18,504.07,1002.47,533.87,753.5,25.28,29.8,0.848,False,,True,unattributed,7,evt_01-P03_desk_work_surface_0014,54a4289636beba65,native_source_context_fallback,no_pose_observation,34916.6,2.51,,1,01/e1/v1,
smoke_01,01.Candidate was found using a mobile phone in the examination hall..mkv,b842b03e5784d867e93770560d88150a526250df69077cd3065edbbd4c842098,dfine_sahi,57620.0,unknown_object,0.3614,1004.66,459.08,1055.08,601.55,7183.6,50.42,142.48,0.354,False,,True,unattributed,7,evt_01-P03_desk_work_surface_0014,54a4289636beba65,native_source_context_fallback,no_pose_observation,34916.6,2.51,,1,01/e1/v1,
smoke_01,01.Candidate was found using a mobile phone in the examination hall..mkv,b842b03e5784d867e93770560d88150a526250df69077cd3065edbbd4c842098,dfine_sahi,57620.0,unknown_object,0.3238,979.5,562.56,1045.82,712.06,9913.6,66.31,149.5,0.444,False,,True,unattributed,7,evt_01-P03_desk_work_surface_0014,54a4289636beba65,native_source_context_fallback,no_pose_observation,34916.6,2.51,,1,01/e1/v1,
smoke_01,01.Candidate was found using a mobile phone in the examination hall..mkv,b842b03e5784d867e93770560d88150a526250df69077cd3065edbbd4c842098,dfine_sahi,57620.0,monitor_or_bezel,0.3129,959.07,570.2,983.01,639.4,1656.2,23.93,69.2,0.346,False,,True,unattributed,7,evt_01-P03_desk_work_surface_0014,54a4289636beba65,native_source_context_fallback,no_pose_observation,34916.6,2.51,,1,01/e1/v1,
smoke_01,01.Candidate was found using a mobile phone in the examination hall..mkv,b842b03e5784d867e93770560d88150a526250df69077cd3065edbbd4c842098,dfine_sahi,57620.0,unknown_object,0.2873,1000.19,492.82,1046.81,571.09,3649.5,46.62,78.28,0.596,False,,True,unattributed,7,evt_01-P03_desk_work_surface_0014,54a4289636beba65,native_source_context_fallback,no_pose_observation,34916.6,2.51,,1,01/e1/v1,
smoke_01,01.Candidate was found using a mobile phone in the examination hall..mkv,b842b03e5784d867e93770560d88150a526250df69077cd3065edbbd4c842098,dfine_sahi,57620.0,monitor_or_bezel,0.2861,958.84,657.45,986.46,712.86,1530.6,27.62,55.41,0.499,False,,True,unattributed,7,evt_01-P03_desk_work_surface_0014,54a4289636beba65,native_source_context_fallback,no_pose_observation,34916.6,2.51,,1,01/e1/v1,
smoke_01,01.Candidate was found using a mobile phone in the examination hall..mkv,b842b03e5784d867e93770560d88150a526250df69077cd3065edbbd4c842098,dfine_sahi,57620.0,unknown_object,0.2829,1020.38,459.68,1045.91,541.85,2097.3,25.53,82.17,0.311,False,,True,unattributed,7,evt_01-P03_desk_work_surface_0014,54a4289636beba65,native_source_context_fallback,no_pose_observation,34916.6,2.51,,1,01/e1/v1,
smoke_01,01.Candidate was found using a mobile phone in the examination hall..mkv,b842b03e5784d867e93770560d88150a526250df69077cd3065edbbd4c842098,dfine_sahi,57620.0,unknown_object,0.282,1015.88,578.9,1055.07,601.96,904.0,39.19,23.07,1.699,False,,True,unattributed,7,evt_01-P03_desk_work_surface_0014,54a4289636beba65,native_source_context_fallback,no_pose_observation,34916.6,2.51,,1,01/e1/v1,
smoke_01,01.Candidate was found using a mobile phone in the examination hall..mkv,b842b03e5784d867e93770560d88150a526250df69077cd3065edbbd4c842098,dfine_sahi,57620.0,monitor_or_bezel,0.2755,979.9,657.27,1045.85,712.7,3655.3,65.95,55.43,1.19,False,,True,unattributed,7,evt_01-P03_desk_work_surface_0014,54a4289636beba65,native_source_context_fallback,no_pose_observation,34916.6,2.51,,1,01/e1/v1,
smoke_01,01.Candidate was found using a mobile phone in the examination hall..mkv,b842b03e5784d867e93770560d88150a526250df69077cd3065edbbd4c842098,dfine_sahi,57620.0,stationery,0.2549,987.07,561.58,1013.53,601.95,1068.1,26.46,40.36,0.656,False,,True,unattributed,7,evt_01-P03_desk_work_surface_0014,54a4289636beba65,native_source_context_fallback,no_pose_observation,34916.6,2.51,,1,01/e1/v1,
smoke_01,01.Candidate was found using a mobile phone in the examination hall..mkv,b842b03e5784d867e93770560d88150a526250df69077cd3065edbbd4c842098,dfine_sahi,57620.0,unknown_object,0.5384,995.35,586.02,1055.98,627.87,2536.9,60.63,41.84,1.449,False,,True,unattributed,8,evt_01-P03_desk_work_surface_0014,6e92c084fae52411,native_source_context_fallback,no_pose_observation,38285.2,2.25,,1,01/e1/v1,
smoke_01,01.Candidate was found using a mobile phone in the examination hall..mkv,b842b03e5784d867e93770560d88150a526250df69077cd3065edbbd4c842098,dfine_sahi,57620.0,bag,0.5178,960.0,343.07,1039.93,422.17,6322.4,79.93,79.1,1.01,False,,True,unattributed,8,evt_01-P03_desk_work_surface_0014,6e92c084fae52411,native_source_context_fallback,no_pose_observation,38285.2,2.25,,1,01/e1/v1,
smoke_01,01.Candidate was found using a mobile phone in the examination hall..mkv,b842b03e5784d867e93770560d88150a526250df69077cd3065edbbd4c842098,dfine_sahi,57620.0,bag,0.4471,993.1,421.35,1031.73,490.82,2683.4,38.63,69.47,0.556,False,,True,unattributed,8,evt_01-P03_desk_work_surface_0014,6e92c084fae52411,native_source_context_fallback,no_pose_observation,38285.2,2.25,,1,01/e1/v1,
smoke_01,01.Candidate was found using a mobile phone in the examination hall..mkv,b842b03e5784d867e93770560d88150a526250df69077cd3065edbbd4c842098,dfine_sahi,57620.0,unknown_object,0.44,1026.85,342.92,1056.11,480.61,4029.0,29.26,137.7,0.212,False,,True,unattributed,8,evt_01-P03_desk_work_surface_0014,6e92c084fae52411,native_source_context_fallback,no_pose_observation,38285.2,2.25,,1,01/e1/v1,
smoke_01,01.Candidate was found using a mobile phone in the examination hall..mkv,b842b03e5784d867e93770560d88150a526250df69077cd3065edbbd4c842098,dfine_sahi,57620.0,bag,0.4352,960.08,343.07,1031.9,375.65,2339.7,71.82,32.58,2.205,False,,True,unattributed,8,evt_01-P03_desk_work_surface_0014,6e92c084fae52411,native_source_context_fallback,no_pose_observation,38285.2,2.25,,1,01/e1/v1,
smoke_01,01.Candidate was found using a mobile phone in the examination hall..mkv,b842b03e5784d867e93770560d88150a526250df69077cd3065edbbd4c842098,dfine_sahi,57620.0,phone,0.3927,900.98,427.44,914.37,447.99,275.3,13.4,20.55,0.652,False,,True,unattributed,8,evt_01-P03_desk_work_surface_0014,6e92c084fae52411,native_source_context_fallback,no_pose_observation,38285.2,2.25,,1,01/e1/v1,
smoke_01,01.Candidate was found using a mobile phone in the examination hall..mkv,b842b03e5784d867e93770560d88150a526250df69077cd3065edbbd4c842098,dfine_sahi,57620.0,unknown_object,0.3713,1020.55,458.31,1045.99,541.34,2111.6,25.43,83.03,0.306,False,,True,unattributed,8,evt_01-P03_desk_work_surface_0014,6e92c084fae52411,native_source_context_fallback,no_pose_observation,38285.2,2.25,,1,01/e1/v1,
smoke_01,01.Candidate was found using a mobile phone in the examination hall..mkv,b842b03e5784d867e93770560d88150a526250df69077cd3065edbbd4c842098,dfine_sahi,57620.0,unknown_object,0.3596,1001.1,562.61,1045.94,621.75,2651.4,44.84,59.13,0.758,False,,True,unattributed,8,evt_01-P03_desk_work_surface_0014,6e92c084fae52411,native_source_context_fallback,no_pose_observation,38285.2,2.25,,1,01/e1/v1,
smoke_01,01.Candidate was found using a mobile phone in the examination hall..mkv,b842b03e5784d867e93770560d88150a526250df69077cd3065edbbd4c842098,dfine_sahi,57620.0,unknown_object,0.6229,697.47,494.19,759.95,585.09,5679.9,62.48,90.91,0.687,False,,True,unattributed,5,evt_01-P03_desk_work_surface_0014,e32e934da49e09dd,pose_hand_context,,52567.6,2.74,,1,01/e1/v1,rtmpose_baseline
smoke_01,01.Candidate was found using a mobile phone in the examination hall..mkv,b842b03e5784d867e93770560d88150a526250df69077cd3065edbbd4c842098,dfine_sahi,57620.0,unknown_object,0.5579,778.98,670.0,823.18,719.46,2185.8,44.2,49.46,0.894,False,,True,unattributed,5,evt_01-P03_desk_work_surface_0014,e32e934da49e09dd,pose_hand_context,,52567.6,2.74,,1,01/e1/v1,rtmpose_baseline
smoke_01,01.Candidate was found using a mobile phone in the examination hall..mkv,b842b03e5784d867e93770560d88150a526250df69077cd3065edbbd4c842098,dfine_sahi,57620.0,unknown_object,0.5579,676.0,576.79,700.62,645.52,1692.8,24.63,68.73,0.358,False,,True,unattributed,5,evt_01-P03_desk_work_surface_0014,e32e934da49e09dd,pose_hand_context,,52567.6,2.74,,1,01/e1/v1,rtmpose_baseline
smoke_01,01.Candidate was found using a mobile phone in the examination hall..mkv,b842b03e5784d867e93770560d88150a526250df69077cd3065edbbd4c842098,dfine_sahi,57620.0,bag,0.5077,726.98,700.13,788.33,720.02,1220.6,61.35,19.9,3.084,False,,True,unattributed,5,evt_01-P03_desk_work_surface_0014,e32e934da49e09dd,pose_hand_context,,52567.6,2.74,,1,01/e1/v1,rtmpose_baseline
smoke_01,01.Candidate was found using a mobile phone in the examination hall..mkv,b842b03e5784d867e93770560d88150a526250df69077cd3065edbbd4c842098,dfine_sahi,57620.0,unknown_object,0.454,676.0,495.74,701.2,645.59,3775.9,25.2,149.85,0.168,False,,True,unattributed,5,evt_01-P03_desk_work_surface_0014,e32e934da49e09dd,pose_hand_context,,52567.6,2.74,,1,01/e1/v1,rtmpose_baseline
smoke_01,01.Candidate was found using a mobile phone in the examination hall..mkv,b842b03e5784d867e93770560d88150a526250df69077cd3065edbbd4c842098,dfine_sahi,57620.0,bag,0.3778,792.47,494.25,909.84,620.0,14759.8,117.37,125.75,0.933,False,,True,unattributed,5,evt_01-P03_desk_work_surface_0014,e32e934da49e09dd,pose_hand_context,,52567.6,2.74,,1,01/e1/v1,rtmpose_baseline
smoke_01,01.Candidate was found using a mobile phone in the examination hall..mkv,b842b03e5784d867e93770560d88150a526250df69077cd3065edbbd4c842098,dfine_sahi,57620.0,unknown_object,0.3328,792.66,513.2,824.88,609.46,3102.3,32.23,96.26,0.335,False,,True,unattributed,5,evt_01-P03_desk_work_surface_0014,e32e934da49e09dd,pose_hand_context,,52567.6,2.74,,1,01/e1/v1,rtmpose_baseline
smoke_01,01.Candidate was found using a mobile phone in the examination hall..mkv,b842b03e5784d867e93770560d88150a526250df69077cd3065edbbd4c842098,dfine_sahi,57620.0,unknown_object,0.3324,778.96,605.25,823.44,719.3,5073.9,44.49,114.05,0.39,False,,True,unattributed,5,evt_01-P03_desk_work_surface_0014,e32e934da49e09dd,pose_hand_context,,52567.6,2.74,,1,01/e1/v1,rtmpose_baseline
smoke_01,01.Candidate was found using a mobile phone in the examination hall..mkv,b842b03e5784d867e93770560d88150a526250df69077cd3065edbbd4c842098,dfine_sahi,57620.0,unknown_object,0.3173,676.01,494.25,758.0,645.7,12416.7,81.99,151.44,0.541,False,,True,unattributed,5,evt_01-P03_desk_work_surface_0014,e32e934da49e09dd,pose_hand_context,,52567.6,2.74,,1,01/e1/v1,rtmpose_baseline
smoke_01,01.Candidate was found using a mobile phone in the examination hall..mkv,b842b03e5784d867e93770560d88150a526250df69077cd3065edbbd4c842098,dfine_sahi,57620.0,phone,0.3114,811.69,646.72,823.11,663.17,187.6,11.41,16.44,0.694,False,,True,unattributed,5,evt_01-P03_desk_work_surface_0014,e32e934da49e09dd,pose_hand_context,,52567.6,2.74,,1,01/e1/v1,rtmpose_baseline
smoke_01,01.Candidate was found using a mobile phone in the examination hall..mkv,b842b03e5784d867e93770560d88150a526250df69077cd3065edbbd4c842098,dfine_sahi,57620.0,unknown_object,0.2822,792.92,522.96,807.99,611.24,1330.6,15.07,88.28,0.171,False,,True,unattributed,5,evt_01-P03_desk_work_surface_0014,e32e934da49e09dd,pose_hand_context,,52567.6,2.74,,1,01/e1/v1,rtmpose_baseline
smoke_01,01.Candidate was found using a mobile phone in the examination hall..mkv,b842b03e5784d867e93770560d88150a526250df69077cd3065edbbd4c842098,dfine_sahi,57620.0,unknown_object,0.6978,975.85,493.3,1046.32,557.52,4525.4,70.47,64.22,1.097,False,,True,unattributed,6,evt_01-P03_desk_work_surface_0014,ef46d85844a996ed,native_source_context_fallback,no_pose_observation,14043.5,3.78,,1,01/e1/v1,
smoke_01,01.Candidate was found using a mobile phone in the examination hall..mkv,b842b03e5784d867e93770560d88150a526250df69077cd3065edbbd4c842098,dfine_sahi,57620.0,stationery,0.6535,982.11,561.2,1013.79,627.09,2087.9,31.69,65.89,0.481,False,,True,unattributed,6,evt_01-P03_desk_work_surface_0014,ef46d85844a996ed,native_source_context_fallback,no_pose_observation,14043.5,3.78,,1,01/e1/v1,
smoke_01,01.Candidate was found using a mobile phone in the examination hall..mkv,b842b03e5784d867e93770560d88150a526250df69077cd3065edbbd4c842098,dfine_sahi,57620.0,unknown_object,0.5167,974.02,467.42,1002.32,518.37,1441.5,28.3,50.94,0.555,False,,True,unattributed,6,evt_01-P03_desk_work_surface_0014,ef46d85844a996ed,native_source_context_fallback,no_pose_observation,14043.5,3.78,,1,01/e1/v1,
smoke_01,01.Candidate was found using a mobile phone in the examination hall..mkv,b842b03e5784d867e93770560d88150a526250df69077cd3065edbbd4c842098,dfine_sahi,57620.0,unknown_object,0.4732,976.44,502.09,1002.48,533.81,825.9,26.04,31.72,0.821,False,,True,unattributed,6,evt_01-P03_desk_work_surface_0014,ef46d85844a996ed,native_source_context_fallback,no_pose_observation,14043.5,3.78,,1,01/e1/v1,
smoke_01,01.Candidate was found using a mobile phone in the examination hall..mkv,b842b03e5784d867e93770560d88150a526250df69077cd3065edbbd4c842098,dfine_sahi,57620.0,unknown_object,0.4495,993.19,587.25,1052.08,631.77,2621.3,58.89,44.51,1.323,False,,True,unattributed,6,evt_01-P03_desk_work_surface_0014,ef46d85844a996ed,native_source_context_fallback,no_pose_observation,14043.5,3.78,,1,01/e1/v1,
smoke_01,01.Candidate was found using a mobile phone in the examination hall..mkv,b842b03e5784d867e93770560d88150a526250df69077cd3065edbbd4c842098,dfine_sahi,57620.0,unknown_object,0.3433,1002.59,575.86,1069.94,619.05,2909.0,67.35,43.19,1.559,False,,True,unattributed,6,evt_01-P03_desk_work_surface_0014,ef46d85844a996ed,native_source_context_fallback,no_pose_observation,14043.5,3.78,,1,01/e1/v1,
smoke_01,01.Candidate was found using a mobile phone in the examination hall..mkv,b842b03e5784d867e93770560d88150a526250df69077cd3065edbbd4c842098,dfine_sahi,58620.0,phone,0.7961,1015.3,505.35,1030.8,531.1,399.0,15.49,25.75,0.602,False,,True,unattributed,6,evt_01-P03_upper_body_0018,352196567e9ed251,native_source_context_fallback,no_pose_observation,14518.5,3.89,,1,01/e1/v1,
smoke_01,01.Candidate was found using a mobile phone in the examination hall..mkv,b842b03e5784d867e93770560d88150a526250df69077cd3065edbbd4c842098,dfine_sahi,58620.0,unknown_object,0.4846,994.64,585.13,1053.91,629.8,2647.5,59.27,44.67,1.327,False,,True,unattributed,6,evt_01-P03_upper_body_0018,352196567e9ed251,native_source_context_fallback,no_pose_observation,14518.5,3.89,,1,01/e1/v1,
smoke_01,01.Candidate was found using a mobile phone in the examination hall..mkv,b842b03e5784d867e93770560d88150a526250df69077cd3065edbbd4c842098,dfine_sahi,58620.0,phone,0.4332,995.01,465.07,1030.69,530.82,2346.1,35.68,65.75,0.543,False,,True,unattributed,6,evt_01-P03_upper_body_0018,352196567e9ed251,native_source_context_fallback,no_pose_observation,14518.5,3.89,,1,01/e1/v1,
smoke_01,01.Candidate was found using a mobile phone in the examination hall..mkv,b842b03e5784d867e93770560d88150a526250df69077cd3065edbbd4c842098,dfine_sahi,58620.0,unknown_object,0.3954,1011.56,574.99,1072.95,611.11,2217.2,61.39,36.12,1.7,False,,True,unattributed,6,evt_01-P03_upper_body_0018,352196567e9ed251,native_source_context_fallback,no_pose_observation,14518.5,3.89,,1,01/e1/v1,
smoke_01,01.Candidate was found using a mobile phone in the examination hall..mkv,b842b03e5784d867e93770560d88150a526250df69077cd3065edbbd4c842098,dfine_sahi,58620.0,phone,0.3666,994.22,463.06,1029.98,485.53,803.5,35.76,22.47,1.592,False,,True,unattributed,6,evt_01-P03_upper_body_0018,352196567e9ed251,native_source_context_fallback,no_pose_observation,14518.5,3.89,,1,01/e1/v1,
smoke_01,01.Candidate was found using a mobile phone in the examination hall..mkv,b842b03e5784d867e93770560d88150a526250df69077cd3065edbbd4c842098,dfine_sahi,58620.0,bag,0.3338,938.23,535.55,987.99,630.27,4713.2,49.76,94.72,0.525,False,,True,unattributed,6,evt_01-P03_upper_body_0018,352196567e9ed251,native_source_context_fallback,no_pose_observation,14518.5,3.89,,1,01/e1/v1,
smoke_01,01.Candidate was found using a mobile phone in the examination hall..mkv,b842b03e5784d867e93770560d88150a526250df69077cd3065edbbd4c842098,dfine_sahi,58620.0,phone,0.2808,1014.83,463.28,1031.15,531.23,1109.1,16.32,67.95,0.24,False,,True,unattributed,6,evt_01-P03_upper_body_0018,352196567e9ed251,native_source_context_fallback,no_pose_observation,14518.5,3.89,,1,01/e1/v1,
smoke_01,01.Candidate was found using a mobile phone in the examination hall..mkv,b842b03e5784d867e93770560d88150a526250df69077cd3065edbbd4c842098,dfine_sahi,58620.0,unknown_object,0.2793,981.93,560.61,1073.01,630.55,6370.5,91.08,69.94,1.302,False,,True,unattributed,6,evt_01-P03_upper_body_0018,352196567e9ed251,native_source_context_fallback,no_pose_observation,14518.5,3.89,,1,01/e1/v1,
smoke_01,01.Candidate was found using a mobile phone in the examination hall..mkv,b842b03e5784d867e93770560d88150a526250df69077cd3065edbbd4c842098,dfine_sahi,58620.0,unknown_object,0.2597,1002.3,566.17,1033.98,620.08,1708.1,31.69,53.9,0.588,False,,True,unattributed,6,evt_01-P03_upper_body_0018,352196567e9ed251,native_source_context_fallback,no_pose_observation,14518.5,3.89,,1,01/e1/v1,
smoke_01,01.Candidate was found using a mobile phone in the examination hall..mkv,b842b03e5784d867e93770560d88150a526250df69077cd3065edbbd4c842098,dfine_sahi,58620.0,unknown_object,0.6704,777.97,607.47,823.11,719.46,5055.1,45.14,111.99,0.403,False,,True,unattributed,5,evt_01-P03_upper_body_0018,a37c948dd6043680,pose_hand_context,,53122.5,2.66,,1,01/e1/v1,rtmpose_baseline
smoke_01,01.Candidate was found using a mobile phone in the examination hall..mkv,b842b03e5784d867e93770560d88150a526250df69077cd3065edbbd4c842098,dfine_sahi,58620.0,unknown_object,0.567,699.34,499.07,753.47,585.06,4654.9,54.13,85.99,0.63,False,,True,unattributed,5,evt_01-P03_upper_body_0018,a37c948dd6043680,pose_hand_context,,53122.5,2.66,,1,01/e1/v1,rtmpose_baseline
smoke_01,01.Candidate was found using a mobile phone in the examination hall..mkv,b842b03e5784d867e93770560d88150a526250df69077cd3065edbbd4c842098,dfine_sahi,58620.0,unknown_object,0.5312,672.99,576.62,700.81,645.46,1914.9,27.82,68.83,0.404,False,,True,unattributed,5,evt_01-P03_upper_body_0018,a37c948dd6043680,pose_hand_context,,53122.5,2.66,,1,01/e1/v1,rtmpose_baseline
smoke_01,01.Candidate was found using a mobile phone in the examination hall..mkv,b842b03e5784d867e93770560d88150a526250df69077cd3065edbbd4c842098,dfine_sahi,58620.0,bag,0.4578,727.1,700.33,788.66,719.72,1194.0,61.56,19.4,3.174,False,,True,unattributed,5,evt_01-P03_upper_body_0018,a37c948dd6043680,pose_hand_context,,53122.5,2.66,,1,01/e1/v1,rtmpose_baseline
smoke_01,01.Candidate was found using a mobile phone in the examination hall..mkv,b842b03e5784d867e93770560d88150a526250df69077cd3065edbbd4c842098,dfine_sahi,58620.0,unknown_object,0.4557,777.97,669.57,822.88,719.63,2248.4,44.92,50.06,0.897,False,,True,unattributed,5,evt_01-P03_upper_body_0018,a37c948dd6043680,pose_hand_context,,53122.5,2.66,,1,01/e1/v1,rtmpose_baseline
smoke_01,01.Candidate was found using a mobile phone in the examination hall..mkv,b842b03e5784d867e93770560d88150a526250df69077cd3065edbbd4c842098,dfine_sahi,58620.0,bag,0.3619,790.4,520.06,822.52,616.57,3099.3,32.12,96.5,0.333,False,,True,unattributed,5,evt_01-P03_upper_body_0018,a37c948dd6043680,pose_hand_context,,53122.5,2.66,,1,01/e1/v1,rtmpose_baseline
smoke_01,01.Candidate was found using a mobile phone in the examination hall..mkv,b842b03e5784d867e93770560d88150a526250df69077cd3065edbbd4c842098,dfine_sahi,58620.0,unknown_object,0.359,673.03,576.72,699.71,598.31,575.7,26.67,21.58,1.236,False,,True,unattributed,5,evt_01-P03_upper_body_0018,a37c948dd6043680,pose_hand_context,,53122.5,2.66,,1,01/e1/v1,rtmpose_baseline
smoke_01,01.Candidate was found using a mobile phone in the examination hall..mkv,b842b03e5784d867e93770560d88150a526250df69077cd3065edbbd4c842098,dfine_sahi,58620.0,unknown_object,0.3176,672.91,498.99,752.32,645.61,11643.2,79.41,146.61,0.542,False,,True,unattributed,5,evt_01-P03_upper_body_0018,a37c948dd6043680,pose_hand_context,,53122.5,2.66,,1,01/e1/v1,rtmpose_baseline
smoke_01,01.Candidate was found using a mobile phone in the examination hall..mkv,b842b03e5784d867e93770560d88150a526250df69077cd3065edbbd4c842098,dfine_sahi,58620.0,unknown_object,0.2617,672.98,614.69,700.4,645.55,846.0,27.41,30.86,0.888,False,,True,unattributed,5,evt_01-P03_upper_body_0018,a37c948dd6043680,pose_hand_context,,53122.5,2.66,,1,01/e1/v1,rtmpose_baseline
smoke_01,01.Candidate was found using a mobile phone in the examination hall..mkv,b842b03e5784d867e93770560d88150a526250df69077cd3065edbbd4c842098,dfine_sahi,58620.0,bag,0.252,790.26,518.53,912.86,621.72,12651.9,122.6,103.19,1.188,False,,True,unattributed,5,evt_01-P03_upper_body_0018,a37c948dd6043680,pose_hand_context,,53122.5,2.66,,1,01/e1/v1,rtmpose_baseline
smoke_01,01.Candidate was found using a mobile phone in the examination hall..mkv,b842b03e5784d867e93770560d88150a526250df69077cd3065edbbd4c842098,dfine_sahi,58620.0,unknown_object,0.6418,657.01,406.66,694.58,492.28,3216.9,37.57,85.62,0.439,False,,True,unattributed,2,evt_01-P03_upper_body_0018,c29d9321ecbb033a,pose_hand_context,,2304.0,13.33,,1,01/e1/v1,rtmpose_baseline
smoke_01,01.Candidate was found using a mobile phone in the examination hall..mkv,b842b03e5784d867e93770560d88150a526250df69077cd3065edbbd4c842098,dfine_sahi,58620.0,unknown_object,0.414,657.13,406.43,744.38,492.22,7485.8,87.25,85.79,1.017,False,,True,unattributed,2,evt_01-P03_upper_body_0018,c29d9321ecbb033a,pose_hand_context,,2304.0,13.33,,1,01/e1/v1,rtmpose_baseline
smoke_01,01.Candidate was found using a mobile phone in the examination hall..mkv,b842b03e5784d867e93770560d88150a526250df69077cd3065edbbd4c842098,dfine_sahi,58620.0,unknown_object,0.3979,701.28,419.66,727.27,450.31,796.8,26.0,30.65,0.848,False,,True,unattributed,2,evt_01-P03_upper_body_0018,c29d9321ecbb033a,pose_hand_context,,2304.0,13.33,,1,01/e1/v1,rtmpose_baseline
smoke_01,01.Candidate was found using a mobile phone in the examination hall..mkv,b842b03e5784d867e93770560d88150a526250df69077cd3065edbbd4c842098,dfine_sahi,58620.0,unknown_object,0.274,660.57,397.06,735.12,450.11,3955.4,74.56,53.05,1.405,False,,True,unattributed,2,evt_01-P03_upper_body_0018,c29d9321ecbb033a,pose_hand_context,,2304.0,13.33,,1,01/e1/v1,rtmpose_baseline
smoke_01,01.Candidate was found using a mobile phone in the examination hall..mkv,b842b03e5784d867e93770560d88150a526250df69077cd3065edbbd4c842098,dfine_sahi,58620.0,unknown_object,0.2717,727.8,397.18,753.0,446.89,1252.8,25.2,49.71,0.507,False,,True,unattributed,2,evt_01-P03_upper_body_0018,c29d9321ecbb033a,pose_hand_context,,2304.0,13.33,,1,01/e1/v1,rtmpose_baseline
